Rainfall_AnomalyWeatherLogistics.asc
NCOLS 192
NROWS 249
XLLCENTER -225160.85627316462
YLLCENTER 29788.11610251502
CELLSIZE 5000.0
NODATA_VALUE -9999
[rows 198 to 230 of 249, columns 74 to 147 of 192]
-9999 -9999 -9999 -9999 -9999 -9999 -9999 -9999 -9999 -9999 -9999 -9999 -9999 -9999 -9999 -9999 -9999 -9999 116.794 100.538 101.832 92.613 93.995 83.053 87.702 80.357 89.599 79.172 82.859 83.197 82.288 91.545 86.455 90.122 93.878 79.531 85.761 98.094 101.513 110.196 116.71 105.928 121.339 109.446 110.805 109.517 105.827 112.78 113.466 107.594 115.077 117.628 115.782 119.401 117.773 111.324 108.975 105.344 106.893 109.386 111.457 112.247 107.725 101.371 98.183 96.138 100.904 101.984 97.543 102.239 105.223 110.179 107.628 106.147
-9999 -9999 -9999 -9999 -9999 -9999 -9999 -9999 -9999 -9999 -9999 -9999 -9999 -9999 -9999 122.271 108.847 115.539 108.692 106.116 100.135 100.548 91.905 97.112 85.453 91.021 85.896 88.164 90.082 89.38 95.669 93.312 89.766 93.951 84.507 87.791 94.818 102.27 105.448 114.182 104.984 114.091 106.979 109.535 108.342 107.527 112.543 114.713 108.414 108.967 114.949 111.7 104.76 107.561 111.562 115.455 110.4 113.311 106.266 106.815 109.714 108.803 111.327 103.94 99.164 98.546 96.404 99.276 99.519 103.568 112.875 109.848 109.542 105.773
-9999 -9999 -9999 -9999 -9999 -9999 -9999 -9999 -9999 -9999 -9999 -9999 -9999 106.865 109.812 110.722 109.986 106.852 106.445 104.918 103.144 103.825 100.607 80.496 92.92 90.389 86.666 96.669 94.54 90.411 89.49 93.671 79.863 83.035 93.071 104.587 112.126 81.932 94.654 109.239 113.44 114.796 109.485 111.666 117.051 114.079 114.408 117.501 106.213 112.432 117.284 104.087 99.387 101.687 105.553 106.496 109.994 107.868 109.967 100.852 104.942 105.892 106.428 99.806 100.12 98.243 96.354 102.007 100.204 103.729 107.789 112.56 108.021 109.19
-9999 -9999 -9999 -9999 -9999 -9999 -9999 -9999 -9999 88.085 112.831 110.524 108.217 102.468 105.178 107.401 102.817 105.559 110.963 107.898 104.033 105.189 90.842 95.485 92.839 87.242 91.75 91.12 89.528 86.759 93.37 86.782 83.976 89.806 98.603 110.935 86.938 92.941 102.925 106.678 111.889 106.983 112.709 114.596 113.302 116.294 118.143 112.113 112.676 115.215 107.553 104.699 105.39 103.388 104.163 101.743 100.329 108.496 107.169 104.472 101.435 99.623 99.459 103.62 98.725 100.851 96.957 98.248 101.344 104.64 109.145 99.428 105.648 105.103
-9999 -9999 -9999 -9999 -9999 -9999 -9999 -9999 121.039 95.908 111.868 95.344 108.57 89.128 99.142 96.28 99.529 100.523 108.908 102.961 106.808 101.471 100.143 98.77 88.292 95.563 92.905 96.184 94.487 88.77 91.183 89.494 83.957 96.191 91.756 80.29 84.912 91.495 95.437 111.965 97.878 101.399 100.643 108.107 114.202 119.6 116.278 112.332 117.346 115.876 108.279 94.063 105.661 102.536 103.243 100.601 97.735 93.018 100.719 95.07 96.341 103.713 99.658 100.38 104.382 103.838 99.233 97.131 98.605 100.695 107.87 115.308 106.437 106.836
-9999 -9999 -9999 -9999 -9999 -9999 -9999 134.045 105.015 110.372 106.235 112.799 99.774 102.718 93.882 96.594 93.779 100.866 95.59 98.974 97.455 94.817 98.577 93.79 99.228 99.682 95.767 93.4 88.096 91.27 95.065 91.032 97.646 97.438 91.682 86.986 95.137 94.327 109.262 100.877 100.213 101.388 106.531 110.998 110.702 109.543 107.31 113.723 110.599 116.119 102.555 109.107 110.596 101.972 101.306 98.978 93.764 94.852 90.701 95.87 93.803 96.226 100.687 95.686 99.621 103.099 100.466 101.107 102.751 105.427 107.756 109.848 106.917 103.36
-9999 -9999 -9999 -9999 -9999 133.339 -9999 124.067 119.41 117.278 116.369 121.388 115.727 117.036 99.85 102.694 98.616 104.924 105.038 94.879 101.089 110.017 103.383 104.532 101.746 91.703 100.766 76.587 79.809 85.756 86.807 81.161 86.781 82.94 87.968 96.732 91.064 110.831 102.418 97.532 96.76 100.328 108.879 109.171 104.767 100.986 101.905 112.086 111.575 106.393 107.136 99.456 107.069 102.153 100.972 103.82 97.489 101.554 96.944 98.782 98.466 102.388 100.248 100.296 102.175 102.61 100.453 104.426 105.726 107.438 105.592 98.815 101.834 95.345
-9999 -9999 -9999 -9999 -9999 -9999 -9999 -9999 -9999 115.443 115.355 109.408 114.065 104.217 104.886 100.967 106.746 110.202 102.719 102.898 110.281 102.791 101.602 101.666 95.087 101.371 88.423 85.528 82.089 84.141 80.551 84.534 87.07 93.555 96.076 92.775 113.309 103.664 94.747 98.54 103.352 107.238 109.509 106.912 103.517 100.97 107.499 111.791 110.261 117.087 127.68 105.727 99.598 98.249 100.567 103.036 101.028 91.98 98.568 96.78 100.459 100.181 103.407 107.982 109.229 105.109 98.81 104.194 106.249 106.045 105.019 98.041 95.819 104.208
-9999 -9999 -9999 -9999 -9999 -9999 -9999 -9999 -9999 117.291 110.365 110.56 112.038 102.924 103.562 99.281 103.727 108.429 105.22 113.732 110.343 104.008 107.689 103.373 103.994 104.55 105.336 98.812 92.733 100.443 89.41 91.618 94.788 92.283 87.6 106.444 102.708 80.77 87.902 100.989 117.047 97.315 107.939 100.217 103.065 99.434 100.668 113.249 124.069 104.892 111.711 112.429 102.831 97.947 99.206 99.346 99.98 102.731 95.629 99.131 97.146 100.999 100.864 105.028 108.895 106.21 100.395 104.294 106.745 99.747 101.232 101.616 98.847 99.89
-9999 -9999 -9999 -9999 -9999 -9999 -9999 136.506 132.294 120.797 111.85 -9999 105.398 110.14 106.64 109.615 114.466 115.141 -9999 116.623 102.709 104.757 101.355 102.413 102.566 101.239 97.808 91.545 98.142 93.139 89.267 90.473 94.095 90.003 93.829 99.112 91.439 93.683 90.319 105.174 97.484 104.899 103.306 106.836 101.319 103.003 104.278 117.435 97.616 104.092 106.711 106.805 99.361 95.465 94.501 95.34 96.579 99.569 101.531 106.368 106.574 102.565 103.438 102.098 103.813 108.207 106.138 107.49 107.622 104.136 100.283 98.196 99.788 99.088
-9999 -9999 -9999 -9999 -9999 -9999 -9999 135.597 -9999 -9999 -9999 108.467 109.491 118.707 -9999 -9999 -9999 -9999 -9999 121.472 110.737 103.776 107.034 109.453 106.438 106.531 101.556 108.786 107.723 75.183 79.261 79.674 85.623 90.388 89.517 89.121 97.178 108.844 92.129 101.388 107.296 94.811 111.406 106.407 106.825 113.692 105.951 102.532 98.756 101.956 100.809 104.486 100.834 96.609 96.599 102.899 100.344 103.177 101.024 106.206 109.147 107.949 106.147 101.353 102.98 101.215 105.559 98.563 102.18 98.039 99.423 98.918 98.751 104.057
-9999 -9999 -9999 -9999 -9999 -9999 -9999 -9999 -9999 127.505 120.361 120.377 128.452 128.313 -9999 -9999 -9999 -9999 -9999 -9999 -9999 -9999 105.046 102.88 104.163 100.647 100.529 102.379 83.938 86.183 83.532 86.059 90.549 91.608 92.269 94.649 103.773 95.284 97.657 102.196 89.498 99.958 104.473 103.536 109.361 108.989 101.872 99.748 107.53 103.01 95.763 98.495 102.023 99.192 98.497 100.157 104.498 100.497 103.976 105.023 109.859 108.82 109.247 110.023 107.807 111.408 103.488 107.056 100.581 100.997 101.192 101.034 102.556 107.467
-9999 -9999 -9999 -9999 -9999 -9999 -9999 -9999 -9999 -9999 123.964 -9999 -9999 -9999 -9999 -9999 -9999 -9999 -9999 -9999 123.874 112.355 104.691 104.636 104.129 105.911 103.979 103.41 104.819 93.079 90.302 96.739 91.002 95.437 93.553 97.803 98.503 106.713 92.096 101.474 94.232 98.677 95.507 -9999 109.387 109.646 114.964 99.695 105.711 101.171 95.551 101.143 97.761 101.177 96.778 100.006 101.196 108.659 102.614 104.529 109.673 107.421 108.452 109.684 112.361 100.056 101.99 95.431 102.033 106.586 105.565 109.326 108.728 108.97
-9999 -9999 -9999 -9999 -9999 -9999 -9999 -9999 -9999 -9999 -9999 -9999 -9999 -9999 -9999 -9999 -9999 -9999 -9999 -9999 130.182 120.638 118.237 115.461 -9999 -9999 -9999 119.236 97.177 90.431 90.969 88.396 92.695 90.567 97.77 98.076 101.79 93.384 99.276 93.869 99.811 104.236 -9999 106.959 107.187 112.802 100.909 102.546 103.808 97.639 93.887 100.894 107.602 102.722 101.088 95.727 101.454 113.616 113.22 98.795 101.416 108.27 107.812 111.729 112.158 118.805 106.702 102.361 104.287 103.787 105.83 111.173 116.009 112.367
-9999 -9999 -9999 -9999 -9999 -9999 -9999 -9999 -9999 -9999 -9999 -9999 -9999 -9999 -9999 -9999 -9999 -9999 -9999 -9999 -9999 -9999 -9999 -9999 -9999 -9999 -9999 127.313 115.982 109.518 98.973 108.658 97.897 106.438 99.957 101.318 94.228 103.895 90.401 90.762 -9999 -9999 105.557 108.354 108.919 105.665 107.992 100.358 101.784 97.771 96.397 109.516 104.666 102.202 101.275 96.221 98.796 95.646 105.753 96.67 97.541 99.972 104.701 107.666 113.052 102.68 108.104 111.551 110.151 118.723 111.797 108.176 113.591 114.446
-9999 -9999 -9999 -9999 -9999 -9999 -9999 -9999 -9999 -9999 -9999 -9999 -9999 -9999 -9999 -9999 -9999 -9999 -9999 -9999 -9999 -9999 -9999 -9999 -9999 -9999 -9999 124.561 125.931 112.375 110.221 101.111 105.29 100.185 104.684 99.733 116.131 -9999 -9999 -9999 -9999 -9999 107.592 109.505 103.725 107.417 106.344 103.475 106.102 100.053 98.704 109.574 112.318 103.716 104.65 99.529 95.466 96.032 89.696 99.489 100.94 107.942 103.345 107.508 105.95 100.595 98.479 105.555 113.128 116.454 121.719 114.098 111.752 116.725
-9999 -9999 -9999 -9999 -9999 -9999 -9999 -9999 -9999 -9999 -9999 -9999 -9999 -9999 -9999 -9999 -9999 -9999 -9999 -9999 -9999 -9999 -9999 -9999 -9999 -9999 -9999 -9999 -9999 117.446 108.236 107.883 103.271 106.48 101.881 116.016 -9999 -9999 -9999 -9999 121.195 108.292 103.544 102.408 98.528 109.248 110.041 104.751 102.397 103.922 103.146 101.266 105.593 101.944 102.438 104.461 99.209 97.633 94.133 101.975 102.013 101.447 102.904 102.416 104.905 111.048 106.467 110.05 114.396 112.307 113.223 110.92 111.228 111.372
-9999 -9999 -9999 -9999 -9999 -9999 -9999 -9999 -9999 -9999 -9999 -9999 -9999 -9999 -9999 -9999 -9999 -9999 -9999 -9999 -9999 -9999 -9999 -9999 -9999 -9999 -9999 -9999 -9999 -9999 113.964 113.076 118.827 119.618 116.181 -9999 -9999 -9999 -9999 118.377 113.107 107.969 106.084 101.869 106.393 109.861 106.16 103.97 106.941 109.182 105.795 103.708 105.225 106.044 101.785 98.065 96.138 99.327 98.901 98.189 102.125 99.805 96.363 100.268 104.349 104.411 111.836 113.498 113.645 110.201 107.759 113.798 116.038 115.066
-9999 -9999 -9999 -9999 -9999 -9999 -9999 -9999 -9999 -9999 -9999 -9999 -9999 -9999 -9999 -9999 -9999 -9999 -9999 -9999 -9999 -9999 -9999 -9999 -9999 -9999 -9999 -9999 -9999 -9999 -9999 -9999 -9999 -9999 -9999 -9999 -9999 -9999 123.767 118.049 115.907 108.87 104.633 104.406 104.511 102.711 104.173 102.363 104.71 115.555 103.78 116.237 110.405 110.661 107.002 98.13 93.347 94.905 99.332 90.818 91.232 91.029 93.635 102.807 106.222 106.54 105.594 106.846 111.524 112.224 109.722 114.841 116.152 117.184
-9999 -9999 -9999 -9999 -9999 -9999 -9999 -9999 -9999 -9999 -9999 -9999 -9999 -9999 -9999 -9999 -9999 -9999 -9999 -9999 -9999 -9999 -9999 -9999 -9999 -9999 -9999 -9999 -9999 -9999 -9999 -9999 -9999 -9999 -9999 -9999 -9999 120.016 118.972 114.396 110.162 106.808 104.334 103.51 99.051 99.054 99.715 101.832 113.969 107.25 112.261 113.218 107.541 107.607 105.98 102.493 97.914 100.24 102.665 96.06 91.026 90.88 88.523 94.425 100.499 102.427 104.349 104.451 105.922 107.096 110.419 111.582 114.845 115.526
-9999 -9999 -9999 -9999 -9999 -9999 -9999 -9999 -9999 -9999 -9999 -9999 -9999 -9999 -9999 -9999 -9999 -9999 -9999 -9999 -9999 -9999 -9999 -9999 -9999 -9999 -9999 -9999 -9999 -9999 -9999 -9999 -9999 -9999 -9999 -9999 -9999 118.847 124.432 129.877 126.862 126.563 111.59 91.347 91.907 89.106 93.587 101.284 101.716 102.676 102.104 95.562 98.036 102.54 104.473 104.182 104.451 96.954 102.196 106.178 99.891 103.024 95.892 91.782 93.423 94.943 99.067 98.817 106.697 106.915 106.735 115.151 114.623 101.491
-9999 -9999 -9999 -9999 -9999 -9999 -9999 -9999 -9999 -9999 -9999 -9999 -9999 -9999 -9999 -9999 -9999 -9999 -9999 -9999 -9999 -9999 -9999 -9999 118.906 96.454 86.719 90.987 -9999 93.319 -9999 -9999 -9999 -9999 -9999 -9999 -9999 -9999 124.398 122.926 128.548 121.412 108.024 102.376 95.104 95.815 97.454 100.175 101.884 100.438 97.0 103.084 99.843 97.823 100.505 98.742 102.243 96.355 95.57 95.172 97.949 99.335 101.691 96.559 94.332 98.335 97.116 96.984 97.557 104.512 103.61 107.053 108.029 106.158
-9999 -9999 -9999 -9999 -9999 -9999 -9999 -9999 -9999 -9999 -9999 -9999 -9999 -9999 -9999 -9999 -9999 -9999 -9999 -9999 -9999 112.078 99.162 116.567 123.368 87.392 80.081 86.096 91.002 88.175 91.693 98.197 -9999 -9999 128.387 123.302 121.515 132.116 120.973 123.511 125.778 119.641 117.161 116.565 106.072 102.698 94.01 101.583 95.727 98.522 103.373 99.164 101.263 97.539 96.949 102.978 102.309 99.622 98.17 103.113 98.006 95.681 97.811 101.907 99.308 93.792 96.548 96.445 96.023 101.861 103.986 99.667 98.769 92.058
-9999 -9999 -9999 -9999 -9999 -9999 -9999 -9999 -9999 -9999 -9999 -9999 -9999 -9999 -9999 -9999 -9999 -9999 -9999 -9999 112.791 111.303 98.309 117.115 100.021 94.112 87.539 93.291 97.217 97.448 95.73 100.188 106.751 114.183 110.869 104.666 114.625 110.859 114.579 118.813 114.23 113.656 120.791 112.658 114.144 104.537 103.748 98.972 99.544 99.599 103.54 101.129 93.474 95.61 94.292 101.766 103.78 97.198 96.724 97.88 100.199 98.765 97.185 97.226 98.067 96.709 94.225 102.468 99.929 98.79 101.017 102.615 98.807 96.089
-9999 -9999 -9999 -9999 -9999 -9999 -9999 -9999 -9999 -9999 -9999 -9999 -9999 -9999 -9999 -9999 -9999 -9999 -9999 -9999 112.096 104.921 110.174 117.164 113.891 106.697 102.629 105.961 102.374 105.219 97.498 96.253 98.196 98.165 96.557 105.995 97.933 105.923 117.283 116.389 120.996 123.36 125.102 127.717 124.916 122.843 112.577 110.582 104.213 100.884 106.247 101.817 93.302 91.639 93.652 95.618 100.391 98.665 95.704 95.447 97.213 106.069 103.495 98.745 100.554 95.33 98.554 97.946 103.411 97.133 97.47 102.897 101.843 101.589
-9999 -9999 -9999 -9999 -9999 -9999 -9999 -9999 -9999 -9999 -9999 -9999 -9999 -9999 -9999 -9999 -9999 -9999 -9999 -9999 108.479 103.632 109.237 108.201 107.682 105.37 105.359 99.801 104.321 98.645 97.374 95.869 95.173 96.874 106.534 104.298 105.896 115.355 114.71 121.075 121.147 119.494 117.001 117.109 117.835 111.34 108.965 107.591 103.735 105.695 116.234 102.557 98.844 100.037 99.095 103.495 100.874 107.275 104.125 101.813 101.122 98.839 104.622 106.47 104.952 94.807 91.38 99.837 97.356 101.181 96.896 98.897 103.094 100.646
-9999 -9999 -9999 -9999 -9999 -9999 -9999 -9999 -9999 -9999 -9999 -9999 -9999 -9999 -9999 -9999 107.216 93.378 -9999 114.08 100.665 89.036 96.354 102.407 111.681 113.07 110.825 104.893 105.918 102.965 96.514 97.546 97.041 110.517 100.44 105.919 112.324 107.563 105.922 117.059 121.343 111.914 111.081 113.88 119.26 110.353 113.884 109.604 104.127 105.212 110.829 101.945 99.153 100.068 98.981 105.754 104.064 97.825 105.843 101.502 103.41 104.783 100.765 104.636 107.402 106.147 97.349 98.296 100.229 92.155 97.91 101.204 102.049 106.522
-9999 -9999 -9999 -9999 -9999 -9999 -9999 -9999 -9999 -9999 -9999 -9999 -9999 -9999 -9999 -9999 98.963 108.666 107.106 103.818 93.976 97.901 97.395 103.152 104.417 104.212 98.807 100.484 103.944 96.483 100.672 97.479 100.867 96.503 104.024 104.222 97.59 96.584 109.505 118.21 109.713 108.023 107.904 113.111 105.154 107.905 113.806 113.855 104.284 108.67 108.309 104.673 104.459 101.499 98.323 100.195 104.16 96.045 94.671 104.58 103.199 103.507 103.203 107.896 105.847 101.54 104.095 94.537 96.684 97.507 94.835 96.387 97.254 100.427
-9999 -9999 -9999 -9999 -9999 -9999 -9999 -9999 -9999 -9999 -9999 -9999 -9999 -9999 -9999 119.63 112.79 109.708 107.174 96.472 97.403 96.1 93.468 94.601 99.405 101.62 100.151 103.849 106.346 107.259 102.718 105.589 96.37 102.039 104.233 98.896 89.662 92.39 101.344 100.641 106.198 107.19 106.483 101.555 98.383 103.578 118.23 115.327 113.533 100.105 110.117 110.184 110.261 100.741 100.185 107.03 104.441 97.94 98.614 102.69 102.253 113.162 107.619 103.218 106.079 106.151 105.689 107.109 100.677 104.006 99.782 104.406 97.521 91.658
-9999 -9999 -9999 -9999 -9999 -9999 -9999 -9999 -9999 -9999 -9999 -9999 -9999 -9999 -9999 -9999 105.829 101.777 99.535 97.747 96.679 94.156 92.62 98.281 102.794 101.573 99.991 102.322 106.825 102.069 109.293 101.542 97.333 98.835 103.518 97.819 101.429 106.266 107.711 112.803 112.171 112.643 108.979 108.895 100.694 109.137 111.001 112.748 99.782 105.442 102.663 105.628 104.969 103.051 99.734 105.287 105.434 100.406 96.424 89.083 -9999 97.054 107.743 97.361 101.963 108.825 109.222 104.36 104.582 102.9 101.372 106.007 107.035 97.346
-9999 -9999 -9999 -9999 -9999 -9999 -9999 -9999 -9999 -9999 -9999 -9999 -9999 -9999 -9999 108.167 110.602 104.725 101.643 97.746 95.028 94.032 89.392 96.894 105.163 101.794 99.794 107.684 107.175 109.022 108.313 112.567 98.047 102.072 109.836 106.23 108.557 119.305 123.548 106.788 107.893 105.871 107.185 108.59 103.019 93.921 105.097 100.779 98.668 100.421 102.881 100.914 101.45 101.36 101.94 101.28 104.112 101.986 99.079 113.69 95.0 -9999 106.275 -9999 108.37 -9999 108.182 -9999 106.205 105.21 101.52 109.355 111.766 111.261
-9999 -9999 -9999 -9999 -9999 -9999 -9999 -9999 -9999 -9999 -9999 -9999 -9999 -9999 -9999 115.155 105.138 102.725 101.637 97.802 97.825 94.984 92.403 96.129 95.759 93.018 90.584 92.244 101.002 100.603 107.81 103.205 103.489 107.584 106.591 106.294 107.563 113.516 103.05 103.175 109.148 108.905 110.277 111.448 104.652 107.435 103.948 105.349 111.358 108.021 100.994 100.689 100.064 102.609 102.426 100.021 100.854 109.601 111.976 108.427 113.511 -9999 -9999 119.189 127.53 -9999 -9999 120.983 123.109 125.482 -9999 -9999 -9999 -9999
-9999 -9999 -9999 -9999 -9999 -9999 -9999 -9999 -9999 -9999 -9999 -9999 -9999 -9999 112.164 101.511 97.906 98.865 103.536 104.49 104.121 97.923 94.184 80.325 83.083 79.805 80.442 93.017 94.619 94.528 99.039 108.801 106.994 108.391 109.689 109.393 99.3 109.068 100.275 122.419 116.973 121.764 113.074 108.641 119.482 112.264 106.646 115.877 113.048 110.563 105.476 104.01 102.33 101.967 104.231 113.292 107.517 114.373 -9999 -9999 -9999 117.556 -9999 -9999 -9999 -9999 -9999 -9999 131.682 -9999 -9999 -9999 -9999 -9999
