Rainfall_AnomalyWeatherLogistics.asc
NCOLS 192
NROWS 249
XLLCENTER -225160.85627316462
YLLCENTER 29788.11610251502
CELLSIZE 5000.0
NODATA_VALUE -9999
[rows 66 to 98 of 249, columns 74 to 147 of 192]
-9999 -9999 -9999 -9999 -9999 -9999 -9999 -9999 -9999 -9999 -9999 149.458 -9999 141.809 142.525 128.026 143.416 140.104 135.204 131.995 126.395 127.048 132.472 125.144 121.437 140.934 141.896 131.311 129.593 123.845 134.54 147.235 -9999 -9999 -9999 -9999 -9999 -9999 -9999 -9999 -9999 -9999 -9999 -9999 -9999 -9999 -9999 -9999 -9999 -9999 -9999 -9999 -9999 -9999 -9999 -9999 -9999 -9999 -9999 -9999 -9999 -9999 -9999 -9999 -9999 -9999 -9999 -9999 -9999 -9999 -9999 -9999 -9999 -9999
-9999 -9999 -9999 -9999 -9999 -9999 -9999 -9999 -9999 -9999 -9999 -9999 143.109 137.471 124.446 133.26 140.355 131.724 128.494 120.233 119.199 123.93 124.14 123.103 126.832 129.821 125.658 124.263 118.537 125.847 -9999 -9999 -9999 -9999 -9999 -9999 -9999 -9999 -9999 -9999 -9999 -9999 -9999 -9999 -9999 -9999 -9999 -9999 -9999 -9999 -9999 -9999 -9999 -9999 -9999 -9999 -9999 -9999 -9999 -9999 -9999 -9999 -9999 -9999 -9999 -9999 -9999 -9999 -9999 -9999 -9999 -9999 -9999 -9999
-9999 -9999 -9999 -9999 -9999 -9999 -9999 -9999 -9999 -9999 -9999 -9999 144.162 123.096 124.201 145.705 147.388 132.791 132.044 131.428 120.511 131.569 121.58 133.925 123.453 122.779 139.057 133.374 132.721 151.361 -9999 -9999 -9999 -9999 -9999 -9999 -9999 -9999 -9999 -9999 -9999 -9999 -9999 -9999 -9999 -9999 -9999 -9999 -9999 -9999 -9999 -9999 -9999 -9999 -9999 -9999 -9999 -9999 -9999 -9999 -9999 -9999 -9999 -9999 -9999 -9999 -9999 -9999 -9999 -9999 -9999 -9999 -9999 -9999
-9999 -9999 -9999 -9999 -9999 -9999 -9999 -9999 -9999 -9999 -9999 -9999 -9999 -9999 136.014 137.471 133.404 130.72 131.522 118.35 127.078 119.064 121.713 122.73 119.306 128.773 134.639 137.986 -9999 -9999 -9999 -9999 -9999 -9999 -9999 -9999 -9999 -9999 -9999 -9999 -9999 -9999 -9999 -9999 -9999 -9999 -9999 -9999 -9999 -9999 -9999 -9999 -9999 -9999 -9999 -9999 -9999 -9999 -9999 -9999 -9999 -9999 -9999 -9999 -9999 -9999 -9999 -9999 -9999 -9999 -9999 -9999 -9999 -9999
-9999 -9999 -9999 -9999 -9999 -9999 -9999 -9999 145.174 -9999 -9999 151.961 142.974 132.885 146.12 121.537 126.975 123.477 118.169 114.723 119.13 123.498 123.215 124.13 136.046 125.247 127.632 129.265 -9999 -9999 -9999 -9999 -9999 -9999 -9999 -9999 -9999 -9999 -9999 -9999 -9999 -9999 -9999 -9999 -9999 -9999 -9999 -9999 -9999 -9999 -9999 -9999 -9999 -9999 -9999 -9999 -9999 -9999 -9999 -9999 -9999 -9999 -9999 -9999 -9999 -9999 -9999 -9999 -9999 -9999 -9999 -9999 -9999 -9999
-9999 -9999 -9999 -9999 -9999 -9999 149.709 148.64 139.095 148.069 143.791 144.69 129.205 140.669 125.033 128.485 124.755 121.847 123.732 122.521 125.276 124.774 122.045 132.954 124.851 123.067 125.228 142.799 -9999 -9999 -9999 -9999 -9999 -9999 -9999 -9999 -9999 -9999 -9999 -9999 -9999 -9999 -9999 -9999 -9999 -9999 -9999 -9999 -9999 -9999 -9999 -9999 -9999 -9999 -9999 -9999 -9999 -9999 -9999 -9999 -9999 -9999 -9999 -9999 -9999 -9999 -9999 -9999 -9999 -9999 -9999 -9999 -9999 -9999
-9999 -9999 -9999 -9999 -9999 -9999 148.388 140.908 -9999 137.643 138.709 129.32 146.459 118.485 118.804 117.938 122.194 114.875 112.386 117.37 114.681 104.697 108.092 109.87 100.016 115.006 122.905 -9999 142.153 -9999 -9999 -9999 -9999 -9999 -9999 -9999 -9999 -9999 -9999 -9999 -9999 -9999 -9999 -9999 -9999 -9999 -9999 -9999 -9999 -9999 -9999 -9999 -9999 -9999 -9999 -9999 -9999 -9999 -9999 -9999 -9999 -9999 -9999 -9999 -9999 -9999 -9999 -9999 -9999 -9999 -9999 -9999 -9999 -9999
-9999 -9999 -9999 -9999 -9999 -9999 -9999 135.756 141.633 144.584 129.14 140.885 123.936 122.798 118.354 126.568 125.65 118.57 109.994 115.764 112.813 109.042 117.13 110.403 106.207 115.028 112.334 132.336 140.761 -9999 -9999 -9999 -9999 -9999 -9999 -9999 -9999 -9999 -9999 -9999 -9999 -9999 -9999 -9999 -9999 -9999 -9999 -9999 -9999 -9999 -9999 -9999 -9999 -9999 -9999 -9999 -9999 -9999 -9999 -9999 -9999 -9999 -9999 -9999 -9999 -9999 -9999 -9999 -9999 -9999 -9999 -9999 -9999 -9999
162.624 -9999 -9999 -9999 -9999 -9999 -9999 -9999 147.548 143.99 148.897 113.826 119.963 111.131 113.703 109.477 110.266 116.454 118.38 127.978 116.43 119.494 118.141 110.969 113.157 120.873 128.139 139.667 130.594 -9999 -9999 -9999 -9999 -9999 -9999 -9999 -9999 -9999 -9999 -9999 -9999 -9999 -9999 -9999 -9999 -9999 -9999 -9999 -9999 -9999 -9999 -9999 -9999 -9999 -9999 -9999 -9999 -9999 -9999 -9999 -9999 -9999 -9999 -9999 -9999 -9999 -9999 -9999 -9999 -9999 -9999 -9999 -9999 -9999
141.297 -9999 -9999 -9999 -9999 -9999 131.805 141.427 137.551 144.191 119.979 122.878 113.399 113.1 111.651 109.954 116.073 113.769 118.565 119.823 119.163 107.926 109.663 120.803 129.914 134.716 -9999 129.297 -9999 -9999 -9999 -9999 -9999 -9999 163.714 155.149 148.928 -9999 -9999 -9999 -9999 -9999 -9999 -9999 -9999 -9999 -9999 -9999 -9999 -9999 -9999 -9999 -9999 -9999 -9999 -9999 -9999 -9999 -9999 -9999 -9999 -9999 -9999 -9999 -9999 -9999 -9999 -9999 -9999 -9999 -9999 -9999 -9999 -9999
129.373 140.886 -9999 -9999 -9999 -9999 -9999 134.469 147.205 126.782 126.155 112.673 122.028 122.168 121.622 110.61 110.482 123.235 123.137 120.349 115.567 122.86 115.492 132.028 122.955 120.648 123.08 -9999 -9999 -9999 -9999 150.036 146.152 163.732 169.363 153.132 147.466 156.87 166.214 163.413 151.484 132.509 136.644 149.192 149.304 146.385 142.563 137.713 137.234 137.419 137.239 143.233 146.335 -9999 -9999 -9999 -9999 -9999 -9999 -9999 -9999 -9999 -9999 -9999 -9999 -9999 -9999 -9999 -9999 -9999 -9999 -9999 -9999 -9999
131.641 142.748 -9999 -9999 -9999 127.826 -9999 120.272 128.991 129.052 119.412 120.96 118.998 121.48 116.605 112.988 116.213 116.994 117.801 114.962 119.232 106.912 118.731 117.33 115.163 118.719 -9999 -9999 -9999 -9999 151.423 146.29 160.485 170.014 162.709 161.808 158.42 169.285 169.864 168.12 157.433 153.762 156.775 158.221 148.527 150.853 147.466 145.853 150.082 148.248 142.428 142.409 144.638 -9999 -9999 -9999 -9999 -9999 -9999 -9999 -9999 -9999 -9999 -9999 -9999 -9999 -9999 -9999 -9999 -9999 -9999 -9999 -9999 -9999
145.405 141.615 -9999 -9999 -9999 123.305 114.836 114.371 124.351 110.51 130.454 117.048 113.525 109.699 111.801 114.38 114.044 121.251 105.349 105.94 97.871 113.328 117.304 108.811 113.949 -9999 -9999 140.411 136.238 141.809 147.668 142.773 155.875 167.668 165.892 143.429 154.668 158.054 169.635 174.14 168.488 180.457 164.975 141.677 155.067 151.001 152.945 149.32 161.405 149.135 139.082 139.94 141.028 139.729 -9999 -9999 -9999 -9999 -9999 -9999 -9999 -9999 -9999 -9999 -9999 -9999 -9999 -9999 -9999 -9999 -9999 -9999 -9999 -9999
129.801 131.187 -9999 128.28 -9999 126.302 118.537 125.797 119.391 130.682 115.831 113.712 113.792 112.366 115.319 111.804 118.533 109.298 112.204 104.699 107.293 113.816 116.46 117.875 126.902 -9999 143.387 127.918 150.892 158.034 152.027 159.002 164.835 166.235 150.235 151.106 148.174 158.624 161.884 156.226 163.228 158.213 144.343 149.636 148.5 150.612 139.946 145.414 146.325 142.127 141.347 135.993 140.684 146.356 -9999 -9999 -9999 -9999 -9999 -9999 -9999 -9999 -9999 -9999 -9999 -9999 -9999 -9999 -9999 -9999 -9999 -9999 -9999 -9999
128.708 -9999 136.507 -9999 -9999 -9999 164.197 100.843 129.428 124.674 132.268 132.347 118.674 119.587 110.807 114.119 104.789 103.125 106.519 110.181 104.144 125.216 121.076 96.462 118.445 137.194 130.878 123.532 134.574 135.554 144.732 140.601 161.311 139.265 144.425 170.964 156.236 172.012 179.485 155.35 156.543 140.876 129.696 149.952 159.033 128.294 125.315 137.746 148.118 147.035 134.139 138.503 138.788 143.499 -9999 -9999 -9999 -9999 -9999 -9999 -9999 -9999 -9999 -9999 -9999 -9999 -9999 -9999 -9999 -9999 -9999 -9999 -9999 -9999
130.311 138.64 -9999 -9999 -9999 -9999 108.175 120.563 116.422 -9999 128.492 116.399 116.364 110.604 111.317 107.341 108.096 107.282 105.898 101.273 109.686 117.491 106.722 116.158 122.444 129.198 119.331 125.989 125.395 134.797 131.345 151.505 137.78 130.364 153.052 152.109 164.401 173.022 156.926 158.63 153.773 138.532 141.908 156.572 133.881 131.507 133.339 142.863 143.806 143.057 143.792 140.856 146.472 144.572 -9999 -9999 -9999 -9999 -9999 -9999 -9999 -9999 -9999 -9999 -9999 -9999 -9999 -9999 -9999 -9999 -9999 -9999 -9999 -9999
128.653 115.057 -9999 -9999 -9999 126.067 -9999 -9999 116.87 126.887 122.409 105.744 102.553 101.457 100.041 102.977 98.033 99.031 105.69 116.358 106.795 108.507 108.197 149.623 122.917 125.54 114.183 124.183 145.089 123.483 125.802 133.42 146.861 160.796 147.267 139.361 153.8 150.537 155.824 162.05 139.082 144.688 153.093 128.903 142.358 147.524 145.524 132.259 144.59 153.019 153.771 152.958 152.056 -9999 -9999 -9999 -9999 -9999 -9999 -9999 -9999 -9999 -9999 -9999 -9999 -9999 -9999 -9999 -9999 -9999 -9999 -9999 -9999 -9999
117.649 122.86 123.005 128.593 -9999 -9999 -9999 106.159 124.536 -9999 113.618 110.248 107.32 101.99 101.016 96.708 101.943 111.599 113.401 105.811 109.353 101.009 123.983 109.996 120.468 113.672 111.695 127.837 114.652 112.212 122.997 133.129 154.865 148.895 138.966 154.451 149.814 140.211 149.023 141.584 143.37 158.616 144.549 151.091 156.278 151.301 136.665 142.151 143.393 144.877 142.738 146.959 -9999 -9999 -9999 -9999 -9999 -9999 -9999 -9999 -9999 -9999 -9999 -9999 -9999 -9999 -9999 -9999 -9999 -9999 -9999 -9999 -9999 -9999
142.442 125.05 108.769 128.871 -9999 126.592 106.696 108.818 118.013 101.208 107.487 104.922 105.836 91.116 97.39 114.096 99.594 96.575 94.551 91.103 98.119 103.118 101.986 106.396 107.963 99.784 113.205 109.899 109.053 150.92 132.196 134.101 136.316 130.974 173.509 183.559 169.211 155.728 128.226 123.769 125.013 145.167 138.044 147.783 150.405 115.429 138.443 151.731 138.664 129.793 139.557 148.315 -9999 -9999 -9999 -9999 -9999 -9999 -9999 -9999 -9999 -9999 -9999 -9999 -9999 -9999 -9999 -9999 -9999 -9999 -9999 -9999 -9999 -9999
134.98 114.223 114.532 127.549 124.718 118.693 112.855 -9999 115.197 114.043 110.313 111.846 105.369 101.044 108.404 97.465 98.385 100.643 98.188 103.873 106.48 109.042 105.264 106.685 101.232 108.917 111.409 102.377 129.348 121.996 123.667 133.14 137.724 153.642 161.827 155.685 157.303 134.608 121.588 121.719 135.81 143.069 148.675 162.745 137.168 146.597 151.868 145.404 136.37 141.667 146.288 -9999 -9999 -9999 -9999 -9999 -9999 -9999 -9999 -9999 -9999 -9999 -9999 -9999 -9999 -9999 -9999 -9999 -9999 -9999 -9999 -9999 -9999 -9999
124.57 -9999 -9999 -9999 122.814 114.919 -9999 131.6 122.806 101.121 110.482 114.895 104.617 100.66 95.883 90.124 97.162 119.728 106.972 92.556 103.808 107.726 104.259 91.19 96.986 92.293 93.427 110.38 107.092 125.604 140.489 116.174 150.039 116.412 129.852 127.602 146.81 142.313 129.288 142.029 143.951 131.229 135.316 155.045 149.052 143.639 142.348 143.234 142.149 138.862 148.71 -9999 -9999 -9999 -9999 -9999 -9999 -9999 -9999 -9999 -9999 -9999 -9999 -9999 -9999 -9999 -9999 -9999 -9999 -9999 -9999 -9999 -9999 -9999
-9999 -9999 -9999 122.485 106.956 -9999 128.142 132.221 -9999 113.231 119.895 109.911 107.831 101.312 94.442 93.73 101.678 100.154 97.016 105.386 106.647 108.297 99.241 99.505 92.33 90.164 95.995 104.95 117.921 139.945 115.46 139.671 106.472 119.002 126.325 138.233 144.709 137.657 143.706 147.621 140.766 136.546 151.835 148.763 146.23 150.384 148.728 146.773 134.836 137.161 144.259 -9999 -9999 -9999 -9999 -9999 -9999 -9999 -9999 -9999 -9999 -9999 -9999 -9999 -9999 -9999 -9999 -9999 -9999 -9999 -9999 -9999 -9999 -9999
-9999 -9999 -9999 128.43 -9999 -9999 128.768 123.104 116.553 121.079 116.835 102.923 108.99 115.858 97.895 109.38 102.287 120.081 99.112 91.497 97.809 94.167 101.269 92.603 91.433 97.71 104.324 140.585 139.249 105.055 138.902 88.083 96.352 109.195 117.243 111.792 126.532 138.467 145.681 147.763 166.743 164.643 146.584 161.264 173.842 119.259 129.436 138.082 142.469 145.532 141.039 -9999 -9999 -9999 -9999 -9999 -9999 -9999 -9999 -9999 -9999 -9999 -9999 -9999 -9999 -9999 -9999 -9999 -9999 -9999 -9999 -9999 -9999 -9999
-9999 -9999 -9999 -9999 -9999 -9999 -9999 112.248 123.558 124.636 107.49 103.936 111.667 97.94 109.571 101.808 109.052 101.981 96.303 99.189 94.622 101.762 100.113 96.393 97.504 100.313 120.776 127.095 98.487 122.983 97.553 101.82 104.877 112.138 108.216 115.941 123.534 130.762 132.183 144.976 142.6 140.751 151.036 159.411 128.841 134.632 143.476 143.069 146.398 139.258 -9999 -9999 -9999 -9999 -9999 -9999 -9999 -9999 -9999 -9999 -9999 -9999 -9999 -9999 -9999 -9999 -9999 -9999 -9999 -9999 -9999 -9999 -9999 -9999
-9999 -9999 -9999 -9999 -9999 133.452 125.955 -9999 119.39 113.169 107.547 109.547 104.087 115.092 109.282 94.774 94.687 99.582 102.215 103.796 101.01 96.81 103.384 107.07 105.537 132.48 106.253 97.933 106.488 96.121 104.141 109.534 137.382 139.23 122.856 164.151 139.575 138.972 127.985 110.695 120.956 122.763 122.806 121.906 149.535 134.714 129.908 121.464 134.835 142.845 -9999 -9999 -9999 -9999 -9999 -9999 -9999 -9999 -9999 -9999 -9999 -9999 -9999 -9999 -9999 -9999 -9999 -9999 -9999 -9999 -9999 -9999 -9999 -9999
-9999 -9999 -9999 -9999 130.068 136.766 104.685 106.939 110.917 105.726 108.503 101.244 105.439 107.223 98.93 100.039 101.67 96.822 98.463 95.979 94.936 105.05 109.756 105.642 125.627 117.033 113.122 116.932 106.586 113.182 118.508 132.517 145.132 126.011 138.464 126.111 130.359 126.786 119.383 122.565 121.898 125.503 122.519 141.788 136.377 133.332 125.074 133.478 136.444 -9999 -9999 -9999 -9999 -9999 -9999 -9999 -9999 -9999 -9999 -9999 -9999 -9999 -9999 -9999 -9999 -9999 -9999 -9999 -9999 -9999 -9999 -9999 -9999 -9999
-9999 -9999 -9999 -9999 133.389 -9999 106.071 117.488 132.491 101.746 101.71 127.743 108.315 94.208 104.751 112.044 109.762 114.659 97.668 103.819 101.959 102.712 95.773 107.638 121.707 94.228 113.617 121.954 108.601 104.745 116.233 119.106 124.065 108.297 110.903 107.908 107.227 130.683 121.483 124.071 144.031 143.862 123.996 133.133 129.997 143.779 139.267 134.808 133.233 -9999 -9999 -9999 -9999 -9999 -9999 -9999 -9999 -9999 -9999 -9999 -9999 -9999 -9999 -9999 -9999 -9999 -9999 -9999 -9999 -9999 -9999 -9999 -9999 -9999
-9999 -9999 -9999 -9999 -9999 -9999 102.729 114.807 102.474 96.135 117.42 114.37 98.761 103.427 112.534 107.701 109.425 97.729 103.302 97.749 101.759 97.184 99.233 116.872 98.53 102.06 105.957 103.388 104.84 113.301 132.609 133.463 110.822 112.565 109.31 105.053 123.975 122.814 121.623 135.36 143.025 127.875 125.049 120.741 131.312 132.866 145.246 135.542 143.241 -9999 -9999 -9999 -9999 -9999 -9999 -9999 -9999 -9999 -9999 -9999 -9999 -9999 -9999 -9999 -9999 -9999 -9999 -9999 -9999 -9999 -9999 -9999 -9999 -9999
-9999 -9999 -9999 -9999 117.357 113.682 117.101 110.836 112.565 100.498 105.443 88.778 89.29 -9999 119.223 79.088 91.484 87.964 91.644 86.556 93.192 93.472 93.283 94.407 106.502 108.217 103.777 125.02 131.216 137.349 155.491 121.714 127.746 128.762 130.06 132.426 126.173 133.908 143.453 137.092 121.429 132.54 109.46 123.2 131.663 163.924 149.95 133.872 166.351 -9999 -9999 -9999 -9999 -9999 -9999 -9999 -9999 -9999 -9999 -9999 -9999 -9999 -9999 -9999 -9999 -9999 -9999 -9999 -9999 -9999 -9999 -9999 -9999 -9999
114.727 114.687 124.51 118.388 -9999 108.337 102.934 103.406 91.788 94.773 93.356 94.825 -9999 113.591 91.621 96.94 88.715 94.168 91.075 96.35 90.698 92.461 90.632 98.113 104.394 102.523 109.157 121.096 113.942 130.432 113.754 114.725 118.618 121.001 126.705 119.599 120.275 125.084 128.719 117.205 127.7 114.438 118.1 119.759 138.978 136.422 135.905 149.977 -9999 -9999 -9999 -9999 -9999 -9999 -9999 -9999 -9999 -9999 -9999 -9999 -9999 -9999 -9999 -9999 -9999 -9999 -9999 -9999 -9999 -9999 -9999 -9999 -9999 -9999
114.903 115.631 118.813 99.712 98.007 -9999 108.464 96.537 100.791 94.898 99.098 110.135 113.908 101.803 98.438 106.147 93.813 96.286 90.507 95.36 94.319 110.003 101.614 117.781 116.408 94.705 105.84 103.8 117.75 125.329 137.083 111.549 122.777 150.321 133.895 112.286 123.385 131.158 142.259 127.09 127.681 155.297 133.063 131.072 123.923 135.738 -9999 -9999 -9999 -9999 -9999 -9999 -9999 -9999 -9999 -9999 -9999 -9999 -9999 -9999 -9999 -9999 -9999 -9999 -9999 -9999 -9999 -9999 -9999 -9999 -9999 -9999 -9999 -9999
-9999 -9999 -9999 102.822 -9999 103.605 95.645 99.173 91.85 92.88 -9999 -9999 101.592 97.222 106.841 96.862 102.671 94.234 95.813 94.735 113.688 112.164 114.842 115.982 99.221 101.375 100.257 108.102 103.674 117.794 104.841 104.907 126.231 126.175 114.81 117.891 120.668 129.67 128.282 122.663 141.782 133.735 139.266 130.427 134.368 -9999 -9999 -9999 -9999 -9999 -9999 -9999 -9999 -9999 -9999 -9999 -9999 -9999 -9999 -9999 -9999 -9999 -9999 -9999 -9999 -9999 -9999 -9999 -9999 -9999 -9999 -9999 -9999 -9999
108.039 108.338 -9999 102.72 98.892 102.243 101.571 94.708 94.145 -9999 -9999 99.645 96.651 90.727 93.293 105.988 104.444 99.09 92.468 104.447 101.667 98.653 95.961 94.61 96.542 77.75 88.759 93.938 95.187 100.526 102.389 125.882 118.033 111.386 120.482 126.135 122.548 150.93 138.38 154.69 134.27 151.137 146.755 148.44 133.04 136.315 -9999 -9999 -9999 -9999 -9999 -9999 -9999 -9999 -9999 -9999 -9999 -9999 -9999 -9999 -9999 -9999 -9999 -9999 -9999 -9999 -9999 -9999 -9999 -9999 -9999 -9999 -9999 -9999
