Rainfall_AnomalyWeatherLogistics.asc
NCOLS 192
NROWS 249
XLLCENTER -225160.85627316462
YLLCENTER 29788.11610251502
CELLSIZE 5000.0
NODATA_VALUE -9999
[rows 165 to 197 of 249, columns 74 to 147 of 192]
-9999 -9999 -9999 -9999 -9999 -9999 -9999 -9999 -9999 -9999 -9999 -9999 -9999 -9999 -9999 -9999 -9999 -9999 -9999 -9999 -9999 -9999 -9999 -9999 -9999 -9999 -9999 -9999 -9999 -9999 -9999 -9999 -9999 -9999 -9999 -9999 -9999 -9999 116.937 112.392 111.334 98.971 99.954 98.666 86.638 89.619 84.908 86.811 87.258 88.161 88.746 79.089 74.924 73.504 78.269 81.148 92.048 95.507 99.445 99.728 100.849 99.155 101.472 102.404 100.571 101.261 100.234 110.762 107.62 102.872 97.513 93.882 92.944 93.464
-9999 -9999 -9999 -9999 -9999 -9999 -9999 -9999 -9999 -9999 -9999 -9999 -9999 -9999 -9999 -9999 -9999 -9999 -9999 -9999 -9999 -9999 -9999 -9999 -9999 -9999 -9999 -9999 -9999 -9999 -9999 -9999 -9999 -9999 -9999 -9999 -9999 -9999 113.761 112.412 110.964 107.146 105.134 95.964 98.112 91.975 88.798 99.212 95.186 104.357 95.596 84.471 76.868 71.913 73.84 86.069 88.764 88.763 93.009 93.717 97.519 106.149 104.804 100.09 97.76 101.485 106.005 99.672 104.816 101.649 99.378 104.708 93.902 91.005
-9999 -9999 -9999 -9999 -9999 -9999 -9999 -9999 -9999 -9999 -9999 -9999 -9999 -9999 -9999 -9999 -9999 -9999 -9999 -9999 -9999 -9999 -9999 -9999 -9999 -9999 -9999 -9999 -9999 -9999 -9999 -9999 -9999 -9999 -9999 -9999 -9999 114.387 114.491 114.196 113.788 114.457 104.933 103.486 97.026 92.817 95.484 92.213 98.454 97.209 99.14 91.508 83.62 77.62 70.146 72.064 84.941 98.694 99.96 97.334 92.505 98.611 105.01 102.649 102.218 103.135 101.178 102.473 98.053 99.744 99.374 100.368 104.569 101.925
-9999 -9999 -9999 -9999 -9999 -9999 -9999 -9999 -9999 -9999 -9999 -9999 -9999 -9999 -9999 -9999 -9999 -9999 -9999 -9999 -9999 -9999 -9999 -9999 -9999 -9999 -9999 -9999 -9999 -9999 -9999 -9999 -9999 -9999 -9999 -9999 -9999 115.823 115.401 114.013 117.535 115.876 104.316 106.101 103.008 108.507 97.958 97.858 95.716 102.658 97.891 97.712 87.758 73.151 75.448 75.991 75.619 82.317 91.781 99.976 94.967 93.098 98.372 107.368 106.116 102.31 100.32 103.36 101.059 99.392 99.55 98.278 99.369 100.095
-9999 -9999 -9999 -9999 -9999 -9999 -9999 -9999 -9999 -9999 -9999 -9999 -9999 -9999 -9999 -9999 -9999 -9999 -9999 -9999 -9999 -9999 -9999 -9999 -9999 -9999 -9999 -9999 -9999 -9999 -9999 -9999 -9999 -9999 -9999 -9999 -9999 -9999 114.568 116.054 117.747 109.229 110.924 105.71 111.15 105.861 100.837 99.924 101.846 101.398 101.973 97.446 94.997 80.406 74.541 75.206 74.859 76.885 81.052 88.579 96.237 93.601 95.088 98.262 106.037 100.61 96.474 101.11 101.312 95.619 98.253 103.238 101.845 101.501
-9999 -9999 -9999 -9999 -9999 -9999 -9999 -9999 -9999 -9999 -9999 -9999 -9999 -9999 -9999 -9999 -9999 -9999 143.73 129.892 -9999 -9999 -9999 -9999 -9999 -9999 -9999 -9999 -9999 -9999 -9999 -9999 -9999 -9999 -9999 -9999 -9999 117.115 123.487 121.091 114.925 109.245 106.388 111.475 108.636 112.428 107.234 104.486 100.787 102.078 97.989 92.777 94.528 82.545 81.43 81.045 77.171 87.399 85.577 97.585 97.024 94.193 94.741 103.948 103.491 105.507 98.561 98.135 99.749 104.6 100.669 102.457 104.976 107.724
-9999 -9999 -9999 -9999 -9999 -9999 -9999 -9999 -9999 -9999 -9999 -9999 -9999 -9999 -9999 -9999 -9999 -9999 114.111 105.026 101.937 -9999 -9999 -9999 -9999 -9999 -9999 -9999 -9999 -9999 -9999 -9999 -9999 -9999 -9999 -9999 121.812 122.978 121.338 116.277 109.327 106.852 110.664 107.262 111.982 108.982 107.334 100.518 102.075 101.076 98.852 100.805 95.099 76.338 76.012 79.433 82.932 79.204 84.368 92.921 103.637 96.825 95.197 99.023 103.879 106.275 103.701 98.674 97.732 98.535 99.999 98.832 98.801 109.832
-9999 -9999 -9999 -9999 -9999 -9999 -9999 -9999 -9999 -9999 -9999 -9999 -9999 -9999 -9999 -9999 -9999 124.181 119.344 99.629 97.828 100.201 -9999 -9999 -9999 -9999 -9999 -9999 -9999 -9999 -9999 -9999 -9999 110.339 -9999 -9999 121.862 113.189 114.888 115.996 111.329 -9999 105.589 113.08 108.284 99.887 97.26 105.431 100.082 107.281 114.892 100.447 105.939 84.057 78.733 89.411 86.547 91.592 85.674 87.058 94.233 100.686 101.411 101.335 101.5 95.004 95.789 100.802 101.782 102.09 98.596 93.416 97.445 97.101
-9999 -9999 -9999 -9999 -9999 -9999 -9999 -9999 -9999 -9999 -9999 -9999 -9999 -9999 -9999 -9999 -9999 136.694 108.539 105.127 103.844 105.054 108.151 113.258 -9999 -9999 -9999 93.036 101.322 -9999 106.286 108.919 108.077 107.937 108.597 -9999 -9999 112.744 112.694 -9999 -9999 103.299 109.192 107.992 102.814 101.323 105.115 103.165 103.362 116.633 109.257 84.775 94.772 76.492 77.138 77.323 83.974 82.082 89.793 93.313 92.421 89.12 97.199 96.02 98.785 106.141 99.154 98.707 100.235 105.421 104.114 98.396 96.87 101.69
-9999 -9999 -9999 -9999 -9999 -9999 -9999 -9999 -9999 -9999 -9999 -9999 -9999 -9999 -9999 -9999 -9999 -9999 114.534 111.626 105.518 103.674 101.091 -9999 -9999 82.11 73.406 87.799 90.333 92.278 97.374 102.63 104.441 117.369 112.374 98.021 -9999 112.088 114.088 110.758 104.921 105.338 104.857 99.845 104.119 103.654 102.959 110.099 109.295 114.045 110.954 84.469 81.939 76.411 72.494 95.345 90.405 86.492 88.434 89.33 92.792 98.509 95.917 101.435 98.592 99.249 103.443 104.27 98.951 95.398 102.288 100.057 97.41 99.866
-9999 -9999 -9999 -9999 -9999 -9999 -9999 -9999 -9999 -9999 -9999 -9999 -9999 -9999 -9999 -9999 -9999 -9999 126.514 121.934 110.7 105.487 97.958 99.204 85.893 78.958 86.93 90.096 88.257 91.024 93.907 95.127 106.677 110.16 100.778 100.363 105.95 111.242 111.918 107.024 108.558 108.456 110.335 112.796 103.039 100.924 104.818 105.076 100.816 107.854 101.371 86.757 80.655 83.47 80.256 83.461 92.704 85.421 87.859 92.591 90.399 89.85 95.596 89.669 95.351 98.602 98.796 103.163 101.138 103.858 102.985 100.907 99.438 96.817
-9999 -9999 -9999 -9999 -9999 -9999 -9999 -9999 -9999 -9999 -9999 -9999 -9999 -9999 -9999 -9999 -9999 -9999 -9999 121.347 110.114 100.13 102.167 80.066 84.931 74.849 76.083 80.502 76.982 81.423 81.558 89.038 90.166 99.932 111.173 90.354 101.554 110.07 102.833 105.589 105.049 111.937 118.672 102.377 104.487 113.994 101.063 104.829 105.285 106.698 105.112 94.771 85.913 91.966 88.454 82.4 84.015 89.282 91.394 91.532 91.917 92.011 91.831 95.185 93.282 97.126 101.779 100.339 99.824 108.125 109.961 103.599 101.953 102.33
-9999 -9999 -9999 -9999 -9999 -9999 -9999 -9999 -9999 -9999 -9999 -9999 -9999 -9999 -9999 -9999 -9999 -9999 -9999 -9999 -9999 102.165 86.228 88.598 76.445 73.903 76.797 79.606 82.498 78.777 86.322 85.507 88.148 102.454 95.111 95.932 103.121 100.852 100.038 102.303 102.84 107.518 104.872 104.575 113.175 102.861 105.431 107.801 103.857 103.542 92.863 95.121 90.633 85.006 91.424 83.305 83.758 84.321 87.165 98.109 97.432 94.753 96.122 93.152 93.637 95.848 96.857 104.826 101.935 104.361 106.65 97.208 98.943 99.195
-9999 -9999 -9999 -9999 -9999 -9999 -9999 -9999 -9999 -9999 -9999 -9999 -9999 -9999 -9999 -9999 -9999 -9999 -9999 -9999 106.439 87.206 99.768 78.469 73.448 75.403 73.036 82.287 82.884 82.185 89.244 89.014 83.281 98.096 97.278 85.194 97.616 97.521 95.332 98.128 99.888 100.319 105.942 107.083 103.936 100.404 111.29 106.451 102.284 94.249 99.363 100.257 93.408 92.083 90.521 94.591 90.584 86.301 85.359 90.216 97.758 101.862 97.692 103.164 96.993 100.6 99.43 104.317 106.375 103.156 102.679 103.019 103.616 101.913
-9999 -9999 -9999 -9999 -9999 -9999 -9999 -9999 -9999 -9999 -9999 -9999 -9999 -9999 -9999 -9999 -9999 -9999 -9999 120.732 93.096 101.637 83.959 77.988 76.371 70.119 84.904 87.019 73.834 76.432 78.966 76.814 88.895 94.219 84.199 89.753 93.829 95.486 95.958 100.145 102.048 103.755 105.368 105.615 101.47 107.104 103.533 101.912 95.997 100.538 100.721 101.728 101.503 83.515 90.782 89.054 94.065 89.472 87.816 93.782 93.726 93.765 96.785 94.994 100.726 95.587 101.203 103.347 104.201 108.908 104.976 103.086 105.57 105.965
-9999 -9999 -9999 -9999 -9999 -9999 -9999 -9999 -9999 -9999 -9999 -9999 -9999 -9999 -9999 -9999 -9999 -9999 126.782 109.953 108.236 101.412 97.463 104.077 97.663 106.702 96.37 83.63 70.953 67.325 63.339 75.413 88.308 80.592 87.54 101.318 95.232 99.694 90.723 100.267 111.447 104.051 105.173 102.371 105.429 102.445 102.527 99.705 99.169 96.672 100.368 102.908 107.191 96.519 91.722 99.532 97.143 96.812 94.526 94.438 95.022 97.804 99.151 100.412 98.448 102.276 106.742 109.113 105.202 100.679 110.945 104.646 103.122 104.072
-9999 -9999 -9999 -9999 -9999 -9999 -9999 -9999 -9999 -9999 -9999 -9999 -9999 -9999 -9999 -9999 115.367 122.615 122.726 111.603 106.943 105.277 101.768 97.445 100.494 91.845 87.665 77.308 69.508 72.809 78.816 85.808 79.228 80.403 91.259 86.464 94.287 91.275 92.766 105.077 103.584 104.617 102.806 104.632 101.406 104.012 103.407 101.482 97.501 101.965 97.735 99.72 100.112 89.898 92.678 98.535 102.361 92.804 92.724 96.626 97.352 96.862 101.135 101.238 98.527 99.118 103.64 110.126 106.288 110.533 108.857 105.835 103.681 105.442
-9999 -9999 -9999 -9999 -9999 -9999 -9999 -9999 -9999 -9999 -9999 -9999 -9999 -9999 -9999 107.374 110.411 116.398 118.066 -9999 -9999 -9999 -9999 97.857 99.296 77.161 82.781 75.338 74.169 78.014 74.951 75.461 83.046 68.846 76.672 85.478 88.026 88.42 92.329 102.633 105.747 104.769 108.609 107.022 110.421 107.845 115.999 106.161 102.328 103.418 99.302 104.161 99.821 95.879 94.179 94.663 100.281 104.401 97.181 101.586 100.938 100.491 98.553 94.725 96.786 96.702 100.888 99.284 103.049 99.995 108.805 108.732 106.196 109.269
-9999 -9999 -9999 -9999 -9999 -9999 -9999 -9999 -9999 -9999 -9999 -9999 -9999 -9999 -9999 108.507 117.329 127.12 -9999 -9999 -9999 -9999 -9999 94.813 83.393 83.235 81.464 76.343 75.643 76.302 75.906 83.428 75.389 77.776 85.775 89.822 85.97 91.048 96.532 105.343 117.819 116.505 106.945 107.134 102.913 108.038 104.564 100.885 100.41 98.279 99.018 99.902 101.576 99.656 97.376 98.195 99.771 103.287 103.415 93.336 97.704 87.46 88.362 98.527 97.798 107.864 102.614 105.784 105.768 104.221 101.262 107.754 106.682 107.437
-9999 -9999 -9999 -9999 -9999 -9999 -9999 -9999 -9999 -9999 -9999 -9999 -9999 -9999 -9999 -9999 -9999 123.168 -9999 -9999 -9999 -9999 -9999 100.008 98.853 100.915 90.973 83.087 82.571 71.389 74.764 84.997 78.93 84.684 83.794 86.294 89.604 95.11 97.341 109.678 121.771 117.312 108.341 111.152 102.144 110.886 106.017 99.025 97.186 100.341 99.063 98.532 99.075 103.238 101.113 100.475 101.095 92.885 97.128 99.107 94.335 92.298 85.772 96.528 102.414 98.392 102.469 102.682 103.835 105.03 104.835 100.275 105.996 105.179
-9999 -9999 -9999 -9999 -9999 -9999 -9999 -9999 -9999 -9999 -9999 -9999 -9999 -9999 -9999 -9999 -9999 -9999 -9999 -9999 -9999 -9999 -9999 114.183 103.254 96.149 84.485 82.313 75.904 74.381 78.132 74.969 81.481 82.383 86.818 90.589 87.988 93.391 96.877 102.922 105.252 100.217 106.925 102.404 109.307 104.234 97.986 98.716 104.8 101.584 102.068 89.376 93.321 97.896 99.989 98.249 102.466 103.883 99.043 111.634 109.495 95.278 91.928 95.604 103.815 109.79 106.213 104.411 103.843 98.811 104.455 105.534 101.932 105.948
-9999 -9999 -9999 -9999 -9999 -9999 -9999 -9999 -9999 -9999 -9999 -9999 -9999 -9999 -9999 -9999 -9999 -9999 -9999 -9999 -9999 -9999 -9999 -9999 108.163 74.522 74.221 71.636 77.489 80.192 75.523 88.428 79.119 92.11 91.723 82.468 79.521 95.393 92.656 92.047 96.508 100.861 103.061 102.172 96.955 106.563 96.828 98.506 102.995 103.356 102.075 92.257 90.189 95.428 97.166 101.906 103.735 106.189 106.377 105.785 106.455 102.443 96.383 101.644 103.054 101.836 107.208 99.197 98.331 101.399 102.422 102.948 103.459 106.005
-9999 -9999 -9999 -9999 -9999 -9999 -9999 -9999 -9999 -9999 -9999 -9999 -9999 -9999 -9999 -9999 -9999 -9999 -9999 -9999 -9999 -9999 -9999 96.331 84.146 81.294 72.12 74.854 81.551 76.17 85.651 77.5 84.436 86.843 87.095 84.424 96.324 93.84 98.388 101.656 101.572 97.894 96.437 92.638 103.722 100.251 99.331 105.339 103.79 105.103 103.942 94.306 90.772 96.311 96.419 97.015 100.717 106.457 108.578 112.196 109.888 100.08 102.828 106.504 107.258 109.041 105.315 101.631 96.951 96.697 99.426 103.154 106.286 109.068
-9999 -9999 -9999 -9999 -9999 -9999 -9999 -9999 -9999 -9999 -9999 -9999 -9999 -9999 -9999 -9999 -9999 -9999 -9999 -9999 -9999 -9999 -9999 131.134 113.886 79.396 77.849 90.258 85.3 87.517 80.286 79.528 77.101 88.637 87.639 95.83 97.347 109.18 97.109 97.134 95.231 93.366 93.725 102.083 105.993 101.984 103.916 107.593 109.087 103.499 102.537 93.438 91.799 91.883 94.821 97.831 96.947 103.837 109.807 104.956 107.916 102.71 101.163 107.773 108.57 101.395 106.64 105.379 101.734 100.74 98.262 106.869 110.354 107.979
-9999 -9999 -9999 -9999 -9999 -9999 -9999 -9999 -9999 -9999 -9999 -9999 -9999 -9999 -9999 -9999 -9999 -9999 -9999 -9999 -9999 -9999 -9999 116.879 99.899 90.161 89.254 84.609 88.906 81.135 79.801 76.675 83.447 86.025 87.729 90.553 94.359 91.794 97.85 97.795 98.866 100.206 98.388 102.821 100.481 102.35 102.825 107.337 102.933 106.241 104.157 102.714 98.353 93.72 94.745 105.189 104.008 102.099 104.76 102.815 103.708 104.837 105.909 106.734 107.138 100.373 96.287 96.37 97.688 105.398 104.266 95.581 105.244 116.184
-9999 -9999 -9999 -9999 -9999 -9999 -9999 -9999 -9999 -9999 -9999 -9999 -9999 -9999 -9999 -9999 -9999 -9999 -9999 -9999 -9999 -9999 -9999 -9999 123.154 93.201 84.778 73.797 75.31 76.278 75.857 88.894 90.087 93.567 82.504 82.844 78.708 97.761 100.993 102.486 96.335 101.265 96.953 110.327 107.221 98.407 103.113 103.208 105.912 104.041 104.3 107.038 105.025 99.46 96.384 100.16 104.374 103.369 105.766 105.789 104.059 110.954 108.773 107.352 106.623 104.583 100.445 98.916 98.476 100.737 102.456 115.618 108.832 105.86
-9999 -9999 -9999 -9999 -9999 -9999 -9999 -9999 -9999 -9999 -9999 -9999 -9999 -9999 -9999 -9999 -9999 -9999 -9999 -9999 -9999 -9999 -9999 -9999 95.781 92.077 81.985 77.653 76.013 74.644 85.064 88.64 98.306 88.1 92.921 84.959 93.694 95.86 99.409 92.326 102.144 99.576 108.376 108.989 102.037 102.069 103.674 106.984 108.098 105.312 109.611 102.132 102.647 99.863 99.539 109.977 109.809 104.732 105.443 109.329 108.728 105.46 107.883 99.362 100.188 102.157 99.81 102.064 105.184 104.393 98.235 101.228 114.824 107.217
-9999 -9999 -9999 -9999 -9999 -9999 -9999 -9999 -9999 -9999 -9999 -9999 -9999 -9999 -9999 -9999 -9999 -9999 -9999 -9999 -9999 -9999 -9999 125.275 114.326 95.99 94.711 80.948 75.358 80.355 80.086 82.274 78.154 83.113 86.627 91.698 93.658 96.998 93.377 90.602 104.233 103.022 104.979 104.584 96.998 104.058 105.684 107.594 106.443 104.849 105.819 101.334 99.768 99.616 99.065 105.139 113.4 108.759 104.576 107.225 109.353 109.752 106.984 102.797 98.408 97.715 98.187 105.713 108.785 103.012 97.533 109.377 110.087 107.157
-9999 -9999 -9999 -9999 -9999 -9999 -9999 -9999 -9999 -9999 -9999 -9999 -9999 -9999 -9999 -9999 -9999 -9999 -9999 -9999 -9999 -9999 -9999 109.607 92.865 95.922 91.681 80.624 78.661 78.731 82.105 85.076 85.038 85.318 92.231 92.546 92.632 94.584 90.025 98.808 99.744 102.775 102.704 100.006 105.746 106.771 102.137 106.761 107.19 113.079 115.861 101.524 106.721 104.898 103.359 105.716 107.382 105.11 105.131 102.927 106.121 108.354 107.295 102.681 99.449 98.185 95.209 95.527 100.958 106.769 102.047 106.09 113.086 103.308
-9999 -9999 -9999 -9999 -9999 -9999 -9999 -9999 -9999 -9999 -9999 -9999 -9999 -9999 -9999 -9999 -9999 -9999 -9999 -9999 -9999 -9999 -9999 95.216 95.812 98.819 97.952 85.31 78.688 76.532 78.919 91.012 85.931 88.664 95.297 94.594 85.432 96.822 92.709 96.436 109.089 91.464 97.733 100.837 102.869 105.214 103.693 109.902 111.062 120.786 114.278 121.43 111.476 107.112 108.168 107.273 105.371 106.89 104.885 105.204 102.723 117.484 111.811 104.834 102.447 101.706 99.156 96.92 96.177 99.303 103.825 100.088 107.094 110.211
-9999 -9999 -9999 -9999 -9999 -9999 -9999 -9999 -9999 -9999 -9999 -9999 -9999 -9999 -9999 -9999 -9999 -9999 -9999 -9999 -9999 -9999 101.337 95.22 91.572 95.87 92.496 85.797 84.589 80.019 85.941 89.38 86.215 87.147 90.098 82.768 95.133 94.366 95.588 108.761 99.569 102.856 105.832 108.935 107.854 104.846 109.29 109.249 111.156 112.315 122.075 113.105 111.787 107.137 107.287 110.646 107.586 104.511 105.846 111.862 112.87 111.593 114.136 105.794 106.441 102.46 101.025 98.345 99.044 108.409 106.654 105.747 106.438 102.655
-9999 -9999 -9999 -9999 -9999 -9999 -9999 -9999 -9999 -9999 -9999 -9999 -9999 -9999 -9999 -9999 -9999 -9999 -9999 -9999 -9999 97.464 94.943 89.256 92.544 99.402 97.562 83.323 83.956 87.194 74.345 81.577 80.338 89.858 96.697 85.704 94.574 97.102 101.488 109.778 102.84 109.239 113.762 100.56 103.941 107.648 108.815 100.894 102.254 114.965 115.051 113.07 112.243 112.505 108.198 113.884 113.321 113.537 107.693 103.146 107.527 107.87 108.251 105.567 105.267 103.427 102.133 106.84 105.083 97.723 104.124 102.383 105.148 102.992
-9999 -9999 -9999 -9999 -9999 -9999 -9999 -9999 -9999 -9999 -9999 -9999 -9999 -9999 -9999 -9999 -9999 -9999 -9999 100.942 98.838 96.841 92.163 92.645 89.071 90.971 83.734 81.017 86.13 76.424 81.928 83.971 83.919 91.243 84.512 86.117 93.429 97.063 106.748 104.067 109.757 113.753 106.481 108.035 109.677 110.677 104.496 106.149 111.554 112.094 111.066 113.859 117.583 114.499 111.227 108.919 112.725 111.374 108.908 108.889 105.07 104.142 105.021 102.263 102.98 106.763 104.346 98.636 103.439 101.189 97.985 102.644 103.659 100.526
