Rainfall_AnomalyWeatherLogistics.asc
NCOLS 192
NROWS 249
XLLCENTER -225160.85627316462
YLLCENTER 29788.11610251502
CELLSIZE 5000.0
NODATA_VALUE -9999
[rows 132 to 164 of 249, columns 74 to 147 of 192]
-9999 -9999 -9999 -9999 -9999 -9999 -9999 -9999 -9999 -9999 -9999 -9999 -9999 137.404 121.325 105.328 115.416 116.315 112.048 110.872 108.198 98.792 94.8 113.085 110.061 111.807 108.358 117.5 113.701 116.122 119.446 131.794 129.134 139.494 133.677 117.958 120.236 121.954 115.888 107.501 105.39 121.191 108.671 101.013 97.379 97.501 95.242 93.323 99.904 115.729 112.265 122.985 112.715 125.065 129.519 127.655 125.105 119.47 -9999 -9999 -9999 -9999 -9999 -9999 -9999 -9999 -9999 -9999 -9999 -9999 -9999 -9999 -9999 -9999
146.812 -9999 -9999 -9999 -9999 -9999 -9999 -9999 -9999 -9999 -9999 -9999 -9999 134.244 105.262 111.762 114.5 116.133 123.77 119.072 102.884 96.704 110.401 109.168 109.116 104.27 110.046 109.645 112.016 118.061 128.276 127.818 136.945 135.66 125.628 121.146 123.519 122.42 123.988 115.598 122.637 116.901 117.949 111.296 109.13 106.032 94.96 98.053 111.091 110.216 114.058 117.848 114.015 122.211 130.71 127.498 125.847 124.342 -9999 -9999 -9999 -9999 -9999 -9999 -9999 -9999 -9999 -9999 -9999 -9999 -9999 -9999 -9999 -9999
117.648 -9999 -9999 -9999 -9999 -9999 -9999 -9999 -9999 -9999 -9999 -9999 141.961 115.115 112.562 112.86 111.159 117.566 126.244 127.047 111.214 120.759 106.012 105.729 98.006 112.109 108.845 107.421 113.196 121.285 126.732 137.797 130.347 139.275 135.788 133.646 122.961 134.461 126.252 136.982 124.217 135.655 130.266 120.212 114.261 116.614 99.773 101.623 108.864 115.224 113.438 117.35 118.596 121.296 129.066 131.442 124.534 117.85 115.745 -9999 -9999 -9999 -9999 -9999 -9999 -9999 -9999 -9999 -9999 -9999 -9999 -9999 -9999 -9999
122.405 -9999 -9999 -9999 -9999 -9999 -9999 -9999 -9999 -9999 -9999 130.514 -9999 112.244 112.605 109.951 109.928 114.457 125.9 115.957 119.895 103.865 106.814 101.815 108.887 114.311 114.614 116.347 122.662 122.731 130.874 127.949 135.908 149.93 149.776 135.797 138.925 134.224 137.95 131.932 134.039 131.542 127.626 116.012 119.207 107.726 105.698 105.453 111.953 118.212 120.257 106.477 115.79 118.386 126.471 129.811 131.937 131.235 115.566 -9999 -9999 -9999 -9999 -9999 -9999 -9999 -9999 -9999 -9999 -9999 -9999 -9999 -9999 -9999
118.125 104.539 -9999 -9999 -9999 -9999 -9999 -9999 -9999 -9999 -9999 113.705 -9999 118.506 115.126 125.271 116.622 120.151 120.757 127.045 125.633 113.88 110.71 113.099 103.823 114.909 115.687 122.639 124.297 117.1 116.775 -9999 -9999 -9999 -9999 -9999 -9999 142.269 140.746 137.171 138.913 137.63 128.877 113.347 108.533 109.746 110.236 101.719 102.808 101.525 106.986 127.187 113.709 121.963 121.706 141.914 141.262 132.57 132.729 112.415 -9999 -9999 -9999 -9999 -9999 -9999 -9999 -9999 -9999 -9999 -9999 -9999 -9999 -9999
116.283 104.231 102.881 -9999 -9999 -9999 -9999 -9999 -9999 -9999 -9999 112.71 119.795 120.752 135.894 122.652 119.337 117.684 121.282 127.968 123.63 112.521 114.696 108.495 114.044 118.189 122.276 126.007 128.792 130.074 145.844 -9999 -9999 -9999 -9999 148.943 134.242 135.445 132.654 137.691 135.777 128.15 118.862 114.588 108.564 99.948 94.617 95.881 103.777 99.634 109.427 122.658 116.712 112.803 112.914 108.21 130.327 126.622 125.656 115.612 -9999 -9999 -9999 -9999 -9999 -9999 -9999 -9999 -9999 -9999 -9999 -9999 -9999 -9999
110.886 119.073 101.369 110.167 -9999 -9999 -9999 -9999 -9999 -9999 -9999 117.218 118.414 132.471 -9999 -9999 120.908 118.875 120.955 126.917 -9999 122.481 123.359 129.789 114.742 136.156 132.448 129.314 126.806 -9999 -9999 -9999 -9999 -9999 152.663 147.227 133.21 133.581 131.695 134.093 129.467 126.656 128.878 105.324 90.537 88.157 82.302 91.531 94.593 103.716 108.808 96.569 114.101 101.628 104.347 118.87 120.442 121.148 118.291 117.353 -9999 -9999 -9999 -9999 -9999 -9999 -9999 -9999 -9999 -9999 -9999 -9999 -9999 -9999
115.107 101.933 107.373 117.029 -9999 -9999 -9999 -9999 -9999 -9999 -9999 -9999 123.954 146.855 -9999 -9999 -9999 136.704 124.151 131.563 147.929 -9999 -9999 149.848 154.167 166.38 150.691 147.184 -9999 -9999 -9999 -9999 -9999 143.84 148.409 137.327 126.482 125.182 127.305 125.167 118.284 120.765 111.207 102.998 102.943 96.443 97.96 94.91 96.667 102.154 90.037 94.425 106.604 116.885 103.452 101.226 116.03 116.271 117.689 113.113 -9999 -9999 -9999 -9999 -9999 -9999 -9999 -9999 -9999 -9999 -9999 -9999 -9999 -9999
116.502 126.197 121.217 -9999 -9999 -9999 -9999 -9999 -9999 -9999 -9999 -9999 -9999 142.449 -9999 -9999 -9999 -9999 135.952 134.74 145.031 -9999 -9999 -9999 151.232 154.941 -9999 -9999 -9999 -9999 -9999 -9999 -9999 140.1 146.655 116.329 123.496 108.87 116.681 110.34 116.927 117.848 110.709 123.493 123.674 120.456 102.185 89.884 94.607 89.62 95.07 95.031 102.023 114.992 111.059 110.722 115.022 125.123 120.466 115.909 -9999 -9999 -9999 -9999 -9999 -9999 -9999 -9999 -9999 -9999 -9999 -9999 -9999 -9999
119.408 117.146 -9999 -9999 -9999 -9999 -9999 -9999 -9999 -9999 -9999 -9999 -9999 131.397 -9999 -9999 -9999 -9999 -9999 149.743 146.145 -9999 -9999 -9999 -9999 -9999 -9999 -9999 -9999 -9999 -9999 -9999 -9999 157.22 123.336 123.818 104.151 106.742 95.775 102.359 114.387 107.719 116.397 112.274 107.625 97.498 89.904 92.539 91.204 95.994 95.293 91.388 89.799 97.939 103.088 104.068 116.496 124.511 124.015 108.503 114.278 -9999 -9999 -9999 -9999 -9999 -9999 -9999 -9999 -9999 -9999 -9999 -9999 -9999
121.111 -9999 110.353 109.456 107.454 119.63 -9999 -9999 -9999 -9999 -9999 -9999 -9999 128.989 -9999 -9999 -9999 -9999 -9999 -9999 -9999 -9999 -9999 -9999 -9999 -9999 -9999 -9999 -9999 -9999 -9999 -9999 142.577 150.957 130.572 124.931 134.576 91.336 89.841 89.821 93.887 104.667 103.902 141.925 143.714 105.104 98.167 89.243 92.654 79.974 83.925 81.922 88.098 103.86 106.593 107.528 112.839 113.348 118.155 114.085 113.072 110.284 -9999 -9999 -9999 -9999 -9999 -9999 -9999 -9999 -9999 -9999 -9999 -9999
118.3 115.325 110.859 112.552 112.74 120.782 -9999 -9999 -9999 -9999 -9999 -9999 -9999 -9999 -9999 -9999 -9999 -9999 -9999 -9999 -9999 -9999 -9999 -9999 -9999 -9999 -9999 -9999 -9999 -9999 -9999 143.119 147.063 128.744 102.092 115.39 91.352 99.717 92.447 96.678 106.902 103.481 120.262 128.858 110.159 99.113 87.054 91.174 87.988 85.09 81.379 80.9 86.685 100.633 107.083 106.14 108.264 117.057 114.527 107.145 110.173 113.814 -9999 -9999 -9999 -9999 -9999 -9999 -9999 -9999 -9999 -9999 -9999 -9999
118.716 115.634 115.832 114.078 -9999 125.184 130.18 -9999 -9999 -9999 -9999 -9999 -9999 -9999 -9999 -9999 -9999 -9999 -9999 -9999 -9999 -9999 -9999 -9999 -9999 -9999 -9999 -9999 -9999 -9999 -9999 142.983 141.176 118.034 114.793 82.293 105.954 116.64 94.962 94.437 95.792 94.697 94.145 100.823 112.151 111.233 112.012 88.513 90.162 84.298 85.143 91.125 94.072 101.551 103.727 102.882 106.228 110.157 114.467 114.74 111.596 111.312 107.383 98.08 -9999 -9999 -9999 -9999 -9999 -9999 -9999 -9999 -9999 -9999
114.914 113.993 111.998 114.201 -9999 -9999 127.564 -9999 -9999 -9999 -9999 -9999 -9999 -9999 -9999 -9999 -9999 -9999 -9999 -9999 -9999 -9999 -9999 -9999 -9999 -9999 -9999 -9999 -9999 -9999 -9999 130.669 121.954 118.342 86.159 96.462 101.355 89.181 90.126 92.603 92.695 93.403 92.783 96.999 95.928 103.816 92.916 90.331 101.994 86.722 86.566 94.332 94.672 95.443 100.964 106.247 104.38 113.703 114.943 111.634 114.534 129.056 117.515 109.009 96.888 92.081 92.557 -9999 -9999 -9999 -9999 -9999 -9999 -9999
119.073 113.164 108.531 116.643 121.979 -9999 126.602 -9999 -9999 -9999 -9999 -9999 -9999 -9999 -9999 -9999 -9999 -9999 -9999 -9999 -9999 -9999 -9999 -9999 -9999 -9999 -9999 -9999 -9999 -9999 149.508 153.444 135.101 96.573 105.704 77.933 80.319 91.397 92.043 86.542 88.055 87.1 83.12 78.918 75.347 84.702 83.739 104.129 107.787 87.678 86.375 91.773 94.799 92.113 97.314 103.296 108.668 114.189 115.456 124.151 116.95 112.077 120.0 97.681 105.039 90.331 104.372 89.353 89.196 -9999 -9999 -9999 -9999 -9999
113.331 111.181 111.409 117.259 -9999 121.537 -9999 -9999 -9999 -9999 -9999 -9999 -9999 -9999 -9999 -9999 -9999 -9999 -9999 -9999 -9999 -9999 -9999 -9999 -9999 -9999 -9999 -9999 -9999 -9999 -9999 144.84 123.697 120.846 98.515 95.105 98.032 93.875 89.2 91.2 87.627 84.272 84.096 83.509 83.439 82.26 87.235 96.119 89.161 81.514 89.529 82.261 79.851 94.113 91.741 98.575 102.1 111.029 112.699 109.935 117.46 110.442 112.861 95.924 88.557 101.02 95.658 99.463 90.041 87.257 -9999 -9999 -9999 -9999
114.182 113.401 117.498 115.518 116.817 114.025 -9999 -9999 -9999 -9999 -9999 -9999 -9999 -9999 -9999 -9999 -9999 -9999 -9999 -9999 -9999 -9999 -9999 -9999 -9999 -9999 -9999 -9999 -9999 -9999 -9999 -9999 146.334 144.115 129.318 124.984 133.026 109.925 93.266 109.496 98.592 96.55 89.052 89.182 75.729 76.847 81.391 74.447 82.887 81.963 82.811 80.371 80.283 82.246 93.419 98.259 102.512 110.835 110.466 106.848 110.793 98.344 99.497 94.89 84.225 94.258 98.88 105.01 97.293 88.581 90.835 -9999 -9999 -9999
104.261 109.408 110.87 118.806 122.426 -9999 -9999 -9999 -9999 -9999 -9999 -9999 -9999 -9999 -9999 -9999 -9999 -9999 -9999 -9999 -9999 -9999 -9999 -9999 -9999 -9999 -9999 -9999 -9999 -9999 -9999 -9999 147.059 138.934 109.845 115.557 108.27 92.497 103.501 99.934 98.733 92.039 93.73 89.1 82.064 82.229 80.061 82.616 81.277 81.9 85.718 85.128 82.141 80.726 84.775 100.487 101.543 108.341 109.762 113.646 111.53 106.384 92.401 98.917 100.055 104.009 97.411 97.023 101.742 100.176 90.391 96.849 -9999 -9999
100.07 97.569 103.579 119.225 127.622 -9999 -9999 -9999 -9999 -9999 -9999 -9999 -9999 -9999 -9999 -9999 -9999 -9999 -9999 -9999 -9999 -9999 -9999 -9999 -9999 -9999 -9999 -9999 -9999 -9999 -9999 -9999 -9999 140.393 127.295 103.066 106.969 124.839 96.606 106.368 96.658 96.834 96.043 98.083 95.933 101.515 79.759 83.576 81.105 84.291 86.505 78.546 81.923 86.852 82.309 95.826 104.683 105.799 108.825 103.082 106.701 107.463 100.081 96.602 99.535 101.851 99.491 100.653 98.738 100.53 100.484 96.397 -9999 -9999
107.379 -9999 -9999 -9999 -9999 -9999 -9999 -9999 -9999 -9999 -9999 -9999 -9999 -9999 -9999 -9999 -9999 -9999 -9999 -9999 -9999 -9999 -9999 -9999 -9999 -9999 -9999 -9999 -9999 -9999 -9999 -9999 -9999 131.552 112.238 105.995 121.148 99.575 107.816 97.928 100.683 99.83 98.073 95.365 100.327 84.979 86.525 82.601 86.788 86.227 81.835 89.49 88.603 88.378 80.333 86.544 99.398 109.744 108.398 113.644 103.136 99.231 101.075 96.475 98.114 102.293 95.777 96.072 96.609 95.947 97.942 94.248 96.585 -9999
99.078 -9999 -9999 -9999 -9999 -9999 -9999 -9999 -9999 -9999 -9999 -9999 -9999 -9999 -9999 -9999 -9999 -9999 -9999 -9999 -9999 -9999 -9999 -9999 -9999 -9999 -9999 -9999 -9999 -9999 -9999 -9999 -9999 -9999 119.888 126.951 122.334 107.942 102.718 113.267 107.835 113.33 109.143 102.388 110.846 103.291 83.767 82.351 82.871 83.058 84.314 76.72 87.535 78.573 81.391 89.414 93.857 109.641 112.499 111.685 114.295 103.913 100.984 108.466 105.511 111.947 109.164 113.261 108.538 94.328 97.553 96.946 93.662 -9999
115.884 -9999 -9999 -9999 -9999 -9999 -9999 -9999 -9999 -9999 -9999 -9999 -9999 -9999 -9999 -9999 -9999 -9999 -9999 -9999 -9999 -9999 -9999 -9999 -9999 -9999 -9999 -9999 -9999 -9999 -9999 -9999 -9999 -9999 127.004 -9999 121.763 113.819 118.172 114.902 -9999 118.557 105.421 106.092 100.724 85.894 80.358 81.28 85.604 89.275 82.659 74.159 81.121 83.334 74.257 77.213 83.069 92.066 105.528 119.731 115.869 101.639 101.02 111.731 115.218 102.589 105.881 105.343 111.891 99.707 99.828 111.289 105.691 99.206
-9999 -9999 -9999 -9999 -9999 -9999 -9999 -9999 -9999 -9999 -9999 -9999 -9999 -9999 -9999 -9999 -9999 -9999 -9999 -9999 -9999 -9999 -9999 -9999 -9999 -9999 -9999 -9999 -9999 -9999 -9999 -9999 -9999 -9999 -9999 138.682 129.14 -9999 -9999 -9999 -9999 118.353 114.143 113.891 101.985 106.431 92.485 95.49 95.488 89.023 87.167 89.067 81.014 79.485 78.555 84.486 85.019 86.25 95.89 105.772 114.259 111.626 101.901 93.144 106.411 97.914 95.679 97.877 99.919 93.883 93.306 102.566 110.38 97.76
-9999 -9999 -9999 -9999 -9999 -9999 -9999 -9999 -9999 -9999 -9999 -9999 -9999 -9999 -9999 -9999 -9999 -9999 -9999 -9999 -9999 -9999 -9999 -9999 -9999 -9999 -9999 -9999 -9999 -9999 -9999 -9999 -9999 -9999 -9999 141.09 138.09 -9999 -9999 -9999 -9999 117.759 113.731 102.128 99.386 91.947 91.754 94.667 94.532 82.586 83.722 91.517 85.261 83.089 79.61 83.36 87.871 93.747 92.595 97.558 100.881 105.441 104.708 97.142 95.086 102.724 99.843 97.101 94.047 95.605 92.801 84.991 88.11 90.332
-9999 -9999 -9999 -9999 -9999 -9999 -9999 -9999 -9999 -9999 -9999 -9999 -9999 -9999 -9999 -9999 -9999 -9999 -9999 -9999 -9999 -9999 -9999 -9999 -9999 -9999 -9999 -9999 -9999 -9999 -9999 -9999 -9999 -9999 -9999 142.018 -9999 -9999 -9999 -9999 122.915 118.176 112.077 82.95 86.751 70.42 77.033 94.191 92.463 84.782 88.015 96.487 97.359 89.749 84.746 92.069 91.129 95.502 96.041 95.555 99.709 102.325 100.682 99.064 103.269 101.317 99.053 90.153 87.194 91.012 93.833 94.531 87.438 87.315
-9999 -9999 -9999 -9999 -9999 -9999 -9999 -9999 -9999 -9999 -9999 -9999 -9999 -9999 -9999 -9999 -9999 -9999 -9999 -9999 -9999 -9999 -9999 -9999 -9999 -9999 -9999 -9999 -9999 -9999 -9999 -9999 -9999 -9999 -9999 -9999 -9999 -9999 -9999 -9999 111.838 113.643 95.265 94.71 78.565 78.582 83.164 86.702 88.62 87.686 95.121 96.972 95.666 88.69 88.194 84.953 93.393 90.935 95.401 99.67 102.012 105.631 100.792 99.41 97.715 100.777 98.362 92.698 88.474 91.188 90.828 94.126 95.417 89.086
-9999 -9999 -9999 -9999 -9999 -9999 -9999 -9999 -9999 -9999 -9999 -9999 -9999 -9999 -9999 -9999 -9999 -9999 -9999 -9999 -9999 -9999 -9999 -9999 -9999 -9999 -9999 -9999 -9999 -9999 -9999 -9999 -9999 -9999 -9999 -9999 -9999 -9999 -9999 -9999 116.306 123.447 115.345 96.323 86.017 84.658 77.484 92.261 86.124 89.564 92.728 99.483 98.198 90.964 90.281 95.494 93.435 101.244 96.183 102.383 105.233 101.421 100.827 99.47 98.11 98.68 99.7 103.558 102.813 99.11 90.526 99.515 99.695 89.82
-9999 -9999 -9999 -9999 -9999 -9999 -9999 -9999 -9999 -9999 -9999 -9999 -9999 -9999 -9999 -9999 -9999 -9999 -9999 -9999 -9999 -9999 -9999 -9999 -9999 -9999 -9999 -9999 -9999 -9999 -9999 -9999 -9999 -9999 -9999 -9999 -9999 -9999 -9999 114.665 118.878 115.634 102.458 91.026 85.57 80.009 85.094 85.827 81.88 86.259 92.661 93.044 96.154 85.508 89.771 91.363 95.402 97.795 98.185 96.966 100.223 100.699 100.242 106.059 103.039 102.647 100.037 98.111 102.023 96.911 94.935 90.961 95.824 93.19
-9999 -9999 -9999 -9999 -9999 -9999 -9999 -9999 -9999 -9999 -9999 -9999 -9999 -9999 -9999 -9999 -9999 -9999 -9999 -9999 -9999 -9999 -9999 -9999 -9999 -9999 -9999 -9999 -9999 -9999 -9999 -9999 -9999 -9999 -9999 -9999 -9999 -9999 -9999 112.97 119.519 112.23 118.491 101.135 95.244 97.282 86.512 81.474 74.809 82.564 86.312 88.36 89.766 85.798 86.274 94.063 94.192 87.53 92.285 90.27 96.849 104.009 101.736 104.359 102.743 107.866 106.142 100.845 97.368 93.109 93.731 90.988 94.416 100.239
-9999 -9999 -9999 -9999 -9999 -9999 -9999 -9999 -9999 -9999 -9999 -9999 -9999 -9999 -9999 -9999 -9999 -9999 -9999 -9999 -9999 -9999 -9999 -9999 -9999 -9999 -9999 -9999 -9999 -9999 -9999 -9999 -9999 -9999 -9999 -9999 -9999 -9999 112.706 115.759 107.117 112.107 105.616 98.215 100.283 91.636 92.223 85.946 86.392 94.444 106.243 82.067 80.337 91.218 87.907 94.471 95.422 95.483 88.857 97.226 95.798 102.744 107.853 99.146 99.579 103.177 109.07 102.881 99.667 92.769 92.792 109.437 104.53 100.668
-9999 -9999 -9999 -9999 -9999 -9999 -9999 -9999 -9999 -9999 -9999 -9999 -9999 -9999 -9999 -9999 -9999 -9999 -9999 -9999 -9999 -9999 -9999 -9999 -9999 -9999 -9999 -9999 -9999 -9999 -9999 -9999 -9999 -9999 -9999 -9999 -9999 -9999 117.021 111.615 111.156 108.031 106.601 107.734 100.723 95.801 87.885 93.508 88.635 98.275 86.405 76.249 76.193 82.448 88.523 86.175 93.046 104.861 99.711 94.487 97.502 101.803 102.207 109.316 102.335 100.924 104.371 110.225 106.357 97.407 94.289 89.375 105.825 99.733
-9999 -9999 -9999 -9999 -9999 -9999 -9999 -9999 -9999 -9999 -9999 -9999 -9999 -9999 -9999 -9999 -9999 -9999 -9999 -9999 -9999 -9999 -9999 -9999 -9999 -9999 -9999 -9999 -9999 -9999 -9999 -9999 -9999 -9999 -9999 -9999 -9999 -9999 120.526 116.457 109.201 106.24 101.152 97.518 95.901 89.493 95.548 93.175 87.752 85.136 81.196 78.186 75.839 80.182 83.846 87.192 87.301 95.317 102.975 97.922 97.057 100.761 101.573 100.578 106.51 101.925 102.215 103.983 105.724 99.183 95.951 93.151 92.817 105.187
-9999 -9999 -9999 -9999 -9999 -9999 -9999 -9999 -9999 -9999 -9999 -9999 -9999 -9999 -9999 -9999 -9999 -9999 -9999 -9999 -9999 -9999 -9999 -9999 -9999 -9999 -9999 -9999 -9999 -9999 -9999 -9999 -9999 -9999 -9999 -9999 -9999 -9999 -9999 115.564 109.993 98.225 86.412 96.224 93.025 85.491 93.331 86.242 90.85 81.086 84.689 79.401 75.925 83.034 82.406 98.061 96.387 99.16 102.318 103.25 99.754 100.949 104.712 106.196 104.102 101.888 102.35 103.618 106.536 99.523 98.988 99.115 -9999 100.331
