Validation/Results/raw data/ReClimate_09_2024_1_Temperature-Actualsweatherlogisticsltd.asc
NCOLS 192
NROWS 249
XLLCENTER -225160.85627316462
YLLCENTER 29788.11610251502
CELLSIZE 5000.0
NODATA_VALUE -9999
[rows 102 to 135 of 249, columns 77 to 153 of 192]
7.067 6.994 8.903 9.713 -9999 -9999 8.859 -9999 -9999 8.853 6.553 6.26 7.708 6.846 4.865 6.418 5.449 5.399 5.601 6.121 7.711 6.985 6.158 5.284 5.8 6.73 6.109 6.362 7.491 8.298 8.725 8.652 8.233 7.592 8.448 8.765 8.921 9.175 9.214 9.368 -9999 -9999 -9999 -9999 -9999 -9999 -9999 -9999 -9999 -9999 -9999 -9999 -9999 -9999 -9999 -9999 -9999 -9999 -9999 -9999 -9999 -9999 -9999 -9999 -9999 -9999 -9999 -9999 -9999 -9999 -9999 -9999 -9999 -9999 -9999 -9999 -9999
7.401 8.615 -9999 -9999 -9999 9.467 8.361 8.691 8.3 8.157 7.227 8.786 8.309 6.746 6.624 6.96 6.999 6.949 6.858 6.777 5.908 6.871 6.208 6.412 6.205 5.902 6.503 7.243 8.05 8.618 8.782 8.532 7.957 8.651 9.239 -9999 -9999 9.524 -9999 -9999 -9999 -9999 -9999 -9999 -9999 -9999 -9999 -9999 -9999 -9999 -9999 -9999 -9999 -9999 -9999 -9999 -9999 -9999 -9999 -9999 -9999 -9999 -9999 -9999 -9999 -9999 -9999 -9999 -9999 -9999 -9999 -9999 -9999 -9999 -9999 -9999 -9999
-9999 8.853 -9999 -9999 -9999 9.202 8.228 7.97 7.953 8.385 8.876 8.071 6.92 6.639 7.068 7.394 6.988 6.615 7.183 6.696 7.785 7.01 6.779 7.475 7.891 8.149 8.046 8.461 8.723 8.743 8.854 8.845 8.825 9.283 -9999 9.22 9.334 9.363 9.44 -9999 -9999 -9999 -9999 -9999 -9999 -9999 -9999 -9999 -9999 -9999 -9999 -9999 -9999 -9999 -9999 -9999 -9999 -9999 -9999 -9999 -9999 -9999 -9999 -9999 -9999 -9999 -9999 -9999 -9999 -9999 -9999 -9999 -9999 -9999 -9999 -9999 -9999
-9999 -9999 -9999 9.583 9.164 8.314 8.138 7.691 8.087 7.834 7.046 6.57 6.455 7.402 7.285 7.821 6.564 7.669 6.433 7.808 6.724 5.897 7.558 8.124 7.96 8.275 8.762 8.816 9.025 9.102 9.151 9.217 -9999 9.259 9.163 9.196 9.139 9.398 9.369 -9999 -9999 -9999 -9999 -9999 -9999 -9999 -9999 -9999 -9999 -9999 -9999 -9999 -9999 -9999 -9999 -9999 -9999 -9999 -9999 -9999 -9999 -9999 -9999 -9999 -9999 -9999 -9999 -9999 -9999 -9999 -9999 -9999 -9999 -9999 -9999 -9999 -9999
-9999 -9999 -9999 9.417 9.593 8.968 7.928 8.002 8.286 7.219 8.007 7.857 7.425 6.699 8.066 8.126 7.254 6.57 7.28 7.274 6.126 7.047 6.933 6.627 7.572 8.094 8.273 8.578 8.683 8.468 8.402 8.288 8.562 9.128 9.311 8.999 8.831 9.083 9.104 9.397 -9999 -9999 -9999 -9999 -9999 -9999 -9999 -9999 -9999 -9999 -9999 -9999 -9999 -9999 -9999 -9999 -9999 -9999 -9999 -9999 -9999 -9999 -9999 -9999 -9999 -9999 -9999 -9999 -9999 -9999 -9999 -9999 -9999 -9999 -9999 -9999 -9999
-9999 -9999 9.523 -9999 -9999 8.791 8.024 8.583 7.622 8.033 -9999 -9999 7.03 6.907 7.74 8.195 7.263 7.401 7.618 7.235 7.444 8.145 7.539 7.78 8.107 8.39 8.003 7.506 7.093 7.34 7.521 8.025 8.511 8.74 9.145 8.665 8.768 8.727 9.001 9.324 9.536 -9999 -9999 -9999 -9999 -9999 -9999 -9999 -9999 -9999 -9999 -9999 -9999 -9999 -9999 -9999 -9999 -9999 -9999 -9999 -9999 -9999 -9999 -9999 -9999 -9999 -9999 -9999 -9999 -9999 -9999 -9999 -9999 -9999 -9999 -9999 -9999
-9999 -9999 9.579 -9999 9.387 8.765 8.786 7.696 7.756 8.953 9.005 7.449 6.832 7.691 9.453 7.701 6.506 8.28 8.226 7.778 8.276 8.52 8.608 8.781 8.645 7.598 6.626 6.637 7.177 7.577 8.114 8.379 8.4 8.714 8.848 8.982 9.351 9.646 9.785 9.914 -9999 -9999 -9999 -9999 -9999 -9999 -9999 -9999 -9999 -9999 -9999 -9999 -9999 -9999 -9999 -9999 -9999 -9999 -9999 -9999 -9999 -9999 -9999 -9999 -9999 -9999 -9999 -9999 -9999 -9999 -9999 -9999 -9999 -9999 -9999 -9999 -9999
-9999 -9999 9.635 -9999 9.339 9.352 8.628 8.437 8.986 -9999 7.541 7.826 -9999 7.829 7.922 7.675 8.499 7.379 8.406 8.707 9.064 9.188 9.336 9.351 8.863 7.944 8.388 8.621 8.585 8.353 8.207 8.477 8.562 8.95 9.196 9.519 -9999 -9999 -9999 -9999 -9999 -9999 -9999 -9999 -9999 -9999 -9999 -9999 -9999 -9999 -9999 -9999 -9999 -9999 -9999 -9999 -9999 -9999 -9999 -9999 -9999 -9999 -9999 -9999 -9999 -9999 -9999 -9999 -9999 -9999 -9999 -9999 -9999 -9999 -9999 -9999 -9999
9.564 9.53 -9999 -9999 9.697 9.247 8.815 9.234 9.139 7.39 7.697 6.829 -9999 8.499 7.76 8.371 8.486 8.38 8.457 8.862 8.791 8.675 8.532 8.681 9.126 9.452 9.448 9.286 8.896 8.473 8.401 8.604 8.778 9.019 9.456 -9999 -9999 -9999 -9999 -9999 -9999 -9999 -9999 -9999 -9999 -9999 -9999 -9999 -9999 -9999 -9999 -9999 -9999 -9999 -9999 -9999 -9999 -9999 -9999 -9999 -9999 -9999 -9999 -9999 -9999 -9999 -9999 -9999 -9999 -9999 -9999 -9999 -9999 -9999 -9999 -9999 -9999
9.682 9.699 -9999 9.866 8.584 8.58 9.325 -9999 7.933 8.093 7.021 7.037 -9999 8.182 7.457 8.463 9.283 9.127 9.234 8.98 8.647 8.25 7.65 8.098 8.901 9.337 -9999 9.533 9.215 9.021 9.006 8.943 8.732 9.169 -9999 -9999 -9999 -9999 -9999 -9999 -9999 -9999 -9999 -9999 -9999 -9999 -9999 -9999 -9999 -9999 -9999 -9999 -9999 -9999 -9999 -9999 -9999 -9999 -9999 -9999 -9999 -9999 -9999 -9999 -9999 -9999 -9999 -9999 -9999 -9999 -9999 -9999 -9999 -9999 -9999 -9999 -9999
9.969 -9999 -9999 9.348 8.101 8.903 -9999 8.731 8.366 8.042 7.477 8.032 -9999 9.001 8.82 9.118 9.323 9.186 8.998 8.673 7.158 7.013 7.205 7.763 8.707 9.427 9.661 9.793 -9999 -9999 9.545 9.374 -9999 -9999 -9999 -9999 -9999 -9999 9.822 9.878 10.051 -9999 -9999 -9999 -9999 -9999 -9999 -9999 -9999 -9999 -9999 -9999 -9999 -9999 -9999 -9999 -9999 -9999 -9999 -9999 -9999 -9999 -9999 -9999 -9999 -9999 -9999 -9999 -9999 -9999 -9999 -9999 -9999 -9999 -9999 -9999 -9999
-9999 -9999 9.184 8.701 9.233 8.756 -9999 8.817 8.205 8.684 8.724 7.853 -9999 -9999 -9999 9.492 9.053 8.44 8.341 8.125 8.116 8.394 8.331 8.51 8.66 8.894 9.187 9.531 9.615 9.422 9.311 9.545 -9999 -9999 -9999 -9999 -9999 9.624 9.693 9.581 9.882 10.015 -9999 -9999 -9999 -9999 -9999 -9999 -9999 -9999 -9999 -9999 -9999 -9999 -9999 -9999 -9999 -9999 -9999 -9999 -9999 -9999 -9999 -9999 -9999 -9999 -9999 -9999 -9999 -9999 -9999 -9999 -9999 -9999 -9999 -9999 -9999
-9999 -9999 -9999 9.863 8.601 9.014 -9999 8.82 -9999 9.166 8.251 9.156 -9999 9.459 8.9 8.759 -9999 8.874 9.138 9.056 9.147 8.976 8.896 8.614 8.464 8.489 8.741 8.95 8.646 8.676 9.172 9.436 9.551 9.588 9.756 -9999 9.668 9.495 9.352 9.469 9.277 9.033 9.046 9.958 -9999 -9999 -9999 -9999 -9999 -9999 -9999 -9999 -9999 -9999 -9999 -9999 -9999 -9999 -9999 -9999 -9999 -9999 -9999 -9999 -9999 -9999 -9999 -9999 -9999 -9999 -9999 -9999 -9999 -9999 -9999 -9999 -9999
-9999 -9999 -9999 9.083 8.327 9.381 -9999 9.794 -9999 9.326 9.625 -9999 9.45 8.467 8.019 8.713 9.179 9.372 9.377 9.591 9.453 9.058 8.987 8.654 8.292 8.296 8.375 8.435 8.49 8.686 8.914 8.981 8.944 8.951 9.416 9.5 9.133 9.111 9.048 8.974 8.467 8.182 8.058 8.53 9.422 9.656 9.434 -9999 -9999 -9999 -9999 -9999 -9999 -9999 -9999 -9999 -9999 -9999 -9999 -9999 -9999 -9999 -9999 -9999 -9999 -9999 -9999 -9999 -9999 -9999 -9999 -9999 -9999 -9999 -9999 -9999 -9999
-9999 -9999 -9999 9.125 9.513 9.259 9.17 -9999 -9999 10.103 10.002 -9999 9.45 7.922 7.639 8.513 8.892 9.318 9.552 9.561 9.425 9.583 9.301 8.862 8.534 8.097 8.07 8.168 8.334 8.293 8.151 8.009 7.809 8.479 9.198 9.072 8.803 8.66 8.328 7.445 7.335 7.713 7.784 8.239 8.339 8.978 9.419 9.314 -9999 -9999 -9999 -9999 -9999 -9999 -9999 -9999 -9999 -9999 -9999 -9999 -9999 -9999 -9999 -9999 -9999 -9999 -9999 -9999 -9999 -9999 -9999 -9999 -9999 -9999 -9999 -9999 -9999
-9999 -9999 -9999 9.687 9.535 8.881 9.904 -9999 -9999 10.265 10.356 -9999 -9999 8.056 8.11 8.76 8.671 8.599 8.959 9.095 9.255 9.022 9.274 9.21 8.738 8.386 7.986 7.858 7.664 7.657 7.327 7.277 7.767 8.238 8.453 8.401 8.171 7.838 7.299 7.204 7.218 7.601 7.915 8.276 8.804 8.956 8.891 9.165 -9999 -9999 -9999 -9999 -9999 -9999 -9999 -9999 -9999 -9999 -9999 -9999 -9999 -9999 -9999 -9999 -9999 -9999 -9999 -9999 -9999 -9999 -9999 -9999 -9999 -9999 -9999 -9999 -9999
-9999 -9999 -9999 9.968 9.189 9.344 -9999 -9999 -9999 -9999 10.491 -9999 9.675 8.49 8.977 9.066 8.476 8.274 8.256 8.64 8.68 8.754 8.797 8.931 8.929 8.255 7.81 7.758 7.758 7.413 7.226 7.61 7.846 7.853 7.797 7.307 7.379 7.533 7.651 7.61 7.604 7.849 8.085 8.496 8.945 8.964 9.017 9.26 9.286 -9999 -9999 -9999 -9999 -9999 -9999 -9999 -9999 -9999 -9999 -9999 -9999 -9999 -9999 -9999 -9999 -9999 -9999 -9999 -9999 -9999 -9999 -9999 -9999 -9999 -9999 -9999 -9999
-9999 9.472 9.404 9.17 9.405 -9999 -9999 8.938 -9999 -9999 -9999 -9999 9.864 9.341 9.426 9.173 8.837 8.417 8.171 8.099 7.966 7.973 8.279 8.523 8.614 8.498 7.885 7.908 7.79 7.75 8.003 7.979 7.57 7.588 6.722 6.404 6.906 7.302 7.57 7.939 8.049 8.215 8.221 8.581 8.998 9.054 9.163 9.228 9.31 -9999 -9999 -9999 -9999 -9999 -9999 -9999 -9999 -9999 -9999 -9999 -9999 -9999 -9999 -9999 -9999 -9999 -9999 -9999 -9999 -9999 -9999 -9999 -9999 -9999 -9999 -9999 -9999
-9999 -9999 9.005 9.052 9.686 -9999 8.975 8.214 8.908 -9999 -9999 -9999 -9999 10.09 9.844 9.697 9.384 9.0 8.585 8.054 7.87 8.011 8.227 8.319 8.454 8.065 8.162 8.065 7.929 7.799 7.854 7.487 8.029 7.505 7.343 7.187 6.753 7.0 7.759 8.083 8.428 8.517 8.558 8.828 8.97 9.102 9.18 9.046 9.113 9.338 -9999 -9999 -9999 -9999 -9999 -9999 -9999 -9999 -9999 -9999 -9999 -9999 -9999 -9999 -9999 -9999 -9999 -9999 -9999 -9999 -9999 -9999 -9999 -9999 -9999 -9999 -9999
-9999 -9999 9.437 9.172 9.423 -9999 9.418 8.368 9.205 -9999 -9999 -9999 -9999 -9999 10.139 10.002 9.809 9.658 9.19 8.745 8.394 7.986 7.595 7.739 7.998 8.237 8.338 8.07 7.871 7.918 7.722 7.807 8.054 7.815 7.71 7.694 8.053 8.184 8.426 8.428 8.655 8.537 8.751 9.08 9.167 9.254 9.191 9.086 8.803 9.127 9.472 -9999 -9999 -9999 -9999 -9999 -9999 -9999 -9999 -9999 -9999 -9999 -9999 -9999 -9999 -9999 -9999 -9999 -9999 -9999 -9999 -9999 -9999 -9999 -9999 -9999 -9999
-9999 -9999 9.358 8.927 -9999 -9999 9.912 8.989 8.735 9.669 -9999 -9999 -9999 -9999 -9999 10.092 9.694 9.342 9.142 8.442 7.817 7.5 7.192 7.296 7.642 8.059 7.848 7.982 7.901 7.608 7.552 7.889 6.631 7.357 7.162 7.79 7.427 8.026 8.57 8.419 8.607 8.837 9.028 8.941 8.765 8.787 8.988 8.916 9.223 8.848 9.301 9.614 10.048 -9999 -9999 -9999 -9999 -9999 -9999 -9999 -9999 -9999 -9999 -9999 -9999 -9999 -9999 -9999 -9999 -9999 -9999 -9999 -9999 -9999 -9999 -9999 -9999
-9999 -9999 9.158 9.784 -9999 -9999 9.43 8.41 8.545 -9999 -9999 -9999 -9999 -9999 -9999 10.091 9.574 9.217 8.929 8.413 8.126 8.007 7.688 7.559 7.496 7.602 7.672 7.698 6.952 6.466 7.346 6.449 5.977 6.319 7.31 7.182 7.751 8.495 8.181 8.338 8.623 8.631 8.727 8.845 8.737 8.737 8.32 8.274 9.04 9.033 8.9 9.419 9.835 -9999 -9999 -9999 -9999 -9999 -9999 -9999 -9999 -9999 -9999 -9999 -9999 -9999 -9999 -9999 -9999 -9999 -9999 -9999 -9999 -9999 -9999 -9999 -9999
-9999 -9999 9.588 10.341 -9999 -9999 -9999 9.557 9.271 9.494 -9999 -9999 -9999 -9999 -9999 10.081 9.563 9.216 9.021 8.743 8.556 7.942 7.19 6.894 7.324 7.319 7.752 7.541 6.995 6.915 7.349 5.997 6.474 7.063 6.797 7.198 8.086 7.896 8.219 8.242 8.411 8.722 8.635 8.515 8.566 8.219 7.122 7.518 8.224 8.992 8.942 9.103 9.562 -9999 -9999 -9999 -9999 -9999 -9999 -9999 -9999 -9999 -9999 -9999 -9999 -9999 -9999 -9999 -9999 -9999 -9999 -9999 -9999 -9999 -9999 -9999 -9999
-9999 9.321 9.569 10.214 -9999 -9999 -9999 -9999 -9999 -9999 -9999 -9999 -9999 -9999 -9999 9.71 9.228 9.046 8.87 8.64 8.409 7.689 7.236 7.126 7.365 7.516 7.228 7.265 6.605 6.784 6.206 5.879 6.451 7.064 6.834 7.236 7.436 7.912 7.974 8.346 8.357 8.304 8.513 8.283 8.182 7.238 7.047 6.959 8.132 9.018 9.137 9.068 9.352 10.246 -9999 -9999 -9999 -9999 -9999 -9999 -9999 -9999 -9999 -9999 -9999 -9999 -9999 -9999 -9999 -9999 -9999 -9999 -9999 -9999 -9999 -9999 -9999
9.38 9.351 9.281 10.375 -9999 -9999 -9999 -9999 -9999 -9999 -9999 -9999 -9999 10.046 9.847 9.45 8.931 8.439 8.129 8.25 8.216 8.04 7.791 8.07 7.632 6.863 6.927 6.957 6.969 7.279 6.829 6.035 7.253 7.113 7.125 7.267 7.646 7.995 8.363 7.924 8.035 8.283 8.241 8.016 7.367 7.2 7.139 7.267 8.045 9.079 9.271 9.076 9.324 9.958 -9999 -9999 -9999 -9999 -9999 -9999 -9999 -9999 -9999 -9999 -9999 -9999 -9999 -9999 -9999 -9999 -9999 -9999 -9999 -9999 -9999 -9999 -9999
9.395 9.821 10.536 -9999 -9999 -9999 -9999 -9999 -9999 -9999 -9999 -9999 -9999 9.976 9.83 9.325 8.601 8.174 8.178 7.595 7.219 7.234 7.154 7.419 7.513 7.61 7.418 7.011 7.316 7.718 7.404 7.129 6.601 7.097 6.926 7.497 7.818 8.361 8.011 7.872 7.987 7.99 7.661 7.085 6.778 7.161 7.519 7.927 8.526 8.612 8.663 8.935 9.228 9.809 -9999 -9999 -9999 -9999 -9999 -9999 -9999 -9999 -9999 -9999 -9999 -9999 -9999 -9999 -9999 -9999 -9999 -9999 -9999 -9999 -9999 -9999 -9999
-9999 -9999 -9999 -9999 -9999 -9999 -9999 -9999 -9999 -9999 -9999 -9999 -9999 9.864 9.547 8.674 8.524 8.292 8.008 7.147 7.003 6.405 6.71 7.015 7.438 7.654 7.347 6.246 6.753 7.886 7.949 6.872 6.917 7.205 7.278 7.248 7.876 7.46 7.3 7.553 7.236 7.016 6.705 7.319 7.337 7.404 7.607 7.934 8.766 9.003 8.897 9.045 9.505 9.899 -9999 -9999 -9999 -9999 -9999 -9999 -9999 -9999 -9999 -9999 -9999 -9999 -9999 -9999 -9999 -9999 -9999 -9999 -9999 -9999 -9999 -9999 -9999
-9999 -9999 -9999 -9999 -9999 -9999 -9999 -9999 -9999 -9999 -9999 -9999 9.777 9.149 8.388 8.446 8.068 8.202 8.031 7.78 6.801 6.791 6.634 6.935 7.254 8.121 7.727 7.189 7.369 7.858 8.049 7.737 7.613 7.53 7.36 7.371 6.945 7.554 7.765 7.522 7.248 6.317 7.074 6.892 7.227 7.724 7.744 7.967 8.027 8.809 9.225 9.421 9.661 9.98 -9999 -9999 -9999 -9999 -9999 -9999 -9999 -9999 -9999 -9999 -9999 -9999 -9999 -9999 -9999 -9999 -9999 -9999 -9999 -9999 -9999 -9999 -9999
-9999 -9999 -9999 -9999 -9999 -9999 -9999 -9999 -9999 -9999 -9999 -9999 9.24 8.692 8.282 7.504 7.745 8.171 8.007 7.23 7.764 7.294 7.097 7.361 7.769 8.633 8.5 7.975 7.703 7.818 8.526 8.268 8.125 8.027 7.899 7.167 7.963 7.45 7.778 7.74 6.504 7.513 7.109 7.217 7.68 7.772 8.164 8.081 7.852 8.37 8.959 9.254 9.604 10.032 -9999 -9999 -9999 -9999 -9999 -9999 -9999 -9999 -9999 -9999 -9999 -9999 -9999 -9999 -9999 -9999 -9999 -9999 -9999 -9999 -9999 -9999 -9999
-9999 -9999 -9999 -9999 -9999 -9999 -9999 -9999 -9999 -9999 -9999 9.598 8.819 8.741 7.789 7.945 7.644 6.873 7.28 7.757 7.988 7.556 7.71 7.788 7.814 8.236 8.36 8.103 8.142 8.878 8.89 8.56 8.111 8.03 7.347 8.18 7.879 7.498 8.149 7.175 7.054 7.66 7.884 8.108 7.785 7.875 8.032 7.873 8.199 8.555 8.978 9.288 9.581 9.965 10.311 -9999 -9999 -9999 -9999 -9999 -9999 -9999 -9999 -9999 -9999 -9999 -9999 -9999 -9999 -9999 -9999 -9999 -9999 -9999 -9999 -9999 -9999
-9999 -9999 -9999 -9999 -9999 -9999 -9999 -9999 -9999 -9999 9.632 9.218 8.864 8.728 8.478 8.212 7.575 7.639 7.532 7.237 8.273 8.23 8.136 7.866 7.857 8.155 8.493 8.887 9.089 8.849 9.092 8.774 8.354 8.029 8.231 8.467 8.167 8.176 8.374 7.404 7.135 7.436 7.605 7.772 7.914 8.256 8.251 8.043 8.464 8.697 8.941 9.215 9.602 9.941 10.341 -9999 -9999 -9999 -9999 -9999 -9999 -9999 -9999 -9999 -9999 -9999 -9999 -9999 -9999 -9999 -9999 -9999 -9999 -9999 -9999 -9999 -9999
-9999 -9999 -9999 -9999 -9999 -9999 -9999 -9999 -9999 -9999 9.521 8.196 8.671 8.676 8.647 8.72 8.124 7.066 7.255 8.233 8.423 8.62 8.474 8.271 8.09 7.947 8.988 9.353 9.214 9.204 8.857 8.899 8.482 8.567 8.529 8.734 8.504 8.566 8.174 7.933 7.581 7.455 7.641 7.739 8.287 8.65 8.531 8.475 8.485 8.658 9.012 9.41 9.544 9.789 10.185 -9999 -9999 -9999 -9999 -9999 -9999 -9999 -9999 -9999 -9999 -9999 -9999 -9999 -9999 -9999 -9999 -9999 -9999 -9999 -9999 -9999 -9999
-9999 -9999 -9999 -9999 -9999 -9999 -9999 -9999 -9999 9.886 8.6 8.611 8.548 8.58 8.832 8.944 8.177 7.742 8.069 8.127 8.516 8.671 8.794 8.467 8.131 8.732 8.944 9.2 9.571 9.183 9.161 9.009 9.039 8.919 8.959 9.06 8.968 8.558 8.723 8.32 7.677 7.827 7.816 8.004 8.165 8.637 8.781 9.088 8.828 8.836 9.099 9.477 9.706 9.739 9.998 10.574 -9999 -9999 -9999 -9999 -9999 -9999 -9999 -9999 -9999 -9999 -9999 -9999 -9999 -9999 -9999 -9999 -9999 -9999 -9999 -9999 -9999
-9999 -9999 -9999 -9999 -9999 -9999 -9999 -9999 10.138 -9999 9.322 8.733 8.611 8.667 9.004 9.293 8.941 8.876 8.359 7.883 8.377 8.792 8.948 8.907 8.947 9.072 9.081 9.295 9.501 9.344 9.575 9.495 9.433 9.37 9.455 9.497 9.384 9.21 8.95 8.623 8.603 8.318 8.254 8.291 8.62 8.992 9.52 9.035 8.758 9.028 9.242 9.467 9.692 9.859 10.029 10.375 -9999 -9999 -9999 -9999 -9999 -9999 -9999 -9999 -9999 -9999 -9999 -9999 -9999 -9999 -9999 -9999 -9999 -9999 -9999 -9999 -9999
