Validation/Results/raw data/ReClimate_11_2023_2_Precipitation-Actuals.asc
NCOLS 192
NROWS 249
XLLCENTER -225160.85627316462
YLLCENTER 29788.11610251502
CELLSIZE 5000.0
NODATA_VALUE -9999
[rows 132 to 164 of 249, columns 74 to 147 of 192]
-9999 -9999 -9999 -9999 -9999 -9999 -9999 -9999 -9999 -9999 -9999 -9999 -9999 192.619 205.067 230.886 254.846 266.047 267.874 313.783 349.933 386.783 372.968 285.495 243.566 249.645 257.755 237.171 218.103 212.746 198.198 184.543 174.492 164.01 167.969 188.172 204.891 207.129 191.669 199.765 194.925 184.3 200.635 202.286 201.19 190.609 167.532 152.26 133.728 117.465 111.508 101.644 94.559 87.413 88.28 79.69 70.952 68.354 -9999 -9999 -9999 -9999 -9999 -9999 -9999 -9999 -9999 -9999 -9999 -9999 -9999 -9999 -9999 -9999
148.252 -9999 -9999 -9999 -9999 -9999 -9999 -9999 -9999 -9999 -9999 -9999 -9999 197.065 240.323 239.544 247.921 243.874 247.136 297.002 379.072 395.881 351.367 301.745 257.966 253.145 244.676 237.924 242.693 201.79 187.658 183.218 165.502 159.639 162.282 178.628 177.894 176.982 168.006 169.407 162.515 167.589 178.238 184.433 182.245 168.985 162.707 141.218 122.115 112.397 97.055 94.131 92.701 83.302 77.106 76.997 70.313 66.49 -9999 -9999 -9999 -9999 -9999 -9999 -9999 -9999 -9999 -9999 -9999 -9999 -9999 -9999 -9999 -9999
172.216 -9999 -9999 -9999 -9999 -9999 -9999 -9999 -9999 -9999 -9999 -9999 187.824 225.299 227.898 236.275 243.89 238.102 228.152 279.545 329.091 338.555 364.498 313.437 273.933 239.61 229.41 237.347 211.685 195.911 180.24 156.309 161.694 147.446 148.815 151.599 155.044 152.701 143.328 139.487 146.459 148.632 162.083 169.95 158.915 155.422 148.109 134.409 118.508 105.72 90.119 82.946 83.182 81.434 76.499 71.415 69.802 68.024 64.86 -9999 -9999 -9999 -9999 -9999 -9999 -9999 -9999 -9999 -9999 -9999 -9999 -9999 -9999 -9999
156.272 -9999 -9999 -9999 -9999 -9999 -9999 -9999 -9999 -9999 -9999 170.094 -9999 198.671 221.045 225.809 230.649 214.753 199.523 229.992 249.569 319.78 359.117 305.919 255.951 218.276 206.437 197.978 196.561 191.203 180.657 170.608 163.593 137.425 131.822 133.267 135.394 126.101 118.352 119.76 125.59 135.232 135.057 132.559 137.257 137.188 126.367 112.705 104.687 85.604 87.643 88.562 79.643 76.589 71.558 62.436 64.593 68.358 64.877 -9999 -9999 -9999 -9999 -9999 -9999 -9999 -9999 -9999 -9999 -9999 -9999 -9999 -9999 -9999
160.136 146.322 -9999 -9999 -9999 -9999 -9999 -9999 -9999 -9999 -9999 162.154 -9999 179.963 189.68 190.264 197.694 191.739 185.249 191.781 217.239 284.596 299.994 275.418 229.823 201.041 192.206 189.333 194.356 204.395 207.108 -9999 -9999 -9999 -9999 -9999 -9999 112.099 106.137 108.209 114.341 114.924 115.316 127.284 140.111 127.09 111.537 113.734 97.058 94.623 95.348 80.737 80.493 74.765 76.48 66.968 59.422 64.768 65.318 63.184 -9999 -9999 -9999 -9999 -9999 -9999 -9999 -9999 -9999 -9999 -9999 -9999 -9999 -9999
165.002 151.867 131.705 -9999 -9999 -9999 -9999 -9999 -9999 -9999 -9999 158.225 157.373 154.314 155.055 168.2 178.353 180.126 177.842 179.717 204.969 245.663 272.468 243.528 221.365 198.046 192.881 198.634 182.401 189.106 172.93 -9999 -9999 -9999 -9999 114.52 113.788 106.463 104.168 103.07 107.515 112.523 124.397 148.69 156.709 133.711 128.186 110.811 96.768 107.922 96.925 85.225 85.09 80.243 74.732 81.512 75.327 66.984 65.044 59.413 -9999 -9999 -9999 -9999 -9999 -9999 -9999 -9999 -9999 -9999 -9999 -9999 -9999 -9999
154.957 140.164 135.349 124.924 -9999 -9999 -9999 -9999 -9999 -9999 -9999 150.184 139.607 137.808 -9999 -9999 169.477 173.399 170.613 178.252 -9999 199.26 211.314 207.604 207.054 191.98 190.934 185.277 171.075 -9999 -9999 -9999 -9999 -9999 111.042 110.349 111.434 104.637 105.121 103.722 106.167 118.662 139.573 173.418 187.591 173.276 162.744 134.726 127.884 113.976 105.663 105.056 90.305 90.102 81.577 77.08 76.718 72.197 65.092 60.811 -9999 -9999 -9999 -9999 -9999 -9999 -9999 -9999 -9999 -9999 -9999 -9999 -9999 -9999
130.417 137.477 136.836 121.812 -9999 -9999 -9999 -9999 -9999 -9999 -9999 -9999 135.16 125.029 -9999 -9999 -9999 154.366 155.34 164.331 165.908 -9999 -9999 174.18 176.475 174.848 178.129 180.903 -9999 -9999 -9999 -9999 -9999 131.41 118.624 120.499 115.88 113.88 112.172 110.644 115.836 128.175 143.09 170.201 181.884 196.658 178.504 172.789 162.055 147.129 133.531 125.96 113.673 93.66 88.697 84.056 75.383 72.551 69.818 65.762 -9999 -9999 -9999 -9999 -9999 -9999 -9999 -9999 -9999 -9999 -9999 -9999 -9999 -9999
123.204 125.272 122.827 -9999 -9999 -9999 -9999 -9999 -9999 -9999 -9999 -9999 -9999 119.839 -9999 -9999 -9999 -9999 141.617 155.715 162.462 -9999 -9999 -9999 162.059 159.635 -9999 -9999 -9999 -9999 -9999 -9999 -9999 129.267 130.213 137.048 135.908 142.317 141.221 133.517 123.171 125.736 141.279 142.81 167.798 183.674 193.407 207.524 194.982 177.35 145.522 137.531 127.066 103.151 88.334 81.953 75.262 70.433 71.415 65.901 -9999 -9999 -9999 -9999 -9999 -9999 -9999 -9999 -9999 -9999 -9999 -9999 -9999 -9999
133.574 120.169 -9999 -9999 -9999 -9999 -9999 -9999 -9999 -9999 -9999 -9999 -9999 131.388 -9999 -9999 -9999 -9999 -9999 152.606 157.796 -9999 -9999 -9999 -9999 -9999 -9999 -9999 -9999 -9999 -9999 -9999 -9999 131.033 151.023 155.636 172.476 181.034 180.141 159.151 135.635 136.16 133.812 154.014 185.741 217.157 238.415 233.822 210.499 165.051 146.757 129.335 112.17 104.676 95.918 86.819 73.806 68.71 71.113 71.711 61.329 -9999 -9999 -9999 -9999 -9999 -9999 -9999 -9999 -9999 -9999 -9999 -9999 -9999
118.69 -9999 115.975 115.831 110.467 100.809 -9999 -9999 -9999 -9999 -9999 -9999 -9999 130.706 -9999 -9999 -9999 -9999 -9999 -9999 -9999 -9999 -9999 -9999 -9999 -9999 -9999 -9999 -9999 -9999 -9999 -9999 138.134 137.255 151.94 167.894 182.617 229.895 238.068 210.454 174.443 144.076 142.462 126.811 160.293 210.33 238.776 256.114 209.773 211.456 193.389 151.247 126.813 98.892 90.058 88.124 82.594 76.1 71.35 72.536 67.1 59.381 -9999 -9999 -9999 -9999 -9999 -9999 -9999 -9999 -9999 -9999 -9999 -9999
113.265 112.096 114.29 110.398 100.776 99.876 -9999 -9999 -9999 -9999 -9999 -9999 -9999 -9999 -9999 -9999 -9999 -9999 -9999 -9999 -9999 -9999 -9999 -9999 -9999 -9999 -9999 -9999 -9999 -9999 -9999 150.668 143.946 159.212 185.761 207.235 247.915 314.614 286.687 231.519 189.115 166.238 127.895 122.817 147.479 194.723 262.463 234.1 219.36 202.827 181.085 153.456 128.657 110.507 87.29 80.789 76.277 70.633 68.446 69.015 62.019 55.23 -9999 -9999 -9999 -9999 -9999 -9999 -9999 -9999 -9999 -9999 -9999 -9999
109.45 113.462 112.366 107.272 -9999 96.074 95.436 -9999 -9999 -9999 -9999 -9999 -9999 -9999 -9999 -9999 -9999 -9999 -9999 -9999 -9999 -9999 -9999 -9999 -9999 -9999 -9999 -9999 -9999 -9999 -9999 151.244 153.018 192.727 244.073 285.435 303.401 287.06 293.195 269.361 232.969 196.485 162.024 142.6 143.424 179.238 204.717 231.547 203.226 187.979 157.565 136.952 108.56 95.893 86.664 79.731 73.814 69.057 63.228 63.585 58.557 52.584 51.619 54.191 -9999 -9999 -9999 -9999 -9999 -9999 -9999 -9999 -9999 -9999
111.317 114.569 111.464 103.249 -9999 -9999 94.356 -9999 -9999 -9999 -9999 -9999 -9999 -9999 -9999 -9999 -9999 -9999 -9999 -9999 -9999 -9999 -9999 -9999 -9999 -9999 -9999 -9999 -9999 -9999 -9999 173.487 181.898 225.403 290.943 328.429 340.008 367.392 368.092 324.67 294.717 271.433 218.203 176.397 145.728 129.366 158.656 175.629 170.961 166.496 149.539 124.818 104.916 90.292 78.316 72.2 71.348 64.079 61.415 60.667 59.096 55.167 66.255 67.375 67.151 64.954 76.57 -9999 -9999 -9999 -9999 -9999 -9999 -9999
109.804 111.907 105.792 94.75 93.57 -9999 93.631 -9999 -9999 -9999 -9999 -9999 -9999 -9999 -9999 -9999 -9999 -9999 -9999 -9999 -9999 -9999 -9999 -9999 -9999 -9999 -9999 -9999 -9999 -9999 148.757 187.504 215.894 286.825 381.693 451.31 468.409 406.06 397.269 391.138 384.774 328.511 293.02 223.559 170.656 143.564 157.964 144.722 147.837 158.463 142.678 123.637 109.504 96.984 85.298 75.234 69.737 63.68 58.135 56.091 58.658 62.088 69.93 89.251 86.067 86.55 83.404 79.792 84.387 -9999 -9999 -9999 -9999 -9999
117.571 114.992 111.882 105.148 -9999 94.128 -9999 -9999 -9999 -9999 -9999 -9999 -9999 -9999 -9999 -9999 -9999 -9999 -9999 -9999 -9999 -9999 -9999 -9999 -9999 -9999 -9999 -9999 -9999 -9999 -9999 153.375 197.438 268.007 359.196 431.117 463.671 463.15 415.436 398.672 360.169 365.55 311.904 251.467 204.042 182.889 171.643 170.413 199.997 177.57 168.932 160.223 139.644 112.052 95.624 83.192 72.282 67.136 62.278 63.04 61.993 63.584 75.397 92.861 92.48 93.774 94.862 91.289 88.084 85.835 -9999 -9999 -9999 -9999
135.381 124.176 113.265 104.354 97.213 98.672 -9999 -9999 -9999 -9999 -9999 -9999 -9999 -9999 -9999 -9999 -9999 -9999 -9999 -9999 -9999 -9999 -9999 -9999 -9999 -9999 -9999 -9999 -9999 -9999 -9999 -9999 157.795 209.806 279.356 358.155 406.269 432.448 366.355 320.635 324.215 318.532 279.551 252.988 235.766 219.433 206.018 225.502 221.257 210.425 217.46 190.743 153.049 130.96 104.64 88.392 75.271 68.045 66.577 67.193 70.926 87.931 93.058 115.983 129.337 119.348 120.501 100.405 96.007 89.437 81.264 -9999 -9999 -9999
140.062 124.421 113.339 101.025 93.922 -9999 -9999 -9999 -9999 -9999 -9999 -9999 -9999 -9999 -9999 -9999 -9999 -9999 -9999 -9999 -9999 -9999 -9999 -9999 -9999 -9999 -9999 -9999 -9999 -9999 -9999 -9999 148.57 191.401 257.251 310.924 382.485 387.88 314.344 287.184 266.645 242.867 230.232 213.13 227.402 262.852 247.459 259.637 258.752 230.069 190.871 175.554 148.01 131.126 112.858 86.372 74.618 70.632 68.342 73.17 80.937 95.012 113.46 116.938 125.962 123.421 125.919 120.173 103.624 98.283 88.605 74.289 -9999 -9999
155.737 142.86 119.194 98.991 92.702 -9999 -9999 -9999 -9999 -9999 -9999 -9999 -9999 -9999 -9999 -9999 -9999 -9999 -9999 -9999 -9999 -9999 -9999 -9999 -9999 -9999 -9999 -9999 -9999 -9999 -9999 -9999 -9999 177.224 237.42 283.828 328.705 296.03 277.969 243.882 223.674 212.658 188.635 189.989 222.514 238.35 273.841 266.775 258.979 229.663 206.954 181.108 164.091 130.022 109.606 85.905 76.971 74.251 68.749 76.189 88.338 95.053 109.879 122.258 124.132 119.234 113.336 112.417 110.266 99.09 96.049 81.644 -9999 -9999
187.778 -9999 -9999 -9999 -9999 -9999 -9999 -9999 -9999 -9999 -9999 -9999 -9999 -9999 -9999 -9999 -9999 -9999 -9999 -9999 -9999 -9999 -9999 -9999 -9999 -9999 -9999 -9999 -9999 -9999 -9999 -9999 -9999 169.243 216.264 246.006 239.785 243.138 208.596 228.186 220.815 183.543 182.211 186.892 208.929 280.779 273.273 270.017 256.715 243.605 201.764 174.796 153.106 136.6 109.902 91.35 78.322 72.212 71.423 71.759 85.581 97.75 103.08 107.321 107.767 101.288 103.969 102.962 106.782 94.597 85.212 85.626 71.536 -9999
202.595 -9999 -9999 -9999 -9999 -9999 -9999 -9999 -9999 -9999 -9999 -9999 -9999 -9999 -9999 -9999 -9999 -9999 -9999 -9999 -9999 -9999 -9999 -9999 -9999 -9999 -9999 -9999 -9999 -9999 -9999 -9999 -9999 -9999 196.046 194.696 209.158 212.0 200.365 191.879 166.848 165.276 167.01 181.742 213.942 248.941 273.489 268.076 268.312 251.845 236.873 216.522 176.018 159.708 133.831 104.691 85.559 79.431 71.231 68.383 72.353 87.973 97.875 94.504 85.784 80.759 75.855 80.351 82.498 89.17 78.293 77.845 73.458 -9999
150.444 -9999 -9999 -9999 -9999 -9999 -9999 -9999 -9999 -9999 -9999 -9999 -9999 -9999 -9999 -9999 -9999 -9999 -9999 -9999 -9999 -9999 -9999 -9999 -9999 -9999 -9999 -9999 -9999 -9999 -9999 -9999 -9999 -9999 166.759 -9999 170.135 165.287 160.262 151.947 -9999 151.679 163.318 173.744 190.097 233.88 253.628 268.01 265.666 248.567 238.902 244.666 204.905 172.319 150.72 125.151 94.994 79.599 73.094 64.51 69.345 75.862 82.527 82.022 78.957 71.562 68.349 67.043 72.227 76.621 80.279 82.99 84.772 78.231
-9999 -9999 -9999 -9999 -9999 -9999 -9999 -9999 -9999 -9999 -9999 -9999 -9999 -9999 -9999 -9999 -9999 -9999 -9999 -9999 -9999 -9999 -9999 -9999 -9999 -9999 -9999 -9999 -9999 -9999 -9999 -9999 -9999 -9999 -9999 149.55 148.972 -9999 -9999 -9999 -9999 138.949 144.285 148.829 168.078 185.846 213.325 221.736 232.715 234.893 216.682 217.68 224.685 191.428 160.25 132.88 107.742 86.986 74.826 66.129 65.84 73.483 77.968 80.944 77.015 76.262 70.889 67.026 70.696 80.451 82.243 81.08 82.162 80.92
-9999 -9999 -9999 -9999 -9999 -9999 -9999 -9999 -9999 -9999 -9999 -9999 -9999 -9999 -9999 -9999 -9999 -9999 -9999 -9999 -9999 -9999 -9999 -9999 -9999 -9999 -9999 -9999 -9999 -9999 -9999 -9999 -9999 -9999 -9999 136.543 134.659 -9999 -9999 -9999 -9999 129.446 142.282 137.524 151.704 168.531 186.447 176.986 189.751 212.525 207.511 194.446 204.17 188.999 169.231 137.295 111.885 88.373 74.791 67.524 63.328 63.721 69.927 74.313 75.351 73.925 74.387 74.023 75.222 83.883 91.44 89.949 79.552 69.193
-9999 -9999 -9999 -9999 -9999 -9999 -9999 -9999 -9999 -9999 -9999 -9999 -9999 -9999 -9999 -9999 -9999 -9999 -9999 -9999 -9999 -9999 -9999 -9999 -9999 -9999 -9999 -9999 -9999 -9999 -9999 -9999 -9999 -9999 -9999 129.504 -9999 -9999 -9999 -9999 125.684 134.357 145.721 169.254 184.983 207.19 193.377 163.531 189.468 200.968 174.316 173.233 167.19 164.391 152.793 132.186 105.446 87.476 74.585 70.188 66.75 63.095 63.951 68.334 71.034 72.835 78.804 88.858 88.502 88.551 89.785 86.875 81.693 73.001
-9999 -9999 -9999 -9999 -9999 -9999 -9999 -9999 -9999 -9999 -9999 -9999 -9999 -9999 -9999 -9999 -9999 -9999 -9999 -9999 -9999 -9999 -9999 -9999 -9999 -9999 -9999 -9999 -9999 -9999 -9999 -9999 -9999 -9999 -9999 -9999 -9999 -9999 -9999 -9999 120.636 130.962 159.985 203.806 238.492 238.392 201.08 183.636 167.494 166.116 152.512 153.84 158.578 146.892 140.067 128.116 105.05 88.713 76.995 70.266 67.033 63.441 63.71 65.119 67.917 73.442 78.233 92.788 100.252 86.82 83.665 77.822 73.041 69.308
-9999 -9999 -9999 -9999 -9999 -9999 -9999 -9999 -9999 -9999 -9999 -9999 -9999 -9999 -9999 -9999 -9999 -9999 -9999 -9999 -9999 -9999 -9999 -9999 -9999 -9999 -9999 -9999 -9999 -9999 -9999 -9999 -9999 -9999 -9999 -9999 -9999 -9999 -9999 -9999 115.641 129.329 169.253 218.26 251.835 232.83 203.497 164.083 159.311 149.911 137.145 136.041 130.33 134.99 123.615 117.009 101.751 86.77 76.279 67.951 64.416 64.172 65.042 63.959 64.179 69.792 76.002 83.039 90.14 85.003 77.277 71.841 69.015 68.321
-9999 -9999 -9999 -9999 -9999 -9999 -9999 -9999 -9999 -9999 -9999 -9999 -9999 -9999 -9999 -9999 -9999 -9999 -9999 -9999 -9999 -9999 -9999 -9999 -9999 -9999 -9999 -9999 -9999 -9999 -9999 -9999 -9999 -9999 -9999 -9999 -9999 -9999 -9999 111.609 117.684 134.318 169.172 224.244 239.228 208.732 188.065 149.207 142.058 145.413 135.857 131.919 133.921 121.633 112.364 99.763 92.553 77.407 71.887 66.222 64.306 64.091 63.657 61.598 61.446 63.926 70.291 75.315 80.201 78.049 74.668 70.539 67.463 68.265
-9999 -9999 -9999 -9999 -9999 -9999 -9999 -9999 -9999 -9999 -9999 -9999 -9999 -9999 -9999 -9999 -9999 -9999 -9999 -9999 -9999 -9999 -9999 -9999 -9999 -9999 -9999 -9999 -9999 -9999 -9999 -9999 -9999 -9999 -9999 -9999 -9999 -9999 -9999 111.746 114.902 128.312 157.787 185.491 170.704 171.697 152.169 150.491 171.31 152.834 143.157 138.55 128.773 119.374 103.719 97.804 96.864 87.126 72.394 68.629 65.181 63.005 61.473 59.325 59.086 61.751 64.881 68.084 70.447 73.812 72.641 68.87 65.914 66.666
-9999 -9999 -9999 -9999 -9999 -9999 -9999 -9999 -9999 -9999 -9999 -9999 -9999 -9999 -9999 -9999 -9999 -9999 -9999 -9999 -9999 -9999 -9999 -9999 -9999 -9999 -9999 -9999 -9999 -9999 -9999 -9999 -9999 -9999 -9999 -9999 -9999 -9999 110.193 108.95 112.804 122.209 138.52 142.823 143.697 147.186 145.792 153.05 156.177 145.241 141.262 153.966 139.772 112.024 105.52 93.361 88.015 84.549 79.172 68.992 66.407 63.432 60.097 59.355 58.764 60.46 63.317 65.82 68.613 72.222 75.666 73.05 69.107 65.695
-9999 -9999 -9999 -9999 -9999 -9999 -9999 -9999 -9999 -9999 -9999 -9999 -9999 -9999 -9999 -9999 -9999 -9999 -9999 -9999 -9999 -9999 -9999 -9999 -9999 -9999 -9999 -9999 -9999 -9999 -9999 -9999 -9999 -9999 -9999 -9999 -9999 -9999 101.124 105.259 109.197 114.541 121.787 124.294 129.43 140.285 142.394 141.147 148.711 149.205 177.294 174.096 153.484 126.466 105.395 99.751 83.989 74.06 73.599 70.942 64.715 63.3 60.753 57.779 56.929 56.759 57.535 57.792 62.355 70.103 77.763 77.608 71.691 67.507
-9999 -9999 -9999 -9999 -9999 -9999 -9999 -9999 -9999 -9999 -9999 -9999 -9999 -9999 -9999 -9999 -9999 -9999 -9999 -9999 -9999 -9999 -9999 -9999 -9999 -9999 -9999 -9999 -9999 -9999 -9999 -9999 -9999 -9999 -9999 -9999 -9999 -9999 98.584 99.03 99.512 103.913 114.967 118.31 126.957 140.311 144.901 154.929 171.913 181.161 190.238 172.84 148.186 123.767 103.79 94.819 88.062 75.126 66.352 64.123 62.123 58.382 58.563 56.91 53.948 55.975 58.15 56.764 57.769 64.225 71.342 74.23 69.778 66.076
-9999 -9999 -9999 -9999 -9999 -9999 -9999 -9999 -9999 -9999 -9999 -9999 -9999 -9999 -9999 -9999 -9999 -9999 -9999 -9999 -9999 -9999 -9999 -9999 -9999 -9999 -9999 -9999 -9999 -9999 -9999 -9999 -9999 -9999 -9999 -9999 -9999 -9999 -9999 95.327 95.607 101.517 106.222 123.962 144.095 161.298 172.83 186.137 175.339 191.25 180.695 168.17 142.819 112.292 99.448 83.832 80.488 73.025 66.897 62.107 59.092 56.317 56.709 56.116 55.505 55.651 58.667 57.041 53.439 59.506 65.259 66.863 -9999 63.25
