Validation/Results/raw data/ReClimate_04_2024_2_Temperature-Actuals 2.asc
NCOLS 192
NROWS 249
XLLCENTER -225160.85627316462
YLLCENTER 29788.11610251502
CELLSIZE 5000.0
NODATA_VALUE -9999
[rows 170 to 203 of 249, columns 75 to 149 of 192]
-9999 -9999 -9999 -9999 -9999 -9999 -9999 -9999 -9999 -9999 -9999 -9999 -9999 -9999 -9999 -9999 -9999 14.013 14.062 -9999 -9999 -9999 -9999 -9999 -9999 -9999 -9999 -9999 -9999 -9999 -9999 -9999 -9999 -9999 -9999 -9999 15.454 15.532 15.522 15.545 15.392 15.373 15.438 15.454 15.467 15.607 15.705 15.713 15.455 14.931 13.998 13.104 12.306 12.539 12.524 13.056 14.262 14.832 15.152 14.77 14.689 14.89 15.13 15.11 15.059 14.973 14.992 15.01 14.908 14.852 14.917 14.91 14.765 14.28 14.223
-9999 -9999 -9999 -9999 -9999 -9999 -9999 -9999 -9999 -9999 -9999 -9999 -9999 -9999 -9999 -9999 -9999 13.951 13.946 14.074 -9999 -9999 -9999 -9999 -9999 -9999 -9999 -9999 -9999 -9999 -9999 -9999 -9999 -9999 -9999 15.518 15.519 15.515 15.476 15.319 15.421 15.407 15.513 15.469 15.476 15.508 15.521 15.46 15.357 15.003 14.301 13.151 12.29 12.793 13.317 13.412 14.099 15.174 15.363 15.111 14.599 14.72 15.051 15.087 15.034 14.955 14.984 15.03 14.978 14.841 14.879 14.908 14.834 14.512 14.197
-9999 -9999 -9999 -9999 -9999 -9999 -9999 -9999 -9999 -9999 -9999 -9999 -9999 -9999 -9999 -9999 14.26 14.169 14.072 14.222 14.403 -9999 -9999 -9999 -9999 -9999 -9999 -9999 -9999 -9999 -9999 -9999 14.866 -9999 -9999 15.579 15.227 15.439 15.464 15.512 -9999 15.266 15.279 15.257 15.295 15.237 15.293 15.152 15.12 14.703 13.974 14.292 13.115 13.413 13.976 13.295 14.194 14.718 15.177 15.095 14.756 14.761 14.95 15.085 15.18 15.164 15.128 15.088 15.046 14.909 14.897 14.964 14.869 14.728 14.384
-9999 -9999 -9999 -9999 -9999 -9999 -9999 -9999 -9999 -9999 -9999 -9999 -9999 -9999 -9999 -9999 14.433 14.379 14.372 14.41 14.531 14.429 14.342 -9999 -9999 -9999 14.129 14.478 -9999 14.642 14.707 14.862 14.222 14.51 -9999 -9999 15.239 15.196 -9999 -9999 15.26 15.127 15.369 15.552 15.414 15.288 15.094 15.0 14.835 14.193 13.376 13.696 13.549 13.282 13.509 13.432 13.619 14.849 15.031 14.884 14.578 14.738 14.849 15.011 15.087 15.133 15.154 15.113 15.063 14.975 14.93 15.025 14.957 14.861 14.64
-9999 -9999 -9999 -9999 -9999 -9999 -9999 -9999 -9999 -9999 -9999 -9999 -9999 -9999 -9999 -9999 -9999 14.489 14.447 14.505 14.713 14.682 -9999 -9999 12.221 12.345 14.199 13.693 13.842 14.013 14.685 14.71 14.618 14.264 14.32 -9999 15.24 15.303 15.287 15.299 14.977 14.841 15.299 15.66 15.561 15.281 15.093 14.899 14.712 13.92 12.872 13.011 13.302 13.55 13.873 13.731 13.869 14.566 15.042 14.893 14.612 14.656 14.716 14.831 14.942 15.011 15.093 15.109 15.005 14.782 14.868 15.071 15.045 14.973 14.829
-9999 -9999 -9999 -9999 -9999 -9999 -9999 -9999 -9999 -9999 -9999 -9999 -9999 -9999 -9999 -9999 -9999 14.377 14.345 14.738 14.921 14.98 14.639 12.996 10.752 13.486 14.256 13.411 13.895 13.555 14.108 14.776 14.514 13.488 14.168 14.536 15.088 15.352 15.301 15.179 14.958 14.873 15.148 15.427 15.402 15.265 15.057 14.868 14.568 13.57 12.945 12.638 13.05 13.155 14.001 14.207 13.835 14.054 14.602 14.73 14.706 14.691 14.634 14.72 14.854 14.929 15.12 15.094 15.079 15.037 14.901 15.089 15.129 15.101 15.028
-9999 -9999 -9999 -9999 -9999 -9999 -9999 -9999 -9999 -9999 -9999 -9999 -9999 -9999 -9999 -9999 -9999 -9999 14.442 14.778 14.812 14.274 12.993 10.142 11.053 13.342 13.584 13.849 13.161 12.955 13.308 13.748 13.946 14.106 13.412 14.328 14.916 15.114 15.256 15.241 15.045 14.979 15.096 15.28 15.334 15.145 14.957 14.778 14.287 13.657 13.026 12.856 13.316 13.133 13.441 14.501 14.149 14.119 14.436 14.526 14.718 14.893 14.786 14.727 14.803 14.922 15.143 15.158 15.161 15.044 15.032 15.108 15.178 15.219 15.176
-9999 -9999 -9999 -9999 -9999 -9999 -9999 -9999 -9999 -9999 -9999 -9999 -9999 -9999 -9999 -9999 -9999 -9999 -9999 -9999 14.206 13.167 11.866 11.264 11.75 13.645 14.268 13.45 12.572 12.314 12.419 13.402 14.215 13.808 13.17 13.869 14.61 15.007 15.301 15.231 15.037 14.869 15.034 15.185 15.181 15.09 14.915 14.563 13.928 13.583 13.393 12.961 13.279 13.127 13.058 13.758 14.513 14.402 14.767 14.625 14.501 14.775 14.872 14.918 14.955 15.055 15.182 15.21 15.2 15.166 15.001 15.103 15.183 15.261 15.293
-9999 -9999 -9999 -9999 -9999 -9999 -9999 -9999 -9999 -9999 -9999 -9999 -9999 -9999 -9999 -9999 -9999 -9999 -9999 14.628 13.883 13.347 12.94 11.842 13.04 13.994 13.79 13.593 12.761 12.13 12.56 12.71 13.656 13.524 13.094 13.577 14.199 15.061 15.222 15.195 14.846 14.702 14.887 15.089 15.124 15.033 14.75 14.204 13.986 14.115 13.624 13.068 13.382 13.448 13.591 13.829 14.063 14.629 14.742 14.711 14.701 14.711 14.886 14.849 15.069 15.207 15.25 15.247 15.252 15.04 15.066 15.175 15.254 15.28 15.33
-9999 -9999 -9999 -9999 -9999 -9999 -9999 -9999 -9999 -9999 -9999 -9999 -9999 -9999 -9999 -9999 -9999 -9999 14.453 12.915 13.792 13.439 12.84 13.117 11.837 12.385 12.902 12.822 12.127 12.685 12.498 13.107 13.643 12.925 12.669 13.435 14.288 15.05 15.296 15.146 14.704 14.719 14.913 15.029 15.07 14.843 14.452 14.438 14.351 13.855 13.502 13.283 13.157 13.768 14.037 14.277 14.534 14.594 14.908 14.824 14.948 14.934 14.954 15.159 14.986 15.198 15.289 15.242 15.242 15.077 15.021 15.262 15.269 15.272 15.299
-9999 -9999 -9999 -9999 -9999 -9999 -9999 -9999 -9999 -9999 -9999 -9999 -9999 -9999 -9999 -9999 -9999 14.299 12.933 13.912 14.141 13.781 13.963 13.327 13.055 12.638 12.245 11.97 12.033 12.219 12.582 13.496 13.08 13.176 14.048 14.307 14.845 14.966 15.181 14.992 14.728 14.721 14.8 14.938 14.757 14.401 14.532 14.529 14.356 13.805 13.7 14.105 13.951 13.932 14.266 14.432 14.614 14.749 14.811 15.001 15.121 15.265 15.291 15.367 15.328 15.174 15.227 15.24 15.234 15.08 15.035 15.276 15.305 15.235 15.225
-9999 -9999 -9999 -9999 -9999 -9999 -9999 -9999 -9999 -9999 -9999 -9999 -9999 -9999 -9999 13.989 14.281 14.063 14.225 14.577 14.683 14.526 14.831 14.363 13.535 12.789 12.094 11.148 12.591 12.77 13.363 13.349 12.47 12.867 13.466 14.43 14.779 14.88 14.958 14.844 14.695 14.607 14.756 14.734 14.501 14.395 14.347 14.641 14.343 13.965 14.047 14.164 14.3 14.404 14.511 14.683 14.811 15.127 15.089 15.078 15.313 15.516 15.585 15.461 15.345 15.271 15.204 15.137 15.17 14.973 14.894 15.161 15.292 15.242 15.141
-9999 -9999 -9999 -9999 -9999 -9999 -9999 -9999 -9999 -9999 -9999 -9999 -9999 -9999 13.816 13.939 14.157 14.352 -9999 -9999 -9999 -9999 14.131 13.085 12.964 12.732 11.866 12.808 12.858 12.233 12.809 12.235 11.001 11.995 13.101 13.754 14.595 15.003 14.887 14.783 14.738 14.74 14.768 14.718 14.552 14.478 14.366 14.509 14.344 14.296 14.294 14.343 14.578 14.71 14.803 15.041 15.122 15.314 15.515 15.33 15.345 15.439 15.539 15.471 15.3 15.165 15.015 14.95 14.986 14.934 14.833 14.985 15.211 15.266 15.184
-9999 -9999 -9999 -9999 -9999 -9999 -9999 -9999 -9999 -9999 -9999 -9999 -9999 -9999 13.823 13.694 14.363 -9999 -9999 -9999 -9999 -9999 13.791 13.134 12.837 13.168 12.468 12.592 12.109 11.61 11.941 11.647 11.774 13.339 13.507 14.276 14.902 15.087 14.95 14.827 14.758 14.66 14.648 14.731 14.649 14.497 14.478 14.409 14.545 14.542 14.632 14.419 14.394 14.556 14.881 15.211 15.381 15.405 15.322 15.227 15.16 15.18 15.229 15.087 15.029 14.779 14.604 14.593 14.762 14.851 14.865 15.003 15.187 15.329 15.297
-9999 -9999 -9999 -9999 -9999 -9999 -9999 -9999 -9999 -9999 -9999 -9999 -9999 -9999 -9999 -9999 14.461 -9999 -9999 -9999 -9999 -9999 13.576 12.971 13.564 13.337 12.979 12.881 11.51 11.919 13.002 12.241 13.171 13.525 13.904 14.679 15.098 15.131 14.82 14.791 14.718 14.68 14.85 14.821 14.811 14.73 14.575 14.615 14.723 14.841 14.781 14.753 14.651 14.591 14.902 15.053 14.935 15.037 15.051 14.949 15.037 15.005 14.845 14.576 14.429 14.632 14.55 14.517 14.615 14.768 14.862 15.016 15.21 15.377 15.381
-9999 -9999 -9999 -9999 -9999 -9999 -9999 -9999 -9999 -9999 -9999 -9999 -9999 -9999 -9999 -9999 -9999 -9999 -9999 -9999 -9999 -9999 13.905 13.554 14.831 14.137 13.312 11.915 12.121 12.4 12.565 13.405 13.473 13.642 14.654 14.975 15.214 15.039 14.93 14.85 14.912 14.97 14.999 15.028 14.973 14.845 14.756 14.701 14.776 14.753 14.62 14.881 15.041 14.993 14.956 15.126 14.86 14.645 14.772 14.632 14.813 15.038 14.816 14.635 14.473 14.538 14.748 14.682 14.647 14.827 14.989 15.107 15.238 15.4 15.436
-9999 -9999 -9999 -9999 -9999 -9999 -9999 -9999 -9999 -9999 -9999 -9999 -9999 -9999 -9999 -9999 -9999 -9999 -9999 -9999 -9999 -9999 -9999 14.246 13.212 12.893 12.837 13.066 12.94 12.788 13.622 13.708 14.191 14.747 14.598 15.1 15.035 14.676 14.732 14.898 15.108 15.239 15.164 15.019 14.929 14.704 14.659 14.69 14.777 14.606 14.444 14.681 15.049 15.162 15.138 15.072 15.009 14.781 14.597 14.313 14.368 14.961 15.042 14.728 14.497 14.335 14.444 14.742 14.756 14.891 15.094 15.308 15.367 15.456 15.482
-9999 -9999 -9999 -9999 -9999 -9999 -9999 -9999 -9999 -9999 -9999 -9999 -9999 -9999 -9999 -9999 -9999 -9999 -9999 -9999 -9999 -9999 13.968 13.642 13.451 12.61 13.628 13.708 13.053 13.455 13.587 13.664 14.775 14.717 14.642 14.824 13.718 14.392 14.753 14.82 14.89 15.158 14.916 14.458 14.476 14.703 14.878 14.812 14.895 14.781 14.775 14.853 15.084 15.161 15.181 15.127 14.976 14.893 14.67 14.573 14.619 14.953 15.047 14.769 14.429 14.198 14.258 14.638 14.928 15.035 15.237 15.42 15.522 15.557 15.582
-9999 -9999 -9999 -9999 -9999 -9999 -9999 -9999 -9999 -9999 -9999 -9999 -9999 -9999 -9999 -9999 -9999 -9999 -9999 -9999 -9999 -9999 14.321 14.019 12.523 14.245 14.796 13.978 13.718 13.385 12.868 13.721 14.707 14.698 14.947 14.413 14.403 14.4 14.268 14.349 14.887 14.896 14.628 14.598 14.678 15.002 14.952 14.929 15.016 14.973 15.172 15.242 15.231 15.2 15.149 15.144 15.083 14.979 14.86 14.666 14.832 15.029 14.923 14.56 14.206 14.218 14.295 14.459 14.827 15.141 15.251 15.451 15.526 15.571 15.663
-9999 -9999 -9999 -9999 -9999 -9999 -9999 -9999 -9999 -9999 -9999 -9999 -9999 -9999 -9999 -9999 -9999 -9999 -9999 -9999 -9999 -9999 14.144 13.702 14.775 14.696 14.388 13.973 13.411 12.516 12.953 13.362 14.238 14.632 15.022 14.805 14.349 13.672 13.351 13.646 14.445 14.318 14.552 14.543 14.836 15.1 14.982 15.033 15.1 15.196 15.417 15.356 15.209 15.2 15.125 14.911 15.043 15.093 15.017 14.925 14.999 15.075 14.882 14.59 14.398 14.369 14.534 14.701 14.93 15.081 15.263 15.42 15.645 15.619 15.702
-9999 -9999 -9999 -9999 -9999 -9999 -9999 -9999 -9999 -9999 -9999 -9999 -9999 -9999 -9999 -9999 -9999 -9999 -9999 -9999 -9999 -9999 -9999 14.623 13.795 13.257 12.608 12.568 12.651 13.038 13.506 14.334 14.56 14.825 14.732 14.64 14.373 13.938 13.587 13.631 14.017 14.422 14.431 14.307 14.698 14.987 14.875 15.162 15.218 15.183 15.598 15.63 15.373 15.232 15.127 14.832 14.776 15.116 15.077 15.02 15.067 15.043 14.818 14.682 14.702 14.823 14.822 14.921 14.996 15.054 15.273 15.473 15.564 15.621 15.723
-9999 -9999 -9999 -9999 -9999 -9999 -9999 -9999 -9999 -9999 -9999 -9999 -9999 -9999 -9999 -9999 -9999 -9999 -9999 -9999 -9999 -9999 -9999 13.934 13.037 12.373 11.857 11.816 12.366 13.341 14.19 14.381 14.04 13.556 13.307 13.459 14.061 14.401 13.935 13.96 14.24 14.441 13.906 14.176 14.522 14.669 14.781 15.191 15.227 15.366 15.313 15.479 15.512 15.311 15.103 14.941 14.94 15.16 15.202 14.99 14.885 14.84 14.698 14.68 14.845 14.763 14.796 14.816 15.006 15.007 15.218 15.409 15.393 15.49 15.652
-9999 -9999 -9999 -9999 -9999 -9999 -9999 -9999 -9999 -9999 -9999 -9999 -9999 -9999 -9999 -9999 -9999 -9999 -9999 -9999 -9999 -9999 14.317 14.012 13.101 12.373 12.013 12.406 12.916 13.409 13.098 12.384 12.828 12.833 13.098 14.051 14.439 14.215 14.139 14.428 14.59 14.112 13.942 14.024 14.362 14.614 14.81 15.278 15.255 15.109 15.312 15.111 15.26 15.244 15.153 15.089 15.215 15.393 15.291 15.115 15.044 14.885 14.815 14.624 14.727 14.768 14.799 14.922 14.998 15.206 15.346 15.361 15.292 15.393 15.6
-9999 -9999 -9999 -9999 -9999 -9999 -9999 -9999 -9999 -9999 -9999 -9999 -9999 -9999 -9999 -9999 -9999 -9999 -9999 -9999 -9999 -9999 14.235 13.66 13.313 13.052 12.556 11.955 12.35 12.599 12.489 12.657 12.47 12.46 13.085 13.966 13.608 13.668 14.43 14.292 14.795 14.374 13.924 13.827 14.54 14.64 15.228 15.362 15.196 15.104 14.639 14.895 14.956 15.038 15.077 15.186 15.234 15.352 15.351 15.129 15.239 15.3 14.926 14.713 14.606 14.659 14.79 15.133 15.274 15.419 15.504 15.406 15.299 15.369 15.465
-9999 -9999 -9999 -9999 -9999 -9999 -9999 -9999 -9999 -9999 -9999 -9999 -9999 -9999 -9999 -9999 -9999 -9999 -9999 -9999 -9999 -9999 13.78 13.829 14.052 13.407 12.283 11.755 12.269 12.574 12.947 12.637 12.831 13.072 13.272 13.173 13.495 14.385 14.473 14.611 14.28 14.69 14.402 14.58 14.563 14.734 15.259 15.479 15.32 14.895 14.983 14.903 14.868 14.93 14.965 15.184 15.316 15.193 15.215 15.183 15.28 15.356 14.994 14.685 14.777 14.925 14.868 15.152 15.362 15.596 15.621 15.465 15.471 15.555 15.65
-9999 -9999 -9999 -9999 -9999 -9999 -9999 -9999 -9999 -9999 -9999 -9999 -9999 -9999 -9999 -9999 -9999 -9999 -9999 -9999 -9999 13.859 13.646 13.312 13.564 13.327 12.268 12.246 11.981 12.679 13.569 13.691 13.846 13.311 13.077 13.668 14.044 14.066 14.487 14.452 14.907 15.03 14.996 14.894 14.75 15.118 15.449 15.541 15.481 15.369 15.256 15.238 15.103 15.081 15.023 15.117 15.276 15.253 15.233 15.328 15.313 15.214 14.987 14.833 15.013 15.162 15.158 15.198 15.512 15.546 15.598 15.461 15.405 15.562 15.734
-9999 -9999 -9999 -9999 -9999 -9999 -9999 -9999 -9999 -9999 -9999 -9999 -9999 -9999 -9999 -9999 -9999 -9999 -9999 -9999 13.655 13.618 13.208 13.648 13.673 12.555 11.95 11.955 12.455 13.175 13.895 13.864 13.984 13.468 12.839 13.862 13.897 14.581 14.719 14.973 15.039 14.932 14.77 14.831 14.783 15.29 15.507 15.853 15.791 15.592 15.534 15.469 15.405 15.215 15.151 15.276 15.359 15.28 15.205 15.201 15.199 15.069 14.944 14.895 15.066 15.325 15.43 15.509 15.399 15.366 15.369 15.368 15.397 15.561 15.628
-9999 -9999 -9999 -9999 -9999 -9999 -9999 -9999 -9999 -9999 -9999 -9999 -9999 -9999 -9999 -9999 -9999 -9999 13.337 13.447 13.464 14.217 14.2 13.959 13.227 12.187 11.861 11.912 12.009 13.12 13.673 14.293 13.992 13.273 13.259 13.976 14.624 14.832 15.116 15.105 15.12 14.735 14.626 14.647 15.094 15.636 15.911 15.997 15.821 15.578 15.576 15.65 15.557 15.357 15.337 15.369 15.472 15.211 15.093 14.954 14.82 14.829 14.833 15.015 15.154 15.312 15.274 15.385 15.378 15.397 15.371 15.369 15.434 15.601 15.716
-9999 -9999 -9999 -9999 -9999 -9999 -9999 -9999 -9999 -9999 -9999 -9999 -9999 -9999 -9999 -9999 -9999 13.29 13.229 13.142 13.692 14.158 14.077 13.707 12.477 12.382 11.942 12.033 12.727 13.689 14.386 14.397 14.224 13.576 12.992 13.745 14.488 15.069 15.025 15.017 14.707 14.865 14.631 14.741 15.345 15.805 16.123 16.019 15.618 15.666 15.509 15.555 15.634 15.591 15.482 15.377 15.234 15.258 15.042 15.013 14.905 14.68 14.646 14.736 14.957 15.105 15.137 15.231 15.389 15.326 15.525 15.548 15.559 15.649 15.635
-9999 -9999 -9999 -9999 -9999 -9999 -9999 -9999 -9999 -9999 -9999 -9999 -9999 -9999 14.442 14.194 13.886 13.721 13.38 13.513 13.785 14.23 14.225 12.998 12.749 12.56 12.938 12.312 13.419 13.76 13.418 14.094 14.343 12.836 13.578 14.305 15.293 15.28 15.028 14.486 15.205 14.996 14.928 15.053 15.3 15.835 16.078 16.096 15.882 15.824 15.645 15.497 15.6 15.599 15.601 15.356 15.195 14.855 15.047 15.153 15.088 14.854 14.79 14.871 15.023 15.198 15.182 15.251 15.284 15.425 15.493 15.568 15.51 15.61 15.685
-9999 -9999 -9999 -9999 -9999 -9999 -9999 -9999 -9999 -9999 -9999 -9999 13.794 14.038 14.389 14.424 14.33 13.942 14.059 13.916 14.239 14.011 13.048 13.471 13.272 13.198 13.475 13.179 13.153 12.35 13.021 13.568 13.531 13.957 14.466 15.081 14.401 14.688 15.015 15.281 15.421 15.371 15.222 15.316 15.622 15.686 16.002 16.211 16.061 15.933 15.809 15.703 15.656 15.352 15.459 15.49 15.202 14.989 14.852 15.164 15.124 14.899 14.806 14.851 14.976 15.26 15.413 15.444 15.369 15.317 15.513 15.443 15.374 15.543 15.72
-9999 -9999 -9999 -9999 -9999 -9999 -9999 -9999 13.793 13.942 13.901 13.86 13.358 14.254 14.246 14.449 14.245 13.899 13.961 14.039 13.983 13.166 13.572 13.941 13.357 13.903 13.763 13.427 12.491 12.754 13.25 13.611 13.62 14.394 14.91 13.673 13.778 14.635 14.776 15.329 15.452 15.527 15.361 15.166 15.522 15.459 16.108 16.179 16.068 15.791 15.594 15.62 15.041 15.226 15.348 15.458 15.222 14.882 14.899 15.076 15.125 15.101 14.993 14.993 15.075 15.306 15.416 15.481 15.451 15.271 15.315 15.415 15.408 15.65 15.868
-9999 -9999 -9999 -9999 -9999 -9999 -9999 14.044 13.88 13.967 13.868 13.03 12.815 13.103 13.537 14.062 13.545 13.373 13.592 13.676 13.302 13.767 13.928 13.618 14.164 14.441 14.091 13.435 12.935 13.283 13.578 13.675 14.104 14.543 13.418 12.172 13.54 14.394 15.055 15.082 15.327 15.181 15.267 15.473 15.578 15.88 16.024 16.031 16.042 15.757 15.407 14.965 14.672 14.548 15.16 15.346 14.898 14.755 14.855 15.048 15.177 15.141 15.124 15.111 15.257 15.262 15.316 15.414 15.242 15.095 15.289 15.424 15.494 15.691 15.836
-9999 -9999 -9999 -9999 -9999 -9999 14.118 13.896 13.951 14.08 13.63 13.107 13.321 13.658 14.049 13.684 13.652 13.649 14.227 13.77 13.633 14.02 14.073 14.294 14.908 14.486 13.636 13.188 13.512 13.795 13.784 14.424 14.697 14.325 12.64 12.71 13.531 14.916 14.77 14.932 14.912 15.408 15.578 15.496 15.684 15.839 15.968 16.003 16.165 15.997 15.563 14.899 14.475 14.691 15.074 15.181 14.88 14.55 14.785 15.023 15.123 15.225 15.224 15.265 15.287 15.316 15.204 15.279 15.377 15.247 15.38 15.449 15.331 15.568 15.749
