Validation/Results/raw data/ReClimate_05_2024_1_Precipitation-Actuals.asc
NCOLS 192
NROWS 249
XLLCENTER -225160.85627316462
YLLCENTER 29788.11610251502
CELLSIZE 5000.0
NODATA_VALUE -9999
[rows 198 to 230 of 249, columns 75 to 149 of 192]
-9999 -9999 -9999 -9999 -9999 -9999 -9999 -9999 -9999 -9999 -9999 -9999 -9999 -9999 -9999 -9999 -9999 87.459 89.839 89.964 84.382 80.117 92.439 105.295 114.018 113.319 121.234 117.077 103.473 86.454 71.991 69.928 71.052 81.728 83.212 71.39 64.256 60.509 61.775 62.726 63.591 62.016 64.337 63.34 60.219 59.327 57.771 54.617 54.509 57.067 58.724 58.103 56.579 55.887 55.756 56.111 57.426 56.674 57.949 58.022 56.769 58.137 57.217 56.657 55.846 56.471 56.988 54.516 54.598 56.986 52.037 50.509 49.798 49.414 47.54
-9999 -9999 -9999 -9999 -9999 -9999 -9999 -9999 -9999 -9999 -9999 -9999 -9999 -9999 60.969 74.057 78.682 80.633 88.166 88.155 85.551 81.845 88.113 112.675 111.907 110.278 105.439 112.631 95.19 85.06 82.138 71.67 70.427 86.703 72.832 60.778 52.449 56.078 58.591 63.979 58.196 59.671 58.073 60.286 61.594 62.256 61.48 55.576 56.472 54.275 57.085 60.137 55.783 53.854 54.661 56.678 57.343 59.606 56.763 54.809 54.447 55.874 57.012 54.937 53.625 54.369 56.708 56.74 55.019 54.383 53.501 47.434 47.926 47.522 45.403
-9999 -9999 -9999 -9999 -9999 -9999 -9999 -9999 -9999 -9999 -9999 -9999 73.961 70.057 75.027 73.528 73.001 81.592 85.146 90.89 86.714 88.727 112.569 104.848 103.898 104.376 101.181 104.403 100.415 100.225 85.058 77.453 78.756 70.981 60.002 52.096 62.222 61.031 54.881 53.452 53.355 54.038 55.529 57.253 62.773 64.345 58.582 56.246 54.128 53.038 56.575 59.065 56.641 57.783 56.541 54.224 54.283 54.545 56.5 53.99 52.467 55.201 57.725 56.534 55.117 54.017 55.051 55.026 55.661 53.844 44.563 45.961 47.956 47.825 47.089
-9999 -9999 -9999 -9999 -9999 -9999 -9999 -9999 73.321 82.189 79.405 76.621 87.615 79.814 82.161 80.35 80.116 85.128 88.157 95.676 96.81 113.728 114.101 100.617 103.732 97.302 99.13 101.708 103.954 94.104 83.297 75.484 76.043 66.4 58.355 68.95 68.828 59.769 58.579 54.701 55.051 52.341 56.114 63.443 59.061 61.552 59.223 53.443 53.32 56.031 56.731 53.198 56.555 56.829 56.778 53.904 51.203 52.006 52.457 51.413 52.976 53.202 53.793 54.944 54.304 53.757 55.343 54.914 54.598 54.518 51.464 44.121 46.802 47.608 46.587
-9999 -9999 -9999 -9999 -9999 -9999 -9999 68.089 77.166 82.056 95.905 105.275 107.337 103.366 103.891 92.102 100.764 101.17 101.788 103.758 112.728 119.058 106.053 102.881 92.53 89.277 90.848 94.257 94.714 85.995 78.707 74.905 69.347 70.162 80.665 93.454 77.711 64.98 58.548 57.907 55.746 59.997 58.755 55.708 55.502 55.647 53.809 53.463 54.285 57.05 57.709 59.455 57.844 60.703 56.341 53.715 57.075 54.678 52.413 51.386 52.678 54.371 53.853 52.798 52.645 49.479 53.921 54.293 54.106 53.168 48.994 47.206 47.479 49.092 48.309
-9999 -9999 -9999 -9999 -9999 -9999 64.325 71.378 79.177 87.022 94.863 106.473 104.058 104.42 95.747 101.609 103.971 105.341 108.024 111.596 120.663 114.496 99.737 90.019 82.143 89.282 96.24 96.308 90.475 83.548 75.713 66.292 67.67 68.742 93.448 89.432 79.454 66.138 62.492 59.333 61.063 57.179 55.27 55.36 52.711 50.183 51.528 53.452 55.664 57.12 51.621 56.111 59.348 59.364 58.389 54.699 56.882 59.109 55.239 52.523 52.936 51.791 51.027 48.442 48.871 50.594 50.93 55.017 54.719 53.415 49.938 50.61 46.415 45.519 48.883
-9999 -9999 -9999 -9999 60.176 -9999 64.105 67.94 73.15 80.617 84.898 91.519 95.529 91.169 92.163 92.418 93.363 92.852 99.646 96.674 97.05 90.473 88.233 88.908 100.005 108.638 123.117 131.551 108.239 99.533 93.092 97.464 84.27 73.499 78.389 98.49 81.349 74.938 68.489 67.909 62.656 56.332 55.567 59.197 56.157 53.586 51.497 53.945 60.41 57.612 61.636 60.054 52.963 53.507 55.305 53.725 54.308 57.386 55.291 52.399 52.479 52.634 47.308 47.865 48.009 50.418 50.671 52.015 51.177 51.899 50.868 51.653 53.954 49.461 48.401
-9999 -9999 -9999 -9999 -9999 -9999 -9999 -9999 78.777 80.476 83.128 86.077 84.136 86.641 88.573 88.445 83.002 88.821 89.179 85.27 89.114 92.245 97.852 99.779 112.756 125.46 141.238 138.964 135.448 121.893 132.024 128.612 89.361 83.095 84.385 68.191 78.121 72.921 61.314 59.547 57.739 62.151 63.26 64.968 58.272 53.29 51.448 55.505 58.369 62.041 69.961 65.915 58.659 53.015 54.092 53.783 56.746 55.832 52.033 50.019 48.74 49.292 49.296 47.164 48.033 48.382 48.3 48.955 50.999 52.191 54.16 54.099 52.085 53.308 51.065
-9999 -9999 -9999 -9999 -9999 -9999 -9999 -9999 76.612 77.277 81.659 79.765 86.572 92.188 93.406 86.105 82.904 86.172 87.218 92.223 96.158 97.73 98.951 99.895 108.639 117.548 125.141 127.807 122.789 124.063 131.322 111.183 104.383 91.204 76.057 81.213 86.956 64.867 57.656 60.461 67.776 66.531 68.041 63.053 64.613 53.287 54.488 58.479 66.502 66.514 63.206 60.141 59.366 56.019 56.141 54.886 54.891 57.316 52.237 47.566 47.574 47.677 50.382 49.307 48.102 47.708 47.467 48.23 50.561 54.599 53.915 53.649 52.535 49.188 49.416
-9999 -9999 -9999 -9999 -9999 -9999 62.867 68.476 73.141 77.458 -9999 80.284 84.88 86.748 80.899 78.299 78.082 -9999 83.727 84.913 95.015 105.6 99.255 111.51 115.764 119.234 122.824 117.636 108.511 113.334 102.608 96.404 93.385 93.255 85.748 90.388 82.644 64.988 63.814 62.54 64.979 70.945 67.973 64.245 57.536 53.636 57.905 66.733 62.652 63.652 58.975 59.441 57.658 57.234 55.689 54.239 51.818 52.081 50.887 50.784 50.071 49.803 48.817 48.614 47.092 48.227 49.488 50.637 53.834 55.136 55.193 52.261 53.15 52.538 49.131
-9999 -9999 -9999 -9999 -9999 -9999 63.185 -9999 -9999 -9999 74.77 76.626 77.567 -9999 -9999 -9999 -9999 -9999 81.143 85.559 97.765 92.589 98.383 105.968 107.199 112.611 115.064 112.427 139.574 136.042 111.907 95.149 95.966 98.115 94.547 90.652 77.085 70.961 65.439 63.202 68.194 67.126 61.957 58.308 55.688 53.251 61.303 64.068 63.828 64.3 59.424 56.845 55.267 54.996 53.332 53.062 52.076 51.793 50.631 50.185 52.548 50.817 49.94 47.893 47.976 49.052 54.485 54.894 54.777 56.415 55.822 50.161 50.728 51.373 51.104
-9999 -9999 -9999 -9999 -9999 -9999 -9999 -9999 70.502 73.847 74.781 71.525 73.723 -9999 -9999 -9999 -9999 -9999 -9999 -9999 -9999 86.788 93.746 95.116 95.267 102.293 113.314 141.381 157.053 150.409 129.582 114.855 104.71 96.334 87.378 92.837 87.125 70.823 67.813 76.919 73.575 68.27 56.951 58.217 57.322 59.135 66.506 64.321 65.193 62.573 60.437 57.186 53.582 52.8 52.381 51.903 52.513 51.761 50.127 48.695 49.379 50.027 49.511 49.741 50.523 52.284 52.099 57.002 56.65 56.243 53.769 52.636 48.829 51.415 50.773
-9999 -9999 -9999 -9999 -9999 -9999 -9999 -9999 -9999 74.289 -9999 -9999 -9999 -9999 -9999 -9999 -9999 -9999 -9999 82.266 83.88 87.8 88.174 83.689 85.077 95.733 115.967 138.797 155.364 152.433 132.014 115.006 106.142 98.646 93.681 91.998 77.096 63.627 66.426 75.178 71.592 62.465 -9999 64.418 61.738 63.773 69.663 66.007 62.159 59.874 58.573 56.569 53.675 52.935 51.41 52.801 47.652 46.671 47.238 47.788 49.203 47.843 47.559 50.458 54.661 54.482 55.836 50.929 53.197 54.117 52.588 49.959 50.012 51.053 53.868
-9999 -9999 -9999 -9999 -9999 -9999 -9999 -9999 -9999 -9999 -9999 -9999 -9999 -9999 -9999 -9999 -9999 -9999 -9999 80.063 81.759 80.081 77.731 -9999 -9999 -9999 98.949 123.231 125.239 124.933 119.283 116.13 107.969 98.638 83.501 80.261 71.122 63.881 68.146 65.558 60.048 -9999 61.231 60.216 62.04 66.516 68.603 62.182 58.569 56.934 63.095 59.613 54.737 51.654 52.117 51.726 53.731 51.219 50.509 49.132 48.419 48.796 50.185 49.325 51.305 55.797 56.096 52.167 48.928 52.277 50.159 47.555 48.17 49.704 49.395
-9999 -9999 -9999 -9999 -9999 -9999 -9999 -9999 -9999 -9999 -9999 -9999 -9999 -9999 -9999 -9999 -9999 -9999 -9999 -9999 -9999 -9999 -9999 -9999 -9999 -9999 77.023 89.538 98.804 101.296 103.931 101.692 95.908 86.6 82.049 75.035 67.923 65.439 64.697 -9999 -9999 59.472 59.303 64.671 65.23 61.016 63.383 61.559 60.14 61.216 58.147 57.362 53.582 51.372 55.469 54.999 51.141 53.874 57.0 51.753 48.664 50.401 49.8 52.847 51.509 52.303 53.424 51.937 45.302 47.088 48.906 48.344 46.823 47.511 47.761
-9999 -9999 -9999 -9999 -9999 -9999 -9999 -9999 -9999 -9999 -9999 -9999 -9999 -9999 -9999 -9999 -9999 -9999 -9999 -9999 -9999 -9999 -9999 -9999 -9999 -9999 72.142 77.574 84.235 88.281 93.374 88.072 83.925 81.788 75.518 71.313 -9999 -9999 -9999 -9999 -9999 59.327 63.872 67.109 61.128 63.383 65.003 63.447 60.776 56.526 53.847 53.885 56.35 54.092 58.306 59.048 55.783 53.55 56.39 56.404 50.276 50.331 50.547 49.477 51.373 48.727 48.523 48.126 46.113 44.851 46.243 46.618 46.06 45.503 44.918
-9999 -9999 -9999 -9999 -9999 -9999 -9999 -9999 -9999 -9999 -9999 -9999 -9999 -9999 -9999 -9999 -9999 -9999 -9999 -9999 -9999 -9999 -9999 -9999 -9999 -9999 -9999 -9999 77.736 86.091 84.321 80.157 78.346 74.864 72.294 -9999 -9999 -9999 -9999 61.929 66.092 67.553 63.007 62.427 61.77 68.353 67.459 65.468 59.225 55.47 56.257 58.911 61.724 60.919 58.453 58.583 56.713 55.055 55.378 52.997 51.097 48.785 50.279 47.896 47.834 47.158 46.589 48.121 48.094 48.089 47.232 46.123 45.762 45.735 45.919
-9999 -9999 -9999 -9999 -9999 -9999 -9999 -9999 -9999 -9999 -9999 -9999 -9999 -9999 -9999 -9999 -9999 -9999 -9999 -9999 -9999 -9999 -9999 -9999 -9999 -9999 -9999 -9999 -9999 73.507 72.541 74.91 69.361 66.163 -9999 -9999 -9999 -9999 61.277 64.632 67.949 67.338 65.222 61.064 61.993 65.283 64.124 63.901 59.516 57.363 61.012 61.852 63.536 64.377 59.268 56.962 56.098 56.129 54.053 52.983 49.484 51.088 49.885 48.233 46.413 47.087 46.922 49.012 52.022 51.753 48.584 45.948 45.496 45.701 44.784
-9999 -9999 -9999 -9999 -9999 -9999 -9999 -9999 -9999 -9999 -9999 -9999 -9999 -9999 -9999 -9999 -9999 -9999 -9999 -9999 -9999 -9999 -9999 -9999 -9999 -9999 -9999 -9999 -9999 -9999 -9999 -9999 -9999 -9999 -9999 -9999 -9999 63.409 61.575 62.228 64.518 68.256 63.717 61.612 63.503 61.738 63.644 63.602 57.481 57.637 57.954 59.589 58.853 60.809 61.224 58.852 57.505 60.009 58.327 55.235 53.743 53.93 53.306 48.837 46.133 47.225 48.007 48.792 49.756 49.137 47.625 46.141 45.094 48.046 46.726
-9999 -9999 -9999 -9999 -9999 -9999 -9999 -9999 -9999 -9999 -9999 -9999 -9999 -9999 -9999 -9999 -9999 -9999 -9999 -9999 -9999 -9999 -9999 -9999 -9999 -9999 -9999 -9999 -9999 -9999 -9999 -9999 -9999 -9999 -9999 -9999 62.621 63.816 69.967 70.838 84.564 81.055 73.601 64.11 60.841 61.914 64.149 57.457 54.388 53.863 56.367 57.926 57.628 59.781 61.529 63.541 61.301 60.309 63.629 60.511 58.78 56.559 54.972 50.45 46.646 46.06 48.214 47.913 48.228 47.124 44.662 45.22 45.257 45.142 48.322
-9999 -9999 -9999 -9999 -9999 -9999 -9999 -9999 -9999 -9999 -9999 -9999 -9999 -9999 -9999 -9999 -9999 -9999 -9999 -9999 -9999 -9999 -9999 -9999 -9999 -9999 -9999 -9999 -9999 -9999 -9999 -9999 -9999 -9999 -9999 -9999 60.107 63.144 63.967 72.935 80.25 84.168 77.84 69.691 67.208 68.825 63.396 56.496 55.935 60.84 59.021 60.139 60.734 58.533 59.6 60.046 62.88 60.958 60.305 60.807 56.887 56.383 53.271 50.069 47.361 47.259 46.903 47.244 47.582 46.586 45.967 45.975 48.001 47.48 47.739
-9999 -9999 -9999 -9999 -9999 -9999 -9999 -9999 -9999 -9999 -9999 -9999 -9999 -9999 -9999 -9999 -9999 -9999 -9999 -9999 -9999 -9999 -9999 93.255 105.225 111.478 100.003 -9999 80.813 -9999 -9999 -9999 -9999 -9999 -9999 -9999 -9999 58.219 59.812 64.255 69.174 76.128 76.77 71.114 76.047 66.068 59.963 58.041 62.627 61.765 57.775 58.658 57.792 56.325 55.484 57.571 58.427 57.21 57.394 55.968 57.201 56.613 57.982 53.428 49.902 49.994 51.285 47.786 47.388 47.986 47.299 47.905 47.631 48.053 45.951
-9999 -9999 -9999 -9999 -9999 -9999 -9999 -9999 -9999 -9999 -9999 -9999 -9999 -9999 -9999 -9999 -9999 -9999 -9999 -9999 92.277 95.963 89.163 93.66 114.138 114.795 104.309 95.981 80.741 66.562 58.613 -9999 -9999 61.903 58.783 54.836 54.416 56.153 55.664 56.915 64.967 71.341 71.248 79.64 72.608 66.514 62.147 66.263 61.631 57.333 59.131 57.344 55.874 54.124 54.139 59.898 59.522 55.835 52.863 53.731 55.846 58.626 56.856 57.945 55.461 50.904 50.019 49.098 46.066 47.84 48.219 54.327 52.708 49.524 48.625
-9999 -9999 -9999 -9999 -9999 -9999 -9999 -9999 -9999 -9999 -9999 -9999 -9999 -9999 -9999 -9999 -9999 -9999 -9999 91.657 91.999 91.051 88.433 106.882 119.69 125.134 114.797 100.572 89.581 79.904 68.325 59.805 63.888 63.694 59.208 57.028 55.607 54.716 54.719 59.389 62.783 66.606 73.482 73.019 70.454 66.864 74.352 67.857 65.593 61.771 58.205 55.92 55.144 53.885 53.677 54.671 58.837 55.361 54.848 55.005 55.672 57.937 62.394 61.254 56.976 52.853 49.889 53.199 51.57 51.057 50.653 50.201 54.579 53.095 51.12
-9999 -9999 -9999 -9999 -9999 -9999 -9999 -9999 -9999 -9999 -9999 -9999 -9999 -9999 -9999 -9999 -9999 -9999 -9999 91.441 83.068 78.246 82.542 93.297 110.155 111.709 113.445 102.148 89.516 79.265 76.856 78.018 68.96 63.286 64.295 61.114 55.936 53.701 57.073 57.602 61.37 62.931 65.44 66.324 64.545 72.351 70.068 66.853 66.916 61.622 56.406 56.83 56.447 54.352 54.563 56.04 56.164 56.267 56.274 56.103 53.842 54.494 56.957 61.851 59.857 53.569 52.198 53.229 53.944 50.234 50.632 49.433 50.941 53.294 57.328
-9999 -9999 -9999 -9999 -9999 -9999 -9999 -9999 -9999 -9999 -9999 -9999 -9999 -9999 -9999 -9999 -9999 -9999 -9999 80.683 73.324 75.314 74.665 86.159 89.426 93.979 94.736 89.145 83.184 81.28 84.063 80.144 68.707 63.853 59.002 55.445 51.968 54.308 51.541 53.06 62.158 58.495 59.778 61.77 64.032 64.112 61.655 59.785 62.514 59.066 63.185 61.333 57.74 54.247 53.013 55.143 56.1 57.611 56.806 55.992 58.077 57.278 58.168 59.98 63.33 57.055 51.67 49.763 50.531 49.973 50.067 49.11 48.609 50.326 51.315
-9999 -9999 -9999 -9999 -9999 -9999 -9999 -9999 -9999 -9999 -9999 -9999 -9999 -9999 -9999 88.023 93.338 -9999 81.861 71.937 76.718 77.419 74.173 74.903 76.31 79.901 85.671 85.574 83.978 78.757 77.719 71.601 62.939 57.681 55.4 54.856 56.271 55.772 50.006 57.031 56.8 57.934 57.783 57.711 58.979 58.381 58.747 62.789 65.706 64.814 66.312 64.113 59.447 54.086 52.91 55.184 57.124 56.767 57.562 56.275 57.755 61.294 60.501 60.131 58.866 58.021 52.184 53.568 54.744 53.331 51.278 51.566 48.227 48.04 47.92
-9999 -9999 -9999 -9999 -9999 -9999 -9999 -9999 -9999 -9999 -9999 -9999 -9999 -9999 -9999 93.924 95.652 85.875 80.242 80.623 79.806 73.624 74.307 78.594 74.901 78.907 82.618 82.983 82.307 78.765 73.233 68.638 64.645 66.341 67.912 62.305 60.798 59.555 53.713 56.235 58.221 57.171 53.212 51.657 56.56 56.662 55.775 58.781 60.703 65.274 67.391 61.918 58.703 56.318 56.316 57.525 56.55 55.315 55.578 55.193 56.312 58.807 57.979 59.028 63.298 58.379 58.933 56.313 55.773 55.715 52.646 51.767 51.503 48.67 47.839
-9999 -9999 -9999 -9999 -9999 -9999 -9999 -9999 -9999 -9999 -9999 -9999 -9999 -9999 85.151 93.0 92.649 90.036 88.782 82.346 77.91 75.686 77.09 74.83 72.155 79.69 77.394 75.57 77.851 72.43 67.742 67.264 69.432 75.598 71.487 67.879 70.34 61.709 62.034 60.672 57.304 57.542 53.777 56.829 54.375 50.531 52.525 55.421 60.785 59.603 60.843 58.849 59.131 55.648 56.346 60.314 58.649 54.506 52.931 54.933 56.076 56.728 54.75 54.778 58.04 59.85 58.631 62.458 57.829 60.738 55.702 57.085 57.075 52.307 49.206
-9999 -9999 -9999 -9999 -9999 -9999 -9999 -9999 -9999 -9999 -9999 -9999 -9999 -9999 -9999 79.73 88.712 88.009 84.913 77.989 75.293 72.242 69.276 70.917 73.32 74.754 71.426 72.341 70.656 68.283 67.616 63.051 71.041 75.236 73.803 74.031 67.832 66.312 66.521 63.522 61.082 59.575 59.106 57.997 54.232 54.271 55.699 58.377 51.889 57.658 58.416 61.795 62.533 59.785 57.371 58.78 57.994 55.293 51.67 -9999 54.186 53.907 55.995 53.201 54.242 53.939 52.676 53.665 52.764 51.984 53.314 50.754 54.525 54.435 51.688
-9999 -9999 -9999 -9999 -9999 -9999 -9999 -9999 -9999 -9999 -9999 -9999 -9999 -9999 74.557 77.287 78.534 80.327 80.813 80.633 77.533 70.195 68.488 67.966 70.932 66.679 64.824 62.594 65.872 65.549 62.088 64.493 68.566 70.492 72.541 73.978 66.037 64.677 72.793 69.051 63.981 68.877 64.58 64.115 64.611 61.018 58.502 57.815 54.33 53.235 56.111 56.508 58.466 59.251 59.628 58.486 57.165 59.084 54.512 49.573 -9999 48.146 -9999 48.47 -9999 47.753 -9999 48.706 47.905 48.095 47.211 47.33 47.467 47.128 -9999
-9999 -9999 -9999 -9999 -9999 -9999 -9999 -9999 -9999 -9999 -9999 -9999 -9999 -9999 75.532 73.382 74.537 75.494 81.517 83.514 81.94 76.324 73.66 70.064 66.472 62.319 58.402 58.809 61.726 58.942 60.974 61.741 66.638 70.065 75.572 70.349 63.12 70.565 69.818 59.878 64.727 62.113 64.515 67.832 64.786 60.201 60.096 57.267 54.821 56.246 56.631 55.447 55.023 54.28 57.126 56.514 53.638 52.342 51.553 47.483 -9999 -9999 44.067 43.463 -9999 -9999 44.315 43.845 45.092 -9999 -9999 -9999 -9999 -9999 -9999
-9999 -9999 -9999 -9999 -9999 -9999 -9999 -9999 -9999 -9999 -9999 -9999 -9999 82.565 75.605 75.644 73.305 73.964 75.82 81.018 85.068 87.147 86.136 80.668 71.621 64.8 62.228 63.053 59.014 60.437 58.601 62.007 66.399 76.18 76.496 68.291 65.068 63.809 51.768 51.807 57.25 62.539 66.039 63.827 60.863 59.095 57.031 56.485 55.481 53.623 53.972 56.382 54.301 51.361 48.796 52.027 51.428 -9999 -9999 -9999 46.927 -9999 -9999 -9999 -9999 -9999 -9999 45.661 -9999 -9999 -9999 -9999 -9999 -9999 -9999
