Validation/Results/raw data/ReClimate_03_2024_1_Precipitation-Actualsweatherlogisticsltd.asc
NCOLS 192
NROWS 249
XLLCENTER -225160.85627316462
YLLCENTER 29788.11610251502
CELLSIZE 5000.0
NODATA_VALUE -9999
[rows 132 to 164 of 249, columns 75 to 149 of 192]
-9999 -9999 -9999 -9999 -9999 -9999 -9999 -9999 -9999 -9999 -9999 -9999 77.297 80.592 81.462 82.652 93.093 100.452 115.576 123.422 129.431 125.835 94.234 83.095 83.336 90.561 86.898 81.947 80.256 75.931 71.49 73.58 71.876 74.825 83.987 92.917 92.617 86.028 90.609 90.203 83.789 95.586 96.473 92.938 87.694 80.5 77.284 71.442 70.17 73.125 69.125 67.112 65.349 68.342 66.191 63.39 58.432 -9999 -9999 -9999 -9999 -9999 -9999 -9999 -9999 -9999 -9999 -9999 -9999 -9999 -9999 -9999 -9999 -9999 -9999
-9999 -9999 -9999 -9999 -9999 -9999 -9999 -9999 -9999 -9999 -9999 -9999 78.549 95.123 84.105 83.233 86.73 91.131 110.558 142.718 145.893 120.976 104.414 85.581 87.844 88.012 88.845 94.48 76.056 68.279 68.895 68.775 71.201 72.303 81.889 83.107 82.367 77.951 81.119 80.799 83.491 85.478 89.681 90.999 85.643 82.187 71.094 67.08 68.198 65.47 66.182 67.023 62.884 61.342 64.447 66.936 61.386 -9999 -9999 -9999 -9999 -9999 -9999 -9999 -9999 -9999 -9999 -9999 -9999 -9999 -9999 -9999 -9999 -9999 -9999
-9999 -9999 -9999 -9999 -9999 -9999 -9999 -9999 -9999 -9999 -9999 73.219 90.615 89.345 86.786 87.459 86.659 88.53 112.362 129.908 130.534 135.201 108.786 95.453 84.231 83.752 91.943 82.43 75.708 68.025 61.339 67.974 65.748 68.464 71.079 74.382 72.841 69.917 72.158 75.027 70.348 79.105 91.022 85.218 81.451 76.795 73.732 68.372 65.408 61.227 60.492 64.106 64.452 58.443 60.043 64.008 65.021 55.509 -9999 -9999 -9999 -9999 -9999 -9999 -9999 -9999 -9999 -9999 -9999 -9999 -9999 -9999 -9999 -9999 -9999
-9999 -9999 -9999 -9999 -9999 -9999 -9999 -9999 -9999 -9999 65.061 -9999 77.22 86.159 85.831 87.196 83.778 79.527 89.645 98.443 123.276 130.939 111.594 91.767 79.223 77.504 78.833 80.498 76.6 73.073 68.89 68.981 61.742 61.673 61.611 62.947 59.964 58.87 64.701 64.231 64.583 70.977 70.78 72.751 72.306 69.694 65.879 64.067 56.296 60.499 66.07 64.152 64.318 62.871 61.36 64.113 63.6 59.042 -9999 -9999 -9999 -9999 -9999 -9999 -9999 -9999 -9999 -9999 -9999 -9999 -9999 -9999 -9999 -9999 -9999
56.671 -9999 -9999 -9999 -9999 -9999 -9999 -9999 -9999 -9999 61.668 -9999 68.785 74.061 75.503 78.245 75.963 73.983 75.96 86.23 110.844 113.386 104.835 91.661 78.653 73.232 73.574 77.525 85.776 88.248 -9999 -9999 -9999 -9999 -9999 -9999 54.66 54.6 56.463 58.183 57.856 56.886 66.297 71.937 68.565 66.933 69.691 61.708 62.864 63.989 59.797 64.065 63.743 66.414 61.954 60.712 61.817 60.839 55.408 -9999 -9999 -9999 -9999 -9999 -9999 -9999 -9999 -9999 -9999 -9999 -9999 -9999 -9999 -9999 -9999
59.491 46.827 -9999 -9999 -9999 -9999 -9999 -9999 -9999 -9999 59.625 60.317 59.847 61.111 68.317 72.4 73.354 72.282 71.366 81.225 95.409 107.973 101.087 92.976 80.263 75.76 79.851 76.315 84.546 76.379 -9999 -9999 -9999 -9999 53.694 54.068 52.417 51.761 51.971 53.341 54.535 65.536 78.442 81.048 77.646 81.967 67.446 62.908 68.64 61.846 61.788 66.69 67.484 66.751 73.786 70.552 65.254 62.596 54.727 -9999 -9999 -9999 -9999 -9999 -9999 -9999 -9999 -9999 -9999 -9999 -9999 -9999 -9999 -9999 -9999
52.026 50.341 46.249 -9999 -9999 -9999 -9999 -9999 -9999 -9999 58.742 55.508 55.357 -9999 -9999 69.272 71.505 69.713 71.175 -9999 78.182 85.888 87.485 86.088 77.094 79.966 77.071 73.416 -9999 -9999 -9999 -9999 -9999 52.278 52.212 52.721 51.115 51.437 50.424 50.218 56.631 73.211 95.005 100.275 92.91 89.214 76.07 76.818 69.141 70.403 71.812 67.801 71.649 71.538 70.883 70.448 66.886 63.616 57.765 -9999 -9999 -9999 -9999 -9999 -9999 -9999 -9999 -9999 -9999 -9999 -9999 -9999 -9999 -9999 -9999
55.873 55.584 48.318 -9999 -9999 -9999 -9999 -9999 -9999 -9999 -9999 54.413 50.944 -9999 -9999 -9999 63.955 65.188 67.862 66.092 -9999 -9999 74.048 72.691 72.483 78.725 78.141 -9999 -9999 -9999 -9999 -9999 60.626 55.519 55.463 54.428 54.118 53.757 50.469 52.925 59.536 69.53 90.609 96.427 104.26 93.107 95.69 92.742 88.271 81.519 81.839 80.302 71.943 76.981 75.526 67.769 64.952 65.11 61.945 -9999 -9999 -9999 -9999 -9999 -9999 -9999 -9999 -9999 -9999 -9999 -9999 -9999 -9999 -9999 -9999
51.876 49.251 -9999 -9999 -9999 -9999 -9999 -9999 -9999 -9999 -9999 -9999 49.612 -9999 -9999 -9999 -9999 60.004 66.405 65.989 -9999 -9999 -9999 69.634 69.014 -9999 -9999 -9999 -9999 -9999 -9999 -9999 59.926 61.57 60.004 62.29 64.38 59.551 55.12 54.257 55.412 67.741 77.385 91.283 95.487 99.265 108.789 106.286 99.706 87.754 89.619 89.191 77.845 70.755 71.736 66.903 64.969 66.512 62.898 -9999 -9999 -9999 -9999 -9999 -9999 -9999 -9999 -9999 -9999 -9999 -9999 -9999 -9999 -9999 -9999
46.094 -9999 -9999 -9999 -9999 -9999 -9999 -9999 -9999 -9999 -9999 -9999 54.149 -9999 -9999 -9999 -9999 -9999 62.889 63.812 -9999 -9999 -9999 -9999 -9999 -9999 -9999 -9999 -9999 -9999 -9999 -9999 63.53 69.955 72.084 77.223 77.611 73.01 66.038 60.019 59.299 63.511 74.505 93.85 112.44 120.232 116.792 109.651 90.005 86.375 78.885 76.179 76.223 75.358 71.385 64.956 64.912 68.451 68.401 58.926 -9999 -9999 -9999 -9999 -9999 -9999 -9999 -9999 -9999 -9999 -9999 -9999 -9999 -9999 -9999
-9999 44.677 43.897 42.818 40.131 -9999 -9999 -9999 -9999 -9999 -9999 -9999 54.113 -9999 -9999 -9999 -9999 -9999 -9999 -9999 -9999 -9999 -9999 -9999 -9999 -9999 -9999 -9999 -9999 -9999 -9999 63.849 63.706 70.173 75.19 82.302 94.562 78.695 81.729 69.313 61.991 64.345 60.245 83.097 112.707 124.923 121.409 103.261 112.174 105.9 85.538 80.22 69.273 70.138 71.435 69.248 67.466 67.224 68.895 63.97 57.225 -9999 -9999 -9999 -9999 -9999 -9999 -9999 -9999 -9999 -9999 -9999 -9999 -9999 -9999
45.712 46.162 43.852 40.784 39.975 -9999 -9999 -9999 -9999 -9999 -9999 -9999 -9999 -9999 -9999 -9999 -9999 -9999 -9999 -9999 -9999 -9999 -9999 -9999 -9999 -9999 -9999 -9999 -9999 -9999 69.374 67.515 75.774 80.066 88.607 105.051 126.998 118.77 89.836 72.177 65.946 55.758 58.089 71.693 100.664 129.234 114.623 108.732 106.381 95.894 89.54 82.5 78.378 69.984 68.825 65.15 63.791 65.585 64.756 59.369 54.994 -9999 -9999 -9999 -9999 -9999 -9999 -9999 -9999 -9999 -9999 -9999 -9999 -9999 -9999
46.802 44.823 41.707 -9999 38.201 38.606 -9999 -9999 -9999 -9999 -9999 -9999 -9999 -9999 -9999 -9999 -9999 -9999 -9999 -9999 -9999 -9999 -9999 -9999 -9999 -9999 -9999 -9999 -9999 -9999 69.324 71.21 83.098 108.269 120.454 123.095 114.179 115.04 98.286 86.934 74.126 65.913 60.484 64.585 84.323 99.793 118.491 109.629 100.204 87.23 83.193 75.268 71.725 66.464 67.137 66.097 63.309 60.533 61.226 57.463 53.393 51.949 52.364 -9999 -9999 -9999 -9999 -9999 -9999 -9999 -9999 -9999 -9999 -9999 -9999
47.243 43.794 41.057 -9999 -9999 39.292 -9999 -9999 -9999 -9999 -9999 -9999 -9999 -9999 -9999 -9999 -9999 -9999 -9999 -9999 -9999 -9999 -9999 -9999 -9999 -9999 -9999 -9999 -9999 -9999 77.865 81.363 99.779 119.986 129.002 129.71 143.274 137.551 121.758 106.79 96.812 78.705 70.577 63.749 59.578 79.054 92.124 92.213 91.196 85.39 73.421 71.761 65.798 62.315 59.822 64.048 60.41 60.308 58.905 58.917 58.864 64.592 62.65 61.161 58.87 66.186 -9999 -9999 -9999 -9999 -9999 -9999 -9999 -9999 -9999
46.625 45.898 40.537 37.976 -9999 39.004 -9999 -9999 -9999 -9999 -9999 -9999 -9999 -9999 -9999 -9999 -9999 -9999 -9999 -9999 -9999 -9999 -9999 -9999 -9999 -9999 -9999 -9999 -9999 63.761 79.538 93.237 121.858 161.698 185.922 187.82 154.579 149.557 145.802 142.563 116.089 111.691 88.483 70.0 61.789 71.93 72.204 78.978 91.644 85.856 74.492 70.151 68.381 65.163 61.216 61.693 59.746 58.287 58.06 60.012 62.734 67.041 79.832 76.192 72.943 72.735 68.235 71.422 -9999 -9999 -9999 -9999 -9999 -9999 -9999
48.132 43.731 41.456 -9999 38.971 -9999 -9999 -9999 -9999 -9999 -9999 -9999 -9999 -9999 -9999 -9999 -9999 -9999 -9999 -9999 -9999 -9999 -9999 -9999 -9999 -9999 -9999 -9999 -9999 -9999 65.905 86.812 121.505 157.523 187.879 194.423 185.552 155.7 153.342 137.086 144.902 120.69 98.853 82.034 76.648 74.551 79.422 105.557 97.726 93.374 94.651 86.928 73.939 69.14 64.996 61.016 59.76 59.372 58.469 58.564 61.077 65.322 78.988 79.023 78.331 76.858 75.871 73.915 73.157 -9999 -9999 -9999 -9999 -9999 -9999
47.199 42.935 41.499 41.029 42.05 -9999 -9999 -9999 -9999 -9999 -9999 -9999 -9999 -9999 -9999 -9999 -9999 -9999 -9999 -9999 -9999 -9999 -9999 -9999 -9999 -9999 -9999 -9999 -9999 -9999 -9999 71.379 96.868 125.866 153.91 171.631 182.565 138.392 122.444 130.959 129.361 112.991 105.474 104.998 95.253 91.099 107.378 109.803 110.484 118.272 107.657 91.554 85.064 74.177 67.599 60.724 58.61 59.603 62.045 61.609 75.246 77.754 91.752 102.866 93.597 91.775 77.635 77.838 75.568 70.909 -9999 -9999 -9999 -9999 -9999
47.323 44.242 42.101 41.747 -9999 -9999 -9999 -9999 -9999 -9999 -9999 -9999 -9999 -9999 -9999 -9999 -9999 -9999 -9999 -9999 -9999 -9999 -9999 -9999 -9999 -9999 -9999 -9999 -9999 -9999 -9999 64.405 84.708 106.977 125.997 164.261 158.147 124.377 115.183 109.311 101.784 98.406 98.572 103.835 122.162 112.655 121.72 125.144 115.813 101.25 92.39 86.855 82.982 78.552 67.724 60.963 59.131 59.788 65.787 74.76 81.651 90.689 91.291 93.33 93.736 95.977 91.963 83.264 82.983 76.796 67.058 -9999 -9999 -9999 -9999
50.823 45.955 41.875 39.448 -9999 -9999 -9999 -9999 -9999 -9999 -9999 -9999 -9999 -9999 -9999 -9999 -9999 -9999 -9999 -9999 -9999 -9999 -9999 -9999 -9999 -9999 -9999 -9999 -9999 -9999 -9999 -9999 79.429 101.118 118.965 134.547 116.07 115.43 101.424 95.065 92.956 89.446 90.756 104.675 105.119 128.088 119.029 117.248 110.417 100.918 95.454 94.878 80.734 76.226 66.529 62.391 60.567 59.492 66.536 77.023 82.007 88.176 93.275 94.323 89.975 92.354 94.285 91.154 82.643 83.297 72.953 -9999 -9999 -9999 -9999
-9999 -9999 -9999 -9999 -9999 -9999 -9999 -9999 -9999 -9999 -9999 -9999 -9999 -9999 -9999 -9999 -9999 -9999 -9999 -9999 -9999 -9999 -9999 -9999 -9999 -9999 -9999 -9999 -9999 -9999 -9999 -9999 75.991 96.696 109.226 98.88 105.435 96.124 96.978 86.372 83.658 86.534 91.79 96.061 125.905 123.693 117.92 115.22 113.193 98.446 92.619 88.621 84.78 74.939 69.088 61.573 58.922 60.754 62.508 73.025 81.054 82.177 81.73 79.568 76.524 81.129 84.301 88.716 79.421 73.776 75.121 64.493 -9999 -9999 -9999
-9999 -9999 -9999 -9999 -9999 -9999 -9999 -9999 -9999 -9999 -9999 -9999 -9999 -9999 -9999 -9999 -9999 -9999 -9999 -9999 -9999 -9999 -9999 -9999 -9999 -9999 -9999 -9999 -9999 -9999 -9999 -9999 -9999 90.122 86.865 93.155 103.101 90.766 82.776 75.978 76.055 81.763 84.833 101.613 119.156 128.278 123.19 122.864 121.007 115.213 108.364 97.709 95.322 86.745 74.544 64.271 58.856 57.764 60.382 62.714 73.664 79.15 73.726 65.848 63.822 62.629 68.244 71.506 80.636 71.268 68.12 64.501 -9999 -9999 -9999
-9999 -9999 -9999 -9999 -9999 -9999 -9999 -9999 -9999 -9999 -9999 -9999 -9999 -9999 -9999 -9999 -9999 -9999 -9999 -9999 -9999 -9999 -9999 -9999 -9999 -9999 -9999 -9999 -9999 -9999 -9999 -9999 -9999 77.675 -9999 84.255 78.564 76.433 73.723 -9999 74.648 79.298 88.122 94.001 114.772 121.385 131.866 128.15 123.253 121.977 134.181 118.22 102.537 94.113 84.233 69.376 60.474 55.206 55.628 60.112 64.323 68.997 66.817 61.5 58.126 57.869 58.302 62.402 67.921 71.354 69.407 71.004 65.992 -9999 -9999
-9999 -9999 -9999 -9999 -9999 -9999 -9999 -9999 -9999 -9999 -9999 -9999 -9999 -9999 -9999 -9999 -9999 -9999 -9999 -9999 -9999 -9999 -9999 -9999 -9999 -9999 -9999 -9999 -9999 -9999 -9999 -9999 -9999 -9999 71.835 74.865 -9999 -9999 -9999 -9999 68.92 73.299 73.296 81.307 89.848 110.126 109.362 117.218 123.784 121.305 122.64 131.126 111.611 97.26 84.663 74.916 65.667 59.168 54.833 56.393 59.074 63.153 66.586 63.07 62.779 60.325 58.046 61.178 66.708 69.512 67.195 69.077 69.24 67.798 64.921
-9999 -9999 -9999 -9999 -9999 -9999 -9999 -9999 -9999 -9999 -9999 -9999 -9999 -9999 -9999 -9999 -9999 -9999 -9999 -9999 -9999 -9999 -9999 -9999 -9999 -9999 -9999 -9999 -9999 -9999 -9999 -9999 -9999 -9999 68.555 69.367 -9999 -9999 -9999 -9999 67.732 74.182 67.422 71.593 81.791 87.714 88.881 100.352 116.452 112.174 107.775 118.229 110.539 101.158 87.854 77.61 66.41 60.394 56.542 54.37 52.992 55.689 60.904 62.814 59.399 61.303 63.243 63.978 68.982 74.254 73.937 69.141 63.775 64.957 63.098
-9999 -9999 -9999 -9999 -9999 -9999 -9999 -9999 -9999 -9999 -9999 -9999 -9999 -9999 -9999 -9999 -9999 -9999 -9999 -9999 -9999 -9999 -9999 -9999 -9999 -9999 -9999 -9999 -9999 -9999 -9999 -9999 -9999 -9999 66.283 -9999 -9999 -9999 -9999 66.021 72.983 75.891 82.64 87.487 96.619 91.644 80.505 98.491 112.284 106.457 101.111 99.895 104.297 96.726 87.188 75.894 65.855 59.865 58.515 56.493 54.556 54.027 56.252 58.383 59.236 62.681 73.534 74.323 73.544 73.445 71.457 68.704 66.777 65.518 -9999
-9999 -9999 -9999 -9999 -9999 -9999 -9999 -9999 -9999 -9999 -9999 -9999 -9999 -9999 -9999 -9999 -9999 -9999 -9999 -9999 -9999 -9999 -9999 -9999 -9999 -9999 -9999 -9999 -9999 -9999 -9999 -9999 -9999 -9999 -9999 -9999 -9999 -9999 -9999 64.855 70.716 84.47 100.809 113.511 108.805 91.353 82.924 83.497 93.031 87.076 87.489 91.091 96.881 97.165 86.644 75.355 67.365 60.999 58.865 57.026 55.304 54.7 55.212 56.696 59.866 63.21 75.967 83.175 73.944 70.472 65.621 63.78 61.991 62.212 -9999
-9999 -9999 -9999 -9999 -9999 -9999 -9999 -9999 -9999 -9999 -9999 -9999 -9999 -9999 -9999 -9999 -9999 -9999 -9999 -9999 -9999 -9999 -9999 -9999 -9999 -9999 -9999 -9999 -9999 -9999 -9999 -9999 -9999 -9999 -9999 -9999 -9999 -9999 -9999 62.084 69.934 87.293 109.114 118.705 108.328 93.269 79.484 81.284 81.009 77.696 75.681 76.092 87.457 88.107 83.784 74.348 66.71 61.454 56.797 54.057 54.827 54.797 53.395 54.292 58.209 62.271 69.399 77.801 73.313 66.401 63.588 62.526 61.855 61.429 -9999
-9999 -9999 -9999 -9999 -9999 -9999 -9999 -9999 -9999 -9999 -9999 -9999 -9999 -9999 -9999 -9999 -9999 -9999 -9999 -9999 -9999 -9999 -9999 -9999 -9999 -9999 -9999 -9999 -9999 -9999 -9999 -9999 -9999 -9999 -9999 -9999 -9999 -9999 59.639 61.215 68.486 87.569 108.131 116.769 101.248 95.073 74.457 69.944 76.415 75.87 78.463 81.694 78.724 77.766 73.006 69.969 62.182 61.061 57.639 55.086 54.78 55.244 52.899 53.189 55.355 59.528 63.682 70.34 70.241 66.774 61.878 60.21 61.103 62.1 63.511
-9999 -9999 -9999 -9999 -9999 -9999 -9999 -9999 -9999 -9999 -9999 -9999 -9999 -9999 -9999 -9999 -9999 -9999 -9999 -9999 -9999 -9999 -9999 -9999 -9999 -9999 -9999 -9999 -9999 -9999 -9999 -9999 -9999 -9999 -9999 -9999 -9999 -9999 59.819 59.737 67.872 80.312 96.655 86.21 86.987 78.132 77.867 88.743 83.765 83.696 83.383 77.909 77.497 73.26 70.98 71.838 68.23 61.91 59.689 56.594 54.827 54.387 53.354 53.078 54.17 56.674 59.714 61.188 65.808 66.426 63.199 58.969 59.183 61.544 63.302
-9999 -9999 -9999 -9999 -9999 -9999 -9999 -9999 -9999 -9999 -9999 -9999 -9999 -9999 -9999 -9999 -9999 -9999 -9999 -9999 -9999 -9999 -9999 -9999 -9999 -9999 -9999 -9999 -9999 -9999 -9999 -9999 -9999 -9999 -9999 -9999 -9999 60.728 59.244 60.462 64.897 74.188 76.333 76.786 75.982 77.451 82.948 85.578 87.323 93.9 89.808 84.398 71.786 73.397 69.061 67.511 66.594 65.97 61.329 58.312 55.533 53.506 53.467 53.695 53.647 56.445 59.198 60.944 63.949 68.511 67.172 61.96 57.92 59.956 61.916
-9999 -9999 -9999 -9999 -9999 -9999 -9999 -9999 -9999 -9999 -9999 -9999 -9999 -9999 -9999 -9999 -9999 -9999 -9999 -9999 -9999 -9999 -9999 -9999 -9999 -9999 -9999 -9999 -9999 -9999 -9999 -9999 -9999 -9999 -9999 -9999 -9999 55.846 58.721 61.419 63.324 66.398 68.929 70.314 74.844 75.995 77.274 83.023 92.331 106.507 103.085 93.188 81.054 73.016 71.842 65.073 60.863 62.512 63.761 59.567 55.801 54.134 51.402 52.02 53.614 53.736 54.632 58.884 65.018 71.258 69.223 64.265 60.601 58.472 61.38
-9999 -9999 -9999 -9999 -9999 -9999 -9999 -9999 -9999 -9999 -9999 -9999 -9999 -9999 -9999 -9999 -9999 -9999 -9999 -9999 -9999 -9999 -9999 -9999 -9999 -9999 -9999 -9999 -9999 -9999 -9999 -9999 -9999 -9999 -9999 -9999 -9999 55.337 56.57 56.846 58.165 64.154 65.528 70.986 77.45 77.794 84.538 95.334 104.659 108.138 103.28 92.541 81.953 73.077 72.149 68.308 62.205 60.115 59.504 58.848 56.238 54.545 53.575 51.455 53.221 54.116 54.275 55.422 60.631 64.763 66.78 64.818 62.046 58.743 58.254
-9999 -9999 -9999 -9999 -9999 -9999 -9999 -9999 -9999 -9999 -9999 -9999 -9999 -9999 -9999 -9999 -9999 -9999 -9999 -9999 -9999 -9999 -9999 -9999 -9999 -9999 -9999 -9999 -9999 -9999 -9999 -9999 -9999 -9999 -9999 -9999 -9999 -9999 55.096 55.023 58.353 58.915 68.954 81.431 86.884 92.055 98.42 95.315 105.818 100.769 99.234 89.546 75.036 71.156 65.714 66.655 62.038 59.827 59.274 56.128 55.746 55.419 54.72 54.023 54.459 54.955 54.805 55.657 57.428 59.585 60.955 -9999 59.323 -9999 57.063
