Validation/Results/raw data/ReClimate_01_2024_1_Temperature-Actualsweatherlogisticsltd.asc
NCOLS 192
NROWS 249
XLLCENTER -225160.85627316462
YLLCENTER 29788.11610251502
CELLSIZE 5000.0
NODATA_VALUE -9999
[rows 204 to 237 of 249, columns 77 to 153 of 192]
-9999 -9999 7.741 -9999 7.335 7.03 6.78 6.516 6.544 6.332 6.323 6.326 6.196 6.153 5.863 6.335 6.161 6.176 6.393 6.635 6.545 6.584 6.085 5.597 4.403 3.787 5.208 4.997 5.044 4.351 4.713 5.774 5.371 4.196 5.713 6.009 5.987 6.071 6.556 6.833 6.618 6.33 6.44 6.786 6.921 7.031 6.93 6.612 5.934 5.569 5.471 5.699 5.846 5.973 5.883 5.588 5.69 5.864 6.009 6.062 6.069 6.001 5.845 5.841 5.912 5.889 5.958 5.957 5.782 5.709 5.663 5.737 5.96 5.983 5.923 5.825 5.828
-9999 -9999 -9999 -9999 -9999 -9999 6.666 6.84 6.721 6.623 6.596 6.55 6.495 6.364 6.662 6.563 6.57 6.595 6.431 6.561 6.289 6.235 5.579 4.809 3.95 4.21 4.11 4.428 3.716 3.78 5.307 5.406 5.369 6.348 5.703 5.978 6.595 6.903 7.039 6.524 6.173 5.839 6.329 6.819 6.905 6.981 6.904 6.259 5.511 5.392 5.432 5.755 5.761 5.897 5.797 5.9 5.955 6.143 6.282 6.315 6.222 6.093 6.018 6.006 6.091 6.119 5.996 5.831 5.623 5.591 5.774 5.823 5.978 5.954 6.036 6.138 6.09
-9999 -9999 -9999 -9999 -9999 -9999 6.966 6.846 6.809 6.779 6.41 6.247 6.172 6.556 6.754 6.74 6.833 6.368 6.201 6.424 6.553 6.565 5.974 5.724 5.518 5.238 4.914 4.684 4.137 4.488 4.203 4.915 5.582 5.323 5.065 6.508 6.793 6.948 6.415 6.269 5.735 6.056 6.446 6.896 6.875 6.667 5.88 5.444 5.5 5.654 5.571 5.682 5.778 5.854 6.01 5.93 6.21 6.383 6.527 6.523 6.304 6.096 5.985 6.038 6.191 6.188 6.007 5.605 5.623 5.654 5.708 5.946 6.055 6.168 6.235 6.4 6.265
-9999 -9999 -9999 -9999 7.602 7.385 7.164 7.028 -9999 6.844 6.724 6.615 6.906 7.001 7.052 -9999 6.752 6.463 6.547 6.194 6.737 5.956 6.011 5.813 5.579 5.529 5.805 5.375 5.057 4.892 4.822 5.017 5.426 4.566 5.557 6.524 6.464 6.683 6.502 5.994 6.135 6.444 6.829 6.946 6.761 6.057 5.933 5.589 5.682 5.627 5.819 5.883 5.898 6.015 6.173 6.232 6.354 6.35 6.591 6.556 6.428 6.261 6.196 6.146 6.15 6.034 5.738 5.606 5.553 5.787 5.848 5.976 6.107 6.124 6.155 6.449 6.393
-9999 -9999 -9999 -9999 7.6 -9999 -9999 -9999 7.173 7.062 6.965 -9999 -9999 -9999 -9999 -9999 6.841 6.686 6.313 7.014 6.718 6.55 6.435 6.16 6.297 6.341 4.75 4.723 5.65 5.647 5.533 5.374 4.927 5.056 6.223 6.322 6.645 6.578 5.932 6.276 6.441 6.969 7.026 6.984 6.524 6.093 6.063 5.767 5.905 6.016 6.016 6.092 6.195 6.229 6.313 6.35 6.407 6.357 6.419 6.574 6.321 6.285 6.208 6.141 5.912 5.815 5.692 5.529 5.617 5.933 6.094 6.147 6.118 6.079 6.177 6.408 6.473
-9999 -9999 -9999 -9999 -9999 -9999 7.449 7.306 7.175 7.329 7.169 -9999 -9999 -9999 -9999 -9999 -9999 -9999 -9999 7.315 7.174 7.144 7.283 6.894 6.525 5.075 4.566 4.631 4.949 5.384 5.498 5.519 5.607 5.595 5.948 6.607 6.663 5.793 6.144 6.319 7.148 7.137 7.032 6.882 6.166 6.099 5.951 5.962 6.099 6.236 6.264 6.289 6.294 6.326 6.232 6.275 6.358 6.43 6.4 6.457 6.313 6.189 5.963 5.818 5.941 5.708 5.64 5.663 5.723 5.967 6.265 6.201 6.183 6.279 6.534 6.705 6.513
-9999 -9999 -9999 -9999 -9999 -9999 -9999 7.343 -9999 -9999 -9999 -9999 -9999 -9999 -9999 -9999 -9999 6.998 7.139 7.132 7.096 7.524 7.639 7.353 6.506 5.724 4.912 4.738 5.24 6.066 5.878 5.5 5.673 5.926 6.65 6.963 6.643 6.383 6.598 7.034 -9999 7.097 6.938 6.552 5.847 5.841 6.036 6.13 6.279 6.313 6.372 6.309 6.301 6.264 6.32 6.303 6.391 6.421 6.435 6.308 6.149 5.951 5.65 5.636 5.716 6.05 5.924 5.897 6.059 6.144 6.377 6.479 6.339 6.477 6.815 7.013 6.935
-9999 -9999 -9999 -9999 -9999 -9999 -9999 -9999 -9999 -9999 -9999 -9999 -9999 -9999 -9999 -9999 -9999 7.195 7.237 7.444 7.403 -9999 -9999 -9999 7.111 5.993 6.088 5.83 6.249 6.203 5.689 5.84 6.466 6.753 6.933 7.195 7.084 7.178 7.215 -9999 7.145 6.82 6.763 6.183 5.814 6.108 6.208 6.321 6.301 6.241 6.325 6.341 6.305 6.303 6.144 6.096 6.176 6.194 6.321 6.369 6.13 5.696 5.689 5.733 5.991 6.238 6.307 6.152 6.308 6.482 6.574 6.716 6.75 6.504 6.848 7.161 7.12
-9999 -9999 -9999 -9999 -9999 -9999 -9999 -9999 -9999 -9999 -9999 -9999 -9999 -9999 -9999 -9999 -9999 -9999 -9999 -9999 -9999 -9999 -9999 -9999 7.674 7.042 6.457 6.535 6.699 6.604 6.398 6.625 6.912 7.111 7.272 7.394 7.48 -9999 -9999 7.286 7.055 6.814 6.637 6.165 5.994 6.172 6.25 6.377 6.439 6.232 6.269 6.294 6.041 5.91 5.848 5.666 5.543 5.831 6.013 6.146 6.126 5.91 5.814 6.094 6.131 6.315 6.527 6.446 6.469 6.543 6.696 6.854 6.969 7.065 7.106 7.307 7.241
-9999 -9999 -9999 -9999 -9999 -9999 -9999 -9999 -9999 -9999 -9999 -9999 -9999 -9999 -9999 -9999 -9999 -9999 -9999 -9999 -9999 -9999 -9999 -9999 7.433 7.183 7.057 6.992 6.727 6.628 6.81 7.042 7.293 7.4 -9999 -9999 -9999 -9999 -9999 7.22 6.975 6.821 6.646 6.218 6.03 6.161 6.193 6.4 6.47 6.251 5.978 6.001 5.707 5.619 5.644 5.639 5.584 5.639 5.982 6.008 6.251 6.372 6.228 6.453 6.487 6.528 6.647 6.668 6.743 6.807 6.828 6.895 7.067 7.27 7.394 7.407 7.144
-9999 -9999 -9999 -9999 -9999 -9999 -9999 -9999 -9999 -9999 -9999 -9999 -9999 -9999 -9999 -9999 -9999 -9999 -9999 -9999 -9999 -9999 -9999 -9999 -9999 -9999 7.312 6.847 6.709 6.784 6.799 7.178 7.436 -9999 -9999 -9999 -9999 7.229 6.939 6.911 7.175 7.023 6.718 6.093 6.024 6.044 6.17 6.386 6.384 6.031 5.716 5.642 5.717 5.601 5.715 5.684 5.895 5.955 6.025 6.229 6.274 6.538 6.735 6.657 6.63 6.622 6.616 6.545 6.71 6.91 6.97 7.021 7.013 7.124 7.189 7.221 7.053
-9999 -9999 -9999 -9999 -9999 -9999 -9999 -9999 -9999 -9999 -9999 -9999 -9999 -9999 -9999 -9999 -9999 -9999 -9999 -9999 -9999 -9999 -9999 -9999 -9999 -9999 -9999 7.358 7.155 7.021 7.011 7.368 -9999 -9999 -9999 -9999 7.395 7.136 6.837 6.797 6.845 6.915 6.766 6.446 6.458 6.131 6.24 6.318 6.03 5.862 5.798 5.612 5.748 5.813 5.911 5.984 6.077 6.213 6.189 6.177 6.317 6.496 6.565 6.569 6.431 6.519 6.578 6.514 6.571 6.83 6.942 6.999 7.058 7.033 7.001 6.878 6.78
-9999 -9999 -9999 -9999 -9999 -9999 -9999 -9999 -9999 -9999 -9999 -9999 -9999 -9999 -9999 -9999 -9999 -9999 -9999 -9999 -9999 -9999 -9999 -9999 -9999 -9999 -9999 -9999 -9999 -9999 -9999 -9999 -9999 -9999 -9999 7.269 7.376 7.157 6.814 6.616 6.886 6.823 6.551 6.629 6.423 6.324 6.548 6.361 6.096 5.916 5.891 5.894 5.76 5.809 5.876 5.722 5.917 6.027 6.108 6.118 6.134 6.341 6.431 6.424 6.335 6.261 6.415 6.522 6.598 6.707 6.805 6.758 6.798 6.755 6.747 6.491 6.225
-9999 -9999 -9999 -9999 -9999 -9999 -9999 -9999 -9999 -9999 -9999 -9999 -9999 -9999 -9999 -9999 -9999 -9999 -9999 -9999 -9999 -9999 -9999 -9999 -9999 -9999 -9999 -9999 -9999 -9999 -9999 -9999 -9999 -9999 7.374 7.317 7.004 6.732 5.828 6.388 6.815 6.616 6.515 6.447 6.335 6.559 6.571 6.468 6.229 6.059 6.126 5.859 5.687 5.481 5.629 5.734 5.433 5.71 5.896 6.062 6.165 6.269 6.372 6.364 6.332 6.309 6.266 6.373 6.538 6.617 6.59 6.489 6.211 6.248 6.161 6.013 5.676
-9999 -9999 -9999 -9999 -9999 -9999 -9999 -9999 -9999 -9999 -9999 -9999 -9999 -9999 -9999 -9999 -9999 -9999 -9999 -9999 -9999 -9999 -9999 -9999 -9999 -9999 -9999 -9999 -9999 -9999 -9999 -9999 -9999 -9999 7.417 7.282 7.246 6.665 6.263 6.049 6.206 6.367 6.43 6.245 6.493 6.499 6.449 6.066 5.796 5.782 5.989 6.016 5.828 5.785 5.622 5.712 5.793 5.743 5.895 5.989 6.122 6.27 6.339 6.356 6.267 6.224 6.275 6.301 6.383 6.371 6.095 6.041 5.944 5.875 6.02 5.917 5.687
-9999 -9999 -9999 -9999 -9999 -9999 -9999 -9999 -9999 -9999 -9999 -9999 -9999 -9999 -9999 -9999 -9999 -9999 -9999 -9999 -9999 5.805 5.526 5.042 5.408 -9999 6.178 -9999 -9999 -9999 -9999 -9999 -9999 -9999 -9999 7.438 7.317 7.086 6.817 6.497 6.139 6.08 6.134 6.373 6.392 6.363 6.006 5.77 5.934 5.933 6.078 6.09 5.996 6.071 6.147 6.145 6.043 6.094 5.993 5.874 5.75 5.92 6.15 6.165 6.135 6.161 6.121 6.178 6.312 6.219 5.919 5.84 6.05 5.993 6.055 6.087 6.059
-9999 -9999 -9999 -9999 -9999 -9999 -9999 -9999 -9999 -9999 -9999 -9999 -9999 -9999 -9999 -9999 -9999 -9999 6.842 6.571 6.189 5.673 4.975 4.74 5.069 5.296 5.957 6.9 7.481 -9999 -9999 7.045 7.393 7.509 7.55 7.431 7.332 7.366 7.198 6.892 6.516 6.165 6.22 6.36 6.295 5.851 6.026 6.188 6.019 6.15 6.275 6.304 6.199 6.171 6.254 6.272 6.373 6.3 6.143 5.945 5.877 5.711 5.758 6.027 6.145 6.215 6.326 6.155 6.256 5.801 5.685 5.791 6.003 6.131 6.137 6.183 6.049
-9999 -9999 -9999 -9999 -9999 -9999 -9999 -9999 -9999 -9999 -9999 -9999 -9999 -9999 -9999 -9999 -9999 6.788 6.874 6.806 6.567 5.899 4.951 4.664 4.933 5.208 5.633 6.055 6.706 7.049 6.939 6.848 6.806 7.298 7.365 7.383 7.243 7.111 7.247 7.016 6.477 6.355 6.373 6.253 5.728 6.081 5.961 6.051 6.204 6.306 6.422 6.385 6.186 6.228 6.23 6.316 6.301 6.357 6.225 6.047 5.802 5.601 5.789 6.007 6.141 5.852 5.994 6.26 6.212 6.244 5.839 5.948 6.031 6.099 6.109 5.957 5.997
-9999 -9999 -9999 -9999 -9999 -9999 -9999 -9999 -9999 -9999 -9999 -9999 -9999 -9999 -9999 -9999 -9999 6.818 7.237 7.391 7.007 6.086 5.597 5.314 5.04 5.336 5.674 6.123 5.969 5.962 6.382 6.606 6.727 6.63 7.12 7.334 7.211 7.25 7.042 6.832 6.813 6.674 6.502 6.129 6.139 6.113 5.954 6.212 6.298 6.378 6.402 6.36 6.157 6.077 6.373 6.429 6.416 6.474 6.449 6.307 6.092 5.728 5.62 5.979 6.049 5.909 5.762 6.096 6.355 6.416 6.396 6.279 6.006 5.99 6.126 6.029 5.664
-9999 -9999 -9999 -9999 -9999 -9999 -9999 -9999 -9999 -9999 -9999 -9999 -9999 -9999 -9999 -9999 -9999 7.279 7.616 7.307 7.109 6.589 6.562 6.168 6.126 6.058 6.146 6.187 5.786 5.991 6.665 6.835 6.802 6.973 7.243 7.358 7.318 7.094 6.885 6.969 6.898 6.67 6.414 6.432 6.37 6.303 6.247 6.295 6.158 6.177 6.36 6.535 6.461 6.424 6.5 6.447 6.467 6.612 6.385 6.246 6.274 5.919 5.542 5.905 6.146 6.05 6.053 6.23 6.438 6.58 6.493 6.291 6.129 6.124 6.315 6.363 6.113
-9999 -9999 -9999 -9999 -9999 -9999 -9999 -9999 -9999 -9999 -9999 -9999 -9999 7.144 6.672 -9999 7.192 7.605 7.184 6.958 7.011 7.123 6.927 6.764 6.36 6.106 6.185 6.356 6.357 6.586 6.884 7.087 7.015 6.949 7.022 7.187 7.309 7.144 7.048 6.963 6.83 6.457 6.616 6.572 6.429 6.166 6.028 6.104 5.946 6.012 6.258 6.55 6.578 6.576 6.604 6.736 6.646 6.699 6.575 6.158 6.31 6.243 6.132 6.148 6.428 6.371 6.245 6.273 6.452 6.64 6.675 6.537 6.415 6.327 6.365 6.417 6.453
-9999 -9999 -9999 -9999 -9999 -9999 -9999 -9999 -9999 -9999 -9999 -9999 -9999 6.96 6.59 6.884 7.135 7.152 6.926 7.066 6.758 6.67 6.732 6.278 6.234 6.187 6.21 6.465 6.433 6.584 6.887 6.572 6.261 6.434 6.836 7.223 7.297 7.079 6.893 6.763 6.654 6.518 6.682 6.507 6.544 6.402 6.15 6.029 6.138 6.178 6.388 6.474 6.526 6.572 6.843 6.889 6.915 6.959 6.813 6.467 6.364 6.308 6.106 6.126 5.904 6.129 6.319 6.352 6.471 6.51 6.548 6.541 6.538 6.515 6.4 6.427 6.471
-9999 -9999 -9999 -9999 -9999 -9999 -9999 -9999 -9999 -9999 -9999 -9999 7.344 6.894 6.735 6.733 6.794 6.879 6.937 6.871 6.717 6.804 6.787 6.532 6.407 6.273 6.416 6.618 6.914 7.06 6.752 6.177 6.197 6.255 6.51 7.071 7.075 6.981 6.943 6.793 6.698 6.611 6.621 6.654 6.734 6.586 6.236 6.421 6.427 6.487 6.496 6.52 6.487 6.465 6.84 7.22 7.324 7.13 7.09 6.79 6.666 6.629 6.475 6.333 6.057 5.842 5.976 5.758 6.245 6.058 6.004 6.363 6.484 6.083 5.922 5.976 6.398
-9999 -9999 -9999 -9999 -9999 -9999 -9999 -9999 -9999 -9999 -9999 -9999 -9999 7.248 6.873 6.768 6.896 6.969 7.041 7.034 6.983 6.929 6.904 6.72 6.599 6.74 6.822 7.031 7.003 7.1 6.491 6.138 6.171 5.993 6.405 6.781 6.738 6.814 6.871 6.773 6.607 6.641 6.625 6.609 6.568 6.387 6.682 6.533 6.563 6.581 6.585 6.532 6.483 6.582 6.777 7.16 7.385 -9999 7.086 6.979 6.705 6.754 6.784 6.703 6.555 6.361 6.368 6.246 6.211 6.371 6.063 6.153 6.384 6.387 5.996 5.845 6.227
-9999 -9999 -9999 -9999 -9999 -9999 -9999 -9999 -9999 -9999 -9999 -9999 7.465 7.443 7.061 6.897 6.861 6.832 6.989 7.077 6.977 6.862 6.7 6.763 6.966 7.066 7.062 7.095 7.17 6.934 6.68 6.662 6.484 6.209 6.72 6.876 6.368 6.586 6.562 6.093 6.268 6.161 6.107 6.271 6.325 6.513 6.695 6.809 6.737 6.722 6.643 6.595 6.535 6.602 6.787 6.998 7.274 7.379 -9999 7.159 -9999 7.119 -9999 6.919 -9999 6.763 6.746 6.745 6.703 6.753 6.675 6.735 -9999 -9999 -9999 6.618 6.317
-9999 -9999 -9999 -9999 -9999 -9999 -9999 -9999 -9999 -9999 -9999 -9999 7.53 7.269 7.014 6.958 6.713 6.661 6.579 6.757 6.566 6.51 6.603 6.865 7.112 7.197 7.284 7.329 7.277 7.12 6.871 6.738 6.445 6.69 7.075 6.433 6.525 7.005 6.622 6.425 6.281 6.048 6.225 6.525 6.574 6.773 6.88 6.823 6.96 6.91 6.794 6.761 6.707 6.721 6.895 7.0 7.223 7.358 -9999 -9999 7.421 7.468 -9999 -9999 7.036 7.007 6.992 -9999 -9999 -9999 -9999 -9999 -9999 -9999 -9999 -9999 -9999
-9999 -9999 -9999 -9999 -9999 -9999 -9999 -9999 -9999 -9999 -9999 7.243 7.172 7.058 6.999 7.038 6.921 6.68 6.651 6.402 5.872 5.862 6.291 6.599 6.799 6.963 7.246 7.353 7.277 7.155 6.921 6.512 6.491 6.817 6.758 6.795 7.458 7.343 6.945 6.52 6.199 6.484 6.77 6.747 6.904 6.94 7.008 7.164 7.284 7.042 7.014 7.07 7.144 7.045 7.097 -9999 -9999 -9999 7.288 -9999 -9999 -9999 -9999 -9999 -9999 7.04 -9999 -9999 -9999 -9999 -9999 -9999 -9999 -9999 -9999 -9999 -9999
-9999 -9999 -9999 -9999 -9999 -9999 -9999 -9999 -9999 -9999 7.462 6.733 6.603 6.814 7.288 7.335 7.218 7.027 6.711 5.813 4.916 5.183 6.187 6.354 6.325 7.039 6.998 7.404 7.419 7.16 7.296 7.384 7.487 -9999 -9999 -9999 -9999 -9999 7.478 6.945 6.573 6.682 6.863 7.022 7.104 7.186 7.211 7.348 -9999 7.181 -9999 -9999 -9999 -9999 -9999 7.172 7.113 7.009 6.908 6.999 7.408 -9999 -9999 -9999 -9999 -9999 -9999 -9999 -9999 -9999 -9999 -9999 -9999 -9999 -9999 -9999 -9999
-9999 -9999 -9999 -9999 -9999 -9999 -9999 -9999 -9999 8.11 7.055 6.289 6.332 6.803 7.101 7.33 7.439 6.947 6.337 5.216 4.588 4.966 5.579 5.939 6.708 6.681 7.339 7.542 7.586 7.753 -9999 -9999 -9999 -9999 -9999 -9999 -9999 -9999 -9999 -9999 7.415 7.315 7.352 7.114 6.99 6.943 7.146 6.903 7.237 -9999 -9999 -9999 -9999 -9999 -9999 -9999 7.243 6.928 6.994 7.025 -9999 -9999 -9999 -9999 -9999 -9999 -9999 -9999 -9999 -9999 -9999 -9999 -9999 -9999 -9999 -9999 -9999
-9999 -9999 -9999 -9999 -9999 -9999 -9999 8.025 8.217 7.678 6.842 6.266 6.089 6.284 6.884 7.436 7.185 6.747 6.173 5.364 4.745 5.243 5.715 6.231 6.445 7.571 7.26 7.365 -9999 -9999 -9999 -9999 -9999 -9999 -9999 -9999 -9999 -9999 -9999 -9999 -9999 7.95 -9999 -9999 -9999 -9999 -9999 7.358 7.153 -9999 -9999 -9999 -9999 -9999 -9999 -9999 -9999 -9999 6.979 6.945 -9999 -9999 -9999 -9999 -9999 -9999 -9999 -9999 -9999 -9999 -9999 -9999 -9999 -9999 -9999 -9999 -9999
-9999 -9999 -9999 -9999 -9999 -9999 7.976 -9999 7.735 7.545 6.913 6.345 6.126 6.251 6.818 7.015 6.867 7.179 6.859 5.822 5.359 5.617 6.325 6.615 7.138 7.619 7.748 8.111 -9999 -9999 -9999 -9999 -9999 -9999 -9999 -9999 -9999 -9999 -9999 -9999 -9999 -9999 7.898 -9999 -9999 -9999 -9999 -9999 -9999 -9999 -9999 -9999 -9999 -9999 -9999 -9999 -9999 -9999 -9999 -9999 -9999 -9999 -9999 -9999 -9999 -9999 -9999 -9999 -9999 -9999 -9999 -9999 -9999 -9999 -9999 -9999 -9999
-9999 -9999 -9999 -9999 -9999 8.138 7.964 7.293 7.522 7.544 7.092 6.855 6.605 6.606 6.889 6.827 7.074 -9999 7.139 6.265 5.651 5.314 5.957 7.016 7.377 7.792 8.022 -9999 -9999 -9999 -9999 -9999 -9999 -9999 -9999 -9999 -9999 -9999 -9999 -9999 -9999 -9999 -9999 -9999 -9999 -9999 -9999 -9999 -9999 -9999 -9999 -9999 -9999 -9999 -9999 -9999 -9999 -9999 -9999 -9999 -9999 -9999 -9999 -9999 -9999 -9999 -9999 -9999 -9999 -9999 -9999 -9999 -9999 -9999 -9999 -9999 -9999
-9999 -9999 -9999 -9999 -9999 8.126 7.591 7.26 7.177 7.215 7.128 7.049 6.804 7.0 7.19 7.258 7.775 7.686 7.405 6.755 5.762 5.571 6.492 7.007 7.565 7.728 7.677 -9999 -9999 -9999 -9999 -9999 -9999 -9999 -9999 -9999 -9999 -9999 -9999 -9999 -9999 -9999 -9999 -9999 -9999 -9999 -9999 -9999 -9999 -9999 -9999 -9999 -9999 -9999 -9999 -9999 -9999 -9999 -9999 -9999 -9999 -9999 -9999 -9999 -9999 -9999 -9999 -9999 -9999 -9999 -9999 -9999 -9999 -9999 -9999 -9999 -9999
-9999 -9999 -9999 -9999 8.263 7.887 7.452 6.99 6.849 7.076 7.197 7.229 7.236 7.375 7.181 7.629 7.916 7.824 7.423 7.092 6.605 6.551 6.938 7.413 7.569 7.437 -9999 -9999 -9999 -9999 -9999 -9999 -9999 -9999 -9999 -9999 -9999 -9999 -9999 -9999 -9999 -9999 -9999 -9999 -9999 -9999 -9999 -9999 -9999 -9999 -9999 -9999 -9999 -9999 -9999 -9999 -9999 -9999 -9999 -9999 -9999 -9999 -9999 -9999 -9999 -9999 -9999 -9999 -9999 -9999 -9999 -9999 -9999 -9999 -9999 -9999 -9999
