Validation/Results/raw data/ReClimate_11_2023_1_Precipitation-Actuals.asc
NCOLS 192
NROWS 249
XLLCENTER -225160.85627316462
YLLCENTER 29788.11610251502
CELLSIZE 5000.0
NODATA_VALUE -9999
[rows 99 to 131 of 249, columns 74 to 147 of 192]
309.477 310.975 328.142 334.63 351.454 373.51 380.839 393.34 -9999 -9999 283.84 411.002 455.531 496.643 472.168 488.932 465.066 407.255 390.594 348.771 323.867 315.072 297.38 258.504 239.567 230.111 204.827 198.536 184.747 169.139 150.115 141.147 134.691 129.98 119.116 110.451 95.792 83.724 86.037 96.714 90.853 81.847 80.999 82.527 75.545 -9999 -9999 -9999 -9999 -9999 -9999 -9999 -9999 -9999 -9999 -9999 -9999 -9999 -9999 -9999 -9999 -9999 -9999 -9999 -9999 -9999 -9999 -9999 -9999 -9999 -9999 -9999 -9999 -9999
277.633 330.554 319.389 -9999 -9999 345.851 358.818 -9999 -9999 -9999 263.62 382.103 514.071 505.451 539.262 474.061 416.427 406.832 434.813 427.797 360.368 347.074 294.537 286.466 289.292 252.323 208.698 221.601 223.466 188.48 158.125 153.578 142.821 122.709 97.813 90.697 82.942 88.803 108.866 105.9 101.622 97.989 93.876 81.515 71.104 -9999 -9999 -9999 -9999 -9999 -9999 -9999 -9999 -9999 -9999 -9999 -9999 -9999 -9999 -9999 -9999 -9999 -9999 -9999 -9999 -9999 -9999 -9999 -9999 -9999 -9999 -9999 -9999 -9999
277.113 -9999 318.453 331.182 372.034 -9999 -9999 -9999 -9999 332.043 326.543 420.704 467.409 478.765 488.807 453.194 442.518 458.108 515.48 469.126 432.157 343.723 320.644 329.059 276.626 223.994 242.014 268.934 242.452 178.527 178.26 161.504 141.782 112.644 97.173 89.874 94.541 113.842 101.843 99.224 96.612 96.096 87.259 75.097 -9999 -9999 -9999 -9999 -9999 -9999 -9999 -9999 -9999 -9999 -9999 -9999 -9999 -9999 -9999 -9999 -9999 -9999 -9999 -9999 -9999 -9999 -9999 -9999 -9999 -9999 -9999 -9999 -9999 -9999
290.02 370.779 436.854 489.192 516.036 422.352 345.922 -9999 -9999 320.509 -9999 -9999 358.425 482.647 477.842 431.621 460.281 527.175 517.165 538.641 495.969 401.718 328.961 263.638 290.712 287.154 298.575 278.549 244.86 240.321 209.315 160.742 128.565 110.189 100.328 100.841 114.507 96.032 91.785 90.408 87.121 83.901 80.206 -9999 -9999 -9999 -9999 -9999 -9999 -9999 -9999 -9999 -9999 -9999 -9999 -9999 -9999 -9999 -9999 -9999 -9999 -9999 -9999 -9999 -9999 -9999 -9999 -9999 -9999 -9999 -9999 -9999 -9999 -9999
323.936 368.088 437.476 522.481 486.006 -9999 -9999 -9999 308.788 342.004 339.084 357.844 388.076 414.242 386.909 401.67 469.716 497.29 491.644 460.443 414.959 372.614 325.877 330.777 276.232 286.858 256.075 254.206 243.94 203.284 183.861 148.037 125.114 113.273 99.361 102.213 91.971 84.863 -9999 -9999 84.907 -9999 -9999 -9999 -9999 -9999 -9999 -9999 -9999 -9999 -9999 -9999 -9999 -9999 -9999 -9999 -9999 -9999 -9999 -9999 -9999 -9999 -9999 -9999 -9999 -9999 -9999 -9999 -9999 -9999 -9999 -9999 -9999 -9999
309.93 353.275 426.487 -9999 439.966 -9999 -9999 -9999 318.092 358.71 382.126 378.883 370.419 387.728 404.93 453.225 505.546 482.237 460.292 437.87 438.864 393.569 367.293 282.296 285.006 276.051 242.708 210.366 166.28 162.53 135.529 115.912 117.27 105.803 96.198 95.563 89.262 -9999 93.39 84.401 83.017 84.61 -9999 -9999 -9999 -9999 -9999 -9999 -9999 -9999 -9999 -9999 -9999 -9999 -9999 -9999 -9999 -9999 -9999 -9999 -9999 -9999 -9999 -9999 -9999 -9999 -9999 -9999 -9999 -9999 -9999 -9999 -9999 -9999
-9999 309.42 -9999 -9999 -9999 -9999 349.227 339.908 354.35 376.245 400.897 401.002 414.658 442.859 440.717 469.917 479.35 516.815 461.821 455.738 408.265 417.982 341.55 341.056 354.46 286.435 241.316 214.897 186.961 149.315 128.122 108.415 103.399 107.72 107.957 -9999 93.081 93.37 83.392 82.467 79.463 89.254 -9999 -9999 -9999 -9999 -9999 -9999 -9999 -9999 -9999 -9999 -9999 -9999 -9999 -9999 -9999 -9999 -9999 -9999 -9999 -9999 -9999 -9999 -9999 -9999 -9999 -9999 -9999 -9999 -9999 -9999 -9999 -9999
-9999 -9999 -9999 -9999 -9999 -9999 339.5 312.467 326.185 376.076 412.132 400.295 426.518 390.696 398.761 450.566 528.037 509.798 453.045 438.24 426.264 358.727 342.884 380.633 313.226 314.817 300.047 231.988 198.494 171.963 147.081 138.552 138.198 137.949 141.623 125.309 101.372 91.991 94.714 100.952 94.282 96.002 92.887 -9999 -9999 -9999 -9999 -9999 -9999 -9999 -9999 -9999 -9999 -9999 -9999 -9999 -9999 -9999 -9999 -9999 -9999 -9999 -9999 -9999 -9999 -9999 -9999 -9999 -9999 -9999 -9999 -9999 -9999 -9999
-9999 -9999 -9999 -9999 -9999 330.049 -9999 -9999 318.799 376.183 389.271 416.328 400.756 -9999 -9999 493.741 556.94 573.961 445.813 403.467 373.2 335.736 336.87 298.527 276.901 265.103 215.065 198.654 199.583 195.476 208.45 209.357 182.412 171.714 154.373 132.641 121.639 106.965 115.293 99.644 107.829 103.397 91.592 81.605 -9999 -9999 -9999 -9999 -9999 -9999 -9999 -9999 -9999 -9999 -9999 -9999 -9999 -9999 -9999 -9999 -9999 -9999 -9999 -9999 -9999 -9999 -9999 -9999 -9999 -9999 -9999 -9999 -9999 -9999
-9999 -9999 -9999 -9999 -9999 307.799 -9999 284.084 304.269 340.169 389.378 406.606 379.594 373.833 443.358 498.425 509.734 414.694 407.02 427.357 345.136 319.569 298.225 267.377 227.57 200.659 172.469 184.373 214.26 258.73 262.906 223.045 193.522 162.712 142.229 131.999 118.616 115.908 102.819 95.361 88.636 85.714 77.226 -9999 -9999 -9999 -9999 -9999 -9999 -9999 -9999 -9999 -9999 -9999 -9999 -9999 -9999 -9999 -9999 -9999 -9999 -9999 -9999 -9999 -9999 -9999 -9999 -9999 -9999 -9999 -9999 -9999 -9999 -9999
-9999 -9999 -9999 -9999 -9999 285.551 -9999 250.831 250.279 307.649 340.25 346.667 -9999 397.03 417.91 -9999 428.708 408.534 404.375 348.195 355.605 296.212 259.105 210.808 183.978 170.559 174.209 170.276 195.706 185.158 172.041 179.032 176.543 160.13 135.446 123.955 114.763 103.155 93.621 -9999 -9999 -9999 -9999 -9999 -9999 -9999 -9999 -9999 -9999 -9999 -9999 -9999 -9999 -9999 -9999 -9999 -9999 -9999 -9999 -9999 -9999 -9999 -9999 -9999 -9999 -9999 -9999 -9999 -9999 -9999 -9999 -9999 -9999 -9999
-9999 -9999 -9999 258.89 268.786 -9999 -9999 222.054 269.024 300.778 297.12 326.016 405.188 388.308 439.291 -9999 359.976 367.2 341.678 319.895 293.4 277.147 229.284 212.138 200.015 210.561 204.135 168.033 154.934 142.07 142.528 151.199 153.075 150.391 136.151 131.144 118.79 100.18 -9999 -9999 -9999 -9999 -9999 -9999 -9999 -9999 -9999 -9999 -9999 -9999 -9999 -9999 -9999 -9999 -9999 -9999 -9999 -9999 -9999 -9999 -9999 -9999 -9999 -9999 -9999 -9999 -9999 -9999 -9999 -9999 -9999 -9999 -9999 -9999
-9999 -9999 238.265 241.119 253.951 -9999 241.689 267.291 299.211 290.96 -9999 372.535 382.164 423.991 453.893 -9999 330.633 338.683 296.989 250.681 244.663 223.981 220.893 231.234 243.574 248.708 215.219 192.7 167.392 -9999 124.422 128.964 134.347 136.475 131.811 131.854 113.975 -9999 -9999 -9999 -9999 -9999 -9999 -9999 -9999 -9999 -9999 -9999 -9999 -9999 -9999 -9999 -9999 -9999 -9999 -9999 -9999 -9999 -9999 -9999 -9999 -9999 -9999 -9999 -9999 -9999 -9999 -9999 -9999 -9999 -9999 -9999 -9999 -9999
-9999 -9999 220.494 214.611 -9999 -9999 264.879 300.235 298.84 -9999 319.648 357.724 382.368 416.838 412.535 -9999 299.183 262.501 244.662 233.992 234.562 233.249 239.284 295.796 298.375 287.76 263.767 208.485 164.169 131.065 118.36 -9999 -9999 112.958 111.272 -9999 -9999 -9999 -9999 -9999 -9999 71.964 71.0 68.996 -9999 -9999 -9999 -9999 -9999 -9999 -9999 -9999 -9999 -9999 -9999 -9999 -9999 -9999 -9999 -9999 -9999 -9999 -9999 -9999 -9999 -9999 -9999 -9999 -9999 -9999 -9999 -9999 -9999 -9999
-9999 249.593 265.576 -9999 -9999 249.97 272.539 267.893 304.012 -9999 308.046 342.156 345.054 357.576 385.471 -9999 -9999 -9999 252.59 240.547 237.09 239.125 253.574 257.457 242.789 239.975 215.988 189.044 164.381 147.183 129.041 113.864 115.131 111.292 98.078 -9999 -9999 -9999 -9999 -9999 76.87 72.978 78.153 72.394 72.204 -9999 -9999 -9999 -9999 -9999 -9999 -9999 -9999 -9999 -9999 -9999 -9999 -9999 -9999 -9999 -9999 -9999 -9999 -9999 -9999 -9999 -9999 -9999 -9999 -9999 -9999 -9999 -9999 -9999
271.063 318.153 275.052 -9999 -9999 -9999 223.471 277.535 283.716 -9999 273.571 -9999 289.481 325.471 307.861 -9999 265.022 280.437 275.297 -9999 214.058 199.995 209.679 202.791 197.784 196.552 192.792 177.531 167.133 158.398 138.981 136.024 126.807 109.778 97.182 88.412 88.92 85.799 -9999 78.841 77.88 81.826 85.868 94.254 96.683 102.227 72.127 -9999 -9999 -9999 -9999 -9999 -9999 -9999 -9999 -9999 -9999 -9999 -9999 -9999 -9999 -9999 -9999 -9999 -9999 -9999 -9999 -9999 -9999 -9999 -9999 -9999 -9999 -9999
275.918 279.538 -9999 -9999 -9999 -9999 246.537 288.62 259.772 -9999 236.158 -9999 252.709 252.446 -9999 279.142 301.459 335.511 313.788 239.434 200.332 182.346 178.835 172.755 171.762 166.305 162.539 162.147 159.776 152.97 138.266 137.502 126.255 117.907 109.876 104.446 107.883 94.988 91.872 87.04 85.369 87.535 92.88 114.862 116.879 121.969 106.608 89.089 81.959 89.263 -9999 -9999 -9999 -9999 -9999 -9999 -9999 -9999 -9999 -9999 -9999 -9999 -9999 -9999 -9999 -9999 -9999 -9999 -9999 -9999 -9999 -9999 -9999 -9999
-9999 238.533 -9999 -9999 -9999 -9999 236.219 246.231 262.667 259.61 -9999 -9999 204.502 216.879 -9999 255.338 304.61 370.95 313.824 259.938 213.066 191.79 173.594 161.199 153.243 143.716 148.982 152.851 162.043 161.623 155.639 138.695 151.575 143.055 135.162 142.707 121.148 98.687 88.389 95.98 94.878 110.303 143.421 152.083 140.068 132.76 117.651 121.661 99.335 89.682 85.376 -9999 -9999 -9999 -9999 -9999 -9999 -9999 -9999 -9999 -9999 -9999 -9999 -9999 -9999 -9999 -9999 -9999 -9999 -9999 -9999 -9999 -9999 -9999
244.264 -9999 -9999 -9999 -9999 -9999 200.878 224.186 257.38 236.077 -9999 -9999 205.281 202.612 -9999 -9999 297.521 304.688 284.005 252.049 242.736 219.637 193.466 176.751 167.423 148.915 146.064 161.797 166.046 175.338 172.569 184.065 170.604 166.206 169.228 148.554 125.278 118.341 112.365 109.556 127.203 152.333 164.316 166.117 150.93 131.426 120.599 106.174 95.807 93.058 85.527 -9999 -9999 -9999 -9999 -9999 -9999 -9999 -9999 -9999 -9999 -9999 -9999 -9999 -9999 -9999 -9999 -9999 -9999 -9999 -9999 -9999 -9999 -9999
227.033 -9999 -9999 -9999 -9999 -9999 187.896 221.497 249.766 -9999 -9999 -9999 -9999 195.566 -9999 203.799 249.721 266.03 247.942 243.486 245.962 235.692 221.453 215.851 200.029 176.525 165.011 153.757 158.37 166.86 183.049 181.476 175.811 171.469 157.006 146.28 138.464 136.107 154.873 150.218 144.752 148.781 142.982 136.303 135.428 129.215 113.192 92.548 89.434 88.606 87.493 80.929 -9999 -9999 -9999 -9999 -9999 -9999 -9999 -9999 -9999 -9999 -9999 -9999 -9999 -9999 -9999 -9999 -9999 -9999 -9999 -9999 -9999 -9999
210.101 -9999 -9999 -9999 213.224 206.929 210.797 233.94 -9999 -9999 290.05 -9999 -9999 -9999 -9999 189.076 219.951 226.632 220.608 221.484 223.898 243.287 250.507 246.43 233.049 204.652 183.218 161.155 154.809 160.141 160.866 152.28 158.715 143.679 156.345 170.838 158.879 185.636 197.709 181.214 165.328 145.786 116.456 126.39 122.201 124.584 110.491 94.128 87.628 87.716 83.433 79.353 -9999 -9999 -9999 -9999 -9999 -9999 -9999 -9999 -9999 -9999 -9999 -9999 -9999 -9999 -9999 -9999 -9999 -9999 -9999 -9999 -9999 -9999
-9999 -9999 -9999 -9999 -9999 223.001 231.672 261.715 -9999 271.708 312.961 338.046 -9999 -9999 -9999 -9999 177.178 182.363 187.158 194.492 206.734 219.782 233.989 238.439 234.534 208.684 181.751 164.674 164.099 145.595 140.769 145.776 158.685 158.247 180.961 165.735 184.845 184.95 188.847 190.014 176.089 141.711 130.525 120.795 108.786 105.243 104.075 91.794 86.32 87.583 87.699 85.259 82.562 -9999 -9999 -9999 -9999 -9999 -9999 -9999 -9999 -9999 -9999 -9999 -9999 -9999 -9999 -9999 -9999 -9999 -9999 -9999 -9999 -9999
-9999 -9999 -9999 -9999 -9999 234.64 257.947 285.678 -9999 231.454 304.597 346.25 -9999 -9999 -9999 -9999 -9999 162.279 165.103 171.888 178.947 199.801 209.288 224.92 226.61 235.918 220.424 201.016 167.799 156.221 146.159 151.507 150.157 155.968 176.154 178.74 179.186 183.561 178.92 157.063 142.601 128.765 126.314 110.224 103.879 103.432 92.526 87.251 82.242 85.316 92.615 98.03 87.908 84.22 -9999 -9999 -9999 -9999 -9999 -9999 -9999 -9999 -9999 -9999 -9999 -9999 -9999 -9999 -9999 -9999 -9999 -9999 -9999 -9999
-9999 -9999 -9999 -9999 -9999 237.333 276.939 -9999 -9999 205.925 273.831 319.284 261.359 -9999 -9999 -9999 -9999 -9999 160.527 167.156 183.954 190.792 220.246 234.766 249.942 258.647 244.635 222.152 193.695 187.388 169.813 169.444 177.192 204.7 204.551 242.975 210.835 217.648 183.754 193.11 161.406 131.865 127.552 111.288 98.408 95.024 98.738 101.305 103.593 91.52 98.074 97.128 102.608 89.642 85.891 78.08 -9999 -9999 -9999 -9999 -9999 -9999 -9999 -9999 -9999 -9999 -9999 -9999 -9999 -9999 -9999 -9999 -9999 -9999
-9999 -9999 -9999 -9999 -9999 251.992 226.798 -9999 -9999 217.733 261.459 268.516 -9999 -9999 -9999 -9999 -9999 -9999 150.418 160.833 167.709 181.676 200.459 210.658 230.878 243.03 245.054 242.66 217.652 201.796 207.538 225.809 258.596 241.767 270.949 281.33 262.429 210.92 217.252 203.892 145.794 142.331 126.793 109.541 108.062 108.579 102.204 106.576 111.024 128.355 126.293 108.48 104.059 99.927 90.949 84.242 -9999 -9999 -9999 -9999 -9999 -9999 -9999 -9999 -9999 -9999 -9999 -9999 -9999 -9999 -9999 -9999 -9999 -9999
-9999 -9999 -9999 -9999 -9999 228.026 188.151 -9999 -9999 -9999 211.571 215.197 201.08 -9999 -9999 -9999 -9999 -9999 143.992 157.202 163.234 174.165 184.449 202.32 236.37 266.585 282.213 252.376 238.508 227.484 224.783 236.649 254.849 267.207 313.69 291.582 253.284 243.879 223.767 175.851 169.267 142.824 134.741 123.173 109.157 114.39 121.677 128.156 143.086 173.043 158.397 134.806 115.331 104.754 100.15 92.006 -9999 -9999 -9999 -9999 -9999 -9999 -9999 -9999 -9999 -9999 -9999 -9999 -9999 -9999 -9999 -9999 -9999 -9999
-9999 -9999 -9999 -9999 241.958 222.768 199.736 -9999 -9999 -9999 -9999 -9999 -9999 -9999 -9999 -9999 -9999 -9999 169.412 181.798 181.127 182.034 195.748 212.566 239.54 267.394 287.349 276.247 262.535 272.222 260.35 279.87 298.01 328.166 338.711 320.113 285.129 268.642 229.463 210.314 174.334 159.546 134.642 119.324 125.075 122.731 140.52 154.523 183.746 178.357 176.683 139.409 113.301 104.183 98.293 93.288 76.716 -9999 -9999 -9999 -9999 -9999 -9999 -9999 -9999 -9999 -9999 -9999 -9999 -9999 -9999 -9999 -9999 -9999
-9999 -9999 -9999 237.558 239.865 241.252 209.16 -9999 -9999 -9999 -9999 -9999 -9999 -9999 -9999 -9999 173.627 174.34 189.486 211.029 226.886 238.36 249.47 270.738 259.798 271.642 270.389 287.595 299.485 295.717 323.908 317.864 299.324 297.687 350.685 314.939 316.63 269.453 240.656 205.251 173.7 151.164 151.111 143.0 127.224 135.446 155.352 177.051 162.462 167.146 173.987 139.627 108.06 100.024 105.8 97.899 84.4 -9999 -9999 -9999 -9999 -9999 -9999 -9999 -9999 -9999 -9999 -9999 -9999 -9999 -9999 -9999 -9999 -9999
-9999 -9999 -9999 230.172 215.229 189.715 -9999 -9999 -9999 -9999 -9999 -9999 -9999 -9999 -9999 -9999 177.563 182.387 204.638 237.582 259.662 266.336 315.525 334.583 321.868 309.272 312.945 292.194 291.89 326.498 338.71 313.034 282.545 289.843 310.531 337.768 303.779 287.47 257.288 228.394 191.58 179.717 172.638 157.306 156.539 186.041 198.82 187.789 166.828 161.912 139.693 124.366 119.806 118.631 108.049 101.543 85.19 -9999 -9999 -9999 -9999 -9999 -9999 -9999 -9999 -9999 -9999 -9999 -9999 -9999 -9999 -9999 -9999 -9999
-9999 -9999 -9999 -9999 -9999 -9999 -9999 -9999 -9999 -9999 -9999 -9999 -9999 -9999 -9999 -9999 188.692 200.686 238.889 265.425 288.259 303.615 352.769 375.274 403.918 363.281 315.799 296.737 303.148 324.817 362.599 334.748 282.383 282.102 296.045 316.574 309.279 290.994 279.211 247.951 244.078 236.007 217.621 217.694 229.341 233.849 195.287 179.807 166.866 151.5 147.898 124.481 113.016 111.415 105.256 90.493 86.309 -9999 -9999 -9999 -9999 -9999 -9999 -9999 -9999 -9999 -9999 -9999 -9999 -9999 -9999 -9999 -9999 -9999
-9999 -9999 -9999 -9999 -9999 -9999 -9999 -9999 -9999 -9999 -9999 -9999 -9999 -9999 -9999 196.005 218.75 249.443 274.193 317.952 313.528 327.069 346.37 399.047 384.397 352.803 314.223 291.381 257.343 271.463 289.568 296.516 281.218 252.271 268.582 287.528 289.582 284.768 279.91 286.193 255.821 252.017 243.54 238.205 261.352 217.891 214.477 186.501 148.173 156.67 154.413 143.13 118.032 105.366 94.274 85.44 80.962 -9999 -9999 -9999 -9999 -9999 -9999 -9999 -9999 -9999 -9999 -9999 -9999 -9999 -9999 -9999 -9999 -9999
-9999 -9999 -9999 -9999 -9999 -9999 -9999 -9999 -9999 -9999 -9999 -9999 -9999 -9999 -9999 218.678 254.717 293.189 342.337 353.172 357.807 355.088 387.951 360.797 345.916 321.469 310.401 277.789 233.191 234.154 269.071 282.236 267.089 224.823 234.253 244.599 253.542 269.93 294.261 248.595 271.305 260.459 242.861 273.419 235.821 227.602 207.643 164.284 159.471 150.372 141.994 138.386 125.366 110.349 100.059 87.447 77.449 -9999 -9999 -9999 -9999 -9999 -9999 -9999 -9999 -9999 -9999 -9999 -9999 -9999 -9999 -9999 -9999 -9999
-9999 -9999 -9999 -9999 -9999 -9999 -9999 -9999 -9999 -9999 -9999 -9999 -9999 -9999 207.337 247.516 277.96 327.637 340.438 370.312 406.751 413.418 402.241 346.533 313.007 300.034 299.669 282.813 246.057 240.793 259.006 251.297 210.67 200.184 212.406 232.779 248.044 284.361 254.42 255.376 276.518 252.517 262.093 251.368 220.235 214.756 176.004 172.551 161.324 150.914 141.337 126.119 113.977 103.753 98.903 90.203 79.883 79.193 -9999 -9999 -9999 -9999 -9999 -9999 -9999 -9999 -9999 -9999 -9999 -9999 -9999 -9999 -9999 -9999
