Validation/Results/raw data/ReClimate_10_2024_2.asc
NCOLS 192
NROWS 249
XLLCENTER -225160.85627316462
YLLCENTER 29788.11610251502
CELLSIZE 5000.0
NODATA_VALUE -9999
[rows 99 to 131 of 249, columns 74 to 147 of 192]
102.537 102.473 102.54 102.566 102.566 102.568 102.606 102.528 -9999 -9999 102.273 102.221 102.243 102.153 102.06 101.774 101.482 101.393 101.243 101.074 100.79 100.774 100.917 100.836 100.756 100.677 100.597 100.517 100.439 100.364 100.291 100.096 100.019 100.06 99.978 99.893 99.803 99.709 99.607 99.52 99.45 99.377 99.296 99.206 99.109 -9999 -9999 -9999 -9999 -9999 -9999 -9999 -9999 -9999 -9999 -9999 -9999 -9999 -9999 -9999 -9999 -9999 -9999 -9999 -9999 -9999 -9999 -9999 -9999 -9999 -9999 -9999 -9999 -9999
102.539 102.541 102.543 -9999 -9999 102.605 102.629 -9999 -9999 -9999 102.285 102.316 102.356 102.258 102.169 101.883 101.56 101.441 101.362 101.148 101.001 101.027 100.962 100.88 100.799 100.721 100.648 100.577 100.506 100.436 100.364 100.291 100.215 100.137 100.055 99.97 99.88 99.785 99.683 99.593 99.52 99.445 99.363 99.271 99.172 -9999 -9999 -9999 -9999 -9999 -9999 -9999 -9999 -9999 -9999 -9999 -9999 -9999 -9999 -9999 -9999 -9999 -9999 -9999 -9999 -9999 -9999 -9999 -9999 -9999 -9999 -9999 -9999 -9999
102.535 -9999 102.54 102.543 102.545 -9999 -9999 -9999 -9999 102.38 102.315 102.434 102.635 102.491 102.272 101.938 101.53 101.419 101.265 101.093 100.869 100.865 101.009 100.93 100.859 100.791 100.723 100.655 100.585 100.515 100.442 100.368 100.292 100.213 100.131 100.045 99.955 99.859 99.758 99.667 99.593 99.52 99.442 99.355 -9999 -9999 -9999 -9999 -9999 -9999 -9999 -9999 -9999 -9999 -9999 -9999 -9999 -9999 -9999 -9999 -9999 -9999 -9999 -9999 -9999 -9999 -9999 -9999 -9999 -9999 -9999 -9999 -9999 -9999
102.528 102.531 102.534 102.537 102.54 102.267 102.205 -9999 -9999 102.402 -9999 -9999 101.965 101.944 102.22 101.886 101.597 101.495 101.47 101.351 101.377 101.33 101.073 101.006 100.939 100.871 100.803 100.734 100.665 100.593 100.521 100.446 100.369 100.289 100.206 100.119 100.028 99.932 99.829 99.737 99.663 99.592 99.52 -9999 -9999 -9999 -9999 -9999 -9999 -9999 -9999 -9999 -9999 -9999 -9999 -9999 -9999 -9999 -9999 -9999 -9999 -9999 -9999 -9999 -9999 -9999 -9999 -9999 -9999 -9999 -9999 -9999 -9999 -9999
102.522 102.525 102.529 102.532 102.536 -9999 -9999 -9999 102.486 102.433 102.172 101.986 101.956 102.179 102.417 102.141 101.838 101.76 101.622 101.597 101.531 101.318 101.155 101.087 101.02 100.952 100.884 100.814 100.744 100.672 100.599 100.524 100.446 100.365 100.282 100.194 100.101 100.004 -9999 -9999 99.73 -9999 -9999 -9999 -9999 -9999 -9999 -9999 -9999 -9999 -9999 -9999 -9999 -9999 -9999 -9999 -9999 -9999 -9999 -9999 -9999 -9999 -9999 -9999 -9999 -9999 -9999 -9999 -9999 -9999 -9999 -9999 -9999 -9999
102.516 102.52 102.524 -9999 102.533 -9999 -9999 -9999 102.512 102.388 102.342 102.307 102.212 102.322 102.31 102.153 102.179 101.977 101.664 101.574 101.446 101.314 101.238 101.17 101.102 101.034 100.965 100.895 100.825 100.752 100.678 100.602 100.524 100.443 100.358 100.27 100.176 -9999 99.971 99.875 99.796 99.739 -9999 -9999 -9999 -9999 -9999 -9999 -9999 -9999 -9999 -9999 -9999 -9999 -9999 -9999 -9999 -9999 -9999 -9999 -9999 -9999 -9999 -9999 -9999 -9999 -9999 -9999 -9999 -9999 -9999 -9999 -9999 -9999
-9999 102.514 -9999 -9999 -9999 -9999 102.485 102.449 102.533 102.499 102.446 102.359 102.219 102.197 102.18 102.17 102.128 101.881 101.69 101.606 101.582 101.469 101.323 101.255 101.186 101.117 101.048 100.978 100.906 100.834 100.759 100.683 100.604 100.522 100.437 -9999 100.254 100.155 100.049 99.952 99.875 99.828 -9999 -9999 -9999 -9999 -9999 -9999 -9999 -9999 -9999 -9999 -9999 -9999 -9999 -9999 -9999 -9999 -9999 -9999 -9999 -9999 -9999 -9999 -9999 -9999 -9999 -9999 -9999 -9999 -9999 -9999 -9999 -9999
-9999 -9999 -9999 -9999 -9999 -9999 102.544 102.551 102.549 102.54 102.519 102.43 102.34 102.259 102.093 102.069 102.09 101.917 101.738 101.696 101.638 101.509 101.41 101.341 101.272 101.203 101.133 101.062 100.99 100.917 100.842 100.765 100.686 100.604 100.519 100.43 100.337 100.238 100.136 100.05 99.984 99.927 99.884 -9999 -9999 -9999 -9999 -9999 -9999 -9999 -9999 -9999 -9999 -9999 -9999 -9999 -9999 -9999 -9999 -9999 -9999 -9999 -9999 -9999 -9999 -9999 -9999 -9999 -9999 -9999 -9999 -9999 -9999 -9999
-9999 -9999 -9999 -9999 -9999 102.531 -9999 -9999 102.559 102.581 102.595 102.535 102.448 -9999 -9999 102.005 102.154 101.997 101.843 101.777 101.703 101.6 101.497 101.429 101.36 101.29 101.22 101.149 101.076 100.877 100.463 100.511 100.772 100.69 100.607 100.52 100.43 100.336 100.243 100.166 100.106 100.05 99.997 99.932 -9999 -9999 -9999 -9999 -9999 -9999 -9999 -9999 -9999 -9999 -9999 -9999 -9999 -9999 -9999 -9999 -9999 -9999 -9999 -9999 -9999 -9999 -9999 -9999 -9999 -9999 -9999 -9999 -9999 -9999
-9999 -9999 -9999 -9999 -9999 102.528 -9999 102.548 102.56 102.59 102.586 102.539 102.449 102.227 102.077 102.128 102.08 101.945 101.815 101.758 101.733 101.647 101.585 101.517 101.448 101.379 101.309 101.238 101.166 100.909 100.815 100.922 100.864 100.785 100.703 100.619 100.532 100.443 100.356 100.286 100.228 100.173 100.119 -9999 -9999 -9999 -9999 -9999 -9999 -9999 -9999 -9999 -9999 -9999 -9999 -9999 -9999 -9999 -9999 -9999 -9999 -9999 -9999 -9999 -9999 -9999 -9999 -9999 -9999 -9999 -9999 -9999 -9999 -9999
-9999 -9999 -9999 -9999 -9999 102.524 -9999 102.547 102.56 102.618 102.735 102.673 -9999 102.359 102.246 -9999 102.317 102.178 102.003 101.941 101.835 101.762 101.673 101.619 101.587 101.505 101.399 101.375 101.431 101.301 101.1 101.038 100.967 100.887 100.803 100.721 100.637 100.551 100.471 -9999 -9999 -9999 -9999 -9999 -9999 -9999 -9999 -9999 -9999 -9999 -9999 -9999 -9999 -9999 -9999 -9999 -9999 -9999 -9999 -9999 -9999 -9999 -9999 -9999 -9999 -9999 -9999 -9999 -9999 -9999 -9999 -9999 -9999 -9999
-9999 -9999 -9999 102.501 102.511 -9999 -9999 102.544 102.558 102.636 102.664 102.625 102.633 102.511 102.376 -9999 102.069 102.006 102.097 101.987 101.865 101.8 101.763 101.716 101.652 101.563 101.489 101.487 101.42 101.281 101.204 101.132 101.055 100.978 100.904 100.825 100.744 100.661 -9999 -9999 -9999 -9999 -9999 -9999 -9999 -9999 -9999 -9999 -9999 -9999 -9999 -9999 -9999 -9999 -9999 -9999 -9999 -9999 -9999 -9999 -9999 -9999 -9999 -9999 -9999 -9999 -9999 -9999 -9999 -9999 -9999 -9999 -9999 -9999
-9999 -9999 102.481 102.493 102.474 -9999 102.529 102.541 102.556 102.574 -9999 102.638 102.664 102.557 102.435 -9999 102.184 102.198 102.127 102.073 102.123 102.033 101.855 101.698 101.38 101.404 101.593 101.512 101.405 -9999 101.406 101.304 101.153 101.081 101.006 100.93 100.852 -9999 -9999 -9999 -9999 -9999 -9999 -9999 -9999 -9999 -9999 -9999 -9999 -9999 -9999 -9999 -9999 -9999 -9999 -9999 -9999 -9999 -9999 -9999 -9999 -9999 -9999 -9999 -9999 -9999 -9999 -9999 -9999 -9999 -9999 -9999 -9999 -9999
-9999 -9999 102.473 102.456 -9999 -9999 102.525 102.539 102.553 -9999 102.564 102.619 102.631 102.556 102.489 -9999 102.331 102.262 102.194 102.196 102.154 101.996 101.828 101.685 101.762 101.838 101.801 101.694 101.576 101.544 101.425 -9999 -9999 101.182 101.11 -9999 -9999 -9999 -9999 -9999 -9999 100.661 100.622 100.571 -9999 -9999 -9999 -9999 -9999 -9999 -9999 -9999 -9999 -9999 -9999 -9999 -9999 -9999 -9999 -9999 -9999 -9999 -9999 -9999 -9999 -9999 -9999 -9999 -9999 -9999 -9999 -9999 -9999 -9999
-9999 102.473 102.406 -9999 -9999 102.476 102.52 102.535 102.55 -9999 102.581 102.626 102.645 102.62 102.612 -9999 -9999 -9999 102.276 102.227 102.17 102.056 101.994 102.093 102.269 102.224 102.177 102.002 101.714 101.543 101.264 101.26 101.354 101.285 101.215 -9999 -9999 -9999 -9999 -9999 100.787 100.762 100.733 100.683 100.61 -9999 -9999 -9999 -9999 -9999 -9999 -9999 -9999 -9999 -9999 -9999 -9999 -9999 -9999 -9999 -9999 -9999 -9999 -9999 -9999 -9999 -9999 -9999 -9999 -9999 -9999 -9999 -9999 -9999
102.48 102.476 102.526 -9999 -9999 -9999 102.514 102.529 102.546 -9999 102.59 -9999 102.636 102.638 102.609 -9999 102.482 102.42 102.36 -9999 102.251 102.194 102.131 102.181 102.084 102.037 101.998 101.811 101.731 101.573 101.557 101.559 101.448 101.373 101.299 101.223 101.144 101.082 -9999 100.951 100.888 100.854 100.817 100.729 100.623 100.512 100.394 -9999 -9999 -9999 -9999 -9999 -9999 -9999 -9999 -9999 -9999 -9999 -9999 -9999 -9999 -9999 -9999 -9999 -9999 -9999 -9999 -9999 -9999 -9999 -9999 -9999 -9999 -9999
102.464 102.49 -9999 -9999 -9999 -9999 102.507 102.523 102.54 -9999 102.593 -9999 102.642 102.668 -9999 102.575 102.532 102.492 102.445 102.393 102.342 102.287 102.224 102.141 102.074 102.021 101.952 101.896 101.879 101.817 101.692 101.594 101.516 101.441 101.367 101.293 101.225 101.168 101.114 101.051 100.994 100.926 100.816 100.683 100.509 100.317 99.984 100.231 100.034 99.774 -9999 -9999 -9999 -9999 -9999 -9999 -9999 -9999 -9999 -9999 -9999 -9999 -9999 -9999 -9999 -9999 -9999 -9999 -9999 -9999 -9999 -9999 -9999 -9999
-9999 102.422 -9999 -9999 -9999 -9999 102.499 102.515 102.534 102.562 -9999 -9999 102.654 102.614 -9999 102.603 102.573 102.543 102.511 102.477 102.43 102.376 102.311 102.245 102.18 102.113 102.046 101.996 101.903 101.85 101.919 101.791 101.579 101.506 101.434 101.364 101.303 101.248 101.196 101.132 101.023 100.907 100.793 100.645 100.525 100.199 99.81 99.917 100.048 99.887 99.633 -9999 -9999 -9999 -9999 -9999 -9999 -9999 -9999 -9999 -9999 -9999 -9999 -9999 -9999 -9999 -9999 -9999 -9999 -9999 -9999 -9999 -9999 -9999
102.395 -9999 -9999 -9999 -9999 -9999 102.489 102.507 102.529 102.561 -9999 -9999 102.628 102.551 -9999 -9999 102.606 102.581 102.558 102.529 102.498 102.412 102.235 102.215 102.27 102.203 102.122 102.027 101.942 101.938 101.86 101.713 101.641 101.57 101.5 101.435 101.379 101.322 101.246 101.124 101.004 100.869 100.704 100.594 100.503 100.25 100.142 100.147 100.0 99.834 99.645 -9999 -9999 -9999 -9999 -9999 -9999 -9999 -9999 -9999 -9999 -9999 -9999 -9999 -9999 -9999 -9999 -9999 -9999 -9999 -9999 -9999 -9999 -9999
102.384 -9999 -9999 -9999 -9999 -9999 102.479 102.498 102.524 -9999 -9999 -9999 -9999 102.663 -9999 102.667 102.64 102.614 102.59 102.567 102.541 102.484 102.551 102.525 102.35 102.262 102.173 102.086 102.002 101.922 101.846 101.773 101.702 101.633 101.567 101.509 101.448 101.357 101.23 101.106 100.984 100.776 100.482 100.417 100.405 100.311 100.238 100.091 99.931 99.758 99.568 99.382 -9999 -9999 -9999 -9999 -9999 -9999 -9999 -9999 -9999 -9999 -9999 -9999 -9999 -9999 -9999 -9999 -9999 -9999 -9999 -9999 -9999 -9999
102.367 -9999 -9999 -9999 102.434 102.45 102.467 102.488 -9999 -9999 102.589 -9999 -9999 -9999 -9999 102.703 102.675 102.649 102.624 102.599 102.573 102.601 102.566 102.451 102.376 102.302 102.224 102.14 102.057 101.979 101.904 101.832 101.763 101.697 101.636 101.461 101.053 101.033 101.213 101.081 100.94 100.733 100.628 100.559 100.426 100.32 100.174 100.02 99.858 99.64 99.375 99.338 -9999 -9999 -9999 -9999 -9999 -9999 -9999 -9999 -9999 -9999 -9999 -9999 -9999 -9999 -9999 -9999 -9999 -9999 -9999 -9999 -9999 -9999
-9999 -9999 -9999 -9999 -9999 102.436 102.453 102.478 -9999 102.55 102.585 102.421 -9999 -9999 -9999 -9999 102.712 102.685 102.659 102.634 102.608 102.574 102.515 102.447 102.379 102.312 102.241 102.169 102.097 102.027 101.959 101.892 101.825 101.762 101.698 101.448 101.345 101.36 101.196 101.058 100.931 100.808 100.673 100.537 100.398 100.255 100.106 99.95 99.785 99.46 99.179 99.265 99.08 -9999 -9999 -9999 -9999 -9999 -9999 -9999 -9999 -9999 -9999 -9999 -9999 -9999 -9999 -9999 -9999 -9999 -9999 -9999 -9999 -9999
-9999 -9999 -9999 -9999 -9999 102.421 102.439 102.468 -9999 102.543 102.58 102.442 -9999 -9999 -9999 -9999 -9999 102.725 102.698 102.672 102.639 102.575 102.506 102.439 102.373 102.298 102.21 102.119 101.983 101.951 101.98 101.916 101.85 101.747 101.533 101.444 101.403 101.249 101.109 100.989 100.887 100.751 100.615 100.477 100.335 100.189 100.038 99.852 99.611 99.242 99.09 99.199 99.032 98.807 -9999 -9999 -9999 -9999 -9999 -9999 -9999 -9999 -9999 -9999 -9999 -9999 -9999 -9999 -9999 -9999 -9999 -9999 -9999 -9999
-9999 -9999 -9999 -9999 -9999 102.427 102.42 -9999 -9999 102.536 102.573 102.441 102.259 -9999 -9999 -9999 -9999 -9999 102.74 102.706 102.64 102.568 102.499 102.432 102.367 102.293 102.236 102.149 102.122 102.091 101.987 101.951 101.963 101.754 101.432 101.382 101.353 101.214 101.077 100.961 100.832 100.695 100.557 100.416 100.272 100.123 99.968 99.782 99.648 99.303 99.124 99.131 98.959 98.744 98.531 98.309 -9999 -9999 -9999 -9999 -9999 -9999 -9999 -9999 -9999 -9999 -9999 -9999 -9999 -9999 -9999 -9999 -9999 -9999
-9999 -9999 -9999 -9999 -9999 102.42 102.393 -9999 -9999 102.524 102.566 102.443 -9999 -9999 -9999 -9999 -9999 -9999 102.78 102.712 102.636 102.563 102.494 102.427 102.361 102.305 102.254 102.17 101.994 101.886 101.76 101.598 101.137 100.859 100.589 100.736 101.225 101.074 100.898 100.825 100.854 100.715 100.575 100.411 100.207 100.037 99.828 99.414 98.497 98.215 98.394 98.992 98.804 98.595 98.388 98.178 -9999 -9999 -9999 -9999 -9999 -9999 -9999 -9999 -9999 -9999 -9999 -9999 -9999 -9999 -9999 -9999 -9999 -9999
-9999 -9999 -9999 -9999 -9999 102.39 102.302 -9999 -9999 -9999 102.56 102.602 102.635 -9999 -9999 -9999 -9999 -9999 102.79 102.713 102.635 102.561 102.49 102.423 102.357 102.351 102.431 102.323 102.294 102.152 101.967 101.663 101.44 101.286 101.309 101.468 101.248 101.133 101.106 101.028 100.817 100.692 100.591 100.382 100.141 99.965 99.823 99.07 98.342 98.332 99.046 98.837 98.634 98.431 98.23 98.027 -9999 -9999 -9999 -9999 -9999 -9999 -9999 -9999 -9999 -9999 -9999 -9999 -9999 -9999 -9999 -9999 -9999 -9999
-9999 -9999 -9999 -9999 102.441 102.404 102.299 -9999 -9999 -9999 -9999 -9999 -9999 -9999 -9999 -9999 -9999 -9999 102.764 102.713 102.636 102.56 102.489 102.408 102.309 102.331 102.302 102.256 102.189 101.896 101.382 101.297 101.313 101.323 101.371 101.134 100.834 100.863 101.016 100.838 100.695 100.572 100.424 100.21 100.011 99.878 99.757 99.017 98.322 99.119 98.882 98.679 98.48 98.283 98.087 97.89 97.787 -9999 -9999 -9999 -9999 -9999 -9999 -9999 -9999 -9999 -9999 -9999 -9999 -9999 -9999 -9999 -9999 -9999
-9999 -9999 -9999 102.33 102.448 102.384 102.296 -9999 -9999 -9999 -9999 -9999 -9999 -9999 -9999 -9999 102.732 102.758 102.728 102.687 102.637 102.563 102.489 102.446 102.501 102.409 102.225 102.173 102.148 101.91 101.994 101.896 101.628 101.592 101.476 101.294 101.254 101.211 100.906 100.761 100.613 100.463 100.311 100.136 99.982 99.841 99.668 99.072 99.217 98.949 98.731 98.534 98.339 98.147 97.956 97.764 97.638 -9999 -9999 -9999 -9999 -9999 -9999 -9999 -9999 -9999 -9999 -9999 -9999 -9999 -9999 -9999 -9999 -9999
-9999 -9999 -9999 102.144 102.256 102.222 -9999 -9999 -9999 -9999 -9999 -9999 -9999 -9999 -9999 -9999 102.727 102.709 102.519 102.488 102.44 102.437 102.491 102.342 101.891 101.874 102.118 102.103 102.122 102.143 102.036 101.883 101.925 101.844 101.84 101.657 101.228 101.004 100.855 100.703 100.551 100.397 100.242 100.061 99.831 99.687 99.572 99.321 99.041 98.792 98.592 98.397 98.208 98.02 97.833 97.647 97.507 -9999 -9999 -9999 -9999 -9999 -9999 -9999 -9999 -9999 -9999 -9999 -9999 -9999 -9999 -9999 -9999 -9999
-9999 -9999 -9999 -9999 -9999 -9999 -9999 -9999 -9999 -9999 -9999 -9999 -9999 -9999 -9999 -9999 102.692 102.622 102.656 102.652 102.704 102.676 102.484 102.288 102.397 102.437 102.234 102.198 102.1 102.024 101.876 101.872 101.884 101.695 101.238 101.037 101.102 100.95 100.794 100.638 100.482 100.325 100.166 99.973 99.819 99.673 99.426 99.149 98.879 98.658 98.462 98.271 98.084 97.9 97.717 97.535 97.389 -9999 -9999 -9999 -9999 -9999 -9999 -9999 -9999 -9999 -9999 -9999 -9999 -9999 -9999 -9999 -9999 -9999
-9999 -9999 -9999 -9999 -9999 -9999 -9999 -9999 -9999 -9999 -9999 -9999 -9999 -9999 -9999 102.657 102.645 102.515 102.13 102.269 102.587 102.482 102.447 102.496 102.442 102.299 102.234 102.152 102.092 101.984 101.811 101.735 101.593 101.288 101.17 101.154 101.022 100.875 100.72 100.563 100.405 100.246 100.085 99.927 99.755 99.535 99.257 98.982 98.731 98.531 98.338 98.151 97.967 97.786 97.607 97.429 97.279 -9999 -9999 -9999 -9999 -9999 -9999 -9999 -9999 -9999 -9999 -9999 -9999 -9999 -9999 -9999 -9999 -9999
-9999 -9999 -9999 -9999 -9999 -9999 -9999 -9999 -9999 -9999 -9999 -9999 -9999 -9999 -9999 102.619 102.597 102.455 102.634 102.707 102.469 102.434 102.392 102.357 102.314 102.268 102.208 102.145 102.071 101.92 101.745 101.587 101.443 101.31 101.185 101.062 100.929 100.784 100.633 100.477 100.32 100.16 99.997 99.831 99.638 99.367 99.093 98.826 98.605 98.41 98.22 98.035 97.854 97.676 97.5 97.326 97.176 -9999 -9999 -9999 -9999 -9999 -9999 -9999 -9999 -9999 -9999 -9999 -9999 -9999 -9999 -9999 -9999 -9999
-9999 -9999 -9999 -9999 -9999 -9999 -9999 -9999 -9999 -9999 -9999 -9999 -9999 -9999 102.572 102.564 102.545 102.69 102.843 102.629 102.402 102.362 102.328 102.295 102.261 102.222 102.181 102.136 102.037 101.855 101.677 101.515 101.367 101.229 101.097 100.966 100.83 100.688 100.541 100.418 100.343 100.152 99.906 99.728 99.479 99.203 98.932 98.685 98.486 98.293 98.106 97.924 97.746 97.57 97.399 97.234 97.088 96.956 -9999 -9999 -9999 -9999 -9999 -9999 -9999 -9999 -9999 -9999 -9999 -9999 -9999 -9999 -9999 -9999
