Validation/Results/raw data/ReClimate_12_2023_2.asc
NCOLS 192
NROWS 249
XLLCENTER -225160.85627316462
YLLCENTER 29788.11610251502
CELLSIZE 5000.0
NODATA_VALUE -9999
[rows 99 to 131 of 249, columns 75 to 149 of 192]
94.274 95.231 95.561 96.463 95.917 95.252 95.668 -9999 -9999 94.03 93.49 94.137 94.25 93.803 93.227 93.327 93.58 93.12 93.387 93.059 93.137 93.001 93.262 94.774 95.599 96.549 96.445 96.007 96.102 96.457 96.393 96.326 96.194 96.087 96.119 96.197 96.063 95.843 95.76 95.69 95.618 95.541 95.418 95.435 -9999 -9999 -9999 -9999 -9999 -9999 -9999 -9999 -9999 -9999 -9999 -9999 -9999 -9999 -9999 -9999 -9999 -9999 -9999 -9999 -9999 -9999 -9999 -9999 -9999 -9999 -9999 -9999 -9999 -9999 -9999
94.907 95.404 -9999 -9999 95.584 94.974 -9999 -9999 -9999 93.129 93.722 94.845 94.568 94.455 94.269 93.642 93.628 94.238 93.98 93.751 93.377 92.568 93.919 95.461 96.09 96.474 96.195 96.067 96.278 96.364 96.3 96.232 95.923 95.25 95.352 95.535 95.501 95.734 95.646 95.572 95.497 95.417 95.318 95.033 -9999 -9999 -9999 -9999 -9999 -9999 -9999 -9999 -9999 -9999 -9999 -9999 -9999 -9999 -9999 -9999 -9999 -9999 -9999 -9999 -9999 -9999 -9999 -9999 -9999 -9999 -9999 -9999 -9999 -9999 -9999
-9999 94.32 94.529 94.813 -9999 -9999 -9999 -9999 92.178 91.125 92.911 96.149 96.082 96.069 95.148 93.559 93.848 93.782 93.215 92.021 92.225 93.905 95.037 95.946 96.087 95.942 95.992 96.319 96.336 96.274 96.209 96.141 95.682 95.394 95.249 94.615 94.964 95.604 95.517 95.457 95.381 95.301 94.727 -9999 -9999 -9999 -9999 -9999 -9999 -9999 -9999 -9999 -9999 -9999 -9999 -9999 -9999 -9999 -9999 -9999 -9999 -9999 -9999 -9999 -9999 -9999 -9999 -9999 -9999 -9999 -9999 -9999 -9999 -9999 -9999
95.122 95.957 96.27 96.708 94.618 92.667 -9999 -9999 91.697 -9999 -9999 93.256 93.855 95.561 94.383 93.44 93.725 94.59 93.933 93.839 94.744 94.848 95.42 95.704 95.728 96.004 96.206 96.308 96.249 96.186 96.121 96.052 95.796 95.519 95.147 95.04 95.316 95.185 95.185 95.345 95.268 95.15 -9999 -9999 -9999 -9999 -9999 -9999 -9999 -9999 -9999 -9999 -9999 -9999 -9999 -9999 -9999 -9999 -9999 -9999 -9999 -9999 -9999 -9999 -9999 -9999 -9999 -9999 -9999 -9999 -9999 -9999 -9999 -9999 -9999
95.726 96.771 97.216 97.793 -9999 -9999 -9999 94.192 93.303 91.167 91.136 92.358 93.983 96.066 95.132 93.993 94.793 95.748 95.608 95.371 95.311 95.016 95.322 95.762 95.996 96.25 96.268 96.184 96.136 96.101 96.035 95.964 95.787 95.707 95.612 95.519 95.405 -9999 -9999 95.235 -9999 -9999 -9999 -9999 -9999 -9999 -9999 -9999 -9999 -9999 -9999 -9999 -9999 -9999 -9999 -9999 -9999 -9999 -9999 -9999 -9999 -9999 -9999 -9999 -9999 -9999 -9999 -9999 -9999 -9999 -9999 -9999 -9999 -9999 -9999
95.891 95.931 -9999 95.94 -9999 -9999 -9999 94.555 93.536 93.231 93.836 93.732 94.944 95.371 94.701 94.58 95.009 94.869 94.748 94.761 94.668 94.843 95.228 95.662 95.913 96.246 96.129 95.937 95.942 96.016 95.949 95.879 95.803 95.721 95.633 95.537 -9999 95.321 95.215 95.128 94.877 -9999 -9999 -9999 -9999 -9999 -9999 -9999 -9999 -9999 -9999 -9999 -9999 -9999 -9999 -9999 -9999 -9999 -9999 -9999 -9999 -9999 -9999 -9999 -9999 -9999 -9999 -9999 -9999 -9999 -9999 -9999 -9999 -9999 -9999
96.441 -9999 -9999 -9999 -9999 94.567 93.884 94.541 94.364 94.291 93.955 93.165 93.748 94.757 94.566 94.304 94.268 94.433 94.548 94.888 94.366 92.731 93.433 94.725 95.182 95.959 95.891 95.983 95.995 95.932 95.865 95.794 95.717 95.634 -9999 95.447 95.342 95.226 95.12 95.037 94.513 -9999 -9999 -9999 -9999 -9999 -9999 -9999 -9999 -9999 -9999 -9999 -9999 -9999 -9999 -9999 -9999 -9999 -9999 -9999 -9999 -9999 -9999 -9999 -9999 -9999 -9999 -9999 -9999 -9999 -9999 -9999 -9999 -9999 -9999
-9999 -9999 -9999 -9999 -9999 95.546 95.013 94.74 94.771 94.91 94.363 93.959 94.336 93.97 93.957 94.341 94.29 94.003 94.274 94.582 92.996 91.065 92.525 94.663 95.299 95.937 95.979 95.97 95.911 95.848 95.781 95.709 95.631 95.547 95.457 95.358 95.253 95.151 95.078 95.032 94.409 93.826 -9999 -9999 -9999 -9999 -9999 -9999 -9999 -9999 -9999 -9999 -9999 -9999 -9999 -9999 -9999 -9999 -9999 -9999 -9999 -9999 -9999 -9999 -9999 -9999 -9999 -9999 -9999 -9999 -9999 -9999 -9999 -9999 -9999
-9999 -9999 -9999 -9999 95.638 -9999 -9999 95.556 95.684 95.788 95.501 95.253 -9999 -9999 93.224 94.179 94.065 94.217 94.573 95.164 94.141 94.137 95.354 95.686 96.012 96.029 95.762 95.074 94.499 93.033 93.556 95.085 95.111 95.297 95.27 95.325 94.953 94.087 94.3 94.993 94.727 95.001 95.416 -9999 -9999 -9999 -9999 -9999 -9999 -9999 -9999 -9999 -9999 -9999 -9999 -9999 -9999 -9999 -9999 -9999 -9999 -9999 -9999 -9999 -9999 -9999 -9999 -9999 -9999 -9999 -9999 -9999 -9999 -9999 -9999
-9999 -9999 -9999 -9999 95.786 -9999 95.74 95.339 95.393 95.357 95.129 94.801 93.721 93.26 93.719 93.652 93.715 93.718 94.213 94.785 94.898 95.245 95.488 95.707 95.744 95.843 95.005 93.721 93.277 94.143 94.951 95.008 95.118 95.164 95.234 95.349 94.784 94.491 94.856 94.921 94.91 94.508 -9999 -9999 -9999 -9999 -9999 -9999 -9999 -9999 -9999 -9999 -9999 -9999 -9999 -9999 -9999 -9999 -9999 -9999 -9999 -9999 -9999 -9999 -9999 -9999 -9999 -9999 -9999 -9999 -9999 -9999 -9999 -9999 -9999
-9999 -9999 -9999 -9999 95.933 -9999 95.654 95.79 95.918 96.288 95.741 -9999 94.379 94.349 -9999 95.195 95.109 94.909 95.181 95.178 95.465 95.809 95.778 95.408 95.108 94.174 93.959 95.196 95.748 96.045 95.922 95.524 95.437 95.148 95.245 95.359 95.192 95.184 -9999 -9999 -9999 -9999 -9999 -9999 -9999 -9999 -9999 -9999 -9999 -9999 -9999 -9999 -9999 -9999 -9999 -9999 -9999 -9999 -9999 -9999 -9999 -9999 -9999 -9999 -9999 -9999 -9999 -9999 -9999 -9999 -9999 -9999 -9999 -9999 -9999
-9999 -9999 96.047 96.061 -9999 -9999 96.032 95.704 95.86 95.758 95.246 95.317 95.234 95.098 -9999 93.766 94.073 95.206 95.069 94.754 95.144 95.785 95.417 94.961 94.619 95.021 95.726 95.916 95.902 95.459 95.2 95.069 94.946 95.032 95.157 95.348 95.369 -9999 -9999 -9999 -9999 -9999 -9999 -9999 -9999 -9999 -9999 -9999 -9999 -9999 -9999 -9999 -9999 -9999 -9999 -9999 -9999 -9999 -9999 -9999 -9999 -9999 -9999 -9999 -9999 -9999 -9999 -9999 -9999 -9999 -9999 -9999 -9999 -9999 -9999
-9999 95.498 95.706 92.875 -9999 96.035 95.954 95.186 95.085 -9999 95.237 95.787 95.641 95.456 -9999 95.105 95.836 96.25 95.995 95.787 95.974 95.649 94.92 93.626 94.213 95.254 95.354 95.374 -9999 95.622 95.556 95.574 95.593 95.537 95.594 95.493 -9999 -9999 -9999 -9999 -9999 -9999 -9999 -9999 -9999 -9999 -9999 -9999 -9999 -9999 -9999 -9999 -9999 -9999 -9999 -9999 -9999 -9999 -9999 -9999 -9999 -9999 -9999 -9999 -9999 -9999 -9999 -9999 -9999 -9999 -9999 -9999 -9999 -9999 -9999
-9999 95.156 92.564 -9999 -9999 96.013 94.994 93.393 -9999 95.142 95.454 95.446 95.282 95.112 -9999 95.833 96.023 95.991 95.939 96.124 95.83 95.548 94.796 94.646 95.285 95.572 95.503 95.304 95.579 95.843 -9999 -9999 94.999 94.906 -9999 -9999 -9999 -9999 -9999 -9999 95.27 95.189 95.159 -9999 -9999 -9999 -9999 -9999 -9999 -9999 -9999 -9999 -9999 -9999 -9999 -9999 -9999 -9999 -9999 -9999 -9999 -9999 -9999 -9999 -9999 -9999 -9999 -9999 -9999 -9999 -9999 -9999 -9999 -9999 -9999
95.882 95.156 -9999 -9999 94.435 96.557 94.463 92.5 -9999 96.282 96.342 96.463 96.363 96.341 -9999 -9999 -9999 95.27 95.539 96.042 95.851 95.767 95.801 96.172 96.28 96.187 95.891 95.386 95.464 95.318 95.026 95.053 95.01 95.038 -9999 -9999 -9999 -9999 -9999 95.418 95.384 94.965 95.037 95.316 -9999 -9999 -9999 -9999 -9999 -9999 -9999 -9999 -9999 -9999 -9999 -9999 -9999 -9999 -9999 -9999 -9999 -9999 -9999 -9999 -9999 -9999 -9999 -9999 -9999 -9999 -9999 -9999 -9999 -9999 -9999
96.652 96.224 -9999 -9999 -9999 96.403 94.135 91.994 -9999 96.435 -9999 96.028 95.985 95.893 -9999 96.138 95.732 95.694 -9999 95.798 95.708 95.61 95.616 95.174 95.212 95.487 95.25 95.333 95.282 95.364 95.402 95.489 95.49 95.439 95.446 95.552 95.577 -9999 95.578 95.532 95.292 95.09 95.331 95.572 95.617 95.663 -9999 -9999 -9999 -9999 -9999 -9999 -9999 -9999 -9999 -9999 -9999 -9999 -9999 -9999 -9999 -9999 -9999 -9999 -9999 -9999 -9999 -9999 -9999 -9999 -9999 -9999 -9999 -9999 -9999
96.393 -9999 -9999 -9999 -9999 96.306 95.334 95.724 -9999 96.946 -9999 96.868 96.362 -9999 95.392 95.264 95.294 95.446 95.582 96.139 96.026 95.888 95.66 95.714 95.797 95.707 95.598 95.2 95.27 95.361 95.346 95.173 94.954 94.42 94.6 95.087 95.106 95.102 95.248 95.69 95.53 95.365 95.468 95.37 95.559 95.985 96.046 96.206 96.488 -9999 -9999 -9999 -9999 -9999 -9999 -9999 -9999 -9999 -9999 -9999 -9999 -9999 -9999 -9999 -9999 -9999 -9999 -9999 -9999 -9999 -9999 -9999 -9999 -9999 -9999
94.457 -9999 -9999 -9999 -9999 96.301 96.486 96.442 95.611 -9999 -9999 96.702 95.07 -9999 95.902 94.691 95.02 95.716 96.106 96.405 96.17 95.761 95.736 95.624 95.454 95.192 94.993 95.032 95.239 95.664 95.536 95.432 95.102 94.954 95.295 95.563 95.433 95.075 95.457 95.912 95.861 95.915 95.884 95.905 96.183 96.305 96.379 96.455 96.54 96.861 -9999 -9999 -9999 -9999 -9999 -9999 -9999 -9999 -9999 -9999 -9999 -9999 -9999 -9999 -9999 -9999 -9999 -9999 -9999 -9999 -9999 -9999 -9999 -9999 -9999
-9999 -9999 -9999 -9999 -9999 96.209 96.922 96.837 95.117 -9999 -9999 96.36 95.384 -9999 -9999 95.845 96.322 96.668 96.572 95.918 95.529 95.071 94.715 93.931 93.819 93.966 94.33 95.254 95.469 95.455 94.89 93.491 93.942 95.382 95.447 95.275 93.975 90.93 91.57 92.638 93.428 95.491 95.586 95.786 96.06 96.607 96.692 96.783 96.868 96.957 -9999 -9999 -9999 -9999 -9999 -9999 -9999 -9999 -9999 -9999 -9999 -9999 -9999 -9999 -9999 -9999 -9999 -9999 -9999 -9999 -9999 -9999 -9999 -9999 -9999
-9999 -9999 -9999 -9999 -9999 94.456 96.149 94.856 -9999 -9999 -9999 -9999 96.455 -9999 96.435 96.089 96.249 96.236 95.899 95.939 95.65 95.535 95.071 94.942 94.821 94.329 94.907 95.202 95.208 95.241 94.166 93.211 94.406 95.631 95.514 95.452 93.985 94.291 94.733 94.392 95.416 95.259 95.411 95.514 96.103 96.91 96.998 97.08 97.173 97.271 97.402 -9999 -9999 -9999 -9999 -9999 -9999 -9999 -9999 -9999 -9999 -9999 -9999 -9999 -9999 -9999 -9999 -9999 -9999 -9999 -9999 -9999 -9999 -9999 -9999
-9999 -9999 -9999 96.151 95.462 96.357 95.435 -9999 -9999 95.632 -9999 -9999 -9999 -9999 96.668 96.803 96.726 96.58 96.542 96.42 96.197 95.786 95.339 94.322 93.854 93.311 94.015 95.566 95.608 95.677 95.065 94.747 95.081 94.264 94.009 93.429 93.656 93.808 93.737 93.998 94.551 96.268 96.522 97.039 97.404 97.229 97.301 97.351 97.446 97.54 97.661 -9999 -9999 -9999 -9999 -9999 -9999 -9999 -9999 -9999 -9999 -9999 -9999 -9999 -9999 -9999 -9999 -9999 -9999 -9999 -9999 -9999 -9999 -9999 -9999
-9999 -9999 -9999 -9999 96.818 96.736 97.013 -9999 96.791 96.301 94.756 -9999 -9999 -9999 -9999 96.413 96.179 95.795 95.794 96.003 95.718 95.58 94.76 93.978 93.712 93.77 94.947 96.009 95.681 94.682 94.633 94.945 94.529 94.578 94.177 93.918 93.758 93.067 93.798 95.408 96.405 96.675 96.952 96.952 97.017 97.416 97.494 97.605 97.69 97.796 97.954 98.158 -9999 -9999 -9999 -9999 -9999 -9999 -9999 -9999 -9999 -9999 -9999 -9999 -9999 -9999 -9999 -9999 -9999 -9999 -9999 -9999 -9999 -9999 -9999
-9999 -9999 -9999 -9999 96.543 96.679 96.911 -9999 97.061 96.518 94.737 -9999 -9999 -9999 -9999 -9999 96.267 96.304 96.229 95.78 95.802 96.08 95.386 94.618 94.053 92.441 92.951 92.888 92.499 92.85 93.334 94.21 93.73 92.379 93.033 95.162 94.717 94.448 95.874 97.468 97.54 97.322 97.287 97.158 97.442 97.622 97.732 97.846 97.945 98.096 98.215 98.402 98.682 -9999 -9999 -9999 -9999 -9999 -9999 -9999 -9999 -9999 -9999 -9999 -9999 -9999 -9999 -9999 -9999 -9999 -9999 -9999 -9999 -9999 -9999
-9999 -9999 -9999 -9999 96.862 97.041 -9999 -9999 97.031 95.747 94.224 93.818 -9999 -9999 -9999 -9999 -9999 96.335 95.975 95.707 95.961 96.272 95.64 95.024 94.005 93.523 93.409 93.242 94.034 95.694 95.804 94.868 93.422 91.44 93.43 95.826 95.611 95.37 96.65 97.866 97.636 97.281 97.079 96.675 97.061 97.84 97.954 98.075 98.206 98.339 98.464 98.665 98.937 99.209 99.49 -9999 -9999 -9999 -9999 -9999 -9999 -9999 -9999 -9999 -9999 -9999 -9999 -9999 -9999 -9999 -9999 -9999 -9999 -9999 -9999
-9999 -9999 -9999 -9999 97.315 97.785 -9999 -9999 97.447 96.794 95.854 -9999 -9999 -9999 -9999 -9999 -9999 96.634 96.252 95.641 95.876 96.093 95.459 94.622 94.513 94.91 94.374 93.202 94.389 95.271 94.015 91.929 90.537 89.531 91.267 92.587 93.232 95.326 96.441 97.746 97.346 96.721 96.385 96.006 96.529 96.828 96.891 96.862 97.131 97.896 98.814 99.041 99.305 99.57 99.839 -9999 -9999 -9999 -9999 -9999 -9999 -9999 -9999 -9999 -9999 -9999 -9999 -9999 -9999 -9999 -9999 -9999 -9999 -9999 -9999
-9999 -9999 -9999 -9999 98.058 95.484 -9999 -9999 -9999 97.158 97.145 96.868 -9999 -9999 -9999 -9999 -9999 96.772 95.993 94.758 94.908 95.029 94.348 93.696 94.368 95.648 94.712 93.879 94.209 93.873 92.831 93.004 92.697 93.25 93.831 93.509 95.077 96.368 97.191 97.562 97.168 96.945 96.518 95.85 96.413 97.512 97.395 97.081 97.669 98.914 99.171 99.423 99.677 99.934 100.194 -9999 -9999 -9999 -9999 -9999 -9999 -9999 -9999 -9999 -9999 -9999 -9999 -9999 -9999 -9999 -9999 -9999 -9999 -9999 -9999
-9999 -9999 -9999 97.9 97.525 96.301 -9999 -9999 -9999 -9999 -9999 -9999 -9999 -9999 -9999 -9999 -9999 96.149 94.997 93.573 93.319 92.476 92.385 93.078 94.062 94.939 94.351 93.979 93.083 91.13 91.685 93.032 93.407 93.612 93.229 92.607 93.752 95.033 95.566 96.475 96.464 96.721 96.021 95.012 95.51 95.282 95.451 96.904 99.002 99.27 99.515 99.761 100.007 100.256 100.508 100.469 -9999 -9999 -9999 -9999 -9999 -9999 -9999 -9999 -9999 -9999 -9999 -9999 -9999 -9999 -9999 -9999 -9999 -9999 -9999
-9999 -9999 98.021 98.304 97.926 97.492 -9999 -9999 -9999 -9999 -9999 -9999 -9999 -9999 -9999 96.9 96.309 96.423 95.535 95.098 94.491 94.051 94.205 93.657 93.586 92.156 92.746 94.933 93.761 93.383 94.006 93.793 93.905 93.884 93.625 93.779 94.584 94.943 95.503 95.711 96.232 97.269 96.714 96.592 96.353 95.984 96.926 99.055 99.337 99.589 99.827 100.065 100.304 100.545 100.79 100.826 -9999 -9999 -9999 -9999 -9999 -9999 -9999 -9999 -9999 -9999 -9999 -9999 -9999 -9999 -9999 -9999 -9999 -9999 -9999
-9999 -9999 98.358 98.38 98.13 -9999 -9999 -9999 -9999 -9999 -9999 -9999 -9999 -9999 -9999 97.018 96.657 96.322 95.564 94.086 93.61 92.897 91.566 88.735 88.388 89.491 91.924 95.491 95.297 95.397 95.163 94.777 94.948 95.413 95.565 95.746 95.553 94.482 94.232 93.212 93.748 93.711 92.706 90.071 91.234 95.857 99.09 99.376 99.644 99.88 100.112 100.342 100.574 100.808 101.046 101.129 -9999 -9999 -9999 -9999 -9999 -9999 -9999 -9999 -9999 -9999 -9999 -9999 -9999 -9999 -9999 -9999 -9999 -9999 -9999
-9999 -9999 -9999 -9999 -9999 -9999 -9999 -9999 -9999 -9999 -9999 -9999 -9999 -9999 -9999 97.025 96.85 96.773 95.842 95.396 94.777 94.065 92.709 93.036 93.453 93.038 95.04 95.461 95.676 96.255 95.766 94.927 94.809 93.786 94.478 96.122 95.541 95.446 95.003 95.206 95.22 95.273 93.94 94.0 96.443 99.112 99.394 99.672 99.918 100.147 100.371 100.597 100.823 101.051 101.282 101.391 -9999 -9999 -9999 -9999 -9999 -9999 -9999 -9999 -9999 -9999 -9999 -9999 -9999 -9999 -9999 -9999 -9999 -9999 -9999
-9999 -9999 -9999 -9999 -9999 -9999 -9999 -9999 -9999 -9999 -9999 -9999 -9999 -9999 97.103 96.287 96.259 96.299 95.842 95.235 94.458 93.327 94.327 96.547 96.157 95.702 96.091 96.586 97.031 97.555 96.921 96.331 95.72 95.466 96.501 96.994 96.795 96.365 96.299 95.788 95.942 96.253 96.201 96.564 99.124 99.403 99.682 99.945 100.172 100.395 100.614 100.834 101.054 101.276 101.502 101.627 -9999 -9999 -9999 -9999 -9999 -9999 -9999 -9999 -9999 -9999 -9999 -9999 -9999 -9999 -9999 -9999 -9999 -9999 -9999
-9999 -9999 -9999 -9999 -9999 -9999 -9999 -9999 -9999 -9999 -9999 -9999 -9999 -9999 96.322 96.618 96.699 96.866 96.394 95.974 95.224 94.78 95.887 95.71 95.502 95.546 95.937 96.342 96.17 95.019 95.291 96.841 96.379 95.434 95.878 96.387 96.337 96.804 96.452 96.18 96.348 96.327 96.202 97.678 99.405 99.68 99.952 100.19 100.41 100.627 100.842 101.056 101.271 101.488 101.708 101.84 -9999 -9999 -9999 -9999 -9999 -9999 -9999 -9999 -9999 -9999 -9999 -9999 -9999 -9999 -9999 -9999 -9999 -9999 -9999
-9999 -9999 -9999 -9999 -9999 -9999 -9999 -9999 -9999 -9999 -9999 -9999 -9999 97.028 96.613 96.466 96.586 96.69 96.218 95.533 95.492 96.014 96.079 96.493 96.307 95.701 95.903 95.901 95.21 94.975 96.468 98.308 97.413 96.267 96.312 95.687 96.403 97.693 97.537 97.466 97.233 96.584 97.128 99.402 99.676 99.948 100.202 100.421 100.635 100.847 101.056 101.266 101.476 101.676 101.856 101.988 102.064 -9999 -9999 -9999 -9999 -9999 -9999 -9999 -9999 -9999 -9999 -9999 -9999 -9999 -9999 -9999 -9999 -9999 -9999
