Validation/Results/raw data/ReClimate_03_2024_1_Temperature.asc
NCOLS 192
NROWS 249
XLLCENTER -225160.85627316462
YLLCENTER 29788.11610251502
CELLSIZE 5000.0
NODATA_VALUE -9999
[rows 102 to 135 of 249, columns 77 to 153 of 192]
-0.044 -0.033 -0.023 -0.015 -9999 -9999 0.005 -9999 -9999 0.009 0.019 0.029 0.041 0.053 0.054 0.053 0.042 0.028 0.035 0.04 0.032 0.02 0.025 0.031 0.025 0.018 0.013 0.008 0.012 0.016 0.015 0.012 0.016 0.02 0.01 -0.004 -0.012 -0.023 -0.029 -0.035 -9999 -9999 -9999 -9999 -9999 -9999 -9999 -9999 -9999 -9999 -9999 -9999 -9999 -9999 -9999 -9999 -9999 -9999 -9999 -9999 -9999 -9999 -9999 -9999 -9999 -9999 -9999 -9999 -9999 -9999 -9999 -9999 -9999 -9999 -9999 -9999 -9999
-0.034 -0.031 -9999 -9999 -9999 -0.005 0.004 -0.004 -0.003 -0.0 0.009 0.02 0.035 0.059 0.059 0.053 0.045 0.036 0.042 0.042 0.033 0.021 0.02 0.008 0.004 0.004 0.005 0.018 0.016 0.003 0.003 0.007 0.01 0.011 0.006 -9999 -9999 -0.011 -9999 -9999 -9999 -9999 -9999 -9999 -9999 -9999 -9999 -9999 -9999 -9999 -9999 -9999 -9999 -9999 -9999 -9999 -9999 -9999 -9999 -9999 -9999 -9999 -9999 -9999 -9999 -9999 -9999 -9999 -9999 -9999 -9999 -9999 -9999 -9999 -9999 -9999 -9999
-9999 -0.032 -9999 -9999 -9999 -0.006 -0.009 -0.013 -0.009 -0.006 0.004 0.014 0.036 0.06 0.057 0.052 0.047 0.04 0.042 0.042 0.033 0.021 0.011 -0.0 -0.001 -0.001 0.009 0.021 0.01 -0.003 0.001 0.005 0.006 0.006 -9999 0.014 0.005 -0.007 -0.016 -9999 -9999 -9999 -9999 -9999 -9999 -9999 -9999 -9999 -9999 -9999 -9999 -9999 -9999 -9999 -9999 -9999 -9999 -9999 -9999 -9999 -9999 -9999 -9999 -9999 -9999 -9999 -9999 -9999 -9999 -9999 -9999 -9999 -9999 -9999 -9999 -9999 -9999
-9999 -9999 -9999 -0.024 -0.021 -0.013 -0.009 0.007 0.011 0.008 0.019 0.028 0.044 0.048 0.045 0.04 0.041 0.048 0.047 0.039 0.032 0.027 0.014 -0.007 -0.006 0.0 0.009 0.018 0.008 -0.004 0.001 0.009 -9999 0.012 0.014 0.015 0.002 -0.021 -0.011 -9999 -9999 -9999 -9999 -9999 -9999 -9999 -9999 -9999 -9999 -9999 -9999 -9999 -9999 -9999 -9999 -9999 -9999 -9999 -9999 -9999 -9999 -9999 -9999 -9999 -9999 -9999 -9999 -9999 -9999 -9999 -9999 -9999 -9999 -9999 -9999 -9999 -9999
-9999 -9999 -9999 -0.027 -0.025 -0.018 -0.004 0.013 0.013 0.012 0.021 0.031 0.036 0.041 0.04 0.036 0.043 0.05 0.046 0.038 0.034 0.029 0.012 -0.009 -0.004 0.002 0.009 0.017 0.008 -0.004 0.002 0.01 0.012 0.014 0.015 0.015 -0.003 -0.025 -0.02 -0.015 -9999 -9999 -9999 -9999 -9999 -9999 -9999 -9999 -9999 -9999 -9999 -9999 -9999 -9999 -9999 -9999 -9999 -9999 -9999 -9999 -9999 -9999 -9999 -9999 -9999 -9999 -9999 -9999 -9999 -9999 -9999 -9999 -9999 -9999 -9999 -9999 -9999
-9999 -9999 -0.03 -9999 -9999 -0.021 -0.01 0.001 0.004 0.009 -9999 -9999 0.021 0.018 0.02 0.029 0.039 0.051 0.044 0.027 0.019 0.002 -0.002 0.018 0.016 -0.002 0.001 -0.003 -0.005 0.007 0.01 0.009 0.011 0.014 0.013 0.007 -0.006 -0.014 -0.011 -0.014 -0.016 -9999 -9999 -9999 -9999 -9999 -9999 -9999 -9999 -9999 -9999 -9999 -9999 -9999 -9999 -9999 -9999 -9999 -9999 -9999 -9999 -9999 -9999 -9999 -9999 -9999 -9999 -9999 -9999 -9999 -9999 -9999 -9999 -9999 -9999 -9999 -9999
-9999 -9999 -0.031 -9999 -0.029 -0.024 -0.015 -0.006 0.001 0.006 0.009 0.012 0.011 0.008 0.017 0.025 0.038 0.051 0.039 0.023 0.009 -0.008 0.009 0.028 0.015 -0.002 -0.006 -0.01 -0.0 0.011 0.01 0.008 0.011 0.015 0.01 0.004 -0.002 -0.009 -0.011 -0.013 -9999 -9999 -9999 -9999 -9999 -9999 -9999 -9999 -9999 -9999 -9999 -9999 -9999 -9999 -9999 -9999 -9999 -9999 -9999 -9999 -9999 -9999 -9999 -9999 -9999 -9999 -9999 -9999 -9999 -9999 -9999 -9999 -9999 -9999 -9999 -9999 -9999
-9999 -9999 -0.033 -9999 -0.035 -0.034 -0.022 -0.003 -0.001 -9999 -0.006 -0.01 -9999 0.003 0.013 0.025 0.035 0.039 0.031 0.027 0.022 0.027 0.033 0.017 0.009 0.011 0.007 -0.004 0.004 0.009 0.006 0.001 0.002 -0.002 -0.005 -0.005 -9999 -9999 -9999 -9999 -9999 -9999 -9999 -9999 -9999 -9999 -9999 -9999 -9999 -9999 -9999 -9999 -9999 -9999 -9999 -9999 -9999 -9999 -9999 -9999 -9999 -9999 -9999 -9999 -9999 -9999 -9999 -9999 -9999 -9999 -9999 -9999 -9999 -9999 -9999 -9999 -9999
-0.047 -0.038 -9999 -9999 -0.039 -0.039 -0.022 -0.004 -0.007 -0.013 -0.015 -0.019 -9999 0.001 0.012 0.024 0.03 0.033 0.032 0.029 0.035 0.041 0.028 0.012 0.015 0.017 0.009 -0.0 0.004 0.009 0.005 -0.0 -0.004 -0.007 -0.009 -9999 -9999 -9999 -9999 -9999 -9999 -9999 -9999 -9999 -9999 -9999 -9999 -9999 -9999 -9999 -9999 -9999 -9999 -9999 -9999 -9999 -9999 -9999 -9999 -9999 -9999 -9999 -9999 -9999 -9999 -9999 -9999 -9999 -9999 -9999 -9999 -9999 -9999 -9999 -9999 -9999 -9999
-0.05 -0.04 -9999 -0.034 -0.031 -0.028 -0.015 -9999 -0.005 -0.005 -0.002 0.007 -9999 -0.005 0.008 0.025 0.036 0.056 0.054 0.044 0.04 0.018 0.017 0.038 0.036 0.022 -9999 0.002 0.006 0.014 0.009 0.002 -0.002 -0.011 -9999 -9999 -9999 -9999 -9999 -9999 -9999 -9999 -9999 -9999 -9999 -9999 -9999 -9999 -9999 -9999 -9999 -9999 -9999 -9999 -9999 -9999 -9999 -9999 -9999 -9999 -9999 -9999 -9999 -9999 -9999 -9999 -9999 -9999 -9999 -9999 -9999 -9999 -9999 -9999 -9999 -9999 -9999
-0.054 -9999 -9999 -0.028 -0.025 -0.026 -9999 -0.006 -0.003 -0.002 0.007 0.017 -9999 -0.007 0.008 0.024 0.043 0.063 0.058 0.049 0.032 0.01 0.027 0.048 0.037 0.024 0.015 0.003 -9999 -9999 0.011 0.004 -9999 -9999 -9999 -9999 -9999 -9999 -0.037 -0.048 -0.061 -9999 -9999 -9999 -9999 -9999 -9999 -9999 -9999 -9999 -9999 -9999 -9999 -9999 -9999 -9999 -9999 -9999 -9999 -9999 -9999 -9999 -9999 -9999 -9999 -9999 -9999 -9999 -9999 -9999 -9999 -9999 -9999 -9999 -9999 -9999 -9999
-9999 -9999 -0.045 -0.036 -0.033 -0.026 -9999 -0.014 -0.005 0.014 0.016 0.006 -9999 -9999 -9999 0.036 0.049 0.056 0.053 0.052 0.04 0.029 0.037 0.032 0.023 0.017 0.015 0.026 0.029 0.024 0.018 0.009 -9999 -9999 -9999 -9999 -9999 -0.01 -0.03 -0.022 -0.039 -0.067 -9999 -9999 -9999 -9999 -9999 -9999 -9999 -9999 -9999 -9999 -9999 -9999 -9999 -9999 -9999 -9999 -9999 -9999 -9999 -9999 -9999 -9999 -9999 -9999 -9999 -9999 -9999 -9999 -9999 -9999 -9999 -9999 -9999 -9999 -9999
-9999 -9999 -9999 -0.042 -0.034 -0.027 -9999 -0.018 -9999 0.019 0.012 0.001 -9999 0.013 0.026 0.039 -9999 0.052 0.053 0.052 0.046 0.036 0.032 0.026 0.021 0.015 0.024 0.036 0.032 0.028 0.022 0.014 0.009 0.001 0.006 -9999 0.007 -0.003 -0.002 -0.006 -0.027 -0.052 -0.051 -0.05 -9999 -9999 -9999 -9999 -9999 -9999 -9999 -9999 -9999 -9999 -9999 -9999 -9999 -9999 -9999 -9999 -9999 -9999 -9999 -9999 -9999 -9999 -9999 -9999 -9999 -9999 -9999 -9999 -9999 -9999 -9999 -9999 -9999
-9999 -9999 -9999 -0.054 -0.05 -0.049 -9999 -0.018 -9999 0.002 0.004 -9999 0.021 0.031 0.038 0.033 0.037 0.038 0.044 0.058 0.054 0.049 0.047 0.042 0.04 0.039 0.04 0.026 0.026 0.031 0.023 0.011 0.004 -0.004 0.005 0.024 0.016 -0.003 -0.005 -0.003 -0.016 -0.019 -0.017 -0.017 -0.034 -0.02 -0.002 -9999 -9999 -9999 -9999 -9999 -9999 -9999 -9999 -9999 -9999 -9999 -9999 -9999 -9999 -9999 -9999 -9999 -9999 -9999 -9999 -9999 -9999 -9999 -9999 -9999 -9999 -9999 -9999 -9999 -9999
-9999 -9999 -9999 -0.061 -0.059 -0.058 -0.039 -9999 -9999 -0.005 0.01 -9999 0.029 0.037 0.035 0.03 0.031 0.032 0.045 0.059 0.057 0.053 0.052 0.049 0.049 0.05 0.039 0.026 0.03 0.035 0.025 0.013 0.007 -0.002 0.014 0.032 0.018 0.001 0.003 0.005 0.003 0.001 0.002 0.003 -0.006 -0.018 -0.005 0.004 -9999 -9999 -9999 -9999 -9999 -9999 -9999 -9999 -9999 -9999 -9999 -9999 -9999 -9999 -9999 -9999 -9999 -9999 -9999 -9999 -9999 -9999 -9999 -9999 -9999 -9999 -9999 -9999 -9999
-9999 -9999 -9999 -0.067 -0.065 -0.058 -0.039 -9999 -9999 -0.001 0.014 -9999 -9999 0.033 0.031 0.03 0.033 0.039 0.046 0.045 0.042 0.039 0.039 0.037 0.04 0.048 0.045 0.053 0.053 0.039 0.033 0.031 0.025 0.013 0.022 0.021 0.014 0.015 0.019 0.025 0.023 0.02 0.022 0.024 0.014 -0.001 0.005 0.007 -9999 -9999 -9999 -9999 -9999 -9999 -9999 -9999 -9999 -9999 -9999 -9999 -9999 -9999 -9999 -9999 -9999 -9999 -9999 -9999 -9999 -9999 -9999 -9999 -9999 -9999 -9999 -9999 -9999
-9999 -9999 -9999 -0.072 -0.066 -0.058 -9999 -9999 -9999 -9999 0.013 -9999 0.028 0.03 0.03 0.029 0.035 0.04 0.04 0.038 0.037 0.034 0.036 0.035 0.043 0.05 0.058 0.067 0.057 0.044 0.043 0.042 0.034 0.023 0.022 0.023 0.025 0.027 0.032 0.038 0.036 0.033 0.036 0.039 0.027 0.014 0.016 0.019 0.013 -9999 -9999 -9999 -9999 -9999 -9999 -9999 -9999 -9999 -9999 -9999 -9999 -9999 -9999 -9999 -9999 -9999 -9999 -9999 -9999 -9999 -9999 -9999 -9999 -9999 -9999 -9999 -9999
-9999 -0.069 -0.071 -0.069 -0.062 -9999 -9999 -0.02 -9999 -9999 -9999 -9999 0.033 0.041 0.039 0.032 0.034 0.029 0.033 0.044 0.041 0.033 0.037 0.043 0.047 0.039 0.047 0.06 0.052 0.046 0.041 0.026 0.02 0.021 0.023 0.028 0.03 0.03 0.039 0.055 0.05 0.038 0.037 0.031 0.028 0.039 0.036 0.023 0.017 -9999 -9999 -9999 -9999 -9999 -9999 -9999 -9999 -9999 -9999 -9999 -9999 -9999 -9999 -9999 -9999 -9999 -9999 -9999 -9999 -9999 -9999 -9999 -9999 -9999 -9999 -9999 -9999
-9999 -9999 -0.072 -0.069 -0.062 -9999 -0.038 -0.023 -0.015 -9999 -9999 -9999 -9999 0.043 0.039 0.032 0.029 0.024 0.035 0.047 0.042 0.034 0.042 0.049 0.045 0.038 0.049 0.061 0.056 0.05 0.039 0.024 0.025 0.026 0.031 0.036 0.037 0.038 0.051 0.067 0.057 0.045 0.041 0.035 0.044 0.055 0.045 0.032 0.023 0.023 -9999 -9999 -9999 -9999 -9999 -9999 -9999 -9999 -9999 -9999 -9999 -9999 -9999 -9999 -9999 -9999 -9999 -9999 -9999 -9999 -9999 -9999 -9999 -9999 -9999 -9999 -9999
-9999 -9999 -0.067 -0.065 -0.057 -9999 -0.034 -0.021 -0.012 -9999 -9999 -9999 -9999 -9999 0.032 0.021 0.021 0.025 0.03 0.026 0.026 0.039 0.048 0.059 0.057 0.053 0.06 0.062 0.057 0.052 0.043 0.038 0.04 0.04 0.042 0.036 0.043 0.062 0.073 0.081 0.075 0.07 0.064 0.049 0.056 0.057 0.052 0.052 0.052 0.035 0.034 -9999 -9999 -9999 -9999 -9999 -9999 -9999 -9999 -9999 -9999 -9999 -9999 -9999 -9999 -9999 -9999 -9999 -9999 -9999 -9999 -9999 -9999 -9999 -9999 -9999 -9999
-9999 -9999 -0.066 -0.063 -9999 -9999 -0.037 -0.021 -0.012 -0.004 -9999 -9999 -9999 -9999 -9999 0.017 0.021 0.027 0.024 0.019 0.031 0.043 0.054 0.066 0.065 0.062 0.064 0.066 0.062 0.056 0.052 0.049 0.05 0.051 0.047 0.041 0.057 0.076 0.083 0.091 0.088 0.085 0.074 0.061 0.063 0.065 0.066 0.067 0.067 0.069 0.05 0.047 0.057 -9999 -9999 -9999 -9999 -9999 -9999 -9999 -9999 -9999 -9999 -9999 -9999 -9999 -9999 -9999 -9999 -9999 -9999 -9999 -9999 -9999 -9999 -9999 -9999
-9999 -9999 -0.066 -0.053 -9999 -9999 -0.041 -0.031 -0.021 -9999 -9999 -9999 -9999 -9999 -9999 0.002 0.014 0.037 0.034 0.029 0.039 0.045 0.057 0.072 0.072 0.067 0.069 0.072 0.066 0.057 0.057 0.06 0.06 0.058 0.063 0.082 0.092 0.09 0.093 0.091 0.093 0.101 0.094 0.086 0.09 0.095 0.092 0.078 0.075 0.074 0.071 0.061 0.075 -9999 -9999 -9999 -9999 -9999 -9999 -9999 -9999 -9999 -9999 -9999 -9999 -9999 -9999 -9999 -9999 -9999 -9999 -9999 -9999 -9999 -9999 -9999 -9999
-9999 -9999 -0.056 -0.047 -9999 -9999 -9999 -0.037 -0.025 -0.013 -9999 -9999 -9999 -9999 -9999 -0.001 0.02 0.043 0.04 0.036 0.042 0.049 0.063 0.077 0.077 0.073 0.076 0.077 0.07 0.062 0.065 0.068 0.067 0.065 0.082 0.101 0.101 0.099 0.097 0.095 0.103 0.112 0.107 0.101 0.106 0.112 0.102 0.09 0.088 0.085 0.082 0.077 0.089 -9999 -9999 -9999 -9999 -9999 -9999 -9999 -9999 -9999 -9999 -9999 -9999 -9999 -9999 -9999 -9999 -9999 -9999 -9999 -9999 -9999 -9999 -9999 -9999
-9999 -0.065 -0.056 -0.041 -9999 -9999 -9999 -9999 -9999 -9999 -9999 -9999 -9999 -9999 -9999 0.018 0.036 0.044 0.046 0.052 0.059 0.061 0.073 0.081 0.079 0.071 0.073 0.076 0.075 0.087 0.088 0.082 0.084 0.09 0.102 0.107 0.108 0.112 0.109 0.101 0.103 0.094 0.091 0.092 0.094 0.093 0.09 0.096 0.098 0.096 0.097 0.094 0.103 0.094 -9999 -9999 -9999 -9999 -9999 -9999 -9999 -9999 -9999 -9999 -9999 -9999 -9999 -9999 -9999 -9999 -9999 -9999 -9999 -9999 -9999 -9999 -9999
-0.066 -0.062 -0.052 -0.039 -9999 -9999 -9999 -9999 -9999 -9999 -9999 -9999 -9999 -0.0 0.01 0.027 0.038 0.047 0.055 0.062 0.066 0.069 0.077 0.085 0.081 0.073 0.076 0.078 0.089 0.101 0.097 0.091 0.097 0.103 0.108 0.113 0.117 0.12 0.115 0.108 0.101 0.092 0.093 0.093 0.093 0.094 0.1 0.105 0.106 0.107 0.108 0.107 0.116 0.114 -9999 -9999 -9999 -9999 -9999 -9999 -9999 -9999 -9999 -9999 -9999 -9999 -9999 -9999 -9999 -9999 -9999 -9999 -9999 -9999 -9999 -9999 -9999
-0.061 -0.053 -0.044 -9999 -9999 -9999 -9999 -9999 -9999 -9999 -9999 -9999 -9999 -0.006 0.011 0.043 0.053 0.056 0.066 0.073 0.076 0.072 0.079 0.082 0.08 0.081 0.086 0.095 0.109 0.127 0.123 0.112 0.111 0.097 0.1 0.105 0.108 0.113 0.111 0.113 0.105 0.092 0.097 0.112 0.114 0.115 0.12 0.121 0.117 0.1 0.112 0.118 0.12 0.125 -9999 -9999 -9999 -9999 -9999 -9999 -9999 -9999 -9999 -9999 -9999 -9999 -9999 -9999 -9999 -9999 -9999 -9999 -9999 -9999 -9999 -9999 -9999
-9999 -9999 -9999 -9999 -9999 -9999 -9999 -9999 -9999 -9999 -9999 -9999 -9999 -0.003 0.021 0.05 0.056 0.061 0.071 0.081 0.08 0.077 0.08 0.083 0.086 0.087 0.096 0.106 0.122 0.14 0.133 0.123 0.112 0.097 0.101 0.106 0.11 0.114 0.117 0.119 0.109 0.097 0.109 0.125 0.128 0.13 0.132 0.133 0.121 0.104 0.115 0.128 0.13 0.131 -9999 -9999 -9999 -9999 -9999 -9999 -9999 -9999 -9999 -9999 -9999 -9999 -9999 -9999 -9999 -9999 -9999 -9999 -9999 -9999 -9999 -9999 -9999
-9999 -9999 -9999 -9999 -9999 -9999 -9999 -9999 -9999 -9999 -9999 -9999 -0.009 0.007 0.03 0.046 0.054 0.064 0.074 0.083 0.088 0.099 0.1 0.09 0.097 0.106 0.114 0.118 0.128 0.132 0.129 0.134 0.129 0.133 0.132 0.116 0.121 0.128 0.129 0.127 0.125 0.131 0.138 0.131 0.136 0.144 0.143 0.136 0.139 0.132 0.131 0.137 0.143 0.135 -9999 -9999 -9999 -9999 -9999 -9999 -9999 -9999 -9999 -9999 -9999 -9999 -9999 -9999 -9999 -9999 -9999 -9999 -9999 -9999 -9999 -9999 -9999
-9999 -9999 -9999 -9999 -9999 -9999 -9999 -9999 -9999 -9999 -9999 -9999 0.001 0.013 0.03 0.046 0.057 0.066 0.075 0.083 0.096 0.109 0.105 0.097 0.107 0.117 0.122 0.126 0.129 0.132 0.136 0.141 0.146 0.15 0.139 0.124 0.13 0.137 0.136 0.135 0.142 0.15 0.145 0.139 0.147 0.155 0.149 0.142 0.145 0.147 0.147 0.145 0.151 0.15 -9999 -9999 -9999 -9999 -9999 -9999 -9999 -9999 -9999 -9999 -9999 -9999 -9999 -9999 -9999 -9999 -9999 -9999 -9999 -9999 -9999 -9999 -9999
-9999 -9999 -9999 -9999 -9999 -9999 -9999 -9999 -9999 -9999 -9999 -0.006 0.006 0.014 0.03 0.048 0.062 0.082 0.089 0.086 0.096 0.103 0.106 0.12 0.125 0.117 0.125 0.136 0.142 0.151 0.155 0.155 0.154 0.142 0.135 0.135 0.142 0.153 0.154 0.154 0.157 0.154 0.153 0.155 0.161 0.162 0.157 0.148 0.161 0.17 0.158 0.149 0.15 0.155 0.142 -9999 -9999 -9999 -9999 -9999 -9999 -9999 -9999 -9999 -9999 -9999 -9999 -9999 -9999 -9999 -9999 -9999 -9999 -9999 -9999 -9999 -9999
-9999 -9999 -9999 -9999 -9999 -9999 -9999 -9999 -9999 -9999 -0.006 -0.001 0.007 0.016 0.031 0.048 0.068 0.089 0.089 0.087 0.095 0.101 0.115 0.129 0.126 0.12 0.133 0.144 0.153 0.162 0.163 0.164 0.154 0.143 0.143 0.143 0.152 0.163 0.165 0.166 0.163 0.161 0.164 0.167 0.169 0.17 0.164 0.155 0.168 0.182 0.169 0.152 0.153 0.154 0.15 -9999 -9999 -9999 -9999 -9999 -9999 -9999 -9999 -9999 -9999 -9999 -9999 -9999 -9999 -9999 -9999 -9999 -9999 -9999 -9999 -9999 -9999
-9999 -9999 -9999 -9999 -9999 -9999 -9999 -9999 -9999 -9999 -0.004 0.014 0.022 0.028 0.044 0.06 0.077 0.087 0.095 0.113 0.117 0.106 0.123 0.146 0.145 0.139 0.15 0.152 0.157 0.154 0.155 0.159 0.156 0.164 0.163 0.157 0.165 0.171 0.169 0.157 0.154 0.15 0.151 0.147 0.152 0.168 0.163 0.162 0.149 0.147 0.158 0.155 0.154 0.153 0.142 -9999 -9999 -9999 -9999 -9999 -9999 -9999 -9999 -9999 -9999 -9999 -9999 -9999 -9999 -9999 -9999 -9999 -9999 -9999 -9999 -9999 -9999
-9999 -9999 -9999 -9999 -9999 -9999 -9999 -9999 -9999 -0.006 0.007 0.021 0.028 0.035 0.049 0.065 0.076 0.086 0.105 0.124 0.118 0.109 0.131 0.154 0.153 0.148 0.153 0.156 0.155 0.152 0.156 0.16 0.168 0.176 0.172 0.167 0.172 0.179 0.17 0.159 0.156 0.152 0.15 0.144 0.156 0.169 0.168 0.165 0.152 0.136 0.146 0.158 0.157 0.155 0.144 0.143 -9999 -9999 -9999 -9999 -9999 -9999 -9999 -9999 -9999 -9999 -9999 -9999 -9999 -9999 -9999 -9999 -9999 -9999 -9999 -9999 -9999
-9999 -9999 -9999 -9999 -9999 -9999 -9999 -9999 -0.006 -9999 0.012 0.022 0.031 0.042 0.058 0.079 0.089 0.096 0.109 0.112 0.111 0.116 0.135 0.152 0.151 0.145 0.155 0.176 0.175 0.168 0.17 0.168 0.171 0.17 0.167 0.167 0.17 0.171 0.168 0.173 0.172 0.17 0.165 0.155 0.164 0.171 0.162 0.139 0.152 0.152 0.147 0.15 0.148 0.145 0.129 0.137 -9999 -9999 -9999 -9999 -9999 -9999 -9999 -9999 -9999 -9999 -9999 -9999 -9999 -9999 -9999 -9999 -9999 -9999 -9999 -9999 -9999
