Validation/Results/raw data/ReClimate_03_2024_1_Precipitation-Actuals.asc
NCOLS 192
NROWS 249
XLLCENTER -225160.85627316462
YLLCENTER 29788.11610251502
CELLSIZE 5000.0
NODATA_VALUE -9999
[rows 99 to 131 of 249, columns 75 to 149 of 192]
129.862 131.934 128.413 132.265 140.522 149.791 157.86 -9999 -9999 95.661 162.496 179.749 197.994 185.081 192.407 184.896 150.635 145.456 131.621 132.432 132.563 119.499 102.567 92.703 91.512 80.632 81.825 77.479 75.621 72.472 70.805 70.571 68.899 63.153 59.417 53.885 48.492 52.889 58.67 57.479 55.038 55.311 55.626 51.171 -9999 -9999 -9999 -9999 -9999 -9999 -9999 -9999 -9999 -9999 -9999 -9999 -9999 -9999 -9999 -9999 -9999 -9999 -9999 -9999 -9999 -9999 -9999 -9999 -9999 -9999 -9999 -9999 -9999 -9999 -9999
141.538 126.114 -9999 -9999 119.332 139.769 -9999 -9999 -9999 102.978 155.973 213.623 206.206 226.793 189.97 153.06 147.682 163.885 160.535 139.895 133.909 109.514 106.899 113.155 99.221 78.445 90.744 97.201 92.666 78.579 73.448 65.651 62.797 52.197 49.931 47.151 51.711 62.92 62.71 62.415 62.087 60.798 54.224 50.026 -9999 -9999 -9999 -9999 -9999 -9999 -9999 -9999 -9999 -9999 -9999 -9999 -9999 -9999 -9999 -9999 -9999 -9999 -9999 -9999 -9999 -9999 -9999 -9999 -9999 -9999 -9999 -9999 -9999 -9999 -9999
-9999 129.901 126.847 129.601 -9999 -9999 -9999 -9999 124.667 126.522 175.716 186.855 190.811 196.936 174.205 165.434 178.262 201.603 171.039 167.663 124.274 119.656 123.487 98.342 78.789 101.782 122.863 117.633 87.787 82.732 73.73 67.509 55.688 50.558 48.712 52.368 64.34 58.406 59.46 61.072 62.155 56.009 48.341 -9999 -9999 -9999 -9999 -9999 -9999 -9999 -9999 -9999 -9999 -9999 -9999 -9999 -9999 -9999 -9999 -9999 -9999 -9999 -9999 -9999 -9999 -9999 -9999 -9999 -9999 -9999 -9999 -9999 -9999 -9999 -9999
156.64 180.728 179.017 182.818 148.228 123.428 -9999 -9999 120.207 -9999 -9999 135.512 189.753 188.46 160.128 174.553 215.262 195.515 192.423 177.511 148.515 131.474 111.117 105.701 114.611 130.696 125.614 108.655 111.835 99.105 75.71 61.839 54.738 52.828 55.687 64.195 52.691 51.293 57.645 56.9 53.878 49.411 -9999 -9999 -9999 -9999 -9999 -9999 -9999 -9999 -9999 -9999 -9999 -9999 -9999 -9999 -9999 -9999 -9999 -9999 -9999 -9999 -9999 -9999 -9999 -9999 -9999 -9999 -9999 -9999 -9999 -9999 -9999 -9999 -9999
145.33 161.037 184.539 169.728 -9999 -9999 -9999 119.524 133.625 131.833 138.871 148.614 164.021 143.043 150.75 180.308 194.869 179.046 159.397 144.228 131.183 129.35 127.48 104.891 114.413 109.421 112.327 113.761 94.606 83.572 69.49 60.824 56.529 54.53 58.779 51.252 45.443 -9999 -9999 52.6 -9999 -9999 -9999 -9999 -9999 -9999 -9999 -9999 -9999 -9999 -9999 -9999 -9999 -9999 -9999 -9999 -9999 -9999 -9999 -9999 -9999 -9999 -9999 -9999 -9999 -9999 -9999 -9999 -9999 -9999 -9999 -9999 -9999 -9999 -9999
134.369 161.41 -9999 165.996 -9999 -9999 -9999 125.869 143.408 148.702 143.694 134.373 139.64 154.907 173.97 188.522 175.836 162.16 154.972 155.473 123.608 117.072 103.901 110.167 109.312 94.197 79.935 70.472 71.207 63.28 60.064 58.77 54.708 51.877 51.355 46.634 -9999 54.344 51.729 49.583 50.823 -9999 -9999 -9999 -9999 -9999 -9999 -9999 -9999 -9999 -9999 -9999 -9999 -9999 -9999 -9999 -9999 -9999 -9999 -9999 -9999 -9999 -9999 -9999 -9999 -9999 -9999 -9999 -9999 -9999 -9999 -9999 -9999 -9999 -9999
117.373 -9999 -9999 -9999 -9999 136.238 136.132 145.696 149.38 156.366 148.61 156.466 173.002 175.163 183.982 177.124 187.649 166.032 174.155 143.111 148.56 126.369 137.022 141.667 109.902 93.334 84.277 76.661 63.017 59.815 54.8 54.7 53.064 50.49 -9999 49.237 53.67 50.447 50.589 47.957 52.307 -9999 -9999 -9999 -9999 -9999 -9999 -9999 -9999 -9999 -9999 -9999 -9999 -9999 -9999 -9999 -9999 -9999 -9999 -9999 -9999 -9999 -9999 -9999 -9999 -9999 -9999 -9999 -9999 -9999 -9999 -9999 -9999 -9999 -9999
-9999 -9999 -9999 -9999 -9999 133.998 126.742 134.044 152.866 158.525 149.549 165.643 150.595 147.256 163.651 204.654 190.934 170.255 167.3 165.066 136.244 135.159 153.118 124.986 126.309 122.984 94.918 79.147 70.797 62.659 66.101 70.62 65.034 66.37 61.348 54.809 52.144 54.347 58.234 55.193 55.95 53.648 -9999 -9999 -9999 -9999 -9999 -9999 -9999 -9999 -9999 -9999 -9999 -9999 -9999 -9999 -9999 -9999 -9999 -9999 -9999 -9999 -9999 -9999 -9999 -9999 -9999 -9999 -9999 -9999 -9999 -9999 -9999 -9999 -9999
-9999 -9999 -9999 -9999 129.152 -9999 -9999 132.538 153.423 151.677 165.428 152.84 -9999 -9999 181.647 215.462 216.832 167.946 158.372 145.271 131.219 132.544 118.291 100.712 104.268 88.656 84.399 78.225 78.243 88.92 96.339 83.91 78.321 69.191 61.832 63.059 55.906 62.555 57.935 63.027 61.099 55.632 50.733 -9999 -9999 -9999 -9999 -9999 -9999 -9999 -9999 -9999 -9999 -9999 -9999 -9999 -9999 -9999 -9999 -9999 -9999 -9999 -9999 -9999 -9999 -9999 -9999 -9999 -9999 -9999 -9999 -9999 -9999 -9999 -9999
-9999 -9999 -9999 -9999 121.548 -9999 117.509 128.556 137.942 165.243 166.925 136.909 138.581 169.306 199.336 201.277 151.853 158.549 173.199 134.694 124.706 119.796 103.3 87.338 78.384 71.276 71.665 86.656 110.0 112.555 94.838 83.7 70.508 63.51 65.534 62.677 60.796 58.234 54.841 53.326 53.418 49.094 -9999 -9999 -9999 -9999 -9999 -9999 -9999 -9999 -9999 -9999 -9999 -9999 -9999 -9999 -9999 -9999 -9999 -9999 -9999 -9999 -9999 -9999 -9999 -9999 -9999 -9999 -9999 -9999 -9999 -9999 -9999 -9999 -9999
-9999 -9999 -9999 -9999 113.945 -9999 107.42 106.401 129.482 143.002 130.75 -9999 166.313 168.575 -9999 163.456 151.778 157.023 133.379 147.1 120.909 95.776 80.773 69.48 62.686 66.488 68.179 82.891 79.847 73.726 71.472 68.428 67.769 63.553 62.826 57.896 55.127 51.928 -9999 -9999 -9999 -9999 -9999 -9999 -9999 -9999 -9999 -9999 -9999 -9999 -9999 -9999 -9999 -9999 -9999 -9999 -9999 -9999 -9999 -9999 -9999 -9999 -9999 -9999 -9999 -9999 -9999 -9999 -9999 -9999 -9999 -9999 -9999 -9999 -9999
-9999 -9999 106.153 109.691 -9999 -9999 94.387 110.321 123.813 120.428 135.364 171.002 160.904 177.794 -9999 130.261 130.666 126.939 120.596 117.799 106.448 87.735 81.671 76.511 81.796 76.557 63.901 60.522 58.666 59.409 61.577 65.484 67.232 64.247 63.597 58.897 52.642 -9999 -9999 -9999 -9999 -9999 -9999 -9999 -9999 -9999 -9999 -9999 -9999 -9999 -9999 -9999 -9999 -9999 -9999 -9999 -9999 -9999 -9999 -9999 -9999 -9999 -9999 -9999 -9999 -9999 -9999 -9999 -9999 -9999 -9999 -9999 -9999 -9999 -9999
-9999 93.221 101.4 105.681 -9999 97.511 112.989 121.182 115.23 -9999 155.793 155.188 170.725 173.912 -9999 121.075 131.649 112.217 94.659 93.31 83.62 85.501 91.072 93.763 97.215 81.979 73.514 63.71 -9999 51.24 55.206 57.541 58.507 61.292 64.509 57.585 -9999 -9999 -9999 -9999 -9999 -9999 -9999 -9999 -9999 -9999 -9999 -9999 -9999 -9999 -9999 -9999 -9999 -9999 -9999 -9999 -9999 -9999 -9999 -9999 -9999 -9999 -9999 -9999 -9999 -9999 -9999 -9999 -9999 -9999 -9999 -9999 -9999 -9999 -9999
-9999 88.477 97.271 -9999 -9999 106.144 123.966 119.963 -9999 131.111 145.866 152.237 162.153 154.525 -9999 110.375 98.091 91.252 87.383 87.68 88.0 92.936 119.652 121.931 113.238 100.874 77.419 62.45 54.299 48.658 -9999 -9999 52.092 54.435 -9999 -9999 -9999 -9999 -9999 -9999 42.923 44.004 48.627 -9999 -9999 -9999 -9999 -9999 -9999 -9999 -9999 -9999 -9999 -9999 -9999 -9999 -9999 -9999 -9999 -9999 -9999 -9999 -9999 -9999 -9999 -9999 -9999 -9999 -9999 -9999 -9999 -9999 -9999 -9999 -9999
89.467 100.687 -9999 -9999 106.292 112.057 108.112 123.809 -9999 125.165 139.493 134.222 136.221 147.398 -9999 -9999 -9999 89.275 87.915 92.066 94.699 100.514 104.728 102.578 92.732 80.99 70.353 63.916 58.378 53.658 49.981 51.361 52.694 48.0 -9999 -9999 -9999 -9999 -9999 45.66 43.035 47.68 46.564 44.112 -9999 -9999 -9999 -9999 -9999 -9999 -9999 -9999 -9999 -9999 -9999 -9999 -9999 -9999 -9999 -9999 -9999 -9999 -9999 -9999 -9999 -9999 -9999 -9999 -9999 -9999 -9999 -9999 -9999 -9999 -9999
103.351 101.05 -9999 -9999 -9999 86.889 114.532 114.618 -9999 113.09 -9999 115.062 131.554 118.974 -9999 97.408 99.972 95.97 -9999 82.777 76.93 80.901 82.472 78.258 76.125 73.835 69.535 67.512 63.477 56.757 59.167 56.899 50.907 48.487 47.15 48.102 47.456 -9999 44.789 45.769 46.465 47.816 54.025 53.57 54.346 41.837 -9999 -9999 -9999 -9999 -9999 -9999 -9999 -9999 -9999 -9999 -9999 -9999 -9999 -9999 -9999 -9999 -9999 -9999 -9999 -9999 -9999 -9999 -9999 -9999 -9999 -9999 -9999 -9999 -9999
103.948 -9999 -9999 -9999 -9999 100.269 119.342 102.321 -9999 94.69 -9999 103.116 100.365 -9999 109.464 118.915 126.186 109.091 84.42 71.805 66.372 66.968 68.185 69.04 64.939 66.41 68.993 68.152 63.771 59.619 61.481 55.011 51.22 53.478 53.519 56.306 51.069 51.861 48.897 47.943 48.206 53.692 64.301 64.02 69.215 64.307 54.084 46.696 50.034 -9999 -9999 -9999 -9999 -9999 -9999 -9999 -9999 -9999 -9999 -9999 -9999 -9999 -9999 -9999 -9999 -9999 -9999 -9999 -9999 -9999 -9999 -9999 -9999 -9999 -9999
93.083 -9999 -9999 -9999 -9999 97.987 96.448 103.196 105.306 -9999 -9999 82.008 86.423 -9999 103.26 130.5 142.1 111.653 90.563 74.26 67.459 63.054 64.446 62.292 57.582 60.049 64.412 69.618 68.468 67.897 60.556 63.014 64.541 64.992 68.597 59.832 53.088 46.605 51.719 52.037 57.785 73.108 79.237 75.291 76.521 71.689 74.262 60.537 50.137 50.922 -9999 -9999 -9999 -9999 -9999 -9999 -9999 -9999 -9999 -9999 -9999 -9999 -9999 -9999 -9999 -9999 -9999 -9999 -9999 -9999 -9999 -9999 -9999 -9999 -9999
-9999 -9999 -9999 -9999 -9999 86.689 93.887 106.688 93.572 -9999 -9999 82.526 81.859 -9999 -9999 123.396 118.274 103.486 92.027 89.22 77.364 71.081 66.545 64.024 56.661 56.932 63.563 67.414 72.628 72.285 75.133 71.601 73.799 75.281 66.545 59.777 57.113 58.422 59.991 64.521 72.354 79.375 81.301 76.377 72.37 69.136 62.837 54.89 54.624 51.959 -9999 -9999 -9999 -9999 -9999 -9999 -9999 -9999 -9999 -9999 -9999 -9999 -9999 -9999 -9999 -9999 -9999 -9999 -9999 -9999 -9999 -9999 -9999 -9999 -9999
-9999 -9999 -9999 -9999 -9999 80.339 94.408 101.814 -9999 -9999 -9999 -9999 79.388 -9999 85.558 103.327 103.284 92.409 91.83 91.95 89.154 81.436 78.0 71.532 64.064 57.992 54.259 62.919 68.077 72.627 71.913 73.402 74.375 67.398 62.523 62.244 65.775 74.332 72.135 68.878 69.993 69.858 68.294 68.797 68.85 63.061 54.53 51.755 52.939 51.75 50.727 -9999 -9999 -9999 -9999 -9999 -9999 -9999 -9999 -9999 -9999 -9999 -9999 -9999 -9999 -9999 -9999 -9999 -9999 -9999 -9999 -9999 -9999 -9999 -9999
-9999 -9999 -9999 87.775 86.055 88.996 94.711 -9999 -9999 116.247 -9999 -9999 -9999 -9999 79.104 89.514 87.968 84.017 84.465 86.864 90.59 87.322 88.015 81.662 70.016 60.441 57.55 58.71 61.725 62.325 61.316 65.86 61.523 63.457 70.915 72.48 83.746 89.183 81.798 76.086 68.838 55.669 64.792 62.801 65.597 62.665 52.738 50.585 52.455 51.065 46.88 -9999 -9999 -9999 -9999 -9999 -9999 -9999 -9999 -9999 -9999 -9999 -9999 -9999 -9999 -9999 -9999 -9999 -9999 -9999 -9999 -9999 -9999 -9999 -9999
-9999 -9999 -9999 -9999 93.12 94.815 98.667 -9999 110.724 128.298 131.831 -9999 -9999 -9999 -9999 70.887 71.391 71.394 73.875 78.644 81.044 86.763 86.761 82.281 71.356 62.67 57.858 58.887 54.268 54.622 59.349 63.924 63.571 72.261 66.192 74.154 78.196 81.417 84.624 79.298 64.086 63.792 59.419 55.547 57.016 56.742 51.57 50.278 52.131 54.24 49.364 48.684 -9999 -9999 -9999 -9999 -9999 -9999 -9999 -9999 -9999 -9999 -9999 -9999 -9999 -9999 -9999 -9999 -9999 -9999 -9999 -9999 -9999 -9999 -9999
-9999 -9999 -9999 -9999 93.372 101.006 106.734 -9999 95.45 126.132 134.786 -9999 -9999 -9999 -9999 -9999 61.521 62.354 63.426 65.306 73.275 77.82 82.14 81.937 84.286 77.131 69.571 58.885 56.239 57.674 59.695 58.438 62.649 67.354 68.286 69.614 74.467 75.022 68.228 62.756 58.059 60.409 56.305 54.759 54.63 50.217 49.394 48.836 52.157 53.783 56.299 51.208 49.464 -9999 -9999 -9999 -9999 -9999 -9999 -9999 -9999 -9999 -9999 -9999 -9999 -9999 -9999 -9999 -9999 -9999 -9999 -9999 -9999 -9999 -9999
-9999 -9999 -9999 -9999 95.471 109.515 -9999 -9999 87.263 116.526 129.859 104.33 -9999 -9999 -9999 -9999 -9999 56.626 61.482 68.688 71.655 81.337 86.679 90.781 93.697 90.222 80.004 67.523 68.205 63.206 63.519 68.59 75.312 73.969 92.121 79.881 83.964 72.752 78.659 71.141 62.457 58.849 54.988 53.056 50.715 52.386 56.01 59.176 55.648 58.532 58.268 61.537 53.718 50.638 48.249 -9999 -9999 -9999 -9999 -9999 -9999 -9999 -9999 -9999 -9999 -9999 -9999 -9999 -9999 -9999 -9999 -9999 -9999 -9999 -9999
-9999 -9999 -9999 -9999 102.339 90.969 -9999 -9999 95.694 115.292 113.0 -9999 -9999 -9999 -9999 -9999 -9999 55.323 60.967 62.785 66.076 73.21 76.184 82.399 89.414 92.021 86.259 78.382 72.704 73.417 83.875 97.04 87.323 102.567 106.537 98.983 78.251 79.566 73.206 61.828 61.76 58.772 54.585 55.121 54.594 53.256 57.875 61.292 72.613 73.078 62.279 63.03 62.129 55.59 50.806 -9999 -9999 -9999 -9999 -9999 -9999 -9999 -9999 -9999 -9999 -9999 -9999 -9999 -9999 -9999 -9999 -9999 -9999 -9999 -9999
-9999 -9999 -9999 -9999 94.214 79.049 -9999 -9999 -9999 91.716 92.472 86.095 -9999 -9999 -9999 -9999 -9999 53.301 57.249 59.903 64.119 67.337 73.584 85.369 99.163 102.811 90.988 87.988 83.081 76.07 83.44 88.803 93.889 116.464 105.606 91.264 89.245 79.337 67.44 68.656 62.07 61.141 58.284 53.331 56.033 60.852 65.919 80.573 98.09 90.311 73.53 63.79 62.629 60.485 55.598 -9999 -9999 -9999 -9999 -9999 -9999 -9999 -9999 -9999 -9999 -9999 -9999 -9999 -9999 -9999 -9999 -9999 -9999 -9999 -9999
-9999 -9999 -9999 100.768 94.528 86.316 -9999 -9999 -9999 -9999 -9999 -9999 -9999 -9999 -9999 -9999 -9999 59.821 64.739 65.792 68.075 70.781 75.342 86.9 96.535 100.948 96.925 96.828 97.304 91.001 96.006 99.321 116.41 121.482 119.848 117.753 96.755 84.056 77.821 67.394 66.228 58.964 56.766 59.548 58.644 66.773 78.57 99.471 100.863 97.429 77.316 64.129 61.641 60.556 58.081 47.979 -9999 -9999 -9999 -9999 -9999 -9999 -9999 -9999 -9999 -9999 -9999 -9999 -9999 -9999 -9999 -9999 -9999 -9999 -9999
-9999 -9999 100.329 101.527 103.44 85.48 -9999 -9999 -9999 -9999 -9999 -9999 -9999 -9999 -9999 65.197 62.424 65.424 71.805 77.348 82.89 84.233 90.724 92.884 91.312 87.93 98.155 112.872 111.881 109.626 105.862 100.945 105.498 124.246 117.003 109.652 96.868 86.067 74.533 66.236 60.513 66.765 66.655 59.122 60.886 69.374 85.397 85.825 94.264 94.495 78.456 62.561 60.302 63.705 60.263 51.811 -9999 -9999 -9999 -9999 -9999 -9999 -9999 -9999 -9999 -9999 -9999 -9999 -9999 -9999 -9999 -9999 -9999 -9999 -9999
-9999 -9999 98.076 91.9 79.985 -9999 -9999 -9999 -9999 -9999 -9999 -9999 -9999 -9999 -9999 66.016 67.454 69.354 79.096 84.936 86.425 103.294 116.157 109.396 98.518 99.851 96.697 100.67 109.525 115.448 106.368 93.955 99.041 109.865 120.286 107.91 102.464 89.017 81.207 69.784 71.289 72.825 67.041 67.225 77.828 87.368 88.119 84.242 81.839 75.06 69.873 70.498 71.749 67.422 62.588 54.427 -9999 -9999 -9999 -9999 -9999 -9999 -9999 -9999 -9999 -9999 -9999 -9999 -9999 -9999 -9999 -9999 -9999 -9999 -9999
-9999 -9999 -9999 -9999 -9999 -9999 -9999 -9999 -9999 -9999 -9999 -9999 -9999 -9999 -9999 70.566 73.224 81.987 85.985 91.03 94.978 114.892 123.125 130.197 116.892 102.41 96.947 99.116 107.198 129.147 117.957 90.444 91.583 109.802 113.903 110.589 102.454 99.451 86.238 88.905 90.825 84.181 86.035 90.659 93.078 81.125 81.652 77.483 75.777 75.828 66.86 66.421 68.703 66.625 59.446 54.507 -9999 -9999 -9999 -9999 -9999 -9999 -9999 -9999 -9999 -9999 -9999 -9999 -9999 -9999 -9999 -9999 -9999 -9999 -9999
-9999 -9999 -9999 -9999 -9999 -9999 -9999 -9999 -9999 -9999 -9999 -9999 -9999 -9999 75.009 80.985 88.597 91.671 100.187 94.846 101.273 107.509 127.49 123.093 115.473 105.077 98.076 82.812 91.439 102.741 99.031 85.891 85.787 93.902 99.617 99.192 102.04 100.789 102.883 92.97 93.983 91.495 91.285 103.666 87.41 91.56 81.113 67.569 74.868 76.427 76.929 67.98 64.679 61.01 58.03 53.36 -9999 -9999 -9999 -9999 -9999 -9999 -9999 -9999 -9999 -9999 -9999 -9999 -9999 -9999 -9999 -9999 -9999 -9999 -9999
-9999 -9999 -9999 -9999 -9999 -9999 -9999 -9999 -9999 -9999 -9999 -9999 -9999 -9999 82.935 89.389 99.073 116.737 114.739 106.889 105.171 119.46 105.657 109.139 105.322 103.373 91.198 75.252 78.018 91.463 90.468 80.692 76.907 85.06 87.843 89.98 99.483 109.037 90.275 101.649 95.847 90.389 107.454 91.101 91.866 87.465 71.755 72.087 70.024 71.773 76.275 71.679 66.282 64.042 59.447 54.191 -9999 -9999 -9999 -9999 -9999 -9999 -9999 -9999 -9999 -9999 -9999 -9999 -9999 -9999 -9999 -9999 -9999 -9999 -9999
-9999 -9999 -9999 -9999 -9999 -9999 -9999 -9999 -9999 -9999 -9999 -9999 -9999 83.886 89.756 93.733 115.739 123.792 129.618 133.342 130.259 116.592 104.581 98.723 98.007 97.074 91.756 82.739 81.994 90.779 85.554 73.19 73.192 82.101 88.068 93.373 108.269 94.048 95.849 103.587 92.189 99.251 99.335 86.785 85.114 73.985 74.641 73.444 71.843 73.27 69.489 65.658 63.518 63.15 60.415 56.247 51.442 -9999 -9999 -9999 -9999 -9999 -9999 -9999 -9999 -9999 -9999 -9999 -9999 -9999 -9999 -9999 -9999 -9999 -9999
