Validation/Results/raw data/ReClimate_05_2024_2_Temperature-Actuals.asc
NCOLS 192
NROWS 249
XLLCENTER -225160.85627316462
YLLCENTER 29788.11610251502
CELLSIZE 5000.0
NODATA_VALUE -9999
[rows 204 to 237 of 249, columns 75 to 149 of 192]
-9999 -9999 -9999 -9999 16.012 -9999 16.116 16.168 16.158 15.856 15.8 15.681 15.846 15.988 15.991 16.082 15.837 16.341 16.168 16.289 16.47 16.644 16.547 16.664 16.23 15.77 14.52 13.913 15.484 15.259 15.369 14.936 15.628 16.695 15.982 14.593 16.259 16.609 16.528 16.595 17.304 17.867 17.754 17.468 17.607 18.033 18.231 18.359 18.369 18.285 17.494 16.961 16.881 17.246 17.487 17.652 17.542 17.204 17.292 17.487 17.676 17.754 17.763 17.697 17.549 17.589 17.721 17.751 17.87 17.951 17.931 18.093 18.025 18.014 18.159
-9999 -9999 -9999 -9999 -9999 -9999 -9999 -9999 15.935 16.217 16.124 16.081 16.235 16.335 16.412 16.383 16.749 16.592 16.552 16.638 16.527 16.589 16.282 16.32 15.745 14.974 14.098 14.427 14.335 14.697 14.007 14.292 16.094 16.09 15.874 16.882 16.217 16.507 17.067 17.378 17.764 17.502 17.243 16.882 17.425 18.051 18.247 18.396 18.505 17.887 17.059 16.884 16.92 17.356 17.444 17.623 17.499 17.585 17.621 17.83 18.011 18.061 17.943 17.794 17.731 17.766 17.937 18.044 17.947 17.827 17.718 17.822 18.051 17.97 18.115
-9999 -9999 -9999 -9999 -9999 -9999 -9999 -9999 16.194 16.28 16.328 16.395 16.087 15.965 15.916 16.374 16.655 16.625 16.743 16.385 16.238 16.46 16.62 16.74 16.192 15.995 15.848 15.595 15.273 15.048 14.459 14.947 14.817 15.597 16.219 15.844 15.57 17.141 17.41 17.62 17.249 17.26 16.714 17.018 17.473 18.085 18.212 18.097 17.324 16.91 16.981 17.166 17.083 17.266 17.448 17.57 17.749 17.645 17.931 18.144 18.345 18.359 18.084 17.829 17.718 17.825 18.066 18.141 17.976 17.564 17.637 17.716 17.754 17.964 18.094
-9999 -9999 -9999 -9999 -9999 -9999 16.293 16.304 16.309 16.45 -9999 16.495 16.388 16.222 16.451 16.551 16.709 -9999 16.758 16.501 16.673 16.323 16.968 16.179 16.288 16.149 15.948 15.907 16.239 15.806 15.468 15.414 15.464 15.79 16.157 15.155 16.213 17.299 17.263 17.582 17.454 16.929 17.025 17.322 17.765 18.002 17.976 17.343 17.292 16.984 17.131 17.102 17.326 17.437 17.524 17.727 17.945 18.01 18.117 18.146 18.453 18.432 18.252 18.026 17.968 17.967 18.036 17.977 17.681 17.541 17.499 17.781 17.844 17.947 18.102
-9999 -9999 -9999 -9999 -9999 -9999 16.325 -9999 -9999 -9999 16.715 16.617 16.475 -9999 -9999 -9999 -9999 -9999 16.803 16.763 16.53 17.377 17.113 16.939 16.809 16.549 16.684 16.659 14.952 15.051 16.176 16.256 16.248 16.16 15.683 15.788 17.039 17.155 17.548 17.57 16.903 17.122 17.272 17.828 17.912 18.007 17.708 17.367 17.41 17.153 17.355 17.503 17.512 17.624 17.804 17.926 18.084 18.132 18.191 18.196 18.302 18.448 18.125 18.056 17.992 17.976 17.807 17.766 17.661 17.495 17.623 17.942 18.053 18.177 18.174
-9999 -9999 -9999 -9999 -9999 -9999 -9999 -9999 16.424 16.492 16.447 16.612 16.377 -9999 -9999 -9999 -9999 -9999 -9999 -9999 -9999 17.792 17.663 17.561 17.593 17.178 16.788 15.073 14.552 14.834 15.416 16.018 16.234 16.311 16.443 16.455 16.835 17.554 17.657 16.766 16.991 17.131 18.028 18.036 17.999 18.032 17.367 17.326 17.218 17.332 17.553 17.721 17.751 17.796 17.853 17.959 17.91 17.99 18.136 18.324 18.346 18.332 18.094 17.935 17.718 17.625 17.833 17.656 17.628 17.736 17.908 18.098 18.377 18.421 18.402
-9999 -9999 -9999 -9999 -9999 -9999 -9999 -9999 -9999 16.399 -9999 -9999 -9999 -9999 -9999 -9999 -9999 -9999 -9999 16.794 17.257 17.383 17.345 17.73 17.775 17.474 16.677 15.781 14.916 14.988 15.761 16.794 16.639 16.287 16.582 16.933 17.727 18.086 17.796 17.402 17.443 17.88 -9999 18.04 17.991 17.707 16.922 16.854 17.158 17.424 17.686 17.767 17.847 17.802 17.826 17.819 17.918 17.938 18.091 18.235 18.291 18.098 17.942 17.726 17.412 17.428 17.564 17.99 17.901 17.921 18.158 18.242 18.381 18.535 18.553
-9999 -9999 -9999 -9999 -9999 -9999 -9999 -9999 -9999 -9999 -9999 -9999 -9999 -9999 -9999 -9999 -9999 -9999 -9999 16.734 17.003 17.291 17.3 -9999 -9999 -9999 17.323 16.257 16.451 16.303 16.886 16.944 16.447 16.726 17.54 17.859 17.976 18.184 18.007 18.018 18.013 -9999 18.059 17.817 17.889 17.304 16.793 17.08 17.294 17.582 17.667 17.654 17.788 17.853 17.845 17.835 17.687 17.68 17.787 17.822 17.973 18.022 17.73 17.355 17.419 17.48 17.749 18.106 18.28 18.17 18.384 18.656 18.74 18.859 18.912
-9999 -9999 -9999 -9999 -9999 -9999 -9999 -9999 -9999 -9999 -9999 -9999 -9999 -9999 -9999 -9999 -9999 -9999 -9999 -9999 -9999 -9999 -9999 -9999 -9999 -9999 17.916 17.393 16.782 16.966 17.352 17.436 17.359 17.735 18.025 18.06 18.003 17.977 18.019 -9999 -9999 18.24 18.098 18.02 17.876 17.299 17.042 17.229 17.411 17.694 17.865 17.678 17.751 17.85 17.624 17.394 17.316 17.252 17.119 17.32 17.444 17.649 17.713 17.532 17.521 17.819 17.804 18.093 18.462 18.473 18.578 18.763 19.007 19.116 19.162
-9999 -9999 -9999 -9999 -9999 -9999 -9999 -9999 -9999 -9999 -9999 -9999 -9999 -9999 -9999 -9999 -9999 -9999 -9999 -9999 -9999 -9999 -9999 -9999 -9999 -9999 17.705 17.452 17.223 17.265 17.364 17.557 17.877 18.076 18.119 18.11 -9999 -9999 -9999 -9999 -9999 18.289 18.13 18.143 17.896 17.38 17.152 17.319 17.411 17.743 17.947 17.739 17.436 17.528 17.271 17.089 17.014 17.151 17.154 17.086 17.336 17.406 17.814 18.043 17.959 18.245 18.229 18.288 18.515 18.644 18.894 19.169 19.138 19.077 19.217
-9999 -9999 -9999 -9999 -9999 -9999 -9999 -9999 -9999 -9999 -9999 -9999 -9999 -9999 -9999 -9999 -9999 -9999 -9999 -9999 -9999 -9999 -9999 -9999 -9999 -9999 -9999 -9999 17.318 17.035 17.297 17.61 17.684 17.879 18.018 -9999 -9999 -9999 -9999 17.738 17.665 17.675 18.167 18.177 17.912 17.252 17.192 17.226 17.352 17.662 17.804 17.46 17.041 16.885 17.043 17.016 17.143 17.167 17.458 17.468 17.474 17.706 17.851 18.233 18.49 18.457 18.419 18.382 18.413 18.422 18.746 19.149 19.251 19.172 19.132
-9999 -9999 -9999 -9999 -9999 -9999 -9999 -9999 -9999 -9999 -9999 -9999 -9999 -9999 -9999 -9999 -9999 -9999 -9999 -9999 -9999 -9999 -9999 -9999 -9999 -9999 -9999 -9999 -9999 17.37 17.444 17.499 17.552 17.796 -9999 -9999 -9999 -9999 17.841 17.804 17.551 17.567 17.771 17.992 17.912 17.585 17.65 17.342 17.414 17.554 17.351 17.215 17.063 16.743 16.883 17.117 17.354 17.497 17.628 17.772 17.739 17.735 17.927 18.193 18.326 18.329 18.145 18.231 18.334 18.324 18.452 18.85 19.082 19.14 19.187
-9999 -9999 -9999 -9999 -9999 -9999 -9999 -9999 -9999 -9999 -9999 -9999 -9999 -9999 -9999 -9999 -9999 -9999 -9999 -9999 -9999 -9999 -9999 -9999 -9999 -9999 -9999 -9999 -9999 -9999 -9999 -9999 -9999 -9999 -9999 -9999 -9999 17.977 18.047 18.031 17.662 17.473 17.843 17.88 17.639 17.76 17.671 17.754 17.971 17.704 17.426 17.283 17.259 17.198 17.017 17.142 17.314 17.199 17.427 17.56 17.666 17.703 17.741 17.999 18.14 18.074 17.977 17.943 18.189 18.341 18.411 18.552 18.762 18.804 18.87
-9999 -9999 -9999 -9999 -9999 -9999 -9999 -9999 -9999 -9999 -9999 -9999 -9999 -9999 -9999 -9999 -9999 -9999 -9999 -9999 -9999 -9999 -9999 -9999 -9999 -9999 -9999 -9999 -9999 -9999 -9999 -9999 -9999 -9999 -9999 -9999 18.347 18.226 17.865 17.424 16.435 17.15 17.739 17.634 17.586 17.601 17.745 18.194 18.137 17.907 17.626 17.477 17.647 17.44 17.19 16.909 17.059 17.183 16.876 17.197 17.428 17.65 17.808 17.955 18.082 18.076 18.082 18.183 18.121 18.211 18.357 18.42 18.447 18.424 18.161
-9999 -9999 -9999 -9999 -9999 -9999 -9999 -9999 -9999 -9999 -9999 -9999 -9999 -9999 -9999 -9999 -9999 -9999 -9999 -9999 -9999 -9999 -9999 -9999 -9999 -9999 -9999 -9999 -9999 -9999 -9999 -9999 -9999 -9999 -9999 -9999 18.301 18.044 17.897 17.155 16.791 16.69 17.061 17.379 17.513 17.423 17.922 18.065 17.931 17.434 17.172 17.181 17.471 17.597 17.402 17.291 17.077 17.163 17.259 17.225 17.421 17.57 17.773 17.996 18.119 18.153 18.131 18.214 18.215 18.133 18.212 18.19 17.892 17.874 17.789
-9999 -9999 -9999 -9999 -9999 -9999 -9999 -9999 -9999 -9999 -9999 -9999 -9999 -9999 -9999 -9999 -9999 -9999 -9999 -9999 -9999 -9999 -9999 14.67 14.506 14.694 15.182 -9999 15.996 -9999 -9999 -9999 -9999 -9999 -9999 -9999 -9999 18.027 17.881 17.629 17.371 17.181 16.999 17.069 17.191 17.557 17.7 17.697 17.247 16.968 17.223 17.279 17.44 17.487 17.446 17.55 17.637 17.639 17.526 17.59 17.512 17.435 17.363 17.627 17.932 17.976 17.924 18.019 18.003 17.975 18.107 18.018 17.687 17.614 17.877
-9999 -9999 -9999 -9999 -9999 -9999 -9999 -9999 -9999 -9999 -9999 -9999 -9999 -9999 -9999 -9999 -9999 -9999 -9999 -9999 16.187 15.89 15.211 14.405 14.009 14.322 14.743 14.994 15.804 16.911 17.518 -9999 -9999 16.991 17.578 17.881 18.081 18.067 17.98 18.008 17.861 17.668 17.393 17.096 17.232 17.47 17.445 16.954 17.076 17.214 17.124 17.425 17.625 17.719 17.615 17.621 17.739 17.773 17.88 17.799 17.649 17.484 17.475 17.375 17.487 17.757 17.856 17.968 18.147 17.944 18.034 17.552 17.425 17.557 17.864
-9999 -9999 -9999 -9999 -9999 -9999 -9999 -9999 -9999 -9999 -9999 -9999 -9999 -9999 -9999 -9999 -9999 -9999 -9999 16.107 16.158 16.419 15.826 14.844 14.241 14.395 14.734 15.125 15.66 16.255 16.848 16.977 16.868 16.987 17.164 17.861 18.043 18.112 17.947 17.786 17.966 17.79 17.276 17.205 17.3 17.233 16.696 17.063 16.861 16.892 17.114 17.455 17.75 17.769 17.554 17.645 17.699 17.796 17.776 17.835 17.726 17.586 17.368 17.217 17.469 17.73 17.893 17.618 17.788 18.045 17.949 17.979 17.555 17.703 17.851
-9999 -9999 -9999 -9999 -9999 -9999 -9999 -9999 -9999 -9999 -9999 -9999 -9999 -9999 -9999 -9999 -9999 -9999 -9999 16.074 16.847 17.251 16.596 15.485 15.261 15.158 14.96 15.373 15.842 16.493 16.306 16.147 16.644 17.025 17.316 17.309 17.862 18.083 17.919 17.941 17.728 17.54 17.567 17.487 17.377 17.055 17.096 17.071 16.833 17.005 17.105 17.402 17.641 17.664 17.482 17.421 17.805 17.875 17.83 17.964 17.989 17.875 17.659 17.293 17.216 17.703 17.902 17.796 17.574 17.836 18.031 18.057 18.063 17.992 17.735
-9999 -9999 -9999 -9999 -9999 -9999 -9999 -9999 -9999 -9999 -9999 -9999 -9999 -9999 -9999 -9999 -9999 -9999 -9999 16.491 17.382 17.143 16.845 16.318 16.43 16.129 16.171 16.139 16.335 16.536 16.115 16.318 17.07 17.378 17.452 17.669 17.951 18.057 17.991 17.752 17.546 17.663 17.604 17.453 17.289 17.36 17.347 17.362 17.264 17.187 16.989 17.146 17.527 17.809 17.762 17.757 17.868 17.825 17.895 18.169 17.966 17.779 17.788 17.379 16.989 17.491 17.961 17.949 17.865 17.907 17.99 18.057 18.007 17.903 17.761
-9999 -9999 -9999 -9999 -9999 -9999 -9999 -9999 -9999 -9999 -9999 -9999 -9999 -9999 -9999 16.269 15.896 -9999 16.234 16.996 16.853 16.682 16.743 16.941 16.87 16.813 16.442 16.226 16.398 16.673 16.695 16.947 17.306 17.621 17.669 17.655 17.694 17.814 17.949 17.807 17.754 17.699 17.56 17.221 17.479 17.487 17.435 17.267 17.1 17.086 16.877 17.016 17.387 17.778 17.856 17.889 17.927 18.08 17.952 17.978 17.988 17.602 17.751 17.628 17.54 17.582 18.021 18.123 17.981 17.897 17.921 17.991 18.082 18.094 17.993
-9999 -9999 -9999 -9999 -9999 -9999 -9999 -9999 -9999 -9999 -9999 -9999 -9999 -9999 -9999 16.155 15.979 16.178 16.408 16.651 16.586 16.731 16.394 16.425 16.694 16.339 16.332 16.345 16.506 16.838 16.765 16.894 17.189 16.89 16.7 17.021 17.408 17.77 17.906 17.768 17.624 17.493 17.39 17.306 17.543 17.417 17.52 17.361 17.071 16.997 17.152 17.229 17.512 17.66 17.762 17.852 18.165 18.239 18.289 18.289 18.132 17.871 17.771 17.608 17.311 17.418 17.299 17.706 17.965 17.953 18.01 18.005 18.036 18.128 18.132
-9999 -9999 -9999 -9999 -9999 -9999 -9999 -9999 -9999 -9999 -9999 -9999 -9999 -9999 16.32 16.055 16.217 16.261 16.326 16.516 16.619 16.518 16.367 16.606 16.724 16.455 16.495 16.476 16.81 17.042 17.297 17.371 16.955 16.324 16.518 16.733 17.003 17.591 17.686 17.702 17.691 17.534 17.452 17.413 17.475 17.556 17.643 17.466 17.148 17.423 17.479 17.574 17.61 17.676 17.69 17.713 18.141 18.583 18.724 18.525 18.474 18.23 18.127 17.951 17.646 17.547 17.442 17.373 17.565 17.285 17.734 17.522 17.542 17.983 18.134
-9999 -9999 -9999 -9999 -9999 -9999 -9999 -9999 -9999 -9999 -9999 -9999 -9999 -9999 -9999 16.393 16.321 16.344 16.527 16.655 16.764 16.754 16.749 16.793 16.776 16.716 16.667 16.994 17.217 17.452 17.359 17.43 16.769 16.478 16.588 16.479 16.954 17.38 17.37 17.49 17.559 17.451 17.283 17.37 17.413 17.446 17.412 17.258 17.644 17.568 17.669 17.737 17.739 17.689 17.689 17.853 18.073 18.479 18.688 -9999 18.402 18.391 18.206 18.244 18.205 18.166 18.1 17.96 17.946 17.693 17.544 17.657 17.428 17.599 17.794
-9999 -9999 -9999 -9999 -9999 -9999 -9999 -9999 -9999 -9999 -9999 -9999 -9999 -9999 16.343 16.597 16.37 16.335 16.427 16.494 16.725 16.866 16.819 16.729 16.586 16.75 17.065 17.291 17.362 17.401 17.484 17.271 17.081 17.11 16.98 16.764 17.361 17.518 16.949 17.177 17.156 16.585 16.797 16.788 16.817 17.036 17.111 17.358 17.629 17.853 17.873 17.943 17.881 17.81 17.747 17.842 18.003 18.133 18.361 18.495 -9999 18.457 -9999 18.577 -9999 18.397 -9999 18.247 18.184 18.017 17.75 17.682 17.757 17.963 -9999
-9999 -9999 -9999 -9999 -9999 -9999 -9999 -9999 -9999 -9999 -9999 -9999 -9999 -9999 16.527 16.384 16.179 16.276 16.268 16.289 16.277 16.563 16.41 16.352 16.471 16.836 17.193 17.37 17.518 17.576 17.546 17.458 17.264 17.17 16.886 17.18 17.595 16.892 16.942 17.434 17.026 16.811 16.784 16.684 16.958 17.285 17.322 17.555 17.748 17.79 18.021 18.021 17.905 17.818 17.73 17.696 17.865 18.001 18.22 18.398 -9999 -9999 18.704 18.734 -9999 -9999 18.223 18.159 18.114 -9999 -9999 -9999 -9999 -9999 -9999
-9999 -9999 -9999 -9999 -9999 -9999 -9999 -9999 -9999 -9999 -9999 -9999 -9999 16.05 16.263 16.276 16.263 16.508 16.542 16.325 16.394 16.211 15.706 15.773 16.201 16.579 16.849 17.086 17.448 17.583 17.507 17.409 17.167 16.701 16.638 16.954 16.881 16.977 17.633 17.49 17.104 16.8 16.673 17.192 17.566 17.485 17.58 17.634 17.812 18.105 18.25 17.924 17.97 17.851 17.813 17.675 17.725 -9999 -9999 -9999 18.44 -9999 -9999 -9999 -9999 -9999 -9999 17.933 -9999 -9999 -9999 -9999 -9999 -9999 -9999
-9999 -9999 -9999 -9999 -9999 -9999 -9999 -9999 -9999 -9999 -9999 -9999 16.12 15.658 15.826 16.21 16.783 16.947 16.844 16.718 16.492 15.624 14.785 15.075 16.153 16.37 16.334 17.085 17.087 17.562 17.535 17.189 17.245 17.277 17.303 -9999 -9999 -9999 -9999 -9999 17.48 17.069 16.954 17.277 17.551 17.631 17.557 17.703 17.888 18.161 -9999 17.825 -9999 -9999 -9999 -9999 -9999 17.644 17.808 17.964 18.017 18.094 18.341 -9999 -9999 -9999 -9999 -9999 -9999 -9999 -9999 -9999 -9999 -9999 -9999
-9999 -9999 -9999 -9999 -9999 -9999 -9999 -9999 -9999 -9999 -9999 16.717 15.783 15.346 15.63 16.225 16.624 16.924 17.087 16.64 16.101 15.023 14.442 14.868 15.544 15.977 16.771 16.574 17.227 17.433 17.344 17.517 -9999 -9999 -9999 -9999 -9999 -9999 -9999 -9999 -9999 -9999 17.518 17.651 17.849 17.483 17.171 17.147 17.556 17.368 17.639 -9999 -9999 -9999 -9999 -9999 -9999 -9999 17.705 17.602 17.857 17.837 -9999 -9999 -9999 -9999 -9999 -9999 -9999 -9999 -9999 -9999 -9999 -9999 -9999
-9999 -9999 -9999 -9999 -9999 -9999 -9999 -9999 -9999 17.011 17.013 16.527 15.883 15.467 15.327 15.561 16.277 16.995 16.807 16.435 15.92 15.207 14.664 15.196 15.702 16.333 16.518 17.511 17.035 17.02 -9999 -9999 -9999 -9999 -9999 -9999 -9999 -9999 -9999 -9999 -9999 -9999 -9999 17.871 -9999 -9999 -9999 -9999 -9999 17.518 17.217 -9999 -9999 -9999 -9999 -9999 -9999 -9999 -9999 -9999 17.372 17.288 -9999 -9999 -9999 -9999 -9999 -9999 -9999 -9999 -9999 -9999 -9999 -9999 -9999
-9999 -9999 -9999 -9999 -9999 -9999 -9999 -9999 16.995 -9999 16.87 16.703 16.082 15.53 15.336 15.498 16.209 16.547 16.474 16.871 16.642 15.711 15.315 15.575 16.331 16.667 17.129 17.481 17.57 17.771 -9999 -9999 -9999 -9999 -9999 -9999 -9999 -9999 -9999 -9999 -9999 -9999 -9999 -9999 17.788 -9999 -9999 -9999 -9999 -9999 -9999 -9999 -9999 -9999 -9999 -9999 -9999 -9999 -9999 -9999 -9999 -9999 -9999 -9999 -9999 -9999 -9999 -9999 -9999 -9999 -9999 -9999 -9999 -9999 -9999
-9999 -9999 -9999 -9999 -9999 -9999 -9999 16.986 17.017 16.538 16.866 16.819 16.259 16.053 15.904 16.026 16.427 16.428 16.704 -9999 16.914 16.146 15.556 15.162 15.809 16.89 17.194 17.655 17.827 -9999 -9999 -9999 -9999 -9999 -9999 -9999 -9999 -9999 -9999 -9999 -9999 -9999 -9999 -9999 -9999 -9999 -9999 -9999 -9999 -9999 -9999 -9999 -9999 -9999 -9999 -9999 -9999 -9999 -9999 -9999 -9999 -9999 -9999 -9999 -9999 -9999 -9999 -9999 -9999 -9999 -9999 -9999 -9999 -9999 -9999
-9999 -9999 -9999 -9999 -9999 -9999 -9999 17.009 16.775 16.627 16.573 16.561 16.427 16.398 16.261 16.569 16.786 16.844 17.413 17.391 17.213 16.653 15.619 15.356 16.254 16.69 17.252 17.503 17.472 -9999 -9999 -9999 -9999 -9999 -9999 -9999 -9999 -9999 -9999 -9999 -9999 -9999 -9999 -9999 -9999 -9999 -9999 -9999 -9999 -9999 -9999 -9999 -9999 -9999 -9999 -9999 -9999 -9999 -9999 -9999 -9999 -9999 -9999 -9999 -9999 -9999 -9999 -9999 -9999 -9999 -9999 -9999 -9999 -9999 -9999
-9999 -9999 -9999 -9999 -9999 -9999 16.952 17.008 16.692 16.311 16.243 16.433 16.533 16.622 16.634 16.754 16.51 16.978 17.35 17.43 17.216 16.964 16.484 16.392 16.695 17.084 17.238 17.281 -9999 -9999 -9999 -9999 -9999 -9999 -9999 -9999 -9999 -9999 -9999 -9999 -9999 -9999 -9999 -9999 -9999 -9999 -9999 -9999 -9999 -9999 -9999 -9999 -9999 -9999 -9999 -9999 -9999 -9999 -9999 -9999 -9999 -9999 -9999 -9999 -9999 -9999 -9999 -9999 -9999 -9999 -9999 -9999 -9999 -9999 -9999
