Validation/Results/raw data/ReClimate_07_2024_1_Temperature-Actuals.asc
NCOLS 192
NROWS 249
XLLCENTER -225160.85627316462
YLLCENTER 29788.11610251502
CELLSIZE 5000.0
NODATA_VALUE -9999
[rows 136 to 169 of 249, columns 75 to 149 of 192]
14.384 -9999 -9999 -9999 -9999 -9999 -9999 -9999 -9999 -9999 14.548 -9999 14.497 14.152 14.282 14.393 14.738 14.943 14.914 14.657 13.594 13.939 14.131 14.306 14.952 14.998 14.961 15.073 14.586 14.409 -9999 -9999 -9999 -9999 -9999 -9999 15.619 15.736 15.684 15.454 15.363 15.211 14.642 14.317 14.586 14.638 14.7 15.169 14.869 14.729 15.219 15.573 15.868 15.817 16.16 16.379 16.325 15.991 16.005 -9999 -9999 -9999 -9999 -9999 -9999 -9999 -9999 -9999 -9999 -9999 -9999 -9999 -9999 -9999 -9999
13.793 15.25 -9999 -9999 -9999 -9999 -9999 -9999 -9999 -9999 14.437 14.427 14.568 14.722 14.535 14.577 14.735 14.879 15.135 14.795 14.392 13.8 14.088 14.449 15.026 14.913 14.815 15.133 14.71 15.099 -9999 -9999 -9999 -9999 15.454 15.53 15.616 15.726 15.787 15.721 15.503 14.733 13.927 13.974 14.241 13.93 14.707 14.602 14.364 14.986 14.96 15.344 15.981 16.053 15.667 16.088 16.224 15.931 16.085 -9999 -9999 -9999 -9999 -9999 -9999 -9999 -9999 -9999 -9999 -9999 -9999 -9999 -9999 -9999 -9999
14.65 14.752 14.972 -9999 -9999 -9999 -9999 -9999 -9999 -9999 14.279 14.538 14.537 -9999 -9999 14.696 14.714 14.905 15.043 -9999 15.063 14.897 14.903 14.987 15.198 14.78 15.078 15.324 -9999 -9999 -9999 -9999 -9999 15.398 15.468 15.52 15.593 15.6 15.619 15.637 15.212 14.472 13.371 13.176 13.789 13.556 14.205 13.695 14.018 14.445 14.435 15.212 15.408 15.54 15.557 15.791 16.011 15.808 15.988 -9999 -9999 -9999 -9999 -9999 -9999 -9999 -9999 -9999 -9999 -9999 -9999 -9999 -9999 -9999 -9999
14.213 14.019 14.772 -9999 -9999 -9999 -9999 -9999 -9999 -9999 -9999 14.536 14.793 -9999 -9999 -9999 14.975 14.835 14.996 15.171 -9999 -9999 15.25 15.317 15.262 14.728 14.779 -9999 -9999 -9999 -9999 -9999 15.162 15.237 15.333 15.444 15.439 15.355 15.436 15.158 14.944 14.62 13.537 13.313 12.643 13.396 12.963 12.873 13.402 13.862 13.85 14.34 15.098 15.25 15.228 15.7 15.983 15.689 15.633 -9999 -9999 -9999 -9999 -9999 -9999 -9999 -9999 -9999 -9999 -9999 -9999 -9999 -9999 -9999 -9999
14.212 14.976 -9999 -9999 -9999 -9999 -9999 -9999 -9999 -9999 -9999 -9999 14.745 -9999 -9999 -9999 -9999 15.011 14.769 14.882 -9999 -9999 -9999 15.316 15.393 -9999 -9999 -9999 -9999 -9999 -9999 -9999 15.222 15.403 15.333 15.037 14.775 14.888 15.028 14.997 15.183 14.84 14.078 12.995 12.925 13.005 12.209 12.478 12.953 13.603 13.546 13.792 14.536 15.104 15.482 15.766 15.896 15.606 15.546 -9999 -9999 -9999 -9999 -9999 -9999 -9999 -9999 -9999 -9999 -9999 -9999 -9999 -9999 -9999 -9999
15.437 -9999 -9999 -9999 -9999 -9999 -9999 -9999 -9999 -9999 -9999 -9999 14.397 -9999 -9999 -9999 -9999 -9999 14.979 14.879 -9999 -9999 -9999 -9999 -9999 -9999 -9999 -9999 -9999 -9999 -9999 -9999 15.398 15.026 14.682 14.398 14.185 14.429 14.673 14.905 15.061 14.829 14.291 13.17 12.125 11.581 12.01 12.523 13.689 14.0 14.163 14.491 14.669 14.745 15.338 15.782 15.747 15.507 15.54 15.862 -9999 -9999 -9999 -9999 -9999 -9999 -9999 -9999 -9999 -9999 -9999 -9999 -9999 -9999 -9999
-9999 15.402 15.273 15.215 15.391 -9999 -9999 -9999 -9999 -9999 -9999 -9999 14.338 -9999 -9999 -9999 -9999 -9999 -9999 -9999 -9999 -9999 -9999 -9999 -9999 -9999 -9999 -9999 -9999 -9999 -9999 15.389 15.076 14.97 14.907 14.472 13.48 14.091 14.31 14.42 14.848 14.761 14.869 13.39 11.83 11.377 12.384 12.966 12.404 12.501 13.379 14.021 15.075 15.234 15.273 15.443 15.508 15.582 15.613 15.905 16.301 -9999 -9999 -9999 -9999 -9999 -9999 -9999 -9999 -9999 -9999 -9999 -9999 -9999 -9999
15.733 15.18 15.221 15.296 15.311 -9999 -9999 -9999 -9999 -9999 -9999 -9999 -9999 -9999 -9999 -9999 -9999 -9999 -9999 -9999 -9999 -9999 -9999 -9999 -9999 -9999 -9999 -9999 -9999 -9999 15.414 15.347 15.021 14.953 14.679 14.115 12.171 12.956 14.271 14.601 14.797 15.161 14.84 14.224 12.801 11.666 12.352 12.52 12.805 13.227 13.282 13.732 14.429 15.332 15.516 15.644 15.619 15.651 15.814 16.18 16.518 -9999 -9999 -9999 -9999 -9999 -9999 -9999 -9999 -9999 -9999 -9999 -9999 -9999 -9999
15.238 15.297 15.476 -9999 15.453 15.41 -9999 -9999 -9999 -9999 -9999 -9999 -9999 -9999 -9999 -9999 -9999 -9999 -9999 -9999 -9999 -9999 -9999 -9999 -9999 -9999 -9999 -9999 -9999 -9999 14.88 14.949 15.039 13.866 13.461 13.693 13.948 13.712 13.673 14.272 14.557 14.697 14.925 14.83 13.78 13.087 12.066 12.768 13.267 13.603 13.874 14.34 14.787 15.168 15.319 15.618 15.666 15.743 15.84 16.212 16.681 16.806 16.688 -9999 -9999 -9999 -9999 -9999 -9999 -9999 -9999 -9999 -9999 -9999 -9999
14.982 15.236 15.466 -9999 -9999 15.367 -9999 -9999 -9999 -9999 -9999 -9999 -9999 -9999 -9999 -9999 -9999 -9999 -9999 -9999 -9999 -9999 -9999 -9999 -9999 -9999 -9999 -9999 -9999 -9999 14.995 14.944 14.352 13.288 14.563 14.528 13.587 13.135 13.999 13.998 13.675 14.508 14.401 14.857 14.877 13.942 13.435 13.087 13.456 13.824 14.421 14.747 15.142 15.459 15.721 15.742 15.908 15.775 15.966 16.225 16.555 16.256 16.24 16.176 16.231 15.731 -9999 -9999 -9999 -9999 -9999 -9999 -9999 -9999 -9999
15.005 15.073 15.379 15.545 -9999 15.277 -9999 -9999 -9999 -9999 -9999 -9999 -9999 -9999 -9999 -9999 -9999 -9999 -9999 -9999 -9999 -9999 -9999 -9999 -9999 -9999 -9999 -9999 -9999 15.796 15.173 14.75 13.66 12.945 12.754 13.547 13.895 13.986 13.722 13.077 14.039 13.255 14.018 14.528 14.788 14.628 14.489 14.043 13.442 13.782 14.368 14.816 15.119 15.431 15.727 16.003 16.032 16.028 16.123 16.313 16.404 16.272 15.436 15.448 15.559 15.503 15.647 15.379 -9999 -9999 -9999 -9999 -9999 -9999 -9999
15.041 15.302 15.444 -9999 15.237 -9999 -9999 -9999 -9999 -9999 -9999 -9999 -9999 -9999 -9999 -9999 -9999 -9999 -9999 -9999 -9999 -9999 -9999 -9999 -9999 -9999 -9999 -9999 -9999 -9999 15.735 14.962 13.606 13.235 13.565 11.986 13.002 14.173 13.655 14.084 12.731 12.948 13.906 14.386 14.424 14.588 14.318 12.618 13.021 13.231 13.291 13.744 14.674 15.1 15.51 15.933 16.127 16.155 16.249 16.443 16.527 16.366 15.731 15.404 15.67 15.625 15.382 15.328 15.336 -9999 -9999 -9999 -9999 -9999 -9999
15.395 15.536 15.496 15.261 15.059 -9999 -9999 -9999 -9999 -9999 -9999 -9999 -9999 -9999 -9999 -9999 -9999 -9999 -9999 -9999 -9999 -9999 -9999 -9999 -9999 -9999 -9999 -9999 -9999 -9999 -9999 15.517 14.97 14.964 13.353 13.259 13.828 15.026 15.335 13.789 13.607 13.962 14.152 13.869 13.942 14.322 13.315 12.979 12.821 12.309 12.869 13.68 14.053 14.875 15.384 15.911 16.157 16.191 16.292 16.439 15.762 15.514 14.935 14.322 14.644 14.977 15.422 15.213 15.256 15.707 -9999 -9999 -9999 -9999 -9999
15.341 15.61 15.555 15.234 -9999 -9999 -9999 -9999 -9999 -9999 -9999 -9999 -9999 -9999 -9999 -9999 -9999 -9999 -9999 -9999 -9999 -9999 -9999 -9999 -9999 -9999 -9999 -9999 -9999 -9999 -9999 15.989 15.64 15.213 14.394 13.62 13.308 14.996 14.513 14.778 15.01 14.938 14.603 14.056 13.022 14.024 13.247 12.561 13.041 13.94 14.192 14.205 14.465 14.805 15.591 16.103 16.278 16.3 16.14 15.745 15.39 14.964 15.147 14.93 14.797 14.648 14.711 14.997 15.123 15.483 16.222 -9999 -9999 -9999 -9999
15.278 15.338 15.277 15.181 -9999 -9999 -9999 -9999 -9999 -9999 -9999 -9999 -9999 -9999 -9999 -9999 -9999 -9999 -9999 -9999 -9999 -9999 -9999 -9999 -9999 -9999 -9999 -9999 -9999 -9999 -9999 -9999 15.108 14.636 14.458 13.753 14.709 14.594 15.13 15.393 15.429 15.224 14.89 14.272 14.364 12.906 13.267 13.487 13.448 13.951 14.08 14.023 14.882 15.163 15.776 16.151 16.394 16.411 16.087 15.648 15.429 15.256 15.125 15.152 15.16 15.042 14.925 14.956 15.389 15.587 15.997 -9999 -9999 -9999 -9999
-9999 -9999 -9999 -9999 -9999 -9999 -9999 -9999 -9999 -9999 -9999 -9999 -9999 -9999 -9999 -9999 -9999 -9999 -9999 -9999 -9999 -9999 -9999 -9999 -9999 -9999 -9999 -9999 -9999 -9999 -9999 -9999 15.875 14.233 14.816 15.579 15.112 15.399 15.423 15.723 15.619 15.072 15.053 15.035 13.017 13.642 13.304 13.255 13.184 14.155 14.312 14.594 14.846 15.391 15.726 16.203 16.429 16.479 16.302 15.598 15.194 15.372 15.578 15.569 15.586 15.495 15.485 15.265 15.269 15.788 15.8 16.32 -9999 -9999 -9999
-9999 -9999 -9999 -9999 -9999 -9999 -9999 -9999 -9999 -9999 -9999 -9999 -9999 -9999 -9999 -9999 -9999 -9999 -9999 -9999 -9999 -9999 -9999 -9999 -9999 -9999 -9999 -9999 -9999 -9999 -9999 -9999 -9999 15.57 16.135 15.851 15.566 15.722 15.607 15.883 15.645 15.329 15.388 14.517 13.495 12.958 12.925 12.543 13.151 13.274 13.682 14.314 14.436 14.949 15.614 16.124 16.39 16.335 16.231 16.097 15.221 15.188 15.866 16.265 16.138 16.119 16.128 16.15 16.061 16.223 16.374 16.25 -9999 -9999 -9999
-9999 -9999 -9999 -9999 -9999 -9999 -9999 -9999 -9999 -9999 -9999 -9999 -9999 -9999 -9999 -9999 -9999 -9999 -9999 -9999 -9999 -9999 -9999 -9999 -9999 -9999 -9999 -9999 -9999 -9999 -9999 -9999 -9999 15.978 -9999 15.869 16.166 15.867 15.841 -9999 15.866 15.522 15.416 14.633 13.471 13.445 13.382 12.86 13.256 13.266 12.67 13.625 14.091 14.48 15.039 15.857 16.261 16.276 16.209 16.226 16.205 15.893 16.236 16.514 16.401 16.228 16.284 16.411 16.506 16.522 16.107 15.832 15.911 -9999 -9999
-9999 -9999 -9999 -9999 -9999 -9999 -9999 -9999 -9999 -9999 -9999 -9999 -9999 -9999 -9999 -9999 -9999 -9999 -9999 -9999 -9999 -9999 -9999 -9999 -9999 -9999 -9999 -9999 -9999 -9999 -9999 -9999 -9999 -9999 16.308 16.091 -9999 -9999 -9999 -9999 16.129 15.858 15.846 15.208 14.765 13.809 13.642 13.442 13.322 14.148 13.752 13.173 14.058 14.355 15.037 15.644 16.185 16.4 16.442 16.431 16.439 16.355 16.202 16.354 16.231 16.172 16.34 16.417 16.259 16.222 16.317 16.04 15.85 15.802 15.976
-9999 -9999 -9999 -9999 -9999 -9999 -9999 -9999 -9999 -9999 -9999 -9999 -9999 -9999 -9999 -9999 -9999 -9999 -9999 -9999 -9999 -9999 -9999 -9999 -9999 -9999 -9999 -9999 -9999 -9999 -9999 -9999 -9999 -9999 16.258 16.29 -9999 -9999 -9999 -9999 16.28 15.85 16.054 15.624 14.845 15.016 14.826 13.96 13.885 14.105 14.349 13.339 14.028 14.425 14.834 15.474 16.156 16.497 16.612 16.658 16.627 16.578 16.455 16.326 16.303 16.302 16.381 16.325 16.132 15.908 15.917 16.057 16.168 16.164 16.249
-9999 -9999 -9999 -9999 -9999 -9999 -9999 -9999 -9999 -9999 -9999 -9999 -9999 -9999 -9999 -9999 -9999 -9999 -9999 -9999 -9999 -9999 -9999 -9999 -9999 -9999 -9999 -9999 -9999 -9999 -9999 -9999 -9999 -9999 16.324 -9999 -9999 -9999 -9999 16.509 16.126 15.776 15.082 14.719 14.749 14.796 14.902 14.336 13.862 14.487 14.545 14.512 14.06 14.666 15.012 15.505 15.948 16.402 16.531 16.671 16.755 16.747 16.703 16.622 16.601 16.385 15.98 16.02 16.046 16.104 16.142 16.25 16.371 16.435 -9999
-9999 -9999 -9999 -9999 -9999 -9999 -9999 -9999 -9999 -9999 -9999 -9999 -9999 -9999 -9999 -9999 -9999 -9999 -9999 -9999 -9999 -9999 -9999 -9999 -9999 -9999 -9999 -9999 -9999 -9999 -9999 -9999 -9999 -9999 -9999 -9999 -9999 -9999 -9999 16.309 15.813 14.878 14.038 13.689 14.256 14.952 14.929 15.125 15.024 15.182 15.046 14.873 14.626 14.699 15.198 15.562 15.856 16.235 16.48 16.638 16.806 16.869 16.86 16.788 16.708 16.602 15.867 15.483 16.097 16.343 16.537 16.558 16.584 16.522 -9999
-9999 -9999 -9999 -9999 -9999 -9999 -9999 -9999 -9999 -9999 -9999 -9999 -9999 -9999 -9999 -9999 -9999 -9999 -9999 -9999 -9999 -9999 -9999 -9999 -9999 -9999 -9999 -9999 -9999 -9999 -9999 -9999 -9999 -9999 -9999 -9999 -9999 -9999 -9999 16.153 15.802 15.094 14.241 14.233 14.798 14.989 15.394 15.411 15.409 15.462 15.409 15.625 15.118 15.094 15.216 15.516 15.804 16.188 16.552 16.654 16.792 16.922 16.924 16.871 16.761 16.685 16.325 15.741 16.011 16.47 16.654 16.748 16.708 16.608 -9999
-9999 -9999 -9999 -9999 -9999 -9999 -9999 -9999 -9999 -9999 -9999 -9999 -9999 -9999 -9999 -9999 -9999 -9999 -9999 -9999 -9999 -9999 -9999 -9999 -9999 -9999 -9999 -9999 -9999 -9999 -9999 -9999 -9999 -9999 -9999 -9999 -9999 -9999 16.277 16.107 15.717 14.883 14.341 14.104 14.813 14.9 15.775 15.491 15.525 15.231 15.257 15.155 15.907 15.87 16.062 16.042 16.294 16.277 16.554 16.742 16.744 16.834 16.941 16.869 16.758 16.643 16.614 16.232 16.186 16.501 16.733 16.831 16.82 16.704 16.625
-9999 -9999 -9999 -9999 -9999 -9999 -9999 -9999 -9999 -9999 -9999 -9999 -9999 -9999 -9999 -9999 -9999 -9999 -9999 -9999 -9999 -9999 -9999 -9999 -9999 -9999 -9999 -9999 -9999 -9999 -9999 -9999 -9999 -9999 -9999 -9999 -9999 -9999 16.324 16.283 16.036 15.562 14.816 15.553 15.431 16.029 15.458 15.024 15.108 14.752 14.946 15.568 15.391 15.93 16.002 16.048 16.164 16.423 16.528 16.737 16.807 16.824 16.872 16.784 16.618 16.553 16.607 16.635 16.365 16.473 16.732 16.879 16.934 16.837 16.722
-9999 -9999 -9999 -9999 -9999 -9999 -9999 -9999 -9999 -9999 -9999 -9999 -9999 -9999 -9999 -9999 -9999 -9999 -9999 -9999 -9999 -9999 -9999 -9999 -9999 -9999 -9999 -9999 -9999 -9999 -9999 -9999 -9999 -9999 -9999 -9999 -9999 16.46 16.452 16.417 16.505 16.009 15.988 15.892 16.142 16.046 15.391 15.359 15.069 14.645 14.91 15.401 16.293 15.991 16.48 16.492 16.428 16.335 16.536 16.661 16.763 16.827 16.842 16.737 16.559 16.491 16.596 16.703 16.593 16.396 16.673 17.049 17.203 17.084 16.895
-9999 -9999 -9999 -9999 -9999 -9999 -9999 -9999 -9999 -9999 -9999 -9999 -9999 -9999 -9999 -9999 -9999 -9999 -9999 -9999 -9999 -9999 -9999 -9999 -9999 -9999 -9999 -9999 -9999 -9999 -9999 -9999 -9999 -9999 -9999 -9999 -9999 16.559 16.354 16.437 16.482 16.346 16.234 16.22 16.03 15.76 15.912 15.679 14.947 13.942 14.347 14.879 15.702 16.318 16.293 16.749 16.937 16.754 16.525 16.672 16.791 16.84 16.869 16.803 16.659 16.598 16.692 16.829 16.707 16.494 16.787 17.313 17.509 17.418 17.104
-9999 -9999 -9999 -9999 -9999 -9999 -9999 -9999 -9999 -9999 -9999 -9999 -9999 -9999 -9999 -9999 -9999 -9999 -9999 -9999 -9999 -9999 -9999 -9999 -9999 -9999 -9999 -9999 -9999 -9999 -9999 -9999 -9999 -9999 -9999 -9999 -9999 16.528 16.476 16.569 16.622 16.545 16.46 16.15 15.901 15.799 15.452 14.866 14.092 14.081 14.444 14.843 15.517 16.159 16.179 16.274 16.813 17.105 17.008 16.882 16.942 16.943 16.922 16.926 16.858 16.812 16.866 16.944 17.012 16.874 17.003 17.461 17.659 17.535 17.268
-9999 -9999 -9999 -9999 -9999 -9999 -9999 -9999 -9999 -9999 -9999 -9999 -9999 -9999 -9999 -9999 -9999 -9999 -9999 -9999 -9999 -9999 -9999 -9999 -9999 -9999 -9999 -9999 -9999 -9999 -9999 -9999 -9999 -9999 -9999 -9999 -9999 -9999 16.557 16.612 16.658 16.575 16.127 15.668 15.435 15.316 15.29 15.057 14.549 14.767 14.82 15.362 16.266 16.522 16.562 16.339 16.786 17.11 16.993 16.924 17.013 17.009 16.99 17.015 17.016 16.993 17.014 17.057 17.063 17.133 17.18 -9999 17.523 -9999 17.26
-9999 -9999 -9999 -9999 -9999 -9999 -9999 -9999 -9999 -9999 -9999 -9999 -9999 -9999 -9999 -9999 -9999 -9999 -9999 -9999 -9999 -9999 -9999 -9999 -9999 -9999 -9999 -9999 -9999 -9999 -9999 -9999 -9999 -9999 -9999 -9999 -9999 16.654 16.615 16.641 16.69 16.495 15.867 15.075 15.025 15.244 14.864 14.797 15.0 14.716 14.437 14.947 15.755 16.794 16.677 16.701 17.027 17.166 17.042 16.972 16.987 17.07 17.073 17.093 17.098 17.095 17.103 16.937 16.977 17.089 16.983 17.008 17.179 17.232 -9999
-9999 -9999 -9999 -9999 -9999 -9999 -9999 -9999 -9999 -9999 -9999 -9999 -9999 -9999 -9999 -9999 -9999 -9999 -9999 -9999 -9999 -9999 -9999 -9999 -9999 -9999 -9999 -9999 -9999 -9999 -9999 -9999 -9999 -9999 -9999 -9999 -9999 16.712 16.676 16.708 16.611 16.244 15.906 15.481 15.267 15.456 15.472 15.556 15.722 15.128 14.679 15.064 15.768 16.23 16.272 16.392 16.728 16.957 16.887 16.888 16.997 17.1 17.201 17.204 17.18 17.144 17.164 17.18 16.955 17.051 17.058 16.843 16.943 17.087 17.167
-9999 -9999 -9999 -9999 -9999 -9999 -9999 -9999 -9999 -9999 -9999 -9999 -9999 -9999 -9999 -9999 -9999 -9999 -9999 -9999 -9999 -9999 -9999 -9999 -9999 -9999 -9999 -9999 -9999 -9999 -9999 -9999 -9999 -9999 -9999 -9999 16.721 16.709 16.616 16.518 16.408 16.462 16.362 15.893 16.1 16.207 16.248 16.334 16.144 15.434 14.486 14.299 15.029 15.623 15.587 16.059 16.643 16.834 16.99 16.912 17.039 17.2 17.311 17.322 17.273 17.199 17.205 17.236 17.185 17.074 17.098 16.835 16.766 16.944 17.113
-9999 -9999 -9999 -9999 -9999 -9999 -9999 -9999 -9999 -9999 -9999 -9999 -9999 -9999 -9999 -9999 -9999 -9999 -9999 -9999 -9999 -9999 -9999 -9999 -9999 -9999 -9999 -9999 -9999 -9999 -9999 -9999 -9999 -9999 -9999 -9999 16.725 16.757 16.697 16.674 16.537 16.403 16.656 16.617 16.656 16.664 16.691 16.698 16.472 15.912 15.192 14.091 13.795 14.782 15.081 15.565 16.353 16.583 17.051 17.204 17.075 17.228 17.399 17.426 17.361 17.255 17.22 17.247 17.182 17.139 17.129 17.069 16.6 16.737 16.985
-9999 -9999 -9999 -9999 -9999 -9999 -9999 -9999 -9999 -9999 -9999 -9999 -9999 -9999 -9999 -9999 -9999 -9999 -9999 -9999 -9999 -9999 -9999 -9999 -9999 -9999 -9999 -9999 -9999 -9999 -9999 -9999 -9999 -9999 -9999 -9999 -9999 16.96 16.955 16.998 16.819 16.935 16.908 16.918 16.975 17.012 17.172 17.131 16.888 16.46 15.589 14.624 13.673 13.553 14.49 15.246 15.997 16.629 16.729 17.06 17.047 17.125 17.368 17.441 17.391 17.292 17.243 17.206 17.154 17.129 17.148 17.066 16.768 16.582 16.802
