Validation/Results/raw data/ReClimate_10_2024_1_Temperature-Actualsweatherlogisticsltd.asc
NCOLS 192
NROWS 249
XLLCENTER -225160.85627316462
YLLCENTER 29788.11610251431
CELLSIZE 5000.0
NODATA_VALUE -9999
[rows 136 to 169 of 249, columns 77 to 153 of 192]
-9999 -9999 -9999 -9999 -9999 -9999 -9999 -9999 8.466 -9999 7.829 7.437 7.404 7.349 7.542 7.675 7.674 7.521 6.623 6.748 6.698 6.697 7.156 7.154 7.126 7.225 6.892 6.902 -9999 -9999 -9999 -9999 -9999 -9999 7.47 7.67 7.663 7.405 7.276 7.1 6.598 6.338 6.567 6.604 6.645 7.03 6.779 6.657 7.048 7.275 7.476 7.498 7.887 8.044 8.125 8.239 8.71 -9999 -9999 -9999 -9999 -9999 -9999 -9999 -9999 -9999 -9999 -9999 -9999 -9999 -9999 -9999 -9999 -9999 -9999 -9999 -9999
-9999 -9999 -9999 -9999 -9999 -9999 -9999 -9999 8.306 8.188 8.133 8.174 7.896 7.731 7.671 7.685 7.945 7.74 7.399 6.746 6.704 6.747 7.123 7.019 7.008 7.421 7.223 7.771 -9999 -9999 -9999 -9999 7.613 7.338 7.437 7.695 7.779 7.653 7.425 6.745 6.047 6.069 6.286 6.004 6.639 6.568 6.362 6.862 6.813 7.038 7.482 7.578 7.377 7.752 8.044 8.1 8.755 -9999 -9999 -9999 -9999 -9999 -9999 -9999 -9999 -9999 -9999 -9999 -9999 -9999 -9999 -9999 -9999 -9999 -9999 -9999 -9999
9.067 -9999 -9999 -9999 -9999 -9999 -9999 -9999 8.344 8.537 8.418 -9999 -9999 8.182 7.902 7.859 7.935 -9999 8.093 7.816 7.497 7.215 7.261 7.102 7.548 7.931 -9999 -9999 -9999 -9999 -9999 8.065 7.729 7.487 7.509 7.584 7.6 7.574 7.19 6.542 5.598 5.422 5.922 5.702 6.236 5.815 6.054 6.379 6.351 6.926 6.995 7.142 7.282 7.583 7.88 8.035 8.523 -9999 -9999 -9999 -9999 -9999 -9999 -9999 -9999 -9999 -9999 -9999 -9999 -9999 -9999 -9999 -9999 -9999 -9999 -9999 -9999
8.681 -9999 -9999 -9999 -9999 -9999 -9999 -9999 -9999 8.726 8.837 -9999 -9999 -9999 8.421 7.974 7.949 8.172 -9999 -9999 8.067 7.818 7.778 7.626 7.776 -9999 -9999 -9999 -9999 -9999 7.996 7.923 7.687 7.556 7.484 7.413 7.459 7.193 6.983 6.668 5.739 5.553 4.992 5.586 5.215 5.115 5.512 5.852 5.863 6.262 6.856 7.012 7.054 7.477 7.778 7.757 8.058 -9999 -9999 -9999 -9999 -9999 -9999 -9999 -9999 -9999 -9999 -9999 -9999 -9999 -9999 -9999 -9999 -9999 -9999 -9999 -9999
-9999 -9999 -9999 -9999 -9999 -9999 -9999 -9999 -9999 -9999 8.936 -9999 -9999 -9999 -9999 8.323 7.871 8.031 -9999 -9999 -9999 8.298 8.548 -9999 -9999 -9999 -9999 -9999 -9999 -9999 7.99 7.769 7.495 7.233 6.995 7.081 7.153 7.064 7.158 6.821 6.166 5.265 5.186 5.225 4.566 4.784 5.135 5.632 5.594 5.825 6.459 6.964 7.304 7.522 7.64 7.501 7.732 -9999 -9999 -9999 -9999 -9999 -9999 -9999 -9999 -9999 -9999 -9999 -9999 -9999 -9999 -9999 -9999 -9999 -9999 -9999 -9999
-9999 -9999 -9999 -9999 -9999 -9999 -9999 -9999 -9999 -9999 8.731 -9999 -9999 -9999 -9999 -9999 8.314 8.261 -9999 -9999 -9999 -9999 -9999 -9999 -9999 -9999 -9999 -9999 -9999 -9999 7.865 7.293 6.939 6.752 6.607 6.757 6.862 6.938 6.982 6.753 6.314 5.361 4.447 3.994 4.368 4.807 5.741 5.981 6.112 6.395 6.546 6.636 7.172 7.558 7.519 7.324 7.478 8.037 -9999 -9999 -9999 -9999 -9999 -9999 -9999 -9999 -9999 -9999 -9999 -9999 -9999 -9999 -9999 -9999 -9999 -9999 -9999
8.743 8.911 9.268 -9999 -9999 -9999 -9999 -9999 -9999 -9999 8.739 -9999 -9999 -9999 -9999 -9999 -9999 -9999 -9999 -9999 -9999 -9999 -9999 -9999 -9999 -9999 -9999 -9999 -9999 7.957 7.589 7.275 7.226 6.966 6.169 6.593 6.592 6.499 6.762 6.641 6.772 5.527 4.164 3.787 4.645 5.21 4.811 4.784 5.461 5.965 6.815 6.932 7.01 7.215 7.289 7.31 7.343 7.772 8.442 -9999 -9999 -9999 -9999 -9999 -9999 -9999 -9999 -9999 -9999 -9999 -9999 -9999 -9999 -9999 -9999 -9999 -9999
8.565 8.79 9.064 -9999 -9999 -9999 -9999 -9999 -9999 -9999 -9999 -9999 -9999 -9999 -9999 -9999 -9999 -9999 -9999 -9999 -9999 -9999 -9999 -9999 -9999 -9999 -9999 -9999 7.77 7.765 7.56 7.296 7.144 6.764 5.168 5.77 6.629 6.652 6.688 6.973 6.763 6.203 4.96 4.02 4.627 4.893 5.188 5.426 5.387 5.678 6.221 6.958 7.127 7.293 7.309 7.317 7.431 7.814 8.343 -9999 -9999 -9999 -9999 -9999 -9999 -9999 -9999 -9999 -9999 -9999 -9999 -9999 -9999 -9999 -9999 -9999 -9999
8.672 -9999 9.129 9.455 -9999 -9999 -9999 -9999 -9999 -9999 -9999 -9999 -9999 -9999 -9999 -9999 -9999 -9999 -9999 -9999 -9999 -9999 -9999 -9999 -9999 -9999 -9999 -9999 7.671 7.628 7.457 6.432 6.186 6.421 6.652 6.413 6.146 6.44 6.585 6.718 6.917 6.784 5.928 5.379 4.494 5.122 5.503 5.7 5.841 6.164 6.5 6.822 6.962 7.234 7.31 7.39 7.477 7.806 8.298 8.625 8.764 -9999 -9999 -9999 -9999 -9999 -9999 -9999 -9999 -9999 -9999 -9999 -9999 -9999 -9999 -9999 -9999
8.729 -9999 -9999 9.417 -9999 -9999 -9999 -9999 -9999 -9999 -9999 -9999 -9999 -9999 -9999 -9999 -9999 -9999 -9999 -9999 -9999 -9999 -9999 -9999 -9999 -9999 -9999 -9999 7.84 7.63 6.91 5.976 7.065 7.058 6.286 5.817 6.373 6.275 5.99 6.68 6.558 6.907 6.959 6.154 5.662 5.341 5.61 5.861 6.291 6.506 6.798 7.053 7.287 7.323 7.49 7.408 7.582 7.792 8.056 7.858 7.943 8.015 8.33 7.873 -9999 -9999 -9999 -9999 -9999 -9999 -9999 -9999 -9999 -9999 -9999 -9999 -9999
8.705 9.033 -9999 9.437 -9999 -9999 -9999 -9999 -9999 -9999 -9999 -9999 -9999 -9999 -9999 -9999 -9999 -9999 -9999 -9999 -9999 -9999 -9999 -9999 -9999 -9999 -9999 8.689 7.901 7.355 6.253 5.632 5.504 6.181 6.397 6.318 6.01 5.495 6.323 5.666 6.262 6.661 6.874 6.701 6.505 6.096 5.575 5.828 6.265 6.582 6.804 7.04 7.287 7.525 7.567 7.583 7.669 7.794 7.825 7.66 6.932 6.892 6.992 7.168 7.708 7.48 -9999 -9999 -9999 -9999 -9999 -9999 -9999 -9999 -9999 -9999 -9999
8.751 -9999 9.155 -9999 -9999 -9999 -9999 -9999 -9999 -9999 -9999 -9999 -9999 -9999 -9999 -9999 -9999 -9999 -9999 -9999 -9999 -9999 -9999 -9999 -9999 -9999 -9999 -9999 8.528 7.592 6.19 5.819 6.186 4.926 5.582 6.256 5.78 6.218 5.177 5.397 6.168 6.545 6.561 6.65 6.371 4.915 5.229 5.393 5.399 5.723 6.472 6.807 7.13 7.465 7.6 7.61 7.688 7.822 7.867 7.704 7.106 6.764 6.936 6.964 6.988 7.312 7.388 -9999 -9999 -9999 -9999 -9999 -9999 -9999 -9999 -9999 -9999
8.808 8.922 9.073 -9999 -9999 -9999 -9999 -9999 -9999 -9999 -9999 -9999 -9999 -9999 -9999 -9999 -9999 -9999 -9999 -9999 -9999 -9999 -9999 -9999 -9999 -9999 -9999 -9999 -9999 8.154 7.401 7.286 6.091 6.095 6.306 6.919 7.11 5.896 5.825 6.146 6.311 6.073 6.127 6.434 5.576 5.255 5.095 4.651 5.065 5.686 5.964 6.62 7.015 7.419 7.576 7.567 7.654 7.772 7.201 6.985 6.454 5.895 6.151 6.457 6.928 6.918 7.218 7.812 -9999 -9999 -9999 -9999 -9999 -9999 -9999 -9999 -9999
9.001 8.968 -9999 -9999 -9999 -9999 -9999 -9999 -9999 -9999 -9999 -9999 -9999 -9999 -9999 -9999 -9999 -9999 -9999 -9999 -9999 -9999 -9999 -9999 -9999 -9999 -9999 -9999 -9999 8.748 8.145 7.58 6.946 6.374 5.86 7.084 6.602 6.742 6.917 6.852 6.612 6.195 5.357 6.22 5.582 4.973 5.315 6.007 6.168 6.111 6.292 6.535 7.131 7.502 7.61 7.597 7.484 7.187 6.87 6.491 6.617 6.408 6.304 6.231 6.398 6.716 6.886 7.478 8.435 -9999 -9999 -9999 -9999 -9999 -9999 -9999 -9999
9.149 9.411 -9999 -9999 -9999 -9999 -9999 -9999 -9999 -9999 -9999 -9999 -9999 -9999 -9999 -9999 -9999 -9999 -9999 -9999 -9999 -9999 -9999 -9999 -9999 -9999 -9999 -9999 -9999 -9999 7.902 7.195 6.914 6.276 6.976 6.861 7.206 7.281 7.222 7.031 6.81 6.353 6.468 5.331 5.686 5.83 5.669 5.995 6.077 5.959 6.614 6.793 7.238 7.483 7.648 7.628 7.349 7.018 6.845 6.682 6.568 6.576 6.566 6.476 6.492 6.643 6.999 7.309 8.1 -9999 -9999 -9999 -9999 -9999 -9999 -9999 -9999
-9999 -9999 -9999 -9999 -9999 -9999 -9999 -9999 -9999 -9999 -9999 -9999 -9999 -9999 -9999 -9999 -9999 -9999 -9999 -9999 -9999 -9999 -9999 -9999 -9999 -9999 -9999 -9999 -9999 -9999 8.656 6.974 7.137 7.601 7.203 7.446 7.388 7.539 7.361 6.894 6.949 6.989 5.355 5.984 5.812 5.743 5.529 6.18 6.275 6.446 6.581 6.962 7.164 7.497 7.652 7.614 7.374 6.804 6.562 6.772 6.965 6.932 6.89 6.739 6.719 6.715 6.864 7.379 7.661 8.524 -9999 -9999 -9999 -9999 -9999 -9999 -9999
-9999 -9999 -9999 -9999 -9999 -9999 -9999 -9999 -9999 -9999 -9999 -9999 -9999 -9999 -9999 -9999 -9999 -9999 -9999 -9999 -9999 -9999 -9999 -9999 -9999 -9999 -9999 -9999 -9999 -9999 -9999 8.157 8.196 7.736 7.443 7.555 7.459 7.696 7.453 7.16 7.294 6.602 5.766 5.409 5.499 5.182 5.514 5.485 5.758 6.211 6.245 6.593 7.061 7.408 7.545 7.318 7.106 7.042 6.516 6.659 7.271 7.558 7.373 7.267 7.212 7.306 7.411 7.641 7.935 8.166 -9999 -9999 -9999 -9999 -9999 -9999 -9999
-9999 -9999 -9999 -9999 -9999 -9999 -9999 -9999 -9999 -9999 -9999 -9999 -9999 -9999 -9999 -9999 -9999 -9999 -9999 -9999 -9999 -9999 -9999 -9999 -9999 -9999 -9999 -9999 -9999 -9999 -9999 8.718 -9999 7.789 7.928 7.674 7.722 -9999 7.754 7.447 7.351 6.691 5.71 5.737 5.741 5.271 5.494 5.442 4.898 5.627 5.967 6.225 6.586 7.147 7.363 7.195 6.988 7.073 7.306 7.279 7.623 7.805 7.634 7.451 7.446 7.528 7.687 7.779 7.512 7.516 7.941 -9999 -9999 -9999 -9999 -9999 -9999
-9999 -9999 -9999 -9999 -9999 -9999 -9999 -9999 -9999 -9999 -9999 -9999 -9999 -9999 -9999 -9999 -9999 -9999 -9999 -9999 -9999 -9999 -9999 -9999 -9999 -9999 -9999 -9999 -9999 -9999 -9999 -9999 8.63 8.134 -9999 -9999 -9999 -9999 8.049 7.743 7.659 7.118 6.714 5.932 5.796 5.59 5.446 6.108 5.745 5.214 5.91 6.119 6.603 6.988 7.338 7.437 7.376 7.348 7.483 7.611 7.559 7.655 7.504 7.418 7.539 7.561 7.436 7.461 7.567 7.426 7.545 7.904 8.434 -9999 -9999 -9999 -9999
-9999 -9999 -9999 -9999 -9999 -9999 -9999 -9999 -9999 -9999 -9999 -9999 -9999 -9999 -9999 -9999 -9999 -9999 -9999 -9999 -9999 -9999 -9999 -9999 -9999 -9999 -9999 -9999 -9999 -9999 -9999 -9999 8.856 8.621 -9999 -9999 -9999 -9999 8.215 7.685 7.789 7.401 6.731 6.861 6.693 5.953 5.878 6.047 6.193 5.304 5.841 6.15 6.454 6.922 7.388 7.563 7.617 7.622 7.605 7.649 7.64 7.557 7.522 7.505 7.563 7.492 7.317 7.154 7.189 7.323 7.605 7.984 8.458 -9999 -9999 -9999 -9999
-9999 -9999 -9999 -9999 -9999 -9999 -9999 -9999 -9999 -9999 -9999 -9999 -9999 -9999 -9999 -9999 -9999 -9999 -9999 -9999 -9999 -9999 -9999 -9999 -9999 -9999 -9999 -9999 -9999 -9999 -9999 -9999 8.912 -9999 -9999 -9999 -9999 8.459 8.094 7.676 6.983 6.656 6.665 6.682 6.747 6.257 5.852 6.352 6.34 6.255 5.861 6.352 6.643 7.068 7.42 7.651 7.608 7.639 7.682 7.711 7.742 7.727 7.726 7.55 7.219 7.242 7.253 7.309 7.353 7.464 7.707 8.139 -9999 -9999 -9999 -9999 -9999
-9999 -9999 -9999 -9999 -9999 -9999 -9999 -9999 -9999 -9999 -9999 -9999 -9999 -9999 -9999 -9999 -9999 -9999 -9999 -9999 -9999 -9999 -9999 -9999 -9999 -9999 -9999 -9999 -9999 -9999 -9999 -9999 -9999 -9999 -9999 -9999 -9999 8.554 7.952 6.936 6.129 5.835 6.291 6.843 6.788 6.885 6.77 6.884 6.732 6.559 6.354 6.414 6.843 7.19 7.467 7.692 7.677 7.653 7.743 7.806 7.845 7.833 7.793 7.723 7.121 6.797 7.304 7.519 7.694 7.728 7.902 8.17 -9999 -9999 -9999 -9999 -9999
-9999 -9999 -9999 -9999 -9999 -9999 -9999 -9999 -9999 -9999 -9999 -9999 -9999 -9999 -9999 -9999 -9999 -9999 -9999 -9999 -9999 -9999 -9999 -9999 -9999 -9999 -9999 -9999 -9999 -9999 -9999 -9999 -9999 -9999 -9999 -9999 -9999 8.418 7.876 7.098 6.296 6.28 6.736 6.878 7.164 7.106 7.071 7.104 7.045 7.214 6.794 6.778 6.87 7.146 7.41 7.658 7.803 7.741 7.793 7.851 7.923 7.932 7.854 7.812 7.517 7.025 7.259 7.671 7.858 7.941 8.009 8.159 -9999 -9999 -9999 -9999 -9999
-9999 -9999 -9999 -9999 -9999 -9999 -9999 -9999 -9999 -9999 -9999 -9999 -9999 -9999 -9999 -9999 -9999 -9999 -9999 -9999 -9999 -9999 -9999 -9999 -9999 -9999 -9999 -9999 -9999 -9999 -9999 -9999 -9999 -9999 -9999 -9999 8.545 8.281 7.827 6.937 6.377 6.141 6.724 6.775 7.457 7.186 7.196 6.948 6.938 6.844 7.459 7.419 7.557 7.511 7.708 7.646 7.773 7.836 7.79 7.836 7.935 7.966 7.936 7.883 7.819 7.453 7.43 7.756 8.009 8.095 8.094 8.169 8.39 -9999 -9999 -9999 -9999
-9999 -9999 -9999 -9999 -9999 -9999 -9999 -9999 -9999 -9999 -9999 -9999 -9999 -9999 -9999 -9999 -9999 -9999 -9999 -9999 -9999 -9999 -9999 -9999 -9999 -9999 -9999 -9999 -9999 -9999 -9999 -9999 -9999 -9999 -9999 -9999 8.331 8.228 7.918 7.436 6.767 7.36 7.256 7.716 7.201 6.807 6.885 6.617 6.735 7.182 7.016 7.44 7.474 7.471 7.534 7.706 7.731 7.85 7.877 7.864 7.918 7.971 7.967 7.966 7.921 7.83 7.592 7.757 8.052 8.181 8.161 8.162 8.373 -9999 -9999 -9999 -9999
-9999 -9999 -9999 -9999 -9999 -9999 -9999 -9999 -9999 -9999 -9999 -9999 -9999 -9999 -9999 -9999 -9999 -9999 -9999 -9999 -9999 -9999 -9999 -9999 -9999 -9999 -9999 -9999 -9999 -9999 -9999 -9999 -9999 -9999 -9999 8.512 8.28 8.238 8.235 7.778 7.723 7.653 7.857 7.74 7.136 7.053 6.842 6.563 6.71 7.011 7.729 7.481 7.864 7.84 7.756 7.635 7.748 7.811 7.868 7.901 7.923 7.965 7.985 7.985 7.968 7.921 7.793 7.672 7.959 8.25 8.299 8.192 8.253 8.483 -9999 -9999 -9999
-9999 -9999 -9999 -9999 -9999 -9999 -9999 -9999 -9999 -9999 -9999 -9999 -9999 -9999 -9999 -9999 -9999 -9999 -9999 -9999 -9999 -9999 -9999 -9999 -9999 -9999 -9999 -9999 -9999 -9999 -9999 -9999 -9999 -9999 -9999 8.406 8.261 8.274 8.251 8.11 7.968 7.924 7.75 7.487 7.543 7.299 6.743 5.932 6.207 6.566 7.217 7.748 7.714 8.067 8.2 8.005 7.763 7.843 7.916 7.936 7.968 7.999 8.037 8.046 8.065 8.07 7.938 7.791 8.029 8.422 8.535 8.432 8.263 8.311 -9999 -9999 -9999
-9999 -9999 -9999 -9999 -9999 -9999 -9999 -9999 -9999 -9999 -9999 -9999 -9999 -9999 -9999 -9999 -9999 -9999 -9999 -9999 -9999 -9999 -9999 -9999 -9999 -9999 -9999 -9999 -9999 -9999 -9999 -9999 -9999 -9999 -9999 8.478 8.316 8.322 8.383 8.304 8.165 7.869 7.625 7.48 7.14 6.645 6.022 5.995 6.259 6.54 7.057 7.589 7.607 7.659 8.071 8.284 8.201 8.087 8.084 8.039 8.013 8.055 8.091 8.109 8.142 8.161 8.205 8.124 8.235 8.582 8.724 8.612 8.39 8.22 8.306 -9999 -9999
-9999 -9999 -9999 -9999 -9999 -9999 -9999 -9999 -9999 -9999 -9999 -9999 -9999 -9999 -9999 -9999 -9999 -9999 -9999 -9999 -9999 -9999 -9999 -9999 -9999 -9999 -9999 -9999 -9999 -9999 -9999 -9999 -9999 -9999 -9999 -9999 8.328 8.326 8.373 8.28 7.869 7.463 7.226 7.056 7.002 6.804 6.377 6.533 6.544 6.954 7.671 7.867 7.905 7.688 7.971 8.228 8.22 8.211 8.23 8.144 8.096 8.123 8.155 8.155 8.155 8.172 8.179 8.288 8.356 -9999 8.683 -9999 8.446 8.32 8.295 8.587 -9999
-9999 -9999 -9999 -9999 -9999 -9999 -9999 -9999 -9999 -9999 -9999 -9999 -9999 -9999 -9999 -9999 -9999 -9999 -9999 -9999 -9999 -9999 -9999 -9999 -9999 -9999 -9999 -9999 -9999 -9999 -9999 -9999 -9999 -9999 -9999 8.567 8.359 8.322 8.342 8.153 7.621 6.966 6.888 7.022 6.651 6.576 6.74 6.482 6.225 6.638 7.264 8.109 8.009 7.988 8.162 8.258 8.225 8.253 8.244 8.236 8.181 8.172 8.173 8.16 8.136 7.982 8.019 8.153 8.113 8.173 8.398 8.468 -9999 8.437 8.499 8.433 8.711
-9999 -9999 -9999 -9999 -9999 -9999 -9999 -9999 -9999 -9999 -9999 -9999 -9999 -9999 -9999 -9999 -9999 -9999 -9999 -9999 -9999 -9999 -9999 -9999 -9999 -9999 -9999 -9999 -9999 -9999 -9999 -9999 -9999 -9999 -9999 8.598 8.397 8.35 8.219 7.9 7.628 7.281 7.092 7.247 7.188 7.215 7.332 6.819 6.428 6.748 7.308 7.664 7.703 7.781 7.98 8.123 8.092 8.107 8.203 8.236 8.265 8.224 8.188 8.14 8.118 8.083 7.892 8.007 8.04 7.852 8.006 8.248 8.375 -9999 -9999 -9999 -9999
-9999 -9999 -9999 -9999 -9999 -9999 -9999 -9999 -9999 -9999 -9999 -9999 -9999 -9999 -9999 -9999 -9999 -9999 -9999 -9999 -9999 -9999 -9999 -9999 -9999 -9999 -9999 -9999 -9999 -9999 -9999 -9999 -9999 -9999 8.774 8.706 8.501 8.231 8.027 8.043 7.958 7.563 7.747 7.805 7.811 7.861 7.688 7.051 6.223 6.043 6.624 7.134 7.122 7.501 7.929 8.023 8.147 8.066 8.151 8.243 8.303 8.28 8.227 8.157 8.126 8.106 8.034 7.933 7.969 7.765 7.722 7.948 8.199 8.334 8.467 -9999 -9999
-9999 -9999 -9999 -9999 -9999 -9999 -9999 -9999 -9999 -9999 -9999 -9999 -9999 -9999 -9999 -9999 -9999 -9999 -9999 -9999 -9999 -9999 -9999 -9999 -9999 -9999 -9999 -9999 -9999 -9999 -9999 -9999 -9999 -9999 8.876 8.675 8.556 8.348 8.101 7.931 8.138 8.115 8.151 8.161 8.19 8.2 7.969 7.43 6.785 5.831 5.553 6.386 6.672 7.071 7.678 7.804 8.159 8.265 8.127 8.207 8.309 8.317 8.261 8.178 8.139 8.13 8.038 7.981 7.983 7.957 7.588 7.719 7.963 8.168 8.362 8.578 -9999
-9999 -9999 -9999 -9999 -9999 -9999 -9999 -9999 -9999 -9999 -9999 -9999 -9999 -9999 -9999 -9999 -9999 -9999 -9999 -9999 -9999 -9999 -9999 -9999 -9999 -9999 -9999 -9999 -9999 -9999 -9999 -9999 -9999 -9999 -9999 8.76 8.617 8.456 8.187 8.277 8.268 8.296 8.366 8.432 8.596 8.572 8.307 7.867 7.097 6.257 5.454 5.369 6.174 6.796 7.376 7.829 7.851 8.098 8.077 8.108 8.268 8.317 8.258 8.161 8.125 8.092 8.019 7.977 8.006 7.961 7.732 7.632 7.836 7.979 8.233 8.485 8.471
