Validation/Results/raw data/ReClimate_10_2024_1_Temperature-Actualsweatherlogisticsltd.asc
NCOLS 192
NROWS 249
XLLCENTER -225160.85627316462
YLLCENTER 29788.11610251431
CELLSIZE 5000.0
NODATA_VALUE -9999
[rows 102 to 135 of 249, columns 77 to 153 of 192]
5.487 5.403 7.233 8.051 -9999 -9999 7.166 -9999 -9999 6.921 4.854 4.611 5.946 5.152 3.337 4.769 3.88 3.868 4.107 4.601 5.966 5.153 4.429 3.713 4.201 5.042 4.47 4.694 5.698 6.399 6.764 6.684 6.298 5.756 6.632 6.885 6.942 7.122 7.194 7.41 -9999 -9999 -9999 -9999 -9999 -9999 -9999 -9999 -9999 -9999 -9999 -9999 -9999 -9999 -9999 -9999 -9999 -9999 -9999 -9999 -9999 -9999 -9999 -9999 -9999 -9999 -9999 -9999 -9999 -9999 -9999 -9999 -9999 -9999 -9999 -9999 -9999
5.82 6.964 -9999 -9999 -9999 7.741 6.626 6.841 6.356 6.21 5.442 6.944 6.484 5.019 4.922 5.237 5.279 5.252 5.212 5.248 4.431 5.179 4.527 4.739 4.554 4.276 4.827 5.46 6.157 6.636 6.756 6.574 6.088 6.717 7.231 -9999 -9999 7.461 -9999 -9999 -9999 -9999 -9999 -9999 -9999 -9999 -9999 -9999 -9999 -9999 -9999 -9999 -9999 -9999 -9999 -9999 -9999 -9999 -9999 -9999 -9999 -9999 -9999 -9999 -9999 -9999 -9999 -9999 -9999 -9999 -9999 -9999 -9999 -9999 -9999 -9999 -9999
-9999 7.315 -9999 -9999 -9999 7.444 6.44 6.111 6.019 6.359 6.881 6.239 5.168 4.916 5.34 5.646 5.26 4.881 5.413 5.012 6.057 5.317 5.083 5.734 6.124 6.341 6.196 6.508 6.716 6.709 6.828 6.861 6.847 7.253 -9999 7.181 7.29 7.304 7.399 -9999 -9999 -9999 -9999 -9999 -9999 -9999 -9999 -9999 -9999 -9999 -9999 -9999 -9999 -9999 -9999 -9999 -9999 -9999 -9999 -9999 -9999 -9999 -9999 -9999 -9999 -9999 -9999 -9999 -9999 -9999 -9999 -9999 -9999 -9999 -9999 -9999 -9999
-9999 -9999 -9999 7.924 7.472 6.595 6.325 5.837 6.156 5.906 5.24 4.871 4.795 5.686 5.606 6.103 4.905 5.849 4.656 5.895 4.887 4.185 5.772 6.347 6.2 6.48 6.852 6.802 6.96 7.022 7.13 7.183 -9999 7.192 7.131 7.215 7.155 7.334 7.364 -9999 -9999 -9999 -9999 -9999 -9999 -9999 -9999 -9999 -9999 -9999 -9999 -9999 -9999 -9999 -9999 -9999 -9999 -9999 -9999 -9999 -9999 -9999 -9999 -9999 -9999 -9999 -9999 -9999 -9999 -9999 -9999 -9999 -9999 -9999 -9999 -9999 -9999
-9999 -9999 -9999 7.786 7.857 7.192 6.12 6.119 6.382 5.43 6.204 6.102 5.71 5.085 6.407 6.478 5.598 4.848 5.429 5.371 4.358 5.244 5.178 4.937 5.839 6.319 6.405 6.608 6.607 6.414 6.409 6.324 6.547 7.021 7.218 6.98 6.791 7.031 7.137 7.549 -9999 -9999 -9999 -9999 -9999 -9999 -9999 -9999 -9999 -9999 -9999 -9999 -9999 -9999 -9999 -9999 -9999 -9999 -9999 -9999 -9999 -9999 -9999 -9999 -9999 -9999 -9999 -9999 -9999 -9999 -9999 -9999 -9999 -9999 -9999 -9999 -9999
-9999 -9999 7.961 -9999 -9999 7.056 6.244 6.722 5.891 6.28 -9999 -9999 5.385 5.351 6.189 6.613 5.654 5.685 5.841 5.501 5.72 6.262 5.712 5.969 6.287 6.53 6.144 5.631 5.193 5.431 5.639 6.099 6.495 6.658 7.038 6.626 6.76 6.77 7.124 7.552 7.842 -9999 -9999 -9999 -9999 -9999 -9999 -9999 -9999 -9999 -9999 -9999 -9999 -9999 -9999 -9999 -9999 -9999 -9999 -9999 -9999 -9999 -9999 -9999 -9999 -9999 -9999 -9999 -9999 -9999 -9999 -9999 -9999 -9999 -9999 -9999 -9999
-9999 -9999 8.019 -9999 7.701 7.051 6.988 6.007 6.089 7.16 7.197 5.773 5.255 6.111 7.759 6.127 4.982 6.56 6.446 6.027 6.46 6.626 6.681 6.831 6.704 5.751 4.862 4.858 5.341 5.712 6.193 6.403 6.392 6.665 6.828 7.006 7.406 7.746 7.95 8.151 -9999 -9999 -9999 -9999 -9999 -9999 -9999 -9999 -9999 -9999 -9999 -9999 -9999 -9999 -9999 -9999 -9999 -9999 -9999 -9999 -9999 -9999 -9999 -9999 -9999 -9999 -9999 -9999 -9999 -9999 -9999 -9999 -9999 -9999 -9999 -9999 -9999
-9999 -9999 8.077 -9999 7.676 7.628 6.931 6.738 7.233 -9999 5.872 6.151 -9999 6.306 6.39 6.12 6.867 5.787 6.652 6.908 7.201 7.245 7.34 7.332 6.911 6.09 6.481 6.677 6.622 6.4 6.257 6.49 6.566 6.959 7.252 7.634 -9999 -9999 -9999 -9999 -9999 -9999 -9999 -9999 -9999 -9999 -9999 -9999 -9999 -9999 -9999 -9999 -9999 -9999 -9999 -9999 -9999 -9999 -9999 -9999 -9999 -9999 -9999 -9999 -9999 -9999 -9999 -9999 -9999 -9999 -9999 -9999 -9999 -9999 -9999 -9999 -9999
8.123 8.047 -9999 -9999 8.021 7.566 7.142 7.463 7.355 5.758 6.043 5.29 -9999 6.986 6.277 6.779 6.863 6.728 6.724 7.05 6.929 6.75 6.589 6.702 7.111 7.53 7.448 7.262 6.892 6.502 6.427 6.62 6.817 7.074 7.574 -9999 -9999 -9999 -9999 -9999 -9999 -9999 -9999 -9999 -9999 -9999 -9999 -9999 -9999 -9999 -9999 -9999 -9999 -9999 -9999 -9999 -9999 -9999 -9999 -9999 -9999 -9999 -9999 -9999 -9999 -9999 -9999 -9999 -9999 -9999 -9999 -9999 -9999 -9999 -9999 -9999 -9999
8.244 8.2 -9999 8.245 7.023 6.982 7.66 -9999 6.257 6.385 5.407 5.552 -9999 6.754 6.002 6.908 7.658 7.444 7.444 7.112 6.762 6.375 5.809 6.18 7.027 7.412 -9999 7.536 7.24 7.045 7.002 6.99 6.91 7.339 -9999 -9999 -9999 -9999 -9999 -9999 -9999 -9999 -9999 -9999 -9999 -9999 -9999 -9999 -9999 -9999 -9999 -9999 -9999 -9999 -9999 -9999 -9999 -9999 -9999 -9999 -9999 -9999 -9999 -9999 -9999 -9999 -9999 -9999 -9999 -9999 -9999 -9999 -9999 -9999 -9999 -9999 -9999
8.499 -9999 -9999 7.786 6.632 7.442 -9999 7.123 6.684 6.319 5.826 6.478 -9999 7.503 7.239 7.498 7.675 7.473 7.199 6.84 5.432 5.268 5.427 5.943 6.843 7.511 7.71 7.793 -9999 -9999 7.514 7.446 -9999 -9999 -9999 -9999 -9999 -9999 8.062 8.156 8.296 -9999 -9999 -9999 -9999 -9999 -9999 -9999 -9999 -9999 -9999 -9999 -9999 -9999 -9999 -9999 -9999 -9999 -9999 -9999 -9999 -9999 -9999 -9999 -9999 -9999 -9999 -9999 -9999 -9999 -9999 -9999 -9999 -9999 -9999 -9999 -9999
-9999 -9999 7.718 7.245 7.798 7.364 -9999 7.303 6.585 6.94 7.027 6.336 -9999 -9999 -9999 7.813 7.34 6.706 6.576 6.38 6.347 6.552 6.463 6.64 6.782 7.003 7.27 7.616 7.687 7.461 7.338 7.604 -9999 -9999 -9999 -9999 -9999 7.801 7.932 7.804 8.053 8.198 -9999 -9999 -9999 -9999 -9999 -9999 -9999 -9999 -9999 -9999 -9999 -9999 -9999 -9999 -9999 -9999 -9999 -9999 -9999 -9999 -9999 -9999 -9999 -9999 -9999 -9999 -9999 -9999 -9999 -9999 -9999 -9999 -9999 -9999 -9999
-9999 -9999 -9999 8.295 7.142 7.596 -9999 7.341 -9999 7.471 6.674 7.572 -9999 7.994 7.342 7.109 -9999 7.03 7.24 7.16 7.243 7.057 6.961 6.698 6.557 6.588 6.837 7.037 6.744 6.75 7.189 7.431 7.583 7.673 7.884 -9999 7.832 7.671 7.519 7.574 7.35 7.175 7.257 8.181 -9999 -9999 -9999 -9999 -9999 -9999 -9999 -9999 -9999 -9999 -9999 -9999 -9999 -9999 -9999 -9999 -9999 -9999 -9999 -9999 -9999 -9999 -9999 -9999 -9999 -9999 -9999 -9999 -9999 -9999 -9999 -9999 -9999
-9999 -9999 -9999 7.539 6.759 7.766 -9999 8.253 -9999 7.772 8.038 -9999 7.903 6.99 6.471 6.994 7.35 7.466 7.4 7.585 7.582 7.128 7.019 6.708 6.391 6.397 6.48 6.539 6.581 6.708 6.882 6.871 6.929 7.079 7.538 7.636 7.324 7.255 7.157 7.057 6.587 6.342 6.275 6.76 7.637 7.921 7.722 -9999 -9999 -9999 -9999 -9999 -9999 -9999 -9999 -9999 -9999 -9999 -9999 -9999 -9999 -9999 -9999 -9999 -9999 -9999 -9999 -9999 -9999 -9999 -9999 -9999 -9999 -9999 -9999 -9999 -9999
-9999 -9999 -9999 7.549 7.781 7.61 7.675 -9999 -9999 8.608 8.461 -9999 7.946 6.449 6.046 6.761 7.095 7.463 7.611 7.639 7.499 7.622 7.293 6.897 6.598 6.191 6.171 6.275 6.414 6.361 6.107 5.915 5.897 6.657 7.272 7.174 6.926 6.759 6.438 5.624 5.533 5.897 5.981 6.408 6.521 7.192 7.698 7.609 -9999 -9999 -9999 -9999 -9999 -9999 -9999 -9999 -9999 -9999 -9999 -9999 -9999 -9999 -9999 -9999 -9999 -9999 -9999 -9999 -9999 -9999 -9999 -9999 -9999 -9999 -9999 -9999 -9999
-9999 -9999 -9999 8.066 7.834 7.347 8.441 -9999 -9999 8.825 8.884 -9999 -9999 6.52 6.42 6.979 6.936 6.882 7.099 7.194 7.353 7.106 7.306 7.236 6.778 6.423 6.051 5.933 5.759 5.751 5.397 5.389 5.964 6.392 6.554 6.503 6.291 5.975 5.467 5.38 5.416 5.793 6.096 6.412 6.886 7.036 7.046 7.425 -9999 -9999 -9999 -9999 -9999 -9999 -9999 -9999 -9999 -9999 -9999 -9999 -9999 -9999 -9999 -9999 -9999 -9999 -9999 -9999 -9999 -9999 -9999 -9999 -9999 -9999 -9999 -9999 -9999
-9999 -9999 -9999 8.322 7.613 7.845 -9999 -9999 -9999 -9999 9.085 -9999 8.15 6.9 7.187 7.244 6.748 6.549 6.468 6.775 6.82 6.884 6.899 6.978 6.943 6.284 5.848 5.768 5.781 5.513 5.372 5.752 5.978 5.954 5.906 5.468 5.546 5.678 5.747 5.709 5.758 6.0 6.231 6.596 6.995 7.01 7.072 7.383 7.515 -9999 -9999 -9999 -9999 -9999 -9999 -9999 -9999 -9999 -9999 -9999 -9999 -9999 -9999 -9999 -9999 -9999 -9999 -9999 -9999 -9999 -9999 -9999 -9999 -9999 -9999 -9999 -9999
-9999 7.981 7.879 7.63 7.845 -9999 -9999 7.517 -9999 -9999 -9999 -9999 8.377 7.722 7.65 7.337 7.006 6.599 6.339 6.258 6.145 6.147 6.406 6.602 6.651 6.524 5.914 5.883 5.773 5.811 6.095 6.056 5.667 5.697 4.915 4.629 5.119 5.481 5.673 6.009 6.169 6.327 6.351 6.696 7.088 7.2 7.192 7.251 7.34 -9999 -9999 -9999 -9999 -9999 -9999 -9999 -9999 -9999 -9999 -9999 -9999 -9999 -9999 -9999 -9999 -9999 -9999 -9999 -9999 -9999 -9999 -9999 -9999 -9999 -9999 -9999 -9999
-9999 -9999 7.496 7.514 8.077 -9999 7.467 6.78 7.49 -9999 -9999 -9999 -9999 8.486 8.092 7.805 7.427 7.044 6.665 6.185 6.014 6.135 6.339 6.404 6.51 6.129 6.174 6.043 5.923 5.865 5.947 5.591 6.095 5.618 5.455 5.316 4.964 5.221 5.888 6.177 6.498 6.589 6.639 6.904 7.226 7.246 7.174 6.975 6.988 7.33 -9999 -9999 -9999 -9999 -9999 -9999 -9999 -9999 -9999 -9999 -9999 -9999 -9999 -9999 -9999 -9999 -9999 -9999 -9999 -9999 -9999 -9999 -9999 -9999 -9999 -9999 -9999
-9999 -9999 7.902 7.632 7.873 -9999 7.837 6.831 7.69 -9999 -9999 -9999 -9999 -9999 8.418 8.117 7.813 7.608 7.206 6.818 6.503 6.093 5.738 5.863 6.092 6.298 6.394 6.136 5.953 6.029 5.854 5.899 6.128 5.886 5.775 5.792 6.163 6.277 6.5 6.522 6.726 6.63 6.811 7.158 7.256 7.282 7.161 6.983 6.688 6.981 7.463 -9999 -9999 -9999 -9999 -9999 -9999 -9999 -9999 -9999 -9999 -9999 -9999 -9999 -9999 -9999 -9999 -9999 -9999 -9999 -9999 -9999 -9999 -9999 -9999 -9999 -9999
-9999 -9999 7.838 7.484 -9999 -9999 8.295 7.364 7.197 8.155 -9999 -9999 -9999 -9999 -9999 8.263 7.748 7.358 7.164 6.542 5.967 5.659 5.365 5.445 5.742 6.123 5.943 6.061 5.98 5.741 5.662 5.927 4.785 5.462 5.307 5.925 5.583 6.106 6.639 6.504 6.672 6.911 7.046 6.935 6.772 6.785 6.954 6.847 7.109 6.753 7.192 7.612 8.165 -9999 -9999 -9999 -9999 -9999 -9999 -9999 -9999 -9999 -9999 -9999 -9999 -9999 -9999 -9999 -9999 -9999 -9999 -9999 -9999 -9999 -9999 -9999 -9999
-9999 -9999 7.69 8.414 -9999 -9999 7.924 6.906 7.075 -9999 -9999 -9999 -9999 -9999 -9999 8.308 7.721 7.311 7.005 6.483 6.212 6.092 5.802 5.692 5.592 5.63 5.674 5.733 5.096 4.66 5.436 4.615 4.206 4.541 5.499 5.402 5.894 6.548 6.28 6.414 6.684 6.698 6.758 6.82 6.705 6.721 6.355 6.322 6.994 6.948 6.788 7.322 7.866 -9999 -9999 -9999 -9999 -9999 -9999 -9999 -9999 -9999 -9999 -9999 -9999 -9999 -9999 -9999 -9999 -9999 -9999 -9999 -9999 -9999 -9999 -9999 -9999
-9999 -9999 8.205 9.067 -9999 -9999 -9999 8.073 7.819 8.045 -9999 -9999 -9999 -9999 -9999 8.29 7.717 7.333 7.073 6.737 6.552 5.983 5.323 5.068 5.403 5.315 5.713 5.609 5.159 5.074 5.456 4.228 4.675 5.237 5.025 5.405 6.198 6.001 6.302 6.313 6.471 6.759 6.647 6.493 6.515 6.212 5.249 5.648 6.283 6.931 6.81 6.951 7.535 -9999 -9999 -9999 -9999 -9999 -9999 -9999 -9999 -9999 -9999 -9999 -9999 -9999 -9999 -9999 -9999 -9999 -9999 -9999 -9999 -9999 -9999 -9999 -9999
-9999 7.874 8.212 9.026 -9999 -9999 -9999 -9999 -9999 -9999 -9999 -9999 -9999 -9999 -9999 7.913 7.366 7.128 6.905 6.665 6.44 5.76 5.372 5.274 5.435 5.5 5.259 5.351 4.779 4.95 4.425 4.128 4.66 5.241 5.042 5.418 5.593 6.026 6.068 6.384 6.376 6.313 6.49 6.247 6.135 5.267 5.146 5.131 6.211 6.965 7.039 6.977 7.326 8.334 -9999 -9999 -9999 -9999 -9999 -9999 -9999 -9999 -9999 -9999 -9999 -9999 -9999 -9999 -9999 -9999 -9999 -9999 -9999 -9999 -9999 -9999 -9999
7.947 7.952 8.003 9.152 -9999 -9999 -9999 -9999 -9999 -9999 -9999 -9999 -9999 8.182 8.017 7.62 7.045 6.56 6.261 6.356 6.306 6.127 5.906 6.158 5.696 4.942 5.034 5.092 5.123 5.426 5.025 4.3 5.416 5.277 5.294 5.432 5.778 6.079 6.386 5.951 6.029 6.251 6.197 5.981 5.391 5.24 5.235 5.408 6.112 7.011 7.15 6.996 7.3 8.002 -9999 -9999 -9999 -9999 -9999 -9999 -9999 -9999 -9999 -9999 -9999 -9999 -9999 -9999 -9999 -9999 -9999 -9999 -9999 -9999 -9999 -9999 -9999
7.968 8.418 9.151 -9999 -9999 -9999 -9999 -9999 -9999 -9999 -9999 -9999 -9999 8.055 7.949 7.457 6.773 6.392 6.379 5.796 5.433 5.455 5.399 5.643 5.681 5.736 5.571 5.199 5.474 5.808 5.556 5.4 4.826 5.223 5.086 5.607 5.903 6.395 6.049 5.904 5.994 5.97 5.653 5.159 4.928 5.291 5.635 6.001 6.52 6.556 6.566 6.836 7.228 7.829 -9999 -9999 -9999 -9999 -9999 -9999 -9999 -9999 -9999 -9999 -9999 -9999 -9999 -9999 -9999 -9999 -9999 -9999 -9999 -9999 -9999 -9999 -9999
-9999 -9999 -9999 -9999 -9999 -9999 -9999 -9999 -9999 -9999 -9999 -9999 -9999 7.901 7.627 6.85 6.777 6.59 6.278 5.414 5.267 4.724 5.037 5.347 5.697 5.832 5.525 4.508 4.952 5.983 6.208 5.283 5.101 5.285 5.369 5.334 5.929 5.555 5.401 5.626 5.311 5.085 4.809 5.451 5.527 5.572 5.728 5.994 6.724 6.888 6.752 6.891 7.431 7.907 -9999 -9999 -9999 -9999 -9999 -9999 -9999 -9999 -9999 -9999 -9999 -9999 -9999 -9999 -9999 -9999 -9999 -9999 -9999 -9999 -9999 -9999 -9999
-9999 -9999 -9999 -9999 -9999 -9999 -9999 -9999 -9999 -9999 -9999 -9999 7.865 7.333 6.549 6.656 6.388 6.542 6.337 6.046 5.106 5.077 4.977 5.29 5.578 6.354 5.937 5.413 5.576 6.093 6.425 6.017 5.709 5.556 5.41 5.45 5.082 5.652 5.842 5.604 5.334 4.47 5.198 5.104 5.442 5.863 5.838 6.023 6.062 6.727 7.057 7.251 7.579 7.983 -9999 -9999 -9999 -9999 -9999 -9999 -9999 -9999 -9999 -9999 -9999 -9999 -9999 -9999 -9999 -9999 -9999 -9999 -9999 -9999 -9999 -9999 -9999
-9999 -9999 -9999 -9999 -9999 -9999 -9999 -9999 -9999 -9999 -9999 -9999 7.502 6.878 6.455 5.784 6.073 6.5 6.329 5.558 5.995 5.544 5.393 5.693 6.122 6.901 6.704 6.178 5.931 6.093 6.767 6.422 6.173 6.033 5.923 5.266 6.011 5.538 5.835 5.803 4.656 5.579 5.23 5.38 5.816 5.86 6.205 6.133 5.922 6.38 6.894 7.181 7.574 8.038 -9999 -9999 -9999 -9999 -9999 -9999 -9999 -9999 -9999 -9999 -9999 -9999 -9999 -9999 -9999 -9999 -9999 -9999 -9999 -9999 -9999 -9999 -9999
-9999 -9999 -9999 -9999 -9999 -9999 -9999 -9999 -9999 -9999 -9999 7.836 7.068 6.906 6.027 6.21 5.97 5.267 5.646 6.069 6.243 5.828 5.982 6.126 6.212 6.561 6.613 6.342 6.372 7.058 7.043 6.656 6.183 6.093 5.455 6.191 5.906 5.532 6.136 5.267 5.161 5.73 5.956 6.168 5.865 5.93 6.076 5.965 6.289 6.606 6.977 7.261 7.57 7.969 8.362 -9999 -9999 -9999 -9999 -9999 -9999 -9999 -9999 -9999 -9999 -9999 -9999 -9999 -9999 -9999 -9999 -9999 -9999 -9999 -9999 -9999 -9999
-9999 -9999 -9999 -9999 -9999 -9999 -9999 -9999 -9999 -9999 7.996 7.505 7.068 6.922 6.706 6.48 5.891 5.944 5.86 5.591 6.502 6.427 6.364 6.174 6.214 6.47 6.746 7.088 7.265 7.035 7.211 6.846 6.421 6.103 6.259 6.441 6.123 6.09 6.284 5.432 5.224 5.543 5.713 5.859 5.971 6.261 6.273 6.118 6.533 6.744 6.948 7.184 7.551 7.917 8.373 -9999 -9999 -9999 -9999 -9999 -9999 -9999 -9999 -9999 -9999 -9999 -9999 -9999 -9999 -9999 -9999 -9999 -9999 -9999 -9999 -9999 -9999
-9999 -9999 -9999 -9999 -9999 -9999 -9999 -9999 -9999 -9999 7.887 6.536 6.922 6.945 6.91 6.962 6.396 5.396 5.586 6.511 6.663 6.779 6.649 6.493 6.352 6.232 7.184 7.509 7.412 7.423 7.047 6.993 6.553 6.575 6.51 6.659 6.397 6.418 6.069 5.896 5.631 5.592 5.784 5.841 6.316 6.63 6.526 6.485 6.52 6.687 6.998 7.348 7.476 7.743 8.201 -9999 -9999 -9999 -9999 -9999 -9999 -9999 -9999 -9999 -9999 -9999 -9999 -9999 -9999 -9999 -9999 -9999 -9999 -9999 -9999 -9999 -9999
-9999 -9999 -9999 -9999 -9999 -9999 -9999 -9999 -9999 8.345 7.015 6.925 6.847 6.884 7.09 7.177 6.444 6.012 6.338 6.418 6.742 6.846 6.918 6.603 6.308 6.896 7.112 7.4 7.878 7.468 7.357 7.108 7.039 6.856 6.868 6.943 6.834 6.426 6.594 6.254 5.697 5.931 5.939 6.063 6.181 6.595 6.721 7.002 6.764 6.788 7.05 7.406 7.626 7.681 7.982 8.615 -9999 -9999 -9999 -9999 -9999 -9999 -9999 -9999 -9999 -9999 -9999 -9999 -9999 -9999 -9999 -9999 -9999 -9999 -9999 -9999 -9999
-9999 -9999 -9999 -9999 -9999 -9999 -9999 -9999 8.603 -9999 7.647 7.06 6.929 6.944 7.25 7.541 7.184 7.095 6.621 6.177 6.617 6.969 7.059 7.005 7.004 7.103 7.183 7.515 7.741 7.582 7.716 7.56 7.354 7.193 7.274 7.37 7.279 7.088 6.855 6.544 6.548 6.337 6.287 6.282 6.555 6.89 7.375 6.925 6.653 6.924 7.176 7.422 7.638 7.792 7.95 8.38 -9999 -9999 -9999 -9999 -9999 -9999 -9999 -9999 -9999 -9999 -9999 -9999 -9999 -9999 -9999 -9999 -9999 -9999 -9999 -9999 -9999
