Validation/Results/raw data/ReClimate_12_2024_1weatherlogisticsltd.asc
NCOLS 192
NROWS 249
XLLCENTER -225160.85627316462
YLLCENTER 29788.11610251502
CELLSIZE 5000.0
NODATA_VALUE -9999
[rows 165 to 197 of 249, columns 75 to 149 of 192]
-9999 -9999 -9999 -9999 -9999 -9999 -9999 -9999 -9999 -9999 -9999 -9999 -9999 -9999 -9999 -9999 -9999 -9999 -9999 -9999 -9999 -9999 -9999 -9999 -9999 -9999 -9999 -9999 -9999 -9999 -9999 -9999 -9999 -9999 -9999 -9999 -9999 105.79 106.53 108.618 105.387 104.175 105.653 105.362 106.475 109.366 109.509 109.642 109.77 109.894 110.015 110.133 110.248 110.36 110.47 110.577 110.685 110.794 110.905 111.02 111.13 111.239 111.348 111.461 111.573 111.651 111.721 111.794 111.871 111.953 112.041 112.138 112.24 112.335 -9999
-9999 -9999 -9999 -9999 -9999 -9999 -9999 -9999 -9999 -9999 -9999 -9999 -9999 -9999 -9999 -9999 -9999 -9999 -9999 -9999 -9999 -9999 -9999 -9999 -9999 -9999 -9999 -9999 -9999 -9999 -9999 -9999 -9999 -9999 -9999 -9999 -9999 104.246 106.026 108.644 107.765 107.126 106.176 103.498 104.736 105.364 109.523 109.655 109.783 109.909 110.033 110.153 110.271 110.387 110.5 110.612 110.723 110.836 110.949 111.056 111.163 111.268 111.377 111.492 111.615 111.728 111.81 111.886 111.966 112.052 112.145 112.232 112.315 112.402 112.489
-9999 -9999 -9999 -9999 -9999 -9999 -9999 -9999 -9999 -9999 -9999 -9999 -9999 -9999 -9999 -9999 -9999 -9999 -9999 -9999 -9999 -9999 -9999 -9999 -9999 -9999 -9999 -9999 -9999 -9999 -9999 -9999 -9999 -9999 -9999 -9999 104.469 107.062 108.517 108.647 108.268 108.736 107.026 106.116 105.687 107.808 108.365 109.662 109.793 109.921 110.048 110.172 110.294 110.414 110.531 110.648 110.763 110.875 110.982 111.087 111.191 111.297 111.409 111.526 111.652 111.786 111.897 111.982 112.066 112.147 112.223 112.307 112.392 112.481 112.578
-9999 -9999 -9999 -9999 -9999 -9999 -9999 -9999 -9999 -9999 -9999 -9999 -9999 -9999 -9999 -9999 -9999 -9999 -9999 -9999 -9999 -9999 -9999 -9999 -9999 -9999 -9999 -9999 -9999 -9999 -9999 -9999 -9999 -9999 -9999 -9999 108.199 108.351 108.49 108.623 108.745 108.88 107.872 106.287 105.968 104.838 105.463 106.438 109.798 109.93 110.061 110.191 110.317 110.442 110.564 110.685 110.798 110.906 111.011 111.114 111.22 111.329 111.443 111.563 111.691 111.829 111.976 112.073 112.15 112.234 112.317 112.399 112.489 112.585 112.689
-9999 -9999 -9999 -9999 -9999 -9999 -9999 -9999 -9999 -9999 -9999 -9999 -9999 -9999 -9999 -9999 -9999 -9999 -9999 -9999 -9999 -9999 -9999 -9999 -9999 -9999 -9999 -9999 -9999 -9999 -9999 -9999 -9999 -9999 -9999 -9999 -9999 108.32 108.456 108.586 108.713 108.86 108.107 108.291 107.762 107.884 107.857 109.681 109.805 109.937 110.074 110.21 110.341 110.471 110.594 110.711 110.825 110.932 111.037 111.143 111.251 111.363 111.479 111.603 111.729 111.86 112.008 112.152 112.244 112.328 112.415 112.504 112.598 112.699 112.808
-9999 -9999 -9999 -9999 -9999 -9999 -9999 -9999 -9999 -9999 -9999 -9999 -9999 -9999 -9999 -9999 -9999 93.17 99.631 -9999 -9999 -9999 -9999 -9999 -9999 -9999 -9999 -9999 -9999 -9999 -9999 -9999 -9999 -9999 -9999 -9999 108.145 108.288 108.422 108.55 108.679 108.831 108.994 109.147 109.293 109.428 109.552 109.675 108.836 107.198 110.084 110.228 110.362 110.489 110.614 110.733 110.848 110.959 111.066 111.172 111.279 111.388 111.501 111.619 111.753 111.897 112.048 112.213 112.339 112.43 112.52 112.612 112.71 112.814 112.928
-9999 -9999 -9999 -9999 -9999 -9999 -9999 -9999 -9999 -9999 -9999 -9999 -9999 -9999 -9999 -9999 -9999 102.704 105.586 102.852 -9999 -9999 -9999 -9999 -9999 -9999 -9999 -9999 -9999 -9999 -9999 -9999 -9999 -9999 -9999 107.966 108.116 108.256 108.388 108.515 108.646 108.8 108.961 109.117 109.265 109.405 109.538 109.663 108.356 109.939 109.611 109.585 110.35 110.481 110.608 110.732 110.852 110.965 111.071 111.177 111.284 111.394 111.513 111.645 111.785 111.936 112.095 112.263 112.424 112.533 112.626 112.722 112.823 112.932 113.051
-9999 -9999 -9999 -9999 -9999 -9999 -9999 -9999 -9999 -9999 -9999 -9999 -9999 -9999 -9999 -9999 106.194 106.466 104.092 101.465 103.889 -9999 -9999 -9999 -9999 -9999 -9999 -9999 -9999 -9999 -9999 -9999 107.462 -9999 -9999 107.938 108.086 108.224 108.355 108.48 -9999 108.771 108.931 109.085 109.234 109.379 109.515 109.656 109.793 109.929 108.032 107.179 110.043 110.459 110.59 110.716 110.839 110.955 111.065 111.172 111.281 111.405 111.539 111.68 111.829 111.984 112.145 112.316 112.497 112.637 112.736 112.835 112.94 113.052 113.177
-9999 -9999 -9999 -9999 -9999 -9999 -9999 -9999 -9999 -9999 -9999 -9999 -9999 -9999 -9999 -9999 104.06 102.205 100.597 100.436 103.176 106.677 106.67 -9999 -9999 -9999 106.111 101.117 -9999 104.013 107.178 107.289 107.412 107.578 -9999 -9999 108.047 108.184 -9999 -9999 108.577 108.735 108.894 109.048 109.197 109.345 109.494 109.644 108.327 104.221 105.288 105.972 109.47 108.763 109.699 110.699 110.823 110.941 111.055 111.17 111.297 111.432 111.576 111.723 111.875 112.033 112.199 112.373 112.558 112.732 112.848 112.951 113.059 113.177 113.308
-9999 -9999 -9999 -9999 -9999 -9999 -9999 -9999 -9999 -9999 -9999 -9999 -9999 -9999 -9999 -9999 -9999 99.879 99.812 100.217 103.29 106.659 -9999 -9999 106.398 106.226 103.933 103.133 104.263 107.001 107.117 107.226 107.363 107.541 107.706 -9999 108.005 108.141 108.272 108.4 108.541 108.701 108.86 109.014 109.165 109.316 109.471 109.627 106.259 102.387 104.005 106.76 108.288 107.646 107.998 109.926 110.506 110.93 111.053 111.186 111.325 111.47 111.618 111.769 111.924 112.085 112.254 112.433 112.623 112.821 112.964 113.07 113.182 113.305 113.443
-9999 -9999 -9999 -9999 -9999 -9999 -9999 -9999 -9999 -9999 -9999 -9999 -9999 -9999 -9999 -9999 -9999 98.119 97.728 98.252 98.205 93.198 92.78 91.947 94.156 101.135 101.296 103.166 103.597 103.042 104.177 107.17 107.326 107.502 107.671 107.836 107.988 108.13 108.264 108.392 108.532 108.691 108.848 109.002 109.153 109.306 109.461 109.615 106.406 102.431 105.092 107.49 107.516 106.798 106.921 108.233 108.263 107.795 109.407 111.031 111.362 111.512 111.663 111.816 111.975 112.139 112.312 112.495 112.691 112.901 113.076 113.192 113.309 113.439 113.59
-9999 -9999 -9999 -9999 -9999 -9999 -9999 -9999 -9999 -9999 -9999 -9999 -9999 -9999 -9999 -9999 -9999 -9999 96.107 97.934 95.587 96.387 96.503 98.11 102.106 103.132 104.409 105.238 104.739 104.123 106.089 107.126 107.313 107.503 107.681 107.846 107.997 108.137 108.269 108.393 108.531 108.687 108.842 108.995 109.147 109.3 109.454 109.605 106.805 104.247 104.776 106.024 105.954 106.189 106.714 108.889 108.893 108.16 108.453 110.559 111.199 111.555 111.71 111.867 112.028 112.196 112.372 112.559 112.759 112.974 113.177 113.317 113.44 113.576 113.75
-9999 -9999 -9999 -9999 -9999 -9999 -9999 -9999 -9999 -9999 -9999 -9999 -9999 -9999 -9999 -9999 -9999 -9999 -9999 -9999 94.681 93.23 94.703 96.568 98.845 103.807 104.422 104.775 104.051 103.071 103.635 103.644 104.733 107.526 107.698 107.857 108.005 108.143 108.271 108.393 108.528 108.68 108.835 108.986 109.138 109.292 109.445 109.594 108.397 108.456 108.941 109.084 107.977 107.876 108.359 110.002 110.35 110.7 109.441 109.697 109.497 109.328 110.851 111.914 112.078 112.248 112.426 112.615 112.817 113.034 113.256 113.418 113.543 113.687 113.88
-9999 -9999 -9999 -9999 -9999 -9999 -9999 -9999 -9999 -9999 -9999 -9999 -9999 -9999 -9999 -9999 -9999 -9999 -9999 97.116 96.161 95.771 97.566 100.144 102.908 103.262 103.449 103.488 102.953 102.981 103.346 104.337 106.287 107.544 107.711 107.865 108.009 108.145 108.272 108.392 108.523 108.672 108.824 108.976 109.127 109.281 109.434 109.581 109.728 109.879 110.034 110.188 109.485 108.327 109.252 110.536 110.807 111.036 110.292 109.358 109.07 108.62 109.866 111.976 112.137 112.305 112.48 112.666 112.866 113.083 113.319 113.505 113.635 113.798 114.007
-9999 -9999 -9999 -9999 -9999 -9999 -9999 -9999 -9999 -9999 -9999 -9999 -9999 -9999 -9999 -9999 -9999 -9999 98.226 95.383 97.662 104.047 105.552 105.972 104.963 101.771 100.864 98.313 99.079 101.191 102.55 104.722 104.396 101.529 102.964 106.625 107.142 108.144 108.269 108.389 108.516 108.66 108.812 108.962 109.114 109.268 109.42 109.566 109.713 109.864 110.02 110.19 110.13 109.559 109.724 110.727 110.898 111.102 111.267 110.885 110.905 111.049 110.839 112.05 112.209 112.374 112.548 112.732 112.928 113.143 113.378 113.586 113.729 113.912 114.145
-9999 -9999 -9999 -9999 -9999 -9999 -9999 -9999 -9999 -9999 -9999 -9999 -9999 -9999 -9999 -9999 -9999 97.606 96.369 95.758 101.064 106.54 104.433 97.853 97.105 100.363 99.38 100.494 101.606 101.694 102.941 103.283 102.034 102.731 105.032 106.118 107.141 108.14 108.265 108.383 108.507 108.646 108.797 108.947 109.099 109.254 109.405 109.551 109.704 109.865 110.032 110.201 109.889 109.59 110.197 110.834 111.002 111.169 111.335 111.5 111.663 111.819 111.972 112.126 112.284 112.448 112.621 112.805 113.003 113.218 113.456 113.676 113.847 114.039 114.286
-9999 -9999 -9999 -9999 -9999 -9999 -9999 -9999 -9999 -9999 -9999 -9999 -9999 -9999 -9999 103.722 100.25 99.214 100.138 103.613 106.519 106.519 102.471 100.616 102.09 101.799 102.546 103.101 103.159 103.069 102.163 99.174 99.915 100.773 102.907 107.411 108.007 108.135 108.258 108.375 108.496 108.63 108.779 108.93 109.083 109.238 109.394 109.554 109.718 109.883 110.05 110.218 110.39 110.275 110.402 110.897 111.066 111.234 111.403 111.57 111.735 111.896 112.051 112.203 112.36 112.524 112.698 112.883 113.083 113.302 113.544 113.778 113.977 114.186 114.436
-9999 -9999 -9999 -9999 -9999 -9999 -9999 -9999 -9999 -9999 -9999 -9999 -9999 -9999 105.159 104.205 102.86 100.194 -9999 -9999 -9999 -9999 103.878 102.619 102.273 102.403 102.841 103.355 103.775 105.082 103.372 103.112 103.702 104.044 106.824 107.868 108.002 108.129 108.25 108.366 108.481 108.611 108.759 108.911 109.069 109.24 109.408 109.572 109.736 109.901 110.067 110.235 110.415 110.607 110.787 110.957 111.126 111.297 111.468 111.639 111.806 111.966 112.125 112.28 112.438 112.602 112.778 112.965 113.169 113.392 113.64 113.888 114.111 114.338 114.593
-9999 -9999 -9999 -9999 -9999 -9999 -9999 -9999 -9999 -9999 -9999 -9999 -9999 -9999 104.856 102.199 100.806 -9999 -9999 -9999 -9999 -9999 101.112 100.145 100.924 103.322 103.198 102.122 102.924 103.162 103.225 103.906 104.971 107.506 107.885 107.247 107.553 108.123 108.242 108.356 108.467 108.593 108.74 108.902 109.082 109.258 109.425 109.59 109.754 109.919 110.084 110.252 110.441 110.649 110.842 111.013 111.183 111.355 111.528 111.705 111.876 112.032 111.826 111.746 112.293 112.683 112.861 113.052 113.037 113.109 113.604 114.012 114.254 114.493 114.724
-9999 -9999 -9999 -9999 -9999 -9999 -9999 -9999 -9999 -9999 -9999 -9999 -9999 -9999 -9999 -9999 100.943 -9999 -9999 -9999 -9999 -9999 100.949 98.793 100.312 101.104 100.581 100.969 101.908 104.581 104.826 104.456 106.009 106.566 106.215 106.093 106.866 108.156 108.266 108.37 108.469 108.583 108.737 108.921 109.103 109.277 109.443 109.608 109.772 109.937 110.102 110.278 110.472 110.685 110.89 111.066 111.236 111.407 111.58 111.755 111.927 112.087 111.828 111.761 112.229 112.774 112.965 113.168 113.19 113.115 113.588 114.174 114.432 114.665 114.86
-9999 -9999 -9999 -9999 -9999 -9999 -9999 -9999 -9999 -9999 -9999 -9999 -9999 -9999 -9999 -9999 -9999 -9999 -9999 -9999 -9999 -9999 99.522 98.975 100.332 102.733 102.117 99.83 102.445 105.886 105.935 106.608 106.952 107.005 107.081 107.345 108.08 108.211 108.316 108.415 108.513 108.638 108.793 108.965 109.134 109.298 109.464 109.628 109.792 109.956 110.121 110.304 110.507 110.721 110.932 111.116 110.814 110.525 109.185 108.131 110.593 112.134 111.74 111.688 111.828 111.801 111.951 112.144 111.807 111.292 112.994 114.354 114.613 114.82 114.282
-9999 -9999 -9999 -9999 -9999 -9999 -9999 -9999 -9999 -9999 -9999 -9999 -9999 -9999 -9999 -9999 -9999 -9999 -9999 -9999 -9999 -9999 -9999 97.565 100.457 105.503 103.795 102.255 104.101 104.056 104.909 106.304 106.076 105.228 106.08 108.025 108.118 108.27 108.375 108.478 108.598 108.727 108.873 109.035 109.193 109.346 109.497 109.651 109.813 109.977 110.143 110.334 110.543 110.756 110.971 111.164 110.711 110.331 109.224 108.632 109.944 112.215 112.058 111.753 111.728 111.689 111.88 111.965 111.568 110.694 112.264 114.523 114.779 114.952 114.117
-9999 -9999 -9999 -9999 -9999 -9999 -9999 -9999 -9999 -9999 -9999 -9999 -9999 -9999 -9999 -9999 -9999 -9999 -9999 -9999 -9999 -9999 106.425 104.047 106.447 105.798 105.233 105.946 105.698 105.09 105.914 106.282 105.662 105.133 106.698 108.104 108.233 108.335 108.439 108.565 108.693 108.821 108.963 109.114 109.263 109.407 109.55 109.698 109.846 109.999 110.174 110.368 110.579 110.791 111.006 111.207 111.378 111.182 110.049 109.472 110.99 111.573 111.492 111.524 111.811 111.867 111.817 111.597 112.039 111.85 112.031 113.105 114.264 115.065 115.182
-9999 -9999 -9999 -9999 -9999 -9999 -9999 -9999 -9999 -9999 -9999 -9999 -9999 -9999 -9999 -9999 -9999 -9999 -9999 -9999 -9999 -9999 106.611 107.043 105.461 102.445 102.978 103.425 103.432 104.404 104.818 105.541 105.362 105.624 106.876 108.207 108.311 108.413 108.533 108.66 108.788 108.917 109.051 109.19 109.335 109.475 109.615 109.754 109.895 110.042 110.206 110.405 110.616 110.828 111.043 111.256 111.454 111.644 110.398 109.367 110.934 111.384 111.019 111.776 112.223 112.426 112.401 111.634 111.862 111.951 112.146 112.985 113.82 115.157 115.267
-9999 -9999 -9999 -9999 -9999 -9999 -9999 -9999 -9999 -9999 -9999 -9999 -9999 -9999 -9999 -9999 -9999 -9999 -9999 -9999 -9999 -9999 106.746 107.207 105.376 104.722 104.079 101.58 102.842 104.917 105.666 106.669 106.657 106.156 107.084 107.62 107.903 108.51 108.524 108.387 108.741 109.013 109.139 109.271 109.407 109.543 109.68 109.816 109.797 109.49 109.898 110.211 110.57 110.866 111.099 111.337 111.55 111.749 111.945 111.272 111.579 111.913 112.061 112.473 112.95 113.078 113.401 113.522 113.209 113.395 113.584 114.35 114.586 115.239 115.347
-9999 -9999 -9999 -9999 -9999 -9999 -9999 -9999 -9999 -9999 -9999 -9999 -9999 -9999 -9999 -9999 -9999 -9999 -9999 -9999 -9999 -9999 -9999 107.419 106.775 105.904 104.625 104.922 105.984 105.785 106.042 105.178 104.526 103.452 104.67 107.295 107.896 108.619 108.53 108.637 108.915 109.117 109.235 109.353 109.477 109.612 109.745 109.879 109.637 109.387 109.798 110.226 110.543 110.936 111.182 111.437 111.661 111.859 112.055 112.251 112.083 112.151 112.502 113.064 113.116 113.216 113.622 114.029 114.053 113.935 114.385 115.034 115.2 115.315 115.423
-9999 -9999 -9999 -9999 -9999 -9999 -9999 -9999 -9999 -9999 -9999 -9999 -9999 -9999 -9999 -9999 -9999 -9999 -9999 -9999 -9999 -9999 -9999 101.393 101.034 101.973 102.379 103.698 104.356 106.181 105.142 103.318 102.317 101.119 103.97 108.142 108.591 108.726 108.787 108.938 108.994 108.786 108.978 109.444 109.563 109.687 109.815 109.943 109.864 110.013 110.184 110.506 110.724 111.033 111.287 111.545 111.773 111.971 112.169 112.365 111.292 110.931 112.328 113.181 113.402 113.535 112.65 112.197 113.053 113.318 114.233 115.089 115.163 115.248 115.425
-9999 -9999 -9999 -9999 -9999 -9999 -9999 -9999 -9999 -9999 -9999 -9999 -9999 -9999 -9999 -9999 -9999 -9999 -9999 -9999 -9999 -9999 106.605 97.792 98.61 100.803 101.56 102.298 103.872 105.805 105.213 106.206 105.482 105.172 107.703 108.563 108.698 108.833 108.963 109.088 108.974 108.864 109.235 109.541 109.653 109.769 109.89 110.015 110.143 110.286 110.461 110.681 110.912 111.156 111.402 111.657 111.887 112.084 112.281 112.479 111.679 110.754 112.084 113.3 113.524 113.761 112.626 111.645 112.513 113.181 113.994 115.158 115.234 115.291 115.441
-9999 -9999 -9999 -9999 -9999 -9999 -9999 -9999 -9999 -9999 -9999 -9999 -9999 -9999 -9999 -9999 -9999 -9999 -9999 -9999 -9999 -9999 100.988 104.688 105.228 103.047 103.199 103.374 104.718 105.598 106.442 107.205 106.834 106.315 107.277 108.681 108.812 108.941 109.07 109.195 109.203 109.316 109.529 109.638 109.747 109.858 109.967 110.09 110.216 110.362 110.559 110.798 111.037 111.278 111.462 111.702 111.853 111.967 112.308 112.594 112.793 112.394 112.137 112.481 113.309 113.891 114.148 113.584 113.547 113.665 114.118 115.13 115.197 115.246 115.489
-9999 -9999 -9999 -9999 -9999 -9999 -9999 -9999 -9999 -9999 -9999 -9999 -9999 -9999 -9999 -9999 -9999 -9999 -9999 -9999 -9999 -9999 107.128 107.959 105.337 100.637 101.278 104.219 105.118 106.396 106.751 106.466 106.028 105.63 107.023 108.804 108.931 109.056 109.179 109.301 109.414 109.523 109.631 109.738 109.846 109.949 110.053 110.166 110.291 110.456 110.688 110.924 111.161 111.401 111.608 111.776 111.866 111.906 112.293 112.712 112.914 113.119 112.466 112.058 113.032 114.026 114.284 114.536 114.265 113.945 114.435 115.14 115.188 115.26 115.502
-9999 -9999 -9999 -9999 -9999 -9999 -9999 -9999 -9999 -9999 -9999 -9999 -9999 -9999 -9999 -9999 -9999 -9999 -9999 -9999 -9999 106.989 108.073 108.13 104.427 100.233 102.57 105.312 106.355 107.542 107.371 107.23 106.822 106.304 107.686 108.946 109.076 109.2 109.318 109.429 109.54 109.648 109.755 109.86 109.618 108.726 109.173 110.263 110.388 110.587 110.757 110.847 111.217 111.522 111.516 111.432 111.614 111.726 112.284 112.835 113.039 113.247 113.461 113.162 113.197 113.678 114.142 114.458 114.644 114.508 114.867 115.392 115.458 115.547 115.646
-9999 -9999 -9999 -9999 -9999 -9999 -9999 -9999 -9999 -9999 -9999 -9999 -9999 -9999 -9999 -9999 -9999 -9999 -9999 -9999 107.345 108.181 108.243 108.305 105.295 102.406 103.966 104.991 106.22 108.063 107.929 107.69 107.079 106.083 107.329 109.121 109.239 109.355 109.464 109.571 109.675 109.779 109.884 109.988 109.251 108.456 109.389 110.386 110.54 110.732 110.406 110.308 111.07 111.644 111.477 111.257 111.408 111.615 112.25 112.963 113.169 113.38 113.598 113.825 113.615 113.498 114.016 114.511 114.649 114.756 115.113 115.495 115.596 115.694 115.778
-9999 -9999 -9999 -9999 -9999 -9999 -9999 -9999 -9999 -9999 -9999 -9999 -9999 -9999 -9999 -9999 -9999 -9999 104.302 105.869 108.312 108.379 107.458 104.75 103.025 101.991 103.096 104.903 106.642 108.017 107.96 108.046 107.679 108.205 109.196 109.308 109.413 109.511 109.611 109.714 109.815 109.914 110.014 110.116 109.742 109.843 110.414 110.541 110.701 110.886 110.359 109.557 110.195 110.816 111.118 111.202 111.363 111.416 110.539 110.44 111.902 112.869 112.408 112.155 112.475 112.665 112.606 112.473 114.028 114.998 115.021 115.244 115.54 115.721 115.794
