Validation/Results/raw data/ReClimate_06_2024_2.asc
NCOLS 192
NROWS 249
XLLCENTER -225160.85627316462
YLLCENTER 29788.11610251502
CELLSIZE 5000.0
NODATA_VALUE -9999
[rows 204 to 237 of 249, columns 75 to 149 of 192]
-9999 -9999 -9999 -9999 91.7 -9999 91.608 91.554 91.508 91.469 91.436 91.406 91.358 91.277 91.192 91.116 91.047 90.982 90.919 90.856 90.792 90.734 90.68 90.631 90.585 90.54 90.498 90.458 90.418 90.38 90.339 90.283 90.215 90.148 90.082 90.016 89.948 89.878 89.795 89.702 89.59 89.479 89.372 89.259 89.122 88.987 88.864 88.74 88.614 88.485 88.355 88.222 88.087 87.948 87.814 87.685 87.556 87.425 87.289 87.149 87.003 86.849 86.694 86.564 86.479 86.415 86.363 86.31 86.255 86.192 86.123 86.049 85.985 85.949 85.934
-9999 -9999 -9999 -9999 -9999 -9999 -9999 -9999 91.505 91.466 91.432 91.403 91.353 91.273 91.187 91.111 91.042 90.978 90.919 90.86 90.804 90.746 90.693 90.643 90.597 90.553 90.511 90.47 90.431 90.393 90.351 90.293 90.225 90.159 90.093 90.025 89.955 89.884 89.808 89.718 89.623 89.514 89.409 89.29 89.144 89.009 88.883 88.76 88.636 88.509 88.38 88.249 88.115 87.98 87.85 87.725 87.598 87.467 87.333 87.195 87.053 86.906 86.75 86.63 86.542 86.481 86.428 86.373 86.314 86.241 86.158 86.08 86.016 85.978 85.956
-9999 -9999 -9999 -9999 -9999 -9999 -9999 -9999 91.503 91.464 91.43 91.401 91.353 91.274 91.188 91.111 91.043 90.979 90.921 90.866 90.812 90.76 90.706 90.657 90.61 90.566 90.524 90.483 90.444 90.406 90.363 90.305 90.238 90.171 90.102 90.032 89.962 89.887 89.808 89.729 89.642 89.552 89.447 89.318 89.17 89.034 88.905 88.782 88.659 88.533 88.405 88.275 88.143 88.013 87.887 87.764 87.638 87.508 87.374 87.237 87.096 86.953 86.815 86.697 86.615 86.539 86.48 86.426 86.362 86.285 86.199 86.109 86.041 86.002 85.977
-9999 -9999 -9999 -9999 -9999 -9999 91.567 91.548 91.503 91.464 -9999 91.4 91.354 91.279 91.192 91.115 91.046 -9999 90.924 90.87 90.82 90.77 90.721 90.671 90.625 90.58 90.538 90.497 90.458 90.42 90.377 90.319 90.251 90.181 90.111 90.041 89.967 89.888 89.81 89.732 89.656 89.572 89.479 89.346 89.2 89.064 88.932 88.805 88.682 88.558 88.431 88.302 88.171 88.046 87.924 87.802 87.677 87.548 87.415 87.277 87.136 87.008 86.882 86.768 86.68 86.601 86.528 86.47 86.402 86.321 86.234 86.145 86.068 86.023 85.995
-9999 -9999 -9999 -9999 -9999 -9999 91.494 -9999 -9999 -9999 91.43 91.4 91.358 -9999 -9999 -9999 -9999 -9999 90.931 90.876 90.826 90.779 90.732 90.687 90.641 90.596 90.553 90.513 90.474 90.436 90.393 90.334 90.262 90.191 90.121 90.049 89.969 89.891 89.813 89.737 89.661 89.585 89.492 89.367 89.233 89.097 88.962 88.831 88.707 88.583 88.457 88.329 88.203 88.081 87.962 87.84 87.716 87.589 87.457 87.322 87.196 87.072 86.953 86.835 86.742 86.662 86.58 86.509 86.437 86.352 86.266 86.177 86.103 86.05 86.015
-9999 -9999 -9999 -9999 -9999 -9999 -9999 -9999 91.491 91.467 91.432 91.401 91.364 -9999 -9999 -9999 -9999 -9999 -9999 -9999 -9999 90.788 90.743 90.699 90.656 90.613 90.57 90.529 90.49 90.452 90.409 90.346 90.273 90.203 90.132 90.052 89.973 89.894 89.817 89.741 89.665 89.59 89.497 89.376 89.253 89.129 88.995 88.862 88.733 88.61 88.485 88.358 88.236 88.118 88.0 87.88 87.757 87.631 87.506 87.385 87.262 87.143 87.021 86.899 86.801 86.721 86.638 86.55 86.468 86.382 86.294 86.206 86.135 86.086 86.041
-9999 -9999 -9999 -9999 -9999 -9999 -9999 -9999 -9999 91.451 -9999 -9999 -9999 -9999 -9999 -9999 -9999 -9999 -9999 90.895 90.845 90.798 90.753 90.711 90.669 90.628 90.588 90.547 90.508 90.469 90.421 90.359 90.286 90.215 90.137 90.056 89.977 89.899 89.822 89.746 89.67 89.594 -9999 89.377 89.262 89.142 89.02 88.893 88.762 88.638 88.513 88.391 88.272 88.156 88.039 87.92 87.799 87.682 87.568 87.451 87.332 87.211 87.087 86.962 86.859 86.777 86.693 86.598 86.5 86.41 86.321 86.234 86.166 86.12 86.069
-9999 -9999 -9999 -9999 -9999 -9999 -9999 -9999 -9999 -9999 -9999 -9999 -9999 -9999 -9999 -9999 -9999 -9999 -9999 90.907 90.857 90.81 90.765 -9999 -9999 -9999 90.602 90.564 90.526 90.482 90.433 90.373 90.3 90.225 90.143 90.062 89.983 89.905 89.827 89.751 89.674 -9999 89.499 89.38 89.264 89.147 89.03 88.905 88.784 88.665 88.544 88.428 88.312 88.196 88.079 87.966 87.856 87.744 87.634 87.518 87.397 87.275 87.152 87.025 86.917 86.833 86.747 86.648 86.537 86.438 86.346 86.262 86.191 86.137 86.082
-9999 -9999 -9999 -9999 -9999 -9999 -9999 -9999 -9999 -9999 -9999 -9999 -9999 -9999 -9999 -9999 -9999 -9999 -9999 -9999 -9999 -9999 -9999 -9999 -9999 -9999 90.616 90.579 90.538 90.492 90.447 90.389 90.314 90.232 90.149 90.069 89.989 89.91 89.832 -9999 -9999 89.6 89.501 89.383 89.266 89.149 89.031 88.91 88.79 88.671 88.569 88.463 88.353 88.242 88.133 88.025 87.919 87.812 87.699 87.58 87.459 87.338 87.214 87.086 86.976 86.889 86.801 86.699 86.579 86.464 86.361 86.27 86.202 86.145 86.089
-9999 -9999 -9999 -9999 -9999 -9999 -9999 -9999 -9999 -9999 -9999 -9999 -9999 -9999 -9999 -9999 -9999 -9999 -9999 -9999 -9999 -9999 -9999 -9999 -9999 -9999 90.631 90.591 90.545 90.5 90.456 90.4 90.324 90.239 90.157 90.075 -9999 -9999 -9999 -9999 -9999 89.603 89.507 89.388 89.27 89.152 89.032 88.911 88.788 88.674 88.575 88.481 88.384 88.284 88.184 88.085 87.985 87.876 87.761 87.641 87.521 87.399 87.275 87.147 87.033 86.941 86.847 86.736 86.607 86.48 86.365 86.271 86.206 86.153 86.097
-9999 -9999 -9999 -9999 -9999 -9999 -9999 -9999 -9999 -9999 -9999 -9999 -9999 -9999 -9999 -9999 -9999 -9999 -9999 -9999 -9999 -9999 -9999 -9999 -9999 -9999 -9999 -9999 90.552 90.507 90.463 90.408 90.328 90.243 90.16 -9999 -9999 -9999 -9999 89.761 89.683 89.608 89.515 89.394 89.275 89.156 89.037 88.916 88.797 88.69 88.593 88.5 88.407 88.312 88.217 88.12 88.02 87.913 87.797 87.68 87.561 87.439 87.314 87.183 87.068 86.973 86.876 86.762 86.63 86.494 86.377 86.288 86.222 86.167 86.111
-9999 -9999 -9999 -9999 -9999 -9999 -9999 -9999 -9999 -9999 -9999 -9999 -9999 -9999 -9999 -9999 -9999 -9999 -9999 -9999 -9999 -9999 -9999 -9999 -9999 -9999 -9999 -9999 -9999 90.514 90.47 90.413 90.333 90.246 -9999 -9999 -9999 -9999 89.843 89.764 89.688 89.62 89.527 89.406 89.287 89.168 89.049 88.932 88.821 88.714 88.614 88.523 88.431 88.338 88.244 88.149 88.045 87.935 87.821 87.705 87.587 87.466 87.34 87.209 87.093 86.998 86.9 86.785 86.653 86.516 86.399 86.315 86.249 86.188 86.128
-9999 -9999 -9999 -9999 -9999 -9999 -9999 -9999 -9999 -9999 -9999 -9999 -9999 -9999 -9999 -9999 -9999 -9999 -9999 -9999 -9999 -9999 -9999 -9999 -9999 -9999 -9999 -9999 -9999 -9999 -9999 -9999 -9999 -9999 -9999 -9999 -9999 89.925 89.847 89.769 89.699 89.632 89.541 89.422 89.303 89.184 89.067 88.957 88.846 88.738 88.637 88.547 88.456 88.365 88.272 88.174 88.069 87.956 87.843 87.728 87.611 87.49 87.364 87.234 87.119 87.025 86.926 86.811 86.678 86.543 86.427 86.346 86.278 86.213 86.149
-9999 -9999 -9999 -9999 -9999 -9999 -9999 -9999 -9999 -9999 -9999 -9999 -9999 -9999 -9999 -9999 -9999 -9999 -9999 -9999 -9999 -9999 -9999 -9999 -9999 -9999 -9999 -9999 -9999 -9999 -9999 -9999 -9999 -9999 -9999 -9999 90.008 89.928 89.851 89.778 89.711 89.645 89.555 89.44 89.32 89.203 89.092 88.982 88.872 88.762 88.661 88.571 88.481 88.391 88.3 88.2 88.091 87.979 87.866 87.751 87.634 87.513 87.388 87.26 87.147 87.052 86.953 86.838 86.705 86.576 86.461 86.377 86.307 86.239 86.17
-9999 -9999 -9999 -9999 -9999 -9999 -9999 -9999 -9999 -9999 -9999 -9999 -9999 -9999 -9999 -9999 -9999 -9999 -9999 -9999 -9999 -9999 -9999 -9999 -9999 -9999 -9999 -9999 -9999 -9999 -9999 -9999 -9999 -9999 -9999 -9999 90.013 89.932 89.857 89.79 89.723 89.657 89.571 89.459 89.342 89.229 89.118 89.007 88.897 88.788 88.686 88.595 88.506 88.417 88.325 88.224 88.114 88.002 87.889 87.774 87.658 87.537 87.411 87.286 87.175 87.08 86.981 86.866 86.733 86.61 86.499 86.408 86.336 86.265 86.193
-9999 -9999 -9999 -9999 -9999 -9999 -9999 -9999 -9999 -9999 -9999 -9999 -9999 -9999 -9999 -9999 -9999 -9999 -9999 -9999 -9999 -9999 -9999 90.867 90.827 90.774 90.712 -9999 90.6 -9999 -9999 -9999 -9999 -9999 -9999 -9999 -9999 89.938 89.869 89.802 89.736 89.669 89.588 89.485 89.37 89.256 89.144 89.033 88.923 88.814 88.711 88.619 88.532 88.444 88.349 88.246 88.137 88.027 87.914 87.798 87.681 87.56 87.433 87.311 87.204 87.107 87.008 86.893 86.767 86.648 86.539 86.442 86.365 86.29 86.216
-9999 -9999 -9999 -9999 -9999 -9999 -9999 -9999 -9999 -9999 -9999 -9999 -9999 -9999 -9999 -9999 -9999 -9999 -9999 -9999 90.979 90.96 90.922 90.885 90.842 90.785 90.723 90.665 90.61 90.551 90.482 -9999 -9999 90.27 90.188 90.103 90.022 89.951 89.882 89.815 89.749 89.685 89.612 89.516 89.399 89.284 89.171 89.059 88.949 88.84 88.736 88.644 88.557 88.47 88.374 88.268 88.161 88.051 87.94 87.825 87.705 87.582 87.455 87.337 87.233 87.135 87.034 86.923 86.803 86.689 86.578 86.476 86.393 86.316 86.238
-9999 -9999 -9999 -9999 -9999 -9999 -9999 -9999 -9999 -9999 -9999 -9999 -9999 -9999 -9999 -9999 -9999 -9999 -9999 90.979 90.987 90.976 90.936 90.897 90.849 90.793 90.737 90.677 90.621 90.558 90.482 90.409 90.34 90.271 90.196 90.112 90.036 89.965 89.896 89.831 89.768 89.706 89.638 89.548 89.429 89.313 89.199 89.086 88.975 88.865 88.762 88.669 88.583 88.494 88.397 88.291 88.184 88.076 87.965 87.851 87.732 87.607 87.476 87.361 87.261 87.162 87.059 86.956 86.843 86.73 86.616 86.51 86.422 86.341 86.26
-9999 -9999 -9999 -9999 -9999 -9999 -9999 -9999 -9999 -9999 -9999 -9999 -9999 -9999 -9999 -9999 -9999 -9999 -9999 90.987 91.004 90.987 90.946 90.904 90.852 90.799 90.745 90.691 90.632 90.565 90.483 90.407 90.336 90.27 90.201 90.13 90.054 89.982 89.916 89.852 89.789 89.727 89.663 89.574 89.461 89.343 89.227 89.113 89.001 88.891 88.787 88.695 88.609 88.518 88.418 88.313 88.207 88.101 87.991 87.878 87.759 87.633 87.506 87.389 87.289 87.187 87.09 86.992 86.886 86.77 86.653 86.542 86.45 86.366 86.282
-9999 -9999 -9999 -9999 -9999 -9999 -9999 -9999 -9999 -9999 -9999 -9999 -9999 -9999 -9999 -9999 -9999 -9999 -9999 91.007 91.017 90.992 90.953 90.909 90.855 90.802 90.751 90.699 90.644 90.57 90.484 90.405 90.334 90.273 90.214 90.15 90.076 90.004 89.937 89.873 89.811 89.749 89.684 89.6 89.495 89.374 89.256 89.141 89.028 88.917 88.812 88.72 88.635 88.542 88.44 88.336 88.231 88.125 88.017 87.904 87.785 87.659 87.536 87.424 87.32 87.218 87.122 87.032 86.927 86.809 86.689 86.574 86.477 86.391 86.303
-9999 -9999 -9999 -9999 -9999 -9999 -9999 -9999 -9999 -9999 -9999 -9999 -9999 -9999 -9999 90.943 90.968 -9999 91.008 91.023 91.025 90.996 90.959 90.914 90.858 90.804 90.754 90.706 90.653 90.577 90.489 90.411 90.344 90.282 90.226 90.165 90.101 90.027 89.958 89.893 89.831 89.769 89.702 89.625 89.529 89.405 89.285 89.169 89.054 88.942 88.838 88.746 88.661 88.566 88.462 88.358 88.254 88.15 88.042 87.93 87.81 87.682 87.564 87.458 87.356 87.257 87.163 87.071 86.967 86.847 86.723 86.606 86.505 86.415 86.324
-9999 -9999 -9999 -9999 -9999 -9999 -9999 -9999 -9999 -9999 -9999 -9999 -9999 -9999 -9999 90.909 90.937 90.961 90.982 90.999 91.003 90.994 90.964 90.918 90.861 90.807 90.758 90.711 90.66 90.589 90.503 90.426 90.357 90.293 90.235 90.179 90.118 90.051 89.98 89.912 89.848 89.783 89.715 89.644 89.552 89.438 89.316 89.197 89.082 88.968 88.864 88.773 88.686 88.591 88.485 88.381 88.277 88.174 88.068 87.955 87.833 87.71 87.594 87.493 87.395 87.3 87.207 87.113 87.012 86.89 86.76 86.637 86.532 86.439 86.344
-9999 -9999 -9999 -9999 -9999 -9999 -9999 -9999 -9999 -9999 -9999 -9999 -9999 -9999 90.806 90.857 90.887 90.914 90.937 90.956 90.971 90.973 90.964 90.922 90.865 90.812 90.762 90.719 90.675 90.608 90.523 90.444 90.371 90.305 90.244 90.188 90.132 90.071 90.002 89.931 89.863 89.796 89.726 89.656 89.574 89.473 89.349 89.228 89.11 88.995 88.89 88.8 88.712 88.614 88.508 88.403 88.299 88.197 88.092 87.978 87.853 87.734 87.627 87.531 87.436 87.343 87.25 87.155 87.057 86.939 86.806 86.679 86.569 86.47 86.37
-9999 -9999 -9999 -9999 -9999 -9999 -9999 -9999 -9999 -9999 -9999 -9999 -9999 -9999 -9999 90.799 90.833 90.863 90.889 90.91 90.928 90.942 90.943 90.92 90.874 90.823 90.778 90.736 90.693 90.629 90.547 90.463 90.387 90.318 90.255 90.196 90.141 90.084 90.023 89.952 89.88 89.809 89.739 89.668 89.594 89.5 89.384 89.26 89.14 89.023 88.919 88.829 88.739 88.639 88.531 88.424 88.319 88.215 88.108 -9999 87.872 87.76 87.664 87.57 87.478 87.384 87.29 87.194 87.097 86.986 86.854 86.726 86.615 86.512 86.409
-9999 -9999 -9999 -9999 -9999 -9999 -9999 -9999 -9999 -9999 -9999 -9999 -9999 -9999 90.695 90.736 90.774 90.808 90.838 90.864 90.887 90.906 90.918 90.908 90.88 90.845 90.799 90.758 90.714 90.652 90.568 90.485 90.406 90.333 90.267 90.205 90.147 90.093 90.034 89.972 89.899 89.826 89.753 89.681 89.608 89.524 89.423 89.296 89.173 89.054 88.95 88.86 88.768 88.665 88.555 88.446 88.338 88.229 88.118 88.0 -9999 87.792 -9999 87.609 -9999 87.423 -9999 87.232 87.133 87.029 86.901 86.773 86.662 86.558 -9999
-9999 -9999 -9999 -9999 -9999 -9999 -9999 -9999 -9999 -9999 -9999 -9999 -9999 -9999 90.632 90.684 90.726 90.763 90.797 90.827 90.853 90.876 90.891 90.889 90.872 90.848 90.821 90.782 90.739 90.677 90.594 90.511 90.427 90.35 90.28 90.215 90.155 90.097 90.043 89.983 89.92 89.845 89.77 89.695 89.622 89.546 89.451 89.336 89.209 89.089 88.986 88.893 88.799 88.694 88.58 88.467 88.355 88.242 88.127 88.018 -9999 -9999 87.738 87.647 -9999 -9999 87.365 87.268 87.168 -9999 -9999 -9999 -9999 -9999 -9999
-9999 -9999 -9999 -9999 -9999 -9999 -9999 -9999 -9999 -9999 -9999 -9999 -9999 90.522 90.583 90.635 90.681 90.722 90.758 90.791 90.82 90.846 90.864 90.865 90.852 90.839 90.819 90.798 90.77 90.708 90.623 90.538 90.452 90.37 90.296 90.228 90.164 90.103 90.046 89.99 89.929 89.864 89.79 89.713 89.637 89.562 89.478 89.378 89.251 89.129 89.026 88.93 88.833 88.724 88.607 88.49 88.373 -9999 -9999 -9999 87.951 -9999 -9999 -9999 -9999 -9999 -9999 87.299 -9999 -9999 -9999 -9999 -9999 -9999 -9999
-9999 -9999 -9999 -9999 -9999 -9999 -9999 -9999 -9999 -9999 -9999 -9999 90.39 90.463 90.526 90.583 90.633 90.678 90.718 90.754 90.786 90.815 90.837 90.841 90.83 90.818 90.807 90.794 90.774 90.731 90.657 90.57 90.482 90.395 90.315 -9999 -9999 -9999 -9999 -9999 89.932 89.872 89.807 89.734 89.655 89.578 89.501 89.408 89.3 89.177 -9999 88.976 -9999 -9999 -9999 -9999 -9999 88.277 88.166 88.077 87.989 87.901 87.811 -9999 -9999 -9999 -9999 -9999 -9999 -9999 -9999 -9999 -9999 -9999 -9999
-9999 -9999 -9999 -9999 -9999 -9999 -9999 -9999 -9999 -9999 -9999 90.245 90.322 90.396 90.466 90.528 90.583 90.632 90.676 90.715 90.751 90.784 90.81 90.817 90.808 90.798 90.788 90.777 90.767 90.732 90.667 90.594 -9999 -9999 -9999 -9999 -9999 -9999 -9999 -9999 -9999 -9999 89.814 89.747 89.677 89.597 89.517 89.435 89.337 89.237 89.127 -9999 -9999 -9999 -9999 -9999 -9999 -9999 88.217 88.119 88.03 87.942 -9999 -9999 -9999 -9999 -9999 -9999 -9999 -9999 -9999 -9999 -9999 -9999 -9999
-9999 -9999 -9999 -9999 -9999 -9999 -9999 -9999 -9999 90.021 90.099 90.169 90.245 90.323 90.4 90.468 90.528 90.583 90.631 90.675 90.714 90.75 90.781 90.794 90.786 90.778 90.769 90.76 90.75 90.722 -9999 -9999 -9999 -9999 -9999 -9999 -9999 -9999 -9999 -9999 -9999 -9999 -9999 89.748 -9999 -9999 -9999 -9999 -9999 89.291 89.189 -9999 -9999 -9999 -9999 -9999 -9999 -9999 -9999 -9999 88.075 87.985 -9999 -9999 -9999 -9999 -9999 -9999 -9999 -9999 -9999 -9999 -9999 -9999 -9999
-9999 -9999 -9999 -9999 -9999 -9999 -9999 -9999 89.878 -9999 90.023 90.093 90.165 90.245 90.328 90.403 90.47 90.53 90.583 90.631 90.675 90.715 90.751 90.769 90.765 90.758 90.751 90.743 90.735 90.711 -9999 -9999 -9999 -9999 -9999 -9999 -9999 -9999 -9999 -9999 -9999 -9999 -9999 -9999 89.653 -9999 -9999 -9999 -9999 -9999 -9999 -9999 -9999 -9999 -9999 -9999 -9999 -9999 -9999 -9999 -9999 -9999 -9999 -9999 -9999 -9999 -9999 -9999 -9999 -9999 -9999 -9999 -9999 -9999 -9999
-9999 -9999 -9999 -9999 -9999 -9999 -9999 89.737 89.813 89.882 89.95 90.019 90.089 90.165 90.248 90.332 90.406 90.472 90.532 -9999 90.633 90.678 90.719 90.741 90.744 90.739 90.733 90.726 90.719 -9999 -9999 -9999 -9999 -9999 -9999 -9999 -9999 -9999 -9999 -9999 -9999 -9999 -9999 -9999 -9999 -9999 -9999 -9999 -9999 -9999 -9999 -9999 -9999 -9999 -9999 -9999 -9999 -9999 -9999 -9999 -9999 -9999 -9999 -9999 -9999 -9999 -9999 -9999 -9999 -9999 -9999 -9999 -9999 -9999 -9999
-9999 -9999 -9999 -9999 -9999 -9999 -9999 89.672 89.74 89.809 89.878 89.946 90.015 90.087 90.165 90.253 90.336 90.409 90.475 90.534 90.588 90.637 90.683 90.713 90.723 90.719 90.715 90.71 90.703 -9999 -9999 -9999 -9999 -9999 -9999 -9999 -9999 -9999 -9999 -9999 -9999 -9999 -9999 -9999 -9999 -9999 -9999 -9999 -9999 -9999 -9999 -9999 -9999 -9999 -9999 -9999 -9999 -9999 -9999 -9999 -9999 -9999 -9999 -9999 -9999 -9999 -9999 -9999 -9999 -9999 -9999 -9999 -9999 -9999 -9999
-9999 -9999 -9999 -9999 -9999 -9999 89.53 89.598 89.667 89.737 89.806 89.875 89.943 90.011 90.087 90.171 90.256 90.339 90.412 90.478 90.538 90.593 90.644 90.683 90.702 90.7 90.697 90.693 -9999 -9999 -9999 -9999 -9999 -9999 -9999 -9999 -9999 -9999 -9999 -9999 -9999 -9999 -9999 -9999 -9999 -9999 -9999 -9999 -9999 -9999 -9999 -9999 -9999 -9999 -9999 -9999 -9999 -9999 -9999 -9999 -9999 -9999 -9999 -9999 -9999 -9999 -9999 -9999 -9999 -9999 -9999 -9999 -9999 -9999 -9999
