Validation/Results/raw data/ReClimate_07_2024_1_Temperatureweatherlogisticsltd.asc
NCOLS 192
NROWS 249
XLLCENTER -225160.85627316462
YLLCENTER 29788.11610251502
CELLSIZE 5000.0
NODATA_VALUE -9999
[rows 99 to 131 of 249, columns 76 to 151 of 192]
-0.203 -0.21 -0.221 -0.218 -0.231 -0.234 -9999 -9999 -0.226 -0.242 -0.252 -0.256 -0.273 -0.271 -0.27 -0.272 -0.261 -0.258 -0.266 -0.255 -0.239 -0.25 -0.251 -0.248 -0.234 -0.229 -0.23 -0.22 -0.209 -0.2 -0.183 -0.185 -0.189 -0.176 -0.166 -0.167 -0.172 -0.161 -0.151 -0.138 -0.114 -0.105 -0.102 -9999 -9999 -9999 -9999 -9999 -9999 -9999 -9999 -9999 -9999 -9999 -9999 -9999 -9999 -9999 -9999 -9999 -9999 -9999 -9999 -9999 -9999 -9999 -9999 -9999 -9999 -9999 -9999 -9999 -9999 -9999 -9999 -9999
-0.194 -9999 -9999 -0.22 -0.231 -9999 -9999 -9999 -0.219 -0.231 -0.245 -0.259 -0.277 -0.276 -0.275 -0.267 -0.257 -0.264 -0.273 -0.261 -0.247 -0.249 -0.251 -0.239 -0.224 -0.226 -0.227 -0.218 -0.208 -0.194 -0.177 -0.179 -0.182 -0.173 -0.162 -0.165 -0.169 -0.161 -0.151 -0.131 -0.107 -0.104 -0.102 -9999 -9999 -9999 -9999 -9999 -9999 -9999 -9999 -9999 -9999 -9999 -9999 -9999 -9999 -9999 -9999 -9999 -9999 -9999 -9999 -9999 -9999 -9999 -9999 -9999 -9999 -9999 -9999 -9999 -9999 -9999 -9999 -9999
-0.218 -0.224 -0.225 -9999 -9999 -9999 -9999 -0.209 -0.212 -0.224 -0.235 -0.248 -0.263 -0.258 -0.248 -0.248 -0.263 -0.273 -0.288 -0.277 -0.263 -0.264 -0.262 -0.258 -0.259 -0.252 -0.224 -0.217 -0.213 -0.199 -0.18 -0.179 -0.171 -0.163 -0.155 -0.158 -0.163 -0.154 -0.142 -0.126 -0.117 -0.118 -9999 -9999 -9999 -9999 -9999 -9999 -9999 -9999 -9999 -9999 -9999 -9999 -9999 -9999 -9999 -9999 -9999 -9999 -9999 -9999 -9999 -9999 -9999 -9999 -9999 -9999 -9999 -9999 -9999 -9999 -9999 -9999 -9999 -9999
-0.225 -0.226 -0.228 -0.223 -0.217 -9999 -9999 -0.204 -9999 -9999 -0.23 -0.242 -0.255 -0.247 -0.236 -0.249 -0.264 -0.276 -0.29 -0.279 -0.267 -0.266 -0.265 -0.268 -0.27 -0.248 -0.221 -0.218 -0.214 -0.199 -0.181 -0.174 -0.166 -0.16 -0.152 -0.155 -0.159 -0.149 -0.137 -0.128 -0.119 -9999 -9999 -9999 -9999 -9999 -9999 -9999 -9999 -9999 -9999 -9999 -9999 -9999 -9999 -9999 -9999 -9999 -9999 -9999 -9999 -9999 -9999 -9999 -9999 -9999 -9999 -9999 -9999 -9999 -9999 -9999 -9999 -9999 -9999 -9999
-0.21 -0.21 -0.211 -9999 -9999 -9999 -0.196 -0.199 -0.228 -0.237 -0.237 -0.245 -0.244 -0.24 -0.241 -0.248 -0.248 -0.257 -0.265 -0.262 -0.275 -0.27 -0.256 -0.251 -0.233 -0.223 -0.232 -0.22 -0.19 -0.177 -0.168 -0.164 -0.167 -0.163 -0.161 -0.159 -9999 -9999 -0.119 -9999 -9999 -9999 -9999 -9999 -9999 -9999 -9999 -9999 -9999 -9999 -9999 -9999 -9999 -9999 -9999 -9999 -9999 -9999 -9999 -9999 -9999 -9999 -9999 -9999 -9999 -9999 -9999 -9999 -9999 -9999 -9999 -9999 -9999 -9999 -9999 -9999
-0.203 -9999 -0.203 -9999 -9999 -9999 -0.191 -0.21 -0.233 -0.236 -0.237 -0.237 -0.237 -0.24 -0.241 -0.241 -0.24 -0.246 -0.254 -0.264 -0.276 -0.265 -0.251 -0.236 -0.217 -0.226 -0.235 -0.211 -0.181 -0.173 -0.163 -0.165 -0.168 -0.166 -0.165 -9999 -0.143 -0.128 -0.112 -0.11 -9999 -9999 -9999 -9999 -9999 -9999 -9999 -9999 -9999 -9999 -9999 -9999 -9999 -9999 -9999 -9999 -9999 -9999 -9999 -9999 -9999 -9999 -9999 -9999 -9999 -9999 -9999 -9999 -9999 -9999 -9999 -9999 -9999 -9999 -9999 -9999
-9999 -9999 -9999 -9999 -0.205 -0.208 -0.203 -0.219 -0.232 -0.235 -0.236 -0.231 -0.215 -0.222 -0.239 -0.237 -0.232 -0.236 -0.238 -0.24 -0.231 -0.228 -0.242 -0.231 -0.221 -0.225 -0.221 -0.198 -0.173 -0.171 -0.179 -0.178 -0.168 -9999 -0.182 -0.164 -0.128 -0.117 -0.111 -0.104 -9999 -9999 -9999 -9999 -9999 -9999 -9999 -9999 -9999 -9999 -9999 -9999 -9999 -9999 -9999 -9999 -9999 -9999 -9999 -9999 -9999 -9999 -9999 -9999 -9999 -9999 -9999 -9999 -9999 -9999 -9999 -9999 -9999 -9999 -9999 -9999
-9999 -9999 -9999 -9999 -0.201 -0.203 -0.206 -0.216 -0.229 -0.231 -0.232 -0.219 -0.204 -0.218 -0.236 -0.232 -0.227 -0.229 -0.231 -0.223 -0.214 -0.225 -0.238 -0.231 -0.222 -0.22 -0.216 -0.195 -0.17 -0.178 -0.186 -0.178 -0.168 -0.177 -0.188 -0.159 -0.125 -0.119 -0.113 -0.103 -0.097 -9999 -9999 -9999 -9999 -9999 -9999 -9999 -9999 -9999 -9999 -9999 -9999 -9999 -9999 -9999 -9999 -9999 -9999 -9999 -9999 -9999 -9999 -9999 -9999 -9999 -9999 -9999 -9999 -9999 -9999 -9999 -9999 -9999 -9999 -9999
-9999 -9999 -9999 -0.194 -9999 -9999 -0.203 -0.207 -0.205 -0.203 -0.193 -9999 -9999 -0.222 -0.226 -0.224 -0.221 -0.221 -0.217 -0.216 -0.227 -0.227 -0.206 -0.202 -0.208 -0.208 -0.214 -0.203 -0.201 -0.203 -0.192 -0.182 -0.166 -0.173 -0.179 -0.155 -0.135 -0.128 -0.114 -0.104 -0.093 -0.085 -9999 -9999 -9999 -9999 -9999 -9999 -9999 -9999 -9999 -9999 -9999 -9999 -9999 -9999 -9999 -9999 -9999 -9999 -9999 -9999 -9999 -9999 -9999 -9999 -9999 -9999 -9999 -9999 -9999 -9999 -9999 -9999 -9999 -9999
-9999 -9999 -9999 -0.191 -9999 -0.197 -0.2 -0.197 -0.194 -0.186 -0.175 -0.192 -0.213 -0.217 -0.221 -0.219 -0.216 -0.214 -0.211 -0.221 -0.232 -0.214 -0.193 -0.197 -0.202 -0.207 -0.214 -0.213 -0.213 -0.204 -0.194 -0.181 -0.166 -0.17 -0.176 -0.16 -0.142 -0.13 -0.117 -0.106 -0.095 -9999 -9999 -9999 -9999 -9999 -9999 -9999 -9999 -9999 -9999 -9999 -9999 -9999 -9999 -9999 -9999 -9999 -9999 -9999 -9999 -9999 -9999 -9999 -9999 -9999 -9999 -9999 -9999 -9999 -9999 -9999 -9999 -9999 -9999 -9999
-9999 -9999 -9999 -0.187 -9999 -0.189 -0.187 -0.185 -0.186 -0.186 -9999 -0.206 -0.198 -9999 -0.218 -0.218 -0.222 -0.22 -0.214 -0.223 -0.231 -0.219 -0.214 -0.209 -0.187 -0.188 -0.184 -0.181 -0.179 -0.174 -0.177 -0.163 -0.145 -0.145 -0.143 -0.132 -0.13 -9999 -9999 -9999 -9999 -9999 -9999 -9999 -9999 -9999 -9999 -9999 -9999 -9999 -9999 -9999 -9999 -9999 -9999 -9999 -9999 -9999 -9999 -9999 -9999 -9999 -9999 -9999 -9999 -9999 -9999 -9999 -9999 -9999 -9999 -9999 -9999 -9999 -9999 -9999
-9999 -0.18 -0.183 -9999 -9999 -0.18 -0.18 -0.181 -0.182 -0.192 -0.204 -0.198 -0.19 -9999 -0.215 -0.219 -0.223 -0.219 -0.214 -0.222 -0.23 -0.227 -0.222 -0.204 -0.182 -0.178 -0.173 -0.17 -0.166 -0.169 -0.171 -0.156 -0.138 -0.135 -0.132 -0.127 -9999 -9999 -9999 -9999 -9999 -9999 -9999 -9999 -9999 -9999 -9999 -9999 -9999 -9999 -9999 -9999 -9999 -9999 -9999 -9999 -9999 -9999 -9999 -9999 -9999 -9999 -9999 -9999 -9999 -9999 -9999 -9999 -9999 -9999 -9999 -9999 -9999 -9999 -9999 -9999
-0.172 -0.177 -0.182 -9999 -0.179 -0.179 -0.19 -0.191 -9999 -0.202 -0.209 -0.207 -0.21 -9999 -0.218 -0.221 -0.223 -0.219 -0.213 -0.223 -0.238 -0.232 -0.216 -0.204 -0.199 -0.193 -0.177 -9999 -0.164 -0.165 -0.166 -0.151 -0.134 -0.131 -0.128 -9999 -9999 -9999 -9999 -9999 -9999 -9999 -9999 -9999 -9999 -9999 -9999 -9999 -9999 -9999 -9999 -9999 -9999 -9999 -9999 -9999 -9999 -9999 -9999 -9999 -9999 -9999 -9999 -9999 -9999 -9999 -9999 -9999 -9999 -9999 -9999 -9999 -9999 -9999 -9999 -9999
-0.169 -0.174 -9999 -9999 -0.177 -0.184 -0.19 -9999 -0.197 -0.203 -0.21 -0.213 -0.216 -9999 -0.217 -0.22 -0.222 -0.217 -0.211 -0.225 -0.241 -0.229 -0.214 -0.211 -0.207 -0.194 -0.179 -0.172 -0.164 -9999 -9999 -0.152 -0.135 -9999 -9999 -9999 -9999 -9999 -9999 -0.12 -0.112 -0.1 -9999 -9999 -9999 -9999 -9999 -9999 -9999 -9999 -9999 -9999 -9999 -9999 -9999 -9999 -9999 -9999 -9999 -9999 -9999 -9999 -9999 -9999 -9999 -9999 -9999 -9999 -9999 -9999 -9999 -9999 -9999 -9999 -9999 -9999
-0.151 -9999 -9999 -0.181 -0.181 -0.185 -0.184 -9999 -0.194 -0.2 -0.203 -0.204 -0.207 -9999 -9999 -9999 -0.211 -0.208 -0.209 -0.222 -0.237 -0.227 -0.216 -0.211 -0.2 -0.193 -0.194 -0.182 -0.156 -0.157 -0.164 -0.148 -0.124 -9999 -9999 -9999 -9999 -9999 -0.131 -0.123 -0.088 -0.083 -0.095 -9999 -9999 -9999 -9999 -9999 -9999 -9999 -9999 -9999 -9999 -9999 -9999 -9999 -9999 -9999 -9999 -9999 -9999 -9999 -9999 -9999 -9999 -9999 -9999 -9999 -9999 -9999 -9999 -9999 -9999 -9999 -9999 -9999
-0.142 -9999 -9999 -9999 -0.18 -0.18 -0.18 -9999 -0.192 -9999 -0.199 -0.201 -0.203 -9999 -0.194 -0.199 -0.205 -9999 -0.208 -0.22 -0.234 -0.227 -0.217 -0.209 -0.199 -0.2 -0.201 -0.18 -0.154 -0.159 -0.166 -0.148 -0.127 -0.131 -0.141 -0.142 -9999 -0.139 -0.134 -0.113 -0.088 -0.095 -0.104 -0.078 -0.057 -9999 -9999 -9999 -9999 -9999 -9999 -9999 -9999 -9999 -9999 -9999 -9999 -9999 -9999 -9999 -9999 -9999 -9999 -9999 -9999 -9999 -9999 -9999 -9999 -9999 -9999 -9999 -9999 -9999 -9999 -9999
-9999 -9999 -9999 -9999 -0.166 -0.163 -0.158 -9999 -0.181 -9999 -0.193 -0.192 -9999 -0.212 -0.218 -0.215 -0.196 -0.199 -0.202 -0.211 -0.216 -0.215 -0.224 -0.218 -0.211 -0.207 -0.191 -0.177 -0.175 -0.179 -0.176 -0.167 -0.167 -0.164 -0.142 -0.141 -0.144 -0.14 -0.14 -0.121 -0.102 -0.106 -0.11 -0.087 -0.067 -0.047 -0.032 -0.025 -9999 -9999 -9999 -9999 -9999 -9999 -9999 -9999 -9999 -9999 -9999 -9999 -9999 -9999 -9999 -9999 -9999 -9999 -9999 -9999 -9999 -9999 -9999 -9999 -9999 -9999 -9999 -9999
-9999 -9999 -9999 -9999 -0.159 -0.154 -0.148 -0.16 -9999 -9999 -0.19 -0.184 -9999 -0.204 -0.227 -0.211 -0.193 -0.196 -0.199 -0.204 -0.208 -0.217 -0.226 -0.222 -0.217 -0.204 -0.191 -0.191 -0.19 -0.188 -0.186 -0.188 -0.19 -0.173 -0.151 -0.152 -0.153 -0.151 -0.146 -0.129 -0.11 -0.112 -0.116 -0.097 -0.076 -0.061 -0.043 -0.024 -0.007 -9999 -9999 -9999 -9999 -9999 -9999 -9999 -9999 -9999 -9999 -9999 -9999 -9999 -9999 -9999 -9999 -9999 -9999 -9999 -9999 -9999 -9999 -9999 -9999 -9999 -9999 -9999
-9999 -9999 -9999 -9999 -0.15 -0.15 -0.161 -0.169 -9999 -9999 -0.185 -0.184 -9999 -9999 -0.212 -0.203 -0.202 -0.205 -0.204 -0.206 -0.205 -0.209 -0.207 -0.202 -0.194 -0.189 -0.193 -0.193 -0.193 -0.194 -0.2 -0.201 -0.199 -0.188 -0.183 -0.184 -0.181 -0.174 -0.163 -0.151 -0.146 -0.143 -0.131 -0.11 -0.081 -0.063 -0.042 -0.023 -0.003 -9999 -9999 -9999 -9999 -9999 -9999 -9999 -9999 -9999 -9999 -9999 -9999 -9999 -9999 -9999 -9999 -9999 -9999 -9999 -9999 -9999 -9999 -9999 -9999 -9999 -9999 -9999
-9999 -9999 -9999 -9999 -0.143 -0.152 -0.162 -9999 -9999 -9999 -9999 -0.181 -9999 -0.191 -0.206 -0.207 -0.207 -0.207 -0.207 -0.205 -0.203 -0.202 -0.201 -0.198 -0.192 -0.196 -0.2 -0.201 -0.201 -0.207 -0.215 -0.214 -0.211 -0.208 -0.204 -0.201 -0.194 -0.184 -0.173 -0.168 -0.163 -0.152 -0.14 -0.115 -0.087 -0.068 -0.047 -0.031 -0.013 0.021 -9999 -9999 -9999 -9999 -9999 -9999 -9999 -9999 -9999 -9999 -9999 -9999 -9999 -9999 -9999 -9999 -9999 -9999 -9999 -9999 -9999 -9999 -9999 -9999 -9999 -9999
-9999 -9999 -0.128 -0.133 -0.136 -0.142 -9999 -9999 -0.17 -9999 -9999 -9999 -9999 -0.193 -0.198 -0.199 -0.2 -0.2 -0.199 -0.2 -0.207 -0.207 -0.207 -0.208 -0.215 -0.219 -0.214 -0.211 -0.202 -0.208 -0.216 -0.219 -0.23 -0.226 -0.219 -0.211 -0.203 -0.19 -0.169 -0.162 -0.157 -0.147 -0.143 -0.121 -0.098 -0.076 -0.047 -0.031 -0.014 -0.008 -9999 -9999 -9999 -9999 -9999 -9999 -9999 -9999 -9999 -9999 -9999 -9999 -9999 -9999 -9999 -9999 -9999 -9999 -9999 -9999 -9999 -9999 -9999 -9999 -9999 -9999
-9999 -9999 -9999 -0.129 -0.131 -0.132 -9999 -0.152 -0.171 -0.163 -9999 -9999 -9999 -9999 -0.196 -0.197 -0.198 -0.198 -0.198 -0.204 -0.214 -0.216 -0.216 -0.223 -0.231 -0.23 -0.226 -0.219 -0.209 -0.216 -0.225 -0.234 -0.244 -0.237 -0.226 -0.218 -0.211 -0.193 -0.173 -0.166 -0.16 -0.155 -0.15 -0.131 -0.109 -0.083 -0.054 -0.038 -0.022 -0.013 0.024 -9999 -9999 -9999 -9999 -9999 -9999 -9999 -9999 -9999 -9999 -9999 -9999 -9999 -9999 -9999 -9999 -9999 -9999 -9999 -9999 -9999 -9999 -9999 -9999 -9999
-9999 -9999 -9999 -0.127 -0.129 -0.129 -9999 -0.146 -0.168 -0.162 -9999 -9999 -9999 -9999 -9999 -0.19 -0.185 -0.187 -0.197 -0.204 -0.209 -0.215 -0.229 -0.234 -0.232 -0.235 -0.242 -0.24 -0.241 -0.246 -0.244 -0.248 -0.243 -0.234 -0.23 -0.223 -0.219 -0.202 -0.187 -0.177 -0.16 -0.145 -0.114 -0.101 -0.105 -0.082 -0.063 -0.051 -0.045 -0.03 -0.001 0.062 -9999 -9999 -9999 -9999 -9999 -9999 -9999 -9999 -9999 -9999 -9999 -9999 -9999 -9999 -9999 -9999 -9999 -9999 -9999 -9999 -9999 -9999 -9999 -9999
-9999 -9999 -9999 -0.125 -0.125 -9999 -9999 -0.143 -0.165 -0.166 -0.166 -9999 -9999 -9999 -9999 -9999 -0.181 -0.19 -0.203 -0.208 -0.213 -0.226 -0.241 -0.241 -0.24 -0.25 -0.26 -0.263 -0.264 -0.263 -0.26 -0.257 -0.247 -0.242 -0.237 -0.232 -0.228 -0.213 -0.198 -0.183 -0.166 -0.138 -0.106 -0.106 -0.109 -0.091 -0.073 -0.065 -0.059 -0.044 -0.012 0.044 0.101 0.144 -9999 -9999 -9999 -9999 -9999 -9999 -9999 -9999 -9999 -9999 -9999 -9999 -9999 -9999 -9999 -9999 -9999 -9999 -9999 -9999 -9999 -9999
-9999 -9999 -9999 -0.122 -0.115 -9999 -9999 -0.151 -0.165 -0.166 -9999 -9999 -9999 -9999 -9999 -9999 -0.18 -0.194 -0.216 -0.225 -0.239 -0.25 -0.257 -0.261 -0.269 -0.283 -0.297 -0.299 -0.294 -0.292 -0.286 -0.278 -0.27 -0.261 -0.244 -0.241 -0.242 -0.228 -0.213 -0.193 -0.161 -0.139 -0.124 -0.12 -0.109 -0.09 -0.067 -0.064 -0.072 -0.031 0.016 0.073 0.131 0.178 -9999 -9999 -9999 -9999 -9999 -9999 -9999 -9999 -9999 -9999 -9999 -9999 -9999 -9999 -9999 -9999 -9999 -9999 -9999 -9999 -9999 -9999
-9999 -9999 -9999 -0.112 -0.109 -9999 -9999 -9999 -0.164 -0.164 -0.163 -9999 -9999 -9999 -9999 -9999 -0.184 -0.205 -0.227 -0.241 -0.255 -0.263 -0.27 -0.279 -0.288 -0.305 -0.321 -0.32 -0.315 -0.311 -0.299 -0.291 -0.284 -0.269 -0.252 -0.252 -0.253 -0.24 -0.225 -0.197 -0.165 -0.152 -0.137 -0.126 -0.115 -0.094 -0.071 -0.072 -0.061 -0.013 0.05 0.106 0.158 0.202 -9999 -9999 -9999 -9999 -9999 -9999 -9999 -9999 -9999 -9999 -9999 -9999 -9999 -9999 -9999 -9999 -9999 -9999 -9999 -9999 -9999 -9999
-9999 -9999 -0.117 -0.113 -0.106 -9999 -9999 -9999 -9999 -9999 -9999 -9999 -9999 -9999 -9999 -9999 -0.199 -0.222 -0.244 -0.256 -0.265 -0.272 -0.28 -0.288 -0.293 -0.311 -0.333 -0.332 -0.332 -0.323 -0.3 -0.294 -0.295 -0.283 -0.277 -0.273 -0.261 -0.244 -0.221 -0.197 -0.176 -0.162 -0.147 -0.138 -0.132 -0.11 -0.078 -0.054 -0.021 0.041 0.108 0.15 0.19 0.241 0.25 -9999 -9999 -9999 -9999 -9999 -9999 -9999 -9999 -9999 -9999 -9999 -9999 -9999 -9999 -9999 -9999 -9999 -9999 -9999 -9999 -9999
-9999 -0.108 -0.114 -0.109 -0.103 -9999 -9999 -9999 -9999 -9999 -9999 -9999 -9999 -9999 -0.2 -0.201 -0.209 -0.233 -0.258 -0.267 -0.276 -0.284 -0.293 -0.299 -0.305 -0.326 -0.345 -0.348 -0.347 -0.328 -0.306 -0.304 -0.304 -0.298 -0.292 -0.281 -0.268 -0.248 -0.225 -0.207 -0.187 -0.172 -0.157 -0.15 -0.144 -0.115 -0.064 -0.028 0.009 0.075 0.143 0.182 0.21 0.258 0.278 -9999 -9999 -9999 -9999 -9999 -9999 -9999 -9999 -9999 -9999 -9999 -9999 -9999 -9999 -9999 -9999 -9999 -9999 -9999 -9999 -9999
-9999 -0.099 -0.102 -0.099 -9999 -9999 -9999 -9999 -9999 -9999 -9999 -9999 -9999 -9999 -0.201 -0.213 -0.219 -0.244 -0.273 -0.286 -0.299 -0.311 -0.329 -0.334 -0.33 -0.342 -0.339 -0.345 -0.353 -0.334 -0.317 -0.314 -0.312 -0.303 -0.289 -0.278 -0.269 -0.25 -0.232 -0.214 -0.194 -0.182 -0.175 -0.166 -0.149 -0.101 -0.04 0.002 0.057 0.117 0.169 0.218 0.25 0.283 0.322 -9999 -9999 -9999 -9999 -9999 -9999 -9999 -9999 -9999 -9999 -9999 -9999 -9999 -9999 -9999 -9999 -9999 -9999 -9999 -9999 -9999
-9999 -9999 -9999 -9999 -9999 -9999 -9999 -9999 -9999 -9999 -9999 -9999 -9999 -9999 -0.211 -0.221 -0.227 -0.254 -0.284 -0.3 -0.316 -0.334 -0.353 -0.352 -0.348 -0.349 -0.347 -0.358 -0.36 -0.344 -0.327 -0.322 -0.32 -0.307 -0.293 -0.284 -0.274 -0.258 -0.241 -0.222 -0.203 -0.195 -0.188 -0.172 -0.14 -0.082 -0.021 0.029 0.085 0.138 0.186 0.23 0.27 0.304 0.336 -9999 -9999 -9999 -9999 -9999 -9999 -9999 -9999 -9999 -9999 -9999 -9999 -9999 -9999 -9999 -9999 -9999 -9999 -9999 -9999 -9999
-9999 -9999 -9999 -9999 -9999 -9999 -9999 -9999 -9999 -9999 -9999 -9999 -9999 -0.2 -0.218 -0.232 -0.253 -0.28 -0.307 -0.317 -0.313 -0.333 -0.353 -0.356 -0.367 -0.369 -0.368 -0.373 -0.366 -0.352 -0.341 -0.33 -0.31 -0.297 -0.284 -0.274 -0.267 -0.253 -0.245 -0.23 -0.218 -0.206 -0.186 -0.159 -0.111 -0.051 0.01 0.061 0.109 0.16 0.205 0.255 0.302 0.336 0.349 -9999 -9999 -9999 -9999 -9999 -9999 -9999 -9999 -9999 -9999 -9999 -9999 -9999 -9999 -9999 -9999 -9999 -9999 -9999 -9999 -9999
-9999 -9999 -9999 -9999 -9999 -9999 -9999 -9999 -9999 -9999 -9999 -9999 -9999 -0.204 -0.225 -0.246 -0.267 -0.293 -0.319 -0.318 -0.315 -0.337 -0.359 -0.373 -0.384 -0.387 -0.385 -0.383 -0.375 -0.363 -0.352 -0.333 -0.313 -0.3 -0.286 -0.278 -0.27 -0.261 -0.252 -0.241 -0.23 -0.212 -0.186 -0.139 -0.09 -0.031 0.031 0.08 0.128 0.177 0.215 0.265 0.317 0.353 0.384 -9999 -9999 -9999 -9999 -9999 -9999 -9999 -9999 -9999 -9999 -9999 -9999 -9999 -9999 -9999 -9999 -9999 -9999 -9999 -9999 -9999
-9999 -9999 -9999 -9999 -9999 -9999 -9999 -9999 -9999 -9999 -9999 -9999 -0.187 -0.207 -0.221 -0.243 -0.268 -0.295 -0.327 -0.326 -0.321 -0.343 -0.366 -0.381 -0.395 -0.404 -0.408 -0.401 -0.388 -0.373 -0.355 -0.34 -0.333 -0.324 -0.322 -0.307 -0.276 -0.267 -0.259 -0.248 -0.239 -0.217 -0.17 -0.116 -0.059 -0.005 0.044 0.099 0.155 0.202 0.241 0.271 0.314 0.363 0.405 0.425 -9999 -9999 -9999 -9999 -9999 -9999 -9999 -9999 -9999 -9999 -9999 -9999 -9999 -9999 -9999 -9999 -9999 -9999 -9999 -9999
