Validation/Results/raw data/ReClimate_03_2024_1_Temperature.asc
NCOLS 192
NROWS 249
XLLCENTER -225160.85627316462
YLLCENTER 29788.11610251502
CELLSIZE 5000.0
NODATA_VALUE -9999
[rows 204 to 237 of 249, columns 77 to 153 of 192]
-9999 -9999 0.29 -9999 0.285 0.289 0.297 0.303 0.312 0.32 0.32 0.318 0.315 0.312 0.315 0.319 0.326 0.333 0.332 0.331 0.324 0.316 0.312 0.307 0.305 0.302 0.307 0.313 0.309 0.305 0.3 0.293 0.303 0.314 0.29 0.262 0.262 0.264 0.263 0.263 0.256 0.251 0.242 0.231 0.246 0.263 0.251 0.237 0.255 0.278 0.284 0.292 0.302 0.315 0.324 0.335 0.347 0.362 0.352 0.338 0.331 0.322 0.327 0.332 0.335 0.34 0.346 0.352 0.353 0.356 0.353 0.347 0.362 0.385 0.367 0.345 0.351
-9999 -9999 -9999 -9999 -9999 -9999 0.326 0.328 0.332 0.324 0.328 0.339 0.341 0.348 0.346 0.331 0.336 0.338 0.336 0.332 0.326 0.323 0.324 0.332 0.324 0.303 0.303 0.298 0.299 0.316 0.314 0.315 0.321 0.318 0.294 0.263 0.261 0.255 0.252 0.249 0.247 0.257 0.25 0.248 0.26 0.274 0.26 0.239 0.254 0.271 0.284 0.296 0.296 0.301 0.317 0.332 0.332 0.338 0.341 0.335 0.338 0.334 0.342 0.348 0.349 0.353 0.349 0.349 0.353 0.357 0.365 0.366 0.359 0.367 0.379 0.376 0.354
-9999 -9999 -9999 -9999 -9999 -9999 0.34 0.343 0.338 0.33 0.341 0.352 0.358 0.366 0.354 0.339 0.341 0.343 0.34 0.335 0.332 0.329 0.336 0.344 0.327 0.307 0.301 0.295 0.307 0.323 0.325 0.327 0.325 0.322 0.297 0.267 0.261 0.255 0.252 0.249 0.254 0.264 0.262 0.259 0.269 0.282 0.265 0.245 0.257 0.273 0.285 0.302 0.301 0.301 0.315 0.334 0.334 0.334 0.336 0.339 0.34 0.342 0.349 0.357 0.358 0.361 0.357 0.352 0.356 0.362 0.369 0.377 0.37 0.365 0.375 0.39 0.37
-9999 -9999 -9999 -9999 0.349 0.363 0.363 0.356 -9999 0.334 0.345 0.355 0.365 0.386 0.379 -9999 0.375 0.362 0.357 0.346 0.347 0.351 0.356 0.359 0.348 0.343 0.33 0.299 0.31 0.324 0.323 0.318 0.314 0.309 0.285 0.26 0.26 0.275 0.271 0.266 0.27 0.275 0.273 0.269 0.275 0.277 0.261 0.246 0.253 0.266 0.284 0.303 0.314 0.321 0.315 0.321 0.33 0.334 0.342 0.345 0.349 0.352 0.348 0.35 0.357 0.363 0.354 0.345 0.35 0.355 0.359 0.363 0.36 0.355 0.37 0.387 0.376
-9999 -9999 -9999 -9999 0.351 -9999 -9999 -9999 0.355 0.34 0.351 -9999 -9999 -9999 -9999 -9999 0.386 0.372 0.364 0.353 0.358 0.363 0.365 0.367 0.364 0.36 0.335 0.304 0.314 0.327 0.323 0.317 0.313 0.307 0.286 0.261 0.272 0.286 0.282 0.276 0.279 0.284 0.281 0.277 0.278 0.278 0.266 0.251 0.258 0.268 0.285 0.307 0.318 0.331 0.327 0.321 0.328 0.337 0.344 0.35 0.353 0.358 0.354 0.35 0.358 0.366 0.358 0.347 0.35 0.357 0.359 0.362 0.358 0.356 0.369 0.389 0.377
-9999 -9999 -9999 -9999 -9999 -9999 0.383 0.386 0.375 0.36 0.369 -9999 -9999 -9999 -9999 -9999 -9999 -9999 -9999 0.369 0.372 0.369 0.371 0.373 0.37 0.364 0.344 0.328 0.34 0.355 0.35 0.338 0.332 0.318 0.303 0.294 0.305 0.315 0.308 0.295 0.295 0.292 0.289 0.283 0.283 0.283 0.276 0.275 0.276 0.281 0.291 0.308 0.315 0.325 0.33 0.329 0.334 0.341 0.343 0.347 0.354 0.36 0.352 0.344 0.353 0.363 0.359 0.35 0.352 0.356 0.349 0.344 0.356 0.362 0.363 0.373 0.365
-9999 -9999 -9999 -9999 -9999 -9999 -9999 0.392 -9999 -9999 -9999 -9999 -9999 -9999 -9999 -9999 -9999 0.392 0.386 0.378 0.376 0.373 0.375 0.378 0.374 0.369 0.356 0.342 0.353 0.369 0.36 0.35 0.339 0.326 0.319 0.311 0.319 0.329 0.318 0.305 -9999 0.299 0.294 0.288 0.288 0.289 0.288 0.289 0.289 0.289 0.299 0.311 0.318 0.326 0.33 0.334 0.338 0.344 0.346 0.348 0.355 0.363 0.355 0.345 0.354 0.364 0.361 0.356 0.357 0.36 0.352 0.342 0.351 0.366 0.367 0.37 0.361
-9999 -9999 -9999 -9999 -9999 -9999 -9999 -9999 -9999 -9999 -9999 -9999 -9999 -9999 -9999 -9999 -9999 0.388 0.384 0.388 0.385 -9999 -9999 -9999 0.376 0.368 0.359 0.353 0.356 0.345 0.344 0.357 0.349 0.343 0.339 0.335 0.34 0.339 0.329 -9999 0.314 0.306 0.296 0.277 0.28 0.292 0.289 0.284 0.287 0.297 0.307 0.319 0.312 0.311 0.324 0.333 0.339 0.345 0.343 0.343 0.342 0.346 0.348 0.343 0.345 0.35 0.362 0.367 0.363 0.362 0.359 0.352 0.349 0.355 0.355 0.356 0.354
-9999 -9999 -9999 -9999 -9999 -9999 -9999 -9999 -9999 -9999 -9999 -9999 -9999 -9999 -9999 -9999 -9999 -9999 -9999 -9999 -9999 -9999 -9999 -9999 0.379 0.37 0.365 0.359 0.349 0.339 0.349 0.362 0.358 0.353 0.35 0.347 0.346 -9999 -9999 0.327 0.319 0.311 0.295 0.275 0.284 0.296 0.29 0.284 0.292 0.303 0.312 0.324 0.317 0.307 0.319 0.334 0.34 0.347 0.345 0.343 0.343 0.342 0.343 0.345 0.347 0.348 0.36 0.374 0.37 0.365 0.362 0.358 0.355 0.353 0.352 0.353 0.351
-9999 -9999 -9999 -9999 -9999 -9999 -9999 -9999 -9999 -9999 -9999 -9999 -9999 -9999 -9999 -9999 -9999 -9999 -9999 -9999 -9999 -9999 -9999 -9999 0.381 0.378 0.37 0.357 0.349 0.347 0.355 0.359 0.36 0.364 -9999 -9999 -9999 -9999 -9999 0.33 0.32 0.308 0.295 0.285 0.289 0.287 0.287 0.3 0.301 0.288 0.307 0.323 0.325 0.322 0.322 0.33 0.328 0.329 0.33 0.329 0.334 0.337 0.342 0.347 0.349 0.35 0.351 0.359 0.363 0.361 0.359 0.355 0.365 0.371 0.376 0.381 0.366
-9999 -9999 -9999 -9999 -9999 -9999 -9999 -9999 -9999 -9999 -9999 -9999 -9999 -9999 -9999 -9999 -9999 -9999 -9999 -9999 -9999 -9999 -9999 -9999 -9999 -9999 0.378 0.357 0.354 0.351 0.354 0.358 0.364 -9999 -9999 -9999 -9999 0.347 0.34 0.333 0.321 0.309 0.301 0.291 0.288 0.286 0.295 0.308 0.297 0.284 0.301 0.323 0.325 0.327 0.328 0.329 0.327 0.323 0.324 0.325 0.33 0.336 0.341 0.349 0.351 0.352 0.353 0.355 0.358 0.361 0.358 0.356 0.365 0.379 0.384 0.392 0.379
-9999 -9999 -9999 -9999 -9999 -9999 -9999 -9999 -9999 -9999 -9999 -9999 -9999 -9999 -9999 -9999 -9999 -9999 -9999 -9999 -9999 -9999 -9999 -9999 -9999 -9999 -9999 0.383 0.378 0.365 0.364 0.356 -9999 -9999 -9999 -9999 0.342 0.316 0.31 0.308 0.3 0.301 0.302 0.319 0.31 0.285 0.298 0.323 0.312 0.295 0.299 0.313 0.323 0.33 0.33 0.33 0.325 0.32 0.322 0.324 0.332 0.339 0.344 0.35 0.355 0.359 0.353 0.35 0.356 0.359 0.355 0.353 0.377 0.4 0.377 0.369 0.37
-9999 -9999 -9999 -9999 -9999 -9999 -9999 -9999 -9999 -9999 -9999 -9999 -9999 -9999 -9999 -9999 -9999 -9999 -9999 -9999 -9999 -9999 -9999 -9999 -9999 -9999 -9999 -9999 -9999 -9999 -9999 -9999 -9999 -9999 -9999 0.337 0.322 0.305 0.301 0.298 0.298 0.299 0.313 0.33 0.31 0.286 0.305 0.329 0.316 0.301 0.305 0.31 0.319 0.331 0.331 0.331 0.326 0.32 0.322 0.325 0.332 0.341 0.346 0.352 0.357 0.362 0.357 0.351 0.355 0.36 0.356 0.353 0.376 0.407 0.387 0.362 0.362
-9999 -9999 -9999 -9999 -9999 -9999 -9999 -9999 -9999 -9999 -9999 -9999 -9999 -9999 -9999 -9999 -9999 -9999 -9999 -9999 -9999 -9999 -9999 -9999 -9999 -9999 -9999 -9999 -9999 -9999 -9999 -9999 -9999 -9999 0.321 0.319 0.31 0.312 0.306 0.293 0.292 0.295 0.304 0.309 0.298 0.302 0.316 0.322 0.313 0.31 0.32 0.329 0.324 0.328 0.324 0.321 0.322 0.319 0.323 0.326 0.334 0.343 0.352 0.36 0.359 0.361 0.36 0.355 0.358 0.362 0.361 0.36 0.369 0.391 0.384 0.368 0.361
-9999 -9999 -9999 -9999 -9999 -9999 -9999 -9999 -9999 -9999 -9999 -9999 -9999 -9999 -9999 -9999 -9999 -9999 -9999 -9999 -9999 -9999 -9999 -9999 -9999 -9999 -9999 -9999 -9999 -9999 -9999 -9999 -9999 -9999 0.315 0.313 0.314 0.315 0.304 0.291 0.292 0.294 0.297 0.301 0.305 0.309 0.314 0.32 0.317 0.314 0.324 0.336 0.332 0.326 0.323 0.318 0.319 0.32 0.323 0.328 0.335 0.345 0.353 0.364 0.363 0.362 0.361 0.358 0.36 0.363 0.363 0.364 0.373 0.386 0.379 0.371 0.365
-9999 -9999 -9999 -9999 -9999 -9999 -9999 -9999 -9999 -9999 -9999 -9999 -9999 -9999 -9999 -9999 -9999 -9999 -9999 -9999 -9999 0.405 0.403 0.376 0.378 -9999 0.383 -9999 -9999 -9999 -9999 -9999 -9999 -9999 -9999 0.303 0.304 0.308 0.299 0.292 0.293 0.296 0.3 0.307 0.31 0.313 0.316 0.315 0.311 0.307 0.31 0.318 0.326 0.328 0.327 0.324 0.319 0.317 0.325 0.331 0.331 0.336 0.366 0.39 0.38 0.373 0.368 0.364 0.359 0.359 0.36 0.362 0.379 0.396 0.375 0.359 0.363
-9999 -9999 -9999 -9999 -9999 -9999 -9999 -9999 -9999 -9999 -9999 -9999 -9999 -9999 -9999 -9999 -9999 -9999 0.385 0.381 0.392 0.408 0.396 0.374 0.379 0.389 0.376 0.361 0.35 -9999 -9999 0.336 0.326 0.314 0.307 0.299 0.302 0.306 0.3 0.293 0.294 0.296 0.302 0.309 0.312 0.315 0.314 0.313 0.309 0.305 0.308 0.311 0.319 0.329 0.328 0.326 0.322 0.317 0.324 0.333 0.333 0.334 0.363 0.399 0.391 0.377 0.373 0.366 0.362 0.358 0.359 0.363 0.378 0.4 0.38 0.357 0.359
-9999 -9999 -9999 -9999 -9999 -9999 -9999 -9999 -9999 -9999 -9999 -9999 -9999 -9999 -9999 -9999 -9999 0.39 0.387 0.373 0.378 0.376 0.368 0.377 0.38 0.378 0.37 0.375 0.36 0.335 0.329 0.316 0.308 0.31 0.303 0.297 0.298 0.299 0.292 0.284 0.284 0.287 0.293 0.305 0.308 0.313 0.313 0.316 0.315 0.318 0.312 0.31 0.312 0.319 0.323 0.324 0.324 0.321 0.333 0.344 0.332 0.326 0.342 0.369 0.369 0.359 0.367 0.368 0.361 0.355 0.373 0.386 0.394 0.411 0.4 0.383 0.376
-9999 -9999 -9999 -9999 -9999 -9999 -9999 -9999 -9999 -9999 -9999 -9999 -9999 -9999 -9999 -9999 -9999 0.393 0.376 0.373 0.37 0.367 0.373 0.381 0.378 0.376 0.379 0.384 0.362 0.337 0.324 0.31 0.309 0.309 0.303 0.297 0.296 0.296 0.289 0.281 0.281 0.283 0.292 0.303 0.307 0.312 0.314 0.317 0.319 0.322 0.316 0.31 0.312 0.316 0.319 0.323 0.323 0.323 0.334 0.348 0.337 0.324 0.339 0.359 0.357 0.353 0.36 0.368 0.363 0.355 0.372 0.394 0.403 0.415 0.405 0.392 0.388
-9999 -9999 -9999 -9999 -9999 -9999 -9999 -9999 -9999 -9999 -9999 -9999 -9999 -9999 -9999 -9999 -9999 0.388 0.38 0.396 0.391 0.379 0.381 0.378 0.373 0.364 0.365 0.364 0.345 0.331 0.317 0.301 0.302 0.313 0.307 0.299 0.297 0.291 0.287 0.289 0.285 0.273 0.284 0.303 0.314 0.34 0.334 0.309 0.31 0.31 0.317 0.317 0.315 0.315 0.32 0.326 0.334 0.339 0.34 0.349 0.348 0.342 0.351 0.366 0.359 0.352 0.35 0.353 0.362 0.364 0.379 0.399 0.397 0.402 0.407 0.403 0.42
-9999 -9999 -9999 -9999 -9999 -9999 -9999 -9999 -9999 -9999 -9999 -9999 -9999 0.396 0.401 -9999 0.4 0.384 0.396 0.408 0.398 0.387 0.382 0.379 0.37 0.362 0.36 0.359 0.345 0.331 0.315 0.298 0.305 0.315 0.308 0.301 0.295 0.289 0.29 0.292 0.281 0.27 0.283 0.302 0.323 0.349 0.329 0.305 0.305 0.305 0.311 0.319 0.317 0.314 0.32 0.327 0.334 0.344 0.346 0.348 0.349 0.349 0.358 0.368 0.361 0.351 0.35 0.348 0.356 0.368 0.382 0.401 0.399 0.397 0.401 0.407 0.424
-9999 -9999 -9999 -9999 -9999 -9999 -9999 -9999 -9999 -9999 -9999 -9999 -9999 0.38 0.384 0.39 0.384 0.387 0.396 0.399 0.392 0.387 0.384 0.384 0.378 0.375 0.371 0.359 0.347 0.338 0.326 0.319 0.319 0.308 0.299 0.288 0.282 0.277 0.279 0.286 0.281 0.286 0.295 0.299 0.308 0.296 0.281 0.279 0.284 0.302 0.302 0.306 0.314 0.317 0.326 0.335 0.333 0.336 0.34 0.343 0.357 0.365 0.372 0.381 0.367 0.355 0.368 0.375 0.384 0.396 0.404 0.42 0.41 0.403 0.399 0.401 0.402
-9999 -9999 -9999 -9999 -9999 -9999 -9999 -9999 -9999 -9999 -9999 -9999 0.381 0.373 0.378 0.383 0.386 0.389 0.392 0.396 0.394 0.39 0.388 0.388 0.385 0.382 0.372 0.36 0.351 0.342 0.335 0.329 0.318 0.306 0.295 0.283 0.278 0.273 0.278 0.284 0.288 0.293 0.294 0.297 0.286 0.273 0.271 0.268 0.283 0.301 0.301 0.301 0.308 0.317 0.327 0.338 0.336 0.332 0.336 0.341 0.355 0.37 0.377 0.384 0.372 0.356 0.369 0.385 0.395 0.406 0.415 0.425 0.417 0.405 0.402 0.398 0.399
-9999 -9999 -9999 -9999 -9999 -9999 -9999 -9999 -9999 -9999 -9999 -9999 -9999 0.367 0.364 0.35 0.355 0.37 0.374 0.38 0.383 0.392 0.387 0.376 0.373 0.375 0.365 0.356 0.349 0.344 0.334 0.317 0.311 0.315 0.301 0.28 0.279 0.29 0.292 0.29 0.29 0.285 0.284 0.282 0.273 0.27 0.271 0.28 0.293 0.311 0.309 0.308 0.307 0.31 0.312 0.318 0.341 -9999 0.356 0.361 0.367 0.378 0.378 0.381 0.397 0.398 0.391 0.396 0.407 0.419 0.418 0.423 0.418 0.41 0.411 0.41 0.4
-9999 -9999 -9999 -9999 -9999 -9999 -9999 -9999 -9999 -9999 -9999 -9999 0.361 0.364 0.352 0.338 0.349 0.363 0.367 0.373 0.382 0.391 0.382 0.371 0.371 0.373 0.365 0.356 0.351 0.346 0.33 0.314 0.315 0.319 0.301 0.28 0.287 0.297 0.294 0.293 0.287 0.282 0.278 0.276 0.271 0.267 0.275 0.284 0.297 0.313 0.311 0.31 0.309 0.308 0.309 0.311 0.332 0.359 -9999 0.366 -9999 0.379 -9999 0.379 -9999 0.412 0.407 0.399 0.411 0.423 0.422 0.419 -9999 -9999 -9999 0.414 0.405
-9999 -9999 -9999 -9999 -9999 -9999 -9999 -9999 -9999 -9999 -9999 -9999 0.36 0.366 0.352 0.329 0.34 0.355 0.359 0.365 0.37 0.366 0.364 0.375 0.375 0.372 0.364 0.356 0.35 0.342 0.329 0.323 0.324 0.327 0.313 0.303 0.306 0.302 0.301 0.306 0.297 0.28 0.275 0.269 0.267 0.274 0.283 0.294 0.302 0.301 0.322 0.335 0.315 0.302 0.315 0.324 0.334 0.353 -9999 -9999 0.371 0.381 -9999 -9999 0.396 0.404 0.414 -9999 -9999 -9999 -9999 -9999 -9999 -9999 -9999 -9999 -9999
-9999 -9999 -9999 -9999 -9999 -9999 -9999 -9999 -9999 -9999 -9999 0.352 0.358 0.363 0.345 0.323 0.335 0.349 0.355 0.361 0.358 0.354 0.363 0.376 0.374 0.372 0.365 0.357 0.35 0.342 0.335 0.328 0.329 0.332 0.323 0.314 0.309 0.305 0.307 0.311 0.296 0.279 0.273 0.266 0.27 0.276 0.285 0.297 0.296 0.295 0.315 0.342 0.324 0.3 0.312 -9999 -9999 -9999 0.347 -9999 -9999 -9999 -9999 -9999 -9999 0.409 -9999 -9999 -9999 -9999 -9999 -9999 -9999 -9999 -9999 -9999 -9999
-9999 -9999 -9999 -9999 -9999 -9999 -9999 -9999 -9999 -9999 0.339 0.328 0.338 0.358 0.345 0.337 0.346 0.348 0.351 0.351 0.357 0.375 0.379 0.37 0.368 0.367 0.362 0.356 0.354 0.36 0.349 0.326 0.328 -9999 -9999 -9999 -9999 -9999 0.33 0.33 0.313 0.288 0.287 0.293 0.292 0.28 0.284 0.282 -9999 0.284 -9999 -9999 -9999 -9999 -9999 0.357 0.36 0.349 0.355 0.358 0.365 -9999 -9999 -9999 -9999 -9999 -9999 -9999 -9999 -9999 -9999 -9999 -9999 -9999 -9999 -9999 -9999
-9999 -9999 -9999 -9999 -9999 -9999 -9999 -9999 -9999 0.323 0.322 0.314 0.332 0.352 0.347 0.34 0.342 0.345 0.346 0.346 0.363 0.382 0.374 0.365 0.364 0.363 0.359 0.354 0.36 0.368 -9999 -9999 -9999 -9999 -9999 -9999 -9999 -9999 -9999 -9999 0.307 0.291 0.295 0.302 0.292 0.28 0.276 0.274 0.275 -9999 -9999 -9999 -9999 -9999 -9999 -9999 0.351 0.347 0.354 0.365 -9999 -9999 -9999 -9999 -9999 -9999 -9999 -9999 -9999 -9999 -9999 -9999 -9999 -9999 -9999 -9999 -9999
-9999 -9999 -9999 -9999 -9999 -9999 -9999 0.289 0.303 0.321 0.317 0.309 0.324 0.333 0.333 0.341 0.345 0.351 0.352 0.351 0.369 0.389 0.38 0.364 0.36 0.35 0.347 0.349 -9999 -9999 -9999 -9999 -9999 -9999 -9999 -9999 -9999 -9999 -9999 -9999 -9999 0.32 -9999 -9999 -9999 -9999 -9999 0.261 0.273 -9999 -9999 -9999 -9999 -9999 -9999 -9999 -9999 -9999 0.363 0.377 -9999 -9999 -9999 -9999 -9999 -9999 -9999 -9999 -9999 -9999 -9999 -9999 -9999 -9999 -9999 -9999 -9999
-9999 -9999 -9999 -9999 -9999 -9999 0.271 -9999 0.296 0.314 0.309 0.301 0.311 0.321 0.329 0.337 0.344 0.35 0.35 0.35 0.369 0.389 0.377 0.362 0.353 0.343 0.344 0.351 -9999 -9999 -9999 -9999 -9999 -9999 -9999 -9999 -9999 -9999 -9999 -9999 -9999 -9999 0.293 -9999 -9999 -9999 -9999 -9999 -9999 -9999 -9999 -9999 -9999 -9999 -9999 -9999 -9999 -9999 -9999 -9999 -9999 -9999 -9999 -9999 -9999 -9999 -9999 -9999 -9999 -9999 -9999 -9999 -9999 -9999 -9999 -9999 -9999
-9999 -9999 -9999 -9999 -9999 0.256 0.266 0.266 0.283 0.308 0.306 0.308 0.32 0.33 0.338 0.343 0.349 -9999 0.352 0.342 0.362 0.39 0.37 0.33 0.328 0.344 0.349 -9999 -9999 -9999 -9999 -9999 -9999 -9999 -9999 -9999 -9999 -9999 -9999 -9999 -9999 -9999 -9999 -9999 -9999 -9999 -9999 -9999 -9999 -9999 -9999 -9999 -9999 -9999 -9999 -9999 -9999 -9999 -9999 -9999 -9999 -9999 -9999 -9999 -9999 -9999 -9999 -9999 -9999 -9999 -9999 -9999 -9999 -9999 -9999 -9999 -9999
-9999 -9999 -9999 -9999 -9999 0.25 0.253 0.256 0.277 0.301 0.305 0.307 0.317 0.327 0.334 0.34 0.345 0.351 0.344 0.335 0.359 0.386 0.354 0.315 0.328 0.343 0.353 -9999 -9999 -9999 -9999 -9999 -9999 -9999 -9999 -9999 -9999 -9999 -9999 -9999 -9999 -9999 -9999 -9999 -9999 -9999 -9999 -9999 -9999 -9999 -9999 -9999 -9999 -9999 -9999 -9999 -9999 -9999 -9999 -9999 -9999 -9999 -9999 -9999 -9999 -9999 -9999 -9999 -9999 -9999 -9999 -9999 -9999 -9999 -9999 -9999 -9999
-9999 -9999 -9999 -9999 0.24 0.242 0.246 0.25 0.268 0.284 0.287 0.29 0.301 0.317 0.322 0.327 0.333 0.338 0.336 0.341 0.359 0.366 0.341 0.321 0.329 0.331 -9999 -9999 -9999 -9999 -9999 -9999 -9999 -9999 -9999 -9999 -9999 -9999 -9999 -9999 -9999 -9999 -9999 -9999 -9999 -9999 -9999 -9999 -9999 -9999 -9999 -9999 -9999 -9999 -9999 -9999 -9999 -9999 -9999 -9999 -9999 -9999 -9999 -9999 -9999 -9999 -9999 -9999 -9999 -9999 -9999 -9999 -9999 -9999 -9999 -9999 -9999
