Validation/Results/raw data/ReClimate_02_2024_2weatherlogisticsltd.asc
NCOLS 192
NROWS 249
XLLCENTER -225160.85627316462
YLLCENTER 29788.11610251502
CELLSIZE 5000.0
NODATA_VALUE -9999
[rows 68 to 101 of 249, columns 75 to 149 of 192]
-9999 -9999 -9999 -9999 -9999 -9999 -9999 -9999 -9999 -9999 -9999 89.476 89.263 89.131 89.042 88.752 88.49 88.193 88.141 88.175 87.951 87.852 87.858 87.778 87.825 87.933 87.83 87.731 87.639 -9999 -9999 -9999 -9999 -9999 -9999 -9999 -9999 -9999 -9999 -9999 -9999 -9999 -9999 -9999 -9999 -9999 -9999 -9999 -9999 -9999 -9999 -9999 -9999 -9999 -9999 -9999 -9999 -9999 -9999 -9999 -9999 -9999 -9999 -9999 -9999 -9999 -9999 -9999 -9999 -9999 -9999 -9999 -9999 -9999 -9999
-9999 -9999 -9999 -9999 -9999 -9999 -9999 -9999 -9999 -9999 -9999 -9999 -9999 89.369 88.638 87.173 87.334 88.235 88.171 88.053 88.048 88.195 88.088 87.965 87.963 87.856 87.754 -9999 -9999 -9999 -9999 -9999 -9999 -9999 -9999 -9999 -9999 -9999 -9999 -9999 -9999 -9999 -9999 -9999 -9999 -9999 -9999 -9999 -9999 -9999 -9999 -9999 -9999 -9999 -9999 -9999 -9999 -9999 -9999 -9999 -9999 -9999 -9999 -9999 -9999 -9999 -9999 -9999 -9999 -9999 -9999 -9999 -9999 -9999 -9999
-9999 -9999 -9999 -9999 -9999 -9999 -9999 89.683 -9999 -9999 88.875 89.223 89.093 88.926 87.79 87.084 87.763 88.423 88.272 88.143 88.204 88.237 88.112 87.994 87.883 87.777 87.676 -9999 -9999 -9999 -9999 -9999 -9999 -9999 -9999 -9999 -9999 -9999 -9999 -9999 -9999 -9999 -9999 -9999 -9999 -9999 -9999 -9999 -9999 -9999 -9999 -9999 -9999 -9999 -9999 -9999 -9999 -9999 -9999 -9999 -9999 -9999 -9999 -9999 -9999 -9999 -9999 -9999 -9999 -9999 -9999 -9999 -9999 -9999 -9999
-9999 -9999 -9999 -9999 -9999 88.673 89.034 91.003 89.95 89.083 89.099 88.528 88.234 88.031 87.802 87.958 88.172 87.971 87.776 87.505 87.668 88.151 88.028 87.911 87.801 87.696 87.596 -9999 -9999 -9999 -9999 -9999 -9999 -9999 -9999 -9999 -9999 -9999 -9999 -9999 -9999 -9999 -9999 -9999 -9999 -9999 -9999 -9999 -9999 -9999 -9999 -9999 -9999 -9999 -9999 -9999 -9999 -9999 -9999 -9999 -9999 -9999 -9999 -9999 -9999 -9999 -9999 -9999 -9999 -9999 -9999 -9999 -9999 -9999 -9999
-9999 -9999 -9999 -9999 -9999 88.209 90.423 -9999 90.034 89.45 89.034 88.647 88.428 88.443 88.445 88.31 88.148 88.103 87.807 87.407 87.746 88.065 87.943 87.828 87.718 87.614 -9999 87.42 -9999 -9999 -9999 -9999 -9999 -9999 -9999 -9999 -9999 -9999 -9999 -9999 -9999 -9999 -9999 -9999 -9999 -9999 -9999 -9999 -9999 -9999 -9999 -9999 -9999 -9999 -9999 -9999 -9999 -9999 -9999 -9999 -9999 -9999 -9999 -9999 -9999 -9999 -9999 -9999 -9999 -9999 -9999 -9999 -9999 -9999 -9999
-9999 -9999 -9999 -9999 -9999 -9999 89.859 89.898 89.397 88.865 88.455 87.814 87.913 88.155 88.163 88.259 88.291 88.335 87.972 87.567 87.763 87.927 87.825 87.745 87.635 87.531 87.432 87.343 -9999 -9999 -9999 -9999 -9999 -9999 -9999 -9999 -9999 -9999 -9999 -9999 -9999 -9999 -9999 -9999 -9999 -9999 -9999 -9999 -9999 -9999 -9999 -9999 -9999 -9999 -9999 -9999 -9999 -9999 -9999 -9999 -9999 -9999 -9999 -9999 -9999 -9999 -9999 -9999 -9999 -9999 -9999 -9999 -9999 -9999 -9999
-9999 -9999 -9999 -9999 -9999 -9999 -9999 89.022 88.535 88.043 87.573 87.605 87.709 87.702 87.832 88.025 87.859 87.23 87.157 87.334 87.516 87.659 87.62 87.662 87.553 87.448 87.348 87.281 -9999 -9999 -9999 -9999 -9999 -9999 -9999 -9999 -9999 -9999 -9999 -9999 -9999 -9999 -9999 -9999 -9999 -9999 -9999 -9999 -9999 -9999 -9999 -9999 -9999 -9999 -9999 -9999 -9999 -9999 -9999 -9999 -9999 -9999 -9999 -9999 -9999 -9999 -9999 -9999 -9999 -9999 -9999 -9999 -9999 -9999 -9999
-9999 -9999 -9999 -9999 -9999 87.639 88.055 84.295 85.061 87.349 87.39 87.438 87.327 87.108 87.225 87.26 86.988 87.071 87.106 86.743 87.066 87.646 87.692 87.58 87.472 -9999 87.266 -9999 -9999 -9999 -9999 -9999 -9999 87.53 87.549 87.598 -9999 -9999 -9999 -9999 -9999 -9999 -9999 -9999 -9999 -9999 -9999 -9999 -9999 -9999 -9999 -9999 -9999 -9999 -9999 -9999 -9999 -9999 -9999 -9999 -9999 -9999 -9999 -9999 -9999 -9999 -9999 -9999 -9999 -9999 -9999 -9999 -9999 -9999 -9999
85.771 -9999 -9999 -9999 -9999 -9999 83.594 83.696 85.53 86.918 86.925 86.829 86.622 86.473 86.09 85.099 85.555 86.651 86.29 85.803 86.483 87.404 87.422 87.432 87.393 87.287 -9999 -9999 -9999 -9999 87.33 87.375 87.436 87.494 87.54 87.59 87.646 87.689 87.73 87.766 87.802 87.833 87.863 87.89 87.916 87.94 87.967 87.989 88.01 88.03 88.058 88.152 -9999 -9999 -9999 -9999 -9999 -9999 -9999 -9999 -9999 -9999 -9999 -9999 -9999 -9999 -9999 -9999 -9999 -9999 -9999 -9999 -9999 -9999 -9999
84.115 -9999 -9999 -9999 85.42 -9999 83.918 85.38 86.041 85.74 85.749 85.505 85.653 86.18 85.629 85.561 86.173 86.259 86.19 86.427 86.943 87.009 87.084 87.15 87.182 -9999 -9999 -9999 -9999 87.295 87.321 87.379 87.442 87.5 87.554 87.604 87.65 87.693 87.732 87.769 87.803 87.834 87.864 87.891 87.917 87.941 87.964 87.985 88.006 88.027 88.052 88.08 -9999 -9999 -9999 -9999 -9999 -9999 -9999 -9999 -9999 -9999 -9999 -9999 -9999 -9999 -9999 -9999 -9999 -9999 -9999 -9999 -9999 -9999 -9999
82.908 -9999 -9999 -9999 84.574 84.456 85.017 85.179 85.02 84.974 84.897 84.823 85.321 85.762 85.668 85.558 85.741 86.07 86.282 86.429 86.521 86.613 86.707 86.801 -9999 -9999 87.138 87.219 87.249 87.286 87.346 87.41 87.471 87.527 87.58 87.629 87.674 87.716 87.754 87.79 87.823 87.854 87.883 87.91 87.936 87.96 87.983 88.005 88.026 88.048 88.07 88.092 88.12 -9999 -9999 -9999 -9999 -9999 -9999 -9999 -9999 -9999 -9999 -9999 -9999 -9999 -9999 -9999 -9999 -9999 -9999 -9999 -9999 -9999 -9999
82.976 -9999 83.705 -9999 83.846 83.883 83.864 83.695 83.916 84.395 84.36 84.182 84.604 84.813 84.799 84.995 85.239 85.426 85.648 85.989 86.11 86.223 86.334 86.447 -9999 86.744 86.976 87.166 87.289 87.337 87.393 87.451 87.508 87.562 87.612 87.659 87.703 87.743 87.78 87.815 87.847 87.877 87.905 87.932 87.957 87.981 88.004 88.026 88.048 88.07 88.093 88.117 88.143 -9999 -9999 -9999 -9999 -9999 -9999 -9999 -9999 -9999 -9999 -9999 -9999 -9999 -9999 -9999 -9999 -9999 -9999 -9999 -9999 -9999 -9999
-9999 82.682 -9999 -9999 -9999 82.884 82.773 82.952 83.321 83.511 83.454 83.564 83.9 84.214 84.468 84.764 84.86 84.886 85.236 85.562 85.698 85.831 85.967 86.125 86.35 86.583 86.836 87.067 87.251 87.397 87.447 87.5 87.552 87.603 87.65 87.695 87.736 87.774 87.81 87.843 87.874 87.903 87.93 87.956 87.98 88.004 88.026 88.049 88.071 88.093 88.117 88.142 88.17 -9999 -9999 -9999 -9999 -9999 -9999 -9999 -9999 -9999 -9999 -9999 -9999 -9999 -9999 -9999 -9999 -9999 -9999 -9999 -9999 -9999 -9999
81.475 -9999 -9999 -9999 -9999 82.196 82.433 82.697 -9999 83.081 83.076 82.912 83.39 83.936 84.273 84.483 84.563 84.747 84.965 85.119 85.279 85.446 85.638 85.848 86.135 86.408 86.666 86.917 87.162 87.354 87.505 87.553 87.601 87.648 87.693 87.734 87.773 87.809 87.843 87.874 87.904 87.931 87.957 87.982 88.006 88.029 88.051 88.073 88.096 88.119 88.143 88.169 88.199 -9999 -9999 -9999 -9999 -9999 -9999 -9999 -9999 -9999 -9999 -9999 -9999 -9999 -9999 -9999 -9999 -9999 -9999 -9999 -9999 -9999 -9999
80.667 -9999 -9999 -9999 80.473 -9999 -9999 82.129 82.361 82.564 82.502 82.6 83.083 83.47 83.784 84.003 84.212 84.413 84.541 84.685 84.874 85.103 85.338 85.649 85.952 86.236 86.505 86.766 87.021 87.273 87.466 87.609 87.654 87.697 87.738 87.777 87.814 87.847 87.879 87.908 87.936 87.962 87.986 88.01 88.033 88.055 88.077 88.099 88.122 88.145 88.17 88.197 -9999 -9999 -9999 -9999 -9999 -9999 -9999 -9999 -9999 -9999 -9999 -9999 -9999 -9999 -9999 -9999 -9999 -9999 -9999 -9999 -9999 -9999 -9999
78.028 79.965 78.868 -9999 -9999 -9999 81.13 81.432 -9999 81.683 81.942 82.327 82.694 83.093 83.385 83.638 83.867 83.999 84.137 84.315 84.536 84.778 85.12 85.459 85.774 86.07 86.325 86.526 86.813 87.144 87.396 87.585 87.708 87.749 87.787 87.823 87.857 87.888 87.917 87.944 87.97 87.994 88.017 88.04 88.062 88.084 88.105 88.127 88.15 88.173 88.199 -9999 -9999 -9999 -9999 -9999 -9999 -9999 -9999 -9999 -9999 -9999 -9999 -9999 -9999 -9999 -9999 -9999 -9999 -9999 -9999 -9999 -9999 -9999 -9999
77.568 79.196 78.223 -9999 77.81 78.859 80.425 80.742 80.876 81.093 81.45 81.715 82.108 82.573 82.876 83.166 83.407 83.584 83.777 84.009 84.252 84.589 84.933 85.273 85.6 85.908 86.146 86.374 86.705 87.018 87.283 87.529 87.71 87.802 87.838 87.871 87.902 87.93 87.957 87.981 88.005 88.028 88.05 88.071 88.092 88.113 88.134 88.156 88.179 88.203 88.229 -9999 -9999 -9999 -9999 -9999 -9999 -9999 -9999 -9999 -9999 -9999 -9999 -9999 -9999 -9999 -9999 -9999 -9999 -9999 -9999 -9999 -9999 -9999 -9999
78.199 78.43 78.055 78.185 78.317 79.254 -9999 77.703 78.614 80.681 80.872 80.881 81.329 81.772 82.104 82.492 82.826 83.193 83.459 83.736 84.097 84.451 84.792 85.12 85.435 85.749 86.026 86.319 86.624 86.898 87.168 87.437 87.672 87.839 87.891 87.921 87.949 87.974 87.998 88.02 88.042 88.063 88.083 88.103 88.123 88.144 88.165 88.186 88.209 88.234 -9999 -9999 -9999 -9999 -9999 -9999 -9999 -9999 -9999 -9999 -9999 -9999 -9999 -9999 -9999 -9999 -9999 -9999 -9999 -9999 -9999 -9999 -9999 -9999 -9999
-9999 -9999 -9999 77.965 78.106 -9999 77.553 76.618 78.373 80.118 80.213 80.324 80.747 81.147 81.52 81.876 82.327 82.814 83.164 83.566 83.947 84.308 84.652 84.983 85.308 85.619 85.915 86.209 86.5 86.782 87.059 87.333 87.605 87.812 87.944 87.972 87.996 88.019 88.04 88.06 88.079 88.099 88.118 88.137 88.156 88.176 88.196 88.218 88.241 88.273 -9999 -9999 -9999 -9999 -9999 -9999 -9999 -9999 -9999 -9999 -9999 -9999 -9999 -9999 -9999 -9999 -9999 -9999 -9999 -9999 -9999 -9999 -9999 -9999 -9999
-9999 -9999 75.617 76.919 -9999 76.434 76.033 -9999 78.747 78.047 78.663 80.06 80.409 80.695 80.999 81.231 81.124 79.948 81.047 83.086 83.462 83.764 84.112 84.57 84.965 85.443 85.755 86.066 86.374 86.673 86.952 87.223 87.494 87.751 87.932 88.023 88.044 88.064 88.082 88.1 88.117 88.135 88.152 88.171 88.189 88.208 88.231 88.259 88.292 88.339 -9999 -9999 -9999 -9999 -9999 -9999 -9999 -9999 -9999 -9999 -9999 -9999 -9999 -9999 -9999 -9999 -9999 -9999 -9999 -9999 -9999 -9999 -9999 -9999 -9999
-9999 -9999 73.582 -9999 -9999 74.914 76.329 78.122 77.276 75.818 77.392 79.558 79.845 80.137 80.416 80.825 79.862 78.544 80.593 82.954 83.3 83.599 84.016 84.382 84.841 85.256 85.576 85.894 86.211 86.52 86.826 87.131 87.425 87.694 87.929 88.074 88.092 88.108 88.123 88.139 88.155 88.172 88.191 88.212 88.235 88.259 88.289 88.322 88.36 88.404 -9999 -9999 -9999 -9999 -9999 -9999 -9999 -9999 -9999 -9999 -9999 -9999 -9999 -9999 -9999 -9999 -9999 -9999 -9999 -9999 -9999 -9999 -9999 -9999 -9999
-9999 -9999 -9999 -9999 -9999 -9999 76.867 77.077 76.645 77.216 78.527 78.956 79.27 79.655 78.51 74.848 75.952 80.561 81.778 81.357 82.118 83.544 83.935 84.36 84.742 85.071 85.395 85.715 86.035 86.355 86.677 87.0 87.313 87.625 87.918 88.085 88.153 88.165 88.179 88.194 88.21 88.228 88.248 88.271 88.296 88.323 88.353 88.388 88.427 -9999 -9999 -9999 -9999 -9999 -9999 -9999 -9999 -9999 -9999 -9999 -9999 -9999 -9999 -9999 -9999 -9999 -9999 -9999 -9999 -9999 -9999 -9999 -9999 -9999 -9999
-9999 -9999 -9999 -9999 75.438 75.834 -9999 76.414 77.001 77.535 77.978 78.43 78.874 79.369 77.354 76.867 79.889 81.422 80.96 79.966 81.403 83.141 83.633 84.22 84.56 84.892 85.219 85.543 85.865 86.188 86.513 86.841 87.173 87.503 87.808 88.063 88.216 88.227 88.24 88.255 88.271 88.29 88.31 88.332 88.357 88.385 88.417 88.452 88.493 -9999 -9999 -9999 -9999 -9999 -9999 -9999 -9999 -9999 -9999 -9999 -9999 -9999 -9999 -9999 -9999 -9999 -9999 -9999 -9999 -9999 -9999 -9999 -9999 -9999 -9999
-9999 -9999 -9999 73.506 74.801 75.253 75.674 76.139 76.687 77.164 77.656 78.135 78.608 79.149 79.217 79.814 80.883 81.441 81.229 81.704 82.741 82.906 83.475 84.04 84.382 84.718 85.048 85.374 85.699 86.023 86.349 86.677 87.009 87.334 87.652 87.963 88.18 88.276 88.299 88.314 88.33 88.349 88.37 88.393 88.418 88.447 88.479 88.516 -9999 -9999 -9999 -9999 -9999 -9999 -9999 -9999 -9999 -9999 -9999 -9999 -9999 -9999 -9999 -9999 -9999 -9999 -9999 -9999 -9999 -9999 -9999 -9999 -9999 -9999 -9999
-9999 -9999 -9999 72.87 -9999 74.84 75.395 75.925 76.441 76.936 77.414 77.882 78.371 78.969 79.583 80.172 80.741 81.293 81.831 82.327 82.606 82.878 83.4 83.863 84.209 84.547 84.879 85.208 85.534 85.858 86.183 86.508 86.834 87.153 87.472 87.803 88.08 88.248 88.324 88.371 88.388 88.407 88.428 88.452 88.478 88.508 88.541 88.58 -9999 -9999 -9999 -9999 -9999 -9999 -9999 -9999 -9999 -9999 -9999 -9999 -9999 -9999 -9999 -9999 -9999 -9999 -9999 -9999 -9999 -9999 -9999 -9999 -9999 -9999 -9999
-9999 -9999 -9999 -9999 -9999 74.636 75.199 75.726 76.082 76.18 76.798 77.634 78.158 78.79 79.175 79.15 79.892 81.085 81.619 82.127 82.401 82.483 83.033 83.688 84.037 84.378 84.713 85.043 85.369 85.694 86.017 86.339 86.659 86.977 87.298 87.632 87.953 88.189 88.29 88.378 88.444 88.464 88.486 88.51 88.538 88.568 88.614 88.689 -9999 -9999 -9999 -9999 -9999 -9999 -9999 -9999 -9999 -9999 -9999 -9999 -9999 -9999 -9999 -9999 -9999 -9999 -9999 -9999 -9999 -9999 -9999 -9999 -9999 -9999 -9999
-9999 -9999 -9999 72.252 73.882 74.47 75.014 75.525 75.265 74.283 75.474 77.406 -9999 78.609 78.83 79.173 80.137 80.883 81.412 81.925 82.153 82.348 82.951 83.516 83.868 84.211 84.548 84.879 85.207 85.531 85.853 86.173 86.491 86.81 87.134 87.469 87.82 88.078 88.223 88.341 88.44 88.52 88.543 88.568 88.597 88.629 88.368 87.846 -9999 -9999 -9999 -9999 -9999 -9999 -9999 -9999 -9999 -9999 -9999 -9999 -9999 -9999 -9999 -9999 -9999 -9999 -9999 -9999 -9999 -9999 -9999 -9999 -9999 -9999 -9999
73.452 72.958 71.936 -9999 73.8 74.296 74.823 75.319 74.406 73.165 75.002 -9999 77.744 78.179 78.415 78.302 79.289 80.682 81.206 81.715 82.063 82.403 82.887 83.249 83.621 84.046 84.385 84.717 85.046 85.37 85.692 86.012 86.331 86.652 86.978 87.316 87.673 87.962 88.145 88.27 88.402 88.512 88.6 88.627 88.657 88.69 87.666 -9999 -9999 -9999 -9999 -9999 -9999 -9999 -9999 -9999 -9999 -9999 -9999 -9999 -9999 -9999 -9999 -9999 -9999 -9999 -9999 -9999 -9999 -9999 -9999 -9999 -9999 -9999 -9999
73.42 73.2 73.526 73.544 -9999 74.154 74.625 75.108 74.069 72.846 74.791 76.997 77.51 78.048 78.012 77.825 79.128 80.486 81.009 81.526 81.92 82.173 82.536 82.869 83.416 83.882 84.223 84.558 84.887 85.213 85.536 85.857 86.178 86.502 86.832 87.173 87.532 87.853 88.07 88.195 88.33 88.476 88.595 88.686 88.717 -9999 -9999 -9999 -9999 -9999 -9999 -9999 -9999 -9999 -9999 -9999 -9999 -9999 -9999 -9999 -9999 -9999 -9999 -9999 -9999 -9999 -9999 -9999 -9999 -9999 -9999 -9999 -9999 -9999 -9999
-9999 -9999 73.591 -9999 72.926 71.098 72.285 74.892 74.482 -9999 -9999 76.819 77.19 77.208 77.158 77.148 78.494 80.058 80.636 81.331 81.738 82.176 82.524 82.949 83.37 83.72 84.063 84.4 84.732 85.06 85.385 85.709 86.033 86.361 86.695 87.04 87.402 87.751 87.996 88.122 88.258 88.407 88.564 88.691 -9999 -9999 -9999 -9999 -9999 -9999 -9999 -9999 -9999 -9999 -9999 -9999 -9999 -9999 -9999 -9999 -9999 -9999 -9999 -9999 -9999 -9999 -9999 -9999 -9999 -9999 -9999 -9999 -9999 -9999 -9999
72.761 -9999 73.65 73.645 72.157 71.116 73.043 74.684 -9999 -9999 76.048 76.635 76.81 77.0 76.717 75.717 77.401 79.593 80.309 81.083 81.601 82.085 82.471 82.844 83.206 83.56 83.906 84.245 84.58 84.911 85.239 85.567 85.895 86.227 86.566 86.915 87.281 87.656 87.925 88.052 88.189 88.338 88.502 88.668 88.778 -9999 -9999 -9999 -9999 -9999 -9999 -9999 -9999 -9999 -9999 -9999 -9999 -9999 -9999 -9999 -9999 -9999 -9999 -9999 -9999 -9999 -9999 -9999 -9999 -9999 -9999 -9999 -9999 -9999 -9999
72.712 73.713 73.705 73.698 73.095 73.266 74.218 -9999 -9999 75.331 75.809 76.114 76.524 77.144 76.893 77.418 78.904 79.546 80.249 80.82 81.373 81.914 82.303 82.679 83.044 83.401 83.749 84.09 84.417 84.737 85.056 85.375 85.697 86.024 86.359 86.708 87.074 87.462 87.744 87.899 88.052 88.222 88.413 88.618 -9999 -9999 -9999 -9999 -9999 -9999 -9999 -9999 -9999 -9999 -9999 -9999 -9999 -9999 -9999 -9999 -9999 -9999 -9999 -9999 -9999 -9999 -9999 -9999 -9999 -9999 -9999 -9999 -9999 -9999 -9999
73.39 73.861 -9999 -9999 73.76 73.884 -9999 -9999 -9999 75.093 75.408 75.866 76.519 77.138 77.682 78.183 78.851 79.529 80.102 80.683 81.242 81.744 82.136 82.515 82.88 83.226 83.561 83.886 84.204 84.52 84.835 85.151 85.47 85.796 86.13 86.477 86.841 87.228 87.522 87.692 87.848 88.021 88.215 88.424 -9999 -9999 -9999 -9999 -9999 -9999 -9999 -9999 -9999 -9999 -9999 -9999 -9999 -9999 -9999 -9999 -9999 -9999 -9999 -9999 -9999 -9999 -9999 -9999 -9999 -9999 -9999 -9999 -9999 -9999 -9999
-9999 74.172 74.111 74.045 -9999 -9999 -9999 -9999 74.667 74.947 75.333 75.977 76.624 77.252 77.794 78.378 79.001 79.537 80.102 80.614 80.636 79.716 80.618 82.33 82.678 83.015 83.343 83.665 83.983 84.299 84.614 84.93 85.25 85.576 85.911 86.258 86.622 87.005 87.304 87.476 87.627 87.791 87.974 -9999 -9999 -9999 -9999 -9999 -9999 -9999 -9999 -9999 -9999 -9999 -9999 -9999 -9999 -9999 -9999 -9999 -9999 -9999 -9999 -9999 -9999 -9999 -9999 -9999 -9999 -9999 -9999 -9999 -9999 -9999 -9999
