Validation/Results/raw data/ReClimate_12_2023_1_Temperatureweatherlogisticsltd.asc
NCOLS 192
NROWS 249
XLLCENTER -225160.85627316462
YLLCENTER 29788.11610251502
CELLSIZE 5000.0
NODATA_VALUE -9999
[rows 136 to 169 of 249, columns 77 to 153 of 192]
-9999 -9999 -9999 -9999 -9999 -9999 -9999 -9999 -0.071 -9999 -0.021 0.019 0.043 0.066 0.118 0.174 0.195 0.213 0.204 0.189 0.237 0.291 0.309 0.328 0.332 0.333 0.327 0.317 -9999 -9999 -9999 -9999 -9999 -9999 0.466 0.469 0.486 0.505 0.491 0.468 0.455 0.436 0.448 0.462 0.481 0.503 0.49 0.475 0.502 0.533 0.5 0.457 0.47 0.487 0.495 0.496 0.468 -9999 -9999 -9999 -9999 -9999 -9999 -9999 -9999 -9999 -9999 -9999 -9999 -9999 -9999 -9999 -9999 -9999 -9999 -9999 -9999
-9999 -9999 -9999 -9999 -9999 -9999 -9999 -9999 -0.07 -0.061 -0.028 0.011 0.043 0.08 0.126 0.166 0.192 0.224 0.22 0.213 0.256 0.293 0.315 0.343 0.342 0.321 0.319 0.323 -9999 -9999 -9999 -9999 0.459 0.459 0.463 0.477 0.483 0.468 0.462 0.474 0.461 0.448 0.456 0.458 0.469 0.475 0.461 0.445 0.458 0.48 0.488 0.469 0.471 0.48 0.495 0.51 0.47 -9999 -9999 -9999 -9999 -9999 -9999 -9999 -9999 -9999 -9999 -9999 -9999 -9999 -9999 -9999 -9999 -9999 -9999 -9999 -9999
-0.188 -9999 -9999 -9999 -9999 -9999 -9999 -9999 -0.075 -0.061 -0.03 -9999 -9999 0.089 0.126 0.165 0.199 -9999 0.229 0.23 0.263 0.3 0.327 0.357 0.345 0.323 -9999 -9999 -9999 -9999 -9999 0.45 0.456 0.462 0.475 0.488 0.476 0.46 0.47 0.48 0.47 0.458 0.459 0.46 0.463 0.467 0.454 0.438 0.45 0.466 0.471 0.478 0.48 0.482 0.496 0.514 0.487 -9999 -9999 -9999 -9999 -9999 -9999 -9999 -9999 -9999 -9999 -9999 -9999 -9999 -9999 -9999 -9999 -9999 -9999 -9999 -9999
-0.173 -9999 -9999 -9999 -9999 -9999 -9999 -9999 -9999 -0.063 -0.041 -9999 -9999 -9999 0.105 0.147 0.18 0.208 -9999 -9999 0.259 0.29 0.305 0.3 0.298 -9999 -9999 -9999 -9999 -9999 0.422 0.446 0.455 0.47 0.486 0.505 0.503 0.51 0.51 0.491 0.481 0.468 0.465 0.455 0.457 0.455 0.452 0.468 0.464 0.47 0.463 0.462 0.479 0.491 0.472 0.469 0.475 -9999 -9999 -9999 -9999 -9999 -9999 -9999 -9999 -9999 -9999 -9999 -9999 -9999 -9999 -9999 -9999 -9999 -9999 -9999 -9999
-9999 -9999 -9999 -9999 -9999 -9999 -9999 -9999 -9999 -9999 -0.056 -9999 -9999 -9999 -9999 0.144 0.176 0.204 -9999 -9999 -9999 0.286 0.284 -9999 -9999 -9999 -9999 -9999 -9999 -9999 0.442 0.453 0.467 0.482 0.498 0.517 0.526 0.532 0.518 0.499 0.488 0.476 0.467 0.457 0.456 0.455 0.468 0.483 0.48 0.475 0.468 0.46 0.477 0.498 0.48 0.457 0.461 -9999 -9999 -9999 -9999 -9999 -9999 -9999 -9999 -9999 -9999 -9999 -9999 -9999 -9999 -9999 -9999 -9999 -9999 -9999 -9999
-9999 -9999 -9999 -9999 -9999 -9999 -9999 -9999 -9999 -9999 -0.049 -9999 -9999 -9999 -9999 -9999 0.168 0.183 -9999 -9999 -9999 -9999 -9999 -9999 -9999 -9999 -9999 -9999 -9999 -9999 0.455 0.45 0.457 0.455 0.467 0.476 0.483 0.491 0.48 0.48 0.47 0.466 0.455 0.443 0.444 0.456 0.466 0.476 0.482 0.484 0.476 0.469 0.481 0.498 0.473 0.445 0.458 0.474 -9999 -9999 -9999 -9999 -9999 -9999 -9999 -9999 -9999 -9999 -9999 -9999 -9999 -9999 -9999 -9999 -9999 -9999 -9999
-0.175 -0.171 -0.167 -9999 -9999 -9999 -9999 -9999 -9999 -9999 -0.046 -9999 -9999 -9999 -9999 -9999 -9999 -9999 -9999 -9999 -9999 -9999 -9999 -9999 -9999 -9999 -9999 -9999 -9999 0.455 0.457 0.455 0.454 0.451 0.458 0.465 0.472 0.479 0.478 0.476 0.471 0.466 0.454 0.441 0.45 0.46 0.467 0.476 0.482 0.49 0.482 0.474 0.485 0.5 0.475 0.444 0.456 0.473 0.483 -9999 -9999 -9999 -9999 -9999 -9999 -9999 -9999 -9999 -9999 -9999 -9999 -9999 -9999 -9999 -9999 -9999 -9999
-0.182 -0.167 -0.17 -9999 -9999 -9999 -9999 -9999 -9999 -9999 -9999 -9999 -9999 -9999 -9999 -9999 -9999 -9999 -9999 -9999 -9999 -9999 -9999 -9999 -9999 -9999 -9999 -9999 0.443 0.463 0.454 0.424 0.429 0.447 0.45 0.446 0.458 0.483 0.486 0.497 0.495 0.495 0.478 0.444 0.445 0.438 0.444 0.456 0.464 0.477 0.469 0.46 0.464 0.472 0.462 0.44 0.452 0.467 0.465 -9999 -9999 -9999 -9999 -9999 -9999 -9999 -9999 -9999 -9999 -9999 -9999 -9999 -9999 -9999 -9999 -9999 -9999
-0.17 -9999 -0.163 -0.156 -9999 -9999 -9999 -9999 -9999 -9999 -9999 -9999 -9999 -9999 -9999 -9999 -9999 -9999 -9999 -9999 -9999 -9999 -9999 -9999 -9999 -9999 -9999 -9999 0.447 0.471 0.448 0.418 0.433 0.451 0.448 0.444 0.466 0.49 0.498 0.509 0.509 0.51 0.482 0.449 0.441 0.433 0.441 0.452 0.462 0.476 0.467 0.457 0.46 0.465 0.454 0.442 0.452 0.468 0.465 0.462 0.452 -9999 -9999 -9999 -9999 -9999 -9999 -9999 -9999 -9999 -9999 -9999 -9999 -9999 -9999 -9999 -9999
-0.166 -9999 -9999 -0.147 -9999 -9999 -9999 -9999 -9999 -9999 -9999 -9999 -9999 -9999 -9999 -9999 -9999 -9999 -9999 -9999 -9999 -9999 -9999 -9999 -9999 -9999 -9999 -9999 0.442 0.463 0.447 0.436 0.456 0.484 0.477 0.459 0.48 0.503 0.513 0.527 0.524 0.513 0.493 0.481 0.481 0.49 0.488 0.462 0.458 0.463 0.461 0.454 0.437 0.428 0.442 0.444 0.46 0.479 0.462 0.451 0.437 0.433 0.43 0.422 -9999 -9999 -9999 -9999 -9999 -9999 -9999 -9999 -9999 -9999 -9999 -9999 -9999
-0.152 -0.127 -9999 -0.137 -9999 -9999 -9999 -9999 -9999 -9999 -9999 -9999 -9999 -9999 -9999 -9999 -9999 -9999 -9999 -9999 -9999 -9999 -9999 -9999 -9999 -9999 -9999 0.444 0.456 0.465 0.459 0.45 0.474 0.501 0.488 0.47 0.49 0.512 0.524 0.537 0.528 0.517 0.508 0.497 0.504 0.514 0.494 0.469 0.465 0.462 0.459 0.457 0.439 0.418 0.431 0.448 0.464 0.484 0.468 0.449 0.435 0.42 0.429 0.428 0.415 0.416 -9999 -9999 -9999 -9999 -9999 -9999 -9999 -9999 -9999 -9999 -9999
-0.126 -9999 -0.134 -9999 -9999 -9999 -9999 -9999 -9999 -9999 -9999 -9999 -9999 -9999 -9999 -9999 -9999 -9999 -9999 -9999 -9999 -9999 -9999 -9999 -9999 -9999 -9999 -9999 0.478 0.49 0.479 0.452 0.465 0.462 0.462 0.49 0.503 0.504 0.507 0.5 0.504 0.534 0.528 0.523 0.516 0.48 0.463 0.454 0.456 0.456 0.45 0.445 0.437 0.422 0.441 0.463 0.463 0.473 0.496 0.503 0.459 0.428 0.418 0.416 0.41 0.41 0.423 -9999 -9999 -9999 -9999 -9999 -9999 -9999 -9999 -9999 -9999
-0.113 -0.115 -0.119 -9999 -9999 -9999 -9999 -9999 -9999 -9999 -9999 -9999 -9999 -9999 -9999 -9999 -9999 -9999 -9999 -9999 -9999 -9999 -9999 -9999 -9999 -9999 -9999 -9999 -9999 0.503 0.484 0.459 0.456 0.452 0.476 0.503 0.505 0.504 0.497 0.489 0.514 0.544 0.54 0.535 0.505 0.469 0.461 0.452 0.454 0.456 0.45 0.444 0.436 0.427 0.446 0.471 0.472 0.473 0.495 0.525 0.485 0.436 0.427 0.418 0.411 0.404 0.421 0.426 -9999 -9999 -9999 -9999 -9999 -9999 -9999 -9999 -9999
-0.093 -0.092 -9999 -9999 -9999 -9999 -9999 -9999 -9999 -9999 -9999 -9999 -9999 -9999 -9999 -9999 -9999 -9999 -9999 -9999 -9999 -9999 -9999 -9999 -9999 -9999 -9999 -9999 -9999 0.495 0.477 0.473 0.47 0.464 0.484 0.501 0.504 0.51 0.506 0.509 0.52 0.512 0.514 0.534 0.504 0.469 0.463 0.458 0.458 0.46 0.458 0.454 0.463 0.465 0.461 0.473 0.498 0.515 0.507 0.518 0.48 0.432 0.416 0.402 0.396 0.389 0.394 0.424 0.428 -9999 -9999 -9999 -9999 -9999 -9999 -9999 -9999
-0.07 -0.065 -9999 -9999 -9999 -9999 -9999 -9999 -9999 -9999 -9999 -9999 -9999 -9999 -9999 -9999 -9999 -9999 -9999 -9999 -9999 -9999 -9999 -9999 -9999 -9999 -9999 -9999 -9999 -9999 0.483 0.482 0.479 0.474 0.488 0.504 0.511 0.516 0.517 0.52 0.512 0.503 0.517 0.535 0.507 0.473 0.469 0.464 0.463 0.465 0.463 0.462 0.47 0.483 0.48 0.478 0.501 0.533 0.526 0.518 0.481 0.436 0.42 0.403 0.396 0.391 0.394 0.403 0.426 -9999 -9999 -9999 -9999 -9999 -9999 -9999 -9999
-9999 -9999 -9999 -9999 -9999 -9999 -9999 -9999 -9999 -9999 -9999 -9999 -9999 -9999 -9999 -9999 -9999 -9999 -9999 -9999 -9999 -9999 -9999 -9999 -9999 -9999 -9999 -9999 -9999 -9999 0.488 0.481 0.487 0.506 0.515 0.514 0.516 0.511 0.513 0.521 0.514 0.51 0.515 0.507 0.487 0.482 0.477 0.47 0.457 0.451 0.463 0.471 0.48 0.492 0.48 0.472 0.49 0.516 0.521 0.519 0.488 0.447 0.439 0.428 0.427 0.427 0.423 0.427 0.423 0.436 -9999 -9999 -9999 -9999 -9999 -9999 -9999
-9999 -9999 -9999 -9999 -9999 -9999 -9999 -9999 -9999 -9999 -9999 -9999 -9999 -9999 -9999 -9999 -9999 -9999 -9999 -9999 -9999 -9999 -9999 -9999 -9999 -9999 -9999 -9999 -9999 -9999 -9999 0.484 0.502 0.521 0.521 0.52 0.518 0.512 0.517 0.525 0.52 0.516 0.508 0.499 0.494 0.489 0.483 0.476 0.464 0.451 0.463 0.478 0.487 0.499 0.487 0.474 0.491 0.513 0.517 0.523 0.493 0.456 0.449 0.443 0.443 0.445 0.443 0.442 0.438 0.435 -9999 -9999 -9999 -9999 -9999 -9999 -9999
-9999 -9999 -9999 -9999 -9999 -9999 -9999 -9999 -9999 -9999 -9999 -9999 -9999 -9999 -9999 -9999 -9999 -9999 -9999 -9999 -9999 -9999 -9999 -9999 -9999 -9999 -9999 -9999 -9999 -9999 -9999 0.488 -9999 0.509 0.513 0.525 0.523 -9999 0.522 0.529 0.525 0.52 0.511 0.5 0.491 0.475 0.464 0.447 0.453 0.452 0.463 0.478 0.498 0.516 0.517 0.511 0.496 0.499 0.5 0.504 0.497 0.474 0.47 0.466 0.463 0.464 0.456 0.452 0.439 0.43 0.437 -9999 -9999 -9999 -9999 -9999 -9999
-9999 -9999 -9999 -9999 -9999 -9999 -9999 -9999 -9999 -9999 -9999 -9999 -9999 -9999 -9999 -9999 -9999 -9999 -9999 -9999 -9999 -9999 -9999 -9999 -9999 -9999 -9999 -9999 -9999 -9999 -9999 -9999 0.498 0.507 -9999 -9999 -9999 -9999 0.529 0.534 0.529 0.525 0.515 0.504 0.49 0.473 0.458 0.44 0.448 0.457 0.468 0.482 0.501 0.526 0.528 0.53 0.516 0.5 0.501 0.504 0.496 0.488 0.484 0.48 0.478 0.476 0.469 0.462 0.449 0.434 0.44 0.45 0.46 -9999 -9999 -9999 -9999
-9999 -9999 -9999 -9999 -9999 -9999 -9999 -9999 -9999 -9999 -9999 -9999 -9999 -9999 -9999 -9999 -9999 -9999 -9999 -9999 -9999 -9999 -9999 -9999 -9999 -9999 -9999 -9999 -9999 -9999 -9999 -9999 0.495 0.501 -9999 -9999 -9999 -9999 0.542 0.531 0.532 0.546 0.524 0.474 0.457 0.441 0.431 0.438 0.458 0.476 0.479 0.489 0.504 0.526 0.519 0.516 0.518 0.511 0.509 0.51 0.501 0.491 0.482 0.475 0.474 0.473 0.469 0.462 0.452 0.44 0.449 0.461 0.466 -9999 -9999 -9999 -9999
-9999 -9999 -9999 -9999 -9999 -9999 -9999 -9999 -9999 -9999 -9999 -9999 -9999 -9999 -9999 -9999 -9999 -9999 -9999 -9999 -9999 -9999 -9999 -9999 -9999 -9999 -9999 -9999 -9999 -9999 -9999 -9999 0.499 -9999 -9999 -9999 -9999 0.551 0.547 0.538 0.548 0.562 0.52 0.47 0.454 0.436 0.44 0.446 0.466 0.49 0.493 0.498 0.513 0.532 0.525 0.517 0.518 0.521 0.52 0.519 0.51 0.5 0.491 0.481 0.481 0.482 0.476 0.472 0.462 0.452 0.458 0.473 -9999 -9999 -9999 -9999 -9999
-9999 -9999 -9999 -9999 -9999 -9999 -9999 -9999 -9999 -9999 -9999 -9999 -9999 -9999 -9999 -9999 -9999 -9999 -9999 -9999 -9999 -9999 -9999 -9999 -9999 -9999 -9999 -9999 -9999 -9999 -9999 -9999 -9999 -9999 -9999 -9999 -9999 0.551 0.552 0.561 0.567 0.566 0.541 0.541 0.524 0.498 0.503 0.503 0.516 0.516 0.501 0.495 0.519 0.545 0.545 0.542 0.528 0.522 0.515 0.51 0.511 0.507 0.491 0.477 0.491 0.501 0.491 0.485 0.479 0.471 0.476 0.487 -9999 -9999 -9999 -9999 -9999
-9999 -9999 -9999 -9999 -9999 -9999 -9999 -9999 -9999 -9999 -9999 -9999 -9999 -9999 -9999 -9999 -9999 -9999 -9999 -9999 -9999 -9999 -9999 -9999 -9999 -9999 -9999 -9999 -9999 -9999 -9999 -9999 -9999 -9999 -9999 -9999 -9999 0.556 0.565 0.575 0.573 0.571 0.572 0.575 0.555 0.532 0.533 0.535 0.534 0.533 0.52 0.503 0.525 0.555 0.555 0.556 0.544 0.529 0.522 0.514 0.515 0.517 0.501 0.484 0.497 0.515 0.507 0.498 0.493 0.488 0.492 0.501 -9999 -9999 -9999 -9999 -9999
-9999 -9999 -9999 -9999 -9999 -9999 -9999 -9999 -9999 -9999 -9999 -9999 -9999 -9999 -9999 -9999 -9999 -9999 -9999 -9999 -9999 -9999 -9999 -9999 -9999 -9999 -9999 -9999 -9999 -9999 -9999 -9999 -9999 -9999 -9999 -9999 0.562 0.563 0.575 0.592 0.589 0.584 0.583 0.575 0.549 0.506 0.521 0.57 0.547 0.533 0.561 0.57 0.558 0.567 0.548 0.537 0.552 0.554 0.536 0.523 0.523 0.526 0.53 0.524 0.513 0.516 0.506 0.495 0.495 0.492 0.487 0.506 0.509 -9999 -9999 -9999 -9999
-9999 -9999 -9999 -9999 -9999 -9999 -9999 -9999 -9999 -9999 -9999 -9999 -9999 -9999 -9999 -9999 -9999 -9999 -9999 -9999 -9999 -9999 -9999 -9999 -9999 -9999 -9999 -9999 -9999 -9999 -9999 -9999 -9999 -9999 -9999 -9999 0.568 0.569 0.584 0.601 0.598 0.596 0.589 0.582 0.547 0.504 0.542 0.59 0.567 0.541 0.567 0.6 0.59 0.578 0.561 0.539 0.551 0.569 0.553 0.533 0.533 0.536 0.54 0.546 0.536 0.524 0.515 0.503 0.503 0.503 0.498 0.493 0.513 -9999 -9999 -9999 -9999
-9999 -9999 -9999 -9999 -9999 -9999 -9999 -9999 -9999 -9999 -9999 -9999 -9999 -9999 -9999 -9999 -9999 -9999 -9999 -9999 -9999 -9999 -9999 -9999 -9999 -9999 -9999 -9999 -9999 -9999 -9999 -9999 -9999 -9999 -9999 0.553 0.558 0.571 0.58 0.58 0.588 0.612 0.608 0.607 0.568 0.513 0.548 0.588 0.572 0.549 0.574 0.606 0.606 0.6 0.594 0.581 0.558 0.554 0.563 0.559 0.556 0.557 0.553 0.553 0.546 0.536 0.523 0.509 0.508 0.509 0.508 0.506 0.506 0.522 -9999 -9999 -9999
-9999 -9999 -9999 -9999 -9999 -9999 -9999 -9999 -9999 -9999 -9999 -9999 -9999 -9999 -9999 -9999 -9999 -9999 -9999 -9999 -9999 -9999 -9999 -9999 -9999 -9999 -9999 -9999 -9999 -9999 -9999 -9999 -9999 -9999 -9999 0.551 0.562 0.576 0.577 0.578 0.599 0.623 0.623 0.622 0.578 0.525 0.555 0.593 0.578 0.559 0.583 0.614 0.613 0.613 0.608 0.602 0.582 0.556 0.564 0.575 0.573 0.571 0.567 0.563 0.556 0.548 0.535 0.52 0.519 0.52 0.519 0.521 0.521 0.523 -9999 -9999 -9999
-9999 -9999 -9999 -9999 -9999 -9999 -9999 -9999 -9999 -9999 -9999 -9999 -9999 -9999 -9999 -9999 -9999 -9999 -9999 -9999 -9999 -9999 -9999 -9999 -9999 -9999 -9999 -9999 -9999 -9999 -9999 -9999 -9999 -9999 -9999 0.557 0.566 0.571 0.578 0.593 0.608 0.615 0.613 0.606 0.573 0.554 0.58 0.605 0.611 0.606 0.601 0.614 0.602 0.594 0.59 0.583 0.588 0.579 0.574 0.578 0.572 0.568 0.566 0.563 0.564 0.561 0.56 0.553 0.543 0.538 0.534 0.535 0.531 0.53 0.531 -9999 -9999
-9999 -9999 -9999 -9999 -9999 -9999 -9999 -9999 -9999 -9999 -9999 -9999 -9999 -9999 -9999 -9999 -9999 -9999 -9999 -9999 -9999 -9999 -9999 -9999 -9999 -9999 -9999 -9999 -9999 -9999 -9999 -9999 -9999 -9999 -9999 -9999 0.568 0.575 0.588 0.603 0.609 0.616 0.613 0.606 0.59 0.572 0.591 0.615 0.62 0.627 0.624 0.62 0.608 0.594 0.589 0.583 0.587 0.594 0.59 0.586 0.58 0.574 0.571 0.57 0.571 0.573 0.573 0.574 0.564 -9999 0.55 -9999 0.546 0.544 0.545 0.551 -9999
-9999 -9999 -9999 -9999 -9999 -9999 -9999 -9999 -9999 -9999 -9999 -9999 -9999 -9999 -9999 -9999 -9999 -9999 -9999 -9999 -9999 -9999 -9999 -9999 -9999 -9999 -9999 -9999 -9999 -9999 -9999 -9999 -9999 -9999 -9999 0.557 0.567 0.582 0.592 0.6 0.609 0.627 0.623 0.615 0.6 0.581 0.592 0.596 0.6 0.61 0.611 0.608 0.59 0.571 0.575 0.574 0.594 0.609 0.595 0.584 0.579 0.572 0.565 0.56 0.575 0.585 0.577 0.573 0.56 0.547 0.555 0.56 -9999 0.561 0.563 0.57 0.568
-9999 -9999 -9999 -9999 -9999 -9999 -9999 -9999 -9999 -9999 -9999 -9999 -9999 -9999 -9999 -9999 -9999 -9999 -9999 -9999 -9999 -9999 -9999 -9999 -9999 -9999 -9999 -9999 -9999 -9999 -9999 -9999 -9999 -9999 -9999 0.557 0.571 0.59 0.596 0.603 0.618 0.635 0.631 0.624 0.61 0.592 0.592 0.594 0.6 0.61 0.609 0.609 0.592 0.57 0.573 0.577 0.596 0.621 0.607 0.59 0.585 0.58 0.572 0.565 0.578 0.597 0.589 0.581 0.569 0.555 0.563 0.575 0.573 -9999 -9999 -9999 -9999
-9999 -9999 -9999 -9999 -9999 -9999 -9999 -9999 -9999 -9999 -9999 -9999 -9999 -9999 -9999 -9999 -9999 -9999 -9999 -9999 -9999 -9999 -9999 -9999 -9999 -9999 -9999 -9999 -9999 -9999 -9999 -9999 -9999 -9999 0.557 0.585 0.591 0.58 0.583 0.583 0.594 0.605 0.604 0.613 0.604 0.6 0.597 0.59 0.601 0.613 0.596 0.585 0.586 0.575 0.576 0.579 0.589 0.607 0.609 0.602 0.605 0.605 0.598 0.59 0.592 0.604 0.593 0.583 0.574 0.563 0.576 0.59 0.597 0.6 0.6 -9999 -9999
-9999 -9999 -9999 -9999 -9999 -9999 -9999 -9999 -9999 -9999 -9999 -9999 -9999 -9999 -9999 -9999 -9999 -9999 -9999 -9999 -9999 -9999 -9999 -9999 -9999 -9999 -9999 -9999 -9999 -9999 -9999 -9999 -9999 -9999 0.591 0.599 0.591 0.58 0.58 0.58 0.589 0.599 0.606 0.614 0.612 0.609 0.603 0.595 0.606 0.62 0.604 0.584 0.583 0.583 0.584 0.587 0.596 0.609 0.61 0.613 0.616 0.622 0.616 0.609 0.61 0.615 0.605 0.594 0.587 0.579 0.592 0.609 0.617 0.627 0.622 0.62 -9999
-9999 -9999 -9999 -9999 -9999 -9999 -9999 -9999 -9999 -9999 -9999 -9999 -9999 -9999 -9999 -9999 -9999 -9999 -9999 -9999 -9999 -9999 -9999 -9999 -9999 -9999 -9999 -9999 -9999 -9999 -9999 -9999 -9999 -9999 -9999 0.602 0.593 0.581 0.584 0.593 0.602 0.608 0.612 0.612 0.602 0.576 0.572 0.577 0.585 0.597 0.591 0.576 0.578 0.579 0.588 0.595 0.592 0.597 0.607 0.615 0.622 0.629 0.629 0.626 0.625 0.627 0.627 0.623 0.618 0.613 0.611 0.619 0.631 0.643 0.633 0.624 0.632
