Validation/Results/raw data/ReClimate_03_2024_2.asc
NCOLS 192
NROWS 249
XLLCENTER -225160.85627316462
YLLCENTER 29788.11610251502
CELLSIZE 5000.0
NODATA_VALUE -9999
[rows 165 to 197 of 249, columns 74 to 147 of 192]
-9999 -9999 -9999 -9999 -9999 -9999 -9999 -9999 -9999 -9999 -9999 -9999 -9999 -9999 -9999 -9999 -9999 -9999 -9999 -9999 -9999 -9999 -9999 -9999 -9999 -9999 -9999 -9999 -9999 -9999 -9999 -9999 -9999 -9999 -9999 -9999 -9999 -9999 99.686 99.577 99.472 99.371 99.275 99.161 99.011 98.862 98.723 98.593 98.475 98.363 98.255 98.151 98.049 97.949 97.851 97.754 97.655 97.556 97.453 97.348 97.239 97.133 97.029 96.926 96.819 96.714 96.637 96.568 96.498 96.425 96.349 96.269 96.184 96.095
-9999 -9999 -9999 -9999 -9999 -9999 -9999 -9999 -9999 -9999 -9999 -9999 -9999 -9999 -9999 -9999 -9999 -9999 -9999 -9999 -9999 -9999 -9999 -9999 -9999 -9999 -9999 -9999 -9999 -9999 -9999 -9999 -9999 -9999 -9999 -9999 -9999 -9999 99.645 99.535 99.432 99.335 99.239 99.109 98.963 98.822 98.686 98.558 98.441 98.328 98.219 98.113 98.009 97.907 97.806 97.706 97.605 97.502 97.397 97.29 97.187 97.084 96.982 96.877 96.767 96.65 96.542 96.461 96.385 96.307 96.226 96.141 96.058 95.974
-9999 -9999 -9999 -9999 -9999 -9999 -9999 -9999 -9999 -9999 -9999 -9999 -9999 -9999 -9999 -9999 -9999 -9999 -9999 -9999 -9999 -9999 -9999 -9999 -9999 -9999 -9999 -9999 -9999 -9999 -9999 -9999 -9999 -9999 -9999 -9999 -9999 99.735 99.61 99.502 99.399 99.302 99.199 99.062 98.92 98.783 98.651 98.526 98.411 98.297 98.186 98.077 97.97 97.865 97.761 97.657 97.553 97.447 97.343 97.242 97.14 97.039 96.935 96.826 96.711 96.59 96.461 96.353 96.268 96.185 96.103 96.023 95.938 95.852
-9999 -9999 -9999 -9999 -9999 -9999 -9999 -9999 -9999 -9999 -9999 -9999 -9999 -9999 -9999 -9999 -9999 -9999 -9999 -9999 -9999 -9999 -9999 -9999 -9999 -9999 -9999 -9999 -9999 -9999 -9999 -9999 -9999 -9999 -9999 -9999 -9999 99.703 99.583 99.477 99.375 99.28 99.166 99.02 98.882 98.748 98.618 98.497 98.383 98.269 98.155 98.043 97.931 97.823 97.715 97.608 97.501 97.399 97.299 97.199 97.098 96.993 96.885 96.771 96.652 96.526 96.392 96.251 96.15 96.067 95.981 95.896 95.81 95.719
-9999 -9999 -9999 -9999 -9999 -9999 -9999 -9999 -9999 -9999 -9999 -9999 -9999 -9999 -9999 -9999 -9999 -9999 -9999 -9999 -9999 -9999 -9999 -9999 -9999 -9999 -9999 -9999 -9999 -9999 -9999 -9999 -9999 -9999 -9999 -9999 -9999 -9999 99.56 99.456 99.358 99.262 99.138 98.99 98.85 98.719 98.591 98.47 98.355 98.241 98.124 98.008 97.892 97.779 97.668 97.562 97.46 97.359 97.26 97.159 97.054 96.945 96.832 96.714 96.59 96.461 96.327 96.181 96.04 95.943 95.854 95.765 95.674 95.579
-9999 -9999 -9999 -9999 -9999 -9999 -9999 -9999 -9999 -9999 -9999 -9999 -9999 -9999 -9999 -9999 -9999 -9999 100.65 100.632 -9999 -9999 -9999 -9999 -9999 -9999 -9999 -9999 -9999 -9999 -9999 -9999 -9999 -9999 -9999 -9999 -9999 99.65 99.54 99.439 99.343 99.244 99.114 98.968 98.829 98.696 98.569 98.449 98.333 98.216 98.095 97.972 97.852 97.739 97.631 97.526 97.424 97.324 97.222 97.116 97.008 96.896 96.781 96.661 96.537 96.401 96.257 96.106 95.944 95.818 95.723 95.63 95.535 95.438
-9999 -9999 -9999 -9999 -9999 -9999 -9999 -9999 -9999 -9999 -9999 -9999 -9999 -9999 -9999 -9999 -9999 -9999 100.639 100.622 100.608 -9999 -9999 -9999 -9999 -9999 -9999 -9999 -9999 -9999 -9999 -9999 -9999 -9999 -9999 -9999 99.746 99.629 99.523 99.424 99.329 99.227 99.095 98.951 98.813 98.681 98.554 98.432 98.314 98.191 98.067 97.947 97.831 97.716 97.607 97.5 97.396 97.294 97.19 97.081 96.969 96.854 96.736 96.61 96.476 96.334 96.184 96.026 95.861 95.7 95.588 95.492 95.394 95.293
-9999 -9999 -9999 -9999 -9999 -9999 -9999 -9999 -9999 -9999 -9999 -9999 -9999 -9999 -9999 -9999 -9999 100.649 100.631 100.616 100.602 100.589 -9999 -9999 -9999 -9999 -9999 -9999 -9999 -9999 -9999 -9999 -9999 100.072 -9999 -9999 99.722 99.611 99.508 99.411 99.318 -9999 99.077 98.936 98.799 98.668 98.54 98.418 98.295 98.173 98.052 97.933 97.815 97.7 97.587 97.477 97.37 97.264 97.157 97.046 96.931 96.813 96.685 96.55 96.409 96.26 96.106 95.944 95.774 95.593 95.452 95.35 95.25 95.147
-9999 -9999 -9999 -9999 -9999 -9999 -9999 -9999 -9999 -9999 -9999 -9999 -9999 -9999 -9999 -9999 -9999 100.642 100.625 100.611 100.597 100.585 100.573 100.562 -9999 -9999 -9999 100.481 100.433 -9999 100.29 100.219 100.157 100.08 99.959 -9999 -9999 99.606 99.504 -9999 -9999 99.206 99.07 98.93 98.795 98.664 98.536 98.408 98.28 98.156 98.037 97.918 97.8 97.683 97.567 97.453 97.341 97.231 97.12 97.006 96.887 96.758 96.624 96.482 96.336 96.184 96.026 95.86 95.684 95.497 95.323 95.204 95.102 94.997
-9999 -9999 -9999 -9999 -9999 -9999 -9999 -9999 -9999 -9999 -9999 -9999 -9999 -9999 -9999 -9999 -9999 -9999 100.619 100.605 100.593 100.581 100.569 -9999 -9999 100.539 100.52 100.502 100.449 100.381 100.31 100.244 100.182 100.09 99.953 99.829 -9999 99.607 99.506 99.411 99.32 99.211 99.075 98.936 98.801 98.669 98.536 98.401 98.269 98.144 98.019 97.901 97.782 97.664 97.546 97.428 97.311 97.195 97.079 96.959 96.83 96.695 96.554 96.41 96.261 96.106 95.944 95.774 95.592 95.399 95.198 95.054 94.951 94.845
-9999 -9999 -9999 -9999 -9999 -9999 -9999 -9999 -9999 -9999 -9999 -9999 -9999 -9999 -9999 -9999 -9999 -9999 100.614 100.6 100.588 100.374 99.799 99.708 99.475 99.736 100.485 100.477 100.467 100.402 100.333 100.268 100.202 100.089 99.955 99.831 99.718 99.614 99.516 99.424 99.335 99.227 99.092 98.955 98.82 98.686 98.55 98.413 98.28 98.149 98.018 97.888 97.764 97.644 97.524 97.404 97.284 97.162 97.037 96.904 96.766 96.625 96.481 96.335 96.183 96.026 95.861 95.687 95.501 95.3 95.083 94.908 94.798 94.691
-9999 -9999 -9999 -9999 -9999 -9999 -9999 -9999 -9999 -9999 -9999 -9999 -9999 -9999 -9999 -9999 -9999 -9999 -9999 100.596 100.584 100.227 100.085 99.975 100.017 100.455 100.573 100.56 100.482 100.424 100.356 100.293 100.215 100.092 99.96 99.84 99.728 99.625 99.531 99.44 99.353 99.247 99.114 98.978 98.844 98.71 98.573 98.436 98.302 98.169 98.033 97.895 97.764 97.635 97.504 97.379 97.256 97.129 96.993 96.852 96.706 96.559 96.411 96.259 96.104 95.944 95.777 95.6 95.411 95.207 94.987 94.783 94.651 94.539
-9999 -9999 -9999 -9999 -9999 -9999 -9999 -9999 -9999 -9999 -9999 -9999 -9999 -9999 -9999 -9999 -9999 -9999 -9999 -9999 -9999 100.369 99.992 100.063 100.203 100.331 100.516 100.477 100.442 100.411 100.379 100.314 100.226 100.096 99.969 99.852 99.743 99.641 99.546 99.458 99.372 99.268 99.138 99.003 98.87 98.735 98.598 98.461 98.328 98.195 98.057 97.918 97.779 97.646 97.511 97.371 97.232 97.089 96.945 96.798 96.651 96.502 96.352 96.2 96.043 95.881 95.712 95.533 95.343 95.141 94.924 94.707 94.554 94.442
-9999 -9999 -9999 -9999 -9999 -9999 -9999 -9999 -9999 -9999 -9999 -9999 -9999 -9999 -9999 -9999 -9999 -9999 -9999 -9999 100.577 100.327 100.192 100.314 100.449 100.513 100.419 100.404 100.394 100.396 100.395 100.331 100.236 100.103 99.98 99.867 99.76 99.659 99.565 99.475 99.391 99.29 99.164 99.03 98.897 98.762 98.625 98.488 98.356 98.223 98.085 97.942 97.797 97.66 97.523 97.381 97.226 97.062 96.895 96.741 96.592 96.444 96.295 96.145 95.991 95.832 95.665 95.488 95.3 95.1 94.888 94.661 94.488 94.37
-9999 -9999 -9999 -9999 -9999 -9999 -9999 -9999 -9999 -9999 -9999 -9999 -9999 -9999 -9999 -9999 -9999 -9999 -9999 100.526 100.574 100.498 100.488 100.556 100.547 100.478 100.426 100.386 100.289 100.335 100.41 100.345 100.242 100.113 99.993 99.882 99.778 99.679 99.585 99.496 99.412 99.314 99.192 99.06 98.927 98.792 98.654 98.518 98.386 98.252 98.114 97.97 97.818 97.67 97.529 97.379 97.219 97.048 96.875 96.699 96.535 96.384 96.237 96.09 95.94 95.785 95.622 95.45 95.267 95.071 94.86 94.63 94.432 94.302
-9999 -9999 -9999 -9999 -9999 -9999 -9999 -9999 -9999 -9999 -9999 -9999 -9999 -9999 -9999 -9999 -9999 -9999 100.535 100.417 100.572 100.562 100.553 100.544 100.535 100.482 100.407 100.363 100.392 100.44 100.417 100.357 100.251 100.125 100.008 99.9 99.798 99.701 99.608 99.519 99.434 99.34 99.223 99.092 98.959 98.824 98.685 98.55 98.418 98.281 98.138 97.99 97.837 97.681 97.531 97.375 97.207 97.035 96.861 96.683 96.504 96.33 96.177 96.034 95.888 95.738 95.58 95.413 95.234 95.042 94.833 94.603 94.39 94.239
-9999 -9999 -9999 -9999 -9999 -9999 -9999 -9999 -9999 -9999 -9999 -9999 -9999 -9999 -9999 -9999 100.561 100.574 100.504 100.58 100.57 100.561 100.552 100.543 100.531 100.447 100.332 100.319 100.246 100.264 100.313 100.252 100.145 100.052 100.025 99.918 99.818 99.723 99.632 99.544 99.459 99.367 99.257 99.126 98.994 98.858 98.719 98.582 98.443 98.301 98.156 98.008 97.855 97.698 97.533 97.369 97.198 97.025 96.848 96.669 96.488 96.308 96.13 95.978 95.837 95.691 95.537 95.374 95.198 95.008 94.801 94.571 94.349 94.187
-9999 -9999 -9999 -9999 -9999 -9999 -9999 -9999 -9999 -9999 -9999 -9999 -9999 -9999 -9999 100.554 100.544 100.558 100.591 -9999 -9999 -9999 -9999 100.415 100.519 100.43 100.359 100.218 99.939 100.083 100.389 100.323 100.196 100.133 100.044 99.939 99.84 99.746 99.656 99.57 99.485 99.399 99.293 99.164 99.03 98.892 98.746 98.604 98.464 98.322 98.177 98.028 97.875 97.713 97.538 97.364 97.193 97.018 96.84 96.657 96.472 96.291 96.116 95.942 95.789 95.645 95.494 95.333 95.159 94.97 94.763 94.532 94.302 94.132
-9999 -9999 -9999 -9999 -9999 -9999 -9999 -9999 -9999 -9999 -9999 -9999 -9999 -9999 -9999 100.524 100.186 100.304 -9999 -9999 -9999 -9999 -9999 100.11 100.165 100.184 100.351 100.108 99.847 100.008 99.986 99.938 99.884 99.888 100.065 99.96 99.862 99.769 99.681 99.596 99.513 99.431 99.329 99.202 99.064 98.914 98.767 98.626 98.486 98.343 98.198 98.05 97.897 97.728 97.545 97.365 97.192 97.017 96.837 96.652 96.461 96.275 96.107 95.942 95.764 95.603 95.451 95.291 95.117 94.928 94.719 94.486 94.25 94.074
-9999 -9999 -9999 -9999 -9999 -9999 -9999 -9999 -9999 -9999 -9999 -9999 -9999 -9999 -9999 -9999 -9999 100.305 -9999 -9999 -9999 -9999 -9999 100.35 99.846 99.946 99.986 99.832 99.79 99.928 100.353 100.259 99.973 100.058 100.066 99.968 99.872 99.782 99.696 99.614 99.535 99.457 99.362 99.234 99.084 98.934 98.789 98.649 98.508 98.366 98.221 98.073 97.915 97.744 97.557 97.372 97.197 97.022 96.842 96.658 96.47 96.285 96.114 95.951 95.775 95.581 95.409 95.245 95.071 94.882 94.673 94.441 94.205 94.028
-9999 -9999 -9999 -9999 -9999 -9999 -9999 -9999 -9999 -9999 -9999 -9999 -9999 -9999 -9999 -9999 -9999 -9999 -9999 -9999 -9999 -9999 -9999 100.49 100.286 100.292 100.27 100.235 100.214 100.459 100.522 100.378 100.3 100.238 100.089 99.99 99.878 99.79 99.706 99.626 99.548 99.471 99.372 99.246 99.098 98.952 98.811 98.672 98.531 98.389 98.245 98.097 97.935 97.759 97.573 97.384 97.206 97.032 96.856 96.675 96.493 96.313 96.139 95.965 95.784 95.589 95.377 95.196 95.021 94.832 94.624 94.393 94.16 94.0
-9999 -9999 -9999 -9999 -9999 -9999 -9999 -9999 -9999 -9999 -9999 -9999 -9999 -9999 -9999 -9999 -9999 -9999 -9999 -9999 -9999 -9999 -9999 -9999 100.453 100.427 100.403 100.382 100.363 100.334 100.168 100.153 100.132 100.033 100.01 99.925 99.878 99.796 99.715 99.635 99.556 99.466 99.368 99.249 99.107 98.967 98.831 98.694 98.555 98.414 98.27 98.122 97.956 97.776 97.591 97.401 97.22 97.048 96.874 96.698 96.517 96.335 96.156 95.976 95.79 95.593 95.38 95.157 94.968 94.779 94.571 94.342 94.13 93.984
-9999 -9999 -9999 -9999 -9999 -9999 -9999 -9999 -9999 -9999 -9999 -9999 -9999 -9999 -9999 -9999 -9999 -9999 -9999 -9999 -9999 -9999 -9999 100.424 100.41 100.386 100.365 100.345 100.327 100.237 100.239 100.233 100.157 100.107 100.019 99.955 99.876 99.797 99.721 99.642 99.551 99.457 99.361 99.248 99.119 98.984 98.852 98.717 98.58 98.44 98.297 98.144 97.976 97.795 97.611 97.423 97.239 97.067 96.891 96.71 96.528 96.346 96.164 95.981 95.793 95.595 95.382 95.149 94.922 94.722 94.52 94.304 94.106 93.991
-9999 -9999 -9999 -9999 -9999 -9999 -9999 -9999 -9999 -9999 -9999 -9999 -9999 -9999 -9999 -9999 -9999 -9999 -9999 -9999 -9999 -9999 -9999 100.385 100.371 100.349 100.329 100.31 100.293 100.281 100.249 100.226 100.195 100.114 100.032 99.95 99.872 99.797 99.721 99.634 99.543 99.45 99.354 99.25 99.134 99.003 98.873 98.741 98.607 98.469 98.327 98.169 97.997 97.817 97.634 97.447 97.258 97.075 96.895 96.713 96.531 96.35 96.168 95.984 95.794 95.594 95.38 95.148 94.894 94.677 94.48 94.27 94.088 94.004
-9999 -9999 -9999 -9999 -9999 -9999 -9999 -9999 -9999 -9999 -9999 -9999 -9999 -9999 -9999 -9999 -9999 -9999 -9999 -9999 -9999 -9999 -9999 100.349 100.335 100.314 100.296 100.114 99.634 99.774 100.223 100.216 100.175 100.102 100.026 99.947 99.87 99.794 99.711 99.62 99.53 99.439 99.347 99.252 99.144 99.024 98.896 98.767 98.635 98.5 98.36 98.2 98.021 97.84 97.658 97.463 97.263 97.074 96.892 96.711 96.531 96.351 96.169 95.984 95.792 95.59 95.377 95.151 94.906 94.652 94.444 94.236 94.088 94.027
-9999 -9999 -9999 -9999 -9999 -9999 -9999 -9999 -9999 -9999 -9999 -9999 -9999 -9999 -9999 -9999 -9999 -9999 -9999 -9999 -9999 -9999 -9999 -9999 100.3 100.281 100.264 100.03 100.097 100.298 100.202 100.188 100.151 100.09 100.018 99.945 99.869 99.788 99.696 99.605 99.517 99.428 99.337 99.248 99.154 99.048 98.922 98.795 98.665 98.533 98.393 98.231 98.053 97.867 97.669 97.466 97.26 97.067 96.886 96.707 96.528 96.348 96.166 95.979 95.789 95.592 95.382 95.159 94.918 94.653 94.41 94.21 94.091 94.062
-9999 -9999 -9999 -9999 -9999 -9999 -9999 -9999 -9999 -9999 -9999 -9999 -9999 -9999 -9999 -9999 -9999 -9999 -9999 -9999 -9999 -9999 -9999 -9999 100.14 100.155 100.234 100.088 99.583 99.699 100.177 100.162 100.129 100.076 100.008 99.939 99.865 99.774 99.682 99.592 99.504 99.416 99.328 99.245 99.159 99.059 98.947 98.823 98.697 98.567 98.427 98.264 98.083 97.885 97.676 97.462 97.253 97.059 96.88 96.701 96.523 96.345 96.165 95.981 95.792 95.595 95.388 95.167 94.927 94.663 94.392 94.199 94.107 94.094
-9999 -9999 -9999 -9999 -9999 -9999 -9999 -9999 -9999 -9999 -9999 -9999 -9999 -9999 -9999 -9999 -9999 -9999 -9999 -9999 -9999 -9999 -9999 100.208 99.99 100.075 100.205 99.837 99.558 99.821 99.854 99.914 100.107 100.064 99.997 99.93 99.851 99.761 99.67 99.581 99.493 99.406 99.324 99.242 99.157 99.067 98.967 98.851 98.727 98.6 98.46 98.294 98.099 97.895 97.681 97.464 97.249 97.054 96.876 96.699 96.522 96.345 96.166 95.983 95.794 95.598 95.39 95.168 94.929 94.669 94.405 94.21 94.135 94.126
-9999 -9999 -9999 -9999 -9999 -9999 -9999 -9999 -9999 -9999 -9999 -9999 -9999 -9999 -9999 -9999 -9999 -9999 -9999 -9999 -9999 -9999 -9999 100.03 100.112 100.152 100.078 99.879 99.735 99.768 99.813 99.964 100.086 100.049 99.986 99.916 99.831 99.745 99.659 99.571 99.484 99.402 99.322 99.241 99.157 99.072 98.979 98.88 98.758 98.633 98.491 98.312 98.106 97.898 97.688 97.474 97.255 97.052 96.873 96.697 96.521 96.345 96.165 95.982 95.793 95.595 95.387 95.165 94.926 94.687 94.437 94.24 94.167 94.157
-9999 -9999 -9999 -9999 -9999 -9999 -9999 -9999 -9999 -9999 -9999 -9999 -9999 -9999 -9999 -9999 -9999 -9999 -9999 -9999 -9999 -9999 -9999 100.13 100.137 99.985 99.675 99.573 99.502 99.64 99.963 100.026 100.015 99.998 99.975 99.896 99.811 99.728 99.645 99.562 99.478 99.398 99.318 99.238 99.157 99.073 98.99 98.897 98.791 98.667 98.513 98.312 98.108 97.902 97.694 97.482 97.265 97.057 96.87 96.693 96.517 96.34 96.161 95.977 95.786 95.588 95.379 95.158 94.938 94.71 94.473 94.276 94.198 94.187
-9999 -9999 -9999 -9999 -9999 -9999 -9999 -9999 -9999 -9999 -9999 -9999 -9999 -9999 -9999 -9999 -9999 -9999 -9999 -9999 -9999 -9999 100.085 100.099 100.086 99.915 99.904 99.834 99.746 99.919 99.929 99.94 99.992 99.993 99.953 99.868 99.782 99.699 99.617 99.538 99.462 99.384 99.306 99.227 99.147 99.065 98.984 98.902 98.808 98.69 98.512 98.314 98.111 97.907 97.7 97.489 97.274 97.067 96.871 96.687 96.51 96.333 96.152 95.967 95.776 95.576 95.37 95.166 94.955 94.738 94.521 94.333 94.237 94.216
-9999 -9999 -9999 -9999 -9999 -9999 -9999 -9999 -9999 -9999 -9999 -9999 -9999 -9999 -9999 -9999 -9999 -9999 -9999 -9999 -9999 100.068 100.061 100.047 100.034 100.023 100.012 99.904 99.731 99.827 100.09 100.073 99.95 99.939 99.894 99.82 99.74 99.661 99.585 99.512 99.439 99.366 99.291 99.214 99.135 99.054 98.974 98.897 98.808 98.676 98.507 98.312 98.112 97.911 97.705 97.496 97.282 97.076 96.88 96.683 96.5 96.321 96.14 95.953 95.76 95.568 95.376 95.179 94.976 94.759 94.564 94.4 94.285 94.245
-9999 -9999 -9999 -9999 -9999 -9999 -9999 -9999 -9999 -9999 -9999 -9999 -9999 -9999 -9999 -9999 -9999 -9999 -9999 100.045 100.037 100.023 100.008 99.994 99.982 99.971 99.961 99.766 99.574 99.987 99.97 99.894 99.88 99.865 99.826 99.768 99.693 99.621 99.553 99.485 99.415 99.345 99.274 99.201 99.125 99.045 98.965 98.885 98.781 98.649 98.493 98.307 98.11 97.908 97.702 97.491 97.278 97.073 96.878 96.678 96.483 96.301 96.12 95.935 95.755 95.572 95.387 95.195 94.992 94.784 94.608 94.464 94.334 94.279
