Validation/Results/raw data/ReClimate_02_2024_2_Temperatureweatherlogisticsltd.asc
NCOLS 192
NROWS 249
XLLCENTER -225160.85627316462
YLLCENTER 29788.11610251502
CELLSIZE 5000.0
NODATA_VALUE -9999
[rows 136 to 169 of 249, columns 77 to 153 of 192]
-9999 -9999 -9999 -9999 -9999 -9999 -9999 -9999 0.333 -9999 0.31 0.294 0.279 0.265 0.264 0.264 0.254 0.243 0.238 0.234 0.226 0.22 0.201 0.18 0.18 0.182 0.173 0.163 -9999 -9999 -9999 -9999 -9999 -9999 0.121 0.116 0.11 0.106 0.106 0.11 0.122 0.138 0.141 0.144 0.152 0.16 0.151 0.14 0.139 0.138 0.145 0.155 0.161 0.169 0.184 0.208 0.223 -9999 -9999 -9999 -9999 -9999 -9999 -9999 -9999 -9999 -9999 -9999 -9999 -9999 -9999 -9999 -9999 -9999 -9999 -9999 -9999
-9999 -9999 -9999 -9999 -9999 -9999 -9999 -9999 0.332 0.324 0.302 0.273 0.267 0.275 0.268 0.25 0.242 0.239 0.235 0.234 0.223 0.206 0.191 0.181 0.176 0.167 0.159 0.153 -9999 -9999 -9999 -9999 0.129 0.128 0.119 0.098 0.098 0.106 0.105 0.103 0.116 0.131 0.134 0.138 0.145 0.151 0.145 0.144 0.165 0.177 0.169 0.17 0.174 0.181 0.2 0.217 0.223 -9999 -9999 -9999 -9999 -9999 -9999 -9999 -9999 -9999 -9999 -9999 -9999 -9999 -9999 -9999 -9999 -9999 -9999 -9999 -9999
0.342 -9999 -9999 -9999 -9999 -9999 -9999 -9999 0.329 0.321 0.293 -9999 -9999 0.277 0.26 0.243 0.238 -9999 0.231 0.23 0.214 0.197 0.187 0.177 0.166 0.157 -9999 -9999 -9999 -9999 -9999 0.136 0.132 0.128 0.111 0.091 0.097 0.106 0.103 0.103 0.116 0.131 0.135 0.139 0.144 0.149 0.15 0.149 0.169 0.193 0.187 0.178 0.182 0.188 0.207 0.23 0.228 -9999 -9999 -9999 -9999 -9999 -9999 -9999 -9999 -9999 -9999 -9999 -9999 -9999 -9999 -9999 -9999 -9999 -9999 -9999 -9999
0.345 -9999 -9999 -9999 -9999 -9999 -9999 -9999 -9999 0.327 0.305 -9999 -9999 -9999 0.262 0.251 0.242 0.224 -9999 -9999 0.212 0.198 0.188 0.179 0.169 -9999 -9999 -9999 -9999 -9999 0.124 0.122 0.116 0.108 0.095 0.088 0.088 0.085 0.088 0.101 0.111 0.118 0.125 0.137 0.14 0.139 0.142 0.151 0.168 0.191 0.179 0.167 0.172 0.177 0.193 0.213 0.227 -9999 -9999 -9999 -9999 -9999 -9999 -9999 -9999 -9999 -9999 -9999 -9999 -9999 -9999 -9999 -9999 -9999 -9999 -9999 -9999
-9999 -9999 -9999 -9999 -9999 -9999 -9999 -9999 -9999 -9999 0.324 -9999 -9999 -9999 -9999 0.251 0.234 0.216 -9999 -9999 -9999 0.191 0.184 -9999 -9999 -9999 -9999 -9999 -9999 -9999 0.117 0.115 0.107 0.099 0.093 0.086 0.081 0.08 0.09 0.102 0.109 0.116 0.127 0.139 0.139 0.138 0.146 0.154 0.171 0.192 0.181 0.166 0.17 0.176 0.191 0.21 0.223 -9999 -9999 -9999 -9999 -9999 -9999 -9999 -9999 -9999 -9999 -9999 -9999 -9999 -9999 -9999 -9999 -9999 -9999 -9999 -9999
-9999 -9999 -9999 -9999 -9999 -9999 -9999 -9999 -9999 -9999 0.323 -9999 -9999 -9999 -9999 -9999 0.229 0.227 -9999 -9999 -9999 -9999 -9999 -9999 -9999 -9999 -9999 -9999 -9999 -9999 0.113 0.103 0.096 0.091 0.087 0.087 0.085 0.085 0.091 0.088 0.093 0.099 0.106 0.111 0.113 0.12 0.133 0.163 0.17 0.184 0.182 0.174 0.18 0.186 0.194 0.208 0.225 0.243 -9999 -9999 -9999 -9999 -9999 -9999 -9999 -9999 -9999 -9999 -9999 -9999 -9999 -9999 -9999 -9999 -9999 -9999 -9999
0.324 0.333 0.328 -9999 -9999 -9999 -9999 -9999 -9999 -9999 0.321 -9999 -9999 -9999 -9999 -9999 -9999 -9999 -9999 -9999 -9999 -9999 -9999 -9999 -9999 -9999 -9999 -9999 -9999 0.108 0.103 0.097 0.093 0.088 0.089 0.091 0.089 0.09 0.088 0.085 0.091 0.096 0.1 0.104 0.11 0.117 0.141 0.169 0.176 0.184 0.183 0.18 0.186 0.193 0.201 0.211 0.227 0.247 0.252 -9999 -9999 -9999 -9999 -9999 -9999 -9999 -9999 -9999 -9999 -9999 -9999 -9999 -9999 -9999 -9999 -9999 -9999
0.306 0.31 0.311 -9999 -9999 -9999 -9999 -9999 -9999 -9999 -9999 -9999 -9999 -9999 -9999 -9999 -9999 -9999 -9999 -9999 -9999 -9999 -9999 -9999 -9999 -9999 -9999 -9999 0.088 0.084 0.083 0.09 0.087 0.082 0.085 0.092 0.091 0.09 0.089 0.087 0.091 0.095 0.101 0.114 0.122 0.133 0.152 0.166 0.175 0.191 0.186 0.181 0.189 0.197 0.195 0.198 0.218 0.24 0.241 -9999 -9999 -9999 -9999 -9999 -9999 -9999 -9999 -9999 -9999 -9999 -9999 -9999 -9999 -9999 -9999 -9999 -9999
0.298 -9999 0.312 0.323 -9999 -9999 -9999 -9999 -9999 -9999 -9999 -9999 -9999 -9999 -9999 -9999 -9999 -9999 -9999 -9999 -9999 -9999 -9999 -9999 -9999 -9999 -9999 -9999 0.09 0.075 0.082 0.091 0.087 0.082 0.089 0.097 0.095 0.095 0.094 0.093 0.096 0.098 0.109 0.122 0.133 0.144 0.155 0.168 0.182 0.198 0.192 0.185 0.192 0.202 0.2 0.198 0.216 0.24 0.241 0.242 0.255 -9999 -9999 -9999 -9999 -9999 -9999 -9999 -9999 -9999 -9999 -9999 -9999 -9999 -9999 -9999 -9999
0.288 -9999 -9999 0.322 -9999 -9999 -9999 -9999 -9999 -9999 -9999 -9999 -9999 -9999 -9999 -9999 -9999 -9999 -9999 -9999 -9999 -9999 -9999 -9999 -9999 -9999 -9999 -9999 0.096 0.084 0.092 0.099 0.094 0.084 0.085 0.077 0.078 0.09 0.092 0.101 0.107 0.119 0.13 0.14 0.149 0.156 0.166 0.176 0.174 0.18 0.187 0.186 0.2 0.213 0.217 0.219 0.23 0.249 0.246 0.243 0.245 0.26 0.285 0.307 -9999 -9999 -9999 -9999 -9999 -9999 -9999 -9999 -9999 -9999 -9999 -9999 -9999
0.288 0.299 -9999 0.32 -9999 -9999 -9999 -9999 -9999 -9999 -9999 -9999 -9999 -9999 -9999 -9999 -9999 -9999 -9999 -9999 -9999 -9999 -9999 -9999 -9999 -9999 -9999 0.114 0.098 0.09 0.098 0.106 0.099 0.089 0.082 0.074 0.081 0.092 0.1 0.109 0.12 0.132 0.141 0.151 0.158 0.164 0.173 0.183 0.181 0.178 0.183 0.19 0.203 0.22 0.224 0.23 0.241 0.255 0.252 0.247 0.248 0.249 0.274 0.286 0.319 0.322 -9999 -9999 -9999 -9999 -9999 -9999 -9999 -9999 -9999 -9999 -9999
0.295 -9999 0.304 -9999 -9999 -9999 -9999 -9999 -9999 -9999 -9999 -9999 -9999 -9999 -9999 -9999 -9999 -9999 -9999 -9999 -9999 -9999 -9999 -9999 -9999 -9999 -9999 -9999 0.099 0.09 0.095 0.095 0.091 0.096 0.088 0.078 0.084 0.089 0.1 0.116 0.124 0.13 0.14 0.156 0.165 0.179 0.188 0.195 0.197 0.197 0.191 0.191 0.197 0.208 0.216 0.222 0.231 0.242 0.246 0.246 0.258 0.266 0.269 0.28 0.293 0.323 0.325 -9999 -9999 -9999 -9999 -9999 -9999 -9999 -9999 -9999 -9999
0.289 0.287 0.3 -9999 -9999 -9999 -9999 -9999 -9999 -9999 -9999 -9999 -9999 -9999 -9999 -9999 -9999 -9999 -9999 -9999 -9999 -9999 -9999 -9999 -9999 -9999 -9999 -9999 -9999 0.093 0.094 0.094 0.098 0.102 0.094 0.085 0.088 0.094 0.108 0.124 0.129 0.133 0.147 0.162 0.174 0.189 0.196 0.203 0.205 0.207 0.202 0.195 0.2 0.207 0.214 0.223 0.232 0.242 0.246 0.25 0.262 0.276 0.279 0.282 0.293 0.307 0.324 0.321 -9999 -9999 -9999 -9999 -9999 -9999 -9999 -9999 -9999
0.287 0.279 -9999 -9999 -9999 -9999 -9999 -9999 -9999 -9999 -9999 -9999 -9999 -9999 -9999 -9999 -9999 -9999 -9999 -9999 -9999 -9999 -9999 -9999 -9999 -9999 -9999 -9999 -9999 0.101 0.111 0.111 0.112 0.105 0.106 0.12 0.128 0.142 0.151 0.147 0.152 0.157 0.166 0.17 0.177 0.177 0.185 0.2 0.204 0.211 0.212 0.21 0.22 0.23 0.232 0.239 0.239 0.245 0.256 0.264 0.261 0.265 0.269 0.271 0.268 0.272 0.285 0.317 0.312 -9999 -9999 -9999 -9999 -9999 -9999 -9999 -9999
0.279 0.27 -9999 -9999 -9999 -9999 -9999 -9999 -9999 -9999 -9999 -9999 -9999 -9999 -9999 -9999 -9999 -9999 -9999 -9999 -9999 -9999 -9999 -9999 -9999 -9999 -9999 -9999 -9999 -9999 0.114 0.12 0.116 0.11 0.123 0.139 0.15 0.165 0.164 0.16 0.165 0.17 0.174 0.177 0.177 0.176 0.188 0.203 0.209 0.216 0.217 0.218 0.229 0.242 0.245 0.249 0.25 0.25 0.26 0.273 0.27 0.265 0.268 0.271 0.268 0.264 0.276 0.289 0.309 -9999 -9999 -9999 -9999 -9999 -9999 -9999 -9999
-9999 -9999 -9999 -9999 -9999 -9999 -9999 -9999 -9999 -9999 -9999 -9999 -9999 -9999 -9999 -9999 -9999 -9999 -9999 -9999 -9999 -9999 -9999 -9999 -9999 -9999 -9999 -9999 -9999 -9999 0.108 0.109 0.11 0.118 0.127 0.128 0.138 0.152 0.154 0.163 0.167 0.173 0.176 0.179 0.18 0.182 0.191 0.196 0.211 0.224 0.222 0.222 0.233 0.246 0.248 0.251 0.257 0.26 0.259 0.265 0.275 0.279 0.269 0.264 0.271 0.273 0.289 0.305 0.313 0.32 -9999 -9999 -9999 -9999 -9999 -9999 -9999
-9999 -9999 -9999 -9999 -9999 -9999 -9999 -9999 -9999 -9999 -9999 -9999 -9999 -9999 -9999 -9999 -9999 -9999 -9999 -9999 -9999 -9999 -9999 -9999 -9999 -9999 -9999 -9999 -9999 -9999 -9999 0.108 0.115 0.125 0.127 0.128 0.138 0.151 0.159 0.168 0.173 0.177 0.181 0.184 0.187 0.189 0.192 0.196 0.211 0.23 0.229 0.228 0.239 0.251 0.253 0.256 0.261 0.267 0.267 0.266 0.275 0.287 0.278 0.266 0.272 0.28 0.295 0.314 0.322 0.333 -9999 -9999 -9999 -9999 -9999 -9999 -9999
-9999 -9999 -9999 -9999 -9999 -9999 -9999 -9999 -9999 -9999 -9999 -9999 -9999 -9999 -9999 -9999 -9999 -9999 -9999 -9999 -9999 -9999 -9999 -9999 -9999 -9999 -9999 -9999 -9999 -9999 -9999 0.117 -9999 0.124 0.132 0.15 0.16 -9999 0.172 0.166 0.175 0.193 0.194 0.188 0.196 0.213 0.213 0.203 0.201 0.208 0.226 0.235 0.245 0.256 0.261 0.264 0.265 0.268 0.272 0.274 0.281 0.291 0.283 0.271 0.277 0.285 0.294 0.308 0.316 0.326 0.335 -9999 -9999 -9999 -9999 -9999 -9999
-9999 -9999 -9999 -9999 -9999 -9999 -9999 -9999 -9999 -9999 -9999 -9999 -9999 -9999 -9999 -9999 -9999 -9999 -9999 -9999 -9999 -9999 -9999 -9999 -9999 -9999 -9999 -9999 -9999 -9999 -9999 -9999 0.125 0.127 -9999 -9999 -9999 -9999 0.172 0.169 0.185 0.203 0.199 0.193 0.209 0.226 0.219 0.209 0.208 0.206 0.222 0.242 0.251 0.262 0.266 0.271 0.272 0.273 0.276 0.28 0.288 0.296 0.288 0.278 0.283 0.291 0.3 0.31 0.317 0.327 0.335 0.346 0.362 -9999 -9999 -9999 -9999
-9999 -9999 -9999 -9999 -9999 -9999 -9999 -9999 -9999 -9999 -9999 -9999 -9999 -9999 -9999 -9999 -9999 -9999 -9999 -9999 -9999 -9999 -9999 -9999 -9999 -9999 -9999 -9999 -9999 -9999 -9999 -9999 0.136 0.14 -9999 -9999 -9999 -9999 0.165 0.17 0.183 0.196 0.196 0.202 0.213 0.219 0.212 0.208 0.224 0.232 0.236 0.249 0.254 0.263 0.27 0.277 0.276 0.276 0.276 0.278 0.279 0.283 0.292 0.292 0.284 0.282 0.292 0.302 0.304 0.31 0.322 0.334 0.351 -9999 -9999 -9999 -9999
-9999 -9999 -9999 -9999 -9999 -9999 -9999 -9999 -9999 -9999 -9999 -9999 -9999 -9999 -9999 -9999 -9999 -9999 -9999 -9999 -9999 -9999 -9999 -9999 -9999 -9999 -9999 -9999 -9999 -9999 -9999 -9999 0.14 -9999 -9999 -9999 -9999 0.156 0.163 0.173 0.184 0.196 0.201 0.207 0.212 0.218 0.215 0.211 0.227 0.245 0.25 0.255 0.261 0.267 0.274 0.283 0.282 0.281 0.281 0.281 0.282 0.283 0.291 0.301 0.294 0.284 0.292 0.303 0.305 0.308 0.319 0.333 -9999 -9999 -9999 -9999 -9999
-9999 -9999 -9999 -9999 -9999 -9999 -9999 -9999 -9999 -9999 -9999 -9999 -9999 -9999 -9999 -9999 -9999 -9999 -9999 -9999 -9999 -9999 -9999 -9999 -9999 -9999 -9999 -9999 -9999 -9999 -9999 -9999 -9999 -9999 -9999 -9999 -9999 0.171 0.177 0.18 0.188 0.189 0.192 0.193 0.198 0.206 0.204 0.204 0.218 0.233 0.242 0.248 0.263 0.273 0.275 0.281 0.278 0.275 0.286 0.292 0.293 0.295 0.292 0.294 0.306 0.307 0.298 0.299 0.298 0.299 0.318 0.339 -9999 -9999 -9999 -9999 -9999
-9999 -9999 -9999 -9999 -9999 -9999 -9999 -9999 -9999 -9999 -9999 -9999 -9999 -9999 -9999 -9999 -9999 -9999 -9999 -9999 -9999 -9999 -9999 -9999 -9999 -9999 -9999 -9999 -9999 -9999 -9999 -9999 -9999 -9999 -9999 -9999 -9999 0.179 0.182 0.184 0.188 0.189 0.19 0.19 0.197 0.205 0.206 0.205 0.217 0.232 0.24 0.249 0.263 0.279 0.281 0.283 0.281 0.277 0.287 0.299 0.301 0.303 0.3 0.297 0.306 0.318 0.311 0.301 0.301 0.3 0.318 0.347 -9999 -9999 -9999 -9999 -9999
-9999 -9999 -9999 -9999 -9999 -9999 -9999 -9999 -9999 -9999 -9999 -9999 -9999 -9999 -9999 -9999 -9999 -9999 -9999 -9999 -9999 -9999 -9999 -9999 -9999 -9999 -9999 -9999 -9999 -9999 -9999 -9999 -9999 -9999 -9999 -9999 0.176 0.162 0.168 0.186 0.193 0.207 0.208 0.206 0.214 0.224 0.228 0.237 0.233 0.238 0.246 0.256 0.255 0.262 0.274 0.282 0.294 0.299 0.298 0.304 0.297 0.293 0.301 0.303 0.299 0.302 0.315 0.318 0.315 0.314 0.318 0.344 0.361 -9999 -9999 -9999 -9999
-9999 -9999 -9999 -9999 -9999 -9999 -9999 -9999 -9999 -9999 -9999 -9999 -9999 -9999 -9999 -9999 -9999 -9999 -9999 -9999 -9999 -9999 -9999 -9999 -9999 -9999 -9999 -9999 -9999 -9999 -9999 -9999 -9999 -9999 -9999 -9999 0.164 0.158 0.171 0.189 0.202 0.216 0.216 0.215 0.224 0.234 0.243 0.252 0.248 0.243 0.252 0.262 0.261 0.259 0.27 0.284 0.296 0.31 0.31 0.309 0.302 0.294 0.301 0.309 0.305 0.299 0.311 0.327 0.325 0.323 0.327 0.333 0.36 -9999 -9999 -9999 -9999
-9999 -9999 -9999 -9999 -9999 -9999 -9999 -9999 -9999 -9999 -9999 -9999 -9999 -9999 -9999 -9999 -9999 -9999 -9999 -9999 -9999 -9999 -9999 -9999 -9999 -9999 -9999 -9999 -9999 -9999 -9999 -9999 -9999 -9999 -9999 0.143 0.148 0.174 0.186 0.193 0.204 0.213 0.219 0.235 0.239 0.231 0.236 0.237 0.262 0.274 0.263 0.261 0.262 0.262 0.266 0.275 0.288 0.302 0.31 0.314 0.309 0.303 0.302 0.306 0.311 0.311 0.309 0.315 0.323 0.327 0.337 0.346 0.354 0.376 -9999 -9999 -9999
-9999 -9999 -9999 -9999 -9999 -9999 -9999 -9999 -9999 -9999 -9999 -9999 -9999 -9999 -9999 -9999 -9999 -9999 -9999 -9999 -9999 -9999 -9999 -9999 -9999 -9999 -9999 -9999 -9999 -9999 -9999 -9999 -9999 -9999 -9999 0.136 0.158 0.183 0.19 0.197 0.205 0.213 0.229 0.245 0.24 0.232 0.234 0.234 0.258 0.286 0.277 0.264 0.265 0.265 0.269 0.275 0.287 0.301 0.309 0.319 0.315 0.309 0.309 0.308 0.313 0.319 0.317 0.315 0.322 0.332 0.342 0.354 0.363 0.373 -9999 -9999 -9999
-9999 -9999 -9999 -9999 -9999 -9999 -9999 -9999 -9999 -9999 -9999 -9999 -9999 -9999 -9999 -9999 -9999 -9999 -9999 -9999 -9999 -9999 -9999 -9999 -9999 -9999 -9999 -9999 -9999 -9999 -9999 -9999 -9999 -9999 -9999 0.152 0.167 0.169 0.177 0.19 0.194 0.199 0.213 0.229 0.229 0.24 0.244 0.253 0.257 0.273 0.275 0.269 0.277 0.282 0.286 0.291 0.295 0.304 0.31 0.317 0.314 0.308 0.311 0.312 0.317 0.324 0.323 0.322 0.326 0.334 0.342 0.354 0.364 0.375 0.376 -9999 -9999
-9999 -9999 -9999 -9999 -9999 -9999 -9999 -9999 -9999 -9999 -9999 -9999 -9999 -9999 -9999 -9999 -9999 -9999 -9999 -9999 -9999 -9999 -9999 -9999 -9999 -9999 -9999 -9999 -9999 -9999 -9999 -9999 -9999 -9999 -9999 -9999 0.163 0.167 0.177 0.189 0.192 0.196 0.21 0.225 0.234 0.245 0.253 0.262 0.266 0.27 0.271 0.272 0.281 0.29 0.294 0.299 0.303 0.308 0.313 0.319 0.315 0.31 0.313 0.317 0.322 0.329 0.328 0.328 0.333 -9999 0.346 -9999 0.364 0.378 0.38 0.383 -9999
-9999 -9999 -9999 -9999 -9999 -9999 -9999 -9999 -9999 -9999 -9999 -9999 -9999 -9999 -9999 -9999 -9999 -9999 -9999 -9999 -9999 -9999 -9999 -9999 -9999 -9999 -9999 -9999 -9999 -9999 -9999 -9999 -9999 -9999 -9999 0.155 0.16 0.174 0.185 0.198 0.202 0.211 0.224 0.239 0.247 0.25 0.255 0.254 0.259 0.27 0.275 0.277 0.277 0.282 0.287 0.291 0.304 0.313 0.311 0.312 0.317 0.318 0.322 0.326 0.331 0.338 0.332 0.328 0.333 0.34 0.343 0.349 -9999 0.37 0.38 0.379 0.406
-9999 -9999 -9999 -9999 -9999 -9999 -9999 -9999 -9999 -9999 -9999 -9999 -9999 -9999 -9999 -9999 -9999 -9999 -9999 -9999 -9999 -9999 -9999 -9999 -9999 -9999 -9999 -9999 -9999 -9999 -9999 -9999 -9999 -9999 -9999 0.152 0.164 0.179 0.19 0.203 0.21 0.219 0.232 0.247 0.251 0.254 0.254 0.252 0.261 0.272 0.276 0.281 0.281 0.281 0.286 0.291 0.303 0.316 0.314 0.31 0.316 0.322 0.327 0.332 0.338 0.345 0.339 0.332 0.337 0.344 0.346 0.349 0.355 -9999 -9999 -9999 -9999
-9999 -9999 -9999 -9999 -9999 -9999 -9999 -9999 -9999 -9999 -9999 -9999 -9999 -9999 -9999 -9999 -9999 -9999 -9999 -9999 -9999 -9999 -9999 -9999 -9999 -9999 -9999 -9999 -9999 -9999 -9999 -9999 -9999 -9999 0.155 0.169 0.177 0.181 0.19 0.203 0.211 0.221 0.232 0.24 0.242 0.24 0.243 0.257 0.259 0.266 0.269 0.273 0.279 0.283 0.282 0.283 0.288 0.296 0.302 0.302 0.31 0.318 0.322 0.327 0.329 0.333 0.338 0.337 0.326 0.322 0.332 0.339 0.359 0.373 0.373 -9999 -9999
-9999 -9999 -9999 -9999 -9999 -9999 -9999 -9999 -9999 -9999 -9999 -9999 -9999 -9999 -9999 -9999 -9999 -9999 -9999 -9999 -9999 -9999 -9999 -9999 -9999 -9999 -9999 -9999 -9999 -9999 -9999 -9999 -9999 -9999 0.177 0.18 0.182 0.185 0.194 0.205 0.214 0.224 0.232 0.24 0.239 0.236 0.247 0.26 0.263 0.265 0.269 0.272 0.278 0.285 0.284 0.282 0.286 0.291 0.295 0.301 0.309 0.318 0.322 0.326 0.331 0.333 0.337 0.343 0.333 0.32 0.329 0.341 0.36 0.385 0.381 0.379 -9999
-9999 -9999 -9999 -9999 -9999 -9999 -9999 -9999 -9999 -9999 -9999 -9999 -9999 -9999 -9999 -9999 -9999 -9999 -9999 -9999 -9999 -9999 -9999 -9999 -9999 -9999 -9999 -9999 -9999 -9999 -9999 -9999 -9999 -9999 -9999 0.18 0.188 0.208 0.212 0.206 0.213 0.217 0.225 0.234 0.235 0.24 0.249 0.258 0.264 0.277 0.272 0.271 0.276 0.282 0.289 0.292 0.289 0.29 0.297 0.305 0.325 0.342 0.33 0.326 0.323 0.323 0.325 0.328 0.331 0.326 0.327 0.334 0.34 0.356 0.359 0.357 0.356
