Validation/Results/raw data/ReClimate_02_2024_2.asc
NCOLS 192
NROWS 249
XLLCENTER -225160.85627316462
YLLCENTER 29788.11610251502
CELLSIZE 5000.0
NODATA_VALUE -9999
[rows 66 to 98 of 249, columns 75 to 149 of 192]
-9999 -9999 -9999 -9999 -9999 -9999 -9999 -9999 -9999 -9999 94.977 -9999 94.761 95.86 95.734 95.558 95.374 95.167 95.068 95.032 94.966 94.765 94.875 95.019 95.047 95.224 95.184 95.145 95.107 95.078 95.076 -9999 -9999 -9999 -9999 -9999 -9999 -9999 -9999 -9999 -9999 -9999 -9999 -9999 -9999 -9999 -9999 -9999 -9999 -9999 -9999 -9999 -9999 -9999 -9999 -9999 -9999 -9999 -9999 -9999 -9999 -9999 -9999 -9999 -9999 -9999 -9999 -9999 -9999 -9999 -9999 -9999 -9999 -9999 -9999
-9999 -9999 -9999 -9999 -9999 -9999 -9999 -9999 -9999 -9999 -9999 95.467 95.94 95.748 95.65 95.676 95.503 95.356 95.315 95.28 95.111 94.957 95.052 95.125 95.213 95.22 95.181 95.144 95.106 -9999 -9999 -9999 -9999 -9999 -9999 -9999 -9999 -9999 -9999 -9999 -9999 -9999 -9999 -9999 -9999 -9999 -9999 -9999 -9999 -9999 -9999 -9999 -9999 -9999 -9999 -9999 -9999 -9999 -9999 -9999 -9999 -9999 -9999 -9999 -9999 -9999 -9999 -9999 -9999 -9999 -9999 -9999 -9999 -9999 -9999
-9999 -9999 -9999 -9999 -9999 -9999 -9999 -9999 -9999 -9999 -9999 96.069 95.92 95.752 95.745 95.729 95.56 95.342 95.309 95.293 95.192 95.157 95.187 95.185 95.192 95.215 95.177 95.14 95.105 -9999 -9999 -9999 -9999 -9999 -9999 -9999 -9999 -9999 -9999 -9999 -9999 -9999 -9999 -9999 -9999 -9999 -9999 -9999 -9999 -9999 -9999 -9999 -9999 -9999 -9999 -9999 -9999 -9999 -9999 -9999 -9999 -9999 -9999 -9999 -9999 -9999 -9999 -9999 -9999 -9999 -9999 -9999 -9999 -9999 -9999
-9999 -9999 -9999 -9999 -9999 -9999 -9999 -9999 -9999 -9999 -9999 -9999 -9999 95.813 95.249 93.817 94.15 95.354 95.315 95.256 95.255 95.321 95.298 95.255 95.246 95.208 95.17 -9999 -9999 -9999 -9999 -9999 -9999 -9999 -9999 -9999 -9999 -9999 -9999 -9999 -9999 -9999 -9999 -9999 -9999 -9999 -9999 -9999 -9999 -9999 -9999 -9999 -9999 -9999 -9999 -9999 -9999 -9999 -9999 -9999 -9999 -9999 -9999 -9999 -9999 -9999 -9999 -9999 -9999 -9999 -9999 -9999 -9999 -9999 -9999
-9999 -9999 -9999 -9999 -9999 -9999 -9999 94.865 -9999 -9999 94.865 96.016 95.9 95.78 94.656 93.664 94.592 95.44 95.38 95.325 95.355 95.363 95.319 95.277 95.237 95.199 95.163 -9999 -9999 -9999 -9999 -9999 -9999 -9999 -9999 -9999 -9999 -9999 -9999 -9999 -9999 -9999 -9999 -9999 -9999 -9999 -9999 -9999 -9999 -9999 -9999 -9999 -9999 -9999 -9999 -9999 -9999 -9999 -9999 -9999 -9999 -9999 -9999 -9999 -9999 -9999 -9999 -9999 -9999 -9999 -9999 -9999 -9999 -9999 -9999
-9999 -9999 -9999 -9999 -9999 94.041 94.475 96.401 95.613 95.419 95.933 95.762 95.571 95.273 94.796 94.912 95.298 95.198 95.08 94.865 94.996 95.351 95.308 95.267 95.227 95.189 95.153 -9999 -9999 -9999 -9999 -9999 -9999 -9999 -9999 -9999 -9999 -9999 -9999 -9999 -9999 -9999 -9999 -9999 -9999 -9999 -9999 -9999 -9999 -9999 -9999 -9999 -9999 -9999 -9999 -9999 -9999 -9999 -9999 -9999 -9999 -9999 -9999 -9999 -9999 -9999 -9999 -9999 -9999 -9999 -9999 -9999 -9999 -9999 -9999
-9999 -9999 -9999 -9999 -9999 94.406 96.181 -9999 96.18 96.034 95.887 95.758 95.531 95.375 95.408 95.371 95.306 95.295 95.089 94.858 95.117 95.339 95.296 95.255 95.216 95.179 -9999 95.109 -9999 -9999 -9999 -9999 -9999 -9999 -9999 -9999 -9999 -9999 -9999 -9999 -9999 -9999 -9999 -9999 -9999 -9999 -9999 -9999 -9999 -9999 -9999 -9999 -9999 -9999 -9999 -9999 -9999 -9999 -9999 -9999 -9999 -9999 -9999 -9999 -9999 -9999 -9999 -9999 -9999 -9999 -9999 -9999 -9999 -9999 -9999
-9999 -9999 -9999 -9999 -9999 -9999 96.214 96.291 96.167 96.073 95.852 95.461 95.415 95.53 95.517 95.563 95.518 95.444 95.231 94.999 95.167 95.327 95.285 95.244 95.205 95.168 95.132 95.1 -9999 -9999 -9999 -9999 -9999 -9999 -9999 -9999 -9999 -9999 -9999 -9999 -9999 -9999 -9999 -9999 -9999 -9999 -9999 -9999 -9999 -9999 -9999 -9999 -9999 -9999 -9999 -9999 -9999 -9999 -9999 -9999 -9999 -9999 -9999 -9999 -9999 -9999 -9999 -9999 -9999 -9999 -9999 -9999 -9999 -9999 -9999
-9999 -9999 -9999 -9999 -9999 -9999 -9999 96.237 96.142 96.06 95.777 95.578 95.622 95.596 95.614 95.626 95.401 94.929 94.834 94.92 95.081 95.316 95.274 95.233 95.194 95.156 95.12 95.097 -9999 -9999 -9999 -9999 -9999 -9999 -9999 -9999 -9999 -9999 -9999 -9999 -9999 -9999 -9999 -9999 -9999 -9999 -9999 -9999 -9999 -9999 -9999 -9999 -9999 -9999 -9999 -9999 -9999 -9999 -9999 -9999 -9999 -9999 -9999 -9999 -9999 -9999 -9999 -9999 -9999 -9999 -9999 -9999 -9999 -9999 -9999
-9999 -9999 -9999 -9999 -9999 96.008 96.304 92.081 93.141 96.028 95.893 95.825 95.766 95.661 95.576 95.358 95.16 95.299 95.127 94.573 94.855 95.309 95.263 95.223 95.184 -9999 95.109 -9999 -9999 -9999 -9999 -9999 -9999 95.224 95.209 95.232 -9999 -9999 -9999 -9999 -9999 -9999 -9999 -9999 -9999 -9999 -9999 -9999 -9999 -9999 -9999 -9999 -9999 -9999 -9999 -9999 -9999 -9999 -9999 -9999 -9999 -9999 -9999 -9999 -9999 -9999 -9999 -9999 -9999 -9999 -9999 -9999 -9999 -9999 -9999
95.418 -9999 -9999 -9999 -9999 -9999 92.468 92.485 94.519 96.002 95.933 95.869 95.77 95.663 95.004 93.573 94.151 95.513 94.888 94.002 94.524 95.31 95.263 95.218 95.175 95.136 -9999 -9999 -9999 -9999 95.16 95.179 95.207 95.234 95.25 95.273 95.302 95.32 95.337 95.353 95.367 95.379 95.389 95.398 95.405 95.411 95.42 95.422 95.423 95.421 95.426 95.479 -9999 -9999 -9999 -9999 -9999 -9999 -9999 -9999 -9999 -9999 -9999 -9999 -9999 -9999 -9999 -9999 -9999 -9999 -9999 -9999 -9999 -9999 -9999
94.968 -9999 -9999 -9999 95.805 -9999 93.948 95.341 96.063 95.987 95.781 95.362 95.415 95.712 94.95 94.894 95.567 95.514 95.034 94.985 95.365 95.317 95.269 95.222 95.176 -9999 -9999 -9999 -9999 95.172 95.181 95.21 95.24 95.267 95.292 95.315 95.336 95.355 95.373 95.388 95.402 95.415 95.426 95.436 95.444 95.451 95.457 95.462 95.465 95.466 95.47 95.477 -9999 -9999 -9999 -9999 -9999 -9999 -9999 -9999 -9999 -9999 -9999 -9999 -9999 -9999 -9999 -9999 -9999 -9999 -9999 -9999 -9999 -9999 -9999
94.783 -9999 -9999 -9999 95.986 95.783 96.207 96.129 96.053 95.979 95.614 95.259 95.501 95.727 95.673 95.62 95.567 95.516 95.467 95.419 95.372 95.325 95.279 95.232 -9999 -9999 95.151 95.162 95.176 95.193 95.223 95.254 95.284 95.311 95.337 95.36 95.381 95.4 95.417 95.433 95.448 95.461 95.473 95.484 95.493 95.502 95.51 95.517 95.523 95.529 95.534 95.538 95.544 -9999 -9999 -9999 -9999 -9999 -9999 -9999 -9999 -9999 -9999 -9999 -9999 -9999 -9999 -9999 -9999 -9999 -9999 -9999 -9999 -9999 -9999
95.892 -9999 96.433 -9999 96.36 96.271 96.153 95.977 95.944 95.975 95.673 95.395 95.511 95.548 95.545 95.618 95.569 95.52 95.472 95.426 95.38 95.335 95.29 95.246 -9999 95.211 95.208 95.211 95.224 95.247 95.275 95.304 95.332 95.358 95.383 95.405 95.426 95.445 95.463 95.479 95.493 95.507 95.52 95.531 95.542 95.552 95.562 95.571 95.58 95.589 95.599 95.609 95.619 -9999 -9999 -9999 -9999 -9999 -9999 -9999 -9999 -9999 -9999 -9999 -9999 -9999 -9999 -9999 -9999 -9999 -9999 -9999 -9999 -9999 -9999
-9999 96.598 -9999 -9999 -9999 96.253 96.103 95.972 95.979 95.974 95.718 95.447 95.465 95.502 95.564 95.617 95.57 95.523 95.478 95.433 95.389 95.345 95.305 95.275 95.266 95.268 95.271 95.277 95.288 95.305 95.33 95.356 95.383 95.408 95.431 95.453 95.473 95.492 95.509 95.525 95.54 95.553 95.566 95.579 95.591 95.602 95.613 95.625 95.636 95.648 95.661 95.677 95.695 -9999 -9999 -9999 -9999 -9999 -9999 -9999 -9999 -9999 -9999 -9999 -9999 -9999 -9999 -9999 -9999 -9999 -9999 -9999 -9999 -9999 -9999
96.52 -9999 -9999 -9999 -9999 96.238 96.137 96.071 -9999 95.973 95.738 95.499 95.548 95.668 95.663 95.617 95.572 95.528 95.484 95.441 95.399 95.362 95.336 95.319 95.325 95.331 95.337 95.344 95.353 95.368 95.387 95.411 95.435 95.459 95.481 95.502 95.521 95.539 95.556 95.572 95.586 95.6 95.613 95.626 95.639 95.651 95.664 95.677 95.691 95.706 95.723 95.744 95.762 -9999 -9999 -9999 -9999 -9999 -9999 -9999 -9999 -9999 -9999 -9999 -9999 -9999 -9999 -9999 -9999 -9999 -9999 -9999 -9999 -9999 -9999
96.561 -9999 -9999 -9999 95.306 -9999 -9999 96.097 96.035 95.973 95.789 95.642 95.703 95.728 95.67 95.617 95.575 95.533 95.491 95.45 95.417 95.394 95.376 95.38 95.387 95.394 95.402 95.41 95.42 95.432 95.448 95.467 95.49 95.512 95.533 95.553 95.571 95.588 95.604 95.619 95.633 95.647 95.661 95.674 95.687 95.701 95.715 95.73 95.746 95.764 95.786 95.808 -9999 -9999 -9999 -9999 -9999 -9999 -9999 -9999 -9999 -9999 -9999 -9999 -9999 -9999 -9999 -9999 -9999 -9999 -9999 -9999 -9999 -9999 -9999
94.413 96.524 94.892 -9999 -9999 -9999 96.156 96.094 -9999 95.975 95.872 95.813 95.798 95.739 95.678 95.625 95.578 95.538 95.499 95.468 95.447 95.43 95.433 95.441 95.449 95.457 95.455 95.436 95.457 95.497 95.51 95.527 95.545 95.566 95.586 95.604 95.621 95.637 95.653 95.667 95.681 95.695 95.708 95.722 95.736 95.75 95.766 95.782 95.801 95.822 95.847 -9999 -9999 -9999 -9999 -9999 -9999 -9999 -9999 -9999 -9999 -9999 -9999 -9999 -9999 -9999 -9999 -9999 -9999 -9999 -9999 -9999 -9999 -9999 -9999
94.836 96.506 95.033 -9999 93.948 94.73 96.151 96.092 96.034 95.977 95.92 95.864 95.807 95.749 95.691 95.634 95.583 95.544 95.515 95.495 95.48 95.484 95.492 95.5 95.508 95.517 95.506 95.499 95.531 95.56 95.573 95.587 95.603 95.621 95.64 95.657 95.673 95.688 95.702 95.716 95.729 95.742 95.756 95.77 95.784 95.8 95.817 95.835 95.856 95.88 95.907 -9999 -9999 -9999 -9999 -9999 -9999 -9999 -9999 -9999 -9999 -9999 -9999 -9999 -9999 -9999 -9999 -9999 -9999 -9999 -9999 -9999 -9999 -9999 -9999
96.535 96.492 95.764 95.689 95.504 96.207 -9999 93.386 94.072 95.98 95.923 95.862 95.809 95.76 95.704 95.646 95.594 95.556 95.538 95.526 95.532 95.541 95.549 95.558 95.566 95.575 95.577 95.588 95.608 95.621 95.634 95.648 95.662 95.677 95.694 95.71 95.725 95.738 95.751 95.764 95.777 95.79 95.804 95.818 95.834 95.85 95.868 95.889 95.912 95.939 -9999 -9999 -9999 -9999 -9999 -9999 -9999 -9999 -9999 -9999 -9999 -9999 -9999 -9999 -9999 -9999 -9999 -9999 -9999 -9999 -9999 -9999 -9999 -9999 -9999
-9999 -9999 -9999 96.33 96.264 -9999 94.476 92.915 94.467 95.983 95.925 95.868 95.819 95.77 95.715 95.661 95.612 95.586 95.575 95.585 95.593 95.601 95.608 95.615 95.622 95.631 95.642 95.654 95.666 95.68 95.694 95.708 95.721 95.735 95.749 95.764 95.777 95.789 95.801 95.813 95.826 95.839 95.853 95.867 95.883 95.901 95.921 95.943 95.968 95.995 -9999 -9999 -9999 -9999 -9999 -9999 -9999 -9999 -9999 -9999 -9999 -9999 -9999 -9999 -9999 -9999 -9999 -9999 -9999 -9999 -9999 -9999 -9999 -9999 -9999
-9999 -9999 94.761 96.324 -9999 94.333 93.433 -9999 95.598 94.377 94.764 95.883 95.839 95.792 95.745 95.699 94.905 92.857 93.619 95.66 95.667 95.673 95.679 95.685 95.692 95.699 95.707 95.716 95.725 95.736 95.751 95.766 95.754 95.696 95.734 95.818 95.829 95.84 95.851 95.863 95.875 95.888 95.901 95.917 95.934 95.952 95.973 95.994 96.019 96.042 -9999 -9999 -9999 -9999 -9999 -9999 -9999 -9999 -9999 -9999 -9999 -9999 -9999 -9999 -9999 -9999 -9999 -9999 -9999 -9999 -9999 -9999 -9999 -9999 -9999
-9999 -9999 93.02 -9999 -9999 93.289 94.493 96.093 94.65 92.51 93.859 95.912 95.871 95.828 95.786 95.757 93.865 91.637 93.511 95.734 95.74 95.745 95.75 95.756 95.762 95.768 95.774 95.782 95.79 95.801 95.812 95.824 95.797 95.801 95.852 95.871 95.881 95.891 95.901 95.912 95.923 95.936 95.95 95.964 95.98 95.998 96.017 96.038 96.062 96.089 -9999 -9999 -9999 -9999 -9999 -9999 -9999 -9999 -9999 -9999 -9999 -9999 -9999 -9999 -9999 -9999 -9999 -9999 -9999 -9999 -9999 -9999 -9999 -9999 -9999
-9999 -9999 -9999 -9999 -9999 -9999 96.148 96.103 94.981 94.942 95.984 95.945 95.905 95.868 93.996 89.06 89.751 94.665 95.34 94.104 94.571 95.811 95.816 95.821 95.826 95.832 95.839 95.846 95.855 95.864 95.874 95.885 95.893 95.902 95.913 95.92 95.927 95.936 95.945 95.955 95.966 95.978 95.991 96.005 96.021 96.038 96.058 96.079 96.104 -9999 -9999 -9999 -9999 -9999 -9999 -9999 -9999 -9999 -9999 -9999 -9999 -9999 -9999 -9999 -9999 -9999 -9999 -9999 -9999 -9999 -9999 -9999 -9999 -9999 -9999
-9999 -9999 -9999 -9999 96.262 96.207 -9999 96.126 96.088 96.05 96.013 95.981 95.952 95.929 92.938 91.768 94.731 95.878 94.563 92.771 94.08 95.872 95.876 95.881 95.886 95.892 95.898 95.905 95.914 95.923 95.933 95.944 95.956 95.965 95.968 95.966 95.968 95.976 95.984 95.994 96.005 96.017 96.03 96.044 96.06 96.078 96.098 96.12 96.145 -9999 -9999 -9999 -9999 -9999 -9999 -9999 -9999 -9999 -9999 -9999 -9999 -9999 -9999 -9999 -9999 -9999 -9999 -9999 -9999 -9999 -9999 -9999 -9999 -9999 -9999
-9999 -9999 -9999 95.212 96.275 96.227 96.188 96.15 96.117 96.087 96.059 96.033 96.009 95.99 95.379 95.367 95.953 95.941 95.008 95.003 95.926 95.929 95.933 95.937 95.941 95.947 95.953 95.96 95.968 95.976 95.986 95.997 96.008 96.015 96.016 96.013 96.012 96.014 96.021 96.031 96.042 96.054 96.067 96.082 96.098 96.117 96.137 96.16 -9999 -9999 -9999 -9999 -9999 -9999 -9999 -9999 -9999 -9999 -9999 -9999 -9999 -9999 -9999 -9999 -9999 -9999 -9999 -9999 -9999 -9999 -9999 -9999 -9999 -9999 -9999
-9999 -9999 -9999 95.226 -9999 96.258 96.223 96.191 96.163 96.136 96.11 96.086 96.063 96.048 96.035 96.022 96.011 95.999 95.988 95.981 95.98 95.982 95.986 95.989 95.993 95.998 96.004 96.01 96.017 96.025 96.034 96.043 96.052 96.058 96.06 96.059 96.057 96.058 96.06 96.067 96.078 96.091 96.104 96.12 96.136 96.155 96.176 96.2 -9999 -9999 -9999 -9999 -9999 -9999 -9999 -9999 -9999 -9999 -9999 -9999 -9999 -9999 -9999 -9999 -9999 -9999 -9999 -9999 -9999 -9999 -9999 -9999 -9999 -9999 -9999
-9999 -9999 -9999 -9999 -9999 96.3 96.267 96.237 96.066 95.657 95.776 96.135 96.115 96.101 96.055 95.953 95.975 96.053 96.042 96.034 95.986 95.867 95.914 96.038 96.042 96.046 96.051 96.057 96.063 96.071 96.078 96.086 96.093 96.098 96.101 96.102 96.103 96.102 96.103 96.107 96.114 96.127 96.141 96.157 96.174 96.194 96.255 96.389 -9999 -9999 -9999 -9999 -9999 -9999 -9999 -9999 -9999 -9999 -9999 -9999 -9999 -9999 -9999 -9999 -9999 -9999 -9999 -9999 -9999 -9999 -9999 -9999 -9999 -9999 -9999
-9999 -9999 -9999 94.749 96.379 96.343 96.31 96.281 95.41 93.668 94.487 96.181 -9999 96.151 96.083 96.048 96.091 96.103 96.093 96.084 95.99 95.92 96.011 96.085 96.089 96.092 96.097 96.102 96.107 96.113 96.12 96.126 96.132 96.137 96.141 96.144 96.146 96.148 96.149 96.15 96.155 96.163 96.177 96.194 96.212 96.232 95.971 95.436 -9999 -9999 -9999 -9999 -9999 -9999 -9999 -9999 -9999 -9999 -9999 -9999 -9999 -9999 -9999 -9999 -9999 -9999 -9999 -9999 -9999 -9999 -9999 -9999 -9999 -9999 -9999
95.921 95.737 94.428 -9999 96.405 96.383 96.351 96.321 94.639 92.574 94.205 -9999 96.211 96.197 95.904 95.175 95.444 96.151 96.141 96.132 96.09 96.09 96.016 95.716 95.831 96.136 96.14 96.145 96.149 96.155 96.16 96.166 96.172 96.177 96.181 96.185 96.189 96.192 96.194 96.196 96.198 96.204 96.214 96.231 96.25 96.271 95.142 -9999 -9999 -9999 -9999 -9999 -9999 -9999 -9999 -9999 -9999 -9999 -9999 -9999 -9999 -9999 -9999 -9999 -9999 -9999 -9999 -9999 -9999 -9999 -9999 -9999 -9999 -9999 -9999
96.282 96.0 96.427 96.426 -9999 96.413 96.389 96.36 94.518 92.472 94.265 96.269 96.254 96.241 95.596 94.886 95.507 96.196 96.187 96.178 96.172 96.171 95.736 94.985 95.423 96.179 96.182 96.186 96.19 96.195 96.2 96.205 96.211 96.216 96.221 96.226 96.23 96.235 96.239 96.242 96.245 96.248 96.256 96.269 96.288 -9999 -9999 -9999 -9999 -9999 -9999 -9999 -9999 -9999 -9999 -9999 -9999 -9999 -9999 -9999 -9999 -9999 -9999 -9999 -9999 -9999 -9999 -9999 -9999 -9999 -9999 -9999 -9999 -9999 -9999
-9999 -9999 96.434 -9999 95.423 92.733 93.733 96.397 95.324 -9999 -9999 96.31 96.115 95.617 94.92 94.044 94.899 96.24 96.231 96.222 96.216 96.215 95.827 95.828 96.218 96.221 96.223 96.227 96.23 96.235 96.239 96.244 96.25 96.255 96.26 96.266 96.272 96.278 96.283 96.286 96.291 96.295 96.301 96.311 -9999 -9999 -9999 -9999 -9999 -9999 -9999 -9999 -9999 -9999 -9999 -9999 -9999 -9999 -9999 -9999 -9999 -9999 -9999 -9999 -9999 -9999 -9999 -9999 -9999 -9999 -9999 -9999 -9999 -9999 -9999
95.268 -9999 96.441 96.44 94.464 92.915 94.888 96.43 -9999 -9999 96.366 96.35 95.968 95.642 94.448 92.471 94.011 96.282 96.274 96.265 96.259 96.257 96.258 96.258 96.26 96.261 96.264 96.267 96.27 96.274 96.278 96.283 96.288 96.294 96.3 96.306 96.313 96.32 96.326 96.331 96.336 96.342 96.348 96.356 96.372 -9999 -9999 -9999 -9999 -9999 -9999 -9999 -9999 -9999 -9999 -9999 -9999 -9999 -9999 -9999 -9999 -9999 -9999 -9999 -9999 -9999 -9999 -9999 -9999 -9999 -9999 -9999 -9999 -9999 -9999
