Validation/Results/raw data/ReClimate_12_2023_1.asc
NCOLS 192
NROWS 249
XLLCENTER -225160.85627316462
YLLCENTER 29788.11610251502
CELLSIZE 5000.0
NODATA_VALUE -9999
[rows 198 to 230 of 249, columns 74 to 147 of 192]
-9999 -9999 -9999 -9999 -9999 -9999 -9999 -9999 -9999 -9999 -9999 -9999 -9999 -9999 -9999 -9999 -9999 -9999 102.843 103.381 103.88 103.841 103.812 103.702 103.69 103.245 102.856 103.308 103.506 104.381 104.919 104.365 104.075 103.935 103.951 104.241 104.522 104.564 104.6 104.345 104.007 102.888 101.798 102.936 104.008 103.91 103.861 104.121 104.446 104.934 105.455 105.183 104.479 104.915 105.463 105.474 105.61 106.097 106.308 106.395 106.485 106.544 106.583 106.58 106.535 106.624 106.757 106.808 106.863 106.926 106.993 107.067 107.146 107.205
-9999 -9999 -9999 -9999 -9999 -9999 -9999 -9999 -9999 -9999 -9999 -9999 -9999 -9999 -9999 102.656 100.827 101.485 103.566 103.476 102.685 102.768 103.024 103.211 103.741 103.462 103.245 103.64 104.428 104.62 104.346 104.125 103.935 104.001 104.186 104.358 104.423 104.476 104.541 104.298 104.082 103.636 103.981 104.487 104.29 104.38 104.701 104.81 104.612 105.013 105.372 105.474 105.355 105.231 105.645 105.781 105.831 105.97 106.202 106.323 106.427 106.51 106.558 106.598 106.613 106.645 106.727 106.776 106.83 106.89 106.958 107.031 107.109 107.172
-9999 -9999 -9999 -9999 -9999 -9999 -9999 -9999 -9999 -9999 -9999 -9999 -9999 103.021 102.974 102.215 102.135 103.252 103.651 103.173 102.982 103.168 103.282 103.606 103.694 103.645 103.901 104.133 103.591 103.754 104.624 104.423 104.141 104.234 104.223 104.279 104.339 104.415 104.528 104.316 104.008 104.342 104.736 104.362 103.573 104.068 104.985 104.837 104.689 104.983 105.285 105.384 105.49 105.598 105.709 105.824 105.936 106.011 106.095 106.062 106.273 106.467 106.534 106.575 106.614 106.655 106.698 106.744 106.796 106.854 106.918 106.988 107.065 107.131
-9999 -9999 -9999 -9999 -9999 -9999 -9999 -9999 -9999 101.082 102.932 102.981 103.03 103.104 100.997 101.135 101.647 101.883 102.012 102.083 102.534 102.618 102.629 102.716 103.002 103.493 104.482 104.111 103.871 104.378 104.49 104.289 104.156 104.128 104.057 103.766 102.842 103.256 104.268 104.17 104.338 104.482 104.27 103.474 102.367 103.337 104.702 104.679 104.814 105.033 105.204 104.777 104.401 104.317 104.6 105.417 105.841 105.457 105.467 105.987 106.169 106.391 106.488 106.544 106.588 106.629 106.67 106.714 106.764 106.819 106.879 106.944 107.018 107.086
-9999 -9999 -9999 -9999 -9999 -9999 -9999 -9999 101.581 101.739 102.989 102.978 103.167 102.332 102.368 102.625 102.567 102.667 102.815 102.978 102.755 102.841 102.949 103.262 103.673 104.076 103.707 103.641 103.808 103.905 103.999 103.947 104.018 104.006 104.06 103.687 104.011 104.507 104.381 104.465 104.431 104.363 104.476 103.639 102.896 103.828 104.403 104.537 104.69 104.873 105.134 104.832 104.756 104.764 104.595 105.111 105.761 105.807 105.454 105.79 106.184 106.299 106.419 106.496 106.544 106.591 106.639 106.686 106.734 106.785 106.843 106.91 106.982 107.049
-9999 -9999 -9999 -9999 -9999 -9999 -9999 102.126 101.853 102.532 102.91 103.086 103.427 103.41 103.354 103.266 103.094 103.228 103.419 103.298 103.35 103.479 103.578 103.91 104.205 103.552 102.243 102.116 101.491 101.844 102.695 102.839 103.163 103.364 103.833 104.096 104.333 104.271 104.279 104.285 104.349 104.422 104.449 103.995 103.799 104.054 103.87 104.185 104.83 104.806 104.325 103.612 103.029 104.821 105.356 105.375 105.691 105.79 105.857 105.883 106.104 106.215 106.33 106.344 106.444 106.538 106.589 106.644 106.703 106.759 106.817 106.881 106.952 106.8
-9999 -9999 -9999 -9999 -9999 102.576 -9999 102.35 102.265 102.512 102.664 102.796 102.672 102.823 103.376 103.29 103.297 103.398 103.402 103.419 103.445 103.324 102.802 103.113 103.525 102.921 103.173 103.261 104.443 104.773 104.409 104.507 104.32 104.42 103.972 104.113 104.135 104.122 104.058 104.139 104.273 104.282 104.236 104.181 104.298 104.21 104.201 104.636 104.876 104.559 104.362 104.211 103.2 104.404 105.421 105.524 105.624 105.723 105.823 105.926 106.031 106.138 106.248 106.242 106.126 106.384 106.538 106.595 106.658 106.726 106.793 106.857 106.923 106.906
-9999 -9999 -9999 -9999 -9999 -9999 -9999 -9999 -9999 101.32 102.425 102.474 102.814 103.158 103.338 103.349 103.358 103.365 103.371 103.16 102.568 102.365 102.628 102.739 102.406 102.588 102.703 103.677 104.635 104.394 104.25 104.053 103.806 103.496 103.276 103.697 104.848 104.573 103.874 104.051 104.35 103.785 102.219 102.851 104.472 104.51 104.59 104.755 104.828 104.03 102.01 102.454 103.907 104.544 105.362 105.463 105.56 105.658 105.758 105.861 105.964 106.069 106.174 106.282 106.299 106.32 106.497 106.553 106.614 106.68 106.753 106.828 106.896 106.754
-9999 -9999 -9999 -9999 -9999 -9999 -9999 -9999 -9999 101.27 101.485 101.891 102.534 102.794 103.301 103.314 103.324 103.333 103.121 102.023 101.566 101.931 102.615 102.37 102.153 102.208 102.17 102.84 103.274 103.183 103.135 103.145 103.576 103.556 103.813 104.507 104.718 104.286 104.111 104.277 104.272 103.358 103.116 104.107 104.458 104.544 104.627 104.707 104.78 103.527 102.989 104.009 104.191 104.533 105.303 105.402 105.498 105.596 105.696 105.798 105.902 106.005 106.105 106.21 106.307 106.382 106.456 106.515 106.573 106.635 106.704 106.778 106.859 106.855
-9999 -9999 -9999 -9999 -9999 -9999 -9999 101.959 101.477 101.552 101.461 -9999 102.123 102.61 103.263 103.278 103.29 103.306 -9999 102.662 102.394 102.752 102.776 102.499 102.087 102.3 102.939 103.18 103.193 103.095 102.878 103.515 104.7 104.593 103.874 104.0 104.022 103.956 104.028 104.06 104.13 103.856 103.422 103.814 104.401 104.488 104.574 103.79 101.374 101.863 104.081 104.466 104.971 104.839 105.244 105.311 105.112 105.234 105.094 105.486 105.841 105.945 106.043 105.836 105.838 105.569 105.218 106.02 106.532 106.591 106.657 106.727 106.803 106.874
-9999 -9999 -9999 -9999 -9999 -9999 -9999 101.9 -9999 -9999 -9999 101.291 101.648 102.307 -9999 -9999 -9999 -9999 -9999 102.699 101.928 102.045 102.36 102.077 101.943 102.356 102.554 102.67 102.963 103.19 104.152 104.814 104.923 104.331 103.716 103.739 103.763 103.838 103.911 103.983 104.053 103.652 103.14 103.684 104.347 104.433 104.52 103.254 103.27 104.427 104.326 104.612 104.992 105.087 105.184 104.76 104.357 104.219 104.304 104.948 105.772 105.878 105.985 105.739 105.587 105.403 105.781 105.986 106.493 106.55 106.612 106.678 106.75 106.815
-9999 -9999 -9999 -9999 -9999 -9999 -9999 -9999 -9999 102.41 102.114 102.149 101.721 102.454 -9999 -9999 -9999 -9999 -9999 -9999 -9999 -9999 102.557 102.654 103.164 103.251 103.234 102.867 101.357 102.39 103.852 103.905 103.914 103.675 103.908 103.863 103.705 103.781 103.855 103.928 104.0 103.672 103.486 103.926 104.172 104.124 103.829 103.915 104.094 104.205 104.639 104.694 104.774 104.893 104.991 104.983 104.627 104.111 103.832 104.635 105.707 105.816 105.928 105.003 104.605 105.024 105.386 106.036 106.282 106.511 106.57 106.632 106.701 106.76
-9999 -9999 -9999 -9999 -9999 -9999 -9999 -9999 -9999 -9999 102.626 -9999 -9999 -9999 -9999 -9999 -9999 -9999 -9999 -9999 102.957 102.93 102.588 102.657 102.088 102.178 102.489 101.538 101.16 102.17 102.804 103.001 103.575 103.78 103.991 103.841 103.647 103.724 103.799 103.874 103.947 103.849 103.828 -9999 103.959 103.732 103.502 103.687 103.914 104.244 104.485 104.557 104.582 104.678 104.869 104.833 104.701 104.096 103.427 104.422 105.651 105.763 105.877 105.043 105.079 105.648 105.788 106.118 105.814 106.284 106.53 106.589 106.652 106.706
-9999 -9999 -9999 -9999 -9999 -9999 -9999 -9999 -9999 -9999 -9999 -9999 -9999 -9999 -9999 -9999 -9999 -9999 -9999 -9999 103.16 102.94 102.834 102.571 -9999 -9999 -9999 102.956 103.44 103.903 104.279 104.565 104.53 104.562 104.322 104.213 104.167 104.096 103.743 103.819 103.893 104.036 -9999 104.364 104.108 103.57 102.341 102.84 103.908 104.098 104.236 104.226 103.77 104.21 104.615 103.767 102.824 102.309 101.659 102.892 104.528 103.901 103.632 103.992 104.728 105.869 105.962 106.308 106.163 106.133 106.493 106.548 105.835 105.821
-9999 -9999 -9999 -9999 -9999 -9999 -9999 -9999 -9999 -9999 -9999 -9999 -9999 -9999 -9999 -9999 -9999 -9999 -9999 -9999 -9999 -9999 -9999 -9999 -9999 -9999 -9999 101.968 100.067 100.919 102.792 102.84 103.089 103.087 103.46 103.437 103.412 103.352 103.687 103.764 -9999 -9999 103.906 103.871 104.156 103.137 102.056 102.852 103.479 103.662 103.937 103.658 103.571 103.998 104.751 104.894 104.466 104.236 104.192 104.126 104.731 104.47 103.948 104.1 104.64 105.332 104.804 105.406 105.635 105.563 104.692 104.765 104.935 104.905
-9999 -9999 -9999 -9999 -9999 -9999 -9999 -9999 -9999 -9999 -9999 -9999 -9999 -9999 -9999 -9999 -9999 -9999 -9999 -9999 -9999 -9999 -9999 -9999 -9999 -9999 -9999 102.338 101.12 102.358 103.034 103.246 103.528 103.761 103.901 103.748 103.264 -9999 -9999 -9999 -9999 -9999 103.446 103.515 103.264 102.723 102.791 103.212 103.431 103.7 104.006 103.505 102.818 102.552 103.404 103.793 103.799 104.341 104.685 105.073 104.306 104.019 104.139 104.846 105.422 105.832 105.812 105.273 105.021 105.254 104.858 104.879 105.816 105.111
-9999 -9999 -9999 -9999 -9999 -9999 -9999 -9999 -9999 -9999 -9999 -9999 -9999 -9999 -9999 -9999 -9999 -9999 -9999 -9999 -9999 -9999 -9999 -9999 -9999 -9999 -9999 -9999 -9999 102.482 102.473 102.525 102.29 102.444 102.689 103.007 -9999 -9999 -9999 -9999 103.503 103.415 103.716 103.576 103.545 103.563 103.472 103.633 103.721 103.824 103.59 103.643 104.023 104.322 103.669 103.973 103.61 104.019 103.731 103.668 104.242 104.149 104.196 104.688 105.375 105.813 106.101 105.361 105.005 105.268 104.658 104.91 106.266 105.443
-9999 -9999 -9999 -9999 -9999 -9999 -9999 -9999 -9999 -9999 -9999 -9999 -9999 -9999 -9999 -9999 -9999 -9999 -9999 -9999 -9999 -9999 -9999 -9999 -9999 -9999 -9999 -9999 -9999 -9999 103.07 102.804 102.451 102.738 103.18 -9999 -9999 -9999 -9999 103.091 103.042 103.375 103.849 103.786 103.643 103.671 103.854 103.925 103.957 103.692 103.242 103.174 103.797 104.83 104.523 104.227 103.852 104.151 104.38 103.158 103.29 103.896 103.89 103.788 104.073 104.313 104.625 104.289 103.964 105.376 106.231 105.479 106.256 106.373
-9999 -9999 -9999 -9999 -9999 -9999 -9999 -9999 -9999 -9999 -9999 -9999 -9999 -9999 -9999 -9999 -9999 -9999 -9999 -9999 -9999 -9999 -9999 -9999 -9999 -9999 -9999 -9999 -9999 -9999 -9999 -9999 -9999 -9999 -9999 -9999 -9999 -9999 102.877 102.629 102.845 103.295 103.841 103.658 103.345 103.515 103.691 103.696 103.627 103.18 102.545 102.607 102.93 103.909 104.244 104.134 103.965 104.284 104.875 104.859 104.131 104.342 104.201 104.018 104.236 104.378 104.801 104.428 104.323 105.284 106.344 106.338 106.28 106.382
-9999 -9999 -9999 -9999 -9999 -9999 -9999 -9999 -9999 -9999 -9999 -9999 -9999 -9999 -9999 -9999 -9999 -9999 -9999 -9999 -9999 -9999 -9999 -9999 -9999 -9999 -9999 -9999 -9999 -9999 -9999 -9999 -9999 -9999 -9999 -9999 -9999 103.036 102.782 103.04 103.426 103.251 101.88 101.922 102.521 102.686 102.857 103.081 103.805 103.168 102.268 102.42 103.082 103.578 104.042 104.071 103.821 103.705 103.993 104.282 103.944 104.149 104.419 104.554 105.059 104.423 104.323 104.797 105.041 105.647 106.318 103.999 102.586 103.333
-9999 -9999 -9999 -9999 -9999 -9999 -9999 -9999 -9999 -9999 -9999 -9999 -9999 -9999 -9999 -9999 -9999 -9999 -9999 -9999 -9999 -9999 -9999 -9999 -9999 -9999 -9999 -9999 -9999 -9999 -9999 -9999 -9999 -9999 -9999 -9999 -9999 103.008 102.246 102.771 103.666 102.748 102.191 102.793 103.601 103.767 103.947 104.238 103.923 103.569 103.899 104.066 103.555 103.537 103.675 103.616 103.886 104.114 103.812 104.003 103.75 103.914 104.65 104.871 105.449 105.186 104.895 105.107 105.591 105.894 106.293 105.842 105.075 104.959
-9999 -9999 -9999 -9999 -9999 -9999 -9999 -9999 -9999 -9999 -9999 -9999 -9999 -9999 -9999 -9999 -9999 -9999 -9999 -9999 -9999 -9999 -9999 -9999 102.53 102.408 103.213 103.356 -9999 103.62 -9999 -9999 -9999 -9999 -9999 -9999 -9999 -9999 102.345 103.045 103.654 103.404 103.517 103.976 104.047 104.208 104.357 103.796 102.625 103.043 103.713 104.219 103.82 103.613 103.941 103.95 104.21 104.818 104.574 104.538 104.26 103.489 103.545 104.278 104.964 104.277 103.965 104.904 105.471 105.205 104.591 104.627 104.364 104.745
-9999 -9999 -9999 -9999 -9999 -9999 -9999 -9999 -9999 -9999 -9999 -9999 -9999 -9999 -9999 -9999 -9999 -9999 -9999 -9999 -9999 101.515 101.317 101.835 102.446 102.774 103.394 103.602 103.896 103.535 103.082 103.04 -9999 -9999 103.224 103.284 103.11 102.976 102.63 103.14 103.64 103.496 102.88 102.917 102.912 103.271 104.044 103.472 103.591 103.888 103.678 103.971 103.907 103.652 104.069 104.001 104.089 104.422 103.913 103.733 104.405 104.22 103.971 104.339 105.233 105.312 104.519 104.862 105.669 105.755 105.358 104.896 104.775 104.512
-9999 -9999 -9999 -9999 -9999 -9999 -9999 -9999 -9999 -9999 -9999 -9999 -9999 -9999 -9999 -9999 -9999 -9999 -9999 -9999 101.838 101.481 102.316 102.659 102.684 102.932 102.795 103.035 103.318 102.822 102.133 102.37 103.039 102.935 102.502 102.733 103.309 103.165 103.245 103.549 103.624 103.328 103.402 103.425 103.499 103.856 103.653 103.781 103.93 103.64 103.091 103.488 103.573 103.255 103.604 103.486 103.633 104.045 103.635 103.136 103.751 104.964 105.109 104.277 104.363 105.351 105.808 104.461 104.361 105.027 105.088 105.177 105.002 105.367
-9999 -9999 -9999 -9999 -9999 -9999 -9999 -9999 -9999 -9999 -9999 -9999 -9999 -9999 -9999 -9999 -9999 -9999 -9999 -9999 101.802 102.553 102.696 102.725 102.753 102.233 100.941 101.358 102.096 101.804 102.073 102.594 103.021 102.743 102.583 102.992 103.289 103.374 103.455 103.532 103.606 103.679 103.752 103.784 103.759 103.34 102.407 102.603 102.905 103.009 104.131 103.754 103.943 103.871 103.977 103.828 103.803 104.122 104.262 104.003 104.011 104.91 105.525 105.047 104.484 105.189 105.88 105.604 104.528 105.004 104.976 104.867 103.892 104.588
-9999 -9999 -9999 -9999 -9999 -9999 -9999 -9999 -9999 -9999 -9999 -9999 -9999 -9999 -9999 -9999 -9999 -9999 -9999 -9999 102.12 102.617 102.262 102.281 102.277 101.825 102.499 102.858 102.731 102.801 102.644 102.917 102.995 102.945 103.015 103.198 103.271 103.354 103.435 103.513 103.587 103.659 103.731 103.749 103.836 103.38 103.478 103.411 102.708 103.678 104.719 104.108 103.047 103.786 104.096 103.837 103.822 103.84 103.889 104.082 104.218 104.921 105.553 105.487 105.173 105.409 105.656 105.775 105.607 105.156 104.693 104.61 103.715 102.998
-9999 -9999 -9999 -9999 -9999 -9999 -9999 -9999 -9999 -9999 -9999 -9999 -9999 -9999 -9999 -9999 102.556 102.553 -9999 102.442 102.549 102.381 102.342 101.994 100.989 101.449 101.709 101.81 102.278 102.284 102.607 102.533 102.149 102.44 103.125 103.189 103.257 103.331 103.415 103.493 103.568 103.64 103.712 103.791 103.878 103.97 104.071 103.503 102.903 103.489 103.538 104.125 103.288 103.682 104.403 104.276 104.354 104.397 104.006 104.036 104.562 105.059 105.582 105.499 105.435 105.552 105.558 105.65 105.805 105.77 105.171 105.0 104.356 103.485
-9999 -9999 -9999 -9999 -9999 -9999 -9999 -9999 -9999 -9999 -9999 -9999 -9999 -9999 -9999 -9999 101.381 101.676 102.516 102.513 102.511 102.48 102.494 101.596 100.573 100.874 101.314 101.768 102.332 102.554 102.766 102.596 102.638 102.789 102.12 102.443 103.246 103.316 103.392 103.473 103.55 103.624 103.7 103.781 103.864 103.847 103.628 103.189 102.805 102.966 103.324 103.897 103.983 103.29 103.605 103.658 103.836 104.492 104.389 104.111 104.556 105.253 105.588 105.673 105.636 105.731 105.778 105.606 105.627 105.565 105.221 105.488 104.822 102.624
-9999 -9999 -9999 -9999 -9999 -9999 -9999 -9999 -9999 -9999 -9999 -9999 -9999 -9999 -9999 102.204 101.182 101.857 102.486 102.485 102.484 102.482 102.489 101.783 101.383 101.54 101.29 101.414 100.886 101.276 102.137 102.381 102.953 102.558 102.408 102.952 103.24 103.304 103.374 103.452 103.533 103.611 103.69 103.771 103.854 103.747 103.768 103.422 102.972 103.277 103.57 103.864 103.897 103.598 103.463 103.507 103.701 104.333 104.412 104.066 104.214 105.069 105.585 105.666 105.733 105.789 105.843 105.806 105.632 105.55 105.101 105.45 105.95 104.991
-9999 -9999 -9999 -9999 -9999 -9999 -9999 -9999 -9999 -9999 -9999 -9999 -9999 -9999 -9999 -9999 101.91 102.266 102.308 102.244 102.059 102.112 102.264 102.023 101.994 101.848 101.809 101.577 101.7 102.193 102.353 102.692 102.709 102.64 102.62 102.845 103.007 103.128 103.363 103.433 103.514 103.597 103.678 103.546 103.008 103.101 103.333 102.971 102.586 103.121 104.185 104.134 104.067 104.005 103.837 103.917 104.103 104.423 104.413 104.648 -9999 105.197 105.601 105.659 105.722 105.776 105.832 106.012 106.024 105.962 105.897 105.762 106.228 106.092
-9999 -9999 -9999 -9999 -9999 -9999 -9999 -9999 -9999 -9999 -9999 -9999 -9999 -9999 -9999 102.051 101.119 101.243 101.524 101.528 101.817 101.986 102.225 102.015 101.488 101.663 102.248 102.025 101.17 101.36 101.738 101.906 102.285 102.157 101.763 102.15 102.973 103.172 103.356 103.423 103.495 103.579 103.664 103.392 103.41 103.583 103.71 103.442 103.245 103.975 104.397 104.358 104.339 104.245 103.879 103.883 104.003 104.271 104.288 104.649 105.446 -9999 105.596 -9999 105.708 -9999 105.822 -9999 105.651 105.888 106.016 106.12 106.226 105.235
-9999 -9999 -9999 -9999 -9999 -9999 -9999 -9999 -9999 -9999 -9999 -9999 -9999 -9999 -9999 101.172 99.298 99.826 100.893 101.319 102.083 101.902 101.014 100.187 98.645 99.694 101.823 101.475 101.818 101.983 101.961 102.126 101.93 101.815 102.031 102.656 103.137 103.1 102.671 102.973 103.733 103.753 103.685 103.621 103.374 103.566 103.902 103.691 103.368 103.545 103.352 103.622 104.465 104.478 104.241 104.171 104.287 104.47 104.495 104.473 104.606 -9999 -9999 105.611 105.692 -9999 -9999 105.699 105.628 105.804 -9999 -9999 -9999 -9999
-9999 -9999 -9999 -9999 -9999 -9999 -9999 -9999 -9999 -9999 -9999 -9999 -9999 -9999 101.83 101.129 101.275 101.709 101.3 101.816 102.111 101.671 101.781 101.196 101.902 102.77 101.979 102.203 102.335 102.247 102.163 102.023 101.83 102.12 102.551 102.901 103.115 102.731 102.248 102.814 103.249 103.291 103.525 103.342 103.171 103.428 103.615 103.361 103.11 103.029 103.041 103.768 104.528 104.305 103.836 103.631 103.848 104.565 -9999 -9999 -9999 104.835 -9999 -9999 -9999 -9999 -9999 -9999 105.898 -9999 -9999 -9999 -9999 -9999
