Validation/Results/raw data/ReClimate_12_2024_1weatherlogisticsltd.asc
NCOLS 192
NROWS 249
XLLCENTER -225160.85627316462
YLLCENTER 29788.11610251502
CELLSIZE 5000.0
NODATA_VALUE -9999
[rows 198 to 230 of 249, columns 75 to 149 of 192]
-9999 -9999 -9999 -9999 -9999 -9999 -9999 -9999 -9999 -9999 -9999 -9999 -9999 -9999 -9999 -9999 -9999 102.963 104.544 108.45 108.514 108.567 106.273 103.832 103.261 103.175 104.428 105.708 106.688 107.39 107.359 106.975 107.78 109.308 109.4 109.493 109.586 109.677 109.767 109.857 109.955 110.052 110.148 110.246 110.345 110.444 110.553 110.706 110.863 111.048 110.181 108.369 108.861 109.769 110.116 110.634 111.193 111.682 111.107 110.113 111.252 112.883 112.605 111.945 112.165 112.693 112.727 112.414 113.458 115.033 115.057 115.078 115.419 115.733 115.794
-9999 -9999 -9999 -9999 -9999 -9999 -9999 -9999 -9999 -9999 -9999 -9999 -9999 -9999 102.477 94.787 97.077 104.046 106.147 108.42 107.428 104.669 103.432 103.236 103.69 105.207 106.139 107.051 107.691 108.398 107.739 106.463 108.015 109.509 109.59 109.671 109.761 109.846 109.801 109.576 109.886 110.19 110.019 109.339 109.089 108.294 108.98 110.882 111.054 111.246 111.457 111.024 110.339 110.784 110.405 110.412 110.994 111.525 112.149 111.939 112.279 113.33 113.233 112.886 112.784 113.125 113.249 112.974 113.6 114.334 114.961 115.436 115.528 115.734 113.487
-9999 -9999 -9999 -9999 -9999 -9999 -9999 -9999 -9999 -9999 -9999 -9999 102.697 102.681 99.668 99.422 103.297 104.193 106.204 108.499 106.412 104.668 104.54 104.538 105.927 106.588 106.823 106.028 107.084 109.051 108.248 108.046 109.115 109.691 109.765 109.844 109.927 110.014 109.818 109.78 110.122 110.33 109.578 108.381 107.856 107.628 109.314 111.102 111.278 111.467 111.676 111.894 111.691 111.446 111.188 110.58 111.017 111.681 111.937 112.587 113.134 113.644 113.592 113.311 113.279 113.057 112.864 112.636 113.422 114.402 114.781 115.579 115.673 115.732 113.303
-9999 -9999 -9999 -9999 -9999 -9999 -9999 -9999 100.344 102.896 102.863 102.831 103.298 98.9 99.201 100.429 101.425 102.457 105.049 108.939 106.53 102.539 104.116 107.412 107.857 108.152 107.386 106.356 107.708 108.683 108.542 108.64 109.183 109.863 109.731 109.169 109.353 110.162 110.119 110.255 110.399 110.478 109.897 109.985 109.941 110.126 110.935 110.461 110.635 110.758 109.636 108.742 106.665 106.478 110.665 112.396 110.136 109.826 112.226 113.237 113.106 113.476 112.834 111.719 111.898 111.65 112.376 112.873 112.979 113.64 114.5 115.072 114.852 114.777 114.995
-9999 -9999 -9999 -9999 -9999 -9999 -9999 97.412 101.34 102.996 103.096 104.119 102.684 103.631 104.734 105.667 105.985 104.991 107.659 109.218 106.236 104.339 106.696 108.629 108.363 107.057 106.504 106.426 107.129 107.702 107.915 108.409 109.137 110.03 109.789 109.783 110.247 110.3 110.379 110.459 110.543 110.632 110.746 110.869 111.02 111.203 110.695 109.894 110.213 110.636 109.447 109.539 109.241 106.547 109.379 113.115 112.286 110.125 111.852 113.78 113.378 112.937 112.289 110.579 110.396 111.363 112.163 113.538 113.684 113.112 113.869 114.818 114.54 114.343 114.654
-9999 -9999 -9999 -9999 -9999 -9999 97.45 101.304 102.133 102.412 103.519 105.65 106.486 107.572 108.081 108.192 107.905 108.511 109.381 109.424 108.286 108.355 109.226 108.81 106.859 103.178 102.899 102.489 104.416 109.064 108.705 106.931 107.371 107.219 107.931 110.329 110.379 110.443 110.516 110.607 110.352 109.472 109.964 111.054 111.213 111.394 111.046 111.213 110.826 108.623 107.311 107.647 111.304 111.967 110.663 112.277 112.784 112.376 111.973 112.681 113.333 113.463 113.713 113.447 113.128 113.442 112.305 112.353 114.013 114.668 113.99 114.386 113.492 113.086 112.121
-9999 -9999 -9999 -9999 98.275 -9999 101.186 102.407 102.336 101.732 103.142 103.72 105.429 108.907 108.989 109.082 109.437 109.51 109.571 109.632 109.697 109.755 109.069 107.805 105.391 104.048 104.56 107.022 109.65 109.97 108.944 108.748 108.579 108.122 109.725 110.473 110.532 110.603 110.682 110.774 109.842 108.503 109.621 111.235 111.4 111.568 111.732 111.897 110.364 108.912 109.061 109.053 111.326 113.009 112.506 111.826 112.394 112.846 112.642 112.215 112.803 113.46 113.644 114.036 114.458 114.527 113.069 111.114 113.098 115.04 114.9 114.701 114.291 113.446 112.783
-9999 -9999 -9999 -9999 -9999 -9999 -9999 -9999 102.973 103.563 104.078 104.603 107.225 109.373 109.462 109.542 109.614 109.68 109.02 107.01 107.281 108.157 107.944 109.324 107.396 103.713 106.147 109.735 109.282 107.526 107.376 107.459 106.971 105.891 107.489 110.634 110.707 110.78 110.827 110.828 109.59 108.054 109.112 109.601 110.283 111.741 110.463 106.494 106.295 107.592 108.592 111.945 112.514 113.142 113.317 113.053 113.193 113.534 113.636 113.576 113.258 113.404 112.492 112.72 113.847 114.357 113.375 111.624 110.147 111.284 113.686 114.746 113.2 111.606 111.918
-9999 -9999 -9999 -9999 -9999 -9999 -9999 -9999 104.098 103.652 104.14 104.553 106.677 109.565 109.646 109.719 109.785 109.129 105.993 105.754 106.515 107.474 108.735 110.24 107.093 103.446 106.227 108.983 107.475 105.852 106.099 107.068 106.602 107.034 109.308 110.812 110.884 110.968 110.877 110.584 109.654 109.461 109.744 110.014 111.098 111.911 107.973 102.418 104.148 108.972 111.322 112.893 113.088 113.269 113.431 113.578 113.728 113.881 113.981 114.062 113.801 113.504 112.709 112.326 113.232 113.978 112.628 112.262 111.681 110.451 112.582 114.86 113.824 111.507 111.394
-9999 -9999 -9999 -9999 -9999 -9999 104.127 105.363 105.105 105.038 -9999 105.078 107.371 109.755 109.828 109.894 109.613 -9999 107.41 106.926 107.69 108.423 108.558 106.52 105.304 107.095 108.48 108.411 107.558 107.33 108.178 109.145 109.093 108.413 109.437 109.976 110.18 110.787 110.781 111.127 110.673 109.634 110.111 111.276 111.941 112.081 107.697 102.729 106.474 109.722 111.35 113.036 113.223 113.391 113.539 113.684 113.325 112.99 113.549 113.849 113.637 113.262 113.42 113.369 112.494 110.869 113.254 113.971 113.634 112.58 111.47 112.298 113.336 112.457 111.218
-9999 -9999 -9999 -9999 -9999 -9999 104.882 -9999 -9999 -9999 105.088 105.329 107.46 -9999 -9999 -9999 -9999 -9999 107.814 106.418 107.272 108.744 107.02 105.288 106.857 108.469 108.228 107.733 107.983 109.493 109.966 109.753 109.196 108.677 109.223 109.888 110.387 110.767 111.13 111.544 110.639 109.544 110.529 111.955 112.114 112.25 109.497 108.527 110.187 109.709 111.357 113.18 113.348 113.504 113.645 113.788 113.013 112.223 112.937 113.821 113.566 113.287 113.427 113.737 112.367 110.553 112.129 115.184 114.664 113.66 112.868 111.025 111.775 112.833 112.043
-9999 -9999 -9999 -9999 -9999 -9999 -9999 -9999 104.89 104.66 105.098 105.789 107.86 -9999 -9999 -9999 -9999 -9999 -9999 -9999 -9999 110.147 109.254 109.289 110.185 110.107 109.06 106.782 107.832 109.271 109.564 110.717 110.469 110.539 110.615 109.808 110.221 110.852 111.27 111.732 111.07 110.774 111.453 111.221 111.605 112.418 111.441 110.161 110.481 112.117 112.277 113.321 113.471 113.612 113.751 113.892 113.618 112.93 113.131 113.832 113.912 113.76 113.568 113.643 112.675 111.026 112.647 115.142 114.825 114.205 114.487 114.146 113.743 114.352 112.541
-9999 -9999 -9999 -9999 -9999 -9999 -9999 -9999 -9999 104.878 -9999 -9999 -9999 -9999 -9999 -9999 -9999 -9999 -9999 110.1 110.8 110.855 110.908 110.959 110.939 110.823 108.941 106.878 107.658 108.263 109.494 111.254 111.324 111.393 110.546 109.372 109.969 110.646 111.185 111.918 111.694 111.518 -9999 110.328 111.242 112.591 111.403 110.03 111.528 113.157 113.316 113.458 113.588 113.72 113.856 113.995 113.657 113.152 113.365 113.766 113.857 113.887 113.689 113.965 113.749 113.055 113.68 115.08 114.687 114.034 114.404 114.885 114.899 115.033 114.705
-9999 -9999 -9999 -9999 -9999 -9999 -9999 -9999 -9999 -9999 -9999 -9999 -9999 -9999 -9999 -9999 -9999 -9999 -9999 110.911 110.964 111.014 111.062 -9999 -9999 -9999 108.255 108.705 109.382 110.469 111.417 111.44 111.507 111.583 110.998 111.101 111.489 111.588 112.018 112.105 111.95 -9999 111.546 111.872 111.807 109.48 109.293 111.256 112.438 113.315 112.996 111.503 112.934 113.828 113.963 114.083 114.194 114.013 112.731 112.445 113.082 113.325 113.054 113.504 114.063 113.828 114.284 114.471 114.647 114.409 113.95 114.879 115.306 115.34 114.925
-9999 -9999 -9999 -9999 -9999 -9999 -9999 -9999 -9999 -9999 -9999 -9999 -9999 -9999 -9999 -9999 -9999 -9999 -9999 -9999 -9999 -9999 -9999 -9999 -9999 -9999 107.445 105.403 106.938 110.395 110.743 111.626 111.694 111.783 111.872 111.956 112.038 112.121 112.206 -9999 -9999 110.409 111.151 112.703 110.824 108.8 110.232 111.645 112.495 113.477 112.094 110.891 112.255 113.923 114.027 114.135 114.232 114.329 114.043 112.796 113.077 113.508 113.363 113.281 113.617 113.145 113.411 113.393 113.159 114.553 115.162 114.994 115.489 115.48 114.765
-9999 -9999 -9999 -9999 -9999 -9999 -9999 -9999 -9999 -9999 -9999 -9999 -9999 -9999 -9999 -9999 -9999 -9999 -9999 -9999 -9999 -9999 -9999 -9999 -9999 -9999 108.914 107.139 109.037 109.249 109.931 110.671 111.054 111.979 112.066 111.941 -9999 -9999 -9999 -9999 -9999 109.004 110.598 112.882 111.904 111.976 112.778 112.925 113.507 113.632 112.376 111.318 112.59 113.987 114.073 114.166 114.26 114.354 114.128 113.587 113.185 113.313 113.494 113.673 113.949 113.685 113.66 113.764 111.616 112.993 115.278 115.469 115.473 115.461 114.911
-9999 -9999 -9999 -9999 -9999 -9999 -9999 -9999 -9999 -9999 -9999 -9999 -9999 -9999 -9999 -9999 -9999 -9999 -9999 -9999 -9999 -9999 -9999 -9999 -9999 -9999 -9999 -9999 108.508 106.669 107.211 107.665 109.185 112.133 111.807 -9999 -9999 -9999 -9999 112.677 111.131 109.815 111.617 113.061 113.178 113.296 113.412 113.531 113.641 113.722 112.957 112.387 113.167 114.035 114.114 114.2 114.291 114.381 114.028 113.702 113.488 113.206 113.271 113.205 113.255 113.463 113.686 114.064 112.484 112.267 115.041 115.454 115.451 115.44 114.926
-9999 -9999 -9999 -9999 -9999 -9999 -9999 -9999 -9999 -9999 -9999 -9999 -9999 -9999 -9999 -9999 -9999 -9999 -9999 -9999 -9999 -9999 -9999 -9999 -9999 -9999 -9999 -9999 -9999 109.421 109.133 107.63 109.611 110.674 -9999 -9999 -9999 -9999 111.367 109.293 109.55 112.287 112.895 112.456 112.603 112.775 113.057 113.636 113.219 111.86 111.329 111.969 112.748 113.074 112.784 112.516 112.906 112.792 112.931 112.853 113.153 113.013 111.465 109.969 109.761 110.35 109.947 110.094 111.563 111.144 114.117 115.43 115.425 115.414 115.401
-9999 -9999 -9999 -9999 -9999 -9999 -9999 -9999 -9999 -9999 -9999 -9999 -9999 -9999 -9999 -9999 -9999 -9999 -9999 -9999 -9999 -9999 -9999 -9999 -9999 -9999 -9999 -9999 -9999 -9999 -9999 -9999 -9999 -9999 -9999 -9999 -9999 108.684 109.102 108.7 110.898 113.115 112.71 112.262 112.418 112.553 113.09 113.695 112.247 110.08 110.768 111.454 112.19 112.53 112.288 111.758 112.109 112.755 112.836 113.001 113.148 113.327 112.361 110.571 110.064 109.95 109.27 109.151 110.711 111.534 113.157 115.404 115.398 115.388 115.375
-9999 -9999 -9999 -9999 -9999 -9999 -9999 -9999 -9999 -9999 -9999 -9999 -9999 -9999 -9999 -9999 -9999 -9999 -9999 -9999 -9999 -9999 -9999 -9999 -9999 -9999 -9999 -9999 -9999 -9999 -9999 -9999 -9999 -9999 -9999 -9999 109.899 109.839 109.664 109.899 110.254 108.082 109.2 113.122 112.672 111.122 111.49 111.638 111.114 112.716 113.152 113.225 112.786 112.654 113.506 113.635 112.599 112.53 111.156 109.931 111.72 112.865 113.875 114.05 111.255 109.506 110.695 111.583 111.729 111.705 112.718 114.704 114.165 113.908 114.847
-9999 -9999 -9999 -9999 -9999 -9999 -9999 -9999 -9999 -9999 -9999 -9999 -9999 -9999 -9999 -9999 -9999 -9999 -9999 -9999 -9999 -9999 -9999 -9999 -9999 -9999 -9999 -9999 -9999 -9999 -9999 -9999 -9999 -9999 -9999 -9999 109.758 108.197 108.817 110.155 108.558 107.398 110.471 113.526 112.522 111.991 111.726 110.685 112.221 113.944 114.014 114.085 113.326 112.507 113.498 114.371 113.654 112.597 111.211 108.93 110.404 112.804 113.716 115.003 112.967 110.473 111.312 113.173 113.137 112.216 110.865 113.673 114.611 114.018 114.477
-9999 -9999 -9999 -9999 -9999 -9999 -9999 -9999 -9999 -9999 -9999 -9999 -9999 -9999 -9999 -9999 -9999 -9999 -9999 -9999 -9999 -9999 -9999 109.589 109.238 110.397 110.965 -9999 112.095 -9999 -9999 -9999 -9999 -9999 -9999 -9999 -9999 110.815 111.675 111.938 111.221 110.813 112.245 111.838 111.808 112.863 112.079 111.513 112.486 112.634 112.945 112.951 111.622 110.521 110.232 111.649 113.299 113.379 113.448 112.547 111.627 112.594 110.344 109.234 108.944 107.803 110.0 111.93 112.215 111.399 110.341 112.388 115.247 115.063 114.983
-9999 -9999 -9999 -9999 -9999 -9999 -9999 -9999 -9999 -9999 -9999 -9999 -9999 -9999 -9999 -9999 -9999 -9999 -9999 -9999 110.012 109.742 109.546 109.39 109.806 110.737 111.544 112.55 112.361 112.148 112.276 -9999 -9999 109.511 109.509 109.172 110.717 112.122 112.325 112.453 111.753 110.146 109.685 108.834 110.134 112.592 112.399 112.744 112.714 112.358 112.698 112.748 111.293 109.964 109.738 109.707 112.001 113.29 113.398 113.794 113.42 112.913 111.313 109.447 109.367 108.787 109.95 111.81 111.897 111.909 111.133 112.637 115.293 115.281 115.267
-9999 -9999 -9999 -9999 -9999 -9999 -9999 -9999 -9999 -9999 -9999 -9999 -9999 -9999 -9999 -9999 -9999 -9999 -9999 110.446 110.078 110.216 110.482 111.786 112.102 111.861 112.023 111.084 110.938 110.85 111.272 111.792 110.522 109.697 109.955 110.778 111.68 111.952 112.097 112.386 111.562 111.653 111.252 111.312 112.384 111.659 111.973 112.478 112.134 111.714 112.467 113.948 111.595 109.788 109.786 109.896 110.191 110.539 112.369 113.896 114.46 114.387 113.669 112.328 113.36 113.878 111.08 110.184 112.772 114.379 111.487 112.287 115.089 115.254 115.24
-9999 -9999 -9999 -9999 -9999 -9999 -9999 -9999 -9999 -9999 -9999 -9999 -9999 -9999 -9999 -9999 -9999 -9999 -9999 110.507 110.869 109.265 110.702 112.902 112.604 112.148 111.028 109.591 109.85 110.813 111.443 112.431 111.751 110.973 111.537 111.823 111.982 111.972 112.147 112.095 112.026 111.741 111.8 111.913 111.492 111.377 111.623 111.545 111.566 112.392 113.133 114.295 112.806 110.443 110.367 110.201 110.335 110.512 111.876 113.97 114.514 114.956 114.328 113.578 114.316 115.198 113.396 110.59 112.312 115.263 112.592 111.588 114.764 115.228 115.212
-9999 -9999 -9999 -9999 -9999 -9999 -9999 -9999 -9999 -9999 -9999 -9999 -9999 -9999 -9999 -9999 -9999 -9999 -9999 111.247 110.018 110.345 111.064 109.486 109.857 111.72 111.019 111.355 111.849 111.953 112.594 112.803 112.363 112.303 112.28 111.721 111.865 112.314 112.21 111.845 111.938 112.676 111.948 109.61 110.202 112.496 112.417 112.28 112.717 112.798 112.442 110.117 112.002 111.968 110.513 109.718 111.56 112.652 111.135 110.481 109.416 110.643 111.186 111.066 113.578 115.209 113.06 110.474 110.952 112.09 112.059 112.55 114.904 115.201 114.863
-9999 -9999 -9999 -9999 -9999 -9999 -9999 -9999 -9999 -9999 -9999 -9999 -9999 -9999 -9999 111.555 112.502 -9999 111.544 111.629 111.731 111.815 109.905 106.574 107.973 109.221 109.771 111.009 111.332 112.291 112.412 112.403 112.378 112.432 112.068 111.833 112.261 112.848 112.63 112.4 112.958 113.397 111.455 109.258 110.974 112.569 112.537 112.607 112.51 112.12 111.86 109.516 110.666 112.67 111.481 110.356 111.813 113.703 112.077 110.582 109.901 109.618 110.465 110.152 112.615 115.216 113.011 110.821 111.338 111.499 111.143 113.147 115.19 115.174 114.886
-9999 -9999 -9999 -9999 -9999 -9999 -9999 -9999 -9999 -9999 -9999 -9999 -9999 -9999 -9999 108.584 109.193 112.864 113.048 113.05 112.832 112.188 110.562 110.849 111.67 111.967 112.169 110.758 111.345 111.878 112.053 112.498 111.608 108.904 109.788 112.997 112.872 111.383 110.905 109.654 110.583 112.572 111.779 112.677 113.346 112.809 112.894 112.97 112.76 112.716 112.745 112.98 111.866 112.633 110.365 108.882 112.132 114.573 114.205 113.112 111.392 110.416 112.36 113.016 112.52 113.597 113.192 111.92 111.371 110.513 109.108 112.055 114.665 114.612 114.934
-9999 -9999 -9999 -9999 -9999 -9999 -9999 -9999 -9999 -9999 -9999 -9999 -9999 -9999 109.801 107.753 110.624 113.468 113.491 113.514 112.908 112.222 112.597 113.095 113.353 113.569 111.883 109.084 109.521 110.246 110.825 111.789 110.261 109.906 112.112 113.615 112.658 112.243 111.391 110.727 112.053 112.736 113.444 114.017 113.615 113.298 113.326 113.236 113.196 113.136 113.468 113.745 113.32 112.821 110.931 108.731 111.656 114.884 114.559 114.181 111.799 109.097 111.535 113.823 113.459 113.273 113.091 112.636 111.946 110.235 109.23 111.263 114.527 114.589 114.771
-9999 -9999 -9999 -9999 -9999 -9999 -9999 -9999 -9999 -9999 -9999 -9999 -9999 -9999 -9999 110.009 111.775 112.79 113.005 113.6 112.734 111.35 112.153 113.567 113.684 113.677 111.798 110.629 111.148 111.515 111.876 111.56 111.542 111.948 112.658 112.484 112.27 112.393 111.336 109.379 110.321 111.956 112.36 112.602 112.619 113.184 113.111 113.015 113.156 113.634 113.66 113.832 113.593 113.161 113.504 112.652 112.794 114.371 114.461 -9999 114.442 112.978 112.893 114.38 114.574 114.389 114.422 114.129 112.836 111.123 110.656 112.393 114.898 114.959 114.961
-9999 -9999 -9999 -9999 -9999 -9999 -9999 -9999 -9999 -9999 -9999 -9999 -9999 -9999 110.306 109.295 110.363 112.024 112.635 113.68 112.492 111.312 112.518 113.726 113.746 113.753 112.392 110.282 110.586 110.981 110.902 111.121 111.378 111.558 111.616 112.052 112.132 112.2 111.128 111.034 112.131 112.666 112.831 112.876 113.259 113.532 113.436 113.292 113.623 113.802 113.891 113.937 113.627 113.094 113.493 114.076 114.204 114.201 114.239 114.294 -9999 114.387 -9999 114.459 -9999 114.737 -9999 114.039 111.484 108.906 108.752 112.262 115.024 115.099 -9999
-9999 -9999 -9999 -9999 -9999 -9999 -9999 -9999 -9999 -9999 -9999 -9999 -9999 -9999 109.454 107.993 109.302 110.464 111.258 112.131 111.859 113.064 113.713 113.739 113.775 113.799 112.68 112.667 112.444 111.225 111.271 110.983 111.58 113.165 113.269 112.897 112.779 112.345 112.53 113.27 113.483 113.28 113.235 113.077 113.343 113.693 113.736 114.089 114.133 113.959 113.993 113.914 114.135 113.972 113.971 114.381 114.393 114.317 114.29 114.253 -9999 -9999 114.495 114.548 -9999 -9999 114.894 114.781 114.773 -9999 -9999 -9999 -9999 -9999 -9999
-9999 -9999 -9999 -9999 -9999 -9999 -9999 -9999 -9999 -9999 -9999 -9999 -9999 109.876 110.214 109.576 110.236 110.22 110.865 111.269 112.288 113.705 113.715 113.744 113.786 113.827 113.856 113.883 112.998 112.364 111.948 110.941 112.346 113.994 113.589 113.0 112.714 112.592 112.843 112.504 112.475 112.721 112.761 113.2 113.456 113.626 113.956 114.371 114.212 114.056 113.995 113.851 114.072 114.22 114.276 114.438 114.811 -9999 -9999 -9999 114.46 -9999 -9999 -9999 -9999 -9999 -9999 114.86 -9999 -9999 -9999 -9999 -9999 -9999 -9999
