Validation/Results/raw data/ReClimate_03_2024_1_Temperatureweatherlogisticsltd.asc
NCOLS 192
NROWS 249
XLLCENTER -225160.85627316462
YLLCENTER 29788.11610251502
CELLSIZE 5000.0
NODATA_VALUE -9999
[rows 170 to 203 of 249, columns 75 to 149 of 192]
-9999 -9999 -9999 -9999 -9999 -9999 -9999 -9999 -9999 -9999 -9999 -9999 -9999 -9999 -9999 -9999 -9999 -0.778 -0.78 -9999 -9999 -9999 -9999 -9999 -9999 -9999 -9999 -9999 -9999 -9999 -9999 -9999 -9999 -9999 -9999 -9999 -0.634 -0.617 -0.615 -0.617 -0.602 -0.582 -0.562 -0.543 -0.516 -0.489 -0.456 -0.42 -0.41 -0.397 -0.367 -0.334 -0.316 -0.301 -0.276 -0.254 -0.235 -0.219 -0.2 -0.18 -0.153 -0.124 -0.105 -0.086 -0.061 -0.035 0.008 0.056 0.069 0.07 0.071 0.07 0.087 0.107 0.113
-9999 -9999 -9999 -9999 -9999 -9999 -9999 -9999 -9999 -9999 -9999 -9999 -9999 -9999 -9999 -9999 -9999 -0.776 -0.783 -0.797 -9999 -9999 -9999 -9999 -9999 -9999 -9999 -9999 -9999 -9999 -9999 -9999 -9999 -9999 -9999 -0.653 -0.634 -0.626 -0.62 -0.607 -0.593 -0.58 -0.559 -0.536 -0.514 -0.498 -0.468 -0.435 -0.424 -0.414 -0.388 -0.363 -0.338 -0.32 -0.296 -0.273 -0.265 -0.256 -0.217 -0.186 -0.179 -0.163 -0.129 -0.102 -0.082 -0.058 -0.02 0.025 0.058 0.068 0.076 0.079 0.093 0.11 0.121
-9999 -9999 -9999 -9999 -9999 -9999 -9999 -9999 -9999 -9999 -9999 -9999 -9999 -9999 -9999 -9999 -0.753 -0.775 -0.788 -0.803 -0.803 -9999 -9999 -9999 -9999 -9999 -9999 -9999 -9999 -9999 -9999 -9999 -0.709 -9999 -9999 -0.654 -0.641 -0.629 -0.616 -0.603 -9999 -0.579 -0.556 -0.533 -0.518 -0.503 -0.476 -0.443 -0.434 -0.426 -0.403 -0.38 -0.359 -0.336 -0.313 -0.29 -0.281 -0.278 -0.24 -0.197 -0.189 -0.184 -0.152 -0.116 -0.095 -0.074 -0.037 0.005 0.042 0.065 0.074 0.081 0.095 0.11 0.121
-9999 -9999 -9999 -9999 -9999 -9999 -9999 -9999 -9999 -9999 -9999 -9999 -9999 -9999 -9999 -9999 -0.747 -0.76 -0.778 -0.81 -0.808 -0.801 -0.81 -9999 -9999 -9999 -0.812 -0.814 -9999 -0.776 -0.756 -0.741 -0.723 -0.703 -9999 -9999 -0.651 -0.635 -9999 -9999 -0.597 -0.589 -0.566 -0.54 -0.529 -0.527 -0.501 -0.47 -0.456 -0.426 -0.393 -0.364 -0.36 -0.348 -0.333 -0.314 -0.293 -0.282 -0.253 -0.215 -0.202 -0.192 -0.164 -0.131 -0.096 -0.066 -0.039 -0.003 0.012 0.031 0.058 0.074 0.087 0.102 0.113
-9999 -9999 -9999 -9999 -9999 -9999 -9999 -9999 -9999 -9999 -9999 -9999 -9999 -9999 -9999 -9999 -9999 -0.752 -0.779 -0.811 -0.806 -0.798 -9999 -9999 -0.822 -0.819 -0.826 -0.821 -0.809 -0.792 -0.773 -0.751 -0.734 -0.713 -0.693 -9999 -0.657 -0.642 -0.627 -0.612 -0.605 -0.596 -0.572 -0.547 -0.542 -0.539 -0.512 -0.484 -0.459 -0.43 -0.398 -0.363 -0.358 -0.357 -0.343 -0.33 -0.311 -0.292 -0.262 -0.23 -0.215 -0.202 -0.174 -0.143 -0.109 -0.071 -0.043 -0.014 0.003 0.014 0.047 0.07 0.083 0.098 0.109
-9999 -9999 -9999 -9999 -9999 -9999 -9999 -9999 -9999 -9999 -9999 -9999 -9999 -9999 -9999 -9999 -9999 -0.762 -0.786 -0.799 -0.796 -0.797 -0.807 -0.809 -0.809 -0.814 -0.815 -0.8 -0.792 -0.792 -0.775 -0.765 -0.748 -0.733 -0.717 -0.707 -0.685 -0.649 -0.634 -0.617 -0.61 -0.6 -0.582 -0.575 -0.565 -0.547 -0.522 -0.495 -0.469 -0.431 -0.41 -0.402 -0.377 -0.364 -0.355 -0.346 -0.32 -0.297 -0.266 -0.232 -0.226 -0.218 -0.195 -0.168 -0.124 -0.081 -0.053 -0.024 0.006 0.029 0.054 0.071 0.081 0.093 0.107
-9999 -9999 -9999 -9999 -9999 -9999 -9999 -9999 -9999 -9999 -9999 -9999 -9999 -9999 -9999 -9999 -9999 -9999 -0.781 -0.792 -0.794 -0.795 -0.797 -0.799 -0.804 -0.809 -0.805 -0.793 -0.794 -0.795 -0.784 -0.772 -0.756 -0.74 -0.729 -0.72 -0.687 -0.652 -0.637 -0.621 -0.613 -0.604 -0.595 -0.588 -0.57 -0.552 -0.528 -0.502 -0.471 -0.436 -0.429 -0.421 -0.397 -0.371 -0.362 -0.355 -0.329 -0.301 -0.27 -0.237 -0.231 -0.228 -0.207 -0.183 -0.141 -0.092 -0.064 -0.035 -0.005 0.026 0.057 0.069 0.08 0.091 0.106
-9999 -9999 -9999 -9999 -9999 -9999 -9999 -9999 -9999 -9999 -9999 -9999 -9999 -9999 -9999 -9999 -9999 -9999 -9999 -9999 -0.792 -0.787 -0.787 -0.78 -0.79 -0.812 -0.808 -0.794 -0.797 -0.789 -0.774 -0.755 -0.737 -0.722 -0.715 -0.723 -0.69 -0.653 -0.643 -0.641 -0.633 -0.62 -0.608 -0.59 -0.573 -0.557 -0.535 -0.517 -0.49 -0.467 -0.456 -0.435 -0.413 -0.389 -0.373 -0.361 -0.339 -0.313 -0.284 -0.252 -0.23 -0.218 -0.197 -0.174 -0.146 -0.106 -0.071 -0.037 -0.023 -0.002 0.04 0.061 0.084 0.104 0.121
-9999 -9999 -9999 -9999 -9999 -9999 -9999 -9999 -9999 -9999 -9999 -9999 -9999 -9999 -9999 -9999 -9999 -9999 -9999 -0.79 -0.787 -0.783 -0.778 -0.771 -0.789 -0.811 -0.804 -0.794 -0.792 -0.783 -0.766 -0.748 -0.73 -0.715 -0.717 -0.724 -0.691 -0.655 -0.651 -0.65 -0.641 -0.629 -0.611 -0.593 -0.577 -0.561 -0.543 -0.525 -0.504 -0.482 -0.465 -0.444 -0.423 -0.4 -0.385 -0.368 -0.345 -0.321 -0.293 -0.262 -0.24 -0.218 -0.197 -0.174 -0.146 -0.116 -0.081 -0.042 -0.027 -0.016 0.028 0.058 0.081 0.109 0.127
-9999 -9999 -9999 -9999 -9999 -9999 -9999 -9999 -9999 -9999 -9999 -9999 -9999 -9999 -9999 -9999 -9999 -9999 -0.777 -0.782 -0.779 -0.772 -0.771 -0.775 -0.785 -0.785 -0.783 -0.795 -0.801 -0.81 -0.795 -0.775 -0.761 -0.749 -0.743 -0.72 -0.689 -0.658 -0.657 -0.662 -0.654 -0.641 -0.621 -0.591 -0.576 -0.564 -0.547 -0.533 -0.516 -0.501 -0.481 -0.453 -0.44 -0.422 -0.397 -0.375 -0.352 -0.326 -0.309 -0.285 -0.262 -0.239 -0.211 -0.185 -0.153 -0.121 -0.09 -0.054 -0.039 -0.026 0.021 0.059 0.082 0.109 0.124
-9999 -9999 -9999 -9999 -9999 -9999 -9999 -9999 -9999 -9999 -9999 -9999 -9999 -9999 -9999 -9999 -9999 -0.765 -0.77 -0.777 -0.772 -0.766 -0.77 -0.774 -0.773 -0.767 -0.777 -0.789 -0.804 -0.816 -0.804 -0.785 -0.773 -0.763 -0.741 -0.719 -0.691 -0.661 -0.663 -0.669 -0.66 -0.649 -0.622 -0.593 -0.58 -0.568 -0.553 -0.539 -0.525 -0.512 -0.487 -0.459 -0.448 -0.435 -0.41 -0.382 -0.358 -0.333 -0.315 -0.298 -0.274 -0.249 -0.222 -0.193 -0.162 -0.128 -0.098 -0.065 -0.05 -0.038 0.008 0.052 0.082 0.109 0.126
-9999 -9999 -9999 -9999 -9999 -9999 -9999 -9999 -9999 -9999 -9999 -9999 -9999 -9999 -9999 -0.745 -0.755 -0.762 -0.763 -0.756 -0.752 -0.75 -0.749 -0.737 -0.739 -0.76 -0.77 -0.784 -0.795 -0.797 -0.791 -0.789 -0.781 -0.783 -0.752 -0.698 -0.673 -0.652 -0.654 -0.662 -0.658 -0.661 -0.639 -0.618 -0.603 -0.58 -0.569 -0.565 -0.552 -0.536 -0.509 -0.471 -0.45 -0.429 -0.416 -0.395 -0.374 -0.35 -0.323 -0.3 -0.268 -0.237 -0.218 -0.194 -0.172 -0.144 -0.11 -0.074 -0.04 -0.015 0.022 0.063 0.077 0.096 0.118
-9999 -9999 -9999 -9999 -9999 -9999 -9999 -9999 -9999 -9999 -9999 -9999 -9999 -9999 -0.744 -0.746 -0.753 -0.763 -9999 -9999 -9999 -9999 -0.744 -0.715 -0.731 -0.752 -0.762 -0.776 -0.781 -0.784 -0.788 -0.788 -0.788 -0.79 -0.743 -0.69 -0.67 -0.65 -0.654 -0.661 -0.665 -0.669 -0.651 -0.631 -0.61 -0.587 -0.581 -0.578 -0.562 -0.547 -0.514 -0.478 -0.458 -0.432 -0.417 -0.404 -0.382 -0.36 -0.333 -0.304 -0.273 -0.238 -0.218 -0.198 -0.177 -0.155 -0.121 -0.083 -0.05 -0.013 0.025 0.06 0.078 0.087 0.11
-9999 -9999 -9999 -9999 -9999 -9999 -9999 -9999 -9999 -9999 -9999 -9999 -9999 -9999 -0.742 -0.747 -0.756 -9999 -9999 -9999 -9999 -9999 -0.759 -0.751 -0.763 -0.765 -0.77 -0.762 -0.769 -0.78 -0.783 -0.779 -0.768 -0.735 -0.697 -0.679 -0.667 -0.672 -0.675 -0.676 -0.679 -0.677 -0.659 -0.637 -0.62 -0.609 -0.598 -0.579 -0.564 -0.552 -0.525 -0.503 -0.484 -0.46 -0.433 -0.414 -0.381 -0.353 -0.325 -0.294 -0.282 -0.261 -0.244 -0.226 -0.187 -0.155 -0.131 -0.099 -0.064 -0.026 0.014 0.052 0.074 0.086 0.106
-9999 -9999 -9999 -9999 -9999 -9999 -9999 -9999 -9999 -9999 -9999 -9999 -9999 -9999 -9999 -9999 -0.755 -9999 -9999 -9999 -9999 -9999 -0.754 -0.761 -0.762 -0.765 -0.758 -0.75 -0.759 -0.77 -0.771 -0.768 -0.739 -0.708 -0.69 -0.672 -0.673 -0.679 -0.679 -0.682 -0.682 -0.681 -0.664 -0.641 -0.629 -0.619 -0.6 -0.58 -0.567 -0.555 -0.536 -0.513 -0.495 -0.472 -0.447 -0.421 -0.389 -0.354 -0.326 -0.296 -0.284 -0.275 -0.258 -0.242 -0.202 -0.158 -0.132 -0.105 -0.07 -0.031 0.009 0.05 0.074 0.087 0.104
-9999 -9999 -9999 -9999 -9999 -9999 -9999 -9999 -9999 -9999 -9999 -9999 -9999 -9999 -9999 -9999 -9999 -9999 -9999 -9999 -9999 -9999 -0.75 -0.758 -0.762 -0.769 -0.759 -0.742 -0.754 -0.773 -0.77 -0.752 -0.731 -0.717 -0.705 -0.695 -0.693 -0.685 -0.687 -0.691 -0.688 -0.674 -0.659 -0.646 -0.63 -0.606 -0.591 -0.583 -0.57 -0.558 -0.546 -0.529 -0.503 -0.478 -0.448 -0.417 -0.397 -0.37 -0.347 -0.322 -0.3 -0.286 -0.258 -0.232 -0.204 -0.164 -0.133 -0.103 -0.072 -0.035 0.002 0.042 0.075 0.091 0.101
-9999 -9999 -9999 -9999 -9999 -9999 -9999 -9999 -9999 -9999 -9999 -9999 -9999 -9999 -9999 -9999 -9999 -9999 -9999 -9999 -9999 -9999 -9999 -0.747 -0.752 -0.76 -0.746 -0.73 -0.745 -0.765 -0.755 -0.739 -0.727 -0.715 -0.707 -0.699 -0.692 -0.684 -0.687 -0.691 -0.68 -0.665 -0.657 -0.645 -0.623 -0.6 -0.592 -0.585 -0.573 -0.56 -0.548 -0.536 -0.51 -0.481 -0.454 -0.42 -0.4 -0.38 -0.358 -0.334 -0.311 -0.289 -0.259 -0.228 -0.198 -0.166 -0.132 -0.099 -0.068 -0.034 0.004 0.041 0.074 0.092 0.099
-9999 -9999 -9999 -9999 -9999 -9999 -9999 -9999 -9999 -9999 -9999 -9999 -9999 -9999 -9999 -9999 -9999 -9999 -9999 -9999 -9999 -9999 -0.73 -0.731 -0.733 -0.732 -0.727 -0.737 -0.745 -0.739 -0.734 -0.732 -0.725 -0.72 -0.712 -0.704 -0.699 -0.695 -0.692 -0.676 -0.666 -0.658 -0.655 -0.661 -0.641 -0.618 -0.611 -0.604 -0.59 -0.564 -0.561 -0.554 -0.535 -0.511 -0.482 -0.448 -0.417 -0.389 -0.361 -0.333 -0.311 -0.289 -0.267 -0.24 -0.201 -0.163 -0.133 -0.099 -0.067 -0.033 0.009 0.049 0.08 0.096 0.092
-9999 -9999 -9999 -9999 -9999 -9999 -9999 -9999 -9999 -9999 -9999 -9999 -9999 -9999 -9999 -9999 -9999 -9999 -9999 -9999 -9999 -9999 -0.715 -0.716 -0.714 -0.712 -0.721 -0.732 -0.726 -0.72 -0.722 -0.722 -0.719 -0.716 -0.708 -0.699 -0.696 -0.694 -0.681 -0.666 -0.659 -0.651 -0.658 -0.665 -0.645 -0.624 -0.617 -0.612 -0.591 -0.567 -0.563 -0.561 -0.543 -0.523 -0.496 -0.46 -0.427 -0.39 -0.361 -0.331 -0.308 -0.286 -0.265 -0.243 -0.205 -0.161 -0.13 -0.096 -0.061 -0.027 0.015 0.055 0.082 0.095 0.09
-9999 -9999 -9999 -9999 -9999 -9999 -9999 -9999 -9999 -9999 -9999 -9999 -9999 -9999 -9999 -9999 -9999 -9999 -9999 -9999 -9999 -9999 -0.699 -0.7 -0.701 -0.709 -0.714 -0.713 -0.712 -0.718 -0.722 -0.727 -0.723 -0.712 -0.701 -0.683 -0.682 -0.689 -0.678 -0.667 -0.664 -0.663 -0.664 -0.648 -0.63 -0.611 -0.607 -0.608 -0.589 -0.57 -0.56 -0.554 -0.548 -0.534 -0.5 -0.458 -0.435 -0.403 -0.378 -0.351 -0.329 -0.307 -0.277 -0.25 -0.204 -0.156 -0.132 -0.101 -0.059 -0.02 0.024 0.059 0.068 0.07 0.077
-9999 -9999 -9999 -9999 -9999 -9999 -9999 -9999 -9999 -9999 -9999 -9999 -9999 -9999 -9999 -9999 -9999 -9999 -9999 -9999 -9999 -9999 -9999 -0.686 -0.692 -0.7 -0.699 -0.698 -0.703 -0.709 -0.715 -0.72 -0.713 -0.703 -0.689 -0.671 -0.675 -0.681 -0.671 -0.661 -0.661 -0.662 -0.651 -0.638 -0.624 -0.605 -0.604 -0.606 -0.59 -0.571 -0.561 -0.551 -0.545 -0.536 -0.499 -0.454 -0.429 -0.405 -0.38 -0.355 -0.333 -0.312 -0.282 -0.249 -0.203 -0.15 -0.125 -0.098 -0.055 -0.011 0.031 0.061 0.065 0.06 0.066
-9999 -9999 -9999 -9999 -9999 -9999 -9999 -9999 -9999 -9999 -9999 -9999 -9999 -9999 -9999 -9999 -9999 -9999 -9999 -9999 -9999 -9999 -9999 -0.659 -0.664 -0.673 -0.677 -0.693 -0.694 -0.686 -0.689 -0.69 -0.686 -0.69 -0.681 -0.679 -0.677 -0.667 -0.659 -0.655 -0.654 -0.654 -0.644 -0.628 -0.615 -0.599 -0.6 -0.603 -0.592 -0.585 -0.574 -0.562 -0.538 -0.515 -0.493 -0.458 -0.43 -0.404 -0.37 -0.339 -0.314 -0.29 -0.255 -0.218 -0.19 -0.148 -0.111 -0.078 -0.039 0.005 0.035 0.054 0.056 0.053 0.065
-9999 -9999 -9999 -9999 -9999 -9999 -9999 -9999 -9999 -9999 -9999 -9999 -9999 -9999 -9999 -9999 -9999 -9999 -9999 -9999 -9999 -9999 -0.666 -0.643 -0.648 -0.655 -0.668 -0.684 -0.677 -0.669 -0.67 -0.67 -0.674 -0.678 -0.677 -0.675 -0.666 -0.655 -0.651 -0.646 -0.645 -0.646 -0.633 -0.618 -0.607 -0.593 -0.595 -0.599 -0.594 -0.588 -0.576 -0.56 -0.535 -0.502 -0.477 -0.453 -0.425 -0.397 -0.363 -0.327 -0.302 -0.276 -0.241 -0.202 -0.173 -0.142 -0.105 -0.065 -0.026 0.013 0.04 0.049 0.05 0.049 0.06
-9999 -9999 -9999 -9999 -9999 -9999 -9999 -9999 -9999 -9999 -9999 -9999 -9999 -9999 -9999 -9999 -9999 -9999 -9999 -9999 -9999 -9999 -0.643 -0.661 -0.663 -0.66 -0.664 -0.652 -0.65 -0.659 -0.659 -0.656 -0.659 -0.656 -0.658 -0.669 -0.663 -0.657 -0.651 -0.644 -0.64 -0.63 -0.621 -0.619 -0.61 -0.599 -0.602 -0.6 -0.596 -0.59 -0.577 -0.562 -0.542 -0.514 -0.476 -0.444 -0.422 -0.397 -0.36 -0.322 -0.287 -0.255 -0.235 -0.205 -0.178 -0.15 -0.113 -0.074 -0.031 0.01 0.044 0.056 0.045 0.037 0.052
-9999 -9999 -9999 -9999 -9999 -9999 -9999 -9999 -9999 -9999 -9999 -9999 -9999 -9999 -9999 -9999 -9999 -9999 -9999 -9999 -9999 -9999 -0.658 -0.663 -0.66 -0.658 -0.647 -0.635 -0.641 -0.649 -0.647 -0.644 -0.643 -0.641 -0.649 -0.659 -0.655 -0.65 -0.645 -0.638 -0.628 -0.618 -0.616 -0.614 -0.606 -0.597 -0.598 -0.598 -0.594 -0.586 -0.57 -0.555 -0.534 -0.51 -0.474 -0.434 -0.411 -0.39 -0.354 -0.314 -0.279 -0.242 -0.22 -0.199 -0.173 -0.145 -0.11 -0.074 -0.034 0.009 0.041 0.057 0.047 0.032 0.046
-9999 -9999 -9999 -9999 -9999 -9999 -9999 -9999 -9999 -9999 -9999 -9999 -9999 -9999 -9999 -9999 -9999 -9999 -9999 -9999 -9999 -0.642 -0.651 -0.626 -0.625 -0.63 -0.622 -0.624 -0.627 -0.629 -0.628 -0.63 -0.629 -0.625 -0.634 -0.654 -0.646 -0.628 -0.628 -0.637 -0.628 -0.617 -0.613 -0.608 -0.602 -0.602 -0.602 -0.597 -0.59 -0.567 -0.554 -0.547 -0.515 -0.482 -0.455 -0.42 -0.394 -0.371 -0.34 -0.304 -0.277 -0.244 -0.218 -0.194 -0.173 -0.15 -0.108 -0.069 -0.03 0.01 0.032 0.043 0.049 0.045 0.049
-9999 -9999 -9999 -9999 -9999 -9999 -9999 -9999 -9999 -9999 -9999 -9999 -9999 -9999 -9999 -9999 -9999 -9999 -9999 -9999 -0.639 -0.637 -0.622 -0.608 -0.61 -0.614 -0.614 -0.615 -0.615 -0.615 -0.617 -0.619 -0.617 -0.613 -0.628 -0.646 -0.63 -0.613 -0.621 -0.631 -0.622 -0.612 -0.607 -0.601 -0.6 -0.599 -0.597 -0.593 -0.577 -0.555 -0.546 -0.538 -0.505 -0.465 -0.438 -0.409 -0.383 -0.358 -0.326 -0.294 -0.267 -0.239 -0.212 -0.185 -0.165 -0.147 -0.108 -0.065 -0.025 0.009 0.027 0.036 0.043 0.048 0.052
-9999 -9999 -9999 -9999 -9999 -9999 -9999 -9999 -9999 -9999 -9999 -9999 -9999 -9999 -9999 -9999 -9999 -9999 -0.636 -0.633 -0.635 -0.648 -0.635 -0.616 -0.618 -0.617 -0.614 -0.604 -0.607 -0.618 -0.62 -0.62 -0.62 -0.623 -0.635 -0.639 -0.626 -0.614 -0.621 -0.626 -0.622 -0.621 -0.619 -0.616 -0.611 -0.597 -0.595 -0.591 -0.575 -0.554 -0.544 -0.528 -0.501 -0.464 -0.438 -0.41 -0.383 -0.356 -0.32 -0.283 -0.265 -0.241 -0.212 -0.184 -0.162 -0.143 -0.099 -0.053 -0.029 -0.006 0.013 0.025 0.039 0.047 0.063
-9999 -9999 -9999 -9999 -9999 -9999 -9999 -9999 -9999 -9999 -9999 -9999 -9999 -9999 -9999 -9999 -9999 -0.631 -0.627 -0.638 -0.643 -0.648 -0.633 -0.616 -0.615 -0.614 -0.606 -0.596 -0.605 -0.615 -0.615 -0.615 -0.618 -0.622 -0.627 -0.632 -0.621 -0.61 -0.613 -0.618 -0.618 -0.619 -0.618 -0.617 -0.606 -0.592 -0.59 -0.583 -0.567 -0.548 -0.536 -0.521 -0.495 -0.462 -0.436 -0.409 -0.382 -0.354 -0.318 -0.278 -0.259 -0.243 -0.216 -0.189 -0.167 -0.146 -0.1 -0.049 -0.025 -0.014 0.003 0.02 0.034 0.044 0.059
-9999 -9999 -9999 -9999 -9999 -9999 -9999 -9999 -9999 -9999 -9999 -9999 -9999 -9999 -0.665 -0.676 -0.664 -0.658 -0.655 -0.635 -0.634 -0.626 -0.617 -0.621 -0.618 -0.611 -0.605 -0.603 -0.607 -0.606 -0.606 -0.606 -0.609 -0.613 -0.615 -0.611 -0.606 -0.611 -0.613 -0.611 -0.617 -0.636 -0.631 -0.615 -0.605 -0.592 -0.587 -0.578 -0.561 -0.538 -0.524 -0.51 -0.494 -0.468 -0.437 -0.408 -0.382 -0.354 -0.323 -0.287 -0.261 -0.241 -0.219 -0.194 -0.167 -0.142 -0.112 -0.072 -0.038 -0.018 0.004 0.025 0.04 0.051 0.047
-9999 -9999 -9999 -9999 -9999 -9999 -9999 -9999 -9999 -9999 -9999 -9999 -0.675 -0.668 -0.668 -0.675 -0.668 -0.664 -0.647 -0.629 -0.621 -0.612 -0.615 -0.618 -0.613 -0.606 -0.604 -0.601 -0.6 -0.599 -0.598 -0.598 -0.602 -0.606 -0.603 -0.598 -0.603 -0.608 -0.605 -0.603 -0.617 -0.635 -0.623 -0.608 -0.599 -0.585 -0.577 -0.569 -0.551 -0.53 -0.517 -0.502 -0.488 -0.469 -0.44 -0.408 -0.383 -0.358 -0.328 -0.294 -0.268 -0.243 -0.221 -0.198 -0.171 -0.142 -0.112 -0.088 -0.059 -0.032 -0.01 0.014 0.036 0.05 0.048
-9999 -9999 -9999 -9999 -9999 -9999 -9999 -9999 -0.697 -0.687 -0.681 -0.675 -0.665 -0.647 -0.645 -0.64 -0.632 -0.629 -0.619 -0.621 -0.613 -0.604 -0.608 -0.615 -0.605 -0.589 -0.589 -0.594 -0.591 -0.588 -0.586 -0.581 -0.587 -0.601 -0.599 -0.6 -0.603 -0.603 -0.604 -0.61 -0.617 -0.613 -0.604 -0.602 -0.593 -0.578 -0.571 -0.565 -0.552 -0.542 -0.531 -0.518 -0.495 -0.475 -0.456 -0.431 -0.396 -0.365 -0.336 -0.304 -0.278 -0.252 -0.231 -0.21 -0.175 -0.142 -0.12 -0.102 -0.071 -0.042 -0.023 -0.003 0.011 0.024 0.035
-9999 -9999 -9999 -9999 -9999 -9999 -9999 -0.704 -0.69 -0.681 -0.672 -0.66 -0.648 -0.636 -0.629 -0.624 -0.616 -0.611 -0.611 -0.613 -0.605 -0.597 -0.602 -0.608 -0.594 -0.579 -0.582 -0.587 -0.584 -0.581 -0.576 -0.57 -0.582 -0.595 -0.596 -0.596 -0.597 -0.598 -0.603 -0.61 -0.605 -0.601 -0.598 -0.596 -0.586 -0.57 -0.563 -0.557 -0.55 -0.542 -0.532 -0.518 -0.498 -0.473 -0.456 -0.439 -0.408 -0.371 -0.343 -0.313 -0.287 -0.26 -0.238 -0.217 -0.182 -0.145 -0.126 -0.115 -0.086 -0.054 -0.037 -0.02 -0.007 0.0 0.011
-9999 -9999 -9999 -9999 -9999 -9999 -0.714 -0.711 -0.699 -0.688 -0.674 -0.656 -0.649 -0.645 -0.638 -0.634 -0.624 -0.611 -0.606 -0.598 -0.591 -0.586 -0.59 -0.596 -0.586 -0.583 -0.585 -0.586 -0.579 -0.562 -0.559 -0.559 -0.567 -0.574 -0.573 -0.569 -0.578 -0.603 -0.603 -0.592 -0.59 -0.592 -0.59 -0.591 -0.585 -0.588 -0.577 -0.552 -0.548 -0.548 -0.535 -0.51 -0.493 -0.472 -0.449 -0.427 -0.407 -0.377 -0.346 -0.313 -0.299 -0.279 -0.257 -0.238 -0.205 -0.176 -0.153 -0.139 -0.118 -0.092 -0.074 -0.058 -0.044 -0.037 -0.007
