Validation/Results/raw data/ReClimate_07_2024_1_Temperatureweatherlogisticsltd.asc
NCOLS 192
NROWS 249
XLLCENTER -225160.85627316462
YLLCENTER 29788.11610251502
CELLSIZE 5000.0
NODATA_VALUE -9999
[rows 198 to 230 of 249, columns 76 to 151 of 192]
-9999 -9999 -9999 -9999 -9999 -9999 -9999 -9999 -9999 -9999 -9999 -9999 -9999 -9999 -9999 -9999 -0.216 -0.19 -0.166 -0.153 -0.136 -0.121 -0.108 -0.094 -0.08 -0.057 -0.031 -0.03 -0.03 -0.009 0.016 0.032 0.05 0.074 0.1 0.108 0.111 0.14 0.171 0.194 0.214 0.239 0.264 0.282 0.3 0.306 0.313 0.342 0.376 0.401 0.428 0.443 0.454 0.503 0.554 0.591 0.625 0.658 0.69 0.712 0.728 0.758 0.788 0.824 0.862 0.896 0.931 0.96 0.982 1.005 1.028 1.038 1.037 1.032 1.022 1.023
-9999 -9999 -9999 -9999 -9999 -9999 -9999 -9999 -9999 -9999 -9999 -9999 -9999 -0.247 -0.227 -0.21 -0.185 -0.16 -0.136 -0.119 -0.107 -0.094 -0.087 -0.078 -0.082 -0.051 -0.004 0.002 0.01 0.035 0.059 0.073 0.076 0.097 0.114 0.128 0.149 0.177 0.195 0.217 0.232 0.252 0.268 0.281 0.285 0.303 0.339 0.371 0.406 0.426 0.451 0.479 0.499 0.523 0.56 0.597 0.631 0.661 0.69 0.73 0.757 0.776 0.799 0.821 0.851 0.891 0.928 0.965 0.991 1.012 1.035 1.045 1.045 1.04 1.032 1.034
-9999 -9999 -9999 -9999 -9999 -9999 -9999 -9999 -9999 -9999 -9999 -0.277 -0.258 -0.235 -0.215 -0.19 -0.165 -0.14 -0.116 -0.102 -0.09 -0.081 -0.072 -0.072 -0.072 -0.031 0.015 0.027 0.037 0.06 0.083 0.089 0.092 0.107 0.125 0.146 0.169 0.189 0.208 0.226 0.239 0.255 0.271 0.277 0.283 0.318 0.354 0.386 0.423 0.444 0.465 0.493 0.519 0.545 0.565 0.6 0.633 0.661 0.688 0.728 0.766 0.785 0.802 0.825 0.846 0.885 0.92 0.952 0.981 1.003 1.025 1.041 1.043 1.04 1.032 1.034
-9999 -9999 -9999 -9999 -9999 -9999 -9999 -0.338 -0.301 -0.289 -0.277 -0.253 -0.206 -0.191 -0.197 -0.173 -0.146 -0.123 -0.103 -0.094 -0.094 -0.081 -0.059 -0.048 -0.024 0.005 0.014 0.023 0.026 0.046 0.072 0.086 0.114 0.129 0.143 0.16 0.172 0.195 0.219 0.23 0.225 0.24 0.255 0.272 0.313 0.344 0.369 0.4 0.429 0.457 0.481 0.507 0.531 0.568 0.594 0.626 0.659 0.687 0.714 0.731 0.757 0.784 0.805 0.831 0.854 0.888 0.918 0.942 0.968 0.99 1.013 1.033 1.042 1.049 1.047 1.05
-9999 -9999 -9999 -9999 -9999 -9999 -0.349 -0.317 -0.288 -0.27 -0.238 -0.21 -0.177 -0.176 -0.182 -0.157 -0.131 -0.111 -0.093 -0.089 -0.087 -0.065 -0.043 -0.02 0.005 0.015 0.022 0.025 0.026 0.048 0.073 0.1 0.127 0.141 0.155 0.165 0.176 0.2 0.223 0.224 0.22 0.236 0.251 0.286 0.329 0.355 0.38 0.407 0.434 0.46 0.488 0.513 0.536 0.571 0.602 0.633 0.664 0.692 0.718 0.735 0.749 0.777 0.802 0.828 0.853 0.883 0.908 0.931 0.953 0.974 0.996 1.016 1.028 1.036 1.042 1.049
-9999 -9999 -9999 -9999 -9999 -0.353 -0.321 -0.291 -0.274 -0.253 -0.244 -0.221 -0.188 -0.178 -0.151 -0.127 -0.106 -0.093 -0.093 -0.082 -0.06 -0.042 -0.034 -0.016 -0.0 0.011 0.025 0.03 0.038 0.061 0.088 0.109 0.121 0.129 0.127 0.136 0.152 0.173 0.201 0.207 0.226 0.241 0.252 0.281 0.305 0.326 0.347 0.374 0.407 0.439 0.49 0.52 0.545 0.576 0.604 0.63 0.658 0.687 0.714 0.737 0.754 0.795 0.827 0.841 0.855 0.875 0.896 0.913 0.931 0.949 0.967 0.99 1.004 1.014 1.02 1.037
-9999 -9999 -9999 -0.358 -9999 -0.327 -0.297 -0.276 -0.261 -0.25 -0.242 -0.218 -0.188 -0.16 -0.132 -0.111 -0.091 -0.088 -0.087 -0.064 -0.042 -0.032 -0.024 -0.01 0.006 0.021 0.033 0.042 0.05 0.073 0.1 0.112 0.123 0.123 0.12 0.133 0.147 0.17 0.193 0.211 0.23 0.242 0.254 0.276 0.298 0.317 0.338 0.368 0.398 0.442 0.492 0.521 0.549 0.578 0.604 0.629 0.653 0.682 0.709 0.731 0.752 0.793 0.832 0.844 0.847 0.864 0.88 0.897 0.913 0.931 0.947 0.969 0.984 0.994 1.002 1.018
-9999 -9999 -9999 -9999 -9999 -9999 -9999 -0.278 -0.253 -0.243 -0.232 -0.204 -0.16 -0.145 -0.16 -0.142 -0.123 -0.114 -0.086 -0.06 -0.025 -0.013 -0.001 0.007 0.002 0.02 0.043 0.052 0.059 0.082 0.11 0.124 0.137 0.139 0.137 0.151 0.162 0.183 0.208 0.224 0.237 0.25 0.269 0.293 0.314 0.337 0.367 0.391 0.406 0.448 0.496 0.528 0.558 0.592 0.62 0.644 0.667 0.682 0.703 0.731 0.755 0.789 0.822 0.839 0.845 0.872 0.895 0.902 0.913 0.93 0.946 0.958 0.968 0.976 0.983 0.994
-9999 -9999 -9999 -9999 -9999 -9999 -9999 -0.266 -0.243 -0.231 -0.22 -0.186 -0.143 -0.151 -0.166 -0.148 -0.13 -0.104 -0.077 -0.045 -0.011 0.002 0.014 0.013 0.011 0.033 0.055 0.063 0.069 0.092 0.119 0.134 0.147 0.15 0.15 0.162 0.171 0.193 0.216 0.229 0.241 0.257 0.279 0.302 0.323 0.351 0.381 0.397 0.411 0.453 0.499 0.531 0.56 0.593 0.624 0.648 0.67 0.685 0.697 0.726 0.754 0.784 0.809 0.824 0.835 0.862 0.89 0.898 0.903 0.921 0.936 0.949 0.953 0.96 0.967 0.977
-9999 -9999 -9999 -9999 -9999 -0.279 -0.262 -0.241 -0.225 -9999 -0.201 -0.18 -0.172 -0.171 -0.155 -0.134 -9999 -0.079 -0.048 -0.027 -0.026 -0.008 0.012 0.021 0.04 0.064 0.091 0.099 0.102 0.119 0.129 0.143 0.16 0.162 0.157 0.166 0.172 0.192 0.213 0.225 0.238 0.257 0.287 0.317 0.354 0.382 0.406 0.427 0.455 0.483 0.522 0.554 0.583 0.604 0.63 0.654 0.676 0.703 0.723 0.745 0.767 0.782 0.798 0.814 0.826 0.844 0.867 0.881 0.89 0.914 0.933 0.959 0.972 0.966 0.966 0.973
-9999 -9999 -9999 -9999 -9999 -0.263 -9999 -9999 -9999 -0.198 -0.187 -0.184 -9999 -9999 -9999 -9999 -9999 -0.061 -0.029 -0.025 -0.02 0.0 0.02 0.039 0.059 0.084 0.11 0.115 0.119 0.127 0.136 0.153 0.17 0.17 0.164 0.171 0.176 0.195 0.217 0.23 0.243 0.266 0.295 0.331 0.369 0.393 0.418 0.446 0.474 0.502 0.531 0.561 0.59 0.611 0.629 0.653 0.675 0.702 0.729 0.748 0.763 0.776 0.785 0.801 0.813 0.832 0.85 0.864 0.877 0.9 0.923 0.948 0.968 0.965 0.956 0.964
-9999 -9999 -9999 -9999 -9999 -9999 -9999 -0.232 -0.217 -0.203 -0.182 -0.176 -9999 -9999 -9999 -9999 -9999 -9999 -9999 -9999 -0.003 0.012 0.021 0.042 0.068 0.082 0.081 0.089 0.106 0.115 0.132 0.143 0.147 0.153 0.175 0.179 0.175 0.194 0.215 0.23 0.25 0.271 0.296 0.328 0.358 0.389 0.44 0.467 0.491 0.519 0.549 0.57 0.594 0.625 0.651 0.66 0.674 0.684 0.698 0.728 0.748 0.766 0.779 0.806 0.825 0.837 0.853 0.862 0.872 0.883 0.898 0.918 0.934 0.946 0.945 0.952
-9999 -9999 -9999 -9999 -9999 -9999 -9999 -9999 -0.209 -9999 -9999 -9999 -9999 -9999 -9999 -9999 -9999 -9999 -0.01 -0.0 0.01 0.02 0.028 0.052 0.075 0.075 0.074 0.089 0.105 0.118 0.135 0.14 0.142 0.162 0.184 0.184 0.181 0.2 0.22 0.238 0.258 -9999 0.302 0.33 0.357 0.401 0.449 0.474 0.499 0.527 0.555 0.575 0.593 0.624 0.655 0.665 0.668 0.676 0.679 0.707 0.734 0.752 0.768 0.795 0.82 0.833 0.845 0.856 0.863 0.874 0.881 0.899 0.913 0.923 0.932 0.94
-9999 -9999 -9999 -9999 -9999 -9999 -9999 -9999 -9999 -9999 -9999 -9999 -9999 -9999 -9999 -9999 -9999 -9999 -0.004 0.012 0.039 0.042 -9999 -9999 -9999 0.08 0.087 0.099 0.109 0.123 0.138 0.141 0.144 0.165 0.192 0.194 0.195 0.213 0.231 0.247 -9999 0.283 0.302 0.329 0.358 0.402 0.457 0.482 0.506 0.532 0.551 0.572 0.59 0.625 0.657 0.669 0.674 0.681 0.685 0.703 0.726 0.748 0.768 0.774 0.786 0.803 0.817 0.846 0.864 0.882 0.893 0.911 0.926 0.93 0.937 0.949
-9999 -9999 -9999 -9999 -9999 -9999 -9999 -9999 -9999 -9999 -9999 -9999 -9999 -9999 -9999 -9999 -9999 -9999 -9999 -9999 -9999 -9999 -9999 -9999 -9999 0.094 0.095 0.105 0.116 0.129 0.142 0.147 0.151 0.175 0.201 0.205 0.207 0.223 -9999 -9999 0.273 0.289 0.308 0.335 0.362 0.41 0.463 0.489 0.513 0.532 0.549 0.568 0.586 0.617 0.65 0.661 0.667 0.675 0.679 0.698 0.714 0.737 0.759 0.767 0.766 0.783 0.799 0.827 0.857 0.876 0.89 0.908 0.922 0.927 0.929 0.942
-9999 -9999 -9999 -9999 -9999 -9999 -9999 -9999 -9999 -9999 -9999 -9999 -9999 -9999 -9999 -9999 -9999 -9999 -9999 -9999 -9999 -9999 -9999 -9999 -9999 0.107 0.117 0.121 0.114 0.13 0.154 0.16 0.163 0.183 0.199 -9999 -9999 -9999 -9999 -9999 0.284 0.301 0.328 0.354 0.38 0.425 0.472 0.497 0.517 0.533 0.545 0.549 0.557 0.594 0.63 0.651 0.664 0.674 0.679 0.699 0.717 0.729 0.745 0.772 0.784 0.795 0.81 0.824 0.845 0.868 0.884 0.905 0.921 0.93 0.936 0.937
-9999 -9999 -9999 -9999 -9999 -9999 -9999 -9999 -9999 -9999 -9999 -9999 -9999 -9999 -9999 -9999 -9999 -9999 -9999 -9999 -9999 -9999 -9999 -9999 -9999 -9999 -9999 0.129 0.117 0.138 0.164 0.169 0.172 0.189 -9999 -9999 -9999 -9999 0.272 0.283 0.294 0.315 0.341 0.366 0.392 0.433 0.478 0.499 0.515 0.529 0.54 0.544 0.544 0.578 0.617 0.637 0.656 0.666 0.673 0.692 0.711 0.724 0.734 0.76 0.783 0.796 0.806 0.821 0.833 0.855 0.871 0.892 0.91 0.92 0.929 0.93
-9999 -9999 -9999 -9999 -9999 -9999 -9999 -9999 -9999 -9999 -9999 -9999 -9999 -9999 -9999 -9999 -9999 -9999 -9999 -9999 -9999 -9999 -9999 -9999 -9999 -9999 -9999 -9999 0.136 0.155 0.172 0.18 0.194 -9999 -9999 -9999 -9999 0.272 0.291 0.3 0.299 0.321 0.351 0.373 0.39 0.435 0.493 0.51 0.522 0.536 0.546 0.545 0.541 0.553 0.578 0.611 0.638 0.656 0.667 0.686 0.703 0.724 0.74 0.756 0.775 0.787 0.798 0.826 0.848 0.862 0.874 0.885 0.899 0.893 0.892 0.904
-9999 -9999 -9999 -9999 -9999 -9999 -9999 -9999 -9999 -9999 -9999 -9999 -9999 -9999 -9999 -9999 -9999 -9999 -9999 -9999 -9999 -9999 -9999 -9999 -9999 -9999 -9999 -9999 -9999 -9999 -9999 -9999 -9999 -9999 -9999 -9999 0.273 0.29 0.303 0.305 0.304 0.327 0.357 0.374 0.39 0.441 0.495 0.509 0.522 0.535 0.545 0.544 0.538 0.549 0.56 0.59 0.625 0.643 0.659 0.677 0.694 0.715 0.734 0.752 0.764 0.776 0.787 0.815 0.844 0.857 0.864 0.875 0.884 0.879 0.868 0.88
-9999 -9999 -9999 -9999 -9999 -9999 -9999 -9999 -9999 -9999 -9999 -9999 -9999 -9999 -9999 -9999 -9999 -9999 -9999 -9999 -9999 -9999 -9999 -9999 -9999 -9999 -9999 -9999 -9999 -9999 -9999 -9999 -9999 -9999 -9999 0.27 0.286 0.299 0.307 0.311 0.317 0.342 0.377 0.394 0.405 0.442 0.465 0.487 0.529 0.54 0.544 0.554 0.555 0.571 0.585 0.597 0.62 0.633 0.648 0.67 0.69 0.713 0.735 0.75 0.762 0.765 0.77 0.808 0.841 0.865 0.878 0.869 0.867 0.874 0.872 0.884
-9999 -9999 -9999 -9999 -9999 -9999 -9999 -9999 -9999 -9999 -9999 -9999 -9999 -9999 -9999 -9999 -9999 -9999 -9999 -9999 -9999 -9999 -9999 -9999 -9999 -9999 -9999 -9999 -9999 -9999 -9999 -9999 -9999 -9999 -9999 0.291 0.295 0.305 0.311 0.319 0.326 0.353 0.386 0.399 0.408 0.429 0.451 0.488 0.528 0.536 0.54 0.55 0.558 0.574 0.59 0.602 0.613 0.626 0.637 0.659 0.681 0.705 0.728 0.743 0.753 0.757 0.757 0.793 0.83 0.852 0.872 0.865 0.85 0.858 0.863 0.875
-9999 -9999 -9999 -9999 -9999 -9999 -9999 -9999 -9999 -9999 -9999 -9999 -9999 -9999 -9999 -9999 -9999 -9999 -9999 -9999 -9999 -9999 0.106 0.122 0.154 0.17 -9999 0.196 -9999 -9999 -9999 -9999 -9999 -9999 -9999 -9999 0.309 0.317 0.323 0.336 0.359 0.378 0.384 0.397 0.413 0.433 0.449 0.478 0.496 0.52 0.533 0.546 0.556 0.565 0.577 0.599 0.616 0.622 0.629 0.651 0.674 0.699 0.723 0.74 0.752 0.762 0.766 0.783 0.809 0.825 0.842 0.854 0.852 0.85 0.851 0.862
-9999 -9999 -9999 -9999 -9999 -9999 -9999 -9999 -9999 -9999 -9999 -9999 -9999 -9999 -9999 -9999 -9999 -9999 -9999 0.099 0.113 0.115 0.116 0.137 0.164 0.181 0.197 0.215 0.235 0.247 -9999 -9999 0.279 0.303 0.323 0.326 0.317 0.324 0.331 0.352 0.373 0.376 0.381 0.398 0.413 0.43 0.447 0.463 0.48 0.503 0.527 0.54 0.552 0.561 0.568 0.589 0.612 0.619 0.622 0.642 0.665 0.689 0.714 0.73 0.744 0.754 0.761 0.777 0.79 0.806 0.821 0.832 0.841 0.841 0.836 0.848
-9999 -9999 -9999 -9999 -9999 -9999 -9999 -9999 -9999 -9999 -9999 -9999 -9999 -9999 -9999 -9999 -9999 -9999 0.095 0.108 0.119 0.129 0.148 0.168 0.18 0.197 0.209 0.229 0.252 0.264 0.269 0.287 0.311 0.333 0.346 0.341 0.328 0.334 0.335 0.35 0.36 0.366 0.383 0.396 0.403 0.421 0.445 0.462 0.48 0.505 0.533 0.541 0.55 0.572 0.587 0.593 0.607 0.618 0.625 0.64 0.658 0.677 0.698 0.717 0.732 0.747 0.756 0.768 0.78 0.79 0.801 0.814 0.825 0.832 0.833 0.84
-9999 -9999 -9999 -9999 -9999 -9999 -9999 -9999 -9999 -9999 -9999 -9999 -9999 -9999 -9999 -9999 -9999 -9999 0.104 0.119 0.129 0.148 0.166 0.179 0.192 0.206 0.219 0.24 0.263 0.272 0.279 0.303 0.328 0.342 0.354 0.346 0.333 0.335 0.336 0.346 0.355 0.367 0.383 0.39 0.397 0.419 0.442 0.46 0.478 0.504 0.532 0.54 0.546 0.567 0.589 0.596 0.6 0.611 0.621 0.636 0.651 0.669 0.685 0.702 0.72 0.734 0.745 0.756 0.765 0.776 0.783 0.797 0.809 0.816 0.821 0.829
-9999 -9999 -9999 -9999 -9999 -9999 -9999 -9999 -9999 -9999 -9999 -9999 -9999 -9999 -9999 -9999 -9999 -9999 0.12 0.13 0.143 0.161 0.179 0.194 0.211 0.227 0.248 0.268 0.284 0.295 0.306 0.321 0.318 0.328 0.339 0.335 0.34 0.345 0.349 0.359 0.365 0.372 0.369 0.377 0.391 0.417 0.45 0.464 0.468 0.496 0.528 0.535 0.54 0.553 0.569 0.583 0.591 0.611 0.626 0.632 0.642 0.659 0.675 0.69 0.705 0.722 0.734 0.74 0.747 0.752 0.756 0.772 0.785 0.803 0.814 0.819
-9999 -9999 -9999 -9999 -9999 -9999 -9999 -9999 -9999 -9999 -9999 -9999 -9999 -9999 0.101 0.101 -9999 0.11 0.134 0.143 0.152 0.17 0.189 0.205 0.222 0.243 0.264 0.279 0.296 0.308 0.316 0.316 0.312 0.322 0.331 0.337 0.343 0.349 0.354 0.362 0.369 0.367 0.363 0.373 0.387 0.418 0.451 0.457 0.462 0.491 0.523 0.53 0.534 0.547 0.558 0.571 0.583 0.602 0.623 0.63 0.634 0.65 0.665 0.679 0.692 0.707 0.721 0.726 0.73 0.735 0.736 0.752 0.767 0.784 0.801 0.806
-9999 -9999 -9999 -9999 -9999 -9999 -9999 -9999 -9999 -9999 -9999 -9999 -9999 -9999 0.106 0.105 0.104 0.122 0.14 0.152 0.172 0.187 0.197 0.212 0.224 0.243 0.261 0.277 0.296 0.302 0.302 0.306 0.319 0.327 0.332 0.336 0.335 0.343 0.353 0.365 0.383 0.382 0.376 0.385 0.391 0.416 0.434 0.443 0.459 0.481 0.491 0.519 0.537 0.546 0.555 0.562 0.57 0.59 0.612 0.624 0.631 0.646 0.659 0.668 0.677 0.688 0.7 0.688 0.679 0.685 0.686 0.725 0.754 0.766 0.78 0.787
-9999 -9999 -9999 -9999 -9999 -9999 -9999 -9999 -9999 -9999 -9999 -9999 -9999 0.097 0.113 0.114 0.113 0.129 0.147 0.165 0.185 0.193 0.203 0.216 0.227 0.244 0.26 0.276 0.293 0.296 0.296 0.309 0.321 0.328 0.333 0.333 0.331 0.341 0.352 0.369 0.387 0.386 0.381 0.385 0.389 0.407 0.424 0.44 0.455 0.467 0.476 0.503 0.534 0.543 0.551 0.557 0.562 0.581 0.603 0.615 0.625 0.639 0.649 0.658 0.664 0.675 0.685 0.672 0.654 0.659 0.661 0.697 0.74 0.752 0.763 0.77
-9999 -9999 -9999 -9999 -9999 -9999 -9999 -9999 -9999 -9999 -9999 -9999 -9999 -9999 0.106 0.11 0.121 0.139 0.165 0.182 0.198 0.207 0.217 0.23 0.242 0.254 0.259 0.274 0.291 0.296 0.303 0.32 0.344 0.346 0.332 0.333 0.332 0.349 0.381 0.391 0.385 0.386 0.39 0.39 0.387 0.4 0.41 0.428 0.449 0.459 0.468 0.48 0.502 0.51 0.516 0.55 0.571 0.575 -9999 0.597 0.603 0.61 0.617 0.622 0.626 0.654 0.674 0.654 0.631 0.65 0.661 0.679 0.708 0.704 0.703 0.71
-9999 -9999 -9999 -9999 -9999 -9999 -9999 -9999 -9999 -9999 -9999 -9999 -9999 0.097 0.109 0.12 0.13 0.152 0.176 0.19 0.204 0.212 0.221 0.233 0.246 0.252 0.257 0.272 0.289 0.298 0.306 0.328 0.353 0.345 0.332 0.334 0.333 0.36 0.391 0.388 0.382 0.388 0.393 0.389 0.385 0.392 0.403 0.423 0.443 0.454 0.462 0.475 0.487 0.495 0.501 0.534 0.572 0.578 0.581 -9999 0.589 -9999 0.599 -9999 0.606 -9999 0.662 0.644 0.617 0.634 0.654 0.672 0.683 -9999 -9999 -9999
-9999 -9999 -9999 -9999 -9999 -9999 -9999 -9999 -9999 -9999 -9999 -9999 -9999 0.104 0.117 0.129 0.142 0.16 0.171 0.189 0.214 0.223 0.234 0.242 0.239 0.246 0.25 0.266 0.284 0.297 0.313 0.325 0.318 0.316 0.327 0.333 0.347 0.364 0.365 0.366 0.378 0.382 0.381 0.379 0.379 0.388 0.405 0.421 0.426 0.438 0.453 0.466 0.479 0.488 0.494 0.504 0.526 0.539 0.544 -9999 -9999 0.571 0.571 -9999 -9999 0.596 0.613 0.616 -9999 -9999 -9999 -9999 -9999 -9999 -9999 -9999
-9999 -9999 -9999 -9999 -9999 -9999 -9999 -9999 -9999 -9999 -9999 -9999 0.094 0.107 0.117 0.131 0.144 0.156 0.167 0.191 0.216 0.226 0.237 0.238 0.236 0.242 0.247 0.263 0.282 0.299 0.316 0.312 0.303 0.314 0.325 0.338 0.353 0.355 0.355 0.365 0.375 0.377 0.376 0.378 0.377 0.389 0.403 0.412 0.417 0.432 0.447 0.46 0.473 0.483 0.491 0.5 -9999 -9999 -9999 0.535 -9999 -9999 -9999 -9999 -9999 -9999 0.572 -9999 -9999 -9999 -9999 -9999 -9999 -9999 -9999 -9999
