Validation/Results/raw data/ReClimate_02_2024_2_Precipitation-Actuals.asc
NCOLS 192
NROWS 249
XLLCENTER -225160.85627316462
YLLCENTER 29788.11610251502
CELLSIZE 5000.0
NODATA_VALUE -9999
[rows 66 to 98 of 249, columns 75 to 149 of 192]
-9999 -9999 -9999 -9999 -9999 -9999 -9999 -9999 -9999 -9999 81.488 -9999 95.349 121.04 141.333 136.874 159.272 132.084 124.448 105.212 99.905 84.407 86.066 91.105 87.28 88.68 89.714 89.694 93.732 80.179 72.571 -9999 -9999 -9999 -9999 -9999 -9999 -9999 -9999 -9999 -9999 -9999 -9999 -9999 -9999 -9999 -9999 -9999 -9999 -9999 -9999 -9999 -9999 -9999 -9999 -9999 -9999 -9999 -9999 -9999 -9999 -9999 -9999 -9999 -9999 -9999 -9999 -9999 -9999 -9999 -9999 -9999 -9999 -9999 -9999
-9999 -9999 -9999 -9999 -9999 -9999 -9999 -9999 -9999 -9999 -9999 87.523 121.233 122.041 128.54 132.685 130.673 126.754 124.698 110.078 97.685 89.155 82.195 83.259 81.253 84.542 87.017 92.165 80.414 -9999 -9999 -9999 -9999 -9999 -9999 -9999 -9999 -9999 -9999 -9999 -9999 -9999 -9999 -9999 -9999 -9999 -9999 -9999 -9999 -9999 -9999 -9999 -9999 -9999 -9999 -9999 -9999 -9999 -9999 -9999 -9999 -9999 -9999 -9999 -9999 -9999 -9999 -9999 -9999 -9999 -9999 -9999 -9999 -9999 -9999
-9999 -9999 -9999 -9999 -9999 -9999 -9999 -9999 -9999 -9999 -9999 104.21 129.842 123.072 111.84 124.419 131.375 119.774 111.134 98.957 85.317 82.278 78.228 83.641 81.919 74.351 80.105 73.305 61.68 -9999 -9999 -9999 -9999 -9999 -9999 -9999 -9999 -9999 -9999 -9999 -9999 -9999 -9999 -9999 -9999 -9999 -9999 -9999 -9999 -9999 -9999 -9999 -9999 -9999 -9999 -9999 -9999 -9999 -9999 -9999 -9999 -9999 -9999 -9999 -9999 -9999 -9999 -9999 -9999 -9999 -9999 -9999 -9999 -9999 -9999
-9999 -9999 -9999 -9999 -9999 -9999 -9999 -9999 -9999 -9999 -9999 -9999 -9999 106.33 115.206 125.443 118.354 116.396 111.984 104.858 91.034 76.035 74.752 84.066 76.883 70.51 56.268 -9999 -9999 -9999 -9999 -9999 -9999 -9999 -9999 -9999 -9999 -9999 -9999 -9999 -9999 -9999 -9999 -9999 -9999 -9999 -9999 -9999 -9999 -9999 -9999 -9999 -9999 -9999 -9999 -9999 -9999 -9999 -9999 -9999 -9999 -9999 -9999 -9999 -9999 -9999 -9999 -9999 -9999 -9999 -9999 -9999 -9999 -9999 -9999
-9999 -9999 -9999 -9999 -9999 -9999 -9999 83.773 -9999 -9999 90.557 103.844 111.74 108.214 130.144 122.391 123.72 126.335 123.372 110.39 97.212 71.471 74.043 74.913 79.745 65.96 57.926 -9999 -9999 -9999 -9999 -9999 -9999 -9999 -9999 -9999 -9999 -9999 -9999 -9999 -9999 -9999 -9999 -9999 -9999 -9999 -9999 -9999 -9999 -9999 -9999 -9999 -9999 -9999 -9999 -9999 -9999 -9999 -9999 -9999 -9999 -9999 -9999 -9999 -9999 -9999 -9999 -9999 -9999 -9999 -9999 -9999 -9999 -9999 -9999
-9999 -9999 -9999 -9999 -9999 80.274 82.693 91.346 94.058 104.784 105.784 128.838 139.245 134.373 107.174 130.052 140.022 136.224 124.821 110.807 107.616 102.651 71.786 68.123 63.895 57.151 50.021 -9999 -9999 -9999 -9999 -9999 -9999 -9999 -9999 -9999 -9999 -9999 -9999 -9999 -9999 -9999 -9999 -9999 -9999 -9999 -9999 -9999 -9999 -9999 -9999 -9999 -9999 -9999 -9999 -9999 -9999 -9999 -9999 -9999 -9999 -9999 -9999 -9999 -9999 -9999 -9999 -9999 -9999 -9999 -9999 -9999 -9999 -9999 -9999
-9999 -9999 -9999 -9999 -9999 85.863 95.145 -9999 107.919 123.018 134.596 143.392 164.394 120.237 131.029 144.529 153.822 155.953 130.454 126.406 129.558 101.147 86.56 83.229 65.421 56.761 -9999 45.233 -9999 -9999 -9999 -9999 -9999 -9999 -9999 -9999 -9999 -9999 -9999 -9999 -9999 -9999 -9999 -9999 -9999 -9999 -9999 -9999 -9999 -9999 -9999 -9999 -9999 -9999 -9999 -9999 -9999 -9999 -9999 -9999 -9999 -9999 -9999 -9999 -9999 -9999 -9999 -9999 -9999 -9999 -9999 -9999 -9999 -9999 -9999
-9999 -9999 -9999 -9999 -9999 -9999 110.359 112.684 117.805 140.334 139.954 168.46 142.976 134.759 129.992 128.148 136.981 141.573 121.317 122.113 118.537 93.36 88.165 75.151 64.062 55.607 45.919 42.632 -9999 -9999 -9999 -9999 -9999 -9999 -9999 -9999 -9999 -9999 -9999 -9999 -9999 -9999 -9999 -9999 -9999 -9999 -9999 -9999 -9999 -9999 -9999 -9999 -9999 -9999 -9999 -9999 -9999 -9999 -9999 -9999 -9999 -9999 -9999 -9999 -9999 -9999 -9999 -9999 -9999 -9999 -9999 -9999 -9999 -9999 -9999
-9999 -9999 -9999 -9999 -9999 -9999 -9999 108.575 122.032 136.642 177.914 165.151 159.208 147.314 152.73 153.088 130.837 110.664 106.532 121.709 107.769 91.946 85.088 66.56 57.797 45.657 45.385 49.551 -9999 -9999 -9999 -9999 -9999 -9999 -9999 -9999 -9999 -9999 -9999 -9999 -9999 -9999 -9999 -9999 -9999 -9999 -9999 -9999 -9999 -9999 -9999 -9999 -9999 -9999 -9999 -9999 -9999 -9999 -9999 -9999 -9999 -9999 -9999 -9999 -9999 -9999 -9999 -9999 -9999 -9999 -9999 -9999 -9999 -9999 -9999
-9999 -9999 -9999 -9999 -9999 118.25 118.207 127.891 138.376 153.624 148.212 169.697 161.381 157.885 158.592 137.044 120.149 113.778 98.848 107.099 121.365 93.904 66.008 51.71 46.839 -9999 49.076 -9999 -9999 -9999 -9999 -9999 -9999 53.675 51.927 52.754 -9999 -9999 -9999 -9999 -9999 -9999 -9999 -9999 -9999 -9999 -9999 -9999 -9999 -9999 -9999 -9999 -9999 -9999 -9999 -9999 -9999 -9999 -9999 -9999 -9999 -9999 -9999 -9999 -9999 -9999 -9999 -9999 -9999 -9999 -9999 -9999 -9999 -9999 -9999
100.283 -9999 -9999 -9999 -9999 -9999 128.251 144.644 159.978 154.497 164.977 149.2 153.374 150.872 149.831 120.674 108.291 89.285 95.469 115.923 97.895 73.498 57.669 54.551 52.331 46.676 -9999 -9999 -9999 -9999 48.371 46.046 47.749 52.064 51.365 50.592 54.414 55.655 54.693 59.468 62.706 57.71 52.362 49.677 53.012 60.089 62.058 58.334 54.011 51.762 52.577 52.705 -9999 -9999 -9999 -9999 -9999 -9999 -9999 -9999 -9999 -9999 -9999 -9999 -9999 -9999 -9999 -9999 -9999 -9999 -9999 -9999 -9999 -9999 -9999
141.144 -9999 -9999 -9999 126.177 -9999 133.389 142.707 165.956 197.129 168.488 151.715 137.845 146.7 131.78 124.618 111.295 106.3 90.736 78.56 74.441 62.977 56.576 59.822 52.041 -9999 -9999 -9999 -9999 51.07 52.117 49.032 56.329 62.814 53.379 52.131 58.411 68.289 67.454 70.068 69.58 63.396 56.898 55.578 57.16 59.663 61.103 59.627 53.937 50.642 60.265 52.865 -9999 -9999 -9999 -9999 -9999 -9999 -9999 -9999 -9999 -9999 -9999 -9999 -9999 -9999 -9999 -9999 -9999 -9999 -9999 -9999 -9999 -9999 -9999
140.905 -9999 -9999 -9999 133.389 137.198 139.1 166.139 203.623 192.386 186.953 147.582 151.109 140.956 131.798 115.16 110.251 112.597 94.489 88.304 66.057 54.594 59.676 49.406 -9999 -9999 47.803 46.812 49.695 54.818 57.644 58.942 65.067 73.228 68.038 69.329 74.457 69.202 72.854 73.242 63.017 62.356 64.625 57.239 58.885 62.051 63.311 59.457 58.785 62.123 57.867 54.256 50.283 -9999 -9999 -9999 -9999 -9999 -9999 -9999 -9999 -9999 -9999 -9999 -9999 -9999 -9999 -9999 -9999 -9999 -9999 -9999 -9999 -9999 -9999
127.966 -9999 120.918 -9999 121.556 129.241 167.11 196.5 183.062 205.459 182.723 169.751 160.072 151.519 146.721 131.301 121.528 110.105 111.48 97.99 71.013 49.78 45.262 45.106 -9999 57.816 58.983 58.809 61.759 59.983 62.764 68.666 77.853 77.051 82.598 78.56 73.614 78.625 82.917 75.251 67.097 68.085 60.91 62.472 62.469 63.535 62.781 61.395 58.409 56.259 53.133 51.802 50.237 -9999 -9999 -9999 -9999 -9999 -9999 -9999 -9999 -9999 -9999 -9999 -9999 -9999 -9999 -9999 -9999 -9999 -9999 -9999 -9999 -9999 -9999
-9999 118.651 -9999 -9999 -9999 163.321 223.985 188.54 182.712 152.428 160.342 158.869 153.3 155.641 148.475 152.607 137.854 123.227 105.32 83.038 58.514 54.144 63.239 54.2 57.084 68.998 76.099 83.326 73.464 65.007 74.9 79.354 86.528 86.676 74.528 74.091 76.098 79.236 83.337 75.141 69.35 61.901 62.221 63.306 66.056 63.645 64.979 64.242 68.305 64.068 59.94 55.099 52.947 -9999 -9999 -9999 -9999 -9999 -9999 -9999 -9999 -9999 -9999 -9999 -9999 -9999 -9999 -9999 -9999 -9999 -9999 -9999 -9999 -9999 -9999
121.31 -9999 -9999 -9999 -9999 174.617 169.673 156.024 -9999 149.947 163.113 164.223 148.6 142.265 142.954 128.837 115.226 111.68 98.434 87.603 75.941 79.288 77.574 57.551 69.636 74.621 89.002 96.979 84.142 71.147 69.509 84.448 94.683 80.363 69.484 87.576 83.118 83.868 87.158 77.887 72.089 66.271 73.902 71.737 65.758 65.527 64.26 67.339 65.742 67.571 63.905 56.474 53.527 -9999 -9999 -9999 -9999 -9999 -9999 -9999 -9999 -9999 -9999 -9999 -9999 -9999 -9999 -9999 -9999 -9999 -9999 -9999 -9999 -9999 -9999
151.371 -9999 -9999 -9999 136.922 -9999 -9999 127.127 131.406 157.042 181.778 177.665 161.961 160.868 143.217 133.666 108.89 91.422 84.762 82.447 81.138 83.626 54.056 63.653 74.885 89.197 87.479 90.525 89.565 72.634 73.113 81.123 80.549 74.279 88.398 92.168 92.51 90.204 86.612 89.745 77.352 77.757 81.92 71.152 66.112 66.578 69.861 63.157 61.103 61.547 63.187 56.431 -9999 -9999 -9999 -9999 -9999 -9999 -9999 -9999 -9999 -9999 -9999 -9999 -9999 -9999 -9999 -9999 -9999 -9999 -9999 -9999 -9999 -9999 -9999
178.1 156.703 134.379 -9999 -9999 -9999 148.196 126.417 -9999 162.479 156.561 158.923 167.739 160.628 161.177 128.646 92.766 87.633 86.268 84.42 80.086 60.333 70.989 80.501 92.544 83.774 82.478 87.912 80.594 66.348 68.09 67.271 74.073 91.199 84.672 93.57 104.606 92.405 91.758 88.165 77.319 78.518 71.775 67.258 63.747 67.274 66.195 65.464 58.246 59.459 59.584 -9999 -9999 -9999 -9999 -9999 -9999 -9999 -9999 -9999 -9999 -9999 -9999 -9999 -9999 -9999 -9999 -9999 -9999 -9999 -9999 -9999 -9999 -9999 -9999
186.617 164.948 143.846 -9999 138.986 149.36 153.106 156.579 178.803 165.937 162.272 179.01 185.763 158.546 124.155 116.836 105.832 103.521 98.435 94.543 75.444 69.779 79.679 101.391 97.541 82.391 81.218 81.512 63.372 58.213 64.096 71.508 82.563 72.176 73.775 86.118 94.995 100.4 98.68 96.272 79.381 80.961 77.22 77.943 82.508 68.048 64.374 65.431 60.697 55.928 55.879 -9999 -9999 -9999 -9999 -9999 -9999 -9999 -9999 -9999 -9999 -9999 -9999 -9999 -9999 -9999 -9999 -9999 -9999 -9999 -9999 -9999 -9999 -9999 -9999
172.076 153.887 139.855 145.131 142.134 162.266 -9999 150.37 175.489 204.905 217.9 197.164 178.443 143.592 149.611 128.881 115.829 99.451 93.341 86.532 70.716 74.28 98.547 111.507 94.842 88.64 92.332 74.815 72.053 58.79 60.646 67.505 71.251 77.062 77.061 91.415 107.336 96.345 91.423 84.571 75.865 71.424 67.829 76.856 69.665 63.191 63.418 63.22 60.192 57.843 -9999 -9999 -9999 -9999 -9999 -9999 -9999 -9999 -9999 -9999 -9999 -9999 -9999 -9999 -9999 -9999 -9999 -9999 -9999 -9999 -9999 -9999 -9999 -9999 -9999
-9999 -9999 -9999 132.745 153.606 -9999 149.01 171.553 215.78 236.313 205.667 201.487 185.971 180.312 150.742 110.487 98.014 103.599 108.126 80.039 80.418 97.364 117.374 116.895 110.707 111.12 88.489 91.47 73.96 65.656 81.181 75.896 92.965 93.176 99.345 110.287 105.449 79.87 80.763 79.084 78.941 77.178 75.53 74.018 67.933 64.482 63.779 64.364 62.524 58.795 -9999 -9999 -9999 -9999 -9999 -9999 -9999 -9999 -9999 -9999 -9999 -9999 -9999 -9999 -9999 -9999 -9999 -9999 -9999 -9999 -9999 -9999 -9999 -9999 -9999
-9999 -9999 111.185 138.306 -9999 136.933 156.99 -9999 198.873 183.32 205.889 209.048 215.564 179.283 139.384 136.29 124.414 99.764 84.447 102.703 102.782 114.038 132.595 131.755 125.629 107.749 88.012 69.565 58.518 74.269 82.421 99.797 108.891 108.994 106.617 106.336 91.678 88.806 86.499 79.149 77.562 74.548 73.576 74.651 71.874 68.407 65.742 73.4 67.915 59.637 -9999 -9999 -9999 -9999 -9999 -9999 -9999 -9999 -9999 -9999 -9999 -9999 -9999 -9999 -9999 -9999 -9999 -9999 -9999 -9999 -9999 -9999 -9999 -9999 -9999
-9999 -9999 103.144 -9999 -9999 144.934 166.962 190.887 177.719 198.38 203.661 195.199 173.67 153.253 128.5 111.328 92.721 93.006 119.72 131.338 129.444 136.461 140.102 134.714 111.422 75.889 60.383 66.275 88.52 99.896 130.341 132.372 119.151 116.946 113.602 95.948 83.211 85.64 84.196 67.097 68.841 68.207 68.733 76.587 88.019 72.033 66.317 65.02 62.378 58.512 -9999 -9999 -9999 -9999 -9999 -9999 -9999 -9999 -9999 -9999 -9999 -9999 -9999 -9999 -9999 -9999 -9999 -9999 -9999 -9999 -9999 -9999 -9999 -9999 -9999
-9999 -9999 -9999 -9999 -9999 -9999 192.043 197.482 185.726 211.585 211.634 175.44 177.509 160.646 137.43 124.866 128.896 146.052 145.37 141.145 119.551 114.617 119.466 115.098 86.006 60.875 63.711 80.332 101.845 132.409 123.234 124.707 116.575 114.668 101.862 88.263 84.639 84.605 68.799 63.455 66.036 62.876 65.471 77.658 71.896 63.495 61.98 64.595 62.639 -9999 -9999 -9999 -9999 -9999 -9999 -9999 -9999 -9999 -9999 -9999 -9999 -9999 -9999 -9999 -9999 -9999 -9999 -9999 -9999 -9999 -9999 -9999 -9999 -9999 -9999
-9999 -9999 -9999 -9999 122.321 148.641 -9999 202.658 206.574 234.178 196.46 168.263 159.561 158.2 171.192 168.916 156.776 130.749 130.793 119.523 112.975 98.426 95.292 86.503 80.015 83.87 84.635 96.812 118.797 116.286 116.554 94.123 93.766 87.427 70.039 71.465 78.878 84.22 83.42 78.24 79.429 88.237 77.179 64.576 68.409 73.659 75.993 68.509 60.991 -9999 -9999 -9999 -9999 -9999 -9999 -9999 -9999 -9999 -9999 -9999 -9999 -9999 -9999 -9999 -9999 -9999 -9999 -9999 -9999 -9999 -9999 -9999 -9999 -9999 -9999
-9999 -9999 -9999 115.799 118.543 163.153 184.86 216.087 235.473 227.125 206.396 168.092 144.78 152.183 146.477 146.022 156.692 148.817 156.238 151.407 89.934 90.82 84.562 85.658 91.142 105.941 99.913 110.237 104.082 104.603 91.915 85.559 83.27 91.563 92.659 98.273 91.609 88.133 104.756 113.36 112.319 104.265 89.012 89.348 87.844 82.438 73.923 65.116 -9999 -9999 -9999 -9999 -9999 -9999 -9999 -9999 -9999 -9999 -9999 -9999 -9999 -9999 -9999 -9999 -9999 -9999 -9999 -9999 -9999 -9999 -9999 -9999 -9999 -9999 -9999
-9999 -9999 -9999 112.024 -9999 154.717 175.752 195.595 220.47 215.21 160.756 150.662 160.927 129.281 121.118 126.803 131.462 146.962 139.183 97.588 100.762 112.917 99.852 92.916 128.562 125.095 133.489 118.519 116.108 108.916 102.495 95.044 103.19 104.935 114.425 116.207 89.206 106.277 110.842 92.284 97.877 103.486 95.533 92.33 83.87 73.143 70.083 62.77 -9999 -9999 -9999 -9999 -9999 -9999 -9999 -9999 -9999 -9999 -9999 -9999 -9999 -9999 -9999 -9999 -9999 -9999 -9999 -9999 -9999 -9999 -9999 -9999 -9999 -9999 -9999
-9999 -9999 -9999 -9999 -9999 173.115 192.479 180.983 192.559 161.557 129.176 135.283 118.782 110.63 112.876 116.512 138.741 121.789 124.656 122.894 133.347 110.827 90.743 113.869 130.275 121.386 118.213 105.95 114.715 103.851 100.183 121.283 117.356 118.029 134.457 124.752 126.368 126.656 110.502 98.575 93.232 83.157 86.135 88.996 77.898 67.631 64.58 58.655 -9999 -9999 -9999 -9999 -9999 -9999 -9999 -9999 -9999 -9999 -9999 -9999 -9999 -9999 -9999 -9999 -9999 -9999 -9999 -9999 -9999 -9999 -9999 -9999 -9999 -9999 -9999
-9999 -9999 -9999 122.154 140.361 171.018 170.63 169.088 188.084 150.525 155.886 155.231 -9999 148.12 185.794 177.189 164.311 158.728 171.944 167.367 145.749 131.295 123.221 117.505 106.898 102.078 85.957 87.929 98.757 92.806 113.525 102.637 102.11 100.337 113.39 123.678 117.347 100.422 106.494 99.856 85.795 90.05 76.489 71.577 66.014 64.619 64.561 48.244 -9999 -9999 -9999 -9999 -9999 -9999 -9999 -9999 -9999 -9999 -9999 -9999 -9999 -9999 -9999 -9999 -9999 -9999 -9999 -9999 -9999 -9999 -9999 -9999 -9999 -9999 -9999
102.661 110.862 117.424 -9999 128.224 151.883 162.78 171.429 176.483 168.637 163.473 -9999 170.834 213.572 199.48 197.742 170.491 163.409 161.922 164.297 141.273 136.242 119.31 101.208 90.936 81.067 65.649 76.217 73.935 92.307 92.26 91.468 86.202 80.453 91.15 95.636 87.938 93.328 94.995 88.972 86.708 67.56 63.038 60.799 59.808 65.361 50.232 -9999 -9999 -9999 -9999 -9999 -9999 -9999 -9999 -9999 -9999 -9999 -9999 -9999 -9999 -9999 -9999 -9999 -9999 -9999 -9999 -9999 -9999 -9999 -9999 -9999 -9999 -9999 -9999
106.344 116.952 133.47 131.865 -9999 145.874 159.921 174.403 172.041 154.354 142.636 151.674 184.162 186.224 169.594 181.975 162.906 153.953 145.221 130.656 110.552 108.731 92.837 87.364 95.516 68.936 70.69 63.934 66.456 76.304 87.783 76.943 65.995 73.425 87.184 81.73 81.598 76.295 81.776 72.635 60.668 57.406 57.955 55.792 55.347 -9999 -9999 -9999 -9999 -9999 -9999 -9999 -9999 -9999 -9999 -9999 -9999 -9999 -9999 -9999 -9999 -9999 -9999 -9999 -9999 -9999 -9999 -9999 -9999 -9999 -9999 -9999 -9999 -9999 -9999
-9999 -9999 132.696 -9999 147.758 152.84 167.985 192.756 182.811 -9999 -9999 184.664 171.296 162.533 189.408 164.997 158.788 139.83 133.32 93.214 84.45 75.983 70.733 75.801 69.691 75.326 63.655 68.132 68.107 71.946 73.926 67.636 62.603 72.291 75.824 74.142 65.416 69.045 67.067 59.873 52.756 51.78 56.135 52.161 -9999 -9999 -9999 -9999 -9999 -9999 -9999 -9999 -9999 -9999 -9999 -9999 -9999 -9999 -9999 -9999 -9999 -9999 -9999 -9999 -9999 -9999 -9999 -9999 -9999 -9999 -9999 -9999 -9999 -9999 -9999
123.753 -9999 136.834 157.996 145.56 155.967 174.924 181.447 -9999 -9999 156.364 197.074 196.568 206.359 167.949 153.325 143.99 133.028 109.629 97.469 92.703 95.254 89.253 96.446 112.671 90.041 74.98 73.667 62.45 61.584 59.918 66.33 68.632 67.354 66.314 62.075 55.925 55.95 56.666 54.143 49.992 51.209 52.571 50.824 48.728 -9999 -9999 -9999 -9999 -9999 -9999 -9999 -9999 -9999 -9999 -9999 -9999 -9999 -9999 -9999 -9999 -9999 -9999 -9999 -9999 -9999 -9999 -9999 -9999 -9999 -9999 -9999 -9999 -9999 -9999
