Validation/Results/raw data/ReClimate_08_2024_2_Precipitation-Actuals.asc
NCOLS 192
NROWS 249
XLLCENTER -225160.85627316462
YLLCENTER 29788.11610251502
CELLSIZE 5000.0
NODATA_VALUE -9999
[rows 198 to 230 of 249, columns 74 to 147 of 192]
-9999 -9999 -9999 -9999 -9999 -9999 -9999 -9999 -9999 -9999 -9999 -9999 -9999 -9999 -9999 -9999 -9999 -9999 181.112 181.175 181.347 165.81 162.215 170.147 170.583 204.111 220.183 246.094 238.507 210.626 177.462 141.848 136.152 130.463 129.394 136.803 127.227 107.179 91.77 88.005 89.546 94.348 88.717 93.441 92.555 88.963 82.237 78.252 76.046 79.221 73.503 74.843 76.529 71.916 68.651 68.936 69.059 70.982 67.488 73.131 76.161 76.877 81.642 79.697 77.97 75.545 73.309 74.331 73.269 71.29 73.716 67.121 64.937 64.11
-9999 -9999 -9999 -9999 -9999 -9999 -9999 -9999 -9999 -9999 -9999 -9999 -9999 -9999 -9999 118.889 147.111 168.722 173.488 191.157 182.469 176.596 169.723 165.363 190.076 209.031 230.531 222.974 223.824 190.192 171.088 165.332 141.446 127.04 150.308 129.376 105.627 86.391 84.357 86.37 96.102 83.217 85.35 85.109 89.382 89.366 80.868 86.489 79.262 73.123 67.424 68.759 72.849 66.866 62.89 65.592 70.764 72.148 78.079 75.105 75.039 77.359 79.504 79.024 78.134 77.774 71.899 72.788 72.964 71.302 68.273 68.842 64.626 64.425
-9999 -9999 -9999 -9999 -9999 -9999 -9999 -9999 -9999 -9999 -9999 -9999 -9999 148.304 139.02 145.433 159.464 171.564 191.138 190.109 190.897 181.039 184.522 203.261 190.601 211.279 220.172 204.728 199.01 190.054 200.271 170.498 149.94 144.219 126.639 109.934 93.986 112.634 100.452 88.026 85.086 79.311 77.246 81.351 85.943 85.009 89.126 83.046 75.77 70.61 62.877 67.218 69.212 64.382 68.654 69.056 69.963 72.473 71.491 78.423 76.377 85.468 88.518 84.608 81.725 80.761 74.109 69.138 70.025 70.005 67.791 63.767 66.826 65.276
-9999 -9999 -9999 -9999 -9999 -9999 -9999 -9999 -9999 149.52 160.716 156.358 151.999 181.124 173.522 181.864 186.106 188.576 195.984 195.483 207.293 214.362 233.725 218.226 202.258 211.253 197.727 193.877 191.785 205.8 191.756 174.353 156.093 140.959 121.692 97.09 128.034 127.024 107.788 104.883 87.942 87.006 79.828 85.569 97.748 85.581 89.409 78.607 72.759 68.893 69.03 71.755 71.783 80.642 74.671 74.334 71.363 78.142 75.19 72.978 76.46 80.209 86.705 85.385 82.836 78.983 73.059 70.407 69.954 71.43 71.337 70.303 67.345 65.687
-9999 -9999 -9999 -9999 -9999 -9999 -9999 -9999 133.672 154.233 160.038 173.804 215.168 243.919 235.365 226.119 211.094 213.34 217.258 214.35 219.102 230.725 230.539 217.072 208.236 189.04 181.762 184.065 199.049 197.282 181.698 168.743 149.906 136.048 135.174 156.973 182.384 144.705 121.172 97.233 96.356 86.331 91.634 93.702 85.786 85.256 80.944 76.865 73.629 71.086 72.291 76.558 80.089 87.892 91.606 78.978 72.864 81.47 84.051 79.578 80.065 78.793 82.724 82.348 80.663 76.667 76.949 76.13 70.611 74.474 76.603 69.549 68.406 66.631
-9999 -9999 -9999 -9999 -9999 -9999 -9999 123.51 138.958 155.842 167.395 188.531 222.83 222.188 213.007 209.663 208.592 212.972 211.877 205.874 216.947 229.32 222.195 202.452 184.384 172.353 185.35 210.759 215.83 203.725 180.5 164.368 143.513 147.634 140.643 187.154 176.219 160.367 121.061 113.141 103.035 104.292 95.561 91.887 88.815 87.951 94.593 78.839 74.89 69.067 65.788 79.013 90.114 97.338 92.544 84.214 81.743 83.806 88.91 84.164 83.604 82.124 79.669 79.612 82.709 76.401 74.162 79.289 78.424 75.951 76.635 70.941 68.81 70.372
-9999 -9999 -9999 -9999 -9999 117.501 -9999 125.533 137.036 150.843 161.181 169.315 182.887 183.648 185.954 186.274 184.716 194.791 185.156 190.393 195.212 195.312 187.027 185.588 186.614 205.005 232.784 275.291 294.42 243.233 229.208 212.363 208.054 178.264 160.31 165.257 196.047 150.588 130.56 126.286 120.825 104.486 97.857 98.955 96.553 99.0 88.694 77.882 69.338 67.939 79.111 89.878 100.408 104.893 95.586 85.297 81.954 82.111 86.151 84.48 81.887 77.994 77.525 76.657 73.698 77.102 73.765 74.577 76.467 74.102 75.666 76.07 71.443 74.885
-9999 -9999 -9999 -9999 -9999 -9999 -9999 -9999 -9999 152.97 151.988 160.648 167.962 172.162 182.908 178.652 180.085 164.806 180.972 179.952 180.257 189.328 191.089 204.296 207.02 233.825 270.055 304.64 297.215 288.649 263.74 277.038 268.815 198.43 184.699 180.745 142.834 143.918 131.082 109.982 107.453 104.228 115.165 112.58 112.899 100.449 87.045 75.822 74.46 79.102 89.953 107.694 107.643 108.528 98.305 88.663 85.128 89.494 82.914 81.771 78.111 74.218 72.644 72.934 73.849 71.458 73.456 72.697 73.797 76.337 78.726 82.687 81.782 75.001
-9999 -9999 -9999 -9999 -9999 -9999 -9999 -9999 -9999 148.635 150.461 152.924 160.91 176.074 183.734 186.393 170.199 173.526 175.133 177.246 189.415 193.204 197.077 202.302 204.952 223.684 244.147 263.247 265.203 259.619 264.234 275.851 238.844 223.251 192.725 159.576 173.114 170.363 127.982 119.57 124.155 127.636 123.914 127.104 114.5 105.139 86.168 83.227 85.944 104.779 112.125 109.875 104.964 105.024 104.31 97.382 87.301 85.608 87.462 79.777 77.106 73.899 72.416 73.619 73.903 74.394 74.026 72.851 75.195 78.828 84.966 83.241 82.518 81.971
-9999 -9999 -9999 -9999 -9999 -9999 -9999 125.445 135.119 143.712 146.238 -9999 159.201 160.863 170.693 162.57 158.032 156.357 -9999 163.29 171.304 183.204 204.632 200.839 222.461 229.408 244.521 253.198 247.397 234.372 247.111 227.581 209.745 200.188 198.421 188.212 194.06 179.732 138.577 134.763 117.954 121.723 130.467 127.874 126.105 96.971 86.824 85.265 94.115 99.814 106.885 102.845 104.183 95.561 94.194 94.708 86.961 79.489 77.876 77.825 81.562 78.181 74.995 71.282 70.308 69.616 72.262 74.529 77.6 84.998 87.587 88.653 82.965 82.674
-9999 -9999 -9999 -9999 -9999 -9999 -9999 126.349 -9999 -9999 -9999 149.244 148.232 156.961 -9999 -9999 -9999 -9999 -9999 155.283 164.728 181.783 180.536 194.761 205.964 211.642 225.55 232.522 235.156 292.234 294.224 249.841 214.334 209.25 213.852 208.278 200.512 165.91 147.044 129.617 121.799 128.146 122.134 122.788 100.631 89.152 88.626 90.915 100.863 99.459 105.558 97.543 92.478 92.906 88.38 84.654 81.274 77.318 75.808 75.076 77.438 80.129 75.268 74.605 71.791 72.317 74.005 72.684 81.07 88.667 91.205 89.238 83.581 80.522
-9999 -9999 -9999 -9999 -9999 -9999 -9999 -9999 -9999 134.866 139.483 138.918 143.065 146.399 -9999 -9999 -9999 -9999 -9999 -9999 -9999 -9999 170.824 186.394 185.83 182.736 195.093 218.257 282.906 327.107 326.349 291.548 248.259 222.612 213.698 193.331 197.802 181.557 148.477 135.608 145.758 135.262 126.101 100.817 93.682 94.374 95.631 105.678 103.068 102.14 99.179 93.239 88.483 84.872 83.422 80.039 76.746 77.206 74.485 72.561 71.575 73.097 73.605 75.076 76.881 77.545 82.154 81.612 84.974 93.81 90.553 86.243 83.039 78.605
-9999 -9999 -9999 -9999 -9999 -9999 -9999 -9999 -9999 -9999 138.297 -9999 -9999 -9999 -9999 -9999 -9999 -9999 -9999 -9999 157.902 164.929 174.174 172.249 161.218 162.772 174.013 214.693 266.023 307.63 316.058 285.537 242.15 222.527 208.018 192.709 189.941 161.035 134.946 130.277 134.819 129.109 111.702 -9999 96.769 99.217 101.367 113.62 105.413 98.561 92.234 87.961 86.322 82.4 81.939 78.574 75.805 70.608 69.145 68.827 71.392 71.547 72.853 74.068 77.324 87.473 88.749 93.046 87.459 88.871 87.686 84.288 77.221 77.559
-9999 -9999 -9999 -9999 -9999 -9999 -9999 -9999 -9999 -9999 -9999 -9999 -9999 -9999 -9999 -9999 -9999 -9999 -9999 -9999 156.858 163.863 156.595 150.307 -9999 -9999 -9999 175.197 232.032 251.577 258.18 239.513 225.232 220.99 200.527 174.922 163.197 141.757 125.594 129.836 121.268 110.136 -9999 93.537 94.545 98.443 105.462 106.39 98.901 94.961 88.395 89.243 88.33 84.828 80.652 79.121 74.186 74.003 74.764 76.595 75.896 74.2 71.947 76.073 78.851 81.677 90.864 90.927 87.266 84.395 83.898 80.116 76.393 73.801
-9999 -9999 -9999 -9999 -9999 -9999 -9999 -9999 -9999 -9999 -9999 -9999 -9999 -9999 -9999 -9999 -9999 -9999 -9999 -9999 -9999 -9999 -9999 -9999 -9999 -9999 -9999 137.58 179.587 208.57 201.762 198.383 196.291 190.061 172.704 158.846 144.004 128.61 124.593 120.114 -9999 -9999 95.225 92.494 100.418 101.243 100.567 104.389 97.662 90.387 85.403 85.426 88.88 87.012 84.623 89.303 88.749 85.497 86.451 92.138 87.146 81.698 81.89 80.069 85.347 87.928 85.747 85.567 84.368 77.225 78.121 77.323 73.029 72.078
-9999 -9999 -9999 -9999 -9999 -9999 -9999 -9999 -9999 -9999 -9999 -9999 -9999 -9999 -9999 -9999 -9999 -9999 -9999 -9999 -9999 -9999 -9999 -9999 -9999 -9999 -9999 137.103 155.453 165.162 174.214 174.963 168.775 161.352 155.538 144.842 130.256 -9999 -9999 -9999 -9999 -9999 92.966 100.208 104.827 101.317 103.778 106.248 100.456 91.674 87.346 83.883 83.924 91.903 92.4 99.905 101.107 97.173 93.898 94.457 93.338 85.036 84.087 82.116 81.823 88.291 82.544 79.503 75.633 74.858 73.23 73.552 72.929 70.119
-9999 -9999 -9999 -9999 -9999 -9999 -9999 -9999 -9999 -9999 -9999 -9999 -9999 -9999 -9999 -9999 -9999 -9999 -9999 -9999 -9999 -9999 -9999 -9999 -9999 -9999 -9999 -9999 -9999 146.429 162.024 158.135 151.179 147.814 141.954 129.781 -9999 -9999 -9999 -9999 107.161 109.943 110.616 104.778 102.111 101.64 109.908 108.145 101.784 93.608 88.807 89.297 94.395 96.738 100.449 101.236 102.978 96.484 92.193 86.75 88.079 87.078 81.355 82.22 78.969 80.279 79.62 76.276 76.178 75.367 77.105 76.852 72.933 71.805
-9999 -9999 -9999 -9999 -9999 -9999 -9999 -9999 -9999 -9999 -9999 -9999 -9999 -9999 -9999 -9999 -9999 -9999 -9999 -9999 -9999 -9999 -9999 -9999 -9999 -9999 -9999 -9999 -9999 -9999 131.32 125.063 137.398 127.132 124.726 -9999 -9999 -9999 -9999 111.979 110.865 111.604 111.295 100.409 102.135 97.638 97.283 99.458 103.779 95.661 92.683 99.003 100.316 101.83 105.767 102.246 98.334 93.179 90.903 87.556 85.143 83.999 84.658 81.339 80.337 75.727 76.027 77.483 80.572 79.916 80.11 77.976 74.846 72.739
-9999 -9999 -9999 -9999 -9999 -9999 -9999 -9999 -9999 -9999 -9999 -9999 -9999 -9999 -9999 -9999 -9999 -9999 -9999 -9999 -9999 -9999 -9999 -9999 -9999 -9999 -9999 -9999 -9999 -9999 -9999 -9999 -9999 -9999 -9999 -9999 -9999 -9999 114.146 112.315 109.473 114.157 109.552 109.682 102.375 100.28 99.075 104.03 99.771 89.336 91.573 92.364 96.196 98.461 100.007 104.01 102.21 98.933 102.051 98.028 93.461 91.876 89.55 91.798 84.678 80.303 77.727 77.91 81.508 83.23 79.618 78.688 75.931 74.81
-9999 -9999 -9999 -9999 -9999 -9999 -9999 -9999 -9999 -9999 -9999 -9999 -9999 -9999 -9999 -9999 -9999 -9999 -9999 -9999 -9999 -9999 -9999 -9999 -9999 -9999 -9999 -9999 -9999 -9999 -9999 -9999 -9999 -9999 -9999 -9999 -9999 107.664 111.578 119.618 124.978 145.108 129.919 110.486 110.382 107.223 106.765 104.458 90.567 85.718 84.653 88.05 93.078 96.066 101.533 104.691 111.67 109.581 104.366 112.813 104.917 99.296 93.984 90.074 88.4 80.895 81.475 82.163 82.623 83.88 82.728 80.079 79.654 77.724
-9999 -9999 -9999 -9999 -9999 -9999 -9999 -9999 -9999 -9999 -9999 -9999 -9999 -9999 -9999 -9999 -9999 -9999 -9999 -9999 -9999 -9999 -9999 -9999 -9999 -9999 -9999 -9999 -9999 -9999 -9999 -9999 -9999 -9999 -9999 -9999 -9999 105.926 105.382 110.725 129.285 134.493 134.199 139.636 128.665 122.009 121.246 105.084 93.352 88.163 99.547 102.172 102.265 98.865 96.085 96.806 101.352 111.007 109.147 106.981 106.225 98.514 97.594 93.083 89.15 86.923 85.699 85.483 88.297 86.759 84.043 83.325 82.135 87.638
-9999 -9999 -9999 -9999 -9999 -9999 -9999 -9999 -9999 -9999 -9999 -9999 -9999 -9999 -9999 -9999 -9999 -9999 -9999 -9999 -9999 -9999 -9999 -9999 177.656 201.466 225.201 207.221 -9999 173.904 -9999 -9999 -9999 -9999 -9999 -9999 -9999 -9999 98.389 105.415 112.995 116.311 123.516 133.937 130.829 132.616 117.995 108.287 102.458 110.185 110.366 101.417 100.028 98.052 92.123 94.019 95.041 95.522 99.601 104.104 100.814 101.741 102.01 105.846 100.725 95.251 95.141 95.327 91.623 92.557 90.12 89.837 91.269 90.528
-9999 -9999 -9999 -9999 -9999 -9999 -9999 -9999 -9999 -9999 -9999 -9999 -9999 -9999 -9999 -9999 -9999 -9999 -9999 -9999 -9999 168.103 173.251 163.491 178.144 223.814 232.968 220.375 213.859 179.976 141.362 116.003 -9999 -9999 108.999 105.279 105.73 103.414 93.759 96.163 100.19 103.023 114.815 117.05 126.335 128.443 124.123 111.61 120.501 113.109 106.557 106.601 99.338 96.753 93.342 92.58 101.6 99.812 98.285 96.854 100.417 102.829 108.424 105.201 110.354 108.537 101.456 97.312 94.013 93.336 95.009 94.782 107.959 107.31
-9999 -9999 -9999 -9999 -9999 -9999 -9999 -9999 -9999 -9999 -9999 -9999 -9999 -9999 -9999 -9999 -9999 -9999 -9999 -9999 169.408 167.398 158.317 156.639 189.335 227.215 245.24 242.606 217.78 192.674 163.555 131.509 120.906 122.853 119.565 118.836 107.317 95.948 93.099 91.956 94.883 97.398 107.205 120.11 121.225 122.727 118.537 129.268 116.054 119.167 116.593 106.588 107.034 101.893 97.914 96.272 97.69 104.185 99.924 100.702 99.17 102.216 105.598 109.534 111.412 112.561 109.53 109.742 110.259 99.175 91.716 97.566 102.277 112.76
-9999 -9999 -9999 -9999 -9999 -9999 -9999 -9999 -9999 -9999 -9999 -9999 -9999 -9999 -9999 -9999 -9999 -9999 -9999 -9999 168.806 145.385 138.621 146.111 171.965 203.475 213.625 217.446 203.158 183.274 158.943 153.01 149.831 136.42 127.585 111.638 106.478 99.833 89.546 89.724 88.022 96.456 102.774 102.757 100.356 108.254 118.015 114.13 113.956 128.208 127.449 109.241 108.32 108.781 103.42 100.595 102.191 102.237 101.901 101.611 101.942 101.034 103.423 109.417 117.585 118.174 113.199 114.34 119.692 113.449 101.233 96.029 98.748 108.51
-9999 -9999 -9999 -9999 -9999 -9999 -9999 -9999 -9999 -9999 -9999 -9999 -9999 -9999 -9999 -9999 -9999 -9999 -9999 -9999 150.407 136.163 134.152 135.241 155.278 162.628 170.036 168.731 167.982 164.467 159.75 160.864 151.062 139.404 117.856 105.296 101.823 97.448 90.371 88.789 96.492 94.334 92.909 90.447 101.717 109.513 110.503 110.822 111.301 120.423 113.835 112.801 115.808 109.625 102.673 103.136 103.122 106.907 109.242 104.468 105.025 111.123 111.193 115.315 120.7 129.96 121.252 115.288 115.719 112.307 106.199 104.262 102.883 103.65
-9999 -9999 -9999 -9999 -9999 -9999 -9999 -9999 -9999 -9999 -9999 -9999 -9999 -9999 -9999 -9999 164.735 177.102 -9999 154.763 138.464 150.692 139.596 133.491 133.65 138.929 141.805 153.134 157.58 157.529 154.589 146.628 139.291 118.256 108.164 100.782 102.741 100.252 96.536 93.914 92.751 96.608 98.492 96.275 105.53 102.94 109.316 111.637 115.247 115.5 114.262 126.395 124.499 115.776 108.615 105.25 107.069 109.01 107.895 109.303 106.094 111.134 118.472 116.534 121.548 122.425 126.846 116.92 115.577 118.435 114.309 109.719 107.666 104.718
-9999 -9999 -9999 -9999 -9999 -9999 -9999 -9999 -9999 -9999 -9999 -9999 -9999 -9999 -9999 -9999 183.265 189.439 163.273 149.728 149.446 148.623 135.404 133.729 140.418 136.637 140.787 146.9 150.423 154.973 147.462 137.21 127.943 123.2 125.722 125.696 117.614 107.762 98.814 97.917 104.382 103.652 101.316 104.297 106.596 104.23 112.259 109.927 112.11 126.779 138.056 120.687 123.976 116.326 112.422 114.343 112.831 108.55 108.483 106.173 107.527 107.687 112.746 116.453 121.818 129.076 122.038 130.825 125.144 122.066 121.304 117.308 112.041 110.313
-9999 -9999 -9999 -9999 -9999 -9999 -9999 -9999 -9999 -9999 -9999 -9999 -9999 -9999 -9999 158.545 171.627 163.101 168.806 162.176 153.142 146.737 143.101 141.354 136.083 128.377 135.221 138.276 137.536 140.668 128.435 124.028 118.334 126.06 142.089 144.098 148.018 125.169 114.396 110.295 110.748 106.443 109.603 111.465 111.92 115.591 117.321 111.684 118.697 130.766 114.913 116.938 114.938 119.363 116.034 113.992 118.714 115.311 106.958 106.333 102.063 99.809 106.633 112.897 117.219 123.926 123.679 125.262 133.394 125.474 134.383 121.039 125.201 126.583
-9999 -9999 -9999 -9999 -9999 -9999 -9999 -9999 -9999 -9999 -9999 -9999 -9999 -9999 -9999 -9999 138.785 157.043 155.846 153.734 147.705 147.376 135.826 128.631 128.974 127.017 129.968 129.112 128.113 119.61 120.089 121.684 119.139 129.6 141.621 152.3 144.688 140.343 127.041 127.733 120.537 122.8 126.871 132.508 119.189 124.811 126.22 122.725 126.906 121.026 119.627 114.886 115.577 118.264 115.918 114.262 115.0 115.382 111.029 110.096 -9999 104.59 103.019 115.22 112.925 112.565 113.422 109.996 114.386 113.712 114.038 116.627 112.931 123.377
-9999 -9999 -9999 -9999 -9999 -9999 -9999 -9999 -9999 -9999 -9999 -9999 -9999 -9999 -9999 134.954 132.025 138.933 144.236 148.523 149.47 144.158 131.92 126.16 123.4 126.859 120.017 117.289 110.717 112.586 114.841 112.471 115.244 125.344 132.474 139.657 147.806 134.718 133.592 147.157 144.679 143.879 153.536 139.873 142.692 146.024 139.624 132.198 127.309 121.448 117.529 117.169 116.099 117.186 115.253 115.478 117.63 117.203 114.954 109.78 105.968 -9999 99.606 -9999 103.493 -9999 100.593 -9999 99.873 101.73 103.591 104.135 103.612 107.136
-9999 -9999 -9999 -9999 -9999 -9999 -9999 -9999 -9999 -9999 -9999 -9999 -9999 -9999 -9999 130.84 132.793 137.676 142.111 151.046 153.21 149.574 142.218 138.592 134.368 130.529 119.735 106.543 105.624 109.187 106.059 105.962 108.623 122.477 133.04 145.213 139.712 128.665 145.293 143.916 134.91 139.135 134.252 143.458 152.407 144.734 131.813 133.679 126.109 123.203 121.641 118.599 117.517 114.593 113.524 114.447 114.937 111.093 109.798 106.05 103.713 -9999 -9999 96.758 95.587 -9999 -9999 95.722 96.309 95.748 -9999 -9999 -9999 -9999
-9999 -9999 -9999 -9999 -9999 -9999 -9999 -9999 -9999 -9999 -9999 -9999 -9999 -9999 150.008 142.378 147.369 143.166 142.265 144.9 150.594 158.515 165.266 170.724 169.963 147.162 120.978 117.609 117.88 108.274 104.11 98.104 110.743 120.222 136.197 135.607 133.891 129.974 131.38 115.263 122.515 123.457 131.917 143.513 143.025 131.539 134.459 131.188 127.571 123.722 115.342 116.799 118.441 114.077 110.581 106.451 109.125 110.062 -9999 -9999 -9999 107.557 -9999 -9999 -9999 -9999 -9999 -9999 99.019 -9999 -9999 -9999 -9999 -9999
