Validation/Results/raw data/ReClimate_06_2024_2_Temperatureweatherlogisticsltd.asc
NCOLS 192
NROWS 249
XLLCENTER -225160.85627316462
YLLCENTER 29788.11610251502
CELLSIZE 5000.0
NODATA_VALUE -9999
[rows 136 to 169 of 249, columns 75 to 149 of 192]
-0.354 -9999 -9999 -9999 -9999 -9999 -9999 -9999 -9999 -9999 -0.658 -9999 -0.79 -0.864 -0.927 -0.988 -1.046 -1.098 -1.143 -1.176 -1.207 -1.235 -1.282 -1.33 -1.359 -1.386 -1.405 -1.39 -1.358 -1.329 -9999 -9999 -9999 -9999 -9999 -9999 -1.139 -1.106 -1.078 -1.043 -0.986 -0.889 -0.792 -0.704 -0.612 -0.525 -0.462 -0.406 -0.346 -0.289 -0.225 -0.151 -0.081 -0.012 0.051 0.106 0.149 0.189 0.23 -9999 -9999 -9999 -9999 -9999 -9999 -9999 -9999 -9999 -9999 -9999 -9999 -9999 -9999 -9999 -9999
-0.345 -0.357 -9999 -9999 -9999 -9999 -9999 -9999 -9999 -9999 -0.639 -0.709 -0.785 -0.846 -0.908 -0.966 -1.026 -1.086 -1.137 -1.18 -1.215 -1.257 -1.297 -1.321 -1.354 -1.391 -1.403 -1.378 -1.342 -1.307 -9999 -9999 -9999 -9999 -1.174 -1.159 -1.126 -1.083 -1.048 -1.011 -0.939 -0.84 -0.748 -0.658 -0.572 -0.498 -0.433 -0.362 -0.308 -0.264 -0.194 -0.123 -0.049 0.023 0.071 0.114 0.161 0.205 0.249 -9999 -9999 -9999 -9999 -9999 -9999 -9999 -9999 -9999 -9999 -9999 -9999 -9999 -9999 -9999 -9999
-0.33 -0.343 -0.352 -9999 -9999 -9999 -9999 -9999 -9999 -9999 -0.633 -0.693 -0.765 -9999 -9999 -0.949 -1.013 -1.076 -1.134 -9999 -1.228 -1.268 -1.297 -1.322 -1.361 -1.396 -1.401 -1.37 -9999 -9999 -9999 -9999 -9999 -1.184 -1.165 -1.142 -1.098 -1.053 -1.019 -0.975 -0.891 -0.798 -0.707 -0.619 -0.54 -0.47 -0.398 -0.328 -0.282 -0.235 -0.163 -0.092 -0.021 0.054 0.098 0.131 0.176 0.221 0.267 -9999 -9999 -9999 -9999 -9999 -9999 -9999 -9999 -9999 -9999 -9999 -9999 -9999 -9999 -9999 -9999
-0.323 -0.321 -0.333 -9999 -9999 -9999 -9999 -9999 -9999 -9999 -9999 -0.659 -0.736 -9999 -9999 -9999 -1.009 -1.07 -1.136 -1.197 -9999 -9999 -1.304 -1.334 -1.372 -1.406 -1.405 -9999 -9999 -9999 -9999 -9999 -1.202 -1.176 -1.149 -1.118 -1.077 -1.039 -1.005 -0.952 -0.864 -0.77 -0.678 -0.583 -0.504 -0.434 -0.366 -0.305 -0.256 -0.194 -0.136 -0.075 -0.006 0.065 0.117 0.15 0.197 0.243 0.28 -9999 -9999 -9999 -9999 -9999 -9999 -9999 -9999 -9999 -9999 -9999 -9999 -9999 -9999 -9999 -9999
-0.316 -0.314 -9999 -9999 -9999 -9999 -9999 -9999 -9999 -9999 -9999 -9999 -0.71 -9999 -9999 -9999 -9999 -1.063 -1.137 -1.201 -9999 -9999 -9999 -1.347 -1.386 -9999 -9999 -9999 -9999 -9999 -9999 -9999 -1.189 -1.156 -1.12 -1.09 -1.052 -1.016 -0.983 -0.926 -0.833 -0.741 -0.646 -0.551 -0.473 -0.405 -0.341 -0.281 -0.225 -0.157 -0.1 -0.051 0.017 0.083 0.132 0.17 0.216 0.264 0.302 -9999 -9999 -9999 -9999 -9999 -9999 -9999 -9999 -9999 -9999 -9999 -9999 -9999 -9999 -9999 -9999
-0.324 -9999 -9999 -9999 -9999 -9999 -9999 -9999 -9999 -9999 -9999 -9999 -0.673 -9999 -9999 -9999 -9999 -9999 -1.132 -1.197 -9999 -9999 -9999 -9999 -9999 -9999 -9999 -9999 -9999 -9999 -9999 -9999 -1.166 -1.116 -1.078 -1.042 -1.004 -0.97 -0.938 -0.88 -0.793 -0.71 -0.617 -0.529 -0.453 -0.391 -0.335 -0.295 -0.236 -0.155 -0.076 -0.013 0.053 0.111 0.154 0.191 0.233 0.28 0.32 0.363 -9999 -9999 -9999 -9999 -9999 -9999 -9999 -9999 -9999 -9999 -9999 -9999 -9999 -9999 -9999
-9999 -0.329 -0.32 -0.308 -0.325 -9999 -9999 -9999 -9999 -9999 -9999 -9999 -0.654 -9999 -9999 -9999 -9999 -9999 -9999 -9999 -9999 -9999 -9999 -9999 -9999 -9999 -9999 -9999 -9999 -9999 -9999 -1.179 -1.125 -1.082 -1.041 -1.006 -0.971 -0.938 -0.907 -0.846 -0.766 -0.682 -0.591 -0.504 -0.433 -0.373 -0.327 -0.289 -0.222 -0.139 -0.061 0.018 0.081 0.134 0.173 0.209 0.251 0.297 0.338 0.383 0.425 -9999 -9999 -9999 -9999 -9999 -9999 -9999 -9999 -9999 -9999 -9999 -9999 -9999 -9999
-0.329 -0.336 -0.33 -0.327 -0.338 -9999 -9999 -9999 -9999 -9999 -9999 -9999 -9999 -9999 -9999 -9999 -9999 -9999 -9999 -9999 -9999 -9999 -9999 -9999 -9999 -9999 -9999 -9999 -9999 -9999 -1.179 -1.139 -1.091 -1.055 -1.015 -0.977 -0.946 -0.924 -0.886 -0.815 -0.737 -0.658 -0.574 -0.498 -0.429 -0.367 -0.313 -0.247 -0.179 -0.106 -0.031 0.038 0.095 0.143 0.185 0.223 0.262 0.307 0.345 0.386 0.439 -9999 -9999 -9999 -9999 -9999 -9999 -9999 -9999 -9999 -9999 -9999 -9999 -9999 -9999
-0.332 -0.339 -0.337 -9999 -0.339 -0.341 -9999 -9999 -9999 -9999 -9999 -9999 -9999 -9999 -9999 -9999 -9999 -9999 -9999 -9999 -9999 -9999 -9999 -9999 -9999 -9999 -9999 -9999 -9999 -9999 -1.153 -1.108 -1.064 -1.029 -0.988 -0.951 -0.926 -0.904 -0.86 -0.783 -0.707 -0.631 -0.555 -0.483 -0.414 -0.353 -0.285 -0.218 -0.154 -0.082 -0.015 0.051 0.106 0.148 0.189 0.23 0.272 0.318 0.361 0.399 0.448 0.492 0.533 -9999 -9999 -9999 -9999 -9999 -9999 -9999 -9999 -9999 -9999 -9999 -9999
-0.344 -0.344 -0.343 -9999 -9999 -0.342 -9999 -9999 -9999 -9999 -9999 -9999 -9999 -9999 -9999 -9999 -9999 -9999 -9999 -9999 -9999 -9999 -9999 -9999 -9999 -9999 -9999 -9999 -9999 -9999 -1.129 -1.087 -1.044 -1.009 -0.97 -0.935 -0.905 -0.868 -0.82 -0.745 -0.667 -0.591 -0.518 -0.452 -0.387 -0.339 -0.27 -0.19 -0.121 -0.052 0.002 0.059 0.111 0.15 0.188 0.225 0.268 0.316 0.371 0.42 0.473 0.516 0.54 0.576 0.613 0.635 -9999 -9999 -9999 -9999 -9999 -9999 -9999 -9999 -9999
-0.345 -0.346 -0.345 -0.344 -9999 -0.346 -9999 -9999 -9999 -9999 -9999 -9999 -9999 -9999 -9999 -9999 -9999 -9999 -9999 -9999 -9999 -9999 -9999 -9999 -9999 -9999 -9999 -9999 -9999 -1.139 -1.105 -1.064 -1.021 -0.988 -0.95 -0.915 -0.877 -0.838 -0.791 -0.715 -0.635 -0.558 -0.485 -0.419 -0.364 -0.32 -0.248 -0.166 -0.097 -0.031 0.021 0.069 0.118 0.155 0.192 0.227 0.269 0.317 0.371 0.421 0.473 0.522 0.552 0.576 0.611 0.647 0.686 0.691 -9999 -9999 -9999 -9999 -9999 -9999 -9999
-0.344 -0.339 -0.341 -9999 -0.355 -9999 -9999 -9999 -9999 -9999 -9999 -9999 -9999 -9999 -9999 -9999 -9999 -9999 -9999 -9999 -9999 -9999 -9999 -9999 -9999 -9999 -9999 -9999 -9999 -9999 -1.084 -1.042 -0.999 -0.959 -0.922 -0.889 -0.848 -0.8 -0.754 -0.683 -0.599 -0.52 -0.449 -0.385 -0.335 -0.289 -0.224 -0.158 -0.093 -0.032 0.034 0.091 0.136 0.17 0.206 0.241 0.279 0.325 0.367 0.408 0.455 0.504 0.549 0.587 0.631 0.669 0.695 0.724 0.747 -9999 -9999 -9999 -9999 -9999 -9999
-0.343 -0.343 -0.356 -0.369 -0.371 -9999 -9999 -9999 -9999 -9999 -9999 -9999 -9999 -9999 -9999 -9999 -9999 -9999 -9999 -9999 -9999 -9999 -9999 -9999 -9999 -9999 -9999 -9999 -9999 -9999 -9999 -1.021 -0.975 -0.936 -0.899 -0.867 -0.821 -0.773 -0.729 -0.649 -0.564 -0.487 -0.417 -0.359 -0.309 -0.266 -0.21 -0.143 -0.082 -0.023 0.041 0.105 0.149 0.179 0.214 0.249 0.287 0.328 0.366 0.4 0.445 0.493 0.536 0.581 0.633 0.68 0.705 0.727 0.767 0.768 -9999 -9999 -9999 -9999 -9999
-0.362 -0.371 -0.383 -0.388 -9999 -9999 -9999 -9999 -9999 -9999 -9999 -9999 -9999 -9999 -9999 -9999 -9999 -9999 -9999 -9999 -9999 -9999 -9999 -9999 -9999 -9999 -9999 -9999 -9999 -9999 -9999 -1.006 -0.959 -0.921 -0.879 -0.83 -0.792 -0.768 -0.711 -0.623 -0.542 -0.476 -0.408 -0.341 -0.29 -0.239 -0.183 -0.114 -0.053 0.006 0.064 0.114 0.15 0.176 0.214 0.25 0.284 0.32 0.363 0.4 0.441 0.486 0.534 0.582 0.626 0.676 0.719 0.749 0.777 0.799 0.77 -9999 -9999 -9999 -9999
-0.385 -0.395 -0.403 -0.411 -9999 -9999 -9999 -9999 -9999 -9999 -9999 -9999 -9999 -9999 -9999 -9999 -9999 -9999 -9999 -9999 -9999 -9999 -9999 -9999 -9999 -9999 -9999 -9999 -9999 -9999 -9999 -9999 -0.945 -0.906 -0.855 -0.805 -0.775 -0.74 -0.681 -0.597 -0.521 -0.457 -0.387 -0.322 -0.268 -0.219 -0.161 -0.092 -0.033 0.024 0.074 0.123 0.157 0.179 0.217 0.254 0.284 0.316 0.356 0.397 0.437 0.478 0.525 0.575 0.619 0.664 0.711 0.755 0.786 0.808 0.8 -9999 -9999 -9999 -9999
-9999 -9999 -9999 -9999 -9999 -9999 -9999 -9999 -9999 -9999 -9999 -9999 -9999 -9999 -9999 -9999 -9999 -9999 -9999 -9999 -9999 -9999 -9999 -9999 -9999 -9999 -9999 -9999 -9999 -9999 -9999 -9999 -0.933 -0.893 -0.844 -0.796 -0.753 -0.71 -0.655 -0.578 -0.498 -0.423 -0.356 -0.294 -0.245 -0.203 -0.142 -0.078 -0.024 0.026 0.068 0.111 0.151 0.177 0.211 0.243 0.281 0.317 0.35 0.386 0.428 0.47 0.518 0.568 0.614 0.661 0.701 0.746 0.78 0.799 0.795 0.793 -9999 -9999 -9999
-9999 -9999 -9999 -9999 -9999 -9999 -9999 -9999 -9999 -9999 -9999 -9999 -9999 -9999 -9999 -9999 -9999 -9999 -9999 -9999 -9999 -9999 -9999 -9999 -9999 -9999 -9999 -9999 -9999 -9999 -9999 -9999 -9999 -0.879 -0.831 -0.771 -0.724 -0.679 -0.628 -0.558 -0.472 -0.399 -0.334 -0.274 -0.23 -0.186 -0.126 -0.065 -0.016 0.034 0.075 0.113 0.153 0.18 0.211 0.239 0.274 0.315 0.347 0.379 0.42 0.463 0.509 0.559 0.604 0.652 0.692 0.732 0.77 0.791 0.787 0.777 -9999 -9999 -9999
-9999 -9999 -9999 -9999 -9999 -9999 -9999 -9999 -9999 -9999 -9999 -9999 -9999 -9999 -9999 -9999 -9999 -9999 -9999 -9999 -9999 -9999 -9999 -9999 -9999 -9999 -9999 -9999 -9999 -9999 -9999 -9999 -9999 -0.852 -9999 -0.755 -0.707 -0.655 -0.608 -9999 -0.456 -0.387 -0.329 -0.282 -0.233 -0.166 -0.106 -0.046 0.005 0.06 0.104 0.141 0.166 0.185 0.215 0.242 0.261 0.289 0.333 0.372 0.412 0.453 0.493 0.537 0.584 0.632 0.66 0.693 0.741 0.772 0.792 0.794 0.802 -9999 -9999
-9999 -9999 -9999 -9999 -9999 -9999 -9999 -9999 -9999 -9999 -9999 -9999 -9999 -9999 -9999 -9999 -9999 -9999 -9999 -9999 -9999 -9999 -9999 -9999 -9999 -9999 -9999 -9999 -9999 -9999 -9999 -9999 -9999 -9999 -0.779 -0.734 -9999 -9999 -9999 -9999 -0.446 -0.375 -0.323 -0.278 -0.218 -0.15 -0.09 -0.032 0.021 0.078 0.123 0.154 0.176 0.187 0.216 0.245 0.264 0.282 0.324 0.37 0.409 0.45 0.488 0.527 0.572 0.62 0.648 0.674 0.715 0.751 0.778 0.796 0.806 0.817 0.832
-9999 -9999 -9999 -9999 -9999 -9999 -9999 -9999 -9999 -9999 -9999 -9999 -9999 -9999 -9999 -9999 -9999 -9999 -9999 -9999 -9999 -9999 -9999 -9999 -9999 -9999 -9999 -9999 -9999 -9999 -9999 -9999 -9999 -9999 -0.764 -0.706 -9999 -9999 -9999 -9999 -0.441 -0.39 -0.336 -0.282 -0.225 -0.166 -0.1 -0.023 0.031 0.086 0.13 0.164 0.17 0.173 0.21 0.243 0.283 0.316 0.332 0.362 0.399 0.437 0.482 0.525 0.559 0.6 0.641 0.672 0.703 0.731 0.759 0.789 0.799 0.81 0.818
-9999 -9999 -9999 -9999 -9999 -9999 -9999 -9999 -9999 -9999 -9999 -9999 -9999 -9999 -9999 -9999 -9999 -9999 -9999 -9999 -9999 -9999 -9999 -9999 -9999 -9999 -9999 -9999 -9999 -9999 -9999 -9999 -9999 -9999 -0.76 -9999 -9999 -9999 -9999 -0.502 -0.453 -0.402 -0.344 -0.29 -0.237 -0.18 -0.109 -0.035 0.019 0.075 0.126 0.17 0.179 0.173 0.209 0.247 0.285 0.33 0.347 0.361 0.397 0.434 0.477 0.524 0.558 0.592 0.632 0.666 0.693 0.716 0.743 0.774 0.794 0.801 -9999
-9999 -9999 -9999 -9999 -9999 -9999 -9999 -9999 -9999 -9999 -9999 -9999 -9999 -9999 -9999 -9999 -9999 -9999 -9999 -9999 -9999 -9999 -9999 -9999 -9999 -9999 -9999 -9999 -9999 -9999 -9999 -9999 -9999 -9999 -9999 -9999 -9999 -9999 -9999 -0.52 -0.471 -0.398 -0.338 -0.29 -0.24 -0.193 -0.135 -0.082 -0.02 0.041 0.089 0.124 0.165 0.182 0.216 0.251 0.282 0.32 0.337 0.35 0.389 0.427 0.465 0.508 0.545 0.581 0.623 0.657 0.67 0.686 0.706 0.732 0.766 0.787 -9999
-9999 -9999 -9999 -9999 -9999 -9999 -9999 -9999 -9999 -9999 -9999 -9999 -9999 -9999 -9999 -9999 -9999 -9999 -9999 -9999 -9999 -9999 -9999 -9999 -9999 -9999 -9999 -9999 -9999 -9999 -9999 -9999 -9999 -9999 -9999 -9999 -9999 -9999 -9999 -0.53 -0.476 -0.412 -0.353 -0.305 -0.258 -0.208 -0.159 -0.102 -0.04 0.018 0.061 0.097 0.139 0.174 0.214 0.251 0.285 0.32 0.335 0.349 0.387 0.427 0.464 0.504 0.54 0.578 0.614 0.647 0.658 0.669 0.688 0.71 0.743 0.778 -9999
-9999 -9999 -9999 -9999 -9999 -9999 -9999 -9999 -9999 -9999 -9999 -9999 -9999 -9999 -9999 -9999 -9999 -9999 -9999 -9999 -9999 -9999 -9999 -9999 -9999 -9999 -9999 -9999 -9999 -9999 -9999 -9999 -9999 -9999 -9999 -9999 -9999 -9999 -0.585 -0.535 -0.499 -0.467 -0.4 -0.332 -0.282 -0.241 -0.19 -0.127 -0.065 0.003 0.055 0.101 0.138 0.169 0.203 0.239 0.272 0.31 0.331 0.347 0.387 0.429 0.461 0.497 0.534 0.568 0.591 0.612 0.638 0.658 0.678 0.7 0.721 0.762 0.784
-9999 -9999 -9999 -9999 -9999 -9999 -9999 -9999 -9999 -9999 -9999 -9999 -9999 -9999 -9999 -9999 -9999 -9999 -9999 -9999 -9999 -9999 -9999 -9999 -9999 -9999 -9999 -9999 -9999 -9999 -9999 -9999 -9999 -9999 -9999 -9999 -9999 -9999 -0.6 -0.546 -0.528 -0.497 -0.425 -0.348 -0.301 -0.257 -0.202 -0.144 -0.077 -0.011 0.04 0.091 0.132 0.16 0.194 0.226 0.259 0.294 0.324 0.348 0.389 0.432 0.464 0.497 0.532 0.562 0.58 0.595 0.62 0.648 0.669 0.692 0.713 0.736 0.769
-9999 -9999 -9999 -9999 -9999 -9999 -9999 -9999 -9999 -9999 -9999 -9999 -9999 -9999 -9999 -9999 -9999 -9999 -9999 -9999 -9999 -9999 -9999 -9999 -9999 -9999 -9999 -9999 -9999 -9999 -9999 -9999 -9999 -9999 -9999 -9999 -9999 -0.663 -0.618 -0.579 -0.556 -0.514 -0.448 -0.373 -0.322 -0.275 -0.223 -0.163 -0.097 -0.026 0.025 0.077 0.12 0.15 0.178 0.206 0.247 0.285 0.312 0.342 0.387 0.429 0.463 0.496 0.526 0.552 0.575 0.595 0.607 0.626 0.652 0.677 0.706 0.735 0.762
-9999 -9999 -9999 -9999 -9999 -9999 -9999 -9999 -9999 -9999 -9999 -9999 -9999 -9999 -9999 -9999 -9999 -9999 -9999 -9999 -9999 -9999 -9999 -9999 -9999 -9999 -9999 -9999 -9999 -9999 -9999 -9999 -9999 -9999 -9999 -9999 -9999 -0.674 -0.638 -0.599 -0.56 -0.52 -0.46 -0.393 -0.336 -0.288 -0.235 -0.179 -0.111 -0.041 0.009 0.059 0.103 0.138 0.166 0.192 0.233 0.276 0.3 0.328 0.377 0.428 0.465 0.494 0.521 0.544 0.567 0.591 0.603 0.615 0.64 0.668 0.697 0.731 0.759
-9999 -9999 -9999 -9999 -9999 -9999 -9999 -9999 -9999 -9999 -9999 -9999 -9999 -9999 -9999 -9999 -9999 -9999 -9999 -9999 -9999 -9999 -9999 -9999 -9999 -9999 -9999 -9999 -9999 -9999 -9999 -9999 -9999 -9999 -9999 -9999 -9999 -0.683 -0.648 -0.614 -0.57 -0.519 -0.467 -0.406 -0.348 -0.295 -0.244 -0.193 -0.128 -0.064 -0.022 0.023 0.073 0.113 0.146 0.171 0.212 0.254 0.288 0.32 0.371 0.426 0.469 0.497 0.51 0.527 0.543 0.562 0.586 0.604 0.629 0.657 0.686 0.722 0.752
-9999 -9999 -9999 -9999 -9999 -9999 -9999 -9999 -9999 -9999 -9999 -9999 -9999 -9999 -9999 -9999 -9999 -9999 -9999 -9999 -9999 -9999 -9999 -9999 -9999 -9999 -9999 -9999 -9999 -9999 -9999 -9999 -9999 -9999 -9999 -9999 -9999 -9999 -0.652 -0.618 -0.569 -0.52 -0.471 -0.411 -0.36 -0.306 -0.256 -0.206 -0.146 -0.083 -0.041 -0.002 0.047 0.095 0.13 0.157 0.198 0.24 0.273 0.31 0.36 0.411 0.452 0.488 0.507 0.519 0.534 0.55 0.572 0.598 0.622 -9999 0.68 -9999 0.742
-9999 -9999 -9999 -9999 -9999 -9999 -9999 -9999 -9999 -9999 -9999 -9999 -9999 -9999 -9999 -9999 -9999 -9999 -9999 -9999 -9999 -9999 -9999 -9999 -9999 -9999 -9999 -9999 -9999 -9999 -9999 -9999 -9999 -9999 -9999 -9999 -9999 -0.684 -0.649 -0.612 -0.566 -0.525 -0.473 -0.41 -0.361 -0.309 -0.258 -0.214 -0.157 -0.098 -0.059 -0.025 0.021 0.067 0.106 0.135 0.175 0.215 0.258 0.3 0.338 0.381 0.414 0.449 0.484 0.502 0.528 0.55 0.575 0.601 0.624 0.651 0.669 0.695 -9999
-9999 -9999 -9999 -9999 -9999 -9999 -9999 -9999 -9999 -9999 -9999 -9999 -9999 -9999 -9999 -9999 -9999 -9999 -9999 -9999 -9999 -9999 -9999 -9999 -9999 -9999 -9999 -9999 -9999 -9999 -9999 -9999 -9999 -9999 -9999 -9999 -9999 -0.681 -0.644 -0.605 -0.567 -0.528 -0.47 -0.409 -0.363 -0.315 -0.271 -0.228 -0.174 -0.116 -0.079 -0.044 0.001 0.046 0.089 0.122 0.162 0.202 0.242 0.286 0.32 0.355 0.387 0.42 0.458 0.492 0.521 0.549 0.574 0.601 0.624 0.65 0.667 0.686 0.711
-9999 -9999 -9999 -9999 -9999 -9999 -9999 -9999 -9999 -9999 -9999 -9999 -9999 -9999 -9999 -9999 -9999 -9999 -9999 -9999 -9999 -9999 -9999 -9999 -9999 -9999 -9999 -9999 -9999 -9999 -9999 -9999 -9999 -9999 -9999 -9999 -0.724 -0.686 -0.649 -0.615 -0.578 -0.533 -0.48 -0.429 -0.386 -0.346 -0.306 -0.26 -0.21 -0.157 -0.112 -0.074 -0.022 0.028 0.076 0.114 0.147 0.181 0.216 0.254 0.283 0.314 0.353 0.39 0.438 0.484 0.522 0.552 0.571 0.594 0.617 0.642 0.664 0.686 0.707
-9999 -9999 -9999 -9999 -9999 -9999 -9999 -9999 -9999 -9999 -9999 -9999 -9999 -9999 -9999 -9999 -9999 -9999 -9999 -9999 -9999 -9999 -9999 -9999 -9999 -9999 -9999 -9999 -9999 -9999 -9999 -9999 -9999 -9999 -9999 -9999 -0.729 -0.684 -0.65 -0.617 -0.578 -0.532 -0.482 -0.435 -0.397 -0.36 -0.321 -0.28 -0.235 -0.185 -0.139 -0.095 -0.043 0.011 0.063 0.106 0.137 0.165 0.198 0.232 0.26 0.29 0.325 0.367 0.414 0.467 0.517 0.552 0.572 0.593 0.616 0.642 0.664 0.689 0.711
-9999 -9999 -9999 -9999 -9999 -9999 -9999 -9999 -9999 -9999 -9999 -9999 -9999 -9999 -9999 -9999 -9999 -9999 -9999 -9999 -9999 -9999 -9999 -9999 -9999 -9999 -9999 -9999 -9999 -9999 -9999 -9999 -9999 -9999 -9999 -9999 -9999 -0.679 -0.644 -0.608 -0.571 -0.532 -0.479 -0.421 -0.389 -0.37 -0.335 -0.297 -0.261 -0.219 -0.168 -0.108 -0.063 -0.01 0.047 0.095 0.121 0.145 0.173 0.204 0.24 0.274 0.306 0.342 0.38 0.427 0.489 0.544 0.57 0.591 0.616 0.642 0.654 0.671 0.709
