Validation/Results/raw data/ReClimate_01_2024_2_Temperatureweatherlogisticsltd.asc
NCOLS 192
NROWS 249
XLLCENTER -225160.85627316462
YLLCENTER 29788.11610251502
CELLSIZE 5000.0
NODATA_VALUE -9999
[rows 102 to 135 of 249, columns 77 to 153 of 192]
0.543 0.544 0.558 0.574 -9999 -9999 0.597 -9999 -9999 0.613 0.615 0.615 0.623 0.631 0.638 0.645 0.641 0.636 0.662 0.69 0.698 0.705 0.695 0.681 0.69 0.7 0.694 0.686 0.702 0.72 0.734 0.75 0.741 0.728 0.725 0.721 0.729 0.737 0.732 0.723 -9999 -9999 -9999 -9999 -9999 -9999 -9999 -9999 -9999 -9999 -9999 -9999 -9999 -9999 -9999 -9999 -9999 -9999 -9999 -9999 -9999 -9999 -9999 -9999 -9999 -9999 -9999 -9999 -9999 -9999 -9999 -9999 -9999 -9999 -9999 -9999 -9999
0.555 0.554 -9999 -9999 -9999 0.6 0.607 0.618 0.63 0.649 0.652 0.652 0.656 0.647 0.658 0.675 0.675 0.672 0.691 0.693 0.696 0.692 0.69 0.703 0.706 0.696 0.7 0.722 0.738 0.753 0.764 0.766 0.756 0.739 0.736 -9999 -9999 0.731 -9999 -9999 -9999 -9999 -9999 -9999 -9999 -9999 -9999 -9999 -9999 -9999 -9999 -9999 -9999 -9999 -9999 -9999 -9999 -9999 -9999 -9999 -9999 -9999 -9999 -9999 -9999 -9999 -9999 -9999 -9999 -9999 -9999 -9999 -9999 -9999 -9999 -9999 -9999
-9999 0.563 -9999 -9999 -9999 0.61 0.619 0.628 0.647 0.666 0.667 0.666 0.662 0.655 0.671 0.689 0.69 0.689 0.694 0.696 0.693 0.688 0.7 0.714 0.706 0.696 0.715 0.737 0.75 0.765 0.769 0.772 0.759 0.743 -9999 0.735 0.733 0.729 0.732 -9999 -9999 -9999 -9999 -9999 -9999 -9999 -9999 -9999 -9999 -9999 -9999 -9999 -9999 -9999 -9999 -9999 -9999 -9999 -9999 -9999 -9999 -9999 -9999 -9999 -9999 -9999 -9999 -9999 -9999 -9999 -9999 -9999 -9999 -9999 -9999 -9999 -9999
-9999 -9999 -9999 0.59 0.6 0.612 0.628 0.659 0.671 0.669 0.669 0.665 0.662 0.659 0.679 0.706 0.709 0.708 0.713 0.714 0.713 0.713 0.719 0.716 0.713 0.714 0.734 0.76 0.77 0.773 0.777 0.78 -9999 0.764 0.759 0.749 0.748 0.747 0.738 -9999 -9999 -9999 -9999 -9999 -9999 -9999 -9999 -9999 -9999 -9999 -9999 -9999 -9999 -9999 -9999 -9999 -9999 -9999 -9999 -9999 -9999 -9999 -9999 -9999 -9999 -9999 -9999 -9999 -9999 -9999 -9999 -9999 -9999 -9999 -9999 -9999 -9999
-9999 -9999 -9999 0.613 0.61 0.618 0.643 0.674 0.674 0.673 0.672 0.668 0.666 0.663 0.686 0.713 0.716 0.716 0.721 0.723 0.724 0.724 0.722 0.719 0.721 0.722 0.744 0.769 0.773 0.776 0.78 0.783 0.778 0.772 0.765 0.754 0.754 0.753 0.753 0.746 -9999 -9999 -9999 -9999 -9999 -9999 -9999 -9999 -9999 -9999 -9999 -9999 -9999 -9999 -9999 -9999 -9999 -9999 -9999 -9999 -9999 -9999 -9999 -9999 -9999 -9999 -9999 -9999 -9999 -9999 -9999 -9999 -9999 -9999 -9999 -9999 -9999
-9999 -9999 0.609 -9999 -9999 0.647 0.662 0.663 0.666 0.674 -9999 -9999 0.681 0.691 0.708 0.714 0.72 0.734 0.734 0.723 0.726 0.731 0.73 0.727 0.731 0.736 0.748 0.748 0.753 0.765 0.77 0.781 0.778 0.776 0.772 0.769 0.769 0.765 0.762 0.75 0.752 -9999 -9999 -9999 -9999 -9999 -9999 -9999 -9999 -9999 -9999 -9999 -9999 -9999 -9999 -9999 -9999 -9999 -9999 -9999 -9999 -9999 -9999 -9999 -9999 -9999 -9999 -9999 -9999 -9999 -9999 -9999 -9999 -9999 -9999 -9999 -9999
-9999 -9999 0.621 -9999 0.651 0.661 0.662 0.663 0.67 0.676 0.68 0.684 0.695 0.706 0.711 0.716 0.728 0.74 0.733 0.722 0.728 0.733 0.732 0.73 0.735 0.74 0.74 0.738 0.748 0.759 0.768 0.778 0.777 0.775 0.775 0.773 0.771 0.768 0.76 0.75 -9999 -9999 -9999 -9999 -9999 -9999 -9999 -9999 -9999 -9999 -9999 -9999 -9999 -9999 -9999 -9999 -9999 -9999 -9999 -9999 -9999 -9999 -9999 -9999 -9999 -9999 -9999 -9999 -9999 -9999 -9999 -9999 -9999 -9999 -9999 -9999 -9999
-9999 -9999 0.633 -9999 0.66 0.672 0.675 0.679 0.684 -9999 0.691 0.705 -9999 0.692 0.702 0.724 0.734 0.744 0.742 0.752 0.755 0.748 0.752 0.761 0.762 0.752 0.753 0.753 0.762 0.772 0.775 0.765 0.768 0.777 0.774 0.762 -9999 -9999 -9999 -9999 -9999 -9999 -9999 -9999 -9999 -9999 -9999 -9999 -9999 -9999 -9999 -9999 -9999 -9999 -9999 -9999 -9999 -9999 -9999 -9999 -9999 -9999 -9999 -9999 -9999 -9999 -9999 -9999 -9999 -9999 -9999 -9999 -9999 -9999 -9999 -9999 -9999
0.63 0.634 -9999 -9999 0.672 0.679 0.684 0.689 0.69 0.689 0.703 0.717 -9999 0.69 0.709 0.73 0.739 0.746 0.754 0.763 0.759 0.753 0.762 0.771 0.765 0.756 0.757 0.757 0.766 0.775 0.768 0.759 0.767 0.776 0.763 -9999 -9999 -9999 -9999 -9999 -9999 -9999 -9999 -9999 -9999 -9999 -9999 -9999 -9999 -9999 -9999 -9999 -9999 -9999 -9999 -9999 -9999 -9999 -9999 -9999 -9999 -9999 -9999 -9999 -9999 -9999 -9999 -9999 -9999 -9999 -9999 -9999 -9999 -9999 -9999 -9999 -9999
0.643 0.653 -9999 0.671 0.68 0.707 0.71 -9999 0.704 0.679 0.694 0.717 -9999 0.723 0.736 0.737 0.747 0.76 0.762 0.755 0.753 0.755 0.764 0.774 0.766 0.752 -9999 0.748 0.753 0.754 0.753 0.764 0.766 0.755 -9999 -9999 -9999 -9999 -9999 -9999 -9999 -9999 -9999 -9999 -9999 -9999 -9999 -9999 -9999 -9999 -9999 -9999 -9999 -9999 -9999 -9999 -9999 -9999 -9999 -9999 -9999 -9999 -9999 -9999 -9999 -9999 -9999 -9999 -9999 -9999 -9999 -9999 -9999 -9999 -9999 -9999 -9999
0.662 -9999 -9999 0.682 0.7 0.715 -9999 0.723 0.704 0.68 0.699 0.72 -9999 0.739 0.741 0.742 0.755 0.767 0.761 0.753 0.754 0.756 0.764 0.774 0.763 0.75 0.747 0.744 -9999 -9999 0.755 0.766 -9999 -9999 -9999 -9999 -9999 -9999 0.752 0.748 0.746 -9999 -9999 -9999 -9999 -9999 -9999 -9999 -9999 -9999 -9999 -9999 -9999 -9999 -9999 -9999 -9999 -9999 -9999 -9999 -9999 -9999 -9999 -9999 -9999 -9999 -9999 -9999 -9999 -9999 -9999 -9999 -9999 -9999 -9999 -9999 -9999
-9999 -9999 0.681 0.688 0.701 0.705 -9999 0.711 0.703 0.709 0.722 0.728 -9999 -9999 -9999 0.743 0.755 0.773 0.77 0.77 0.769 0.763 0.769 0.77 0.759 0.747 0.745 0.745 0.747 0.75 0.755 0.752 -9999 -9999 -9999 -9999 -9999 0.765 0.756 0.773 0.772 0.763 -9999 -9999 -9999 -9999 -9999 -9999 -9999 -9999 -9999 -9999 -9999 -9999 -9999 -9999 -9999 -9999 -9999 -9999 -9999 -9999 -9999 -9999 -9999 -9999 -9999 -9999 -9999 -9999 -9999 -9999 -9999 -9999 -9999 -9999 -9999
-9999 -9999 -9999 0.695 0.7 0.704 -9999 0.711 -9999 0.724 0.73 0.735 -9999 0.752 0.75 0.745 -9999 0.776 0.777 0.777 0.772 0.766 0.767 0.767 0.758 0.745 0.746 0.745 0.748 0.751 0.749 0.745 0.747 0.745 0.755 -9999 0.769 0.77 0.776 0.781 0.775 0.768 0.762 0.758 -9999 -9999 -9999 -9999 -9999 -9999 -9999 -9999 -9999 -9999 -9999 -9999 -9999 -9999 -9999 -9999 -9999 -9999 -9999 -9999 -9999 -9999 -9999 -9999 -9999 -9999 -9999 -9999 -9999 -9999 -9999 -9999 -9999
-9999 -9999 -9999 0.716 0.717 0.709 -9999 0.74 -9999 0.732 0.74 -9999 0.738 0.738 0.743 0.761 0.776 0.793 0.791 0.781 0.775 0.767 0.766 0.765 0.76 0.762 0.762 0.758 0.759 0.755 0.754 0.753 0.755 0.756 0.762 0.756 0.764 0.778 0.78 0.778 0.772 0.762 0.765 0.781 0.758 0.767 0.776 -9999 -9999 -9999 -9999 -9999 -9999 -9999 -9999 -9999 -9999 -9999 -9999 -9999 -9999 -9999 -9999 -9999 -9999 -9999 -9999 -9999 -9999 -9999 -9999 -9999 -9999 -9999 -9999 -9999 -9999
-9999 -9999 -9999 0.729 0.723 0.716 0.735 -9999 -9999 0.74 0.75 -9999 0.749 0.736 0.752 0.769 0.783 0.8 0.793 0.782 0.776 0.768 0.766 0.764 0.766 0.767 0.764 0.761 0.758 0.754 0.755 0.754 0.757 0.758 0.754 0.75 0.762 0.778 0.778 0.776 0.769 0.759 0.776 0.794 0.785 0.768 0.777 0.778 -9999 -9999 -9999 -9999 -9999 -9999 -9999 -9999 -9999 -9999 -9999 -9999 -9999 -9999 -9999 -9999 -9999 -9999 -9999 -9999 -9999 -9999 -9999 -9999 -9999 -9999 -9999 -9999 -9999
-9999 -9999 -9999 0.732 0.73 0.736 0.746 -9999 -9999 0.75 0.759 -9999 -9999 0.762 0.775 0.787 0.795 0.792 0.787 0.786 0.779 0.77 0.775 0.793 0.791 0.779 0.778 0.776 0.774 0.769 0.767 0.758 0.76 0.76 0.754 0.743 0.756 0.769 0.772 0.78 0.778 0.781 0.79 0.785 0.781 0.782 0.786 0.776 -9999 -9999 -9999 -9999 -9999 -9999 -9999 -9999 -9999 -9999 -9999 -9999 -9999 -9999 -9999 -9999 -9999 -9999 -9999 -9999 -9999 -9999 -9999 -9999 -9999 -9999 -9999 -9999 -9999
-9999 -9999 -9999 0.738 0.743 0.748 -9999 -9999 -9999 -9999 0.768 -9999 0.776 0.773 0.783 0.796 0.793 0.789 0.788 0.787 0.78 0.771 0.785 0.802 0.793 0.781 0.781 0.779 0.777 0.773 0.766 0.757 0.758 0.758 0.75 0.74 0.752 0.765 0.772 0.78 0.785 0.789 0.786 0.781 0.784 0.787 0.781 0.772 0.783 -9999 -9999 -9999 -9999 -9999 -9999 -9999 -9999 -9999 -9999 -9999 -9999 -9999 -9999 -9999 -9999 -9999 -9999 -9999 -9999 -9999 -9999 -9999 -9999 -9999 -9999 -9999 -9999
-9999 0.74 0.742 0.746 0.75 -9999 -9999 0.751 -9999 -9999 -9999 -9999 0.779 0.794 0.801 0.805 0.8 0.79 0.785 0.772 0.768 0.774 0.783 0.791 0.785 0.787 0.784 0.776 0.774 0.771 0.766 0.762 0.764 0.769 0.76 0.742 0.757 0.78 0.79 0.803 0.804 0.794 0.787 0.768 0.778 0.801 0.797 0.794 0.79 -9999 -9999 -9999 -9999 -9999 -9999 -9999 -9999 -9999 -9999 -9999 -9999 -9999 -9999 -9999 -9999 -9999 -9999 -9999 -9999 -9999 -9999 -9999 -9999 -9999 -9999 -9999 -9999
-9999 -9999 0.751 0.755 0.758 -9999 0.759 0.758 0.774 -9999 -9999 -9999 -9999 0.803 0.806 0.81 0.801 0.792 0.78 0.765 0.769 0.774 0.778 0.784 0.785 0.786 0.78 0.773 0.771 0.768 0.766 0.761 0.766 0.773 0.759 0.742 0.762 0.784 0.796 0.81 0.804 0.795 0.781 0.762 0.782 0.804 0.804 0.802 0.807 0.799 -9999 -9999 -9999 -9999 -9999 -9999 -9999 -9999 -9999 -9999 -9999 -9999 -9999 -9999 -9999 -9999 -9999 -9999 -9999 -9999 -9999 -9999 -9999 -9999 -9999 -9999 -9999
-9999 -9999 0.787 0.786 0.79 -9999 0.789 0.779 0.799 -9999 -9999 -9999 -9999 -9999 0.815 0.822 0.816 0.811 0.799 0.785 0.782 0.765 0.763 0.752 0.757 0.78 0.779 0.785 0.783 0.774 0.77 0.763 0.768 0.771 0.77 0.787 0.801 0.803 0.812 0.816 0.812 0.808 0.802 0.803 0.812 0.798 0.807 0.833 0.83 0.812 0.805 -9999 -9999 -9999 -9999 -9999 -9999 -9999 -9999 -9999 -9999 -9999 -9999 -9999 -9999 -9999 -9999 -9999 -9999 -9999 -9999 -9999 -9999 -9999 -9999 -9999 -9999
-9999 -9999 0.801 0.804 -9999 -9999 0.808 0.793 0.813 0.813 -9999 -9999 -9999 -9999 -9999 0.828 0.824 0.817 0.805 0.792 0.778 0.761 0.751 0.739 0.754 0.775 0.781 0.788 0.782 0.774 0.768 0.762 0.766 0.769 0.784 0.802 0.805 0.808 0.812 0.816 0.814 0.811 0.814 0.817 0.807 0.794 0.817 0.843 0.84 0.831 0.814 0.81 0.826 -9999 -9999 -9999 -9999 -9999 -9999 -9999 -9999 -9999 -9999 -9999 -9999 -9999 -9999 -9999 -9999 -9999 -9999 -9999 -9999 -9999 -9999 -9999 -9999
-9999 -9999 0.813 0.848 -9999 -9999 0.826 0.817 0.819 -9999 -9999 -9999 -9999 -9999 -9999 0.823 0.816 0.811 0.8 0.789 0.776 0.762 0.754 0.749 0.76 0.77 0.773 0.773 0.764 0.751 0.744 0.73 0.736 0.752 0.768 0.79 0.8 0.822 0.824 0.819 0.82 0.824 0.825 0.818 0.811 0.8 0.817 0.826 0.837 0.837 0.834 0.826 0.818 -9999 -9999 -9999 -9999 -9999 -9999 -9999 -9999 -9999 -9999 -9999 -9999 -9999 -9999 -9999 -9999 -9999 -9999 -9999 -9999 -9999 -9999 -9999 -9999
-9999 -9999 0.854 0.867 -9999 -9999 -9999 0.827 0.809 0.791 -9999 -9999 -9999 -9999 -9999 0.82 0.814 0.808 0.798 0.787 0.775 0.762 0.757 0.752 0.758 0.767 0.766 0.764 0.753 0.742 0.731 0.717 0.73 0.744 0.762 0.783 0.803 0.825 0.822 0.817 0.822 0.827 0.823 0.817 0.81 0.801 0.809 0.813 0.822 0.832 0.828 0.823 0.818 -9999 -9999 -9999 -9999 -9999 -9999 -9999 -9999 -9999 -9999 -9999 -9999 -9999 -9999 -9999 -9999 -9999 -9999 -9999 -9999 -9999 -9999 -9999 -9999
-9999 0.837 0.86 0.869 -9999 -9999 -9999 -9999 -9999 -9999 -9999 -9999 -9999 -9999 -9999 0.823 0.818 0.813 0.804 0.796 0.785 0.772 0.769 0.768 0.763 0.74 0.738 0.742 0.739 0.751 0.742 0.732 0.749 0.774 0.789 0.796 0.811 0.818 0.813 0.803 0.805 0.804 0.807 0.825 0.817 0.802 0.807 0.814 0.82 0.828 0.829 0.826 0.823 0.808 -9999 -9999 -9999 -9999 -9999 -9999 -9999 -9999 -9999 -9999 -9999 -9999 -9999 -9999 -9999 -9999 -9999 -9999 -9999 -9999 -9999 -9999 -9999
0.845 0.855 0.862 0.873 -9999 -9999 -9999 -9999 -9999 -9999 -9999 -9999 -9999 0.827 0.826 0.823 0.819 0.814 0.807 0.799 0.788 0.775 0.774 0.773 0.752 0.727 0.728 0.732 0.741 0.753 0.746 0.737 0.759 0.784 0.791 0.799 0.806 0.813 0.805 0.795 0.794 0.793 0.808 0.826 0.814 0.796 0.802 0.809 0.815 0.821 0.822 0.821 0.818 0.793 -9999 -9999 -9999 -9999 -9999 -9999 -9999 -9999 -9999 -9999 -9999 -9999 -9999 -9999 -9999 -9999 -9999 -9999 -9999 -9999 -9999 -9999 -9999
0.854 0.857 0.863 -9999 -9999 -9999 -9999 -9999 -9999 -9999 -9999 -9999 -9999 0.831 0.828 0.829 0.825 0.817 0.808 0.794 0.782 0.769 0.773 0.79 0.771 0.753 0.748 0.732 0.748 0.775 0.768 0.751 0.769 0.783 0.788 0.789 0.797 0.807 0.805 0.809 0.804 0.786 0.801 0.818 0.81 0.808 0.81 0.802 0.809 0.819 0.807 0.798 0.81 0.8 -9999 -9999 -9999 -9999 -9999 -9999 -9999 -9999 -9999 -9999 -9999 -9999 -9999 -9999 -9999 -9999 -9999 -9999 -9999 -9999 -9999 -9999 -9999
-9999 -9999 -9999 -9999 -9999 -9999 -9999 -9999 -9999 -9999 -9999 -9999 -9999 0.834 0.832 0.831 0.824 0.817 0.805 0.791 0.78 0.766 0.778 0.793 0.777 0.76 0.745 0.732 0.755 0.782 0.77 0.755 0.767 0.781 0.782 0.783 0.792 0.802 0.807 0.812 0.799 0.782 0.797 0.81 0.809 0.807 0.801 0.794 0.803 0.813 0.801 0.785 0.796 0.795 -9999 -9999 -9999 -9999 -9999 -9999 -9999 -9999 -9999 -9999 -9999 -9999 -9999 -9999 -9999 -9999 -9999 -9999 -9999 -9999 -9999 -9999 -9999
-9999 -9999 -9999 -9999 -9999 -9999 -9999 -9999 -9999 -9999 -9999 -9999 0.844 0.845 0.84 0.827 0.826 0.835 0.825 0.812 0.801 0.788 0.793 0.788 0.783 0.796 0.782 0.764 0.781 0.786 0.783 0.788 0.797 0.797 0.796 0.786 0.796 0.808 0.811 0.809 0.806 0.816 0.823 0.814 0.818 0.827 0.82 0.804 0.802 0.805 0.806 0.798 0.789 0.792 -9999 -9999 -9999 -9999 -9999 -9999 -9999 -9999 -9999 -9999 -9999 -9999 -9999 -9999 -9999 -9999 -9999 -9999 -9999 -9999 -9999 -9999 -9999
-9999 -9999 -9999 -9999 -9999 -9999 -9999 -9999 -9999 -9999 -9999 -9999 0.857 0.85 0.838 0.825 0.831 0.839 0.828 0.815 0.804 0.792 0.787 0.782 0.792 0.805 0.79 0.774 0.779 0.785 0.791 0.798 0.799 0.8 0.793 0.784 0.795 0.807 0.807 0.805 0.815 0.825 0.819 0.811 0.819 0.829 0.818 0.804 0.801 0.797 0.798 0.798 0.79 0.773 -9999 -9999 -9999 -9999 -9999 -9999 -9999 -9999 -9999 -9999 -9999 -9999 -9999 -9999 -9999 -9999 -9999 -9999 -9999 -9999 -9999 -9999 -9999
-9999 -9999 -9999 -9999 -9999 -9999 -9999 -9999 -9999 -9999 -9999 0.865 0.863 0.875 0.863 0.845 0.846 0.84 0.831 0.826 0.819 0.813 0.809 0.798 0.804 0.804 0.797 0.799 0.806 0.81 0.812 0.803 0.807 0.81 0.808 0.807 0.812 0.802 0.802 0.802 0.81 0.811 0.806 0.801 0.811 0.826 0.816 0.805 0.807 0.806 0.806 0.805 0.793 0.775 0.77 -9999 -9999 -9999 -9999 -9999 -9999 -9999 -9999 -9999 -9999 -9999 -9999 -9999 -9999 -9999 -9999 -9999 -9999 -9999 -9999 -9999 -9999
-9999 -9999 -9999 -9999 -9999 -9999 -9999 -9999 -9999 -9999 0.872 0.875 0.878 0.879 0.865 0.847 0.841 0.835 0.83 0.825 0.821 0.816 0.808 0.799 0.798 0.799 0.802 0.805 0.811 0.816 0.81 0.802 0.806 0.81 0.812 0.812 0.806 0.796 0.798 0.798 0.801 0.8 0.796 0.792 0.804 0.819 0.812 0.802 0.803 0.804 0.804 0.803 0.791 0.774 0.766 -9999 -9999 -9999 -9999 -9999 -9999 -9999 -9999 -9999 -9999 -9999 -9999 -9999 -9999 -9999 -9999 -9999 -9999 -9999 -9999 -9999 -9999
-9999 -9999 -9999 -9999 -9999 -9999 -9999 -9999 -9999 -9999 0.88 0.863 0.867 0.879 0.868 0.858 0.849 0.833 0.831 0.834 0.827 0.816 0.809 0.801 0.797 0.791 0.797 0.81 0.816 0.82 0.814 0.802 0.808 0.814 0.817 0.821 0.815 0.805 0.804 0.796 0.794 0.783 0.78 0.78 0.791 0.805 0.807 0.825 0.813 0.805 0.802 0.799 0.792 0.78 0.771 -9999 -9999 -9999 -9999 -9999 -9999 -9999 -9999 -9999 -9999 -9999 -9999 -9999 -9999 -9999 -9999 -9999 -9999 -9999 -9999 -9999 -9999
-9999 -9999 -9999 -9999 -9999 -9999 -9999 -9999 -9999 0.882 0.869 0.853 0.862 0.874 0.866 0.857 0.843 0.827 0.828 0.831 0.821 0.81 0.803 0.796 0.787 0.782 0.793 0.806 0.811 0.815 0.808 0.797 0.804 0.81 0.816 0.82 0.814 0.804 0.8 0.791 0.782 0.772 0.772 0.771 0.782 0.794 0.811 0.829 0.817 0.8 0.798 0.793 0.787 0.778 0.769 0.758 -9999 -9999 -9999 -9999 -9999 -9999 -9999 -9999 -9999 -9999 -9999 -9999 -9999 -9999 -9999 -9999 -9999 -9999 -9999 -9999 -9999
-9999 -9999 -9999 -9999 -9999 -9999 -9999 -9999 0.885 -9999 0.882 0.882 0.883 0.868 0.864 0.865 0.851 0.83 0.827 0.816 0.814 0.825 0.816 0.799 0.794 0.796 0.799 0.784 0.791 0.802 0.793 0.783 0.788 0.8 0.801 0.804 0.8 0.8 0.796 0.786 0.777 0.764 0.768 0.778 0.787 0.792 0.805 0.814 0.819 0.812 0.798 0.787 0.785 0.778 0.774 0.756 -9999 -9999 -9999 -9999 -9999 -9999 -9999 -9999 -9999 -9999 -9999 -9999 -9999 -9999 -9999 -9999 -9999 -9999 -9999 -9999 -9999
