Validation/Results/raw data/ReClimate_03_2024_1_Temperatureweatherlogisticsltd.asc
NCOLS 192
NROWS 249
XLLCENTER -225160.85627316462
YLLCENTER 29788.11610251502
CELLSIZE 5000.0
NODATA_VALUE -9999
[rows 68 to 101 of 249, columns 75 to 149 of 192]
-9999 -9999 -9999 -9999 -9999 -9999 -9999 -9999 -9999 -9999 -9999 -0.828 -0.838 -0.847 -0.826 -0.805 -0.809 -0.816 -0.813 -0.81 -0.795 -0.778 -0.775 -0.773 -0.784 -0.8 -0.797 -0.794 -0.798 -9999 -9999 -9999 -9999 -9999 -9999 -9999 -9999 -9999 -9999 -9999 -9999 -9999 -9999 -9999 -9999 -9999 -9999 -9999 -9999 -9999 -9999 -9999 -9999 -9999 -9999 -9999 -9999 -9999 -9999 -9999 -9999 -9999 -9999 -9999 -9999 -9999 -9999 -9999 -9999 -9999 -9999 -9999 -9999 -9999 -9999
-9999 -9999 -9999 -9999 -9999 -9999 -9999 -9999 -9999 -9999 -9999 -9999 -9999 -0.795 -0.788 -0.806 -0.81 -0.817 -0.808 -0.792 -0.783 -0.784 -0.782 -0.782 -0.799 -0.829 -0.824 -9999 -9999 -9999 -9999 -9999 -9999 -9999 -9999 -9999 -9999 -9999 -9999 -9999 -9999 -9999 -9999 -9999 -9999 -9999 -9999 -9999 -9999 -9999 -9999 -9999 -9999 -9999 -9999 -9999 -9999 -9999 -9999 -9999 -9999 -9999 -9999 -9999 -9999 -9999 -9999 -9999 -9999 -9999 -9999 -9999 -9999 -9999 -9999
-9999 -9999 -9999 -9999 -9999 -9999 -9999 -0.875 -9999 -9999 -0.817 -0.799 -0.786 -0.777 -0.789 -0.806 -0.81 -0.816 -0.802 -0.786 -0.785 -0.787 -0.785 -0.785 -0.809 -0.839 -0.829 -9999 -9999 -9999 -9999 -9999 -9999 -9999 -9999 -9999 -9999 -9999 -9999 -9999 -9999 -9999 -9999 -9999 -9999 -9999 -9999 -9999 -9999 -9999 -9999 -9999 -9999 -9999 -9999 -9999 -9999 -9999 -9999 -9999 -9999 -9999 -9999 -9999 -9999 -9999 -9999 -9999 -9999 -9999 -9999 -9999 -9999 -9999 -9999
-9999 -9999 -9999 -9999 -9999 -0.883 -0.874 -0.865 -0.847 -0.838 -0.82 -0.815 -0.804 -0.788 -0.795 -0.795 -0.792 -0.785 -0.768 -0.75 -0.757 -0.784 -0.79 -0.809 -0.825 -0.83 -0.82 -9999 -9999 -9999 -9999 -9999 -9999 -9999 -9999 -9999 -9999 -9999 -9999 -9999 -9999 -9999 -9999 -9999 -9999 -9999 -9999 -9999 -9999 -9999 -9999 -9999 -9999 -9999 -9999 -9999 -9999 -9999 -9999 -9999 -9999 -9999 -9999 -9999 -9999 -9999 -9999 -9999 -9999 -9999 -9999 -9999 -9999 -9999 -9999
-9999 -9999 -9999 -9999 -9999 -0.865 -0.866 -9999 -0.844 -0.834 -0.825 -0.82 -0.807 -0.793 -0.791 -0.791 -0.782 -0.774 -0.757 -0.738 -0.758 -0.784 -0.799 -0.818 -0.821 -0.825 -9999 -0.804 -9999 -9999 -9999 -9999 -9999 -9999 -9999 -9999 -9999 -9999 -9999 -9999 -9999 -9999 -9999 -9999 -9999 -9999 -9999 -9999 -9999 -9999 -9999 -9999 -9999 -9999 -9999 -9999 -9999 -9999 -9999 -9999 -9999 -9999 -9999 -9999 -9999 -9999 -9999 -9999 -9999 -9999 -9999 -9999 -9999 -9999 -9999
-9999 -9999 -9999 -9999 -9999 -9999 -0.852 -0.831 -0.82 -0.815 -0.811 -0.816 -0.807 -0.804 -0.8 -0.787 -0.776 -0.757 -0.748 -0.755 -0.772 -0.789 -0.802 -0.818 -0.821 -0.827 -0.822 -0.828 -9999 -9999 -9999 -9999 -9999 -9999 -9999 -9999 -9999 -9999 -9999 -9999 -9999 -9999 -9999 -9999 -9999 -9999 -9999 -9999 -9999 -9999 -9999 -9999 -9999 -9999 -9999 -9999 -9999 -9999 -9999 -9999 -9999 -9999 -9999 -9999 -9999 -9999 -9999 -9999 -9999 -9999 -9999 -9999 -9999 -9999 -9999
-9999 -9999 -9999 -9999 -9999 -9999 -9999 -0.811 -0.803 -0.802 -0.803 -0.808 -0.804 -0.803 -0.792 -0.781 -0.765 -0.747 -0.753 -0.762 -0.775 -0.791 -0.803 -0.818 -0.821 -0.826 -0.83 -0.833 -9999 -9999 -9999 -9999 -9999 -9999 -9999 -9999 -9999 -9999 -9999 -9999 -9999 -9999 -9999 -9999 -9999 -9999 -9999 -9999 -9999 -9999 -9999 -9999 -9999 -9999 -9999 -9999 -9999 -9999 -9999 -9999 -9999 -9999 -9999 -9999 -9999 -9999 -9999 -9999 -9999 -9999 -9999 -9999 -9999 -9999 -9999
-9999 -9999 -9999 -9999 -9999 -0.815 -0.804 -0.793 -0.781 -0.761 -0.765 -0.778 -0.775 -0.781 -0.769 -0.752 -0.748 -0.764 -0.769 -0.769 -0.782 -0.793 -0.807 -0.827 -0.82 -9999 -0.807 -9999 -9999 -9999 -9999 -9999 -9999 -0.806 -0.8 -0.797 -9999 -9999 -9999 -9999 -9999 -9999 -9999 -9999 -9999 -9999 -9999 -9999 -9999 -9999 -9999 -9999 -9999 -9999 -9999 -9999 -9999 -9999 -9999 -9999 -9999 -9999 -9999 -9999 -9999 -9999 -9999 -9999 -9999 -9999 -9999 -9999 -9999 -9999 -9999
-0.838 -9999 -9999 -9999 -9999 -9999 -0.784 -0.778 -0.761 -0.742 -0.75 -0.763 -0.764 -0.769 -0.754 -0.738 -0.751 -0.768 -0.768 -0.77 -0.779 -0.791 -0.808 -0.829 -0.809 -0.786 -9999 -9999 -9999 -9999 -0.774 -0.773 -0.787 -0.804 -0.8 -0.796 -0.804 -0.813 -0.824 -0.834 -0.832 -0.829 -0.841 -0.851 -0.854 -0.856 -0.861 -0.866 -0.885 -0.903 -0.911 -0.915 -9999 -9999 -9999 -9999 -9999 -9999 -9999 -9999 -9999 -9999 -9999 -9999 -9999 -9999 -9999 -9999 -9999 -9999 -9999 -9999 -9999 -9999 -9999
-0.797 -9999 -9999 -9999 -0.778 -9999 -0.758 -0.76 -0.752 -0.757 -0.761 -0.755 -0.755 -0.754 -0.737 -0.718 -0.726 -0.733 -0.739 -0.76 -0.766 -0.772 -0.781 -0.779 -0.766 -9999 -9999 -9999 -9999 -0.776 -0.772 -0.773 -0.778 -0.772 -0.773 -0.79 -0.799 -0.814 -0.816 -0.807 -0.807 -0.819 -0.833 -0.86 -0.861 -0.86 -0.862 -0.864 -0.882 -0.909 -0.917 -0.918 -9999 -9999 -9999 -9999 -9999 -9999 -9999 -9999 -9999 -9999 -9999 -9999 -9999 -9999 -9999 -9999 -9999 -9999 -9999 -9999 -9999 -9999 -9999
-0.782 -9999 -9999 -9999 -0.755 -0.744 -0.742 -0.749 -0.752 -0.758 -0.754 -0.749 -0.747 -0.746 -0.727 -0.707 -0.712 -0.718 -0.734 -0.753 -0.758 -0.763 -0.761 -0.759 -9999 -9999 -0.76 -0.765 -0.77 -0.775 -0.776 -0.776 -0.771 -0.763 -0.776 -0.791 -0.803 -0.817 -0.809 -0.799 -0.807 -0.817 -0.838 -0.864 -0.863 -0.862 -0.863 -0.863 -0.884 -0.91 -0.917 -0.925 -0.912 -9999 -9999 -9999 -9999 -9999 -9999 -9999 -9999 -9999 -9999 -9999 -9999 -9999 -9999 -9999 -9999 -9999 -9999 -9999 -9999 -9999 -9999
-0.749 -9999 -0.729 -9999 -0.741 -0.738 -0.738 -0.736 -0.74 -0.746 -0.743 -0.74 -0.738 -0.737 -0.723 -0.713 -0.715 -0.718 -0.735 -0.757 -0.752 -0.729 -0.734 -0.756 -9999 -0.769 -0.769 -0.774 -0.78 -0.789 -0.784 -0.768 -0.77 -0.786 -0.793 -0.79 -0.802 -0.817 -0.812 -0.813 -0.819 -0.821 -0.833 -0.833 -0.841 -0.868 -0.864 -0.849 -0.862 -0.868 -0.875 -0.882 -0.901 -9999 -9999 -9999 -9999 -9999 -9999 -9999 -9999 -9999 -9999 -9999 -9999 -9999 -9999 -9999 -9999 -9999 -9999 -9999 -9999 -9999 -9999
-9999 -0.726 -9999 -9999 -9999 -0.731 -0.728 -0.727 -0.732 -0.738 -0.736 -0.733 -0.732 -0.732 -0.724 -0.714 -0.714 -0.716 -0.734 -0.756 -0.738 -0.716 -0.733 -0.754 -0.765 -0.779 -0.782 -0.782 -0.79 -0.799 -0.786 -0.77 -0.783 -0.799 -0.797 -0.793 -0.805 -0.819 -0.82 -0.821 -0.823 -0.825 -0.824 -0.823 -0.845 -0.871 -0.859 -0.845 -0.848 -0.852 -0.859 -0.868 -0.884 -9999 -9999 -9999 -9999 -9999 -9999 -9999 -9999 -9999 -9999 -9999 -9999 -9999 -9999 -9999 -9999 -9999 -9999 -9999 -9999 -9999 -9999
-0.731 -9999 -9999 -9999 -9999 -0.698 -0.697 -0.692 -9999 -0.692 -0.699 -0.728 -0.726 -0.721 -0.713 -0.705 -0.702 -0.697 -0.708 -0.719 -0.713 -0.727 -0.736 -0.734 -0.747 -0.766 -0.768 -0.775 -0.78 -0.782 -0.782 -0.801 -0.806 -0.799 -0.791 -0.773 -0.79 -0.824 -0.822 -0.814 -0.815 -0.817 -0.817 -0.821 -0.837 -0.848 -0.838 -0.832 -0.838 -0.853 -0.858 -0.863 -0.888 -9999 -9999 -9999 -9999 -9999 -9999 -9999 -9999 -9999 -9999 -9999 -9999 -9999 -9999 -9999 -9999 -9999 -9999 -9999 -9999 -9999 -9999
-0.727 -9999 -9999 -9999 -0.686 -9999 -9999 -0.675 -0.674 -0.672 -0.695 -0.724 -0.719 -0.715 -0.708 -0.701 -0.696 -0.69 -0.695 -0.703 -0.715 -0.73 -0.728 -0.729 -0.744 -0.762 -0.768 -0.774 -0.776 -0.778 -0.796 -0.816 -0.811 -0.803 -0.788 -0.77 -0.797 -0.829 -0.823 -0.815 -0.815 -0.816 -0.819 -0.823 -0.831 -0.84 -0.835 -0.829 -0.84 -0.855 -0.857 -0.862 -9999 -9999 -9999 -9999 -9999 -9999 -9999 -9999 -9999 -9999 -9999 -9999 -9999 -9999 -9999 -9999 -9999 -9999 -9999 -9999 -9999 -9999 -9999
-0.717 -0.712 -0.693 -9999 -9999 -9999 -0.677 -0.663 -9999 -0.667 -0.683 -0.693 -0.69 -0.693 -0.691 -0.699 -0.699 -0.71 -0.709 -0.698 -0.708 -0.721 -0.726 -0.737 -0.745 -0.743 -0.752 -0.774 -0.779 -0.793 -0.805 -0.806 -0.799 -0.791 -0.785 -0.795 -0.809 -0.806 -0.804 -0.813 -0.814 -0.818 -0.822 -0.829 -0.834 -0.837 -0.835 -0.836 -0.843 -0.846 -0.854 -9999 -9999 -9999 -9999 -9999 -9999 -9999 -9999 -9999 -9999 -9999 -9999 -9999 -9999 -9999 -9999 -9999 -9999 -9999 -9999 -9999 -9999 -9999 -9999
-0.704 -0.699 -0.693 -9999 -0.678 -0.675 -0.668 -0.657 -0.659 -0.664 -0.67 -0.679 -0.682 -0.684 -0.69 -0.697 -0.706 -0.718 -0.708 -0.697 -0.707 -0.722 -0.732 -0.742 -0.74 -0.738 -0.755 -0.776 -0.787 -0.801 -0.803 -0.805 -0.799 -0.791 -0.799 -0.809 -0.806 -0.801 -0.807 -0.815 -0.818 -0.821 -0.827 -0.834 -0.836 -0.838 -0.839 -0.84 -0.841 -0.843 -0.848 -9999 -9999 -9999 -9999 -9999 -9999 -9999 -9999 -9999 -9999 -9999 -9999 -9999 -9999 -9999 -9999 -9999 -9999 -9999 -9999 -9999 -9999 -9999 -9999
-0.691 -0.687 -0.681 -0.673 -0.669 -0.677 -9999 -0.663 -0.665 -0.664 -0.666 -0.664 -0.672 -0.692 -0.691 -0.679 -0.691 -0.712 -0.706 -0.703 -0.708 -0.701 -0.711 -0.728 -0.732 -0.751 -0.767 -0.782 -0.788 -0.789 -0.792 -0.798 -0.794 -0.791 -0.799 -0.81 -0.807 -0.806 -0.819 -0.845 -0.845 -0.839 -0.838 -0.824 -0.825 -0.828 -0.833 -0.848 -0.844 -0.834 -9999 -9999 -9999 -9999 -9999 -9999 -9999 -9999 -9999 -9999 -9999 -9999 -9999 -9999 -9999 -9999 -9999 -9999 -9999 -9999 -9999 -9999 -9999 -9999 -9999
-9999 -9999 -9999 -0.663 -0.665 -9999 -0.668 -0.663 -0.663 -0.662 -0.66 -0.658 -0.674 -0.694 -0.684 -0.672 -0.688 -0.709 -0.708 -0.709 -0.703 -0.696 -0.71 -0.726 -0.741 -0.759 -0.771 -0.786 -0.787 -0.787 -0.793 -0.799 -0.797 -0.794 -0.805 -0.815 -0.814 -0.812 -0.833 -0.859 -0.854 -0.848 -0.836 -0.823 -0.824 -0.826 -0.837 -0.852 -0.842 -0.836 -9999 -9999 -9999 -9999 -9999 -9999 -9999 -9999 -9999 -9999 -9999 -9999 -9999 -9999 -9999 -9999 -9999 -9999 -9999 -9999 -9999 -9999 -9999 -9999 -9999
-9999 -9999 -0.662 -0.654 -9999 -0.651 -0.652 -9999 -0.642 -0.654 -0.654 -0.657 -0.668 -0.675 -0.671 -0.678 -0.688 -0.691 -0.697 -0.709 -0.708 -0.717 -0.73 -0.741 -0.748 -0.745 -0.761 -0.788 -0.785 -0.772 -0.776 -0.781 -0.786 -0.805 -0.811 -0.81 -0.807 -0.805 -0.821 -0.835 -0.834 -0.844 -0.832 -0.817 -0.822 -0.836 -0.845 -0.851 -0.847 -0.85 -9999 -9999 -9999 -9999 -9999 -9999 -9999 -9999 -9999 -9999 -9999 -9999 -9999 -9999 -9999 -9999 -9999 -9999 -9999 -9999 -9999 -9999 -9999 -9999 -9999
-9999 -9999 -0.651 -9999 -9999 -0.636 -0.631 -0.627 -0.636 -0.647 -0.65 -0.652 -0.657 -0.663 -0.669 -0.678 -0.681 -0.686 -0.697 -0.709 -0.716 -0.725 -0.735 -0.747 -0.744 -0.741 -0.763 -0.79 -0.78 -0.767 -0.772 -0.778 -0.794 -0.812 -0.813 -0.812 -0.809 -0.806 -0.816 -0.828 -0.835 -0.845 -0.832 -0.818 -0.829 -0.843 -0.848 -0.855 -0.856 -0.859 -9999 -9999 -9999 -9999 -9999 -9999 -9999 -9999 -9999 -9999 -9999 -9999 -9999 -9999 -9999 -9999 -9999 -9999 -9999 -9999 -9999 -9999 -9999 -9999 -9999
-9999 -9999 -9999 -9999 -9999 -9999 -0.622 -0.624 -0.631 -0.638 -0.64 -0.641 -0.644 -0.645 -0.652 -0.662 -0.662 -0.66 -0.67 -0.686 -0.696 -0.715 -0.725 -0.738 -0.739 -0.745 -0.759 -0.761 -0.757 -0.762 -0.77 -0.787 -0.801 -0.813 -0.812 -0.804 -0.812 -0.844 -0.848 -0.843 -0.848 -0.849 -0.845 -0.854 -0.864 -0.869 -0.87 -0.862 -0.862 -9999 -9999 -9999 -9999 -9999 -9999 -9999 -9999 -9999 -9999 -9999 -9999 -9999 -9999 -9999 -9999 -9999 -9999 -9999 -9999 -9999 -9999 -9999 -9999 -9999 -9999
-9999 -9999 -9999 -9999 -0.618 -0.613 -9999 -0.617 -0.623 -0.63 -0.632 -0.634 -0.637 -0.64 -0.648 -0.657 -0.655 -0.651 -0.664 -0.678 -0.694 -0.712 -0.723 -0.735 -0.741 -0.747 -0.749 -0.751 -0.756 -0.761 -0.775 -0.792 -0.803 -0.816 -0.811 -0.804 -0.831 -0.862 -0.857 -0.852 -0.853 -0.854 -0.862 -0.871 -0.876 -0.881 -0.875 -0.867 -0.862 -9999 -9999 -9999 -9999 -9999 -9999 -9999 -9999 -9999 -9999 -9999 -9999 -9999 -9999 -9999 -9999 -9999 -9999 -9999 -9999 -9999 -9999 -9999 -9999 -9999 -9999
-9999 -9999 -9999 -0.603 -0.601 -0.596 -0.597 -0.6 -0.602 -0.599 -0.606 -0.623 -0.638 -0.68 -0.684 -0.675 -0.667 -0.644 -0.655 -0.67 -0.685 -0.704 -0.711 -0.713 -0.716 -0.718 -0.721 -0.733 -0.736 -0.741 -0.757 -0.779 -0.798 -0.833 -0.834 -0.838 -0.851 -0.837 -0.832 -0.828 -0.823 -0.815 -0.823 -0.843 -0.846 -0.856 -0.854 -0.864 -9999 -9999 -9999 -9999 -9999 -9999 -9999 -9999 -9999 -9999 -9999 -9999 -9999 -9999 -9999 -9999 -9999 -9999 -9999 -9999 -9999 -9999 -9999 -9999 -9999 -9999 -9999
-9999 -9999 -9999 -0.587 -9999 -0.587 -0.59 -0.594 -0.592 -0.59 -0.603 -0.619 -0.653 -0.695 -0.69 -0.682 -0.664 -0.643 -0.654 -0.668 -0.683 -0.701 -0.704 -0.706 -0.706 -0.707 -0.716 -0.726 -0.73 -0.735 -0.753 -0.774 -0.803 -0.838 -0.843 -0.849 -0.84 -0.828 -0.825 -0.822 -0.812 -0.803 -0.816 -0.834 -0.84 -0.849 -0.856 -0.865 -9999 -9999 -9999 -9999 -9999 -9999 -9999 -9999 -9999 -9999 -9999 -9999 -9999 -9999 -9999 -9999 -9999 -9999 -9999 -9999 -9999 -9999 -9999 -9999 -9999 -9999 -9999
-9999 -9999 -9999 -9999 -9999 -0.584 -0.585 -0.583 -0.585 -0.594 -0.619 -0.668 -0.686 -0.674 -0.672 -0.675 -0.664 -0.659 -0.668 -0.674 -0.683 -0.685 -0.687 -0.691 -0.697 -0.714 -0.717 -0.711 -0.712 -0.709 -0.729 -0.76 -0.779 -0.786 -0.796 -0.823 -0.819 -0.819 -0.818 -0.817 -0.815 -0.823 -0.833 -0.839 -0.854 -0.885 -0.883 -0.862 -9999 -9999 -9999 -9999 -9999 -9999 -9999 -9999 -9999 -9999 -9999 -9999 -9999 -9999 -9999 -9999 -9999 -9999 -9999 -9999 -9999 -9999 -9999 -9999 -9999 -9999 -9999
-9999 -9999 -9999 -0.575 -0.579 -0.584 -0.582 -0.58 -0.587 -0.596 -0.637 -0.686 -9999 -0.666 -0.67 -0.673 -0.67 -0.666 -0.671 -0.677 -0.678 -0.68 -0.683 -0.686 -0.7 -0.717 -0.712 -0.706 -0.704 -0.7 -0.725 -0.755 -0.76 -0.765 -0.786 -0.811 -0.814 -0.815 -0.815 -0.815 -0.824 -0.834 -0.838 -0.844 -0.869 -0.901 -0.883 -0.862 -9999 -9999 -9999 -9999 -9999 -9999 -9999 -9999 -9999 -9999 -9999 -9999 -9999 -9999 -9999 -9999 -9999 -9999 -9999 -9999 -9999 -9999 -9999 -9999 -9999 -9999 -9999
-0.617 -0.602 -0.588 -9999 -0.584 -0.606 -0.599 -0.58 -0.584 -0.584 -0.614 -9999 -0.639 -0.661 -0.665 -0.671 -0.669 -0.666 -0.663 -0.649 -0.649 -0.651 -0.661 -0.69 -0.705 -0.724 -0.718 -0.707 -0.707 -0.712 -0.734 -0.755 -0.761 -0.767 -0.784 -0.797 -0.798 -0.795 -0.8 -0.811 -0.823 -0.841 -0.842 -0.833 -0.851 -0.865 -0.86 -9999 -9999 -9999 -9999 -9999 -9999 -9999 -9999 -9999 -9999 -9999 -9999 -9999 -9999 -9999 -9999 -9999 -9999 -9999 -9999 -9999 -9999 -9999 -9999 -9999 -9999 -9999 -9999
-0.611 -0.603 -0.592 -0.579 -9999 -0.614 -0.598 -0.58 -0.58 -0.58 -0.597 -0.619 -0.637 -0.658 -0.664 -0.671 -0.669 -0.666 -0.654 -0.639 -0.64 -0.641 -0.664 -0.692 -0.708 -0.726 -0.718 -0.707 -0.712 -0.717 -0.734 -0.754 -0.761 -0.768 -0.778 -0.79 -0.79 -0.788 -0.798 -0.81 -0.825 -0.843 -0.838 -0.831 -0.84 -9999 -9999 -9999 -9999 -9999 -9999 -9999 -9999 -9999 -9999 -9999 -9999 -9999 -9999 -9999 -9999 -9999 -9999 -9999 -9999 -9999 -9999 -9999 -9999 -9999 -9999 -9999 -9999 -9999 -9999
-9999 -9999 -0.584 -9999 -0.582 -0.579 -0.568 -0.565 -0.568 -9999 -9999 -0.598 -0.615 -0.636 -0.643 -0.655 -0.648 -0.632 -0.626 -0.634 -0.635 -0.637 -0.653 -0.659 -0.673 -0.691 -0.694 -0.72 -0.719 -0.709 -0.724 -0.74 -0.747 -0.76 -0.772 -0.787 -0.787 -0.788 -0.798 -0.806 -0.818 -0.829 -0.828 -0.832 -9999 -9999 -9999 -9999 -9999 -9999 -9999 -9999 -9999 -9999 -9999 -9999 -9999 -9999 -9999 -9999 -9999 -9999 -9999 -9999 -9999 -9999 -9999 -9999 -9999 -9999 -9999 -9999 -9999 -9999 -9999
-0.596 -9999 -0.585 -0.579 -0.571 -0.566 -0.563 -0.56 -9999 -9999 -0.585 -0.591 -0.608 -0.627 -0.637 -0.649 -0.635 -0.619 -0.626 -0.634 -0.635 -0.637 -0.642 -0.648 -0.662 -0.679 -0.7 -0.725 -0.716 -0.705 -0.719 -0.734 -0.745 -0.757 -0.77 -0.785 -0.787 -0.788 -0.797 -0.804 -0.812 -0.823 -0.827 -0.832 -0.841 -9999 -9999 -9999 -9999 -9999 -9999 -9999 -9999 -9999 -9999 -9999 -9999 -9999 -9999 -9999 -9999 -9999 -9999 -9999 -9999 -9999 -9999 -9999 -9999 -9999 -9999 -9999 -9999 -9999 -9999
-0.588 -0.571 -0.568 -0.577 -0.567 -0.557 -0.554 -9999 -9999 -0.573 -0.581 -0.576 -0.59 -0.602 -0.604 -0.599 -0.597 -0.62 -0.623 -0.621 -0.624 -0.633 -0.64 -0.652 -0.669 -0.695 -0.709 -0.712 -0.707 -0.709 -0.72 -0.731 -0.737 -0.739 -0.75 -0.761 -0.762 -0.764 -0.775 -0.792 -0.804 -0.827 -0.831 -0.833 -9999 -9999 -9999 -9999 -9999 -9999 -9999 -9999 -9999 -9999 -9999 -9999 -9999 -9999 -9999 -9999 -9999 -9999 -9999 -9999 -9999 -9999 -9999 -9999 -9999 -9999 -9999 -9999 -9999 -9999 -9999
-0.582 -0.563 -9999 -9999 -0.565 -0.554 -9999 -9999 -9999 -0.568 -0.57 -0.572 -0.582 -0.593 -0.588 -0.581 -0.599 -0.621 -0.619 -0.617 -0.624 -0.633 -0.643 -0.654 -0.676 -0.702 -0.705 -0.708 -0.709 -0.71 -0.719 -0.729 -0.731 -0.732 -0.741 -0.751 -0.753 -0.754 -0.77 -0.787 -0.805 -0.827 -0.829 -0.831 -9999 -9999 -9999 -9999 -9999 -9999 -9999 -9999 -9999 -9999 -9999 -9999 -9999 -9999 -9999 -9999 -9999 -9999 -9999 -9999 -9999 -9999 -9999 -9999 -9999 -9999 -9999 -9999 -9999 -9999 -9999
-9999 -0.592 -0.592 -0.581 -9999 -9999 -9999 -9999 -0.551 -0.555 -0.56 -0.576 -0.585 -0.591 -0.584 -0.573 -0.586 -0.595 -0.601 -0.624 -0.632 -0.645 -0.657 -0.673 -0.681 -0.666 -0.675 -0.699 -0.704 -0.718 -0.723 -0.724 -0.728 -0.736 -0.74 -0.737 -0.745 -0.767 -0.781 -0.794 -0.808 -0.818 -0.823 -9999 -9999 -9999 -9999 -9999 -9999 -9999 -9999 -9999 -9999 -9999 -9999 -9999 -9999 -9999 -9999 -9999 -9999 -9999 -9999 -9999 -9999 -9999 -9999 -9999 -9999 -9999 -9999 -9999 -9999 -9999 -9999
