Validation/Results/raw data/ReClimate_02_2024_2_Precipitation-Actualsweatherlogisticsltd.asc
NCOLS 192
NROWS 249
XLLCENTER -225160.85627316462
YLLCENTER 29788.11610251502
CELLSIZE 5000.0
NODATA_VALUE -9999
[rows 204 to 237 of 249, columns 75 to 149 of 192]
-9999 -9999 -9999 -9999 55.831 -9999 60.477 64.806 67.789 75.33 78.34 83.394 82.866 85.608 90.121 91.091 91.15 91.236 93.48 88.025 89.238 85.348 84.347 84.074 94.515 107.941 128.784 139.223 116.541 105.813 98.748 106.182 93.567 83.441 91.046 111.156 88.504 80.138 72.466 69.275 63.505 61.277 56.418 59.06 56.806 54.146 51.426 51.488 52.427 58.021 62.404 71.125 77.737 68.281 58.91 57.158 58.434 60.841 59.328 57.433 54.563 54.304 53.506 51.824 52.391 51.765 52.502 53.725 52.096 51.475 53.3 52.771 52.7 49.643 47.923
-9999 -9999 -9999 -9999 -9999 -9999 -9999 -9999 70.091 67.19 71.419 76.015 77.488 80.734 86.897 86.069 80.038 84.161 83.566 82.434 84.457 85.728 90.992 93.119 108.19 125.44 142.374 142.054 139.494 125.858 135.998 135.661 103.494 98.002 98.359 81.198 85.46 78.873 63.32 61.031 62.434 66.274 67.398 67.577 58.045 53.051 50.706 51.592 55.866 63.132 72.48 72.185 74.148 69.37 60.583 59.065 61.664 58.937 56.763 53.723 54.354 53.046 52.245 51.763 50.579 51.691 51.119 51.642 53.225 54.66 57.138 57.05 53.899 53.099 49.219
-9999 -9999 -9999 -9999 -9999 -9999 -9999 -9999 66.836 67.507 68.638 74.182 80.343 85.612 89.225 82.43 78.048 79.627 78.749 83.903 88.968 88.724 90.31 94.735 104.495 114.067 124.782 124.898 121.955 123.678 133.241 118.686 114.973 101.765 86.123 96.866 98.428 72.031 63.776 61.321 72.139 72.415 78.96 72.388 61.825 53.83 54.714 59.821 68.293 72.362 72.6 69.951 70.081 70.748 66.399 59.951 57.416 56.792 54.725 54.251 52.852 53.044 50.653 51.461 52.867 52.404 50.802 51.311 54.404 58.485 57.819 57.422 56.043 52.467 49.991
-9999 -9999 -9999 -9999 -9999 -9999 59.459 62.652 65.432 64.232 -9999 72.331 73.409 79.37 76.229 73.616 71.821 -9999 75.191 83.472 84.614 93.749 91.406 104.038 106.457 123.314 129.728 114.293 104.903 115.313 108.864 106.095 108.306 100.457 97.998 103.607 95.385 74.169 68.503 65.034 69.327 76.532 77.772 79.675 63.411 53.728 55.78 61.319 64.584 70.413 68.888 70.295 64.453 62.913 64.365 59.365 54.49 52.422 52.907 56.716 54.93 53.057 51.759 50.44 51.292 52.93 52.407 53.478 57.755 60.305 60.599 57.296 56.057 53.757 50.096
-9999 -9999 -9999 -9999 -9999 -9999 60.472 -9999 -9999 -9999 68.423 69.687 72.086 -9999 -9999 -9999 -9999 -9999 72.472 78.776 85.017 81.483 88.756 92.854 99.99 111.44 109.257 107.605 137.156 136.988 116.06 106.422 102.789 104.605 103.364 100.816 82.026 76.876 68.062 66.899 74.159 72.746 76.466 60.23 51.672 50.462 56.326 63.866 63.498 68.397 65.21 63.535 63.538 59.164 57.457 56.117 53.331 52.387 51.805 53.432 55.13 53.335 53.498 52.869 53.027 54.671 56.143 59.386 61.522 61.995 60.95 57.388 55.822 52.877 52.15
-9999 -9999 -9999 -9999 -9999 -9999 -9999 -9999 63.284 65.53 66.956 66.564 67.991 -9999 -9999 -9999 -9999 -9999 -9999 -9999 -9999 76.358 83.035 84.77 84.477 90.807 101.968 133.744 155.508 154.388 136.301 115.437 106.879 101.735 94.156 97.755 93.678 75.267 70.789 80.569 79.584 76.67 59.75 55.035 52.262 54.722 63.75 63.067 65.462 63.412 60.59 58.122 57.529 56.771 55.435 53.935 54.349 51.652 50.34 50.872 51.768 52.545 53.852 55.619 55.426 58.314 58.067 60.729 64.694 61.554 58.481 56.158 52.75 52.485 51.674
-9999 -9999 -9999 -9999 -9999 -9999 -9999 -9999 -9999 65.048 -9999 -9999 -9999 -9999 -9999 -9999 -9999 -9999 -9999 69.203 72.514 78.19 79.886 75.56 75.151 81.412 100.617 127.828 149.399 151.656 133.233 116.008 108.49 101.568 96.893 97.28 81.651 71.322 69.352 75.809 76.389 66.467 -9999 61.404 58.312 60.49 68.615 65.925 62.285 60.156 58.172 57.385 55.597 56.018 54.817 53.895 54.901 54.209 50.231 49.082 51.123 52.055 52.637 56.816 63.336 62.252 63.727 58.765 60.522 59.938 56.323 53.091 52.325 52.08 53.042
-9999 -9999 -9999 -9999 -9999 -9999 -9999 -9999 -9999 -9999 -9999 -9999 -9999 -9999 -9999 -9999 -9999 -9999 -9999 69.153 71.625 70.435 68.178 -9999 -9999 -9999 87.894 113.045 121.312 123.428 114.152 110.119 109.425 101.025 90.95 84.351 76.695 69.448 73.09 68.87 64.811 -9999 58.871 56.962 58.837 65.043 66.345 62.124 61.85 60.447 56.908 58.826 57.596 56.294 55.529 54.059 58.479 59.648 56.698 55.128 52.691 52.907 55.826 60.221 68.147 67.623 62.802 58.795 56.067 55.382 52.581 50.19 49.995 50.659 50.126
-9999 -9999 -9999 -9999 -9999 -9999 -9999 -9999 -9999 -9999 -9999 -9999 -9999 -9999 -9999 -9999 -9999 -9999 -9999 -9999 -9999 -9999 -9999 -9999 -9999 -9999 69.126 83.729 97.445 95.085 95.196 96.262 94.104 87.027 81.121 75.909 70.687 70.122 66.583 -9999 -9999 57.528 55.72 59.732 62.026 66.606 67.132 64.462 67.473 58.548 55.426 59.066 58.673 58.641 62.302 62.123 60.737 63.468 64.831 62.549 58.077 57.535 58.338 60.371 62.397 64.375 58.605 55.949 52.568 52.26 50.748 49.604 48.776 49.778 49.021
-9999 -9999 -9999 -9999 -9999 -9999 -9999 -9999 -9999 -9999 -9999 -9999 -9999 -9999 -9999 -9999 -9999 -9999 -9999 -9999 -9999 -9999 -9999 -9999 -9999 -9999 65.816 73.138 75.095 79.363 83.903 82.327 80.086 78.342 74.182 69.704 -9999 -9999 -9999 -9999 -9999 57.277 59.737 61.684 63.203 66.272 67.169 66.985 62.536 58.099 54.859 57.059 63.069 62.891 68.051 69.704 67.936 65.141 65.057 64.816 59.804 58.944 58.656 58.231 59.553 54.95 53.794 51.71 50.836 49.507 47.849 48.249 48.236 47.905 47.043
-9999 -9999 -9999 -9999 -9999 -9999 -9999 -9999 -9999 -9999 -9999 -9999 -9999 -9999 -9999 -9999 -9999 -9999 -9999 -9999 -9999 -9999 -9999 -9999 -9999 -9999 -9999 -9999 68.276 77.135 76.463 73.151 74.083 72.195 67.288 -9999 -9999 -9999 -9999 61.273 65.118 64.234 61.31 63.209 61.436 68.468 67.018 64.713 62.415 58.261 57.914 61.991 68.981 69.752 68.081 70.453 68.003 64.813 60.535 63.044 61.275 57.453 58.258 55.451 54.989 53.4 50.735 51.979 52.013 52.484 50.112 47.836 47.515 47.681 46.593
-9999 -9999 -9999 -9999 -9999 -9999 -9999 -9999 -9999 -9999 -9999 -9999 -9999 -9999 -9999 -9999 -9999 -9999 -9999 -9999 -9999 -9999 -9999 -9999 -9999 -9999 -9999 -9999 -9999 65.786 62.723 62.619 63.304 62.212 -9999 -9999 -9999 -9999 60.617 62.67 65.523 68.311 67.249 61.934 62.516 66.192 63.682 67.418 62.911 59.391 63.281 65.646 68.924 72.542 68.125 66.765 65.827 64.325 60.718 58.026 58.096 58.112 57.159 55.844 55.661 54.222 52.038 54.697 56.809 55.153 52.11 48.235 46.942 46.437 45.889
-9999 -9999 -9999 -9999 -9999 -9999 -9999 -9999 -9999 -9999 -9999 -9999 -9999 -9999 -9999 -9999 -9999 -9999 -9999 -9999 -9999 -9999 -9999 -9999 -9999 -9999 -9999 -9999 -9999 -9999 -9999 -9999 -9999 -9999 -9999 -9999 -9999 64.0 61.06 63.052 68.462 70.499 66.331 62.903 64.178 63.991 66.451 65.721 57.222 56.855 60.351 63.295 64.685 65.792 67.794 67.4 66.843 68.958 66.638 63.566 60.906 59.757 59.583 56.828 55.37 54.627 53.426 54.681 55.81 54.595 52.146 49.755 47.637 49.31 48.182
-9999 -9999 -9999 -9999 -9999 -9999 -9999 -9999 -9999 -9999 -9999 -9999 -9999 -9999 -9999 -9999 -9999 -9999 -9999 -9999 -9999 -9999 -9999 -9999 -9999 -9999 -9999 -9999 -9999 -9999 -9999 -9999 -9999 -9999 -9999 -9999 59.134 61.554 68.335 72.773 86.031 78.293 67.328 68.423 67.677 67.198 67.048 58.735 54.767 56.451 57.869 61.409 62.049 65.162 68.298 72.793 71.093 68.894 73.108 68.733 65.549 62.787 61.746 59.015 55.558 55.049 54.517 54.532 55.19 54.978 52.046 50.789 49.978 50.824 54.004
-9999 -9999 -9999 -9999 -9999 -9999 -9999 -9999 -9999 -9999 -9999 -9999 -9999 -9999 -9999 -9999 -9999 -9999 -9999 -9999 -9999 -9999 -9999 -9999 -9999 -9999 -9999 -9999 -9999 -9999 -9999 -9999 -9999 -9999 -9999 -9999 59.211 60.829 62.541 73.427 81.112 82.655 85.807 80.461 75.716 75.463 65.85 60.811 60.423 63.673 63.211 65.064 64.658 62.495 63.59 66.199 70.585 70.668 68.697 67.503 63.968 64.545 62.168 60.126 57.643 56.041 56.752 56.36 53.496 53.195 53.369 54.717 57.289 56.089 55.887
-9999 -9999 -9999 -9999 -9999 -9999 -9999 -9999 -9999 -9999 -9999 -9999 -9999 -9999 -9999 -9999 -9999 -9999 -9999 -9999 -9999 -9999 -9999 91.309 99.272 104.033 101.691 -9999 85.771 -9999 -9999 -9999 -9999 -9999 -9999 -9999 -9999 57.232 60.331 66.127 74.603 81.827 87.205 88.792 84.111 73.53 68.091 66.119 71.839 69.094 62.506 62.111 61.715 60.207 59.829 60.448 61.325 63.876 66.554 63.496 64.619 65.512 68.707 65.813 60.965 59.831 61.703 59.68 58.987 56.3 55.365 57.873 60.383 59.621 55.991
-9999 -9999 -9999 -9999 -9999 -9999 -9999 -9999 -9999 -9999 -9999 -9999 -9999 -9999 -9999 -9999 -9999 -9999 -9999 -9999 76.772 80.448 84.506 94.014 106.916 110.783 106.877 99.129 89.62 75.833 65.453 -9999 -9999 63.249 61.235 58.645 55.884 57.219 56.579 59.836 65.128 71.67 78.055 81.836 78.793 73.927 69.352 76.511 71.53 67.273 67.561 61.365 59.279 57.781 58.593 62.681 62.744 61.558 60.807 62.287 63.914 67.123 66.945 70.228 67.287 61.928 60.623 60.124 57.206 59.084 57.44 64.552 65.415 60.873 58.877
-9999 -9999 -9999 -9999 -9999 -9999 -9999 -9999 -9999 -9999 -9999 -9999 -9999 -9999 -9999 -9999 -9999 -9999 -9999 79.206 77.106 77.69 78.87 91.284 107.906 121.06 115.38 109.594 98.447 88.635 78.439 68.223 72.357 72.453 71.77 60.334 57.137 54.937 54.798 56.725 59.832 64.051 73.757 74.67 73.923 72.744 80.689 74.203 75.034 72.509 67.358 60.779 59.261 59.242 58.853 61.026 65.565 62.128 61.905 60.873 62.381 64.139 67.396 70.437 68.931 64.99 62.018 64.109 61.954 61.087 60.098 59.501 65.457 61.371 58.245
-9999 -9999 -9999 -9999 -9999 -9999 -9999 -9999 -9999 -9999 -9999 -9999 -9999 -9999 -9999 -9999 -9999 -9999 -9999 79.588 72.408 66.992 71.893 86.772 99.702 103.426 108.455 104.05 96.297 88.679 87.718 86.951 78.167 73.358 67.628 64.351 57.99 52.901 54.56 53.994 56.934 60.55 61.85 61.842 67.854 75.084 71.441 73.64 77.941 76.491 68.545 65.281 62.374 62.646 61.666 62.645 63.076 62.845 61.344 62.224 62.084 62.551 64.975 69.962 71.982 66.482 66.186 67.999 66.971 62.264 58.57 57.959 57.517 60.15 57.396
-9999 -9999 -9999 -9999 -9999 -9999 -9999 -9999 -9999 -9999 -9999 -9999 -9999 -9999 -9999 -9999 -9999 -9999 -9999 72.513 65.73 66.406 67.999 76.093 79.876 86.726 88.643 89.046 90.048 95.011 92.285 89.098 77.922 68.547 63.52 60.041 57.583 53.782 52.229 56.07 55.765 55.737 55.046 62.509 68.299 68.658 69.546 69.335 73.175 70.858 71.825 70.691 65.703 60.613 61.767 62.317 63.983 66.048 64.658 63.159 66.853 66.772 65.924 70.587 77.491 72.839 66.759 65.9 65.662 62.32 60.622 56.734 56.884 56.662 57.624
-9999 -9999 -9999 -9999 -9999 -9999 -9999 -9999 -9999 -9999 -9999 -9999 -9999 -9999 -9999 74.011 83.385 -9999 76.644 67.786 72.699 70.958 67.123 65.824 71.122 75.763 81.654 85.565 90.373 86.536 84.449 79.676 71.108 65.539 60.684 60.993 59.357 56.663 54.249 54.755 56.283 57.351 58.857 63.799 63.728 66.154 67.645 71.396 72.874 71.477 76.164 74.814 68.783 64.297 63.173 63.907 64.645 64.065 65.184 62.519 64.839 69.807 67.964 69.838 71.573 72.483 66.895 67.289 65.8 64.589 62.332 59.914 57.314 56.776 56.269
-9999 -9999 -9999 -9999 -9999 -9999 -9999 -9999 -9999 -9999 -9999 -9999 -9999 -9999 -9999 77.971 82.983 82.631 77.636 77.453 75.839 70.001 68.787 71.36 71.008 77.922 79.853 83.961 85.618 80.107 76.868 74.737 71.71 75.253 76.796 71.288 64.807 58.454 55.813 58.332 59.775 59.992 61.609 64.66 63.496 66.742 66.086 68.727 73.373 73.927 72.37 71.716 67.879 66.277 68.464 67.61 63.094 60.07 61.488 62.916 62.715 65.111 65.999 68.792 72.753 69.751 72.964 70.282 69.186 67.56 66.408 63.739 61.604 59.178 56.307
-9999 -9999 -9999 -9999 -9999 -9999 -9999 -9999 -9999 -9999 -9999 -9999 -9999 -9999 74.225 79.958 85.179 86.259 84.669 78.11 75.542 74.156 73.954 69.828 68.604 69.558 75.595 77.064 80.316 77.069 71.293 69.222 74.249 84.548 81.531 78.864 75.268 65.701 62.534 60.802 61.867 63.572 64.555 65.501 66.06 66.041 63.973 68.53 72.699 70.097 68.253 68.031 68.696 69.639 68.874 70.065 66.985 61.559 59.286 62.383 61.153 62.546 63.308 65.062 68.56 68.587 70.637 74.442 69.818 74.476 68.584 72.164 70.173 63.287 57.724
-9999 -9999 -9999 -9999 -9999 -9999 -9999 -9999 -9999 -9999 -9999 -9999 -9999 -9999 -9999 73.405 82.029 81.552 76.979 75.458 76.214 71.779 65.881 69.443 66.004 68.738 70.822 71.376 68.514 65.655 74.636 77.719 76.146 82.682 84.236 87.405 81.877 73.715 70.185 67.44 68.035 69.876 73.881 66.973 67.169 68.708 68.457 71.067 67.585 67.814 66.827 70.648 70.0 67.129 67.714 66.327 65.877 63.607 60.267 -9999 61.407 60.582 65.219 64.011 62.875 62.411 61.766 63.966 63.165 61.918 64.052 62.049 66.908 62.909 58.297
-9999 -9999 -9999 -9999 -9999 -9999 -9999 -9999 -9999 -9999 -9999 -9999 -9999 -9999 71.328 68.586 73.56 74.926 77.813 78.745 75.784 70.211 68.336 65.352 66.842 68.644 64.661 61.708 63.22 67.261 70.488 67.984 74.103 78.0 83.482 87.87 77.036 75.226 82.765 78.302 75.184 85.266 78.491 79.231 81.58 79.075 75.437 68.248 66.627 62.239 66.268 66.182 68.117 66.024 64.728 66.937 66.449 65.977 63.355 59.049 -9999 56.564 -9999 58.609 -9999 56.455 -9999 58.059 57.015 56.839 55.751 54.963 55.363 53.354 -9999
-9999 -9999 -9999 -9999 -9999 -9999 -9999 -9999 -9999 -9999 -9999 -9999 -9999 -9999 68.574 68.104 73.395 78.046 79.517 80.368 81.122 77.622 76.534 72.002 71.97 64.912 58.911 60.737 63.033 63.012 63.238 67.608 73.439 79.161 86.847 80.343 73.463 83.751 82.852 71.413 75.796 75.189 81.052 87.614 82.975 76.461 72.748 69.673 65.646 67.359 66.416 65.559 63.4 63.384 63.906 64.281 66.556 64.264 60.999 58.481 -9999 -9999 52.893 52.585 -9999 -9999 53.584 53.701 54.295 -9999 -9999 -9999 -9999 -9999 -9999
-9999 -9999 -9999 -9999 -9999 -9999 -9999 -9999 -9999 -9999 -9999 -9999 -9999 80.724 74.344 77.591 77.033 74.102 74.997 80.403 84.788 90.934 95.13 94.223 82.101 69.488 66.39 67.047 61.069 59.206 61.814 65.943 70.832 81.418 82.061 77.679 75.76 76.762 65.423 66.119 71.636 75.241 84.422 82.74 75.174 73.264 70.752 69.475 67.354 63.014 62.731 64.98 62.881 60.433 59.572 62.189 61.246 -9999 -9999 -9999 57.969 -9999 -9999 -9999 -9999 -9999 -9999 54.756 -9999 -9999 -9999 -9999 -9999 -9999 -9999
-9999 -9999 -9999 -9999 -9999 -9999 -9999 -9999 -9999 -9999 -9999 -9999 80.344 89.03 91.835 85.571 74.889 71.255 72.107 76.032 83.197 110.884 126.467 117.535 92.985 84.699 86.088 71.031 68.3 61.838 59.859 65.263 67.238 67.454 66.986 -9999 -9999 -9999 -9999 -9999 62.555 70.208 79.201 79.405 74.763 72.252 69.282 68.011 65.545 60.776 -9999 63.295 -9999 -9999 -9999 -9999 -9999 60.222 60.119 62.879 64.37 62.829 57.24 -9999 -9999 -9999 -9999 -9999 -9999 -9999 -9999 -9999 -9999 -9999 -9999
-9999 -9999 -9999 -9999 -9999 -9999 -9999 -9999 -9999 -9999 -9999 70.297 85.696 103.327 101.661 93.056 80.602 73.187 73.355 80.048 99.065 126.477 143.334 133.936 114.41 104.229 85.419 79.649 68.26 63.722 61.789 59.893 -9999 -9999 -9999 -9999 -9999 -9999 -9999 -9999 -9999 -9999 66.166 68.828 67.836 71.001 73.227 74.567 68.476 71.417 68.266 -9999 -9999 -9999 -9999 -9999 -9999 -9999 56.703 62.535 64.229 62.764 -9999 -9999 -9999 -9999 -9999 -9999 -9999 -9999 -9999 -9999 -9999 -9999 -9999
-9999 -9999 -9999 -9999 -9999 -9999 -9999 -9999 -9999 67.455 67.109 76.493 94.046 103.128 108.039 101.977 86.748 78.094 82.79 91.231 106.629 125.851 140.059 130.848 117.522 105.765 95.96 74.706 75.879 71.18 -9999 -9999 -9999 -9999 -9999 -9999 -9999 -9999 -9999 -9999 -9999 -9999 -9999 60.621 -9999 -9999 -9999 -9999 -9999 67.704 69.526 -9999 -9999 -9999 -9999 -9999 -9999 -9999 -9999 -9999 62.744 61.725 -9999 -9999 -9999 -9999 -9999 -9999 -9999 -9999 -9999 -9999 -9999 -9999 -9999
-9999 -9999 -9999 -9999 -9999 -9999 -9999 -9999 66.9 -9999 74.117 85.41 96.106 104.342 106.771 101.161 94.108 86.499 90.994 87.352 96.187 113.047 125.699 132.68 114.991 101.921 89.088 72.193 71.41 63.724 -9999 -9999 -9999 -9999 -9999 -9999 -9999 -9999 -9999 -9999 -9999 -9999 -9999 -9999 62.959 -9999 -9999 -9999 -9999 -9999 -9999 -9999 -9999 -9999 -9999 -9999 -9999 -9999 -9999 -9999 -9999 -9999 -9999 -9999 -9999 -9999 -9999 -9999 -9999 -9999 -9999 -9999 -9999 -9999 -9999
-9999 -9999 -9999 -9999 -9999 -9999 -9999 64.69 67.836 82.521 84.828 89.637 96.484 98.396 97.116 99.385 92.096 91.481 86.582 -9999 87.764 106.456 130.302 138.422 130.083 103.631 82.272 72.696 68.081 -9999 -9999 -9999 -9999 -9999 -9999 -9999 -9999 -9999 -9999 -9999 -9999 -9999 -9999 -9999 -9999 -9999 -9999 -9999 -9999 -9999 -9999 -9999 -9999 -9999 -9999 -9999 -9999 -9999 -9999 -9999 -9999 -9999 -9999 -9999 -9999 -9999 -9999 -9999 -9999 -9999 -9999 -9999 -9999 -9999 -9999
-9999 -9999 -9999 -9999 -9999 -9999 -9999 65.629 78.331 88.541 94.387 94.064 97.352 98.024 100.837 97.875 87.549 80.626 70.631 78.633 88.688 101.547 120.079 138.975 126.78 102.357 83.13 73.55 70.502 -9999 -9999 -9999 -9999 -9999 -9999 -9999 -9999 -9999 -9999 -9999 -9999 -9999 -9999 -9999 -9999 -9999 -9999 -9999 -9999 -9999 -9999 -9999 -9999 -9999 -9999 -9999 -9999 -9999 -9999 -9999 -9999 -9999 -9999 -9999 -9999 -9999 -9999 -9999 -9999 -9999 -9999 -9999 -9999 -9999 -9999
-9999 -9999 -9999 -9999 -9999 -9999 65.957 71.29 92.747 97.398 100.828 96.322 83.936 93.493 95.473 92.713 86.885 76.953 78.656 79.215 83.26 90.242 105.296 115.071 105.101 94.111 83.42 79.995 -9999 -9999 -9999 -9999 -9999 -9999 -9999 -9999 -9999 -9999 -9999 -9999 -9999 -9999 -9999 -9999 -9999 -9999 -9999 -9999 -9999 -9999 -9999 -9999 -9999 -9999 -9999 -9999 -9999 -9999 -9999 -9999 -9999 -9999 -9999 -9999 -9999 -9999 -9999 -9999 -9999 -9999 -9999 -9999 -9999 -9999 -9999
