Validation/Results/raw data/ReClimate_02_2024_1_Precipitation-Actualsweatherlogisticsltd.asc
NCOLS 192
NROWS 249
XLLCENTER -225160.85627316462
YLLCENTER 29788.11610251502
CELLSIZE 5000.0
NODATA_VALUE -9999
[rows 66 to 98 of 249, columns 75 to 149 of 192]
-9999 -9999 -9999 -9999 -9999 -9999 -9999 -9999 -9999 -9999 105.634 -9999 119.765 147.873 181.606 185.6 187.57 165.162 156.758 132.26 115.192 95.173 98.497 101.745 93.069 92.053 91.996 88.71 89.979 84.577 84.746 -9999 -9999 -9999 -9999 -9999 -9999 -9999 -9999 -9999 -9999 -9999 -9999 -9999 -9999 -9999 -9999 -9999 -9999 -9999 -9999 -9999 -9999 -9999 -9999 -9999 -9999 -9999 -9999 -9999 -9999 -9999 -9999 -9999 -9999 -9999 -9999 -9999 -9999 -9999 -9999 -9999 -9999 -9999 -9999
-9999 -9999 -9999 -9999 -9999 -9999 -9999 -9999 -9999 -9999 -9999 105.69 145.651 154.882 172.094 170.45 161.671 156.478 148.827 126.841 109.165 99.802 93.824 88.461 81.407 84.588 85.636 85.574 75.594 -9999 -9999 -9999 -9999 -9999 -9999 -9999 -9999 -9999 -9999 -9999 -9999 -9999 -9999 -9999 -9999 -9999 -9999 -9999 -9999 -9999 -9999 -9999 -9999 -9999 -9999 -9999 -9999 -9999 -9999 -9999 -9999 -9999 -9999 -9999 -9999 -9999 -9999 -9999 -9999 -9999 -9999 -9999 -9999 -9999 -9999
-9999 -9999 -9999 -9999 -9999 -9999 -9999 -9999 -9999 -9999 -9999 138.473 151.435 147.683 140.565 149.758 154.609 138.977 121.783 108.185 94.357 89.034 82.929 84.862 82.672 76.914 78.49 70.141 57.502 -9999 -9999 -9999 -9999 -9999 -9999 -9999 -9999 -9999 -9999 -9999 -9999 -9999 -9999 -9999 -9999 -9999 -9999 -9999 -9999 -9999 -9999 -9999 -9999 -9999 -9999 -9999 -9999 -9999 -9999 -9999 -9999 -9999 -9999 -9999 -9999 -9999 -9999 -9999 -9999 -9999 -9999 -9999 -9999 -9999 -9999
-9999 -9999 -9999 -9999 -9999 -9999 -9999 -9999 -9999 -9999 -9999 -9999 -9999 129.201 135.776 145.613 137.079 127.107 119.33 110.277 96.593 81.376 78.028 84.071 77.946 74.386 63.474 -9999 -9999 -9999 -9999 -9999 -9999 -9999 -9999 -9999 -9999 -9999 -9999 -9999 -9999 -9999 -9999 -9999 -9999 -9999 -9999 -9999 -9999 -9999 -9999 -9999 -9999 -9999 -9999 -9999 -9999 -9999 -9999 -9999 -9999 -9999 -9999 -9999 -9999 -9999 -9999 -9999 -9999 -9999 -9999 -9999 -9999 -9999 -9999
-9999 -9999 -9999 -9999 -9999 -9999 -9999 116.708 -9999 -9999 149.963 162.09 139.905 131.302 151.903 145.723 142.893 140.053 132.676 115.885 99.725 75.63 76.469 73.702 73.281 63.909 59.467 -9999 -9999 -9999 -9999 -9999 -9999 -9999 -9999 -9999 -9999 -9999 -9999 -9999 -9999 -9999 -9999 -9999 -9999 -9999 -9999 -9999 -9999 -9999 -9999 -9999 -9999 -9999 -9999 -9999 -9999 -9999 -9999 -9999 -9999 -9999 -9999 -9999 -9999 -9999 -9999 -9999 -9999 -9999 -9999 -9999 -9999 -9999 -9999
-9999 -9999 -9999 -9999 -9999 118.02 116.223 122.703 124.185 142.204 163.257 174.557 170.977 168.796 137.307 153.427 159.98 154.663 139.617 121.1 111.716 102.736 74.515 65.12 57.559 51.579 45.953 -9999 -9999 -9999 -9999 -9999 -9999 -9999 -9999 -9999 -9999 -9999 -9999 -9999 -9999 -9999 -9999 -9999 -9999 -9999 -9999 -9999 -9999 -9999 -9999 -9999 -9999 -9999 -9999 -9999 -9999 -9999 -9999 -9999 -9999 -9999 -9999 -9999 -9999 -9999 -9999 -9999 -9999 -9999 -9999 -9999 -9999 -9999 -9999
-9999 -9999 -9999 -9999 -9999 118.353 125.6 -9999 140.773 161.179 177.743 178.613 199.24 158.645 158.59 166.384 175.345 180.55 153.575 140.534 136.894 108.065 88.33 81.384 62.046 51.233 -9999 41.423 -9999 -9999 -9999 -9999 -9999 -9999 -9999 -9999 -9999 -9999 -9999 -9999 -9999 -9999 -9999 -9999 -9999 -9999 -9999 -9999 -9999 -9999 -9999 -9999 -9999 -9999 -9999 -9999 -9999 -9999 -9999 -9999 -9999 -9999 -9999 -9999 -9999 -9999 -9999 -9999 -9999 -9999 -9999 -9999 -9999 -9999 -9999
-9999 -9999 -9999 -9999 -9999 -9999 138.96 140.249 153.337 178.5 178.965 202.994 182.471 167.386 157.051 154.366 165.129 168.046 141.675 135.189 132.481 105.816 93.226 74.459 61.558 50.49 41.588 38.368 -9999 -9999 -9999 -9999 -9999 -9999 -9999 -9999 -9999 -9999 -9999 -9999 -9999 -9999 -9999 -9999 -9999 -9999 -9999 -9999 -9999 -9999 -9999 -9999 -9999 -9999 -9999 -9999 -9999 -9999 -9999 -9999 -9999 -9999 -9999 -9999 -9999 -9999 -9999 -9999 -9999 -9999 -9999 -9999 -9999 -9999 -9999
-9999 -9999 -9999 -9999 -9999 -9999 -9999 149.426 164.786 182.159 220.081 210.595 203.124 184.546 181.541 179.561 160.501 135.128 123.146 134.97 122.848 107.003 90.263 65.377 55.103 42.285 40.938 42.942 -9999 -9999 -9999 -9999 -9999 -9999 -9999 -9999 -9999 -9999 -9999 -9999 -9999 -9999 -9999 -9999 -9999 -9999 -9999 -9999 -9999 -9999 -9999 -9999 -9999 -9999 -9999 -9999 -9999 -9999 -9999 -9999 -9999 -9999 -9999 -9999 -9999 -9999 -9999 -9999 -9999 -9999 -9999 -9999 -9999 -9999 -9999
-9999 -9999 -9999 -9999 -9999 142.935 147.404 169.64 185.107 202.602 202.985 219.965 207.059 195.726 193.546 169.601 149.288 139.902 120.126 122.203 132.192 105.472 71.818 54.772 44.738 -9999 44.406 -9999 -9999 -9999 -9999 -9999 -9999 43.685 40.119 40.497 -9999 -9999 -9999 -9999 -9999 -9999 -9999 -9999 -9999 -9999 -9999 -9999 -9999 -9999 -9999 -9999 -9999 -9999 -9999 -9999 -9999 -9999 -9999 -9999 -9999 -9999 -9999 -9999 -9999 -9999 -9999 -9999 -9999 -9999 -9999 -9999 -9999 -9999 -9999
131.256 -9999 -9999 -9999 -9999 -9999 162.28 178.872 202.952 206.408 220.431 203.372 191.338 185.911 184.804 156.544 136.894 113.602 115.123 126.254 107.079 81.17 64.901 56.678 51.935 47.163 -9999 -9999 -9999 -9999 39.906 38.241 38.381 40.269 40.571 40.419 40.55 40.607 46.02 51.928 52.547 47.098 42.926 43.938 47.788 52.498 55.458 55.704 54.45 51.565 49.163 49.181 -9999 -9999 -9999 -9999 -9999 -9999 -9999 -9999 -9999 -9999 -9999 -9999 -9999 -9999 -9999 -9999 -9999 -9999 -9999 -9999 -9999 -9999 -9999
168.328 -9999 -9999 -9999 146.937 -9999 158.849 164.366 194.437 236.235 232.139 196.118 175.719 179.104 163.972 153.888 133.663 122.694 104.639 88.083 82.175 69.17 60.499 60.088 51.959 -9999 -9999 -9999 -9999 42.051 42.253 40.185 42.393 46.094 42.222 43.925 46.225 45.504 56.68 57.257 56.934 52.01 46.982 47.98 49.161 51.577 56.479 61.195 59.65 58.896 55.46 50.098 -9999 -9999 -9999 -9999 -9999 -9999 -9999 -9999 -9999 -9999 -9999 -9999 -9999 -9999 -9999 -9999 -9999 -9999 -9999 -9999 -9999 -9999 -9999
175.934 -9999 -9999 -9999 151.365 155.602 157.935 197.051 232.06 238.19 235.296 196.035 189.912 176.106 164.753 142.471 130.597 127.617 106.778 97.464 75.119 59.452 60.848 51.844 -9999 -9999 43.146 41.717 42.799 44.398 45.082 45.147 47.977 52.073 55.082 58.16 54.857 54.627 54.784 54.489 52.418 51.726 54.09 48.896 50.255 52.082 61.216 66.504 60.472 58.383 58.237 53.103 50.714 -9999 -9999 -9999 -9999 -9999 -9999 -9999 -9999 -9999 -9999 -9999 -9999 -9999 -9999 -9999 -9999 -9999 -9999 -9999 -9999 -9999 -9999
163.407 -9999 152.398 -9999 137.992 144.172 198.276 236.493 221.532 241.773 229.729 216.931 201.426 191.257 185.65 160.155 145.011 128.597 120.202 99.03 74.184 54.296 48.276 46.836 -9999 52.454 51.854 51.099 47.715 46.206 47.402 55.072 58.675 59.912 65.856 63.452 59.577 59.97 60.203 58.945 54.999 52.746 49.902 51.46 51.054 53.058 61.815 59.54 53.546 54.246 57.039 54.101 49.667 -9999 -9999 -9999 -9999 -9999 -9999 -9999 -9999 -9999 -9999 -9999 -9999 -9999 -9999 -9999 -9999 -9999 -9999 -9999 -9999 -9999 -9999
-9999 150.809 -9999 -9999 -9999 183.793 259.807 226.724 213.852 182.892 196.466 197.673 191.902 197.921 185.4 180.271 157.923 138.535 113.848 89.199 65.312 58.06 61.924 53.936 53.985 61.161 66.281 68.887 62.686 55.775 59.788 63.915 67.423 66.326 56.892 56.873 56.045 56.251 61.99 57.101 53.203 49.518 49.808 52.612 53.94 52.729 58.341 55.132 56.565 58.226 57.935 55.074 50.972 -9999 -9999 -9999 -9999 -9999 -9999 -9999 -9999 -9999 -9999 -9999 -9999 -9999 -9999 -9999 -9999 -9999 -9999 -9999 -9999 -9999 -9999
157.278 -9999 -9999 -9999 -9999 205.085 204.771 190.15 -9999 187.334 196.411 197.369 188.616 186.279 184.533 160.195 138.774 131.1 112.405 96.17 81.399 79.781 75.429 56.515 63.659 65.394 77.246 85.033 76.262 60.341 58.116 66.98 71.138 58.439 55.239 62.862 58.055 67.859 66.408 59.053 58.251 51.41 55.16 60.165 53.748 55.843 55.279 55.545 54.999 57.812 56.089 49.418 48.581 -9999 -9999 -9999 -9999 -9999 -9999 -9999 -9999 -9999 -9999 -9999 -9999 -9999 -9999 -9999 -9999 -9999 -9999 -9999 -9999 -9999 -9999
203.252 -9999 -9999 -9999 168.72 -9999 -9999 152.912 163.085 184.924 209.138 212.521 202.542 201.861 181.891 163.96 135.412 112.324 99.047 93.293 87.498 86.024 56.593 59.742 67.389 82.019 82.424 80.644 79.806 63.975 61.52 63.596 59.993 57.489 64.725 63.823 66.824 70.59 67.017 71.627 62.102 57.414 61.79 54.97 53.134 55.11 57.505 52.103 52.289 53.527 51.912 46.948 -9999 -9999 -9999 -9999 -9999 -9999 -9999 -9999 -9999 -9999 -9999 -9999 -9999 -9999 -9999 -9999 -9999 -9999 -9999 -9999 -9999 -9999 -9999
237.187 199.86 173.27 -9999 -9999 -9999 170.899 154.979 -9999 186.163 194.443 201.17 206.916 197.286 193.501 159.455 114.269 104.071 102.033 100.942 91.028 71.236 73.055 74.908 84.977 81.302 80.229 81.796 73.474 59.635 57.34 53.014 56.573 69.176 64.44 69.485 83.437 76.724 72.773 71.578 58.73 55.715 53.531 52.317 50.178 53.99 52.946 52.545 51.596 49.637 46.266 -9999 -9999 -9999 -9999 -9999 -9999 -9999 -9999 -9999 -9999 -9999 -9999 -9999 -9999 -9999 -9999 -9999 -9999 -9999 -9999 -9999 -9999 -9999 -9999
230.507 205.056 185.472 -9999 174.49 179.173 180.042 184.574 207.391 209.217 209.74 222.479 223.194 196.027 165.195 146.886 127.553 125.584 124.863 110.747 89.858 80.644 83.14 97.151 93.403 81.645 78.302 73.519 53.47 53.074 55.378 55.939 61.66 55.186 58.573 68.307 78.188 81.788 81.746 79.076 61.141 61.037 58.569 60.822 66.175 54.759 51.487 55.11 56.247 49.896 44.758 -9999 -9999 -9999 -9999 -9999 -9999 -9999 -9999 -9999 -9999 -9999 -9999 -9999 -9999 -9999 -9999 -9999 -9999 -9999 -9999 -9999 -9999 -9999 -9999
207.621 191.367 177.348 172.335 169.297 185.815 -9999 186.496 219.046 244.859 261.42 245.865 225.448 192.641 192.428 165.071 144.824 126.786 115.208 109.832 86.05 84.105 99.677 107.612 92.725 88.105 87.946 67.965 67.552 56.543 53.194 47.345 50.712 63.594 64.068 72.104 85.385 80.373 74.878 68.428 59.703 55.455 48.544 56.281 52.957 48.273 50.269 52.488 51.564 48.175 -9999 -9999 -9999 -9999 -9999 -9999 -9999 -9999 -9999 -9999 -9999 -9999 -9999 -9999 -9999 -9999 -9999 -9999 -9999 -9999 -9999 -9999 -9999 -9999 -9999
-9999 -9999 -9999 160.122 175.163 -9999 180.495 209.646 254.49 278.665 266.861 276.105 249.719 232.313 205.926 154.777 136.173 131.765 130.012 101.116 94.556 105.106 121.574 122.042 117.301 114.132 88.903 87.115 71.767 63.112 68.828 61.185 77.576 77.59 78.162 81.368 77.226 63.121 62.58 60.112 62.404 57.737 52.334 54.419 51.785 49.475 49.038 51.206 50.759 45.898 -9999 -9999 -9999 -9999 -9999 -9999 -9999 -9999 -9999 -9999 -9999 -9999 -9999 -9999 -9999 -9999 -9999 -9999 -9999 -9999 -9999 -9999 -9999 -9999 -9999
-9999 -9999 160.885 168.957 -9999 163.763 183.349 -9999 244.242 242.076 272.14 273.124 265.542 235.025 192.704 175.488 158.118 130.993 109.757 116.608 114.169 125.119 143.104 142.126 133.431 113.038 88.335 68.911 58.355 68.636 74.039 84.023 90.411 87.637 79.714 77.098 66.582 66.483 59.705 58.521 60.378 54.199 54.672 57.032 54.574 51.29 48.795 55.962 51.606 44.584 -9999 -9999 -9999 -9999 -9999 -9999 -9999 -9999 -9999 -9999 -9999 -9999 -9999 -9999 -9999 -9999 -9999 -9999 -9999 -9999 -9999 -9999 -9999 -9999 -9999
-9999 -9999 154.322 -9999 -9999 166.638 189.737 225.854 231.782 258.619 264.733 236.614 224.968 207.249 176.32 152.635 136.385 131.892 143.33 145.594 145.762 154.046 154.959 143.124 118.379 81.206 63.842 65.409 83.767 98.147 121.847 124.239 111.259 101.715 96.049 79.413 69.492 62.126 57.867 49.739 49.831 50.857 52.693 59.436 68.32 55.958 53.061 51.222 48.045 43.8 -9999 -9999 -9999 -9999 -9999 -9999 -9999 -9999 -9999 -9999 -9999 -9999 -9999 -9999 -9999 -9999 -9999 -9999 -9999 -9999 -9999 -9999 -9999 -9999 -9999
-9999 -9999 -9999 -9999 -9999 -9999 211.126 242.515 240.233 264.29 255.135 228.27 227.68 207.608 182.538 174.83 178.597 178.691 165.657 162.951 146.153 136.852 132.007 121.441 93.681 68.635 69.201 84.078 103.474 125.186 118.691 117.411 109.478 103.872 91.058 77.372 68.833 63.32 53.124 44.387 47.34 46.561 50.486 62.039 56.708 51.252 50.293 52.359 49.981 -9999 -9999 -9999 -9999 -9999 -9999 -9999 -9999 -9999 -9999 -9999 -9999 -9999 -9999 -9999 -9999 -9999 -9999 -9999 -9999 -9999 -9999 -9999 -9999 -9999 -9999
-9999 -9999 -9999 -9999 137.501 160.999 -9999 248.71 254.847 285.107 257.21 221.009 206.714 198.226 207.525 210.199 194.016 163.22 162.312 152.369 140.15 119.278 107.869 90.269 80.96 92.907 98.208 104.916 119.889 113.322 104.352 78.099 84.587 80.229 63.184 61.528 64.249 69.184 64.813 60.514 63.118 70.247 63.874 53.879 59.189 62.628 61.624 56.184 49.636 -9999 -9999 -9999 -9999 -9999 -9999 -9999 -9999 -9999 -9999 -9999 -9999 -9999 -9999 -9999 -9999 -9999 -9999 -9999 -9999 -9999 -9999 -9999 -9999 -9999 -9999
-9999 -9999 -9999 131.736 128.549 169.413 209.671 247.457 272.643 276.453 253.833 213.126 188.037 190.9 187.504 186.198 188.527 179.136 182.19 171.994 121.566 118.341 103.14 99.401 102.823 122.565 121.399 118.508 110.831 109.419 86.378 76.363 77.751 85.461 82.631 81.637 78.373 78.932 90.876 99.406 98.505 92.069 78.189 78.852 77.055 68.171 57.876 53.159 -9999 -9999 -9999 -9999 -9999 -9999 -9999 -9999 -9999 -9999 -9999 -9999 -9999 -9999 -9999 -9999 -9999 -9999 -9999 -9999 -9999 -9999 -9999 -9999 -9999 -9999 -9999
-9999 -9999 -9999 122.78 -9999 166.785 194.489 222.077 257.54 254.379 199.467 187.828 193.352 166.095 158.941 162.22 165.855 176.063 167.696 131.566 131.619 138.971 125.403 115.39 140.969 141.947 141.483 129.266 126.681 118.686 104.963 94.009 101.108 102.957 105.832 105.763 86.309 102.036 108.984 87.329 91.46 94.744 85.797 83.148 73.597 58.701 56.228 51.574 -9999 -9999 -9999 -9999 -9999 -9999 -9999 -9999 -9999 -9999 -9999 -9999 -9999 -9999 -9999 -9999 -9999 -9999 -9999 -9999 -9999 -9999 -9999 -9999 -9999 -9999 -9999
-9999 -9999 -9999 -9999 -9999 185.079 205.9 213.291 235.996 204.088 167.553 174.74 162.605 147.346 146.78 154.18 172.177 161.849 163.156 151.845 158.758 143.26 124.271 133.957 146.708 143.586 136.13 120.833 125.334 113.178 108.017 123.739 121.81 121.826 133.445 123.44 122.323 126.109 109.811 98.239 91.209 79.901 79.681 78.409 64.774 54.496 52.061 46.646 -9999 -9999 -9999 -9999 -9999 -9999 -9999 -9999 -9999 -9999 -9999 -9999 -9999 -9999 -9999 -9999 -9999 -9999 -9999 -9999 -9999 -9999 -9999 -9999 -9999 -9999 -9999
-9999 -9999 -9999 150.602 159.64 179.291 187.609 198.087 218.541 190.575 198.122 200.789 -9999 177.185 217.088 223.047 208.767 197.464 197.396 186.294 175.696 163.489 151.707 142.46 131.278 119.693 104.44 101.78 108.548 99.996 117.756 112.452 112.95 110.787 124.573 128.762 119.691 104.993 105.869 97.072 82.608 85.377 72.441 63.193 54.985 51.444 51.973 36.265 -9999 -9999 -9999 -9999 -9999 -9999 -9999 -9999 -9999 -9999 -9999 -9999 -9999 -9999 -9999 -9999 -9999 -9999 -9999 -9999 -9999 -9999 -9999 -9999 -9999 -9999 -9999
124.543 127.089 146.176 -9999 158.784 173.806 181.044 189.638 203.438 212.04 213.966 -9999 211.75 251.054 251.063 264.066 231.846 206.271 186.643 188.882 176.471 168.748 151.931 134.023 113.102 99.816 81.547 86.713 82.551 97.876 100.079 102.879 98.049 93.77 103.817 104.314 95.495 95.959 92.354 84.815 80.513 64.561 56.437 49.315 48.722 52.872 39.555 -9999 -9999 -9999 -9999 -9999 -9999 -9999 -9999 -9999 -9999 -9999 -9999 -9999 -9999 -9999 -9999 -9999 -9999 -9999 -9999 -9999 -9999 -9999 -9999 -9999 -9999 -9999 -9999
123.672 137.447 159.254 165.344 -9999 175.151 180.978 187.206 203.12 204.621 195.565 193.92 225.689 231.237 237.292 251.864 224.166 200.935 180.965 165.56 148.47 143.315 126.667 115.231 112.937 86.315 84.951 74.65 74.596 80.541 93.024 85.986 75.64 82.588 95.398 89.568 87.188 78.737 81.044 70.9 57.234 52.269 49.31 47.343 45.961 -9999 -9999 -9999 -9999 -9999 -9999 -9999 -9999 -9999 -9999 -9999 -9999 -9999 -9999 -9999 -9999 -9999 -9999 -9999 -9999 -9999 -9999 -9999 -9999 -9999 -9999 -9999 -9999 -9999 -9999
-9999 -9999 155.924 -9999 176.775 185.431 193.484 212.768 215.355 -9999 -9999 221.651 216.428 219.472 245.5 224.147 213.006 188.072 169.254 127.623 115.627 106.443 103.637 101.755 90.942 95.031 86.201 84.71 74.076 78.344 81.944 76.97 71.737 79.568 82.1 80.435 73.198 70.893 65.688 56.99 49.197 45.008 47.646 44.956 -9999 -9999 -9999 -9999 -9999 -9999 -9999 -9999 -9999 -9999 -9999 -9999 -9999 -9999 -9999 -9999 -9999 -9999 -9999 -9999 -9999 -9999 -9999 -9999 -9999 -9999 -9999 -9999 -9999 -9999 -9999
135.74 -9999 158.59 180.368 177.047 189.559 205.266 213.379 -9999 -9999 208.544 244.323 251.505 255.395 227.276 217.793 201.955 180.813 151.21 131.337 123.189 129.346 126.393 124.914 131.468 113.582 97.578 88.582 79.045 74.444 66.73 72.658 73.715 73.005 70.444 65.649 56.222 55.47 52.864 49.425 43.671 43.267 44.368 45.745 42.491 -9999 -9999 -9999 -9999 -9999 -9999 -9999 -9999 -9999 -9999 -9999 -9999 -9999 -9999 -9999 -9999 -9999 -9999 -9999 -9999 -9999 -9999 -9999 -9999 -9999 -9999 -9999 -9999 -9999 -9999
