Validation/Results/raw data/ReClimate_05_2024_1_Temperatureweatherlogisticsltd.asc
NCOLS 192
NROWS 249
XLLCENTER -225160.85627316462
YLLCENTER 29788.11610251502
CELLSIZE 5000.0
NODATA_VALUE -9999
[rows 136 to 169 of 249, columns 75 to 149 of 192]
-0.547 -9999 -9999 -9999 -9999 -9999 -9999 -9999 -9999 -9999 -0.798 -9999 -0.927 -0.997 -1.081 -1.164 -1.238 -1.308 -1.379 -1.439 -1.493 -1.548 -1.61 -1.675 -1.706 -1.736 -1.76 -1.751 -1.755 -1.768 -9999 -9999 -9999 -9999 -9999 -9999 -1.664 -1.649 -1.632 -1.609 -1.559 -1.476 -1.4 -1.328 -1.255 -1.186 -1.123 -1.064 -1.003 -0.945 -0.887 -0.83 -0.771 -0.715 -0.671 -0.636 -0.593 -0.555 -0.514 -9999 -9999 -9999 -9999 -9999 -9999 -9999 -9999 -9999 -9999 -9999 -9999 -9999 -9999 -9999 -9999
-0.532 -0.547 -9999 -9999 -9999 -9999 -9999 -9999 -9999 -9999 -0.792 -0.867 -0.949 -1.034 -1.121 -1.196 -1.275 -1.351 -1.42 -1.463 -1.522 -1.577 -1.636 -1.689 -1.728 -1.776 -1.801 -1.797 -1.797 -1.798 -9999 -9999 -9999 -9999 -1.704 -1.675 -1.663 -1.656 -1.627 -1.588 -1.522 -1.434 -1.362 -1.302 -1.232 -1.172 -1.105 -1.034 -0.97 -0.906 -0.849 -0.793 -0.738 -0.684 -0.633 -0.593 -0.552 -0.525 -0.492 -9999 -9999 -9999 -9999 -9999 -9999 -9999 -9999 -9999 -9999 -9999 -9999 -9999 -9999 -9999 -9999
-0.519 -0.534 -0.547 -9999 -9999 -9999 -9999 -9999 -9999 -9999 -0.803 -0.868 -0.958 -9999 -9999 -1.212 -1.294 -1.376 -1.438 -9999 -1.555 -1.607 -1.661 -1.715 -1.765 -1.813 -1.839 -1.829 -9999 -9999 -9999 -9999 -9999 -1.723 -1.702 -1.677 -1.662 -1.653 -1.618 -1.572 -1.495 -1.407 -1.341 -1.281 -1.216 -1.157 -1.083 -1.012 -0.946 -0.88 -0.823 -0.768 -0.712 -0.661 -0.611 -0.566 -0.525 -0.491 -0.463 -9999 -9999 -9999 -9999 -9999 -9999 -9999 -9999 -9999 -9999 -9999 -9999 -9999 -9999 -9999 -9999
-0.507 -0.52 -0.534 -9999 -9999 -9999 -9999 -9999 -9999 -9999 -9999 -0.867 -0.963 -9999 -9999 -9999 -1.303 -1.383 -1.46 -1.54 -9999 -9999 -1.704 -1.758 -1.809 -1.844 -1.859 -9999 -9999 -9999 -9999 -9999 -1.745 -1.72 -1.692 -1.661 -1.644 -1.63 -1.599 -1.558 -1.477 -1.403 -1.332 -1.254 -1.186 -1.116 -1.044 -0.979 -0.92 -0.878 -0.81 -0.749 -0.697 -0.649 -0.6 -0.557 -0.509 -0.473 -0.428 -9999 -9999 -9999 -9999 -9999 -9999 -9999 -9999 -9999 -9999 -9999 -9999 -9999 -9999 -9999 -9999
-0.508 -0.517 -9999 -9999 -9999 -9999 -9999 -9999 -9999 -9999 -9999 -9999 -0.962 -9999 -9999 -9999 -9999 -1.394 -1.489 -1.573 -9999 -9999 -9999 -1.791 -1.846 -9999 -9999 -9999 -9999 -9999 -9999 -9999 -1.759 -1.718 -1.683 -1.653 -1.634 -1.62 -1.594 -1.545 -1.467 -1.395 -1.314 -1.236 -1.162 -1.092 -1.023 -0.958 -0.91 -0.867 -0.8 -0.733 -0.68 -0.634 -0.586 -0.543 -0.497 -0.458 -0.414 -9999 -9999 -9999 -9999 -9999 -9999 -9999 -9999 -9999 -9999 -9999 -9999 -9999 -9999 -9999 -9999
-0.503 -9999 -9999 -9999 -9999 -9999 -9999 -9999 -9999 -9999 -9999 -9999 -0.948 -9999 -9999 -9999 -9999 -9999 -1.527 -1.612 -9999 -9999 -9999 -9999 -9999 -9999 -9999 -9999 -9999 -9999 -9999 -9999 -1.765 -1.702 -1.672 -1.654 -1.636 -1.621 -1.586 -1.511 -1.436 -1.362 -1.282 -1.211 -1.14 -1.084 -1.014 -0.942 -0.888 -0.831 -0.77 -0.707 -0.661 -0.62 -0.566 -0.519 -0.476 -0.438 -0.398 -0.356 -9999 -9999 -9999 -9999 -9999 -9999 -9999 -9999 -9999 -9999 -9999 -9999 -9999 -9999 -9999
-9999 -0.501 -0.505 -0.518 -0.514 -9999 -9999 -9999 -9999 -9999 -9999 -9999 -0.948 -9999 -9999 -9999 -9999 -9999 -9999 -9999 -9999 -9999 -9999 -9999 -9999 -9999 -9999 -9999 -9999 -9999 -9999 -1.815 -1.754 -1.694 -1.669 -1.65 -1.629 -1.615 -1.567 -1.492 -1.42 -1.344 -1.266 -1.194 -1.132 -1.076 -1.003 -0.932 -0.871 -0.812 -0.748 -0.687 -0.641 -0.604 -0.552 -0.502 -0.459 -0.423 -0.382 -0.34 -0.306 -9999 -9999 -9999 -9999 -9999 -9999 -9999 -9999 -9999 -9999 -9999 -9999 -9999 -9999
-0.514 -0.5 -0.499 -0.496 -0.491 -9999 -9999 -9999 -9999 -9999 -9999 -9999 -9999 -9999 -9999 -9999 -9999 -9999 -9999 -9999 -9999 -9999 -9999 -9999 -9999 -9999 -9999 -9999 -9999 -9999 -1.8 -1.779 -1.722 -1.686 -1.658 -1.638 -1.614 -1.591 -1.54 -1.463 -1.393 -1.326 -1.254 -1.195 -1.126 -1.048 -0.981 -0.927 -0.867 -0.816 -0.752 -0.688 -0.634 -0.591 -0.531 -0.475 -0.436 -0.404 -0.368 -0.329 -0.291 -9999 -9999 -9999 -9999 -9999 -9999 -9999 -9999 -9999 -9999 -9999 -9999 -9999 -9999
-0.518 -0.504 -0.499 -9999 -0.493 -0.504 -9999 -9999 -9999 -9999 -9999 -9999 -9999 -9999 -9999 -9999 -9999 -9999 -9999 -9999 -9999 -9999 -9999 -9999 -9999 -9999 -9999 -9999 -9999 -9999 -1.785 -1.759 -1.713 -1.674 -1.646 -1.626 -1.601 -1.579 -1.527 -1.445 -1.378 -1.313 -1.251 -1.194 -1.115 -1.036 -0.976 -0.921 -0.867 -0.817 -0.753 -0.691 -0.638 -0.591 -0.531 -0.471 -0.428 -0.393 -0.353 -0.315 -0.281 -0.251 -0.224 -9999 -9999 -9999 -9999 -9999 -9999 -9999 -9999 -9999 -9999 -9999 -9999
-0.525 -0.521 -0.518 -9999 -9999 -0.507 -9999 -9999 -9999 -9999 -9999 -9999 -9999 -9999 -9999 -9999 -9999 -9999 -9999 -9999 -9999 -9999 -9999 -9999 -9999 -9999 -9999 -9999 -9999 -9999 -1.751 -1.722 -1.678 -1.656 -1.629 -1.605 -1.579 -1.56 -1.508 -1.44 -1.375 -1.316 -1.249 -1.171 -1.097 -1.04 -0.979 -0.914 -0.862 -0.817 -0.753 -0.692 -0.635 -0.585 -0.523 -0.462 -0.425 -0.393 -0.356 -0.317 -0.278 -0.247 -0.218 -0.187 -0.164 -0.151 -9999 -9999 -9999 -9999 -9999 -9999 -9999 -9999 -9999
-0.535 -0.532 -0.533 -0.536 -9999 -0.521 -9999 -9999 -9999 -9999 -9999 -9999 -9999 -9999 -9999 -9999 -9999 -9999 -9999 -9999 -9999 -9999 -9999 -9999 -9999 -9999 -9999 -9999 -9999 -1.763 -1.745 -1.702 -1.671 -1.653 -1.622 -1.596 -1.571 -1.549 -1.504 -1.433 -1.369 -1.309 -1.228 -1.15 -1.091 -1.037 -0.971 -0.908 -0.859 -0.814 -0.753 -0.693 -0.637 -0.584 -0.523 -0.461 -0.424 -0.396 -0.359 -0.326 -0.287 -0.249 -0.214 -0.182 -0.147 -0.11 -0.108 -0.109 -9999 -9999 -9999 -9999 -9999 -9999 -9999
-0.531 -0.533 -0.532 -9999 -0.529 -9999 -9999 -9999 -9999 -9999 -9999 -9999 -9999 -9999 -9999 -9999 -9999 -9999 -9999 -9999 -9999 -9999 -9999 -9999 -9999 -9999 -9999 -9999 -9999 -9999 -1.742 -1.704 -1.672 -1.647 -1.613 -1.58 -1.55 -1.52 -1.474 -1.406 -1.333 -1.264 -1.185 -1.114 -1.055 -1.003 -0.941 -0.884 -0.832 -0.78 -0.736 -0.686 -0.642 -0.596 -0.527 -0.461 -0.428 -0.402 -0.354 -0.315 -0.284 -0.252 -0.214 -0.176 -0.143 -0.109 -0.084 -0.076 -0.062 -9999 -9999 -9999 -9999 -9999 -9999
-0.537 -0.541 -0.539 -0.538 -0.549 -9999 -9999 -9999 -9999 -9999 -9999 -9999 -9999 -9999 -9999 -9999 -9999 -9999 -9999 -9999 -9999 -9999 -9999 -9999 -9999 -9999 -9999 -9999 -9999 -9999 -9999 -1.696 -1.669 -1.646 -1.608 -1.573 -1.54 -1.508 -1.461 -1.384 -1.306 -1.237 -1.163 -1.093 -1.037 -0.985 -0.928 -0.872 -0.817 -0.765 -0.722 -0.684 -0.64 -0.602 -0.534 -0.464 -0.43 -0.408 -0.366 -0.323 -0.292 -0.265 -0.231 -0.192 -0.153 -0.117 -0.092 -0.072 -0.042 -0.035 -9999 -9999 -9999 -9999 -9999
-0.551 -0.559 -0.557 -0.552 -9999 -9999 -9999 -9999 -9999 -9999 -9999 -9999 -9999 -9999 -9999 -9999 -9999 -9999 -9999 -9999 -9999 -9999 -9999 -9999 -9999 -9999 -9999 -9999 -9999 -9999 -9999 -1.691 -1.664 -1.629 -1.601 -1.581 -1.548 -1.516 -1.454 -1.363 -1.288 -1.225 -1.153 -1.087 -1.03 -0.975 -0.922 -0.877 -0.822 -0.766 -0.721 -0.674 -0.624 -0.582 -0.527 -0.465 -0.436 -0.419 -0.384 -0.347 -0.323 -0.299 -0.258 -0.218 -0.178 -0.133 -0.086 -0.055 -0.049 -0.029 -0.024 -9999 -9999 -9999 -9999
-0.567 -0.575 -0.571 -0.572 -9999 -9999 -9999 -9999 -9999 -9999 -9999 -9999 -9999 -9999 -9999 -9999 -9999 -9999 -9999 -9999 -9999 -9999 -9999 -9999 -9999 -9999 -9999 -9999 -9999 -9999 -9999 -9999 -1.642 -1.615 -1.597 -1.581 -1.547 -1.503 -1.436 -1.349 -1.277 -1.215 -1.145 -1.08 -1.022 -0.968 -0.921 -0.877 -0.821 -0.766 -0.718 -0.672 -0.622 -0.577 -0.523 -0.473 -0.446 -0.433 -0.4 -0.367 -0.343 -0.322 -0.283 -0.241 -0.204 -0.162 -0.11 -0.061 -0.05 -0.056 -0.017 -9999 -9999 -9999 -9999
-9999 -9999 -9999 -9999 -9999 -9999 -9999 -9999 -9999 -9999 -9999 -9999 -9999 -9999 -9999 -9999 -9999 -9999 -9999 -9999 -9999 -9999 -9999 -9999 -9999 -9999 -9999 -9999 -9999 -9999 -9999 -9999 -1.625 -1.586 -1.568 -1.547 -1.507 -1.478 -1.418 -1.344 -1.268 -1.197 -1.126 -1.062 -1.004 -0.953 -0.907 -0.866 -0.809 -0.751 -0.709 -0.667 -0.617 -0.572 -0.522 -0.476 -0.449 -0.433 -0.406 -0.377 -0.351 -0.328 -0.29 -0.248 -0.222 -0.187 -0.141 -0.088 -0.048 -0.043 -0.034 -0.016 -9999 -9999 -9999
-9999 -9999 -9999 -9999 -9999 -9999 -9999 -9999 -9999 -9999 -9999 -9999 -9999 -9999 -9999 -9999 -9999 -9999 -9999 -9999 -9999 -9999 -9999 -9999 -9999 -9999 -9999 -9999 -9999 -9999 -9999 -9999 -9999 -1.57 -1.547 -1.513 -1.483 -1.456 -1.408 -1.339 -1.258 -1.186 -1.117 -1.052 -0.997 -0.946 -0.901 -0.86 -0.802 -0.745 -0.704 -0.667 -0.619 -0.577 -0.532 -0.488 -0.462 -0.443 -0.415 -0.39 -0.366 -0.342 -0.304 -0.264 -0.237 -0.21 -0.168 -0.119 -0.077 -0.053 -0.043 -0.039 -9999 -9999 -9999
-9999 -9999 -9999 -9999 -9999 -9999 -9999 -9999 -9999 -9999 -9999 -9999 -9999 -9999 -9999 -9999 -9999 -9999 -9999 -9999 -9999 -9999 -9999 -9999 -9999 -9999 -9999 -9999 -9999 -9999 -9999 -9999 -9999 -1.557 -9999 -1.487 -1.455 -1.425 -1.386 -9999 -1.247 -1.168 -1.099 -1.039 -0.982 -0.929 -0.88 -0.83 -0.779 -0.745 -0.694 -0.653 -0.619 -0.586 -0.546 -0.506 -0.473 -0.447 -0.417 -0.391 -0.377 -0.36 -0.332 -0.298 -0.254 -0.219 -0.183 -0.138 -0.099 -0.069 -0.061 -0.059 -0.062 -9999 -9999
-9999 -9999 -9999 -9999 -9999 -9999 -9999 -9999 -9999 -9999 -9999 -9999 -9999 -9999 -9999 -9999 -9999 -9999 -9999 -9999 -9999 -9999 -9999 -9999 -9999 -9999 -9999 -9999 -9999 -9999 -9999 -9999 -9999 -9999 -1.515 -1.464 -9999 -9999 -9999 -9999 -1.239 -1.161 -1.094 -1.034 -0.976 -0.922 -0.869 -0.818 -0.779 -0.746 -0.698 -0.656 -0.624 -0.6 -0.562 -0.524 -0.492 -0.463 -0.431 -0.404 -0.39 -0.379 -0.353 -0.324 -0.282 -0.236 -0.202 -0.163 -0.13 -0.105 -0.087 -0.083 -0.084 -0.088 -0.075
-9999 -9999 -9999 -9999 -9999 -9999 -9999 -9999 -9999 -9999 -9999 -9999 -9999 -9999 -9999 -9999 -9999 -9999 -9999 -9999 -9999 -9999 -9999 -9999 -9999 -9999 -9999 -9999 -9999 -9999 -9999 -9999 -9999 -9999 -1.491 -1.45 -9999 -9999 -9999 -9999 -1.236 -1.149 -1.084 -1.029 -0.979 -0.949 -0.895 -0.838 -0.796 -0.753 -0.71 -0.669 -0.628 -0.596 -0.578 -0.553 -0.516 -0.483 -0.449 -0.419 -0.397 -0.382 -0.365 -0.343 -0.31 -0.27 -0.241 -0.212 -0.17 -0.142 -0.132 -0.122 -0.107 -0.104 -0.103
-9999 -9999 -9999 -9999 -9999 -9999 -9999 -9999 -9999 -9999 -9999 -9999 -9999 -9999 -9999 -9999 -9999 -9999 -9999 -9999 -9999 -9999 -9999 -9999 -9999 -9999 -9999 -9999 -9999 -9999 -9999 -9999 -9999 -9999 -1.479 -9999 -9999 -9999 -9999 -1.291 -1.231 -1.158 -1.097 -1.041 -1.004 -0.974 -0.917 -0.864 -0.819 -0.778 -0.732 -0.687 -0.645 -0.607 -0.589 -0.576 -0.54 -0.504 -0.471 -0.439 -0.415 -0.395 -0.378 -0.363 -0.333 -0.298 -0.27 -0.248 -0.217 -0.182 -0.172 -0.164 -0.14 -0.13 -9999
-9999 -9999 -9999 -9999 -9999 -9999 -9999 -9999 -9999 -9999 -9999 -9999 -9999 -9999 -9999 -9999 -9999 -9999 -9999 -9999 -9999 -9999 -9999 -9999 -9999 -9999 -9999 -9999 -9999 -9999 -9999 -9999 -9999 -9999 -9999 -9999 -9999 -9999 -9999 -1.3 -1.246 -1.167 -1.111 -1.068 -1.027 -0.985 -0.934 -0.894 -0.853 -0.82 -0.774 -0.725 -0.689 -0.651 -0.607 -0.582 -0.559 -0.531 -0.486 -0.448 -0.425 -0.406 -0.375 -0.352 -0.347 -0.329 -0.296 -0.273 -0.255 -0.23 -0.215 -0.203 -0.18 -0.165 -9999
-9999 -9999 -9999 -9999 -9999 -9999 -9999 -9999 -9999 -9999 -9999 -9999 -9999 -9999 -9999 -9999 -9999 -9999 -9999 -9999 -9999 -9999 -9999 -9999 -9999 -9999 -9999 -9999 -9999 -9999 -9999 -9999 -9999 -9999 -9999 -9999 -9999 -9999 -9999 -1.307 -1.254 -1.186 -1.138 -1.097 -1.05 -1.008 -0.963 -0.924 -0.888 -0.856 -0.808 -0.761 -0.725 -0.694 -0.645 -0.6 -0.574 -0.553 -0.51 -0.465 -0.441 -0.422 -0.392 -0.361 -0.355 -0.353 -0.327 -0.304 -0.287 -0.268 -0.258 -0.244 -0.223 -0.196 -9999
-9999 -9999 -9999 -9999 -9999 -9999 -9999 -9999 -9999 -9999 -9999 -9999 -9999 -9999 -9999 -9999 -9999 -9999 -9999 -9999 -9999 -9999 -9999 -9999 -9999 -9999 -9999 -9999 -9999 -9999 -9999 -9999 -9999 -9999 -9999 -9999 -9999 -9999 -1.339 -1.321 -1.281 -1.236 -1.187 -1.133 -1.083 -1.037 -0.992 -0.947 -0.908 -0.866 -0.828 -0.786 -0.745 -0.71 -0.673 -0.629 -0.602 -0.578 -0.548 -0.512 -0.476 -0.447 -0.416 -0.385 -0.371 -0.369 -0.351 -0.333 -0.318 -0.301 -0.288 -0.276 -0.257 -0.238 -0.216
-9999 -9999 -9999 -9999 -9999 -9999 -9999 -9999 -9999 -9999 -9999 -9999 -9999 -9999 -9999 -9999 -9999 -9999 -9999 -9999 -9999 -9999 -9999 -9999 -9999 -9999 -9999 -9999 -9999 -9999 -9999 -9999 -9999 -9999 -9999 -9999 -9999 -9999 -1.347 -1.332 -1.305 -1.265 -1.217 -1.163 -1.113 -1.067 -1.019 -0.975 -0.931 -0.889 -0.851 -0.815 -0.774 -0.736 -0.699 -0.665 -0.636 -0.613 -0.576 -0.544 -0.508 -0.471 -0.439 -0.407 -0.395 -0.391 -0.377 -0.363 -0.349 -0.335 -0.323 -0.31 -0.293 -0.273 -0.251
-9999 -9999 -9999 -9999 -9999 -9999 -9999 -9999 -9999 -9999 -9999 -9999 -9999 -9999 -9999 -9999 -9999 -9999 -9999 -9999 -9999 -9999 -9999 -9999 -9999 -9999 -9999 -9999 -9999 -9999 -9999 -9999 -9999 -9999 -9999 -9999 -9999 -1.37 -1.352 -1.334 -1.302 -1.259 -1.225 -1.191 -1.14 -1.088 -1.041 -0.999 -0.956 -0.92 -0.878 -0.839 -0.801 -0.765 -0.735 -0.706 -0.671 -0.641 -0.61 -0.577 -0.529 -0.487 -0.461 -0.434 -0.41 -0.401 -0.398 -0.39 -0.377 -0.364 -0.355 -0.344 -0.332 -0.317 -0.288
-9999 -9999 -9999 -9999 -9999 -9999 -9999 -9999 -9999 -9999 -9999 -9999 -9999 -9999 -9999 -9999 -9999 -9999 -9999 -9999 -9999 -9999 -9999 -9999 -9999 -9999 -9999 -9999 -9999 -9999 -9999 -9999 -9999 -9999 -9999 -9999 -9999 -1.379 -1.36 -1.341 -1.304 -1.265 -1.245 -1.22 -1.167 -1.116 -1.07 -1.028 -0.989 -0.952 -0.91 -0.869 -0.831 -0.798 -0.768 -0.742 -0.71 -0.676 -0.643 -0.614 -0.564 -0.51 -0.48 -0.462 -0.441 -0.424 -0.42 -0.418 -0.406 -0.394 -0.385 -0.377 -0.368 -0.357 -0.329
-9999 -9999 -9999 -9999 -9999 -9999 -9999 -9999 -9999 -9999 -9999 -9999 -9999 -9999 -9999 -9999 -9999 -9999 -9999 -9999 -9999 -9999 -9999 -9999 -9999 -9999 -9999 -9999 -9999 -9999 -9999 -9999 -9999 -9999 -9999 -9999 -9999 -1.389 -1.365 -1.324 -1.295 -1.284 -1.262 -1.217 -1.171 -1.135 -1.089 -1.048 -1.006 -0.966 -0.929 -0.891 -0.857 -0.825 -0.79 -0.76 -0.733 -0.704 -0.657 -0.616 -0.585 -0.542 -0.503 -0.481 -0.468 -0.453 -0.445 -0.441 -0.43 -0.418 -0.408 -0.399 -0.39 -0.382 -0.371
-9999 -9999 -9999 -9999 -9999 -9999 -9999 -9999 -9999 -9999 -9999 -9999 -9999 -9999 -9999 -9999 -9999 -9999 -9999 -9999 -9999 -9999 -9999 -9999 -9999 -9999 -9999 -9999 -9999 -9999 -9999 -9999 -9999 -9999 -9999 -9999 -9999 -9999 -1.363 -1.324 -1.31 -1.3 -1.268 -1.228 -1.2 -1.164 -1.119 -1.078 -1.034 -0.992 -0.955 -0.922 -0.888 -0.859 -0.823 -0.789 -0.761 -0.735 -0.69 -0.641 -0.608 -0.582 -0.548 -0.517 -0.5 -0.488 -0.479 -0.472 -0.459 -0.448 -0.438 -9999 -0.42 -9999 -0.408
-9999 -9999 -9999 -9999 -9999 -9999 -9999 -9999 -9999 -9999 -9999 -9999 -9999 -9999 -9999 -9999 -9999 -9999 -9999 -9999 -9999 -9999 -9999 -9999 -9999 -9999 -9999 -9999 -9999 -9999 -9999 -9999 -9999 -9999 -9999 -9999 -9999 -1.389 -1.364 -1.339 -1.324 -1.308 -1.279 -1.255 -1.229 -1.193 -1.147 -1.101 -1.058 -1.023 -0.99 -0.971 -0.929 -0.895 -0.856 -0.82 -0.79 -0.763 -0.723 -0.679 -0.642 -0.612 -0.588 -0.561 -0.539 -0.527 -0.52 -0.513 -0.506 -0.497 -0.488 -0.48 -0.47 -0.461 -9999
-9999 -9999 -9999 -9999 -9999 -9999 -9999 -9999 -9999 -9999 -9999 -9999 -9999 -9999 -9999 -9999 -9999 -9999 -9999 -9999 -9999 -9999 -9999 -9999 -9999 -9999 -9999 -9999 -9999 -9999 -9999 -9999 -9999 -9999 -9999 -9999 -9999 -1.39 -1.372 -1.347 -1.334 -1.321 -1.298 -1.275 -1.251 -1.222 -1.18 -1.133 -1.093 -1.057 -1.031 -1.011 -0.969 -0.928 -0.89 -0.852 -0.822 -0.793 -0.756 -0.721 -0.688 -0.657 -0.632 -0.608 -0.585 -0.567 -0.558 -0.553 -0.547 -0.542 -0.533 -0.525 -0.513 -0.502 -0.478
-9999 -9999 -9999 -9999 -9999 -9999 -9999 -9999 -9999 -9999 -9999 -9999 -9999 -9999 -9999 -9999 -9999 -9999 -9999 -9999 -9999 -9999 -9999 -9999 -9999 -9999 -9999 -9999 -9999 -9999 -9999 -9999 -9999 -9999 -9999 -9999 -1.395 -1.359 -1.347 -1.35 -1.343 -1.339 -1.315 -1.279 -1.261 -1.245 -1.21 -1.163 -1.119 -1.072 -1.04 -1.016 -0.982 -0.946 -0.921 -0.892 -0.849 -0.815 -0.785 -0.755 -0.725 -0.695 -0.672 -0.649 -0.625 -0.602 -0.586 -0.58 -0.577 -0.574 -0.566 -0.557 -0.539 -0.523 -0.505
-9999 -9999 -9999 -9999 -9999 -9999 -9999 -9999 -9999 -9999 -9999 -9999 -9999 -9999 -9999 -9999 -9999 -9999 -9999 -9999 -9999 -9999 -9999 -9999 -9999 -9999 -9999 -9999 -9999 -9999 -9999 -9999 -9999 -9999 -9999 -9999 -1.359 -1.345 -1.346 -1.351 -1.349 -1.348 -1.32 -1.289 -1.278 -1.268 -1.235 -1.196 -1.15 -1.102 -1.069 -1.041 -1.005 -0.973 -0.946 -0.925 -0.886 -0.849 -0.821 -0.796 -0.768 -0.738 -0.716 -0.696 -0.673 -0.651 -0.625 -0.614 -0.609 -0.605 -0.596 -0.588 -0.57 -0.551 -0.532
-9999 -9999 -9999 -9999 -9999 -9999 -9999 -9999 -9999 -9999 -9999 -9999 -9999 -9999 -9999 -9999 -9999 -9999 -9999 -9999 -9999 -9999 -9999 -9999 -9999 -9999 -9999 -9999 -9999 -9999 -9999 -9999 -9999 -9999 -9999 -9999 -9999 -1.334 -1.337 -1.346 -1.342 -1.333 -1.311 -1.296 -1.284 -1.267 -1.24 -1.206 -1.171 -1.143 -1.106 -1.067 -1.025 -0.988 -0.953 -0.927 -0.912 -0.89 -0.86 -0.834 -0.8 -0.767 -0.749 -0.73 -0.704 -0.678 -0.663 -0.646 -0.631 -0.621 -0.611 -0.602 -0.585 -0.566 -0.562
