Validation/Results/raw data/ReClimate_01_2024_1_Temperature-Actuals.asc
NCOLS 192
NROWS 249
XLLCENTER -225160.85627316462
YLLCENTER 29788.11610251502
CELLSIZE 5000.0
NODATA_VALUE -9999
[rows 136 to 169 of 249, columns 77 to 153 of 192]
-9999 -9999 -9999 -9999 -9999 -9999 -9999 -9999 5.429 -9999 5.015 4.648 4.722 4.779 5.064 5.215 5.213 5.106 4.127 4.297 4.275 4.303 4.858 4.84 4.763 4.877 4.483 4.43 -9999 -9999 -9999 -9999 -9999 -9999 5.37 5.496 5.441 5.176 5.004 4.735 4.103 3.775 4.057 4.138 4.213 4.655 4.293 4.06 4.473 4.742 4.99 4.984 5.393 5.568 5.622 5.661 5.892 -9999 -9999 -9999 -9999 -9999 -9999 -9999 -9999 -9999 -9999 -9999 -9999 -9999 -9999 -9999 -9999 -9999 -9999 -9999 -9999
-9999 -9999 -9999 -9999 -9999 -9999 -9999 -9999 5.289 5.242 5.305 5.408 5.157 5.09 5.141 5.228 5.529 5.31 4.922 4.189 4.224 4.356 4.827 4.695 4.646 5.041 4.749 5.258 -9999 -9999 -9999 -9999 5.359 5.295 5.351 5.486 5.538 5.423 5.145 4.312 3.469 3.499 3.76 3.452 4.187 4.065 3.755 4.272 4.191 4.454 4.973 5.059 4.777 5.186 5.433 5.467 5.955 -9999 -9999 -9999 -9999 -9999 -9999 -9999 -9999 -9999 -9999 -9999 -9999 -9999 -9999 -9999 -9999 -9999 -9999 -9999 -9999
6.083 -9999 -9999 -9999 -9999 -9999 -9999 -9999 5.263 5.523 5.474 -9999 -9999 5.407 5.274 5.357 5.483 -9999 5.58 5.279 5.021 4.835 4.952 4.677 5.095 5.445 -9999 -9999 -9999 -9999 -9999 5.535 5.396 5.298 5.33 5.344 5.348 5.323 4.861 4.085 2.979 2.768 3.338 3.074 3.649 3.102 3.325 3.666 3.627 4.309 4.397 4.548 4.685 4.991 5.254 5.307 5.735 -9999 -9999 -9999 -9999 -9999 -9999 -9999 -9999 -9999 -9999 -9999 -9999 -9999 -9999 -9999 -9999 -9999 -9999 -9999 -9999
5.71 -9999 -9999 -9999 -9999 -9999 -9999 -9999 -9999 5.601 5.793 -9999 -9999 -9999 5.681 5.375 5.447 5.644 -9999 -9999 5.497 5.328 5.272 4.942 5.077 -9999 -9999 -9999 -9999 -9999 5.37 5.339 5.217 5.203 5.173 5.11 5.174 4.869 4.617 4.235 3.154 2.92 2.233 2.889 2.4 2.246 2.67 3.054 3.057 3.528 4.222 4.396 4.441 4.91 5.217 5.077 5.255 -9999 -9999 -9999 -9999 -9999 -9999 -9999 -9999 -9999 -9999 -9999 -9999 -9999 -9999 -9999 -9999 -9999 -9999 -9999 -9999
-9999 -9999 -9999 -9999 -9999 -9999 -9999 -9999 -9999 -9999 5.804 -9999 -9999 -9999 -9999 5.656 5.295 5.448 -9999 -9999 -9999 5.605 5.79 -9999 -9999 -9999 -9999 -9999 -9999 -9999 5.383 5.328 5.1 4.793 4.543 4.675 4.796 4.717 4.832 4.44 3.685 2.615 2.468 2.458 1.637 1.839 2.209 2.782 2.737 3.011 3.753 4.34 4.746 4.973 5.088 4.878 4.998 -9999 -9999 -9999 -9999 -9999 -9999 -9999 -9999 -9999 -9999 -9999 -9999 -9999 -9999 -9999 -9999 -9999 -9999 -9999 -9999
-9999 -9999 -9999 -9999 -9999 -9999 -9999 -9999 -9999 -9999 5.523 -9999 -9999 -9999 -9999 -9999 5.663 5.586 -9999 -9999 -9999 -9999 -9999 -9999 -9999 -9999 -9999 -9999 -9999 -9999 5.414 4.884 4.485 4.252 4.084 4.303 4.484 4.618 4.695 4.432 3.92 2.773 1.68 1.107 1.452 1.892 2.927 3.162 3.328 3.662 3.831 3.924 4.543 4.98 4.92 4.701 4.828 5.353 -9999 -9999 -9999 -9999 -9999 -9999 -9999 -9999 -9999 -9999 -9999 -9999 -9999 -9999 -9999 -9999 -9999 -9999 -9999
5.993 6.025 6.305 -9999 -9999 -9999 -9999 -9999 -9999 -9999 5.499 -9999 -9999 -9999 -9999 -9999 -9999 -9999 -9999 -9999 -9999 -9999 -9999 -9999 -9999 -9999 -9999 -9999 -9999 5.448 5.113 4.843 4.779 4.462 3.535 4.067 4.156 4.136 4.479 4.357 4.479 3.004 1.441 0.952 1.777 2.329 1.801 1.77 2.588 3.188 4.129 4.197 4.281 4.533 4.645 4.713 4.779 5.225 5.826 -9999 -9999 -9999 -9999 -9999 -9999 -9999 -9999 -9999 -9999 -9999 -9999 -9999 -9999 -9999 -9999 -9999 -9999
5.851 5.984 6.146 -9999 -9999 -9999 -9999 -9999 -9999 -9999 -9999 -9999 -9999 -9999 -9999 -9999 -9999 -9999 -9999 -9999 -9999 -9999 -9999 -9999 -9999 -9999 -9999 -9999 5.273 5.279 5.044 4.84 4.649 4.202 2.33 3.039 4.15 4.292 4.393 4.753 4.469 3.771 2.337 1.149 1.696 1.906 2.203 2.514 2.523 2.924 3.493 4.222 4.368 4.596 4.66 4.715 4.897 5.334 5.806 -9999 -9999 -9999 -9999 -9999 -9999 -9999 -9999 -9999 -9999 -9999 -9999 -9999 -9999 -9999 -9999 -9999 -9999
6.008 -9999 6.24 6.427 -9999 -9999 -9999 -9999 -9999 -9999 -9999 -9999 -9999 -9999 -9999 -9999 -9999 -9999 -9999 -9999 -9999 -9999 -9999 -9999 -9999 -9999 -9999 -9999 5.006 5.002 4.94 3.796 3.503 3.786 4.03 3.76 3.556 3.988 4.212 4.39 4.578 4.357 3.325 2.633 1.539 2.175 2.606 2.857 3.072 3.493 3.854 4.112 4.203 4.539 4.682 4.806 4.917 5.278 5.764 5.989 6.009 -9999 -9999 -9999 -9999 -9999 -9999 -9999 -9999 -9999 -9999 -9999 -9999 -9999 -9999 -9999 -9999
6.017 -9999 -9999 6.383 -9999 -9999 -9999 -9999 -9999 -9999 -9999 -9999 -9999 -9999 -9999 -9999 -9999 -9999 -9999 -9999 -9999 -9999 -9999 -9999 -9999 -9999 -9999 -9999 5.187 5.037 4.323 3.264 4.528 4.509 3.609 3.102 3.821 3.773 3.506 4.366 4.193 4.503 4.482 3.508 2.897 2.46 2.748 3.045 3.532 3.772 4.107 4.376 4.64 4.708 4.953 4.888 5.065 5.262 5.535 5.267 5.28 5.239 5.497 5.013 -9999 -9999 -9999 -9999 -9999 -9999 -9999 -9999 -9999 -9999 -9999 -9999 -9999
5.985 6.247 -9999 6.402 -9999 -9999 -9999 -9999 -9999 -9999 -9999 -9999 -9999 -9999 -9999 -9999 -9999 -9999 -9999 -9999 -9999 -9999 -9999 -9999 -9999 -9999 -9999 5.906 5.173 4.709 3.565 2.866 2.701 3.472 3.768 3.758 3.457 2.898 3.944 3.247 3.896 4.25 4.382 4.146 3.879 3.352 2.722 3.0 3.485 3.808 4.057 4.337 4.65 4.971 5.058 5.101 5.181 5.277 5.287 5.112 4.263 4.196 4.256 4.35 4.846 4.593 -9999 -9999 -9999 -9999 -9999 -9999 -9999 -9999 -9999 -9999 -9999
6.059 -9999 6.267 -9999 -9999 -9999 -9999 -9999 -9999 -9999 -9999 -9999 -9999 -9999 -9999 -9999 -9999 -9999 -9999 -9999 -9999 -9999 -9999 -9999 -9999 -9999 -9999 -9999 5.748 4.853 3.395 3.028 3.426 1.987 2.857 3.765 3.242 3.756 2.625 2.936 3.784 4.089 4.002 4.048 3.691 1.994 2.342 2.526 2.513 2.858 3.692 4.082 4.478 4.905 5.098 5.132 5.201 5.31 5.32 5.132 4.486 4.112 4.295 4.278 4.227 4.427 4.466 -9999 -9999 -9999 -9999 -9999 -9999 -9999 -9999 -9999 -9999
6.161 6.144 6.124 -9999 -9999 -9999 -9999 -9999 -9999 -9999 -9999 -9999 -9999 -9999 -9999 -9999 -9999 -9999 -9999 -9999 -9999 -9999 -9999 -9999 -9999 -9999 -9999 -9999 -9999 5.406 4.71 4.665 3.247 3.269 3.652 4.548 4.788 3.379 3.343 3.749 3.883 3.507 3.483 3.77 2.753 2.386 2.201 1.681 2.148 2.856 3.15 3.893 4.367 4.86 5.067 5.079 5.167 5.254 4.546 4.288 3.716 3.109 3.385 3.69 4.186 4.099 4.301 4.845 -9999 -9999 -9999 -9999 -9999 -9999 -9999 -9999 -9999
6.321 6.142 -9999 -9999 -9999 -9999 -9999 -9999 -9999 -9999 -9999 -9999 -9999 -9999 -9999 -9999 -9999 -9999 -9999 -9999 -9999 -9999 -9999 -9999 -9999 -9999 -9999 -9999 -9999 5.981 5.495 4.951 4.226 3.587 3.173 4.71 4.148 4.331 4.571 4.51 4.165 3.6 2.561 3.515 2.76 2.068 2.467 3.248 3.434 3.378 3.565 3.825 4.523 4.956 5.08 5.086 4.958 4.58 4.189 3.747 3.903 3.679 3.558 3.425 3.537 3.834 3.981 4.534 5.421 -9999 -9999 -9999 -9999 -9999 -9999 -9999 -9999
6.253 6.324 -9999 -9999 -9999 -9999 -9999 -9999 -9999 -9999 -9999 -9999 -9999 -9999 -9999 -9999 -9999 -9999 -9999 -9999 -9999 -9999 -9999 -9999 -9999 -9999 -9999 -9999 -9999 -9999 5.112 4.463 4.238 3.607 4.557 4.431 4.83 4.951 4.932 4.704 4.362 3.744 3.822 2.461 2.864 3.052 2.862 3.228 3.318 3.195 3.944 4.135 4.644 4.917 5.093 5.095 4.817 4.429 4.203 4.005 3.869 3.879 3.881 3.767 3.698 3.767 4.127 4.422 5.109 -9999 -9999 -9999 -9999 -9999 -9999 -9999 -9999
-9999 -9999 -9999 -9999 -9999 -9999 -9999 -9999 -9999 -9999 -9999 -9999 -9999 -9999 -9999 -9999 -9999 -9999 -9999 -9999 -9999 -9999 -9999 -9999 -9999 -9999 -9999 -9999 -9999 -9999 5.833 4.132 4.507 5.194 4.807 5.121 5.074 5.276 5.121 4.544 4.488 4.441 2.509 3.214 2.998 2.914 2.674 3.43 3.523 3.73 3.898 4.337 4.565 4.932 5.082 5.106 4.967 4.324 3.94 4.106 4.305 4.281 4.272 4.145 4.103 3.917 3.911 4.465 4.67 5.53 -9999 -9999 -9999 -9999 -9999 -9999 -9999
-9999 -9999 -9999 -9999 -9999 -9999 -9999 -9999 -9999 -9999 -9999 -9999 -9999 -9999 -9999 -9999 -9999 -9999 -9999 -9999 -9999 -9999 -9999 -9999 -9999 -9999 -9999 -9999 -9999 -9999 -9999 5.367 5.636 5.268 5.042 5.288 5.2 5.442 5.184 4.803 4.806 3.938 2.972 2.553 2.625 2.241 2.638 2.608 2.917 3.445 3.499 3.915 4.469 4.87 5.069 4.985 4.885 4.769 3.949 3.947 4.607 4.963 4.808 4.748 4.706 4.697 4.621 4.809 5.089 5.224 -9999 -9999 -9999 -9999 -9999 -9999 -9999
-9999 -9999 -9999 -9999 -9999 -9999 -9999 -9999 -9999 -9999 -9999 -9999 -9999 -9999 -9999 -9999 -9999 -9999 -9999 -9999 -9999 -9999 -9999 -9999 -9999 -9999 -9999 -9999 -9999 -9999 -9999 5.818 -9999 5.194 5.506 5.402 5.471 -9999 5.406 5.007 4.823 4.02 2.898 2.924 2.916 2.38 2.632 2.56 1.936 2.782 3.182 3.497 3.955 4.663 4.981 4.947 4.853 4.848 4.873 4.639 4.98 5.209 5.069 4.886 4.892 4.925 4.985 5.045 4.759 4.727 5.11 -9999 -9999 -9999 -9999 -9999 -9999
-9999 -9999 -9999 -9999 -9999 -9999 -9999 -9999 -9999 -9999 -9999 -9999 -9999 -9999 -9999 -9999 -9999 -9999 -9999 -9999 -9999 -9999 -9999 -9999 -9999 -9999 -9999 -9999 -9999 -9999 -9999 -9999 5.76 5.432 -9999 -9999 -9999 -9999 5.611 5.265 5.168 4.516 4.059 3.151 3.005 2.776 2.594 3.349 2.932 2.322 3.125 3.376 3.975 4.482 4.914 5.029 5.031 5.006 5.04 5.033 4.91 5.026 4.882 4.803 4.891 4.814 4.596 4.655 4.87 4.761 4.813 5.002 5.33 -9999 -9999 -9999 -9999
-9999 -9999 -9999 -9999 -9999 -9999 -9999 -9999 -9999 -9999 -9999 -9999 -9999 -9999 -9999 -9999 -9999 -9999 -9999 -9999 -9999 -9999 -9999 -9999 -9999 -9999 -9999 -9999 -9999 -9999 -9999 -9999 5.89 5.771 -9999 -9999 -9999 -9999 5.695 5.146 5.297 4.864 4.095 4.245 4.061 3.201 3.102 3.286 3.472 2.452 3.045 3.391 3.765 4.335 4.917 5.135 5.166 5.173 5.14 5.12 5.044 4.927 4.887 4.853 4.843 4.659 4.394 4.269 4.436 4.698 4.976 5.218 5.453 -9999 -9999 -9999 -9999
-9999 -9999 -9999 -9999 -9999 -9999 -9999 -9999 -9999 -9999 -9999 -9999 -9999 -9999 -9999 -9999 -9999 -9999 -9999 -9999 -9999 -9999 -9999 -9999 -9999 -9999 -9999 -9999 -9999 -9999 -9999 -9999 5.924 -9999 -9999 -9999 -9999 5.819 5.476 5.093 4.347 3.991 4.007 4.028 4.117 3.554 3.07 3.634 3.636 3.551 3.059 3.595 3.933 4.41 4.812 5.138 5.126 5.158 5.205 5.2 5.177 5.124 5.107 4.877 4.431 4.372 4.353 4.468 4.625 4.848 5.09 5.398 -9999 -9999 -9999 -9999 -9999
-9999 -9999 -9999 -9999 -9999 -9999 -9999 -9999 -9999 -9999 -9999 -9999 -9999 -9999 -9999 -9999 -9999 -9999 -9999 -9999 -9999 -9999 -9999 -9999 -9999 -9999 -9999 -9999 -9999 -9999 -9999 -9999 -9999 -9999 -9999 -9999 -9999 5.856 5.291 4.227 3.348 3.02 3.55 4.196 4.148 4.272 4.13 4.246 4.07 3.86 3.601 3.648 4.138 4.52 4.801 5.075 5.119 5.127 5.241 5.276 5.254 5.203 5.155 5.061 4.327 3.909 4.466 4.731 4.975 5.063 5.244 5.389 -9999 -9999 -9999 -9999 -9999
-9999 -9999 -9999 -9999 -9999 -9999 -9999 -9999 -9999 -9999 -9999 -9999 -9999 -9999 -9999 -9999 -9999 -9999 -9999 -9999 -9999 -9999 -9999 -9999 -9999 -9999 -9999 -9999 -9999 -9999 -9999 -9999 -9999 -9999 -9999 -9999 -9999 5.761 5.259 4.448 3.561 3.545 4.068 4.228 4.563 4.512 4.477 4.494 4.402 4.571 4.058 4.029 4.141 4.448 4.726 5.009 5.194 5.148 5.238 5.305 5.325 5.29 5.196 5.143 4.785 4.198 4.442 4.898 5.1 5.2 5.266 5.342 -9999 -9999 -9999 -9999 -9999
-9999 -9999 -9999 -9999 -9999 -9999 -9999 -9999 -9999 -9999 -9999 -9999 -9999 -9999 -9999 -9999 -9999 -9999 -9999 -9999 -9999 -9999 -9999 -9999 -9999 -9999 -9999 -9999 -9999 -9999 -9999 -9999 -9999 -9999 -9999 -9999 5.866 5.709 5.262 4.3 3.679 3.413 4.073 4.105 4.893 4.594 4.613 4.325 4.261 4.101 4.793 4.743 4.908 4.858 5.06 4.961 5.105 5.195 5.199 5.274 5.335 5.309 5.246 5.167 5.091 4.672 4.629 4.961 5.22 5.308 5.304 5.303 5.377 -9999 -9999 -9999 -9999
-9999 -9999 -9999 -9999 -9999 -9999 -9999 -9999 -9999 -9999 -9999 -9999 -9999 -9999 -9999 -9999 -9999 -9999 -9999 -9999 -9999 -9999 -9999 -9999 -9999 -9999 -9999 -9999 -9999 -9999 -9999 -9999 -9999 -9999 -9999 -9999 5.753 5.717 5.412 4.888 4.133 4.826 4.685 5.192 4.585 4.127 4.236 3.96 4.043 4.459 4.244 4.742 4.783 4.784 4.836 4.998 5.001 5.136 5.227 5.263 5.294 5.269 5.21 5.187 5.153 5.077 4.795 4.936 5.229 5.366 5.354 5.286 5.329 -9999 -9999 -9999 -9999
-9999 -9999 -9999 -9999 -9999 -9999 -9999 -9999 -9999 -9999 -9999 -9999 -9999 -9999 -9999 -9999 -9999 -9999 -9999 -9999 -9999 -9999 -9999 -9999 -9999 -9999 -9999 -9999 -9999 -9999 -9999 -9999 -9999 -9999 -9999 5.805 5.704 5.705 5.753 5.272 5.231 5.149 5.365 5.197 4.49 4.412 4.202 3.914 4.003 4.232 5.047 4.778 5.192 5.14 5.032 4.877 4.995 5.074 5.161 5.238 5.266 5.247 5.208 5.19 5.174 5.149 5.012 4.834 5.111 5.434 5.488 5.324 5.268 5.382 -9999 -9999 -9999
-9999 -9999 -9999 -9999 -9999 -9999 -9999 -9999 -9999 -9999 -9999 -9999 -9999 -9999 -9999 -9999 -9999 -9999 -9999 -9999 -9999 -9999 -9999 -9999 -9999 -9999 -9999 -9999 -9999 -9999 -9999 -9999 -9999 -9999 -9999 5.647 5.613 5.7 5.728 5.613 5.466 5.42 5.199 4.865 4.951 4.691 4.067 3.132 3.384 3.699 4.434 5.079 5.019 5.373 5.503 5.276 5.006 5.109 5.212 5.243 5.285 5.286 5.272 5.265 5.275 5.284 5.139 4.936 5.164 5.595 5.712 5.576 5.344 5.325 -9999 -9999 -9999
-9999 -9999 -9999 -9999 -9999 -9999 -9999 -9999 -9999 -9999 -9999 -9999 -9999 -9999 -9999 -9999 -9999 -9999 -9999 -9999 -9999 -9999 -9999 -9999 -9999 -9999 -9999 -9999 -9999 -9999 -9999 -9999 -9999 -9999 -9999 5.675 5.646 5.743 5.855 5.806 5.656 5.283 4.99 4.841 4.464 3.877 3.168 3.165 3.435 3.695 4.26 4.894 4.94 4.974 5.377 5.593 5.504 5.381 5.401 5.368 5.339 5.366 5.36 5.357 5.393 5.411 5.429 5.281 5.353 5.719 5.855 5.721 5.503 5.329 5.336 -9999 -9999
-9999 -9999 -9999 -9999 -9999 -9999 -9999 -9999 -9999 -9999 -9999 -9999 -9999 -9999 -9999 -9999 -9999 -9999 -9999 -9999 -9999 -9999 -9999 -9999 -9999 -9999 -9999 -9999 -9999 -9999 -9999 -9999 -9999 -9999 -9999 -9999 5.638 5.711 5.821 5.759 5.271 4.766 4.508 4.35 4.286 4.046 3.58 3.772 3.754 4.206 5.014 5.21 5.263 4.996 5.234 5.487 5.498 5.494 5.531 5.463 5.418 5.437 5.452 5.442 5.449 5.469 5.44 5.497 5.524 -9999 5.787 -9999 5.553 5.432 5.336 5.487 -9999
-9999 -9999 -9999 -9999 -9999 -9999 -9999 -9999 -9999 -9999 -9999 -9999 -9999 -9999 -9999 -9999 -9999 -9999 -9999 -9999 -9999 -9999 -9999 -9999 -9999 -9999 -9999 -9999 -9999 -9999 -9999 -9999 -9999 -9999 -9999 5.786 5.681 5.701 5.789 5.601 4.962 4.174 4.102 4.307 3.891 3.818 4.034 3.721 3.382 3.821 4.543 5.44 5.274 5.251 5.409 5.501 5.491 5.528 5.513 5.521 5.482 5.48 5.485 5.484 5.466 5.279 5.291 5.415 5.343 5.368 5.526 5.56 -9999 5.549 5.506 5.371 5.548
-9999 -9999 -9999 -9999 -9999 -9999 -9999 -9999 -9999 -9999 -9999 -9999 -9999 -9999 -9999 -9999 -9999 -9999 -9999 -9999 -9999 -9999 -9999 -9999 -9999 -9999 -9999 -9999 -9999 -9999 -9999 -9999 -9999 -9999 -9999 5.828 5.738 5.792 5.703 5.319 4.964 4.516 4.328 4.614 4.527 4.582 4.729 4.11 3.61 3.927 4.509 4.873 4.861 4.958 5.188 5.352 5.336 5.358 5.465 5.507 5.562 5.533 5.507 5.48 5.473 5.436 5.199 5.334 5.387 5.146 5.23 5.388 5.509 -9999 -9999 -9999 -9999
-9999 -9999 -9999 -9999 -9999 -9999 -9999 -9999 -9999 -9999 -9999 -9999 -9999 -9999 -9999 -9999 -9999 -9999 -9999 -9999 -9999 -9999 -9999 -9999 -9999 -9999 -9999 -9999 -9999 -9999 -9999 -9999 -9999 -9999 5.888 5.877 5.78 5.651 5.517 5.5 5.357 4.864 5.139 5.224 5.243 5.323 5.117 4.364 3.422 3.229 3.873 4.34 4.237 4.661 5.165 5.279 5.419 5.328 5.434 5.55 5.613 5.587 5.545 5.496 5.487 5.479 5.414 5.323 5.366 5.082 4.959 5.131 5.369 5.505 5.557 -9999 -9999
-9999 -9999 -9999 -9999 -9999 -9999 -9999 -9999 -9999 -9999 -9999 -9999 -9999 -9999 -9999 -9999 -9999 -9999 -9999 -9999 -9999 -9999 -9999 -9999 -9999 -9999 -9999 -9999 -9999 -9999 -9999 -9999 -9999 -9999 5.93 5.765 5.8 5.736 5.527 5.335 5.565 5.536 5.6 5.621 5.693 5.733 5.45 4.801 4.073 3.025 2.722 3.604 3.798 4.197 4.897 5.047 5.452 5.567 5.415 5.519 5.624 5.604 5.562 5.509 5.487 5.493 5.411 5.375 5.36 5.275 4.778 4.854 5.115 5.358 5.491 5.551 -9999
-9999 -9999 -9999 -9999 -9999 -9999 -9999 -9999 -9999 -9999 -9999 -9999 -9999 -9999 -9999 -9999 -9999 -9999 -9999 -9999 -9999 -9999 -9999 -9999 -9999 -9999 -9999 -9999 -9999 -9999 -9999 -9999 -9999 -9999 -9999 5.883 5.883 5.826 5.569 5.678 5.683 5.76 5.858 5.942 6.175 6.16 5.833 5.289 4.41 3.47 2.56 2.42 3.232 3.864 4.53 5.068 5.092 5.368 5.339 5.385 5.563 5.581 5.555 5.514 5.469 5.411 5.345 5.312 5.335 5.236 4.921 4.698 4.883 5.095 5.334 5.483 5.407
