Validation/Results/raw data/ReClimate_01_2024_1_Temperature-Actualsweatherlogisticsltd.asc
NCOLS 192
NROWS 249
XLLCENTER -225160.85627316462
YLLCENTER 29788.11610251502
CELLSIZE 5000.0
NODATA_VALUE -9999
[rows 136 to 169 of 249, columns 77 to 153 of 192]
-9999 -9999 -9999 -9999 -9999 -9999 -9999 -9999 6.398 -9999 5.96 5.579 5.636 5.677 5.948 6.085 6.071 5.953 4.956 5.109 5.073 5.088 5.632 5.603 5.512 5.613 5.209 5.147 -9999 -9999 -9999 -9999 -9999 -9999 6.05 6.166 6.103 5.829 5.651 5.374 4.735 4.404 4.677 4.748 4.818 5.255 4.89 4.654 5.063 5.328 5.571 5.56 5.968 6.141 6.191 6.224 6.454 -9999 -9999 -9999 -9999 -9999 -9999 -9999 -9999 -9999 -9999 -9999 -9999 -9999 -9999 -9999 -9999 -9999 -9999 -9999 -9999
-9999 -9999 -9999 -9999 -9999 -9999 -9999 -9999 6.256 6.198 6.246 6.336 6.068 5.984 6.02 6.092 6.381 6.149 5.744 4.997 5.018 5.135 5.595 5.452 5.388 5.77 5.468 5.969 -9999 -9999 -9999 -9999 6.044 5.975 6.021 6.146 6.191 6.072 5.785 4.94 4.094 4.121 4.374 4.058 4.787 4.66 4.348 4.865 4.779 5.038 5.546 5.623 5.341 5.749 5.996 6.028 6.511 -9999 -9999 -9999 -9999 -9999 -9999 -9999 -9999 -9999 -9999 -9999 -9999 -9999 -9999 -9999 -9999 -9999 -9999 -9999 -9999
7.062 -9999 -9999 -9999 -9999 -9999 -9999 -9999 6.226 6.476 6.412 -9999 -9999 6.296 6.148 6.216 6.328 -9999 6.396 6.082 5.809 5.608 5.713 5.427 5.829 6.167 -9999 -9999 -9999 -9999 -9999 6.216 6.072 5.97 5.992 5.995 5.994 5.964 5.493 4.707 3.598 3.385 3.947 3.676 4.245 3.693 3.916 4.257 4.213 4.89 4.968 5.108 5.244 5.55 5.812 5.864 6.288 -9999 -9999 -9999 -9999 -9999 -9999 -9999 -9999 -9999 -9999 -9999 -9999 -9999 -9999 -9999 -9999 -9999 -9999 -9999 -9999
6.685 -9999 -9999 -9999 -9999 -9999 -9999 -9999 -9999 6.551 6.726 -9999 -9999 -9999 6.55 6.226 6.283 6.465 -9999 -9999 6.278 6.094 6.025 5.68 5.801 -9999 -9999 -9999 -9999 -9999 6.05 6.013 5.884 5.864 5.824 5.753 5.811 5.497 5.238 4.853 3.767 3.525 2.831 3.484 2.99 2.829 3.252 3.637 3.633 4.099 4.793 4.961 5.001 5.467 5.772 5.63 5.804 -9999 -9999 -9999 -9999 -9999 -9999 -9999 -9999 -9999 -9999 -9999 -9999 -9999 -9999 -9999 -9999 -9999 -9999 -9999 -9999
-9999 -9999 -9999 -9999 -9999 -9999 -9999 -9999 -9999 -9999 6.73 -9999 -9999 -9999 -9999 6.5 6.123 6.261 -9999 -9999 -9999 6.357 6.532 -9999 -9999 -9999 -9999 -9999 -9999 -9999 6.055 5.993 5.758 5.444 5.186 5.31 5.424 5.338 5.449 5.053 4.29 3.213 3.063 3.049 2.222 2.417 2.787 3.361 3.31 3.577 4.319 4.906 5.308 5.529 5.641 5.428 5.546 -9999 -9999 -9999 -9999 -9999 -9999 -9999 -9999 -9999 -9999 -9999 -9999 -9999 -9999 -9999 -9999 -9999 -9999 -9999 -9999
-9999 -9999 -9999 -9999 -9999 -9999 -9999 -9999 -9999 -9999 6.448 -9999 -9999 -9999 -9999 -9999 6.485 6.39 -9999 -9999 -9999 -9999 -9999 -9999 -9999 -9999 -9999 -9999 -9999 -9999 6.078 5.538 5.131 4.889 4.714 4.93 5.106 5.234 5.305 5.036 4.519 3.375 2.277 1.693 2.035 2.475 3.507 3.733 3.9 4.231 4.396 4.488 5.103 5.537 5.472 5.248 5.374 5.896 -9999 -9999 -9999 -9999 -9999 -9999 -9999 -9999 -9999 -9999 -9999 -9999 -9999 -9999 -9999 -9999 -9999 -9999 -9999
6.958 7.0 7.28 -9999 -9999 -9999 -9999 -9999 -9999 -9999 6.416 -9999 -9999 -9999 -9999 -9999 -9999 -9999 -9999 -9999 -9999 -9999 -9999 -9999 -9999 -9999 -9999 -9999 -9999 6.111 5.766 5.488 5.415 5.09 4.161 4.69 4.774 4.748 5.084 4.955 5.079 3.607 2.034 1.535 2.36 2.913 2.377 2.338 3.156 3.758 4.694 4.758 4.839 5.088 5.195 5.257 5.321 5.765 6.364 -9999 -9999 -9999 -9999 -9999 -9999 -9999 -9999 -9999 -9999 -9999 -9999 -9999 -9999 -9999 -9999 -9999 -9999
6.811 6.95 7.112 -9999 -9999 -9999 -9999 -9999 -9999 -9999 -9999 -9999 -9999 -9999 -9999 -9999 -9999 -9999 -9999 -9999 -9999 -9999 -9999 -9999 -9999 -9999 -9999 -9999 5.928 5.927 5.683 5.47 5.273 4.824 2.949 3.653 4.76 4.895 4.989 5.345 5.062 4.366 2.924 1.728 2.273 2.479 2.769 3.078 3.086 3.487 4.052 4.777 4.919 5.144 5.206 5.257 5.439 5.875 6.343 -9999 -9999 -9999 -9999 -9999 -9999 -9999 -9999 -9999 -9999 -9999 -9999 -9999 -9999 -9999 -9999 -9999 -9999
6.961 -9999 7.199 7.382 -9999 -9999 -9999 -9999 -9999 -9999 -9999 -9999 -9999 -9999 -9999 -9999 -9999 -9999 -9999 -9999 -9999 -9999 -9999 -9999 -9999 -9999 -9999 -9999 5.657 5.641 5.571 4.419 4.124 4.404 4.644 4.37 4.16 4.586 4.805 4.979 5.167 4.948 3.909 3.207 2.109 2.741 3.168 3.417 3.631 4.053 4.409 4.663 4.751 5.083 5.223 5.346 5.456 5.817 6.301 6.524 6.542 -9999 -9999 -9999 -9999 -9999 -9999 -9999 -9999 -9999 -9999 -9999 -9999 -9999 -9999 -9999 -9999
6.966 -9999 -9999 7.328 -9999 -9999 -9999 -9999 -9999 -9999 -9999 -9999 -9999 -9999 -9999 -9999 -9999 -9999 -9999 -9999 -9999 -9999 -9999 -9999 -9999 -9999 -9999 -9999 5.842 5.68 4.959 3.889 5.149 5.126 4.221 3.708 4.422 4.368 4.096 4.954 4.781 5.092 5.064 4.084 3.467 3.021 3.306 3.6 4.086 4.325 4.66 4.927 5.19 5.255 5.498 5.432 5.604 5.8 6.069 5.801 5.811 5.769 6.027 5.543 -9999 -9999 -9999 -9999 -9999 -9999 -9999 -9999 -9999 -9999 -9999 -9999 -9999
6.928 7.19 -9999 7.335 -9999 -9999 -9999 -9999 -9999 -9999 -9999 -9999 -9999 -9999 -9999 -9999 -9999 -9999 -9999 -9999 -9999 -9999 -9999 -9999 -9999 -9999 -9999 6.565 5.823 5.352 4.199 3.489 3.319 4.085 4.377 4.362 4.055 3.49 4.532 3.832 4.48 4.835 4.962 4.72 4.445 3.909 3.276 3.551 4.035 4.358 4.606 4.886 5.198 5.517 5.602 5.644 5.72 5.814 5.821 5.644 4.793 4.722 4.784 4.878 5.373 5.129 -9999 -9999 -9999 -9999 -9999 -9999 -9999 -9999 -9999 -9999 -9999
6.993 -9999 7.193 -9999 -9999 -9999 -9999 -9999 -9999 -9999 -9999 -9999 -9999 -9999 -9999 -9999 -9999 -9999 -9999 -9999 -9999 -9999 -9999 -9999 -9999 -9999 -9999 -9999 6.393 5.491 4.024 3.646 4.041 2.603 3.468 4.367 3.838 4.345 3.209 3.516 4.361 4.661 4.568 4.608 4.246 2.548 2.893 3.072 3.059 3.405 4.239 4.629 5.023 5.45 5.642 5.675 5.739 5.845 5.849 5.656 5.011 4.637 4.821 4.806 4.755 4.954 5.0 -9999 -9999 -9999 -9999 -9999 -9999 -9999 -9999 -9999 -9999
7.081 7.061 7.033 -9999 -9999 -9999 -9999 -9999 -9999 -9999 -9999 -9999 -9999 -9999 -9999 -9999 -9999 -9999 -9999 -9999 -9999 -9999 -9999 -9999 -9999 -9999 -9999 -9999 -9999 6.038 5.333 5.279 3.861 3.884 4.259 5.147 5.381 3.964 3.922 4.324 4.452 4.071 4.041 4.323 3.305 2.938 2.748 2.224 2.69 3.4 3.694 4.437 4.91 5.402 5.608 5.621 5.705 5.79 5.076 4.812 4.24 3.635 3.912 4.22 4.715 4.628 4.829 5.376 -9999 -9999 -9999 -9999 -9999 -9999 -9999 -9999 -9999
7.227 7.042 -9999 -9999 -9999 -9999 -9999 -9999 -9999 -9999 -9999 -9999 -9999 -9999 -9999 -9999 -9999 -9999 -9999 -9999 -9999 -9999 -9999 -9999 -9999 -9999 -9999 -9999 -9999 6.606 6.114 5.563 4.837 4.195 3.773 5.297 4.731 4.915 5.152 5.091 4.737 4.156 3.111 4.061 3.304 2.609 3.006 3.792 3.977 3.919 4.104 4.364 5.064 5.497 5.621 5.628 5.496 5.114 4.721 4.275 4.432 4.21 4.089 3.957 4.068 4.365 4.503 5.059 5.951 -9999 -9999 -9999 -9999 -9999 -9999 -9999 -9999
7.143 7.205 -9999 -9999 -9999 -9999 -9999 -9999 -9999 -9999 -9999 -9999 -9999 -9999 -9999 -9999 -9999 -9999 -9999 -9999 -9999 -9999 -9999 -9999 -9999 -9999 -9999 -9999 -9999 -9999 5.724 5.07 4.843 4.209 5.149 5.01 5.409 5.532 5.512 5.285 4.927 4.294 4.367 3.002 3.401 3.587 3.4 3.772 3.859 3.732 4.48 4.671 5.181 5.458 5.635 5.638 5.357 4.964 4.736 4.537 4.402 4.414 4.415 4.302 4.232 4.299 4.652 4.938 5.633 -9999 -9999 -9999 -9999 -9999 -9999 -9999 -9999
-9999 -9999 -9999 -9999 -9999 -9999 -9999 -9999 -9999 -9999 -9999 -9999 -9999 -9999 -9999 -9999 -9999 -9999 -9999 -9999 -9999 -9999 -9999 -9999 -9999 -9999 -9999 -9999 -9999 -9999 6.437 4.729 5.102 5.784 5.391 5.706 5.659 5.86 5.699 5.108 5.041 4.987 3.051 3.753 3.534 3.447 3.208 3.96 4.057 4.265 4.433 4.874 5.102 5.473 5.622 5.647 5.508 4.863 4.478 4.642 4.842 4.82 4.81 4.682 4.642 4.456 4.448 4.997 5.2 6.06 -9999 -9999 -9999 -9999 -9999 -9999 -9999
-9999 -9999 -9999 -9999 -9999 -9999 -9999 -9999 -9999 -9999 -9999 -9999 -9999 -9999 -9999 -9999 -9999 -9999 -9999 -9999 -9999 -9999 -9999 -9999 -9999 -9999 -9999 -9999 -9999 -9999 -9999 5.958 6.223 5.849 5.623 5.871 5.782 6.024 5.753 5.359 5.355 4.48 3.511 3.089 3.158 2.772 3.165 3.131 3.444 3.978 4.034 4.452 5.008 5.412 5.611 5.527 5.427 5.311 4.489 4.485 5.147 5.505 5.349 5.288 5.247 5.239 5.163 5.35 5.628 5.761 -9999 -9999 -9999 -9999 -9999 -9999 -9999
-9999 -9999 -9999 -9999 -9999 -9999 -9999 -9999 -9999 -9999 -9999 -9999 -9999 -9999 -9999 -9999 -9999 -9999 -9999 -9999 -9999 -9999 -9999 -9999 -9999 -9999 -9999 -9999 -9999 -9999 -9999 6.401 -9999 5.769 6.082 5.979 6.047 -9999 5.969 5.563 5.373 4.561 3.435 3.454 3.445 2.91 3.158 3.082 2.455 3.304 3.711 4.032 4.493 5.204 5.525 5.493 5.396 5.389 5.415 5.181 5.521 5.751 5.61 5.427 5.436 5.472 5.529 5.588 5.299 5.265 5.647 -9999 -9999 -9999 -9999 -9999 -9999
-9999 -9999 -9999 -9999 -9999 -9999 -9999 -9999 -9999 -9999 -9999 -9999 -9999 -9999 -9999 -9999 -9999 -9999 -9999 -9999 -9999 -9999 -9999 -9999 -9999 -9999 -9999 -9999 -9999 -9999 -9999 -9999 6.334 6.002 -9999 -9999 -9999 -9999 6.171 5.82 5.714 5.054 4.591 3.678 3.532 3.304 3.118 3.869 3.452 2.843 3.652 3.911 4.513 5.024 5.459 5.579 5.577 5.55 5.584 5.577 5.455 5.571 5.426 5.347 5.437 5.365 5.145 5.201 5.413 5.301 5.354 5.543 5.872 -9999 -9999 -9999 -9999
-9999 -9999 -9999 -9999 -9999 -9999 -9999 -9999 -9999 -9999 -9999 -9999 -9999 -9999 -9999 -9999 -9999 -9999 -9999 -9999 -9999 -9999 -9999 -9999 -9999 -9999 -9999 -9999 -9999 -9999 -9999 -9999 6.458 6.332 -9999 -9999 -9999 -9999 6.248 5.691 5.836 5.398 4.624 4.771 4.586 3.726 3.623 3.806 3.997 2.98 3.573 3.922 4.302 4.877 5.462 5.683 5.715 5.72 5.684 5.662 5.588 5.471 5.432 5.397 5.385 5.202 4.936 4.809 4.977 5.238 5.52 5.765 6.002 -9999 -9999 -9999 -9999
-9999 -9999 -9999 -9999 -9999 -9999 -9999 -9999 -9999 -9999 -9999 -9999 -9999 -9999 -9999 -9999 -9999 -9999 -9999 -9999 -9999 -9999 -9999 -9999 -9999 -9999 -9999 -9999 -9999 -9999 -9999 -9999 6.492 -9999 -9999 -9999 -9999 6.37 6.022 5.634 4.884 4.524 4.536 4.555 4.643 4.08 3.594 4.159 4.165 4.085 3.592 4.128 4.471 4.955 5.359 5.689 5.676 5.708 5.753 5.744 5.723 5.671 5.654 5.425 4.976 4.916 4.896 5.011 5.168 5.392 5.637 5.949 -9999 -9999 -9999 -9999 -9999
-9999 -9999 -9999 -9999 -9999 -9999 -9999 -9999 -9999 -9999 -9999 -9999 -9999 -9999 -9999 -9999 -9999 -9999 -9999 -9999 -9999 -9999 -9999 -9999 -9999 -9999 -9999 -9999 -9999 -9999 -9999 -9999 -9999 -9999 -9999 -9999 -9999 6.403 5.835 4.768 3.883 3.549 4.077 4.724 4.678 4.809 4.667 4.782 4.609 4.399 4.139 4.184 4.677 5.064 5.348 5.624 5.671 5.68 5.79 5.822 5.803 5.754 5.706 5.612 4.88 4.462 5.02 5.286 5.528 5.615 5.796 5.945 -9999 -9999 -9999 -9999 -9999
-9999 -9999 -9999 -9999 -9999 -9999 -9999 -9999 -9999 -9999 -9999 -9999 -9999 -9999 -9999 -9999 -9999 -9999 -9999 -9999 -9999 -9999 -9999 -9999 -9999 -9999 -9999 -9999 -9999 -9999 -9999 -9999 -9999 -9999 -9999 -9999 -9999 6.307 5.803 4.99 4.097 4.076 4.599 4.76 5.101 5.058 5.022 5.038 4.946 5.116 4.601 4.57 4.684 4.995 5.275 5.56 5.747 5.705 5.791 5.854 5.876 5.846 5.751 5.698 5.342 4.758 5.003 5.461 5.661 5.759 5.825 5.903 -9999 -9999 -9999 -9999 -9999
-9999 -9999 -9999 -9999 -9999 -9999 -9999 -9999 -9999 -9999 -9999 -9999 -9999 -9999 -9999 -9999 -9999 -9999 -9999 -9999 -9999 -9999 -9999 -9999 -9999 -9999 -9999 -9999 -9999 -9999 -9999 -9999 -9999 -9999 -9999 -9999 6.418 6.251 5.802 4.838 4.213 3.947 4.608 4.641 5.432 5.129 5.15 4.871 4.808 4.65 5.342 5.291 5.456 5.408 5.613 5.517 5.657 5.747 5.752 5.825 5.89 5.869 5.802 5.722 5.651 5.236 5.193 5.526 5.786 5.874 5.867 5.868 5.949 -9999 -9999 -9999 -9999
-9999 -9999 -9999 -9999 -9999 -9999 -9999 -9999 -9999 -9999 -9999 -9999 -9999 -9999 -9999 -9999 -9999 -9999 -9999 -9999 -9999 -9999 -9999 -9999 -9999 -9999 -9999 -9999 -9999 -9999 -9999 -9999 -9999 -9999 -9999 -9999 6.305 6.26 5.952 5.426 4.671 5.366 5.225 5.734 5.123 4.661 4.778 4.511 4.595 5.013 4.797 5.296 5.337 5.339 5.393 5.559 5.558 5.69 5.781 5.817 5.852 5.833 5.77 5.745 5.716 5.646 5.365 5.505 5.799 5.939 5.924 5.852 5.904 -9999 -9999 -9999 -9999
-9999 -9999 -9999 -9999 -9999 -9999 -9999 -9999 -9999 -9999 -9999 -9999 -9999 -9999 -9999 -9999 -9999 -9999 -9999 -9999 -9999 -9999 -9999 -9999 -9999 -9999 -9999 -9999 -9999 -9999 -9999 -9999 -9999 -9999 -9999 6.365 6.257 6.252 6.298 5.815 5.774 5.69 5.907 5.743 5.034 4.962 4.752 4.454 4.55 4.785 5.6 5.331 5.747 5.697 5.593 5.442 5.557 5.632 5.722 5.802 5.829 5.813 5.774 5.753 5.739 5.717 5.583 5.406 5.684 6.009 6.066 5.902 5.844 5.965 -9999 -9999 -9999
-9999 -9999 -9999 -9999 -9999 -9999 -9999 -9999 -9999 -9999 -9999 -9999 -9999 -9999 -9999 -9999 -9999 -9999 -9999 -9999 -9999 -9999 -9999 -9999 -9999 -9999 -9999 -9999 -9999 -9999 -9999 -9999 -9999 -9999 -9999 6.209 6.169 6.251 6.278 6.162 6.013 5.965 5.746 5.415 5.505 5.251 4.618 3.671 3.93 4.254 4.99 5.636 5.577 5.934 6.068 5.846 5.574 5.672 5.778 5.813 5.854 5.854 5.84 5.833 5.845 5.856 5.714 5.513 5.742 6.175 6.295 6.162 5.929 5.909 -9999 -9999 -9999
-9999 -9999 -9999 -9999 -9999 -9999 -9999 -9999 -9999 -9999 -9999 -9999 -9999 -9999 -9999 -9999 -9999 -9999 -9999 -9999 -9999 -9999 -9999 -9999 -9999 -9999 -9999 -9999 -9999 -9999 -9999 -9999 -9999 -9999 -9999 6.236 6.201 6.293 6.405 6.357 6.205 5.831 5.541 5.394 5.019 4.43 3.715 3.709 3.985 4.252 4.817 5.452 5.501 5.539 5.941 6.159 6.07 5.944 5.967 5.936 5.907 5.933 5.932 5.931 5.97 5.991 6.011 5.865 5.935 6.3 6.44 6.308 6.093 5.918 5.923 -9999 -9999
-9999 -9999 -9999 -9999 -9999 -9999 -9999 -9999 -9999 -9999 -9999 -9999 -9999 -9999 -9999 -9999 -9999 -9999 -9999 -9999 -9999 -9999 -9999 -9999 -9999 -9999 -9999 -9999 -9999 -9999 -9999 -9999 -9999 -9999 -9999 -9999 6.196 6.264 6.374 6.314 5.824 5.319 5.064 4.908 4.842 4.601 4.133 4.322 4.309 4.767 5.575 5.771 5.827 5.565 5.802 6.055 6.066 6.061 6.1 6.035 5.989 6.007 6.026 6.02 6.032 6.056 6.029 6.088 6.113 -9999 6.376 -9999 6.147 6.028 5.931 6.085 -9999
-9999 -9999 -9999 -9999 -9999 -9999 -9999 -9999 -9999 -9999 -9999 -9999 -9999 -9999 -9999 -9999 -9999 -9999 -9999 -9999 -9999 -9999 -9999 -9999 -9999 -9999 -9999 -9999 -9999 -9999 -9999 -9999 -9999 -9999 -9999 6.351 6.243 6.264 6.35 6.158 5.519 4.733 4.664 4.869 4.45 4.371 4.586 4.273 3.938 4.381 5.103 6.0 5.838 5.819 5.98 6.074 6.065 6.103 6.087 6.096 6.059 6.057 6.066 6.071 6.055 5.871 5.878 6.0 5.931 5.955 6.116 6.153 -9999 6.153 6.109 5.973 6.158
-9999 -9999 -9999 -9999 -9999 -9999 -9999 -9999 -9999 -9999 -9999 -9999 -9999 -9999 -9999 -9999 -9999 -9999 -9999 -9999 -9999 -9999 -9999 -9999 -9999 -9999 -9999 -9999 -9999 -9999 -9999 -9999 -9999 -9999 -9999 6.398 6.307 6.361 6.268 5.88 5.527 5.081 4.894 5.181 5.089 5.137 5.285 4.666 4.169 4.491 5.072 5.435 5.427 5.53 5.762 5.929 5.914 5.938 6.046 6.087 6.144 6.116 6.095 6.075 6.069 6.033 5.792 5.922 5.977 5.738 5.825 5.986 6.113 -9999 -9999 -9999 -9999
-9999 -9999 -9999 -9999 -9999 -9999 -9999 -9999 -9999 -9999 -9999 -9999 -9999 -9999 -9999 -9999 -9999 -9999 -9999 -9999 -9999 -9999 -9999 -9999 -9999 -9999 -9999 -9999 -9999 -9999 -9999 -9999 -9999 -9999 6.465 6.449 6.35 6.218 6.08 6.062 5.922 5.437 5.713 5.796 5.812 5.89 5.683 4.929 3.987 3.797 4.44 4.906 4.805 5.234 5.742 5.86 6.0 5.909 6.017 6.134 6.198 6.175 6.135 6.09 6.083 6.078 6.011 5.915 5.963 5.684 5.561 5.735 5.979 6.124 6.18 -9999 -9999
-9999 -9999 -9999 -9999 -9999 -9999 -9999 -9999 -9999 -9999 -9999 -9999 -9999 -9999 -9999 -9999 -9999 -9999 -9999 -9999 -9999 -9999 -9999 -9999 -9999 -9999 -9999 -9999 -9999 -9999 -9999 -9999 -9999 -9999 6.51 6.342 6.375 6.307 6.096 5.901 6.137 6.115 6.178 6.199 6.269 6.307 6.023 5.373 4.645 3.598 3.293 4.174 4.37 4.773 5.477 5.632 6.037 6.152 6.001 6.108 6.214 6.197 6.157 6.108 6.087 6.096 6.013 5.974 5.964 5.884 5.388 5.466 5.733 5.984 6.122 6.187 -9999
-9999 -9999 -9999 -9999 -9999 -9999 -9999 -9999 -9999 -9999 -9999 -9999 -9999 -9999 -9999 -9999 -9999 -9999 -9999 -9999 -9999 -9999 -9999 -9999 -9999 -9999 -9999 -9999 -9999 -9999 -9999 -9999 -9999 -9999 -9999 6.461 6.458 6.397 6.138 6.251 6.261 6.343 6.441 6.528 6.761 6.747 6.417 5.864 4.984 4.044 3.135 2.995 3.804 4.437 5.11 5.655 5.678 5.954 5.927 5.975 6.156 6.177 6.153 6.114 6.073 6.018 5.954 5.922 5.945 5.849 5.539 5.319 5.505 5.723 5.967 6.12 6.047
