Validation/Results/raw data/ReClimate_05_2024_2_Precipitation-Actualsweatherlogisticsltd.asc
NCOLS 192
NROWS 249
XLLCENTER -225160.85627316462
YLLCENTER 29788.11610251502
CELLSIZE 5000.0
NODATA_VALUE -9999
[rows 66 to 98 of 249, columns 74 to 147 of 192]
-9999 -9999 -9999 -9999 -9999 -9999 -9999 -9999 -9999 -9999 -9999 122.538 -9999 146.005 191.589 203.182 190.211 214.102 174.944 154.725 127.01 117.384 95.099 99.599 110.544 106.119 107.432 111.379 110.167 115.408 98.261 86.065 -9999 -9999 -9999 -9999 -9999 -9999 -9999 -9999 -9999 -9999 -9999 -9999 -9999 -9999 -9999 -9999 -9999 -9999 -9999 -9999 -9999 -9999 -9999 -9999 -9999 -9999 -9999 -9999 -9999 -9999 -9999 -9999 -9999 -9999 -9999 -9999 -9999 -9999 -9999 -9999 -9999 -9999
-9999 -9999 -9999 -9999 -9999 -9999 -9999 -9999 -9999 -9999 -9999 -9999 128.315 188.336 192.654 182.656 179.362 174.503 166.746 154.569 134.514 114.847 105.417 96.917 101.046 99.327 106.744 111.056 112.398 97.99 -9999 -9999 -9999 -9999 -9999 -9999 -9999 -9999 -9999 -9999 -9999 -9999 -9999 -9999 -9999 -9999 -9999 -9999 -9999 -9999 -9999 -9999 -9999 -9999 -9999 -9999 -9999 -9999 -9999 -9999 -9999 -9999 -9999 -9999 -9999 -9999 -9999 -9999 -9999 -9999 -9999 -9999 -9999 -9999
-9999 -9999 -9999 -9999 -9999 -9999 -9999 -9999 -9999 -9999 -9999 -9999 154.521 180.982 169.903 152.289 162.369 164.732 143.502 134.14 119.526 105.054 105.143 99.053 107.633 108.825 103.818 109.924 98.269 80.943 -9999 -9999 -9999 -9999 -9999 -9999 -9999 -9999 -9999 -9999 -9999 -9999 -9999 -9999 -9999 -9999 -9999 -9999 -9999 -9999 -9999 -9999 -9999 -9999 -9999 -9999 -9999 -9999 -9999 -9999 -9999 -9999 -9999 -9999 -9999 -9999 -9999 -9999 -9999 -9999 -9999 -9999 -9999 -9999
-9999 -9999 -9999 -9999 -9999 -9999 -9999 -9999 -9999 -9999 -9999 -9999 -9999 -9999 146.755 158.529 162.097 139.902 132.83 137.081 128.397 114.038 97.946 99.983 116.721 112.465 106.182 87.09 -9999 -9999 -9999 -9999 -9999 -9999 -9999 -9999 -9999 -9999 -9999 -9999 -9999 -9999 -9999 -9999 -9999 -9999 -9999 -9999 -9999 -9999 -9999 -9999 -9999 -9999 -9999 -9999 -9999 -9999 -9999 -9999 -9999 -9999 -9999 -9999 -9999 -9999 -9999 -9999 -9999 -9999 -9999 -9999 -9999 -9999
-9999 -9999 -9999 -9999 -9999 -9999 -9999 -9999 114.882 -9999 -9999 136.14 150.407 145.672 140.576 169.081 155.877 146.224 145.865 144.265 123.123 105.263 86.768 103.145 111.283 121.759 103.088 91.73 -9999 -9999 -9999 -9999 -9999 -9999 -9999 -9999 -9999 -9999 -9999 -9999 -9999 -9999 -9999 -9999 -9999 -9999 -9999 -9999 -9999 -9999 -9999 -9999 -9999 -9999 -9999 -9999 -9999 -9999 -9999 -9999 -9999 -9999 -9999 -9999 -9999 -9999 -9999 -9999 -9999 -9999 -9999 -9999 -9999 -9999
-9999 -9999 -9999 -9999 -9999 -9999 113.246 113.099 121.736 123.707 143.459 151.101 167.656 168.607 166.13 137.714 164.525 163.872 149.951 132.412 111.54 113.457 123.714 99.255 105.554 97.525 93.593 94.12 -9999 -9999 -9999 -9999 -9999 -9999 -9999 -9999 -9999 -9999 -9999 -9999 -9999 -9999 -9999 -9999 -9999 -9999 -9999 -9999 -9999 -9999 -9999 -9999 -9999 -9999 -9999 -9999 -9999 -9999 -9999 -9999 -9999 -9999 -9999 -9999 -9999 -9999 -9999 -9999 -9999 -9999 -9999 -9999 -9999 -9999
-9999 -9999 -9999 -9999 -9999 -9999 114.5 128.2 -9999 145.457 164.91 175.991 173.209 192.359 142.284 156.5 174.679 176.763 166.724 133.742 133.319 143.484 116.188 111.959 116.956 97.773 99.285 -9999 89.633 -9999 -9999 -9999 -9999 -9999 -9999 -9999 -9999 -9999 -9999 -9999 -9999 -9999 -9999 -9999 -9999 -9999 -9999 -9999 -9999 -9999 -9999 -9999 -9999 -9999 -9999 -9999 -9999 -9999 -9999 -9999 -9999 -9999 -9999 -9999 -9999 -9999 -9999 -9999 -9999 -9999 -9999 -9999 -9999 -9999
-9999 -9999 -9999 -9999 -9999 -9999 -9999 148.498 156.4 162.371 183.858 176.484 199.922 162.648 151.992 151.787 154.657 160.204 151.021 128.769 131.133 126.576 101.322 110.646 107.477 99.513 93.55 84.017 86.884 -9999 -9999 -9999 -9999 -9999 -9999 -9999 -9999 -9999 -9999 -9999 -9999 -9999 -9999 -9999 -9999 -9999 -9999 -9999 -9999 -9999 -9999 -9999 -9999 -9999 -9999 -9999 -9999 -9999 -9999 -9999 -9999 -9999 -9999 -9999 -9999 -9999 -9999 -9999 -9999 -9999 -9999 -9999 -9999 -9999
124.058 -9999 -9999 -9999 -9999 -9999 -9999 -9999 161.761 171.917 178.516 222.512 201.505 187.451 168.795 178.194 184.664 152.914 118.262 118.198 139.226 124.295 104.577 107.562 96.077 96.384 84.514 86.871 97.082 -9999 -9999 -9999 -9999 -9999 -9999 -9999 -9999 -9999 -9999 -9999 -9999 -9999 -9999 -9999 -9999 -9999 -9999 -9999 -9999 -9999 -9999 -9999 -9999 -9999 -9999 -9999 -9999 -9999 -9999 -9999 -9999 -9999 -9999 -9999 -9999 -9999 -9999 -9999 -9999 -9999 -9999 -9999 -9999 -9999
140.253 -9999 -9999 -9999 -9999 -9999 153.416 164.777 188.263 187.754 187.658 181.203 208.566 193.768 188.307 185.318 157.234 132.206 131.241 117.524 133.586 151.699 113.045 92.155 84.877 89.217 -9999 92.997 -9999 -9999 -9999 -9999 -9999 -9999 101.508 97.263 99.937 -9999 -9999 -9999 -9999 -9999 -9999 -9999 -9999 -9999 -9999 -9999 -9999 -9999 -9999 -9999 -9999 -9999 -9999 -9999 -9999 -9999 -9999 -9999 -9999 -9999 -9999 -9999 -9999 -9999 -9999 -9999 -9999 -9999 -9999 -9999 -9999 -9999
146.397 125.556 -9999 -9999 -9999 -9999 -9999 182.645 202.746 204.451 183.8 194.79 174.978 186.286 178.778 172.909 139.477 127.441 107.206 124.714 155.446 127.534 99.179 87.898 98.525 101.6 93.252 -9999 -9999 -9999 -9999 88.558 89.188 95.843 103.52 101.872 101.815 111.767 114.268 110.796 114.51 115.354 105.928 97.29 93.967 102.425 114.918 115.241 104.596 94.207 90.718 93.262 95.652 -9999 -9999 -9999 -9999 -9999 -9999 -9999 -9999 -9999 -9999 -9999 -9999 -9999 -9999 -9999 -9999 -9999 -9999 -9999 -9999 -9999
185.058 180.327 -9999 -9999 -9999 158.385 -9999 169.361 174.641 205.369 243.965 215.111 183.142 162.341 171.771 153.415 147.453 131.632 130.372 116.049 105.338 102.446 94.699 96.955 110.475 101.619 -9999 -9999 -9999 -9999 101.373 96.061 99.097 112.325 122.561 109.353 111.215 131.524 135.896 126.507 127.931 125.366 121.18 109.279 109.044 111.455 113.037 112.199 105.281 97.38 101.581 106.82 96.688 -9999 -9999 -9999 -9999 -9999 -9999 -9999 -9999 -9999 -9999 -9999 -9999 -9999 -9999 -9999 -9999 -9999 -9999 -9999 -9999 -9999
197.229 185.872 -9999 -9999 -9999 165.762 167.985 149.256 181.099 248.871 249.185 242.395 191.205 184.331 166.258 154.021 135.593 129.294 136.289 118.545 116.82 96.638 90.294 103.975 95.154 -9999 -9999 98.24 99.691 103.0 108.872 113.515 119.824 137.498 137.906 135.945 136.746 138.182 126.259 126.679 123.42 117.796 116.868 122.931 114.322 112.772 112.596 112.641 100.872 102.884 111.529 104.045 98.716 97.396 -9999 -9999 -9999 -9999 -9999 -9999 -9999 -9999 -9999 -9999 -9999 -9999 -9999 -9999 -9999 -9999 -9999 -9999 -9999 -9999
179.31 172.175 -9999 158.216 -9999 157.182 161.446 200.991 242.06 223.007 257.555 236.817 220.538 204.037 184.719 172.621 147.952 140.938 131.346 132.818 113.001 96.5 82.151 83.183 88.049 -9999 111.051 116.918 117.471 117.464 121.342 128.008 137.178 143.071 140.913 145.444 138.535 131.963 134.579 135.328 126.567 118.463 117.545 114.983 121.132 115.83 116.368 112.224 105.503 103.935 104.606 103.139 98.384 99.607 -9999 -9999 -9999 -9999 -9999 -9999 -9999 -9999 -9999 -9999 -9999 -9999 -9999 -9999 -9999 -9999 -9999 -9999 -9999 -9999
173.702 -9999 159.463 -9999 -9999 -9999 217.571 295.138 235.933 224.021 198.437 210.159 208.397 194.078 184.095 166.625 175.46 160.998 145.098 121.056 104.275 89.059 90.004 113.439 103.639 110.177 129.734 141.456 145.375 133.776 132.807 138.49 146.75 149.396 144.19 123.106 123.927 125.983 126.85 134.605 124.587 117.23 112.191 116.499 119.887 115.794 105.155 114.802 111.016 112.928 112.282 109.654 105.162 103.786 -9999 -9999 -9999 -9999 -9999 -9999 -9999 -9999 -9999 -9999 -9999 -9999 -9999 -9999 -9999 -9999 -9999 -9999 -9999 -9999
191.217 167.245 -9999 -9999 -9999 -9999 234.859 226.984 200.172 -9999 195.331 212.903 214.428 184.403 161.425 153.831 139.584 128.589 133.85 127.318 124.877 116.049 127.547 136.573 114.492 127.605 134.058 151.321 164.163 149.901 128.793 131.682 147.409 153.785 128.282 120.568 143.602 135.005 139.572 138.508 131.082 127.651 117.05 129.918 134.624 111.009 111.828 113.127 115.993 111.744 115.94 118.451 108.13 104.883 -9999 -9999 -9999 -9999 -9999 -9999 -9999 -9999 -9999 -9999 -9999 -9999 -9999 -9999 -9999 -9999 -9999 -9999 -9999 -9999
238.024 215.947 -9999 -9999 -9999 186.863 -9999 -9999 173.103 178.017 207.446 238.891 233.2 205.225 192.667 156.991 130.598 121.881 112.387 114.349 119.79 121.726 135.582 120.378 140.0 122.035 149.886 145.364 148.109 153.349 132.479 130.437 137.244 130.199 124.719 146.14 149.511 147.943 136.371 133.083 140.903 129.728 128.591 140.538 124.232 113.847 116.902 122.86 112.074 108.257 111.018 116.76 108.614 -9999 -9999 -9999 -9999 -9999 -9999 -9999 -9999 -9999 -9999 -9999 -9999 -9999 -9999 -9999 -9999 -9999 -9999 -9999 -9999 -9999
281.227 265.106 217.069 184.982 -9999 -9999 -9999 201.614 169.798 -9999 208.1 210.065 210.84 215.718 201.451 186.949 152.278 117.543 116.836 122.331 123.73 117.7 102.858 140.382 133.678 148.731 140.404 130.498 142.171 143.283 119.395 119.666 120.682 129.073 155.761 144.266 152.734 159.745 132.177 131.751 126.033 119.551 122.976 120.356 116.714 114.431 120.901 117.288 116.85 107.027 106.414 110.007 -9999 -9999 -9999 -9999 -9999 -9999 -9999 -9999 -9999 -9999 -9999 -9999 -9999 -9999 -9999 -9999 -9999 -9999 -9999 -9999 -9999 -9999
297.506 278.403 226.696 200.557 -9999 194.069 201.92 206.969 205.538 232.616 224.666 216.941 233.832 238.634 200.245 151.514 148.014 139.656 148.065 144.019 135.135 118.072 117.323 139.54 167.353 159.779 129.967 124.791 133.153 107.732 107.675 122.628 135.538 151.084 130.741 133.958 153.499 154.354 153.736 143.33 143.869 118.583 127.139 127.727 134.027 145.006 120.562 117.079 120.821 115.11 106.231 107.661 -9999 -9999 -9999 -9999 -9999 -9999 -9999 -9999 -9999 -9999 -9999 -9999 -9999 -9999 -9999 -9999 -9999 -9999 -9999 -9999 -9999 -9999
273.117 256.894 222.334 207.854 215.237 206.879 229.704 -9999 218.811 241.115 266.18 277.188 255.822 229.185 182.015 194.048 166.44 156.165 140.923 128.576 132.533 117.29 128.108 166.969 179.368 143.559 127.625 139.486 116.405 121.057 108.553 120.757 134.231 135.671 138.229 142.777 160.651 169.039 144.092 134.604 129.805 119.58 121.114 119.004 127.002 119.7 112.419 117.486 118.916 113.671 109.738 -9999 -9999 -9999 -9999 -9999 -9999 -9999 -9999 -9999 -9999 -9999 -9999 -9999 -9999 -9999 -9999 -9999 -9999 -9999 -9999 -9999 -9999 -9999
269.364 -9999 -9999 -9999 204.007 226.94 -9999 230.318 254.951 295.382 300.81 258.633 250.217 227.786 228.668 196.986 146.54 130.146 142.797 158.834 128.885 137.096 160.904 183.859 177.596 161.497 164.295 132.636 141.353 121.875 119.757 151.238 144.352 158.809 151.011 155.961 163.213 146.066 120.466 121.342 124.468 134.653 131.235 116.152 122.37 119.98 118.204 119.813 117.372 114.105 111.502 -9999 -9999 -9999 -9999 -9999 -9999 -9999 -9999 -9999 -9999 -9999 -9999 -9999 -9999 -9999 -9999 -9999 -9999 -9999 -9999 -9999 -9999 -9999
-9999 -9999 -9999 181.917 217.482 -9999 219.81 248.924 -9999 271.232 248.799 273.232 262.446 267.31 229.278 184.509 180.484 172.414 149.235 133.262 165.94 166.616 169.945 193.795 194.464 183.874 156.813 129.875 113.507 110.888 145.19 156.749 173.349 171.565 153.854 144.044 147.169 132.793 131.485 126.442 130.912 135.485 123.46 127.35 135.996 141.887 130.643 120.645 124.304 124.444 113.369 -9999 -9999 -9999 -9999 -9999 -9999 -9999 -9999 -9999 -9999 -9999 -9999 -9999 -9999 -9999 -9999 -9999 -9999 -9999 -9999 -9999 -9999 -9999
-9999 -9999 -9999 178.012 -9999 -9999 238.447 262.612 280.648 252.918 273.567 269.554 244.029 221.495 204.83 178.68 157.123 139.709 152.098 194.159 208.886 196.449 195.906 201.05 191.733 157.773 115.287 107.821 131.82 168.391 176.499 221.684 212.935 175.506 159.822 160.417 138.429 133.773 128.677 128.922 124.458 123.645 125.718 123.819 147.422 162.75 135.594 120.305 120.802 120.549 114.879 -9999 -9999 -9999 -9999 -9999 -9999 -9999 -9999 -9999 -9999 -9999 -9999 -9999 -9999 -9999 -9999 -9999 -9999 -9999 -9999 -9999 -9999 -9999
-9999 -9999 -9999 -9999 -9999 -9999 -9999 300.211 315.086 287.193 289.88 276.315 232.871 244.044 223.647 198.802 193.514 200.516 211.604 215.474 211.713 178.706 171.05 176.818 165.118 125.335 109.97 132.554 157.279 180.549 223.985 202.073 194.733 172.618 167.975 147.56 134.003 136.063 133.318 115.956 114.366 122.402 116.201 125.616 145.704 132.57 121.583 120.917 128.292 125.032 -9999 -9999 -9999 -9999 -9999 -9999 -9999 -9999 -9999 -9999 -9999 -9999 -9999 -9999 -9999 -9999 -9999 -9999 -9999 -9999 -9999 -9999 -9999 -9999
-9999 -9999 -9999 -9999 -9999 203.039 239.241 -9999 331.204 314.344 324.904 270.007 233.149 225.434 224.334 247.85 250.175 221.517 188.333 189.274 175.527 171.185 150.282 149.031 128.997 110.073 136.297 143.913 162.077 191.593 187.297 187.874 148.918 144.518 136.248 108.883 116.671 137.743 147.694 149.12 142.687 142.374 159.251 147.158 124.32 131.157 138.99 138.858 134.847 119.056 -9999 -9999 -9999 -9999 -9999 -9999 -9999 -9999 -9999 -9999 -9999 -9999 -9999 -9999 -9999 -9999 -9999 -9999 -9999 -9999 -9999 -9999 -9999 -9999
-9999 -9999 -9999 -9999 200.073 204.941 260.924 290.521 331.905 342.495 321.884 283.244 232.191 203.52 213.858 209.54 216.156 231.901 216.896 219.278 215.559 137.355 142.373 133.362 124.574 130.108 147.992 148.894 160.732 158.003 163.202 149.498 138.58 136.63 157.29 157.867 172.163 166.499 156.468 182.022 198.765 191.794 176.704 152.742 153.134 154.432 147.71 135.274 120.564 -9999 -9999 -9999 -9999 -9999 -9999 -9999 -9999 -9999 -9999 -9999 -9999 -9999 -9999 -9999 -9999 -9999 -9999 -9999 -9999 -9999 -9999 -9999 -9999 -9999
-9999 -9999 -9999 -9999 201.979 -9999 243.817 263.537 293.153 321.885 310.423 236.945 216.739 224.457 188.507 191.542 198.062 199.28 211.174 198.599 149.669 157.717 173.374 153.426 137.741 182.264 162.175 156.618 168.496 174.905 171.547 167.774 159.377 182.131 182.869 193.833 198.072 144.853 164.924 177.083 157.568 168.19 179.494 165.075 159.122 150.409 131.003 127.349 120.619 -9999 -9999 -9999 -9999 -9999 -9999 -9999 -9999 -9999 -9999 -9999 -9999 -9999 -9999 -9999 -9999 -9999 -9999 -9999 -9999 -9999 -9999 -9999 -9999 -9999
-9999 -9999 -9999 -9999 -9999 -9999 271.578 290.381 268.714 280.634 245.216 203.077 196.267 174.627 182.204 182.931 181.837 196.311 167.963 175.327 178.498 200.953 168.192 133.136 172.37 196.399 170.127 175.781 166.059 184.759 172.322 169.294 211.043 207.665 200.569 222.92 201.738 194.826 197.016 181.165 166.939 160.484 148.824 156.768 161.354 140.135 125.859 121.758 119.817 -9999 -9999 -9999 -9999 -9999 -9999 -9999 -9999 -9999 -9999 -9999 -9999 -9999 -9999 -9999 -9999 -9999 -9999 -9999 -9999 -9999 -9999 -9999 -9999 -9999
-9999 -9999 -9999 -9999 209.937 238.51 282.443 273.018 260.375 283.537 239.65 237.684 229.979 -9999 227.449 284.215 258.148 223.621 209.073 223.787 222.207 211.624 190.807 177.086 177.732 169.709 164.952 143.874 149.999 173.309 164.847 199.595 181.88 177.716 168.825 189.575 205.07 193.781 166.463 181.474 175.864 152.868 163.531 147.71 137.594 132.464 131.153 127.982 108.274 -9999 -9999 -9999 -9999 -9999 -9999 -9999 -9999 -9999 -9999 -9999 -9999 -9999 -9999 -9999 -9999 -9999 -9999 -9999 -9999 -9999 -9999 -9999 -9999 -9999
220.179 180.946 193.953 198.394 -9999 215.208 248.989 265.773 274.228 278.133 275.579 267.39 -9999 261.104 307.84 290.008 282.994 240.991 225.684 206.932 219.988 211.379 201.343 176.454 152.967 146.838 139.439 117.483 142.484 145.096 175.22 176.221 171.058 159.101 152.429 161.708 168.5 156.436 164.224 170.98 170.386 163.746 128.571 125.793 125.973 132.166 138.897 112.596 -9999 -9999 -9999 -9999 -9999 -9999 -9999 -9999 -9999 -9999 -9999 -9999 -9999 -9999 -9999 -9999 -9999 -9999 -9999 -9999 -9999 -9999 -9999 -9999 -9999 -9999
183.517 186.353 198.223 207.83 207.782 -9999 237.054 251.019 246.726 273.26 265.786 250.097 248.939 281.729 283.171 263.935 278.549 252.665 230.875 207.957 199.627 177.465 171.686 142.981 138.279 163.691 131.157 130.516 127.093 137.297 152.85 175.202 154.459 137.552 146.816 166.262 155.416 152.467 143.314 163.215 155.461 127.798 119.348 123.967 126.064 124.315 -9999 -9999 -9999 -9999 -9999 -9999 -9999 -9999 -9999 -9999 -9999 -9999 -9999 -9999 -9999 -9999 -9999 -9999 -9999 -9999 -9999 -9999 -9999 -9999 -9999 -9999 -9999 -9999
-9999 -9999 -9999 216.572 -9999 240.345 254.884 256.001 289.431 284.323 -9999 -9999 282.947 268.615 253.811 301.054 277.435 263.056 227.753 208.381 151.274 138.921 126.854 117.194 130.37 134.393 142.579 120.715 133.254 134.188 142.421 148.301 141.978 136.356 148.331 154.726 153.163 138.517 142.303 139.325 121.112 107.958 114.021 124.295 115.862 -9999 -9999 -9999 -9999 -9999 -9999 -9999 -9999 -9999 -9999 -9999 -9999 -9999 -9999 -9999 -9999 -9999 -9999 -9999 -9999 -9999 -9999 -9999 -9999 -9999 -9999 -9999 -9999 -9999
193.769 203.786 -9999 224.331 254.138 238.894 252.641 269.956 274.642 -9999 -9999 263.128 332.888 324.537 330.094 284.612 269.95 249.72 217.185 179.479 162.227 154.937 155.523 141.256 157.394 192.161 157.002 131.4 135.489 124.067 124.38 127.849 143.309 148.101 142.679 142.273 140.458 128.228 122.093 115.213 108.375 108.499 116.7 119.07 117.809 112.936 -9999 -9999 -9999 -9999 -9999 -9999 -9999 -9999 -9999 -9999 -9999 -9999 -9999 -9999 -9999 -9999 -9999 -9999 -9999 -9999 -9999 -9999 -9999 -9999 -9999 -9999 -9999 -9999
