Validation/Results/raw data/ReClimate_03_2024_2_Precipitation-Actuals.asc
NCOLS 192
NROWS 249
XLLCENTER -225160.85627316462
YLLCENTER 29788.11610251502
CELLSIZE 5000.0
NODATA_VALUE -9999
[rows 165 to 197 of 249, columns 75 to 149 of 192]
-9999 -9999 -9999 -9999 -9999 -9999 -9999 -9999 -9999 -9999 -9999 -9999 -9999 -9999 -9999 -9999 -9999 -9999 -9999 -9999 -9999 -9999 -9999 -9999 -9999 -9999 -9999 -9999 -9999 -9999 -9999 -9999 -9999 -9999 -9999 -9999 -9999 54.247 57.235 56.125 56.0 61.382 70.707 83.873 87.134 91.877 91.964 83.395 82.581 81.236 83.016 79.889 66.271 56.157 55.142 52.249 50.269 47.92 47.988 46.768 45.753 45.742 45.658 44.883 44.84 45.658 45.235 46.03 44.912 44.875 46.195 46.667 44.571 43.147 -9999
-9999 -9999 -9999 -9999 -9999 -9999 -9999 -9999 -9999 -9999 -9999 -9999 -9999 -9999 -9999 -9999 -9999 -9999 -9999 -9999 -9999 -9999 -9999 -9999 -9999 -9999 -9999 -9999 -9999 -9999 -9999 -9999 -9999 -9999 -9999 -9999 -9999 54.671 57.28 58.968 58.96 62.814 73.04 79.563 82.322 84.715 81.447 80.777 75.107 83.441 83.282 80.675 71.93 62.487 56.579 54.17 53.261 49.873 49.304 49.489 47.283 45.667 45.164 44.486 43.194 41.275 43.524 45.454 49.456 47.409 44.57 45.611 45.375 43.891 41.926
-9999 -9999 -9999 -9999 -9999 -9999 -9999 -9999 -9999 -9999 -9999 -9999 -9999 -9999 -9999 -9999 -9999 -9999 -9999 -9999 -9999 -9999 -9999 -9999 -9999 -9999 -9999 -9999 -9999 -9999 -9999 -9999 -9999 -9999 -9999 -9999 53.042 54.418 57.756 58.161 58.213 64.065 69.145 75.293 75.116 74.9 71.988 69.129 71.688 77.077 83.638 90.06 82.459 71.349 66.703 57.464 52.354 50.183 49.04 49.876 48.506 46.714 45.231 40.335 40.603 42.141 42.299 44.924 45.972 47.914 46.711 45.461 44.955 45.948 46.951
-9999 -9999 -9999 -9999 -9999 -9999 -9999 -9999 -9999 -9999 -9999 -9999 -9999 -9999 -9999 -9999 -9999 -9999 -9999 -9999 -9999 -9999 -9999 -9999 -9999 -9999 -9999 -9999 -9999 -9999 -9999 -9999 -9999 -9999 -9999 -9999 52.725 55.74 58.724 57.813 62.022 66.613 67.108 70.027 69.885 66.096 66.042 64.866 67.201 73.183 78.175 88.726 94.922 82.357 72.223 64.775 55.727 52.657 48.072 47.149 48.231 46.923 45.429 44.58 41.982 42.941 42.289 42.725 44.367 45.627 45.957 45.33 45.756 46.573 47.218
-9999 -9999 -9999 -9999 -9999 -9999 -9999 -9999 -9999 -9999 -9999 -9999 -9999 -9999 -9999 -9999 -9999 -9999 -9999 -9999 -9999 -9999 -9999 -9999 -9999 -9999 -9999 -9999 -9999 -9999 -9999 -9999 -9999 -9999 -9999 -9999 -9999 57.652 58.958 58.369 62.169 62.391 64.32 63.77 61.874 61.254 60.296 60.546 61.952 65.447 71.23 80.911 92.087 92.766 84.101 70.891 61.141 53.91 51.708 47.553 48.257 48.629 47.29 45.327 46.121 45.096 43.067 43.193 43.786 44.951 45.005 45.503 45.342 48.141 49.615
-9999 -9999 -9999 -9999 -9999 -9999 -9999 -9999 -9999 -9999 -9999 -9999 -9999 -9999 -9999 -9999 -9999 52.295 54.555 -9999 -9999 -9999 -9999 -9999 -9999 -9999 -9999 -9999 -9999 -9999 -9999 -9999 -9999 -9999 -9999 -9999 54.749 55.402 58.777 61.618 63.917 61.795 61.297 60.304 58.712 57.757 57.075 58.471 60.322 63.051 72.065 76.748 87.815 85.49 80.528 76.585 61.346 54.412 51.075 51.442 50.433 49.652 49.45 47.72 44.804 45.41 42.573 43.741 45.673 45.797 45.407 44.893 46.462 48.191 50.27
-9999 -9999 -9999 -9999 -9999 -9999 -9999 -9999 -9999 -9999 -9999 -9999 -9999 -9999 -9999 -9999 -9999 59.87 62.424 62.774 -9999 -9999 -9999 -9999 -9999 -9999 -9999 -9999 -9999 -9999 -9999 -9999 -9999 -9999 -9999 51.25 52.222 59.236 60.013 62.356 59.159 59.954 60.078 59.648 58.106 58.515 60.152 58.121 60.621 64.739 68.92 81.31 89.104 84.622 72.936 71.774 66.25 54.713 50.269 48.68 50.99 49.867 47.285 46.201 44.54 44.399 44.444 43.563 45.55 47.178 47.596 48.499 47.451 50.771 52.854
-9999 -9999 -9999 -9999 -9999 -9999 -9999 -9999 -9999 -9999 -9999 -9999 -9999 -9999 -9999 -9999 56.942 60.102 66.33 64.581 63.226 -9999 -9999 -9999 -9999 -9999 -9999 -9999 -9999 -9999 -9999 -9999 53.591 -9999 -9999 51.646 57.081 58.66 57.864 57.571 -9999 60.672 61.46 60.065 62.643 60.739 58.139 58.692 60.158 61.892 69.622 73.606 83.082 77.34 68.139 70.529 62.791 59.207 53.026 49.099 50.043 49.892 46.998 45.223 44.661 44.954 44.329 44.506 44.36 47.299 47.938 47.04 47.887 49.163 53.238
-9999 -9999 -9999 -9999 -9999 -9999 -9999 -9999 -9999 -9999 -9999 -9999 -9999 -9999 -9999 -9999 55.52 62.403 68.233 68.067 67.302 63.799 64.599 -9999 -9999 -9999 67.046 56.346 -9999 53.726 53.192 51.141 56.878 55.481 -9999 -9999 54.816 54.71 -9999 -9999 57.193 57.986 57.95 59.907 59.662 59.91 60.742 58.56 61.828 67.046 76.901 73.381 74.28 72.048 69.393 70.799 67.078 55.849 54.112 51.879 51.164 49.145 48.116 47.984 46.081 47.111 46.688 45.626 45.489 45.986 47.607 46.112 46.932 48.119 50.632
-9999 -9999 -9999 -9999 -9999 -9999 -9999 -9999 -9999 -9999 -9999 -9999 -9999 -9999 -9999 -9999 -9999 69.177 82.365 75.363 69.89 68.577 -9999 -9999 94.52 94.769 75.243 69.414 64.241 61.818 54.666 53.844 52.619 57.319 56.443 -9999 53.425 54.247 55.055 55.638 59.016 61.333 61.643 61.297 59.051 59.172 59.446 63.053 65.637 74.907 83.256 85.995 76.229 71.052 64.068 66.059 65.891 57.336 52.337 53.156 52.392 49.52 49.274 48.573 49.108 47.206 47.092 45.69 47.777 47.886 47.555 46.347 46.622 47.436 47.567
-9999 -9999 -9999 -9999 -9999 -9999 -9999 -9999 -9999 -9999 -9999 -9999 -9999 -9999 -9999 -9999 -9999 75.881 82.708 64.343 66.072 72.854 86.506 105.943 125.332 96.457 78.096 76.818 68.93 68.432 61.554 53.053 56.768 65.467 61.061 60.059 55.672 54.384 54.829 56.523 58.646 61.238 60.977 60.709 59.642 58.52 59.723 60.172 65.898 74.41 83.777 89.282 83.239 77.945 67.452 61.922 66.616 62.482 54.64 54.794 53.839 50.107 50.672 50.023 49.397 49.421 46.965 45.841 45.596 48.125 48.396 47.606 46.406 46.219 46.873
-9999 -9999 -9999 -9999 -9999 -9999 -9999 -9999 -9999 -9999 -9999 -9999 -9999 -9999 -9999 -9999 -9999 -9999 82.061 68.506 76.53 99.223 122.663 143.722 142.551 115.489 95.804 85.355 81.614 79.195 71.873 64.208 61.676 59.351 66.422 59.719 57.182 56.926 55.547 57.248 57.474 58.324 59.544 58.145 56.461 57.855 57.639 59.174 65.114 72.452 78.814 80.467 75.429 76.002 74.507 58.698 58.232 65.442 58.806 57.377 55.918 52.53 51.222 49.642 48.725 49.195 47.832 45.618 42.459 45.607 48.433 46.751 46.15 46.482 47.362
-9999 -9999 -9999 -9999 -9999 -9999 -9999 -9999 -9999 -9999 -9999 -9999 -9999 -9999 -9999 -9999 -9999 -9999 -9999 -9999 88.529 117.829 149.833 180.331 159.066 117.737 96.491 88.274 92.993 87.618 80.758 68.736 60.277 60.133 64.663 67.866 67.639 63.508 62.266 55.155 55.917 57.661 57.561 56.215 55.245 56.173 57.114 58.964 66.087 70.904 73.115 77.194 75.214 75.074 75.995 68.394 59.322 60.253 57.555 55.452 57.751 54.135 52.355 49.832 46.864 47.024 45.742 45.757 45.325 45.327 48.975 47.371 46.297 46.675 46.931
-9999 -9999 -9999 -9999 -9999 -9999 -9999 -9999 -9999 -9999 -9999 -9999 -9999 -9999 -9999 -9999 -9999 -9999 -9999 83.838 104.524 134.624 173.928 199.423 158.256 121.125 102.11 91.935 90.592 84.422 78.978 75.735 64.151 63.92 72.307 73.381 67.523 61.71 58.207 55.731 56.102 58.439 59.246 58.796 56.089 56.211 56.721 61.464 65.058 64.267 68.407 72.943 69.815 69.242 66.422 65.721 64.021 58.884 57.541 55.014 54.928 54.042 50.72 50.317 46.994 46.021 45.547 44.416 45.259 50.14 49.758 48.068 46.845 46.593 45.927
-9999 -9999 -9999 -9999 -9999 -9999 -9999 -9999 -9999 -9999 -9999 -9999 -9999 -9999 -9999 -9999 -9999 -9999 81.578 113.72 114.825 143.457 177.921 163.344 172.524 149.662 118.915 110.951 102.312 87.001 79.597 66.88 66.165 72.444 77.544 74.469 67.273 60.563 56.818 55.592 58.844 59.662 59.915 57.587 56.559 57.521 61.443 64.539 66.049 64.533 67.574 70.184 71.63 64.782 63.239 60.091 59.463 58.172 53.092 52.428 52.171 52.859 51.11 49.793 45.476 45.329 47.189 46.395 45.906 48.673 50.755 47.463 48.004 47.327 47.147
-9999 -9999 -9999 -9999 -9999 -9999 -9999 -9999 -9999 -9999 -9999 -9999 -9999 -9999 -9999 -9999 -9999 75.721 100.019 97.45 108.191 126.633 121.456 135.277 151.445 130.346 128.653 121.09 108.759 96.641 82.512 70.6 74.549 77.414 72.488 69.663 63.641 60.08 56.108 54.433 58.853 58.677 59.595 57.289 58.224 62.674 64.406 66.983 66.555 65.998 66.459 62.961 63.875 63.586 60.075 57.548 56.67 57.054 53.753 49.726 49.455 50.469 49.52 48.849 47.837 43.904 46.912 46.706 46.415 48.015 50.382 47.857 47.791 48.284 47.438
-9999 -9999 -9999 -9999 -9999 -9999 -9999 -9999 -9999 -9999 -9999 -9999 -9999 -9999 -9999 69.549 70.54 77.306 80.89 80.944 76.183 92.377 87.21 109.008 115.78 125.342 126.518 125.369 99.836 88.588 78.471 75.787 87.112 86.337 80.038 72.062 70.624 64.215 56.965 57.208 59.437 60.812 58.395 58.349 60.285 62.274 64.919 64.853 62.67 66.386 65.299 62.977 60.048 57.924 57.132 56.393 54.492 53.521 52.351 48.918 47.357 47.819 47.262 47.348 46.056 44.419 44.845 46.3 47.458 48.76 50.061 49.329 47.694 48.243 48.006
-9999 -9999 -9999 -9999 -9999 -9999 -9999 -9999 -9999 -9999 -9999 -9999 -9999 -9999 71.008 70.662 70.724 69.475 -9999 -9999 -9999 -9999 89.653 110.811 128.153 130.17 128.798 110.072 100.602 101.589 92.619 95.752 108.686 97.964 83.649 78.218 69.814 60.851 58.657 59.243 58.531 58.265 57.783 58.146 59.617 59.663 61.933 59.002 60.618 62.173 61.085 59.655 58.177 56.207 55.585 53.653 52.153 47.387 46.406 47.641 46.227 46.366 47.336 47.283 46.475 46.067 47.21 48.056 49.537 50.92 50.795 50.663 52.171 50.312 48.33
-9999 -9999 -9999 -9999 -9999 -9999 -9999 -9999 -9999 -9999 -9999 -9999 -9999 -9999 70.89 71.081 62.963 -9999 -9999 -9999 -9999 -9999 92.513 114.397 143.202 145.666 126.648 124.449 121.757 121.255 109.472 104.663 101.709 82.014 75.768 71.673 63.406 59.089 55.32 57.635 58.619 58.306 57.864 57.752 57.813 57.24 55.467 58.896 58.492 59.233 58.446 58.481 58.075 57.544 54.234 52.152 50.071 48.424 45.704 46.138 46.198 44.415 46.535 50.364 50.507 51.768 52.423 53.212 52.619 53.556 49.36 48.715 50.529 51.491 48.945
-9999 -9999 -9999 -9999 -9999 -9999 -9999 -9999 -9999 -9999 -9999 -9999 -9999 -9999 -9999 -9999 57.817 -9999 -9999 -9999 -9999 -9999 89.395 110.888 122.688 115.606 121.676 122.525 140.279 133.252 103.804 103.142 88.575 79.608 74.853 66.145 61.522 54.819 56.892 57.73 57.672 56.317 54.569 54.875 55.904 55.315 58.006 56.716 55.968 57.118 57.768 56.442 56.928 58.089 55.301 52.51 53.04 51.65 49.3 48.086 47.673 41.432 43.547 50.773 52.098 52.174 52.798 53.39 53.909 54.247 54.779 49.666 49.631 50.442 49.321
-9999 -9999 -9999 -9999 -9999 -9999 -9999 -9999 -9999 -9999 -9999 -9999 -9999 -9999 -9999 -9999 -9999 -9999 -9999 -9999 -9999 -9999 84.145 94.328 96.177 113.838 121.971 140.546 142.664 134.305 116.326 94.344 82.705 76.092 65.309 63.003 55.298 53.824 56.262 55.044 54.031 54.085 53.667 52.966 54.836 56.146 57.212 56.73 55.772 55.884 59.721 56.885 55.409 54.551 53.119 50.782 52.676 54.362 53.185 53.851 55.792 52.179 45.144 48.17 49.07 49.55 49.936 50.61 51.648 52.666 53.071 50.0 48.751 48.407 48.91
-9999 -9999 -9999 -9999 -9999 -9999 -9999 -9999 -9999 -9999 -9999 -9999 -9999 -9999 -9999 -9999 -9999 -9999 -9999 -9999 -9999 -9999 -9999 94.639 124.843 144.346 142.288 135.82 132.395 122.098 101.645 83.915 71.565 66.04 70.714 66.261 54.637 57.287 56.866 55.88 53.121 53.326 54.539 55.354 54.238 60.009 59.2 57.47 55.677 57.514 59.381 57.746 54.529 53.43 51.558 50.38 50.582 52.406 54.038 57.468 58.866 55.08 49.059 48.642 49.529 51.287 52.671 51.646 52.213 51.83 52.006 49.431 48.974 48.577 48.022
-9999 -9999 -9999 -9999 -9999 -9999 -9999 -9999 -9999 -9999 -9999 -9999 -9999 -9999 -9999 -9999 -9999 -9999 -9999 -9999 -9999 -9999 100.269 110.641 129.925 144.504 133.842 119.712 116.249 106.057 96.547 84.566 70.31 70.323 71.686 62.216 67.918 60.685 57.009 56.66 56.069 55.419 57.289 59.44 62.621 62.987 56.901 56.608 56.366 57.568 57.222 56.885 54.419 52.722 51.693 50.434 49.781 49.735 50.75 54.864 56.411 53.791 50.398 49.917 51.751 53.554 54.842 53.951 52.418 51.423 50.01 49.663 49.166 49.479 48.515
-9999 -9999 -9999 -9999 -9999 -9999 -9999 -9999 -9999 -9999 -9999 -9999 -9999 -9999 -9999 -9999 -9999 -9999 -9999 -9999 -9999 -9999 92.621 106.631 131.111 119.813 106.275 102.317 102.09 104.401 100.36 83.649 71.891 69.553 63.9 60.841 62.326 61.514 61.31 60.822 55.968 51.616 57.33 59.167 60.938 56.661 55.3 57.494 59.203 58.588 58.054 57.455 56.171 54.464 53.185 51.387 49.929 49.388 49.435 52.036 55.284 53.912 52.028 51.883 54.877 55.323 55.546 60.245 55.482 50.991 46.985 46.289 48.859 48.909 51.289
-9999 -9999 -9999 -9999 -9999 -9999 -9999 -9999 -9999 -9999 -9999 -9999 -9999 -9999 -9999 -9999 -9999 -9999 -9999 -9999 -9999 -9999 83.528 100.012 98.211 103.581 97.412 98.462 102.918 106.034 92.73 84.498 73.649 68.308 61.373 60.956 62.149 67.852 70.041 69.399 59.817 61.086 60.512 59.673 57.977 54.438 54.757 57.549 58.917 60.219 58.245 59.471 57.454 55.231 53.874 54.199 52.41 50.57 49.829 49.405 50.822 51.691 52.531 52.443 54.082 54.822 52.769 51.72 53.654 50.754 52.326 50.786 49.677 48.198 47.475
-9999 -9999 -9999 -9999 -9999 -9999 -9999 -9999 -9999 -9999 -9999 -9999 -9999 -9999 -9999 -9999 -9999 -9999 -9999 -9999 -9999 -9999 -9999 82.235 101.162 109.734 115.83 114.765 107.174 96.709 82.377 69.235 66.603 65.48 63.435 59.821 61.265 64.589 68.955 69.858 64.381 59.802 57.68 61.702 59.393 55.252 57.034 56.893 59.147 60.936 58.099 57.528 58.358 54.055 53.491 54.933 56.461 52.608 51.116 47.229 47.473 50.809 51.765 51.212 51.606 52.081 51.368 49.357 49.372 49.753 50.43 48.713 49.121 49.19 47.715
-9999 -9999 -9999 -9999 -9999 -9999 -9999 -9999 -9999 -9999 -9999 -9999 -9999 -9999 -9999 -9999 -9999 -9999 -9999 -9999 -9999 -9999 -9999 86.104 101.845 118.31 137.647 130.87 114.645 91.747 74.082 70.27 78.918 74.982 75.568 71.613 63.885 58.87 65.825 66.494 62.53 60.366 65.212 63.479 56.819 58.234 58.695 57.443 58.891 59.69 60.642 58.168 57.477 55.929 53.934 55.334 57.211 56.09 53.146 53.663 51.312 53.418 54.357 52.755 51.368 53.704 53.385 53.614 50.521 50.777 49.861 49.937 46.778 48.834 48.09
-9999 -9999 -9999 -9999 -9999 -9999 -9999 -9999 -9999 -9999 -9999 -9999 -9999 -9999 -9999 -9999 -9999 -9999 -9999 -9999 -9999 -9999 77.095 79.587 99.168 123.791 136.696 131.4 109.3 87.863 85.055 94.727 85.731 83.531 78.11 66.4 62.479 64.677 66.211 61.035 62.392 66.039 67.148 65.344 60.657 57.646 58.368 57.034 59.85 63.985 61.868 61.171 58.407 57.195 55.612 57.255 55.793 60.082 58.173 56.468 54.23 54.374 55.413 56.813 55.37 55.208 54.895 52.935 52.042 50.431 49.176 48.527 47.338 45.997 46.994
-9999 -9999 -9999 -9999 -9999 -9999 -9999 -9999 -9999 -9999 -9999 -9999 -9999 -9999 -9999 -9999 -9999 -9999 -9999 -9999 -9999 -9999 74.814 88.641 95.592 109.17 127.144 130.822 111.734 96.834 91.92 87.178 89.645 86.709 79.533 72.996 74.618 71.105 62.699 65.465 61.273 64.54 68.374 67.744 59.678 59.018 58.404 56.819 59.619 60.845 66.927 63.639 61.328 58.816 59.774 61.307 57.561 52.406 56.165 50.304 52.173 52.314 54.826 54.133 56.475 56.951 54.648 51.976 49.051 49.144 49.995 50.866 50.027 46.071 46.312
-9999 -9999 -9999 -9999 -9999 -9999 -9999 -9999 -9999 -9999 -9999 -9999 -9999 -9999 -9999 -9999 -9999 -9999 -9999 -9999 -9999 -9999 84.522 87.679 84.652 100.211 123.046 127.579 115.065 97.708 86.847 90.999 87.471 81.629 80.227 84.794 77.632 65.675 65.617 61.71 66.011 60.414 64.21 60.824 58.786 59.131 54.132 53.402 56.028 62.855 62.951 62.275 62.141 60.69 59.007 58.418 57.853 53.495 53.031 50.769 50.068 53.187 52.886 54.935 54.124 54.708 55.323 51.734 50.153 47.469 48.484 50.008 48.979 45.138 44.164
-9999 -9999 -9999 -9999 -9999 -9999 -9999 -9999 -9999 -9999 -9999 -9999 -9999 -9999 -9999 -9999 -9999 -9999 -9999 -9999 -9999 78.905 86.877 91.416 90.866 100.801 115.072 118.11 111.665 91.68 82.723 82.18 76.248 76.676 85.514 79.351 73.339 70.815 64.569 63.87 57.643 58.461 58.972 57.793 59.396 56.878 54.285 54.665 55.688 58.1 60.818 60.906 60.348 59.329 58.536 58.072 56.349 54.124 52.388 50.724 50.306 53.63 54.153 54.232 54.911 54.902 53.626 52.993 49.922 50.068 48.517 47.589 47.565 44.648 43.132
-9999 -9999 -9999 -9999 -9999 -9999 -9999 -9999 -9999 -9999 -9999 -9999 -9999 -9999 -9999 -9999 -9999 -9999 -9999 -9999 80.147 81.109 86.864 92.44 96.943 108.048 120.582 123.607 116.264 104.61 88.104 85.233 79.765 84.357 89.596 74.368 69.735 67.022 64.125 60.586 60.154 59.973 62.227 61.633 64.013 64.178 58.82 54.782 54.607 57.06 58.353 59.687 59.753 59.168 57.46 58.774 57.299 55.326 54.816 53.359 51.213 52.133 52.904 53.696 52.998 51.154 51.803 51.211 50.237 51.897 51.072 48.039 46.59 45.043 42.747
-9999 -9999 -9999 -9999 -9999 -9999 -9999 -9999 -9999 -9999 -9999 -9999 -9999 -9999 -9999 -9999 -9999 -9999 88.89 85.95 85.106 77.307 83.467 93.26 99.668 117.406 128.366 132.181 125.294 103.443 93.253 87.86 82.853 85.054 80.479 68.008 67.093 66.358 60.737 60.281 60.081 62.042 63.492 63.285 67.259 63.229 57.896 56.614 56.858 58.092 57.657 59.202 58.555 57.174 54.078 53.87 54.619 54.519 55.554 56.768 56.353 54.848 53.585 50.616 50.467 51.25 52.393 52.788 52.338 50.025 50.568 47.948 45.954 41.487 41.395
