Validation/Results/raw data/ReClimate_08_2024_1_Precipitation-Actualsweatherlogisticsltd.asc
NCOLS 192
NROWS 249
XLLCENTER -225160.85627316462
YLLCENTER 29788.11610251502
CELLSIZE 5000.0
NODATA_VALUE -9999
[rows 165 to 197 of 249, columns 74 to 147 of 192]
-9999 -9999 -9999 -9999 -9999 -9999 -9999 -9999 -9999 -9999 -9999 -9999 -9999 -9999 -9999 -9999 -9999 -9999 -9999 -9999 -9999 -9999 -9999 -9999 -9999 -9999 -9999 -9999 -9999 -9999 -9999 -9999 -9999 -9999 -9999 -9999 -9999 -9999 102.132 104.141 105.485 106.807 113.173 124.997 146.241 156.652 156.343 153.227 149.122 153.09 151.626 151.566 138.465 108.062 87.279 83.436 74.95 70.458 68.542 67.702 66.799 73.277 70.165 66.336 65.655 65.591 66.562 67.525 71.442 74.135 70.272 71.496 72.001 69.135
-9999 -9999 -9999 -9999 -9999 -9999 -9999 -9999 -9999 -9999 -9999 -9999 -9999 -9999 -9999 -9999 -9999 -9999 -9999 -9999 -9999 -9999 -9999 -9999 -9999 -9999 -9999 -9999 -9999 -9999 -9999 -9999 -9999 -9999 -9999 -9999 -9999 -9999 103.194 106.85 106.886 107.896 114.48 126.452 139.518 146.14 139.852 135.828 139.241 132.715 139.088 147.26 138.614 117.789 96.754 83.149 74.111 72.113 68.833 67.071 66.472 66.339 70.288 65.189 64.23 64.326 64.625 66.112 66.364 70.689 69.197 61.743 66.31 70.482
-9999 -9999 -9999 -9999 -9999 -9999 -9999 -9999 -9999 -9999 -9999 -9999 -9999 -9999 -9999 -9999 -9999 -9999 -9999 -9999 -9999 -9999 -9999 -9999 -9999 -9999 -9999 -9999 -9999 -9999 -9999 -9999 -9999 -9999 -9999 -9999 -9999 97.49 101.583 105.902 109.329 110.996 111.663 116.011 130.239 128.035 124.883 121.381 121.171 119.904 131.828 147.829 153.45 133.291 110.901 100.481 80.745 67.526 65.254 60.081 64.897 67.49 65.6 64.718 63.705 63.488 64.401 64.202 65.071 67.14 69.512 69.177 66.436 68.56
-9999 -9999 -9999 -9999 -9999 -9999 -9999 -9999 -9999 -9999 -9999 -9999 -9999 -9999 -9999 -9999 -9999 -9999 -9999 -9999 -9999 -9999 -9999 -9999 -9999 -9999 -9999 -9999 -9999 -9999 -9999 -9999 -9999 -9999 -9999 -9999 -9999 95.752 99.907 107.437 110.891 107.283 109.144 110.288 112.618 110.0 109.128 111.765 110.065 113.699 124.166 138.228 158.554 161.316 132.11 108.864 93.535 76.172 71.16 63.551 59.253 66.723 66.446 63.525 65.068 63.37 63.108 63.112 67.084 68.407 67.593 68.131 68.621 72.919
-9999 -9999 -9999 -9999 -9999 -9999 -9999 -9999 -9999 -9999 -9999 -9999 -9999 -9999 -9999 -9999 -9999 -9999 -9999 -9999 -9999 -9999 -9999 -9999 -9999 -9999 -9999 -9999 -9999 -9999 -9999 -9999 -9999 -9999 -9999 -9999 -9999 -9999 100.18 105.388 102.278 104.768 104.127 102.848 97.045 95.533 97.608 97.228 98.437 100.912 109.894 124.699 142.583 162.922 161.198 130.671 102.896 86.562 74.512 72.317 63.627 65.833 68.196 65.713 62.88 63.745 62.495 62.829 62.949 67.323 65.954 64.921 68.155 67.364
-9999 -9999 -9999 -9999 -9999 -9999 -9999 -9999 -9999 -9999 -9999 -9999 -9999 -9999 -9999 -9999 -9999 -9999 105.618 106.517 -9999 -9999 -9999 -9999 -9999 -9999 -9999 -9999 -9999 -9999 -9999 -9999 -9999 -9999 -9999 -9999 -9999 93.135 92.36 98.919 101.165 101.176 98.198 94.173 89.89 88.584 89.193 92.143 92.453 95.988 104.118 125.953 136.893 152.512 145.713 133.978 115.822 87.623 77.311 71.627 72.63 73.468 71.569 68.019 65.555 61.336 60.808 60.168 61.625 64.281 65.021 63.037 64.293 72.503
-9999 -9999 -9999 -9999 -9999 -9999 -9999 -9999 -9999 -9999 -9999 -9999 -9999 -9999 -9999 -9999 -9999 -9999 115.894 116.208 110.592 -9999 -9999 -9999 -9999 -9999 -9999 -9999 -9999 -9999 -9999 -9999 -9999 -9999 -9999 -9999 84.906 85.96 91.578 100.04 101.034 94.826 92.452 86.643 85.956 85.895 89.511 90.915 90.026 93.45 103.889 116.239 140.729 157.202 142.787 117.864 107.649 94.834 75.212 70.618 66.945 72.417 70.886 64.48 64.344 63.006 61.934 63.037 62.521 61.72 62.373 61.237 62.504 65.145
-9999 -9999 -9999 -9999 -9999 -9999 -9999 -9999 -9999 -9999 -9999 -9999 -9999 -9999 -9999 -9999 -9999 110.312 117.759 121.638 118.444 113.199 -9999 -9999 -9999 -9999 -9999 -9999 -9999 -9999 -9999 -9999 -9999 88.709 -9999 -9999 83.511 91.379 93.909 92.565 90.692 -9999 91.143 90.434 90.75 88.904 88.16 85.392 89.02 92.51 98.333 114.966 121.52 142.036 127.408 103.356 103.96 87.274 83.277 75.131 66.778 64.056 65.89 64.752 63.524 66.826 64.755 61.275 66.494 63.105 61.426 62.281 61.283 62.765
-9999 -9999 -9999 -9999 -9999 -9999 -9999 -9999 -9999 -9999 -9999 -9999 -9999 -9999 -9999 -9999 -9999 102.777 113.224 123.156 122.857 120.841 118.852 117.634 -9999 -9999 -9999 110.616 97.659 -9999 93.886 90.367 87.57 95.169 86.843 -9999 -9999 85.632 88.063 -9999 -9999 87.035 86.531 85.3 84.562 84.969 83.433 86.667 89.001 97.484 105.894 126.882 118.979 118.157 107.316 101.417 100.617 90.309 73.575 72.39 69.51 65.344 62.217 64.895 64.981 64.078 64.648 61.522 60.664 62.737 61.306 62.694 60.74 62.004
-9999 -9999 -9999 -9999 -9999 -9999 -9999 -9999 -9999 -9999 -9999 -9999 -9999 -9999 -9999 -9999 -9999 -9999 113.254 127.879 128.358 124.976 123.683 -9999 -9999 164.718 160.705 120.841 119.46 114.777 109.628 91.995 91.105 85.325 91.199 87.976 -9999 80.908 81.327 81.952 81.55 84.883 85.391 83.819 82.484 82.152 82.981 84.717 95.017 100.329 111.229 133.597 135.244 114.43 101.3 87.56 93.943 86.005 77.114 69.666 67.585 65.671 61.755 63.336 63.36 63.796 61.38 59.295 58.609 60.753 62.845 63.471 60.168 60.393
-9999 -9999 -9999 -9999 -9999 -9999 -9999 -9999 -9999 -9999 -9999 -9999 -9999 -9999 -9999 -9999 -9999 -9999 115.884 127.459 116.764 119.121 134.675 163.497 187.967 218.384 165.845 132.792 129.567 119.19 112.858 97.669 83.645 92.365 105.374 91.611 91.547 80.144 78.191 76.595 79.302 81.722 88.189 92.462 82.422 81.052 79.727 83.979 89.997 97.262 116.431 125.572 124.557 117.781 108.057 90.764 83.968 88.797 82.252 72.988 69.931 68.249 64.43 64.549 62.721 61.295 60.067 56.362 57.527 57.758 60.605 62.501 58.265 57.113
-9999 -9999 -9999 -9999 -9999 -9999 -9999 -9999 -9999 -9999 -9999 -9999 -9999 -9999 -9999 -9999 -9999 -9999 -9999 127.173 121.324 138.314 189.223 216.198 239.774 246.412 192.465 161.755 144.986 136.396 125.818 95.856 100.128 99.298 92.236 106.834 86.04 78.481 79.774 75.249 76.884 78.469 85.683 81.347 78.103 74.782 75.95 80.475 83.009 95.279 112.134 120.875 105.538 101.474 104.041 101.303 78.334 77.195 84.016 77.442 75.639 72.653 67.599 65.187 61.769 60.348 58.574 56.043 57.304 58.24 59.933 60.917 56.019 53.889
-9999 -9999 -9999 -9999 -9999 -9999 -9999 -9999 -9999 -9999 -9999 -9999 -9999 -9999 -9999 -9999 -9999 -9999 -9999 -9999 -9999 173.693 245.17 266.686 325.462 285.773 224.832 164.671 152.44 164.684 140.316 130.393 107.953 95.622 95.179 98.984 96.839 89.138 75.905 74.504 72.854 76.266 80.922 78.777 75.668 73.706 77.659 77.34 80.263 94.134 107.431 104.574 112.635 109.877 107.0 104.327 92.275 80.234 80.354 81.791 79.418 78.18 71.801 66.813 61.543 58.657 59.3 56.389 57.414 57.982 58.643 60.562 56.127 53.411
-9999 -9999 -9999 -9999 -9999 -9999 -9999 -9999 -9999 -9999 -9999 -9999 -9999 -9999 -9999 -9999 -9999 -9999 -9999 -9999 146.342 204.925 246.228 312.677 359.865 290.644 209.035 168.688 147.716 167.682 163.719 126.316 123.314 104.058 99.649 112.979 105.566 88.154 75.077 73.344 71.199 74.803 80.253 76.8 75.462 78.523 76.002 76.319 84.924 94.078 93.321 98.827 102.809 103.252 105.085 96.542 92.286 93.359 81.481 76.096 78.454 75.559 72.649 66.118 64.334 58.868 56.802 56.569 58.395 57.65 59.94 59.741 57.321 54.447
-9999 -9999 -9999 -9999 -9999 -9999 -9999 -9999 -9999 -9999 -9999 -9999 -9999 -9999 -9999 -9999 -9999 -9999 -9999 138.082 195.945 199.814 255.227 311.442 285.76 285.666 242.176 195.084 193.133 188.126 147.813 123.628 111.854 101.874 113.401 118.864 104.635 87.743 75.392 70.667 68.71 77.585 75.455 73.796 76.361 74.733 75.012 82.161 88.531 89.136 93.507 97.04 100.617 106.84 93.976 92.913 83.309 85.147 85.699 73.46 75.53 74.67 71.988 68.56 62.791 65.206 59.709 57.576 58.7 58.299 58.345 59.455 55.287 55.958
-9999 -9999 -9999 -9999 -9999 -9999 -9999 -9999 -9999 -9999 -9999 -9999 -9999 -9999 -9999 -9999 -9999 -9999 127.051 164.226 152.331 185.215 218.454 220.341 234.546 251.375 238.52 226.454 210.836 180.627 149.372 133.305 111.254 111.966 111.524 98.228 90.171 80.593 77.395 70.439 71.512 73.297 65.919 75.092 74.823 75.286 80.303 83.694 86.057 86.803 93.183 94.112 85.484 89.497 91.261 82.923 82.178 80.733 79.688 75.172 69.517 71.024 68.188 64.28 63.796 59.51 57.104 57.221 59.261 58.311 57.422 59.953 55.004 54.775
-9999 -9999 -9999 -9999 -9999 -9999 -9999 -9999 -9999 -9999 -9999 -9999 -9999 -9999 -9999 -9999 115.908 118.267 118.86 128.824 134.096 147.397 161.521 156.964 183.623 206.986 219.652 228.164 231.322 162.452 138.955 124.732 118.411 134.79 126.936 106.208 84.661 84.549 77.963 71.461 74.215 72.551 77.493 75.629 76.112 79.289 82.363 85.619 80.376 86.401 91.868 89.626 85.592 81.23 76.356 76.151 74.238 76.216 74.17 71.472 72.306 66.019 63.054 59.431 58.966 58.11 54.532 55.432 61.366 59.504 62.222 62.663 57.207 53.304
-9999 -9999 -9999 -9999 -9999 -9999 -9999 -9999 -9999 -9999 -9999 -9999 -9999 -9999 -9999 116.411 117.147 111.336 115.024 -9999 -9999 -9999 -9999 155.547 187.967 215.578 216.982 228.48 185.925 163.232 166.768 154.47 159.034 172.797 144.002 109.374 99.262 88.238 75.199 73.705 75.217 74.617 74.849 75.016 74.952 78.145 80.942 81.482 79.121 81.809 86.042 84.582 85.421 79.181 73.63 73.514 73.301 69.264 66.839 64.206 65.296 64.466 59.418 57.598 59.005 59.285 57.668 60.307 62.173 61.612 60.792 64.652 60.134 58.738
-9999 -9999 -9999 -9999 -9999 -9999 -9999 -9999 -9999 -9999 -9999 -9999 -9999 -9999 -9999 116.171 116.201 105.949 -9999 -9999 -9999 -9999 -9999 157.658 190.859 220.207 207.332 214.492 206.696 202.793 206.162 183.577 164.521 158.145 117.104 107.171 97.709 82.707 75.948 75.138 73.793 74.861 76.414 75.947 75.914 78.645 80.4 78.685 78.765 78.067 80.584 79.576 78.636 79.59 75.951 73.491 70.234 66.787 64.025 63.905 60.714 60.313 55.708 55.791 59.405 61.89 65.017 66.507 67.858 64.468 62.36 61.384 59.062 56.723
-9999 -9999 -9999 -9999 -9999 -9999 -9999 -9999 -9999 -9999 -9999 -9999 -9999 -9999 -9999 -9999 -9999 101.087 -9999 -9999 -9999 -9999 -9999 167.569 186.262 187.858 196.43 211.049 214.411 235.497 210.927 164.744 162.287 133.937 115.556 102.999 87.804 77.191 72.97 73.909 72.008 73.721 73.78 72.049 74.628 73.267 74.536 77.039 75.607 76.284 75.963 76.356 74.39 72.952 71.084 70.875 71.26 72.466 69.24 64.399 61.116 59.46 65.271 61.573 60.332 63.412 63.816 66.296 66.825 65.512 63.602 64.219 59.369 56.147
-9999 -9999 -9999 -9999 -9999 -9999 -9999 -9999 -9999 -9999 -9999 -9999 -9999 -9999 -9999 -9999 -9999 -9999 -9999 -9999 -9999 -9999 -9999 162.482 177.675 166.007 195.566 216.143 249.504 244.062 207.819 177.06 140.846 121.27 105.206 84.204 77.134 72.811 72.796 70.749 72.249 71.83 71.459 70.811 68.69 69.901 72.665 74.127 75.526 76.717 76.972 80.079 73.13 67.625 69.684 69.219 68.002 70.842 72.427 69.026 68.763 68.527 64.844 65.554 60.765 59.37 62.939 61.95 63.105 70.15 64.43 60.952 57.66 57.068
-9999 -9999 -9999 -9999 -9999 -9999 -9999 -9999 -9999 -9999 -9999 -9999 -9999 -9999 -9999 -9999 -9999 -9999 -9999 -9999 -9999 -9999 -9999 -9999 167.192 222.242 257.893 248.746 240.575 213.256 193.831 155.378 130.498 112.195 92.23 92.524 82.104 74.021 77.338 72.599 69.927 70.162 70.017 69.51 71.601 73.999 77.458 77.425 79.599 78.095 74.868 78.847 75.786 68.826 67.248 67.633 67.313 68.575 72.649 73.105 76.881 76.891 68.174 62.865 62.939 62.714 65.139 67.387 63.782 63.343 63.647 58.921 56.602 57.338
-9999 -9999 -9999 -9999 -9999 -9999 -9999 -9999 -9999 -9999 -9999 -9999 -9999 -9999 -9999 -9999 -9999 -9999 -9999 -9999 -9999 -9999 -9999 152.649 183.352 232.766 250.452 232.83 206.587 193.687 169.134 149.051 135.235 107.006 97.256 93.881 81.774 92.492 76.302 69.849 70.915 74.252 72.065 74.137 80.421 80.668 79.202 75.189 76.178 73.813 74.707 74.539 72.62 67.137 66.449 65.348 64.433 64.314 68.285 70.583 72.727 74.062 66.684 63.461 65.503 65.62 67.722 71.237 66.887 62.59 60.74 57.74 55.335 55.108
-9999 -9999 -9999 -9999 -9999 -9999 -9999 -9999 -9999 -9999 -9999 -9999 -9999 -9999 -9999 -9999 -9999 -9999 -9999 -9999 -9999 -9999 -9999 139.809 173.195 220.238 199.105 182.139 171.369 169.479 166.293 153.944 122.464 99.944 94.903 84.894 81.639 82.451 80.702 77.638 79.033 74.465 71.533 74.661 76.416 79.618 74.267 73.895 74.91 74.783 76.187 73.943 71.636 70.098 66.241 63.887 62.582 63.449 66.311 68.092 68.001 70.12 65.65 61.623 64.932 71.926 69.18 69.537 70.634 64.218 60.571 59.954 57.662 56.074
-9999 -9999 -9999 -9999 -9999 -9999 -9999 -9999 -9999 -9999 -9999 -9999 -9999 -9999 -9999 -9999 -9999 -9999 -9999 -9999 -9999 -9999 -9999 128.269 157.147 160.462 175.771 161.539 160.781 165.358 165.322 136.638 120.338 98.632 88.383 78.775 80.827 84.908 86.831 95.328 93.371 81.303 79.664 74.601 75.936 74.436 70.472 72.336 72.875 74.689 77.128 75.956 75.395 72.91 69.364 64.2 65.879 65.394 66.508 68.477 64.638 65.754 64.601 63.419 64.786 68.915 70.467 66.14 65.632 63.776 62.01 63.153 64.123 58.254
-9999 -9999 -9999 -9999 -9999 -9999 -9999 -9999 -9999 -9999 -9999 -9999 -9999 -9999 -9999 -9999 -9999 -9999 -9999 -9999 -9999 -9999 -9999 -9999 135.382 171.744 184.667 191.435 188.079 166.472 142.226 118.086 93.175 83.293 79.05 78.608 77.37 77.132 89.34 94.948 95.149 85.896 79.166 73.573 78.066 75.607 69.36 71.269 72.309 75.758 78.964 74.913 70.378 71.217 68.049 65.203 67.194 71.0 67.477 66.532 65.937 62.904 65.14 64.658 63.1 63.858 65.1 65.864 65.39 63.675 62.169 60.592 62.023 60.766
-9999 -9999 -9999 -9999 -9999 -9999 -9999 -9999 -9999 -9999 -9999 -9999 -9999 -9999 -9999 -9999 -9999 -9999 -9999 -9999 -9999 -9999 -9999 -9999 145.935 175.687 200.783 219.311 213.55 173.527 138.994 104.709 92.469 92.381 96.307 98.342 92.491 84.386 79.064 88.805 90.192 84.725 80.712 82.342 85.849 90.855 76.165 75.364 73.156 76.402 75.856 77.228 73.238 68.902 68.56 69.227 69.835 71.94 69.641 68.552 70.659 70.172 68.071 67.221 65.264 62.798 67.822 69.623 75.766 67.422 64.042 60.715 56.272 58.724
-9999 -9999 -9999 -9999 -9999 -9999 -9999 -9999 -9999 -9999 -9999 -9999 -9999 -9999 -9999 -9999 -9999 -9999 -9999 -9999 -9999 -9999 -9999 122.59 130.257 169.915 202.229 219.247 200.444 171.473 129.033 123.495 129.203 116.536 113.538 103.774 87.535 79.464 84.226 90.212 83.561 85.351 87.619 84.63 92.055 77.193 71.922 74.089 71.876 74.787 79.93 80.379 77.336 72.95 73.086 70.476 71.939 72.08 69.243 69.277 76.112 71.668 69.635 69.347 67.2 65.317 66.462 66.541 66.274 69.259 61.391 62.332 59.951 59.116
-9999 -9999 -9999 -9999 -9999 -9999 -9999 -9999 -9999 -9999 -9999 -9999 -9999 -9999 -9999 -9999 -9999 -9999 -9999 -9999 -9999 -9999 -9999 117.849 133.888 157.546 177.165 200.523 205.894 166.087 137.208 127.223 120.983 124.522 117.875 107.693 95.68 98.328 93.96 81.455 85.862 81.284 83.185 85.585 87.848 66.618 70.482 70.866 69.744 73.613 78.354 86.639 79.58 77.824 74.398 81.148 72.295 70.778 68.759 66.48 63.624 68.95 66.835 70.84 72.65 69.406 67.716 65.989 63.755 61.545 61.64 59.097 59.58 60.531
-9999 -9999 -9999 -9999 -9999 -9999 -9999 -9999 -9999 -9999 -9999 -9999 -9999 -9999 -9999 -9999 -9999 -9999 -9999 -9999 -9999 -9999 -9999 120.288 126.822 134.716 164.444 194.374 195.518 167.867 134.872 116.7 124.513 123.031 113.962 107.613 108.36 101.507 85.224 84.459 79.729 87.87 76.258 82.821 73.733 70.079 72.256 66.44 67.494 69.47 80.186 75.716 79.967 78.241 74.703 72.752 75.466 66.89 68.142 67.535 65.57 63.805 66.279 69.108 71.437 69.972 65.433 66.954 63.194 62.516 58.63 59.893 59.376 57.87
-9999 -9999 -9999 -9999 -9999 -9999 -9999 -9999 -9999 -9999 -9999 -9999 -9999 -9999 -9999 -9999 -9999 -9999 -9999 -9999 -9999 -9999 117.109 122.071 132.783 139.168 153.024 179.248 175.559 160.029 127.048 108.361 106.772 113.962 117.406 117.428 102.305 93.207 91.302 81.476 81.197 73.911 70.634 72.566 71.607 72.685 67.412 66.296 66.979 67.56 68.506 71.427 71.204 74.43 72.825 71.132 71.512 68.675 65.268 64.381 65.282 63.155 67.45 67.997 70.472 68.517 66.119 65.197 65.108 62.272 61.613 59.942 60.167 59.195
-9999 -9999 -9999 -9999 -9999 -9999 -9999 -9999 -9999 -9999 -9999 -9999 -9999 -9999 -9999 -9999 -9999 -9999 -9999 -9999 -9999 114.629 117.369 128.708 121.909 121.991 159.316 179.455 176.152 154.096 143.276 113.173 116.176 108.759 110.1 116.307 97.011 94.228 83.366 78.052 74.444 71.177 73.334 78.625 75.315 72.022 67.543 70.423 65.455 63.985 67.629 67.938 68.93 68.683 70.231 70.448 74.656 70.805 66.078 64.044 64.803 64.539 66.505 68.205 68.454 67.506 63.351 61.524 62.957 61.746 64.075 63.668 61.664 59.727
-9999 -9999 -9999 -9999 -9999 -9999 -9999 -9999 -9999 -9999 -9999 -9999 -9999 -9999 -9999 -9999 -9999 -9999 -9999 123.34 120.065 118.842 107.191 113.987 118.474 129.895 167.124 184.229 184.905 175.585 140.093 119.085 100.237 102.736 103.458 98.599 96.604 85.318 81.458 73.759 71.439 70.328 77.838 77.929 71.664 72.904 72.753 67.831 66.692 66.868 66.822 67.693 65.247 65.046 65.843 64.143 64.498 65.408 64.946 67.736 69.713 71.913 69.437 67.541 62.536 61.643 63.105 64.912 61.796 61.673 60.026 64.609 64.336 61.585
