Validation/Results/raw data/ReClimate_03_2024_2_Temperature-Actuals 2.asc
NCOLS 192
NROWS 249
XLLCENTER -225160.85627316462
YLLCENTER 29788.11610251502
CELLSIZE 5000.0
NODATA_VALUE -9999
[rows 68 to 101 of 249, columns 76 to 151 of 192]
-9999 -9999 -9999 -9999 -9999 -9999 -9999 -9999 -9999 -9999 9.354 8.597 9.574 10.035 9.108 8.698 9.319 9.433 9.446 9.651 9.459 9.598 9.186 9.226 9.542 8.993 9.315 10.013 -9999 -9999 -9999 -9999 -9999 -9999 -9999 -9999 -9999 -9999 -9999 -9999 -9999 -9999 -9999 -9999 -9999 -9999 -9999 -9999 -9999 -9999 -9999 -9999 -9999 -9999 -9999 -9999 -9999 -9999 -9999 -9999 -9999 -9999 -9999 -9999 -9999 -9999 -9999 -9999 -9999 -9999 -9999 -9999 -9999 -9999 -9999 -9999
-9999 -9999 -9999 -9999 -9999 -9999 -9999 -9999 -9999 -9999 -9999 -9999 9.949 9.167 8.43 9.229 9.647 9.29 9.108 9.297 9.88 9.821 9.167 9.355 9.348 10.089 -9999 -9999 -9999 -9999 -9999 -9999 -9999 -9999 -9999 -9999 -9999 -9999 -9999 -9999 -9999 -9999 -9999 -9999 -9999 -9999 -9999 -9999 -9999 -9999 -9999 -9999 -9999 -9999 -9999 -9999 -9999 -9999 -9999 -9999 -9999 -9999 -9999 -9999 -9999 -9999 -9999 -9999 -9999 -9999 -9999 -9999 -9999 -9999 -9999 -9999
-9999 -9999 -9999 -9999 -9999 -9999 10.452 -9999 -9999 10.312 9.831 9.555 9.638 8.096 8.561 8.961 8.79 8.176 8.557 9.12 10.129 9.659 9.53 9.076 9.696 10.018 -9999 -9999 -9999 -9999 -9999 -9999 -9999 -9999 -9999 -9999 -9999 -9999 -9999 -9999 -9999 -9999 -9999 -9999 -9999 -9999 -9999 -9999 -9999 -9999 -9999 -9999 -9999 -9999 -9999 -9999 -9999 -9999 -9999 -9999 -9999 -9999 -9999 -9999 -9999 -9999 -9999 -9999 -9999 -9999 -9999 -9999 -9999 -9999 -9999 -9999
-9999 -9999 -9999 -9999 10.562 10.579 10.488 10.524 9.92 9.851 8.61 8.544 8.75 9.533 7.843 7.74 7.692 7.885 8.714 8.578 8.052 9.659 9.877 10.106 10.275 10.311 -9999 -9999 -9999 -9999 -9999 -9999 -9999 -9999 -9999 -9999 -9999 -9999 -9999 -9999 -9999 -9999 -9999 -9999 -9999 -9999 -9999 -9999 -9999 -9999 -9999 -9999 -9999 -9999 -9999 -9999 -9999 -9999 -9999 -9999 -9999 -9999 -9999 -9999 -9999 -9999 -9999 -9999 -9999 -9999 -9999 -9999 -9999 -9999 -9999 -9999
-9999 -9999 -9999 -9999 10.538 10.463 -9999 10.413 9.468 8.608 8.323 7.125 9.533 8.295 7.143 7.069 7.286 7.824 7.51 6.907 8.214 8.752 8.811 9.561 9.493 -9999 10.081 -9999 -9999 -9999 -9999 -9999 -9999 -9999 -9999 -9999 -9999 -9999 -9999 -9999 -9999 -9999 -9999 -9999 -9999 -9999 -9999 -9999 -9999 -9999 -9999 -9999 -9999 -9999 -9999 -9999 -9999 -9999 -9999 -9999 -9999 -9999 -9999 -9999 -9999 -9999 -9999 -9999 -9999 -9999 -9999 -9999 -9999 -9999 -9999 -9999
-9999 -9999 -9999 -9999 -9999 10.056 10.195 10.257 9.042 9.061 7.134 8.548 8.669 8.56 8.274 7.946 7.254 7.641 7.305 7.914 8.936 8.707 8.93 9.136 9.52 10.063 10.033 -9999 -9999 -9999 -9999 -9999 -9999 -9999 -9999 -9999 -9999 -9999 -9999 -9999 -9999 -9999 -9999 -9999 -9999 -9999 -9999 -9999 -9999 -9999 -9999 -9999 -9999 -9999 -9999 -9999 -9999 -9999 -9999 -9999 -9999 -9999 -9999 -9999 -9999 -9999 -9999 -9999 -9999 -9999 -9999 -9999 -9999 -9999 -9999 -9999
-9999 -9999 -9999 -9999 -9999 -9999 10.662 10.198 9.794 7.362 8.205 8.213 8.324 7.221 6.632 7.698 8.438 8.17 7.466 8.427 9.045 8.766 9.401 9.615 10.262 10.153 9.714 -9999 -9999 -9999 -9999 -9999 -9999 -9999 -9999 -9999 -9999 -9999 -9999 -9999 -9999 -9999 -9999 -9999 -9999 -9999 -9999 -9999 -9999 -9999 -9999 -9999 -9999 -9999 -9999 -9999 -9999 -9999 -9999 -9999 -9999 -9999 -9999 -9999 -9999 -9999 -9999 -9999 -9999 -9999 -9999 -9999 -9999 -9999 -9999 -9999
-9999 -9999 -9999 -9999 9.53 9.752 9.469 9.224 8.984 9.712 8.42 8.465 8.035 7.609 8.207 8.476 8.351 8.562 8.207 7.435 8.57 9.424 10.294 10.491 -9999 9.97 -9999 -9999 -9999 -9999 -9999 -9999 10.614 10.607 10.574 -9999 -9999 -9999 -9999 -9999 -9999 -9999 -9999 -9999 -9999 -9999 -9999 -9999 -9999 -9999 -9999 -9999 -9999 -9999 -9999 -9999 -9999 -9999 -9999 -9999 -9999 -9999 -9999 -9999 -9999 -9999 -9999 -9999 -9999 -9999 -9999 -9999 -9999 -9999 -9999 -9999
-9999 -9999 -9999 -9999 -9999 9.294 8.818 8.581 9.321 8.968 9.779 8.561 8.634 8.208 8.834 9.114 9.984 9.319 7.906 8.732 9.406 10.226 10.188 9.876 9.852 -9999 -9999 -9999 -9999 10.713 10.759 10.715 10.69 10.684 10.666 10.639 10.624 10.363 9.841 9.591 9.914 10.291 10.467 10.306 9.736 9.329 9.36 9.652 9.814 9.795 9.737 -9999 -9999 -9999 -9999 -9999 -9999 -9999 -9999 -9999 -9999 -9999 -9999 -9999 -9999 -9999 -9999 -9999 -9999 -9999 -9999 -9999 -9999 -9999 -9999 -9999
-9999 -9999 -9999 9.002 -9999 9.524 10.25 9.377 7.718 10.388 9.209 9.468 8.713 9.169 8.687 9.051 8.92 9.597 10.009 10.062 10.171 10.335 9.715 9.667 -9999 -9999 -9999 -9999 10.333 10.646 10.782 10.323 10.077 10.523 10.454 10.352 10.44 9.477 9.087 9.279 9.728 10.061 9.977 10.105 9.937 9.524 9.327 9.564 9.54 9.275 9.717 -9999 -9999 -9999 -9999 -9999 -9999 -9999 -9999 -9999 -9999 -9999 -9999 -9999 -9999 -9999 -9999 -9999 -9999 -9999 -9999 -9999 -9999 -9999 -9999 -9999
-9999 -9999 -9999 8.586 8.786 10.07 9.754 7.422 8.866 8.269 9.91 8.87 9.095 8.951 9.139 9.003 8.378 8.914 9.343 10.364 10.639 9.974 10.429 -9999 -9999 10.227 10.457 10.347 10.267 10.466 10.331 9.927 9.997 9.591 9.479 9.937 9.741 9.437 9.571 9.738 9.822 9.531 9.965 10.084 9.854 9.481 9.517 9.539 9.348 9.288 9.566 9.706 -9999 -9999 -9999 -9999 -9999 -9999 -9999 -9999 -9999 -9999 -9999 -9999 -9999 -9999 -9999 -9999 -9999 -9999 -9999 -9999 -9999 -9999 -9999 -9999
-9999 9.913 -9999 9.672 9.759 9.151 8.509 8.996 7.247 8.891 9.528 8.972 8.402 8.135 8.632 8.639 8.585 8.204 9.121 9.807 10.573 10.822 11.026 -9999 9.928 9.802 10.021 9.955 10.07 10.164 9.634 9.443 9.104 8.761 9.256 9.71 9.231 9.174 9.252 9.597 9.975 10.16 10.194 9.966 9.763 9.552 9.542 9.516 9.631 9.657 9.547 9.604 -9999 -9999 -9999 -9999 -9999 -9999 -9999 -9999 -9999 -9999 -9999 -9999 -9999 -9999 -9999 -9999 -9999 -9999 -9999 -9999 -9999 -9999 -9999 -9999
10.051 -9999 -9999 -9999 8.5 7.755 9.177 8.565 10.065 9.849 9.495 8.846 7.968 7.938 7.18 7.425 7.715 8.722 9.438 10.451 10.348 9.806 10.495 10.392 9.503 9.049 8.836 9.203 9.523 9.294 9.059 8.574 8.585 9.429 9.684 9.609 9.555 9.1 9.202 9.7 10.05 10.186 9.86 9.632 9.769 9.651 9.536 9.465 9.69 9.572 9.479 9.449 -9999 -9999 -9999 -9999 -9999 -9999 -9999 -9999 -9999 -9999 -9999 -9999 -9999 -9999 -9999 -9999 -9999 -9999 -9999 -9999 -9999 -9999 -9999 -9999
-9999 -9999 -9999 -9999 9.287 10.139 9.947 -9999 9.715 8.832 8.507 8.912 8.752 8.349 8.723 8.802 8.604 8.83 9.142 9.415 8.908 8.899 10.213 9.556 9.235 8.396 7.955 8.544 9.018 8.942 8.472 8.168 9.254 9.624 8.842 9.273 8.727 8.666 9.234 9.408 9.947 9.568 9.112 9.637 9.73 9.84 9.591 9.878 9.672 9.413 9.547 9.51 -9999 -9999 -9999 -9999 -9999 -9999 -9999 -9999 -9999 -9999 -9999 -9999 -9999 -9999 -9999 -9999 -9999 -9999 -9999 -9999 -9999 -9999 -9999 -9999
-9999 -9999 -9999 10.222 -9999 -9999 10.544 10.386 9.158 7.606 7.719 8.005 7.315 8.386 8.786 8.871 9.377 9.117 8.824 8.834 8.608 10.357 9.56 9.276 8.129 8.353 8.192 7.911 8.546 8.535 8.474 9.11 9.723 8.85 8.897 8.836 8.485 8.676 8.418 9.315 9.535 8.852 9.457 9.694 9.66 9.354 9.834 10.002 9.844 9.56 9.571 -9999 -9999 -9999 -9999 -9999 -9999 -9999 -9999 -9999 -9999 -9999 -9999 -9999 -9999 -9999 -9999 -9999 -9999 -9999 -9999 -9999 -9999 -9999 -9999 -9999
9.942 10.359 -9999 -9999 -9999 9.342 10.903 -9999 9.527 9.748 9.018 7.363 6.819 6.638 7.817 9.385 9.177 8.513 8.203 8.995 10.264 9.307 9.268 8.41 8.211 8.423 7.915 7.937 8.829 9.027 9.273 9.18 8.279 8.88 8.513 7.531 8.26 8.323 8.634 9.439 9.159 9.493 9.792 9.923 9.745 9.879 9.798 9.993 9.839 9.64 -9999 -9999 -9999 -9999 -9999 -9999 -9999 -9999 -9999 -9999 -9999 -9999 -9999 -9999 -9999 -9999 -9999 -9999 -9999 -9999 -9999 -9999 -9999 -9999 -9999 -9999
9.488 10.291 -9999 9.9 8.895 8.978 9.439 8.815 10.07 10.03 8.117 6.266 6.737 8.575 8.829 9.04 8.226 7.495 8.131 9.359 9.525 8.742 7.524 7.222 8.001 7.95 7.861 9.162 9.47 9.363 8.782 8.061 9.103 9.125 8.414 8.071 7.765 7.858 8.089 9.059 8.607 9.113 8.928 8.662 9.838 10.004 9.727 9.663 9.751 9.661 -9999 -9999 -9999 -9999 -9999 -9999 -9999 -9999 -9999 -9999 -9999 -9999 -9999 -9999 -9999 -9999 -9999 -9999 -9999 -9999 -9999 -9999 -9999 -9999 -9999 -9999
10.071 10.707 10.107 9.766 8.697 -9999 9.876 9.242 8.303 7.732 8.003 7.76 8.576 7.501 8.271 8.264 8.339 8.934 9.184 9.509 9.018 7.445 6.518 7.549 7.875 7.36 8.718 8.85 9.741 9.452 8.881 8.732 8.541 8.548 8.04 7.263 7.771 8.16 8.806 9.18 9.435 9.571 9.146 9.721 10.127 10.057 9.926 9.869 9.764 -9999 -9999 -9999 -9999 -9999 -9999 -9999 -9999 -9999 -9999 -9999 -9999 -9999 -9999 -9999 -9999 -9999 -9999 -9999 -9999 -9999 -9999 -9999 -9999 -9999 -9999 -9999
-9999 -9999 10.486 9.386 -9999 9.959 8.776 7.152 7.087 9.199 9.203 8.597 6.733 7.584 9.394 9.475 8.97 8.573 9.737 9.152 7.814 6.547 6.562 6.929 6.528 7.885 7.643 8.871 9.236 8.269 8.568 7.424 7.518 7.274 6.91 7.579 8.624 8.735 8.937 9.116 9.148 9.448 9.487 9.844 9.979 10.048 10.034 10.021 10.011 -9999 -9999 -9999 -9999 -9999 -9999 -9999 -9999 -9999 -9999 -9999 -9999 -9999 -9999 -9999 -9999 -9999 -9999 -9999 -9999 -9999 -9999 -9999 -9999 -9999 -9999 -9999
-9999 10.782 10.18 -9999 10.736 9.591 -9999 8.894 10.207 8.976 8.828 6.644 7.244 8.733 8.214 8.134 9.001 9.975 8.507 7.909 6.972 6.084 6.033 5.867 6.536 7.533 8.805 9.841 9.038 8.898 7.224 6.539 6.985 7.501 7.552 8.241 8.236 8.504 9.058 9.099 9.084 9.041 9.321 9.576 9.601 9.906 9.721 9.722 10.034 -9999 -9999 -9999 -9999 -9999 -9999 -9999 -9999 -9999 -9999 -9999 -9999 -9999 -9999 -9999 -9999 -9999 -9999 -9999 -9999 -9999 -9999 -9999 -9999 -9999 -9999 -9999
-9999 11.185 -9999 -9999 10.367 9.57 9.003 10.199 8.657 8.718 8.966 8.922 9.089 9.307 9.566 10.082 10.061 8.049 7.0 6.69 6.169 5.757 5.469 6.284 8.123 9.085 8.948 7.845 7.869 5.291 4.995 6.129 6.72 6.806 7.809 7.953 8.103 8.52 9.717 9.571 9.469 9.639 9.287 8.311 9.346 10.021 9.967 10.035 10.051 -9999 -9999 -9999 -9999 -9999 -9999 -9999 -9999 -9999 -9999 -9999 -9999 -9999 -9999 -9999 -9999 -9999 -9999 -9999 -9999 -9999 -9999 -9999 -9999 -9999 -9999 -9999
-9999 -9999 -9999 -9999 -9999 8.798 9.289 9.84 8.325 8.394 9.741 9.054 8.634 8.903 8.998 9.105 7.711 6.777 6.467 7.399 7.199 6.283 6.272 7.88 9.157 8.96 8.063 7.116 5.063 5.514 5.154 5.877 6.124 6.86 7.346 7.73 8.47 9.683 9.853 9.64 10.074 10.068 9.175 9.595 10.205 10.196 9.887 9.774 -9999 -9999 -9999 -9999 -9999 -9999 -9999 -9999 -9999 -9999 -9999 -9999 -9999 -9999 -9999 -9999 -9999 -9999 -9999 -9999 -9999 -9999 -9999 -9999 -9999 -9999 -9999 -9999
-9999 -9999 -9999 11.373 10.534 -9999 9.265 9.224 8.304 10.272 10.166 9.512 8.63 7.269 7.277 7.567 8.214 7.939 7.887 7.373 7.696 7.623 8.207 8.579 7.908 7.668 6.633 5.466 5.962 5.577 6.713 6.96 7.584 8.452 8.307 8.366 8.505 8.583 8.987 9.201 8.95 9.577 10.188 9.818 9.524 9.279 9.304 9.691 -9999 -9999 -9999 -9999 -9999 -9999 -9999 -9999 -9999 -9999 -9999 -9999 -9999 -9999 -9999 -9999 -9999 -9999 -9999 -9999 -9999 -9999 -9999 -9999 -9999 -9999 -9999 -9999
-9999 -9999 11.264 11.461 9.623 9.735 8.382 7.84 8.622 8.484 9.289 9.813 9.109 9.287 8.921 7.638 7.813 6.745 5.773 8.687 8.334 8.366 8.153 7.781 7.118 6.876 6.191 6.819 6.983 7.388 7.348 7.654 7.323 7.047 6.636 7.344 7.653 7.096 6.82 7.361 8.095 8.96 8.83 8.739 8.798 9.086 9.373 -9999 -9999 -9999 -9999 -9999 -9999 -9999 -9999 -9999 -9999 -9999 -9999 -9999 -9999 -9999 -9999 -9999 -9999 -9999 -9999 -9999 -9999 -9999 -9999 -9999 -9999 -9999 -9999 -9999
-9999 -9999 11.352 -9999 11.067 10.602 9.85 9.241 8.631 9.76 9.558 8.426 10.151 10.277 9.251 8.797 7.607 7.552 9.334 8.234 6.955 7.361 7.538 5.996 6.892 6.624 6.364 6.292 6.704 6.706 6.895 6.602 6.608 5.832 5.939 7.777 6.736 6.892 8.43 8.345 7.975 8.464 8.308 8.513 9.318 9.155 9.379 -9999 -9999 -9999 -9999 -9999 -9999 -9999 -9999 -9999 -9999 -9999 -9999 -9999 -9999 -9999 -9999 -9999 -9999 -9999 -9999 -9999 -9999 -9999 -9999 -9999 -9999 -9999 -9999 -9999
-9999 -9999 -9999 -9999 10.242 9.157 10.792 10.644 10.799 11.01 10.376 11.037 10.572 9.964 9.306 7.97 8.924 8.95 8.35 6.585 7.372 8.327 6.736 6.019 7.112 6.771 6.972 6.195 6.628 6.818 5.504 5.932 5.771 4.866 6.333 6.512 6.207 7.421 8.199 8.623 9.405 9.008 8.56 9.463 9.74 9.545 9.457 -9999 -9999 -9999 -9999 -9999 -9999 -9999 -9999 -9999 -9999 -9999 -9999 -9999 -9999 -9999 -9999 -9999 -9999 -9999 -9999 -9999 -9999 -9999 -9999 -9999 -9999 -9999 -9999 -9999
-9999 -9999 11.213 10.99 9.759 10.242 10.833 9.168 10.159 9.488 9.657 -9999 9.255 5.847 6.573 7.166 7.368 6.842 6.484 6.515 6.746 6.659 6.696 7.391 7.818 8.302 7.719 7.246 7.321 5.96 7.0 7.024 6.948 6.288 6.174 6.8 8.149 7.541 7.921 8.793 8.456 9.311 9.881 10.149 9.869 9.302 9.74 -9999 -9999 -9999 -9999 -9999 -9999 -9999 -9999 -9999 -9999 -9999 -9999 -9999 -9999 -9999 -9999 -9999 -9999 -9999 -9999 -9999 -9999 -9999 -9999 -9999 -9999 -9999 -9999 -9999
11.06 10.846 -9999 11.11 10.644 10.711 9.771 8.883 8.93 9.582 -9999 9.06 5.908 6.398 6.479 7.752 7.718 7.744 6.989 7.084 6.484 7.106 7.933 8.282 8.647 9.224 8.803 8.986 7.642 7.665 7.683 7.768 7.831 7.541 7.418 8.088 8.082 8.004 8.076 8.027 9.492 10.017 10.29 10.105 9.389 9.647 -9999 -9999 -9999 -9999 -9999 -9999 -9999 -9999 -9999 -9999 -9999 -9999 -9999 -9999 -9999 -9999 -9999 -9999 -9999 -9999 -9999 -9999 -9999 -9999 -9999 -9999 -9999 -9999 -9999 -9999
10.775 9.944 10.223 -9999 10.798 10.507 9.833 9.155 10.075 10.961 10.221 8.361 7.913 8.88 7.835 8.343 8.165 8.067 7.838 8.185 7.75 8.476 8.032 7.316 8.96 8.855 9.335 9.097 8.575 7.937 8.358 8.65 8.289 7.785 8.12 8.201 8.695 8.46 8.685 9.496 9.97 10.0 9.98 9.89 -9999 -9999 -9999 -9999 -9999 -9999 -9999 -9999 -9999 -9999 -9999 -9999 -9999 -9999 -9999 -9999 -9999 -9999 -9999 -9999 -9999 -9999 -9999 -9999 -9999 -9999 -9999 -9999 -9999 -9999 -9999 -9999
-9999 10.234 -9999 9.877 9.894 9.705 8.266 8.589 -9999 -9999 8.696 9.512 10.025 7.747 8.251 7.612 8.247 7.753 9.265 9.316 9.621 9.574 8.863 9.185 8.784 9.39 8.835 8.885 8.959 8.693 8.664 9.012 8.604 8.59 8.614 9.031 8.825 9.318 9.95 10.299 10.183 9.907 10.141 -9999 -9999 -9999 -9999 -9999 -9999 -9999 -9999 -9999 -9999 -9999 -9999 -9999 -9999 -9999 -9999 -9999 -9999 -9999 -9999 -9999 -9999 -9999 -9999 -9999 -9999 -9999 -9999 -9999 -9999 -9999 -9999 -9999
-9999 10.145 9.177 10.093 9.607 9.429 9.996 -9999 -9999 9.533 8.496 8.89 7.688 9.246 9.026 8.777 8.69 9.265 9.267 9.14 8.883 8.559 7.845 6.913 8.213 8.619 8.669 9.812 9.979 9.691 8.853 8.823 9.175 9.194 9.399 9.598 9.648 10.078 10.384 10.355 10.091 10.024 9.851 9.902 -9999 -9999 -9999 -9999 -9999 -9999 -9999 -9999 -9999 -9999 -9999 -9999 -9999 -9999 -9999 -9999 -9999 -9999 -9999 -9999 -9999 -9999 -9999 -9999 -9999 -9999 -9999 -9999 -9999 -9999 -9999 -9999
10.074 10.415 10.302 9.969 9.873 9.936 -9999 -9999 11.309 9.362 10.329 9.141 9.8 8.609 7.536 8.889 8.783 8.822 7.8 7.313 7.789 8.54 8.87 9.134 9.521 8.901 9.422 9.424 9.311 9.037 8.993 9.248 9.732 10.006 10.218 10.317 10.254 10.139 10.101 10.147 10.09 10.004 10.057 -9999 -9999 -9999 -9999 -9999 -9999 -9999 -9999 -9999 -9999 -9999 -9999 -9999 -9999 -9999 -9999 -9999 -9999 -9999 -9999 -9999 -9999 -9999 -9999 -9999 -9999 -9999 -9999 -9999 -9999 -9999 -9999 -9999
10.566 -9999 -9999 10.905 9.913 -9999 -9999 -9999 11.135 10.16 7.879 8.6 6.944 8.091 9.477 9.291 8.556 8.073 7.9 7.85 8.611 8.391 8.138 9.162 9.72 8.864 8.262 8.164 8.881 9.32 10.125 9.993 10.598 10.711 10.793 10.475 9.788 9.726 9.76 9.835 9.831 10.098 10.205 -9999 -9999 -9999 -9999 -9999 -9999 -9999 -9999 -9999 -9999 -9999 -9999 -9999 -9999 -9999 -9999 -9999 -9999 -9999 -9999 -9999 -9999 -9999 -9999 -9999 -9999 -9999 -9999 -9999 -9999 -9999 -9999 -9999
11.071 11.128 10.778 -9999 -9999 -9999 -9999 10.151 10.058 8.424 9.147 8.929 7.846 8.915 9.091 8.419 7.053 8.083 6.871 8.757 8.193 7.369 9.513 10.53 8.403 7.09 7.371 9.103 9.097 9.662 9.836 10.5 10.739 10.761 10.404 9.521 9.955 10.016 10.115 9.989 10.07 10.334 -9999 -9999 -9999 -9999 -9999 -9999 -9999 -9999 -9999 -9999 -9999 -9999 -9999 -9999 -9999 -9999 -9999 -9999 -9999 -9999 -9999 -9999 -9999 -9999 -9999 -9999 -9999 -9999 -9999 -9999 -9999 -9999 -9999 -9999
