Validation/Results/raw data/ReClimate_08_2024_1_Temperatureweatherlogisticsltd.asc
NCOLS 192
NROWS 249
XLLCENTER -225160.85627316462
YLLCENTER 29788.11610251502
CELLSIZE 5000.0
NODATA_VALUE -9999
[rows 102 to 135 of 249, columns 75 to 149 of 192]
-0.165 -0.179 -0.17 -0.161 -0.158 -0.153 -9999 -9999 -0.13 -9999 -9999 -0.125 -0.124 -0.125 -0.127 -0.132 -0.121 -0.11 -0.108 -0.107 -0.107 -0.111 -0.121 -0.134 -0.135 -0.137 -0.129 -0.12 -0.119 -0.119 -0.127 -0.139 -0.138 -0.138 -0.14 -0.144 -0.119 -0.09 -0.089 -0.09 -0.093 -0.099 -9999 -9999 -9999 -9999 -9999 -9999 -9999 -9999 -9999 -9999 -9999 -9999 -9999 -9999 -9999 -9999 -9999 -9999 -9999 -9999 -9999 -9999 -9999 -9999 -9999 -9999 -9999 -9999 -9999 -9999 -9999 -9999 -9999
-0.171 -0.172 -0.165 -0.161 -9999 -9999 -9999 -0.129 -0.127 -0.142 -0.142 -0.142 -0.138 -0.128 -0.129 -0.129 -0.117 -0.102 -0.104 -0.119 -0.12 -0.119 -0.125 -0.125 -0.121 -0.111 -0.104 -0.104 -0.108 -0.124 -0.133 -0.148 -0.147 -0.146 -0.136 -0.107 -0.097 -9999 -9999 -0.084 -9999 -9999 -9999 -9999 -9999 -9999 -9999 -9999 -9999 -9999 -9999 -9999 -9999 -9999 -9999 -9999 -9999 -9999 -9999 -9999 -9999 -9999 -9999 -9999 -9999 -9999 -9999 -9999 -9999 -9999 -9999 -9999 -9999 -9999 -9999
-0.169 -0.17 -9999 -0.162 -9999 -9999 -9999 -0.127 -0.137 -0.149 -0.149 -0.15 -0.14 -0.131 -0.13 -0.13 -0.117 -0.102 -0.113 -0.128 -0.127 -0.126 -0.126 -0.126 -0.116 -0.105 -0.103 -0.102 -0.114 -0.129 -0.14 -0.155 -0.153 -0.152 -0.127 -0.097 -9999 -0.132 -0.11 -0.086 -0.09 -9999 -9999 -9999 -9999 -9999 -9999 -9999 -9999 -9999 -9999 -9999 -9999 -9999 -9999 -9999 -9999 -9999 -9999 -9999 -9999 -9999 -9999 -9999 -9999 -9999 -9999 -9999 -9999 -9999 -9999 -9999 -9999 -9999 -9999
-0.165 -9999 -9999 -9999 -9999 -0.144 -0.134 -0.125 -0.132 -0.14 -0.14 -0.14 -0.137 -0.148 -0.143 -0.132 -0.124 -0.127 -0.132 -0.129 -0.126 -0.123 -0.122 -0.121 -0.113 -0.109 -0.106 -0.102 -0.11 -0.116 -0.127 -0.146 -0.145 -0.146 -9999 -0.12 -0.128 -0.127 -0.108 -0.092 -0.087 -9999 -9999 -9999 -9999 -9999 -9999 -9999 -9999 -9999 -9999 -9999 -9999 -9999 -9999 -9999 -9999 -9999 -9999 -9999 -9999 -9999 -9999 -9999 -9999 -9999 -9999 -9999 -9999 -9999 -9999 -9999 -9999 -9999 -9999
-9999 -9999 -9999 -9999 -9999 -0.152 -0.137 -0.125 -0.13 -0.138 -0.137 -0.137 -0.145 -0.154 -0.145 -0.135 -0.137 -0.14 -0.136 -0.132 -0.129 -0.126 -0.124 -0.123 -0.119 -0.116 -0.111 -0.106 -0.11 -0.115 -0.129 -0.147 -0.147 -0.148 -0.141 -0.133 -0.131 -0.129 -0.115 -0.1 -0.092 -0.091 -9999 -9999 -9999 -9999 -9999 -9999 -9999 -9999 -9999 -9999 -9999 -9999 -9999 -9999 -9999 -9999 -9999 -9999 -9999 -9999 -9999 -9999 -9999 -9999 -9999 -9999 -9999 -9999 -9999 -9999 -9999 -9999 -9999
-9999 -9999 -9999 -9999 -0.151 -9999 -9999 -0.138 -0.138 -0.131 -0.133 -0.142 -9999 -9999 -0.126 -0.135 -0.137 -0.14 -0.14 -0.147 -0.14 -0.129 -0.126 -0.123 -0.115 -0.101 -0.101 -0.112 -0.113 -0.112 -0.122 -0.131 -0.129 -0.129 -0.12 -0.111 -0.109 -0.115 -0.106 -0.107 -0.101 -0.1 -0.098 -9999 -9999 -9999 -9999 -9999 -9999 -9999 -9999 -9999 -9999 -9999 -9999 -9999 -9999 -9999 -9999 -9999 -9999 -9999 -9999 -9999 -9999 -9999 -9999 -9999 -9999 -9999 -9999 -9999 -9999 -9999 -9999
-9999 -9999 -9999 -9999 -0.149 -9999 -0.148 -0.144 -0.137 -0.129 -0.136 -0.144 -0.134 -0.123 -0.129 -0.137 -0.14 -0.143 -0.148 -0.155 -0.145 -0.134 -0.13 -0.126 -0.114 -0.1 -0.108 -0.118 -0.117 -0.116 -0.121 -0.129 -0.127 -0.126 -0.117 -0.107 -0.11 -0.114 -0.114 -0.115 -0.111 -0.108 -9999 -9999 -9999 -9999 -9999 -9999 -9999 -9999 -9999 -9999 -9999 -9999 -9999 -9999 -9999 -9999 -9999 -9999 -9999 -9999 -9999 -9999 -9999 -9999 -9999 -9999 -9999 -9999 -9999 -9999 -9999 -9999 -9999
-9999 -9999 -9999 -9999 -0.147 -9999 -0.14 -0.127 -0.123 -0.127 -0.131 -9999 -0.127 -0.122 -9999 -0.15 -0.147 -0.132 -0.135 -0.137 -0.133 -0.142 -0.137 -0.131 -0.123 -0.121 -0.128 -0.135 -0.133 -0.128 -0.133 -0.137 -0.139 -0.147 -0.131 -0.097 -0.103 -0.122 -9999 -9999 -9999 -9999 -9999 -9999 -9999 -9999 -9999 -9999 -9999 -9999 -9999 -9999 -9999 -9999 -9999 -9999 -9999 -9999 -9999 -9999 -9999 -9999 -9999 -9999 -9999 -9999 -9999 -9999 -9999 -9999 -9999 -9999 -9999 -9999 -9999
-9999 -9999 -0.151 -0.148 -9999 -9999 -0.128 -0.123 -0.124 -0.128 -0.13 -0.133 -0.129 -0.124 -9999 -0.157 -0.145 -0.131 -0.131 -0.132 -0.14 -0.148 -0.142 -0.136 -0.135 -0.133 -0.139 -0.146 -0.142 -0.138 -0.141 -0.145 -0.151 -0.159 -0.131 -0.099 -0.114 -9999 -9999 -9999 -9999 -9999 -9999 -9999 -9999 -9999 -9999 -9999 -9999 -9999 -9999 -9999 -9999 -9999 -9999 -9999 -9999 -9999 -9999 -9999 -9999 -9999 -9999 -9999 -9999 -9999 -9999 -9999 -9999 -9999 -9999 -9999 -9999 -9999 -9999
-9999 -0.146 -0.146 -0.142 -9999 -0.133 -0.128 -0.137 -0.136 -9999 -0.131 -0.146 -0.142 -0.139 -9999 -0.147 -0.14 -0.142 -0.137 -0.121 -0.131 -0.148 -0.142 -0.136 -0.134 -0.135 -0.138 -0.141 -9999 -0.14 -0.144 -0.15 -0.157 -0.165 -0.139 -0.111 -9999 -9999 -9999 -9999 -9999 -9999 -9999 -9999 -9999 -9999 -9999 -9999 -9999 -9999 -9999 -9999 -9999 -9999 -9999 -9999 -9999 -9999 -9999 -9999 -9999 -9999 -9999 -9999 -9999 -9999 -9999 -9999 -9999 -9999 -9999 -9999 -9999 -9999 -9999
-9999 -0.141 -0.138 -9999 -9999 -0.132 -0.137 -0.143 -9999 -0.127 -0.138 -0.153 -0.149 -0.146 -9999 -0.145 -0.146 -0.148 -0.135 -0.12 -0.134 -0.151 -0.146 -0.139 -0.139 -0.139 -0.14 -0.142 -0.144 -0.145 -9999 -9999 -0.163 -0.171 -9999 -9999 -9999 -9999 -9999 -9999 -0.138 -0.136 -0.14 -9999 -9999 -9999 -9999 -9999 -9999 -9999 -9999 -9999 -9999 -9999 -9999 -9999 -9999 -9999 -9999 -9999 -9999 -9999 -9999 -9999 -9999 -9999 -9999 -9999 -9999 -9999 -9999 -9999 -9999 -9999 -9999
-0.147 -0.135 -9999 -9999 -0.139 -0.134 -0.137 -0.141 -9999 -0.135 -0.145 -0.151 -0.151 -0.157 -9999 -9999 -9999 -0.136 -0.126 -0.12 -0.129 -0.134 -0.134 -0.144 -0.146 -0.153 -0.151 -0.143 -0.148 -0.162 -0.164 -0.16 -0.158 -0.146 -9999 -9999 -9999 -9999 -9999 -0.133 -0.136 -0.116 -0.118 -0.125 -9999 -9999 -9999 -9999 -9999 -9999 -9999 -9999 -9999 -9999 -9999 -9999 -9999 -9999 -9999 -9999 -9999 -9999 -9999 -9999 -9999 -9999 -9999 -9999 -9999 -9999 -9999 -9999 -9999 -9999 -9999
-0.147 -0.134 -9999 -9999 -9999 -0.135 -0.137 -0.14 -9999 -0.141 -9999 -0.153 -0.158 -0.163 -9999 -0.146 -0.14 -0.134 -9999 -0.123 -0.127 -0.131 -0.139 -0.149 -0.155 -0.162 -0.155 -0.148 -0.159 -0.172 -0.169 -0.165 -0.154 -0.141 -0.14 -0.142 -0.134 -9999 -0.127 -0.131 -0.121 -0.113 -0.116 -0.122 -0.125 -0.126 -9999 -9999 -9999 -9999 -9999 -9999 -9999 -9999 -9999 -9999 -9999 -9999 -9999 -9999 -9999 -9999 -9999 -9999 -9999 -9999 -9999 -9999 -9999 -9999 -9999 -9999 -9999 -9999 -9999
-0.129 -9999 -9999 -9999 -9999 -0.137 -0.135 -0.129 -9999 -0.137 -9999 -0.146 -0.152 -9999 -0.165 -0.161 -0.15 -0.131 -0.132 -0.144 -0.141 -0.127 -0.137 -0.153 -0.156 -0.158 -0.148 -0.135 -0.144 -0.157 -0.148 -0.132 -0.129 -0.145 -0.14 -0.13 -0.125 -0.136 -0.134 -0.135 -0.13 -0.131 -0.14 -0.161 -0.164 -0.168 -0.127 -0.129 -0.126 -9999 -9999 -9999 -9999 -9999 -9999 -9999 -9999 -9999 -9999 -9999 -9999 -9999 -9999 -9999 -9999 -9999 -9999 -9999 -9999 -9999 -9999 -9999 -9999 -9999 -9999
-0.126 -9999 -9999 -9999 -9999 -0.138 -0.132 -0.126 -0.13 -9999 -9999 -0.145 -0.154 -9999 -0.167 -0.169 -0.152 -0.133 -0.142 -0.155 -0.143 -0.129 -0.142 -0.157 -0.158 -0.16 -0.148 -0.134 -0.143 -0.154 -0.14 -0.123 -0.135 -0.151 -0.14 -0.129 -0.135 -0.144 -0.143 -0.142 -0.142 -0.143 -0.158 -0.179 -0.18 -0.183 -0.151 -0.118 -0.127 -0.119 -9999 -9999 -9999 -9999 -9999 -9999 -9999 -9999 -9999 -9999 -9999 -9999 -9999 -9999 -9999 -9999 -9999 -9999 -9999 -9999 -9999 -9999 -9999 -9999 -9999
-9999 -9999 -9999 -9999 -9999 -0.133 -0.127 -0.125 -0.133 -9999 -9999 -0.16 -0.171 -9999 -9999 -0.166 -0.153 -0.143 -0.147 -0.142 -0.136 -0.139 -0.147 -0.149 -0.156 -0.175 -0.164 -0.15 -0.153 -0.148 -0.142 -0.153 -0.16 -0.161 -0.156 -0.159 -0.164 -0.165 -0.158 -0.138 -0.14 -0.15 -0.162 -0.173 -0.171 -0.166 -0.139 -0.121 -0.119 -0.118 -9999 -9999 -9999 -9999 -9999 -9999 -9999 -9999 -9999 -9999 -9999 -9999 -9999 -9999 -9999 -9999 -9999 -9999 -9999 -9999 -9999 -9999 -9999 -9999 -9999
-9999 -9999 -9999 -9999 -9999 -0.129 -0.127 -0.125 -9999 -9999 -9999 -9999 -0.172 -9999 -0.169 -0.168 -0.16 -0.151 -0.147 -0.142 -0.144 -0.147 -0.148 -0.149 -0.165 -0.184 -0.173 -0.16 -0.155 -0.15 -0.158 -0.168 -0.168 -0.169 -0.171 -0.175 -0.176 -0.177 -0.16 -0.141 -0.148 -0.157 -0.164 -0.173 -0.167 -0.162 -0.145 -0.127 -0.125 -0.123 -0.111 -9999 -9999 -9999 -9999 -9999 -9999 -9999 -9999 -9999 -9999 -9999 -9999 -9999 -9999 -9999 -9999 -9999 -9999 -9999 -9999 -9999 -9999 -9999 -9999
-9999 -9999 -9999 -0.117 -0.121 -0.119 -0.116 -9999 -9999 -0.145 -9999 -9999 -9999 -9999 -0.154 -0.165 -0.157 -0.147 -0.146 -0.151 -0.151 -0.148 -0.151 -0.157 -0.166 -0.168 -0.161 -0.16 -0.156 -0.154 -0.16 -0.165 -0.165 -0.169 -0.171 -0.172 -0.174 -0.182 -0.163 -0.135 -0.14 -0.146 -0.148 -0.147 -0.149 -0.17 -0.151 -0.125 -0.124 -0.128 -0.121 -9999 -9999 -9999 -9999 -9999 -9999 -9999 -9999 -9999 -9999 -9999 -9999 -9999 -9999 -9999 -9999 -9999 -9999 -9999 -9999 -9999 -9999 -9999 -9999
-9999 -9999 -9999 -9999 -0.119 -0.115 -0.115 -9999 -0.128 -0.143 -0.144 -9999 -9999 -9999 -9999 -0.166 -0.159 -0.15 -0.154 -0.159 -0.156 -0.153 -0.158 -0.164 -0.165 -0.167 -0.166 -0.164 -0.162 -0.16 -0.163 -0.168 -0.17 -0.174 -0.174 -0.174 -0.18 -0.187 -0.164 -0.138 -0.141 -0.147 -0.144 -0.142 -0.157 -0.177 -0.155 -0.129 -0.131 -0.134 -0.127 -0.119 -9999 -9999 -9999 -9999 -9999 -9999 -9999 -9999 -9999 -9999 -9999 -9999 -9999 -9999 -9999 -9999 -9999 -9999 -9999 -9999 -9999 -9999 -9999
-9999 -9999 -9999 -9999 -0.102 -0.101 -0.104 -9999 -0.123 -0.125 -0.126 -9999 -9999 -9999 -9999 -9999 -0.165 -0.156 -0.158 -0.158 -0.154 -0.15 -0.155 -0.162 -0.164 -0.167 -0.164 -0.156 -0.155 -0.156 -0.158 -0.164 -0.169 -0.182 -0.185 -0.192 -0.191 -0.179 -0.166 -0.167 -0.162 -0.141 -0.136 -0.129 -0.139 -0.145 -0.13 -0.131 -0.128 -0.121 -0.114 -0.119 -0.118 -9999 -9999 -9999 -9999 -9999 -9999 -9999 -9999 -9999 -9999 -9999 -9999 -9999 -9999 -9999 -9999 -9999 -9999 -9999 -9999 -9999 -9999
-9999 -9999 -9999 -9999 -0.101 -0.097 -9999 -9999 -0.116 -0.118 -0.125 -0.138 -9999 -9999 -9999 -9999 -9999 -0.162 -0.162 -0.161 -0.157 -0.153 -0.158 -0.166 -0.168 -0.172 -0.166 -0.159 -0.159 -0.16 -0.163 -0.167 -0.178 -0.19 -0.196 -0.203 -0.193 -0.181 -0.181 -0.182 -0.164 -0.144 -0.136 -0.129 -0.132 -0.137 -0.136 -0.136 -0.128 -0.12 -0.113 -0.103 -0.117 -0.116 -0.126 -9999 -9999 -9999 -9999 -9999 -9999 -9999 -9999 -9999 -9999 -9999 -9999 -9999 -9999 -9999 -9999 -9999 -9999 -9999 -9999
-9999 -9999 -9999 -9999 -0.102 -0.068 -9999 -9999 -0.108 -0.115 -0.124 -9999 -9999 -9999 -9999 -9999 -9999 -0.125 -0.129 -0.147 -0.147 -0.155 -0.16 -0.166 -0.169 -0.172 -0.167 -0.161 -0.162 -0.168 -0.167 -0.161 -0.168 -0.174 -0.179 -0.188 -0.181 -0.18 -0.178 -0.175 -0.162 -0.156 -0.151 -0.148 -0.152 -0.16 -0.157 -0.15 -0.144 -0.14 -0.115 -0.095 -0.094 -0.099 -0.108 -9999 -9999 -9999 -9999 -9999 -9999 -9999 -9999 -9999 -9999 -9999 -9999 -9999 -9999 -9999 -9999 -9999 -9999 -9999 -9999
-9999 -9999 -9999 -9999 -0.074 -0.059 -9999 -9999 -9999 -0.117 -0.127 -0.144 -9999 -9999 -9999 -9999 -9999 -0.115 -0.129 -0.146 -0.153 -0.161 -0.165 -0.171 -0.173 -0.177 -0.173 -0.167 -0.171 -0.176 -0.17 -0.163 -0.167 -0.173 -0.179 -0.187 -0.185 -0.184 -0.18 -0.176 -0.17 -0.165 -0.162 -0.159 -0.165 -0.173 -0.166 -0.159 -0.155 -0.149 -0.122 -0.093 -0.091 -0.094 -0.101 -9999 -9999 -9999 -9999 -9999 -9999 -9999 -9999 -9999 -9999 -9999 -9999 -9999 -9999 -9999 -9999 -9999 -9999 -9999 -9999
-9999 -9999 -9999 -0.102 -0.079 -0.059 -9999 -9999 -9999 -9999 -9999 -9999 -9999 -9999 -9999 -9999 -9999 -0.136 -0.146 -0.149 -0.152 -0.15 -0.154 -0.163 -0.165 -0.172 -0.169 -0.169 -0.172 -0.178 -0.171 -0.161 -0.165 -0.174 -0.176 -0.176 -0.175 -0.18 -0.177 -0.18 -0.173 -0.165 -0.164 -0.168 -0.168 -0.159 -0.156 -0.16 -0.152 -0.142 -0.115 -0.086 -0.086 -0.089 -0.084 -0.105 -9999 -9999 -9999 -9999 -9999 -9999 -9999 -9999 -9999 -9999 -9999 -9999 -9999 -9999 -9999 -9999 -9999 -9999 -9999
-9999 -9999 -0.102 -0.096 -0.081 -0.062 -9999 -9999 -9999 -9999 -9999 -9999 -9999 -9999 -9999 -0.152 -0.148 -0.148 -0.151 -0.155 -0.153 -0.15 -0.156 -0.164 -0.169 -0.175 -0.175 -0.174 -0.179 -0.184 -0.175 -0.165 -0.171 -0.179 -0.177 -0.176 -0.178 -0.182 -0.182 -0.185 -0.177 -0.169 -0.171 -0.175 -0.167 -0.157 -0.159 -0.16 -0.15 -0.14 -0.114 -0.086 -0.085 -0.088 -0.084 -0.1 -9999 -9999 -9999 -9999 -9999 -9999 -9999 -9999 -9999 -9999 -9999 -9999 -9999 -9999 -9999 -9999 -9999 -9999 -9999
-9999 -9999 -0.1 -0.097 -0.081 -9999 -9999 -9999 -9999 -9999 -9999 -9999 -9999 -9999 -9999 -0.151 -0.155 -0.147 -0.149 -0.146 -0.15 -0.168 -0.171 -0.171 -0.174 -0.176 -0.177 -0.179 -0.182 -0.182 -0.176 -0.174 -0.176 -0.172 -0.171 -0.176 -0.177 -0.18 -0.178 -0.176 -0.171 -0.172 -0.168 -0.156 -0.152 -0.161 -0.154 -0.139 -0.128 -0.121 -0.098 -0.079 -0.075 -0.075 -0.072 -0.076 -9999 -9999 -9999 -9999 -9999 -9999 -9999 -9999 -9999 -9999 -9999 -9999 -9999 -9999 -9999 -9999 -9999 -9999 -9999
-9999 -9999 -9999 -9999 -9999 -9999 -9999 -9999 -9999 -9999 -9999 -9999 -9999 -9999 -9999 -0.159 -0.156 -0.151 -0.149 -0.146 -0.161 -0.179 -0.179 -0.178 -0.179 -0.181 -0.183 -0.186 -0.186 -0.186 -0.184 -0.182 -0.178 -0.174 -0.177 -0.181 -0.181 -0.182 -0.178 -0.175 -0.175 -0.177 -0.165 -0.151 -0.157 -0.163 -0.147 -0.132 -0.123 -0.115 -0.097 -0.079 -0.074 -0.072 -0.069 -0.072 -9999 -9999 -9999 -9999 -9999 -9999 -9999 -9999 -9999 -9999 -9999 -9999 -9999 -9999 -9999 -9999 -9999 -9999 -9999
-9999 -9999 -9999 -9999 -9999 -9999 -9999 -9999 -9999 -9999 -9999 -9999 -9999 -9999 -0.158 -0.137 -0.138 -0.153 -0.152 -0.153 -0.159 -0.15 -0.157 -0.182 -0.179 -0.17 -0.176 -0.189 -0.19 -0.191 -0.186 -0.176 -0.179 -0.197 -0.196 -0.183 -0.18 -0.172 -0.17 -0.173 -0.17 -0.165 -0.156 -0.153 -0.152 -0.143 -0.135 -0.144 -0.133 -0.117 -0.089 -0.065 -0.06 -0.057 -0.05 -0.066 -9999 -9999 -9999 -9999 -9999 -9999 -9999 -9999 -9999 -9999 -9999 -9999 -9999 -9999 -9999 -9999 -9999 -9999 -9999
-9999 -9999 -9999 -9999 -9999 -9999 -9999 -9999 -9999 -9999 -9999 -9999 -9999 -9999 -0.138 -0.131 -0.143 -0.157 -0.158 -0.16 -0.151 -0.142 -0.162 -0.187 -0.18 -0.171 -0.182 -0.195 -0.196 -0.197 -0.187 -0.177 -0.191 -0.209 -0.198 -0.186 -0.179 -0.172 -0.172 -0.175 -0.169 -0.164 -0.16 -0.156 -0.146 -0.136 -0.141 -0.15 -0.135 -0.119 -0.092 -0.062 -0.057 -0.054 -0.046 -0.044 -9999 -9999 -9999 -9999 -9999 -9999 -9999 -9999 -9999 -9999 -9999 -9999 -9999 -9999 -9999 -9999 -9999 -9999 -9999
-9999 -9999 -9999 -9999 -9999 -9999 -9999 -9999 -9999 -9999 -9999 -9999 -9999 -0.155 -0.144 -0.137 -0.149 -0.164 -0.168 -0.174 -0.167 -0.157 -0.17 -0.173 -0.175 -0.193 -0.194 -0.175 -0.172 -0.165 -0.158 -0.158 -0.165 -0.167 -0.165 -0.183 -0.17 -0.144 -0.152 -0.179 -0.169 -0.151 -0.15 -0.155 -0.144 -0.133 -0.133 -0.128 -0.115 -0.11 -0.08 -0.048 -0.049 -0.049 -0.042 -0.04 -0.045 -9999 -9999 -9999 -9999 -9999 -9999 -9999 -9999 -9999 -9999 -9999 -9999 -9999 -9999 -9999 -9999 -9999 -9999
-9999 -9999 -9999 -9999 -9999 -9999 -9999 -9999 -9999 -9999 -9999 -9999 -0.149 -0.153 -0.15 -0.142 -0.155 -0.17 -0.176 -0.183 -0.175 -0.167 -0.168 -0.171 -0.186 -0.204 -0.19 -0.171 -0.165 -0.157 -0.155 -0.155 -0.154 -0.154 -0.168 -0.185 -0.162 -0.137 -0.157 -0.184 -0.167 -0.149 -0.153 -0.156 -0.144 -0.133 -0.126 -0.12 -0.113 -0.108 -0.078 -0.046 -0.045 -0.049 -0.042 -0.038 -0.033 -9999 -9999 -9999 -9999 -9999 -9999 -9999 -9999 -9999 -9999 -9999 -9999 -9999 -9999 -9999 -9999 -9999 -9999
-9999 -9999 -9999 -9999 -9999 -9999 -9999 -9999 -9999 -9999 -9999 -9999 -0.146 -0.137 -0.136 -0.146 -0.158 -0.171 -0.179 -0.189 -0.18 -0.166 -0.173 -0.188 -0.187 -0.159 -0.15 -0.154 -0.15 -0.153 -0.152 -0.155 -0.152 -0.149 -0.155 -0.158 -0.142 -0.138 -0.144 -0.131 -0.123 -0.135 -0.139 -0.155 -0.144 -0.135 -0.118 -0.084 -0.077 -0.077 -0.066 -0.045 -0.047 -0.05 -0.029 -0.016 -0.01 -9999 -9999 -9999 -9999 -9999 -9999 -9999 -9999 -9999 -9999 -9999 -9999 -9999 -9999 -9999 -9999 -9999 -9999
-9999 -9999 -9999 -9999 -9999 -9999 -9999 -9999 -9999 -9999 -9999 -0.133 -0.132 -0.133 -0.141 -0.15 -0.161 -0.175 -0.183 -0.193 -0.182 -0.169 -0.182 -0.197 -0.173 -0.145 -0.148 -0.151 -0.152 -0.154 -0.155 -0.158 -0.153 -0.149 -0.149 -0.151 -0.146 -0.143 -0.129 -0.114 -0.122 -0.132 -0.141 -0.155 -0.145 -0.136 -0.105 -0.071 -0.067 -0.065 -0.056 -0.047 -0.048 -0.053 -0.032 -0.01 -0.004 -0.019 -9999 -9999 -9999 -9999 -9999 -9999 -9999 -9999 -9999 -9999 -9999 -9999 -9999 -9999 -9999 -9999 -9999
-9999 -9999 -9999 -9999 -9999 -9999 -9999 -9999 -9999 -9999 -0.109 -9999 -0.108 -0.136 -0.136 -0.126 -0.142 -0.178 -0.175 -0.154 -0.156 -0.185 -0.187 -0.171 -0.162 -0.18 -0.178 -0.161 -0.156 -0.144 -0.149 -0.167 -0.166 -0.164 -0.164 -0.156 -0.154 -0.148 -0.134 -0.119 -0.124 -0.127 -0.127 -0.116 -0.103 -0.092 -0.069 -0.063 -0.063 -0.077 -0.076 -0.074 -0.045 -0.032 -0.024 -0.008 -0.008 -0.009 -9999 -9999 -9999 -9999 -9999 -9999 -9999 -9999 -9999 -9999 -9999 -9999 -9999 -9999 -9999 -9999 -9999
