Validation/Results/raw data/ReClimate_03_2024_2weatherlogisticsltd.asc
NCOLS 192
NROWS 249
XLLCENTER -225160.85627316462
YLLCENTER 29788.11610251502
CELLSIZE 5000.0
NODATA_VALUE -9999
[rows 165 to 197 of 249, columns 75 to 149 of 192]
-9999 -9999 -9999 -9999 -9999 -9999 -9999 -9999 -9999 -9999 -9999 -9999 -9999 -9999 -9999 -9999 -9999 -9999 -9999 -9999 -9999 -9999 -9999 -9999 -9999 -9999 -9999 -9999 -9999 -9999 -9999 -9999 -9999 -9999 -9999 -9999 -9999 109.121 109.59 110.037 110.563 111.064 111.607 112.251 113.02 113.857 114.775 115.617 116.414 117.175 117.905 118.611 119.292 119.952 120.598 121.236 121.874 122.518 123.175 123.851 124.495 125.128 125.75 126.391 127.012 127.426 127.78 128.14 128.51 128.893 129.296 129.725 130.184 130.67 -9999
-9999 -9999 -9999 -9999 -9999 -9999 -9999 -9999 -9999 -9999 -9999 -9999 -9999 -9999 -9999 -9999 -9999 -9999 -9999 -9999 -9999 -9999 -9999 -9999 -9999 -9999 -9999 -9999 -9999 -9999 -9999 -9999 -9999 -9999 -9999 -9999 -9999 109.084 109.528 109.993 110.447 110.926 111.508 112.133 112.772 113.498 114.309 115.158 115.964 116.734 117.478 118.193 118.884 119.555 120.21 120.856 121.498 122.143 122.79 123.403 124.005 124.591 125.194 125.822 126.482 127.073 127.472 127.827 128.191 128.568 128.963 129.372 129.801 130.263 130.76
-9999 -9999 -9999 -9999 -9999 -9999 -9999 -9999 -9999 -9999 -9999 -9999 -9999 -9999 -9999 -9999 -9999 -9999 -9999 -9999 -9999 -9999 -9999 -9999 -9999 -9999 -9999 -9999 -9999 -9999 -9999 -9999 -9999 -9999 -9999 -9999 108.601 109.087 109.534 109.965 110.392 110.849 111.408 112.008 112.597 113.224 113.908 114.679 115.496 116.281 117.041 117.77 118.476 119.161 119.829 120.484 121.133 121.759 122.351 122.933 123.496 124.072 124.665 125.281 125.927 126.611 127.151 127.528 127.886 128.252 128.626 129.012 129.413 129.841 130.307
-9999 -9999 -9999 -9999 -9999 -9999 -9999 -9999 -9999 -9999 -9999 -9999 -9999 -9999 -9999 -9999 -9999 -9999 -9999 -9999 -9999 -9999 -9999 -9999 -9999 -9999 -9999 -9999 -9999 -9999 -9999 -9999 -9999 -9999 -9999 -9999 108.618 109.09 109.524 109.942 110.345 110.804 111.367 111.918 112.46 113.013 113.611 114.255 115.011 115.814 116.589 117.344 118.068 118.77 119.453 120.12 120.738 121.325 121.893 122.446 123.005 123.574 124.159 124.765 125.4 126.069 126.772 127.237 127.579 127.925 128.276 128.639 129.018 129.422 129.861
-9999 -9999 -9999 -9999 -9999 -9999 -9999 -9999 -9999 -9999 -9999 -9999 -9999 -9999 -9999 -9999 -9999 -9999 -9999 -9999 -9999 -9999 -9999 -9999 -9999 -9999 -9999 -9999 -9999 -9999 -9999 -9999 -9999 -9999 -9999 -9999 -9999 109.08 109.499 109.902 110.3 110.778 111.327 111.858 112.376 112.895 113.404 113.961 114.593 115.335 116.135 116.913 117.658 118.38 119.056 119.691 120.301 120.871 121.426 121.976 122.53 123.093 123.671 124.27 124.895 125.551 126.245 126.883 127.271 127.6 127.935 128.28 128.64 129.023 129.438
-9999 -9999 -9999 -9999 -9999 -9999 -9999 -9999 -9999 -9999 -9999 -9999 -9999 -9999 -9999 -9999 -9999 105.932 105.741 -9999 -9999 -9999 -9999 -9999 -9999 -9999 -9999 -9999 -9999 -9999 -9999 -9999 -9999 -9999 -9999 -9999 108.628 109.059 109.465 109.856 110.255 110.744 111.282 111.8 112.305 112.803 113.292 113.792 114.356 114.988 115.695 116.483 117.223 117.924 118.6 119.235 119.842 120.418 120.972 121.519 122.07 122.631 123.206 123.799 124.416 125.061 125.736 126.449 126.96 127.292 127.613 127.943 128.286 128.649 129.041
-9999 -9999 -9999 -9999 -9999 -9999 -9999 -9999 -9999 -9999 -9999 -9999 -9999 -9999 -9999 -9999 -9999 106.02 105.786 105.573 -9999 -9999 -9999 -9999 -9999 -9999 -9999 -9999 -9999 -9999 -9999 -9999 -9999 -9999 -9999 108.159 108.612 109.029 109.423 109.804 110.209 110.702 111.226 111.734 112.228 112.713 113.196 113.694 114.238 114.811 115.417 116.033 116.768 117.467 118.139 118.787 119.414 119.998 120.547 121.089 121.637 122.194 122.767 123.359 123.97 124.603 125.262 125.955 126.609 127.002 127.312 127.627 127.953 128.297 128.667
-9999 -9999 -9999 -9999 -9999 -9999 -9999 -9999 -9999 -9999 -9999 -9999 -9999 -9999 -9999 -9999 106.176 105.983 105.766 105.565 105.381 -9999 -9999 -9999 -9999 -9999 -9999 -9999 -9999 -9999 -9999 -9999 106.771 -9999 -9999 108.154 108.587 108.99 109.376 109.749 -9999 110.655 111.17 111.67 112.158 112.635 113.103 113.611 114.151 114.685 115.209 115.726 116.337 117.011 117.692 118.347 118.976 119.571 120.127 120.671 121.217 121.78 122.356 122.945 123.55 124.173 124.819 125.496 126.211 126.719 127.029 127.33 127.638 127.963 128.312
-9999 -9999 -9999 -9999 -9999 -9999 -9999 -9999 -9999 -9999 -9999 -9999 -9999 -9999 -9999 -9999 106.134 105.957 105.752 105.561 105.383 105.215 105.057 -9999 -9999 -9999 104.778 104.936 -9999 105.642 105.993 106.302 106.649 107.129 -9999 -9999 108.496 108.896 -9999 -9999 110.063 110.562 111.07 111.563 112.046 112.521 113.012 113.531 114.059 114.58 115.099 115.615 116.124 116.652 117.256 117.899 118.529 119.129 119.698 120.253 120.816 121.385 121.964 122.551 123.149 123.764 124.401 125.066 125.766 126.4 126.761 127.047 127.338 127.643 127.971
-9999 -9999 -9999 -9999 -9999 -9999 -9999 -9999 -9999 -9999 -9999 -9999 -9999 -9999 -9999 -9999 -9999 105.935 105.74 105.558 105.388 105.227 -9999 -9999 104.791 104.716 104.652 104.84 105.161 105.512 105.835 106.137 106.524 107.042 107.516 -9999 108.377 108.771 109.147 109.508 109.922 110.418 110.921 111.414 111.905 112.403 112.92 113.444 113.965 114.49 115.003 115.514 116.022 116.524 117.019 117.538 118.096 118.684 119.269 119.85 120.427 121.005 121.584 122.168 122.761 123.371 124.001 124.658 125.349 126.056 126.507 126.776 127.048 127.333 127.639
-9999 -9999 -9999 -9999 -9999 -9999 -9999 -9999 -9999 -9999 -9999 -9999 -9999 -9999 -9999 -9999 -9999 105.918 105.729 105.556 105.14 104.276 104.061 103.781 103.92 104.615 104.582 104.733 105.03 105.366 105.677 105.987 106.432 106.937 107.405 107.837 108.238 108.618 108.98 109.33 109.738 110.23 110.728 111.222 111.72 112.229 112.754 113.279 113.812 114.352 114.892 115.419 115.926 116.428 116.922 117.409 117.886 118.382 118.9 119.461 120.048 120.63 121.209 121.791 122.382 122.986 123.61 124.261 124.946 125.672 126.23 126.509 126.759 127.024 127.306
-9999 -9999 -9999 -9999 -9999 -9999 -9999 -9999 -9999 -9999 -9999 -9999 -9999 -9999 -9999 -9999 -9999 -9999 105.726 105.556 104.945 104.55 104.36 104.337 104.695 104.732 104.644 104.646 104.891 105.217 105.519 105.858 106.333 106.824 107.276 107.695 108.087 108.452 108.803 109.144 109.545 110.028 110.522 111.015 111.515 112.027 112.553 113.077 113.609 114.157 114.712 115.253 115.788 116.324 116.833 117.322 117.809 118.304 118.802 119.299 119.819 120.341 120.866 121.421 122.004 122.603 123.221 123.864 124.54 125.254 125.889 126.229 126.463 126.731 127.025
-9999 -9999 -9999 -9999 -9999 -9999 -9999 -9999 -9999 -9999 -9999 -9999 -9999 -9999 -9999 -9999 -9999 -9999 -9999 -9999 105.142 104.575 104.578 104.677 104.671 104.655 104.527 104.507 104.676 105.071 105.377 105.745 106.235 106.705 107.14 107.547 107.928 108.288 108.628 108.961 109.353 109.825 110.315 110.807 111.307 111.821 112.344 112.863 113.389 113.933 114.487 115.042 115.581 116.127 116.679 117.222 117.755 118.272 118.785 119.289 119.787 120.284 120.786 121.298 121.839 122.404 122.994 123.617 124.279 124.984 125.692 126.138 126.411 126.7 126.991
-9999 -9999 -9999 -9999 -9999 -9999 -9999 -9999 -9999 -9999 -9999 -9999 -9999 -9999 -9999 -9999 -9999 -9999 -9999 105.566 105.145 104.834 104.876 104.906 104.797 104.567 104.463 104.397 104.567 104.955 105.253 105.637 106.131 106.584 107.003 107.395 107.766 108.118 108.455 108.779 109.158 109.617 110.103 110.593 111.093 111.608 112.129 112.644 113.167 113.706 114.261 114.826 115.371 115.917 116.471 117.053 117.655 118.247 118.787 119.296 119.796 120.292 120.791 121.297 121.819 122.363 122.937 123.548 124.198 124.894 125.648 126.182 126.479 126.771 127.059
-9999 -9999 -9999 -9999 -9999 -9999 -9999 -9999 -9999 -9999 -9999 -9999 -9999 -9999 -9999 -9999 -9999 -9999 105.621 105.577 105.348 105.21 105.164 105.041 104.84 104.681 104.563 104.387 104.534 104.85 105.139 105.544 105.942 106.134 106.58 107.244 107.603 107.947 108.276 108.596 108.96 109.403 109.884 110.373 110.873 111.389 111.909 112.421 112.943 113.48 114.035 114.616 115.184 115.734 116.305 116.898 117.512 118.126 118.741 119.304 119.819 120.313 120.805 121.302 121.814 122.348 122.91 123.509 124.153 124.849 125.612 126.238 126.578 126.859 127.129
-9999 -9999 -9999 -9999 -9999 -9999 -9999 -9999 -9999 -9999 -9999 -9999 -9999 -9999 -9999 -9999 -9999 105.756 105.47 105.593 105.455 105.323 105.197 105.075 104.916 104.773 104.65 104.596 104.66 104.802 105.033 105.443 105.761 106.083 106.661 107.093 107.44 107.773 108.095 108.409 108.758 109.181 109.658 110.146 110.648 111.166 111.684 112.196 112.728 113.279 113.844 114.421 115.005 115.575 116.159 116.767 117.381 117.996 118.613 119.231 119.827 120.344 120.828 121.315 121.816 122.338 122.89 123.478 124.111 124.8 125.561 126.242 126.647 126.943 127.212
-9999 -9999 -9999 -9999 -9999 -9999 -9999 -9999 -9999 -9999 -9999 -9999 -9999 -9999 -9999 105.898 105.872 105.718 105.75 105.614 105.478 105.349 105.226 105.116 104.992 104.887 104.726 104.38 104.404 104.541 104.759 105.148 105.575 106.093 106.548 106.942 107.279 107.601 107.913 108.218 108.55 108.951 109.424 109.912 110.418 110.939 111.465 112.002 112.549 113.103 113.666 114.237 114.821 115.425 116.027 116.641 117.256 117.874 118.495 119.115 119.731 120.34 120.855 121.335 121.824 122.337 122.879 123.459 124.086 124.77 125.528 126.242 126.682 126.977 127.275
-9999 -9999 -9999 -9999 -9999 -9999 -9999 -9999 -9999 -9999 -9999 -9999 -9999 -9999 105.232 105.844 105.829 105.86 -9999 -9999 -9999 -9999 105.197 105.184 105.085 104.996 104.612 104.105 104.221 104.579 104.759 105.105 105.56 106.032 106.437 106.791 107.12 107.432 107.732 108.026 108.333 108.711 109.181 109.674 110.192 110.741 111.288 111.831 112.378 112.93 113.489 114.056 114.651 115.276 115.901 116.514 117.131 117.753 118.381 119.01 119.627 120.225 120.826 121.348 121.837 122.341 122.878 123.454 124.077 124.76 125.519 126.26 126.723 127.002 127.301
-9999 -9999 -9999 -9999 -9999 -9999 -9999 -9999 -9999 -9999 -9999 -9999 -9999 -9999 105.663 105.505 105.6 -9999 -9999 -9999 -9999 -9999 105.058 105.015 105.006 105.008 104.562 104.142 104.247 104.194 104.317 104.609 105.128 105.925 106.297 106.641 106.963 107.266 107.556 107.837 108.119 108.476 108.935 109.454 110.017 110.577 111.121 111.664 112.209 112.758 113.313 113.877 114.484 115.13 115.768 116.383 116.999 117.623 118.257 118.903 119.53 120.108 120.682 121.294 121.84 122.351 122.886 123.461 124.085 124.771 125.534 126.287 126.77 127.041 127.263
-9999 -9999 -9999 -9999 -9999 -9999 -9999 -9999 -9999 -9999 -9999 -9999 -9999 -9999 -9999 -9999 105.683 -9999 -9999 -9999 -9999 -9999 105.308 104.891 104.887 104.839 104.508 104.204 104.277 104.698 104.702 104.703 105.33 105.859 106.184 106.519 106.831 107.124 107.402 107.668 107.928 108.255 108.724 109.294 109.863 110.418 110.96 111.501 112.043 112.588 113.138 113.712 114.325 114.978 115.625 116.244 116.858 117.479 118.108 118.746 119.37 119.954 120.52 121.125 121.78 122.351 122.886 123.452 124.066 124.74 125.492 126.232 126.711 126.967 127.108
-9999 -9999 -9999 -9999 -9999 -9999 -9999 -9999 -9999 -9999 -9999 -9999 -9999 -9999 -9999 -9999 -9999 -9999 -9999 -9999 -9999 -9999 105.517 105.26 105.213 105.16 104.979 104.916 105.102 105.05 104.966 105.164 105.573 105.842 106.124 106.409 106.713 106.999 107.27 107.529 107.79 108.137 108.606 109.164 109.723 110.269 110.806 111.342 111.879 112.42 112.964 113.549 114.174 114.822 115.472 116.096 116.705 117.318 117.936 118.555 119.165 119.756 120.337 120.941 121.587 122.284 122.867 123.426 124.031 124.694 125.432 126.147 126.596 126.787 126.86
-9999 -9999 -9999 -9999 -9999 -9999 -9999 -9999 -9999 -9999 -9999 -9999 -9999 -9999 -9999 -9999 -9999 -9999 -9999 -9999 -9999 -9999 -9999 105.512 105.461 105.408 105.354 105.298 105.152 104.855 104.87 105.053 105.395 105.848 106.098 106.355 106.608 106.883 107.153 107.424 107.736 108.088 108.528 109.055 109.592 110.121 110.653 111.187 111.718 112.252 112.795 113.388 114.02 114.662 115.312 115.94 116.542 117.146 117.751 118.36 118.964 119.557 120.148 120.756 121.397 122.086 122.803 123.404 124.004 124.661 125.388 126.064 126.478 126.578 126.576
-9999 -9999 -9999 -9999 -9999 -9999 -9999 -9999 -9999 -9999 -9999 -9999 -9999 -9999 -9999 -9999 -9999 -9999 -9999 -9999 -9999 -9999 105.736 105.648 105.596 105.543 105.489 105.434 105.246 105.191 105.178 105.285 105.601 105.857 106.098 106.327 106.562 106.796 107.051 107.371 107.705 108.052 108.466 108.945 109.46 109.974 110.494 111.017 111.548 112.083 112.636 113.233 113.864 114.499 115.142 115.774 116.373 116.976 117.583 118.185 118.783 119.375 119.969 120.579 121.218 121.901 122.644 123.365 123.992 124.642 125.355 125.991 126.314 126.356 126.293
-9999 -9999 -9999 -9999 -9999 -9999 -9999 -9999 -9999 -9999 -9999 -9999 -9999 -9999 -9999 -9999 -9999 -9999 -9999 -9999 -9999 -9999 105.863 105.778 105.725 105.673 105.619 105.563 105.506 105.447 105.405 105.456 105.641 105.861 106.097 106.323 106.539 106.764 107.04 107.343 107.668 108.014 108.393 108.826 109.326 109.824 110.329 110.841 111.364 111.891 112.467 113.077 113.703 114.333 114.969 115.608 116.226 116.83 117.433 118.029 118.62 119.209 119.803 120.414 121.053 121.733 122.469 123.278 123.987 124.637 125.34 125.93 126.136 126.102 126.024
-9999 -9999 -9999 -9999 -9999 -9999 -9999 -9999 -9999 -9999 -9999 -9999 -9999 -9999 -9999 -9999 -9999 -9999 -9999 -9999 -9999 -9999 105.985 105.903 105.85 105.798 105.536 104.895 105.046 105.574 105.52 105.55 105.692 105.869 106.091 106.314 106.535 106.787 107.072 107.364 107.665 107.98 108.321 108.729 109.184 109.67 110.161 110.659 111.168 111.69 112.271 112.908 113.537 114.163 114.813 115.471 116.098 116.702 117.297 117.886 118.471 119.058 119.652 120.264 120.903 121.583 122.317 123.118 123.951 124.648 125.344 125.807 125.925 125.845 125.769
-9999 -9999 -9999 -9999 -9999 -9999 -9999 -9999 -9999 -9999 -9999 -9999 -9999 -9999 -9999 -9999 -9999 -9999 -9999 -9999 -9999 -9999 -9999 106.023 105.971 105.919 105.544 105.464 105.736 105.698 105.64 105.656 105.755 105.906 106.079 106.301 106.542 106.833 107.118 107.402 107.689 107.99 108.304 108.645 109.036 109.507 109.987 110.473 110.969 111.484 112.067 112.699 113.352 114.019 114.685 115.353 115.985 116.581 117.17 117.754 118.336 118.921 119.517 120.134 120.779 121.46 122.191 122.983 123.855 124.659 125.321 125.674 125.675 125.598 125.524
-9999 -9999 -9999 -9999 -9999 -9999 -9999 -9999 -9999 -9999 -9999 -9999 -9999 -9999 -9999 -9999 -9999 -9999 -9999 -9999 -9999 -9999 -9999 106.123 106.089 106.038 105.728 105.005 105.187 105.733 105.703 105.757 105.83 105.954 106.107 106.294 106.581 106.871 107.155 107.438 107.725 108.016 108.309 108.614 108.977 109.384 109.834 110.293 110.766 111.278 111.858 112.493 113.169 113.872 114.572 115.246 115.876 116.468 117.053 117.639 118.225 118.816 119.417 120.036 120.681 121.362 122.088 122.874 123.736 124.619 125.243 125.493 125.434 125.36 125.288
-9999 -9999 -9999 -9999 -9999 -9999 -9999 -9999 -9999 -9999 -9999 -9999 -9999 -9999 -9999 -9999 -9999 -9999 -9999 -9999 -9999 -9999 106.261 106.223 106.195 106.155 105.591 105.128 105.452 105.536 105.608 105.853 105.898 106.02 106.15 106.351 106.61 106.9 107.183 107.466 107.75 108.033 108.322 108.62 108.941 109.303 109.719 110.162 110.621 111.121 111.699 112.356 113.04 113.746 114.462 115.163 115.802 116.394 116.98 117.563 118.149 118.74 119.342 119.961 120.605 121.284 122.007 122.788 123.632 124.479 125.087 125.269 125.199 125.128 125.06
-9999 -9999 -9999 -9999 -9999 -9999 -9999 -9999 -9999 -9999 -9999 -9999 -9999 -9999 -9999 -9999 -9999 -9999 -9999 -9999 -9999 -9999 106.348 106.331 106.272 106.128 105.779 105.52 105.576 105.627 105.791 105.936 105.963 106.082 106.226 106.435 106.668 106.919 107.203 107.484 107.762 108.041 108.325 108.618 108.921 109.253 109.616 110.049 110.494 110.993 111.601 112.28 112.966 113.659 114.363 115.081 115.75 116.347 116.931 117.512 118.095 118.685 119.285 119.903 120.547 121.224 121.946 122.717 123.481 124.273 124.866 125.033 124.968 124.902 124.837
-9999 -9999 -9999 -9999 -9999 -9999 -9999 -9999 -9999 -9999 -9999 -9999 -9999 -9999 -9999 -9999 -9999 -9999 -9999 -9999 -9999 -9999 106.454 106.44 106.229 105.819 105.616 105.46 105.609 105.981 106.035 105.987 106.013 106.146 106.327 106.535 106.744 106.971 107.215 107.494 107.769 108.045 108.325 108.612 108.909 109.209 109.548 109.929 110.369 110.895 111.557 112.227 112.903 113.586 114.279 114.987 115.681 116.307 116.894 117.473 118.055 118.643 119.244 119.862 120.506 121.183 121.893 122.593 123.312 124.052 124.63 124.798 124.742 124.679 124.618
-9999 -9999 -9999 -9999 -9999 -9999 -9999 -9999 -9999 -9999 -9999 -9999 -9999 -9999 -9999 -9999 -9999 -9999 -9999 -9999 -9999 106.581 106.561 106.543 106.323 106.293 106.141 105.919 106.116 106.117 106.117 106.178 106.174 106.231 106.438 106.65 106.859 107.066 107.291 107.524 107.789 108.06 108.335 108.615 108.905 109.198 109.5 109.843 110.261 110.852 111.507 112.171 112.839 113.515 114.201 114.901 115.587 116.254 116.865 117.446 118.027 118.616 119.217 119.836 120.481 121.14 121.787 122.449 123.124 123.786 124.326 124.542 124.516 124.458 124.399
-9999 -9999 -9999 -9999 -9999 -9999 -9999 -9999 -9999 -9999 -9999 -9999 -9999 -9999 -9999 -9999 -9999 -9999 -9999 -9999 106.721 106.682 106.663 106.644 106.623 106.6 106.376 106.061 106.173 106.478 106.479 106.364 106.326 106.403 106.581 106.786 106.988 107.19 107.389 107.603 107.827 108.073 108.343 108.618 108.902 109.189 109.476 109.8 110.247 110.808 111.454 112.111 112.775 113.446 114.127 114.821 115.502 116.163 116.828 117.429 118.012 118.602 119.205 119.827 120.44 121.045 121.659 122.287 122.957 123.533 123.981 124.255 124.291 124.236 124.176
-9999 -9999 -9999 -9999 -9999 -9999 -9999 -9999 -9999 -9999 -9999 -9999 -9999 -9999 -9999 -9999 -9999 -9999 106.883 106.84 106.808 106.785 106.765 106.744 106.722 106.698 106.368 106.061 106.65 106.635 106.576 106.545 106.524 106.592 106.725 106.924 107.118 107.309 107.501 107.696 107.9 108.117 108.349 108.613 108.892 109.175 109.466 109.826 110.268 110.785 111.4 112.05 112.716 113.397 114.088 114.783 115.461 116.119 116.789 117.438 118.029 118.616 119.209 119.78 120.352 120.926 121.518 122.142 122.773 123.278 123.647 123.967 124.066 124.01 123.951
