Validation/Results/raw data/ReClimate_12_2023_1_Temperatureweatherlogisticsltd.asc
NCOLS 192
NROWS 249
XLLCENTER -225160.85627316462
YLLCENTER 29788.11610251502
CELLSIZE 5000.0
NODATA_VALUE -9999
[rows 204 to 237 of 249, columns 77 to 153 of 192]
-9999 -9999 0.6 -9999 0.607 0.609 0.617 0.624 0.631 0.638 0.647 0.663 0.654 0.638 0.646 0.653 0.662 0.673 0.683 0.691 0.711 0.733 0.739 0.743 0.768 0.797 0.807 0.818 0.824 0.831 0.833 0.834 0.835 0.834 0.851 0.87 0.882 0.896 0.914 0.934 0.938 0.939 0.959 0.98 0.985 0.991 0.979 0.965 0.979 0.996 1.005 1.017 1.024 1.031 1.046 1.067 1.058 1.046 1.057 1.071 1.073 1.073 1.069 1.064 1.054 1.044 1.047 1.053 1.049 1.046 1.049 1.056 1.053 1.048 1.052 1.06 1.061
-9999 -9999 -9999 -9999 -9999 -9999 0.614 0.608 0.619 0.643 0.651 0.665 0.659 0.652 0.661 0.671 0.677 0.677 0.691 0.714 0.73 0.74 0.742 0.739 0.759 0.776 0.785 0.801 0.806 0.816 0.825 0.851 0.853 0.856 0.871 0.881 0.897 0.921 0.933 0.935 0.947 0.975 0.99 0.991 0.995 0.994 0.983 0.971 0.981 0.985 1.003 1.018 1.026 1.032 1.052 1.074 1.064 1.053 1.064 1.078 1.079 1.079 1.075 1.071 1.066 1.059 1.05 1.049 1.051 1.053 1.057 1.065 1.056 1.048 1.059 1.071 1.06
-9999 -9999 -9999 -9999 -9999 -9999 0.616 0.609 0.629 0.652 0.658 0.671 0.67 0.664 0.675 0.686 0.688 0.688 0.709 0.731 0.741 0.75 0.749 0.746 0.759 0.775 0.787 0.8 0.807 0.816 0.838 0.863 0.868 0.872 0.882 0.893 0.913 0.936 0.939 0.94 0.965 0.994 0.999 1.001 1.001 1.0 0.991 0.98 0.983 0.988 1.004 1.024 1.03 1.037 1.056 1.08 1.071 1.059 1.07 1.084 1.084 1.082 1.078 1.074 1.07 1.066 1.058 1.049 1.052 1.056 1.061 1.069 1.06 1.049 1.061 1.076 1.066
-9999 -9999 -9999 -9999 0.644 0.647 0.639 0.62 -9999 0.655 0.665 0.688 0.686 0.668 0.683 -9999 0.708 0.707 0.726 0.74 0.745 0.744 0.747 0.759 0.774 0.794 0.806 0.817 0.826 0.841 0.861 0.878 0.883 0.884 0.895 0.908 0.925 0.939 0.945 0.958 0.981 1.004 1.009 1.013 1.015 1.019 1.014 1.011 1.021 1.03 1.033 1.045 1.057 1.069 1.057 1.063 1.073 1.072 1.08 1.091 1.09 1.088 1.082 1.077 1.074 1.072 1.068 1.063 1.06 1.061 1.06 1.064 1.069 1.067 1.061 1.066 1.057
-9999 -9999 -9999 -9999 0.647 -9999 -9999 -9999 0.647 0.664 0.677 -9999 -9999 -9999 -9999 -9999 0.721 0.723 0.737 0.751 0.751 0.749 0.76 0.773 0.79 0.809 0.819 0.83 0.842 0.858 0.873 0.891 0.894 0.896 0.908 0.92 0.933 0.946 0.958 0.97 0.99 1.012 1.018 1.022 1.027 1.031 1.031 1.029 1.039 1.051 1.054 1.057 1.068 1.083 1.073 1.061 1.069 1.08 1.087 1.094 1.093 1.091 1.086 1.08 1.077 1.075 1.071 1.069 1.066 1.064 1.063 1.064 1.067 1.073 1.07 1.064 1.055
-9999 -9999 -9999 -9999 -9999 -9999 0.666 0.66 0.677 0.697 0.705 -9999 -9999 -9999 -9999 -9999 -9999 -9999 -9999 0.754 0.76 0.778 0.787 0.79 0.798 0.794 0.802 0.813 0.825 0.845 0.859 0.876 0.879 0.889 0.905 0.932 0.944 0.955 0.967 0.979 0.997 1.011 1.018 1.031 1.037 1.046 1.044 1.037 1.036 1.04 1.055 1.064 1.06 1.065 1.069 1.064 1.071 1.08 1.093 1.105 1.103 1.102 1.1 1.096 1.09 1.087 1.075 1.068 1.056 1.049 1.05 1.052 1.043 1.039 1.05 1.053 1.064
-9999 -9999 -9999 -9999 -9999 -9999 -9999 0.677 -9999 -9999 -9999 -9999 -9999 -9999 -9999 -9999 -9999 0.735 0.748 0.762 0.778 0.796 0.8 0.803 0.8 0.795 0.804 0.814 0.829 0.847 0.861 0.876 0.884 0.892 0.916 0.942 0.953 0.964 0.976 0.988 -9999 1.015 1.026 1.038 1.047 1.056 1.052 1.046 1.045 1.042 1.054 1.07 1.067 1.063 1.065 1.067 1.073 1.081 1.093 1.109 1.107 1.106 1.105 1.103 1.097 1.092 1.081 1.068 1.057 1.045 1.046 1.049 1.04 1.029 1.037 1.049 1.061
-9999 -9999 -9999 -9999 -9999 -9999 -9999 -9999 -9999 -9999 -9999 -9999 -9999 -9999 -9999 -9999 -9999 0.756 0.769 0.776 0.788 -9999 -9999 -9999 0.815 0.816 0.829 0.85 0.863 0.872 0.882 0.887 0.898 0.914 0.933 0.946 0.957 0.971 0.987 -9999 1.022 1.03 1.034 1.024 1.033 1.049 1.048 1.054 1.059 1.071 1.074 1.085 1.077 1.069 1.069 1.071 1.067 1.069 1.085 1.103 1.099 1.096 1.094 1.09 1.085 1.078 1.074 1.065 1.056 1.046 1.04 1.04 1.048 1.047 1.027 1.022 1.041
-9999 -9999 -9999 -9999 -9999 -9999 -9999 -9999 -9999 -9999 -9999 -9999 -9999 -9999 -9999 -9999 -9999 -9999 -9999 -9999 -9999 -9999 -9999 -9999 0.832 0.831 0.849 0.871 0.879 0.888 0.894 0.899 0.913 0.928 0.941 0.954 0.966 -9999 -9999 1.024 1.033 1.041 1.033 1.023 1.036 1.051 1.057 1.063 1.073 1.085 1.088 1.092 1.084 1.073 1.072 1.073 1.07 1.066 1.081 1.101 1.097 1.093 1.09 1.086 1.08 1.074 1.069 1.065 1.056 1.047 1.042 1.038 1.045 1.055 1.037 1.015 1.031
-9999 -9999 -9999 -9999 -9999 -9999 -9999 -9999 -9999 -9999 -9999 -9999 -9999 -9999 -9999 -9999 -9999 -9999 -9999 -9999 -9999 -9999 -9999 -9999 0.85 0.854 0.869 0.87 0.884 0.91 0.915 0.916 0.927 0.936 -9999 -9999 -9999 -9999 -9999 1.021 1.028 1.036 1.031 1.033 1.044 1.055 1.052 1.028 1.043 1.08 1.085 1.089 1.073 1.058 1.064 1.067 1.082 1.09 1.089 1.1 1.091 1.084 1.078 1.071 1.075 1.075 1.062 1.052 1.055 1.054 1.046 1.039 1.034 1.035 1.017 0.993 0.997
-9999 -9999 -9999 -9999 -9999 -9999 -9999 -9999 -9999 -9999 -9999 -9999 -9999 -9999 -9999 -9999 -9999 -9999 -9999 -9999 -9999 -9999 -9999 -9999 -9999 -9999 0.871 0.875 0.898 0.924 0.926 0.928 0.935 -9999 -9999 -9999 -9999 1.006 1.017 1.025 1.032 1.038 1.04 1.042 1.051 1.061 1.042 1.015 1.043 1.079 1.083 1.088 1.073 1.054 1.059 1.066 1.08 1.099 1.099 1.099 1.091 1.082 1.075 1.066 1.07 1.076 1.063 1.049 1.051 1.058 1.05 1.041 1.036 1.03 1.011 0.989 0.991
-9999 -9999 -9999 -9999 -9999 -9999 -9999 -9999 -9999 -9999 -9999 -9999 -9999 -9999 -9999 -9999 -9999 -9999 -9999 -9999 -9999 -9999 -9999 -9999 -9999 -9999 -9999 0.877 0.898 0.916 0.923 0.934 -9999 -9999 -9999 -9999 0.988 1.009 1.013 1.01 1.022 1.049 1.053 1.059 1.067 1.073 1.051 1.023 1.047 1.068 1.073 1.079 1.085 1.079 1.078 1.083 1.082 1.091 1.09 1.09 1.079 1.067 1.07 1.067 1.073 1.082 1.073 1.062 1.052 1.051 1.052 1.049 1.02 1.0 1.0 0.989 0.988
-9999 -9999 -9999 -9999 -9999 -9999 -9999 -9999 -9999 -9999 -9999 -9999 -9999 -9999 -9999 -9999 -9999 -9999 -9999 -9999 -9999 -9999 -9999 -9999 -9999 -9999 -9999 -9999 -9999 -9999 -9999 -9999 -9999 -9999 -9999 0.97 0.991 1.014 1.012 1.007 1.03 1.056 1.062 1.069 1.074 1.077 1.055 1.029 1.045 1.065 1.07 1.077 1.082 1.088 1.089 1.09 1.089 1.089 1.088 1.087 1.076 1.062 1.065 1.068 1.074 1.084 1.076 1.068 1.058 1.05 1.051 1.053 1.026 0.992 0.991 0.992 0.991
-9999 -9999 -9999 -9999 -9999 -9999 -9999 -9999 -9999 -9999 -9999 -9999 -9999 -9999 -9999 -9999 -9999 -9999 -9999 -9999 -9999 -9999 -9999 -9999 -9999 -9999 -9999 -9999 -9999 -9999 -9999 -9999 -9999 -9999 0.993 0.995 1.015 1.032 1.03 1.024 1.039 1.041 1.051 1.07 1.068 1.057 1.046 1.055 1.065 1.062 1.062 1.065 1.065 1.068 1.068 1.068 1.073 1.075 1.07 1.065 1.073 1.07 1.054 1.046 1.05 1.057 1.063 1.063 1.05 1.038 1.054 1.064 1.045 1.018 1.01 1.008 1.004
-9999 -9999 -9999 -9999 -9999 -9999 -9999 -9999 -9999 -9999 -9999 -9999 -9999 -9999 -9999 -9999 -9999 -9999 -9999 -9999 -9999 -9999 -9999 -9999 -9999 -9999 -9999 -9999 -9999 -9999 -9999 -9999 -9999 -9999 1.009 1.011 1.027 1.044 1.04 1.035 1.037 1.039 1.054 1.07 1.061 1.05 1.058 1.067 1.065 1.063 1.062 1.063 1.062 1.062 1.061 1.061 1.065 1.071 1.065 1.059 1.065 1.073 1.058 1.039 1.042 1.049 1.053 1.062 1.049 1.036 1.05 1.069 1.051 1.029 1.023 1.016 1.012
-9999 -9999 -9999 -9999 -9999 -9999 -9999 -9999 -9999 -9999 -9999 -9999 -9999 -9999 -9999 -9999 -9999 -9999 -9999 -9999 -9999 0.847 0.859 0.862 0.873 -9999 0.897 -9999 -9999 -9999 -9999 -9999 -9999 -9999 -9999 1.013 1.025 1.036 1.033 1.03 1.032 1.034 1.045 1.056 1.048 1.039 1.047 1.059 1.051 1.044 1.048 1.05 1.046 1.043 1.056 1.064 1.066 1.071 1.066 1.06 1.057 1.059 1.033 1.007 1.023 1.036 1.048 1.06 1.054 1.043 1.046 1.058 1.047 1.028 1.021 1.014 1.044
-9999 -9999 -9999 -9999 -9999 -9999 -9999 -9999 -9999 -9999 -9999 -9999 -9999 -9999 -9999 -9999 -9999 -9999 0.838 0.85 0.853 0.854 0.861 0.864 0.877 0.891 0.909 0.93 0.942 -9999 -9999 0.972 1.002 1.031 1.029 1.018 1.028 1.038 1.036 1.031 1.032 1.033 1.042 1.052 1.045 1.036 1.046 1.057 1.049 1.04 1.043 1.048 1.043 1.037 1.049 1.066 1.068 1.072 1.067 1.062 1.059 1.055 1.03 0.999 1.012 1.032 1.044 1.061 1.055 1.048 1.051 1.056 1.044 1.03 1.023 1.016 1.044
-9999 -9999 -9999 -9999 -9999 -9999 -9999 -9999 -9999 -9999 -9999 -9999 -9999 -9999 -9999 -9999 -9999 0.828 0.842 0.854 0.858 0.867 0.869 0.866 0.882 0.909 0.923 0.935 0.944 0.956 0.968 0.99 1.013 1.029 1.024 1.022 1.031 1.041 1.038 1.037 1.037 1.034 1.039 1.04 1.039 1.052 1.057 1.054 1.05 1.049 1.041 1.039 1.038 1.035 1.042 1.055 1.057 1.06 1.059 1.056 1.052 1.047 1.052 1.04 1.041 1.055 1.047 1.053 1.057 1.057 1.031 1.018 1.027 1.025 1.023 1.019 1.019
-9999 -9999 -9999 -9999 -9999 -9999 -9999 -9999 -9999 -9999 -9999 -9999 -9999 -9999 -9999 -9999 -9999 0.832 0.842 0.858 0.867 0.876 0.876 0.873 0.897 0.923 0.933 0.944 0.954 0.965 0.983 1.004 1.017 1.031 1.029 1.025 1.033 1.042 1.042 1.042 1.039 1.036 1.037 1.037 1.048 1.06 1.058 1.055 1.055 1.055 1.047 1.038 1.036 1.036 1.043 1.053 1.054 1.057 1.055 1.054 1.051 1.046 1.049 1.056 1.059 1.065 1.058 1.051 1.055 1.062 1.037 1.007 1.014 1.025 1.023 1.022 1.022
-9999 -9999 -9999 -9999 -9999 -9999 -9999 -9999 -9999 -9999 -9999 -9999 -9999 -9999 -9999 -9999 -9999 0.827 0.844 0.864 0.874 0.887 0.892 0.904 0.921 0.922 0.935 0.952 0.964 0.978 0.998 1.021 1.027 1.022 1.02 1.021 1.026 1.028 1.029 1.033 1.034 1.042 1.04 1.034 1.044 1.055 1.057 1.069 1.067 1.059 1.058 1.053 1.049 1.048 1.046 1.051 1.049 1.05 1.053 1.055 1.033 1.016 1.006 1.002 1.041 1.068 1.063 1.058 1.058 1.063 1.044 1.018 1.02 1.027 1.018 1.012 1.017
-9999 -9999 -9999 -9999 -9999 -9999 -9999 -9999 -9999 -9999 -9999 -9999 -9999 0.805 0.809 -9999 0.818 0.824 0.841 0.865 0.878 0.892 0.906 0.919 0.924 0.926 0.943 0.96 0.973 0.986 1.006 1.028 1.024 1.019 1.02 1.02 1.022 1.024 1.028 1.031 1.038 1.046 1.041 1.035 1.044 1.055 1.064 1.076 1.07 1.062 1.061 1.061 1.057 1.054 1.052 1.051 1.049 1.048 1.051 1.056 1.035 1.008 0.996 0.985 1.021 1.07 1.066 1.061 1.062 1.064 1.046 1.024 1.026 1.03 1.021 1.011 1.016
-9999 -9999 -9999 -9999 -9999 -9999 -9999 -9999 -9999 -9999 -9999 -9999 -9999 0.79 0.794 0.802 0.808 0.821 0.838 0.856 0.869 0.889 0.898 0.894 0.908 0.94 0.958 0.972 0.983 0.993 1.003 0.997 0.997 1.008 1.011 1.021 1.018 1.003 1.012 1.033 1.038 1.041 1.038 1.035 1.048 1.071 1.079 1.084 1.076 1.061 1.056 1.052 1.05 1.046 1.063 1.072 1.068 1.067 1.063 1.063 1.033 1.001 1.001 0.997 1.023 1.065 1.03 1.005 1.012 1.015 1.026 1.021 1.024 1.028 1.032 1.03 1.05
-9999 -9999 -9999 -9999 -9999 -9999 -9999 -9999 -9999 -9999 -9999 -9999 0.789 0.784 0.792 0.799 0.812 0.824 0.838 0.853 0.867 0.886 0.888 0.885 0.914 0.946 0.962 0.976 0.987 0.997 0.993 0.986 0.995 1.005 1.014 1.023 1.012 0.997 1.014 1.035 1.038 1.041 1.039 1.037 1.056 1.079 1.083 1.088 1.077 1.062 1.057 1.052 1.048 1.046 1.061 1.081 1.077 1.075 1.071 1.066 1.037 1.002 1.002 1.004 1.03 1.064 1.03 0.988 0.992 1.0 1.008 1.021 1.024 1.029 1.032 1.038 1.058
-9999 -9999 -9999 -9999 -9999 -9999 -9999 -9999 -9999 -9999 -9999 -9999 -9999 0.796 0.805 0.812 0.824 0.835 0.847 0.856 0.866 0.874 0.878 0.887 0.918 0.954 0.965 0.962 0.972 0.979 0.979 0.987 0.995 1.003 1.011 1.02 1.012 1.01 1.023 1.031 1.033 1.031 1.036 1.053 1.067 1.072 1.075 1.078 1.069 1.056 1.067 1.07 1.067 1.065 1.066 1.078 1.073 -9999 1.053 1.04 1.037 1.018 1.025 1.032 1.029 1.045 1.027 0.995 1.006 1.018 1.015 1.022 1.019 1.021 1.018 1.018 1.024
-9999 -9999 -9999 -9999 -9999 -9999 -9999 -9999 -9999 -9999 -9999 -9999 0.787 0.802 0.81 0.818 0.829 0.84 0.849 0.859 0.862 0.868 0.877 0.886 0.919 0.955 0.957 0.956 0.965 0.972 0.981 0.989 0.996 1.003 1.011 1.02 1.019 1.017 1.024 1.031 1.03 1.029 1.043 1.061 1.066 1.071 1.073 1.076 1.067 1.056 1.066 1.079 1.077 1.074 1.076 1.079 1.073 1.068 -9999 1.033 -9999 1.026 -9999 1.044 -9999 1.04 1.022 1.0 1.011 1.027 1.024 1.024 -9999 -9999 -9999 1.013 1.018
-9999 -9999 -9999 -9999 -9999 -9999 -9999 -9999 -9999 -9999 -9999 -9999 0.788 0.794 0.804 0.815 0.824 0.83 0.841 0.857 0.862 0.871 0.88 0.891 0.919 0.946 0.948 0.948 0.959 0.968 0.977 0.989 0.994 0.995 1.001 1.006 1.011 1.031 1.035 1.03 1.032 1.041 1.058 1.079 1.085 1.09 1.089 1.079 1.075 1.08 1.063 1.059 1.08 1.091 1.088 1.09 1.061 1.04 -9999 -9999 1.043 1.041 -9999 -9999 1.03 1.028 1.026 -9999 -9999 -9999 -9999 -9999 -9999 -9999 -9999 -9999 -9999
-9999 -9999 -9999 -9999 -9999 -9999 -9999 -9999 -9999 -9999 -9999 0.77 0.781 0.787 0.8 0.811 0.819 0.825 0.84 0.856 0.863 0.873 0.883 0.893 0.916 0.941 0.943 0.943 0.956 0.967 0.979 0.99 0.992 0.992 0.997 1.001 1.019 1.039 1.035 1.031 1.039 1.048 1.066 1.088 1.093 1.098 1.091 1.081 1.085 1.09 1.074 1.053 1.073 1.099 1.096 -9999 -9999 -9999 1.049 -9999 -9999 -9999 -9999 -9999 -9999 1.026 -9999 -9999 -9999 -9999 -9999 -9999 -9999 -9999 -9999 -9999 -9999
-9999 -9999 -9999 -9999 -9999 -9999 -9999 -9999 -9999 -9999 0.747 0.739 0.75 0.763 0.781 0.814 0.818 0.814 0.831 0.852 0.865 0.889 0.896 0.888 0.911 0.939 0.94 0.938 0.95 0.96 0.976 0.999 1.003 -9999 -9999 -9999 -9999 -9999 1.011 1.009 1.019 1.034 1.05 1.068 1.078 1.101 1.096 1.093 -9999 1.088 -9999 -9999 -9999 -9999 -9999 1.065 1.051 1.058 1.053 1.064 1.059 -9999 -9999 -9999 -9999 -9999 -9999 -9999 -9999 -9999 -9999 -9999 -9999 -9999 -9999 -9999 -9999
-9999 -9999 -9999 -9999 -9999 -9999 -9999 -9999 -9999 0.724 0.721 0.721 0.736 0.749 0.779 0.812 0.812 0.808 0.828 0.849 0.87 0.895 0.893 0.887 0.912 0.939 0.94 0.938 0.949 0.958 -9999 -9999 -9999 -9999 -9999 -9999 -9999 -9999 -9999 -9999 1.023 1.031 1.044 1.061 1.08 1.103 1.101 1.098 1.093 -9999 -9999 -9999 -9999 -9999 -9999 -9999 1.067 1.068 1.064 1.057 -9999 -9999 -9999 -9999 -9999 -9999 -9999 -9999 -9999 -9999 -9999 -9999 -9999 -9999 -9999 -9999 -9999
-9999 -9999 -9999 -9999 -9999 -9999 -9999 0.695 0.707 0.712 0.712 0.72 0.733 0.733 0.76 0.784 0.795 0.828 0.847 0.862 0.876 0.878 0.878 0.879 0.903 0.928 0.937 0.959 -9999 -9999 -9999 -9999 -9999 -9999 -9999 -9999 -9999 -9999 -9999 -9999 -9999 1.018 -9999 -9999 -9999 -9999 -9999 1.093 1.075 -9999 -9999 -9999 -9999 -9999 -9999 -9999 -9999 -9999 1.052 1.041 -9999 -9999 -9999 -9999 -9999 -9999 -9999 -9999 -9999 -9999 -9999 -9999 -9999 -9999 -9999 -9999 -9999
-9999 -9999 -9999 -9999 -9999 -9999 0.689 -9999 0.698 0.705 0.707 0.715 0.72 0.722 0.745 0.769 0.8 0.833 0.849 0.865 0.867 0.87 0.874 0.875 0.899 0.924 0.946 0.965 -9999 -9999 -9999 -9999 -9999 -9999 -9999 -9999 -9999 -9999 -9999 -9999 -9999 -9999 1.036 -9999 -9999 -9999 -9999 -9999 -9999 -9999 -9999 -9999 -9999 -9999 -9999 -9999 -9999 -9999 -9999 -9999 -9999 -9999 -9999 -9999 -9999 -9999 -9999 -9999 -9999 -9999 -9999 -9999 -9999 -9999 -9999 -9999 -9999
-9999 -9999 -9999 -9999 -9999 0.689 0.69 0.678 0.683 0.688 0.689 0.698 0.709 0.74 0.757 0.755 0.781 -9999 0.815 0.836 0.837 0.838 0.849 0.877 0.903 0.935 0.95 -9999 -9999 -9999 -9999 -9999 -9999 -9999 -9999 -9999 -9999 -9999 -9999 -9999 -9999 -9999 -9999 -9999 -9999 -9999 -9999 -9999 -9999 -9999 -9999 -9999 -9999 -9999 -9999 -9999 -9999 -9999 -9999 -9999 -9999 -9999 -9999 -9999 -9999 -9999 -9999 -9999 -9999 -9999 -9999 -9999 -9999 -9999 -9999 -9999 -9999
-9999 -9999 -9999 -9999 -9999 0.69 0.683 0.671 0.675 0.679 0.682 0.687 0.708 0.739 0.744 0.745 0.763 0.78 0.8 0.821 0.822 0.823 0.849 0.877 0.907 0.939 0.945 -9999 -9999 -9999 -9999 -9999 -9999 -9999 -9999 -9999 -9999 -9999 -9999 -9999 -9999 -9999 -9999 -9999 -9999 -9999 -9999 -9999 -9999 -9999 -9999 -9999 -9999 -9999 -9999 -9999 -9999 -9999 -9999 -9999 -9999 -9999 -9999 -9999 -9999 -9999 -9999 -9999 -9999 -9999 -9999 -9999 -9999 -9999 -9999 -9999 -9999
-9999 -9999 -9999 -9999 0.684 0.675 0.669 0.667 0.669 0.669 0.671 0.672 0.69 0.718 0.724 0.733 0.752 0.769 0.793 0.822 0.828 0.84 0.863 0.885 0.911 0.925 -9999 -9999 -9999 -9999 -9999 -9999 -9999 -9999 -9999 -9999 -9999 -9999 -9999 -9999 -9999 -9999 -9999 -9999 -9999 -9999 -9999 -9999 -9999 -9999 -9999 -9999 -9999 -9999 -9999 -9999 -9999 -9999 -9999 -9999 -9999 -9999 -9999 -9999 -9999 -9999 -9999 -9999 -9999 -9999 -9999 -9999 -9999 -9999 -9999 -9999 -9999
