Validation/Results/raw data/ReClimate_12_2023_1_Precipitation-Actualsweatherlogisticsltd.asc
NCOLS 192
NROWS 249
XLLCENTER -225160.85627316462
YLLCENTER 29788.11610251502
CELLSIZE 5000.0
NODATA_VALUE -9999
[rows 165 to 197 of 249, columns 74 to 147 of 192]
-9999 -9999 -9999 -9999 -9999 -9999 -9999 -9999 -9999 -9999 -9999 -9999 -9999 -9999 -9999 -9999 -9999 -9999 -9999 -9999 -9999 -9999 -9999 -9999 -9999 -9999 -9999 -9999 -9999 -9999 -9999 -9999 -9999 -9999 -9999 -9999 -9999 -9999 91.628 94.522 101.545 100.182 112.66 132.225 162.031 180.042 194.046 194.947 186.124 187.605 181.32 179.815 172.398 138.674 106.734 96.309 84.364 75.873 69.715 66.65 62.63 62.234 61.424 60.494 60.241 60.886 62.15 61.948 63.241 64.302 69.367 72.716 72.815 69.267
-9999 -9999 -9999 -9999 -9999 -9999 -9999 -9999 -9999 -9999 -9999 -9999 -9999 -9999 -9999 -9999 -9999 -9999 -9999 -9999 -9999 -9999 -9999 -9999 -9999 -9999 -9999 -9999 -9999 -9999 -9999 -9999 -9999 -9999 -9999 -9999 -9999 -9999 89.915 96.934 99.606 105.051 116.224 134.23 152.501 165.725 169.185 164.733 166.494 156.756 161.937 172.721 169.577 151.769 125.682 100.675 86.356 81.867 74.54 69.999 68.701 63.446 61.97 59.357 59.652 59.581 59.554 61.458 61.449 66.674 69.226 67.288 70.096 72.179
-9999 -9999 -9999 -9999 -9999 -9999 -9999 -9999 -9999 -9999 -9999 -9999 -9999 -9999 -9999 -9999 -9999 -9999 -9999 -9999 -9999 -9999 -9999 -9999 -9999 -9999 -9999 -9999 -9999 -9999 -9999 -9999 -9999 -9999 -9999 -9999 -9999 87.077 88.682 94.533 102.337 108.049 113.226 124.694 141.894 141.732 140.044 139.396 137.417 136.988 150.382 173.882 185.163 172.19 150.763 132.281 102.37 80.141 74.598 69.498 69.047 65.94 60.946 59.104 57.608 57.926 58.718 60.627 62.756 64.135 69.312 72.434 69.675 70.057
-9999 -9999 -9999 -9999 -9999 -9999 -9999 -9999 -9999 -9999 -9999 -9999 -9999 -9999 -9999 -9999 -9999 -9999 -9999 -9999 -9999 -9999 -9999 -9999 -9999 -9999 -9999 -9999 -9999 -9999 -9999 -9999 -9999 -9999 -9999 -9999 -9999 86.317 86.237 94.62 100.297 103.577 112.166 114.73 119.887 117.547 117.947 119.726 117.324 123.411 137.484 156.636 188.83 207.806 182.229 154.232 128.193 97.763 81.416 70.124 63.423 64.909 62.333 58.943 57.985 57.37 58.362 59.304 64.079 66.401 66.692 70.347 72.619 74.688
-9999 -9999 -9999 -9999 -9999 -9999 -9999 -9999 -9999 -9999 -9999 -9999 -9999 -9999 -9999 -9999 -9999 -9999 -9999 -9999 -9999 -9999 -9999 -9999 -9999 -9999 -9999 -9999 -9999 -9999 -9999 -9999 -9999 -9999 -9999 -9999 -9999 -9999 87.335 93.839 94.088 102.054 104.64 102.935 100.01 98.751 102.48 101.16 103.047 107.121 121.357 140.18 162.462 201.885 213.036 188.779 149.927 115.796 88.637 78.4 66.528 65.491 65.339 62.493 58.415 59.942 59.559 59.857 61.363 66.259 66.527 67.961 71.604 69.654
-9999 -9999 -9999 -9999 -9999 -9999 -9999 -9999 -9999 -9999 -9999 -9999 -9999 -9999 -9999 -9999 -9999 -9999 114.767 106.78 -9999 -9999 -9999 -9999 -9999 -9999 -9999 -9999 -9999 -9999 -9999 -9999 -9999 -9999 -9999 -9999 -9999 80.748 75.658 91.404 94.849 97.599 94.969 92.335 87.885 89.564 92.052 94.832 95.508 101.682 115.211 142.485 173.176 195.537 193.152 186.698 169.229 117.8 93.651 74.749 72.781 72.053 68.569 64.381 62.252 56.688 61.641 60.806 61.768 65.255 66.903 66.339 70.012 71.296
-9999 -9999 -9999 -9999 -9999 -9999 -9999 -9999 -9999 -9999 -9999 -9999 -9999 -9999 -9999 -9999 -9999 -9999 115.554 109.087 107.338 -9999 -9999 -9999 -9999 -9999 -9999 -9999 -9999 -9999 -9999 -9999 -9999 -9999 -9999 -9999 74.891 66.289 81.108 89.965 93.176 88.008 87.032 83.389 82.534 84.997 89.68 90.57 93.051 98.094 111.294 127.812 161.328 202.006 192.09 163.756 151.683 128.498 95.707 82.326 68.984 73.772 71.424 65.049 62.433 59.33 59.733 64.976 63.232 63.853 66.817 66.688 70.579 73.083
-9999 -9999 -9999 -9999 -9999 -9999 -9999 -9999 -9999 -9999 -9999 -9999 -9999 -9999 -9999 -9999 -9999 113.613 118.706 114.907 111.844 109.978 -9999 -9999 -9999 -9999 -9999 -9999 -9999 -9999 -9999 -9999 -9999 81.525 -9999 -9999 70.686 78.454 83.249 83.124 81.299 -9999 83.457 82.956 85.174 89.8 87.445 86.703 89.806 94.661 103.048 126.467 138.874 171.139 169.793 143.183 137.588 119.957 108.311 91.112 75.276 72.188 71.048 66.816 63.982 62.093 60.779 60.667 62.385 62.132 65.643 67.651 67.4 72.528
-9999 -9999 -9999 -9999 -9999 -9999 -9999 -9999 -9999 -9999 -9999 -9999 -9999 -9999 -9999 -9999 -9999 100.407 106.984 115.902 117.261 116.793 106.496 111.425 -9999 -9999 -9999 115.999 96.434 -9999 87.141 82.062 78.996 89.689 80.313 -9999 -9999 75.675 76.314 -9999 -9999 78.376 79.565 79.051 84.137 84.879 83.811 87.023 88.808 97.585 112.231 145.479 148.364 155.984 145.846 137.215 131.088 117.233 97.138 89.319 81.302 77.35 71.335 67.595 64.849 63.571 63.377 62.591 62.2 63.203 65.842 68.031 66.345 68.806
-9999 -9999 -9999 -9999 -9999 -9999 -9999 -9999 -9999 -9999 -9999 -9999 -9999 -9999 -9999 -9999 -9999 -9999 103.289 116.067 123.676 119.464 114.532 -9999 -9999 182.689 181.445 130.114 120.859 111.533 104.594 87.446 86.982 76.939 79.545 83.536 -9999 72.751 69.648 71.678 73.083 76.932 79.796 83.232 83.842 83.535 83.388 83.018 94.06 100.093 115.865 154.71 165.966 154.683 141.88 123.472 123.657 111.939 98.825 87.107 80.543 76.297 70.678 67.916 66.028 65.321 64.1 62.338 61.915 64.426 68.249 69.375 66.926 67.267
-9999 -9999 -9999 -9999 -9999 -9999 -9999 -9999 -9999 -9999 -9999 -9999 -9999 -9999 -9999 -9999 -9999 -9999 102.281 113.926 112.958 113.206 124.354 159.452 190.345 234.253 203.391 171.013 140.731 122.9 115.733 101.753 85.638 87.538 95.091 86.832 87.251 75.622 68.902 69.54 70.032 73.683 80.545 82.3 82.284 82.966 78.094 82.753 90.86 99.185 128.42 148.655 161.339 157.736 148.16 125.753 114.642 111.087 102.509 92.403 85.895 81.252 72.812 72.09 68.873 65.22 65.382 61.886 62.382 66.804 69.218 69.789 66.505 66.309
-9999 -9999 -9999 -9999 -9999 -9999 -9999 -9999 -9999 -9999 -9999 -9999 -9999 -9999 -9999 -9999 -9999 -9999 -9999 117.506 119.071 134.529 190.335 238.469 294.921 307.54 270.867 211.703 181.82 155.714 145.208 128.112 113.406 102.407 90.339 101.268 86.422 80.076 79.611 70.311 69.652 71.459 75.02 76.041 75.645 73.082 76.482 80.775 86.647 103.054 124.605 141.735 139.913 140.595 139.379 135.648 108.209 109.018 105.954 95.746 93.738 87.084 80.424 74.812 70.794 67.808 65.953 62.158 64.022 63.53 68.168 68.997 65.97 64.454
-9999 -9999 -9999 -9999 -9999 -9999 -9999 -9999 -9999 -9999 -9999 -9999 -9999 -9999 -9999 -9999 -9999 -9999 -9999 -9999 -9999 169.765 236.498 303.921 373.087 354.917 288.667 217.531 183.603 187.714 170.652 156.084 132.915 112.529 92.627 93.473 100.754 93.502 79.236 70.718 67.205 67.973 72.339 72.655 72.062 71.778 75.373 78.31 83.593 101.33 119.927 122.942 144.014 145.959 139.395 135.04 123.039 107.637 108.569 98.193 94.706 88.509 81.745 78.473 72.432 67.871 67.182 62.323 61.921 64.055 63.995 68.854 65.59 63.693
-9999 -9999 -9999 -9999 -9999 -9999 -9999 -9999 -9999 -9999 -9999 -9999 -9999 -9999 -9999 -9999 -9999 -9999 -9999 -9999 155.768 208.234 266.558 353.917 428.332 364.267 271.835 219.729 196.481 193.247 180.346 154.921 145.383 110.432 105.269 122.871 113.93 100.42 80.629 73.948 68.263 70.209 73.615 73.609 73.627 74.55 75.134 78.893 89.866 101.576 105.198 112.017 126.996 135.816 140.749 127.865 118.906 119.867 104.891 92.498 90.497 86.834 82.939 77.163 75.816 68.715 65.914 62.461 61.554 61.763 67.723 67.373 65.228 62.664
-9999 -9999 -9999 -9999 -9999 -9999 -9999 -9999 -9999 -9999 -9999 -9999 -9999 -9999 -9999 -9999 -9999 -9999 -9999 147.672 208.886 229.539 297.808 363.631 352.305 358.011 306.242 254.735 239.985 222.333 179.223 152.775 128.16 118.456 130.846 136.252 123.37 105.87 86.55 73.905 68.863 74.135 72.478 72.687 74.345 73.066 75.047 84.577 91.143 94.577 104.302 109.365 118.429 130.96 121.433 120.635 106.889 104.151 102.8 85.428 83.155 83.578 81.652 77.76 71.134 68.107 61.211 60.69 60.799 60.195 62.855 66.933 62.687 63.889
-9999 -9999 -9999 -9999 -9999 -9999 -9999 -9999 -9999 -9999 -9999 -9999 -9999 -9999 -9999 -9999 -9999 -9999 132.379 163.641 147.465 203.755 237.706 241.186 255.681 272.01 271.497 272.661 263.769 243.99 210.822 168.869 137.206 138.159 133.516 120.314 117.046 101.236 88.754 74.045 70.071 74.329 72.273 74.126 76.337 76.954 82.237 86.235 90.875 97.393 100.662 106.671 99.785 106.691 109.929 103.166 99.0 94.643 90.958 83.673 77.116 78.617 76.998 73.23 70.86 65.506 58.15 57.807 59.461 59.379 60.497 65.602 62.026 63.217
-9999 -9999 -9999 -9999 -9999 -9999 -9999 -9999 -9999 -9999 -9999 -9999 -9999 -9999 -9999 -9999 119.96 122.542 127.661 123.367 133.568 151.704 170.718 168.624 195.953 235.068 258.875 269.788 277.422 227.994 191.289 164.486 149.848 160.942 151.978 140.399 122.32 111.485 92.113 73.618 73.668 76.285 76.732 76.816 78.75 82.767 84.585 88.926 88.425 91.374 100.376 102.723 99.988 95.137 91.539 90.191 87.991 86.843 82.798 78.52 75.691 71.36 69.302 64.76 64.841 62.756 57.515 56.538 61.442 63.172 65.78 66.796 64.078 61.348
-9999 -9999 -9999 -9999 -9999 -9999 -9999 -9999 -9999 -9999 -9999 -9999 -9999 -9999 -9999 122.86 122.297 119.301 125.335 -9999 -9999 -9999 -9999 167.52 210.963 259.898 268.483 275.316 244.039 227.977 225.101 198.718 196.834 217.384 189.998 153.822 129.83 114.226 88.266 78.541 77.6 76.871 75.467 76.896 77.944 80.57 80.229 83.395 81.986 86.14 91.368 92.036 90.475 87.281 84.461 84.055 76.945 73.904 73.236 70.267 70.108 68.085 63.744 63.431 64.278 63.49 61.088 63.257 65.438 68.031 69.176 68.141 65.915 63.623
-9999 -9999 -9999 -9999 -9999 -9999 -9999 -9999 -9999 -9999 -9999 -9999 -9999 -9999 -9999 123.059 124.278 118.411 -9999 -9999 -9999 -9999 -9999 164.255 214.705 269.132 256.964 270.07 273.602 272.025 269.155 238.454 218.065 212.173 155.929 121.415 121.326 99.578 89.147 88.301 74.887 74.327 78.019 76.703 79.016 78.109 77.54 76.568 81.272 79.254 82.457 85.126 83.327 82.761 83.315 79.594 73.956 68.735 69.114 70.518 66.898 66.152 58.918 61.293 67.741 67.378 69.678 71.696 73.492 72.269 71.799 71.85 66.942 64.294
-9999 -9999 -9999 -9999 -9999 -9999 -9999 -9999 -9999 -9999 -9999 -9999 -9999 -9999 -9999 -9999 -9999 116.457 -9999 -9999 -9999 -9999 -9999 164.186 209.648 212.758 230.283 262.663 269.21 304.892 294.715 234.099 226.811 188.234 145.192 130.057 108.966 93.669 85.144 75.949 67.457 71.12 70.767 70.617 73.19 70.549 72.207 78.418 77.04 76.27 80.048 81.208 80.106 76.61 78.286 76.463 73.394 74.85 74.039 71.409 68.752 66.306 66.625 61.429 69.089 70.772 69.013 72.423 74.579 72.988 71.432 71.847 70.057 65.129
-9999 -9999 -9999 -9999 -9999 -9999 -9999 -9999 -9999 -9999 -9999 -9999 -9999 -9999 -9999 -9999 -9999 -9999 -9999 -9999 -9999 -9999 -9999 165.169 177.133 188.294 241.271 260.129 303.397 309.877 304.752 264.01 208.558 168.544 141.967 114.457 102.425 82.105 77.107 70.574 72.325 68.332 68.076 69.82 66.587 66.729 71.832 74.688 76.286 77.364 77.806 83.992 78.398 72.884 72.298 73.29 71.16 72.786 74.875 74.093 75.891 75.628 70.919 67.875 63.229 64.908 67.991 69.827 72.87 75.34 70.765 68.916 67.555 65.483
-9999 -9999 -9999 -9999 -9999 -9999 -9999 -9999 -9999 -9999 -9999 -9999 -9999 -9999 -9999 -9999 -9999 -9999 -9999 -9999 -9999 -9999 -9999 -9999 187.971 261.932 316.402 316.232 305.679 286.703 260.447 216.701 185.5 150.28 115.669 113.012 90.182 79.639 79.757 75.467 69.574 66.712 68.131 69.328 67.23 68.973 77.213 77.88 77.202 75.06 76.195 80.111 79.463 68.59 68.493 68.955 68.105 71.198 73.534 74.392 82.044 84.517 76.048 69.465 67.856 66.708 70.818 75.58 75.699 75.169 71.859 69.088 66.529 63.8
-9999 -9999 -9999 -9999 -9999 -9999 -9999 -9999 -9999 -9999 -9999 -9999 -9999 -9999 -9999 -9999 -9999 -9999 -9999 -9999 -9999 -9999 -9999 171.068 206.915 278.57 311.062 299.696 264.357 244.357 222.357 210.785 184.569 138.885 120.233 110.636 91.761 101.729 81.81 74.344 71.912 72.572 69.991 71.839 77.607 79.801 80.092 75.144 74.769 73.856 75.385 76.062 75.663 72.208 67.952 67.864 65.86 65.694 70.185 71.465 74.302 79.435 73.54 69.626 70.191 71.7 75.393 79.494 79.861 76.269 71.352 68.268 69.276 65.61
-9999 -9999 -9999 -9999 -9999 -9999 -9999 -9999 -9999 -9999 -9999 -9999 -9999 -9999 -9999 -9999 -9999 -9999 -9999 -9999 -9999 -9999 -9999 155.293 196.094 262.558 253.523 231.951 213.601 211.62 218.55 205.011 165.824 130.552 121.001 103.472 99.363 91.763 91.618 96.475 86.743 79.951 73.498 72.676 77.263 83.146 76.724 74.979 75.987 77.197 79.274 78.511 76.638 76.879 73.312 69.354 66.063 65.877 67.757 71.372 73.953 77.079 71.448 69.073 71.13 76.777 75.231 79.151 80.558 75.149 72.438 65.367 61.048 64.856
-9999 -9999 -9999 -9999 -9999 -9999 -9999 -9999 -9999 -9999 -9999 -9999 -9999 -9999 -9999 -9999 -9999 -9999 -9999 -9999 -9999 -9999 -9999 145.721 179.383 191.889 211.92 206.636 204.69 215.527 220.077 187.076 160.69 126.051 115.007 98.753 95.011 95.039 103.081 103.854 105.859 91.562 85.983 79.142 81.995 81.615 75.235 75.321 75.036 75.91 79.382 80.733 81.47 79.782 75.721 70.256 71.794 71.088 70.284 71.543 69.566 70.26 69.574 69.075 72.079 74.315 77.337 74.051 72.072 70.471 71.14 71.893 59.926 55.135
-9999 -9999 -9999 -9999 -9999 -9999 -9999 -9999 -9999 -9999 -9999 -9999 -9999 -9999 -9999 -9999 -9999 -9999 -9999 -9999 -9999 -9999 -9999 -9999 154.869 194.411 226.796 251.805 263.87 237.879 207.977 169.006 125.696 120.321 112.601 101.906 95.613 94.243 100.996 107.175 108.435 96.758 83.483 77.141 88.413 85.343 76.923 78.3 75.1 77.333 78.704 78.982 77.095 78.842 75.168 72.61 74.038 76.767 73.169 71.299 68.091 65.342 67.867 68.575 69.814 71.641 72.034 72.836 71.068 67.813 70.669 68.7 66.417 59.592
-9999 -9999 -9999 -9999 -9999 -9999 -9999 -9999 -9999 -9999 -9999 -9999 -9999 -9999 -9999 -9999 -9999 -9999 -9999 -9999 -9999 -9999 -9999 -9999 158.471 193.178 238.44 304.086 324.824 266.183 215.009 152.792 130.656 133.996 128.08 124.137 117.954 108.053 99.004 108.551 104.619 95.378 91.715 98.835 92.885 85.963 85.303 81.918 78.543 78.006 80.19 82.205 80.077 79.805 79.653 76.342 76.595 77.303 74.782 73.197 74.289 72.507 72.695 72.681 70.128 70.66 73.411 73.51 74.832 71.027 72.662 71.323 66.362 64.172
-9999 -9999 -9999 -9999 -9999 -9999 -9999 -9999 -9999 -9999 -9999 -9999 -9999 -9999 -9999 -9999 -9999 -9999 -9999 -9999 -9999 -9999 -9999 148.631 139.441 188.332 249.504 303.029 293.243 260.319 199.251 178.115 179.654 158.01 148.629 136.892 117.11 109.759 112.077 110.689 96.883 98.787 104.167 98.612 97.855 90.373 82.903 81.78 77.704 81.182 86.692 87.276 89.09 84.893 80.892 77.862 79.101 78.059 86.192 80.104 73.474 72.468 75.395 75.646 75.695 74.342 77.035 73.667 73.614 74.593 74.135 69.482 68.231 70.288
-9999 -9999 -9999 -9999 -9999 -9999 -9999 -9999 -9999 -9999 -9999 -9999 -9999 -9999 -9999 -9999 -9999 -9999 -9999 -9999 -9999 -9999 -9999 138.137 156.197 188.624 219.626 269.118 294.21 254.476 211.736 180.705 171.669 170.568 158.295 144.296 133.679 133.735 119.898 103.247 105.764 98.714 97.7 95.75 101.209 81.095 82.97 78.485 72.814 81.114 84.942 97.274 92.486 90.751 84.679 86.601 82.307 75.93 70.096 77.462 69.896 69.934 71.606 76.695 74.074 78.169 81.18 79.304 72.4 70.933 69.451 68.259 66.426 69.729
-9999 -9999 -9999 -9999 -9999 -9999 -9999 -9999 -9999 -9999 -9999 -9999 -9999 -9999 -9999 -9999 -9999 -9999 -9999 -9999 -9999 -9999 -9999 150.506 159.106 172.187 214.908 262.414 287.799 267.087 210.29 176.937 177.264 166.898 150.024 146.512 156.164 138.563 116.325 112.759 100.573 107.809 92.695 95.536 84.144 80.52 81.773 74.503 73.979 73.784 84.385 85.474 90.729 89.329 85.769 82.573 82.282 75.59 71.538 69.634 69.985 70.106 72.566 71.657 77.41 76.119 76.869 77.783 75.306 72.251 69.592 68.298 68.243 66.314
-9999 -9999 -9999 -9999 -9999 -9999 -9999 -9999 -9999 -9999 -9999 -9999 -9999 -9999 -9999 -9999 -9999 -9999 -9999 -9999 -9999 -9999 159.144 155.11 174.216 183.945 206.517 253.77 269.886 258.584 205.306 169.759 154.894 146.76 144.059 158.215 141.644 129.247 125.463 106.409 100.021 91.158 84.574 82.741 82.731 84.347 75.544 73.218 74.077 72.432 75.183 79.698 80.73 84.255 81.681 79.145 77.118 73.509 69.358 66.687 66.626 68.352 73.376 76.113 75.92 77.124 74.744 73.903 74.511 69.705 70.162 69.234 68.218 68.377
-9999 -9999 -9999 -9999 -9999 -9999 -9999 -9999 -9999 -9999 -9999 -9999 -9999 -9999 -9999 -9999 -9999 -9999 -9999 -9999 -9999 163.929 159.357 161.897 177.707 187.493 224.958 259.436 280.516 270.033 235.86 181.05 167.304 147.504 147.902 158.366 135.756 129.276 108.041 99.22 92.207 85.779 80.842 90.265 93.219 86.908 81.722 80.907 72.42 71.17 74.903 75.776 76.397 77.077 77.759 75.268 75.644 72.542 68.757 68.467 68.595 68.487 72.628 74.411 76.321 74.551 71.542 70.973 69.78 69.762 72.791 73.169 69.602 69.681
-9999 -9999 -9999 -9999 -9999 -9999 -9999 -9999 -9999 -9999 -9999 -9999 -9999 -9999 -9999 -9999 -9999 -9999 -9999 172.704 170.452 170.322 172.667 164.484 186.398 201.564 242.513 279.714 295.725 281.743 230.162 184.73 144.146 146.449 151.315 154.418 135.414 117.755 109.976 95.983 91.057 82.241 85.176 90.747 86.534 87.643 86.186 77.85 76.005 73.915 75.621 74.326 73.377 72.746 70.338 66.471 66.58 67.172 68.546 71.359 75.779 77.097 74.538 75.31 73.598 71.827 71.841 75.782 72.46 70.437 68.53 73.121 70.86 68.441
