Validation/Results/raw data/ReClimate_12_2023_2_Precipitation-Actuals.asc
NCOLS 192
NROWS 249
XLLCENTER -225160.85627316462
YLLCENTER 29788.11610251502
CELLSIZE 5000.0
NODATA_VALUE -9999
[rows 165 to 197 of 249, columns 74 to 147 of 192]
-9999 -9999 -9999 -9999 -9999 -9999 -9999 -9999 -9999 -9999 -9999 -9999 -9999 -9999 -9999 -9999 -9999 -9999 -9999 -9999 -9999 -9999 -9999 -9999 -9999 -9999 -9999 -9999 -9999 -9999 -9999 -9999 -9999 -9999 -9999 -9999 -9999 -9999 63.557 65.013 68.448 68.362 73.251 86.726 105.745 114.918 126.66 127.478 122.714 121.558 118.405 121.003 115.997 95.674 75.685 66.861 58.877 53.341 48.187 47.072 44.724 42.958 42.292 41.311 40.489 39.536 41.34 41.34 43.631 42.375 45.0 48.315 47.459 44.863
-9999 -9999 -9999 -9999 -9999 -9999 -9999 -9999 -9999 -9999 -9999 -9999 -9999 -9999 -9999 -9999 -9999 -9999 -9999 -9999 -9999 -9999 -9999 -9999 -9999 -9999 -9999 -9999 -9999 -9999 -9999 -9999 -9999 -9999 -9999 -9999 -9999 -9999 64.393 68.917 68.035 69.321 77.518 88.795 100.267 107.644 108.953 107.745 106.352 102.839 109.804 117.082 111.436 100.605 86.422 70.889 62.487 59.104 52.175 48.045 47.904 44.394 42.735 41.192 40.764 40.072 38.806 39.898 39.674 41.5 43.107 40.052 43.713 46.237
-9999 -9999 -9999 -9999 -9999 -9999 -9999 -9999 -9999 -9999 -9999 -9999 -9999 -9999 -9999 -9999 -9999 -9999 -9999 -9999 -9999 -9999 -9999 -9999 -9999 -9999 -9999 -9999 -9999 -9999 -9999 -9999 -9999 -9999 -9999 -9999 -9999 61.24 62.553 64.878 67.849 70.999 73.912 85.122 94.31 92.564 93.131 90.516 90.777 91.587 101.185 117.53 134.208 119.949 103.964 91.657 71.337 58.673 53.463 47.257 46.948 45.875 44.285 41.937 38.123 38.391 39.846 42.074 42.607 41.155 42.911 46.37 43.219 44.889
-9999 -9999 -9999 -9999 -9999 -9999 -9999 -9999 -9999 -9999 -9999 -9999 -9999 -9999 -9999 -9999 -9999 -9999 -9999 -9999 -9999 -9999 -9999 -9999 -9999 -9999 -9999 -9999 -9999 -9999 -9999 -9999 -9999 -9999 -9999 -9999 -9999 59.703 59.999 64.2 66.174 68.359 75.441 77.764 79.866 76.911 77.953 79.267 76.977 81.995 92.184 106.13 127.664 144.933 123.924 107.779 89.389 68.636 58.636 49.356 43.045 45.231 44.453 42.278 40.157 37.886 39.072 40.587 45.684 46.305 44.321 45.268 47.142 44.59
-9999 -9999 -9999 -9999 -9999 -9999 -9999 -9999 -9999 -9999 -9999 -9999 -9999 -9999 -9999 -9999 -9999 -9999 -9999 -9999 -9999 -9999 -9999 -9999 -9999 -9999 -9999 -9999 -9999 -9999 -9999 -9999 -9999 -9999 -9999 -9999 -9999 -9999 60.161 62.836 64.551 70.204 74.615 70.167 66.636 67.227 69.285 68.381 70.151 71.715 80.526 92.49 108.672 134.567 141.313 123.979 101.262 80.495 63.18 54.604 46.643 46.054 46.168 44.08 40.03 40.749 39.791 40.021 42.023 46.043 45.009 43.863 45.573 46.272
-9999 -9999 -9999 -9999 -9999 -9999 -9999 -9999 -9999 -9999 -9999 -9999 -9999 -9999 -9999 -9999 -9999 -9999 71.251 75.871 -9999 -9999 -9999 -9999 -9999 -9999 -9999 -9999 -9999 -9999 -9999 -9999 -9999 -9999 -9999 -9999 -9999 56.298 54.921 62.057 65.027 68.558 65.158 61.055 58.213 60.954 62.895 64.676 64.334 67.357 73.777 93.188 109.139 123.303 127.374 125.559 112.396 81.971 67.595 55.463 51.921 51.058 48.463 47.576 44.032 38.749 39.734 38.519 41.253 43.991 44.21 42.793 44.441 44.349
-9999 -9999 -9999 -9999 -9999 -9999 -9999 -9999 -9999 -9999 -9999 -9999 -9999 -9999 -9999 -9999 -9999 -9999 77.546 81.127 82.244 -9999 -9999 -9999 -9999 -9999 -9999 -9999 -9999 -9999 -9999 -9999 -9999 -9999 -9999 -9999 52.413 50.575 54.495 61.279 64.206 60.565 59.136 56.02 56.639 58.743 62.196 61.94 62.08 63.559 71.054 84.085 106.149 128.698 126.423 112.183 104.247 87.829 68.009 57.902 49.61 51.866 49.234 44.604 42.555 39.024 39.957 41.517 41.05 42.451 43.364 43.317 45.381 46.4
-9999 -9999 -9999 -9999 -9999 -9999 -9999 -9999 -9999 -9999 -9999 -9999 -9999 -9999 -9999 -9999 -9999 71.635 76.922 83.248 81.745 80.728 -9999 -9999 -9999 -9999 -9999 -9999 -9999 -9999 -9999 -9999 -9999 56.941 -9999 -9999 50.646 53.912 55.172 57.625 56.775 -9999 56.988 57.998 60.339 62.028 60.27 59.402 61.143 62.515 69.433 85.617 90.065 112.964 112.645 99.573 94.078 81.413 74.993 63.369 52.57 50.283 48.356 43.268 41.461 39.474 39.949 40.909 38.482 39.176 42.165 43.546 43.514 45.301
-9999 -9999 -9999 -9999 -9999 -9999 -9999 -9999 -9999 -9999 -9999 -9999 -9999 -9999 -9999 -9999 -9999 68.149 75.27 81.5 82.877 80.54 78.866 81.595 -9999 -9999 -9999 80.516 68.702 -9999 62.332 57.934 53.961 60.813 56.684 -9999 -9999 52.314 53.239 -9999 -9999 51.998 52.879 54.979 57.61 58.265 57.827 60.754 62.36 66.967 76.407 99.183 98.942 107.43 101.519 95.803 94.348 80.755 67.637 62.744 56.369 53.533 47.699 44.701 42.773 43.393 42.945 42.084 41.568 39.467 42.213 43.104 42.754 43.637
-9999 -9999 -9999 -9999 -9999 -9999 -9999 -9999 -9999 -9999 -9999 -9999 -9999 -9999 -9999 -9999 -9999 -9999 73.478 79.829 82.092 82.085 83.898 -9999 -9999 125.536 124.193 92.639 88.359 80.613 75.058 60.578 58.794 53.295 56.831 61.304 -9999 52.715 50.302 51.085 50.425 51.455 53.553 57.333 57.208 56.323 56.132 57.768 64.238 66.903 77.226 104.08 115.39 107.452 101.013 85.807 87.071 79.352 68.888 61.431 55.853 53.449 49.174 45.861 44.989 45.256 44.622 42.704 40.95 42.15 42.378 43.472 42.566 43.273
-9999 -9999 -9999 -9999 -9999 -9999 -9999 -9999 -9999 -9999 -9999 -9999 -9999 -9999 -9999 -9999 -9999 -9999 72.647 77.816 77.859 82.909 91.655 112.431 133.742 166.256 139.662 118.471 102.187 86.576 81.717 69.524 56.79 60.543 68.528 63.148 62.509 55.169 50.78 49.926 49.368 50.684 56.487 57.718 56.649 56.729 53.377 56.515 61.381 65.193 85.486 100.28 110.4 110.944 103.177 87.643 79.565 81.776 74.179 65.291 59.68 55.323 51.994 49.516 46.93 44.814 44.425 41.801 40.942 41.746 43.828 44.104 43.71 42.581
-9999 -9999 -9999 -9999 -9999 -9999 -9999 -9999 -9999 -9999 -9999 -9999 -9999 -9999 -9999 -9999 -9999 -9999 -9999 82.83 86.572 98.395 132.199 163.271 203.353 210.281 179.883 149.005 129.519 113.945 101.433 85.406 74.562 71.322 64.523 71.97 62.324 57.686 55.54 50.805 50.324 50.854 53.067 53.451 52.895 50.153 52.142 54.559 57.451 68.432 84.021 97.527 97.205 97.947 99.311 92.733 76.789 79.881 77.316 66.783 64.503 59.24 54.761 51.614 47.53 45.54 44.36 41.675 38.62 40.244 43.138 43.559 41.563 41.408
-9999 -9999 -9999 -9999 -9999 -9999 -9999 -9999 -9999 -9999 -9999 -9999 -9999 -9999 -9999 -9999 -9999 -9999 -9999 -9999 -9999 122.806 170.811 211.309 258.762 251.644 211.621 149.761 130.622 131.515 119.013 107.268 84.426 69.369 65.845 65.852 70.76 67.694 62.895 50.38 48.134 48.803 51.473 51.338 49.706 49.441 50.652 52.058 56.208 68.731 83.831 87.819 97.227 99.375 98.377 97.848 84.328 76.21 75.949 64.999 62.649 58.859 54.451 53.003 49.314 45.713 44.82 41.798 40.556 38.452 38.11 41.951 41.773 40.449
-9999 -9999 -9999 -9999 -9999 -9999 -9999 -9999 -9999 -9999 -9999 -9999 -9999 -9999 -9999 -9999 -9999 -9999 -9999 -9999 111.541 150.203 186.956 250.556 292.25 253.176 188.646 166.345 140.352 132.12 121.183 106.324 96.36 77.945 70.664 81.902 80.148 74.866 57.257 52.99 52.503 54.939 52.012 51.206 50.745 50.19 49.873 51.398 59.779 69.387 72.955 78.2 88.087 91.488 93.979 87.931 82.906 80.08 70.838 62.993 59.962 58.743 56.31 52.898 51.536 47.016 44.771 42.359 40.937 40.006 43.127 41.507 43.332 40.614
-9999 -9999 -9999 -9999 -9999 -9999 -9999 -9999 -9999 -9999 -9999 -9999 -9999 -9999 -9999 -9999 -9999 -9999 -9999 104.876 153.973 160.975 197.447 239.834 231.11 223.163 201.752 184.119 168.447 149.315 118.991 102.597 88.863 77.166 83.931 90.556 85.746 73.7 60.909 53.031 52.336 53.677 50.821 50.496 50.676 49.517 50.451 56.876 61.779 63.151 69.915 73.653 82.529 90.792 81.022 80.132 72.381 71.829 71.216 59.71 57.401 58.408 56.525 53.441 46.194 44.219 42.154 42.087 41.118 40.114 41.604 43.489 39.809 41.467
-9999 -9999 -9999 -9999 -9999 -9999 -9999 -9999 -9999 -9999 -9999 -9999 -9999 -9999 -9999 -9999 -9999 -9999 93.15 128.495 127.585 143.495 157.67 165.016 172.931 188.407 195.473 190.806 183.345 159.255 126.163 115.211 91.566 93.484 92.864 85.45 80.509 69.466 61.174 51.524 48.893 51.424 49.415 51.994 51.11 52.244 57.495 59.364 61.418 66.184 67.994 71.386 68.575 73.922 75.088 69.263 66.337 64.289 63.294 58.737 53.937 54.875 53.795 49.772 47.012 43.129 39.986 38.496 40.13 40.644 41.022 44.214 41.227 40.961
-9999 -9999 -9999 -9999 -9999 -9999 -9999 -9999 -9999 -9999 -9999 -9999 -9999 -9999 -9999 -9999 86.513 86.141 96.327 99.366 110.115 111.531 119.646 114.005 137.856 165.476 180.665 190.906 198.194 151.108 131.685 112.728 102.25 112.444 109.249 100.296 84.839 75.662 63.518 51.868 51.156 52.89 54.845 52.823 53.127 56.838 58.379 61.786 60.422 63.55 68.681 67.441 66.079 65.307 62.681 61.65 60.532 60.15 57.833 54.965 53.275 50.987 49.207 45.36 44.477 42.874 40.494 39.475 39.995 42.377 44.033 44.644 42.656 40.072
-9999 -9999 -9999 -9999 -9999 -9999 -9999 -9999 -9999 -9999 -9999 -9999 -9999 -9999 -9999 89.644 88.845 88.65 87.592 -9999 -9999 -9999 -9999 112.416 142.067 176.625 188.986 199.486 178.312 161.755 159.401 143.479 146.348 152.993 131.945 107.569 88.694 76.18 60.781 54.626 53.455 53.283 52.751 52.373 52.724 55.545 56.278 58.21 57.936 60.272 61.904 60.29 59.405 60.295 58.495 57.71 54.144 52.969 51.727 49.706 50.366 48.634 45.538 43.968 44.108 43.312 41.651 42.52 44.079 45.2 47.414 47.137 44.454 41.028
-9999 -9999 -9999 -9999 -9999 -9999 -9999 -9999 -9999 -9999 -9999 -9999 -9999 -9999 -9999 89.583 93.025 85.986 -9999 -9999 -9999 -9999 -9999 115.291 147.019 193.248 200.491 203.068 220.549 207.654 194.201 178.477 158.261 148.462 110.99 91.783 83.445 67.615 58.114 54.649 53.527 52.952 54.201 53.259 52.463 51.668 55.375 56.893 55.992 54.466 55.568 56.212 57.124 57.853 58.269 55.476 51.855 48.67 49.689 49.71 47.469 46.437 42.426 41.361 45.58 46.592 47.16 47.323 49.234 49.326 49.153 48.445 44.951 41.897
-9999 -9999 -9999 -9999 -9999 -9999 -9999 -9999 -9999 -9999 -9999 -9999 -9999 -9999 -9999 -9999 -9999 84.433 -9999 -9999 -9999 -9999 -9999 117.882 144.436 161.224 166.846 194.477 197.365 219.299 211.074 170.231 162.68 133.548 106.157 90.521 75.171 63.757 54.441 54.2 52.884 52.987 50.839 48.6 49.66 48.706 51.507 53.023 52.49 52.782 54.106 54.818 53.408 53.498 55.022 53.642 51.429 51.981 51.323 50.654 48.726 46.342 47.026 42.681 45.378 49.432 48.527 49.171 49.416 50.072 49.326 47.952 45.636 42.505
-9999 -9999 -9999 -9999 -9999 -9999 -9999 -9999 -9999 -9999 -9999 -9999 -9999 -9999 -9999 -9999 -9999 -9999 -9999 -9999 -9999 -9999 -9999 113.503 127.06 132.308 163.923 179.35 213.263 217.861 205.648 177.393 147.76 118.589 99.406 77.486 66.039 56.042 54.29 53.787 54.718 49.987 47.975 47.265 43.449 46.995 49.056 50.451 51.88 53.293 54.507 57.644 54.453 50.897 51.222 51.659 49.511 50.802 52.473 52.165 53.884 54.58 50.864 47.309 42.811 45.426 47.689 47.399 48.467 48.821 47.63 46.923 44.929 42.646
-9999 -9999 -9999 -9999 -9999 -9999 -9999 -9999 -9999 -9999 -9999 -9999 -9999 -9999 -9999 -9999 -9999 -9999 -9999 -9999 -9999 -9999 -9999 -9999 122.283 176.033 213.87 219.48 209.276 195.377 176.666 151.568 129.37 105.297 84.797 78.052 64.04 56.039 55.105 56.138 52.933 46.951 46.707 46.261 46.976 50.817 54.005 52.902 52.352 51.759 52.04 56.096 55.551 51.97 50.448 49.093 48.298 49.369 50.844 51.986 58.187 60.523 55.118 49.374 46.409 46.341 48.987 50.703 49.147 49.668 47.892 46.698 44.448 42.219
-9999 -9999 -9999 -9999 -9999 -9999 -9999 -9999 -9999 -9999 -9999 -9999 -9999 -9999 -9999 -9999 -9999 -9999 -9999 -9999 -9999 -9999 -9999 118.019 139.016 180.859 212.516 201.396 181.343 170.829 156.162 148.817 131.058 101.322 87.435 78.447 65.957 71.669 59.658 54.387 50.032 51.466 50.599 50.115 57.651 58.143 58.416 51.607 51.92 50.891 52.752 55.285 54.74 51.751 50.182 48.24 47.129 46.582 48.08 50.439 53.596 57.292 53.554 49.743 48.917 48.945 52.115 54.071 51.917 49.961 48.286 45.65 43.63 42.045
-9999 -9999 -9999 -9999 -9999 -9999 -9999 -9999 -9999 -9999 -9999 -9999 -9999 -9999 -9999 -9999 -9999 -9999 -9999 -9999 -9999 -9999 -9999 109.368 132.551 177.193 169.392 157.987 147.386 146.9 151.964 144.755 117.449 95.586 86.947 76.118 79.831 68.677 65.415 64.656 61.053 54.566 45.941 51.997 54.792 57.537 52.316 51.016 52.842 53.374 54.74 54.169 54.828 54.809 52.276 49.762 47.33 46.79 45.831 49.17 53.586 55.823 52.27 48.033 49.109 54.02 52.852 55.492 55.789 51.288 49.701 45.631 41.967 42.554
-9999 -9999 -9999 -9999 -9999 -9999 -9999 -9999 -9999 -9999 -9999 -9999 -9999 -9999 -9999 -9999 -9999 -9999 -9999 -9999 -9999 -9999 -9999 95.689 120.828 129.555 146.204 143.298 147.873 151.731 153.825 130.745 114.616 92.294 82.043 75.706 69.64 67.471 70.504 72.921 74.076 59.787 58.945 55.079 55.749 55.448 51.018 51.007 51.119 52.699 55.639 55.505 56.138 55.913 54.045 50.607 51.065 49.673 49.721 50.091 50.366 50.235 50.155 49.936 49.856 52.295 54.996 52.518 51.931 50.029 49.125 49.217 43.256 39.682
-9999 -9999 -9999 -9999 -9999 -9999 -9999 -9999 -9999 -9999 -9999 -9999 -9999 -9999 -9999 -9999 -9999 -9999 -9999 -9999 -9999 -9999 -9999 -9999 99.966 133.898 154.089 177.481 184.733 168.176 146.67 116.162 89.273 81.448 68.251 72.19 73.178 67.134 70.679 75.062 75.473 66.95 55.564 52.86 59.784 57.096 52.889 51.974 50.286 53.154 54.826 53.749 53.826 54.869 52.808 50.87 51.651 53.816 51.915 51.236 50.753 47.835 48.372 50.055 50.253 50.476 50.246 50.851 49.224 48.223 48.867 47.506 45.305 41.861
-9999 -9999 -9999 -9999 -9999 -9999 -9999 -9999 -9999 -9999 -9999 -9999 -9999 -9999 -9999 -9999 -9999 -9999 -9999 -9999 -9999 -9999 -9999 -9999 107.182 131.018 163.674 210.967 231.014 188.086 147.881 104.629 88.712 84.325 89.131 92.169 84.243 75.961 67.148 73.656 72.867 63.937 60.49 65.919 65.518 63.401 57.994 54.989 53.263 53.304 54.226 55.825 55.16 54.31 53.317 51.246 51.968 54.105 53.149 52.812 52.97 52.473 51.655 52.587 51.176 49.909 50.804 50.576 51.062 49.17 50.981 49.057 45.492 44.793
-9999 -9999 -9999 -9999 -9999 -9999 -9999 -9999 -9999 -9999 -9999 -9999 -9999 -9999 -9999 -9999 -9999 -9999 -9999 -9999 -9999 -9999 -9999 91.814 95.404 129.492 172.63 214.791 201.341 189.217 137.922 121.853 122.146 110.063 106.067 97.184 82.683 76.205 76.222 75.812 66.283 66.231 69.367 68.781 70.625 63.266 57.792 56.399 52.58 54.996 60.051 60.065 59.875 57.319 56.213 53.534 53.369 56.526 57.937 55.494 54.4 52.661 53.832 54.691 55.445 53.408 53.853 51.009 50.477 50.786 51.644 49.236 46.86 46.346
-9999 -9999 -9999 -9999 -9999 -9999 -9999 -9999 -9999 -9999 -9999 -9999 -9999 -9999 -9999 -9999 -9999 -9999 -9999 -9999 -9999 -9999 -9999 90.584 101.622 125.446 153.662 188.38 215.093 178.333 148.133 128.709 119.311 119.887 112.186 101.292 92.837 91.508 82.097 70.774 72.096 66.784 67.147 67.945 72.756 59.939 58.395 54.064 49.613 54.626 58.691 64.588 61.684 61.6 57.813 56.082 54.797 50.912 51.904 54.33 55.88 53.778 50.959 54.212 56.257 57.336 56.688 54.659 48.851 48.583 49.403 48.917 47.685 48.102
-9999 -9999 -9999 -9999 -9999 -9999 -9999 -9999 -9999 -9999 -9999 -9999 -9999 -9999 -9999 -9999 -9999 -9999 -9999 -9999 -9999 -9999 -9999 94.307 101.39 111.725 139.794 184.86 198.6 181.914 147.426 125.412 126.642 118.226 105.299 101.253 106.332 93.821 77.503 75.214 69.064 72.721 61.944 66.978 61.086 56.888 55.514 50.614 50.486 51.387 58.144 58.967 59.865 60.46 59.511 58.072 55.883 54.308 49.494 51.227 51.546 52.503 49.176 49.494 53.465 55.261 53.942 54.645 50.912 48.435 48.771 48.753 48.297 46.711
-9999 -9999 -9999 -9999 -9999 -9999 -9999 -9999 -9999 -9999 -9999 -9999 -9999 -9999 -9999 -9999 -9999 -9999 -9999 -9999 -9999 -9999 98.921 98.164 113.472 116.716 134.021 158.173 176.741 172.613 137.534 121.195 115.296 103.501 100.685 107.366 96.142 85.333 83.466 72.54 68.081 61.017 58.427 56.958 55.525 56.518 51.382 50.901 51.78 50.126 52.506 55.881 55.636 57.137 57.046 56.694 55.827 52.982 49.809 47.792 47.786 48.771 50.14 52.043 52.497 53.095 52.23 51.967 52.825 48.531 49.474 49.3 48.885 48.404
-9999 -9999 -9999 -9999 -9999 -9999 -9999 -9999 -9999 -9999 -9999 -9999 -9999 -9999 -9999 -9999 -9999 -9999 -9999 -9999 -9999 102.979 100.424 106.997 109.309 113.531 141.991 168.869 187.164 182.36 150.256 127.639 115.55 102.005 102.082 107.325 90.785 88.15 73.924 68.554 64.161 60.726 59.852 60.032 60.106 58.511 55.808 55.44 50.061 49.431 52.01 52.573 53.116 53.716 54.63 53.464 53.137 51.654 49.186 47.836 48.192 48.069 45.764 49.207 53.285 51.987 50.514 52.196 50.183 50.005 52.775 52.542 49.506 49.586
-9999 -9999 -9999 -9999 -9999 -9999 -9999 -9999 -9999 -9999 -9999 -9999 -9999 -9999 -9999 -9999 -9999 -9999 -9999 115.981 110.949 111.245 105.966 103.417 108.154 123.557 157.437 181.865 197.269 180.518 152.407 125.4 98.525 101.727 104.756 103.838 91.356 80.408 75.327 66.402 62.04 59.074 60.613 60.571 58.27 59.758 57.76 52.905 51.157 50.59 51.251 51.252 50.464 50.586 50.944 48.308 47.505 46.901 48.933 50.378 52.656 54.894 55.173 51.408 51.637 50.76 51.212 54.271 52.852 50.412 49.304 52.194 49.809 48.005
