Validation/Results/raw data/ReClimate_03_2024_1_Temperatureweatherlogisticsltd.asc
NCOLS 192
NROWS 249
XLLCENTER -225160.85627316462
YLLCENTER 29788.11610251502
CELLSIZE 5000.0
NODATA_VALUE -9999
[rows 102 to 135 of 249, columns 75 to 149 of 192]
-0.594 -0.602 -0.592 -0.582 -0.564 -0.549 -9999 -9999 -0.548 -9999 -9999 -0.578 -0.584 -0.591 -0.582 -0.571 -0.578 -0.587 -0.605 -0.627 -0.637 -0.65 -0.664 -0.68 -0.668 -0.653 -0.673 -0.696 -0.707 -0.72 -0.721 -0.722 -0.729 -0.737 -0.735 -0.731 -0.749 -0.771 -0.783 -0.796 -0.803 -0.813 -9999 -9999 -9999 -9999 -9999 -9999 -9999 -9999 -9999 -9999 -9999 -9999 -9999 -9999 -9999 -9999 -9999 -9999 -9999 -9999 -9999 -9999 -9999 -9999 -9999 -9999 -9999 -9999 -9999 -9999 -9999 -9999 -9999
-0.588 -0.58 -0.569 -0.558 -9999 -9999 -9999 -0.542 -0.544 -0.566 -0.577 -0.585 -0.589 -0.587 -0.578 -0.563 -0.573 -0.592 -0.607 -0.621 -0.63 -0.641 -0.657 -0.681 -0.68 -0.694 -0.709 -0.713 -0.718 -0.71 -0.717 -0.736 -0.741 -0.74 -0.741 -0.747 -0.757 -9999 -9999 -0.778 -9999 -9999 -9999 -9999 -9999 -9999 -9999 -9999 -9999 -9999 -9999 -9999 -9999 -9999 -9999 -9999 -9999 -9999 -9999 -9999 -9999 -9999 -9999 -9999 -9999 -9999 -9999 -9999 -9999 -9999 -9999 -9999 -9999 -9999 -9999
-0.579 -0.571 -9999 -0.549 -9999 -9999 -9999 -0.538 -0.553 -0.57 -0.577 -0.585 -0.586 -0.585 -0.575 -0.561 -0.576 -0.595 -0.606 -0.619 -0.628 -0.638 -0.658 -0.682 -0.695 -0.71 -0.715 -0.719 -0.713 -0.705 -0.722 -0.741 -0.741 -0.74 -0.746 -0.753 -9999 -0.749 -0.76 -0.771 -0.784 -9999 -9999 -9999 -9999 -9999 -9999 -9999 -9999 -9999 -9999 -9999 -9999 -9999 -9999 -9999 -9999 -9999 -9999 -9999 -9999 -9999 -9999 -9999 -9999 -9999 -9999 -9999 -9999 -9999 -9999 -9999 -9999 -9999 -9999
-0.574 -9999 -9999 -9999 -9999 -0.545 -0.546 -0.543 -0.547 -0.537 -0.544 -0.559 -0.561 -0.568 -0.564 -0.568 -0.586 -0.61 -0.615 -0.609 -0.621 -0.642 -0.657 -0.666 -0.683 -0.71 -0.714 -0.717 -0.712 -0.709 -0.724 -0.74 -0.74 -0.739 -9999 -0.74 -0.741 -0.748 -0.767 -0.802 -0.776 -9999 -9999 -9999 -9999 -9999 -9999 -9999 -9999 -9999 -9999 -9999 -9999 -9999 -9999 -9999 -9999 -9999 -9999 -9999 -9999 -9999 -9999 -9999 -9999 -9999 -9999 -9999 -9999 -9999 -9999 -9999 -9999 -9999 -9999
-9999 -9999 -9999 -9999 -9999 -0.544 -0.547 -0.544 -0.532 -0.522 -0.533 -0.547 -0.553 -0.559 -0.565 -0.57 -0.592 -0.616 -0.611 -0.606 -0.623 -0.643 -0.651 -0.66 -0.682 -0.709 -0.712 -0.715 -0.713 -0.71 -0.723 -0.739 -0.739 -0.739 -0.737 -0.735 -0.741 -0.747 -0.777 -0.811 -0.797 -0.783 -9999 -9999 -9999 -9999 -9999 -9999 -9999 -9999 -9999 -9999 -9999 -9999 -9999 -9999 -9999 -9999 -9999 -9999 -9999 -9999 -9999 -9999 -9999 -9999 -9999 -9999 -9999 -9999 -9999 -9999 -9999 -9999 -9999
-9999 -9999 -9999 -9999 -0.537 -9999 -9999 -0.542 -0.533 -0.531 -0.536 -0.536 -9999 -9999 -0.577 -0.598 -0.614 -0.618 -0.613 -0.604 -0.621 -0.644 -0.664 -0.707 -0.713 -0.682 -0.692 -0.713 -0.716 -0.728 -0.732 -0.722 -0.729 -0.749 -0.745 -0.735 -0.741 -0.747 -0.769 -0.781 -0.773 -0.777 -0.78 -9999 -9999 -9999 -9999 -9999 -9999 -9999 -9999 -9999 -9999 -9999 -9999 -9999 -9999 -9999 -9999 -9999 -9999 -9999 -9999 -9999 -9999 -9999 -9999 -9999 -9999 -9999 -9999 -9999 -9999 -9999 -9999
-9999 -9999 -9999 -9999 -0.534 -9999 -0.542 -0.541 -0.536 -0.532 -0.53 -0.529 -0.546 -0.566 -0.585 -0.607 -0.612 -0.616 -0.61 -0.603 -0.621 -0.643 -0.68 -0.723 -0.7 -0.67 -0.689 -0.71 -0.721 -0.733 -0.724 -0.713 -0.731 -0.751 -0.744 -0.734 -0.74 -0.746 -0.756 -0.767 -0.769 -0.773 -9999 -9999 -9999 -9999 -9999 -9999 -9999 -9999 -9999 -9999 -9999 -9999 -9999 -9999 -9999 -9999 -9999 -9999 -9999 -9999 -9999 -9999 -9999 -9999 -9999 -9999 -9999 -9999 -9999 -9999 -9999 -9999 -9999
-9999 -9999 -9999 -9999 -0.531 -9999 -0.543 -0.544 -0.535 -0.522 -0.522 -9999 -0.554 -0.577 -9999 -0.593 -0.597 -0.598 -0.599 -0.609 -0.626 -0.639 -0.66 -0.662 -0.658 -0.689 -0.703 -0.708 -0.72 -0.736 -0.728 -0.717 -0.735 -0.757 -0.753 -0.753 -0.759 -0.76 -9999 -9999 -9999 -9999 -9999 -9999 -9999 -9999 -9999 -9999 -9999 -9999 -9999 -9999 -9999 -9999 -9999 -9999 -9999 -9999 -9999 -9999 -9999 -9999 -9999 -9999 -9999 -9999 -9999 -9999 -9999 -9999 -9999 -9999 -9999 -9999 -9999
-9999 -9999 -0.539 -0.529 -9999 -9999 -0.541 -0.544 -0.532 -0.518 -0.524 -0.536 -0.556 -0.578 -9999 -0.586 -0.587 -0.588 -0.598 -0.61 -0.623 -0.636 -0.637 -0.637 -0.663 -0.694 -0.699 -0.705 -0.719 -0.735 -0.727 -0.717 -0.735 -0.756 -0.758 -0.759 -0.762 -9999 -9999 -9999 -9999 -9999 -9999 -9999 -9999 -9999 -9999 -9999 -9999 -9999 -9999 -9999 -9999 -9999 -9999 -9999 -9999 -9999 -9999 -9999 -9999 -9999 -9999 -9999 -9999 -9999 -9999 -9999 -9999 -9999 -9999 -9999 -9999 -9999 -9999
-9999 -0.55 -0.539 -0.531 -9999 -0.53 -0.53 -0.534 -0.525 -9999 -0.52 -0.528 -0.539 -0.545 -9999 -0.589 -0.588 -0.577 -0.58 -0.571 -0.588 -0.619 -0.628 -0.652 -0.663 -0.65 -0.663 -0.697 -9999 -0.727 -0.721 -0.711 -0.726 -0.738 -0.743 -0.757 -9999 -9999 -9999 -9999 -9999 -9999 -9999 -9999 -9999 -9999 -9999 -9999 -9999 -9999 -9999 -9999 -9999 -9999 -9999 -9999 -9999 -9999 -9999 -9999 -9999 -9999 -9999 -9999 -9999 -9999 -9999 -9999 -9999 -9999 -9999 -9999 -9999 -9999 -9999
-9999 -0.551 -0.543 -9999 -9999 -0.52 -0.522 -0.528 -9999 -0.516 -0.519 -0.526 -0.527 -0.53 -9999 -0.587 -0.58 -0.571 -0.563 -0.554 -0.581 -0.611 -0.632 -0.656 -0.646 -0.633 -0.66 -0.692 -0.706 -0.722 -9999 -9999 -0.718 -0.729 -9999 -9999 -9999 -9999 -9999 -9999 -0.788 -0.797 -0.811 -9999 -9999 -9999 -9999 -9999 -9999 -9999 -9999 -9999 -9999 -9999 -9999 -9999 -9999 -9999 -9999 -9999 -9999 -9999 -9999 -9999 -9999 -9999 -9999 -9999 -9999 -9999 -9999 -9999 -9999 -9999 -9999
-0.551 -0.544 -9999 -9999 -0.533 -0.525 -0.525 -0.521 -9999 -0.524 -0.52 -0.504 -0.509 -0.527 -9999 -9999 -9999 -0.55 -0.548 -0.555 -0.58 -0.603 -0.623 -0.645 -0.643 -0.653 -0.675 -0.69 -0.696 -0.69 -0.69 -0.705 -0.714 -0.722 -9999 -9999 -9999 -9999 -9999 -0.767 -0.783 -0.773 -0.79 -0.815 -9999 -9999 -9999 -9999 -9999 -9999 -9999 -9999 -9999 -9999 -9999 -9999 -9999 -9999 -9999 -9999 -9999 -9999 -9999 -9999 -9999 -9999 -9999 -9999 -9999 -9999 -9999 -9999 -9999 -9999 -9999
-0.542 -0.539 -9999 -9999 -9999 -0.527 -0.522 -0.517 -9999 -0.529 -9999 -0.497 -0.51 -0.526 -9999 -0.554 -0.548 -0.541 -9999 -0.554 -0.575 -0.598 -0.617 -0.638 -0.649 -0.659 -0.673 -0.688 -0.683 -0.676 -0.689 -0.704 -0.712 -0.721 -0.735 -0.753 -0.75 -9999 -0.752 -0.761 -0.76 -0.764 -0.781 -0.8 -0.793 -0.785 -9999 -9999 -9999 -9999 -9999 -9999 -9999 -9999 -9999 -9999 -9999 -9999 -9999 -9999 -9999 -9999 -9999 -9999 -9999 -9999 -9999 -9999 -9999 -9999 -9999 -9999 -9999 -9999 -9999
-0.543 -9999 -9999 -9999 -9999 -0.53 -0.531 -0.543 -9999 -0.516 -9999 -0.517 -0.52 -9999 -0.521 -0.53 -0.534 -0.565 -0.572 -0.577 -0.587 -0.58 -0.596 -0.613 -0.621 -0.629 -0.641 -0.653 -0.659 -0.688 -0.701 -0.709 -0.722 -0.741 -0.758 -0.78 -0.771 -0.746 -0.755 -0.771 -0.769 -0.757 -0.763 -0.758 -0.75 -0.748 -0.761 -0.738 -0.712 -9999 -9999 -9999 -9999 -9999 -9999 -9999 -9999 -9999 -9999 -9999 -9999 -9999 -9999 -9999 -9999 -9999 -9999 -9999 -9999 -9999 -9999 -9999 -9999 -9999 -9999
-0.526 -9999 -9999 -9999 -9999 -0.53 -0.54 -0.552 -0.533 -9999 -9999 -0.525 -0.514 -9999 -0.511 -0.522 -0.545 -0.574 -0.578 -0.584 -0.578 -0.571 -0.586 -0.601 -0.609 -0.617 -0.628 -0.641 -0.667 -0.697 -0.705 -0.714 -0.732 -0.751 -0.771 -0.792 -0.773 -0.749 -0.762 -0.771 -0.76 -0.748 -0.741 -0.734 -0.73 -0.726 -0.73 -0.736 -0.713 -0.699 -9999 -9999 -9999 -9999 -9999 -9999 -9999 -9999 -9999 -9999 -9999 -9999 -9999 -9999 -9999 -9999 -9999 -9999 -9999 -9999 -9999 -9999 -9999 -9999 -9999
-9999 -9999 -9999 -9999 -9999 -0.543 -0.551 -0.551 -0.533 -9999 -9999 -0.515 -0.502 -9999 -9999 -0.529 -0.552 -0.578 -0.58 -0.578 -0.578 -0.588 -0.602 -0.617 -0.629 -0.645 -0.654 -0.649 -0.668 -0.678 -0.69 -0.715 -0.73 -0.743 -0.76 -0.776 -0.765 -0.765 -0.765 -0.756 -0.744 -0.73 -0.726 -0.728 -0.722 -0.714 -0.718 -0.721 -0.706 -0.695 -9999 -9999 -9999 -9999 -9999 -9999 -9999 -9999 -9999 -9999 -9999 -9999 -9999 -9999 -9999 -9999 -9999 -9999 -9999 -9999 -9999 -9999 -9999 -9999 -9999
-9999 -9999 -9999 -9999 -9999 -0.549 -0.548 -0.548 -9999 -9999 -9999 -9999 -0.502 -9999 -0.513 -0.534 -0.556 -0.581 -0.58 -0.578 -0.586 -0.594 -0.607 -0.623 -0.641 -0.66 -0.659 -0.656 -0.665 -0.674 -0.695 -0.718 -0.73 -0.743 -0.756 -0.77 -0.769 -0.763 -0.754 -0.745 -0.732 -0.719 -0.719 -0.72 -0.712 -0.705 -0.707 -0.712 -0.701 -0.69 -0.679 -9999 -9999 -9999 -9999 -9999 -9999 -9999 -9999 -9999 -9999 -9999 -9999 -9999 -9999 -9999 -9999 -9999 -9999 -9999 -9999 -9999 -9999 -9999 -9999
-9999 -9999 -9999 -0.527 -0.537 -0.541 -0.538 -9999 -9999 -0.513 -9999 -9999 -9999 -9999 -0.511 -0.52 -0.542 -0.568 -0.575 -0.594 -0.598 -0.596 -0.615 -0.645 -0.66 -0.669 -0.679 -0.7 -0.708 -0.706 -0.725 -0.738 -0.753 -0.774 -0.783 -0.782 -0.775 -0.765 -0.756 -0.746 -0.733 -0.716 -0.717 -0.725 -0.72 -0.716 -0.712 -0.695 -0.688 -0.69 -0.689 -9999 -9999 -9999 -9999 -9999 -9999 -9999 -9999 -9999 -9999 -9999 -9999 -9999 -9999 -9999 -9999 -9999 -9999 -9999 -9999 -9999 -9999 -9999 -9999
-9999 -9999 -9999 -9999 -0.532 -0.535 -0.531 -9999 -0.522 -0.514 -0.519 -9999 -9999 -9999 -9999 -0.516 -0.539 -0.564 -0.582 -0.601 -0.601 -0.603 -0.629 -0.659 -0.669 -0.679 -0.7 -0.722 -0.723 -0.722 -0.735 -0.749 -0.768 -0.786 -0.785 -0.78 -0.771 -0.762 -0.753 -0.743 -0.729 -0.713 -0.719 -0.726 -0.722 -0.718 -0.703 -0.685 -0.685 -0.686 -0.687 -0.666 -9999 -9999 -9999 -9999 -9999 -9999 -9999 -9999 -9999 -9999 -9999 -9999 -9999 -9999 -9999 -9999 -9999 -9999 -9999 -9999 -9999 -9999 -9999
-9999 -9999 -9999 -9999 -0.521 -0.525 -0.519 -9999 -0.514 -0.519 -0.52 -9999 -9999 -9999 -9999 -9999 -0.549 -0.581 -0.594 -0.598 -0.613 -0.645 -0.663 -0.665 -0.672 -0.675 -0.697 -0.72 -0.724 -0.733 -0.746 -0.76 -0.774 -0.78 -0.776 -0.773 -0.769 -0.771 -0.756 -0.727 -0.715 -0.706 -0.707 -0.706 -0.707 -0.723 -0.709 -0.696 -0.69 -0.673 -0.671 -0.668 -0.635 -9999 -9999 -9999 -9999 -9999 -9999 -9999 -9999 -9999 -9999 -9999 -9999 -9999 -9999 -9999 -9999 -9999 -9999 -9999 -9999 -9999 -9999
-9999 -9999 -9999 -9999 -0.526 -0.52 -9999 -9999 -0.517 -0.519 -0.518 -0.518 -9999 -9999 -9999 -9999 -9999 -0.588 -0.594 -0.603 -0.633 -0.666 -0.67 -0.672 -0.677 -0.68 -0.704 -0.727 -0.735 -0.744 -0.757 -0.769 -0.776 -0.777 -0.774 -0.771 -0.772 -0.774 -0.75 -0.721 -0.712 -0.703 -0.699 -0.697 -0.708 -0.722 -0.711 -0.698 -0.682 -0.664 -0.662 -0.648 -0.631 -0.603 -0.559 -9999 -9999 -9999 -9999 -9999 -9999 -9999 -9999 -9999 -9999 -9999 -9999 -9999 -9999 -9999 -9999 -9999 -9999 -9999 -9999
-9999 -9999 -9999 -9999 -0.53 -0.514 -9999 -9999 -0.523 -0.525 -0.528 -9999 -9999 -9999 -9999 -9999 -9999 -0.604 -0.61 -0.606 -0.634 -0.661 -0.669 -0.683 -0.688 -0.69 -0.715 -0.739 -0.75 -0.76 -0.771 -0.778 -0.775 -0.766 -0.765 -0.77 -0.762 -0.739 -0.721 -0.714 -0.708 -0.709 -0.701 -0.685 -0.69 -0.69 -0.678 -0.668 -0.659 -0.663 -0.651 -0.637 -0.608 -0.585 -0.536 -9999 -9999 -9999 -9999 -9999 -9999 -9999 -9999 -9999 -9999 -9999 -9999 -9999 -9999 -9999 -9999 -9999 -9999 -9999 -9999
-9999 -9999 -9999 -9999 -0.524 -0.514 -9999 -9999 -9999 -0.528 -0.534 -0.538 -9999 -9999 -9999 -9999 -9999 -0.614 -0.615 -0.613 -0.638 -0.664 -0.679 -0.693 -0.697 -0.702 -0.727 -0.751 -0.763 -0.771 -0.779 -0.78 -0.771 -0.762 -0.765 -0.769 -0.749 -0.726 -0.719 -0.711 -0.711 -0.711 -0.697 -0.681 -0.678 -0.676 -0.666 -0.655 -0.656 -0.646 -0.627 -0.612 -0.584 -0.558 -0.511 -9999 -9999 -9999 -9999 -9999 -9999 -9999 -9999 -9999 -9999 -9999 -9999 -9999 -9999 -9999 -9999 -9999 -9999 -9999 -9999
-9999 -9999 -9999 -0.542 -0.53 -0.516 -9999 -9999 -9999 -9999 -9999 -9999 -9999 -9999 -9999 -9999 -9999 -0.608 -0.613 -0.624 -0.645 -0.661 -0.676 -0.693 -0.702 -0.717 -0.743 -0.772 -0.78 -0.781 -0.782 -0.769 -0.762 -0.762 -0.76 -0.753 -0.738 -0.73 -0.723 -0.714 -0.713 -0.714 -0.706 -0.709 -0.706 -0.7 -0.692 -0.681 -0.658 -0.614 -0.593 -0.578 -0.549 -0.521 -0.484 -0.461 -9999 -9999 -9999 -9999 -9999 -9999 -9999 -9999 -9999 -9999 -9999 -9999 -9999 -9999 -9999 -9999 -9999 -9999 -9999
-9999 -9999 -0.548 -0.544 -0.533 -0.52 -9999 -9999 -9999 -9999 -9999 -9999 -9999 -9999 -9999 -0.59 -0.6 -0.611 -0.622 -0.633 -0.65 -0.666 -0.682 -0.7 -0.715 -0.729 -0.757 -0.784 -0.789 -0.789 -0.779 -0.766 -0.764 -0.764 -0.756 -0.747 -0.74 -0.733 -0.725 -0.716 -0.715 -0.715 -0.717 -0.719 -0.714 -0.708 -0.698 -0.673 -0.631 -0.588 -0.568 -0.551 -0.522 -0.494 -0.458 -0.428 -9999 -9999 -9999 -9999 -9999 -9999 -9999 -9999 -9999 -9999 -9999 -9999 -9999 -9999 -9999 -9999 -9999 -9999 -9999
-9999 -9999 -0.547 -0.536 -0.527 -9999 -9999 -9999 -9999 -9999 -9999 -9999 -9999 -9999 -9999 -0.601 -0.611 -0.6 -0.615 -0.637 -0.651 -0.664 -0.685 -0.716 -0.732 -0.749 -0.774 -0.793 -0.792 -0.773 -0.76 -0.748 -0.747 -0.754 -0.751 -0.759 -0.754 -0.751 -0.744 -0.735 -0.731 -0.721 -0.722 -0.726 -0.711 -0.676 -0.654 -0.634 -0.595 -0.561 -0.546 -0.543 -0.507 -0.474 -0.444 -0.408 -9999 -9999 -9999 -9999 -9999 -9999 -9999 -9999 -9999 -9999 -9999 -9999 -9999 -9999 -9999 -9999 -9999 -9999 -9999
-9999 -9999 -9999 -9999 -9999 -9999 -9999 -9999 -9999 -9999 -9999 -9999 -9999 -9999 -9999 -0.608 -0.608 -0.602 -0.623 -0.645 -0.657 -0.67 -0.698 -0.729 -0.745 -0.763 -0.783 -0.802 -0.792 -0.768 -0.756 -0.744 -0.747 -0.752 -0.757 -0.764 -0.761 -0.759 -0.751 -0.743 -0.734 -0.724 -0.725 -0.727 -0.697 -0.652 -0.629 -0.607 -0.573 -0.54 -0.53 -0.527 -0.492 -0.455 -0.425 -0.391 -9999 -9999 -9999 -9999 -9999 -9999 -9999 -9999 -9999 -9999 -9999 -9999 -9999 -9999 -9999 -9999 -9999 -9999 -9999
-9999 -9999 -9999 -9999 -9999 -9999 -9999 -9999 -9999 -9999 -9999 -9999 -9999 -9999 -0.6 -0.606 -0.61 -0.618 -0.637 -0.655 -0.672 -0.692 -0.714 -0.724 -0.744 -0.771 -0.789 -0.802 -0.795 -0.783 -0.774 -0.768 -0.765 -0.751 -0.75 -0.743 -0.743 -0.753 -0.745 -0.736 -0.729 -0.728 -0.72 -0.697 -0.669 -0.646 -0.618 -0.582 -0.55 -0.524 -0.5 -0.487 -0.463 -0.434 -0.396 -0.377 -9999 -9999 -9999 -9999 -9999 -9999 -9999 -9999 -9999 -9999 -9999 -9999 -9999 -9999 -9999 -9999 -9999 -9999 -9999
-9999 -9999 -9999 -9999 -9999 -9999 -9999 -9999 -9999 -9999 -9999 -9999 -9999 -9999 -0.597 -0.61 -0.621 -0.631 -0.648 -0.667 -0.687 -0.707 -0.719 -0.73 -0.754 -0.781 -0.796 -0.808 -0.803 -0.791 -0.785 -0.78 -0.767 -0.753 -0.745 -0.736 -0.743 -0.752 -0.743 -0.734 -0.732 -0.73 -0.71 -0.682 -0.658 -0.634 -0.598 -0.562 -0.534 -0.508 -0.484 -0.462 -0.438 -0.415 -0.378 -0.344 -9999 -9999 -9999 -9999 -9999 -9999 -9999 -9999 -9999 -9999 -9999 -9999 -9999 -9999 -9999 -9999 -9999 -9999 -9999
-9999 -9999 -9999 -9999 -9999 -9999 -9999 -9999 -9999 -9999 -9999 -9999 -9999 -0.596 -0.604 -0.621 -0.631 -0.637 -0.65 -0.656 -0.679 -0.716 -0.734 -0.761 -0.779 -0.785 -0.804 -0.827 -0.817 -0.8 -0.79 -0.776 -0.764 -0.755 -0.752 -0.761 -0.762 -0.754 -0.742 -0.722 -0.715 -0.701 -0.688 -0.679 -0.65 -0.617 -0.579 -0.538 -0.515 -0.503 -0.464 -0.432 -0.422 -0.407 -0.372 -0.33 -0.315 -9999 -9999 -9999 -9999 -9999 -9999 -9999 -9999 -9999 -9999 -9999 -9999 -9999 -9999 -9999 -9999 -9999 -9999
-9999 -9999 -9999 -9999 -9999 -9999 -9999 -9999 -9999 -9999 -9999 -9999 -0.59 -0.6 -0.615 -0.632 -0.638 -0.645 -0.652 -0.658 -0.69 -0.726 -0.752 -0.78 -0.788 -0.794 -0.819 -0.838 -0.824 -0.807 -0.793 -0.778 -0.768 -0.759 -0.764 -0.772 -0.765 -0.757 -0.739 -0.719 -0.706 -0.691 -0.687 -0.67 -0.636 -0.603 -0.562 -0.521 -0.504 -0.491 -0.451 -0.411 -0.4 -0.393 -0.359 -0.323 -0.294 -9999 -9999 -9999 -9999 -9999 -9999 -9999 -9999 -9999 -9999 -9999 -9999 -9999 -9999 -9999 -9999 -9999 -9999
-9999 -9999 -9999 -9999 -9999 -9999 -9999 -9999 -9999 -9999 -9999 -9999 -0.593 -0.595 -0.611 -0.632 -0.637 -0.643 -0.654 -0.669 -0.693 -0.71 -0.741 -0.788 -0.792 -0.787 -0.811 -0.83 -0.817 -0.808 -0.799 -0.8 -0.789 -0.776 -0.774 -0.76 -0.755 -0.758 -0.741 -0.724 -0.717 -0.717 -0.701 -0.678 -0.646 -0.615 -0.573 -0.527 -0.507 -0.483 -0.468 -0.443 -0.401 -0.374 -0.345 -0.312 -0.293 -9999 -9999 -9999 -9999 -9999 -9999 -9999 -9999 -9999 -9999 -9999 -9999 -9999 -9999 -9999 -9999 -9999 -9999
-9999 -9999 -9999 -9999 -9999 -9999 -9999 -9999 -9999 -9999 -9999 -0.588 -0.592 -0.601 -0.619 -0.639 -0.644 -0.648 -0.665 -0.68 -0.695 -0.711 -0.752 -0.798 -0.797 -0.793 -0.817 -0.831 -0.822 -0.812 -0.811 -0.811 -0.799 -0.786 -0.773 -0.758 -0.759 -0.761 -0.746 -0.728 -0.729 -0.722 -0.694 -0.668 -0.635 -0.604 -0.561 -0.518 -0.493 -0.47 -0.455 -0.443 -0.402 -0.355 -0.326 -0.298 -0.279 -0.252 -9999 -9999 -9999 -9999 -9999 -9999 -9999 -9999 -9999 -9999 -9999 -9999 -9999 -9999 -9999 -9999 -9999
-9999 -9999 -9999 -9999 -9999 -9999 -9999 -9999 -9999 -9999 -0.588 -9999 -0.6 -0.613 -0.63 -0.645 -0.65 -0.655 -0.672 -0.696 -0.715 -0.739 -0.773 -0.799 -0.803 -0.814 -0.837 -0.849 -0.832 -0.801 -0.798 -0.799 -0.79 -0.786 -0.778 -0.778 -0.78 -0.781 -0.768 -0.753 -0.74 -0.696 -0.665 -0.638 -0.606 -0.58 -0.541 -0.505 -0.488 -0.489 -0.446 -0.416 -0.388 -0.35 -0.319 -0.291 -0.281 -0.247 -9999 -9999 -9999 -9999 -9999 -9999 -9999 -9999 -9999 -9999 -9999 -9999 -9999 -9999 -9999 -9999 -9999
