Validation/Results/raw data/ReClimate_10_2023_1weatherlogisticsltd.asc
NCOLS 192
NROWS 249
XLLCENTER -225160.85627316462
YLLCENTER 29788.11610251502
CELLSIZE 5000.0
NODATA_VALUE -9999
[rows 198 to 230 of 249, columns 74 to 147 of 192]
-9999 -9999 -9999 -9999 -9999 -9999 -9999 -9999 -9999 -9999 -9999 -9999 -9999 -9999 -9999 -9999 -9999 -9999 101.371 101.383 101.388 101.394 101.401 101.409 101.418 101.428 101.439 101.44 101.419 101.483 101.513 101.527 101.523 101.427 101.367 101.575 101.891 101.883 101.78 101.816 101.86 101.88 101.91 101.966 102.02 102.066 102.108 102.151 102.197 102.245 102.297 102.352 102.415 102.51 102.6 102.691 102.786 102.876 102.957 103.037 103.121 103.175 103.209 103.243 103.279 103.317 103.359 103.401 103.445 103.488 103.515 103.525 103.522 103.488
-9999 -9999 -9999 -9999 -9999 -9999 -9999 -9999 -9999 -9999 -9999 -9999 -9999 -9999 -9999 101.279 101.281 101.285 101.293 101.3 101.308 101.316 101.325 101.335 101.345 101.342 101.312 101.375 101.59 101.55 101.382 101.369 101.318 101.283 101.289 101.572 102.013 101.925 101.722 101.755 101.736 101.783 101.82 101.874 101.924 101.971 102.02 102.069 102.11 102.148 102.185 102.223 102.276 102.336 102.429 102.517 102.606 102.696 102.788 102.874 102.955 103.027 103.065 103.095 103.127 103.162 103.199 103.24 103.282 103.316 103.339 103.353 103.35 103.311
-9999 -9999 -9999 -9999 -9999 -9999 -9999 -9999 -9999 -9999 -9999 -9999 -9999 101.195 101.191 101.188 101.186 101.187 101.201 101.213 101.224 101.235 101.246 101.258 101.273 101.295 101.365 101.447 101.332 101.279 101.404 101.39 101.387 101.394 101.346 101.56 101.594 101.523 101.703 101.714 101.618 101.67 101.722 101.773 101.822 101.868 101.91 101.946 101.98 102.017 102.055 102.09 102.128 102.171 102.239 102.321 102.407 102.494 102.584 102.688 102.783 102.868 102.922 102.951 102.98 103.011 103.039 103.064 103.087 103.107 103.12 103.131 103.131 103.113
-9999 -9999 -9999 -9999 -9999 -9999 -9999 -9999 -9999 101.282 101.207 101.183 101.16 101.106 101.094 101.094 101.091 101.094 101.104 101.121 101.137 101.151 101.114 101.015 101.119 101.2 101.354 101.252 101.111 101.193 101.267 101.285 101.318 101.271 101.256 101.222 101.085 101.252 101.488 101.457 101.489 101.548 101.603 101.654 101.696 101.725 101.781 101.812 101.829 101.864 101.898 101.937 101.977 102.019 102.065 102.126 102.203 102.286 102.372 102.465 102.567 102.663 102.742 102.782 102.811 102.834 102.854 102.87 102.884 102.894 102.903 102.906 102.898 102.877
-9999 -9999 -9999 -9999 -9999 -9999 -9999 -9999 101.298 101.206 101.148 101.089 101.036 101.0 100.995 100.999 101.0 101.001 101.008 101.025 101.045 101.06 100.987 101.041 101.053 101.118 101.083 100.991 100.94 101.004 101.093 101.12 101.15 101.139 101.147 101.078 101.12 101.268 101.349 101.395 101.378 101.444 101.489 101.541 101.562 101.596 101.612 101.636 101.677 101.708 101.742 101.779 101.818 101.86 101.904 101.95 102.001 102.066 102.143 102.227 102.316 102.409 102.508 102.567 102.598 102.628 102.655 102.673 102.683 102.691 102.695 102.686 102.668 102.643
-9999 -9999 -9999 -9999 -9999 -9999 -9999 101.293 101.191 101.104 101.033 100.974 100.923 100.893 100.894 100.902 100.907 100.91 100.915 100.926 100.978 101.068 101.052 101.064 101.03 100.906 100.6 100.53 100.323 100.521 100.928 100.946 100.998 101.022 101.055 101.091 101.177 101.197 101.197 101.19 101.246 101.298 101.365 101.406 101.424 101.442 101.458 101.49 101.531 101.561 101.594 101.628 101.665 101.733 101.749 101.797 101.875 101.926 101.953 101.999 102.073 102.165 102.264 102.347 102.38 102.404 102.433 102.464 102.485 102.492 102.487 102.473 102.449 102.422
-9999 -9999 -9999 -9999 -9999 101.333 -9999 101.177 101.079 100.998 100.931 100.874 100.825 100.799 100.801 100.813 100.821 100.827 100.83 100.805 100.763 100.778 100.855 100.846 100.88 100.693 100.658 100.612 100.78 100.993 100.879 100.912 100.928 100.953 100.97 101.038 101.119 101.087 101.049 101.076 101.125 101.192 101.221 101.26 101.296 101.321 101.35 101.383 101.393 101.421 101.452 101.484 101.519 101.597 101.641 101.655 101.72 101.76 101.797 101.822 101.87 101.941 102.011 102.089 102.162 102.192 102.216 102.241 102.264 102.284 102.285 102.269 102.243 102.216
-9999 -9999 -9999 -9999 -9999 -9999 -9999 -9999 -9999 100.897 100.835 100.782 100.735 100.71 100.715 100.73 100.742 100.75 100.757 100.706 100.695 100.715 100.702 100.718 100.708 100.693 100.703 100.838 101.013 100.915 100.79 100.796 100.803 100.838 100.883 100.935 100.948 100.931 100.946 100.964 100.997 101.01 101.041 101.084 101.138 101.191 101.28 101.265 101.172 101.215 101.29 101.343 101.377 101.413 101.474 101.492 101.543 101.584 101.627 101.668 101.706 101.759 101.822 101.882 101.939 101.988 102.008 102.027 102.046 102.062 102.072 102.071 102.05 102.021
-9999 -9999 -9999 -9999 -9999 -9999 -9999 -9999 -9999 100.798 100.74 100.69 100.646 100.623 100.63 100.648 100.663 100.675 100.683 100.673 100.651 100.621 100.592 100.591 100.596 100.611 100.62 100.699 100.689 100.631 100.659 100.677 100.732 100.766 100.793 100.804 100.814 100.826 100.837 100.847 100.859 100.875 100.902 100.948 100.979 101.064 101.157 101.115 101.098 101.142 101.183 101.214 101.238 101.273 101.309 101.347 101.386 101.434 101.475 101.516 101.554 101.602 101.657 101.721 101.779 101.818 101.852 101.868 101.881 101.89 101.895 101.896 101.895 101.878
-9999 -9999 -9999 -9999 -9999 -9999 -9999 100.856 100.765 100.701 100.647 -9999 100.559 100.536 100.543 100.566 100.584 100.634 -9999 100.696 100.637 100.582 100.538 100.502 100.434 100.475 100.557 100.559 100.579 100.586 100.557 100.614 100.697 100.71 100.707 100.703 100.677 100.694 100.725 100.735 100.746 100.759 100.775 100.791 100.826 100.898 100.946 100.959 100.985 101.02 101.071 101.085 101.101 101.135 101.171 101.209 101.248 101.287 101.332 101.371 101.41 101.454 101.51 101.574 101.634 101.676 101.712 101.74 101.753 101.759 101.761 101.761 101.76 101.762
-9999 -9999 -9999 -9999 -9999 -9999 -9999 100.754 -9999 -9999 -9999 100.511 100.472 100.448 -9999 -9999 -9999 -9999 -9999 100.594 100.512 100.472 100.449 100.381 100.319 100.377 100.408 100.439 100.486 100.539 100.759 100.747 100.593 100.599 100.609 100.59 100.574 100.598 100.613 100.623 100.633 100.641 100.648 100.661 100.685 100.725 100.772 100.817 100.873 100.925 100.937 100.955 100.965 100.999 101.036 101.074 101.112 101.151 101.19 101.231 101.273 101.321 101.376 101.439 101.5 101.544 101.578 101.619 101.637 101.641 101.642 101.642 101.641 101.643
-9999 -9999 -9999 -9999 -9999 -9999 -9999 -9999 -9999 100.518 100.464 100.423 100.386 100.36 -9999 -9999 -9999 -9999 -9999 -9999 -9999 -9999 100.38 100.339 100.346 100.411 100.551 100.508 100.346 100.525 100.705 100.541 100.302 100.349 100.466 100.468 100.502 100.508 100.501 100.51 100.515 100.523 100.543 100.571 100.581 100.604 100.61 100.666 100.726 100.751 100.793 100.824 100.839 100.874 100.908 100.941 100.978 101.034 101.079 101.131 101.191 101.213 101.253 101.313 101.373 101.418 101.448 101.455 101.505 101.529 101.531 101.531 101.529 101.532
-9999 -9999 -9999 -9999 -9999 -9999 -9999 -9999 -9999 -9999 100.368 -9999 -9999 -9999 -9999 -9999 -9999 -9999 -9999 -9999 100.31 100.307 100.302 100.304 100.309 100.382 100.374 100.283 100.283 100.412 100.499 100.332 100.224 100.305 100.351 100.374 100.384 100.384 100.389 100.399 100.412 100.424 100.457 -9999 100.469 100.478 100.506 100.537 100.567 100.609 100.659 100.687 100.703 100.737 100.773 100.808 100.843 100.879 100.95 101.015 101.086 101.115 101.135 101.192 101.252 101.303 101.346 101.424 101.457 101.446 101.425 101.427 101.426 101.429
-9999 -9999 -9999 -9999 -9999 -9999 -9999 -9999 -9999 -9999 -9999 -9999 -9999 -9999 -9999 -9999 -9999 -9999 -9999 -9999 100.223 100.247 100.316 100.294 -9999 -9999 -9999 100.363 100.537 100.598 100.666 100.551 100.362 100.374 100.333 100.332 100.258 100.271 100.298 100.314 100.307 100.363 -9999 100.433 100.371 100.39 100.401 100.424 100.453 100.48 100.508 100.533 100.569 100.603 100.64 100.671 100.712 100.734 100.786 100.865 100.925 100.984 101.019 101.075 101.134 101.182 101.218 101.289 101.368 101.36 101.324 101.326 101.446 101.518
-9999 -9999 -9999 -9999 -9999 -9999 -9999 -9999 -9999 -9999 -9999 -9999 -9999 -9999 -9999 -9999 -9999 -9999 -9999 -9999 -9999 -9999 -9999 -9999 -9999 -9999 -9999 100.231 100.152 100.188 100.198 100.094 100.119 100.11 100.174 100.135 100.142 100.164 100.19 100.186 -9999 -9999 100.296 100.262 100.278 100.297 100.308 100.328 100.349 100.37 100.393 100.412 100.44 100.475 100.536 100.56 100.591 100.65 100.69 100.745 100.797 100.85 100.904 100.96 101.018 101.066 101.101 101.155 101.213 101.238 101.332 101.399 101.394 101.468
-9999 -9999 -9999 -9999 -9999 -9999 -9999 -9999 -9999 -9999 -9999 -9999 -9999 -9999 -9999 -9999 -9999 -9999 -9999 -9999 -9999 -9999 -9999 -9999 -9999 -9999 -9999 100.284 100.197 100.176 100.129 100.104 100.043 100.066 100.05 100.046 100.034 -9999 -9999 -9999 -9999 -9999 100.113 100.125 100.16 100.182 100.203 100.229 100.265 100.288 100.305 100.331 100.352 100.356 100.425 100.47 100.484 100.535 100.605 100.645 100.684 100.737 100.791 100.846 100.903 100.954 100.995 101.054 101.12 101.144 101.334 101.449 101.419 101.411
-9999 -9999 -9999 -9999 -9999 -9999 -9999 -9999 -9999 -9999 -9999 -9999 -9999 -9999 -9999 -9999 -9999 -9999 -9999 -9999 -9999 -9999 -9999 -9999 -9999 -9999 -9999 -9999 -9999 100.106 100.022 99.978 99.966 99.951 99.955 99.971 -9999 -9999 -9999 -9999 99.964 99.98 100.018 100.043 100.061 100.095 100.098 100.137 100.182 100.211 100.233 100.276 100.31 100.375 100.404 100.415 100.413 100.47 100.526 100.569 100.603 100.656 100.71 100.767 100.827 100.88 100.924 100.981 101.046 101.084 101.196 101.321 101.325 101.356
-9999 -9999 -9999 -9999 -9999 -9999 -9999 -9999 -9999 -9999 -9999 -9999 -9999 -9999 -9999 -9999 -9999 -9999 -9999 -9999 -9999 -9999 -9999 -9999 -9999 -9999 -9999 -9999 -9999 -9999 99.892 99.889 99.919 99.942 99.978 -9999 -9999 -9999 -9999 99.877 99.895 99.908 99.913 99.935 100.001 100.033 100.063 100.096 100.108 100.145 100.179 100.214 100.25 100.289 100.334 100.354 100.355 100.397 100.454 100.501 100.544 100.596 100.651 100.708 100.769 100.823 100.867 100.913 100.967 101.016 101.058 101.183 101.234 101.277
-9999 -9999 -9999 -9999 -9999 -9999 -9999 -9999 -9999 -9999 -9999 -9999 -9999 -9999 -9999 -9999 -9999 -9999 -9999 -9999 -9999 -9999 -9999 -9999 -9999 -9999 -9999 -9999 -9999 -9999 -9999 -9999 -9999 -9999 -9999 -9999 -9999 -9999 99.795 99.808 99.832 99.829 99.824 99.861 99.923 99.959 100.0 100.016 100.044 100.087 100.117 100.153 100.188 100.225 100.262 100.28 100.302 100.34 100.386 100.436 100.486 100.539 100.594 100.651 100.712 100.765 100.809 100.854 100.901 100.949 100.998 101.119 101.212 101.232
-9999 -9999 -9999 -9999 -9999 -9999 -9999 -9999 -9999 -9999 -9999 -9999 -9999 -9999 -9999 -9999 -9999 -9999 -9999 -9999 -9999 -9999 -9999 -9999 -9999 -9999 -9999 -9999 -9999 -9999 -9999 -9999 -9999 -9999 -9999 -9999 -9999 99.794 99.757 99.737 99.674 99.693 99.728 99.756 99.809 99.848 99.889 99.922 99.967 100.008 100.055 100.094 100.137 100.165 100.186 100.221 100.248 100.287 100.329 100.377 100.429 100.482 100.536 100.594 100.653 100.724 100.774 100.802 100.84 100.89 100.941 100.998 101.091 101.054
-9999 -9999 -9999 -9999 -9999 -9999 -9999 -9999 -9999 -9999 -9999 -9999 -9999 -9999 -9999 -9999 -9999 -9999 -9999 -9999 -9999 -9999 -9999 -9999 -9999 -9999 -9999 -9999 -9999 -9999 -9999 -9999 -9999 -9999 -9999 -9999 -9999 99.683 99.622 99.573 99.546 99.598 99.669 99.693 99.721 99.764 99.81 99.854 99.897 99.943 99.986 100.034 100.08 100.107 100.131 100.164 100.197 100.234 100.276 100.319 100.37 100.424 100.478 100.535 100.593 100.667 100.735 100.754 100.778 100.819 100.881 100.948 101.001 101.266
-9999 -9999 -9999 -9999 -9999 -9999 -9999 -9999 -9999 -9999 -9999 -9999 -9999 -9999 -9999 -9999 -9999 -9999 -9999 -9999 -9999 -9999 -9999 -9999 99.481 99.542 99.73 99.719 -9999 99.63 -9999 -9999 -9999 -9999 -9999 -9999 -9999 -9999 99.546 99.533 99.548 99.603 99.634 99.619 99.651 99.698 99.745 99.79 99.835 99.879 99.924 99.965 100.007 100.038 100.068 100.104 100.143 100.21 100.268 100.282 100.311 100.379 100.439 100.483 100.531 100.581 100.641 100.684 100.714 100.604 100.745 100.901 101.063 101.054
-9999 -9999 -9999 -9999 -9999 -9999 -9999 -9999 -9999 -9999 -9999 -9999 -9999 -9999 -9999 -9999 -9999 -9999 -9999 -9999 -9999 99.311 99.351 99.37 99.385 99.493 99.638 99.608 99.549 99.567 99.589 99.551 -9999 -9999 99.475 99.475 99.463 99.472 99.485 99.5 99.505 99.532 99.532 99.55 99.583 99.632 99.68 99.727 99.772 99.817 99.863 99.905 99.939 99.973 100.008 100.045 100.086 100.149 100.214 100.239 100.258 100.332 100.408 100.443 100.473 100.516 100.567 100.608 100.652 100.871 100.944 100.947 101.064 101.102
-9999 -9999 -9999 -9999 -9999 -9999 -9999 -9999 -9999 -9999 -9999 -9999 -9999 -9999 -9999 -9999 -9999 -9999 -9999 -9999 99.17 99.196 99.228 99.259 99.288 99.489 99.823 99.747 99.595 99.557 99.424 99.387 99.383 99.382 99.38 99.381 99.395 99.411 99.413 99.427 99.446 99.454 99.464 99.483 99.523 99.571 99.614 99.662 99.709 99.755 99.8 99.842 99.879 99.914 99.95 99.989 100.031 100.073 100.129 100.169 100.205 100.265 100.335 100.38 100.414 100.459 100.499 100.542 100.593 100.658 100.826 100.906 100.916 101.033
-9999 -9999 -9999 -9999 -9999 -9999 -9999 -9999 -9999 -9999 -9999 -9999 -9999 -9999 -9999 -9999 -9999 -9999 -9999 -9999 99.056 99.066 99.097 99.118 99.095 99.255 99.118 99.135 99.419 99.33 99.295 99.296 99.29 99.291 99.29 99.301 99.325 99.336 99.346 99.366 99.372 99.382 99.394 99.417 99.449 99.495 99.547 99.597 99.645 99.691 99.737 99.78 99.818 99.853 99.891 99.932 99.975 100.018 100.061 100.106 100.151 100.209 100.27 100.312 100.346 100.386 100.442 100.484 100.538 100.608 100.679 100.748 100.848 100.916
-9999 -9999 -9999 -9999 -9999 -9999 -9999 -9999 -9999 -9999 -9999 -9999 -9999 -9999 -9999 -9999 -9999 -9999 -9999 -9999 98.923 98.929 98.966 98.995 99.072 99.029 99.098 99.303 99.474 99.388 99.219 99.223 99.191 99.198 99.214 99.232 99.251 99.267 99.284 99.297 99.309 99.319 99.333 99.351 99.385 99.426 99.48 99.532 99.581 99.627 99.673 99.716 99.755 99.791 99.83 99.873 99.917 99.961 100.006 100.051 100.097 100.144 100.199 100.246 100.284 100.319 100.365 100.465 100.536 100.574 100.631 100.701 100.823 100.898
-9999 -9999 -9999 -9999 -9999 -9999 -9999 -9999 -9999 -9999 -9999 -9999 -9999 -9999 -9999 -9999 98.775 98.771 -9999 98.776 98.788 98.801 98.883 98.95 98.938 99.008 99.045 99.175 99.252 99.148 99.127 99.121 99.112 99.139 99.155 99.172 99.189 99.205 99.223 99.238 99.25 99.26 99.271 99.292 99.318 99.357 99.412 99.465 99.514 99.561 99.608 99.651 99.689 99.726 99.767 99.812 99.858 99.904 99.95 99.996 100.042 100.09 100.138 100.183 100.222 100.263 100.316 100.413 100.524 100.549 100.583 100.655 100.826 100.939
-9999 -9999 -9999 -9999 -9999 -9999 -9999 -9999 -9999 -9999 -9999 -9999 -9999 -9999 -9999 -9999 98.689 98.691 98.702 98.702 98.672 98.711 98.79 98.805 98.814 98.871 98.929 98.983 98.992 98.973 98.997 99.016 99.05 99.074 99.097 99.115 99.131 99.147 99.163 99.179 99.193 99.204 99.218 99.238 99.259 99.295 99.343 99.396 99.446 99.494 99.54 99.583 99.621 99.659 99.701 99.749 99.797 99.845 99.893 99.94 99.987 100.034 100.081 100.123 100.165 100.216 100.276 100.34 100.428 100.495 100.541 100.611 100.68 100.812
-9999 -9999 -9999 -9999 -9999 -9999 -9999 -9999 -9999 -9999 -9999 -9999 -9999 -9999 -9999 98.619 98.61 98.624 98.64 98.631 98.644 98.667 98.678 98.686 98.744 98.796 98.799 98.82 98.836 98.864 98.904 98.948 98.982 99.012 99.036 99.057 99.073 99.088 99.103 99.12 99.136 99.151 99.167 99.186 99.205 99.232 99.271 99.324 99.375 99.423 99.469 99.511 99.549 99.587 99.632 99.682 99.733 99.784 99.835 99.884 99.931 99.978 100.022 100.066 100.118 100.176 100.24 100.305 100.371 100.437 100.506 100.576 100.777 101.04
-9999 -9999 -9999 -9999 -9999 -9999 -9999 -9999 -9999 -9999 -9999 -9999 -9999 -9999 -9999 -9999 98.623 98.599 98.593 98.59 98.556 98.553 98.551 98.567 98.583 98.621 98.717 98.747 98.783 98.985 99.452 99.348 98.912 98.945 98.972 98.995 99.014 99.029 99.044 99.059 99.077 99.095 99.113 99.131 99.15 99.17 99.202 99.249 99.301 99.349 99.395 99.436 99.472 99.511 99.558 99.611 99.666 99.72 99.773 99.824 -9999 99.918 99.966 100.035 100.119 100.16 100.206 100.271 100.337 100.404 100.472 100.544 100.892 101.15
-9999 -9999 -9999 -9999 -9999 -9999 -9999 -9999 -9999 -9999 -9999 -9999 -9999 -9999 -9999 98.554 98.48 98.479 98.481 98.468 98.472 98.479 98.485 98.488 98.496 98.55 98.617 98.664 98.696 99.023 99.259 98.989 98.836 98.873 98.903 98.929 98.951 98.969 98.984 98.999 99.015 99.034 99.054 99.073 99.092 99.109 99.133 99.169 99.222 99.271 99.317 99.356 99.39 99.428 99.478 99.536 99.595 99.652 99.707 99.759 99.809 -9999 99.92 -9999 100.081 -9999 100.173 -9999 100.304 100.372 100.44 100.512 100.698 100.984
-9999 -9999 -9999 -9999 -9999 -9999 -9999 -9999 -9999 -9999 -9999 -9999 -9999 -9999 -9999 98.412 98.338 98.376 98.463 98.461 98.442 98.45 98.453 98.463 98.467 98.487 98.515 98.523 98.542 98.685 98.741 98.699 98.752 98.793 98.828 98.858 98.883 98.904 98.922 98.937 98.953 98.969 98.99 99.01 99.029 99.046 99.063 99.093 99.136 99.187 99.233 99.272 99.305 99.341 99.394 99.458 99.52 99.579 99.635 99.692 99.755 -9999 -9999 99.946 100.02 -9999 -9999 100.206 100.273 100.34 -9999 -9999 -9999 -9999
-9999 -9999 -9999 -9999 -9999 -9999 -9999 -9999 -9999 -9999 -9999 -9999 -9999 -9999 98.348 98.408 98.441 98.49 98.469 98.454 98.422 98.43 98.444 98.451 98.449 98.447 98.455 98.461 98.442 98.461 98.522 98.596 98.657 98.705 98.745 98.779 98.808 98.833 98.853 98.871 98.887 98.903 98.92 98.94 98.959 98.977 98.994 99.014 99.045 99.095 99.144 99.184 99.221 99.261 99.313 99.377 99.44 99.501 -9999 -9999 -9999 99.78 -9999 -9999 -9999 -9999 -9999 -9999 100.239 -9999 -9999 -9999 -9999 -9999
