Validation/Results/raw data/ReClimate_09_2024_1.asc
NCOLS 192
NROWS 249
XLLCENTER -225160.85627316462
YLLCENTER 29788.11610251502
CELLSIZE 5000.0
NODATA_VALUE -9999
[rows 170 to 203 of 249, columns 75 to 149 of 192]
-9999 -9999 -9999 -9999 -9999 -9999 -9999 -9999 -9999 -9999 -9999 -9999 -9999 -9999 -9999 -9999 -9999 93.765 93.782 -9999 -9999 -9999 -9999 -9999 -9999 -9999 -9999 -9999 -9999 -9999 -9999 -9999 -9999 -9999 -9999 -9999 93.335 93.273 93.216 93.161 93.105 93.033 92.953 92.878 92.807 92.742 92.681 92.617 92.548 92.474 92.396 92.316 92.24 92.168 92.099 92.033 91.969 91.907 91.848 91.788 91.726 91.664 91.599 91.532 91.472 91.415 91.355 91.297 91.257 91.232 91.209 91.185 91.16 91.132 91.101
-9999 -9999 -9999 -9999 -9999 -9999 -9999 -9999 -9999 -9999 -9999 -9999 -9999 -9999 -9999 -9999 -9999 93.773 93.796 93.818 -9999 -9999 -9999 -9999 -9999 -9999 -9999 -9999 -9999 -9999 -9999 -9999 -9999 -9999 -9999 93.407 93.343 93.282 93.226 93.172 93.113 93.04 92.961 92.885 92.813 92.745 92.68 92.616 92.545 92.472 92.398 92.327 92.251 92.179 92.11 92.042 91.976 91.913 91.853 91.792 91.73 91.666 91.607 91.553 91.5 91.45 91.397 91.34 91.287 91.258 91.236 91.215 91.193 91.17 91.144
-9999 -9999 -9999 -9999 -9999 -9999 -9999 -9999 -9999 -9999 -9999 -9999 -9999 -9999 -9999 -9999 93.783 93.798 93.82 93.841 93.859 -9999 -9999 -9999 -9999 -9999 -9999 -9999 -9999 -9999 -9999 -9999 93.618 -9999 -9999 93.414 93.351 93.292 93.235 93.182 -9999 93.046 92.968 92.893 92.82 92.75 92.684 92.612 92.541 92.47 92.402 92.334 92.263 92.191 92.12 92.051 91.984 91.92 91.858 91.796 91.733 91.679 91.63 91.583 91.536 91.487 91.435 91.38 91.322 91.282 91.262 91.243 91.226 91.207 91.186
-9999 -9999 -9999 -9999 -9999 -9999 -9999 -9999 -9999 -9999 -9999 -9999 -9999 -9999 -9999 -9999 93.807 93.82 93.843 93.862 93.88 93.895 93.908 -9999 -9999 -9999 93.912 93.886 -9999 93.787 93.737 93.692 93.641 93.569 -9999 -9999 93.366 93.307 -9999 -9999 93.134 93.058 92.98 92.906 92.833 92.762 92.688 92.612 92.536 92.468 92.4 92.332 92.265 92.198 92.129 92.06 91.993 91.927 91.863 91.802 91.75 91.703 91.661 91.617 91.571 91.523 91.472 91.418 91.36 91.309 91.285 91.27 91.257 91.244 91.228
-9999 -9999 -9999 -9999 -9999 -9999 -9999 -9999 -9999 -9999 -9999 -9999 -9999 -9999 -9999 -9999 -9999 93.846 93.866 93.884 93.9 93.914 -9999 -9999 93.944 93.945 93.944 93.913 93.866 93.816 93.768 93.723 93.665 93.587 93.515 -9999 93.384 93.325 93.268 93.211 93.146 93.068 92.99 92.915 92.842 92.769 92.693 92.614 92.537 92.463 92.396 92.33 92.263 92.197 92.132 92.066 92.0 91.933 91.871 91.82 91.775 91.735 91.693 91.65 91.606 91.558 91.508 91.454 91.396 91.338 91.306 91.296 91.29 91.282 91.272
-9999 -9999 -9999 -9999 -9999 -9999 -9999 -9999 -9999 -9999 -9999 -9999 -9999 -9999 -9999 -9999 -9999 93.873 93.891 93.907 93.921 93.933 93.944 93.953 93.961 93.967 93.964 93.942 93.897 93.847 93.8 93.752 93.684 93.606 93.529 93.454 93.385 93.321 93.26 93.203 93.138 93.06 92.983 92.909 92.835 92.762 92.686 92.609 92.532 92.458 92.389 92.326 92.26 92.194 92.128 92.064 91.999 91.939 91.889 91.845 91.806 91.766 91.725 91.683 91.64 91.594 91.545 91.492 91.434 91.371 91.331 91.325 91.325 91.324 91.324
-9999 -9999 -9999 -9999 -9999 -9999 -9999 -9999 -9999 -9999 -9999 -9999 -9999 -9999 -9999 -9999 -9999 -9999 93.915 93.93 93.942 93.953 93.962 93.97 93.976 93.981 93.983 93.968 93.928 93.878 93.831 93.773 93.686 93.598 93.514 93.438 93.368 93.304 93.244 93.188 93.124 93.048 92.971 92.897 92.824 92.75 92.675 92.6 92.524 92.448 92.375 92.312 92.251 92.189 92.124 92.059 91.998 91.948 91.906 91.869 91.832 91.794 91.756 91.716 91.674 91.63 91.584 91.533 91.478 91.419 91.372 91.363 91.368 91.371 91.393
-9999 -9999 -9999 -9999 -9999 -9999 -9999 -9999 -9999 -9999 -9999 -9999 -9999 -9999 -9999 -9999 -9999 -9999 -9999 -9999 93.963 93.972 93.97 93.947 93.963 93.996 93.999 93.99 93.959 93.901 93.835 93.757 93.663 93.575 93.494 93.42 93.351 93.288 93.229 93.174 93.111 93.037 92.962 92.888 92.814 92.74 92.665 92.591 92.517 92.44 92.365 92.294 92.234 92.175 92.114 92.054 92.004 91.962 91.925 91.888 91.853 91.817 91.781 91.744 91.706 91.665 91.622 91.576 91.526 91.474 91.427 91.412 91.417 91.428 91.468
-9999 -9999 -9999 -9999 -9999 -9999 -9999 -9999 -9999 -9999 -9999 -9999 -9999 -9999 -9999 -9999 -9999 -9999 -9999 93.976 93.984 93.992 93.994 94.03 94.039 94.012 94.013 94.004 93.957 93.885 93.815 93.735 93.641 93.556 93.477 93.405 93.337 93.274 93.216 93.162 93.1 93.028 92.953 92.88 92.806 92.732 92.658 92.584 92.511 92.435 92.357 92.28 92.217 92.158 92.099 92.052 92.013 91.98 91.945 91.909 91.875 91.841 91.807 91.773 91.738 91.701 91.662 91.62 91.576 91.531 91.486 91.466 91.472 91.499 91.552
-9999 -9999 -9999 -9999 -9999 -9999 -9999 -9999 -9999 -9999 -9999 -9999 -9999 -9999 -9999 -9999 -9999 -9999 93.992 93.998 94.006 94.012 94.034 94.038 94.025 94.023 94.006 93.971 93.925 93.865 93.797 93.714 93.623 93.54 93.463 93.392 93.326 93.263 93.205 93.15 93.091 93.021 92.947 92.873 92.8 92.726 92.651 92.579 92.505 92.43 92.353 92.275 92.204 92.144 92.094 92.053 92.022 91.991 91.961 91.93 91.897 91.866 91.835 91.804 91.773 91.741 91.706 91.67 91.631 91.591 91.55 91.526 91.53 91.572 91.644
-9999 -9999 -9999 -9999 -9999 -9999 -9999 -9999 -9999 -9999 -9999 -9999 -9999 -9999 -9999 -9999 -9999 94.013 94.014 94.02 94.027 94.032 94.036 94.04 94.035 94.002 93.966 93.933 93.894 93.843 93.78 93.697 93.608 93.526 93.451 93.381 93.316 93.254 93.196 93.141 93.083 93.015 92.942 92.869 92.795 92.721 92.647 92.575 92.501 92.427 92.351 92.273 92.195 92.136 92.093 92.061 92.031 92.001 91.971 91.944 91.917 91.889 91.861 91.835 91.808 91.781 91.752 91.721 91.689 91.655 91.619 91.594 91.606 91.654 91.737
-9999 -9999 -9999 -9999 -9999 -9999 -9999 -9999 -9999 -9999 -9999 -9999 -9999 -9999 -9999 94.042 94.04 94.037 94.037 94.042 94.047 94.052 94.054 94.044 94.004 93.966 93.932 93.899 93.864 93.822 93.762 93.684 93.596 93.515 93.441 93.372 93.307 93.246 93.188 93.133 93.076 93.012 92.939 92.865 92.792 92.717 92.643 92.571 92.498 92.424 92.349 92.272 92.193 92.134 92.097 92.068 92.039 92.009 91.981 91.953 91.929 91.908 91.887 91.865 91.843 91.821 91.797 91.772 91.746 91.718 91.689 91.667 91.688 91.75 91.835
-9999 -9999 -9999 -9999 -9999 -9999 -9999 -9999 -9999 -9999 -9999 -9999 -9999 -9999 94.172 94.07 94.066 94.062 -9999 -9999 -9999 -9999 94.034 94.011 93.971 93.935 93.901 93.868 93.837 93.798 93.744 93.669 93.586 93.506 93.433 93.364 93.299 93.239 93.181 93.126 93.072 93.009 92.937 92.863 92.788 92.713 92.64 92.568 92.495 92.421 92.347 92.271 92.199 92.138 92.104 92.076 92.047 92.019 91.99 91.962 91.938 91.922 91.91 91.896 91.879 91.861 91.843 91.823 91.803 91.78 91.757 91.739 91.771 91.849 91.939
-9999 -9999 -9999 -9999 -9999 -9999 -9999 -9999 -9999 -9999 -9999 -9999 -9999 -9999 94.126 94.096 94.091 -9999 -9999 -9999 -9999 -9999 94.002 93.981 93.943 93.907 93.873 93.841 93.81 93.774 93.726 93.654 93.576 93.499 93.426 93.357 93.293 93.232 93.175 93.121 93.068 93.007 92.936 92.861 92.784 92.709 92.637 92.565 92.492 92.419 92.345 92.27 92.205 92.15 92.111 92.084 92.057 92.029 92.001 91.972 91.948 91.936 91.93 91.925 91.916 91.903 91.889 91.875 91.859 91.843 91.825 91.818 91.859 91.947 92.048
-9999 -9999 -9999 -9999 -9999 -9999 -9999 -9999 -9999 -9999 -9999 -9999 -9999 -9999 -9999 -9999 94.091 -9999 -9999 -9999 -9999 -9999 93.977 93.954 93.917 93.882 93.847 93.813 93.78 93.746 93.7 93.632 93.557 93.485 93.415 93.347 93.283 93.224 93.167 93.114 93.062 93.004 92.934 92.856 92.779 92.705 92.633 92.561 92.489 92.417 92.343 92.274 92.214 92.165 92.122 92.093 92.068 92.042 92.016 91.99 91.969 91.958 91.955 91.954 91.953 91.944 91.932 91.92 91.907 91.894 91.88 91.883 91.935 92.027 92.138
-9999 -9999 -9999 -9999 -9999 -9999 -9999 -9999 -9999 -9999 -9999 -9999 -9999 -9999 -9999 -9999 -9999 -9999 -9999 -9999 -9999 -9999 93.945 93.929 93.884 93.83 93.799 93.779 93.745 93.713 93.669 93.608 93.535 93.467 93.401 93.337 93.274 93.214 93.158 93.105 93.054 92.996 92.928 92.85 92.773 92.7 92.628 92.557 92.486 92.414 92.342 92.279 92.227 92.18 92.134 92.103 92.08 92.058 92.035 92.014 91.997 91.987 91.981 91.977 91.975 91.974 91.966 91.956 91.946 91.937 91.927 91.94 92.0 92.098 92.214
-9999 -9999 -9999 -9999 -9999 -9999 -9999 -9999 -9999 -9999 -9999 -9999 -9999 -9999 -9999 -9999 -9999 -9999 -9999 -9999 -9999 -9999 -9999 93.895 93.858 93.855 93.815 93.745 93.711 93.679 93.641 93.585 93.515 93.448 93.384 93.323 93.264 93.205 93.149 93.095 93.04 92.984 92.918 92.842 92.768 92.696 92.624 92.553 92.482 92.411 92.34 92.284 92.238 92.193 92.148 92.114 92.094 92.075 92.056 92.037 92.02 92.009 92.001 91.997 91.995 91.995 91.995 91.989 91.983 91.976 91.971 91.992 92.06 92.166 92.288
-9999 -9999 -9999 -9999 -9999 -9999 -9999 -9999 -9999 -9999 -9999 -9999 -9999 -9999 -9999 -9999 -9999 -9999 -9999 -9999 -9999 -9999 93.886 93.859 93.839 93.803 93.749 93.714 93.681 93.648 93.612 93.561 93.496 93.429 93.366 93.307 93.249 93.193 93.138 93.081 93.025 92.97 92.906 92.836 92.764 92.693 92.622 92.551 92.479 92.407 92.344 92.292 92.249 92.206 92.163 92.127 92.108 92.089 92.07 92.052 92.037 92.025 92.018 92.014 92.013 92.014 92.018 92.02 92.017 92.014 92.012 92.041 92.121 92.232 92.358
-9999 -9999 -9999 -9999 -9999 -9999 -9999 -9999 -9999 -9999 -9999 -9999 -9999 -9999 -9999 -9999 -9999 -9999 -9999 -9999 -9999 -9999 93.854 93.827 93.79 93.755 93.721 93.687 93.653 93.62 93.585 93.538 93.476 93.412 93.349 93.289 93.232 93.177 93.121 93.066 93.01 92.954 92.895 92.83 92.759 92.69 92.62 92.55 92.479 92.408 92.346 92.3 92.259 92.218 92.177 92.14 92.115 92.096 92.078 92.062 92.048 92.039 92.033 92.03 92.03 92.033 92.039 92.047 92.05 92.05 92.051 92.086 92.18 92.298 92.424
-9999 -9999 -9999 -9999 -9999 -9999 -9999 -9999 -9999 -9999 -9999 -9999 -9999 -9999 -9999 -9999 -9999 -9999 -9999 -9999 -9999 -9999 93.825 93.798 93.763 93.73 93.696 93.662 93.627 93.593 93.558 93.513 93.455 93.395 93.332 93.272 93.214 93.157 93.101 93.046 92.992 92.937 92.882 92.82 92.754 92.686 92.619 92.55 92.481 92.41 92.353 92.308 92.268 92.229 92.186 92.144 92.117 92.099 92.083 92.069 92.058 92.05 92.046 92.044 92.046 92.05 92.057 92.067 92.078 92.082 92.086 92.135 92.238 92.361 92.487
-9999 -9999 -9999 -9999 -9999 -9999 -9999 -9999 -9999 -9999 -9999 -9999 -9999 -9999 -9999 -9999 -9999 -9999 -9999 -9999 -9999 -9999 -9999 93.771 93.739 93.707 93.673 93.638 93.602 93.567 93.531 93.487 93.432 93.374 93.316 93.255 93.195 93.136 93.079 93.024 92.97 92.917 92.864 92.809 92.75 92.683 92.617 92.55 92.482 92.415 92.362 92.321 92.277 92.232 92.188 92.143 92.115 92.099 92.086 92.074 92.066 92.06 92.056 92.056 92.058 92.064 92.072 92.084 92.099 92.111 92.124 92.183 92.297 92.419 92.545
-9999 -9999 -9999 -9999 -9999 -9999 -9999 -9999 -9999 -9999 -9999 -9999 -9999 -9999 -9999 -9999 -9999 -9999 -9999 -9999 -9999 -9999 -9999 93.749 93.717 93.686 93.653 93.617 93.579 93.541 93.503 93.46 93.408 93.352 93.294 93.236 93.174 93.114 93.057 93.002 92.948 92.895 92.844 92.793 92.737 92.677 92.613 92.548 92.482 92.42 92.373 92.332 92.285 92.234 92.184 92.14 92.112 92.098 92.087 92.078 92.071 92.066 92.064 92.065 92.069 92.075 92.085 92.098 92.116 92.137 92.164 92.233 92.35 92.473 92.599
-9999 -9999 -9999 -9999 -9999 -9999 -9999 -9999 -9999 -9999 -9999 -9999 -9999 -9999 -9999 -9999 -9999 -9999 -9999 -9999 -9999 -9999 93.765 93.73 93.698 93.667 93.634 93.595 93.554 93.514 93.475 93.433 93.384 93.326 93.27 93.212 93.153 93.092 93.035 92.979 92.925 92.873 92.823 92.773 92.721 92.666 92.607 92.544 92.48 92.422 92.379 92.334 92.285 92.234 92.183 92.135 92.106 92.095 92.086 92.078 92.073 92.07 92.069 92.071 92.076 92.084 92.095 92.11 92.13 92.164 92.206 92.281 92.399 92.522 92.649
-9999 -9999 -9999 -9999 -9999 -9999 -9999 -9999 -9999 -9999 -9999 -9999 -9999 -9999 -9999 -9999 -9999 -9999 -9999 -9999 -9999 -9999 93.746 93.715 93.685 93.656 93.621 93.576 93.53 93.486 93.444 93.404 93.356 93.3 93.243 93.185 93.127 93.07 93.011 92.955 92.903 92.852 92.802 92.752 92.702 92.651 92.599 92.538 92.476 92.422 92.377 92.329 92.28 92.231 92.182 92.132 92.1 92.09 92.082 92.077 92.073 92.071 92.072 92.075 92.081 92.09 92.102 92.119 92.148 92.189 92.245 92.326 92.442 92.565 92.693
-9999 -9999 -9999 -9999 -9999 -9999 -9999 -9999 -9999 -9999 -9999 -9999 -9999 -9999 -9999 -9999 -9999 -9999 -9999 -9999 -9999 -9999 93.73 93.699 93.67 93.641 93.602 93.553 93.505 93.46 93.416 93.374 93.326 93.273 93.213 93.155 93.099 93.043 92.987 92.931 92.878 92.827 92.777 92.729 92.68 92.634 92.586 92.533 92.472 92.416 92.366 92.32 92.273 92.226 92.179 92.132 92.096 92.083 92.077 92.073 92.07 92.07 92.072 92.076 92.083 92.092 92.107 92.133 92.168 92.214 92.279 92.365 92.478 92.602 92.73
-9999 -9999 -9999 -9999 -9999 -9999 -9999 -9999 -9999 -9999 -9999 -9999 -9999 -9999 -9999 -9999 -9999 -9999 -9999 -9999 -9999 93.744 93.711 93.678 93.647 93.614 93.572 93.525 93.477 93.432 93.388 93.344 93.299 93.246 93.179 93.117 93.058 93.002 92.947 92.895 92.843 92.792 92.743 92.696 92.648 92.604 92.561 92.515 92.46 92.399 92.354 92.309 92.265 92.22 92.174 92.128 92.096 92.078 92.07 92.067 92.066 92.066 92.069 92.074 92.082 92.094 92.117 92.148 92.188 92.239 92.307 92.397 92.508 92.631 92.759
-9999 -9999 -9999 -9999 -9999 -9999 -9999 -9999 -9999 -9999 -9999 -9999 -9999 -9999 -9999 -9999 -9999 -9999 -9999 -9999 93.763 93.725 93.688 93.654 93.62 93.584 93.542 93.497 93.45 93.403 93.357 93.309 93.262 93.203 93.138 93.072 93.01 92.955 92.903 92.852 92.803 92.754 92.706 92.659 92.612 92.569 92.529 92.487 92.429 92.375 92.334 92.294 92.254 92.211 92.168 92.124 92.093 92.077 92.063 92.059 92.059 92.06 92.064 92.069 92.082 92.102 92.129 92.164 92.204 92.26 92.333 92.422 92.53 92.652 92.768
-9999 -9999 -9999 -9999 -9999 -9999 -9999 -9999 -9999 -9999 -9999 -9999 -9999 -9999 -9999 -9999 -9999 -9999 93.833 93.791 93.745 93.703 93.666 93.629 93.593 93.555 93.514 93.469 93.421 93.368 93.314 93.262 93.213 93.158 93.098 93.031 92.969 92.911 92.857 92.807 92.76 92.713 92.667 92.621 92.576 92.533 92.494 92.447 92.391 92.344 92.307 92.271 92.233 92.196 92.157 92.118 92.089 92.075 92.06 92.051 92.05 92.053 92.058 92.07 92.088 92.112 92.141 92.176 92.219 92.278 92.354 92.44 92.543 92.653 92.762
-9999 -9999 -9999 -9999 -9999 -9999 -9999 -9999 -9999 -9999 -9999 -9999 -9999 -9999 -9999 -9999 -9999 93.868 93.818 93.769 93.723 93.682 93.643 93.605 93.567 93.528 93.484 93.434 93.379 93.324 93.27 93.218 93.165 93.112 93.055 92.994 92.931 92.871 92.815 92.762 92.714 92.669 92.625 92.581 92.539 92.497 92.455 92.403 92.35 92.307 92.278 92.244 92.209 92.173 92.137 92.105 92.083 92.071 92.058 92.045 92.041 92.048 92.06 92.075 92.096 92.121 92.151 92.185 92.233 92.295 92.371 92.452 92.542 92.642 92.74
-9999 -9999 -9999 -9999 -9999 -9999 -9999 -9999 -9999 -9999 -9999 -9999 -9999 -9999 94.06 93.982 93.914 93.853 93.799 93.749 93.704 93.662 93.621 93.582 93.56 93.569 93.497 93.39 93.338 93.29 93.235 93.177 93.122 93.069 93.014 92.958 92.896 92.835 92.777 92.722 92.67 92.623 92.58 92.538 92.497 92.457 92.41 92.359 92.307 92.266 92.24 92.214 92.182 92.148 92.115 92.086 92.069 92.062 92.053 92.045 92.042 92.05 92.065 92.083 92.104 92.128 92.156 92.192 92.241 92.305 92.377 92.454 92.532 92.618 92.712
-9999 -9999 -9999 -9999 -9999 -9999 -9999 -9999 -9999 -9999 -9999 -9999 94.172 94.123 94.038 93.966 93.901 93.838 93.783 93.732 93.686 93.642 93.6 93.562 93.583 93.612 93.497 93.348 93.302 93.26 93.202 93.139 93.085 93.031 92.979 92.923 92.864 92.801 92.742 92.684 92.63 92.579 92.534 92.493 92.453 92.409 92.356 92.305 92.255 92.214 92.186 92.164 92.141 92.112 92.079 92.055 92.045 92.045 92.046 92.048 92.05 92.057 92.072 92.089 92.109 92.132 92.158 92.196 92.246 92.307 92.375 92.445 92.511 92.589 92.677
-9999 -9999 -9999 -9999 -9999 -9999 -9999 -9999 94.283 94.25 94.224 94.198 94.174 94.104 94.021 93.95 93.885 93.825 93.768 93.716 93.669 93.623 93.577 93.527 93.517 93.464 93.36 93.308 93.262 93.211 93.155 93.103 93.05 92.997 92.945 92.893 92.836 92.775 92.713 92.652 92.593 92.538 92.487 92.441 92.395 92.343 92.293 92.245 92.196 92.155 92.127 92.106 92.085 92.066 92.043 92.029 92.026 92.028 92.033 92.039 92.047 92.054 92.07 92.09 92.109 92.13 92.158 92.197 92.248 92.306 92.366 92.428 92.483 92.547 92.631
-9999 -9999 -9999 -9999 -9999 -9999 -9999 94.317 94.281 94.25 94.223 94.201 94.166 94.089 94.006 93.935 93.871 93.812 93.755 93.702 93.652 93.6 93.539 93.482 93.427 93.374 93.322 93.27 93.22 93.17 93.12 93.07 93.017 92.965 92.914 92.863 92.81 92.754 92.691 92.628 92.563 92.499 92.438 92.385 92.336 92.283 92.236 92.19 92.144 92.103 92.075 92.057 92.039 92.021 92.007 92.003 92.008 92.012 92.017 92.023 92.03 92.039 92.054 92.075 92.098 92.124 92.158 92.199 92.248 92.301 92.352 92.404 92.454 92.503 92.573
-9999 -9999 -9999 -9999 -9999 -9999 94.331 94.297 94.265 94.239 94.217 94.198 94.157 94.078 93.994 93.921 93.857 93.798 93.743 93.709 93.69 93.564 93.503 93.445 93.389 93.332 93.271 93.195 93.157 93.141 93.091 93.038 92.986 92.936 92.885 92.835 92.784 92.73 92.67 92.6 92.529 92.459 92.395 92.341 92.286 92.236 92.192 92.148 92.104 92.062 92.031 92.015 91.998 91.982 91.971 91.971 91.981 91.991 91.999 92.005 92.012 92.02 92.034 92.054 92.076 92.109 92.151 92.198 92.244 92.289 92.334 92.379 92.423 92.461 92.516
