Validation/Results/raw data/ReClimate_02_2024_2_Temperature.asc
NCOLS 192
NROWS 249
XLLCENTER -225160.85627316462
YLLCENTER 29788.11610251502
CELLSIZE 5000.0
NODATA_VALUE -9999
[rows 204 to 237 of 249, columns 77 to 153 of 192]
-9999 -9999 0.096 -9999 0.084 0.08 0.095 0.11 0.104 0.097 0.083 0.066 0.075 0.086 0.088 0.092 0.096 0.101 0.094 0.086 0.096 0.109 0.107 0.106 0.098 0.088 0.085 0.083 0.077 0.071 0.071 0.072 0.079 0.089 0.082 0.074 0.077 0.082 0.082 0.085 0.081 0.079 0.084 0.091 0.089 0.087 0.096 0.108 0.107 0.106 0.115 0.127 0.134 0.141 0.138 0.135 0.142 0.151 0.156 0.162 0.159 0.156 0.16 0.164 0.177 0.195 0.195 0.194 0.2 0.208 0.207 0.205 0.202 0.2 0.196 0.194 0.196
-9999 -9999 -9999 -9999 -9999 -9999 0.117 0.107 0.104 0.103 0.095 0.092 0.097 0.098 0.097 0.089 0.088 0.083 0.081 0.095 0.103 0.108 0.107 0.108 0.102 0.101 0.099 0.096 0.09 0.081 0.083 0.091 0.097 0.097 0.089 0.078 0.077 0.071 0.073 0.083 0.077 0.071 0.074 0.076 0.078 0.091 0.099 0.106 0.104 0.1 0.11 0.122 0.127 0.133 0.129 0.125 0.135 0.145 0.151 0.158 0.156 0.154 0.166 0.176 0.186 0.202 0.19 0.183 0.192 0.201 0.204 0.204 0.2 0.197 0.199 0.199 0.191
-9999 -9999 -9999 -9999 -9999 -9999 0.122 0.112 0.112 0.112 0.11 0.108 0.108 0.108 0.101 0.093 0.087 0.08 0.09 0.103 0.106 0.111 0.111 0.112 0.111 0.11 0.108 0.106 0.097 0.089 0.095 0.103 0.103 0.103 0.094 0.083 0.077 0.07 0.076 0.085 0.077 0.071 0.072 0.073 0.083 0.095 0.101 0.107 0.104 0.101 0.11 0.122 0.126 0.132 0.128 0.124 0.133 0.146 0.151 0.158 0.157 0.155 0.167 0.182 0.193 0.206 0.195 0.18 0.189 0.201 0.204 0.206 0.201 0.198 0.199 0.203 0.195
-9999 -9999 -9999 -9999 0.123 0.133 0.129 0.124 -9999 0.129 0.133 0.143 0.141 0.131 0.125 -9999 0.111 0.107 0.112 0.108 0.108 0.106 0.106 0.107 0.104 0.1 0.096 0.093 0.086 0.086 0.091 0.095 0.091 0.083 0.08 0.092 0.086 0.079 0.083 0.085 0.077 0.071 0.069 0.066 0.073 0.082 0.089 0.107 0.111 0.112 0.108 0.111 0.111 0.114 0.117 0.116 0.118 0.126 0.133 0.139 0.15 0.155 0.158 0.167 0.184 0.201 0.196 0.185 0.18 0.184 0.188 0.19 0.19 0.188 0.193 0.198 0.183
-9999 -9999 -9999 -9999 0.122 -9999 -9999 -9999 0.138 0.142 0.151 -9999 -9999 -9999 -9999 -9999 0.126 0.122 0.118 0.114 0.111 0.108 0.108 0.109 0.104 0.099 0.095 0.092 0.09 0.09 0.092 0.095 0.087 0.079 0.087 0.099 0.092 0.085 0.086 0.087 0.08 0.074 0.07 0.066 0.071 0.079 0.092 0.109 0.113 0.119 0.115 0.11 0.109 0.11 0.112 0.115 0.117 0.121 0.127 0.134 0.144 0.157 0.16 0.164 0.18 0.2 0.196 0.189 0.185 0.181 0.184 0.187 0.186 0.187 0.191 0.199 0.183
-9999 -9999 -9999 -9999 -9999 -9999 0.148 0.15 0.153 0.149 0.159 -9999 -9999 -9999 -9999 -9999 -9999 -9999 -9999 0.14 0.133 0.114 0.116 0.124 0.109 0.069 0.074 0.102 0.097 0.085 0.089 0.099 0.093 0.087 0.088 0.078 0.077 0.089 0.087 0.082 0.073 0.066 0.065 0.071 0.077 0.089 0.099 0.103 0.103 0.106 0.107 0.104 0.108 0.111 0.116 0.121 0.123 0.127 0.131 0.137 0.137 0.143 0.149 0.154 0.169 0.189 0.195 0.196 0.191 0.186 0.192 0.198 0.198 0.2 0.181 0.174 0.176
-9999 -9999 -9999 -9999 -9999 -9999 -9999 0.157 -9999 -9999 -9999 -9999 -9999 -9999 -9999 -9999 -9999 0.146 0.151 0.154 0.138 0.12 0.126 0.134 0.101 0.062 0.083 0.11 0.099 0.087 0.095 0.105 0.099 0.093 0.083 0.073 0.082 0.093 0.087 0.082 -9999 0.066 0.07 0.075 0.084 0.096 0.098 0.102 0.102 0.104 0.103 0.104 0.108 0.113 0.118 0.124 0.127 0.13 0.134 0.14 0.14 0.14 0.145 0.152 0.167 0.186 0.193 0.2 0.196 0.191 0.197 0.203 0.204 0.206 0.189 0.168 0.168
-9999 -9999 -9999 -9999 -9999 -9999 -9999 -9999 -9999 -9999 -9999 -9999 -9999 -9999 -9999 -9999 -9999 0.177 0.172 0.153 0.144 -9999 -9999 -9999 0.105 0.089 0.101 0.099 0.091 0.093 0.097 0.098 0.101 0.121 0.113 0.103 0.104 0.091 0.085 -9999 0.068 0.07 0.074 0.08 0.088 0.099 0.098 0.089 0.093 0.104 0.1 0.098 0.103 0.108 0.114 0.12 0.131 0.14 0.132 0.13 0.136 0.14 0.137 0.139 0.153 0.17 0.173 0.177 0.186 0.188 0.188 0.191 0.183 0.178 0.173 0.159 0.163
-9999 -9999 -9999 -9999 -9999 -9999 -9999 -9999 -9999 -9999 -9999 -9999 -9999 -9999 -9999 -9999 -9999 -9999 -9999 -9999 -9999 -9999 -9999 -9999 0.121 0.104 0.101 0.098 0.097 0.099 0.099 0.099 0.115 0.135 0.126 0.117 0.105 -9999 -9999 0.074 0.073 0.074 0.078 0.084 0.092 0.103 0.095 0.086 0.094 0.106 0.102 0.098 0.102 0.108 0.113 0.12 0.13 0.144 0.137 0.128 0.134 0.141 0.139 0.137 0.15 0.167 0.169 0.171 0.179 0.189 0.189 0.188 0.179 0.17 0.164 0.158 0.162
-9999 -9999 -9999 -9999 -9999 -9999 -9999 -9999 -9999 -9999 -9999 -9999 -9999 -9999 -9999 -9999 -9999 -9999 -9999 -9999 -9999 -9999 -9999 -9999 0.126 0.115 0.114 0.112 0.113 0.116 0.114 0.109 0.118 0.122 -9999 -9999 -9999 -9999 -9999 0.067 0.07 0.086 0.087 0.086 0.088 0.082 0.072 0.062 0.071 0.088 0.089 0.087 0.099 0.109 0.104 0.105 0.115 0.128 0.126 0.12 0.124 0.13 0.14 0.145 0.145 0.154 0.162 0.168 0.177 0.187 0.174 0.165 0.175 0.177 0.171 0.166 0.165
-9999 -9999 -9999 -9999 -9999 -9999 -9999 -9999 -9999 -9999 -9999 -9999 -9999 -9999 -9999 -9999 -9999 -9999 -9999 -9999 -9999 -9999 -9999 -9999 -9999 -9999 0.127 0.121 0.122 0.125 0.12 0.115 0.12 -9999 -9999 -9999 -9999 0.087 0.078 0.066 0.076 0.092 0.09 0.089 0.082 0.075 0.065 0.055 0.066 0.083 0.083 0.085 0.096 0.111 0.106 0.1 0.11 0.123 0.121 0.119 0.122 0.128 0.137 0.149 0.15 0.15 0.158 0.168 0.177 0.186 0.174 0.158 0.167 0.181 0.175 0.171 0.17
-9999 -9999 -9999 -9999 -9999 -9999 -9999 -9999 -9999 -9999 -9999 -9999 -9999 -9999 -9999 -9999 -9999 -9999 -9999 -9999 -9999 -9999 -9999 -9999 -9999 -9999 -9999 0.14 0.141 0.137 0.136 0.139 -9999 -9999 -9999 -9999 0.105 0.101 0.087 0.067 0.073 0.077 0.078 0.085 0.08 0.075 0.068 0.065 0.076 0.087 0.095 0.101 0.096 0.1 0.097 0.092 0.089 0.094 0.104 0.108 0.112 0.117 0.123 0.132 0.141 0.146 0.152 0.161 0.161 0.165 0.159 0.148 0.153 0.164 0.159 0.154 0.154
-9999 -9999 -9999 -9999 -9999 -9999 -9999 -9999 -9999 -9999 -9999 -9999 -9999 -9999 -9999 -9999 -9999 -9999 -9999 -9999 -9999 -9999 -9999 -9999 -9999 -9999 -9999 -9999 -9999 -9999 -9999 -9999 -9999 -9999 -9999 0.12 0.114 0.107 0.089 0.069 0.069 0.073 0.078 0.085 0.081 0.077 0.073 0.07 0.078 0.09 0.098 0.108 0.103 0.098 0.094 0.09 0.087 0.084 0.093 0.105 0.109 0.115 0.12 0.127 0.135 0.146 0.151 0.159 0.159 0.157 0.151 0.145 0.15 0.158 0.154 0.15 0.149
-9999 -9999 -9999 -9999 -9999 -9999 -9999 -9999 -9999 -9999 -9999 -9999 -9999 -9999 -9999 -9999 -9999 -9999 -9999 -9999 -9999 -9999 -9999 -9999 -9999 -9999 -9999 -9999 -9999 -9999 -9999 -9999 -9999 -9999 0.116 0.11 0.105 0.105 0.092 0.088 0.084 0.072 0.077 0.085 0.079 0.067 0.066 0.069 0.075 0.082 0.102 0.12 0.118 0.116 0.109 0.104 0.099 0.095 0.094 0.1 0.103 0.107 0.121 0.133 0.148 0.162 0.155 0.154 0.153 0.15 0.165 0.171 0.159 0.157 0.15 0.144 0.15
-9999 -9999 -9999 -9999 -9999 -9999 -9999 -9999 -9999 -9999 -9999 -9999 -9999 -9999 -9999 -9999 -9999 -9999 -9999 -9999 -9999 -9999 -9999 -9999 -9999 -9999 -9999 -9999 -9999 -9999 -9999 -9999 -9999 -9999 0.113 0.106 0.105 0.105 0.1 0.097 0.084 0.072 0.078 0.086 0.076 0.065 0.066 0.069 0.073 0.08 0.099 0.124 0.123 0.122 0.116 0.109 0.105 0.1 0.099 0.099 0.101 0.106 0.119 0.136 0.151 0.168 0.162 0.152 0.151 0.149 0.162 0.181 0.17 0.158 0.151 0.144 0.149
-9999 -9999 -9999 -9999 -9999 -9999 -9999 -9999 -9999 -9999 -9999 -9999 -9999 -9999 -9999 -9999 -9999 -9999 -9999 -9999 -9999 0.15 0.144 0.148 0.148 -9999 0.162 -9999 -9999 -9999 -9999 -9999 -9999 -9999 -9999 0.098 0.095 0.09 0.084 0.08 0.072 0.077 0.077 0.066 0.062 0.072 0.068 0.053 0.058 0.064 0.081 0.102 0.1 0.097 0.099 0.096 0.096 0.093 0.101 0.106 0.109 0.113 0.11 0.118 0.135 0.153 0.159 0.157 0.155 0.153 0.152 0.161 0.168 0.166 0.149 0.136 0.13
-9999 -9999 -9999 -9999 -9999 -9999 -9999 -9999 -9999 -9999 -9999 -9999 -9999 -9999 -9999 -9999 -9999 -9999 0.168 0.162 0.156 0.15 0.149 0.15 0.155 0.165 0.167 0.172 0.16 -9999 -9999 0.145 0.133 0.12 0.109 0.096 0.09 0.085 0.079 0.074 0.075 0.079 0.07 0.058 0.066 0.075 0.063 0.048 0.052 0.06 0.075 0.095 0.092 0.089 0.09 0.092 0.091 0.091 0.099 0.109 0.112 0.116 0.114 0.112 0.128 0.147 0.152 0.159 0.157 0.154 0.154 0.154 0.16 0.17 0.154 0.135 0.129
-9999 -9999 -9999 -9999 -9999 -9999 -9999 -9999 -9999 -9999 -9999 -9999 -9999 -9999 -9999 -9999 -9999 0.174 0.168 0.151 0.145 0.147 0.146 0.151 0.154 0.155 0.154 0.15 0.141 0.144 0.138 0.128 0.119 0.121 0.104 0.074 0.074 0.087 0.08 0.071 0.067 0.059 0.052 0.052 0.058 0.067 0.059 0.058 0.06 0.058 0.064 0.078 0.079 0.077 0.09 0.099 0.095 0.094 0.089 0.091 0.112 0.127 0.121 0.117 0.129 0.146 0.153 0.16 0.159 0.158 0.158 0.158 0.156 0.16 0.157 0.147 0.143
-9999 -9999 -9999 -9999 -9999 -9999 -9999 -9999 -9999 -9999 -9999 -9999 -9999 -9999 -9999 -9999 -9999 0.174 0.158 0.151 0.149 0.149 0.151 0.154 0.154 0.154 0.149 0.143 0.143 0.144 0.133 0.122 0.121 0.122 0.096 0.067 0.076 0.088 0.079 0.071 0.061 0.052 0.05 0.05 0.056 0.065 0.064 0.063 0.06 0.059 0.064 0.072 0.072 0.074 0.085 0.101 0.098 0.095 0.09 0.085 0.105 0.131 0.126 0.119 0.131 0.145 0.152 0.16 0.16 0.159 0.159 0.16 0.158 0.157 0.154 0.152 0.149
-9999 -9999 -9999 -9999 -9999 -9999 -9999 -9999 -9999 -9999 -9999 -9999 -9999 -9999 -9999 -9999 -9999 0.173 0.163 0.156 0.153 0.148 0.149 0.152 0.148 0.138 0.131 0.124 0.121 0.122 0.112 0.107 0.105 0.106 0.084 0.067 0.074 0.084 0.075 0.066 0.057 0.051 0.049 0.048 0.048 0.035 0.038 0.052 0.054 0.068 0.064 0.066 0.068 0.07 0.073 0.083 0.087 0.087 0.09 0.09 0.099 0.118 0.12 0.117 0.134 0.152 0.15 0.153 0.158 0.161 0.16 0.16 0.154 0.151 0.15 0.149 0.145
-9999 -9999 -9999 -9999 -9999 -9999 -9999 -9999 -9999 -9999 -9999 -9999 -9999 0.198 0.193 -9999 0.181 0.172 0.169 0.161 0.156 0.151 0.152 0.154 0.145 0.134 0.127 0.119 0.116 0.115 0.108 0.102 0.1 0.101 0.085 0.068 0.074 0.083 0.074 0.065 0.058 0.051 0.048 0.048 0.037 0.024 0.035 0.048 0.058 0.071 0.068 0.064 0.066 0.069 0.072 0.076 0.079 0.084 0.087 0.092 0.101 0.113 0.115 0.117 0.133 0.154 0.153 0.15 0.155 0.161 0.161 0.16 0.155 0.149 0.148 0.148 0.145
-9999 -9999 -9999 -9999 -9999 -9999 -9999 -9999 -9999 -9999 -9999 -9999 -9999 0.177 0.174 0.177 0.171 0.167 0.163 0.163 0.155 0.142 0.14 0.139 0.131 0.129 0.121 0.111 0.109 0.115 0.109 0.105 0.101 0.091 0.08 0.078 0.081 0.083 0.077 0.08 0.072 0.061 0.058 0.056 0.046 0.035 0.042 0.044 0.05 0.055 0.056 0.056 0.058 0.061 0.063 0.067 0.073 0.08 0.085 0.091 0.097 0.107 0.116 0.122 0.128 0.142 0.139 0.135 0.139 0.144 0.152 0.157 0.153 0.147 0.158 0.165 0.148
-9999 -9999 -9999 -9999 -9999 -9999 -9999 -9999 -9999 -9999 -9999 -9999 0.183 0.169 0.172 0.174 0.17 0.165 0.165 0.165 0.155 0.141 0.138 0.135 0.132 0.129 0.12 0.109 0.112 0.117 0.112 0.108 0.098 0.089 0.085 0.083 0.082 0.083 0.084 0.087 0.076 0.066 0.062 0.059 0.05 0.04 0.041 0.042 0.044 0.049 0.05 0.053 0.055 0.059 0.061 0.064 0.069 0.078 0.083 0.091 0.097 0.104 0.113 0.123 0.13 0.137 0.135 0.131 0.134 0.138 0.146 0.156 0.152 0.147 0.157 0.172 0.156
-9999 -9999 -9999 -9999 -9999 -9999 -9999 -9999 -9999 -9999 -9999 -9999 -9999 0.165 0.167 0.169 0.164 0.158 0.157 0.153 0.151 0.162 0.156 0.143 0.138 0.131 0.124 0.121 0.117 0.101 0.092 0.08 0.074 0.081 0.08 0.087 0.082 0.074 0.069 0.058 0.054 0.068 0.061 0.052 0.044 0.039 0.037 0.035 0.041 0.048 0.055 0.061 0.058 0.059 0.05 0.046 0.052 -9999 0.066 0.074 0.092 0.106 0.122 0.137 0.135 0.137 0.142 0.143 0.15 0.156 0.153 0.16 0.16 0.16 0.156 0.161 0.165
-9999 -9999 -9999 -9999 -9999 -9999 -9999 -9999 -9999 -9999 -9999 -9999 0.164 0.164 0.166 0.167 0.162 0.157 0.153 0.148 0.158 0.17 0.159 0.148 0.14 0.133 0.131 0.128 0.113 0.097 0.083 0.07 0.073 0.08 0.083 0.09 0.08 0.071 0.059 0.047 0.056 0.069 0.059 0.049 0.042 0.037 0.034 0.031 0.038 0.048 0.054 0.063 0.062 0.06 0.051 0.041 0.046 0.055 -9999 0.069 -9999 0.106 -9999 0.142 -9999 0.137 0.142 0.148 0.155 0.163 0.161 0.162 -9999 -9999 -9999 0.158 0.162
-9999 -9999 -9999 -9999 -9999 -9999 -9999 -9999 -9999 -9999 -9999 -9999 0.163 0.159 0.156 0.146 0.141 0.138 0.135 0.134 0.144 0.157 0.146 0.131 0.126 0.126 0.117 0.097 0.087 0.093 0.088 0.101 0.1 0.091 0.093 0.098 0.085 0.064 0.057 0.063 0.063 0.047 0.039 0.039 0.033 0.031 0.029 0.026 0.031 0.032 0.045 0.058 0.073 0.081 0.076 0.071 0.065 0.067 -9999 -9999 0.089 0.11 -9999 -9999 0.131 0.126 0.136 -9999 -9999 -9999 -9999 -9999 -9999 -9999 -9999 -9999 -9999
-9999 -9999 -9999 -9999 -9999 -9999 -9999 -9999 -9999 -9999 -9999 0.158 0.157 0.154 0.146 0.136 0.133 0.13 0.129 0.128 0.139 0.152 0.139 0.125 0.124 0.125 0.108 0.087 0.089 0.093 0.102 0.116 0.106 0.096 0.098 0.102 0.083 0.062 0.065 0.07 0.055 0.038 0.036 0.035 0.031 0.028 0.025 0.024 0.024 0.026 0.038 0.055 0.069 0.088 0.084 -9999 -9999 -9999 0.075 -9999 -9999 -9999 -9999 -9999 -9999 0.132 -9999 -9999 -9999 -9999 -9999 -9999 -9999 -9999 -9999 -9999 -9999
-9999 -9999 -9999 -9999 -9999 -9999 -9999 -9999 -9999 -9999 0.141 0.147 0.142 0.131 0.129 0.136 0.136 0.138 0.132 0.113 0.122 0.13 0.121 0.12 0.117 0.113 0.102 0.101 0.107 0.12 0.128 0.137 0.128 -9999 -9999 -9999 -9999 -9999 0.074 0.072 0.062 0.057 0.052 0.039 0.035 0.032 0.029 0.032 -9999 0.038 -9999 -9999 -9999 -9999 -9999 0.095 0.09 0.078 0.083 0.09 0.099 -9999 -9999 -9999 -9999 -9999 -9999 -9999 -9999 -9999 -9999 -9999 -9999 -9999 -9999 -9999 -9999
-9999 -9999 -9999 -9999 -9999 -9999 -9999 -9999 -9999 0.117 0.127 0.138 0.13 0.12 0.127 0.135 0.137 0.14 0.125 0.107 0.114 0.121 0.119 0.118 0.113 0.108 0.108 0.108 0.118 0.132 -9999 -9999 -9999 -9999 -9999 -9999 -9999 -9999 -9999 -9999 0.071 0.065 0.053 0.04 0.036 0.033 0.031 0.033 0.04 -9999 -9999 -9999 -9999 -9999 -9999 -9999 0.086 0.08 0.085 0.094 -9999 -9999 -9999 -9999 -9999 -9999 -9999 -9999 -9999 -9999 -9999 -9999 -9999 -9999 -9999 -9999 -9999
-9999 -9999 -9999 -9999 -9999 -9999 -9999 0.09 0.099 0.103 0.113 0.124 0.118 0.113 0.12 0.127 0.127 0.121 0.117 0.131 0.135 0.129 0.12 0.098 0.1 0.12 0.12 0.118 -9999 -9999 -9999 -9999 -9999 -9999 -9999 -9999 -9999 -9999 -9999 -9999 -9999 0.065 -9999 -9999 -9999 -9999 -9999 0.043 0.052 -9999 -9999 -9999 -9999 -9999 -9999 -9999 -9999 -9999 0.089 0.101 -9999 -9999 -9999 -9999 -9999 -9999 -9999 -9999 -9999 -9999 -9999 -9999 -9999 -9999 -9999 -9999 -9999
-9999 -9999 -9999 -9999 -9999 -9999 0.077 -9999 0.09 0.095 0.104 0.114 0.112 0.108 0.114 0.122 0.117 0.112 0.125 0.14 0.137 0.132 0.113 0.091 0.106 0.125 0.123 0.118 -9999 -9999 -9999 -9999 -9999 -9999 -9999 -9999 -9999 -9999 -9999 -9999 -9999 -9999 0.06 -9999 -9999 -9999 -9999 -9999 -9999 -9999 -9999 -9999 -9999 -9999 -9999 -9999 -9999 -9999 -9999 -9999 -9999 -9999 -9999 -9999 -9999 -9999 -9999 -9999 -9999 -9999 -9999 -9999 -9999 -9999 -9999 -9999 -9999
-9999 -9999 -9999 -9999 -9999 0.065 0.073 0.069 0.073 0.081 0.089 0.102 0.1 0.093 0.099 0.107 0.105 -9999 0.118 0.12 0.12 0.128 0.112 0.099 0.108 0.108 0.105 -9999 -9999 -9999 -9999 -9999 -9999 -9999 -9999 -9999 -9999 -9999 -9999 -9999 -9999 -9999 -9999 -9999 -9999 -9999 -9999 -9999 -9999 -9999 -9999 -9999 -9999 -9999 -9999 -9999 -9999 -9999 -9999 -9999 -9999 -9999 -9999 -9999 -9999 -9999 -9999 -9999 -9999 -9999 -9999 -9999 -9999 -9999 -9999 -9999 -9999
-9999 -9999 -9999 -9999 -9999 0.06 0.06 0.06 0.066 0.073 0.083 0.096 0.09 0.083 0.09 0.097 0.102 0.106 0.108 0.11 0.117 0.125 0.115 0.102 0.101 0.101 0.099 -9999 -9999 -9999 -9999 -9999 -9999 -9999 -9999 -9999 -9999 -9999 -9999 -9999 -9999 -9999 -9999 -9999 -9999 -9999 -9999 -9999 -9999 -9999 -9999 -9999 -9999 -9999 -9999 -9999 -9999 -9999 -9999 -9999 -9999 -9999 -9999 -9999 -9999 -9999 -9999 -9999 -9999 -9999 -9999 -9999 -9999 -9999 -9999 -9999 -9999
-9999 -9999 -9999 -9999 0.045 0.044 0.046 0.056 0.066 0.084 0.091 0.092 0.092 0.101 0.104 0.1 0.106 0.111 0.112 0.108 0.115 0.12 0.111 0.1 0.097 0.089 -9999 -9999 -9999 -9999 -9999 -9999 -9999 -9999 -9999 -9999 -9999 -9999 -9999 -9999 -9999 -9999 -9999 -9999 -9999 -9999 -9999 -9999 -9999 -9999 -9999 -9999 -9999 -9999 -9999 -9999 -9999 -9999 -9999 -9999 -9999 -9999 -9999 -9999 -9999 -9999 -9999 -9999 -9999 -9999 -9999 -9999 -9999 -9999 -9999 -9999 -9999
