Validation/Results/raw data/ReClimate_01_2024_1_Precipitation-Actuals.asc
NCOLS 192
NROWS 249
XLLCENTER -225160.85627316462
YLLCENTER 29788.11610251502
CELLSIZE 5000.0
NODATA_VALUE -9999
[rows 132 to 164 of 249, columns 74 to 147 of 192]
-9999 -9999 -9999 -9999 -9999 -9999 -9999 -9999 -9999 -9999 -9999 -9999 -9999 123.203 135.616 159.438 179.048 187.139 191.077 232.488 250.65 272.881 267.138 204.774 176.834 182.052 185.476 172.24 161.435 159.037 145.802 137.816 134.362 127.411 125.5 140.016 150.644 150.329 139.817 146.421 143.103 132.372 145.66 149.402 141.627 135.227 125.535 115.447 101.986 88.79 82.184 75.963 74.037 65.971 66.368 62.835 55.873 52.321 -9999 -9999 -9999 -9999 -9999 -9999 -9999 -9999 -9999 -9999 -9999 -9999 -9999 -9999 -9999 -9999
104.319 -9999 -9999 -9999 -9999 -9999 -9999 -9999 -9999 -9999 -9999 -9999 -9999 125.116 160.522 164.285 175.574 174.376 188.844 226.475 276.194 290.588 252.708 215.252 183.734 180.266 177.209 175.168 181.209 149.508 136.626 133.427 125.901 122.396 124.014 135.886 135.564 128.971 122.206 127.072 123.579 125.726 132.351 137.314 133.55 130.088 123.009 103.458 92.286 85.303 74.609 71.911 71.974 63.94 59.821 61.073 55.504 53.252 -9999 -9999 -9999 -9999 -9999 -9999 -9999 -9999 -9999 -9999 -9999 -9999 -9999 -9999 -9999 -9999
124.335 -9999 -9999 -9999 -9999 -9999 -9999 -9999 -9999 -9999 -9999 -9999 115.849 146.835 152.668 163.946 171.19 171.137 178.637 219.852 244.682 250.143 266.098 222.995 194.65 172.064 166.697 175.121 156.407 143.256 131.479 118.419 122.991 113.329 113.715 117.536 118.134 111.583 105.351 105.04 108.823 106.068 117.822 123.091 119.202 116.326 107.948 100.691 91.161 82.902 69.929 62.658 65.339 63.563 58.68 56.817 56.277 53.776 50.241 -9999 -9999 -9999 -9999 -9999 -9999 -9999 -9999 -9999 -9999 -9999 -9999 -9999 -9999 -9999
115.81 -9999 -9999 -9999 -9999 -9999 -9999 -9999 -9999 -9999 -9999 108.382 -9999 133.893 150.818 157.446 161.624 153.535 153.538 167.309 182.103 233.327 259.372 226.496 186.624 158.952 151.597 146.353 143.594 141.828 137.688 131.177 125.438 103.819 97.967 98.009 98.094 91.649 85.713 87.965 89.771 95.343 97.162 96.881 102.394 103.346 95.839 87.155 81.196 67.282 68.524 68.371 61.446 59.811 56.496 55.087 55.065 53.755 51.137 -9999 -9999 -9999 -9999 -9999 -9999 -9999 -9999 -9999 -9999 -9999 -9999 -9999 -9999 -9999
114.38 105.275 -9999 -9999 -9999 -9999 -9999 -9999 -9999 -9999 -9999 108.216 -9999 121.859 128.804 130.696 134.071 135.333 137.821 137.409 155.779 202.59 217.424 203.239 177.143 153.605 141.389 134.13 143.955 155.506 163.53 -9999 -9999 -9999 -9999 -9999 -9999 80.766 76.161 78.34 81.531 80.694 79.054 94.452 106.194 96.198 84.545 85.928 74.438 73.952 73.613 62.9 61.394 57.157 59.466 53.103 50.683 49.874 50.351 47.598 -9999 -9999 -9999 -9999 -9999 -9999 -9999 -9999 -9999 -9999 -9999 -9999 -9999 -9999
116.46 107.699 93.475 -9999 -9999 -9999 -9999 -9999 -9999 -9999 -9999 106.186 106.042 104.275 106.496 115.88 121.294 129.643 130.581 127.895 142.14 173.867 198.575 186.733 174.889 154.218 141.236 148.038 139.703 150.02 140.578 -9999 -9999 -9999 -9999 78.947 78.021 75.751 73.891 72.579 75.524 77.487 90.001 111.017 119.452 102.221 96.342 81.133 69.236 80.778 71.298 66.656 64.845 61.267 57.277 62.066 57.086 49.472 50.09 45.762 -9999 -9999 -9999 -9999 -9999 -9999 -9999 -9999 -9999 -9999 -9999 -9999 -9999 -9999
107.456 101.742 97.501 89.191 -9999 -9999 -9999 -9999 -9999 -9999 -9999 100.717 94.035 93.182 -9999 -9999 110.896 117.354 121.623 123.868 -9999 138.867 153.325 156.04 154.053 137.851 142.544 138.849 131.459 -9999 -9999 -9999 -9999 -9999 81.609 78.625 77.187 73.104 74.074 71.767 72.923 83.202 100.043 128.741 141.49 128.358 123.654 96.102 97.517 86.607 83.058 80.122 70.333 70.002 62.276 58.161 57.558 54.588 49.251 46.482 -9999 -9999 -9999 -9999 -9999 -9999 -9999 -9999 -9999 -9999 -9999 -9999 -9999 -9999
97.038 99.176 99.803 87.374 -9999 -9999 -9999 -9999 -9999 -9999 -9999 -9999 91.562 85.554 -9999 -9999 -9999 105.309 110.617 114.61 110.604 -9999 -9999 126.31 122.189 122.345 140.474 141.32 -9999 -9999 -9999 -9999 -9999 97.658 84.671 80.216 77.726 77.886 75.914 71.367 78.283 91.775 104.669 126.478 135.712 151.007 133.907 129.837 123.603 120.102 104.952 96.062 87.826 73.069 62.499 61.72 56.904 54.625 53.326 50.342 -9999 -9999 -9999 -9999 -9999 -9999 -9999 -9999 -9999 -9999 -9999 -9999 -9999 -9999
85.495 89.581 88.137 -9999 -9999 -9999 -9999 -9999 -9999 -9999 -9999 -9999 -9999 82.923 -9999 -9999 -9999 -9999 100.496 109.8 107.829 -9999 -9999 -9999 120.225 123.853 -9999 -9999 -9999 -9999 -9999 -9999 -9999 93.454 89.219 94.704 92.713 94.662 92.603 89.555 86.58 89.93 100.346 104.64 122.586 135.508 145.573 153.222 146.73 133.468 109.906 105.245 96.835 78.436 66.459 63.787 58.971 52.644 54.876 51.399 -9999 -9999 -9999 -9999 -9999 -9999 -9999 -9999 -9999 -9999 -9999 -9999 -9999 -9999
83.423 83.869 -9999 -9999 -9999 -9999 -9999 -9999 -9999 -9999 -9999 -9999 -9999 88.631 -9999 -9999 -9999 -9999 -9999 101.114 103.215 -9999 -9999 -9999 -9999 -9999 -9999 -9999 -9999 -9999 -9999 -9999 -9999 91.556 106.317 107.677 111.434 116.543 124.175 110.239 91.827 94.423 94.046 106.81 131.692 158.531 173.066 169.015 155.641 123.575 112.84 97.059 85.015 79.35 72.235 65.167 58.159 53.476 56.429 56.87 48.355 -9999 -9999 -9999 -9999 -9999 -9999 -9999 -9999 -9999 -9999 -9999 -9999 -9999
77.892 -9999 80.561 79.978 76.67 68.97 -9999 -9999 -9999 -9999 -9999 -9999 -9999 87.053 -9999 -9999 -9999 -9999 -9999 -9999 -9999 -9999 -9999 -9999 -9999 -9999 -9999 -9999 -9999 -9999 -9999 -9999 98.456 99.076 114.418 113.873 120.98 156.428 154.343 144.556 120.733 99.86 96.768 87.353 115.026 160.698 184.872 175.417 154.943 159.306 149.209 121.085 97.35 75.256 69.735 65.952 60.404 56.46 55.696 56.769 53.204 47.155 -9999 -9999 -9999 -9999 -9999 -9999 -9999 -9999 -9999 -9999 -9999 -9999
75.773 77.363 78.032 75.015 69.765 67.707 -9999 -9999 -9999 -9999 -9999 -9999 -9999 -9999 -9999 -9999 -9999 -9999 -9999 -9999 -9999 -9999 -9999 -9999 -9999 -9999 -9999 -9999 -9999 -9999 -9999 114.695 105.618 120.913 132.061 143.398 172.617 216.032 201.295 162.713 131.538 112.153 86.419 84.291 105.498 147.311 181.436 166.746 159.602 151.899 141.531 118.847 97.842 84.481 71.024 63.844 56.851 53.704 51.036 52.494 49.412 45.362 -9999 -9999 -9999 -9999 -9999 -9999 -9999 -9999 -9999 -9999 -9999 -9999
73.61 76.212 76.328 72.394 -9999 63.71 63.77 -9999 -9999 -9999 -9999 -9999 -9999 -9999 -9999 -9999 -9999 -9999 -9999 -9999 -9999 -9999 -9999 -9999 -9999 -9999 -9999 -9999 -9999 -9999 -9999 123.616 121.127 138.677 175.417 203.262 209.921 200.28 204.567 188.778 162.277 135.289 110.837 99.019 100.271 125.281 141.766 161.746 143.098 136.518 118.57 101.997 80.885 72.217 62.828 59.084 54.456 52.01 48.55 47.996 46.103 42.143 40.893 42.045 -9999 -9999 -9999 -9999 -9999 -9999 -9999 -9999 -9999 -9999
74.343 77.643 76.734 70.89 -9999 -9999 63.572 -9999 -9999 -9999 -9999 -9999 -9999 -9999 -9999 -9999 -9999 -9999 -9999 -9999 -9999 -9999 -9999 -9999 -9999 -9999 -9999 -9999 -9999 -9999 -9999 131.733 136.274 164.716 209.743 239.893 237.444 254.135 253.179 226.9 207.96 190.015 151.631 126.828 109.997 91.042 111.23 117.496 107.669 118.092 111.648 93.678 77.833 67.766 59.782 51.847 53.541 48.805 46.157 45.093 44.412 45.419 50.869 50.781 51.221 50.208 59.001 -9999 -9999 -9999 -9999 -9999 -9999 -9999
74.2 76.928 76.782 72.62 64.137 -9999 63.565 -9999 -9999 -9999 -9999 -9999 -9999 -9999 -9999 -9999 -9999 -9999 -9999 -9999 -9999 -9999 -9999 -9999 -9999 -9999 -9999 -9999 -9999 -9999 106.282 135.92 157.807 206.572 284.582 330.066 337.13 283.455 272.962 276.355 276.625 237.336 208.798 172.672 125.777 102.624 112.061 96.665 102.505 116.906 106.101 90.892 83.1 69.626 62.408 57.038 53.312 49.209 40.576 40.954 44.809 46.585 53.882 67.66 65.67 65.283 63.42 61.644 64.905 -9999 -9999 -9999 -9999 -9999
80.048 79.212 80.275 73.022 -9999 64.202 -9999 -9999 -9999 -9999 -9999 -9999 -9999 -9999 -9999 -9999 -9999 -9999 -9999 -9999 -9999 -9999 -9999 -9999 -9999 -9999 -9999 -9999 -9999 -9999 -9999 108.285 142.876 198.108 260.868 308.541 371.683 388.32 293.698 281.027 257.696 265.452 240.966 185.381 145.732 130.387 122.744 121.205 144.102 131.624 124.699 119.088 105.328 83.716 69.904 63.392 55.623 51.17 47.097 44.907 46.859 52.239 59.28 70.072 69.642 69.812 71.213 68.952 67.565 66.097 -9999 -9999 -9999 -9999
92.198 82.127 76.874 71.12 69.326 68.729 -9999 -9999 -9999 -9999 -9999 -9999 -9999 -9999 -9999 -9999 -9999 -9999 -9999 -9999 -9999 -9999 -9999 -9999 -9999 -9999 -9999 -9999 -9999 -9999 -9999 -9999 111.66 154.167 193.694 274.418 347.946 311.05 258.928 222.596 227.1 231.999 201.169 182.262 173.186 156.812 149.238 167.379 160.577 154.93 157.627 140.322 115.143 98.112 79.039 67.594 56.893 50.197 48.671 49.819 51.39 63.116 68.638 85.23 96.112 88.762 90.165 75.212 72.315 68.557 63.161 -9999 -9999 -9999
94.322 82.505 75.17 67.909 70.55 -9999 -9999 -9999 -9999 -9999 -9999 -9999 -9999 -9999 -9999 -9999 -9999 -9999 -9999 -9999 -9999 -9999 -9999 -9999 -9999 -9999 -9999 -9999 -9999 -9999 -9999 -9999 99.986 133.242 172.181 223.26 278.8 280.59 224.842 202.86 184.787 172.692 162.99 155.665 166.253 189.677 180.657 184.776 187.079 165.436 137.814 136.333 110.819 98.112 85.552 67.117 57.732 52.984 49.943 54.266 62.587 70.472 81.778 84.863 90.904 90.977 95.127 90.658 78.253 76.608 69.294 58.494 -9999 -9999
109.926 94.772 79.286 71.158 65.26 -9999 -9999 -9999 -9999 -9999 -9999 -9999 -9999 -9999 -9999 -9999 -9999 -9999 -9999 -9999 -9999 -9999 -9999 -9999 -9999 -9999 -9999 -9999 -9999 -9999 -9999 -9999 -9999 123.637 152.106 192.722 225.212 200.279 194.076 167.428 157.641 150.101 136.101 137.77 160.296 175.409 196.141 189.72 183.19 159.264 154.449 135.459 119.146 94.586 82.036 65.216 60.011 58.599 51.227 55.872 66.569 72.196 80.849 90.481 93.196 88.158 86.808 85.162 84.891 79.109 78.039 64.636 -9999 -9999
124.896 -9999 -9999 -9999 -9999 -9999 -9999 -9999 -9999 -9999 -9999 -9999 -9999 -9999 -9999 -9999 -9999 -9999 -9999 -9999 -9999 -9999 -9999 -9999 -9999 -9999 -9999 -9999 -9999 -9999 -9999 -9999 -9999 112.565 147.546 162.605 160.649 168.093 146.097 162.332 156.96 128.53 128.499 131.458 150.693 200.03 193.619 194.859 176.78 179.832 146.444 126.856 110.345 96.676 79.589 67.74 57.676 55.063 56.712 54.503 65.139 74.215 77.415 80.645 80.882 76.256 78.942 77.974 80.915 79.975 71.821 67.633 55.071 -9999
143.166 -9999 -9999 -9999 -9999 -9999 -9999 -9999 -9999 -9999 -9999 -9999 -9999 -9999 -9999 -9999 -9999 -9999 -9999 -9999 -9999 -9999 -9999 -9999 -9999 -9999 -9999 -9999 -9999 -9999 -9999 -9999 -9999 -9999 126.761 124.808 133.686 138.068 137.592 134.638 114.203 114.476 117.31 123.082 147.43 176.39 202.438 196.552 196.415 179.848 170.62 159.914 135.644 118.783 97.845 78.905 63.871 63.955 57.38 55.416 56.225 65.961 73.703 72.205 65.324 60.935 57.11 59.716 60.251 61.277 59.752 58.948 55.037 -9999
107.859 -9999 -9999 -9999 -9999 -9999 -9999 -9999 -9999 -9999 -9999 -9999 -9999 -9999 -9999 -9999 -9999 -9999 -9999 -9999 -9999 -9999 -9999 -9999 -9999 -9999 -9999 -9999 -9999 -9999 -9999 -9999 -9999 -9999 109.296 -9999 110.385 110.811 111.995 106.658 -9999 106.03 113.645 119.472 133.705 172.308 191.752 187.365 185.626 174.745 171.65 181.941 158.36 129.763 111.357 93.854 73.453 62.54 59.012 50.758 54.54 57.791 61.655 63.121 60.388 54.325 52.401 50.632 53.992 54.255 55.419 62.646 63.18 57.477
-9999 -9999 -9999 -9999 -9999 -9999 -9999 -9999 -9999 -9999 -9999 -9999 -9999 -9999 -9999 -9999 -9999 -9999 -9999 -9999 -9999 -9999 -9999 -9999 -9999 -9999 -9999 -9999 -9999 -9999 -9999 -9999 -9999 -9999 -9999 100.223 98.597 -9999 -9999 -9999 -9999 97.115 102.826 105.044 118.442 129.719 134.502 149.964 161.181 163.163 159.108 161.245 167.37 140.445 116.317 97.459 80.917 65.619 56.937 49.966 50.37 55.425 58.698 61.23 58.949 57.878 54.153 51.144 52.965 59.96 60.31 61.686 63.749 62.988
-9999 -9999 -9999 -9999 -9999 -9999 -9999 -9999 -9999 -9999 -9999 -9999 -9999 -9999 -9999 -9999 -9999 -9999 -9999 -9999 -9999 -9999 -9999 -9999 -9999 -9999 -9999 -9999 -9999 -9999 -9999 -9999 -9999 -9999 -9999 91.561 91.021 -9999 -9999 -9999 -9999 90.72 107.547 98.224 105.109 111.005 124.68 123.357 129.786 152.097 150.008 141.611 149.764 138.538 124.256 101.366 83.481 65.91 55.855 50.335 47.389 48.364 52.756 56.183 57.708 61.596 58.394 55.943 56.319 62.746 68.907 69.204 66.691 61.271
-9999 -9999 -9999 -9999 -9999 -9999 -9999 -9999 -9999 -9999 -9999 -9999 -9999 -9999 -9999 -9999 -9999 -9999 -9999 -9999 -9999 -9999 -9999 -9999 -9999 -9999 -9999 -9999 -9999 -9999 -9999 -9999 -9999 -9999 -9999 87.376 -9999 -9999 -9999 -9999 85.936 97.402 105.559 117.796 130.662 142.783 134.343 112.514 133.436 143.525 126.112 130.756 127.64 123.79 116.072 100.83 80.4 65.736 56.423 52.389 48.823 46.868 48.441 51.588 53.46 56.026 63.058 66.753 66.673 66.717 68.132 66.414 62.814 59.053
-9999 -9999 -9999 -9999 -9999 -9999 -9999 -9999 -9999 -9999 -9999 -9999 -9999 -9999 -9999 -9999 -9999 -9999 -9999 -9999 -9999 -9999 -9999 -9999 -9999 -9999 -9999 -9999 -9999 -9999 -9999 -9999 -9999 -9999 -9999 -9999 -9999 -9999 -9999 -9999 82.066 94.356 108.385 139.318 161.821 167.101 140.057 122.923 116.893 114.614 108.059 114.27 119.217 114.716 110.367 98.363 80.705 69.675 62.875 54.859 49.058 46.976 47.57 49.083 51.024 54.294 58.366 69.117 75.193 65.847 63.843 58.611 55.476 53.523
-9999 -9999 -9999 -9999 -9999 -9999 -9999 -9999 -9999 -9999 -9999 -9999 -9999 -9999 -9999 -9999 -9999 -9999 -9999 -9999 -9999 -9999 -9999 -9999 -9999 -9999 -9999 -9999 -9999 -9999 -9999 -9999 -9999 -9999 -9999 -9999 -9999 -9999 -9999 -9999 79.858 86.534 114.443 148.318 174.113 162.667 136.954 112.799 108.893 103.12 94.946 94.709 91.952 99.156 95.943 89.197 77.612 67.3 61.775 55.965 51.06 48.948 48.54 47.358 47.748 51.54 55.52 61.065 67.127 64.068 59.394 63.695 56.159 51.81
-9999 -9999 -9999 -9999 -9999 -9999 -9999 -9999 -9999 -9999 -9999 -9999 -9999 -9999 -9999 -9999 -9999 -9999 -9999 -9999 -9999 -9999 -9999 -9999 -9999 -9999 -9999 -9999 -9999 -9999 -9999 -9999 -9999 -9999 -9999 -9999 -9999 -9999 -9999 75.272 77.438 84.643 110.207 150.924 168.392 146.119 130.305 102.669 100.925 100.412 94.812 93.228 96.295 87.723 84.093 75.878 70.608 60.22 56.874 52.813 49.783 49.442 47.497 46.269 45.985 47.73 51.813 55.541 59.708 58.7 56.903 53.795 56.182 51.707
-9999 -9999 -9999 -9999 -9999 -9999 -9999 -9999 -9999 -9999 -9999 -9999 -9999 -9999 -9999 -9999 -9999 -9999 -9999 -9999 -9999 -9999 -9999 -9999 -9999 -9999 -9999 -9999 -9999 -9999 -9999 -9999 -9999 -9999 -9999 -9999 -9999 -9999 -9999 76.952 76.021 84.568 101.87 128.854 118.66 119.93 104.779 107.238 120.56 104.146 100.01 97.981 92.772 89.314 80.137 77.011 73.186 67.088 57.14 53.432 50.018 47.843 46.289 44.98 44.643 45.507 48.329 51.813 52.563 55.074 54.885 53.206 50.348 50.087
-9999 -9999 -9999 -9999 -9999 -9999 -9999 -9999 -9999 -9999 -9999 -9999 -9999 -9999 -9999 -9999 -9999 -9999 -9999 -9999 -9999 -9999 -9999 -9999 -9999 -9999 -9999 -9999 -9999 -9999 -9999 -9999 -9999 -9999 -9999 -9999 -9999 -9999 74.879 73.028 74.19 78.786 93.554 96.839 98.905 101.001 100.65 104.629 104.896 99.339 98.903 108.848 101.048 83.415 79.94 73.988 68.61 64.557 61.746 54.412 51.257 48.348 45.684 45.42 44.859 44.214 48.075 51.307 52.337 54.024 57.093 54.654 51.978 50.855
-9999 -9999 -9999 -9999 -9999 -9999 -9999 -9999 -9999 -9999 -9999 -9999 -9999 -9999 -9999 -9999 -9999 -9999 -9999 -9999 -9999 -9999 -9999 -9999 -9999 -9999 -9999 -9999 -9999 -9999 -9999 -9999 -9999 -9999 -9999 -9999 -9999 -9999 70.397 69.957 69.886 75.956 81.881 84.035 88.888 95.852 96.547 96.333 99.048 102.692 128.172 124.431 111.731 95.083 80.749 75.161 65.939 57.559 57.053 55.679 50.482 47.375 46.192 44.365 44.643 44.377 43.702 45.678 48.247 53.684 60.081 55.674 51.216 50.705
-9999 -9999 -9999 -9999 -9999 -9999 -9999 -9999 -9999 -9999 -9999 -9999 -9999 -9999 -9999 -9999 -9999 -9999 -9999 -9999 -9999 -9999 -9999 -9999 -9999 -9999 -9999 -9999 -9999 -9999 -9999 -9999 -9999 -9999 -9999 -9999 -9999 -9999 69.871 68.456 71.704 74.749 76.489 79.26 85.021 96.177 102.186 105.738 114.853 128.476 135.555 124.447 108.343 92.707 79.743 73.612 67.315 59.061 54.255 51.397 48.251 45.461 44.664 44.519 44.331 45.084 45.128 44.161 44.389 48.949 54.145 55.536 51.898 50.36
-9999 -9999 -9999 -9999 -9999 -9999 -9999 -9999 -9999 -9999 -9999 -9999 -9999 -9999 -9999 -9999 -9999 -9999 -9999 -9999 -9999 -9999 -9999 -9999 -9999 -9999 -9999 -9999 -9999 -9999 -9999 -9999 -9999 -9999 -9999 -9999 -9999 -9999 -9999 66.814 68.093 70.439 70.755 79.527 98.227 112.013 118.677 128.311 123.387 137.551 129.089 120.894 105.044 83.676 75.36 64.445 62.19 56.422 51.797 50.039 46.562 44.519 44.094 43.243 41.191 43.374 45.13 43.906 39.85 44.257 49.359 50.082 -9999 48.232
