Validation/Results/raw data/ReClimate_04_2024_2weatherlogisticsltd.asc
NCOLS 192
NROWS 249
XLLCENTER -225160.85627316462
YLLCENTER 29788.11610251502
CELLSIZE 5000.0
NODATA_VALUE -9999
[rows 198 to 230 of 249, columns 74 to 147 of 192]
-9999 -9999 -9999 -9999 -9999 -9999 -9999 -9999 -9999 -9999 -9999 -9999 -9999 -9999 -9999 -9999 -9999 -9999 118.971 118.933 118.901 118.873 118.848 118.826 118.807 118.79 118.777 118.77 118.774 118.784 118.795 118.804 118.808 118.803 118.781 118.771 118.776 118.791 118.806 118.824 118.843 118.87 118.895 118.917 118.938 118.957 118.974 118.944 118.788 118.628 118.469 118.302 118.174 118.051 117.925 117.796 117.661 117.524 117.39 117.256 117.116 116.995 116.88 116.755 116.624 116.481 116.329 116.168 115.996 115.807 115.607 115.397 115.184 115.058
-9999 -9999 -9999 -9999 -9999 -9999 -9999 -9999 -9999 -9999 -9999 -9999 -9999 -9999 -9999 119.15 119.169 119.146 119.104 119.067 119.034 119.004 118.978 118.955 118.934 118.919 118.913 118.919 118.926 118.935 118.945 118.955 118.965 118.96 118.943 118.931 118.926 118.939 118.953 118.967 118.984 119.002 119.025 119.048 119.068 119.086 119.086 118.969 118.797 118.623 118.444 118.26 118.088 117.944 117.807 117.664 117.516 117.36 117.196 117.036 116.872 116.709 116.569 116.427 116.278 116.121 115.955 115.777 115.585 115.38 115.161 114.934 114.707 114.558
-9999 -9999 -9999 -9999 -9999 -9999 -9999 -9999 -9999 -9999 -9999 -9999 -9999 119.172 119.199 119.258 119.291 119.291 119.246 119.205 119.168 119.136 119.108 119.083 119.065 119.062 119.064 119.069 119.075 119.083 119.092 119.101 119.106 119.097 119.083 119.067 119.065 119.075 119.097 119.111 119.124 119.14 119.156 119.176 119.195 119.209 119.155 118.979 118.802 118.626 118.445 118.258 118.068 117.88 117.717 117.561 117.399 117.226 117.04 116.84 116.634 116.429 116.255 116.099 115.937 115.766 115.586 115.397 115.194 114.978 114.752 114.514 114.274 114.088
-9999 -9999 -9999 -9999 -9999 -9999 -9999 -9999 -9999 119.263 119.264 119.267 119.269 119.269 119.307 119.359 119.402 119.41 119.391 119.345 119.305 119.27 119.24 119.218 119.214 119.213 119.214 119.217 119.222 119.228 119.233 119.237 119.235 119.223 119.209 119.196 119.188 119.192 119.208 119.231 119.254 119.274 119.291 119.306 119.32 119.307 119.177 118.997 118.818 118.638 118.454 118.263 118.07 117.872 117.666 117.469 117.282 117.093 116.893 116.679 116.451 116.207 115.982 115.795 115.611 115.425 115.233 115.03 114.816 114.592 114.358 114.118 113.879 113.689
-9999 -9999 -9999 -9999 -9999 -9999 -9999 -9999 119.355 119.362 119.364 119.364 119.364 119.373 119.414 119.459 119.498 119.525 119.523 119.49 119.445 119.407 119.381 119.373 119.367 119.363 119.362 119.361 119.361 119.361 119.362 119.365 119.36 119.345 119.33 119.317 119.305 119.301 119.307 119.331 119.357 119.385 119.407 119.418 119.419 119.365 119.191 119.008 118.825 118.639 118.45 118.252 118.051 117.845 117.633 117.411 117.184 116.965 116.751 116.53 116.295 116.042 115.769 115.538 115.335 115.121 114.897 114.674 114.45 114.217 113.981 113.754 113.528 113.337
-9999 -9999 -9999 -9999 -9999 -9999 -9999 119.453 119.459 119.465 119.469 119.471 119.472 119.485 119.52 119.56 119.595 119.627 119.641 119.633 119.591 119.556 119.54 119.527 119.515 119.506 119.499 119.493 119.489 119.488 119.488 119.489 119.48 119.463 119.448 119.434 119.422 119.41 119.41 119.421 119.454 119.483 119.497 119.503 119.49 119.37 119.183 118.997 118.81 118.621 118.428 118.228 118.021 117.81 117.593 117.368 117.134 116.89 116.642 116.395 116.147 115.887 115.606 115.321 115.083 114.853 114.612 114.357 114.106 113.87 113.642 113.42 113.2 113.008
-9999 -9999 -9999 -9999 -9999 119.91 -9999 119.557 119.561 119.563 119.565 119.564 119.563 119.574 119.609 119.647 119.68 119.709 119.735 119.74 119.736 119.71 119.687 119.668 119.652 119.639 119.628 119.621 119.615 119.612 119.61 119.609 119.598 119.579 119.562 119.547 119.534 119.524 119.522 119.531 119.54 119.555 119.569 119.575 119.527 119.363 119.168 118.979 118.79 118.598 118.403 118.2 117.991 117.777 117.557 117.329 117.091 116.845 116.589 116.322 116.044 115.755 115.452 115.142 114.853 114.596 114.345 114.095 113.837 113.571 113.327 113.103 112.882 112.687
-9999 -9999 -9999 -9999 -9999 -9999 -9999 -9999 -9999 119.656 119.652 119.649 119.644 119.654 119.685 119.72 119.751 119.778 119.801 119.829 119.851 119.857 119.829 119.805 119.786 119.77 119.757 119.747 119.739 119.734 119.731 119.727 119.712 119.692 119.674 119.659 119.648 119.645 119.641 119.631 119.62 119.616 119.625 119.625 119.549 119.355 119.156 118.962 118.771 118.577 118.379 118.176 117.964 117.747 117.524 117.292 117.052 116.803 116.545 116.276 115.993 115.691 115.367 115.019 114.689 114.381 114.109 113.853 113.596 113.329 113.061 112.802 112.566 112.372
-9999 -9999 -9999 -9999 -9999 -9999 -9999 -9999 -9999 119.748 119.74 119.733 119.726 119.732 119.758 119.79 119.818 119.843 119.868 119.91 119.951 119.968 119.972 119.944 119.92 119.901 119.885 119.872 119.862 119.854 119.85 119.843 119.826 119.804 119.785 119.774 119.768 119.762 119.747 119.722 119.699 119.684 119.672 119.661 119.548 119.348 119.146 118.946 118.753 118.558 118.358 118.153 117.94 117.72 117.493 117.258 117.015 116.764 116.504 116.232 115.947 115.645 115.317 114.96 114.611 114.297 113.985 113.708 113.436 113.163 112.893 112.625 112.351 112.15
-9999 -9999 -9999 -9999 -9999 -9999 -9999 119.856 119.855 119.841 119.829 -9999 119.809 119.81 119.831 119.86 119.885 119.91 -9999 119.99 120.029 120.063 120.078 120.081 120.056 120.032 120.013 119.997 119.984 119.974 119.967 119.958 119.939 119.916 119.903 119.893 119.884 119.868 119.838 119.81 119.784 119.757 119.735 119.688 119.545 119.345 119.14 118.938 118.738 118.541 118.34 118.133 117.919 117.696 117.466 117.228 116.982 116.729 116.465 116.191 115.904 115.599 115.267 114.916 114.564 114.244 113.927 113.617 113.33 113.054 112.785 112.516 112.243 112.014
-9999 -9999 -9999 -9999 -9999 -9999 -9999 119.949 -9999 -9999 -9999 119.905 119.892 119.889 -9999 -9999 -9999 -9999 -9999 120.067 120.105 120.137 120.167 120.18 120.183 120.165 120.142 120.123 120.107 120.094 120.085 120.073 120.054 120.036 120.022 120.011 119.994 119.959 119.927 119.896 119.866 119.836 119.805 119.733 119.557 119.346 119.141 118.933 118.728 118.528 118.325 118.116 117.9 117.675 117.441 117.2 116.952 116.696 116.43 116.152 115.86 115.548 115.222 114.874 114.521 114.193 113.875 113.542 113.234 112.954 112.686 112.415 112.144 111.928
-9999 -9999 -9999 -9999 -9999 -9999 -9999 -9999 -9999 120.029 120.01 119.992 119.977 119.968 -9999 -9999 -9999 -9999 -9999 -9999 -9999 -9999 120.237 120.262 120.275 120.281 120.273 120.25 120.231 120.215 120.203 120.19 120.176 120.157 120.141 120.122 120.086 120.049 120.014 119.981 119.949 119.917 119.884 119.789 119.589 119.369 119.149 118.935 118.725 118.518 118.313 118.103 117.885 117.657 117.42 117.177 116.926 116.667 116.397 116.113 115.813 115.503 115.178 114.837 114.479 114.143 113.823 113.487 113.149 112.856 112.582 112.308 112.036 111.835
-9999 -9999 -9999 -9999 -9999 -9999 -9999 -9999 -9999 -9999 120.121 -9999 -9999 -9999 -9999 -9999 -9999 -9999 -9999 -9999 120.253 120.28 120.305 120.328 120.35 120.366 120.372 120.373 120.357 120.337 120.323 120.315 120.3 120.278 120.256 120.22 120.178 120.138 120.102 120.067 120.032 119.998 119.964 -9999 119.639 119.41 119.184 118.956 118.728 118.514 118.306 118.094 117.872 117.641 117.402 117.156 116.903 116.641 116.363 116.071 115.772 115.462 115.141 114.801 114.439 114.096 113.773 113.433 113.084 112.763 112.477 112.196 111.929 111.74
-9999 -9999 -9999 -9999 -9999 -9999 -9999 -9999 -9999 -9999 -9999 -9999 -9999 -9999 -9999 -9999 -9999 -9999 -9999 -9999 120.326 120.351 120.373 120.393 -9999 -9999 -9999 120.456 120.461 120.461 120.451 120.443 120.426 120.399 120.365 120.314 120.269 120.228 120.19 120.153 120.117 120.082 -9999 119.926 119.698 119.467 119.235 119.0 118.765 118.533 118.306 118.088 117.862 117.629 117.388 117.14 116.879 116.607 116.325 116.033 115.735 115.429 115.109 114.768 114.403 114.054 113.728 113.384 113.032 112.683 112.374 112.081 111.823 111.672
-9999 -9999 -9999 -9999 -9999 -9999 -9999 -9999 -9999 -9999 -9999 -9999 -9999 -9999 -9999 -9999 -9999 -9999 -9999 -9999 -9999 -9999 -9999 -9999 -9999 -9999 -9999 120.52 120.535 120.543 120.558 120.568 120.554 120.518 120.463 120.409 120.362 120.32 120.28 120.242 -9999 -9999 120.13 119.999 119.765 119.531 119.298 119.061 118.82 118.577 118.34 118.102 117.862 117.621 117.372 117.114 116.849 116.573 116.288 116.001 115.707 115.402 115.08 114.738 114.373 114.019 113.69 113.343 112.988 112.626 112.297 112.008 111.78 111.661
-9999 -9999 -9999 -9999 -9999 -9999 -9999 -9999 -9999 -9999 -9999 -9999 -9999 -9999 -9999 -9999 -9999 -9999 -9999 -9999 -9999 -9999 -9999 -9999 -9999 -9999 -9999 120.574 120.591 120.612 120.634 120.649 120.647 120.616 120.561 120.505 120.454 -9999 -9999 -9999 -9999 -9999 120.216 120.078 119.84 119.604 119.368 119.129 118.887 118.64 118.394 118.147 117.89 117.631 117.37 117.1 116.824 116.541 116.259 115.975 115.683 115.378 115.056 114.714 114.348 113.998 113.676 113.341 113.0 112.655 112.309 112.003 111.768 111.689
-9999 -9999 -9999 -9999 -9999 -9999 -9999 -9999 -9999 -9999 -9999 -9999 -9999 -9999 -9999 -9999 -9999 -9999 -9999 -9999 -9999 -9999 -9999 -9999 -9999 -9999 -9999 -9999 -9999 120.671 120.692 120.711 120.712 120.673 120.619 120.571 -9999 -9999 -9999 -9999 120.392 120.353 120.308 120.167 119.925 119.685 119.444 119.198 118.948 118.69 118.429 118.172 117.917 117.658 117.393 117.122 116.844 116.563 116.28 115.997 115.705 115.401 115.081 114.744 114.387 114.042 113.725 113.398 113.066 112.732 112.386 112.089 111.888 111.798
-9999 -9999 -9999 -9999 -9999 -9999 -9999 -9999 -9999 -9999 -9999 -9999 -9999 -9999 -9999 -9999 -9999 -9999 -9999 -9999 -9999 -9999 -9999 -9999 -9999 -9999 -9999 -9999 -9999 -9999 120.752 120.769 120.763 120.717 120.668 -9999 -9999 -9999 -9999 120.473 120.447 120.409 120.364 120.225 119.979 119.735 119.487 119.238 118.983 118.717 118.452 118.193 117.942 117.686 117.424 117.156 116.881 116.605 116.329 116.047 115.757 115.455 115.138 114.806 114.453 114.117 113.807 113.485 113.16 112.835 112.5 112.226 112.063 111.985
-9999 -9999 -9999 -9999 -9999 -9999 -9999 -9999 -9999 -9999 -9999 -9999 -9999 -9999 -9999 -9999 -9999 -9999 -9999 -9999 -9999 -9999 -9999 -9999 -9999 -9999 -9999 -9999 -9999 -9999 -9999 -9999 -9999 -9999 -9999 -9999 -9999 -9999 120.548 120.52 120.483 120.442 120.398 120.26 120.02 119.773 119.524 119.272 119.01 118.745 118.479 118.221 117.971 117.718 117.459 117.195 116.925 116.653 116.381 116.102 115.815 115.516 115.204 114.875 114.529 114.2 113.896 113.581 113.264 112.949 112.633 112.387 112.253 112.179
-9999 -9999 -9999 -9999 -9999 -9999 -9999 -9999 -9999 -9999 -9999 -9999 -9999 -9999 -9999 -9999 -9999 -9999 -9999 -9999 -9999 -9999 -9999 -9999 -9999 -9999 -9999 -9999 -9999 -9999 -9999 -9999 -9999 -9999 -9999 -9999 -9999 120.634 120.596 120.558 120.518 120.474 120.429 120.298 120.069 119.818 119.565 119.304 119.043 118.779 118.513 118.254 118.005 117.754 117.498 117.237 116.973 116.707 116.437 116.161 115.876 115.581 115.272 114.947 114.61 114.289 113.992 113.684 113.375 113.07 112.791 112.565 112.441 112.368
-9999 -9999 -9999 -9999 -9999 -9999 -9999 -9999 -9999 -9999 -9999 -9999 -9999 -9999 -9999 -9999 -9999 -9999 -9999 -9999 -9999 -9999 -9999 -9999 -9999 -9999 -9999 -9999 -9999 -9999 -9999 -9999 -9999 -9999 -9999 -9999 -9999 120.686 120.64 120.599 120.554 120.509 120.463 120.343 120.125 119.866 119.604 119.343 119.081 118.818 118.552 118.293 118.044 117.795 117.541 117.284 117.026 116.765 116.498 116.223 115.941 115.649 115.343 115.022 114.694 114.384 114.092 113.79 113.488 113.195 112.951 112.755 112.626 112.553
-9999 -9999 -9999 -9999 -9999 -9999 -9999 -9999 -9999 -9999 -9999 -9999 -9999 -9999 -9999 -9999 -9999 -9999 -9999 -9999 -9999 -9999 -9999 -9999 120.992 120.987 120.98 120.986 -9999 121.008 -9999 -9999 -9999 -9999 -9999 -9999 -9999 -9999 120.686 120.639 120.594 120.547 120.499 120.389 120.179 119.913 119.65 119.387 119.125 118.862 118.597 118.336 118.087 117.84 117.589 117.336 117.082 116.826 116.563 116.291 116.009 115.719 115.416 115.099 114.781 114.482 114.195 113.899 113.602 113.342 113.121 112.945 112.809 112.732
-9999 -9999 -9999 -9999 -9999 -9999 -9999 -9999 -9999 -9999 -9999 -9999 -9999 -9999 -9999 -9999 -9999 -9999 -9999 -9999 -9999 121.143 121.12 121.093 121.067 121.052 121.048 121.054 121.064 121.076 121.075 121.045 -9999 -9999 120.931 120.883 120.832 120.781 120.731 120.683 120.636 120.587 120.529 120.428 120.238 119.969 119.703 119.438 119.175 118.911 118.646 118.385 118.136 117.89 117.64 117.391 117.142 116.889 116.63 116.362 116.084 115.793 115.492 115.177 114.869 114.581 114.299 114.007 113.725 113.492 113.301 113.129 112.99 112.905
-9999 -9999 -9999 -9999 -9999 -9999 -9999 -9999 -9999 -9999 -9999 -9999 -9999 -9999 -9999 -9999 -9999 -9999 -9999 -9999 121.268 121.241 121.223 121.19 121.16 121.141 121.133 121.131 121.14 121.151 121.144 121.102 121.059 121.022 120.986 120.944 120.887 120.831 120.779 120.728 120.672 120.613 120.551 120.471 120.306 120.032 119.763 119.496 119.23 118.965 118.699 118.439 118.189 117.944 117.697 117.45 117.205 116.955 116.699 116.435 116.161 115.874 115.572 115.255 114.957 114.68 114.401 114.112 113.862 113.653 113.476 113.306 113.164 113.074
-9999 -9999 -9999 -9999 -9999 -9999 -9999 -9999 -9999 -9999 -9999 -9999 -9999 -9999 -9999 -9999 -9999 -9999 -9999 -9999 121.366 121.351 121.332 121.294 121.262 121.241 121.227 121.221 121.222 121.233 121.218 121.165 121.119 121.078 121.043 120.997 120.942 120.878 120.817 120.756 120.697 120.638 120.576 120.508 120.351 120.104 119.83 119.559 119.291 119.025 118.758 118.497 118.247 118.002 117.758 117.514 117.27 117.022 116.77 116.509 116.239 115.956 115.657 115.349 115.052 114.779 114.5 114.241 114.009 113.82 113.644 113.476 113.332 113.237
-9999 -9999 -9999 -9999 -9999 -9999 -9999 -9999 -9999 -9999 -9999 -9999 -9999 -9999 -9999 -9999 -9999 -9999 -9999 -9999 121.469 121.46 121.441 121.401 121.368 121.346 121.329 121.318 121.314 121.318 121.293 121.234 121.182 121.134 121.083 121.033 120.976 120.908 120.841 120.779 120.721 120.663 120.602 120.533 120.399 120.183 119.903 119.629 119.358 119.089 118.822 118.56 118.311 118.066 117.823 117.58 117.338 117.092 116.841 116.584 116.317 116.036 115.74 115.444 115.159 114.883 114.617 114.379 114.169 113.981 113.807 113.639 113.493 113.395
-9999 -9999 -9999 -9999 -9999 -9999 -9999 -9999 -9999 -9999 -9999 -9999 -9999 -9999 -9999 -9999 121.672 121.644 -9999 121.594 121.574 121.555 121.521 121.486 121.457 121.437 121.42 121.406 121.397 121.391 121.352 121.283 121.219 121.156 121.099 121.048 120.993 120.934 120.866 120.802 120.743 120.686 120.626 120.552 120.448 120.268 119.983 119.704 119.43 119.16 118.891 118.629 118.38 118.136 117.893 117.651 117.408 117.163 116.914 116.659 116.394 116.115 115.82 115.535 115.263 115.001 114.761 114.54 114.334 114.139 113.963 113.795 113.648 113.549
-9999 -9999 -9999 -9999 -9999 -9999 -9999 -9999 -9999 -9999 -9999 -9999 -9999 -9999 -9999 -9999 121.757 121.726 121.697 121.67 121.645 121.617 121.587 121.554 121.526 121.506 121.488 121.473 121.46 121.445 121.391 121.309 121.236 121.17 121.111 121.058 121.008 120.952 120.89 120.824 120.761 120.701 120.636 120.561 120.48 120.316 120.071 119.787 119.51 119.237 118.966 118.704 118.457 118.212 117.968 117.725 117.481 117.235 116.986 116.733 116.469 116.191 115.905 115.627 115.372 115.137 114.918 114.713 114.508 114.308 114.124 113.95 113.799 113.697
-9999 -9999 -9999 -9999 -9999 -9999 -9999 -9999 -9999 -9999 -9999 -9999 -9999 -9999 -9999 121.894 121.841 121.803 121.77 121.739 121.71 121.681 121.651 121.621 121.593 121.572 121.552 121.535 121.516 121.488 121.421 121.33 121.253 121.185 121.123 121.067 121.016 120.965 120.909 120.844 120.777 120.711 120.641 120.566 120.488 120.364 120.168 119.879 119.597 119.321 119.048 118.787 118.541 118.296 118.051 117.805 117.557 117.307 117.057 116.805 116.541 116.26 115.985 115.728 115.5 115.284 115.081 114.879 114.678 114.479 114.292 114.116 113.964 113.859
-9999 -9999 -9999 -9999 -9999 -9999 -9999 -9999 -9999 -9999 -9999 -9999 -9999 -9999 -9999 -9999 121.93 121.887 121.848 121.813 121.78 121.749 121.719 121.69 121.664 121.637 121.61 121.584 121.56 121.527 121.453 121.354 121.273 121.201 121.136 121.077 121.023 120.972 120.919 120.862 120.793 120.721 120.648 120.572 120.493 120.404 120.235 119.981 119.694 119.413 119.138 118.878 118.634 118.389 118.141 117.889 117.635 117.381 117.126 116.87 -9999 116.33 116.074 115.851 115.639 115.438 115.238 115.039 114.841 114.645 114.456 114.28 114.132 114.03
-9999 -9999 -9999 -9999 -9999 -9999 -9999 -9999 -9999 -9999 -9999 -9999 -9999 -9999 -9999 122.069 122.028 121.978 121.934 121.892 121.852 121.814 121.778 121.744 121.713 121.685 121.657 121.629 121.604 121.57 121.492 121.384 121.295 121.218 121.149 121.087 121.029 120.975 120.924 120.869 120.808 120.734 120.657 120.58 120.5 120.419 120.292 120.098 119.802 119.516 119.237 118.978 118.736 118.492 118.239 117.978 117.716 117.454 117.193 116.929 116.658 -9999 116.19 -9999 115.785 -9999 115.391 -9999 115.0 114.806 114.616 114.437 114.294 114.198
-9999 -9999 -9999 -9999 -9999 -9999 -9999 -9999 -9999 -9999 -9999 -9999 -9999 -9999 -9999 122.163 122.098 122.044 121.993 121.947 121.903 121.861 121.821 121.784 121.753 121.727 121.7 121.675 121.65 121.617 121.538 121.42 121.319 121.238 121.165 121.098 121.036 120.979 120.924 120.871 120.812 120.748 120.67 120.589 120.508 120.426 120.336 120.17 119.926 119.63 119.347 119.087 118.842 118.601 118.34 118.068 117.797 117.527 117.258 116.992 116.747 -9999 -9999 116.125 115.929 -9999 -9999 115.347 115.155 114.964 -9999 -9999 -9999 -9999
-9999 -9999 -9999 -9999 -9999 -9999 -9999 -9999 -9999 -9999 -9999 -9999 -9999 -9999 122.3 122.224 122.159 122.1 122.046 121.996 121.95 121.906 121.865 121.826 121.794 121.767 121.742 121.718 121.696 121.669 121.592 121.461 121.351 121.261 121.182 121.11 121.045 120.983 120.924 120.868 120.812 120.749 120.682 120.602 120.518 120.434 120.35 120.232 120.049 119.76 119.468 119.202 118.945 118.692 118.43 118.153 117.876 117.599 -9999 -9999 -9999 116.656 -9999 -9999 -9999 -9999 -9999 -9999 115.309 -9999 -9999 -9999 -9999 -9999
