Validation/Results/raw data/ReClimate_02_2024_1_Temperatureweatherlogisticsltd.asc
NCOLS 192
NROWS 249
XLLCENTER -225160.85627316462
YLLCENTER 29788.11610251502
CELLSIZE 5000.0
NODATA_VALUE -9999
[rows 136 to 169 of 249, columns 77 to 153 of 192]
-9999 -9999 -9999 -9999 -9999 -9999 -9999 -9999 0.298 -9999 0.281 0.268 0.264 0.263 0.241 0.218 0.209 0.2 0.196 0.194 0.187 0.181 0.174 0.167 0.15 0.136 0.143 0.153 -9999 -9999 -9999 -9999 -9999 -9999 0.132 0.134 0.128 0.121 0.123 0.123 0.114 0.105 0.108 0.112 0.098 0.081 0.099 0.122 0.12 0.118 0.132 0.149 0.15 0.151 0.15 0.143 0.127 -9999 -9999 -9999 -9999 -9999 -9999 -9999 -9999 -9999 -9999 -9999 -9999 -9999 -9999 -9999 -9999 -9999 -9999 -9999 -9999
-9999 -9999 -9999 -9999 -9999 -9999 -9999 -9999 0.293 0.279 0.27 0.273 0.262 0.24 0.225 0.22 0.211 0.2 0.192 0.178 0.169 0.159 0.153 0.153 0.142 0.147 0.15 0.143 -9999 -9999 -9999 -9999 0.128 0.117 0.119 0.127 0.123 0.12 0.121 0.12 0.114 0.109 0.111 0.111 0.099 0.088 0.1 0.106 0.106 0.104 0.125 0.145 0.15 0.153 0.138 0.134 0.129 -9999 -9999 -9999 -9999 -9999 -9999 -9999 -9999 -9999 -9999 -9999 -9999 -9999 -9999 -9999 -9999 -9999 -9999 -9999 -9999
0.282 -9999 -9999 -9999 -9999 -9999 -9999 -9999 0.279 0.272 0.27 -9999 -9999 0.229 0.223 0.218 0.208 -9999 0.183 0.168 0.157 0.146 0.143 0.142 0.141 0.147 -9999 -9999 -9999 -9999 -9999 0.123 0.116 0.107 0.113 0.121 0.119 0.117 0.116 0.117 0.114 0.11 0.11 0.109 0.101 0.09 0.094 0.099 0.099 0.1 0.119 0.143 0.148 0.153 0.138 0.119 0.126 -9999 -9999 -9999 -9999 -9999 -9999 -9999 -9999 -9999 -9999 -9999 -9999 -9999 -9999 -9999 -9999 -9999 -9999 -9999 -9999
0.273 -9999 -9999 -9999 -9999 -9999 -9999 -9999 -9999 0.272 0.272 -9999 -9999 -9999 0.217 0.2 0.193 0.194 -9999 -9999 0.148 0.137 0.129 0.114 0.111 -9999 -9999 -9999 -9999 -9999 0.13 0.127 0.123 0.122 0.126 0.127 0.126 0.121 0.119 0.113 0.109 0.104 0.101 0.092 0.091 0.103 0.11 0.119 0.114 0.111 0.131 0.156 0.164 0.171 0.152 0.131 0.131 -9999 -9999 -9999 -9999 -9999 -9999 -9999 -9999 -9999 -9999 -9999 -9999 -9999 -9999 -9999 -9999 -9999 -9999 -9999 -9999
-9999 -9999 -9999 -9999 -9999 -9999 -9999 -9999 -9999 -9999 0.258 -9999 -9999 -9999 -9999 0.19 0.189 0.189 -9999 -9999 -9999 0.123 0.112 -9999 -9999 -9999 -9999 -9999 -9999 -9999 0.122 0.124 0.124 0.124 0.125 0.127 0.124 0.121 0.115 0.109 0.106 0.101 0.094 0.085 0.096 0.108 0.116 0.126 0.121 0.114 0.134 0.16 0.168 0.177 0.159 0.134 0.135 -9999 -9999 -9999 -9999 -9999 -9999 -9999 -9999 -9999 -9999 -9999 -9999 -9999 -9999 -9999 -9999 -9999 -9999 -9999 -9999
-9999 -9999 -9999 -9999 -9999 -9999 -9999 -9999 -9999 -9999 0.25 -9999 -9999 -9999 -9999 -9999 0.2 0.169 -9999 -9999 -9999 -9999 -9999 -9999 -9999 -9999 -9999 -9999 -9999 -9999 0.115 0.109 0.11 0.115 0.114 0.11 0.11 0.113 0.11 0.113 0.109 0.104 0.103 0.108 0.12 0.134 0.135 0.12 0.122 0.12 0.127 0.144 0.153 0.161 0.153 0.135 0.131 0.132 -9999 -9999 -9999 -9999 -9999 -9999 -9999 -9999 -9999 -9999 -9999 -9999 -9999 -9999 -9999 -9999 -9999 -9999 -9999
0.253 0.254 0.257 -9999 -9999 -9999 -9999 -9999 -9999 -9999 0.239 -9999 -9999 -9999 -9999 -9999 -9999 -9999 -9999 -9999 -9999 -9999 -9999 -9999 -9999 -9999 -9999 -9999 -9999 0.106 0.103 0.1 0.104 0.109 0.107 0.103 0.106 0.108 0.109 0.112 0.109 0.105 0.11 0.116 0.128 0.143 0.132 0.117 0.119 0.122 0.129 0.138 0.145 0.154 0.146 0.134 0.13 0.126 0.125 -9999 -9999 -9999 -9999 -9999 -9999 -9999 -9999 -9999 -9999 -9999 -9999 -9999 -9999 -9999 -9999 -9999 -9999
0.256 0.253 0.25 -9999 -9999 -9999 -9999 -9999 -9999 -9999 -9999 -9999 -9999 -9999 -9999 -9999 -9999 -9999 -9999 -9999 -9999 -9999 -9999 -9999 -9999 -9999 -9999 -9999 0.093 0.097 0.098 0.103 0.11 0.117 0.114 0.105 0.104 0.093 0.098 0.113 0.114 0.122 0.126 0.124 0.13 0.125 0.117 0.115 0.116 0.116 0.127 0.138 0.142 0.148 0.156 0.155 0.143 0.134 0.138 -9999 -9999 -9999 -9999 -9999 -9999 -9999 -9999 -9999 -9999 -9999 -9999 -9999 -9999 -9999 -9999 -9999 -9999
0.253 -9999 0.242 0.237 -9999 -9999 -9999 -9999 -9999 -9999 -9999 -9999 -9999 -9999 -9999 -9999 -9999 -9999 -9999 -9999 -9999 -9999 -9999 -9999 -9999 -9999 -9999 -9999 0.086 0.092 0.098 0.104 0.112 0.12 0.113 0.105 0.098 0.088 0.099 0.113 0.12 0.128 0.128 0.127 0.123 0.118 0.117 0.114 0.114 0.114 0.124 0.138 0.141 0.145 0.152 0.16 0.15 0.136 0.141 0.147 0.131 -9999 -9999 -9999 -9999 -9999 -9999 -9999 -9999 -9999 -9999 -9999 -9999 -9999 -9999 -9999 -9999
0.245 -9999 -9999 0.229 -9999 -9999 -9999 -9999 -9999 -9999 -9999 -9999 -9999 -9999 -9999 -9999 -9999 -9999 -9999 -9999 -9999 -9999 -9999 -9999 -9999 -9999 -9999 -9999 0.077 0.081 0.088 0.096 0.103 0.111 0.11 0.115 0.115 0.121 0.124 0.111 0.118 0.126 0.122 0.111 0.111 0.119 0.118 0.12 0.123 0.125 0.136 0.15 0.148 0.149 0.149 0.153 0.15 0.141 0.136 0.136 0.137 0.127 0.108 0.09 -9999 -9999 -9999 -9999 -9999 -9999 -9999 -9999 -9999 -9999 -9999 -9999 -9999
0.235 0.218 -9999 0.218 -9999 -9999 -9999 -9999 -9999 -9999 -9999 -9999 -9999 -9999 -9999 -9999 -9999 -9999 -9999 -9999 -9999 -9999 -9999 -9999 -9999 -9999 -9999 0.086 0.079 0.076 0.084 0.092 0.1 0.108 0.113 0.119 0.126 0.134 0.123 0.11 0.118 0.126 0.117 0.106 0.112 0.119 0.121 0.123 0.125 0.128 0.14 0.154 0.152 0.149 0.15 0.15 0.146 0.142 0.138 0.133 0.132 0.132 0.129 0.126 0.084 0.095 -9999 -9999 -9999 -9999 -9999 -9999 -9999 -9999 -9999 -9999 -9999
0.209 -9999 0.188 -9999 -9999 -9999 -9999 -9999 -9999 -9999 -9999 -9999 -9999 -9999 -9999 -9999 -9999 -9999 -9999 -9999 -9999 -9999 -9999 -9999 -9999 -9999 -9999 -9999 0.084 0.084 0.094 0.107 0.111 0.107 0.121 0.152 0.157 0.152 0.144 0.135 0.137 0.125 0.116 0.105 0.11 0.115 0.118 0.123 0.118 0.115 0.133 0.15 0.148 0.144 0.148 0.15 0.145 0.139 0.132 0.124 0.122 0.121 0.118 0.115 0.117 0.091 0.1 -9999 -9999 -9999 -9999 -9999 -9999 -9999 -9999 -9999 -9999
0.19 0.168 0.17 -9999 -9999 -9999 -9999 -9999 -9999 -9999 -9999 -9999 -9999 -9999 -9999 -9999 -9999 -9999 -9999 -9999 -9999 -9999 -9999 -9999 -9999 -9999 -9999 -9999 -9999 0.083 0.097 0.111 0.11 0.107 0.133 0.163 0.162 0.159 0.153 0.145 0.136 0.125 0.116 0.105 0.109 0.114 0.118 0.123 0.118 0.111 0.128 0.148 0.146 0.142 0.145 0.149 0.145 0.139 0.132 0.123 0.121 0.119 0.116 0.113 0.115 0.118 0.101 0.106 -9999 -9999 -9999 -9999 -9999 -9999 -9999 -9999 -9999
0.165 0.158 -9999 -9999 -9999 -9999 -9999 -9999 -9999 -9999 -9999 -9999 -9999 -9999 -9999 -9999 -9999 -9999 -9999 -9999 -9999 -9999 -9999 -9999 -9999 -9999 -9999 -9999 -9999 0.084 0.098 0.108 0.11 0.109 0.124 0.124 0.125 0.13 0.128 0.134 0.126 0.119 0.115 0.118 0.124 0.13 0.131 0.124 0.116 0.101 0.115 0.132 0.125 0.117 0.122 0.126 0.138 0.142 0.138 0.13 0.143 0.15 0.143 0.138 0.142 0.147 0.138 0.113 0.116 -9999 -9999 -9999 -9999 -9999 -9999 -9999 -9999
0.153 0.145 -9999 -9999 -9999 -9999 -9999 -9999 -9999 -9999 -9999 -9999 -9999 -9999 -9999 -9999 -9999 -9999 -9999 -9999 -9999 -9999 -9999 -9999 -9999 -9999 -9999 -9999 -9999 -9999 0.097 0.104 0.107 0.109 0.109 0.109 0.115 0.119 0.124 0.13 0.125 0.118 0.121 0.124 0.13 0.137 0.131 0.124 0.113 0.099 0.111 0.127 0.119 0.11 0.114 0.12 0.131 0.145 0.141 0.135 0.147 0.162 0.156 0.148 0.153 0.159 0.152 0.143 0.122 -9999 -9999 -9999 -9999 -9999 -9999 -9999 -9999
-9999 -9999 -9999 -9999 -9999 -9999 -9999 -9999 -9999 -9999 -9999 -9999 -9999 -9999 -9999 -9999 -9999 -9999 -9999 -9999 -9999 -9999 -9999 -9999 -9999 -9999 -9999 -9999 -9999 -9999 0.095 0.11 0.113 0.109 0.119 0.137 0.14 0.13 0.135 0.141 0.136 0.129 0.131 0.131 0.133 0.128 0.127 0.136 0.121 0.105 0.12 0.137 0.125 0.114 0.124 0.134 0.138 0.148 0.152 0.151 0.155 0.164 0.171 0.171 0.163 0.162 0.152 0.139 0.134 0.123 -9999 -9999 -9999 -9999 -9999 -9999 -9999
-9999 -9999 -9999 -9999 -9999 -9999 -9999 -9999 -9999 -9999 -9999 -9999 -9999 -9999 -9999 -9999 -9999 -9999 -9999 -9999 -9999 -9999 -9999 -9999 -9999 -9999 -9999 -9999 -9999 -9999 -9999 0.108 0.109 0.108 0.127 0.147 0.143 0.134 0.139 0.145 0.14 0.133 0.134 0.135 0.13 0.125 0.132 0.14 0.126 0.109 0.124 0.142 0.131 0.117 0.128 0.14 0.145 0.15 0.154 0.159 0.162 0.166 0.172 0.18 0.174 0.165 0.155 0.141 0.135 0.129 -9999 -9999 -9999 -9999 -9999 -9999 -9999
-9999 -9999 -9999 -9999 -9999 -9999 -9999 -9999 -9999 -9999 -9999 -9999 -9999 -9999 -9999 -9999 -9999 -9999 -9999 -9999 -9999 -9999 -9999 -9999 -9999 -9999 -9999 -9999 -9999 -9999 -9999 0.106 -9999 0.125 0.138 0.137 0.134 -9999 0.138 0.149 0.14 0.122 0.122 0.123 0.115 0.099 0.111 0.138 0.151 0.152 0.138 0.14 0.142 0.136 0.138 0.146 0.151 0.156 0.164 0.171 0.172 0.174 0.182 0.19 0.182 0.173 0.177 0.173 0.16 0.151 0.14 -9999 -9999 -9999 -9999 -9999 -9999
-9999 -9999 -9999 -9999 -9999 -9999 -9999 -9999 -9999 -9999 -9999 -9999 -9999 -9999 -9999 -9999 -9999 -9999 -9999 -9999 -9999 -9999 -9999 -9999 -9999 -9999 -9999 -9999 -9999 -9999 -9999 -9999 0.118 0.128 -9999 -9999 -9999 -9999 0.143 0.151 0.136 0.118 0.119 0.119 0.106 0.09 0.112 0.138 0.151 0.167 0.156 0.141 0.143 0.145 0.147 0.149 0.154 0.16 0.167 0.176 0.177 0.178 0.186 0.195 0.187 0.178 0.182 0.185 0.174 0.161 0.151 0.138 0.128 -9999 -9999 -9999 -9999
-9999 -9999 -9999 -9999 -9999 -9999 -9999 -9999 -9999 -9999 -9999 -9999 -9999 -9999 -9999 -9999 -9999 -9999 -9999 -9999 -9999 -9999 -9999 -9999 -9999 -9999 -9999 -9999 -9999 -9999 -9999 -9999 0.115 0.126 -9999 -9999 -9999 -9999 0.159 0.159 0.147 0.133 0.132 0.124 0.117 0.116 0.137 0.159 0.145 0.143 0.153 0.15 0.149 0.148 0.152 0.155 0.158 0.162 0.168 0.176 0.187 0.194 0.193 0.197 0.196 0.19 0.194 0.198 0.182 0.165 0.16 0.151 0.142 -9999 -9999 -9999 -9999
-9999 -9999 -9999 -9999 -9999 -9999 -9999 -9999 -9999 -9999 -9999 -9999 -9999 -9999 -9999 -9999 -9999 -9999 -9999 -9999 -9999 -9999 -9999 -9999 -9999 -9999 -9999 -9999 -9999 -9999 -9999 -9999 0.116 -9999 -9999 -9999 -9999 0.17 0.17 0.16 0.151 0.139 0.133 0.126 0.127 0.127 0.146 0.168 0.154 0.136 0.145 0.155 0.154 0.151 0.155 0.159 0.161 0.164 0.17 0.178 0.188 0.2 0.2 0.198 0.198 0.196 0.2 0.203 0.188 0.168 0.164 0.162 -9999 -9999 -9999 -9999 -9999
-9999 -9999 -9999 -9999 -9999 -9999 -9999 -9999 -9999 -9999 -9999 -9999 -9999 -9999 -9999 -9999 -9999 -9999 -9999 -9999 -9999 -9999 -9999 -9999 -9999 -9999 -9999 -9999 -9999 -9999 -9999 -9999 -9999 -9999 -9999 -9999 -9999 0.153 0.154 0.16 0.152 0.139 0.137 0.14 0.139 0.135 0.152 0.169 0.163 0.169 0.173 0.181 0.166 0.155 0.166 0.174 0.177 0.18 0.172 0.171 0.178 0.188 0.198 0.202 0.195 0.188 0.195 0.2 0.205 0.198 0.189 0.178 -9999 -9999 -9999 -9999 -9999
-9999 -9999 -9999 -9999 -9999 -9999 -9999 -9999 -9999 -9999 -9999 -9999 -9999 -9999 -9999 -9999 -9999 -9999 -9999 -9999 -9999 -9999 -9999 -9999 -9999 -9999 -9999 -9999 -9999 -9999 -9999 -9999 -9999 -9999 -9999 -9999 -9999 0.142 0.151 0.158 0.15 0.139 0.142 0.145 0.142 0.139 0.153 0.169 0.175 0.18 0.185 0.19 0.177 0.158 0.168 0.181 0.184 0.187 0.18 0.171 0.177 0.185 0.194 0.204 0.197 0.186 0.192 0.2 0.204 0.21 0.201 0.186 -9999 -9999 -9999 -9999 -9999
-9999 -9999 -9999 -9999 -9999 -9999 -9999 -9999 -9999 -9999 -9999 -9999 -9999 -9999 -9999 -9999 -9999 -9999 -9999 -9999 -9999 -9999 -9999 -9999 -9999 -9999 -9999 -9999 -9999 -9999 -9999 -9999 -9999 -9999 -9999 -9999 0.115 0.137 0.139 0.127 0.126 0.137 0.141 0.148 0.144 0.136 0.141 0.133 0.159 0.176 0.174 0.174 0.187 0.186 0.181 0.185 0.184 0.185 0.189 0.187 0.198 0.21 0.207 0.21 0.215 0.212 0.199 0.195 0.212 0.225 0.214 0.194 0.178 -9999 -9999 -9999 -9999
-9999 -9999 -9999 -9999 -9999 -9999 -9999 -9999 -9999 -9999 -9999 -9999 -9999 -9999 -9999 -9999 -9999 -9999 -9999 -9999 -9999 -9999 -9999 -9999 -9999 -9999 -9999 -9999 -9999 -9999 -9999 -9999 -9999 -9999 -9999 -9999 0.105 0.134 0.126 0.114 0.125 0.136 0.142 0.149 0.143 0.135 0.128 0.119 0.145 0.175 0.173 0.168 0.181 0.195 0.192 0.186 0.186 0.185 0.189 0.194 0.205 0.219 0.217 0.212 0.217 0.221 0.21 0.194 0.211 0.231 0.221 0.207 0.189 -9999 -9999 -9999 -9999
-9999 -9999 -9999 -9999 -9999 -9999 -9999 -9999 -9999 -9999 -9999 -9999 -9999 -9999 -9999 -9999 -9999 -9999 -9999 -9999 -9999 -9999 -9999 -9999 -9999 -9999 -9999 -9999 -9999 -9999 -9999 -9999 -9999 -9999 -9999 0.091 0.104 0.094 0.097 0.124 0.132 0.132 0.136 0.135 0.136 0.152 0.147 0.14 0.133 0.142 0.156 0.161 0.173 0.187 0.194 0.195 0.2 0.202 0.212 0.22 0.213 0.216 0.221 0.221 0.219 0.22 0.214 0.203 0.207 0.22 0.214 0.203 0.196 0.181 -9999 -9999 -9999
-9999 -9999 -9999 -9999 -9999 -9999 -9999 -9999 -9999 -9999 -9999 -9999 -9999 -9999 -9999 -9999 -9999 -9999 -9999 -9999 -9999 -9999 -9999 -9999 -9999 -9999 -9999 -9999 -9999 -9999 -9999 -9999 -9999 -9999 -9999 0.096 0.088 0.078 0.101 0.127 0.129 0.131 0.131 0.129 0.143 0.159 0.155 0.149 0.142 0.132 0.144 0.158 0.17 0.184 0.191 0.198 0.203 0.208 0.218 0.229 0.224 0.216 0.22 0.224 0.222 0.219 0.214 0.207 0.211 0.216 0.211 0.202 0.196 0.186 -9999 -9999 -9999
-9999 -9999 -9999 -9999 -9999 -9999 -9999 -9999 -9999 -9999 -9999 -9999 -9999 -9999 -9999 -9999 -9999 -9999 -9999 -9999 -9999 -9999 -9999 -9999 -9999 -9999 -9999 -9999 -9999 -9999 -9999 -9999 -9999 -9999 -9999 0.084 0.088 0.11 0.13 0.145 0.148 0.146 0.149 0.149 0.156 0.15 0.15 0.158 0.154 0.147 0.156 0.169 0.175 0.185 0.186 0.189 0.2 0.209 0.216 0.225 0.23 0.227 0.224 0.223 0.22 0.216 0.219 0.216 0.221 0.227 0.221 0.212 0.201 0.19 0.186 -9999 -9999
-9999 -9999 -9999 -9999 -9999 -9999 -9999 -9999 -9999 -9999 -9999 -9999 -9999 -9999 -9999 -9999 -9999 -9999 -9999 -9999 -9999 -9999 -9999 -9999 -9999 -9999 -9999 -9999 -9999 -9999 -9999 -9999 -9999 -9999 -9999 -9999 0.103 0.122 0.136 0.151 0.151 0.151 0.155 0.157 0.153 0.146 0.153 0.161 0.158 0.152 0.161 0.172 0.179 0.186 0.186 0.186 0.196 0.209 0.216 0.222 0.227 0.23 0.228 0.223 0.22 0.215 0.217 0.22 0.225 -9999 0.225 -9999 0.208 0.194 0.191 0.192 -9999
-9999 -9999 -9999 -9999 -9999 -9999 -9999 -9999 -9999 -9999 -9999 -9999 -9999 -9999 -9999 -9999 -9999 -9999 -9999 -9999 -9999 -9999 -9999 -9999 -9999 -9999 -9999 -9999 -9999 -9999 -9999 -9999 -9999 -9999 -9999 0.108 0.12 0.119 0.132 0.145 0.142 0.133 0.14 0.151 0.15 0.154 0.161 0.169 0.168 0.171 0.174 0.182 0.189 0.197 0.201 0.203 0.199 0.203 0.208 0.214 0.222 0.228 0.228 0.225 0.222 0.218 0.222 0.226 0.221 0.22 0.228 0.23 -9999 0.209 0.204 0.2 0.212
-9999 -9999 -9999 -9999 -9999 -9999 -9999 -9999 -9999 -9999 -9999 -9999 -9999 -9999 -9999 -9999 -9999 -9999 -9999 -9999 -9999 -9999 -9999 -9999 -9999 -9999 -9999 -9999 -9999 -9999 -9999 -9999 -9999 -9999 -9999 0.125 0.124 0.118 0.129 0.141 0.134 0.125 0.136 0.147 0.153 0.156 0.164 0.172 0.175 0.177 0.181 0.184 0.192 0.201 0.205 0.209 0.206 0.2 0.205 0.209 0.217 0.226 0.227 0.226 0.223 0.219 0.223 0.228 0.224 0.217 0.225 0.235 0.231 -9999 -9999 -9999 -9999
-9999 -9999 -9999 -9999 -9999 -9999 -9999 -9999 -9999 -9999 -9999 -9999 -9999 -9999 -9999 -9999 -9999 -9999 -9999 -9999 -9999 -9999 -9999 -9999 -9999 -9999 -9999 -9999 -9999 -9999 -9999 -9999 -9999 -9999 0.124 0.133 0.13 0.129 0.138 0.144 0.141 0.143 0.153 0.161 0.17 0.18 0.186 0.185 0.181 0.18 0.178 0.179 0.187 0.196 0.214 0.226 0.221 0.215 0.211 0.211 0.218 0.227 0.226 0.225 0.229 0.229 0.218 0.214 0.231 0.239 0.237 0.241 0.24 0.234 0.228 -9999 -9999
-9999 -9999 -9999 -9999 -9999 -9999 -9999 -9999 -9999 -9999 -9999 -9999 -9999 -9999 -9999 -9999 -9999 -9999 -9999 -9999 -9999 -9999 -9999 -9999 -9999 -9999 -9999 -9999 -9999 -9999 -9999 -9999 -9999 -9999 0.129 0.135 0.135 0.134 0.139 0.145 0.147 0.149 0.157 0.165 0.177 0.188 0.189 0.19 0.186 0.181 0.179 0.176 0.185 0.195 0.211 0.23 0.226 0.218 0.216 0.211 0.218 0.226 0.225 0.224 0.228 0.232 0.223 0.211 0.228 0.249 0.249 0.247 0.247 0.245 0.239 0.229 -9999
-9999 -9999 -9999 -9999 -9999 -9999 -9999 -9999 -9999 -9999 -9999 -9999 -9999 -9999 -9999 -9999 -9999 -9999 -9999 -9999 -9999 -9999 -9999 -9999 -9999 -9999 -9999 -9999 -9999 -9999 -9999 -9999 -9999 -9999 -9999 0.153 0.148 0.13 0.136 0.146 0.151 0.161 0.169 0.173 0.185 0.193 0.193 0.185 0.179 0.166 0.175 0.178 0.181 0.187 0.197 0.212 0.219 0.219 0.219 0.216 0.219 0.225 0.231 0.234 0.238 0.244 0.249 0.247 0.246 0.256 0.268 0.274 0.271 0.268 0.272 0.271 0.263
