Validation/Results/raw data/ReClimate_01_2024_2_Temperature-Actualsweatherlogisticsltd.asc
NCOLS 192
NROWS 249
XLLCENTER -225160.85627316462
YLLCENTER 29788.11610251502
CELLSIZE 5000.0
NODATA_VALUE -9999
[rows 170 to 203 of 249, columns 77 to 153 of 192]
-9999 -9999 -9999 -9999 -9999 -9999 -9999 -9999 -9999 -9999 -9999 -9999 -9999 -9999 -9999 8.06 8.021 -9999 -9999 -9999 -9999 -9999 -9999 -9999 -9999 -9999 -9999 -9999 -9999 -9999 -9999 -9999 -9999 -9999 8.104 8.278 8.203 8.177 7.994 8.042 8.076 8.132 8.172 8.306 8.373 8.326 8.059 7.567 6.671 5.811 5.032 5.281 5.287 5.805 6.943 7.42 7.671 7.307 7.309 7.593 7.884 7.903 7.933 7.939 7.945 7.918 7.821 7.808 7.909 7.911 7.734 7.209 7.224 7.232 7.577 7.791 7.826
-9999 -9999 -9999 -9999 -9999 -9999 -9999 -9999 -9999 -9999 -9999 -9999 -9999 -9999 -9999 7.835 7.746 7.911 -9999 -9999 -9999 -9999 -9999 -9999 -9999 -9999 -9999 -9999 -9999 -9999 -9999 -9999 -9999 8.358 8.326 8.282 8.244 8.076 8.236 8.129 8.127 8.14 8.194 8.239 8.213 8.125 8.024 7.691 7.034 5.924 5.074 5.555 6.065 6.129 6.761 7.78 7.919 7.685 7.267 7.484 7.872 7.95 7.913 7.88 7.923 7.929 7.85 7.716 7.782 7.846 7.772 7.43 7.17 7.283 7.471 7.8 7.917
-9999 -9999 -9999 -9999 -9999 -9999 -9999 -9999 -9999 -9999 -9999 -9999 -9999 -9999 8.108 7.863 7.676 7.867 8.19 -9999 -9999 -9999 -9999 -9999 -9999 -9999 -9999 -9999 -9999 -9999 8.041 -9999 -9999 8.381 8.072 8.276 8.282 8.321 -9999 8.002 7.956 7.945 8.033 7.988 8.035 7.897 7.838 7.42 6.748 7.108 5.938 6.192 6.71 6.001 6.875 7.358 7.803 7.756 7.492 7.578 7.802 7.934 7.991 7.958 7.985 7.957 7.877 7.702 7.705 7.836 7.79 7.66 7.35 7.202 7.282 7.679 7.903
-9999 -9999 -9999 -9999 -9999 -9999 -9999 -9999 -9999 -9999 -9999 -9999 -9999 -9999 8.193 7.932 7.86 7.935 8.163 8.2 8.276 -9999 -9999 -9999 7.855 8.118 -9999 8.096 8.083 8.09 7.333 7.597 -9999 -9999 8.24 8.176 -9999 -9999 8.124 7.952 8.127 8.304 8.174 8.027 7.841 7.738 7.533 6.898 6.112 6.464 6.351 6.084 6.254 6.152 6.322 7.513 7.671 7.584 7.342 7.57 7.719 7.844 7.914 7.942 8.001 8.003 7.922 7.764 7.727 7.883 7.867 7.797 7.6 7.365 7.141 7.305 7.671
-9999 -9999 -9999 -9999 -9999 -9999 -9999 -9999 -9999 -9999 -9999 -9999 -9999 -9999 -9999 8.131 7.991 8.038 8.247 8.253 -9999 -9999 5.961 5.969 7.641 7.092 7.243 7.355 7.963 7.833 7.656 7.307 7.383 -9999 8.251 8.251 8.206 8.214 7.909 7.729 8.112 8.42 8.309 8.018 7.838 7.622 7.404 6.612 5.569 5.693 6.022 6.309 6.582 6.38 6.545 7.219 7.683 7.6 7.408 7.538 7.655 7.722 7.794 7.877 7.978 8.029 7.969 7.762 7.761 7.95 7.948 7.891 7.765 7.556 7.413 7.294 7.338
-9999 -9999 -9999 -9999 -9999 -9999 -9999 -9999 -9999 -9999 -9999 -9999 -9999 -9999 -9999 8.191 8.102 8.374 8.455 8.429 8.141 6.577 4.31 6.911 7.559 6.662 7.122 6.743 7.245 7.859 7.574 6.563 7.23 7.567 8.04 8.286 8.244 8.102 7.88 7.768 7.978 8.205 8.165 8.035 7.828 7.611 7.28 6.271 5.642 5.325 5.754 5.888 6.696 6.847 6.539 6.91 7.389 7.447 7.453 7.558 7.599 7.667 7.742 7.807 8.019 8.013 8.011 7.953 7.822 7.994 8.035 7.995 7.92 7.72 7.408 7.422 7.605
-9999 -9999 -9999 -9999 -9999 -9999 -9999 -9999 -9999 -9999 -9999 -9999 -9999 -9999 -9999 -9999 8.329 8.53 8.407 7.79 6.559 3.674 4.51 6.694 6.733 6.94 6.278 6.086 6.451 6.897 7.116 7.294 6.567 7.414 7.938 8.115 8.223 8.171 7.961 7.869 7.934 8.08 8.121 7.938 7.746 7.547 7.047 6.405 5.759 5.583 6.061 5.893 6.172 7.202 6.858 6.898 7.272 7.255 7.386 7.584 7.616 7.628 7.7 7.805 8.035 8.066 8.065 7.924 7.891 8.004 8.075 8.068 7.989 7.895 7.789 7.684 7.802
-9999 -9999 -9999 -9999 -9999 -9999 -9999 -9999 -9999 -9999 -9999 -9999 -9999 -9999 -9999 -9999 -9999 -9999 7.844 6.712 5.35 4.671 5.246 7.001 7.256 6.436 5.663 5.526 5.657 6.66 7.511 7.06 6.359 6.999 7.711 8.043 8.283 8.172 7.977 7.791 7.888 7.962 7.959 7.889 7.712 7.36 6.719 6.375 6.162 5.687 6.042 5.916 5.848 6.537 7.271 7.155 7.529 7.358 7.178 7.445 7.622 7.781 7.847 7.937 8.063 8.098 8.105 8.099 7.906 7.993 8.069 8.095 8.082 8.043 8.004 7.956 7.933
-9999 -9999 -9999 -9999 -9999 -9999 -9999 -9999 -9999 -9999 -9999 -9999 -9999 -9999 -9999 -9999 -9999 8.381 7.417 6.723 6.217 5.17 6.461 7.254 6.831 6.611 5.916 5.371 5.81 5.984 6.917 6.713 6.148 6.549 7.227 8.065 8.204 8.163 7.843 7.687 7.759 7.864 7.912 7.842 7.563 7.006 6.773 6.919 6.465 5.873 6.182 6.253 6.394 6.637 6.844 7.386 7.491 7.438 7.395 7.4 7.639 7.693 7.951 8.08 8.12 8.108 8.117 7.903 7.909 8.011 8.107 8.111 8.122 8.122 8.1 8.03 7.993
-9999 -9999 -9999 -9999 -9999 -9999 -9999 -9999 -9999 -9999 -9999 -9999 -9999 -9999 -9999 -9999 8.283 6.507 7.192 6.716 6.031 6.326 5.2 5.65 6.089 5.986 5.33 5.909 5.714 6.309 6.826 6.027 5.64 6.386 7.253 8.046 8.288 8.177 7.793 7.8 7.895 7.898 7.916 7.694 7.297 7.218 7.113 6.657 6.345 6.166 6.016 6.595 6.822 7.05 7.294 7.335 7.66 7.557 7.621 7.616 7.685 7.957 7.845 8.063 8.145 8.084 8.063 7.872 7.795 8.048 8.089 8.109 8.121 8.134 8.116 8.076 8.042
-9999 -9999 -9999 -9999 -9999 -9999 -9999 -9999 -9999 -9999 -9999 -9999 -9999 -9999 -9999 8.155 6.647 7.457 7.579 7.15 7.263 6.66 6.409 5.921 5.504 5.204 5.283 5.473 5.78 6.664 6.225 6.274 7.06 7.258 7.807 7.959 8.195 8.06 7.851 7.85 7.849 7.886 7.662 7.3 7.393 7.316 7.127 6.615 6.552 6.994 6.839 6.785 7.066 7.193 7.369 7.508 7.553 7.728 7.799 7.941 8.019 8.13 8.152 8.027 8.074 8.063 8.031 7.85 7.792 8.056 8.115 8.074 8.09 8.084 8.098 8.088 8.1
-9999 -9999 -9999 -9999 -9999 -9999 -9999 -9999 -9999 -9999 -9999 -9999 -9999 7.946 8.181 7.859 7.946 8.222 8.256 7.958 8.184 7.725 6.825 6.076 5.375 4.437 5.925 6.092 6.602 6.514 5.616 5.988 6.523 7.394 7.717 7.84 7.956 7.887 7.768 7.69 7.773 7.679 7.412 7.288 7.213 7.465 7.152 6.773 6.884 7.053 7.187 7.254 7.311 7.439 7.597 7.796 7.757 7.792 8.069 8.246 8.32 8.219 8.162 8.125 8.052 7.969 7.964 7.738 7.663 7.952 8.111 8.096 8.066 8.061 8.072 8.123 -9999
-9999 -9999 -9999 -9999 -9999 -9999 -9999 -9999 -9999 -9999 -9999 -9999 7.815 7.895 8.013 8.202 -9999 -9999 -9999 -9999 7.445 6.405 6.245 5.996 5.123 6.093 6.198 5.558 6.043 5.402 4.149 5.148 6.191 6.685 7.49 7.926 7.847 7.77 7.728 7.705 7.695 7.618 7.426 7.341 7.236 7.379 7.191 7.112 7.14 7.232 7.457 7.542 7.571 7.753 7.799 7.987 8.127 8.058 8.14 8.251 8.288 8.223 8.112 8.016 7.86 7.774 7.778 7.693 7.6 7.775 8.017 8.107 8.093 8.062 8.081 8.133 8.182
-9999 -9999 -9999 -9999 -9999 -9999 -9999 -9999 -9999 -9999 -9999 -9999 7.825 7.679 8.311 -9999 -9999 -9999 -9999 -9999 7.046 6.334 6.014 6.335 5.637 5.81 5.367 4.846 5.105 4.772 4.893 6.476 6.543 7.162 7.783 8.004 7.898 7.777 7.683 7.564 7.528 7.572 7.474 7.332 7.347 7.298 7.411 7.391 7.487 7.26 7.231 7.346 7.598 7.835 7.95 8.024 8.005 8.029 8.016 8.001 8.012 7.862 7.851 7.621 7.431 7.383 7.533 7.611 7.623 7.769 7.947 8.103 8.124 8.127 8.127 8.142 8.18
-9999 -9999 -9999 -9999 -9999 -9999 -9999 -9999 -9999 -9999 -9999 -9999 -9999 -9999 8.459 -9999 -9999 -9999 -9999 -9999 6.951 6.132 6.676 6.431 6.094 6.058 4.734 5.088 6.067 5.28 6.223 6.591 6.883 7.575 7.995 8.068 7.782 7.729 7.61 7.551 7.697 7.633 7.605 7.539 7.416 7.475 7.581 7.689 7.602 7.557 7.447 7.351 7.604 7.688 7.521 7.665 7.789 7.783 7.935 7.863 7.679 7.449 7.33 7.506 7.354 7.26 7.334 7.498 7.6 7.747 7.931 8.092 8.134 8.162 8.188 8.191 8.208
-9999 -9999 -9999 -9999 -9999 -9999 -9999 -9999 -9999 -9999 -9999 -9999 -9999 -9999 -9999 -9999 -9999 -9999 -9999 -9999 7.361 6.832 7.962 7.224 6.413 5.067 5.324 5.531 5.601 6.451 6.529 6.699 7.663 7.937 8.192 8.043 7.93 7.785 7.77 7.794 7.821 7.819 7.749 7.631 7.572 7.533 7.611 7.594 7.419 7.645 7.809 7.74 7.66 7.8 7.513 7.32 7.54 7.48 7.694 7.922 7.707 7.577 7.443 7.439 7.528 7.376 7.32 7.516 7.688 7.8 7.928 8.085 8.141 8.188 8.224 8.254 8.284
-9999 -9999 -9999 -9999 -9999 -9999 -9999 -9999 -9999 -9999 -9999 -9999 -9999 -9999 -9999 -9999 -9999 -9999 -9999 -9999 -9999 7.549 6.353 5.969 5.891 6.153 6.081 5.88 6.694 6.786 7.23 7.763 7.6 8.104 8.07 7.734 7.766 7.832 7.934 8.027 7.966 7.811 7.711 7.493 7.464 7.509 7.628 7.46 7.232 7.399 7.777 7.9 7.845 7.752 7.689 7.485 7.374 7.171 7.234 7.806 7.909 7.656 7.459 7.237 7.229 7.427 7.409 7.566 7.783 7.987 8.037 8.134 8.176 8.217 8.252 8.292 8.325
-9999 -9999 -9999 -9999 -9999 -9999 -9999 -9999 -9999 -9999 -9999 -9999 -9999 -9999 -9999 -9999 -9999 -9999 -9999 -9999 7.48 6.982 6.6 5.683 6.681 6.768 6.169 6.555 6.684 6.713 7.75 7.677 7.614 7.849 6.785 7.458 7.803 7.798 7.753 7.983 7.75 7.29 7.295 7.485 7.65 7.576 7.666 7.546 7.446 7.459 7.731 7.866 7.893 7.823 7.698 7.65 7.466 7.427 7.458 7.746 7.854 7.624 7.339 7.093 7.077 7.38 7.609 7.706 7.922 8.1 8.198 8.24 8.277 8.294 8.311 8.361 8.384
-9999 -9999 -9999 -9999 -9999 -9999 -9999 -9999 -9999 -9999 -9999 -9999 -9999 -9999 -9999 -9999 -9999 -9999 -9999 -9999 7.734 7.321 5.664 7.294 7.819 7.064 6.847 6.508 5.98 6.776 7.699 7.658 7.932 7.454 7.465 7.462 7.332 7.353 7.814 7.794 7.512 7.46 7.499 7.781 7.693 7.608 7.677 7.6 7.695 7.709 7.769 7.862 7.881 7.884 7.836 7.762 7.654 7.479 7.625 7.807 7.725 7.398 7.068 7.084 7.134 7.273 7.59 7.839 7.917 8.107 8.179 8.234 8.336 8.383 8.396 8.434 8.474
-9999 -9999 -9999 -9999 -9999 -9999 -9999 -9999 -9999 -9999 -9999 -9999 -9999 -9999 -9999 -9999 -9999 -9999 -9999 -9999 7.612 6.927 7.995 7.815 7.502 7.146 6.597 5.691 6.115 6.497 7.343 7.68 8.054 7.873 7.417 6.75 6.43 6.689 7.426 7.233 7.445 7.422 7.678 7.919 7.753 7.727 7.731 7.738 7.869 7.752 7.711 7.855 7.896 7.712 7.824 7.866 7.779 7.693 7.763 7.838 7.704 7.45 7.257 7.221 7.391 7.568 7.766 7.84 7.938 8.073 8.294 8.276 8.368 8.421 8.429 8.473 8.504
-9999 -9999 -9999 -9999 -9999 -9999 -9999 -9999 -9999 -9999 -9999 -9999 -9999 -9999 -9999 -9999 -9999 -9999 -9999 -9999 -9999 8.363 7.238 6.558 5.898 5.871 5.934 6.293 6.736 7.577 7.804 7.999 7.836 7.717 7.432 7.002 6.644 6.653 6.976 7.321 7.325 7.203 7.582 7.852 7.693 7.893 7.831 7.696 8.051 8.085 7.9 7.939 7.99 7.711 7.578 7.869 7.803 7.75 7.805 7.791 7.618 7.521 7.543 7.659 7.678 7.806 7.858 7.848 7.994 8.15 8.239 8.298 8.407 8.463 8.451 8.463 8.502
-9999 -9999 -9999 -9999 -9999 -9999 -9999 -9999 -9999 -9999 -9999 -9999 -9999 -9999 -9999 -9999 -9999 -9999 -9999 -9999 -9999 7.59 6.553 5.795 5.223 5.146 5.682 6.651 7.473 7.668 7.33 6.763 6.402 6.487 7.073 7.407 6.928 6.913 7.134 7.278 6.748 7.058 7.423 7.563 7.629 7.942 7.869 7.918 7.854 8.026 8.08 8.017 8.037 7.852 7.675 7.823 7.876 7.691 7.605 7.568 7.463 7.48 7.65 7.574 7.634 7.686 7.876 7.816 7.961 8.122 8.118 8.244 8.414 8.466 8.437 8.39 8.365
-9999 -9999 -9999 -9999 -9999 -9999 -9999 -9999 -9999 -9999 -9999 -9999 -9999 -9999 -9999 -9999 -9999 -9999 -9999 -9999 8.232 7.585 6.588 5.784 5.382 5.733 6.269 6.775 6.41 5.663 6.078 5.988 6.132 7.016 7.407 7.203 7.108 7.357 7.46 6.877 6.669 6.916 7.376 7.548 7.656 8.045 7.943 7.707 7.898 7.744 7.881 7.868 7.91 7.851 7.825 7.979 7.928 7.81 7.731 7.559 7.524 7.378 7.5 7.552 7.601 7.734 7.794 7.962 8.059 8.065 8.045 8.207 8.431 8.446 8.438 8.371 8.294
-9999 -9999 -9999 -9999 -9999 -9999 -9999 -9999 -9999 -9999 -9999 -9999 -9999 -9999 -9999 -9999 -9999 -9999 -9999 -9999 7.919 7.245 6.795 6.479 5.967 5.344 5.771 6.009 5.713 5.891 5.662 5.603 6.177 7.003 6.63 6.692 7.42 7.257 7.732 7.153 6.528 6.644 7.6 7.588 8.062 8.147 7.922 7.751 7.293 7.562 7.615 7.703 7.723 7.772 7.927 8.051 8.013 7.889 7.895 7.875 7.571 7.434 7.368 7.435 7.567 7.89 7.989 8.083 8.145 8.076 8.043 8.191 8.294 8.396 8.403 8.392 8.326
-9999 -9999 -9999 -9999 -9999 -9999 -9999 -9999 -9999 -9999 -9999 -9999 -9999 -9999 -9999 -9999 -9999 -9999 -9999 -9999 7.462 7.453 7.571 6.879 5.74 5.176 5.706 5.915 6.188 5.79 5.966 6.265 6.564 6.472 6.651 7.411 7.461 7.605 7.286 7.499 7.078 7.437 7.501 7.611 8.063 8.253 8.049 7.586 7.656 7.551 7.514 7.596 7.638 7.798 7.88 7.92 7.889 7.862 7.916 7.882 7.612 7.397 7.535 7.698 7.622 7.869 8.014 8.192 8.196 8.085 8.172 8.316 8.384 8.448 8.527 8.466 8.447
-9999 -9999 -9999 -9999 -9999 -9999 -9999 -9999 -9999 -9999 -9999 -9999 -9999 -9999 -9999 -9999 -9999 -9999 -9999 7.677 7.357 6.936 7.098 6.828 5.736 5.666 5.361 5.927 6.696 6.722 6.87 6.49 6.431 6.947 7.01 7.032 7.452 7.436 7.898 7.9 7.8 7.748 7.615 7.927 8.2 8.242 8.17 8.037 7.894 7.892 7.738 7.725 7.691 7.781 7.917 7.913 7.924 8.016 7.958 7.803 7.648 7.564 7.753 7.897 7.891 7.899 8.156 8.122 8.191 8.118 8.105 8.27 8.423 8.453 8.507 8.494 8.532
-9999 -9999 -9999 -9999 -9999 -9999 -9999 -9999 -9999 -9999 -9999 -9999 -9999 -9999 -9999 -9999 -9999 -9999 7.476 7.391 6.898 7.321 7.332 6.078 5.414 5.358 5.746 6.327 6.923 6.774 6.882 6.529 6.024 6.886 6.848 7.513 7.665 7.918 7.969 7.807 7.612 7.677 7.601 8.036 8.161 8.447 8.405 8.211 8.118 8.074 8.026 7.827 7.791 7.934 8.022 7.949 7.897 7.912 7.884 7.739 7.665 7.65 7.805 8.043 8.141 8.207 8.068 8.006 8.033 8.091 8.131 8.269 8.308 8.282 8.272 8.322 8.466
-9999 -9999 -9999 -9999 -9999 -9999 -9999 -9999 -9999 -9999 -9999 -9999 -9999 -9999 -9999 -9999 7.171 7.268 7.208 7.832 7.783 7.604 6.835 5.762 5.378 5.33 5.29 6.269 6.726 7.252 6.899 6.284 6.305 6.951 7.524 7.702 8.009 8.016 8.016 7.583 7.45 7.48 7.877 8.32 8.482 8.526 8.412 8.188 8.157 8.202 8.134 7.934 7.968 8.04 8.162 7.904 7.773 7.638 7.497 7.515 7.575 7.785 7.891 8.029 7.988 8.1 8.075 8.07 8.051 8.079 8.162 8.317 8.411 8.201 8.144 8.217 8.444
-9999 -9999 -9999 -9999 -9999 -9999 -9999 -9999 -9999 -9999 -9999 -9999 -9999 -9999 -9999 7.14 7.042 6.818 7.256 7.636 7.556 7.244 6.137 6.148 5.627 5.526 6.055 6.891 7.496 7.402 7.222 6.6 6.006 6.716 7.391 7.943 7.919 7.931 7.62 7.751 7.504 7.574 8.083 8.424 8.674 8.647 8.329 8.29 8.103 8.134 8.194 8.098 8.053 8.059 7.942 7.966 7.722 7.675 7.568 7.354 7.376 7.508 7.706 7.83 7.866 7.963 8.114 8.022 8.229 8.282 8.292 8.372 8.336 8.216 8.11 8.252 8.46
-9999 -9999 -9999 -9999 -9999 -9999 -9999 -9999 -9999 -9999 -9999 -9999 8.389 7.971 7.616 7.42 6.994 7.072 7.302 7.697 7.649 6.491 6.515 6.504 6.726 5.856 6.808 7.07 6.629 7.224 7.438 5.911 6.632 7.335 8.27 8.218 7.968 7.419 8.142 7.983 7.904 7.907 7.998 8.416 8.637 8.708 8.509 8.426 8.242 8.098 8.21 8.18 8.167 7.991 7.869 7.536 7.704 7.783 7.748 7.543 7.503 7.613 7.764 7.921 7.894 7.968 8.028 8.167 8.245 8.356 8.303 8.374 8.396 8.288 8.334 8.402 8.491
-9999 -9999 -9999 -9999 -9999 -9999 -9999 -9999 -9999 -9999 7.76 7.982 8.158 8.079 7.962 7.575 7.672 7.493 7.775 7.497 6.459 6.96 7.038 7.114 7.223 6.681 6.592 5.755 6.34 6.801 6.696 7.058 7.544 8.153 7.442 7.695 7.999 8.207 8.307 8.272 8.142 8.135 8.305 8.276 8.559 8.795 8.657 8.514 8.401 8.328 8.318 8.053 8.164 8.167 7.869 7.664 7.51 7.795 7.766 7.578 7.499 7.552 7.681 7.964 8.115 8.148 8.106 8.08 8.271 8.227 8.169 8.306 8.426 8.385 8.389 8.407 8.391
-9999 -9999 -9999 -9999 -9999 -9999 7.8 7.862 7.835 7.809 7.276 8.091 7.967 8.077 7.877 7.595 7.643 7.665 7.564 6.702 7.048 7.44 7.016 7.609 7.317 6.858 5.92 6.138 6.572 6.91 6.838 7.508 8.006 6.77 6.864 7.702 7.807 8.275 8.283 8.338 8.195 7.978 8.249 8.122 8.733 8.801 8.69 8.401 8.265 8.338 7.777 7.978 8.11 8.179 7.919 7.593 7.595 7.739 7.761 7.742 7.656 7.667 7.758 7.989 8.101 8.179 8.217 8.089 8.097 8.181 8.167 8.367 8.546 8.415 8.096 8.081 7.997
-9999 -9999 -9999 -9999 -9999 8.162 7.849 7.884 7.774 6.881 6.624 6.863 7.239 7.682 7.171 7.047 7.253 7.274 6.876 7.312 7.416 7.095 7.672 7.925 7.499 6.789 6.229 6.555 6.891 7.059 7.448 7.742 6.542 5.292 6.654 7.487 8.114 8.056 8.19 8.0 8.095 8.283 8.344 8.598 8.709 8.698 8.69 8.404 8.169 7.79 7.462 7.294 7.883 8.037 7.584 7.47 7.567 7.723 7.821 7.763 7.761 7.768 7.923 7.927 7.976 8.083 7.98 7.903 8.058 8.148 8.2 8.364 8.475 8.267 7.991 7.828 7.856
-9999 -9999 -9999 -9999 8.401 7.957 7.823 7.892 7.477 6.917 7.056 7.36 7.705 7.296 7.245 7.203 7.714 7.207 7.085 7.506 7.579 7.779 8.321 7.834 6.973 6.502 6.787 7.06 7.111 7.939 8.323 7.752 5.862 5.842 6.649 8.033 7.871 7.992 7.877 8.272 8.387 8.286 8.455 8.562 8.662 8.681 8.778 8.537 8.205 7.698 7.237 7.38 7.724 7.811 7.524 7.232 7.489 7.709 7.77 7.85 7.835 7.882 7.926 7.962 7.839 7.917 8.034 7.927 8.018 8.014 7.901 8.156 8.341 8.169 7.93 7.916 7.933
