Validation/Results/raw data/ReClimate_02_2024_2_Temperature-Actualsweatherlogisticsltd.asc
NCOLS 192
NROWS 249
XLLCENTER -225160.85627316462
YLLCENTER 29788.11610251502
CELLSIZE 5000.0
NODATA_VALUE -9999
[rows 136 to 169 of 249, columns 77 to 153 of 192]
-9999 -9999 -9999 -9999 -9999 -9999 -9999 -9999 8.676 -9999 8.519 8.139 8.265 8.399 8.775 8.982 8.926 8.62 7.49 7.791 7.91 8.03 8.649 8.689 8.682 8.721 8.133 7.902 -9999 -9999 -9999 -9999 -9999 -9999 8.952 9.06 8.988 8.727 8.609 8.415 7.805 7.464 7.718 7.724 7.746 8.209 7.82 7.559 8.004 8.317 8.591 8.527 8.863 9.036 9.028 8.86 8.901 -9999 -9999 -9999 -9999 -9999 -9999 -9999 -9999 -9999 -9999 -9999 -9999 -9999 -9999 -9999 -9999 -9999 -9999 -9999 -9999
-9999 -9999 -9999 -9999 -9999 -9999 -9999 -9999 8.527 8.506 8.611 8.726 8.515 8.562 8.736 8.879 9.119 8.744 8.292 7.593 7.776 8.05 8.61 8.53 8.432 8.742 8.264 8.633 -9999 -9999 -9999 -9999 8.901 8.865 8.928 9.022 9.066 8.976 8.724 7.898 7.054 7.096 7.342 6.968 7.733 7.61 7.284 7.841 7.761 8.076 8.656 8.72 8.325 8.721 8.9 8.756 8.989 -9999 -9999 -9999 -9999 -9999 -9999 -9999 -9999 -9999 -9999 -9999 -9999 -9999 -9999 -9999 -9999 -9999 -9999 -9999 -9999
9.187 -9999 -9999 -9999 -9999 -9999 -9999 -9999 8.364 8.625 8.581 -9999 -9999 8.662 8.671 8.851 8.975 -9999 8.899 8.634 8.483 8.425 8.613 8.264 8.63 8.898 -9999 -9999 -9999 -9999 -9999 8.948 8.951 8.91 8.914 8.884 8.882 8.879 8.411 7.62 6.474 6.265 6.863 6.572 7.209 6.653 6.914 7.284 7.241 7.969 8.078 8.216 8.29 8.531 8.737 8.621 8.876 -9999 -9999 -9999 -9999 -9999 -9999 -9999 -9999 -9999 -9999 -9999 -9999 -9999 -9999 -9999 -9999 -9999 -9999 -9999 -9999
8.867 -9999 -9999 -9999 -9999 -9999 -9999 -9999 -9999 8.622 8.836 -9999 -9999 -9999 8.906 8.712 8.831 8.955 -9999 -9999 8.77 8.703 8.663 8.217 8.279 -9999 -9999 -9999 -9999 -9999 8.691 8.79 8.863 8.855 8.766 8.648 8.708 8.395 8.154 7.8 6.662 6.4 5.658 6.403 5.925 5.783 6.26 6.672 6.666 7.146 7.865 8.036 8.061 8.536 8.801 8.489 8.469 -9999 -9999 -9999 -9999 -9999 -9999 -9999 -9999 -9999 -9999 -9999 -9999 -9999 -9999 -9999 -9999 -9999 -9999 -9999 -9999
-9999 -9999 -9999 -9999 -9999 -9999 -9999 -9999 -9999 -9999 8.795 -9999 -9999 -9999 -9999 8.812 8.473 8.536 -9999 -9999 -9999 8.763 8.864 -9999 -9999 -9999 -9999 -9999 -9999 -9999 8.72 8.8 8.681 8.386 8.09 8.195 8.322 8.267 8.443 8.073 7.255 6.064 5.915 5.98 5.15 5.4 5.845 6.465 6.38 6.631 7.375 7.975 8.401 8.658 8.767 8.442 8.36 -9999 -9999 -9999 -9999 -9999 -9999 -9999 -9999 -9999 -9999 -9999 -9999 -9999 -9999 -9999 -9999 -9999 -9999 -9999 -9999
-9999 -9999 -9999 -9999 -9999 -9999 -9999 -9999 -9999 -9999 8.456 -9999 -9999 -9999 -9999 -9999 8.634 8.499 -9999 -9999 -9999 -9999 -9999 -9999 -9999 -9999 -9999 -9999 -9999 -9999 8.752 8.316 7.971 7.709 7.508 7.758 7.995 8.201 8.338 8.103 7.527 6.219 5.033 4.507 4.96 5.47 6.651 6.941 7.06 7.372 7.524 7.597 8.231 8.69 8.619 8.346 8.338 8.67 -9999 -9999 -9999 -9999 -9999 -9999 -9999 -9999 -9999 -9999 -9999 -9999 -9999 -9999 -9999 -9999 -9999 -9999 -9999
9.153 8.997 9.341 -9999 -9999 -9999 -9999 -9999 -9999 -9999 8.388 -9999 -9999 -9999 -9999 -9999 -9999 -9999 -9999 -9999 -9999 -9999 -9999 -9999 -9999 -9999 -9999 -9999 -9999 8.775 8.432 8.279 8.223 7.821 6.82 7.449 7.645 7.7 8.12 8.092 8.194 6.453 4.702 4.288 5.352 5.928 5.389 5.42 6.277 6.894 7.925 8.042 8.086 8.277 8.348 8.399 8.394 8.68 9.09 -9999 -9999 -9999 -9999 -9999 -9999 -9999 -9999 -9999 -9999 -9999 -9999 -9999 -9999 -9999 -9999 -9999 -9999
9.081 9.245 9.268 -9999 -9999 -9999 -9999 -9999 -9999 -9999 -9999 -9999 -9999 -9999 -9999 -9999 -9999 -9999 -9999 -9999 -9999 -9999 -9999 -9999 -9999 -9999 -9999 -9999 8.741 8.691 8.36 8.273 8.027 7.482 5.491 6.316 7.617 7.868 8.064 8.531 8.179 7.298 5.708 4.576 5.252 5.476 5.815 6.172 6.16 6.561 7.219 8.101 8.271 8.416 8.397 8.418 8.58 8.938 9.26 -9999 -9999 -9999 -9999 -9999 -9999 -9999 -9999 -9999 -9999 -9999 -9999 -9999 -9999 -9999 -9999 -9999 -9999
9.423 -9999 9.395 9.374 -9999 -9999 -9999 -9999 -9999 -9999 -9999 -9999 -9999 -9999 -9999 -9999 -9999 -9999 -9999 -9999 -9999 -9999 -9999 -9999 -9999 -9999 -9999 -9999 8.157 8.224 8.303 7.147 6.79 7.055 7.34 7.092 6.979 7.552 7.869 8.085 8.252 7.967 6.846 6.154 5.035 5.764 6.259 6.549 6.754 7.166 7.569 7.924 8.064 8.37 8.425 8.501 8.61 8.984 9.401 9.473 9.327 -9999 -9999 -9999 -9999 -9999 -9999 -9999 -9999 -9999 -9999 -9999 -9999 -9999 -9999 -9999 -9999
9.374 -9999 -9999 9.321 -9999 -9999 -9999 -9999 -9999 -9999 -9999 -9999 -9999 -9999 -9999 -9999 -9999 -9999 -9999 -9999 -9999 -9999 -9999 -9999 -9999 -9999 -9999 -9999 8.25 8.175 7.566 6.527 7.902 7.888 6.926 6.41 7.269 7.315 7.066 7.997 7.811 8.135 8.096 7.1 6.504 6.082 6.424 6.754 7.297 7.57 7.94 8.226 8.492 8.518 8.696 8.559 8.748 9.0 9.27 8.887 8.811 8.73 8.876 8.447 -9999 -9999 -9999 -9999 -9999 -9999 -9999 -9999 -9999 -9999 -9999 -9999 -9999
9.283 9.457 -9999 9.262 -9999 -9999 -9999 -9999 -9999 -9999 -9999 -9999 -9999 -9999 -9999 -9999 -9999 -9999 -9999 -9999 -9999 -9999 -9999 -9999 -9999 -9999 -9999 8.987 8.364 7.917 6.814 6.138 6.004 6.845 7.169 7.19 6.913 6.357 7.515 6.777 7.493 7.888 8.029 7.804 7.58 7.054 6.387 6.702 7.248 7.649 7.928 8.215 8.507 8.797 8.824 8.815 8.893 9.045 9.078 8.891 7.977 7.935 8.037 8.033 8.337 8.111 -9999 -9999 -9999 -9999 -9999 -9999 -9999 -9999 -9999 -9999 -9999
9.366 -9999 9.222 -9999 -9999 -9999 -9999 -9999 -9999 -9999 -9999 -9999 -9999 -9999 -9999 -9999 -9999 -9999 -9999 -9999 -9999 -9999 -9999 -9999 -9999 -9999 -9999 -9999 8.887 8.097 6.687 6.383 6.841 5.29 6.247 7.277 6.711 7.271 6.094 6.454 7.402 7.74 7.638 7.719 7.381 5.591 5.978 6.177 6.187 6.593 7.505 7.903 8.291 8.704 8.877 8.882 8.951 9.103 9.15 8.967 8.306 7.952 8.205 8.182 7.998 8.019 8.043 -9999 -9999 -9999 -9999 -9999 -9999 -9999 -9999 -9999 -9999
9.442 9.264 9.045 -9999 -9999 -9999 -9999 -9999 -9999 -9999 -9999 -9999 -9999 -9999 -9999 -9999 -9999 -9999 -9999 -9999 -9999 -9999 -9999 -9999 -9999 -9999 -9999 -9999 -9999 8.579 8.065 8.17 6.681 6.668 7.119 8.133 8.385 6.887 6.883 7.357 7.526 7.124 7.096 7.42 6.348 5.987 5.818 5.276 5.796 6.564 6.888 7.68 8.164 8.664 8.873 8.874 8.95 9.065 8.335 8.085 7.503 6.891 7.23 7.586 8.083 7.897 7.938 8.405 -9999 -9999 -9999 -9999 -9999 -9999 -9999 -9999 -9999
9.492 9.172 -9999 -9999 -9999 -9999 -9999 -9999 -9999 -9999 -9999 -9999 -9999 -9999 -9999 -9999 -9999 -9999 -9999 -9999 -9999 -9999 -9999 -9999 -9999 -9999 -9999 -9999 -9999 9.093 8.825 8.453 7.748 7.028 6.613 8.287 7.717 7.982 8.287 8.236 7.868 7.245 6.12 7.111 6.281 5.562 6.07 6.989 7.197 7.137 7.338 7.618 8.365 8.832 8.96 8.953 8.779 8.356 7.963 7.529 7.727 7.519 7.404 7.271 7.368 7.677 7.77 8.149 8.926 -9999 -9999 -9999 -9999 -9999 -9999 -9999 -9999
9.232 9.207 -9999 -9999 -9999 -9999 -9999 -9999 -9999 -9999 -9999 -9999 -9999 -9999 -9999 -9999 -9999 -9999 -9999 -9999 -9999 -9999 -9999 -9999 -9999 -9999 -9999 -9999 -9999 -9999 8.296 7.848 7.745 7.085 8.099 7.964 8.446 8.676 8.717 8.494 8.128 7.458 7.505 5.944 6.274 6.505 6.502 7.023 7.111 6.973 7.774 7.979 8.531 8.846 9.047 9.036 8.705 8.263 8.031 7.857 7.731 7.76 7.776 7.662 7.561 7.616 7.989 8.184 8.67 -9999 -9999 -9999 -9999 -9999 -9999 -9999 -9999
-9999 -9999 -9999 -9999 -9999 -9999 -9999 -9999 -9999 -9999 -9999 -9999 -9999 -9999 -9999 -9999 -9999 -9999 -9999 -9999 -9999 -9999 -9999 -9999 -9999 -9999 -9999 -9999 -9999 -9999 9.052 7.407 8.037 8.863 8.414 8.699 8.695 9.024 8.923 8.341 8.321 8.306 6.158 6.713 6.309 6.265 6.224 7.237 7.352 7.569 7.741 8.216 8.465 8.878 9.067 9.094 8.913 8.205 7.793 7.983 8.213 8.206 8.213 8.099 8.07 7.828 7.772 8.31 8.432 9.012 -9999 -9999 -9999 -9999 -9999 -9999 -9999
-9999 -9999 -9999 -9999 -9999 -9999 -9999 -9999 -9999 -9999 -9999 -9999 -9999 -9999 -9999 -9999 -9999 -9999 -9999 -9999 -9999 -9999 -9999 -9999 -9999 -9999 -9999 -9999 -9999 -9999 -9999 8.749 9.3 8.992 8.712 8.925 8.842 9.164 8.95 8.622 8.738 7.857 6.722 6.04 5.929 5.521 6.167 6.287 6.675 7.272 7.321 7.774 8.375 8.815 9.046 8.963 8.843 8.715 7.823 7.796 8.505 8.923 8.789 8.748 8.73 8.717 8.583 8.745 8.985 8.924 -9999 -9999 -9999 -9999 -9999 -9999 -9999
-9999 -9999 -9999 -9999 -9999 -9999 -9999 -9999 -9999 -9999 -9999 -9999 -9999 -9999 -9999 -9999 -9999 -9999 -9999 -9999 -9999 -9999 -9999 -9999 -9999 -9999 -9999 -9999 -9999 -9999 -9999 9.156 -9999 8.861 9.199 9.051 9.087 -9999 9.116 8.813 8.797 8.012 6.714 6.533 6.402 5.874 6.277 6.26 5.6 6.528 6.966 7.311 7.813 8.583 8.951 8.924 8.825 8.839 8.84 8.531 8.879 9.168 9.056 8.888 8.915 8.965 9.011 9.043 8.677 8.457 8.575 -9999 -9999 -9999 -9999 -9999 -9999
-9999 -9999 -9999 -9999 -9999 -9999 -9999 -9999 -9999 -9999 -9999 -9999 -9999 -9999 -9999 -9999 -9999 -9999 -9999 -9999 -9999 -9999 -9999 -9999 -9999 -9999 -9999 -9999 -9999 -9999 -9999 -9999 9.396 9.06 -9999 -9999 -9999 -9999 9.299 9.078 9.158 8.535 7.972 6.87 6.687 6.525 6.395 7.204 6.73 6.044 6.916 7.189 7.826 8.391 8.912 9.1 9.105 9.069 9.08 9.005 8.836 8.988 8.86 8.791 8.911 8.857 8.63 8.664 8.857 8.646 8.501 8.466 8.654 -9999 -9999 -9999 -9999
-9999 -9999 -9999 -9999 -9999 -9999 -9999 -9999 -9999 -9999 -9999 -9999 -9999 -9999 -9999 -9999 -9999 -9999 -9999 -9999 -9999 -9999 -9999 -9999 -9999 -9999 -9999 -9999 -9999 -9999 -9999 -9999 9.386 9.329 -9999 -9999 -9999 -9999 9.37 8.936 9.218 8.798 7.946 8.083 7.915 7.066 6.974 7.168 7.349 6.211 6.841 7.211 7.591 8.204 8.888 9.211 9.286 9.299 9.25 9.196 9.059 8.913 8.884 8.851 8.844 8.663 8.397 8.247 8.386 8.626 8.796 8.826 8.9 -9999 -9999 -9999 -9999
-9999 -9999 -9999 -9999 -9999 -9999 -9999 -9999 -9999 -9999 -9999 -9999 -9999 -9999 -9999 -9999 -9999 -9999 -9999 -9999 -9999 -9999 -9999 -9999 -9999 -9999 -9999 -9999 -9999 -9999 -9999 -9999 9.438 -9999 -9999 -9999 -9999 9.494 9.12 8.795 8.106 7.768 7.801 7.841 7.979 7.436 6.951 7.549 7.518 7.395 6.848 7.422 7.756 8.232 8.671 9.12 9.208 9.306 9.372 9.36 9.31 9.21 9.166 8.908 8.412 8.35 8.344 8.461 8.601 8.802 8.977 9.077 -9999 -9999 -9999 -9999 -9999
-9999 -9999 -9999 -9999 -9999 -9999 -9999 -9999 -9999 -9999 -9999 -9999 -9999 -9999 -9999 -9999 -9999 -9999 -9999 -9999 -9999 -9999 -9999 -9999 -9999 -9999 -9999 -9999 -9999 -9999 -9999 -9999 -9999 -9999 -9999 -9999 -9999 9.306 8.783 7.834 6.984 6.681 7.28 7.984 7.96 8.159 8.038 8.143 7.919 7.682 7.395 7.439 7.949 8.313 8.593 8.957 9.154 9.271 9.429 9.507 9.494 9.392 9.268 9.121 8.328 7.884 8.471 8.74 8.994 9.066 9.157 9.131 -9999 -9999 -9999 -9999 -9999
-9999 -9999 -9999 -9999 -9999 -9999 -9999 -9999 -9999 -9999 -9999 -9999 -9999 -9999 -9999 -9999 -9999 -9999 -9999 -9999 -9999 -9999 -9999 -9999 -9999 -9999 -9999 -9999 -9999 -9999 -9999 -9999 -9999 -9999 -9999 -9999 -9999 9.196 8.81 8.053 7.206 7.249 7.841 8.011 8.387 8.365 8.327 8.329 8.223 8.402 7.858 7.827 7.945 8.257 8.541 8.906 9.225 9.288 9.43 9.598 9.571 9.471 9.325 9.214 8.822 8.208 8.451 8.907 9.111 9.22 9.217 9.18 -9999 -9999 -9999 -9999 -9999
-9999 -9999 -9999 -9999 -9999 -9999 -9999 -9999 -9999 -9999 -9999 -9999 -9999 -9999 -9999 -9999 -9999 -9999 -9999 -9999 -9999 -9999 -9999 -9999 -9999 -9999 -9999 -9999 -9999 -9999 -9999 -9999 -9999 -9999 -9999 -9999 9.299 9.208 8.796 7.897 7.331 7.118 7.847 7.885 8.729 8.391 8.397 8.09 8.063 7.903 8.647 8.598 8.77 8.722 8.971 8.932 9.168 9.331 9.356 9.461 9.575 9.452 9.322 9.183 9.11 8.688 8.644 8.965 9.191 9.279 9.27 9.202 9.151 -9999 -9999 -9999 -9999
-9999 -9999 -9999 -9999 -9999 -9999 -9999 -9999 -9999 -9999 -9999 -9999 -9999 -9999 -9999 -9999 -9999 -9999 -9999 -9999 -9999 -9999 -9999 -9999 -9999 -9999 -9999 -9999 -9999 -9999 -9999 -9999 -9999 -9999 -9999 -9999 9.31 9.334 9.076 8.581 7.823 8.61 8.463 9.022 8.366 7.849 7.942 7.634 7.772 8.318 8.098 8.634 8.677 8.678 8.775 9.028 9.095 9.278 9.369 9.411 9.457 9.36 9.181 9.101 9.111 9.094 8.812 8.938 9.19 9.319 9.356 9.259 9.188 -9999 -9999 -9999 -9999
-9999 -9999 -9999 -9999 -9999 -9999 -9999 -9999 -9999 -9999 -9999 -9999 -9999 -9999 -9999 -9999 -9999 -9999 -9999 -9999 -9999 -9999 -9999 -9999 -9999 -9999 -9999 -9999 -9999 -9999 -9999 -9999 -9999 -9999 -9999 9.259 9.312 9.392 9.514 9.015 9.008 8.93 9.171 9.03 8.279 8.162 7.857 7.516 7.727 8.119 8.999 8.681 9.145 9.094 8.994 8.895 9.082 9.193 9.3 9.392 9.404 9.293 9.115 9.036 9.094 9.153 9.029 8.828 9.104 9.445 9.555 9.425 9.274 9.199 -9999 -9999 -9999
-9999 -9999 -9999 -9999 -9999 -9999 -9999 -9999 -9999 -9999 -9999 -9999 -9999 -9999 -9999 -9999 -9999 -9999 -9999 -9999 -9999 -9999 -9999 -9999 -9999 -9999 -9999 -9999 -9999 -9999 -9999 -9999 -9999 -9999 -9999 9.29 9.229 9.397 9.486 9.387 9.256 9.235 9.03 8.72 8.826 8.514 7.798 6.745 7.11 7.565 8.372 9.023 8.971 9.359 9.507 9.318 9.079 9.216 9.345 9.402 9.43 9.35 9.205 9.138 9.192 9.28 9.139 8.898 9.14 9.634 9.797 9.702 9.437 9.283 -9999 -9999 -9999
-9999 -9999 -9999 -9999 -9999 -9999 -9999 -9999 -9999 -9999 -9999 -9999 -9999 -9999 -9999 -9999 -9999 -9999 -9999 -9999 -9999 -9999 -9999 -9999 -9999 -9999 -9999 -9999 -9999 -9999 -9999 -9999 -9999 -9999 -9999 9.317 9.341 9.476 9.606 9.57 9.455 9.121 8.863 8.745 8.347 7.704 6.894 6.887 7.206 7.547 8.187 8.858 8.916 8.975 9.43 9.694 9.606 9.476 9.51 9.495 9.451 9.432 9.365 9.315 9.366 9.424 9.464 9.285 9.338 9.739 9.909 9.796 9.585 9.334 9.201 -9999 -9999
-9999 -9999 -9999 -9999 -9999 -9999 -9999 -9999 -9999 -9999 -9999 -9999 -9999 -9999 -9999 -9999 -9999 -9999 -9999 -9999 -9999 -9999 -9999 -9999 -9999 -9999 -9999 -9999 -9999 -9999 -9999 -9999 -9999 -9999 -9999 -9999 9.374 9.46 9.587 9.546 9.089 8.633 8.404 8.247 8.182 7.926 7.402 7.615 7.621 8.143 9.033 9.234 9.289 9.057 9.419 9.686 9.606 9.569 9.62 9.569 9.51 9.504 9.5 9.481 9.507 9.557 9.54 9.578 9.56 -9999 9.801 -9999 9.596 9.421 9.196 9.23 -9999
-9999 -9999 -9999 -9999 -9999 -9999 -9999 -9999 -9999 -9999 -9999 -9999 -9999 -9999 -9999 -9999 -9999 -9999 -9999 -9999 -9999 -9999 -9999 -9999 -9999 -9999 -9999 -9999 -9999 -9999 -9999 -9999 -9999 -9999 -9999 9.507 9.437 9.476 9.575 9.417 8.837 8.124 8.1 8.259 7.785 7.706 7.913 7.568 7.218 7.756 8.588 9.492 9.288 9.336 9.624 9.667 9.52 9.552 9.579 9.617 9.589 9.584 9.573 9.573 9.599 9.439 9.451 9.542 9.406 9.387 9.527 9.572 -9999 9.534 9.376 9.154 9.306
-9999 -9999 -9999 -9999 -9999 -9999 -9999 -9999 -9999 -9999 -9999 -9999 -9999 -9999 -9999 -9999 -9999 -9999 -9999 -9999 -9999 -9999 -9999 -9999 -9999 -9999 -9999 -9999 -9999 -9999 -9999 -9999 -9999 -9999 -9999 9.571 9.51 9.542 9.447 9.129 8.923 8.661 8.473 8.504 8.499 8.525 8.663 7.98 7.445 7.821 8.477 8.87 8.828 8.97 9.277 9.426 9.285 9.338 9.525 9.615 9.695 9.681 9.645 9.608 9.65 9.69 9.436 9.514 9.518 9.264 9.332 9.462 9.548 -9999 -9999 -9999 -9999
-9999 -9999 -9999 -9999 -9999 -9999 -9999 -9999 -9999 -9999 -9999 -9999 -9999 -9999 -9999 -9999 -9999 -9999 -9999 -9999 -9999 -9999 -9999 -9999 -9999 -9999 -9999 -9999 -9999 -9999 -9999 -9999 -9999 -9999 9.597 9.592 9.5 9.341 9.212 9.338 9.384 9.072 9.266 9.32 9.269 9.303 9.068 8.255 7.196 6.95 7.666 8.216 8.15 8.641 9.195 9.316 9.408 9.328 9.495 9.666 9.762 9.752 9.696 9.631 9.644 9.693 9.648 9.527 9.535 9.231 9.127 9.28 9.472 9.559 9.49 -9999 -9999
-9999 -9999 -9999 -9999 -9999 -9999 -9999 -9999 -9999 -9999 -9999 -9999 -9999 -9999 -9999 -9999 -9999 -9999 -9999 -9999 -9999 -9999 -9999 -9999 -9999 -9999 -9999 -9999 -9999 -9999 -9999 -9999 -9999 -9999 9.614 9.59 9.567 9.493 9.339 9.254 9.627 9.7 9.748 9.706 9.654 9.622 9.351 8.7 7.887 6.696 6.358 7.372 7.674 8.157 8.917 9.084 9.517 9.652 9.516 9.668 9.819 9.818 9.746 9.656 9.63 9.665 9.609 9.575 9.546 9.456 8.942 9.024 9.268 9.48 9.482 9.359 -9999
-9999 -9999 -9999 -9999 -9999 -9999 -9999 -9999 -9999 -9999 -9999 -9999 -9999 -9999 -9999 -9999 -9999 -9999 -9999 -9999 -9999 -9999 -9999 -9999 -9999 -9999 -9999 -9999 -9999 -9999 -9999 -9999 -9999 -9999 -9999 9.768 9.781 9.8 9.6 9.736 9.778 9.864 9.939 9.953 10.082 10.043 9.747 9.234 8.281 7.239 6.232 6.113 7.077 7.827 8.561 9.148 9.182 9.491 9.473 9.548 9.787 9.837 9.757 9.658 9.609 9.572 9.526 9.504 9.523 9.415 9.04 8.787 8.973 9.18 9.226 9.138 9.207
