Validation/Results/raw data/ReClimate_10_2024_1.asc
NCOLS 192
NROWS 249
XLLCENTER -225160.85627316462
YLLCENTER 29788.11610251502
CELLSIZE 5000.0
NODATA_VALUE -9999
[rows 66 to 98 of 249, columns 74 to 147 of 192]
-9999 -9999 -9999 -9999 -9999 -9999 -9999 -9999 -9999 -9999 -9999 100.454 -9999 100.456 100.457 100.465 100.47 100.443 100.383 100.334 100.29 100.364 100.359 100.335 100.31 100.097 99.922 99.956 100.046 100.036 100.031 100.023 -9999 -9999 -9999 -9999 -9999 -9999 -9999 -9999 -9999 -9999 -9999 -9999 -9999 -9999 -9999 -9999 -9999 -9999 -9999 -9999 -9999 -9999 -9999 -9999 -9999 -9999 -9999 -9999 -9999 -9999 -9999 -9999 -9999 -9999 -9999 -9999 -9999 -9999 -9999 -9999 -9999 -9999
-9999 -9999 -9999 -9999 -9999 -9999 -9999 -9999 -9999 -9999 -9999 -9999 100.457 100.458 100.458 100.456 100.42 100.357 100.305 100.258 100.216 100.223 100.269 100.266 100.306 100.148 99.977 100.012 99.992 99.996 -9999 -9999 -9999 -9999 -9999 -9999 -9999 -9999 -9999 -9999 -9999 -9999 -9999 -9999 -9999 -9999 -9999 -9999 -9999 -9999 -9999 -9999 -9999 -9999 -9999 -9999 -9999 -9999 -9999 -9999 -9999 -9999 -9999 -9999 -9999 -9999 -9999 -9999 -9999 -9999 -9999 -9999 -9999 -9999
-9999 -9999 -9999 -9999 -9999 -9999 -9999 -9999 -9999 -9999 -9999 -9999 100.459 100.454 100.45 100.399 100.337 100.281 100.231 100.186 100.146 100.186 100.25 100.245 100.19 100.064 99.974 99.953 99.934 99.953 -9999 -9999 -9999 -9999 -9999 -9999 -9999 -9999 -9999 -9999 -9999 -9999 -9999 -9999 -9999 -9999 -9999 -9999 -9999 -9999 -9999 -9999 -9999 -9999 -9999 -9999 -9999 -9999 -9999 -9999 -9999 -9999 -9999 -9999 -9999 -9999 -9999 -9999 -9999 -9999 -9999 -9999 -9999 -9999
-9999 -9999 -9999 -9999 -9999 -9999 -9999 -9999 -9999 -9999 -9999 -9999 -9999 -9999 100.389 100.321 100.261 100.207 100.159 100.117 100.078 100.124 100.175 100.111 100.028 99.96 99.913 99.892 -9999 -9999 -9999 -9999 -9999 -9999 -9999 -9999 -9999 -9999 -9999 -9999 -9999 -9999 -9999 -9999 -9999 -9999 -9999 -9999 -9999 -9999 -9999 -9999 -9999 -9999 -9999 -9999 -9999 -9999 -9999 -9999 -9999 -9999 -9999 -9999 -9999 -9999 -9999 -9999 -9999 -9999 -9999 -9999 -9999 -9999
-9999 -9999 -9999 -9999 -9999 -9999 -9999 -9999 100.455 -9999 -9999 100.461 100.438 100.384 100.31 100.245 100.188 100.136 100.09 100.05 100.013 100.037 100.048 99.966 99.872 99.847 99.854 99.833 -9999 -9999 -9999 -9999 -9999 -9999 -9999 -9999 -9999 -9999 -9999 -9999 -9999 -9999 -9999 -9999 -9999 -9999 -9999 -9999 -9999 -9999 -9999 -9999 -9999 -9999 -9999 -9999 -9999 -9999 -9999 -9999 -9999 -9999 -9999 -9999 -9999 -9999 -9999 -9999 -9999 -9999 -9999 -9999 -9999 -9999
-9999 -9999 -9999 -9999 -9999 -9999 100.46 100.462 100.456 100.458 100.461 100.45 100.382 100.302 100.234 100.172 100.116 100.037 99.915 99.905 99.949 99.865 99.644 99.657 99.831 99.895 100.066 99.973 -9999 -9999 -9999 -9999 -9999 -9999 -9999 -9999 -9999 -9999 -9999 -9999 -9999 -9999 -9999 -9999 -9999 -9999 -9999 -9999 -9999 -9999 -9999 -9999 -9999 -9999 -9999 -9999 -9999 -9999 -9999 -9999 -9999 -9999 -9999 -9999 -9999 -9999 -9999 -9999 -9999 -9999 -9999 -9999 -9999 -9999
-9999 -9999 -9999 -9999 -9999 -9999 100.476 100.465 -9999 100.464 100.458 100.401 100.309 100.23 100.16 100.099 100.046 100.047 100.24 100.154 99.885 99.815 99.945 99.994 99.899 99.979 99.968 -9999 99.701 -9999 -9999 -9999 -9999 -9999 -9999 -9999 -9999 -9999 -9999 -9999 -9999 -9999 -9999 -9999 -9999 -9999 -9999 -9999 -9999 -9999 -9999 -9999 -9999 -9999 -9999 -9999 -9999 -9999 -9999 -9999 -9999 -9999 -9999 -9999 -9999 -9999 -9999 -9999 -9999 -9999 -9999 -9999 -9999 -9999
-9999 -9999 -9999 -9999 -9999 -9999 -9999 100.492 100.477 100.476 100.438 100.294 100.086 100.051 100.102 100.041 99.985 100.056 100.011 99.889 99.949 100.011 100.011 99.906 99.765 99.749 99.73 99.665 99.647 -9999 -9999 -9999 -9999 -9999 -9999 -9999 -9999 -9999 -9999 -9999 -9999 -9999 -9999 -9999 -9999 -9999 -9999 -9999 -9999 -9999 -9999 -9999 -9999 -9999 -9999 -9999 -9999 -9999 -9999 -9999 -9999 -9999 -9999 -9999 -9999 -9999 -9999 -9999 -9999 -9999 -9999 -9999 -9999 -9999
100.487 -9999 -9999 -9999 -9999 -9999 -9999 -9999 100.495 100.475 100.384 100.282 100.337 100.266 100.054 99.993 99.938 99.886 99.841 99.863 99.866 99.845 99.815 99.718 99.662 99.644 99.626 99.61 99.591 -9999 -9999 -9999 -9999 -9999 -9999 -9999 -9999 -9999 -9999 -9999 -9999 -9999 -9999 -9999 -9999 -9999 -9999 -9999 -9999 -9999 -9999 -9999 -9999 -9999 -9999 -9999 -9999 -9999 -9999 -9999 -9999 -9999 -9999 -9999 -9999 -9999 -9999 -9999 -9999 -9999 -9999 -9999 -9999 -9999
100.508 -9999 -9999 -9999 -9999 -9999 100.588 100.566 100.496 100.436 100.335 100.371 100.427 100.222 100.01 99.95 99.896 99.846 99.799 99.804 99.837 99.772 99.666 99.62 99.601 99.584 -9999 99.553 -9999 -9999 -9999 -9999 -9999 -9999 99.412 99.368 99.342 -9999 -9999 -9999 -9999 -9999 -9999 -9999 -9999 -9999 -9999 -9999 -9999 -9999 -9999 -9999 -9999 -9999 -9999 -9999 -9999 -9999 -9999 -9999 -9999 -9999 -9999 -9999 -9999 -9999 -9999 -9999 -9999 -9999 -9999 -9999 -9999 -9999
100.533 100.534 -9999 -9999 -9999 -9999 -9999 100.575 100.497 100.402 100.322 100.301 100.284 100.108 99.971 99.909 99.855 99.806 99.76 99.76 99.736 99.655 99.602 99.571 99.544 99.522 99.508 -9999 -9999 -9999 -9999 99.433 99.414 99.383 99.35 99.317 99.291 99.274 99.255 99.239 99.227 99.214 99.206 99.217 99.23 99.217 99.212 99.215 99.233 99.258 99.293 99.31 99.245 -9999 -9999 -9999 -9999 -9999 -9999 -9999 -9999 -9999 -9999 -9999 -9999 -9999 -9999 -9999 -9999 -9999 -9999 -9999 -9999 -9999
100.462 100.403 -9999 -9999 -9999 100.683 -9999 100.652 100.463 100.363 100.221 100.189 100.175 100.048 99.935 99.917 99.981 99.886 99.72 99.703 99.709 99.645 99.561 99.526 99.495 99.468 -9999 -9999 -9999 -9999 99.353 99.355 99.315 98.974 98.126 98.172 98.349 98.357 98.423 98.485 98.684 98.785 99.082 99.083 99.079 99.07 99.072 99.078 99.089 99.105 99.128 99.147 99.16 -9999 -9999 -9999 -9999 -9999 -9999 -9999 -9999 -9999 -9999 -9999 -9999 -9999 -9999 -9999 -9999 -9999 -9999 -9999 -9999 -9999
100.559 100.5 -9999 -9999 -9999 100.745 100.752 100.644 100.442 100.328 100.236 100.221 100.214 100.02 99.904 99.918 99.909 99.777 99.681 99.675 99.669 99.592 99.519 99.483 99.449 -9999 -9999 99.345 99.319 99.294 99.275 99.234 99.192 98.635 98.328 98.479 98.663 98.656 98.565 98.641 98.588 98.79 98.941 98.93 98.921 98.915 98.911 98.91 98.911 98.916 98.926 98.935 98.956 98.976 -9999 -9999 -9999 -9999 -9999 -9999 -9999 -9999 -9999 -9999 -9999 -9999 -9999 -9999 -9999 -9999 -9999 -9999 -9999 -9999
100.603 100.631 -9999 100.628 -9999 100.646 100.636 100.516 100.42 100.406 100.524 100.41 100.075 99.974 99.91 99.859 99.771 99.703 99.692 99.669 99.636 99.559 99.474 99.444 99.423 -9999 99.283 99.249 99.003 98.82 98.391 98.492 98.829 98.652 98.618 98.727 98.788 98.698 98.599 98.584 98.634 98.744 98.847 98.818 98.766 98.758 98.755 98.747 98.74 98.735 98.732 98.726 98.727 98.73 -9999 -9999 -9999 -9999 -9999 -9999 -9999 -9999 -9999 -9999 -9999 -9999 -9999 -9999 -9999 -9999 -9999 -9999 -9999 -9999
100.616 -9999 100.614 -9999 -9999 -9999 100.574 100.517 100.501 100.426 100.101 99.966 100.042 100.0 99.987 99.81 99.717 99.696 99.695 99.639 99.559 99.486 99.427 99.405 99.377 99.274 99.188 99.066 99.027 98.723 98.526 98.719 98.776 98.751 98.745 98.72 98.588 98.517 98.48 98.518 98.568 98.639 98.703 98.658 98.62 98.611 98.603 98.589 98.574 98.56 98.545 98.529 98.507 98.486 -9999 -9999 -9999 -9999 -9999 -9999 -9999 -9999 -9999 -9999 -9999 -9999 -9999 -9999 -9999 -9999 -9999 -9999 -9999 -9999
100.567 100.584 -9999 -9999 -9999 -9999 100.538 100.582 100.762 -9999 99.993 100.021 100.019 100.078 100.206 100.017 99.693 99.676 99.668 99.567 99.448 99.327 99.092 99.098 99.209 99.075 98.874 98.823 98.762 98.635 98.597 98.627 98.667 98.695 98.789 98.611 98.332 98.331 98.393 98.372 98.259 98.303 98.343 98.353 98.442 98.439 98.454 98.433 98.412 98.388 98.363 98.333 98.293 98.274 -9999 -9999 -9999 -9999 -9999 -9999 -9999 -9999 -9999 -9999 -9999 -9999 -9999 -9999 -9999 -9999 -9999 -9999 -9999 -9999
100.743 100.734 -9999 -9999 -9999 100.606 -9999 -9999 100.494 100.246 100.206 100.147 100.022 100.201 100.472 100.118 99.669 99.626 99.548 99.452 99.395 99.254 99.219 99.212 99.099 98.978 98.958 98.809 98.515 98.54 98.683 98.635 98.498 98.53 98.497 98.337 98.306 98.35 98.395 98.336 98.343 98.337 98.274 98.328 98.36 98.348 98.306 98.28 98.252 98.22 98.184 98.137 98.094 -9999 -9999 -9999 -9999 -9999 -9999 -9999 -9999 -9999 -9999 -9999 -9999 -9999 -9999 -9999 -9999 -9999 -9999 -9999 -9999 -9999
100.617 100.641 100.82 100.775 -9999 -9999 -9999 100.524 100.283 -9999 100.206 100.149 100.197 100.296 100.213 99.88 99.654 99.558 99.451 99.377 99.271 99.223 99.214 98.994 98.602 98.676 98.929 98.745 98.679 98.748 98.752 98.619 98.497 98.424 98.313 98.274 98.222 98.175 97.997 98.065 98.248 98.176 98.078 98.117 98.188 98.169 98.185 98.146 98.093 98.053 98.006 97.947 -9999 -9999 -9999 -9999 -9999 -9999 -9999 -9999 -9999 -9999 -9999 -9999 -9999 -9999 -9999 -9999 -9999 -9999 -9999 -9999 -9999 -9999
100.522 100.713 100.972 100.847 -9999 100.589 100.545 100.567 100.516 100.43 100.279 100.279 100.241 100.161 100.085 99.869 99.642 99.556 99.524 99.431 99.337 99.249 99.102 98.87 98.845 98.927 98.825 98.773 98.746 98.684 98.528 98.447 98.429 98.283 98.1 98.02 97.889 97.861 98.039 98.151 98.209 98.13 98.058 98.084 98.065 98.082 98.114 98.043 97.934 97.886 97.829 97.763 -9999 -9999 -9999 -9999 -9999 -9999 -9999 -9999 -9999 -9999 -9999 -9999 -9999 -9999 -9999 -9999 -9999 -9999 -9999 -9999 -9999 -9999
100.773 100.993 101.214 101.006 100.689 100.603 100.582 -9999 100.412 100.202 99.882 99.883 99.963 99.914 99.912 99.765 99.713 99.624 99.462 99.375 99.33 99.114 98.79 98.734 98.669 98.566 98.48 98.483 98.549 98.396 98.22 98.219 98.262 98.048 97.784 97.6 97.304 97.612 98.203 98.216 98.179 98.129 98.099 98.053 97.961 97.955 97.901 97.824 97.775 97.718 97.65 -9999 -9999 -9999 -9999 -9999 -9999 -9999 -9999 -9999 -9999 -9999 -9999 -9999 -9999 -9999 -9999 -9999 -9999 -9999 -9999 -9999 -9999 -9999
100.72 -9999 -9999 -9999 100.697 100.683 -9999 100.428 100.336 100.193 100.281 100.338 100.406 100.256 99.886 99.753 99.494 99.454 99.564 99.448 99.271 99.039 98.908 98.84 98.793 98.722 98.703 98.665 98.512 98.345 98.162 98.164 98.128 97.981 98.008 97.78 97.631 97.918 97.882 97.862 97.864 97.888 97.999 97.913 97.814 97.766 97.719 97.67 97.614 97.547 97.488 -9999 -9999 -9999 -9999 -9999 -9999 -9999 -9999 -9999 -9999 -9999 -9999 -9999 -9999 -9999 -9999 -9999 -9999 -9999 -9999 -9999 -9999 -9999
-9999 -9999 -9999 101.106 100.894 -9999 100.413 100.42 -9999 100.339 100.251 100.362 100.592 100.272 99.949 99.712 99.443 99.518 99.613 99.299 98.782 98.624 98.421 98.464 98.678 98.804 99.211 98.996 98.68 98.233 97.338 97.209 96.937 97.14 97.692 97.646 97.8 97.746 97.655 97.699 97.82 97.883 97.902 97.763 97.53 97.517 97.556 97.508 97.47 97.418 97.383 -9999 -9999 -9999 -9999 -9999 -9999 -9999 -9999 -9999 -9999 -9999 -9999 -9999 -9999 -9999 -9999 -9999 -9999 -9999 -9999 -9999 -9999 -9999
-9999 -9999 -9999 101.068 -9999 -9999 100.405 100.42 100.344 100.255 100.17 100.361 100.576 100.278 99.95 99.692 99.351 99.405 99.472 99.172 99.165 98.968 98.758 98.821 98.726 98.823 98.554 98.351 98.277 97.749 97.61 97.548 97.791 97.952 97.828 97.845 97.761 97.658 97.509 97.516 97.37 97.432 97.581 97.435 97.36 97.42 97.52 97.468 97.375 97.329 97.277 -9999 -9999 -9999 -9999 -9999 -9999 -9999 -9999 -9999 -9999 -9999 -9999 -9999 -9999 -9999 -9999 -9999 -9999 -9999 -9999 -9999 -9999 -9999
-9999 -9999 -9999 -9999 -9999 -9999 -9999 100.356 100.03 100.036 100.193 100.414 100.727 100.398 99.993 99.682 99.27 99.29 99.299 99.254 99.22 99.052 98.928 98.876 98.899 98.672 98.462 98.112 97.299 97.259 97.375 97.758 98.438 98.303 98.145 97.938 97.779 97.524 97.074 97.023 97.09 97.193 97.269 97.276 97.4 97.439 97.403 97.334 97.283 97.237 -9999 -9999 -9999 -9999 -9999 -9999 -9999 -9999 -9999 -9999 -9999 -9999 -9999 -9999 -9999 -9999 -9999 -9999 -9999 -9999 -9999 -9999 -9999 -9999
-9999 -9999 -9999 -9999 -9999 100.657 100.556 -9999 100.282 100.38 100.45 100.555 100.424 100.146 99.969 99.746 99.727 99.614 99.35 99.262 99.147 99.027 98.913 98.874 98.771 98.646 98.631 98.118 97.893 97.89 97.746 98.035 97.859 97.738 97.607 97.367 97.101 97.059 97.129 97.23 97.415 97.476 97.539 97.52 97.301 97.285 97.299 97.254 97.209 97.158 -9999 -9999 -9999 -9999 -9999 -9999 -9999 -9999 -9999 -9999 -9999 -9999 -9999 -9999 -9999 -9999 -9999 -9999 -9999 -9999 -9999 -9999 -9999 -9999
-9999 -9999 -9999 -9999 100.754 100.675 100.578 100.505 100.439 100.528 100.695 100.585 100.494 100.279 99.926 99.904 99.922 99.692 99.488 99.326 99.121 99.004 98.895 98.8 98.721 98.668 98.576 98.192 97.5 97.558 97.94 97.839 97.834 97.513 96.818 96.362 95.758 96.035 96.892 97.218 97.201 97.252 97.309 97.173 97.115 97.151 97.236 97.187 97.123 -9999 -9999 -9999 -9999 -9999 -9999 -9999 -9999 -9999 -9999 -9999 -9999 -9999 -9999 -9999 -9999 -9999 -9999 -9999 -9999 -9999 -9999 -9999 -9999 -9999
-9999 -9999 -9999 -9999 100.771 -9999 100.602 100.508 100.385 100.534 100.728 100.555 100.239 100.033 99.915 99.851 99.707 99.606 99.66 99.419 99.119 99.013 98.939 98.843 98.728 98.636 98.543 98.145 98.062 98.224 98.157 98.146 98.148 97.67 97.38 97.012 97.033 97.319 97.258 97.194 97.104 97.15 97.201 97.157 97.126 97.149 97.1 97.057 97.036 -9999 -9999 -9999 -9999 -9999 -9999 -9999 -9999 -9999 -9999 -9999 -9999 -9999 -9999 -9999 -9999 -9999 -9999 -9999 -9999 -9999 -9999 -9999 -9999 -9999
-9999 -9999 -9999 -9999 -9999 -9999 100.624 100.518 100.439 100.547 100.592 100.401 100.345 100.192 99.885 99.746 99.621 99.59 99.473 99.212 98.982 98.933 98.972 98.821 98.607 98.549 98.548 98.46 98.364 98.33 98.36 98.178 97.71 97.531 97.481 97.455 97.384 97.222 97.135 96.992 96.863 97.137 97.285 97.228 97.123 97.079 97.032 97.001 96.95 -9999 -9999 -9999 -9999 -9999 -9999 -9999 -9999 -9999 -9999 -9999 -9999 -9999 -9999 -9999 -9999 -9999 -9999 -9999 -9999 -9999 -9999 -9999 -9999 -9999
-9999 -9999 -9999 -9999 100.793 100.736 100.648 100.566 100.488 100.492 100.463 100.506 100.71 -9999 100.045 99.882 99.666 99.537 99.394 99.247 99.215 99.175 99.088 98.891 98.692 98.64 98.529 98.44 98.362 98.331 98.232 97.827 97.412 97.271 96.988 97.0 97.157 97.033 96.899 96.825 97.076 97.146 97.201 97.118 97.045 97.003 96.963 96.916 96.899 -9999 -9999 -9999 -9999 -9999 -9999 -9999 -9999 -9999 -9999 -9999 -9999 -9999 -9999 -9999 -9999 -9999 -9999 -9999 -9999 -9999 -9999 -9999 -9999 -9999
100.785 100.853 100.801 100.808 -9999 100.735 100.668 100.586 100.505 100.465 100.421 100.53 -9999 100.184 99.813 99.695 99.726 99.615 99.557 99.457 99.273 99.212 99.242 99.024 98.747 98.747 98.931 98.741 98.368 98.271 98.175 97.983 98.072 97.838 97.628 97.632 97.45 97.316 97.215 97.24 97.168 97.148 97.079 96.999 96.961 96.922 96.878 96.828 -9999 -9999 -9999 -9999 -9999 -9999 -9999 -9999 -9999 -9999 -9999 -9999 -9999 -9999 -9999 -9999 -9999 -9999 -9999 -9999 -9999 -9999 -9999 -9999 -9999 -9999
100.79 100.797 100.804 100.838 100.938 -9999 100.639 100.534 100.394 100.384 100.44 100.412 100.302 100.079 100.05 99.977 99.788 99.742 99.741 99.523 99.234 99.168 99.019 98.835 98.758 98.806 98.711 98.472 98.375 98.279 98.183 98.099 97.78 97.569 97.318 97.311 97.571 97.456 97.346 97.255 97.181 97.102 97.018 96.943 96.879 96.837 -9999 -9999 -9999 -9999 -9999 -9999 -9999 -9999 -9999 -9999 -9999 -9999 -9999 -9999 -9999 -9999 -9999 -9999 -9999 -9999 -9999 -9999 -9999 -9999 -9999 -9999 -9999 -9999
-9999 -9999 -9999 100.853 -9999 100.792 100.545 100.394 100.21 100.344 -9999 -9999 100.067 100.056 100.118 99.99 99.957 99.933 99.913 99.601 99.205 99.063 98.956 98.867 98.77 98.547 98.109 98.139 98.384 98.293 98.212 98.056 98.109 97.868 97.593 97.676 97.564 97.446 97.328 97.23 97.155 97.075 96.988 96.897 96.816 -9999 -9999 -9999 -9999 -9999 -9999 -9999 -9999 -9999 -9999 -9999 -9999 -9999 -9999 -9999 -9999 -9999 -9999 -9999 -9999 -9999 -9999 -9999 -9999 -9999 -9999 -9999 -9999 -9999
100.795 100.701 -9999 100.922 101.049 100.901 100.753 100.609 100.5 -9999 -9999 100.699 100.491 100.428 100.227 100.137 99.987 99.904 99.748 99.443 99.211 99.09 98.982 98.883 98.785 98.591 98.711 98.709 98.393 98.302 98.198 98.122 97.873 97.737 97.781 97.671 97.556 97.434 97.309 97.203 97.126 97.045 96.958 96.862 96.763 96.687 -9999 -9999 -9999 -9999 -9999 -9999 -9999 -9999 -9999 -9999 -9999 -9999 -9999 -9999 -9999 -9999 -9999 -9999 -9999 -9999 -9999 -9999 -9999 -9999 -9999 -9999 -9999 -9999
