Validation/Results/raw data/ReClimate_02_2024_1_Temperature-Actuals.asc
NCOLS 192
NROWS 249
XLLCENTER -225160.85627316462
YLLCENTER 29788.11610251502
CELLSIZE 5000.0
NODATA_VALUE -9999
[rows 204 to 237 of 249, columns 77 to 153 of 192]
-9999 -9999 7.862 -9999 7.65 7.472 7.3 7.034 7.07 6.861 6.886 6.929 6.799 6.758 6.459 6.941 6.767 6.901 7.12 7.392 7.341 7.343 6.727 6.174 4.919 4.293 5.877 5.695 5.893 5.664 6.361 7.118 6.147 4.7 6.331 6.647 6.541 6.556 7.148 7.589 7.411 7.101 7.22 7.59 7.725 7.838 7.769 7.51 6.783 6.408 6.351 6.652 6.848 7.004 6.889 6.554 6.659 6.843 7.014 7.087 7.098 7.031 6.881 6.906 6.993 6.98 7.096 7.138 7.014 7.017 6.959 7.028 7.233 7.209 7.138 7.035 7.038
-9999 -9999 -9999 -9999 -9999 -9999 7.111 7.381 7.284 7.211 7.22 7.185 7.14 7.009 7.331 7.178 7.138 7.202 7.154 7.343 7.097 6.965 6.114 5.273 4.405 4.743 4.692 5.075 4.424 4.772 6.47 6.265 6.0 6.987 6.294 6.556 7.098 7.372 7.634 7.227 6.912 6.558 7.085 7.631 7.729 7.805 7.766 7.102 6.322 6.253 6.337 6.739 6.775 6.93 6.806 6.899 6.94 7.135 7.287 7.335 7.255 7.128 7.059 7.066 7.172 7.22 7.145 7.025 6.836 6.843 7.046 7.055 7.225 7.174 7.26 7.366 7.32
-9999 -9999 -9999 -9999 -9999 -9999 7.366 7.335 7.341 7.384 6.998 6.806 6.714 7.119 7.356 7.287 7.331 6.936 6.833 7.134 7.303 7.217 6.496 6.259 6.096 5.854 5.555 5.318 4.712 5.16 4.87 5.561 6.247 5.914 5.628 7.157 7.401 7.568 7.097 7.015 6.451 6.778 7.215 7.734 7.708 7.486 6.662 6.22 6.333 6.552 6.494 6.651 6.78 6.855 7.015 6.925 7.212 7.388 7.551 7.552 7.344 7.147 7.039 7.104 7.271 7.285 7.149 6.787 6.835 6.877 6.929 7.148 7.263 7.397 7.466 7.636 7.508
-9999 -9999 -9999 -9999 7.779 7.62 7.48 7.443 -9999 7.417 7.259 7.072 7.349 7.483 7.59 -9999 7.374 7.052 7.185 6.835 7.423 6.533 6.581 6.407 6.202 6.186 6.521 6.039 5.663 5.517 5.447 5.705 6.119 5.149 6.195 7.225 7.173 7.498 7.36 6.785 6.875 7.191 7.654 7.817 7.607 6.865 6.751 6.41 6.544 6.515 6.733 6.821 6.865 7.006 7.171 7.235 7.371 7.369 7.633 7.602 7.48 7.334 7.3 7.266 7.261 7.146 6.871 6.783 6.757 7.01 7.066 7.181 7.321 7.365 7.391 7.691 7.664
-9999 -9999 -9999 -9999 7.779 -9999 -9999 -9999 7.672 7.571 7.401 -9999 -9999 -9999 -9999 -9999 7.499 7.346 6.975 7.718 7.378 7.16 7.03 6.776 6.974 7.065 5.383 5.346 6.32 6.309 6.206 6.053 5.573 5.688 6.928 7.027 7.423 7.424 6.7 7.057 7.18 7.754 7.867 7.854 7.369 6.921 6.909 6.627 6.809 6.936 6.934 7.025 7.16 7.222 7.319 7.355 7.416 7.368 7.443 7.618 7.369 7.37 7.336 7.311 7.094 6.99 6.867 6.723 6.841 7.175 7.329 7.395 7.363 7.333 7.438 7.688 7.8
-9999 -9999 -9999 -9999 -9999 -9999 7.717 7.653 7.556 7.702 7.464 -9999 -9999 -9999 -9999 -9999 -9999 -9999 -9999 8.018 7.801 7.73 7.851 7.453 7.156 5.697 5.171 5.223 5.544 5.981 6.065 6.109 6.261 6.275 6.664 7.407 7.499 6.536 6.919 7.074 7.945 7.947 7.862 7.723 7.001 6.947 6.802 6.841 7.008 7.155 7.194 7.235 7.26 7.321 7.248 7.305 7.398 7.483 7.449 7.516 7.371 7.279 7.09 6.982 7.149 6.919 6.835 6.895 7.043 7.286 7.555 7.492 7.47 7.561 7.814 7.994 7.867
-9999 -9999 -9999 -9999 -9999 -9999 -9999 7.639 -9999 -9999 -9999 -9999 -9999 -9999 -9999 -9999 -9999 7.539 7.76 7.711 7.602 8.012 8.107 7.844 7.094 6.356 5.521 5.319 5.829 6.652 6.388 6.026 6.327 6.661 7.474 7.83 7.448 7.112 7.315 7.786 -9999 7.899 7.757 7.395 6.648 6.633 6.86 6.996 7.176 7.215 7.296 7.256 7.271 7.259 7.348 7.363 7.471 7.508 7.516 7.365 7.205 7.023 6.764 6.784 6.885 7.262 7.123 7.106 7.344 7.471 7.653 7.738 7.62 7.77 8.115 8.302 8.261
-9999 -9999 -9999 -9999 -9999 -9999 -9999 -9999 -9999 -9999 -9999 -9999 -9999 -9999 -9999 -9999 -9999 7.624 7.707 7.908 7.782 -9999 -9999 -9999 7.665 6.603 6.759 6.482 6.91 6.811 6.231 6.48 7.245 7.543 7.735 7.985 7.772 7.841 7.9 -9999 7.892 7.587 7.587 7.001 6.585 6.903 7.033 7.197 7.201 7.158 7.26 7.304 7.286 7.298 7.142 7.127 7.22 7.231 7.375 7.413 7.128 6.696 6.791 6.873 7.145 7.434 7.527 7.373 7.564 7.786 7.878 8.003 8.032 7.791 8.155 8.474 8.434
-9999 -9999 -9999 -9999 -9999 -9999 -9999 -9999 -9999 -9999 -9999 -9999 -9999 -9999 -9999 -9999 -9999 -9999 -9999 -9999 -9999 -9999 -9999 -9999 8.199 7.661 7.095 7.22 7.416 7.318 7.134 7.448 7.734 7.848 7.955 8.024 8.059 -9999 -9999 8.014 7.81 7.623 7.479 6.978 6.785 6.981 7.089 7.268 7.377 7.174 7.227 7.277 7.028 6.879 6.806 6.625 6.515 6.828 7.044 7.195 7.139 6.894 6.861 7.213 7.253 7.488 7.746 7.675 7.717 7.823 8.001 8.146 8.247 8.413 8.411 8.619 8.58
-9999 -9999 -9999 -9999 -9999 -9999 -9999 -9999 -9999 -9999 -9999 -9999 -9999 -9999 -9999 -9999 -9999 -9999 -9999 -9999 -9999 -9999 -9999 -9999 7.919 7.73 7.649 7.65 7.448 7.411 7.644 7.871 8.052 8.088 -9999 -9999 -9999 -9999 -9999 7.976 7.759 7.669 7.479 6.999 6.801 6.956 7.005 7.283 7.422 7.204 6.906 6.951 6.665 6.56 6.598 6.623 6.546 6.607 7.005 7.05 7.312 7.429 7.278 7.564 7.61 7.679 7.842 7.89 7.983 8.069 8.074 8.118 8.296 8.529 8.715 8.704 8.476
-9999 -9999 -9999 -9999 -9999 -9999 -9999 -9999 -9999 -9999 -9999 -9999 -9999 -9999 -9999 -9999 -9999 -9999 -9999 -9999 -9999 -9999 -9999 -9999 -9999 -9999 7.789 7.38 7.329 7.515 7.557 7.868 8.082 -9999 -9999 -9999 -9999 7.769 7.581 7.589 7.922 7.825 7.515 6.838 6.778 6.8 6.935 7.218 7.298 6.947 6.585 6.48 6.597 6.512 6.676 6.695 6.901 6.937 7.035 7.272 7.334 7.634 7.804 7.757 7.766 7.746 7.759 7.723 7.921 8.138 8.181 8.198 8.203 8.359 8.473 8.537 8.371
-9999 -9999 -9999 -9999 -9999 -9999 -9999 -9999 -9999 -9999 -9999 -9999 -9999 -9999 -9999 -9999 -9999 -9999 -9999 -9999 -9999 -9999 -9999 -9999 -9999 -9999 -9999 7.764 7.633 7.591 7.625 7.918 -9999 -9999 -9999 -9999 7.852 7.753 7.533 7.501 7.582 7.695 7.555 7.22 7.23 6.841 6.959 7.105 6.861 6.733 6.657 6.434 6.59 6.717 6.888 7.021 7.144 7.286 7.254 7.245 7.397 7.617 7.686 7.653 7.557 7.637 7.694 7.657 7.742 8.022 8.125 8.178 8.267 8.265 8.268 8.179 8.091
-9999 -9999 -9999 -9999 -9999 -9999 -9999 -9999 -9999 -9999 -9999 -9999 -9999 -9999 -9999 -9999 -9999 -9999 -9999 -9999 -9999 -9999 -9999 -9999 -9999 -9999 -9999 -9999 -9999 -9999 -9999 -9999 -9999 -9999 -9999 7.748 7.893 7.855 7.552 7.349 7.65 7.606 7.332 7.423 7.171 7.005 7.29 7.18 6.96 6.801 6.771 6.766 6.629 6.714 6.844 6.727 6.963 7.107 7.193 7.198 7.22 7.452 7.561 7.494 7.398 7.378 7.545 7.676 7.769 7.894 7.996 7.951 8.016 7.967 7.942 7.754 7.513
-9999 -9999 -9999 -9999 -9999 -9999 -9999 -9999 -9999 -9999 -9999 -9999 -9999 -9999 -9999 -9999 -9999 -9999 -9999 -9999 -9999 -9999 -9999 -9999 -9999 -9999 -9999 -9999 -9999 -9999 -9999 -9999 -9999 -9999 7.979 7.871 7.608 7.372 6.419 7.057 7.56 7.384 7.286 7.209 7.035 7.273 7.365 7.393 7.235 7.024 7.061 6.78 6.594 6.381 6.56 6.708 6.412 6.738 6.961 7.146 7.276 7.399 7.501 7.473 7.411 7.421 7.406 7.53 7.733 7.834 7.811 7.716 7.427 7.48 7.411 7.26 6.932
-9999 -9999 -9999 -9999 -9999 -9999 -9999 -9999 -9999 -9999 -9999 -9999 -9999 -9999 -9999 -9999 -9999 -9999 -9999 -9999 -9999 -9999 -9999 -9999 -9999 -9999 -9999 -9999 -9999 -9999 -9999 -9999 -9999 -9999 8.027 7.847 7.848 7.247 6.84 6.648 6.887 7.115 7.194 6.976 7.225 7.252 7.295 7.037 6.825 6.769 6.908 6.915 6.731 6.705 6.549 6.664 6.778 6.752 6.939 7.061 7.231 7.413 7.479 7.483 7.375 7.34 7.411 7.451 7.57 7.59 7.31 7.264 7.166 7.092 7.279 7.197 6.932
-9999 -9999 -9999 -9999 -9999 -9999 -9999 -9999 -9999 -9999 -9999 -9999 -9999 -9999 -9999 -9999 -9999 -9999 -9999 -9999 -9999 6.398 6.134 5.562 5.879 -9999 6.584 -9999 -9999 -9999 -9999 -9999 -9999 -9999 -9999 8.048 7.95 7.725 7.449 7.159 6.835 6.797 6.877 7.16 7.19 7.175 6.887 6.729 6.935 6.907 6.991 6.932 6.877 7.027 7.143 7.162 7.063 7.135 7.034 6.924 6.813 7.024 7.278 7.292 7.244 7.26 7.227 7.291 7.461 7.397 7.116 7.067 7.302 7.231 7.307 7.378 7.351
-9999 -9999 -9999 -9999 -9999 -9999 -9999 -9999 -9999 -9999 -9999 -9999 -9999 -9999 -9999 -9999 -9999 -9999 7.206 6.993 6.747 6.31 5.566 5.246 5.527 5.717 6.383 7.334 7.93 -9999 -9999 7.457 7.915 8.103 8.2 8.1 8.007 8.054 7.886 7.6 7.213 6.846 6.951 7.149 7.104 6.674 6.963 7.219 7.025 7.119 7.206 7.239 7.128 7.159 7.274 7.318 7.44 7.357 7.183 6.979 6.934 6.791 6.865 7.14 7.253 7.328 7.459 7.268 7.392 6.936 6.842 6.994 7.229 7.366 7.386 7.501 7.388
-9999 -9999 -9999 -9999 -9999 -9999 -9999 -9999 -9999 -9999 -9999 -9999 -9999 -9999 -9999 -9999 -9999 7.138 7.237 7.359 7.27 6.641 5.6 5.185 5.411 5.7 6.148 6.606 7.281 7.547 7.396 7.345 7.373 7.962 8.066 8.104 7.937 7.77 7.913 7.661 7.088 7.017 7.082 6.991 6.472 6.921 6.922 7.133 7.286 7.311 7.372 7.335 7.172 7.25 7.242 7.359 7.355 7.388 7.262 7.098 6.841 6.652 6.893 7.145 7.3 6.997 7.148 7.412 7.358 7.413 7.004 7.146 7.237 7.314 7.341 7.285 7.391
-9999 -9999 -9999 -9999 -9999 -9999 -9999 -9999 -9999 -9999 -9999 -9999 -9999 -9999 -9999 -9999 -9999 7.167 7.738 8.04 7.738 6.796 6.231 5.846 5.536 5.862 6.25 6.798 6.599 6.501 6.95 7.221 7.418 7.353 7.877 8.088 7.902 7.898 7.641 7.393 7.41 7.332 7.184 6.833 6.89 6.942 6.897 7.263 7.38 7.417 7.369 7.303 7.13 7.086 7.391 7.448 7.425 7.482 7.492 7.384 7.151 6.765 6.69 7.151 7.294 7.149 6.942 7.251 7.516 7.588 7.587 7.488 7.193 7.159 7.261 7.209 6.96
-9999 -9999 -9999 -9999 -9999 -9999 -9999 -9999 -9999 -9999 -9999 -9999 -9999 -9999 -9999 -9999 -9999 7.681 8.185 7.917 7.747 7.208 7.162 6.738 6.705 6.638 6.77 6.853 6.404 6.608 7.337 7.597 7.7 7.931 8.133 8.145 8.013 7.713 7.451 7.534 7.477 7.305 7.097 7.162 7.157 7.178 7.193 7.289 7.188 7.17 7.336 7.513 7.442 7.426 7.504 7.441 7.48 7.644 7.418 7.3 7.316 6.92 6.554 7.025 7.393 7.314 7.268 7.405 7.599 7.741 7.667 7.487 7.322 7.304 7.48 7.523 7.342
-9999 -9999 -9999 -9999 -9999 -9999 -9999 -9999 -9999 -9999 -9999 -9999 -9999 7.391 6.941 -9999 7.555 8.096 7.731 7.502 7.559 7.691 7.499 7.348 6.937 6.693 6.801 7.003 7.003 7.241 7.583 7.924 8.05 8.018 7.956 7.957 7.994 7.764 7.644 7.55 7.412 7.064 7.307 7.323 7.259 7.039 6.921 7.036 6.886 6.941 7.195 7.523 7.56 7.561 7.579 7.711 7.619 7.696 7.596 7.176 7.334 7.228 7.118 7.189 7.577 7.571 7.433 7.448 7.611 7.767 7.836 7.747 7.636 7.551 7.593 7.634 7.679
-9999 -9999 -9999 -9999 -9999 -9999 -9999 -9999 -9999 -9999 -9999 -9999 -9999 7.23 6.959 7.324 7.607 7.675 7.457 7.575 7.237 7.174 7.271 6.817 6.783 6.753 6.828 7.122 7.066 7.204 7.514 7.248 7.063 7.341 7.637 7.926 7.972 7.732 7.525 7.352 7.236 7.129 7.371 7.27 7.388 7.28 7.021 6.911 7.035 7.077 7.311 7.426 7.495 7.545 7.813 7.839 7.856 7.914 7.792 7.465 7.385 7.313 7.123 7.163 6.958 7.243 7.473 7.529 7.708 7.801 7.779 7.781 7.792 7.76 7.636 7.65 7.678
-9999 -9999 -9999 -9999 -9999 -9999 -9999 -9999 -9999 -9999 -9999 -9999 7.606 7.19 7.189 7.259 7.329 7.427 7.464 7.355 7.199 7.316 7.289 6.991 6.941 6.839 7.071 7.295 7.568 7.673 7.297 6.686 6.83 6.945 7.16 7.728 7.734 7.621 7.575 7.421 7.33 7.265 7.335 7.442 7.589 7.468 7.103 7.307 7.31 7.373 7.405 7.463 7.444 7.418 7.786 8.156 8.255 8.038 8.024 7.76 7.67 7.64 7.496 7.379 7.095 6.895 7.066 6.845 7.367 7.199 7.178 7.575 7.764 7.284 7.042 7.103 7.562
-9999 -9999 -9999 -9999 -9999 -9999 -9999 -9999 -9999 -9999 -9999 -9999 -9999 7.593 7.348 7.315 7.456 7.517 7.581 7.56 7.511 7.447 7.378 7.228 7.122 7.346 7.491 7.703 7.619 7.699 7.057 6.737 6.807 6.608 7.032 7.418 7.337 7.396 7.48 7.438 7.286 7.32 7.339 7.376 7.373 7.216 7.552 7.409 7.444 7.471 7.488 7.461 7.43 7.536 7.723 8.087 8.265 -9999 7.953 7.887 7.644 7.716 7.774 7.736 7.603 7.417 7.431 7.299 7.262 7.403 7.051 7.154 7.492 7.46 6.961 6.819 7.262
-9999 -9999 -9999 -9999 -9999 -9999 -9999 -9999 -9999 -9999 -9999 -9999 7.747 7.836 7.546 7.443 7.396 7.352 7.529 7.633 7.533 7.392 7.203 7.285 7.522 7.66 7.662 7.66 7.718 7.495 7.298 7.33 7.143 6.837 7.375 7.514 6.937 7.171 7.188 6.761 6.968 6.831 6.786 6.995 7.088 7.333 7.552 7.677 7.597 7.598 7.516 7.481 7.442 7.523 7.707 7.877 8.097 8.185 -9999 8.0 -9999 7.978 -9999 7.863 -9999 7.738 7.72 7.699 7.641 7.656 7.545 7.636 -9999 -9999 -9999 7.45 7.188
-9999 -9999 -9999 -9999 -9999 -9999 -9999 -9999 -9999 -9999 -9999 -9999 7.888 7.708 7.517 7.481 7.214 7.175 7.108 7.324 7.129 7.026 7.108 7.412 7.674 7.749 7.825 7.846 7.766 7.648 7.447 7.33 7.036 7.324 7.711 6.952 7.038 7.572 7.223 7.122 6.999 6.756 6.947 7.284 7.375 7.637 7.751 7.627 7.751 7.736 7.604 7.564 7.51 7.517 7.718 7.839 8.036 8.155 -9999 -9999 8.212 8.223 -9999 -9999 7.872 7.858 7.834 -9999 -9999 -9999 -9999 -9999 -9999 -9999 -9999 -9999 -9999
-9999 -9999 -9999 -9999 -9999 -9999 -9999 -9999 -9999 -9999 -9999 7.562 7.601 7.549 7.512 7.563 7.455 7.21 7.202 6.961 6.404 6.4 6.824 7.142 7.311 7.453 7.78 7.871 7.678 7.628 7.396 6.95 6.957 7.366 7.252 7.161 7.886 7.811 7.481 7.131 6.865 7.211 7.529 7.502 7.684 7.76 7.824 7.931 8.032 7.809 7.79 7.773 7.823 7.704 7.785 -9999 -9999 -9999 8.102 -9999 -9999 -9999 -9999 -9999 -9999 7.789 -9999 -9999 -9999 -9999 -9999 -9999 -9999 -9999 -9999 -9999 -9999
-9999 -9999 -9999 -9999 -9999 -9999 -9999 -9999 -9999 -9999 7.69 7.038 7.043 7.339 7.82 7.86 7.749 7.551 7.245 6.344 5.439 5.683 6.729 6.867 6.745 7.43 7.429 7.865 7.866 7.558 7.661 7.724 7.856 -9999 -9999 -9999 -9999 -9999 7.919 7.447 7.145 7.326 7.558 7.722 7.772 7.893 7.939 8.06 -9999 7.835 -9999 -9999 -9999 -9999 -9999 7.768 7.778 7.778 7.706 7.746 8.066 -9999 -9999 -9999 -9999 -9999 -9999 -9999 -9999 -9999 -9999 -9999 -9999 -9999 -9999 -9999 -9999
-9999 -9999 -9999 -9999 -9999 -9999 -9999 -9999 -9999 8.309 7.176 6.6 6.803 7.342 7.608 7.829 7.952 7.43 6.826 5.702 5.057 5.431 6.062 6.422 7.142 6.879 7.556 7.932 7.967 8.132 -9999 -9999 -9999 -9999 -9999 -9999 -9999 -9999 -9999 -9999 7.878 7.855 7.959 7.694 7.511 7.483 7.739 7.44 7.725 -9999 -9999 -9999 -9999 -9999 -9999 -9999 7.817 7.575 7.715 7.69 -9999 -9999 -9999 -9999 -9999 -9999 -9999 -9999 -9999 -9999 -9999 -9999 -9999 -9999 -9999 -9999 -9999
-9999 -9999 -9999 -9999 -9999 -9999 -9999 8.443 8.547 7.97 7.201 6.688 6.559 6.772 7.374 7.928 7.655 7.214 6.647 5.846 5.227 5.733 6.213 6.8 6.918 7.836 7.434 7.636 -9999 -9999 -9999 -9999 -9999 -9999 -9999 -9999 -9999 -9999 -9999 -9999 -9999 8.346 -9999 -9999 -9999 -9999 -9999 7.783 7.485 -9999 -9999 -9999 -9999 -9999 -9999 -9999 -9999 -9999 7.514 7.476 -9999 -9999 -9999 -9999 -9999 -9999 -9999 -9999 -9999 -9999 -9999 -9999 -9999 -9999 -9999 -9999 -9999
-9999 -9999 -9999 -9999 -9999 -9999 8.435 -9999 8.234 8.058 7.421 6.81 6.588 6.727 7.294 7.463 7.28 7.63 7.37 6.331 5.874 6.117 6.849 7.16 7.59 7.92 8.054 8.395 -9999 -9999 -9999 -9999 -9999 -9999 -9999 -9999 -9999 -9999 -9999 -9999 -9999 -9999 8.273 -9999 -9999 -9999 -9999 -9999 -9999 -9999 -9999 -9999 -9999 -9999 -9999 -9999 -9999 -9999 -9999 -9999 -9999 -9999 -9999 -9999 -9999 -9999 -9999 -9999 -9999 -9999 -9999 -9999 -9999 -9999 -9999 -9999 -9999
-9999 -9999 -9999 -9999 -9999 8.559 8.431 7.797 8.1 8.14 7.642 7.372 7.119 7.127 7.393 7.272 7.476 -9999 7.58 6.773 6.149 5.716 6.339 7.398 7.685 8.126 8.34 -9999 -9999 -9999 -9999 -9999 -9999 -9999 -9999 -9999 -9999 -9999 -9999 -9999 -9999 -9999 -9999 -9999 -9999 -9999 -9999 -9999 -9999 -9999 -9999 -9999 -9999 -9999 -9999 -9999 -9999 -9999 -9999 -9999 -9999 -9999 -9999 -9999 -9999 -9999 -9999 -9999 -9999 -9999 -9999 -9999 -9999 -9999 -9999 -9999 -9999
-9999 -9999 -9999 -9999 -9999 8.555 8.059 7.785 7.723 7.763 7.657 7.569 7.326 7.537 7.7 7.716 8.21 8.118 7.883 7.267 6.197 5.903 6.797 7.24 7.755 7.985 8.006 -9999 -9999 -9999 -9999 -9999 -9999 -9999 -9999 -9999 -9999 -9999 -9999 -9999 -9999 -9999 -9999 -9999 -9999 -9999 -9999 -9999 -9999 -9999 -9999 -9999 -9999 -9999 -9999 -9999 -9999 -9999 -9999 -9999 -9999 -9999 -9999 -9999 -9999 -9999 -9999 -9999 -9999 -9999 -9999 -9999 -9999 -9999 -9999 -9999 -9999
-9999 -9999 -9999 -9999 8.627 8.4 7.967 7.475 7.311 7.515 7.633 7.696 7.699 7.808 7.572 8.029 8.318 8.255 7.92 7.617 7.072 6.928 7.256 7.659 7.791 7.783 -9999 -9999 -9999 -9999 -9999 -9999 -9999 -9999 -9999 -9999 -9999 -9999 -9999 -9999 -9999 -9999 -9999 -9999 -9999 -9999 -9999 -9999 -9999 -9999 -9999 -9999 -9999 -9999 -9999 -9999 -9999 -9999 -9999 -9999 -9999 -9999 -9999 -9999 -9999 -9999 -9999 -9999 -9999 -9999 -9999 -9999 -9999 -9999 -9999 -9999 -9999
