Validation/Results/raw data/ReClimate_04_2024_2_Temperature-Actualsweatherlogisticsltd.asc
NCOLS 192
NROWS 249
XLLCENTER -225160.85627316462
YLLCENTER 29788.11610251502
CELLSIZE 5000.0
NODATA_VALUE -9999
[rows 102 to 135 of 249, columns 75 to 149 of 192]
10.49 9.385 10.003 9.954 11.883 12.575 -9999 -9999 11.575 -9999 -9999 12.459 9.909 9.69 11.43 10.375 8.037 9.861 8.858 8.978 9.288 9.828 11.66 10.773 9.79 8.822 9.464 10.55 9.838 10.121 11.376 12.248 12.677 12.53 11.981 11.086 11.904 12.242 12.466 12.718 12.482 12.307 -9999 -9999 -9999 -9999 -9999 -9999 -9999 -9999 -9999 -9999 -9999 -9999 -9999 -9999 -9999 -9999 -9999 -9999 -9999 -9999 -9999 -9999 -9999 -9999 -9999 -9999 -9999 -9999 -9999 -9999 -9999 -9999 -9999
11.235 11.115 10.299 11.615 -9999 -9999 -9999 12.309 11.28 11.993 11.797 11.679 10.658 12.54 12.034 10.205 10.041 10.466 10.599 10.629 10.599 10.784 9.87 10.729 9.815 10.077 9.863 9.507 10.205 11.053 11.957 12.556 12.672 12.368 11.605 12.154 12.671 -9999 -9999 12.861 -9999 -9999 -9999 -9999 -9999 -9999 -9999 -9999 -9999 -9999 -9999 -9999 -9999 -9999 -9999 -9999 -9999 -9999 -9999 -9999 -9999 -9999 -9999 -9999 -9999 -9999 -9999 -9999 -9999 -9999 -9999 -9999 -9999 -9999 -9999
11.933 10.889 -9999 11.466 -9999 -9999 -9999 12.132 11.428 11.443 11.504 12.022 12.609 11.664 10.35 10.042 10.538 10.945 10.509 10.062 10.646 10.132 11.635 10.752 10.479 11.265 11.711 11.97 11.844 12.339 12.639 12.66 12.829 12.776 12.533 12.811 -9999 12.516 12.631 12.512 12.414 -9999 -9999 -9999 -9999 -9999 -9999 -9999 -9999 -9999 -9999 -9999 -9999 -9999 -9999 -9999 -9999 -9999 -9999 -9999 -9999 -9999 -9999 -9999 -9999 -9999 -9999 -9999 -9999 -9999 -9999 -9999 -9999 -9999 -9999
12.33 -9999 -9999 -9999 -9999 12.411 12.083 11.342 11.539 11.177 11.686 11.433 10.441 9.869 9.784 10.887 10.701 11.292 9.876 11.104 9.546 11.314 10.244 9.337 11.303 11.986 11.736 12.05 12.606 12.666 12.887 13.017 13.093 13.101 -9999 12.653 12.456 12.54 12.409 12.608 12.344 -9999 -9999 -9999 -9999 -9999 -9999 -9999 -9999 -9999 -9999 -9999 -9999 -9999 -9999 -9999 -9999 -9999 -9999 -9999 -9999 -9999 -9999 -9999 -9999 -9999 -9999 -9999 -9999 -9999 -9999 -9999 -9999 -9999 -9999
-9999 -9999 -9999 -9999 -9999 12.201 12.633 12.203 11.302 11.529 11.917 10.616 11.473 11.343 10.852 9.926 11.348 11.4 10.516 9.82 10.679 10.788 9.543 10.654 10.579 10.216 11.243 11.803 11.927 12.19 12.424 12.236 12.171 11.965 12.02 12.427 12.706 12.497 12.247 12.36 12.167 12.106 -9999 -9999 -9999 -9999 -9999 -9999 -9999 -9999 -9999 -9999 -9999 -9999 -9999 -9999 -9999 -9999 -9999 -9999 -9999 -9999 -9999 -9999 -9999 -9999 -9999 -9999 -9999 -9999 -9999 -9999 -9999 -9999 -9999
-9999 -9999 -9999 -9999 12.061 -9999 -9999 11.961 11.343 12.13 11.012 11.457 -9999 -9999 10.305 10.035 10.838 11.381 10.468 10.792 11.153 10.798 11.118 11.928 11.244 11.468 11.803 12.064 11.47 10.93 10.588 10.959 11.181 11.678 12.003 12.139 12.698 12.097 12.047 11.869 11.923 11.972 12.082 -9999 -9999 -9999 -9999 -9999 -9999 -9999 -9999 -9999 -9999 -9999 -9999 -9999 -9999 -9999 -9999 -9999 -9999 -9999 -9999 -9999 -9999 -9999 -9999 -9999 -9999 -9999 -9999 -9999 -9999 -9999 -9999
-9999 -9999 -9999 -9999 12.093 -9999 12.312 11.832 12.141 10.94 11.007 12.48 12.611 10.773 10.009 10.953 12.888 10.871 9.613 11.798 11.91 11.497 12.078 12.343 12.43 12.605 12.405 11.132 9.975 10.056 10.782 11.29 11.913 12.137 11.962 12.167 12.236 12.169 12.399 12.52 12.457 12.426 -9999 -9999 -9999 -9999 -9999 -9999 -9999 -9999 -9999 -9999 -9999 -9999 -9999 -9999 -9999 -9999 -9999 -9999 -9999 -9999 -9999 -9999 -9999 -9999 -9999 -9999 -9999 -9999 -9999 -9999 -9999 -9999 -9999
-9999 -9999 -9999 -9999 12.126 -9999 12.22 12.55 11.884 11.64 12.338 -9999 10.911 11.229 -9999 11.118 11.178 10.932 11.925 10.756 12.145 12.616 12.987 13.048 13.24 13.259 12.638 11.494 12.029 12.351 12.363 12.117 11.929 12.182 12.107 12.38 12.401 12.489 -9999 -9999 -9999 -9999 -9999 -9999 -9999 -9999 -9999 -9999 -9999 -9999 -9999 -9999 -9999 -9999 -9999 -9999 -9999 -9999 -9999 -9999 -9999 -9999 -9999 -9999 -9999 -9999 -9999 -9999 -9999 -9999 -9999 -9999 -9999 -9999 -9999
-9999 -9999 11.789 11.818 -9999 -9999 12.659 12.431 11.973 12.463 12.439 10.56 11.085 10.115 -9999 11.813 11.007 11.777 11.877 11.794 12.113 12.732 12.61 12.425 12.306 12.505 12.968 13.247 13.257 13.02 12.534 12.041 11.951 12.115 12.199 12.302 12.454 -9999 -9999 -9999 -9999 -9999 -9999 -9999 -9999 -9999 -9999 -9999 -9999 -9999 -9999 -9999 -9999 -9999 -9999 -9999 -9999 -9999 -9999 -9999 -9999 -9999 -9999 -9999 -9999 -9999 -9999 -9999 -9999 -9999 -9999 -9999 -9999 -9999 -9999
-9999 12.225 11.946 12.1 -9999 12.574 11.383 11.505 12.368 -9999 10.968 11.383 10.356 10.353 -9999 11.471 10.766 11.996 13.04 12.934 13.006 12.723 12.332 11.937 11.324 11.884 12.758 13.214 -9999 13.22 12.778 12.517 12.411 12.189 11.753 12.055 -9999 -9999 -9999 -9999 -9999 -9999 -9999 -9999 -9999 -9999 -9999 -9999 -9999 -9999 -9999 -9999 -9999 -9999 -9999 -9999 -9999 -9999 -9999 -9999 -9999 -9999 -9999 -9999 -9999 -9999 -9999 -9999 -9999 -9999 -9999 -9999 -9999 -9999 -9999
-9999 12.381 12.414 -9999 -9999 11.957 10.747 11.699 -9999 11.645 11.433 11.401 10.863 11.362 -9999 12.433 12.372 12.839 13.127 12.988 12.73 12.329 10.625 10.556 10.889 11.593 12.653 13.295 13.42 13.524 -9999 -9999 12.917 12.485 -9999 -9999 -9999 -9999 -9999 -9999 12.455 12.407 12.571 -9999 -9999 -9999 -9999 -9999 -9999 -9999 -9999 -9999 -9999 -9999 -9999 -9999 -9999 -9999 -9999 -9999 -9999 -9999 -9999 -9999 -9999 -9999 -9999 -9999 -9999 -9999 -9999 -9999 -9999 -9999 -9999
12.252 11.745 -9999 -9999 11.551 11.167 11.979 11.444 -9999 11.636 11.241 12.095 12.107 10.956 -9999 -9999 -9999 13.201 12.736 12.038 11.951 11.749 11.798 12.183 12.264 12.714 12.857 12.788 12.93 13.174 13.199 12.908 12.686 12.826 -9999 -9999 -9999 -9999 -9999 12.461 12.394 12.38 12.724 12.772 -9999 -9999 -9999 -9999 -9999 -9999 -9999 -9999 -9999 -9999 -9999 -9999 -9999 -9999 -9999 -9999 -9999 -9999 -9999 -9999 -9999 -9999 -9999 -9999 -9999 -9999 -9999 -9999 -9999 -9999 -9999
11.5 11.913 -9999 -9999 -9999 12.517 11.264 11.705 -9999 11.582 -9999 12.466 11.361 12.31 -9999 12.86 12.461 12.412 -9999 12.568 12.895 12.855 13.024 12.89 12.939 12.841 12.597 12.283 12.427 12.593 12.168 12.144 12.643 12.912 12.999 12.852 12.832 -9999 12.588 12.4 12.382 12.575 12.323 11.947 11.825 12.663 -9999 -9999 -9999 -9999 -9999 -9999 -9999 -9999 -9999 -9999 -9999 -9999 -9999 -9999 -9999 -9999 -9999 -9999 -9999 -9999 -9999 -9999 -9999 -9999 -9999 -9999 -9999 -9999 -9999
11.877 -9999 -9999 -9999 -9999 11.531 10.925 12.149 -9999 12.588 -9999 12.475 12.823 -9999 12.609 11.765 11.518 12.431 12.979 13.194 13.192 13.458 13.297 12.972 12.914 12.591 12.007 11.856 11.977 12.036 12.058 12.331 12.544 12.538 12.476 12.288 12.714 12.714 12.246 12.29 12.307 12.161 11.518 11.244 11.077 11.452 12.272 12.342 12.122 -9999 -9999 -9999 -9999 -9999 -9999 -9999 -9999 -9999 -9999 -9999 -9999 -9999 -9999 -9999 -9999 -9999 -9999 -9999 -9999 -9999 -9999 -9999 -9999 -9999 -9999
12.852 -9999 -9999 -9999 -9999 11.506 12.264 11.926 11.644 -9999 -9999 13.07 12.978 -9999 12.453 11.237 11.163 12.26 12.717 13.202 13.535 13.476 13.347 13.442 13.199 12.692 12.171 11.603 11.617 11.723 11.918 11.912 11.706 11.508 11.217 11.81 12.502 12.401 12.104 11.964 11.6 10.549 10.437 10.965 11.02 11.439 11.494 12.033 12.162 11.903 -9999 -9999 -9999 -9999 -9999 -9999 -9999 -9999 -9999 -9999 -9999 -9999 -9999 -9999 -9999 -9999 -9999 -9999 -9999 -9999 -9999 -9999 -9999 -9999 -9999
-9999 -9999 -9999 -9999 -9999 12.157 12.247 11.412 12.452 -9999 -9999 12.898 12.936 -9999 -9999 11.361 11.649 12.515 12.488 12.447 12.772 12.918 13.044 12.818 13.201 13.153 12.493 12.016 11.557 11.36 11.154 11.178 10.758 10.702 11.289 11.766 11.855 11.775 11.526 11.198 10.632 10.523 10.528 10.954 11.251 11.623 12.216 12.299 11.981 11.843 -9999 -9999 -9999 -9999 -9999 -9999 -9999 -9999 -9999 -9999 -9999 -9999 -9999 -9999 -9999 -9999 -9999 -9999 -9999 -9999 -9999 -9999 -9999 -9999 -9999
-9999 -9999 -9999 -9999 -9999 12.56 11.82 12.015 -9999 -9999 -9999 -9999 12.856 -9999 12.601 11.677 12.508 12.788 12.222 11.99 11.909 12.288 12.304 12.422 12.589 12.82 12.752 11.946 11.414 11.309 11.314 10.906 10.633 11.079 11.398 11.283 11.171 10.636 10.776 11.068 11.312 11.212 11.005 11.257 11.506 11.969 12.447 12.404 12.29 12.213 11.824 -9999 -9999 -9999 -9999 -9999 -9999 -9999 -9999 -9999 -9999 -9999 -9999 -9999 -9999 -9999 -9999 -9999 -9999 -9999 -9999 -9999 -9999 -9999 -9999
-9999 -9999 -9999 11.775 11.815 11.7 12.124 -9999 -9999 11.556 -9999 -9999 -9999 -9999 12.619 12.405 12.814 12.766 12.481 12.01 11.706 11.625 11.483 11.539 11.984 12.274 12.418 12.38 11.698 11.662 11.488 11.32 11.506 11.425 10.967 11.018 10.065 9.749 10.401 10.98 11.398 11.647 11.515 11.705 11.705 12.065 12.435 12.538 12.556 12.412 12.169 -9999 -9999 -9999 -9999 -9999 -9999 -9999 -9999 -9999 -9999 -9999 -9999 -9999 -9999 -9999 -9999 -9999 -9999 -9999 -9999 -9999 -9999 -9999 -9999
-9999 -9999 -9999 -9999 11.452 11.639 12.483 -9999 11.728 10.896 11.602 -9999 -9999 -9999 -9999 12.911 12.998 13.083 12.861 12.482 12.076 11.549 11.385 11.602 11.861 11.986 12.25 11.986 12.133 11.865 11.603 11.347 11.321 10.848 11.526 11.015 10.882 10.737 10.261 10.585 11.469 11.699 12.043 12.111 12.109 12.281 12.47 12.581 12.63 12.36 12.225 12.073 -9999 -9999 -9999 -9999 -9999 -9999 -9999 -9999 -9999 -9999 -9999 -9999 -9999 -9999 -9999 -9999 -9999 -9999 -9999 -9999 -9999 -9999 -9999
-9999 -9999 -9999 -9999 11.897 11.739 12.071 -9999 12.23 11.227 12.062 -9999 -9999 -9999 -9999 -9999 12.996 13.116 13.106 13.028 12.714 12.315 11.955 11.532 11.09 11.282 11.663 11.95 11.865 11.594 11.446 11.489 11.211 11.311 11.669 11.439 11.365 11.361 11.731 11.753 11.993 12.041 12.352 12.203 12.414 12.813 12.821 12.801 12.698 12.501 12.064 12.051 12.086 -9999 -9999 -9999 -9999 -9999 -9999 -9999 -9999 -9999 -9999 -9999 -9999 -9999 -9999 -9999 -9999 -9999 -9999 -9999 -9999 -9999 -9999
-9999 -9999 -9999 -9999 11.731 11.28 -9999 -9999 12.739 11.955 11.588 12.438 -9999 -9999 -9999 -9999 -9999 12.986 12.865 12.756 12.655 11.923 11.257 10.919 10.598 10.744 11.15 11.518 11.245 11.493 11.457 11.097 10.958 11.351 9.977 10.882 10.737 11.534 11.107 11.665 12.18 12.084 12.334 12.561 12.811 12.706 12.397 12.301 12.469 12.286 12.434 11.779 12.041 12.094 12.104 -9999 -9999 -9999 -9999 -9999 -9999 -9999 -9999 -9999 -9999 -9999 -9999 -9999 -9999 -9999 -9999 -9999 -9999 -9999 -9999
-9999 -9999 -9999 -9999 11.384 12.056 -9999 -9999 12.054 11.152 11.332 -9999 -9999 -9999 -9999 -9999 -9999 12.917 12.786 12.667 12.41 11.803 11.506 11.438 11.148 11.093 11.009 11.064 11.159 11.254 10.389 9.726 10.64 9.644 9.183 9.703 10.95 10.895 11.619 12.382 11.945 12.04 12.347 12.348 12.434 12.504 12.297 12.246 11.682 11.468 12.039 11.84 11.64 12.094 12.183 -9999 -9999 -9999 -9999 -9999 -9999 -9999 -9999 -9999 -9999 -9999 -9999 -9999 -9999 -9999 -9999 -9999 -9999 -9999 -9999
-9999 -9999 -9999 -9999 11.72 12.616 -9999 -9999 -9999 12.187 11.943 12.053 -9999 -9999 -9999 -9999 -9999 12.947 12.766 12.661 12.447 12.058 11.881 11.276 10.562 10.339 10.827 10.764 11.282 11.113 10.427 10.258 10.722 9.188 9.82 10.609 10.364 10.89 11.979 11.726 11.974 11.923 12.096 12.421 12.253 12.044 12.062 11.639 10.3 10.555 11.082 11.791 11.735 11.891 12.114 -9999 -9999 -9999 -9999 -9999 -9999 -9999 -9999 -9999 -9999 -9999 -9999 -9999 -9999 -9999 -9999 -9999 -9999 -9999 -9999
-9999 -9999 -9999 11.272 11.75 12.359 -9999 -9999 -9999 -9999 -9999 -9999 -9999 -9999 -9999 -9999 -9999 12.673 12.494 12.461 12.219 11.911 11.69 10.962 10.601 10.603 10.896 11.051 10.76 10.778 10.006 10.192 9.527 9.192 9.895 10.625 10.363 10.859 11.131 11.675 11.692 12.083 12.069 11.928 12.09 11.786 11.646 10.535 10.262 10.025 11.162 12.009 12.149 12.05 12.059 12.332 -9999 -9999 -9999 -9999 -9999 -9999 -9999 -9999 -9999 -9999 -9999 -9999 -9999 -9999 -9999 -9999 -9999 -9999 -9999
-9999 -9999 11.168 11.252 11.379 12.385 -9999 -9999 -9999 -9999 -9999 -9999 -9999 -9999 -9999 12.905 12.734 12.655 12.286 11.772 11.387 11.516 11.516 11.41 11.261 11.708 11.251 10.419 10.553 10.545 10.509 10.856 10.352 9.454 10.831 10.637 10.647 10.829 11.295 11.715 12.139 11.624 11.706 11.908 11.739 11.479 10.757 10.585 10.506 10.549 11.244 12.272 12.45 12.167 12.139 12.251 -9999 -9999 -9999 -9999 -9999 -9999 -9999 -9999 -9999 -9999 -9999 -9999 -9999 -9999 -9999 -9999 -9999 -9999 -9999
-9999 -9999 11.187 11.721 12.589 -9999 -9999 -9999 -9999 -9999 -9999 -9999 -9999 -9999 -9999 12.885 13.017 12.752 11.957 11.455 11.459 10.801 10.43 10.554 10.583 10.984 11.159 11.369 11.201 10.67 10.979 11.464 11.106 10.743 10.033 10.553 10.373 11.037 11.434 12.099 11.728 11.607 11.737 11.549 11.052 10.463 10.245 10.741 11.105 11.388 11.855 11.815 11.82 12.062 12.103 12.244 -9999 -9999 -9999 -9999 -9999 -9999 -9999 -9999 -9999 -9999 -9999 -9999 -9999 -9999 -9999 -9999 -9999 -9999 -9999
-9999 -9999 -9999 -9999 -9999 -9999 -9999 -9999 -9999 -9999 -9999 -9999 -9999 -9999 -9999 12.961 12.961 12.06 11.845 11.576 11.262 10.29 10.192 9.618 10.068 10.5 11.037 11.346 11.01 9.705 10.313 11.666 11.713 10.379 10.319 10.625 10.724 10.682 11.437 11.007 10.872 11.219 10.801 10.396 10.013 10.884 11.119 11.216 11.264 11.399 12.125 12.25 12.08 12.197 12.421 12.441 -9999 -9999 -9999 -9999 -9999 -9999 -9999 -9999 -9999 -9999 -9999 -9999 -9999 -9999 -9999 -9999 -9999 -9999 -9999
-9999 -9999 -9999 -9999 -9999 -9999 -9999 -9999 -9999 -9999 -9999 -9999 -9999 -9999 12.711 12.359 11.723 11.788 11.316 11.484 11.31 11.053 9.981 10.041 9.948 10.345 10.734 11.753 11.292 10.688 10.936 11.518 11.697 11.246 11.037 10.94 10.756 10.785 10.322 11.062 11.347 11.095 10.739 9.629 10.544 10.499 11.033 11.527 11.277 11.381 11.259 12.038 12.461 12.601 12.586 12.56 -9999 -9999 -9999 -9999 -9999 -9999 -9999 -9999 -9999 -9999 -9999 -9999 -9999 -9999 -9999 -9999 -9999 -9999 -9999
-9999 -9999 -9999 -9999 -9999 -9999 -9999 -9999 -9999 -9999 -9999 -9999 -9999 -9999 12.232 11.967 11.625 10.711 10.97 11.46 11.309 10.438 11.066 10.575 10.419 10.788 11.29 12.257 12.082 11.503 11.205 11.322 12.101 11.763 11.576 11.446 11.323 10.504 11.442 10.883 11.297 11.282 9.869 11.047 10.618 10.782 11.258 11.138 11.614 11.406 10.954 11.493 12.103 12.311 12.488 12.611 -9999 -9999 -9999 -9999 -9999 -9999 -9999 -9999 -9999 -9999 -9999 -9999 -9999 -9999 -9999 -9999 -9999 -9999 -9999
-9999 -9999 -9999 -9999 -9999 -9999 -9999 -9999 -9999 -9999 -9999 -9999 -9999 12.417 11.941 12.096 11.053 11.245 10.89 10.005 10.494 11.049 11.317 10.863 11.104 11.26 11.307 11.737 11.847 11.538 11.568 12.384 12.378 11.996 11.473 11.399 10.638 11.606 11.274 10.838 11.606 10.542 10.441 11.17 11.448 11.67 11.182 11.256 11.389 11.048 11.281 11.644 12.094 12.335 12.488 12.665 12.669 -9999 -9999 -9999 -9999 -9999 -9999 -9999 -9999 -9999 -9999 -9999 -9999 -9999 -9999 -9999 -9999 -9999 -9999
-9999 -9999 -9999 -9999 -9999 -9999 -9999 -9999 -9999 -9999 -9999 -9999 12.238 12.114 12.112 12.097 11.841 11.573 10.846 10.905 10.769 10.475 11.787 11.782 11.588 11.267 11.265 11.57 11.913 12.34 12.532 12.224 12.499 12.148 11.683 11.333 11.582 11.863 11.521 11.518 11.748 10.678 10.42 10.81 11.036 11.219 11.322 11.642 11.54 11.159 11.546 11.789 12.058 12.312 12.643 12.758 12.783 -9999 -9999 -9999 -9999 -9999 -9999 -9999 -9999 -9999 -9999 -9999 -9999 -9999 -9999 -9999 -9999 -9999 -9999
-9999 -9999 -9999 -9999 -9999 -9999 -9999 -9999 -9999 -9999 -9999 -9999 12.09 11.044 11.91 12.018 12.027 12.12 11.448 10.241 10.42 11.555 11.854 12.148 11.882 11.639 11.435 11.245 12.429 12.803 12.549 12.557 12.169 12.223 11.766 11.884 11.851 12.094 11.834 11.888 11.422 11.18 10.839 10.767 11.018 11.094 11.65 11.988 11.788 11.666 11.608 11.781 12.184 12.626 12.736 12.817 12.837 -9999 -9999 -9999 -9999 -9999 -9999 -9999 -9999 -9999 -9999 -9999 -9999 -9999 -9999 -9999 -9999 -9999 -9999
-9999 -9999 -9999 -9999 -9999 -9999 -9999 -9999 -9999 -9999 -9999 12.075 11.146 11.559 11.726 11.852 12.17 12.299 11.438 10.94 11.274 11.341 11.874 12.034 12.143 11.766 11.387 12.083 12.344 12.58 12.95 12.507 12.451 12.251 12.302 12.184 12.241 12.369 12.278 11.796 11.987 11.568 10.904 11.179 11.184 11.321 11.406 11.883 12.051 12.403 12.062 12.048 12.336 12.752 13.003 12.941 12.885 12.926 -9999 -9999 -9999 -9999 -9999 -9999 -9999 -9999 -9999 -9999 -9999 -9999 -9999 -9999 -9999 -9999 -9999
-9999 -9999 -9999 -9999 -9999 -9999 -9999 -9999 -9999 -9999 12.251 -9999 12.167 11.737 11.74 11.889 12.312 12.664 12.255 12.097 11.429 10.986 11.651 12.172 12.33 12.27 12.274 12.36 12.397 12.587 12.759 12.463 12.663 12.629 12.596 12.547 12.672 12.747 12.621 12.445 12.201 11.884 11.948 11.689 11.61 11.557 11.837 12.249 12.889 12.342 12.031 12.336 12.567 12.792 13.01 13.168 13.152 12.964 -9999 -9999 -9999 -9999 -9999 -9999 -9999 -9999 -9999 -9999 -9999 -9999 -9999 -9999 -9999 -9999 -9999
