Validation/Results/raw data/ReClimate_01_2024_2.asc
NCOLS 192
NROWS 249
XLLCENTER -225160.85627316462
YLLCENTER 29788.11610251502
CELLSIZE 5000.0
NODATA_VALUE -9999
[rows 132 to 164 of 249, columns 74 to 147 of 192]
-9999 -9999 -9999 -9999 -9999 -9999 -9999 -9999 -9999 -9999 -9999 -9999 -9999 101.521 101.056 99.993 98.58 99.313 99.014 98.049 98.577 99.347 100.458 101.408 101.214 101.143 101.255 100.511 100.331 100.63 100.102 102.052 103.043 101.267 100.247 99.687 99.663 100.611 100.679 100.031 99.799 99.284 99.976 103.456 103.46 103.464 103.466 103.453 103.436 103.418 103.398 103.378 103.356 103.332 103.306 103.278 103.246 103.21 -9999 -9999 -9999 -9999 -9999 -9999 -9999 -9999 -9999 -9999 -9999 -9999 -9999 -9999 -9999 -9999
103.397 -9999 -9999 -9999 -9999 -9999 -9999 -9999 -9999 -9999 -9999 -9999 -9999 101.816 101.767 100.77 100.118 99.828 99.524 99.777 99.749 100.769 101.995 101.265 99.569 100.076 101.323 100.96 100.326 100.427 101.472 102.172 102.642 101.839 101.066 101.353 102.161 102.427 103.049 102.922 102.886 102.519 103.053 103.495 103.496 103.494 103.48 103.458 103.436 103.414 103.392 103.367 103.343 103.317 103.289 103.26 103.228 103.194 -9999 -9999 -9999 -9999 -9999 -9999 -9999 -9999 -9999 -9999 -9999 -9999 -9999 -9999 -9999 -9999
102.392 -9999 -9999 -9999 -9999 -9999 -9999 -9999 -9999 -9999 -9999 -9999 102.09 102.481 102.476 101.851 101.121 100.534 99.429 99.376 99.305 100.462 101.896 101.107 101.399 101.628 100.489 100.025 99.772 100.648 101.556 101.837 101.906 101.319 100.785 101.136 100.922 101.427 101.91 101.741 101.312 101.539 103.537 103.529 103.521 103.505 103.477 103.45 103.425 103.4 103.375 103.35 103.325 103.3 103.273 103.244 103.212 103.177 103.141 -9999 -9999 -9999 -9999 -9999 -9999 -9999 -9999 -9999 -9999 -9999 -9999 -9999 -9999 -9999
104.854 -9999 -9999 -9999 -9999 -9999 -9999 -9999 -9999 -9999 -9999 103.041 -9999 103.559 103.632 103.251 103.299 102.681 102.633 102.865 103.648 103.984 102.887 102.947 102.719 102.153 102.254 101.907 101.444 101.221 99.289 99.773 100.98 101.272 102.823 102.856 103.232 103.556 103.736 103.441 103.224 104.015 103.557 103.541 103.524 103.493 103.463 103.435 103.409 103.383 103.359 103.335 103.31 103.285 103.259 103.23 103.199 103.163 103.122 -9999 -9999 -9999 -9999 -9999 -9999 -9999 -9999 -9999 -9999 -9999 -9999 -9999 -9999 -9999
104.557 103.991 -9999 -9999 -9999 -9999 -9999 -9999 -9999 -9999 -9999 104.015 -9999 103.788 103.41 103.106 102.252 102.365 102.791 102.655 101.226 100.755 101.063 101.317 102.362 102.385 102.325 101.938 101.678 100.857 101.337 -9999 -9999 -9999 -9999 -9999 -9999 103.025 102.514 102.35 102.194 102.407 103.566 103.544 103.512 103.48 103.449 103.421 103.394 103.369 103.344 103.32 103.297 103.273 103.248 103.22 103.189 103.152 103.108 103.05 -9999 -9999 -9999 -9999 -9999 -9999 -9999 -9999 -9999 -9999 -9999 -9999 -9999 -9999
104.673 104.064 103.317 -9999 -9999 -9999 -9999 -9999 -9999 -9999 -9999 104.217 104.531 104.516 105.066 104.303 103.492 103.632 103.45 102.423 101.727 102.252 103.279 103.676 103.294 102.885 101.872 101.876 102.402 103.017 103.981 -9999 -9999 -9999 -9999 102.15 102.867 102.808 102.113 102.154 102.611 103.599 103.573 103.537 103.501 103.468 103.437 103.408 103.381 103.355 103.331 103.308 103.285 103.262 103.238 103.212 103.181 103.144 103.1 103.048 -9999 -9999 -9999 -9999 -9999 -9999 -9999 -9999 -9999 -9999 -9999 -9999 -9999 -9999
104.602 104.495 104.525 104.124 -9999 -9999 -9999 -9999 -9999 -9999 -9999 104.52 103.973 104.087 -9999 -9999 103.404 103.211 102.984 102.331 -9999 101.466 101.283 101.386 102.241 101.601 101.328 101.693 102.079 -9999 -9999 -9999 -9999 -9999 102.511 103.251 103.412 102.947 102.652 102.667 102.724 103.61 103.57 103.529 103.492 103.458 103.426 103.396 103.368 103.342 103.317 103.294 103.273 103.251 103.229 103.205 103.175 103.137 103.091 103.037 -9999 -9999 -9999 -9999 -9999 -9999 -9999 -9999 -9999 -9999 -9999 -9999 -9999 -9999
106.155 105.693 104.448 104.453 -9999 -9999 -9999 -9999 -9999 -9999 -9999 -9999 103.934 103.992 -9999 -9999 -9999 103.78 103.216 102.799 102.76 -9999 -9999 101.917 102.628 102.287 101.78 101.961 -9999 -9999 -9999 -9999 -9999 101.917 101.829 101.917 101.905 101.609 101.202 100.942 101.92 103.609 103.564 103.523 103.484 103.448 103.415 103.383 103.355 103.328 103.303 103.28 103.259 103.239 103.219 103.199 103.171 103.131 103.08 103.023 -9999 -9999 -9999 -9999 -9999 -9999 -9999 -9999 -9999 -9999 -9999 -9999 -9999 -9999
104.123 103.596 104.373 -9999 -9999 -9999 -9999 -9999 -9999 -9999 -9999 -9999 -9999 104.053 -9999 -9999 -9999 -9999 103.474 103.383 103.252 -9999 -9999 -9999 101.584 99.713 -9999 -9999 -9999 -9999 -9999 -9999 -9999 101.892 101.546 101.895 102.867 102.757 102.983 102.812 103.655 103.606 103.56 103.517 103.476 103.438 103.403 103.371 103.341 103.314 103.288 103.265 103.243 103.223 103.205 103.188 103.167 103.124 103.065 103.004 -9999 -9999 -9999 -9999 -9999 -9999 -9999 -9999 -9999 -9999 -9999 -9999 -9999 -9999
104.221 104.561 -9999 -9999 -9999 -9999 -9999 -9999 -9999 -9999 -9999 -9999 -9999 103.84 -9999 -9999 -9999 -9999 -9999 103.439 103.486 -9999 -9999 -9999 -9999 -9999 -9999 -9999 -9999 -9999 -9999 -9999 -9999 102.255 99.212 99.434 98.633 99.848 102.744 102.986 103.653 103.604 103.557 103.511 103.468 103.428 103.391 103.357 103.326 103.298 103.271 103.246 103.224 103.203 103.183 103.164 103.14 103.1 103.041 102.978 102.91 -9999 -9999 -9999 -9999 -9999 -9999 -9999 -9999 -9999 -9999 -9999 -9999 -9999
104.676 -9999 104.762 105.2 105.453 105.088 -9999 -9999 -9999 -9999 -9999 -9999 -9999 103.601 -9999 -9999 -9999 -9999 -9999 -9999 -9999 -9999 -9999 -9999 -9999 -9999 -9999 -9999 -9999 -9999 -9999 -9999 103.162 101.553 100.306 100.267 101.304 102.87 102.919 103.395 103.651 103.603 103.553 103.504 103.459 103.418 103.381 103.346 103.314 103.283 103.255 103.225 103.198 103.173 103.149 103.123 103.093 103.052 102.999 102.939 102.877 102.812 -9999 -9999 -9999 -9999 -9999 -9999 -9999 -9999 -9999 -9999 -9999 -9999
104.738 104.735 104.772 105.239 105.804 105.305 -9999 -9999 -9999 -9999 -9999 -9999 -9999 -9999 -9999 -9999 -9999 -9999 -9999 -9999 -9999 -9999 -9999 -9999 -9999 -9999 -9999 -9999 -9999 -9999 -9999 101.063 101.294 100.922 101.682 101.803 100.637 100.92 101.629 102.286 103.647 103.599 103.549 103.5 103.455 103.413 103.375 103.339 103.303 103.268 103.235 103.203 103.172 103.142 103.112 103.08 103.043 103.0 102.95 102.894 102.835 102.773 -9999 -9999 -9999 -9999 -9999 -9999 -9999 -9999 -9999 -9999 -9999 -9999
104.73 104.715 104.615 104.814 -9999 104.149 104.527 -9999 -9999 -9999 -9999 -9999 -9999 -9999 -9999 -9999 -9999 -9999 -9999 -9999 -9999 -9999 -9999 -9999 -9999 -9999 -9999 -9999 -9999 -9999 -9999 103.377 102.703 103.051 102.913 102.199 101.907 102.305 102.371 103.255 103.643 103.593 103.543 103.496 103.451 103.408 103.364 103.323 103.283 103.246 103.211 103.178 103.145 103.113 103.08 103.044 103.004 102.958 102.906 102.85 102.792 102.731 102.664 102.592 -9999 -9999 -9999 -9999 -9999 -9999 -9999 -9999 -9999 -9999
104.686 104.644 104.666 104.531 -9999 -9999 104.45 -9999 -9999 -9999 -9999 -9999 -9999 -9999 -9999 -9999 -9999 -9999 -9999 -9999 -9999 -9999 -9999 -9999 -9999 -9999 -9999 -9999 -9999 -9999 -9999 103.075 103.539 103.478 103.503 102.93 101.753 102.041 102.739 103.15 103.638 103.586 103.537 103.488 103.439 103.39 103.344 103.301 103.262 103.224 103.188 103.153 103.119 103.085 103.049 103.012 102.97 102.924 102.873 102.816 102.756 102.69 102.622 102.552 102.483 102.412 102.336 -9999 -9999 -9999 -9999 -9999 -9999 -9999
104.647 104.67 104.693 104.708 104.722 -9999 104.568 -9999 -9999 -9999 -9999 -9999 -9999 -9999 -9999 -9999 -9999 -9999 -9999 -9999 -9999 -9999 -9999 -9999 -9999 -9999 -9999 -9999 -9999 -9999 99.824 103.092 103.536 103.565 103.593 102.991 103.023 103.334 103.178 103.511 103.634 103.58 103.526 103.47 103.417 103.368 103.323 103.28 103.24 103.202 103.165 103.129 103.094 103.058 103.021 102.982 102.94 102.894 102.844 102.789 102.728 102.66 102.587 102.515 102.445 102.376 102.306 102.233 102.184 -9999 -9999 -9999 -9999 -9999
102.739 103.447 105.327 105.166 -9999 104.619 -9999 -9999 -9999 -9999 -9999 -9999 -9999 -9999 -9999 -9999 -9999 -9999 -9999 -9999 -9999 -9999 -9999 -9999 -9999 -9999 -9999 -9999 -9999 -9999 -9999 101.46 103.577 103.599 103.605 103.57 103.418 103.299 103.19 103.379 103.631 103.566 103.504 103.448 103.396 103.347 103.302 103.259 103.219 103.18 103.143 103.106 103.069 103.033 102.995 102.955 102.913 102.867 102.818 102.763 102.702 102.636 102.567 102.496 102.423 102.354 102.286 102.217 102.156 102.098 -9999 -9999 -9999 -9999
104.446 105.259 104.756 104.443 104.328 104.28 -9999 -9999 -9999 -9999 -9999 -9999 -9999 -9999 -9999 -9999 -9999 -9999 -9999 -9999 -9999 -9999 -9999 -9999 -9999 -9999 -9999 -9999 -9999 -9999 -9999 -9999 100.0 100.981 103.616 103.262 102.494 102.584 102.989 103.278 103.615 103.546 103.484 103.427 103.375 103.327 103.282 103.239 103.198 103.159 103.121 103.084 103.046 103.009 102.97 102.93 102.888 102.843 102.793 102.74 102.681 102.619 102.555 102.488 102.418 102.346 102.278 102.213 102.151 102.098 102.047 -9999 -9999 -9999
104.891 104.626 104.39 104.265 104.118 -9999 -9999 -9999 -9999 -9999 -9999 -9999 -9999 -9999 -9999 -9999 -9999 -9999 -9999 -9999 -9999 -9999 -9999 -9999 -9999 -9999 -9999 -9999 -9999 -9999 -9999 -9999 99.971 103.151 102.129 102.146 103.237 103.459 103.475 103.658 103.597 103.527 103.465 103.408 103.356 103.308 103.262 103.219 103.178 103.139 103.1 103.062 103.024 102.986 102.948 102.907 102.866 102.822 102.773 102.721 102.665 102.607 102.547 102.484 102.419 102.351 102.281 102.215 102.156 102.103 102.061 102.028 -9999 -9999
103.467 103.582 104.257 104.141 104.052 -9999 -9999 -9999 -9999 -9999 -9999 -9999 -9999 -9999 -9999 -9999 -9999 -9999 -9999 -9999 -9999 -9999 -9999 -9999 -9999 -9999 -9999 -9999 -9999 -9999 -9999 -9999 -9999 102.38 100.052 100.622 100.892 101.98 102.235 102.588 103.582 103.511 103.448 103.391 103.338 103.29 103.244 103.201 103.159 103.119 103.08 103.042 103.004 102.966 102.927 102.888 102.847 102.803 102.756 102.705 102.653 102.598 102.542 102.483 102.421 102.358 102.293 102.227 102.164 102.111 102.069 102.042 -9999 -9999
100.006 -9999 -9999 -9999 -9999 -9999 -9999 -9999 -9999 -9999 -9999 -9999 -9999 -9999 -9999 -9999 -9999 -9999 -9999 -9999 -9999 -9999 -9999 -9999 -9999 -9999 -9999 -9999 -9999 -9999 -9999 -9999 -9999 101.177 101.741 102.303 104.423 104.408 103.93 104.239 103.569 103.497 103.433 103.375 103.322 103.273 103.227 103.183 103.141 103.101 103.062 103.023 102.985 102.947 102.91 102.871 102.83 102.786 102.74 102.692 102.642 102.591 102.538 102.482 102.425 102.366 102.305 102.243 102.18 102.12 102.079 102.052 102.03 -9999
103.367 -9999 -9999 -9999 -9999 -9999 -9999 -9999 -9999 -9999 -9999 -9999 -9999 -9999 -9999 -9999 -9999 -9999 -9999 -9999 -9999 -9999 -9999 -9999 -9999 -9999 -9999 -9999 -9999 -9999 -9999 -9999 -9999 -9999 101.473 102.019 101.123 101.294 102.597 103.016 103.559 103.485 103.42 103.361 103.308 103.258 103.211 103.167 103.125 103.084 103.044 103.006 102.968 102.932 102.894 102.854 102.813 102.77 102.726 102.68 102.633 102.585 102.535 102.483 102.429 102.374 102.317 102.258 102.198 102.137 102.091 102.065 102.043 -9999
104.38 -9999 -9999 -9999 -9999 -9999 -9999 -9999 -9999 -9999 -9999 -9999 -9999 -9999 -9999 -9999 -9999 -9999 -9999 -9999 -9999 -9999 -9999 -9999 -9999 -9999 -9999 -9999 -9999 -9999 -9999 -9999 -9999 -9999 101.512 -9999 102.32 103.158 104.095 104.2 -9999 103.476 103.409 103.349 103.295 103.244 103.197 103.152 103.11 103.068 103.028 102.991 102.954 102.916 102.877 102.837 102.796 102.755 102.713 102.67 102.626 102.58 102.533 102.484 102.433 102.381 102.327 102.272 102.214 102.159 102.111 102.078 102.055 102.032
-9999 -9999 -9999 -9999 -9999 -9999 -9999 -9999 -9999 -9999 -9999 -9999 -9999 -9999 -9999 -9999 -9999 -9999 -9999 -9999 -9999 -9999 -9999 -9999 -9999 -9999 -9999 -9999 -9999 -9999 -9999 -9999 -9999 -9999 -9999 103.333 103.413 -9999 -9999 -9999 -9999 103.461 103.401 103.34 103.284 103.233 103.185 103.139 103.096 103.054 103.014 102.977 102.937 102.898 102.859 102.82 102.781 102.742 102.702 102.661 102.62 102.577 102.532 102.486 102.439 102.389 102.338 102.284 102.228 102.179 102.138 102.097 102.067 102.044
-9999 -9999 -9999 -9999 -9999 -9999 -9999 -9999 -9999 -9999 -9999 -9999 -9999 -9999 -9999 -9999 -9999 -9999 -9999 -9999 -9999 -9999 -9999 -9999 -9999 -9999 -9999 -9999 -9999 -9999 -9999 -9999 -9999 -9999 -9999 102.667 103.249 -9999 -9999 -9999 -9999 103.426 103.381 103.32 103.265 103.215 103.168 103.124 103.081 103.04 103.0 102.959 102.919 102.879 102.841 102.804 102.767 102.73 102.692 102.654 102.615 102.574 102.533 102.49 102.445 102.398 102.349 102.298 102.248 102.202 102.164 102.123 102.083 102.055
-9999 -9999 -9999 -9999 -9999 -9999 -9999 -9999 -9999 -9999 -9999 -9999 -9999 -9999 -9999 -9999 -9999 -9999 -9999 -9999 -9999 -9999 -9999 -9999 -9999 -9999 -9999 -9999 -9999 -9999 -9999 -9999 -9999 -9999 -9999 102.803 -9999 -9999 -9999 -9999 101.388 103.397 103.353 103.296 103.243 103.193 103.147 103.103 103.058 103.016 102.975 102.936 102.899 102.861 102.824 102.789 102.754 102.718 102.683 102.647 102.61 102.573 102.533 102.493 102.451 102.406 102.36 102.311 102.267 102.229 102.192 102.153 102.11 102.07
-9999 -9999 -9999 -9999 -9999 -9999 -9999 -9999 -9999 -9999 -9999 -9999 -9999 -9999 -9999 -9999 -9999 -9999 -9999 -9999 -9999 -9999 -9999 -9999 -9999 -9999 -9999 -9999 -9999 -9999 -9999 -9999 -9999 -9999 -9999 -9999 -9999 -9999 -9999 -9999 102.368 102.632 103.316 103.275 103.221 103.169 103.12 103.073 103.028 102.987 102.949 102.911 102.876 102.842 102.808 102.775 102.741 102.708 102.675 102.641 102.607 102.571 102.534 102.496 102.456 102.414 102.37 102.326 102.287 102.254 102.219 102.181 102.14 102.094
-9999 -9999 -9999 -9999 -9999 -9999 -9999 -9999 -9999 -9999 -9999 -9999 -9999 -9999 -9999 -9999 -9999 -9999 -9999 -9999 -9999 -9999 -9999 -9999 -9999 -9999 -9999 -9999 -9999 -9999 -9999 -9999 -9999 -9999 -9999 -9999 -9999 -9999 -9999 -9999 101.062 101.933 103.272 103.236 103.189 103.137 103.088 103.042 103.001 102.962 102.924 102.889 102.855 102.822 102.79 102.76 102.73 102.699 102.668 102.636 102.603 102.57 102.535 102.499 102.461 102.421 102.378 102.342 102.309 102.278 102.244 102.208 102.168 102.124
-9999 -9999 -9999 -9999 -9999 -9999 -9999 -9999 -9999 -9999 -9999 -9999 -9999 -9999 -9999 -9999 -9999 -9999 -9999 -9999 -9999 -9999 -9999 -9999 -9999 -9999 -9999 -9999 -9999 -9999 -9999 -9999 -9999 -9999 -9999 -9999 -9999 -9999 -9999 100.914 101.046 101.733 102.029 103.192 103.157 103.105 103.058 103.016 102.977 102.939 102.903 102.869 102.836 102.804 102.773 102.745 102.717 102.69 102.661 102.631 102.601 102.569 102.536 102.501 102.465 102.427 102.391 102.358 102.33 102.3 102.268 102.233 102.195 102.153
-9999 -9999 -9999 -9999 -9999 -9999 -9999 -9999 -9999 -9999 -9999 -9999 -9999 -9999 -9999 -9999 -9999 -9999 -9999 -9999 -9999 -9999 -9999 -9999 -9999 -9999 -9999 -9999 -9999 -9999 -9999 -9999 -9999 -9999 -9999 -9999 -9999 -9999 -9999 101.162 100.844 100.624 101.378 103.148 103.116 103.077 103.033 102.994 102.956 102.92 102.885 102.852 102.819 102.787 102.758 102.731 102.706 102.681 102.654 102.627 102.598 102.568 102.536 102.503 102.469 102.434 102.404 102.377 102.35 102.322 102.291 102.258 102.221 102.18
-9999 -9999 -9999 -9999 -9999 -9999 -9999 -9999 -9999 -9999 -9999 -9999 -9999 -9999 -9999 -9999 -9999 -9999 -9999 -9999 -9999 -9999 -9999 -9999 -9999 -9999 -9999 -9999 -9999 -9999 -9999 -9999 -9999 -9999 -9999 -9999 -9999 -9999 101.53 101.196 100.699 100.793 102.676 102.792 103.081 103.052 103.013 102.975 102.939 102.904 102.871 102.838 102.805 102.773 102.744 102.72 102.697 102.673 102.649 102.623 102.596 102.567 102.537 102.505 102.472 102.444 102.419 102.395 102.369 102.342 102.313 102.281 102.245 102.206
-9999 -9999 -9999 -9999 -9999 -9999 -9999 -9999 -9999 -9999 -9999 -9999 -9999 -9999 -9999 -9999 -9999 -9999 -9999 -9999 -9999 -9999 -9999 -9999 -9999 -9999 -9999 -9999 -9999 -9999 -9999 -9999 -9999 -9999 -9999 -9999 -9999 -9999 101.183 100.821 100.508 101.097 101.319 101.902 103.047 103.026 102.995 102.959 102.925 102.891 102.859 102.826 102.795 102.764 102.735 102.711 102.689 102.667 102.644 102.619 102.594 102.566 102.537 102.507 102.48 102.456 102.435 102.412 102.388 102.362 102.334 102.303 102.269 102.23
-9999 -9999 -9999 -9999 -9999 -9999 -9999 -9999 -9999 -9999 -9999 -9999 -9999 -9999 -9999 -9999 -9999 -9999 -9999 -9999 -9999 -9999 -9999 -9999 -9999 -9999 -9999 -9999 -9999 -9999 -9999 -9999 -9999 -9999 -9999 -9999 -9999 -9999 102.301 101.983 101.522 101.666 101.718 101.999 101.557 103.003 102.98 102.946 102.913 102.881 102.849 102.819 102.788 102.759 102.731 102.707 102.685 102.663 102.64 102.616 102.592 102.566 102.538 102.513 102.49 102.471 102.45 102.429 102.406 102.381 102.354 102.324 102.291 102.253
-9999 -9999 -9999 -9999 -9999 -9999 -9999 -9999 -9999 -9999 -9999 -9999 -9999 -9999 -9999 -9999 -9999 -9999 -9999 -9999 -9999 -9999 -9999 -9999 -9999 -9999 -9999 -9999 -9999 -9999 -9999 -9999 -9999 -9999 -9999 -9999 -9999 -9999 -9999 102.072 101.55 101.037 99.496 99.719 102.615 102.983 102.965 102.936 102.904 102.873 102.843 102.813 102.784 102.756 102.729 102.705 102.682 102.66 102.637 102.614 102.59 102.565 102.542 102.522 102.503 102.485 102.466 102.445 102.423 102.399 102.373 102.345 -9999 102.276
