Validation/Results/raw data/ReClimate_03_2024_2.asc
NCOLS 192
NROWS 249
XLLCENTER -225160.85627316462
YLLCENTER 29788.11610251502
CELLSIZE 5000.0
NODATA_VALUE -9999
[rows 198 to 230 of 249, columns 74 to 147 of 192]
-9999 -9999 -9999 -9999 -9999 -9999 -9999 -9999 -9999 -9999 -9999 -9999 -9999 -9999 -9999 -9999 -9999 -9999 100.022 100.005 99.985 99.968 99.954 99.941 99.93 99.919 99.909 99.748 99.88 99.86 99.842 99.826 99.812 99.791 99.756 99.708 99.649 99.582 99.518 99.455 99.391 99.324 99.256 99.186 99.113 99.036 98.958 98.868 98.744 98.616 98.464 98.284 98.086 97.883 97.677 97.468 97.259 97.058 96.864 96.667 96.463 96.274 96.101 95.931 95.758 95.584 95.403 95.211 95.006 94.819 94.659 94.528 94.395 94.336
-9999 -9999 -9999 -9999 -9999 -9999 -9999 -9999 -9999 -9999 -9999 -9999 -9999 -9999 -9999 100.04 100.015 99.989 99.965 99.928 99.864 99.866 99.899 99.887 99.877 99.866 99.851 99.83 99.81 99.792 99.775 99.76 99.744 99.718 99.686 99.651 99.607 99.543 99.482 99.423 99.363 99.302 99.237 99.169 99.099 99.024 98.943 98.831 98.696 98.557 98.402 98.231 98.047 97.849 97.645 97.439 97.234 97.038 96.847 96.651 96.456 96.265 96.094 95.931 95.765 95.594 95.415 95.225 95.033 94.87 94.737 94.609 94.48 94.41
-9999 -9999 -9999 -9999 -9999 -9999 -9999 -9999 -9999 -9999 -9999 -9999 -9999 99.979 99.991 99.966 99.943 99.92 99.901 99.837 99.76 99.793 99.843 99.832 99.82 99.8 99.779 99.759 99.741 99.724 99.708 99.694 99.678 99.652 99.622 99.595 99.557 99.508 99.447 99.39 99.335 99.277 99.218 99.153 99.084 99.007 98.902 98.76 98.618 98.477 98.324 98.156 97.981 97.802 97.607 97.404 97.205 97.017 96.835 96.651 96.461 96.27 96.095 95.933 95.769 95.599 95.424 95.242 95.083 94.945 94.828 94.705 94.582 94.499
-9999 -9999 -9999 -9999 -9999 -9999 -9999 -9999 -9999 99.998 99.953 99.96 99.968 99.937 99.913 99.891 99.869 99.85 99.833 99.786 99.774 99.795 99.785 99.772 99.749 99.727 99.707 99.689 99.672 99.656 99.644 99.633 99.618 99.59 99.562 99.536 99.508 99.47 99.419 99.363 99.308 99.253 99.197 99.133 99.053 98.95 98.815 98.673 98.533 98.393 98.243 98.081 97.907 97.732 97.557 97.372 97.187 97.009 96.834 96.657 96.476 96.288 96.103 95.938 95.777 95.612 95.441 95.281 95.143 95.03 94.916 94.801 94.685 94.602
-9999 -9999 -9999 -9999 -9999 -9999 -9999 -9999 100.034 99.976 99.949 99.914 99.882 99.856 99.834 99.814 99.796 99.779 99.764 99.752 99.743 99.733 99.72 99.695 99.673 99.653 99.635 99.619 99.606 99.594 99.584 99.575 99.558 99.53 99.503 99.479 99.456 99.428 99.391 99.34 99.286 99.23 99.169 99.087 98.994 98.878 98.733 98.593 98.454 98.315 98.171 98.015 97.847 97.678 97.507 97.336 97.172 97.01 96.842 96.67 96.494 96.312 96.123 95.951 95.793 95.63 95.467 95.33 95.214 95.107 94.998 94.891 94.785 94.703
-9999 -9999 -9999 -9999 -9999 -9999 -9999 100.002 99.877 99.845 99.863 99.827 99.796 99.771 99.753 99.738 99.723 99.708 99.695 99.683 99.676 99.663 99.639 99.618 99.599 99.583 99.568 99.555 99.544 99.534 99.525 99.516 99.498 99.471 99.445 99.422 99.4 99.38 99.352 99.314 99.256 99.192 99.112 99.029 98.935 98.808 98.662 98.523 98.386 98.25 98.11 97.96 97.796 97.63 97.464 97.3 97.143 96.994 96.84 96.679 96.51 96.334 96.15 95.969 95.809 95.649 95.512 95.39 95.284 95.18 95.077 94.976 94.877 94.797
-9999 -9999 -9999 -9999 -9999 99.991 -9999 99.843 99.751 99.758 99.783 99.749 99.72 99.697 99.68 99.667 99.654 99.642 99.63 99.62 99.606 99.584 99.564 99.546 99.531 99.517 99.504 99.493 99.483 99.473 99.466 99.457 99.438 99.412 99.388 99.365 99.345 99.324 99.298 99.261 99.209 99.128 99.05 98.97 98.871 98.735 98.595 98.458 98.323 98.188 98.052 97.908 97.747 97.585 97.421 97.263 97.114 96.968 96.819 96.668 96.511 96.347 96.172 95.99 95.823 95.686 95.564 95.461 95.357 95.251 95.15 95.054 94.959 94.882
-9999 -9999 -9999 -9999 -9999 -9999 -9999 -9999 -9999 99.743 99.706 99.675 99.648 99.627 99.613 99.602 99.592 99.582 99.573 99.559 99.531 99.508 99.491 99.477 99.463 99.451 99.44 99.43 99.421 99.413 99.406 99.397 99.379 99.354 99.331 99.308 99.285 99.257 99.229 99.188 99.126 99.061 98.984 98.903 98.798 98.661 98.526 98.393 98.26 98.127 97.993 97.851 97.699 97.539 97.38 97.228 97.085 96.941 96.795 96.647 96.495 96.337 96.172 95.995 95.847 95.727 95.624 95.525 95.424 95.323 95.223 95.126 95.033 94.961
-9999 -9999 -9999 -9999 -9999 -9999 -9999 -9999 -9999 99.664 99.631 99.603 99.578 99.558 99.547 99.539 99.532 99.524 99.514 99.487 99.46 99.437 99.419 99.406 99.395 99.385 99.376 99.367 99.36 99.353 99.347 99.338 99.319 99.295 99.272 99.245 99.216 99.187 99.146 99.091 99.037 98.978 98.914 98.831 98.719 98.585 98.456 98.328 98.197 98.065 97.934 97.797 97.652 97.494 97.341 97.195 97.055 96.914 96.77 96.624 96.475 96.321 96.16 96.004 95.867 95.762 95.663 95.567 95.471 95.376 95.282 95.188 95.091 95.021
-9999 -9999 -9999 -9999 -9999 -9999 -9999 99.674 99.622 99.586 99.557 -9999 99.508 99.49 99.481 99.476 99.471 99.464 -9999 99.416 99.391 99.369 99.35 99.335 99.326 99.318 99.311 99.304 99.297 99.292 99.286 99.278 99.26 99.235 99.205 99.175 99.146 99.106 99.049 98.994 98.941 98.888 98.827 98.753 98.64 98.51 98.386 98.261 98.133 98.004 97.874 97.744 97.603 97.45 97.303 97.164 97.025 96.886 96.745 96.601 96.454 96.302 96.16 96.02 95.894 95.79 95.693 95.597 95.503 95.413 95.323 95.233 95.141 95.071
-9999 -9999 -9999 -9999 -9999 -9999 -9999 99.587 -9999 -9999 -9999 99.459 99.438 99.422 -9999 -9999 -9999 -9999 -9999 99.348 99.324 99.304 99.285 99.27 99.258 99.251 99.245 99.24 99.234 99.23 99.225 99.218 99.199 99.167 99.135 99.105 99.069 99.01 98.953 98.899 98.845 98.791 98.735 98.661 98.555 98.438 98.317 98.194 98.07 97.943 97.814 97.685 97.551 97.408 97.267 97.131 96.995 96.858 96.719 96.577 96.433 96.301 96.17 96.044 95.92 95.814 95.72 95.623 95.531 95.443 95.357 95.27 95.181 95.119
-9999 -9999 -9999 -9999 -9999 -9999 -9999 -9999 -9999 99.435 99.408 99.387 99.368 99.353 -9999 -9999 -9999 -9999 -9999 -9999 -9999 -9999 99.223 99.208 99.195 99.185 99.178 99.174 99.171 99.167 99.164 99.155 99.129 99.096 99.065 99.031 98.974 98.916 98.86 98.805 98.75 98.694 98.637 98.563 98.461 98.355 98.247 98.128 98.006 97.881 97.754 97.626 97.499 97.367 97.233 97.099 96.965 96.829 96.692 96.558 96.433 96.308 96.189 96.065 95.941 95.835 95.743 95.649 95.555 95.468 95.385 95.301 95.215 95.162
-9999 -9999 -9999 -9999 -9999 -9999 -9999 -9999 -9999 -9999 99.325 -9999 -9999 -9999 -9999 -9999 -9999 -9999 -9999 -9999 99.191 99.175 99.161 99.148 99.135 99.124 99.116 99.109 99.105 99.103 99.099 99.084 99.058 99.025 98.992 98.941 98.881 98.823 98.767 98.712 98.656 98.599 98.54 -9999 98.361 98.264 98.16 98.053 97.941 97.819 97.693 97.566 97.446 97.326 97.198 97.066 96.934 96.801 96.677 96.557 96.439 96.323 96.205 96.084 95.96 95.853 95.763 95.671 95.579 95.491 95.409 95.327 95.248 95.202
-9999 -9999 -9999 -9999 -9999 -9999 -9999 -9999 -9999 -9999 -9999 -9999 -9999 -9999 -9999 -9999 -9999 -9999 -9999 -9999 99.124 99.111 99.099 99.088 -9999 -9999 -9999 99.05 99.044 99.037 99.028 99.011 98.987 98.954 98.912 98.849 98.79 98.732 98.676 98.619 98.562 98.503 -9999 98.362 98.264 98.167 98.068 97.966 97.858 97.746 97.63 97.508 97.394 97.283 97.163 97.033 96.91 96.793 96.676 96.564 96.451 96.335 96.219 96.1 95.977 95.87 95.781 95.691 95.601 95.512 95.43 95.349 95.28 95.238
-9999 -9999 -9999 -9999 -9999 -9999 -9999 -9999 -9999 -9999 -9999 -9999 -9999 -9999 -9999 -9999 -9999 -9999 -9999 -9999 -9999 -9999 -9999 -9999 -9999 -9999 -9999 98.996 98.987 98.977 98.957 98.939 98.915 98.879 98.82 98.759 98.7 98.642 98.585 98.527 -9999 -9999 98.345 98.264 98.168 98.071 97.972 97.871 97.767 97.66 97.548 97.446 97.342 97.237 97.132 97.02 96.904 96.794 96.684 96.573 96.46 96.346 96.231 96.114 95.993 95.886 95.798 95.709 95.621 95.533 95.445 95.36 95.295 95.263
-9999 -9999 -9999 -9999 -9999 -9999 -9999 -9999 -9999 -9999 -9999 -9999 -9999 -9999 -9999 -9999 -9999 -9999 -9999 -9999 -9999 -9999 -9999 -9999 -9999 -9999 -9999 98.943 98.933 98.914 98.893 98.875 98.849 98.799 98.731 98.669 98.612 -9999 -9999 -9999 -9999 -9999 98.247 98.169 98.073 97.976 97.877 97.776 97.673 97.566 97.462 97.368 97.282 97.193 97.101 97.007 96.903 96.799 96.69 96.579 96.467 96.355 96.241 96.126 96.007 95.9 95.81 95.72 95.629 95.538 95.448 95.36 95.302 95.279
-9999 -9999 -9999 -9999 -9999 -9999 -9999 -9999 -9999 -9999 -9999 -9999 -9999 -9999 -9999 -9999 -9999 -9999 -9999 -9999 -9999 -9999 -9999 -9999 -9999 -9999 -9999 -9999 -9999 98.853 98.834 98.815 98.785 98.723 98.654 98.592 -9999 -9999 -9999 -9999 98.276 98.212 98.15 98.076 97.979 97.882 97.783 97.685 97.586 97.488 97.4 97.316 97.231 97.147 97.062 96.977 96.883 96.781 96.676 96.567 96.458 96.347 96.236 96.121 96.002 95.896 95.807 95.717 95.627 95.537 95.445 95.365 95.316 95.299
-9999 -9999 -9999 -9999 -9999 -9999 -9999 -9999 -9999 -9999 -9999 -9999 -9999 -9999 -9999 -9999 -9999 -9999 -9999 -9999 -9999 -9999 -9999 -9999 -9999 -9999 -9999 -9999 -9999 -9999 98.774 98.756 98.719 98.652 98.583 -9999 -9999 -9999 -9999 98.261 98.192 98.128 98.072 97.998 97.902 97.806 97.711 97.615 97.521 97.437 97.354 97.27 97.188 97.105 97.022 96.938 96.854 96.756 96.65 96.544 96.437 96.329 96.219 96.106 95.989 95.885 95.798 95.71 95.621 95.533 95.442 95.373 95.337 95.322
-9999 -9999 -9999 -9999 -9999 -9999 -9999 -9999 -9999 -9999 -9999 -9999 -9999 -9999 -9999 -9999 -9999 -9999 -9999 -9999 -9999 -9999 -9999 -9999 -9999 -9999 -9999 -9999 -9999 -9999 -9999 -9999 -9999 -9999 -9999 -9999 -9999 -9999 98.25 98.182 98.116 98.058 98.003 97.929 97.836 97.741 97.647 97.555 97.473 97.391 97.308 97.226 97.145 97.063 96.982 96.899 96.815 96.726 96.625 96.52 96.415 96.309 96.2 96.089 95.974 95.873 95.788 95.702 95.615 95.528 95.441 95.384 95.359 95.345
-9999 -9999 -9999 -9999 -9999 -9999 -9999 -9999 -9999 -9999 -9999 -9999 -9999 -9999 -9999 -9999 -9999 -9999 -9999 -9999 -9999 -9999 -9999 -9999 -9999 -9999 -9999 -9999 -9999 -9999 -9999 -9999 -9999 -9999 -9999 -9999 -9999 98.238 98.172 98.106 98.045 97.99 97.934 97.862 97.772 97.678 97.589 97.508 97.427 97.346 97.264 97.182 97.102 97.022 96.941 96.86 96.776 96.688 96.596 96.496 96.392 96.287 96.18 96.07 95.959 95.86 95.778 95.693 95.607 95.522 95.45 95.401 95.382 95.368
-9999 -9999 -9999 -9999 -9999 -9999 -9999 -9999 -9999 -9999 -9999 -9999 -9999 -9999 -9999 -9999 -9999 -9999 -9999 -9999 -9999 -9999 -9999 -9999 -9999 -9999 -9999 -9999 -9999 -9999 -9999 -9999 -9999 -9999 -9999 -9999 -9999 98.162 98.096 98.032 97.977 97.921 97.865 97.795 97.709 97.623 97.543 97.462 97.382 97.301 97.22 97.139 97.06 96.981 96.901 96.82 96.736 96.648 96.559 96.468 96.368 96.265 96.159 96.05 95.943 95.848 95.767 95.683 95.598 95.515 95.458 95.424 95.404 95.39
-9999 -9999 -9999 -9999 -9999 -9999 -9999 -9999 -9999 -9999 -9999 -9999 -9999 -9999 -9999 -9999 -9999 -9999 -9999 -9999 -9999 -9999 -9999 -9999 98.549 98.557 98.559 98.551 -9999 98.528 -9999 -9999 -9999 -9999 -9999 -9999 -9999 -9999 98.02 97.965 97.909 97.853 97.796 97.732 97.659 97.578 97.497 97.418 97.338 97.258 97.177 97.097 97.018 96.94 96.861 96.779 96.694 96.607 96.52 96.432 96.341 96.241 96.137 96.029 95.925 95.835 95.755 95.671 95.587 95.52 95.473 95.447 95.426 95.412
-9999 -9999 -9999 -9999 -9999 -9999 -9999 -9999 -9999 -9999 -9999 -9999 -9999 -9999 -9999 -9999 -9999 -9999 -9999 -9999 -9999 98.408 98.43 98.456 98.481 98.494 98.494 98.485 98.474 98.462 98.437 98.389 -9999 -9999 98.21 98.143 98.075 98.009 97.953 97.896 97.839 97.784 97.734 97.681 97.614 97.533 97.454 97.374 97.295 97.215 97.135 97.055 96.976 96.898 96.82 96.738 96.652 96.566 96.48 96.392 96.304 96.212 96.112 96.005 95.906 95.821 95.741 95.658 95.581 95.527 95.495 95.469 95.448 95.433
-9999 -9999 -9999 -9999 -9999 -9999 -9999 -9999 -9999 -9999 -9999 -9999 -9999 -9999 -9999 -9999 -9999 -9999 -9999 -9999 98.301 98.32 98.338 98.369 98.397 98.411 98.413 98.411 98.401 98.39 98.361 98.306 98.246 98.188 98.128 98.065 97.999 97.942 97.884 97.828 97.777 97.729 97.682 97.633 97.57 97.49 97.411 97.332 97.253 97.173 97.093 97.013 96.935 96.857 96.778 96.696 96.61 96.524 96.439 96.352 96.264 96.173 96.08 95.978 95.885 95.805 95.726 95.643 95.583 95.543 95.517 95.491 95.469 95.454
-9999 -9999 -9999 -9999 -9999 -9999 -9999 -9999 -9999 -9999 -9999 -9999 -9999 -9999 -9999 -9999 -9999 -9999 -9999 -9999 98.213 98.217 98.239 98.274 98.303 98.317 98.324 98.325 98.321 98.311 98.279 98.219 98.159 98.1 98.042 97.986 97.932 97.877 97.825 97.775 97.726 97.677 97.629 97.583 97.523 97.449 97.37 97.291 97.211 97.132 97.052 96.972 96.893 96.816 96.736 96.652 96.567 96.482 96.396 96.31 96.223 96.133 96.039 95.945 95.862 95.788 95.709 95.643 95.593 95.564 95.538 95.513 95.49 95.474
-9999 -9999 -9999 -9999 -9999 -9999 -9999 -9999 -9999 -9999 -9999 -9999 -9999 -9999 -9999 -9999 -9999 -9999 -9999 -9999 98.107 98.114 98.136 98.174 98.203 98.218 98.227 98.233 98.232 98.225 98.189 98.127 98.067 98.012 97.967 97.924 97.877 97.827 97.776 97.726 97.675 97.626 97.577 97.531 97.477 97.408 97.329 97.25 97.171 97.091 97.01 96.93 96.852 96.774 96.693 96.609 96.523 96.438 96.352 96.266 96.179 96.09 95.996 95.908 95.831 95.762 95.699 95.649 95.614 95.585 95.56 95.534 95.511 95.495
-9999 -9999 -9999 -9999 -9999 -9999 -9999 -9999 -9999 -9999 -9999 -9999 -9999 -9999 -9999 -9999 97.987 97.991 -9999 98.0 98.003 98.01 98.045 98.082 98.109 98.124 98.134 98.142 98.145 98.141 98.104 98.046 97.995 97.953 97.912 97.871 97.827 97.78 97.729 97.678 97.627 97.576 97.527 97.481 97.432 97.37 97.29 97.211 97.13 97.05 96.969 96.889 96.81 96.732 96.65 96.565 96.479 96.393 96.307 96.22 96.133 96.044 95.95 95.868 95.798 95.736 95.691 95.659 95.632 95.606 95.58 95.555 95.532 95.515
-9999 -9999 -9999 -9999 -9999 -9999 -9999 -9999 -9999 -9999 -9999 -9999 -9999 -9999 -9999 -9999 97.914 97.92 97.925 97.929 97.932 97.942 97.961 97.995 98.022 98.037 98.05 98.059 98.066 98.063 98.035 97.987 97.943 97.901 97.859 97.818 97.776 97.731 97.682 97.631 97.58 97.529 97.48 97.434 97.387 97.326 97.252 97.171 97.091 97.009 96.928 96.847 96.768 96.689 96.607 96.521 96.434 96.347 96.259 96.172 96.085 95.996 95.908 95.829 95.77 95.725 95.692 95.668 95.643 95.618 95.595 95.573 95.552 95.536
-9999 -9999 -9999 -9999 -9999 -9999 -9999 -9999 -9999 -9999 -9999 -9999 -9999 -9999 -9999 97.836 97.844 97.854 97.862 97.869 97.874 97.878 97.89 97.907 97.93 97.948 97.963 97.975 97.99 97.999 97.979 97.935 97.891 97.848 97.806 97.764 97.723 97.68 97.634 97.584 97.533 97.483 97.434 97.386 97.338 97.282 97.215 97.133 97.05 96.968 96.885 96.804 96.726 96.646 96.563 96.477 96.389 96.301 96.211 96.121 96.034 95.944 95.863 95.8 95.758 95.725 95.701 95.676 95.651 95.626 95.603 95.581 95.562 95.548
-9999 -9999 -9999 -9999 -9999 -9999 -9999 -9999 -9999 -9999 -9999 -9999 -9999 -9999 -9999 -9999 97.769 97.783 97.795 97.804 97.812 97.818 97.823 97.832 97.839 97.857 97.883 97.907 97.929 97.941 97.923 97.881 97.837 97.793 97.751 97.709 97.668 97.626 97.582 97.536 97.486 97.436 97.387 97.338 97.288 97.236 97.171 97.094 97.01 96.926 96.843 96.761 96.682 96.603 96.519 96.431 96.343 96.254 96.163 96.072 -9999 95.895 95.829 95.788 95.757 95.734 95.709 95.685 95.659 95.634 95.609 95.587 95.568 95.554
-9999 -9999 -9999 -9999 -9999 -9999 -9999 -9999 -9999 -9999 -9999 -9999 -9999 -9999 -9999 97.688 97.687 97.706 97.722 97.737 97.751 97.763 97.775 97.783 97.791 97.798 97.814 97.841 97.865 97.879 97.865 97.823 97.78 97.737 97.695 97.653 97.611 97.569 97.527 97.483 97.437 97.387 97.337 97.287 97.236 97.184 97.124 97.054 96.968 96.883 96.798 96.716 96.638 96.558 96.473 96.385 96.295 96.205 96.113 96.021 95.926 -9999 95.818 -9999 95.766 -9999 95.717 -9999 95.667 95.641 95.615 95.591 95.572 95.56
-9999 -9999 -9999 -9999 -9999 -9999 -9999 -9999 -9999 -9999 -9999 -9999 -9999 -9999 -9999 97.613 97.639 97.661 97.682 97.7 97.718 97.734 97.749 97.76 97.762 97.76 97.765 97.774 97.795 97.813 97.802 97.762 97.721 97.677 97.635 97.593 97.551 97.51 97.468 97.425 97.381 97.334 97.284 97.233 97.181 97.127 97.072 97.004 96.925 96.838 96.752 96.67 96.591 96.51 96.424 96.335 96.244 96.152 96.058 95.968 95.899 -9999 -9999 95.798 95.774 -9999 -9999 95.7 95.674 95.648 -9999 -9999 -9999 -9999
-9999 -9999 -9999 -9999 -9999 -9999 -9999 -9999 -9999 -9999 -9999 -9999 -9999 -9999 97.548 97.579 97.607 97.631 97.653 97.673 97.692 97.709 97.725 97.737 97.739 97.735 97.73 97.732 97.735 97.741 97.734 97.696 97.656 97.614 97.571 97.529 97.488 97.446 97.404 97.362 97.319 97.273 97.226 97.174 97.121 97.067 97.011 96.948 96.876 96.789 96.702 96.62 96.539 96.457 96.37 96.279 96.186 96.091 -9999 -9999 -9999 95.856 -9999 -9999 -9999 -9999 -9999 -9999 95.681 -9999 -9999 -9999 -9999 -9999
