Validation/Results/raw data/ReClimate_07_2024_1_Temperature-Actualsweatherlogisticsltd.asc
NCOLS 192
NROWS 249
XLLCENTER -225160.85627316462
YLLCENTER 29788.11610251502
CELLSIZE 5000.0
NODATA_VALUE -9999
[rows 68 to 101 of 249, columns 75 to 149 of 192]
-9999 -9999 -9999 -9999 -9999 -9999 -9999 -9999 -9999 -9999 -9999 13.399 12.615 13.59 14.072 13.182 12.779 13.402 13.515 13.499 13.691 13.505 13.631 13.227 13.272 13.611 13.117 13.496 14.231 -9999 -9999 -9999 -9999 -9999 -9999 -9999 -9999 -9999 -9999 -9999 -9999 -9999 -9999 -9999 -9999 -9999 -9999 -9999 -9999 -9999 -9999 -9999 -9999 -9999 -9999 -9999 -9999 -9999 -9999 -9999 -9999 -9999 -9999 -9999 -9999 -9999 -9999 -9999 -9999 -9999 -9999 -9999 -9999 -9999 -9999
-9999 -9999 -9999 -9999 -9999 -9999 -9999 -9999 -9999 -9999 -9999 -9999 -9999 13.981 13.211 12.495 13.314 13.738 13.366 13.161 13.333 13.897 13.839 13.196 13.414 13.449 14.255 -9999 -9999 -9999 -9999 -9999 -9999 -9999 -9999 -9999 -9999 -9999 -9999 -9999 -9999 -9999 -9999 -9999 -9999 -9999 -9999 -9999 -9999 -9999 -9999 -9999 -9999 -9999 -9999 -9999 -9999 -9999 -9999 -9999 -9999 -9999 -9999 -9999 -9999 -9999 -9999 -9999 -9999 -9999 -9999 -9999 -9999 -9999 -9999
-9999 -9999 -9999 -9999 -9999 -9999 -9999 14.53 -9999 -9999 14.384 13.895 13.603 13.686 12.143 12.629 13.052 12.883 12.268 12.64 13.189 14.178 13.707 13.601 13.182 13.861 14.247 -9999 -9999 -9999 -9999 -9999 -9999 -9999 -9999 -9999 -9999 -9999 -9999 -9999 -9999 -9999 -9999 -9999 -9999 -9999 -9999 -9999 -9999 -9999 -9999 -9999 -9999 -9999 -9999 -9999 -9999 -9999 -9999 -9999 -9999 -9999 -9999 -9999 -9999 -9999 -9999 -9999 -9999 -9999 -9999 -9999 -9999 -9999 -9999
-9999 -9999 -9999 -9999 -9999 14.623 14.633 14.522 14.547 13.934 13.881 12.653 12.596 12.816 13.59 11.904 11.828 11.799 11.99 12.817 12.674 12.153 13.766 13.992 14.257 14.491 14.599 -9999 -9999 -9999 -9999 -9999 -9999 -9999 -9999 -9999 -9999 -9999 -9999 -9999 -9999 -9999 -9999 -9999 -9999 -9999 -9999 -9999 -9999 -9999 -9999 -9999 -9999 -9999 -9999 -9999 -9999 -9999 -9999 -9999 -9999 -9999 -9999 -9999 -9999 -9999 -9999 -9999 -9999 -9999 -9999 -9999 -9999 -9999 -9999
-9999 -9999 -9999 -9999 -9999 14.569 14.466 -9999 14.377 13.422 12.58 12.329 11.168 13.609 12.378 11.232 11.176 11.389 11.914 11.606 11.015 12.333 12.881 12.945 13.729 13.723 -9999 14.452 -9999 -9999 -9999 -9999 -9999 -9999 -9999 -9999 -9999 -9999 -9999 -9999 -9999 -9999 -9999 -9999 -9999 -9999 -9999 -9999 -9999 -9999 -9999 -9999 -9999 -9999 -9999 -9999 -9999 -9999 -9999 -9999 -9999 -9999 -9999 -9999 -9999 -9999 -9999 -9999 -9999 -9999 -9999 -9999 -9999 -9999 -9999
-9999 -9999 -9999 -9999 -9999 -9999 14.015 14.144 14.187 12.967 12.999 11.095 12.548 12.713 12.646 12.39 12.063 11.356 11.73 11.401 12.014 13.031 12.807 13.046 13.289 13.732 14.36 14.397 -9999 -9999 -9999 -9999 -9999 -9999 -9999 -9999 -9999 -9999 -9999 -9999 -9999 -9999 -9999 -9999 -9999 -9999 -9999 -9999 -9999 -9999 -9999 -9999 -9999 -9999 -9999 -9999 -9999 -9999 -9999 -9999 -9999 -9999 -9999 -9999 -9999 -9999 -9999 -9999 -9999 -9999 -9999 -9999 -9999 -9999 -9999
-9999 -9999 -9999 -9999 -9999 -9999 -9999 14.541 14.09 13.689 11.26 12.108 12.144 12.326 11.304 10.742 11.807 12.528 12.223 11.515 12.476 13.105 12.846 13.512 13.768 14.443 14.394 14.003 -9999 -9999 -9999 -9999 -9999 -9999 -9999 -9999 -9999 -9999 -9999 -9999 -9999 -9999 -9999 -9999 -9999 -9999 -9999 -9999 -9999 -9999 -9999 -9999 -9999 -9999 -9999 -9999 -9999 -9999 -9999 -9999 -9999 -9999 -9999 -9999 -9999 -9999 -9999 -9999 -9999 -9999 -9999 -9999 -9999 -9999 -9999
-9999 -9999 -9999 -9999 -9999 13.421 13.611 13.236 13.062 12.883 13.608 12.286 12.362 12.007 11.659 12.294 12.568 12.383 12.541 12.177 11.44 12.646 13.524 14.414 14.652 -9999 14.195 -9999 -9999 -9999 -9999 -9999 -9999 14.794 14.836 14.851 -9999 -9999 -9999 -9999 -9999 -9999 -9999 -9999 -9999 -9999 -9999 -9999 -9999 -9999 -9999 -9999 -9999 -9999 -9999 -9999 -9999 -9999 -9999 -9999 -9999 -9999 -9999 -9999 -9999 -9999 -9999 -9999 -9999 -9999 -9999 -9999 -9999 -9999 -9999
14.114 -9999 -9999 -9999 -9999 -9999 13.018 12.48 12.357 13.221 12.862 13.637 12.447 12.58 12.224 12.904 13.196 14.017 13.283 11.848 12.735 13.474 14.298 14.287 14.038 14.048 -9999 -9999 -9999 -9999 14.894 14.955 14.902 14.857 14.888 14.926 14.947 14.978 14.697 14.131 13.874 14.204 14.58 14.761 14.626 14.082 13.701 13.75 14.058 14.259 14.307 14.309 -9999 -9999 -9999 -9999 -9999 -9999 -9999 -9999 -9999 -9999 -9999 -9999 -9999 -9999 -9999 -9999 -9999 -9999 -9999 -9999 -9999 -9999 -9999
12.449 -9999 -9999 -9999 12.824 -9999 13.205 13.868 13.107 11.55 14.225 13.077 13.35 12.638 13.176 12.779 13.2 13.045 13.609 13.939 14.073 14.206 14.386 13.822 13.843 -9999 -9999 -9999 -9999 14.474 14.804 14.964 14.511 14.254 14.729 14.686 14.617 14.757 13.773 13.319 13.515 13.983 14.328 14.251 14.396 14.244 13.867 13.707 13.977 14.0 13.805 14.295 -9999 -9999 -9999 -9999 -9999 -9999 -9999 -9999 -9999 -9999 -9999 -9999 -9999 -9999 -9999 -9999 -9999 -9999 -9999 -9999 -9999 -9999 -9999
13.5 -9999 -9999 -9999 12.362 12.516 13.715 13.373 11.117 12.604 12.035 13.705 12.684 12.965 12.936 13.241 13.184 12.534 12.945 13.325 14.373 14.7 14.073 14.545 -9999 -9999 14.4 14.559 14.455 14.385 14.594 14.485 14.091 14.166 13.768 13.64 14.11 13.956 13.628 13.736 13.931 14.054 13.789 14.232 14.36 14.147 13.807 13.878 13.942 13.809 13.781 14.142 14.336 -9999 -9999 -9999 -9999 -9999 -9999 -9999 -9999 -9999 -9999 -9999 -9999 -9999 -9999 -9999 -9999 -9999 -9999 -9999 -9999 -9999 -9999
13.904 -9999 13.823 -9999 13.447 13.474 12.825 12.204 12.727 10.978 12.627 13.265 12.73 12.236 12.082 12.673 12.736 12.668 12.242 13.197 13.929 14.73 14.976 15.146 -9999 14.103 13.914 14.008 13.953 14.13 14.264 13.785 13.604 13.262 12.913 13.382 13.844 13.389 13.33 13.414 13.796 14.21 14.423 14.478 14.266 14.086 13.888 13.874 13.882 14.052 14.101 14.035 14.154 -9999 -9999 -9999 -9999 -9999 -9999 -9999 -9999 -9999 -9999 -9999 -9999 -9999 -9999 -9999 -9999 -9999 -9999 -9999 -9999 -9999 -9999
-9999 13.953 -9999 -9999 -9999 12.218 11.45 12.897 12.293 13.774 13.567 13.227 12.604 11.797 11.849 11.15 11.431 11.727 12.781 13.568 14.615 14.536 13.972 14.622 14.504 13.616 13.084 12.823 13.228 13.589 13.395 13.199 12.721 12.736 13.574 13.821 13.753 13.717 13.279 13.407 13.924 14.283 14.453 14.157 13.952 14.111 13.987 13.856 13.807 14.07 13.992 13.953 13.977 -9999 -9999 -9999 -9999 -9999 -9999 -9999 -9999 -9999 -9999 -9999 -9999 -9999 -9999 -9999 -9999 -9999 -9999 -9999 -9999 -9999 -9999
14.396 -9999 -9999 -9999 -9999 13.009 13.777 13.591 -9999 13.397 12.541 12.205 12.648 12.561 12.221 12.652 12.754 12.591 12.895 13.268 13.572 13.086 13.062 14.345 13.664 13.309 12.464 12.058 12.657 13.115 13.05 12.587 12.302 13.418 13.794 13.026 13.468 12.922 12.884 13.466 13.636 14.177 13.845 13.424 13.969 14.071 14.183 13.938 14.224 14.058 13.853 14.039 14.058 -9999 -9999 -9999 -9999 -9999 -9999 -9999 -9999 -9999 -9999 -9999 -9999 -9999 -9999 -9999 -9999 -9999 -9999 -9999 -9999 -9999 -9999
14.305 -9999 -9999 -9999 14.069 -9999 -9999 14.133 14.002 12.816 11.279 11.391 11.737 11.116 12.245 12.684 12.787 13.346 13.178 12.972 13.027 12.806 14.523 13.698 13.38 12.203 12.452 12.323 12.027 12.644 12.63 12.571 13.237 13.876 13.023 13.095 13.03 12.685 12.905 12.666 13.577 13.824 13.149 13.783 14.036 14.011 13.723 14.219 14.405 14.292 14.07 14.124 -9999 -9999 -9999 -9999 -9999 -9999 -9999 -9999 -9999 -9999 -9999 -9999 -9999 -9999 -9999 -9999 -9999 -9999 -9999 -9999 -9999 -9999 -9999
13.592 13.701 14.228 -9999 -9999 -9999 12.952 14.495 -9999 13.137 13.372 12.685 11.106 10.623 10.495 11.7 13.268 13.094 12.534 12.338 13.182 14.464 13.489 13.42 12.521 12.301 12.534 12.036 12.042 12.93 13.113 13.345 13.284 12.422 13.029 12.639 11.66 12.434 12.543 12.882 13.711 13.439 13.801 14.137 14.292 14.121 14.283 14.223 14.438 14.34 14.205 -9999 -9999 -9999 -9999 -9999 -9999 -9999 -9999 -9999 -9999 -9999 -9999 -9999 -9999 -9999 -9999 -9999 -9999 -9999 -9999 -9999 -9999 -9999 -9999
12.513 13.199 14.084 -9999 13.878 12.756 12.602 13.014 12.383 13.646 13.638 11.78 10.007 10.53 12.403 12.673 12.887 12.118 11.499 12.238 13.526 13.712 12.902 11.655 11.326 12.1 12.069 11.976 13.261 13.561 13.43 12.852 12.168 13.203 13.137 12.397 12.121 11.904 12.061 12.322 13.325 12.903 13.436 13.293 13.051 14.238 14.427 14.162 14.112 14.274 14.252 -9999 -9999 -9999 -9999 -9999 -9999 -9999 -9999 -9999 -9999 -9999 -9999 -9999 -9999 -9999 -9999 -9999 -9999 -9999 -9999 -9999 -9999 -9999 -9999
13.082 13.735 14.408 13.898 13.603 12.419 -9999 13.449 12.796 11.838 11.313 11.672 11.49 12.325 11.308 12.143 12.16 12.264 12.944 13.281 13.64 13.142 11.548 10.593 11.616 11.958 11.456 12.83 12.987 13.868 13.531 12.955 12.818 12.559 12.499 12.017 11.32 11.92 12.37 13.042 13.451 13.723 13.898 13.532 14.129 14.546 14.496 14.393 14.364 14.302 -9999 -9999 -9999 -9999 -9999 -9999 -9999 -9999 -9999 -9999 -9999 -9999 -9999 -9999 -9999 -9999 -9999 -9999 -9999 -9999 -9999 -9999 -9999 -9999 -9999
-9999 -9999 -9999 14.152 13.127 -9999 13.544 12.353 10.694 10.617 12.784 12.878 12.318 10.48 11.406 13.298 13.406 12.926 12.597 13.818 13.235 11.89 10.6 10.59 10.954 10.564 11.939 11.747 13.016 13.32 12.277 12.611 11.51 11.571 11.299 10.954 11.666 12.787 12.947 13.17 13.366 13.419 13.778 13.873 14.257 14.406 14.506 14.538 14.537 14.56 -9999 -9999 -9999 -9999 -9999 -9999 -9999 -9999 -9999 -9999 -9999 -9999 -9999 -9999 -9999 -9999 -9999 -9999 -9999 -9999 -9999 -9999 -9999 -9999 -9999
-9999 -9999 14.373 13.801 -9999 14.35 13.178 -9999 12.424 13.767 12.589 12.5 10.358 10.993 12.552 12.098 12.068 12.985 13.997 12.527 11.912 10.959 10.054 10.016 9.867 10.56 11.581 12.862 13.799 12.894 12.875 11.395 10.717 11.093 11.559 11.58 12.317 12.427 12.752 13.309 13.351 13.347 13.361 13.696 13.989 14.049 14.387 14.221 14.243 14.589 -9999 -9999 -9999 -9999 -9999 -9999 -9999 -9999 -9999 -9999 -9999 -9999 -9999 -9999 -9999 -9999 -9999 -9999 -9999 -9999 -9999 -9999 -9999 -9999 -9999
-9999 -9999 14.798 -9999 -9999 13.982 13.141 12.535 13.743 12.238 12.33 12.627 12.622 12.828 13.113 13.43 14.002 14.03 12.036 10.973 10.634 10.097 9.703 9.456 10.301 12.161 13.126 12.967 11.802 11.861 9.554 9.314 10.347 10.855 10.905 11.896 12.114 12.376 12.829 14.009 13.833 13.709 13.942 13.666 12.746 13.817 14.516 14.468 14.547 14.622 -9999 -9999 -9999 -9999 -9999 -9999 -9999 -9999 -9999 -9999 -9999 -9999 -9999 -9999 -9999 -9999 -9999 -9999 -9999 -9999 -9999 -9999 -9999 -9999 -9999
-9999 -9999 -9999 -9999 -9999 -9999 12.282 12.755 13.344 11.862 11.974 13.379 12.713 12.316 12.645 12.801 12.974 11.654 10.747 10.428 11.344 11.157 10.275 10.277 11.904 13.193 12.992 12.098 11.124 9.188 9.749 9.396 10.069 10.3 11.05 11.577 12.01 12.805 14.037 14.134 13.838 14.294 14.349 13.59 14.069 14.67 14.722 14.418 14.342 -9999 -9999 -9999 -9999 -9999 -9999 -9999 -9999 -9999 -9999 -9999 -9999 -9999 -9999 -9999 -9999 -9999 -9999 -9999 -9999 -9999 -9999 -9999 -9999 -9999 -9999
-9999 -9999 -9999 -9999 14.884 13.959 -9999 12.649 12.66 11.79 13.824 13.777 13.132 12.276 10.972 11.039 11.404 12.099 11.847 11.815 11.334 11.698 11.641 12.234 12.627 11.964 11.722 10.689 9.53 10.069 9.736 10.903 11.16 11.796 12.71 12.592 12.662 12.849 12.924 13.249 13.423 13.134 13.756 14.507 14.284 14.055 13.847 13.877 14.297 -9999 -9999 -9999 -9999 -9999 -9999 -9999 -9999 -9999 -9999 -9999 -9999 -9999 -9999 -9999 -9999 -9999 -9999 -9999 -9999 -9999 -9999 -9999 -9999 -9999 -9999
-9999 -9999 -9999 14.867 14.889 12.957 13.027 11.687 11.216 12.056 11.978 12.812 13.363 12.705 12.95 12.664 11.428 11.644 10.614 9.705 12.673 12.362 12.42 12.229 11.865 11.172 10.925 10.248 10.881 11.073 11.514 11.513 11.837 11.526 11.294 10.899 11.617 11.969 11.41 11.117 11.641 12.309 13.166 13.19 13.224 13.339 13.633 13.938 -9999 -9999 -9999 -9999 -9999 -9999 -9999 -9999 -9999 -9999 -9999 -9999 -9999 -9999 -9999 -9999 -9999 -9999 -9999 -9999 -9999 -9999 -9999 -9999 -9999 -9999 -9999
-9999 -9999 -9999 14.872 -9999 14.341 13.855 13.129 12.605 12.059 13.206 13.006 11.931 13.771 14.001 13.05 12.611 11.436 11.419 13.253 12.216 10.993 11.44 11.633 10.061 10.916 10.643 10.394 10.346 10.789 10.822 11.033 10.732 10.747 10.031 10.174 12.038 11.028 11.196 12.751 12.662 12.278 12.807 12.763 13.027 13.847 13.692 13.956 -9999 -9999 -9999 -9999 -9999 -9999 -9999 -9999 -9999 -9999 -9999 -9999 -9999 -9999 -9999 -9999 -9999 -9999 -9999 -9999 -9999 -9999 -9999 -9999 -9999 -9999 -9999
-9999 -9999 -9999 -9999 -9999 13.484 12.39 14.085 14.031 14.234 14.418 13.692 14.415 14.278 13.749 13.143 11.78 12.756 12.79 12.226 10.52 11.366 12.365 10.803 10.051 11.098 10.755 10.979 10.238 10.714 10.928 9.604 9.992 9.832 9.002 10.538 10.754 10.463 11.704 12.541 12.977 13.772 13.447 13.082 14.006 14.277 14.121 14.107 -9999 -9999 -9999 -9999 -9999 -9999 -9999 -9999 -9999 -9999 -9999 -9999 -9999 -9999 -9999 -9999 -9999 -9999 -9999 -9999 -9999 -9999 -9999 -9999 -9999 -9999 -9999
-9999 -9999 -9999 14.783 14.38 13.049 13.505 14.159 12.58 13.602 12.883 12.947 -9999 12.902 9.713 10.434 11.004 11.22 10.687 10.351 10.412 10.691 10.659 10.72 11.383 11.778 12.263 11.706 11.276 11.404 10.068 11.105 11.129 11.077 10.462 10.39 11.035 12.382 11.825 12.275 13.176 12.878 13.789 14.394 14.673 14.423 13.948 14.453 -9999 -9999 -9999 -9999 -9999 -9999 -9999 -9999 -9999 -9999 -9999 -9999 -9999 -9999 -9999 -9999 -9999 -9999 -9999 -9999 -9999 -9999 -9999 -9999 -9999 -9999 -9999
14.794 14.716 14.536 -9999 14.534 13.983 14.029 13.149 12.311 12.361 12.971 -9999 12.554 9.615 10.205 10.28 11.555 11.541 11.578 10.846 10.962 10.417 11.082 11.934 12.269 12.612 13.204 12.824 13.042 11.712 11.746 11.799 11.967 12.109 11.822 11.691 12.358 12.358 12.316 12.423 12.419 13.931 14.486 14.785 14.623 13.985 14.358 -9999 -9999 -9999 -9999 -9999 -9999 -9999 -9999 -9999 -9999 -9999 -9999 -9999 -9999 -9999 -9999 -9999 -9999 -9999 -9999 -9999 -9999 -9999 -9999 -9999 -9999 -9999 -9999
14.75 14.464 13.584 13.721 -9999 14.148 13.87 13.244 12.587 13.501 14.36 13.623 11.85 11.534 12.554 11.528 12.072 11.941 11.882 11.686 12.08 11.697 12.457 12.048 11.325 12.936 12.845 13.383 13.186 12.658 12.011 12.472 12.935 12.679 12.107 12.419 12.502 13.015 12.793 13.042 13.9 14.422 14.499 14.507 14.437 -9999 -9999 -9999 -9999 -9999 -9999 -9999 -9999 -9999 -9999 -9999 -9999 -9999 -9999 -9999 -9999 -9999 -9999 -9999 -9999 -9999 -9999 -9999 -9999 -9999 -9999 -9999 -9999 -9999 -9999
-9999 -9999 13.696 -9999 13.187 13.203 13.061 11.687 12.044 -9999 -9999 12.105 12.953 13.522 11.327 11.9 11.319 12.007 11.575 13.151 13.261 13.587 13.562 12.869 13.168 12.73 13.364 12.902 13.019 13.099 12.821 12.876 13.394 12.983 12.909 12.912 13.344 13.16 13.668 14.327 14.718 14.66 14.444 14.711 -9999 -9999 -9999 -9999 -9999 -9999 -9999 -9999 -9999 -9999 -9999 -9999 -9999 -9999 -9999 -9999 -9999 -9999 -9999 -9999 -9999 -9999 -9999 -9999 -9999 -9999 -9999 -9999 -9999 -9999 -9999
14.012 -9999 13.526 12.484 13.347 12.884 12.783 13.422 -9999 -9999 13.006 11.925 12.298 11.165 12.797 12.637 12.435 12.425 13.074 13.151 13.069 12.828 12.526 11.828 10.882 12.183 12.643 12.78 13.975 14.151 13.868 13.103 13.127 13.453 13.449 13.678 13.917 14.007 14.462 14.783 14.79 14.576 14.561 14.454 14.589 -9999 -9999 -9999 -9999 -9999 -9999 -9999 -9999 -9999 -9999 -9999 -9999 -9999 -9999 -9999 -9999 -9999 -9999 -9999 -9999 -9999 -9999 -9999 -9999 -9999 -9999 -9999 -9999 -9999 -9999
13.517 13.515 13.825 13.625 13.238 13.17 13.304 -9999 -9999 14.813 12.851 13.799 12.616 13.305 12.152 11.1 12.484 12.454 12.582 11.642 11.205 11.709 12.462 12.787 13.057 13.5 12.939 13.521 13.575 13.495 13.244 13.233 13.476 13.904 14.184 14.465 14.639 14.632 14.55 14.521 14.589 14.58 14.537 14.662 -9999 -9999 -9999 -9999 -9999 -9999 -9999 -9999 -9999 -9999 -9999 -9999 -9999 -9999 -9999 -9999 -9999 -9999 -9999 -9999 -9999 -9999 -9999 -9999 -9999 -9999 -9999 -9999 -9999 -9999 -9999
12.722 14.031 -9999 -9999 14.167 13.179 -9999 -9999 -9999 14.656 13.675 11.386 12.121 10.479 11.637 13.006 12.855 12.198 11.814 11.731 11.731 12.514 12.283 11.987 13.051 13.67 12.869 12.355 12.327 13.088 13.555 14.365 14.184 14.728 14.865 15.023 14.762 14.095 14.076 14.161 14.282 14.338 14.651 14.809 -9999 -9999 -9999 -9999 -9999 -9999 -9999 -9999 -9999 -9999 -9999 -9999 -9999 -9999 -9999 -9999 -9999 -9999 -9999 -9999 -9999 -9999 -9999 -9999 -9999 -9999 -9999 -9999 -9999 -9999 -9999
-9999 14.474 14.491 14.03 -9999 -9999 -9999 -9999 13.669 13.594 11.951 12.678 12.489 11.424 12.489 12.675 12.025 10.703 11.805 10.686 12.657 12.157 11.268 13.232 14.236 12.309 11.08 11.476 13.263 13.286 13.883 14.083 14.726 14.957 14.997 14.696 13.81 14.217 14.342 14.52 14.46 14.638 14.944 -9999 -9999 -9999 -9999 -9999 -9999 -9999 -9999 -9999 -9999 -9999 -9999 -9999 -9999 -9999 -9999 -9999 -9999 -9999 -9999 -9999 -9999 -9999 -9999 -9999 -9999 -9999 -9999 -9999 -9999 -9999 -9999
