Validation/Results/raw data/ReClimate_10_2024_2_Temperatureweatherlogisticsltd.asc
NCOLS 192
NROWS 249
XLLCENTER -225160.85627316462
YLLCENTER 29788.11610251502
CELLSIZE 5000.0
NODATA_VALUE -9999
[rows 170 to 203 of 249, columns 75 to 149 of 192]
-9999 -9999 -9999 -9999 -9999 -9999 -9999 -9999 -9999 -9999 -9999 -9999 -9999 -9999 -9999 -9999 -9999 -0.147 -0.173 -9999 -9999 -9999 -9999 -9999 -9999 -9999 -9999 -9999 -9999 -9999 -9999 -9999 -9999 -9999 -9999 -9999 -0.45 -0.464 -0.456 -0.443 -0.448 -0.447 -0.44 -0.43 -0.423 -0.413 -0.402 -0.387 -0.384 -0.379 -0.379 -0.379 -0.367 -0.351 -0.35 -0.348 -0.338 -0.323 -0.313 -0.299 -0.29 -0.277 -0.277 -0.277 -0.257 -0.232 -0.217 -0.196 -0.183 -0.169 -0.153 -0.133 -0.127 -0.12 -0.102
-9999 -9999 -9999 -9999 -9999 -9999 -9999 -9999 -9999 -9999 -9999 -9999 -9999 -9999 -9999 -9999 -9999 -0.155 -0.182 -0.2 -9999 -9999 -9999 -9999 -9999 -9999 -9999 -9999 -9999 -9999 -9999 -9999 -9999 -9999 -9999 -0.419 -0.429 -0.457 -0.452 -0.446 -0.446 -0.431 -0.427 -0.423 -0.417 -0.407 -0.402 -0.398 -0.392 -0.378 -0.375 -0.366 -0.362 -0.352 -0.346 -0.341 -0.341 -0.332 -0.319 -0.305 -0.296 -0.285 -0.27 -0.259 -0.25 -0.232 -0.21 -0.186 -0.169 -0.152 -0.138 -0.12 -0.109 -0.099 -0.091
-9999 -9999 -9999 -9999 -9999 -9999 -9999 -9999 -9999 -9999 -9999 -9999 -9999 -9999 -9999 -9999 -0.143 -0.156 -0.176 -0.194 -0.213 -9999 -9999 -9999 -9999 -9999 -9999 -9999 -9999 -9999 -9999 -9999 -0.396 -9999 -9999 -0.402 -0.418 -0.44 -0.438 -0.434 -9999 -0.412 -0.411 -0.408 -0.402 -0.393 -0.395 -0.394 -0.383 -0.37 -0.361 -0.352 -0.348 -0.342 -0.337 -0.328 -0.327 -0.324 -0.312 -0.295 -0.287 -0.275 -0.259 -0.238 -0.229 -0.217 -0.195 -0.167 -0.149 -0.129 -0.115 -0.097 -0.087 -0.077 -0.07
-9999 -9999 -9999 -9999 -9999 -9999 -9999 -9999 -9999 -9999 -9999 -9999 -9999 -9999 -9999 -9999 -0.153 -0.174 -0.191 -0.194 -0.204 -0.197 -0.222 -9999 -9999 -9999 -0.285 -0.306 -9999 -0.347 -0.365 -0.382 -0.397 -0.416 -9999 -9999 -0.426 -0.437 -9999 -9999 -0.423 -0.407 -0.404 -0.393 -0.39 -0.39 -0.391 -0.385 -0.376 -0.363 -0.367 -0.365 -0.35 -0.338 -0.325 -0.313 -0.313 -0.31 -0.299 -0.283 -0.273 -0.259 -0.243 -0.223 -0.221 -0.213 -0.184 -0.151 -0.138 -0.119 -0.098 -0.081 -0.074 -0.066 -0.044
-9999 -9999 -9999 -9999 -9999 -9999 -9999 -9999 -9999 -9999 -9999 -9999 -9999 -9999 -9999 -9999 -9999 -0.176 -0.184 -0.187 -0.186 -0.179 -9999 -9999 -0.258 -0.266 -0.28 -0.294 -0.322 -0.343 -0.358 -0.371 -0.394 -0.412 -0.414 -9999 -0.415 -0.426 -0.423 -0.416 -0.408 -0.393 -0.386 -0.376 -0.377 -0.377 -0.376 -0.371 -0.363 -0.352 -0.356 -0.361 -0.347 -0.327 -0.314 -0.296 -0.295 -0.292 -0.281 -0.266 -0.254 -0.239 -0.223 -0.203 -0.2 -0.197 -0.168 -0.13 -0.116 -0.102 -0.082 -0.061 -0.056 -0.05 -0.028
-9999 -9999 -9999 -9999 -9999 -9999 -9999 -9999 -9999 -9999 -9999 -9999 -9999 -9999 -9999 -9999 -9999 -0.161 -0.175 -0.197 -0.199 -0.199 -0.231 -0.253 -0.265 -0.279 -0.297 -0.322 -0.349 -0.37 -0.378 -0.365 -0.384 -0.394 -0.403 -0.417 -0.425 -0.426 -0.424 -0.416 -0.41 -0.395 -0.391 -0.385 -0.385 -0.377 -0.379 -0.378 -0.369 -0.346 -0.354 -0.363 -0.349 -0.33 -0.314 -0.296 -0.295 -0.291 -0.277 -0.26 -0.258 -0.249 -0.228 -0.206 -0.19 -0.179 -0.164 -0.136 -0.12 -0.106 -0.089 -0.071 -0.053 -0.039 -0.008
-9999 -9999 -9999 -9999 -9999 -9999 -9999 -9999 -9999 -9999 -9999 -9999 -9999 -9999 -9999 -9999 -9999 -9999 -0.17 -0.194 -0.199 -0.2 -0.222 -0.243 -0.259 -0.276 -0.299 -0.324 -0.347 -0.371 -0.365 -0.352 -0.361 -0.368 -0.384 -0.4 -0.404 -0.407 -0.403 -0.397 -0.39 -0.379 -0.377 -0.373 -0.368 -0.36 -0.363 -0.365 -0.349 -0.33 -0.34 -0.349 -0.337 -0.32 -0.306 -0.287 -0.284 -0.28 -0.265 -0.246 -0.242 -0.238 -0.218 -0.192 -0.177 -0.157 -0.142 -0.124 -0.11 -0.096 -0.079 -0.062 -0.044 -0.021 0.009
-9999 -9999 -9999 -9999 -9999 -9999 -9999 -9999 -9999 -9999 -9999 -9999 -9999 -9999 -9999 -9999 -9999 -9999 -9999 -9999 -0.188 -0.21 -0.232 -0.254 -0.274 -0.298 -0.324 -0.35 -0.363 -0.354 -0.351 -0.349 -0.359 -0.37 -0.378 -0.367 -0.371 -0.37 -0.371 -0.383 -0.376 -0.36 -0.357 -0.35 -0.345 -0.337 -0.337 -0.33 -0.327 -0.34 -0.342 -0.324 -0.318 -0.305 -0.295 -0.279 -0.275 -0.268 -0.261 -0.247 -0.237 -0.229 -0.211 -0.187 -0.163 -0.138 -0.128 -0.116 -0.108 -0.098 -0.079 -0.06 -0.039 -0.014 0.01
-9999 -9999 -9999 -9999 -9999 -9999 -9999 -9999 -9999 -9999 -9999 -9999 -9999 -9999 -9999 -9999 -9999 -9999 -9999 -0.163 -0.185 -0.207 -0.228 -0.25 -0.274 -0.299 -0.324 -0.349 -0.341 -0.329 -0.334 -0.333 -0.344 -0.356 -0.35 -0.341 -0.342 -0.341 -0.352 -0.363 -0.354 -0.339 -0.334 -0.328 -0.323 -0.314 -0.31 -0.304 -0.316 -0.33 -0.317 -0.299 -0.294 -0.284 -0.274 -0.258 -0.255 -0.249 -0.242 -0.233 -0.223 -0.211 -0.194 -0.172 -0.15 -0.121 -0.113 -0.105 -0.099 -0.091 -0.072 -0.051 -0.03 -0.003 0.02
-9999 -9999 -9999 -9999 -9999 -9999 -9999 -9999 -9999 -9999 -9999 -9999 -9999 -9999 -9999 -9999 -9999 -9999 -0.128 -0.157 -0.177 -0.195 -0.218 -0.247 -0.27 -0.289 -0.311 -0.331 -0.322 -0.308 -0.317 -0.328 -0.331 -0.315 -0.312 -0.314 -0.32 -0.331 -0.343 -0.352 -0.35 -0.35 -0.347 -0.338 -0.325 -0.29 -0.29 -0.295 -0.3 -0.292 -0.284 -0.283 -0.274 -0.263 -0.258 -0.246 -0.239 -0.233 -0.227 -0.22 -0.204 -0.188 -0.174 -0.155 -0.133 -0.107 -0.093 -0.084 -0.088 -0.087 -0.064 -0.039 -0.033 -0.016 0.012
-9999 -9999 -9999 -9999 -9999 -9999 -9999 -9999 -9999 -9999 -9999 -9999 -9999 -9999 -9999 -9999 -9999 -0.098 -0.118 -0.148 -0.166 -0.183 -0.209 -0.238 -0.256 -0.27 -0.288 -0.308 -0.298 -0.284 -0.299 -0.311 -0.3 -0.284 -0.287 -0.29 -0.302 -0.313 -0.324 -0.334 -0.339 -0.341 -0.336 -0.328 -0.302 -0.268 -0.274 -0.279 -0.272 -0.263 -0.262 -0.26 -0.252 -0.239 -0.234 -0.225 -0.218 -0.209 -0.204 -0.197 -0.185 -0.166 -0.153 -0.136 -0.115 -0.091 -0.08 -0.067 -0.071 -0.075 -0.052 -0.024 -0.018 -0.01 0.017
-9999 -9999 -9999 -9999 -9999 -9999 -9999 -9999 -9999 -9999 -9999 -9999 -9999 -9999 -9999 -0.091 -0.088 -0.11 -0.126 -0.137 -0.15 -0.158 -0.181 -0.209 -0.225 -0.249 -0.268 -0.287 -0.279 -0.269 -0.284 -0.294 -0.293 -0.304 -0.307 -0.301 -0.306 -0.294 -0.309 -0.331 -0.333 -0.319 -0.317 -0.319 -0.294 -0.263 -0.267 -0.266 -0.261 -0.256 -0.254 -0.246 -0.244 -0.236 -0.24 -0.238 -0.214 -0.195 -0.188 -0.18 -0.165 -0.148 -0.136 -0.12 -0.118 -0.106 -0.086 -0.069 -0.062 -0.06 -0.052 -0.033 -0.005 0.015 0.02
-9999 -9999 -9999 -9999 -9999 -9999 -9999 -9999 -9999 -9999 -9999 -9999 -9999 -9999 -0.095 -0.086 -0.101 -0.109 -9999 -9999 -9999 -9999 -0.167 -0.183 -0.204 -0.228 -0.246 -0.265 -0.258 -0.25 -0.262 -0.272 -0.285 -0.298 -0.296 -0.292 -0.284 -0.273 -0.293 -0.315 -0.309 -0.297 -0.3 -0.302 -0.279 -0.248 -0.247 -0.246 -0.243 -0.239 -0.233 -0.226 -0.224 -0.219 -0.223 -0.226 -0.204 -0.174 -0.166 -0.156 -0.142 -0.124 -0.115 -0.102 -0.101 -0.102 -0.084 -0.06 -0.053 -0.044 -0.035 -0.024 0.004 0.036 0.042
-9999 -9999 -9999 -9999 -9999 -9999 -9999 -9999 -9999 -9999 -9999 -9999 -9999 -9999 -0.087 -0.076 -0.086 -9999 -9999 -9999 -9999 -9999 -0.169 -0.19 -0.212 -0.233 -0.248 -0.256 -0.253 -0.252 -0.26 -0.257 -0.268 -0.274 -0.276 -0.279 -0.28 -0.29 -0.301 -0.29 -0.29 -0.292 -0.29 -0.272 -0.26 -0.27 -0.264 -0.24 -0.24 -0.242 -0.236 -0.224 -0.218 -0.211 -0.205 -0.203 -0.191 -0.168 -0.158 -0.147 -0.141 -0.131 -0.129 -0.124 -0.095 -0.079 -0.074 -0.058 -0.042 -0.027 -0.007 0.012 0.022 0.043 0.051
-9999 -9999 -9999 -9999 -9999 -9999 -9999 -9999 -9999 -9999 -9999 -9999 -9999 -9999 -9999 -9999 -0.081 -9999 -9999 -9999 -9999 -9999 -0.164 -0.18 -0.2 -0.222 -0.23 -0.238 -0.239 -0.238 -0.239 -0.236 -0.243 -0.25 -0.255 -0.258 -0.27 -0.282 -0.276 -0.266 -0.273 -0.278 -0.265 -0.245 -0.254 -0.265 -0.247 -0.224 -0.226 -0.229 -0.221 -0.208 -0.202 -0.192 -0.187 -0.179 -0.167 -0.151 -0.142 -0.13 -0.124 -0.119 -0.12 -0.119 -0.095 -0.06 -0.053 -0.044 -0.026 -0.005 0.017 0.043 0.054 0.063 0.067
-9999 -9999 -9999 -9999 -9999 -9999 -9999 -9999 -9999 -9999 -9999 -9999 -9999 -9999 -9999 -9999 -9999 -9999 -9999 -9999 -9999 -9999 -0.161 -0.182 -0.196 -0.197 -0.207 -0.221 -0.223 -0.221 -0.221 -0.218 -0.229 -0.248 -0.25 -0.242 -0.255 -0.269 -0.268 -0.271 -0.279 -0.276 -0.264 -0.24 -0.25 -0.257 -0.239 -0.212 -0.213 -0.208 -0.207 -0.2 -0.193 -0.184 -0.179 -0.172 -0.165 -0.154 -0.139 -0.126 -0.111 -0.1 -0.104 -0.106 -0.094 -0.07 -0.055 -0.042 -0.024 -0.002 0.021 0.048 0.075 0.091 0.084
-9999 -9999 -9999 -9999 -9999 -9999 -9999 -9999 -9999 -9999 -9999 -9999 -9999 -9999 -9999 -9999 -9999 -9999 -9999 -9999 -9999 -9999 -9999 -0.17 -0.173 -0.175 -0.188 -0.202 -0.203 -0.201 -0.201 -0.197 -0.214 -0.233 -0.229 -0.221 -0.235 -0.248 -0.254 -0.257 -0.259 -0.258 -0.244 -0.223 -0.23 -0.238 -0.219 -0.194 -0.191 -0.186 -0.185 -0.181 -0.175 -0.165 -0.161 -0.155 -0.149 -0.14 -0.128 -0.112 -0.097 -0.078 -0.081 -0.085 -0.073 -0.056 -0.043 -0.025 -0.007 0.017 0.041 0.067 0.092 0.116 0.107
-9999 -9999 -9999 -9999 -9999 -9999 -9999 -9999 -9999 -9999 -9999 -9999 -9999 -9999 -9999 -9999 -9999 -9999 -9999 -9999 -9999 -9999 -0.144 -0.162 -0.169 -0.178 -0.191 -0.2 -0.203 -0.202 -0.204 -0.204 -0.22 -0.235 -0.233 -0.229 -0.24 -0.245 -0.249 -0.244 -0.248 -0.253 -0.247 -0.245 -0.246 -0.228 -0.212 -0.196 -0.193 -0.185 -0.182 -0.178 -0.174 -0.167 -0.159 -0.151 -0.133 -0.117 -0.105 -0.091 -0.082 -0.067 -0.066 -0.068 -0.056 -0.041 -0.037 -0.025 -0.01 0.01 0.037 0.064 0.093 0.118 0.122
-9999 -9999 -9999 -9999 -9999 -9999 -9999 -9999 -9999 -9999 -9999 -9999 -9999 -9999 -9999 -9999 -9999 -9999 -9999 -9999 -9999 -9999 -0.127 -0.147 -0.158 -0.168 -0.178 -0.188 -0.19 -0.19 -0.194 -0.194 -0.207 -0.222 -0.221 -0.218 -0.224 -0.229 -0.227 -0.222 -0.229 -0.234 -0.238 -0.238 -0.225 -0.208 -0.197 -0.182 -0.178 -0.171 -0.168 -0.161 -0.158 -0.152 -0.145 -0.133 -0.115 -0.092 -0.081 -0.068 -0.059 -0.047 -0.046 -0.045 -0.034 -0.018 -0.014 -0.007 0.007 0.026 0.051 0.079 0.104 0.132 0.134
-9999 -9999 -9999 -9999 -9999 -9999 -9999 -9999 -9999 -9999 -9999 -9999 -9999 -9999 -9999 -9999 -9999 -9999 -9999 -9999 -9999 -9999 -0.122 -0.14 -0.155 -0.175 -0.188 -0.202 -0.202 -0.187 -0.195 -0.206 -0.209 -0.191 -0.197 -0.214 -0.214 -0.194 -0.197 -0.21 -0.214 -0.209 -0.213 -0.215 -0.205 -0.193 -0.187 -0.184 -0.176 -0.156 -0.153 -0.146 -0.137 -0.128 -0.116 -0.102 -0.095 -0.08 -0.069 -0.057 -0.048 -0.038 -0.036 -0.034 -0.029 -0.018 0.004 0.02 0.032 0.05 0.071 0.094 0.108 0.128 0.13
-9999 -9999 -9999 -9999 -9999 -9999 -9999 -9999 -9999 -9999 -9999 -9999 -9999 -9999 -9999 -9999 -9999 -9999 -9999 -9999 -9999 -9999 -9999 -0.127 -0.145 -0.166 -0.181 -0.196 -0.187 -0.173 -0.187 -0.198 -0.185 -0.167 -0.182 -0.199 -0.186 -0.165 -0.177 -0.19 -0.188 -0.183 -0.187 -0.19 -0.183 -0.172 -0.172 -0.17 -0.155 -0.136 -0.132 -0.126 -0.116 -0.101 -0.09 -0.074 -0.068 -0.061 -0.051 -0.037 -0.029 -0.019 -0.016 -0.013 -0.008 -0.0 0.02 0.046 0.059 0.076 0.097 0.115 0.125 0.139 0.141
-9999 -9999 -9999 -9999 -9999 -9999 -9999 -9999 -9999 -9999 -9999 -9999 -9999 -9999 -9999 -9999 -9999 -9999 -9999 -9999 -9999 -9999 -9999 -0.14 -0.155 -0.168 -0.177 -0.171 -0.164 -0.155 -0.169 -0.183 -0.18 -0.187 -0.196 -0.188 -0.184 -0.192 -0.196 -0.178 -0.174 -0.165 -0.172 -0.181 -0.181 -0.184 -0.181 -0.164 -0.15 -0.129 -0.125 -0.116 -0.111 -0.1 -0.078 -0.059 -0.046 -0.034 -0.039 -0.034 -0.028 -0.019 -0.011 -0.004 0.004 0.013 0.029 0.052 0.074 0.096 0.111 0.124 0.134 0.148 0.153
-9999 -9999 -9999 -9999 -9999 -9999 -9999 -9999 -9999 -9999 -9999 -9999 -9999 -9999 -9999 -9999 -9999 -9999 -9999 -9999 -9999 -9999 -0.103 -0.138 -0.147 -0.157 -0.155 -0.149 -0.145 -0.137 -0.151 -0.166 -0.176 -0.184 -0.179 -0.17 -0.178 -0.187 -0.175 -0.158 -0.152 -0.144 -0.153 -0.163 -0.17 -0.175 -0.163 -0.147 -0.134 -0.118 -0.111 -0.095 -0.091 -0.085 -0.064 -0.039 -0.026 -0.01 -0.013 -0.018 -0.011 -0.003 0.005 0.016 0.024 0.035 0.052 0.074 0.096 0.121 0.133 0.142 0.15 0.165 0.169
-9999 -9999 -9999 -9999 -9999 -9999 -9999 -9999 -9999 -9999 -9999 -9999 -9999 -9999 -9999 -9999 -9999 -9999 -9999 -9999 -9999 -9999 -0.114 -0.135 -0.14 -0.138 -0.14 -0.148 -0.146 -0.14 -0.155 -0.168 -0.179 -0.185 -0.18 -0.165 -0.17 -0.167 -0.157 -0.146 -0.147 -0.154 -0.16 -0.153 -0.158 -0.156 -0.149 -0.139 -0.129 -0.113 -0.1 -0.071 -0.071 -0.07 -0.071 -0.06 -0.033 -0.011 -0.009 -0.011 0.013 0.033 0.021 0.021 0.042 0.061 0.077 0.098 0.104 0.12 0.129 0.134 0.15 0.167 0.172
-9999 -9999 -9999 -9999 -9999 -9999 -9999 -9999 -9999 -9999 -9999 -9999 -9999 -9999 -9999 -9999 -9999 -9999 -9999 -9999 -9999 -9999 -0.11 -0.126 -0.125 -0.122 -0.129 -0.135 -0.134 -0.13 -0.143 -0.156 -0.166 -0.176 -0.167 -0.152 -0.15 -0.145 -0.137 -0.126 -0.135 -0.144 -0.141 -0.134 -0.135 -0.134 -0.13 -0.122 -0.112 -0.099 -0.076 -0.048 -0.049 -0.05 -0.051 -0.052 -0.027 0.004 0.007 0.01 0.033 0.064 0.054 0.043 0.064 0.091 0.107 0.124 0.13 0.136 0.143 0.147 0.161 0.182 0.187
-9999 -9999 -9999 -9999 -9999 -9999 -9999 -9999 -9999 -9999 -9999 -9999 -9999 -9999 -9999 -9999 -9999 -9999 -9999 -9999 -9999 -0.08 -0.098 -0.123 -0.124 -0.127 -0.134 -0.137 -0.138 -0.14 -0.149 -0.147 -0.155 -0.153 -0.146 -0.142 -0.137 -0.122 -0.118 -0.119 -0.124 -0.116 -0.114 -0.11 -0.108 -0.097 -0.103 -0.124 -0.115 -0.092 -0.074 -0.06 -0.061 -0.063 -0.044 -0.033 -0.017 0.009 0.015 0.02 0.03 0.051 0.062 0.063 0.092 0.124 0.123 0.131 0.143 0.152 0.156 0.158 0.161 0.175 0.17
-9999 -9999 -9999 -9999 -9999 -9999 -9999 -9999 -9999 -9999 -9999 -9999 -9999 -9999 -9999 -9999 -9999 -9999 -9999 -9999 -0.066 -0.074 -0.09 -0.114 -0.119 -0.122 -0.126 -0.129 -0.132 -0.134 -0.134 -0.132 -0.134 -0.131 -0.13 -0.127 -0.117 -0.103 -0.105 -0.106 -0.101 -0.093 -0.092 -0.089 -0.082 -0.071 -0.091 -0.113 -0.097 -0.075 -0.064 -0.05 -0.051 -0.051 -0.033 -0.007 0.008 0.029 0.036 0.044 0.054 0.067 0.077 0.091 0.118 0.152 0.151 0.15 0.162 0.174 0.176 0.177 0.18 0.187 0.18
-9999 -9999 -9999 -9999 -9999 -9999 -9999 -9999 -9999 -9999 -9999 -9999 -9999 -9999 -9999 -9999 -9999 -9999 -0.065 -0.065 -0.072 -0.087 -0.106 -0.119 -0.123 -0.12 -0.125 -0.125 -0.125 -0.117 -0.119 -0.123 -0.125 -0.122 -0.126 -0.131 -0.121 -0.1 -0.106 -0.116 -0.105 -0.078 -0.08 -0.089 -0.088 -0.091 -0.1 -0.08 -0.07 -0.069 -0.058 -0.038 -0.036 -0.033 -0.02 0.002 0.016 0.034 0.041 0.048 0.059 0.072 0.083 0.095 0.118 0.148 0.155 0.158 0.166 0.173 0.177 0.181 0.186 0.19 0.182
-9999 -9999 -9999 -9999 -9999 -9999 -9999 -9999 -9999 -9999 -9999 -9999 -9999 -9999 -9999 -9999 -9999 -0.059 -0.064 -0.078 -0.085 -0.088 -0.1 -0.113 -0.114 -0.112 -0.115 -0.115 -0.11 -0.102 -0.107 -0.111 -0.111 -0.108 -0.115 -0.122 -0.108 -0.088 -0.098 -0.108 -0.088 -0.06 -0.068 -0.076 -0.081 -0.086 -0.074 -0.052 -0.052 -0.051 -0.037 -0.017 -0.014 -0.009 0.004 0.022 0.036 0.053 0.059 0.068 0.079 0.091 0.1 0.112 0.133 0.161 0.168 0.178 0.184 0.188 0.19 0.194 0.197 0.202 0.192
-9999 -9999 -9999 -9999 -9999 -9999 -9999 -9999 -9999 -9999 -9999 -9999 -9999 -9999 -0.071 -0.082 -0.086 -0.092 -0.098 -0.078 -0.084 -0.093 -0.105 -0.116 -0.121 -0.129 -0.13 -0.123 -0.122 -0.121 -0.122 -0.109 -0.113 -0.121 -0.122 -0.104 -0.098 -0.101 -0.102 -0.082 -0.071 -0.076 -0.081 -0.077 -0.079 -0.068 -0.06 -0.064 -0.061 -0.043 -0.034 -0.018 -0.009 -0.001 0.012 0.029 0.034 0.045 0.073 0.093 0.098 0.106 0.109 0.117 0.133 0.158 0.172 0.185 0.192 0.195 0.195 0.198 0.191 0.19 0.19
-9999 -9999 -9999 -9999 -9999 -9999 -9999 -9999 -9999 -9999 -9999 -9999 -0.074 -0.076 -0.079 -0.081 -0.088 -0.098 -0.086 -0.069 -0.078 -0.087 -0.098 -0.108 -0.118 -0.127 -0.123 -0.117 -0.119 -0.12 -0.112 -0.1 -0.109 -0.117 -0.105 -0.087 -0.092 -0.095 -0.08 -0.06 -0.066 -0.071 -0.069 -0.065 -0.058 -0.046 -0.05 -0.053 -0.04 -0.023 -0.014 -0.0 0.007 0.019 0.032 0.048 0.052 0.058 0.082 0.114 0.12 0.126 0.129 0.134 0.15 0.171 0.183 0.196 0.199 0.203 0.203 0.206 0.202 0.197 0.197
-9999 -9999 -9999 -9999 -9999 -9999 -9999 -9999 -0.073 -0.057 -0.063 -0.069 -0.074 -0.089 -0.091 -0.092 -0.096 -0.096 -0.088 -0.081 -0.088 -0.085 -0.098 -0.111 -0.117 -0.115 -0.119 -0.13 -0.134 -0.135 -0.132 -0.126 -0.127 -0.104 -0.096 -0.09 -0.094 -0.094 -0.081 -0.068 -0.07 -0.063 -0.062 -0.059 -0.054 -0.044 -0.047 -0.045 -0.036 -0.028 -0.015 0.001 0.006 0.014 0.028 0.044 0.06 0.072 0.088 0.114 0.125 0.134 0.148 0.159 0.161 0.173 0.185 0.196 0.197 0.201 0.197 0.197 0.209 0.215 0.204
-9999 -9999 -9999 -9999 -9999 -9999 -9999 -0.067 -0.067 -0.058 -0.067 -0.067 -0.078 -0.088 -0.089 -0.09 -0.088 -0.087 -0.084 -0.078 -0.078 -0.077 -0.09 -0.103 -0.104 -0.102 -0.114 -0.127 -0.131 -0.133 -0.132 -0.127 -0.112 -0.09 -0.088 -0.083 -0.085 -0.085 -0.075 -0.062 -0.058 -0.05 -0.048 -0.045 -0.04 -0.031 -0.031 -0.03 -0.025 -0.019 -0.006 0.012 0.016 0.023 0.035 0.051 0.066 0.086 0.101 0.122 0.132 0.146 0.16 0.178 0.18 0.183 0.192 0.201 0.202 0.207 0.203 0.201 0.212 0.229 0.22
-9999 -9999 -9999 -9999 -9999 -9999 -0.057 -0.078 -0.079 -0.072 -0.078 -0.075 -0.083 -0.079 -0.081 -0.084 -0.085 -0.088 -0.089 -0.098 -0.101 -0.1 -0.109 -0.103 -0.108 -0.114 -0.121 -0.111 -0.117 -0.126 -0.125 -0.12 -0.11 -0.102 -0.098 -0.083 -0.087 -0.092 -0.083 -0.065 -0.06 -0.055 -0.055 -0.053 -0.05 -0.043 -0.041 -0.026 -0.023 -0.017 -0.007 0.003 0.01 0.018 0.033 0.05 0.066 0.085 0.1 0.12 0.131 0.145 0.167 0.188 0.194 0.196 0.196 0.2 0.212 0.223 0.223 0.223 0.227 0.239 0.229
