Validation/Results/raw data/ReClimate_05_2024_1_Precipitation-Actuals.asc
NCOLS 192
NROWS 249
XLLCENTER -225160.85627316462
YLLCENTER 29788.11610251502
CELLSIZE 5000.0
NODATA_VALUE -9999
[rows 132 to 164 of 249, columns 75 to 149 of 192]
-9999 -9999 -9999 -9999 -9999 -9999 -9999 -9999 -9999 -9999 -9999 -9999 93.456 96.744 100.717 102.291 111.004 116.362 126.921 132.021 136.558 130.114 98.708 93.768 97.446 100.659 95.114 91.155 91.255 85.77 84.379 87.767 81.877 93.477 102.083 108.839 105.821 98.349 101.705 101.342 96.99 106.112 103.782 94.549 92.144 85.602 85.032 80.151 77.067 80.785 74.132 67.479 66.909 69.632 65.69 62.076 58.616 -9999 -9999 -9999 -9999 -9999 -9999 -9999 -9999 -9999 -9999 -9999 -9999 -9999 -9999 -9999 -9999 -9999 -9999
-9999 -9999 -9999 -9999 -9999 -9999 -9999 -9999 -9999 -9999 -9999 -9999 96.46 117.307 102.453 98.804 102.274 106.901 126.518 158.88 159.937 121.264 107.379 96.28 99.418 98.762 98.711 105.367 86.719 79.575 82.537 82.742 89.428 90.871 99.151 99.341 97.635 93.223 94.862 93.807 98.44 101.118 102.644 98.34 93.972 88.036 78.515 74.041 75.066 72.148 70.987 69.387 65.863 63.62 65.037 63.21 58.888 -9999 -9999 -9999 -9999 -9999 -9999 -9999 -9999 -9999 -9999 -9999 -9999 -9999 -9999 -9999 -9999 -9999 -9999
-9999 -9999 -9999 -9999 -9999 -9999 -9999 -9999 -9999 -9999 -9999 95.001 114.641 109.476 103.28 101.981 101.244 102.218 127.579 144.806 130.664 128.722 112.585 101.839 93.821 95.429 102.723 92.956 87.287 80.165 77.422 85.213 85.487 88.456 89.308 90.884 88.938 85.774 85.775 90.571 88.256 93.651 97.618 95.219 85.435 79.967 77.675 73.355 68.605 59.998 67.155 67.928 67.684 63.76 62.985 64.335 63.089 55.96 -9999 -9999 -9999 -9999 -9999 -9999 -9999 -9999 -9999 -9999 -9999 -9999 -9999 -9999 -9999 -9999 -9999
-9999 -9999 -9999 -9999 -9999 -9999 -9999 -9999 -9999 -9999 88.295 -9999 98.882 106.745 103.51 101.642 94.819 91.753 102.868 108.638 125.763 137.58 117.689 97.004 88.156 87.342 87.065 87.303 87.235 86.373 82.931 84.577 81.143 81.631 80.231 80.425 77.103 73.214 77.154 79.016 83.193 85.373 83.802 82.259 79.856 73.66 68.576 69.085 59.75 69.011 71.384 67.503 66.479 64.934 64.118 64.893 63.29 59.138 -9999 -9999 -9999 -9999 -9999 -9999 -9999 -9999 -9999 -9999 -9999 -9999 -9999 -9999 -9999 -9999 -9999
82.21 -9999 -9999 -9999 -9999 -9999 -9999 -9999 -9999 -9999 84.628 -9999 89.649 95.13 94.607 94.188 88.52 86.879 88.548 96.871 120.899 125.06 114.101 99.146 86.33 82.245 82.286 87.679 96.849 100.8 -9999 -9999 -9999 -9999 -9999 -9999 72.597 70.948 72.83 75.51 78.56 80.215 79.942 81.998 75.801 70.533 73.523 67.113 69.475 68.663 62.803 67.617 66.196 66.12 60.938 60.33 61.286 60.306 56.452 -9999 -9999 -9999 -9999 -9999 -9999 -9999 -9999 -9999 -9999 -9999 -9999 -9999 -9999 -9999 -9999
87.72 71.757 -9999 -9999 -9999 -9999 -9999 -9999 -9999 -9999 81.703 81.243 79.927 80.582 88.385 89.8 88.764 85.037 82.554 92.767 108.379 121.237 108.452 99.095 87.802 84.735 88.725 84.551 92.557 88.068 -9999 -9999 -9999 -9999 71.077 73.132 70.559 71.143 71.404 72.518 76.362 80.483 88.052 86.051 79.162 80.425 70.522 69.522 72.049 64.842 62.97 67.692 67.551 66.501 71.605 66.3 62.857 61.14 55.109 -9999 -9999 -9999 -9999 -9999 -9999 -9999 -9999 -9999 -9999 -9999 -9999 -9999 -9999 -9999 -9999
82.965 80.433 75.892 -9999 -9999 -9999 -9999 -9999 -9999 -9999 80.935 76.337 75.179 -9999 -9999 87.955 87.361 81.874 82.122 -9999 90.956 95.487 93.049 93.072 86.809 88.503 83.88 78.773 -9999 -9999 -9999 -9999 -9999 68.064 69.718 71.076 68.386 71.072 71.321 70.316 74.32 86.504 100.21 102.953 90.345 84.611 76.339 74.323 69.558 67.306 70.375 64.695 69.207 69.752 70.861 68.204 62.724 61.931 57.513 -9999 -9999 -9999 -9999 -9999 -9999 -9999 -9999 -9999 -9999 -9999 -9999 -9999 -9999 -9999 -9999
89.879 91.754 80.515 -9999 -9999 -9999 -9999 -9999 -9999 -9999 -9999 75.496 70.014 -9999 -9999 -9999 79.031 77.947 77.794 79.147 -9999 -9999 83.774 85.638 86.129 86.528 85.347 -9999 -9999 -9999 -9999 -9999 76.412 72.851 77.28 72.795 70.341 72.298 72.987 72.118 77.302 85.891 99.008 99.001 99.338 86.952 87.035 85.256 80.15 75.395 75.915 72.318 66.732 70.853 72.445 67.269 62.676 64.07 62.187 -9999 -9999 -9999 -9999 -9999 -9999 -9999 -9999 -9999 -9999 -9999 -9999 -9999 -9999 -9999 -9999
89.172 82.309 -9999 -9999 -9999 -9999 -9999 -9999 -9999 -9999 -9999 -9999 69.099 -9999 -9999 -9999 -9999 73.636 77.156 79.335 -9999 -9999 -9999 80.674 79.352 -9999 -9999 -9999 -9999 -9999 -9999 -9999 75.464 80.314 78.929 77.73 81.042 82.15 77.503 69.848 72.248 80.938 86.059 96.753 95.173 89.654 96.025 92.435 86.991 76.757 78.544 77.532 70.352 66.709 68.949 65.559 62.217 65.014 62.087 -9999 -9999 -9999 -9999 -9999 -9999 -9999 -9999 -9999 -9999 -9999 -9999 -9999 -9999 -9999 -9999
76.844 -9999 -9999 -9999 -9999 -9999 -9999 -9999 -9999 -9999 -9999 -9999 75.389 -9999 -9999 -9999 -9999 -9999 75.048 75.672 -9999 -9999 -9999 -9999 -9999 -9999 -9999 -9999 -9999 -9999 -9999 -9999 79.758 86.989 88.837 92.549 94.574 88.66 77.195 72.315 71.555 73.975 85.188 101.237 110.583 108.599 99.013 92.215 75.002 73.334 72.41 68.981 68.84 70.987 67.348 63.546 61.26 65.515 65.466 59.225 -9999 -9999 -9999 -9999 -9999 -9999 -9999 -9999 -9999 -9999 -9999 -9999 -9999 -9999 -9999
-9999 73.19 76.34 73.931 66.882 -9999 -9999 -9999 -9999 -9999 -9999 -9999 75.782 -9999 -9999 -9999 -9999 -9999 -9999 -9999 -9999 -9999 -9999 -9999 -9999 -9999 -9999 -9999 -9999 -9999 -9999 78.56 81.443 87.143 90.018 93.092 109.321 102.195 86.391 77.222 69.109 71.32 70.101 90.01 110.217 112.084 102.93 87.601 96.165 95.722 80.081 74.702 63.899 65.011 67.659 66.996 65.671 65.127 67.158 63.535 59.618 -9999 -9999 -9999 -9999 -9999 -9999 -9999 -9999 -9999 -9999 -9999 -9999 -9999 -9999
73.369 75.112 74.792 67.143 66.214 -9999 -9999 -9999 -9999 -9999 -9999 -9999 -9999 -9999 -9999 -9999 -9999 -9999 -9999 -9999 -9999 -9999 -9999 -9999 -9999 -9999 -9999 -9999 -9999 -9999 79.539 79.795 86.042 93.456 98.86 110.99 139.541 121.108 90.576 76.795 70.685 62.75 65.077 77.826 102.297 123.458 106.245 95.796 92.233 84.938 83.045 77.364 71.661 64.08 64.86 63.252 64.774 64.349 64.811 62.734 59.276 -9999 -9999 -9999 -9999 -9999 -9999 -9999 -9999 -9999 -9999 -9999 -9999 -9999 -9999
75.577 73.555 68.189 -9999 65.045 63.43 -9999 -9999 -9999 -9999 -9999 -9999 -9999 -9999 -9999 -9999 -9999 -9999 -9999 -9999 -9999 -9999 -9999 -9999 -9999 -9999 -9999 -9999 -9999 -9999 81.697 83.364 100.663 118.222 124.394 123.216 116.673 114.597 98.329 86.903 75.103 69.946 65.13 70.781 90.128 102.609 115.864 103.896 90.152 80.266 76.366 71.647 68.797 66.074 66.105 63.988 63.79 63.43 62.63 61.402 59.56 58.495 58.547 -9999 -9999 -9999 -9999 -9999 -9999 -9999 -9999 -9999 -9999 -9999 -9999
76.564 71.052 65.938 -9999 -9999 63.648 -9999 -9999 -9999 -9999 -9999 -9999 -9999 -9999 -9999 -9999 -9999 -9999 -9999 -9999 -9999 -9999 -9999 -9999 -9999 -9999 -9999 -9999 -9999 -9999 95.445 100.488 111.952 121.485 128.77 129.182 140.522 131.671 116.163 98.929 91.438 75.926 71.703 70.737 65.053 82.152 93.988 89.788 85.165 78.744 68.685 66.665 64.974 62.315 60.29 62.997 62.21 63.461 62.657 63.314 63.703 71.109 71.391 66.044 63.717 68.733 -9999 -9999 -9999 -9999 -9999 -9999 -9999 -9999 -9999
73.179 72.623 67.259 61.717 -9999 63.304 -9999 -9999 -9999 -9999 -9999 -9999 -9999 -9999 -9999 -9999 -9999 -9999 -9999 -9999 -9999 -9999 -9999 -9999 -9999 -9999 -9999 -9999 -9999 78.124 98.155 111.869 133.609 168.76 186.755 183.668 148.675 142.326 137.56 132.791 109.571 103.792 88.165 74.686 64.345 73.826 73.921 78.156 87.057 80.729 72.744 67.672 66.319 65.507 63.072 61.195 61.763 62.236 63.331 65.867 67.467 73.268 84.289 80.323 76.732 72.991 70.987 69.852 -9999 -9999 -9999 -9999 -9999 -9999 -9999
72.661 67.01 64.057 -9999 63.223 -9999 -9999 -9999 -9999 -9999 -9999 -9999 -9999 -9999 -9999 -9999 -9999 -9999 -9999 -9999 -9999 -9999 -9999 -9999 -9999 -9999 -9999 -9999 -9999 -9999 82.279 105.746 140.004 168.856 191.542 199.792 194.858 150.521 151.64 135.657 142.334 123.995 99.684 85.21 79.809 75.762 77.812 103.733 94.396 88.607 89.119 81.735 70.817 67.574 65.47 63.392 62.516 63.225 66.873 66.996 66.092 73.553 82.775 77.638 72.882 73.762 73.097 73.321 69.458 -9999 -9999 -9999 -9999 -9999 -9999
70.431 63.891 62.907 63.949 66.194 -9999 -9999 -9999 -9999 -9999 -9999 -9999 -9999 -9999 -9999 -9999 -9999 -9999 -9999 -9999 -9999 -9999 -9999 -9999 -9999 -9999 -9999 -9999 -9999 -9999 -9999 87.878 110.302 136.369 160.736 188.845 186.534 137.914 121.619 133.786 134.704 116.735 106.971 101.094 98.595 89.278 101.264 104.782 100.965 105.203 98.089 83.55 79.462 71.997 67.361 61.978 60.238 63.252 65.966 72.935 80.759 80.491 92.235 94.013 83.865 81.635 71.56 72.348 71.869 69.725 -9999 -9999 -9999 -9999 -9999
70.045 65.993 63.133 64.676 -9999 -9999 -9999 -9999 -9999 -9999 -9999 -9999 -9999 -9999 -9999 -9999 -9999 -9999 -9999 -9999 -9999 -9999 -9999 -9999 -9999 -9999 -9999 -9999 -9999 -9999 -9999 78.04 97.265 118.304 137.594 169.945 157.651 121.621 117.595 115.812 107.387 104.242 100.81 110.57 123.365 104.117 111.402 115.418 103.372 89.449 85.153 76.299 75.274 75.419 67.676 62.349 62.651 64.46 68.251 70.968 82.644 88.477 86.016 86.771 84.084 86.417 83.151 73.952 75.125 73.074 69.607 -9999 -9999 -9999 -9999
75.413 68.825 63.781 58.843 -9999 -9999 -9999 -9999 -9999 -9999 -9999 -9999 -9999 -9999 -9999 -9999 -9999 -9999 -9999 -9999 -9999 -9999 -9999 -9999 -9999 -9999 -9999 -9999 -9999 -9999 -9999 -9999 91.377 114.427 131.281 139.013 121.73 118.157 107.179 101.227 99.072 96.372 101.481 113.724 110.506 124.187 115.619 110.857 99.373 92.4 87.703 85.859 72.877 72.384 67.548 65.473 65.679 66.636 72.168 76.462 78.245 82.848 85.366 85.442 83.401 84.205 83.953 82.275 76.797 77.708 72.958 -9999 -9999 -9999 -9999
-9999 -9999 -9999 -9999 -9999 -9999 -9999 -9999 -9999 -9999 -9999 -9999 -9999 -9999 -9999 -9999 -9999 -9999 -9999 -9999 -9999 -9999 -9999 -9999 -9999 -9999 -9999 -9999 -9999 -9999 -9999 -9999 87.592 110.658 115.947 103.242 110.356 105.201 104.151 98.178 93.621 98.847 102.967 105.933 133.295 118.408 118.885 117.757 103.715 85.371 83.884 81.107 77.711 70.407 68.961 65.428 64.567 67.33 69.31 76.55 82.307 81.341 77.075 76.817 75.31 79.064 81.731 84.603 81.429 72.761 73.524 67.418 -9999 -9999 -9999
-9999 -9999 -9999 -9999 -9999 -9999 -9999 -9999 -9999 -9999 -9999 -9999 -9999 -9999 -9999 -9999 -9999 -9999 -9999 -9999 -9999 -9999 -9999 -9999 -9999 -9999 -9999 -9999 -9999 -9999 -9999 -9999 -9999 100.538 94.579 99.102 112.298 97.885 95.029 89.934 89.378 95.983 101.369 117.211 123.5 127.7 123.882 115.897 109.145 104.759 97.075 85.679 87.065 80.673 71.111 65.084 62.769 63.632 66.676 68.245 78.707 83.436 75.61 65.878 65.892 66.186 69.536 72.306 77.48 71.051 67.135 66.817 -9999 -9999 -9999
-9999 -9999 -9999 -9999 -9999 -9999 -9999 -9999 -9999 -9999 -9999 -9999 -9999 -9999 -9999 -9999 -9999 -9999 -9999 -9999 -9999 -9999 -9999 -9999 -9999 -9999 -9999 -9999 -9999 -9999 -9999 -9999 -9999 87.326 -9999 95.193 88.026 86.477 85.567 -9999 86.615 96.658 104.178 110.175 126.832 128.332 125.518 120.041 113.966 110.362 117.873 100.92 92.007 87.55 79.802 68.398 63.777 61.884 63.124 67.245 68.779 76.174 74.843 68.965 64.56 65.876 65.929 67.442 69.867 69.031 73.562 75.969 68.935 -9999 -9999
-9999 -9999 -9999 -9999 -9999 -9999 -9999 -9999 -9999 -9999 -9999 -9999 -9999 -9999 -9999 -9999 -9999 -9999 -9999 -9999 -9999 -9999 -9999 -9999 -9999 -9999 -9999 -9999 -9999 -9999 -9999 -9999 -9999 -9999 80.239 82.724 -9999 -9999 -9999 -9999 81.297 87.758 89.209 98.04 107.448 119.337 98.815 114.567 115.916 105.391 106.329 113.162 95.705 90.735 81.278 75.187 70.052 65.979 63.264 65.159 68.675 71.464 76.273 72.579 70.985 68.691 66.088 68.13 71.088 70.848 69.99 80.238 77.277 69.969 65.24
-9999 -9999 -9999 -9999 -9999 -9999 -9999 -9999 -9999 -9999 -9999 -9999 -9999 -9999 -9999 -9999 -9999 -9999 -9999 -9999 -9999 -9999 -9999 -9999 -9999 -9999 -9999 -9999 -9999 -9999 -9999 -9999 -9999 -9999 75.681 76.439 -9999 -9999 -9999 -9999 79.826 84.348 83.526 87.315 96.289 86.472 94.416 104.275 112.785 105.89 98.463 109.015 98.721 91.48 84.678 78.082 71.826 67.614 64.106 61.093 63.786 68.246 71.523 73.426 73.959 72.032 69.204 69.36 72.97 75.354 73.457 75.04 73.875 66.811 64.258
-9999 -9999 -9999 -9999 -9999 -9999 -9999 -9999 -9999 -9999 -9999 -9999 -9999 -9999 -9999 -9999 -9999 -9999 -9999 -9999 -9999 -9999 -9999 -9999 -9999 -9999 -9999 -9999 -9999 -9999 -9999 -9999 -9999 -9999 73.347 -9999 -9999 -9999 -9999 76.845 82.66 90.321 99.796 99.64 101.956 98.952 90.473 103.946 112.432 98.926 97.635 94.901 94.425 89.32 83.523 75.553 70.217 66.529 65.413 62.768 59.385 64.351 67.309 69.194 72.035 76.966 80.625 78.489 76.593 74.579 72.876 70.096 68.416 63.284 -9999
-9999 -9999 -9999 -9999 -9999 -9999 -9999 -9999 -9999 -9999 -9999 -9999 -9999 -9999 -9999 -9999 -9999 -9999 -9999 -9999 -9999 -9999 -9999 -9999 -9999 -9999 -9999 -9999 -9999 -9999 -9999 -9999 -9999 -9999 -9999 -9999 -9999 -9999 -9999 78.311 89.348 103.939 121.904 128.365 117.533 97.595 92.756 92.025 93.402 90.185 95.897 98.023 89.823 88.828 84.457 76.025 71.439 68.086 65.716 63.741 62.407 64.654 68.635 69.359 71.823 75.698 85.882 89.115 76.915 71.944 68.762 68.487 66.178 63.602 -9999
-9999 -9999 -9999 -9999 -9999 -9999 -9999 -9999 -9999 -9999 -9999 -9999 -9999 -9999 -9999 -9999 -9999 -9999 -9999 -9999 -9999 -9999 -9999 -9999 -9999 -9999 -9999 -9999 -9999 -9999 -9999 -9999 -9999 -9999 -9999 -9999 -9999 -9999 -9999 78.999 86.802 106.673 126.343 129.906 113.128 100.961 88.796 88.765 89.294 85.031 86.969 85.259 87.91 84.741 82.93 77.04 71.17 67.294 64.405 62.729 63.785 64.423 66.96 67.999 69.237 73.116 79.411 84.979 78.154 70.465 69.892 68.175 65.655 63.814 -9999
-9999 -9999 -9999 -9999 -9999 -9999 -9999 -9999 -9999 -9999 -9999 -9999 -9999 -9999 -9999 -9999 -9999 -9999 -9999 -9999 -9999 -9999 -9999 -9999 -9999 -9999 -9999 -9999 -9999 -9999 -9999 -9999 -9999 -9999 -9999 -9999 -9999 -9999 73.764 74.917 84.563 107.87 130.268 128.922 112.887 106.225 90.774 92.992 90.493 85.535 84.858 86.458 80.993 79.842 73.517 73.024 68.205 67.806 65.49 64.111 64.715 66.425 65.842 65.631 65.285 69.201 73.808 78.93 77.396 72.175 68.352 67.769 66.592 64.127 61.413
-9999 -9999 -9999 -9999 -9999 -9999 -9999 -9999 -9999 -9999 -9999 -9999 -9999 -9999 -9999 -9999 -9999 -9999 -9999 -9999 -9999 -9999 -9999 -9999 -9999 -9999 -9999 -9999 -9999 -9999 -9999 -9999 -9999 -9999 -9999 -9999 -9999 -9999 73.911 74.292 84.803 102.898 115.957 104.813 103.469 92.455 99.677 107.236 94.091 90.552 88.232 80.72 81.326 78.679 76.926 77.844 77.193 70.186 68.093 65.899 64.425 64.879 65.351 65.23 64.925 66.827 69.162 72.724 77.716 75.317 70.176 66.445 67.309 67.174 62.244
-9999 -9999 -9999 -9999 -9999 -9999 -9999 -9999 -9999 -9999 -9999 -9999 -9999 -9999 -9999 -9999 -9999 -9999 -9999 -9999 -9999 -9999 -9999 -9999 -9999 -9999 -9999 -9999 -9999 -9999 -9999 -9999 -9999 -9999 -9999 -9999 -9999 71.346 72.555 75.527 81.248 94.011 98.276 98.896 93.525 94.806 102.687 99.125 94.777 98.332 90.509 83.206 72.932 79.395 76.032 75.426 75.525 74.75 69.379 66.851 63.954 63.383 62.989 64.08 65.831 66.774 68.893 70.997 74.804 76.845 75.291 69.555 69.126 70.494 66.805
-9999 -9999 -9999 -9999 -9999 -9999 -9999 -9999 -9999 -9999 -9999 -9999 -9999 -9999 -9999 -9999 -9999 -9999 -9999 -9999 -9999 -9999 -9999 -9999 -9999 -9999 -9999 -9999 -9999 -9999 -9999 -9999 -9999 -9999 -9999 -9999 -9999 69.66 74.017 74.998 80.014 88.103 91.05 91.456 96.466 96.298 90.451 94.13 97.996 106.549 102.605 94.556 83.792 78.555 79.714 70.557 67.222 70.596 72.797 68.619 64.145 63.304 62.533 63.128 65.95 65.678 64.927 68.026 72.91 73.279 74.583 71.621 68.194 67.306 65.136
-9999 -9999 -9999 -9999 -9999 -9999 -9999 -9999 -9999 -9999 -9999 -9999 -9999 -9999 -9999 -9999 -9999 -9999 -9999 -9999 -9999 -9999 -9999 -9999 -9999 -9999 -9999 -9999 -9999 -9999 -9999 -9999 -9999 -9999 -9999 -9999 -9999 70.936 73.024 74.408 79.483 86.007 87.886 89.918 92.159 92.645 96.647 102.743 109.848 110.663 104.083 95.43 86.905 80.173 78.876 75.422 69.327 68.439 68.895 68.623 66.219 64.791 65.058 65.896 67.481 67.643 66.28 65.759 68.981 72.807 72.383 72.677 68.831 66.2 64.044
-9999 -9999 -9999 -9999 -9999 -9999 -9999 -9999 -9999 -9999 -9999 -9999 -9999 -9999 -9999 -9999 -9999 -9999 -9999 -9999 -9999 -9999 -9999 -9999 -9999 -9999 -9999 -9999 -9999 -9999 -9999 -9999 -9999 -9999 -9999 -9999 -9999 -9999 72.835 74.429 75.626 75.494 91.791 98.955 106.827 108.559 101.754 105.54 110.797 105.617 103.267 93.574 79.575 77.984 74.166 74.867 72.366 71.221 70.669 67.459 66.673 66.829 66.811 66.767 68.148 67.799 67.604 64.826 66.914 68.64 70.448 -9999 69.912 -9999 64.911
