Validation/Results/raw data/ReClimate_12_2023_2_Precipitation-Actuals.asc
NCOLS 192
NROWS 249
XLLCENTER -225160.85627316462
YLLCENTER 29788.11610251502
CELLSIZE 5000.0
NODATA_VALUE -9999
[rows 198 to 230 of 249, columns 74 to 147 of 192]
-9999 -9999 -9999 -9999 -9999 -9999 -9999 -9999 -9999 -9999 -9999 -9999 -9999 -9999 -9999 -9999 -9999 -9999 116.006 119.625 127.0 119.058 109.455 118.372 115.372 144.038 167.614 190.58 184.136 167.266 142.24 109.754 101.161 99.594 104.119 110.311 97.64 83.486 70.388 64.904 62.465 64.011 60.166 62.617 61.85 59.183 56.604 53.438 51.126 50.816 48.318 49.856 49.187 46.243 46.106 46.981 46.835 48.142 47.085 50.895 52.645 52.701 57.952 58.056 55.317 54.085 52.213 55.455 55.094 53.759 53.918 48.517 46.539 46.007
-9999 -9999 -9999 -9999 -9999 -9999 -9999 -9999 -9999 -9999 -9999 -9999 -9999 -9999 -9999 74.907 96.84 109.545 114.942 128.758 130.412 129.267 128.364 112.254 130.243 148.327 169.385 169.429 176.824 153.947 135.356 124.234 108.459 99.266 114.511 96.029 85.394 69.813 63.574 62.582 68.341 59.036 59.695 56.004 58.429 60.413 59.105 59.58 53.402 50.884 45.764 46.356 48.657 44.909 43.076 45.081 47.923 49.257 53.903 52.294 52.324 53.653 59.04 61.108 56.589 54.103 51.321 52.223 54.821 53.719 50.835 48.831 45.957 48.513
-9999 -9999 -9999 -9999 -9999 -9999 -9999 -9999 -9999 -9999 -9999 -9999 -9999 101.856 93.858 100.259 107.199 110.975 121.268 128.638 135.415 132.936 127.843 138.201 134.296 150.45 159.646 151.571 151.09 148.583 149.983 129.075 116.144 111.271 92.578 84.192 73.12 81.389 72.75 65.01 59.305 55.58 54.362 55.48 57.957 59.144 60.695 55.705 54.154 49.101 44.15 46.544 48.056 46.07 50.103 49.638 48.63 49.101 49.405 54.869 54.573 56.123 58.969 63.206 61.507 58.356 53.521 51.671 53.996 53.858 51.272 50.932 50.68 47.541
-9999 -9999 -9999 -9999 -9999 -9999 -9999 -9999 -9999 106.287 113.155 109.27 105.385 121.884 117.027 124.132 126.749 124.707 133.366 140.879 149.183 154.594 148.605 144.086 141.132 151.74 143.681 138.77 139.633 151.073 140.288 126.453 112.039 106.9 93.586 78.762 91.068 93.676 78.419 73.57 64.885 59.979 57.123 60.296 63.523 57.895 60.141 55.254 50.239 47.498 47.198 48.716 48.029 55.431 55.617 56.407 52.842 52.419 52.166 53.228 55.713 57.673 59.095 57.726 59.262 58.167 54.217 52.954 51.87 51.558 52.036 51.234 49.769 47.141
-9999 -9999 -9999 -9999 -9999 -9999 -9999 -9999 92.924 109.675 112.786 118.442 150.137 155.625 154.627 145.558 162.711 149.133 153.331 151.082 159.904 156.971 155.195 152.767 148.188 135.308 128.236 128.429 141.66 141.065 132.6 121.312 114.866 100.193 97.107 110.336 135.503 105.144 91.393 74.426 70.296 65.43 66.008 62.197 55.384 56.761 54.877 52.426 50.445 48.119 50.991 52.583 58.487 62.589 67.074 59.907 55.229 59.306 59.45 58.42 58.873 58.245 60.382 59.963 57.0 55.742 55.406 55.529 52.55 54.661 55.312 51.806 50.127 47.288
-9999 -9999 -9999 -9999 -9999 -9999 -9999 85.55 98.117 110.866 116.877 134.209 148.694 153.469 139.594 154.147 147.73 148.51 145.577 141.157 155.144 159.553 153.528 143.366 129.447 117.254 126.865 148.688 147.91 148.575 134.434 123.27 108.886 107.975 100.446 134.501 128.608 124.091 96.418 88.195 81.401 71.806 65.302 60.812 58.784 58.947 61.1 53.054 49.194 45.096 50.893 54.567 62.029 72.168 67.722 61.839 59.199 60.167 64.084 63.17 62.066 60.897 60.155 58.908 56.088 54.576 54.942 57.525 57.322 53.656 55.328 52.862 52.838 56.9
-9999 -9999 -9999 -9999 -9999 83.413 -9999 88.436 97.285 106.289 111.735 118.419 129.013 132.86 127.607 128.879 126.119 132.588 124.261 131.927 134.115 136.286 131.032 129.913 125.287 135.578 162.553 198.58 220.663 189.023 173.296 160.563 160.964 141.762 126.436 125.554 145.873 119.511 105.798 97.438 86.656 74.526 64.533 65.826 67.169 67.747 61.227 54.438 47.012 49.722 57.609 65.526 73.678 80.742 74.37 63.97 59.858 61.502 63.51 63.034 61.09 57.84 57.145 53.887 53.144 54.772 55.955 56.465 57.083 55.19 54.901 56.391 55.789 58.076
-9999 -9999 -9999 -9999 -9999 -9999 -9999 -9999 -9999 103.5 99.094 107.446 119.097 116.412 120.14 123.136 128.113 126.538 123.088 120.712 126.478 135.699 131.638 138.307 137.343 154.594 182.883 217.788 222.263 214.717 194.205 205.271 206.561 161.395 146.943 138.177 107.668 108.148 104.781 84.503 76.039 68.896 75.804 76.975 79.706 72.228 63.659 53.936 50.588 54.96 64.693 79.318 81.853 81.243 75.173 64.855 63.585 67.119 63.397 61.077 56.979 54.801 53.501 53.013 52.297 53.847 54.218 53.865 54.792 56.49 59.371 63.518 64.184 60.206
-9999 -9999 -9999 -9999 -9999 -9999 -9999 -9999 -9999 97.906 99.708 104.014 110.471 117.712 126.395 130.501 127.923 122.274 118.634 115.861 128.093 131.773 133.047 134.621 137.02 149.087 164.049 183.26 186.095 180.501 184.818 199.91 180.232 170.585 150.541 128.143 131.745 134.632 104.71 86.922 72.896 85.863 86.345 90.878 85.017 78.509 61.948 51.256 50.437 70.219 77.791 77.054 78.388 78.603 71.699 67.375 63.492 63.542 63.363 59.074 56.465 53.421 52.2 51.61 53.663 56.617 55.651 52.259 54.042 59.144 66.091 66.352 66.827 66.996
-9999 -9999 -9999 -9999 -9999 -9999 -9999 90.374 94.453 95.687 93.209 -9999 111.97 121.952 118.777 114.098 112.157 108.83 -9999 108.936 115.635 121.055 135.307 133.96 149.102 152.435 174.603 185.76 170.802 161.222 174.235 163.378 156.891 150.21 152.152 142.941 145.071 139.61 107.327 92.051 82.305 84.026 93.02 94.821 95.258 71.106 59.289 54.743 66.397 69.898 74.23 73.705 80.623 75.356 69.689 66.065 62.918 58.496 56.569 55.399 58.656 55.19 53.184 52.238 51.67 52.597 54.977 56.364 57.87 65.648 71.247 73.326 68.943 67.676
-9999 -9999 -9999 -9999 -9999 -9999 -9999 91.258 -9999 -9999 -9999 102.909 110.741 109.912 -9999 -9999 -9999 -9999 -9999 103.618 107.604 119.192 117.276 128.588 135.16 145.157 160.881 160.081 160.019 205.471 210.32 178.055 161.834 155.265 155.613 148.914 146.642 122.141 111.852 95.191 86.726 95.876 90.362 95.126 74.599 61.688 60.375 63.898 71.139 70.398 75.645 71.723 73.399 73.657 65.111 60.933 58.539 55.848 54.667 53.174 54.035 55.763 53.343 53.599 52.685 53.573 56.2 55.893 63.351 70.622 74.953 73.809 72.628 67.934
-9999 -9999 -9999 -9999 -9999 -9999 -9999 -9999 -9999 95.76 97.764 97.42 100.86 103.755 -9999 -9999 -9999 -9999 -9999 -9999 -9999 -9999 110.474 121.453 123.851 125.261 131.804 145.577 189.727 230.582 235.349 216.876 184.074 166.497 155.659 138.061 142.273 135.069 110.264 96.284 103.262 96.614 95.153 77.671 67.802 65.326 63.917 72.001 71.003 74.505 74.686 69.361 64.435 64.062 59.639 56.772 54.437 55.536 54.372 52.688 50.55 50.547 51.296 52.739 54.389 56.798 62.827 66.254 69.376 76.226 74.169 70.686 67.177 64.573
-9999 -9999 -9999 -9999 -9999 -9999 -9999 -9999 -9999 -9999 96.505 -9999 -9999 -9999 -9999 -9999 -9999 -9999 -9999 -9999 102.818 105.716 112.46 113.826 109.054 108.832 114.576 138.864 177.959 212.393 220.006 202.67 175.601 164.006 150.597 138.368 136.527 117.168 100.468 95.396 96.056 93.188 83.403 -9999 68.66 66.867 69.488 77.723 73.921 72.3 69.768 63.924 61.932 58.788 58.679 56.424 55.482 53.208 51.797 49.355 48.031 49.368 49.713 50.728 56.827 65.847 68.807 74.605 69.387 70.948 70.817 66.9 59.569 59.817
-9999 -9999 -9999 -9999 -9999 -9999 -9999 -9999 -9999 -9999 -9999 -9999 -9999 -9999 -9999 -9999 -9999 -9999 -9999 -9999 99.215 101.58 100.556 95.11 -9999 -9999 -9999 121.188 154.985 169.286 178.793 165.912 157.88 157.192 142.087 125.757 116.975 106.301 94.464 92.285 84.633 78.715 -9999 67.151 67.416 67.99 74.019 75.965 70.346 70.328 63.605 55.105 60.935 59.495 57.808 57.128 53.282 59.37 59.635 56.903 54.193 52.031 52.905 55.113 59.632 64.364 70.775 71.156 68.829 64.907 65.218 62.441 58.388 55.096
-9999 -9999 -9999 -9999 -9999 -9999 -9999 -9999 -9999 -9999 -9999 -9999 -9999 -9999 -9999 -9999 -9999 -9999 -9999 -9999 -9999 -9999 -9999 -9999 -9999 -9999 -9999 92.873 111.551 130.979 129.606 128.565 132.918 130.74 122.338 113.379 104.793 94.941 87.139 80.999 -9999 -9999 66.022 64.514 67.426 68.244 73.692 74.808 70.448 66.083 60.859 56.059 60.789 61.203 61.084 64.876 63.701 59.288 65.461 68.605 62.752 59.226 61.332 60.46 62.505 66.055 66.1 65.613 62.988 57.868 58.293 58.603 56.023 54.061
-9999 -9999 -9999 -9999 -9999 -9999 -9999 -9999 -9999 -9999 -9999 -9999 -9999 -9999 -9999 -9999 -9999 -9999 -9999 -9999 -9999 -9999 -9999 -9999 -9999 -9999 -9999 84.898 94.619 98.888 103.283 112.341 109.028 109.21 109.489 102.549 90.759 -9999 -9999 -9999 -9999 -9999 64.155 66.869 69.211 70.411 73.307 76.438 71.511 70.06 64.522 59.267 59.379 66.016 66.873 73.074 74.834 72.589 69.0 70.187 70.185 62.551 63.174 62.049 61.887 64.602 60.386 58.71 55.832 55.569 53.473 53.325 53.789 53.4
-9999 -9999 -9999 -9999 -9999 -9999 -9999 -9999 -9999 -9999 -9999 -9999 -9999 -9999 -9999 -9999 -9999 -9999 -9999 -9999 -9999 -9999 -9999 -9999 -9999 -9999 -9999 -9999 -9999 89.788 99.535 97.887 93.509 96.961 96.991 86.681 -9999 -9999 -9999 -9999 67.029 73.124 73.351 71.324 74.156 70.188 76.815 79.119 78.438 70.23 64.556 62.671 65.338 70.958 74.073 75.02 78.305 75.574 71.301 66.879 63.871 64.223 61.487 60.969 57.753 56.591 55.606 54.505 55.282 55.983 57.985 55.95 53.182 52.061
-9999 -9999 -9999 -9999 -9999 -9999 -9999 -9999 -9999 -9999 -9999 -9999 -9999 -9999 -9999 -9999 -9999 -9999 -9999 -9999 -9999 -9999 -9999 -9999 -9999 -9999 -9999 -9999 -9999 -9999 88.076 86.288 85.542 80.713 80.179 -9999 -9999 -9999 -9999 69.223 70.299 73.01 79.986 82.866 73.363 70.214 73.223 73.658 75.682 69.078 64.151 67.74 70.276 73.057 76.913 76.125 75.652 74.033 72.102 67.298 67.475 62.894 63.899 61.465 58.863 55.47 54.419 55.27 57.453 60.142 62.242 58.864 53.472 51.663
-9999 -9999 -9999 -9999 -9999 -9999 -9999 -9999 -9999 -9999 -9999 -9999 -9999 -9999 -9999 -9999 -9999 -9999 -9999 -9999 -9999 -9999 -9999 -9999 -9999 -9999 -9999 -9999 -9999 -9999 -9999 -9999 -9999 -9999 -9999 -9999 -9999 -9999 72.965 71.546 69.964 77.983 84.796 78.744 73.508 71.922 70.987 74.429 71.841 62.472 59.898 62.5 67.274 70.659 71.908 75.517 76.86 74.857 78.209 77.459 73.324 72.076 68.649 67.58 62.34 59.853 58.424 57.324 59.184 61.904 61.268 58.58 54.639 53.353
-9999 -9999 -9999 -9999 -9999 -9999 -9999 -9999 -9999 -9999 -9999 -9999 -9999 -9999 -9999 -9999 -9999 -9999 -9999 -9999 -9999 -9999 -9999 -9999 -9999 -9999 -9999 -9999 -9999 -9999 -9999 -9999 -9999 -9999 -9999 -9999 -9999 70.161 71.802 74.717 78.543 97.826 96.63 91.991 81.611 77.332 76.731 75.673 65.603 58.057 57.436 62.244 66.482 68.699 73.18 76.95 82.843 81.637 79.748 86.169 80.935 75.798 73.835 69.731 65.77 60.092 59.843 60.83 61.213 63.299 61.658 57.543 56.169 56.497
-9999 -9999 -9999 -9999 -9999 -9999 -9999 -9999 -9999 -9999 -9999 -9999 -9999 -9999 -9999 -9999 -9999 -9999 -9999 -9999 -9999 -9999 -9999 -9999 -9999 -9999 -9999 -9999 -9999 -9999 -9999 -9999 -9999 -9999 -9999 -9999 -9999 68.555 66.834 67.495 80.39 90.385 97.929 100.751 96.228 91.475 89.008 76.513 66.8 62.802 70.932 69.686 71.704 69.725 67.883 70.584 75.528 82.014 81.033 80.675 79.91 74.716 75.685 73.542 68.536 66.06 63.627 64.95 65.33 67.747 65.018 61.217 61.162 68.658
-9999 -9999 -9999 -9999 -9999 -9999 -9999 -9999 -9999 -9999 -9999 -9999 -9999 -9999 -9999 -9999 -9999 -9999 -9999 -9999 -9999 -9999 -9999 -9999 136.514 156.151 157.74 149.69 -9999 127.651 -9999 -9999 -9999 -9999 -9999 -9999 -9999 -9999 62.969 63.128 70.23 77.198 87.325 94.777 92.886 99.548 86.632 79.291 72.875 78.876 79.246 72.812 71.412 69.978 64.469 67.803 69.704 73.016 73.884 76.219 74.413 75.542 77.123 80.366 77.126 72.542 71.614 66.6 67.983 70.135 70.446 66.541 68.314 70.052
-9999 -9999 -9999 -9999 -9999 -9999 -9999 -9999 -9999 -9999 -9999 -9999 -9999 -9999 -9999 -9999 -9999 -9999 -9999 -9999 -9999 103.207 110.084 116.161 140.359 169.685 165.816 162.241 160.551 134.825 110.585 93.804 -9999 -9999 79.776 74.491 63.403 56.247 59.791 60.074 62.989 70.512 78.307 77.876 90.012 89.803 83.437 82.44 89.842 86.04 80.024 79.769 72.492 69.889 65.907 66.606 72.278 73.382 73.796 70.567 71.319 74.175 79.788 79.094 82.598 82.075 76.698 76.064 69.8 72.054 74.213 72.313 81.491 81.709
-9999 -9999 -9999 -9999 -9999 -9999 -9999 -9999 -9999 -9999 -9999 -9999 -9999 -9999 -9999 -9999 -9999 -9999 -9999 -9999 104.977 103.55 98.806 110.674 138.963 157.533 170.967 176.851 163.724 145.581 130.826 109.105 89.704 91.273 86.713 82.052 68.337 64.07 57.278 59.349 64.498 69.222 69.726 77.683 82.583 81.026 82.591 95.467 90.92 90.065 86.838 80.432 76.815 73.293 70.483 69.208 71.994 75.94 74.384 77.156 74.343 73.181 77.721 81.592 84.817 85.915 83.215 79.358 83.858 78.359 75.738 76.792 76.593 83.913
-9999 -9999 -9999 -9999 -9999 -9999 -9999 -9999 -9999 -9999 -9999 -9999 -9999 -9999 -9999 -9999 -9999 -9999 -9999 -9999 105.355 89.896 91.043 98.867 115.339 139.522 151.157 160.618 150.982 142.165 126.714 117.775 115.122 101.107 91.178 80.044 73.516 66.183 59.714 57.272 58.106 62.964 64.665 69.082 69.888 74.464 88.905 87.984 88.679 94.024 90.465 81.39 80.843 79.117 76.379 74.475 75.498 75.518 74.86 75.412 78.389 73.446 75.087 81.297 87.349 90.699 86.471 85.752 87.257 87.206 81.54 76.649 75.248 72.564
-9999 -9999 -9999 -9999 -9999 -9999 -9999 -9999 -9999 -9999 -9999 -9999 -9999 -9999 -9999 -9999 -9999 -9999 -9999 -9999 100.513 90.017 90.655 91.801 107.547 115.426 124.452 127.253 126.983 127.172 126.178 119.703 118.038 106.66 85.913 75.855 70.989 65.686 60.108 55.094 57.817 62.279 62.021 61.906 67.664 77.979 81.116 81.77 80.95 87.488 84.798 88.87 87.123 82.392 77.323 76.175 77.093 78.646 80.862 78.464 77.984 81.626 79.719 84.038 90.681 98.525 92.823 87.711 88.298 84.447 80.781 80.076 73.913 73.138
-9999 -9999 -9999 -9999 -9999 -9999 -9999 -9999 -9999 -9999 -9999 -9999 -9999 -9999 -9999 -9999 101.045 112.668 -9999 103.522 96.148 100.244 97.343 93.154 93.699 98.716 104.773 113.391 120.459 124.401 116.318 113.427 109.633 95.639 84.297 78.34 75.471 71.338 65.893 59.916 63.885 64.809 63.999 64.045 70.859 74.191 78.036 77.57 83.839 86.966 87.924 94.629 93.583 86.219 79.528 78.791 80.356 82.392 77.894 79.962 79.704 81.575 85.342 86.987 90.98 91.972 94.988 88.322 89.615 91.316 86.721 82.428 76.983 72.196
-9999 -9999 -9999 -9999 -9999 -9999 -9999 -9999 -9999 -9999 -9999 -9999 -9999 -9999 -9999 -9999 113.328 117.753 112.256 110.166 109.768 104.626 95.46 91.63 99.461 95.493 103.304 108.856 110.485 118.768 111.816 104.601 101.998 93.768 94.451 102.548 92.249 81.048 72.338 68.101 71.993 72.02 69.957 73.288 79.162 75.371 79.244 78.476 81.28 85.853 91.704 88.524 89.932 85.945 82.363 84.703 85.803 82.807 80.25 78.006 80.262 80.691 82.034 82.194 87.967 93.472 93.969 99.47 94.873 94.155 92.626 88.798 81.147 74.265
-9999 -9999 -9999 -9999 -9999 -9999 -9999 -9999 -9999 -9999 -9999 -9999 -9999 -9999 -9999 98.817 113.418 116.69 119.992 121.507 111.065 106.11 99.633 100.613 98.304 97.222 101.262 100.314 105.372 108.7 99.926 97.013 92.001 93.537 110.792 107.376 103.132 93.759 84.638 79.108 78.253 75.506 76.914 79.634 78.454 81.317 82.797 80.491 85.092 90.607 84.697 85.083 84.14 85.98 89.079 86.458 89.1 88.085 82.17 79.058 80.328 80.173 79.837 79.434 81.529 86.818 91.688 95.663 100.338 95.314 101.532 92.859 93.252 88.738
-9999 -9999 -9999 -9999 -9999 -9999 -9999 -9999 -9999 -9999 -9999 -9999 -9999 -9999 -9999 -9999 100.869 112.472 113.867 109.904 107.728 105.976 99.603 97.216 102.745 96.468 101.689 101.767 99.151 92.771 91.199 93.437 88.51 96.869 105.587 109.353 109.234 105.575 97.314 91.391 85.008 85.74 86.418 85.461 83.18 86.08 88.087 89.03 91.397 87.132 85.498 81.742 80.676 82.121 83.474 85.608 84.391 85.852 83.463 79.845 -9999 79.068 76.232 80.745 78.702 75.749 77.908 81.133 82.175 83.37 81.689 84.299 80.859 86.329
-9999 -9999 -9999 -9999 -9999 -9999 -9999 -9999 -9999 -9999 -9999 -9999 -9999 -9999 -9999 95.83 97.921 102.163 104.399 108.185 111.4 109.747 101.922 100.616 94.565 99.585 95.914 89.214 84.943 86.037 88.922 85.5 86.343 93.498 98.433 106.128 110.279 102.332 97.503 103.162 100.7 97.586 101.241 97.021 99.541 103.976 99.61 94.81 92.806 88.13 82.836 84.596 82.144 82.761 82.822 80.652 83.518 84.774 84.667 80.182 75.98 -9999 69.688 -9999 72.815 -9999 68.723 -9999 74.72 73.246 73.679 70.903 70.876 72.317
-9999 -9999 -9999 -9999 -9999 -9999 -9999 -9999 -9999 -9999 -9999 -9999 -9999 -9999 -9999 97.011 101.407 102.309 102.209 110.138 112.819 113.895 112.619 111.476 106.469 100.918 93.068 87.818 85.349 88.086 83.894 81.834 83.497 92.449 101.653 109.582 103.609 95.178 102.028 99.172 90.161 93.397 94.894 102.896 109.693 108.671 105.155 97.957 94.931 90.879 86.985 83.654 83.457 80.666 80.34 79.268 78.581 79.897 78.454 76.011 73.597 -9999 -9999 65.875 66.132 -9999 -9999 66.131 66.187 67.5 -9999 -9999 -9999 -9999
-9999 -9999 -9999 -9999 -9999 -9999 -9999 -9999 -9999 -9999 -9999 -9999 -9999 -9999 106.321 106.122 109.531 106.927 105.107 105.902 110.165 120.415 132.588 139.237 140.168 122.592 103.881 93.611 98.264 95.635 87.903 79.298 86.364 94.8 105.403 100.728 98.453 93.43 94.16 79.711 78.1 82.644 93.731 103.393 106.813 103.034 98.595 94.909 92.492 84.901 80.905 82.086 83.111 80.812 75.907 73.544 75.82 73.582 -9999 -9999 -9999 73.615 -9999 -9999 -9999 -9999 -9999 -9999 67.524 -9999 -9999 -9999 -9999 -9999
