Validation/Results/raw data/ReClimate_04_2024_1_Precipitation-Actualsweatherlogisticsltd.asc
NCOLS 192
NROWS 249
XLLCENTER -225160.85627316462
YLLCENTER 29788.11610251502
CELLSIZE 5000.0
NODATA_VALUE -9999
[rows 66 to 98 of 249, columns 75 to 149 of 192]
-9999 -9999 -9999 -9999 -9999 -9999 -9999 -9999 -9999 -9999 86.983 -9999 90.365 110.848 138.516 139.094 145.794 123.191 117.269 97.326 94.394 81.399 84.002 87.76 82.229 85.488 89.178 90.177 93.866 82.736 76.663 -9999 -9999 -9999 -9999 -9999 -9999 -9999 -9999 -9999 -9999 -9999 -9999 -9999 -9999 -9999 -9999 -9999 -9999 -9999 -9999 -9999 -9999 -9999 -9999 -9999 -9999 -9999 -9999 -9999 -9999 -9999 -9999 -9999 -9999 -9999 -9999 -9999 -9999 -9999 -9999 -9999 -9999 -9999 -9999
-9999 -9999 -9999 -9999 -9999 -9999 -9999 -9999 -9999 -9999 -9999 94.531 110.934 112.806 128.011 129.506 122.866 119.549 117.285 103.885 93.128 85.976 79.886 77.917 74.318 80.923 85.95 90.45 81.4 -9999 -9999 -9999 -9999 -9999 -9999 -9999 -9999 -9999 -9999 -9999 -9999 -9999 -9999 -9999 -9999 -9999 -9999 -9999 -9999 -9999 -9999 -9999 -9999 -9999 -9999 -9999 -9999 -9999 -9999 -9999 -9999 -9999 -9999 -9999 -9999 -9999 -9999 -9999 -9999 -9999 -9999 -9999 -9999 -9999 -9999
-9999 -9999 -9999 -9999 -9999 -9999 -9999 -9999 -9999 -9999 -9999 118.041 125.232 119.084 110.93 119.833 124.71 111.598 100.432 92.591 82.213 79.421 76.398 79.329 79.201 74.943 80.43 76.236 66.891 -9999 -9999 -9999 -9999 -9999 -9999 -9999 -9999 -9999 -9999 -9999 -9999 -9999 -9999 -9999 -9999 -9999 -9999 -9999 -9999 -9999 -9999 -9999 -9999 -9999 -9999 -9999 -9999 -9999 -9999 -9999 -9999 -9999 -9999 -9999 -9999 -9999 -9999 -9999 -9999 -9999 -9999 -9999 -9999 -9999 -9999
-9999 -9999 -9999 -9999 -9999 -9999 -9999 -9999 -9999 -9999 -9999 -9999 -9999 105.668 113.786 122.834 116.078 110.133 100.493 97.267 87.299 74.697 74.046 83.84 78.643 71.697 59.465 -9999 -9999 -9999 -9999 -9999 -9999 -9999 -9999 -9999 -9999 -9999 -9999 -9999 -9999 -9999 -9999 -9999 -9999 -9999 -9999 -9999 -9999 -9999 -9999 -9999 -9999 -9999 -9999 -9999 -9999 -9999 -9999 -9999 -9999 -9999 -9999 -9999 -9999 -9999 -9999 -9999 -9999 -9999 -9999 -9999 -9999 -9999 -9999
-9999 -9999 -9999 -9999 -9999 -9999 -9999 93.291 -9999 -9999 124.971 131.795 112.729 107.324 129.153 120.892 121.816 120.577 117.168 109.469 99.932 74.125 76.906 79.2 83.95 71.839 68.244 -9999 -9999 -9999 -9999 -9999 -9999 -9999 -9999 -9999 -9999 -9999 -9999 -9999 -9999 -9999 -9999 -9999 -9999 -9999 -9999 -9999 -9999 -9999 -9999 -9999 -9999 -9999 -9999 -9999 -9999 -9999 -9999 -9999 -9999 -9999 -9999 -9999 -9999 -9999 -9999 -9999 -9999 -9999 -9999 -9999 -9999 -9999 -9999
-9999 -9999 -9999 -9999 -9999 92.466 94.091 97.769 96.688 115.202 133.687 143.082 133.864 133.138 107.925 126.258 133.889 128.271 121.074 114.122 110.928 102.795 77.611 77.816 72.639 67.318 62.667 -9999 -9999 -9999 -9999 -9999 -9999 -9999 -9999 -9999 -9999 -9999 -9999 -9999 -9999 -9999 -9999 -9999 -9999 -9999 -9999 -9999 -9999 -9999 -9999 -9999 -9999 -9999 -9999 -9999 -9999 -9999 -9999 -9999 -9999 -9999 -9999 -9999 -9999 -9999 -9999 -9999 -9999 -9999 -9999 -9999 -9999 -9999 -9999
-9999 -9999 -9999 -9999 -9999 96.141 102.935 -9999 112.926 130.575 144.405 140.408 156.899 118.449 127.883 140.068 145.165 145.737 126.374 124.54 124.342 99.181 91.186 90.245 74.494 67.973 -9999 57.316 -9999 -9999 -9999 -9999 -9999 -9999 -9999 -9999 -9999 -9999 -9999 -9999 -9999 -9999 -9999 -9999 -9999 -9999 -9999 -9999 -9999 -9999 -9999 -9999 -9999 -9999 -9999 -9999 -9999 -9999 -9999 -9999 -9999 -9999 -9999 -9999 -9999 -9999 -9999 -9999 -9999 -9999 -9999 -9999 -9999 -9999 -9999
-9999 -9999 -9999 -9999 -9999 -9999 115.755 121.578 125.685 144.314 140.612 162.831 140.038 133.419 131.208 127.033 132.191 134.567 117.224 116.505 111.998 90.733 91.084 84.073 73.599 68.253 59.115 55.774 -9999 -9999 -9999 -9999 -9999 -9999 -9999 -9999 -9999 -9999 -9999 -9999 -9999 -9999 -9999 -9999 -9999 -9999 -9999 -9999 -9999 -9999 -9999 -9999 -9999 -9999 -9999 -9999 -9999 -9999 -9999 -9999 -9999 -9999 -9999 -9999 -9999 -9999 -9999 -9999 -9999 -9999 -9999 -9999 -9999 -9999 -9999
-9999 -9999 -9999 -9999 -9999 -9999 -9999 121.255 130.921 138.445 172.434 161.327 156.223 146.197 150.241 151.228 129.944 109.254 103.257 116.07 104.057 92.617 91.288 77.257 67.321 55.602 57.615 61.851 -9999 -9999 -9999 -9999 -9999 -9999 -9999 -9999 -9999 -9999 -9999 -9999 -9999 -9999 -9999 -9999 -9999 -9999 -9999 -9999 -9999 -9999 -9999 -9999 -9999 -9999 -9999 -9999 -9999 -9999 -9999 -9999 -9999 -9999 -9999 -9999 -9999 -9999 -9999 -9999 -9999 -9999 -9999 -9999 -9999 -9999 -9999
-9999 -9999 -9999 -9999 -9999 121.496 126.939 141.095 144.809 147.658 141.586 165.268 158.345 153.93 153.751 133.789 121.433 112.384 97.15 104.697 118.423 96.291 76.127 63.163 56.88 -9999 61.313 -9999 -9999 -9999 -9999 -9999 -9999 60.343 57.427 58.81 -9999 -9999 -9999 -9999 -9999 -9999 -9999 -9999 -9999 -9999 -9999 -9999 -9999 -9999 -9999 -9999 -9999 -9999 -9999 -9999 -9999 -9999 -9999 -9999 -9999 -9999 -9999 -9999 -9999 -9999 -9999 -9999 -9999 -9999 -9999 -9999 -9999 -9999 -9999
104.947 -9999 -9999 -9999 -9999 -9999 138.675 151.558 158.096 148.021 159.571 145.301 147.516 145.707 143.877 120.587 109.083 88.95 97.073 116.315 100.474 81.498 68.509 66.393 64.606 62.192 -9999 -9999 -9999 -9999 60.353 57.361 57.207 59.523 58.679 58.824 62.69 63.557 63.506 66.728 68.897 69.95 73.011 66.031 61.727 66.96 69.295 67.541 65.109 62.613 60.619 59.972 -9999 -9999 -9999 -9999 -9999 -9999 -9999 -9999 -9999 -9999 -9999 -9999 -9999 -9999 -9999 -9999 -9999 -9999 -9999 -9999 -9999 -9999 -9999
144.109 -9999 -9999 -9999 127.267 -9999 136.124 140.074 158.901 189.089 166.089 148.183 135.708 142.777 125.581 121.9 110.588 108.959 95.304 84.636 82.471 73.509 69.208 73.764 67.238 -9999 -9999 -9999 -9999 62.87 63.638 58.894 64.358 69.516 62.263 63.397 70.901 73.84 74.901 74.702 75.835 76.914 71.268 64.08 64.637 66.454 68.814 69.179 66.855 67.452 67.278 61.605 -9999 -9999 -9999 -9999 -9999 -9999 -9999 -9999 -9999 -9999 -9999 -9999 -9999 -9999 -9999 -9999 -9999 -9999 -9999 -9999 -9999 -9999 -9999
146.075 -9999 -9999 -9999 132.873 135.892 133.687 159.586 196.699 188.645 183.622 145.343 150.211 139.918 128.686 117.734 112.73 116.75 100.858 96.144 77.403 68.733 75.685 70.017 -9999 -9999 62.454 61.667 62.534 66.157 67.288 68.714 73.007 73.534 77.244 78.448 77.949 74.704 73.932 72.864 74.014 73.313 73.019 65.604 66.209 67.346 70.397 68.932 68.735 70.397 71.379 65.509 61.75 -9999 -9999 -9999 -9999 -9999 -9999 -9999 -9999 -9999 -9999 -9999 -9999 -9999 -9999 -9999 -9999 -9999 -9999 -9999 -9999 -9999 -9999
133.552 -9999 126.209 -9999 126.118 132.01 167.155 196.021 183.917 205.149 182.096 164.753 157.968 151.936 150.122 129.415 123.31 114.587 116.815 104.628 81.757 65.179 64.438 63.218 -9999 71.424 72.528 69.128 69.443 70.521 72.175 79.2 81.363 86.844 88.256 82.299 77.008 80.818 81.203 79.229 75.429 71.297 69.341 70.844 68.661 68.959 71.573 71.286 69.98 70.861 72.622 67.391 61.307 -9999 -9999 -9999 -9999 -9999 -9999 -9999 -9999 -9999 -9999 -9999 -9999 -9999 -9999 -9999 -9999 -9999 -9999 -9999 -9999 -9999 -9999
-9999 125.836 -9999 -9999 -9999 172.338 229.189 190.883 184.193 147.69 158.805 157.456 152.487 155.237 142.514 145.893 135.039 124.464 108.72 90.224 72.242 70.69 78.114 69.799 72.313 81.498 84.862 86.07 79.771 73.687 82.995 85.162 91.43 89.712 78.997 76.559 76.984 78.713 84.187 80.105 75.222 73.011 70.661 70.114 69.817 66.345 74.354 80.192 85.181 72.949 73.357 69.249 63.218 -9999 -9999 -9999 -9999 -9999 -9999 -9999 -9999 -9999 -9999 -9999 -9999 -9999 -9999 -9999 -9999 -9999 -9999 -9999 -9999 -9999 -9999
132.179 -9999 -9999 -9999 -9999 182.627 175.168 162.604 -9999 162.491 170.482 165.81 147.896 136.359 131.982 122.149 114.204 113.008 102.486 94.595 87.834 91.558 89.613 74.869 86.307 83.104 90.457 99.453 90.347 80.405 79.328 88.169 93.094 80.3 77.014 87.404 82.623 89.571 88.509 81.814 82.619 75.463 76.187 76.982 69.24 71.61 74.122 81.456 72.606 73.002 71.906 65.1 61.89 -9999 -9999 -9999 -9999 -9999 -9999 -9999 -9999 -9999 -9999 -9999 -9999 -9999 -9999 -9999 -9999 -9999 -9999 -9999 -9999 -9999 -9999
166.443 -9999 -9999 -9999 143.328 -9999 -9999 135.216 143.746 164.759 185.793 179.54 161.365 156.259 136.887 124.974 111.13 97.434 91.551 93.188 91.394 93.645 70.263 87.073 100.296 96.842 90.368 93.954 95.578 82.927 81.654 83.506 79.858 78.052 88.745 89.536 91.122 91.493 87.629 94.54 84.755 80.147 84.615 76.519 72.242 73.087 76.313 70.917 69.045 70.087 68.468 62.734 -9999 -9999 -9999 -9999 -9999 -9999 -9999 -9999 -9999 -9999 -9999 -9999 -9999 -9999 -9999 -9999 -9999 -9999 -9999 -9999 -9999 -9999 -9999
197.468 168.319 141.29 -9999 -9999 -9999 154.299 128.854 -9999 163.55 161.286 162.188 168.94 161.474 158.132 131.435 99.982 97.861 97.502 99.051 91.371 75.744 81.285 87.881 89.328 90.6 87.116 93.173 88.28 76.304 75.433 72.771 76.451 91.654 86.669 92.129 105.854 97.033 96.029 96.336 81.282 81.48 77.832 74.162 70.931 72.266 68.01 68.196 69.415 67.941 62.562 -9999 -9999 -9999 -9999 -9999 -9999 -9999 -9999 -9999 -9999 -9999 -9999 -9999 -9999 -9999 -9999 -9999 -9999 -9999 -9999 -9999 -9999 -9999 -9999
201.735 172.903 147.263 -9999 144.385 157.399 156.813 156.597 176.521 167.516 164.004 179.553 186.476 163.322 132.253 125.733 121.901 115.164 111.53 103.75 87.309 79.402 86.948 99.862 102.742 89.557 88.696 87.158 69.856 68.438 72.548 77.411 86.012 76.106 78.192 89.189 99.353 103.646 105.585 101.544 85.006 87.709 82.449 84.326 88.18 71.823 66.379 72.181 74.115 66.334 60.975 -9999 -9999 -9999 -9999 -9999 -9999 -9999 -9999 -9999 -9999 -9999 -9999 -9999 -9999 -9999 -9999 -9999 -9999 -9999 -9999 -9999 -9999 -9999 -9999
181.082 160.1 141.636 142.506 144.772 167.092 -9999 156.87 179.306 201.077 212.607 194.796 179.807 152.023 159.46 142.987 128.613 111.326 103.796 95.265 82.71 84.872 104.74 114.327 100.599 96.625 99.096 81.875 80.891 68.629 69.271 76.673 77.977 80.409 82.659 93.546 106.819 101.691 97.161 90.55 82.86 78.666 74.822 80.12 73.723 67.927 67.46 70.892 70.401 66.664 -9999 -9999 -9999 -9999 -9999 -9999 -9999 -9999 -9999 -9999 -9999 -9999 -9999 -9999 -9999 -9999 -9999 -9999 -9999 -9999 -9999 -9999 -9999 -9999 -9999
-9999 -9999 -9999 138.396 160.354 -9999 155.88 179.039 215.694 229.798 202.651 199.112 185.714 184.118 160.094 123.129 109.534 114.962 115.763 91.091 90.708 105.271 121.305 120.95 116.526 117.203 97.337 99.584 83.55 76.597 92.244 85.657 95.311 92.334 95.003 101.037 96.127 84.482 85.31 83.732 85.684 83.066 77.141 77.081 73.452 70.105 69.809 70.867 70.427 65.519 -9999 -9999 -9999 -9999 -9999 -9999 -9999 -9999 -9999 -9999 -9999 -9999 -9999 -9999 -9999 -9999 -9999 -9999 -9999 -9999 -9999 -9999 -9999 -9999 -9999
-9999 -9999 129.607 147.51 -9999 144.813 163.8 -9999 198.789 187.044 205.613 202.206 208.483 181.067 147.352 143.697 138.177 119.201 99.364 111.896 111.665 122.25 137.91 136.158 130.311 113.825 96.602 80.954 71.179 85.818 94.774 107.648 109.787 99.698 91.025 93.263 86.776 88.232 84.079 82.879 84.403 79.574 79.974 81.203 78.799 75.737 70.806 74.291 72.806 64.793 -9999 -9999 -9999 -9999 -9999 -9999 -9999 -9999 -9999 -9999 -9999 -9999 -9999 -9999 -9999 -9999 -9999 -9999 -9999 -9999 -9999 -9999 -9999 -9999 -9999
-9999 -9999 123.608 -9999 -9999 152.754 169.949 189.347 180.956 204.175 198.801 177.763 177.474 156.515 136.412 120.909 116.333 138.248 148.374 140.282 137.368 143.844 144.732 138.066 116.427 83.968 70.592 76.319 99.675 117.179 139.669 138.887 121.943 110.687 108.031 94.668 89.493 85.426 82.054 73.623 74.574 75.858 76.685 84.361 94.665 80.388 72.67 72.179 69.919 64.734 -9999 -9999 -9999 -9999 -9999 -9999 -9999 -9999 -9999 -9999 -9999 -9999 -9999 -9999 -9999 -9999 -9999 -9999 -9999 -9999 -9999 -9999 -9999 -9999 -9999
-9999 -9999 -9999 -9999 -9999 -9999 188.34 191.029 183.073 209.813 199.9 176.792 175.375 163.371 145.376 143.184 160.649 162.586 156.519 151.285 129.87 119.783 120.939 118.951 91.771 69.875 73.349 89.832 114.142 141.534 132.375 131.248 122.437 117.807 106.245 95.296 89.815 84.421 72.511 68.886 71.824 71.075 74.757 85.264 78.379 72.642 71.743 74.487 72.322 -9999 -9999 -9999 -9999 -9999 -9999 -9999 -9999 -9999 -9999 -9999 -9999 -9999 -9999 -9999 -9999 -9999 -9999 -9999 -9999 -9999 -9999 -9999 -9999 -9999 -9999
-9999 -9999 -9999 -9999 126.363 149.804 -9999 194.085 199.996 230.334 197.605 170.203 161.945 160.143 175.163 179.61 165.917 143.613 143.854 133.863 122.755 101.222 96.412 90.176 77.826 88.766 93.741 105.711 126.189 124.505 122.551 101.568 103.92 96.704 82.13 82.675 86.134 88.813 87.602 84.436 88.397 99.107 87.849 75.71 79.402 84.424 86.458 80.284 70.979 -9999 -9999 -9999 -9999 -9999 -9999 -9999 -9999 -9999 -9999 -9999 -9999 -9999 -9999 -9999 -9999 -9999 -9999 -9999 -9999 -9999 -9999 -9999 -9999 -9999 -9999
-9999 -9999 -9999 123.118 124.095 164.628 182.808 210.03 229.67 225.361 207.299 171.985 150.038 155.327 150.64 151.963 162.51 157.516 163.675 157.687 102.086 99.26 94.748 92.315 95.091 108.697 110.504 116.606 113.553 114.961 101.955 98.533 97.925 104.28 105.366 111.042 109.375 106.092 114.231 122.75 123.306 114.58 100.218 100.0 98.882 95.091 87.453 76.997 -9999 -9999 -9999 -9999 -9999 -9999 -9999 -9999 -9999 -9999 -9999 -9999 -9999 -9999 -9999 -9999 -9999 -9999 -9999 -9999 -9999 -9999 -9999 -9999 -9999 -9999 -9999
-9999 -9999 -9999 120.851 -9999 158.179 176.527 194.437 218.012 214.385 167.053 157.831 166.17 136.04 127.435 133.51 139.829 150.817 144.288 109.656 114.762 126.948 115.537 106.401 131.113 123.326 123.925 125.587 128.116 123.209 116.475 110.583 117.324 119.374 128.211 133.279 113.928 124.93 128.313 109.849 113.14 116.046 106.192 103.467 101.47 86.721 83.057 76.968 -9999 -9999 -9999 -9999 -9999 -9999 -9999 -9999 -9999 -9999 -9999 -9999 -9999 -9999 -9999 -9999 -9999 -9999 -9999 -9999 -9999 -9999 -9999 -9999 -9999 -9999 -9999
-9999 -9999 -9999 -9999 -9999 175.991 193.844 182.89 193.688 167.881 141.081 145.586 129.631 122.613 124.343 131.725 148.02 128.879 131.695 130.527 146.453 131.197 111.355 127.503 138.316 126.609 128.081 120.71 133.451 126.841 120.105 136.686 133.824 135.136 150.894 146.976 151.64 148.296 132.067 119.391 111.435 99.382 99.202 103.626 89.929 80.042 76.563 73.237 -9999 -9999 -9999 -9999 -9999 -9999 -9999 -9999 -9999 -9999 -9999 -9999 -9999 -9999 -9999 -9999 -9999 -9999 -9999 -9999 -9999 -9999 -9999 -9999 -9999 -9999 -9999
-9999 -9999 -9999 131.78 145.725 171.285 172.153 172.424 190.29 161.45 167.477 165.255 -9999 159.54 199.394 189.618 171.136 161.577 165.531 161.176 156.239 146.917 139.942 134.985 125.0 117.442 101.341 106.533 123.058 120.255 133.714 123.439 124.291 123.438 136.213 148.243 140.575 123.363 127.427 120.019 105.118 107.807 94.583 86.132 79.945 76.487 77.039 69.747 -9999 -9999 -9999 -9999 -9999 -9999 -9999 -9999 -9999 -9999 -9999 -9999 -9999 -9999 -9999 -9999 -9999 -9999 -9999 -9999 -9999 -9999 -9999 -9999 -9999 -9999 -9999
113.071 119.105 127.377 -9999 138.116 157.079 166.78 176.072 183.578 180.341 172.167 -9999 180.297 223.386 213.078 213.567 183.427 166.982 152.044 158.54 150.096 147.322 135.09 119.65 109.256 96.539 82.557 95.36 95.771 113.596 113.682 115.104 112.995 109.285 116.695 121.037 113.427 115.769 116.377 109.953 106.937 88.639 79.555 72.902 74.642 78.339 72.259 -9999 -9999 -9999 -9999 -9999 -9999 -9999 -9999 -9999 -9999 -9999 -9999 -9999 -9999 -9999 -9999 -9999 -9999 -9999 -9999 -9999 -9999 -9999 -9999 -9999 -9999 -9999 -9999
114.504 124.65 139.715 141.298 -9999 154.932 164.377 170.386 181.805 168.379 150.842 157.119 193.952 200.118 190.02 202.051 180.578 163.748 149.797 139.259 118.185 116.319 105.147 97.971 111.284 88.066 91.001 84.904 90.22 96.953 108.968 101.895 94.085 99.629 112.166 107.482 105.396 101.533 105.022 96.878 84.423 78.843 75.79 74.996 73.321 -9999 -9999 -9999 -9999 -9999 -9999 -9999 -9999 -9999 -9999 -9999 -9999 -9999 -9999 -9999 -9999 -9999 -9999 -9999 -9999 -9999 -9999 -9999 -9999 -9999 -9999 -9999 -9999 -9999 -9999
-9999 -9999 140.484 -9999 161.212 170.551 177.268 201.127 196.682 -9999 -9999 193.383 185.987 183.155 212.904 195.764 179.654 155.447 145.684 105.546 95.723 92.839 88.819 96.798 91.484 97.477 89.265 93.274 88.985 93.32 97.027 94.92 91.196 99.344 101.917 99.536 92.864 94.127 87.655 80.572 78.118 73.722 76.462 73.567 -9999 -9999 -9999 -9999 -9999 -9999 -9999 -9999 -9999 -9999 -9999 -9999 -9999 -9999 -9999 -9999 -9999 -9999 -9999 -9999 -9999 -9999 -9999 -9999 -9999 -9999 -9999 -9999 -9999 -9999 -9999
129.66 -9999 146.303 172.403 171.618 180.6 189.345 193.588 -9999 -9999 182.258 197.542 199.781 218.961 200.875 202.49 175.108 151.057 126.628 112.769 109.295 116.971 114.913 118.885 130.196 111.376 98.594 94.806 85.033 84.453 84.733 93.128 95.393 94.075 92.733 87.39 79.601 77.349 71.408 72.386 69.81 71.403 72.906 75.233 69.686 -9999 -9999 -9999 -9999 -9999 -9999 -9999 -9999 -9999 -9999 -9999 -9999 -9999 -9999 -9999 -9999 -9999 -9999 -9999 -9999 -9999 -9999 -9999 -9999 -9999 -9999 -9999 -9999 -9999 -9999
