Validation/Results/raw data/ReClimate_07_2024_1_Temperature-Actuals.asc
NCOLS 192
NROWS 249
XLLCENTER -225160.85627316462
YLLCENTER 29788.11610251502
CELLSIZE 5000.0
NODATA_VALUE -9999
[rows 68 to 101 of 249, columns 75 to 149 of 192]
-9999 -9999 -9999 -9999 -9999 -9999 -9999 -9999 -9999 -9999 -9999 13.214 12.456 13.452 13.948 13.069 12.695 13.347 13.483 13.49 13.698 13.529 13.67 13.282 13.335 13.681 13.198 13.588 14.331 -9999 -9999 -9999 -9999 -9999 -9999 -9999 -9999 -9999 -9999 -9999 -9999 -9999 -9999 -9999 -9999 -9999 -9999 -9999 -9999 -9999 -9999 -9999 -9999 -9999 -9999 -9999 -9999 -9999 -9999 -9999 -9999 -9999 -9999 -9999 -9999 -9999 -9999 -9999 -9999 -9999 -9999 -9999 -9999 -9999 -9999
-9999 -9999 -9999 -9999 -9999 -9999 -9999 -9999 -9999 -9999 -9999 -9999 -9999 13.839 13.085 12.389 13.238 13.695 13.345 13.161 13.353 13.942 13.898 13.265 13.49 13.53 14.346 -9999 -9999 -9999 -9999 -9999 -9999 -9999 -9999 -9999 -9999 -9999 -9999 -9999 -9999 -9999 -9999 -9999 -9999 -9999 -9999 -9999 -9999 -9999 -9999 -9999 -9999 -9999 -9999 -9999 -9999 -9999 -9999 -9999 -9999 -9999 -9999 -9999 -9999 -9999 -9999 -9999 -9999 -9999 -9999 -9999 -9999 -9999 -9999
-9999 -9999 -9999 -9999 -9999 -9999 -9999 14.272 -9999 -9999 14.185 13.722 13.452 13.556 12.032 12.537 12.992 12.855 12.26 12.652 13.226 14.24 13.779 13.682 13.269 13.954 14.349 -9999 -9999 -9999 -9999 -9999 -9999 -9999 -9999 -9999 -9999 -9999 -9999 -9999 -9999 -9999 -9999 -9999 -9999 -9999 -9999 -9999 -9999 -9999 -9999 -9999 -9999 -9999 -9999 -9999 -9999 -9999 -9999 -9999 -9999 -9999 -9999 -9999 -9999 -9999 -9999 -9999 -9999 -9999 -9999 -9999 -9999 -9999 -9999
-9999 -9999 -9999 -9999 -9999 14.334 14.366 14.277 14.319 13.723 13.686 12.472 12.441 12.691 13.492 11.84 11.79 11.783 11.994 12.842 12.718 12.208 13.834 14.079 14.351 14.596 14.713 -9999 -9999 -9999 -9999 -9999 -9999 -9999 -9999 -9999 -9999 -9999 -9999 -9999 -9999 -9999 -9999 -9999 -9999 -9999 -9999 -9999 -9999 -9999 -9999 -9999 -9999 -9999 -9999 -9999 -9999 -9999 -9999 -9999 -9999 -9999 -9999 -9999 -9999 -9999 -9999 -9999 -9999 -9999 -9999 -9999 -9999 -9999 -9999
-9999 -9999 -9999 -9999 -9999 14.291 14.213 -9999 14.161 13.224 12.395 12.159 11.028 13.499 12.301 11.189 11.154 11.387 11.933 11.644 11.065 12.395 12.959 13.042 13.836 13.841 -9999 14.587 -9999 -9999 -9999 -9999 -9999 -9999 -9999 -9999 -9999 -9999 -9999 -9999 -9999 -9999 -9999 -9999 -9999 -9999 -9999 -9999 -9999 -9999 -9999 -9999 -9999 -9999 -9999 -9999 -9999 -9999 -9999 -9999 -9999 -9999 -9999 -9999 -9999 -9999 -9999 -9999 -9999 -9999 -9999 -9999 -9999 -9999 -9999
-9999 -9999 -9999 -9999 -9999 -9999 13.773 13.909 13.967 12.765 12.819 10.938 12.422 12.62 12.583 12.351 12.045 11.356 11.749 11.44 12.069 13.11 12.9 13.151 13.404 13.853 14.49 14.537 -9999 -9999 -9999 -9999 -9999 -9999 -9999 -9999 -9999 -9999 -9999 -9999 -9999 -9999 -9999 -9999 -9999 -9999 -9999 -9999 -9999 -9999 -9999 -9999 -9999 -9999 -9999 -9999 -9999 -9999 -9999 -9999 -9999 -9999 -9999 -9999 -9999 -9999 -9999 -9999 -9999 -9999 -9999 -9999 -9999 -9999 -9999
-9999 -9999 -9999 -9999 -9999 -9999 -9999 14.311 13.876 13.5 11.095 11.965 12.033 12.247 11.249 10.711 11.795 12.533 12.249 11.563 12.547 13.198 12.951 13.629 13.892 14.574 14.533 14.149 -9999 -9999 -9999 -9999 -9999 -9999 -9999 -9999 -9999 -9999 -9999 -9999 -9999 -9999 -9999 -9999 -9999 -9999 -9999 -9999 -9999 -9999 -9999 -9999 -9999 -9999 -9999 -9999 -9999 -9999 -9999 -9999 -9999 -9999 -9999 -9999 -9999 -9999 -9999 -9999 -9999 -9999 -9999 -9999 -9999 -9999 -9999
-9999 -9999 -9999 -9999 -9999 13.17 13.372 12.997 12.849 12.703 13.454 12.16 12.262 11.925 11.602 12.266 12.561 12.4 12.58 12.237 11.516 12.724 13.619 14.533 14.777 -9999 14.338 -9999 -9999 -9999 -9999 -9999 -9999 14.94 14.975 14.982 -9999 -9999 -9999 -9999 -9999 -9999 -9999 -9999 -9999 -9999 -9999 -9999 -9999 -9999 -9999 -9999 -9999 -9999 -9999 -9999 -9999 -9999 -9999 -9999 -9999 -9999 -9999 -9999 -9999 -9999 -9999 -9999 -9999 -9999 -9999 -9999 -9999 -9999 -9999
13.768 -9999 -9999 -9999 -9999 -9999 12.77 12.244 12.156 13.053 12.722 13.525 12.353 12.503 12.175 12.882 13.198 14.043 13.331 11.917 12.809 13.55 14.399 14.414 14.172 14.187 -9999 -9999 -9999 -9999 15.057 15.12 15.062 15.012 15.035 15.064 15.085 15.116 14.831 14.26 13.998 14.325 14.701 14.882 14.748 14.206 13.825 13.876 14.188 14.393 14.441 14.435 -9999 -9999 -9999 -9999 -9999 -9999 -9999 -9999 -9999 -9999 -9999 -9999 -9999 -9999 -9999 -9999 -9999 -9999 -9999 -9999 -9999 -9999 -9999
12.102 -9999 -9999 -9999 12.565 -9999 12.969 13.66 12.931 11.394 14.091 12.952 13.246 12.56 13.128 12.769 13.211 13.079 13.666 14.021 14.162 14.304 14.504 13.952 13.985 -9999 -9999 -9999 -9999 14.63 14.967 15.115 14.658 14.4 14.868 14.819 14.749 14.887 13.897 13.436 13.629 14.1 14.444 14.369 14.513 14.361 13.983 13.827 14.098 14.124 13.93 14.425 -9999 -9999 -9999 -9999 -9999 -9999 -9999 -9999 -9999 -9999 -9999 -9999 -9999 -9999 -9999 -9999 -9999 -9999 -9999 -9999 -9999 -9999 -9999
13.158 -9999 -9999 -9999 12.109 12.279 13.498 13.182 10.948 12.456 11.901 13.58 12.586 12.893 12.898 13.24 13.204 12.575 13.011 13.416 14.474 14.811 14.196 14.679 -9999 -9999 14.563 14.714 14.608 14.54 14.742 14.627 14.231 14.306 13.901 13.768 14.236 14.079 13.744 13.844 14.04 14.165 13.9 14.343 14.47 14.255 13.916 13.99 14.053 13.922 13.896 14.262 14.467 -9999 -9999 -9999 -9999 -9999 -9999 -9999 -9999 -9999 -9999 -9999 -9999 -9999 -9999 -9999 -9999 -9999 -9999 -9999 -9999 -9999 -9999
13.569 -9999 13.524 -9999 13.187 13.233 12.603 12.0 12.541 10.806 12.475 13.146 12.641 12.177 12.056 12.677 12.76 12.711 12.304 13.272 14.019 14.843 15.103 15.287 -9999 14.257 14.065 14.16 14.103 14.275 14.402 13.916 13.732 13.386 13.033 13.502 13.961 13.502 13.437 13.516 13.9 14.321 14.532 14.581 14.366 14.182 13.985 13.977 13.984 14.156 14.204 14.139 14.27 -9999 -9999 -9999 -9999 -9999 -9999 -9999 -9999 -9999 -9999 -9999 -9999 -9999 -9999 -9999 -9999 -9999 -9999 -9999 -9999 -9999 -9999
-9999 13.637 -9999 -9999 -9999 11.977 11.227 12.691 12.102 13.595 13.42 13.113 12.522 11.747 11.829 11.161 11.46 11.774 12.843 13.643 14.711 14.654 14.105 14.764 14.646 13.758 13.227 12.967 13.37 13.728 13.526 13.324 12.841 12.852 13.689 13.936 13.864 13.825 13.382 13.506 14.027 14.392 14.556 14.254 14.045 14.199 14.078 13.952 13.902 14.166 14.086 14.043 14.078 -9999 -9999 -9999 -9999 -9999 -9999 -9999 -9999 -9999 -9999 -9999 -9999 -9999 -9999 -9999 -9999 -9999 -9999 -9999 -9999 -9999 -9999
14.062 -9999 -9999 -9999 -9999 12.761 13.55 13.386 -9999 13.224 12.403 12.112 12.586 12.526 12.212 12.655 12.777 12.638 12.959 13.346 13.671 13.203 13.186 14.477 13.796 13.447 12.601 12.192 12.788 13.242 13.174 12.71 12.421 13.535 13.906 13.128 13.566 13.017 12.977 13.563 13.735 14.274 13.938 13.521 14.06 14.155 14.268 14.022 14.305 14.138 13.933 14.126 14.157 -9999 -9999 -9999 -9999 -9999 -9999 -9999 -9999 -9999 -9999 -9999 -9999 -9999 -9999 -9999 -9999 -9999 -9999 -9999 -9999 -9999 -9999
13.968 -9999 -9999 -9999 13.793 -9999 -9999 13.931 13.817 12.647 11.151 11.307 11.68 11.088 12.234 12.687 12.813 13.396 13.245 13.056 13.128 12.918 14.642 13.817 13.504 12.333 12.579 12.447 12.148 12.762 12.75 12.692 13.354 13.991 13.129 13.19 13.121 12.774 12.995 12.76 13.668 13.914 13.24 13.876 14.123 14.09 13.8 14.294 14.476 14.361 14.142 14.204 -9999 -9999 -9999 -9999 -9999 -9999 -9999 -9999 -9999 -9999 -9999 -9999 -9999 -9999 -9999 -9999 -9999 -9999 -9999 -9999 -9999 -9999 -9999
13.261 13.386 13.927 -9999 -9999 -9999 12.729 14.299 -9999 12.998 13.269 12.611 11.061 10.612 10.502 11.719 13.312 13.159 12.616 12.434 13.288 14.576 13.6 13.526 12.631 12.414 12.645 12.15 12.154 13.038 13.224 13.457 13.391 12.522 13.12 12.725 11.744 12.519 12.628 12.962 13.789 13.517 13.88 14.22 14.371 14.203 14.36 14.292 14.504 14.402 14.269 -9999 -9999 -9999 -9999 -9999 -9999 -9999 -9999 -9999 -9999 -9999 -9999 -9999 -9999 -9999 -9999 -9999 -9999 -9999 -9999 -9999 -9999 -9999 -9999
12.189 12.892 13.786 -9999 13.606 12.511 12.384 12.822 12.223 13.519 13.539 11.71 9.968 10.525 12.414 12.698 12.938 12.189 11.584 12.332 13.628 13.816 13.002 11.749 11.423 12.2 12.171 12.081 13.363 13.66 13.532 12.956 12.267 13.295 13.224 12.478 12.202 11.985 12.137 12.394 13.395 12.973 13.507 13.368 13.127 14.316 14.498 14.224 14.169 14.327 14.309 -9999 -9999 -9999 -9999 -9999 -9999 -9999 -9999 -9999 -9999 -9999 -9999 -9999 -9999 -9999 -9999 -9999 -9999 -9999 -9999 -9999 -9999 -9999 -9999
12.744 13.407 14.093 13.602 13.327 12.171 -9999 13.259 12.64 11.719 11.222 11.607 11.455 12.321 11.32 12.174 12.22 12.351 13.032 13.356 13.716 13.219 11.629 10.69 11.714 12.054 11.553 12.925 13.077 13.949 13.615 13.044 12.904 12.643 12.578 12.09 11.392 11.994 12.439 13.108 13.518 13.794 13.97 13.603 14.198 14.614 14.556 14.443 14.413 14.354 -9999 -9999 -9999 -9999 -9999 -9999 -9999 -9999 -9999 -9999 -9999 -9999 -9999 -9999 -9999 -9999 -9999 -9999 -9999 -9999 -9999 -9999 -9999 -9999 -9999
-9999 -9999 -9999 13.854 12.851 -9999 13.328 12.164 10.541 10.502 12.695 12.814 12.283 10.474 11.42 13.331 13.469 13.012 12.673 13.876 13.294 11.949 10.674 10.68 11.044 10.651 12.026 11.834 13.095 13.388 12.35 12.689 11.589 11.649 11.373 11.021 11.733 12.856 13.012 13.231 13.429 13.487 13.843 13.938 14.318 14.465 14.556 14.579 14.579 14.604 -9999 -9999 -9999 -9999 -9999 -9999 -9999 -9999 -9999 -9999 -9999 -9999 -9999 -9999 -9999 -9999 -9999 -9999 -9999 -9999 -9999 -9999 -9999 -9999 -9999
-9999 -9999 14.066 13.503 -9999 14.114 12.969 -9999 12.27 13.645 12.493 12.435 10.32 10.981 12.561 12.134 12.125 13.057 14.066 12.599 11.983 11.025 10.13 10.092 9.943 10.636 11.655 12.931 13.866 12.968 12.949 11.462 10.785 11.166 11.632 11.653 12.387 12.487 12.812 13.377 13.416 13.401 13.413 13.751 14.039 14.09 14.42 14.25 14.272 14.62 -9999 -9999 -9999 -9999 -9999 -9999 -9999 -9999 -9999 -9999 -9999 -9999 -9999 -9999 -9999 -9999 -9999 -9999 -9999 -9999 -9999 -9999 -9999 -9999 -9999
-9999 -9999 14.49 -9999 -9999 13.754 12.935 12.347 13.586 12.112 12.233 12.56 12.58 12.811 13.121 13.458 14.043 14.086 12.099 11.041 10.699 10.158 9.765 9.519 10.364 12.223 13.185 13.021 11.863 11.929 9.618 9.371 10.41 10.923 10.976 11.97 12.178 12.43 12.888 14.075 13.888 13.751 13.986 13.712 12.782 13.844 14.537 14.483 14.562 14.64 -9999 -9999 -9999 -9999 -9999 -9999 -9999 -9999 -9999 -9999 -9999 -9999 -9999 -9999 -9999 -9999 -9999 -9999 -9999 -9999 -9999 -9999 -9999 -9999 -9999
-9999 -9999 -9999 -9999 -9999 -9999 12.063 12.565 13.186 11.742 11.88 13.306 12.667 12.301 12.65 12.815 12.999 11.687 10.786 10.467 11.381 11.195 10.316 10.323 11.946 13.225 13.025 12.142 11.176 9.247 9.806 9.456 10.136 10.374 11.125 11.643 12.068 12.857 14.093 14.196 13.888 14.332 14.385 13.62 14.091 14.687 14.732 14.422 14.344 -9999 -9999 -9999 -9999 -9999 -9999 -9999 -9999 -9999 -9999 -9999 -9999 -9999 -9999 -9999 -9999 -9999 -9999 -9999 -9999 -9999 -9999 -9999 -9999 -9999 -9999
-9999 -9999 -9999 -9999 14.607 13.71 -9999 12.458 12.505 11.671 13.726 13.7 13.083 12.254 10.961 11.039 11.412 12.115 11.867 11.835 11.355 11.72 11.667 12.266 12.651 11.977 11.744 10.722 9.57 10.115 9.786 10.956 11.222 11.867 12.776 12.648 12.714 12.893 12.971 13.302 13.465 13.164 13.779 14.524 14.295 14.059 13.845 13.869 14.283 -9999 -9999 -9999 -9999 -9999 -9999 -9999 -9999 -9999 -9999 -9999 -9999 -9999 -9999 -9999 -9999 -9999 -9999 -9999 -9999 -9999 -9999 -9999 -9999 -9999 -9999
-9999 -9999 -9999 14.566 14.614 12.688 12.791 11.494 11.056 11.93 11.874 12.732 13.304 12.655 12.911 12.636 11.407 11.628 10.603 9.699 12.672 12.374 12.438 12.255 11.886 11.191 10.952 10.279 10.919 11.116 11.561 11.563 11.896 11.591 11.354 10.951 11.663 12.005 11.443 11.14 11.651 12.307 13.158 13.18 13.211 13.328 13.617 13.919 -9999 -9999 -9999 -9999 -9999 -9999 -9999 -9999 -9999 -9999 -9999 -9999 -9999 -9999 -9999 -9999 -9999 -9999 -9999 -9999 -9999 -9999 -9999 -9999 -9999 -9999 -9999
-9999 -9999 -9999 14.573 -9999 14.064 13.617 12.93 12.438 11.925 13.095 12.92 11.857 13.702 13.943 13.003 12.571 11.401 11.39 13.228 12.204 10.994 11.447 11.649 10.076 10.93 10.662 10.417 10.374 10.823 10.86 11.074 10.779 10.8 10.078 10.214 12.072 11.051 11.21 12.754 12.653 12.256 12.782 12.735 12.999 13.822 13.663 13.923 -9999 -9999 -9999 -9999 -9999 -9999 -9999 -9999 -9999 -9999 -9999 -9999 -9999 -9999 -9999 -9999 -9999 -9999 -9999 -9999 -9999 -9999 -9999 -9999 -9999 -9999 -9999
-9999 -9999 -9999 -9999 -9999 13.214 12.152 13.869 13.847 14.081 14.289 13.591 14.328 14.207 13.687 13.085 11.726 12.701 12.746 12.2 10.506 11.36 12.363 10.8 10.048 11.094 10.756 10.99 10.253 10.732 10.954 9.644 10.037 9.878 9.042 10.565 10.773 10.468 11.7 12.528 12.954 13.742 13.413 13.044 13.966 14.235 14.073 14.055 -9999 -9999 -9999 -9999 -9999 -9999 -9999 -9999 -9999 -9999 -9999 -9999 -9999 -9999 -9999 -9999 -9999 -9999 -9999 -9999 -9999 -9999 -9999 -9999 -9999 -9999 -9999
-9999 -9999 -9999 14.465 14.083 12.778 13.258 13.933 12.385 13.437 12.745 12.834 -9999 12.824 9.64 10.365 10.936 11.151 10.635 10.316 10.388 10.676 10.644 10.703 11.366 11.759 12.252 11.704 11.276 11.407 10.085 11.136 11.162 11.111 10.487 10.403 11.037 12.37 11.805 12.245 13.14 12.836 13.742 14.343 14.618 14.364 13.884 14.386 -9999 -9999 -9999 -9999 -9999 -9999 -9999 -9999 -9999 -9999 -9999 -9999 -9999 -9999 -9999 -9999 -9999 -9999 -9999 -9999 -9999 -9999 -9999 -9999 -9999 -9999 -9999
14.482 14.396 14.212 -9999 14.234 13.703 13.775 12.926 12.115 12.188 12.819 -9999 12.435 9.524 10.118 10.194 11.473 11.468 11.521 10.801 10.927 10.391 11.053 11.899 12.232 12.571 13.169 12.797 13.02 11.7 11.742 11.798 11.967 12.112 11.816 11.678 12.334 12.322 12.274 12.373 12.366 13.878 14.427 14.715 14.548 13.906 14.276 -9999 -9999 -9999 -9999 -9999 -9999 -9999 -9999 -9999 -9999 -9999 -9999 -9999 -9999 -9999 -9999 -9999 -9999 -9999 -9999 -9999 -9999 -9999 -9999 -9999 -9999 -9999 -9999
14.433 14.136 13.263 13.41 -9999 13.863 13.614 13.018 12.385 13.321 14.194 13.468 11.721 11.432 12.454 11.429 11.982 11.861 11.813 11.631 12.034 11.66 12.414 11.999 11.273 12.88 12.795 13.339 13.151 12.632 11.987 12.45 12.915 12.66 12.082 12.385 12.459 12.961 12.733 12.975 13.832 14.355 14.423 14.42 14.345 -9999 -9999 -9999 -9999 -9999 -9999 -9999 -9999 -9999 -9999 -9999 -9999 -9999 -9999 -9999 -9999 -9999 -9999 -9999 -9999 -9999 -9999 -9999 -9999 -9999 -9999 -9999 -9999 -9999 -9999
-9999 -9999 13.392 -9999 12.902 12.93 12.812 11.463 11.842 -9999 -9999 11.953 12.817 13.39 11.201 11.786 11.215 11.917 11.495 13.076 13.195 13.526 13.501 12.818 13.113 12.667 13.307 12.849 12.972 13.053 12.775 12.831 13.348 12.936 12.856 12.856 13.283 13.098 13.6 14.254 14.643 14.58 14.356 14.615 -9999 -9999 -9999 -9999 -9999 -9999 -9999 -9999 -9999 -9999 -9999 -9999 -9999 -9999 -9999 -9999 -9999 -9999 -9999 -9999 -9999 -9999 -9999 -9999 -9999 -9999 -9999 -9999 -9999 -9999 -9999
13.697 -9999 13.233 12.204 13.07 12.615 12.534 13.195 -9999 -9999 12.835 11.768 12.146 11.016 12.66 12.512 12.323 12.326 12.98 13.063 12.987 12.751 12.459 11.77 10.818 12.11 12.575 12.718 13.913 14.088 13.806 13.04 13.063 13.386 13.38 13.605 13.843 13.932 14.383 14.697 14.7 14.481 14.458 14.344 14.466 -9999 -9999 -9999 -9999 -9999 -9999 -9999 -9999 -9999 -9999 -9999 -9999 -9999 -9999 -9999 -9999 -9999 -9999 -9999 -9999 -9999 -9999 -9999 -9999 -9999 -9999 -9999 -9999 -9999 -9999
13.199 13.197 13.521 13.341 12.963 12.918 13.067 -9999 -9999 14.617 12.671 13.631 12.457 13.163 12.018 10.968 12.364 12.343 12.481 11.559 11.127 11.632 12.388 12.709 12.974 13.412 12.856 13.448 13.499 13.411 13.159 13.149 13.39 13.815 14.094 14.375 14.548 14.539 14.452 14.42 14.48 14.459 14.411 14.537 -9999 -9999 -9999 -9999 -9999 -9999 -9999 -9999 -9999 -9999 -9999 -9999 -9999 -9999 -9999 -9999 -9999 -9999 -9999 -9999 -9999 -9999 -9999 -9999 -9999 -9999 -9999 -9999 -9999 -9999 -9999
12.403 13.711 -9999 -9999 13.899 12.933 -9999 -9999 -9999 14.451 13.485 11.208 11.959 10.333 11.495 12.866 12.725 12.078 11.71 11.643 11.647 12.429 12.196 11.896 12.955 13.569 12.776 12.272 12.236 12.988 13.456 14.265 14.082 14.624 14.76 14.919 14.656 13.986 13.963 14.044 14.153 14.197 14.509 14.668 -9999 -9999 -9999 -9999 -9999 -9999 -9999 -9999 -9999 -9999 -9999 -9999 -9999 -9999 -9999 -9999 -9999 -9999 -9999 -9999 -9999 -9999 -9999 -9999 -9999 -9999 -9999 -9999 -9999 -9999 -9999
-9999 14.157 14.185 13.727 -9999 -9999 -9999 -9999 13.435 13.374 11.745 12.492 12.318 11.269 12.337 12.523 11.887 10.583 11.699 10.593 12.569 12.072 11.179 13.136 14.138 12.213 10.987 11.378 13.158 13.174 13.771 13.973 14.614 14.845 14.881 14.572 13.685 14.094 14.213 14.38 14.31 14.483 14.789 -9999 -9999 -9999 -9999 -9999 -9999 -9999 -9999 -9999 -9999 -9999 -9999 -9999 -9999 -9999 -9999 -9999 -9999 -9999 -9999 -9999 -9999 -9999 -9999 -9999 -9999 -9999 -9999 -9999 -9999 -9999 -9999
