Validation/Results/raw data/ReClimate_01_2024_2_Temperatureweatherlogisticsltd.asc
NCOLS 192
NROWS 249
XLLCENTER -225160.85627316462
YLLCENTER 29788.11610251502
CELLSIZE 5000.0
NODATA_VALUE -9999
[rows 204 to 237 of 249, columns 77 to 153 of 192]
-9999 -9999 0.665 -9999 0.693 0.715 0.735 0.751 0.761 0.767 0.783 0.802 0.824 0.845 0.853 0.857 0.865 0.871 0.883 0.894 0.9 0.903 0.908 0.911 0.921 0.93 0.938 0.945 0.959 0.974 0.985 0.997 0.998 0.996 1.009 1.023 1.035 1.045 1.048 1.049 1.045 1.036 1.036 1.032 1.027 1.019 1.01 0.998 1.004 1.01 1.016 1.023 1.028 1.033 1.046 1.06 1.066 1.073 1.07 1.063 1.061 1.055 1.068 1.081 1.085 1.09 1.09 1.087 1.09 1.091 1.106 1.125 1.117 1.105 1.108 1.108 1.109
-9999 -9999 -9999 -9999 -9999 -9999 0.738 0.757 0.771 0.789 0.801 0.806 0.823 0.83 0.841 0.858 0.867 0.874 0.887 0.899 0.904 0.906 0.913 0.922 0.933 0.944 0.952 0.956 0.967 0.973 0.982 0.984 0.987 0.996 1.011 1.029 1.036 1.034 1.041 1.056 1.055 1.057 1.057 1.049 1.043 1.029 1.021 1.011 1.017 1.023 1.027 1.032 1.035 1.038 1.045 1.055 1.047 1.044 1.046 1.042 1.064 1.073 1.072 1.077 1.085 1.092 1.092 1.089 1.095 1.098 1.098 1.106 1.104 1.095 1.096 1.095 1.098
-9999 -9999 -9999 -9999 -9999 -9999 0.741 0.76 0.779 0.798 0.802 0.807 0.817 0.824 0.841 0.858 0.868 0.875 0.889 0.902 0.906 0.909 0.918 0.927 0.939 0.951 0.956 0.961 0.968 0.974 0.977 0.979 0.988 0.996 1.013 1.03 1.03 1.028 1.042 1.057 1.061 1.064 1.061 1.054 1.045 1.032 1.025 1.016 1.022 1.028 1.032 1.035 1.038 1.04 1.046 1.052 1.045 1.033 1.034 1.034 1.053 1.075 1.075 1.072 1.08 1.089 1.089 1.086 1.091 1.097 1.097 1.095 1.092 1.086 1.087 1.086 1.089
-9999 -9999 -9999 -9999 0.696 0.718 0.737 0.759 -9999 0.787 0.794 0.811 0.823 0.842 0.856 -9999 0.872 0.875 0.887 0.893 0.9 0.906 0.918 0.937 0.946 0.952 0.962 0.98 0.987 0.993 0.996 0.993 0.999 0.996 1.011 1.027 1.028 1.028 1.034 1.027 1.03 1.034 1.033 1.036 1.028 1.017 1.014 1.017 1.029 1.04 1.042 1.044 1.043 1.042 1.047 1.052 1.045 1.034 1.034 1.032 1.052 1.074 1.083 1.087 1.087 1.092 1.082 1.074 1.078 1.082 1.094 1.099 1.092 1.084 1.082 1.079 1.091
-9999 -9999 -9999 -9999 0.696 -9999 -9999 -9999 0.772 0.783 0.796 -9999 -9999 -9999 -9999 -9999 0.869 0.875 0.883 0.89 0.899 0.906 0.923 0.941 0.948 0.954 0.97 0.987 0.994 1.001 1.002 1.0 0.999 0.996 1.01 1.025 1.027 1.027 1.022 1.014 1.018 1.021 1.025 1.028 1.021 1.011 1.014 1.017 1.029 1.043 1.045 1.046 1.045 1.042 1.046 1.051 1.044 1.034 1.033 1.028 1.047 1.07 1.079 1.088 1.089 1.089 1.08 1.067 1.07 1.073 1.084 1.097 1.09 1.079 1.077 1.072 1.083
-9999 -9999 -9999 -9999 -9999 -9999 0.746 0.767 0.778 0.789 0.797 -9999 -9999 -9999 -9999 -9999 -9999 -9999 -9999 0.874 0.884 0.898 0.914 0.931 0.934 0.931 0.948 0.974 0.981 0.989 0.992 0.996 0.997 0.998 1.015 1.039 1.034 1.013 1.014 1.026 1.031 1.036 1.04 1.044 1.044 1.05 1.051 1.039 1.033 1.036 1.041 1.043 1.053 1.057 1.066 1.074 1.077 1.073 1.073 1.073 1.067 1.076 1.077 1.081 1.071 1.064 1.074 1.073 1.074 1.076 1.084 1.095 1.088 1.078 1.073 1.067 1.071
-9999 -9999 -9999 -9999 -9999 -9999 -9999 0.764 -9999 -9999 -9999 -9999 -9999 -9999 -9999 -9999 -9999 0.85 0.856 0.868 0.881 0.894 0.91 0.927 0.927 0.923 0.945 0.969 0.977 0.985 0.991 0.995 0.998 0.999 1.02 1.043 1.028 1.007 1.018 1.03 -9999 1.04 1.045 1.048 1.057 1.065 1.058 1.048 1.042 1.032 1.037 1.04 1.05 1.06 1.07 1.079 1.081 1.082 1.084 1.084 1.081 1.074 1.075 1.075 1.065 1.051 1.061 1.072 1.073 1.073 1.081 1.09 1.084 1.073 1.069 1.061 1.065
-9999 -9999 -9999 -9999 -9999 -9999 -9999 -9999 -9999 -9999 -9999 -9999 -9999 -9999 -9999 -9999 -9999 0.871 0.88 0.881 0.893 -9999 -9999 -9999 0.904 0.935 0.949 0.95 0.958 0.97 0.978 0.994 0.998 1.003 1.018 1.025 1.016 1.015 1.02 -9999 1.025 1.025 1.03 1.04 1.048 1.057 1.053 1.048 1.043 1.04 1.034 1.032 1.053 1.071 1.078 1.087 1.079 1.074 1.073 1.071 1.071 1.066 1.06 1.055 1.071 1.073 1.077 1.086 1.077 1.072 1.075 1.081 1.076 1.066 1.077 1.079 1.086
-9999 -9999 -9999 -9999 -9999 -9999 -9999 -9999 -9999 -9999 -9999 -9999 -9999 -9999 -9999 -9999 -9999 -9999 -9999 -9999 -9999 -9999 -9999 -9999 0.903 0.938 0.941 0.943 0.954 0.965 0.98 0.994 1.0 1.004 1.011 1.017 1.018 -9999 -9999 1.018 1.019 1.018 1.026 1.035 1.043 1.053 1.051 1.046 1.045 1.041 1.036 1.027 1.046 1.07 1.077 1.084 1.077 1.066 1.065 1.062 1.061 1.059 1.053 1.044 1.059 1.076 1.082 1.086 1.079 1.067 1.071 1.073 1.068 1.06 1.07 1.081 1.089
-9999 -9999 -9999 -9999 -9999 -9999 -9999 -9999 -9999 -9999 -9999 -9999 -9999 -9999 -9999 -9999 -9999 -9999 -9999 -9999 -9999 -9999 -9999 -9999 0.913 0.925 0.933 0.952 0.966 0.984 0.996 1.002 1.004 0.996 -9999 -9999 -9999 -9999 -9999 1.022 1.025 1.035 1.041 1.041 1.049 1.055 1.06 1.073 1.066 1.04 1.044 1.041 1.044 1.058 1.075 1.088 1.069 1.052 1.046 1.039 1.038 1.035 1.039 1.036 1.044 1.057 1.064 1.069 1.078 1.078 1.077 1.077 1.074 1.068 1.067 1.072 1.076
-9999 -9999 -9999 -9999 -9999 -9999 -9999 -9999 -9999 -9999 -9999 -9999 -9999 -9999 -9999 -9999 -9999 -9999 -9999 -9999 -9999 -9999 -9999 -9999 -9999 -9999 0.937 0.955 0.972 0.99 0.997 1.003 0.99 -9999 -9999 -9999 -9999 0.996 1.008 1.022 1.031 1.041 1.042 1.041 1.047 1.053 1.066 1.079 1.061 1.035 1.038 1.041 1.045 1.048 1.065 1.084 1.066 1.043 1.036 1.027 1.025 1.022 1.025 1.029 1.037 1.045 1.051 1.058 1.067 1.077 1.077 1.074 1.071 1.067 1.067 1.065 1.069
-9999 -9999 -9999 -9999 -9999 -9999 -9999 -9999 -9999 -9999 -9999 -9999 -9999 -9999 -9999 -9999 -9999 -9999 -9999 -9999 -9999 -9999 -9999 -9999 -9999 -9999 -9999 0.957 0.966 0.966 0.969 0.973 -9999 -9999 -9999 -9999 0.995 1.02 1.028 1.024 1.031 1.036 1.037 1.037 1.041 1.042 1.053 1.065 1.052 1.045 1.043 1.043 1.041 1.041 1.05 1.064 1.064 1.051 1.041 1.03 1.024 1.019 1.019 1.02 1.037 1.051 1.054 1.059 1.053 1.054 1.07 1.077 1.072 1.066 1.069 1.069 1.072
-9999 -9999 -9999 -9999 -9999 -9999 -9999 -9999 -9999 -9999 -9999 -9999 -9999 -9999 -9999 -9999 -9999 -9999 -9999 -9999 -9999 -9999 -9999 -9999 -9999 -9999 -9999 -9999 -9999 -9999 -9999 -9999 -9999 -9999 -9999 0.989 1.006 1.027 1.025 1.021 1.025 1.03 1.031 1.032 1.033 1.032 1.043 1.055 1.051 1.044 1.042 1.039 1.037 1.034 1.042 1.052 1.051 1.049 1.04 1.026 1.021 1.013 1.014 1.013 1.029 1.048 1.051 1.054 1.049 1.042 1.056 1.073 1.068 1.061 1.064 1.066 1.069
-9999 -9999 -9999 -9999 -9999 -9999 -9999 -9999 -9999 -9999 -9999 -9999 -9999 -9999 -9999 -9999 -9999 -9999 -9999 -9999 -9999 -9999 -9999 -9999 -9999 -9999 -9999 -9999 -9999 -9999 -9999 -9999 -9999 -9999 0.994 0.999 1.014 1.022 1.024 1.031 1.03 1.019 1.02 1.02 1.022 1.027 1.039 1.054 1.052 1.052 1.046 1.04 1.051 1.056 1.041 1.036 1.037 1.036 1.034 1.025 1.032 1.033 1.039 1.043 1.038 1.045 1.055 1.062 1.072 1.074 1.059 1.058 1.066 1.066 1.066 1.066 1.072
-9999 -9999 -9999 -9999 -9999 -9999 -9999 -9999 -9999 -9999 -9999 -9999 -9999 -9999 -9999 -9999 -9999 -9999 -9999 -9999 -9999 -9999 -9999 -9999 -9999 -9999 -9999 -9999 -9999 -9999 -9999 -9999 -9999 -9999 1.001 1.003 1.01 1.017 1.024 1.031 1.022 1.011 1.012 1.012 1.017 1.021 1.034 1.049 1.05 1.049 1.044 1.036 1.046 1.058 1.045 1.026 1.027 1.027 1.024 1.02 1.027 1.034 1.041 1.049 1.045 1.039 1.048 1.059 1.069 1.08 1.067 1.048 1.056 1.063 1.063 1.062 1.067
-9999 -9999 -9999 -9999 -9999 -9999 -9999 -9999 -9999 -9999 -9999 -9999 -9999 -9999 -9999 -9999 -9999 -9999 -9999 -9999 -9999 0.896 0.903 0.915 0.925 -9999 0.948 -9999 -9999 -9999 -9999 -9999 -9999 -9999 -9999 1.004 1.011 1.019 1.026 1.033 1.023 1.007 1.011 1.021 1.024 1.021 1.032 1.043 1.045 1.045 1.042 1.035 1.038 1.045 1.051 1.045 1.042 1.041 1.032 1.024 1.03 1.038 1.033 1.033 1.038 1.036 1.044 1.054 1.059 1.066 1.068 1.059 1.076 1.09 1.094 1.096 1.093
-9999 -9999 -9999 -9999 -9999 -9999 -9999 -9999 -9999 -9999 -9999 -9999 -9999 -9999 -9999 -9999 -9999 -9999 0.858 0.871 0.883 0.894 0.906 0.918 0.927 0.936 0.951 0.966 0.976 -9999 -9999 0.978 0.993 1.006 1.007 1.001 1.009 1.017 1.023 1.029 1.017 1.001 1.01 1.02 1.019 1.017 1.026 1.036 1.038 1.039 1.036 1.03 1.033 1.034 1.04 1.046 1.045 1.041 1.032 1.02 1.026 1.033 1.029 1.022 1.026 1.03 1.038 1.047 1.052 1.055 1.057 1.057 1.075 1.094 1.099 1.102 1.101
-9999 -9999 -9999 -9999 -9999 -9999 -9999 -9999 -9999 -9999 -9999 -9999 -9999 -9999 -9999 -9999 -9999 0.839 0.853 0.89 0.9 0.898 0.91 0.915 0.928 0.941 0.957 0.968 0.98 0.988 0.986 0.982 0.998 1.015 1.012 1.006 1.011 1.009 1.015 1.021 1.016 1.02 1.026 1.023 1.022 1.018 1.027 1.036 1.04 1.045 1.03 1.018 1.031 1.04 1.039 1.042 1.026 1.013 1.021 1.019 1.021 1.026 1.027 1.024 1.028 1.033 1.037 1.044 1.052 1.058 1.066 1.071 1.068 1.075 1.084 1.089 1.083
-9999 -9999 -9999 -9999 -9999 -9999 -9999 -9999 -9999 -9999 -9999 -9999 -9999 -9999 -9999 -9999 -9999 0.834 0.871 0.894 0.897 0.897 0.905 0.912 0.928 0.944 0.956 0.968 0.977 0.987 0.985 0.982 0.997 1.013 1.01 1.005 1.004 1.002 1.008 1.014 1.019 1.024 1.022 1.019 1.018 1.015 1.023 1.032 1.037 1.041 1.028 1.01 1.022 1.036 1.036 1.035 1.019 0.998 1.005 1.013 1.016 1.018 1.019 1.019 1.024 1.029 1.034 1.038 1.046 1.054 1.062 1.07 1.069 1.064 1.071 1.079 1.073
-9999 -9999 -9999 -9999 -9999 -9999 -9999 -9999 -9999 -9999 -9999 -9999 -9999 -9999 -9999 -9999 -9999 0.836 0.865 0.881 0.887 0.896 0.909 0.927 0.946 0.963 0.974 0.973 0.983 0.991 0.991 0.988 1.0 1.007 1.003 0.997 1.0 1.01 1.016 1.021 1.022 1.014 1.013 1.014 1.016 1.021 1.026 1.022 1.027 1.032 1.034 1.025 1.026 1.033 1.035 1.035 1.034 1.023 1.021 1.025 1.02 1.019 1.019 1.018 1.024 1.03 1.034 1.037 1.05 1.062 1.069 1.078 1.077 1.073 1.076 1.081 1.082
-9999 -9999 -9999 -9999 -9999 -9999 -9999 -9999 -9999 -9999 -9999 -9999 -9999 0.764 0.779 -9999 0.812 0.839 0.852 0.872 0.883 0.893 0.912 0.931 0.95 0.97 0.974 0.974 0.983 0.99 0.989 0.987 0.993 1.0 0.996 0.99 0.999 1.009 1.014 1.019 1.013 1.005 1.007 1.008 1.014 1.019 1.017 1.014 1.019 1.023 1.025 1.026 1.027 1.027 1.028 1.029 1.028 1.026 1.025 1.023 1.02 1.014 1.015 1.014 1.02 1.025 1.03 1.032 1.045 1.06 1.067 1.075 1.075 1.072 1.075 1.076 1.078
-9999 -9999 -9999 -9999 -9999 -9999 -9999 -9999 -9999 -9999 -9999 -9999 -9999 0.774 0.792 0.81 0.83 0.848 0.86 0.86 0.873 0.889 0.91 0.936 0.951 0.955 0.965 0.977 0.982 0.983 0.984 0.988 0.994 0.998 0.998 1.003 1.01 1.011 1.015 1.015 1.01 1.004 1.006 1.006 1.009 1.004 1.005 1.011 1.019 1.03 1.029 1.03 1.023 1.019 1.019 1.019 1.023 1.024 1.021 1.017 1.014 1.009 1.019 1.024 1.027 1.031 1.036 1.039 1.056 1.073 1.078 1.084 1.069 1.058 1.068 1.074 1.072
-9999 -9999 -9999 -9999 -9999 -9999 -9999 -9999 -9999 -9999 -9999 -9999 0.75 0.777 0.795 0.814 0.833 0.853 0.854 0.854 0.868 0.884 0.909 0.935 0.942 0.945 0.961 0.973 0.975 0.976 0.981 0.985 0.99 0.994 0.999 1.005 1.007 1.008 1.009 1.009 1.006 1.0 1.001 1.001 0.999 0.994 1.0 1.006 1.017 1.027 1.027 1.026 1.02 1.011 1.011 1.009 1.012 1.017 1.014 1.009 1.007 1.002 1.012 1.023 1.027 1.029 1.034 1.037 1.053 1.072 1.078 1.082 1.068 1.048 1.058 1.069 1.066
-9999 -9999 -9999 -9999 -9999 -9999 -9999 -9999 -9999 -9999 -9999 -9999 -9999 0.788 0.808 0.828 0.84 0.837 0.844 0.859 0.872 0.886 0.907 0.923 0.936 0.958 0.974 0.984 0.985 0.975 0.977 0.974 0.981 0.992 0.998 1.004 1.004 0.998 1.001 1.007 1.003 0.995 0.997 1.001 1.001 1.007 1.019 1.04 1.051 1.063 1.057 1.054 1.049 1.043 1.03 1.022 1.007 -9999 1.002 1.0 1.013 1.019 1.024 1.032 1.031 1.031 1.029 1.029 1.042 1.057 1.061 1.061 1.061 1.047 1.048 1.054 1.059
-9999 -9999 -9999 -9999 -9999 -9999 -9999 -9999 -9999 -9999 -9999 -9999 0.768 0.79 0.81 0.83 0.831 0.829 0.843 0.858 0.869 0.882 0.896 0.911 0.934 0.958 0.972 0.983 0.979 0.971 0.969 0.966 0.976 0.988 0.994 1.0 0.996 0.99 0.996 1.002 0.997 0.989 0.992 0.996 1.002 1.008 1.027 1.048 1.059 1.07 1.066 1.058 1.055 1.048 1.037 1.022 1.008 0.991 -9999 0.993 -9999 1.02 -9999 1.03 -9999 1.028 1.026 1.022 1.034 1.047 1.05 1.046 -9999 -9999 -9999 1.044 1.049
-9999 -9999 -9999 -9999 -9999 -9999 -9999 -9999 -9999 -9999 -9999 -9999 0.764 0.791 0.803 0.797 0.804 0.824 0.838 0.851 0.863 0.877 0.891 0.905 0.925 0.945 0.955 0.955 0.96 0.978 0.979 0.983 0.989 0.981 0.987 0.991 0.989 0.99 0.998 1.007 1.005 1.005 1.005 0.994 0.996 0.992 1.011 1.035 1.044 1.048 1.055 1.055 1.046 1.037 1.031 1.016 1.014 1.005 -9999 -9999 0.997 1.005 -9999 -9999 1.019 1.021 1.027 -9999 -9999 -9999 -9999 -9999 -9999 -9999 -9999 -9999 -9999
-9999 -9999 -9999 -9999 -9999 -9999 -9999 -9999 -9999 -9999 -9999 0.735 0.76 0.784 0.782 0.776 0.796 0.817 0.83 0.844 0.856 0.871 0.885 0.898 0.916 0.934 0.938 0.938 0.957 0.976 0.981 0.986 0.982 0.975 0.979 0.983 0.985 0.987 0.995 1.005 1.007 1.007 1.0 0.989 0.986 0.981 1.001 1.024 1.029 1.033 1.04 1.046 1.038 1.027 1.02 -9999 -9999 -9999 1.002 -9999 -9999 -9999 -9999 -9999 -9999 1.017 -9999 -9999 -9999 -9999 -9999 -9999 -9999 -9999 -9999 -9999 -9999
-9999 -9999 -9999 -9999 -9999 -9999 -9999 -9999 -9999 -9999 0.691 0.699 0.732 0.784 0.784 0.78 0.796 0.804 0.814 0.818 0.834 0.861 0.877 0.895 0.912 0.927 0.937 0.956 0.97 0.969 0.981 1.001 0.996 -9999 -9999 -9999 -9999 -9999 0.984 0.992 0.992 0.999 0.996 0.999 0.999 1.001 1.012 1.005 -9999 1.009 -9999 -9999 -9999 -9999 -9999 0.987 0.985 0.984 0.99 0.987 0.985 -9999 -9999 -9999 -9999 -9999 -9999 -9999 -9999 -9999 -9999 -9999 -9999 -9999 -9999 -9999 -9999
-9999 -9999 -9999 -9999 -9999 -9999 -9999 -9999 -9999 0.64 0.654 0.676 0.723 0.775 0.777 0.775 0.785 0.793 0.799 0.803 0.826 0.851 0.871 0.89 0.905 0.921 0.94 0.959 0.963 0.963 -9999 -9999 -9999 -9999 -9999 -9999 -9999 -9999 -9999 -9999 0.985 0.991 0.994 0.998 1.001 1.004 0.999 0.99 0.988 -9999 -9999 -9999 -9999 -9999 -9999 -9999 0.97 0.973 0.978 0.983 -9999 -9999 -9999 -9999 -9999 -9999 -9999 -9999 -9999 -9999 -9999 -9999 -9999 -9999 -9999 -9999 -9999
-9999 -9999 -9999 -9999 -9999 -9999 -9999 0.625 0.622 0.646 0.662 0.68 0.717 0.732 0.741 0.762 0.772 0.776 0.788 0.808 0.829 0.846 0.869 0.896 0.912 0.923 0.94 0.949 -9999 -9999 -9999 -9999 -9999 -9999 -9999 -9999 -9999 -9999 -9999 -9999 -9999 0.968 -9999 -9999 -9999 -9999 -9999 0.994 0.981 -9999 -9999 -9999 -9999 -9999 -9999 -9999 -9999 -9999 0.975 0.986 -9999 -9999 -9999 -9999 -9999 -9999 -9999 -9999 -9999 -9999 -9999 -9999 -9999 -9999 -9999 -9999 -9999
-9999 -9999 -9999 -9999 -9999 -9999 0.625 -9999 0.633 0.648 0.656 0.671 0.689 0.704 0.727 0.748 0.757 0.763 0.783 0.804 0.82 0.838 0.865 0.893 0.907 0.919 0.931 0.938 -9999 -9999 -9999 -9999 -9999 -9999 -9999 -9999 -9999 -9999 -9999 -9999 -9999 -9999 0.961 -9999 -9999 -9999 -9999 -9999 -9999 -9999 -9999 -9999 -9999 -9999 -9999 -9999 -9999 -9999 -9999 -9999 -9999 -9999 -9999 -9999 -9999 -9999 -9999 -9999 -9999 -9999 -9999 -9999 -9999 -9999 -9999 -9999 -9999
-9999 -9999 -9999 -9999 -9999 0.626 0.621 0.632 0.641 0.645 0.648 0.654 0.672 0.703 0.723 0.732 0.742 -9999 0.769 0.789 0.806 0.825 0.853 0.885 0.899 0.912 0.922 -9999 -9999 -9999 -9999 -9999 -9999 -9999 -9999 -9999 -9999 -9999 -9999 -9999 -9999 -9999 -9999 -9999 -9999 -9999 -9999 -9999 -9999 -9999 -9999 -9999 -9999 -9999 -9999 -9999 -9999 -9999 -9999 -9999 -9999 -9999 -9999 -9999 -9999 -9999 -9999 -9999 -9999 -9999 -9999 -9999 -9999 -9999 -9999 -9999 -9999
-9999 -9999 -9999 -9999 -9999 0.623 0.629 0.635 0.639 0.642 0.642 0.643 0.662 0.689 0.704 0.715 0.726 0.735 0.755 0.776 0.793 0.812 0.842 0.875 0.89 0.903 0.91 -9999 -9999 -9999 -9999 -9999 -9999 -9999 -9999 -9999 -9999 -9999 -9999 -9999 -9999 -9999 -9999 -9999 -9999 -9999 -9999 -9999 -9999 -9999 -9999 -9999 -9999 -9999 -9999 -9999 -9999 -9999 -9999 -9999 -9999 -9999 -9999 -9999 -9999 -9999 -9999 -9999 -9999 -9999 -9999 -9999 -9999 -9999 -9999 -9999 -9999
-9999 -9999 -9999 -9999 0.619 0.64 0.645 0.645 0.647 0.643 0.641 0.635 0.647 0.658 0.669 0.686 0.698 0.708 0.732 0.762 0.78 0.799 0.825 0.846 0.864 0.886 -9999 -9999 -9999 -9999 -9999 -9999 -9999 -9999 -9999 -9999 -9999 -9999 -9999 -9999 -9999 -9999 -9999 -9999 -9999 -9999 -9999 -9999 -9999 -9999 -9999 -9999 -9999 -9999 -9999 -9999 -9999 -9999 -9999 -9999 -9999 -9999 -9999 -9999 -9999 -9999 -9999 -9999 -9999 -9999 -9999 -9999 -9999 -9999 -9999 -9999 -9999
