Validation/Results/raw data/ReClimate_07_2024_2_Temperature.asc
NCOLS 192
NROWS 249
XLLCENTER -225160.85627316462
YLLCENTER 29788.11610251502
CELLSIZE 5000.0
NODATA_VALUE -9999
[rows 102 to 135 of 249, columns 75 to 149 of 192]
-0.185 -0.165 -0.153 -0.141 -0.139 -0.147 -9999 -9999 -0.119 -9999 -9999 -0.127 -0.13 -0.132 -0.123 -0.113 -0.123 -0.136 -0.128 -0.12 -0.125 -0.134 -0.132 -0.128 -0.137 -0.148 -0.156 -0.166 -0.163 -0.161 -0.174 -0.189 -0.193 -0.198 -0.207 -0.218 -0.228 -0.239 -0.248 -0.256 -0.259 -0.262 -9999 -9999 -9999 -9999 -9999 -9999 -9999 -9999 -9999 -9999 -9999 -9999 -9999 -9999 -9999 -9999 -9999 -9999 -9999 -9999 -9999 -9999 -9999 -9999 -9999 -9999 -9999 -9999 -9999 -9999 -9999 -9999 -9999
-0.182 -0.16 -0.153 -0.153 -9999 -9999 -9999 -0.131 -0.12 -0.109 -0.114 -0.125 -0.13 -0.138 -0.134 -0.134 -0.138 -0.131 -0.126 -0.124 -0.135 -0.161 -0.16 -0.158 -0.161 -0.154 -0.157 -0.154 -0.16 -0.184 -0.197 -0.211 -0.213 -0.21 -0.218 -0.225 -0.238 -9999 -9999 -0.258 -9999 -9999 -9999 -9999 -9999 -9999 -9999 -9999 -9999 -9999 -9999 -9999 -9999 -9999 -9999 -9999 -9999 -9999 -9999 -9999 -9999 -9999 -9999 -9999 -9999 -9999 -9999 -9999 -9999 -9999 -9999 -9999 -9999 -9999 -9999
-0.181 -0.16 -9999 -0.159 -9999 -9999 -9999 -0.129 -0.119 -0.112 -0.118 -0.129 -0.136 -0.145 -0.147 -0.149 -0.144 -0.137 -0.136 -0.134 -0.154 -0.18 -0.179 -0.178 -0.172 -0.164 -0.162 -0.159 -0.178 -0.201 -0.213 -0.227 -0.226 -0.224 -0.23 -0.236 -9999 -0.276 -0.276 -0.27 -0.281 -9999 -9999 -9999 -9999 -9999 -9999 -9999 -9999 -9999 -9999 -9999 -9999 -9999 -9999 -9999 -9999 -9999 -9999 -9999 -9999 -9999 -9999 -9999 -9999 -9999 -9999 -9999 -9999 -9999 -9999 -9999 -9999 -9999 -9999
-0.182 -9999 -9999 -9999 -9999 -0.151 -0.145 -0.132 -0.124 -0.116 -0.121 -0.129 -0.14 -0.162 -0.158 -0.142 -0.14 -0.141 -0.146 -0.16 -0.176 -0.191 -0.188 -0.182 -0.177 -0.172 -0.173 -0.18 -0.195 -0.207 -0.21 -0.2 -0.205 -0.227 -9999 -0.256 -0.267 -0.268 -0.274 -0.286 -0.293 -9999 -9999 -9999 -9999 -9999 -9999 -9999 -9999 -9999 -9999 -9999 -9999 -9999 -9999 -9999 -9999 -9999 -9999 -9999 -9999 -9999 -9999 -9999 -9999 -9999 -9999 -9999 -9999 -9999 -9999 -9999 -9999 -9999 -9999
-9999 -9999 -9999 -9999 -9999 -0.152 -0.147 -0.139 -0.131 -0.124 -0.127 -0.134 -0.151 -0.173 -0.16 -0.144 -0.146 -0.148 -0.161 -0.177 -0.188 -0.203 -0.199 -0.193 -0.189 -0.183 -0.19 -0.197 -0.207 -0.219 -0.21 -0.198 -0.216 -0.238 -0.254 -0.272 -0.273 -0.274 -0.286 -0.295 -0.305 -0.314 -9999 -9999 -9999 -9999 -9999 -9999 -9999 -9999 -9999 -9999 -9999 -9999 -9999 -9999 -9999 -9999 -9999 -9999 -9999 -9999 -9999 -9999 -9999 -9999 -9999 -9999 -9999 -9999 -9999 -9999 -9999 -9999 -9999
-9999 -9999 -9999 -9999 -0.168 -9999 -9999 -0.142 -0.136 -0.134 -0.14 -0.154 -9999 -9999 -0.156 -0.156 -0.159 -0.164 -0.175 -0.184 -0.195 -0.206 -0.204 -0.203 -0.203 -0.207 -0.215 -0.221 -0.223 -0.211 -0.207 -0.212 -0.232 -0.258 -0.267 -0.263 -0.267 -0.276 -0.287 -0.298 -0.306 -0.314 -0.305 -9999 -9999 -9999 -9999 -9999 -9999 -9999 -9999 -9999 -9999 -9999 -9999 -9999 -9999 -9999 -9999 -9999 -9999 -9999 -9999 -9999 -9999 -9999 -9999 -9999 -9999 -9999 -9999 -9999 -9999 -9999 -9999
-9999 -9999 -9999 -9999 -0.174 -9999 -0.155 -0.146 -0.144 -0.143 -0.152 -0.166 -0.166 -0.166 -0.166 -0.165 -0.17 -0.175 -0.182 -0.191 -0.201 -0.212 -0.212 -0.212 -0.216 -0.221 -0.228 -0.235 -0.225 -0.212 -0.218 -0.223 -0.245 -0.27 -0.267 -0.263 -0.272 -0.281 -0.292 -0.302 -0.308 -0.315 -9999 -9999 -9999 -9999 -9999 -9999 -9999 -9999 -9999 -9999 -9999 -9999 -9999 -9999 -9999 -9999 -9999 -9999 -9999 -9999 -9999 -9999 -9999 -9999 -9999 -9999 -9999 -9999 -9999 -9999 -9999 -9999 -9999
-9999 -9999 -9999 -9999 -0.181 -9999 -0.158 -0.146 -0.146 -0.149 -0.155 -9999 -0.161 -0.171 -9999 -0.168 -0.172 -0.178 -0.186 -0.2 -0.206 -0.203 -0.202 -0.202 -0.212 -0.237 -0.242 -0.242 -0.24 -0.249 -0.253 -0.251 -0.268 -0.28 -0.28 -0.284 -0.292 -0.294 -9999 -9999 -9999 -9999 -9999 -9999 -9999 -9999 -9999 -9999 -9999 -9999 -9999 -9999 -9999 -9999 -9999 -9999 -9999 -9999 -9999 -9999 -9999 -9999 -9999 -9999 -9999 -9999 -9999 -9999 -9999 -9999 -9999 -9999 -9999 -9999 -9999
-9999 -9999 -0.195 -0.195 -9999 -9999 -0.157 -0.149 -0.151 -0.155 -0.156 -0.16 -0.168 -0.178 -9999 -0.174 -0.178 -0.184 -0.194 -0.209 -0.208 -0.206 -0.205 -0.204 -0.224 -0.248 -0.249 -0.25 -0.259 -0.268 -0.268 -0.266 -0.277 -0.288 -0.292 -0.297 -0.301 -9999 -9999 -9999 -9999 -9999 -9999 -9999 -9999 -9999 -9999 -9999 -9999 -9999 -9999 -9999 -9999 -9999 -9999 -9999 -9999 -9999 -9999 -9999 -9999 -9999 -9999 -9999 -9999 -9999 -9999 -9999 -9999 -9999 -9999 -9999 -9999 -9999 -9999
-9999 -0.18 -0.187 -0.18 -9999 -0.172 -0.163 -0.172 -0.171 -9999 -0.162 -0.167 -0.177 -0.189 -9999 -0.19 -0.193 -0.193 -0.197 -0.194 -0.197 -0.207 -0.209 -0.216 -0.231 -0.243 -0.246 -0.254 -9999 -0.262 -0.26 -0.255 -0.262 -0.269 -0.279 -0.303 -9999 -9999 -9999 -9999 -9999 -9999 -9999 -9999 -9999 -9999 -9999 -9999 -9999 -9999 -9999 -9999 -9999 -9999 -9999 -9999 -9999 -9999 -9999 -9999 -9999 -9999 -9999 -9999 -9999 -9999 -9999 -9999 -9999 -9999 -9999 -9999 -9999 -9999 -9999
-9999 -0.173 -0.166 -9999 -9999 -0.175 -0.179 -0.182 -9999 -0.165 -0.167 -0.173 -0.185 -0.198 -9999 -0.201 -0.201 -0.202 -0.197 -0.193 -0.203 -0.213 -0.219 -0.226 -0.235 -0.246 -0.252 -0.26 -0.262 -0.264 -9999 -9999 -0.261 -0.267 -9999 -9999 -9999 -9999 -9999 -9999 -0.301 -0.302 -0.307 -9999 -9999 -9999 -9999 -9999 -9999 -9999 -9999 -9999 -9999 -9999 -9999 -9999 -9999 -9999 -9999 -9999 -9999 -9999 -9999 -9999 -9999 -9999 -9999 -9999 -9999 -9999 -9999 -9999 -9999 -9999 -9999
-0.167 -0.18 -9999 -9999 -0.17 -0.17 -0.173 -0.18 -9999 -0.168 -0.167 -0.16 -0.173 -0.19 -9999 -9999 -9999 -0.21 -0.207 -0.201 -0.209 -0.213 -0.216 -0.216 -0.226 -0.241 -0.246 -0.251 -0.256 -0.27 -0.265 -0.256 -0.262 -0.272 -9999 -9999 -9999 -9999 -9999 -0.297 -0.298 -0.301 -0.302 -0.298 -9999 -9999 -9999 -9999 -9999 -9999 -9999 -9999 -9999 -9999 -9999 -9999 -9999 -9999 -9999 -9999 -9999 -9999 -9999 -9999 -9999 -9999 -9999 -9999 -9999 -9999 -9999 -9999 -9999 -9999 -9999
-0.173 -0.186 -9999 -9999 -9999 -0.169 -0.174 -0.181 -9999 -0.173 -9999 -0.158 -0.172 -0.19 -9999 -0.202 -0.209 -0.218 -9999 -0.21 -0.215 -0.218 -0.218 -0.218 -0.23 -0.244 -0.248 -0.251 -0.263 -0.277 -0.27 -0.261 -0.269 -0.277 -0.281 -0.288 -0.293 -9999 -0.294 -0.294 -0.297 -0.302 -0.299 -0.295 -0.302 -0.308 -9999 -9999 -9999 -9999 -9999 -9999 -9999 -9999 -9999 -9999 -9999 -9999 -9999 -9999 -9999 -9999 -9999 -9999 -9999 -9999 -9999 -9999 -9999 -9999 -9999 -9999 -9999 -9999 -9999
-0.187 -9999 -9999 -9999 -9999 -0.186 -0.183 -0.165 -9999 -0.189 -9999 -0.173 -0.183 -9999 -0.188 -0.189 -0.196 -0.207 -0.208 -0.218 -0.223 -0.227 -0.225 -0.218 -0.231 -0.249 -0.255 -0.27 -0.275 -0.267 -0.261 -0.261 -0.265 -0.265 -0.269 -0.276 -0.28 -0.292 -0.287 -0.279 -0.285 -0.3 -0.3 -0.305 -0.312 -0.32 -0.321 -0.334 -0.347 -9999 -9999 -9999 -9999 -9999 -9999 -9999 -9999 -9999 -9999 -9999 -9999 -9999 -9999 -9999 -9999 -9999 -9999 -9999 -9999 -9999 -9999 -9999 -9999 -9999 -9999
-0.194 -9999 -9999 -9999 -9999 -0.194 -0.178 -0.161 -0.177 -9999 -9999 -0.181 -0.184 -9999 -0.19 -0.186 -0.195 -0.206 -0.216 -0.225 -0.231 -0.236 -0.23 -0.223 -0.238 -0.256 -0.268 -0.282 -0.275 -0.266 -0.266 -0.265 -0.265 -0.265 -0.27 -0.273 -0.281 -0.292 -0.284 -0.275 -0.286 -0.3 -0.304 -0.31 -0.316 -0.323 -0.327 -0.332 -0.348 -0.335 -9999 -9999 -9999 -9999 -9999 -9999 -9999 -9999 -9999 -9999 -9999 -9999 -9999 -9999 -9999 -9999 -9999 -9999 -9999 -9999 -9999 -9999 -9999 -9999 -9999
-9999 -9999 -9999 -9999 -9999 -0.182 -0.17 -0.166 -0.181 -9999 -9999 -0.193 -0.195 -9999 -9999 -0.189 -0.197 -0.199 -0.209 -0.219 -0.225 -0.229 -0.23 -0.242 -0.254 -0.258 -0.264 -0.267 -0.263 -0.267 -0.263 -0.255 -0.259 -0.275 -0.278 -0.277 -0.285 -0.295 -0.289 -0.288 -0.296 -0.302 -0.308 -0.317 -0.323 -0.331 -0.336 -0.341 -0.343 -0.333 -9999 -9999 -9999 -9999 -9999 -9999 -9999 -9999 -9999 -9999 -9999 -9999 -9999 -9999 -9999 -9999 -9999 -9999 -9999 -9999 -9999 -9999 -9999 -9999 -9999
-9999 -9999 -9999 -9999 -9999 -0.175 -0.172 -0.171 -9999 -9999 -9999 -9999 -0.198 -9999 -0.194 -0.194 -0.196 -0.199 -0.209 -0.219 -0.224 -0.23 -0.242 -0.255 -0.259 -0.262 -0.263 -0.266 -0.268 -0.272 -0.264 -0.256 -0.268 -0.282 -0.282 -0.281 -0.288 -0.297 -0.295 -0.294 -0.298 -0.304 -0.311 -0.32 -0.326 -0.334 -0.335 -0.336 -0.328 -0.319 -0.316 -9999 -9999 -9999 -9999 -9999 -9999 -9999 -9999 -9999 -9999 -9999 -9999 -9999 -9999 -9999 -9999 -9999 -9999 -9999 -9999 -9999 -9999 -9999 -9999
-9999 -9999 -9999 -0.177 -0.176 -0.174 -0.173 -9999 -9999 -0.187 -9999 -9999 -9999 -9999 -0.196 -0.202 -0.203 -0.199 -0.211 -0.226 -0.227 -0.219 -0.228 -0.234 -0.241 -0.253 -0.26 -0.276 -0.28 -0.287 -0.279 -0.267 -0.277 -0.285 -0.284 -0.287 -0.29 -0.289 -0.288 -0.289 -0.293 -0.302 -0.308 -0.315 -0.321 -0.331 -0.331 -0.33 -0.321 -0.308 -0.308 -9999 -9999 -9999 -9999 -9999 -9999 -9999 -9999 -9999 -9999 -9999 -9999 -9999 -9999 -9999 -9999 -9999 -9999 -9999 -9999 -9999 -9999 -9999 -9999
-9999 -9999 -9999 -9999 -0.177 -0.174 -0.175 -9999 -0.179 -0.183 -0.199 -9999 -9999 -9999 -9999 -0.207 -0.205 -0.201 -0.215 -0.231 -0.225 -0.216 -0.221 -0.227 -0.238 -0.25 -0.266 -0.283 -0.289 -0.297 -0.288 -0.276 -0.283 -0.286 -0.288 -0.291 -0.289 -0.287 -0.286 -0.286 -0.291 -0.298 -0.302 -0.308 -0.315 -0.325 -0.324 -0.323 -0.312 -0.299 -0.298 -0.297 -9999 -9999 -9999 -9999 -9999 -9999 -9999 -9999 -9999 -9999 -9999 -9999 -9999 -9999 -9999 -9999 -9999 -9999 -9999 -9999 -9999 -9999 -9999
-9999 -9999 -9999 -9999 -0.181 -0.178 -0.181 -9999 -0.191 -0.188 -0.203 -9999 -9999 -9999 -9999 -9999 -0.206 -0.2 -0.21 -0.212 -0.209 -0.214 -0.219 -0.224 -0.237 -0.257 -0.268 -0.271 -0.277 -0.287 -0.278 -0.269 -0.272 -0.281 -0.283 -0.287 -0.284 -0.282 -0.281 -0.28 -0.285 -0.293 -0.297 -0.3 -0.306 -0.315 -0.313 -0.308 -0.299 -0.292 -0.289 -0.288 -0.285 -9999 -9999 -9999 -9999 -9999 -9999 -9999 -9999 -9999 -9999 -9999 -9999 -9999 -9999 -9999 -9999 -9999 -9999 -9999 -9999 -9999 -9999
-9999 -9999 -9999 -9999 -0.179 -0.179 -9999 -9999 -0.187 -0.191 -0.2 -0.204 -9999 -9999 -9999 -9999 -9999 -0.202 -0.205 -0.206 -0.21 -0.214 -0.219 -0.225 -0.241 -0.26 -0.264 -0.266 -0.274 -0.283 -0.275 -0.262 -0.267 -0.275 -0.278 -0.282 -0.279 -0.276 -0.275 -0.274 -0.28 -0.288 -0.29 -0.293 -0.299 -0.307 -0.303 -0.298 -0.292 -0.286 -0.283 -0.276 -0.278 -0.273 -0.275 -9999 -9999 -9999 -9999 -9999 -9999 -9999 -9999 -9999 -9999 -9999 -9999 -9999 -9999 -9999 -9999 -9999 -9999 -9999 -9999
-9999 -9999 -9999 -9999 -0.178 -0.181 -9999 -9999 -0.173 -0.173 -0.182 -9999 -9999 -9999 -9999 -9999 -9999 -0.194 -0.199 -0.211 -0.211 -0.206 -0.212 -0.224 -0.238 -0.253 -0.255 -0.254 -0.262 -0.272 -0.263 -0.256 -0.262 -0.273 -0.275 -0.277 -0.27 -0.258 -0.258 -0.265 -0.273 -0.287 -0.286 -0.28 -0.285 -0.293 -0.289 -0.287 -0.282 -0.279 -0.274 -0.268 -0.267 -0.269 -0.266 -9999 -9999 -9999 -9999 -9999 -9999 -9999 -9999 -9999 -9999 -9999 -9999 -9999 -9999 -9999 -9999 -9999 -9999 -9999 -9999
-9999 -9999 -9999 -9999 -0.179 -0.182 -9999 -9999 -9999 -0.171 -0.178 -0.189 -9999 -9999 -9999 -9999 -9999 -0.192 -0.203 -0.214 -0.21 -0.204 -0.214 -0.225 -0.237 -0.252 -0.252 -0.251 -0.259 -0.265 -0.258 -0.252 -0.259 -0.269 -0.27 -0.272 -0.261 -0.249 -0.253 -0.259 -0.27 -0.283 -0.278 -0.272 -0.277 -0.284 -0.282 -0.28 -0.276 -0.268 -0.261 -0.255 -0.255 -0.257 -0.253 -9999 -9999 -9999 -9999 -9999 -9999 -9999 -9999 -9999 -9999 -9999 -9999 -9999 -9999 -9999 -9999 -9999 -9999 -9999 -9999
-9999 -9999 -9999 -0.173 -0.175 -0.188 -9999 -9999 -9999 -9999 -9999 -9999 -9999 -9999 -9999 -9999 -9999 -0.206 -0.209 -0.2 -0.199 -0.204 -0.211 -0.214 -0.227 -0.25 -0.249 -0.245 -0.249 -0.255 -0.251 -0.251 -0.257 -0.261 -0.261 -0.264 -0.257 -0.256 -0.256 -0.249 -0.257 -0.266 -0.263 -0.266 -0.268 -0.264 -0.263 -0.264 -0.255 -0.248 -0.244 -0.24 -0.243 -0.248 -0.25 -0.249 -9999 -9999 -9999 -9999 -9999 -9999 -9999 -9999 -9999 -9999 -9999 -9999 -9999 -9999 -9999 -9999 -9999 -9999 -9999
-9999 -9999 -0.174 -0.171 -0.178 -0.19 -9999 -9999 -9999 -9999 -9999 -9999 -9999 -9999 -9999 -0.194 -0.205 -0.215 -0.207 -0.197 -0.201 -0.206 -0.209 -0.211 -0.229 -0.25 -0.247 -0.239 -0.243 -0.249 -0.249 -0.249 -0.251 -0.255 -0.256 -0.258 -0.257 -0.257 -0.25 -0.243 -0.249 -0.257 -0.258 -0.261 -0.258 -0.254 -0.254 -0.249 -0.241 -0.234 -0.23 -0.228 -0.231 -0.238 -0.24 -0.237 -9999 -9999 -9999 -9999 -9999 -9999 -9999 -9999 -9999 -9999 -9999 -9999 -9999 -9999 -9999 -9999 -9999 -9999 -9999
-9999 -9999 -0.175 -0.175 -0.182 -9999 -9999 -9999 -9999 -9999 -9999 -9999 -9999 -9999 -9999 -0.192 -0.201 -0.204 -0.204 -0.221 -0.221 -0.213 -0.22 -0.233 -0.245 -0.248 -0.244 -0.243 -0.248 -0.251 -0.25 -0.249 -0.252 -0.259 -0.259 -0.259 -0.256 -0.251 -0.246 -0.244 -0.25 -0.258 -0.256 -0.247 -0.243 -0.241 -0.236 -0.231 -0.224 -0.221 -0.218 -0.215 -0.222 -0.23 -0.237 -0.238 -9999 -9999 -9999 -9999 -9999 -9999 -9999 -9999 -9999 -9999 -9999 -9999 -9999 -9999 -9999 -9999 -9999 -9999 -9999
-9999 -9999 -9999 -9999 -9999 -9999 -9999 -9999 -9999 -9999 -9999 -9999 -9999 -9999 -9999 -0.192 -0.196 -0.204 -0.218 -0.234 -0.227 -0.219 -0.229 -0.241 -0.242 -0.242 -0.242 -0.242 -0.245 -0.249 -0.248 -0.246 -0.252 -0.259 -0.257 -0.256 -0.251 -0.246 -0.244 -0.241 -0.248 -0.256 -0.248 -0.238 -0.236 -0.23 -0.223 -0.218 -0.214 -0.212 -0.208 -0.206 -0.212 -0.222 -0.229 -0.231 -9999 -9999 -9999 -9999 -9999 -9999 -9999 -9999 -9999 -9999 -9999 -9999 -9999 -9999 -9999 -9999 -9999 -9999 -9999
-9999 -9999 -9999 -9999 -9999 -9999 -9999 -9999 -9999 -9999 -9999 -9999 -9999 -9999 -0.198 -0.207 -0.215 -0.229 -0.235 -0.23 -0.229 -0.24 -0.242 -0.235 -0.237 -0.242 -0.244 -0.248 -0.245 -0.228 -0.227 -0.231 -0.237 -0.247 -0.246 -0.248 -0.246 -0.247 -0.24 -0.223 -0.228 -0.235 -0.235 -0.251 -0.242 -0.219 -0.212 -0.206 -0.203 -0.202 -0.201 -0.2 -0.209 -0.22 -0.217 -0.228 -9999 -9999 -9999 -9999 -9999 -9999 -9999 -9999 -9999 -9999 -9999 -9999 -9999 -9999 -9999 -9999 -9999 -9999 -9999
-9999 -9999 -9999 -9999 -9999 -9999 -9999 -9999 -9999 -9999 -9999 -9999 -9999 -9999 -0.217 -0.218 -0.229 -0.242 -0.238 -0.231 -0.238 -0.246 -0.239 -0.232 -0.235 -0.24 -0.243 -0.248 -0.235 -0.218 -0.22 -0.223 -0.231 -0.24 -0.241 -0.243 -0.244 -0.246 -0.231 -0.214 -0.218 -0.224 -0.237 -0.252 -0.232 -0.21 -0.203 -0.198 -0.195 -0.194 -0.193 -0.194 -0.202 -0.215 -0.212 -0.209 -9999 -9999 -9999 -9999 -9999 -9999 -9999 -9999 -9999 -9999 -9999 -9999 -9999 -9999 -9999 -9999 -9999 -9999 -9999
-9999 -9999 -9999 -9999 -9999 -9999 -9999 -9999 -9999 -9999 -9999 -9999 -9999 -0.218 -0.224 -0.229 -0.235 -0.237 -0.23 -0.222 -0.23 -0.245 -0.236 -0.224 -0.229 -0.24 -0.239 -0.233 -0.224 -0.223 -0.223 -0.222 -0.226 -0.226 -0.223 -0.218 -0.217 -0.22 -0.209 -0.206 -0.212 -0.224 -0.232 -0.231 -0.214 -0.202 -0.198 -0.198 -0.197 -0.2 -0.196 -0.196 -0.188 -0.19 -0.192 -0.199 -0.199 -9999 -9999 -9999 -9999 -9999 -9999 -9999 -9999 -9999 -9999 -9999 -9999 -9999 -9999 -9999 -9999 -9999 -9999
-9999 -9999 -9999 -9999 -9999 -9999 -9999 -9999 -9999 -9999 -9999 -9999 -0.221 -0.228 -0.231 -0.23 -0.232 -0.233 -0.226 -0.218 -0.229 -0.244 -0.233 -0.221 -0.229 -0.239 -0.232 -0.225 -0.223 -0.222 -0.22 -0.219 -0.218 -0.218 -0.212 -0.206 -0.206 -0.207 -0.204 -0.201 -0.21 -0.221 -0.22 -0.217 -0.206 -0.195 -0.194 -0.194 -0.195 -0.199 -0.195 -0.193 -0.187 -0.181 -0.182 -0.185 -0.185 -9999 -9999 -9999 -9999 -9999 -9999 -9999 -9999 -9999 -9999 -9999 -9999 -9999 -9999 -9999 -9999 -9999 -9999
-9999 -9999 -9999 -9999 -9999 -9999 -9999 -9999 -9999 -9999 -9999 -9999 -0.22 -0.216 -0.218 -0.226 -0.227 -0.229 -0.226 -0.229 -0.234 -0.231 -0.226 -0.231 -0.237 -0.238 -0.236 -0.239 -0.235 -0.225 -0.225 -0.228 -0.223 -0.21 -0.204 -0.195 -0.195 -0.198 -0.192 -0.18 -0.193 -0.22 -0.217 -0.21 -0.202 -0.198 -0.19 -0.166 -0.171 -0.189 -0.186 -0.184 -0.179 -0.173 -0.169 -0.168 -0.161 -9999 -9999 -9999 -9999 -9999 -9999 -9999 -9999 -9999 -9999 -9999 -9999 -9999 -9999 -9999 -9999 -9999 -9999
-9999 -9999 -9999 -9999 -9999 -9999 -9999 -9999 -9999 -9999 -9999 -0.206 -0.207 -0.208 -0.215 -0.222 -0.225 -0.227 -0.23 -0.233 -0.23 -0.226 -0.23 -0.235 -0.236 -0.237 -0.24 -0.244 -0.235 -0.226 -0.228 -0.231 -0.219 -0.206 -0.198 -0.189 -0.19 -0.192 -0.182 -0.171 -0.192 -0.216 -0.21 -0.204 -0.199 -0.197 -0.177 -0.154 -0.167 -0.185 -0.182 -0.18 -0.175 -0.171 -0.166 -0.161 -0.154 -0.17 -9999 -9999 -9999 -9999 -9999 -9999 -9999 -9999 -9999 -9999 -9999 -9999 -9999 -9999 -9999 -9999 -9999
-9999 -9999 -9999 -9999 -9999 -9999 -9999 -9999 -9999 -9999 -0.201 -9999 -0.203 -0.199 -0.203 -0.201 -0.206 -0.218 -0.22 -0.22 -0.223 -0.238 -0.236 -0.223 -0.223 -0.224 -0.225 -0.224 -0.219 -0.222 -0.222 -0.221 -0.212 -0.206 -0.2 -0.192 -0.191 -0.183 -0.178 -0.183 -0.198 -0.205 -0.195 -0.181 -0.175 -0.168 -0.152 -0.145 -0.154 -0.164 -0.166 -0.166 -0.162 -0.158 -0.157 -0.154 -0.149 -0.156 -9999 -9999 -9999 -9999 -9999 -9999 -9999 -9999 -9999 -9999 -9999 -9999 -9999 -9999 -9999 -9999 -9999
