Validation/Results/raw data/ReClimate_10_2024_2weatherlogisticsltd.asc
NCOLS 192
NROWS 249
XLLCENTER -225160.85627316462
YLLCENTER 29788.11610251502
CELLSIZE 5000.0
NODATA_VALUE -9999
[rows 66 to 98 of 249, columns 75 to 149 of 192]
-9999 -9999 -9999 -9999 -9999 -9999 -9999 -9999 -9999 -9999 104.319 -9999 104.263 104.236 104.21 104.181 104.124 104.013 103.975 103.903 103.732 103.652 103.652 103.416 103.3 103.408 103.359 103.315 103.273 103.24 103.226 -9999 -9999 -9999 -9999 -9999 -9999 -9999 -9999 -9999 -9999 -9999 -9999 -9999 -9999 -9999 -9999 -9999 -9999 -9999 -9999 -9999 -9999 -9999 -9999 -9999 -9999 -9999 -9999 -9999 -9999 -9999 -9999 -9999 -9999 -9999 -9999 -9999 -9999 -9999 -9999 -9999 -9999 -9999 -9999
-9999 -9999 -9999 -9999 -9999 -9999 -9999 -9999 -9999 -9999 -9999 104.282 104.253 104.226 104.188 104.102 103.979 103.869 103.852 103.994 103.776 103.318 103.221 103.313 103.339 103.288 103.24 103.196 103.154 -9999 -9999 -9999 -9999 -9999 -9999 -9999 -9999 -9999 -9999 -9999 -9999 -9999 -9999 -9999 -9999 -9999 -9999 -9999 -9999 -9999 -9999 -9999 -9999 -9999 -9999 -9999 -9999 -9999 -9999 -9999 -9999 -9999 -9999 -9999 -9999 -9999 -9999 -9999 -9999 -9999 -9999 -9999 -9999 -9999 -9999
-9999 -9999 -9999 -9999 -9999 -9999 -9999 -9999 -9999 -9999 -9999 104.272 104.234 104.199 104.087 103.955 103.837 103.732 103.75 103.677 103.39 103.221 103.269 103.278 103.223 103.173 103.126 103.082 103.042 -9999 -9999 -9999 -9999 -9999 -9999 -9999 -9999 -9999 -9999 -9999 -9999 -9999 -9999 -9999 -9999 -9999 -9999 -9999 -9999 -9999 -9999 -9999 -9999 -9999 -9999 -9999 -9999 -9999 -9999 -9999 -9999 -9999 -9999 -9999 -9999 -9999 -9999 -9999 -9999 -9999 -9999 -9999 -9999 -9999 -9999
-9999 -9999 -9999 -9999 -9999 -9999 -9999 -9999 -9999 -9999 -9999 -9999 -9999 104.083 103.915 103.723 103.634 103.589 103.456 103.298 103.23 103.248 103.221 103.163 103.111 103.061 103.015 -9999 -9999 -9999 -9999 -9999 -9999 -9999 -9999 -9999 -9999 -9999 -9999 -9999 -9999 -9999 -9999 -9999 -9999 -9999 -9999 -9999 -9999 -9999 -9999 -9999 -9999 -9999 -9999 -9999 -9999 -9999 -9999 -9999 -9999 -9999 -9999 -9999 -9999 -9999 -9999 -9999 -9999 -9999 -9999 -9999 -9999 -9999 -9999
-9999 -9999 -9999 -9999 -9999 -9999 -9999 104.36 -9999 -9999 104.283 104.212 104.09 103.936 103.771 103.665 103.589 103.494 103.347 103.267 103.249 103.168 103.108 103.052 103.001 102.953 102.908 -9999 -9999 -9999 -9999 -9999 -9999 -9999 -9999 -9999 -9999 -9999 -9999 -9999 -9999 -9999 -9999 -9999 -9999 -9999 -9999 -9999 -9999 -9999 -9999 -9999 -9999 -9999 -9999 -9999 -9999 -9999 -9999 -9999 -9999 -9999 -9999 -9999 -9999 -9999 -9999 -9999 -9999 -9999 -9999 -9999 -9999 -9999 -9999
-9999 -9999 -9999 -9999 -9999 103.591 103.987 104.348 104.323 104.299 104.105 103.563 103.302 103.028 103.031 103.209 103.072 102.913 102.896 103.015 102.911 102.732 102.683 102.943 102.894 102.847 102.803 -9999 -9999 -9999 -9999 -9999 -9999 -9999 -9999 -9999 -9999 -9999 -9999 -9999 -9999 -9999 -9999 -9999 -9999 -9999 -9999 -9999 -9999 -9999 -9999 -9999 -9999 -9999 -9999 -9999 -9999 -9999 -9999 -9999 -9999 -9999 -9999 -9999 -9999 -9999 -9999 -9999 -9999 -9999 -9999 -9999 -9999 -9999 -9999
-9999 -9999 -9999 -9999 -9999 103.268 103.936 -9999 104.209 104.178 103.823 103.493 103.339 103.456 103.474 103.295 103.215 103.304 103.295 103.116 102.998 102.864 102.97 102.835 102.788 102.742 -9999 102.656 -9999 -9999 -9999 -9999 -9999 -9999 -9999 -9999 -9999 -9999 -9999 -9999 -9999 -9999 -9999 -9999 -9999 -9999 -9999 -9999 -9999 -9999 -9999 -9999 -9999 -9999 -9999 -9999 -9999 -9999 -9999 -9999 -9999 -9999 -9999 -9999 -9999 -9999 -9999 -9999 -9999 -9999 -9999 -9999 -9999 -9999 -9999
-9999 -9999 -9999 -9999 -9999 -9999 103.657 103.897 103.687 103.125 102.868 102.65 102.882 103.354 103.294 103.312 103.399 103.441 103.245 103.147 103.068 103.08 102.947 102.728 102.682 102.639 102.597 102.557 -9999 -9999 -9999 -9999 -9999 -9999 -9999 -9999 -9999 -9999 -9999 -9999 -9999 -9999 -9999 -9999 -9999 -9999 -9999 -9999 -9999 -9999 -9999 -9999 -9999 -9999 -9999 -9999 -9999 -9999 -9999 -9999 -9999 -9999 -9999 -9999 -9999 -9999 -9999 -9999 -9999 -9999 -9999 -9999 -9999 -9999 -9999
-9999 -9999 -9999 -9999 -9999 -9999 -9999 103.499 103.072 102.553 102.515 102.968 103.171 103.157 103.224 103.373 103.315 102.883 102.871 102.872 102.882 102.878 102.728 102.619 102.575 102.535 102.495 102.457 -9999 -9999 -9999 -9999 -9999 -9999 -9999 -9999 -9999 -9999 -9999 -9999 -9999 -9999 -9999 -9999 -9999 -9999 -9999 -9999 -9999 -9999 -9999 -9999 -9999 -9999 -9999 -9999 -9999 -9999 -9999 -9999 -9999 -9999 -9999 -9999 -9999 -9999 -9999 -9999 -9999 -9999 -9999 -9999 -9999 -9999 -9999
-9999 -9999 -9999 -9999 -9999 102.305 102.766 102.113 102.225 102.305 102.6 102.832 102.76 102.687 102.731 102.693 102.543 102.696 102.754 102.705 102.654 102.589 102.552 102.507 102.467 -9999 102.39 -9999 -9999 -9999 -9999 -9999 -9999 102.203 102.17 102.137 -9999 -9999 -9999 -9999 -9999 -9999 -9999 -9999 -9999 -9999 -9999 -9999 -9999 -9999 -9999 -9999 -9999 -9999 -9999 -9999 -9999 -9999 -9999 -9999 -9999 -9999 -9999 -9999 -9999 -9999 -9999 -9999 -9999 -9999 -9999 -9999 -9999 -9999 -9999
100.637 -9999 -9999 -9999 -9999 -9999 101.366 101.499 101.811 102.312 102.373 102.235 102.161 102.154 102.115 102.15 102.177 102.088 102.145 102.32 102.312 102.316 102.337 102.356 102.353 102.318 -9999 -9999 -9999 -9999 102.206 102.18 102.139 102.095 102.057 102.023 101.997 101.971 101.951 101.934 101.919 101.911 101.906 101.907 101.912 101.923 101.921 101.946 101.886 101.854 101.971 101.949 -9999 -9999 -9999 -9999 -9999 -9999 -9999 -9999 -9999 -9999 -9999 -9999 -9999 -9999 -9999 -9999 -9999 -9999 -9999 -9999 -9999 -9999 -9999
99.977 -9999 -9999 -9999 100.954 -9999 101.056 100.87 101.223 101.328 101.498 101.966 101.932 101.818 101.812 101.802 101.762 101.792 101.912 101.958 101.984 102.031 102.082 102.13 102.163 -9999 -9999 -9999 -9999 102.083 102.083 102.031 101.979 101.933 101.892 101.855 101.665 101.16 101.209 101.752 101.637 101.367 101.475 101.711 101.636 101.439 101.381 101.212 101.276 101.532 101.601 101.768 -9999 -9999 -9999 -9999 -9999 -9999 -9999 -9999 -9999 -9999 -9999 -9999 -9999 -9999 -9999 -9999 -9999 -9999 -9999 -9999 -9999 -9999 -9999
99.406 -9999 -9999 -9999 100.456 100.657 100.71 100.752 100.811 100.784 101.231 101.668 101.609 101.535 101.497 101.461 101.498 101.542 101.59 101.639 101.691 101.745 101.802 101.862 -9999 -9999 102.011 102.015 101.985 101.96 101.906 101.849 101.797 101.749 101.706 101.667 101.349 101.069 101.392 101.553 101.295 101.006 101.201 101.493 101.306 101.097 100.893 100.595 100.864 101.298 101.305 101.308 101.487 -9999 -9999 -9999 -9999 -9999 -9999 -9999 -9999 -9999 -9999 -9999 -9999 -9999 -9999 -9999 -9999 -9999 -9999 -9999 -9999 -9999 -9999
99.067 -9999 99.566 -9999 99.513 99.528 99.647 99.916 100.165 100.679 100.969 100.996 101.059 101.066 100.89 100.527 100.735 101.219 101.277 101.336 101.395 101.456 101.518 101.579 -9999 101.646 101.738 101.798 101.809 101.766 101.715 101.662 101.611 101.563 101.519 101.48 101.353 101.318 101.384 101.358 101.179 101.105 101.027 100.432 100.538 101.141 100.769 100.158 100.482 100.864 100.84 100.782 100.986 -9999 -9999 -9999 -9999 -9999 -9999 -9999 -9999 -9999 -9999 -9999 -9999 -9999 -9999 -9999 -9999 -9999 -9999 -9999 -9999 -9999 -9999
-9999 98.818 -9999 -9999 -9999 98.441 98.81 99.79 100.018 99.824 99.99 100.333 100.505 100.727 100.632 100.766 100.977 100.894 100.959 101.027 101.094 101.161 101.221 101.257 101.314 101.374 101.457 101.523 101.559 101.565 101.519 101.47 101.421 101.375 101.332 101.292 101.256 101.223 101.193 101.165 101.118 101.093 100.541 99.874 100.38 101.031 100.574 100.16 100.356 100.377 100.379 100.346 100.524 -9999 -9999 -9999 -9999 -9999 -9999 -9999 -9999 -9999 -9999 -9999 -9999 -9999 -9999 -9999 -9999 -9999 -9999 -9999 -9999 -9999 -9999
97.359 -9999 -9999 -9999 -9999 98.686 99.3 99.525 -9999 99.41 99.612 99.675 99.979 100.289 100.593 101.002 100.866 100.622 100.648 100.696 100.768 100.844 100.875 100.918 100.957 100.91 100.97 101.061 101.168 101.317 101.32 101.274 101.228 101.184 101.142 101.103 100.755 99.87 99.867 100.002 100.19 100.783 100.193 99.441 100.014 100.656 100.43 100.359 100.31 100.131 100.224 100.443 100.532 -9999 -9999 -9999 -9999 -9999 -9999 -9999 -9999 -9999 -9999 -9999 -9999 -9999 -9999 -9999 -9999 -9999 -9999 -9999 -9999 -9999 -9999
97.266 -9999 -9999 -9999 98.286 -9999 -9999 98.964 99.029 99.13 99.306 99.706 99.975 100.168 100.554 100.735 100.551 100.309 100.338 100.367 100.43 100.483 100.53 100.619 100.692 100.881 100.876 100.697 100.831 101.054 101.078 101.077 101.033 100.991 100.951 100.913 100.34 100.001 100.094 100.148 100.414 100.326 99.804 99.481 99.84 99.919 99.954 100.204 100.002 99.684 99.989 100.279 -9999 -9999 -9999 -9999 -9999 -9999 -9999 -9999 -9999 -9999 -9999 -9999 -9999 -9999 -9999 -9999 -9999 -9999 -9999 -9999 -9999 -9999 -9999
96.523 96.981 97.086 -9999 -9999 -9999 98.239 97.925 -9999 98.464 98.905 99.468 99.642 99.848 100.038 100.101 99.995 100.029 100.0 99.876 99.965 100.192 100.268 100.329 100.484 100.566 100.525 100.568 100.717 100.774 100.824 100.845 100.818 100.739 100.738 100.722 100.514 100.423 100.401 100.278 100.161 99.918 99.613 99.247 99.436 99.8 99.884 99.799 99.601 99.475 99.687 -9999 -9999 -9999 -9999 -9999 -9999 -9999 -9999 -9999 -9999 -9999 -9999 -9999 -9999 -9999 -9999 -9999 -9999 -9999 -9999 -9999 -9999 -9999 -9999
96.019 96.722 96.587 -9999 96.892 97.275 97.583 97.903 98.216 98.589 98.922 98.932 99.14 99.43 99.542 99.585 99.711 99.764 99.716 99.741 99.852 99.874 99.943 100.046 100.143 100.23 100.309 100.38 100.444 100.502 100.556 100.6 100.592 100.59 100.564 100.529 100.461 100.426 100.355 100.372 100.186 100.008 99.681 99.295 99.545 99.803 99.706 99.558 99.429 99.275 99.526 -9999 -9999 -9999 -9999 -9999 -9999 -9999 -9999 -9999 -9999 -9999 -9999 -9999 -9999 -9999 -9999 -9999 -9999 -9999 -9999 -9999 -9999 -9999 -9999
96.155 96.841 96.758 96.546 96.779 97.145 -9999 97.485 97.555 97.232 97.384 97.821 98.228 98.829 98.914 99.006 99.21 99.333 99.438 99.665 99.68 99.638 99.683 99.664 99.741 99.807 99.926 100.114 100.179 100.237 100.292 100.344 100.045 99.155 99.477 100.31 100.262 100.38 100.385 100.397 100.233 100.065 99.837 99.724 99.821 99.747 99.623 99.503 99.351 99.185 -9999 -9999 -9999 -9999 -9999 -9999 -9999 -9999 -9999 -9999 -9999 -9999 -9999 -9999 -9999 -9999 -9999 -9999 -9999 -9999 -9999 -9999 -9999 -9999 -9999
-9999 -9999 -9999 96.229 96.468 -9999 97.023 97.183 97.121 97.388 97.75 97.992 98.423 98.632 98.719 98.817 98.894 98.642 98.902 99.307 99.335 99.402 99.457 99.605 99.672 99.716 99.827 99.855 99.921 99.98 100.035 100.087 99.658 99.659 100.133 100.097 100.055 99.782 99.764 99.667 99.653 99.897 99.788 99.593 99.524 99.454 99.362 99.271 99.207 99.248 -9999 -9999 -9999 -9999 -9999 -9999 -9999 -9999 -9999 -9999 -9999 -9999 -9999 -9999 -9999 -9999 -9999 -9999 -9999 -9999 -9999 -9999 -9999 -9999 -9999
-9999 -9999 95.715 95.708 -9999 95.842 96.577 -9999 96.941 97.61 97.807 97.996 98.174 98.421 98.463 98.402 98.266 98.11 98.324 98.121 98.256 98.429 98.612 98.926 99.154 99.641 99.684 99.589 99.667 99.736 99.571 99.055 99.324 99.918 99.894 99.73 99.535 99.38 99.388 99.454 99.595 99.691 99.377 98.796 98.784 98.822 98.838 98.909 99.058 99.194 -9999 -9999 -9999 -9999 -9999 -9999 -9999 -9999 -9999 -9999 -9999 -9999 -9999 -9999 -9999 -9999 -9999 -9999 -9999 -9999 -9999 -9999 -9999 -9999 -9999
-9999 -9999 94.995 -9999 -9999 95.397 96.029 96.313 96.737 96.813 96.994 97.257 97.472 97.618 97.66 97.755 97.809 97.947 97.997 98.24 98.379 98.443 98.641 98.722 98.935 98.796 98.899 99.295 99.35 99.342 99.202 99.501 99.743 99.705 99.652 99.667 99.496 99.259 99.224 99.014 99.049 99.071 98.705 98.483 98.557 98.983 98.963 98.755 98.939 99.148 -9999 -9999 -9999 -9999 -9999 -9999 -9999 -9999 -9999 -9999 -9999 -9999 -9999 -9999 -9999 -9999 -9999 -9999 -9999 -9999 -9999 -9999 -9999 -9999 -9999
-9999 -9999 -9999 -9999 -9999 -9999 95.713 95.94 96.05 96.099 96.418 96.923 96.961 96.908 96.765 96.109 96.514 97.331 97.67 98.003 98.219 98.588 98.719 98.939 98.803 98.599 98.867 99.006 98.987 98.9 99.296 99.845 99.801 99.654 99.631 99.596 99.474 99.45 99.141 98.56 98.47 98.328 98.471 99.064 99.25 99.219 98.904 98.367 98.626 -9999 -9999 -9999 -9999 -9999 -9999 -9999 -9999 -9999 -9999 -9999 -9999 -9999 -9999 -9999 -9999 -9999 -9999 -9999 -9999 -9999 -9999 -9999 -9999 -9999 -9999
-9999 -9999 -9999 -9999 94.539 94.724 -9999 95.438 95.574 95.736 96.035 96.093 96.119 96.18 96.091 96.759 97.204 97.177 97.466 97.605 97.89 98.112 98.237 98.221 98.237 98.477 98.609 98.736 98.721 98.771 98.888 98.356 98.53 99.139 99.251 99.44 99.483 99.459 99.121 98.963 98.898 98.928 99.264 99.263 99.22 99.173 98.78 98.48 98.845 -9999 -9999 -9999 -9999 -9999 -9999 -9999 -9999 -9999 -9999 -9999 -9999 -9999 -9999 -9999 -9999 -9999 -9999 -9999 -9999 -9999 -9999 -9999 -9999 -9999 -9999
-9999 -9999 -9999 93.919 94.071 93.939 94.422 94.982 95.244 95.626 95.757 95.948 96.071 96.211 96.689 96.984 97.026 97.021 97.229 97.454 97.648 97.671 97.709 97.768 97.809 97.503 97.68 97.99 98.184 98.587 98.374 98.491 98.858 98.961 99.075 99.065 98.884 98.29 98.451 98.463 98.499 98.461 98.452 98.374 98.523 98.92 98.782 98.805 -9999 -9999 -9999 -9999 -9999 -9999 -9999 -9999 -9999 -9999 -9999 -9999 -9999 -9999 -9999 -9999 -9999 -9999 -9999 -9999 -9999 -9999 -9999 -9999 -9999 -9999 -9999
-9999 -9999 -9999 93.45 -9999 93.794 94.145 94.11 94.624 95.476 95.593 95.428 95.648 96.045 96.304 96.539 96.66 96.921 97.107 97.172 97.329 97.602 97.65 97.653 97.491 97.473 97.716 97.876 98.171 98.385 98.499 98.601 98.691 98.787 98.832 98.966 98.626 98.581 98.577 98.488 98.49 98.61 98.585 98.617 98.755 98.555 98.61 98.771 -9999 -9999 -9999 -9999 -9999 -9999 -9999 -9999 -9999 -9999 -9999 -9999 -9999 -9999 -9999 -9999 -9999 -9999 -9999 -9999 -9999 -9999 -9999 -9999 -9999 -9999 -9999
-9999 -9999 -9999 -9999 -9999 93.756 93.896 94.126 94.752 95.223 95.157 95.205 95.498 95.725 95.881 95.903 96.182 96.64 96.656 96.562 96.899 97.317 97.4 97.506 97.519 97.669 97.809 97.939 98.034 97.973 98.094 98.196 98.32 98.467 98.556 98.648 98.688 98.884 98.592 97.983 98.573 98.973 98.929 98.811 98.648 98.5 98.62 98.717 -9999 -9999 -9999 -9999 -9999 -9999 -9999 -9999 -9999 -9999 -9999 -9999 -9999 -9999 -9999 -9999 -9999 -9999 -9999 -9999 -9999 -9999 -9999 -9999 -9999 -9999 -9999
-9999 -9999 -9999 93.084 93.266 93.574 93.842 94.072 94.431 94.699 94.932 95.397 -9999 95.437 95.603 96.01 96.338 96.497 96.549 96.746 97.051 97.14 97.258 97.313 97.443 97.545 97.677 97.786 97.529 96.882 97.173 97.959 98.077 98.181 98.236 98.328 98.55 98.781 98.366 98.395 98.745 98.901 98.637 98.054 98.058 98.231 98.349 98.637 -9999 -9999 -9999 -9999 -9999 -9999 -9999 -9999 -9999 -9999 -9999 -9999 -9999 -9999 -9999 -9999 -9999 -9999 -9999 -9999 -9999 -9999 -9999 -9999 -9999 -9999 -9999
93.25 93.021 92.98 -9999 93.094 93.362 93.6 93.769 94.07 94.416 94.791 -9999 95.051 94.916 95.289 95.616 95.875 96.208 96.444 96.698 96.84 96.954 97.046 97.137 97.254 97.379 97.475 97.569 97.293 97.358 97.811 97.899 98.007 98.09 98.21 98.396 98.552 98.571 98.526 98.606 98.736 98.784 98.515 98.479 98.497 98.311 98.568 -9999 -9999 -9999 -9999 -9999 -9999 -9999 -9999 -9999 -9999 -9999 -9999 -9999 -9999 -9999 -9999 -9999 -9999 -9999 -9999 -9999 -9999 -9999 -9999 -9999 -9999 -9999 -9999
92.966 92.953 92.94 92.968 -9999 93.193 93.354 93.501 93.836 94.222 94.421 94.502 94.591 94.935 95.187 95.333 95.673 96.032 96.218 96.282 96.478 96.64 96.772 96.915 97.016 97.108 97.221 97.356 97.457 97.557 97.655 97.752 97.849 97.947 98.019 97.936 98.076 98.366 98.442 98.497 98.557 98.62 98.655 98.66 98.538 -9999 -9999 -9999 -9999 -9999 -9999 -9999 -9999 -9999 -9999 -9999 -9999 -9999 -9999 -9999 -9999 -9999 -9999 -9999 -9999 -9999 -9999 -9999 -9999 -9999 -9999 -9999 -9999 -9999 -9999
-9999 -9999 92.936 -9999 92.916 92.919 92.984 93.078 93.5 -9999 -9999 93.392 93.919 94.703 94.895 95.182 95.509 95.842 95.955 96.118 96.296 96.442 96.583 96.693 96.78 96.853 97.037 97.133 97.21 97.257 97.288 97.316 97.491 97.745 97.75 97.856 98.06 98.164 98.245 98.297 98.354 98.417 98.479 98.51 -9999 -9999 -9999 -9999 -9999 -9999 -9999 -9999 -9999 -9999 -9999 -9999 -9999 -9999 -9999 -9999 -9999 -9999 -9999 -9999 -9999 -9999 -9999 -9999 -9999 -9999 -9999 -9999 -9999 -9999 -9999
92.797 -9999 92.913 92.948 92.901 92.911 92.978 93.138 -9999 -9999 93.982 93.824 94.386 94.708 94.845 94.711 95.04 95.41 95.625 95.883 96.071 96.229 96.361 96.471 96.536 96.722 96.825 96.916 96.991 97.032 96.982 96.721 97.035 97.546 97.646 97.745 97.856 97.966 98.05 98.1 98.154 98.213 98.278 98.337 98.34 -9999 -9999 -9999 -9999 -9999 -9999 -9999 -9999 -9999 -9999 -9999 -9999 -9999 -9999 -9999 -9999 -9999 -9999 -9999 -9999 -9999 -9999 -9999 -9999 -9999 -9999 -9999 -9999 -9999 -9999
