Validation/Results/raw data/ReClimate_10_2024_2_Temperatureweatherlogisticsltd.asc
NCOLS 192
NROWS 249
XLLCENTER -225160.85627316462
YLLCENTER 29788.11610251502
CELLSIZE 5000.0
NODATA_VALUE -9999
[rows 68 to 101 of 249, columns 75 to 149 of 192]
-9999 -9999 -9999 -9999 -9999 -9999 -9999 -9999 -9999 -9999 -9999 -0.84 -0.856 -0.873 -0.902 -0.931 -0.954 -0.977 -0.975 -0.968 -0.964 -0.955 -0.966 -0.976 -0.988 -1.0 -1.015 -1.03 -1.025 -9999 -9999 -9999 -9999 -9999 -9999 -9999 -9999 -9999 -9999 -9999 -9999 -9999 -9999 -9999 -9999 -9999 -9999 -9999 -9999 -9999 -9999 -9999 -9999 -9999 -9999 -9999 -9999 -9999 -9999 -9999 -9999 -9999 -9999 -9999 -9999 -9999 -9999 -9999 -9999 -9999 -9999 -9999 -9999 -9999 -9999
-9999 -9999 -9999 -9999 -9999 -9999 -9999 -9999 -9999 -9999 -9999 -9999 -9999 -0.9 -0.923 -0.933 -0.958 -0.987 -0.986 -0.983 -0.984 -0.987 -0.996 -1.0 -1.016 -1.037 -1.036 -9999 -9999 -9999 -9999 -9999 -9999 -9999 -9999 -9999 -9999 -9999 -9999 -9999 -9999 -9999 -9999 -9999 -9999 -9999 -9999 -9999 -9999 -9999 -9999 -9999 -9999 -9999 -9999 -9999 -9999 -9999 -9999 -9999 -9999 -9999 -9999 -9999 -9999 -9999 -9999 -9999 -9999 -9999 -9999 -9999 -9999 -9999 -9999
-9999 -9999 -9999 -9999 -9999 -9999 -9999 -0.766 -9999 -9999 -0.833 -0.861 -0.887 -0.914 -0.926 -0.936 -0.963 -0.991 -0.992 -0.989 -0.996 -1.0 -1.006 -1.01 -1.031 -1.052 -1.026 -9999 -9999 -9999 -9999 -9999 -9999 -9999 -9999 -9999 -9999 -9999 -9999 -9999 -9999 -9999 -9999 -9999 -9999 -9999 -9999 -9999 -9999 -9999 -9999 -9999 -9999 -9999 -9999 -9999 -9999 -9999 -9999 -9999 -9999 -9999 -9999 -9999 -9999 -9999 -9999 -9999 -9999 -9999 -9999 -9999 -9999 -9999 -9999
-9999 -9999 -9999 -9999 -9999 -0.732 -0.756 -0.774 -0.796 -0.818 -0.845 -0.868 -0.901 -0.941 -0.953 -0.96 -0.982 -0.995 -0.998 -0.999 -1.007 -1.014 -1.025 -1.04 -1.054 -1.055 -1.038 -9999 -9999 -9999 -9999 -9999 -9999 -9999 -9999 -9999 -9999 -9999 -9999 -9999 -9999 -9999 -9999 -9999 -9999 -9999 -9999 -9999 -9999 -9999 -9999 -9999 -9999 -9999 -9999 -9999 -9999 -9999 -9999 -9999 -9999 -9999 -9999 -9999 -9999 -9999 -9999 -9999 -9999 -9999 -9999 -9999 -9999 -9999 -9999
-9999 -9999 -9999 -9999 -9999 -0.75 -0.763 -9999 -0.806 -0.828 -0.852 -0.876 -0.914 -0.954 -0.964 -0.97 -0.985 -0.998 -1.002 -1.004 -1.013 -1.021 -1.037 -1.052 -1.056 -1.057 -9999 -1.07 -9999 -9999 -9999 -9999 -9999 -9999 -9999 -9999 -9999 -9999 -9999 -9999 -9999 -9999 -9999 -9999 -9999 -9999 -9999 -9999 -9999 -9999 -9999 -9999 -9999 -9999 -9999 -9999 -9999 -9999 -9999 -9999 -9999 -9999 -9999 -9999 -9999 -9999 -9999 -9999 -9999 -9999 -9999 -9999 -9999 -9999 -9999
-9999 -9999 -9999 -9999 -9999 -9999 -0.773 -0.8 -0.825 -0.856 -0.878 -0.895 -0.927 -0.952 -0.967 -0.991 -1.007 -1.021 -1.03 -1.04 -1.047 -1.043 -1.053 -1.051 -1.059 -1.073 -1.087 -1.096 -9999 -9999 -9999 -9999 -9999 -9999 -9999 -9999 -9999 -9999 -9999 -9999 -9999 -9999 -9999 -9999 -9999 -9999 -9999 -9999 -9999 -9999 -9999 -9999 -9999 -9999 -9999 -9999 -9999 -9999 -9999 -9999 -9999 -9999 -9999 -9999 -9999 -9999 -9999 -9999 -9999 -9999 -9999 -9999 -9999 -9999 -9999
-9999 -9999 -9999 -9999 -9999 -9999 -9999 -0.813 -0.842 -0.873 -0.891 -0.907 -0.931 -0.955 -0.978 -1.0 -1.016 -1.031 -1.043 -1.054 -1.055 -1.052 -1.053 -1.051 -1.066 -1.08 -1.093 -1.099 -9999 -9999 -9999 -9999 -9999 -9999 -9999 -9999 -9999 -9999 -9999 -9999 -9999 -9999 -9999 -9999 -9999 -9999 -9999 -9999 -9999 -9999 -9999 -9999 -9999 -9999 -9999 -9999 -9999 -9999 -9999 -9999 -9999 -9999 -9999 -9999 -9999 -9999 -9999 -9999 -9999 -9999 -9999 -9999 -9999 -9999 -9999
-9999 -9999 -9999 -9999 -9999 -0.779 -0.802 -0.847 -0.873 -0.89 -0.908 -0.925 -0.947 -0.965 -0.989 -1.016 -1.029 -1.036 -1.046 -1.05 -1.057 -1.072 -1.079 -1.087 -1.098 -9999 -1.105 -9999 -9999 -9999 -9999 -9999 -9999 -1.041 -1.031 -1.026 -9999 -9999 -9999 -9999 -9999 -9999 -9999 -9999 -9999 -9999 -9999 -9999 -9999 -9999 -9999 -9999 -9999 -9999 -9999 -9999 -9999 -9999 -9999 -9999 -9999 -9999 -9999 -9999 -9999 -9999 -9999 -9999 -9999 -9999 -9999 -9999 -9999 -9999 -9999
-0.702 -9999 -9999 -9999 -9999 -9999 -0.833 -0.864 -0.884 -0.901 -0.919 -0.935 -0.953 -0.971 -0.997 -1.023 -1.032 -1.039 -1.045 -1.049 -1.064 -1.079 -1.09 -1.1 -1.103 -1.103 -9999 -9999 -9999 -9999 -1.073 -1.075 -1.06 -1.045 -1.036 -1.028 -1.047 -1.07 -1.052 -1.033 -1.022 -1.012 -1.012 -1.014 -1.008 -1.004 -0.993 -0.983 -0.978 -0.975 -0.976 -0.962 -9999 -9999 -9999 -9999 -9999 -9999 -9999 -9999 -9999 -9999 -9999 -9999 -9999 -9999 -9999 -9999 -9999 -9999 -9999 -9999 -9999 -9999 -9999
-0.729 -9999 -9999 -9999 -0.785 -9999 -0.836 -0.858 -0.881 -0.91 -0.928 -0.944 -0.964 -0.986 -1.012 -1.038 -1.052 -1.071 -1.072 -1.058 -1.075 -1.094 -1.103 -1.106 -1.106 -9999 -9999 -9999 -9999 -1.07 -1.074 -1.092 -1.085 -1.075 -1.067 -1.048 -1.06 -1.054 -1.04 -1.02 -1.024 -1.046 -1.045 -1.03 -1.028 -1.02 -1.015 -1.007 -1.004 -0.993 -0.989 -0.967 -9999 -9999 -9999 -9999 -9999 -9999 -9999 -9999 -9999 -9999 -9999 -9999 -9999 -9999 -9999 -9999 -9999 -9999 -9999 -9999 -9999 -9999 -9999
-0.745 -9999 -9999 -9999 -0.796 -0.816 -0.835 -0.859 -0.886 -0.915 -0.933 -0.949 -0.972 -0.994 -1.019 -1.044 -1.063 -1.083 -1.075 -1.061 -1.08 -1.099 -1.103 -1.106 -9999 -9999 -1.075 -1.058 -1.065 -1.071 -1.079 -1.089 -1.084 -1.077 -1.063 -1.046 -1.043 -1.038 -1.024 -1.006 -1.025 -1.049 -1.039 -1.026 -1.022 -1.016 -1.011 -1.004 -0.997 -0.988 -0.971 -0.949 -0.954 -9999 -9999 -9999 -9999 -9999 -9999 -9999 -9999 -9999 -9999 -9999 -9999 -9999 -9999 -9999 -9999 -9999 -9999 -9999 -9999 -9999 -9999
-0.762 -9999 -0.784 -9999 -0.819 -0.839 -0.861 -0.882 -0.904 -0.918 -0.94 -0.968 -0.991 -1.01 -1.034 -1.057 -1.079 -1.104 -1.098 -1.087 -1.105 -1.119 -1.123 -1.121 -9999 -1.079 -1.064 -1.081 -1.087 -1.078 -1.086 -1.091 -1.082 -1.06 -1.05 -1.041 -1.041 -1.045 -1.032 -1.016 -1.031 -1.038 -1.03 -1.024 -1.019 -1.011 -1.009 -1.01 -1.006 -1.0 -0.989 -0.971 -0.962 -9999 -9999 -9999 -9999 -9999 -9999 -9999 -9999 -9999 -9999 -9999 -9999 -9999 -9999 -9999 -9999 -9999 -9999 -9999 -9999 -9999 -9999
-9999 -0.776 -9999 -9999 -9999 -0.852 -0.873 -0.893 -0.908 -0.921 -0.947 -0.975 -0.996 -1.016 -1.038 -1.061 -1.085 -1.111 -1.106 -1.096 -1.11 -1.124 -1.126 -1.121 -1.1 -1.069 -1.073 -1.08 -1.077 -1.071 -1.076 -1.082 -1.065 -1.044 -1.038 -1.03 -1.034 -1.038 -1.026 -1.011 -1.017 -1.024 -1.019 -1.013 -1.007 -0.999 -1.001 -1.001 -0.999 -0.994 -0.982 -0.966 -0.957 -9999 -9999 -9999 -9999 -9999 -9999 -9999 -9999 -9999 -9999 -9999 -9999 -9999 -9999 -9999 -9999 -9999 -9999 -9999 -9999 -9999 -9999
-0.778 -9999 -9999 -9999 -9999 -0.861 -0.885 -0.918 -9999 -0.938 -0.958 -0.966 -0.989 -1.02 -1.049 -1.085 -1.103 -1.107 -1.104 -1.098 -1.109 -1.111 -1.113 -1.123 -1.103 -1.08 -1.083 -1.076 -1.067 -1.045 -1.048 -1.048 -1.039 -1.04 -1.038 -1.041 -1.047 -1.052 -1.038 -1.011 -1.021 -1.036 -1.029 -1.009 -1.002 -0.987 -0.99 -0.995 -0.99 -0.976 -0.968 -0.961 -0.94 -9999 -9999 -9999 -9999 -9999 -9999 -9999 -9999 -9999 -9999 -9999 -9999 -9999 -9999 -9999 -9999 -9999 -9999 -9999 -9999 -9999 -9999
-0.793 -9999 -9999 -9999 -0.86 -9999 -9999 -0.928 -0.937 -0.944 -0.954 -0.961 -0.989 -1.019 -1.055 -1.093 -1.099 -1.103 -1.102 -1.097 -1.1 -1.097 -1.106 -1.112 -1.095 -1.076 -1.07 -1.063 -1.046 -1.025 -1.025 -1.025 -1.027 -1.028 -1.032 -1.035 -1.041 -1.047 -1.027 -1.002 -1.015 -1.03 -1.016 -0.997 -0.987 -0.973 -0.977 -0.982 -0.972 -0.959 -0.955 -0.951 -9999 -9999 -9999 -9999 -9999 -9999 -9999 -9999 -9999 -9999 -9999 -9999 -9999 -9999 -9999 -9999 -9999 -9999 -9999 -9999 -9999 -9999 -9999
-0.798 -0.824 -0.846 -9999 -9999 -9999 -0.909 -0.928 -9999 -0.972 -0.982 -0.988 -1.017 -1.046 -1.082 -1.116 -1.125 -1.127 -1.123 -1.102 -1.102 -1.1 -1.099 -1.085 -1.075 -1.073 -1.071 -1.071 -1.062 -1.058 -1.051 -1.022 -1.021 -1.013 -1.016 -1.021 -1.021 -1.012 -1.0 -1.0 -1.015 -1.037 -1.022 -0.998 -0.987 -0.967 -0.971 -0.974 -0.963 -0.946 -0.945 -9999 -9999 -9999 -9999 -9999 -9999 -9999 -9999 -9999 -9999 -9999 -9999 -9999 -9999 -9999 -9999 -9999 -9999 -9999 -9999 -9999 -9999 -9999 -9999
-0.802 -0.828 -0.85 -9999 -0.885 -0.897 -0.913 -0.928 -0.954 -0.981 -0.99 -0.998 -1.025 -1.054 -1.086 -1.121 -1.13 -1.133 -1.118 -1.095 -1.094 -1.089 -1.078 -1.064 -1.063 -1.062 -1.063 -1.064 -1.063 -1.06 -1.038 -1.011 -1.005 -0.997 -1.001 -1.005 -0.998 -0.989 -0.989 -0.989 -1.007 -1.028 -1.01 -0.988 -0.974 -0.955 -0.958 -0.96 -0.947 -0.93 -0.932 -9999 -9999 -9999 -9999 -9999 -9999 -9999 -9999 -9999 -9999 -9999 -9999 -9999 -9999 -9999 -9999 -9999 -9999 -9999 -9999 -9999 -9999 -9999 -9999
-0.812 -0.829 -0.849 -0.869 -0.888 -0.915 -9999 -0.961 -0.982 -0.991 -1.006 -1.029 -1.052 -1.067 -1.097 -1.123 -1.129 -1.121 -1.104 -1.087 -1.08 -1.066 -1.059 -1.058 -1.059 -1.062 -1.062 -1.057 -1.057 -1.06 -1.047 -1.041 -1.036 -1.022 -1.025 -1.02 -1.016 -1.013 -1.011 -0.998 -1.004 -0.988 -0.978 -0.978 -0.966 -0.953 -0.959 -0.969 -0.954 -0.929 -9999 -9999 -9999 -9999 -9999 -9999 -9999 -9999 -9999 -9999 -9999 -9999 -9999 -9999 -9999 -9999 -9999 -9999 -9999 -9999 -9999 -9999 -9999 -9999 -9999
-9999 -9999 -9999 -0.869 -0.897 -9999 -0.945 -0.974 -0.984 -0.993 -1.015 -1.038 -1.054 -1.069 -1.094 -1.12 -1.119 -1.106 -1.092 -1.071 -1.06 -1.047 -1.046 -1.044 -1.048 -1.052 -1.048 -1.044 -1.047 -1.05 -1.047 -1.043 -1.033 -1.021 -1.019 -1.015 -1.014 -1.012 -1.003 -0.991 -0.978 -0.962 -0.963 -0.963 -0.954 -0.941 -0.951 -0.961 -0.942 -0.918 -9999 -9999 -9999 -9999 -9999 -9999 -9999 -9999 -9999 -9999 -9999 -9999 -9999 -9999 -9999 -9999 -9999 -9999 -9999 -9999 -9999 -9999 -9999 -9999 -9999
-9999 -9999 -0.864 -0.879 -9999 -0.922 -0.945 -9999 -0.988 -1.002 -1.023 -1.045 -1.059 -1.072 -1.09 -1.097 -1.094 -1.088 -1.078 -1.074 -1.06 -1.036 -1.035 -1.033 -1.041 -1.057 -1.054 -1.047 -1.048 -1.042 -1.034 -1.016 -1.014 -1.024 -1.021 -1.015 -1.017 -1.02 -1.015 -1.011 -0.997 -0.971 -0.968 -0.954 -0.942 -0.92 -0.925 -0.924 -0.912 -0.907 -9999 -9999 -9999 -9999 -9999 -9999 -9999 -9999 -9999 -9999 -9999 -9999 -9999 -9999 -9999 -9999 -9999 -9999 -9999 -9999 -9999 -9999 -9999 -9999 -9999
-9999 -9999 -0.871 -9999 -9999 -0.922 -0.947 -0.975 -0.99 -1.003 -1.022 -1.042 -1.055 -1.067 -1.076 -1.077 -1.073 -1.067 -1.066 -1.063 -1.043 -1.021 -1.019 -1.018 -1.031 -1.047 -1.042 -1.037 -1.032 -1.027 -1.013 -0.995 -1.004 -1.014 -1.01 -1.004 -1.008 -1.011 -1.01 -1.006 -0.987 -0.963 -0.953 -0.939 -0.923 -0.902 -0.901 -0.899 -0.897 -0.892 -9999 -9999 -9999 -9999 -9999 -9999 -9999 -9999 -9999 -9999 -9999 -9999 -9999 -9999 -9999 -9999 -9999 -9999 -9999 -9999 -9999 -9999 -9999 -9999 -9999
-9999 -9999 -9999 -9999 -9999 -9999 -0.944 -0.963 -0.984 -1.018 -1.032 -1.034 -1.051 -1.075 -1.072 -1.048 -1.047 -1.051 -1.047 -1.033 -1.024 -1.027 -1.027 -1.024 -1.03 -1.02 -1.018 -1.019 -1.017 -1.016 -1.005 -0.997 -1.003 -1.001 -1.008 -1.035 -1.032 -1.008 -1.006 -0.999 -0.984 -0.965 -0.957 -0.948 -0.942 -0.944 -0.931 -0.888 -0.88 -9999 -9999 -9999 -9999 -9999 -9999 -9999 -9999 -9999 -9999 -9999 -9999 -9999 -9999 -9999 -9999 -9999 -9999 -9999 -9999 -9999 -9999 -9999 -9999 -9999 -9999
-9999 -9999 -9999 -9999 -0.919 -0.922 -9999 -0.956 -0.987 -1.021 -1.025 -1.026 -1.046 -1.066 -1.049 -1.026 -1.03 -1.034 -1.025 -1.012 -1.016 -1.02 -1.019 -1.017 -1.009 -1.0 -1.001 -1.003 -1.002 -1.001 -0.995 -0.988 -0.987 -0.985 -1.008 -1.035 -1.017 -0.995 -0.991 -0.985 -0.972 -0.955 -0.949 -0.94 -0.945 -0.948 -0.914 -0.873 -0.857 -9999 -9999 -9999 -9999 -9999 -9999 -9999 -9999 -9999 -9999 -9999 -9999 -9999 -9999 -9999 -9999 -9999 -9999 -9999 -9999 -9999 -9999 -9999 -9999 -9999 -9999
-9999 -9999 -9999 -0.914 -0.916 -0.933 -0.952 -0.974 -0.994 -0.999 -1.01 -1.032 -1.045 -1.043 -1.033 -1.035 -1.035 -1.024 -1.021 -1.018 -1.022 -1.024 -1.026 -1.031 -1.016 -0.981 -0.983 -0.988 -0.985 -0.976 -0.97 -0.963 -0.965 -0.973 -0.989 -0.997 -0.985 -0.983 -0.984 -0.991 -0.978 -0.958 -0.948 -0.925 -0.925 -0.916 -0.885 -0.853 -9999 -9999 -9999 -9999 -9999 -9999 -9999 -9999 -9999 -9999 -9999 -9999 -9999 -9999 -9999 -9999 -9999 -9999 -9999 -9999 -9999 -9999 -9999 -9999 -9999 -9999 -9999
-9999 -9999 -9999 -0.91 -9999 -0.933 -0.953 -0.973 -0.979 -0.983 -1.004 -1.027 -1.028 -1.023 -1.026 -1.028 -1.021 -1.011 -1.012 -1.011 -1.014 -1.015 -1.021 -1.026 -0.998 -0.965 -0.969 -0.974 -0.966 -0.957 -0.951 -0.944 -0.95 -0.958 -0.964 -0.97 -0.969 -0.966 -0.973 -0.981 -0.966 -0.948 -0.93 -0.908 -0.901 -0.892 -0.867 -0.836 -9999 -9999 -9999 -9999 -9999 -9999 -9999 -9999 -9999 -9999 -9999 -9999 -9999 -9999 -9999 -9999 -9999 -9999 -9999 -9999 -9999 -9999 -9999 -9999 -9999 -9999 -9999
-9999 -9999 -9999 -9999 -9999 -0.939 -0.953 -0.958 -0.966 -0.975 -0.994 -1.01 -1.016 -1.026 -1.021 -1.001 -1.0 -1.009 -1.005 -0.989 -0.991 -0.991 -0.993 -0.99 -0.972 -0.969 -0.971 -0.966 -0.96 -0.953 -0.949 -0.945 -0.947 -0.944 -0.949 -0.955 -0.955 -0.957 -0.965 -0.972 -0.956 -0.93 -0.914 -0.897 -0.881 -0.846 -0.832 -0.835 -9999 -9999 -9999 -9999 -9999 -9999 -9999 -9999 -9999 -9999 -9999 -9999 -9999 -9999 -9999 -9999 -9999 -9999 -9999 -9999 -9999 -9999 -9999 -9999 -9999 -9999 -9999
-9999 -9999 -9999 -0.903 -0.917 -0.936 -0.942 -0.946 -0.957 -0.966 -0.982 -0.997 -9999 -1.018 -1.002 -0.983 -0.99 -0.999 -0.988 -0.973 -0.974 -0.973 -0.97 -0.967 -0.965 -0.962 -0.959 -0.954 -0.949 -0.943 -0.94 -0.936 -0.932 -0.928 -0.933 -0.938 -0.94 -0.942 -0.949 -0.957 -0.936 -0.911 -0.898 -0.881 -0.853 -0.818 -0.822 -0.825 -9999 -9999 -9999 -9999 -9999 -9999 -9999 -9999 -9999 -9999 -9999 -9999 -9999 -9999 -9999 -9999 -9999 -9999 -9999 -9999 -9999 -9999 -9999 -9999 -9999 -9999 -9999
-0.859 -0.872 -0.884 -9999 -0.908 -0.917 -0.926 -0.937 -0.948 -0.96 -0.973 -9999 -0.987 -0.986 -0.981 -0.993 -0.992 -0.975 -0.967 -0.964 -0.964 -0.958 -0.96 -0.968 -0.964 -0.951 -0.953 -0.962 -0.954 -0.935 -0.929 -0.917 -0.915 -0.914 -0.919 -0.927 -0.93 -0.934 -0.93 -0.907 -0.89 -0.876 -0.863 -0.85 -0.832 -0.825 -0.816 -9999 -9999 -9999 -9999 -9999 -9999 -9999 -9999 -9999 -9999 -9999 -9999 -9999 -9999 -9999 -9999 -9999 -9999 -9999 -9999 -9999 -9999 -9999 -9999 -9999 -9999 -9999 -9999
-0.858 -0.864 -0.876 -0.893 -9999 -0.907 -0.917 -0.928 -0.94 -0.952 -0.961 -0.968 -0.967 -0.966 -0.976 -0.988 -0.975 -0.958 -0.956 -0.953 -0.95 -0.945 -0.952 -0.96 -0.951 -0.939 -0.947 -0.957 -0.942 -0.923 -0.913 -0.902 -0.9 -0.899 -0.905 -0.912 -0.915 -0.919 -0.899 -0.876 -0.865 -0.851 -0.84 -0.827 -0.824 -9999 -9999 -9999 -9999 -9999 -9999 -9999 -9999 -9999 -9999 -9999 -9999 -9999 -9999 -9999 -9999 -9999 -9999 -9999 -9999 -9999 -9999 -9999 -9999 -9999 -9999 -9999 -9999 -9999 -9999
-9999 -9999 -0.88 -9999 -0.9 -0.912 -0.919 -0.923 -0.932 -9999 -9999 -0.95 -0.954 -0.964 -0.966 -0.952 -0.948 -0.963 -0.961 -0.957 -0.956 -0.955 -0.958 -0.95 -0.948 -0.956 -0.957 -0.941 -0.932 -0.93 -0.924 -0.918 -0.912 -0.892 -0.895 -0.891 -0.895 -0.905 -0.886 -0.866 -0.852 -0.83 -0.821 -0.815 -9999 -9999 -9999 -9999 -9999 -9999 -9999 -9999 -9999 -9999 -9999 -9999 -9999 -9999 -9999 -9999 -9999 -9999 -9999 -9999 -9999 -9999 -9999 -9999 -9999 -9999 -9999 -9999 -9999 -9999 -9999
-0.852 -9999 -0.879 -0.892 -0.901 -0.912 -0.914 -0.916 -9999 -9999 -0.937 -0.937 -0.946 -0.957 -0.945 -0.93 -0.943 -0.957 -0.955 -0.951 -0.951 -0.951 -0.945 -0.938 -0.945 -0.954 -0.942 -0.926 -0.925 -0.924 -0.92 -0.916 -0.9 -0.881 -0.877 -0.872 -0.88 -0.888 -0.871 -0.851 -0.833 -0.811 -0.806 -0.799 -0.796 -9999 -9999 -9999 -9999 -9999 -9999 -9999 -9999 -9999 -9999 -9999 -9999 -9999 -9999 -9999 -9999 -9999 -9999 -9999 -9999 -9999 -9999 -9999 -9999 -9999 -9999 -9999 -9999 -9999 -9999
-0.853 -0.874 -0.884 -0.89 -0.898 -0.903 -0.913 -9999 -9999 -0.955 -0.952 -0.944 -0.957 -0.974 -0.967 -0.961 -0.971 -0.975 -0.965 -0.938 -0.938 -0.935 -0.943 -0.977 -0.986 -0.991 -0.974 -0.935 -0.935 -0.933 -0.925 -0.903 -0.891 -0.882 -0.876 -0.865 -0.868 -0.865 -0.85 -0.837 -0.82 -0.8 -0.797 -0.796 -9999 -9999 -9999 -9999 -9999 -9999 -9999 -9999 -9999 -9999 -9999 -9999 -9999 -9999 -9999 -9999 -9999 -9999 -9999 -9999 -9999 -9999 -9999 -9999 -9999 -9999 -9999 -9999 -9999 -9999 -9999
-0.851 -0.873 -9999 -9999 -0.893 -0.897 -9999 -9999 -9999 -0.97 -0.961 -0.941 -0.956 -0.973 -0.97 -0.966 -0.97 -0.973 -0.952 -0.926 -0.924 -0.921 -0.949 -0.983 -0.989 -0.996 -0.966 -0.929 -0.928 -0.927 -0.91 -0.889 -0.882 -0.873 -0.864 -0.852 -0.85 -0.847 -0.834 -0.821 -0.805 -0.786 -0.786 -0.785 -9999 -9999 -9999 -9999 -9999 -9999 -9999 -9999 -9999 -9999 -9999 -9999 -9999 -9999 -9999 -9999 -9999 -9999 -9999 -9999 -9999 -9999 -9999 -9999 -9999 -9999 -9999 -9999 -9999 -9999 -9999
-9999 -0.856 -0.865 -0.878 -9999 -9999 -9999 -9999 -0.912 -0.926 -0.926 -0.956 -0.96 -0.943 -0.946 -0.964 -0.968 -0.973 -0.957 -0.942 -0.947 -0.957 -0.978 -0.984 -0.982 -0.964 -0.94 -0.923 -0.923 -0.924 -0.915 -0.912 -0.902 -0.879 -0.867 -0.845 -0.834 -0.807 -0.798 -0.798 -0.794 -0.807 -0.799 -9999 -9999 -9999 -9999 -9999 -9999 -9999 -9999 -9999 -9999 -9999 -9999 -9999 -9999 -9999 -9999 -9999 -9999 -9999 -9999 -9999 -9999 -9999 -9999 -9999 -9999 -9999 -9999 -9999 -9999 -9999 -9999
