Validation/Results/raw data/ReClimate_03_2024_1_Temperature-Actualsweatherlogisticsltd.asc
NCOLS 192
NROWS 249
XLLCENTER -225160.85627316462
YLLCENTER 29788.11610251502
CELLSIZE 5000.0
NODATA_VALUE -9999
[rows 102 to 135 of 249, columns 77 to 153 of 192]
5.315 5.291 7.33 8.088 -9999 -9999 7.007 -9999 -9999 7.434 4.878 4.655 6.427 5.444 3.133 4.915 3.821 3.775 4.036 4.596 6.215 5.282 4.437 3.515 4.137 5.205 4.503 4.773 5.994 6.815 7.23 7.133 6.641 5.88 6.813 7.095 7.194 7.411 7.361 7.358 -9999 -9999 -9999 -9999 -9999 -9999 -9999 -9999 -9999 -9999 -9999 -9999 -9999 -9999 -9999 -9999 -9999 -9999 -9999 -9999 -9999 -9999 -9999 -9999 -9999 -9999 -9999 -9999 -9999 -9999 -9999 -9999 -9999 -9999 -9999 -9999 -9999
5.667 7.026 -9999 -9999 -9999 7.7 6.592 7.133 6.768 6.618 5.64 7.54 7.021 5.226 5.111 5.556 5.602 5.453 5.272 5.105 3.978 5.083 4.397 4.737 4.547 4.213 4.916 5.746 6.583 7.069 7.139 6.932 6.278 6.949 7.54 -9999 -9999 7.632 -9999 -9999 -9999 -9999 -9999 -9999 -9999 -9999 -9999 -9999 -9999 -9999 -9999 -9999 -9999 -9999 -9999 -9999 -9999 -9999 -9999 -9999 -9999 -9999 -9999 -9999 -9999 -9999 -9999 -9999 -9999 -9999 -9999 -9999 -9999 -9999 -9999 -9999 -9999
-9999 6.985 -9999 -9999 -9999 7.45 6.589 6.454 6.44 6.893 7.518 6.641 5.329 5.039 5.569 5.988 5.477 4.898 5.431 4.811 6.086 5.261 5.1 5.968 6.466 6.733 6.602 7.07 7.302 7.214 7.375 7.367 7.204 7.616 -9999 7.398 7.457 7.348 7.339 -9999 -9999 -9999 -9999 -9999 -9999 -9999 -9999 -9999 -9999 -9999 -9999 -9999 -9999 -9999 -9999 -9999 -9999 -9999 -9999 -9999 -9999 -9999 -9999 -9999 -9999 -9999 -9999 -9999 -9999 -9999 -9999 -9999 -9999 -9999 -9999 -9999 -9999
-9999 -9999 -9999 7.825 7.415 6.557 6.617 6.211 6.666 6.368 5.401 4.85 4.76 5.83 5.633 6.195 4.744 5.984 4.481 6.001 4.786 3.986 6.009 6.722 6.513 6.824 7.378 7.44 7.633 7.722 7.751 7.748 -9999 7.567 7.396 7.436 7.286 7.417 7.215 -9999 -9999 -9999 -9999 -9999 -9999 -9999 -9999 -9999 -9999 -9999 -9999 -9999 -9999 -9999 -9999 -9999 -9999 -9999 -9999 -9999 -9999 -9999 -9999 -9999 -9999 -9999 -9999 -9999 -9999 -9999 -9999 -9999 -9999 -9999 -9999 -9999 -9999
-9999 -9999 -9999 7.608 7.919 7.376 6.382 6.567 6.931 5.624 6.473 6.317 5.791 4.849 6.253 6.279 5.379 4.668 5.443 5.398 4.209 5.416 5.328 4.962 6.014 6.594 6.774 7.085 7.23 7.0 6.884 6.681 6.893 7.438 7.656 7.344 7.052 7.13 6.97 7.058 -9999 -9999 -9999 -9999 -9999 -9999 -9999 -9999 -9999 -9999 -9999 -9999 -9999 -9999 -9999 -9999 -9999 -9999 -9999 -9999 -9999 -9999 -9999 -9999 -9999 -9999 -9999 -9999 -9999 -9999 -9999 -9999 -9999 -9999 -9999 -9999 -9999
-9999 -9999 7.587 -9999 -9999 7.147 6.435 7.178 6.076 6.503 -9999 -9999 5.241 4.947 5.75 6.285 5.339 5.614 5.895 5.508 5.835 6.594 5.975 6.242 6.581 6.856 6.358 5.782 5.384 5.721 5.908 6.419 6.855 7.051 7.542 6.927 6.885 6.693 6.828 6.958 7.082 -9999 -9999 -9999 -9999 -9999 -9999 -9999 -9999 -9999 -9999 -9999 -9999 -9999 -9999 -9999 -9999 -9999 -9999 -9999 -9999 -9999 -9999 -9999 -9999 -9999 -9999 -9999 -9999 -9999 -9999 -9999 -9999 -9999 -9999 -9999 -9999
-9999 -9999 7.625 -9999 7.624 7.048 7.269 6.087 6.148 7.548 7.642 5.792 4.97 5.861 7.792 5.77 4.498 6.633 6.658 6.201 6.753 7.029 7.145 7.341 7.127 5.88 4.757 4.823 5.536 6.036 6.624 6.836 6.736 7.002 7.088 7.076 7.327 7.482 7.48 7.476 -9999 -9999 -9999 -9999 -9999 -9999 -9999 -9999 -9999 -9999 -9999 -9999 -9999 -9999 -9999 -9999 -9999 -9999 -9999 -9999 -9999 -9999 -9999 -9999 -9999 -9999 -9999 -9999 -9999 -9999 -9999 -9999 -9999 -9999 -9999 -9999 -9999
-9999 -9999 7.664 -9999 7.548 7.771 7.08 6.891 7.559 -9999 5.963 6.226 -9999 6.057 6.119 5.84 6.817 5.603 6.887 7.309 7.699 7.809 7.987 7.939 7.347 6.29 6.759 7.051 7.065 6.835 6.633 6.888 6.875 7.214 7.302 7.439 -9999 -9999 -9999 -9999 -9999 -9999 -9999 -9999 -9999 -9999 -9999 -9999 -9999 -9999 -9999 -9999 -9999 -9999 -9999 -9999 -9999 -9999 -9999 -9999 -9999 -9999 -9999 -9999 -9999 -9999 -9999 -9999 -9999 -9999 -9999 -9999 -9999 -9999 -9999 -9999 -9999
7.428 7.43 -9999 -9999 7.98 7.638 7.202 7.769 7.716 5.71 6.076 5.04 -9999 6.803 5.976 6.682 6.761 6.661 6.89 7.459 7.371 7.219 7.06 7.207 7.684 7.926 7.932 7.691 7.235 6.773 6.676 6.845 6.978 7.144 7.387 -9999 -9999 -9999 -9999 -9999 -9999 -9999 -9999 -9999 -9999 -9999 -9999 -9999 -9999 -9999 -9999 -9999 -9999 -9999 -9999 -9999 -9999 -9999 -9999 -9999 -9999 -9999 -9999 -9999 -9999 -9999 -9999 -9999 -9999 -9999 -9999 -9999 -9999 -9999 -9999 -9999 -9999
7.573 7.666 -9999 8.006 6.731 6.751 7.623 -9999 6.25 6.465 5.306 5.286 -9999 6.484 5.749 6.905 7.843 7.715 7.807 7.511 7.129 6.722 6.106 6.661 7.467 7.885 -9999 7.901 7.507 7.293 7.205 7.013 6.622 6.999 -9999 -9999 -9999 -9999 -9999 -9999 -9999 -9999 -9999 -9999 -9999 -9999 -9999 -9999 -9999 -9999 -9999 -9999 -9999 -9999 -9999 -9999 -9999 -9999 -9999 -9999 -9999 -9999 -9999 -9999 -9999 -9999 -9999 -9999 -9999 -9999 -9999 -9999 -9999 -9999 -9999 -9999 -9999
7.975 -9999 -9999 7.407 6.13 7.028 -9999 6.959 6.629 6.419 5.814 6.336 -9999 7.428 7.338 7.716 7.932 7.788 7.544 7.13 5.423 5.344 5.678 6.353 7.36 8.002 8.131 8.21 -9999 -9999 7.753 7.359 -9999 -9999 -9999 -9999 -9999 -9999 7.436 7.393 7.493 -9999 -9999 -9999 -9999 -9999 -9999 -9999 -9999 -9999 -9999 -9999 -9999 -9999 -9999 -9999 -9999 -9999 -9999 -9999 -9999 -9999 -9999 -9999 -9999 -9999 -9999 -9999 -9999 -9999 -9999 -9999 -9999 -9999 -9999 -9999 -9999
-9999 -9999 7.032 6.612 7.381 6.824 -9999 6.935 6.398 7.14 7.142 6.016 -9999 -9999 -9999 8.097 7.604 6.934 6.8 6.529 6.578 6.973 7.009 7.357 7.467 7.463 7.632 7.92 7.981 7.71 7.516 7.664 -9999 -9999 -9999 -9999 -9999 7.395 7.353 7.319 7.576 7.56 -9999 -9999 -9999 -9999 -9999 -9999 -9999 -9999 -9999 -9999 -9999 -9999 -9999 -9999 -9999 -9999 -9999 -9999 -9999 -9999 -9999 -9999 -9999 -9999 -9999 -9999 -9999 -9999 -9999 -9999 -9999 -9999 -9999 -9999 -9999
-9999 -9999 -9999 7.936 6.661 7.112 -9999 6.883 -9999 7.581 6.473 7.403 -9999 7.91 7.464 7.337 -9999 7.505 7.778 7.68 7.846 7.686 7.661 7.458 7.196 6.97 7.149 7.331 6.933 6.937 7.455 7.721 7.794 7.662 7.689 -9999 7.518 7.311 7.277 7.426 7.068 6.675 6.615 7.538 -9999 -9999 -9999 -9999 -9999 -9999 -9999 -9999 -9999 -9999 -9999 -9999 -9999 -9999 -9999 -9999 -9999 -9999 -9999 -9999 -9999 -9999 -9999 -9999 -9999 -9999 -9999 -9999 -9999 -9999 -9999 -9999 -9999
-9999 -9999 -9999 6.983 6.324 7.537 -9999 7.926 -9999 7.656 7.982 -9999 7.663 6.773 6.469 7.329 7.9 8.128 8.084 8.323 8.157 7.805 7.737 7.388 6.809 6.678 6.754 6.73 6.761 7.117 7.281 7.249 7.189 7.039 7.494 7.55 7.087 7.108 7.098 6.915 6.228 5.936 5.826 6.279 7.137 7.275 7.072 -9999 -9999 -9999 -9999 -9999 -9999 -9999 -9999 -9999 -9999 -9999 -9999 -9999 -9999 -9999 -9999 -9999 -9999 -9999 -9999 -9999 -9999 -9999 -9999 -9999 -9999 -9999 -9999 -9999 -9999
-9999 -9999 -9999 6.971 7.643 7.319 7.078 -9999 -9999 8.341 8.22 -9999 7.546 6.082 6.034 7.137 7.637 8.137 8.43 8.35 8.181 8.316 8.077 7.564 7.021 6.444 6.39 6.384 6.586 6.582 6.381 6.179 5.951 6.62 7.334 7.205 6.876 6.716 6.345 5.288 5.153 5.667 5.769 6.224 6.277 6.847 7.089 6.96 -9999 -9999 -9999 -9999 -9999 -9999 -9999 -9999 -9999 -9999 -9999 -9999 -9999 -9999 -9999 -9999 -9999 -9999 -9999 -9999 -9999 -9999 -9999 -9999 -9999 -9999 -9999 -9999 -9999
-9999 -9999 -9999 7.579 7.601 6.801 7.88 -9999 -9999 8.256 8.283 -9999 -9999 6.212 6.545 7.417 7.415 7.374 7.685 7.796 7.93 7.626 7.969 7.873 7.256 6.814 6.318 6.078 5.85 5.877 5.477 5.445 6.065 6.545 6.645 6.54 6.271 5.921 5.347 5.245 5.246 5.685 6.013 6.389 6.97 7.068 6.841 6.886 -9999 -9999 -9999 -9999 -9999 -9999 -9999 -9999 -9999 -9999 -9999 -9999 -9999 -9999 -9999 -9999 -9999 -9999 -9999 -9999 -9999 -9999 -9999 -9999 -9999 -9999 -9999 -9999 -9999
-9999 -9999 -9999 7.924 7.157 7.351 -9999 -9999 -9999 -9999 8.276 -9999 7.714 6.713 7.522 7.73 7.146 6.922 6.837 7.219 7.175 7.227 7.343 7.541 7.516 6.748 6.221 6.099 6.087 5.679 5.426 5.871 6.167 6.047 5.936 5.394 5.515 5.778 6.002 5.916 5.739 5.999 6.26 6.716 7.219 7.207 7.171 7.247 6.981 -9999 -9999 -9999 -9999 -9999 -9999 -9999 -9999 -9999 -9999 -9999 -9999 -9999 -9999 -9999 -9999 -9999 -9999 -9999 -9999 -9999 -9999 -9999 -9999 -9999 -9999 -9999 -9999
-9999 7.23 7.21 7.043 7.421 -9999 -9999 6.886 -9999 -9999 -9999 -9999 7.849 7.578 7.913 7.741 7.414 6.925 6.625 6.538 6.362 6.373 6.766 7.058 7.209 7.175 6.486 6.425 6.253 6.124 6.311 6.217 5.722 5.745 4.783 4.463 5.104 5.667 6.069 6.36 6.257 6.434 6.431 6.815 7.31 7.411 7.452 7.401 7.34 -9999 -9999 -9999 -9999 -9999 -9999 -9999 -9999 -9999 -9999 -9999 -9999 -9999 -9999 -9999 -9999 -9999 -9999 -9999 -9999 -9999 -9999 -9999 -9999 -9999 -9999 -9999 -9999
-9999 -9999 6.8 6.936 7.733 -9999 6.979 6.143 6.871 -9999 -9999 -9999 -9999 8.191 8.149 8.104 7.814 7.411 6.996 6.478 6.325 6.511 6.729 6.836 7.089 6.801 6.913 6.654 6.416 6.184 6.141 5.642 6.278 5.72 5.565 5.42 4.957 5.282 6.174 6.444 6.783 6.852 6.863 7.146 7.378 7.48 7.506 7.316 7.368 7.275 -9999 -9999 -9999 -9999 -9999 -9999 -9999 -9999 -9999 -9999 -9999 -9999 -9999 -9999 -9999 -9999 -9999 -9999 -9999 -9999 -9999 -9999 -9999 -9999 -9999 -9999 -9999
-9999 -9999 7.235 7.023 7.34 -9999 7.448 6.384 7.262 -9999 -9999 -9999 -9999 -9999 8.208 8.194 8.131 8.077 7.629 7.204 6.846 6.43 5.982 6.174 6.547 6.831 6.791 6.498 6.315 6.326 6.022 6.068 6.384 6.125 6.027 6.028 6.417 6.463 6.724 6.809 7.12 6.993 7.219 7.582 7.622 7.631 7.505 7.354 6.99 7.097 7.289 -9999 -9999 -9999 -9999 -9999 -9999 -9999 -9999 -9999 -9999 -9999 -9999 -9999 -9999 -9999 -9999 -9999 -9999 -9999 -9999 -9999 -9999 -9999 -9999 -9999 -9999
-9999 -9999 7.054 6.592 -9999 -9999 7.952 7.08 6.756 7.683 -9999 -9999 -9999 -9999 -9999 8.098 7.914 7.69 7.54 6.78 6.126 5.798 5.488 5.65 6.052 6.443 6.181 6.378 6.279 5.914 5.752 6.095 4.712 5.594 5.429 6.215 5.795 6.375 6.934 6.877 7.144 7.365 7.573 7.423 7.143 7.08 7.229 7.01 7.121 6.476 6.93 7.261 7.419 -9999 -9999 -9999 -9999 -9999 -9999 -9999 -9999 -9999 -9999 -9999 -9999 -9999 -9999 -9999 -9999 -9999 -9999 -9999 -9999 -9999 -9999 -9999 -9999
-9999 -9999 6.705 7.397 -9999 -9999 7.295 6.327 6.532 -9999 -9999 -9999 -9999 -9999 -9999 8.005 7.722 7.581 7.307 6.695 6.397 6.317 6.023 5.952 5.871 5.946 6.012 6.032 5.137 4.502 5.429 4.435 3.965 4.443 5.675 5.621 6.329 7.105 6.707 6.855 7.17 7.167 7.213 7.268 7.07 7.021 6.456 6.129 6.571 6.362 6.275 7.017 7.394 -9999 -9999 -9999 -9999 -9999 -9999 -9999 -9999 -9999 -9999 -9999 -9999 -9999 -9999 -9999 -9999 -9999 -9999 -9999 -9999 -9999 -9999 -9999 -9999
-9999 -9999 7.054 7.933 -9999 -9999 -9999 7.454 7.216 7.37 -9999 -9999 -9999 -9999 -9999 8.043 7.779 7.599 7.374 6.99 6.793 6.158 5.419 5.18 5.68 5.631 6.111 5.86 5.138 5.006 5.504 3.997 4.602 5.354 5.116 5.642 6.714 6.473 6.756 6.739 6.917 7.236 7.06 6.83 6.815 6.394 5.079 5.256 5.656 6.312 6.331 6.706 7.238 -9999 -9999 -9999 -9999 -9999 -9999 -9999 -9999 -9999 -9999 -9999 -9999 -9999 -9999 -9999 -9999 -9999 -9999 -9999 -9999 -9999 -9999 -9999 -9999
-9999 6.617 7.037 7.699 -9999 -9999 -9999 -9999 -9999 -9999 -9999 -9999 -9999 -9999 -9999 7.745 7.465 7.379 7.148 6.858 6.614 5.855 5.459 5.435 5.722 5.854 5.522 5.513 4.732 4.94 4.304 3.971 4.665 5.406 5.153 5.641 5.9 6.43 6.456 6.848 6.835 6.704 6.863 6.528 6.349 5.253 5.027 4.764 5.831 6.634 6.843 6.915 7.162 7.668 -9999 -9999 -9999 -9999 -9999 -9999 -9999 -9999 -9999 -9999 -9999 -9999 -9999 -9999 -9999 -9999 -9999 -9999 -9999 -9999 -9999 -9999 -9999
6.546 6.582 6.666 7.78 -9999 -9999 -9999 -9999 -9999 -9999 -9999 -9999 -9999 8.001 7.807 7.611 7.172 6.651 6.296 6.444 6.437 6.307 6.123 6.529 6.038 5.16 5.273 5.271 5.265 5.646 5.146 4.232 5.62 5.45 5.464 5.643 6.083 6.473 6.879 6.361 6.455 6.658 6.522 6.233 5.483 5.313 5.264 5.313 6.022 7.049 7.274 7.11 7.261 7.537 -9999 -9999 -9999 -9999 -9999 -9999 -9999 -9999 -9999 -9999 -9999 -9999 -9999 -9999 -9999 -9999 -9999 -9999 -9999 -9999 -9999 -9999 -9999
6.561 7.102 7.967 -9999 -9999 -9999 -9999 -9999 -9999 -9999 -9999 -9999 -9999 7.939 7.975 7.613 6.771 6.252 6.299 5.695 5.335 5.436 5.445 5.821 5.949 6.093 5.915 5.442 5.809 6.322 5.938 5.53 4.827 5.35 5.179 5.835 6.204 6.851 6.444 6.282 6.37 6.275 5.85 5.272 5.008 5.482 5.873 6.199 6.696 6.685 6.729 7.029 7.21 7.505 -9999 -9999 -9999 -9999 -9999 -9999 -9999 -9999 -9999 -9999 -9999 -9999 -9999 -9999 -9999 -9999 -9999 -9999 -9999 -9999 -9999 -9999 -9999
-9999 -9999 -9999 -9999 -9999 -9999 -9999 -9999 -9999 -9999 -9999 -9999 -9999 7.932 7.82 6.849 6.561 6.261 6.009 5.141 5.081 4.497 4.945 5.368 5.86 6.105 5.779 4.54 5.198 6.565 6.57 5.196 5.12 5.42 5.528 5.478 6.216 5.774 5.599 5.884 5.484 5.157 4.831 5.687 5.85 5.942 6.056 6.253 7.021 7.172 7.034 7.182 7.512 7.685 -9999 -9999 -9999 -9999 -9999 -9999 -9999 -9999 -9999 -9999 -9999 -9999 -9999 -9999 -9999 -9999 -9999 -9999 -9999 -9999 -9999 -9999 -9999
-9999 -9999 -9999 -9999 -9999 -9999 -9999 -9999 -9999 -9999 -9999 -9999 7.742 7.292 6.562 6.542 5.987 6.124 6.026 5.893 4.877 4.95 4.855 5.242 5.607 6.602 6.146 5.572 5.854 6.441 6.595 6.117 5.889 5.787 5.6 5.6 5.136 5.866 6.114 5.828 5.481 4.408 5.338 5.274 5.788 6.316 6.155 6.283 6.211 7.006 7.441 7.608 7.693 7.781 -9999 -9999 -9999 -9999 -9999 -9999 -9999 -9999 -9999 -9999 -9999 -9999 -9999 -9999 -9999 -9999 -9999 -9999 -9999 -9999 -9999 -9999 -9999
-9999 -9999 -9999 -9999 -9999 -9999 -9999 -9999 -9999 -9999 -9999 -9999 7.25 6.873 6.47 5.509 5.71 6.18 6.124 5.355 6.015 5.524 5.35 5.701 6.203 7.164 6.983 6.416 6.132 6.255 7.021 6.662 6.461 6.331 6.188 5.349 6.291 5.726 6.103 6.058 4.648 5.834 5.412 5.603 6.147 6.12 6.557 6.367 5.977 6.527 7.129 7.355 7.603 7.842 -9999 -9999 -9999 -9999 -9999 -9999 -9999 -9999 -9999 -9999 -9999 -9999 -9999 -9999 -9999 -9999 -9999 -9999 -9999 -9999 -9999 -9999 -9999
-9999 -9999 -9999 -9999 -9999 -9999 -9999 -9999 -9999 -9999 -9999 7.504 6.924 7.008 5.979 6.186 5.809 4.915 5.445 6.011 6.28 5.808 6.024 6.184 6.241 6.654 6.765 6.48 6.514 7.337 7.322 6.929 6.397 6.308 5.538 6.497 6.182 5.742 6.48 5.4 5.287 6.008 6.288 6.538 6.128 6.224 6.35 6.057 6.383 6.772 7.175 7.391 7.576 7.845 7.951 -9999 -9999 -9999 -9999 -9999 -9999 -9999 -9999 -9999 -9999 -9999 -9999 -9999 -9999 -9999 -9999 -9999 -9999 -9999 -9999 -9999 -9999
-9999 -9999 -9999 -9999 -9999 -9999 -9999 -9999 -9999 -9999 7.44 7.181 7.079 7.07 6.884 6.661 5.913 5.924 5.757 5.432 6.692 6.664 6.505 6.211 6.211 6.507 6.875 7.323 7.516 7.202 7.462 7.106 6.629 6.269 6.521 6.813 6.497 6.497 6.705 5.593 5.303 5.687 5.909 6.107 6.248 6.594 6.513 6.199 6.673 6.949 7.173 7.367 7.695 7.88 8.033 -9999 -9999 -9999 -9999 -9999 -9999 -9999 -9999 -9999 -9999 -9999 -9999 -9999 -9999 -9999 -9999 -9999 -9999 -9999 -9999 -9999 -9999
-9999 -9999 -9999 -9999 -9999 -9999 -9999 -9999 -9999 -9999 7.283 6.095 6.907 7.058 7.149 7.305 6.592 5.283 5.426 6.558 6.819 7.057 6.835 6.618 6.414 6.236 7.446 7.861 7.618 7.533 7.136 7.199 6.739 6.861 6.838 7.092 6.869 6.945 6.442 6.111 5.716 5.619 5.873 5.982 6.576 6.947 6.754 6.657 6.646 6.844 7.243 7.643 7.73 7.855 7.99 -9999 -9999 -9999 -9999 -9999 -9999 -9999 -9999 -9999 -9999 -9999 -9999 -9999 -9999 -9999 -9999 -9999 -9999 -9999 -9999 -9999 -9999
-9999 -9999 -9999 -9999 -9999 -9999 -9999 -9999 -9999 7.467 6.277 6.579 6.733 6.906 7.299 7.473 6.545 5.968 6.316 6.394 6.876 7.013 7.145 6.786 6.402 7.096 7.376 7.625 7.879 7.453 7.439 7.266 7.322 7.207 7.264 7.398 7.344 6.889 7.02 6.506 5.783 6.011 6.03 6.216 6.357 6.86 6.993 7.303 6.957 6.984 7.313 7.728 7.942 7.89 7.937 8.194 -9999 -9999 -9999 -9999 -9999 -9999 -9999 -9999 -9999 -9999 -9999 -9999 -9999 -9999 -9999 -9999 -9999 -9999 -9999 -9999 -9999
-9999 -9999 -9999 -9999 -9999 -9999 -9999 -9999 7.669 -9999 7.202 6.726 6.745 6.936 7.422 7.808 7.352 7.18 6.541 6.052 6.672 7.171 7.35 7.313 7.313 7.38 7.423 7.594 7.77 7.513 7.746 7.709 7.669 7.607 7.715 7.774 7.665 7.491 7.202 6.844 6.85 6.562 6.495 6.481 6.807 7.222 7.792 7.141 6.803 7.179 7.492 7.735 7.906 8.037 8.099 8.128 -9999 -9999 -9999 -9999 -9999 -9999 -9999 -9999 -9999 -9999 -9999 -9999 -9999 -9999 -9999 -9999 -9999 -9999 -9999 -9999 -9999
