Validation/Results/raw data/ReClimate_04_2024_1_Precipitation-Actuals.asc
NCOLS 192
NROWS 249
XLLCENTER -225160.85627316462
YLLCENTER 29788.11610251502
CELLSIZE 5000.0
NODATA_VALUE -9999
[rows 99 to 131 of 249, columns 75 to 149 of 192]
129.069 132.385 132.894 146.415 157.089 158.915 158.574 -9999 -9999 124.308 156.261 163.843 177.045 168.758 184.826 176.283 144.214 136.809 124.085 121.926 121.155 114.369 102.318 93.152 88.23 78.026 77.769 75.309 72.919 72.924 71.329 70.312 69.263 65.458 62.225 55.686 51.785 51.492 54.268 53.496 52.037 52.01 51.897 49.317 -9999 -9999 -9999 -9999 -9999 -9999 -9999 -9999 -9999 -9999 -9999 -9999 -9999 -9999 -9999 -9999 -9999 -9999 -9999 -9999 -9999 -9999 -9999 -9999 -9999 -9999 -9999 -9999 -9999 -9999 -9999
138.799 126.247 -9999 -9999 136.252 146.805 -9999 -9999 -9999 116.589 149.248 191.12 182.612 200.316 174.214 148.073 143.315 149.463 147.25 131.813 127.345 111.036 109.865 108.058 93.021 77.641 86.432 94.306 92.873 82.164 74.909 67.733 64.703 56.333 53.443 51.368 52.649 57.695 57.388 57.501 57.258 56.205 50.363 47.114 -9999 -9999 -9999 -9999 -9999 -9999 -9999 -9999 -9999 -9999 -9999 -9999 -9999 -9999 -9999 -9999 -9999 -9999 -9999 -9999 -9999 -9999 -9999 -9999 -9999 -9999 -9999 -9999 -9999 -9999 -9999
-9999 129.742 134.081 146.057 -9999 -9999 -9999 -9999 123.015 124.252 164.212 169.308 171.302 180.656 163.576 157.308 161.258 179.622 158.217 153.676 120.588 115.129 114.694 96.354 82.213 95.196 112.301 111.151 92.499 85.449 77.284 70.282 60.113 54.81 53.69 57.299 62.584 55.638 55.255 56.474 57.216 52.953 47.068 -9999 -9999 -9999 -9999 -9999 -9999 -9999 -9999 -9999 -9999 -9999 -9999 -9999 -9999 -9999 -9999 -9999 -9999 -9999 -9999 -9999 -9999 -9999 -9999 -9999 -9999 -9999 -9999 -9999 -9999 -9999 -9999
154.919 181.587 197.322 204.414 162.599 140.26 -9999 -9999 118.307 -9999 -9999 130.494 180.712 175.99 151.572 163.498 205.587 210.685 181.67 164.874 135.576 118.055 99.063 101.107 109.996 120.433 116.114 105.739 105.692 94.935 77.41 65.407 58.28 55.616 58.306 64.532 55.258 53.099 52.431 52.581 50.915 49.238 -9999 -9999 -9999 -9999 -9999 -9999 -9999 -9999 -9999 -9999 -9999 -9999 -9999 -9999 -9999 -9999 -9999 -9999 -9999 -9999 -9999 -9999 -9999 -9999 -9999 -9999 -9999 -9999 -9999 -9999 -9999 -9999 -9999
149.561 173.489 206.253 178.26 -9999 -9999 -9999 118.907 130.342 129.617 135.113 144.24 153.09 135.07 139.965 168.304 198.955 176.82 153.787 145.358 129.235 120.158 119.197 106.111 116.34 106.812 105.167 107.739 95.895 83.585 70.793 62.001 57.777 56.045 58.565 53.062 50.047 -9999 -9999 48.876 -9999 -9999 -9999 -9999 -9999 -9999 -9999 -9999 -9999 -9999 -9999 -9999 -9999 -9999 -9999 -9999 -9999 -9999 -9999 -9999 -9999 -9999 -9999 -9999 -9999 -9999 -9999 -9999 -9999 -9999 -9999 -9999 -9999 -9999 -9999
140.933 169.792 -9999 159.64 -9999 -9999 -9999 124.081 138.99 142.357 136.49 127.713 134.928 146.042 163.889 178.715 172.995 158.726 157.331 164.945 149.799 117.485 106.108 115.024 117.51 99.863 85.207 78.437 74.615 67.579 60.752 58.729 55.309 52.947 52.471 49.322 -9999 52.295 48.849 47.026 50.125 -9999 -9999 -9999 -9999 -9999 -9999 -9999 -9999 -9999 -9999 -9999 -9999 -9999 -9999 -9999 -9999 -9999 -9999 -9999 -9999 -9999 -9999 -9999 -9999 -9999 -9999 -9999 -9999 -9999 -9999 -9999 -9999 -9999 -9999
123.139 -9999 -9999 -9999 -9999 128.149 129.941 140.231 142.596 149.096 138.809 147.01 163.431 162.393 166.965 167.953 180.69 164.967 168.698 154.125 142.26 125.187 130.776 136.296 109.174 92.156 87.593 79.997 68.349 60.952 55.761 52.573 53.488 53.07 -9999 52.875 52.889 49.217 48.925 47.578 51.331 -9999 -9999 -9999 -9999 -9999 -9999 -9999 -9999 -9999 -9999 -9999 -9999 -9999 -9999 -9999 -9999 -9999 -9999 -9999 -9999 -9999 -9999 -9999 -9999 -9999 -9999 -9999 -9999 -9999 -9999 -9999 -9999 -9999 -9999
-9999 -9999 -9999 -9999 -9999 131.427 116.562 123.865 148.006 156.852 148.028 155.058 144.736 140.977 159.942 192.229 185.513 163.955 160.402 153.919 129.181 126.685 141.917 117.482 116.137 114.146 91.888 76.433 71.663 66.372 61.783 62.254 63.211 64.231 61.359 55.855 53.308 52.104 55.332 54.046 54.968 52.094 -9999 -9999 -9999 -9999 -9999 -9999 -9999 -9999 -9999 -9999 -9999 -9999 -9999 -9999 -9999 -9999 -9999 -9999 -9999 -9999 -9999 -9999 -9999 -9999 -9999 -9999 -9999 -9999 -9999 -9999 -9999 -9999 -9999
-9999 -9999 -9999 -9999 125.138 -9999 -9999 129.909 151.044 152.341 157.166 146.507 -9999 -9999 172.329 200.024 198.37 161.726 152.999 138.452 123.806 125.295 117.946 110.776 101.206 86.041 76.463 75.669 79.25 85.788 86.776 77.727 71.186 63.446 63.065 60.789 54.335 58.996 56.312 60.28 57.942 53.517 51.47 -9999 -9999 -9999 -9999 -9999 -9999 -9999 -9999 -9999 -9999 -9999 -9999 -9999 -9999 -9999 -9999 -9999 -9999 -9999 -9999 -9999 -9999 -9999 -9999 -9999 -9999 -9999 -9999 -9999 -9999 -9999 -9999
-9999 -9999 -9999 -9999 117.739 -9999 115.936 123.039 132.568 161.677 165.91 135.59 138.166 159.848 177.863 182.364 150.75 156.954 167.329 132.185 121.448 114.473 106.059 90.663 80.273 72.295 74.664 82.838 102.791 104.404 88.789 78.161 65.347 62.035 61.923 59.543 57.925 55.455 53.844 52.66 52.33 50.271 -9999 -9999 -9999 -9999 -9999 -9999 -9999 -9999 -9999 -9999 -9999 -9999 -9999 -9999 -9999 -9999 -9999 -9999 -9999 -9999 -9999 -9999 -9999 -9999 -9999 -9999 -9999 -9999 -9999 -9999 -9999 -9999 -9999
-9999 -9999 -9999 -9999 110.34 -9999 100.625 97.393 124.217 139.67 125.683 -9999 163.763 159.932 -9999 156.856 154.074 159.2 135.744 138.481 114.697 101.27 83.293 77.069 72.265 72.281 68.312 80.17 77.139 72.591 71.348 68.602 65.747 61.638 61.604 58.498 55.443 52.728 -9999 -9999 -9999 -9999 -9999 -9999 -9999 -9999 -9999 -9999 -9999 -9999 -9999 -9999 -9999 -9999 -9999 -9999 -9999 -9999 -9999 -9999 -9999 -9999 -9999 -9999 -9999 -9999 -9999 -9999 -9999 -9999 -9999 -9999 -9999 -9999 -9999
-9999 -9999 99.646 103.328 -9999 -9999 87.773 106.02 118.701 113.905 125.78 161.876 158.494 169.111 -9999 119.863 129.329 130.274 122.322 110.345 108.235 87.819 86.058 85.15 84.794 78.852 68.907 63.395 60.281 62.116 61.765 64.1 65.078 63.27 63.456 59.035 53.972 -9999 -9999 -9999 -9999 -9999 -9999 -9999 -9999 -9999 -9999 -9999 -9999 -9999 -9999 -9999 -9999 -9999 -9999 -9999 -9999 -9999 -9999 -9999 -9999 -9999 -9999 -9999 -9999 -9999 -9999 -9999 -9999 -9999 -9999 -9999 -9999 -9999 -9999
-9999 88.61 94.394 98.624 -9999 96.078 109.868 124.363 113.79 -9999 144.813 147.759 162.949 163.807 -9999 119.301 127.427 113.28 93.493 95.004 87.713 91.859 103.036 91.874 95.936 86.113 76.785 66.963 -9999 54.487 55.755 57.588 58.235 60.207 61.287 57.232 -9999 -9999 -9999 -9999 -9999 -9999 -9999 -9999 -9999 -9999 -9999 -9999 -9999 -9999 -9999 -9999 -9999 -9999 -9999 -9999 -9999 -9999 -9999 -9999 -9999 -9999 -9999 -9999 -9999 -9999 -9999 -9999 -9999 -9999 -9999 -9999 -9999 -9999 -9999
-9999 83.364 90.152 -9999 -9999 108.559 126.649 117.721 -9999 125.745 138.835 146.881 156.529 148.062 -9999 108.877 98.78 93.051 92.101 91.702 91.111 100.139 111.896 112.428 106.649 96.114 77.821 64.902 56.66 53.003 -9999 -9999 50.406 47.518 -9999 -9999 -9999 -9999 -9999 -9999 46.009 46.957 47.821 -9999 -9999 -9999 -9999 -9999 -9999 -9999 -9999 -9999 -9999 -9999 -9999 -9999 -9999 -9999 -9999 -9999 -9999 -9999 -9999 -9999 -9999 -9999 -9999 -9999 -9999 -9999 -9999 -9999 -9999 -9999 -9999
83.482 94.593 -9999 -9999 103.112 111.422 105.863 117.703 -9999 120.774 133.616 132.951 133.986 141.138 -9999 -9999 -9999 92.237 90.814 93.576 96.59 99.663 101.685 98.0 91.639 82.49 73.397 66.687 61.953 57.463 53.291 52.292 46.97 49.493 -9999 -9999 -9999 -9999 -9999 48.029 46.289 53.638 49.282 48.188 -9999 -9999 -9999 -9999 -9999 -9999 -9999 -9999 -9999 -9999 -9999 -9999 -9999 -9999 -9999 -9999 -9999 -9999 -9999 -9999 -9999 -9999 -9999 -9999 -9999 -9999 -9999 -9999 -9999 -9999 -9999
96.347 95.886 -9999 -9999 -9999 87.75 108.789 110.043 -9999 107.899 -9999 113.746 126.64 116.014 -9999 97.494 100.637 96.633 -9999 83.769 81.373 84.359 83.345 80.928 80.658 77.007 72.599 69.222 67.096 61.856 61.16 57.112 51.608 51.457 49.688 51.303 50.934 -9999 48.067 48.306 51.283 51.628 55.852 60.181 61.156 48.052 -9999 -9999 -9999 -9999 -9999 -9999 -9999 -9999 -9999 -9999 -9999 -9999 -9999 -9999 -9999 -9999 -9999 -9999 -9999 -9999 -9999 -9999 -9999 -9999 -9999 -9999 -9999 -9999 -9999
97.251 -9999 -9999 -9999 -9999 98.536 112.547 98.752 -9999 93.446 -9999 102.166 99.732 -9999 107.561 115.033 121.606 107.465 86.826 76.781 73.385 73.539 72.765 73.467 69.142 70.049 71.181 70.752 68.792 64.953 62.36 56.426 52.051 57.357 58.687 60.865 54.358 53.816 52.381 50.816 51.471 55.544 66.217 69.706 67.84 62.527 54.101 50.578 52.333 -9999 -9999 -9999 -9999 -9999 -9999 -9999 -9999 -9999 -9999 -9999 -9999 -9999 -9999 -9999 -9999 -9999 -9999 -9999 -9999 -9999 -9999 -9999 -9999 -9999 -9999
87.683 -9999 -9999 -9999 -9999 102.296 95.705 99.564 103.697 -9999 -9999 84.841 89.024 -9999 100.724 121.154 133.673 111.563 91.34 78.262 75.507 71.516 70.985 64.326 62.988 65.081 68.23 71.739 70.715 69.748 65.153 63.232 66.494 67.527 72.038 63.709 54.385 51.578 53.809 53.451 60.402 72.796 74.72 71.295 70.879 66.458 65.007 60.202 53.356 52.513 -9999 -9999 -9999 -9999 -9999 -9999 -9999 -9999 -9999 -9999 -9999 -9999 -9999 -9999 -9999 -9999 -9999 -9999 -9999 -9999 -9999 -9999 -9999 -9999 -9999
-9999 -9999 -9999 -9999 -9999 86.259 86.979 103.514 91.258 -9999 -9999 84.923 84.831 -9999 -9999 118.881 118.554 105.616 92.308 89.758 83.023 79.826 73.797 71.593 62.927 61.633 67.614 69.175 73.743 74.611 76.117 71.718 72.508 74.248 67.746 60.809 59.078 58.85 59.362 64.085 72.773 74.258 75.217 70.827 66.534 63.363 58.94 57.578 56.186 53.286 -9999 -9999 -9999 -9999 -9999 -9999 -9999 -9999 -9999 -9999 -9999 -9999 -9999 -9999 -9999 -9999 -9999 -9999 -9999 -9999 -9999 -9999 -9999 -9999 -9999
-9999 -9999 -9999 -9999 -9999 76.794 91.36 98.379 -9999 -9999 -9999 -9999 81.002 -9999 85.399 103.855 104.73 94.632 91.1 94.85 93.179 86.273 81.497 74.52 68.476 64.492 62.039 66.416 70.354 74.224 72.987 72.793 72.756 67.497 64.758 65.946 66.951 71.886 69.106 67.66 66.957 65.124 65.142 64.886 64.13 60.182 52.9 50.405 53.339 52.723 51.944 -9999 -9999 -9999 -9999 -9999 -9999 -9999 -9999 -9999 -9999 -9999 -9999 -9999 -9999 -9999 -9999 -9999 -9999 -9999 -9999 -9999 -9999 -9999 -9999
-9999 -9999 -9999 82.34 81.3 84.223 91.465 -9999 -9999 107.491 -9999 -9999 -9999 -9999 81.695 91.445 91.601 87.914 88.75 90.606 93.696 90.287 89.595 83.803 74.024 66.968 63.636 61.826 64.86 64.771 63.164 66.433 62.357 65.291 71.667 72.308 82.72 85.123 77.301 71.244 62.642 52.225 60.55 60.553 62.553 59.702 52.031 49.251 52.47 51.716 50.028 -9999 -9999 -9999 -9999 -9999 -9999 -9999 -9999 -9999 -9999 -9999 -9999 -9999 -9999 -9999 -9999 -9999 -9999 -9999 -9999 -9999 -9999 -9999 -9999
-9999 -9999 -9999 -9999 86.514 89.115 95.316 -9999 104.373 117.627 119.723 -9999 -9999 -9999 -9999 75.962 77.5 77.902 79.443 82.765 84.492 87.861 87.482 84.018 75.547 68.875 62.157 63.091 59.456 56.733 57.577 65.463 65.753 72.829 67.232 73.596 76.716 78.649 80.628 74.724 60.804 60.522 58.766 56.679 57.41 57.246 51.228 50.397 51.515 53.126 51.83 51.015 -9999 -9999 -9999 -9999 -9999 -9999 -9999 -9999 -9999 -9999 -9999 -9999 -9999 -9999 -9999 -9999 -9999 -9999 -9999 -9999 -9999 -9999 -9999
-9999 -9999 -9999 -9999 86.478 94.721 103.207 -9999 86.721 114.022 123.163 -9999 -9999 -9999 -9999 -9999 67.737 69.929 73.358 78.806 77.008 78.035 82.612 83.452 86.829 80.483 74.285 68.146 62.203 58.844 62.432 64.023 64.956 71.11 70.479 69.321 73.124 73.47 65.871 64.061 60.361 62.588 66.503 57.757 55.967 51.617 49.783 49.175 51.048 53.43 56.596 53.221 51.046 -9999 -9999 -9999 -9999 -9999 -9999 -9999 -9999 -9999 -9999 -9999 -9999 -9999 -9999 -9999 -9999 -9999 -9999 -9999 -9999 -9999 -9999
-9999 -9999 -9999 -9999 89.388 102.46 -9999 -9999 78.033 105.413 119.496 100.022 -9999 -9999 -9999 -9999 -9999 63.188 71.979 75.302 75.267 84.198 92.136 92.794 93.065 87.088 83.407 76.5 73.283 68.248 69.132 70.896 78.165 77.122 87.747 78.93 83.002 72.786 76.693 71.774 62.805 64.833 56.504 53.894 52.22 52.816 54.499 57.163 54.17 55.679 55.977 59.596 54.353 51.332 48.67 -9999 -9999 -9999 -9999 -9999 -9999 -9999 -9999 -9999 -9999 -9999 -9999 -9999 -9999 -9999 -9999 -9999 -9999 -9999 -9999
-9999 -9999 -9999 -9999 96.331 84.347 -9999 -9999 85.628 103.566 105.115 -9999 -9999 -9999 -9999 -9999 -9999 60.53 65.245 68.876 70.396 78.875 80.283 84.071 86.166 85.916 87.486 81.11 78.057 77.467 85.494 96.202 88.866 98.757 101.376 96.075 80.509 79.981 75.217 65.834 63.832 60.48 56.679 57.005 57.122 55.04 55.212 61.272 69.808 68.22 60.006 59.363 59.007 54.881 50.56 -9999 -9999 -9999 -9999 -9999 -9999 -9999 -9999 -9999 -9999 -9999 -9999 -9999 -9999 -9999 -9999 -9999 -9999 -9999 -9999
-9999 -9999 -9999 -9999 88.217 77.676 -9999 -9999 -9999 85.583 89.404 83.546 -9999 -9999 -9999 -9999 -9999 58.164 62.056 63.329 65.698 69.912 73.297 83.253 93.048 97.628 88.958 87.463 81.765 78.951 86.919 90.746 95.194 112.18 104.359 91.81 90.045 81.748 72.193 71.09 65.108 63.103 59.434 56.013 58.903 57.806 60.731 72.063 85.554 80.327 68.297 60.685 60.374 58.985 52.979 -9999 -9999 -9999 -9999 -9999 -9999 -9999 -9999 -9999 -9999 -9999 -9999 -9999 -9999 -9999 -9999 -9999 -9999 -9999 -9999
-9999 -9999 -9999 98.166 85.927 78.047 -9999 -9999 -9999 -9999 -9999 -9999 -9999 -9999 -9999 -9999 -9999 64.362 67.39 66.786 67.977 71.92 75.499 83.607 91.871 96.811 94.804 94.905 97.58 93.374 97.103 100.434 113.933 118.163 115.812 112.592 100.418 88.719 83.09 72.021 69.662 63.194 60.187 61.333 59.437 63.136 70.063 85.05 86.27 82.108 67.016 57.868 56.72 56.193 52.51 47.228 -9999 -9999 -9999 -9999 -9999 -9999 -9999 -9999 -9999 -9999 -9999 -9999 -9999 -9999 -9999 -9999 -9999 -9999 -9999
-9999 -9999 99.145 96.682 89.119 74.6 -9999 -9999 -9999 -9999 -9999 -9999 -9999 -9999 -9999 67.849 66.619 68.432 73.643 77.264 85.206 88.485 96.378 95.001 91.027 85.691 95.795 108.44 107.869 109.935 107.348 101.094 101.256 120.575 113.683 111.142 100.564 93.099 81.896 71.805 66.275 69.87 69.316 62.681 62.169 67.988 76.497 75.659 81.345 79.818 68.116 56.157 53.905 57.155 54.402 48.386 -9999 -9999 -9999 -9999 -9999 -9999 -9999 -9999 -9999 -9999 -9999 -9999 -9999 -9999 -9999 -9999 -9999 -9999 -9999
-9999 -9999 95.856 82.707 70.994 -9999 -9999 -9999 -9999 -9999 -9999 -9999 -9999 -9999 -9999 67.966 66.745 69.837 81.635 90.231 91.925 108.187 117.804 111.427 101.767 100.993 97.39 100.325 109.96 115.78 109.522 96.87 101.571 109.418 117.495 109.23 105.739 95.363 86.293 75.102 75.573 76.344 71.969 69.617 76.342 80.851 79.249 74.888 71.064 68.723 63.083 62.31 61.659 58.266 55.195 48.046 -9999 -9999 -9999 -9999 -9999 -9999 -9999 -9999 -9999 -9999 -9999 -9999 -9999 -9999 -9999 -9999 -9999 -9999 -9999
-9999 -9999 -9999 -9999 -9999 -9999 -9999 -9999 -9999 -9999 -9999 -9999 -9999 -9999 -9999 69.578 69.98 84.37 92.055 95.548 100.312 116.647 123.161 128.147 116.844 103.786 98.424 101.568 109.668 127.274 117.95 96.681 95.033 104.383 112.312 110.592 105.361 102.028 90.769 92.815 94.376 87.615 86.349 87.552 86.111 73.778 73.535 69.637 68.81 68.354 60.193 57.642 57.993 56.64 53.695 49.418 -9999 -9999 -9999 -9999 -9999 -9999 -9999 -9999 -9999 -9999 -9999 -9999 -9999 -9999 -9999 -9999 -9999 -9999 -9999
-9999 -9999 -9999 -9999 -9999 -9999 -9999 -9999 -9999 -9999 -9999 -9999 -9999 -9999 72.976 79.608 89.148 98.789 113.263 99.888 103.513 111.696 126.182 121.856 114.685 105.63 100.717 90.254 96.122 104.769 105.77 96.427 90.263 97.783 105.389 108.005 104.664 102.026 104.091 101.287 108.488 96.098 90.637 98.579 83.406 81.653 74.049 63.48 68.252 68.157 67.417 59.357 55.662 53.01 52.039 49.721 -9999 -9999 -9999 -9999 -9999 -9999 -9999 -9999 -9999 -9999 -9999 -9999 -9999 -9999 -9999 -9999 -9999 -9999 -9999
-9999 -9999 -9999 -9999 -9999 -9999 -9999 -9999 -9999 -9999 -9999 -9999 -9999 -9999 80.47 89.138 98.333 118.987 113.073 105.384 107.022 120.392 110.835 109.227 105.679 104.74 96.968 83.449 84.981 101.647 109.253 94.37 85.883 91.712 97.374 97.532 99.731 107.055 93.968 108.516 100.402 92.035 102.392 88.938 85.636 78.495 67.407 67.906 64.013 62.818 66.437 63.132 61.37 58.633 53.818 49.783 -9999 -9999 -9999 -9999 -9999 -9999 -9999 -9999 -9999 -9999 -9999 -9999 -9999 -9999 -9999 -9999 -9999 -9999 -9999
-9999 -9999 -9999 -9999 -9999 -9999 -9999 -9999 -9999 -9999 -9999 -9999 -9999 76.536 89.795 94.561 110.901 114.66 118.887 126.212 124.844 116.553 104.912 99.168 99.11 101.62 100.4 89.731 88.09 104.796 110.734 87.406 80.245 85.708 94.726 96.473 106.586 95.39 96.247 101.193 90.238 100.113 95.598 82.624 76.428 68.555 71.278 68.214 63.369 64.959 62.579 58.33 63.278 63.038 55.568 49.789 46.878 -9999 -9999 -9999 -9999 -9999 -9999 -9999 -9999 -9999 -9999 -9999 -9999 -9999 -9999 -9999 -9999 -9999 -9999
