Validation/Results/raw data/ReClimate_03_2024_1_Precipitation-Actualsweatherlogisticsltd.asc
NCOLS 192
NROWS 249
XLLCENTER -225160.85627316462
YLLCENTER 29788.11610251502
CELLSIZE 5000.0
NODATA_VALUE -9999
[rows 99 to 131 of 249, columns 75 to 149 of 192]
121.891 123.835 120.529 124.144 131.93 140.75 148.513 -9999 -9999 90.42 153.928 170.66 188.442 176.569 183.962 177.164 144.663 139.972 126.92 127.954 128.32 115.864 99.595 90.169 89.121 78.622 79.887 75.737 74.009 71.006 69.461 69.318 67.75 62.178 58.574 53.184 47.928 52.348 58.127 56.983 54.598 54.909 55.266 50.884 -9999 -9999 -9999 -9999 -9999 -9999 -9999 -9999 -9999 -9999 -9999 -9999 -9999 -9999 -9999 -9999 -9999 -9999 -9999 -9999 -9999 -9999 -9999 -9999 -9999 -9999 -9999 -9999 -9999 -9999 -9999
132.766 118.316 -9999 -9999 112.032 131.293 -9999 -9999 -9999 97.24 147.605 202.612 196.102 216.172 181.526 146.578 141.757 157.609 154.692 135.097 129.542 106.129 103.73 109.957 96.543 76.444 88.529 94.937 90.612 76.931 71.988 64.429 61.696 51.346 49.178 46.497 51.063 62.215 62.077 61.827 61.543 60.309 53.831 49.709 -9999 -9999 -9999 -9999 -9999 -9999 -9999 -9999 -9999 -9999 -9999 -9999 -9999 -9999 -9999 -9999 -9999 -9999 -9999 -9999 -9999 -9999 -9999 -9999 -9999 -9999 -9999 -9999 -9999 -9999 -9999
-9999 121.676 118.861 121.473 -9999 -9999 -9999 -9999 117.44 119.383 166.178 177.11 181.388 187.598 166.336 158.301 170.984 193.742 164.708 161.771 120.138 115.88 119.757 95.51 76.613 99.093 119.754 114.786 85.769 80.927 72.2 66.19 54.663 49.689 47.934 51.6 63.477 57.708 58.815 60.452 61.562 55.513 47.951 -9999 -9999 -9999 -9999 -9999 -9999 -9999 -9999 -9999 -9999 -9999 -9999 -9999 -9999 -9999 -9999 -9999 -9999 -9999 -9999 -9999 -9999 -9999 -9999 -9999 -9999 -9999 -9999 -9999 -9999 -9999 -9999
146.4 168.948 167.411 171.057 138.751 115.618 -9999 -9999 113.082 -9999 -9999 128.405 180.217 179.382 152.815 166.95 206.319 187.777 185.199 171.158 143.468 127.222 107.666 102.545 111.341 127.128 122.337 105.94 109.16 96.846 74.077 60.578 53.686 51.877 54.753 63.199 51.944 50.642 56.973 56.279 53.323 48.931 -9999 -9999 -9999 -9999 -9999 -9999 -9999 -9999 -9999 -9999 -9999 -9999 -9999 -9999 -9999 -9999 -9999 -9999 -9999 -9999 -9999 -9999 -9999 -9999 -9999 -9999 -9999 -9999 -9999 -9999 -9999 -9999 -9999
135.62 150.319 172.307 158.544 -9999 -9999 -9999 112.031 125.442 124.095 131.022 140.691 155.71 136.09 143.759 172.356 186.649 171.849 153.329 139.003 126.645 125.056 123.406 101.693 111.063 106.353 109.3 110.827 92.284 81.606 67.934 59.534 55.396 53.507 57.75 50.418 44.765 -9999 -9999 51.984 -9999 -9999 -9999 -9999 -9999 -9999 -9999 -9999 -9999 -9999 -9999 -9999 -9999 -9999 -9999 -9999 -9999 -9999 -9999 -9999 -9999 -9999 -9999 -9999 -9999 -9999 -9999 -9999 -9999 -9999 -9999 -9999 -9999 -9999 -9999
125.141 150.395 -9999 154.804 -9999 -9999 -9999 117.781 134.439 139.714 135.345 127.013 132.37 147.257 165.794 180.051 168.305 155.522 148.934 149.675 119.227 113.102 100.5 106.707 106.003 91.469 77.73 68.602 69.399 61.745 58.674 57.477 53.567 50.864 50.412 45.837 -9999 53.563 51.05 48.966 50.217 -9999 -9999 -9999 -9999 -9999 -9999 -9999 -9999 -9999 -9999 -9999 -9999 -9999 -9999 -9999 -9999 -9999 -9999 -9999 -9999 -9999 -9999 -9999 -9999 -9999 -9999 -9999 -9999 -9999 -9999 -9999 -9999 -9999 -9999
109.14 -9999 -9999 -9999 -9999 127.02 127.001 136.085 139.759 146.605 139.689 147.56 163.668 166.265 175.139 169.081 179.483 159.132 167.23 137.688 143.141 121.954 132.413 137.074 106.481 90.533 81.85 74.545 61.355 58.307 53.487 53.453 51.913 49.46 -9999 48.357 52.786 49.687 49.883 47.322 51.634 -9999 -9999 -9999 -9999 -9999 -9999 -9999 -9999 -9999 -9999 -9999 -9999 -9999 -9999 -9999 -9999 -9999 -9999 -9999 -9999 -9999 -9999 -9999 -9999 -9999 -9999 -9999 -9999 -9999 -9999 -9999 -9999 -9999 -9999
-9999 -9999 -9999 -9999 -9999 124.761 118.063 124.989 142.732 148.311 140.323 155.923 142.217 139.55 155.563 195.081 182.459 163.099 160.533 158.692 131.183 130.339 147.846 120.84 122.271 119.186 92.109 76.895 68.867 61.024 64.453 68.939 63.566 64.95 60.113 53.783 51.239 53.482 57.359 54.401 55.176 52.928 -9999 -9999 -9999 -9999 -9999 -9999 -9999 -9999 -9999 -9999 -9999 -9999 -9999 -9999 -9999 -9999 -9999 -9999 -9999 -9999 -9999 -9999 -9999 -9999 -9999 -9999 -9999 -9999 -9999 -9999 -9999 -9999 -9999
-9999 -9999 -9999 -9999 120.019 -9999 -9999 123.374 142.994 141.601 154.855 143.545 -9999 -9999 172.319 205.051 206.842 160.726 151.899 139.567 126.251 127.72 114.123 97.304 100.87 85.863 81.834 75.938 76.044 86.522 93.85 81.843 76.489 67.659 60.541 61.817 54.885 61.496 57.005 62.05 60.181 54.823 50.045 -9999 -9999 -9999 -9999 -9999 -9999 -9999 -9999 -9999 -9999 -9999 -9999 -9999 -9999 -9999 -9999 -9999 -9999 -9999 -9999 -9999 -9999 -9999 -9999 -9999 -9999 -9999 -9999 -9999 -9999 -9999 -9999
-9999 -9999 -9999 -9999 112.77 -9999 109.129 119.488 128.343 153.964 155.878 128.322 130.316 159.749 188.674 191.197 144.676 151.524 165.899 129.329 119.907 115.343 99.576 84.305 75.755 68.975 69.435 84.056 106.816 109.429 92.315 81.571 68.801 62.047 64.111 61.387 59.63 57.184 53.9 52.442 52.558 48.326 -9999 -9999 -9999 -9999 -9999 -9999 -9999 -9999 -9999 -9999 -9999 -9999 -9999 -9999 -9999 -9999 -9999 -9999 -9999 -9999 -9999 -9999 -9999 -9999 -9999 -9999 -9999 -9999 -9999 -9999 -9999 -9999 -9999
-9999 -9999 -9999 -9999 105.521 -9999 99.606 98.751 120.284 133.017 121.86 -9999 156.022 158.78 -9999 154.895 144.295 149.802 127.615 141.057 116.171 92.157 77.814 67.02 60.541 64.284 66.007 80.348 77.495 71.633 69.522 66.634 66.068 62.034 61.403 56.654 54.019 50.938 -9999 -9999 -9999 -9999 -9999 -9999 -9999 -9999 -9999 -9999 -9999 -9999 -9999 -9999 -9999 -9999 -9999 -9999 -9999 -9999 -9999 -9999 -9999 -9999 -9999 -9999 -9999 -9999 -9999 -9999 -9999 -9999 -9999 -9999 -9999 -9999 -9999
-9999 -9999 97.961 101.304 -9999 -9999 87.364 102.226 114.833 111.808 125.933 159.521 150.641 167.061 -9999 123.246 124.021 120.816 115.203 112.82 102.147 84.35 78.613 73.736 78.927 73.952 61.813 58.61 56.88 57.668 59.841 63.713 65.486 62.654 62.094 57.575 51.531 -9999 -9999 -9999 -9999 -9999 -9999 -9999 -9999 -9999 -9999 -9999 -9999 -9999 -9999 -9999 -9999 -9999 -9999 -9999 -9999 -9999 -9999 -9999 -9999 -9999 -9999 -9999 -9999 -9999 -9999 -9999 -9999 -9999 -9999 -9999 -9999 -9999 -9999
-9999 85.824 93.412 97.415 -9999 90.027 104.378 112.107 106.709 -9999 144.665 144.507 159.511 163.058 -9999 114.303 124.689 106.593 90.224 89.214 80.142 82.123 87.601 90.3 93.734 79.129 71.042 61.642 -9999 49.699 53.604 55.939 56.941 59.722 62.927 56.239 -9999 -9999 -9999 -9999 -9999 -9999 -9999 -9999 -9999 -9999 -9999 -9999 -9999 -9999 -9999 -9999 -9999 -9999 -9999 -9999 -9999 -9999 -9999 -9999 -9999 -9999 -9999 -9999 -9999 -9999 -9999 -9999 -9999 -9999 -9999 -9999 -9999 -9999 -9999
-9999 81.282 89.431 -9999 -9999 97.838 114.378 110.786 -9999 121.381 135.243 141.512 151.219 144.569 -9999 104.002 92.752 86.53 83.113 83.637 84.173 89.153 114.986 117.33 109.093 97.291 74.757 60.376 52.551 47.152 -9999 -9999 50.652 52.993 -9999 -9999 -9999 -9999 -9999 -9999 42.001 43.1 47.65 -9999 -9999 -9999 -9999 -9999 -9999 -9999 -9999 -9999 -9999 -9999 -9999 -9999 -9999 -9999 -9999 -9999 -9999 -9999 -9999 -9999 -9999 -9999 -9999 -9999 -9999 -9999 -9999 -9999 -9999 -9999 -9999
81.919 92.292 -9999 -9999 97.711 103.116 99.592 114.153 -9999 115.71 129.157 124.578 126.836 137.622 -9999 -9999 -9999 84.491 83.461 87.669 90.402 96.274 100.537 98.646 89.285 78.064 67.882 61.743 56.451 51.946 48.443 49.837 51.187 46.679 -9999 -9999 -9999 -9999 -9999 44.527 42.019 46.592 45.528 43.198 -9999 -9999 -9999 -9999 -9999 -9999 -9999 -9999 -9999 -9999 -9999 -9999 -9999 -9999 -9999 -9999 -9999 -9999 -9999 -9999 -9999 -9999 -9999 -9999 -9999 -9999 -9999 -9999 -9999 -9999 -9999
94.455 92.439 -9999 -9999 -9999 79.809 105.326 105.507 -9999 104.405 -9999 106.639 122.295 110.899 -9999 91.374 94.101 90.635 -9999 78.687 73.334 77.334 79.053 75.169 73.232 71.109 67.04 65.164 61.333 54.902 57.29 55.142 49.374 47.064 45.8 46.748 46.137 -9999 43.567 44.543 45.245 46.599 52.761 52.471 53.43 41.268 -9999 -9999 -9999 -9999 -9999 -9999 -9999 -9999 -9999 -9999 -9999 -9999 -9999 -9999 -9999 -9999 -9999 -9999 -9999 -9999 -9999 -9999 -9999 -9999 -9999 -9999 -9999 -9999 -9999
94.782 -9999 -9999 -9999 -9999 91.915 109.523 94.009 -9999 87.288 -9999 95.436 93.156 -9999 102.215 111.367 118.522 102.796 79.818 68.106 63.152 63.898 65.243 66.225 62.422 63.91 66.465 65.727 61.555 57.592 59.422 53.196 49.561 51.776 51.848 54.578 49.511 50.286 47.428 46.528 46.858 52.354 62.883 62.807 68.133 63.513 53.697 46.613 50.254 -9999 -9999 -9999 -9999 -9999 -9999 -9999 -9999 -9999 -9999 -9999 -9999 -9999 -9999 -9999 -9999 -9999 -9999 -9999 -9999 -9999 -9999 -9999 -9999 -9999 -9999
84.675 -9999 -9999 -9999 -9999 89.657 88.344 94.651 96.727 -9999 -9999 75.785 80.078 -9999 96.297 122.056 133.263 105.029 85.448 70.29 64.049 60.045 61.55 59.654 55.277 57.742 61.991 67.039 65.952 65.436 58.392 60.784 62.292 62.761 66.28 57.827 51.324 45.063 50.037 50.486 56.237 71.37 77.587 73.971 75.439 70.93 73.798 60.414 50.303 51.404 -9999 -9999 -9999 -9999 -9999 -9999 -9999 -9999 -9999 -9999 -9999 -9999 -9999 -9999 -9999 -9999 -9999 -9999 -9999 -9999 -9999 -9999 -9999 -9999 -9999
-9999 -9999 -9999 -9999 -9999 79.14 85.818 97.674 85.818 -9999 -9999 76.134 75.723 -9999 -9999 115.251 110.784 97.217 86.71 84.291 73.299 67.547 63.433 61.196 54.307 54.663 61.054 64.779 69.813 69.502 72.274 68.909 71.054 72.52 64.128 57.607 55.045 56.382 58.078 62.662 70.491 77.582 79.713 75.139 71.457 68.51 62.538 54.87 54.87 52.479 -9999 -9999 -9999 -9999 -9999 -9999 -9999 -9999 -9999 -9999 -9999 -9999 -9999 -9999 -9999 -9999 -9999 -9999 -9999 -9999 -9999 -9999 -9999 -9999 -9999
-9999 -9999 -9999 -9999 -9999 73.182 86.115 93.026 -9999 -9999 -9999 -9999 73.284 -9999 79.523 96.344 96.598 86.694 86.416 86.756 84.347 77.25 74.2 68.225 61.239 55.534 52.007 60.327 65.295 69.684 69.018 70.475 71.438 64.759 60.078 59.831 63.332 71.795 69.895 66.962 68.261 68.356 67.053 67.774 68.08 62.587 54.352 51.829 53.276 52.352 51.669 -9999 -9999 -9999 -9999 -9999 -9999 -9999 -9999 -9999 -9999 -9999 -9999 -9999 -9999 -9999 -9999 -9999 -9999 -9999 -9999 -9999 -9999 -9999 -9999
-9999 -9999 -9999 79.548 78.081 80.861 86.2 -9999 -9999 106.444 -9999 -9999 -9999 -9999 73.384 83.327 82.149 78.705 79.371 81.862 85.596 82.724 83.568 77.688 66.742 57.713 55.033 56.162 59.065 59.66 58.713 63.083 58.945 60.803 67.962 69.604 80.698 86.21 79.323 74.033 67.187 54.538 63.684 61.954 64.961 62.292 52.652 50.738 52.878 51.746 47.75 -9999 -9999 -9999 -9999 -9999 -9999 -9999 -9999 -9999 -9999 -9999 -9999 -9999 -9999 -9999 -9999 -9999 -9999 -9999 -9999 -9999 -9999 -9999 -9999
-9999 -9999 -9999 -9999 84.277 85.928 89.579 -9999 101.014 117.311 120.781 -9999 -9999 -9999 -9999 65.875 66.567 66.785 69.316 74.015 76.478 82.051 82.207 78.101 67.866 59.719 55.207 56.209 51.812 52.156 56.686 61.064 60.737 69.06 63.394 71.263 75.409 78.779 82.14 77.229 62.622 62.558 58.477 54.873 56.551 56.495 51.569 50.51 52.64 55.054 50.357 50.104 -9999 -9999 -9999 -9999 -9999 -9999 -9999 -9999 -9999 -9999 -9999 -9999 -9999 -9999 -9999 -9999 -9999 -9999 -9999 -9999 -9999 -9999 -9999
-9999 -9999 -9999 -9999 84.254 91.302 96.656 -9999 86.929 115.141 123.285 -9999 -9999 -9999 -9999 -9999 57.253 58.232 59.421 61.367 69.01 73.436 77.665 77.613 79.981 73.329 66.245 56.106 53.591 54.964 56.903 55.71 59.738 64.321 65.454 66.966 71.874 72.658 66.306 61.191 56.814 59.315 55.486 54.164 54.25 50.077 49.469 49.14 52.748 54.683 57.523 52.745 51.464 -9999 -9999 -9999 -9999 -9999 -9999 -9999 -9999 -9999 -9999 -9999 -9999 -9999 -9999 -9999 -9999 -9999 -9999 -9999 -9999 -9999 -9999
-9999 -9999 -9999 -9999 85.541 98.601 -9999 -9999 79.264 106.171 118.553 95.453 -9999 -9999 -9999 -9999 -9999 52.789 57.493 64.388 67.326 76.578 81.769 85.815 88.738 85.603 76.029 64.231 64.884 60.131 60.433 65.251 71.725 70.744 88.371 76.926 81.115 70.536 76.512 69.427 61.179 57.848 54.256 52.548 50.431 52.312 56.179 59.623 56.364 59.595 59.629 63.452 55.915 53.236 51.196 -9999 -9999 -9999 -9999 -9999 -9999 -9999 -9999 -9999 -9999 -9999 -9999 -9999 -9999 -9999 -9999 -9999 -9999 -9999 -9999
-9999 -9999 -9999 -9999 91.172 81.467 -9999 -9999 86.696 104.807 102.996 -9999 -9999 -9999 -9999 -9999 -9999 51.473 56.89 58.722 61.954 68.789 71.729 77.738 84.517 87.143 81.821 74.439 69.049 69.723 79.644 92.2 83.255 98.189 102.316 95.393 75.678 77.214 71.284 60.415 60.561 57.834 53.92 54.66 54.354 53.256 58.14 61.87 73.662 74.53 64.072 65.366 65.021 58.729 54.153 -9999 -9999 -9999 -9999 -9999 -9999 -9999 -9999 -9999 -9999 -9999 -9999 -9999 -9999 -9999 -9999 -9999 -9999 -9999 -9999
-9999 -9999 -9999 -9999 83.377 70.316 -9999 -9999 -9999 83.225 84.164 78.553 -9999 -9999 -9999 -9999 -9999 49.474 53.282 55.887 59.966 63.119 69.121 80.357 93.518 97.145 86.144 83.399 78.767 72.115 79.127 84.439 89.632 111.572 101.524 88.037 86.378 77.045 65.727 67.136 60.925 60.229 57.63 52.953 55.863 60.93 66.31 81.461 99.735 92.577 76.068 66.603 65.966 64.27 59.598 -9999 -9999 -9999 -9999 -9999 -9999 -9999 -9999 -9999 -9999 -9999 -9999 -9999 -9999 -9999 -9999 -9999 -9999 -9999 -9999
-9999 -9999 -9999 88.159 83.036 76.217 -9999 -9999 -9999 -9999 -9999 -9999 -9999 -9999 -9999 -9999 -9999 55.402 60.086 61.226 63.508 66.189 70.619 81.629 90.868 95.186 91.577 91.603 92.068 86.098 90.978 94.514 111.213 116.468 115.3 113.653 93.714 81.688 75.896 65.965 65.055 58.146 56.195 59.181 58.546 66.953 79.163 100.773 103.14 100.54 80.446 67.347 65.279 64.687 62.565 51.945 -9999 -9999 -9999 -9999 -9999 -9999 -9999 -9999 -9999 -9999 -9999 -9999 -9999 -9999 -9999 -9999 -9999 -9999 -9999
-9999 -9999 86.944 88.265 90.322 74.955 -9999 -9999 -9999 -9999 -9999 -9999 -9999 -9999 -9999 59.979 57.576 60.485 66.511 71.795 77.128 78.569 84.823 87.031 85.758 82.753 92.545 106.557 105.655 103.587 100.391 96.13 100.884 119.195 112.654 105.912 93.884 83.704 72.74 64.883 59.504 65.894 66.046 58.826 60.855 69.661 86.215 87.442 97.0 98.082 82.064 66.031 64.186 68.402 65.197 56.351 -9999 -9999 -9999 -9999 -9999 -9999 -9999 -9999 -9999 -9999 -9999 -9999 -9999 -9999 -9999 -9999 -9999 -9999 -9999
-9999 -9999 84.447 79.354 69.385 -9999 -9999 -9999 -9999 -9999 -9999 -9999 -9999 -9999 -9999 60.643 62.119 64.018 73.137 78.691 80.243 96.122 108.334 102.251 92.288 93.736 90.974 94.849 103.25 109.057 100.931 89.512 94.763 105.473 115.852 104.288 99.352 86.625 79.3 68.402 70.154 71.94 66.497 66.97 77.871 87.887 89.394 86.327 84.665 78.335 73.512 74.815 76.766 72.688 67.977 59.446 -9999 -9999 -9999 -9999 -9999 -9999 -9999 -9999 -9999 -9999 -9999 -9999 -9999 -9999 -9999 -9999 -9999 -9999 -9999
-9999 -9999 -9999 -9999 -9999 -9999 -9999 -9999 -9999 -9999 -9999 -9999 -9999 -9999 -9999 64.753 67.34 75.548 79.388 84.179 88.017 106.678 114.576 121.4 109.248 95.909 90.979 93.167 100.943 122.044 111.958 86.209 87.659 105.471 109.757 106.922 99.403 96.827 84.281 87.21 89.431 83.231 85.413 90.409 93.259 81.969 83.313 79.841 78.781 79.483 70.64 70.778 73.752 72.077 64.809 59.782 -9999 -9999 -9999 -9999 -9999 -9999 -9999 -9999 -9999 -9999 -9999 -9999 -9999 -9999 -9999 -9999 -9999 -9999 -9999
-9999 -9999 -9999 -9999 -9999 -9999 -9999 -9999 -9999 -9999 -9999 -9999 -9999 -9999 68.296 74.19 81.345 84.337 92.353 87.583 93.691 99.644 118.39 114.52 107.664 98.18 91.827 77.674 86.068 97.168 94.043 81.905 82.137 90.241 96.045 95.961 99.066 98.2 100.597 91.278 92.622 90.542 90.74 103.494 87.882 92.97 83.153 69.981 78.195 80.47 81.672 72.719 69.713 66.266 63.509 58.75 -9999 -9999 -9999 -9999 -9999 -9999 -9999 -9999 -9999 -9999 -9999 -9999 -9999 -9999 -9999 -9999 -9999 -9999 -9999
-9999 -9999 -9999 -9999 -9999 -9999 -9999 -9999 -9999 -9999 -9999 -9999 -9999 -9999 75.369 81.749 90.816 107.22 105.593 98.561 97.164 110.546 97.954 101.358 97.984 96.357 85.174 70.447 73.409 86.495 85.928 76.967 73.656 81.764 84.732 87.101 96.646 106.287 88.347 99.851 94.524 89.537 106.881 91.147 92.824 89.245 73.938 74.946 73.428 75.889 81.276 76.937 71.726 69.819 65.291 59.872 -9999 -9999 -9999 -9999 -9999 -9999 -9999 -9999 -9999 -9999 -9999 -9999 -9999 -9999 -9999 -9999 -9999 -9999 -9999
-9999 -9999 -9999 -9999 -9999 -9999 -9999 -9999 -9999 -9999 -9999 -9999 -9999 75.411 81.343 85.528 105.928 113.549 119.138 122.782 120.189 107.749 96.822 91.544 91.031 90.308 85.488 77.335 77.13 85.831 81.26 69.821 70.116 78.942 84.976 90.426 105.221 91.726 93.864 101.816 90.982 98.399 98.93 87.204 86.376 75.852 77.251 76.657 75.609 77.744 74.286 70.731 68.969 69.057 66.532 62.329 57.277 -9999 -9999 -9999 -9999 -9999 -9999 -9999 -9999 -9999 -9999 -9999 -9999 -9999 -9999 -9999 -9999 -9999 -9999
