Validation/Results/raw data/ReClimate_03_2024_2_Precipitation-Actualsweatherlogisticsltd.asc
NCOLS 192
NROWS 249
XLLCENTER -225160.85627316462
YLLCENTER 29788.11610251502
CELLSIZE 5000.0
NODATA_VALUE -9999
[rows 165 to 197 of 249, columns 75 to 149 of 192]
-9999 -9999 -9999 -9999 -9999 -9999 -9999 -9999 -9999 -9999 -9999 -9999 -9999 -9999 -9999 -9999 -9999 -9999 -9999 -9999 -9999 -9999 -9999 -9999 -9999 -9999 -9999 -9999 -9999 -9999 -9999 -9999 -9999 -9999 -9999 -9999 -9999 59.387 62.991 62.089 62.3 68.675 79.613 95.091 99.607 105.99 106.986 97.922 97.73 96.888 99.703 96.638 80.689 68.831 68.032 64.862 62.79 60.245 60.719 59.563 58.642 58.989 59.235 58.592 58.887 60.204 59.854 61.128 59.856 60.033 62.047 62.938 60.381 58.723 -9999
-9999 -9999 -9999 -9999 -9999 -9999 -9999 -9999 -9999 -9999 -9999 -9999 -9999 -9999 -9999 -9999 -9999 -9999 -9999 -9999 -9999 -9999 -9999 -9999 -9999 -9999 -9999 -9999 -9999 -9999 -9999 -9999 -9999 -9999 -9999 -9999 -9999 59.856 63.031 65.228 65.559 70.219 82.204 90.174 93.95 97.491 94.469 94.487 88.607 99.18 99.717 97.282 87.319 76.38 69.603 67.069 66.371 62.539 62.23 62.84 60.391 58.666 58.366 57.842 56.523 54.325 57.521 60.283 65.835 63.338 59.783 61.43 61.368 59.624 57.226
-9999 -9999 -9999 -9999 -9999 -9999 -9999 -9999 -9999 -9999 -9999 -9999 -9999 -9999 -9999 -9999 -9999 -9999 -9999 -9999 -9999 -9999 -9999 -9999 -9999 -9999 -9999 -9999 -9999 -9999 -9999 -9999 -9999 -9999 -9999 -9999 57.75 59.601 63.585 64.34 64.722 71.597 77.78 85.269 85.624 85.97 83.263 80.556 84.272 91.317 99.808 108.288 99.798 86.967 81.84 70.957 65.076 62.763 61.706 63.119 61.728 59.791 58.234 52.238 52.943 55.315 55.822 59.512 61.125 63.94 62.573 61.133 60.694 62.303 63.958
-9999 -9999 -9999 -9999 -9999 -9999 -9999 -9999 -9999 -9999 -9999 -9999 -9999 -9999 -9999 -9999 -9999 -9999 -9999 -9999 -9999 -9999 -9999 -9999 -9999 -9999 -9999 -9999 -9999 -9999 -9999 -9999 -9999 -9999 -9999 -9999 57.431 61.065 64.655 63.959 68.941 74.424 75.487 79.267 79.595 75.745 76.183 75.337 78.667 86.394 92.999 106.324 114.567 100.086 88.37 79.794 69.071 65.659 60.277 59.458 61.169 59.846 58.284 57.547 54.542 56.159 55.697 56.539 58.922 60.813 61.475 60.859 61.677 63.036 64.194
-9999 -9999 -9999 -9999 -9999 -9999 -9999 -9999 -9999 -9999 -9999 -9999 -9999 -9999 -9999 -9999 -9999 -9999 -9999 -9999 -9999 -9999 -9999 -9999 -9999 -9999 -9999 -9999 -9999 -9999 -9999 -9999 -9999 -9999 -9999 -9999 -9999 63.168 64.909 64.567 69.091 69.721 72.341 72.167 70.44 70.147 69.446 70.163 72.284 76.95 84.459 96.656 110.825 112.43 102.623 87.041 75.539 66.991 64.621 59.759 60.997 61.814 60.472 58.312 59.721 58.772 56.528 57.066 58.085 59.838 60.123 61.011 61.027 65.058 67.34
-9999 -9999 -9999 -9999 -9999 -9999 -9999 -9999 -9999 -9999 -9999 -9999 -9999 -9999 -9999 -9999 -9999 55.039 57.318 -9999 -9999 -9999 -9999 -9999 -9999 -9999 -9999 -9999 -9999 -9999 -9999 -9999 -9999 -9999 -9999 -9999 59.694 60.71 64.703 68.139 71.002 69.047 68.926 68.215 66.809 66.098 65.685 67.665 70.242 73.917 85.129 91.368 105.34 103.231 97.932 93.723 75.516 67.395 63.616 64.445 63.535 62.911 63.033 61.19 57.823 58.997 55.692 57.657 60.519 60.901 60.593 60.122 62.457 65.034 68.126
-9999 -9999 -9999 -9999 -9999 -9999 -9999 -9999 -9999 -9999 -9999 -9999 -9999 -9999 -9999 -9999 -9999 63.072 65.63 65.873 -9999 -9999 -9999 -9999 -9999 -9999 -9999 -9999 -9999 -9999 -9999 -9999 -9999 -9999 -9999 55.574 56.931 64.892 66.053 68.933 65.711 66.977 67.533 67.443 66.083 66.922 69.167 67.215 70.535 75.792 81.246 96.468 106.488 101.811 88.371 87.533 81.301 67.542 62.413 60.79 64.039 62.988 60.084 59.07 57.317 57.517 57.976 57.241 60.263 62.685 63.457 64.89 63.712 68.44 71.535
-9999 -9999 -9999 -9999 -9999 -9999 -9999 -9999 -9999 -9999 -9999 -9999 -9999 -9999 -9999 -9999 60.068 63.292 69.726 67.768 66.239 -9999 -9999 -9999 -9999 -9999 -9999 -9999 -9999 -9999 -9999 -9999 57.183 -9999 -9999 56.017 62.232 64.247 63.67 63.617 -9999 67.761 69.056 67.892 71.198 69.427 66.814 67.837 69.958 72.405 81.903 87.098 98.933 92.705 82.27 85.731 76.783 72.874 65.625 61.125 62.659 62.839 59.554 57.67 57.323 58.082 57.668 58.32 58.566 62.799 63.862 62.883 64.238 66.201 71.971
-9999 -9999 -9999 -9999 -9999 -9999 -9999 -9999 -9999 -9999 -9999 -9999 -9999 -9999 -9999 -9999 58.55 65.705 71.721 71.426 70.515 66.75 67.49 -9999 -9999 -9999 69.891 58.869 -9999 56.565 56.225 54.285 60.61 59.457 -9999 -9999 59.717 59.876 -9999 -9999 63.457 64.722 65.063 67.66 67.756 68.413 69.748 67.653 71.839 78.375 90.409 86.739 88.302 86.125 83.508 85.748 81.758 68.497 66.765 64.396 63.881 61.734 60.824 61.045 58.994 60.728 60.586 59.639 59.906 60.982 63.384 61.601 62.911 64.735 68.38
-9999 -9999 -9999 -9999 -9999 -9999 -9999 -9999 -9999 -9999 -9999 -9999 -9999 -9999 -9999 -9999 -9999 72.824 86.576 79.087 73.23 71.753 -9999 -9999 98.503 98.716 78.344 72.429 67.3 65.001 57.705 57.046 56.019 61.381 60.787 -9999 58.13 59.3 60.444 61.349 65.384 68.35 69.102 69.114 66.971 67.508 68.215 72.793 76.22 87.502 97.809 101.585 90.553 84.866 76.943 79.786 80.06 70.079 64.381 65.799 65.243 62.059 62.143 61.642 62.73 60.7 60.966 59.583 62.784 63.409 63.289 61.882 62.453 63.762 64.18
-9999 -9999 -9999 -9999 -9999 -9999 -9999 -9999 -9999 -9999 -9999 -9999 -9999 -9999 -9999 -9999 -9999 79.868 86.932 67.518 69.205 76.116 90.281 110.525 130.593 100.43 81.286 80.069 72.107 71.849 64.859 56.107 60.383 70.027 65.687 64.934 60.486 59.361 60.098 62.215 64.87 68.125 68.238 68.327 67.51 66.647 68.429 69.367 76.438 86.828 98.358 105.399 98.817 93.055 80.95 74.734 80.836 76.209 67.043 67.648 66.884 62.647 63.761 63.335 62.959 63.403 60.665 59.647 59.778 63.611 64.367 63.53 62.121 62.079 63.19
-9999 -9999 -9999 -9999 -9999 -9999 -9999 -9999 -9999 -9999 -9999 -9999 -9999 -9999 -9999 -9999 -9999 -9999 86.254 71.893 80.126 103.649 128.043 149.926 148.577 120.283 99.697 88.875 85.234 83.013 75.594 67.797 65.529 63.444 71.361 64.485 62.033 62.023 60.778 62.886 63.445 64.752 66.489 65.311 63.79 65.755 65.906 68.075 75.374 84.387 92.359 94.847 89.44 90.676 89.381 70.784 70.636 79.82 72.126 70.788 69.381 65.568 64.316 62.712 61.963 62.97 61.65 59.218 55.528 60.159 64.326 62.347 61.734 62.394 63.81
-9999 -9999 -9999 -9999 -9999 -9999 -9999 -9999 -9999 -9999 -9999 -9999 -9999 -9999 -9999 -9999 -9999 -9999 -9999 -9999 92.726 123.217 156.6 188.4 165.978 122.591 100.382 91.844 96.928 91.702 84.817 72.502 63.954 64.208 69.382 73.163 73.247 69.072 67.995 60.479 61.601 63.882 64.137 62.998 62.284 63.711 65.168 67.692 76.323 82.395 85.516 90.816 89.032 89.412 91.06 82.44 71.958 73.506 70.609 68.444 71.685 67.575 65.735 62.926 59.551 60.133 58.886 59.326 59.208 59.696 64.997 63.192 61.97 62.701 63.272
-9999 -9999 -9999 -9999 -9999 -9999 -9999 -9999 -9999 -9999 -9999 -9999 -9999 -9999 -9999 -9999 -9999 -9999 -9999 87.996 109.534 140.855 181.831 208.274 165.024 126.137 106.245 95.6 94.352 88.258 82.849 79.788 67.989 68.151 77.474 78.994 73.008 67.02 63.454 60.993 61.682 64.6 65.868 65.735 63.089 63.613 64.579 70.402 74.965 74.51 79.815 85.64 82.468 82.297 79.427 79.12 77.606 71.84 70.658 67.946 68.223 67.502 63.715 63.58 59.732 58.865 58.639 57.579 59.11 66.02 66.033 64.192 62.783 62.67 61.994
-9999 -9999 -9999 -9999 -9999 -9999 -9999 -9999 -9999 -9999 -9999 -9999 -9999 -9999 -9999 -9999 -9999 -9999 85.708 119.387 120.355 150.189 186.06 170.629 180.042 156.028 123.883 115.496 106.58 90.838 83.393 70.427 70.009 76.898 82.733 80.033 72.601 65.646 61.829 60.73 64.559 65.803 66.465 64.248 63.474 64.949 69.792 73.749 75.913 74.642 78.658 82.251 84.472 76.859 75.53 72.249 71.994 70.922 65.189 64.781 64.856 66.082 64.251 62.958 57.815 58.008 60.766 60.15 59.953 64.074 67.356 63.449 64.436 63.75 63.727
-9999 -9999 -9999 -9999 -9999 -9999 -9999 -9999 -9999 -9999 -9999 -9999 -9999 -9999 -9999 -9999 -9999 79.645 105.053 102.314 113.445 132.625 127.072 141.36 158.122 136.012 134.154 126.164 113.325 100.849 86.32 74.256 78.745 82.112 77.4 74.758 68.575 65.0 60.936 59.356 64.433 64.571 65.944 63.764 65.192 70.601 72.989 76.367 76.328 76.186 77.21 73.63 75.191 75.347 71.661 69.114 68.555 69.503 65.936 61.428 61.523 63.146 62.298 61.803 60.859 56.2 60.422 60.555 60.612 63.196 66.868 64.003 64.229 65.13 64.212
-9999 -9999 -9999 -9999 -9999 -9999 -9999 -9999 -9999 -9999 -9999 -9999 -9999 -9999 -9999 73.237 74.256 81.31 85.043 85.003 79.893 96.776 91.268 113.963 121.015 131.025 132.069 130.539 103.96 92.328 81.98 79.587 91.911 91.549 85.321 77.197 75.958 69.339 61.741 62.251 64.927 66.75 64.459 64.783 67.34 69.992 73.404 73.789 71.764 76.495 75.731 73.514 70.568 68.547 68.072 67.671 65.855 65.13 64.165 60.381 58.876 59.857 59.509 59.947 58.625 56.878 57.779 60.046 61.99 64.182 66.45 66.0 64.15 65.13 65.059
-9999 -9999 -9999 -9999 -9999 -9999 -9999 -9999 -9999 -9999 -9999 -9999 -9999 -9999 74.339 74.388 74.432 73.114 -9999 -9999 -9999 -9999 93.926 115.951 134.094 136.187 134.443 114.663 104.764 105.825 96.687 100.454 114.546 103.802 89.069 83.657 74.965 65.598 63.461 64.329 63.796 63.792 63.622 64.401 66.427 66.926 69.903 67.014 69.3 71.523 70.721 69.514 68.257 66.424 66.166 64.314 62.957 57.6 56.836 58.769 57.429 57.995 59.619 59.898 59.199 59.026 60.857 62.353 64.728 67.045 67.444 67.834 70.241 67.974 65.55
-9999 -9999 -9999 -9999 -9999 -9999 -9999 -9999 -9999 -9999 -9999 -9999 -9999 -9999 74.52 74.857 66.288 -9999 -9999 -9999 -9999 -9999 97.089 119.924 150.094 152.434 132.292 129.813 126.924 126.358 114.24 109.639 107.028 86.824 80.578 76.536 67.972 63.582 59.75 62.457 63.74 63.675 63.536 63.819 64.297 64.088 62.509 66.771 66.745 68.018 67.545 68.026 68.032 67.92 64.477 62.444 60.378 58.815 55.925 56.87 57.358 55.501 58.544 63.797 64.372 66.371 67.608 69.081 68.781 70.558 65.552 65.281 68.091 69.628 66.386
-9999 -9999 -9999 -9999 -9999 -9999 -9999 -9999 -9999 -9999 -9999 -9999 -9999 -9999 -9999 -9999 60.921 -9999 -9999 -9999 -9999 -9999 93.815 116.477 128.716 121.203 127.363 127.94 146.389 139.027 108.402 108.019 93.223 84.209 79.499 70.545 65.863 58.9 61.341 62.449 62.584 61.362 59.788 60.541 62.083 61.821 65.25 64.195 63.757 65.479 66.639 65.542 66.588 68.464 65.655 62.803 63.889 62.656 60.238 59.19 59.106 51.687 54.718 64.22 66.377 66.909 68.113 69.333 70.484 71.486 72.783 66.556 66.881 68.201 66.814
-9999 -9999 -9999 -9999 -9999 -9999 -9999 -9999 -9999 -9999 -9999 -9999 -9999 -9999 -9999 -9999 -9999 -9999 -9999 -9999 -9999 -9999 88.358 99.014 100.898 119.391 127.751 147.136 149.249 140.37 121.638 98.912 87.104 80.461 69.319 67.119 59.132 57.767 60.579 59.46 58.552 58.857 58.723 58.353 60.81 62.66 64.249 64.1 63.415 63.962 68.771 65.948 64.716 64.186 62.977 60.649 63.359 65.848 64.88 66.173 69.039 64.987 56.617 60.82 62.412 63.529 64.446 65.742 67.543 69.411 70.51 66.975 65.656 65.355 66.114
-9999 -9999 -9999 -9999 -9999 -9999 -9999 -9999 -9999 -9999 -9999 -9999 -9999 -9999 -9999 -9999 -9999 -9999 -9999 -9999 -9999 -9999 -9999 99.41 131.109 151.556 149.338 142.5 138.736 127.808 106.432 88.029 75.403 69.898 75.081 70.541 58.364 61.405 61.154 60.292 57.537 58.009 59.636 60.901 60.073 66.857 66.368 64.835 63.196 65.707 68.263 66.835 63.585 62.771 61.037 60.079 60.744 63.372 65.806 70.487 72.691 68.47 61.409 61.323 62.904 65.658 67.98 67.112 68.316 68.324 69.112 66.196 65.907 65.464 64.738
-9999 -9999 -9999 -9999 -9999 -9999 -9999 -9999 -9999 -9999 -9999 -9999 -9999 -9999 -9999 -9999 -9999 -9999 -9999 -9999 -9999 -9999 105.572 116.407 136.652 151.96 140.702 125.802 122.053 111.294 101.316 88.887 74.161 74.432 76.088 66.236 72.508 64.985 61.249 61.107 60.713 60.265 62.616 65.316 69.25 70.06 63.69 63.753 63.869 65.645 65.67 65.738 63.357 61.84 61.095 60.043 59.683 60.043 61.705 67.182 69.536 66.768 62.99 62.839 65.628 68.452 70.692 70.113 68.616 67.805 66.47 66.49 66.074 66.547 65.227
-9999 -9999 -9999 -9999 -9999 -9999 -9999 -9999 -9999 -9999 -9999 -9999 -9999 -9999 -9999 -9999 -9999 -9999 -9999 -9999 -9999 -9999 97.681 112.372 138.128 126.186 111.894 107.686 107.407 109.817 105.549 88.034 75.855 73.609 67.821 64.783 66.538 65.854 65.864 65.583 60.586 56.122 62.622 64.957 67.3 62.933 61.794 64.629 66.95 66.668 66.508 66.299 65.292 63.779 62.748 61.077 59.78 59.547 60.029 63.631 68.062 66.828 64.936 65.224 69.503 70.608 71.497 78.295 72.641 67.263 62.453 61.954 65.559 65.625 68.78
-9999 -9999 -9999 -9999 -9999 -9999 -9999 -9999 -9999 -9999 -9999 -9999 -9999 -9999 -9999 -9999 -9999 -9999 -9999 -9999 -9999 -9999 88.225 105.548 103.621 109.263 102.687 103.661 108.359 111.697 97.639 89.028 77.757 72.297 65.139 64.888 66.352 72.665 75.279 74.847 64.756 66.385 66.036 65.441 63.921 60.367 61.08 64.573 66.498 68.376 66.591 68.51 66.662 64.565 63.461 64.351 62.679 60.907 60.438 60.331 62.489 63.99 65.487 65.842 68.407 69.878 67.827 67.084 70.241 66.99 69.609 67.911 66.526 64.515 63.515
-9999 -9999 -9999 -9999 -9999 -9999 -9999 -9999 -9999 -9999 -9999 -9999 -9999 -9999 -9999 -9999 -9999 -9999 -9999 -9999 -9999 -9999 -9999 86.925 106.898 115.928 122.227 120.926 112.984 102.016 86.855 73.04 70.374 69.336 67.325 63.671 65.419 69.218 74.168 75.385 69.728 65.01 62.949 67.605 65.367 61.163 63.492 63.703 66.624 69.029 66.28 66.123 67.587 63.096 62.941 65.161 67.466 63.295 61.935 57.599 58.315 62.836 64.463 64.221 65.206 66.313 65.958 63.941 64.61 65.696 67.081 65.065 65.635 65.689 63.687
-9999 -9999 -9999 -9999 -9999 -9999 -9999 -9999 -9999 -9999 -9999 -9999 -9999 -9999 -9999 -9999 -9999 -9999 -9999 -9999 -9999 -9999 -9999 91.24 107.866 125.157 145.412 138.0 120.95 96.837 78.181 74.222 83.451 79.439 80.225 76.206 68.236 63.121 70.833 71.794 67.753 65.644 71.165 69.526 62.507 64.378 65.229 64.188 66.192 67.487 69.028 66.712 66.449 65.199 63.404 65.579 68.303 67.427 64.333 65.405 62.976 66.006 67.633 66.101 64.853 68.335 68.49 69.406 66.032 67.042 66.29 66.591 62.356 65.066 64.048
-9999 -9999 -9999 -9999 -9999 -9999 -9999 -9999 -9999 -9999 -9999 -9999 -9999 -9999 -9999 -9999 -9999 -9999 -9999 -9999 -9999 -9999 81.758 84.539 105.212 131.133 144.561 138.755 115.463 92.867 89.909 100.167 90.727 88.561 82.968 70.723 66.765 69.367 71.263 65.93 67.63 71.83 73.293 71.57 66.696 63.672 64.784 63.64 67.15 72.212 70.3 70.061 67.437 66.603 65.307 67.815 66.559 72.208 70.365 68.784 66.493 67.142 68.899 71.151 69.857 70.199 70.371 68.464 67.955 66.499 65.289 64.577 62.969 61.152 62.455
-9999 -9999 -9999 -9999 -9999 -9999 -9999 -9999 -9999 -9999 -9999 -9999 -9999 -9999 -9999 -9999 -9999 -9999 -9999 -9999 -9999 -9999 79.541 94.148 101.425 115.762 134.638 138.417 118.243 102.478 97.275 92.271 94.943 91.994 84.547 77.824 79.791 76.276 67.507 70.72 66.431 70.209 74.637 74.199 65.606 65.145 64.738 63.321 66.796 68.586 75.96 72.832 70.763 68.433 70.139 72.56 68.629 62.941 67.904 61.227 63.951 64.567 68.14 67.752 71.221 72.378 70.016 67.185 63.956 64.674 66.242 67.535 66.398 61.121 61.417
-9999 -9999 -9999 -9999 -9999 -9999 -9999 -9999 -9999 -9999 -9999 -9999 -9999 -9999 -9999 -9999 -9999 -9999 -9999 -9999 -9999 -9999 89.852 93.197 89.932 106.379 130.5 135.219 121.962 103.597 92.065 96.432 92.73 86.67 85.394 90.502 83.087 70.5 70.661 66.685 71.561 65.728 70.096 66.624 64.623 65.234 59.961 59.433 62.679 70.771 71.44 71.228 71.665 70.559 69.173 69.054 68.941 64.23 64.11 61.783 61.367 65.625 65.705 68.747 68.232 69.503 70.867 66.793 65.3 62.325 64.096 66.252 64.873 59.761 58.45
-9999 -9999 -9999 -9999 -9999 -9999 -9999 -9999 -9999 -9999 -9999 -9999 -9999 -9999 -9999 -9999 -9999 -9999 -9999 -9999 -9999 84.03 92.477 97.32 96.697 107.237 122.323 125.415 118.593 97.361 87.83 87.258 80.961 81.498 91.138 84.812 78.605 76.107 69.595 69.048 62.517 63.617 64.386 63.313 65.296 62.745 60.099 60.769 62.226 65.39 68.985 69.629 69.554 68.922 68.572 68.592 67.097 64.95 63.316 61.722 61.641 66.163 67.273 67.861 69.217 69.742 68.623 68.333 64.878 65.571 63.941 62.893 62.865 58.987 56.964
-9999 -9999 -9999 -9999 -9999 -9999 -9999 -9999 -9999 -9999 -9999 -9999 -9999 -9999 -9999 -9999 -9999 -9999 -9999 -9999 85.496 86.471 92.604 98.547 103.342 115.166 128.398 131.455 123.662 111.303 93.747 90.709 84.869 89.86 95.654 79.619 74.862 72.14 69.199 65.56 65.273 65.28 67.947 67.529 70.375 70.791 65.106 60.874 61.015 64.192 66.154 68.202 68.826 68.694 67.264 69.372 68.17 66.335 66.242 64.932 62.746 64.317 65.72 67.195 66.783 64.916 66.213 65.935 65.182 67.804 67.07 63.308 61.443 59.386 56.328
-9999 -9999 -9999 -9999 -9999 -9999 -9999 -9999 -9999 -9999 -9999 -9999 -9999 -9999 -9999 -9999 -9999 -9999 95.01 91.817 90.891 82.545 89.116 99.565 106.396 125.317 136.858 140.795 133.647 110.35 99.493 93.725 88.381 90.816 86.083 72.94 72.142 71.525 65.63 65.303 65.254 67.573 69.343 69.347 73.947 69.748 64.089 62.94 63.556 65.337 65.341 67.617 67.407 66.351 63.271 63.559 64.958 65.347 67.116 69.099 69.074 67.689 66.582 63.309 63.548 64.978 66.885 67.878 67.793 65.182 66.19 63.009 60.474 54.572 54.413
