Validation/Results/raw data/ReClimate_05_2024_1_Temperature-Actuals.asc
NCOLS 192
NROWS 249
XLLCENTER -225160.85627316462
YLLCENTER 29788.11610251502
CELLSIZE 5000.0
NODATA_VALUE -9999
[rows 136 to 169 of 249, columns 75 to 149 of 192]
12.877 -9999 -9999 -9999 -9999 -9999 -9999 -9999 -9999 -9999 13.036 -9999 13.275 12.961 13.124 13.285 13.681 13.91 13.871 13.542 12.42 12.801 12.994 13.144 13.8 13.868 13.856 13.924 13.346 13.093 -9999 -9999 -9999 -9999 -9999 -9999 14.199 14.316 14.257 14.019 13.938 13.785 13.198 12.853 13.084 13.049 13.026 13.467 13.14 12.982 13.459 13.67 13.824 13.756 14.163 14.382 14.314 13.9 13.756 -9999 -9999 -9999 -9999 -9999 -9999 -9999 -9999 -9999 -9999 -9999 -9999 -9999 -9999 -9999 -9999
12.337 13.743 -9999 -9999 -9999 -9999 -9999 -9999 -9999 -9999 12.97 13.03 13.256 13.447 13.264 13.346 13.577 13.775 14.017 13.624 13.188 12.57 12.867 13.239 13.838 13.734 13.617 13.906 13.4 13.713 -9999 -9999 -9999 -9999 14.062 14.085 14.182 14.3 14.355 14.284 14.076 13.285 12.443 12.466 12.697 12.294 13.039 12.916 12.65 13.261 13.13 13.314 13.793 13.881 13.599 14.065 14.193 13.863 13.866 -9999 -9999 -9999 -9999 -9999 -9999 -9999 -9999 -9999 -9999 -9999 -9999 -9999 -9999 -9999 -9999
13.278 13.257 13.371 -9999 -9999 -9999 -9999 -9999 -9999 -9999 12.757 13.059 13.113 -9999 -9999 13.325 13.438 13.699 13.852 -9999 13.771 13.583 13.581 13.67 13.897 13.47 13.754 13.967 -9999 -9999 -9999 -9999 -9999 14.003 14.102 14.137 14.18 14.174 14.181 14.198 13.768 13.002 11.848 11.625 12.217 11.911 12.551 12.017 12.332 12.736 12.611 13.165 13.169 13.336 13.495 13.806 13.994 13.746 13.819 -9999 -9999 -9999 -9999 -9999 -9999 -9999 -9999 -9999 -9999 -9999 -9999 -9999 -9999 -9999 -9999
12.832 12.51 13.174 -9999 -9999 -9999 -9999 -9999 -9999 -9999 -9999 12.98 13.267 -9999 -9999 -9999 13.587 13.51 13.703 13.833 -9999 -9999 13.799 13.862 13.82 13.279 13.299 -9999 -9999 -9999 -9999 -9999 13.742 13.885 14.063 14.126 14.067 13.955 14.024 13.721 13.496 13.15 12.029 11.798 11.069 11.806 11.323 11.206 11.743 12.169 12.077 12.404 13.034 13.199 13.247 13.763 14.035 13.647 13.484 -9999 -9999 -9999 -9999 -9999 -9999 -9999 -9999 -9999 -9999 -9999 -9999 -9999 -9999 -9999 -9999
12.802 13.514 -9999 -9999 -9999 -9999 -9999 -9999 -9999 -9999 -9999 -9999 13.161 -9999 -9999 -9999 -9999 13.574 13.353 13.426 -9999 -9999 -9999 13.764 13.818 -9999 -9999 -9999 -9999 -9999 -9999 -9999 13.785 14.022 13.99 13.695 13.394 13.493 13.618 13.56 13.731 13.369 12.611 11.51 11.416 11.449 10.565 10.797 11.236 11.857 11.751 11.926 12.606 13.174 13.58 13.85 13.979 13.62 13.444 -9999 -9999 -9999 -9999 -9999 -9999 -9999 -9999 -9999 -9999 -9999 -9999 -9999 -9999 -9999 -9999
14.077 -9999 -9999 -9999 -9999 -9999 -9999 -9999 -9999 -9999 -9999 -9999 12.828 -9999 -9999 -9999 -9999 -9999 13.453 13.32 -9999 -9999 -9999 -9999 -9999 -9999 -9999 -9999 -9999 -9999 -9999 -9999 13.96 13.645 13.322 13.03 12.794 13.027 13.272 13.5 13.617 13.337 12.845 11.764 10.676 10.024 10.376 10.828 11.959 12.243 12.398 12.692 12.809 12.849 13.449 13.885 13.836 13.564 13.511 13.741 -9999 -9999 -9999 -9999 -9999 -9999 -9999 -9999 -9999 -9999 -9999 -9999 -9999 -9999 -9999
-9999 14.015 13.642 13.454 13.721 -9999 -9999 -9999 -9999 -9999 -9999 -9999 12.766 -9999 -9999 -9999 -9999 -9999 -9999 -9999 -9999 -9999 -9999 -9999 -9999 -9999 -9999 -9999 -9999 -9999 -9999 13.923 13.765 13.675 13.572 13.096 12.049 12.67 12.917 13.042 13.417 13.169 13.386 12.041 10.447 9.871 10.741 11.293 10.609 10.684 11.578 12.221 13.273 13.401 13.407 13.536 13.581 13.641 13.642 13.877 14.167 -9999 -9999 -9999 -9999 -9999 -9999 -9999 -9999 -9999 -9999 -9999 -9999 -9999 -9999
14.535 13.812 13.68 13.741 13.715 -9999 -9999 -9999 -9999 -9999 -9999 -9999 -9999 -9999 -9999 -9999 -9999 -9999 -9999 -9999 -9999 -9999 -9999 -9999 -9999 -9999 -9999 -9999 -9999 -9999 13.92 13.97 13.801 13.686 13.323 12.699 10.68 11.503 12.883 13.237 13.309 13.56 13.355 12.853 11.401 10.102 10.735 10.842 11.043 11.444 11.47 11.885 12.579 13.502 13.674 13.747 13.676 13.679 13.842 14.213 14.481 -9999 -9999 -9999 -9999 -9999 -9999 -9999 -9999 -9999 -9999 -9999 -9999 -9999 -9999
13.96 13.996 14.076 -9999 13.904 13.763 -9999 -9999 -9999 -9999 -9999 -9999 -9999 -9999 -9999 -9999 -9999 -9999 -9999 -9999 -9999 -9999 -9999 -9999 -9999 -9999 -9999 -9999 -9999 -9999 13.32 13.519 13.681 12.485 12.029 12.259 12.533 12.282 12.236 12.867 13.081 13.221 13.521 13.435 12.36 11.617 10.496 11.088 11.557 11.849 12.065 12.485 12.898 13.27 13.428 13.707 13.709 13.745 13.823 14.221 14.67 14.658 14.364 -9999 -9999 -9999 -9999 -9999 -9999 -9999 -9999 -9999 -9999 -9999 -9999
13.698 13.908 14.07 -9999 -9999 13.742 -9999 -9999 -9999 -9999 -9999 -9999 -9999 -9999 -9999 -9999 -9999 -9999 -9999 -9999 -9999 -9999 -9999 -9999 -9999 -9999 -9999 -9999 -9999 -9999 13.385 13.394 12.868 11.814 13.159 13.146 12.171 11.678 12.579 12.614 12.335 13.255 13.118 13.507 13.507 12.513 11.909 11.45 11.751 12.053 12.577 12.797 13.108 13.407 13.755 13.81 13.955 13.777 13.939 14.2 14.552 14.185 14.058 13.901 13.911 13.507 -9999 -9999 -9999 -9999 -9999 -9999 -9999 -9999 -9999
13.686 13.699 13.973 14.114 -9999 13.681 -9999 -9999 -9999 -9999 -9999 -9999 -9999 -9999 -9999 -9999 -9999 -9999 -9999 -9999 -9999 -9999 -9999 -9999 -9999 -9999 -9999 -9999 -9999 14.063 13.563 13.191 12.133 11.427 11.258 12.088 12.451 12.555 12.3 11.699 12.83 12.076 12.797 13.217 13.395 13.201 12.991 12.441 11.726 11.988 12.495 12.813 13.02 13.294 13.681 14.051 14.077 14.038 14.099 14.264 14.349 14.219 13.331 13.34 13.445 13.343 13.428 13.21 -9999 -9999 -9999 -9999 -9999 -9999 -9999
13.739 13.938 14.029 -9999 13.766 -9999 -9999 -9999 -9999 -9999 -9999 -9999 -9999 -9999 -9999 -9999 -9999 -9999 -9999 -9999 -9999 -9999 -9999 -9999 -9999 -9999 -9999 -9999 -9999 -9999 14.011 13.34 12.021 11.679 12.008 10.382 11.491 12.746 12.207 12.712 11.464 11.777 12.726 13.096 13.026 13.123 12.793 10.973 11.328 11.481 11.432 11.762 12.622 13.03 13.49 13.987 14.169 14.145 14.197 14.339 14.4 14.246 13.639 13.349 13.664 13.622 13.335 13.17 13.171 -9999 -9999 -9999 -9999 -9999 -9999
14.081 14.168 14.055 13.803 13.52 -9999 -9999 -9999 -9999 -9999 -9999 -9999 -9999 -9999 -9999 -9999 -9999 -9999 -9999 -9999 -9999 -9999 -9999 -9999 -9999 -9999 -9999 -9999 -9999 -9999 -9999 13.789 13.364 13.405 11.68 11.581 12.258 13.605 13.913 12.357 12.283 12.718 12.888 12.504 12.484 12.803 11.72 11.35 11.17 10.599 11.08 11.797 12.087 12.895 13.433 13.995 14.215 14.184 14.224 14.306 13.569 13.331 12.796 12.242 12.622 12.989 13.447 13.183 13.111 13.504 -9999 -9999 -9999 -9999 -9999
13.985 14.176 14.058 13.66 -9999 -9999 -9999 -9999 -9999 -9999 -9999 -9999 -9999 -9999 -9999 -9999 -9999 -9999 -9999 -9999 -9999 -9999 -9999 -9999 -9999 -9999 -9999 -9999 -9999 -9999 -9999 14.213 14.029 13.633 12.729 11.914 11.748 13.608 13.082 13.366 13.661 13.606 13.228 12.599 11.468 12.461 11.624 10.918 11.443 12.358 12.542 12.449 12.63 12.924 13.709 14.228 14.37 14.326 14.11 13.629 13.191 12.764 13.025 12.873 12.786 12.658 12.751 13.032 13.082 13.321 13.97 -9999 -9999 -9999 -9999
13.845 13.829 13.645 13.516 -9999 -9999 -9999 -9999 -9999 -9999 -9999 -9999 -9999 -9999 -9999 -9999 -9999 -9999 -9999 -9999 -9999 -9999 -9999 -9999 -9999 -9999 -9999 -9999 -9999 -9999 -9999 -9999 13.439 13.024 12.847 12.181 13.305 13.192 13.721 14.005 14.071 13.846 13.458 12.773 12.826 11.257 11.583 11.835 11.879 12.419 12.485 12.319 13.12 13.346 13.938 14.296 14.514 14.476 14.102 13.608 13.324 13.132 13.043 13.118 13.157 13.056 12.949 12.981 13.318 13.48 13.787 -9999 -9999 -9999 -9999
-9999 -9999 -9999 -9999 -9999 -9999 -9999 -9999 -9999 -9999 -9999 -9999 -9999 -9999 -9999 -9999 -9999 -9999 -9999 -9999 -9999 -9999 -9999 -9999 -9999 -9999 -9999 -9999 -9999 -9999 -9999 -9999 14.167 12.602 13.287 14.153 13.703 13.987 14.019 14.369 14.286 13.693 13.627 13.573 11.441 12.018 11.599 11.563 11.578 12.655 12.741 12.928 13.109 13.616 13.903 14.355 14.562 14.567 14.346 13.599 13.155 13.32 13.545 13.553 13.595 13.547 13.529 13.176 12.979 13.488 13.574 14.018 -9999 -9999 -9999
-9999 -9999 -9999 -9999 -9999 -9999 -9999 -9999 -9999 -9999 -9999 -9999 -9999 -9999 -9999 -9999 -9999 -9999 -9999 -9999 -9999 -9999 -9999 -9999 -9999 -9999 -9999 -9999 -9999 -9999 -9999 -9999 -9999 13.95 14.639 14.407 14.142 14.343 14.245 14.529 14.29 13.943 13.963 13.042 11.952 11.327 11.219 10.808 11.523 11.688 12.061 12.63 12.691 13.173 13.803 14.271 14.506 14.386 14.246 14.112 13.2 13.14 13.832 14.246 14.118 14.154 14.189 14.093 13.814 13.925 14.16 13.974 -9999 -9999 -9999
-9999 -9999 -9999 -9999 -9999 -9999 -9999 -9999 -9999 -9999 -9999 -9999 -9999 -9999 -9999 -9999 -9999 -9999 -9999 -9999 -9999 -9999 -9999 -9999 -9999 -9999 -9999 -9999 -9999 -9999 -9999 -9999 -9999 14.268 -9999 14.38 14.741 14.489 14.465 -9999 14.436 14.085 13.984 13.168 11.932 11.837 11.73 11.2 11.642 11.644 10.997 11.922 12.348 12.703 13.221 14.008 14.386 14.326 14.208 14.245 14.232 13.874 14.192 14.466 14.329 14.091 14.146 14.264 14.296 14.299 13.934 13.619 13.595 -9999 -9999
-9999 -9999 -9999 -9999 -9999 -9999 -9999 -9999 -9999 -9999 -9999 -9999 -9999 -9999 -9999 -9999 -9999 -9999 -9999 -9999 -9999 -9999 -9999 -9999 -9999 -9999 -9999 -9999 -9999 -9999 -9999 -9999 -9999 -9999 14.638 14.536 -9999 -9999 -9999 -9999 14.635 14.376 14.395 13.736 13.247 12.218 12.049 11.878 11.762 12.581 12.118 11.453 12.322 12.581 13.229 13.806 14.356 14.569 14.565 14.515 14.509 14.375 14.164 14.289 14.138 14.019 14.106 14.109 13.923 13.945 14.132 13.879 13.616 13.443 13.454
-9999 -9999 -9999 -9999 -9999 -9999 -9999 -9999 -9999 -9999 -9999 -9999 -9999 -9999 -9999 -9999 -9999 -9999 -9999 -9999 -9999 -9999 -9999 -9999 -9999 -9999 -9999 -9999 -9999 -9999 -9999 -9999 -9999 -9999 14.504 14.611 -9999 -9999 -9999 -9999 14.75 14.338 14.567 14.118 13.298 13.456 13.281 12.414 12.335 12.538 12.733 11.612 12.256 12.619 12.995 13.613 14.327 14.686 14.785 14.801 14.744 14.656 14.473 14.286 14.216 14.142 14.117 13.955 13.711 13.555 13.669 13.876 13.976 13.877 13.776
-9999 -9999 -9999 -9999 -9999 -9999 -9999 -9999 -9999 -9999 -9999 -9999 -9999 -9999 -9999 -9999 -9999 -9999 -9999 -9999 -9999 -9999 -9999 -9999 -9999 -9999 -9999 -9999 -9999 -9999 -9999 -9999 -9999 -9999 14.556 -9999 -9999 -9999 -9999 14.957 14.558 14.216 13.517 13.149 13.181 13.219 13.342 12.775 12.288 12.901 12.901 12.806 12.264 12.838 13.163 13.639 14.093 14.565 14.69 14.821 14.9 14.885 14.816 14.678 14.585 14.266 13.732 13.665 13.658 13.776 13.892 14.044 14.146 14.127 -9999
-9999 -9999 -9999 -9999 -9999 -9999 -9999 -9999 -9999 -9999 -9999 -9999 -9999 -9999 -9999 -9999 -9999 -9999 -9999 -9999 -9999 -9999 -9999 -9999 -9999 -9999 -9999 -9999 -9999 -9999 -9999 -9999 -9999 -9999 -9999 -9999 -9999 -9999 -9999 14.658 14.193 13.247 12.407 12.079 12.678 13.384 13.346 13.527 13.41 13.529 13.34 13.133 12.839 12.867 13.372 13.723 14.004 14.382 14.623 14.784 14.97 15.082 15.097 14.971 14.775 14.547 13.688 13.208 13.788 14.053 14.29 14.322 14.316 14.182 -9999
-9999 -9999 -9999 -9999 -9999 -9999 -9999 -9999 -9999 -9999 -9999 -9999 -9999 -9999 -9999 -9999 -9999 -9999 -9999 -9999 -9999 -9999 -9999 -9999 -9999 -9999 -9999 -9999 -9999 -9999 -9999 -9999 -9999 -9999 -9999 -9999 -9999 -9999 -9999 14.483 14.166 13.468 12.616 12.648 13.247 13.415 13.782 13.753 13.719 13.733 13.654 13.875 13.34 13.284 13.382 13.677 13.951 14.317 14.661 14.761 14.933 15.181 15.191 15.081 14.868 14.662 14.211 13.551 13.771 14.212 14.394 14.484 14.408 14.248 -9999
-9999 -9999 -9999 -9999 -9999 -9999 -9999 -9999 -9999 -9999 -9999 -9999 -9999 -9999 -9999 -9999 -9999 -9999 -9999 -9999 -9999 -9999 -9999 -9999 -9999 -9999 -9999 -9999 -9999 -9999 -9999 -9999 -9999 -9999 -9999 -9999 -9999 -9999 14.547 14.442 14.065 13.232 12.697 12.475 13.21 13.258 14.109 13.781 13.784 13.47 13.483 13.379 14.155 14.087 14.244 14.191 14.412 14.327 14.525 14.696 14.771 14.908 15.149 15.035 14.818 14.59 14.5 14.062 13.967 14.239 14.439 14.523 14.504 14.339 14.199
-9999 -9999 -9999 -9999 -9999 -9999 -9999 -9999 -9999 -9999 -9999 -9999 -9999 -9999 -9999 -9999 -9999 -9999 -9999 -9999 -9999 -9999 -9999 -9999 -9999 -9999 -9999 -9999 -9999 -9999 -9999 -9999 -9999 -9999 -9999 -9999 -9999 -9999 14.631 14.625 14.393 13.92 13.157 13.93 13.792 14.372 13.754 13.275 13.34 12.952 13.134 13.774 13.601 14.141 14.188 14.206 14.275 14.437 14.403 14.55 14.726 14.817 14.895 14.823 14.555 14.413 14.455 14.464 14.142 14.197 14.41 14.543 14.618 14.494 14.291
-9999 -9999 -9999 -9999 -9999 -9999 -9999 -9999 -9999 -9999 -9999 -9999 -9999 -9999 -9999 -9999 -9999 -9999 -9999 -9999 -9999 -9999 -9999 -9999 -9999 -9999 -9999 -9999 -9999 -9999 -9999 -9999 -9999 -9999 -9999 -9999 -9999 14.667 14.729 14.713 14.866 14.375 14.349 14.245 14.498 14.381 13.687 13.625 13.283 12.809 13.062 13.553 14.485 14.17 14.682 14.687 14.583 14.386 14.44 14.5 14.683 14.767 14.764 14.664 14.431 14.319 14.409 14.502 14.38 14.143 14.384 14.761 14.921 14.779 14.524
-9999 -9999 -9999 -9999 -9999 -9999 -9999 -9999 -9999 -9999 -9999 -9999 -9999 -9999 -9999 -9999 -9999 -9999 -9999 -9999 -9999 -9999 -9999 -9999 -9999 -9999 -9999 -9999 -9999 -9999 -9999 -9999 -9999 -9999 -9999 -9999 -9999 14.741 14.579 14.71 14.821 14.71 14.582 14.563 14.361 14.073 14.23 13.969 13.175 12.1 12.487 13.012 13.863 14.512 14.52 14.987 15.139 14.878 14.524 14.586 14.725 14.795 14.771 14.702 14.523 14.438 14.499 14.601 14.472 14.248 14.533 15.066 15.255 15.129 14.777
-9999 -9999 -9999 -9999 -9999 -9999 -9999 -9999 -9999 -9999 -9999 -9999 -9999 -9999 -9999 -9999 -9999 -9999 -9999 -9999 -9999 -9999 -9999 -9999 -9999 -9999 -9999 -9999 -9999 -9999 -9999 -9999 -9999 -9999 -9999 -9999 -9999 14.701 14.72 14.867 14.966 14.894 14.804 14.49 14.221 14.103 13.74 13.101 12.283 12.267 12.619 13.013 13.712 14.404 14.475 14.58 15.054 15.277 15.114 14.923 14.931 14.893 14.833 14.815 14.72 14.644 14.683 14.73 14.778 14.63 14.752 15.217 15.394 15.228 14.94
-9999 -9999 -9999 -9999 -9999 -9999 -9999 -9999 -9999 -9999 -9999 -9999 -9999 -9999 -9999 -9999 -9999 -9999 -9999 -9999 -9999 -9999 -9999 -9999 -9999 -9999 -9999 -9999 -9999 -9999 -9999 -9999 -9999 -9999 -9999 -9999 -9999 -9999 14.815 14.907 14.971 14.897 14.443 13.978 13.726 13.586 13.527 13.268 12.761 13.001 13.063 13.661 14.619 14.832 14.863 14.629 15.033 15.28 15.132 15.051 15.073 14.983 14.91 14.901 14.878 14.828 14.826 14.851 14.835 14.891 14.926 -9999 15.227 -9999 14.918
-9999 -9999 -9999 -9999 -9999 -9999 -9999 -9999 -9999 -9999 -9999 -9999 -9999 -9999 -9999 -9999 -9999 -9999 -9999 -9999 -9999 -9999 -9999 -9999 -9999 -9999 -9999 -9999 -9999 -9999 -9999 -9999 -9999 -9999 -9999 -9999 -9999 14.88 14.873 14.908 14.96 14.769 14.144 13.342 13.289 13.523 13.11 13.04 13.264 12.955 12.675 13.296 14.189 15.127 14.881 14.903 15.236 15.232 14.997 15.022 15.053 15.063 15.014 14.998 14.967 14.935 14.926 14.741 14.752 14.842 14.708 14.707 14.851 14.883 -9999
-9999 -9999 -9999 -9999 -9999 -9999 -9999 -9999 -9999 -9999 -9999 -9999 -9999 -9999 -9999 -9999 -9999 -9999 -9999 -9999 -9999 -9999 -9999 -9999 -9999 -9999 -9999 -9999 -9999 -9999 -9999 -9999 -9999 -9999 -9999 -9999 -9999 14.938 14.916 14.926 14.823 14.478 14.177 13.741 13.511 13.793 13.778 13.862 14.02 13.376 12.903 13.339 14.067 14.469 14.382 14.484 14.816 14.931 14.697 14.75 14.98 15.08 15.151 15.12 15.058 14.988 15.003 15.018 14.762 14.829 14.808 14.562 14.643 14.759 14.844
-9999 -9999 -9999 -9999 -9999 -9999 -9999 -9999 -9999 -9999 -9999 -9999 -9999 -9999 -9999 -9999 -9999 -9999 -9999 -9999 -9999 -9999 -9999 -9999 -9999 -9999 -9999 -9999 -9999 -9999 -9999 -9999 -9999 -9999 -9999 -9999 14.92 14.934 14.826 14.687 14.583 14.685 14.647 14.165 14.413 14.531 14.59 14.696 14.476 13.699 12.697 12.485 13.228 13.779 13.67 14.119 14.694 14.812 14.867 14.784 14.98 15.164 15.268 15.251 15.157 15.047 15.039 15.073 15.003 14.863 14.854 14.555 14.475 14.642 14.813
-9999 -9999 -9999 -9999 -9999 -9999 -9999 -9999 -9999 -9999 -9999 -9999 -9999 -9999 -9999 -9999 -9999 -9999 -9999 -9999 -9999 -9999 -9999 -9999 -9999 -9999 -9999 -9999 -9999 -9999 -9999 -9999 -9999 -9999 -9999 -9999 14.932 15.017 14.921 14.877 14.757 14.654 14.966 14.942 14.992 15.007 15.044 15.055 14.803 14.194 13.427 12.258 11.913 12.904 13.173 13.626 14.407 14.597 15.036 15.171 15.038 15.194 15.36 15.368 15.25 15.092 15.035 15.065 14.989 14.92 14.884 14.792 14.286 14.401 14.663
-9999 -9999 -9999 -9999 -9999 -9999 -9999 -9999 -9999 -9999 -9999 -9999 -9999 -9999 -9999 -9999 -9999 -9999 -9999 -9999 -9999 -9999 -9999 -9999 -9999 -9999 -9999 -9999 -9999 -9999 -9999 -9999 -9999 -9999 -9999 -9999 -9999 15.263 15.254 15.301 15.126 15.24 15.224 15.24 15.305 15.35 15.526 15.505 15.242 14.754 13.822 12.791 11.787 11.64 12.573 13.311 14.06 14.688 14.767 15.077 15.037 15.096 15.334 15.392 15.272 15.107 15.03 14.99 14.944 14.908 14.903 14.788 14.443 14.194 14.382
