Validation/Results/raw data/ReClimate_07_2024_1_Precipitation-Actuals.asc
NCOLS 192
NROWS 249
XLLCENTER -225160.85627316462
YLLCENTER 29788.11610251502
CELLSIZE 5000.0
NODATA_VALUE -9999
[rows 165 to 197 of 249, columns 74 to 147 of 192]
-9999 -9999 -9999 -9999 -9999 -9999 -9999 -9999 -9999 -9999 -9999 -9999 -9999 -9999 -9999 -9999 -9999 -9999 -9999 -9999 -9999 -9999 -9999 -9999 -9999 -9999 -9999 -9999 -9999 -9999 -9999 -9999 -9999 -9999 -9999 -9999 -9999 -9999 77.064 86.434 84.887 86.843 90.239 98.495 115.039 116.022 116.025 118.555 113.08 114.664 112.154 112.341 101.087 82.43 68.715 68.636 64.45 61.291 60.288 61.812 60.11 58.885 58.357 61.086 63.37 62.671 60.82 58.986 59.435 58.115 60.175 59.768 59.13 54.579
-9999 -9999 -9999 -9999 -9999 -9999 -9999 -9999 -9999 -9999 -9999 -9999 -9999 -9999 -9999 -9999 -9999 -9999 -9999 -9999 -9999 -9999 -9999 -9999 -9999 -9999 -9999 -9999 -9999 -9999 -9999 -9999 -9999 -9999 -9999 -9999 -9999 -9999 80.223 89.466 85.359 86.443 91.55 100.795 109.119 113.26 109.082 105.759 108.924 100.583 104.642 111.158 100.537 85.993 75.613 67.591 64.742 63.49 60.821 62.184 60.787 58.767 59.509 59.699 63.117 63.253 62.708 60.346 58.027 61.839 61.215 56.297 57.835 58.16
-9999 -9999 -9999 -9999 -9999 -9999 -9999 -9999 -9999 -9999 -9999 -9999 -9999 -9999 -9999 -9999 -9999 -9999 -9999 -9999 -9999 -9999 -9999 -9999 -9999 -9999 -9999 -9999 -9999 -9999 -9999 -9999 -9999 -9999 -9999 -9999 -9999 72.88 78.321 82.779 84.388 84.62 88.28 93.175 102.975 99.336 94.265 94.937 93.597 92.57 103.769 116.118 117.629 97.351 82.407 78.593 66.271 58.624 57.224 58.593 61.806 60.491 62.914 60.563 54.717 58.033 59.34 60.956 59.274 58.864 60.77 59.699 58.507 58.844
-9999 -9999 -9999 -9999 -9999 -9999 -9999 -9999 -9999 -9999 -9999 -9999 -9999 -9999 -9999 -9999 -9999 -9999 -9999 -9999 -9999 -9999 -9999 -9999 -9999 -9999 -9999 -9999 -9999 -9999 -9999 -9999 -9999 -9999 -9999 -9999 -9999 71.691 74.374 80.921 81.646 83.537 87.791 88.098 90.312 85.234 85.851 87.704 86.859 91.433 99.222 109.39 122.474 120.003 93.891 82.748 74.571 62.539 59.793 54.554 54.425 58.56 60.132 60.218 58.825 56.761 58.438 58.174 63.912 64.001 59.834 58.771 57.215 58.641
-9999 -9999 -9999 -9999 -9999 -9999 -9999 -9999 -9999 -9999 -9999 -9999 -9999 -9999 -9999 -9999 -9999 -9999 -9999 -9999 -9999 -9999 -9999 -9999 -9999 -9999 -9999 -9999 -9999 -9999 -9999 -9999 -9999 -9999 -9999 -9999 -9999 -9999 71.083 77.525 77.717 82.09 81.835 82.733 78.266 77.369 78.467 77.95 80.615 84.394 90.824 100.452 110.284 121.003 115.309 92.53 77.795 67.872 59.476 58.459 53.593 56.23 58.827 57.264 54.624 57.657 58.002 58.606 58.025 62.667 59.497 56.966 57.233 55.979
-9999 -9999 -9999 -9999 -9999 -9999 -9999 -9999 -9999 -9999 -9999 -9999 -9999 -9999 -9999 -9999 -9999 -9999 61.962 67.986 -9999 -9999 -9999 -9999 -9999 -9999 -9999 -9999 -9999 -9999 -9999 -9999 -9999 -9999 -9999 -9999 -9999 63.935 69.449 73.602 77.96 78.595 77.872 76.041 74.856 73.431 72.834 75.094 78.247 81.753 86.919 100.542 109.539 115.562 105.803 98.545 85.821 66.192 60.322 53.645 57.569 60.514 59.387 57.022 55.5 53.594 56.958 59.522 62.882 58.289 56.904 55.007 54.84 58.156
-9999 -9999 -9999 -9999 -9999 -9999 -9999 -9999 -9999 -9999 -9999 -9999 -9999 -9999 -9999 -9999 -9999 -9999 73.881 78.662 77.023 -9999 -9999 -9999 -9999 -9999 -9999 -9999 -9999 -9999 -9999 -9999 -9999 -9999 -9999 -9999 60.34 64.482 67.707 73.085 78.841 75.543 73.986 72.265 73.504 71.531 72.389 76.482 78.45 80.048 85.292 90.391 106.628 117.749 106.34 85.582 80.082 72.053 58.787 55.581 53.214 60.249 58.961 54.228 56.091 54.82 56.221 55.796 57.259 58.839 55.646 54.241 54.39 57.158
-9999 -9999 -9999 -9999 -9999 -9999 -9999 -9999 -9999 -9999 -9999 -9999 -9999 -9999 -9999 -9999 -9999 71.988 77.313 82.082 79.21 76.177 -9999 -9999 -9999 -9999 -9999 -9999 -9999 -9999 -9999 -9999 -9999 73.818 -9999 -9999 59.565 67.161 67.345 70.452 71.247 -9999 73.728 74.893 75.26 73.294 72.523 72.979 75.607 77.218 78.945 89.715 89.054 102.985 93.414 79.068 78.508 67.895 65.859 58.544 54.711 54.836 55.085 52.668 52.404 55.321 54.855 56.342 54.991 55.376 54.763 54.35 52.734 52.865
-9999 -9999 -9999 -9999 -9999 -9999 -9999 -9999 -9999 -9999 -9999 -9999 -9999 -9999 -9999 -9999 -9999 69.25 76.053 82.353 85.423 85.905 77.134 77.681 -9999 -9999 -9999 75.96 66.422 -9999 65.197 63.48 63.947 73.643 68.865 -9999 -9999 61.653 63.423 -9999 -9999 70.585 72.118 71.222 70.736 70.33 70.409 73.142 73.449 78.607 85.622 98.725 90.177 88.283 83.2 78.197 77.304 70.997 59.014 58.282 56.147 56.818 51.839 51.765 55.405 55.332 55.081 55.858 55.032 53.926 54.184 54.091 52.119 52.269
-9999 -9999 -9999 -9999 -9999 -9999 -9999 -9999 -9999 -9999 -9999 -9999 -9999 -9999 -9999 -9999 -9999 -9999 75.329 83.519 91.366 88.577 81.473 -9999 -9999 112.272 110.232 79.244 78.025 78.57 75.81 62.089 62.282 58.962 66.674 69.846 -9999 57.529 59.041 63.047 65.224 69.601 71.713 71.36 67.885 68.798 69.611 69.716 76.06 80.768 90.429 104.586 102.192 85.72 76.915 71.573 73.706 65.785 57.38 53.937 53.442 54.113 52.989 51.705 52.468 55.041 54.174 53.736 53.748 55.845 53.821 53.577 52.272 50.821
-9999 -9999 -9999 -9999 -9999 -9999 -9999 -9999 -9999 -9999 -9999 -9999 -9999 -9999 -9999 -9999 -9999 -9999 75.393 82.311 81.399 79.205 87.327 101.531 119.659 147.986 106.373 79.872 83.058 79.635 77.001 66.849 55.535 62.402 74.381 70.633 64.192 57.748 58.128 60.658 64.169 66.898 73.34 75.462 70.395 71.321 65.087 67.578 72.63 78.719 92.562 97.097 95.659 88.942 81.336 70.528 69.284 69.711 64.565 56.668 55.63 54.337 51.473 53.018 52.985 51.845 51.753 51.249 52.898 56.246 57.583 54.984 53.362 51.067
-9999 -9999 -9999 -9999 -9999 -9999 -9999 -9999 -9999 -9999 -9999 -9999 -9999 -9999 -9999 -9999 -9999 -9999 -9999 82.618 82.238 93.803 118.25 136.417 178.895 167.935 125.09 101.136 90.95 87.738 87.908 74.673 67.726 67.583 66.278 75.1 61.807 62.988 75.865 60.3 63.963 64.775 68.887 66.279 66.943 63.035 66.072 67.794 71.232 79.816 88.415 93.706 85.912 79.59 80.643 76.063 88.834 88.972 70.954 62.028 60.484 58.463 54.657 52.646 52.798 52.892 51.757 50.832 52.74 52.652 55.224 55.519 52.696 51.294
-9999 -9999 -9999 -9999 -9999 -9999 -9999 -9999 -9999 -9999 -9999 -9999 -9999 -9999 -9999 -9999 -9999 -9999 -9999 -9999 -9999 110.482 142.765 193.955 235.793 188.936 128.374 106.649 96.308 107.497 97.016 86.272 73.684 65.63 65.967 68.746 68.695 74.05 64.93 56.671 60.145 61.679 63.062 63.474 61.272 61.165 64.756 66.393 70.536 79.952 84.792 82.326 86.012 83.43 82.013 84.526 71.99 80.606 70.1 59.747 61.005 60.743 55.678 54.526 53.196 52.455 53.51 51.302 52.401 52.667 49.531 53.673 52.836 51.461
-9999 -9999 -9999 -9999 -9999 -9999 -9999 -9999 -9999 -9999 -9999 -9999 -9999 -9999 -9999 -9999 -9999 -9999 -9999 -9999 103.414 134.428 172.922 227.669 261.08 193.276 140.917 119.864 103.002 103.374 94.402 84.489 83.302 65.381 65.454 75.3 70.258 67.522 55.819 57.455 57.94 58.764 63.304 64.061 65.331 62.521 63.152 64.759 72.676 75.984 73.075 77.128 81.591 78.472 78.694 75.459 71.775 76.361 66.235 59.75 59.068 60.077 58.012 54.541 55.995 53.159 53.292 52.048 50.984 51.499 54.543 51.762 53.642 51.762
-9999 -9999 -9999 -9999 -9999 -9999 -9999 -9999 -9999 -9999 -9999 -9999 -9999 -9999 -9999 -9999 -9999 -9999 -9999 102.064 144.6 149.57 188.727 231.605 209.541 211.702 179.602 138.439 124.526 111.694 91.232 86.941 70.326 74.458 80.483 79.104 72.607 62.922 55.392 56.095 55.455 61.207 61.319 62.905 61.755 61.219 62.306 68.707 71.984 72.827 75.658 75.232 80.846 84.902 72.458 69.822 66.026 65.08 69.211 56.967 55.743 58.171 59.655 56.951 53.621 52.791 50.52 51.659 52.225 51.939 53.972 54.196 50.61 52.593
-9999 -9999 -9999 -9999 -9999 -9999 -9999 -9999 -9999 -9999 -9999 -9999 -9999 -9999 -9999 -9999 -9999 -9999 97.411 126.675 114.829 134.318 158.171 158.39 173.826 181.463 159.905 150.633 134.332 113.071 101.956 86.555 75.304 81.614 79.814 65.167 61.791 56.01 58.646 53.987 55.805 59.484 56.749 58.594 59.827 60.468 63.787 68.862 71.304 71.949 75.807 75.357 71.412 74.163 72.019 65.616 62.887 62.965 63.001 60.647 55.347 55.817 57.354 55.479 55.155 53.375 50.881 53.855 53.477 51.875 51.749 53.693 50.335 51.155
-9999 -9999 -9999 -9999 -9999 -9999 -9999 -9999 -9999 -9999 -9999 -9999 -9999 -9999 -9999 -9999 81.141 87.811 89.823 90.357 96.244 100.979 116.14 113.95 130.994 138.363 150.928 148.701 142.923 102.091 89.564 80.033 77.268 94.257 87.273 74.982 61.544 61.802 58.746 55.516 57.599 58.518 59.7 59.823 60.808 62.257 67.197 69.872 66.349 72.152 76.469 73.964 68.219 65.819 63.271 62.2 59.678 58.935 58.804 58.573 57.063 54.535 54.413 52.783 51.969 52.277 50.482 50.284 53.708 52.083 53.528 53.578 52.481 51.253
-9999 -9999 -9999 -9999 -9999 -9999 -9999 -9999 -9999 -9999 -9999 -9999 -9999 -9999 -9999 80.324 82.026 80.355 78.121 -9999 -9999 -9999 -9999 115.031 138.168 156.384 150.87 150.153 119.988 104.391 109.995 98.361 99.717 118.507 99.07 78.193 73.316 65.038 58.028 57.838 58.431 56.91 57.502 59.41 59.198 63.366 66.585 66.818 65.374 68.415 69.978 70.316 66.521 59.891 58.32 59.547 55.888 54.045 54.674 53.677 54.878 53.692 52.746 51.113 52.876 52.232 52.119 53.292 52.831 53.21 51.832 52.428 52.398 52.834
-9999 -9999 -9999 -9999 -9999 -9999 -9999 -9999 -9999 -9999 -9999 -9999 -9999 -9999 -9999 80.396 82.193 74.914 -9999 -9999 -9999 -9999 -9999 114.423 141.102 158.943 139.122 145.375 140.08 136.698 138.746 117.375 108.955 108.135 81.495 79.967 70.62 61.833 59.256 60.98 57.054 57.291 60.495 59.353 57.658 61.507 65.416 61.762 65.592 62.649 63.201 63.301 64.221 62.92 61.137 58.008 54.984 52.342 52.425 53.373 51.6 52.148 49.463 48.424 51.97 55.311 56.759 57.648 57.076 55.3 53.677 55.963 53.644 52.121
-9999 -9999 -9999 -9999 -9999 -9999 -9999 -9999 -9999 -9999 -9999 -9999 -9999 -9999 -9999 -9999 -9999 72.238 -9999 -9999 -9999 -9999 -9999 113.27 136.824 132.228 136.147 141.95 143.42 167.054 152.617 103.555 107.99 91.215 83.364 74.778 64.722 60.416 57.68 56.542 56.195 59.379 59.377 56.14 56.989 60.472 60.532 64.798 61.284 58.893 61.621 61.07 59.916 60.736 61.861 58.619 55.902 58.052 56.38 53.611 52.643 51.671 54.019 51.144 51.023 54.589 55.409 57.089 58.086 56.711 55.322 55.725 55.932 52.719
-9999 -9999 -9999 -9999 -9999 -9999 -9999 -9999 -9999 -9999 -9999 -9999 -9999 -9999 -9999 -9999 -9999 -9999 -9999 -9999 -9999 -9999 -9999 102.083 119.224 113.885 131.253 147.394 169.437 165.82 137.234 115.516 95.633 85.311 78.31 62.068 58.033 52.246 54.168 55.715 57.302 56.404 56.569 57.134 56.683 57.632 59.4 59.931 59.549 59.409 56.773 64.513 59.976 56.518 57.566 58.324 56.612 58.319 60.816 57.992 57.992 60.714 57.112 54.297 51.176 51.501 53.992 54.639 55.459 56.459 54.982 54.142 52.295 54.52
-9999 -9999 -9999 -9999 -9999 -9999 -9999 -9999 -9999 -9999 -9999 -9999 -9999 -9999 -9999 -9999 -9999 -9999 -9999 -9999 -9999 -9999 -9999 -9999 109.251 167.758 213.042 174.832 158.771 144.002 127.344 104.04 86.743 77.077 67.158 69.958 62.333 54.152 58.295 56.543 53.949 53.564 53.482 57.498 58.876 57.076 59.823 60.555 60.225 56.462 58.436 62.348 61.807 52.854 53.577 55.623 55.938 57.22 61.153 63.741 64.707 63.457 58.995 53.654 53.17 53.836 55.27 57.069 55.329 55.017 54.258 53.856 51.379 50.943
-9999 -9999 -9999 -9999 -9999 -9999 -9999 -9999 -9999 -9999 -9999 -9999 -9999 -9999 -9999 -9999 -9999 -9999 -9999 -9999 -9999 -9999 -9999 111.793 133.302 184.63 184.556 161.508 139.228 133.652 119.344 99.741 91.294 73.851 70.305 70.786 60.456 70.153 59.477 54.738 60.477 56.67 55.836 57.993 60.874 62.017 57.64 58.472 58.238 56.928 57.32 59.589 59.435 54.973 52.992 54.939 54.666 55.09 56.196 57.499 60.302 61.165 57.444 54.594 55.642 56.016 57.426 61.585 58.518 54.699 56.168 53.803 51.03 49.786
-9999 -9999 -9999 -9999 -9999 -9999 -9999 -9999 -9999 -9999 -9999 -9999 -9999 -9999 -9999 -9999 -9999 -9999 -9999 -9999 -9999 -9999 -9999 103.376 128.057 163.696 141.558 126.054 121.776 120.367 114.787 107.159 85.606 70.945 69.839 63.989 63.145 63.145 59.979 60.638 59.623 54.119 53.922 55.535 59.256 59.742 58.141 58.393 60.298 59.798 60.417 59.269 58.924 57.751 55.193 54.082 53.538 54.114 55.494 56.57 58.417 59.889 55.966 52.407 56.143 60.491 57.054 58.245 60.501 55.454 53.951 51.897 47.7 49.319
-9999 -9999 -9999 -9999 -9999 -9999 -9999 -9999 -9999 -9999 -9999 -9999 -9999 -9999 -9999 -9999 -9999 -9999 -9999 -9999 -9999 -9999 -9999 90.413 113.151 114.915 125.161 112.699 110.819 116.313 116.919 96.702 86.094 70.153 65.456 60.19 61.657 64.795 66.33 71.058 69.618 61.711 59.919 58.858 59.133 58.472 56.32 59.767 59.556 61.135 62.226 60.462 60.537 60.26 58.254 55.073 56.804 56.609 55.936 58.144 56.35 55.714 55.082 54.841 55.562 59.024 59.417 56.442 54.349 53.96 54.325 54.663 47.36 45.074
-9999 -9999 -9999 -9999 -9999 -9999 -9999 -9999 -9999 -9999 -9999 -9999 -9999 -9999 -9999 -9999 -9999 -9999 -9999 -9999 -9999 -9999 -9999 -9999 96.708 124.382 133.698 135.508 130.337 115.369 101.629 84.684 67.2 59.859 54.357 59.18 61.206 58.626 65.169 69.458 72.218 63.664 58.685 55.935 61.457 59.09 56.398 58.143 57.974 61.427 63.295 60.176 57.258 58.974 58.419 56.357 58.278 60.217 56.473 55.679 57.372 53.915 54.437 56.977 56.991 56.811 55.114 55.566 54.543 53.012 54.365 52.941 50.902 47.283
-9999 -9999 -9999 -9999 -9999 -9999 -9999 -9999 -9999 -9999 -9999 -9999 -9999 -9999 -9999 -9999 -9999 -9999 -9999 -9999 -9999 -9999 -9999 -9999 105.114 130.939 148.969 155.386 151.681 125.148 95.136 75.184 66.382 63.103 69.116 74.097 67.068 60.525 54.017 64.684 68.323 62.986 61.812 66.775 63.29 58.858 59.71 61.484 60.612 61.337 61.816 62.248 58.697 57.062 57.409 62.669 61.548 61.151 58.4 56.325 57.806 58.36 57.532 58.783 57.782 55.814 59.479 57.56 56.354 53.729 54.597 53.195 50.035 49.628
-9999 -9999 -9999 -9999 -9999 -9999 -9999 -9999 -9999 -9999 -9999 -9999 -9999 -9999 -9999 -9999 -9999 -9999 -9999 -9999 -9999 -9999 -9999 89.243 95.945 128.164 150.48 160.853 149.767 117.863 89.969 90.225 95.025 82.275 77.862 72.895 59.748 55.287 60.109 66.061 61.58 64.678 70.174 68.81 66.346 60.853 59.853 62.71 59.823 62.405 65.01 63.49 63.612 60.226 57.421 57.09 62.62 60.834 58.641 57.646 56.865 57.716 59.336 60.504 60.974 58.441 58.64 59.015 56.521 55.398 53.922 51.525 50.863 51.998
-9999 -9999 -9999 -9999 -9999 -9999 -9999 -9999 -9999 -9999 -9999 -9999 -9999 -9999 -9999 -9999 -9999 -9999 -9999 -9999 -9999 -9999 -9999 86.487 95.828 115.225 127.429 148.147 147.11 116.189 97.687 92.103 87.458 88.279 87.743 77.554 66.469 71.146 68.707 59.874 65.55 62.607 65.726 65.381 73.196 61.228 59.138 58.168 58.635 61.753 63.431 70.579 65.439 64.437 61.156 58.967 61.034 57.438 55.316 57.254 58.718 57.087 57.51 60.528 61.302 61.331 60.154 57.228 54.588 53.796 54.734 51.927 49.465 50.948
-9999 -9999 -9999 -9999 -9999 -9999 -9999 -9999 -9999 -9999 -9999 -9999 -9999 -9999 -9999 -9999 -9999 -9999 -9999 -9999 -9999 -9999 -9999 86.496 90.516 92.401 105.723 140.489 138.535 116.395 94.882 82.925 90.07 89.64 84.181 79.286 80.581 74.376 61.377 63.246 59.616 70.78 60.756 65.759 63.157 58.59 59.242 54.193 54.788 58.131 67.129 64.11 66.376 64.619 62.947 63.494 62.678 60.464 56.28 58.202 60.337 61.551 59.492 57.257 60.707 58.848 56.48 57.191 53.823 52.612 50.137 51.374 49.797 48.02
-9999 -9999 -9999 -9999 -9999 -9999 -9999 -9999 -9999 -9999 -9999 -9999 -9999 -9999 -9999 -9999 -9999 -9999 -9999 -9999 -9999 -9999 88.419 89.105 102.639 95.687 110.138 129.031 124.016 113.085 88.526 77.915 79.218 77.054 77.822 82.334 71.473 67.52 68.419 61.282 63.525 60.073 55.833 55.545 58.062 60.669 54.194 52.906 54.981 57.747 58.805 60.154 60.648 63.666 62.97 62.353 62.45 60.815 57.802 57.964 56.517 57.179 59.791 59.52 57.704 56.684 53.469 54.567 54.465 49.158 51.521 50.51 49.595 48.566
-9999 -9999 -9999 -9999 -9999 -9999 -9999 -9999 -9999 -9999 -9999 -9999 -9999 -9999 -9999 -9999 -9999 -9999 -9999 -9999 -9999 89.262 89.289 101.494 98.68 98.732 120.957 132.77 127.381 109.246 97.884 82.814 85.269 78.71 80.279 84.198 69.136 69.913 63.297 60.662 60.416 60.902 54.454 61.537 61.942 58.893 53.369 57.021 55.081 57.614 59.554 58.422 59.123 59.355 61.033 61.41 60.167 59.468 59.343 61.544 59.783 55.972 54.843 55.465 56.648 54.836 52.545 51.261 51.191 50.797 51.381 52.042 49.281 48.661
-9999 -9999 -9999 -9999 -9999 -9999 -9999 -9999 -9999 -9999 -9999 -9999 -9999 -9999 -9999 -9999 -9999 -9999 -9999 102.656 97.409 94.653 79.158 90.646 97.1 107.139 127.892 134.175 135.736 125.432 100.766 91.067 82.823 79.151 80.598 81.203 69.9 63.671 64.003 58.089 57.887 53.685 59.349 61.688 57.893 55.314 54.682 54.813 56.512 57.852 59.057 58.007 57.955 57.702 58.549 57.485 55.904 53.851 57.145 60.208 63.444 62.049 58.453 55.22 55.789 54.338 52.499 53.137 50.342 49.587 47.149 49.303 49.511 48.561
