Validation/Results/raw data/ReClimate_11_2023_1_Temperature.asc
NCOLS 192
NROWS 249
XLLCENTER -225160.85627316462
YLLCENTER 29788.11610251502
CELLSIZE 5000.0
NODATA_VALUE -9999
[rows 170 to 203 of 249, columns 77 to 153 of 192]
-9999 -9999 -9999 -9999 -9999 -9999 -9999 -9999 -9999 -9999 -9999 -9999 -9999 -9999 -9999 0.037 0.045 -9999 -9999 -9999 -9999 -9999 -9999 -9999 -9999 -9999 -9999 -9999 -9999 -9999 -9999 -9999 -9999 -9999 0.211 0.212 0.221 0.229 0.237 0.243 0.253 0.263 0.266 0.268 0.274 0.279 0.272 0.261 0.254 0.243 0.244 0.244 0.255 0.269 0.27 0.269 0.269 0.267 0.267 0.266 0.29 0.318 0.301 0.277 0.273 0.267 0.282 0.3 0.298 0.293 0.29 0.284 0.288 0.291 0.295 0.297 0.291
-9999 -9999 -9999 -9999 -9999 -9999 -9999 -9999 -9999 -9999 -9999 -9999 -9999 -9999 -9999 0.047 0.056 0.06 -9999 -9999 -9999 -9999 -9999 -9999 -9999 -9999 -9999 -9999 -9999 -9999 -9999 -9999 -9999 0.212 0.21 0.231 0.24 0.244 0.245 0.231 0.247 0.274 0.273 0.259 0.261 0.252 0.254 0.273 0.276 0.29 0.272 0.262 0.265 0.273 0.277 0.279 0.275 0.272 0.273 0.274 0.283 0.303 0.3 0.285 0.281 0.274 0.28 0.291 0.299 0.299 0.305 0.305 0.312 0.318 0.315 0.312 0.311
-9999 -9999 -9999 -9999 -9999 -9999 -9999 -9999 -9999 -9999 -9999 -9999 -9999 -9999 0.029 0.049 0.056 0.061 0.07 -9999 -9999 -9999 -9999 -9999 -9999 -9999 -9999 -9999 -9999 -9999 0.169 -9999 -9999 0.216 0.229 0.235 0.241 0.245 -9999 0.224 0.248 0.274 0.266 0.253 0.248 0.24 0.257 0.276 0.29 0.306 0.292 0.271 0.274 0.276 0.28 0.284 0.281 0.275 0.277 0.28 0.29 0.302 0.299 0.293 0.289 0.283 0.289 0.295 0.303 0.31 0.315 0.321 0.329 0.337 0.337 0.33 0.33
-9999 -9999 -9999 -9999 -9999 -9999 -9999 -9999 -9999 -9999 -9999 -9999 -9999 -9999 0.031 0.054 0.062 0.072 0.078 0.073 0.084 -9999 -9999 -9999 0.122 0.136 -9999 0.15 0.153 0.186 0.194 0.189 -9999 -9999 0.239 0.243 -9999 -9999 0.235 0.235 0.258 0.282 0.279 0.279 0.281 0.287 0.294 0.276 0.281 0.291 0.287 0.273 0.271 0.269 0.279 0.286 0.28 0.273 0.293 0.306 0.306 0.311 0.313 0.312 0.308 0.303 0.303 0.306 0.31 0.315 0.328 0.338 0.346 0.355 0.371 0.376 0.37
-9999 -9999 -9999 -9999 -9999 -9999 -9999 -9999 -9999 -9999 -9999 -9999 -9999 -9999 -9999 0.052 0.063 0.073 0.073 0.07 -9999 -9999 0.101 0.113 0.121 0.13 0.143 0.148 0.171 0.191 0.191 0.188 0.211 -9999 0.237 0.243 0.24 0.233 0.236 0.237 0.259 0.283 0.286 0.287 0.295 0.303 0.292 0.275 0.28 0.284 0.279 0.272 0.271 0.268 0.278 0.29 0.284 0.277 0.296 0.32 0.32 0.319 0.321 0.323 0.321 0.317 0.318 0.317 0.322 0.325 0.339 0.353 0.363 0.372 0.389 0.404 0.4
-9999 -9999 -9999 -9999 -9999 -9999 -9999 -9999 -9999 -9999 -9999 -9999 -9999 -9999 -9999 0.051 0.06 0.064 0.067 0.076 0.085 0.095 0.109 0.114 0.12 0.123 0.136 0.147 0.166 0.186 0.189 0.191 0.216 0.238 0.246 0.246 0.249 0.255 0.255 0.243 0.258 0.263 0.27 0.284 0.292 0.299 0.294 0.296 0.299 0.291 0.285 0.277 0.282 0.284 0.29 0.301 0.3 0.297 0.318 0.343 0.341 0.339 0.342 0.343 0.352 0.355 0.348 0.344 0.351 0.358 0.379 0.4 0.407 0.416 0.414 0.417 0.412
-9999 -9999 -9999 -9999 -9999 -9999 -9999 -9999 -9999 -9999 -9999 -9999 -9999 -9999 -9999 -9999 0.059 0.057 0.066 0.075 0.085 0.096 0.104 0.111 0.113 0.116 0.128 0.14 0.159 0.179 0.186 0.191 0.216 0.241 0.245 0.247 0.256 0.263 0.256 0.245 0.25 0.255 0.268 0.282 0.29 0.296 0.3 0.303 0.301 0.294 0.288 0.278 0.283 0.288 0.295 0.303 0.305 0.304 0.327 0.353 0.354 0.352 0.355 0.357 0.365 0.374 0.37 0.362 0.37 0.379 0.401 0.426 0.433 0.437 0.433 0.422 0.416
-9999 -9999 -9999 -9999 -9999 -9999 -9999 -9999 -9999 -9999 -9999 -9999 -9999 -9999 -9999 -9999 -9999 -9999 0.079 0.089 0.104 0.124 0.125 0.106 0.114 0.133 0.146 0.159 0.179 0.194 0.206 0.216 0.233 0.233 0.243 0.262 0.272 0.278 0.272 0.259 0.265 0.267 0.28 0.292 0.296 0.291 0.299 0.314 0.308 0.289 0.3 0.301 0.303 0.307 0.3 0.3 0.315 0.324 0.348 0.376 0.361 0.35 0.354 0.357 0.374 0.388 0.388 0.384 0.394 0.403 0.419 0.44 0.439 0.439 0.439 0.429 0.425
-9999 -9999 -9999 -9999 -9999 -9999 -9999 -9999 -9999 -9999 -9999 -9999 -9999 -9999 -9999 -9999 -9999 0.069 0.08 0.09 0.11 0.131 0.118 0.1 0.117 0.136 0.15 0.166 0.182 0.199 0.212 0.223 0.227 0.227 0.247 0.266 0.275 0.282 0.275 0.264 0.269 0.271 0.283 0.294 0.292 0.287 0.301 0.317 0.305 0.287 0.298 0.309 0.313 0.316 0.311 0.302 0.317 0.334 0.358 0.386 0.372 0.351 0.355 0.357 0.374 0.393 0.393 0.391 0.402 0.412 0.428 0.444 0.444 0.439 0.439 0.433 0.429
-9999 -9999 -9999 -9999 -9999 -9999 -9999 -9999 -9999 -9999 -9999 -9999 -9999 -9999 -9999 -9999 0.05 0.051 0.064 0.083 0.106 0.14 0.135 0.137 0.156 0.17 0.175 0.158 0.176 0.196 0.211 0.226 0.23 0.23 0.25 0.271 0.278 0.278 0.277 0.282 0.284 0.276 0.286 0.295 0.294 0.289 0.305 0.325 0.32 0.32 0.322 0.328 0.325 0.324 0.323 0.317 0.331 0.347 0.366 0.391 0.391 0.379 0.373 0.371 0.391 0.412 0.418 0.42 0.43 0.441 0.441 0.448 0.446 0.442 0.441 0.431 0.444
-9999 -9999 -9999 -9999 -9999 -9999 -9999 -9999 -9999 -9999 -9999 -9999 -9999 -9999 -9999 0.034 0.038 0.04 0.057 0.075 0.105 0.139 0.144 0.151 0.167 0.182 0.17 0.154 0.172 0.192 0.209 0.224 0.228 0.229 0.249 0.27 0.274 0.274 0.282 0.288 0.284 0.276 0.285 0.294 0.293 0.289 0.307 0.328 0.332 0.333 0.338 0.338 0.335 0.331 0.33 0.325 0.339 0.354 0.373 0.394 0.394 0.391 0.388 0.379 0.4 0.423 0.429 0.435 0.446 0.456 0.455 0.45 0.449 0.444 0.442 0.433 0.438
-9999 -9999 -9999 -9999 -9999 -9999 -9999 -9999 -9999 -9999 -9999 -9999 -9999 0.009 0.021 0.043 0.047 0.052 0.059 0.053 0.083 0.13 0.142 0.157 0.163 0.15 0.147 0.159 0.172 0.178 0.192 0.2 0.211 0.234 0.254 0.271 0.279 0.291 0.3 0.306 0.304 0.297 0.308 0.318 0.321 0.324 0.34 0.346 0.35 0.352 0.351 0.35 0.346 0.34 0.356 0.363 0.363 0.371 0.384 0.401 0.403 0.402 0.412 0.413 0.419 0.435 0.448 0.458 0.456 0.459 0.479 0.486 0.467 0.45 0.448 0.439 -9999
-9999 -9999 -9999 -9999 -9999 -9999 -9999 -9999 -9999 -9999 -9999 -9999 -0.002 0.009 0.026 0.042 -9999 -9999 -9999 -9999 0.07 0.127 0.143 0.157 0.149 0.136 0.148 0.159 0.165 0.17 0.18 0.189 0.211 0.233 0.251 0.268 0.282 0.295 0.304 0.312 0.31 0.304 0.315 0.328 0.334 0.338 0.346 0.352 0.356 0.358 0.358 0.355 0.353 0.345 0.361 0.378 0.381 0.38 0.394 0.407 0.409 0.409 0.418 0.427 0.435 0.442 0.456 0.47 0.47 0.466 0.485 0.503 0.487 0.459 0.453 0.445 0.441
-9999 -9999 -9999 -9999 -9999 -9999 -9999 -9999 -9999 -9999 -9999 -9999 0.0 0.012 0.026 -9999 -9999 -9999 -9999 -9999 0.066 0.097 0.117 0.148 0.147 0.153 0.16 0.154 0.161 0.171 0.184 0.198 0.22 0.242 0.257 0.263 0.278 0.294 0.3 0.293 0.294 0.298 0.309 0.317 0.323 0.329 0.338 0.351 0.358 0.373 0.374 0.373 0.385 0.387 0.371 0.37 0.392 0.405 0.411 0.421 0.429 0.433 0.422 0.419 0.432 0.442 0.444 0.451 0.483 0.499 0.514 0.531 0.527 0.508 0.488 0.471 0.465
-9999 -9999 -9999 -9999 -9999 -9999 -9999 -9999 -9999 -9999 -9999 -9999 -9999 -9999 0.027 -9999 -9999 -9999 -9999 -9999 0.076 0.084 0.112 0.143 0.151 0.158 0.157 0.152 0.162 0.173 0.187 0.201 0.222 0.244 0.253 0.26 0.276 0.291 0.29 0.284 0.291 0.296 0.305 0.313 0.319 0.324 0.337 0.349 0.363 0.378 0.38 0.379 0.393 0.403 0.39 0.369 0.391 0.416 0.423 0.428 0.437 0.444 0.435 0.42 0.434 0.448 0.452 0.453 0.484 0.52 0.536 0.55 0.545 0.533 0.514 0.488 0.481
-9999 -9999 -9999 -9999 -9999 -9999 -9999 -9999 -9999 -9999 -9999 -9999 -9999 -9999 -9999 -9999 -9999 -9999 -9999 -9999 0.09 0.098 0.12 0.129 0.141 0.159 0.166 0.187 0.193 0.184 0.197 0.207 0.225 0.24 0.252 0.267 0.279 0.282 0.284 0.289 0.302 0.319 0.325 0.318 0.329 0.348 0.354 0.342 0.366 0.387 0.39 0.391 0.39 0.391 0.41 0.409 0.41 0.422 0.431 0.439 0.435 0.436 0.437 0.429 0.448 0.465 0.489 0.503 0.514 0.538 0.556 0.571 0.573 0.565 0.55 0.528 0.504
-9999 -9999 -9999 -9999 -9999 -9999 -9999 -9999 -9999 -9999 -9999 -9999 -9999 -9999 -9999 -9999 -9999 -9999 -9999 -9999 -9999 0.106 0.117 0.125 0.142 0.159 0.18 0.201 0.196 0.188 0.199 0.208 0.223 0.238 0.253 0.268 0.273 0.277 0.285 0.292 0.31 0.328 0.326 0.32 0.338 0.358 0.35 0.339 0.363 0.39 0.394 0.395 0.395 0.389 0.406 0.425 0.427 0.427 0.437 0.447 0.445 0.438 0.441 0.44 0.459 0.48 0.504 0.53 0.543 0.553 0.571 0.586 0.587 0.583 0.569 0.55 0.529
-9999 -9999 -9999 -9999 -9999 -9999 -9999 -9999 -9999 -9999 -9999 -9999 -9999 -9999 -9999 -9999 -9999 -9999 -9999 -9999 0.081 0.098 0.113 0.137 0.151 0.157 0.177 0.199 0.199 0.205 0.212 0.211 0.229 0.252 0.266 0.275 0.282 0.291 0.303 0.315 0.326 0.316 0.321 0.337 0.35 0.354 0.353 0.358 0.377 0.402 0.416 0.425 0.432 0.433 0.435 0.446 0.453 0.457 0.466 0.476 0.479 0.479 0.48 0.482 0.483 0.495 0.515 0.539 0.561 0.576 0.58 0.586 0.594 0.596 0.591 0.577 0.562
-9999 -9999 -9999 -9999 -9999 -9999 -9999 -9999 -9999 -9999 -9999 -9999 -9999 -9999 -9999 -9999 -9999 -9999 -9999 -9999 0.089 0.096 0.119 0.142 0.15 0.155 0.176 0.198 0.205 0.211 0.212 0.211 0.233 0.256 0.267 0.276 0.287 0.297 0.311 0.324 0.32 0.311 0.327 0.343 0.349 0.353 0.36 0.366 0.385 0.405 0.421 0.435 0.444 0.449 0.455 0.458 0.466 0.473 0.483 0.491 0.496 0.499 0.503 0.504 0.507 0.508 0.529 0.55 0.572 0.593 0.595 0.591 0.599 0.606 0.601 0.593 0.579
-9999 -9999 -9999 -9999 -9999 -9999 -9999 -9999 -9999 -9999 -9999 -9999 -9999 -9999 -9999 -9999 -9999 -9999 -9999 -9999 0.118 0.124 0.139 0.136 0.147 0.166 0.191 0.226 0.233 0.235 0.233 0.215 0.233 0.244 0.26 0.287 0.294 0.29 0.308 0.333 0.332 0.33 0.344 0.35 0.36 0.376 0.384 0.386 0.395 0.411 0.427 0.443 0.456 0.466 0.474 0.479 0.488 0.495 0.508 0.52 0.519 0.519 0.533 0.541 0.54 0.539 0.548 0.563 0.588 0.607 0.615 0.615 0.621 0.628 0.619 0.609 0.594
-9999 -9999 -9999 -9999 -9999 -9999 -9999 -9999 -9999 -9999 -9999 -9999 -9999 -9999 -9999 -9999 -9999 -9999 -9999 -9999 -9999 0.136 0.136 0.133 0.151 0.169 0.201 0.235 0.24 0.244 0.233 0.217 0.228 0.239 0.263 0.291 0.292 0.288 0.311 0.336 0.339 0.337 0.346 0.352 0.369 0.386 0.391 0.395 0.405 0.414 0.43 0.449 0.463 0.475 0.486 0.491 0.501 0.508 0.522 0.535 0.535 0.532 0.546 0.56 0.562 0.558 0.568 0.576 0.6 0.619 0.624 0.628 0.635 0.641 0.633 0.62 0.606
-9999 -9999 -9999 -9999 -9999 -9999 -9999 -9999 -9999 -9999 -9999 -9999 -9999 -9999 -9999 -9999 -9999 -9999 -9999 -9999 -9999 0.148 0.152 0.156 0.168 0.165 0.197 0.236 0.245 0.256 0.252 0.252 0.257 0.246 0.264 0.268 0.277 0.302 0.322 0.334 0.337 0.34 0.354 0.375 0.391 0.402 0.408 0.409 0.418 0.428 0.445 0.464 0.467 0.473 0.495 0.508 0.51 0.514 0.525 0.536 0.536 0.531 0.559 0.581 0.588 0.59 0.597 0.605 0.628 0.646 0.649 0.652 0.65 0.651 0.648 0.639 0.621
-9999 -9999 -9999 -9999 -9999 -9999 -9999 -9999 -9999 -9999 -9999 -9999 -9999 -9999 -9999 -9999 -9999 -9999 -9999 -9999 0.137 0.152 0.159 0.164 0.164 0.162 0.197 0.235 0.248 0.26 0.263 0.265 0.259 0.25 0.257 0.26 0.284 0.309 0.322 0.333 0.338 0.341 0.363 0.385 0.397 0.409 0.412 0.415 0.425 0.437 0.455 0.473 0.477 0.477 0.499 0.518 0.521 0.521 0.532 0.542 0.542 0.537 0.564 0.594 0.602 0.608 0.616 0.621 0.643 0.66 0.663 0.665 0.663 0.658 0.656 0.651 0.632
-9999 -9999 -9999 -9999 -9999 -9999 -9999 -9999 -9999 -9999 -9999 -9999 -9999 -9999 -9999 -9999 -9999 -9999 -9999 -9999 0.147 0.151 0.164 0.187 0.189 0.19 0.222 0.25 0.262 0.271 0.272 0.263 0.256 0.243 0.256 0.28 0.3 0.309 0.322 0.335 0.345 0.361 0.382 0.401 0.414 0.423 0.425 0.421 0.434 0.45 0.463 0.478 0.488 0.491 0.507 0.522 0.516 0.511 0.538 0.557 0.571 0.577 0.597 0.624 0.629 0.634 0.648 0.657 0.666 0.676 0.681 0.683 0.683 0.681 0.686 0.685 0.671
-9999 -9999 -9999 -9999 -9999 -9999 -9999 -9999 -9999 -9999 -9999 -9999 -9999 -9999 -9999 -9999 -9999 -9999 -9999 -9999 0.146 0.151 0.173 0.196 0.199 0.201 0.228 0.255 0.265 0.274 0.27 0.262 0.254 0.242 0.265 0.29 0.301 0.31 0.324 0.337 0.353 0.369 0.388 0.408 0.418 0.428 0.427 0.426 0.443 0.459 0.472 0.483 0.493 0.501 0.517 0.529 0.524 0.513 0.539 0.568 0.583 0.597 0.618 0.64 0.646 0.647 0.661 0.674 0.684 0.685 0.69 0.694 0.694 0.692 0.696 0.698 0.684
-9999 -9999 -9999 -9999 -9999 -9999 -9999 -9999 -9999 -9999 -9999 -9999 -9999 -9999 -9999 -9999 -9999 -9999 -9999 0.153 0.151 0.185 0.203 0.209 0.215 0.223 0.24 0.241 0.253 0.27 0.269 0.271 0.267 0.261 0.28 0.291 0.303 0.317 0.332 0.347 0.362 0.377 0.397 0.418 0.425 0.421 0.422 0.427 0.446 0.471 0.488 0.502 0.512 0.52 0.525 0.531 0.55 0.555 0.573 0.598 0.605 0.617 0.642 0.666 0.673 0.676 0.686 0.697 0.685 0.674 0.692 0.702 0.707 0.707 0.692 0.682 0.688
-9999 -9999 -9999 -9999 -9999 -9999 -9999 -9999 -9999 -9999 -9999 -9999 -9999 -9999 -9999 -9999 -9999 -9999 0.146 0.159 0.181 0.199 0.208 0.215 0.224 0.232 0.235 0.235 0.252 0.269 0.273 0.277 0.276 0.271 0.283 0.293 0.307 0.321 0.337 0.352 0.366 0.381 0.401 0.423 0.422 0.419 0.425 0.43 0.454 0.478 0.496 0.512 0.523 0.531 0.538 0.537 0.557 0.576 0.595 0.614 0.623 0.63 0.654 0.679 0.686 0.689 0.7 0.708 0.697 0.674 0.692 0.709 0.712 0.712 0.697 0.676 0.682
-9999 -9999 -9999 -9999 -9999 -9999 -9999 -9999 -9999 -9999 -9999 -9999 -9999 -9999 -9999 -9999 0.108 0.129 0.153 0.175 0.189 0.195 0.207 0.227 0.234 0.235 0.242 0.252 0.262 0.256 0.267 0.295 0.293 0.284 0.3 0.321 0.335 0.343 0.359 0.375 0.385 0.382 0.405 0.432 0.431 0.423 0.436 0.461 0.481 0.491 0.491 0.497 0.517 0.53 0.549 0.557 0.579 0.601 0.621 0.641 0.647 0.651 0.666 0.685 0.696 0.702 0.712 0.718 0.719 0.706 0.72 0.734 0.727 0.722 0.713 0.697 0.692
-9999 -9999 -9999 -9999 -9999 -9999 -9999 -9999 -9999 -9999 -9999 -9999 -9999 -9999 -9999 0.091 0.112 0.142 0.16 0.18 0.187 0.193 0.212 0.232 0.236 0.237 0.249 0.26 0.257 0.251 0.275 0.303 0.299 0.29 0.311 0.333 0.343 0.352 0.369 0.386 0.386 0.383 0.409 0.436 0.432 0.427 0.45 0.475 0.487 0.496 0.498 0.494 0.513 0.531 0.55 0.566 0.588 0.612 0.632 0.652 0.657 0.658 0.672 0.685 0.698 0.708 0.719 0.725 0.724 0.719 0.734 0.743 0.735 0.725 0.716 0.704 0.699
-9999 -9999 -9999 -9999 -9999 -9999 -9999 -9999 -9999 -9999 -9999 -9999 0.063 0.088 0.099 0.104 0.128 0.141 0.164 0.195 0.204 0.211 0.225 0.228 0.235 0.244 0.255 0.264 0.269 0.283 0.304 0.318 0.318 0.318 0.334 0.336 0.35 0.368 0.386 0.404 0.402 0.391 0.41 0.419 0.423 0.436 0.453 0.462 0.495 0.518 0.533 0.54 0.552 0.568 0.579 0.593 0.609 0.629 0.639 0.653 0.662 0.666 0.684 0.7 0.71 0.719 0.726 0.73 0.736 0.735 0.744 0.749 0.751 0.747 0.733 0.719 0.713
-9999 -9999 -9999 -9999 -9999 -9999 -9999 -9999 -9999 -9999 0.046 0.058 0.078 0.098 0.105 0.112 0.128 0.142 0.171 0.202 0.211 0.219 0.224 0.228 0.238 0.248 0.258 0.266 0.281 0.295 0.31 0.324 0.328 0.329 0.335 0.338 0.356 0.375 0.393 0.411 0.405 0.395 0.404 0.414 0.427 0.441 0.449 0.458 0.49 0.526 0.542 0.556 0.571 0.581 0.593 0.601 0.617 0.633 0.644 0.652 0.661 0.668 0.686 0.704 0.714 0.718 0.724 0.726 0.733 0.735 0.748 0.752 0.753 0.754 0.741 0.724 0.717
-9999 -9999 -9999 -9999 -9999 -9999 0.005 0.016 0.027 0.038 0.053 0.06 0.081 0.104 0.12 0.151 0.162 0.157 0.181 0.194 0.212 0.247 0.255 0.26 0.27 0.272 0.278 0.27 0.285 0.303 0.318 0.331 0.335 0.334 0.34 0.345 0.36 0.364 0.381 0.397 0.4 0.414 0.425 0.437 0.451 0.462 0.476 0.494 0.504 0.527 0.54 0.553 0.573 0.585 0.608 0.624 0.638 0.653 0.655 0.658 0.658 0.659 0.672 0.687 0.71 0.723 0.728 0.73 0.743 0.75 0.753 0.756 0.753 0.751 0.738 0.72 0.704
-9999 -9999 -9999 -9999 -9999 -0.006 0.009 0.02 0.033 0.05 0.056 0.065 0.088 0.11 0.138 0.168 0.168 0.164 0.178 0.191 0.224 0.258 0.267 0.273 0.279 0.282 0.279 0.272 0.288 0.306 0.32 0.333 0.335 0.335 0.342 0.348 0.354 0.358 0.374 0.391 0.405 0.42 0.432 0.446 0.458 0.47 0.488 0.507 0.516 0.525 0.537 0.548 0.567 0.582 0.604 0.627 0.642 0.656 0.658 0.656 0.658 0.653 0.666 0.678 0.699 0.72 0.724 0.726 0.738 0.748 0.752 0.75 0.749 0.746 0.735 0.719 0.702
-9999 -9999 -9999 -9999 -0.006 0.021 0.035 0.039 0.056 0.071 0.082 0.101 0.124 0.145 0.171 0.195 0.2 0.208 0.219 0.213 0.236 0.242 0.255 0.278 0.284 0.289 0.29 0.293 0.309 0.324 0.332 0.324 0.327 0.331 0.342 0.359 0.365 0.368 0.386 0.409 0.418 0.415 0.434 0.464 0.476 0.487 0.511 0.546 0.553 0.549 0.559 0.568 0.593 0.613 0.617 0.629 0.639 0.649 0.656 0.657 0.682 0.692 0.69 0.692 0.711 0.732 0.736 0.738 0.74 0.744 0.755 0.758 0.743 0.73 0.724 0.713 0.702
