Validation/Results/raw data/ReClimate_08_2024_2_Temperature.asc
NCOLS 192
NROWS 249
XLLCENTER -225160.85627316462
YLLCENTER 29788.11610251502
CELLSIZE 5000.0
NODATA_VALUE -9999
[rows 136 to 169 of 249, columns 75 to 149 of 192]
-0.514 -9999 -9999 -9999 -9999 -9999 -9999 -9999 -9999 -9999 -0.553 -9999 -0.534 -0.514 -0.516 -0.519 -0.502 -0.482 -0.487 -0.494 -0.472 -0.447 -0.459 -0.475 -0.47 -0.465 -0.461 -0.456 -0.458 -0.461 -9999 -9999 -9999 -9999 -9999 -9999 -0.431 -0.437 -0.434 -0.431 -0.421 -0.408 -0.402 -0.397 -0.393 -0.388 -0.382 -0.374 -0.364 -0.351 -0.35 -0.349 -0.363 -0.38 -0.383 -0.386 -0.381 -0.375 -0.374 -9999 -9999 -9999 -9999 -9999 -9999 -9999 -9999 -9999 -9999 -9999 -9999 -9999 -9999 -9999 -9999
-0.517 -0.519 -9999 -9999 -9999 -9999 -9999 -9999 -9999 -9999 -0.548 -0.544 -0.538 -0.549 -0.543 -0.529 -0.513 -0.496 -0.5 -0.5 -0.476 -0.45 -0.464 -0.485 -0.479 -0.469 -0.462 -0.449 -0.453 -0.46 -9999 -9999 -9999 -9999 -0.432 -0.43 -0.434 -0.436 -0.434 -0.429 -0.417 -0.398 -0.395 -0.395 -0.394 -0.396 -0.392 -0.388 -0.379 -0.369 -0.366 -0.364 -0.363 -0.371 -0.377 -0.381 -0.382 -0.375 -0.377 -9999 -9999 -9999 -9999 -9999 -9999 -9999 -9999 -9999 -9999 -9999 -9999 -9999 -9999 -9999 -9999
-0.516 -0.518 -0.52 -9999 -9999 -9999 -9999 -9999 -9999 -9999 -0.541 -0.538 -0.547 -9999 -9999 -0.528 -0.514 -0.498 -0.498 -9999 -0.473 -0.447 -0.463 -0.484 -0.475 -0.465 -0.454 -0.441 -9999 -9999 -9999 -9999 -9999 -0.439 -0.433 -0.425 -0.427 -0.429 -0.425 -0.421 -0.406 -0.39 -0.39 -0.391 -0.393 -0.395 -0.393 -0.389 -0.382 -0.373 -0.37 -0.367 -0.366 -0.365 -0.37 -0.376 -0.377 -0.377 -0.375 -9999 -9999 -9999 -9999 -9999 -9999 -9999 -9999 -9999 -9999 -9999 -9999 -9999 -9999 -9999 -9999
-0.515 -0.518 -0.521 -9999 -9999 -9999 -9999 -9999 -9999 -9999 -9999 -0.525 -0.525 -9999 -9999 -9999 -0.502 -0.495 -0.493 -0.489 -9999 -9999 -0.475 -0.492 -0.485 -0.483 -0.476 -9999 -9999 -9999 -9999 -9999 -0.453 -0.449 -0.442 -0.428 -0.423 -0.405 -0.4 -0.396 -0.39 -0.395 -0.391 -0.379 -0.379 -0.378 -0.374 -0.368 -0.365 -0.367 -0.379 -0.385 -0.377 -0.373 -0.373 -0.377 -0.371 -0.367 -0.375 -9999 -9999 -9999 -9999 -9999 -9999 -9999 -9999 -9999 -9999 -9999 -9999 -9999 -9999 -9999 -9999
-0.512 -0.517 -9999 -9999 -9999 -9999 -9999 -9999 -9999 -9999 -9999 -9999 -0.5 -9999 -9999 -9999 -9999 -0.489 -0.485 -0.481 -9999 -9999 -9999 -0.487 -0.485 -9999 -9999 -9999 -9999 -9999 -9999 -9999 -0.449 -0.446 -0.435 -0.422 -0.407 -0.389 -0.385 -0.382 -0.387 -0.392 -0.382 -0.37 -0.369 -0.367 -0.363 -0.357 -0.359 -0.362 -0.374 -0.388 -0.381 -0.372 -0.373 -0.374 -0.369 -0.361 -0.369 -9999 -9999 -9999 -9999 -9999 -9999 -9999 -9999 -9999 -9999 -9999 -9999 -9999 -9999 -9999 -9999
-0.513 -9999 -9999 -9999 -9999 -9999 -9999 -9999 -9999 -9999 -9999 -9999 -0.497 -9999 -9999 -9999 -9999 -9999 -0.486 -0.478 -9999 -9999 -9999 -9999 -9999 -9999 -9999 -9999 -9999 -9999 -9999 -9999 -0.44 -0.434 -0.42 -0.397 -0.384 -0.373 -0.377 -0.394 -0.393 -0.381 -0.371 -0.356 -0.353 -0.349 -0.349 -0.359 -0.36 -0.356 -0.364 -0.375 -0.383 -0.383 -0.378 -0.375 -0.374 -0.369 -0.373 -0.373 -9999 -9999 -9999 -9999 -9999 -9999 -9999 -9999 -9999 -9999 -9999 -9999 -9999 -9999 -9999
-9999 -0.524 -0.527 -0.527 -0.527 -9999 -9999 -9999 -9999 -9999 -9999 -9999 -0.492 -9999 -9999 -9999 -9999 -9999 -9999 -9999 -9999 -9999 -9999 -9999 -9999 -9999 -9999 -9999 -9999 -9999 -9999 -0.439 -0.432 -0.422 -0.403 -0.382 -0.373 -0.364 -0.377 -0.393 -0.384 -0.372 -0.361 -0.348 -0.344 -0.339 -0.347 -0.358 -0.355 -0.352 -0.358 -0.366 -0.374 -0.383 -0.378 -0.372 -0.371 -0.368 -0.372 -0.376 -0.368 -9999 -9999 -9999 -9999 -9999 -9999 -9999 -9999 -9999 -9999 -9999 -9999 -9999 -9999
-0.518 -0.519 -0.522 -0.524 -0.527 -9999 -9999 -9999 -9999 -9999 -9999 -9999 -9999 -9999 -9999 -9999 -9999 -9999 -9999 -9999 -9999 -9999 -9999 -9999 -9999 -9999 -9999 -9999 -9999 -9999 -0.447 -0.443 -0.427 -0.391 -0.385 -0.4 -0.389 -0.367 -0.38 -0.396 -0.387 -0.373 -0.363 -0.351 -0.348 -0.345 -0.35 -0.348 -0.349 -0.359 -0.359 -0.343 -0.368 -0.386 -0.38 -0.372 -0.376 -0.377 -0.36 -0.351 -0.363 -9999 -9999 -9999 -9999 -9999 -9999 -9999 -9999 -9999 -9999 -9999 -9999 -9999 -9999
-0.514 -0.515 -0.518 -9999 -0.526 -0.53 -9999 -9999 -9999 -9999 -9999 -9999 -9999 -9999 -9999 -9999 -9999 -9999 -9999 -9999 -9999 -9999 -9999 -9999 -9999 -9999 -9999 -9999 -9999 -9999 -0.426 -0.438 -0.409 -0.375 -0.387 -0.403 -0.386 -0.365 -0.378 -0.394 -0.384 -0.371 -0.362 -0.35 -0.348 -0.345 -0.343 -0.341 -0.349 -0.359 -0.347 -0.333 -0.355 -0.383 -0.378 -0.369 -0.372 -0.376 -0.36 -0.339 -0.351 -0.365 -0.375 -9999 -9999 -9999 -9999 -9999 -9999 -9999 -9999 -9999 -9999 -9999 -9999
-0.506 -0.511 -0.514 -9999 -9999 -0.53 -9999 -9999 -9999 -9999 -9999 -9999 -9999 -9999 -9999 -9999 -9999 -9999 -9999 -9999 -9999 -9999 -9999 -9999 -9999 -9999 -9999 -9999 -9999 -9999 -0.391 -0.4 -0.381 -0.379 -0.393 -0.411 -0.4 -0.393 -0.399 -0.389 -0.385 -0.39 -0.384 -0.377 -0.376 -0.371 -0.366 -0.349 -0.357 -0.364 -0.365 -0.359 -0.361 -0.376 -0.374 -0.368 -0.366 -0.366 -0.361 -0.347 -0.348 -0.356 -0.359 -0.372 -0.377 -0.373 -9999 -9999 -9999 -9999 -9999 -9999 -9999 -9999 -9999
-0.502 -0.507 -0.51 -0.512 -9999 -0.523 -9999 -9999 -9999 -9999 -9999 -9999 -9999 -9999 -9999 -9999 -9999 -9999 -9999 -9999 -9999 -9999 -9999 -9999 -9999 -9999 -9999 -9999 -9999 -0.415 -0.391 -0.38 -0.379 -0.377 -0.392 -0.41 -0.406 -0.401 -0.393 -0.383 -0.388 -0.394 -0.39 -0.384 -0.382 -0.378 -0.366 -0.35 -0.356 -0.362 -0.364 -0.365 -0.368 -0.37 -0.368 -0.365 -0.363 -0.359 -0.354 -0.348 -0.349 -0.35 -0.353 -0.356 -0.356 -0.357 -0.373 -0.353 -9999 -9999 -9999 -9999 -9999 -9999 -9999
-0.514 -0.514 -0.518 -9999 -0.522 -9999 -9999 -9999 -9999 -9999 -9999 -9999 -9999 -9999 -9999 -9999 -9999 -9999 -9999 -9999 -9999 -9999 -9999 -9999 -9999 -9999 -9999 -9999 -9999 -9999 -0.402 -0.393 -0.393 -0.391 -0.392 -0.369 -0.373 -0.396 -0.389 -0.382 -0.385 -0.383 -0.381 -0.381 -0.378 -0.373 -0.365 -0.358 -0.36 -0.355 -0.354 -0.353 -0.366 -0.374 -0.374 -0.372 -0.369 -0.366 -0.368 -0.367 -0.368 -0.37 -0.358 -0.353 -0.353 -0.352 -0.353 -0.363 -0.343 -9999 -9999 -9999 -9999 -9999 -9999
-0.513 -0.513 -0.517 -0.521 -0.512 -9999 -9999 -9999 -9999 -9999 -9999 -9999 -9999 -9999 -9999 -9999 -9999 -9999 -9999 -9999 -9999 -9999 -9999 -9999 -9999 -9999 -9999 -9999 -9999 -9999 -9999 -0.395 -0.394 -0.392 -0.373 -0.35 -0.368 -0.39 -0.385 -0.378 -0.377 -0.376 -0.376 -0.376 -0.373 -0.368 -0.364 -0.358 -0.355 -0.349 -0.348 -0.346 -0.358 -0.372 -0.372 -0.371 -0.368 -0.365 -0.367 -0.37 -0.372 -0.374 -0.363 -0.349 -0.349 -0.348 -0.35 -0.351 -0.347 -0.348 -9999 -9999 -9999 -9999 -9999
-0.52 -0.519 -0.516 -0.5 -9999 -9999 -9999 -9999 -9999 -9999 -9999 -9999 -9999 -9999 -9999 -9999 -9999 -9999 -9999 -9999 -9999 -9999 -9999 -9999 -9999 -9999 -9999 -9999 -9999 -9999 -9999 -0.39 -0.39 -0.4 -0.386 -0.375 -0.386 -0.383 -0.382 -0.388 -0.386 -0.377 -0.377 -0.373 -0.369 -0.364 -0.363 -0.364 -0.361 -0.357 -0.356 -0.352 -0.357 -0.366 -0.36 -0.355 -0.364 -0.367 -0.366 -0.366 -0.367 -0.368 -0.364 -0.354 -0.346 -0.341 -0.348 -0.353 -0.348 -0.341 -0.356 -9999 -9999 -9999 -9999
-0.518 -0.517 -0.504 -0.487 -9999 -9999 -9999 -9999 -9999 -9999 -9999 -9999 -9999 -9999 -9999 -9999 -9999 -9999 -9999 -9999 -9999 -9999 -9999 -9999 -9999 -9999 -9999 -9999 -9999 -9999 -9999 -9999 -0.391 -0.4 -0.392 -0.382 -0.38 -0.376 -0.381 -0.388 -0.382 -0.374 -0.371 -0.368 -0.364 -0.36 -0.361 -0.363 -0.361 -0.357 -0.355 -0.351 -0.356 -0.36 -0.355 -0.347 -0.355 -0.364 -0.364 -0.362 -0.363 -0.363 -0.359 -0.353 -0.346 -0.335 -0.342 -0.35 -0.345 -0.338 -0.349 -9999 -9999 -9999 -9999
-9999 -9999 -9999 -9999 -9999 -9999 -9999 -9999 -9999 -9999 -9999 -9999 -9999 -9999 -9999 -9999 -9999 -9999 -9999 -9999 -9999 -9999 -9999 -9999 -9999 -9999 -9999 -9999 -9999 -9999 -9999 -9999 -0.39 -0.399 -0.392 -0.385 -0.384 -0.385 -0.391 -0.394 -0.39 -0.383 -0.378 -0.366 -0.365 -0.365 -0.365 -0.358 -0.356 -0.355 -0.351 -0.347 -0.349 -0.352 -0.351 -0.347 -0.352 -0.359 -0.357 -0.355 -0.354 -0.352 -0.35 -0.345 -0.351 -0.348 -0.338 -0.335 -0.35 -0.355 -0.356 -0.356 -9999 -9999 -9999
-9999 -9999 -9999 -9999 -9999 -9999 -9999 -9999 -9999 -9999 -9999 -9999 -9999 -9999 -9999 -9999 -9999 -9999 -9999 -9999 -9999 -9999 -9999 -9999 -9999 -9999 -9999 -9999 -9999 -9999 -9999 -9999 -9999 -0.395 -0.39 -0.383 -0.384 -0.385 -0.388 -0.392 -0.388 -0.383 -0.373 -0.362 -0.363 -0.364 -0.359 -0.353 -0.352 -0.351 -0.347 -0.342 -0.344 -0.345 -0.345 -0.344 -0.349 -0.354 -0.353 -0.349 -0.348 -0.346 -0.344 -0.34 -0.345 -0.35 -0.341 -0.327 -0.341 -0.357 -0.359 -0.359 -9999 -9999 -9999
-9999 -9999 -9999 -9999 -9999 -9999 -9999 -9999 -9999 -9999 -9999 -9999 -9999 -9999 -9999 -9999 -9999 -9999 -9999 -9999 -9999 -9999 -9999 -9999 -9999 -9999 -9999 -9999 -9999 -9999 -9999 -9999 -9999 -0.388 -9999 -0.385 -0.383 -0.373 -0.374 -9999 -0.377 -0.384 -0.374 -0.357 -0.358 -0.357 -0.351 -0.341 -0.34 -0.338 -0.339 -0.337 -0.34 -0.342 -0.345 -0.347 -0.355 -0.362 -0.362 -0.359 -0.361 -0.36 -0.354 -0.348 -0.356 -0.364 -0.359 -0.35 -0.352 -0.361 -0.355 -0.35 -0.344 -9999 -9999
-9999 -9999 -9999 -9999 -9999 -9999 -9999 -9999 -9999 -9999 -9999 -9999 -9999 -9999 -9999 -9999 -9999 -9999 -9999 -9999 -9999 -9999 -9999 -9999 -9999 -9999 -9999 -9999 -9999 -9999 -9999 -9999 -9999 -9999 -0.383 -0.382 -9999 -9999 -9999 -9999 -0.374 -0.38 -0.368 -0.352 -0.351 -0.35 -0.343 -0.333 -0.332 -0.33 -0.331 -0.332 -0.335 -0.339 -0.342 -0.344 -0.353 -0.362 -0.361 -0.359 -0.361 -0.362 -0.356 -0.347 -0.356 -0.365 -0.361 -0.355 -0.357 -0.359 -0.353 -0.344 -0.338 -0.329 -0.334
-9999 -9999 -9999 -9999 -9999 -9999 -9999 -9999 -9999 -9999 -9999 -9999 -9999 -9999 -9999 -9999 -9999 -9999 -9999 -9999 -9999 -9999 -9999 -9999 -9999 -9999 -9999 -9999 -9999 -9999 -9999 -9999 -9999 -9999 -0.382 -0.38 -9999 -9999 -9999 -9999 -0.37 -0.368 -0.359 -0.355 -0.354 -0.349 -0.339 -0.319 -0.319 -0.321 -0.331 -0.337 -0.338 -0.34 -0.346 -0.351 -0.35 -0.354 -0.359 -0.36 -0.363 -0.365 -0.369 -0.367 -0.358 -0.357 -0.361 -0.36 -0.356 -0.354 -0.352 -0.345 -0.338 -0.329 -0.329
-9999 -9999 -9999 -9999 -9999 -9999 -9999 -9999 -9999 -9999 -9999 -9999 -9999 -9999 -9999 -9999 -9999 -9999 -9999 -9999 -9999 -9999 -9999 -9999 -9999 -9999 -9999 -9999 -9999 -9999 -9999 -9999 -9999 -9999 -0.382 -9999 -9999 -9999 -9999 -0.364 -0.361 -0.359 -0.356 -0.352 -0.349 -0.345 -0.33 -0.311 -0.314 -0.316 -0.325 -0.335 -0.337 -0.338 -0.343 -0.35 -0.349 -0.348 -0.352 -0.357 -0.359 -0.362 -0.366 -0.37 -0.362 -0.35 -0.354 -0.358 -0.354 -0.348 -0.346 -0.342 -0.336 -0.33 -9999
-9999 -9999 -9999 -9999 -9999 -9999 -9999 -9999 -9999 -9999 -9999 -9999 -9999 -9999 -9999 -9999 -9999 -9999 -9999 -9999 -9999 -9999 -9999 -9999 -9999 -9999 -9999 -9999 -9999 -9999 -9999 -9999 -9999 -9999 -9999 -9999 -9999 -9999 -9999 -0.355 -0.35 -0.342 -0.343 -0.352 -0.347 -0.335 -0.326 -0.324 -0.326 -0.324 -0.33 -0.329 -0.336 -0.34 -0.341 -0.344 -0.345 -0.345 -0.348 -0.353 -0.349 -0.347 -0.343 -0.34 -0.357 -0.36 -0.356 -0.354 -0.355 -0.352 -0.349 -0.346 -0.345 -0.338 -9999
-9999 -9999 -9999 -9999 -9999 -9999 -9999 -9999 -9999 -9999 -9999 -9999 -9999 -9999 -9999 -9999 -9999 -9999 -9999 -9999 -9999 -9999 -9999 -9999 -9999 -9999 -9999 -9999 -9999 -9999 -9999 -9999 -9999 -9999 -9999 -9999 -9999 -9999 -9999 -0.349 -0.342 -0.333 -0.341 -0.35 -0.341 -0.329 -0.329 -0.327 -0.326 -0.325 -0.325 -0.324 -0.33 -0.338 -0.339 -0.339 -0.34 -0.34 -0.344 -0.347 -0.344 -0.339 -0.334 -0.327 -0.342 -0.36 -0.356 -0.349 -0.35 -0.349 -0.347 -0.343 -0.343 -0.34 -9999
-9999 -9999 -9999 -9999 -9999 -9999 -9999 -9999 -9999 -9999 -9999 -9999 -9999 -9999 -9999 -9999 -9999 -9999 -9999 -9999 -9999 -9999 -9999 -9999 -9999 -9999 -9999 -9999 -9999 -9999 -9999 -9999 -9999 -9999 -9999 -9999 -9999 -9999 -0.354 -0.357 -0.35 -0.341 -0.347 -0.353 -0.347 -0.346 -0.346 -0.344 -0.341 -0.328 -0.332 -0.333 -0.335 -0.339 -0.338 -0.337 -0.34 -0.342 -0.343 -0.345 -0.344 -0.34 -0.343 -0.341 -0.346 -0.359 -0.362 -0.361 -0.353 -0.348 -0.34 -0.333 -0.341 -0.338 -0.332
-9999 -9999 -9999 -9999 -9999 -9999 -9999 -9999 -9999 -9999 -9999 -9999 -9999 -9999 -9999 -9999 -9999 -9999 -9999 -9999 -9999 -9999 -9999 -9999 -9999 -9999 -9999 -9999 -9999 -9999 -9999 -9999 -9999 -9999 -9999 -9999 -9999 -9999 -0.364 -0.359 -0.351 -0.342 -0.346 -0.351 -0.35 -0.349 -0.349 -0.348 -0.339 -0.327 -0.331 -0.334 -0.335 -0.337 -0.335 -0.333 -0.337 -0.34 -0.34 -0.34 -0.339 -0.337 -0.34 -0.342 -0.348 -0.354 -0.358 -0.361 -0.354 -0.344 -0.336 -0.326 -0.333 -0.342 -0.334
-9999 -9999 -9999 -9999 -9999 -9999 -9999 -9999 -9999 -9999 -9999 -9999 -9999 -9999 -9999 -9999 -9999 -9999 -9999 -9999 -9999 -9999 -9999 -9999 -9999 -9999 -9999 -9999 -9999 -9999 -9999 -9999 -9999 -9999 -9999 -9999 -9999 -0.393 -0.388 -0.374 -0.371 -0.369 -0.369 -0.361 -0.36 -0.355 -0.357 -0.36 -0.351 -0.336 -0.348 -0.358 -0.345 -0.338 -0.339 -0.339 -0.336 -0.335 -0.336 -0.336 -0.341 -0.343 -0.347 -0.35 -0.351 -0.354 -0.356 -0.359 -0.355 -0.346 -0.337 -0.325 -0.333 -0.341 -0.344
-9999 -9999 -9999 -9999 -9999 -9999 -9999 -9999 -9999 -9999 -9999 -9999 -9999 -9999 -9999 -9999 -9999 -9999 -9999 -9999 -9999 -9999 -9999 -9999 -9999 -9999 -9999 -9999 -9999 -9999 -9999 -9999 -9999 -9999 -9999 -9999 -9999 -0.401 -0.391 -0.378 -0.378 -0.376 -0.37 -0.362 -0.359 -0.354 -0.358 -0.362 -0.351 -0.337 -0.349 -0.363 -0.351 -0.335 -0.337 -0.338 -0.335 -0.33 -0.331 -0.331 -0.336 -0.342 -0.346 -0.349 -0.35 -0.35 -0.352 -0.354 -0.35 -0.343 -0.334 -0.321 -0.328 -0.337 -0.339
-9999 -9999 -9999 -9999 -9999 -9999 -9999 -9999 -9999 -9999 -9999 -9999 -9999 -9999 -9999 -9999 -9999 -9999 -9999 -9999 -9999 -9999 -9999 -9999 -9999 -9999 -9999 -9999 -9999 -9999 -9999 -9999 -9999 -9999 -9999 -9999 -9999 -0.395 -0.389 -0.392 -0.386 -0.366 -0.361 -0.358 -0.352 -0.343 -0.344 -0.342 -0.337 -0.342 -0.341 -0.346 -0.344 -0.334 -0.341 -0.347 -0.342 -0.337 -0.324 -0.316 -0.326 -0.334 -0.338 -0.342 -0.351 -0.356 -0.352 -0.351 -0.351 -0.347 -0.344 -0.336 -0.333 -0.334 -0.33
-9999 -9999 -9999 -9999 -9999 -9999 -9999 -9999 -9999 -9999 -9999 -9999 -9999 -9999 -9999 -9999 -9999 -9999 -9999 -9999 -9999 -9999 -9999 -9999 -9999 -9999 -9999 -9999 -9999 -9999 -9999 -9999 -9999 -9999 -9999 -9999 -9999 -9999 -0.392 -0.394 -0.379 -0.36 -0.357 -0.353 -0.345 -0.336 -0.334 -0.331 -0.336 -0.342 -0.34 -0.338 -0.335 -0.33 -0.338 -0.346 -0.343 -0.337 -0.325 -0.308 -0.317 -0.328 -0.332 -0.335 -0.344 -0.354 -0.351 -0.345 -0.345 -0.344 -0.342 -9999 -0.335 -9999 -0.327
-9999 -9999 -9999 -9999 -9999 -9999 -9999 -9999 -9999 -9999 -9999 -9999 -9999 -9999 -9999 -9999 -9999 -9999 -9999 -9999 -9999 -9999 -9999 -9999 -9999 -9999 -9999 -9999 -9999 -9999 -9999 -9999 -9999 -9999 -9999 -9999 -9999 -0.393 -0.392 -0.388 -0.374 -0.356 -0.353 -0.348 -0.34 -0.33 -0.33 -0.334 -0.339 -0.342 -0.338 -0.327 -0.341 -0.347 -0.345 -0.347 -0.346 -0.341 -0.346 -0.341 -0.336 -0.339 -0.335 -0.334 -0.34 -0.349 -0.341 -0.332 -0.336 -0.336 -0.334 -0.33 -0.333 -0.333 -9999
-9999 -9999 -9999 -9999 -9999 -9999 -9999 -9999 -9999 -9999 -9999 -9999 -9999 -9999 -9999 -9999 -9999 -9999 -9999 -9999 -9999 -9999 -9999 -9999 -9999 -9999 -9999 -9999 -9999 -9999 -9999 -9999 -9999 -9999 -9999 -9999 -9999 -0.393 -0.388 -0.383 -0.369 -0.352 -0.348 -0.344 -0.335 -0.326 -0.329 -0.333 -0.336 -0.339 -0.332 -0.321 -0.334 -0.35 -0.348 -0.344 -0.343 -0.339 -0.344 -0.349 -0.345 -0.34 -0.336 -0.33 -0.336 -0.343 -0.335 -0.324 -0.327 -0.329 -0.327 -0.323 -0.326 -0.329 -0.323
-9999 -9999 -9999 -9999 -9999 -9999 -9999 -9999 -9999 -9999 -9999 -9999 -9999 -9999 -9999 -9999 -9999 -9999 -9999 -9999 -9999 -9999 -9999 -9999 -9999 -9999 -9999 -9999 -9999 -9999 -9999 -9999 -9999 -9999 -9999 -9999 -0.392 -0.408 -0.405 -0.396 -0.383 -0.364 -0.359 -0.346 -0.34 -0.335 -0.335 -0.33 -0.333 -0.339 -0.338 -0.332 -0.339 -0.35 -0.343 -0.337 -0.342 -0.343 -0.345 -0.349 -0.347 -0.343 -0.347 -0.347 -0.344 -0.345 -0.341 -0.332 -0.324 -0.321 -0.322 -0.32 -0.326 -0.33 -0.33
-9999 -9999 -9999 -9999 -9999 -9999 -9999 -9999 -9999 -9999 -9999 -9999 -9999 -9999 -9999 -9999 -9999 -9999 -9999 -9999 -9999 -9999 -9999 -9999 -9999 -9999 -9999 -9999 -9999 -9999 -9999 -9999 -9999 -9999 -9999 -9999 -0.408 -0.409 -0.404 -0.397 -0.383 -0.366 -0.357 -0.345 -0.341 -0.337 -0.332 -0.326 -0.331 -0.337 -0.336 -0.333 -0.34 -0.347 -0.34 -0.331 -0.336 -0.34 -0.343 -0.345 -0.344 -0.34 -0.345 -0.349 -0.347 -0.342 -0.338 -0.331 -0.324 -0.313 -0.314 -0.313 -0.318 -0.323 -0.323
-9999 -9999 -9999 -9999 -9999 -9999 -9999 -9999 -9999 -9999 -9999 -9999 -9999 -9999 -9999 -9999 -9999 -9999 -9999 -9999 -9999 -9999 -9999 -9999 -9999 -9999 -9999 -9999 -9999 -9999 -9999 -9999 -9999 -9999 -9999 -9999 -9999 -0.402 -0.395 -0.385 -0.376 -0.372 -0.363 -0.351 -0.346 -0.334 -0.328 -0.321 -0.329 -0.343 -0.342 -0.339 -0.341 -0.345 -0.35 -0.349 -0.343 -0.342 -0.348 -0.352 -0.351 -0.349 -0.339 -0.335 -0.348 -0.354 -0.345 -0.336 -0.338 -0.334 -0.325 -0.32 -0.324 -0.329 -0.326
