Validation/Results/raw data/ReClimate_02_2024_2weatherlogisticsltd.asc
NCOLS 192
NROWS 249
XLLCENTER -225160.85627316462
YLLCENTER 29788.11610251502
CELLSIZE 5000.0
NODATA_VALUE -9999
[rows 102 to 135 of 249, columns 75 to 149 of 192]
74.585 74.531 74.467 74.392 72.974 72.357 -9999 -9999 74.782 -9999 -9999 75.942 76.54 77.162 77.759 78.334 78.892 79.433 79.962 80.481 79.997 79.694 81.025 82.12 82.465 82.801 83.128 83.45 83.768 84.084 84.399 84.716 85.037 85.365 85.701 86.049 86.413 86.796 87.097 87.27 87.416 87.567 -9999 -9999 -9999 -9999 -9999 -9999 -9999 -9999 -9999 -9999 -9999 -9999 -9999 -9999 -9999 -9999 -9999 -9999 -9999 -9999 -9999 -9999 -9999 -9999 -9999 -9999 -9999 -9999 -9999 -9999 -9999 -9999 -9999
74.678 73.94 74.117 74.719 -9999 -9999 -9999 74.812 74.922 75.066 75.446 75.927 76.447 77.014 77.588 78.165 78.724 79.266 79.794 80.308 79.934 79.067 80.281 81.912 82.256 82.591 82.918 83.239 83.556 83.872 84.188 84.506 84.828 85.157 85.496 85.846 86.212 -9999 -9999 87.072 -9999 -9999 -9999 -9999 -9999 -9999 -9999 -9999 -9999 -9999 -9999 -9999 -9999 -9999 -9999 -9999 -9999 -9999 -9999 -9999 -9999 -9999 -9999 -9999 -9999 -9999 -9999 -9999 -9999 -9999 -9999 -9999 -9999 -9999 -9999
74.343 72.749 -9999 75.048 -9999 -9999 -9999 74.947 75.088 75.292 75.623 76.055 76.508 76.971 77.473 78.01 78.555 79.097 79.62 80.123 79.131 77.366 79.188 81.707 82.05 82.383 82.709 83.03 83.347 83.663 83.98 84.298 84.622 84.952 85.292 85.645 -9999 86.4 86.704 86.876 87.0 -9999 -9999 -9999 -9999 -9999 -9999 -9999 -9999 -9999 -9999 -9999 -9999 -9999 -9999 -9999 -9999 -9999 -9999 -9999 -9999 -9999 -9999 -9999 -9999 -9999 -9999 -9999 -9999 -9999 -9999 -9999 -9999 -9999 -9999
74.808 -9999 -9999 -9999 -9999 74.988 74.72 75.205 75.319 75.501 74.968 73.105 74.346 77.052 77.415 77.684 78.22 78.877 79.002 78.532 78.233 79.661 81.15 81.503 81.845 82.177 82.502 82.822 83.139 83.455 83.772 84.091 84.415 84.747 -9999 85.441 85.811 86.2 86.497 86.656 86.765 -9999 -9999 -9999 -9999 -9999 -9999 -9999 -9999 -9999 -9999 -9999 -9999 -9999 -9999 -9999 -9999 -9999 -9999 -9999 -9999 -9999 -9999 -9999 -9999 -9999 -9999 -9999 -9999 -9999 -9999 -9999 -9999 -9999 -9999
-9999 -9999 -9999 -9999 -9999 75.606 75.533 75.503 75.539 75.709 74.372 73.493 75.539 77.185 77.412 77.624 78.163 78.74 78.247 77.496 78.93 80.581 80.948 81.299 81.639 81.97 82.295 82.614 82.931 83.247 83.563 83.883 84.207 84.538 84.879 85.233 85.602 85.983 86.251 86.391 86.515 86.615 -9999 -9999 -9999 -9999 -9999 -9999 -9999 -9999 -9999 -9999 -9999 -9999 -9999 -9999 -9999 -9999 -9999 -9999 -9999 -9999 -9999 -9999 -9999 -9999 -9999 -9999 -9999 -9999 -9999 -9999 -9999 -9999 -9999
-9999 -9999 -9999 -9999 76.013 -9999 -9999 75.818 75.825 75.928 75.533 75.931 -9999 -9999 77.104 77.593 77.496 76.535 76.929 79.012 80.068 80.429 80.768 81.081 81.42 81.768 82.088 82.405 82.721 83.036 83.353 83.672 83.998 84.33 84.67 85.021 85.385 85.743 85.977 86.108 86.23 86.346 86.506 -9999 -9999 -9999 -9999 -9999 -9999 -9999 -9999 -9999 -9999 -9999 -9999 -9999 -9999 -9999 -9999 -9999 -9999 -9999 -9999 -9999 -9999 -9999 -9999 -9999 -9999 -9999 -9999 -9999 -9999 -9999 -9999
-9999 -9999 -9999 -9999 76.354 -9999 76.222 76.162 76.125 76.129 76.342 76.748 76.831 76.908 77.294 77.616 76.635 75.206 77.153 79.577 79.95 80.298 80.576 80.775 81.146 81.601 81.915 82.227 82.538 82.85 83.163 83.48 83.801 84.129 84.465 84.81 85.166 85.496 85.697 85.824 85.944 86.061 -9999 -9999 -9999 -9999 -9999 -9999 -9999 -9999 -9999 -9999 -9999 -9999 -9999 -9999 -9999 -9999 -9999 -9999 -9999 -9999 -9999 -9999 -9999 -9999 -9999 -9999 -9999 -9999 -9999 -9999 -9999 -9999 -9999
-9999 -9999 -9999 -9999 76.695 -9999 76.083 75.561 75.753 76.414 76.569 -9999 77.053 77.173 -9999 78.095 77.515 77.835 79.211 79.527 79.834 80.174 80.438 80.752 81.138 81.449 81.756 82.063 82.368 82.675 82.983 83.294 83.61 83.932 84.262 84.6 84.95 85.249 -9999 -9999 -9999 -9999 -9999 -9999 -9999 -9999 -9999 -9999 -9999 -9999 -9999 -9999 -9999 -9999 -9999 -9999 -9999 -9999 -9999 -9999 -9999 -9999 -9999 -9999 -9999 -9999 -9999 -9999 -9999 -9999 -9999 -9999 -9999 -9999 -9999
-9999 -9999 77.171 77.102 -9999 -9999 75.942 74.922 75.648 76.738 76.818 77.044 77.234 77.391 -9999 78.315 78.639 78.96 79.243 79.498 79.757 80.049 80.371 80.685 80.993 81.298 81.6 81.901 82.201 82.502 82.805 83.111 83.421 83.737 84.06 84.393 84.737 -9999 -9999 -9999 -9999 -9999 -9999 -9999 -9999 -9999 -9999 -9999 -9999 -9999 -9999 -9999 -9999 -9999 -9999 -9999 -9999 -9999 -9999 -9999 -9999 -9999 -9999 -9999 -9999 -9999 -9999 -9999 -9999 -9999 -9999 -9999 -9999 -9999 -9999
-9999 77.59 77.517 77.449 -9999 76.906 76.52 74.819 75.351 -9999 75.772 77.261 77.379 77.527 -9999 78.44 78.74 79.017 79.275 79.491 79.706 79.95 80.239 80.546 80.849 81.149 81.446 81.741 -9999 82.332 82.629 82.93 83.234 83.544 83.861 84.188 -9999 -9999 -9999 -9999 -9999 -9999 -9999 -9999 -9999 -9999 -9999 -9999 -9999 -9999 -9999 -9999 -9999 -9999 -9999 -9999 -9999 -9999 -9999 -9999 -9999 -9999 -9999 -9999 -9999 -9999 -9999 -9999 -9999 -9999 -9999 -9999 -9999 -9999 -9999
-9999 77.937 77.867 -9999 -9999 77.543 76.567 75.783 -9999 74.814 76.005 77.498 77.536 77.561 -9999 78.535 78.806 79.067 79.296 79.489 79.676 79.879 80.114 80.408 80.705 81.0 81.292 81.583 81.873 82.163 -9999 -9999 83.049 83.353 -9999 -9999 -9999 -9999 -9999 -9999 84.821 84.889 85.0 -9999 -9999 -9999 -9999 -9999 -9999 -9999 -9999 -9999 -9999 -9999 -9999 -9999 -9999 -9999 -9999 -9999 -9999 -9999 -9999 -9999 -9999 -9999 -9999 -9999 -9999 -9999 -9999 -9999 -9999 -9999 -9999
78.377 78.299 -9999 -9999 78.08 78.01 77.447 77.266 -9999 77.025 77.721 77.772 77.809 78.007 -9999 -9999 -9999 79.105 79.302 79.481 79.654 79.824 80.028 80.268 80.562 80.852 81.126 81.375 81.672 81.996 82.282 82.572 82.865 83.164 -9999 -9999 -9999 -9999 -9999 84.588 84.611 84.695 84.798 84.938 -9999 -9999 -9999 -9999 -9999 -9999 -9999 -9999 -9999 -9999 -9999 -9999 -9999 -9999 -9999 -9999 -9999 -9999 -9999 -9999 -9999 -9999 -9999 -9999 -9999 -9999 -9999 -9999 -9999 -9999 -9999
78.749 78.672 -9999 -9999 -9999 78.365 78.292 78.219 -9999 78.095 -9999 78.067 78.171 78.316 -9999 78.68 78.915 79.127 -9999 79.466 79.626 79.785 79.951 80.16 80.417 80.703 80.96 81.218 81.526 81.829 82.118 82.436 82.768 83.101 83.445 83.793 83.998 -9999 84.287 84.379 84.484 84.61 84.786 84.991 85.201 85.419 -9999 -9999 -9999 -9999 -9999 -9999 -9999 -9999 -9999 -9999 -9999 -9999 -9999 -9999 -9999 -9999 -9999 -9999 -9999 -9999 -9999 -9999 -9999 -9999 -9999 -9999 -9999 -9999 -9999
79.139 -9999 -9999 -9999 -9999 78.727 78.648 78.572 -9999 78.435 -9999 78.357 78.319 -9999 78.667 78.825 78.981 79.132 79.293 79.445 79.593 79.742 79.893 80.062 80.273 80.554 80.822 81.101 81.41 81.748 82.092 82.438 82.78 83.121 83.463 83.75 83.904 84.04 84.168 84.302 84.475 84.699 84.921 85.14 85.359 85.581 85.822 86.226 86.818 -9999 -9999 -9999 -9999 -9999 -9999 -9999 -9999 -9999 -9999 -9999 -9999 -9999 -9999 -9999 -9999 -9999 -9999 -9999 -9999 -9999 -9999 -9999 -9999 -9999 -9999
79.547 -9999 -9999 -9999 -9999 79.098 79.013 78.93 78.422 -9999 -9999 78.649 78.278 -9999 78.883 78.995 79.094 79.183 79.283 79.419 79.557 79.698 79.838 79.978 80.166 80.406 80.709 81.062 81.428 81.784 82.132 82.474 82.813 83.15 83.475 83.687 83.83 83.965 84.118 84.35 84.591 84.827 85.058 85.288 85.519 85.755 86.003 86.267 86.556 87.157 -9999 -9999 -9999 -9999 -9999 -9999 -9999 -9999 -9999 -9999 -9999 -9999 -9999 -9999 -9999 -9999 -9999 -9999 -9999 -9999 -9999 -9999 -9999 -9999 -9999
-9999 -9999 -9999 -9999 -9999 79.479 79.387 79.296 78.377 -9999 -9999 78.957 78.579 -9999 -9999 79.176 79.115 78.862 79.05 79.427 79.521 79.652 79.782 79.911 80.078 80.355 80.743 81.118 81.481 81.833 82.178 82.517 82.853 83.188 83.468 83.618 83.767 83.948 84.21 84.464 84.712 84.955 85.196 85.436 85.68 85.929 86.188 86.466 86.781 87.14 -9999 -9999 -9999 -9999 -9999 -9999 -9999 -9999 -9999 -9999 -9999 -9999 -9999 -9999 -9999 -9999 -9999 -9999 -9999 -9999 -9999 -9999 -9999 -9999 -9999
-9999 -9999 -9999 -9999 -9999 79.873 79.773 79.669 -9999 -9999 -9999 -9999 79.2 -9999 79.287 79.332 78.847 77.904 78.467 79.5 79.567 79.638 79.731 79.897 80.149 80.455 80.806 81.179 81.54 81.89 82.232 82.568 82.902 83.215 83.406 83.565 83.778 84.054 84.32 84.58 84.834 85.085 85.335 85.587 85.842 86.11 86.403 86.719 87.057 87.423 87.773 -9999 -9999 -9999 -9999 -9999 -9999 -9999 -9999 -9999 -9999 -9999 -9999 -9999 -9999 -9999 -9999 -9999 -9999 -9999 -9999 -9999 -9999 -9999 -9999
-9999 -9999 -9999 80.497 80.389 80.282 80.17 -9999 -9999 79.323 -9999 -9999 -9999 -9999 78.991 79.483 78.997 79.026 79.572 79.608 79.647 79.71 79.866 80.088 80.306 80.556 80.874 81.247 81.606 81.954 82.294 82.628 82.951 83.193 83.361 83.593 83.882 84.16 84.431 84.696 84.957 85.217 85.481 85.757 86.041 86.34 86.65 86.976 87.323 87.697 87.974 -9999 -9999 -9999 -9999 -9999 -9999 -9999 -9999 -9999 -9999 -9999 -9999 -9999 -9999 -9999 -9999 -9999 -9999 -9999 -9999 -9999 -9999 -9999 -9999
-9999 -9999 -9999 -9999 80.822 80.709 80.582 -9999 80.3 80.07 80.062 -9999 -9999 -9999 -9999 79.631 79.647 79.666 79.689 79.715 79.772 79.938 80.143 80.345 80.546 80.762 81.031 81.362 81.7 82.033 82.365 82.697 82.98 83.152 83.393 83.694 83.985 84.268 84.549 84.831 85.111 85.391 85.678 85.97 86.268 86.575 86.893 87.228 87.583 87.958 88.241 88.599 -9999 -9999 -9999 -9999 -9999 -9999 -9999 -9999 -9999 -9999 -9999 -9999 -9999 -9999 -9999 -9999 -9999 -9999 -9999 -9999 -9999 -9999 -9999
-9999 -9999 -9999 -9999 81.282 81.156 81.009 -9999 80.695 80.554 80.422 -9999 -9999 -9999 -9999 -9999 79.776 79.791 79.804 79.852 80.029 80.232 80.432 80.629 80.825 81.019 81.257 81.552 81.88 82.204 82.527 82.821 83.003 83.236 83.548 83.849 84.143 84.434 84.724 85.013 85.303 85.594 85.889 86.187 86.493 86.807 87.134 87.476 87.84 88.208 88.48 88.801 89.263 -9999 -9999 -9999 -9999 -9999 -9999 -9999 -9999 -9999 -9999 -9999 -9999 -9999 -9999 -9999 -9999 -9999 -9999 -9999 -9999 -9999 -9999
-9999 -9999 -9999 -9999 81.82 81.632 -9999 -9999 81.101 80.947 80.794 80.507 -9999 -9999 -9999 -9999 -9999 79.914 79.949 80.125 80.328 80.527 80.722 80.914 81.105 81.295 81.509 81.778 82.101 82.418 82.71 82.902 83.111 83.429 83.734 84.032 84.326 84.619 84.911 85.204 85.499 85.797 86.098 86.404 86.717 87.039 87.374 87.724 88.096 88.454 88.716 89.054 89.498 89.934 90.384 -9999 -9999 -9999 -9999 -9999 -9999 -9999 -9999 -9999 -9999 -9999 -9999 -9999 -9999 -9999 -9999 -9999 -9999 -9999 -9999
-9999 -9999 -9999 -9999 82.343 82.135 -9999 -9999 81.541 81.35 81.134 -9999 -9999 -9999 -9999 -9999 -9999 80.066 80.225 80.43 80.628 80.822 81.013 81.202 81.389 81.574 81.767 82.016 82.332 82.625 82.821 83.006 83.312 83.62 83.918 84.211 84.504 84.798 85.094 85.393 85.695 85.999 86.308 86.622 86.943 87.273 87.616 87.975 88.355 88.722 89.131 89.512 89.943 90.37 90.797 -9999 -9999 -9999 -9999 -9999 -9999 -9999 -9999 -9999 -9999 -9999 -9999 -9999 -9999 -9999 -9999 -9999 -9999 -9999 -9999
-9999 -9999 -9999 -9999 82.86 82.662 -9999 -9999 -9999 81.704 81.452 81.261 -9999 -9999 -9999 -9999 -9999 80.344 80.537 80.737 80.931 81.121 81.308 81.494 81.677 81.86 82.041 82.279 82.556 82.753 82.925 83.195 83.507 83.804 84.094 84.383 84.675 84.973 85.275 85.582 85.892 86.205 86.521 86.844 87.173 87.511 87.862 88.23 88.649 89.14 89.577 90.0 90.418 90.833 91.247 -9999 -9999 -9999 -9999 -9999 -9999 -9999 -9999 -9999 -9999 -9999 -9999 -9999 -9999 -9999 -9999 -9999 -9999 -9999 -9999
-9999 -9999 -9999 83.602 83.409 83.194 -9999 -9999 -9999 -9999 -9999 -9999 -9999 -9999 -9999 -9999 -9999 80.728 80.86 81.048 81.239 81.426 81.61 81.793 81.974 82.154 82.333 82.532 82.693 82.855 83.077 83.398 83.697 83.982 84.262 84.547 84.841 85.146 85.458 85.774 86.093 86.416 86.741 87.072 87.409 87.756 88.115 88.526 89.094 89.602 90.023 90.437 90.844 91.247 91.65 91.758 -9999 -9999 -9999 -9999 -9999 -9999 -9999 -9999 -9999 -9999 -9999 -9999 -9999 -9999 -9999 -9999 -9999 -9999 -9999
-9999 -9999 84.299 84.134 83.956 83.721 -9999 -9999 -9999 -9999 -9999 -9999 -9999 -9999 -9999 81.242 81.085 81.141 81.245 81.373 81.554 81.739 81.921 82.102 82.281 82.455 82.593 82.673 82.803 82.989 83.291 83.6 83.887 84.158 84.425 84.705 85.005 85.321 85.646 85.974 86.304 86.636 86.97 87.309 87.654 88.009 88.41 88.981 89.564 90.023 90.433 90.835 91.231 91.623 92.015 92.209 -9999 -9999 -9999 -9999 -9999 -9999 -9999 -9999 -9999 -9999 -9999 -9999 -9999 -9999 -9999 -9999 -9999 -9999 -9999
-9999 -9999 84.85 84.675 84.437 -9999 -9999 -9999 -9999 -9999 -9999 -9999 -9999 -9999 -9999 81.538 81.533 81.589 81.662 81.766 81.892 82.064 82.245 82.424 82.587 82.688 82.735 82.802 82.929 83.178 83.509 83.808 84.082 84.337 84.586 84.858 85.172 85.508 85.848 86.188 86.528 86.869 87.211 87.558 87.911 88.302 88.849 89.462 89.998 90.412 90.814 91.203 91.588 91.97 92.351 92.597 -9999 -9999 -9999 -9999 -9999 -9999 -9999 -9999 -9999 -9999 -9999 -9999 -9999 -9999 -9999 -9999 -9999 -9999 -9999
-9999 -9999 -9999 -9999 -9999 -9999 -9999 -9999 -9999 -9999 -9999 -9999 -9999 -9999 -9999 81.934 81.985 82.047 82.117 82.195 82.3 82.425 82.577 82.711 82.779 82.83 82.876 82.937 83.09 83.41 83.735 84.029 84.294 84.535 84.762 85.019 85.364 85.721 86.073 86.423 86.77 87.118 87.467 87.82 88.201 88.713 89.321 89.906 90.372 90.776 91.164 91.546 91.922 92.294 92.665 92.938 -9999 -9999 -9999 -9999 -9999 -9999 -9999 -9999 -9999 -9999 -9999 -9999 -9999 -9999 -9999 -9999 -9999 -9999 -9999
-9999 -9999 -9999 -9999 -9999 -9999 -9999 -9999 -9999 -9999 -9999 -9999 -9999 -9999 82.402 82.412 82.461 82.52 82.588 82.665 82.742 82.806 82.837 82.865 82.923 82.975 83.021 83.083 83.289 83.65 83.974 84.267 84.532 84.774 85.003 85.29 85.622 85.975 86.329 86.682 87.034 87.386 87.74 88.107 88.571 89.179 89.778 90.315 90.726 91.119 91.497 91.87 92.236 92.598 92.96 93.25 -9999 -9999 -9999 -9999 -9999 -9999 -9999 -9999 -9999 -9999 -9999 -9999 -9999 -9999 -9999 -9999 -9999 -9999 -9999
-9999 -9999 -9999 -9999 -9999 -9999 -9999 -9999 -9999 -9999 -9999 -9999 -9999 -9999 82.847 82.914 82.959 83.014 83.065 83.079 83.079 83.063 83.055 83.064 83.081 83.122 83.171 83.258 83.538 83.901 84.228 84.526 84.799 85.056 85.315 85.605 85.926 86.267 86.616 86.968 87.32 87.675 88.032 88.447 89.037 89.634 90.208 90.667 91.063 91.445 91.816 92.177 92.534 92.888 93.241 93.538 -9999 -9999 -9999 -9999 -9999 -9999 -9999 -9999 -9999 -9999 -9999 -9999 -9999 -9999 -9999 -9999 -9999 -9999 -9999
-9999 -9999 -9999 -9999 -9999 -9999 -9999 -9999 -9999 -9999 -9999 -9999 -9999 83.321 83.283 83.413 83.397 83.388 83.365 83.342 83.324 83.311 83.301 83.294 83.3 83.312 83.332 83.462 83.795 84.164 84.498 84.805 85.091 85.366 85.645 85.94 86.256 86.589 86.931 87.279 87.63 87.984 88.366 88.899 89.497 90.081 90.601 91.001 91.385 91.757 92.117 92.472 92.82 93.159 93.483 93.79 94.032 -9999 -9999 -9999 -9999 -9999 -9999 -9999 -9999 -9999 -9999 -9999 -9999 -9999 -9999 -9999 -9999 -9999 -9999
-9999 -9999 -9999 -9999 -9999 -9999 -9999 -9999 -9999 -9999 -9999 -9999 83.792 83.736 83.744 83.704 83.668 83.634 83.607 83.586 83.57 83.558 83.551 83.548 83.547 83.548 83.569 83.725 84.07 84.439 84.783 85.101 85.401 85.692 85.985 86.287 86.603 86.931 87.268 87.612 87.961 88.317 88.765 89.366 89.952 90.504 90.935 91.324 91.706 92.084 92.448 92.793 93.119 93.432 93.733 94.022 94.299 -9999 -9999 -9999 -9999 -9999 -9999 -9999 -9999 -9999 -9999 -9999 -9999 -9999 -9999 -9999 -9999 -9999 -9999
-9999 -9999 -9999 -9999 -9999 -9999 -9999 -9999 -9999 -9999 -9999 -9999 84.07 84.007 83.968 83.935 83.904 83.875 83.849 83.829 83.816 83.807 83.803 83.804 83.808 83.816 83.853 84.059 84.407 84.764 85.097 85.414 85.726 86.031 86.336 86.645 86.963 87.29 87.625 87.966 88.313 88.697 89.245 89.833 90.407 90.914 91.329 91.727 92.109 92.47 92.8 93.124 93.431 93.723 94.005 94.279 94.546 -9999 -9999 -9999 -9999 -9999 -9999 -9999 -9999 -9999 -9999 -9999 -9999 -9999 -9999 -9999 -9999 -9999 -9999
-9999 -9999 -9999 -9999 -9999 -9999 -9999 -9999 -9999 -9999 -9999 84.39 84.258 84.219 84.186 84.16 84.138 84.117 84.093 84.075 84.064 84.059 84.059 84.064 84.074 84.088 84.164 84.417 84.771 85.124 85.456 85.778 86.09 86.397 86.704 87.017 87.337 87.665 88.0 88.339 88.687 89.143 89.771 90.384 90.937 91.361 91.758 92.133 92.486 92.819 93.135 93.433 93.723 94.001 94.269 94.529 94.783 94.979 -9999 -9999 -9999 -9999 -9999 -9999 -9999 -9999 -9999 -9999 -9999 -9999 -9999 -9999 -9999 -9999 -9999
-9999 -9999 -9999 -9999 -9999 -9999 -9999 -9999 -9999 -9999 84.718 -9999 84.459 84.427 84.402 84.383 84.37 84.357 84.341 84.325 84.317 84.315 84.32 84.33 84.346 84.368 84.479 84.774 85.143 85.501 85.838 86.163 86.478 86.79 87.102 87.418 87.74 88.066 88.397 88.746 89.165 89.754 90.381 90.949 91.379 91.772 92.141 92.489 92.819 93.134 93.429 93.717 93.992 94.257 94.513 94.761 95.004 95.213 -9999 -9999 -9999 -9999 -9999 -9999 -9999 -9999 -9999 -9999 -9999 -9999 -9999 -9999 -9999 -9999 -9999
