Validation/Results/raw data/ReClimate_10_2023_2_Temperature.asc
NCOLS 192
NROWS 249
XLLCENTER -225160.85627316462
YLLCENTER 29788.11610251502
CELLSIZE 5000.0
NODATA_VALUE -9999
[rows 68 to 101 of 249, columns 75 to 149 of 192]
-9999 -9999 -9999 -9999 -9999 -9999 -9999 -9999 -9999 -9999 -9999 -0.413 -0.414 -0.417 -0.431 -0.448 -0.45 -0.452 -0.433 -0.411 -0.399 -0.384 -0.389 -0.395 -0.4 -0.406 -0.409 -0.413 -0.405 -9999 -9999 -9999 -9999 -9999 -9999 -9999 -9999 -9999 -9999 -9999 -9999 -9999 -9999 -9999 -9999 -9999 -9999 -9999 -9999 -9999 -9999 -9999 -9999 -9999 -9999 -9999 -9999 -9999 -9999 -9999 -9999 -9999 -9999 -9999 -9999 -9999 -9999 -9999 -9999 -9999 -9999 -9999 -9999 -9999 -9999
-9999 -9999 -9999 -9999 -9999 -9999 -9999 -9999 -9999 -9999 -9999 -9999 -9999 -0.432 -0.441 -0.441 -0.447 -0.46 -0.446 -0.433 -0.425 -0.418 -0.42 -0.415 -0.421 -0.425 -0.415 -9999 -9999 -9999 -9999 -9999 -9999 -9999 -9999 -9999 -9999 -9999 -9999 -9999 -9999 -9999 -9999 -9999 -9999 -9999 -9999 -9999 -9999 -9999 -9999 -9999 -9999 -9999 -9999 -9999 -9999 -9999 -9999 -9999 -9999 -9999 -9999 -9999 -9999 -9999 -9999 -9999 -9999 -9999 -9999 -9999 -9999 -9999 -9999
-9999 -9999 -9999 -9999 -9999 -9999 -9999 -0.394 -9999 -9999 -0.411 -0.42 -0.428 -0.437 -0.437 -0.437 -0.448 -0.461 -0.451 -0.439 -0.435 -0.429 -0.426 -0.422 -0.426 -0.431 -0.402 -9999 -9999 -9999 -9999 -9999 -9999 -9999 -9999 -9999 -9999 -9999 -9999 -9999 -9999 -9999 -9999 -9999 -9999 -9999 -9999 -9999 -9999 -9999 -9999 -9999 -9999 -9999 -9999 -9999 -9999 -9999 -9999 -9999 -9999 -9999 -9999 -9999 -9999 -9999 -9999 -9999 -9999 -9999 -9999 -9999 -9999 -9999 -9999
-9999 -9999 -9999 -9999 -9999 -0.387 -0.392 -0.393 -0.399 -0.409 -0.42 -0.43 -0.437 -0.445 -0.449 -0.456 -0.462 -0.457 -0.449 -0.442 -0.439 -0.436 -0.435 -0.435 -0.437 -0.432 -0.411 -9999 -9999 -9999 -9999 -9999 -9999 -9999 -9999 -9999 -9999 -9999 -9999 -9999 -9999 -9999 -9999 -9999 -9999 -9999 -9999 -9999 -9999 -9999 -9999 -9999 -9999 -9999 -9999 -9999 -9999 -9999 -9999 -9999 -9999 -9999 -9999 -9999 -9999 -9999 -9999 -9999 -9999 -9999 -9999 -9999 -9999 -9999 -9999
-9999 -9999 -9999 -9999 -9999 -0.392 -0.39 -9999 -0.402 -0.412 -0.422 -0.432 -0.438 -0.446 -0.454 -0.462 -0.458 -0.453 -0.448 -0.441 -0.44 -0.437 -0.438 -0.438 -0.435 -0.432 -9999 -0.431 -9999 -9999 -9999 -9999 -9999 -9999 -9999 -9999 -9999 -9999 -9999 -9999 -9999 -9999 -9999 -9999 -9999 -9999 -9999 -9999 -9999 -9999 -9999 -9999 -9999 -9999 -9999 -9999 -9999 -9999 -9999 -9999 -9999 -9999 -9999 -9999 -9999 -9999 -9999 -9999 -9999 -9999 -9999 -9999 -9999 -9999 -9999
-9999 -9999 -9999 -9999 -9999 -9999 -0.392 -0.399 -0.411 -0.426 -0.433 -0.436 -0.442 -0.446 -0.454 -0.465 -0.462 -0.457 -0.458 -0.465 -0.46 -0.446 -0.441 -0.427 -0.426 -0.43 -0.438 -0.45 -9999 -9999 -9999 -9999 -9999 -9999 -9999 -9999 -9999 -9999 -9999 -9999 -9999 -9999 -9999 -9999 -9999 -9999 -9999 -9999 -9999 -9999 -9999 -9999 -9999 -9999 -9999 -9999 -9999 -9999 -9999 -9999 -9999 -9999 -9999 -9999 -9999 -9999 -9999 -9999 -9999 -9999 -9999 -9999 -9999 -9999 -9999
-9999 -9999 -9999 -9999 -9999 -9999 -9999 -0.401 -0.415 -0.428 -0.432 -0.435 -0.44 -0.444 -0.453 -0.464 -0.46 -0.456 -0.463 -0.471 -0.46 -0.447 -0.435 -0.421 -0.424 -0.428 -0.44 -0.451 -9999 -9999 -9999 -9999 -9999 -9999 -9999 -9999 -9999 -9999 -9999 -9999 -9999 -9999 -9999 -9999 -9999 -9999 -9999 -9999 -9999 -9999 -9999 -9999 -9999 -9999 -9999 -9999 -9999 -9999 -9999 -9999 -9999 -9999 -9999 -9999 -9999 -9999 -9999 -9999 -9999 -9999 -9999 -9999 -9999 -9999 -9999
-9999 -9999 -9999 -9999 -9999 -0.4 -0.403 -0.425 -0.433 -0.435 -0.438 -0.439 -0.442 -0.44 -0.448 -0.457 -0.454 -0.45 -0.455 -0.459 -0.452 -0.449 -0.445 -0.45 -0.451 -9999 -0.452 -9999 -9999 -9999 -9999 -9999 -9999 -0.415 -0.412 -0.41 -9999 -9999 -9999 -9999 -9999 -9999 -9999 -9999 -9999 -9999 -9999 -9999 -9999 -9999 -9999 -9999 -9999 -9999 -9999 -9999 -9999 -9999 -9999 -9999 -9999 -9999 -9999 -9999 -9999 -9999 -9999 -9999 -9999 -9999 -9999 -9999 -9999 -9999 -9999
-0.395 -9999 -9999 -9999 -9999 -9999 -0.425 -0.434 -0.435 -0.436 -0.437 -0.438 -0.437 -0.436 -0.443 -0.451 -0.449 -0.445 -0.448 -0.451 -0.45 -0.447 -0.453 -0.458 -0.455 -0.45 -9999 -9999 -9999 -9999 -0.431 -0.432 -0.425 -0.417 -0.413 -0.41 -0.427 -0.446 -0.437 -0.426 -0.415 -0.403 -0.407 -0.411 -0.409 -0.408 -0.399 -0.39 -0.387 -0.385 -0.387 -0.383 -9999 -9999 -9999 -9999 -9999 -9999 -9999 -9999 -9999 -9999 -9999 -9999 -9999 -9999 -9999 -9999 -9999 -9999 -9999 -9999 -9999 -9999 -9999
-0.41 -9999 -9999 -9999 -0.407 -9999 -0.423 -0.425 -0.426 -0.434 -0.434 -0.435 -0.437 -0.444 -0.451 -0.457 -0.461 -0.472 -0.469 -0.452 -0.453 -0.455 -0.46 -0.463 -0.456 -9999 -9999 -9999 -9999 -0.432 -0.434 -0.451 -0.449 -0.45 -0.445 -0.428 -0.442 -0.446 -0.436 -0.421 -0.421 -0.436 -0.437 -0.427 -0.428 -0.423 -0.42 -0.418 -0.414 -0.398 -0.392 -0.379 -9999 -9999 -9999 -9999 -9999 -9999 -9999 -9999 -9999 -9999 -9999 -9999 -9999 -9999 -9999 -9999 -9999 -9999 -9999 -9999 -9999 -9999 -9999
-0.419 -9999 -9999 -9999 -0.412 -0.417 -0.418 -0.421 -0.426 -0.432 -0.432 -0.431 -0.437 -0.444 -0.45 -0.456 -0.467 -0.479 -0.466 -0.449 -0.452 -0.455 -0.459 -0.462 -9999 -9999 -0.429 -0.423 -0.43 -0.435 -0.444 -0.455 -0.457 -0.46 -0.448 -0.434 -0.438 -0.443 -0.431 -0.417 -0.431 -0.446 -0.44 -0.432 -0.431 -0.428 -0.428 -0.428 -0.416 -0.402 -0.384 -0.36 -0.367 -9999 -9999 -9999 -9999 -9999 -9999 -9999 -9999 -9999 -9999 -9999 -9999 -9999 -9999 -9999 -9999 -9999 -9999 -9999 -9999 -9999 -9999
-0.427 -9999 -0.413 -9999 -0.415 -0.416 -0.422 -0.432 -0.433 -0.429 -0.431 -0.44 -0.444 -0.446 -0.454 -0.464 -0.475 -0.487 -0.475 -0.461 -0.467 -0.479 -0.477 -0.464 -9999 -0.444 -0.435 -0.458 -0.462 -0.451 -0.46 -0.467 -0.464 -0.451 -0.444 -0.44 -0.445 -0.449 -0.441 -0.433 -0.444 -0.45 -0.445 -0.438 -0.437 -0.434 -0.436 -0.441 -0.432 -0.418 -0.41 -0.394 -0.384 -9999 -9999 -9999 -9999 -9999 -9999 -9999 -9999 -9999 -9999 -9999 -9999 -9999 -9999 -9999 -9999 -9999 -9999 -9999 -9999 -9999 -9999
-9999 -0.415 -9999 -9999 -9999 -0.418 -0.426 -0.435 -0.431 -0.427 -0.434 -0.443 -0.443 -0.444 -0.453 -0.464 -0.474 -0.486 -0.475 -0.462 -0.472 -0.484 -0.474 -0.462 -0.459 -0.45 -0.46 -0.469 -0.463 -0.454 -0.46 -0.468 -0.458 -0.445 -0.443 -0.44 -0.445 -0.449 -0.444 -0.437 -0.443 -0.449 -0.444 -0.438 -0.436 -0.434 -0.439 -0.444 -0.435 -0.423 -0.415 -0.405 -0.396 -9999 -9999 -9999 -9999 -9999 -9999 -9999 -9999 -9999 -9999 -9999 -9999 -9999 -9999 -9999 -9999 -9999 -9999 -9999 -9999 -9999 -9999
-0.435 -9999 -9999 -9999 -9999 -0.418 -0.427 -0.442 -9999 -0.439 -0.441 -0.435 -0.437 -0.447 -0.457 -0.473 -0.479 -0.477 -0.47 -0.466 -0.473 -0.477 -0.475 -0.484 -0.477 -0.456 -0.463 -0.468 -0.458 -0.438 -0.446 -0.457 -0.452 -0.455 -0.456 -0.46 -0.466 -0.469 -0.462 -0.446 -0.454 -0.465 -0.459 -0.445 -0.44 -0.428 -0.433 -0.442 -0.433 -0.422 -0.415 -0.403 -0.392 -9999 -9999 -9999 -9999 -9999 -9999 -9999 -9999 -9999 -9999 -9999 -9999 -9999 -9999 -9999 -9999 -9999 -9999 -9999 -9999 -9999 -9999
-0.446 -9999 -9999 -9999 -0.432 -9999 -9999 -0.444 -0.443 -0.442 -0.437 -0.431 -0.438 -0.446 -0.458 -0.472 -0.471 -0.47 -0.467 -0.464 -0.467 -0.471 -0.479 -0.488 -0.474 -0.455 -0.459 -0.463 -0.448 -0.43 -0.439 -0.449 -0.452 -0.455 -0.46 -0.465 -0.469 -0.474 -0.462 -0.447 -0.456 -0.468 -0.458 -0.445 -0.435 -0.423 -0.431 -0.439 -0.431 -0.42 -0.413 -0.404 -9999 -9999 -9999 -9999 -9999 -9999 -9999 -9999 -9999 -9999 -9999 -9999 -9999 -9999 -9999 -9999 -9999 -9999 -9999 -9999 -9999 -9999 -9999
-0.446 -0.452 -0.453 -9999 -9999 -9999 -0.443 -0.442 -9999 -0.452 -0.447 -0.442 -0.452 -0.466 -0.477 -0.49 -0.488 -0.481 -0.478 -0.47 -0.475 -0.479 -0.481 -0.473 -0.464 -0.462 -0.467 -0.469 -0.463 -0.464 -0.466 -0.452 -0.452 -0.446 -0.451 -0.458 -0.457 -0.447 -0.442 -0.448 -0.46 -0.479 -0.469 -0.453 -0.443 -0.425 -0.43 -0.431 -0.422 -0.41 -0.412 -9999 -9999 -9999 -9999 -9999 -9999 -9999 -9999 -9999 -9999 -9999 -9999 -9999 -9999 -9999 -9999 -9999 -9999 -9999 -9999 -9999 -9999 -9999 -9999
-0.447 -0.452 -0.457 -9999 -0.456 -0.447 -0.445 -0.441 -0.447 -0.454 -0.45 -0.445 -0.457 -0.471 -0.481 -0.493 -0.487 -0.482 -0.476 -0.469 -0.474 -0.478 -0.472 -0.463 -0.463 -0.462 -0.465 -0.468 -0.471 -0.473 -0.463 -0.45 -0.445 -0.44 -0.446 -0.453 -0.445 -0.434 -0.44 -0.445 -0.461 -0.479 -0.468 -0.454 -0.441 -0.424 -0.425 -0.426 -0.417 -0.405 -0.409 -9999 -9999 -9999 -9999 -9999 -9999 -9999 -9999 -9999 -9999 -9999 -9999 -9999 -9999 -9999 -9999 -9999 -9999 -9999 -9999 -9999 -9999 -9999 -9999
-0.445 -0.447 -0.45 -0.456 -0.454 -0.455 -9999 -0.461 -0.467 -0.474 -0.472 -0.468 -0.475 -0.472 -0.48 -0.485 -0.475 -0.458 -0.454 -0.452 -0.455 -0.457 -0.453 -0.454 -0.456 -0.464 -0.466 -0.467 -0.471 -0.476 -0.47 -0.469 -0.467 -0.462 -0.466 -0.463 -0.46 -0.46 -0.466 -0.466 -0.473 -0.464 -0.458 -0.456 -0.445 -0.433 -0.435 -0.435 -0.426 -0.41 -9999 -9999 -9999 -9999 -9999 -9999 -9999 -9999 -9999 -9999 -9999 -9999 -9999 -9999 -9999 -9999 -9999 -9999 -9999 -9999 -9999 -9999 -9999 -9999 -9999
-9999 -9999 -9999 -0.453 -0.456 -9999 -0.46 -0.467 -0.473 -0.48 -0.477 -0.475 -0.473 -0.47 -0.474 -0.478 -0.462 -0.445 -0.443 -0.441 -0.442 -0.444 -0.445 -0.446 -0.453 -0.461 -0.462 -0.463 -0.468 -0.473 -0.473 -0.472 -0.47 -0.467 -0.466 -0.463 -0.465 -0.467 -0.469 -0.471 -0.465 -0.456 -0.455 -0.454 -0.446 -0.435 -0.436 -0.437 -0.426 -0.411 -9999 -9999 -9999 -9999 -9999 -9999 -9999 -9999 -9999 -9999 -9999 -9999 -9999 -9999 -9999 -9999 -9999 -9999 -9999 -9999 -9999 -9999 -9999 -9999 -9999
-9999 -9999 -0.458 -0.455 -9999 -0.46 -0.463 -9999 -0.473 -0.472 -0.472 -0.477 -0.472 -0.463 -0.46 -0.449 -0.437 -0.43 -0.431 -0.439 -0.439 -0.434 -0.438 -0.446 -0.456 -0.468 -0.47 -0.467 -0.473 -0.476 -0.473 -0.46 -0.463 -0.475 -0.473 -0.466 -0.473 -0.486 -0.491 -0.495 -0.487 -0.467 -0.467 -0.463 -0.454 -0.436 -0.436 -0.431 -0.422 -0.411 -9999 -9999 -9999 -9999 -9999 -9999 -9999 -9999 -9999 -9999 -9999 -9999 -9999 -9999 -9999 -9999 -9999 -9999 -9999 -9999 -9999 -9999 -9999 -9999 -9999
-9999 -9999 -0.459 -9999 -9999 -0.463 -0.465 -0.469 -0.468 -0.466 -0.468 -0.47 -0.462 -0.453 -0.443 -0.431 -0.425 -0.418 -0.424 -0.431 -0.428 -0.424 -0.432 -0.44 -0.451 -0.464 -0.464 -0.462 -0.467 -0.471 -0.462 -0.451 -0.462 -0.474 -0.469 -0.463 -0.476 -0.49 -0.495 -0.501 -0.487 -0.468 -0.467 -0.464 -0.451 -0.435 -0.432 -0.427 -0.42 -0.41 -9999 -9999 -9999 -9999 -9999 -9999 -9999 -9999 -9999 -9999 -9999 -9999 -9999 -9999 -9999 -9999 -9999 -9999 -9999 -9999 -9999 -9999 -9999 -9999 -9999
-9999 -9999 -9999 -9999 -9999 -9999 -0.458 -0.457 -0.46 -0.476 -0.469 -0.446 -0.444 -0.454 -0.442 -0.424 -0.422 -0.424 -0.425 -0.42 -0.423 -0.433 -0.44 -0.444 -0.45 -0.446 -0.447 -0.449 -0.453 -0.456 -0.453 -0.458 -0.465 -0.464 -0.473 -0.5 -0.506 -0.494 -0.498 -0.499 -0.489 -0.478 -0.477 -0.471 -0.467 -0.471 -0.463 -0.436 -0.425 -9999 -9999 -9999 -9999 -9999 -9999 -9999 -9999 -9999 -9999 -9999 -9999 -9999 -9999 -9999 -9999 -9999 -9999 -9999 -9999 -9999 -9999 -9999 -9999 -9999 -9999
-9999 -9999 -9999 -9999 -0.463 -0.452 -9999 -0.446 -0.458 -0.473 -0.454 -0.431 -0.438 -0.448 -0.433 -0.416 -0.418 -0.421 -0.416 -0.41 -0.42 -0.431 -0.435 -0.44 -0.437 -0.433 -0.436 -0.439 -0.442 -0.445 -0.449 -0.454 -0.454 -0.454 -0.48 -0.509 -0.502 -0.491 -0.493 -0.494 -0.488 -0.478 -0.475 -0.471 -0.476 -0.482 -0.462 -0.437 -0.418 -9999 -9999 -9999 -9999 -9999 -9999 -9999 -9999 -9999 -9999 -9999 -9999 -9999 -9999 -9999 -9999 -9999 -9999 -9999 -9999 -9999 -9999 -9999 -9999 -9999 -9999
-9999 -9999 -9999 -0.464 -0.453 -0.454 -0.452 -0.455 -0.458 -0.447 -0.435 -0.435 -0.436 -0.428 -0.42 -0.421 -0.422 -0.419 -0.417 -0.42 -0.43 -0.441 -0.447 -0.45 -0.442 -0.419 -0.422 -0.428 -0.429 -0.426 -0.429 -0.432 -0.438 -0.455 -0.473 -0.48 -0.477 -0.482 -0.486 -0.492 -0.487 -0.481 -0.477 -0.467 -0.471 -0.471 -0.453 -0.43 -9999 -9999 -9999 -9999 -9999 -9999 -9999 -9999 -9999 -9999 -9999 -9999 -9999 -9999 -9999 -9999 -9999 -9999 -9999 -9999 -9999 -9999 -9999 -9999 -9999 -9999 -9999
-9999 -9999 -9999 -0.455 -9999 -0.449 -0.45 -0.453 -0.442 -0.431 -0.431 -0.431 -0.423 -0.415 -0.416 -0.418 -0.416 -0.413 -0.415 -0.418 -0.428 -0.44 -0.444 -0.447 -0.43 -0.408 -0.413 -0.419 -0.417 -0.414 -0.417 -0.419 -0.433 -0.45 -0.456 -0.462 -0.468 -0.472 -0.48 -0.487 -0.484 -0.478 -0.472 -0.462 -0.464 -0.464 -0.447 -0.425 -9999 -9999 -9999 -9999 -9999 -9999 -9999 -9999 -9999 -9999 -9999 -9999 -9999 -9999 -9999 -9999 -9999 -9999 -9999 -9999 -9999 -9999 -9999 -9999 -9999 -9999 -9999
-9999 -9999 -9999 -9999 -9999 -0.453 -0.449 -0.439 -0.43 -0.422 -0.42 -0.416 -0.412 -0.415 -0.413 -0.405 -0.408 -0.42 -0.417 -0.404 -0.41 -0.414 -0.417 -0.42 -0.411 -0.413 -0.417 -0.416 -0.416 -0.413 -0.417 -0.42 -0.43 -0.432 -0.44 -0.452 -0.459 -0.47 -0.48 -0.492 -0.489 -0.478 -0.47 -0.457 -0.451 -0.432 -0.42 -0.417 -9999 -9999 -9999 -9999 -9999 -9999 -9999 -9999 -9999 -9999 -9999 -9999 -9999 -9999 -9999 -9999 -9999 -9999 -9999 -9999 -9999 -9999 -9999 -9999 -9999 -9999 -9999
-9999 -9999 -9999 -0.437 -0.441 -0.449 -0.438 -0.428 -0.421 -0.414 -0.409 -0.405 -9999 -0.41 -0.404 -0.396 -0.406 -0.417 -0.407 -0.394 -0.396 -0.399 -0.401 -0.404 -0.407 -0.411 -0.411 -0.411 -0.41 -0.408 -0.412 -0.416 -0.419 -0.421 -0.431 -0.443 -0.453 -0.463 -0.475 -0.489 -0.484 -0.475 -0.465 -0.453 -0.437 -0.417 -0.416 -0.411 -9999 -9999 -9999 -9999 -9999 -9999 -9999 -9999 -9999 -9999 -9999 -9999 -9999 -9999 -9999 -9999 -9999 -9999 -9999 -9999 -9999 -9999 -9999 -9999 -9999 -9999 -9999
-0.436 -0.438 -0.433 -9999 -0.443 -0.43 -0.421 -0.414 -0.409 -0.405 -0.401 -9999 -0.398 -0.395 -0.396 -0.411 -0.414 -0.402 -0.395 -0.393 -0.394 -0.395 -0.401 -0.413 -0.413 -0.404 -0.406 -0.41 -0.404 -0.385 -0.391 -0.403 -0.409 -0.42 -0.432 -0.447 -0.457 -0.467 -0.471 -0.459 -0.457 -0.455 -0.449 -0.442 -0.431 -0.424 -0.414 -9999 -9999 -9999 -9999 -9999 -9999 -9999 -9999 -9999 -9999 -9999 -9999 -9999 -9999 -9999 -9999 -9999 -9999 -9999 -9999 -9999 -9999 -9999 -9999 -9999 -9999 -9999 -9999
-0.432 -0.428 -0.434 -0.444 -9999 -0.418 -0.411 -0.404 -0.401 -0.397 -0.394 -0.392 -0.388 -0.385 -0.397 -0.412 -0.403 -0.392 -0.39 -0.387 -0.387 -0.389 -0.399 -0.411 -0.405 -0.396 -0.401 -0.405 -0.391 -0.373 -0.383 -0.394 -0.404 -0.415 -0.429 -0.443 -0.453 -0.463 -0.455 -0.443 -0.444 -0.443 -0.441 -0.436 -0.432 -9999 -9999 -9999 -9999 -9999 -9999 -9999 -9999 -9999 -9999 -9999 -9999 -9999 -9999 -9999 -9999 -9999 -9999 -9999 -9999 -9999 -9999 -9999 -9999 -9999 -9999 -9999 -9999 -9999 -9999
-9999 -9999 -0.438 -9999 -0.427 -0.425 -0.414 -0.398 -0.39 -9999 -9999 -0.386 -0.385 -0.388 -0.39 -0.375 -0.375 -0.395 -0.393 -0.388 -0.391 -0.397 -0.403 -0.399 -0.399 -0.41 -0.407 -0.389 -0.386 -0.399 -0.407 -0.407 -0.414 -0.415 -0.424 -0.426 -0.436 -0.451 -0.444 -0.437 -0.435 -0.427 -0.426 -0.425 -9999 -9999 -9999 -9999 -9999 -9999 -9999 -9999 -9999 -9999 -9999 -9999 -9999 -9999 -9999 -9999 -9999 -9999 -9999 -9999 -9999 -9999 -9999 -9999 -9999 -9999 -9999 -9999 -9999 -9999 -9999
-0.431 -9999 -0.43 -0.427 -0.425 -0.423 -0.408 -0.391 -9999 -9999 -0.373 -0.379 -0.382 -0.385 -0.372 -0.356 -0.372 -0.391 -0.388 -0.384 -0.388 -0.395 -0.393 -0.389 -0.399 -0.409 -0.396 -0.379 -0.391 -0.404 -0.406 -0.408 -0.41 -0.411 -0.413 -0.415 -0.428 -0.442 -0.438 -0.431 -0.425 -0.416 -0.418 -0.417 -0.419 -9999 -9999 -9999 -9999 -9999 -9999 -9999 -9999 -9999 -9999 -9999 -9999 -9999 -9999 -9999 -9999 -9999 -9999 -9999 -9999 -9999 -9999 -9999 -9999 -9999 -9999 -9999 -9999 -9999 -9999
-0.424 -0.434 -0.429 -0.423 -0.419 -0.41 -0.401 -9999 -9999 -0.384 -0.383 -0.383 -0.387 -0.393 -0.388 -0.392 -0.404 -0.406 -0.397 -0.372 -0.377 -0.384 -0.391 -0.414 -0.422 -0.424 -0.413 -0.395 -0.406 -0.412 -0.411 -0.401 -0.404 -0.406 -0.407 -0.403 -0.415 -0.427 -0.424 -0.423 -0.417 -0.407 -0.411 -0.419 -9999 -9999 -9999 -9999 -9999 -9999 -9999 -9999 -9999 -9999 -9999 -9999 -9999 -9999 -9999 -9999 -9999 -9999 -9999 -9999 -9999 -9999 -9999 -9999 -9999 -9999 -9999 -9999 -9999 -9999 -9999
-0.42 -0.43 -9999 -9999 -0.41 -0.401 -9999 -9999 -9999 -0.395 -0.389 -0.379 -0.384 -0.391 -0.395 -0.4 -0.403 -0.406 -0.386 -0.363 -0.367 -0.374 -0.394 -0.417 -0.421 -0.423 -0.411 -0.395 -0.401 -0.407 -0.401 -0.392 -0.395 -0.398 -0.396 -0.392 -0.403 -0.414 -0.414 -0.413 -0.406 -0.397 -0.405 -0.413 -9999 -9999 -9999 -9999 -9999 -9999 -9999 -9999 -9999 -9999 -9999 -9999 -9999 -9999 -9999 -9999 -9999 -9999 -9999 -9999 -9999 -9999 -9999 -9999 -9999 -9999 -9999 -9999 -9999 -9999 -9999
-9999 -0.417 -0.412 -0.41 -9999 -9999 -9999 -9999 -0.362 -0.359 -0.361 -0.385 -0.387 -0.382 -0.388 -0.401 -0.405 -0.409 -0.394 -0.378 -0.388 -0.405 -0.419 -0.42 -0.421 -0.417 -0.407 -0.398 -0.406 -0.417 -0.414 -0.411 -0.412 -0.405 -0.402 -0.395 -0.397 -0.381 -0.383 -0.392 -0.393 -0.407 -0.409 -9999 -9999 -9999 -9999 -9999 -9999 -9999 -9999 -9999 -9999 -9999 -9999 -9999 -9999 -9999 -9999 -9999 -9999 -9999 -9999 -9999 -9999 -9999 -9999 -9999 -9999 -9999 -9999 -9999 -9999 -9999 -9999
