Validation/Results/raw data/ReClimate_01_2024_1_Temperature-Actualsweatherlogisticsltd.asc
NCOLS 192
NROWS 249
XLLCENTER -225160.85627316462
YLLCENTER 29788.11610251502
CELLSIZE 5000.0
NODATA_VALUE -9999
[rows 102 to 135 of 249, columns 77 to 153 of 192]
3.481 3.39 5.352 6.142 -9999 -9999 5.213 -9999 -9999 5.397 3.033 2.802 4.35 3.346 1.185 2.846 1.835 1.824 2.086 2.638 4.143 3.178 2.331 1.521 2.14 3.139 2.5 2.769 3.916 4.695 5.08 4.95 4.509 3.886 4.823 5.108 5.25 5.514 5.548 5.69 -9999 -9999 -9999 -9999 -9999 -9999 -9999 -9999 -9999 -9999 -9999 -9999 -9999 -9999 -9999 -9999 -9999 -9999 -9999 -9999 -9999 -9999 -9999 -9999 -9999 -9999 -9999 -9999 -9999 -9999 -9999 -9999 -9999 -9999 -9999 -9999 -9999
3.831 5.102 -9999 -9999 -9999 5.856 4.706 5.133 4.79 4.693 3.781 5.503 4.949 3.213 3.046 3.419 3.466 3.385 3.284 3.207 2.18 3.138 2.458 2.749 2.567 2.283 2.94 3.672 4.455 4.955 5.045 4.8 4.221 4.951 5.551 -9999 -9999 5.816 -9999 -9999 -9999 -9999 -9999 -9999 -9999 -9999 -9999 -9999 -9999 -9999 -9999 -9999 -9999 -9999 -9999 -9999 -9999 -9999 -9999 -9999 -9999 -9999 -9999 -9999 -9999 -9999 -9999 -9999 -9999 -9999 -9999 -9999 -9999 -9999 -9999 -9999 -9999
-9999 5.301 -9999 -9999 -9999 5.575 4.612 4.425 4.454 4.953 5.504 4.666 3.412 3.066 3.504 3.867 3.41 2.935 3.521 3.012 4.205 3.385 3.15 3.907 4.368 4.643 4.505 4.895 5.103 5.039 5.153 5.152 5.102 5.569 -9999 5.469 5.603 5.608 5.671 -9999 -9999 -9999 -9999 -9999 -9999 -9999 -9999 -9999 -9999 -9999 -9999 -9999 -9999 -9999 -9999 -9999 -9999 -9999 -9999 -9999 -9999 -9999 -9999 -9999 -9999 -9999 -9999 -9999 -9999 -9999 -9999 -9999 -9999 -9999 -9999 -9999 -9999
-9999 -9999 -9999 6.057 5.595 4.703 4.588 4.11 4.554 4.3 3.52 3.034 2.903 3.851 3.686 4.227 2.875 4.052 2.71 4.172 3.037 2.183 4.003 4.65 4.442 4.737 5.213 5.208 5.366 5.432 5.512 5.546 -9999 5.448 5.377 5.531 5.462 5.665 5.59 -9999 -9999 -9999 -9999 -9999 -9999 -9999 -9999 -9999 -9999 -9999 -9999 -9999 -9999 -9999 -9999 -9999 -9999 -9999 -9999 -9999 -9999 -9999 -9999 -9999 -9999 -9999 -9999 -9999 -9999 -9999 -9999 -9999 -9999 -9999 -9999 -9999 -9999
-9999 -9999 -9999 5.887 6.094 5.459 4.349 4.414 4.748 3.67 4.544 4.391 3.872 3.035 4.427 4.473 3.576 2.864 3.611 3.616 2.432 3.447 3.368 3.055 4.029 4.55 4.703 4.933 4.978 4.762 4.723 4.578 4.749 5.215 5.514 5.357 5.139 5.35 5.353 5.632 -9999 -9999 -9999 -9999 -9999 -9999 -9999 -9999 -9999 -9999 -9999 -9999 -9999 -9999 -9999 -9999 -9999 -9999 -9999 -9999 -9999 -9999 -9999 -9999 -9999 -9999 -9999 -9999 -9999 -9999 -9999 -9999 -9999 -9999 -9999 -9999 -9999
-9999 -9999 5.992 -9999 -9999 5.261 4.446 5.083 4.124 4.586 -9999 -9999 3.447 3.238 4.067 4.581 3.6 3.735 3.986 3.628 3.916 4.667 3.974 4.243 4.573 4.867 4.405 3.834 3.372 3.652 3.879 4.387 4.764 4.91 5.426 4.953 5.04 4.963 5.224 5.566 5.835 -9999 -9999 -9999 -9999 -9999 -9999 -9999 -9999 -9999 -9999 -9999 -9999 -9999 -9999 -9999 -9999 -9999 -9999 -9999 -9999 -9999 -9999 -9999 -9999 -9999 -9999 -9999 -9999 -9999 -9999 -9999 -9999 -9999 -9999 -9999 -9999
-9999 -9999 6.056 -9999 5.866 5.214 5.302 4.21 4.31 5.628 5.741 4.048 3.304 4.138 5.958 4.071 2.799 4.674 4.616 4.169 4.77 4.972 5.061 5.246 5.095 3.978 2.954 2.979 3.565 3.999 4.565 4.792 4.718 5.002 5.164 5.269 5.619 5.873 5.987 6.141 -9999 -9999 -9999 -9999 -9999 -9999 -9999 -9999 -9999 -9999 -9999 -9999 -9999 -9999 -9999 -9999 -9999 -9999 -9999 -9999 -9999 -9999 -9999 -9999 -9999 -9999 -9999 -9999 -9999 -9999 -9999 -9999 -9999 -9999 -9999 -9999 -9999
-9999 -9999 6.12 -9999 5.808 5.89 5.203 5.027 5.653 -9999 4.261 4.517 -9999 4.419 4.437 4.081 4.939 3.757 4.849 5.169 5.557 5.667 5.82 5.824 5.305 4.3 4.813 5.078 5.043 4.791 4.621 4.883 4.93 5.331 5.556 5.851 -9999 -9999 -9999 -9999 -9999 -9999 -9999 -9999 -9999 -9999 -9999 -9999 -9999 -9999 -9999 -9999 -9999 -9999 -9999 -9999 -9999 -9999 -9999 -9999 -9999 -9999 -9999 -9999 -9999 -9999 -9999 -9999 -9999 -9999 -9999 -9999 -9999 -9999 -9999 -9999 -9999
6.067 6.016 -9999 -9999 6.21 5.805 5.396 5.877 5.812 3.999 4.355 3.425 -9999 5.199 4.307 4.819 4.881 4.786 4.88 5.329 5.242 5.089 4.931 5.091 5.565 5.977 5.929 5.723 5.295 4.853 4.786 4.996 5.192 5.461 5.866 -9999 -9999 -9999 -9999 -9999 -9999 -9999 -9999 -9999 -9999 -9999 -9999 -9999 -9999 -9999 -9999 -9999 -9999 -9999 -9999 -9999 -9999 -9999 -9999 -9999 -9999 -9999 -9999 -9999 -9999 -9999 -9999 -9999 -9999 -9999 -9999 -9999 -9999 -9999 -9999 -9999 -9999
6.221 6.226 -9999 6.379 5.08 5.079 5.925 -9999 4.494 4.675 3.537 3.603 -9999 4.869 3.951 4.95 5.784 5.601 5.685 5.418 5.06 4.644 4.002 4.493 5.45 5.884 -9999 5.967 5.622 5.438 5.399 5.312 5.112 5.565 -9999 -9999 -9999 -9999 -9999 -9999 -9999 -9999 -9999 -9999 -9999 -9999 -9999 -9999 -9999 -9999 -9999 -9999 -9999 -9999 -9999 -9999 -9999 -9999 -9999 -9999 -9999 -9999 -9999 -9999 -9999 -9999 -9999 -9999 -9999 -9999 -9999 -9999 -9999 -9999 -9999 -9999 -9999
6.576 -9999 -9999 5.857 4.609 5.561 -9999 5.312 4.903 4.577 3.968 4.63 -9999 5.626 5.364 5.655 5.832 5.657 5.45 5.087 3.493 3.369 3.596 4.238 5.266 5.98 6.154 6.214 -9999 -9999 5.941 5.728 -9999 -9999 -9999 -9999 -9999 -9999 6.132 6.195 6.33 -9999 -9999 -9999 -9999 -9999 -9999 -9999 -9999 -9999 -9999 -9999 -9999 -9999 -9999 -9999 -9999 -9999 -9999 -9999 -9999 -9999 -9999 -9999 -9999 -9999 -9999 -9999 -9999 -9999 -9999 -9999 -9999 -9999 -9999 -9999 -9999
-9999 -9999 5.69 5.225 5.951 5.457 -9999 5.439 4.747 5.239 5.285 4.378 -9999 -9999 -9999 6.028 5.546 4.898 4.768 4.506 4.533 4.867 4.832 5.102 5.252 5.418 5.651 5.977 6.081 5.871 5.727 5.965 -9999 -9999 -9999 -9999 -9999 5.873 6.011 5.96 6.209 6.304 -9999 -9999 -9999 -9999 -9999 -9999 -9999 -9999 -9999 -9999 -9999 -9999 -9999 -9999 -9999 -9999 -9999 -9999 -9999 -9999 -9999 -9999 -9999 -9999 -9999 -9999 -9999 -9999 -9999 -9999 -9999 -9999 -9999 -9999 -9999
-9999 -9999 -9999 6.48 5.244 5.724 -9999 5.434 -9999 5.733 4.753 5.72 -9999 6.07 5.431 5.28 -9999 5.389 5.64 5.536 5.649 5.472 5.43 5.182 4.985 4.943 5.183 5.402 5.096 5.133 5.622 5.88 6.003 5.986 6.099 -9999 5.915 5.751 5.73 5.828 5.504 5.242 5.276 6.226 -9999 -9999 -9999 -9999 -9999 -9999 -9999 -9999 -9999 -9999 -9999 -9999 -9999 -9999 -9999 -9999 -9999 -9999 -9999 -9999 -9999 -9999 -9999 -9999 -9999 -9999 -9999 -9999 -9999 -9999 -9999 -9999 -9999
-9999 -9999 -9999 5.615 4.848 5.993 -9999 6.408 -9999 5.918 6.214 -9999 6.05 5.04 4.568 5.289 5.773 5.939 5.911 6.135 5.949 5.517 5.489 5.168 4.709 4.657 4.766 4.856 4.943 5.226 5.365 5.339 5.341 5.33 5.798 5.836 5.38 5.37 5.371 5.242 4.646 4.38 4.278 4.754 5.7 5.947 5.751 -9999 -9999 -9999 -9999 -9999 -9999 -9999 -9999 -9999 -9999 -9999 -9999 -9999 -9999 -9999 -9999 -9999 -9999 -9999 -9999 -9999 -9999 -9999 -9999 -9999 -9999 -9999 -9999 -9999 -9999
-9999 -9999 -9999 5.607 6.049 5.811 5.703 -9999 -9999 6.725 6.57 -9999 6.036 4.571 4.213 5.104 5.494 5.904 6.13 6.094 5.905 6.058 5.803 5.353 4.914 4.408 4.421 4.542 4.762 4.721 4.498 4.309 4.178 4.902 5.565 5.389 5.041 4.882 4.581 3.636 3.519 3.952 4.011 4.466 4.602 5.325 5.738 5.684 -9999 -9999 -9999 -9999 -9999 -9999 -9999 -9999 -9999 -9999 -9999 -9999 -9999 -9999 -9999 -9999 -9999 -9999 -9999 -9999 -9999 -9999 -9999 -9999 -9999 -9999 -9999 -9999 -9999
-9999 -9999 -9999 6.196 6.073 5.395 6.466 -9999 -9999 6.848 6.89 -9999 -9999 4.677 4.658 5.352 5.274 5.181 5.514 5.616 5.727 5.442 5.749 5.671 5.13 4.737 4.333 4.184 4.005 4.046 3.668 3.671 4.28 4.731 4.845 4.728 4.453 4.111 3.574 3.468 3.467 3.865 4.174 4.533 5.104 5.278 5.228 5.545 -9999 -9999 -9999 -9999 -9999 -9999 -9999 -9999 -9999 -9999 -9999 -9999 -9999 -9999 -9999 -9999 -9999 -9999 -9999 -9999 -9999 -9999 -9999 -9999 -9999 -9999 -9999 -9999 -9999
-9999 -9999 -9999 6.498 5.71 5.89 -9999 -9999 -9999 -9999 7.009 -9999 6.222 4.996 5.513 5.638 5.043 4.819 4.763 5.111 5.083 5.129 5.212 5.377 5.36 4.635 4.158 4.083 4.119 3.802 3.621 4.068 4.336 4.256 4.156 3.627 3.707 3.911 4.072 3.981 3.86 4.12 4.391 4.822 5.264 5.275 5.381 5.704 5.697 -9999 -9999 -9999 -9999 -9999 -9999 -9999 -9999 -9999 -9999 -9999 -9999 -9999 -9999 -9999 -9999 -9999 -9999 -9999 -9999 -9999 -9999 -9999 -9999 -9999 -9999 -9999 -9999
-9999 5.962 5.89 5.664 5.942 -9999 -9999 5.506 -9999 -9999 -9999 -9999 6.367 5.849 5.967 5.723 5.372 4.922 4.646 4.56 4.393 4.391 4.722 4.956 5.065 4.983 4.323 4.314 4.216 4.198 4.47 4.403 3.944 3.963 3.052 2.733 3.289 3.75 4.079 4.361 4.322 4.521 4.569 4.935 5.287 5.385 5.535 5.682 5.777 -9999 -9999 -9999 -9999 -9999 -9999 -9999 -9999 -9999 -9999 -9999 -9999 -9999 -9999 -9999 -9999 -9999 -9999 -9999 -9999 -9999 -9999 -9999 -9999 -9999 -9999 -9999 -9999
-9999 -9999 5.468 5.536 6.231 -9999 5.531 4.778 5.545 -9999 -9999 -9999 -9999 6.606 6.37 6.218 5.882 5.473 5.059 4.539 4.372 4.529 4.709 4.762 4.936 4.579 4.676 4.507 4.37 4.266 4.306 3.862 4.438 3.89 3.729 3.579 3.114 3.387 4.203 4.459 4.791 4.886 4.927 5.133 5.326 5.418 5.527 5.465 5.591 5.761 -9999 -9999 -9999 -9999 -9999 -9999 -9999 -9999 -9999 -9999 -9999 -9999 -9999 -9999 -9999 -9999 -9999 -9999 -9999 -9999 -9999 -9999 -9999 -9999 -9999 -9999 -9999
-9999 -9999 5.931 5.664 5.942 -9999 5.982 4.947 5.867 -9999 -9999 -9999 -9999 -9999 6.618 6.486 6.293 6.134 5.687 5.255 4.913 4.496 4.05 4.18 4.466 4.681 4.686 4.442 4.33 4.424 4.212 4.276 4.531 4.266 4.148 4.104 4.452 4.515 4.759 4.797 5.071 4.971 5.167 5.484 5.531 5.58 5.526 5.435 5.183 5.427 5.858 -9999 -9999 -9999 -9999 -9999 -9999 -9999 -9999 -9999 -9999 -9999 -9999 -9999 -9999 -9999 -9999 -9999 -9999 -9999 -9999 -9999 -9999 -9999 -9999 -9999 -9999
-9999 -9999 5.824 5.396 -9999 -9999 6.503 5.597 5.36 6.312 -9999 -9999 -9999 -9999 -9999 6.529 6.141 5.823 5.629 4.905 4.276 3.954 3.619 3.719 4.061 4.426 4.186 4.407 4.385 4.113 4.044 4.369 3.026 3.802 3.586 4.242 3.805 4.36 4.918 4.801 5.038 5.327 5.475 5.308 5.075 5.077 5.265 5.137 5.404 4.917 5.423 5.932 6.334 -9999 -9999 -9999 -9999 -9999 -9999 -9999 -9999 -9999 -9999 -9999 -9999 -9999 -9999 -9999 -9999 -9999 -9999 -9999 -9999 -9999 -9999 -9999 -9999
-9999 -9999 5.593 6.257 -9999 -9999 6.001 4.997 5.201 -9999 -9999 -9999 -9999 -9999 -9999 6.491 5.998 5.726 5.432 4.869 4.589 4.495 4.163 4.04 3.959 4.03 4.122 4.234 3.446 2.902 3.809 2.857 2.361 2.735 3.803 3.651 4.229 4.954 4.614 4.752 5.069 5.072 5.124 5.163 5.028 5.064 4.584 4.418 5.025 4.907 4.797 5.559 6.114 -9999 -9999 -9999 -9999 -9999 -9999 -9999 -9999 -9999 -9999 -9999 -9999 -9999 -9999 -9999 -9999 -9999 -9999 -9999 -9999 -9999 -9999 -9999 -9999
-9999 -9999 6.007 6.835 -9999 -9999 -9999 6.204 5.963 6.16 -9999 -9999 -9999 -9999 -9999 6.527 6.092 5.759 5.522 5.195 5.019 4.396 3.63 3.358 3.817 3.763 4.266 4.161 3.506 3.389 3.836 2.405 2.908 3.548 3.259 3.664 4.594 4.357 4.672 4.665 4.831 5.141 4.982 4.783 4.848 4.518 3.333 3.621 4.168 4.843 4.784 5.103 5.74 -9999 -9999 -9999 -9999 -9999 -9999 -9999 -9999 -9999 -9999 -9999 -9999 -9999 -9999 -9999 -9999 -9999 -9999 -9999 -9999 -9999 -9999 -9999 -9999
-9999 5.698 6.024 6.726 -9999 -9999 -9999 -9999 -9999 -9999 -9999 -9999 -9999 -9999 -9999 6.211 5.756 5.559 5.345 5.096 4.865 4.113 3.677 3.616 3.883 4.017 3.762 3.78 3.094 3.268 2.652 2.294 2.889 3.538 3.267 3.675 3.879 4.372 4.414 4.786 4.773 4.657 4.813 4.543 4.446 3.455 3.254 3.081 4.192 4.991 5.124 5.158 5.516 6.412 -9999 -9999 -9999 -9999 -9999 -9999 -9999 -9999 -9999 -9999 -9999 -9999 -9999 -9999 -9999 -9999 -9999 -9999 -9999 -9999 -9999 -9999 -9999
5.728 5.733 5.744 6.883 -9999 -9999 -9999 -9999 -9999 -9999 -9999 -9999 -9999 6.512 6.315 5.942 5.409 4.882 4.564 4.705 4.682 4.518 4.296 4.638 4.185 3.366 3.44 3.457 3.486 3.83 3.347 2.464 3.732 3.564 3.558 3.692 4.082 4.428 4.798 4.322 4.419 4.583 4.457 4.233 3.587 3.432 3.375 3.466 4.193 5.173 5.346 5.213 5.508 6.055 -9999 -9999 -9999 -9999 -9999 -9999 -9999 -9999 -9999 -9999 -9999 -9999 -9999 -9999 -9999 -9999 -9999 -9999 -9999 -9999 -9999 -9999 -9999
5.768 6.25 7.024 -9999 -9999 -9999 -9999 -9999 -9999 -9999 -9999 -9999 -9999 6.435 6.31 5.794 5.003 4.552 4.598 4.01 3.649 3.72 3.689 4.001 4.116 4.221 4.013 3.582 3.911 4.329 3.966 3.598 2.964 3.467 3.294 3.901 4.23 4.803 4.407 4.23 4.285 4.202 3.792 3.254 3.036 3.475 3.831 4.182 4.703 4.701 4.684 4.994 5.362 5.892 -9999 -9999 -9999 -9999 -9999 -9999 -9999 -9999 -9999 -9999 -9999 -9999 -9999 -9999 -9999 -9999 -9999 -9999 -9999 -9999 -9999 -9999 -9999
-9999 -9999 -9999 -9999 -9999 -9999 -9999 -9999 -9999 -9999 -9999 -9999 -9999 6.332 6.01 5.055 4.853 4.613 4.36 3.507 3.431 2.864 3.245 3.623 4.082 4.288 3.95 2.771 3.315 4.521 4.532 3.284 3.253 3.543 3.636 3.591 4.265 3.828 3.64 3.864 3.488 3.186 2.848 3.619 3.765 3.827 3.944 4.173 4.943 5.074 4.87 5.006 5.52 5.978 -9999 -9999 -9999 -9999 -9999 -9999 -9999 -9999 -9999 -9999 -9999 -9999 -9999 -9999 -9999 -9999 -9999 -9999 -9999 -9999 -9999 -9999 -9999
-9999 -9999 -9999 -9999 -9999 -9999 -9999 -9999 -9999 -9999 -9999 -9999 6.238 5.615 4.81 4.819 4.363 4.494 4.381 4.216 3.233 3.257 3.163 3.557 3.909 4.796 4.341 3.782 3.976 4.481 4.627 4.179 3.972 3.868 3.693 3.712 3.275 3.943 4.155 3.867 3.552 2.536 3.354 3.241 3.674 4.127 3.998 4.179 4.181 4.898 5.219 5.408 5.681 5.974 -9999 -9999 -9999 -9999 -9999 -9999 -9999 -9999 -9999 -9999 -9999 -9999 -9999 -9999 -9999 -9999 -9999 -9999 -9999 -9999 -9999 -9999 -9999
-9999 -9999 -9999 -9999 -9999 -9999 -9999 -9999 -9999 -9999 -9999 -9999 5.694 5.167 4.733 3.872 4.089 4.527 4.441 3.679 4.254 3.777 3.645 4.027 4.501 5.371 5.187 4.625 4.311 4.399 5.099 4.729 4.516 4.388 4.261 3.496 4.372 3.836 4.171 4.118 2.795 3.863 3.408 3.537 4.002 3.95 4.371 4.288 4.028 4.546 5.056 5.313 5.668 6.027 -9999 -9999 -9999 -9999 -9999 -9999 -9999 -9999 -9999 -9999 -9999 -9999 -9999 -9999 -9999 -9999 -9999 -9999 -9999 -9999 -9999 -9999 -9999
-9999 -9999 -9999 -9999 -9999 -9999 -9999 -9999 -9999 -9999 -9999 6.046 5.293 5.261 4.274 4.457 4.115 3.273 3.751 4.282 4.518 4.074 4.301 4.485 4.564 4.96 5.039 4.714 4.713 5.464 5.428 5.029 4.512 4.428 3.707 4.59 4.29 3.862 4.535 3.506 3.369 3.998 4.212 4.419 4.004 4.052 4.227 4.1 4.487 4.849 5.184 5.399 5.65 5.966 6.238 -9999 -9999 -9999 -9999 -9999 -9999 -9999 -9999 -9999 -9999 -9999 -9999 -9999 -9999 -9999 -9999 -9999 -9999 -9999 -9999 -9999 -9999
-9999 -9999 -9999 -9999 -9999 -9999 -9999 -9999 -9999 -9999 6.075 5.669 5.379 5.3 5.103 4.866 4.165 4.173 4.032 3.739 4.888 4.854 4.748 4.515 4.557 4.844 5.148 5.522 5.69 5.387 5.609 5.24 4.778 4.439 4.656 4.915 4.603 4.582 4.762 3.69 3.37 3.679 3.856 4.021 4.123 4.432 4.441 4.276 4.774 5.014 5.178 5.336 5.658 5.924 6.249 -9999 -9999 -9999 -9999 -9999 -9999 -9999 -9999 -9999 -9999 -9999 -9999 -9999 -9999 -9999 -9999 -9999 -9999 -9999 -9999 -9999 -9999
-9999 -9999 -9999 -9999 -9999 -9999 -9999 -9999 -9999 -9999 5.924 4.609 5.211 5.304 5.345 5.443 4.788 3.596 3.727 4.765 5.021 5.245 5.068 4.881 4.713 4.559 5.658 6.015 5.822 5.779 5.368 5.367 4.908 4.989 4.952 5.181 4.945 4.988 4.517 4.185 3.747 3.634 3.849 3.941 4.489 4.832 4.698 4.652 4.707 4.901 5.21 5.532 5.617 5.816 6.146 -9999 -9999 -9999 -9999 -9999 -9999 -9999 -9999 -9999 -9999 -9999 -9999 -9999 -9999 -9999 -9999 -9999 -9999 -9999 -9999 -9999 -9999
-9999 -9999 -9999 -9999 -9999 -9999 -9999 -9999 -9999 6.258 4.943 5.045 5.069 5.189 5.505 5.626 4.791 4.29 4.605 4.648 5.095 5.252 5.365 5.01 4.65 5.316 5.573 5.826 6.184 5.757 5.682 5.47 5.478 5.335 5.376 5.487 5.404 4.955 5.07 4.525 3.78 3.981 3.979 4.163 4.313 4.772 4.884 5.173 4.881 4.926 5.2 5.553 5.762 5.774 5.99 6.423 -9999 -9999 -9999 -9999 -9999 -9999 -9999 -9999 -9999 -9999 -9999 -9999 -9999 -9999 -9999 -9999 -9999 -9999 -9999 -9999 -9999
-9999 -9999 -9999 -9999 -9999 -9999 -9999 -9999 6.503 -9999 5.72 5.159 5.114 5.241 5.647 5.971 5.561 5.478 4.96 4.442 4.966 5.394 5.53 5.463 5.424 5.513 5.606 5.864 6.072 5.834 6.028 5.96 5.865 5.769 5.853 5.906 5.788 5.58 5.246 4.784 4.712 4.422 4.362 4.391 4.732 5.108 5.616 5.011 4.646 4.974 5.269 5.508 5.722 5.881 6.022 6.268 -9999 -9999 -9999 -9999 -9999 -9999 -9999 -9999 -9999 -9999 -9999 -9999 -9999 -9999 -9999 -9999 -9999 -9999 -9999 -9999 -9999
