Validation/Results/raw data/ReClimate_11_2023_2_Temperature.asc
NCOLS 192
NROWS 249
XLLCENTER -225160.85627316462
YLLCENTER 29788.11610251502
CELLSIZE 5000.0
NODATA_VALUE -9999
[rows 170 to 203 of 249, columns 77 to 153 of 192]
-9999 -9999 -9999 -9999 -9999 -9999 -9999 -9999 -9999 -9999 -9999 -9999 -9999 -9999 -9999 0.017 0.023 -9999 -9999 -9999 -9999 -9999 -9999 -9999 -9999 -9999 -9999 -9999 -9999 -9999 -9999 -9999 -9999 -9999 0.173 0.181 0.2 0.221 0.225 0.228 0.232 0.235 0.235 0.232 0.214 0.192 0.2 0.21 0.225 0.242 0.234 0.224 0.212 0.197 0.205 0.218 0.208 0.196 0.186 0.173 0.15 0.122 0.127 0.135 0.135 0.138 0.116 0.091 0.105 0.125 0.126 0.13 0.123 0.116 0.119 0.124 0.129
-9999 -9999 -9999 -9999 -9999 -9999 -9999 -9999 -9999 -9999 -9999 -9999 -9999 -9999 -9999 0.002 0.011 0.027 -9999 -9999 -9999 -9999 -9999 -9999 -9999 -9999 -9999 -9999 -9999 -9999 -9999 -9999 -9999 0.165 0.168 0.183 0.199 0.211 0.216 0.225 0.227 0.225 0.222 0.214 0.204 0.203 0.21 0.213 0.219 0.211 0.224 0.226 0.219 0.207 0.208 0.215 0.217 0.212 0.198 0.185 0.171 0.151 0.136 0.132 0.133 0.134 0.133 0.121 0.12 0.131 0.136 0.142 0.141 0.137 0.146 0.155 0.147
-9999 -9999 -9999 -9999 -9999 -9999 -9999 -9999 -9999 -9999 -9999 -9999 -9999 -9999 0.004 -0.003 0.012 0.027 0.036 -9999 -9999 -9999 -9999 -9999 -9999 -9999 -9999 -9999 -9999 -9999 0.157 -9999 -9999 0.153 0.167 0.183 0.194 0.206 -9999 0.222 0.222 0.22 0.214 0.207 0.209 0.21 0.212 0.215 0.209 0.202 0.215 0.231 0.224 0.215 0.216 0.219 0.22 0.223 0.21 0.195 0.183 0.17 0.156 0.141 0.141 0.143 0.141 0.141 0.141 0.143 0.149 0.157 0.156 0.157 0.167 0.179 0.172
-9999 -9999 -9999 -9999 -9999 -9999 -9999 -9999 -9999 -9999 -9999 -9999 -9999 -9999 0.014 0.01 0.019 0.019 0.03 0.046 0.055 -9999 -9999 -9999 0.104 0.119 -9999 0.134 0.142 0.144 0.153 0.156 -9999 -9999 0.179 0.188 -9999 -9999 0.226 0.22 0.218 0.214 0.206 0.191 0.192 0.192 0.197 0.209 0.207 0.202 0.215 0.232 0.232 0.228 0.217 0.212 0.218 0.224 0.203 0.183 0.186 0.181 0.168 0.153 0.149 0.149 0.148 0.148 0.155 0.161 0.154 0.155 0.156 0.157 0.156 0.16 0.176
-9999 -9999 -9999 -9999 -9999 -9999 -9999 -9999 -9999 -9999 -9999 -9999 -9999 -9999 -9999 0.014 0.016 0.015 0.029 0.045 -9999 -9999 0.07 0.085 0.097 0.114 0.128 0.138 0.142 0.14 0.144 0.149 0.159 -9999 0.179 0.189 0.207 0.227 0.224 0.218 0.216 0.211 0.2 0.186 0.186 0.186 0.196 0.209 0.207 0.205 0.217 0.232 0.234 0.237 0.227 0.214 0.22 0.23 0.211 0.187 0.189 0.193 0.181 0.166 0.163 0.16 0.159 0.16 0.167 0.177 0.171 0.165 0.167 0.17 0.169 0.167 0.182
-9999 -9999 -9999 -9999 -9999 -9999 -9999 -9999 -9999 -9999 -9999 -9999 -9999 -9999 -9999 0.016 0.022 0.03 0.038 0.035 0.039 0.048 0.069 0.1 0.111 0.118 0.131 0.143 0.142 0.137 0.148 0.167 0.176 0.177 0.188 0.196 0.207 0.207 0.21 0.224 0.224 0.225 0.218 0.211 0.21 0.201 0.21 0.216 0.217 0.22 0.225 0.237 0.227 0.222 0.222 0.215 0.219 0.227 0.217 0.199 0.196 0.196 0.185 0.171 0.173 0.174 0.169 0.168 0.168 0.173 0.171 0.167 0.172 0.178 0.186 0.19 0.204
-9999 -9999 -9999 -9999 -9999 -9999 -9999 -9999 -9999 -9999 -9999 -9999 -9999 -9999 -9999 -9999 0.025 0.034 0.033 0.03 0.038 0.047 0.074 0.105 0.11 0.116 0.128 0.139 0.138 0.134 0.154 0.176 0.181 0.183 0.193 0.201 0.202 0.202 0.215 0.229 0.232 0.233 0.23 0.224 0.219 0.21 0.216 0.222 0.226 0.229 0.234 0.241 0.231 0.22 0.218 0.218 0.223 0.229 0.221 0.21 0.208 0.205 0.194 0.182 0.184 0.189 0.185 0.181 0.181 0.183 0.181 0.18 0.184 0.19 0.196 0.204 0.217
-9999 -9999 -9999 -9999 -9999 -9999 -9999 -9999 -9999 -9999 -9999 -9999 -9999 -9999 -9999 -9999 -9999 -9999 0.026 0.024 0.036 0.056 0.084 0.12 0.12 0.107 0.112 0.109 0.115 0.132 0.149 0.157 0.17 0.198 0.198 0.176 0.181 0.194 0.209 0.232 0.229 0.214 0.211 0.21 0.208 0.215 0.216 0.21 0.221 0.247 0.239 0.237 0.225 0.211 0.218 0.223 0.221 0.223 0.203 0.185 0.201 0.209 0.206 0.198 0.193 0.193 0.195 0.195 0.184 0.18 0.185 0.187 0.198 0.207 0.212 0.218 0.222
-9999 -9999 -9999 -9999 -9999 -9999 -9999 -9999 -9999 -9999 -9999 -9999 -9999 -9999 -9999 -9999 -9999 0.023 0.022 0.02 0.038 0.057 0.088 0.123 0.114 0.102 0.101 0.1 0.117 0.134 0.144 0.151 0.177 0.205 0.19 0.168 0.181 0.194 0.213 0.235 0.224 0.209 0.209 0.207 0.213 0.22 0.215 0.208 0.23 0.257 0.25 0.24 0.228 0.215 0.221 0.23 0.228 0.226 0.206 0.182 0.196 0.215 0.212 0.209 0.204 0.2 0.201 0.205 0.195 0.185 0.189 0.196 0.206 0.219 0.223 0.228 0.232
-9999 -9999 -9999 -9999 -9999 -9999 -9999 -9999 -9999 -9999 -9999 -9999 -9999 -9999 -9999 -9999 0.015 0.024 0.025 0.024 0.032 0.025 0.047 0.064 0.065 0.087 0.094 0.116 0.131 0.145 0.154 0.161 0.18 0.187 0.177 0.172 0.185 0.196 0.211 0.222 0.213 0.206 0.206 0.208 0.213 0.214 0.208 0.201 0.218 0.233 0.234 0.227 0.215 0.2 0.21 0.22 0.221 0.221 0.201 0.177 0.18 0.19 0.204 0.21 0.207 0.203 0.191 0.185 0.176 0.164 0.181 0.194 0.207 0.221 0.223 0.228 0.223
-9999 -9999 -9999 -9999 -9999 -9999 -9999 -9999 -9999 -9999 -9999 -9999 -9999 -9999 -9999 0.008 0.016 0.023 0.024 0.023 0.018 0.011 0.025 0.045 0.064 0.084 0.103 0.124 0.136 0.15 0.159 0.166 0.174 0.182 0.18 0.176 0.188 0.199 0.209 0.219 0.214 0.207 0.21 0.212 0.214 0.214 0.209 0.202 0.214 0.229 0.23 0.229 0.216 0.202 0.211 0.223 0.224 0.226 0.205 0.182 0.184 0.188 0.2 0.216 0.214 0.211 0.199 0.186 0.176 0.166 0.18 0.2 0.212 0.228 0.23 0.232 0.23
-9999 -9999 -9999 -9999 -9999 -9999 -9999 -9999 -9999 -9999 -9999 -9999 -9999 -0.013 -0.004 0.001 0.004 0.001 0.009 0.029 0.023 0.011 0.029 0.045 0.067 0.096 0.112 0.123 0.14 0.167 0.174 0.173 0.183 0.192 0.193 0.191 0.201 0.202 0.208 0.205 0.208 0.222 0.219 0.204 0.204 0.204 0.198 0.192 0.2 0.206 0.212 0.214 0.234 0.239 0.218 0.212 0.21 0.208 0.215 0.207 0.2 0.199 0.195 0.201 0.207 0.209 0.204 0.194 0.201 0.201 0.188 0.19 0.213 0.234 0.232 0.236 -9999
-9999 -9999 -9999 -9999 -9999 -9999 -9999 -9999 -9999 -9999 -9999 -9999 -0.024 -0.018 -0.011 -0.003 -9999 -9999 -9999 -9999 0.034 0.018 0.033 0.048 0.074 0.103 0.114 0.124 0.148 0.174 0.177 0.177 0.188 0.198 0.2 0.199 0.203 0.206 0.205 0.203 0.216 0.231 0.219 0.205 0.205 0.204 0.199 0.192 0.197 0.202 0.208 0.215 0.234 0.258 0.239 0.215 0.212 0.21 0.215 0.223 0.216 0.21 0.206 0.202 0.207 0.215 0.21 0.205 0.212 0.222 0.21 0.196 0.217 0.244 0.24 0.237 0.242
-9999 -9999 -9999 -9999 -9999 -9999 -9999 -9999 -9999 -9999 -9999 -9999 -0.023 -0.03 -0.02 -9999 -9999 -9999 -9999 -9999 0.045 0.045 0.057 0.059 0.083 0.105 0.116 0.125 0.143 0.154 0.161 0.177 0.19 0.208 0.213 0.219 0.213 0.185 0.192 0.214 0.226 0.238 0.229 0.221 0.222 0.221 0.219 0.219 0.219 0.21 0.211 0.215 0.22 0.232 0.247 0.243 0.238 0.235 0.23 0.231 0.223 0.215 0.222 0.226 0.219 0.219 0.224 0.225 0.212 0.21 0.211 0.204 0.203 0.215 0.23 0.236 0.233
-9999 -9999 -9999 -9999 -9999 -9999 -9999 -9999 -9999 -9999 -9999 -9999 -9999 -9999 -0.016 -9999 -9999 -9999 -9999 -9999 0.049 0.058 0.063 0.066 0.086 0.108 0.118 0.128 0.138 0.148 0.164 0.179 0.196 0.214 0.221 0.228 0.207 0.179 0.199 0.221 0.232 0.244 0.239 0.231 0.232 0.232 0.233 0.233 0.227 0.218 0.219 0.221 0.226 0.23 0.243 0.259 0.255 0.251 0.246 0.241 0.233 0.224 0.23 0.241 0.235 0.228 0.233 0.239 0.228 0.215 0.215 0.216 0.215 0.214 0.226 0.243 0.24
-9999 -9999 -9999 -9999 -9999 -9999 -9999 -9999 -9999 -9999 -9999 -9999 -9999 -9999 -9999 -9999 -9999 -9999 -9999 -9999 0.049 0.062 0.07 0.081 0.097 0.102 0.11 0.114 0.13 0.16 0.176 0.195 0.209 0.215 0.221 0.221 0.211 0.214 0.229 0.232 0.237 0.229 0.231 0.248 0.246 0.236 0.241 0.253 0.234 0.219 0.224 0.227 0.227 0.228 0.223 0.227 0.23 0.229 0.227 0.223 0.232 0.233 0.237 0.245 0.246 0.244 0.227 0.221 0.236 0.238 0.233 0.23 0.228 0.226 0.228 0.239 0.25
-9999 -9999 -9999 -9999 -9999 -9999 -9999 -9999 -9999 -9999 -9999 -9999 -9999 -9999 -9999 -9999 -9999 -9999 -9999 -9999 -9999 0.068 0.08 0.091 0.097 0.102 0.108 0.112 0.137 0.166 0.184 0.203 0.211 0.217 0.219 0.22 0.225 0.23 0.235 0.239 0.234 0.226 0.241 0.257 0.25 0.241 0.252 0.264 0.246 0.225 0.229 0.235 0.236 0.234 0.229 0.223 0.225 0.228 0.226 0.224 0.233 0.245 0.248 0.254 0.254 0.257 0.242 0.223 0.237 0.255 0.25 0.244 0.241 0.238 0.24 0.244 0.255
-9999 -9999 -9999 -9999 -9999 -9999 -9999 -9999 -9999 -9999 -9999 -9999 -9999 -9999 -9999 -9999 -9999 -9999 -9999 -9999 0.082 0.089 0.093 0.081 0.091 0.111 0.118 0.125 0.144 0.154 0.174 0.2 0.203 0.196 0.203 0.219 0.221 0.217 0.224 0.236 0.236 0.242 0.25 0.243 0.236 0.23 0.237 0.241 0.246 0.238 0.231 0.23 0.235 0.236 0.237 0.234 0.231 0.232 0.224 0.219 0.228 0.24 0.245 0.251 0.253 0.256 0.263 0.258 0.251 0.257 0.25 0.242 0.235 0.229 0.245 0.257 0.257
-9999 -9999 -9999 -9999 -9999 -9999 -9999 -9999 -9999 -9999 -9999 -9999 -9999 -9999 -9999 -9999 -9999 -9999 -9999 -9999 0.085 0.1 0.092 0.079 0.097 0.116 0.125 0.133 0.142 0.151 0.175 0.2 0.197 0.19 0.205 0.22 0.219 0.215 0.226 0.237 0.245 0.251 0.247 0.24 0.236 0.23 0.233 0.236 0.241 0.248 0.242 0.234 0.239 0.244 0.244 0.245 0.242 0.24 0.233 0.225 0.234 0.246 0.25 0.257 0.26 0.264 0.269 0.279 0.273 0.266 0.258 0.249 0.241 0.234 0.248 0.269 0.269
-9999 -9999 -9999 -9999 -9999 -9999 -9999 -9999 -9999 -9999 -9999 -9999 -9999 -9999 -9999 -9999 -9999 -9999 -9999 -9999 0.085 0.099 0.099 0.109 0.118 0.107 0.116 0.125 0.129 0.124 0.152 0.195 0.196 0.201 0.203 0.181 0.192 0.228 0.235 0.235 0.24 0.24 0.238 0.24 0.235 0.228 0.233 0.243 0.252 0.262 0.251 0.24 0.243 0.247 0.242 0.238 0.242 0.243 0.25 0.252 0.245 0.248 0.254 0.263 0.265 0.27 0.265 0.267 0.264 0.257 0.258 0.252 0.255 0.253 0.263 0.28 0.272
-9999 -9999 -9999 -9999 -9999 -9999 -9999 -9999 -9999 -9999 -9999 -9999 -9999 -9999 -9999 -9999 -9999 -9999 -9999 -9999 -9999 0.1 0.111 0.122 0.115 0.106 0.115 0.124 0.121 0.116 0.153 0.195 0.202 0.207 0.191 0.17 0.201 0.236 0.238 0.238 0.239 0.238 0.241 0.243 0.238 0.232 0.24 0.25 0.259 0.271 0.262 0.249 0.252 0.255 0.25 0.243 0.246 0.252 0.259 0.269 0.263 0.256 0.262 0.272 0.275 0.28 0.275 0.271 0.267 0.262 0.26 0.261 0.263 0.268 0.277 0.291 0.283
-9999 -9999 -9999 -9999 -9999 -9999 -9999 -9999 -9999 -9999 -9999 -9999 -9999 -9999 -9999 -9999 -9999 -9999 -9999 -9999 -9999 0.091 0.104 0.124 0.123 0.129 0.131 0.115 0.112 0.106 0.132 0.15 0.166 0.207 0.199 0.198 0.22 0.224 0.229 0.239 0.241 0.247 0.245 0.231 0.226 0.222 0.228 0.236 0.252 0.268 0.273 0.27 0.275 0.28 0.268 0.257 0.262 0.269 0.271 0.279 0.27 0.263 0.26 0.263 0.269 0.275 0.273 0.269 0.261 0.252 0.256 0.26 0.263 0.268 0.269 0.276 0.294
-9999 -9999 -9999 -9999 -9999 -9999 -9999 -9999 -9999 -9999 -9999 -9999 -9999 -9999 -9999 -9999 -9999 -9999 -9999 -9999 0.091 0.089 0.106 0.125 0.132 0.14 0.129 0.114 0.111 0.105 0.119 0.135 0.169 0.21 0.212 0.213 0.219 0.223 0.233 0.242 0.248 0.254 0.245 0.231 0.228 0.223 0.229 0.236 0.252 0.272 0.277 0.283 0.289 0.295 0.285 0.269 0.274 0.282 0.284 0.289 0.281 0.273 0.27 0.268 0.273 0.282 0.279 0.276 0.267 0.256 0.259 0.267 0.269 0.276 0.276 0.278 0.294
-9999 -9999 -9999 -9999 -9999 -9999 -9999 -9999 -9999 -9999 -9999 -9999 -9999 -9999 -9999 -9999 -9999 -9999 -9999 -9999 0.085 0.116 0.121 0.102 0.11 0.125 0.119 0.116 0.115 0.116 0.128 0.137 0.172 0.217 0.218 0.213 0.221 0.233 0.242 0.249 0.253 0.254 0.245 0.231 0.228 0.226 0.232 0.242 0.256 0.267 0.273 0.279 0.287 0.294 0.289 0.276 0.28 0.286 0.284 0.285 0.276 0.266 0.268 0.268 0.269 0.274 0.275 0.274 0.274 0.269 0.269 0.273 0.271 0.274 0.263 0.257 0.264
-9999 -9999 -9999 -9999 -9999 -9999 -9999 -9999 -9999 -9999 -9999 -9999 -9999 -9999 -9999 -9999 -9999 -9999 -9999 -9999 0.11 0.129 0.115 0.096 0.107 0.122 0.122 0.119 0.123 0.125 0.134 0.143 0.18 0.223 0.221 0.216 0.229 0.241 0.248 0.255 0.257 0.258 0.249 0.235 0.234 0.232 0.24 0.25 0.26 0.27 0.276 0.283 0.29 0.299 0.295 0.285 0.289 0.295 0.292 0.291 0.282 0.272 0.273 0.277 0.277 0.279 0.279 0.28 0.28 0.281 0.281 0.282 0.28 0.281 0.269 0.256 0.261
-9999 -9999 -9999 -9999 -9999 -9999 -9999 -9999 -9999 -9999 -9999 -9999 -9999 -9999 -9999 -9999 -9999 -9999 -9999 0.087 0.113 0.116 0.111 0.119 0.124 0.113 0.118 0.133 0.135 0.132 0.142 0.158 0.189 0.211 0.217 0.236 0.247 0.254 0.261 0.265 0.266 0.261 0.254 0.246 0.246 0.245 0.253 0.261 0.267 0.266 0.27 0.275 0.295 0.311 0.303 0.293 0.291 0.292 0.295 0.296 0.293 0.286 0.285 0.286 0.288 0.29 0.282 0.279 0.29 0.297 0.29 0.287 0.277 0.271 0.28 0.28 0.271
-9999 -9999 -9999 -9999 -9999 -9999 -9999 -9999 -9999 -9999 -9999 -9999 -9999 -9999 -9999 -9999 -9999 -9999 0.08 0.093 0.102 0.114 0.124 0.133 0.125 0.113 0.128 0.143 0.142 0.139 0.153 0.169 0.189 0.21 0.228 0.247 0.255 0.263 0.268 0.273 0.271 0.266 0.262 0.255 0.256 0.256 0.263 0.271 0.271 0.27 0.274 0.278 0.297 0.321 0.314 0.302 0.301 0.299 0.301 0.305 0.302 0.3 0.298 0.296 0.297 0.3 0.293 0.285 0.295 0.31 0.303 0.295 0.284 0.273 0.28 0.293 0.285
-9999 -9999 -9999 -9999 -9999 -9999 -9999 -9999 -9999 -9999 -9999 -9999 -9999 -9999 -9999 -9999 0.066 0.075 0.088 0.113 0.123 0.125 0.13 0.126 0.124 0.135 0.146 0.151 0.157 0.172 0.178 0.167 0.192 0.234 0.242 0.229 0.242 0.264 0.268 0.267 0.272 0.294 0.289 0.277 0.279 0.279 0.28 0.268 0.27 0.278 0.291 0.302 0.3 0.31 0.317 0.314 0.305 0.3 0.301 0.305 0.305 0.304 0.302 0.301 0.302 0.305 0.299 0.291 0.292 0.301 0.299 0.292 0.286 0.277 0.277 0.284 0.289
-9999 -9999 -9999 -9999 -9999 -9999 -9999 -9999 -9999 -9999 -9999 -9999 -9999 -9999 -9999 0.058 0.07 0.088 0.107 0.125 0.129 0.132 0.131 0.127 0.137 0.147 0.153 0.158 0.173 0.189 0.181 0.171 0.206 0.247 0.238 0.225 0.246 0.268 0.269 0.268 0.287 0.308 0.301 0.29 0.292 0.293 0.284 0.272 0.279 0.287 0.3 0.315 0.314 0.312 0.318 0.323 0.316 0.307 0.308 0.311 0.31 0.311 0.309 0.308 0.309 0.312 0.306 0.3 0.3 0.303 0.3 0.296 0.289 0.283 0.283 0.286 0.289
-9999 -9999 -9999 -9999 -9999 -9999 -9999 -9999 -9999 -9999 -9999 -9999 0.015 0.023 0.04 0.056 0.075 0.1 0.111 0.109 0.114 0.124 0.125 0.131 0.138 0.14 0.146 0.154 0.174 0.206 0.202 0.199 0.222 0.224 0.224 0.24 0.253 0.253 0.261 0.282 0.297 0.307 0.303 0.303 0.303 0.298 0.293 0.296 0.292 0.295 0.299 0.308 0.307 0.303 0.309 0.314 0.315 0.312 0.311 0.311 0.306 0.303 0.298 0.294 0.301 0.307 0.295 0.284 0.293 0.301 0.293 0.287 0.282 0.277 0.28 0.284 0.279
-9999 -9999 -9999 -9999 -9999 -9999 -9999 -9999 -9999 -9999 0.001 0.007 0.018 0.027 0.042 0.058 0.082 0.106 0.107 0.105 0.114 0.124 0.131 0.137 0.14 0.142 0.149 0.157 0.184 0.215 0.215 0.213 0.216 0.218 0.233 0.248 0.25 0.251 0.27 0.291 0.301 0.311 0.312 0.312 0.309 0.304 0.307 0.31 0.307 0.303 0.307 0.312 0.31 0.306 0.31 0.315 0.316 0.318 0.317 0.317 0.311 0.305 0.3 0.295 0.301 0.31 0.297 0.282 0.29 0.303 0.296 0.288 0.283 0.28 0.282 0.288 0.282
-9999 -9999 -9999 -9999 -9999 -9999 -0.007 0.005 0.005 0.004 0.001 0.014 0.025 0.032 0.043 0.049 0.07 0.093 0.096 0.103 0.115 0.131 0.134 0.125 0.126 0.127 0.138 0.159 0.181 0.201 0.209 0.231 0.236 0.24 0.25 0.248 0.256 0.272 0.288 0.298 0.307 0.313 0.311 0.3 0.298 0.3 0.299 0.292 0.304 0.309 0.306 0.307 0.314 0.315 0.307 0.305 0.307 0.309 0.308 0.306 0.316 0.32 0.314 0.31 0.298 0.296 0.301 0.296 0.296 0.304 0.302 0.299 0.289 0.283 0.285 0.29 0.291
-9999 -9999 -9999 -9999 -9999 -0.012 -0.001 0.008 0.013 -0.001 0.006 0.022 0.032 0.039 0.044 0.048 0.068 0.09 0.098 0.105 0.121 0.138 0.133 0.124 0.125 0.125 0.143 0.163 0.179 0.198 0.218 0.241 0.246 0.251 0.252 0.25 0.266 0.282 0.292 0.303 0.311 0.318 0.31 0.299 0.301 0.302 0.296 0.289 0.3 0.315 0.312 0.308 0.315 0.321 0.314 0.305 0.306 0.309 0.308 0.307 0.316 0.329 0.324 0.319 0.308 0.295 0.299 0.305 0.305 0.307 0.305 0.305 0.296 0.287 0.29 0.295 0.295
-9999 -9999 -9999 -9999 -0.015 -0.009 0.004 0.017 0.011 0.001 0.008 0.02 0.032 0.046 0.051 0.058 0.075 0.094 0.102 0.107 0.123 0.139 0.134 0.124 0.127 0.133 0.15 0.167 0.177 0.179 0.201 0.232 0.242 0.26 0.259 0.251 0.266 0.285 0.294 0.299 0.306 0.31 0.301 0.286 0.292 0.309 0.303 0.294 0.303 0.308 0.307 0.303 0.302 0.303 0.306 0.303 0.295 0.292 0.3 0.304 0.31 0.319 0.31 0.302 0.304 0.298 0.283 0.277 0.286 0.292 0.287 0.284 0.293 0.293 0.292 0.295 0.296
