Validation/Results/raw data/ReClimate_07_2024_1_Precipitation-Actualsweatherlogisticsltd.asc
NCOLS 192
NROWS 249
XLLCENTER -225160.85627316462
YLLCENTER 29788.11610251502
CELLSIZE 5000.0
NODATA_VALUE -9999
[rows 66 to 98 of 249, columns 74 to 147 of 192]
-9999 -9999 -9999 -9999 -9999 -9999 -9999 -9999 -9999 -9999 -9999 113.08 -9999 125.541 153.041 174.209 164.943 180.735 138.266 130.768 109.45 101.706 80.787 88.489 98.743 91.395 92.544 95.583 95.356 101.265 89.047 81.348 -9999 -9999 -9999 -9999 -9999 -9999 -9999 -9999 -9999 -9999 -9999 -9999 -9999 -9999 -9999 -9999 -9999 -9999 -9999 -9999 -9999 -9999 -9999 -9999 -9999 -9999 -9999 -9999 -9999 -9999 -9999 -9999 -9999 -9999 -9999 -9999 -9999 -9999 -9999 -9999 -9999 -9999
-9999 -9999 -9999 -9999 -9999 -9999 -9999 -9999 -9999 -9999 -9999 -9999 117.85 156.363 152.534 153.509 151.927 142.398 137.206 134.798 117.432 100.64 92.943 88.121 86.731 82.872 88.527 92.453 96.213 84.962 -9999 -9999 -9999 -9999 -9999 -9999 -9999 -9999 -9999 -9999 -9999 -9999 -9999 -9999 -9999 -9999 -9999 -9999 -9999 -9999 -9999 -9999 -9999 -9999 -9999 -9999 -9999 -9999 -9999 -9999 -9999 -9999 -9999 -9999 -9999 -9999 -9999 -9999 -9999 -9999 -9999 -9999 -9999 -9999
-9999 -9999 -9999 -9999 -9999 -9999 -9999 -9999 -9999 -9999 -9999 -9999 139.017 164.075 149.226 132.143 140.671 142.234 123.453 113.405 103.0 90.995 90.529 86.504 89.989 88.59 81.946 89.071 82.287 68.378 -9999 -9999 -9999 -9999 -9999 -9999 -9999 -9999 -9999 -9999 -9999 -9999 -9999 -9999 -9999 -9999 -9999 -9999 -9999 -9999 -9999 -9999 -9999 -9999 -9999 -9999 -9999 -9999 -9999 -9999 -9999 -9999 -9999 -9999 -9999 -9999 -9999 -9999 -9999 -9999 -9999 -9999 -9999 -9999
-9999 -9999 -9999 -9999 -9999 -9999 -9999 -9999 -9999 -9999 -9999 -9999 -9999 -9999 133.862 142.492 144.244 122.146 113.381 113.27 109.575 96.088 80.845 80.364 94.832 88.251 81.339 66.981 -9999 -9999 -9999 -9999 -9999 -9999 -9999 -9999 -9999 -9999 -9999 -9999 -9999 -9999 -9999 -9999 -9999 -9999 -9999 -9999 -9999 -9999 -9999 -9999 -9999 -9999 -9999 -9999 -9999 -9999 -9999 -9999 -9999 -9999 -9999 -9999 -9999 -9999 -9999 -9999 -9999 -9999 -9999 -9999 -9999 -9999
-9999 -9999 -9999 -9999 -9999 -9999 -9999 -9999 116.186 -9999 -9999 123.998 135.111 136.063 130.961 155.415 137.955 127.325 125.533 124.993 108.63 91.878 70.681 83.978 88.025 94.275 77.867 69.043 -9999 -9999 -9999 -9999 -9999 -9999 -9999 -9999 -9999 -9999 -9999 -9999 -9999 -9999 -9999 -9999 -9999 -9999 -9999 -9999 -9999 -9999 -9999 -9999 -9999 -9999 -9999 -9999 -9999 -9999 -9999 -9999 -9999 -9999 -9999 -9999 -9999 -9999 -9999 -9999 -9999 -9999 -9999 -9999 -9999 -9999
-9999 -9999 -9999 -9999 -9999 -9999 118.777 114.962 121.154 123.841 138.688 138.471 159.127 167.446 160.69 123.741 148.147 146.854 134.271 119.537 100.89 101.384 107.944 80.729 79.812 74.423 68.458 60.738 -9999 -9999 -9999 -9999 -9999 -9999 -9999 -9999 -9999 -9999 -9999 -9999 -9999 -9999 -9999 -9999 -9999 -9999 -9999 -9999 -9999 -9999 -9999 -9999 -9999 -9999 -9999 -9999 -9999 -9999 -9999 -9999 -9999 -9999 -9999 -9999 -9999 -9999 -9999 -9999 -9999 -9999 -9999 -9999 -9999 -9999
-9999 -9999 -9999 -9999 -9999 -9999 117.789 127.079 -9999 141.566 159.58 168.872 170.637 193.21 133.74 142.661 160.58 162.281 154.311 123.106 120.829 126.929 100.412 91.084 94.012 77.051 74.156 -9999 63.602 -9999 -9999 -9999 -9999 -9999 -9999 -9999 -9999 -9999 -9999 -9999 -9999 -9999 -9999 -9999 -9999 -9999 -9999 -9999 -9999 -9999 -9999 -9999 -9999 -9999 -9999 -9999 -9999 -9999 -9999 -9999 -9999 -9999 -9999 -9999 -9999 -9999 -9999 -9999 -9999 -9999 -9999 -9999 -9999 -9999
-9999 -9999 -9999 -9999 -9999 -9999 -9999 150.387 152.662 157.813 182.29 174.005 200.127 159.667 142.565 139.504 140.093 143.959 140.163 117.726 116.063 108.733 86.704 92.641 88.961 80.498 75.387 62.052 66.879 -9999 -9999 -9999 -9999 -9999 -9999 -9999 -9999 -9999 -9999 -9999 -9999 -9999 -9999 -9999 -9999 -9999 -9999 -9999 -9999 -9999 -9999 -9999 -9999 -9999 -9999 -9999 -9999 -9999 -9999 -9999 -9999 -9999 -9999 -9999 -9999 -9999 -9999 -9999 -9999 -9999 -9999 -9999 -9999 -9999
136.55 -9999 -9999 -9999 -9999 -9999 -9999 -9999 152.872 166.65 178.161 225.697 200.181 182.463 160.63 168.973 170.793 135.87 110.506 107.715 122.493 106.882 89.541 92.535 81.505 77.446 66.336 68.528 75.904 -9999 -9999 -9999 -9999 -9999 -9999 -9999 -9999 -9999 -9999 -9999 -9999 -9999 -9999 -9999 -9999 -9999 -9999 -9999 -9999 -9999 -9999 -9999 -9999 -9999 -9999 -9999 -9999 -9999 -9999 -9999 -9999 -9999 -9999 -9999 -9999 -9999 -9999 -9999 -9999 -9999 -9999 -9999 -9999 -9999
150.227 -9999 -9999 -9999 -9999 -9999 171.132 173.226 192.061 193.228 196.157 183.283 205.757 185.762 179.265 175.63 146.561 125.931 121.777 105.666 117.214 131.906 96.726 77.008 68.185 70.562 -9999 74.638 -9999 -9999 -9999 -9999 -9999 -9999 77.949 79.554 80.104 -9999 -9999 -9999 -9999 -9999 -9999 -9999 -9999 -9999 -9999 -9999 -9999 -9999 -9999 -9999 -9999 -9999 -9999 -9999 -9999 -9999 -9999 -9999 -9999 -9999 -9999 -9999 -9999 -9999 -9999 -9999 -9999 -9999 -9999 -9999 -9999 -9999
152.8 128.897 -9999 -9999 -9999 -9999 -9999 200.908 216.004 217.66 192.545 199.412 174.172 181.495 168.213 167.343 136.058 118.09 95.19 109.357 137.085 110.749 84.062 71.074 77.246 80.073 73.267 -9999 -9999 -9999 -9999 104.776 85.889 74.932 78.966 82.172 83.926 83.982 83.984 86.071 95.466 100.47 88.362 78.186 76.464 81.99 90.191 90.071 81.481 72.418 68.861 70.695 72.442 -9999 -9999 -9999 -9999 -9999 -9999 -9999 -9999 -9999 -9999 -9999 -9999 -9999 -9999 -9999 -9999 -9999 -9999 -9999 -9999 -9999
209.391 201.115 -9999 -9999 -9999 191.96 -9999 196.885 186.005 199.342 248.331 210.442 186.479 157.265 161.303 142.187 138.19 121.568 117.188 102.785 94.363 90.819 79.665 78.264 87.112 78.941 -9999 -9999 -9999 -9999 89.429 105.287 78.568 86.783 91.837 85.527 87.329 92.26 91.555 103.325 112.571 110.803 88.75 83.525 85.836 87.134 88.673 88.525 84.356 76.682 76.229 81.139 72.465 -9999 -9999 -9999 -9999 -9999 -9999 -9999 -9999 -9999 -9999 -9999 -9999 -9999 -9999 -9999 -9999 -9999 -9999 -9999 -9999 -9999
219.919 200.853 -9999 -9999 -9999 209.573 211.424 189.523 211.99 267.526 256.624 250.835 181.985 175.002 158.311 140.787 120.919 117.549 125.218 110.911 108.466 83.707 74.689 85.211 76.194 -9999 -9999 73.717 76.425 79.285 89.957 86.81 90.236 95.402 93.479 100.443 103.032 97.045 96.485 101.408 103.446 93.624 93.84 97.161 89.137 90.29 90.942 91.381 84.508 82.599 83.597 79.027 73.15 71.273 -9999 -9999 -9999 -9999 -9999 -9999 -9999 -9999 -9999 -9999 -9999 -9999 -9999 -9999 -9999 -9999 -9999 -9999 -9999 -9999
203.227 194.794 -9999 183.972 -9999 189.603 193.784 238.577 266.003 242.216 277.547 238.832 208.706 191.759 169.151 153.587 135.138 130.48 124.917 133.868 120.696 88.987 67.523 67.954 70.547 -9999 81.074 85.768 89.944 79.511 86.093 88.413 98.949 102.412 102.899 110.594 103.551 96.136 102.392 105.185 102.883 97.033 92.121 85.606 85.68 90.754 92.168 89.771 86.3 82.384 76.9 72.568 71.412 71.173 -9999 -9999 -9999 -9999 -9999 -9999 -9999 -9999 -9999 -9999 -9999 -9999 -9999 -9999 -9999 -9999 -9999 -9999 -9999 -9999
208.729 -9999 186.428 -9999 -9999 -9999 259.677 334.731 253.411 242.284 205.089 211.441 202.504 184.803 172.283 156.289 166.418 154.762 141.093 122.965 99.672 77.281 76.864 92.95 81.009 81.336 93.131 106.193 106.923 101.081 97.291 102.822 110.057 114.358 111.966 94.54 92.148 95.499 98.014 104.319 98.132 92.844 88.12 84.459 90.283 90.359 83.308 88.239 88.626 86.966 71.04 74.173 74.605 73.706 -9999 -9999 -9999 -9999 -9999 -9999 -9999 -9999 -9999 -9999 -9999 -9999 -9999 -9999 -9999 -9999 -9999 -9999 -9999 -9999
225.247 190.916 -9999 -9999 -9999 -9999 276.354 254.373 219.878 -9999 211.096 222.938 216.128 179.157 154.861 147.766 134.358 126.657 128.899 120.107 113.625 105.826 110.78 108.255 81.195 96.49 99.335 116.734 127.34 115.614 97.205 97.794 113.944 119.284 96.89 89.964 105.995 99.321 111.498 106.217 95.9 96.481 87.255 92.209 100.84 85.259 85.297 85.547 89.044 76.231 75.245 81.069 76.051 73.731 -9999 -9999 -9999 -9999 -9999 -9999 -9999 -9999 -9999 -9999 -9999 -9999 -9999 -9999 -9999 -9999 -9999 -9999 -9999 -9999
270.758 238.007 -9999 -9999 -9999 218.151 -9999 -9999 189.912 193.231 223.517 251.294 237.312 202.43 189.474 154.159 134.227 119.654 105.198 103.506 109.247 110.636 113.958 76.436 91.571 103.257 122.245 116.282 116.614 121.597 101.771 100.399 106.619 99.236 94.713 110.722 104.692 105.391 106.984 101.39 109.058 96.568 89.592 101.556 90.095 83.861 86.855 91.498 81.875 75.912 77.999 78.915 75.822 -9999 -9999 -9999 -9999 -9999 -9999 -9999 -9999 -9999 -9999 -9999 -9999 -9999 -9999 -9999 -9999 -9999 -9999 -9999 -9999 -9999
324.606 304.789 251.774 213.114 -9999 -9999 -9999 231.064 190.148 -9999 233.036 217.114 211.348 214.844 198.594 186.658 147.195 107.352 108.161 110.057 114.952 106.293 78.861 98.47 102.611 117.438 118.328 112.138 117.568 115.612 94.243 92.859 91.621 98.056 120.243 106.879 109.373 126.66 109.338 105.09 103.091 89.182 92.31 88.483 84.707 81.595 87.275 85.117 84.881 78.193 74.695 73.912 -9999 -9999 -9999 -9999 -9999 -9999 -9999 -9999 -9999 -9999 -9999 -9999 -9999 -9999 -9999 -9999 -9999 -9999 -9999 -9999 -9999 -9999
354.314 333.495 271.112 230.505 -9999 223.11 238.095 237.99 235.945 260.232 233.75 220.63 238.378 242.822 200.396 148.388 140.799 132.122 131.523 129.165 124.827 102.924 97.835 110.865 134.845 132.439 111.881 107.713 107.902 80.137 85.791 93.933 103.36 115.991 95.819 94.509 110.286 119.592 121.347 116.348 112.92 91.331 97.172 93.653 96.433 103.836 85.434 82.645 87.244 85.874 77.172 73.04 -9999 -9999 -9999 -9999 -9999 -9999 -9999 -9999 -9999 -9999 -9999 -9999 -9999 -9999 -9999 -9999 -9999 -9999 -9999 -9999 -9999 -9999
326.722 310.71 266.573 237.538 241.676 238.304 268.035 -9999 240.901 257.492 278.699 288.081 263.02 233.827 182.348 191.96 161.301 141.638 121.406 115.116 113.081 99.457 104.803 139.0 148.512 113.253 102.362 119.343 94.064 100.24 87.025 94.59 99.088 100.848 102.959 101.086 116.011 131.09 114.413 105.583 98.251 87.953 84.888 79.163 88.613 82.673 76.721 81.858 84.407 80.951 73.747 -9999 -9999 -9999 -9999 -9999 -9999 -9999 -9999 -9999 -9999 -9999 -9999 -9999 -9999 -9999 -9999 -9999 -9999 -9999 -9999 -9999 -9999 -9999
320.585 -9999 -9999 -9999 243.27 270.886 -9999 252.518 280.029 320.563 321.85 273.174 269.6 240.84 233.539 192.231 136.822 115.668 128.056 138.209 106.46 111.378 133.973 156.0 149.439 134.654 142.423 116.995 124.595 101.179 94.966 115.966 109.173 123.314 116.107 119.2 126.723 116.881 93.903 93.256 94.394 96.724 90.427 79.173 84.514 81.263 79.913 82.001 83.17 80.631 77.12 -9999 -9999 -9999 -9999 -9999 -9999 -9999 -9999 -9999 -9999 -9999 -9999 -9999 -9999 -9999 -9999 -9999 -9999 -9999 -9999 -9999 -9999 -9999
-9999 -9999 -9999 244.859 266.229 -9999 237.645 263.173 -9999 292.536 262.097 290.481 270.918 283.137 231.428 178.97 174.865 165.621 141.264 117.039 141.797 139.687 144.243 169.842 173.083 165.735 142.539 117.733 97.389 87.838 110.145 120.01 135.153 135.065 120.921 111.278 114.288 101.52 98.0 90.848 92.529 95.146 85.91 89.262 90.38 87.288 86.03 82.878 91.002 88.698 78.884 -9999 -9999 -9999 -9999 -9999 -9999 -9999 -9999 -9999 -9999 -9999 -9999 -9999 -9999 -9999 -9999 -9999 -9999 -9999 -9999 -9999 -9999 -9999
-9999 -9999 -9999 239.475 -9999 -9999 248.328 270.899 298.482 268.122 297.883 290.643 268.407 229.296 204.737 176.759 151.572 133.954 135.908 172.4 183.675 172.794 176.466 185.156 179.604 148.056 104.046 89.039 102.974 139.184 148.882 182.419 175.175 144.196 128.555 126.778 107.007 101.796 94.344 90.17 80.849 82.797 86.113 85.559 95.712 111.086 90.106 81.094 82.064 82.162 77.929 -9999 -9999 -9999 -9999 -9999 -9999 -9999 -9999 -9999 -9999 -9999 -9999 -9999 -9999 -9999 -9999 -9999 -9999 -9999 -9999 -9999 -9999 -9999
-9999 -9999 -9999 -9999 -9999 -9999 -9999 308.182 318.785 288.344 314.689 303.496 239.731 244.008 227.214 197.209 184.597 177.963 195.36 197.556 194.382 164.706 159.623 167.194 157.83 117.305 93.675 103.739 127.051 155.233 193.002 170.246 163.25 143.377 136.861 118.425 105.985 104.643 97.628 80.247 72.153 74.705 77.002 80.474 96.487 89.312 77.435 77.527 85.106 85.015 -9999 -9999 -9999 -9999 -9999 -9999 -9999 -9999 -9999 -9999 -9999 -9999 -9999 -9999 -9999 -9999 -9999 -9999 -9999 -9999 -9999 -9999 -9999 -9999
-9999 -9999 -9999 -9999 -9999 228.279 256.498 -9999 333.709 327.154 362.784 294.916 240.124 229.661 229.487 251.737 241.002 212.135 182.234 179.923 168.53 166.765 142.687 138.298 123.287 108.301 121.418 123.006 141.962 170.324 162.792 159.198 121.89 119.403 109.603 85.87 90.601 103.208 109.7 106.414 93.555 91.298 98.06 88.169 75.932 83.483 90.923 93.164 91.796 83.304 -9999 -9999 -9999 -9999 -9999 -9999 -9999 -9999 -9999 -9999 -9999 -9999 -9999 -9999 -9999 -9999 -9999 -9999 -9999 -9999 -9999 -9999 -9999 -9999
-9999 -9999 -9999 -9999 232.611 228.438 292.604 315.309 360.165 382.66 360.984 313.625 249.359 214.573 223.673 211.112 207.822 226.211 209.931 213.592 213.484 136.095 138.617 125.452 118.103 121.399 136.247 134.012 145.506 139.083 140.97 124.286 115.325 111.727 124.712 122.713 133.302 125.242 115.581 132.676 141.345 130.643 117.981 101.288 103.29 104.858 100.089 89.792 83.026 -9999 -9999 -9999 -9999 -9999 -9999 -9999 -9999 -9999 -9999 -9999 -9999 -9999 -9999 -9999 -9999 -9999 -9999 -9999 -9999 -9999 -9999 -9999 -9999 -9999
-9999 -9999 -9999 -9999 232.766 -9999 275.332 297.568 328.209 359.11 343.462 254.341 236.056 248.615 196.007 188.493 195.083 190.94 202.846 189.125 140.726 153.973 169.369 145.848 130.596 170.142 151.772 152.283 152.31 154.149 147.014 140.75 132.426 147.457 145.01 153.762 155.919 113.717 130.279 134.68 109.3 115.926 125.402 113.421 109.9 105.772 90.575 85.783 78.933 -9999 -9999 -9999 -9999 -9999 -9999 -9999 -9999 -9999 -9999 -9999 -9999 -9999 -9999 -9999 -9999 -9999 -9999 -9999 -9999 -9999 -9999 -9999 -9999 -9999
-9999 -9999 -9999 -9999 -9999 -9999 317.809 339.217 304.221 311.811 264.246 214.836 220.977 198.593 186.254 182.685 178.87 194.68 161.799 164.023 165.84 194.076 163.491 126.487 157.335 175.744 152.954 157.257 146.352 160.882 145.263 139.801 173.875 167.815 161.974 180.753 164.073 160.442 157.728 134.924 119.35 113.068 101.807 106.034 109.183 93.924 81.404 78.959 73.664 -9999 -9999 -9999 -9999 -9999 -9999 -9999 -9999 -9999 -9999 -9999 -9999 -9999 -9999 -9999 -9999 -9999 -9999 -9999 -9999 -9999 -9999 -9999 -9999 -9999
-9999 -9999 -9999 -9999 270.027 289.079 329.476 315.916 295.758 321.382 263.888 266.692 263.609 -9999 231.655 304.456 265.365 224.254 202.479 204.987 200.244 201.618 182.801 165.731 160.581 146.134 140.208 124.878 131.997 149.285 136.985 165.121 148.061 145.434 140.366 156.738 169.621 156.051 128.007 136.297 128.176 107.352 114.711 100.199 89.56 81.721 81.737 83.014 67.061 -9999 -9999 -9999 -9999 -9999 -9999 -9999 -9999 -9999 -9999 -9999 -9999 -9999 -9999 -9999 -9999 -9999 -9999 -9999 -9999 -9999 -9999 -9999 -9999 -9999
260.271 219.88 235.727 263.741 -9999 271.339 299.604 306.5 307.65 315.964 309.848 294.196 -9999 282.422 351.021 317.228 298.176 241.814 214.013 181.653 198.705 200.436 191.446 164.274 136.179 125.487 119.068 100.359 121.901 121.542 145.72 143.334 137.95 129.01 121.54 133.839 138.388 125.648 128.012 128.821 124.344 118.034 89.657 83.256 79.548 83.638 91.775 72.588 -9999 -9999 -9999 -9999 -9999 -9999 -9999 -9999 -9999 -9999 -9999 -9999 -9999 -9999 -9999 -9999 -9999 -9999 -9999 -9999 -9999 -9999 -9999 -9999 -9999 -9999
218.297 224.276 252.105 288.666 286.883 -9999 288.563 296.614 308.18 317.32 295.355 268.158 269.082 310.152 308.489 279.071 291.602 245.038 219.711 195.025 192.03 166.416 159.459 132.297 126.181 145.96 113.185 112.184 106.384 114.89 127.793 143.353 124.551 107.762 116.203 134.305 125.807 121.72 111.69 121.05 111.086 89.25 81.107 82.069 83.48 84.847 -9999 -9999 -9999 -9999 -9999 -9999 -9999 -9999 -9999 -9999 -9999 -9999 -9999 -9999 -9999 -9999 -9999 -9999 -9999 -9999 -9999 -9999 -9999 -9999 -9999 -9999 -9999 -9999
-9999 -9999 -9999 280.767 -9999 309.773 313.228 320.057 352.573 338.717 -9999 -9999 306.631 289.868 271.53 314.724 264.017 249.353 213.901 203.437 145.538 130.296 117.56 108.024 117.666 116.709 124.324 102.344 112.339 112.14 119.336 123.986 113.915 105.324 117.27 123.573 120.867 107.143 109.569 103.615 85.965 75.126 76.783 83.326 77.136 -9999 -9999 -9999 -9999 -9999 -9999 -9999 -9999 -9999 -9999 -9999 -9999 -9999 -9999 -9999 -9999 -9999 -9999 -9999 -9999 -9999 -9999 -9999 -9999 -9999 -9999 -9999 -9999 -9999
228.808 247.089 -9999 285.159 331.752 315.233 324.756 339.647 343.636 -9999 -9999 288.926 369.705 357.797 342.612 275.928 258.716 233.312 203.065 170.034 154.113 146.101 146.379 134.129 146.62 176.89 141.912 116.481 115.211 100.922 102.101 103.661 115.523 117.03 113.07 112.263 107.144 95.908 93.296 87.315 76.64 74.82 79.058 80.417 79.124 77.379 -9999 -9999 -9999 -9999 -9999 -9999 -9999 -9999 -9999 -9999 -9999 -9999 -9999 -9999 -9999 -9999 -9999 -9999 -9999 -9999 -9999 -9999 -9999 -9999 -9999 -9999 -9999 -9999
