Validation/Results/raw data/ReClimate_07_2024_1_Precipitation-Actuals.asc
NCOLS 192
NROWS 249
XLLCENTER -225160.85627316462
YLLCENTER 29788.11610251502
CELLSIZE 5000.0
NODATA_VALUE -9999
[rows 99 to 131 of 249, columns 74 to 147 of 192]
185.243 180.508 186.469 185.336 196.161 206.54 210.663 215.78 -9999 -9999 127.396 218.147 215.831 251.872 223.614 223.013 219.154 174.266 162.756 149.186 149.982 143.568 128.955 113.058 105.618 108.257 96.946 97.564 96.976 95.771 93.604 92.917 93.26 94.288 89.076 84.995 75.188 68.531 71.04 70.895 71.073 69.359 70.455 70.94 66.43 -9999 -9999 -9999 -9999 -9999 -9999 -9999 -9999 -9999 -9999 -9999 -9999 -9999 -9999 -9999 -9999 -9999 -9999 -9999 -9999 -9999 -9999 -9999 -9999 -9999 -9999 -9999 -9999 -9999
168.313 198.24 177.339 -9999 -9999 179.583 201.481 -9999 -9999 -9999 144.025 194.34 276.227 263.428 277.727 229.707 184.665 172.794 184.106 175.248 150.337 142.801 123.916 123.867 127.9 110.145 89.404 113.058 124.789 113.638 96.216 93.257 89.034 89.506 80.783 79.689 72.604 78.069 90.06 86.236 80.804 77.809 76.144 68.948 66.862 -9999 -9999 -9999 -9999 -9999 -9999 -9999 -9999 -9999 -9999 -9999 -9999 -9999 -9999 -9999 -9999 -9999 -9999 -9999 -9999 -9999 -9999 -9999 -9999 -9999 -9999 -9999 -9999 -9999
168.635 -9999 179.467 187.32 208.748 -9999 -9999 -9999 -9999 174.885 174.701 231.714 246.548 247.33 248.381 216.677 199.298 207.335 222.568 182.678 181.999 134.871 134.076 136.809 107.402 88.256 121.591 148.181 135.453 99.424 100.482 95.281 91.585 80.429 78.794 75.741 79.342 95.477 85.307 81.823 77.345 76.797 69.219 61.244 -9999 -9999 -9999 -9999 -9999 -9999 -9999 -9999 -9999 -9999 -9999 -9999 -9999 -9999 -9999 -9999 -9999 -9999 -9999 -9999 -9999 -9999 -9999 -9999 -9999 -9999 -9999 -9999 -9999 -9999
176.542 226.748 267.843 307.991 320.068 234.783 190.077 -9999 -9999 170.597 -9999 -9999 185.653 261.072 247.311 194.179 207.686 247.119 208.534 213.523 192.792 161.655 137.894 105.926 120.556 133.59 156.057 141.865 117.712 128.294 118.934 96.02 82.488 76.735 76.131 79.787 91.979 77.07 74.92 77.346 71.236 70.336 62.493 -9999 -9999 -9999 -9999 -9999 -9999 -9999 -9999 -9999 -9999 -9999 -9999 -9999 -9999 -9999 -9999 -9999 -9999 -9999 -9999 -9999 -9999 -9999 -9999 -9999 -9999 -9999 -9999 -9999 -9999 -9999
204.812 225.425 269.312 332.678 286.474 -9999 -9999 -9999 171.69 188.435 182.023 186.403 204.741 229.054 190.338 155.678 214.507 214.654 193.938 174.626 158.279 149.304 136.508 143.315 119.974 138.186 129.409 128.832 134.256 113.165 102.823 89.233 82.021 79.565 76.728 79.287 71.651 64.223 -9999 -9999 68.121 -9999 -9999 -9999 -9999 -9999 -9999 -9999 -9999 -9999 -9999 -9999 -9999 -9999 -9999 -9999 -9999 -9999 -9999 -9999 -9999 -9999 -9999 -9999 -9999 -9999 -9999 -9999 -9999 -9999 -9999 -9999 -9999 -9999
192.436 214.235 263.008 -9999 250.026 -9999 -9999 -9999 181.012 200.778 203.504 196.085 185.134 198.771 189.272 222.901 235.52 208.806 185.089 175.026 176.164 142.973 141.111 118.768 129.568 133.939 117.029 106.535 89.924 94.174 83.789 79.964 80.737 75.701 69.418 69.686 62.52 -9999 70.143 66.961 68.175 67.022 -9999 -9999 -9999 -9999 -9999 -9999 -9999 -9999 -9999 -9999 -9999 -9999 -9999 -9999 -9999 -9999 -9999 -9999 -9999 -9999 -9999 -9999 -9999 -9999 -9999 -9999 -9999 -9999 -9999 -9999 -9999 -9999
-9999 187.454 -9999 -9999 -9999 -9999 204.259 198.257 205.55 206.64 212.251 200.654 208.6 231.936 230.778 235.709 223.09 225.958 190.309 205.152 165.341 173.851 143.91 155.25 169.866 127.695 102.674 106.807 99.368 84.748 81.718 76.335 76.759 70.121 67.714 -9999 67.15 71.796 68.493 66.624 62.735 69.445 -9999 -9999 -9999 -9999 -9999 -9999 -9999 -9999 -9999 -9999 -9999 -9999 -9999 -9999 -9999 -9999 -9999 -9999 -9999 -9999 -9999 -9999 -9999 -9999 -9999 -9999 -9999 -9999 -9999 -9999 -9999 -9999
-9999 -9999 -9999 -9999 -9999 -9999 194.478 190.79 195.419 209.913 207.017 189.979 219.439 204.432 201.892 220.65 256.14 228.918 203.914 197.312 195.298 159.659 154.29 178.05 150.645 145.805 150.581 118.359 101.903 94.836 84.193 89.627 90.226 84.244 84.433 79.726 71.795 71.469 77.705 78.532 74.059 74.27 71.857 -9999 -9999 -9999 -9999 -9999 -9999 -9999 -9999 -9999 -9999 -9999 -9999 -9999 -9999 -9999 -9999 -9999 -9999 -9999 -9999 -9999 -9999 -9999 -9999 -9999 -9999 -9999 -9999 -9999 -9999 -9999
-9999 -9999 -9999 -9999 -9999 187.452 -9999 -9999 184.955 205.634 198.26 212.863 208.888 -9999 -9999 236.85 268.343 262.43 203.387 198.448 177.886 155.578 155.319 146.86 130.394 134.514 117.604 109.754 102.399 107.388 117.209 123.671 106.945 96.668 89.371 83.866 81.477 75.584 82.417 76.649 83.69 79.94 73.726 68.369 -9999 -9999 -9999 -9999 -9999 -9999 -9999 -9999 -9999 -9999 -9999 -9999 -9999 -9999 -9999 -9999 -9999 -9999 -9999 -9999 -9999 -9999 -9999 -9999 -9999 -9999 -9999 -9999 -9999 -9999
-9999 -9999 -9999 -9999 -9999 174.621 -9999 166.136 176.32 184.396 238.659 259.239 196.281 181.885 214.084 239.285 240.292 186.332 196.382 211.581 158.951 147.605 148.139 133.437 116.939 107.686 101.532 99.997 118.315 147.582 141.893 125.246 107.332 93.587 87.137 85.104 78.914 79.597 75.839 73.708 71.141 72.836 70.242 -9999 -9999 -9999 -9999 -9999 -9999 -9999 -9999 -9999 -9999 -9999 -9999 -9999 -9999 -9999 -9999 -9999 -9999 -9999 -9999 -9999 -9999 -9999 -9999 -9999 -9999 -9999 -9999 -9999 -9999 -9999
-9999 -9999 -9999 -9999 -9999 161.79 -9999 155.1 148.825 189.537 217.033 184.206 -9999 208.575 205.275 -9999 202.639 191.833 195.065 161.625 177.267 146.366 120.005 107.576 94.103 87.282 94.542 95.452 117.244 108.637 103.425 97.772 99.198 96.754 86.564 80.864 75.768 74.478 71.67 -9999 -9999 -9999 -9999 -9999 -9999 -9999 -9999 -9999 -9999 -9999 -9999 -9999 -9999 -9999 -9999 -9999 -9999 -9999 -9999 -9999 -9999 -9999 -9999 -9999 -9999 -9999 -9999 -9999 -9999 -9999 -9999 -9999 -9999 -9999
-9999 -9999 -9999 152.919 154.941 -9999 -9999 140.273 158.506 181.533 172.888 170.639 222.014 205.441 225.099 -9999 166.522 177.868 166.688 155.494 152.381 138.656 117.419 107.303 96.827 108.352 105.978 90.15 87.319 88.653 87.84 92.835 97.647 96.835 87.209 82.695 80.655 74.716 -9999 -9999 -9999 -9999 -9999 -9999 -9999 -9999 -9999 -9999 -9999 -9999 -9999 -9999 -9999 -9999 -9999 -9999 -9999 -9999 -9999 -9999 -9999 -9999 -9999 -9999 -9999 -9999 -9999 -9999 -9999 -9999 -9999 -9999 -9999 -9999
-9999 -9999 140.808 145.519 146.119 -9999 144.971 164.267 178.231 173.861 -9999 210.804 207.616 222.006 226.131 -9999 166.952 177.454 153.691 128.163 126.473 113.376 115.96 115.873 109.658 131.232 115.708 98.383 91.072 -9999 80.3 84.908 86.891 83.637 85.365 91.326 82.775 -9999 -9999 -9999 -9999 -9999 -9999 -9999 -9999 -9999 -9999 -9999 -9999 -9999 -9999 -9999 -9999 -9999 -9999 -9999 -9999 -9999 -9999 -9999 -9999 -9999 -9999 -9999 -9999 -9999 -9999 -9999 -9999 -9999 -9999 -9999 -9999 -9999
-9999 -9999 133.412 136.421 -9999 -9999 158.365 178.569 173.397 -9999 182.083 203.883 209.225 215.902 206.749 -9999 150.86 139.069 130.028 123.136 122.127 119.414 126.493 152.794 160.457 151.08 134.073 106.097 91.067 84.483 76.315 -9999 -9999 75.672 74.209 -9999 -9999 -9999 -9999 -9999 -9999 70.439 70.593 68.902 -9999 -9999 -9999 -9999 -9999 -9999 -9999 -9999 -9999 -9999 -9999 -9999 -9999 -9999 -9999 -9999 -9999 -9999 -9999 -9999 -9999 -9999 -9999 -9999 -9999 -9999 -9999 -9999 -9999 -9999
-9999 144.334 157.276 -9999 -9999 155.217 163.921 153.967 176.694 -9999 176.108 197.759 187.477 183.64 196.717 -9999 -9999 -9999 127.576 125.946 126.563 132.069 142.064 146.302 146.456 133.154 120.522 103.414 95.041 89.952 84.345 79.198 77.662 76.891 72.702 -9999 -9999 -9999 -9999 -9999 73.827 72.079 73.087 68.756 67.583 -9999 -9999 -9999 -9999 -9999 -9999 -9999 -9999 -9999 -9999 -9999 -9999 -9999 -9999 -9999 -9999 -9999 -9999 -9999 -9999 -9999 -9999 -9999 -9999 -9999 -9999 -9999 -9999 -9999
158.898 174.257 154.048 -9999 -9999 -9999 129.347 163.001 160.343 -9999 159.14 -9999 163.075 180.187 162.268 -9999 134.087 137.749 131.448 -9999 117.015 112.71 117.049 121.071 115.448 117.964 114.889 107.022 102.317 95.907 89.204 87.22 85.642 76.388 72.492 69.682 72.026 79.19 -9999 77.286 75.465 73.975 73.124 77.475 77.964 79.306 65.12 -9999 -9999 -9999 -9999 -9999 -9999 -9999 -9999 -9999 -9999 -9999 -9999 -9999 -9999 -9999 -9999 -9999 -9999 -9999 -9999 -9999 -9999 -9999 -9999 -9999 -9999 -9999
155.0 155.985 -9999 -9999 -9999 -9999 146.254 168.662 141.585 -9999 135.892 -9999 149.161 145.567 -9999 150.923 160.416 162.827 138.511 113.848 102.416 97.812 98.934 99.816 107.709 106.847 106.049 108.462 103.098 100.277 93.776 90.37 86.407 77.115 78.271 76.429 78.614 75.114 74.721 76.519 74.877 74.814 76.154 83.866 82.78 89.198 82.832 72.847 66.171 67.523 -9999 -9999 -9999 -9999 -9999 -9999 -9999 -9999 -9999 -9999 -9999 -9999 -9999 -9999 -9999 -9999 -9999 -9999 -9999 -9999 -9999 -9999 -9999 -9999
-9999 126.927 -9999 -9999 -9999 -9999 138.387 137.161 145.505 147.976 -9999 -9999 124.71 132.088 -9999 144.619 175.606 185.192 150.038 126.717 106.683 98.885 91.454 89.776 93.062 92.496 100.213 105.838 110.545 107.611 99.823 93.525 90.819 92.36 92.759 95.217 86.171 74.706 77.042 78.411 71.844 83.147 98.188 97.941 92.196 91.486 85.497 85.508 81.114 68.903 68.6 -9999 -9999 -9999 -9999 -9999 -9999 -9999 -9999 -9999 -9999 -9999 -9999 -9999 -9999 -9999 -9999 -9999 -9999 -9999 -9999 -9999 -9999 -9999
134.092 -9999 -9999 -9999 -9999 -9999 119.898 131.308 150.04 132.083 -9999 -9999 123.746 125.022 -9999 -9999 173.365 167.107 145.221 132.243 126.549 111.348 96.907 96.052 100.234 90.543 91.684 103.449 108.256 111.199 109.334 109.977 104.181 106.833 107.56 95.146 82.705 81.773 83.431 79.49 85.897 100.158 101.595 102.151 94.367 88.587 82.6 76.325 74.571 69.479 70.347 -9999 -9999 -9999 -9999 -9999 -9999 -9999 -9999 -9999 -9999 -9999 -9999 -9999 -9999 -9999 -9999 -9999 -9999 -9999 -9999 -9999 -9999 -9999
125.832 -9999 -9999 -9999 -9999 -9999 111.889 131.809 141.076 -9999 -9999 -9999 -9999 119.858 -9999 128.336 155.544 149.793 135.066 135.304 136.725 131.214 120.106 115.107 103.264 96.549 94.385 94.714 100.731 106.669 110.78 107.372 108.06 109.29 97.346 89.814 87.578 89.967 98.937 90.349 87.19 88.879 89.034 90.516 89.564 86.58 80.122 74.93 76.134 73.237 72.584 69.687 -9999 -9999 -9999 -9999 -9999 -9999 -9999 -9999 -9999 -9999 -9999 -9999 -9999 -9999 -9999 -9999 -9999 -9999 -9999 -9999 -9999 -9999
117.027 -9999 -9999 -9999 119.716 118.522 123.718 133.402 -9999 -9999 154.906 -9999 -9999 -9999 -9999 123.86 137.037 133.38 129.646 130.936 135.887 144.996 145.729 131.354 118.911 105.972 99.538 87.93 81.047 99.026 97.581 95.082 100.387 94.537 95.315 104.179 103.856 116.977 118.403 101.124 92.111 84.922 74.936 82.624 83.329 86.908 82.513 73.23 71.107 73.583 68.758 65.21 -9999 -9999 -9999 -9999 -9999 -9999 -9999 -9999 -9999 -9999 -9999 -9999 -9999 -9999 -9999 -9999 -9999 -9999 -9999 -9999 -9999 -9999
-9999 -9999 -9999 -9999 -9999 128.806 134.516 144.053 -9999 150.016 170.754 168.894 -9999 -9999 -9999 -9999 114.341 117.124 118.321 121.8 128.697 139.251 143.482 130.798 120.336 106.789 96.567 84.912 93.858 89.187 87.375 92.774 99.143 97.658 106.717 96.38 105.743 108.213 107.987 108.455 101.201 84.352 82.142 78.878 76.566 78.548 74.311 68.229 70.285 73.944 74.457 67.051 67.191 -9999 -9999 -9999 -9999 -9999 -9999 -9999 -9999 -9999 -9999 -9999 -9999 -9999 -9999 -9999 -9999 -9999 -9999 -9999 -9999 -9999
-9999 -9999 -9999 -9999 -9999 136.678 149.819 158.857 -9999 132.141 168.146 169.576 -9999 -9999 -9999 -9999 -9999 102.732 106.573 111.759 116.336 123.547 119.09 123.348 122.529 124.273 113.628 102.404 90.915 88.355 88.14 91.233 89.635 94.518 97.325 97.124 97.534 100.599 95.947 86.186 85.444 80.989 87.213 78.499 76.604 75.041 67.885 68.329 68.289 71.519 72.237 75.886 69.54 67.885 -9999 -9999 -9999 -9999 -9999 -9999 -9999 -9999 -9999 -9999 -9999 -9999 -9999 -9999 -9999 -9999 -9999 -9999 -9999 -9999
-9999 -9999 -9999 -9999 -9999 142.378 162.167 -9999 -9999 122.149 156.382 168.35 139.538 -9999 -9999 -9999 -9999 -9999 95.876 109.265 118.571 117.356 127.554 136.036 135.694 132.671 119.279 108.178 98.977 100.123 94.304 92.466 98.252 107.016 102.549 124.84 103.278 96.817 84.72 100.563 95.908 91.236 83.573 78.256 74.697 71.665 73.358 76.426 77.527 69.729 71.368 68.608 78.676 71.718 68.915 64.487 -9999 -9999 -9999 -9999 -9999 -9999 -9999 -9999 -9999 -9999 -9999 -9999 -9999 -9999 -9999 -9999 -9999 -9999
-9999 -9999 -9999 -9999 -9999 154.415 135.645 -9999 -9999 135.704 159.146 153.515 -9999 -9999 -9999 -9999 -9999 -9999 93.787 101.101 108.884 112.582 121.286 121.671 123.057 119.917 116.53 119.033 111.164 107.537 106.055 116.303 133.261 119.14 133.736 139.018 121.589 96.39 101.866 95.539 86.487 83.671 73.547 76.308 78.136 79.105 74.122 74.861 78.956 90.343 86.61 76.743 78.709 80.753 72.461 68.346 -9999 -9999 -9999 -9999 -9999 -9999 -9999 -9999 -9999 -9999 -9999 -9999 -9999 -9999 -9999 -9999 -9999 -9999
-9999 -9999 -9999 -9999 -9999 144.726 113.973 -9999 -9999 -9999 131.374 131.785 125.255 -9999 -9999 -9999 -9999 -9999 89.821 97.911 100.772 103.396 107.289 111.358 120.979 131.505 139.86 124.169 124.303 120.327 105.663 114.189 123.013 125.684 152.471 136.889 111.83 113.47 103.36 90.98 93.733 80.445 82.551 78.473 76.692 82.335 81.568 81.902 94.71 109.865 102.587 88.766 78.325 78.125 77.709 72.775 -9999 -9999 -9999 -9999 -9999 -9999 -9999 -9999 -9999 -9999 -9999 -9999 -9999 -9999 -9999 -9999 -9999 -9999
-9999 -9999 -9999 -9999 157.127 137.662 121.942 -9999 -9999 -9999 -9999 -9999 -9999 -9999 -9999 -9999 -9999 -9999 99.772 103.104 103.287 102.831 105.832 107.004 114.802 128.987 138.743 132.057 131.688 129.039 121.62 128.467 135.538 156.063 159.844 144.366 125.115 121.295 109.536 106.072 93.878 91.231 83.947 85.59 87.34 83.168 88.245 95.931 112.281 109.444 107.971 86.02 73.686 73.768 75.626 75.205 65.112 -9999 -9999 -9999 -9999 -9999 -9999 -9999 -9999 -9999 -9999 -9999 -9999 -9999 -9999 -9999 -9999 -9999
-9999 -9999 -9999 158.675 155.904 147.428 129.28 -9999 -9999 -9999 -9999 -9999 -9999 -9999 -9999 -9999 102.546 101.916 103.711 112.064 120.6 123.263 118.589 118.95 123.096 126.193 123.502 132.072 147.488 145.04 144.309 137.946 136.434 142.885 163.053 140.529 141.639 122.002 112.974 101.527 91.456 85.232 97.778 97.687 83.179 86.614 93.768 106.225 101.141 101.5 103.511 89.422 71.426 71.959 76.839 73.565 70.487 -9999 -9999 -9999 -9999 -9999 -9999 -9999 -9999 -9999 -9999 -9999 -9999 -9999 -9999 -9999 -9999 -9999
-9999 -9999 -9999 155.055 134.781 116.79 -9999 -9999 -9999 -9999 -9999 -9999 -9999 -9999 -9999 -9999 102.754 100.332 107.907 122.398 130.682 127.18 142.394 154.681 143.78 134.894 128.592 126.7 134.277 149.331 152.164 138.078 126.733 134.205 145.094 161.866 142.967 133.659 117.538 107.776 93.583 99.0 103.719 91.951 85.282 96.981 110.192 107.238 95.605 89.352 83.952 82.307 85.635 86.903 80.154 75.393 71.949 -9999 -9999 -9999 -9999 -9999 -9999 -9999 -9999 -9999 -9999 -9999 -9999 -9999 -9999 -9999 -9999 -9999
-9999 -9999 -9999 -9999 -9999 -9999 -9999 -9999 -9999 -9999 -9999 -9999 -9999 -9999 -9999 -9999 104.441 105.907 122.184 127.833 133.336 135.172 159.736 166.453 176.098 151.253 130.398 125.736 135.47 149.876 172.815 154.234 121.908 120.368 146.046 159.594 148.524 136.894 135.428 118.781 122.454 124.532 115.127 111.789 114.922 118.734 98.106 94.024 89.39 86.283 88.56 77.628 77.036 80.658 78.057 72.272 68.324 -9999 -9999 -9999 -9999 -9999 -9999 -9999 -9999 -9999 -9999 -9999 -9999 -9999 -9999 -9999 -9999 -9999
-9999 -9999 -9999 -9999 -9999 -9999 -9999 -9999 -9999 -9999 -9999 -9999 -9999 -9999 -9999 111.993 118.89 130.114 131.386 142.364 131.176 137.173 146.977 175.555 167.571 153.01 136.431 129.7 116.164 129.651 143.403 145.612 131.177 119.002 136.392 151.207 148.877 142.728 141.274 144.265 130.467 132.334 122.42 118.661 133.555 110.313 108.93 96.88 85.029 91.084 91.652 89.935 76.681 70.469 69.052 69.587 69.586 -9999 -9999 -9999 -9999 -9999 -9999 -9999 -9999 -9999 -9999 -9999 -9999 -9999 -9999 -9999 -9999 -9999
-9999 -9999 -9999 -9999 -9999 -9999 -9999 -9999 -9999 -9999 -9999 -9999 -9999 -9999 -9999 124.05 131.169 140.314 162.235 153.819 137.715 143.209 162.804 146.311 150.312 143.665 133.462 121.644 103.683 111.239 133.063 144.443 140.796 115.324 128.562 138.32 136.775 139.095 152.401 127.594 141.958 131.013 118.703 137.387 114.633 114.705 108.142 92.747 92.668 88.174 86.405 89.665 82.321 74.524 73.145 71.96 68.938 -9999 -9999 -9999 -9999 -9999 -9999 -9999 -9999 -9999 -9999 -9999 -9999 -9999 -9999 -9999 -9999 -9999
-9999 -9999 -9999 -9999 -9999 -9999 -9999 -9999 -9999 -9999 -9999 -9999 -9999 -9999 122.213 130.614 134.284 162.887 171.239 171.946 181.02 179.813 164.964 139.575 136.545 133.889 131.881 124.72 113.062 114.916 125.844 128.017 110.485 110.08 118.915 136.471 137.73 153.322 134.251 134.607 143.47 125.985 132.735 129.211 112.025 110.282 101.544 101.167 98.564 93.892 91.247 83.385 77.362 71.89 70.955 71.883 71.084 68.615 -9999 -9999 -9999 -9999 -9999 -9999 -9999 -9999 -9999 -9999 -9999 -9999 -9999 -9999 -9999 -9999
