Validation/Results/raw data/ReClimate_11_2023_2_Temperature.asc
NCOLS 192
NROWS 249
XLLCENTER -225160.85627316462
YLLCENTER 29788.11610251502
CELLSIZE 5000.0
NODATA_VALUE -9999
[rows 102 to 135 of 249, columns 77 to 153 of 192]
-0.246 -0.243 -0.239 -0.235 -9999 -9999 -0.198 -9999 -9999 -0.154 -0.138 -0.123 -0.121 -0.122 -0.112 -0.102 -0.097 -0.094 -0.109 -0.13 -0.133 -0.138 -0.127 -0.115 -0.12 -0.126 -0.127 -0.129 -0.128 -0.126 -0.137 -0.15 -0.146 -0.141 -0.139 -0.137 -0.138 -0.139 -0.141 -0.144 -9999 -9999 -9999 -9999 -9999 -9999 -9999 -9999 -9999 -9999 -9999 -9999 -9999 -9999 -9999 -9999 -9999 -9999 -9999 -9999 -9999 -9999 -9999 -9999 -9999 -9999 -9999 -9999 -9999 -9999 -9999 -9999 -9999 -9999 -9999 -9999 -9999
-0.234 -0.225 -9999 -9999 -9999 -0.214 -0.198 -0.166 -0.152 -0.145 -0.13 -0.122 -0.119 -0.116 -0.106 -0.093 -0.097 -0.117 -0.123 -0.117 -0.121 -0.129 -0.118 -0.108 -0.11 -0.112 -0.113 -0.118 -0.118 -0.119 -0.128 -0.138 -0.135 -0.132 -0.132 -9999 -9999 -0.145 -9999 -9999 -9999 -9999 -9999 -9999 -9999 -9999 -9999 -9999 -9999 -9999 -9999 -9999 -9999 -9999 -9999 -9999 -9999 -9999 -9999 -9999 -9999 -9999 -9999 -9999 -9999 -9999 -9999 -9999 -9999 -9999 -9999 -9999 -9999 -9999 -9999 -9999 -9999
-9999 -0.219 -9999 -9999 -9999 -0.211 -0.187 -0.161 -0.152 -0.144 -0.133 -0.123 -0.117 -0.114 -0.101 -0.088 -0.102 -0.121 -0.114 -0.109 -0.114 -0.121 -0.112 -0.102 -0.102 -0.103 -0.106 -0.111 -0.112 -0.114 -0.121 -0.131 -0.128 -0.125 -9999 -0.134 -0.139 -0.145 -0.141 -9999 -9999 -9999 -9999 -9999 -9999 -9999 -9999 -9999 -9999 -9999 -9999 -9999 -9999 -9999 -9999 -9999 -9999 -9999 -9999 -9999 -9999 -9999 -9999 -9999 -9999 -9999 -9999 -9999 -9999 -9999 -9999 -9999 -9999 -9999 -9999 -9999 -9999
-9999 -9999 -9999 -0.205 -0.2 -0.186 -0.167 -0.155 -0.142 -0.125 -0.116 -0.116 -0.113 -0.118 -0.105 -0.089 -0.1 -0.111 -0.107 -0.111 -0.114 -0.114 -0.106 -0.098 -0.095 -0.088 -0.095 -0.113 -0.112 -0.108 -0.115 -0.123 -9999 -0.118 -0.12 -0.118 -0.124 -0.134 -0.135 -9999 -9999 -9999 -9999 -9999 -9999 -9999 -9999 -9999 -9999 -9999 -9999 -9999 -9999 -9999 -9999 -9999 -9999 -9999 -9999 -9999 -9999 -9999 -9999 -9999 -9999 -9999 -9999 -9999 -9999 -9999 -9999 -9999 -9999 -9999 -9999 -9999 -9999
-9999 -9999 -9999 -0.202 -0.19 -0.177 -0.167 -0.155 -0.138 -0.12 -0.117 -0.116 -0.117 -0.121 -0.104 -0.088 -0.094 -0.104 -0.104 -0.107 -0.106 -0.107 -0.1 -0.092 -0.086 -0.079 -0.093 -0.11 -0.106 -0.102 -0.108 -0.116 -0.114 -0.111 -0.11 -0.108 -0.116 -0.127 -0.125 -0.123 -9999 -9999 -9999 -9999 -9999 -9999 -9999 -9999 -9999 -9999 -9999 -9999 -9999 -9999 -9999 -9999 -9999 -9999 -9999 -9999 -9999 -9999 -9999 -9999 -9999 -9999 -9999 -9999 -9999 -9999 -9999 -9999 -9999 -9999 -9999 -9999 -9999
-9999 -9999 -0.214 -9999 -9999 -0.182 -0.169 -0.151 -0.14 -0.143 -9999 -9999 -0.116 -0.117 -0.1 -0.084 -0.087 -0.093 -0.094 -0.104 -0.104 -0.104 -0.101 -0.102 -0.096 -0.088 -0.093 -0.086 -0.081 -0.079 -0.083 -0.091 -0.088 -0.086 -0.084 -0.084 -0.099 -0.131 -0.133 -0.142 -0.15 -9999 -9999 -9999 -9999 -9999 -9999 -9999 -9999 -9999 -9999 -9999 -9999 -9999 -9999 -9999 -9999 -9999 -9999 -9999 -9999 -9999 -9999 -9999 -9999 -9999 -9999 -9999 -9999 -9999 -9999 -9999 -9999 -9999 -9999 -9999 -9999
-9999 -9999 -0.217 -9999 -0.197 -0.184 -0.168 -0.151 -0.15 -0.154 -0.137 -0.118 -0.115 -0.115 -0.099 -0.083 -0.082 -0.086 -0.092 -0.101 -0.101 -0.101 -0.102 -0.105 -0.098 -0.09 -0.083 -0.075 -0.072 -0.069 -0.073 -0.08 -0.077 -0.074 -0.073 -0.073 -0.098 -0.129 -0.137 -0.146 -9999 -9999 -9999 -9999 -9999 -9999 -9999 -9999 -9999 -9999 -9999 -9999 -9999 -9999 -9999 -9999 -9999 -9999 -9999 -9999 -9999 -9999 -9999 -9999 -9999 -9999 -9999 -9999 -9999 -9999 -9999 -9999 -9999 -9999 -9999 -9999 -9999
-9999 -9999 -0.219 -9999 -0.191 -0.171 -0.157 -0.149 -0.144 -9999 -0.12 -0.12 -9999 -0.125 -0.106 -0.083 -0.076 -0.065 -0.067 -0.072 -0.074 -0.086 -0.086 -0.086 -0.082 -0.085 -0.08 -0.077 -0.07 -0.056 -0.06 -0.068 -0.065 -0.066 -0.071 -0.092 -9999 -9999 -9999 -9999 -9999 -9999 -9999 -9999 -9999 -9999 -9999 -9999 -9999 -9999 -9999 -9999 -9999 -9999 -9999 -9999 -9999 -9999 -9999 -9999 -9999 -9999 -9999 -9999 -9999 -9999 -9999 -9999 -9999 -9999 -9999 -9999 -9999 -9999 -9999 -9999 -9999
-0.244 -0.232 -9999 -9999 -0.176 -0.166 -0.158 -0.15 -0.138 -0.125 -0.121 -0.12 -9999 -0.127 -0.105 -0.082 -0.068 -0.056 -0.056 -0.059 -0.067 -0.078 -0.077 -0.076 -0.078 -0.081 -0.078 -0.075 -0.063 -0.049 -0.054 -0.061 -0.06 -0.06 -0.081 -9999 -9999 -9999 -9999 -9999 -9999 -9999 -9999 -9999 -9999 -9999 -9999 -9999 -9999 -9999 -9999 -9999 -9999 -9999 -9999 -9999 -9999 -9999 -9999 -9999 -9999 -9999 -9999 -9999 -9999 -9999 -9999 -9999 -9999 -9999 -9999 -9999 -9999 -9999 -9999 -9999 -9999
-0.241 -0.226 -9999 -0.186 -0.171 -0.153 -0.144 -9999 -0.123 -0.132 -0.127 -0.118 -9999 -0.096 -0.081 -0.081 -0.064 -0.044 -0.042 -0.044 -0.049 -0.055 -0.054 -0.057 -0.059 -0.065 -9999 -0.061 -0.053 -0.051 -0.057 -0.068 -0.069 -0.072 -9999 -9999 -9999 -9999 -9999 -9999 -9999 -9999 -9999 -9999 -9999 -9999 -9999 -9999 -9999 -9999 -9999 -9999 -9999 -9999 -9999 -9999 -9999 -9999 -9999 -9999 -9999 -9999 -9999 -9999 -9999 -9999 -9999 -9999 -9999 -9999 -9999 -9999 -9999 -9999 -9999 -9999 -9999
-0.234 -9999 -9999 -0.177 -0.163 -0.153 -9999 -0.122 -0.126 -0.134 -0.125 -0.116 -9999 -0.083 -0.08 -0.079 -0.059 -0.039 -0.037 -0.038 -0.039 -0.044 -0.046 -0.048 -0.051 -0.056 -0.055 -0.054 -9999 -9999 -0.057 -0.068 -9999 -9999 -9999 -9999 -9999 -9999 -0.09 -0.092 -0.099 -9999 -9999 -9999 -9999 -9999 -9999 -9999 -9999 -9999 -9999 -9999 -9999 -9999 -9999 -9999 -9999 -9999 -9999 -9999 -9999 -9999 -9999 -9999 -9999 -9999 -9999 -9999 -9999 -9999 -9999 -9999 -9999 -9999 -9999 -9999 -9999
-9999 -9999 -0.199 -0.181 -0.169 -0.16 -9999 -0.138 -0.133 -0.121 -0.116 -0.122 -9999 -9999 -9999 -0.067 -0.049 -0.037 -0.034 -0.032 -0.033 -0.039 -0.046 -0.063 -0.062 -0.05 -0.051 -0.058 -0.051 -0.033 -0.036 -0.033 -9999 -9999 -9999 -9999 -9999 -0.08 -0.081 -0.084 -0.086 -0.083 -9999 -9999 -9999 -9999 -9999 -9999 -9999 -9999 -9999 -9999 -9999 -9999 -9999 -9999 -9999 -9999 -9999 -9999 -9999 -9999 -9999 -9999 -9999 -9999 -9999 -9999 -9999 -9999 -9999 -9999 -9999 -9999 -9999 -9999 -9999
-9999 -9999 -9999 -0.184 -0.174 -0.164 -9999 -0.143 -9999 -0.116 -0.117 -0.122 -9999 -0.072 -0.065 -0.061 -9999 -0.036 -0.032 -0.03 -0.031 -0.036 -0.049 -0.067 -0.056 -0.045 -0.05 -0.057 -0.042 -0.024 -0.019 -0.015 -0.033 -0.059 -0.047 -9999 -0.053 -0.071 -0.073 -0.074 -0.071 -0.066 -0.072 -0.077 -9999 -9999 -9999 -9999 -9999 -9999 -9999 -9999 -9999 -9999 -9999 -9999 -9999 -9999 -9999 -9999 -9999 -9999 -9999 -9999 -9999 -9999 -9999 -9999 -9999 -9999 -9999 -9999 -9999 -9999 -9999 -9999 -9999
-9999 -9999 -9999 -0.178 -0.172 -0.174 -9999 -0.164 -9999 -0.128 -0.124 -9999 -0.102 -0.077 -0.068 -0.056 -0.048 -0.053 -0.051 -0.052 -0.05 -0.043 -0.047 -0.043 -0.04 -0.053 -0.052 -0.04 -0.022 0.001 -0.0 -0.014 -0.022 -0.016 -0.012 -0.025 -0.035 -0.04 -0.045 -0.062 -0.063 -0.071 -0.079 -0.091 -0.071 -0.083 -0.092 -9999 -9999 -9999 -9999 -9999 -9999 -9999 -9999 -9999 -9999 -9999 -9999 -9999 -9999 -9999 -9999 -9999 -9999 -9999 -9999 -9999 -9999 -9999 -9999 -9999 -9999 -9999 -9999 -9999 -9999
-9999 -9999 -9999 -0.178 -0.178 -0.179 -0.175 -9999 -9999 -0.132 -0.121 -9999 -0.108 -0.077 -0.065 -0.053 -0.055 -0.059 -0.058 -0.059 -0.052 -0.044 -0.037 -0.031 -0.041 -0.052 -0.041 -0.028 -0.008 0.015 0.004 -0.009 -0.002 0.004 -0.005 -0.016 -0.019 -0.021 -0.033 -0.049 -0.056 -0.065 -0.073 -0.084 -0.075 -0.063 -0.08 -0.083 -9999 -9999 -9999 -9999 -9999 -9999 -9999 -9999 -9999 -9999 -9999 -9999 -9999 -9999 -9999 -9999 -9999 -9999 -9999 -9999 -9999 -9999 -9999 -9999 -9999 -9999 -9999 -9999 -9999
-9999 -9999 -9999 -0.188 -0.184 -0.17 -0.164 -9999 -9999 -0.138 -0.132 -9999 -9999 -0.078 -0.066 -0.049 -0.044 -0.03 -0.033 -0.05 -0.04 -0.027 -0.015 -0.001 -0.012 -0.033 -0.024 -0.018 -0.004 0.003 -0.007 -0.021 -0.014 -0.005 -0.016 -0.029 -0.025 -0.01 -0.02 -0.032 -0.041 -0.057 -0.065 -0.074 -0.063 -0.046 -0.058 -0.076 -9999 -9999 -9999 -9999 -9999 -9999 -9999 -9999 -9999 -9999 -9999 -9999 -9999 -9999 -9999 -9999 -9999 -9999 -9999 -9999 -9999 -9999 -9999 -9999 -9999 -9999 -9999 -9999 -9999
-9999 -9999 -9999 -0.194 -0.183 -0.169 -9999 -9999 -9999 -9999 -0.139 -9999 -0.106 -0.079 -0.063 -0.047 -0.033 -0.02 -0.03 -0.045 -0.033 -0.019 -0.003 0.014 -0.001 -0.021 -0.015 -0.009 -0.003 0.004 -0.006 -0.019 -0.012 -0.005 -0.015 -0.027 -0.014 0.001 -0.008 -0.019 -0.031 -0.045 -0.052 -0.061 -0.047 -0.029 -0.042 -0.059 -0.057 -9999 -9999 -9999 -9999 -9999 -9999 -9999 -9999 -9999 -9999 -9999 -9999 -9999 -9999 -9999 -9999 -9999 -9999 -9999 -9999 -9999 -9999 -9999 -9999 -9999 -9999 -9999 -9999
-9999 -0.255 -0.237 -0.221 -0.205 -9999 -9999 -0.156 -9999 -9999 -9999 -9999 -0.095 -0.058 -0.044 -0.035 -0.026 -0.027 -0.032 -0.032 -0.021 -0.014 -0.002 0.003 -0.002 0.002 0.012 0.025 0.027 0.016 0.004 -0.016 -0.007 0.007 -0.002 -0.017 -0.005 0.009 0.004 0.005 -0.007 -0.025 -0.025 -0.015 -0.004 -0.003 -0.013 -0.025 -0.036 -9999 -9999 -9999 -9999 -9999 -9999 -9999 -9999 -9999 -9999 -9999 -9999 -9999 -9999 -9999 -9999 -9999 -9999 -9999 -9999 -9999 -9999 -9999 -9999 -9999 -9999 -9999 -9999
-9999 -9999 -0.245 -0.232 -0.212 -9999 -0.171 -0.159 -0.156 -9999 -9999 -9999 -9999 -0.05 -0.04 -0.03 -0.029 -0.03 -0.027 -0.024 -0.016 -0.009 -0.003 0.002 0.011 0.016 0.029 0.043 0.036 0.026 0.011 -0.01 0.003 0.018 0.007 -0.006 0.005 0.018 0.02 0.021 0.008 -0.009 -0.0 0.011 0.013 0.015 0.007 -0.002 -0.005 -0.013 -9999 -9999 -9999 -9999 -9999 -9999 -9999 -9999 -9999 -9999 -9999 -9999 -9999 -9999 -9999 -9999 -9999 -9999 -9999 -9999 -9999 -9999 -9999 -9999 -9999 -9999 -9999
-9999 -9999 -0.248 -0.235 -0.217 -9999 -0.186 -0.181 -0.173 -9999 -9999 -9999 -9999 -9999 -0.046 -0.041 -0.033 -0.014 -0.01 -0.015 -0.006 0.002 0.009 0.015 0.019 0.009 0.016 0.015 0.018 0.039 0.029 0.026 0.032 0.023 0.019 0.023 0.028 0.022 0.028 0.043 0.034 0.026 0.035 0.042 0.04 0.027 0.021 0.014 0.022 0.012 0.01 -9999 -9999 -9999 -9999 -9999 -9999 -9999 -9999 -9999 -9999 -9999 -9999 -9999 -9999 -9999 -9999 -9999 -9999 -9999 -9999 -9999 -9999 -9999 -9999 -9999 -9999
-9999 -9999 -0.244 -0.236 -9999 -9999 -0.189 -0.188 -0.173 -0.156 -9999 -9999 -9999 -9999 -9999 -0.045 -0.026 -0.005 -0.005 -0.008 0.001 0.01 0.017 0.023 0.021 0.013 0.012 0.011 0.029 0.047 0.046 0.045 0.039 0.03 0.035 0.04 0.035 0.029 0.041 0.056 0.052 0.046 0.053 0.059 0.05 0.039 0.034 0.028 0.035 0.043 0.034 0.033 0.04 -9999 -9999 -9999 -9999 -9999 -9999 -9999 -9999 -9999 -9999 -9999 -9999 -9999 -9999 -9999 -9999 -9999 -9999 -9999 -9999 -9999 -9999 -9999 -9999
-9999 -9999 -0.241 -0.229 -9999 -9999 -0.185 -0.174 -0.16 -9999 -9999 -9999 -9999 -9999 -9999 -0.071 -0.045 -0.001 0.003 0.009 0.016 0.016 0.023 0.029 0.034 0.047 0.042 0.023 0.041 0.067 0.062 0.045 0.041 0.041 0.048 0.059 0.046 0.013 0.024 0.041 0.037 0.035 0.04 0.047 0.043 0.047 0.042 0.033 0.05 0.064 0.06 0.056 0.05 -9999 -9999 -9999 -9999 -9999 -9999 -9999 -9999 -9999 -9999 -9999 -9999 -9999 -9999 -9999 -9999 -9999 -9999 -9999 -9999 -9999 -9999 -9999 -9999
-9999 -9999 -0.234 -0.223 -9999 -9999 -9999 -0.171 -0.158 -0.143 -9999 -9999 -9999 -9999 -9999 -0.078 -0.039 0.004 0.012 0.019 0.022 0.023 0.03 0.036 0.052 0.066 0.052 0.032 0.053 0.079 0.066 0.05 0.05 0.05 0.06 0.071 0.045 0.013 0.025 0.04 0.038 0.036 0.041 0.048 0.052 0.057 0.05 0.04 0.056 0.074 0.071 0.066 0.061 -9999 -9999 -9999 -9999 -9999 -9999 -9999 -9999 -9999 -9999 -9999 -9999 -9999 -9999 -9999 -9999 -9999 -9999 -9999 -9999 -9999 -9999 -9999 -9999
-9999 -0.24 -0.231 -0.205 -9999 -9999 -9999 -9999 -9999 -9999 -9999 -9999 -9999 -9999 -9999 -0.04 -0.006 0.015 0.021 0.018 0.023 0.029 0.038 0.047 0.054 0.043 0.034 0.034 0.05 0.063 0.054 0.05 0.046 0.034 0.044 0.061 0.045 0.045 0.052 0.05 0.051 0.055 0.058 0.053 0.056 0.054 0.048 0.044 0.055 0.07 0.064 0.057 0.065 0.046 -9999 -9999 -9999 -9999 -9999 -9999 -9999 -9999 -9999 -9999 -9999 -9999 -9999 -9999 -9999 -9999 -9999 -9999 -9999 -9999 -9999 -9999 -9999
-0.244 -0.235 -0.219 -0.198 -9999 -9999 -9999 -9999 -9999 -9999 -9999 -9999 -9999 -0.078 -0.051 -0.023 0.0 0.023 0.024 0.022 0.03 0.037 0.047 0.057 0.051 0.037 0.039 0.039 0.049 0.061 0.059 0.055 0.045 0.033 0.046 0.061 0.062 0.062 0.061 0.059 0.063 0.068 0.065 0.061 0.06 0.056 0.053 0.049 0.059 0.072 0.065 0.057 0.064 0.049 -9999 -9999 -9999 -9999 -9999 -9999 -9999 -9999 -9999 -9999 -9999 -9999 -9999 -9999 -9999 -9999 -9999 -9999 -9999 -9999 -9999 -9999 -9999
-0.241 -0.227 -0.214 -9999 -9999 -9999 -9999 -9999 -9999 -9999 -9999 -9999 -9999 -0.081 -0.049 -0.021 0.0 0.016 0.024 0.035 0.048 0.067 0.071 0.06 0.055 0.05 0.055 0.062 0.064 0.052 0.051 0.056 0.051 0.054 0.062 0.06 0.059 0.056 0.057 0.064 0.07 0.079 0.078 0.079 0.074 0.062 0.063 0.071 0.077 0.075 0.081 0.081 0.067 0.061 -9999 -9999 -9999 -9999 -9999 -9999 -9999 -9999 -9999 -9999 -9999 -9999 -9999 -9999 -9999 -9999 -9999 -9999 -9999 -9999 -9999 -9999 -9999
-9999 -9999 -9999 -9999 -9999 -9999 -9999 -9999 -9999 -9999 -9999 -9999 -9999 -0.072 -0.047 -0.019 -0.002 0.015 0.031 0.045 0.065 0.083 0.075 0.063 0.063 0.059 0.068 0.075 0.065 0.053 0.056 0.061 0.064 0.067 0.066 0.065 0.062 0.058 0.064 0.071 0.079 0.088 0.089 0.089 0.079 0.067 0.074 0.082 0.08 0.079 0.084 0.092 0.079 0.06 -9999 -9999 -9999 -9999 -9999 -9999 -9999 -9999 -9999 -9999 -9999 -9999 -9999 -9999 -9999 -9999 -9999 -9999 -9999 -9999 -9999 -9999 -9999
-9999 -9999 -9999 -9999 -9999 -9999 -9999 -9999 -9999 -9999 -9999 -9999 -0.087 -0.062 -0.036 -0.012 0.005 0.019 0.027 0.014 0.038 0.076 0.071 0.071 0.071 0.066 0.072 0.073 0.069 0.074 0.074 0.068 0.07 0.069 0.072 0.083 0.078 0.065 0.075 0.095 0.1 0.099 0.096 0.084 0.071 0.051 0.058 0.07 0.081 0.086 0.08 0.079 0.07 0.056 -9999 -9999 -9999 -9999 -9999 -9999 -9999 -9999 -9999 -9999 -9999 -9999 -9999 -9999 -9999 -9999 -9999 -9999 -9999 -9999 -9999 -9999 -9999
-9999 -9999 -9999 -9999 -9999 -9999 -9999 -9999 -9999 -9999 -9999 -9999 -0.076 -0.056 -0.032 -0.008 0.008 0.022 0.014 0.001 0.035 0.072 0.077 0.079 0.077 0.073 0.077 0.077 0.081 0.086 0.081 0.075 0.075 0.074 0.083 0.094 0.084 0.072 0.088 0.108 0.109 0.107 0.097 0.084 0.068 0.048 0.057 0.068 0.078 0.091 0.085 0.076 0.067 0.05 -9999 -9999 -9999 -9999 -9999 -9999 -9999 -9999 -9999 -9999 -9999 -9999 -9999 -9999 -9999 -9999 -9999 -9999 -9999 -9999 -9999 -9999 -9999
-9999 -9999 -9999 -9999 -9999 -9999 -9999 -9999 -9999 -9999 -9999 -0.094 -0.071 -0.08 -0.062 -0.047 -0.034 -0.018 -0.017 0.0 0.027 0.043 0.049 0.055 0.066 0.094 0.094 0.082 0.089 0.102 0.103 0.114 0.107 0.084 0.093 0.105 0.095 0.082 0.092 0.092 0.094 0.101 0.091 0.082 0.069 0.06 0.064 0.064 0.066 0.073 0.074 0.068 0.062 0.051 0.045 -9999 -9999 -9999 -9999 -9999 -9999 -9999 -9999 -9999 -9999 -9999 -9999 -9999 -9999 -9999 -9999 -9999 -9999 -9999 -9999 -9999 -9999
-9999 -9999 -9999 -9999 -9999 -9999 -9999 -9999 -9999 -9999 -0.105 -0.087 -0.086 -0.092 -0.077 -0.064 -0.049 -0.034 -0.017 0.001 0.016 0.032 0.039 0.046 0.074 0.105 0.1 0.089 0.1 0.112 0.122 0.133 0.114 0.092 0.101 0.112 0.103 0.091 0.091 0.09 0.097 0.102 0.093 0.083 0.076 0.068 0.066 0.066 0.068 0.071 0.068 0.066 0.058 0.049 0.044 -9999 -9999 -9999 -9999 -9999 -9999 -9999 -9999 -9999 -9999 -9999 -9999 -9999 -9999 -9999 -9999 -9999 -9999 -9999 -9999 -9999 -9999
-9999 -9999 -9999 -9999 -9999 -9999 -9999 -9999 -9999 -9999 -0.101 -0.103 -0.1 -0.094 -0.077 -0.057 -0.04 -0.023 -0.008 0.001 0.015 0.029 0.046 0.081 0.107 0.122 0.116 0.099 0.106 0.104 0.114 0.129 0.119 0.12 0.13 0.139 0.129 0.112 0.113 0.115 0.113 0.096 0.09 0.088 0.09 0.107 0.102 0.082 0.077 0.075 0.07 0.065 0.061 0.054 0.051 -9999 -9999 -9999 -9999 -9999 -9999 -9999 -9999 -9999 -9999 -9999 -9999 -9999 -9999 -9999 -9999 -9999 -9999 -9999 -9999 -9999 -9999
-9999 -9999 -9999 -9999 -9999 -9999 -9999 -9999 -9999 -0.114 -0.111 -0.111 -0.102 -0.095 -0.074 -0.054 -0.036 -0.018 -0.008 0.001 0.015 0.028 0.06 0.096 0.112 0.127 0.118 0.103 0.102 0.1 0.114 0.13 0.133 0.135 0.144 0.153 0.14 0.125 0.128 0.129 0.115 0.099 0.097 0.095 0.108 0.124 0.108 0.088 0.083 0.077 0.072 0.066 0.062 0.057 0.054 0.041 -9999 -9999 -9999 -9999 -9999 -9999 -9999 -9999 -9999 -9999 -9999 -9999 -9999 -9999 -9999 -9999 -9999 -9999 -9999 -9999 -9999
-9999 -9999 -9999 -9999 -9999 -9999 -9999 -9999 -0.122 -9999 -0.1 -0.108 -0.091 -0.066 -0.044 -0.026 -0.004 0.018 0.021 0.002 0.022 0.052 0.075 0.082 0.096 0.103 0.104 0.124 0.119 0.099 0.111 0.125 0.124 0.119 0.129 0.147 0.142 0.147 0.148 0.136 0.126 0.12 0.12 0.123 0.132 0.132 0.11 0.072 0.077 0.077 0.066 0.057 0.062 0.063 0.063 0.047 -9999 -9999 -9999 -9999 -9999 -9999 -9999 -9999 -9999 -9999 -9999 -9999 -9999 -9999 -9999 -9999 -9999 -9999 -9999 -9999 -9999
