Validation/Results/raw data/ReClimate_01_2024_1_Temperature-Actuals.asc
NCOLS 192
NROWS 249
XLLCENTER -225160.85627316462
YLLCENTER 29788.11610251502
CELLSIZE 5000.0
NODATA_VALUE -9999
[rows 170 to 203 of 249, columns 77 to 153 of 192]
-9999 -9999 -9999 -9999 -9999 -9999 -9999 -9999 -9999 -9999 -9999 -9999 -9999 -9999 -9999 6.575 6.37 -9999 -9999 -9999 -9999 -9999 -9999 -9999 -9999 -9999 -9999 -9999 -9999 -9999 -9999 -9999 -9999 -9999 5.899 6.115 5.981 5.878 5.665 5.685 5.734 5.84 5.926 6.105 6.217 6.185 5.885 5.351 4.499 3.703 2.97 3.196 3.139 3.557 4.629 5.108 5.356 5.003 4.975 5.203 5.45 5.453 5.462 5.452 5.436 5.382 5.269 5.23 5.313 5.328 5.211 4.773 4.745 4.724 5.052 5.328 5.42
-9999 -9999 -9999 -9999 -9999 -9999 -9999 -9999 -9999 -9999 -9999 -9999 -9999 -9999 -9999 6.37 6.137 6.096 -9999 -9999 -9999 -9999 -9999 -9999 -9999 -9999 -9999 -9999 -9999 -9999 -9999 -9999 -9999 6.072 6.117 6.072 6.017 5.8 5.871 5.74 5.75 5.81 5.908 5.975 5.982 5.903 5.772 5.421 4.788 3.739 2.918 3.353 3.811 3.835 4.449 5.427 5.551 5.315 4.902 5.084 5.462 5.541 5.468 5.391 5.381 5.351 5.29 5.162 5.23 5.308 5.268 4.974 4.684 4.746 4.929 5.284 5.45
-9999 -9999 -9999 -9999 -9999 -9999 -9999 -9999 -9999 -9999 -9999 -9999 -9999 -9999 6.584 6.32 5.983 6.078 6.444 -9999 -9999 -9999 -9999 -9999 -9999 -9999 -9999 -9999 -9999 -9999 5.928 -9999 -9999 6.054 5.832 6.048 6.042 5.985 -9999 5.639 5.61 5.654 5.745 5.693 5.756 5.649 5.557 5.125 4.472 4.796 3.693 3.917 4.381 3.672 4.462 4.981 5.412 5.345 5.084 5.162 5.422 5.649 5.535 5.405 5.418 5.366 5.319 5.179 5.179 5.301 5.256 5.137 4.827 4.657 4.742 5.153 5.381
-9999 -9999 -9999 -9999 -9999 -9999 -9999 -9999 -9999 -9999 -9999 -9999 -9999 -9999 6.556 6.231 6.087 6.101 6.399 6.573 6.713 -9999 -9999 -9999 6.035 6.233 -9999 6.105 6.053 5.988 5.202 5.4 -9999 -9999 5.989 5.962 -9999 -9999 5.796 5.611 5.816 6.011 5.862 5.711 5.549 5.453 5.235 4.63 3.883 4.199 4.072 3.817 3.983 3.847 3.944 5.085 5.279 5.174 4.95 5.17 5.326 5.507 5.552 5.386 5.425 5.404 5.341 5.225 5.175 5.305 5.283 5.215 5.028 4.798 4.592 4.767 5.112
-9999 -9999 -9999 -9999 -9999 -9999 -9999 -9999 -9999 -9999 -9999 -9999 -9999 -9999 -9999 6.417 6.204 6.2 6.435 6.503 -9999 -9999 4.344 4.252 5.674 5.108 5.246 5.327 5.935 5.729 5.465 5.099 5.159 -9999 5.978 5.997 5.947 5.914 5.552 5.354 5.765 6.113 5.992 5.708 5.536 5.319 5.106 4.368 3.395 3.513 3.787 4.033 4.328 4.173 4.26 4.853 5.294 5.186 5.002 5.14 5.244 5.313 5.371 5.373 5.415 5.425 5.331 5.112 5.151 5.339 5.33 5.274 5.151 4.956 4.841 4.75 4.784
-9999 -9999 -9999 -9999 -9999 -9999 -9999 -9999 -9999 -9999 -9999 -9999 -9999 -9999 -9999 6.509 6.38 6.59 6.627 6.562 6.3 4.878 2.72 4.978 5.483 4.589 5.008 4.718 5.183 5.671 5.37 4.414 5.019 5.322 5.75 5.982 5.939 5.778 5.485 5.345 5.619 5.882 5.841 5.684 5.481 5.279 4.97 4.047 3.462 3.173 3.548 3.656 4.428 4.61 4.285 4.572 5.015 5.045 5.022 5.128 5.176 5.224 5.276 5.304 5.46 5.414 5.392 5.321 5.179 5.357 5.393 5.346 5.244 5.038 4.783 4.833 5.003
-9999 -9999 -9999 -9999 -9999 -9999 -9999 -9999 -9999 -9999 -9999 -9999 -9999 -9999 -9999 -9999 6.636 6.786 6.564 5.918 4.768 2.078 2.743 4.668 4.666 4.82 4.205 4.043 4.352 4.734 4.952 5.122 4.406 5.145 5.624 5.781 5.898 5.834 5.576 5.477 5.584 5.743 5.762 5.559 5.376 5.187 4.724 4.13 3.505 3.341 3.786 3.638 3.91 4.863 4.524 4.529 4.883 4.855 4.947 5.115 5.154 5.15 5.183 5.265 5.458 5.456 5.449 5.31 5.258 5.349 5.409 5.386 5.269 5.147 5.068 4.995 5.076
-9999 -9999 -9999 -9999 -9999 -9999 -9999 -9999 -9999 -9999 -9999 -9999 -9999 -9999 -9999 -9999 -9999 -9999 5.969 4.851 3.564 2.887 3.308 4.902 5.13 4.364 3.634 3.461 3.564 4.5 5.331 4.909 4.194 4.752 5.417 5.697 5.935 5.828 5.601 5.406 5.523 5.625 5.601 5.509 5.334 4.998 4.388 4.032 3.818 3.384 3.713 3.617 3.571 4.197 4.854 4.733 5.089 4.924 4.744 4.977 5.11 5.203 5.218 5.304 5.442 5.469 5.459 5.434 5.242 5.316 5.361 5.352 5.308 5.244 5.223 5.18 5.112
-9999 -9999 -9999 -9999 -9999 -9999 -9999 -9999 -9999 -9999 -9999 -9999 -9999 -9999 -9999 -9999 -9999 6.53 5.532 4.842 4.374 3.355 4.462 5.127 4.725 4.522 3.83 3.291 3.698 3.862 4.743 4.519 3.903 4.269 4.935 5.709 5.85 5.808 5.461 5.288 5.393 5.522 5.546 5.45 5.177 4.647 4.393 4.491 4.053 3.518 3.824 3.915 4.059 4.272 4.444 4.933 5.033 4.977 4.931 4.935 5.111 5.076 5.254 5.379 5.454 5.457 5.45 5.217 5.205 5.305 5.383 5.35 5.333 5.316 5.305 5.254 5.199
-9999 -9999 -9999 -9999 -9999 -9999 -9999 -9999 -9999 -9999 -9999 -9999 -9999 -9999 -9999 -9999 6.455 4.76 5.316 4.86 4.266 4.433 3.176 3.61 4.017 3.902 3.273 3.803 3.61 4.152 4.607 3.815 3.395 4.117 4.953 5.681 5.91 5.773 5.369 5.373 5.481 5.497 5.506 5.285 4.903 4.824 4.687 4.228 3.926 3.765 3.675 4.241 4.471 4.681 4.864 4.876 5.198 5.105 5.157 5.169 5.204 5.363 5.177 5.372 5.467 5.415 5.38 5.17 5.073 5.306 5.359 5.371 5.357 5.349 5.332 5.329 5.341
-9999 -9999 -9999 -9999 -9999 -9999 -9999 -9999 -9999 -9999 -9999 -9999 -9999 -9999 -9999 6.301 4.89 5.616 5.676 5.292 5.356 4.583 4.269 3.907 3.476 3.179 3.263 3.43 3.692 4.471 4.023 4.052 4.746 4.952 5.462 5.582 5.793 5.632 5.411 5.403 5.403 5.441 5.242 4.898 4.981 4.91 4.708 4.211 4.171 4.625 4.512 4.462 4.719 4.858 5.002 5.046 5.094 5.278 5.35 5.514 5.572 5.602 5.54 5.381 5.413 5.389 5.343 5.149 5.071 5.31 5.374 5.346 5.35 5.328 5.35 5.357 5.379
-9999 -9999 -9999 -9999 -9999 -9999 -9999 -9999 -9999 -9999 -9999 -9999 -9999 6.117 6.302 5.955 6.065 6.302 6.275 5.903 6.054 5.637 4.866 4.078 3.354 2.475 3.866 3.995 4.45 4.36 3.491 3.759 4.225 5.034 5.319 5.428 5.533 5.454 5.328 5.253 5.331 5.259 5.012 4.874 4.798 5.023 4.731 4.395 4.51 4.685 4.85 4.9 4.944 5.092 5.324 5.444 5.303 5.348 5.653 5.826 5.85 5.686 5.569 5.48 5.396 5.302 5.284 5.058 4.976 5.24 5.375 5.354 5.317 5.309 5.335 5.343 -9999
-9999 -9999 -9999 -9999 -9999 -9999 -9999 -9999 -9999 -9999 -9999 -9999 5.967 6.029 6.075 6.287 -9999 -9999 -9999 -9999 5.43 4.522 4.303 3.976 3.117 4.002 4.094 3.48 3.93 3.311 2.075 2.932 3.897 4.35 5.08 5.479 5.416 5.342 5.3 5.285 5.279 5.211 5.018 4.922 4.813 4.942 4.783 4.73 4.748 4.835 5.066 5.145 5.167 5.357 5.44 5.651 5.697 5.61 5.732 5.855 5.781 5.647 5.507 5.377 5.217 5.128 5.119 5.031 4.938 5.103 5.314 5.373 5.334 5.295 5.322 5.333 5.362
-9999 -9999 -9999 -9999 -9999 -9999 -9999 -9999 -9999 -9999 -9999 -9999 5.973 5.87 6.426 -9999 -9999 -9999 -9999 -9999 5.204 4.5 4.051 4.279 3.586 3.725 3.313 2.808 3.02 2.661 2.71 4.14 4.199 4.764 5.318 5.516 5.437 5.346 5.243 5.086 5.063 5.149 5.051 4.931 4.931 4.857 4.969 4.934 5.02 4.847 4.843 4.959 5.18 5.396 5.492 5.58 5.578 5.602 5.611 5.607 5.531 5.304 5.277 5.04 4.835 4.778 4.902 4.963 4.962 5.098 5.277 5.41 5.4 5.37 5.348 5.327 5.324
-9999 -9999 -9999 -9999 -9999 -9999 -9999 -9999 -9999 -9999 -9999 -9999 -9999 -9999 6.585 -9999 -9999 -9999 -9999 -9999 5.11 4.338 4.66 4.342 4.001 3.981 2.759 3.03 3.858 3.099 3.942 4.252 4.508 5.139 5.506 5.559 5.316 5.285 5.14 5.043 5.209 5.189 5.164 5.112 4.978 5.005 5.091 5.174 5.106 5.095 5.014 4.935 5.155 5.231 5.071 5.196 5.336 5.362 5.519 5.45 5.212 4.913 4.772 4.922 4.769 4.67 4.731 4.868 4.948 5.087 5.28 5.441 5.451 5.43 5.414 5.378 5.395
-9999 -9999 -9999 -9999 -9999 -9999 -9999 -9999 -9999 -9999 -9999 -9999 -9999 -9999 -9999 -9999 -9999 -9999 -9999 -9999 5.518 4.956 5.849 5.05 4.292 3.109 3.339 3.408 3.337 4.092 4.176 4.319 5.201 5.454 5.675 5.539 5.435 5.306 5.286 5.299 5.352 5.361 5.297 5.201 5.132 5.08 5.143 5.111 4.943 5.163 5.305 5.23 5.146 5.266 5.015 4.846 5.069 5.034 5.218 5.41 5.184 5.01 4.843 4.829 4.936 4.812 4.743 4.894 5.04 5.149 5.3 5.464 5.472 5.458 5.448 5.449 5.475
-9999 -9999 -9999 -9999 -9999 -9999 -9999 -9999 -9999 -9999 -9999 -9999 -9999 -9999 -9999 -9999 -9999 -9999 -9999 -9999 -9999 5.625 4.333 3.849 3.793 4.084 3.987 3.671 4.325 4.372 4.782 5.252 5.113 5.598 5.569 5.255 5.273 5.323 5.436 5.514 5.48 5.383 5.325 5.108 5.035 5.054 5.158 4.989 4.769 4.915 5.25 5.344 5.284 5.197 5.139 4.968 4.885 4.705 4.741 5.244 5.323 5.06 4.842 4.622 4.649 4.87 4.841 4.946 5.124 5.305 5.375 5.483 5.489 5.473 5.476 5.495 5.521
-9999 -9999 -9999 -9999 -9999 -9999 -9999 -9999 -9999 -9999 -9999 -9999 -9999 -9999 -9999 -9999 -9999 -9999 -9999 -9999 5.57 5.031 4.476 3.523 4.445 4.533 3.948 4.271 4.329 4.313 5.223 5.127 5.107 5.37 4.398 5.026 5.333 5.343 5.262 5.435 5.235 4.828 4.826 5.027 5.156 5.071 5.161 5.076 4.969 4.973 5.206 5.321 5.331 5.258 5.119 5.067 4.916 4.889 4.926 5.186 5.264 5.028 4.725 4.476 4.476 4.784 5.007 5.072 5.243 5.383 5.457 5.501 5.523 5.509 5.491 5.512 5.557
-9999 -9999 -9999 -9999 -9999 -9999 -9999 -9999 -9999 -9999 -9999 -9999 -9999 -9999 -9999 -9999 -9999 -9999 -9999 -9999 5.79 5.293 3.556 4.973 5.441 4.734 4.535 4.211 3.687 4.368 5.159 5.095 5.388 4.994 5.05 5.078 4.947 4.926 5.305 5.233 4.951 4.871 4.929 5.24 5.16 5.06 5.141 5.091 5.18 5.188 5.233 5.316 5.336 5.323 5.249 5.152 5.062 4.909 5.052 5.226 5.131 4.807 4.473 4.46 4.504 4.638 4.937 5.172 5.232 5.383 5.414 5.447 5.535 5.568 5.559 5.562 5.618
-9999 -9999 -9999 -9999 -9999 -9999 -9999 -9999 -9999 -9999 -9999 -9999 -9999 -9999 -9999 -9999 -9999 -9999 -9999 -9999 5.671 4.921 5.729 5.46 5.135 4.796 4.289 3.44 3.806 4.117 4.853 5.135 5.496 5.357 5.007 4.451 4.126 4.302 4.932 4.716 4.88 4.843 5.119 5.374 5.205 5.154 5.174 5.221 5.313 5.187 5.149 5.292 5.349 5.169 5.249 5.256 5.158 5.073 5.139 5.21 5.048 4.785 4.604 4.552 4.701 4.87 5.056 5.128 5.219 5.325 5.495 5.447 5.543 5.598 5.617 5.642 5.665
-9999 -9999 -9999 -9999 -9999 -9999 -9999 -9999 -9999 -9999 -9999 -9999 -9999 -9999 -9999 -9999 -9999 -9999 -9999 -9999 -9999 6.242 5.021 4.283 3.61 3.555 3.625 3.972 4.364 5.104 5.277 5.434 5.274 5.172 4.978 4.642 4.286 4.244 4.519 4.813 4.803 4.707 5.1 5.376 5.204 5.351 5.306 5.202 5.497 5.506 5.325 5.369 5.442 5.179 5.022 5.259 5.178 5.107 5.152 5.138 4.941 4.815 4.829 4.932 4.935 5.05 5.099 5.096 5.235 5.369 5.432 5.465 5.572 5.634 5.63 5.645 5.675
-9999 -9999 -9999 -9999 -9999 -9999 -9999 -9999 -9999 -9999 -9999 -9999 -9999 -9999 -9999 -9999 -9999 -9999 -9999 -9999 -9999 5.456 4.329 3.532 2.933 2.833 3.356 4.288 5.038 5.193 4.845 4.295 3.916 3.956 4.54 4.897 4.46 4.442 4.657 4.832 4.353 4.631 4.998 5.165 5.199 5.437 5.363 5.417 5.293 5.415 5.48 5.432 5.508 5.351 5.148 5.251 5.254 5.042 4.956 4.925 4.795 4.776 4.922 4.84 4.87 4.901 5.069 5.02 5.173 5.326 5.314 5.423 5.573 5.614 5.598 5.572 5.544
-9999 -9999 -9999 -9999 -9999 -9999 -9999 -9999 -9999 -9999 -9999 -9999 -9999 -9999 -9999 -9999 -9999 -9999 -9999 -9999 6.154 5.376 4.312 3.506 3.098 3.396 3.931 4.428 4.061 3.35 3.704 3.568 3.626 4.401 4.787 4.64 4.568 4.786 4.913 4.498 4.39 4.501 4.876 5.107 5.209 5.529 5.43 5.212 5.337 5.135 5.267 5.255 5.342 5.348 5.289 5.397 5.31 5.147 5.061 4.902 4.842 4.679 4.788 4.822 4.841 4.943 4.986 5.137 5.236 5.258 5.242 5.39 5.592 5.583 5.584 5.555 5.489
-9999 -9999 -9999 -9999 -9999 -9999 -9999 -9999 -9999 -9999 -9999 -9999 -9999 -9999 -9999 -9999 -9999 -9999 -9999 -9999 5.778 5.065 4.626 4.256 3.721 3.132 3.552 3.732 3.333 3.552 3.308 3.176 3.643 4.395 4.065 4.145 4.809 4.595 5.012 4.65 4.335 4.307 5.039 5.084 5.545 5.609 5.411 5.269 4.788 4.994 5.032 5.109 5.12 5.222 5.321 5.398 5.382 5.277 5.213 5.161 4.869 4.729 4.658 4.705 4.807 5.085 5.162 5.231 5.28 5.233 5.218 5.361 5.466 5.538 5.539 5.564 5.506
-9999 -9999 -9999 -9999 -9999 -9999 -9999 -9999 -9999 -9999 -9999 -9999 -9999 -9999 -9999 -9999 -9999 -9999 -9999 -9999 5.31 5.378 5.43 4.668 3.543 3.009 3.497 3.603 3.853 3.464 3.561 3.761 4.002 3.923 4.093 4.806 4.834 4.88 4.5 4.909 4.727 5.001 4.985 5.095 5.514 5.681 5.513 5.09 5.109 4.978 4.937 5.008 5.042 5.194 5.279 5.263 5.231 5.2 5.225 5.14 4.898 4.699 4.817 4.949 4.864 5.073 5.177 5.316 5.306 5.217 5.318 5.462 5.53 5.579 5.642 5.617 5.607
-9999 -9999 -9999 -9999 -9999 -9999 -9999 -9999 -9999 -9999 -9999 -9999 -9999 -9999 -9999 -9999 -9999 -9999 -9999 5.551 5.266 4.804 4.866 4.569 3.523 3.416 3.108 3.622 4.306 4.242 4.313 3.957 3.895 4.336 4.381 4.424 4.843 4.781 5.144 5.261 5.257 5.186 5.051 5.348 5.587 5.623 5.566 5.441 5.272 5.247 5.114 5.115 5.088 5.166 5.286 5.262 5.247 5.304 5.23 5.06 4.923 4.848 5.026 5.142 5.114 5.102 5.315 5.258 5.295 5.226 5.237 5.407 5.541 5.552 5.603 5.614 5.639
-9999 -9999 -9999 -9999 -9999 -9999 -9999 -9999 -9999 -9999 -9999 -9999 -9999 -9999 -9999 -9999 -9999 -9999 5.331 5.257 4.732 5.057 5.038 3.864 3.207 3.1 3.422 3.915 4.364 4.144 4.241 3.957 3.484 4.244 4.211 4.885 5.116 5.316 5.314 5.164 4.976 5.035 4.985 5.401 5.508 5.766 5.735 5.562 5.426 5.364 5.354 5.202 5.175 5.299 5.366 5.278 5.212 5.2 5.156 5.018 4.957 4.953 5.085 5.275 5.34 5.387 5.244 5.169 5.164 5.198 5.248 5.397 5.431 5.387 5.375 5.442 5.561
-9999 -9999 -9999 -9999 -9999 -9999 -9999 -9999 -9999 -9999 -9999 -9999 -9999 -9999 -9999 -9999 4.962 5.077 4.983 5.552 5.485 5.305 4.585 3.544 3.153 3.073 2.961 3.741 4.065 4.519 4.217 3.698 3.726 4.33 4.841 5.015 5.374 5.42 5.385 4.967 4.817 4.849 5.232 5.639 5.78 5.81 5.737 5.568 5.494 5.501 5.469 5.302 5.312 5.365 5.46 5.199 5.089 4.964 4.813 4.825 4.88 5.078 5.183 5.265 5.19 5.28 5.256 5.241 5.199 5.204 5.288 5.448 5.526 5.31 5.233 5.299 5.503
-9999 -9999 -9999 -9999 -9999 -9999 -9999 -9999 -9999 -9999 -9999 -9999 -9999 -9999 -9999 4.95 4.801 4.493 4.881 5.267 5.193 4.895 3.828 3.791 3.375 3.302 3.655 4.287 4.775 4.664 4.536 4.011 3.475 4.12 4.689 5.194 5.254 5.306 5.026 5.151 4.898 4.95 5.417 5.715 5.939 5.935 5.692 5.679 5.49 5.495 5.559 5.448 5.37 5.348 5.229 5.233 5.025 5.003 4.889 4.679 4.689 4.802 4.992 5.089 5.084 5.158 5.298 5.218 5.399 5.447 5.456 5.522 5.467 5.326 5.205 5.319 5.504
-9999 -9999 -9999 -9999 -9999 -9999 -9999 -9999 -9999 -9999 -9999 -9999 6.331 5.804 5.401 5.136 4.637 4.638 4.883 5.273 5.209 4.116 4.06 4.05 4.426 3.637 4.304 4.433 3.999 4.545 4.762 3.358 4.022 4.641 5.489 5.495 5.313 4.813 5.505 5.349 5.258 5.263 5.318 5.674 5.877 5.979 5.846 5.793 5.606 5.467 5.568 5.533 5.506 5.336 5.198 4.87 4.999 5.071 5.035 4.835 4.792 4.882 5.027 5.164 5.128 5.191 5.236 5.37 5.446 5.556 5.495 5.522 5.541 5.432 5.428 5.458 5.524
-9999 -9999 -9999 -9999 -9999 -9999 -9999 -9999 -9999 -9999 5.759 5.954 5.985 5.802 5.633 5.227 5.271 5.087 5.389 5.129 4.108 4.533 4.534 4.627 4.827 4.257 3.997 3.197 3.752 4.169 4.069 4.413 4.841 5.375 4.749 5.031 5.317 5.516 5.627 5.59 5.477 5.47 5.598 5.542 5.811 6.058 5.979 5.875 5.75 5.665 5.638 5.379 5.488 5.5 5.209 5.0 4.832 5.067 5.039 4.861 4.774 4.811 4.933 5.192 5.327 5.365 5.321 5.29 5.469 5.437 5.365 5.443 5.545 5.525 5.487 5.46 5.426
-9999 -9999 -9999 -9999 -9999 -9999 5.785 5.77 5.77 5.769 5.257 5.945 5.745 5.783 5.523 5.234 5.26 5.293 5.259 4.456 4.724 5.026 4.578 5.109 4.861 4.342 3.411 3.609 3.981 4.217 4.15 4.828 5.287 4.126 4.232 5.003 5.083 5.527 5.565 5.641 5.511 5.295 5.528 5.411 5.982 6.076 6.016 5.77 5.621 5.668 5.112 5.274 5.408 5.485 5.206 4.877 4.901 5.025 5.028 5.001 4.923 4.926 4.996 5.2 5.299 5.373 5.407 5.281 5.291 5.375 5.367 5.512 5.626 5.504 5.196 5.154 5.086
-9999 -9999 -9999 -9999 -9999 6.186 5.787 5.78 5.647 4.806 4.554 4.753 5.07 5.412 4.867 4.727 4.906 4.94 4.624 5.042 5.07 4.714 5.206 5.42 4.997 4.301 3.79 4.041 4.222 4.212 4.523 4.94 3.933 2.781 4.044 4.801 5.365 5.318 5.483 5.328 5.411 5.568 5.624 5.871 5.994 6.011 6.027 5.765 5.522 5.153 4.82 4.629 5.182 5.344 4.889 4.745 4.86 5.019 5.09 5.022 5.026 5.034 5.16 5.143 5.185 5.282 5.178 5.099 5.239 5.327 5.377 5.506 5.561 5.348 5.086 4.921 4.957
-9999 -9999 -9999 -9999 6.515 5.948 5.698 5.701 5.304 4.774 4.897 5.173 5.457 5.007 4.914 4.857 5.31 4.822 4.727 5.096 5.103 5.274 5.784 5.333 4.503 4.051 4.29 4.466 4.39 4.844 4.906 4.602 3.204 3.348 4.107 5.366 5.225 5.366 5.26 5.602 5.688 5.597 5.762 5.878 5.999 6.035 6.128 5.875 5.542 5.056 4.604 4.706 5.005 5.089 4.822 4.527 4.769 4.985 5.044 5.117 5.108 5.156 5.177 5.185 5.061 5.125 5.227 5.115 5.158 5.115 4.993 5.23 5.421 5.27 5.056 5.035 5.054
