Validation/Results/raw data/ReClimate_01_2024_2.asc
NCOLS 192
NROWS 249
XLLCENTER -225160.85627316462
YLLCENTER 29788.11610251502
CELLSIZE 5000.0
NODATA_VALUE -9999
[rows 66 to 98 of 249, columns 74 to 147 of 192]
-9999 -9999 -9999 -9999 -9999 -9999 -9999 -9999 -9999 -9999 -9999 95.386 -9999 98.284 97.358 98.601 99.418 99.752 99.609 99.777 100.126 99.743 98.883 99.847 100.933 100.504 100.509 100.008 100.035 99.951 99.643 100.327 -9999 -9999 -9999 -9999 -9999 -9999 -9999 -9999 -9999 -9999 -9999 -9999 -9999 -9999 -9999 -9999 -9999 -9999 -9999 -9999 -9999 -9999 -9999 -9999 -9999 -9999 -9999 -9999 -9999 -9999 -9999 -9999 -9999 -9999 -9999 -9999 -9999 -9999 -9999 -9999 -9999 -9999
-9999 -9999 -9999 -9999 -9999 -9999 -9999 -9999 -9999 -9999 -9999 -9999 98.38 97.949 98.055 98.999 100.381 100.328 100.372 100.721 101.164 100.409 99.566 100.363 100.995 101.097 101.358 101.49 101.801 101.438 -9999 -9999 -9999 -9999 -9999 -9999 -9999 -9999 -9999 -9999 -9999 -9999 -9999 -9999 -9999 -9999 -9999 -9999 -9999 -9999 -9999 -9999 -9999 -9999 -9999 -9999 -9999 -9999 -9999 -9999 -9999 -9999 -9999 -9999 -9999 -9999 -9999 -9999 -9999 -9999 -9999 -9999 -9999 -9999
-9999 -9999 -9999 -9999 -9999 -9999 -9999 -9999 -9999 -9999 -9999 -9999 98.762 98.965 99.129 99.539 98.745 98.996 99.593 99.819 99.808 99.57 100.075 100.36 100.251 100.278 99.988 100.363 100.932 100.724 -9999 -9999 -9999 -9999 -9999 -9999 -9999 -9999 -9999 -9999 -9999 -9999 -9999 -9999 -9999 -9999 -9999 -9999 -9999 -9999 -9999 -9999 -9999 -9999 -9999 -9999 -9999 -9999 -9999 -9999 -9999 -9999 -9999 -9999 -9999 -9999 -9999 -9999 -9999 -9999 -9999 -9999 -9999 -9999
-9999 -9999 -9999 -9999 -9999 -9999 -9999 -9999 -9999 -9999 -9999 -9999 -9999 -9999 99.279 98.721 98.311 98.659 98.762 98.601 98.184 99.177 101.119 101.029 100.932 100.865 101.074 101.16 -9999 -9999 -9999 -9999 -9999 -9999 -9999 -9999 -9999 -9999 -9999 -9999 -9999 -9999 -9999 -9999 -9999 -9999 -9999 -9999 -9999 -9999 -9999 -9999 -9999 -9999 -9999 -9999 -9999 -9999 -9999 -9999 -9999 -9999 -9999 -9999 -9999 -9999 -9999 -9999 -9999 -9999 -9999 -9999 -9999 -9999
-9999 -9999 -9999 -9999 -9999 -9999 -9999 -9999 92.558 -9999 -9999 93.892 100.825 99.808 97.735 97.986 99.194 99.345 99.595 99.269 98.966 99.97 99.991 99.818 99.486 99.976 100.989 99.793 -9999 -9999 -9999 -9999 -9999 -9999 -9999 -9999 -9999 -9999 -9999 -9999 -9999 -9999 -9999 -9999 -9999 -9999 -9999 -9999 -9999 -9999 -9999 -9999 -9999 -9999 -9999 -9999 -9999 -9999 -9999 -9999 -9999 -9999 -9999 -9999 -9999 -9999 -9999 -9999 -9999 -9999 -9999 -9999 -9999 -9999
-9999 -9999 -9999 -9999 -9999 -9999 91.376 91.196 93.604 91.067 89.707 94.794 98.817 97.056 95.202 96.309 97.588 97.54 97.068 96.889 96.82 96.263 94.749 95.75 98.858 100.173 102.29 99.843 -9999 -9999 -9999 -9999 -9999 -9999 -9999 -9999 -9999 -9999 -9999 -9999 -9999 -9999 -9999 -9999 -9999 -9999 -9999 -9999 -9999 -9999 -9999 -9999 -9999 -9999 -9999 -9999 -9999 -9999 -9999 -9999 -9999 -9999 -9999 -9999 -9999 -9999 -9999 -9999 -9999 -9999 -9999 -9999 -9999 -9999
-9999 -9999 -9999 -9999 -9999 -9999 91.184 93.932 -9999 95.294 95.209 97.419 97.787 97.255 98.347 98.767 98.133 98.194 98.992 98.659 97.863 97.4 98.227 100.288 101.533 102.569 102.438 -9999 97.379 -9999 -9999 -9999 -9999 -9999 -9999 -9999 -9999 -9999 -9999 -9999 -9999 -9999 -9999 -9999 -9999 -9999 -9999 -9999 -9999 -9999 -9999 -9999 -9999 -9999 -9999 -9999 -9999 -9999 -9999 -9999 -9999 -9999 -9999 -9999 -9999 -9999 -9999 -9999 -9999 -9999 -9999 -9999 -9999 -9999
-9999 -9999 -9999 -9999 -9999 -9999 -9999 97.055 97.96 97.631 96.873 96.924 96.536 97.623 98.995 98.845 99.299 100.352 102.048 101.031 99.408 100.02 100.515 101.779 103.439 103.329 103.209 101.629 100.809 -9999 -9999 -9999 -9999 -9999 -9999 -9999 -9999 -9999 -9999 -9999 -9999 -9999 -9999 -9999 -9999 -9999 -9999 -9999 -9999 -9999 -9999 -9999 -9999 -9999 -9999 -9999 -9999 -9999 -9999 -9999 -9999 -9999 -9999 -9999 -9999 -9999 -9999 -9999 -9999 -9999 -9999 -9999 -9999 -9999
93.289 -9999 -9999 -9999 -9999 -9999 -9999 -9999 98.92 98.271 97.584 97.775 98.787 99.575 99.773 100.319 101.138 101.199 99.045 98.364 98.755 99.254 99.898 100.983 101.603 101.631 101.867 100.912 100.17 -9999 -9999 -9999 -9999 -9999 -9999 -9999 -9999 -9999 -9999 -9999 -9999 -9999 -9999 -9999 -9999 -9999 -9999 -9999 -9999 -9999 -9999 -9999 -9999 -9999 -9999 -9999 -9999 -9999 -9999 -9999 -9999 -9999 -9999 -9999 -9999 -9999 -9999 -9999 -9999 -9999 -9999 -9999 -9999 -9999
95.676 -9999 -9999 -9999 -9999 -9999 97.62 99.272 98.526 97.483 97.348 97.962 98.196 98.672 99.641 100.594 101.995 100.579 99.748 99.811 99.438 100.179 101.262 101.817 102.438 102.316 -9999 100.538 -9999 -9999 -9999 -9999 -9999 -9999 101.253 100.307 100.622 -9999 -9999 -9999 -9999 -9999 -9999 -9999 -9999 -9999 -9999 -9999 -9999 -9999 -9999 -9999 -9999 -9999 -9999 -9999 -9999 -9999 -9999 -9999 -9999 -9999 -9999 -9999 -9999 -9999 -9999 -9999 -9999 -9999 -9999 -9999 -9999 -9999
98.545 94.529 -9999 -9999 -9999 -9999 -9999 99.207 98.888 98.991 99.336 98.51 96.707 97.642 98.78 99.853 100.774 99.85 98.527 98.544 99.094 99.711 99.869 100.824 102.512 102.344 102.776 -9999 -9999 -9999 -9999 101.587 101.834 101.636 101.117 101.285 101.772 102.076 102.071 101.972 101.951 102.323 102.639 101.955 101.378 101.732 101.991 102.005 101.997 101.989 101.978 101.906 101.778 -9999 -9999 -9999 -9999 -9999 -9999 -9999 -9999 -9999 -9999 -9999 -9999 -9999 -9999 -9999 -9999 -9999 -9999 -9999 -9999 -9999
97.702 94.07 -9999 -9999 -9999 98.194 -9999 99.863 99.417 99.021 97.223 96.925 98.577 99.294 99.629 100.258 100.652 99.244 97.304 98.57 101.18 101.501 102.133 102.814 102.314 102.648 -9999 -9999 -9999 -9999 101.631 102.142 101.925 101.696 101.832 101.76 100.833 100.988 101.415 101.285 100.963 101.201 101.361 100.562 99.344 99.892 100.916 101.216 102.038 102.031 102.022 101.727 101.674 -9999 -9999 -9999 -9999 -9999 -9999 -9999 -9999 -9999 -9999 -9999 -9999 -9999 -9999 -9999 -9999 -9999 -9999 -9999 -9999 -9999
97.543 95.333 -9999 -9999 -9999 99.421 100.556 100.362 100.3 98.814 97.136 98.566 99.995 100.011 100.283 100.3 99.791 99.011 99.579 101.048 101.383 101.55 101.126 101.061 101.569 -9999 -9999 102.472 101.861 102.144 102.187 102.11 102.125 102.175 102.124 101.69 101.799 101.938 101.723 101.399 100.973 100.981 100.783 100.058 99.78 100.354 100.492 101.223 102.065 102.059 102.053 102.328 101.403 101.764 -9999 -9999 -9999 -9999 -9999 -9999 -9999 -9999 -9999 -9999 -9999 -9999 -9999 -9999 -9999 -9999 -9999 -9999 -9999 -9999
98.765 98.49 -9999 100.304 -9999 99.271 98.839 98.858 98.993 98.532 99.585 100.254 99.798 99.77 99.317 98.701 97.748 98.503 99.717 99.378 98.013 98.652 100.931 101.35 101.769 -9999 102.626 102.335 96.859 98.324 102.17 102.176 102.172 101.612 100.181 100.766 102.189 102.077 102.073 101.208 99.464 99.677 100.526 100.278 99.992 100.319 101.014 101.808 102.791 102.436 101.48 102.043 101.605 101.113 -9999 -9999 -9999 -9999 -9999 -9999 -9999 -9999 -9999 -9999 -9999 -9999 -9999 -9999 -9999 -9999 -9999 -9999 -9999 -9999
99.151 -9999 99.592 -9999 -9999 -9999 98.087 98.58 99.691 99.697 98.269 98.473 99.443 99.414 99.849 99.271 99.731 100.266 100.011 98.277 95.521 97.934 101.243 101.767 102.588 102.414 102.488 100.635 101.267 102.952 102.168 102.164 102.16 101.362 101.189 101.979 102.145 102.141 102.138 100.767 99.479 99.994 100.21 100.154 100.4 100.854 101.122 101.73 102.015 101.485 101.37 101.787 101.462 101.024 -9999 -9999 -9999 -9999 -9999 -9999 -9999 -9999 -9999 -9999 -9999 -9999 -9999 -9999 -9999 -9999 -9999 -9999 -9999 -9999
97.082 97.335 -9999 -9999 -9999 -9999 99.296 100.406 101.816 -9999 98.186 98.816 99.155 99.658 100.122 100.688 101.554 101.358 101.169 99.242 97.868 98.911 97.158 98.651 101.504 100.916 99.619 100.024 100.239 100.427 102.0 102.048 102.172 102.155 102.347 101.817 100.164 99.56 97.936 97.627 98.575 98.599 98.367 99.041 100.524 100.778 101.097 101.436 101.959 101.904 101.911 102.173 102.154 101.686 -9999 -9999 -9999 -9999 -9999 -9999 -9999 -9999 -9999 -9999 -9999 -9999 -9999 -9999 -9999 -9999 -9999 -9999 -9999 -9999
98.906 99.091 -9999 -9999 -9999 98.105 -9999 -9999 100.619 99.445 99.197 99.617 100.262 100.619 100.742 101.287 101.544 100.884 99.376 98.765 99.007 98.538 99.685 100.982 100.517 100.306 101.522 100.763 98.434 100.062 102.257 102.286 102.184 102.152 101.802 100.887 100.707 99.78 99.524 100.272 100.982 100.439 99.294 100.327 101.068 101.297 101.475 101.729 101.692 101.578 101.254 101.595 101.875 -9999 -9999 -9999 -9999 -9999 -9999 -9999 -9999 -9999 -9999 -9999 -9999 -9999 -9999 -9999 -9999 -9999 -9999 -9999 -9999 -9999
98.707 98.503 98.451 95.927 -9999 -9999 -9999 100.127 98.155 -9999 98.681 99.393 100.393 100.505 100.627 100.971 101.486 99.971 98.257 98.271 97.966 99.402 101.642 99.704 95.16 97.17 100.877 99.766 99.991 101.711 103.3 102.966 102.2 101.974 101.842 101.623 101.285 101.131 101.072 101.627 102.144 101.374 100.878 101.168 100.925 101.289 102.029 101.903 101.61 101.573 101.919 101.801 -9999 -9999 -9999 -9999 -9999 -9999 -9999 -9999 -9999 -9999 -9999 -9999 -9999 -9999 -9999 -9999 -9999 -9999 -9999 -9999 -9999 -9999
98.157 98.641 99.993 97.356 -9999 95.766 97.363 99.56 99.376 99.811 100.309 100.661 100.221 100.323 100.423 100.774 100.893 99.903 99.607 99.498 99.619 100.78 100.782 98.6 99.0 100.57 99.67 100.163 101.172 101.749 101.105 101.114 102.19 102.03 101.769 101.333 100.627 100.955 101.921 102.188 102.194 101.95 101.98 101.751 101.467 101.941 102.198 102.009 101.903 102.164 102.391 102.21 -9999 -9999 -9999 -9999 -9999 -9999 -9999 -9999 -9999 -9999 -9999 -9999 -9999 -9999 -9999 -9999 -9999 -9999 -9999 -9999 -9999 -9999
99.45 100.526 101.536 100.147 99.962 99.442 100.408 -9999 99.116 99.068 98.254 98.311 99.059 99.231 99.547 99.814 100.287 99.961 99.491 99.923 100.897 100.279 98.617 98.645 98.157 97.547 97.143 98.312 100.056 99.538 99.036 100.285 102.154 100.78 97.432 98.326 101.711 102.206 102.205 102.208 102.208 102.28 102.433 102.324 102.425 102.465 102.217 102.165 102.169 102.288 102.294 -9999 -9999 -9999 -9999 -9999 -9999 -9999 -9999 -9999 -9999 -9999 -9999 -9999 -9999 -9999 -9999 -9999 -9999 -9999 -9999 -9999 -9999 -9999
98.594 -9999 -9999 -9999 100.69 100.658 -9999 99.928 99.349 98.994 99.161 99.792 100.438 100.568 100.475 100.516 99.972 99.784 99.925 100.466 100.555 99.825 100.155 99.906 99.901 99.882 100.38 101.236 101.117 100.68 100.196 101.439 102.197 100.42 100.257 102.059 102.222 102.222 102.222 102.222 102.223 102.367 102.545 102.533 102.361 102.235 102.236 102.241 102.246 102.253 102.257 -9999 -9999 -9999 -9999 -9999 -9999 -9999 -9999 -9999 -9999 -9999 -9999 -9999 -9999 -9999 -9999 -9999 -9999 -9999 -9999 -9999 -9999 -9999
-9999 -9999 -9999 101.305 101.358 -9999 96.845 99.606 -9999 99.21 100.333 100.814 101.199 101.206 101.347 100.763 99.952 99.999 99.92 99.315 97.567 97.186 95.708 96.578 98.91 99.967 102.107 102.408 103.372 101.31 96.425 95.996 93.793 95.272 99.482 100.278 102.189 102.071 101.754 101.999 102.658 102.648 102.374 102.003 101.235 101.475 102.125 101.848 101.086 101.404 102.263 -9999 -9999 -9999 -9999 -9999 -9999 -9999 -9999 -9999 -9999 -9999 -9999 -9999 -9999 -9999 -9999 -9999 -9999 -9999 -9999 -9999 -9999 -9999
-9999 -9999 -9999 99.762 -9999 -9999 96.526 99.204 99.359 99.849 99.605 99.755 99.62 100.044 100.977 100.211 99.286 99.434 99.934 99.155 99.466 98.563 98.178 99.395 99.432 100.034 98.689 99.764 101.312 99.093 99.875 99.063 99.948 102.038 101.628 102.661 102.786 102.309 101.459 101.635 101.196 101.38 102.258 101.614 100.937 101.559 102.349 101.561 100.482 101.285 102.269 -9999 -9999 -9999 -9999 -9999 -9999 -9999 -9999 -9999 -9999 -9999 -9999 -9999 -9999 -9999 -9999 -9999 -9999 -9999 -9999 -9999 -9999 -9999
-9999 -9999 -9999 -9999 -9999 -9999 -9999 99.816 99.779 99.485 99.031 99.234 99.957 100.485 100.604 99.421 97.547 98.12 98.956 99.148 99.22 99.625 101.233 101.614 102.577 101.096 98.973 98.322 94.429 95.808 98.432 100.354 104.381 103.955 103.39 103.553 103.665 102.325 99.872 99.631 99.588 100.587 102.075 101.797 101.986 102.451 102.617 101.602 100.344 100.922 -9999 -9999 -9999 -9999 -9999 -9999 -9999 -9999 -9999 -9999 -9999 -9999 -9999 -9999 -9999 -9999 -9999 -9999 -9999 -9999 -9999 -9999 -9999 -9999
-9999 -9999 -9999 -9999 -9999 99.688 98.604 -9999 100.854 100.421 99.887 100.283 100.336 100.253 99.867 99.129 99.739 99.986 99.488 99.3 98.685 99.545 99.624 99.955 99.505 99.039 100.717 98.52 97.995 99.321 99.25 99.984 96.43 97.37 100.744 100.415 99.187 98.32 100.612 100.968 101.993 102.641 102.327 102.205 101.607 102.056 103.043 102.272 101.926 101.805 -9999 -9999 -9999 -9999 -9999 -9999 -9999 -9999 -9999 -9999 -9999 -9999 -9999 -9999 -9999 -9999 -9999 -9999 -9999 -9999 -9999 -9999 -9999 -9999
-9999 -9999 -9999 -9999 97.734 98.958 95.104 97.144 100.294 100.172 100.576 100.628 100.688 100.456 100.37 101.071 102.095 101.277 99.773 99.518 99.674 99.335 98.31 97.509 95.979 96.847 96.851 96.922 97.837 98.463 100.244 97.267 94.166 96.456 97.989 95.89 91.444 94.179 98.188 98.29 98.518 99.422 102.316 100.802 97.519 99.327 102.869 102.785 103.038 -9999 -9999 -9999 -9999 -9999 -9999 -9999 -9999 -9999 -9999 -9999 -9999 -9999 -9999 -9999 -9999 -9999 -9999 -9999 -9999 -9999 -9999 -9999 -9999 -9999
-9999 -9999 -9999 -9999 97.005 -9999 96.136 97.774 97.793 98.612 100.23 100.117 99.729 99.555 99.213 99.533 98.97 98.747 100.219 100.042 99.344 99.144 100.015 98.884 97.959 98.286 99.154 99.639 99.671 100.702 101.004 99.588 100.07 100.68 100.196 98.415 99.452 101.381 100.48 100.166 98.988 100.958 102.269 100.679 100.938 102.444 101.59 101.919 102.462 -9999 -9999 -9999 -9999 -9999 -9999 -9999 -9999 -9999 -9999 -9999 -9999 -9999 -9999 -9999 -9999 -9999 -9999 -9999 -9999 -9999 -9999 -9999 -9999 -9999
-9999 -9999 -9999 -9999 -9999 -9999 97.548 97.701 98.075 99.56 101.278 100.788 100.014 99.77 99.594 98.757 97.292 98.596 100.043 99.235 98.028 98.73 99.4 98.5 97.358 98.663 100.962 101.178 101.71 101.914 102.04 101.625 99.832 99.761 100.241 100.768 100.749 100.446 100.497 99.936 99.955 101.37 104.107 104.135 103.848 103.083 102.193 102.648 103.13 -9999 -9999 -9999 -9999 -9999 -9999 -9999 -9999 -9999 -9999 -9999 -9999 -9999 -9999 -9999 -9999 -9999 -9999 -9999 -9999 -9999 -9999 -9999 -9999 -9999
-9999 -9999 -9999 -9999 96.799 98.782 97.298 97.554 97.713 99.071 100.317 100.254 101.15 -9999 100.05 99.602 100.419 101.056 100.75 100.131 100.136 100.378 100.09 99.338 98.893 99.763 98.908 98.603 97.037 97.906 100.073 99.059 98.811 98.947 98.642 99.064 100.232 100.014 99.338 100.171 102.124 103.724 104.242 103.513 101.928 101.652 102.147 102.453 102.833 -9999 -9999 -9999 -9999 -9999 -9999 -9999 -9999 -9999 -9999 -9999 -9999 -9999 -9999 -9999 -9999 -9999 -9999 -9999 -9999 -9999 -9999 -9999 -9999 -9999
99.912 99.925 98.08 96.506 -9999 98.604 98.081 98.013 97.608 98.657 99.726 100.43 -9999 99.889 97.739 98.609 99.798 99.883 100.527 100.715 101.207 101.083 101.138 100.857 100.711 100.41 100.779 99.805 99.352 100.411 100.25 100.478 101.435 101.332 101.472 102.489 103.612 102.931 102.016 103.49 104.564 104.915 105.274 104.598 103.968 103.681 102.203 102.286 -9999 -9999 -9999 -9999 -9999 -9999 -9999 -9999 -9999 -9999 -9999 -9999 -9999 -9999 -9999 -9999 -9999 -9999 -9999 -9999 -9999 -9999 -9999 -9999 -9999 -9999
100.212 99.695 98.861 99.722 100.345 -9999 98.749 98.317 97.723 98.704 99.836 100.022 99.634 98.721 99.241 99.801 99.648 100.234 100.904 100.912 100.245 100.065 99.495 99.319 99.041 99.333 99.601 99.563 100.087 99.113 96.703 98.025 100.262 100.342 100.361 101.282 102.21 101.665 101.455 102.253 102.909 102.919 102.818 102.728 103.361 102.517 -9999 -9999 -9999 -9999 -9999 -9999 -9999 -9999 -9999 -9999 -9999 -9999 -9999 -9999 -9999 -9999 -9999 -9999 -9999 -9999 -9999 -9999 -9999 -9999 -9999 -9999 -9999 -9999
-9999 -9999 -9999 99.576 -9999 99.043 97.782 97.3 96.843 98.275 -9999 -9999 96.133 97.194 99.303 99.62 100.674 101.007 100.961 100.719 100.987 100.653 100.536 99.385 96.667 96.5 95.674 96.734 98.862 98.038 99.167 100.696 101.707 101.624 101.37 102.172 103.05 103.016 103.207 103.527 103.465 102.982 102.071 102.401 102.406 -9999 -9999 -9999 -9999 -9999 -9999 -9999 -9999 -9999 -9999 -9999 -9999 -9999 -9999 -9999 -9999 -9999 -9999 -9999 -9999 -9999 -9999 -9999 -9999 -9999 -9999 -9999 -9999 -9999
98.244 95.355 -9999 99.737 100.13 99.179 98.398 98.114 97.997 -9999 -9999 100.388 98.707 99.849 99.973 100.409 100.108 99.862 99.26 99.518 99.833 100.141 101.123 99.451 98.725 98.6 99.409 100.466 100.352 101.157 101.753 102.125 101.716 101.675 101.913 102.35 102.304 102.251 101.833 102.033 102.648 102.205 102.276 102.283 102.289 102.293 -9999 -9999 -9999 -9999 -9999 -9999 -9999 -9999 -9999 -9999 -9999 -9999 -9999 -9999 -9999 -9999 -9999 -9999 -9999 -9999 -9999 -9999 -9999 -9999 -9999 -9999 -9999 -9999
