Validation/Results/raw data/ReClimate_03_2024_2weatherlogisticsltd.asc
NCOLS 192
NROWS 249
XLLCENTER -225160.85627316462
YLLCENTER 29788.11610251502
CELLSIZE 5000.0
NODATA_VALUE -9999
[rows 99 to 131 of 249, columns 75 to 149 of 192]
89.987 89.996 90.005 90.014 90.074 90.236 90.493 -9999 -9999 91.327 91.665 92.139 92.615 93.075 93.521 93.957 94.384 94.805 95.221 95.635 96.025 96.362 96.663 96.96 97.252 97.542 97.83 98.113 98.382 98.648 98.916 99.189 99.468 99.754 100.05 100.361 100.689 101.039 101.328 101.541 101.763 102.008 102.282 102.578 -9999 -9999 -9999 -9999 -9999 -9999 -9999 -9999 -9999 -9999 -9999 -9999 -9999 -9999 -9999 -9999 -9999 -9999 -9999 -9999 -9999 -9999 -9999 -9999 -9999 -9999 -9999 -9999 -9999 -9999 -9999
89.844 89.886 -9999 -9999 90.038 90.16 -9999 -9999 -9999 91.14 91.502 91.985 92.46 92.919 93.364 93.799 94.226 94.646 95.062 95.475 95.867 96.206 96.51 96.809 97.099 97.368 97.631 97.888 98.144 98.403 98.666 98.935 99.211 99.496 99.792 100.103 100.431 100.782 101.08 101.306 101.533 101.783 102.062 102.364 -9999 -9999 -9999 -9999 -9999 -9999 -9999 -9999 -9999 -9999 -9999 -9999 -9999 -9999 -9999 -9999 -9999 -9999 -9999 -9999 -9999 -9999 -9999 -9999 -9999 -9999 -9999 -9999 -9999 -9999 -9999
-9999 89.582 89.652 89.726 -9999 -9999 -9999 -9999 90.703 90.999 91.349 91.826 92.3 92.759 93.205 93.639 94.065 94.485 94.9 95.314 95.706 96.045 96.342 96.611 96.869 97.122 97.375 97.63 97.886 98.146 98.41 98.68 98.957 99.244 99.542 99.853 100.182 100.531 100.833 101.06 101.28 101.517 101.783 -9999 -9999 -9999 -9999 -9999 -9999 -9999 -9999 -9999 -9999 -9999 -9999 -9999 -9999 -9999 -9999 -9999 -9999 -9999 -9999 -9999 -9999 -9999 -9999 -9999 -9999 -9999 -9999 -9999 -9999 -9999 -9999
89.157 89.222 89.297 89.382 89.477 89.6 -9999 -9999 90.396 -9999 -9999 91.685 92.136 92.595 93.041 93.475 93.901 94.32 94.736 95.15 95.532 95.836 96.097 96.355 96.609 96.863 97.117 97.373 97.63 97.891 98.157 98.428 98.707 98.996 99.296 99.61 99.941 100.292 100.597 100.825 101.039 101.256 -9999 -9999 -9999 -9999 -9999 -9999 -9999 -9999 -9999 -9999 -9999 -9999 -9999 -9999 -9999 -9999 -9999 -9999 -9999 -9999 -9999 -9999 -9999 -9999 -9999 -9999 -9999 -9999 -9999 -9999 -9999 -9999 -9999
88.807 88.877 88.957 89.046 -9999 -9999 -9999 89.658 90.054 90.482 90.931 91.48 92.001 92.435 92.871 93.306 93.732 94.151 94.562 94.953 95.291 95.575 95.837 96.095 96.35 96.605 96.86 97.116 97.374 97.637 97.904 98.177 98.458 98.749 99.052 99.369 99.704 -9999 -9999 100.599 -9999 -9999 -9999 -9999 -9999 -9999 -9999 -9999 -9999 -9999 -9999 -9999 -9999 -9999 -9999 -9999 -9999 -9999 -9999 -9999 -9999 -9999 -9999 -9999 -9999 -9999 -9999 -9999 -9999 -9999 -9999 -9999 -9999 -9999 -9999
88.466 88.541 -9999 88.718 -9999 -9999 -9999 89.327 89.689 90.058 90.549 91.139 91.688 92.231 92.717 93.135 93.556 93.967 94.343 94.705 95.035 95.313 95.575 95.833 96.089 96.344 96.6 96.857 97.117 97.38 97.649 97.924 98.207 98.5 98.805 99.125 -9999 99.822 100.138 100.376 100.549 -9999 -9999 -9999 -9999 -9999 -9999 -9999 -9999 -9999 -9999 -9999 -9999 -9999 -9999 -9999 -9999 -9999 -9999 -9999 -9999 -9999 -9999 -9999 -9999 -9999 -9999 -9999 -9999 -9999 -9999 -9999 -9999 -9999 -9999
88.131 -9999 -9999 -9999 -9999 88.617 88.728 88.948 89.253 89.624 90.114 90.708 91.304 91.886 92.441 92.965 93.375 93.737 94.095 94.454 94.776 95.046 95.309 95.568 95.825 96.081 96.338 96.596 96.857 97.121 97.391 97.667 97.951 98.245 -9999 98.873 99.213 99.573 99.887 100.116 100.258 -9999 -9999 -9999 -9999 -9999 -9999 -9999 -9999 -9999 -9999 -9999 -9999 -9999 -9999 -9999 -9999 -9999 -9999 -9999 -9999 -9999 -9999 -9999 -9999 -9999 -9999 -9999 -9999 -9999 -9999 -9999 -9999 -9999 -9999
-9999 -9999 -9999 -9999 -9999 88.299 88.412 88.572 88.808 89.181 89.67 90.267 90.864 91.463 92.069 92.616 93.111 93.516 93.864 94.207 94.509 94.775 95.038 95.298 95.556 95.813 96.071 96.33 96.591 96.857 97.127 97.404 97.688 97.983 98.289 98.61 98.947 99.295 99.575 99.772 99.942 100.074 -9999 -9999 -9999 -9999 -9999 -9999 -9999 -9999 -9999 -9999 -9999 -9999 -9999 -9999 -9999 -9999 -9999 -9999 -9999 -9999 -9999 -9999 -9999 -9999 -9999 -9999 -9999 -9999 -9999 -9999 -9999 -9999 -9999
-9999 -9999 -9999 -9999 87.852 -9999 -9999 88.218 88.424 88.725 89.211 89.816 -9999 -9999 91.607 92.184 92.725 93.22 93.639 93.965 94.251 94.512 94.77 95.027 95.283 95.54 95.798 96.058 96.32 96.586 96.857 97.133 97.416 97.706 98.007 98.318 98.64 98.96 99.207 99.389 99.557 99.717 99.941 -9999 -9999 -9999 -9999 -9999 -9999 -9999 -9999 -9999 -9999 -9999 -9999 -9999 -9999 -9999 -9999 -9999 -9999 -9999 -9999 -9999 -9999 -9999 -9999 -9999 -9999 -9999 -9999 -9999 -9999 -9999 -9999
-9999 -9999 -9999 -9999 87.527 -9999 87.771 87.9 88.056 88.288 88.735 89.35 89.957 90.554 91.134 91.708 92.278 92.826 93.32 93.726 93.997 94.253 94.507 94.76 95.014 95.268 95.525 95.783 96.043 96.306 96.574 96.846 97.123 97.408 97.699 98.0 98.31 98.607 98.829 99.004 99.171 99.332 -9999 -9999 -9999 -9999 -9999 -9999 -9999 -9999 -9999 -9999 -9999 -9999 -9999 -9999 -9999 -9999 -9999 -9999 -9999 -9999 -9999 -9999 -9999 -9999 -9999 -9999 -9999 -9999 -9999 -9999 -9999 -9999 -9999
-9999 -9999 -9999 -9999 87.202 -9999 87.456 87.586 87.72 87.902 88.263 -9999 89.482 90.082 -9999 91.238 91.805 92.371 92.921 93.388 93.74 93.993 94.243 94.494 94.745 94.997 95.251 95.506 95.763 96.022 96.285 96.552 96.823 97.101 97.385 97.677 97.977 98.25 -9999 -9999 -9999 -9999 -9999 -9999 -9999 -9999 -9999 -9999 -9999 -9999 -9999 -9999 -9999 -9999 -9999 -9999 -9999 -9999 -9999 -9999 -9999 -9999 -9999 -9999 -9999 -9999 -9999 -9999 -9999 -9999 -9999 -9999 -9999 -9999 -9999
-9999 -9999 86.638 86.755 -9999 -9999 87.127 87.27 87.409 87.552 87.863 88.357 88.994 89.605 -9999 90.77 91.336 91.898 92.46 92.974 93.398 93.73 93.978 94.227 94.476 94.726 94.977 95.228 95.482 95.737 95.995 96.256 96.521 96.791 97.067 97.35 97.642 -9999 -9999 -9999 -9999 -9999 -9999 -9999 -9999 -9999 -9999 -9999 -9999 -9999 -9999 -9999 -9999 -9999 -9999 -9999 -9999 -9999 -9999 -9999 -9999 -9999 -9999 -9999 -9999 -9999 -9999 -9999 -9999 -9999 -9999 -9999 -9999 -9999 -9999
-9999 86.155 86.282 86.41 -9999 86.666 86.802 86.951 87.095 -9999 87.486 87.929 88.493 89.119 -9999 90.301 90.869 91.43 91.98 92.507 92.994 93.406 93.71 93.957 94.205 94.453 94.701 94.95 -9999 95.45 95.703 95.958 96.216 96.479 96.747 97.021 -9999 -9999 -9999 -9999 -9999 -9999 -9999 -9999 -9999 -9999 -9999 -9999 -9999 -9999 -9999 -9999 -9999 -9999 -9999 -9999 -9999 -9999 -9999 -9999 -9999 -9999 -9999 -9999 -9999 -9999 -9999 -9999 -9999 -9999 -9999 -9999 -9999 -9999 -9999
-9999 85.799 85.929 -9999 -9999 86.332 86.479 86.623 -9999 86.935 87.162 87.532 88.061 88.619 -9999 89.825 90.4 90.962 91.504 92.026 92.543 93.016 93.417 93.685 93.932 94.179 94.425 94.67 94.916 95.162 -9999 -9999 95.908 96.163 -9999 -9999 -9999 -9999 -9999 -9999 97.608 97.747 97.901 -9999 -9999 -9999 -9999 -9999 -9999 -9999 -9999 -9999 -9999 -9999 -9999 -9999 -9999 -9999 -9999 -9999 -9999 -9999 -9999 -9999 -9999 -9999 -9999 -9999 -9999 -9999 -9999 -9999 -9999 -9999 -9999
85.279 85.422 -9999 -9999 85.846 85.988 86.139 86.29 -9999 86.627 86.851 87.187 87.668 88.19 -9999 -9999 -9999 90.49 91.03 91.552 92.068 92.588 93.038 93.41 93.657 93.903 94.147 94.389 94.63 94.87 95.111 95.353 95.597 95.844 -9999 -9999 -9999 -9999 -9999 97.123 97.244 97.379 97.526 97.781 -9999 -9999 -9999 -9999 -9999 -9999 -9999 -9999 -9999 -9999 -9999 -9999 -9999 -9999 -9999 -9999 -9999 -9999 -9999 -9999 -9999 -9999 -9999 -9999 -9999 -9999 -9999 -9999 -9999 -9999 -9999
84.886 85.028 -9999 -9999 -9999 85.63 85.789 85.955 -9999 86.331 -9999 86.877 87.314 87.803 -9999 88.852 89.438 90.012 -9999 91.083 91.599 92.12 92.636 93.063 93.381 93.625 93.866 94.104 94.341 94.575 94.813 95.064 95.32 95.575 95.833 96.095 96.289 -9999 96.616 96.759 96.9 97.088 97.407 97.811 98.235 98.69 -9999 -9999 -9999 -9999 -9999 -9999 -9999 -9999 -9999 -9999 -9999 -9999 -9999 -9999 -9999 -9999 -9999 -9999 -9999 -9999 -9999 -9999 -9999 -9999 -9999 -9999 -9999 -9999 -9999
84.465 -9999 -9999 -9999 -9999 85.259 85.428 85.6 -9999 86.031 -9999 86.558 86.955 -9999 87.945 88.458 88.977 89.528 90.087 90.618 91.136 91.661 92.195 92.692 93.099 93.345 93.583 93.817 94.059 94.319 94.578 94.836 95.091 95.343 95.595 95.821 95.989 96.145 96.296 96.472 96.75 97.163 97.584 98.01 98.448 98.904 99.41 100.185 101.206 -9999 -9999 -9999 -9999 -9999 -9999 -9999 -9999 -9999 -9999 -9999 -9999 -9999 -9999 -9999 -9999 -9999 -9999 -9999 -9999 -9999 -9999 -9999 -9999 -9999 -9999
84.019 -9999 -9999 -9999 -9999 84.874 85.053 85.241 85.474 -9999 -9999 86.238 86.606 -9999 87.589 88.096 88.602 89.112 89.617 90.154 90.681 91.211 91.748 92.291 92.731 93.062 93.31 93.58 93.853 94.117 94.374 94.624 94.871 95.115 95.352 95.541 95.699 95.85 96.055 96.458 96.895 97.329 97.765 98.207 98.663 99.14 99.653 100.215 100.847 101.856 -9999 -9999 -9999 -9999 -9999 -9999 -9999 -9999 -9999 -9999 -9999 -9999 -9999 -9999 -9999 -9999 -9999 -9999 -9999 -9999 -9999 -9999 -9999 -9999 -9999
-9999 -9999 -9999 -9999 -9999 84.472 84.661 84.877 85.142 -9999 -9999 85.931 86.277 -9999 -9999 87.758 88.271 88.76 89.255 89.734 90.225 90.763 91.302 91.846 92.37 92.822 93.118 93.396 93.664 93.922 94.172 94.415 94.654 94.89 95.103 95.262 95.432 95.689 96.149 96.601 97.048 97.494 97.944 98.403 98.878 99.375 99.905 100.482 101.133 101.867 -9999 -9999 -9999 -9999 -9999 -9999 -9999 -9999 -9999 -9999 -9999 -9999 -9999 -9999 -9999 -9999 -9999 -9999 -9999 -9999 -9999 -9999 -9999 -9999 -9999
-9999 -9999 -9999 -9999 -9999 84.05 84.256 84.507 -9999 -9999 -9999 -9999 85.906 -9999 86.864 87.417 87.946 88.448 88.929 89.394 89.874 90.352 90.855 91.43 92.063 92.569 92.938 93.213 93.475 93.727 93.971 94.207 94.439 94.66 94.834 95.017 95.335 95.814 96.281 96.742 97.199 97.658 98.124 98.6 99.094 99.619 100.193 100.815 101.489 102.228 103.195 -9999 -9999 -9999 -9999 -9999 -9999 -9999 -9999 -9999 -9999 -9999 -9999 -9999 -9999 -9999 -9999 -9999 -9999 -9999 -9999 -9999 -9999 -9999 -9999
-9999 -9999 -9999 83.209 83.405 83.607 83.839 -9999 -9999 84.735 -9999 -9999 -9999 -9999 86.482 87.06 87.606 88.124 88.618 89.095 89.561 90.038 90.588 91.182 91.774 92.318 92.757 93.028 93.286 93.533 93.77 94.0 94.222 94.412 94.602 94.956 95.453 95.936 96.411 96.881 97.35 97.823 98.309 98.822 99.355 99.921 100.516 101.15 101.834 102.582 103.211 -9999 -9999 -9999 -9999 -9999 -9999 -9999 -9999 -9999 -9999 -9999 -9999 -9999 -9999 -9999 -9999 -9999 -9999 -9999 -9999 -9999 -9999 -9999 -9999
-9999 -9999 -9999 -9999 82.929 83.14 83.403 -9999 84.066 84.38 84.686 -9999 -9999 -9999 -9999 86.683 87.248 87.784 88.294 88.787 89.286 89.854 90.441 91.02 91.599 92.178 92.62 92.894 93.122 93.345 93.568 93.792 93.995 94.187 94.549 95.066 95.566 96.057 96.549 97.043 97.54 98.043 98.563 99.098 99.65 100.227 100.834 101.48 102.175 102.921 103.553 104.861 -9999 -9999 -9999 -9999 -9999 -9999 -9999 -9999 -9999 -9999 -9999 -9999 -9999 -9999 -9999 -9999 -9999 -9999 -9999 -9999 -9999 -9999 -9999
-9999 -9999 -9999 -9999 82.413 82.648 82.951 -9999 83.662 84.002 84.332 -9999 -9999 -9999 -9999 -9999 86.877 87.426 87.955 88.489 89.104 89.718 90.315 90.901 91.482 92.063 92.532 92.85 93.064 93.274 93.483 93.68 93.863 94.2 94.735 95.252 95.758 96.262 96.765 97.271 97.782 98.301 98.832 99.377 99.941 100.529 101.149 101.807 102.513 103.248 103.861 104.937 106.67 -9999 -9999 -9999 -9999 -9999 -9999 -9999 -9999 -9999 -9999 -9999 -9999 -9999 -9999 -9999 -9999 -9999 -9999 -9999 -9999 -9999 -9999
-9999 -9999 -9999 -9999 81.676 82.08 -9999 -9999 83.245 83.601 83.959 84.333 -9999 -9999 -9999 -9999 -9999 87.048 87.625 88.292 88.951 89.581 90.191 90.786 91.374 91.957 92.477 92.845 93.053 93.254 93.445 93.612 93.893 94.439 94.965 95.478 95.985 96.489 96.996 97.508 98.027 98.555 99.096 99.653 100.229 100.831 101.463 102.134 102.854 103.573 104.195 105.311 106.922 108.516 110.205 -9999 -9999 -9999 -9999 -9999 -9999 -9999 -9999 -9999 -9999 -9999 -9999 -9999 -9999 -9999 -9999 -9999 -9999 -9999 -9999
-9999 -9999 -9999 -9999 80.977 81.43 -9999 -9999 82.766 83.186 83.618 -9999 -9999 -9999 -9999 -9999 -9999 86.673 87.394 88.115 88.795 89.443 90.068 90.675 91.272 91.861 92.427 92.838 93.046 93.236 93.396 93.619 94.138 94.672 95.188 95.695 96.199 96.706 97.218 97.738 98.266 98.806 99.359 99.928 100.518 101.134 101.78 102.466 103.199 104.0 105.322 106.635 108.188 109.745 111.324 -9999 -9999 -9999 -9999 -9999 -9999 -9999 -9999 -9999 -9999 -9999 -9999 -9999 -9999 -9999 -9999 -9999 -9999 -9999 -9999
-9999 -9999 -9999 -9999 80.283 80.711 -9999 -9999 -9999 82.824 83.298 83.746 -9999 -9999 -9999 -9999 -9999 86.409 87.182 87.929 88.633 89.302 89.945 90.567 91.175 91.774 92.368 92.798 93.038 93.2 93.388 93.823 94.37 94.891 95.396 95.897 96.401 96.913 97.434 97.964 98.505 99.057 99.624 100.207 100.811 101.441 102.103 102.804 103.69 105.092 106.631 108.138 109.649 111.165 112.7 -9999 -9999 -9999 -9999 -9999 -9999 -9999 -9999 -9999 -9999 -9999 -9999 -9999 -9999 -9999 -9999 -9999 -9999 -9999 -9999
-9999 -9999 -9999 79.118 79.521 79.985 -9999 -9999 -9999 -9999 -9999 -9999 -9999 -9999 -9999 -9999 -9999 86.288 86.973 87.735 88.466 89.159 89.822 90.462 91.085 91.696 92.299 92.762 93.012 93.172 93.487 94.057 94.589 95.096 95.591 96.087 96.593 97.113 97.646 98.19 98.745 99.312 99.893 100.491 101.111 101.756 102.434 103.303 104.868 106.499 107.989 109.47 110.944 112.422 113.919 114.447 -9999 -9999 -9999 -9999 -9999 -9999 -9999 -9999 -9999 -9999 -9999 -9999 -9999 -9999 -9999 -9999 -9999 -9999 -9999
-9999 -9999 78.053 78.394 78.764 79.252 -9999 -9999 -9999 -9999 -9999 -9999 -9999 -9999 -9999 85.094 85.54 86.212 86.872 87.544 88.291 89.011 89.698 90.359 91.0 91.626 92.235 92.711 92.984 93.206 93.725 94.283 94.802 95.293 95.773 96.263 96.776 97.311 97.861 98.422 98.993 99.575 100.171 100.784 101.419 102.081 102.923 104.482 106.216 107.761 109.218 110.667 112.108 113.554 115.016 115.822 -9999 -9999 -9999 -9999 -9999 -9999 -9999 -9999 -9999 -9999 -9999 -9999 -9999 -9999 -9999 -9999 -9999 -9999 -9999
-9999 -9999 77.276 77.632 78.083 -9999 -9999 -9999 -9999 -9999 -9999 -9999 -9999 -9999 -9999 84.856 85.525 86.194 86.819 87.47 88.132 88.857 89.572 90.258 90.919 91.556 92.163 92.666 92.979 93.359 93.959 94.507 95.013 95.488 95.948 96.428 96.958 97.517 98.088 98.666 99.252 99.849 100.46 101.089 101.74 102.544 104.014 105.786 107.444 108.906 110.342 111.755 113.168 114.585 116.016 116.994 -9999 -9999 -9999 -9999 -9999 -9999 -9999 -9999 -9999 -9999 -9999 -9999 -9999 -9999 -9999 -9999 -9999 -9999 -9999
-9999 -9999 -9999 -9999 -9999 -9999 -9999 -9999 -9999 -9999 -9999 -9999 -9999 -9999 -9999 84.764 85.497 86.179 86.828 87.449 88.092 88.743 89.443 90.158 90.839 91.486 92.104 92.631 93.037 93.595 94.192 94.736 95.235 95.696 96.132 96.597 97.164 97.749 98.337 98.929 99.529 100.14 100.764 101.408 102.163 103.485 105.246 106.977 108.52 109.956 111.361 112.756 114.145 115.536 116.941 118.013 -9999 -9999 -9999 -9999 -9999 -9999 -9999 -9999 -9999 -9999 -9999 -9999 -9999 -9999 -9999 -9999 -9999 -9999 -9999
-9999 -9999 -9999 -9999 -9999 -9999 -9999 -9999 -9999 -9999 -9999 -9999 -9999 -9999 83.793 84.706 85.457 86.167 86.841 87.488 88.112 88.751 89.4 90.063 90.763 91.426 92.058 92.615 93.166 93.83 94.43 94.976 95.478 95.942 96.384 96.885 97.441 98.024 98.617 99.217 99.827 100.448 101.085 101.779 102.895 104.656 106.407 108.065 109.515 110.928 112.312 113.686 115.054 116.423 117.804 118.934 -9999 -9999 -9999 -9999 -9999 -9999 -9999 -9999 -9999 -9999 -9999 -9999 -9999 -9999 -9999 -9999 -9999 -9999 -9999
-9999 -9999 -9999 -9999 -9999 -9999 -9999 -9999 -9999 -9999 -9999 -9999 -9999 -9999 83.605 84.632 85.416 86.157 86.864 87.552 88.212 88.848 89.466 90.098 90.721 91.375 92.025 92.657 93.393 94.065 94.673 95.23 95.744 96.229 96.708 97.217 97.763 98.337 98.928 99.531 100.146 100.776 101.424 102.326 104.015 105.767 107.485 109.02 110.442 111.835 113.206 114.558 115.908 117.258 118.619 119.775 -9999 -9999 -9999 -9999 -9999 -9999 -9999 -9999 -9999 -9999 -9999 -9999 -9999 -9999 -9999 -9999 -9999 -9999 -9999
-9999 -9999 -9999 -9999 -9999 -9999 -9999 -9999 -9999 -9999 -9999 -9999 -9999 82.385 83.507 84.533 85.409 86.199 86.95 87.662 88.339 88.986 89.608 90.209 90.815 91.415 92.015 92.757 93.616 94.301 94.923 95.495 96.028 96.538 97.043 97.563 98.108 98.676 99.263 99.867 100.486 101.122 101.884 103.32 105.084 106.827 108.467 109.908 111.312 112.689 114.041 115.383 116.716 118.027 119.295 120.452 121.452 -9999 -9999 -9999 -9999 -9999 -9999 -9999 -9999 -9999 -9999 -9999 -9999 -9999 -9999 -9999 -9999 -9999 -9999
