Validation/Results/raw data/ReClimate_12_2023_1_Temperature-Actuals.asc
NCOLS 192
NROWS 249
XLLCENTER -225160.85627316462
YLLCENTER 29788.11610251502
CELLSIZE 5000.0
NODATA_VALUE -9999
[rows 102 to 135 of 249, columns 77 to 153 of 192]
2.88 2.864 4.698 5.449 -9999 -9999 4.519 -9999 -9999 4.227 1.997 1.622 3.017 2.322 0.555 2.026 1.108 1.02 1.149 1.609 3.162 2.49 1.678 0.828 1.259 2.084 1.536 1.814 2.839 3.552 3.91 3.81 3.392 2.792 3.619 3.881 3.993 4.218 4.259 4.435 -9999 -9999 -9999 -9999 -9999 -9999 -9999 -9999 -9999 -9999 -9999 -9999 -9999 -9999 -9999 -9999 -9999 -9999 -9999 -9999 -9999 -9999 -9999 -9999 -9999 -9999 -9999 -9999 -9999 -9999 -9999 -9999 -9999 -9999 -9999 -9999 -9999
3.201 4.411 -9999 -9999 -9999 5.104 4.004 4.208 3.711 3.489 2.508 3.832 3.435 2.124 2.186 2.57 2.581 2.455 2.351 2.498 1.773 2.474 1.708 1.884 1.656 1.374 1.962 2.626 3.342 3.817 3.931 3.732 3.205 3.799 4.293 -9999 -9999 4.556 -9999 -9999 -9999 -9999 -9999 -9999 -9999 -9999 -9999 -9999 -9999 -9999 -9999 -9999 -9999 -9999 -9999 -9999 -9999 -9999 -9999 -9999 -9999 -9999 -9999 -9999 -9999 -9999 -9999 -9999 -9999 -9999 -9999 -9999 -9999 -9999 -9999 -9999 -9999
-9999 4.677 -9999 -9999 -9999 4.818 3.835 3.538 3.423 3.658 4.016 3.171 2.13 2.044 2.606 2.969 2.539 2.06 2.565 2.195 3.299 2.505 2.233 2.876 3.244 3.462 3.335 3.682 3.906 3.895 4.011 4.039 3.993 4.377 -9999 4.261 4.385 4.419 4.479 -9999 -9999 -9999 -9999 -9999 -9999 -9999 -9999 -9999 -9999 -9999 -9999 -9999 -9999 -9999 -9999 -9999 -9999 -9999 -9999 -9999 -9999 -9999 -9999 -9999 -9999 -9999 -9999 -9999 -9999 -9999 -9999 -9999 -9999 -9999 -9999 -9999 -9999
-9999 -9999 -9999 5.287 4.841 3.973 3.76 3.305 3.597 3.324 2.43 1.922 1.858 2.83 2.8 3.345 2.107 3.015 1.773 3.099 2.114 1.312 2.901 3.501 3.317 3.565 3.954 3.93 4.136 4.2 4.235 4.32 -9999 4.382 4.289 4.33 4.25 4.43 4.461 -9999 -9999 -9999 -9999 -9999 -9999 -9999 -9999 -9999 -9999 -9999 -9999 -9999 -9999 -9999 -9999 -9999 -9999 -9999 -9999 -9999 -9999 -9999 -9999 -9999 -9999 -9999 -9999 -9999 -9999 -9999 -9999 -9999 -9999 -9999 -9999 -9999 -9999
-9999 -9999 -9999 5.135 5.238 4.595 3.554 3.584 3.87 2.826 3.482 3.285 2.867 2.22 3.562 3.662 2.77 2.003 2.596 2.578 1.474 2.278 2.262 2.077 2.969 3.451 3.613 3.879 3.841 3.602 3.571 3.512 3.784 4.296 4.456 4.142 3.906 4.127 4.238 4.622 -9999 -9999 -9999 -9999 -9999 -9999 -9999 -9999 -9999 -9999 -9999 -9999 -9999 -9999 -9999 -9999 -9999 -9999 -9999 -9999 -9999 -9999 -9999 -9999 -9999 -9999 -9999 -9999 -9999 -9999 -9999 -9999 -9999 -9999 -9999 -9999 -9999
-9999 -9999 5.294 -9999 -9999 4.438 3.642 4.14 3.286 3.635 -9999 -9999 2.624 2.528 3.348 3.776 2.812 2.849 2.989 2.621 2.736 3.166 2.792 3.089 3.432 3.736 3.406 2.871 2.416 2.651 2.858 3.331 3.753 3.944 4.284 3.799 3.866 3.877 4.2 4.627 4.94 -9999 -9999 -9999 -9999 -9999 -9999 -9999 -9999 -9999 -9999 -9999 -9999 -9999 -9999 -9999 -9999 -9999 -9999 -9999 -9999 -9999 -9999 -9999 -9999 -9999 -9999 -9999 -9999 -9999 -9999 -9999 -9999 -9999 -9999 -9999 -9999
-9999 -9999 5.352 -9999 5.063 4.423 4.383 3.379 3.443 4.532 4.611 3.164 2.56 3.365 4.984 3.306 2.141 3.716 3.549 3.106 3.47 3.699 3.785 3.988 3.889 2.945 2.068 2.074 2.578 2.968 3.458 3.666 3.659 3.95 4.071 4.175 4.52 4.819 4.984 5.205 -9999 -9999 -9999 -9999 -9999 -9999 -9999 -9999 -9999 -9999 -9999 -9999 -9999 -9999 -9999 -9999 -9999 -9999 -9999 -9999 -9999 -9999 -9999 -9999 -9999 -9999 -9999 -9999 -9999 -9999 -9999 -9999 -9999 -9999 -9999 -9999 -9999
-9999 -9999 5.409 -9999 5.042 5.028 4.324 4.091 4.595 -9999 3.301 3.599 -9999 3.66 3.685 3.354 4.076 2.947 3.781 4.03 4.327 4.378 4.519 4.54 4.104 3.245 3.674 3.897 3.867 3.666 3.519 3.744 3.837 4.256 4.494 4.809 -9999 -9999 -9999 -9999 -9999 -9999 -9999 -9999 -9999 -9999 -9999 -9999 -9999 -9999 -9999 -9999 -9999 -9999 -9999 -9999 -9999 -9999 -9999 -9999 -9999 -9999 -9999 -9999 -9999 -9999 -9999 -9999 -9999 -9999 -9999 -9999 -9999 -9999 -9999 -9999 -9999
5.435 5.366 -9999 -9999 5.397 4.953 4.522 4.835 4.731 3.11 3.421 2.633 -9999 4.362 3.588 4.029 4.074 3.923 3.91 4.253 4.125 3.951 3.809 3.919 4.295 4.708 4.658 4.489 4.137 3.768 3.696 3.88 4.087 4.338 4.776 -9999 -9999 -9999 -9999 -9999 -9999 -9999 -9999 -9999 -9999 -9999 -9999 -9999 -9999 -9999 -9999 -9999 -9999 -9999 -9999 -9999 -9999 -9999 -9999 -9999 -9999 -9999 -9999 -9999 -9999 -9999 -9999 -9999 -9999 -9999 -9999 -9999 -9999 -9999 -9999 -9999 -9999
5.555 5.518 -9999 5.593 4.396 4.336 5.034 -9999 3.632 3.725 2.747 2.885 -9999 4.091 3.278 4.143 4.863 4.662 4.68 4.351 3.982 3.573 3.001 3.387 4.236 4.645 -9999 4.789 4.5 4.335 4.294 4.269 4.147 4.527 -9999 -9999 -9999 -9999 -9999 -9999 -9999 -9999 -9999 -9999 -9999 -9999 -9999 -9999 -9999 -9999 -9999 -9999 -9999 -9999 -9999 -9999 -9999 -9999 -9999 -9999 -9999 -9999 -9999 -9999 -9999 -9999 -9999 -9999 -9999 -9999 -9999 -9999 -9999 -9999 -9999 -9999 -9999
5.813 -9999 -9999 5.13 3.99 4.816 -9999 4.498 4.039 3.667 3.177 3.82 -9999 4.808 4.522 4.748 4.899 4.719 4.466 4.096 2.651 2.468 2.641 3.183 4.1 4.781 4.98 5.081 -9999 -9999 4.825 4.722 -9999 -9999 -9999 -9999 -9999 -9999 5.221 5.298 5.421 -9999 -9999 -9999 -9999 -9999 -9999 -9999 -9999 -9999 -9999 -9999 -9999 -9999 -9999 -9999 -9999 -9999 -9999 -9999 -9999 -9999 -9999 -9999 -9999 -9999 -9999 -9999 -9999 -9999 -9999 -9999 -9999 -9999 -9999 -9999 -9999
-9999 -9999 4.983 4.54 5.149 4.717 -9999 4.632 3.913 4.293 4.374 3.632 -9999 -9999 -9999 5.059 4.595 3.988 3.857 3.654 3.616 3.826 3.757 3.962 4.095 4.27 4.548 4.86 4.956 4.758 4.632 4.882 -9999 -9999 -9999 -9999 -9999 4.982 5.122 5.049 5.259 5.353 -9999 -9999 -9999 -9999 -9999 -9999 -9999 -9999 -9999 -9999 -9999 -9999 -9999 -9999 -9999 -9999 -9999 -9999 -9999 -9999 -9999 -9999 -9999 -9999 -9999 -9999 -9999 -9999 -9999 -9999 -9999 -9999 -9999 -9999 -9999
-9999 -9999 -9999 5.572 4.452 4.924 -9999 4.64 -9999 4.809 3.979 4.851 -9999 5.24 4.579 4.376 -9999 4.382 4.613 4.524 4.569 4.36 4.295 4.05 3.871 3.871 4.13 4.358 4.105 4.105 4.529 4.762 4.894 4.941 5.099 -9999 5.026 4.883 4.812 4.877 4.577 4.366 4.423 5.308 -9999 -9999 -9999 -9999 -9999 -9999 -9999 -9999 -9999 -9999 -9999 -9999 -9999 -9999 -9999 -9999 -9999 -9999 -9999 -9999 -9999 -9999 -9999 -9999 -9999 -9999 -9999 -9999 -9999 -9999 -9999 -9999 -9999
-9999 -9999 -9999 4.784 4.023 5.048 -9999 5.522 -9999 5.081 5.334 -9999 5.195 4.28 3.761 4.318 4.713 4.875 4.845 4.991 4.838 4.38 4.329 4.06 3.689 3.645 3.776 3.979 4.078 4.124 4.313 4.359 4.343 4.334 4.779 4.875 4.538 4.513 4.449 4.305 3.788 3.544 3.444 3.893 4.801 5.088 4.922 -9999 -9999 -9999 -9999 -9999 -9999 -9999 -9999 -9999 -9999 -9999 -9999 -9999 -9999 -9999 -9999 -9999 -9999 -9999 -9999 -9999 -9999 -9999 -9999 -9999 -9999 -9999 -9999 -9999 -9999
-9999 -9999 -9999 4.767 5.034 4.865 4.906 -9999 -9999 5.89 5.728 -9999 5.247 3.874 3.414 4.118 4.46 4.853 5.008 4.98 4.833 4.902 4.622 4.257 3.894 3.437 3.506 3.785 3.958 3.845 3.616 3.475 3.321 3.952 4.584 4.458 4.193 4.046 3.722 2.866 2.76 3.103 3.122 3.529 3.701 4.426 4.906 4.852 -9999 -9999 -9999 -9999 -9999 -9999 -9999 -9999 -9999 -9999 -9999 -9999 -9999 -9999 -9999 -9999 -9999 -9999 -9999 -9999 -9999 -9999 -9999 -9999 -9999 -9999 -9999 -9999 -9999
-9999 -9999 -9999 5.296 5.084 4.575 5.696 -9999 -9999 6.07 6.112 -9999 -9999 3.932 3.77 4.334 4.246 4.155 4.438 4.571 4.66 4.369 4.616 4.586 4.094 3.722 3.416 3.369 3.213 3.207 2.858 2.833 3.331 3.739 3.879 3.823 3.599 3.28 2.771 2.676 2.658 2.97 3.218 3.545 4.09 4.305 4.322 4.696 -9999 -9999 -9999 -9999 -9999 -9999 -9999 -9999 -9999 -9999 -9999 -9999 -9999 -9999 -9999 -9999 -9999 -9999 -9999 -9999 -9999 -9999 -9999 -9999 -9999 -9999 -9999 -9999 -9999
-9999 -9999 -9999 5.577 4.871 5.115 -9999 -9999 -9999 -9999 6.289 -9999 5.442 4.185 4.49 4.576 4.015 3.802 3.776 4.112 4.099 4.119 4.191 4.347 4.304 3.631 3.205 3.132 3.176 2.929 2.766 3.137 3.353 3.305 3.254 2.82 2.893 3.054 3.179 3.098 2.971 3.183 3.427 3.818 4.249 4.297 4.398 4.738 4.808 -9999 -9999 -9999 -9999 -9999 -9999 -9999 -9999 -9999 -9999 -9999 -9999 -9999 -9999 -9999 -9999 -9999 -9999 -9999 -9999 -9999 -9999 -9999 -9999 -9999 -9999 -9999 -9999
-9999 5.213 5.12 4.883 5.119 -9999 -9999 4.849 -9999 -9999 -9999 -9999 5.618 4.963 4.931 4.653 4.299 3.888 3.659 3.607 3.463 3.445 3.744 3.967 4.024 3.919 3.295 3.234 3.152 3.215 3.5 3.461 3.046 3.047 2.256 1.966 2.473 2.92 3.199 3.438 3.391 3.573 3.613 3.927 4.337 4.44 4.524 4.634 4.734 -9999 -9999 -9999 -9999 -9999 -9999 -9999 -9999 -9999 -9999 -9999 -9999 -9999 -9999 -9999 -9999 -9999 -9999 -9999 -9999 -9999 -9999 -9999 -9999 -9999 -9999 -9999 -9999
-9999 -9999 4.743 4.769 5.363 -9999 4.807 4.133 4.821 -9999 -9999 -9999 -9999 5.711 5.369 5.147 4.789 4.4 4.039 3.599 3.445 3.563 3.741 3.801 3.923 3.566 3.604 3.425 3.307 3.29 3.383 3.02 3.507 2.996 2.825 2.678 2.328 2.627 3.337 3.547 3.825 3.917 3.942 4.183 4.414 4.496 4.516 4.378 4.43 4.701 -9999 -9999 -9999 -9999 -9999 -9999 -9999 -9999 -9999 -9999 -9999 -9999 -9999 -9999 -9999 -9999 -9999 -9999 -9999 -9999 -9999 -9999 -9999 -9999 -9999 -9999 -9999
-9999 -9999 5.12 4.859 5.115 -9999 5.161 4.166 5.017 -9999 -9999 -9999 -9999 -9999 5.675 5.443 5.176 4.984 4.596 4.261 3.959 3.539 3.149 3.254 3.494 3.725 3.774 3.524 3.386 3.498 3.34 3.394 3.594 3.305 3.187 3.197 3.538 3.602 3.83 3.867 4.074 3.978 4.152 4.435 4.52 4.598 4.52 4.39 4.128 4.405 4.805 -9999 -9999 -9999 -9999 -9999 -9999 -9999 -9999 -9999 -9999 -9999 -9999 -9999 -9999 -9999 -9999 -9999 -9999 -9999 -9999 -9999 -9999 -9999 -9999 -9999 -9999
-9999 -9999 5.032 4.666 -9999 -9999 5.613 4.697 4.533 5.493 -9999 -9999 -9999 -9999 -9999 5.562 5.097 4.723 4.563 3.978 3.411 3.089 2.773 2.839 3.153 3.535 3.345 3.491 3.447 3.251 3.21 3.491 2.282 2.906 2.739 3.349 2.951 3.436 3.973 3.866 4.035 4.281 4.407 4.256 4.092 4.146 4.337 4.242 4.514 4.149 4.543 4.915 5.369 -9999 -9999 -9999 -9999 -9999 -9999 -9999 -9999 -9999 -9999 -9999 -9999 -9999 -9999 -9999 -9999 -9999 -9999 -9999 -9999 -9999 -9999 -9999 -9999
-9999 -9999 4.855 5.53 -9999 -9999 5.221 4.254 4.466 -9999 -9999 -9999 -9999 -9999 -9999 5.565 5.026 4.696 4.416 3.915 3.648 3.536 3.232 3.111 3.041 3.126 3.164 3.185 2.57 2.147 2.969 2.154 1.688 1.989 2.941 2.828 3.305 3.967 3.691 3.808 4.068 4.075 4.121 4.163 4.073 4.132 3.755 3.686 4.349 4.303 4.133 4.647 5.119 -9999 -9999 -9999 -9999 -9999 -9999 -9999 -9999 -9999 -9999 -9999 -9999 -9999 -9999 -9999 -9999 -9999 -9999 -9999 -9999 -9999 -9999 -9999 -9999
-9999 -9999 5.306 6.126 -9999 -9999 -9999 5.433 5.238 5.468 -9999 -9999 -9999 -9999 -9999 5.565 5.075 4.742 4.492 4.176 4.002 3.433 2.758 2.502 2.895 2.871 3.224 3.051 2.661 2.568 2.969 1.736 2.159 2.699 2.468 2.842 3.645 3.452 3.738 3.73 3.871 4.149 4.024 3.864 3.929 3.656 2.652 3.005 3.626 4.284 4.153 4.294 4.824 -9999 -9999 -9999 -9999 -9999 -9999 -9999 -9999 -9999 -9999 -9999 -9999 -9999 -9999 -9999 -9999 -9999 -9999 -9999 -9999 -9999 -9999 -9999 -9999
-9999 4.98 5.308 6.051 -9999 -9999 -9999 -9999 -9999 -9999 -9999 -9999 -9999 -9999 -9999 5.206 4.736 4.541 4.317 4.08 3.868 3.204 2.811 2.731 2.945 3.062 2.749 2.853 2.281 2.46 1.926 1.607 2.14 2.741 2.525 2.875 3.048 3.476 3.502 3.801 3.775 3.706 3.888 3.675 3.593 2.724 2.573 2.509 3.581 4.342 4.405 4.346 4.664 5.509 -9999 -9999 -9999 -9999 -9999 -9999 -9999 -9999 -9999 -9999 -9999 -9999 -9999 -9999 -9999 -9999 -9999 -9999 -9999 -9999 -9999 -9999 -9999
5.028 5.032 5.073 6.175 -9999 -9999 -9999 -9999 -9999 -9999 -9999 -9999 -9999 5.632 5.371 4.918 4.392 3.927 3.63 3.745 3.728 3.577 3.367 3.642 3.216 2.49 2.563 2.607 2.644 2.945 2.508 1.735 2.884 2.776 2.78 2.904 3.243 3.538 3.832 3.365 3.422 3.659 3.627 3.433 2.855 2.716 2.687 2.814 3.492 4.383 4.504 4.359 4.656 5.212 -9999 -9999 -9999 -9999 -9999 -9999 -9999 -9999 -9999 -9999 -9999 -9999 -9999 -9999 -9999 -9999 -9999 -9999 -9999 -9999 -9999 -9999 -9999
5.032 5.47 6.197 -9999 -9999 -9999 -9999 -9999 -9999 -9999 -9999 -9999 -9999 5.549 5.312 4.745 4.005 3.593 3.627 3.113 2.801 2.85 2.826 3.123 3.199 3.288 3.104 2.705 2.996 3.373 3.047 2.762 2.24 2.685 2.549 3.095 3.391 3.887 3.518 3.337 3.445 3.418 3.099 2.618 2.407 2.78 3.1 3.423 3.899 3.882 3.836 4.107 4.54 5.1 -9999 -9999 -9999 -9999 -9999 -9999 -9999 -9999 -9999 -9999 -9999 -9999 -9999 -9999 -9999 -9999 -9999 -9999 -9999 -9999 -9999 -9999 -9999
-9999 -9999 -9999 -9999 -9999 -9999 -9999 -9999 -9999 -9999 -9999 -9999 -9999 5.413 5.0 4.057 3.826 3.605 3.387 2.657 2.594 2.09 2.465 2.835 3.227 3.395 3.062 2.001 2.483 3.545 3.57 2.518 2.495 2.754 2.849 2.826 3.431 3.053 2.873 3.08 2.762 2.537 2.264 2.943 3.065 3.114 3.21 3.413 4.082 4.181 3.972 4.087 4.656 5.186 -9999 -9999 -9999 -9999 -9999 -9999 -9999 -9999 -9999 -9999 -9999 -9999 -9999 -9999 -9999 -9999 -9999 -9999 -9999 -9999 -9999 -9999 -9999
-9999 -9999 -9999 -9999 -9999 -9999 -9999 -9999 -9999 -9999 -9999 -9999 5.367 4.724 3.892 3.783 3.351 3.487 3.402 3.28 2.42 2.443 2.407 2.789 3.127 3.948 3.498 2.953 3.116 3.54 3.693 3.336 3.148 3.049 2.907 2.933 2.567 3.15 3.318 3.053 2.77 1.895 2.643 2.594 2.992 3.396 3.265 3.435 3.398 3.992 4.251 4.431 4.782 5.204 -9999 -9999 -9999 -9999 -9999 -9999 -9999 -9999 -9999 -9999 -9999 -9999 -9999 -9999 -9999 -9999 -9999 -9999 -9999 -9999 -9999 -9999 -9999
-9999 -9999 -9999 -9999 -9999 -9999 -9999 -9999 -9999 -9999 -9999 -9999 4.837 4.272 3.77 2.932 3.126 3.546 3.497 2.84 3.33 2.913 2.839 3.229 3.722 4.532 4.303 3.743 3.447 3.523 4.16 3.853 3.651 3.535 3.426 2.759 3.528 3.053 3.328 3.257 2.079 3.02 2.668 2.827 3.217 3.157 3.581 3.527 3.255 3.672 4.141 4.411 4.812 5.235 -9999 -9999 -9999 -9999 -9999 -9999 -9999 -9999 -9999 -9999 -9999 -9999 -9999 -9999 -9999 -9999 -9999 -9999 -9999 -9999 -9999 -9999 -9999
-9999 -9999 -9999 -9999 -9999 -9999 -9999 -9999 -9999 -9999 -9999 5.158 4.4 4.247 3.317 3.473 3.196 2.485 2.923 3.37 3.571 3.221 3.459 3.682 3.811 4.13 4.142 3.843 3.834 4.505 4.483 4.118 3.646 3.562 2.938 3.741 3.472 3.082 3.662 2.744 2.611 3.164 3.385 3.557 3.168 3.251 3.435 3.31 3.618 3.911 4.266 4.532 4.83 5.18 5.536 -9999 -9999 -9999 -9999 -9999 -9999 -9999 -9999 -9999 -9999 -9999 -9999 -9999 -9999 -9999 -9999 -9999 -9999 -9999 -9999 -9999 -9999
-9999 -9999 -9999 -9999 -9999 -9999 -9999 -9999 -9999 -9999 5.196 4.763 4.381 4.233 4.035 3.828 3.228 3.272 3.173 2.904 3.928 3.931 3.869 3.719 3.77 3.993 4.24 4.566 4.723 4.482 4.671 4.329 3.898 3.58 3.79 4.043 3.75 3.715 3.875 2.947 2.68 2.967 3.122 3.244 3.328 3.621 3.626 3.453 3.856 4.054 4.244 4.468 4.817 5.136 5.529 -9999 -9999 -9999 -9999 -9999 -9999 -9999 -9999 -9999 -9999 -9999 -9999 -9999 -9999 -9999 -9999 -9999 -9999 -9999 -9999 -9999 -9999
-9999 -9999 -9999 -9999 -9999 -9999 -9999 -9999 -9999 -9999 5.047 3.751 4.189 4.245 4.246 4.33 3.768 2.763 2.924 3.869 4.111 4.309 4.163 4.001 3.862 3.73 4.684 5.002 4.858 4.853 4.485 4.459 4.03 4.101 4.08 4.279 4.046 4.056 3.654 3.394 3.047 2.952 3.127 3.192 3.662 3.971 3.859 3.828 3.838 3.988 4.297 4.64 4.765 5.005 5.386 -9999 -9999 -9999 -9999 -9999 -9999 -9999 -9999 -9999 -9999 -9999 -9999 -9999 -9999 -9999 -9999 -9999 -9999 -9999 -9999 -9999 -9999
-9999 -9999 -9999 -9999 -9999 -9999 -9999 -9999 -9999 5.401 4.138 4.12 4.095 4.174 4.42 4.534 3.816 3.401 3.724 3.798 4.202 4.347 4.422 4.101 3.811 4.401 4.622 4.89 5.295 4.881 4.791 4.573 4.551 4.417 4.454 4.564 4.469 4.047 4.162 3.738 3.116 3.27 3.254 3.398 3.515 3.925 4.061 4.366 4.108 4.106 4.359 4.708 4.922 4.97 5.213 5.737 -9999 -9999 -9999 -9999 -9999 -9999 -9999 -9999 -9999 -9999 -9999 -9999 -9999 -9999 -9999 -9999 -9999 -9999 -9999 -9999 -9999
-9999 -9999 -9999 -9999 -9999 -9999 -9999 -9999 5.609 -9999 4.766 4.241 4.169 4.243 4.59 4.904 4.552 4.504 4.049 3.583 4.067 4.487 4.587 4.541 4.551 4.622 4.68 4.932 5.138 4.972 5.136 5.042 4.893 4.77 4.858 4.948 4.858 4.679 4.394 4.016 3.956 3.663 3.591 3.609 3.879 4.216 4.716 4.281 4.023 4.295 4.507 4.712 4.924 5.083 5.22 5.54 -9999 -9999 -9999 -9999 -9999 -9999 -9999 -9999 -9999 -9999 -9999 -9999 -9999 -9999 -9999 -9999 -9999 -9999 -9999 -9999 -9999
