Validation/Results/raw data/ReClimate_03_2024_1_Temperature.asc
NCOLS 192
NROWS 249
XLLCENTER -225160.85627316462
YLLCENTER 29788.11610251502
CELLSIZE 5000.0
NODATA_VALUE -9999
[rows 170 to 203 of 249, columns 77 to 153 of 192]
-9999 -9999 -9999 -9999 -9999 -9999 -9999 -9999 -9999 -9999 -9999 -9999 -9999 -9999 -9999 0.09 0.097 -9999 -9999 -9999 -9999 -9999 -9999 -9999 -9999 -9999 -9999 -9999 -9999 -9999 -9999 -9999 -9999 -9999 0.141 0.144 0.128 0.108 0.11 0.112 0.117 0.122 0.125 0.129 0.142 0.158 0.149 0.139 0.14 0.141 0.133 0.122 0.123 0.125 0.119 0.113 0.114 0.116 0.119 0.125 0.118 0.109 0.111 0.115 0.124 0.136 0.131 0.125 0.119 0.113 0.121 0.132 0.127 0.122 0.124 0.125 0.125
-9999 -9999 -9999 -9999 -9999 -9999 -9999 -9999 -9999 -9999 -9999 -9999 -9999 -9999 -9999 0.096 0.099 0.094 -9999 -9999 -9999 -9999 -9999 -9999 -9999 -9999 -9999 -9999 -9999 -9999 -9999 -9999 -9999 0.137 0.142 0.135 0.124 0.12 0.12 0.118 0.123 0.13 0.133 0.138 0.15 0.161 0.151 0.132 0.131 0.129 0.126 0.119 0.122 0.124 0.11 0.098 0.113 0.124 0.107 0.101 0.109 0.111 0.107 0.107 0.109 0.117 0.122 0.122 0.122 0.119 0.126 0.136 0.136 0.135 0.13 0.128 0.131
-9999 -9999 -9999 -9999 -9999 -9999 -9999 -9999 -9999 -9999 -9999 -9999 -9999 -9999 0.11 0.102 0.1 0.095 0.103 -9999 -9999 -9999 -9999 -9999 -9999 -9999 -9999 -9999 -9999 -9999 0.137 -9999 -9999 0.139 0.136 0.133 0.13 0.126 -9999 0.122 0.128 0.135 0.139 0.143 0.152 0.163 0.149 0.13 0.128 0.126 0.123 0.12 0.122 0.125 0.112 0.095 0.109 0.128 0.113 0.095 0.104 0.115 0.112 0.108 0.111 0.114 0.119 0.126 0.126 0.127 0.133 0.143 0.143 0.144 0.141 0.137 0.142
-9999 -9999 -9999 -9999 -9999 -9999 -9999 -9999 -9999 -9999 -9999 -9999 -9999 -9999 0.122 0.124 0.116 0.092 0.099 0.106 0.104 -9999 -9999 -9999 0.122 0.118 -9999 0.123 0.127 0.131 0.137 0.142 -9999 -9999 0.144 0.144 -9999 -9999 0.133 0.123 0.128 0.133 0.133 0.126 0.135 0.149 0.138 0.136 0.14 0.142 0.132 0.126 0.12 0.118 0.113 0.103 0.106 0.118 0.111 0.099 0.102 0.111 0.118 0.12 0.118 0.119 0.108 0.104 0.114 0.12 0.126 0.134 0.138 0.141 0.145 0.147 0.157
-9999 -9999 -9999 -9999 -9999 -9999 -9999 -9999 -9999 -9999 -9999 -9999 -9999 -9999 -9999 0.136 0.118 0.094 0.101 0.108 -9999 -9999 0.113 0.12 0.119 0.119 0.118 0.12 0.125 0.132 0.137 0.142 0.146 -9999 0.15 0.15 0.147 0.143 0.135 0.126 0.13 0.135 0.129 0.122 0.133 0.145 0.143 0.14 0.144 0.149 0.14 0.13 0.124 0.117 0.113 0.107 0.111 0.118 0.111 0.104 0.108 0.113 0.12 0.129 0.127 0.125 0.115 0.102 0.111 0.123 0.129 0.137 0.14 0.146 0.152 0.159 0.169
-9999 -9999 -9999 -9999 -9999 -9999 -9999 -9999 -9999 -9999 -9999 -9999 -9999 -9999 -9999 0.126 0.109 0.106 0.111 0.11 0.108 0.108 0.117 0.128 0.133 0.147 0.144 0.134 0.138 0.139 0.141 0.138 0.138 0.132 0.136 0.15 0.148 0.148 0.142 0.136 0.135 0.122 0.116 0.113 0.121 0.128 0.129 0.139 0.136 0.123 0.131 0.13 0.119 0.11 0.111 0.109 0.119 0.129 0.112 0.098 0.099 0.102 0.118 0.132 0.13 0.129 0.127 0.12 0.12 0.126 0.13 0.137 0.143 0.151 0.161 0.171 0.178
-9999 -9999 -9999 -9999 -9999 -9999 -9999 -9999 -9999 -9999 -9999 -9999 -9999 -9999 -9999 -9999 0.116 0.115 0.115 0.114 0.115 0.115 0.124 0.134 0.146 0.16 0.152 0.142 0.143 0.144 0.142 0.139 0.134 0.128 0.139 0.153 0.153 0.153 0.148 0.143 0.132 0.12 0.116 0.113 0.118 0.124 0.131 0.141 0.129 0.116 0.123 0.132 0.122 0.109 0.11 0.113 0.123 0.137 0.12 0.1 0.101 0.103 0.117 0.137 0.136 0.135 0.133 0.131 0.131 0.133 0.137 0.143 0.149 0.16 0.171 0.182 0.189
-9999 -9999 -9999 -9999 -9999 -9999 -9999 -9999 -9999 -9999 -9999 -9999 -9999 -9999 -9999 -9999 -9999 -9999 0.118 0.127 0.131 0.139 0.142 0.134 0.146 0.162 0.156 0.151 0.155 0.162 0.162 0.162 0.154 0.134 0.145 0.158 0.156 0.147 0.142 0.138 0.132 0.132 0.128 0.12 0.123 0.123 0.126 0.122 0.113 0.111 0.114 0.121 0.117 0.109 0.109 0.11 0.117 0.129 0.127 0.116 0.117 0.119 0.122 0.134 0.14 0.144 0.127 0.115 0.122 0.127 0.142 0.155 0.165 0.178 0.179 0.185 0.188
-9999 -9999 -9999 -9999 -9999 -9999 -9999 -9999 -9999 -9999 -9999 -9999 -9999 -9999 -9999 -9999 -9999 0.118 0.126 0.135 0.142 0.151 0.144 0.136 0.149 0.165 0.161 0.157 0.164 0.172 0.173 0.173 0.157 0.139 0.149 0.162 0.155 0.147 0.143 0.139 0.139 0.139 0.133 0.126 0.126 0.126 0.122 0.117 0.114 0.111 0.114 0.12 0.116 0.114 0.114 0.115 0.122 0.131 0.13 0.128 0.129 0.131 0.134 0.139 0.144 0.151 0.135 0.115 0.121 0.13 0.145 0.165 0.176 0.19 0.192 0.193 0.196
-9999 -9999 -9999 -9999 -9999 -9999 -9999 -9999 -9999 -9999 -9999 -9999 -9999 -9999 -9999 -9999 0.126 0.129 0.137 0.148 0.155 0.158 0.156 0.16 0.166 0.158 0.151 0.14 0.146 0.156 0.153 0.146 0.136 0.139 0.15 0.164 0.155 0.139 0.136 0.135 0.137 0.146 0.14 0.132 0.127 0.114 0.113 0.119 0.119 0.123 0.119 0.119 0.121 0.121 0.123 0.125 0.119 0.12 0.12 0.119 0.126 0.131 0.138 0.145 0.149 0.154 0.138 0.118 0.126 0.135 0.147 0.166 0.175 0.188 0.196 0.203 0.206
-9999 -9999 -9999 -9999 -9999 -9999 -9999 -9999 -9999 -9999 -9999 -9999 -9999 -9999 -9999 0.134 0.137 0.136 0.146 0.156 0.16 0.163 0.167 0.172 0.166 0.158 0.148 0.136 0.143 0.151 0.145 0.137 0.139 0.142 0.153 0.166 0.154 0.139 0.137 0.135 0.142 0.151 0.144 0.136 0.126 0.113 0.117 0.124 0.128 0.132 0.128 0.124 0.126 0.129 0.131 0.134 0.128 0.122 0.122 0.122 0.128 0.137 0.144 0.154 0.158 0.163 0.147 0.128 0.135 0.145 0.157 0.174 0.182 0.193 0.201 0.211 0.219
-9999 -9999 -9999 -9999 -9999 -9999 -9999 -9999 -9999 -9999 -9999 -9999 -9999 0.141 0.14 0.146 0.148 0.152 0.161 0.171 0.178 0.192 0.192 0.179 0.172 0.162 0.157 0.158 0.159 0.147 0.138 0.123 0.133 0.164 0.173 0.177 0.166 0.152 0.147 0.132 0.135 0.135 0.131 0.137 0.125 0.11 0.112 0.113 0.12 0.139 0.143 0.145 0.137 0.134 0.132 0.132 0.136 0.135 0.142 0.148 0.144 0.147 0.147 0.153 0.16 0.167 0.169 0.162 0.161 0.168 0.165 0.172 0.18 0.189 0.201 0.215 -9999
-9999 -9999 -9999 -9999 -9999 -9999 -9999 -9999 -9999 -9999 -9999 -9999 0.146 0.144 0.149 0.149 -9999 -9999 -9999 -9999 0.18 0.206 0.197 0.184 0.176 0.166 0.167 0.169 0.159 0.147 0.135 0.12 0.145 0.175 0.178 0.182 0.172 0.16 0.147 0.133 0.132 0.131 0.135 0.141 0.129 0.114 0.113 0.113 0.128 0.146 0.151 0.157 0.15 0.141 0.14 0.137 0.14 0.145 0.152 0.163 0.16 0.157 0.158 0.159 0.166 0.175 0.178 0.181 0.182 0.184 0.183 0.182 0.19 0.197 0.206 0.219 0.234
-9999 -9999 -9999 -9999 -9999 -9999 -9999 -9999 -9999 -9999 -9999 -9999 0.15 0.147 0.148 -9999 -9999 -9999 -9999 -9999 0.164 0.174 0.167 0.168 0.166 0.176 0.174 0.164 0.157 0.154 0.152 0.169 0.185 0.186 0.182 0.165 0.158 0.156 0.146 0.14 0.139 0.14 0.141 0.134 0.126 0.126 0.125 0.121 0.131 0.137 0.138 0.142 0.148 0.146 0.155 0.16 0.164 0.169 0.156 0.154 0.149 0.144 0.161 0.172 0.17 0.173 0.178 0.182 0.188 0.193 0.194 0.196 0.202 0.209 0.206 0.21 0.221
-9999 -9999 -9999 -9999 -9999 -9999 -9999 -9999 -9999 -9999 -9999 -9999 -9999 -9999 0.149 -9999 -9999 -9999 -9999 -9999 0.165 0.163 0.164 0.164 0.173 0.183 0.176 0.166 0.164 0.162 0.176 0.193 0.194 0.194 0.18 0.163 0.16 0.158 0.152 0.145 0.147 0.149 0.143 0.136 0.136 0.136 0.132 0.128 0.132 0.139 0.14 0.142 0.147 0.153 0.161 0.172 0.177 0.183 0.172 0.157 0.152 0.146 0.162 0.184 0.183 0.183 0.188 0.195 0.201 0.21 0.212 0.214 0.22 0.225 0.222 0.219 0.227
-9999 -9999 -9999 -9999 -9999 -9999 -9999 -9999 -9999 -9999 -9999 -9999 -9999 -9999 -9999 -9999 -9999 -9999 -9999 -9999 0.164 0.162 0.161 0.155 0.166 0.188 0.178 0.16 0.159 0.164 0.173 0.175 0.175 0.176 0.167 0.17 0.165 0.154 0.153 0.163 0.164 0.161 0.158 0.158 0.156 0.147 0.146 0.15 0.14 0.138 0.144 0.149 0.158 0.167 0.164 0.168 0.169 0.172 0.169 0.161 0.168 0.171 0.172 0.185 0.189 0.192 0.195 0.201 0.205 0.212 0.223 0.23 0.228 0.228 0.232 0.233 0.23
-9999 -9999 -9999 -9999 -9999 -9999 -9999 -9999 -9999 -9999 -9999 -9999 -9999 -9999 -9999 -9999 -9999 -9999 -9999 -9999 -9999 0.168 0.164 0.158 0.175 0.195 0.18 0.163 0.166 0.17 0.171 0.173 0.173 0.173 0.175 0.177 0.168 0.158 0.166 0.176 0.175 0.172 0.173 0.172 0.164 0.155 0.158 0.163 0.153 0.143 0.149 0.157 0.165 0.177 0.174 0.171 0.172 0.174 0.173 0.172 0.179 0.189 0.192 0.196 0.201 0.207 0.211 0.216 0.22 0.226 0.236 0.247 0.245 0.242 0.245 0.251 0.248
-9999 -9999 -9999 -9999 -9999 -9999 -9999 -9999 -9999 -9999 -9999 -9999 -9999 -9999 -9999 -9999 -9999 -9999 -9999 -9999 0.183 0.183 0.181 0.18 0.187 0.177 0.172 0.184 0.184 0.177 0.176 0.17 0.171 0.174 0.172 0.166 0.163 0.173 0.18 0.186 0.181 0.171 0.17 0.171 0.16 0.147 0.151 0.163 0.15 0.137 0.14 0.146 0.155 0.165 0.172 0.175 0.179 0.184 0.181 0.179 0.182 0.188 0.2 0.209 0.212 0.216 0.219 0.223 0.23 0.237 0.245 0.254 0.248 0.242 0.255 0.265 0.271
-9999 -9999 -9999 -9999 -9999 -9999 -9999 -9999 -9999 -9999 -9999 -9999 -9999 -9999 -9999 -9999 -9999 -9999 -9999 -9999 0.191 0.195 0.194 0.193 0.185 0.175 0.185 0.197 0.192 0.185 0.18 0.174 0.176 0.179 0.173 0.166 0.174 0.184 0.189 0.195 0.186 0.175 0.175 0.175 0.164 0.15 0.158 0.169 0.156 0.141 0.144 0.148 0.156 0.167 0.174 0.184 0.189 0.196 0.194 0.192 0.194 0.198 0.209 0.224 0.227 0.231 0.235 0.238 0.245 0.254 0.261 0.267 0.261 0.253 0.265 0.282 0.287
-9999 -9999 -9999 -9999 -9999 -9999 -9999 -9999 -9999 -9999 -9999 -9999 -9999 -9999 -9999 -9999 -9999 -9999 -9999 -9999 0.193 0.197 0.197 0.197 0.193 0.196 0.2 0.194 0.189 0.185 0.183 0.188 0.191 0.196 0.189 0.176 0.181 0.181 0.182 0.18 0.176 0.184 0.185 0.19 0.178 0.162 0.168 0.173 0.167 0.156 0.152 0.152 0.166 0.181 0.18 0.185 0.185 0.187 0.187 0.185 0.193 0.199 0.221 0.242 0.235 0.233 0.244 0.251 0.258 0.265 0.259 0.257 0.262 0.26 0.282 0.304 0.302
-9999 -9999 -9999 -9999 -9999 -9999 -9999 -9999 -9999 -9999 -9999 -9999 -9999 -9999 -9999 -9999 -9999 -9999 -9999 -9999 -9999 0.203 0.203 0.203 0.206 0.209 0.204 0.197 0.194 0.19 0.193 0.197 0.202 0.207 0.197 0.186 0.186 0.186 0.183 0.179 0.185 0.192 0.196 0.202 0.188 0.172 0.176 0.181 0.175 0.169 0.164 0.162 0.176 0.195 0.195 0.194 0.194 0.194 0.193 0.193 0.2 0.21 0.231 0.257 0.252 0.245 0.256 0.267 0.274 0.281 0.274 0.264 0.268 0.274 0.295 0.322 0.32
-9999 -9999 -9999 -9999 -9999 -9999 -9999 -9999 -9999 -9999 -9999 -9999 -9999 -9999 -9999 -9999 -9999 -9999 -9999 -9999 -9999 0.221 0.223 0.225 0.221 0.202 0.202 0.214 0.212 0.211 0.211 0.204 0.205 0.204 0.199 0.201 0.199 0.193 0.19 0.185 0.191 0.2 0.205 0.211 0.199 0.188 0.189 0.186 0.175 0.166 0.184 0.193 0.189 0.196 0.199 0.2 0.213 0.22 0.221 0.222 0.233 0.245 0.248 0.263 0.27 0.271 0.274 0.283 0.283 0.283 0.282 0.276 0.28 0.286 0.286 0.299 0.311
-9999 -9999 -9999 -9999 -9999 -9999 -9999 -9999 -9999 -9999 -9999 -9999 -9999 -9999 -9999 -9999 -9999 -9999 -9999 -9999 0.219 0.233 0.236 0.238 0.223 0.204 0.213 0.224 0.224 0.223 0.217 0.21 0.209 0.208 0.21 0.212 0.207 0.202 0.198 0.192 0.199 0.208 0.213 0.219 0.21 0.2 0.197 0.193 0.183 0.174 0.191 0.214 0.21 0.205 0.208 0.211 0.223 0.238 0.24 0.242 0.253 0.266 0.27 0.275 0.282 0.291 0.295 0.299 0.299 0.295 0.293 0.291 0.295 0.301 0.301 0.301 0.31
-9999 -9999 -9999 -9999 -9999 -9999 -9999 -9999 -9999 -9999 -9999 -9999 -9999 -9999 -9999 -9999 -9999 -9999 -9999 -9999 0.235 0.236 0.238 0.239 0.23 0.23 0.235 0.233 0.234 0.235 0.231 0.226 0.221 0.211 0.213 0.216 0.212 0.208 0.205 0.207 0.21 0.206 0.21 0.215 0.209 0.208 0.205 0.205 0.197 0.188 0.191 0.204 0.213 0.215 0.213 0.213 0.229 0.246 0.258 0.266 0.262 0.267 0.266 0.267 0.275 0.283 0.294 0.301 0.311 0.312 0.3 0.292 0.301 0.309 0.308 0.307 0.31
-9999 -9999 -9999 -9999 -9999 -9999 -9999 -9999 -9999 -9999 -9999 -9999 -9999 -9999 -9999 -9999 -9999 -9999 -9999 -9999 0.239 0.242 0.243 0.244 0.245 0.246 0.244 0.242 0.243 0.244 0.24 0.236 0.227 0.217 0.22 0.223 0.22 0.215 0.216 0.217 0.214 0.21 0.214 0.218 0.217 0.216 0.215 0.216 0.21 0.202 0.205 0.21 0.218 0.228 0.225 0.223 0.238 0.257 0.269 0.283 0.28 0.276 0.276 0.275 0.282 0.29 0.3 0.312 0.321 0.328 0.317 0.304 0.311 0.322 0.32 0.317 0.319
-9999 -9999 -9999 -9999 -9999 -9999 -9999 -9999 -9999 -9999 -9999 -9999 -9999 -9999 -9999 -9999 -9999 -9999 -9999 0.242 0.246 0.264 0.265 0.265 0.264 0.255 0.255 0.255 0.256 0.257 0.255 0.253 0.243 0.227 0.232 0.243 0.236 0.22 0.221 0.222 0.22 0.22 0.222 0.219 0.218 0.218 0.22 0.228 0.221 0.207 0.225 0.238 0.239 0.245 0.246 0.245 0.253 0.269 0.273 0.283 0.286 0.286 0.28 0.276 0.289 0.301 0.311 0.323 0.327 0.332 0.331 0.324 0.322 0.325 0.321 0.318 0.324
-9999 -9999 -9999 -9999 -9999 -9999 -9999 -9999 -9999 -9999 -9999 -9999 -9999 -9999 -9999 -9999 -9999 -9999 0.247 0.249 0.262 0.277 0.277 0.277 0.271 0.263 0.264 0.265 0.266 0.267 0.266 0.264 0.252 0.237 0.245 0.254 0.242 0.226 0.227 0.228 0.228 0.229 0.227 0.224 0.224 0.224 0.231 0.24 0.23 0.218 0.235 0.256 0.258 0.26 0.262 0.263 0.271 0.282 0.287 0.292 0.296 0.299 0.294 0.286 0.298 0.314 0.325 0.336 0.34 0.343 0.342 0.342 0.338 0.333 0.329 0.325 0.331
-9999 -9999 -9999 -9999 -9999 -9999 -9999 -9999 -9999 -9999 -9999 -9999 -9999 -9999 -9999 -9999 0.257 0.256 0.255 0.25 0.26 0.27 0.27 0.27 0.267 0.271 0.27 0.266 0.268 0.275 0.271 0.262 0.252 0.244 0.249 0.251 0.24 0.23 0.229 0.224 0.222 0.22 0.221 0.229 0.227 0.224 0.231 0.24 0.235 0.234 0.243 0.26 0.262 0.265 0.268 0.27 0.284 0.297 0.292 0.292 0.297 0.3 0.297 0.291 0.309 0.328 0.328 0.332 0.34 0.345 0.349 0.348 0.356 0.358 0.344 0.334 0.341
-9999 -9999 -9999 -9999 -9999 -9999 -9999 -9999 -9999 -9999 -9999 -9999 -9999 -9999 -9999 0.264 0.265 0.262 0.259 0.255 0.263 0.272 0.272 0.271 0.274 0.278 0.274 0.27 0.275 0.281 0.274 0.267 0.26 0.252 0.252 0.254 0.246 0.236 0.231 0.226 0.224 0.221 0.227 0.235 0.232 0.23 0.238 0.247 0.248 0.248 0.257 0.269 0.272 0.275 0.278 0.282 0.295 0.312 0.308 0.301 0.305 0.309 0.306 0.302 0.32 0.343 0.343 0.34 0.346 0.355 0.357 0.357 0.364 0.374 0.36 0.345 0.35
-9999 -9999 -9999 -9999 -9999 -9999 -9999 -9999 -9999 -9999 -9999 -9999 0.245 0.24 0.25 0.256 0.259 0.268 0.269 0.276 0.278 0.27 0.272 0.278 0.279 0.275 0.273 0.278 0.279 0.275 0.27 0.267 0.264 0.269 0.266 0.253 0.248 0.247 0.237 0.217 0.216 0.22 0.226 0.237 0.236 0.236 0.244 0.256 0.261 0.263 0.267 0.275 0.285 0.293 0.293 0.295 0.303 0.315 0.318 0.316 0.315 0.316 0.321 0.321 0.323 0.335 0.347 0.35 0.356 0.364 0.367 0.367 0.355 0.354 0.352 0.343 0.339
-9999 -9999 -9999 -9999 -9999 -9999 -9999 -9999 -9999 -9999 0.261 0.259 0.256 0.25 0.255 0.26 0.268 0.276 0.283 0.29 0.283 0.274 0.279 0.286 0.282 0.277 0.281 0.285 0.281 0.276 0.273 0.27 0.274 0.279 0.27 0.258 0.257 0.256 0.238 0.217 0.22 0.224 0.232 0.243 0.244 0.244 0.254 0.266 0.27 0.275 0.279 0.284 0.294 0.306 0.307 0.307 0.314 0.324 0.326 0.329 0.328 0.327 0.332 0.337 0.339 0.34 0.349 0.36 0.366 0.372 0.376 0.377 0.366 0.354 0.351 0.349 0.345
-9999 -9999 -9999 -9999 -9999 -9999 0.271 0.271 0.27 0.269 0.275 0.283 0.282 0.285 0.289 0.288 0.292 0.29 0.294 0.294 0.288 0.283 0.289 0.296 0.292 0.287 0.288 0.287 0.284 0.285 0.283 0.28 0.279 0.268 0.262 0.264 0.26 0.25 0.237 0.232 0.232 0.231 0.238 0.248 0.247 0.246 0.252 0.252 0.256 0.26 0.275 0.286 0.287 0.293 0.309 0.318 0.324 0.331 0.333 0.334 0.33 0.326 0.336 0.345 0.343 0.341 0.355 0.37 0.369 0.371 0.367 0.365 0.362 0.355 0.349 0.345 0.346
-9999 -9999 -9999 -9999 -9999 0.271 0.278 0.278 0.283 0.291 0.297 0.3 0.303 0.306 0.306 0.305 0.304 0.302 0.302 0.301 0.297 0.292 0.298 0.305 0.3 0.294 0.293 0.291 0.291 0.292 0.29 0.287 0.278 0.267 0.268 0.269 0.261 0.251 0.246 0.241 0.239 0.237 0.244 0.254 0.253 0.252 0.252 0.251 0.255 0.26 0.274 0.291 0.292 0.293 0.308 0.327 0.332 0.339 0.341 0.342 0.338 0.332 0.342 0.354 0.352 0.347 0.361 0.379 0.378 0.376 0.372 0.366 0.363 0.361 0.356 0.351 0.351
-9999 -9999 -9999 -9999 0.277 0.28 0.286 0.293 0.301 0.309 0.312 0.309 0.31 0.307 0.308 0.312 0.314 0.321 0.321 0.32 0.315 0.307 0.309 0.305 0.3 0.297 0.298 0.304 0.303 0.299 0.296 0.289 0.288 0.298 0.291 0.261 0.256 0.257 0.254 0.254 0.25 0.244 0.245 0.235 0.239 0.257 0.252 0.238 0.246 0.27 0.276 0.288 0.299 0.306 0.315 0.33 0.343 0.353 0.341 0.335 0.328 0.32 0.326 0.334 0.339 0.338 0.344 0.355 0.358 0.357 0.354 0.348 0.365 0.375 0.356 0.343 0.348
