Validation/Results/raw data/ReClimate_10_2024_1_Temperature.asc
NCOLS 192
NROWS 249
XLLCENTER -225160.85627316462
YLLCENTER 29788.11610251502
CELLSIZE 5000.0
NODATA_VALUE -9999
[rows 102 to 135 of 249, columns 77 to 153 of 192]
-0.008 -0.002 0.021 0.042 -9999 -9999 0.04 -9999 -9999 0.069 0.083 0.097 0.107 0.117 0.13 0.144 0.126 0.104 0.122 0.141 0.144 0.147 0.145 0.142 0.145 0.147 0.146 0.143 0.141 0.137 0.132 0.124 0.113 0.099 0.092 0.083 0.077 0.07 0.075 0.079 -9999 -9999 -9999 -9999 -9999 -9999 -9999 -9999 -9999 -9999 -9999 -9999 -9999 -9999 -9999 -9999 -9999 -9999 -9999 -9999 -9999 -9999 -9999 -9999 -9999 -9999 -9999 -9999 -9999 -9999 -9999 -9999 -9999 -9999 -9999 -9999 -9999
0.0 0.01 -9999 -9999 -9999 0.044 0.05 0.079 0.089 0.086 0.102 0.122 0.126 0.117 0.127 0.132 0.123 0.126 0.138 0.135 0.14 0.149 0.15 0.152 0.15 0.136 0.135 0.134 0.132 0.134 0.132 0.134 0.122 0.103 0.097 -9999 -9999 0.081 -9999 -9999 -9999 -9999 -9999 -9999 -9999 -9999 -9999 -9999 -9999 -9999 -9999 -9999 -9999 -9999 -9999 -9999 -9999 -9999 -9999 -9999 -9999 -9999 -9999 -9999 -9999 -9999 -9999 -9999 -9999 -9999 -9999 -9999 -9999 -9999 -9999 -9999 -9999
-9999 0.015 -9999 -9999 -9999 0.053 0.073 0.092 0.093 0.091 0.109 0.129 0.124 0.116 0.121 0.126 0.131 0.135 0.136 0.132 0.14 0.15 0.153 0.155 0.145 0.131 0.131 0.129 0.13 0.131 0.134 0.137 0.122 0.104 -9999 0.093 0.089 0.084 0.082 -9999 -9999 -9999 -9999 -9999 -9999 -9999 -9999 -9999 -9999 -9999 -9999 -9999 -9999 -9999 -9999 -9999 -9999 -9999 -9999 -9999 -9999 -9999 -9999 -9999 -9999 -9999 -9999 -9999 -9999 -9999 -9999 -9999 -9999 -9999 -9999 -9999 -9999
-9999 -9999 -9999 0.045 0.062 0.07 0.082 0.084 0.09 0.101 0.119 0.137 0.133 0.126 0.132 0.135 0.134 0.119 0.123 0.133 0.136 0.13 0.135 0.146 0.142 0.145 0.144 0.14 0.143 0.147 0.145 0.133 -9999 0.13 0.121 0.098 0.093 0.086 0.082 -9999 -9999 -9999 -9999 -9999 -9999 -9999 -9999 -9999 -9999 -9999 -9999 -9999 -9999 -9999 -9999 -9999 -9999 -9999 -9999 -9999 -9999 -9999 -9999 -9999 -9999 -9999 -9999 -9999 -9999 -9999 -9999 -9999 -9999 -9999 -9999 -9999 -9999
-9999 -9999 -9999 0.049 0.06 0.075 0.078 0.079 0.092 0.103 0.119 0.137 0.134 0.129 0.135 0.139 0.128 0.114 0.124 0.133 0.128 0.122 0.132 0.142 0.146 0.15 0.148 0.144 0.148 0.152 0.143 0.131 0.135 0.14 0.122 0.1 0.095 0.088 0.084 0.079 -9999 -9999 -9999 -9999 -9999 -9999 -9999 -9999 -9999 -9999 -9999 -9999 -9999 -9999 -9999 -9999 -9999 -9999 -9999 -9999 -9999 -9999 -9999 -9999 -9999 -9999 -9999 -9999 -9999 -9999 -9999 -9999 -9999 -9999 -9999 -9999 -9999
-9999 -9999 0.03 -9999 -9999 0.082 0.087 0.095 0.105 0.11 -9999 -9999 0.141 0.156 0.16 0.154 0.155 0.167 0.169 0.151 0.149 0.146 0.159 0.175 0.176 0.167 0.164 0.155 0.155 0.146 0.141 0.142 0.141 0.129 0.116 0.107 0.104 0.102 0.097 0.084 0.085 -9999 -9999 -9999 -9999 -9999 -9999 -9999 -9999 -9999 -9999 -9999 -9999 -9999 -9999 -9999 -9999 -9999 -9999 -9999 -9999 -9999 -9999 -9999 -9999 -9999 -9999 -9999 -9999 -9999 -9999 -9999 -9999 -9999 -9999 -9999 -9999
-9999 -9999 0.029 -9999 0.067 0.084 0.091 0.099 0.106 0.111 0.123 0.135 0.15 0.165 0.163 0.159 0.174 0.187 0.174 0.157 0.157 0.155 0.17 0.186 0.18 0.172 0.166 0.159 0.152 0.142 0.144 0.145 0.136 0.124 0.118 0.11 0.109 0.108 0.099 0.088 -9999 -9999 -9999 -9999 -9999 -9999 -9999 -9999 -9999 -9999 -9999 -9999 -9999 -9999 -9999 -9999 -9999 -9999 -9999 -9999 -9999 -9999 -9999 -9999 -9999 -9999 -9999 -9999 -9999 -9999 -9999 -9999 -9999 -9999 -9999 -9999 -9999
-9999 -9999 0.029 -9999 0.062 0.074 0.085 0.104 0.115 -9999 0.14 0.145 -9999 0.156 0.156 0.158 0.17 0.175 0.169 0.17 0.17 0.17 0.182 0.191 0.185 0.173 0.171 0.175 0.17 0.165 0.162 0.146 0.138 0.129 0.122 0.111 -9999 -9999 -9999 -9999 -9999 -9999 -9999 -9999 -9999 -9999 -9999 -9999 -9999 -9999 -9999 -9999 -9999 -9999 -9999 -9999 -9999 -9999 -9999 -9999 -9999 -9999 -9999 -9999 -9999 -9999 -9999 -9999 -9999 -9999 -9999 -9999 -9999 -9999 -9999 -9999 -9999
0.008 0.015 -9999 -9999 0.055 0.07 0.086 0.104 0.12 0.136 0.142 0.147 -9999 0.152 0.155 0.157 0.165 0.169 0.172 0.174 0.175 0.174 0.183 0.192 0.183 0.172 0.176 0.18 0.177 0.173 0.161 0.146 0.14 0.131 0.123 -9999 -9999 -9999 -9999 -9999 -9999 -9999 -9999 -9999 -9999 -9999 -9999 -9999 -9999 -9999 -9999 -9999 -9999 -9999 -9999 -9999 -9999 -9999 -9999 -9999 -9999 -9999 -9999 -9999 -9999 -9999 -9999 -9999 -9999 -9999 -9999 -9999 -9999 -9999 -9999 -9999 -9999
0.014 0.023 -9999 0.038 0.049 0.082 0.087 -9999 0.096 0.124 0.132 0.141 -9999 0.152 0.162 0.182 0.186 0.178 0.182 0.184 0.188 0.193 0.197 0.19 0.184 0.182 -9999 0.168 0.164 0.158 0.148 0.141 0.136 0.134 -9999 -9999 -9999 -9999 -9999 -9999 -9999 -9999 -9999 -9999 -9999 -9999 -9999 -9999 -9999 -9999 -9999 -9999 -9999 -9999 -9999 -9999 -9999 -9999 -9999 -9999 -9999 -9999 -9999 -9999 -9999 -9999 -9999 -9999 -9999 -9999 -9999 -9999 -9999 -9999 -9999 -9999 -9999
0.025 -9999 -9999 0.034 0.057 0.08 -9999 0.068 0.092 0.12 0.129 0.139 -9999 0.152 0.171 0.191 0.188 0.18 0.184 0.187 0.193 0.199 0.194 0.188 0.187 0.186 0.176 0.163 -9999 -9999 0.146 0.139 -9999 -9999 -9999 -9999 -9999 -9999 0.119 0.114 0.106 -9999 -9999 -9999 -9999 -9999 -9999 -9999 -9999 -9999 -9999 -9999 -9999 -9999 -9999 -9999 -9999 -9999 -9999 -9999 -9999 -9999 -9999 -9999 -9999 -9999 -9999 -9999 -9999 -9999 -9999 -9999 -9999 -9999 -9999 -9999 -9999
-9999 -9999 0.044 0.05 0.067 0.067 -9999 0.081 0.1 0.108 0.116 0.124 -9999 -9999 -9999 0.197 0.193 0.184 0.184 0.175 0.183 0.196 0.19 0.181 0.185 0.197 0.19 0.184 0.18 0.171 0.166 0.154 -9999 -9999 -9999 -9999 -9999 0.139 0.13 0.116 0.111 0.106 -9999 -9999 -9999 -9999 -9999 -9999 -9999 -9999 -9999 -9999 -9999 -9999 -9999 -9999 -9999 -9999 -9999 -9999 -9999 -9999 -9999 -9999 -9999 -9999 -9999 -9999 -9999 -9999 -9999 -9999 -9999 -9999 -9999 -9999 -9999
-9999 -9999 -9999 0.057 0.059 0.061 -9999 0.086 -9999 0.104 0.112 0.119 -9999 0.162 0.18 0.198 -9999 0.184 0.178 0.17 0.181 0.193 0.187 0.177 0.188 0.2 0.197 0.191 0.186 0.179 0.172 0.162 0.158 0.149 0.152 -9999 0.154 0.15 0.139 0.121 0.118 0.113 0.114 0.113 -9999 -9999 -9999 -9999 -9999 -9999 -9999 -9999 -9999 -9999 -9999 -9999 -9999 -9999 -9999 -9999 -9999 -9999 -9999 -9999 -9999 -9999 -9999 -9999 -9999 -9999 -9999 -9999 -9999 -9999 -9999 -9999 -9999
-9999 -9999 -9999 0.051 0.058 0.072 -9999 0.091 -9999 0.133 0.144 -9999 0.151 0.175 0.185 0.176 0.18 0.202 0.201 0.2 0.207 0.201 0.197 0.191 0.202 0.213 0.21 0.202 0.193 0.169 0.165 0.164 0.166 0.177 0.181 0.177 0.174 0.158 0.152 0.154 0.154 0.154 0.152 0.137 0.123 0.117 0.116 -9999 -9999 -9999 -9999 -9999 -9999 -9999 -9999 -9999 -9999 -9999 -9999 -9999 -9999 -9999 -9999 -9999 -9999 -9999 -9999 -9999 -9999 -9999 -9999 -9999 -9999 -9999 -9999 -9999 -9999
-9999 -9999 -9999 0.049 0.061 0.075 0.085 -9999 -9999 0.144 0.155 -9999 0.165 0.18 0.175 0.166 0.185 0.207 0.21 0.211 0.207 0.202 0.2 0.196 0.206 0.219 0.214 0.208 0.19 0.167 0.167 0.167 0.178 0.19 0.189 0.188 0.177 0.162 0.166 0.169 0.171 0.172 0.162 0.15 0.146 0.135 0.123 0.123 -9999 -9999 -9999 -9999 -9999 -9999 -9999 -9999 -9999 -9999 -9999 -9999 -9999 -9999 -9999 -9999 -9999 -9999 -9999 -9999 -9999 -9999 -9999 -9999 -9999 -9999 -9999 -9999 -9999
-9999 -9999 -9999 0.048 0.064 0.089 0.095 -9999 -9999 0.142 0.152 -9999 -9999 0.177 0.172 0.167 0.184 0.202 0.202 0.198 0.196 0.196 0.196 0.199 0.207 0.21 0.21 0.217 0.201 0.181 0.182 0.183 0.193 0.199 0.197 0.187 0.182 0.186 0.187 0.181 0.183 0.186 0.178 0.165 0.159 0.147 0.14 0.126 -9999 -9999 -9999 -9999 -9999 -9999 -9999 -9999 -9999 -9999 -9999 -9999 -9999 -9999 -9999 -9999 -9999 -9999 -9999 -9999 -9999 -9999 -9999 -9999 -9999 -9999 -9999 -9999 -9999
-9999 -9999 -9999 0.048 0.069 0.091 -9999 -9999 -9999 -9999 0.149 -9999 0.168 0.174 0.171 0.166 0.181 0.197 0.195 0.191 0.192 0.192 0.197 0.201 0.205 0.207 0.214 0.221 0.207 0.188 0.19 0.191 0.198 0.205 0.198 0.188 0.192 0.196 0.192 0.187 0.19 0.193 0.185 0.173 0.165 0.155 0.145 0.132 0.132 -9999 -9999 -9999 -9999 -9999 -9999 -9999 -9999 -9999 -9999 -9999 -9999 -9999 -9999 -9999 -9999 -9999 -9999 -9999 -9999 -9999 -9999 -9999 -9999 -9999 -9999 -9999 -9999
-9999 0.046 0.053 0.061 0.076 -9999 -9999 0.095 -9999 -9999 -9999 -9999 0.174 0.183 0.181 0.175 0.186 0.188 0.185 0.18 0.183 0.189 0.194 0.201 0.207 0.216 0.223 0.229 0.218 0.206 0.206 0.199 0.205 0.212 0.203 0.189 0.196 0.211 0.207 0.198 0.201 0.205 0.2 0.2 0.19 0.167 0.163 0.165 0.144 -9999 -9999 -9999 -9999 -9999 -9999 -9999 -9999 -9999 -9999 -9999 -9999 -9999 -9999 -9999 -9999 -9999 -9999 -9999 -9999 -9999 -9999 -9999 -9999 -9999 -9999 -9999 -9999
-9999 -9999 0.055 0.066 0.069 -9999 0.083 0.094 0.114 -9999 -9999 -9999 -9999 0.185 0.183 0.178 0.181 0.183 0.18 0.176 0.182 0.188 0.195 0.201 0.212 0.221 0.227 0.233 0.225 0.215 0.211 0.203 0.209 0.216 0.205 0.191 0.203 0.217 0.211 0.203 0.207 0.21 0.211 0.212 0.195 0.174 0.177 0.181 0.171 0.148 -9999 -9999 -9999 -9999 -9999 -9999 -9999 -9999 -9999 -9999 -9999 -9999 -9999 -9999 -9999 -9999 -9999 -9999 -9999 -9999 -9999 -9999 -9999 -9999 -9999 -9999 -9999
-9999 -9999 0.047 0.059 0.064 -9999 0.088 0.111 0.129 -9999 -9999 -9999 -9999 -9999 0.187 0.185 0.191 0.201 0.196 0.179 0.184 0.184 0.193 0.205 0.215 0.224 0.227 0.225 0.221 0.222 0.216 0.204 0.207 0.206 0.203 0.214 0.223 0.224 0.221 0.221 0.224 0.224 0.227 0.23 0.213 0.186 0.186 0.179 0.168 0.158 0.15 -9999 -9999 -9999 -9999 -9999 -9999 -9999 -9999 -9999 -9999 -9999 -9999 -9999 -9999 -9999 -9999 -9999 -9999 -9999 -9999 -9999 -9999 -9999 -9999 -9999 -9999
-9999 -9999 0.048 0.057 -9999 -9999 0.089 0.118 0.13 0.133 -9999 -9999 -9999 -9999 -9999 0.187 0.197 0.208 0.197 0.182 0.183 0.184 0.195 0.207 0.217 0.227 0.226 0.224 0.226 0.226 0.217 0.205 0.204 0.203 0.213 0.224 0.225 0.227 0.228 0.229 0.23 0.23 0.234 0.238 0.218 0.192 0.187 0.18 0.17 0.159 0.152 0.15 0.15 -9999 -9999 -9999 -9999 -9999 -9999 -9999 -9999 -9999 -9999 -9999 -9999 -9999 -9999 -9999 -9999 -9999 -9999 -9999 -9999 -9999 -9999 -9999 -9999
-9999 -9999 0.05 0.089 -9999 -9999 0.093 0.105 0.112 -9999 -9999 -9999 -9999 -9999 -9999 0.193 0.203 0.21 0.202 0.194 0.193 0.184 0.2 0.226 0.233 0.229 0.229 0.228 0.231 0.236 0.23 0.223 0.22 0.209 0.221 0.239 0.235 0.216 0.22 0.228 0.229 0.23 0.232 0.229 0.213 0.201 0.2 0.205 0.193 0.18 0.16 0.144 0.16 -9999 -9999 -9999 -9999 -9999 -9999 -9999 -9999 -9999 -9999 -9999 -9999 -9999 -9999 -9999 -9999 -9999 -9999 -9999 -9999 -9999 -9999 -9999 -9999
-9999 -9999 0.079 0.101 -9999 -9999 -9999 0.097 0.102 0.109 -9999 -9999 -9999 -9999 -9999 0.196 0.203 0.21 0.206 0.2 0.194 0.186 0.209 0.235 0.235 0.232 0.232 0.231 0.236 0.241 0.236 0.231 0.223 0.212 0.228 0.245 0.231 0.213 0.22 0.228 0.229 0.23 0.229 0.226 0.217 0.205 0.21 0.217 0.206 0.191 0.173 0.149 0.164 -9999 -9999 -9999 -9999 -9999 -9999 -9999 -9999 -9999 -9999 -9999 -9999 -9999 -9999 -9999 -9999 -9999 -9999 -9999 -9999 -9999 -9999 -9999 -9999
-9999 0.047 0.073 0.101 -9999 -9999 -9999 -9999 -9999 -9999 -9999 -9999 -9999 -9999 -9999 0.208 0.213 0.207 0.209 0.221 0.215 0.2 0.217 0.227 0.222 0.206 0.214 0.237 0.241 0.243 0.237 0.227 0.22 0.214 0.224 0.23 0.222 0.225 0.234 0.245 0.245 0.238 0.233 0.216 0.205 0.189 0.198 0.216 0.205 0.189 0.191 0.18 0.167 0.176 -9999 -9999 -9999 -9999 -9999 -9999 -9999 -9999 -9999 -9999 -9999 -9999 -9999 -9999 -9999 -9999 -9999 -9999 -9999 -9999 -9999 -9999 -9999
0.043 0.052 0.071 0.099 -9999 -9999 -9999 -9999 -9999 -9999 -9999 -9999 -9999 0.161 0.188 0.212 0.211 0.206 0.218 0.231 0.221 0.207 0.216 0.226 0.214 0.198 0.218 0.24 0.242 0.244 0.236 0.226 0.221 0.215 0.219 0.224 0.227 0.23 0.24 0.252 0.247 0.241 0.229 0.213 0.2 0.186 0.2 0.217 0.207 0.191 0.193 0.193 0.182 0.189 -9999 -9999 -9999 -9999 -9999 -9999 -9999 -9999 -9999 -9999 -9999 -9999 -9999 -9999 -9999 -9999 -9999 -9999 -9999 -9999 -9999 -9999 -9999
0.047 0.051 0.071 -9999 -9999 -9999 -9999 -9999 -9999 -9999 -9999 -9999 -9999 0.156 0.179 0.208 0.212 0.222 0.231 0.23 0.227 0.231 0.241 0.249 0.241 0.232 0.248 0.256 0.251 0.234 0.233 0.244 0.244 0.247 0.247 0.232 0.231 0.224 0.236 0.254 0.249 0.238 0.229 0.221 0.214 0.209 0.219 0.218 0.207 0.192 0.201 0.206 0.214 0.176 -9999 -9999 -9999 -9999 -9999 -9999 -9999 -9999 -9999 -9999 -9999 -9999 -9999 -9999 -9999 -9999 -9999 -9999 -9999 -9999 -9999 -9999 -9999
-9999 -9999 -9999 -9999 -9999 -9999 -9999 -9999 -9999 -9999 -9999 -9999 -9999 0.154 0.176 0.205 0.216 0.227 0.23 0.231 0.238 0.242 0.25 0.258 0.254 0.247 0.255 0.262 0.248 0.23 0.24 0.251 0.256 0.26 0.249 0.236 0.229 0.222 0.237 0.255 0.247 0.237 0.232 0.225 0.224 0.22 0.22 0.22 0.209 0.195 0.203 0.212 0.22 0.197 -9999 -9999 -9999 -9999 -9999 -9999 -9999 -9999 -9999 -9999 -9999 -9999 -9999 -9999 -9999 -9999 -9999 -9999 -9999 -9999 -9999 -9999 -9999
-9999 -9999 -9999 -9999 -9999 -9999 -9999 -9999 -9999 -9999 -9999 -9999 0.135 0.146 0.169 0.189 0.203 0.222 0.229 0.238 0.244 0.246 0.251 0.25 0.251 0.258 0.261 0.249 0.238 0.233 0.238 0.238 0.239 0.239 0.234 0.241 0.237 0.234 0.243 0.244 0.237 0.231 0.226 0.222 0.222 0.225 0.223 0.214 0.208 0.197 0.204 0.212 0.215 0.223 -9999 -9999 -9999 -9999 -9999 -9999 -9999 -9999 -9999 -9999 -9999 -9999 -9999 -9999 -9999 -9999 -9999 -9999 -9999 -9999 -9999 -9999 -9999
-9999 -9999 -9999 -9999 -9999 -9999 -9999 -9999 -9999 -9999 -9999 -9999 0.13 0.145 0.164 0.183 0.201 0.219 0.229 0.238 0.243 0.246 0.249 0.248 0.257 0.264 0.257 0.245 0.241 0.235 0.234 0.233 0.232 0.231 0.237 0.244 0.242 0.239 0.24 0.24 0.235 0.23 0.226 0.222 0.225 0.228 0.222 0.213 0.208 0.2 0.206 0.213 0.216 0.215 -9999 -9999 -9999 -9999 -9999 -9999 -9999 -9999 -9999 -9999 -9999 -9999 -9999 -9999 -9999 -9999 -9999 -9999 -9999 -9999 -9999 -9999 -9999
-9999 -9999 -9999 -9999 -9999 -9999 -9999 -9999 -9999 -9999 -9999 0.115 0.127 0.155 0.17 0.18 0.198 0.219 0.233 0.253 0.256 0.251 0.259 0.271 0.281 0.284 0.279 0.27 0.267 0.263 0.258 0.242 0.242 0.242 0.244 0.24 0.242 0.251 0.249 0.239 0.236 0.237 0.233 0.226 0.228 0.226 0.223 0.224 0.219 0.212 0.217 0.224 0.228 0.225 0.222 -9999 -9999 -9999 -9999 -9999 -9999 -9999 -9999 -9999 -9999 -9999 -9999 -9999 -9999 -9999 -9999 -9999 -9999 -9999 -9999 -9999 -9999
-9999 -9999 -9999 -9999 -9999 -9999 -9999 -9999 -9999 -9999 0.103 0.111 0.133 0.157 0.168 0.177 0.197 0.217 0.237 0.257 0.256 0.251 0.265 0.278 0.286 0.291 0.288 0.281 0.278 0.275 0.262 0.246 0.247 0.247 0.244 0.239 0.247 0.257 0.249 0.239 0.24 0.241 0.236 0.229 0.228 0.226 0.227 0.229 0.224 0.217 0.221 0.226 0.23 0.235 0.226 -9999 -9999 -9999 -9999 -9999 -9999 -9999 -9999 -9999 -9999 -9999 -9999 -9999 -9999 -9999 -9999 -9999 -9999 -9999 -9999 -9999 -9999
-9999 -9999 -9999 -9999 -9999 -9999 -9999 -9999 -9999 -9999 0.106 0.12 0.139 0.153 0.166 0.181 0.193 0.193 0.215 0.247 0.25 0.255 0.265 0.268 0.276 0.282 0.284 0.295 0.296 0.299 0.286 0.265 0.261 0.247 0.242 0.234 0.245 0.263 0.256 0.248 0.252 0.26 0.255 0.247 0.248 0.247 0.245 0.231 0.229 0.224 0.221 0.221 0.223 0.225 0.231 -9999 -9999 -9999 -9999 -9999 -9999 -9999 -9999 -9999 -9999 -9999 -9999 -9999 -9999 -9999 -9999 -9999 -9999 -9999 -9999 -9999 -9999
-9999 -9999 -9999 -9999 -9999 -9999 -9999 -9999 -9999 0.104 0.115 0.122 0.136 0.15 0.166 0.182 0.184 0.183 0.211 0.242 0.25 0.256 0.26 0.263 0.271 0.276 0.286 0.297 0.302 0.306 0.291 0.272 0.262 0.248 0.242 0.234 0.249 0.266 0.26 0.252 0.26 0.268 0.263 0.255 0.255 0.254 0.244 0.23 0.228 0.225 0.222 0.217 0.219 0.221 0.226 0.223 -9999 -9999 -9999 -9999 -9999 -9999 -9999 -9999 -9999 -9999 -9999 -9999 -9999 -9999 -9999 -9999 -9999 -9999 -9999 -9999 -9999
-9999 -9999 -9999 -9999 -9999 -9999 -9999 -9999 0.098 -9999 0.12 0.136 0.146 0.147 0.164 0.183 0.191 0.204 0.223 0.225 0.233 0.244 0.253 0.272 0.278 0.276 0.283 0.286 0.288 0.285 0.275 0.275 0.266 0.262 0.257 0.256 0.264 0.26 0.256 0.253 0.259 0.264 0.259 0.257 0.259 0.264 0.251 0.23 0.229 0.226 0.223 0.219 0.2 0.188 0.198 0.226 -9999 -9999 -9999 -9999 -9999 -9999 -9999 -9999 -9999 -9999 -9999 -9999 -9999 -9999 -9999 -9999 -9999 -9999 -9999 -9999 -9999
