Validation/Results/raw data/ReClimate_03_2024_1_Precipitation-Actuals.asc
NCOLS 192
NROWS 249
XLLCENTER -225160.85627316462
YLLCENTER 29788.11610251502
CELLSIZE 5000.0
NODATA_VALUE -9999
[rows 165 to 197 of 249, columns 75 to 149 of 192]
-9999 -9999 -9999 -9999 -9999 -9999 -9999 -9999 -9999 -9999 -9999 -9999 -9999 -9999 -9999 -9999 -9999 -9999 -9999 -9999 -9999 -9999 -9999 -9999 -9999 -9999 -9999 -9999 -9999 -9999 -9999 -9999 -9999 -9999 -9999 -9999 -9999 55.818 58.511 58.619 58.767 64.903 76.247 90.19 94.938 99.447 97.534 94.008 95.012 97.106 100.284 96.014 80.081 66.857 65.038 60.554 56.325 53.514 54.13 52.122 50.75 50.618 49.546 49.163 49.042 49.503 49.182 50.741 51.337 50.96 52.338 52.426 50.349 49.058 -9999
-9999 -9999 -9999 -9999 -9999 -9999 -9999 -9999 -9999 -9999 -9999 -9999 -9999 -9999 -9999 -9999 -9999 -9999 -9999 -9999 -9999 -9999 -9999 -9999 -9999 -9999 -9999 -9999 -9999 -9999 -9999 -9999 -9999 -9999 -9999 -9999 -9999 57.713 60.55 59.553 62.091 68.093 77.115 85.323 89.211 88.815 86.643 87.981 83.067 91.6 100.423 95.385 85.316 76.24 66.589 61.944 60.54 56.551 54.815 55.458 52.476 51.143 49.939 49.402 49.289 49.911 50.34 49.602 50.978 51.377 48.986 50.665 52.28 50.66 48.69
-9999 -9999 -9999 -9999 -9999 -9999 -9999 -9999 -9999 -9999 -9999 -9999 -9999 -9999 -9999 -9999 -9999 -9999 -9999 -9999 -9999 -9999 -9999 -9999 -9999 -9999 -9999 -9999 -9999 -9999 -9999 -9999 -9999 -9999 -9999 -9999 55.381 57.399 59.549 62.43 63.955 65.827 72.536 79.03 77.914 76.776 77.027 75.63 77.013 88.995 104.659 105.488 96.541 89.544 83.37 69.296 59.011 56.758 53.41 54.342 53.605 51.261 49.963 48.74 48.893 49.966 52.224 51.76 51.366 52.34 52.948 50.906 52.024 52.343 49.328
-9999 -9999 -9999 -9999 -9999 -9999 -9999 -9999 -9999 -9999 -9999 -9999 -9999 -9999 -9999 -9999 -9999 -9999 -9999 -9999 -9999 -9999 -9999 -9999 -9999 -9999 -9999 -9999 -9999 -9999 -9999 -9999 -9999 -9999 -9999 -9999 55.088 56.884 61.048 63.298 64.955 68.621 67.08 68.479 68.669 68.534 69.938 69.668 74.35 81.454 95.714 112.529 116.693 106.986 95.661 82.343 67.41 59.552 54.325 50.312 52.447 51.217 49.355 49.491 48.979 49.228 49.995 51.844 51.423 51.704 51.874 52.873 60.194 56.568 50.968
-9999 -9999 -9999 -9999 -9999 -9999 -9999 -9999 -9999 -9999 -9999 -9999 -9999 -9999 -9999 -9999 -9999 -9999 -9999 -9999 -9999 -9999 -9999 -9999 -9999 -9999 -9999 -9999 -9999 -9999 -9999 -9999 -9999 -9999 -9999 -9999 -9999 59.13 61.453 61.871 65.447 64.254 62.967 62.412 61.663 62.687 62.284 64.162 65.565 71.776 86.481 101.97 117.919 122.704 104.886 90.35 76.899 62.308 56.774 53.469 54.192 53.838 51.617 48.792 49.961 48.938 48.299 50.007 51.595 50.835 49.335 50.426 51.237 57.547 53.961
-9999 -9999 -9999 -9999 -9999 -9999 -9999 -9999 -9999 -9999 -9999 -9999 -9999 -9999 -9999 -9999 -9999 63.106 62.435 -9999 -9999 -9999 -9999 -9999 -9999 -9999 -9999 -9999 -9999 -9999 -9999 -9999 -9999 -9999 -9999 -9999 56.391 54.918 60.294 62.847 63.294 62.228 60.918 60.247 59.334 58.484 58.614 59.98 62.504 70.202 85.982 103.612 115.273 112.127 110.031 98.901 80.333 66.764 57.04 57.49 58.905 55.935 54.699 51.738 48.583 49.887 49.214 49.672 50.484 50.489 49.153 48.551 52.68 53.937 55.882
-9999 -9999 -9999 -9999 -9999 -9999 -9999 -9999 -9999 -9999 -9999 -9999 -9999 -9999 -9999 -9999 -9999 65.608 64.214 61.277 -9999 -9999 -9999 -9999 -9999 -9999 -9999 -9999 -9999 -9999 -9999 -9999 -9999 -9999 -9999 51.963 51.554 56.84 61.835 63.716 60.512 59.855 58.378 60.258 58.848 58.841 59.346 58.685 60.327 65.651 79.328 97.763 116.396 114.349 97.739 92.167 81.668 66.174 59.387 55.007 59.169 58.041 53.359 52.66 49.197 49.423 49.607 49.551 49.351 49.25 48.534 48.618 49.734 55.74 57.427
-9999 -9999 -9999 -9999 -9999 -9999 -9999 -9999 -9999 -9999 -9999 -9999 -9999 -9999 -9999 -9999 63.324 66.715 66.093 66.055 66.409 -9999 -9999 -9999 -9999 -9999 -9999 -9999 -9999 -9999 -9999 -9999 54.875 -9999 -9999 51.809 56.359 58.328 59.414 59.105 -9999 59.892 62.75 63.593 61.5 59.51 57.514 58.846 60.3 66.602 79.774 84.44 100.208 94.492 85.944 84.316 75.024 69.892 62.954 57.187 57.919 57.92 53.241 48.646 48.945 49.327 49.564 49.948 48.954 48.703 49.325 47.783 47.485 51.363 57.69
-9999 -9999 -9999 -9999 -9999 -9999 -9999 -9999 -9999 -9999 -9999 -9999 -9999 -9999 -9999 -9999 59.091 62.469 66.702 67.855 67.893 62.037 62.484 -9999 -9999 -9999 63.288 55.745 -9999 54.188 53.508 53.032 60.899 56.773 -9999 -9999 52.746 53.433 -9999 -9999 57.479 59.54 59.575 59.79 59.298 57.881 59.02 60.061 64.766 72.939 87.692 88.088 89.244 84.305 78.586 82.531 77.017 64.443 62.082 59.129 55.942 53.839 53.471 50.817 49.274 51.31 50.224 49.532 50.507 49.906 48.602 47.251 47.05 48.634 52.881
-9999 -9999 -9999 -9999 -9999 -9999 -9999 -9999 -9999 -9999 -9999 -9999 -9999 -9999 -9999 -9999 -9999 61.825 67.999 71.171 68.501 66.299 -9999 -9999 96.051 92.569 64.927 66.149 67.345 66.247 54.831 56.625 54.32 58.918 58.067 -9999 50.156 50.108 52.109 53.254 56.537 57.401 59.564 58.343 56.83 56.943 57.722 63.377 65.62 73.78 94.65 96.125 88.947 82.121 73.489 75.612 73.741 64.603 59.393 58.686 55.575 51.828 52.183 52.204 51.856 51.265 50.177 48.602 48.951 51.091 48.607 45.461 46.089 47.638 48.439
-9999 -9999 -9999 -9999 -9999 -9999 -9999 -9999 -9999 -9999 -9999 -9999 -9999 -9999 -9999 -9999 -9999 61.612 66.399 65.508 70.41 73.809 89.463 108.505 129.262 93.368 75.1 72.728 70.091 69.155 62.078 53.606 57.748 66.244 58.082 59.212 53.197 51.469 51.567 52.815 55.361 59.663 59.976 57.953 57.064 54.607 57.546 61.424 64.539 81.435 94.115 98.87 90.593 87.256 75.467 70.362 75.077 70.734 62.43 60.786 59.584 54.969 55.08 54.172 52.193 50.378 48.051 48.04 46.873 48.266 49.271 45.457 44.839 46.404 47.27
-9999 -9999 -9999 -9999 -9999 -9999 -9999 -9999 -9999 -9999 -9999 -9999 -9999 -9999 -9999 -9999 -9999 -9999 67.443 69.843 76.894 103.799 133.036 172.122 147.53 114.016 97.866 89.295 78.989 77.796 65.203 64.936 62.126 57.179 68.276 59.997 55.319 53.826 51.665 53.452 54.791 56.626 56.391 55.079 52.625 54.513 57.036 59.377 67.509 78.809 87.687 90.286 80.328 82.735 80.032 67.215 74.278 74.153 65.743 64.57 61.785 58.739 57.496 55.502 53.242 50.79 47.39 48.873 48.274 47.955 48.182 43.949 43.416 43.66 45.701
-9999 -9999 -9999 -9999 -9999 -9999 -9999 -9999 -9999 -9999 -9999 -9999 -9999 -9999 -9999 -9999 -9999 -9999 -9999 -9999 93.09 128.671 165.951 185.856 162.166 120.523 96.21 83.503 95.421 86.091 83.327 71.207 62.249 61.719 65.985 69.359 65.102 57.752 50.307 51.671 52.37 54.41 54.272 52.707 52.287 54.506 56.288 59.889 69.494 77.674 79.658 84.975 83.469 81.856 86.118 77.082 69.466 72.252 66.613 65.091 64.595 60.869 58.002 54.718 51.876 50.387 47.631 47.238 48.424 47.696 48.423 45.52 43.345 43.028 42.551
-9999 -9999 -9999 -9999 -9999 -9999 -9999 -9999 -9999 -9999 -9999 -9999 -9999 -9999 -9999 -9999 -9999 -9999 -9999 83.653 113.622 139.865 177.155 199.867 160.677 124.81 112.197 95.521 98.473 99.084 83.858 79.665 66.144 67.758 79.813 76.227 68.446 54.397 52.914 52.373 54.516 55.652 55.04 54.893 53.855 54.752 57.367 64.475 70.483 71.979 74.195 81.592 81.15 80.914 77.857 79.655 75.751 66.997 62.402 62.283 61.151 59.302 55.673 54.307 50.369 50.228 47.937 46.858 47.139 50.017 48.982 45.84 44.277 43.57 42.106
-9999 -9999 -9999 -9999 -9999 -9999 -9999 -9999 -9999 -9999 -9999 -9999 -9999 -9999 -9999 -9999 -9999 -9999 80.139 116.349 120.792 148.815 165.475 160.98 167.003 150.426 126.703 115.345 110.966 91.44 80.469 69.461 69.557 82.126 88.782 78.589 67.421 57.208 52.195 52.184 56.055 54.757 54.772 54.463 54.179 56.167 61.984 64.128 64.669 70.903 73.463 78.422 83.664 74.225 72.603 69.596 70.002 66.66 59.619 57.965 58.159 57.034 54.761 50.364 50.736 48.7 48.573 47.511 47.245 48.565 49.401 45.651 45.332 44.065 42.645
-9999 -9999 -9999 -9999 -9999 -9999 -9999 -9999 -9999 -9999 -9999 -9999 -9999 -9999 -9999 -9999 -9999 73.803 99.645 94.042 109.58 115.696 119.118 129.016 132.408 131.091 129.629 122.427 110.008 92.251 85.367 73.855 81.659 86.36 76.095 70.473 62.024 58.593 52.873 52.754 54.965 54.234 55.01 55.117 56.528 60.914 62.31 61.406 63.467 69.04 71.619 67.321 70.812 70.587 64.849 63.898 63.094 61.614 58.544 54.698 55.178 54.903 52.431 52.268 49.402 46.473 46.772 47.883 47.37 47.829 49.76 46.606 45.711 45.246 44.842
-9999 -9999 -9999 -9999 -9999 -9999 -9999 -9999 -9999 -9999 -9999 -9999 -9999 -9999 -9999 67.153 68.127 72.873 75.277 80.916 82.872 86.735 83.149 98.712 111.794 124.827 128.515 129.462 99.909 90.495 80.745 80.605 95.031 91.839 83.233 70.752 67.049 60.315 53.932 53.486 53.664 52.046 54.657 56.977 59.919 61.781 63.728 61.38 65.343 68.83 67.586 64.091 63.671 61.105 60.563 59.222 58.076 55.739 54.953 53.9 51.957 51.062 49.997 49.408 49.309 47.603 46.059 49.248 48.99 49.81 50.357 48.089 45.765 44.684 42.395
-9999 -9999 -9999 -9999 -9999 -9999 -9999 -9999 -9999 -9999 -9999 -9999 -9999 -9999 68.221 68.313 67.484 69.955 -9999 -9999 -9999 -9999 84.505 107.376 126.935 130.781 131.779 114.218 105.439 105.425 96.392 102.191 118.271 103.17 85.105 77.135 69.2 58.854 56.705 55.196 53.829 54.566 55.663 57.241 59.518 60.908 61.686 60.466 61.465 63.796 61.592 60.589 59.901 58.091 57.094 55.848 53.698 49.369 48.758 51.265 50.385 48.77 48.795 49.912 49.355 49.098 50.252 50.979 51.052 51.537 51.917 49.388 46.513 44.838 42.748
-9999 -9999 -9999 -9999 -9999 -9999 -9999 -9999 -9999 -9999 -9999 -9999 -9999 -9999 68.061 71.398 71.64 -9999 -9999 -9999 -9999 -9999 89.908 112.296 140.73 142.454 127.173 124.658 125.006 124.277 114.881 116.725 109.822 84.215 73.276 72.145 62.551 57.876 54.58 54.786 55.382 57.671 59.095 57.525 58.999 62.091 62.19 60.529 58.915 59.587 60.49 60.72 60.823 60.086 56.593 54.018 53.076 51.193 49.843 49.442 48.948 45.217 45.213 50.069 52.191 53.927 54.738 56.717 55.183 53.004 52.647 49.949 46.737 44.617 43.84
-9999 -9999 -9999 -9999 -9999 -9999 -9999 -9999 -9999 -9999 -9999 -9999 -9999 -9999 -9999 -9999 72.772 -9999 -9999 -9999 -9999 -9999 87.984 111.407 121.965 113.679 122.22 126.685 144.725 135.674 111.611 111.027 94.696 81.083 76.459 66.981 59.591 54.368 53.236 49.134 55.1 56.072 55.36 58.117 56.319 57.839 59.02 58.49 56.544 57.705 59.582 57.412 57.477 59.348 56.978 55.123 57.051 55.323 53.037 51.914 49.464 46.729 45.532 48.12 52.583 54.205 55.307 55.09 54.746 53.683 55.152 52.097 47.545 45.317 44.568
-9999 -9999 -9999 -9999 -9999 -9999 -9999 -9999 -9999 -9999 -9999 -9999 -9999 -9999 -9999 -9999 -9999 -9999 -9999 -9999 -9999 -9999 88.083 95.963 95.633 114.33 124.94 146.132 145.226 136.828 119.27 97.606 83.6 78.933 69.79 62.356 52.535 53.207 48.774 53.666 51.974 52.793 55.013 52.748 55.524 56.938 58.046 57.758 58.319 60.352 63.146 59.442 54.872 55.571 55.296 55.627 57.781 59.293 56.68 57.214 57.357 52.684 48.697 47.817 48.369 50.51 52.357 54.39 54.46 52.39 51.937 50.34 47.174 44.786 44.283
-9999 -9999 -9999 -9999 -9999 -9999 -9999 -9999 -9999 -9999 -9999 -9999 -9999 -9999 -9999 -9999 -9999 -9999 -9999 -9999 -9999 -9999 -9999 97.113 129.953 148.49 141.929 137.785 134.392 121.48 100.473 88.726 78.11 68.344 73.973 70.895 56.431 57.253 53.856 50.598 48.791 50.846 53.309 56.421 63.634 62.932 62.767 58.389 57.493 58.833 63.387 61.887 58.347 55.162 52.963 52.974 56.68 58.813 59.34 61.563 61.745 56.358 51.506 50.182 50.506 52.81 53.5 54.149 54.263 52.218 50.646 48.303 46.27 44.353 43.42
-9999 -9999 -9999 -9999 -9999 -9999 -9999 -9999 -9999 -9999 -9999 -9999 -9999 -9999 -9999 -9999 -9999 -9999 -9999 -9999 -9999 -9999 90.238 108.866 142.885 149.838 138.925 120.508 114.016 98.861 102.062 90.604 69.12 68.835 73.692 60.288 69.613 58.008 50.651 46.664 55.994 59.715 56.986 65.97 64.646 64.729 57.905 58.596 58.126 59.742 60.224 60.172 56.604 54.891 51.758 51.792 51.856 54.913 56.88 58.465 59.058 54.824 51.428 52.016 53.279 55.686 57.529 55.71 53.36 51.439 50.019 49.572 46.158 44.027 43.407
-9999 -9999 -9999 -9999 -9999 -9999 -9999 -9999 -9999 -9999 -9999 -9999 -9999 -9999 -9999 -9999 -9999 -9999 -9999 -9999 -9999 -9999 84.125 106.331 136.769 125.339 105.584 98.672 97.362 106.142 102.287 80.634 69.347 68.156 62.554 64.715 62.316 62.447 61.065 61.583 59.577 55.063 56.44 59.947 62.053 57.632 58.457 60.683 60.662 61.103 59.416 59.412 58.534 54.555 51.529 51.041 51.564 51.589 53.715 56.199 56.398 52.533 47.369 50.39 56.99 57.385 57.025 56.715 53.276 51.906 48.663 46.523 46.953 44.351 43.643
-9999 -9999 -9999 -9999 -9999 -9999 -9999 -9999 -9999 -9999 -9999 -9999 -9999 -9999 -9999 -9999 -9999 -9999 -9999 -9999 -9999 -9999 69.381 94.027 97.404 100.872 95.594 97.579 103.366 106.566 91.855 82.474 70.035 66.095 61.596 60.14 63.263 71.937 72.801 71.002 60.32 60.659 58.708 59.536 58.576 56.335 59.806 59.866 61.08 62.105 60.822 61.457 59.795 56.427 53.055 54.109 53.303 52.497 53.38 52.398 53.124 51.426 51.253 50.223 55.06 56.831 54.775 53.157 52.101 51.674 51.648 46.615 44.192 44.822 43.691
-9999 -9999 -9999 -9999 -9999 -9999 -9999 -9999 -9999 -9999 -9999 -9999 -9999 -9999 -9999 -9999 -9999 -9999 -9999 -9999 -9999 -9999 -9999 63.645 94.96 109.651 119.01 119.024 107.358 95.322 78.28 63.434 62.943 63.128 61.967 60.693 62.841 67.14 72.518 73.086 66.664 58.415 58.22 62.784 59.411 55.712 58.918 60.343 62.975 63.586 60.646 59.377 58.888 54.427 52.738 54.868 57.29 54.404 53.308 51.975 50.105 51.221 50.693 51.545 52.321 51.936 52.355 51.335 50.548 50.911 49.687 48.127 45.478 44.803 43.987
-9999 -9999 -9999 -9999 -9999 -9999 -9999 -9999 -9999 -9999 -9999 -9999 -9999 -9999 -9999 -9999 -9999 -9999 -9999 -9999 -9999 -9999 -9999 77.012 97.197 113.648 139.944 146.0 117.445 89.159 68.91 62.492 66.221 71.301 74.101 71.361 66.076 61.368 69.149 70.481 63.823 66.15 72.554 66.39 60.645 60.751 61.85 60.943 62.102 63.626 63.03 60.387 57.396 53.581 59.053 57.898 56.604 55.518 54.079 54.736 53.823 53.59 53.443 51.252 51.226 54.158 53.386 54.104 50.978 51.176 49.613 47.214 47.255 46.071 43.861
-9999 -9999 -9999 -9999 -9999 -9999 -9999 -9999 -9999 -9999 -9999 -9999 -9999 -9999 -9999 -9999 -9999 -9999 -9999 -9999 -9999 -9999 55.196 73.285 94.073 118.857 142.262 135.791 114.509 86.862 84.136 89.425 81.991 82.002 79.881 70.399 63.565 65.671 69.068 62.948 65.699 73.741 72.144 68.347 62.326 59.837 61.142 58.921 62.216 66.548 65.487 64.175 60.282 57.452 53.702 57.79 55.719 54.773 54.552 56.89 54.159 54.116 54.237 53.441 52.423 54.079 54.57 52.677 53.167 51.481 49.308 47.777 47.904 46.09 43.248
-9999 -9999 -9999 -9999 -9999 -9999 -9999 -9999 -9999 -9999 -9999 -9999 -9999 -9999 -9999 -9999 -9999 -9999 -9999 -9999 -9999 -9999 66.431 80.684 93.241 107.828 129.266 138.564 114.868 94.415 86.903 86.478 89.184 87.632 82.334 74.286 74.896 70.784 63.193 64.912 64.039 67.549 68.611 68.952 52.978 59.686 58.438 55.204 58.644 64.091 71.295 66.805 64.353 59.353 54.521 49.957 52.353 52.311 52.276 53.863 54.856 51.52 53.772 56.346 55.389 54.832 53.905 49.775 50.444 50.136 48.893 47.357 47.283 45.574 43.611
-9999 -9999 -9999 -9999 -9999 -9999 -9999 -9999 -9999 -9999 -9999 -9999 -9999 -9999 -9999 -9999 -9999 -9999 -9999 -9999 -9999 -9999 74.503 79.904 83.657 104.074 125.79 133.179 119.042 94.751 83.589 87.283 84.548 80.564 80.06 82.142 78.445 67.268 64.353 59.572 68.764 61.914 65.943 58.433 59.15 59.664 53.746 53.263 57.069 66.924 65.394 67.213 65.068 61.757 58.182 53.508 51.712 52.527 51.531 52.435 50.903 50.223 51.396 54.364 54.956 52.034 53.237 51.061 48.627 48.929 47.55 47.525 45.09 43.273 42.201
-9999 -9999 -9999 -9999 -9999 -9999 -9999 -9999 -9999 -9999 -9999 -9999 -9999 -9999 -9999 -9999 -9999 -9999 -9999 -9999 -9999 69.482 77.609 85.183 87.973 98.416 118.271 122.186 115.073 91.367 79.449 75.446 70.702 75.191 86.33 80.754 73.463 72.465 63.356 64.402 60.159 57.161 57.063 58.599 60.166 54.516 53.97 54.86 56.33 57.966 60.735 59.927 61.275 59.805 57.514 55.354 53.249 51.842 50.238 49.408 50.18 51.214 52.331 52.804 52.351 50.715 50.457 51.362 48.014 47.795 47.573 47.74 46.304 42.862 41.194
-9999 -9999 -9999 -9999 -9999 -9999 -9999 -9999 -9999 -9999 -9999 -9999 -9999 -9999 -9999 -9999 -9999 -9999 -9999 -9999 74.522 74.793 81.349 82.22 87.026 105.146 120.389 123.457 113.034 102.084 82.566 79.231 72.567 78.868 88.702 78.713 78.316 67.29 62.398 59.588 58.24 58.917 61.609 62.74 62.382 59.11 57.518 52.914 54.301 56.848 57.093 57.098 56.388 57.326 55.645 49.789 50.904 52.221 51.761 51.072 49.753 53.213 53.001 51.687 50.888 49.973 49.095 48.155 47.803 48.597 48.786 47.314 47.18 43.826 40.965
-9999 -9999 -9999 -9999 -9999 -9999 -9999 -9999 -9999 -9999 -9999 -9999 -9999 -9999 -9999 -9999 -9999 -9999 80.236 77.682 77.206 70.064 73.062 81.247 89.61 109.943 122.403 130.753 124.457 100.18 85.076 73.46 74.756 81.514 85.159 76.342 67.309 63.663 58.992 57.587 56.888 60.334 61.369 60.372 60.55 58.087 54.988 54.922 54.748 56.487 56.632 54.92 54.257 54.642 52.539 50.86 48.91 53.21 53.283 55.319 56.819 56.411 54.357 48.595 47.809 49.054 50.843 48.84 48.138 47.151 48.748 47.608 45.665 41.839 39.65
