Validation/Results/raw data/ReClimate_11_2023_1_Temperature.asc
NCOLS 192
NROWS 249
XLLCENTER -225160.85627316462
YLLCENTER 29788.11610251502
CELLSIZE 5000.0
NODATA_VALUE -9999
[rows 102 to 135 of 249, columns 77 to 153 of 192]
-0.302 -0.286 -0.266 -0.251 -9999 -9999 -0.233 -9999 -9999 -0.213 -0.211 -0.212 -0.208 -0.206 -0.204 -0.204 -0.211 -0.221 -0.215 -0.21 -0.208 -0.206 -0.217 -0.23 -0.225 -0.22 -0.223 -0.228 -0.232 -0.237 -0.236 -0.236 -0.234 -0.233 -0.26 -0.293 -0.304 -0.317 -0.319 -0.323 -9999 -9999 -9999 -9999 -9999 -9999 -9999 -9999 -9999 -9999 -9999 -9999 -9999 -9999 -9999 -9999 -9999 -9999 -9999 -9999 -9999 -9999 -9999 -9999 -9999 -9999 -9999 -9999 -9999 -9999 -9999 -9999 -9999 -9999 -9999 -9999 -9999
-0.302 -0.288 -9999 -9999 -9999 -0.234 -0.228 -0.222 -0.213 -0.205 -0.204 -0.207 -0.204 -0.203 -0.201 -0.197 -0.201 -0.2 -0.199 -0.213 -0.206 -0.189 -0.197 -0.206 -0.208 -0.225 -0.219 -0.195 -0.2 -0.213 -0.215 -0.223 -0.228 -0.245 -0.266 -9999 -9999 -0.301 -9999 -9999 -9999 -9999 -9999 -9999 -9999 -9999 -9999 -9999 -9999 -9999 -9999 -9999 -9999 -9999 -9999 -9999 -9999 -9999 -9999 -9999 -9999 -9999 -9999 -9999 -9999 -9999 -9999 -9999 -9999 -9999 -9999 -9999 -9999 -9999 -9999 -9999 -9999
-9999 -0.289 -9999 -9999 -9999 -0.232 -0.226 -0.222 -0.212 -0.203 -0.203 -0.205 -0.201 -0.199 -0.194 -0.19 -0.187 -0.185 -0.194 -0.208 -0.194 -0.178 -0.184 -0.192 -0.205 -0.221 -0.202 -0.179 -0.188 -0.2 -0.206 -0.214 -0.228 -0.245 -9999 -0.27 -0.28 -0.291 -0.299 -9999 -9999 -9999 -9999 -9999 -9999 -9999 -9999 -9999 -9999 -9999 -9999 -9999 -9999 -9999 -9999 -9999 -9999 -9999 -9999 -9999 -9999 -9999 -9999 -9999 -9999 -9999 -9999 -9999 -9999 -9999 -9999 -9999 -9999 -9999 -9999 -9999 -9999
-9999 -9999 -9999 -0.263 -0.249 -0.242 -0.232 -0.215 -0.209 -0.214 -0.209 -0.197 -0.193 -0.192 -0.184 -0.171 -0.169 -0.173 -0.177 -0.177 -0.167 -0.162 -0.169 -0.178 -0.184 -0.182 -0.168 -0.163 -0.172 -0.182 -0.187 -0.192 -9999 -0.204 -0.222 -0.259 -0.268 -0.279 -0.292 -9999 -9999 -9999 -9999 -9999 -9999 -9999 -9999 -9999 -9999 -9999 -9999 -9999 -9999 -9999 -9999 -9999 -9999 -9999 -9999 -9999 -9999 -9999 -9999 -9999 -9999 -9999 -9999 -9999 -9999 -9999 -9999 -9999 -9999 -9999 -9999 -9999 -9999
-9999 -9999 -9999 -0.263 -0.257 -0.246 -0.23 -0.212 -0.213 -0.218 -0.207 -0.195 -0.191 -0.189 -0.175 -0.161 -0.161 -0.164 -0.16 -0.159 -0.155 -0.151 -0.159 -0.168 -0.165 -0.162 -0.158 -0.153 -0.161 -0.171 -0.174 -0.179 -0.181 -0.184 -0.213 -0.249 -0.258 -0.27 -0.282 -0.296 -9999 -9999 -9999 -9999 -9999 -9999 -9999 -9999 -9999 -9999 -9999 -9999 -9999 -9999 -9999 -9999 -9999 -9999 -9999 -9999 -9999 -9999 -9999 -9999 -9999 -9999 -9999 -9999 -9999 -9999 -9999 -9999 -9999 -9999 -9999 -9999 -9999
-9999 -9999 -0.272 -9999 -9999 -0.24 -0.227 -0.221 -0.218 -0.213 -9999 -9999 -0.194 -0.176 -0.167 -0.169 -0.166 -0.162 -0.154 -0.138 -0.136 -0.139 -0.14 -0.136 -0.136 -0.148 -0.147 -0.151 -0.158 -0.167 -0.174 -0.187 -0.196 -0.215 -0.238 -0.251 -0.258 -0.26 -0.273 -0.289 -0.292 -9999 -9999 -9999 -9999 -9999 -9999 -9999 -9999 -9999 -9999 -9999 -9999 -9999 -9999 -9999 -9999 -9999 -9999 -9999 -9999 -9999 -9999 -9999 -9999 -9999 -9999 -9999 -9999 -9999 -9999 -9999 -9999 -9999 -9999 -9999 -9999
-9999 -9999 -0.271 -9999 -0.249 -0.237 -0.23 -0.224 -0.216 -0.21 -0.208 -0.205 -0.188 -0.17 -0.169 -0.17 -0.163 -0.158 -0.143 -0.128 -0.129 -0.132 -0.127 -0.122 -0.13 -0.141 -0.144 -0.148 -0.155 -0.164 -0.175 -0.188 -0.205 -0.225 -0.235 -0.248 -0.249 -0.251 -0.265 -0.281 -9999 -9999 -9999 -9999 -9999 -9999 -9999 -9999 -9999 -9999 -9999 -9999 -9999 -9999 -9999 -9999 -9999 -9999 -9999 -9999 -9999 -9999 -9999 -9999 -9999 -9999 -9999 -9999 -9999 -9999 -9999 -9999 -9999 -9999 -9999 -9999 -9999
-9999 -9999 -0.269 -9999 -0.242 -0.224 -0.218 -0.216 -0.21 -9999 -0.204 -0.196 -9999 -0.138 -0.138 -0.148 -0.142 -0.146 -0.134 -0.126 -0.127 -0.129 -0.124 -0.118 -0.125 -0.132 -0.136 -0.146 -0.155 -0.17 -0.175 -0.173 -0.194 -0.229 -0.234 -0.23 -9999 -9999 -9999 -9999 -9999 -9999 -9999 -9999 -9999 -9999 -9999 -9999 -9999 -9999 -9999 -9999 -9999 -9999 -9999 -9999 -9999 -9999 -9999 -9999 -9999 -9999 -9999 -9999 -9999 -9999 -9999 -9999 -9999 -9999 -9999 -9999 -9999 -9999 -9999 -9999 -9999
-0.283 -0.278 -9999 -9999 -0.235 -0.219 -0.216 -0.214 -0.209 -0.207 -0.198 -0.191 -9999 -0.124 -0.129 -0.137 -0.136 -0.139 -0.131 -0.123 -0.124 -0.126 -0.12 -0.115 -0.12 -0.126 -0.133 -0.143 -0.155 -0.169 -0.167 -0.164 -0.192 -0.226 -0.219 -9999 -9999 -9999 -9999 -9999 -9999 -9999 -9999 -9999 -9999 -9999 -9999 -9999 -9999 -9999 -9999 -9999 -9999 -9999 -9999 -9999 -9999 -9999 -9999 -9999 -9999 -9999 -9999 -9999 -9999 -9999 -9999 -9999 -9999 -9999 -9999 -9999 -9999 -9999 -9999 -9999 -9999
-0.284 -0.274 -9999 -0.252 -0.24 -0.232 -0.233 -9999 -0.221 -0.186 -0.176 -0.169 -9999 -0.147 -0.144 -0.126 -0.126 -0.133 -0.126 -0.125 -0.126 -0.127 -0.123 -0.116 -0.121 -0.13 -9999 -0.137 -0.144 -0.146 -0.147 -0.157 -0.18 -0.206 -9999 -9999 -9999 -9999 -9999 -9999 -9999 -9999 -9999 -9999 -9999 -9999 -9999 -9999 -9999 -9999 -9999 -9999 -9999 -9999 -9999 -9999 -9999 -9999 -9999 -9999 -9999 -9999 -9999 -9999 -9999 -9999 -9999 -9999 -9999 -9999 -9999 -9999 -9999 -9999 -9999 -9999 -9999
-0.28 -9999 -9999 -0.256 -0.248 -0.239 -9999 -0.245 -0.213 -0.176 -0.167 -0.159 -9999 -0.154 -0.137 -0.12 -0.121 -0.128 -0.125 -0.124 -0.123 -0.125 -0.12 -0.113 -0.12 -0.129 -0.13 -0.132 -9999 -9999 -0.141 -0.15 -9999 -9999 -9999 -9999 -9999 -9999 -0.234 -0.244 -0.247 -9999 -9999 -9999 -9999 -9999 -9999 -9999 -9999 -9999 -9999 -9999 -9999 -9999 -9999 -9999 -9999 -9999 -9999 -9999 -9999 -9999 -9999 -9999 -9999 -9999 -9999 -9999 -9999 -9999 -9999 -9999 -9999 -9999 -9999 -9999 -9999
-9999 -9999 -0.266 -0.257 -0.248 -0.242 -9999 -0.234 -0.208 -0.194 -0.183 -0.166 -9999 -9999 -9999 -0.123 -0.123 -0.121 -0.119 -0.119 -0.116 -0.111 -0.106 -0.103 -0.108 -0.112 -0.114 -0.118 -0.125 -0.145 -0.157 -0.175 -9999 -9999 -9999 -9999 -9999 -0.208 -0.222 -0.219 -0.221 -0.223 -9999 -9999 -9999 -9999 -9999 -9999 -9999 -9999 -9999 -9999 -9999 -9999 -9999 -9999 -9999 -9999 -9999 -9999 -9999 -9999 -9999 -9999 -9999 -9999 -9999 -9999 -9999 -9999 -9999 -9999 -9999 -9999 -9999 -9999 -9999
-9999 -9999 -9999 -0.257 -0.25 -0.243 -9999 -0.228 -9999 -0.199 -0.183 -0.167 -9999 -0.157 -0.139 -0.122 -9999 -0.117 -0.115 -0.114 -0.108 -0.103 -0.1 -0.096 -0.099 -0.103 -0.106 -0.11 -0.126 -0.145 -0.159 -0.177 -0.17 -0.164 -0.172 -9999 -0.186 -0.196 -0.197 -0.198 -0.198 -0.197 -0.206 -0.213 -9999 -9999 -9999 -9999 -9999 -9999 -9999 -9999 -9999 -9999 -9999 -9999 -9999 -9999 -9999 -9999 -9999 -9999 -9999 -9999 -9999 -9999 -9999 -9999 -9999 -9999 -9999 -9999 -9999 -9999 -9999 -9999 -9999
-9999 -9999 -9999 -0.255 -0.243 -0.226 -9999 -0.211 -9999 -0.187 -0.173 -9999 -0.157 -0.153 -0.135 -0.119 -0.113 -0.102 -0.095 -0.082 -0.079 -0.087 -0.082 -0.083 -0.091 -0.109 -0.11 -0.106 -0.126 -0.159 -0.157 -0.128 -0.129 -0.152 -0.161 -0.174 -0.177 -0.178 -0.174 -0.162 -0.156 -0.144 -0.149 -0.155 -0.197 -0.186 -0.172 -9999 -9999 -9999 -9999 -9999 -9999 -9999 -9999 -9999 -9999 -9999 -9999 -9999 -9999 -9999 -9999 -9999 -9999 -9999 -9999 -9999 -9999 -9999 -9999 -9999 -9999 -9999 -9999 -9999 -9999
-9999 -9999 -9999 -0.255 -0.238 -0.22 -0.212 -9999 -9999 -0.181 -0.17 -9999 -0.15 -0.149 -0.133 -0.117 -0.106 -0.095 -0.081 -0.068 -0.072 -0.078 -0.076 -0.075 -0.089 -0.105 -0.101 -0.097 -0.123 -0.156 -0.131 -0.101 -0.117 -0.139 -0.15 -0.162 -0.162 -0.158 -0.147 -0.135 -0.124 -0.111 -0.113 -0.116 -0.142 -0.175 -0.163 -0.149 -9999 -9999 -9999 -9999 -9999 -9999 -9999 -9999 -9999 -9999 -9999 -9999 -9999 -9999 -9999 -9999 -9999 -9999 -9999 -9999 -9999 -9999 -9999 -9999 -9999 -9999 -9999 -9999 -9999
-9999 -9999 -9999 -0.254 -0.239 -0.226 -0.214 -9999 -9999 -0.175 -0.164 -9999 -9999 -0.133 -0.119 -0.106 -0.094 -0.082 -0.069 -0.061 -0.067 -0.082 -0.08 -0.08 -0.084 -0.076 -0.076 -0.087 -0.104 -0.112 -0.093 -0.086 -0.098 -0.111 -0.112 -0.102 -0.106 -0.131 -0.125 -0.127 -0.111 -0.082 -0.08 -0.077 -0.101 -0.134 -0.13 -0.136 -9999 -9999 -9999 -9999 -9999 -9999 -9999 -9999 -9999 -9999 -9999 -9999 -9999 -9999 -9999 -9999 -9999 -9999 -9999 -9999 -9999 -9999 -9999 -9999 -9999 -9999 -9999 -9999 -9999
-9999 -9999 -9999 -0.252 -0.242 -0.227 -9999 -9999 -9999 -9999 -0.155 -9999 -0.133 -0.127 -0.115 -0.103 -0.09 -0.078 -0.068 -0.058 -0.068 -0.081 -0.077 -0.076 -0.067 -0.059 -0.066 -0.076 -0.08 -0.087 -0.08 -0.073 -0.081 -0.092 -0.081 -0.068 -0.086 -0.109 -0.11 -0.113 -0.088 -0.059 -0.054 -0.05 -0.074 -0.105 -0.108 -0.113 -0.115 -9999 -9999 -9999 -9999 -9999 -9999 -9999 -9999 -9999 -9999 -9999 -9999 -9999 -9999 -9999 -9999 -9999 -9999 -9999 -9999 -9999 -9999 -9999 -9999 -9999 -9999 -9999 -9999
-9999 -0.228 -0.229 -0.224 -0.215 -9999 -9999 -0.184 -9999 -9999 -9999 -9999 -0.127 -0.132 -0.12 -0.107 -0.093 -0.075 -0.069 -0.071 -0.074 -0.07 -0.064 -0.059 -0.051 -0.048 -0.057 -0.074 -0.071 -0.055 -0.047 -0.041 -0.048 -0.057 -0.049 -0.053 -0.069 -0.089 -0.09 -0.091 -0.073 -0.061 -0.054 -0.037 -0.06 -0.09 -0.092 -0.091 -0.088 -9999 -9999 -9999 -9999 -9999 -9999 -9999 -9999 -9999 -9999 -9999 -9999 -9999 -9999 -9999 -9999 -9999 -9999 -9999 -9999 -9999 -9999 -9999 -9999 -9999 -9999 -9999 -9999
-9999 -9999 -0.225 -0.214 -0.211 -9999 -0.193 -0.181 -0.159 -9999 -9999 -9999 -9999 -0.134 -0.122 -0.109 -0.092 -0.075 -0.074 -0.074 -0.068 -0.062 -0.055 -0.049 -0.042 -0.038 -0.05 -0.065 -0.051 -0.035 -0.028 -0.022 -0.028 -0.033 -0.035 -0.038 -0.053 -0.071 -0.072 -0.074 -0.065 -0.054 -0.04 -0.023 -0.046 -0.074 -0.072 -0.071 -0.066 -0.071 -9999 -9999 -9999 -9999 -9999 -9999 -9999 -9999 -9999 -9999 -9999 -9999 -9999 -9999 -9999 -9999 -9999 -9999 -9999 -9999 -9999 -9999 -9999 -9999 -9999 -9999 -9999
-9999 -9999 -0.216 -0.206 -0.204 -9999 -0.189 -0.161 -0.138 -9999 -9999 -9999 -9999 -9999 -0.105 -0.082 -0.069 -0.061 -0.057 -0.054 -0.048 -0.049 -0.042 -0.04 -0.031 -0.024 -0.028 -0.023 -0.011 -0.007 -0.01 -0.031 -0.029 -0.016 -0.016 -0.017 -0.023 -0.021 -0.029 -0.055 -0.048 -0.042 -0.033 -0.031 -0.041 -0.033 -0.03 -0.03 -0.038 -0.045 -0.055 -9999 -9999 -9999 -9999 -9999 -9999 -9999 -9999 -9999 -9999 -9999 -9999 -9999 -9999 -9999 -9999 -9999 -9999 -9999 -9999 -9999 -9999 -9999 -9999 -9999 -9999
-9999 -9999 -0.218 -0.205 -9999 -9999 -0.183 -0.153 -0.137 -0.136 -9999 -9999 -9999 -9999 -9999 -0.072 -0.064 -0.054 -0.047 -0.043 -0.041 -0.04 -0.036 -0.032 -0.022 -0.014 -0.008 -0.001 0.004 0.007 -0.01 -0.029 -0.017 -0.004 -0.003 -0.003 0.001 0.004 -0.015 -0.04 -0.035 -0.029 -0.027 -0.026 -0.017 -0.008 -0.006 -0.005 -0.012 -0.023 -0.036 -0.04 -0.06 -9999 -9999 -9999 -9999 -9999 -9999 -9999 -9999 -9999 -9999 -9999 -9999 -9999 -9999 -9999 -9999 -9999 -9999 -9999 -9999 -9999 -9999 -9999 -9999
-9999 -9999 -0.221 -0.227 -9999 -9999 -0.179 -0.156 -0.144 -9999 -9999 -9999 -9999 -9999 -9999 -0.064 -0.052 -0.042 -0.037 -0.037 -0.034 -0.031 -0.023 -0.013 -0.006 -0.013 -0.004 0.011 0.008 -0.007 -0.012 0.001 0.005 -0.004 -0.002 0.002 0.018 0.056 0.036 0.004 0.012 0.017 0.022 0.025 0.032 0.029 0.031 0.029 0.01 -0.009 -0.018 -0.029 -0.03 -9999 -9999 -9999 -9999 -9999 -9999 -9999 -9999 -9999 -9999 -9999 -9999 -9999 -9999 -9999 -9999 -9999 -9999 -9999 -9999 -9999 -9999 -9999 -9999
-9999 -9999 -0.24 -0.238 -9999 -9999 -9999 -0.16 -0.153 -0.155 -9999 -9999 -9999 -9999 -9999 -0.058 -0.046 -0.035 -0.032 -0.031 -0.027 -0.023 -0.012 -0.001 -0.001 -0.006 0.007 0.018 0.006 -0.007 0.005 0.017 0.01 0.001 0.005 0.01 0.042 0.08 0.057 0.028 0.034 0.041 0.047 0.052 0.052 0.05 0.051 0.047 0.027 0.001 -0.007 -0.018 -0.019 -9999 -9999 -9999 -9999 -9999 -9999 -9999 -9999 -9999 -9999 -9999 -9999 -9999 -9999 -9999 -9999 -9999 -9999 -9999 -9999 -9999 -9999 -9999 -9999
-9999 -0.235 -0.236 -0.251 -9999 -9999 -9999 -9999 -9999 -9999 -9999 -9999 -9999 -9999 -9999 -0.061 -0.046 -0.031 -0.027 -0.025 -0.019 -0.012 0.001 0.014 0.018 0.024 0.031 0.029 0.02 0.012 0.019 0.019 0.016 0.019 0.023 0.025 0.045 0.048 0.039 0.053 0.056 0.049 0.058 0.072 0.074 0.073 0.075 0.078 0.046 0.013 0.013 0.007 -0.004 -0.025 -9999 -9999 -9999 -9999 -9999 -9999 -9999 -9999 -9999 -9999 -9999 -9999 -9999 -9999 -9999 -9999 -9999 -9999 -9999 -9999 -9999 -9999 -9999
-0.247 -0.239 -0.247 -0.258 -9999 -9999 -9999 -9999 -9999 -9999 -9999 -9999 -9999 -0.095 -0.078 -0.062 -0.043 -0.026 -0.021 -0.018 -0.009 -0.002 0.012 0.025 0.034 0.038 0.039 0.038 0.032 0.025 0.025 0.024 0.027 0.03 0.033 0.036 0.038 0.04 0.053 0.068 0.064 0.058 0.071 0.086 0.088 0.085 0.089 0.093 0.062 0.022 0.021 0.02 0.011 -0.005 -9999 -9999 -9999 -9999 -9999 -9999 -9999 -9999 -9999 -9999 -9999 -9999 -9999 -9999 -9999 -9999 -9999 -9999 -9999 -9999 -9999 -9999 -9999
-0.249 -0.245 -0.253 -9999 -9999 -9999 -9999 -9999 -9999 -9999 -9999 -9999 -9999 -0.09 -0.073 -0.058 -0.04 -0.029 -0.017 -0.002 0.004 0.001 0.013 0.025 0.032 0.04 0.04 0.038 0.04 0.054 0.049 0.027 0.026 0.016 0.022 0.036 0.043 0.06 0.068 0.068 0.066 0.065 0.077 0.086 0.087 0.09 0.091 0.087 0.061 0.039 0.028 0.02 0.021 0.005 -9999 -9999 -9999 -9999 -9999 -9999 -9999 -9999 -9999 -9999 -9999 -9999 -9999 -9999 -9999 -9999 -9999 -9999 -9999 -9999 -9999 -9999 -9999
-9999 -9999 -9999 -9999 -9999 -9999 -9999 -9999 -9999 -9999 -9999 -9999 -9999 -0.086 -0.07 -0.055 -0.041 -0.028 -0.009 0.009 0.011 0.007 0.017 0.027 0.037 0.044 0.045 0.043 0.056 0.07 0.054 0.034 0.026 0.016 0.027 0.041 0.055 0.072 0.073 0.074 0.074 0.074 0.083 0.089 0.092 0.095 0.092 0.087 0.071 0.049 0.038 0.024 0.024 0.017 -9999 -9999 -9999 -9999 -9999 -9999 -9999 -9999 -9999 -9999 -9999 -9999 -9999 -9999 -9999 -9999 -9999 -9999 -9999 -9999 -9999 -9999 -9999
-9999 -9999 -9999 -9999 -9999 -9999 -9999 -9999 -9999 -9999 -9999 -9999 -0.107 -0.09 -0.072 -0.053 -0.035 -0.013 0.01 0.033 0.033 0.02 0.029 0.035 0.05 0.075 0.071 0.054 0.062 0.063 0.053 0.052 0.048 0.046 0.056 0.06 0.072 0.08 0.08 0.076 0.075 0.067 0.078 0.095 0.107 0.135 0.127 0.103 0.075 0.047 0.054 0.052 0.046 0.029 -9999 -9999 -9999 -9999 -9999 -9999 -9999 -9999 -9999 -9999 -9999 -9999 -9999 -9999 -9999 -9999 -9999 -9999 -9999 -9999 -9999 -9999 -9999
-9999 -9999 -9999 -9999 -9999 -9999 -9999 -9999 -9999 -9999 -9999 -9999 -0.113 -0.09 -0.069 -0.05 -0.028 -0.006 0.017 0.04 0.036 0.026 0.036 0.043 0.066 0.091 0.08 0.064 0.065 0.065 0.065 0.064 0.064 0.064 0.068 0.073 0.081 0.089 0.087 0.083 0.078 0.07 0.084 0.1 0.124 0.152 0.134 0.112 0.084 0.049 0.056 0.065 0.06 0.048 -9999 -9999 -9999 -9999 -9999 -9999 -9999 -9999 -9999 -9999 -9999 -9999 -9999 -9999 -9999 -9999 -9999 -9999 -9999 -9999 -9999 -9999 -9999
-9999 -9999 -9999 -9999 -9999 -9999 -9999 -9999 -9999 -9999 -9999 -0.131 -0.111 -0.067 -0.046 -0.031 -0.007 0.017 0.035 0.041 0.043 0.049 0.062 0.074 0.086 0.071 0.071 0.086 0.083 0.07 0.062 0.038 0.052 0.097 0.093 0.069 0.082 0.108 0.107 0.105 0.106 0.107 0.117 0.118 0.133 0.134 0.122 0.121 0.103 0.075 0.067 0.066 0.067 0.058 0.039 -9999 -9999 -9999 -9999 -9999 -9999 -9999 -9999 -9999 -9999 -9999 -9999 -9999 -9999 -9999 -9999 -9999 -9999 -9999 -9999 -9999 -9999
-9999 -9999 -9999 -9999 -9999 -9999 -9999 -9999 -9999 -9999 -0.155 -0.133 -0.097 -0.061 -0.042 -0.025 -0.0 0.025 0.034 0.04 0.049 0.056 0.071 0.085 0.078 0.066 0.085 0.1 0.091 0.078 0.058 0.034 0.071 0.115 0.097 0.074 0.095 0.121 0.121 0.12 0.125 0.125 0.126 0.128 0.128 0.128 0.128 0.127 0.11 0.087 0.078 0.066 0.066 0.066 0.052 -9999 -9999 -9999 -9999 -9999 -9999 -9999 -9999 -9999 -9999 -9999 -9999 -9999 -9999 -9999 -9999 -9999 -9999 -9999 -9999 -9999 -9999
-9999 -9999 -9999 -9999 -9999 -9999 -9999 -9999 -9999 -9999 -0.16 -0.13 -0.094 -0.055 -0.038 -0.029 -0.008 0.005 0.016 0.027 0.039 0.057 0.064 0.057 0.059 0.075 0.09 0.098 0.093 0.093 0.082 0.08 0.098 0.085 0.075 0.081 0.096 0.104 0.104 0.108 0.114 0.132 0.135 0.141 0.131 0.099 0.1 0.107 0.104 0.09 0.083 0.072 0.064 0.058 0.052 -9999 -9999 -9999 -9999 -9999 -9999 -9999 -9999 -9999 -9999 -9999 -9999 -9999 -9999 -9999 -9999 -9999 -9999 -9999 -9999 -9999 -9999
-9999 -9999 -9999 -9999 -9999 -9999 -9999 -9999 -9999 -0.189 -0.162 -0.131 -0.094 -0.055 -0.042 -0.032 -0.016 -0.003 0.01 0.021 0.039 0.057 0.054 0.047 0.063 0.078 0.089 0.097 0.099 0.099 0.101 0.102 0.093 0.08 0.086 0.092 0.098 0.104 0.108 0.108 0.122 0.14 0.145 0.15 0.123 0.09 0.093 0.098 0.095 0.091 0.084 0.075 0.067 0.057 0.05 0.047 -9999 -9999 -9999 -9999 -9999 -9999 -9999 -9999 -9999 -9999 -9999 -9999 -9999 -9999 -9999 -9999 -9999 -9999 -9999 -9999 -9999
-9999 -9999 -9999 -9999 -9999 -9999 -9999 -9999 -0.22 -9999 -0.168 -0.101 -0.077 -0.08 -0.063 -0.038 -0.031 -0.042 -0.018 0.029 0.039 0.033 0.039 0.059 0.078 0.095 0.103 0.105 0.106 0.102 0.105 0.112 0.113 0.129 0.125 0.1 0.104 0.104 0.105 0.1 0.112 0.126 0.124 0.115 0.096 0.092 0.103 0.13 0.126 0.122 0.101 0.085 0.071 0.057 0.047 0.047 -9999 -9999 -9999 -9999 -9999 -9999 -9999 -9999 -9999 -9999 -9999 -9999 -9999 -9999 -9999 -9999 -9999 -9999 -9999 -9999 -9999
