Validation/Results/raw data/ReClimate_12_2023_1_Temperature.asc
NCOLS 192
NROWS 249
XLLCENTER -225160.85627316462
YLLCENTER 29788.11610251502
CELLSIZE 5000.0
NODATA_VALUE -9999
[rows 68 to 101 of 249, columns 75 to 149 of 192]
-9999 -9999 -9999 -9999 -9999 -9999 -9999 -9999 -9999 -9999 -9999 -0.485 -0.469 -0.454 -0.46 -0.468 -0.449 -0.429 -0.413 -0.395 -0.382 -0.368 -0.38 -0.396 -0.398 -0.401 -0.385 -0.367 -0.363 -9999 -9999 -9999 -9999 -9999 -9999 -9999 -9999 -9999 -9999 -9999 -9999 -9999 -9999 -9999 -9999 -9999 -9999 -9999 -9999 -9999 -9999 -9999 -9999 -9999 -9999 -9999 -9999 -9999 -9999 -9999 -9999 -9999 -9999 -9999 -9999 -9999 -9999 -9999 -9999 -9999 -9999 -9999 -9999 -9999 -9999
-9999 -9999 -9999 -9999 -9999 -9999 -9999 -9999 -9999 -9999 -9999 -9999 -9999 -0.502 -0.493 -0.46 -0.443 -0.429 -0.416 -0.407 -0.398 -0.393 -0.4 -0.399 -0.399 -0.394 -0.383 -9999 -9999 -9999 -9999 -9999 -9999 -9999 -9999 -9999 -9999 -9999 -9999 -9999 -9999 -9999 -9999 -9999 -9999 -9999 -9999 -9999 -9999 -9999 -9999 -9999 -9999 -9999 -9999 -9999 -9999 -9999 -9999 -9999 -9999 -9999 -9999 -9999 -9999 -9999 -9999 -9999 -9999 -9999 -9999 -9999 -9999 -9999 -9999
-9999 -9999 -9999 -9999 -9999 -9999 -9999 -0.532 -9999 -9999 -0.519 -0.501 -0.508 -0.513 -0.484 -0.452 -0.438 -0.424 -0.416 -0.407 -0.403 -0.399 -0.397 -0.396 -0.392 -0.389 -0.383 -9999 -9999 -9999 -9999 -9999 -9999 -9999 -9999 -9999 -9999 -9999 -9999 -9999 -9999 -9999 -9999 -9999 -9999 -9999 -9999 -9999 -9999 -9999 -9999 -9999 -9999 -9999 -9999 -9999 -9999 -9999 -9999 -9999 -9999 -9999 -9999 -9999 -9999 -9999 -9999 -9999 -9999 -9999 -9999 -9999 -9999 -9999 -9999
-9999 -9999 -9999 -9999 -9999 -0.53 -0.529 -0.529 -0.528 -0.524 -0.521 -0.516 -0.509 -0.49 -0.471 -0.468 -0.454 -0.435 -0.426 -0.415 -0.408 -0.393 -0.388 -0.378 -0.376 -0.379 -0.376 -9999 -9999 -9999 -9999 -9999 -9999 -9999 -9999 -9999 -9999 -9999 -9999 -9999 -9999 -9999 -9999 -9999 -9999 -9999 -9999 -9999 -9999 -9999 -9999 -9999 -9999 -9999 -9999 -9999 -9999 -9999 -9999 -9999 -9999 -9999 -9999 -9999 -9999 -9999 -9999 -9999 -9999 -9999 -9999 -9999 -9999 -9999 -9999
-9999 -9999 -9999 -9999 -9999 -0.523 -0.522 -9999 -0.522 -0.518 -0.519 -0.514 -0.494 -0.475 -0.47 -0.469 -0.452 -0.434 -0.424 -0.414 -0.401 -0.387 -0.378 -0.368 -0.37 -0.373 -9999 -0.374 -9999 -9999 -9999 -9999 -9999 -9999 -9999 -9999 -9999 -9999 -9999 -9999 -9999 -9999 -9999 -9999 -9999 -9999 -9999 -9999 -9999 -9999 -9999 -9999 -9999 -9999 -9999 -9999 -9999 -9999 -9999 -9999 -9999 -9999 -9999 -9999 -9999 -9999 -9999 -9999 -9999 -9999 -9999 -9999 -9999 -9999 -9999
-9999 -9999 -9999 -9999 -9999 -9999 -0.517 -0.528 -0.529 -0.53 -0.523 -0.507 -0.495 -0.487 -0.481 -0.468 -0.454 -0.44 -0.429 -0.413 -0.396 -0.367 -0.36 -0.357 -0.359 -0.363 -0.361 -0.354 -9999 -9999 -9999 -9999 -9999 -9999 -9999 -9999 -9999 -9999 -9999 -9999 -9999 -9999 -9999 -9999 -9999 -9999 -9999 -9999 -9999 -9999 -9999 -9999 -9999 -9999 -9999 -9999 -9999 -9999 -9999 -9999 -9999 -9999 -9999 -9999 -9999 -9999 -9999 -9999 -9999 -9999 -9999 -9999 -9999 -9999 -9999
-9999 -9999 -9999 -9999 -9999 -9999 -9999 -0.525 -0.528 -0.523 -0.51 -0.497 -0.492 -0.487 -0.475 -0.463 -0.451 -0.438 -0.424 -0.408 -0.384 -0.356 -0.353 -0.35 -0.352 -0.356 -0.35 -0.343 -9999 -9999 -9999 -9999 -9999 -9999 -9999 -9999 -9999 -9999 -9999 -9999 -9999 -9999 -9999 -9999 -9999 -9999 -9999 -9999 -9999 -9999 -9999 -9999 -9999 -9999 -9999 -9999 -9999 -9999 -9999 -9999 -9999 -9999 -9999 -9999 -9999 -9999 -9999 -9999 -9999 -9999 -9999 -9999 -9999 -9999 -9999
-9999 -9999 -9999 -9999 -9999 -0.507 -0.514 -0.514 -0.513 -0.512 -0.497 -0.475 -0.472 -0.475 -0.462 -0.446 -0.431 -0.412 -0.403 -0.404 -0.387 -0.375 -0.366 -0.343 -0.341 -9999 -0.332 -9999 -9999 -9999 -9999 -9999 -9999 -0.351 -0.341 -0.336 -9999 -9999 -9999 -9999 -9999 -9999 -9999 -9999 -9999 -9999 -9999 -9999 -9999 -9999 -9999 -9999 -9999 -9999 -9999 -9999 -9999 -9999 -9999 -9999 -9999 -9999 -9999 -9999 -9999 -9999 -9999 -9999 -9999 -9999 -9999 -9999 -9999 -9999 -9999
-0.501 -9999 -9999 -9999 -9999 -9999 -0.505 -0.504 -0.501 -0.5 -0.48 -0.459 -0.461 -0.465 -0.451 -0.435 -0.417 -0.398 -0.398 -0.399 -0.39 -0.379 -0.36 -0.337 -0.329 -0.321 -9999 -9999 -9999 -9999 -0.344 -0.345 -0.348 -0.348 -0.34 -0.333 -0.329 -0.325 -0.327 -0.33 -0.33 -0.33 -0.329 -0.327 -0.325 -0.323 -0.321 -0.32 -0.309 -0.299 -0.302 -0.295 -9999 -9999 -9999 -9999 -9999 -9999 -9999 -9999 -9999 -9999 -9999 -9999 -9999 -9999 -9999 -9999 -9999 -9999 -9999 -9999 -9999 -9999 -9999
-0.514 -9999 -9999 -9999 -0.496 -9999 -0.499 -0.479 -0.474 -0.47 -0.451 -0.434 -0.437 -0.447 -0.435 -0.425 -0.412 -0.406 -0.395 -0.365 -0.356 -0.351 -0.334 -0.322 -0.322 -9999 -9999 -9999 -9999 -0.341 -0.344 -0.355 -0.356 -0.354 -0.343 -0.322 -0.321 -0.324 -0.323 -0.315 -0.321 -0.336 -0.332 -0.32 -0.321 -0.326 -0.326 -0.321 -0.314 -0.304 -0.303 -0.295 -9999 -9999 -9999 -9999 -9999 -9999 -9999 -9999 -9999 -9999 -9999 -9999 -9999 -9999 -9999 -9999 -9999 -9999 -9999 -9999 -9999 -9999 -9999
-0.502 -9999 -9999 -9999 -0.491 -0.492 -0.482 -0.464 -0.457 -0.452 -0.436 -0.419 -0.425 -0.434 -0.426 -0.416 -0.41 -0.404 -0.378 -0.349 -0.343 -0.336 -0.325 -0.313 -9999 -9999 -0.324 -0.305 -0.323 -0.341 -0.347 -0.355 -0.355 -0.354 -0.337 -0.316 -0.319 -0.322 -0.316 -0.309 -0.322 -0.336 -0.327 -0.316 -0.321 -0.327 -0.325 -0.322 -0.315 -0.306 -0.299 -0.29 -0.26 -9999 -9999 -9999 -9999 -9999 -9999 -9999 -9999 -9999 -9999 -9999 -9999 -9999 -9999 -9999 -9999 -9999 -9999 -9999 -9999 -9999 -9999
-0.499 -9999 -0.496 -9999 -0.52 -0.529 -0.519 -0.504 -0.49 -0.457 -0.439 -0.414 -0.42 -0.433 -0.426 -0.421 -0.416 -0.41 -0.383 -0.346 -0.343 -0.346 -0.337 -0.33 -9999 -0.336 -0.319 -0.318 -0.329 -0.328 -0.338 -0.356 -0.35 -0.335 -0.325 -0.327 -0.326 -0.317 -0.316 -0.322 -0.328 -0.322 -0.319 -0.327 -0.332 -0.333 -0.329 -0.32 -0.318 -0.321 -0.292 -0.268 -0.263 -9999 -9999 -9999 -9999 -9999 -9999 -9999 -9999 -9999 -9999 -9999 -9999 -9999 -9999 -9999 -9999 -9999 -9999 -9999 -9999 -9999 -9999
-9999 -0.491 -9999 -9999 -9999 -0.538 -0.526 -0.513 -0.486 -0.454 -0.432 -0.407 -0.416 -0.427 -0.422 -0.417 -0.412 -0.407 -0.377 -0.341 -0.343 -0.345 -0.339 -0.335 -0.333 -0.33 -0.326 -0.322 -0.321 -0.32 -0.335 -0.352 -0.34 -0.325 -0.326 -0.328 -0.321 -0.313 -0.319 -0.325 -0.32 -0.315 -0.322 -0.33 -0.332 -0.334 -0.327 -0.319 -0.323 -0.326 -0.298 -0.262 -0.256 -9999 -9999 -9999 -9999 -9999 -9999 -9999 -9999 -9999 -9999 -9999 -9999 -9999 -9999 -9999 -9999 -9999 -9999 -9999 -9999 -9999 -9999
-0.506 -9999 -9999 -9999 -9999 -0.484 -0.481 -0.505 -9999 -0.464 -0.446 -0.431 -0.432 -0.42 -0.417 -0.422 -0.415 -0.402 -0.386 -0.384 -0.373 -0.336 -0.336 -0.345 -0.342 -0.336 -0.348 -0.383 -0.37 -0.326 -0.338 -0.35 -0.345 -0.347 -0.344 -0.328 -0.321 -0.309 -0.316 -0.325 -0.322 -0.319 -0.327 -0.336 -0.336 -0.329 -0.326 -0.327 -0.321 -0.297 -0.281 -0.284 -0.268 -9999 -9999 -9999 -9999 -9999 -9999 -9999 -9999 -9999 -9999 -9999 -9999 -9999 -9999 -9999 -9999 -9999 -9999 -9999 -9999 -9999 -9999
-0.502 -9999 -9999 -9999 -0.471 -9999 -9999 -0.496 -0.48 -0.463 -0.449 -0.436 -0.425 -0.412 -0.414 -0.417 -0.407 -0.395 -0.395 -0.396 -0.365 -0.33 -0.337 -0.347 -0.342 -0.337 -0.367 -0.403 -0.368 -0.325 -0.335 -0.346 -0.349 -0.352 -0.34 -0.326 -0.317 -0.306 -0.314 -0.323 -0.321 -0.319 -0.327 -0.336 -0.332 -0.326 -0.328 -0.329 -0.31 -0.285 -0.289 -0.293 -9999 -9999 -9999 -9999 -9999 -9999 -9999 -9999 -9999 -9999 -9999 -9999 -9999 -9999 -9999 -9999 -9999 -9999 -9999 -9999 -9999 -9999 -9999
-0.485 -0.484 -0.483 -9999 -9999 -9999 -0.475 -0.471 -9999 -0.448 -0.439 -0.436 -0.425 -0.412 -0.414 -0.416 -0.408 -0.402 -0.399 -0.39 -0.361 -0.323 -0.342 -0.381 -0.383 -0.391 -0.396 -0.357 -0.336 -0.338 -0.341 -0.334 -0.334 -0.333 -0.325 -0.324 -0.318 -0.312 -0.321 -0.33 -0.331 -0.333 -0.342 -0.352 -0.348 -0.34 -0.337 -0.325 -0.313 -0.308 -0.301 -9999 -9999 -9999 -9999 -9999 -9999 -9999 -9999 -9999 -9999 -9999 -9999 -9999 -9999 -9999 -9999 -9999 -9999 -9999 -9999 -9999 -9999 -9999 -9999
-0.48 -0.48 -0.474 -9999 -0.467 -0.463 -0.46 -0.457 -0.448 -0.438 -0.434 -0.431 -0.42 -0.408 -0.409 -0.411 -0.404 -0.399 -0.391 -0.384 -0.354 -0.32 -0.352 -0.391 -0.399 -0.408 -0.376 -0.337 -0.338 -0.339 -0.333 -0.326 -0.324 -0.322 -0.321 -0.32 -0.317 -0.312 -0.321 -0.33 -0.334 -0.337 -0.345 -0.355 -0.35 -0.343 -0.334 -0.323 -0.32 -0.316 -0.311 -9999 -9999 -9999 -9999 -9999 -9999 -9999 -9999 -9999 -9999 -9999 -9999 -9999 -9999 -9999 -9999 -9999 -9999 -9999 -9999 -9999 -9999 -9999 -9999
-0.484 -0.482 -0.473 -0.458 -0.469 -0.495 -9999 -0.465 -0.467 -0.485 -0.47 -0.425 -0.418 -0.414 -0.408 -0.389 -0.384 -0.384 -0.372 -0.35 -0.349 -0.391 -0.411 -0.404 -0.413 -0.424 -0.392 -0.346 -0.343 -0.329 -0.327 -0.332 -0.33 -0.329 -0.328 -0.322 -0.32 -0.316 -0.32 -0.315 -0.319 -0.327 -0.329 -0.32 -0.323 -0.343 -0.333 -0.317 -0.317 -0.321 -9999 -9999 -9999 -9999 -9999 -9999 -9999 -9999 -9999 -9999 -9999 -9999 -9999 -9999 -9999 -9999 -9999 -9999 -9999 -9999 -9999 -9999 -9999 -9999 -9999
-9999 -9999 -9999 -0.451 -0.485 -9999 -0.482 -0.463 -0.478 -0.498 -0.462 -0.419 -0.416 -0.412 -0.396 -0.377 -0.374 -0.374 -0.356 -0.335 -0.371 -0.414 -0.41 -0.404 -0.415 -0.426 -0.391 -0.347 -0.336 -0.322 -0.327 -0.331 -0.33 -0.329 -0.324 -0.32 -0.317 -0.314 -0.312 -0.308 -0.314 -0.322 -0.315 -0.305 -0.322 -0.341 -0.329 -0.314 -0.318 -0.32 -9999 -9999 -9999 -9999 -9999 -9999 -9999 -9999 -9999 -9999 -9999 -9999 -9999 -9999 -9999 -9999 -9999 -9999 -9999 -9999 -9999 -9999 -9999 -9999 -9999
-9999 -9999 -0.476 -0.477 -9999 -0.493 -0.474 -9999 -0.462 -0.45 -0.423 -0.408 -0.403 -0.398 -0.38 -0.357 -0.353 -0.35 -0.354 -0.394 -0.417 -0.416 -0.409 -0.393 -0.406 -0.424 -0.39 -0.345 -0.337 -0.333 -0.347 -0.381 -0.369 -0.327 -0.321 -0.314 -0.312 -0.312 -0.309 -0.304 -0.311 -0.321 -0.326 -0.35 -0.354 -0.329 -0.321 -0.321 -0.321 -0.314 -9999 -9999 -9999 -9999 -9999 -9999 -9999 -9999 -9999 -9999 -9999 -9999 -9999 -9999 -9999 -9999 -9999 -9999 -9999 -9999 -9999 -9999 -9999 -9999 -9999
-9999 -9999 -0.484 -9999 -9999 -0.484 -0.468 -0.454 -0.441 -0.426 -0.412 -0.395 -0.39 -0.385 -0.364 -0.343 -0.34 -0.337 -0.37 -0.41 -0.41 -0.41 -0.398 -0.383 -0.399 -0.417 -0.382 -0.339 -0.336 -0.332 -0.361 -0.396 -0.363 -0.323 -0.316 -0.308 -0.309 -0.309 -0.306 -0.302 -0.31 -0.32 -0.341 -0.365 -0.347 -0.323 -0.323 -0.323 -0.317 -0.311 -9999 -9999 -9999 -9999 -9999 -9999 -9999 -9999 -9999 -9999 -9999 -9999 -9999 -9999 -9999 -9999 -9999 -9999 -9999 -9999 -9999 -9999 -9999 -9999 -9999
-9999 -9999 -9999 -9999 -9999 -9999 -0.472 -0.458 -0.441 -0.418 -0.402 -0.383 -0.389 -0.417 -0.396 -0.364 -0.37 -0.389 -0.412 -0.418 -0.415 -0.403 -0.395 -0.39 -0.386 -0.349 -0.341 -0.382 -0.385 -0.39 -0.392 -0.341 -0.324 -0.332 -0.325 -0.313 -0.316 -0.32 -0.314 -0.299 -0.308 -0.317 -0.335 -0.354 -0.338 -0.321 -0.321 -0.321 -0.322 -9999 -9999 -9999 -9999 -9999 -9999 -9999 -9999 -9999 -9999 -9999 -9999 -9999 -9999 -9999 -9999 -9999 -9999 -9999 -9999 -9999 -9999 -9999 -9999 -9999 -9999
-9999 -9999 -9999 -9999 -0.476 -0.479 -9999 -0.449 -0.429 -0.408 -0.391 -0.372 -0.395 -0.424 -0.398 -0.368 -0.385 -0.405 -0.409 -0.415 -0.406 -0.395 -0.392 -0.387 -0.356 -0.318 -0.353 -0.394 -0.4 -0.408 -0.366 -0.316 -0.322 -0.331 -0.322 -0.313 -0.318 -0.323 -0.312 -0.298 -0.306 -0.315 -0.33 -0.348 -0.336 -0.319 -0.32 -0.32 -0.328 -9999 -9999 -9999 -9999 -9999 -9999 -9999 -9999 -9999 -9999 -9999 -9999 -9999 -9999 -9999 -9999 -9999 -9999 -9999 -9999 -9999 -9999 -9999 -9999 -9999 -9999
-9999 -9999 -9999 -0.478 -0.477 -0.472 -0.461 -0.455 -0.433 -0.403 -0.388 -0.371 -0.377 -0.362 -0.347 -0.355 -0.372 -0.396 -0.398 -0.4 -0.397 -0.401 -0.401 -0.406 -0.387 -0.375 -0.397 -0.395 -0.399 -0.399 -0.364 -0.328 -0.33 -0.325 -0.314 -0.295 -0.303 -0.318 -0.31 -0.301 -0.31 -0.322 -0.326 -0.309 -0.305 -0.317 -0.315 -0.309 -9999 -9999 -9999 -9999 -9999 -9999 -9999 -9999 -9999 -9999 -9999 -9999 -9999 -9999 -9999 -9999 -9999 -9999 -9999 -9999 -9999 -9999 -9999 -9999 -9999 -9999 -9999
-9999 -9999 -9999 -0.478 -9999 -0.462 -0.456 -0.452 -0.425 -0.397 -0.382 -0.366 -0.351 -0.334 -0.34 -0.347 -0.365 -0.387 -0.388 -0.39 -0.393 -0.397 -0.402 -0.407 -0.401 -0.392 -0.392 -0.391 -0.391 -0.391 -0.364 -0.331 -0.326 -0.321 -0.306 -0.287 -0.3 -0.314 -0.31 -0.302 -0.313 -0.325 -0.311 -0.294 -0.304 -0.316 -0.311 -0.305 -9999 -9999 -9999 -9999 -9999 -9999 -9999 -9999 -9999 -9999 -9999 -9999 -9999 -9999 -9999 -9999 -9999 -9999 -9999 -9999 -9999 -9999 -9999 -9999 -9999 -9999 -9999
-9999 -9999 -9999 -9999 -9999 -0.464 -0.464 -0.473 -0.453 -0.432 -0.407 -0.354 -0.356 -0.388 -0.393 -0.387 -0.401 -0.402 -0.401 -0.394 -0.394 -0.39 -0.394 -0.398 -0.392 -0.383 -0.382 -0.379 -0.382 -0.387 -0.372 -0.37 -0.368 -0.36 -0.352 -0.346 -0.348 -0.329 -0.321 -0.301 -0.312 -0.322 -0.309 -0.295 -0.303 -0.308 -0.303 -0.296 -9999 -9999 -9999 -9999 -9999 -9999 -9999 -9999 -9999 -9999 -9999 -9999 -9999 -9999 -9999 -9999 -9999 -9999 -9999 -9999 -9999 -9999 -9999 -9999 -9999 -9999 -9999
-9999 -9999 -9999 -0.468 -0.463 -0.459 -0.465 -0.475 -0.459 -0.44 -0.397 -0.346 -9999 -0.405 -0.402 -0.398 -0.401 -0.403 -0.397 -0.39 -0.386 -0.382 -0.385 -0.389 -0.383 -0.375 -0.373 -0.371 -0.376 -0.381 -0.382 -0.382 -0.378 -0.372 -0.369 -0.366 -0.351 -0.333 -0.318 -0.3 -0.311 -0.321 -0.31 -0.296 -0.301 -0.306 -0.3 -0.292 -9999 -9999 -9999 -9999 -9999 -9999 -9999 -9999 -9999 -9999 -9999 -9999 -9999 -9999 -9999 -9999 -9999 -9999 -9999 -9999 -9999 -9999 -9999 -9999 -9999 -9999 -9999
-0.439 -0.444 -0.451 -9999 -0.447 -0.418 -0.422 -0.431 -0.417 -0.408 -0.375 -9999 -0.38 -0.413 -0.409 -0.402 -0.403 -0.401 -0.397 -0.395 -0.387 -0.372 -0.367 -0.347 -0.34 -0.337 -0.33 -0.318 -0.318 -0.316 -0.314 -0.316 -0.315 -0.325 -0.32 -0.315 -0.308 -0.317 -0.307 -0.307 -0.315 -0.319 -0.311 -0.299 -0.302 -0.303 -0.297 -9999 -9999 -9999 -9999 -9999 -9999 -9999 -9999 -9999 -9999 -9999 -9999 -9999 -9999 -9999 -9999 -9999 -9999 -9999 -9999 -9999 -9999 -9999 -9999 -9999 -9999 -9999 -9999
-0.431 -0.43 -0.436 -0.451 -9999 -0.398 -0.402 -0.41 -0.401 -0.392 -0.373 -0.353 -0.379 -0.411 -0.405 -0.399 -0.397 -0.395 -0.394 -0.392 -0.378 -0.363 -0.347 -0.326 -0.323 -0.319 -0.308 -0.295 -0.293 -0.289 -0.289 -0.289 -0.296 -0.305 -0.3 -0.295 -0.301 -0.309 -0.309 -0.308 -0.313 -0.318 -0.312 -0.302 -0.303 -9999 -9999 -9999 -9999 -9999 -9999 -9999 -9999 -9999 -9999 -9999 -9999 -9999 -9999 -9999 -9999 -9999 -9999 -9999 -9999 -9999 -9999 -9999 -9999 -9999 -9999 -9999 -9999 -9999 -9999
-9999 -9999 -0.432 -9999 -0.423 -0.428 -0.423 -0.401 -0.399 -9999 -9999 -0.369 -0.394 -0.419 -0.413 -0.401 -0.396 -0.383 -0.383 -0.388 -0.371 -0.343 -0.332 -0.328 -0.335 -0.358 -0.345 -0.313 -0.31 -0.302 -0.302 -0.3 -0.306 -0.31 -0.304 -0.292 -0.298 -0.303 -0.302 -0.301 -0.308 -0.319 -0.314 -0.307 -9999 -9999 -9999 -9999 -9999 -9999 -9999 -9999 -9999 -9999 -9999 -9999 -9999 -9999 -9999 -9999 -9999 -9999 -9999 -9999 -9999 -9999 -9999 -9999 -9999 -9999 -9999 -9999 -9999 -9999 -9999
-0.429 -9999 -0.422 -0.422 -0.429 -0.436 -0.416 -0.394 -9999 -9999 -0.383 -0.372 -0.392 -0.417 -0.408 -0.397 -0.386 -0.373 -0.377 -0.382 -0.359 -0.332 -0.329 -0.325 -0.346 -0.37 -0.346 -0.317 -0.312 -0.305 -0.304 -0.303 -0.306 -0.31 -0.301 -0.29 -0.295 -0.3 -0.299 -0.298 -0.308 -0.319 -0.315 -0.309 -0.304 -9999 -9999 -9999 -9999 -9999 -9999 -9999 -9999 -9999 -9999 -9999 -9999 -9999 -9999 -9999 -9999 -9999 -9999 -9999 -9999 -9999 -9999 -9999 -9999 -9999 -9999 -9999 -9999 -9999 -9999
-0.425 -0.424 -0.42 -0.41 -0.415 -0.418 -0.395 -9999 -9999 -0.364 -0.355 -0.359 -0.381 -0.413 -0.409 -0.409 -0.4 -0.388 -0.389 -0.38 -0.366 -0.364 -0.363 -0.359 -0.355 -0.306 -0.31 -0.365 -0.351 -0.313 -0.303 -0.275 -0.278 -0.284 -0.281 -0.287 -0.289 -0.284 -0.293 -0.32 -0.331 -0.34 -0.327 -0.293 -9999 -9999 -9999 -9999 -9999 -9999 -9999 -9999 -9999 -9999 -9999 -9999 -9999 -9999 -9999 -9999 -9999 -9999 -9999 -9999 -9999 -9999 -9999 -9999 -9999 -9999 -9999 -9999 -9999 -9999 -9999
-0.421 -0.421 -9999 -9999 -0.405 -0.408 -9999 -9999 -9999 -0.337 -0.338 -0.351 -0.376 -0.406 -0.407 -0.408 -0.399 -0.388 -0.382 -0.374 -0.372 -0.371 -0.37 -0.367 -0.327 -0.277 -0.322 -0.376 -0.346 -0.309 -0.287 -0.259 -0.264 -0.269 -0.275 -0.282 -0.279 -0.274 -0.296 -0.323 -0.333 -0.343 -0.316 -0.282 -9999 -9999 -9999 -9999 -9999 -9999 -9999 -9999 -9999 -9999 -9999 -9999 -9999 -9999 -9999 -9999 -9999 -9999 -9999 -9999 -9999 -9999 -9999 -9999 -9999 -9999 -9999 -9999 -9999 -9999 -9999
-9999 -0.428 -0.423 -0.427 -9999 -9999 -9999 -9999 -0.327 -0.318 -0.324 -0.335 -0.36 -0.393 -0.395 -0.398 -0.393 -0.392 -0.39 -0.39 -0.384 -0.367 -0.355 -0.321 -0.309 -0.346 -0.374 -0.369 -0.336 -0.286 -0.268 -0.255 -0.257 -0.256 -0.265 -0.283 -0.281 -0.276 -0.29 -0.294 -0.301 -0.307 -0.284 -9999 -9999 -9999 -9999 -9999 -9999 -9999 -9999 -9999 -9999 -9999 -9999 -9999 -9999 -9999 -9999 -9999 -9999 -9999 -9999 -9999 -9999 -9999 -9999 -9999 -9999 -9999 -9999 -9999 -9999 -9999 -9999
