Validation/Results/raw data/ReClimate_03_2024_2.asc
NCOLS 192
NROWS 249
XLLCENTER -225160.85627316462
YLLCENTER 29788.11610251502
CELLSIZE 5000.0
NODATA_VALUE -9999
[rows 66 to 98 of 249, columns 74 to 147 of 192]
-9999 -9999 -9999 -9999 -9999 -9999 -9999 -9999 -9999 -9999 -9999 97.345 -9999 97.251 97.202 97.155 97.112 97.076 97.054 97.044 97.036 97.022 97.006 96.991 96.974 96.957 96.939 96.919 96.899 96.876 96.855 96.841 -9999 -9999 -9999 -9999 -9999 -9999 -9999 -9999 -9999 -9999 -9999 -9999 -9999 -9999 -9999 -9999 -9999 -9999 -9999 -9999 -9999 -9999 -9999 -9999 -9999 -9999 -9999 -9999 -9999 -9999 -9999 -9999 -9999 -9999 -9999 -9999 -9999 -9999 -9999 -9999 -9999 -9999
-9999 -9999 -9999 -9999 -9999 -9999 -9999 -9999 -9999 -9999 -9999 -9999 97.311 97.26 97.211 97.168 97.141 97.124 97.11 97.099 97.082 97.069 97.057 97.042 97.027 97.011 96.994 96.976 96.956 96.936 -9999 -9999 -9999 -9999 -9999 -9999 -9999 -9999 -9999 -9999 -9999 -9999 -9999 -9999 -9999 -9999 -9999 -9999 -9999 -9999 -9999 -9999 -9999 -9999 -9999 -9999 -9999 -9999 -9999 -9999 -9999 -9999 -9999 -9999 -9999 -9999 -9999 -9999 -9999 -9999 -9999 -9999 -9999 -9999
-9999 -9999 -9999 -9999 -9999 -9999 -9999 -9999 -9999 -9999 -9999 -9999 97.322 97.272 97.225 97.201 97.187 97.173 97.16 97.143 97.123 97.113 97.105 97.091 97.077 97.062 97.046 97.029 97.012 96.992 -9999 -9999 -9999 -9999 -9999 -9999 -9999 -9999 -9999 -9999 -9999 -9999 -9999 -9999 -9999 -9999 -9999 -9999 -9999 -9999 -9999 -9999 -9999 -9999 -9999 -9999 -9999 -9999 -9999 -9999 -9999 -9999 -9999 -9999 -9999 -9999 -9999 -9999 -9999 -9999 -9999 -9999 -9999 -9999
-9999 -9999 -9999 -9999 -9999 -9999 -9999 -9999 -9999 -9999 -9999 -9999 -9999 -9999 97.262 97.247 97.232 97.218 97.205 97.184 97.16 97.154 97.152 97.138 97.125 97.111 97.096 97.081 -9999 -9999 -9999 -9999 -9999 -9999 -9999 -9999 -9999 -9999 -9999 -9999 -9999 -9999 -9999 -9999 -9999 -9999 -9999 -9999 -9999 -9999 -9999 -9999 -9999 -9999 -9999 -9999 -9999 -9999 -9999 -9999 -9999 -9999 -9999 -9999 -9999 -9999 -9999 -9999 -9999 -9999 -9999 -9999 -9999 -9999
-9999 -9999 -9999 -9999 -9999 -9999 -9999 -9999 97.451 -9999 -9999 97.398 97.354 97.323 97.307 97.291 97.276 97.262 97.249 97.228 97.212 97.206 97.197 97.184 97.171 97.158 97.144 97.13 -9999 -9999 -9999 -9999 -9999 -9999 -9999 -9999 -9999 -9999 -9999 -9999 -9999 -9999 -9999 -9999 -9999 -9999 -9999 -9999 -9999 -9999 -9999 -9999 -9999 -9999 -9999 -9999 -9999 -9999 -9999 -9999 -9999 -9999 -9999 -9999 -9999 -9999 -9999 -9999 -9999 -9999 -9999 -9999 -9999 -9999
-9999 -9999 -9999 -9999 -9999 -9999 97.578 97.538 97.451 97.439 97.427 97.405 97.388 97.369 97.351 97.335 97.32 97.305 97.292 97.276 97.264 97.253 97.241 97.228 97.216 97.204 97.191 97.178 -9999 -9999 -9999 -9999 -9999 -9999 -9999 -9999 -9999 -9999 -9999 -9999 -9999 -9999 -9999 -9999 -9999 -9999 -9999 -9999 -9999 -9999 -9999 -9999 -9999 -9999 -9999 -9999 -9999 -9999 -9999 -9999 -9999 -9999 -9999 -9999 -9999 -9999 -9999 -9999 -9999 -9999 -9999 -9999 -9999 -9999
-9999 -9999 -9999 -9999 -9999 -9999 97.686 97.543 -9999 97.461 97.45 97.45 97.446 97.419 97.396 97.379 97.363 97.348 97.334 97.321 97.308 97.296 97.284 97.272 97.26 97.249 97.237 -9999 97.213 -9999 -9999 -9999 -9999 -9999 -9999 -9999 -9999 -9999 -9999 -9999 -9999 -9999 -9999 -9999 -9999 -9999 -9999 -9999 -9999 -9999 -9999 -9999 -9999 -9999 -9999 -9999 -9999 -9999 -9999 -9999 -9999 -9999 -9999 -9999 -9999 -9999 -9999 -9999 -9999 -9999 -9999 -9999 -9999 -9999
-9999 -9999 -9999 -9999 -9999 -9999 -9999 97.615 97.557 97.545 97.542 97.557 97.553 97.531 97.498 97.466 97.435 97.404 97.378 97.363 97.351 97.338 97.326 97.315 97.304 97.292 97.281 97.27 97.26 -9999 -9999 -9999 -9999 -9999 -9999 -9999 -9999 -9999 -9999 -9999 -9999 -9999 -9999 -9999 -9999 -9999 -9999 -9999 -9999 -9999 -9999 -9999 -9999 -9999 -9999 -9999 -9999 -9999 -9999 -9999 -9999 -9999 -9999 -9999 -9999 -9999 -9999 -9999 -9999 -9999 -9999 -9999 -9999 -9999
98.024 -9999 -9999 -9999 -9999 -9999 -9999 -9999 97.658 97.65 97.661 97.672 97.674 97.658 97.621 97.58 97.54 97.5 97.467 97.435 97.404 97.381 97.369 97.358 97.347 97.336 97.325 97.315 97.306 -9999 -9999 -9999 -9999 -9999 -9999 -9999 -9999 -9999 -9999 -9999 -9999 -9999 -9999 -9999 -9999 -9999 -9999 -9999 -9999 -9999 -9999 -9999 -9999 -9999 -9999 -9999 -9999 -9999 -9999 -9999 -9999 -9999 -9999 -9999 -9999 -9999 -9999 -9999 -9999 -9999 -9999 -9999 -9999 -9999
98.188 -9999 -9999 -9999 -9999 -9999 97.947 97.854 97.784 97.763 97.773 97.779 97.782 97.771 97.745 97.7 97.656 97.613 97.572 97.531 97.492 97.459 97.426 97.401 97.39 97.379 -9999 97.359 -9999 -9999 -9999 -9999 -9999 -9999 97.344 97.344 97.345 -9999 -9999 -9999 -9999 -9999 -9999 -9999 -9999 -9999 -9999 -9999 -9999 -9999 -9999 -9999 -9999 -9999 -9999 -9999 -9999 -9999 -9999 -9999 -9999 -9999 -9999 -9999 -9999 -9999 -9999 -9999 -9999 -9999 -9999 -9999 -9999 -9999
98.377 98.323 -9999 -9999 -9999 -9999 -9999 97.985 97.937 97.907 97.884 97.881 97.88 97.875 97.854 97.818 97.77 97.724 97.68 97.636 97.594 97.552 97.51 97.477 97.445 97.423 97.412 -9999 -9999 -9999 -9999 97.396 97.396 97.398 97.402 97.404 97.406 97.405 97.404 97.403 97.4 97.398 97.393 97.388 97.381 97.372 97.362 97.355 97.34 97.321 97.298 97.284 97.336 -9999 -9999 -9999 -9999 -9999 -9999 -9999 -9999 -9999 -9999 -9999 -9999 -9999 -9999 -9999 -9999 -9999 -9999 -9999 -9999 -9999
98.553 98.496 -9999 -9999 -9999 98.279 -9999 98.144 98.103 98.056 98.018 97.987 97.973 97.967 97.953 97.926 97.883 97.833 97.786 97.74 97.695 97.651 97.608 97.565 97.525 97.491 -9999 -9999 -9999 -9999 97.458 97.452 97.46 97.466 97.47 97.474 97.477 97.479 97.479 97.479 97.478 97.476 97.473 97.47 97.465 97.459 97.452 97.443 97.432 97.418 97.401 97.386 97.374 -9999 -9999 -9999 -9999 -9999 -9999 -9999 -9999 -9999 -9999 -9999 -9999 -9999 -9999 -9999 -9999 -9999 -9999 -9999 -9999 -9999
98.718 98.657 -9999 -9999 -9999 98.421 98.362 98.308 98.257 98.207 98.156 98.111 98.075 98.054 98.043 98.022 97.992 97.943 97.892 97.844 97.797 97.751 97.706 97.662 97.618 -9999 -9999 97.518 97.511 97.513 97.514 97.522 97.53 97.536 97.542 97.547 97.551 97.554 97.556 97.557 97.558 97.558 97.557 97.555 97.553 97.55 97.546 97.542 97.536 97.529 97.52 97.512 97.499 97.486 -9999 -9999 -9999 -9999 -9999 -9999 -9999 -9999 -9999 -9999 -9999 -9999 -9999 -9999 -9999 -9999 -9999 -9999 -9999 -9999
98.874 98.81 -9999 98.687 -9999 98.569 98.509 98.453 98.4 98.346 98.293 98.238 98.189 98.149 98.125 98.11 98.085 98.051 98.0 97.948 97.898 97.851 97.804 97.759 97.715 -9999 97.654 97.617 97.591 97.579 97.585 97.592 97.6 97.607 97.613 97.619 97.624 97.628 97.631 97.633 97.635 97.636 97.637 97.638 97.638 97.638 97.637 97.637 97.636 97.635 97.633 97.634 97.633 97.63 -9999 -9999 -9999 -9999 -9999 -9999 -9999 -9999 -9999 -9999 -9999 -9999 -9999 -9999 -9999 -9999 -9999 -9999 -9999 -9999
99.023 -9999 98.891 -9999 -9999 -9999 98.647 98.589 98.532 98.476 98.42 98.364 98.307 98.255 98.214 98.188 98.17 98.142 98.107 98.055 98.002 97.952 97.904 97.859 97.821 97.786 97.754 97.718 97.687 97.667 97.656 97.663 97.67 97.677 97.684 97.69 97.695 97.7 97.704 97.707 97.71 97.713 97.716 97.718 97.72 97.723 97.726 97.729 97.732 97.737 97.742 97.748 97.76 97.772 -9999 -9999 -9999 -9999 -9999 -9999 -9999 -9999 -9999 -9999 -9999 -9999 -9999 -9999 -9999 -9999 -9999 -9999 -9999 -9999
99.165 99.095 -9999 -9999 -9999 -9999 98.779 98.717 98.658 -9999 98.541 98.483 98.425 98.365 98.313 98.27 98.246 98.225 98.195 98.158 98.108 98.056 98.009 97.971 97.933 97.894 97.857 97.823 97.791 97.762 97.744 97.734 97.741 97.748 97.754 97.761 97.766 97.772 97.776 97.78 97.784 97.788 97.792 97.796 97.801 97.806 97.811 97.818 97.826 97.835 97.847 97.861 97.883 97.894 -9999 -9999 -9999 -9999 -9999 -9999 -9999 -9999 -9999 -9999 -9999 -9999 -9999 -9999 -9999 -9999 -9999 -9999 -9999 -9999
99.301 99.23 -9999 -9999 -9999 98.968 -9999 -9999 98.777 98.716 98.656 98.597 98.537 98.477 98.416 98.364 98.322 98.299 98.276 98.245 98.21 98.168 98.125 98.084 98.04 97.999 97.961 97.926 97.894 97.864 97.837 97.82 97.812 97.818 97.825 97.831 97.837 97.843 97.848 97.853 97.857 97.862 97.868 97.873 97.88 97.887 97.895 97.905 97.917 97.932 97.949 97.974 97.997 -9999 -9999 -9999 -9999 -9999 -9999 -9999 -9999 -9999 -9999 -9999 -9999 -9999 -9999 -9999 -9999 -9999 -9999 -9999 -9999 -9999
99.426 99.361 99.291 99.224 -9999 -9999 -9999 98.955 98.892 -9999 98.767 98.706 98.645 98.584 98.522 98.46 98.411 98.374 98.349 98.325 98.299 98.273 98.24 98.19 98.143 98.1 98.061 98.026 97.993 97.963 97.935 97.91 97.894 97.889 97.896 97.902 97.908 97.913 97.919 97.924 97.93 97.935 97.942 97.949 97.957 97.967 97.978 97.991 98.007 98.027 98.05 98.082 -9999 -9999 -9999 -9999 -9999 -9999 -9999 -9999 -9999 -9999 -9999 -9999 -9999 -9999 -9999 -9999 -9999 -9999 -9999 -9999 -9999 -9999
99.546 99.488 99.417 99.349 -9999 99.213 99.14 99.07 99.003 98.938 98.875 98.812 98.75 98.688 98.626 98.562 98.502 98.454 98.423 98.4 98.381 98.359 98.324 98.287 98.244 98.199 98.159 98.123 98.09 98.059 98.031 98.004 97.981 97.968 97.967 97.973 97.978 97.984 97.989 97.995 98.001 98.008 98.015 98.024 98.034 98.046 98.06 98.077 98.097 98.121 98.151 98.186 -9999 -9999 -9999 -9999 -9999 -9999 -9999 -9999 -9999 -9999 -9999 -9999 -9999 -9999 -9999 -9999 -9999 -9999 -9999 -9999 -9999 -9999
99.662 99.613 99.54 99.471 99.404 99.332 99.255 -9999 99.112 99.045 98.98 98.916 98.853 98.79 98.727 98.663 98.598 98.542 98.5 98.478 98.454 98.423 98.392 98.359 98.326 98.294 98.255 98.218 98.184 98.153 98.125 98.098 98.072 98.052 98.04 98.043 98.049 98.054 98.06 98.066 98.072 98.08 98.088 98.099 98.111 98.125 98.142 98.162 98.186 98.215 98.251 -9999 -9999 -9999 -9999 -9999 -9999 -9999 -9999 -9999 -9999 -9999 -9999 -9999 -9999 -9999 -9999 -9999 -9999 -9999 -9999 -9999 -9999 -9999
99.76 -9999 -9999 -9999 99.523 99.447 -9999 99.29 99.22 99.151 99.084 99.019 98.955 98.89 98.826 98.762 98.697 98.637 98.592 98.559 98.524 98.49 98.458 98.426 98.396 98.364 98.334 98.306 98.276 98.244 98.216 98.189 98.163 98.138 98.122 98.114 98.119 98.124 98.13 98.136 98.143 98.151 98.161 98.173 98.187 98.204 98.224 98.247 98.276 98.31 98.338 -9999 -9999 -9999 -9999 -9999 -9999 -9999 -9999 -9999 -9999 -9999 -9999 -9999 -9999 -9999 -9999 -9999 -9999 -9999 -9999 -9999 -9999 -9999
-9999 -9999 -9999 99.712 99.64 -9999 99.478 99.4 -9999 99.256 99.188 99.121 99.057 98.998 98.939 98.88 98.821 98.76 98.7 98.647 98.61 98.575 98.54 98.507 98.475 98.445 98.416 98.387 98.357 98.329 98.302 98.277 98.252 98.228 98.205 98.191 98.19 98.194 98.2 98.206 98.214 98.223 98.234 98.248 98.264 98.283 98.306 98.33 98.35 98.371 98.377 -9999 -9999 -9999 -9999 -9999 -9999 -9999 -9999 -9999 -9999 -9999 -9999 -9999 -9999 -9999 -9999 -9999 -9999 -9999 -9999 -9999 -9999 -9999
-9999 -9999 -9999 99.83 -9999 -9999 99.588 99.508 99.433 99.362 99.297 99.236 99.179 99.122 99.065 99.007 98.943 98.869 98.797 98.739 98.696 98.659 98.624 98.59 98.557 98.526 98.495 98.465 98.437 98.408 98.382 98.355 98.329 98.305 98.286 98.269 98.26 98.264 98.269 98.276 98.285 98.295 98.307 98.318 98.329 98.343 98.358 98.371 98.385 98.4 98.418 -9999 -9999 -9999 -9999 -9999 -9999 -9999 -9999 -9999 -9999 -9999 -9999 -9999 -9999 -9999 -9999 -9999 -9999 -9999 -9999 -9999 -9999 -9999
-9999 -9999 -9999 -9999 -9999 -9999 -9999 99.618 99.546 99.481 99.42 99.36 99.302 99.245 99.184 99.113 99.035 98.961 98.888 98.826 98.777 98.738 98.702 98.667 98.633 98.601 98.57 98.54 98.511 98.482 98.455 98.427 98.4 98.376 98.349 98.321 98.309 98.308 98.314 98.32 98.328 98.336 98.345 98.353 98.363 98.374 98.385 98.398 98.412 98.428 -9999 -9999 -9999 -9999 -9999 -9999 -9999 -9999 -9999 -9999 -9999 -9999 -9999 -9999 -9999 -9999 -9999 -9999 -9999 -9999 -9999 -9999 -9999 -9999
-9999 -9999 -9999 -9999 -9999 99.903 99.816 -9999 99.669 99.603 99.541 99.479 99.415 99.346 99.272 99.195 99.118 99.045 98.973 98.907 98.852 98.813 98.775 98.739 98.705 98.672 98.64 98.609 98.58 98.551 98.523 98.495 98.468 98.44 98.411 98.38 98.351 98.336 98.341 98.348 98.354 98.362 98.37 98.379 98.389 98.399 98.411 98.424 98.439 98.455 -9999 -9999 -9999 -9999 -9999 -9999 -9999 -9999 -9999 -9999 -9999 -9999 -9999 -9999 -9999 -9999 -9999 -9999 -9999 -9999 -9999 -9999 -9999 -9999
-9999 -9999 -9999 -9999 100.109 100.018 99.939 99.861 99.788 99.715 99.641 99.568 99.495 99.424 99.349 99.27 99.195 99.122 99.052 98.983 98.927 98.883 98.844 98.807 98.772 98.739 98.706 98.675 98.644 98.615 98.586 98.558 98.531 98.503 98.473 98.438 98.402 98.377 98.368 98.372 98.379 98.387 98.395 98.404 98.414 98.425 98.437 98.45 98.465 -9999 -9999 -9999 -9999 -9999 -9999 -9999 -9999 -9999 -9999 -9999 -9999 -9999 -9999 -9999 -9999 -9999 -9999 -9999 -9999 -9999 -9999 -9999 -9999 -9999
-9999 -9999 -9999 -9999 100.224 -9999 100.038 99.951 99.868 99.788 99.712 99.639 99.568 99.496 99.418 99.341 99.266 99.195 99.125 99.057 98.998 98.949 98.91 98.872 98.836 98.802 98.769 98.737 98.706 98.676 98.646 98.617 98.589 98.56 98.529 98.496 98.459 98.427 98.409 98.402 98.403 98.411 98.419 98.428 98.439 98.45 98.462 98.476 98.492 -9999 -9999 -9999 -9999 -9999 -9999 -9999 -9999 -9999 -9999 -9999 -9999 -9999 -9999 -9999 -9999 -9999 -9999 -9999 -9999 -9999 -9999 -9999 -9999 -9999
-9999 -9999 -9999 -9999 -9999 -9999 100.1 100.012 99.93 99.852 99.778 99.706 99.637 99.564 99.484 99.407 99.334 99.263 99.194 99.127 99.065 99.013 98.973 98.935 98.898 98.863 98.829 98.796 98.764 98.733 98.703 98.674 98.644 98.615 98.584 98.551 98.515 98.48 98.454 98.443 98.436 98.434 98.443 98.453 98.463 98.475 98.488 98.502 98.519 -9999 -9999 -9999 -9999 -9999 -9999 -9999 -9999 -9999 -9999 -9999 -9999 -9999 -9999 -9999 -9999 -9999 -9999 -9999 -9999 -9999 -9999 -9999 -9999 -9999
-9999 -9999 -9999 -9999 100.305 100.249 100.155 100.069 99.989 99.913 99.841 99.771 99.702 -9999 99.546 99.47 99.398 99.328 99.259 99.193 99.129 99.075 99.034 98.995 98.957 98.921 98.886 98.853 98.821 98.789 98.758 98.728 98.698 98.668 98.637 98.604 98.57 98.533 98.505 98.49 98.477 98.47 98.467 98.477 98.488 98.5 98.514 98.529 98.549 -9999 -9999 -9999 -9999 -9999 -9999 -9999 -9999 -9999 -9999 -9999 -9999 -9999 -9999 -9999 -9999 -9999 -9999 -9999 -9999 -9999 -9999 -9999 -9999 -9999
100.285 100.27 100.32 100.329 -9999 100.281 100.209 100.125 100.046 99.973 99.902 99.834 -9999 99.684 99.606 99.531 99.459 99.389 99.322 99.256 99.191 99.136 99.093 99.053 99.014 98.978 98.942 98.908 98.875 98.843 98.812 98.781 98.75 98.72 98.688 98.656 98.622 98.586 98.556 98.538 98.525 98.511 98.504 98.502 98.513 98.526 98.54 98.556 -9999 -9999 -9999 -9999 -9999 -9999 -9999 -9999 -9999 -9999 -9999 -9999 -9999 -9999 -9999 -9999 -9999 -9999 -9999 -9999 -9999 -9999 -9999 -9999 -9999 -9999
100.32 100.327 100.329 100.329 100.328 -9999 100.25 100.179 100.103 100.03 99.962 99.895 99.822 99.741 99.663 99.589 99.518 99.449 99.382 99.316 99.252 99.196 99.15 99.109 99.07 99.033 98.997 98.962 98.929 98.896 98.864 98.832 98.801 98.77 98.739 98.707 98.673 98.638 98.606 98.585 98.573 98.56 98.546 98.538 98.538 98.551 -9999 -9999 -9999 -9999 -9999 -9999 -9999 -9999 -9999 -9999 -9999 -9999 -9999 -9999 -9999 -9999 -9999 -9999 -9999 -9999 -9999 -9999 -9999 -9999 -9999 -9999 -9999 -9999
-9999 -9999 -9999 100.33 -9999 100.316 100.278 100.227 100.158 100.087 -9999 -9999 99.877 99.796 99.72 99.646 99.575 99.506 99.44 99.375 99.311 99.254 99.206 99.165 99.126 99.087 99.051 99.015 98.981 98.948 98.915 98.883 98.852 98.82 98.789 98.756 98.723 98.688 98.655 98.631 98.62 98.607 98.594 98.58 98.574 -9999 -9999 -9999 -9999 -9999 -9999 -9999 -9999 -9999 -9999 -9999 -9999 -9999 -9999 -9999 -9999 -9999 -9999 -9999 -9999 -9999 -9999 -9999 -9999 -9999 -9999 -9999 -9999 -9999
100.33 100.33 -9999 100.33 100.33 100.32 100.296 100.257 100.209 -9999 -9999 100.008 99.931 99.851 99.775 99.702 99.631 99.563 99.496 99.432 99.368 99.31 99.262 99.22 99.18 99.141 99.104 99.068 99.033 98.999 98.966 98.933 98.901 98.869 98.837 98.805 98.772 98.737 98.702 98.677 98.666 98.655 98.642 98.628 98.616 98.616 -9999 -9999 -9999 -9999 -9999 -9999 -9999 -9999 -9999 -9999 -9999 -9999 -9999 -9999 -9999 -9999 -9999 -9999 -9999 -9999 -9999 -9999 -9999 -9999 -9999 -9999 -9999 -9999
