Validation/Results/raw data/ReClimate_10_2024_1_Temperature-Actualsweatherlogisticsltd.asc
NCOLS 192
NROWS 249
XLLCENTER -225160.85627316462
YLLCENTER 29788.11610251431
CELLSIZE 5000.0
NODATA_VALUE -9999
[rows 204 to 237 of 249, columns 77 to 153 of 192]
-9999 -9999 11.029 -9999 10.413 9.955 9.615 9.31 9.214 9.02 8.986 8.894 8.625 8.439 8.164 8.619 8.494 8.534 8.724 8.917 8.833 8.877 8.467 8.058 7.032 6.508 7.73 7.551 7.638 7.213 7.628 8.379 7.794 6.678 7.962 8.135 7.898 7.813 8.36 8.885 8.817 8.551 8.633 8.947 9.077 9.171 9.143 8.971 8.342 7.979 7.89 8.106 8.255 8.368 8.276 8.012 8.098 8.251 8.373 8.411 8.406 8.322 8.206 8.25 8.349 8.365 8.442 8.459 8.368 8.374 8.373 8.432 8.574 8.552 8.483 8.39 8.398
-9999 -9999 -9999 -9999 -9999 -9999 9.653 9.747 9.543 9.359 9.248 9.034 8.788 8.527 8.782 8.757 8.808 8.855 8.761 8.861 8.622 8.591 8.045 7.38 6.632 6.845 6.763 7.047 6.464 6.617 7.952 7.898 7.741 8.523 7.945 8.048 8.274 8.368 8.69 8.57 8.404 8.12 8.544 8.999 9.104 9.174 9.167 8.62 7.944 7.834 7.869 8.174 8.2 8.314 8.211 8.288 8.325 8.489 8.607 8.627 8.551 8.425 8.364 8.398 8.502 8.556 8.478 8.359 8.226 8.257 8.433 8.466 8.563 8.507 8.578 8.669 8.64
-9999 -9999 -9999 -9999 -9999 -9999 10.021 9.894 9.753 9.598 9.113 8.808 8.593 8.813 8.972 9.007 9.103 8.744 8.589 8.77 8.884 8.903 8.391 8.172 7.981 7.729 7.453 7.247 6.76 7.094 6.86 7.436 7.961 7.674 7.42 8.547 8.6 8.664 8.38 8.42 8.005 8.285 8.626 9.063 9.106 8.926 8.241 7.865 7.905 8.049 7.989 8.113 8.217 8.269 8.395 8.325 8.56 8.716 8.848 8.834 8.644 8.469 8.379 8.457 8.613 8.63 8.494 8.172 8.215 8.265 8.313 8.522 8.604 8.683 8.751 8.91 8.809
-9999 -9999 -9999 -9999 10.693 10.401 10.147 9.952 -9999 9.611 9.398 9.225 9.433 9.493 9.527 -9999 9.193 8.871 8.916 8.613 9.082 8.406 8.446 8.28 8.058 7.989 8.223 7.845 7.556 7.421 7.372 7.583 7.879 7.07 7.877 8.651 8.557 8.799 8.712 8.276 8.374 8.582 8.846 8.978 8.927 8.334 8.224 7.941 8.018 7.985 8.178 8.265 8.299 8.401 8.53 8.585 8.695 8.715 8.949 8.91 8.771 8.622 8.589 8.576 8.619 8.546 8.295 8.194 8.146 8.347 8.406 8.525 8.637 8.634 8.659 8.937 8.933
-9999 -9999 -9999 -9999 10.661 -9999 -9999 -9999 9.872 9.791 9.685 -9999 -9999 -9999 -9999 -9999 9.449 9.231 8.833 9.395 9.127 8.981 8.893 8.656 8.717 8.687 7.3 7.295 8.09 8.07 7.991 7.858 7.441 7.502 8.468 8.533 8.84 8.855 8.322 8.6 8.698 9.039 8.997 9.014 8.717 8.335 8.319 8.075 8.196 8.311 8.343 8.44 8.55 8.591 8.665 8.693 8.729 8.679 8.773 8.927 8.693 8.661 8.622 8.595 8.428 8.379 8.284 8.157 8.24 8.483 8.604 8.643 8.628 8.595 8.599 8.792 8.939
-9999 -9999 -9999 -9999 -9999 -9999 10.367 10.11 9.975 10.132 10.009 -9999 -9999 -9999 -9999 -9999 -9999 -9999 -9999 9.727 9.602 9.606 9.762 9.398 8.951 7.559 7.108 7.202 7.49 7.84 7.931 7.943 7.992 7.944 8.23 8.806 8.888 8.193 8.537 8.706 9.363 9.282 9.158 9.081 8.428 8.363 8.239 8.244 8.372 8.509 8.57 8.619 8.633 8.676 8.608 8.647 8.7 8.739 8.721 8.804 8.668 8.58 8.435 8.335 8.443 8.256 8.221 8.295 8.407 8.569 8.729 8.625 8.661 8.846 9.014 9.09 8.927
-9999 -9999 -9999 -9999 -9999 -9999 -9999 10.215 -9999 -9999 -9999 -9999 -9999 -9999 -9999 -9999 -9999 9.857 9.801 9.698 9.713 10.111 10.233 9.938 9.032 8.177 7.409 7.314 7.757 8.438 8.254 7.917 8.041 8.23 8.866 9.163 8.916 8.752 9.013 9.392 -9999 9.351 9.169 8.77 8.157 8.162 8.323 8.409 8.557 8.605 8.681 8.649 8.648 8.63 8.708 8.721 8.79 8.78 8.778 8.678 8.523 8.337 8.167 8.197 8.25 8.539 8.448 8.463 8.639 8.721 8.831 8.84 8.791 9.061 9.405 9.504 9.41
-9999 -9999 -9999 -9999 -9999 -9999 -9999 -9999 -9999 -9999 -9999 -9999 -9999 -9999 -9999 -9999 -9999 10.167 10.035 10.179 10.231 -9999 -9999 -9999 9.71 8.556 8.55 8.336 8.659 8.572 8.1 8.217 8.738 8.988 9.192 9.484 9.448 9.598 9.676 -9999 9.514 9.124 8.981 8.456 8.134 8.396 8.49 8.625 8.638 8.591 8.652 8.665 8.644 8.661 8.563 8.583 8.662 8.617 8.676 8.721 8.52 8.107 8.145 8.235 8.444 8.676 8.772 8.669 8.818 8.971 9.04 9.13 9.207 9.118 9.488 9.755 9.698
-9999 -9999 -9999 -9999 -9999 -9999 -9999 -9999 -9999 -9999 -9999 -9999 -9999 -9999 -9999 -9999 -9999 -9999 -9999 -9999 -9999 -9999 -9999 -9999 10.359 9.636 9.06 9.081 9.125 8.951 8.728 8.918 9.227 9.47 9.675 9.876 10.02 -9999 -9999 9.828 9.435 9.092 8.895 8.473 8.313 8.471 8.563 8.725 8.817 8.629 8.626 8.619 8.405 8.304 8.274 8.177 8.108 8.285 8.364 8.492 8.511 8.346 8.272 8.512 8.518 8.72 8.961 8.936 8.981 9.049 9.18 9.316 9.446 9.621 9.738 9.951 9.886
-9999 -9999 -9999 -9999 -9999 -9999 -9999 -9999 -9999 -9999 -9999 -9999 -9999 -9999 -9999 -9999 -9999 -9999 -9999 -9999 -9999 -9999 -9999 -9999 10.265 9.922 9.728 9.576 9.176 8.987 9.1 9.334 9.658 9.903 -9999 -9999 -9999 -9999 -9999 9.763 9.33 9.115 8.948 8.558 8.37 8.454 8.491 8.726 8.855 8.679 8.389 8.374 8.124 8.052 8.074 8.125 8.103 8.097 8.314 8.347 8.621 8.762 8.643 8.839 8.856 8.914 9.068 9.137 9.253 9.353 9.359 9.332 9.491 9.76 9.967 10.052 9.823
-9999 -9999 -9999 -9999 -9999 -9999 -9999 -9999 -9999 -9999 -9999 -9999 -9999 -9999 -9999 -9999 -9999 -9999 -9999 -9999 -9999 -9999 -9999 -9999 -9999 -9999 10.056 9.521 9.236 9.222 9.22 9.628 10.085 -9999 -9999 -9999 -9999 9.884 9.536 9.325 9.493 9.339 9.055 8.502 8.395 8.348 8.433 8.666 8.753 8.474 8.136 8.007 8.08 8.026 8.157 8.159 8.365 8.389 8.408 8.586 8.669 8.934 9.103 9.03 9.014 9.031 9.051 9.038 9.238 9.47 9.569 9.56 9.485 9.65 9.785 9.87 9.717
-9999 -9999 -9999 -9999 -9999 -9999 -9999 -9999 -9999 -9999 -9999 -9999 -9999 -9999 -9999 -9999 -9999 -9999 -9999 -9999 -9999 -9999 -9999 -9999 -9999 -9999 -9999 10.1 9.824 9.629 9.621 10.092 -9999 -9999 -9999 -9999 9.789 9.562 9.254 9.172 9.205 9.249 9.132 8.878 8.827 8.435 8.487 8.577 8.392 8.286 8.179 7.951 8.046 8.163 8.33 8.441 8.533 8.646 8.611 8.593 8.739 8.922 8.982 8.972 8.816 8.91 9.007 9.002 9.103 9.388 9.553 9.607 9.612 9.619 9.625 9.512 9.42
-9999 -9999 -9999 -9999 -9999 -9999 -9999 -9999 -9999 -9999 -9999 -9999 -9999 -9999 -9999 -9999 -9999 -9999 -9999 -9999 -9999 -9999 -9999 -9999 -9999 -9999 -9999 -9999 -9999 -9999 -9999 -9999 -9999 -9999 -9999 9.69 9.574 9.428 9.185 9.016 9.241 9.178 8.982 9.083 8.807 8.55 8.74 8.626 8.443 8.328 8.289 8.253 8.114 8.183 8.314 8.238 8.417 8.512 8.579 8.58 8.604 8.798 8.878 8.791 8.693 8.644 8.853 8.996 9.093 9.216 9.352 9.352 9.394 9.402 9.416 9.172 8.928
-9999 -9999 -9999 -9999 -9999 -9999 -9999 -9999 -9999 -9999 -9999 -9999 -9999 -9999 -9999 -9999 -9999 -9999 -9999 -9999 -9999 -9999 -9999 -9999 -9999 -9999 -9999 -9999 -9999 -9999 -9999 -9999 -9999 -9999 9.963 9.668 9.281 9.156 8.391 8.841 9.181 8.996 8.936 8.88 8.621 8.706 8.765 8.755 8.596 8.464 8.527 8.3 8.134 7.957 8.117 8.249 7.998 8.232 8.399 8.545 8.657 8.766 8.843 8.8 8.727 8.733 8.752 8.895 9.03 9.097 9.083 8.992 8.797 8.957 8.998 8.853 8.484
-9999 -9999 -9999 -9999 -9999 -9999 -9999 -9999 -9999 -9999 -9999 -9999 -9999 -9999 -9999 -9999 -9999 -9999 -9999 -9999 -9999 -9999 -9999 -9999 -9999 -9999 -9999 -9999 -9999 -9999 -9999 -9999 -9999 -9999 9.966 9.7 9.641 9.182 8.772 8.543 8.651 8.767 8.835 8.648 8.748 8.709 8.718 8.446 8.238 8.242 8.427 8.458 8.293 8.257 8.139 8.242 8.321 8.273 8.408 8.5 8.644 8.813 8.891 8.885 8.75 8.702 8.788 8.854 8.92 8.886 8.612 8.527 8.459 8.55 8.825 8.771 8.489
-9999 -9999 -9999 -9999 -9999 -9999 -9999 -9999 -9999 -9999 -9999 -9999 -9999 -9999 -9999 -9999 -9999 -9999 -9999 -9999 -9999 8.773 8.499 7.993 8.223 -9999 8.835 -9999 -9999 -9999 -9999 -9999 -9999 -9999 -9999 9.882 9.72 9.469 9.181 8.909 8.579 8.514 8.572 8.762 8.731 8.699 8.411 8.203 8.346 8.36 8.496 8.505 8.441 8.531 8.621 8.645 8.568 8.607 8.518 8.422 8.35 8.546 8.764 8.775 8.684 8.656 8.638 8.724 8.853 8.766 8.481 8.368 8.557 8.57 8.73 8.823 8.761
-9999 -9999 -9999 -9999 -9999 -9999 -9999 -9999 -9999 -9999 -9999 -9999 -9999 -9999 -9999 -9999 -9999 -9999 9.777 9.503 9.103 8.624 7.972 7.675 7.878 8.03 8.536 9.342 9.947 -9999 -9999 9.806 10.126 10.164 10.106 9.861 9.694 9.668 9.513 9.245 8.908 8.606 8.665 8.783 8.712 8.328 8.471 8.601 8.446 8.554 8.67 8.715 8.626 8.649 8.755 8.797 8.9 8.823 8.668 8.497 8.471 8.374 8.428 8.611 8.662 8.701 8.825 8.702 8.805 8.423 8.316 8.397 8.564 8.683 8.729 8.847 8.759
-9999 -9999 -9999 -9999 -9999 -9999 -9999 -9999 -9999 -9999 -9999 -9999 -9999 -9999 -9999 -9999 -9999 9.671 9.792 9.52 9.285 8.703 7.831 7.493 7.661 7.887 8.231 8.595 9.23 9.579 9.497 9.451 9.424 9.837 9.845 9.773 9.59 9.439 9.533 9.327 8.883 8.83 8.85 8.719 8.251 8.547 8.439 8.521 8.632 8.712 8.814 8.786 8.596 8.697 8.76 8.873 8.885 8.899 8.74 8.584 8.407 8.273 8.428 8.578 8.646 8.391 8.547 8.808 8.781 8.821 8.478 8.578 8.631 8.674 8.709 8.671 8.786
-9999 -9999 -9999 -9999 -9999 -9999 -9999 -9999 -9999 -9999 -9999 -9999 -9999 -9999 -9999 -9999 -9999 9.686 9.896 9.93 9.576 8.757 8.287 7.977 7.725 8.004 8.289 8.642 8.524 8.535 8.911 9.11 9.251 9.206 9.597 9.713 9.556 9.544 9.321 9.131 9.195 9.184 9.001 8.626 8.622 8.594 8.445 8.624 8.681 8.769 8.806 8.755 8.577 8.543 8.891 8.986 9.037 9.03 8.938 8.813 8.672 8.401 8.297 8.538 8.535 8.417 8.339 8.673 8.916 8.979 8.977 8.899 8.659 8.627 8.731 8.716 8.555
-9999 -9999 -9999 -9999 -9999 -9999 -9999 -9999 -9999 -9999 -9999 -9999 -9999 -9999 -9999 -9999 -9999 10.049 10.152 9.78 9.564 9.088 9.03 8.672 8.643 8.625 8.677 8.678 8.338 8.539 9.131 9.322 9.391 9.588 9.753 9.76 9.659 9.398 9.156 9.188 9.171 9.111 8.878 8.881 8.829 8.793 8.727 8.706 8.554 8.59 8.774 8.926 8.868 8.872 8.997 8.997 9.051 9.162 8.908 8.799 8.851 8.587 8.289 8.552 8.658 8.547 8.6 8.802 8.972 9.075 9.029 8.908 8.802 8.795 8.945 9.017 8.94
-9999 -9999 -9999 -9999 -9999 -9999 -9999 -9999 -9999 -9999 -9999 -9999 -9999 9.989 9.432 -9999 9.967 10.213 9.711 9.415 9.425 9.5 9.311 9.164 8.832 8.637 8.686 8.81 8.823 9.047 9.334 9.589 9.648 9.623 9.61 9.645 9.676 9.457 9.312 9.182 9.087 8.821 9.028 8.999 8.895 8.712 8.578 8.583 8.411 8.474 8.706 8.972 9.017 9.053 9.114 9.257 9.18 9.209 9.088 8.767 8.929 8.9 8.858 8.865 9.032 8.922 8.825 8.882 9.006 9.107 9.168 9.138 9.073 8.976 9.021 9.141 9.259
-9999 -9999 -9999 -9999 -9999 -9999 -9999 -9999 -9999 -9999 -9999 -9999 -9999 9.706 9.256 9.56 9.788 9.723 9.428 9.483 9.208 9.118 9.144 8.751 8.714 8.661 8.662 8.881 8.88 9.044 9.33 9.11 8.926 9.14 9.424 9.687 9.709 9.464 9.256 9.06 8.96 8.896 9.077 8.936 8.975 8.829 8.58 8.496 8.598 8.645 8.842 8.937 9.013 9.093 9.374 9.466 9.518 9.526 9.355 9.065 9.003 8.963 8.818 8.864 8.638 8.79 8.931 8.973 9.116 9.16 9.169 9.222 9.242 9.101 9.015 9.271 9.377
-9999 -9999 -9999 -9999 -9999 -9999 -9999 -9999 -9999 -9999 -9999 -9999 10.194 9.63 9.339 9.325 9.384 9.425 9.419 9.317 9.184 9.236 9.171 8.919 8.851 8.715 8.824 9.007 9.291 9.462 9.207 8.708 8.799 8.893 9.096 9.571 9.552 9.422 9.352 9.174 9.068 9.009 9.033 9.061 9.102 8.933 8.64 8.828 8.855 8.927 8.949 8.986 8.997 9.028 9.411 9.82 9.957 9.815 9.748 9.447 9.337 9.315 9.198 9.08 8.81 8.589 8.675 8.471 8.917 8.807 8.801 9.197 9.432 9.003 8.841 9.038 9.443
-9999 -9999 -9999 -9999 -9999 -9999 -9999 -9999 -9999 -9999 -9999 -9999 -9999 9.921 9.427 9.31 9.428 9.475 9.498 9.457 9.41 9.342 9.269 9.116 9.008 9.126 9.187 9.376 9.381 9.503 9.02 8.745 8.766 8.612 8.968 9.307 9.243 9.264 9.293 9.194 9.028 9.049 9.037 9.019 8.956 8.777 9.036 8.935 8.984 9.018 9.031 8.994 8.983 9.125 9.361 9.79 10.08 -9999 9.912 9.812 9.545 9.575 9.587 9.485 9.3 9.095 9.089 8.954 8.879 9.067 8.926 9.109 9.486 9.561 9.158 9.085 9.406
-9999 -9999 -9999 -9999 -9999 -9999 -9999 -9999 -9999 -9999 -9999 -9999 10.223 10.044 9.552 9.397 9.397 9.367 9.453 9.49 9.42 9.347 9.188 9.202 9.359 9.436 9.427 9.457 9.519 9.35 9.196 9.188 9.018 8.78 9.232 9.38 8.923 9.08 9.039 8.604 8.741 8.652 8.61 8.742 8.762 8.902 9.061 9.184 9.144 9.143 9.071 9.044 9.031 9.148 9.385 9.698 10.068 10.245 -9999 10.187 -9999 10.146 -9999 9.818 -9999 9.596 9.62 9.613 9.504 9.564 9.648 9.87 -9999 -9999 -9999 9.957 9.707
-9999 -9999 -9999 -9999 -9999 -9999 -9999 -9999 -9999 -9999 -9999 -9999 10.216 9.819 9.468 9.438 9.352 9.286 9.111 9.2 9.07 9.084 9.146 9.314 9.502 9.568 9.637 9.643 9.547 9.44 9.274 9.201 8.977 9.23 9.62 9.13 9.185 9.525 9.12 8.889 8.759 8.586 8.747 8.993 9.006 9.147 9.242 9.215 9.369 9.383 9.265 9.256 9.28 9.381 9.595 9.757 10.089 10.325 -9999 -9999 10.572 10.676 -9999 -9999 10.086 10.059 10.076 -9999 -9999 -9999 -9999 -9999 -9999 -9999 -9999 -9999 -9999
-9999 -9999 -9999 -9999 -9999 -9999 -9999 -9999 -9999 -9999 -9999 9.999 9.811 9.575 9.469 9.613 9.621 9.336 9.171 8.886 8.454 8.415 8.828 9.087 9.258 9.405 9.665 9.71 9.484 9.464 9.34 9.073 9.138 9.507 9.554 9.697 10.217 10.007 9.554 9.107 8.783 9.009 9.253 9.224 9.328 9.342 9.414 9.57 9.736 9.697 9.747 9.758 9.869 9.867 9.957 -9999 -9999 -9999 10.324 -9999 -9999 -9999 -9999 -9999 -9999 10.261 -9999 -9999 -9999 -9999 -9999 -9999 -9999 -9999 -9999 -9999 -9999
-9999 -9999 -9999 -9999 -9999 -9999 -9999 -9999 -9999 -9999 10.171 9.367 9.169 9.337 9.741 9.844 9.766 9.532 9.177 8.385 7.546 7.801 8.723 8.914 8.907 9.528 9.517 9.742 9.765 9.625 9.853 10.033 10.231 -9999 -9999 -9999 -9999 -9999 10.285 9.715 9.295 9.322 9.448 9.57 9.61 9.66 9.678 9.809 -9999 9.962 -9999 -9999 -9999 -9999 -9999 10.214 10.16 10.005 9.904 10.058 10.565 -9999 -9999 -9999 -9999 -9999 -9999 -9999 -9999 -9999 -9999 -9999 -9999 -9999 -9999 -9999 -9999
-9999 -9999 -9999 -9999 -9999 -9999 -9999 -9999 -9999 10.698 9.627 8.866 8.88 9.299 9.556 9.774 9.853 9.387 8.854 7.888 7.334 7.672 8.24 8.591 9.278 9.311 9.896 9.949 10.04 10.383 -9999 -9999 -9999 -9999 -9999 -9999 -9999 -9999 -9999 -9999 10.268 10.089 10.073 9.858 9.734 9.652 9.795 9.592 9.993 -9999 -9999 -9999 -9999 -9999 -9999 -9999 10.408 10.081 10.06 10.178 -9999 -9999 -9999 -9999 -9999 -9999 -9999 -9999 -9999 -9999 -9999 -9999 -9999 -9999 -9999 -9999 -9999
-9999 -9999 -9999 -9999 -9999 -9999 -9999 10.701 10.816 10.258 9.444 8.867 8.652 8.775 9.304 9.817 9.592 9.221 8.737 8.083 7.564 7.968 8.385 8.853 9.064 10.112 9.869 9.93 -9999 -9999 -9999 -9999 -9999 -9999 -9999 -9999 -9999 -9999 -9999 -9999 -9999 10.962 -9999 -9999 -9999 -9999 -9999 10.213 10.084 -9999 -9999 -9999 -9999 -9999 -9999 -9999 -9999 -9999 10.37 10.381 -9999 -9999 -9999 -9999 -9999 -9999 -9999 -9999 -9999 -9999 -9999 -9999 -9999 -9999 -9999 -9999 -9999
-9999 -9999 -9999 -9999 -9999 -9999 10.711 -9999 10.347 10.124 9.554 8.996 8.697 8.738 9.25 9.44 9.32 9.605 9.349 8.506 8.113 8.304 8.919 9.188 9.666 10.143 10.273 10.674 -9999 -9999 -9999 -9999 -9999 -9999 -9999 -9999 -9999 -9999 -9999 -9999 -9999 -9999 10.864 -9999 -9999 -9999 -9999 -9999 -9999 -9999 -9999 -9999 -9999 -9999 -9999 -9999 -9999 -9999 -9999 -9999 -9999 -9999 -9999 -9999 -9999 -9999 -9999 -9999 -9999 -9999 -9999 -9999 -9999 -9999 -9999 -9999 -9999
-9999 -9999 -9999 -9999 -9999 10.92 10.711 10.009 10.124 10.134 9.742 9.479 9.178 9.141 9.384 9.307 9.469 -9999 9.477 8.846 8.325 8.022 8.589 9.546 9.906 10.286 10.54 -9999 -9999 -9999 -9999 -9999 -9999 -9999 -9999 -9999 -9999 -9999 -9999 -9999 -9999 -9999 -9999 -9999 -9999 -9999 -9999 -9999 -9999 -9999 -9999 -9999 -9999 -9999 -9999 -9999 -9999 -9999 -9999 -9999 -9999 -9999 -9999 -9999 -9999 -9999 -9999 -9999 -9999 -9999 -9999 -9999 -9999 -9999 -9999 -9999 -9999
-9999 -9999 -9999 -9999 -9999 10.92 10.39 9.937 9.818 9.85 9.755 9.634 9.391 9.566 9.732 9.759 10.101 9.993 9.79 9.264 8.393 8.222 9.034 9.536 10.121 10.29 10.263 -9999 -9999 -9999 -9999 -9999 -9999 -9999 -9999 -9999 -9999 -9999 -9999 -9999 -9999 -9999 -9999 -9999 -9999 -9999 -9999 -9999 -9999 -9999 -9999 -9999 -9999 -9999 -9999 -9999 -9999 -9999 -9999 -9999 -9999 -9999 -9999 -9999 -9999 -9999 -9999 -9999 -9999 -9999 -9999 -9999 -9999 -9999 -9999 -9999 -9999
-9999 -9999 -9999 -9999 11.033 10.597 10.05 9.596 9.549 9.78 9.85 9.837 9.864 10.022 9.879 10.251 10.448 10.332 9.969 9.618 9.137 9.075 9.414 9.876 10.069 9.975 -9999 -9999 -9999 -9999 -9999 -9999 -9999 -9999 -9999 -9999 -9999 -9999 -9999 -9999 -9999 -9999 -9999 -9999 -9999 -9999 -9999 -9999 -9999 -9999 -9999 -9999 -9999 -9999 -9999 -9999 -9999 -9999 -9999 -9999 -9999 -9999 -9999 -9999 -9999 -9999 -9999 -9999 -9999 -9999 -9999 -9999 -9999 -9999 -9999 -9999 -9999
