Validation/Results/raw data/ReClimate_07_2024_1.asc
NCOLS 192
NROWS 249
XLLCENTER -225160.85627316462
YLLCENTER 29788.11610251502
CELLSIZE 5000.0
NODATA_VALUE -9999
[rows 204 to 237 of 249, columns 75 to 149 of 192]
-9999 -9999 -9999 -9999 91.598 -9999 91.432 91.293 91.175 91.078 90.995 90.924 90.85 90.767 90.686 90.613 90.545 90.481 90.435 90.4 90.386 90.372 90.359 90.346 90.333 90.32 90.307 90.295 90.282 90.27 90.255 90.212 90.151 90.092 90.035 89.979 89.921 89.852 89.775 89.685 89.574 89.466 89.357 89.226 89.043 88.853 88.671 88.487 88.3 88.11 87.903 87.674 87.438 87.197 86.96 86.73 86.5 86.264 86.02 85.77 85.513 85.247 84.975 84.72 84.526 84.367 84.24 84.106 83.965 83.8 83.614 83.414 83.23 83.101 83.007
-9999 -9999 -9999 -9999 -9999 -9999 -9999 -9999 91.078 90.985 90.906 90.835 90.763 90.682 90.604 90.534 90.469 90.408 90.347 90.291 90.252 90.244 90.235 90.225 90.215 90.204 90.192 90.181 90.169 90.158 90.14 90.096 90.036 89.978 89.921 89.859 89.787 89.715 89.629 89.526 89.423 89.317 89.208 89.065 88.873 88.687 88.507 88.325 88.139 87.95 87.747 87.527 87.293 87.056 86.826 86.602 86.374 86.139 85.897 85.647 85.389 85.122 84.841 84.616 84.436 84.299 84.171 84.036 83.889 83.72 83.526 83.326 83.146 83.02 82.925
-9999 -9999 -9999 -9999 -9999 -9999 -9999 -9999 90.984 90.895 90.818 90.75 90.681 90.604 90.529 90.462 90.4 90.339 90.266 90.196 90.148 90.114 90.109 90.103 90.095 90.087 90.077 90.067 90.057 90.046 90.027 89.983 89.924 89.864 89.797 89.724 89.652 89.567 89.468 89.371 89.271 89.169 89.057 88.9 88.709 88.527 88.348 88.167 87.984 87.795 87.598 87.385 87.153 86.924 86.701 86.48 86.254 86.02 85.778 85.528 85.271 85.009 84.771 84.565 84.411 84.263 84.126 83.99 83.838 83.664 83.472 83.271 83.096 82.978 82.89
-9999 -9999 -9999 -9999 -9999 -9999 91.082 90.993 90.893 90.807 -9999 90.667 90.601 90.529 90.457 90.392 90.331 -9999 90.188 90.121 90.059 90.016 89.985 89.98 89.975 89.969 89.962 89.953 89.943 89.934 89.914 89.87 89.809 89.737 89.664 89.591 89.509 89.409 89.312 89.216 89.119 89.019 88.902 88.736 88.55 88.373 88.194 88.014 87.832 87.645 87.453 87.245 87.019 86.798 86.582 86.364 86.139 85.907 85.666 85.415 85.157 84.938 84.732 84.55 84.396 84.248 84.101 83.963 83.807 83.63 83.442 83.246 83.074 82.96 82.874
-9999 -9999 -9999 -9999 -9999 -9999 90.898 -9999 -9999 -9999 90.65 90.586 90.523 -9999 -9999 -9999 -9999 -9999 90.115 90.049 89.989 89.933 89.894 89.864 89.854 89.85 89.845 89.838 89.83 89.821 89.802 89.755 89.68 89.604 89.532 89.454 89.353 89.256 89.16 89.065 88.968 88.868 88.745 88.575 88.397 88.223 88.045 87.864 87.683 87.497 87.307 87.106 86.892 86.678 86.468 86.252 86.03 85.8 85.562 85.319 85.105 84.904 84.723 84.541 84.382 84.236 84.083 83.936 83.779 83.601 83.416 83.224 83.064 82.952 82.862
-9999 -9999 -9999 -9999 -9999 -9999 -9999 -9999 90.704 90.638 90.569 90.507 90.448 -9999 -9999 -9999 -9999 -9999 -9999 -9999 -9999 89.869 89.818 89.779 89.748 89.73 89.727 89.722 89.715 89.707 89.686 89.626 89.547 89.473 89.398 89.3 89.202 89.106 89.012 88.916 88.818 88.717 88.588 88.417 88.247 88.076 87.899 87.718 87.536 87.352 87.162 86.969 86.77 86.565 86.357 86.144 85.925 85.698 85.48 85.281 85.085 84.904 84.72 84.534 84.37 84.225 84.074 83.912 83.748 83.571 83.39 83.201 83.052 82.951 82.855
-9999 -9999 -9999 -9999 -9999 -9999 -9999 -9999 -9999 90.528 -9999 -9999 -9999 -9999 -9999 -9999 -9999 -9999 -9999 89.912 89.858 89.807 89.758 89.711 89.67 89.639 89.613 89.604 89.599 89.589 89.555 89.494 89.417 89.341 89.249 89.15 89.054 88.96 88.865 88.769 88.67 88.568 -9999 88.262 88.098 87.929 87.754 87.574 87.391 87.207 87.018 86.835 86.65 86.453 86.248 86.038 85.823 85.63 85.447 85.265 85.087 84.904 84.718 84.528 84.36 84.215 84.064 83.897 83.719 83.542 83.363 83.183 83.043 82.951 82.863
-9999 -9999 -9999 -9999 -9999 -9999 -9999 -9999 -9999 -9999 -9999 -9999 -9999 -9999 -9999 -9999 -9999 -9999 -9999 89.847 89.795 89.746 89.699 -9999 -9999 -9999 89.537 89.507 89.481 89.459 89.421 89.363 89.286 89.201 89.099 89.003 88.909 88.815 88.72 88.623 88.523 -9999 88.281 88.115 87.952 87.784 87.61 87.43 87.247 87.062 86.877 86.704 86.53 86.342 86.14 85.955 85.779 85.604 85.438 85.264 85.084 84.901 84.715 84.524 84.352 84.206 84.054 83.885 83.696 83.514 83.335 83.168 83.045 82.967 82.886
-9999 -9999 -9999 -9999 -9999 -9999 -9999 -9999 -9999 -9999 -9999 -9999 -9999 -9999 -9999 -9999 -9999 -9999 -9999 -9999 -9999 -9999 -9999 -9999 -9999 -9999 89.478 89.438 89.399 89.344 89.292 89.234 89.153 89.052 88.952 88.858 88.765 88.671 88.576 -9999 -9999 88.269 88.132 87.971 87.807 87.64 87.467 87.288 87.103 86.919 86.748 86.579 86.409 86.252 86.089 85.919 85.762 85.603 85.435 85.259 85.079 84.897 84.712 84.52 84.346 84.197 84.046 83.873 83.678 83.491 83.317 83.169 83.065 82.992 82.916
-9999 -9999 -9999 -9999 -9999 -9999 -9999 -9999 -9999 -9999 -9999 -9999 -9999 -9999 -9999 -9999 -9999 -9999 -9999 -9999 -9999 -9999 -9999 -9999 -9999 -9999 89.429 89.384 89.323 89.26 89.205 89.133 89.028 88.909 88.807 88.721 -9999 -9999 -9999 -9999 -9999 88.119 87.99 87.829 87.665 87.497 87.324 87.145 86.961 86.783 86.627 86.494 86.351 86.206 86.065 85.914 85.76 85.597 85.427 85.251 85.073 84.892 84.707 84.515 84.341 84.193 84.044 83.873 83.681 83.488 83.311 83.178 83.092 83.021 82.947
-9999 -9999 -9999 -9999 -9999 -9999 -9999 -9999 -9999 -9999 -9999 -9999 -9999 -9999 -9999 -9999 -9999 -9999 -9999 -9999 -9999 -9999 -9999 -9999 -9999 -9999 -9999 -9999 89.258 89.195 89.136 89.057 88.939 88.817 88.713 -9999 -9999 -9999 -9999 88.181 88.075 87.973 87.848 87.687 87.523 87.358 87.194 87.027 86.861 86.715 86.581 86.451 86.32 86.189 86.056 85.913 85.759 85.595 85.423 85.249 85.073 84.894 84.71 84.52 84.348 84.201 84.052 83.883 83.692 83.496 83.325 83.203 83.125 83.053 82.979
-9999 -9999 -9999 -9999 -9999 -9999 -9999 -9999 -9999 -9999 -9999 -9999 -9999 -9999 -9999 -9999 -9999 -9999 -9999 -9999 -9999 -9999 -9999 -9999 -9999 -9999 -9999 -9999 -9999 89.132 89.073 88.991 88.873 88.748 -9999 -9999 -9999 -9999 88.204 88.081 87.974 87.882 87.759 87.6 87.441 87.283 87.124 86.968 86.827 86.688 86.554 86.428 86.3 86.172 86.042 85.911 85.758 85.592 85.422 85.25 85.077 84.9 84.718 84.529 84.36 84.214 84.065 83.896 83.706 83.51 83.348 83.24 83.163 83.088 83.012
-9999 -9999 -9999 -9999 -9999 -9999 -9999 -9999 -9999 -9999 -9999 -9999 -9999 -9999 -9999 -9999 -9999 -9999 -9999 -9999 -9999 -9999 -9999 -9999 -9999 -9999 -9999 -9999 -9999 -9999 -9999 -9999 -9999 -9999 -9999 -9999 -9999 88.238 88.117 88.008 87.911 87.821 87.7 87.545 87.389 87.232 87.08 86.941 86.801 86.662 86.53 86.406 86.281 86.155 86.029 85.896 85.752 85.588 85.421 85.252 85.08 84.905 84.724 84.538 84.371 84.227 84.079 83.91 83.72 83.528 83.377 83.281 83.202 83.125 83.046
-9999 -9999 -9999 -9999 -9999 -9999 -9999 -9999 -9999 -9999 -9999 -9999 -9999 -9999 -9999 -9999 -9999 -9999 -9999 -9999 -9999 -9999 -9999 -9999 -9999 -9999 -9999 -9999 -9999 -9999 -9999 -9999 -9999 -9999 -9999 -9999 88.269 88.157 88.046 87.945 87.855 87.764 87.645 87.495 87.34 87.19 87.052 86.915 86.777 86.638 86.507 86.384 86.261 86.139 86.015 85.88 85.734 85.581 85.419 85.252 85.083 84.909 84.73 84.547 84.383 84.24 84.093 83.924 83.734 83.56 83.417 83.323 83.242 83.162 83.08
-9999 -9999 -9999 -9999 -9999 -9999 -9999 -9999 -9999 -9999 -9999 -9999 -9999 -9999 -9999 -9999 -9999 -9999 -9999 -9999 -9999 -9999 -9999 -9999 -9999 -9999 -9999 -9999 -9999 -9999 -9999 -9999 -9999 -9999 -9999 -9999 88.199 88.085 87.98 87.89 87.799 87.707 87.592 87.449 87.302 87.164 87.027 86.89 86.753 86.616 86.485 86.363 86.242 86.122 85.997 85.862 85.715 85.567 85.415 85.252 85.085 84.912 84.733 84.555 84.395 84.252 84.105 83.937 83.749 83.592 83.466 83.366 83.283 83.2 83.116
-9999 -9999 -9999 -9999 -9999 -9999 -9999 -9999 -9999 -9999 -9999 -9999 -9999 -9999 -9999 -9999 -9999 -9999 -9999 -9999 -9999 -9999 -9999 89.167 89.146 89.11 89.048 -9999 88.925 -9999 -9999 -9999 -9999 -9999 -9999 -9999 -9999 88.018 87.926 87.834 87.743 87.651 87.544 87.418 87.278 87.14 87.003 86.866 86.73 86.594 86.463 86.342 86.223 86.105 85.978 85.841 85.697 85.551 85.402 85.249 85.085 84.914 84.735 84.562 84.406 84.263 84.115 83.949 83.781 83.635 83.517 83.411 83.323 83.238 83.151
-9999 -9999 -9999 -9999 -9999 -9999 -9999 -9999 -9999 -9999 -9999 -9999 -9999 -9999 -9999 -9999 -9999 -9999 -9999 -9999 89.064 89.087 89.095 89.102 89.088 89.044 88.982 88.919 88.859 88.788 88.698 -9999 -9999 88.406 88.291 88.172 88.059 87.964 87.871 87.779 87.688 87.605 87.514 87.396 87.256 87.117 86.98 86.844 86.708 86.572 86.442 86.321 86.204 86.087 85.959 85.82 85.677 85.534 85.388 85.237 85.081 84.913 84.735 84.567 84.416 84.272 84.123 83.966 83.816 83.689 83.568 83.457 83.364 83.276 83.187
-9999 -9999 -9999 -9999 -9999 -9999 -9999 -9999 -9999 -9999 -9999 -9999 -9999 -9999 -9999 -9999 -9999 -9999 -9999 88.917 88.962 88.989 89.002 89.01 88.995 88.954 88.908 88.846 88.785 88.711 88.613 88.515 88.421 88.325 88.22 88.105 88.006 87.91 87.818 87.732 87.652 87.572 87.487 87.377 87.236 87.097 86.959 86.822 86.686 86.551 86.42 86.3 86.185 86.066 85.937 85.798 85.658 85.516 85.372 85.223 85.069 84.906 84.732 84.57 84.425 84.28 84.129 83.995 83.864 83.742 83.619 83.504 83.406 83.315 83.223
-9999 -9999 -9999 -9999 -9999 -9999 -9999 -9999 -9999 -9999 -9999 -9999 -9999 -9999 -9999 -9999 -9999 -9999 -9999 88.816 88.85 88.876 88.893 88.901 88.882 88.853 88.813 88.766 88.705 88.625 88.522 88.423 88.328 88.238 88.146 88.055 87.959 87.868 87.783 87.701 87.62 87.539 87.458 87.351 87.218 87.077 86.938 86.801 86.664 86.529 86.398 86.278 86.164 86.044 85.913 85.776 85.638 85.498 85.356 85.208 85.054 84.892 84.726 84.571 84.431 84.284 84.152 84.034 83.92 83.795 83.67 83.55 83.448 83.354 83.259
-9999 -9999 -9999 -9999 -9999 -9999 -9999 -9999 -9999 -9999 -9999 -9999 -9999 -9999 -9999 -9999 -9999 -9999 -9999 88.698 88.73 88.749 88.774 88.781 88.762 88.736 88.707 88.668 88.616 88.531 88.426 88.326 88.235 88.165 88.096 88.019 87.93 87.84 87.754 87.671 87.589 87.508 87.426 87.326 87.202 87.059 86.919 86.78 86.642 86.506 86.376 86.256 86.143 86.021 85.889 85.753 85.617 85.479 85.338 85.192 85.038 84.874 84.715 84.567 84.429 84.298 84.184 84.087 83.976 83.849 83.72 83.597 83.49 83.394 83.296
-9999 -9999 -9999 -9999 -9999 -9999 -9999 -9999 -9999 -9999 -9999 -9999 -9999 -9999 -9999 88.445 88.484 -9999 88.552 88.579 88.601 88.632 88.66 88.666 88.645 88.621 88.597 88.569 88.526 88.444 88.342 88.255 88.184 88.117 88.054 87.983 87.905 87.814 87.726 87.641 87.558 87.476 87.393 87.301 87.187 87.042 86.9 86.759 86.62 86.483 86.352 86.234 86.121 85.998 85.863 85.729 85.594 85.459 85.32 85.174 85.019 84.853 84.7 84.56 84.429 84.318 84.222 84.134 84.03 83.902 83.771 83.644 83.534 83.434 83.334
-9999 -9999 -9999 -9999 -9999 -9999 -9999 -9999 -9999 -9999 -9999 -9999 -9999 -9999 -9999 88.322 88.366 88.405 88.438 88.465 88.492 88.517 88.548 88.555 88.536 88.515 88.495 88.473 88.439 88.376 88.29 88.213 88.141 88.073 88.008 87.944 87.87 87.788 87.698 87.612 87.527 87.443 87.359 87.272 87.161 87.026 86.882 86.739 86.598 86.459 86.328 86.21 86.096 85.972 85.837 85.703 85.57 85.437 85.3 85.154 84.996 84.836 84.685 84.556 84.446 84.349 84.261 84.173 84.075 83.953 83.82 83.692 83.579 83.476 83.372
-9999 -9999 -9999 -9999 -9999 -9999 -9999 -9999 -9999 -9999 -9999 -9999 -9999 -9999 88.11 88.184 88.236 88.282 88.321 88.354 88.38 88.407 88.43 88.436 88.422 88.406 88.391 88.383 88.372 88.326 88.249 88.171 88.097 88.027 87.961 87.897 87.831 87.757 87.671 87.582 87.495 87.409 87.323 87.235 87.134 87.012 86.864 86.719 86.576 86.434 86.302 86.185 86.069 85.943 85.808 85.675 85.543 85.412 85.277 85.13 84.967 84.813 84.679 84.571 84.474 84.387 84.298 84.209 84.116 84.0 83.865 83.736 83.622 83.517 83.411
-9999 -9999 -9999 -9999 -9999 -9999 -9999 -9999 -9999 -9999 -9999 -9999 -9999 -9999 -9999 88.035 88.096 88.15 88.195 88.234 88.266 88.292 88.314 88.313 88.308 88.309 88.313 88.316 88.312 88.275 88.208 88.127 88.051 87.98 87.913 87.847 87.784 87.716 87.641 87.553 87.463 87.375 87.286 87.197 87.103 86.987 86.848 86.699 86.553 86.409 86.276 86.158 86.041 85.913 85.778 85.644 85.512 85.379 85.242 -9999 84.936 84.799 84.693 84.597 84.51 84.422 84.333 84.242 84.15 84.042 83.909 83.779 83.664 83.557 83.448
-9999 -9999 -9999 -9999 -9999 -9999 -9999 -9999 -9999 -9999 -9999 -9999 -9999 -9999 87.819 87.872 87.944 88.006 88.063 88.114 88.16 88.2 88.23 88.239 88.233 88.234 88.242 88.249 88.248 88.219 88.155 88.081 88.004 87.931 87.862 87.795 87.73 87.667 87.597 87.521 87.431 87.34 87.249 87.157 87.064 86.958 86.833 86.68 86.53 86.384 86.251 86.13 86.01 85.881 85.745 85.61 85.475 85.338 85.196 85.043 -9999 84.808 -9999 84.631 -9999 84.455 -9999 84.274 84.181 84.081 83.953 83.822 83.707 83.599 -9999
-9999 -9999 -9999 -9999 -9999 -9999 -9999 -9999 -9999 -9999 -9999 -9999 -9999 -9999 87.664 87.76 87.84 87.912 87.978 88.037 88.09 88.139 88.176 88.185 88.176 88.172 88.169 88.176 88.18 88.156 88.1 88.033 87.954 87.88 87.809 87.74 87.674 87.609 87.545 87.473 87.395 87.304 87.21 87.116 87.021 86.923 86.804 86.663 86.509 86.36 86.227 86.103 85.979 85.848 85.71 85.572 85.433 85.29 85.147 85.023 -9999 -9999 84.747 84.662 -9999 -9999 84.397 84.304 84.21 -9999 -9999 -9999 -9999 -9999 -9999
-9999 -9999 -9999 -9999 -9999 -9999 -9999 -9999 -9999 -9999 -9999 -9999 -9999 87.458 87.571 87.669 87.756 87.835 87.906 87.97 88.028 88.082 88.123 88.136 88.128 88.119 88.114 88.11 88.106 88.088 88.039 87.977 87.901 87.824 87.752 87.682 87.614 87.547 87.481 87.415 87.341 87.262 87.17 87.073 86.976 86.877 86.769 86.642 86.487 86.337 86.205 86.079 85.953 85.816 85.673 85.53 85.385 -9999 -9999 -9999 84.94 -9999 -9999 -9999 -9999 -9999 -9999 84.327 -9999 -9999 -9999 -9999 -9999 -9999 -9999
-9999 -9999 -9999 -9999 -9999 -9999 -9999 -9999 -9999 -9999 -9999 -9999 87.206 87.348 87.467 87.573 87.668 87.753 87.83 87.899 87.963 88.021 88.068 88.086 88.08 88.074 88.066 88.057 88.053 88.023 87.969 87.912 87.843 87.764 87.69 -9999 -9999 -9999 -9999 -9999 87.275 87.2 87.119 87.027 86.927 86.826 86.723 86.603 86.467 86.316 -9999 86.056 -9999 -9999 -9999 -9999 -9999 85.241 85.13 85.049 84.971 84.89 84.807 -9999 -9999 -9999 -9999 -9999 -9999 -9999 -9999 -9999 -9999 -9999 -9999
-9999 -9999 -9999 -9999 -9999 -9999 -9999 -9999 -9999 -9999 -9999 86.928 87.082 87.223 87.353 87.469 87.572 87.665 87.749 87.825 87.894 87.958 88.011 88.035 88.032 88.028 88.022 88.015 88.007 87.976 87.923 87.858 -9999 -9999 -9999 -9999 -9999 -9999 -9999 -9999 -9999 -9999 87.05 86.965 86.875 86.77 86.664 86.554 86.427 86.298 86.162 -9999 -9999 -9999 -9999 -9999 -9999 -9999 85.175 85.084 85.004 84.924 -9999 -9999 -9999 -9999 -9999 -9999 -9999 -9999 -9999 -9999 -9999 -9999 -9999
-9999 -9999 -9999 -9999 -9999 -9999 -9999 -9999 -9999 86.649 86.692 86.8 86.936 87.086 87.23 87.356 87.469 87.57 87.662 87.745 87.82 87.89 87.951 87.983 87.983 87.982 87.978 87.973 87.967 87.941 -9999 -9999 -9999 -9999 -9999 -9999 -9999 -9999 -9999 -9999 -9999 -9999 -9999 86.877 -9999 -9999 -9999 -9999 -9999 86.267 86.157 -9999 -9999 -9999 -9999 -9999 -9999 -9999 -9999 -9999 85.042 84.958 -9999 -9999 -9999 -9999 -9999 -9999 -9999 -9999 -9999 -9999 -9999 -9999 -9999
-9999 -9999 -9999 -9999 -9999 -9999 -9999 -9999 86.453 -9999 86.579 86.68 86.796 86.938 87.093 87.232 87.356 87.467 87.568 87.658 87.741 87.817 87.886 87.926 87.933 87.934 87.933 87.93 87.926 87.905 -9999 -9999 -9999 -9999 -9999 -9999 -9999 -9999 -9999 -9999 -9999 -9999 -9999 -9999 86.677 -9999 -9999 -9999 -9999 -9999 -9999 -9999 -9999 -9999 -9999 -9999 -9999 -9999 -9999 -9999 -9999 -9999 -9999 -9999 -9999 -9999 -9999 -9999 -9999 -9999 -9999 -9999 -9999 -9999 -9999
-9999 -9999 -9999 -9999 -9999 -9999 -9999 86.262 86.297 86.389 86.481 86.573 86.675 86.796 86.941 87.095 87.232 87.354 87.464 -9999 87.655 87.738 87.815 87.864 87.88 87.885 87.886 87.886 87.883 -9999 -9999 -9999 -9999 -9999 -9999 -9999 -9999 -9999 -9999 -9999 -9999 -9999 -9999 -9999 -9999 -9999 -9999 -9999 -9999 -9999 -9999 -9999 -9999 -9999 -9999 -9999 -9999 -9999 -9999 -9999 -9999 -9999 -9999 -9999 -9999 -9999 -9999 -9999 -9999 -9999 -9999 -9999 -9999 -9999 -9999
-9999 -9999 -9999 -9999 -9999 -9999 -9999 86.106 86.198 86.291 86.383 86.476 86.568 86.672 86.794 86.94 87.092 87.228 87.349 87.459 87.559 87.651 87.735 87.796 87.825 87.832 87.837 87.839 87.839 -9999 -9999 -9999 -9999 -9999 -9999 -9999 -9999 -9999 -9999 -9999 -9999 -9999 -9999 -9999 -9999 -9999 -9999 -9999 -9999 -9999 -9999 -9999 -9999 -9999 -9999 -9999 -9999 -9999 -9999 -9999 -9999 -9999 -9999 -9999 -9999 -9999 -9999 -9999 -9999 -9999 -9999 -9999 -9999 -9999 -9999
-9999 -9999 -9999 -9999 -9999 -9999 85.915 86.008 86.101 86.194 86.287 86.379 86.471 86.563 86.67 86.796 86.933 87.084 87.219 87.341 87.452 87.553 87.647 87.722 87.766 87.777 87.785 87.79 -9999 -9999 -9999 -9999 -9999 -9999 -9999 -9999 -9999 -9999 -9999 -9999 -9999 -9999 -9999 -9999 -9999 -9999 -9999 -9999 -9999 -9999 -9999 -9999 -9999 -9999 -9999 -9999 -9999 -9999 -9999 -9999 -9999 -9999 -9999 -9999 -9999 -9999 -9999 -9999 -9999 -9999 -9999 -9999 -9999 -9999 -9999
