Validation/Results/raw data/ReClimate_01_2024_1_Temperature.asc
NCOLS 192
NROWS 249
XLLCENTER -225160.85627316462
YLLCENTER 29788.11610251502
CELLSIZE 5000.0
NODATA_VALUE -9999
[rows 170 to 203 of 249, columns 77 to 153 of 192]
-9999 -9999 -9999 -9999 -9999 -9999 -9999 -9999 -9999 -9999 -9999 -9999 -9999 -9999 -9999 -0.168 -0.156 -9999 -9999 -9999 -9999 -9999 -9999 -9999 -9999 -9999 -9999 -9999 -9999 -9999 -9999 -9999 -9999 -9999 0.046 0.065 0.067 0.066 0.075 0.084 0.102 0.121 0.12 0.116 0.113 0.107 0.11 0.112 0.135 0.161 0.167 0.172 0.16 0.142 0.143 0.144 0.136 0.126 0.125 0.124 0.129 0.134 0.131 0.128 0.113 0.094 0.092 0.089 0.083 0.075 0.076 0.077 0.079 0.08 0.089 0.099 0.079
-9999 -9999 -9999 -9999 -9999 -9999 -9999 -9999 -9999 -9999 -9999 -9999 -9999 -9999 -9999 -0.16 -0.149 -0.15 -9999 -9999 -9999 -9999 -9999 -9999 -9999 -9999 -9999 -9999 -9999 -9999 -9999 -9999 -9999 0.015 0.04 0.045 0.049 0.057 0.067 0.078 0.092 0.099 0.097 0.086 0.089 0.103 0.109 0.119 0.137 0.145 0.146 0.147 0.152 0.144 0.148 0.15 0.136 0.121 0.119 0.117 0.124 0.131 0.141 0.145 0.115 0.087 0.092 0.094 0.098 0.098 0.092 0.09 0.08 0.075 0.09 0.103 0.095
-9999 -9999 -9999 -9999 -9999 -9999 -9999 -9999 -9999 -9999 -9999 -9999 -9999 -9999 -0.174 -0.158 -0.154 -0.153 -0.13 -9999 -9999 -9999 -9999 -9999 -9999 -9999 -9999 -9999 -9999 -9999 -0.032 -9999 -9999 0.016 0.024 0.032 0.042 0.05 -9999 0.071 0.079 0.087 0.08 0.07 0.085 0.1 0.109 0.119 0.128 0.138 0.14 0.139 0.142 0.145 0.149 0.153 0.139 0.121 0.119 0.117 0.124 0.132 0.142 0.153 0.125 0.089 0.093 0.099 0.105 0.11 0.106 0.1 0.091 0.08 0.094 0.11 0.103
-9999 -9999 -9999 -9999 -9999 -9999 -9999 -9999 -9999 -9999 -9999 -9999 -9999 -9999 -0.173 -0.157 -0.153 -0.156 -0.132 -0.105 -0.106 -9999 -9999 -9999 -0.074 -0.077 -9999 -0.064 -0.059 -0.046 -0.029 -0.003 -9999 -9999 0.035 0.044 -9999 -9999 0.07 0.072 0.077 0.075 0.077 0.089 0.1 0.101 0.113 0.126 0.133 0.141 0.14 0.139 0.144 0.149 0.146 0.145 0.139 0.127 0.132 0.134 0.128 0.129 0.128 0.132 0.124 0.1 0.1 0.103 0.109 0.115 0.114 0.111 0.112 0.108 0.107 0.113 0.109
-9999 -9999 -9999 -9999 -9999 -9999 -9999 -9999 -9999 -9999 -9999 -9999 -9999 -9999 -9999 -0.16 -0.158 -0.16 -0.134 -0.107 -9999 -9999 -0.094 -0.077 -0.081 -0.089 -0.079 -0.076 -0.063 -0.053 -0.029 -0.002 0.013 -9999 0.035 0.045 0.054 0.062 0.066 0.068 0.069 0.067 0.08 0.092 0.096 0.098 0.112 0.127 0.134 0.14 0.139 0.135 0.142 0.149 0.147 0.142 0.137 0.13 0.136 0.142 0.137 0.13 0.129 0.127 0.119 0.109 0.109 0.108 0.114 0.121 0.121 0.121 0.123 0.124 0.124 0.121 0.117
-9999 -9999 -9999 -9999 -9999 -9999 -9999 -9999 -9999 -9999 -9999 -9999 -9999 -9999 -9999 -0.178 -0.17 -0.141 -0.123 -0.119 -0.11 -0.078 -0.069 -0.095 -0.099 -0.099 -0.083 -0.055 -0.044 -0.043 -0.021 -0.005 0.013 0.031 0.039 0.037 0.049 0.067 0.07 0.066 0.069 0.073 0.079 0.073 0.079 0.09 0.108 0.132 0.141 0.151 0.154 0.155 0.148 0.147 0.153 0.155 0.149 0.142 0.141 0.144 0.143 0.138 0.138 0.137 0.131 0.123 0.131 0.137 0.129 0.127 0.133 0.137 0.126 0.119 0.126 0.126 0.133
-9999 -9999 -9999 -9999 -9999 -9999 -9999 -9999 -9999 -9999 -9999 -9999 -9999 -9999 -9999 -9999 -0.174 -0.137 -0.131 -0.128 -0.099 -0.067 -0.084 -0.107 -0.107 -0.108 -0.082 -0.053 -0.047 -0.044 -0.026 -0.01 0.01 0.03 0.032 0.03 0.048 0.066 0.065 0.061 0.067 0.072 0.069 0.062 0.074 0.084 0.106 0.13 0.142 0.152 0.156 0.159 0.153 0.144 0.15 0.156 0.152 0.145 0.145 0.145 0.145 0.144 0.144 0.143 0.139 0.132 0.141 0.152 0.145 0.135 0.141 0.149 0.137 0.121 0.124 0.126 0.132
-9999 -9999 -9999 -9999 -9999 -9999 -9999 -9999 -9999 -9999 -9999 -9999 -9999 -9999 -9999 -9999 -9999 -9999 -0.156 -0.144 -0.122 -0.108 -0.116 -0.111 -0.107 -0.093 -0.071 -0.051 -0.045 -0.045 -0.027 -0.011 0.012 0.038 0.035 0.014 0.032 0.053 0.051 0.045 0.053 0.065 0.066 0.071 0.084 0.097 0.114 0.123 0.134 0.142 0.152 0.158 0.155 0.148 0.149 0.152 0.15 0.145 0.149 0.151 0.15 0.149 0.142 0.137 0.14 0.138 0.142 0.149 0.154 0.152 0.143 0.141 0.137 0.125 0.126 0.126 0.122
-9999 -9999 -9999 -9999 -9999 -9999 -9999 -9999 -9999 -9999 -9999 -9999 -9999 -9999 -9999 -9999 -9999 -0.177 -0.165 -0.154 -0.141 -0.128 -0.122 -0.117 -0.105 -0.092 -0.074 -0.054 -0.049 -0.049 -0.031 -0.015 0.011 0.037 0.024 0.005 0.024 0.045 0.042 0.035 0.047 0.059 0.066 0.072 0.085 0.099 0.107 0.116 0.126 0.136 0.145 0.155 0.152 0.147 0.149 0.149 0.147 0.144 0.147 0.151 0.151 0.149 0.143 0.133 0.136 0.139 0.143 0.147 0.152 0.157 0.149 0.137 0.132 0.125 0.125 0.125 0.121
-9999 -9999 -9999 -9999 -9999 -9999 -9999 -9999 -9999 -9999 -9999 -9999 -9999 -9999 -9999 -9999 -0.196 -0.153 -0.145 -0.151 -0.138 -0.127 -0.119 -0.11 -0.098 -0.092 -0.076 -0.058 -0.053 -0.049 -0.028 -0.002 0.022 0.041 0.032 0.017 0.032 0.038 0.041 0.052 0.058 0.05 0.059 0.072 0.086 0.1 0.107 0.107 0.117 0.13 0.134 0.14 0.154 0.159 0.147 0.139 0.158 0.167 0.166 0.168 0.162 0.157 0.152 0.145 0.139 0.138 0.143 0.149 0.149 0.152 0.153 0.146 0.137 0.128 0.127 0.126 0.119
-9999 -9999 -9999 -9999 -9999 -9999 -9999 -9999 -9999 -9999 -9999 -9999 -9999 -9999 -9999 -0.214 -0.184 -0.147 -0.149 -0.153 -0.142 -0.13 -0.12 -0.108 -0.1 -0.093 -0.079 -0.063 -0.057 -0.053 -0.027 -0.001 0.019 0.038 0.031 0.018 0.026 0.032 0.044 0.055 0.051 0.044 0.056 0.069 0.083 0.098 0.1 0.101 0.112 0.124 0.13 0.132 0.146 0.161 0.15 0.133 0.151 0.173 0.173 0.172 0.167 0.158 0.155 0.148 0.143 0.137 0.142 0.149 0.15 0.15 0.15 0.149 0.141 0.129 0.128 0.125 0.122
-9999 -9999 -9999 -9999 -9999 -9999 -9999 -9999 -9999 -9999 -9999 -9999 -9999 -0.213 -0.217 -0.199 -0.182 -0.183 -0.183 -0.175 -0.153 -0.103 -0.098 -0.114 -0.105 -0.095 -0.086 -0.085 -0.073 -0.045 -0.025 -0.016 -0.002 0.003 -0.001 -0.002 0.008 0.022 0.034 0.048 0.049 0.057 0.065 0.06 0.07 0.074 0.08 0.095 0.102 0.102 0.113 0.119 0.131 0.145 0.157 0.156 0.147 0.152 0.16 0.163 0.161 0.155 0.149 0.141 0.147 0.146 0.146 0.149 0.154 0.157 0.152 0.146 0.137 0.124 0.124 0.123 -9999
-9999 -9999 -9999 -9999 -9999 -9999 -9999 -9999 -9999 -9999 -9999 -9999 -0.213 -0.215 -0.203 -0.199 -9999 -9999 -9999 -9999 -0.149 -0.093 -0.103 -0.118 -0.107 -0.098 -0.096 -0.096 -0.073 -0.045 -0.035 -0.026 -0.019 -0.015 -0.013 -0.014 0.001 0.015 0.029 0.042 0.051 0.06 0.058 0.054 0.059 0.062 0.076 0.09 0.092 0.092 0.102 0.112 0.124 0.138 0.149 0.161 0.154 0.142 0.15 0.158 0.156 0.152 0.147 0.138 0.144 0.149 0.149 0.148 0.154 0.16 0.155 0.145 0.136 0.123 0.122 0.121 0.122
-9999 -9999 -9999 -9999 -9999 -9999 -9999 -9999 -9999 -9999 -9999 -9999 -0.216 -0.199 -0.199 -9999 -9999 -9999 -9999 -9999 -0.143 -0.11 -0.114 -0.111 -0.102 -0.099 -0.092 -0.078 -0.061 -0.055 -0.046 -0.041 -0.033 -0.028 -0.025 -0.024 -0.007 0.017 0.019 -0.0 0.014 0.045 0.05 0.066 0.067 0.056 0.065 0.067 0.075 0.097 0.11 0.123 0.123 0.128 0.13 0.136 0.154 0.159 0.164 0.171 0.164 0.158 0.155 0.149 0.143 0.141 0.143 0.143 0.145 0.148 0.149 0.143 0.143 0.136 0.133 0.132 0.124
-9999 -9999 -9999 -9999 -9999 -9999 -9999 -9999 -9999 -9999 -9999 -9999 -9999 -9999 -0.203 -9999 -9999 -9999 -9999 -9999 -0.144 -0.119 -0.114 -0.11 -0.105 -0.101 -0.086 -0.071 -0.066 -0.061 -0.053 -0.048 -0.041 -0.036 -0.032 -0.03 -0.008 0.015 0.001 -0.019 0.008 0.037 0.053 0.068 0.061 0.051 0.054 0.056 0.075 0.096 0.109 0.124 0.126 0.123 0.125 0.125 0.142 0.162 0.168 0.173 0.167 0.158 0.156 0.152 0.146 0.137 0.139 0.14 0.142 0.142 0.143 0.141 0.141 0.139 0.137 0.135 0.127
-9999 -9999 -9999 -9999 -9999 -9999 -9999 -9999 -9999 -9999 -9999 -9999 -9999 -9999 -9999 -9999 -9999 -9999 -9999 -9999 -0.139 -0.119 -0.115 -0.119 -0.106 -0.084 -0.072 -0.068 -0.068 -0.08 -0.072 -0.064 -0.053 -0.035 -0.028 -0.02 0.0 0.016 0.012 0.019 0.038 0.04 0.055 0.068 0.067 0.072 0.076 0.078 0.082 0.094 0.1 0.11 0.123 0.128 0.124 0.121 0.135 0.152 0.144 0.14 0.156 0.159 0.156 0.152 0.156 0.154 0.144 0.139 0.147 0.152 0.155 0.155 0.142 0.133 0.134 0.134 0.132
-9999 -9999 -9999 -9999 -9999 -9999 -9999 -9999 -9999 -9999 -9999 -9999 -9999 -9999 -9999 -9999 -9999 -9999 -9999 -9999 -9999 -0.119 -0.118 -0.121 -0.1 -0.077 -0.071 -0.067 -0.077 -0.089 -0.079 -0.071 -0.054 -0.037 -0.027 -0.018 -0.002 0.014 0.024 0.032 0.037 0.04 0.052 0.065 0.071 0.077 0.082 0.085 0.088 0.091 0.097 0.103 0.116 0.128 0.125 0.119 0.132 0.147 0.138 0.126 0.14 0.156 0.154 0.149 0.154 0.158 0.149 0.137 0.145 0.153 0.157 0.158 0.145 0.129 0.13 0.131 0.129
-9999 -9999 -9999 -9999 -9999 -9999 -9999 -9999 -9999 -9999 -9999 -9999 -9999 -9999 -9999 -9999 -9999 -9999 -9999 -9999 -0.147 -0.128 -0.125 -0.12 -0.103 -0.092 -0.084 -0.072 -0.076 -0.075 -0.066 -0.061 -0.045 -0.031 -0.019 -0.004 0.013 0.033 0.037 0.025 0.032 0.041 0.051 0.054 0.062 0.074 0.081 0.09 0.106 0.117 0.114 0.115 0.118 0.124 0.117 0.109 0.119 0.132 0.138 0.135 0.141 0.153 0.147 0.14 0.146 0.15 0.149 0.142 0.146 0.152 0.153 0.153 0.141 0.125 0.108 0.097 0.115
-9999 -9999 -9999 -9999 -9999 -9999 -9999 -9999 -9999 -9999 -9999 -9999 -9999 -9999 -9999 -9999 -9999 -9999 -9999 -9999 -0.148 -0.132 -0.125 -0.12 -0.11 -0.1 -0.087 -0.075 -0.072 -0.071 -0.064 -0.058 -0.044 -0.03 -0.015 -0.001 0.018 0.038 0.031 0.02 0.03 0.039 0.044 0.048 0.059 0.07 0.08 0.089 0.105 0.123 0.122 0.118 0.121 0.121 0.115 0.104 0.114 0.125 0.13 0.137 0.143 0.149 0.143 0.135 0.14 0.145 0.145 0.143 0.147 0.149 0.15 0.149 0.137 0.122 0.105 0.084 0.1
-9999 -9999 -9999 -9999 -9999 -9999 -9999 -9999 -9999 -9999 -9999 -9999 -9999 -9999 -9999 -9999 -9999 -9999 -9999 -9999 -0.153 -0.137 -0.128 -0.112 -0.103 -0.096 -0.086 -0.08 -0.073 -0.06 -0.053 -0.049 -0.036 -0.027 -0.007 0.024 0.033 0.019 0.016 0.017 0.029 0.042 0.048 0.051 0.06 0.063 0.078 0.105 0.102 0.109 0.111 0.108 0.117 0.12 0.118 0.11 0.107 0.11 0.122 0.132 0.124 0.121 0.132 0.133 0.134 0.138 0.144 0.146 0.142 0.138 0.137 0.134 0.132 0.123 0.123 0.113 0.114
-9999 -9999 -9999 -9999 -9999 -9999 -9999 -9999 -9999 -9999 -9999 -9999 -9999 -9999 -9999 -9999 -9999 -9999 -9999 -9999 -9999 -0.14 -0.125 -0.11 -0.103 -0.096 -0.089 -0.083 -0.07 -0.057 -0.051 -0.046 -0.037 -0.028 0.0 0.032 0.024 0.01 0.013 0.015 0.028 0.041 0.046 0.051 0.055 0.058 0.081 0.108 0.106 0.101 0.103 0.103 0.111 0.118 0.116 0.111 0.108 0.104 0.115 0.128 0.121 0.11 0.119 0.131 0.132 0.133 0.139 0.146 0.142 0.132 0.13 0.127 0.124 0.122 0.121 0.122 0.124
-9999 -9999 -9999 -9999 -9999 -9999 -9999 -9999 -9999 -9999 -9999 -9999 -9999 -9999 -9999 -9999 -9999 -9999 -9999 -9999 -9999 -0.15 -0.136 -0.119 -0.11 -0.095 -0.087 -0.08 -0.065 -0.046 -0.038 -0.03 -0.024 -0.029 -0.006 0.009 0.006 0.011 0.02 0.038 0.049 0.054 0.059 0.058 0.064 0.07 0.094 0.122 0.105 0.091 0.099 0.102 0.125 0.141 0.133 0.125 0.113 0.104 0.121 0.138 0.131 0.121 0.122 0.128 0.126 0.125 0.127 0.13 0.137 0.134 0.131 0.128 0.119 0.112 0.113 0.114 0.112
-9999 -9999 -9999 -9999 -9999 -9999 -9999 -9999 -9999 -9999 -9999 -9999 -9999 -9999 -9999 -9999 -9999 -9999 -9999 -9999 -0.145 -0.154 -0.14 -0.125 -0.111 -0.095 -0.087 -0.08 -0.062 -0.043 -0.034 -0.024 -0.026 -0.029 -0.016 -0.002 0.004 0.01 0.027 0.045 0.052 0.058 0.06 0.06 0.067 0.073 0.097 0.125 0.108 0.085 0.093 0.1 0.122 0.147 0.141 0.128 0.118 0.104 0.12 0.14 0.134 0.124 0.125 0.126 0.124 0.12 0.122 0.123 0.129 0.133 0.13 0.126 0.118 0.107 0.108 0.109 0.108
-9999 -9999 -9999 -9999 -9999 -9999 -9999 -9999 -9999 -9999 -9999 -9999 -9999 -9999 -9999 -9999 -9999 -9999 -9999 -9999 -0.152 -0.139 -0.123 -0.101 -0.086 -0.067 -0.059 -0.059 -0.046 -0.044 -0.037 -0.034 -0.031 -0.022 -0.01 -0.003 0.005 0.013 0.024 0.024 0.037 0.063 0.068 0.075 0.08 0.079 0.098 0.113 0.103 0.102 0.097 0.096 0.1 0.114 0.119 0.111 0.125 0.125 0.126 0.136 0.135 0.128 0.121 0.117 0.123 0.124 0.12 0.117 0.118 0.119 0.114 0.108 0.114 0.113 0.113 0.113 0.097
-9999 -9999 -9999 -9999 -9999 -9999 -9999 -9999 -9999 -9999 -9999 -9999 -9999 -9999 -9999 -9999 -9999 -9999 -9999 -9999 -0.139 -0.133 -0.114 -0.092 -0.076 -0.057 -0.053 -0.052 -0.048 -0.045 -0.041 -0.038 -0.028 -0.019 -0.011 -0.004 0.005 0.013 0.015 0.014 0.037 0.063 0.071 0.079 0.08 0.079 0.092 0.105 0.107 0.106 0.102 0.093 0.097 0.1 0.104 0.104 0.117 0.131 0.133 0.133 0.132 0.128 0.122 0.113 0.118 0.124 0.119 0.113 0.114 0.112 0.107 0.1 0.106 0.113 0.113 0.113 0.097
-9999 -9999 -9999 -9999 -9999 -9999 -9999 -9999 -9999 -9999 -9999 -9999 -9999 -9999 -9999 -9999 -9999 -9999 -9999 -0.137 -0.134 -0.12 -0.104 -0.092 -0.077 -0.063 -0.056 -0.044 -0.042 -0.05 -0.038 -0.014 -0.011 -0.026 -0.018 -0.011 -0.002 0.007 0.011 0.017 0.034 0.043 0.052 0.064 0.064 0.062 0.075 0.092 0.094 0.096 0.103 0.102 0.107 0.111 0.112 0.111 0.115 0.124 0.128 0.13 0.123 0.115 0.126 0.127 0.124 0.124 0.121 0.116 0.115 0.113 0.109 0.103 0.093 0.09 0.099 0.104 0.085
-9999 -9999 -9999 -9999 -9999 -9999 -9999 -9999 -9999 -9999 -9999 -9999 -9999 -9999 -9999 -9999 -9999 -9999 -0.139 -0.131 -0.121 -0.114 -0.102 -0.09 -0.078 -0.065 -0.053 -0.041 -0.045 -0.051 -0.03 -0.005 -0.014 -0.029 -0.02 -0.013 -0.004 0.005 0.012 0.018 0.026 0.033 0.045 0.056 0.056 0.054 0.068 0.084 0.088 0.09 0.097 0.103 0.109 0.113 0.115 0.112 0.117 0.121 0.124 0.128 0.12 0.11 0.119 0.131 0.127 0.122 0.12 0.115 0.114 0.111 0.108 0.103 0.093 0.081 0.089 0.1 0.082
-9999 -9999 -9999 -9999 -9999 -9999 -9999 -9999 -9999 -9999 -9999 -9999 -9999 -9999 -9999 -9999 -0.158 -0.147 -0.138 -0.115 -0.107 -0.103 -0.093 -0.089 -0.075 -0.054 -0.046 -0.047 -0.049 -0.052 -0.032 -0.01 -0.012 -0.006 -0.005 -0.025 -0.011 0.012 0.022 0.039 0.048 0.055 0.065 0.068 0.069 0.069 0.085 0.106 0.109 0.106 0.104 0.105 0.102 0.1 0.111 0.114 0.126 0.136 0.127 0.124 0.112 0.098 0.109 0.12 0.12 0.117 0.123 0.124 0.123 0.122 0.116 0.11 0.095 0.081 0.074 0.076 0.069
-9999 -9999 -9999 -9999 -9999 -9999 -9999 -9999 -9999 -9999 -9999 -9999 -9999 -9999 -9999 -0.167 -0.155 -0.148 -0.13 -0.109 -0.103 -0.097 -0.092 -0.088 -0.07 -0.049 -0.048 -0.049 -0.049 -0.051 -0.033 -0.012 -0.004 0.002 -0.011 -0.03 -0.008 0.015 0.03 0.047 0.055 0.063 0.068 0.071 0.073 0.073 0.091 0.112 0.111 0.108 0.107 0.103 0.101 0.094 0.103 0.112 0.124 0.138 0.131 0.12 0.108 0.091 0.101 0.113 0.113 0.113 0.119 0.125 0.124 0.124 0.119 0.11 0.097 0.079 0.073 0.066 0.058
-9999 -9999 -9999 -9999 -9999 -9999 -9999 -9999 -9999 -9999 -9999 -9999 -0.184 -0.169 -0.158 -0.14 -0.132 -0.136 -0.119 -0.109 -0.103 -0.099 -0.084 -0.053 -0.04 -0.042 -0.043 -0.051 -0.047 -0.038 -0.026 -0.028 -0.023 -0.018 -0.02 -0.004 0.011 0.013 0.026 0.034 0.044 0.06 0.065 0.069 0.072 0.076 0.093 0.11 0.111 0.109 0.115 0.115 0.124 0.124 0.13 0.139 0.126 0.126 0.125 0.118 0.109 0.095 0.096 0.102 0.112 0.118 0.121 0.126 0.121 0.116 0.107 0.095 0.108 0.107 0.091 0.078 0.062
-9999 -9999 -9999 -9999 -9999 -9999 -9999 -9999 -9999 -9999 -0.199 -0.189 -0.177 -0.166 -0.149 -0.13 -0.128 -0.13 -0.119 -0.109 -0.103 -0.099 -0.07 -0.038 -0.037 -0.039 -0.043 -0.051 -0.041 -0.032 -0.032 -0.035 -0.03 -0.027 -0.011 0.006 0.01 0.012 0.021 0.028 0.043 0.058 0.064 0.068 0.072 0.076 0.09 0.106 0.107 0.107 0.112 0.117 0.125 0.132 0.138 0.144 0.133 0.118 0.117 0.114 0.106 0.094 0.095 0.096 0.105 0.117 0.12 0.123 0.118 0.111 0.102 0.088 0.099 0.115 0.1 0.081 0.065
-9999 -9999 -9999 -9999 -9999 -9999 -0.227 -0.222 -0.214 -0.206 -0.197 -0.189 -0.174 -0.157 -0.145 -0.142 -0.136 -0.125 -0.112 -0.097 -0.09 -0.084 -0.066 -0.064 -0.057 -0.037 -0.037 -0.034 -0.031 -0.042 -0.039 -0.028 -0.02 -0.008 0.001 -0.001 0.002 0.005 0.016 0.031 0.042 0.044 0.051 0.066 0.071 0.079 0.093 0.111 0.113 0.113 0.106 0.103 0.119 0.129 0.116 0.109 0.121 0.12 0.113 0.107 0.111 0.108 0.1 0.096 0.097 0.103 0.11 0.116 0.117 0.112 0.114 0.108 0.095 0.096 0.088 0.073 0.076
-9999 -9999 -9999 -9999 -9999 -0.237 -0.227 -0.221 -0.211 -0.204 -0.198 -0.187 -0.169 -0.151 -0.148 -0.147 -0.135 -0.123 -0.107 -0.092 -0.084 -0.078 -0.075 -0.074 -0.056 -0.036 -0.031 -0.027 -0.035 -0.046 -0.036 -0.026 -0.013 -0.001 -0.002 -0.005 -0.001 0.001 0.016 0.032 0.036 0.038 0.051 0.064 0.072 0.079 0.094 0.111 0.113 0.113 0.107 0.096 0.111 0.125 0.112 0.093 0.104 0.117 0.111 0.102 0.106 0.11 0.103 0.093 0.095 0.095 0.102 0.11 0.11 0.109 0.11 0.11 0.1 0.086 0.078 0.068 0.07
-9999 -9999 -9999 -9999 -0.238 -0.222 -0.213 -0.208 -0.199 -0.193 -0.186 -0.176 -0.156 -0.135 -0.135 -0.144 -0.134 -0.125 -0.109 -0.092 -0.083 -0.073 -0.068 -0.063 -0.047 -0.035 -0.033 -0.037 -0.043 -0.047 -0.04 -0.04 -0.022 0.011 0.009 0.0 0.006 0.013 0.027 0.04 0.049 0.063 0.074 0.075 0.079 0.074 0.085 0.09 0.094 0.103 0.107 0.103 0.102 0.108 0.112 0.104 0.104 0.11 0.109 0.103 0.097 0.095 0.094 0.088 0.094 0.097 0.103 0.11 0.095 0.084 0.076 0.071 0.092 0.096 0.09 0.082 0.081
