Validation/Results/raw data/ReClimate_05_2024_2_Temperature.asc
NCOLS 192
NROWS 249
XLLCENTER -225160.85627316462
YLLCENTER 29788.11610251502
CELLSIZE 5000.0
NODATA_VALUE -9999
[rows 102 to 135 of 249, columns 77 to 153 of 192]
-0.218 -0.216 -0.207 -0.196 -9999 -9999 -0.184 -9999 -9999 -0.16 -0.146 -0.128 -0.117 -0.106 -0.093 -0.081 -0.065 -0.049 -0.039 -0.031 -0.018 -0.002 -0.005 -0.009 0.0 0.012 0.02 0.03 0.032 0.034 0.042 0.051 0.048 0.045 0.053 0.063 0.058 0.053 0.054 0.06 -9999 -9999 -9999 -9999 -9999 -9999 -9999 -9999 -9999 -9999 -9999 -9999 -9999 -9999 -9999 -9999 -9999 -9999 -9999 -9999 -9999 -9999 -9999 -9999 -9999 -9999 -9999 -9999 -9999 -9999 -9999 -9999 -9999 -9999 -9999 -9999 -9999
-0.213 -0.198 -9999 -9999 -9999 -0.179 -0.176 -0.18 -0.17 -0.158 -0.149 -0.144 -0.134 -0.12 -0.107 -0.093 -0.078 -0.059 -0.052 -0.053 -0.041 -0.027 -0.025 -0.014 -0.005 0.004 0.011 0.018 0.021 0.027 0.029 0.026 0.029 0.046 0.052 -9999 -9999 0.068 -9999 -9999 -9999 -9999 -9999 -9999 -9999 -9999 -9999 -9999 -9999 -9999 -9999 -9999 -9999 -9999 -9999 -9999 -9999 -9999 -9999 -9999 -9999 -9999 -9999 -9999 -9999 -9999 -9999 -9999 -9999 -9999 -9999 -9999 -9999 -9999 -9999 -9999 -9999
-9999 -0.186 -9999 -9999 -9999 -0.173 -0.172 -0.174 -0.163 -0.151 -0.149 -0.146 -0.137 -0.127 -0.115 -0.101 -0.083 -0.064 -0.062 -0.064 -0.053 -0.039 -0.03 -0.019 -0.011 -0.002 0.003 0.009 0.014 0.02 0.016 0.013 0.025 0.041 -9999 0.047 0.056 0.066 0.056 -9999 -9999 -9999 -9999 -9999 -9999 -9999 -9999 -9999 -9999 -9999 -9999 -9999 -9999 -9999 -9999 -9999 -9999 -9999 -9999 -9999 -9999 -9999 -9999 -9999 -9999 -9999 -9999 -9999 -9999 -9999 -9999 -9999 -9999 -9999 -9999 -9999 -9999
-9999 -9999 -9999 -0.178 -0.179 -0.174 -0.174 -0.17 -0.162 -0.156 -0.152 -0.143 -0.138 -0.132 -0.12 -0.103 -0.088 -0.073 -0.071 -0.073 -0.061 -0.044 -0.037 -0.033 -0.025 -0.012 -0.004 0.01 0.012 0.01 0.008 0.007 -9999 0.027 0.028 0.027 0.033 0.04 0.054 -9999 -9999 -9999 -9999 -9999 -9999 -9999 -9999 -9999 -9999 -9999 -9999 -9999 -9999 -9999 -9999 -9999 -9999 -9999 -9999 -9999 -9999 -9999 -9999 -9999 -9999 -9999 -9999 -9999 -9999 -9999 -9999 -9999 -9999 -9999 -9999 -9999 -9999
-9999 -9999 -9999 -0.179 -0.17 -0.17 -0.168 -0.164 -0.159 -0.154 -0.146 -0.138 -0.133 -0.128 -0.114 -0.098 -0.087 -0.075 -0.076 -0.079 -0.065 -0.049 -0.045 -0.041 -0.031 -0.019 -0.008 0.006 0.004 0.002 0.001 0.0 0.008 0.017 0.016 0.016 0.023 0.031 0.038 0.049 -9999 -9999 -9999 -9999 -9999 -9999 -9999 -9999 -9999 -9999 -9999 -9999 -9999 -9999 -9999 -9999 -9999 -9999 -9999 -9999 -9999 -9999 -9999 -9999 -9999 -9999 -9999 -9999 -9999 -9999 -9999 -9999 -9999 -9999 -9999 -9999 -9999
-9999 -9999 -0.171 -9999 -9999 -0.176 -0.176 -0.175 -0.172 -0.169 -9999 -9999 -0.143 -0.12 -0.108 -0.098 -0.085 -0.066 -0.067 -0.067 -0.056 -0.045 -0.044 -0.046 -0.04 -0.036 -0.026 -0.012 -0.01 0.0 0.004 0.013 0.017 0.013 0.016 0.022 0.028 0.031 0.036 0.043 0.044 -9999 -9999 -9999 -9999 -9999 -9999 -9999 -9999 -9999 -9999 -9999 -9999 -9999 -9999 -9999 -9999 -9999 -9999 -9999 -9999 -9999 -9999 -9999 -9999 -9999 -9999 -9999 -9999 -9999 -9999 -9999 -9999 -9999 -9999 -9999 -9999
-9999 -9999 -0.165 -9999 -0.17 -0.172 -0.174 -0.174 -0.172 -0.17 -0.162 -0.153 -0.133 -0.111 -0.102 -0.093 -0.076 -0.058 -0.057 -0.058 -0.049 -0.039 -0.041 -0.044 -0.042 -0.039 -0.029 -0.016 -0.008 0.003 0.011 0.021 0.018 0.015 0.021 0.028 0.03 0.033 0.037 0.042 -9999 -9999 -9999 -9999 -9999 -9999 -9999 -9999 -9999 -9999 -9999 -9999 -9999 -9999 -9999 -9999 -9999 -9999 -9999 -9999 -9999 -9999 -9999 -9999 -9999 -9999 -9999 -9999 -9999 -9999 -9999 -9999 -9999 -9999 -9999 -9999 -9999
-9999 -9999 -0.159 -9999 -0.163 -0.168 -0.17 -0.17 -0.167 -9999 -0.152 -0.154 -9999 -0.101 -0.094 -0.088 -0.075 -0.065 -0.061 -0.05 -0.045 -0.043 -0.043 -0.04 -0.038 -0.036 -0.026 -0.012 -0.006 0.0 0.012 0.034 0.032 0.026 0.033 0.04 -9999 -9999 -9999 -9999 -9999 -9999 -9999 -9999 -9999 -9999 -9999 -9999 -9999 -9999 -9999 -9999 -9999 -9999 -9999 -9999 -9999 -9999 -9999 -9999 -9999 -9999 -9999 -9999 -9999 -9999 -9999 -9999 -9999 -9999 -9999 -9999 -9999 -9999 -9999 -9999 -9999
-0.155 -0.153 -9999 -9999 -0.161 -0.161 -0.162 -0.162 -0.155 -0.146 -0.146 -0.148 -9999 -0.092 -0.087 -0.082 -0.072 -0.063 -0.054 -0.044 -0.042 -0.04 -0.038 -0.035 -0.033 -0.031 -0.021 -0.008 -0.004 0.002 0.02 0.041 0.037 0.033 0.045 -9999 -9999 -9999 -9999 -9999 -9999 -9999 -9999 -9999 -9999 -9999 -9999 -9999 -9999 -9999 -9999 -9999 -9999 -9999 -9999 -9999 -9999 -9999 -9999 -9999 -9999 -9999 -9999 -9999 -9999 -9999 -9999 -9999 -9999 -9999 -9999 -9999 -9999 -9999 -9999 -9999 -9999
-0.151 -0.156 -9999 -0.154 -0.154 -0.147 -0.146 -9999 -0.149 -0.149 -0.147 -0.136 -9999 -0.084 -0.079 -0.075 -0.064 -0.053 -0.044 -0.036 -0.037 -0.041 -0.037 -0.028 -0.024 -0.017 -9999 0.014 0.017 0.015 0.03 0.044 0.045 0.056 -9999 -9999 -9999 -9999 -9999 -9999 -9999 -9999 -9999 -9999 -9999 -9999 -9999 -9999 -9999 -9999 -9999 -9999 -9999 -9999 -9999 -9999 -9999 -9999 -9999 -9999 -9999 -9999 -9999 -9999 -9999 -9999 -9999 -9999 -9999 -9999 -9999 -9999 -9999 -9999 -9999 -9999 -9999
-0.155 -9999 -9999 -0.149 -0.143 -0.139 -9999 -0.141 -0.142 -0.143 -0.135 -0.125 -9999 -0.075 -0.071 -0.067 -0.055 -0.045 -0.038 -0.03 -0.033 -0.037 -0.03 -0.022 -0.016 -0.008 0.006 0.024 -9999 -9999 0.034 0.046 -9999 -9999 -9999 -9999 -9999 -9999 0.059 0.063 0.064 -9999 -9999 -9999 -9999 -9999 -9999 -9999 -9999 -9999 -9999 -9999 -9999 -9999 -9999 -9999 -9999 -9999 -9999 -9999 -9999 -9999 -9999 -9999 -9999 -9999 -9999 -9999 -9999 -9999 -9999 -9999 -9999 -9999 -9999 -9999 -9999
-9999 -9999 -0.144 -0.143 -0.141 -0.144 -9999 -0.128 -0.127 -0.126 -0.116 -0.101 -9999 -9999 -9999 -0.058 -0.05 -0.045 -0.037 -0.026 -0.025 -0.017 -0.011 -0.008 -0.004 -0.004 0.007 0.013 0.019 0.038 0.047 0.053 -9999 -9999 -9999 -9999 -9999 0.05 0.058 0.043 0.049 0.07 -9999 -9999 -9999 -9999 -9999 -9999 -9999 -9999 -9999 -9999 -9999 -9999 -9999 -9999 -9999 -9999 -9999 -9999 -9999 -9999 -9999 -9999 -9999 -9999 -9999 -9999 -9999 -9999 -9999 -9999 -9999 -9999 -9999 -9999 -9999
-9999 -9999 -9999 -0.135 -0.138 -0.141 -9999 -0.116 -9999 -0.112 -0.1 -0.085 -9999 -0.054 -0.051 -0.051 -9999 -0.041 -0.032 -0.022 -0.014 -0.006 -0.003 0.001 0.001 0.001 0.006 0.011 0.027 0.046 0.051 0.057 0.064 0.072 0.068 -9999 0.053 0.049 0.041 0.037 0.053 0.073 0.064 0.057 -9999 -9999 -9999 -9999 -9999 -9999 -9999 -9999 -9999 -9999 -9999 -9999 -9999 -9999 -9999 -9999 -9999 -9999 -9999 -9999 -9999 -9999 -9999 -9999 -9999 -9999 -9999 -9999 -9999 -9999 -9999 -9999 -9999
-9999 -9999 -9999 -0.141 -0.144 -0.144 -9999 -0.11 -9999 -0.084 -0.073 -9999 -0.074 -0.061 -0.058 -0.05 -0.045 -0.037 -0.028 -0.018 -0.011 -0.002 0.003 0.014 0.007 -0.011 -0.004 0.014 0.028 0.043 0.044 0.04 0.04 0.034 0.03 0.032 0.027 0.032 0.029 0.03 0.036 0.031 0.026 0.035 0.054 0.058 0.063 -9999 -9999 -9999 -9999 -9999 -9999 -9999 -9999 -9999 -9999 -9999 -9999 -9999 -9999 -9999 -9999 -9999 -9999 -9999 -9999 -9999 -9999 -9999 -9999 -9999 -9999 -9999 -9999 -9999 -9999
-9999 -9999 -9999 -0.138 -0.138 -0.138 -0.122 -9999 -9999 -0.067 -0.06 -9999 -0.073 -0.058 -0.052 -0.046 -0.04 -0.032 -0.023 -0.014 -0.007 0.002 0.011 0.021 0.006 -0.012 0.001 0.017 0.029 0.044 0.04 0.036 0.03 0.021 0.021 0.022 0.025 0.03 0.03 0.03 0.024 0.017 0.023 0.031 0.041 0.054 0.06 0.055 -9999 -9999 -9999 -9999 -9999 -9999 -9999 -9999 -9999 -9999 -9999 -9999 -9999 -9999 -9999 -9999 -9999 -9999 -9999 -9999 -9999 -9999 -9999 -9999 -9999 -9999 -9999 -9999 -9999
-9999 -9999 -9999 -0.125 -0.123 -0.117 -0.101 -9999 -9999 -0.066 -0.066 -9999 -9999 -0.056 -0.047 -0.027 -0.026 -0.036 -0.03 -0.024 -0.018 -0.011 -0.002 0.011 -0.0 -0.006 0.002 0.004 0.012 0.02 0.019 0.026 0.022 0.021 0.019 0.016 0.018 0.022 0.024 0.03 0.028 0.032 0.032 0.021 0.03 0.042 0.044 0.048 -9999 -9999 -9999 -9999 -9999 -9999 -9999 -9999 -9999 -9999 -9999 -9999 -9999 -9999 -9999 -9999 -9999 -9999 -9999 -9999 -9999 -9999 -9999 -9999 -9999 -9999 -9999 -9999 -9999
-9999 -9999 -9999 -0.115 -0.109 -0.102 -9999 -9999 -9999 -9999 -0.066 -9999 -0.059 -0.051 -0.035 -0.015 -0.023 -0.033 -0.029 -0.024 -0.019 -0.013 -0.002 0.01 0.005 -0.0 0.001 0.002 0.007 0.014 0.019 0.026 0.024 0.023 0.019 0.016 0.019 0.022 0.027 0.033 0.036 0.04 0.031 0.021 0.03 0.042 0.044 0.048 0.052 -9999 -9999 -9999 -9999 -9999 -9999 -9999 -9999 -9999 -9999 -9999 -9999 -9999 -9999 -9999 -9999 -9999 -9999 -9999 -9999 -9999 -9999 -9999 -9999 -9999 -9999 -9999 -9999
-9999 -0.103 -0.102 -0.103 -0.099 -9999 -9999 -0.069 -9999 -9999 -9999 -9999 -0.047 -0.046 -0.034 -0.024 -0.029 -0.027 -0.021 -0.012 -0.008 -0.008 -0.002 0.002 0.001 0.004 0.001 -0.006 0.003 0.02 0.022 0.016 0.016 0.019 0.021 0.031 0.031 0.025 0.026 0.023 0.026 0.032 0.023 0.013 0.025 0.047 0.048 0.047 0.061 -9999 -9999 -9999 -9999 -9999 -9999 -9999 -9999 -9999 -9999 -9999 -9999 -9999 -9999 -9999 -9999 -9999 -9999 -9999 -9999 -9999 -9999 -9999 -9999 -9999 -9999 -9999 -9999
-9999 -9999 -0.092 -0.093 -0.088 -9999 -0.073 -0.061 -0.053 -9999 -9999 -9999 -9999 -0.039 -0.032 -0.024 -0.022 -0.02 -0.012 -0.002 -0.002 -0.002 0.001 0.004 0.007 0.009 0.003 -0.004 0.009 0.026 0.022 0.015 0.017 0.021 0.029 0.039 0.034 0.029 0.026 0.023 0.028 0.034 0.025 0.015 0.032 0.053 0.051 0.05 0.061 0.078 -9999 -9999 -9999 -9999 -9999 -9999 -9999 -9999 -9999 -9999 -9999 -9999 -9999 -9999 -9999 -9999 -9999 -9999 -9999 -9999 -9999 -9999 -9999 -9999 -9999 -9999 -9999
-9999 -9999 -0.098 -0.096 -0.088 -9999 -0.064 -0.062 -0.055 -9999 -9999 -9999 -9999 -9999 -0.037 -0.035 -0.034 -0.028 -0.022 -0.013 -0.01 0.002 0.001 -0.004 -0.002 0.001 -0.001 0.004 0.012 0.014 0.011 0.017 0.021 0.031 0.035 0.034 0.03 0.029 0.029 0.034 0.037 0.039 0.033 0.031 0.043 0.049 0.048 0.046 0.057 0.083 0.096 -9999 -9999 -9999 -9999 -9999 -9999 -9999 -9999 -9999 -9999 -9999 -9999 -9999 -9999 -9999 -9999 -9999 -9999 -9999 -9999 -9999 -9999 -9999 -9999 -9999 -9999
-9999 -9999 -0.087 -0.091 -9999 -9999 -0.06 -0.056 -0.047 -0.035 -9999 -9999 -9999 -9999 -9999 -0.035 -0.031 -0.026 -0.02 -0.012 -0.003 0.008 0.003 -0.002 0.001 0.004 0.008 0.013 0.013 0.013 0.016 0.022 0.03 0.039 0.037 0.036 0.034 0.033 0.037 0.043 0.043 0.045 0.043 0.042 0.046 0.052 0.05 0.049 0.06 0.079 0.1 0.113 0.131 -9999 -9999 -9999 -9999 -9999 -9999 -9999 -9999 -9999 -9999 -9999 -9999 -9999 -9999 -9999 -9999 -9999 -9999 -9999 -9999 -9999 -9999 -9999 -9999
-9999 -9999 -0.077 -0.077 -9999 -9999 -0.059 -0.056 -0.046 -9999 -9999 -9999 -9999 -9999 -9999 -0.017 -0.016 -0.022 -0.019 -0.018 -0.008 0.009 0.003 -0.004 0.009 0.041 0.036 0.009 0.005 -0.001 0.008 0.032 0.035 0.034 0.033 0.038 0.036 0.034 0.039 0.047 0.047 0.046 0.044 0.04 0.043 0.044 0.043 0.046 0.064 0.085 0.102 0.119 0.138 -9999 -9999 -9999 -9999 -9999 -9999 -9999 -9999 -9999 -9999 -9999 -9999 -9999 -9999 -9999 -9999 -9999 -9999 -9999 -9999 -9999 -9999 -9999 -9999
-9999 -9999 -0.065 -0.065 -9999 -9999 -9999 -0.052 -0.038 -0.019 -9999 -9999 -9999 -9999 -9999 -0.005 -0.009 -0.015 -0.015 -0.014 -0.002 0.014 0.008 0.001 0.028 0.06 0.039 0.011 0.005 -0.001 0.017 0.04 0.037 0.035 0.038 0.043 0.041 0.039 0.044 0.052 0.051 0.05 0.047 0.044 0.044 0.045 0.047 0.055 0.075 0.098 0.113 0.131 0.149 -9999 -9999 -9999 -9999 -9999 -9999 -9999 -9999 -9999 -9999 -9999 -9999 -9999 -9999 -9999 -9999 -9999 -9999 -9999 -9999 -9999 -9999 -9999 -9999
-9999 -0.053 -0.053 -0.054 -9999 -9999 -9999 -9999 -9999 -9999 -9999 -9999 -9999 -9999 -9999 0.001 -0.003 -0.008 -0.01 -0.015 -0.003 0.014 0.011 0.016 0.031 0.028 0.012 0.009 0.005 0.007 0.019 0.027 0.027 0.036 0.039 0.044 0.044 0.049 0.05 0.045 0.042 0.036 0.036 0.047 0.047 0.049 0.055 0.063 0.072 0.089 0.118 0.144 0.167 0.163 -9999 -9999 -9999 -9999 -9999 -9999 -9999 -9999 -9999 -9999 -9999 -9999 -9999 -9999 -9999 -9999 -9999 -9999 -9999 -9999 -9999 -9999 -9999
-0.043 -0.041 -0.041 -0.043 -9999 -9999 -9999 -9999 -9999 -9999 -9999 -9999 -9999 -0.002 0.004 0.008 0.005 0.001 -0.004 -0.009 0.003 0.019 0.023 0.028 0.024 0.018 0.015 0.013 0.013 0.014 0.019 0.026 0.032 0.04 0.044 0.048 0.051 0.056 0.051 0.046 0.04 0.034 0.042 0.052 0.053 0.059 0.066 0.073 0.083 0.094 0.121 0.155 0.177 0.175 -9999 -9999 -9999 -9999 -9999 -9999 -9999 -9999 -9999 -9999 -9999 -9999 -9999 -9999 -9999 -9999 -9999 -9999 -9999 -9999 -9999 -9999 -9999
-0.036 -0.034 -0.035 -9999 -9999 -9999 -9999 -9999 -9999 -9999 -9999 -9999 -9999 0.003 0.007 -0.003 -0.006 -0.006 -0.006 0.001 0.007 0.007 0.008 0.008 0.007 0.02 0.017 0.013 0.015 0.021 0.023 0.021 0.024 0.025 0.029 0.041 0.045 0.053 0.05 0.049 0.047 0.054 0.059 0.061 0.064 0.066 0.076 0.092 0.1 0.103 0.121 0.148 0.171 0.196 -9999 -9999 -9999 -9999 -9999 -9999 -9999 -9999 -9999 -9999 -9999 -9999 -9999 -9999 -9999 -9999 -9999 -9999 -9999 -9999 -9999 -9999 -9999
-9999 -9999 -9999 -9999 -9999 -9999 -9999 -9999 -9999 -9999 -9999 -9999 -9999 0.006 0.002 -0.003 -0.003 -0.004 0.003 0.011 0.01 0.009 0.006 0.003 0.013 0.025 0.021 0.018 0.022 0.028 0.025 0.023 0.022 0.022 0.031 0.042 0.048 0.055 0.054 0.053 0.058 0.065 0.066 0.071 0.074 0.076 0.09 0.106 0.11 0.114 0.131 0.152 0.173 0.198 -9999 -9999 -9999 -9999 -9999 -9999 -9999 -9999 -9999 -9999 -9999 -9999 -9999 -9999 -9999 -9999 -9999 -9999 -9999 -9999 -9999 -9999 -9999
-9999 -9999 -9999 -9999 -9999 -9999 -9999 -9999 -9999 -9999 -9999 -9999 0.007 0.002 0.001 0.006 0.005 0.0 0.005 0.008 0.009 0.015 0.013 0.013 0.019 0.02 0.019 0.025 0.029 0.038 0.036 0.034 0.033 0.031 0.036 0.038 0.044 0.057 0.056 0.055 0.06 0.071 0.072 0.07 0.075 0.086 0.099 0.112 0.117 0.121 0.132 0.148 0.166 0.198 -9999 -9999 -9999 -9999 -9999 -9999 -9999 -9999 -9999 -9999 -9999 -9999 -9999 -9999 -9999 -9999 -9999 -9999 -9999 -9999 -9999 -9999 -9999
-9999 -9999 -9999 -9999 -9999 -9999 -9999 -9999 -9999 -9999 -9999 -9999 0.005 0.006 0.01 0.015 0.011 0.006 0.007 0.009 0.014 0.02 0.021 0.022 0.022 0.022 0.026 0.032 0.037 0.046 0.044 0.042 0.04 0.038 0.038 0.039 0.049 0.061 0.06 0.058 0.066 0.078 0.077 0.076 0.086 0.097 0.108 0.12 0.125 0.129 0.14 0.153 0.169 0.186 -9999 -9999 -9999 -9999 -9999 -9999 -9999 -9999 -9999 -9999 -9999 -9999 -9999 -9999 -9999 -9999 -9999 -9999 -9999 -9999 -9999 -9999 -9999
-9999 -9999 -9999 -9999 -9999 -9999 -9999 -9999 -9999 -9999 -9999 0.011 0.01 0.003 0.006 0.008 0.005 0.007 0.008 0.013 0.018 0.023 0.025 0.03 0.027 0.017 0.021 0.029 0.031 0.032 0.033 0.045 0.042 0.042 0.042 0.043 0.047 0.046 0.047 0.057 0.064 0.075 0.075 0.076 0.088 0.106 0.115 0.121 0.135 0.147 0.156 0.167 0.173 0.186 0.203 -9999 -9999 -9999 -9999 -9999 -9999 -9999 -9999 -9999 -9999 -9999 -9999 -9999 -9999 -9999 -9999 -9999 -9999 -9999 -9999 -9999 -9999
-9999 -9999 -9999 -9999 -9999 -9999 -9999 -9999 -9999 -9999 0.008 0.013 0.01 0.003 0.005 0.007 0.008 0.009 0.013 0.017 0.021 0.026 0.03 0.035 0.027 0.019 0.025 0.032 0.031 0.031 0.039 0.049 0.048 0.047 0.047 0.047 0.045 0.043 0.05 0.06 0.066 0.079 0.081 0.083 0.098 0.115 0.12 0.126 0.141 0.157 0.165 0.174 0.179 0.185 0.198 -9999 -9999 -9999 -9999 -9999 -9999 -9999 -9999 -9999 -9999 -9999 -9999 -9999 -9999 -9999 -9999 -9999 -9999 -9999 -9999 -9999 -9999
-9999 -9999 -9999 -9999 -9999 -9999 -9999 -9999 -9999 -9999 0.008 0.005 0.002 0.002 0.005 0.012 0.012 0.011 0.015 0.019 0.021 0.021 0.023 0.025 0.02 0.018 0.024 0.033 0.031 0.026 0.034 0.045 0.043 0.042 0.044 0.053 0.053 0.056 0.059 0.056 0.065 0.077 0.08 0.088 0.101 0.114 0.123 0.14 0.144 0.154 0.163 0.172 0.183 0.192 0.208 -9999 -9999 -9999 -9999 -9999 -9999 -9999 -9999 -9999 -9999 -9999 -9999 -9999 -9999 -9999 -9999 -9999 -9999 -9999 -9999 -9999 -9999
-9999 -9999 -9999 -9999 -9999 -9999 -9999 -9999 -9999 -0.001 0.0 0.002 0.003 0.003 0.009 0.016 0.015 0.014 0.018 0.022 0.022 0.022 0.022 0.024 0.022 0.02 0.027 0.036 0.031 0.026 0.035 0.047 0.045 0.044 0.05 0.058 0.061 0.065 0.061 0.06 0.07 0.081 0.088 0.095 0.105 0.116 0.13 0.147 0.151 0.155 0.163 0.172 0.183 0.195 0.211 0.215 -9999 -9999 -9999 -9999 -9999 -9999 -9999 -9999 -9999 -9999 -9999 -9999 -9999 -9999 -9999 -9999 -9999 -9999 -9999 -9999 -9999
-9999 -9999 -9999 -9999 -9999 -9999 -9999 -9999 -0.008 -9999 -0.009 -0.012 -0.011 -0.005 0.001 0.009 0.007 0.003 0.006 0.015 0.02 0.036 0.034 0.024 0.02 0.013 0.021 0.034 0.032 0.037 0.046 0.052 0.051 0.048 0.053 0.052 0.053 0.053 0.049 0.052 0.061 0.071 0.08 0.097 0.104 0.109 0.121 0.133 0.145 0.153 0.163 0.174 0.179 0.188 0.204 0.224 -9999 -9999 -9999 -9999 -9999 -9999 -9999 -9999 -9999 -9999 -9999 -9999 -9999 -9999 -9999 -9999 -9999 -9999 -9999 -9999 -9999
