Validation/Results/raw data/ReClimate_02_2024_2weatherlogisticsltd.asc
NCOLS 192
NROWS 249
XLLCENTER -225160.85627316462
YLLCENTER 29788.11610251502
CELLSIZE 5000.0
NODATA_VALUE -9999
[rows 170 to 203 of 249, columns 75 to 149 of 192]
-9999 -9999 -9999 -9999 -9999 -9999 -9999 -9999 -9999 -9999 -9999 -9999 -9999 -9999 -9999 -9999 -9999 105.043 104.515 -9999 -9999 -9999 -9999 -9999 -9999 -9999 -9999 -9999 -9999 -9999 -9999 -9999 -9999 -9999 -9999 -9999 99.188 99.076 98.971 98.874 98.785 98.717 98.665 98.627 98.6 98.594 98.631 98.707 98.808 98.909 99.01 99.102 99.186 99.266 99.343 99.416 99.486 99.551 99.611 99.669 99.727 99.787 99.85 99.918 100.016 100.132 100.257 100.402 100.52 100.614 100.707 100.804 100.907 101.016 101.135
-9999 -9999 -9999 -9999 -9999 -9999 -9999 -9999 -9999 -9999 -9999 -9999 -9999 -9999 -9999 -9999 -9999 105.074 104.542 104.057 -9999 -9999 -9999 -9999 -9999 -9999 -9999 -9999 -9999 -9999 -9999 -9999 -9999 -9999 -9999 99.396 99.282 99.166 99.058 98.957 98.867 98.799 98.742 98.69 98.646 98.616 98.621 98.695 98.804 98.914 99.017 99.112 99.199 99.28 99.359 99.436 99.512 99.579 99.639 99.697 99.756 99.818 99.899 100.004 100.121 100.259 100.404 100.558 100.709 100.821 100.923 101.03 101.143 101.265 101.399
-9999 -9999 -9999 -9999 -9999 -9999 -9999 -9999 -9999 -9999 -9999 -9999 -9999 -9999 -9999 -9999 105.466 105.007 104.512 104.054 103.632 -9999 -9999 -9999 -9999 -9999 -9999 -9999 -9999 -9999 -9999 -9999 99.943 -9999 -9999 99.496 99.369 99.249 99.138 99.034 -9999 98.874 98.815 98.759 98.707 98.659 98.641 98.683 98.791 98.897 99.001 99.103 99.197 99.282 99.364 99.444 99.521 99.592 99.655 99.716 99.778 99.872 99.985 100.112 100.252 100.398 100.55 100.712 100.885 101.027 101.14 101.256 101.38 101.515 101.664
-9999 -9999 -9999 -9999 -9999 -9999 -9999 -9999 -9999 -9999 -9999 -9999 -9999 -9999 -9999 -9999 105.386 104.963 104.493 104.056 103.646 103.261 102.895 -9999 -9999 -9999 101.554 101.25 -9999 100.704 100.438 100.194 99.988 99.827 -9999 -9999 99.421 99.303 -9999 -9999 98.999 98.929 98.867 98.81 98.755 98.704 98.672 98.702 98.776 98.878 98.98 99.082 99.182 99.279 99.367 99.449 99.527 99.6 99.668 99.74 99.842 99.958 100.095 100.236 100.383 100.536 100.696 100.867 101.049 101.224 101.357 101.484 101.619 101.768 101.935
-9999 -9999 -9999 -9999 -9999 -9999 -9999 -9999 -9999 -9999 -9999 -9999 -9999 -9999 -9999 -9999 -9999 104.925 104.477 104.059 103.666 103.295 -9999 -9999 102.283 101.957 101.649 101.344 101.052 100.782 100.518 100.273 100.059 99.874 99.72 -9999 99.458 99.34 99.232 99.138 99.061 98.997 98.938 98.879 98.82 98.764 98.723 98.73 98.788 98.863 98.964 99.063 99.162 99.26 99.356 99.448 99.532 99.609 99.693 99.802 99.927 100.069 100.212 100.36 100.514 100.674 100.843 101.022 101.214 101.416 101.578 101.715 101.864 102.029 102.214
-9999 -9999 -9999 -9999 -9999 -9999 -9999 -9999 -9999 -9999 -9999 -9999 -9999 -9999 -9999 -9999 -9999 104.9 104.463 104.063 103.686 103.328 102.987 102.659 102.342 102.035 101.732 101.434 101.145 100.871 100.612 100.367 100.143 99.949 99.787 99.67 99.571 99.476 99.387 99.301 99.225 99.162 99.101 99.04 98.98 98.921 98.877 98.869 98.888 98.923 98.975 99.048 99.144 99.241 99.337 99.431 99.522 99.622 99.748 99.886 100.033 100.181 100.331 100.486 100.647 100.815 100.992 101.181 101.382 101.6 101.797 101.952 102.116 102.3 102.513
-9999 -9999 -9999 -9999 -9999 -9999 -9999 -9999 -9999 -9999 -9999 -9999 -9999 -9999 -9999 -9999 -9999 -9999 104.466 104.072 103.709 103.363 103.033 102.714 102.406 102.106 101.812 101.521 101.235 100.961 100.702 100.472 100.298 100.136 99.997 99.872 99.761 99.669 99.58 99.492 99.414 99.347 99.285 99.224 99.165 99.108 99.062 99.047 99.05 99.058 99.072 99.119 99.178 99.237 99.319 99.413 99.516 99.648 99.799 99.963 100.123 100.284 100.449 100.614 100.783 100.959 101.145 101.343 101.556 101.786 102.015 102.201 102.382 102.579 102.826
-9999 -9999 -9999 -9999 -9999 -9999 -9999 -9999 -9999 -9999 -9999 -9999 -9999 -9999 -9999 -9999 -9999 -9999 -9999 -9999 103.736 103.402 103.081 102.771 102.47 102.177 101.89 101.605 101.327 101.077 100.874 100.701 100.54 100.386 100.236 100.094 99.966 99.852 99.759 99.669 99.588 99.52 99.457 99.396 99.338 99.282 99.239 99.225 99.225 99.224 99.231 99.248 99.292 99.334 99.371 99.425 99.538 99.691 99.859 100.026 100.193 100.361 100.532 100.707 100.887 101.074 101.27 101.478 101.701 101.94 102.192 102.4 102.582 102.789 103.066
-9999 -9999 -9999 -9999 -9999 -9999 -9999 -9999 -9999 -9999 -9999 -9999 -9999 -9999 -9999 -9999 -9999 -9999 -9999 104.112 103.77 103.445 103.132 102.83 102.536 102.249 101.967 101.706 101.497 101.305 101.119 100.943 100.776 100.616 100.461 100.311 100.168 100.039 99.927 99.834 99.751 99.68 99.616 99.556 99.5 99.445 99.405 99.395 99.392 99.389 99.384 99.383 99.415 99.462 99.509 99.585 99.681 99.809 99.968 100.14 100.311 100.481 100.653 100.827 101.007 101.192 101.385 101.589 101.812 102.059 102.332 102.565 102.754 102.99 103.293
-9999 -9999 -9999 -9999 -9999 -9999 -9999 -9999 -9999 -9999 -9999 -9999 -9999 -9999 -9999 -9999 -9999 -9999 104.485 104.147 103.812 103.494 103.189 102.893 102.605 102.333 102.101 101.917 101.73 101.54 101.351 101.17 100.998 100.833 100.673 100.518 100.367 100.224 100.097 99.989 99.903 99.83 99.766 99.707 99.651 99.599 99.564 99.557 99.554 99.549 99.547 99.561 99.586 99.633 99.709 99.806 99.924 100.038 100.146 100.286 100.452 100.625 100.799 100.976 101.158 101.345 101.541 101.747 101.966 102.207 102.473 102.725 102.929 103.197 103.537
-9999 -9999 -9999 -9999 -9999 -9999 -9999 -9999 -9999 -9999 -9999 -9999 -9999 -9999 -9999 -9999 -9999 104.829 104.54 104.191 103.863 103.551 103.251 102.961 102.695 102.496 102.314 102.133 101.949 101.761 101.572 101.387 101.21 101.039 100.874 100.714 100.559 100.409 100.268 100.144 100.046 99.97 99.906 99.848 99.795 99.746 99.717 99.716 99.723 99.737 99.755 99.768 99.781 99.834 99.929 100.048 100.168 100.283 100.392 100.496 100.611 100.77 100.948 101.129 101.315 101.508 101.71 101.924 102.153 102.401 102.674 102.933 103.159 103.43 103.789
-9999 -9999 -9999 -9999 -9999 -9999 -9999 -9999 -9999 -9999 -9999 -9999 -9999 -9999 -9999 105.406 105.113 104.862 104.576 104.247 103.923 103.616 103.324 103.065 102.878 102.696 102.516 102.338 102.158 101.974 101.784 101.598 101.415 101.239 101.069 100.904 100.744 100.588 100.437 100.3 100.183 100.101 100.037 99.983 99.933 99.891 99.883 99.906 99.931 99.953 99.971 99.983 99.991 100.048 100.158 100.284 100.405 100.521 100.632 100.739 100.841 100.943 101.099 101.283 101.474 101.674 101.884 102.107 102.347 102.607 102.894 103.178 103.44 103.73 104.077
-9999 -9999 -9999 -9999 -9999 -9999 -9999 -9999 -9999 -9999 -9999 -9999 -9999 -9999 105.122 105.375 105.117 104.88 -9999 -9999 -9999 -9999 103.482 103.251 103.068 102.889 102.712 102.535 102.358 102.177 101.99 101.802 101.617 101.436 101.261 101.091 100.925 100.764 100.607 100.456 100.326 100.226 100.162 100.112 100.074 100.065 100.088 100.118 100.144 100.165 100.182 100.195 100.219 100.276 100.39 100.516 100.637 100.753 100.866 100.976 101.081 101.184 101.286 101.444 101.637 101.845 102.064 102.297 102.549 102.823 103.126 103.433 103.732 104.054 104.411
-9999 -9999 -9999 -9999 -9999 -9999 -9999 -9999 -9999 -9999 -9999 -9999 -9999 -9999 105.43 105.387 105.136 -9999 -9999 -9999 -9999 -9999 103.671 103.435 103.254 103.077 102.902 102.728 102.553 102.375 102.191 102.002 101.816 101.632 101.452 101.277 101.107 100.939 100.776 100.617 100.468 100.352 100.284 100.256 100.255 100.266 100.298 100.328 100.354 100.375 100.392 100.404 100.447 100.518 100.621 100.744 100.865 100.982 101.096 101.208 101.317 101.424 101.531 101.642 101.811 102.022 102.251 102.496 102.761 103.05 103.37 103.711 103.921 104.1 104.603
-9999 -9999 -9999 -9999 -9999 -9999 -9999 -9999 -9999 -9999 -9999 -9999 -9999 -9999 -9999 -9999 105.237 -9999 -9999 -9999 -9999 -9999 103.851 103.617 103.438 103.263 103.093 102.934 102.779 102.619 102.451 102.271 102.089 101.908 101.727 101.545 101.365 101.185 101.005 100.825 100.646 100.498 100.432 100.443 100.452 100.475 100.51 100.54 100.565 100.586 100.602 100.629 100.682 100.764 100.855 100.971 101.092 101.209 101.324 101.437 101.549 101.661 101.776 101.895 102.025 102.246 102.521 102.811 103.118 103.447 103.803 104.187 104.411 104.596 104.971
-9999 -9999 -9999 -9999 -9999 -9999 -9999 -9999 -9999 -9999 -9999 -9999 -9999 -9999 -9999 -9999 -9999 -9999 -9999 -9999 -9999 -9999 104.072 103.803 103.646 103.497 103.352 103.208 103.061 102.91 102.748 102.574 102.393 102.212 102.03 101.846 101.66 101.474 101.287 101.099 100.916 100.782 100.719 100.691 100.679 100.695 100.728 100.757 100.78 100.8 100.814 100.856 100.925 101.008 101.091 101.198 101.319 101.437 101.553 101.668 101.784 101.918 102.083 102.263 102.447 102.644 102.928 103.249 103.587 103.948 104.338 104.759 105.138 105.372 105.633
-9999 -9999 -9999 -9999 -9999 -9999 -9999 -9999 -9999 -9999 -9999 -9999 -9999 -9999 -9999 -9999 -9999 -9999 -9999 -9999 -9999 -9999 -9999 104.054 103.914 103.774 103.633 103.49 103.344 103.195 103.038 102.869 102.688 102.507 102.326 102.144 101.961 101.776 101.591 101.413 101.266 101.147 101.061 101.002 100.98 100.983 100.98 100.981 101.001 101.018 101.034 101.088 101.17 101.252 101.331 101.43 101.549 101.668 101.786 101.939 102.117 102.301 102.497 102.709 102.929 103.157 103.408 103.732 104.091 104.475 104.889 105.318 105.704 105.987 106.225
-9999 -9999 -9999 -9999 -9999 -9999 -9999 -9999 -9999 -9999 -9999 -9999 -9999 -9999 -9999 -9999 -9999 -9999 -9999 -9999 -9999 -9999 104.528 104.321 104.18 104.041 103.901 103.76 103.616 103.469 103.317 103.152 102.977 102.796 102.617 102.439 102.26 102.081 101.908 101.762 101.633 101.518 101.421 101.353 101.324 101.306 101.285 101.272 101.255 101.243 101.273 101.332 101.416 101.498 101.577 101.668 101.784 101.941 102.126 102.315 102.525 102.74 102.959 103.185 103.419 103.665 103.926 104.231 104.603 105.001 105.423 105.858 106.22 106.482 106.697
-9999 -9999 -9999 -9999 -9999 -9999 -9999 -9999 -9999 -9999 -9999 -9999 -9999 -9999 -9999 -9999 -9999 -9999 -9999 -9999 -9999 -9999 104.779 104.577 104.436 104.298 104.16 104.02 103.878 103.733 103.585 103.427 103.256 103.081 102.905 102.73 102.556 102.388 102.244 102.117 101.996 101.884 101.785 101.713 101.674 101.648 101.621 101.59 101.554 101.528 101.522 101.584 101.667 101.747 101.826 101.936 102.111 102.308 102.525 102.746 102.968 103.192 103.422 103.66 103.909 104.172 104.453 104.752 105.109 105.515 105.949 106.382 106.708 106.939 107.148
-9999 -9999 -9999 -9999 -9999 -9999 -9999 -9999 -9999 -9999 -9999 -9999 -9999 -9999 -9999 -9999 -9999 -9999 -9999 -9999 -9999 -9999 105.02 104.823 104.684 104.547 104.41 104.272 104.132 103.99 103.846 103.693 103.53 103.363 103.19 103.019 102.854 102.708 102.584 102.464 102.351 102.245 102.149 102.079 102.027 101.993 101.959 101.923 101.884 101.84 101.83 101.857 101.923 102.002 102.13 102.296 102.498 102.729 102.957 103.184 103.413 103.646 103.887 104.137 104.401 104.677 104.966 105.275 105.618 106.025 106.474 106.868 107.162 107.372 107.58
-9999 -9999 -9999 -9999 -9999 -9999 -9999 -9999 -9999 -9999 -9999 -9999 -9999 -9999 -9999 -9999 -9999 -9999 -9999 -9999 -9999 -9999 -9999 105.061 104.924 104.789 104.654 104.518 104.379 104.24 104.099 103.952 103.796 103.636 103.475 103.309 103.158 103.035 102.917 102.803 102.696 102.596 102.512 102.442 102.387 102.342 102.302 102.26 102.217 102.175 102.172 102.194 102.222 102.341 102.506 102.705 102.926 103.159 103.392 103.625 103.862 104.105 104.355 104.612 104.88 105.163 105.464 105.786 106.137 106.542 106.984 107.338 107.582 107.789 107.996
-9999 -9999 -9999 -9999 -9999 -9999 -9999 -9999 -9999 -9999 -9999 -9999 -9999 -9999 -9999 -9999 -9999 -9999 -9999 -9999 -9999 -9999 -9999 105.262 105.158 105.025 104.893 104.757 104.621 104.483 104.346 104.205 104.056 103.905 103.751 103.602 103.475 103.357 103.244 103.136 103.034 102.942 102.868 102.799 102.738 102.688 102.644 102.6 102.554 102.517 102.518 102.557 102.647 102.763 102.937 103.136 103.357 103.595 103.832 104.069 104.309 104.554 104.808 105.073 105.349 105.641 105.954 106.292 106.661 107.061 107.464 107.776 107.988 108.193 108.399
-9999 -9999 -9999 -9999 -9999 -9999 -9999 -9999 -9999 -9999 -9999 -9999 -9999 -9999 -9999 -9999 -9999 -9999 -9999 -9999 -9999 -9999 105.528 105.454 105.366 105.258 105.127 104.992 104.856 104.721 104.587 104.453 104.313 104.166 104.024 103.899 103.787 103.674 103.566 103.463 103.368 103.288 103.215 103.146 103.083 103.029 102.983 102.935 102.886 102.854 102.868 102.974 103.098 103.247 103.396 103.568 103.783 104.021 104.26 104.5 104.745 104.996 105.256 105.527 105.814 106.118 106.444 106.798 107.18 107.558 107.91 108.184 108.384 108.586 108.79
-9999 -9999 -9999 -9999 -9999 -9999 -9999 -9999 -9999 -9999 -9999 -9999 -9999 -9999 -9999 -9999 -9999 -9999 -9999 -9999 -9999 -9999 105.7 105.64 105.571 105.485 105.375 105.234 105.093 104.955 104.823 104.696 104.564 104.425 104.296 104.192 104.09 103.989 103.885 103.788 103.704 103.628 103.556 103.487 103.422 103.366 103.319 103.268 103.217 103.194 103.261 103.412 103.562 103.712 103.864 104.017 104.209 104.443 104.684 104.928 105.178 105.436 105.704 105.985 106.282 106.598 106.939 107.305 107.664 108.035 108.34 108.575 108.77 108.97 109.172
-9999 -9999 -9999 -9999 -9999 -9999 -9999 -9999 -9999 -9999 -9999 -9999 -9999 -9999 -9999 -9999 -9999 -9999 -9999 -9999 -9999 -9999 105.882 105.82 105.757 105.688 105.594 105.475 105.336 105.2 105.07 104.942 104.811 104.683 104.572 104.477 104.384 104.293 104.204 104.12 104.043 103.97 103.899 103.83 103.761 103.702 103.653 103.603 103.553 103.571 103.714 103.863 104.013 104.165 104.319 104.477 104.651 104.869 105.11 105.36 105.616 105.881 106.157 106.447 106.755 107.085 107.433 107.775 108.128 108.49 108.767 108.96 109.149 109.346 109.545
-9999 -9999 -9999 -9999 -9999 -9999 -9999 -9999 -9999 -9999 -9999 -9999 -9999 -9999 -9999 -9999 -9999 -9999 -9999 -9999 -9999 106.119 106.056 105.989 105.924 105.858 105.78 105.684 105.577 105.447 105.32 105.196 105.074 104.957 104.859 104.772 104.692 104.616 104.544 104.476 104.403 104.332 104.263 104.195 104.127 104.066 104.013 103.959 103.929 104.024 104.158 104.305 104.455 104.609 104.767 104.931 105.111 105.309 105.543 105.797 106.059 106.332 106.617 106.917 107.237 107.567 107.893 108.227 108.571 108.906 109.169 109.338 109.522 109.715 109.91
-9999 -9999 -9999 -9999 -9999 -9999 -9999 -9999 -9999 -9999 -9999 -9999 -9999 -9999 -9999 -9999 -9999 -9999 -9999 -9999 106.394 106.293 106.22 106.151 106.084 106.016 105.945 105.87 105.78 105.684 105.572 105.464 105.359 105.265 105.178 105.091 105.011 104.944 104.883 104.822 104.761 104.697 104.63 104.564 104.498 104.437 104.382 104.344 104.395 104.492 104.618 104.754 104.895 105.047 105.209 105.38 105.566 105.771 105.989 106.241 106.511 106.791 107.086 107.397 107.707 108.016 108.334 108.663 109.019 109.318 109.539 109.71 109.892 110.08 110.236
-9999 -9999 -9999 -9999 -9999 -9999 -9999 -9999 -9999 -9999 -9999 -9999 -9999 -9999 -9999 -9999 -9999 -9999 106.757 106.646 106.539 106.456 106.381 106.31 106.242 106.174 106.105 106.035 105.968 105.899 105.827 105.746 105.656 105.579 105.501 105.415 105.339 105.269 105.207 105.153 105.1 105.045 104.99 104.927 104.863 104.803 104.756 104.777 104.855 104.957 105.085 105.217 105.357 105.505 105.664 105.839 106.033 106.244 106.465 106.708 106.979 107.265 107.563 107.852 108.147 108.449 108.765 109.105 109.451 109.718 109.902 110.079 110.244 110.386 110.517
-9999 -9999 -9999 -9999 -9999 -9999 -9999 -9999 -9999 -9999 -9999 -9999 -9999 -9999 -9999 -9999 -9999 107.012 106.897 106.794 106.701 106.618 106.541 106.469 106.399 106.332 106.268 106.212 106.162 106.11 106.056 105.993 105.937 105.882 105.812 105.738 105.662 105.592 105.529 105.472 105.424 105.377 105.328 105.277 105.222 105.164 105.144 105.218 105.299 105.407 105.552 105.693 105.836 105.988 106.148 106.318 106.507 106.719 106.946 107.187 107.456 107.726 107.995 108.275 108.558 108.862 109.189 109.546 109.854 110.089 110.251 110.407 110.545 110.66 110.763
-9999 -9999 -9999 -9999 -9999 -9999 -9999 -9999 -9999 -9999 -9999 -9999 -9999 -9999 107.433 107.415 107.315 107.182 107.065 106.961 106.868 106.782 106.703 106.628 106.56 106.5 106.451 106.403 106.355 106.308 106.261 106.216 106.178 106.144 106.105 106.05 105.978 105.911 105.848 105.791 105.74 105.695 105.652 105.608 105.559 105.522 105.569 105.654 105.744 105.86 106.005 106.16 106.31 106.464 106.626 106.801 106.99 107.195 107.42 107.649 107.884 108.141 108.399 108.67 108.958 109.268 109.603 109.943 110.201 110.375 110.534 110.689 110.812 110.91 111.004
-9999 -9999 -9999 -9999 -9999 -9999 -9999 -9999 -9999 -9999 -9999 -9999 107.39 107.461 107.525 107.547 107.508 107.369 107.244 107.135 107.037 106.948 106.866 106.793 106.736 106.686 106.638 106.592 106.546 106.502 106.459 106.42 106.393 106.371 106.347 106.312 106.271 106.22 106.161 106.105 106.055 106.009 105.967 105.926 105.885 105.893 105.988 106.087 106.189 106.31 106.454 106.613 106.779 106.941 107.107 107.284 107.469 107.656 107.85 108.06 108.283 108.526 108.785 109.061 109.354 109.662 109.987 110.248 110.448 110.595 110.75 110.908 111.048 111.153 111.241
-9999 -9999 -9999 -9999 -9999 -9999 -9999 -9999 107.28 107.331 107.391 107.451 107.49 107.542 107.6 107.655 107.637 107.564 107.431 107.314 107.211 107.118 107.038 106.978 106.923 106.873 106.825 106.779 106.735 106.692 106.651 106.616 106.593 106.574 106.556 106.538 106.514 106.476 106.435 106.398 106.36 106.322 106.282 106.253 106.24 106.303 106.398 106.497 106.602 106.722 106.868 107.032 107.203 107.376 107.546 107.714 107.887 108.067 108.254 108.452 108.664 108.899 109.15 109.416 109.7 110.006 110.28 110.495 110.642 110.788 110.94 111.093 111.229 111.344 111.449
-9999 -9999 -9999 -9999 -9999 -9999 -9999 107.339 107.399 107.452 107.495 107.529 107.566 107.619 107.675 107.726 107.756 107.726 107.626 107.501 107.391 107.3 107.231 107.168 107.112 107.059 107.01 106.963 106.919 106.876 106.836 106.805 106.785 106.768 106.752 106.739 106.723 106.703 106.673 106.645 106.621 106.599 106.584 106.566 106.582 106.668 106.761 106.857 106.959 107.072 107.204 107.36 107.522 107.692 107.866 108.046 108.223 108.402 108.588 108.787 109.001 109.232 109.48 109.742 110.023 110.307 110.524 110.686 110.826 110.972 111.113 111.254 111.387 111.496 111.598
-9999 -9999 -9999 -9999 -9999 -9999 107.354 107.424 107.483 107.531 107.571 107.606 107.645 107.696 107.748 107.796 107.841 107.851 107.813 107.697 107.586 107.502 107.427 107.359 107.298 107.242 107.19 107.142 107.098 107.057 107.019 106.991 106.972 106.955 106.941 106.928 106.919 106.906 106.895 106.878 106.868 106.864 106.855 106.842 106.881 106.969 107.058 107.152 107.251 107.358 107.485 107.635 107.792 107.956 108.128 108.308 108.495 108.688 108.886 109.089 109.304 109.538 109.789 110.053 110.336 110.553 110.725 110.858 110.996 111.134 111.271 111.405 111.534 111.64 111.736
