Validation/Results/raw data/ReClimate_08_2024_1_Temperatureweatherlogisticsltd.asc
NCOLS 192
NROWS 249
XLLCENTER -225160.85627316462
YLLCENTER 29788.11610251502
CELLSIZE 5000.0
NODATA_VALUE -9999
[rows 136 to 169 of 249, columns 75 to 149 of 192]
-0.06 -9999 -9999 -9999 -9999 -9999 -9999 -9999 -9999 -9999 -0.09 -9999 -0.113 -0.14 -0.131 -0.119 -0.148 -0.181 -0.163 -0.142 -0.165 -0.193 -0.18 -0.164 -0.179 -0.197 -0.185 -0.168 -0.156 -0.143 -9999 -9999 -9999 -9999 -9999 -9999 -0.155 -0.152 -0.138 -0.123 -0.124 -0.125 -0.113 -0.101 -0.088 -0.076 -0.068 -0.061 -0.069 -0.081 -0.081 -0.084 -0.057 -0.027 -0.018 -0.011 -0.009 -0.015 -0.016 -9999 -9999 -9999 -9999 -9999 -9999 -9999 -9999 -9999 -9999 -9999 -9999 -9999 -9999 -9999 -9999
-0.058 -0.065 -9999 -9999 -9999 -9999 -9999 -9999 -9999 -9999 -0.096 -0.095 -0.101 -0.085 -0.089 -0.114 -0.132 -0.14 -0.13 -0.136 -0.165 -0.203 -0.189 -0.167 -0.177 -0.182 -0.175 -0.173 -0.162 -0.154 -9999 -9999 -9999 -9999 -0.163 -0.15 -0.145 -0.141 -0.13 -0.126 -0.123 -0.116 -0.104 -0.094 -0.079 -0.062 -0.054 -0.048 -0.053 -0.059 -0.05 -0.047 -0.042 -0.025 -0.019 -0.013 -0.001 -0.003 -0.007 -9999 -9999 -9999 -9999 -9999 -9999 -9999 -9999 -9999 -9999 -9999 -9999 -9999 -9999 -9999 -9999
-0.061 -0.068 -0.073 -9999 -9999 -9999 -9999 -9999 -9999 -9999 -0.099 -0.1 -0.084 -9999 -9999 -0.116 -0.121 -0.128 -0.131 -9999 -0.171 -0.21 -0.192 -0.171 -0.175 -0.18 -0.18 -0.177 -9999 -9999 -9999 -9999 -9999 -0.163 -0.157 -0.149 -0.143 -0.137 -0.133 -0.128 -0.121 -0.113 -0.102 -0.093 -0.076 -0.059 -0.052 -0.046 -0.047 -0.051 -0.043 -0.037 -0.03 -0.026 -0.02 -0.016 -0.005 0.005 -0.0 -9999 -9999 -9999 -9999 -9999 -9999 -9999 -9999 -9999 -9999 -9999 -9999 -9999 -9999 -9999 -9999
-0.056 -0.054 -0.065 -9999 -9999 -9999 -9999 -9999 -9999 -9999 -9999 -0.127 -0.125 -9999 -9999 -9999 -0.144 -0.137 -0.139 -0.142 -9999 -9999 -0.17 -0.151 -0.157 -0.161 -0.159 -9999 -9999 -9999 -9999 -9999 -0.142 -0.141 -0.134 -0.132 -0.131 -0.144 -0.139 -0.13 -0.113 -0.082 -0.074 -0.078 -0.06 -0.044 -0.045 -0.068 -0.065 -0.052 -0.03 -0.015 -0.02 -0.023 -0.008 0.001 0.002 0.006 0.01 -9999 -9999 -9999 -9999 -9999 -9999 -9999 -9999 -9999 -9999 -9999 -9999 -9999 -9999 -9999 -9999
-0.056 -0.054 -9999 -9999 -9999 -9999 -9999 -9999 -9999 -9999 -9999 -9999 -0.166 -9999 -9999 -9999 -9999 -0.144 -0.145 -0.147 -9999 -9999 -9999 -0.151 -0.157 -9999 -9999 -9999 -9999 -9999 -9999 -9999 -0.144 -0.133 -0.129 -0.127 -0.135 -0.148 -0.14 -0.131 -0.102 -0.071 -0.071 -0.073 -0.056 -0.04 -0.055 -0.078 -0.066 -0.054 -0.032 -0.01 -0.014 -0.023 -0.01 0.004 0.005 0.004 0.007 -9999 -9999 -9999 -9999 -9999 -9999 -9999 -9999 -9999 -9999 -9999 -9999 -9999 -9999 -9999 -9999
-0.06 -9999 -9999 -9999 -9999 -9999 -9999 -9999 -9999 -9999 -9999 -9999 -0.171 -9999 -9999 -9999 -9999 -9999 -0.156 -0.163 -9999 -9999 -9999 -9999 -9999 -9999 -9999 -9999 -9999 -9999 -9999 -9999 -0.148 -0.127 -0.127 -0.137 -0.145 -0.157 -0.148 -0.132 -0.109 -0.091 -0.091 -0.089 -0.074 -0.057 -0.064 -0.06 -0.049 -0.043 -0.029 -0.012 -0.009 -0.013 0.001 0.016 0.016 0.014 0.027 0.016 -9999 -9999 -9999 -9999 -9999 -9999 -9999 -9999 -9999 -9999 -9999 -9999 -9999 -9999 -9999
-9999 -0.064 -0.064 -0.074 -0.074 -9999 -9999 -9999 -9999 -9999 -9999 -9999 -0.178 -9999 -9999 -9999 -9999 -9999 -9999 -9999 -9999 -9999 -9999 -9999 -9999 -9999 -9999 -9999 -9999 -9999 -9999 -0.157 -0.143 -0.126 -0.133 -0.142 -0.15 -0.161 -0.149 -0.133 -0.117 -0.101 -0.098 -0.096 -0.081 -0.065 -0.058 -0.054 -0.047 -0.04 -0.028 -0.015 -0.013 -0.013 0.001 0.016 0.016 0.013 0.027 0.041 0.035 -9999 -9999 -9999 -9999 -9999 -9999 -9999 -9999 -9999 -9999 -9999 -9999 -9999 -9999
-0.06 -0.065 -0.062 -0.057 -0.055 -9999 -9999 -9999 -9999 -9999 -9999 -9999 -9999 -9999 -9999 -9999 -9999 -9999 -9999 -9999 -9999 -9999 -9999 -9999 -9999 -9999 -9999 -9999 -9999 -9999 -0.14 -0.139 -0.138 -0.168 -0.161 -0.126 -0.135 -0.152 -0.137 -0.115 -0.102 -0.096 -0.093 -0.091 -0.079 -0.067 -0.058 -0.044 -0.038 -0.037 -0.027 -0.02 -0.006 0.0 0.006 0.016 0.028 0.033 0.027 0.03 0.043 -9999 -9999 -9999 -9999 -9999 -9999 -9999 -9999 -9999 -9999 -9999 -9999 -9999 -9999
-0.066 -0.07 -0.063 -9999 -0.057 -0.07 -9999 -9999 -9999 -9999 -9999 -9999 -9999 -9999 -9999 -9999 -9999 -9999 -9999 -9999 -9999 -9999 -9999 -9999 -9999 -9999 -9999 -9999 -9999 -9999 -0.149 -0.132 -0.155 -0.185 -0.155 -0.121 -0.133 -0.149 -0.13 -0.109 -0.101 -0.095 -0.092 -0.091 -0.081 -0.07 -0.056 -0.043 -0.04 -0.039 -0.031 -0.025 -0.012 0.001 0.008 0.013 0.024 0.035 0.031 0.021 0.034 0.045 0.041 -9999 -9999 -9999 -9999 -9999 -9999 -9999 -9999 -9999 -9999 -9999 -9999
-0.077 -0.071 -0.068 -9999 -9999 -0.074 -9999 -9999 -9999 -9999 -9999 -9999 -9999 -9999 -9999 -9999 -9999 -9999 -9999 -9999 -9999 -9999 -9999 -9999 -9999 -9999 -9999 -9999 -9999 -9999 -0.169 -0.154 -0.167 -0.163 -0.135 -0.109 -0.114 -0.117 -0.101 -0.091 -0.085 -0.089 -0.082 -0.071 -0.062 -0.057 -0.045 -0.038 -0.034 -0.032 -0.028 -0.025 -0.015 -0.004 0.009 0.018 0.026 0.035 0.041 0.039 0.042 0.047 0.049 0.039 0.044 0.045 -9999 -9999 -9999 -9999 -9999 -9999 -9999 -9999 -9999
-0.083 -0.077 -0.08 -0.085 -9999 -0.085 -9999 -9999 -9999 -9999 -9999 -9999 -9999 -9999 -9999 -9999 -9999 -9999 -9999 -9999 -9999 -9999 -9999 -9999 -9999 -9999 -9999 -9999 -9999 -0.148 -0.162 -0.163 -0.158 -0.153 -0.13 -0.105 -0.104 -0.105 -0.096 -0.085 -0.085 -0.089 -0.077 -0.066 -0.06 -0.055 -0.047 -0.039 -0.034 -0.032 -0.028 -0.028 -0.019 -0.01 0.003 0.015 0.024 0.031 0.037 0.04 0.043 0.042 0.044 0.043 0.033 0.036 0.053 0.038 -9999 -9999 -9999 -9999 -9999 -9999 -9999
-0.073 -0.067 -0.067 -9999 -0.074 -9999 -9999 -9999 -9999 -9999 -9999 -9999 -9999 -9999 -9999 -9999 -9999 -9999 -9999 -9999 -9999 -9999 -9999 -9999 -9999 -9999 -9999 -9999 -9999 -9999 -0.145 -0.143 -0.134 -0.122 -0.114 -0.133 -0.125 -0.103 -0.095 -0.086 -0.085 -0.088 -0.073 -0.052 -0.048 -0.053 -0.043 -0.031 -0.03 -0.039 -0.025 -0.018 -0.011 -0.004 -0.001 0.007 0.02 0.029 0.035 0.038 0.039 0.038 0.044 0.046 0.055 0.057 0.053 0.056 0.04 -9999 -9999 -9999 -9999 -9999 -9999
-0.076 -0.07 -0.071 -0.073 -0.089 -9999 -9999 -9999 -9999 -9999 -9999 -9999 -9999 -9999 -9999 -9999 -9999 -9999 -9999 -9999 -9999 -9999 -9999 -9999 -9999 -9999 -9999 -9999 -9999 -9999 -9999 -0.136 -0.123 -0.11 -0.125 -0.143 -0.123 -0.103 -0.096 -0.087 -0.087 -0.09 -0.071 -0.049 -0.051 -0.055 -0.043 -0.031 -0.036 -0.044 -0.031 -0.019 -0.011 -0.006 -0.002 0.0 0.012 0.024 0.03 0.033 0.034 0.033 0.039 0.043 0.052 0.06 0.059 0.054 0.052 0.041 -9999 -9999 -9999 -9999 -9999
-0.068 -0.076 -0.082 -0.103 -9999 -9999 -9999 -9999 -9999 -9999 -9999 -9999 -9999 -9999 -9999 -9999 -9999 -9999 -9999 -9999 -9999 -9999 -9999 -9999 -9999 -9999 -9999 -9999 -9999 -9999 -9999 -0.136 -0.123 -0.1 -0.105 -0.1 -0.088 -0.093 -0.086 -0.075 -0.072 -0.068 -0.051 -0.043 -0.043 -0.045 -0.035 -0.029 -0.03 -0.028 -0.021 -0.026 -0.015 -0.006 -0.001 0.002 0.005 0.01 0.029 0.041 0.042 0.041 0.053 0.061 0.059 0.061 0.073 0.076 0.061 0.047 0.037 -9999 -9999 -9999 -9999
-0.079 -0.086 -0.102 -0.125 -9999 -9999 -9999 -9999 -9999 -9999 -9999 -9999 -9999 -9999 -9999 -9999 -9999 -9999 -9999 -9999 -9999 -9999 -9999 -9999 -9999 -9999 -9999 -9999 -9999 -9999 -9999 -9999 -0.119 -0.098 -0.091 -0.084 -0.086 -0.092 -0.083 -0.073 -0.066 -0.061 -0.052 -0.043 -0.042 -0.044 -0.037 -0.032 -0.028 -0.025 -0.027 -0.032 -0.021 -0.011 -0.004 0.0 0.003 0.002 0.02 0.039 0.041 0.039 0.051 0.062 0.061 0.056 0.068 0.079 0.065 0.044 0.044 -9999 -9999 -9999 -9999
-9999 -9999 -9999 -9999 -9999 -9999 -9999 -9999 -9999 -9999 -9999 -9999 -9999 -9999 -9999 -9999 -9999 -9999 -9999 -9999 -9999 -9999 -9999 -9999 -9999 -9999 -9999 -9999 -9999 -9999 -9999 -9999 -0.116 -0.095 -0.089 -0.088 -0.087 -0.081 -0.076 -0.072 -0.06 -0.04 -0.033 -0.036 -0.032 -0.027 -0.024 -0.03 -0.026 -0.025 -0.02 -0.02 -0.017 -0.009 -0.004 -0.001 0.011 0.017 0.027 0.041 0.037 0.033 0.047 0.06 0.063 0.061 0.061 0.066 0.072 0.064 0.063 0.051 -9999 -9999 -9999
-9999 -9999 -9999 -9999 -9999 -9999 -9999 -9999 -9999 -9999 -9999 -9999 -9999 -9999 -9999 -9999 -9999 -9999 -9999 -9999 -9999 -9999 -9999 -9999 -9999 -9999 -9999 -9999 -9999 -9999 -9999 -9999 -9999 -0.095 -0.093 -0.094 -0.087 -0.08 -0.078 -0.074 -0.055 -0.035 -0.034 -0.036 -0.029 -0.024 -0.026 -0.032 -0.03 -0.029 -0.024 -0.019 -0.014 -0.012 -0.007 -0.005 0.007 0.018 0.028 0.037 0.034 0.026 0.04 0.055 0.058 0.057 0.059 0.056 0.063 0.066 0.067 0.063 -9999 -9999 -9999
-9999 -9999 -9999 -9999 -9999 -9999 -9999 -9999 -9999 -9999 -9999 -9999 -9999 -9999 -9999 -9999 -9999 -9999 -9999 -9999 -9999 -9999 -9999 -9999 -9999 -9999 -9999 -9999 -9999 -9999 -9999 -9999 -9999 -0.101 -9999 -0.083 -0.079 -0.085 -0.083 -9999 -0.058 -0.037 -0.037 -0.043 -0.038 -0.037 -0.037 -0.034 -0.033 -0.039 -0.025 -0.016 -0.011 -0.009 0.001 0.007 0.022 0.037 0.045 0.055 0.055 0.05 0.051 0.058 0.071 0.078 0.081 0.081 0.082 0.084 0.086 0.085 0.08 -9999 -9999
-9999 -9999 -9999 -9999 -9999 -9999 -9999 -9999 -9999 -9999 -9999 -9999 -9999 -9999 -9999 -9999 -9999 -9999 -9999 -9999 -9999 -9999 -9999 -9999 -9999 -9999 -9999 -9999 -9999 -9999 -9999 -9999 -9999 -9999 -0.093 -0.081 -9999 -9999 -9999 -9999 -0.059 -0.041 -0.043 -0.049 -0.046 -0.045 -0.041 -0.038 -0.04 -0.045 -0.031 -0.018 -0.013 -0.011 -0.001 0.009 0.025 0.041 0.051 0.059 0.06 0.057 0.059 0.057 0.069 0.081 0.084 0.085 0.087 0.085 0.088 0.088 0.085 0.077 0.073
-9999 -9999 -9999 -9999 -9999 -9999 -9999 -9999 -9999 -9999 -9999 -9999 -9999 -9999 -9999 -9999 -9999 -9999 -9999 -9999 -9999 -9999 -9999 -9999 -9999 -9999 -9999 -9999 -9999 -9999 -9999 -9999 -9999 -9999 -0.09 -0.084 -9999 -9999 -9999 -9999 -0.051 -0.034 -0.035 -0.04 -0.035 -0.029 -0.033 -0.053 -0.051 -0.04 -0.023 -0.007 0.008 0.018 0.021 0.027 0.035 0.047 0.052 0.057 0.065 0.067 0.079 0.084 0.082 0.086 0.092 0.095 0.097 0.095 0.089 0.084 0.087 0.08 0.08
-9999 -9999 -9999 -9999 -9999 -9999 -9999 -9999 -9999 -9999 -9999 -9999 -9999 -9999 -9999 -9999 -9999 -9999 -9999 -9999 -9999 -9999 -9999 -9999 -9999 -9999 -9999 -9999 -9999 -9999 -9999 -9999 -9999 -9999 -0.084 -9999 -9999 -9999 -9999 -0.053 -0.041 -0.026 -0.027 -0.032 -0.026 -0.02 -0.035 -0.056 -0.046 -0.034 -0.018 -0.003 0.013 0.028 0.032 0.033 0.041 0.047 0.053 0.055 0.063 0.069 0.081 0.092 0.091 0.086 0.093 0.097 0.1 0.098 0.093 0.082 0.083 0.087 -9999
-9999 -9999 -9999 -9999 -9999 -9999 -9999 -9999 -9999 -9999 -9999 -9999 -9999 -9999 -9999 -9999 -9999 -9999 -9999 -9999 -9999 -9999 -9999 -9999 -9999 -9999 -9999 -9999 -9999 -9999 -9999 -9999 -9999 -9999 -9999 -9999 -9999 -9999 -9999 -0.029 -0.019 -0.019 -0.016 -0.009 -0.008 -0.02 -0.027 -0.021 -0.008 0.0 0.01 0.006 0.014 0.024 0.035 0.04 0.049 0.056 0.057 0.058 0.061 0.064 0.071 0.078 0.099 0.107 0.107 0.107 0.109 0.108 0.108 0.102 0.106 0.103 -9999
-9999 -9999 -9999 -9999 -9999 -9999 -9999 -9999 -9999 -9999 -9999 -9999 -9999 -9999 -9999 -9999 -9999 -9999 -9999 -9999 -9999 -9999 -9999 -9999 -9999 -9999 -9999 -9999 -9999 -9999 -9999 -9999 -9999 -9999 -9999 -9999 -9999 -9999 -9999 -0.016 -0.015 -0.016 -0.007 -0.001 -0.008 -0.018 -0.009 -0.001 0.009 0.018 0.017 0.012 0.02 0.026 0.035 0.043 0.051 0.058 0.059 0.058 0.061 0.061 0.068 0.072 0.092 0.113 0.113 0.109 0.111 0.11 0.111 0.108 0.113 0.109 -9999
-9999 -9999 -9999 -9999 -9999 -9999 -9999 -9999 -9999 -9999 -9999 -9999 -9999 -9999 -9999 -9999 -9999 -9999 -9999 -9999 -9999 -9999 -9999 -9999 -9999 -9999 -9999 -9999 -9999 -9999 -9999 -9999 -9999 -9999 -9999 -9999 -9999 -9999 -0.015 -0.006 -0.003 0.004 0.01 0.007 0.008 0.015 0.023 0.024 0.029 0.025 0.033 0.035 0.038 0.043 0.049 0.056 0.061 0.066 0.07 0.071 0.068 0.066 0.085 0.097 0.105 0.119 0.129 0.132 0.135 0.136 0.131 0.127 0.13 0.119 0.11
-9999 -9999 -9999 -9999 -9999 -9999 -9999 -9999 -9999 -9999 -9999 -9999 -9999 -9999 -9999 -9999 -9999 -9999 -9999 -9999 -9999 -9999 -9999 -9999 -9999 -9999 -9999 -9999 -9999 -9999 -9999 -9999 -9999 -9999 -9999 -9999 -9999 -9999 -0.003 -0.002 0.005 0.012 0.014 0.014 0.023 0.032 0.035 0.036 0.035 0.031 0.038 0.044 0.048 0.05 0.057 0.062 0.067 0.071 0.073 0.075 0.073 0.066 0.085 0.105 0.113 0.119 0.129 0.138 0.142 0.143 0.141 0.133 0.137 0.138 0.122
-9999 -9999 -9999 -9999 -9999 -9999 -9999 -9999 -9999 -9999 -9999 -9999 -9999 -9999 -9999 -9999 -9999 -9999 -9999 -9999 -9999 -9999 -9999 -9999 -9999 -9999 -9999 -9999 -9999 -9999 -9999 -9999 -9999 -9999 -9999 -9999 -9999 0.016 0.019 0.016 0.026 0.041 0.044 0.041 0.049 0.048 0.053 0.055 0.053 0.043 0.059 0.07 0.066 0.063 0.061 0.062 0.067 0.07 0.076 0.078 0.081 0.079 0.092 0.109 0.119 0.126 0.136 0.146 0.148 0.148 0.146 0.14 0.145 0.148 0.148
-9999 -9999 -9999 -9999 -9999 -9999 -9999 -9999 -9999 -9999 -9999 -9999 -9999 -9999 -9999 -9999 -9999 -9999 -9999 -9999 -9999 -9999 -9999 -9999 -9999 -9999 -9999 -9999 -9999 -9999 -9999 -9999 -9999 -9999 -9999 -9999 -9999 0.025 0.025 0.024 0.039 0.056 0.056 0.054 0.058 0.057 0.062 0.064 0.059 0.05 0.065 0.08 0.076 0.069 0.067 0.062 0.067 0.071 0.076 0.08 0.082 0.083 0.095 0.108 0.118 0.127 0.137 0.147 0.149 0.148 0.147 0.142 0.148 0.152 0.153
-9999 -9999 -9999 -9999 -9999 -9999 -9999 -9999 -9999 -9999 -9999 -9999 -9999 -9999 -9999 -9999 -9999 -9999 -9999 -9999 -9999 -9999 -9999 -9999 -9999 -9999 -9999 -9999 -9999 -9999 -9999 -9999 -9999 -9999 -9999 -9999 -9999 0.027 0.029 0.046 0.056 0.052 0.055 0.064 0.071 0.077 0.079 0.072 0.071 0.073 0.073 0.079 0.078 0.071 0.082 0.086 0.084 0.083 0.085 0.087 0.092 0.094 0.105 0.117 0.125 0.133 0.142 0.15 0.151 0.149 0.157 0.159 0.165 0.166 0.173
-9999 -9999 -9999 -9999 -9999 -9999 -9999 -9999 -9999 -9999 -9999 -9999 -9999 -9999 -9999 -9999 -9999 -9999 -9999 -9999 -9999 -9999 -9999 -9999 -9999 -9999 -9999 -9999 -9999 -9999 -9999 -9999 -9999 -9999 -9999 -9999 -9999 -9999 0.044 0.058 0.057 0.052 0.061 0.07 0.079 0.086 0.083 0.076 0.081 0.083 0.083 0.08 0.079 0.073 0.084 0.095 0.094 0.089 0.091 0.09 0.096 0.099 0.109 0.119 0.127 0.134 0.143 0.15 0.152 0.149 0.157 -9999 0.172 -9999 0.18
-9999 -9999 -9999 -9999 -9999 -9999 -9999 -9999 -9999 -9999 -9999 -9999 -9999 -9999 -9999 -9999 -9999 -9999 -9999 -9999 -9999 -9999 -9999 -9999 -9999 -9999 -9999 -9999 -9999 -9999 -9999 -9999 -9999 -9999 -9999 -9999 -9999 0.053 0.062 0.079 0.078 0.071 0.079 0.083 0.09 0.087 0.089 0.097 0.103 0.106 0.104 0.094 0.09 0.084 0.097 0.11 0.108 0.104 0.113 0.118 0.12 0.123 0.125 0.13 0.133 0.139 0.143 0.148 0.153 0.153 0.167 0.178 0.183 0.187 -9999
-9999 -9999 -9999 -9999 -9999 -9999 -9999 -9999 -9999 -9999 -9999 -9999 -9999 -9999 -9999 -9999 -9999 -9999 -9999 -9999 -9999 -9999 -9999 -9999 -9999 -9999 -9999 -9999 -9999 -9999 -9999 -9999 -9999 -9999 -9999 -9999 -9999 0.07 0.081 0.089 0.087 0.081 0.086 0.09 0.092 0.089 0.099 0.107 0.112 0.116 0.11 0.1 0.097 0.089 0.102 0.116 0.114 0.11 0.119 0.127 0.13 0.131 0.134 0.134 0.138 0.14 0.144 0.146 0.151 0.154 0.168 0.182 0.187 0.189 0.188
-9999 -9999 -9999 -9999 -9999 -9999 -9999 -9999 -9999 -9999 -9999 -9999 -9999 -9999 -9999 -9999 -9999 -9999 -9999 -9999 -9999 -9999 -9999 -9999 -9999 -9999 -9999 -9999 -9999 -9999 -9999 -9999 -9999 -9999 -9999 -9999 0.064 0.099 0.109 0.111 0.112 0.108 0.111 0.102 0.109 0.124 0.132 0.127 0.13 0.127 0.132 0.13 0.127 0.122 0.121 0.127 0.131 0.131 0.138 0.146 0.147 0.147 0.15 0.152 0.154 0.155 0.163 0.169 0.171 0.173 0.18 0.19 0.204 0.212 0.215
-9999 -9999 -9999 -9999 -9999 -9999 -9999 -9999 -9999 -9999 -9999 -9999 -9999 -9999 -9999 -9999 -9999 -9999 -9999 -9999 -9999 -9999 -9999 -9999 -9999 -9999 -9999 -9999 -9999 -9999 -9999 -9999 -9999 -9999 -9999 -9999 0.09 0.108 0.114 0.117 0.119 0.118 0.115 0.108 0.124 0.139 0.139 0.135 0.134 0.132 0.137 0.141 0.139 0.134 0.134 0.131 0.135 0.138 0.145 0.151 0.153 0.153 0.157 0.158 0.161 0.162 0.169 0.176 0.18 0.18 0.188 0.193 0.207 0.22 0.224
-9999 -9999 -9999 -9999 -9999 -9999 -9999 -9999 -9999 -9999 -9999 -9999 -9999 -9999 -9999 -9999 -9999 -9999 -9999 -9999 -9999 -9999 -9999 -9999 -9999 -9999 -9999 -9999 -9999 -9999 -9999 -9999 -9999 -9999 -9999 -9999 -9999 0.108 0.115 0.121 0.126 0.13 0.128 0.119 0.131 0.134 0.135 0.135 0.138 0.147 0.152 0.154 0.145 0.135 0.143 0.145 0.137 0.133 0.145 0.154 0.164 0.169 0.16 0.153 0.182 0.198 0.189 0.186 0.192 0.195 0.2 0.205 0.218 0.232 0.24
