Validation/Results/raw data/ReClimate_08_2024_1weatherlogisticsltd.asc
NCOLS 192
NROWS 249
XLLCENTER -225160.85627316462
YLLCENTER 29788.11610251502
CELLSIZE 5000.0
NODATA_VALUE -9999
[rows 165 to 197 of 249, columns 74 to 147 of 192]
-9999 -9999 -9999 -9999 -9999 -9999 -9999 -9999 -9999 -9999 -9999 -9999 -9999 -9999 -9999 -9999 -9999 -9999 -9999 -9999 -9999 -9999 -9999 -9999 -9999 -9999 -9999 -9999 -9999 -9999 -9999 -9999 -9999 -9999 -9999 -9999 -9999 -9999 152.617 152.959 153.23 153.689 154.124 154.534 154.923 155.343 155.757 156.163 156.528 156.879 157.219 157.547 157.86 158.154 158.425 158.671 158.896 159.104 159.302 159.493 159.68 159.83 159.956 160.057 160.153 160.233 160.24 160.222 160.199 160.172 160.142 160.107 160.067 160.041
-9999 -9999 -9999 -9999 -9999 -9999 -9999 -9999 -9999 -9999 -9999 -9999 -9999 -9999 -9999 -9999 -9999 -9999 -9999 -9999 -9999 -9999 -9999 -9999 -9999 -9999 -9999 -9999 -9999 -9999 -9999 -9999 -9999 -9999 -9999 -9999 -9999 -9999 152.449 152.724 153.046 153.371 153.747 154.143 154.52 154.895 155.283 155.669 156.04 156.399 156.747 157.083 157.402 157.702 157.981 158.238 158.473 158.69 158.891 159.077 159.221 159.341 159.433 159.518 159.601 159.683 159.736 159.722 159.688 159.648 159.602 159.55 159.552 159.604
-9999 -9999 -9999 -9999 -9999 -9999 -9999 -9999 -9999 -9999 -9999 -9999 -9999 -9999 -9999 -9999 -9999 -9999 -9999 -9999 -9999 -9999 -9999 -9999 -9999 -9999 -9999 -9999 -9999 -9999 -9999 -9999 -9999 -9999 -9999 -9999 -9999 151.94 152.283 152.596 152.899 153.208 153.494 153.785 154.127 154.48 154.839 155.192 155.542 155.911 156.269 156.617 156.946 157.256 157.546 157.814 158.06 158.285 158.476 158.624 158.745 158.836 158.916 158.989 159.059 159.126 159.192 159.208 159.168 159.114 159.092 159.113 159.099 159.091
-9999 -9999 -9999 -9999 -9999 -9999 -9999 -9999 -9999 -9999 -9999 -9999 -9999 -9999 -9999 -9999 -9999 -9999 -9999 -9999 -9999 -9999 -9999 -9999 -9999 -9999 -9999 -9999 -9999 -9999 -9999 -9999 -9999 -9999 -9999 -9999 -9999 151.787 152.123 152.445 152.756 153.042 153.318 153.597 153.85 154.113 154.418 154.741 155.059 155.413 155.785 156.144 156.491 156.814 157.117 157.398 157.656 157.862 158.028 158.158 158.256 158.337 158.407 158.468 158.523 158.574 158.622 158.666 158.68 158.626 158.533 158.462 158.415 158.349
-9999 -9999 -9999 -9999 -9999 -9999 -9999 -9999 -9999 -9999 -9999 -9999 -9999 -9999 -9999 -9999 -9999 -9999 -9999 -9999 -9999 -9999 -9999 -9999 -9999 -9999 -9999 -9999 -9999 -9999 -9999 -9999 -9999 -9999 -9999 -9999 -9999 -9999 151.972 152.284 152.585 152.879 153.163 153.424 153.673 153.904 154.146 154.38 154.63 154.936 155.297 155.674 156.037 156.374 156.692 156.969 157.208 157.414 157.568 157.685 157.774 157.843 157.9 157.948 157.989 158.048 158.122 158.126 158.073 157.986 157.859 157.733 157.616 157.507
-9999 -9999 -9999 -9999 -9999 -9999 -9999 -9999 -9999 -9999 -9999 -9999 -9999 -9999 -9999 -9999 -9999 -9999 145.164 145.335 -9999 -9999 -9999 -9999 -9999 -9999 -9999 -9999 -9999 -9999 -9999 -9999 -9999 -9999 -9999 -9999 -9999 151.511 151.829 152.134 152.427 152.711 152.988 153.258 153.508 153.745 153.965 154.162 154.381 154.641 154.937 155.25 155.597 155.919 156.218 156.497 156.742 156.953 157.113 157.219 157.3 157.377 157.45 157.521 157.592 157.578 157.53 157.486 157.403 157.279 157.122 156.969 156.821 156.678
-9999 -9999 -9999 -9999 -9999 -9999 -9999 -9999 -9999 -9999 -9999 -9999 -9999 -9999 -9999 -9999 -9999 -9999 145.263 145.391 145.508 -9999 -9999 -9999 -9999 -9999 -9999 -9999 -9999 -9999 -9999 -9999 -9999 -9999 -9999 -9999 151.053 151.379 151.695 151.994 152.28 152.557 152.826 153.087 153.339 153.578 153.801 154.011 154.216 154.47 154.739 155.01 155.273 155.575 155.857 156.125 156.378 156.616 156.789 156.89 156.965 157.038 157.113 157.136 157.092 157.027 156.911 156.796 156.683 156.56 156.391 156.211 156.033 155.855
-9999 -9999 -9999 -9999 -9999 -9999 -9999 -9999 -9999 -9999 -9999 -9999 -9999 -9999 -9999 -9999 -9999 145.113 145.287 145.406 145.516 145.62 -9999 -9999 -9999 -9999 -9999 -9999 -9999 -9999 -9999 -9999 -9999 149.725 -9999 -9999 150.919 151.258 151.569 151.864 152.146 -9999 152.683 152.938 153.183 153.42 153.646 153.855 154.094 154.342 154.585 154.817 155.04 155.291 155.558 155.821 156.069 156.296 156.48 156.591 156.671 156.745 156.723 156.646 156.536 156.399 156.261 156.121 155.979 155.837 155.661 155.456 155.248 155.034
-9999 -9999 -9999 -9999 -9999 -9999 -9999 -9999 -9999 -9999 -9999 -9999 -9999 -9999 -9999 -9999 -9999 145.139 145.302 145.414 145.52 145.621 145.72 145.815 -9999 -9999 -9999 146.509 146.906 -9999 148.044 148.606 149.107 149.569 149.994 -9999 -9999 151.09 151.405 -9999 -9999 152.257 152.52 152.771 153.011 153.245 153.473 153.718 153.976 154.228 154.449 154.665 154.88 155.087 155.294 155.522 155.753 155.964 156.138 156.264 156.335 156.303 156.221 156.079 155.93 155.776 155.619 155.456 155.287 155.113 154.924 154.698 154.459 154.21
-9999 -9999 -9999 -9999 -9999 -9999 -9999 -9999 -9999 -9999 -9999 -9999 -9999 -9999 -9999 -9999 -9999 -9999 145.308 145.416 145.52 145.619 145.715 -9999 -9999 145.994 146.157 146.324 146.753 147.309 147.875 148.408 148.903 149.369 149.812 150.209 -9999 150.91 151.226 151.524 151.807 152.08 152.344 152.596 152.839 153.078 153.325 153.587 153.853 154.099 154.337 154.538 154.733 154.927 155.113 155.289 155.462 155.633 155.793 155.889 155.87 155.784 155.639 155.486 155.324 155.156 154.98 154.795 154.602 154.398 154.181 153.935 153.664 153.374
-9999 -9999 -9999 -9999 -9999 -9999 -9999 -9999 -9999 -9999 -9999 -9999 -9999 -9999 -9999 -9999 -9999 -9999 145.301 145.414 145.515 145.613 145.709 145.802 145.895 145.987 146.079 146.253 146.592 147.123 147.681 148.202 148.693 149.168 149.615 150.031 150.415 150.76 151.079 151.378 151.66 151.931 152.194 152.447 152.693 152.938 153.192 153.455 153.711 153.962 154.2 154.416 154.596 154.775 154.947 155.108 155.255 155.385 155.461 155.431 155.34 155.202 155.051 154.889 154.716 154.533 154.339 154.134 153.916 153.683 153.434 153.161 152.854 152.519
-9999 -9999 -9999 -9999 -9999 -9999 -9999 -9999 -9999 -9999 -9999 -9999 -9999 -9999 -9999 -9999 -9999 -9999 -9999 145.405 145.507 145.604 145.699 145.792 145.885 145.978 146.071 146.19 146.452 146.93 147.481 147.997 148.496 148.998 149.466 149.898 150.29 150.644 150.96 151.255 151.533 151.801 152.062 152.315 152.563 152.811 153.066 153.324 153.567 153.808 154.051 154.28 154.459 154.625 154.786 154.935 155.069 155.156 155.129 155.02 154.852 154.68 154.495 154.299 154.102 153.903 153.691 153.464 153.221 152.959 152.676 152.362 152.013 151.627
-9999 -9999 -9999 -9999 -9999 -9999 -9999 -9999 -9999 -9999 -9999 -9999 -9999 -9999 -9999 -9999 -9999 -9999 -9999 -9999 -9999 145.591 145.685 145.779 145.872 145.966 146.06 146.155 146.356 146.733 147.299 147.852 148.383 148.886 149.348 149.774 150.166 150.524 150.85 151.141 151.416 151.682 151.942 152.194 152.442 152.69 152.943 153.194 153.425 153.653 153.89 154.119 154.322 154.474 154.621 154.761 154.873 154.863 154.766 154.606 154.432 154.245 154.044 153.831 153.606 153.376 153.134 152.879 152.607 152.317 152.005 151.664 151.298 150.904
-9999 -9999 -9999 -9999 -9999 -9999 -9999 -9999 -9999 -9999 -9999 -9999 -9999 -9999 -9999 -9999 -9999 -9999 -9999 -9999 145.478 145.574 145.668 145.762 145.856 145.95 146.046 146.144 146.29 146.655 147.211 147.764 148.285 148.78 149.233 149.651 150.04 150.402 150.733 151.035 151.307 151.571 151.829 152.081 152.327 152.573 152.824 153.066 153.285 153.502 153.727 153.953 154.175 154.331 154.467 154.6 154.618 154.549 154.403 154.239 154.06 153.868 153.662 153.442 153.208 152.959 152.692 152.408 152.102 151.78 151.438 151.062 150.667 150.252
-9999 -9999 -9999 -9999 -9999 -9999 -9999 -9999 -9999 -9999 -9999 -9999 -9999 -9999 -9999 -9999 -9999 -9999 -9999 145.345 145.457 145.553 145.647 145.741 145.835 145.931 146.04 146.189 146.382 146.695 147.138 147.67 148.186 148.672 149.119 149.532 149.917 150.277 150.614 150.923 151.205 151.467 151.723 151.972 152.217 152.46 152.707 152.94 153.147 153.355 153.569 153.79 154.024 154.215 154.349 154.398 154.359 154.223 154.069 153.902 153.718 153.52 153.309 153.084 152.842 152.583 152.304 152.004 151.677 151.32 150.931 150.497 150.045 149.592
-9999 -9999 -9999 -9999 -9999 -9999 -9999 -9999 -9999 -9999 -9999 -9999 -9999 -9999 -9999 -9999 -9999 -9999 145.184 145.334 145.432 145.527 145.621 145.715 145.81 145.927 146.12 146.318 146.506 146.749 147.117 147.571 148.081 148.562 149.004 149.414 149.796 150.155 150.493 150.809 151.1 151.367 151.621 151.868 152.11 152.35 152.592 152.814 153.012 153.22 153.439 153.661 153.887 154.103 154.218 154.196 154.079 153.927 153.763 153.586 153.394 153.188 152.97 152.737 152.488 152.219 151.928 151.612 151.267 150.888 150.467 149.993 149.478 148.881
-9999 -9999 -9999 -9999 -9999 -9999 -9999 -9999 -9999 -9999 -9999 -9999 -9999 -9999 -9999 -9999 144.745 144.966 145.152 145.297 145.402 145.497 145.591 145.689 145.82 146.034 146.237 146.43 146.615 146.823 147.106 147.52 147.97 148.446 148.886 149.295 149.676 150.035 150.373 150.693 150.992 151.27 151.523 151.768 152.006 152.243 152.478 152.694 152.906 153.121 153.337 153.553 153.767 153.983 154.051 153.969 153.816 153.654 153.479 153.292 153.091 152.876 152.644 152.401 152.142 151.861 151.555 151.222 150.856 150.452 150.002 149.495 148.94 148.235
-9999 -9999 -9999 -9999 -9999 -9999 -9999 -9999 -9999 -9999 -9999 -9999 -9999 -9999 -9999 144.159 144.718 144.916 145.098 -9999 -9999 -9999 -9999 145.764 145.932 146.141 146.338 146.528 146.71 146.893 147.145 147.488 147.894 148.325 148.765 149.173 149.555 149.915 150.254 150.576 150.882 151.164 151.428 151.67 151.905 152.142 152.387 152.61 152.821 153.031 153.24 153.449 153.656 153.81 153.856 153.736 153.574 153.401 153.216 153.019 152.807 152.582 152.342 152.08 151.803 151.507 151.184 150.83 150.441 150.009 149.528 148.984 148.386 147.586
-9999 -9999 -9999 -9999 -9999 -9999 -9999 -9999 -9999 -9999 -9999 -9999 -9999 -9999 -9999 144.397 144.664 144.858 -9999 -9999 -9999 -9999 -9999 145.869 146.031 146.233 146.426 146.612 146.793 146.97 147.191 147.478 147.848 148.234 148.637 149.047 149.431 149.793 150.134 150.458 150.767 151.059 151.33 151.577 151.819 152.077 152.32 152.531 152.738 152.944 153.148 153.351 153.552 153.64 153.627 153.517 153.348 153.166 152.972 152.764 152.542 152.306 152.055 151.782 151.478 151.155 150.812 150.435 150.019 149.558 149.041 148.457 147.771 146.899
-9999 -9999 -9999 -9999 -9999 -9999 -9999 -9999 -9999 -9999 -9999 -9999 -9999 -9999 -9999 -9999 -9999 144.872 -9999 -9999 -9999 -9999 -9999 145.947 146.116 146.313 146.502 146.688 146.878 147.067 147.266 147.524 147.864 148.219 148.577 148.946 149.327 149.685 150.024 150.347 150.655 150.95 151.233 151.506 151.765 152.019 152.248 152.454 152.658 152.859 153.06 153.257 153.406 153.457 153.397 153.303 153.138 152.947 152.744 152.527 152.296 152.049 151.785 151.497 151.175 150.821 150.476 150.118 149.717 149.265 148.752 148.164 147.427 146.488
-9999 -9999 -9999 -9999 -9999 -9999 -9999 -9999 -9999 -9999 -9999 -9999 -9999 -9999 -9999 -9999 -9999 -9999 -9999 -9999 -9999 -9999 -9999 146.064 146.193 146.406 146.613 146.815 147.011 147.2 147.383 147.617 147.907 148.241 148.566 148.895 149.227 149.582 149.917 150.237 150.542 150.841 151.15 151.438 151.707 151.954 152.172 152.377 152.579 152.778 152.975 153.17 153.265 153.254 153.183 153.096 152.941 152.741 152.53 152.304 152.063 151.805 151.542 151.282 150.998 150.676 150.311 149.948 149.551 149.101 148.587 147.997 147.225 146.316
-9999 -9999 -9999 -9999 -9999 -9999 -9999 -9999 -9999 -9999 -9999 -9999 -9999 -9999 -9999 -9999 -9999 -9999 -9999 -9999 -9999 -9999 -9999 -9999 146.334 146.552 146.757 146.953 147.143 147.328 147.508 147.705 147.957 148.269 148.579 148.877 149.182 149.484 149.808 150.123 150.431 150.754 151.069 151.364 151.643 151.881 152.091 152.298 152.501 152.699 152.894 153.078 153.121 153.062 152.984 152.898 152.753 152.547 152.326 152.09 151.873 151.661 151.43 151.182 150.912 150.604 150.249 149.849 149.433 148.973 148.449 147.86 147.137 146.248
-9999 -9999 -9999 -9999 -9999 -9999 -9999 -9999 -9999 -9999 -9999 -9999 -9999 -9999 -9999 -9999 -9999 -9999 -9999 -9999 -9999 -9999 -9999 146.305 146.485 146.69 146.886 147.075 147.26 147.441 147.62 147.8 148.024 148.289 148.595 148.885 149.162 149.444 149.722 150.013 150.348 150.676 150.987 151.288 151.566 151.797 152.007 152.214 152.417 152.618 152.816 152.943 152.96 152.882 152.797 152.703 152.567 152.361 152.165 151.982 151.788 151.594 151.381 151.14 150.867 150.554 150.195 149.781 149.327 148.849 148.352 147.826 147.118 146.241
-9999 -9999 -9999 -9999 -9999 -9999 -9999 -9999 -9999 -9999 -9999 -9999 -9999 -9999 -9999 -9999 -9999 -9999 -9999 -9999 -9999 -9999 -9999 146.438 146.619 146.812 146.999 147.182 147.364 147.544 147.722 147.901 148.094 148.333 148.606 148.893 149.167 149.428 149.69 149.985 150.29 150.6 150.91 151.209 151.48 151.713 151.923 152.128 152.331 152.532 152.731 152.827 152.798 152.713 152.621 152.52 152.406 152.263 152.097 151.936 151.764 151.571 151.354 151.109 150.83 150.513 150.149 149.729 149.264 148.812 148.346 147.844 147.155 146.248
-9999 -9999 -9999 -9999 -9999 -9999 -9999 -9999 -9999 -9999 -9999 -9999 -9999 -9999 -9999 -9999 -9999 -9999 -9999 -9999 -9999 -9999 -9999 146.557 146.738 146.921 147.1 147.278 147.457 147.637 147.817 147.996 148.181 148.39 148.624 148.899 149.17 149.433 149.711 150.003 150.291 150.573 150.849 151.128 151.39 151.628 151.839 152.044 152.245 152.445 152.641 152.703 152.642 152.554 152.456 152.393 152.336 152.226 152.086 151.929 151.754 151.558 151.337 151.087 150.804 150.481 150.13 149.751 149.323 148.856 148.397 147.897 147.183 146.262
-9999 -9999 -9999 -9999 -9999 -9999 -9999 -9999 -9999 -9999 -9999 -9999 -9999 -9999 -9999 -9999 -9999 -9999 -9999 -9999 -9999 -9999 -9999 -9999 146.847 147.018 147.188 147.362 147.541 147.724 147.907 148.088 148.274 148.464 148.676 148.904 149.174 149.451 149.755 150.045 150.322 150.588 150.85 151.097 151.326 151.541 151.755 151.96 152.161 152.36 152.537 152.566 152.487 152.408 152.368 152.34 152.318 152.233 152.09 151.931 151.754 151.554 151.33 151.081 150.819 150.532 150.205 149.843 149.437 148.968 148.474 147.947 147.219 146.282
-9999 -9999 -9999 -9999 -9999 -9999 -9999 -9999 -9999 -9999 -9999 -9999 -9999 -9999 -9999 -9999 -9999 -9999 -9999 -9999 -9999 -9999 -9999 -9999 146.927 147.107 147.268 147.438 147.619 147.807 147.996 148.181 148.368 148.557 148.744 148.954 149.189 149.498 149.801 150.089 150.364 150.63 150.879 151.099 151.316 151.529 151.727 151.911 152.094 152.279 152.427 152.425 152.359 152.337 152.331 152.34 152.328 152.249 152.105 151.947 151.78 151.599 151.398 151.172 150.92 150.645 150.334 149.98 149.574 149.106 148.57 148.001 147.261 146.326
-9999 -9999 -9999 -9999 -9999 -9999 -9999 -9999 -9999 -9999 -9999 -9999 -9999 -9999 -9999 -9999 -9999 -9999 -9999 -9999 -9999 -9999 -9999 146.787 146.992 147.17 147.338 147.506 147.695 147.892 148.088 148.278 148.465 148.653 148.84 149.027 149.267 149.548 149.849 150.135 150.41 150.671 150.902 151.123 151.339 151.548 151.741 151.917 152.093 152.275 152.39 152.364 152.353 152.359 152.383 152.399 152.402 152.337 152.203 152.056 151.894 151.721 151.527 151.312 151.069 150.795 150.485 150.131 149.726 149.254 148.677 148.068 147.327 146.399
-9999 -9999 -9999 -9999 -9999 -9999 -9999 -9999 -9999 -9999 -9999 -9999 -9999 -9999 -9999 -9999 -9999 -9999 -9999 -9999 -9999 -9999 -9999 146.849 147.031 147.206 147.369 147.549 147.76 147.977 148.186 148.383 148.57 148.756 148.942 149.139 149.38 149.635 149.899 150.185 150.457 150.701 150.929 151.15 151.366 151.579 151.774 151.948 152.125 152.303 152.404 152.407 152.445 152.476 152.502 152.521 152.533 152.481 152.353 152.211 152.055 151.882 151.69 151.475 151.234 150.961 150.652 150.3 149.892 149.392 148.8 148.158 147.426 146.505
-9999 -9999 -9999 -9999 -9999 -9999 -9999 -9999 -9999 -9999 -9999 -9999 -9999 -9999 -9999 -9999 -9999 -9999 -9999 -9999 -9999 -9999 -9999 146.893 147.074 147.244 147.409 147.607 147.841 148.062 148.274 148.477 148.674 148.867 149.057 149.281 149.519 149.751 149.992 150.242 150.507 150.748 150.978 151.198 151.412 151.621 151.81 151.984 152.159 152.342 152.472 152.542 152.582 152.617 152.646 152.669 152.685 152.642 152.523 152.383 152.228 152.057 151.867 151.654 151.415 151.145 150.838 150.482 150.047 149.533 148.927 148.281 147.558 146.652
-9999 -9999 -9999 -9999 -9999 -9999 -9999 -9999 -9999 -9999 -9999 -9999 -9999 -9999 -9999 -9999 -9999 -9999 -9999 -9999 -9999 -9999 146.757 146.948 147.135 147.31 147.491 147.704 147.932 148.16 148.367 148.571 148.769 148.962 149.18 149.459 149.72 149.962 150.193 150.422 150.637 150.872 151.1 151.318 151.529 151.735 151.924 152.09 152.251 152.444 152.637 152.686 152.729 152.766 152.799 152.827 152.848 152.81 152.702 152.569 152.417 152.248 152.061 151.851 151.615 151.348 151.034 150.652 150.204 149.678 149.089 148.452 147.737 146.847
-9999 -9999 -9999 -9999 -9999 -9999 -9999 -9999 -9999 -9999 -9999 -9999 -9999 -9999 -9999 -9999 -9999 -9999 -9999 -9999 -9999 146.583 146.812 147.018 147.21 147.396 147.589 147.799 148.024 148.247 148.467 148.677 148.904 149.131 149.404 149.695 149.972 150.228 150.446 150.643 150.843 151.041 151.249 151.466 151.676 151.882 152.07 152.233 152.405 152.677 152.862 152.898 152.919 152.935 152.964 152.997 153.022 152.988 152.885 152.767 152.621 152.456 152.272 152.067 151.835 151.553 151.215 150.822 150.365 149.846 149.278 148.663 147.969 147.095
-9999 -9999 -9999 -9999 -9999 -9999 -9999 -9999 -9999 -9999 -9999 -9999 -9999 -9999 -9999 -9999 -9999 -9999 -9999 146.134 146.388 146.654 146.883 147.092 147.29 147.485 147.683 147.89 148.108 148.345 148.607 148.872 149.123 149.367 149.65 149.937 150.213 150.457 150.681 150.885 151.069 151.251 151.435 151.621 151.825 152.031 152.22 152.395 152.631 152.931 153.118 153.159 153.175 153.203 153.236 153.27 153.305 153.289 153.206 153.105 152.976 152.813 152.622 152.398 152.115 151.78 151.403 150.998 150.549 150.044 149.495 148.904 148.244 147.433
