Validation/Results/raw data/ReClimate_02_2024_2_Temperature-Actualsweatherlogisticsltd.asc
NCOLS 192
NROWS 249
XLLCENTER -225160.85627316462
YLLCENTER 29788.11610251502
CELLSIZE 5000.0
NODATA_VALUE -9999
[rows 170 to 203 of 249, columns 77 to 153 of 192]
-9999 -9999 -9999 -9999 -9999 -9999 -9999 -9999 -9999 -9999 -9999 -9999 -9999 -9999 -9999 9.311 9.315 -9999 -9999 -9999 -9999 -9999 -9999 -9999 -9999 -9999 -9999 -9999 -9999 -9999 -9999 -9999 -9999 -9999 9.854 9.986 9.944 9.936 9.746 9.765 9.888 9.96 9.992 10.122 10.195 10.164 9.881 9.349 8.441 7.579 6.783 7.027 7.028 7.546 8.712 9.235 9.504 9.127 9.1 9.353 9.642 9.66 9.634 9.585 9.581 9.557 9.463 9.431 9.501 9.482 9.317 8.822 8.804 8.776 9.025 9.131 9.161
-9999 -9999 -9999 -9999 -9999 -9999 -9999 -9999 -9999 -9999 -9999 -9999 -9999 -9999 -9999 9.141 9.09 9.255 -9999 -9999 -9999 -9999 -9999 -9999 -9999 -9999 -9999 -9999 -9999 -9999 -9999 -9999 -9999 10.011 10.002 9.959 9.929 9.776 9.849 9.827 9.982 9.98 9.997 10.033 10.012 9.919 9.803 9.452 8.773 7.658 6.811 7.296 7.821 7.903 8.536 9.57 9.725 9.475 9.032 9.229 9.624 9.698 9.581 9.497 9.539 9.554 9.499 9.37 9.419 9.461 9.372 9.035 8.76 8.843 8.984 9.269 9.35
-9999 -9999 -9999 -9999 -9999 -9999 -9999 -9999 -9999 -9999 -9999 -9999 -9999 -9999 9.466 9.252 9.103 9.288 9.568 -9999 -9999 -9999 -9999 -9999 -9999 -9999 -9999 -9999 -9999 -9999 9.455 -9999 -9999 10.04 9.731 9.924 9.96 10.022 -9999 9.788 9.809 9.774 9.825 9.777 9.81 9.65 9.594 9.169 8.469 8.822 7.662 7.93 8.475 7.827 8.745 9.184 9.581 9.506 9.224 9.31 9.584 9.857 9.701 9.526 9.59 9.585 9.538 9.396 9.388 9.487 9.406 9.257 8.94 8.775 8.812 9.189 9.397
-9999 -9999 -9999 -9999 -9999 -9999 -9999 -9999 -9999 -9999 -9999 -9999 -9999 -9999 9.626 9.433 9.375 9.441 9.645 9.65 9.639 -9999 -9999 -9999 9.092 9.366 -9999 9.431 9.474 9.495 8.8 9.146 -9999 -9999 9.851 9.776 -9999 -9999 9.863 9.802 9.942 10.058 9.935 9.809 9.603 9.482 9.281 8.648 7.842 8.19 8.078 7.813 8.006 7.952 8.166 9.325 9.4 9.279 9.04 9.269 9.442 9.668 9.765 9.572 9.613 9.617 9.559 9.447 9.402 9.522 9.486 9.4 9.173 8.901 8.619 8.725 9.079
-9999 -9999 -9999 -9999 -9999 -9999 -9999 -9999 -9999 -9999 -9999 -9999 -9999 -9999 -9999 9.624 9.516 9.57 9.82 9.849 -9999 -9999 7.337 7.321 9.005 8.464 8.617 8.78 9.432 9.328 9.221 8.957 9.062 -9999 9.862 9.859 9.835 9.927 9.801 9.69 9.959 10.163 10.065 9.786 9.59 9.361 9.154 8.367 7.313 7.437 7.766 8.041 8.312 8.13 8.299 8.933 9.343 9.255 9.073 9.192 9.296 9.422 9.544 9.576 9.622 9.636 9.545 9.33 9.387 9.581 9.568 9.51 9.359 9.098 8.883 8.698 8.719
-9999 -9999 -9999 -9999 -9999 -9999 -9999 -9999 -9999 -9999 -9999 -9999 -9999 -9999 -9999 9.62 9.54 9.873 10.029 10.06 9.678 8.045 5.764 8.346 9.014 8.115 8.583 8.264 8.781 9.405 9.169 8.228 8.933 9.224 9.641 9.857 9.834 9.862 9.821 9.745 9.821 9.955 9.899 9.765 9.551 9.345 9.024 8.024 7.404 7.111 7.519 7.628 8.408 8.556 8.256 8.608 9.057 9.119 9.12 9.189 9.216 9.32 9.427 9.485 9.663 9.619 9.605 9.57 9.446 9.635 9.654 9.615 9.532 9.297 8.934 8.884 9.055
-9999 -9999 -9999 -9999 -9999 -9999 -9999 -9999 -9999 -9999 -9999 -9999 -9999 -9999 -9999 -9999 9.707 9.964 9.881 9.213 7.847 5.05 5.988 8.179 8.29 8.503 7.831 7.649 8.0 8.426 8.636 8.83 8.125 8.968 9.474 9.608 9.791 9.89 9.792 9.71 9.688 9.776 9.808 9.634 9.456 9.275 8.785 8.169 7.596 7.449 7.871 7.647 7.895 8.916 8.602 8.649 8.99 8.963 9.086 9.263 9.275 9.309 9.39 9.482 9.687 9.687 9.686 9.574 9.566 9.663 9.715 9.719 9.656 9.548 9.407 9.257 9.345
-9999 -9999 -9999 -9999 -9999 -9999 -9999 -9999 -9999 -9999 -9999 -9999 -9999 -9999 -9999 -9999 -9999 -9999 9.245 8.063 6.733 6.211 6.704 8.472 8.895 8.076 7.25 7.049 7.164 8.148 8.946 8.519 7.85 8.499 9.204 9.591 9.884 9.82 9.66 9.47 9.525 9.582 9.59 9.545 9.405 9.093 8.462 8.137 8.006 7.595 7.872 7.657 7.554 8.233 8.976 8.872 9.233 9.05 8.874 9.131 9.294 9.465 9.555 9.636 9.727 9.729 9.724 9.729 9.565 9.651 9.705 9.745 9.764 9.726 9.663 9.576 9.498
-9999 -9999 -9999 -9999 -9999 -9999 -9999 -9999 -9999 -9999 -9999 -9999 -9999 -9999 -9999 -9999 -9999 9.811 8.937 8.319 7.906 6.796 7.968 8.78 8.453 8.246 7.483 6.885 7.327 7.488 8.396 8.214 7.709 8.143 8.818 9.715 9.84 9.771 9.424 9.254 9.336 9.459 9.523 9.491 9.271 8.759 8.522 8.663 8.243 7.721 7.987 7.982 8.09 8.315 8.501 9.036 9.161 9.128 9.1 9.106 9.333 9.396 9.674 9.805 9.803 9.757 9.759 9.559 9.588 9.696 9.757 9.76 9.799 9.802 9.768 9.656 9.546
-9999 -9999 -9999 -9999 -9999 -9999 -9999 -9999 -9999 -9999 -9999 -9999 -9999 -9999 -9999 -9999 9.718 8.058 8.86 8.492 7.871 8.088 6.742 7.222 7.674 7.561 6.882 7.443 7.264 7.861 8.363 7.59 7.248 8.016 8.913 9.69 9.895 9.712 9.262 9.272 9.401 9.468 9.523 9.352 9.019 8.993 8.874 8.397 8.098 7.909 7.736 8.292 8.51 8.715 8.926 8.952 9.314 9.257 9.356 9.345 9.389 9.665 9.555 9.762 9.814 9.727 9.708 9.537 9.47 9.713 9.742 9.753 9.769 9.78 9.743 9.669 9.581
-9999 -9999 -9999 -9999 -9999 -9999 -9999 -9999 -9999 -9999 -9999 -9999 -9999 -9999 -9999 9.617 8.153 9.038 9.235 8.901 9.04 8.299 7.984 7.547 7.089 6.768 6.833 7.019 7.356 8.251 7.831 7.87 8.675 8.919 9.462 9.575 9.768 9.554 9.288 9.29 9.335 9.442 9.277 8.966 9.122 9.094 8.895 8.359 8.24 8.606 8.423 8.413 8.744 8.887 9.057 9.181 9.235 9.439 9.536 9.676 9.716 9.816 9.833 9.695 9.721 9.702 9.678 9.516 9.462 9.709 9.757 9.713 9.706 9.69 9.698 9.66 9.65
-9999 -9999 -9999 -9999 -9999 -9999 -9999 -9999 -9999 -9999 -9999 -9999 -9999 9.427 9.666 9.372 9.46 9.743 9.765 9.458 9.735 9.358 8.54 7.733 6.972 6.0 7.438 7.578 8.116 8.083 7.198 7.528 8.088 9.039 9.364 9.459 9.531 9.409 9.254 9.165 9.287 9.252 9.031 8.946 8.916 9.197 8.881 8.499 8.542 8.602 8.696 8.827 8.971 9.155 9.358 9.546 9.473 9.491 9.738 9.928 9.98 9.856 9.788 9.744 9.673 9.594 9.613 9.408 9.334 9.61 9.748 9.718 9.653 9.629 9.634 9.721 -9999
-9999 -9999 -9999 -9999 -9999 -9999 -9999 -9999 -9999 -9999 -9999 -9999 9.298 9.393 9.553 9.712 -9999 -9999 -9999 -9999 9.011 8.09 7.943 7.655 6.749 7.665 7.696 7.026 7.552 6.963 5.683 6.625 7.728 8.35 9.167 9.573 9.454 9.339 9.276 9.265 9.275 9.224 9.059 8.999 8.919 9.085 8.91 8.83 8.785 8.8 9.004 9.138 9.23 9.462 9.563 9.764 9.855 9.738 9.777 9.874 9.937 9.853 9.719 9.619 9.474 9.407 9.435 9.374 9.277 9.441 9.668 9.735 9.686 9.632 9.652 9.721 9.789
-9999 -9999 -9999 -9999 -9999 -9999 -9999 -9999 -9999 -9999 -9999 -9999 9.31 9.148 9.817 -9999 -9999 -9999 -9999 -9999 8.733 8.083 7.734 8.014 7.289 7.412 6.918 6.395 6.685 6.362 6.446 7.999 8.138 8.838 9.456 9.636 9.484 9.34 9.243 9.131 9.11 9.199 9.125 9.013 9.037 8.983 9.11 9.081 9.13 8.883 8.845 8.99 9.277 9.532 9.652 9.743 9.706 9.683 9.643 9.633 9.664 9.512 9.468 9.237 9.059 9.042 9.213 9.302 9.298 9.427 9.607 9.755 9.752 9.74 9.752 9.792 9.832
-9999 -9999 -9999 -9999 -9999 -9999 -9999 -9999 -9999 -9999 -9999 -9999 -9999 -9999 9.937 -9999 -9999 -9999 -9999 -9999 8.61 7.931 8.44 8.145 7.78 7.714 6.367 6.721 7.713 6.927 7.853 8.206 8.53 9.25 9.652 9.666 9.334 9.275 9.17 9.125 9.295 9.272 9.278 9.233 9.098 9.148 9.258 9.36 9.268 9.213 9.104 9.026 9.294 9.389 9.212 9.344 9.458 9.427 9.551 9.493 9.306 9.044 8.905 9.106 9.007 8.968 9.074 9.233 9.301 9.421 9.603 9.771 9.801 9.821 9.86 9.902 9.944
-9999 -9999 -9999 -9999 -9999 -9999 -9999 -9999 -9999 -9999 -9999 -9999 -9999 -9999 -9999 -9999 -9999 -9999 -9999 -9999 9.033 8.591 9.722 8.935 8.116 6.789 7.014 7.192 7.253 8.076 8.164 8.333 9.29 9.548 9.764 9.57 9.429 9.31 9.316 9.332 9.393 9.446 9.414 9.333 9.257 9.206 9.274 9.242 9.091 9.33 9.474 9.402 9.328 9.475 9.192 8.991 9.206 9.141 9.342 9.559 9.29 9.094 8.949 9.011 9.196 9.125 9.106 9.287 9.411 9.486 9.614 9.78 9.818 9.854 9.902 9.969 10.035
-9999 -9999 -9999 -9999 -9999 -9999 -9999 -9999 -9999 -9999 -9999 -9999 -9999 -9999 -9999 -9999 -9999 -9999 -9999 -9999 -9999 9.298 8.115 7.698 7.643 7.915 7.795 7.558 8.34 8.426 8.882 9.426 9.234 9.68 9.592 9.208 9.233 9.354 9.473 9.555 9.521 9.413 9.356 9.187 9.155 9.185 9.27 9.089 8.904 9.11 9.468 9.565 9.508 9.421 9.365 9.166 9.056 8.871 8.949 9.514 9.528 9.173 8.957 8.804 8.896 9.19 9.217 9.349 9.513 9.678 9.728 9.831 9.856 9.886 9.934 10.005 10.07
-9999 -9999 -9999 -9999 -9999 -9999 -9999 -9999 -9999 -9999 -9999 -9999 -9999 -9999 -9999 -9999 -9999 -9999 -9999 -9999 9.107 8.673 8.321 7.415 8.429 8.491 7.847 8.242 8.356 8.39 9.456 9.384 9.28 9.444 8.301 8.914 9.251 9.28 9.268 9.498 9.28 8.84 8.881 9.137 9.348 9.289 9.358 9.244 9.184 9.227 9.466 9.563 9.568 9.493 9.358 9.31 9.146 9.135 9.205 9.498 9.509 9.181 8.87 8.663 8.713 9.086 9.375 9.473 9.645 9.785 9.847 9.879 9.912 9.937 9.97 10.046 10.108
-9999 -9999 -9999 -9999 -9999 -9999 -9999 -9999 -9999 -9999 -9999 -9999 -9999 -9999 -9999 -9999 -9999 -9999 -9999 -9999 9.473 9.05 7.392 9.007 9.524 8.748 8.515 8.192 7.663 8.478 9.423 9.381 9.613 9.052 8.969 8.915 8.78 8.839 9.327 9.308 9.032 8.991 9.069 9.438 9.427 9.379 9.45 9.388 9.505 9.535 9.552 9.588 9.575 9.562 9.505 9.427 9.343 9.196 9.361 9.509 9.343 8.944 8.623 8.67 8.743 8.902 9.264 9.566 9.654 9.824 9.821 9.835 9.947 10.023 10.059 10.116 10.188
-9999 -9999 -9999 -9999 -9999 -9999 -9999 -9999 -9999 -9999 -9999 -9999 -9999 -9999 -9999 -9999 -9999 -9999 -9999 -9999 9.322 8.724 9.676 9.505 9.187 8.797 8.247 7.355 7.793 8.208 9.059 9.375 9.702 9.429 8.906 8.231 7.914 8.207 8.98 8.809 9.027 9.003 9.291 9.583 9.464 9.482 9.513 9.562 9.7 9.587 9.495 9.567 9.569 9.373 9.494 9.545 9.482 9.412 9.47 9.505 9.269 8.968 8.8 8.794 8.973 9.152 9.359 9.487 9.648 9.78 9.939 9.864 9.978 10.064 10.119 10.195 10.237
-9999 -9999 -9999 -9999 -9999 -9999 -9999 -9999 -9999 -9999 -9999 -9999 -9999 -9999 -9999 -9999 -9999 -9999 -9999 -9999 -9999 9.823 8.819 8.176 7.497 7.447 7.529 7.924 8.413 9.3 9.528 9.688 9.464 9.281 8.972 8.538 8.186 8.235 8.599 8.975 8.988 8.876 9.268 9.554 9.416 9.648 9.641 9.552 9.897 9.908 9.68 9.638 9.63 9.348 9.251 9.574 9.534 9.493 9.528 9.479 9.231 9.086 9.113 9.235 9.235 9.355 9.42 9.45 9.656 9.839 9.904 9.934 10.055 10.132 10.157 10.211 10.262
-9999 -9999 -9999 -9999 -9999 -9999 -9999 -9999 -9999 -9999 -9999 -9999 -9999 -9999 -9999 -9999 -9999 -9999 -9999 -9999 -9999 9.078 8.094 7.368 6.786 6.702 7.257 8.242 9.111 9.367 9.047 8.457 8.041 8.106 8.684 9.002 8.53 8.541 8.805 9.021 8.518 8.794 9.135 9.297 9.368 9.696 9.684 9.775 9.658 9.806 9.846 9.714 9.657 9.479 9.379 9.579 9.633 9.445 9.352 9.299 9.141 9.109 9.263 9.166 9.177 9.195 9.398 9.393 9.6 9.793 9.791 9.914 10.085 10.141 10.139 10.124 10.104
-9999 -9999 -9999 -9999 -9999 -9999 -9999 -9999 -9999 -9999 -9999 -9999 -9999 -9999 -9999 -9999 -9999 -9999 -9999 -9999 9.621 9.076 8.15 7.381 6.967 7.318 7.839 8.337 8.026 7.329 7.763 7.658 7.785 8.68 9.058 8.835 8.743 8.998 9.149 8.719 8.608 8.684 9.026 9.267 9.398 9.808 9.763 9.564 9.719 9.518 9.638 9.58 9.571 9.518 9.569 9.774 9.719 9.58 9.503 9.336 9.261 9.067 9.162 9.187 9.193 9.302 9.371 9.588 9.731 9.759 9.739 9.901 10.123 10.142 10.152 10.109 10.033
-9999 -9999 -9999 -9999 -9999 -9999 -9999 -9999 -9999 -9999 -9999 -9999 -9999 -9999 -9999 -9999 -9999 -9999 -9999 -9999 9.391 8.724 8.33 8.039 7.54 6.937 7.321 7.565 7.404 7.553 7.32 7.226 7.786 8.638 8.267 8.334 9.053 8.85 9.314 8.948 8.62 8.527 9.214 9.268 9.792 9.917 9.729 9.591 9.1 9.33 9.38 9.442 9.449 9.487 9.607 9.825 9.825 9.665 9.671 9.667 9.329 9.145 9.048 9.093 9.211 9.531 9.663 9.801 9.881 9.804 9.743 9.878 9.998 10.127 10.148 10.14 10.056
-9999 -9999 -9999 -9999 -9999 -9999 -9999 -9999 -9999 -9999 -9999 -9999 -9999 -9999 -9999 -9999 -9999 -9999 -9999 -9999 8.917 8.921 9.073 8.418 7.319 6.778 7.267 7.547 7.881 7.499 7.634 7.858 8.094 8.008 8.251 9.065 9.102 9.174 8.793 9.262 9.064 9.267 9.218 9.334 9.819 10.03 9.846 9.398 9.451 9.336 9.291 9.368 9.401 9.594 9.747 9.79 9.746 9.671 9.707 9.683 9.387 9.133 9.245 9.394 9.319 9.576 9.751 9.971 9.984 9.85 9.896 10.014 10.102 10.205 10.299 10.222 10.183
-9999 -9999 -9999 -9999 -9999 -9999 -9999 -9999 -9999 -9999 -9999 -9999 -9999 -9999 -9999 -9999 -9999 -9999 -9999 9.137 8.829 8.426 8.65 8.398 7.32 7.263 6.957 7.594 8.412 8.451 8.564 8.098 7.949 8.489 8.671 8.702 9.104 9.04 9.476 9.643 9.645 9.539 9.366 9.681 9.97 10.033 9.965 9.845 9.698 9.667 9.523 9.516 9.463 9.565 9.748 9.795 9.771 9.802 9.743 9.586 9.43 9.332 9.481 9.601 9.6 9.617 9.912 9.928 9.977 9.867 9.825 9.972 10.124 10.165 10.217 10.199 10.23
-9999 -9999 -9999 -9999 -9999 -9999 -9999 -9999 -9999 -9999 -9999 -9999 -9999 -9999 -9999 -9999 -9999 -9999 8.947 8.872 8.398 8.806 8.823 7.651 7.003 6.97 7.401 8.048 8.693 8.552 8.639 8.211 7.636 8.541 8.536 9.225 9.334 9.573 9.658 9.584 9.432 9.476 9.381 9.82 9.969 10.278 10.232 10.041 9.974 9.902 9.829 9.635 9.574 9.699 9.792 9.743 9.687 9.684 9.657 9.52 9.457 9.462 9.58 9.766 9.865 9.936 9.819 9.802 9.81 9.829 9.848 9.976 10.006 9.971 9.962 10.016 10.171
-9999 -9999 -9999 -9999 -9999 -9999 -9999 -9999 -9999 -9999 -9999 -9999 -9999 -9999 -9999 -9999 8.622 8.728 8.702 9.363 9.309 9.097 8.352 7.292 6.934 6.943 6.963 7.993 8.49 9.014 8.644 8.003 7.995 8.669 9.299 9.477 9.725 9.707 9.747 9.376 9.281 9.313 9.69 10.143 10.339 10.4 10.268 10.051 10.038 10.082 9.947 9.721 9.727 9.779 9.865 9.601 9.511 9.399 9.267 9.296 9.374 9.611 9.725 9.807 9.727 9.825 9.802 9.825 9.806 9.817 9.878 10.016 10.107 9.89 9.817 9.912 10.171
-9999 -9999 -9999 -9999 -9999 -9999 -9999 -9999 -9999 -9999 -9999 -9999 -9999 -9999 -9999 8.588 8.494 8.327 8.813 9.242 9.18 8.84 7.647 7.586 7.109 7.111 7.696 8.579 9.227 9.132 8.953 8.335 7.745 8.48 9.187 9.725 9.657 9.657 9.357 9.511 9.3 9.403 9.918 10.284 10.556 10.509 10.166 10.157 9.961 9.985 10.014 9.914 9.832 9.781 9.634 9.64 9.438 9.433 9.337 9.137 9.172 9.326 9.526 9.628 9.619 9.687 9.837 9.767 9.974 10.022 10.019 10.081 10.043 9.927 9.816 9.973 10.216
-9999 -9999 -9999 -9999 -9999 -9999 -9999 -9999 -9999 -9999 -9999 -9999 9.838 9.491 9.13 8.924 8.525 8.631 8.883 9.344 9.373 8.172 7.995 7.86 8.16 7.396 8.379 8.677 8.288 8.899 9.137 7.643 8.368 9.069 10.013 9.968 9.695 9.134 9.856 9.689 9.627 9.683 9.826 10.284 10.514 10.567 10.36 10.288 10.089 9.929 10.004 9.956 9.963 9.749 9.593 9.244 9.409 9.507 9.483 9.29 9.265 9.388 9.546 9.694 9.653 9.709 9.742 9.883 9.964 10.075 10.014 10.071 10.104 10.015 10.047 10.116 10.225
-9999 -9999 -9999 -9999 -9999 -9999 -9999 -9999 -9999 -9999 9.179 9.405 9.658 9.633 9.521 9.119 9.218 9.034 9.315 9.117 8.215 8.669 8.541 8.506 8.679 8.217 8.122 7.303 7.935 8.426 8.369 8.789 9.28 9.872 9.165 9.418 9.693 9.909 10.072 10.055 9.896 9.924 10.142 10.155 10.455 10.667 10.524 10.398 10.259 10.154 10.106 9.821 9.94 9.946 9.623 9.396 9.227 9.506 9.489 9.315 9.247 9.313 9.443 9.727 9.874 9.899 9.824 9.776 9.974 9.934 9.871 9.996 10.125 10.115 10.113 10.126 10.118
-9999 -9999 -9999 -9999 -9999 -9999 9.26 9.358 9.304 9.251 8.728 9.526 9.454 9.618 9.424 9.115 9.148 9.149 9.018 8.236 8.677 9.111 8.58 9.123 8.875 8.443 7.484 7.722 8.175 8.495 8.465 9.212 9.729 8.501 8.575 9.376 9.448 9.958 10.088 10.18 10.002 9.769 10.063 9.968 10.582 10.646 10.535 10.24 10.043 10.071 9.535 9.759 9.89 9.957 9.668 9.304 9.29 9.435 9.468 9.46 9.382 9.401 9.493 9.726 9.847 9.923 9.914 9.75 9.778 9.883 9.871 10.052 10.217 10.109 9.812 9.807 9.74
-9999 -9999 -9999 -9999 -9999 9.57 9.327 9.376 9.268 8.401 8.12 8.346 8.744 9.233 8.737 8.592 8.783 8.776 8.359 8.826 9.029 8.759 9.311 9.558 9.147 8.453 7.929 8.24 8.501 8.552 8.901 9.323 8.253 7.025 8.362 9.168 9.772 9.76 9.998 9.845 9.905 10.075 10.143 10.412 10.528 10.516 10.5 10.195 9.878 9.45 9.171 9.08 9.68 9.826 9.345 9.184 9.254 9.417 9.531 9.485 9.487 9.497 9.652 9.662 9.72 9.834 9.691 9.573 9.744 9.869 9.926 10.069 10.159 9.968 9.716 9.577 9.628
-9999 -9999 -9999 -9999 9.74 9.379 9.334 9.441 9.022 8.475 8.604 8.88 9.244 8.887 8.856 8.839 9.371 8.868 8.718 9.103 9.185 9.418 9.997 9.541 8.667 8.198 8.487 8.719 8.681 9.256 9.392 9.016 7.434 7.55 8.367 9.748 9.619 9.805 9.721 10.097 10.193 10.095 10.259 10.371 10.465 10.462 10.562 10.348 9.958 9.389 8.957 9.17 9.538 9.619 9.305 8.97 9.194 9.412 9.5 9.596 9.577 9.62 9.654 9.693 9.578 9.663 9.763 9.635 9.743 9.771 9.652 9.888 10.053 9.891 9.675 9.676 9.727
