Validation/Results/raw data/ReClimate_10_2023_2_Temperature.asc
NCOLS 192
NROWS 249
XLLCENTER -225160.85627316462
YLLCENTER 29788.11610251502
CELLSIZE 5000.0
NODATA_VALUE -9999
[rows 136 to 169 of 249, columns 75 to 149 of 192]
-0.304 -9999 -9999 -9999 -9999 -9999 -9999 -9999 -9999 -9999 -0.362 -9999 -0.36 -0.355 -0.321 -0.283 -0.273 -0.264 -0.265 -0.268 -0.261 -0.255 -0.241 -0.227 -0.23 -0.235 -0.22 -0.204 -0.199 -0.192 -9999 -9999 -9999 -9999 -9999 -9999 -0.176 -0.175 -0.168 -0.158 -0.151 -0.144 -0.141 -0.138 -0.148 -0.158 -0.168 -0.177 -0.166 -0.149 -0.147 -0.142 -0.141 -0.136 -0.12 -0.096 -0.1 -0.1 -0.09 -9999 -9999 -9999 -9999 -9999 -9999 -9999 -9999 -9999 -9999 -9999 -9999 -9999 -9999 -9999 -9999
-0.306 -0.287 -9999 -9999 -9999 -9999 -9999 -9999 -9999 -9999 -0.35 -0.334 -0.329 -0.331 -0.302 -0.29 -0.276 -0.251 -0.251 -0.252 -0.246 -0.253 -0.239 -0.218 -0.219 -0.216 -0.202 -0.193 -0.19 -0.189 -9999 -9999 -9999 -9999 -0.164 -0.172 -0.171 -0.171 -0.166 -0.163 -0.159 -0.154 -0.15 -0.13 -0.138 -0.14 -0.148 -0.155 -0.15 -0.153 -0.153 -0.15 -0.153 -0.152 -0.143 -0.126 -0.121 -0.111 -0.097 -9999 -9999 -9999 -9999 -9999 -9999 -9999 -9999 -9999 -9999 -9999 -9999 -9999 -9999 -9999 -9999
-0.302 -0.283 -0.285 -9999 -9999 -9999 -9999 -9999 -9999 -9999 -0.321 -0.319 -0.318 -9999 -9999 -0.288 -0.266 -0.241 -0.24 -9999 -0.237 -0.245 -0.227 -0.207 -0.203 -0.199 -0.188 -0.18 -9999 -9999 -9999 -9999 -9999 -0.153 -0.154 -0.158 -0.158 -0.157 -0.156 -0.155 -0.153 -0.151 -0.138 -0.12 -0.124 -0.126 -0.133 -0.138 -0.143 -0.147 -0.147 -0.144 -0.148 -0.15 -0.142 -0.129 -0.126 -0.119 -0.105 -9999 -9999 -9999 -9999 -9999 -9999 -9999 -9999 -9999 -9999 -9999 -9999 -9999 -9999 -9999 -9999
-0.292 -0.286 -0.287 -9999 -9999 -9999 -9999 -9999 -9999 -9999 -9999 -0.317 -0.315 -9999 -9999 -9999 -0.252 -0.236 -0.23 -0.221 -9999 -9999 -0.215 -0.199 -0.19 -0.18 -0.172 -9999 -9999 -9999 -9999 -9999 -0.168 -0.163 -0.167 -0.166 -0.164 -0.154 -0.152 -0.148 -0.148 -0.143 -0.136 -0.133 -0.134 -0.126 -0.133 -0.139 -0.14 -0.131 -0.14 -0.143 -0.144 -0.144 -0.139 -0.128 -0.124 -0.117 -0.117 -9999 -9999 -9999 -9999 -9999 -9999 -9999 -9999 -9999 -9999 -9999 -9999 -9999 -9999 -9999 -9999
-0.289 -0.285 -9999 -9999 -9999 -9999 -9999 -9999 -9999 -9999 -9999 -9999 -0.307 -9999 -9999 -9999 -9999 -0.229 -0.218 -0.207 -9999 -9999 -9999 -0.18 -0.171 -9999 -9999 -9999 -9999 -9999 -9999 -9999 -0.166 -0.158 -0.158 -0.158 -0.151 -0.142 -0.139 -0.137 -0.136 -0.131 -0.132 -0.13 -0.126 -0.119 -0.126 -0.132 -0.126 -0.118 -0.126 -0.134 -0.136 -0.135 -0.13 -0.12 -0.117 -0.11 -0.11 -9999 -9999 -9999 -9999 -9999 -9999 -9999 -9999 -9999 -9999 -9999 -9999 -9999 -9999 -9999 -9999
-0.28 -9999 -9999 -9999 -9999 -9999 -9999 -9999 -9999 -9999 -9999 -9999 -0.303 -9999 -9999 -9999 -9999 -9999 -0.203 -0.197 -9999 -9999 -9999 -9999 -9999 -9999 -9999 -9999 -9999 -9999 -9999 -9999 -0.157 -0.156 -0.153 -0.143 -0.137 -0.131 -0.132 -0.14 -0.14 -0.138 -0.136 -0.125 -0.119 -0.105 -0.107 -0.102 -0.105 -0.122 -0.133 -0.143 -0.138 -0.132 -0.137 -0.134 -0.125 -0.116 -0.113 -0.097 -9999 -9999 -9999 -9999 -9999 -9999 -9999 -9999 -9999 -9999 -9999 -9999 -9999 -9999 -9999
-9999 -0.282 -0.277 -0.27 -0.28 -9999 -9999 -9999 -9999 -9999 -9999 -9999 -0.296 -9999 -9999 -9999 -9999 -9999 -9999 -9999 -9999 -9999 -9999 -9999 -9999 -9999 -9999 -9999 -9999 -9999 -9999 -0.168 -0.159 -0.144 -0.136 -0.127 -0.123 -0.118 -0.124 -0.132 -0.133 -0.132 -0.126 -0.115 -0.106 -0.093 -0.09 -0.084 -0.1 -0.118 -0.128 -0.138 -0.134 -0.124 -0.129 -0.132 -0.125 -0.112 -0.11 -0.103 -0.085 -9999 -9999 -9999 -9999 -9999 -9999 -9999 -9999 -9999 -9999 -9999 -9999 -9999 -9999
-0.272 -0.292 -0.289 -0.283 -0.29 -9999 -9999 -9999 -9999 -9999 -9999 -9999 -9999 -9999 -9999 -9999 -9999 -9999 -9999 -9999 -9999 -9999 -9999 -9999 -9999 -9999 -9999 -9999 -9999 -9999 -0.174 -0.178 -0.159 -0.119 -0.114 -0.113 -0.111 -0.112 -0.116 -0.116 -0.123 -0.135 -0.129 -0.118 -0.111 -0.1 -0.104 -0.117 -0.128 -0.126 -0.132 -0.128 -0.136 -0.136 -0.138 -0.14 -0.131 -0.119 -0.106 -0.094 -0.098 -9999 -9999 -9999 -9999 -9999 -9999 -9999 -9999 -9999 -9999 -9999 -9999 -9999 -9999
-0.273 -0.293 -0.29 -9999 -0.286 -0.291 -9999 -9999 -9999 -9999 -9999 -9999 -9999 -9999 -9999 -9999 -9999 -9999 -9999 -9999 -9999 -9999 -9999 -9999 -9999 -9999 -9999 -9999 -9999 -9999 -0.149 -0.17 -0.139 -0.101 -0.1 -0.099 -0.102 -0.104 -0.104 -0.105 -0.118 -0.13 -0.124 -0.114 -0.107 -0.097 -0.111 -0.124 -0.125 -0.123 -0.122 -0.119 -0.127 -0.134 -0.137 -0.137 -0.129 -0.115 -0.103 -0.085 -0.089 -0.091 -0.112 -9999 -9999 -9999 -9999 -9999 -9999 -9999 -9999 -9999 -9999 -9999 -9999
-0.288 -0.305 -0.3 -9999 -9999 -0.291 -9999 -9999 -9999 -9999 -9999 -9999 -9999 -9999 -9999 -9999 -9999 -9999 -9999 -9999 -9999 -9999 -9999 -9999 -9999 -9999 -9999 -9999 -9999 -9999 -0.118 -0.134 -0.114 -0.109 -0.112 -0.116 -0.116 -0.104 -0.106 -0.11 -0.12 -0.121 -0.115 -0.106 -0.105 -0.111 -0.122 -0.126 -0.127 -0.127 -0.131 -0.13 -0.126 -0.126 -0.126 -0.125 -0.117 -0.104 -0.109 -0.101 -0.103 -0.106 -0.113 -0.125 -0.128 -0.124 -9999 -9999 -9999 -9999 -9999 -9999 -9999 -9999 -9999
-0.289 -0.306 -0.297 -0.286 -9999 -0.283 -9999 -9999 -9999 -9999 -9999 -9999 -9999 -9999 -9999 -9999 -9999 -9999 -9999 -9999 -9999 -9999 -9999 -9999 -9999 -9999 -9999 -9999 -9999 -0.136 -0.114 -0.111 -0.11 -0.108 -0.113 -0.117 -0.11 -0.099 -0.102 -0.107 -0.11 -0.111 -0.106 -0.097 -0.104 -0.11 -0.116 -0.12 -0.122 -0.123 -0.126 -0.128 -0.125 -0.117 -0.117 -0.115 -0.107 -0.095 -0.1 -0.103 -0.105 -0.106 -0.113 -0.119 -0.116 -0.121 -0.129 -0.125 -9999 -9999 -9999 -9999 -9999 -9999 -9999
-0.29 -0.281 -0.28 -9999 -0.287 -9999 -9999 -9999 -9999 -9999 -9999 -9999 -9999 -9999 -9999 -9999 -9999 -9999 -9999 -9999 -9999 -9999 -9999 -9999 -9999 -9999 -9999 -9999 -9999 -9999 -0.132 -0.13 -0.131 -0.128 -0.127 -0.111 -0.11 -0.118 -0.119 -0.115 -0.12 -0.124 -0.121 -0.116 -0.12 -0.113 -0.12 -0.125 -0.126 -0.121 -0.12 -0.119 -0.127 -0.127 -0.135 -0.139 -0.124 -0.109 -0.112 -0.114 -0.124 -0.13 -0.122 -0.119 -0.126 -0.129 -0.136 -0.133 -0.123 -9999 -9999 -9999 -9999 -9999 -9999
-0.277 -0.266 -0.276 -0.289 -0.271 -9999 -9999 -9999 -9999 -9999 -9999 -9999 -9999 -9999 -9999 -9999 -9999 -9999 -9999 -9999 -9999 -9999 -9999 -9999 -9999 -9999 -9999 -9999 -9999 -9999 -9999 -0.134 -0.132 -0.13 -0.119 -0.104 -0.112 -0.12 -0.116 -0.111 -0.117 -0.122 -0.121 -0.118 -0.115 -0.109 -0.115 -0.121 -0.119 -0.114 -0.113 -0.11 -0.117 -0.123 -0.132 -0.14 -0.128 -0.109 -0.112 -0.113 -0.123 -0.132 -0.125 -0.113 -0.12 -0.125 -0.134 -0.141 -0.129 -0.114 -9999 -9999 -9999 -9999 -9999
-0.267 -0.261 -0.267 -0.266 -9999 -9999 -9999 -9999 -9999 -9999 -9999 -9999 -9999 -9999 -9999 -9999 -9999 -9999 -9999 -9999 -9999 -9999 -9999 -9999 -9999 -9999 -9999 -9999 -9999 -9999 -9999 -0.12 -0.114 -0.129 -0.12 -0.114 -0.123 -0.132 -0.127 -0.117 -0.119 -0.107 -0.11 -0.116 -0.114 -0.11 -0.118 -0.126 -0.127 -0.129 -0.126 -0.111 -0.116 -0.121 -0.118 -0.119 -0.128 -0.123 -0.128 -0.13 -0.127 -0.128 -0.123 -0.113 -0.115 -0.117 -0.117 -0.118 -0.125 -0.116 -0.099 -9999 -9999 -9999 -9999
-0.258 -0.253 -0.252 -0.25 -9999 -9999 -9999 -9999 -9999 -9999 -9999 -9999 -9999 -9999 -9999 -9999 -9999 -9999 -9999 -9999 -9999 -9999 -9999 -9999 -9999 -9999 -9999 -9999 -9999 -9999 -9999 -9999 -0.112 -0.125 -0.12 -0.113 -0.122 -0.13 -0.122 -0.113 -0.106 -0.095 -0.102 -0.109 -0.108 -0.105 -0.114 -0.122 -0.126 -0.128 -0.119 -0.104 -0.11 -0.114 -0.111 -0.104 -0.114 -0.122 -0.127 -0.13 -0.128 -0.121 -0.116 -0.106 -0.108 -0.108 -0.107 -0.103 -0.108 -0.112 -0.102 -9999 -9999 -9999 -9999
-9999 -9999 -9999 -9999 -9999 -9999 -9999 -9999 -9999 -9999 -9999 -9999 -9999 -9999 -9999 -9999 -9999 -9999 -9999 -9999 -9999 -9999 -9999 -9999 -9999 -9999 -9999 -9999 -9999 -9999 -9999 -9999 -0.113 -0.123 -0.115 -0.1 -0.104 -0.107 -0.103 -0.109 -0.107 -0.106 -0.108 -0.097 -0.099 -0.104 -0.117 -0.136 -0.138 -0.131 -0.125 -0.114 -0.115 -0.117 -0.115 -0.11 -0.113 -0.119 -0.122 -0.124 -0.129 -0.127 -0.134 -0.132 -0.119 -0.111 -0.106 -0.099 -0.111 -0.12 -0.117 -0.095 -9999 -9999 -9999
-9999 -9999 -9999 -9999 -9999 -9999 -9999 -9999 -9999 -9999 -9999 -9999 -9999 -9999 -9999 -9999 -9999 -9999 -9999 -9999 -9999 -9999 -9999 -9999 -9999 -9999 -9999 -9999 -9999 -9999 -9999 -9999 -9999 -0.119 -0.107 -0.09 -0.091 -0.093 -0.096 -0.101 -0.104 -0.103 -0.097 -0.086 -0.092 -0.097 -0.115 -0.135 -0.132 -0.125 -0.12 -0.11 -0.112 -0.112 -0.111 -0.106 -0.11 -0.111 -0.114 -0.115 -0.12 -0.123 -0.129 -0.133 -0.123 -0.105 -0.101 -0.092 -0.103 -0.114 -0.113 -0.108 -9999 -9999 -9999
-9999 -9999 -9999 -9999 -9999 -9999 -9999 -9999 -9999 -9999 -9999 -9999 -9999 -9999 -9999 -9999 -9999 -9999 -9999 -9999 -9999 -9999 -9999 -9999 -9999 -9999 -9999 -9999 -9999 -9999 -9999 -9999 -9999 -0.109 -9999 -0.107 -0.102 -0.081 -0.078 -9999 -0.081 -0.097 -0.094 -0.092 -0.101 -0.112 -0.119 -0.104 -0.103 -0.108 -0.111 -0.107 -0.113 -0.116 -0.117 -0.114 -0.115 -0.115 -0.115 -0.114 -0.122 -0.126 -0.125 -0.124 -0.124 -0.113 -0.119 -0.118 -0.119 -0.124 -0.11 -0.098 -0.1 -9999 -9999
-9999 -9999 -9999 -9999 -9999 -9999 -9999 -9999 -9999 -9999 -9999 -9999 -9999 -9999 -9999 -9999 -9999 -9999 -9999 -9999 -9999 -9999 -9999 -9999 -9999 -9999 -9999 -9999 -9999 -9999 -9999 -9999 -9999 -9999 -0.112 -0.11 -9999 -9999 -9999 -9999 -0.073 -0.088 -0.089 -0.088 -0.1 -0.111 -0.101 -0.086 -0.091 -0.094 -0.097 -0.099 -0.106 -0.111 -0.112 -0.109 -0.111 -0.109 -0.11 -0.107 -0.114 -0.119 -0.118 -0.113 -0.113 -0.108 -0.115 -0.12 -0.122 -0.121 -0.107 -0.087 -0.089 -0.089 -0.078
-9999 -9999 -9999 -9999 -9999 -9999 -9999 -9999 -9999 -9999 -9999 -9999 -9999 -9999 -9999 -9999 -9999 -9999 -9999 -9999 -9999 -9999 -9999 -9999 -9999 -9999 -9999 -9999 -9999 -9999 -9999 -9999 -9999 -9999 -0.106 -0.105 -9999 -9999 -9999 -9999 -0.066 -0.082 -0.085 -0.088 -0.1 -0.11 -0.098 -0.078 -0.082 -0.081 -0.092 -0.098 -0.108 -0.116 -0.115 -0.113 -0.119 -0.12 -0.124 -0.123 -0.118 -0.117 -0.127 -0.129 -0.12 -0.112 -0.115 -0.117 -0.119 -0.118 -0.115 -0.102 -0.085 -0.072 -0.083
-9999 -9999 -9999 -9999 -9999 -9999 -9999 -9999 -9999 -9999 -9999 -9999 -9999 -9999 -9999 -9999 -9999 -9999 -9999 -9999 -9999 -9999 -9999 -9999 -9999 -9999 -9999 -9999 -9999 -9999 -9999 -9999 -9999 -9999 -0.108 -9999 -9999 -9999 -9999 -0.053 -0.059 -0.073 -0.078 -0.081 -0.091 -0.101 -0.087 -0.068 -0.07 -0.07 -0.08 -0.09 -0.1 -0.11 -0.109 -0.106 -0.112 -0.116 -0.12 -0.121 -0.117 -0.109 -0.118 -0.126 -0.119 -0.105 -0.108 -0.108 -0.109 -0.108 -0.106 -0.1 -0.084 -0.072 -9999
-9999 -9999 -9999 -9999 -9999 -9999 -9999 -9999 -9999 -9999 -9999 -9999 -9999 -9999 -9999 -9999 -9999 -9999 -9999 -9999 -9999 -9999 -9999 -9999 -9999 -9999 -9999 -9999 -9999 -9999 -9999 -9999 -9999 -9999 -9999 -9999 -9999 -9999 -9999 -0.08 -0.085 -0.082 -0.09 -0.102 -0.11 -0.109 -0.099 -0.084 -0.089 -0.093 -0.101 -0.103 -0.102 -0.106 -0.112 -0.114 -0.116 -0.119 -0.117 -0.115 -0.117 -0.112 -0.118 -0.124 -0.119 -0.108 -0.103 -0.099 -0.116 -0.125 -0.113 -0.102 -0.109 -0.096 -9999
-9999 -9999 -9999 -9999 -9999 -9999 -9999 -9999 -9999 -9999 -9999 -9999 -9999 -9999 -9999 -9999 -9999 -9999 -9999 -9999 -9999 -9999 -9999 -9999 -9999 -9999 -9999 -9999 -9999 -9999 -9999 -9999 -9999 -9999 -9999 -9999 -9999 -9999 -9999 -0.087 -0.084 -0.081 -0.092 -0.104 -0.107 -0.106 -0.097 -0.084 -0.09 -0.095 -0.098 -0.099 -0.099 -0.096 -0.102 -0.108 -0.111 -0.111 -0.11 -0.105 -0.107 -0.105 -0.111 -0.115 -0.11 -0.101 -0.097 -0.088 -0.104 -0.122 -0.112 -0.095 -0.102 -0.101 -9999
-9999 -9999 -9999 -9999 -9999 -9999 -9999 -9999 -9999 -9999 -9999 -9999 -9999 -9999 -9999 -9999 -9999 -9999 -9999 -9999 -9999 -9999 -9999 -9999 -9999 -9999 -9999 -9999 -9999 -9999 -9999 -9999 -9999 -9999 -9999 -9999 -9999 -9999 -0.084 -0.1 -0.098 -0.095 -0.102 -0.096 -0.098 -0.098 -0.094 -0.096 -0.102 -0.105 -0.106 -0.106 -0.112 -0.114 -0.11 -0.11 -0.114 -0.117 -0.123 -0.124 -0.108 -0.097 -0.1 -0.102 -0.106 -0.102 -0.107 -0.105 -0.112 -0.123 -0.12 -0.109 -0.103 -0.093 -0.081
-9999 -9999 -9999 -9999 -9999 -9999 -9999 -9999 -9999 -9999 -9999 -9999 -9999 -9999 -9999 -9999 -9999 -9999 -9999 -9999 -9999 -9999 -9999 -9999 -9999 -9999 -9999 -9999 -9999 -9999 -9999 -9999 -9999 -9999 -9999 -9999 -9999 -9999 -0.095 -0.101 -0.099 -0.097 -0.092 -0.086 -0.088 -0.088 -0.092 -0.094 -0.098 -0.101 -0.102 -0.1 -0.106 -0.111 -0.108 -0.102 -0.107 -0.11 -0.117 -0.122 -0.108 -0.087 -0.09 -0.089 -0.093 -0.094 -0.1 -0.103 -0.11 -0.115 -0.112 -0.105 -0.1 -0.09 -0.082
-9999 -9999 -9999 -9999 -9999 -9999 -9999 -9999 -9999 -9999 -9999 -9999 -9999 -9999 -9999 -9999 -9999 -9999 -9999 -9999 -9999 -9999 -9999 -9999 -9999 -9999 -9999 -9999 -9999 -9999 -9999 -9999 -9999 -9999 -9999 -9999 -9999 -0.155 -0.153 -0.126 -0.121 -0.105 -0.095 -0.077 -0.083 -0.095 -0.099 -0.098 -0.105 -0.115 -0.112 -0.108 -0.111 -0.114 -0.118 -0.116 -0.119 -0.122 -0.118 -0.117 -0.116 -0.103 -0.1 -0.098 -0.102 -0.104 -0.11 -0.114 -0.115 -0.118 -0.124 -0.123 -0.111 -0.099 -0.097
-9999 -9999 -9999 -9999 -9999 -9999 -9999 -9999 -9999 -9999 -9999 -9999 -9999 -9999 -9999 -9999 -9999 -9999 -9999 -9999 -9999 -9999 -9999 -9999 -9999 -9999 -9999 -9999 -9999 -9999 -9999 -9999 -9999 -9999 -9999 -9999 -9999 -0.176 -0.156 -0.131 -0.119 -0.102 -0.087 -0.068 -0.079 -0.091 -0.093 -0.092 -0.103 -0.113 -0.11 -0.103 -0.106 -0.107 -0.111 -0.113 -0.117 -0.117 -0.114 -0.106 -0.105 -0.101 -0.099 -0.093 -0.097 -0.099 -0.105 -0.109 -0.111 -0.11 -0.116 -0.119 -0.109 -0.093 -0.092
-9999 -9999 -9999 -9999 -9999 -9999 -9999 -9999 -9999 -9999 -9999 -9999 -9999 -9999 -9999 -9999 -9999 -9999 -9999 -9999 -9999 -9999 -9999 -9999 -9999 -9999 -9999 -9999 -9999 -9999 -9999 -9999 -9999 -9999 -9999 -9999 -9999 -0.16 -0.141 -0.136 -0.123 -0.104 -0.095 -0.093 -0.099 -0.092 -0.095 -0.097 -0.104 -0.103 -0.102 -0.097 -0.108 -0.114 -0.112 -0.111 -0.115 -0.117 -0.126 -0.126 -0.106 -0.091 -0.101 -0.102 -0.101 -0.101 -0.107 -0.112 -0.115 -0.116 -0.108 -0.104 -0.105 -0.093 -0.086
-9999 -9999 -9999 -9999 -9999 -9999 -9999 -9999 -9999 -9999 -9999 -9999 -9999 -9999 -9999 -9999 -9999 -9999 -9999 -9999 -9999 -9999 -9999 -9999 -9999 -9999 -9999 -9999 -9999 -9999 -9999 -9999 -9999 -9999 -9999 -9999 -9999 -9999 -0.138 -0.132 -0.118 -0.099 -0.099 -0.098 -0.092 -0.086 -0.09 -0.092 -0.093 -0.092 -0.091 -0.088 -0.098 -0.109 -0.108 -0.103 -0.107 -0.108 -0.117 -0.124 -0.106 -0.079 -0.088 -0.096 -0.097 -0.093 -0.1 -0.104 -0.108 -0.108 -0.102 -9999 -0.091 -9999 -0.08
-9999 -9999 -9999 -9999 -9999 -9999 -9999 -9999 -9999 -9999 -9999 -9999 -9999 -9999 -9999 -9999 -9999 -9999 -9999 -9999 -9999 -9999 -9999 -9999 -9999 -9999 -9999 -9999 -9999 -9999 -9999 -9999 -9999 -9999 -9999 -9999 -9999 -0.142 -0.131 -0.132 -0.123 -0.116 -0.115 -0.108 -0.106 -0.105 -0.103 -0.083 -0.087 -0.094 -0.097 -0.107 -0.113 -0.121 -0.119 -0.115 -0.116 -0.117 -0.115 -0.116 -0.12 -0.108 -0.102 -0.103 -0.102 -0.098 -0.1 -0.102 -0.097 -0.093 -0.097 -0.092 -0.093 -0.091 -9999
-9999 -9999 -9999 -9999 -9999 -9999 -9999 -9999 -9999 -9999 -9999 -9999 -9999 -9999 -9999 -9999 -9999 -9999 -9999 -9999 -9999 -9999 -9999 -9999 -9999 -9999 -9999 -9999 -9999 -9999 -9999 -9999 -9999 -9999 -9999 -9999 -9999 -0.136 -0.129 -0.126 -0.123 -0.118 -0.114 -0.107 -0.107 -0.107 -0.092 -0.074 -0.081 -0.088 -0.097 -0.106 -0.112 -0.117 -0.116 -0.11 -0.112 -0.111 -0.11 -0.105 -0.108 -0.109 -0.105 -0.096 -0.096 -0.091 -0.093 -0.092 -0.088 -0.079 -0.083 -0.084 -0.085 -0.082 -0.065
-9999 -9999 -9999 -9999 -9999 -9999 -9999 -9999 -9999 -9999 -9999 -9999 -9999 -9999 -9999 -9999 -9999 -9999 -9999 -9999 -9999 -9999 -9999 -9999 -9999 -9999 -9999 -9999 -9999 -9999 -9999 -9999 -9999 -9999 -9999 -9999 -0.136 -0.144 -0.143 -0.141 -0.137 -0.128 -0.122 -0.108 -0.106 -0.099 -0.089 -0.087 -0.095 -0.101 -0.095 -0.094 -0.102 -0.107 -0.116 -0.117 -0.111 -0.105 -0.1 -0.094 -0.105 -0.11 -0.11 -0.105 -0.103 -0.099 -0.091 -0.084 -0.089 -0.086 -0.084 -0.081 -0.088 -0.09 -0.082
-9999 -9999 -9999 -9999 -9999 -9999 -9999 -9999 -9999 -9999 -9999 -9999 -9999 -9999 -9999 -9999 -9999 -9999 -9999 -9999 -9999 -9999 -9999 -9999 -9999 -9999 -9999 -9999 -9999 -9999 -9999 -9999 -9999 -9999 -9999 -9999 -0.145 -0.144 -0.144 -0.143 -0.136 -0.126 -0.116 -0.103 -0.098 -0.091 -0.089 -0.086 -0.093 -0.1 -0.093 -0.083 -0.09 -0.096 -0.104 -0.111 -0.105 -0.094 -0.09 -0.081 -0.092 -0.102 -0.102 -0.099 -0.098 -0.092 -0.085 -0.072 -0.076 -0.076 -0.073 -0.066 -0.073 -0.078 -0.07
-9999 -9999 -9999 -9999 -9999 -9999 -9999 -9999 -9999 -9999 -9999 -9999 -9999 -9999 -9999 -9999 -9999 -9999 -9999 -9999 -9999 -9999 -9999 -9999 -9999 -9999 -9999 -9999 -9999 -9999 -9999 -9999 -9999 -9999 -9999 -9999 -9999 -0.155 -0.15 -0.135 -0.131 -0.131 -0.123 -0.115 -0.111 -0.104 -0.101 -0.092 -0.097 -0.098 -0.098 -0.105 -0.096 -0.093 -0.099 -0.105 -0.103 -0.095 -0.095 -0.09 -0.09 -0.094 -0.103 -0.106 -0.099 -0.09 -0.089 -0.079 -0.079 -0.078 -0.071 -0.062 -0.06 -0.061 -0.053
