Validation/Results/raw data/ReClimate_06_2024_2weatherlogisticsltd.asc
NCOLS 192
NROWS 249
XLLCENTER -225160.85627316462
YLLCENTER 29788.11610251502
CELLSIZE 5000.0
NODATA_VALUE -9999
[rows 99 to 131 of 249, columns 74 to 147 of 192]
91.23 91.206 91.182 91.16 91.138 91.346 92.014 93.108 -9999 -9999 96.297 97.64 99.642 101.671 103.637 105.553 107.427 109.271 111.094 112.903 114.709 116.431 117.953 119.34 120.711 122.072 123.428 124.783 126.124 127.42 128.705 130.012 131.346 132.716 134.13 135.598 137.142 138.775 140.516 141.973 143.078 144.222 145.477 146.875 148.392 -9999 -9999 -9999 -9999 -9999 -9999 -9999 -9999 -9999 -9999 -9999 -9999 -9999 -9999 -9999 -9999 -9999 -9999 -9999 -9999 -9999 -9999 -9999 -9999 -9999 -9999 -9999 -9999 -9999
91.771 91.67 91.542 -9999 -9999 91.2 91.685 -9999 -9999 -9999 95.763 97.235 99.283 101.312 103.278 105.194 107.07 108.914 110.738 112.549 114.358 116.089 117.621 119.019 120.403 121.754 123.029 124.281 125.519 126.759 128.02 129.308 130.629 131.992 133.405 134.881 136.434 138.079 139.838 141.352 142.522 143.695 144.978 146.407 147.96 -9999 -9999 -9999 -9999 -9999 -9999 -9999 -9999 -9999 -9999 -9999 -9999 -9999 -9999 -9999 -9999 -9999 -9999 -9999 -9999 -9999 -9999 -9999 -9999 -9999 -9999 -9999 -9999 -9999
92.864 -9999 92.527 92.304 92.072 -9999 -9999 -9999 -9999 94.388 95.256 96.802 98.901 100.933 102.903 104.821 106.699 108.545 110.37 112.184 113.997 115.732 117.266 118.638 119.898 121.118 122.325 123.539 124.764 126.007 127.273 128.567 129.897 131.27 132.697 134.188 135.755 137.413 139.178 140.721 141.906 143.054 144.29 145.664 -9999 -9999 -9999 -9999 -9999 -9999 -9999 -9999 -9999 -9999 -9999 -9999 -9999 -9999 -9999 -9999 -9999 -9999 -9999 -9999 -9999 -9999 -9999 -9999 -9999 -9999 -9999 -9999 -9999 -9999
94.065 93.897 93.693 93.456 93.186 92.884 92.959 -9999 -9999 94.59 -9999 -9999 98.5 100.537 102.512 104.434 106.313 108.162 109.99 111.807 113.624 115.321 116.717 117.94 119.15 120.357 121.564 122.779 124.008 125.254 126.526 127.828 129.167 130.554 131.996 133.504 135.092 136.772 138.557 140.13 141.328 142.458 143.57 -9999 -9999 -9999 -9999 -9999 -9999 -9999 -9999 -9999 -9999 -9999 -9999 -9999 -9999 -9999 -9999 -9999 -9999 -9999 -9999 -9999 -9999 -9999 -9999 -9999 -9999 -9999 -9999 -9999 -9999 -9999
95.217 95.03 94.81 94.558 94.275 -9999 -9999 -9999 94.46 94.839 95.262 96.556 98.3 100.106 102.092 104.028 105.911 107.763 109.593 111.394 113.121 114.643 115.951 117.172 118.381 119.587 120.796 122.013 123.244 124.495 125.773 127.083 128.433 129.832 131.289 132.817 134.427 136.134 -9999 -9999 140.782 -9999 -9999 -9999 -9999 -9999 -9999 -9999 -9999 -9999 -9999 -9999 -9999 -9999 -9999 -9999 -9999 -9999 -9999 -9999 -9999 -9999 -9999 -9999 -9999 -9999 -9999 -9999 -9999 -9999 -9999 -9999 -9999 -9999
96.339 96.134 95.897 -9999 95.335 -9999 -9999 -9999 94.711 95.155 95.765 96.899 98.467 100.12 101.781 103.562 105.473 107.342 109.141 110.802 112.412 113.896 115.174 116.392 117.6 118.806 120.015 121.234 122.469 123.725 125.009 126.326 127.685 129.095 130.566 132.109 133.739 -9999 137.32 138.967 140.231 141.078 -9999 -9999 -9999 -9999 -9999 -9999 -9999 -9999 -9999 -9999 -9999 -9999 -9999 -9999 -9999 -9999 -9999 -9999 -9999 -9999 -9999 -9999 -9999 -9999 -9999 -9999 -9999 -9999 -9999 -9999 -9999 -9999
-9999 97.219 -9999 -9999 -9999 -9999 95.674 95.319 95.352 95.672 96.246 97.324 98.822 100.291 101.787 103.35 104.974 106.772 108.456 110.094 111.688 113.137 114.38 115.596 116.803 118.008 119.219 120.441 121.679 122.939 124.228 125.551 126.918 128.336 129.816 -9999 133.01 134.753 136.617 138.256 139.473 140.059 -9999 -9999 -9999 -9999 -9999 -9999 -9999 -9999 -9999 -9999 -9999 -9999 -9999 -9999 -9999 -9999 -9999 -9999 -9999 -9999 -9999 -9999 -9999 -9999 -9999 -9999 -9999 -9999 -9999 -9999 -9999 -9999
-9999 -9999 -9999 -9999 -9999 -9999 96.701 96.341 96.137 96.168 96.692 97.699 99.143 100.555 101.944 103.309 104.725 106.1 107.642 109.267 110.874 112.309 113.564 114.778 115.984 117.191 118.403 119.628 120.869 122.133 123.426 124.754 126.125 127.548 129.032 130.588 132.229 133.959 135.73 137.122 138.086 138.891 139.429 -9999 -9999 -9999 -9999 -9999 -9999 -9999 -9999 -9999 -9999 -9999 -9999 -9999 -9999 -9999 -9999 -9999 -9999 -9999 -9999 -9999 -9999 -9999 -9999 -9999 -9999 -9999 -9999 -9999 -9999 -9999
-9999 -9999 -9999 -9999 -9999 98.143 -9999 -9999 97.002 96.892 97.104 98.025 99.42 -9999 -9999 103.342 104.479 105.671 106.946 108.376 109.938 111.321 112.579 113.823 115.06 116.296 117.536 118.783 120.037 121.304 122.6 123.929 125.291 126.681 128.116 129.602 131.148 132.747 134.317 135.513 136.375 137.166 137.912 138.315 -9999 -9999 -9999 -9999 -9999 -9999 -9999 -9999 -9999 -9999 -9999 -9999 -9999 -9999 -9999 -9999 -9999 -9999 -9999 -9999 -9999 -9999 -9999 -9999 -9999 -9999 -9999 -9999 -9999 -9999
-9999 -9999 -9999 -9999 -9999 99.196 -9999 98.415 98.001 97.679 97.604 98.311 99.651 100.952 102.163 103.259 104.322 105.365 106.449 107.649 108.941 110.261 111.515 112.756 113.991 115.226 116.464 117.707 118.956 120.22 121.504 122.809 124.135 125.489 126.878 128.307 129.781 131.303 132.756 133.825 134.655 135.44 136.195 -9999 -9999 -9999 -9999 -9999 -9999 -9999 -9999 -9999 -9999 -9999 -9999 -9999 -9999 -9999 -9999 -9999 -9999 -9999 -9999 -9999 -9999 -9999 -9999 -9999 -9999 -9999 -9999 -9999 -9999 -9999
-9999 -9999 -9999 -9999 -9999 100.249 -9999 99.434 99.017 98.589 98.297 98.642 -9999 101.043 102.116 -9999 104.137 105.109 106.07 107.075 108.126 109.185 110.42 111.644 112.864 114.084 115.308 116.537 117.774 119.022 120.283 121.562 122.862 124.189 125.545 126.937 128.368 129.842 131.176 -9999 -9999 -9999 -9999 -9999 -9999 -9999 -9999 -9999 -9999 -9999 -9999 -9999 -9999 -9999 -9999 -9999 -9999 -9999 -9999 -9999 -9999 -9999 -9999 -9999 -9999 -9999 -9999 -9999 -9999 -9999 -9999 -9999 -9999 -9999
-9999 -9999 -9999 102.064 101.692 -9999 -9999 100.498 100.04 99.596 99.136 99.243 99.946 101.021 102.032 -9999 103.922 104.825 105.717 106.595 107.395 108.261 109.31 110.52 111.728 112.937 114.148 115.363 116.584 117.814 119.054 120.309 121.582 122.878 124.2 125.553 126.942 128.377 -9999 -9999 -9999 -9999 -9999 -9999 -9999 -9999 -9999 -9999 -9999 -9999 -9999 -9999 -9999 -9999 -9999 -9999 -9999 -9999 -9999 -9999 -9999 -9999 -9999 -9999 -9999 -9999 -9999 -9999 -9999 -9999 -9999 -9999 -9999 -9999
-9999 -9999 103.626 103.217 102.806 -9999 101.989 101.552 101.075 100.612 -9999 99.918 100.236 100.958 101.911 -9999 103.677 104.513 105.336 106.109 106.756 107.445 108.298 109.382 110.582 111.782 112.982 114.185 115.39 -9999 117.818 119.048 120.292 121.555 122.842 124.157 125.504 -9999 -9999 -9999 -9999 -9999 -9999 -9999 -9999 -9999 -9999 -9999 -9999 -9999 -9999 -9999 -9999 -9999 -9999 -9999 -9999 -9999 -9999 -9999 -9999 -9999 -9999 -9999 -9999 -9999 -9999 -9999 -9999 -9999 -9999 -9999 -9999 -9999
-9999 -9999 104.779 104.36 -9999 -9999 103.067 102.598 102.136 -9999 101.13 100.694 100.627 101.129 101.754 -9999 103.401 104.172 104.921 105.576 106.134 106.709 107.401 108.268 109.423 110.617 111.81 113.0 114.189 115.379 116.574 -9999 -9999 120.22 121.471 -9999 -9999 -9999 -9999 -9999 -9999 128.363 129.126 129.857 -9999 -9999 -9999 -9999 -9999 -9999 -9999 -9999 -9999 -9999 -9999 -9999 -9999 -9999 -9999 -9999 -9999 -9999 -9999 -9999 -9999 -9999 -9999 -9999 -9999 -9999 -9999 -9999 -9999 -9999
-9999 106.457 105.999 -9999 -9999 104.636 104.182 103.698 103.214 -9999 102.118 101.467 101.199 101.438 101.846 -9999 -9999 -9999 104.459 104.985 105.482 106.006 106.567 107.316 108.253 109.445 110.63 111.807 112.98 114.149 115.318 116.492 117.675 118.87 120.084 -9999 -9999 -9999 -9999 -9999 125.787 126.56 127.247 127.961 128.657 -9999 -9999 -9999 -9999 -9999 -9999 -9999 -9999 -9999 -9999 -9999 -9999 -9999 -9999 -9999 -9999 -9999 -9999 -9999 -9999 -9999 -9999 -9999 -9999 -9999 -9999 -9999 -9999 -9999
108.189 107.73 107.275 -9999 -9999 -9999 105.342 104.83 104.298 -9999 103.056 -9999 101.903 101.894 102.092 -9999 102.805 103.405 103.944 -9999 104.8 105.272 105.805 106.407 107.22 108.265 109.442 110.606 111.759 112.906 114.048 115.195 116.353 117.519 118.692 119.864 120.998 121.853 -9999 123.276 123.985 124.645 125.304 125.938 126.558 127.181 127.847 -9999 -9999 -9999 -9999 -9999 -9999 -9999 -9999 -9999 -9999 -9999 -9999 -9999 -9999 -9999 -9999 -9999 -9999 -9999 -9999 -9999 -9999 -9999 -9999 -9999 -9999 -9999
109.571 109.091 -9999 -9999 -9999 -9999 106.542 106.0 105.445 -9999 104.003 -9999 102.608 102.367 -9999 102.608 102.854 103.102 103.382 103.741 104.095 104.509 105.035 105.596 106.246 107.084 108.243 109.391 110.525 111.658 112.805 113.94 115.068 116.19 117.314 118.448 119.461 120.172 120.841 121.495 122.133 122.748 123.329 123.901 124.475 125.062 125.674 126.318 126.819 127.051 -9999 -9999 -9999 -9999 -9999 -9999 -9999 -9999 -9999 -9999 -9999 -9999 -9999 -9999 -9999 -9999 -9999 -9999 -9999 -9999 -9999 -9999 -9999 -9999
-9999 110.535 -9999 -9999 -9999 -9999 107.79 107.214 106.603 105.825 -9999 -9999 103.352 102.92 -9999 102.996 103.039 103.062 103.076 103.15 103.419 103.792 104.305 104.833 105.345 106.076 107.03 108.179 109.346 110.496 111.617 112.716 113.8 114.876 115.952 117.003 117.811 118.465 119.101 119.72 120.312 120.879 121.429 121.968 122.503 123.042 123.595 124.152 124.772 125.449 125.664 -9999 -9999 -9999 -9999 -9999 -9999 -9999 -9999 -9999 -9999 -9999 -9999 -9999 -9999 -9999 -9999 -9999 -9999 -9999 -9999 -9999 -9999 -9999
112.562 -9999 -9999 -9999 -9999 -9999 109.09 108.481 107.775 106.879 -9999 -9999 104.206 103.598 -9999 -9999 103.316 103.174 103.035 103.001 103.005 103.198 103.631 104.085 104.533 105.072 105.889 107.081 108.237 109.354 110.439 111.499 112.541 113.572 114.601 115.515 116.161 116.785 117.394 117.985 118.551 119.095 119.62 120.13 120.63 121.126 121.627 122.14 122.734 123.541 124.55 -9999 -9999 -9999 -9999 -9999 -9999 -9999 -9999 -9999 -9999 -9999 -9999 -9999 -9999 -9999 -9999 -9999 -9999 -9999 -9999 -9999 -9999 -9999
114.174 -9999 -9999 -9999 -9999 -9999 110.456 109.791 108.958 -9999 -9999 -9999 -9999 104.227 -9999 103.695 103.527 103.349 103.184 103.041 102.948 103.011 103.13 103.343 103.754 104.254 105.001 105.995 107.124 108.21 109.26 110.282 111.283 112.271 113.214 113.919 114.535 115.145 115.746 116.319 116.865 117.389 117.891 118.376 118.846 119.306 119.816 120.478 121.256 122.117 123.069 123.761 -9999 -9999 -9999 -9999 -9999 -9999 -9999 -9999 -9999 -9999 -9999 -9999 -9999 -9999 -9999 -9999 -9999 -9999 -9999 -9999 -9999 -9999
116.012 -9999 -9999 -9999 113.168 112.538 111.89 111.135 -9999 -9999 108.115 -9999 -9999 -9999 -9999 103.956 103.732 103.523 103.333 103.17 103.047 102.973 102.963 103.138 103.401 103.661 104.091 104.891 105.996 107.054 108.073 109.059 110.02 110.949 111.726 112.34 112.959 113.574 114.159 114.715 115.246 115.752 116.236 116.731 117.308 117.904 118.584 119.292 120.04 120.844 121.72 122.329 -9999 -9999 -9999 -9999 -9999 -9999 -9999 -9999 -9999 -9999 -9999 -9999 -9999 -9999 -9999 -9999 -9999 -9999 -9999 -9999 -9999 -9999
-9999 -9999 -9999 -9999 -9999 114.079 113.403 112.539 -9999 110.307 109.246 108.214 -9999 -9999 -9999 -9999 103.925 103.684 103.465 103.276 103.12 103.03 103.086 103.207 103.34 103.478 103.702 104.216 105.077 105.998 106.904 107.819 108.742 109.569 110.185 110.814 111.45 112.051 112.632 113.225 113.826 114.417 114.999 115.623 116.257 116.899 117.555 118.234 118.945 119.702 120.497 120.959 121.157 -9999 -9999 -9999 -9999 -9999 -9999 -9999 -9999 -9999 -9999 -9999 -9999 -9999 -9999 -9999 -9999 -9999 -9999 -9999 -9999 -9999
-9999 -9999 -9999 -9999 -9999 115.748 114.993 113.992 -9999 111.597 110.454 109.339 -9999 -9999 -9999 -9999 -9999 103.797 103.573 103.35 103.189 103.193 103.251 103.323 103.404 103.487 103.567 103.892 104.539 105.39 106.233 107.077 107.869 108.476 109.092 109.749 110.383 111.003 111.625 112.252 112.877 113.499 114.119 114.738 115.359 115.985 116.622 117.276 117.956 118.674 119.375 119.749 119.875 119.946 -9999 -9999 -9999 -9999 -9999 -9999 -9999 -9999 -9999 -9999 -9999 -9999 -9999 -9999 -9999 -9999 -9999 -9999 -9999 -9999
-9999 -9999 -9999 -9999 -9999 118.082 116.808 -9999 -9999 112.929 111.732 110.526 109.371 -9999 -9999 -9999 -9999 -9999 103.648 103.421 103.366 103.366 103.382 103.409 103.443 103.478 103.508 103.674 104.162 104.979 105.776 106.529 107.127 107.708 108.362 108.996 109.619 110.238 110.856 111.474 112.091 112.706 113.319 113.93 114.541 115.155 115.775 116.409 117.063 117.747 118.357 118.646 118.725 118.76 118.757 118.768 -9999 -9999 -9999 -9999 -9999 -9999 -9999 -9999 -9999 -9999 -9999 -9999 -9999 -9999 -9999 -9999 -9999 -9999
-9999 -9999 -9999 -9999 -9999 120.298 118.868 -9999 -9999 114.457 113.055 111.611 -9999 -9999 -9999 -9999 -9999 -9999 103.716 103.59 103.538 103.501 103.478 103.464 103.454 103.444 103.428 103.451 103.802 104.577 105.315 105.911 106.459 107.095 107.717 108.323 108.924 109.528 110.137 110.751 111.366 111.979 112.588 113.194 113.797 114.401 115.007 115.623 116.254 116.909 117.43 117.604 117.679 117.711 117.718 117.7 -9999 -9999 -9999 -9999 -9999 -9999 -9999 -9999 -9999 -9999 -9999 -9999 -9999 -9999 -9999 -9999 -9999 -9999
-9999 -9999 -9999 -9999 -9999 122.496 121.132 -9999 -9999 -9999 114.21 112.63 111.288 -9999 -9999 -9999 -9999 -9999 103.946 103.756 103.67 103.598 103.538 103.485 103.435 103.383 103.324 103.253 103.528 104.159 104.756 105.291 105.894 106.514 107.104 107.682 108.263 108.857 109.465 110.081 110.699 111.314 111.923 112.525 113.123 113.717 114.312 114.912 115.523 116.15 116.578 116.681 116.756 116.799 116.814 116.801 -9999 -9999 -9999 -9999 -9999 -9999 -9999 -9999 -9999 -9999 -9999 -9999 -9999 -9999 -9999 -9999 -9999 -9999
-9999 -9999 -9999 -9999 126.168 124.904 123.419 -9999 -9999 -9999 -9999 -9999 -9999 -9999 -9999 -9999 -9999 -9999 104.509 103.927 103.761 103.656 103.561 103.472 103.384 103.293 103.194 103.082 103.219 103.632 104.172 104.739 105.376 105.963 106.52 107.069 107.632 108.223 108.838 109.464 110.09 110.709 111.32 111.921 112.513 113.099 113.683 114.268 114.865 115.453 115.761 115.879 115.962 116.014 116.037 116.03 117.081 -9999 -9999 -9999 -9999 -9999 -9999 -9999 -9999 -9999 -9999 -9999 -9999 -9999 -9999 -9999 -9999 -9999
-9999 -9999 -9999 129.531 128.46 127.297 125.732 -9999 -9999 -9999 -9999 -9999 -9999 -9999 -9999 -9999 107.706 106.31 105.21 104.434 103.855 103.67 103.543 103.421 103.299 103.172 103.031 102.838 102.764 103.076 103.632 104.276 104.89 105.447 105.968 106.482 107.028 107.626 108.259 108.903 109.541 110.167 110.779 111.378 111.965 112.543 113.116 113.696 114.307 114.819 115.051 115.18 115.272 115.333 115.363 115.362 116.164 -9999 -9999 -9999 -9999 -9999 -9999 -9999 -9999 -9999 -9999 -9999 -9999 -9999 -9999 -9999 -9999 -9999
-9999 -9999 -9999 131.981 130.863 129.438 -9999 -9999 -9999 -9999 -9999 -9999 -9999 -9999 -9999 -9999 108.461 107.188 106.09 105.089 104.322 103.726 103.481 103.328 103.175 102.998 102.747 102.428 102.279 102.54 103.167 103.843 104.442 104.974 105.458 105.927 106.449 107.073 107.743 108.409 109.058 109.688 110.3 110.894 111.475 112.044 112.617 113.228 113.834 114.261 114.432 114.566 114.668 114.736 114.772 114.777 115.416 -9999 -9999 -9999 -9999 -9999 -9999 -9999 -9999 -9999 -9999 -9999 -9999 -9999 -9999 -9999 -9999 -9999
-9999 -9999 -9999 -9999 -9999 -9999 -9999 -9999 -9999 -9999 -9999 -9999 -9999 -9999 -9999 -9999 109.299 108.087 106.979 105.938 104.954 104.171 103.539 103.18 102.949 102.644 102.319 101.981 101.778 102.041 102.762 103.442 104.038 104.56 105.018 105.436 105.923 106.614 107.316 107.993 108.644 109.272 109.879 110.468 111.04 111.608 112.218 112.843 113.4 113.709 113.886 114.028 114.135 114.208 114.25 114.261 114.802 -9999 -9999 -9999 -9999 -9999 -9999 -9999 -9999 -9999 -9999 -9999 -9999 -9999 -9999 -9999 -9999 -9999
-9999 -9999 -9999 -9999 -9999 -9999 -9999 -9999 -9999 -9999 -9999 -9999 -9999 -9999 -9999 112.06 110.28 109.04 107.884 106.801 105.778 104.797 103.924 103.136 102.516 102.185 101.846 101.493 101.262 101.581 102.375 103.07 103.679 104.213 104.685 105.116 105.672 106.319 106.995 107.658 108.3 108.918 109.515 110.093 110.659 111.257 111.904 112.515 112.991 113.219 113.401 113.548 113.66 113.739 113.786 113.801 114.276 -9999 -9999 -9999 -9999 -9999 -9999 -9999 -9999 -9999 -9999 -9999 -9999 -9999 -9999 -9999 -9999 -9999
-9999 -9999 -9999 -9999 -9999 -9999 -9999 -9999 -9999 -9999 -9999 -9999 -9999 -9999 -9999 113.2 111.321 110.022 108.814 107.663 106.515 105.405 104.326 103.327 102.511 101.789 101.317 100.955 100.743 101.173 101.997 102.72 103.358 103.926 104.443 104.95 105.508 106.121 106.759 107.394 108.015 108.618 109.201 109.765 110.345 111.007 111.64 112.211 112.559 112.783 112.968 113.117 113.234 113.317 113.368 113.388 113.831 -9999 -9999 -9999 -9999 -9999 -9999 -9999 -9999 -9999 -9999 -9999 -9999 -9999 -9999 -9999 -9999 -9999
-9999 -9999 -9999 -9999 -9999 -9999 -9999 -9999 -9999 -9999 -9999 -9999 -9999 -9999 116.563 114.276 112.445 110.9 109.548 108.254 107.033 105.882 104.789 103.747 102.746 101.881 101.097 100.409 100.212 100.755 101.619 102.381 103.059 103.671 104.239 104.794 105.364 105.96 106.569 107.179 107.778 108.362 108.929 109.494 110.139 110.798 111.415 111.9 112.164 112.389 112.576 112.729 112.849 112.935 113.057 113.278 113.709 114.383 -9999 -9999 -9999 -9999 -9999 -9999 -9999 -9999 -9999 -9999 -9999 -9999 -9999 -9999 -9999 -9999
