Validation/Results/raw data/ReClimate_05_2024_1weatherlogisticsltd.asc
NCOLS 192
NROWS 249
XLLCENTER -225160.85627316462
YLLCENTER 29788.11610251502
CELLSIZE 5000.0
NODATA_VALUE -9999
[rows 165 to 197 of 249, columns 74 to 147 of 192]
-9999 -9999 -9999 -9999 -9999 -9999 -9999 -9999 -9999 -9999 -9999 -9999 -9999 -9999 -9999 -9999 -9999 -9999 -9999 -9999 -9999 -9999 -9999 -9999 -9999 -9999 -9999 -9999 -9999 -9999 -9999 -9999 -9999 -9999 -9999 -9999 -9999 -9999 136.953 137.433 137.867 138.251 138.659 139.067 139.356 139.626 139.845 139.997 140.138 140.298 140.472 140.653 140.834 141.0 141.141 141.249 141.324 141.372 141.4 141.414 141.42 141.386 141.33 141.254 141.181 141.088 140.874 140.628 140.391 140.162 139.942 139.732 139.529 139.332
-9999 -9999 -9999 -9999 -9999 -9999 -9999 -9999 -9999 -9999 -9999 -9999 -9999 -9999 -9999 -9999 -9999 -9999 -9999 -9999 -9999 -9999 -9999 -9999 -9999 -9999 -9999 -9999 -9999 -9999 -9999 -9999 -9999 -9999 -9999 -9999 -9999 -9999 136.657 137.124 137.544 137.959 138.361 138.686 138.97 139.261 139.521 139.721 139.869 140.037 140.219 140.411 140.598 140.775 140.932 141.062 141.164 141.236 141.283 141.302 141.272 141.213 141.128 141.04 140.956 140.883 140.764 140.536 140.289 140.05 139.821 139.602 139.383 139.164
-9999 -9999 -9999 -9999 -9999 -9999 -9999 -9999 -9999 -9999 -9999 -9999 -9999 -9999 -9999 -9999 -9999 -9999 -9999 -9999 -9999 -9999 -9999 -9999 -9999 -9999 -9999 -9999 -9999 -9999 -9999 -9999 -9999 -9999 -9999 -9999 -9999 135.71 136.265 136.727 137.184 137.625 138.004 138.306 138.586 138.877 139.167 139.41 139.583 139.761 139.954 140.159 140.36 140.553 140.731 140.886 141.015 141.111 141.158 141.148 141.099 141.013 140.916 140.817 140.722 140.636 140.565 140.408 140.164 139.914 139.67 139.429 139.182 138.927
-9999 -9999 -9999 -9999 -9999 -9999 -9999 -9999 -9999 -9999 -9999 -9999 -9999 -9999 -9999 -9999 -9999 -9999 -9999 -9999 -9999 -9999 -9999 -9999 -9999 -9999 -9999 -9999 -9999 -9999 -9999 -9999 -9999 -9999 -9999 -9999 -9999 135.306 135.847 136.315 136.777 137.219 137.615 137.92 138.196 138.484 138.786 139.047 139.265 139.47 139.678 139.895 140.119 140.332 140.534 140.719 140.876 140.97 141.003 140.978 140.905 140.807 140.697 140.585 140.477 140.377 140.291 140.217 140.007 139.716 139.424 139.139 138.865 138.591
-9999 -9999 -9999 -9999 -9999 -9999 -9999 -9999 -9999 -9999 -9999 -9999 -9999 -9999 -9999 -9999 -9999 -9999 -9999 -9999 -9999 -9999 -9999 -9999 -9999 -9999 -9999 -9999 -9999 -9999 -9999 -9999 -9999 -9999 -9999 -9999 -9999 -9999 135.446 135.903 136.353 136.797 137.177 137.488 137.795 138.082 138.374 138.654 138.905 139.149 139.392 139.629 139.874 140.109 140.337 140.533 140.692 140.805 140.837 140.798 140.708 140.591 140.465 140.338 140.215 140.098 139.987 139.867 139.704 139.412 139.092 138.785 138.492 138.21
-9999 -9999 -9999 -9999 -9999 -9999 -9999 -9999 -9999 -9999 -9999 -9999 -9999 -9999 -9999 -9999 -9999 -9999 126.035 126.007 -9999 -9999 -9999 -9999 -9999 -9999 -9999 -9999 -9999 -9999 -9999 -9999 -9999 -9999 -9999 -9999 -9999 134.602 135.058 135.506 135.945 136.368 136.727 137.047 137.356 137.662 137.961 138.235 138.505 138.781 139.07 139.358 139.619 139.857 140.078 140.291 140.478 140.626 140.676 140.616 140.494 140.35 140.201 140.054 139.913 139.754 139.59 139.436 139.287 139.039 138.714 138.399 138.1 137.814
-9999 -9999 -9999 -9999 -9999 -9999 -9999 -9999 -9999 -9999 -9999 -9999 -9999 -9999 -9999 -9999 -9999 -9999 125.972 126.001 126.027 -9999 -9999 -9999 -9999 -9999 -9999 -9999 -9999 -9999 -9999 -9999 -9999 -9999 -9999 -9999 133.759 134.227 134.681 135.121 135.551 135.955 136.297 136.608 136.92 137.227 137.528 137.815 138.087 138.397 138.713 139.006 139.277 139.521 139.748 139.97 140.189 140.403 140.47 140.371 140.214 140.051 139.889 139.716 139.528 139.341 139.148 138.967 138.8 138.617 138.316 137.995 137.692 137.403
-9999 -9999 -9999 -9999 -9999 -9999 -9999 -9999 -9999 -9999 -9999 -9999 -9999 -9999 -9999 -9999 -9999 126.002 126.031 126.057 126.079 126.087 -9999 -9999 -9999 -9999 -9999 -9999 -9999 -9999 -9999 -9999 -9999 131.534 -9999 -9999 133.391 133.866 134.313 134.746 135.168 -9999 135.888 136.195 136.5 136.805 137.107 137.392 137.691 137.991 138.29 138.583 138.869 139.129 139.366 139.59 139.804 139.989 140.086 140.008 139.857 139.696 139.508 139.307 139.1 138.891 138.688 138.494 138.312 138.146 137.893 137.57 137.265 136.977
-9999 -9999 -9999 -9999 -9999 -9999 -9999 -9999 -9999 -9999 -9999 -9999 -9999 -9999 -9999 -9999 -9999 126.057 126.082 126.105 126.125 126.136 126.152 125.905 -9999 -9999 -9999 127.118 126.15 -9999 128.409 129.897 130.673 131.219 131.807 -9999 -9999 133.463 133.909 -9999 -9999 135.137 135.459 135.762 136.062 136.362 136.663 136.975 137.289 137.588 137.866 138.14 138.415 138.684 138.94 139.165 139.357 139.504 139.577 139.542 139.426 139.256 139.064 138.853 138.642 138.432 138.224 138.02 137.822 137.636 137.428 137.125 136.821 136.538
-9999 -9999 -9999 -9999 -9999 -9999 -9999 -9999 -9999 -9999 -9999 -9999 -9999 -9999 -9999 -9999 -9999 -9999 126.13 126.15 126.168 126.184 126.197 -9999 -9999 126.765 127.325 126.591 126.696 127.48 128.756 129.567 130.326 130.999 131.571 132.096 -9999 133.05 133.491 133.914 134.322 134.688 135.001 135.302 135.603 135.909 136.228 136.56 136.881 137.172 137.459 137.718 137.969 138.218 138.456 138.677 138.864 138.997 139.058 139.032 138.922 138.764 138.574 138.375 138.172 137.967 137.759 137.549 137.337 137.128 136.929 136.66 136.365 136.093
-9999 -9999 -9999 -9999 -9999 -9999 -9999 -9999 -9999 -9999 -9999 -9999 -9999 -9999 -9999 -9999 -9999 -9999 126.167 126.194 126.208 126.221 126.233 126.089 126.099 126.588 126.555 125.973 125.14 126.381 128.45 129.238 129.97 130.609 131.174 131.698 132.18 132.628 133.052 133.458 133.852 134.207 134.516 134.816 135.119 135.43 135.755 136.087 136.401 136.704 137.0 137.281 137.526 137.754 137.966 138.159 138.323 138.449 138.508 138.484 138.387 138.238 138.068 137.886 137.695 137.498 137.294 137.083 136.865 136.638 136.407 136.173 135.91 135.652
-9999 -9999 -9999 -9999 -9999 -9999 -9999 -9999 -9999 -9999 -9999 -9999 -9999 -9999 -9999 -9999 -9999 -9999 -9999 126.234 126.247 126.257 126.267 126.275 126.283 126.29 126.296 125.361 124.873 126.585 128.137 128.906 129.612 130.229 130.782 131.292 131.764 132.205 132.615 133.009 133.391 133.738 134.043 134.341 134.642 134.952 135.274 135.6 135.903 136.198 136.498 136.784 137.032 137.26 137.474 137.65 137.789 137.884 137.912 137.881 137.799 137.681 137.54 137.384 137.211 137.026 136.832 136.628 136.414 136.188 135.96 135.738 135.493 135.23
-9999 -9999 -9999 -9999 -9999 -9999 -9999 -9999 -9999 -9999 -9999 -9999 -9999 -9999 -9999 -9999 -9999 -9999 -9999 -9999 -9999 126.291 126.299 124.939 121.148 122.545 126.322 125.6 125.045 126.134 127.827 128.595 129.28 129.869 130.403 130.898 131.36 131.792 132.199 132.581 132.953 133.292 133.594 133.888 134.187 134.493 134.811 135.125 135.413 135.693 135.981 136.26 136.513 136.725 136.924 137.106 137.25 137.319 137.322 137.276 137.2 137.099 136.977 136.84 136.69 136.525 136.349 136.161 135.962 135.755 135.55 135.355 135.107 134.812
-9999 -9999 -9999 -9999 -9999 -9999 -9999 -9999 -9999 -9999 -9999 -9999 -9999 -9999 -9999 -9999 -9999 -9999 -9999 -9999 126.319 126.324 126.329 124.048 123.343 125.625 126.347 125.581 124.539 125.7 127.558 128.304 128.96 129.525 130.043 130.523 130.972 131.396 131.794 132.172 132.533 132.865 133.164 133.454 133.749 134.051 134.362 134.665 134.938 135.205 135.476 135.742 136.001 136.205 136.371 136.513 136.61 136.666 136.669 136.624 136.545 136.448 136.339 136.219 136.091 135.954 135.808 135.654 135.493 135.317 135.133 134.962 134.721 134.397
-9999 -9999 -9999 -9999 -9999 -9999 -9999 -9999 -9999 -9999 -9999 -9999 -9999 -9999 -9999 -9999 -9999 -9999 -9999 126.319 126.353 126.355 126.358 125.969 125.983 126.366 126.376 125.869 125.873 126.568 126.587 127.496 128.638 129.189 129.682 130.118 130.602 131.013 131.403 131.773 132.128 132.453 132.749 133.034 133.325 133.622 133.928 134.219 134.478 134.735 134.991 135.239 135.452 135.642 135.783 135.88 135.94 135.959 135.956 135.934 135.873 135.785 135.684 135.577 135.466 135.347 135.22 135.086 134.946 134.803 134.655 134.515 134.306 133.977
-9999 -9999 -9999 -9999 -9999 -9999 -9999 -9999 -9999 -9999 -9999 -9999 -9999 -9999 -9999 -9999 -9999 -9999 126.258 126.386 126.385 126.385 126.385 126.386 126.387 126.4 126.454 126.512 126.565 126.293 126.272 127.042 127.419 128.167 129.341 129.822 130.246 130.645 131.024 131.386 131.733 132.054 132.346 132.627 132.914 133.208 133.507 133.786 134.032 134.266 134.485 134.685 134.884 135.069 135.192 135.257 135.285 135.287 135.269 135.235 135.189 135.131 135.047 134.954 134.856 134.752 134.639 134.517 134.386 134.25 134.111 133.973 133.79 133.486
-9999 -9999 -9999 -9999 -9999 -9999 -9999 -9999 -9999 -9999 -9999 -9999 -9999 -9999 -9999 -9999 126.363 126.292 126.416 126.418 126.416 126.669 127.378 127.119 126.431 126.495 126.554 126.535 126.453 126.322 126.02 126.182 125.924 126.355 126.657 127.819 129.903 130.292 130.659 131.01 131.347 131.665 131.955 132.231 132.515 132.806 133.097 133.35 133.562 133.765 133.962 134.153 134.331 134.504 134.619 134.663 134.672 134.66 134.627 134.578 134.519 134.463 134.415 134.347 134.266 134.176 134.074 133.961 133.836 133.701 133.559 133.409 133.217 132.908
-9999 -9999 -9999 -9999 -9999 -9999 -9999 -9999 -9999 -9999 -9999 -9999 -9999 -9999 -9999 127.137 126.414 126.444 126.448 -9999 -9999 -9999 -9999 127.199 126.532 126.591 126.646 126.585 126.735 126.316 126.009 125.924 125.608 125.81 127.13 128.717 129.57 129.951 130.308 130.647 130.972 131.283 131.573 131.844 132.128 132.412 132.669 132.885 133.084 133.278 133.464 133.642 133.807 133.954 134.064 134.1 134.097 134.074 134.029 133.964 133.886 133.818 133.775 133.748 133.695 133.617 133.523 133.415 133.291 133.154 133.004 132.84 132.635 132.309
-9999 -9999 -9999 -9999 -9999 -9999 -9999 -9999 -9999 -9999 -9999 -9999 -9999 -9999 -9999 126.771 126.474 126.476 -9999 -9999 -9999 -9999 -9999 126.948 126.625 126.68 126.731 126.773 126.821 126.593 126.735 126.635 126.32 127.141 128.391 129.006 129.244 129.619 129.969 130.298 130.61 130.912 131.193 131.467 131.74 131.995 132.232 132.435 132.628 132.813 132.989 133.156 133.307 133.432 133.526 133.567 133.558 133.526 133.472 133.395 133.297 133.209 133.174 133.16 133.135 133.075 132.985 132.876 132.75 132.606 132.445 132.264 132.035 131.694
-9999 -9999 -9999 -9999 -9999 -9999 -9999 -9999 -9999 -9999 -9999 -9999 -9999 -9999 -9999 -9999 -9999 126.533 -9999 -9999 -9999 -9999 -9999 127.031 126.712 126.762 126.809 126.853 126.895 126.935 127.004 126.872 126.784 127.472 127.629 128.075 128.903 129.273 129.618 129.942 130.249 130.543 130.818 131.084 131.341 131.591 131.812 132.007 132.192 132.368 132.534 132.686 132.823 132.932 133.01 133.056 133.049 133.013 132.956 132.878 132.783 132.693 132.642 132.622 132.59 132.536 132.432 132.294 132.138 131.965 131.774 131.561 131.298 130.938
-9999 -9999 -9999 -9999 -9999 -9999 -9999 -9999 -9999 -9999 -9999 -9999 -9999 -9999 -9999 -9999 -9999 -9999 -9999 -9999 -9999 -9999 -9999 126.76 126.793 126.84 126.884 126.926 126.965 127.003 127.038 127.016 127.235 127.423 127.715 128.245 128.562 128.926 129.267 129.587 129.891 130.175 130.437 130.697 130.954 131.199 131.41 131.597 131.773 131.94 132.096 132.238 132.357 132.449 132.518 132.567 132.566 132.528 132.473 132.4 132.317 132.236 132.163 132.09 132.006 131.909 131.792 131.636 131.458 131.261 131.043 130.8 130.505 130.219
-9999 -9999 -9999 -9999 -9999 -9999 -9999 -9999 -9999 -9999 -9999 -9999 -9999 -9999 -9999 -9999 -9999 -9999 -9999 -9999 -9999 -9999 -9999 -9999 126.87 126.913 126.953 126.992 127.029 127.065 127.099 127.157 127.292 127.539 127.801 128.052 128.325 128.603 128.925 129.243 129.54 129.805 130.063 130.322 130.569 130.795 130.994 131.187 131.367 131.524 131.671 131.804 131.906 131.985 132.047 132.094 132.1 132.064 132.01 131.944 131.847 131.736 131.628 131.52 131.401 131.271 131.124 130.957 130.764 130.548 130.308 130.057 129.849 129.622
-9999 -9999 -9999 -9999 -9999 -9999 -9999 -9999 -9999 -9999 -9999 -9999 -9999 -9999 -9999 -9999 -9999 -9999 -9999 -9999 -9999 -9999 -9999 126.906 126.941 126.98 127.017 127.052 127.088 127.122 127.156 127.184 127.269 127.42 127.676 127.917 128.145 128.391 128.638 128.904 129.18 129.438 129.695 129.946 130.182 130.386 130.579 130.765 130.938 131.103 131.254 131.37 131.464 131.534 131.59 131.632 131.644 131.611 131.538 131.437 131.326 131.199 131.069 130.937 130.798 130.647 130.479 130.289 130.076 129.841 129.639 129.474 129.299 129.119
-9999 -9999 -9999 -9999 -9999 -9999 -9999 -9999 -9999 -9999 -9999 -9999 -9999 -9999 -9999 -9999 -9999 -9999 -9999 -9999 -9999 -9999 -9999 126.971 127.006 127.041 127.074 127.108 127.141 127.175 127.209 127.24 127.269 127.365 127.552 127.789 128.014 128.227 128.438 128.645 128.844 129.075 129.326 129.573 129.798 129.986 130.167 130.341 130.509 130.67 130.815 130.942 131.028 131.092 131.142 131.179 131.179 131.116 131.023 130.906 130.779 130.647 130.509 130.363 130.208 130.038 129.85 129.637 129.427 129.261 129.108 128.976 128.833 128.64
-9999 -9999 -9999 -9999 -9999 -9999 -9999 -9999 -9999 -9999 -9999 -9999 -9999 -9999 -9999 -9999 -9999 -9999 -9999 -9999 -9999 -9999 -9999 127.031 127.066 127.096 127.127 127.158 127.191 127.225 127.26 127.293 127.31 127.348 127.451 127.662 127.884 128.093 128.279 128.442 128.615 128.797 128.983 129.195 129.403 129.59 129.761 129.925 130.081 130.23 130.372 130.49 130.588 130.654 130.698 130.703 130.673 130.597 130.485 130.365 130.235 130.098 129.951 129.794 129.623 129.436 129.258 129.101 128.94 128.785 128.659 128.529 128.368 128.171
-9999 -9999 -9999 -9999 -9999 -9999 -9999 -9999 -9999 -9999 -9999 -9999 -9999 -9999 -9999 -9999 -9999 -9999 -9999 -9999 -9999 -9999 -9999 -9999 127.121 127.147 127.175 127.205 127.238 127.272 127.308 127.344 127.365 127.369 127.424 127.534 127.754 127.953 128.122 128.283 128.438 128.589 128.749 128.91 129.058 129.203 129.359 129.513 129.659 129.797 129.925 130.033 130.121 130.197 130.215 130.197 130.147 130.061 129.948 129.825 129.692 129.548 129.393 129.232 129.093 128.961 128.816 128.676 128.537 128.382 128.231 128.083 127.91 127.709
-9999 -9999 -9999 -9999 -9999 -9999 -9999 -9999 -9999 -9999 -9999 -9999 -9999 -9999 -9999 -9999 -9999 -9999 -9999 -9999 -9999 -9999 -9999 -9999 127.169 127.195 127.219 127.248 127.281 127.318 127.355 127.392 127.419 127.43 127.432 127.503 127.619 127.8 127.966 128.125 128.277 128.425 128.565 128.691 128.814 128.941 129.061 129.167 129.269 129.371 129.482 129.575 129.647 129.683 129.695 129.667 129.613 129.527 129.411 129.289 129.176 129.065 128.947 128.823 128.695 128.577 128.45 128.312 128.16 127.992 127.809 127.635 127.455 127.259
-9999 -9999 -9999 -9999 -9999 -9999 -9999 -9999 -9999 -9999 -9999 -9999 -9999 -9999 -9999 -9999 -9999 -9999 -9999 -9999 -9999 -9999 -9999 127.215 127.217 127.239 127.261 127.288 127.323 127.362 127.402 127.441 127.474 127.492 127.493 127.504 127.556 127.647 127.812 127.969 128.118 128.26 128.386 128.506 128.623 128.735 128.837 128.925 129.007 129.093 129.173 129.236 129.248 129.253 129.24 129.22 129.183 129.112 129.014 128.91 128.803 128.701 128.594 128.482 128.363 128.236 128.1 127.951 127.787 127.605 127.394 127.189 127.004 126.816
-9999 -9999 -9999 -9999 -9999 -9999 -9999 -9999 -9999 -9999 -9999 -9999 -9999 -9999 -9999 -9999 -9999 -9999 -9999 -9999 -9999 -9999 -9999 127.262 127.273 127.291 127.31 127.336 127.373 127.412 127.451 127.491 127.529 127.553 127.559 127.553 127.541 127.576 127.658 127.813 127.958 128.089 128.209 128.325 128.435 128.542 128.641 128.731 128.806 128.878 128.937 128.964 128.949 128.931 128.909 128.881 128.849 128.788 128.696 128.598 128.495 128.388 128.275 128.156 128.03 127.895 127.749 127.59 127.414 127.214 126.987 126.753 126.558 126.378
-9999 -9999 -9999 -9999 -9999 -9999 -9999 -9999 -9999 -9999 -9999 -9999 -9999 -9999 -9999 -9999 -9999 -9999 -9999 -9999 -9999 -9999 -9999 127.32 127.335 127.35 127.366 127.394 127.435 127.474 127.512 127.55 127.587 127.613 127.624 127.608 127.58 127.565 127.593 127.656 127.794 127.919 128.037 128.147 128.251 128.35 128.445 128.531 128.608 128.67 128.705 128.692 128.671 128.646 128.617 128.582 128.541 128.483 128.394 128.293 128.185 128.073 127.954 127.829 127.695 127.552 127.396 127.225 127.034 126.82 126.579 126.324 126.115 125.943
-9999 -9999 -9999 -9999 -9999 -9999 -9999 -9999 -9999 -9999 -9999 -9999 -9999 -9999 -9999 -9999 -9999 -9999 -9999 -9999 -9999 -9999 127.376 127.384 127.399 127.414 127.434 127.465 127.503 127.543 127.579 127.615 127.651 127.682 127.693 127.668 127.643 127.619 127.598 127.617 127.653 127.761 127.874 127.979 128.077 128.168 128.255 128.338 128.41 128.458 128.449 128.428 128.4 128.369 128.332 128.289 128.241 128.174 128.087 127.985 127.872 127.754 127.629 127.497 127.355 127.203 127.036 126.852 126.648 126.422 126.174 125.91 125.678 125.505
-9999 -9999 -9999 -9999 -9999 -9999 -9999 -9999 -9999 -9999 -9999 -9999 -9999 -9999 -9999 -9999 -9999 -9999 -9999 -9999 -9999 127.418 127.434 127.449 127.465 127.482 127.505 127.534 127.571 127.608 127.647 127.684 127.722 127.759 127.765 127.745 127.718 127.692 127.663 127.631 127.635 127.654 127.717 127.817 127.908 127.992 128.071 128.146 128.206 128.219 128.204 128.173 128.138 128.097 128.051 128.001 127.943 127.867 127.773 127.67 127.553 127.429 127.297 127.158 127.008 126.845 126.667 126.471 126.256 126.019 125.767 125.501 125.249 125.064
-9999 -9999 -9999 -9999 -9999 -9999 -9999 -9999 -9999 -9999 -9999 -9999 -9999 -9999 -9999 -9999 -9999 -9999 -9999 127.454 127.47 127.485 127.5 127.515 127.531 127.549 127.572 127.601 127.634 127.673 127.716 127.76 127.803 127.835 127.84 127.827 127.799 127.766 127.732 127.699 127.667 127.651 127.653 127.67 127.743 127.82 127.89 127.953 127.984 127.981 127.965 127.933 127.888 127.833 127.767 127.696 127.62 127.532 127.427 127.315 127.196 127.068 126.933 126.79 126.636 126.47 126.286 126.083 125.858 125.613 125.357 125.091 124.817 124.685
