Validation/Results/raw data/ReClimate_11_2023_1_Temperature-Actualsweatherlogisticsltd.asc
NCOLS 192
NROWS 249
XLLCENTER -225160.85627316462
YLLCENTER 29788.11610251502
CELLSIZE 5000.0
NODATA_VALUE -9999
[rows 136 to 169 of 249, columns 77 to 153 of 192]
-9999 -9999 -9999 -9999 -9999 -9999 -9999 -9999 5.568 -9999 4.975 4.663 4.635 4.58 4.768 4.904 4.904 4.775 3.979 4.115 4.039 4.001 4.404 4.447 4.539 4.617 4.257 4.242 -9999 -9999 -9999 -9999 -9999 -9999 4.797 4.954 4.963 4.756 4.678 4.549 4.107 3.89 4.102 4.11 4.118 4.469 4.302 4.27 4.648 4.884 5.087 5.091 5.456 5.598 5.709 5.909 6.323 -9999 -9999 -9999 -9999 -9999 -9999 -9999 -9999 -9999 -9999 -9999 -9999 -9999 -9999 -9999 -9999 -9999 -9999 -9999 -9999
-9999 -9999 -9999 -9999 -9999 -9999 -9999 -9999 5.43 5.341 5.328 5.377 5.111 4.946 4.888 4.92 5.181 5.035 4.753 4.157 4.099 4.099 4.42 4.358 4.39 4.806 4.602 5.109 -9999 -9999 -9999 -9999 4.961 4.716 4.787 5.01 5.113 5.051 4.882 4.274 3.637 3.67 3.874 3.603 4.177 4.1 3.966 4.461 4.411 4.636 5.097 5.179 4.928 5.239 5.552 5.722 6.371 -9999 -9999 -9999 -9999 -9999 -9999 -9999 -9999 -9999 -9999 -9999 -9999 -9999 -9999 -9999 -9999 -9999 -9999 -9999 -9999
6.207 -9999 -9999 -9999 -9999 -9999 -9999 -9999 5.507 5.714 5.621 -9999 -9999 5.404 5.142 5.119 5.223 -9999 5.444 5.218 4.924 4.659 4.682 4.488 4.936 5.317 -9999 -9999 -9999 -9999 -9999 5.406 5.085 4.867 4.895 4.958 5.008 5.033 4.7 4.106 3.238 3.09 3.571 3.371 3.863 3.481 3.747 4.073 4.028 4.534 4.627 4.762 4.833 5.081 5.386 5.617 6.143 -9999 -9999 -9999 -9999 -9999 -9999 -9999 -9999 -9999 -9999 -9999 -9999 -9999 -9999 -9999 -9999 -9999 -9999 -9999 -9999
5.798 -9999 -9999 -9999 -9999 -9999 -9999 -9999 -9999 5.935 6.072 -9999 -9999 -9999 5.692 5.263 5.272 5.51 -9999 -9999 5.513 5.289 5.195 4.969 5.171 -9999 -9999 -9999 -9999 -9999 5.339 5.252 5.01 4.942 4.911 4.868 4.945 4.724 4.535 4.251 3.394 3.23 2.72 3.277 2.942 2.91 3.321 3.636 3.608 3.924 4.451 4.553 4.537 4.95 5.28 5.313 5.655 -9999 -9999 -9999 -9999 -9999 -9999 -9999 -9999 -9999 -9999 -9999 -9999 -9999 -9999 -9999 -9999 -9999 -9999 -9999 -9999
-9999 -9999 -9999 -9999 -9999 -9999 -9999 -9999 -9999 -9999 6.202 -9999 -9999 -9999 -9999 5.652 5.266 5.452 -9999 -9999 -9999 5.736 5.93 -9999 -9999 -9999 -9999 -9999 -9999 -9999 5.382 5.167 4.921 4.701 4.52 4.623 4.711 4.636 4.726 4.415 3.803 2.964 2.889 2.928 2.354 2.621 2.969 3.419 3.355 3.516 4.052 4.457 4.714 4.981 5.147 5.037 5.301 -9999 -9999 -9999 -9999 -9999 -9999 -9999 -9999 -9999 -9999 -9999 -9999 -9999 -9999 -9999 -9999 -9999 -9999 -9999 -9999
-9999 -9999 -9999 -9999 -9999 -9999 -9999 -9999 -9999 -9999 6.023 -9999 -9999 -9999 -9999 -9999 5.763 5.753 -9999 -9999 -9999 -9999 -9999 -9999 -9999 -9999 -9999 -9999 -9999 -9999 5.335 4.771 4.455 4.345 4.258 4.451 4.535 4.55 4.591 4.377 3.956 3.05 2.187 1.789 2.182 2.629 3.519 3.724 3.83 4.052 4.151 4.191 4.657 5.03 5.038 4.856 5.02 5.59 -9999 -9999 -9999 -9999 -9999 -9999 -9999 -9999 -9999 -9999 -9999 -9999 -9999 -9999 -9999 -9999 -9999 -9999 -9999
5.694 5.863 6.296 -9999 -9999 -9999 -9999 -9999 -9999 -9999 6.043 -9999 -9999 -9999 -9999 -9999 -9999 -9999 -9999 -9999 -9999 -9999 -9999 -9999 -9999 -9999 -9999 -9999 -9999 5.483 5.087 4.783 4.804 4.64 3.949 4.379 4.32 4.171 4.425 4.313 4.403 3.202 1.915 1.593 2.437 2.976 2.61 2.584 3.203 3.649 4.434 4.538 4.586 4.761 4.825 4.841 4.885 5.298 5.949 -9999 -9999 -9999 -9999 -9999 -9999 -9999 -9999 -9999 -9999 -9999 -9999 -9999 -9999 -9999 -9999 -9999 -9999
5.551 5.824 6.1 -9999 -9999 -9999 -9999 -9999 -9999 -9999 -9999 -9999 -9999 -9999 -9999 -9999 -9999 -9999 -9999 -9999 -9999 -9999 -9999 -9999 -9999 -9999 -9999 -9999 5.279 5.253 5.017 4.935 4.885 4.543 3.073 3.639 4.38 4.353 4.391 4.654 4.433 3.891 2.713 1.841 2.407 2.655 2.954 3.185 3.136 3.384 3.89 4.593 4.739 4.864 4.857 4.851 4.973 5.358 5.882 -9999 -9999 -9999 -9999 -9999 -9999 -9999 -9999 -9999 -9999 -9999 -9999 -9999 -9999 -9999 -9999 -9999 -9999
5.693 -9999 6.156 6.487 -9999 -9999 -9999 -9999 -9999 -9999 -9999 -9999 -9999 -9999 -9999 -9999 -9999 -9999 -9999 -9999 -9999 -9999 -9999 -9999 -9999 -9999 -9999 -9999 5.217 5.118 5.033 4.211 4.041 4.263 4.489 4.259 3.96 4.195 4.331 4.456 4.649 4.529 3.74 3.226 2.348 2.905 3.271 3.461 3.579 3.853 4.166 4.485 4.61 4.836 4.871 4.915 4.996 5.349 5.874 6.239 6.374 -9999 -9999 -9999 -9999 -9999 -9999 -9999 -9999 -9999 -9999 -9999 -9999 -9999 -9999 -9999 -9999
5.749 -9999 -9999 6.448 -9999 -9999 -9999 -9999 -9999 -9999 -9999 -9999 -9999 -9999 -9999 -9999 -9999 -9999 -9999 -9999 -9999 -9999 -9999 -9999 -9999 -9999 -9999 -9999 5.431 5.21 4.575 3.763 4.838 4.857 4.138 3.666 4.164 4.089 3.864 4.573 4.452 4.737 4.782 4.015 3.507 3.152 3.391 3.626 4.051 4.301 4.632 4.852 5.01 4.983 5.084 4.961 5.103 5.333 5.651 5.524 5.607 5.651 5.961 5.514 -9999 -9999 -9999 -9999 -9999 -9999 -9999 -9999 -9999 -9999 -9999 -9999 -9999
5.727 6.045 -9999 6.493 -9999 -9999 -9999 -9999 -9999 -9999 -9999 -9999 -9999 -9999 -9999 -9999 -9999 -9999 -9999 -9999 -9999 -9999 -9999 -9999 -9999 -9999 -9999 6.216 5.483 5.0 3.973 3.438 3.373 4.026 4.216 4.118 3.841 3.399 4.265 3.712 4.231 4.556 4.719 4.542 4.31 3.883 3.379 3.622 4.068 4.448 4.718 4.942 5.088 5.225 5.196 5.163 5.228 5.391 5.483 5.35 4.638 4.562 4.647 4.826 5.353 5.121 -9999 -9999 -9999 -9999 -9999 -9999 -9999 -9999 -9999 -9999 -9999
5.789 -9999 6.228 -9999 -9999 -9999 -9999 -9999 -9999 -9999 -9999 -9999 -9999 -9999 -9999 -9999 -9999 -9999 -9999 -9999 -9999 -9999 -9999 -9999 -9999 -9999 -9999 -9999 6.06 5.169 3.889 3.611 4.03 2.894 3.483 4.078 3.635 4.072 3.182 3.454 4.151 4.431 4.396 4.444 4.152 2.769 3.057 3.23 3.271 3.636 4.388 4.686 4.925 5.166 5.25 5.243 5.325 5.503 5.597 5.436 4.82 4.442 4.572 4.597 4.66 4.975 5.034 -9999 -9999 -9999 -9999 -9999 -9999 -9999 -9999 -9999 -9999
5.874 5.955 6.165 -9999 -9999 -9999 -9999 -9999 -9999 -9999 -9999 -9999 -9999 -9999 -9999 -9999 -9999 -9999 -9999 -9999 -9999 -9999 -9999 -9999 -9999 -9999 -9999 -9999 -9999 5.779 5.06 5.022 4.013 4.062 4.215 4.729 4.9 3.767 3.752 4.1 4.231 3.95 3.959 4.216 3.399 3.09 2.949 2.547 2.955 3.557 3.846 4.45 4.774 5.1 5.226 5.231 5.342 5.5 5.003 4.784 4.224 3.634 3.834 4.106 4.572 4.604 4.888 5.417 -9999 -9999 -9999 -9999 -9999 -9999 -9999 -9999 -9999
6.111 6.028 -9999 -9999 -9999 -9999 -9999 -9999 -9999 -9999 -9999 -9999 -9999 -9999 -9999 -9999 -9999 -9999 -9999 -9999 -9999 -9999 -9999 -9999 -9999 -9999 -9999 -9999 -9999 6.383 5.8 5.323 4.834 4.332 3.776 4.853 4.411 4.568 4.758 4.718 4.463 4.009 3.204 4.001 3.402 2.842 3.175 3.832 3.986 3.935 4.095 4.305 4.827 5.133 5.211 5.211 5.151 4.928 4.67 4.294 4.356 4.102 3.977 3.903 4.058 4.369 4.547 5.127 5.982 -9999 -9999 -9999 -9999 -9999 -9999 -9999 -9999
6.245 6.53 -9999 -9999 -9999 -9999 -9999 -9999 -9999 -9999 -9999 -9999 -9999 -9999 -9999 -9999 -9999 -9999 -9999 -9999 -9999 -9999 -9999 -9999 -9999 -9999 -9999 -9999 -9999 -9999 5.584 4.958 4.755 4.166 4.761 4.637 4.972 5.069 5.034 4.866 4.613 4.133 4.237 3.175 3.516 3.661 3.528 3.844 3.914 3.796 4.385 4.521 4.897 5.088 5.218 5.204 4.983 4.716 4.571 4.403 4.254 4.224 4.192 4.103 4.126 4.287 4.648 4.957 5.691 -9999 -9999 -9999 -9999 -9999 -9999 -9999 -9999
-9999 -9999 -9999 -9999 -9999 -9999 -9999 -9999 -9999 -9999 -9999 -9999 -9999 -9999 -9999 -9999 -9999 -9999 -9999 -9999 -9999 -9999 -9999 -9999 -9999 -9999 -9999 -9999 -9999 -9999 6.299 4.736 4.907 5.368 4.987 5.186 5.155 5.328 5.176 4.724 4.733 4.754 3.223 3.8 3.649 3.582 3.397 4.028 4.104 4.247 4.354 4.684 4.836 5.108 5.225 5.21 5.039 4.518 4.256 4.411 4.554 4.512 4.45 4.277 4.265 4.344 4.568 5.056 5.278 6.029 -9999 -9999 -9999 -9999 -9999 -9999 -9999
-9999 -9999 -9999 -9999 -9999 -9999 -9999 -9999 -9999 -9999 -9999 -9999 -9999 -9999 -9999 -9999 -9999 -9999 -9999 -9999 -9999 -9999 -9999 -9999 -9999 -9999 -9999 -9999 -9999 -9999 -9999 5.823 5.845 5.418 5.145 5.289 5.245 5.489 5.271 4.974 5.066 4.406 3.611 3.269 3.361 3.058 3.384 3.368 3.615 4.025 4.04 4.348 4.758 5.052 5.18 5.037 4.891 4.797 4.2 4.248 4.782 5.061 4.894 4.767 4.705 4.853 5.038 5.279 5.511 5.668 -9999 -9999 -9999 -9999 -9999 -9999 -9999
-9999 -9999 -9999 -9999 -9999 -9999 -9999 -9999 -9999 -9999 -9999 -9999 -9999 -9999 -9999 -9999 -9999 -9999 -9999 -9999 -9999 -9999 -9999 -9999 -9999 -9999 -9999 -9999 -9999 -9999 -9999 6.36 -9999 5.364 5.515 5.434 5.549 -9999 5.557 5.246 5.138 4.509 3.566 3.562 3.579 3.163 3.369 3.302 2.792 3.465 3.77 3.998 4.34 4.869 5.061 4.964 4.839 4.857 4.935 4.796 5.079 5.267 5.144 4.99 4.98 5.063 5.229 5.328 5.068 5.025 5.375 -9999 -9999 -9999 -9999 -9999 -9999
-9999 -9999 -9999 -9999 -9999 -9999 -9999 -9999 -9999 -9999 -9999 -9999 -9999 -9999 -9999 -9999 -9999 -9999 -9999 -9999 -9999 -9999 -9999 -9999 -9999 -9999 -9999 -9999 -9999 -9999 -9999 -9999 6.231 5.678 -9999 -9999 -9999 -9999 5.822 5.522 5.438 4.924 4.51 3.739 3.632 3.457 3.3 3.905 3.57 3.072 3.716 3.9 4.356 4.726 5.002 5.036 5.019 5.024 5.094 5.122 5.035 5.135 5.021 4.96 5.079 5.092 4.955 4.975 5.078 4.934 5.024 5.367 5.904 -9999 -9999 -9999 -9999
-9999 -9999 -9999 -9999 -9999 -9999 -9999 -9999 -9999 -9999 -9999 -9999 -9999 -9999 -9999 -9999 -9999 -9999 -9999 -9999 -9999 -9999 -9999 -9999 -9999 -9999 -9999 -9999 -9999 -9999 -9999 -9999 6.49 6.197 -9999 -9999 -9999 -9999 5.962 5.441 5.536 5.183 4.538 4.651 4.498 3.779 3.691 3.85 4.0 3.172 3.662 3.938 4.215 4.65 5.061 5.167 5.172 5.197 5.188 5.194 5.158 5.076 5.059 5.053 5.105 5.033 4.85 4.692 4.726 4.841 5.082 5.405 5.916 -9999 -9999 -9999 -9999
-9999 -9999 -9999 -9999 -9999 -9999 -9999 -9999 -9999 -9999 -9999 -9999 -9999 -9999 -9999 -9999 -9999 -9999 -9999 -9999 -9999 -9999 -9999 -9999 -9999 -9999 -9999 -9999 -9999 -9999 -9999 -9999 6.551 -9999 -9999 -9999 -9999 6.191 5.829 5.422 4.77 4.481 4.495 4.505 4.551 4.069 3.678 4.145 4.144 4.071 3.691 4.133 4.396 4.788 5.108 5.302 5.216 5.216 5.253 5.263 5.276 5.252 5.256 5.101 4.787 4.801 4.798 4.845 4.887 4.98 5.191 5.561 -9999 -9999 -9999 -9999 -9999
-9999 -9999 -9999 -9999 -9999 -9999 -9999 -9999 -9999 -9999 -9999 -9999 -9999 -9999 -9999 -9999 -9999 -9999 -9999 -9999 -9999 -9999 -9999 -9999 -9999 -9999 -9999 -9999 -9999 -9999 -9999 -9999 -9999 -9999 -9999 -9999 -9999 6.273 5.7 4.753 3.986 3.72 4.149 4.644 4.582 4.682 4.565 4.651 4.523 4.387 4.195 4.238 4.606 4.912 5.162 5.363 5.317 5.26 5.333 5.376 5.364 5.327 5.294 5.243 4.695 4.395 4.864 5.061 5.217 5.237 5.399 5.626 -9999 -9999 -9999 -9999 -9999
-9999 -9999 -9999 -9999 -9999 -9999 -9999 -9999 -9999 -9999 -9999 -9999 -9999 -9999 -9999 -9999 -9999 -9999 -9999 -9999 -9999 -9999 -9999 -9999 -9999 -9999 -9999 -9999 -9999 -9999 -9999 -9999 -9999 -9999 -9999 -9999 -9999 6.137 5.629 4.896 4.149 4.148 4.57 4.677 4.948 4.91 4.869 4.886 4.85 5.021 4.627 4.607 4.661 4.881 5.116 5.34 5.451 5.366 5.396 5.427 5.428 5.39 5.34 5.33 5.074 4.625 4.834 5.217 5.379 5.44 5.507 5.648 -9999 -9999 -9999 -9999 -9999
-9999 -9999 -9999 -9999 -9999 -9999 -9999 -9999 -9999 -9999 -9999 -9999 -9999 -9999 -9999 -9999 -9999 -9999 -9999 -9999 -9999 -9999 -9999 -9999 -9999 -9999 -9999 -9999 -9999 -9999 -9999 -9999 -9999 -9999 -9999 -9999 6.277 5.997 5.56 4.73 4.226 4.038 4.576 4.605 5.252 5.017 5.044 4.844 4.802 4.69 5.256 5.216 5.321 5.245 5.41 5.336 5.437 5.474 5.402 5.423 5.454 5.434 5.447 5.438 5.374 5.021 5.002 5.312 5.541 5.607 5.604 5.67 5.847 -9999 -9999 -9999 -9999
-9999 -9999 -9999 -9999 -9999 -9999 -9999 -9999 -9999 -9999 -9999 -9999 -9999 -9999 -9999 -9999 -9999 -9999 -9999 -9999 -9999 -9999 -9999 -9999 -9999 -9999 -9999 -9999 -9999 -9999 -9999 -9999 -9999 -9999 -9999 -9999 6.07 5.957 5.684 5.224 4.606 5.179 5.072 5.489 5.026 4.676 4.803 4.659 4.722 5.022 4.85 5.247 5.262 5.237 5.276 5.41 5.407 5.504 5.523 5.474 5.484 5.511 5.547 5.576 5.509 5.382 5.149 5.316 5.587 5.697 5.672 5.678 5.856 -9999 -9999 -9999 -9999
-9999 -9999 -9999 -9999 -9999 -9999 -9999 -9999 -9999 -9999 -9999 -9999 -9999 -9999 -9999 -9999 -9999 -9999 -9999 -9999 -9999 -9999 -9999 -9999 -9999 -9999 -9999 -9999 -9999 -9999 -9999 -9999 -9999 -9999 -9999 6.257 5.996 5.951 5.986 5.559 5.507 5.444 5.626 5.517 4.981 4.922 4.823 4.689 4.715 4.861 5.509 5.29 5.649 5.621 5.517 5.365 5.421 5.462 5.541 5.517 5.5 5.559 5.621 5.641 5.574 5.47 5.329 5.22 5.487 5.761 5.803 5.695 5.748 5.939 -9999 -9999 -9999
-9999 -9999 -9999 -9999 -9999 -9999 -9999 -9999 -9999 -9999 -9999 -9999 -9999 -9999 -9999 -9999 -9999 -9999 -9999 -9999 -9999 -9999 -9999 -9999 -9999 -9999 -9999 -9999 -9999 -9999 -9999 -9999 -9999 -9999 -9999 6.063 5.946 5.972 5.984 5.866 5.733 5.699 5.53 5.292 5.371 5.155 4.712 3.997 4.184 4.437 5.027 5.545 5.545 5.884 5.975 5.742 5.458 5.494 5.557 5.561 5.541 5.595 5.667 5.689 5.66 5.601 5.462 5.334 5.556 5.928 6.033 5.923 5.747 5.777 -9999 -9999 -9999
-9999 -9999 -9999 -9999 -9999 -9999 -9999 -9999 -9999 -9999 -9999 -9999 -9999 -9999 -9999 -9999 -9999 -9999 -9999 -9999 -9999 -9999 -9999 -9999 -9999 -9999 -9999 -9999 -9999 -9999 -9999 -9999 -9999 -9999 -9999 6.143 6.009 6.041 6.126 6.049 5.92 5.645 5.418 5.292 4.977 4.494 3.946 3.962 4.203 4.421 4.919 5.469 5.505 5.553 5.898 6.039 5.919 5.776 5.754 5.693 5.639 5.678 5.707 5.717 5.707 5.672 5.696 5.626 5.743 6.079 6.205 6.084 5.86 5.684 5.731 -9999 -9999
-9999 -9999 -9999 -9999 -9999 -9999 -9999 -9999 -9999 -9999 -9999 -9999 -9999 -9999 -9999 -9999 -9999 -9999 -9999 -9999 -9999 -9999 -9999 -9999 -9999 -9999 -9999 -9999 -9999 -9999 -9999 -9999 -9999 -9999 -9999 -9999 6.032 6.049 6.111 6.02 5.636 5.26 5.047 4.895 4.822 4.616 4.247 4.421 4.44 4.825 5.517 5.742 5.797 5.575 5.823 6.016 5.955 5.917 5.909 5.808 5.741 5.752 5.763 5.733 5.69 5.66 5.655 5.759 5.834 -9999 6.154 -9999 5.903 5.772 5.708 6.028 -9999
-9999 -9999 -9999 -9999 -9999 -9999 -9999 -9999 -9999 -9999 -9999 -9999 -9999 -9999 -9999 -9999 -9999 -9999 -9999 -9999 -9999 -9999 -9999 -9999 -9999 -9999 -9999 -9999 -9999 -9999 -9999 -9999 -9999 -9999 -9999 6.291 6.077 6.053 6.09 5.898 5.387 4.766 4.692 4.833 4.494 4.428 4.602 4.37 4.133 4.501 5.124 5.939 5.827 5.804 5.977 6.003 5.9 5.919 5.908 5.883 5.812 5.786 5.768 5.725 5.668 5.491 5.509 5.625 5.578 5.643 5.856 5.917 -9999 5.892 5.902 5.861 6.176
-9999 -9999 -9999 -9999 -9999 -9999 -9999 -9999 -9999 -9999 -9999 -9999 -9999 -9999 -9999 -9999 -9999 -9999 -9999 -9999 -9999 -9999 -9999 -9999 -9999 -9999 -9999 -9999 -9999 -9999 -9999 -9999 -9999 -9999 -9999 6.335 6.14 6.149 6.033 5.681 5.384 5.019 4.839 5.061 4.998 5.055 5.171 4.69 4.324 4.607 5.14 5.498 5.503 5.551 5.741 5.831 5.723 5.737 5.849 5.88 5.888 5.827 5.772 5.701 5.648 5.585 5.389 5.469 5.477 5.301 5.457 5.695 5.835 -9999 -9999 -9999 -9999
-9999 -9999 -9999 -9999 -9999 -9999 -9999 -9999 -9999 -9999 -9999 -9999 -9999 -9999 -9999 -9999 -9999 -9999 -9999 -9999 -9999 -9999 -9999 -9999 -9999 -9999 -9999 -9999 -9999 -9999 -9999 -9999 -9999 -9999 6.513 6.421 6.25 6.052 5.885 5.847 5.713 5.293 5.5 5.581 5.625 5.695 5.524 4.918 4.193 4.088 4.639 5.04 4.967 5.295 5.689 5.757 5.821 5.734 5.816 5.891 5.919 5.868 5.8 5.716 5.662 5.613 5.524 5.396 5.402 5.218 5.182 5.405 5.663 5.801 5.9 -9999 -9999
-9999 -9999 -9999 -9999 -9999 -9999 -9999 -9999 -9999 -9999 -9999 -9999 -9999 -9999 -9999 -9999 -9999 -9999 -9999 -9999 -9999 -9999 -9999 -9999 -9999 -9999 -9999 -9999 -9999 -9999 -9999 -9999 -9999 -9999 6.58 6.343 6.283 6.134 5.912 5.722 5.883 5.839 5.896 5.943 6.018 6.052 5.816 5.294 4.739 3.944 3.733 4.429 4.573 4.903 5.464 5.586 5.915 5.998 5.84 5.868 5.912 5.883 5.819 5.739 5.687 5.651 5.536 5.451 5.43 5.4 5.054 5.18 5.422 5.629 5.799 5.985 -9999
-9999 -9999 -9999 -9999 -9999 -9999 -9999 -9999 -9999 -9999 -9999 -9999 -9999 -9999 -9999 -9999 -9999 -9999 -9999 -9999 -9999 -9999 -9999 -9999 -9999 -9999 -9999 -9999 -9999 -9999 -9999 -9999 -9999 -9999 -9999 6.444 6.344 6.213 5.948 6.009 5.999 6.04 6.124 6.213 6.425 6.437 6.162 5.713 5.012 4.263 3.553 3.426 4.09 4.632 5.183 5.641 5.711 5.939 5.841 5.777 5.874 5.889 5.828 5.748 5.697 5.631 5.549 5.494 5.489 5.434 5.241 5.113 5.285 5.404 5.6 5.821 5.972
