Validation/Results/raw data/ReClimate_01_2024_1_Temperature-Actualsweatherlogisticsltd.asc
NCOLS 192
NROWS 249
XLLCENTER -225160.85627316462
YLLCENTER 29788.11610251502
CELLSIZE 5000.0
NODATA_VALUE -9999
[rows 170 to 203 of 249, columns 77 to 153 of 192]
-9999 -9999 -9999 -9999 -9999 -9999 -9999 -9999 -9999 -9999 -9999 -9999 -9999 -9999 -9999 7.178 6.976 -9999 -9999 -9999 -9999 -9999 -9999 -9999 -9999 -9999 -9999 -9999 -9999 -9999 -9999 -9999 -9999 -9999 6.488 6.699 6.561 6.453 6.242 6.266 6.319 6.429 6.516 6.698 6.81 6.78 6.473 5.93 5.077 4.28 3.549 3.777 3.717 4.133 5.21 5.698 5.945 5.594 5.567 5.798 6.047 6.053 6.065 6.057 6.045 5.995 5.884 5.849 5.932 5.948 5.836 5.403 5.377 5.359 5.691 5.972 6.069
-9999 -9999 -9999 -9999 -9999 -9999 -9999 -9999 -9999 -9999 -9999 -9999 -9999 -9999 -9999 6.98 6.748 6.709 -9999 -9999 -9999 -9999 -9999 -9999 -9999 -9999 -9999 -9999 -9999 -9999 -9999 -9999 -9999 6.673 6.713 6.663 6.604 6.385 6.456 6.324 6.335 6.399 6.497 6.566 6.573 6.492 6.354 5.997 5.363 4.313 3.492 3.927 4.389 4.413 5.03 6.015 6.145 5.913 5.499 5.683 6.064 6.147 6.075 6.0 5.994 5.97 5.91 5.784 5.857 5.938 5.898 5.608 5.323 5.391 5.579 5.94 6.106
-9999 -9999 -9999 -9999 -9999 -9999 -9999 -9999 -9999 -9999 -9999 -9999 -9999 -9999 7.205 6.938 6.602 6.698 7.068 -9999 -9999 -9999 -9999 -9999 -9999 -9999 -9999 -9999 -9999 -9999 6.54 -9999 -9999 6.662 6.436 6.646 6.637 6.577 -9999 6.228 6.2 6.246 6.338 6.287 6.348 6.239 6.141 5.702 5.049 5.372 4.269 4.493 4.96 4.255 5.048 5.572 6.009 5.949 5.688 5.766 6.03 6.261 6.149 6.02 6.038 5.991 5.946 5.808 5.813 5.94 5.896 5.778 5.474 5.31 5.402 5.82 6.05
-9999 -9999 -9999 -9999 -9999 -9999 -9999 -9999 -9999 -9999 -9999 -9999 -9999 -9999 7.187 6.858 6.714 6.723 7.028 7.21 7.351 -9999 -9999 -9999 6.676 6.87 -9999 6.733 6.679 6.603 5.813 6.011 -9999 -9999 6.598 6.569 -9999 -9999 6.388 6.206 6.412 6.607 6.458 6.311 6.146 6.043 5.82 5.21 4.462 4.777 4.65 4.396 4.564 4.431 4.532 5.678 5.878 5.78 5.56 5.781 5.939 6.123 6.167 6.0 6.048 6.035 5.978 5.867 5.82 5.953 5.931 5.863 5.681 5.458 5.256 5.437 5.792
-9999 -9999 -9999 -9999 -9999 -9999 -9999 -9999 -9999 -9999 -9999 -9999 -9999 -9999 -9999 7.053 6.836 6.828 7.071 7.147 -9999 -9999 4.988 4.897 6.318 5.751 5.882 5.959 6.561 6.348 6.082 5.716 5.776 -9999 6.595 6.612 6.554 6.513 6.152 5.956 6.367 6.715 6.596 6.314 6.137 5.913 5.696 4.952 3.978 4.095 4.37 4.618 4.914 4.761 4.852 5.451 5.898 5.797 5.616 5.759 5.864 5.935 5.992 5.992 6.042 6.062 5.975 5.764 5.806 5.997 5.988 5.931 5.813 5.625 5.514 5.429 5.472
-9999 -9999 -9999 -9999 -9999 -9999 -9999 -9999 -9999 -9999 -9999 -9999 -9999 -9999 -9999 7.154 7.023 7.232 7.274 7.21 6.947 5.524 3.364 5.62 6.128 5.239 5.651 5.35 5.811 6.302 5.999 5.038 5.643 5.947 6.372 6.599 6.552 6.397 6.102 5.958 6.232 6.495 6.455 6.299 6.093 5.89 5.571 4.634 4.044 3.753 4.133 4.244 5.02 5.207 4.883 5.174 5.619 5.653 5.633 5.741 5.797 5.851 5.906 5.935 6.094 6.054 6.038 5.973 5.837 6.019 6.06 6.016 5.918 5.721 5.471 5.526 5.7
-9999 -9999 -9999 -9999 -9999 -9999 -9999 -9999 -9999 -9999 -9999 -9999 -9999 -9999 -9999 -9999 7.287 7.437 7.217 6.571 5.42 2.729 3.391 5.314 5.317 5.476 4.852 4.679 4.989 5.375 5.59 5.758 5.042 5.781 6.255 6.407 6.528 6.468 6.205 6.101 6.208 6.368 6.388 6.186 6.001 5.812 5.335 4.725 4.095 3.928 4.376 4.232 4.507 5.466 5.128 5.137 5.492 5.465 5.56 5.732 5.778 5.783 5.82 5.905 6.101 6.103 6.1 5.967 5.921 6.017 6.083 6.066 5.954 5.84 5.766 5.698 5.782
-9999 -9999 -9999 -9999 -9999 -9999 -9999 -9999 -9999 -9999 -9999 -9999 -9999 -9999 -9999 -9999 -9999 -9999 6.621 5.501 4.214 3.538 3.958 5.555 5.788 5.026 4.29 4.112 4.214 5.146 5.976 5.556 4.839 5.391 6.054 6.339 6.578 6.471 6.241 6.045 6.162 6.263 6.237 6.142 5.966 5.628 5.008 4.644 4.424 3.981 4.309 4.216 4.171 4.801 5.461 5.342 5.702 5.54 5.361 5.597 5.736 5.837 5.86 5.953 6.092 6.122 6.118 6.099 5.911 5.989 6.037 6.032 5.996 5.94 5.927 5.89 5.83
-9999 -9999 -9999 -9999 -9999 -9999 -9999 -9999 -9999 -9999 -9999 -9999 -9999 -9999 -9999 -9999 -9999 7.187 6.187 5.496 5.028 4.01 5.118 5.787 5.388 5.19 4.498 3.956 4.359 4.518 5.4 5.179 4.557 4.918 5.586 6.363 6.504 6.461 6.113 5.94 6.043 6.172 6.192 6.093 5.818 5.286 5.025 5.116 4.669 4.126 4.431 4.522 4.668 4.884 5.057 5.548 5.651 5.599 5.555 5.561 5.743 5.715 5.899 6.034 6.11 6.115 6.113 5.886 5.878 5.982 6.062 6.033 6.023 6.016 6.013 5.969 5.922
-9999 -9999 -9999 -9999 -9999 -9999 -9999 -9999 -9999 -9999 -9999 -9999 -9999 -9999 -9999 -9999 7.114 5.42 5.975 5.519 4.925 5.092 3.835 4.269 4.681 4.573 3.945 4.478 4.282 4.826 5.281 4.489 4.064 4.782 5.618 6.344 6.573 6.437 6.031 6.033 6.139 6.151 6.157 5.936 5.554 5.477 5.333 4.866 4.557 4.388 4.302 4.872 5.096 5.305 5.492 5.507 5.826 5.734 5.79 5.805 5.844 6.009 5.827 6.029 6.129 6.082 6.047 5.84 5.749 5.987 6.042 6.057 6.052 6.052 6.045 6.051 6.067
-9999 -9999 -9999 -9999 -9999 -9999 -9999 -9999 -9999 -9999 -9999 -9999 -9999 -9999 -9999 6.959 5.551 6.282 6.342 5.957 6.021 5.247 4.933 4.574 4.148 3.858 3.946 4.115 4.378 5.158 4.71 4.738 5.428 5.63 6.137 6.255 6.467 6.307 6.083 6.073 6.069 6.103 5.903 5.559 5.644 5.575 5.366 4.86 4.813 5.261 5.151 5.108 5.361 5.493 5.64 5.69 5.735 5.917 5.99 6.158 6.219 6.254 6.196 6.042 6.079 6.062 6.017 5.822 5.749 5.995 6.062 6.037 6.048 6.036 6.067 6.083 6.108
-9999 -9999 -9999 -9999 -9999 -9999 -9999 -9999 -9999 -9999 -9999 -9999 -9999 6.781 6.964 6.618 6.732 6.972 6.948 6.583 6.733 6.311 5.542 4.753 4.035 3.164 4.558 4.687 5.142 5.052 4.181 4.45 4.911 5.719 6.003 6.113 6.218 6.139 6.012 5.936 6.01 5.935 5.687 5.549 5.474 5.697 5.399 5.06 5.169 5.34 5.505 5.558 5.602 5.747 5.974 6.095 5.953 5.997 6.304 6.479 6.503 6.342 6.229 6.146 6.063 5.972 5.959 5.735 5.656 5.925 6.066 6.049 6.02 6.022 6.055 6.071 -9999
-9999 -9999 -9999 -9999 -9999 -9999 -9999 -9999 -9999 -9999 -9999 -9999 6.64 6.696 6.743 6.955 -9999 -9999 -9999 -9999 6.117 5.208 4.989 4.662 3.808 4.701 4.794 4.181 4.63 4.01 2.774 3.631 4.593 5.043 5.774 6.175 6.112 6.037 5.994 5.98 5.97 5.898 5.705 5.608 5.498 5.626 5.464 5.406 5.421 5.504 5.734 5.814 5.836 6.025 6.104 6.31 6.356 6.269 6.393 6.519 6.442 6.307 6.173 6.049 5.89 5.801 5.797 5.712 5.623 5.791 6.007 6.073 6.044 6.013 6.046 6.062 6.094
-9999 -9999 -9999 -9999 -9999 -9999 -9999 -9999 -9999 -9999 -9999 -9999 6.647 6.537 7.095 -9999 -9999 -9999 -9999 -9999 5.896 5.19 4.744 4.979 4.289 4.428 4.018 3.517 3.729 3.37 3.417 4.845 4.902 5.471 6.025 6.221 6.143 6.052 5.948 5.79 5.764 5.846 5.75 5.632 5.628 5.547 5.657 5.622 5.703 5.525 5.521 5.637 5.857 6.073 6.167 6.252 6.245 6.266 6.276 6.274 6.198 5.969 5.944 5.712 5.509 5.454 5.582 5.647 5.649 5.789 5.975 6.116 6.11 6.087 6.07 6.054 6.052
-9999 -9999 -9999 -9999 -9999 -9999 -9999 -9999 -9999 -9999 -9999 -9999 -9999 -9999 7.26 -9999 -9999 -9999 -9999 -9999 5.815 5.036 5.364 5.053 4.712 4.692 3.475 3.749 4.579 3.819 4.661 4.968 5.226 5.858 6.225 6.277 6.033 6.002 5.855 5.756 5.919 5.896 5.873 5.824 5.683 5.702 5.788 5.872 5.799 5.784 5.701 5.622 5.84 5.917 5.755 5.879 6.014 6.034 6.192 6.125 5.886 5.586 5.445 5.598 5.447 5.35 5.415 5.556 5.639 5.781 5.981 6.151 6.165 6.147 6.135 6.106 6.124
-9999 -9999 -9999 -9999 -9999 -9999 -9999 -9999 -9999 -9999 -9999 -9999 -9999 -9999 -9999 -9999 -9999 -9999 -9999 -9999 6.232 5.669 6.565 5.765 5.008 3.831 4.065 4.136 4.067 4.822 4.905 5.051 5.934 6.185 6.404 6.268 6.162 6.028 6.006 6.018 6.069 6.079 6.016 5.92 5.845 5.787 5.85 5.815 5.646 5.863 6.002 5.926 5.838 5.958 5.706 5.537 5.756 5.716 5.899 6.092 5.864 5.689 5.524 5.511 5.621 5.5 5.435 5.591 5.739 5.851 6.008 6.18 6.191 6.178 6.171 6.176 6.203
-9999 -9999 -9999 -9999 -9999 -9999 -9999 -9999 -9999 -9999 -9999 -9999 -9999 -9999 -9999 -9999 -9999 -9999 -9999 -9999 -9999 6.352 5.059 4.573 4.522 4.818 4.723 4.409 5.065 5.113 5.525 5.998 5.858 6.342 6.311 5.997 6.01 6.055 6.166 6.245 6.21 6.113 6.055 5.838 5.759 5.771 5.873 5.702 5.48 5.626 5.958 6.049 5.986 5.896 5.838 5.667 5.58 5.395 5.431 5.934 6.01 5.746 5.529 5.312 5.338 5.562 5.539 5.649 5.828 6.011 6.087 6.202 6.209 6.195 6.201 6.222 6.249
-9999 -9999 -9999 -9999 -9999 -9999 -9999 -9999 -9999 -9999 -9999 -9999 -9999 -9999 -9999 -9999 -9999 -9999 -9999 -9999 6.298 5.762 5.207 4.257 5.185 5.281 4.697 5.019 5.079 5.061 5.974 5.882 5.86 6.123 5.149 5.775 6.079 6.088 6.007 6.182 5.981 5.571 5.567 5.767 5.891 5.8 5.886 5.796 5.687 5.69 5.922 6.036 6.042 5.966 5.824 5.77 5.618 5.589 5.625 5.884 5.961 5.724 5.421 5.173 5.172 5.482 5.708 5.778 5.952 6.094 6.168 6.215 6.241 6.23 6.216 6.241 6.291
-9999 -9999 -9999 -9999 -9999 -9999 -9999 -9999 -9999 -9999 -9999 -9999 -9999 -9999 -9999 -9999 -9999 -9999 -9999 -9999 6.534 6.034 4.299 5.718 6.193 5.493 5.294 4.97 4.445 5.124 5.92 5.86 6.152 5.758 5.811 5.837 5.706 5.685 6.065 5.994 5.709 5.626 5.682 5.992 5.907 5.802 5.878 5.823 5.908 5.914 5.957 6.041 6.056 6.039 5.962 5.861 5.77 5.618 5.759 5.932 5.836 5.512 5.177 5.164 5.208 5.341 5.642 5.88 5.943 6.097 6.128 6.159 6.251 6.29 6.284 6.291 6.352
-9999 -9999 -9999 -9999 -9999 -9999 -9999 -9999 -9999 -9999 -9999 -9999 -9999 -9999 -9999 -9999 -9999 -9999 -9999 -9999 6.45 5.697 6.503 6.221 5.902 5.569 5.062 4.215 4.582 4.895 5.633 5.91 6.271 6.129 5.773 5.205 4.882 5.069 5.7 5.489 5.65 5.609 5.881 6.132 5.959 5.908 5.921 5.955 6.048 5.92 5.881 6.024 6.078 5.894 5.971 5.975 5.878 5.792 5.856 5.925 5.762 5.498 5.315 5.261 5.406 5.572 5.761 5.838 5.934 6.044 6.211 6.161 6.262 6.322 6.347 6.377 6.404
-9999 -9999 -9999 -9999 -9999 -9999 -9999 -9999 -9999 -9999 -9999 -9999 -9999 -9999 -9999 -9999 -9999 -9999 -9999 -9999 -9999 7.038 5.806 5.057 4.388 4.338 4.411 4.76 5.154 5.896 6.067 6.22 6.058 5.955 5.749 5.401 5.053 5.021 5.299 5.598 5.585 5.485 5.872 6.143 5.971 6.118 6.062 5.945 6.241 6.251 6.067 6.11 6.178 5.911 5.751 5.987 5.905 5.834 5.877 5.86 5.662 5.534 5.546 5.646 5.645 5.755 5.806 5.809 5.951 6.091 6.151 6.18 6.292 6.36 6.361 6.381 6.415
-9999 -9999 -9999 -9999 -9999 -9999 -9999 -9999 -9999 -9999 -9999 -9999 -9999 -9999 -9999 -9999 -9999 -9999 -9999 -9999 -9999 6.248 5.115 4.313 3.719 3.624 4.149 5.085 5.837 5.994 5.645 5.092 4.712 4.748 5.325 5.677 5.247 5.238 5.454 5.624 5.14 5.416 5.78 5.944 5.979 6.219 6.135 6.177 6.048 6.168 6.233 6.185 6.255 6.093 5.882 5.98 5.987 5.776 5.689 5.654 5.519 5.497 5.642 5.559 5.588 5.615 5.782 5.735 5.889 6.046 6.036 6.144 6.296 6.34 6.328 6.306 6.282
-9999 -9999 -9999 -9999 -9999 -9999 -9999 -9999 -9999 -9999 -9999 -9999 -9999 -9999 -9999 -9999 -9999 -9999 -9999 -9999 6.95 6.171 5.106 4.297 3.892 4.195 4.734 5.234 4.869 4.16 4.513 4.375 4.431 5.205 5.587 5.435 5.37 5.596 5.718 5.298 5.187 5.295 5.668 5.897 6.0 6.325 6.215 5.985 6.105 5.898 6.029 6.018 6.098 6.099 6.032 6.131 6.047 5.888 5.799 5.637 5.572 5.405 5.512 5.546 5.563 5.665 5.707 5.856 5.954 5.979 5.964 6.114 6.317 6.311 6.313 6.288 6.225
-9999 -9999 -9999 -9999 -9999 -9999 -9999 -9999 -9999 -9999 -9999 -9999 -9999 -9999 -9999 -9999 -9999 -9999 -9999 -9999 6.573 5.863 5.422 5.051 4.519 3.929 4.354 4.548 4.152 4.37 4.126 3.995 4.459 5.208 4.875 4.953 5.621 5.407 5.821 5.46 5.144 5.116 5.845 5.886 6.347 6.406 6.2 6.052 5.567 5.769 5.805 5.882 5.885 5.979 6.071 6.142 6.125 6.022 5.953 5.897 5.604 5.462 5.391 5.438 5.537 5.813 5.887 5.952 6.0 5.953 5.94 6.085 6.19 6.262 6.268 6.297 6.236
-9999 -9999 -9999 -9999 -9999 -9999 -9999 -9999 -9999 -9999 -9999 -9999 -9999 -9999 -9999 -9999 -9999 -9999 -9999 -9999 6.107 6.181 6.234 5.469 4.346 3.811 4.31 4.429 4.679 4.291 4.389 4.59 4.828 4.745 4.914 5.625 5.654 5.699 5.319 5.73 5.548 5.822 5.803 5.909 6.324 6.486 6.313 5.883 5.897 5.763 5.72 5.789 5.814 5.958 6.035 6.014 5.981 5.949 5.969 5.881 5.637 5.438 5.556 5.688 5.6 5.807 5.906 6.04 6.027 5.939 6.041 6.187 6.255 6.302 6.37 6.348 6.334
-9999 -9999 -9999 -9999 -9999 -9999 -9999 -9999 -9999 -9999 -9999 -9999 -9999 -9999 -9999 -9999 -9999 -9999 -9999 6.349 6.07 5.609 5.671 5.377 4.332 4.224 3.926 4.452 5.137 5.074 5.145 4.785 4.721 5.162 5.207 5.253 5.674 5.616 5.979 6.094 6.089 6.016 5.878 6.171 6.406 6.436 6.374 6.245 6.07 6.036 5.897 5.894 5.861 5.93 6.047 6.018 6.001 6.057 5.978 5.805 5.667 5.593 5.769 5.884 5.853 5.838 6.047 5.986 6.014 5.939 5.955 6.128 6.264 6.275 6.321 6.33 6.357
-9999 -9999 -9999 -9999 -9999 -9999 -9999 -9999 -9999 -9999 -9999 -9999 -9999 -9999 -9999 -9999 -9999 -9999 6.124 6.057 5.536 5.867 5.85 4.679 4.022 3.914 4.247 4.751 5.202 4.984 5.078 4.79 4.317 5.077 5.047 5.723 5.958 6.163 6.16 6.008 5.818 5.876 5.822 6.234 6.336 6.588 6.554 6.377 6.231 6.161 6.144 5.985 5.951 6.069 6.132 6.041 5.971 5.958 5.91 5.767 5.706 5.703 5.833 6.02 6.083 6.126 5.979 5.9 5.885 5.91 5.964 6.118 6.152 6.107 6.089 6.15 6.27
-9999 -9999 -9999 -9999 -9999 -9999 -9999 -9999 -9999 -9999 -9999 -9999 -9999 -9999 -9999 -9999 5.747 5.869 5.787 6.366 6.303 6.121 5.402 4.362 3.971 3.896 3.793 4.582 4.909 5.367 5.061 4.535 4.564 5.172 5.685 5.862 6.225 6.274 6.238 5.818 5.666 5.696 6.075 6.475 6.612 6.638 6.561 6.388 6.307 6.313 6.278 6.107 6.1 6.14 6.232 5.968 5.851 5.722 5.567 5.575 5.63 5.83 5.933 6.013 5.933 6.019 5.991 5.973 5.926 5.926 6.006 6.167 6.242 6.024 5.941 6.0 6.207
-9999 -9999 -9999 -9999 -9999 -9999 -9999 -9999 -9999 -9999 -9999 -9999 -9999 -9999 -9999 5.737 5.594 5.303 5.698 6.092 6.017 5.717 4.65 4.614 4.201 4.131 4.493 5.134 5.626 5.519 5.386 4.855 4.322 4.969 5.541 6.05 6.112 6.169 5.886 6.009 5.755 5.805 6.267 6.559 6.78 6.771 6.523 6.506 6.313 6.315 6.377 6.265 6.17 6.129 6.005 6.006 5.792 5.763 5.644 5.43 5.44 5.555 5.743 5.839 5.829 5.898 6.035 5.951 6.128 6.172 6.176 6.239 6.18 6.035 5.908 6.016 6.203
-9999 -9999 -9999 -9999 -9999 -9999 -9999 -9999 -9999 -9999 -9999 -9999 7.116 6.59 6.19 5.934 5.445 5.454 5.704 6.092 6.029 4.94 4.887 4.885 5.264 4.476 5.149 5.283 4.852 5.398 5.614 4.211 4.878 5.504 6.352 6.354 6.174 5.676 6.367 6.212 6.119 6.121 6.173 6.528 6.727 6.821 6.682 6.623 6.429 6.285 6.379 6.341 6.306 6.122 5.977 5.644 5.767 5.833 5.791 5.586 5.541 5.631 5.771 5.906 5.866 5.924 5.967 6.097 6.163 6.265 6.202 6.228 6.249 6.139 6.133 6.159 6.224
-9999 -9999 -9999 -9999 -9999 -9999 -9999 -9999 -9999 -9999 6.536 6.738 6.773 6.594 6.434 6.035 6.086 5.911 6.213 5.951 4.933 5.362 5.37 5.472 5.673 5.104 4.847 4.052 4.608 5.025 4.926 5.272 5.706 6.247 5.618 5.896 6.183 6.384 6.495 6.459 6.344 6.334 6.462 6.403 6.665 6.903 6.819 6.71 6.577 6.486 6.452 6.187 6.288 6.291 5.994 5.778 5.604 5.833 5.796 5.611 5.523 5.559 5.677 5.931 6.061 6.094 6.046 6.012 6.181 6.138 6.064 6.144 6.247 6.228 6.189 6.161 6.125
-9999 -9999 -9999 -9999 -9999 -9999 6.552 6.541 6.545 6.549 6.038 6.729 6.537 6.588 6.335 6.046 6.077 6.112 6.079 5.284 5.558 5.87 5.428 5.965 5.719 5.2 4.271 4.469 4.842 5.08 5.015 5.696 6.156 4.991 5.096 5.872 5.954 6.402 6.44 6.515 6.382 6.164 6.394 6.273 6.837 6.926 6.86 6.605 6.448 6.488 5.926 6.082 6.208 6.277 5.994 5.66 5.679 5.798 5.791 5.754 5.669 5.668 5.735 5.934 6.029 6.098 6.125 5.994 5.998 6.071 6.058 6.203 6.319 6.199 5.888 5.845 5.781
-9999 -9999 -9999 -9999 -9999 6.954 6.56 6.558 6.428 5.584 5.336 5.543 5.873 6.228 5.685 5.546 5.727 5.762 5.453 5.878 5.914 5.567 6.065 6.284 5.862 5.167 4.655 4.906 5.088 5.08 5.394 5.814 4.803 3.645 4.912 5.675 6.242 6.199 6.363 6.206 6.286 6.44 6.493 6.735 6.852 6.864 6.872 6.601 6.35 5.974 5.634 5.437 5.981 6.137 5.676 5.528 5.639 5.796 5.855 5.776 5.772 5.774 5.895 5.874 5.91 6.003 5.893 5.808 5.94 6.021 6.064 6.191 6.247 6.037 5.773 5.607 5.647
-9999 -9999 -9999 -9999 7.278 6.717 6.471 6.477 6.082 5.56 5.688 5.973 6.267 5.826 5.737 5.688 6.145 5.663 5.573 5.948 5.96 6.132 6.645 6.195 5.361 4.9 5.143 5.333 5.258 5.713 5.777 5.477 4.075 4.217 4.98 6.241 6.102 6.243 6.137 6.483 6.566 6.47 6.632 6.744 6.859 6.89 6.974 6.709 6.369 5.877 5.416 5.51 5.804 5.883 5.608 5.308 5.545 5.757 5.809 5.872 5.857 5.9 5.915 5.918 5.786 5.844 5.938 5.819 5.853 5.801 5.673 5.906 6.101 5.953 5.739 5.719 5.736
