Validation/Results/raw data/ReClimate_02_2024_1.asc
NCOLS 192
NROWS 249
XLLCENTER -225160.85627316462
YLLCENTER 29788.11610251502
CELLSIZE 5000.0
NODATA_VALUE -9999
[rows 102 to 135 of 249, columns 75 to 149 of 192]
94.391 94.394 94.04 94.017 92.584 91.568 -9999 -9999 94.205 -9999 -9999 92.426 92.681 93.44 92.85 92.376 92.297 92.388 92.484 92.882 93.065 93.002 93.343 93.49 93.686 93.971 93.256 92.383 92.837 93.548 93.791 93.942 93.943 93.945 93.949 93.953 93.96 93.968 93.983 94.007 94.037 94.049 -9999 -9999 -9999 -9999 -9999 -9999 -9999 -9999 -9999 -9999 -9999 -9999 -9999 -9999 -9999 -9999 -9999 -9999 -9999 -9999 -9999 -9999 -9999 -9999 -9999 -9999 -9999 -9999 -9999 -9999 -9999 -9999 -9999
93.51 94.276 94.304 94.41 -9999 -9999 -9999 93.878 93.978 92.318 91.792 92.264 92.97 93.782 93.266 92.526 92.738 93.201 93.413 93.445 93.217 92.703 92.935 93.368 93.608 93.868 93.292 92.966 93.485 93.903 93.984 93.995 93.996 93.998 94.002 94.008 94.015 -9999 -9999 94.066 -9999 -9999 -9999 -9999 -9999 -9999 -9999 -9999 -9999 -9999 -9999 -9999 -9999 -9999 -9999 -9999 -9999 -9999 -9999 -9999 -9999 -9999 -9999 -9999 -9999 -9999 -9999 -9999 -9999 -9999 -9999 -9999 -9999 -9999 -9999
93.634 94.131 -9999 94.332 -9999 -9999 -9999 93.67 92.968 92.796 93.01 92.927 93.374 93.434 93.098 93.205 93.406 93.296 93.243 93.073 92.694 92.401 92.725 93.01 93.273 93.632 92.809 91.047 91.93 93.745 93.829 94.047 94.048 94.051 94.055 94.062 -9999 94.08 94.097 94.123 94.071 -9999 -9999 -9999 -9999 -9999 -9999 -9999 -9999 -9999 -9999 -9999 -9999 -9999 -9999 -9999 -9999 -9999 -9999 -9999 -9999 -9999 -9999 -9999 -9999 -9999 -9999 -9999 -9999 -9999 -9999 -9999 -9999 -9999 -9999
94.365 -9999 -9999 -9999 -9999 93.431 92.767 93.425 93.266 93.074 92.83 92.286 92.501 93.002 93.063 93.076 93.006 92.945 92.937 93.139 92.942 92.829 92.503 91.238 91.617 92.149 91.726 93.058 93.582 92.464 92.531 92.411 92.867 94.104 -9999 94.116 94.125 94.136 94.154 94.18 94.006 -9999 -9999 -9999 -9999 -9999 -9999 -9999 -9999 -9999 -9999 -9999 -9999 -9999 -9999 -9999 -9999 -9999 -9999 -9999 -9999 -9999 -9999 -9999 -9999 -9999 -9999 -9999 -9999 -9999 -9999 -9999 -9999 -9999 -9999
-9999 -9999 -9999 -9999 -9999 94.032 93.663 93.462 93.352 93.33 92.931 92.614 92.743 92.399 92.489 92.723 92.654 92.564 92.752 92.957 92.897 92.872 91.962 91.289 91.948 92.996 93.812 94.164 93.168 92.041 92.279 93.095 93.848 94.158 94.164 94.172 94.181 94.185 94.189 94.196 94.017 93.829 -9999 -9999 -9999 -9999 -9999 -9999 -9999 -9999 -9999 -9999 -9999 -9999 -9999 -9999 -9999 -9999 -9999 -9999 -9999 -9999 -9999 -9999 -9999 -9999 -9999 -9999 -9999 -9999 -9999 -9999 -9999 -9999 -9999
-9999 -9999 -9999 -9999 94.168 -9999 -9999 93.693 93.614 93.438 93.235 93.128 -9999 -9999 92.317 92.691 92.642 92.658 92.944 93.439 93.387 93.266 92.976 93.127 93.889 94.476 94.39 93.662 92.859 92.269 92.878 93.388 93.457 93.221 93.481 94.195 94.191 94.184 94.182 94.184 94.081 94.085 94.206 -9999 -9999 -9999 -9999 -9999 -9999 -9999 -9999 -9999 -9999 -9999 -9999 -9999 -9999 -9999 -9999 -9999 -9999 -9999 -9999 -9999 -9999 -9999 -9999 -9999 -9999 -9999 -9999 -9999 -9999 -9999 -9999
-9999 -9999 -9999 -9999 94.149 -9999 93.801 93.607 93.433 93.219 93.098 92.921 92.554 92.475 92.6 92.421 92.348 92.147 92.597 93.142 93.115 93.206 93.087 92.551 92.894 92.999 92.686 92.86 92.795 93.448 93.657 93.512 93.159 92.537 93.247 94.183 94.176 94.17 94.17 94.173 94.176 94.18 -9999 -9999 -9999 -9999 -9999 -9999 -9999 -9999 -9999 -9999 -9999 -9999 -9999 -9999 -9999 -9999 -9999 -9999 -9999 -9999 -9999 -9999 -9999 -9999 -9999 -9999 -9999 -9999 -9999 -9999 -9999 -9999 -9999
-9999 -9999 -9999 -9999 94.13 -9999 93.749 93.714 93.701 93.971 93.638 -9999 92.796 92.376 -9999 93.293 93.13 92.984 93.265 93.284 93.484 93.919 93.583 93.43 93.538 93.684 93.773 93.77 94.179 94.372 94.157 93.779 93.292 92.846 93.555 94.168 94.162 94.157 -9999 -9999 -9999 -9999 -9999 -9999 -9999 -9999 -9999 -9999 -9999 -9999 -9999 -9999 -9999 -9999 -9999 -9999 -9999 -9999 -9999 -9999 -9999 -9999 -9999 -9999 -9999 -9999 -9999 -9999 -9999 -9999 -9999 -9999 -9999 -9999 -9999
-9999 -9999 94.138 94.189 -9999 -9999 93.98 93.547 93.704 93.753 93.392 93.321 92.973 92.633 -9999 92.354 92.515 93.163 93.058 92.765 93.311 94.207 94.041 93.809 93.968 94.194 94.191 94.189 94.16 93.811 93.264 92.307 92.284 92.85 93.432 94.154 94.147 -9999 -9999 -9999 -9999 -9999 -9999 -9999 -9999 -9999 -9999 -9999 -9999 -9999 -9999 -9999 -9999 -9999 -9999 -9999 -9999 -9999 -9999 -9999 -9999 -9999 -9999 -9999 -9999 -9999 -9999 -9999 -9999 -9999 -9999 -9999 -9999 -9999 -9999
-9999 93.792 93.936 92.195 -9999 94.265 94.155 93.71 93.638 -9999 93.411 93.589 93.298 93.008 -9999 93.088 93.549 93.895 93.686 93.541 94.047 94.191 93.348 91.406 92.099 93.661 93.798 94.172 -9999 93.42 93.008 93.234 93.536 93.561 93.99 94.138 -9999 -9999 -9999 -9999 -9999 -9999 -9999 -9999 -9999 -9999 -9999 -9999 -9999 -9999 -9999 -9999 -9999 -9999 -9999 -9999 -9999 -9999 -9999 -9999 -9999 -9999 -9999 -9999 -9999 -9999 -9999 -9999 -9999 -9999 -9999 -9999 -9999 -9999 -9999
-9999 93.59 91.973 -9999 -9999 94.507 93.754 92.689 -9999 93.347 93.459 93.508 93.202 92.804 -9999 93.437 93.614 93.614 93.575 93.678 93.861 94.18 92.894 92.174 93.191 93.749 94.001 94.155 93.666 92.922 -9999 -9999 92.867 92.668 -9999 -9999 -9999 -9999 -9999 -9999 94.158 94.132 94.135 -9999 -9999 -9999 -9999 -9999 -9999 -9999 -9999 -9999 -9999 -9999 -9999 -9999 -9999 -9999 -9999 -9999 -9999 -9999 -9999 -9999 -9999 -9999 -9999 -9999 -9999 -9999 -9999 -9999 -9999 -9999 -9999
93.774 92.895 -9999 -9999 92.855 94.453 93.137 92.546 -9999 94.005 94.037 94.056 93.807 93.711 -9999 -9999 -9999 93.808 93.908 94.046 94.087 93.767 93.493 93.796 94.093 94.113 94.062 93.704 93.316 93.308 93.383 93.703 93.598 93.594 -9999 -9999 -9999 -9999 -9999 94.252 94.198 93.384 93.599 94.208 -9999 -9999 -9999 -9999 -9999 -9999 -9999 -9999 -9999 -9999 -9999 -9999 -9999 -9999 -9999 -9999 -9999 -9999 -9999 -9999 -9999 -9999 -9999 -9999 -9999 -9999 -9999 -9999 -9999 -9999 -9999
93.713 93.42 -9999 -9999 -9999 94.313 93.277 92.242 -9999 94.192 -9999 93.955 93.814 93.581 -9999 94.341 94.182 94.038 -9999 94.217 93.87 93.393 93.525 93.488 93.522 93.598 93.433 93.486 93.553 93.745 93.969 94.135 94.155 94.174 94.196 94.234 94.256 -9999 94.299 94.293 93.86 93.51 93.992 94.416 94.476 94.535 -9999 -9999 -9999 -9999 -9999 -9999 -9999 -9999 -9999 -9999 -9999 -9999 -9999 -9999 -9999 -9999 -9999 -9999 -9999 -9999 -9999 -9999 -9999 -9999 -9999 -9999 -9999 -9999 -9999
93.77 -9999 -9999 -9999 -9999 94.377 93.834 93.831 -9999 94.432 -9999 94.314 94.042 -9999 93.028 92.968 93.128 93.776 93.92 94.212 93.86 93.597 93.601 93.687 93.764 93.9 93.863 93.689 93.787 93.784 93.92 94.024 94.106 94.273 94.299 94.323 94.349 94.372 94.393 94.416 93.966 93.2 93.374 93.206 93.482 94.128 94.881 95.045 95.323 -9999 -9999 -9999 -9999 -9999 -9999 -9999 -9999 -9999 -9999 -9999 -9999 -9999 -9999 -9999 -9999 -9999 -9999 -9999 -9999 -9999 -9999 -9999 -9999 -9999 -9999
93.352 -9999 -9999 -9999 -9999 94.42 94.378 94.275 94.281 -9999 -9999 94.51 93.984 -9999 93.375 92.2 92.898 93.885 94.077 94.208 93.907 93.483 93.473 93.335 93.58 94.09 93.942 93.789 93.851 93.981 94.068 94.137 94.27 94.375 94.403 94.433 94.462 94.488 94.524 94.6 94.193 94.118 93.996 93.861 94.201 94.179 94.677 95.249 95.344 95.616 -9999 -9999 -9999 -9999 -9999 -9999 -9999 -9999 -9999 -9999 -9999 -9999 -9999 -9999 -9999 -9999 -9999 -9999 -9999 -9999 -9999 -9999 -9999 -9999 -9999
-9999 -9999 -9999 -9999 -9999 94.574 94.564 94.539 94.488 -9999 -9999 94.377 94.063 -9999 -9999 93.742 94.236 94.203 94.249 94.213 93.679 92.857 93.067 93.84 94.096 94.121 94.078 94.131 93.813 92.735 93.206 94.369 94.443 94.478 94.511 94.544 94.333 93.711 94.048 94.813 94.592 94.053 94.087 94.335 94.485 94.892 95.283 95.53 95.629 95.735 -9999 -9999 -9999 -9999 -9999 -9999 -9999 -9999 -9999 -9999 -9999 -9999 -9999 -9999 -9999 -9999 -9999 -9999 -9999 -9999 -9999 -9999 -9999 -9999 -9999
-9999 -9999 -9999 -9999 -9999 94.64 94.632 94.479 -9999 -9999 -9999 -9999 94.316 -9999 94.379 94.368 94.332 94.302 94.261 94.224 93.65 93.277 93.794 94.133 94.168 94.214 94.266 94.321 93.284 91.953 93.085 94.506 94.546 94.583 94.621 94.662 94.325 94.271 94.772 95.019 94.479 93.722 93.957 94.214 94.673 95.321 95.55 95.794 95.902 96.016 96.126 -9999 -9999 -9999 -9999 -9999 -9999 -9999 -9999 -9999 -9999 -9999 -9999 -9999 -9999 -9999 -9999 -9999 -9999 -9999 -9999 -9999 -9999 -9999 -9999
-9999 -9999 -9999 94.672 94.709 94.761 94.633 -9999 -9999 94.522 -9999 -9999 -9999 -9999 94.433 94.357 94.329 94.316 94.273 94.23 94.019 94.0 94.189 94.23 93.792 92.538 93.062 94.414 93.656 93.445 94.093 93.82 94.074 94.692 94.403 93.559 93.71 94.157 94.528 95.153 94.816 94.93 95.117 95.227 95.573 95.569 95.605 95.32 95.627 96.281 96.372 -9999 -9999 -9999 -9999 -9999 -9999 -9999 -9999 -9999 -9999 -9999 -9999 -9999 -9999 -9999 -9999 -9999 -9999 -9999 -9999 -9999 -9999 -9999 -9999
-9999 -9999 -9999 -9999 94.774 94.797 94.769 -9999 94.603 94.481 93.562 -9999 -9999 -9999 -9999 94.181 94.211 94.331 94.279 94.22 94.207 94.252 94.294 94.335 93.374 92.525 93.571 94.514 94.154 93.446 93.325 93.358 93.986 94.81 94.124 93.441 93.809 94.138 94.711 95.356 95.46 95.546 95.501 95.183 95.221 95.299 95.242 95.459 96.001 96.529 96.634 96.764 -9999 -9999 -9999 -9999 -9999 -9999 -9999 -9999 -9999 -9999 -9999 -9999 -9999 -9999 -9999 -9999 -9999 -9999 -9999 -9999 -9999 -9999 -9999
-9999 -9999 -9999 -9999 94.407 94.502 94.56 -9999 94.597 94.36 93.415 -9999 -9999 -9999 -9999 -9999 94.228 94.347 94.102 93.556 93.791 94.357 94.4 94.442 94.021 94.06 93.975 92.414 92.168 92.478 92.67 93.127 93.169 92.122 92.15 93.158 93.45 93.743 94.479 95.549 95.508 95.236 95.27 95.783 95.802 95.705 95.726 95.44 95.792 96.181 96.867 96.995 97.176 -9999 -9999 -9999 -9999 -9999 -9999 -9999 -9999 -9999 -9999 -9999 -9999 -9999 -9999 -9999 -9999 -9999 -9999 -9999 -9999 -9999 -9999
-9999 -9999 -9999 -9999 94.559 94.506 -9999 -9999 94.595 94.079 93.228 92.891 -9999 -9999 -9999 -9999 -9999 94.363 93.803 93.131 93.71 94.463 94.507 94.55 94.592 94.633 93.405 92.276 92.625 93.114 93.371 93.403 92.401 91.18 92.168 93.404 93.642 93.84 94.749 95.687 95.426 95.059 95.571 96.213 96.067 95.767 95.803 96.277 96.302 96.524 97.088 97.227 97.408 97.587 97.769 -9999 -9999 -9999 -9999 -9999 -9999 -9999 -9999 -9999 -9999 -9999 -9999 -9999 -9999 -9999 -9999 -9999 -9999 -9999 -9999
-9999 -9999 -9999 -9999 94.719 94.866 -9999 -9999 94.799 94.546 93.96 -9999 -9999 -9999 -9999 -9999 -9999 94.393 94.055 94.106 94.523 94.57 94.552 94.425 94.101 93.143 92.311 91.649 91.863 91.729 91.557 91.037 90.142 89.404 90.554 91.917 92.306 93.059 94.018 95.286 95.016 94.761 95.109 95.113 95.356 96.425 96.331 95.354 95.704 97.203 97.368 97.523 97.698 97.873 98.049 -9999 -9999 -9999 -9999 -9999 -9999 -9999 -9999 -9999 -9999 -9999 -9999 -9999 -9999 -9999 -9999 -9999 -9999 -9999 -9999
-9999 -9999 -9999 -9999 95.073 93.265 -9999 -9999 -9999 94.774 94.721 94.647 -9999 -9999 -9999 -9999 -9999 94.472 94.528 94.58 94.631 94.679 94.546 94.346 93.655 93.114 92.692 92.481 92.315 92.032 91.782 91.868 91.634 91.998 92.773 92.918 93.485 93.934 94.766 95.208 95.024 94.842 94.9 95.018 95.917 96.835 96.139 95.58 96.576 97.472 97.646 97.815 97.984 98.153 98.324 -9999 -9999 -9999 -9999 -9999 -9999 -9999 -9999 -9999 -9999 -9999 -9999 -9999 -9999 -9999 -9999 -9999 -9999 -9999 -9999
-9999 -9999 -9999 95.108 94.736 93.413 -9999 -9999 -9999 -9999 -9999 -9999 -9999 -9999 -9999 -9999 -9999 94.574 94.636 94.69 94.742 94.792 94.215 92.909 93.147 94.549 93.912 92.465 92.36 92.461 92.853 93.847 93.837 93.244 93.579 94.26 94.525 94.583 94.963 95.34 95.324 95.5 95.341 94.692 95.21 95.292 95.528 96.963 97.548 97.745 97.911 98.075 98.239 98.402 98.567 98.519 -9999 -9999 -9999 -9999 -9999 -9999 -9999 -9999 -9999 -9999 -9999 -9999 -9999 -9999 -9999 -9999 -9999 -9999 -9999
-9999 -9999 95.14 95.301 94.782 94.312 -9999 -9999 -9999 -9999 -9999 -9999 -9999 -9999 -9999 94.562 94.603 94.676 94.741 94.802 94.857 94.909 93.953 93.183 94.239 95.107 94.063 93.257 93.454 93.85 94.47 94.734 94.267 93.79 94.407 95.106 95.064 94.837 95.103 95.257 95.543 96.038 95.666 95.526 95.547 95.449 96.56 97.591 97.815 97.993 98.152 98.311 98.468 98.626 98.786 98.795 -9999 -9999 -9999 -9999 -9999 -9999 -9999 -9999 -9999 -9999 -9999 -9999 -9999 -9999 -9999 -9999 -9999 -9999 -9999
-9999 -9999 95.084 95.389 95.055 -9999 -9999 -9999 -9999 -9999 -9999 -9999 -9999 -9999 -9999 94.634 94.703 94.776 94.76 94.592 94.278 93.309 92.543 91.529 92.264 93.016 93.21 94.882 94.788 94.001 94.174 94.215 94.068 94.307 94.959 95.744 95.726 95.973 96.117 96.244 96.565 96.694 96.262 95.222 95.625 96.889 97.623 97.856 98.061 98.219 98.375 98.526 98.679 98.831 98.985 99.03 -9999 -9999 -9999 -9999 -9999 -9999 -9999 -9999 -9999 -9999 -9999 -9999 -9999 -9999 -9999 -9999 -9999 -9999 -9999
-9999 -9999 -9999 -9999 -9999 -9999 -9999 -9999 -9999 -9999 -9999 -9999 -9999 -9999 -9999 94.724 94.803 94.878 94.79 94.757 94.062 93.505 93.032 93.154 93.491 93.321 94.534 95.456 94.841 94.343 94.257 93.905 93.91 93.54 94.482 95.957 96.206 96.497 96.629 96.761 96.894 97.028 96.434 96.242 97.069 97.65 97.879 98.101 98.277 98.43 98.578 98.726 98.873 99.02 99.169 99.234 -9999 -9999 -9999 -9999 -9999 -9999 -9999 -9999 -9999 -9999 -9999 -9999 -9999 -9999 -9999 -9999 -9999 -9999 -9999
-9999 -9999 -9999 -9999 -9999 -9999 -9999 -9999 -9999 -9999 -9999 -9999 -9999 -9999 94.652 93.755 93.518 92.735 93.359 95.078 94.828 94.898 94.88 94.614 94.408 94.067 94.832 95.594 95.359 95.487 95.364 95.469 95.328 95.418 96.223 96.33 96.471 96.425 96.552 96.67 96.762 96.779 96.773 97.079 97.674 97.9 98.125 98.327 98.479 98.626 98.769 98.912 99.054 99.197 99.341 99.418 -9999 -9999 -9999 -9999 -9999 -9999 -9999 -9999 -9999 -9999 -9999 -9999 -9999 -9999 -9999 -9999 -9999 -9999 -9999
-9999 -9999 -9999 -9999 -9999 -9999 -9999 -9999 -9999 -9999 -9999 -9999 -9999 -9999 93.721 93.914 93.48 93.374 94.542 95.244 95.319 95.391 94.877 93.809 93.794 94.195 94.903 95.747 95.857 95.983 96.099 96.205 96.304 96.399 96.496 96.604 96.575 96.546 96.663 96.777 96.8 96.796 97.011 97.477 97.922 98.143 98.357 98.526 98.671 98.812 98.951 99.088 99.225 99.363 99.502 99.585 -9999 -9999 -9999 -9999 -9999 -9999 -9999 -9999 -9999 -9999 -9999 -9999 -9999 -9999 -9999 -9999 -9999 -9999 -9999
-9999 -9999 -9999 -9999 -9999 -9999 -9999 -9999 -9999 -9999 -9999 -9999 -9999 94.502 94.033 93.951 94.162 94.867 95.274 95.351 95.38 95.326 94.842 95.009 95.27 95.366 95.817 95.839 95.832 95.589 95.927 96.645 96.68 96.593 96.696 96.806 96.794 96.786 96.725 96.359 96.246 95.899 96.504 97.946 98.165 98.381 98.571 98.714 98.853 98.989 99.122 99.255 99.388 99.513 99.622 99.716 99.752 -9999 -9999 -9999 -9999 -9999 -9999 -9999 -9999 -9999 -9999 -9999 -9999 -9999 -9999 -9999 -9999 -9999 -9999
-9999 -9999 -9999 -9999 -9999 -9999 -9999 -9999 -9999 -9999 -9999 -9999 94.448 94.329 94.216 94.043 94.644 95.297 95.379 95.458 95.443 95.448 95.577 95.66 95.773 95.906 95.931 95.999 95.74 95.279 95.871 96.415 96.494 96.796 96.903 97.016 96.915 96.627 96.315 95.948 95.729 96.02 97.975 98.192 98.405 98.606 98.759 98.896 99.035 99.177 99.314 99.439 99.547 99.648 99.74 99.823 99.896 -9999 -9999 -9999 -9999 -9999 -9999 -9999 -9999 -9999 -9999 -9999 -9999 -9999 -9999 -9999 -9999 -9999 -9999
-9999 -9999 -9999 -9999 -9999 -9999 -9999 -9999 -9999 -9999 -9999 -9999 94.585 94.353 94.451 94.963 95.323 95.4 95.122 94.218 94.622 95.688 95.744 95.749 95.883 96.031 96.095 96.23 96.075 96.212 96.567 96.688 96.823 96.718 96.905 97.233 97.107 97.149 96.998 97.075 97.024 97.775 98.227 98.438 98.647 98.836 98.987 99.133 99.274 99.401 99.504 99.611 99.706 99.793 99.874 99.951 100.024 -9999 -9999 -9999 -9999 -9999 -9999 -9999 -9999 -9999 -9999 -9999 -9999 -9999 -9999 -9999 -9999 -9999 -9999
-9999 -9999 -9999 -9999 -9999 -9999 -9999 -9999 -9999 -9999 -9999 94.615 94.869 94.587 95.0 95.381 95.437 95.504 94.641 93.538 94.571 95.84 95.871 95.917 96.046 96.161 96.262 96.412 96.567 96.71 96.844 96.97 96.876 96.709 97.045 97.456 97.41 97.186 97.178 97.013 97.325 98.279 98.509 98.737 98.943 99.09 99.226 99.352 99.469 99.574 99.672 99.762 99.849 99.93 100.007 100.079 100.148 100.185 -9999 -9999 -9999 -9999 -9999 -9999 -9999 -9999 -9999 -9999 -9999 -9999 -9999 -9999 -9999 -9999 -9999
-9999 -9999 -9999 -9999 -9999 -9999 -9999 -9999 -9999 -9999 94.986 -9999 95.13 95.057 95.275 95.311 95.414 95.621 95.076 95.15 95.755 95.557 95.69 95.955 96.098 96.295 96.41 96.573 96.577 96.306 96.562 97.024 97.01 97.161 97.428 97.529 97.481 97.628 97.629 97.838 98.349 98.574 98.806 99.013 99.158 99.288 99.409 99.521 99.625 99.723 99.813 99.899 99.98 100.057 100.129 100.197 100.262 100.309 -9999 -9999 -9999 -9999 -9999 -9999 -9999 -9999 -9999 -9999 -9999 -9999 -9999 -9999 -9999 -9999 -9999
