Validation/Results/raw data/ReClimate_10_2024_2_Temperature-Actuals.asc
NCOLS 192
NROWS 249
XLLCENTER -225160.85627316462
YLLCENTER 29788.11610251431
CELLSIZE 5000.0
NODATA_VALUE -9999
[rows 102 to 135 of 249, columns 77 to 153 of 192]
3.3 3.256 4.986 5.711 -9999 -9999 4.806 -9999 -9999 4.394 2.446 2.189 3.376 2.566 0.811 2.101 1.272 1.23 1.283 1.647 3.158 2.644 1.999 1.226 1.566 2.301 1.743 1.954 2.913 3.592 3.931 3.803 3.4 2.828 3.574 3.859 4.002 4.218 4.21 4.351 -9999 -9999 -9999 -9999 -9999 -9999 -9999 -9999 -9999 -9999 -9999 -9999 -9999 -9999 -9999 -9999 -9999 -9999 -9999 -9999 -9999 -9999 -9999 -9999 -9999 -9999 -9999 -9999 -9999 -9999 -9999 -9999 -9999 -9999 -9999 -9999 -9999
3.613 4.714 -9999 -9999 -9999 5.295 4.207 4.321 3.823 3.722 2.96 4.31 3.841 2.452 2.299 2.537 2.59 2.576 2.495 2.611 1.938 2.661 2.009 2.113 1.866 1.58 2.086 2.703 3.396 3.906 4.042 3.756 3.23 3.807 4.272 -9999 -9999 4.53 -9999 -9999 -9999 -9999 -9999 -9999 -9999 -9999 -9999 -9999 -9999 -9999 -9999 -9999 -9999 -9999 -9999 -9999 -9999 -9999 -9999 -9999 -9999 -9999 -9999 -9999 -9999 -9999 -9999 -9999 -9999 -9999 -9999 -9999 -9999 -9999 -9999 -9999 -9999
-9999 5.042 -9999 -9999 -9999 4.955 3.898 3.484 3.462 3.916 4.314 3.639 2.63 2.387 2.734 2.971 2.629 2.326 2.845 2.51 3.556 2.816 2.513 3.026 3.314 3.483 3.352 3.679 3.939 3.98 4.013 3.997 3.986 4.338 -9999 4.258 4.36 4.369 4.438 -9999 -9999 -9999 -9999 -9999 -9999 -9999 -9999 -9999 -9999 -9999 -9999 -9999 -9999 -9999 -9999 -9999 -9999 -9999 -9999 -9999 -9999 -9999 -9999 -9999 -9999 -9999 -9999 -9999 -9999 -9999 -9999 -9999 -9999 -9999 -9999 -9999 -9999
-9999 -9999 -9999 5.506 5.005 4.078 3.696 3.165 3.516 3.22 2.671 2.334 2.283 3.134 3.044 3.497 2.397 3.331 2.243 3.605 2.795 1.872 3.202 3.611 3.374 3.59 3.924 3.895 4.2 4.308 4.157 4.252 -9999 4.219 4.162 4.271 4.19 4.399 4.461 -9999 -9999 -9999 -9999 -9999 -9999 -9999 -9999 -9999 -9999 -9999 -9999 -9999 -9999 -9999 -9999 -9999 -9999 -9999 -9999 -9999 -9999 -9999 -9999 -9999 -9999 -9999 -9999 -9999 -9999 -9999 -9999 -9999 -9999 -9999 -9999 -9999 -9999
-9999 -9999 -9999 5.376 5.358 4.632 3.518 3.444 3.614 2.769 3.546 3.5 3.174 2.633 3.894 3.952 3.132 2.465 3.104 3.261 2.163 2.804 2.656 2.322 3.077 3.508 3.632 3.909 4.054 3.848 3.666 3.501 3.651 4.042 4.257 4.061 3.875 4.142 4.295 4.705 -9999 -9999 -9999 -9999 -9999 -9999 -9999 -9999 -9999 -9999 -9999 -9999 -9999 -9999 -9999 -9999 -9999 -9999 -9999 -9999 -9999 -9999 -9999 -9999 -9999 -9999 -9999 -9999 -9999 -9999 -9999 -9999 -9999 -9999 -9999 -9999 -9999
-9999 -9999 5.61 -9999 -9999 4.533 3.68 4.047 3.232 3.635 -9999 -9999 2.92 2.903 3.709 4.104 3.17 3.158 3.338 3.013 3.177 3.872 3.119 3.268 3.501 3.754 3.449 3.006 2.705 2.882 2.916 3.268 3.617 3.771 4.137 3.748 3.864 3.926 4.291 4.732 5.018 -9999 -9999 -9999 -9999 -9999 -9999 -9999 -9999 -9999 -9999 -9999 -9999 -9999 -9999 -9999 -9999 -9999 -9999 -9999 -9999 -9999 -9999 -9999 -9999 -9999 -9999 -9999 -9999 -9999 -9999 -9999 -9999 -9999 -9999 -9999 -9999
-9999 -9999 5.665 -9999 5.241 4.595 4.476 3.519 3.593 4.617 4.677 3.348 2.846 3.642 5.183 3.631 2.486 3.892 3.756 3.326 3.898 4.009 4.016 4.063 3.892 2.997 2.206 2.239 2.733 3.032 3.39 3.567 3.584 3.883 4.028 4.164 4.537 4.889 5.102 5.315 -9999 -9999 -9999 -9999 -9999 -9999 -9999 -9999 -9999 -9999 -9999 -9999 -9999 -9999 -9999 -9999 -9999 -9999 -9999 -9999 -9999 -9999 -9999 -9999 -9999 -9999 -9999 -9999 -9999 -9999 -9999 -9999 -9999 -9999 -9999 -9999 -9999
-9999 -9999 5.72 -9999 5.269 5.187 4.507 4.324 4.798 -9999 3.457 3.717 -9999 3.887 3.923 3.578 4.19 3.133 3.926 4.158 4.479 4.542 4.58 4.522 4.077 3.252 3.677 3.886 3.841 3.604 3.438 3.66 3.771 4.175 4.43 4.788 -9999 -9999 -9999 -9999 -9999 -9999 -9999 -9999 -9999 -9999 -9999 -9999 -9999 -9999 -9999 -9999 -9999 -9999 -9999 -9999 -9999 -9999 -9999 -9999 -9999 -9999 -9999 -9999 -9999 -9999 -9999 -9999 -9999 -9999 -9999 -9999 -9999 -9999 -9999 -9999 -9999
5.805 5.731 -9999 -9999 5.607 5.189 4.744 5.07 4.973 3.407 3.624 2.916 -9999 4.559 3.812 4.17 4.158 4.0 4.013 4.33 4.226 4.05 3.863 3.917 4.198 4.641 4.597 4.43 4.081 3.709 3.635 3.821 4.011 4.226 4.694 -9999 -9999 -9999 -9999 -9999 -9999 -9999 -9999 -9999 -9999 -9999 -9999 -9999 -9999 -9999 -9999 -9999 -9999 -9999 -9999 -9999 -9999 -9999 -9999 -9999 -9999 -9999 -9999 -9999 -9999 -9999 -9999 -9999 -9999 -9999 -9999 -9999 -9999 -9999 -9999 -9999 -9999
5.908 5.859 -9999 5.858 4.709 4.595 5.18 -9999 3.965 4.001 3.051 3.177 -9999 4.274 3.475 4.268 4.987 4.788 4.718 4.389 4.044 3.663 3.107 3.416 4.215 4.587 -9999 4.706 4.426 4.247 4.216 4.216 4.121 4.48 -9999 -9999 -9999 -9999 -9999 -9999 -9999 -9999 -9999 -9999 -9999 -9999 -9999 -9999 -9999 -9999 -9999 -9999 -9999 -9999 -9999 -9999 -9999 -9999 -9999 -9999 -9999 -9999 -9999 -9999 -9999 -9999 -9999 -9999 -9999 -9999 -9999 -9999 -9999 -9999 -9999 -9999 -9999
6.128 -9999 -9999 5.445 4.343 5.013 -9999 4.769 4.333 3.943 3.463 4.069 -9999 4.949 4.623 4.855 5.048 4.826 4.51 4.14 2.804 2.634 2.77 3.243 4.071 4.684 4.865 4.989 -9999 -9999 4.729 4.68 -9999 -9999 -9999 -9999 -9999 -9999 5.258 5.347 5.494 -9999 -9999 -9999 -9999 -9999 -9999 -9999 -9999 -9999 -9999 -9999 -9999 -9999 -9999 -9999 -9999 -9999 -9999 -9999 -9999 -9999 -9999 -9999 -9999 -9999 -9999 -9999 -9999 -9999 -9999 -9999 -9999 -9999 -9999 -9999 -9999
-9999 -9999 5.373 4.925 5.428 5.002 -9999 4.926 4.233 4.549 4.631 3.991 -9999 -9999 -9999 5.184 4.707 4.074 3.923 3.742 3.688 3.832 3.726 3.863 3.97 4.165 4.451 4.794 4.853 4.64 4.539 4.82 -9999 -9999 -9999 -9999 -9999 5.008 5.138 5.026 5.263 5.4 -9999 -9999 -9999 -9999 -9999 -9999 -9999 -9999 -9999 -9999 -9999 -9999 -9999 -9999 -9999 -9999 -9999 -9999 -9999 -9999 -9999 -9999 -9999 -9999 -9999 -9999 -9999 -9999 -9999 -9999 -9999 -9999 -9999 -9999 -9999
-9999 -9999 -9999 5.888 4.813 5.254 -9999 4.972 -9999 5.09 4.356 5.196 -9999 5.536 4.87 4.546 -9999 4.372 4.59 4.535 4.544 4.306 4.2 3.927 3.772 3.8 4.05 4.242 3.952 3.966 4.403 4.661 4.817 4.897 5.077 -9999 5.033 4.888 4.745 4.821 4.643 4.481 4.522 5.385 -9999 -9999 -9999 -9999 -9999 -9999 -9999 -9999 -9999 -9999 -9999 -9999 -9999 -9999 -9999 -9999 -9999 -9999 -9999 -9999 -9999 -9999 -9999 -9999 -9999 -9999 -9999 -9999 -9999 -9999 -9999 -9999 -9999
-9999 -9999 -9999 5.167 4.408 5.338 -9999 5.829 -9999 5.374 5.623 -9999 5.496 4.596 4.023 4.436 4.691 4.736 4.719 4.979 4.823 4.362 4.262 3.961 3.655 3.644 3.695 3.709 3.731 3.952 4.129 4.181 4.219 4.328 4.753 4.853 4.54 4.477 4.38 4.324 3.91 3.649 3.529 3.978 4.885 5.21 5.066 -9999 -9999 -9999 -9999 -9999 -9999 -9999 -9999 -9999 -9999 -9999 -9999 -9999 -9999 -9999 -9999 -9999 -9999 -9999 -9999 -9999 -9999 -9999 -9999 -9999 -9999 -9999 -9999 -9999 -9999
-9999 -9999 -9999 5.167 5.336 5.175 5.282 -9999 -9999 6.179 6.035 -9999 5.562 4.174 3.645 4.212 4.436 4.727 4.938 4.922 4.81 4.884 4.544 4.169 3.879 3.479 3.417 3.445 3.585 3.579 3.439 3.323 3.276 3.992 4.635 4.463 4.181 4.017 3.715 2.979 2.89 3.174 3.191 3.592 3.758 4.501 5.039 4.927 -9999 -9999 -9999 -9999 -9999 -9999 -9999 -9999 -9999 -9999 -9999 -9999 -9999 -9999 -9999 -9999 -9999 -9999 -9999 -9999 -9999 -9999 -9999 -9999 -9999 -9999 -9999 -9999 -9999
-9999 -9999 -9999 5.653 5.395 4.975 6.091 -9999 -9999 6.422 6.486 -9999 -9999 4.242 3.943 4.362 4.237 4.15 4.404 4.526 4.631 4.384 4.507 4.386 3.994 3.705 3.325 3.145 2.989 3.047 2.772 2.782 3.308 3.758 3.913 3.84 3.599 3.264 2.791 2.73 2.73 3.018 3.266 3.589 4.068 4.261 4.319 4.742 -9999 -9999 -9999 -9999 -9999 -9999 -9999 -9999 -9999 -9999 -9999 -9999 -9999 -9999 -9999 -9999 -9999 -9999 -9999 -9999 -9999 -9999 -9999 -9999 -9999 -9999 -9999 -9999 -9999
-9999 -9999 -9999 5.912 5.258 5.534 -9999 -9999 -9999 -9999 6.687 -9999 5.793 4.457 4.523 4.546 4.037 3.83 3.79 4.088 4.138 4.176 4.117 4.146 4.172 3.6 3.16 3.034 3.056 2.859 2.747 3.103 3.313 3.321 3.287 2.871 2.911 3.016 3.111 3.085 3.068 3.241 3.438 3.795 4.152 4.168 4.291 4.673 4.823 -9999 -9999 -9999 -9999 -9999 -9999 -9999 -9999 -9999 -9999 -9999 -9999 -9999 -9999 -9999 -9999 -9999 -9999 -9999 -9999 -9999 -9999 -9999 -9999 -9999 -9999 -9999 -9999
-9999 5.645 5.527 5.281 5.504 -9999 -9999 5.267 -9999 -9999 -9999 -9999 5.956 5.14 4.935 4.638 4.297 3.899 3.674 3.624 3.529 3.525 3.719 3.89 3.959 3.83 3.22 3.126 3.012 3.1 3.41 3.406 3.024 3.034 2.305 2.063 2.512 2.867 3.092 3.395 3.475 3.582 3.567 3.857 4.167 4.234 4.339 4.471 4.606 -9999 -9999 -9999 -9999 -9999 -9999 -9999 -9999 -9999 -9999 -9999 -9999 -9999 -9999 -9999 -9999 -9999 -9999 -9999 -9999 -9999 -9999 -9999 -9999 -9999 -9999 -9999 -9999
-9999 -9999 5.186 5.184 5.732 -9999 5.231 4.571 5.185 -9999 -9999 -9999 -9999 5.88 5.435 5.138 4.732 4.332 3.997 3.593 3.451 3.565 3.729 3.776 3.863 3.488 3.49 3.294 3.114 3.099 3.272 2.998 3.441 2.954 2.801 2.707 2.385 2.635 3.278 3.532 3.794 3.828 3.833 4.024 4.189 4.272 4.303 4.158 4.186 4.638 -9999 -9999 -9999 -9999 -9999 -9999 -9999 -9999 -9999 -9999 -9999 -9999 -9999 -9999 -9999 -9999 -9999 -9999 -9999 -9999 -9999 -9999 -9999 -9999 -9999 -9999 -9999
-9999 -9999 5.607 5.33 5.562 -9999 5.535 4.542 5.323 -9999 -9999 -9999 -9999 -9999 5.778 5.431 5.057 4.79 4.492 4.203 3.927 3.548 3.198 3.304 3.5 3.665 3.734 3.393 3.068 3.148 3.126 3.292 3.491 3.23 3.122 3.159 3.502 3.594 3.796 3.775 3.91 3.801 3.935 4.181 4.264 4.355 4.287 4.158 3.901 4.242 4.842 -9999 -9999 -9999 -9999 -9999 -9999 -9999 -9999 -9999 -9999 -9999 -9999 -9999 -9999 -9999 -9999 -9999 -9999 -9999 -9999 -9999 -9999 -9999 -9999 -9999 -9999
-9999 -9999 5.554 5.23 -9999 -9999 5.956 5.027 4.879 5.818 -9999 -9999 -9999 -9999 -9999 5.602 5.025 4.636 4.494 3.965 3.445 3.167 2.879 2.949 3.209 3.539 3.351 3.354 3.172 2.953 3.075 3.427 2.307 2.886 2.727 3.311 2.97 3.438 3.917 3.71 3.819 4.083 4.165 4.01 3.873 3.947 4.142 4.058 4.306 4.015 4.562 5.071 5.658 -9999 -9999 -9999 -9999 -9999 -9999 -9999 -9999 -9999 -9999 -9999 -9999 -9999 -9999 -9999 -9999 -9999 -9999 -9999 -9999 -9999 -9999 -9999 -9999
-9999 -9999 5.433 6.101 -9999 -9999 5.633 4.657 4.837 -9999 -9999 -9999 -9999 -9999 -9999 5.655 5.04 4.643 4.37 3.918 3.673 3.576 3.292 3.178 3.086 3.139 3.179 3.224 2.566 2.165 2.967 2.231 1.79 2.057 2.921 2.8 3.243 3.873 3.578 3.617 3.85 3.859 3.908 3.961 3.886 3.943 3.61 3.55 4.172 4.175 4.142 4.791 5.362 -9999 -9999 -9999 -9999 -9999 -9999 -9999 -9999 -9999 -9999 -9999 -9999 -9999 -9999 -9999 -9999 -9999 -9999 -9999 -9999 -9999 -9999 -9999 -9999
-9999 -9999 5.912 6.756 -9999 -9999 -9999 5.805 5.592 5.81 -9999 -9999 -9999 -9999 -9999 5.67 5.112 4.716 4.475 4.185 4.017 3.495 2.861 2.614 2.954 2.889 3.288 3.235 2.748 2.633 2.998 1.852 2.233 2.729 2.488 2.809 3.552 3.373 3.611 3.558 3.675 3.939 3.84 3.721 3.783 3.529 2.609 2.936 3.521 4.175 4.156 4.417 5.018 -9999 -9999 -9999 -9999 -9999 -9999 -9999 -9999 -9999 -9999 -9999 -9999 -9999 -9999 -9999 -9999 -9999 -9999 -9999 -9999 -9999 -9999 -9999 -9999
-9999 5.619 5.95 6.752 -9999 -9999 -9999 -9999 -9999 -9999 -9999 -9999 -9999 -9999 -9999 5.319 4.789 4.557 4.345 4.118 3.908 3.282 2.911 2.839 3.015 3.104 2.903 2.947 2.397 2.507 1.993 1.707 2.191 2.729 2.515 2.851 3.001 3.372 3.357 3.589 3.56 3.534 3.727 3.538 3.478 2.712 2.575 2.51 3.518 4.264 4.381 4.405 4.81 5.809 -9999 -9999 -9999 -9999 -9999 -9999 -9999 -9999 -9999 -9999 -9999 -9999 -9999 -9999 -9999 -9999 -9999 -9999 -9999 -9999 -9999 -9999 -9999
5.695 5.708 5.784 6.86 -9999 -9999 -9999 -9999 -9999 -9999 -9999 -9999 -9999 5.864 5.542 5.03 4.493 4.044 3.756 3.838 3.796 3.642 3.443 3.691 3.276 2.581 2.619 2.655 2.673 2.89 2.478 1.797 2.86 2.751 2.763 2.885 3.176 3.414 3.637 3.166 3.239 3.501 3.505 3.325 2.823 2.733 2.712 2.838 3.499 4.373 4.533 4.43 4.777 5.467 -9999 -9999 -9999 -9999 -9999 -9999 -9999 -9999 -9999 -9999 -9999 -9999 -9999 -9999 -9999 -9999 -9999 -9999 -9999 -9999 -9999 -9999 -9999
5.708 6.155 6.843 -9999 -9999 -9999 -9999 -9999 -9999 -9999 -9999 -9999 -9999 5.784 5.464 4.894 4.254 3.89 3.871 3.326 2.984 3.006 2.956 3.176 3.208 3.233 3.037 2.708 2.938 3.209 2.914 2.683 2.237 2.658 2.53 3.023 3.276 3.719 3.333 3.14 3.243 3.294 3.036 2.575 2.412 2.812 3.123 3.447 3.934 3.996 4.01 4.281 4.662 5.32 -9999 -9999 -9999 -9999 -9999 -9999 -9999 -9999 -9999 -9999 -9999 -9999 -9999 -9999 -9999 -9999 -9999 -9999 -9999 -9999 -9999 -9999 -9999
-9999 -9999 -9999 -9999 -9999 -9999 -9999 -9999 -9999 -9999 -9999 -9999 -9999 5.64 5.18 4.361 4.275 4.091 3.8 2.986 2.832 2.325 2.619 2.906 3.226 3.331 3.029 2.065 2.444 3.362 3.384 2.459 2.485 2.725 2.804 2.77 3.319 2.957 2.761 2.926 2.653 2.506 2.26 2.886 3.055 3.158 3.268 3.484 4.161 4.333 4.202 4.34 4.853 5.367 -9999 -9999 -9999 -9999 -9999 -9999 -9999 -9999 -9999 -9999 -9999 -9999 -9999 -9999 -9999 -9999 -9999 -9999 -9999 -9999 -9999 -9999 -9999
-9999 -9999 -9999 -9999 -9999 -9999 -9999 -9999 -9999 -9999 -9999 -9999 5.644 4.951 4.161 4.209 3.937 4.056 3.859 3.56 2.657 2.648 2.58 2.905 3.173 3.853 3.438 2.936 3.038 3.41 3.542 3.234 3.084 2.993 2.855 2.88 2.528 3.047 3.189 2.955 2.712 1.922 2.617 2.626 3.064 3.46 3.359 3.526 3.56 4.188 4.484 4.669 5.003 5.395 -9999 -9999 -9999 -9999 -9999 -9999 -9999 -9999 -9999 -9999 -9999 -9999 -9999 -9999 -9999 -9999 -9999 -9999 -9999 -9999 -9999 -9999 -9999
-9999 -9999 -9999 -9999 -9999 -9999 -9999 -9999 -9999 -9999 -9999 -9999 5.107 4.498 4.056 3.398 3.645 4.025 3.842 3.075 3.46 3.071 2.997 3.346 3.746 4.424 4.21 3.694 3.405 3.47 4.035 3.742 3.562 3.452 3.35 2.729 3.42 2.968 3.231 3.186 2.103 2.971 2.67 2.904 3.359 3.337 3.689 3.646 3.467 3.904 4.354 4.616 5.008 5.465 -9999 -9999 -9999 -9999 -9999 -9999 -9999 -9999 -9999 -9999 -9999 -9999 -9999 -9999 -9999 -9999 -9999 -9999 -9999 -9999 -9999 -9999 -9999
-9999 -9999 -9999 -9999 -9999 -9999 -9999 -9999 -9999 -9999 -9999 5.454 4.657 4.467 3.604 3.753 3.516 2.851 3.175 3.499 3.644 3.317 3.538 3.742 3.836 4.134 4.137 3.84 3.824 4.417 4.374 4.041 3.605 3.53 2.932 3.618 3.348 2.989 3.539 2.716 2.602 3.118 3.351 3.605 3.327 3.415 3.57 3.495 3.831 4.137 4.446 4.68 4.974 5.377 5.763 -9999 -9999 -9999 -9999 -9999 -9999 -9999 -9999 -9999 -9999 -9999 -9999 -9999 -9999 -9999 -9999 -9999 -9999 -9999 -9999 -9999 -9999
-9999 -9999 -9999 -9999 -9999 -9999 -9999 -9999 -9999 -9999 5.539 5.051 4.62 4.446 4.213 3.982 3.431 3.485 3.383 3.094 3.976 3.955 3.911 3.774 3.834 4.049 4.26 4.552 4.682 4.432 4.596 4.275 3.873 3.576 3.718 3.886 3.588 3.551 3.719 2.91 2.701 2.99 3.161 3.322 3.44 3.729 3.756 3.65 4.077 4.282 4.437 4.61 4.94 5.298 5.759 -9999 -9999 -9999 -9999 -9999 -9999 -9999 -9999 -9999 -9999 -9999 -9999 -9999 -9999 -9999 -9999 -9999 -9999 -9999 -9999 -9999 -9999
-9999 -9999 -9999 -9999 -9999 -9999 -9999 -9999 -9999 -9999 5.404 4.076 4.419 4.435 4.379 4.42 3.905 3.018 3.177 3.997 4.168 4.297 4.183 4.071 3.945 3.806 4.672 4.952 4.823 4.8 4.448 4.407 3.994 4.032 3.967 4.112 3.863 3.865 3.523 3.355 3.088 3.047 3.23 3.284 3.723 4.022 3.939 3.951 4.01 4.172 4.441 4.732 4.841 5.11 5.558 -9999 -9999 -9999 -9999 -9999 -9999 -9999 -9999 -9999 -9999 -9999 -9999 -9999 -9999 -9999 -9999 -9999 -9999 -9999 -9999 -9999 -9999
-9999 -9999 -9999 -9999 -9999 -9999 -9999 -9999 -9999 5.85 4.526 4.408 4.339 4.379 4.564 4.648 4.004 3.648 3.915 3.934 4.256 4.375 4.461 4.188 3.91 4.444 4.621 4.85 5.223 4.843 4.751 4.534 4.482 4.326 4.334 4.403 4.285 3.882 4.029 3.7 3.154 3.38 3.391 3.489 3.571 3.948 4.082 4.381 4.163 4.196 4.441 4.763 4.965 5.046 5.358 5.979 -9999 -9999 -9999 -9999 -9999 -9999 -9999 -9999 -9999 -9999 -9999 -9999 -9999 -9999 -9999 -9999 -9999 -9999 -9999 -9999 -9999
-9999 -9999 -9999 -9999 -9999 -9999 -9999 -9999 6.077 -9999 5.057 4.495 4.401 4.472 4.759 5.032 4.718 4.648 4.196 3.771 4.186 4.522 4.594 4.536 4.578 4.675 4.702 4.952 5.152 5.018 5.155 4.994 4.806 4.638 4.705 4.774 4.672 4.502 4.285 3.98 3.968 3.774 3.718 3.669 3.872 4.148 4.622 4.254 3.996 4.263 4.513 4.744 4.983 5.172 5.349 5.752 -9999 -9999 -9999 -9999 -9999 -9999 -9999 -9999 -9999 -9999 -9999 -9999 -9999 -9999 -9999 -9999 -9999 -9999 -9999 -9999 -9999
