Validation/Results/raw data/ReClimate_02_2024_2.asc
NCOLS 192
NROWS 249
XLLCENTER -225160.85627316462
YLLCENTER 29788.11610251502
CELLSIZE 5000.0
NODATA_VALUE -9999
[rows 198 to 230 of 249, columns 75 to 149 of 192]
-9999 -9999 -9999 -9999 -9999 -9999 -9999 -9999 -9999 -9999 -9999 -9999 -9999 -9999 -9999 -9999 -9999 101.948 102.013 102.075 102.129 102.179 102.224 102.265 102.305 102.342 102.38 102.419 102.458 102.496 102.533 102.57 102.612 102.667 102.722 102.775 102.827 102.877 102.925 102.973 103.02 103.067 103.116 103.165 103.218 103.27 103.321 103.381 103.443 103.494 103.532 103.571 103.61 103.649 103.687 103.722 103.748 103.766 103.781 103.794 103.794 103.784 103.769 103.751 103.727 103.699 103.665 103.625 103.582 103.537 103.491 103.442 103.364 103.257 103.155
-9999 -9999 -9999 -9999 -9999 -9999 -9999 -9999 -9999 -9999 -9999 -9999 -9999 -9999 101.763 101.817 101.888 101.963 102.03 102.089 102.142 102.191 102.235 102.276 102.316 102.355 102.395 102.434 102.471 102.507 102.542 102.577 102.622 102.67 102.715 102.762 102.812 102.861 102.907 102.953 102.999 103.045 103.091 103.139 103.191 103.242 103.299 103.362 103.426 103.48 103.519 103.555 103.594 103.633 103.673 103.707 103.733 103.752 103.769 103.783 103.79 103.783 103.769 103.751 103.728 103.701 103.668 103.63 103.591 103.551 103.508 103.463 103.405 103.314 103.215
-9999 -9999 -9999 -9999 -9999 -9999 -9999 -9999 -9999 -9999 -9999 -9999 101.769 101.776 101.812 101.855 101.909 101.981 102.045 102.103 102.156 102.203 102.247 102.289 102.331 102.372 102.411 102.449 102.485 102.519 102.552 102.586 102.627 102.67 102.711 102.754 102.799 102.845 102.891 102.935 102.979 103.023 103.069 103.117 103.168 103.225 103.29 103.353 103.416 103.47 103.512 103.547 103.581 103.62 103.659 103.694 103.719 103.739 103.757 103.772 103.784 103.783 103.771 103.753 103.732 103.706 103.677 103.646 103.612 103.577 103.537 103.5 103.455 103.376 103.283
-9999 -9999 -9999 -9999 -9999 -9999 -9999 -9999 101.743 101.774 101.776 101.777 101.799 101.831 101.866 101.899 101.944 101.998 102.062 102.118 102.17 102.216 102.261 102.307 102.35 102.39 102.428 102.464 102.497 102.528 102.556 102.588 102.629 102.671 102.71 102.749 102.79 102.833 102.876 102.919 102.96 103.003 103.048 103.099 103.156 103.223 103.287 103.35 103.412 103.468 103.511 103.545 103.579 103.613 103.649 103.681 103.706 103.726 103.745 103.762 103.777 103.784 103.777 103.762 103.744 103.72 103.695 103.668 103.639 103.607 103.575 103.546 103.519 103.46 103.372
-9999 -9999 -9999 -9999 -9999 -9999 -9999 101.722 101.762 101.784 101.808 101.831 101.854 101.887 101.92 101.95 101.982 102.025 102.078 102.134 102.184 102.232 102.282 102.327 102.368 102.407 102.442 102.475 102.504 102.532 102.558 102.59 102.632 102.672 102.711 102.747 102.784 102.823 102.864 102.905 102.946 102.989 103.037 103.091 103.152 103.222 103.286 103.349 103.411 103.469 103.515 103.55 103.584 103.619 103.652 103.679 103.7 103.721 103.742 103.76 103.776 103.789 103.788 103.776 103.759 103.739 103.717 103.694 103.668 103.642 103.624 103.609 103.589 103.549 103.476
-9999 -9999 -9999 -9999 -9999 -9999 101.725 101.771 101.809 101.84 101.865 101.888 101.912 101.942 101.973 102.001 102.027 102.059 102.097 102.149 102.201 102.254 102.302 102.344 102.383 102.418 102.45 102.48 102.508 102.535 102.56 102.594 102.635 102.674 102.711 102.747 102.781 102.817 102.854 102.895 102.938 102.985 103.033 103.086 103.153 103.224 103.287 103.349 103.411 103.472 103.521 103.557 103.592 103.627 103.659 103.685 103.704 103.724 103.744 103.763 103.78 103.794 103.8 103.791 103.776 103.759 103.741 103.724 103.707 103.691 103.681 103.675 103.662 103.634 103.577
-9999 -9999 -9999 -9999 101.669 -9999 101.783 101.827 101.862 101.891 101.916 101.937 101.961 101.99 102.02 102.046 102.071 102.094 102.124 102.162 102.218 102.269 102.314 102.354 102.391 102.425 102.457 102.486 102.513 102.538 102.563 102.597 102.637 102.675 102.712 102.746 102.78 102.815 102.852 102.892 102.939 102.985 103.031 103.087 103.158 103.226 103.288 103.35 103.413 103.474 103.527 103.565 103.601 103.637 103.667 103.692 103.713 103.734 103.754 103.772 103.788 103.802 103.811 103.807 103.795 103.781 103.771 103.761 103.751 103.745 103.742 103.74 103.731 103.708 103.669
-9999 -9999 -9999 -9999 -9999 -9999 -9999 -9999 101.913 101.94 101.963 101.983 102.005 102.033 102.061 102.086 102.109 102.13 102.152 102.19 102.231 102.28 102.324 102.363 102.399 102.432 102.463 102.491 102.517 102.541 102.567 102.601 102.64 102.677 102.712 102.748 102.783 102.818 102.856 102.9 102.943 102.989 103.036 103.094 103.164 103.23 103.292 103.353 103.415 103.476 103.531 103.574 103.611 103.646 103.676 103.699 103.723 103.745 103.767 103.788 103.805 103.818 103.828 103.827 103.818 103.812 103.806 103.802 103.797 103.796 103.8 103.802 103.796 103.777 103.749
-9999 -9999 -9999 -9999 -9999 -9999 -9999 -9999 101.963 101.987 102.009 102.027 102.048 102.074 102.1 102.123 102.144 102.166 102.194 102.222 102.255 102.29 102.333 102.372 102.407 102.439 102.469 102.496 102.521 102.545 102.57 102.604 102.642 102.679 102.715 102.752 102.787 102.826 102.869 102.91 102.953 102.996 103.044 103.105 103.173 103.235 103.296 103.357 103.418 103.479 103.537 103.585 103.622 103.655 103.683 103.707 103.732 103.756 103.781 103.804 103.824 103.838 103.848 103.855 103.854 103.853 103.851 103.847 103.847 103.852 103.859 103.866 103.865 103.849 103.826
-9999 -9999 -9999 -9999 -9999 -9999 101.945 101.985 102.012 102.034 -9999 102.072 102.091 102.114 102.138 102.16 102.181 -9999 102.235 102.261 102.285 102.313 102.342 102.38 102.414 102.446 102.474 102.501 102.526 102.549 102.573 102.607 102.645 102.683 102.72 102.756 102.795 102.839 102.882 102.923 102.964 103.007 103.054 103.116 103.182 103.241 103.301 103.361 103.421 103.482 103.543 103.595 103.633 103.664 103.69 103.715 103.74 103.766 103.792 103.819 103.843 103.858 103.873 103.886 103.892 103.894 103.896 103.895 103.899 103.909 103.92 103.93 103.933 103.921 103.902
-9999 -9999 -9999 -9999 -9999 -9999 101.997 -9999 -9999 -9999 102.099 102.116 102.133 -9999 -9999 -9999 -9999 -9999 102.273 102.299 102.321 102.341 102.365 102.39 102.421 102.452 102.48 102.506 102.53 102.552 102.577 102.61 102.65 102.688 102.725 102.763 102.809 102.852 102.895 102.937 102.978 103.02 103.068 103.129 103.189 103.248 103.306 103.366 103.425 103.486 103.546 103.604 103.643 103.672 103.697 103.723 103.748 103.774 103.801 103.827 103.853 103.876 103.896 103.917 103.927 103.932 103.937 103.942 103.95 103.963 103.977 103.991 103.995 103.987 103.972
-9999 -9999 -9999 -9999 -9999 -9999 -9999 -9999 102.106 102.128 102.145 102.16 102.175 -9999 -9999 -9999 -9999 -9999 -9999 -9999 -9999 102.375 102.393 102.413 102.434 102.458 102.485 102.511 102.534 102.556 102.58 102.615 102.655 102.693 102.731 102.776 102.822 102.865 102.908 102.95 102.992 103.034 103.084 103.143 103.199 103.254 103.312 103.371 103.43 103.489 103.549 103.609 103.652 103.679 103.704 103.73 103.756 103.781 103.808 103.834 103.863 103.892 103.919 103.944 103.96 103.967 103.975 103.985 103.998 104.014 104.031 104.048 104.053 104.046 104.035
-9999 -9999 -9999 -9999 -9999 -9999 -9999 -9999 -9999 102.178 -9999 -9999 -9999 -9999 -9999 -9999 -9999 -9999 -9999 102.373 102.391 102.409 102.425 102.44 102.456 102.474 102.493 102.515 102.538 102.56 102.586 102.62 102.66 102.698 102.742 102.789 102.834 102.878 102.921 102.963 103.006 103.049 -9999 103.157 103.21 103.264 103.319 103.375 103.434 103.493 103.553 103.608 103.656 103.686 103.712 103.737 103.763 103.789 103.816 103.845 103.877 103.91 103.94 103.97 103.989 104.0 104.01 104.025 104.043 104.063 104.082 104.101 104.107 104.1 104.093
-9999 -9999 -9999 -9999 -9999 -9999 -9999 -9999 -9999 -9999 -9999 -9999 -9999 -9999 -9999 -9999 -9999 -9999 -9999 102.409 102.426 102.442 102.457 -9999 -9999 -9999 102.512 102.527 102.543 102.566 102.592 102.625 102.664 102.706 102.755 102.801 102.846 102.89 102.934 102.977 103.02 -9999 103.114 103.169 103.222 103.275 103.329 103.384 103.44 103.497 103.555 103.606 103.656 103.693 103.719 103.745 103.772 103.798 103.827 103.86 103.894 103.928 103.961 103.994 104.017 104.03 104.044 104.062 104.085 104.108 104.131 104.149 104.156 104.152 104.147
-9999 -9999 -9999 -9999 -9999 -9999 -9999 -9999 -9999 -9999 -9999 -9999 -9999 -9999 -9999 -9999 -9999 -9999 -9999 -9999 -9999 -9999 -9999 -9999 -9999 -9999 102.537 102.548 102.563 102.581 102.6 102.629 102.67 102.718 102.766 102.813 102.858 102.903 102.947 -9999 -9999 103.078 103.128 103.181 103.233 103.286 103.34 103.394 103.449 103.505 103.554 103.602 103.65 103.698 103.73 103.756 103.783 103.81 103.842 103.877 103.913 103.948 103.982 104.017 104.044 104.059 104.075 104.096 104.124 104.151 104.178 104.197 104.203 104.2 104.197
-9999 -9999 -9999 -9999 -9999 -9999 -9999 -9999 -9999 -9999 -9999 -9999 -9999 -9999 -9999 -9999 -9999 -9999 -9999 -9999 -9999 -9999 -9999 -9999 -9999 -9999 102.563 102.575 102.59 102.605 102.62 102.645 102.683 102.73 102.777 102.826 -9999 -9999 -9999 -9999 -9999 103.092 103.139 103.192 103.244 103.297 103.35 103.404 103.459 103.511 103.557 103.604 103.652 103.7 103.741 103.77 103.795 103.825 103.86 103.896 103.932 103.968 104.004 104.041 104.069 104.088 104.107 104.131 104.161 104.192 104.222 104.242 104.246 104.244 104.242
-9999 -9999 -9999 -9999 -9999 -9999 -9999 -9999 -9999 -9999 -9999 -9999 -9999 -9999 -9999 -9999 -9999 -9999 -9999 -9999 -9999 -9999 -9999 -9999 -9999 -9999 -9999 -9999 102.619 102.633 102.647 102.669 102.709 102.754 102.8 -9999 -9999 -9999 -9999 103.019 103.064 103.105 103.149 103.202 103.255 103.308 103.362 103.416 103.47 103.516 103.563 103.609 103.656 103.703 103.751 103.786 103.814 103.846 103.882 103.919 103.955 103.992 104.029 104.067 104.097 104.118 104.138 104.165 104.197 104.231 104.26 104.277 104.282 104.283 104.284
-9999 -9999 -9999 -9999 -9999 -9999 -9999 -9999 -9999 -9999 -9999 -9999 -9999 -9999 -9999 -9999 -9999 -9999 -9999 -9999 -9999 -9999 -9999 -9999 -9999 -9999 -9999 -9999 -9999 102.662 102.675 102.698 102.739 102.783 -9999 -9999 -9999 -9999 103.003 103.044 103.086 103.122 103.166 103.219 103.272 103.326 103.379 103.432 103.478 103.525 103.571 103.616 103.661 103.707 103.753 103.799 103.836 103.87 103.906 103.943 103.98 104.017 104.055 104.095 104.126 104.148 104.17 104.198 104.231 104.267 104.294 104.308 104.313 104.317 104.321
-9999 -9999 -9999 -9999 -9999 -9999 -9999 -9999 -9999 -9999 -9999 -9999 -9999 -9999 -9999 -9999 -9999 -9999 -9999 -9999 -9999 -9999 -9999 -9999 -9999 -9999 -9999 -9999 -9999 -9999 -9999 -9999 -9999 -9999 -9999 -9999 -9999 102.989 103.03 103.073 103.109 103.144 103.187 103.24 103.292 103.345 103.396 103.442 103.487 103.533 103.577 103.622 103.666 103.711 103.756 103.804 103.855 103.895 103.932 103.968 104.006 104.044 104.083 104.123 104.155 104.178 104.201 104.23 104.265 104.301 104.325 104.336 104.343 104.35 104.357
-9999 -9999 -9999 -9999 -9999 -9999 -9999 -9999 -9999 -9999 -9999 -9999 -9999 -9999 -9999 -9999 -9999 -9999 -9999 -9999 -9999 -9999 -9999 -9999 -9999 -9999 -9999 -9999 -9999 -9999 -9999 -9999 -9999 -9999 -9999 -9999 102.974 103.017 103.06 103.099 103.133 103.167 103.209 103.26 103.312 103.361 103.406 103.451 103.495 103.54 103.584 103.628 103.671 103.715 103.759 103.808 103.863 103.917 103.958 103.995 104.032 104.071 104.111 104.151 104.184 104.207 104.232 104.263 104.299 104.331 104.354 104.365 104.373 104.382 104.392
-9999 -9999 -9999 -9999 -9999 -9999 -9999 -9999 -9999 -9999 -9999 -9999 -9999 -9999 -9999 -9999 -9999 -9999 -9999 -9999 -9999 -9999 -9999 -9999 -9999 -9999 -9999 -9999 -9999 -9999 -9999 -9999 -9999 -9999 -9999 -9999 103.006 103.048 103.088 103.122 103.156 103.19 103.231 103.279 103.327 103.371 103.415 103.459 103.503 103.547 103.591 103.634 103.676 103.719 103.764 103.814 103.87 103.926 103.981 104.022 104.06 104.1 104.141 104.181 104.213 104.238 104.264 104.296 104.333 104.361 104.38 104.393 104.404 104.415 104.427
-9999 -9999 -9999 -9999 -9999 -9999 -9999 -9999 -9999 -9999 -9999 -9999 -9999 -9999 -9999 -9999 -9999 -9999 -9999 -9999 -9999 -9999 -9999 102.745 102.748 102.752 102.76 -9999 102.779 -9999 -9999 -9999 -9999 -9999 -9999 -9999 -9999 103.078 103.112 103.146 103.179 103.213 103.251 103.292 103.336 103.38 103.424 103.467 103.511 103.554 103.597 103.639 103.681 103.723 103.77 103.821 103.877 103.933 103.989 104.046 104.089 104.13 104.172 104.211 104.243 104.269 104.297 104.33 104.362 104.388 104.405 104.421 104.434 104.447 104.462
-9999 -9999 -9999 -9999 -9999 -9999 -9999 -9999 -9999 -9999 -9999 -9999 -9999 -9999 -9999 -9999 -9999 -9999 -9999 -9999 102.795 102.791 102.786 102.78 102.78 102.784 102.792 102.801 102.811 102.826 102.851 -9999 -9999 102.942 102.982 103.026 103.067 103.101 103.135 103.169 103.202 103.232 103.263 103.301 103.345 103.389 103.432 103.475 103.518 103.561 103.603 103.645 103.686 103.728 103.775 103.829 103.884 103.939 103.995 104.053 104.111 104.16 104.205 104.244 104.274 104.302 104.332 104.363 104.391 104.412 104.432 104.45 104.465 104.481 104.497
-9999 -9999 -9999 -9999 -9999 -9999 -9999 -9999 -9999 -9999 -9999 -9999 -9999 -9999 -9999 -9999 -9999 -9999 -9999 102.845 102.841 102.838 102.83 102.823 102.821 102.824 102.829 102.837 102.847 102.863 102.89 102.919 102.948 102.979 103.014 103.055 103.09 103.125 103.158 103.189 103.217 103.245 103.274 103.309 103.353 103.396 103.439 103.482 103.524 103.567 103.609 103.65 103.691 103.734 103.782 103.837 103.891 103.946 104.002 104.059 104.118 104.179 104.237 104.278 104.307 104.337 104.368 104.393 104.417 104.437 104.459 104.479 104.497 104.515 104.534
-9999 -9999 -9999 -9999 -9999 -9999 -9999 -9999 -9999 -9999 -9999 -9999 -9999 -9999 -9999 -9999 -9999 -9999 -9999 102.891 102.892 102.887 102.877 102.869 102.867 102.868 102.871 102.877 102.885 102.903 102.932 102.961 102.99 103.018 103.047 103.078 103.111 103.143 103.173 103.202 103.23 103.258 103.286 103.32 103.36 103.403 103.446 103.488 103.531 103.573 103.615 103.656 103.696 103.74 103.79 103.845 103.899 103.953 104.009 104.066 104.125 104.187 104.249 104.304 104.34 104.373 104.4 104.421 104.441 104.463 104.487 104.51 104.53 104.55 104.571
-9999 -9999 -9999 -9999 -9999 -9999 -9999 -9999 -9999 -9999 -9999 -9999 -9999 -9999 -9999 -9999 -9999 -9999 -9999 102.941 102.942 102.938 102.926 102.918 102.916 102.915 102.916 102.92 102.928 102.947 102.976 103.005 103.031 103.05 103.07 103.093 103.123 103.154 103.185 103.214 103.243 103.271 103.298 103.329 103.367 103.41 103.452 103.495 103.537 103.579 103.621 103.661 103.701 103.747 103.798 103.852 103.907 103.961 104.016 104.073 104.133 104.195 104.255 104.309 104.358 104.401 104.429 104.446 104.466 104.49 104.516 104.542 104.565 104.587 104.61
-9999 -9999 -9999 -9999 -9999 -9999 -9999 -9999 -9999 -9999 -9999 -9999 -9999 -9999 -9999 102.995 102.993 -9999 102.991 102.991 102.99 102.98 102.97 102.963 102.961 102.96 102.96 102.962 102.968 102.987 103.014 103.037 103.054 103.071 103.088 103.108 103.133 103.165 103.195 103.225 103.254 103.283 103.309 103.337 103.372 103.415 103.458 103.5 103.542 103.584 103.626 103.666 103.706 103.753 103.806 103.86 103.915 103.969 104.025 104.082 104.142 104.205 104.262 104.313 104.36 104.4 104.435 104.463 104.491 104.519 104.547 104.575 104.601 104.625 104.651
-9999 -9999 -9999 -9999 -9999 -9999 -9999 -9999 -9999 -9999 -9999 -9999 -9999 -9999 -9999 103.037 103.034 103.032 103.03 103.029 103.025 103.02 103.011 103.004 103.001 103.0 102.999 103.0 103.004 103.018 103.038 103.056 103.073 103.09 103.107 103.124 103.147 103.174 103.205 103.235 103.264 103.292 103.319 103.346 103.38 103.42 103.463 103.505 103.548 103.59 103.631 103.672 103.712 103.759 103.814 103.869 103.923 103.978 104.034 104.091 104.152 104.213 104.269 104.315 104.355 104.391 104.423 104.456 104.492 104.531 104.571 104.609 104.639 104.665 104.694
-9999 -9999 -9999 -9999 -9999 -9999 -9999 -9999 -9999 -9999 -9999 -9999 -9999 -9999 103.082 103.08 103.074 103.07 103.066 103.064 103.061 103.057 103.052 103.046 103.042 103.04 103.038 103.033 103.03 103.038 103.056 103.074 103.092 103.109 103.126 103.143 103.162 103.185 103.213 103.244 103.273 103.301 103.329 103.356 103.387 103.423 103.467 103.51 103.553 103.595 103.637 103.676 103.718 103.766 103.822 103.877 103.932 103.988 104.044 104.102 104.164 104.222 104.272 104.311 104.347 104.379 104.413 104.446 104.482 104.522 104.567 104.612 104.652 104.687 104.724
-9999 -9999 -9999 -9999 -9999 -9999 -9999 -9999 -9999 -9999 -9999 -9999 -9999 -9999 -9999 103.125 103.117 103.111 103.106 103.101 103.098 103.095 103.092 103.089 103.082 103.073 103.064 103.055 103.05 103.057 103.074 103.093 103.111 103.128 103.145 103.162 103.18 103.199 103.222 103.251 103.281 103.31 103.338 103.366 103.394 103.429 103.47 103.514 103.557 103.6 103.642 103.681 103.723 103.773 103.829 103.886 103.942 103.999 104.056 -9999 104.176 104.228 104.267 104.303 104.335 104.368 104.402 104.437 104.473 104.512 104.558 104.603 104.645 104.685 104.726
-9999 -9999 -9999 -9999 -9999 -9999 -9999 -9999 -9999 -9999 -9999 -9999 -9999 -9999 103.171 103.175 103.164 103.155 103.146 103.138 103.13 103.123 103.117 103.111 103.105 103.097 103.086 103.077 103.071 103.077 103.094 103.112 103.13 103.148 103.165 103.182 103.199 103.216 103.237 103.26 103.289 103.318 103.347 103.376 103.404 103.436 103.473 103.518 103.562 103.605 103.647 103.686 103.729 103.78 103.837 103.895 103.953 104.011 104.071 104.133 -9999 104.224 -9999 104.291 -9999 104.358 -9999 104.428 104.464 104.503 104.548 104.594 104.637 104.678 -9999
-9999 -9999 -9999 -9999 -9999 -9999 -9999 -9999 -9999 -9999 -9999 -9999 -9999 -9999 103.217 103.202 103.189 103.177 103.166 103.156 103.146 103.137 103.129 103.124 103.12 103.115 103.109 103.1 103.094 103.098 103.115 103.132 103.151 103.168 103.186 103.203 103.22 103.237 103.254 103.275 103.298 103.327 103.356 103.385 103.415 103.444 103.48 103.521 103.566 103.61 103.652 103.692 103.734 103.787 103.846 103.906 103.966 104.026 104.086 104.138 -9999 -9999 104.247 104.28 -9999 -9999 104.383 104.419 104.456 -9999 -9999 -9999 -9999 -9999 -9999
-9999 -9999 -9999 -9999 -9999 -9999 -9999 -9999 -9999 -9999 -9999 -9999 -9999 103.252 103.234 103.218 103.204 103.191 103.18 103.169 103.158 103.149 103.14 103.135 103.132 103.13 103.126 103.122 103.118 103.121 103.137 103.154 103.172 103.19 103.207 103.225 103.242 103.259 103.276 103.294 103.314 103.337 103.365 103.395 103.425 103.455 103.488 103.525 103.57 103.615 103.658 103.699 103.743 103.796 103.857 103.919 103.981 -9999 -9999 -9999 104.171 -9999 -9999 -9999 -9999 -9999 -9999 104.411 -9999 -9999 -9999 -9999 -9999 -9999 -9999
