Validation/Results/raw data/ReClimate_01_2024_2_Precipitation-Actualsweatherlogisticsltd.asc
NCOLS 192
NROWS 249
XLLCENTER -225160.85627316462
YLLCENTER 29788.11610251502
CELLSIZE 5000.0
NODATA_VALUE -9999
[rows 99 to 131 of 249, columns 75 to 149 of 192]
159.828 171.042 177.021 190.915 201.463 205.604 214.342 -9999 -9999 162.691 227.752 270.706 283.439 269.703 275.686 259.754 226.834 216.673 195.187 181.144 175.366 168.966 150.062 136.881 129.616 115.859 107.382 98.967 92.718 84.614 80.391 78.14 75.921 70.757 66.058 58.318 52.813 54.307 58.174 55.074 50.61 49.98 50.116 46.059 -9999 -9999 -9999 -9999 -9999 -9999 -9999 -9999 -9999 -9999 -9999 -9999 -9999 -9999 -9999 -9999 -9999 -9999 -9999 -9999 -9999 -9999 -9999 -9999 -9999 -9999 -9999 -9999 -9999 -9999 -9999
170.274 167.591 -9999 -9999 184.321 193.596 -9999 -9999 -9999 153.505 212.275 276.691 276.244 303.091 266.466 235.038 228.577 242.596 238.87 209.675 200.319 171.084 174.408 168.426 140.097 112.174 119.017 129.511 115.338 96.359 83.623 75.585 69.283 57.341 53.781 51.689 57.986 70.155 66.396 63.125 60.699 58.031 50.685 43.289 -9999 -9999 -9999 -9999 -9999 -9999 -9999 -9999 -9999 -9999 -9999 -9999 -9999 -9999 -9999 -9999 -9999 -9999 -9999 -9999 -9999 -9999 -9999 -9999 -9999 -9999 -9999 -9999 -9999 -9999 -9999
-9999 168.5 177.588 195.101 -9999 -9999 -9999 -9999 159.572 158.674 217.077 241.594 255.766 269.339 251.947 245.183 253.562 277.073 256.976 244.953 195.623 184.619 183.743 155.042 119.912 125.525 148.582 147.604 117.653 97.071 85.008 76.459 64.261 56.465 52.959 56.89 71.81 67.961 65.665 62.551 60.356 57.083 50.892 -9999 -9999 -9999 -9999 -9999 -9999 -9999 -9999 -9999 -9999 -9999 -9999 -9999 -9999 -9999 -9999 -9999 -9999 -9999 -9999 -9999 -9999 -9999 -9999 -9999 -9999 -9999 -9999 -9999 -9999 -9999 -9999
195.803 236.92 279.154 298.428 220.132 174.498 -9999 -9999 152.106 -9999 -9999 184.925 251.415 257.319 233.987 249.848 282.289 275.228 284.322 267.752 222.05 186.292 160.039 161.09 153.946 160.365 154.338 135.855 134.322 117.286 89.785 73.629 64.154 58.757 58.891 67.652 61.672 59.292 54.781 51.172 51.152 51.573 -9999 -9999 -9999 -9999 -9999 -9999 -9999 -9999 -9999 -9999 -9999 -9999 -9999 -9999 -9999 -9999 -9999 -9999 -9999 -9999 -9999 -9999 -9999 -9999 -9999 -9999 -9999 -9999 -9999 -9999 -9999 -9999 -9999
197.524 244.386 305.753 275.864 -9999 -9999 -9999 161.925 173.196 181.537 191.014 199.643 217.211 210.044 207.557 253.302 276.223 271.711 247.658 228.217 207.051 184.761 184.147 152.742 156.193 143.84 138.692 136.387 120.053 104.828 86.3 72.809 64.937 58.555 59.97 54.734 52.154 -9999 -9999 48.67 -9999 -9999 -9999 -9999 -9999 -9999 -9999 -9999 -9999 -9999 -9999 -9999 -9999 -9999 -9999 -9999 -9999 -9999 -9999 -9999 -9999 -9999 -9999 -9999 -9999 -9999 -9999 -9999 -9999 -9999 -9999 -9999 -9999 -9999 -9999
190.093 232.705 -9999 229.742 -9999 -9999 -9999 170.242 194.253 210.818 205.397 187.529 207.436 216.092 249.1 280.91 260.96 247.316 236.215 238.287 207.787 186.459 153.927 153.667 148.69 131.28 109.81 86.239 87.84 83.071 74.039 68.756 60.171 55.068 53.519 48.23 -9999 52.793 46.626 47.073 47.681 -9999 -9999 -9999 -9999 -9999 -9999 -9999 -9999 -9999 -9999 -9999 -9999 -9999 -9999 -9999 -9999 -9999 -9999 -9999 -9999 -9999 -9999 -9999 -9999 -9999 -9999 -9999 -9999 -9999 -9999 -9999 -9999 -9999 -9999
166.71 -9999 -9999 -9999 -9999 178.292 170.807 186.881 200.082 216.618 208.263 213.578 232.001 237.569 258.281 259.35 282.012 251.577 247.956 223.662 220.444 189.97 186.605 186.577 156.447 130.971 112.505 94.981 80.998 74.355 69.125 67.078 58.416 58.082 -9999 51.945 52.845 47.334 46.552 44.388 50.161 -9999 -9999 -9999 -9999 -9999 -9999 -9999 -9999 -9999 -9999 -9999 -9999 -9999 -9999 -9999 -9999 -9999 -9999 -9999 -9999 -9999 -9999 -9999 -9999 -9999 -9999 -9999 -9999 -9999 -9999 -9999 -9999 -9999 -9999
-9999 -9999 -9999 -9999 -9999 176.241 171.079 177.606 202.256 222.707 213.951 219.809 206.947 207.565 230.516 288.096 280.269 248.314 238.742 230.116 197.108 188.593 200.306 172.981 175.055 171.511 132.452 118.321 92.871 78.987 86.646 87.145 78.162 77.424 69.212 58.7 54.412 53.297 56.55 53.882 55.108 53.614 -9999 -9999 -9999 -9999 -9999 -9999 -9999 -9999 -9999 -9999 -9999 -9999 -9999 -9999 -9999 -9999 -9999 -9999 -9999 -9999 -9999 -9999 -9999 -9999 -9999 -9999 -9999 -9999 -9999 -9999 -9999 -9999 -9999
-9999 -9999 -9999 -9999 168.286 -9999 -9999 172.493 205.306 221.891 232.436 215.648 -9999 -9999 247.897 299.745 310.967 245.876 222.295 207.512 186.911 181.653 165.417 152.535 151.204 125.087 120.048 110.031 103.743 102.241 111.314 100.432 90.736 80.601 72.336 68.468 60.121 65.008 57.193 62.172 60.019 53.063 44.773 -9999 -9999 -9999 -9999 -9999 -9999 -9999 -9999 -9999 -9999 -9999 -9999 -9999 -9999 -9999 -9999 -9999 -9999 -9999 -9999 -9999 -9999 -9999 -9999 -9999 -9999 -9999 -9999 -9999 -9999 -9999 -9999
-9999 -9999 -9999 -9999 157.689 -9999 152.919 162.878 186.742 236.477 254.147 204.072 203.763 229.24 265.139 276.874 223.385 219.838 233.777 192.432 174.82 164.299 148.859 123.893 108.928 94.681 96.465 119.849 139.134 147.314 123.055 103.925 86.03 76.601 75.189 71.744 65.432 59.247 55.339 51.986 51.078 45.371 -9999 -9999 -9999 -9999 -9999 -9999 -9999 -9999 -9999 -9999 -9999 -9999 -9999 -9999 -9999 -9999 -9999 -9999 -9999 -9999 -9999 -9999 -9999 -9999 -9999 -9999 -9999 -9999 -9999 -9999 -9999 -9999 -9999
-9999 -9999 -9999 -9999 147.093 -9999 135.691 135.759 172.703 206.571 187.389 -9999 223.787 230.121 -9999 230.777 218.346 224.735 189.691 198.337 173.202 155.029 119.684 100.829 92.853 90.617 92.353 106.489 108.236 97.613 100.086 91.728 84.27 75.637 73.937 64.726 59.037 54.896 -9999 -9999 -9999 -9999 -9999 -9999 -9999 -9999 -9999 -9999 -9999 -9999 -9999 -9999 -9999 -9999 -9999 -9999 -9999 -9999 -9999 -9999 -9999 -9999 -9999 -9999 -9999 -9999 -9999 -9999 -9999 -9999 -9999 -9999 -9999 -9999 -9999
-9999 -9999 127.869 134.919 -9999 -9999 120.884 141.355 161.72 162.454 184.1 224.315 218.837 241.816 -9999 189.001 200.431 183.29 171.536 160.065 154.829 127.772 115.753 106.128 112.144 107.965 89.628 83.068 76.093 78.195 78.999 78.967 79.102 74.26 70.341 65.337 56.748 -9999 -9999 -9999 -9999 -9999 -9999 -9999 -9999 -9999 -9999 -9999 -9999 -9999 -9999 -9999 -9999 -9999 -9999 -9999 -9999 -9999 -9999 -9999 -9999 -9999 -9999 -9999 -9999 -9999 -9999 -9999 -9999 -9999 -9999 -9999 -9999 -9999 -9999
-9999 112.384 115.558 122.822 -9999 126.556 138.432 148.802 152.042 -9999 203.19 212.083 233.076 243.403 -9999 182.83 181.845 160.767 136.59 133.201 121.514 119.27 118.561 113.644 128.82 117.603 103.917 89.155 -9999 64.973 67.454 71.071 73.66 69.081 69.11 61.77 -9999 -9999 -9999 -9999 -9999 -9999 -9999 -9999 -9999 -9999 -9999 -9999 -9999 -9999 -9999 -9999 -9999 -9999 -9999 -9999 -9999 -9999 -9999 -9999 -9999 -9999 -9999 -9999 -9999 -9999 -9999 -9999 -9999 -9999 -9999 -9999 -9999 -9999 -9999
-9999 100.074 96.722 -9999 -9999 135.142 148.703 152.231 -9999 173.323 196.87 214.062 227.121 221.465 -9999 161.499 139.982 128.586 122.581 125.677 124.92 127.619 145.746 153.174 153.583 141.767 110.885 85.257 68.522 62.887 -9999 -9999 59.672 57.631 -9999 -9999 -9999 -9999 -9999 -9999 42.283 40.189 36.669 -9999 -9999 -9999 -9999 -9999 -9999 -9999 -9999 -9999 -9999 -9999 -9999 -9999 -9999 -9999 -9999 -9999 -9999 -9999 -9999 -9999 -9999 -9999 -9999 -9999 -9999 -9999 -9999 -9999 -9999 -9999 -9999
107.987 113.457 -9999 -9999 122.121 138.196 137.88 157.376 -9999 170.031 191.227 193.885 196.278 204.943 -9999 -9999 -9999 130.534 125.144 125.882 129.296 135.241 136.601 129.361 131.288 117.383 100.744 86.324 76.927 67.655 60.723 62.071 60.056 54.387 -9999 -9999 -9999 -9999 -9999 43.455 42.071 41.38 38.97 38.599 -9999 -9999 -9999 -9999 -9999 -9999 -9999 -9999 -9999 -9999 -9999 -9999 -9999 -9999 -9999 -9999 -9999 -9999 -9999 -9999 -9999 -9999 -9999 -9999 -9999 -9999 -9999 -9999 -9999 -9999 -9999
130.71 126.534 -9999 -9999 -9999 112.246 139.828 147.518 -9999 153.595 -9999 159.324 171.325 161.973 -9999 141.333 146.665 141.975 -9999 112.936 105.055 109.231 105.178 105.578 106.21 102.227 94.202 88.79 84.451 75.1 72.737 69.966 60.331 52.134 48.369 48.2 49.919 -9999 45.61 43.241 44.084 46.646 51.75 54.39 58.372 40.387 -9999 -9999 -9999 -9999 -9999 -9999 -9999 -9999 -9999 -9999 -9999 -9999 -9999 -9999 -9999 -9999 -9999 -9999 -9999 -9999 -9999 -9999 -9999 -9999 -9999 -9999 -9999 -9999 -9999
135.998 -9999 -9999 -9999 -9999 123.988 145.307 134.825 -9999 133.095 -9999 138.471 135.724 -9999 150.589 160.599 173.783 160.443 124.022 102.31 91.66 89.381 87.76 91.891 88.641 86.361 87.367 87.728 84.866 77.161 78.721 66.285 63.028 57.33 56.371 56.491 51.47 49.153 48.275 47.261 48.173 52.044 62.135 66.588 65.608 57.29 46.547 43.314 45.205 -9999 -9999 -9999 -9999 -9999 -9999 -9999 -9999 -9999 -9999 -9999 -9999 -9999 -9999 -9999 -9999 -9999 -9999 -9999 -9999 -9999 -9999 -9999 -9999 -9999 -9999
142.536 -9999 -9999 -9999 -9999 117.899 123.04 133.384 135.56 -9999 -9999 110.058 114.575 -9999 138.694 162.161 194.719 164.536 132.275 107.807 96.504 86.419 82.23 74.021 71.518 73.713 81.603 90.418 89.099 89.171 76.558 82.691 76.095 74.208 75.051 64.162 58.316 54.886 58.345 60.843 59.802 74.956 79.243 73.76 70.734 62.785 61.08 49.38 45.39 43.81 -9999 -9999 -9999 -9999 -9999 -9999 -9999 -9999 -9999 -9999 -9999 -9999 -9999 -9999 -9999 -9999 -9999 -9999 -9999 -9999 -9999 -9999 -9999 -9999 -9999
-9999 -9999 -9999 -9999 -9999 103.535 115.385 131.759 121.303 -9999 -9999 109.569 109.519 -9999 -9999 164.176 165.637 153.045 133.25 123.127 111.265 98.984 84.419 80.549 71.648 75.089 84.025 88.515 93.868 93.191 97.159 88.494 85.953 86.972 75.363 68.076 64.535 62.696 69.619 71.976 77.597 84.206 84.042 77.769 68.801 64.123 54.225 49.291 46.253 43.684 -9999 -9999 -9999 -9999 -9999 -9999 -9999 -9999 -9999 -9999 -9999 -9999 -9999 -9999 -9999 -9999 -9999 -9999 -9999 -9999 -9999 -9999 -9999 -9999 -9999
-9999 -9999 -9999 -9999 -9999 97.262 113.693 127.234 -9999 -9999 -9999 -9999 105.013 -9999 111.555 135.283 142.554 131.881 126.924 128.579 122.554 113.855 108.539 97.581 87.252 80.997 77.813 79.956 84.238 92.471 91.326 88.32 86.369 80.053 77.503 77.311 71.302 81.163 82.188 77.902 77.324 73.825 70.092 69.506 66.583 58.647 48.563 41.578 45.727 47.894 42.265 -9999 -9999 -9999 -9999 -9999 -9999 -9999 -9999 -9999 -9999 -9999 -9999 -9999 -9999 -9999 -9999 -9999 -9999 -9999 -9999 -9999 -9999 -9999 -9999
-9999 -9999 -9999 116.588 109.178 109.036 119.226 -9999 -9999 144.178 -9999 -9999 -9999 -9999 103.964 117.806 118.043 114.797 119.113 120.001 124.901 121.34 120.706 111.445 97.104 87.303 76.803 71.902 78.659 80.478 77.049 80.192 72.808 77.827 86.622 79.391 92.502 96.914 90.849 84.308 78.857 70.205 62.291 62.101 62.651 56.579 45.038 44.083 45.544 42.02 43.839 -9999 -9999 -9999 -9999 -9999 -9999 -9999 -9999 -9999 -9999 -9999 -9999 -9999 -9999 -9999 -9999 -9999 -9999 -9999 -9999 -9999 -9999 -9999 -9999
-9999 -9999 -9999 -9999 117.388 118.963 133.417 -9999 136.855 154.376 167.13 -9999 -9999 -9999 -9999 93.632 92.842 95.53 99.013 104.533 107.417 114.116 116.029 114.107 100.48 87.579 77.286 80.325 73.446 70.097 76.122 79.702 79.668 86.82 78.392 87.294 87.605 89.795 93.4 88.427 76.614 64.032 59.007 55.076 53.199 50.282 43.76 41.466 43.001 43.964 45.291 44.267 -9999 -9999 -9999 -9999 -9999 -9999 -9999 -9999 -9999 -9999 -9999 -9999 -9999 -9999 -9999 -9999 -9999 -9999 -9999 -9999 -9999 -9999 -9999
-9999 -9999 -9999 -9999 117.468 128.094 143.572 -9999 118.026 150.497 170.669 -9999 -9999 -9999 -9999 -9999 79.479 82.533 81.001 79.663 98.031 104.157 113.335 113.066 113.296 101.229 92.798 79.071 71.127 69.888 73.225 74.409 77.308 79.978 79.693 79.983 83.67 83.61 75.951 71.222 62.273 60.248 54.556 51.23 49.926 43.838 41.289 39.934 42.723 46.436 46.785 47.24 43.238 -9999 -9999 -9999 -9999 -9999 -9999 -9999 -9999 -9999 -9999 -9999 -9999 -9999 -9999 -9999 -9999 -9999 -9999 -9999 -9999 -9999 -9999
-9999 -9999 -9999 -9999 120.163 133.404 -9999 -9999 105.492 132.666 152.895 131.113 -9999 -9999 -9999 -9999 -9999 72.732 75.212 87.699 91.543 107.26 114.497 120.87 121.834 113.974 102.907 88.695 86.345 79.118 80.578 86.925 94.135 89.942 103.966 94.263 100.722 83.825 87.144 76.12 63.633 60.009 52.393 45.187 43.865 45.745 47.492 50.265 46.372 45.862 46.673 49.422 44.47 41.813 38.518 -9999 -9999 -9999 -9999 -9999 -9999 -9999 -9999 -9999 -9999 -9999 -9999 -9999 -9999 -9999 -9999 -9999 -9999 -9999 -9999
-9999 -9999 -9999 -9999 126.003 112.88 -9999 -9999 110.646 128.299 134.077 -9999 -9999 -9999 -9999 -9999 -9999 70.04 77.245 80.175 86.25 96.21 102.551 110.535 115.197 115.045 111.619 98.943 89.958 92.057 102.322 115.902 105.456 111.772 116.247 113.627 91.355 86.982 74.639 67.228 64.515 58.412 50.009 47.549 45.86 45.275 50.553 55.848 65.301 62.897 51.996 50.589 48.272 43.598 40.355 -9999 -9999 -9999 -9999 -9999 -9999 -9999 -9999 -9999 -9999 -9999 -9999 -9999 -9999 -9999 -9999 -9999 -9999 -9999 -9999
-9999 -9999 -9999 -9999 117.6 96.336 -9999 -9999 -9999 106.852 111.047 102.333 -9999 -9999 -9999 -9999 -9999 68.297 74.188 75.412 80.08 86.762 95.163 110.493 123.822 130.557 115.503 106.334 97.156 98.748 107.313 116.778 118.973 136.09 127.774 111.842 108.315 94.844 83.324 77.597 64.957 61.07 55.4 45.975 45.885 52.739 60.238 71.718 85.732 78.709 63.999 54.588 48.965 47.053 44.234 -9999 -9999 -9999 -9999 -9999 -9999 -9999 -9999 -9999 -9999 -9999 -9999 -9999 -9999 -9999 -9999 -9999 -9999 -9999 -9999
-9999 -9999 -9999 132.506 113.411 98.014 -9999 -9999 -9999 -9999 -9999 -9999 -9999 -9999 -9999 -9999 -9999 76.92 80.653 79.523 79.605 86.818 95.777 110.511 122.689 131.346 125.68 116.843 121.154 113.172 123.734 134.141 144.966 148.438 144.04 137.572 118.663 102.092 90.836 76.116 69.607 58.401 50.969 51.93 51.595 60.591 71.266 89.632 90.025 87.303 70.401 55.475 51.357 47.387 46.121 38.233 -9999 -9999 -9999 -9999 -9999 -9999 -9999 -9999 -9999 -9999 -9999 -9999 -9999 -9999 -9999 -9999 -9999 -9999 -9999
-9999 -9999 133.264 130.72 118.175 98.982 -9999 -9999 -9999 -9999 -9999 -9999 -9999 -9999 -9999 82.647 79.8 85.147 93.948 99.707 104.055 108.905 119.021 120.703 122.656 120.237 128.395 139.584 137.381 144.464 143.663 134.596 133.754 152.058 144.623 139.694 117.979 102.864 87.278 74.263 65.027 67.354 68.365 56.057 57.964 67.048 81.44 80.802 85.758 88.051 71.423 53.915 50.794 51.763 47.833 41.476 -9999 -9999 -9999 -9999 -9999 -9999 -9999 -9999 -9999 -9999 -9999 -9999 -9999 -9999 -9999 -9999 -9999 -9999 -9999
-9999 -9999 126.085 109.556 93.773 -9999 -9999 -9999 -9999 -9999 -9999 -9999 -9999 -9999 -9999 82.938 83.955 90.621 101.414 103.596 109.771 129.252 143.225 137.962 128.355 131.85 124.913 132.316 147.932 152.028 142.108 128.529 127.411 138.351 148.651 133.947 124.927 109.157 95.72 77.478 75.76 77.789 67.596 61.323 74.525 85.744 86.73 81.474 78.809 67.129 60.594 59.718 59.304 54.55 50.064 43.163 -9999 -9999 -9999 -9999 -9999 -9999 -9999 -9999 -9999 -9999 -9999 -9999 -9999 -9999 -9999 -9999 -9999 -9999 -9999
-9999 -9999 -9999 -9999 -9999 -9999 -9999 -9999 -9999 -9999 -9999 -9999 -9999 -9999 -9999 87.258 91.169 106.659 117.034 126.784 126.412 145.804 160.657 178.456 158.333 133.91 127.923 133.126 142.556 164.247 153.509 122.703 122.489 135.194 137.595 136.35 125.988 120.23 105.042 105.256 103.506 96.196 92.217 96.913 103.799 95.141 84.807 78.304 72.319 70.991 61.96 58.234 57.238 53.889 48.226 43.312 -9999 -9999 -9999 -9999 -9999 -9999 -9999 -9999 -9999 -9999 -9999 -9999 -9999 -9999 -9999 -9999 -9999 -9999 -9999
-9999 -9999 -9999 -9999 -9999 -9999 -9999 -9999 -9999 -9999 -9999 -9999 -9999 -9999 92.063 96.631 108.179 122.25 145.4 132.633 137.013 142.204 170.856 169.643 153.316 134.501 125.784 113.398 122.626 135.568 143.766 137.627 116.456 117.447 125.458 125.25 124.63 121.199 121.835 112.074 116.373 106.365 100.912 110.787 101.0 99.244 84.792 67.353 74.036 75.476 72.701 61.76 56.479 50.591 46.457 43.522 -9999 -9999 -9999 -9999 -9999 -9999 -9999 -9999 -9999 -9999 -9999 -9999 -9999 -9999 -9999 -9999 -9999 -9999 -9999
-9999 -9999 -9999 -9999 -9999 -9999 -9999 -9999 -9999 -9999 -9999 -9999 -9999 -9999 98.692 112.115 128.737 155.426 152.905 146.811 147.392 160.178 149.167 143.93 133.418 133.867 118.514 100.921 104.063 123.062 147.243 155.024 107.471 102.653 106.038 108.689 117.067 126.882 106.746 118.821 111.31 101.518 112.476 99.971 101.343 92.018 72.943 73.479 71.492 70.565 70.613 66.514 59.248 53.529 47.135 42.682 -9999 -9999 -9999 -9999 -9999 -9999 -9999 -9999 -9999 -9999 -9999 -9999 -9999 -9999 -9999 -9999 -9999 -9999 -9999
-9999 -9999 -9999 -9999 -9999 -9999 -9999 -9999 -9999 -9999 -9999 -9999 -9999 100.063 109.232 120.209 145.122 156.281 162.228 170.998 173.254 167.118 143.469 130.423 129.373 128.55 118.542 103.394 103.179 114.227 131.08 105.32 91.429 95.368 102.189 107.264 123.129 112.194 110.823 117.022 104.998 106.117 104.01 97.726 95.942 78.191 77.775 74.807 71.196 69.637 64.925 61.156 55.936 53.234 48.57 42.983 40.779 -9999 -9999 -9999 -9999 -9999 -9999 -9999 -9999 -9999 -9999 -9999 -9999 -9999 -9999 -9999 -9999 -9999 -9999
