Validation/Results/raw data/ReClimate_11_2023_2_Precipitation-Actuals.asc
NCOLS 192
NROWS 249
XLLCENTER -225160.85627316462
YLLCENTER 29788.11610251502
CELLSIZE 5000.0
NODATA_VALUE -9999
[rows 165 to 197 of 249, columns 74 to 147 of 192]
-9999 -9999 -9999 -9999 -9999 -9999 -9999 -9999 -9999 -9999 -9999 -9999 -9999 -9999 -9999 -9999 -9999 -9999 -9999 -9999 -9999 -9999 -9999 -9999 -9999 -9999 -9999 -9999 -9999 -9999 -9999 -9999 -9999 -9999 -9999 -9999 -9999 -9999 90.952 93.604 100.338 99.651 111.943 129.596 158.171 175.094 187.958 188.138 178.906 179.716 173.113 171.148 163.571 131.202 100.694 90.594 79.148 70.989 65.046 62.015 58.111 57.584 56.695 55.699 55.327 55.786 56.854 56.595 57.697 58.587 63.114 66.065 66.057 62.736
-9999 -9999 -9999 -9999 -9999 -9999 -9999 -9999 -9999 -9999 -9999 -9999 -9999 -9999 -9999 -9999 -9999 -9999 -9999 -9999 -9999 -9999 -9999 -9999 -9999 -9999 -9999 -9999 -9999 -9999 -9999 -9999 -9999 -9999 -9999 -9999 -9999 -9999 89.232 95.988 98.403 103.549 114.338 131.525 148.914 161.296 164.024 159.173 160.279 150.367 154.804 164.61 161.112 143.773 118.705 94.824 81.109 76.67 69.624 65.198 63.825 58.801 57.297 54.749 54.883 54.677 54.525 56.182 56.098 60.784 63.024 61.173 63.623 65.4
-9999 -9999 -9999 -9999 -9999 -9999 -9999 -9999 -9999 -9999 -9999 -9999 -9999 -9999 -9999 -9999 -9999 -9999 -9999 -9999 -9999 -9999 -9999 -9999 -9999 -9999 -9999 -9999 -9999 -9999 -9999 -9999 -9999 -9999 -9999 -9999 -9999 86.585 89.532 94.858 101.577 106.868 111.317 122.291 138.904 138.227 135.82 134.77 132.505 131.616 143.977 165.942 176.145 163.32 142.559 124.729 96.255 75.141 69.753 64.819 64.243 61.213 56.445 54.607 53.093 53.248 53.828 55.46 57.323 58.501 63.132 65.874 63.266 63.507
-9999 -9999 -9999 -9999 -9999 -9999 -9999 -9999 -9999 -9999 -9999 -9999 -9999 -9999 -9999 -9999 -9999 -9999 -9999 -9999 -9999 -9999 -9999 -9999 -9999 -9999 -9999 -9999 -9999 -9999 -9999 -9999 -9999 -9999 -9999 -9999 -9999 87.631 87.667 95.117 99.734 102.436 110.264 112.639 117.641 114.971 115.445 116.741 113.538 118.762 131.82 149.673 179.869 197.325 172.532 145.588 120.654 91.775 76.232 65.508 59.107 60.349 57.822 54.545 53.524 52.82 53.587 54.299 58.555 60.593 60.773 64.007 65.974 67.743
-9999 -9999 -9999 -9999 -9999 -9999 -9999 -9999 -9999 -9999 -9999 -9999 -9999 -9999 -9999 -9999 -9999 -9999 -9999 -9999 -9999 -9999 -9999 -9999 -9999 -9999 -9999 -9999 -9999 -9999 -9999 -9999 -9999 -9999 -9999 -9999 -9999 -9999 87.771 93.701 94.026 101.242 102.83 101.015 97.889 96.605 99.966 98.202 99.619 103.232 116.551 134.15 154.959 191.932 201.917 178.404 141.318 108.858 83.125 73.349 62.1 60.983 60.703 57.916 54.005 55.265 54.764 54.878 56.111 60.488 60.648 61.866 65.088 63.22
-9999 -9999 -9999 -9999 -9999 -9999 -9999 -9999 -9999 -9999 -9999 -9999 -9999 -9999 -9999 -9999 -9999 -9999 116.562 108.03 -9999 -9999 -9999 -9999 -9999 -9999 -9999 -9999 -9999 -9999 -9999 -9999 -9999 -9999 -9999 -9999 -9999 80.868 76.384 91.967 95.034 96.899 93.295 90.512 86.049 87.412 89.489 91.966 92.383 98.305 111.44 136.548 165.384 186.17 183.362 176.701 159.748 110.931 87.954 70.046 68.027 67.192 63.79 59.741 57.62 52.333 56.745 55.822 56.534 59.597 61.016 60.418 63.671 64.744
-9999 -9999 -9999 -9999 -9999 -9999 -9999 -9999 -9999 -9999 -9999 -9999 -9999 -9999 -9999 -9999 -9999 -9999 117.974 111.221 109.632 -9999 -9999 -9999 -9999 -9999 -9999 -9999 -9999 -9999 -9999 -9999 -9999 -9999 -9999 -9999 75.026 66.839 81.164 89.516 92.335 86.648 85.477 81.815 80.964 83.028 87.19 87.859 90.091 95.03 107.049 122.583 154.311 192.57 182.608 155.218 143.381 121.143 90.0 77.232 64.555 68.869 66.515 60.427 57.849 54.83 55.051 59.718 57.947 58.353 60.957 60.757 64.211 66.397
-9999 -9999 -9999 -9999 -9999 -9999 -9999 -9999 -9999 -9999 -9999 -9999 -9999 -9999 -9999 -9999 -9999 115.019 121.346 117.596 114.387 111.809 -9999 -9999 -9999 -9999 -9999 -9999 -9999 -9999 -9999 -9999 -9999 81.583 -9999 -9999 70.492 77.999 82.653 82.25 80.186 -9999 81.948 81.418 83.577 87.708 85.02 84.15 87.014 91.397 99.142 121.8 133.225 163.209 161.622 135.883 130.198 113.221 101.952 85.562 70.516 67.453 66.228 62.129 59.342 57.444 56.077 55.821 57.233 56.827 59.903 61.652 61.34 65.916
-9999 -9999 -9999 -9999 -9999 -9999 -9999 -9999 -9999 -9999 -9999 -9999 -9999 -9999 -9999 -9999 -9999 104.126 108.916 118.083 119.793 118.464 106.732 111.939 -9999 -9999 -9999 116.83 97.309 -9999 87.814 82.72 79.212 89.796 80.212 -9999 -9999 75.116 75.619 -9999 -9999 77.155 78.134 77.532 82.307 82.736 81.506 84.543 86.256 94.378 108.004 141.389 143.795 148.467 139.285 130.659 124.198 110.772 91.541 83.961 76.228 72.347 66.561 62.912 60.206 58.867 58.53 57.647 57.117 57.864 60.109 62.011 60.396 62.554
-9999 -9999 -9999 -9999 -9999 -9999 -9999 -9999 -9999 -9999 -9999 -9999 -9999 -9999 -9999 -9999 -9999 -9999 106.924 119.878 125.993 120.672 114.664 -9999 -9999 183.854 182.445 131.039 122.004 112.808 105.98 88.27 87.278 77.05 79.448 83.244 -9999 72.195 68.979 70.863 72.122 75.763 78.391 81.561 81.955 81.459 81.115 80.744 91.417 96.815 111.517 149.687 160.97 148.43 135.694 118.407 118.056 106.214 93.227 81.96 75.59 71.433 66.007 63.268 61.358 60.542 59.255 57.467 56.909 59.036 62.339 63.245 60.937 61.173
-9999 -9999 -9999 -9999 -9999 -9999 -9999 -9999 -9999 -9999 -9999 -9999 -9999 -9999 -9999 -9999 -9999 -9999 107.546 118.692 115.705 116.837 132.482 171.7 209.506 252.561 209.132 175.236 142.113 125.35 121.104 105.094 85.441 87.357 95.277 86.847 86.794 75.07 68.258 68.767 69.131 72.581 79.148 80.674 80.458 80.932 75.985 80.426 88.05 95.755 123.647 142.935 155.443 151.81 142.384 120.696 109.583 106.054 97.528 87.353 80.69 76.139 68.061 67.213 64.06 60.502 60.494 57.102 57.388 61.266 63.273 63.638 60.567 60.321
-9999 -9999 -9999 -9999 -9999 -9999 -9999 -9999 -9999 -9999 -9999 -9999 -9999 -9999 -9999 -9999 -9999 -9999 -9999 123.958 122.477 140.09 197.196 248.722 306.807 312.452 272.858 212.705 183.662 159.019 148.413 129.133 113.925 102.888 90.652 101.033 85.965 79.494 78.888 69.543 68.775 70.412 73.74 74.563 73.989 71.309 74.439 78.416 83.899 99.52 120.017 136.808 135.494 136.046 134.134 130.066 103.012 103.705 100.603 90.758 88.09 81.649 75.226 69.811 65.903 62.955 61.078 57.404 58.949 58.325 62.372 62.955 60.1 58.656
-9999 -9999 -9999 -9999 -9999 -9999 -9999 -9999 -9999 -9999 -9999 -9999 -9999 -9999 -9999 -9999 -9999 -9999 -9999 -9999 -9999 178.175 247.859 317.29 388.051 365.2 289.899 219.259 185.746 190.067 172.61 157.502 133.766 113.498 94.547 94.712 100.234 92.834 78.528 69.961 66.374 66.999 71.133 71.271 70.519 70.064 73.387 76.054 80.974 97.901 115.572 118.568 139.078 140.76 133.726 129.064 116.83 102.03 102.559 92.715 89.004 82.994 76.473 73.243 67.45 63.043 62.25 57.592 57.058 58.851 58.605 62.862 59.767 57.972
-9999 -9999 -9999 -9999 -9999 -9999 -9999 -9999 -9999 -9999 -9999 -9999 -9999 -9999 -9999 -9999 -9999 -9999 -9999 -9999 161.958 216.309 276.35 364.774 437.716 368.075 274.011 222.323 200.139 196.471 182.127 156.141 146.225 111.814 107.459 123.855 113.351 99.724 79.923 73.177 67.439 69.227 72.421 72.238 72.082 72.806 73.187 76.653 87.098 98.192 101.435 108.472 122.75 130.736 134.996 122.139 112.927 113.499 99.056 87.133 85.05 81.422 77.59 72.028 70.603 63.844 61.089 57.74 56.743 56.772 62.049 61.542 59.442 57.036
-9999 -9999 -9999 -9999 -9999 -9999 -9999 -9999 -9999 -9999 -9999 -9999 -9999 -9999 -9999 -9999 -9999 -9999 -9999 152.446 220.303 238.169 301.129 365.501 351.157 357.066 308.786 258.626 246.776 227.318 181.173 154.277 129.356 120.618 135.534 139.486 123.537 105.699 85.814 73.153 68.05 73.129 71.334 71.365 72.818 71.426 73.267 82.298 88.381 91.474 100.625 105.754 114.238 125.669 116.069 115.15 101.534 98.654 97.107 80.487 78.147 78.363 76.388 72.589 66.254 63.294 56.747 56.123 56.073 55.362 57.625 61.173 57.135 58.15
-9999 -9999 -9999 -9999 -9999 -9999 -9999 -9999 -9999 -9999 -9999 -9999 -9999 -9999 -9999 -9999 -9999 -9999 136.169 173.394 160.287 212.76 237.103 240.807 260.303 278.112 272.893 276.035 268.17 246.717 212.637 170.647 139.623 141.545 136.717 121.454 117.525 101.082 88.024 73.317 69.264 73.35 71.17 72.818 74.811 75.3 80.298 83.918 88.17 94.254 97.158 103.009 96.518 102.453 105.03 98.315 94.045 89.665 85.952 78.861 72.488 73.71 72.034 68.361 66.005 60.887 53.926 53.474 54.865 54.641 55.5 59.991 56.562 57.55
-9999 -9999 -9999 -9999 -9999 -9999 -9999 -9999 -9999 -9999 -9999 -9999 -9999 -9999 -9999 -9999 123.196 125.398 132.703 129.889 141.131 153.721 170.896 171.399 199.308 236.38 261.417 272.755 279.547 229.526 192.547 167.108 155.448 167.429 159.614 145.644 123.321 111.668 91.383 72.917 72.848 75.315 75.606 75.505 77.219 80.981 82.548 86.546 85.845 88.472 96.923 99.12 96.228 91.4 87.447 85.967 83.611 82.304 78.269 74.025 71.171 66.928 64.838 60.455 60.402 58.341 53.349 52.317 56.713 58.157 60.378 61.123 58.463 55.874
-9999 -9999 -9999 -9999 -9999 -9999 -9999 -9999 -9999 -9999 -9999 -9999 -9999 -9999 -9999 126.011 125.323 122.381 128.276 -9999 -9999 -9999 -9999 169.442 211.511 261.325 271.3 277.624 245.882 229.63 226.35 201.76 201.232 222.148 192.512 154.073 130.254 113.899 87.589 77.819 76.769 75.93 74.401 75.633 76.471 78.853 78.301 81.213 79.667 83.46 88.257 88.675 86.941 83.646 80.711 80.108 73.145 70.07 69.252 66.266 65.939 63.874 59.657 59.219 59.882 59.03 56.673 58.55 60.425 62.656 63.529 62.39 60.164 57.971
-9999 -9999 -9999 -9999 -9999 -9999 -9999 -9999 -9999 -9999 -9999 -9999 -9999 -9999 -9999 126.04 127.875 120.85 -9999 -9999 -9999 -9999 -9999 168.483 219.229 275.153 259.439 273.031 277.771 276.248 274.053 243.474 222.51 214.339 153.96 120.243 120.941 98.954 88.484 87.889 75.511 74.469 76.966 75.497 77.57 76.48 75.712 74.588 78.975 76.792 79.684 82.053 80.113 79.346 79.646 75.89 70.331 65.192 65.375 66.525 62.942 62.074 55.166 57.251 63.129 62.657 64.653 66.382 67.884 66.586 65.967 65.81 61.131 58.606
-9999 -9999 -9999 -9999 -9999 -9999 -9999 -9999 -9999 -9999 -9999 -9999 -9999 -9999 -9999 -9999 -9999 118.442 -9999 -9999 -9999 -9999 -9999 166.857 216.678 218.139 235.537 268.996 273.762 309.426 296.399 235.673 229.245 188.168 145.147 130.366 109.444 93.756 84.48 76.307 69.216 71.767 69.843 69.538 71.875 69.092 70.532 76.402 74.873 73.933 77.394 78.317 77.051 73.484 74.879 72.939 69.821 71.02 70.07 67.405 64.723 62.257 62.413 57.42 64.431 65.843 64.064 67.091 68.932 67.304 65.69 65.879 64.054 59.446
-9999 -9999 -9999 -9999 -9999 -9999 -9999 -9999 -9999 -9999 -9999 -9999 -9999 -9999 -9999 -9999 -9999 -9999 -9999 -9999 -9999 -9999 -9999 167.732 180.638 192.885 250.717 268.081 308.875 312.385 303.35 263.415 208.464 168.138 141.042 113.943 102.243 81.545 76.458 70.634 72.321 67.517 67.162 68.739 65.392 65.363 70.188 72.794 74.167 75.026 75.258 81.035 75.447 69.945 69.189 69.944 67.729 69.103 70.904 69.985 71.494 71.074 66.499 63.507 59.035 60.459 63.172 64.741 67.418 69.546 65.159 63.279 61.861 59.873
-9999 -9999 -9999 -9999 -9999 -9999 -9999 -9999 -9999 -9999 -9999 -9999 -9999 -9999 -9999 -9999 -9999 -9999 -9999 -9999 -9999 -9999 -9999 -9999 190.388 266.482 319.236 317.516 306.858 286.303 261.479 217.591 185.348 150.175 116.867 114.155 90.454 79.526 79.033 74.683 68.77 65.853 67.154 68.208 65.993 67.541 75.445 75.923 75.085 72.821 73.732 77.322 76.507 65.861 65.58 65.843 64.859 67.633 69.679 70.319 77.358 79.518 71.394 65.074 63.432 62.219 65.893 70.151 70.11 69.465 66.246 63.518 61.016 58.434
-9999 -9999 -9999 -9999 -9999 -9999 -9999 -9999 -9999 -9999 -9999 -9999 -9999 -9999 -9999 -9999 -9999 -9999 -9999 -9999 -9999 -9999 -9999 175.976 211.948 281.599 309.041 297.725 262.617 243.685 222.245 210.127 183.683 138.897 120.832 110.812 92.166 101.687 80.988 73.513 71.011 71.628 69.158 70.775 76.135 78.113 78.235 73.243 72.717 71.67 72.983 73.455 72.881 69.364 65.099 64.84 62.759 62.446 66.555 67.614 70.136 74.823 69.124 65.308 65.7 66.965 70.249 73.886 74.045 70.601 65.943 62.877 63.625 60.206
-9999 -9999 -9999 -9999 -9999 -9999 -9999 -9999 -9999 -9999 -9999 -9999 -9999 -9999 -9999 -9999 -9999 -9999 -9999 -9999 -9999 -9999 -9999 160.149 202.938 267.593 255.987 233.69 213.575 211.874 218.629 204.989 165.766 130.592 120.735 103.461 99.933 91.602 90.593 95.288 85.567 78.892 72.507 71.428 75.745 81.35 74.915 73.06 73.891 74.913 76.759 75.854 73.851 73.888 70.277 66.304 62.993 62.664 64.307 67.59 69.883 72.686 67.24 64.868 66.662 71.797 70.198 73.667 74.782 69.648 67.125 60.362 56.146 59.626
-9999 -9999 -9999 -9999 -9999 -9999 -9999 -9999 -9999 -9999 -9999 -9999 -9999 -9999 -9999 -9999 -9999 -9999 -9999 -9999 -9999 -9999 -9999 147.69 183.17 193.843 212.232 206.744 207.014 217.0 219.404 186.39 159.708 125.25 114.575 98.817 95.746 95.143 102.665 103.709 106.587 91.629 84.526 77.668 80.332 79.819 73.433 73.373 72.95 73.651 76.865 78.009 78.538 76.724 72.629 67.211 68.503 67.675 66.765 67.817 65.81 66.328 65.549 64.945 67.633 69.582 72.252 69.014 66.999 65.324 65.82 66.409 55.204 50.809
-9999 -9999 -9999 -9999 -9999 -9999 -9999 -9999 -9999 -9999 -9999 -9999 -9999 -9999 -9999 -9999 -9999 -9999 -9999 -9999 -9999 -9999 -9999 -9999 157.913 195.933 225.163 250.811 261.951 235.487 206.562 167.871 125.344 120.084 112.146 101.941 95.975 94.199 100.537 107.11 108.115 95.516 81.944 75.621 86.559 83.434 75.054 76.258 73.0 75.024 76.206 76.314 74.334 75.849 72.141 69.508 70.696 73.139 69.567 67.649 64.477 61.748 64.008 64.547 65.581 67.152 67.374 67.959 66.144 62.934 65.411 63.452 61.283 55.069
-9999 -9999 -9999 -9999 -9999 -9999 -9999 -9999 -9999 -9999 -9999 -9999 -9999 -9999 -9999 -9999 -9999 -9999 -9999 -9999 -9999 -9999 -9999 -9999 158.964 192.287 238.958 304.0 323.843 265.118 212.921 151.684 130.087 133.891 129.689 125.12 116.807 106.788 97.736 107.046 103.026 93.618 89.936 96.789 90.853 83.968 83.191 79.753 76.33 75.669 77.639 79.43 77.212 76.783 76.476 73.129 73.194 73.708 71.16 69.595 70.567 68.644 68.625 68.476 65.94 66.297 68.729 68.661 69.723 65.999 67.327 65.965 61.349 59.373
-9999 -9999 -9999 -9999 -9999 -9999 -9999 -9999 -9999 -9999 -9999 -9999 -9999 -9999 -9999 -9999 -9999 -9999 -9999 -9999 -9999 -9999 -9999 149.813 138.856 188.339 250.638 303.431 292.754 258.906 197.397 176.512 177.697 157.282 148.107 135.253 115.467 108.093 110.241 108.752 95.074 96.848 102.008 96.461 95.609 88.196 80.794 79.577 75.481 78.724 83.914 84.317 85.893 81.685 77.677 74.613 75.63 74.476 82.06 76.195 69.868 68.719 71.229 71.329 71.232 69.815 72.187 68.879 68.657 69.389 68.793 64.37 63.204 65.169
-9999 -9999 -9999 -9999 -9999 -9999 -9999 -9999 -9999 -9999 -9999 -9999 -9999 -9999 -9999 -9999 -9999 -9999 -9999 -9999 -9999 -9999 -9999 137.033 154.527 187.493 219.13 267.738 291.825 252.031 209.97 178.58 168.582 167.797 156.315 142.279 131.599 131.521 117.789 101.306 103.662 96.651 95.563 93.549 98.784 79.062 80.792 76.331 70.693 78.625 82.185 93.95 89.15 87.311 81.309 82.984 78.72 72.48 66.781 73.656 66.376 66.299 67.698 72.369 69.763 73.465 76.136 74.214 67.594 66.077 64.555 63.355 61.66 64.777
-9999 -9999 -9999 -9999 -9999 -9999 -9999 -9999 -9999 -9999 -9999 -9999 -9999 -9999 -9999 -9999 -9999 -9999 -9999 -9999 -9999 -9999 -9999 148.483 156.859 170.91 215.581 261.906 284.938 264.186 206.803 173.811 175.034 165.055 147.975 144.281 153.497 136.068 114.114 110.506 98.449 105.429 90.557 93.404 82.65 78.865 79.586 72.403 71.794 71.49 81.618 82.518 87.436 85.928 82.349 79.13 78.705 72.174 68.183 66.245 66.455 66.445 68.649 67.664 72.95 71.595 72.151 72.85 70.392 67.404 64.8 63.516 63.472 61.722
-9999 -9999 -9999 -9999 -9999 -9999 -9999 -9999 -9999 -9999 -9999 -9999 -9999 -9999 -9999 -9999 -9999 -9999 -9999 -9999 -9999 -9999 157.149 152.645 171.391 182.713 207.05 252.233 265.461 253.657 201.53 167.126 152.597 144.435 141.854 155.527 138.981 126.683 122.857 104.101 97.768 89.046 82.621 81.061 81.147 82.435 73.785 71.355 71.832 70.141 72.688 76.92 77.783 81.032 78.418 75.844 73.766 70.194 66.13 63.474 63.298 64.819 69.455 71.913 71.594 72.591 70.211 69.296 69.741 65.133 65.452 64.52 63.573 63.768
-9999 -9999 -9999 -9999 -9999 -9999 -9999 -9999 -9999 -9999 -9999 -9999 -9999 -9999 -9999 -9999 -9999 -9999 -9999 -9999 -9999 161.171 156.546 159.003 174.477 185.446 224.206 256.461 275.273 264.792 230.567 177.173 164.17 144.856 145.343 155.371 132.905 126.459 105.593 96.891 89.969 83.866 79.555 88.663 91.0 84.801 79.746 78.663 70.146 68.858 72.37 73.1 73.58 74.113 74.644 72.124 72.356 69.277 65.567 65.189 65.199 64.98 68.782 70.347 72.014 70.224 67.275 66.633 65.409 65.282 68.033 68.338 65.0 65.109
-9999 -9999 -9999 -9999 -9999 -9999 -9999 -9999 -9999 -9999 -9999 -9999 -9999 -9999 -9999 -9999 -9999 -9999 -9999 170.3 167.77 167.003 169.512 161.602 183.547 199.718 241.783 277.137 291.22 276.036 222.671 179.284 141.048 143.445 148.519 151.287 132.262 114.928 107.271 93.602 88.861 80.878 84.834 89.728 84.486 85.585 84.241 75.81 73.607 71.505 73.0 71.649 70.629 69.914 67.495 63.681 63.677 64.142 65.359 67.944 72.042 73.17 70.62 71.227 69.498 67.724 67.636 71.243 68.017 66.018 64.168 68.436 66.309 64.068
