Validation/Results/raw data/ReClimate_01_2024_2weatherlogisticsltd.asc
NCOLS 192
NROWS 249
XLLCENTER -225160.85627316462
YLLCENTER 29788.11610251502
CELLSIZE 5000.0
NODATA_VALUE -9999
[rows 66 to 98 of 249, columns 75 to 149 of 192]
-9999 -9999 -9999 -9999 -9999 -9999 -9999 -9999 -9999 -9999 102.007 -9999 104.234 103.172 104.801 106.212 106.714 106.587 106.625 106.987 106.474 105.419 106.471 107.655 107.14 107.112 106.351 106.265 106.019 105.555 106.352 -9999 -9999 -9999 -9999 -9999 -9999 -9999 -9999 -9999 -9999 -9999 -9999 -9999 -9999 -9999 -9999 -9999 -9999 -9999 -9999 -9999 -9999 -9999 -9999 -9999 -9999 -9999 -9999 -9999 -9999 -9999 -9999 -9999 -9999 -9999 -9999 -9999 -9999 -9999 -9999 -9999 -9999 -9999 -9999
-9999 -9999 -9999 -9999 -9999 -9999 -9999 -9999 -9999 -9999 -9999 104.23 103.555 104.274 105.601 107.489 107.381 107.366 107.627 108.049 107.077 105.91 106.831 107.569 107.678 107.849 107.919 108.304 108.014 -9999 -9999 -9999 -9999 -9999 -9999 -9999 -9999 -9999 -9999 -9999 -9999 -9999 -9999 -9999 -9999 -9999 -9999 -9999 -9999 -9999 -9999 -9999 -9999 -9999 -9999 -9999 -9999 -9999 -9999 -9999 -9999 -9999 -9999 -9999 -9999 -9999 -9999 -9999 -9999 -9999 -9999 -9999 -9999 -9999 -9999
-9999 -9999 -9999 -9999 -9999 -9999 -9999 -9999 -9999 -9999 -9999 104.591 105.045 105.885 106.467 105.268 105.442 106.289 106.423 106.239 105.893 106.418 106.734 106.481 106.397 105.91 106.324 107.104 107.341 -9999 -9999 -9999 -9999 -9999 -9999 -9999 -9999 -9999 -9999 -9999 -9999 -9999 -9999 -9999 -9999 -9999 -9999 -9999 -9999 -9999 -9999 -9999 -9999 -9999 -9999 -9999 -9999 -9999 -9999 -9999 -9999 -9999 -9999 -9999 -9999 -9999 -9999 -9999 -9999 -9999 -9999 -9999 -9999 -9999 -9999
-9999 -9999 -9999 -9999 -9999 -9999 -9999 -9999 -9999 -9999 -9999 -9999 -9999 105.969 105.11 104.494 104.95 105.125 104.768 104.179 105.29 107.43 107.327 107.213 107.03 107.151 107.543 -9999 -9999 -9999 -9999 -9999 -9999 -9999 -9999 -9999 -9999 -9999 -9999 -9999 -9999 -9999 -9999 -9999 -9999 -9999 -9999 -9999 -9999 -9999 -9999 -9999 -9999 -9999 -9999 -9999 -9999 -9999 -9999 -9999 -9999 -9999 -9999 -9999 -9999 -9999 -9999 -9999 -9999 -9999 -9999 -9999 -9999 -9999 -9999
-9999 -9999 -9999 -9999 -9999 -9999 -9999 99.204 -9999 -9999 100.942 107.729 106.526 103.608 103.691 105.477 105.637 105.929 105.425 105.039 106.024 105.807 105.627 105.277 105.74 106.978 106.128 -9999 -9999 -9999 -9999 -9999 -9999 -9999 -9999 -9999 -9999 -9999 -9999 -9999 -9999 -9999 -9999 -9999 -9999 -9999 -9999 -9999 -9999 -9999 -9999 -9999 -9999 -9999 -9999 -9999 -9999 -9999 -9999 -9999 -9999 -9999 -9999 -9999 -9999 -9999 -9999 -9999 -9999 -9999 -9999 -9999 -9999 -9999 -9999
-9999 -9999 -9999 -9999 -9999 97.878 97.627 99.356 97.118 95.745 100.808 104.844 102.43 100.125 102.016 103.588 103.435 102.857 102.549 102.319 101.309 99.178 100.733 104.317 105.982 108.681 106.45 -9999 -9999 -9999 -9999 -9999 -9999 -9999 -9999 -9999 -9999 -9999 -9999 -9999 -9999 -9999 -9999 -9999 -9999 -9999 -9999 -9999 -9999 -9999 -9999 -9999 -9999 -9999 -9999 -9999 -9999 -9999 -9999 -9999 -9999 -9999 -9999 -9999 -9999 -9999 -9999 -9999 -9999 -9999 -9999 -9999 -9999 -9999 -9999
-9999 -9999 -9999 -9999 -9999 97.034 99.503 -9999 101.373 101.353 103.384 103.154 102.337 104.423 104.955 104.117 104.089 104.989 104.479 103.337 102.499 103.65 106.093 107.483 108.903 108.743 -9999 103.912 -9999 -9999 -9999 -9999 -9999 -9999 -9999 -9999 -9999 -9999 -9999 -9999 -9999 -9999 -9999 -9999 -9999 -9999 -9999 -9999 -9999 -9999 -9999 -9999 -9999 -9999 -9999 -9999 -9999 -9999 -9999 -9999 -9999 -9999 -9999 -9999 -9999 -9999 -9999 -9999 -9999 -9999 -9999 -9999 -9999 -9999 -9999
-9999 -9999 -9999 -9999 -9999 -9999 102.674 103.172 103.035 102.452 102.003 100.855 102.665 104.717 104.586 105.104 106.359 108.468 107.184 105.202 105.773 106.286 107.796 109.904 109.762 109.627 108.06 106.96 -9999 -9999 -9999 -9999 -9999 -9999 -9999 -9999 -9999 -9999 -9999 -9999 -9999 -9999 -9999 -9999 -9999 -9999 -9999 -9999 -9999 -9999 -9999 -9999 -9999 -9999 -9999 -9999 -9999 -9999 -9999 -9999 -9999 -9999 -9999 -9999 -9999 -9999 -9999 -9999 -9999 -9999 -9999 -9999 -9999 -9999 -9999
-9999 -9999 -9999 -9999 -9999 -9999 -9999 103.782 103.349 102.714 102.37 103.625 104.78 105.178 105.851 106.899 107.206 104.94 104.089 104.279 104.732 105.317 106.663 107.4 107.454 107.73 106.813 106.343 -9999 -9999 -9999 -9999 -9999 -9999 -9999 -9999 -9999 -9999 -9999 -9999 -9999 -9999 -9999 -9999 -9999 -9999 -9999 -9999 -9999 -9999 -9999 -9999 -9999 -9999 -9999 -9999 -9999 -9999 -9999 -9999 -9999 -9999 -9999 -9999 -9999 -9999 -9999 -9999 -9999 -9999 -9999 -9999 -9999 -9999 -9999
-9999 -9999 -9999 -9999 -9999 102.065 103.517 102.416 101.436 101.763 102.552 102.963 103.582 104.726 105.905 107.697 106.142 105.064 105.162 104.682 105.342 106.777 107.618 108.457 108.269 -9999 106.658 -9999 -9999 -9999 -9999 -9999 -9999 105.561 105.441 106.206 -9999 -9999 -9999 -9999 -9999 -9999 -9999 -9999 -9999 -9999 -9999 -9999 -9999 -9999 -9999 -9999 -9999 -9999 -9999 -9999 -9999 -9999 -9999 -9999 -9999 -9999 -9999 -9999 -9999 -9999 -9999 -9999 -9999 -9999 -9999 -9999 -9999 -9999 -9999
96.911 -9999 -9999 -9999 -9999 -9999 102.683 102.349 102.888 103.97 102.987 101.02 102.098 103.354 104.61 105.794 104.691 103.147 103.16 103.775 104.569 104.766 106.126 108.299 108.128 108.755 -9999 -9999 -9999 -9999 107.675 107.862 106.766 105.215 106.054 107.288 107.5 107.405 106.828 106.3 106.717 107.187 106.746 106.338 106.691 106.955 106.962 106.971 106.997 107.042 106.981 106.628 -9999 -9999 -9999 -9999 -9999 -9999 -9999 -9999 -9999 -9999 -9999 -9999 -9999 -9999 -9999 -9999 -9999 -9999 -9999 -9999 -9999 -9999 -9999
95.622 -9999 -9999 -9999 101.465 -9999 103.152 102.779 102.797 101.104 100.748 102.498 103.375 103.676 104.508 105.11 103.495 101.242 102.873 105.93 106.326 107.396 108.2 107.274 107.985 -9999 -9999 -9999 -9999 107.491 108.036 106.645 106.089 106.844 106.633 104.2 104.022 104.049 103.547 104.321 104.828 105.646 104.728 102.887 103.567 104.938 105.376 106.671 106.676 106.696 106.272 106.162 -9999 -9999 -9999 -9999 -9999 -9999 -9999 -9999 -9999 -9999 -9999 -9999 -9999 -9999 -9999 -9999 -9999 -9999 -9999 -9999 -9999 -9999 -9999
96.516 -9999 -9999 -9999 102.132 103.342 103.469 103.447 102.053 100.488 102.017 103.724 103.67 104.005 104.121 103.651 102.844 103.68 105.355 105.504 106.019 105.568 105.225 105.837 -9999 -9999 107.589 106.915 107.46 107.853 107.132 106.712 107.153 107.277 105.949 105.612 105.423 104.452 104.623 104.075 104.552 104.704 103.482 102.825 103.597 103.85 104.935 106.242 106.222 106.21 106.208 104.879 105.738 -9999 -9999 -9999 -9999 -9999 -9999 -9999 -9999 -9999 -9999 -9999 -9999 -9999 -9999 -9999 -9999 -9999 -9999 -9999 -9999 -9999 -9999
99.354 -9999 101.809 -9999 101.098 100.764 100.695 101.004 100.89 102.241 103.128 102.818 102.897 102.341 101.645 100.766 101.81 103.282 102.655 100.944 102.021 104.984 105.517 106.126 -9999 107.107 106.816 100.679 102.785 107.521 106.91 105.827 105.132 103.339 103.987 106.621 106.195 106.092 104.755 102.021 102.523 103.561 103.016 102.46 102.935 103.842 105.051 106.712 106.116 104.567 105.192 104.595 104.283 -9999 -9999 -9999 -9999 -9999 -9999 -9999 -9999 -9999 -9999 -9999 -9999 -9999 -9999 -9999 -9999 -9999 -9999 -9999 -9999 -9999 -9999
-9999 99.762 -9999 -9999 -9999 98.817 99.154 101.541 101.636 99.8 100.223 101.955 102.062 102.678 102.122 102.88 103.513 103.152 100.987 97.665 100.945 104.978 105.613 106.775 106.447 106.333 104.259 105.135 107.529 107.153 106.433 105.882 104.712 104.186 105.833 106.345 106.235 106.134 103.895 101.772 102.4 102.668 102.44 102.557 103.109 103.448 104.367 104.792 103.917 103.746 104.216 103.889 103.598 -9999 -9999 -9999 -9999 -9999 -9999 -9999 -9999 -9999 -9999 -9999 -9999 -9999 -9999 -9999 -9999 -9999 -9999 -9999 -9999 -9999 -9999
96.319 -9999 -9999 -9999 -9999 99.706 101.698 104.099 -9999 98.962 100.153 101.08 101.99 102.79 103.612 104.691 104.455 104.27 101.791 100.042 101.351 98.838 100.816 105.005 104.068 102.249 102.709 103.146 103.749 105.752 105.748 105.961 105.644 105.846 105.2 102.677 102.208 100.812 99.936 100.671 100.633 100.341 101.051 102.846 102.973 102.699 103.214 104.033 103.92 103.804 104.052 103.908 103.923 -9999 -9999 -9999 -9999 -9999 -9999 -9999 -9999 -9999 -9999 -9999 -9999 -9999 -9999 -9999 -9999 -9999 -9999 -9999 -9999 -9999 -9999
97.87 -9999 -9999 -9999 98.844 -9999 -9999 101.756 100.172 99.956 100.747 102.004 102.741 103.135 103.89 104.22 103.527 101.748 100.894 101.062 100.398 101.764 103.908 103.267 102.854 104.227 103.434 100.574 102.587 105.762 105.919 105.654 105.394 104.555 103.128 102.993 102.188 101.938 102.551 103.175 102.505 101.029 102.287 103.349 103.168 102.986 103.298 103.221 102.975 102.428 102.711 103.096 -9999 -9999 -9999 -9999 -9999 -9999 -9999 -9999 -9999 -9999 -9999 -9999 -9999 -9999 -9999 -9999 -9999 -9999 -9999 -9999 -9999 -9999 -9999
96.332 96.693 95.47 -9999 -9999 -9999 100.271 98.474 -9999 99.138 100.362 101.877 102.256 102.786 103.263 104.043 102.249 100.051 99.928 99.414 101.24 104.141 101.66 95.799 98.248 103.207 101.812 101.892 104.239 106.323 106.031 105.429 104.784 104.165 104.03 103.748 103.523 103.462 104.047 104.698 103.553 102.462 102.92 102.738 103.035 103.991 103.611 102.756 102.667 103.176 103.028 -9999 -9999 -9999 -9999 -9999 -9999 -9999 -9999 -9999 -9999 -9999 -9999 -9999 -9999 -9999 -9999 -9999 -9999 -9999 -9999 -9999 -9999 -9999 -9999
96.121 98.407 96.903 -9999 96.321 97.597 99.37 99.522 100.037 100.764 101.479 101.139 101.586 102.171 102.772 103.024 101.796 101.231 100.976 101.111 102.576 102.45 99.656 100.042 102.215 101.253 101.805 103.022 103.902 102.904 103.188 104.952 104.371 103.601 103.217 102.729 103.039 104.167 104.521 104.591 103.92 103.643 103.384 102.913 103.542 104.063 103.395 102.816 103.161 103.541 103.337 -9999 -9999 -9999 -9999 -9999 -9999 -9999 -9999 -9999 -9999 -9999 -9999 -9999 -9999 -9999 -9999 -9999 -9999 -9999 -9999 -9999 -9999 -9999 -9999
98.294 99.887 99.174 99.317 98.952 99.427 -9999 98.677 98.676 97.991 98.139 99.168 99.792 100.598 100.902 101.39 101.105 100.624 101.137 102.265 101.538 99.355 99.393 99.153 98.47 97.759 99.113 101.454 100.674 100.043 101.925 104.451 102.577 98.513 99.794 103.862 104.396 104.337 104.326 104.236 104.131 104.282 104.017 103.918 104.042 103.693 103.365 103.284 103.405 103.265 -9999 -9999 -9999 -9999 -9999 -9999 -9999 -9999 -9999 -9999 -9999 -9999 -9999 -9999 -9999 -9999 -9999 -9999 -9999 -9999 -9999 -9999 -9999 -9999 -9999
-9999 -9999 -9999 99.074 99.243 -9999 98.817 98.335 98.09 98.655 99.567 100.446 100.96 101.114 101.106 100.512 100.491 100.687 101.279 101.543 100.63 100.905 100.777 101.03 100.838 101.211 102.424 102.193 101.72 101.101 102.717 104.045 101.802 101.454 103.74 104.182 104.108 104.018 103.949 103.886 104.023 104.22 103.967 103.384 103.235 103.319 103.182 102.921 102.8 102.769 -9999 -9999 -9999 -9999 -9999 -9999 -9999 -9999 -9999 -9999 -9999 -9999 -9999 -9999 -9999 -9999 -9999 -9999 -9999 -9999 -9999 -9999 -9999 -9999 -9999
-9999 -9999 99.144 99.798 -9999 95.767 97.969 -9999 98.053 99.827 100.418 100.901 101.137 101.656 101.007 100.083 100.221 100.143 99.692 97.766 97.377 95.617 96.611 99.384 100.574 103.18 103.583 104.752 102.369 96.52 96.207 93.88 95.415 100.276 101.343 103.394 103.207 102.732 103.035 103.824 103.956 104.065 103.291 102.039 102.213 102.596 101.957 100.557 101.035 102.426 -9999 -9999 -9999 -9999 -9999 -9999 -9999 -9999 -9999 -9999 -9999 -9999 -9999 -9999 -9999 -9999 -9999 -9999 -9999 -9999 -9999 -9999 -9999 -9999 -9999
-9999 -9999 97.533 -9999 -9999 94.921 97.066 97.516 98.472 98.489 98.607 98.362 99.189 100.732 99.936 98.938 99.141 99.692 98.949 99.6 98.604 98.114 99.557 99.668 100.429 98.874 100.181 101.766 99.05 100.148 99.288 100.385 102.75 102.313 103.449 103.647 103.007 101.895 102.083 101.497 101.909 102.889 102.045 101.48 101.959 102.718 101.305 99.454 100.659 102.078 -9999 -9999 -9999 -9999 -9999 -9999 -9999 -9999 -9999 -9999 -9999 -9999 -9999 -9999 -9999 -9999 -9999 -9999 -9999 -9999 -9999 -9999 -9999 -9999 -9999
-9999 -9999 -9999 -9999 -9999 -9999 97.377 97.354 97.35 96.93 97.18 98.381 99.297 99.736 98.492 96.293 96.944 97.999 98.571 98.761 99.391 101.359 101.849 103.063 101.316 98.842 98.022 93.31 94.881 98.053 100.386 104.886 104.419 103.81 103.985 104.083 102.62 100.142 99.842 99.808 100.666 101.652 101.516 101.943 102.398 102.569 101.051 99.54 100.378 -9999 -9999 -9999 -9999 -9999 -9999 -9999 -9999 -9999 -9999 -9999 -9999 -9999 -9999 -9999 -9999 -9999 -9999 -9999 -9999 -9999 -9999 -9999 -9999 -9999 -9999
-9999 -9999 -9999 -9999 96.582 95.42 -9999 98.064 97.792 97.311 98.101 98.49 98.686 98.472 97.654 98.573 98.979 98.554 98.446 97.821 98.945 99.206 99.634 99.055 98.507 100.422 97.86 97.112 98.719 98.812 99.832 96.33 97.246 100.756 100.454 99.148 98.285 100.727 101.098 102.167 102.741 102.92 102.584 101.179 101.62 102.676 101.679 101.098 101.059 -9999 -9999 -9999 -9999 -9999 -9999 -9999 -9999 -9999 -9999 -9999 -9999 -9999 -9999 -9999 -9999 -9999 -9999 -9999 -9999 -9999 -9999 -9999 -9999 -9999 -9999
-9999 -9999 -9999 94.573 95.246 91.5 93.786 97.075 97.146 97.966 98.272 98.577 98.643 98.723 99.695 100.897 100.011 98.426 98.094 98.172 98.304 97.316 96.448 94.787 95.828 95.732 95.798 96.805 97.699 99.869 96.899 93.669 96.06 97.676 95.533 91.008 93.92 97.988 98.006 98.185 99.458 102.567 100.416 96.525 98.435 102.124 101.89 102.012 -9999 -9999 -9999 -9999 -9999 -9999 -9999 -9999 -9999 -9999 -9999 -9999 -9999 -9999 -9999 -9999 -9999 -9999 -9999 -9999 -9999 -9999 -9999 -9999 -9999 -9999 -9999
-9999 -9999 -9999 93.238 -9999 92.311 94.04 93.898 95.003 97.378 97.524 97.122 97.162 97.325 97.814 97.309 97.083 98.678 98.368 97.611 97.643 98.919 97.74 96.762 97.02 98.037 98.59 98.735 100.012 100.428 98.975 99.488 100.131 99.677 97.89 99.033 101.066 100.055 99.697 98.499 100.63 102.066 100.027 99.935 101.482 100.553 100.756 101.17 -9999 -9999 -9999 -9999 -9999 -9999 -9999 -9999 -9999 -9999 -9999 -9999 -9999 -9999 -9999 -9999 -9999 -9999 -9999 -9999 -9999 -9999 -9999 -9999 -9999 -9999 -9999
-9999 -9999 -9999 -9999 -9999 93.065 93.267 93.962 95.985 98.493 98.106 97.257 97.361 97.409 96.469 94.485 96.008 98.387 97.375 96.078 97.06 97.967 97.074 95.745 97.177 99.834 100.135 100.794 101.061 101.293 100.904 99.097 99.032 99.485 100.05 100.116 99.799 99.792 99.235 99.242 100.689 103.325 103.195 103.01 102.214 101.367 101.742 102.219 -9999 -9999 -9999 -9999 -9999 -9999 -9999 -9999 -9999 -9999 -9999 -9999 -9999 -9999 -9999 -9999 -9999 -9999 -9999 -9999 -9999 -9999 -9999 -9999 -9999 -9999 -9999
-9999 -9999 -9999 92.489 93.914 92.422 92.961 93.372 95.117 96.918 97.023 98.408 -9999 97.435 96.66 97.624 98.88 98.839 98.186 98.281 98.69 98.442 97.682 97.235 98.281 97.316 97.165 95.729 96.594 98.795 97.83 97.894 97.996 97.651 98.096 99.34 99.108 98.403 99.242 101.238 102.74 103.036 102.355 100.643 100.366 100.763 101.08 101.652 -9999 -9999 -9999 -9999 -9999 -9999 -9999 -9999 -9999 -9999 -9999 -9999 -9999 -9999 -9999 -9999 -9999 -9999 -9999 -9999 -9999 -9999 -9999 -9999 -9999 -9999 -9999
95.036 93.398 92.251 -9999 93.486 92.881 93.033 92.795 94.123 95.594 96.813 -9999 96.752 94.029 95.231 96.818 97.21 98.042 98.535 99.392 99.329 99.379 99.146 99.02 98.728 99.136 98.345 97.931 99.062 98.947 99.337 100.316 100.192 100.319 101.389 102.608 101.89 100.876 102.392 103.488 103.725 104.078 103.279 102.532 102.2 100.728 100.801 -9999 -9999 -9999 -9999 -9999 -9999 -9999 -9999 -9999 -9999 -9999 -9999 -9999 -9999 -9999 -9999 -9999 -9999 -9999 -9999 -9999 -9999 -9999 -9999 -9999 -9999 -9999 -9999
94.516 93.849 94.494 95.382 -9999 93.435 93.127 92.621 93.908 95.505 96.203 96.141 95.013 95.834 96.657 96.55 97.336 98.204 98.602 98.174 98.016 97.303 97.152 96.815 97.158 97.741 97.803 98.515 97.634 95.278 96.59 98.901 98.984 98.95 99.913 100.953 100.339 100.062 100.855 101.513 101.514 101.33 101.163 101.716 100.898 -9999 -9999 -9999 -9999 -9999 -9999 -9999 -9999 -9999 -9999 -9999 -9999 -9999 -9999 -9999 -9999 -9999 -9999 -9999 -9999 -9999 -9999 -9999 -9999 -9999 -9999 -9999 -9999 -9999 -9999
-9999 -9999 94.246 -9999 93.84 92.697 92.255 91.881 93.693 -9999 -9999 92.364 93.667 95.842 96.138 97.336 97.858 98.153 98.168 98.783 98.406 98.243 97.07 94.37 94.37 93.543 94.789 97.08 96.342 97.459 99.029 100.13 100.058 99.819 100.737 101.805 101.657 101.629 101.955 101.899 101.4 100.54 100.811 100.735 -9999 -9999 -9999 -9999 -9999 -9999 -9999 -9999 -9999 -9999 -9999 -9999 -9999 -9999 -9999 -9999 -9999 -9999 -9999 -9999 -9999 -9999 -9999 -9999 -9999 -9999 -9999 -9999 -9999 -9999 -9999
90.999 -9999 94.465 95.021 94.217 93.515 93.246 93.247 -9999 -9999 96.381 94.857 96.081 96.291 96.742 96.125 96.25 96.162 96.737 97.329 97.617 98.459 96.873 96.289 96.188 97.167 98.402 98.403 99.247 99.851 100.302 99.904 99.898 100.193 100.729 100.688 100.508 100.005 100.201 100.782 100.404 100.573 100.512 100.437 100.328 -9999 -9999 -9999 -9999 -9999 -9999 -9999 -9999 -9999 -9999 -9999 -9999 -9999 -9999 -9999 -9999 -9999 -9999 -9999 -9999 -9999 -9999 -9999 -9999 -9999 -9999 -9999 -9999 -9999 -9999
