Validation/Results/raw data/ReClimate_02_2024_1_Temperature-Actualsweatherlogisticsltd.asc
NCOLS 192
NROWS 249
XLLCENTER -225160.85627316462
YLLCENTER 29788.11610251502
CELLSIZE 5000.0
NODATA_VALUE -9999
[rows 204 to 237 of 249, columns 77 to 153 of 192]
-9999 -9999 8.373 -9999 8.179 8.012 7.852 7.596 7.64 7.437 7.467 7.516 7.399 7.37 7.079 7.57 7.402 7.54 7.76 8.032 7.982 7.985 7.365 6.806 5.552 4.926 6.514 6.338 6.538 6.311 7.009 7.766 6.79 5.339 6.973 7.292 7.187 7.204 7.795 8.236 8.057 7.746 7.867 8.238 8.372 8.485 8.412 8.15 7.415 7.03 6.967 7.262 7.455 7.609 7.491 7.151 7.254 7.435 7.603 7.672 7.681 7.612 7.459 7.479 7.559 7.54 7.655 7.698 7.571 7.573 7.512 7.58 7.786 7.764 7.696 7.596 7.602
-9999 -9999 -9999 -9999 -9999 -9999 7.665 7.948 7.857 7.788 7.802 7.774 7.739 7.612 7.942 7.798 7.766 7.839 7.796 7.99 7.744 7.611 6.756 5.909 5.041 5.378 5.331 5.719 5.07 5.42 7.118 6.911 6.644 7.635 6.944 7.208 7.751 8.024 8.286 7.878 7.562 7.206 7.736 8.288 8.384 8.455 8.414 7.747 6.958 6.878 6.958 7.354 7.386 7.537 7.411 7.5 7.543 7.738 7.886 7.93 7.845 7.714 7.639 7.64 7.743 7.785 7.706 7.585 7.395 7.402 7.6 7.607 7.779 7.73 7.82 7.931 7.891
-9999 -9999 -9999 -9999 -9999 -9999 7.923 7.905 7.916 7.962 7.582 7.398 7.31 7.719 7.965 7.906 7.959 7.574 7.479 7.788 7.956 7.869 7.143 6.9 6.735 6.493 6.197 5.965 5.361 5.813 5.521 6.21 6.899 6.57 6.285 7.816 8.06 8.226 7.755 7.673 7.107 7.432 7.873 8.399 8.369 8.143 7.315 6.871 6.975 7.184 7.121 7.274 7.398 7.468 7.625 7.533 7.821 8.0 8.158 8.156 7.941 7.738 7.624 7.683 7.845 7.856 7.716 7.35 7.398 7.44 7.487 7.702 7.819 7.956 8.029 8.203 8.081
-9999 -9999 -9999 -9999 8.316 8.166 8.039 8.013 -9999 7.998 7.844 7.66 7.943 8.083 8.197 -9999 7.996 7.684 7.826 7.486 8.075 7.182 7.227 7.055 6.85 6.834 7.171 6.693 6.319 6.176 6.105 6.364 6.779 5.808 6.857 7.891 7.836 8.159 8.022 7.45 7.541 7.862 8.329 8.491 8.276 7.526 7.408 7.06 7.192 7.157 7.37 7.453 7.495 7.633 7.794 7.856 7.991 7.991 8.251 8.215 8.081 7.925 7.887 7.847 7.837 7.718 7.438 7.347 7.319 7.571 7.626 7.74 7.88 7.924 7.956 8.262 8.237
-9999 -9999 -9999 -9999 8.32 -9999 -9999 -9999 8.249 8.153 7.986 -9999 -9999 -9999 -9999 -9999 8.12 7.976 7.616 8.37 8.031 7.812 7.683 7.43 7.628 7.719 6.039 6.005 6.982 6.974 6.872 6.719 6.238 6.353 7.595 7.698 8.092 8.091 7.368 7.728 7.857 8.436 8.55 8.536 8.044 7.588 7.57 7.28 7.46 7.587 7.58 7.666 7.798 7.859 7.952 7.984 8.046 7.998 8.069 8.237 7.977 7.966 7.926 7.895 7.673 7.565 7.438 7.289 7.405 7.738 7.891 7.958 7.925 7.895 8.005 8.262 8.375
-9999 -9999 -9999 -9999 -9999 -9999 8.274 8.219 8.128 8.279 8.045 -9999 -9999 -9999 -9999 -9999 -9999 -9999 -9999 8.673 8.457 8.38 8.506 8.115 7.816 6.35 5.827 5.882 6.207 6.652 6.737 6.782 6.934 6.948 7.34 8.084 8.174 7.209 7.595 7.755 8.631 8.636 8.549 8.404 7.676 7.62 7.469 7.501 7.67 7.817 7.849 7.883 7.904 7.963 7.886 7.94 8.033 8.118 8.073 8.131 7.979 7.875 7.683 7.571 7.729 7.491 7.409 7.469 7.617 7.858 8.122 8.058 8.035 8.127 8.384 8.57 8.441
-9999 -9999 -9999 -9999 -9999 -9999 -9999 8.204 -9999 -9999 -9999 -9999 -9999 -9999 -9999 -9999 -9999 8.171 8.404 8.369 8.257 8.662 8.765 8.511 7.757 7.012 6.181 5.981 6.499 7.33 7.067 6.707 7.008 7.342 8.155 8.513 8.13 7.792 7.999 8.476 -9999 8.593 8.446 8.078 7.33 7.313 7.534 7.662 7.844 7.886 7.96 7.911 7.924 7.908 7.994 8.004 8.111 8.147 8.145 7.983 7.814 7.623 7.36 7.378 7.469 7.836 7.699 7.686 7.923 8.049 8.227 8.309 8.19 8.339 8.687 8.88 8.836
-9999 -9999 -9999 -9999 -9999 -9999 -9999 -9999 -9999 -9999 -9999 -9999 -9999 -9999 -9999 -9999 -9999 8.252 8.346 8.555 8.43 -9999 -9999 -9999 8.327 7.26 7.422 7.153 7.587 7.494 6.915 7.164 7.93 8.231 8.424 8.674 8.461 8.534 8.596 -9999 8.591 8.28 8.276 7.687 7.27 7.587 7.712 7.873 7.875 7.828 7.928 7.967 7.943 7.949 7.791 7.772 7.86 7.869 8.008 8.038 7.746 7.306 7.393 7.471 7.738 8.019 8.111 7.959 8.148 8.369 8.457 8.579 8.603 8.36 8.722 9.044 9.008
-9999 -9999 -9999 -9999 -9999 -9999 -9999 -9999 -9999 -9999 -9999 -9999 -9999 -9999 -9999 -9999 -9999 -9999 -9999 -9999 -9999 -9999 -9999 -9999 8.862 8.319 7.761 7.896 8.098 8.006 7.823 8.137 8.426 8.543 8.65 8.72 8.757 -9999 -9999 8.719 8.512 8.32 8.173 7.669 7.475 7.671 7.775 7.95 8.056 7.849 7.899 7.946 7.691 7.533 7.457 7.273 7.159 7.469 7.679 7.826 7.763 7.51 7.47 7.815 7.85 8.081 8.337 8.266 8.305 8.408 8.584 8.726 8.822 8.984 8.98 9.187 9.152
-9999 -9999 -9999 -9999 -9999 -9999 -9999 -9999 -9999 -9999 -9999 -9999 -9999 -9999 -9999 -9999 -9999 -9999 -9999 -9999 -9999 -9999 -9999 -9999 8.58 8.393 8.321 8.331 8.135 8.103 8.336 8.564 8.748 8.786 -9999 -9999 -9999 -9999 -9999 8.681 8.462 8.373 8.18 7.696 7.497 7.65 7.696 7.971 8.108 7.889 7.585 7.624 7.334 7.222 7.257 7.278 7.197 7.253 7.644 7.684 7.946 8.06 7.902 8.182 8.218 8.279 8.437 8.481 8.573 8.658 8.664 8.709 8.877 9.103 9.288 9.277 9.049
-9999 -9999 -9999 -9999 -9999 -9999 -9999 -9999 -9999 -9999 -9999 -9999 -9999 -9999 -9999 -9999 -9999 -9999 -9999 -9999 -9999 -9999 -9999 -9999 -9999 -9999 8.463 8.064 8.018 8.208 8.252 8.564 8.779 -9999 -9999 -9999 -9999 8.478 8.29 8.297 8.632 8.536 8.222 7.541 7.479 7.5 7.631 7.91 7.989 7.637 7.269 7.156 7.268 7.179 7.339 7.355 7.556 7.587 7.679 7.91 7.971 8.273 8.436 8.382 8.382 8.351 8.359 8.317 8.514 8.732 8.775 8.794 8.791 8.936 9.05 9.114 8.948
-9999 -9999 -9999 -9999 -9999 -9999 -9999 -9999 -9999 -9999 -9999 -9999 -9999 -9999 -9999 -9999 -9999 -9999 -9999 -9999 -9999 -9999 -9999 -9999 -9999 -9999 -9999 8.45 8.324 8.29 8.325 8.614 -9999 -9999 -9999 -9999 8.563 8.472 8.252 8.218 8.299 8.408 8.264 7.924 7.933 7.543 7.659 7.802 7.555 7.42 7.341 7.112 7.262 7.385 7.554 7.684 7.805 7.945 7.906 7.89 8.036 8.255 8.32 8.283 8.178 8.248 8.296 8.252 8.333 8.612 8.715 8.769 8.858 8.851 8.852 8.764 8.673
-9999 -9999 -9999 -9999 -9999 -9999 -9999 -9999 -9999 -9999 -9999 -9999 -9999 -9999 -9999 -9999 -9999 -9999 -9999 -9999 -9999 -9999 -9999 -9999 -9999 -9999 -9999 -9999 -9999 -9999 -9999 -9999 -9999 -9999 -9999 8.461 8.611 8.578 8.274 8.07 8.369 8.321 8.042 8.129 7.876 7.71 7.992 7.88 7.654 7.489 7.455 7.446 7.305 7.384 7.513 7.394 7.627 7.77 7.85 7.848 7.865 8.092 8.197 8.128 8.024 7.994 8.153 8.274 8.363 8.486 8.588 8.543 8.608 8.559 8.532 8.344 8.1
-9999 -9999 -9999 -9999 -9999 -9999 -9999 -9999 -9999 -9999 -9999 -9999 -9999 -9999 -9999 -9999 -9999 -9999 -9999 -9999 -9999 -9999 -9999 -9999 -9999 -9999 -9999 -9999 -9999 -9999 -9999 -9999 -9999 -9999 8.694 8.588 8.326 8.082 7.128 7.768 8.271 8.098 7.997 7.921 7.746 7.98 8.069 8.093 7.931 7.717 7.748 7.462 7.274 7.059 7.236 7.383 7.081 7.404 7.619 7.798 7.924 8.043 8.14 8.107 8.043 8.047 8.023 8.138 8.332 8.428 8.411 8.32 8.025 8.075 8.004 7.852 7.52
-9999 -9999 -9999 -9999 -9999 -9999 -9999 -9999 -9999 -9999 -9999 -9999 -9999 -9999 -9999 -9999 -9999 -9999 -9999 -9999 -9999 -9999 -9999 -9999 -9999 -9999 -9999 -9999 -9999 -9999 -9999 -9999 -9999 -9999 8.746 8.567 8.562 7.952 7.547 7.356 7.599 7.829 7.909 7.693 7.938 7.961 8.001 7.739 7.524 7.465 7.598 7.599 7.414 7.387 7.23 7.343 7.452 7.42 7.601 7.716 7.882 8.06 8.122 8.121 8.01 7.973 8.035 8.066 8.177 8.188 7.914 7.876 7.772 7.691 7.875 7.792 7.523
-9999 -9999 -9999 -9999 -9999 -9999 -9999 -9999 -9999 -9999 -9999 -9999 -9999 -9999 -9999 -9999 -9999 -9999 -9999 -9999 -9999 7.055 6.794 6.226 6.553 -9999 7.278 -9999 -9999 -9999 -9999 -9999 -9999 -9999 -9999 8.769 8.665 8.436 8.162 7.874 7.552 7.512 7.592 7.874 7.9 7.878 7.588 7.432 7.637 7.606 7.689 7.627 7.567 7.715 7.824 7.839 7.738 7.804 7.7 7.584 7.462 7.666 7.918 7.929 7.882 7.898 7.859 7.916 8.079 8.008 7.724 7.678 7.913 7.839 7.916 7.986 7.951
-9999 -9999 -9999 -9999 -9999 -9999 -9999 -9999 -9999 -9999 -9999 -9999 -9999 -9999 -9999 -9999 -9999 -9999 7.857 7.648 7.404 6.968 6.227 5.912 6.205 6.408 7.082 8.043 8.642 -9999 -9999 8.169 8.633 8.826 8.923 8.822 8.725 8.768 8.602 8.318 7.93 7.563 7.667 7.864 7.813 7.376 7.666 7.924 7.728 7.821 7.907 7.94 7.824 7.85 7.959 7.996 8.116 8.029 7.851 7.643 7.588 7.434 7.506 7.779 7.894 7.971 8.096 7.899 8.016 7.554 7.458 7.607 7.842 7.98 8.001 8.117 7.997
-9999 -9999 -9999 -9999 -9999 -9999 -9999 -9999 -9999 -9999 -9999 -9999 -9999 -9999 -9999 -9999 -9999 7.787 7.89 8.021 7.936 7.312 6.275 5.864 6.1 6.394 6.85 7.314 7.994 8.266 8.116 8.068 8.1 8.687 8.791 8.829 8.661 8.496 8.641 8.389 7.817 7.744 7.807 7.709 7.184 7.629 7.63 7.842 7.995 8.02 8.076 8.037 7.868 7.94 7.931 8.043 8.035 8.064 7.933 7.763 7.503 7.307 7.539 7.786 7.939 7.638 7.785 8.044 7.986 8.038 7.623 7.763 7.852 7.927 7.955 7.899 8.009
-9999 -9999 -9999 -9999 -9999 -9999 -9999 -9999 -9999 -9999 -9999 -9999 -9999 -9999 -9999 -9999 -9999 7.818 8.402 8.705 8.409 7.473 6.912 6.531 6.226 6.558 6.952 7.507 7.315 7.223 7.675 7.95 8.146 8.079 8.604 8.817 8.632 8.63 8.375 8.127 8.144 8.064 7.911 7.553 7.607 7.654 7.609 7.976 8.093 8.13 8.078 8.007 7.828 7.777 8.081 8.136 8.109 8.162 8.165 8.051 7.816 7.428 7.344 7.795 7.937 7.792 7.581 7.886 8.148 8.218 8.212 8.108 7.812 7.775 7.877 7.826 7.58
-9999 -9999 -9999 -9999 -9999 -9999 -9999 -9999 -9999 -9999 -9999 -9999 -9999 -9999 -9999 -9999 -9999 8.341 8.85 8.586 8.421 7.887 7.846 7.425 7.397 7.333 7.472 7.563 7.12 7.328 8.062 8.327 8.431 8.662 8.866 8.88 8.75 8.452 8.191 8.272 8.214 8.038 7.826 7.885 7.874 7.884 7.9 8.002 7.902 7.891 8.05 8.221 8.145 8.123 8.198 8.132 8.163 8.321 8.091 7.968 7.982 7.584 7.215 7.68 8.044 7.963 7.911 8.042 8.235 8.375 8.297 8.114 7.948 7.929 8.102 8.144 7.966
-9999 -9999 -9999 -9999 -9999 -9999 -9999 -9999 -9999 -9999 -9999 -9999 -9999 8.014 7.574 -9999 8.21 8.764 8.401 8.174 8.235 8.373 8.185 8.036 7.63 7.388 7.505 7.715 7.719 7.961 8.308 8.655 8.782 8.751 8.692 8.696 8.734 8.507 8.386 8.29 8.15 7.798 8.038 8.049 7.976 7.745 7.631 7.75 7.604 7.665 7.914 8.234 8.267 8.263 8.278 8.406 8.306 8.374 8.27 7.846 8.002 7.895 7.782 7.85 8.234 8.226 8.081 8.088 8.25 8.405 8.471 8.379 8.268 8.182 8.221 8.259 8.307
-9999 -9999 -9999 -9999 -9999 -9999 -9999 -9999 -9999 -9999 -9999 -9999 -9999 7.863 7.604 7.979 8.271 8.347 8.129 8.246 7.914 7.858 7.959 7.507 7.477 7.45 7.531 7.827 7.776 7.918 8.231 7.965 7.783 8.066 8.366 8.659 8.708 8.471 8.265 8.094 7.976 7.863 8.103 7.997 8.109 7.996 7.738 7.627 7.755 7.801 8.031 8.141 8.204 8.249 8.513 8.535 8.547 8.598 8.472 8.142 8.057 7.981 7.787 7.824 7.619 7.903 8.127 8.175 8.354 8.447 8.423 8.422 8.438 8.409 8.279 8.288 8.313
-9999 -9999 -9999 -9999 -9999 -9999 -9999 -9999 -9999 -9999 -9999 -9999 8.233 7.83 7.839 7.92 7.996 8.101 8.138 8.029 7.878 8.002 7.979 7.683 7.637 7.538 7.773 7.998 8.276 8.386 8.009 7.397 7.547 7.668 7.887 8.46 8.469 8.36 8.316 8.166 8.07 7.999 8.068 8.173 8.315 8.189 7.823 8.026 8.033 8.099 8.127 8.181 8.157 8.125 8.489 8.854 8.948 8.726 8.708 8.441 8.346 8.31 8.163 8.043 7.759 7.559 7.724 7.496 8.017 7.849 7.826 8.222 8.416 7.943 7.694 7.747 8.206
-9999 -9999 -9999 -9999 -9999 -9999 -9999 -9999 -9999 -9999 -9999 -9999 -9999 8.239 8.003 7.983 8.129 8.19 8.254 8.237 8.193 8.133 8.07 7.928 7.825 8.05 8.198 8.415 8.337 8.423 7.779 7.454 7.527 7.33 7.757 8.143 8.067 8.13 8.215 8.173 8.019 8.056 8.075 8.112 8.105 7.942 8.277 8.138 8.172 8.2 8.216 8.187 8.146 8.244 8.425 8.783 8.956 -9999 8.633 8.562 8.318 8.387 8.446 8.408 8.269 8.081 8.091 7.952 7.909 8.047 7.699 7.804 8.137 8.105 7.606 7.46 7.906
-9999 -9999 -9999 -9999 -9999 -9999 -9999 -9999 -9999 -9999 -9999 -9999 8.391 8.486 8.207 8.115 8.069 8.025 8.205 8.312 8.215 8.078 7.897 7.988 8.226 8.366 8.373 8.375 8.44 8.224 8.023 8.049 7.864 7.56 8.098 8.237 7.665 7.904 7.921 7.492 7.702 7.569 7.526 7.735 7.824 8.063 8.284 8.413 8.332 8.33 8.247 8.213 8.164 8.233 8.411 8.575 8.789 8.871 -9999 8.675 -9999 8.65 -9999 8.54 -9999 8.405 8.381 8.356 8.292 8.3 8.192 8.288 -9999 -9999 -9999 8.092 7.832
-9999 -9999 -9999 -9999 -9999 -9999 -9999 -9999 -9999 -9999 -9999 -9999 8.535 8.368 8.184 8.145 7.878 7.837 7.773 7.991 7.801 7.71 7.799 8.11 8.377 8.46 8.54 8.564 8.489 8.372 8.169 8.053 7.76 8.049 8.434 7.67 7.76 8.296 7.95 7.857 7.734 7.484 7.678 8.021 8.111 8.376 8.492 8.371 8.489 8.464 8.327 8.283 8.223 8.22 8.417 8.533 8.724 8.837 -9999 -9999 8.889 8.9 -9999 -9999 8.541 8.52 8.5 -9999 -9999 -9999 -9999 -9999 -9999 -9999 -9999 -9999 -9999
-9999 -9999 -9999 -9999 -9999 -9999 -9999 -9999 -9999 -9999 -9999 8.203 8.252 8.213 8.174 8.223 8.114 7.868 7.861 7.622 7.075 7.083 7.513 7.839 8.015 8.165 8.496 8.59 8.399 8.35 8.119 7.676 7.683 8.093 7.974 7.878 8.605 8.532 8.21 7.869 7.598 7.936 8.26 8.24 8.426 8.505 8.572 8.681 8.771 8.537 8.512 8.49 8.533 8.406 8.484 -9999 -9999 -9999 8.78 -9999 -9999 -9999 -9999 -9999 -9999 8.461 -9999 -9999 -9999 -9999 -9999 -9999 -9999 -9999 -9999 -9999 -9999
-9999 -9999 -9999 -9999 -9999 -9999 -9999 -9999 -9999 -9999 8.325 7.688 7.703 8.007 8.488 8.527 8.414 8.21 7.905 7.002 6.106 6.363 7.415 7.559 7.443 8.133 8.137 8.579 8.581 8.271 8.376 8.443 8.574 -9999 -9999 -9999 -9999 -9999 8.64 8.173 7.869 8.053 8.289 8.457 8.514 8.642 8.687 8.798 -9999 8.56 -9999 -9999 -9999 -9999 -9999 8.46 8.466 8.463 8.392 8.431 8.744 -9999 -9999 -9999 -9999 -9999 -9999 -9999 -9999 -9999 -9999 -9999 -9999 -9999 -9999 -9999 -9999
-9999 -9999 -9999 -9999 -9999 -9999 -9999 -9999 -9999 8.941 7.817 7.253 7.464 8.01 8.277 8.499 8.617 8.089 7.485 6.358 5.723 6.109 6.746 7.112 7.837 7.579 8.262 8.645 8.679 8.841 -9999 -9999 -9999 -9999 -9999 -9999 -9999 -9999 -9999 -9999 8.604 8.584 8.693 8.431 8.255 8.235 8.485 8.177 8.455 -9999 -9999 -9999 -9999 -9999 -9999 -9999 8.509 8.264 8.404 8.379 -9999 -9999 -9999 -9999 -9999 -9999 -9999 -9999 -9999 -9999 -9999 -9999 -9999 -9999 -9999 -9999 -9999
-9999 -9999 -9999 -9999 -9999 -9999 -9999 9.077 9.18 8.617 7.855 7.345 7.221 7.434 8.038 8.598 8.319 7.87 7.303 6.505 5.893 6.406 6.891 7.482 7.607 8.535 8.137 8.336 -9999 -9999 -9999 -9999 -9999 -9999 -9999 -9999 -9999 -9999 -9999 -9999 -9999 9.077 -9999 -9999 -9999 -9999 -9999 8.518 8.219 -9999 -9999 -9999 -9999 -9999 -9999 -9999 -9999 -9999 8.203 8.162 -9999 -9999 -9999 -9999 -9999 -9999 -9999 -9999 -9999 -9999 -9999 -9999 -9999 -9999 -9999 -9999 -9999
-9999 -9999 -9999 -9999 -9999 -9999 9.07 -9999 8.879 8.713 8.075 7.467 7.246 7.385 7.957 8.132 7.942 8.284 8.027 6.991 6.538 6.787 7.523 7.839 8.278 8.619 8.752 9.093 -9999 -9999 -9999 -9999 -9999 -9999 -9999 -9999 -9999 -9999 -9999 -9999 -9999 -9999 9.001 -9999 -9999 -9999 -9999 -9999 -9999 -9999 -9999 -9999 -9999 -9999 -9999 -9999 -9999 -9999 -9999 -9999 -9999 -9999 -9999 -9999 -9999 -9999 -9999 -9999 -9999 -9999 -9999 -9999 -9999 -9999 -9999 -9999 -9999
-9999 -9999 -9999 -9999 -9999 9.195 9.069 8.442 8.748 8.783 8.284 8.014 7.765 7.784 8.054 7.933 8.134 -9999 8.242 7.429 6.81 6.382 7.009 8.074 8.373 8.828 9.042 -9999 -9999 -9999 -9999 -9999 -9999 -9999 -9999 -9999 -9999 -9999 -9999 -9999 -9999 -9999 -9999 -9999 -9999 -9999 -9999 -9999 -9999 -9999 -9999 -9999 -9999 -9999 -9999 -9999 -9999 -9999 -9999 -9999 -9999 -9999 -9999 -9999 -9999 -9999 -9999 -9999 -9999 -9999 -9999 -9999 -9999 -9999 -9999 -9999 -9999
-9999 -9999 -9999 -9999 -9999 9.193 8.701 8.434 8.367 8.401 8.295 8.207 7.971 8.192 8.356 8.372 8.87 8.783 8.543 7.921 6.856 6.566 7.466 7.915 8.444 8.687 8.71 -9999 -9999 -9999 -9999 -9999 -9999 -9999 -9999 -9999 -9999 -9999 -9999 -9999 -9999 -9999 -9999 -9999 -9999 -9999 -9999 -9999 -9999 -9999 -9999 -9999 -9999 -9999 -9999 -9999 -9999 -9999 -9999 -9999 -9999 -9999 -9999 -9999 -9999 -9999 -9999 -9999 -9999 -9999 -9999 -9999 -9999 -9999 -9999 -9999 -9999
-9999 -9999 -9999 -9999 9.263 9.039 8.609 8.117 7.948 8.146 8.265 8.333 8.339 8.45 8.215 8.677 8.968 8.902 8.567 8.273 7.732 7.595 7.927 8.331 8.475 8.478 -9999 -9999 -9999 -9999 -9999 -9999 -9999 -9999 -9999 -9999 -9999 -9999 -9999 -9999 -9999 -9999 -9999 -9999 -9999 -9999 -9999 -9999 -9999 -9999 -9999 -9999 -9999 -9999 -9999 -9999 -9999 -9999 -9999 -9999 -9999 -9999 -9999 -9999 -9999 -9999 -9999 -9999 -9999 -9999 -9999 -9999 -9999 -9999 -9999 -9999 -9999
