Validation/Results/raw data/ReClimate_06_2024_1weatherlogisticsltd.asc
NCOLS 192
NROWS 249
XLLCENTER -225160.85627316462
YLLCENTER 29788.11610251502
CELLSIZE 5000.0
NODATA_VALUE -9999
[rows 165 to 197 of 249, columns 74 to 147 of 192]
-9999 -9999 -9999 -9999 -9999 -9999 -9999 -9999 -9999 -9999 -9999 -9999 -9999 -9999 -9999 -9999 -9999 -9999 -9999 -9999 -9999 -9999 -9999 -9999 -9999 -9999 -9999 -9999 -9999 -9999 -9999 -9999 -9999 -9999 -9999 -9999 -9999 -9999 120.741 120.464 120.247 120.035 119.839 119.652 119.469 119.31 119.217 119.2 119.218 119.235 119.25 119.264 119.277 119.291 119.305 119.321 119.338 119.356 119.373 119.391 119.408 119.425 119.443 119.461 119.479 119.496 119.513 119.528 119.544 119.561 119.577 119.595 119.613 119.632
-9999 -9999 -9999 -9999 -9999 -9999 -9999 -9999 -9999 -9999 -9999 -9999 -9999 -9999 -9999 -9999 -9999 -9999 -9999 -9999 -9999 -9999 -9999 -9999 -9999 -9999 -9999 -9999 -9999 -9999 -9999 -9999 -9999 -9999 -9999 -9999 -9999 -9999 120.773 120.498 120.276 120.07 119.876 119.686 119.504 119.336 119.214 119.167 119.186 119.204 119.219 119.234 119.248 119.262 119.276 119.291 119.306 119.321 119.337 119.352 119.367 119.382 119.397 119.412 119.426 119.441 119.455 119.469 119.482 119.496 119.51 119.524 119.539 119.554
-9999 -9999 -9999 -9999 -9999 -9999 -9999 -9999 -9999 -9999 -9999 -9999 -9999 -9999 -9999 -9999 -9999 -9999 -9999 -9999 -9999 -9999 -9999 -9999 -9999 -9999 -9999 -9999 -9999 -9999 -9999 -9999 -9999 -9999 -9999 -9999 -9999 121.266 120.92 120.625 120.347 120.098 119.904 119.714 119.534 119.365 119.219 119.143 119.154 119.172 119.189 119.204 119.218 119.232 119.246 119.26 119.274 119.288 119.301 119.315 119.328 119.34 119.352 119.364 119.375 119.387 119.398 119.41 119.42 119.431 119.442 119.453 119.512 119.605
-9999 -9999 -9999 -9999 -9999 -9999 -9999 -9999 -9999 -9999 -9999 -9999 -9999 -9999 -9999 -9999 -9999 -9999 -9999 -9999 -9999 -9999 -9999 -9999 -9999 -9999 -9999 -9999 -9999 -9999 -9999 -9999 -9999 -9999 -9999 -9999 -9999 121.443 121.098 120.781 120.48 120.216 119.963 119.735 119.558 119.392 119.234 119.146 119.13 119.141 119.158 119.173 119.188 119.202 119.215 119.229 119.242 119.255 119.268 119.279 119.29 119.299 119.309 119.317 119.326 119.334 119.342 119.35 119.358 119.424 119.532 119.646 119.759 119.901
-9999 -9999 -9999 -9999 -9999 -9999 -9999 -9999 -9999 -9999 -9999 -9999 -9999 -9999 -9999 -9999 -9999 -9999 -9999 -9999 -9999 -9999 -9999 -9999 -9999 -9999 -9999 -9999 -9999 -9999 -9999 -9999 -9999 -9999 -9999 -9999 -9999 -9999 121.263 120.945 120.644 120.357 120.077 119.823 119.593 119.413 119.258 119.153 119.119 119.117 119.126 119.141 119.156 119.17 119.183 119.197 119.211 119.224 119.235 119.245 119.252 119.259 119.265 119.271 119.276 119.281 119.293 119.38 119.507 119.632 119.791 119.957 120.124 120.293
-9999 -9999 -9999 -9999 -9999 -9999 -9999 -9999 -9999 -9999 -9999 -9999 -9999 -9999 -9999 -9999 -9999 -9999 132.981 132.039 -9999 -9999 -9999 -9999 -9999 -9999 -9999 -9999 -9999 -9999 -9999 -9999 -9999 -9999 -9999 -9999 -9999 121.756 121.416 121.098 120.796 120.507 120.219 119.938 119.688 119.463 119.276 119.164 119.116 119.107 119.104 119.108 119.122 119.137 119.152 119.166 119.18 119.193 119.203 119.21 119.215 119.218 119.222 119.225 119.227 119.309 119.439 119.576 119.759 119.942 120.122 120.303 120.489 120.681
-9999 -9999 -9999 -9999 -9999 -9999 -9999 -9999 -9999 -9999 -9999 -9999 -9999 -9999 -9999 -9999 -9999 -9999 132.823 131.988 131.226 -9999 -9999 -9999 -9999 -9999 -9999 -9999 -9999 -9999 -9999 -9999 -9999 -9999 -9999 -9999 122.254 121.903 121.56 121.24 120.938 120.645 120.355 120.074 119.805 119.556 119.335 119.173 119.118 119.105 119.094 119.09 119.091 119.105 119.119 119.134 119.148 119.161 119.17 119.174 119.176 119.177 119.178 119.227 119.342 119.478 119.664 119.856 120.052 120.253 120.449 120.647 120.852 121.067
-9999 -9999 -9999 -9999 -9999 -9999 -9999 -9999 -9999 -9999 -9999 -9999 -9999 -9999 -9999 -9999 -9999 133.464 132.732 131.953 131.233 130.569 -9999 -9999 -9999 -9999 -9999 -9999 -9999 -9999 -9999 -9999 -9999 123.656 -9999 -9999 122.405 122.038 121.696 121.374 121.07 -9999 120.483 120.2 119.93 119.67 119.423 119.23 119.121 119.108 119.096 119.084 119.074 119.075 119.086 119.099 119.112 119.124 119.132 119.135 119.135 119.134 119.222 119.361 119.532 119.728 119.927 120.13 120.339 120.558 120.774 120.989 121.215 121.455
-9999 -9999 -9999 -9999 -9999 -9999 -9999 -9999 -9999 -9999 -9999 -9999 -9999 -9999 -9999 -9999 -9999 133.352 132.675 131.935 131.246 130.601 129.993 129.415 -9999 -9999 -9999 127.168 126.575 -9999 125.37 124.781 124.246 123.766 123.322 -9999 -9999 122.151 121.812 -9999 -9999 120.892 120.598 120.315 120.045 119.785 119.533 119.308 119.175 119.111 119.099 119.088 119.077 119.067 119.06 119.064 119.073 119.082 119.088 119.091 119.112 119.218 119.365 119.565 119.769 119.975 120.186 120.401 120.623 120.856 121.096 121.333 121.581 121.85
-9999 -9999 -9999 -9999 -9999 -9999 -9999 -9999 -9999 -9999 -9999 -9999 -9999 -9999 -9999 -9999 -9999 -9999 132.626 131.92 131.261 130.641 130.055 -9999 -9999 128.453 127.909 127.391 126.783 126.156 125.559 124.981 124.447 123.937 123.432 123.0 -9999 122.252 121.914 121.6 121.317 121.042 120.76 120.483 120.21 119.94 119.671 119.421 119.246 119.16 119.101 119.09 119.079 119.068 119.058 119.048 119.042 119.04 119.043 119.08 119.2 119.366 119.577 119.79 120.004 120.222 120.445 120.673 120.909 121.155 121.417 121.68 121.955 122.258
-9999 -9999 -9999 -9999 -9999 -9999 -9999 -9999 -9999 -9999 -9999 -9999 -9999 -9999 -9999 -9999 -9999 -9999 132.6 131.909 131.277 130.681 130.115 129.574 129.054 128.551 128.063 127.55 126.988 126.372 125.772 125.208 124.668 124.119 123.601 123.154 122.801 122.493 122.199 121.923 121.658 121.387 121.106 120.827 120.551 120.275 119.996 119.737 119.539 119.381 119.249 119.144 119.082 119.068 119.057 119.046 119.035 119.023 119.052 119.169 119.348 119.569 119.791 120.014 120.241 120.472 120.708 120.951 121.202 121.463 121.738 122.034 122.347 122.69
-9999 -9999 -9999 -9999 -9999 -9999 -9999 -9999 -9999 -9999 -9999 -9999 -9999 -9999 -9999 -9999 -9999 -9999 -9999 131.924 131.3 130.725 130.177 129.652 129.147 128.656 128.179 127.701 127.177 126.585 125.989 125.427 124.903 124.428 123.97 123.567 123.2 122.872 122.589 122.315 122.048 121.776 121.493 121.213 120.937 120.661 120.383 120.121 119.91 119.727 119.545 119.374 119.261 119.173 119.083 119.044 119.032 119.052 119.165 119.343 119.562 119.785 120.011 120.242 120.48 120.726 120.979 121.24 121.511 121.795 122.097 122.427 122.78 123.161
-9999 -9999 -9999 -9999 -9999 -9999 -9999 -9999 -9999 -9999 -9999 -9999 -9999 -9999 -9999 -9999 -9999 -9999 -9999 -9999 -9999 130.776 130.244 129.734 129.24 128.762 128.294 127.836 127.344 126.803 126.248 125.781 125.346 124.889 124.45 124.033 123.639 123.282 122.959 122.682 122.414 122.14 121.857 121.577 121.301 121.027 120.75 120.493 120.287 120.102 119.907 119.722 119.555 119.44 119.317 119.185 119.093 119.159 119.334 119.559 119.785 120.015 120.248 120.489 120.737 120.996 121.264 121.545 121.839 122.152 122.49 122.864 123.25 123.652
-9999 -9999 -9999 -9999 -9999 -9999 -9999 -9999 -9999 -9999 -9999 -9999 -9999 -9999 -9999 -9999 -9999 -9999 -9999 -9999 131.381 130.837 130.319 129.82 129.338 128.869 128.41 127.96 127.532 127.13 126.693 126.258 125.81 125.341 124.898 124.477 124.073 123.689 123.342 123.029 122.758 122.484 122.201 121.922 121.647 121.374 121.101 120.851 120.651 120.464 120.268 120.063 119.861 119.724 119.57 119.388 119.306 119.296 119.386 119.558 119.776 120.004 120.247 120.506 120.783 121.082 121.405 121.756 122.14 122.518 122.898 123.318 123.743 124.168
-9999 -9999 -9999 -9999 -9999 -9999 -9999 -9999 -9999 -9999 -9999 -9999 -9999 -9999 -9999 -9999 -9999 -9999 -9999 131.987 131.444 130.911 130.403 129.915 129.442 128.982 128.546 128.175 127.882 127.539 127.143 126.706 126.243 125.769 125.322 124.896 124.488 124.095 123.722 123.385 123.085 122.811 122.53 122.25 121.978 121.708 121.437 121.196 121.005 120.816 120.62 120.394 120.074 119.825 119.631 119.499 119.444 119.475 119.511 119.552 119.682 119.888 120.133 120.398 120.687 121.002 121.346 121.725 122.145 122.613 123.117 123.685 124.234 124.711
-9999 -9999 -9999 -9999 -9999 -9999 -9999 -9999 -9999 -9999 -9999 -9999 -9999 -9999 -9999 -9999 -9999 -9999 132.556 132.08 131.523 130.999 130.499 130.02 129.554 129.128 128.81 128.519 128.228 127.915 127.547 127.134 126.661 126.182 125.729 125.298 124.884 124.487 124.103 123.741 123.414 123.123 122.844 122.566 122.296 122.03 121.764 121.535 121.343 121.106 120.818 120.495 120.172 119.855 119.642 119.562 119.571 119.605 119.64 119.678 119.719 119.804 120.011 120.282 120.577 120.899 121.252 121.641 122.073 122.554 123.1 123.725 124.411 125.18
-9999 -9999 -9999 -9999 -9999 -9999 -9999 -9999 -9999 -9999 -9999 -9999 -9999 -9999 -9999 -9999 133.54 133.044 132.618 132.147 131.618 131.101 130.608 130.14 129.724 129.425 129.133 128.845 128.558 128.259 127.927 127.525 127.069 126.585 126.126 125.688 125.269 124.866 124.476 124.099 123.749 123.428 123.146 122.87 122.605 122.344 122.081 121.822 121.52 121.194 120.87 120.544 120.214 119.881 119.695 119.662 119.692 119.724 119.758 119.795 119.837 119.886 119.951 120.168 120.466 120.797 121.161 121.561 122.006 122.502 123.063 123.704 124.413 125.329
-9999 -9999 -9999 -9999 -9999 -9999 -9999 -9999 -9999 -9999 -9999 -9999 -9999 -9999 -9999 134.261 133.507 133.068 132.663 -9999 -9999 -9999 -9999 130.397 130.028 129.734 129.445 129.16 128.876 128.589 128.27 127.895 127.453 126.984 126.518 126.074 125.648 125.238 124.841 124.456 124.084 123.748 123.439 123.165 122.907 122.626 122.265 121.911 121.581 121.252 120.923 120.592 120.256 119.97 119.788 119.777 119.805 119.834 119.866 119.901 119.942 119.992 120.056 120.133 120.364 120.694 121.069 121.483 121.943 122.456 123.034 123.694 124.428 125.447
-9999 -9999 -9999 -9999 -9999 -9999 -9999 -9999 -9999 -9999 -9999 -9999 -9999 -9999 -9999 133.883 133.544 133.115 -9999 -9999 -9999 -9999 -9999 130.706 130.327 130.036 129.75 129.467 129.186 128.904 128.599 128.246 127.818 127.365 126.912 126.461 126.028 125.61 125.205 124.811 124.429 124.065 123.735 123.443 123.132 122.714 122.321 121.98 121.646 121.313 120.978 120.64 120.296 120.063 119.926 119.888 119.909 119.936 119.966 119.999 120.038 120.087 120.157 120.244 120.344 120.602 120.977 121.406 121.882 122.413 123.012 123.694 124.513 125.605
-9999 -9999 -9999 -9999 -9999 -9999 -9999 -9999 -9999 -9999 -9999 -9999 -9999 -9999 -9999 -9999 -9999 133.083 -9999 -9999 -9999 -9999 -9999 130.999 130.623 130.334 130.05 129.766 129.469 129.168 128.864 128.517 128.098 127.658 127.224 126.793 126.361 125.945 125.542 125.149 124.765 124.389 124.017 123.609 123.188 122.772 122.397 122.058 121.718 121.378 121.035 120.686 120.385 120.177 120.074 120.003 120.005 120.03 120.058 120.092 120.132 120.184 120.256 120.349 120.457 120.563 120.778 121.088 121.463 121.904 122.424 123.038 123.866 125.013
-9999 -9999 -9999 -9999 -9999 -9999 -9999 -9999 -9999 -9999 -9999 -9999 -9999 -9999 -9999 -9999 -9999 -9999 -9999 -9999 -9999 -9999 -9999 131.225 130.908 130.584 130.265 129.951 129.644 129.345 129.051 128.721 128.33 127.904 127.491 127.082 126.678 126.267 125.869 125.48 125.1 124.698 124.194 123.704 123.261 122.854 122.493 122.145 121.797 121.447 121.095 120.736 120.475 120.316 120.211 120.117 120.094 120.116 120.144 120.178 120.222 120.278 120.303 120.262 120.21 120.18 120.166 120.344 120.657 121.036 121.493 122.043 122.857 124.001
-9999 -9999 -9999 -9999 -9999 -9999 -9999 -9999 -9999 -9999 -9999 -9999 -9999 -9999 -9999 -9999 -9999 -9999 -9999 -9999 -9999 -9999 -9999 -9999 131.058 130.717 130.395 130.088 129.792 129.502 129.219 128.915 128.553 128.143 127.743 127.355 126.969 126.588 126.201 125.82 125.418 124.881 124.333 123.826 123.352 122.951 122.596 122.241 121.883 121.522 121.158 120.8 120.574 120.449 120.338 120.227 120.178 120.195 120.222 120.257 120.195 120.073 119.961 119.84 119.707 119.595 119.507 119.488 119.72 120.071 120.496 121.004 121.802 122.951
-9999 -9999 -9999 -9999 -9999 -9999 -9999 -9999 -9999 -9999 -9999 -9999 -9999 -9999 -9999 -9999 -9999 -9999 -9999 -9999 -9999 -9999 -9999 131.492 131.16 130.832 130.523 130.226 129.94 129.66 129.385 129.1 128.764 128.383 127.992 127.615 127.249 126.886 126.529 126.14 125.596 125.022 124.481 123.957 123.475 123.074 122.709 122.343 121.975 121.603 121.225 120.904 120.693 120.573 120.454 120.337 120.262 120.265 120.177 120.01 119.845 119.634 119.433 119.255 119.098 118.962 118.847 118.756 118.808 119.098 119.492 119.96 120.75 121.9
-9999 -9999 -9999 -9999 -9999 -9999 -9999 -9999 -9999 -9999 -9999 -9999 -9999 -9999 -9999 -9999 -9999 -9999 -9999 -9999 -9999 -9999 -9999 131.593 131.265 130.95 130.652 130.366 130.088 129.816 129.549 129.278 128.971 128.611 128.243 127.875 127.52 127.176 126.812 126.302 125.727 125.169 124.628 124.103 123.624 123.208 122.83 122.453 122.074 121.69 121.299 120.997 120.818 120.688 120.56 120.435 120.273 120.061 119.845 119.579 119.316 119.074 118.853 118.653 118.473 118.313 118.173 118.053 117.957 118.114 118.476 118.915 119.699 120.861
-9999 -9999 -9999 -9999 -9999 -9999 -9999 -9999 -9999 -9999 -9999 -9999 -9999 -9999 -9999 -9999 -9999 -9999 -9999 -9999 -9999 -9999 -9999 131.697 131.374 131.071 130.784 130.507 130.236 129.971 129.711 129.453 129.163 128.83 128.489 128.136 127.792 127.442 126.975 126.397 125.838 125.297 124.77 124.258 123.786 123.351 122.959 122.57 122.179 121.782 121.38 121.099 120.937 120.794 120.655 120.368 120.003 119.67 119.344 119.039 118.756 118.494 118.252 118.029 117.826 117.641 117.476 117.332 117.209 117.174 117.447 117.865 118.648 119.827
-9999 -9999 -9999 -9999 -9999 -9999 -9999 -9999 -9999 -9999 -9999 -9999 -9999 -9999 -9999 -9999 -9999 -9999 -9999 -9999 -9999 -9999 -9999 -9999 131.485 131.194 130.916 130.648 130.384 130.124 129.87 129.621 129.345 129.039 128.719 128.398 128.06 127.647 127.055 126.487 125.94 125.41 124.891 124.407 123.948 123.514 123.097 122.694 122.289 121.878 121.479 121.219 121.055 120.867 120.508 120.075 119.576 119.152 118.805 118.479 118.175 117.89 117.625 117.379 117.152 116.945 116.758 116.59 116.443 116.317 116.424 116.805 117.594 118.792
-9999 -9999 -9999 -9999 -9999 -9999 -9999 -9999 -9999 -9999 -9999 -9999 -9999 -9999 -9999 -9999 -9999 -9999 -9999 -9999 -9999 -9999 -9999 -9999 131.556 131.316 131.05 130.789 130.53 130.273 130.023 129.78 129.521 129.236 128.938 128.636 128.288 127.723 127.141 126.582 126.041 125.514 125.011 124.553 124.096 123.648 123.223 122.814 122.399 121.977 121.588 121.337 121.104 120.698 120.203 119.624 119.073 118.615 118.244 117.895 117.567 117.259 116.972 116.703 116.454 116.224 116.014 115.823 115.651 115.498 115.438 115.736 116.531 117.747
-9999 -9999 -9999 -9999 -9999 -9999 -9999 -9999 -9999 -9999 -9999 -9999 -9999 -9999 -9999 -9999 -9999 -9999 -9999 -9999 -9999 -9999 -9999 131.603 131.584 131.389 131.178 130.929 130.671 130.416 130.168 129.931 129.69 129.427 129.14 128.843 128.386 127.804 127.231 126.679 126.144 125.627 125.154 124.693 124.231 123.775 123.34 122.923 122.496 122.059 121.679 121.412 120.931 120.39 119.769 119.152 118.552 118.056 117.66 117.287 116.935 116.603 116.292 116.0 115.727 115.473 115.238 115.021 114.823 114.646 114.507 114.675 115.455 116.68
-9999 -9999 -9999 -9999 -9999 -9999 -9999 -9999 -9999 -9999 -9999 -9999 -9999 -9999 -9999 -9999 -9999 -9999 -9999 -9999 -9999 -9999 -9999 131.614 131.507 131.356 131.192 130.994 130.751 130.516 130.292 130.071 129.848 129.605 129.336 128.989 128.433 127.873 127.325 126.779 126.253 125.766 125.298 124.834 124.367 123.898 123.449 123.031 122.588 122.136 121.732 121.293 120.625 119.971 119.323 118.677 118.032 117.481 117.053 116.653 116.275 115.918 115.581 115.264 114.965 114.685 114.423 114.179 113.954 113.767 113.614 113.651 114.353 115.576
-9999 -9999 -9999 -9999 -9999 -9999 -9999 -9999 -9999 -9999 -9999 -9999 -9999 -9999 -9999 -9999 -9999 -9999 -9999 -9999 -9999 -9999 -9999 131.528 131.387 131.256 131.128 130.965 130.762 130.544 130.339 130.143 129.962 129.762 129.5 129.033 128.473 127.934 127.403 126.882 126.376 125.899 125.431 124.965 124.496 124.018 123.566 123.133 122.685 122.2 121.646 120.925 120.229 119.546 118.868 118.19 117.512 116.905 116.423 115.99 115.584 115.199 114.834 114.488 114.162 113.853 113.561 113.29 113.055 112.852 112.682 112.63 113.211 114.421
-9999 -9999 -9999 -9999 -9999 -9999 -9999 -9999 -9999 -9999 -9999 -9999 -9999 -9999 -9999 -9999 -9999 -9999 -9999 -9999 -9999 -9999 131.495 131.394 131.254 131.127 131.006 130.863 130.7 130.529 130.343 130.172 130.016 129.853 129.572 129.026 128.467 127.927 127.409 126.916 126.449 125.979 125.514 125.048 124.578 124.096 123.631 123.192 122.743 122.16 121.291 120.556 119.829 119.114 118.402 117.689 116.973 116.332 115.78 115.294 114.855 114.439 114.044 113.667 113.31 112.969 112.652 112.37 112.117 111.895 111.722 111.643 112.055 113.199
-9999 -9999 -9999 -9999 -9999 -9999 -9999 -9999 -9999 -9999 -9999 -9999 -9999 -9999 -9999 -9999 -9999 -9999 -9999 -9999 -9999 131.536 131.406 131.248 131.109 130.982 130.86 130.734 130.604 130.463 130.324 130.167 129.997 129.821 129.441 128.905 128.381 127.878 127.393 126.935 126.483 126.036 125.582 125.118 124.644 124.156 123.679 123.228 122.707 121.809 120.911 120.148 119.408 118.668 117.921 117.169 116.416 115.738 115.148 114.576 114.083 113.633 113.204 112.794 112.403 112.041 111.712 111.409 111.134 110.878 110.708 110.637 110.887 111.896
-9999 -9999 -9999 -9999 -9999 -9999 -9999 -9999 -9999 -9999 -9999 -9999 -9999 -9999 -9999 -9999 -9999 -9999 -9999 131.753 131.61 131.421 131.246 131.093 130.956 130.831 130.712 130.595 130.48 130.357 130.205 130.049 129.897 129.675 129.245 128.755 128.266 127.808 127.375 126.945 126.512 126.079 125.64 125.189 124.715 124.22 123.729 123.226 122.46 121.442 120.522 119.736 118.956 118.152 117.325 116.494 115.674 114.934 114.288 113.655 113.077 112.59 112.147 111.734 111.366 111.035 110.719 110.399 110.089 109.813 109.64 109.575 109.657 110.515
