Validation/Results/raw data/ReClimate_08_2024_1_Precipitation-Actuals.asc
NCOLS 192
NROWS 249
XLLCENTER -225160.85627316462
YLLCENTER 29788.11610251502
CELLSIZE 5000.0
NODATA_VALUE -9999
[rows 66 to 98 of 249, columns 75 to 149 of 192]
-9999 -9999 -9999 -9999 -9999 -9999 -9999 -9999 -9999 -9999 120.545 -9999 137.657 167.087 188.541 180.693 196.522 169.368 156.305 128.975 111.636 89.453 94.355 107.888 106.014 101.037 98.411 93.681 96.057 84.076 77.536 -9999 -9999 -9999 -9999 -9999 -9999 -9999 -9999 -9999 -9999 -9999 -9999 -9999 -9999 -9999 -9999 -9999 -9999 -9999 -9999 -9999 -9999 -9999 -9999 -9999 -9999 -9999 -9999 -9999 -9999 -9999 -9999 -9999 -9999 -9999 -9999 -9999 -9999 -9999 -9999 -9999 -9999 -9999 -9999
-9999 -9999 -9999 -9999 -9999 -9999 -9999 -9999 -9999 -9999 -9999 127.362 164.335 170.13 172.349 170.074 164.171 158.212 148.699 127.098 107.718 97.794 91.637 92.353 89.679 92.398 92.46 92.966 80.743 -9999 -9999 -9999 -9999 -9999 -9999 -9999 -9999 -9999 -9999 -9999 -9999 -9999 -9999 -9999 -9999 -9999 -9999 -9999 -9999 -9999 -9999 -9999 -9999 -9999 -9999 -9999 -9999 -9999 -9999 -9999 -9999 -9999 -9999 -9999 -9999 -9999 -9999 -9999 -9999 -9999 -9999 -9999 -9999 -9999 -9999
-9999 -9999 -9999 -9999 -9999 -9999 -9999 -9999 -9999 -9999 -9999 138.1 164.885 157.403 143.086 152.625 154.527 130.074 109.928 105.791 97.027 92.5 87.622 92.158 90.716 83.264 85.571 76.594 64.709 -9999 -9999 -9999 -9999 -9999 -9999 -9999 -9999 -9999 -9999 -9999 -9999 -9999 -9999 -9999 -9999 -9999 -9999 -9999 -9999 -9999 -9999 -9999 -9999 -9999 -9999 -9999 -9999 -9999 -9999 -9999 -9999 -9999 -9999 -9999 -9999 -9999 -9999 -9999 -9999 -9999 -9999 -9999 -9999 -9999 -9999
-9999 -9999 -9999 -9999 -9999 -9999 -9999 -9999 -9999 -9999 -9999 -9999 -9999 138.562 144.858 150.038 132.232 114.499 104.414 106.363 99.243 84.012 82.786 92.652 86.326 80.135 65.653 -9999 -9999 -9999 -9999 -9999 -9999 -9999 -9999 -9999 -9999 -9999 -9999 -9999 -9999 -9999 -9999 -9999 -9999 -9999 -9999 -9999 -9999 -9999 -9999 -9999 -9999 -9999 -9999 -9999 -9999 -9999 -9999 -9999 -9999 -9999 -9999 -9999 -9999 -9999 -9999 -9999 -9999 -9999 -9999 -9999 -9999 -9999 -9999
-9999 -9999 -9999 -9999 -9999 -9999 -9999 124.581 -9999 -9999 118.814 129.595 144.943 138.991 159.487 146.428 138.071 127.912 124.801 120.203 109.445 77.326 79.13 81.246 86.087 72.791 64.992 -9999 -9999 -9999 -9999 -9999 -9999 -9999 -9999 -9999 -9999 -9999 -9999 -9999 -9999 -9999 -9999 -9999 -9999 -9999 -9999 -9999 -9999 -9999 -9999 -9999 -9999 -9999 -9999 -9999 -9999 -9999 -9999 -9999 -9999 -9999 -9999 -9999 -9999 -9999 -9999 -9999 -9999 -9999 -9999 -9999 -9999 -9999 -9999
-9999 -9999 -9999 -9999 -9999 122.776 123.059 131.86 136.769 144.719 135.067 159.585 180.624 174.884 140.937 157.147 157.265 145.914 131.885 123.553 117.458 102.596 73.943 71.489 66.802 61.36 56.211 -9999 -9999 -9999 -9999 -9999 -9999 -9999 -9999 -9999 -9999 -9999 -9999 -9999 -9999 -9999 -9999 -9999 -9999 -9999 -9999 -9999 -9999 -9999 -9999 -9999 -9999 -9999 -9999 -9999 -9999 -9999 -9999 -9999 -9999 -9999 -9999 -9999 -9999 -9999 -9999 -9999 -9999 -9999 -9999 -9999 -9999 -9999 -9999
-9999 -9999 -9999 -9999 -9999 124.064 135.858 -9999 154.085 165.674 170.36 181.297 202.272 153.425 156.089 165.749 172.068 169.355 137.468 130.352 123.907 96.103 84.209 84.255 68.276 62.216 -9999 52.736 -9999 -9999 -9999 -9999 -9999 -9999 -9999 -9999 -9999 -9999 -9999 -9999 -9999 -9999 -9999 -9999 -9999 -9999 -9999 -9999 -9999 -9999 -9999 -9999 -9999 -9999 -9999 -9999 -9999 -9999 -9999 -9999 -9999 -9999 -9999 -9999 -9999 -9999 -9999 -9999 -9999 -9999 -9999 -9999 -9999 -9999 -9999
-9999 -9999 -9999 -9999 -9999 -9999 152.043 157.362 164.994 185.528 180.218 203.751 172.819 156.534 151.125 156.34 161.163 147.185 122.123 116.145 110.354 88.64 87.138 77.307 68.005 59.824 50.672 50.783 -9999 -9999 -9999 -9999 -9999 -9999 -9999 -9999 -9999 -9999 -9999 -9999 -9999 -9999 -9999 -9999 -9999 -9999 -9999 -9999 -9999 -9999 -9999 -9999 -9999 -9999 -9999 -9999 -9999 -9999 -9999 -9999 -9999 -9999 -9999 -9999 -9999 -9999 -9999 -9999 -9999 -9999 -9999 -9999 -9999 -9999 -9999
-9999 -9999 -9999 -9999 -9999 -9999 -9999 153.222 168.094 181.801 219.153 202.931 189.54 169.276 174.467 177.523 145.757 117.573 108.931 120.603 108.553 92.631 86.304 68.645 61.967 50.754 52.614 59.153 -9999 -9999 -9999 -9999 -9999 -9999 -9999 -9999 -9999 -9999 -9999 -9999 -9999 -9999 -9999 -9999 -9999 -9999 -9999 -9999 -9999 -9999 -9999 -9999 -9999 -9999 -9999 -9999 -9999 -9999 -9999 -9999 -9999 -9999 -9999 -9999 -9999 -9999 -9999 -9999 -9999 -9999 -9999 -9999 -9999 -9999 -9999
-9999 -9999 -9999 -9999 -9999 152.877 155.773 178.247 185.484 194.077 190.326 206.448 189.95 182.034 179.053 152.805 129.824 122.652 104.973 113.643 126.356 96.301 70.644 57.457 54.036 -9999 58.18 -9999 -9999 -9999 -9999 -9999 -9999 62.744 57.758 57.627 -9999 -9999 -9999 -9999 -9999 -9999 -9999 -9999 -9999 -9999 -9999 -9999 -9999 -9999 -9999 -9999 -9999 -9999 -9999 -9999 -9999 -9999 -9999 -9999 -9999 -9999 -9999 -9999 -9999 -9999 -9999 -9999 -9999 -9999 -9999 -9999 -9999 -9999 -9999
131.136 -9999 -9999 -9999 -9999 -9999 172.948 190.995 197.874 188.751 200.299 182.675 181.482 171.179 167.424 137.469 120.307 98.912 105.714 124.461 103.248 77.805 64.551 64.518 65.455 59.695 -9999 -9999 -9999 -9999 56.712 55.224 56.651 61.312 59.942 57.851 60.805 62.018 65.993 74.154 75.315 65.619 58.629 58.534 63.399 68.385 67.669 62.009 56.278 54.879 58.778 60.751 -9999 -9999 -9999 -9999 -9999 -9999 -9999 -9999 -9999 -9999 -9999 -9999 -9999 -9999 -9999 -9999 -9999 -9999 -9999 -9999 -9999 -9999 -9999
171.846 -9999 -9999 -9999 153.746 -9999 167.053 173.072 193.546 227.284 211.373 185.415 163.564 164.067 143.442 137.094 119.539 111.88 94.121 81.008 78.654 69.436 65.608 71.495 65.028 -9999 -9999 -9999 -9999 59.676 59.879 59.022 64.162 70.349 61.166 62.723 70.303 68.806 76.895 82.093 84.131 69.79 62.838 63.811 64.908 65.971 66.263 63.701 56.135 52.614 66.177 60.235 -9999 -9999 -9999 -9999 -9999 -9999 -9999 -9999 -9999 -9999 -9999 -9999 -9999 -9999 -9999 -9999 -9999 -9999 -9999 -9999 -9999 -9999 -9999
177.829 -9999 -9999 -9999 157.609 161.795 160.463 191.997 230.534 230.287 224.569 181.641 177.194 159.167 139.519 123.158 115.308 115.542 95.447 89.717 71.843 62.233 67.547 59.96 -9999 -9999 57.534 57.703 59.561 62.844 64.497 66.056 74.272 75.681 75.541 78.987 75.506 71.699 72.883 76.74 70.946 69.556 71.542 64.072 63.966 67.799 69.406 64.905 62.258 67.619 62.241 60.518 57.562 -9999 -9999 -9999 -9999 -9999 -9999 -9999 -9999 -9999 -9999 -9999 -9999 -9999 -9999 -9999 -9999 -9999 -9999 -9999 -9999 -9999 -9999
169.809 -9999 155.463 -9999 144.397 148.51 192.435 225.578 213.237 236.628 217.38 201.237 187.313 163.821 153.02 133.51 126.872 114.306 106.725 83.586 69.226 53.64 52.17 55.14 -9999 66.478 67.635 69.2 64.75 65.299 66.257 76.208 80.425 79.512 84.189 80.36 74.816 75.602 76.926 75.841 71.629 68.307 64.754 66.831 68.086 69.469 68.818 67.353 64.442 63.09 60.714 56.98 56.887 -9999 -9999 -9999 -9999 -9999 -9999 -9999 -9999 -9999 -9999 -9999 -9999 -9999 -9999 -9999 -9999 -9999 -9999 -9999 -9999 -9999 -9999
-9999 158.623 -9999 -9999 -9999 190.997 247.395 216.997 211.563 192.538 195.219 187.277 173.837 166.375 152.949 154.098 140.805 125.103 99.069 80.951 63.256 59.186 71.185 63.079 65.798 76.58 83.893 85.166 76.671 71.025 79.623 83.784 86.671 83.429 70.113 69.89 69.851 70.094 76.252 72.009 69.302 65.521 63.353 66.127 73.217 71.069 67.606 68.177 70.961 69.66 63.9 59.221 58.072 -9999 -9999 -9999 -9999 -9999 -9999 -9999 -9999 -9999 -9999 -9999 -9999 -9999 -9999 -9999 -9999 -9999 -9999 -9999 -9999 -9999 -9999
163.832 -9999 -9999 -9999 -9999 202.234 199.645 183.59 -9999 175.847 187.952 188.809 168.35 157.844 152.869 126.813 119.0 116.338 102.847 93.139 81.281 84.253 83.469 63.352 73.025 76.863 90.233 99.332 88.572 73.941 72.692 84.731 87.985 70.42 66.038 77.371 72.183 86.225 79.836 71.565 73.034 65.248 64.697 72.597 68.216 65.143 63.417 67.543 66.254 68.859 65.374 58.238 56.311 -9999 -9999 -9999 -9999 -9999 -9999 -9999 -9999 -9999 -9999 -9999 -9999 -9999 -9999 -9999 -9999 -9999 -9999 -9999 -9999 -9999 -9999
200.498 -9999 -9999 -9999 173.89 -9999 -9999 155.926 157.107 181.447 205.479 202.41 183.164 178.483 150.983 136.627 109.003 96.512 89.105 86.64 85.187 89.075 64.16 72.299 71.894 89.771 88.067 89.014 92.062 74.752 72.934 77.21 71.634 69.117 80.861 75.421 77.99 79.235 75.468 80.03 72.567 66.132 72.089 65.381 62.065 62.631 66.282 59.95 59.764 58.964 60.981 56.174 -9999 -9999 -9999 -9999 -9999 -9999 -9999 -9999 -9999 -9999 -9999 -9999 -9999 -9999 -9999 -9999 -9999 -9999 -9999 -9999 -9999 -9999 -9999
241.485 204.477 178.64 -9999 -9999 -9999 177.226 155.195 -9999 182.396 187.797 188.485 189.997 178.294 172.618 135.286 101.15 95.712 92.786 91.101 86.206 70.255 78.937 72.446 81.377 84.368 77.343 85.256 82.624 67.114 66.324 63.965 68.883 86.27 77.523 79.13 91.909 80.752 76.068 70.539 66.915 67.881 66.065 61.107 58.358 62.02 58.39 57.576 54.585 54.23 54.78 -9999 -9999 -9999 -9999 -9999 -9999 -9999 -9999 -9999 -9999 -9999 -9999 -9999 -9999 -9999 -9999 -9999 -9999 -9999 -9999 -9999 -9999 -9999 -9999
242.074 209.44 191.936 -9999 181.832 182.286 184.287 181.854 201.007 199.183 197.24 209.308 208.744 179.403 145.479 132.515 118.181 116.651 110.213 100.024 83.87 79.154 84.885 97.462 96.868 80.327 76.621 76.492 60.336 60.555 65.984 70.066 78.728 68.311 68.608 78.075 86.54 89.635 82.809 83.548 70.524 79.887 69.998 69.662 75.111 60.337 56.086 59.59 58.845 53.914 52.523 -9999 -9999 -9999 -9999 -9999 -9999 -9999 -9999 -9999 -9999 -9999 -9999 -9999 -9999 -9999 -9999 -9999 -9999 -9999 -9999 -9999 -9999 -9999 -9999
220.952 199.387 189.58 190.482 182.91 197.815 -9999 190.789 212.154 236.692 251.987 233.928 210.425 172.815 175.018 147.963 130.206 114.945 100.705 91.544 80.567 82.846 104.167 111.222 89.526 81.328 86.157 70.243 72.41 61.577 64.07 64.951 67.744 75.948 74.563 82.734 93.994 81.915 75.915 71.928 67.975 62.392 56.427 62.525 59.303 53.411 55.638 57.494 55.659 53.513 -9999 -9999 -9999 -9999 -9999 -9999 -9999 -9999 -9999 -9999 -9999 -9999 -9999 -9999 -9999 -9999 -9999 -9999 -9999 -9999 -9999 -9999 -9999 -9999 -9999
-9999 -9999 -9999 174.187 191.702 -9999 193.919 215.836 253.878 270.702 248.806 251.02 222.466 202.519 173.271 137.347 115.015 115.427 115.174 91.842 90.548 102.81 118.845 116.514 107.486 107.464 85.693 88.795 72.747 66.293 79.768 73.189 86.955 83.583 83.429 87.98 79.83 66.641 72.881 75.651 70.477 65.301 55.526 59.59 56.848 54.667 55.415 56.371 55.084 51.192 -9999 -9999 -9999 -9999 -9999 -9999 -9999 -9999 -9999 -9999 -9999 -9999 -9999 -9999 -9999 -9999 -9999 -9999 -9999 -9999 -9999 -9999 -9999 -9999 -9999
-9999 -9999 152.449 186.143 -9999 181.994 200.276 -9999 241.603 233.231 256.779 248.872 240.487 199.294 165.677 154.167 138.907 117.95 101.849 114.348 110.961 115.807 133.782 134.035 124.498 103.133 82.381 68.362 61.981 77.872 84.467 96.457 97.403 85.986 77.837 80.175 72.263 72.422 70.956 69.5 68.755 58.564 61.072 64.756 63.914 58.816 53.902 57.738 57.366 50.316 -9999 -9999 -9999 -9999 -9999 -9999 -9999 -9999 -9999 -9999 -9999 -9999 -9999 -9999 -9999 -9999 -9999 -9999 -9999 -9999 -9999 -9999 -9999 -9999 -9999
-9999 -9999 149.202 -9999 -9999 188.37 205.822 228.17 223.12 249.464 251.086 225.676 205.085 180.179 152.26 131.49 116.82 118.141 137.78 141.834 135.592 138.779 141.582 132.727 107.447 75.125 63.77 70.75 90.28 102.249 130.157 128.004 106.426 94.31 92.46 79.251 73.282 66.19 63.788 58.42 57.578 58.4 58.518 69.028 77.365 61.717 54.411 55.166 53.68 50.529 -9999 -9999 -9999 -9999 -9999 -9999 -9999 -9999 -9999 -9999 -9999 -9999 -9999 -9999 -9999 -9999 -9999 -9999 -9999 -9999 -9999 -9999 -9999 -9999 -9999
-9999 -9999 -9999 -9999 -9999 -9999 222.802 228.797 221.088 252.745 245.394 215.371 213.209 187.951 164.266 156.131 154.458 159.222 154.685 150.864 130.391 121.243 119.715 112.267 85.758 67.314 72.274 84.908 103.412 130.654 121.466 117.073 104.177 99.063 86.394 76.3 73.269 67.59 55.016 50.429 53.568 52.276 56.607 68.152 61.203 52.834 53.46 58.194 57.89 -9999 -9999 -9999 -9999 -9999 -9999 -9999 -9999 -9999 -9999 -9999 -9999 -9999 -9999 -9999 -9999 -9999 -9999 -9999 -9999 -9999 -9999 -9999 -9999 -9999 -9999
-9999 -9999 -9999 -9999 162.798 184.332 -9999 230.907 239.585 274.61 240.78 207.652 193.453 185.246 196.526 192.714 172.964 151.052 148.277 136.03 126.224 105.206 98.383 88.801 78.635 84.268 83.849 94.853 113.801 112.209 109.966 84.59 84.919 79.699 62.079 63.349 71.679 74.513 71.459 65.606 65.013 71.931 67.637 54.589 58.018 63.977 66.182 62.883 56.725 -9999 -9999 -9999 -9999 -9999 -9999 -9999 -9999 -9999 -9999 -9999 -9999 -9999 -9999 -9999 -9999 -9999 -9999 -9999 -9999 -9999 -9999 -9999 -9999 -9999 -9999
-9999 -9999 -9999 159.796 159.937 196.721 217.134 248.257 273.158 267.938 240.754 199.926 174.966 177.118 169.393 169.675 179.139 169.807 168.74 158.853 105.697 103.282 93.669 89.396 89.751 97.605 93.309 100.901 99.075 101.986 88.221 80.162 80.362 88.558 85.942 91.341 85.394 77.369 92.219 99.516 94.049 86.802 73.8 73.87 73.66 71.824 64.21 56.814 -9999 -9999 -9999 -9999 -9999 -9999 -9999 -9999 -9999 -9999 -9999 -9999 -9999 -9999 -9999 -9999 -9999 -9999 -9999 -9999 -9999 -9999 -9999 -9999 -9999 -9999 -9999
-9999 -9999 -9999 156.935 -9999 187.237 205.074 236.021 267.333 254.785 195.102 181.069 184.627 155.772 153.072 156.632 155.574 160.843 150.617 117.258 119.118 127.159 110.558 98.398 123.797 115.239 115.379 110.734 111.614 107.415 99.783 92.334 102.537 102.715 107.217 108.863 81.556 93.941 98.354 83.103 86.447 90.757 81.343 76.639 73.455 62.286 58.638 54.057 -9999 -9999 -9999 -9999 -9999 -9999 -9999 -9999 -9999 -9999 -9999 -9999 -9999 -9999 -9999 -9999 -9999 -9999 -9999 -9999 -9999 -9999 -9999 -9999 -9999 -9999 -9999
-9999 -9999 -9999 -9999 -9999 208.126 225.488 225.9 240.303 204.104 165.473 165.918 149.302 143.446 145.282 146.453 155.993 134.768 139.831 138.124 149.513 129.892 104.904 118.945 130.516 119.651 117.636 106.982 115.827 107.257 101.642 120.57 118.647 115.334 127.607 119.2 117.072 114.757 101.487 91.279 85.49 76.34 76.943 77.538 64.706 57.026 55.104 51.203 -9999 -9999 -9999 -9999 -9999 -9999 -9999 -9999 -9999 -9999 -9999 -9999 -9999 -9999 -9999 -9999 -9999 -9999 -9999 -9999 -9999 -9999 -9999 -9999 -9999 -9999 -9999
-9999 -9999 -9999 177.22 189.341 211.948 214.051 215.837 229.682 193.535 193.984 188.95 -9999 172.603 209.585 204.387 181.397 168.352 174.34 168.292 159.516 143.956 129.535 123.589 113.524 107.602 94.693 93.861 107.8 101.696 115.968 107.019 105.982 101.576 113.295 121.311 112.417 95.851 99.369 92.76 77.597 81.016 71.164 65.175 66.449 66.595 58.151 45.977 -9999 -9999 -9999 -9999 -9999 -9999 -9999 -9999 -9999 -9999 -9999 -9999 -9999 -9999 -9999 -9999 -9999 -9999 -9999 -9999 -9999 -9999 -9999 -9999 -9999 -9999 -9999
145.024 154.623 170.183 -9999 181.477 199.546 211.852 223.293 221.431 216.096 210.153 -9999 200.624 229.238 226.541 232.526 202.393 182.885 164.289 168.387 158.151 147.217 129.302 110.356 98.173 91.563 76.226 85.394 86.132 100.436 100.146 98.933 93.157 87.869 95.679 97.192 88.734 91.359 91.496 84.851 78.554 61.026 55.728 54.698 62.291 62.561 49.448 -9999 -9999 -9999 -9999 -9999 -9999 -9999 -9999 -9999 -9999 -9999 -9999 -9999 -9999 -9999 -9999 -9999 -9999 -9999 -9999 -9999 -9999 -9999 -9999 -9999 -9999 -9999 -9999
149.327 162.131 181.596 184.078 -9999 192.334 202.196 204.914 217.064 207.618 193.292 190.76 214.748 219.601 216.713 225.732 203.741 183.076 163.706 151.292 131.033 124.064 107.967 99.389 102.126 79.523 78.05 73.869 78.104 84.998 96.576 86.378 76.342 83.174 93.642 86.458 84.284 78.162 83.118 73.285 58.532 53.53 51.944 53.177 54.674 -9999 -9999 -9999 -9999 -9999 -9999 -9999 -9999 -9999 -9999 -9999 -9999 -9999 -9999 -9999 -9999 -9999 -9999 -9999 -9999 -9999 -9999 -9999 -9999 -9999 -9999 -9999 -9999 -9999 -9999
-9999 -9999 178.128 -9999 194.276 200.79 206.791 229.455 224.682 -9999 -9999 215.665 211.947 213.523 258.459 250.787 195.953 169.755 157.125 115.503 102.346 92.608 88.023 88.715 84.113 86.888 73.835 77.014 72.798 77.844 81.984 77.456 74.294 81.453 83.65 81.991 74.031 72.951 67.877 58.714 52.68 49.859 52.504 49.816 -9999 -9999 -9999 -9999 -9999 -9999 -9999 -9999 -9999 -9999 -9999 -9999 -9999 -9999 -9999 -9999 -9999 -9999 -9999 -9999 -9999 -9999 -9999 -9999 -9999 -9999 -9999 -9999 -9999 -9999 -9999
163.81 -9999 179.916 199.37 189.432 199.889 218.91 228.513 -9999 -9999 196.248 236.019 238.457 252.848 246.117 217.511 191.368 165.354 138.808 122.173 113.744 114.454 102.737 107.415 122.438 99.863 81.256 77.06 66.917 68.223 66.629 74.901 76.879 75.38 73.7 70.591 62.041 58.888 54.929 52.165 48.448 49.737 50.501 51.099 48.554 -9999 -9999 -9999 -9999 -9999 -9999 -9999 -9999 -9999 -9999 -9999 -9999 -9999 -9999 -9999 -9999 -9999 -9999 -9999 -9999 -9999 -9999 -9999 -9999 -9999 -9999 -9999 -9999 -9999 -9999
