Validation/Results/raw data/ReClimate_03_2024_1weatherlogisticsltd.asc
NCOLS 192
NROWS 249
XLLCENTER -225160.85627316462
YLLCENTER 29788.11610251502
CELLSIZE 5000.0
NODATA_VALUE -9999
[rows 198 to 230 of 249, columns 75 to 149 of 192]
-9999 -9999 -9999 -9999 -9999 -9999 -9999 -9999 -9999 -9999 -9999 -9999 -9999 -9999 -9999 -9999 -9999 106.601 106.477 107.21 106.996 106.547 106.069 105.516 104.897 104.654 105.848 107.46 107.484 107.506 107.523 107.534 107.586 107.708 107.866 108.06 108.276 108.488 108.699 108.912 109.131 109.354 109.596 109.849 110.121 110.422 110.758 111.19 111.636 112.154 112.75 113.41 114.087 114.774 115.471 116.173 116.855 117.51 118.174 118.857 119.478 120.025 120.557 121.094 121.624 122.177 122.757 123.374 123.906 124.307 124.595 124.9 125.026 124.982 124.937
-9999 -9999 -9999 -9999 -9999 -9999 -9999 -9999 -9999 -9999 -9999 -9999 -9999 -9999 107.122 105.912 106.035 106.652 106.909 107.06 106.766 106.671 106.289 105.606 105.777 106.841 107.615 107.64 107.664 107.685 107.705 107.73 107.818 107.941 108.075 108.234 108.445 108.653 108.859 109.067 109.278 109.498 109.725 109.961 110.222 110.503 110.88 111.33 111.801 112.318 112.884 113.489 114.147 114.826 115.515 116.203 116.873 117.533 118.199 118.85 119.472 120.01 120.511 121.017 121.536 122.077 122.647 123.214 123.672 124.013 124.33 124.651 124.831 124.805 124.762
-9999 -9999 -9999 -9999 -9999 -9999 -9999 -9999 -9999 -9999 -9999 -9999 106.828 106.938 106.47 106.284 106.713 106.766 106.908 107.037 106.957 106.899 106.409 106.372 107.741 107.769 107.795 107.819 107.841 107.862 107.882 107.919 108.02 108.144 108.262 108.413 108.595 108.809 109.013 109.216 109.423 109.636 109.86 110.094 110.35 110.684 111.125 111.57 112.021 112.51 113.056 113.634 114.225 114.872 115.549 116.222 116.869 117.495 118.128 118.775 119.409 119.965 120.459 120.955 121.465 121.998 122.563 123.028 123.399 123.698 124.015 124.352 124.591 124.622 124.589
-9999 -9999 -9999 -9999 -9999 -9999 -9999 -9999 107.234 106.845 106.864 106.883 107.06 107.237 107.08 106.993 107.075 106.99 107.231 107.639 107.317 106.764 107.451 107.897 107.924 107.95 107.974 107.996 108.017 108.033 108.046 108.092 108.205 108.327 108.446 108.573 108.731 108.924 109.136 109.346 109.557 109.77 109.995 110.256 110.573 110.98 111.411 111.841 112.277 112.749 113.264 113.82 114.388 114.959 115.566 116.185 116.794 117.397 118.004 118.628 119.274 119.892 120.417 120.923 121.433 121.958 122.44 122.834 123.124 123.411 123.714 124.036 124.29 124.38 124.396
-9999 -9999 -9999 -9999 -9999 -9999 -9999 107.242 107.171 106.919 106.937 107.335 107.412 107.472 107.452 107.422 107.412 107.42 107.744 107.958 107.518 108.034 108.061 108.086 108.109 108.131 108.15 108.165 108.179 108.19 108.201 108.258 108.381 108.502 108.62 108.735 108.868 109.026 109.23 109.442 109.656 109.884 110.159 110.456 110.808 111.242 111.666 112.09 112.52 112.972 113.462 113.994 114.537 115.09 115.647 116.196 116.75 117.328 117.922 118.529 119.156 119.81 120.376 120.88 121.398 121.909 122.304 122.605 122.87 123.147 123.44 123.75 124.003 124.106 124.135
-9999 -9999 -9999 -9999 -9999 -9999 107.261 107.396 107.243 106.976 107.128 107.08 107.241 107.66 107.63 107.596 107.656 107.664 107.769 107.764 108.215 108.236 108.254 108.27 108.285 108.299 108.311 108.323 108.334 108.344 108.357 108.427 108.55 108.669 108.785 108.899 109.012 109.15 109.314 109.532 109.767 110.047 110.33 110.63 111.018 111.451 111.867 112.286 112.709 113.145 113.62 114.139 114.668 115.207 115.746 116.272 116.786 117.319 117.877 118.464 119.073 119.706 120.322 120.84 121.346 121.753 122.094 122.371 122.64 122.91 123.193 123.491 123.74 123.847 123.875
-9999 -9999 -9999 -9999 106.812 -9999 107.419 107.548 107.346 107.068 106.974 106.669 107.166 107.962 107.975 108.07 108.109 108.173 108.146 108.401 108.412 108.421 108.431 108.44 108.45 108.459 108.469 108.478 108.488 108.497 108.515 108.592 108.713 108.83 108.944 109.057 109.171 109.295 109.453 109.654 109.936 110.21 110.486 110.802 111.212 111.635 112.046 112.459 112.877 113.302 113.759 114.268 114.79 115.321 115.842 116.35 116.856 117.374 117.904 118.452 119.023 119.623 120.241 120.797 121.212 121.555 121.83 122.111 122.403 122.689 122.97 123.256 123.495 123.601 123.628
-9999 -9999 -9999 -9999 -9999 -9999 -9999 -9999 107.325 107.507 107.342 107.301 107.836 108.151 108.229 108.3 108.365 108.426 108.491 108.556 108.599 108.601 108.604 108.609 108.614 108.62 108.626 108.633 108.64 108.648 108.671 108.751 108.87 108.985 109.099 109.216 109.341 109.471 109.636 109.861 110.098 110.369 110.645 110.978 111.399 111.812 112.217 112.626 113.038 113.458 113.907 114.392 114.907 115.426 115.932 116.425 116.925 117.437 117.961 118.498 119.047 119.614 120.214 120.688 121.051 121.328 121.591 121.864 122.147 122.446 122.753 123.04 123.267 123.368 123.393
-9999 -9999 -9999 -9999 -9999 -9999 -9999 -9999 107.597 107.693 107.676 107.589 107.853 108.262 108.335 108.402 108.462 108.525 108.61 108.693 108.747 108.783 108.779 108.778 108.778 108.781 108.784 108.788 108.793 108.799 108.824 108.906 109.023 109.138 109.259 109.384 109.512 109.675 109.877 110.077 110.296 110.528 110.807 111.165 111.581 111.983 112.384 112.787 113.195 113.61 114.044 114.512 115.02 115.522 116.013 116.497 116.991 117.498 118.018 118.553 119.096 119.646 120.152 120.582 120.884 121.167 121.425 121.681 121.951 122.238 122.541 122.859 123.092 123.192 123.223
-9999 -9999 -9999 -9999 -9999 -9999 107.693 107.706 107.776 107.833 -9999 107.795 108.111 108.371 108.439 108.501 108.562 -9999 108.727 108.805 108.877 108.923 108.954 108.949 108.945 108.943 108.942 108.944 108.946 108.95 108.976 109.057 109.174 109.299 109.424 109.55 109.707 109.91 110.11 110.308 110.507 110.728 110.983 111.348 111.756 112.148 112.545 112.945 113.348 113.759 114.177 114.631 115.126 115.612 116.086 116.564 117.052 117.553 118.069 118.604 119.148 119.614 120.052 120.437 120.739 121.019 121.293 121.544 121.805 122.083 122.374 122.68 122.932 123.044 123.083
-9999 -9999 -9999 -9999 -9999 -9999 107.838 -9999 -9999 -9999 107.889 107.963 108.193 -9999 -9999 -9999 -9999 -9999 108.836 108.914 108.981 109.044 109.084 109.113 109.114 109.107 109.103 109.101 109.101 109.102 109.126 109.208 109.335 109.461 109.585 109.729 109.936 110.137 110.336 110.534 110.735 110.941 111.198 111.543 111.919 112.307 112.7 113.098 113.498 113.904 114.318 114.753 115.22 115.692 116.155 116.626 117.107 117.6 118.108 118.625 119.087 119.518 119.908 120.289 120.602 120.875 121.158 121.421 121.678 121.949 122.23 122.525 122.754 122.883 122.947
-9999 -9999 -9999 -9999 -9999 -9999 -9999 -9999 107.915 107.915 107.991 108.095 108.317 -9999 -9999 -9999 -9999 -9999 -9999 -9999 -9999 109.142 109.196 109.235 109.263 109.274 109.266 109.26 109.257 109.256 109.279 109.368 109.496 109.62 109.755 109.953 110.157 110.357 110.556 110.756 110.959 111.169 111.426 111.763 112.11 112.465 112.85 113.245 113.645 114.048 114.458 114.873 115.31 115.763 116.22 116.684 117.157 117.642 118.111 118.546 118.973 119.365 119.758 120.147 120.469 120.738 121.015 121.298 121.561 121.826 122.099 122.385 122.591 122.699 122.794
-9999 -9999 -9999 -9999 -9999 -9999 -9999 -9999 -9999 108.074 -9999 -9999 -9999 -9999 -9999 -9999 -9999 -9999 -9999 109.124 109.183 109.238 109.289 109.337 109.377 109.404 109.424 109.422 109.416 109.414 109.443 109.528 109.654 109.783 109.962 110.169 110.371 110.571 110.771 110.974 111.181 111.394 -9999 111.996 112.321 112.665 113.02 113.391 113.788 114.189 114.597 114.995 115.397 115.831 116.281 116.738 117.2 117.626 118.032 118.434 118.825 119.219 119.613 120.008 120.339 120.606 120.88 121.168 121.45 121.714 121.981 122.247 122.434 122.526 122.628
-9999 -9999 -9999 -9999 -9999 -9999 -9999 -9999 -9999 -9999 -9999 -9999 -9999 -9999 -9999 -9999 -9999 -9999 -9999 109.227 109.282 109.333 109.38 -9999 -9999 -9999 109.535 109.559 109.577 109.584 109.611 109.686 109.81 109.963 110.174 110.378 110.58 110.781 110.984 111.19 111.401 -9999 111.893 112.222 112.547 112.879 113.22 113.583 113.953 114.334 114.729 115.109 115.488 115.899 116.341 116.755 117.151 117.543 117.918 118.303 118.694 119.085 119.476 119.874 120.212 120.48 120.752 121.039 121.338 121.609 121.872 122.111 122.285 122.386 122.494
-9999 -9999 -9999 -9999 -9999 -9999 -9999 -9999 -9999 -9999 -9999 -9999 -9999 -9999 -9999 -9999 -9999 -9999 -9999 -9999 -9999 -9999 -9999 -9999 -9999 -9999 109.624 109.66 109.69 109.732 109.773 109.843 109.976 110.172 110.379 110.583 110.786 110.991 111.197 -9999 -9999 111.844 112.12 112.442 112.768 113.1 113.441 113.792 114.153 114.525 114.87 115.223 115.585 115.936 116.31 116.695 117.059 117.422 117.799 118.184 118.572 118.959 119.347 119.743 120.087 120.358 120.629 120.917 121.222 121.516 121.789 122.012 122.162 122.268 122.381
-9999 -9999 -9999 -9999 -9999 -9999 -9999 -9999 -9999 -9999 -9999 -9999 -9999 -9999 -9999 -9999 -9999 -9999 -9999 -9999 -9999 -9999 -9999 -9999 -9999 -9999 109.7 109.74 109.79 109.841 109.883 109.97 110.145 110.372 110.579 110.779 -9999 -9999 -9999 -9999 -9999 112.069 112.336 112.659 112.985 113.318 113.659 114.01 114.371 114.725 115.046 115.332 115.636 115.946 116.26 116.602 116.948 117.313 117.69 118.075 118.457 118.84 119.227 119.621 119.968 120.248 120.527 120.824 121.139 121.45 121.735 121.934 122.058 122.165 122.278
-9999 -9999 -9999 -9999 -9999 -9999 -9999 -9999 -9999 -9999 -9999 -9999 -9999 -9999 -9999 -9999 -9999 -9999 -9999 -9999 -9999 -9999 -9999 -9999 -9999 -9999 -9999 -9999 109.879 109.929 109.976 110.074 110.282 110.513 110.73 -9999 -9999 -9999 -9999 111.849 112.071 112.29 112.55 112.874 113.202 113.531 113.859 114.192 114.523 114.827 115.111 115.393 115.675 115.959 116.245 116.558 116.899 117.258 117.633 118.009 118.386 118.765 119.151 119.546 119.893 120.175 120.457 120.757 121.075 121.399 121.675 121.857 121.962 122.07 122.182
-9999 -9999 -9999 -9999 -9999 -9999 -9999 -9999 -9999 -9999 -9999 -9999 -9999 -9999 -9999 -9999 -9999 -9999 -9999 -9999 -9999 -9999 -9999 -9999 -9999 -9999 -9999 -9999 -9999 110.017 110.063 110.175 110.391 110.632 -9999 -9999 -9999 -9999 111.758 112.004 112.227 112.432 112.69 113.01 113.33 113.647 113.966 114.282 114.574 114.865 115.149 115.423 115.7 115.977 116.257 116.539 116.874 117.236 117.604 117.973 118.344 118.72 119.103 119.497 119.84 120.12 120.402 120.702 121.02 121.346 121.606 121.766 121.871 121.979 122.092
-9999 -9999 -9999 -9999 -9999 -9999 -9999 -9999 -9999 -9999 -9999 -9999 -9999 -9999 -9999 -9999 -9999 -9999 -9999 -9999 -9999 -9999 -9999 -9999 -9999 -9999 -9999 -9999 -9999 -9999 -9999 -9999 -9999 -9999 -9999 -9999 -9999 111.652 111.895 112.122 112.33 112.53 112.785 113.097 113.412 113.727 114.036 114.324 114.612 114.901 115.181 115.452 115.723 115.995 116.269 116.555 116.863 117.218 117.581 117.944 118.311 118.683 119.064 119.453 119.791 120.068 120.349 120.65 120.969 121.29 121.532 121.671 121.779 121.89 122.004
-9999 -9999 -9999 -9999 -9999 -9999 -9999 -9999 -9999 -9999 -9999 -9999 -9999 -9999 -9999 -9999 -9999 -9999 -9999 -9999 -9999 -9999 -9999 -9999 -9999 -9999 -9999 -9999 -9999 -9999 -9999 -9999 -9999 -9999 -9999 -9999 111.554 111.783 112.011 112.225 112.424 112.624 112.872 113.177 113.489 113.792 114.078 114.362 114.648 114.934 115.213 115.48 115.746 116.014 116.283 116.574 116.884 117.209 117.56 117.919 118.283 118.652 119.03 119.411 119.743 120.018 120.3 120.601 120.923 121.211 121.44 121.575 121.687 121.801 121.918
-9999 -9999 -9999 -9999 -9999 -9999 -9999 -9999 -9999 -9999 -9999 -9999 -9999 -9999 -9999 -9999 -9999 -9999 -9999 -9999 -9999 -9999 -9999 -9999 -9999 -9999 -9999 -9999 -9999 -9999 -9999 -9999 -9999 -9999 -9999 -9999 111.666 111.9 112.119 112.318 112.516 112.716 112.958 113.25 113.547 113.832 114.116 114.398 114.681 114.965 115.241 115.506 115.77 116.033 116.305 116.598 116.911 117.226 117.549 117.898 118.258 118.625 119.002 119.373 119.696 119.972 120.254 120.557 120.876 121.132 121.331 121.479 121.595 121.713 121.832
-9999 -9999 -9999 -9999 -9999 -9999 -9999 -9999 -9999 -9999 -9999 -9999 -9999 -9999 -9999 -9999 -9999 -9999 -9999 -9999 -9999 -9999 -9999 110.205 110.22 110.242 110.28 -9999 110.36 -9999 -9999 -9999 -9999 -9999 -9999 -9999 -9999 112.01 112.21 112.41 112.608 112.808 113.035 113.297 113.584 113.868 114.15 114.431 114.711 114.993 115.268 115.532 115.792 116.053 116.33 116.628 116.939 117.25 117.565 117.888 118.238 118.604 118.98 119.34 119.652 119.929 120.213 120.517 120.799 121.035 121.218 121.378 121.503 121.624 121.747
-9999 -9999 -9999 -9999 -9999 -9999 -9999 -9999 -9999 -9999 -9999 -9999 -9999 -9999 -9999 -9999 -9999 -9999 -9999 -9999 110.336 110.328 110.317 110.306 110.313 110.339 110.377 110.417 110.458 110.534 110.674 -9999 -9999 111.196 111.42 111.661 111.893 112.098 112.3 112.501 112.697 112.883 113.084 113.33 113.617 113.9 114.181 114.46 114.74 115.02 115.295 115.557 115.815 116.074 116.357 116.661 116.969 117.278 117.59 117.908 118.234 118.589 118.964 119.311 119.611 119.89 120.177 120.466 120.716 120.919 121.106 121.276 121.41 121.536 121.663
-9999 -9999 -9999 -9999 -9999 -9999 -9999 -9999 -9999 -9999 -9999 -9999 -9999 -9999 -9999 -9999 -9999 -9999 -9999 110.481 110.469 110.462 110.444 110.43 110.435 110.458 110.487 110.525 110.566 110.651 110.815 110.987 111.153 111.328 111.529 111.765 111.978 112.185 112.386 112.576 112.758 112.938 113.126 113.357 113.644 113.927 114.208 114.487 114.766 115.045 115.32 115.582 115.838 116.102 116.387 116.694 117.001 117.309 117.619 117.935 118.26 118.597 118.959 119.288 119.573 119.855 120.146 120.392 120.611 120.803 120.995 121.173 121.317 121.447 121.578
-9999 -9999 -9999 -9999 -9999 -9999 -9999 -9999 -9999 -9999 -9999 -9999 -9999 -9999 -9999 -9999 -9999 -9999 -9999 110.614 110.616 110.606 110.583 110.568 110.574 110.59 110.613 110.643 110.683 110.782 110.962 111.138 111.307 111.47 111.649 111.841 112.052 112.252 112.443 112.628 112.811 112.99 113.17 113.395 113.666 113.951 114.232 114.512 114.791 115.07 115.343 115.605 115.86 116.13 116.422 116.729 117.035 117.343 117.652 117.968 118.292 118.63 118.968 119.272 119.541 119.825 120.079 120.3 120.491 120.687 120.885 121.07 121.222 121.357 121.493
-9999 -9999 -9999 -9999 -9999 -9999 -9999 -9999 -9999 -9999 -9999 -9999 -9999 -9999 -9999 -9999 -9999 -9999 -9999 110.762 110.765 110.756 110.729 110.714 110.72 110.733 110.75 110.775 110.812 110.927 111.115 111.293 111.458 111.596 111.736 111.899 112.097 112.296 112.489 112.677 112.86 113.04 113.219 113.43 113.684 113.97 114.253 114.534 114.813 115.092 115.366 115.627 115.882 116.157 116.457 116.765 117.072 117.38 117.69 118.006 118.331 118.67 118.991 119.276 119.534 119.78 119.996 120.181 120.37 120.572 120.775 120.967 121.126 121.266 121.406
-9999 -9999 -9999 -9999 -9999 -9999 -9999 -9999 -9999 -9999 -9999 -9999 -9999 -9999 -9999 110.911 110.909 -9999 110.907 110.91 110.91 110.887 110.862 110.85 110.858 110.87 110.885 110.904 110.94 111.063 111.248 111.412 111.553 111.686 111.815 111.963 112.132 112.335 112.531 112.721 112.905 113.087 113.267 113.462 113.696 113.985 114.27 114.553 114.833 115.113 115.386 115.647 115.902 116.183 116.491 116.801 117.111 117.422 117.734 118.05 118.377 118.719 119.022 119.288 119.53 119.735 119.91 120.073 120.253 120.456 120.664 120.862 121.028 121.173 121.318
-9999 -9999 -9999 -9999 -9999 -9999 -9999 -9999 -9999 -9999 -9999 -9999 -9999 -9999 -9999 111.04 111.033 111.029 111.027 111.027 111.022 111.011 110.988 110.977 110.984 110.994 111.007 111.023 111.058 111.171 111.338 111.49 111.634 111.77 111.901 112.032 112.188 112.368 112.568 112.76 112.947 113.131 113.314 113.499 113.727 113.996 114.285 114.569 114.852 115.133 115.406 115.665 115.923 116.209 116.523 116.837 117.152 117.468 117.783 118.102 118.43 118.755 119.05 119.29 119.493 119.671 119.831 119.992 120.163 120.356 120.561 120.757 120.927 121.077 121.228
-9999 -9999 -9999 -9999 -9999 -9999 -9999 -9999 -9999 -9999 -9999 -9999 -9999 -9999 111.176 111.171 111.157 111.147 111.14 111.136 111.134 111.126 111.117 111.11 111.114 111.122 111.129 111.129 111.145 111.245 111.41 111.567 111.714 111.853 111.987 112.117 112.254 112.412 112.599 112.796 112.987 113.174 113.36 113.547 113.756 114.003 114.296 114.584 114.868 115.151 115.424 115.68 115.942 116.233 116.552 116.873 117.194 117.517 117.839 118.161 118.493 118.798 119.054 119.253 119.432 119.592 119.754 119.918 120.087 120.277 120.483 120.678 120.844 120.994 121.146
-9999 -9999 -9999 -9999 -9999 -9999 -9999 -9999 -9999 -9999 -9999 -9999 -9999 -9999 -9999 111.311 111.29 111.274 111.262 111.253 111.248 111.245 111.242 111.246 111.242 111.23 111.216 111.204 111.215 111.315 111.482 111.643 111.794 111.937 112.074 112.206 112.335 112.477 112.636 112.828 113.023 113.215 113.405 113.595 113.79 114.025 114.303 114.595 114.883 115.168 115.438 115.693 115.957 116.255 116.58 116.907 117.236 117.565 117.895 -9999 118.548 118.817 119.016 119.192 119.353 119.515 119.679 119.846 120.017 120.203 120.411 120.609 120.776 120.928 121.083
-9999 -9999 -9999 -9999 -9999 -9999 -9999 -9999 -9999 -9999 -9999 -9999 -9999 -9999 111.451 111.463 111.434 111.411 111.388 111.368 111.35 111.334 111.323 111.319 111.318 111.311 111.293 111.278 111.288 111.384 111.555 111.719 111.874 112.021 112.161 112.296 112.428 112.557 112.703 112.863 113.058 113.254 113.449 113.642 113.837 114.054 114.305 114.603 114.896 115.184 115.452 115.704 115.969 116.274 116.607 116.943 117.28 117.617 117.956 118.299 -9999 118.779 -9999 119.113 -9999 119.44 -9999 119.776 119.951 120.133 120.34 120.539 120.707 120.862 -9999
-9999 -9999 -9999 -9999 -9999 -9999 -9999 -9999 -9999 -9999 -9999 -9999 -9999 -9999 111.591 111.549 111.515 111.483 111.454 111.428 111.403 111.381 111.364 111.363 111.371 111.372 111.371 111.359 111.362 111.453 111.629 111.796 111.956 112.108 112.251 112.39 112.524 112.656 112.786 112.935 113.096 113.292 113.492 113.69 113.889 114.092 114.332 114.609 114.909 115.199 115.466 115.719 115.982 116.295 116.64 116.986 117.332 117.679 118.019 118.304 -9999 -9999 118.87 119.034 -9999 -9999 119.535 119.708 119.885 -9999 -9999 -9999 -9999 -9999 -9999
-9999 -9999 -9999 -9999 -9999 -9999 -9999 -9999 -9999 -9999 -9999 -9999 -9999 111.7 111.649 111.606 111.567 111.532 111.501 111.472 111.446 111.422 111.404 111.402 111.412 111.423 111.428 111.432 111.44 111.522 111.704 111.876 112.042 112.198 112.346 112.488 112.625 112.76 112.894 113.026 113.177 113.34 113.534 113.739 113.942 114.147 114.368 114.62 114.921 115.215 115.485 115.747 116.019 116.334 116.687 117.042 117.398 -9999 -9999 -9999 118.455 -9999 -9999 -9999 -9999 -9999 -9999 119.634 -9999 -9999 -9999 -9999 -9999 -9999 -9999
