Validation/Results/raw data/ReClimate_02_2024_1_Precipitation-Actuals.asc
NCOLS 192
NROWS 249
XLLCENTER -225160.85627316462
YLLCENTER 29788.11610251502
CELLSIZE 5000.0
NODATA_VALUE -9999
[rows 165 to 197 of 249, columns 75 to 149 of 192]
-9999 -9999 -9999 -9999 -9999 -9999 -9999 -9999 -9999 -9999 -9999 -9999 -9999 -9999 -9999 -9999 -9999 -9999 -9999 -9999 -9999 -9999 -9999 -9999 -9999 -9999 -9999 -9999 -9999 -9999 -9999 -9999 -9999 -9999 -9999 -9999 -9999 51.462 51.485 51.427 49.181 59.067 69.283 83.951 90.8 97.379 98.527 93.932 96.157 93.23 93.905 88.353 72.664 57.632 53.08 47.366 43.617 41.694 40.996 38.713 35.485 35.75 37.021 37.514 36.865 35.993 35.94 38.255 38.642 39.245 40.824 40.467 38.215 36.74 -9999
-9999 -9999 -9999 -9999 -9999 -9999 -9999 -9999 -9999 -9999 -9999 -9999 -9999 -9999 -9999 -9999 -9999 -9999 -9999 -9999 -9999 -9999 -9999 -9999 -9999 -9999 -9999 -9999 -9999 -9999 -9999 -9999 -9999 -9999 -9999 -9999 -9999 50.965 51.221 52.182 56.934 63.912 71.911 80.138 86.004 86.651 82.353 83.592 79.557 82.319 92.829 88.667 79.271 67.021 54.033 48.395 46.706 43.611 42.489 41.823 38.352 35.983 35.934 37.265 37.067 35.571 35.785 36.016 38.995 39.369 38.426 39.533 39.343 37.79 35.79
-9999 -9999 -9999 -9999 -9999 -9999 -9999 -9999 -9999 -9999 -9999 -9999 -9999 -9999 -9999 -9999 -9999 -9999 -9999 -9999 -9999 -9999 -9999 -9999 -9999 -9999 -9999 -9999 -9999 -9999 -9999 -9999 -9999 -9999 -9999 -9999 52.238 49.917 52.194 56.44 61.173 62.992 67.021 75.033 73.473 70.838 70.66 72.232 70.833 82.344 95.894 101.705 91.28 79.829 70.897 55.226 46.28 42.947 42.292 42.647 39.721 37.471 35.959 36.056 36.394 35.106 35.082 36.166 37.332 38.729 39.277 38.843 38.542 39.611 37.316
-9999 -9999 -9999 -9999 -9999 -9999 -9999 -9999 -9999 -9999 -9999 -9999 -9999 -9999 -9999 -9999 -9999 -9999 -9999 -9999 -9999 -9999 -9999 -9999 -9999 -9999 -9999 -9999 -9999 -9999 -9999 -9999 -9999 -9999 -9999 -9999 50.443 49.259 51.979 54.684 57.904 62.573 62.405 63.21 59.259 60.957 63.798 63.62 67.972 76.643 87.537 103.825 110.942 98.628 82.375 67.805 53.766 46.669 40.593 38.775 38.388 36.835 35.464 34.582 34.254 33.869 34.15 36.586 38.432 38.103 38.52 39.024 39.408 39.141 39.6
-9999 -9999 -9999 -9999 -9999 -9999 -9999 -9999 -9999 -9999 -9999 -9999 -9999 -9999 -9999 -9999 -9999 -9999 -9999 -9999 -9999 -9999 -9999 -9999 -9999 -9999 -9999 -9999 -9999 -9999 -9999 -9999 -9999 -9999 -9999 -9999 -9999 50.528 50.663 51.372 56.162 55.434 56.719 53.193 53.227 54.802 54.749 55.904 59.529 66.284 77.219 91.056 108.004 111.274 93.287 74.952 62.573 49.518 45.001 39.249 38.355 37.932 36.334 33.834 34.195 34.237 34.581 35.254 37.63 37.434 37.184 38.819 39.127 40.951 42.352
-9999 -9999 -9999 -9999 -9999 -9999 -9999 -9999 -9999 -9999 -9999 -9999 -9999 -9999 -9999 -9999 -9999 73.935 66.581 -9999 -9999 -9999 -9999 -9999 -9999 -9999 -9999 -9999 -9999 -9999 -9999 -9999 -9999 -9999 -9999 -9999 48.314 45.04 49.117 52.067 53.007 53.181 49.919 47.421 48.955 49.844 51.368 54.278 56.491 63.509 78.045 91.705 102.85 102.736 96.896 85.024 65.718 54.018 45.351 43.405 42.255 40.222 37.354 35.359 33.42 34.938 36.618 36.13 36.211 36.703 36.206 36.755 39.774 42.522 44.872
-9999 -9999 -9999 -9999 -9999 -9999 -9999 -9999 -9999 -9999 -9999 -9999 -9999 -9999 -9999 -9999 -9999 71.373 69.407 67.788 -9999 -9999 -9999 -9999 -9999 -9999 -9999 -9999 -9999 -9999 -9999 -9999 -9999 -9999 -9999 43.499 42.168 44.865 50.129 52.335 50.175 49.054 46.844 48.302 47.49 49.534 52.144 50.788 53.778 60.015 70.144 85.512 103.861 102.943 87.757 78.632 68.841 53.52 46.855 41.035 42.861 41.029 36.905 35.417 33.906 34.756 35.443 36.276 35.744 37.416 36.688 37.455 38.638 43.828 44.496
-9999 -9999 -9999 -9999 -9999 -9999 -9999 -9999 -9999 -9999 -9999 -9999 -9999 -9999 -9999 -9999 64.23 67.844 72.091 67.792 64.842 -9999 -9999 -9999 -9999 -9999 -9999 -9999 -9999 -9999 -9999 -9999 50.343 -9999 -9999 41.921 44.66 45.629 46.334 45.225 -9999 47.945 50.555 51.139 49.588 49.554 48.322 50.379 52.068 56.603 69.264 73.319 88.338 88.506 78.249 72.466 63.818 58.625 50.692 42.99 41.1 40.215 37.388 34.719 34.027 34.251 34.283 34.144 34.331 37.427 38.023 36.296 38.077 41.187 44.958
-9999 -9999 -9999 -9999 -9999 -9999 -9999 -9999 -9999 -9999 -9999 -9999 -9999 -9999 -9999 -9999 58.162 64.207 69.269 70.732 67.0 62.354 64.129 -9999 -9999 -9999 63.959 54.408 -9999 49.23 46.637 43.548 51.651 50.004 -9999 -9999 42.685 42.704 -9999 -9999 45.847 47.191 47.215 47.386 47.754 47.495 49.828 50.397 54.38 61.576 79.699 84.072 82.741 75.419 72.435 71.492 63.036 52.695 48.94 44.896 42.922 39.695 38.056 36.623 35.938 36.802 35.687 34.571 34.85 35.774 37.735 35.964 36.825 39.05 41.574
-9999 -9999 -9999 -9999 -9999 -9999 -9999 -9999 -9999 -9999 -9999 -9999 -9999 -9999 -9999 -9999 -9999 61.158 66.379 70.083 68.234 67.378 -9999 -9999 97.84 96.212 70.551 67.408 63.022 59.656 49.246 47.382 44.918 48.176 50.027 -9999 42.637 41.522 42.692 43.304 45.295 46.54 48.308 47.812 46.723 46.749 48.19 53.048 54.733 61.016 83.403 88.953 84.251 74.27 62.921 65.452 61.701 54.376 47.562 43.568 41.785 39.81 38.793 38.128 37.776 37.61 36.25 34.642 35.269 36.074 37.211 36.514 36.168 36.75 37.381
-9999 -9999 -9999 -9999 -9999 -9999 -9999 -9999 -9999 -9999 -9999 -9999 -9999 -9999 -9999 -9999 -9999 59.389 63.328 65.339 70.726 77.256 93.174 107.671 128.865 108.461 88.676 76.71 67.771 63.513 54.945 47.459 49.932 56.044 51.501 50.394 45.19 42.03 40.882 41.224 43.484 48.153 48.462 47.336 46.68 44.833 46.672 50.157 52.387 68.314 85.117 88.159 80.808 78.777 66.746 60.067 63.424 57.354 50.15 45.949 42.899 39.971 40.207 39.194 37.793 37.424 35.258 34.641 36.755 37.775 37.18 36.354 35.399 34.104 34.325
-9999 -9999 -9999 -9999 -9999 -9999 -9999 -9999 -9999 -9999 -9999 -9999 -9999 -9999 -9999 -9999 -9999 -9999 66.816 71.922 81.695 110.973 132.756 158.621 165.959 142.596 112.316 99.544 86.866 78.091 68.477 62.076 57.532 51.226 57.876 50.481 46.9 45.504 41.479 41.378 43.121 45.295 45.659 44.483 42.493 43.877 45.216 46.778 54.666 66.762 76.329 82.616 71.82 74.68 70.385 57.954 58.987 59.659 51.496 49.012 45.783 43.308 42.091 40.631 38.723 37.213 35.257 34.54 32.733 35.927 36.732 34.511 33.93 33.439 34.173
-9999 -9999 -9999 -9999 -9999 -9999 -9999 -9999 -9999 -9999 -9999 -9999 -9999 -9999 -9999 -9999 -9999 -9999 -9999 -9999 103.379 142.779 168.295 207.306 191.392 150.348 112.978 100.238 100.875 90.697 84.277 73.595 63.399 51.357 53.685 59.872 58.577 49.373 41.413 41.366 41.984 44.128 43.884 42.668 42.06 42.828 44.282 47.102 56.416 64.345 64.875 71.844 75.551 75.181 69.439 60.665 57.251 56.859 50.447 48.647 48.524 46.199 43.828 40.74 38.171 37.149 34.6 34.102 33.757 32.322 35.375 34.316 33.209 32.592 32.782
-9999 -9999 -9999 -9999 -9999 -9999 -9999 -9999 -9999 -9999 -9999 -9999 -9999 -9999 -9999 -9999 -9999 -9999 -9999 96.46 134.886 149.932 197.809 233.848 192.433 137.635 111.704 101.491 96.019 84.106 80.995 78.135 60.154 56.48 68.133 69.524 60.637 47.003 44.366 42.615 43.252 44.853 44.561 43.28 42.129 42.726 44.805 50.966 55.23 54.664 61.555 64.761 70.191 74.378 68.463 62.759 58.926 53.06 49.46 47.786 47.585 47.479 43.772 41.975 38.06 35.655 33.82 33.411 33.132 35.464 35.408 34.912 33.589 32.808 32.452
-9999 -9999 -9999 -9999 -9999 -9999 -9999 -9999 -9999 -9999 -9999 -9999 -9999 -9999 -9999 -9999 -9999 -9999 89.374 128.228 125.781 162.043 194.579 189.329 185.055 150.809 130.821 123.219 103.763 83.304 73.006 63.085 61.35 67.861 74.474 70.929 59.833 49.111 42.898 42.455 45.372 45.425 44.136 43.039 42.352 43.882 49.172 51.741 50.965 57.314 56.649 63.792 68.902 64.356 63.788 57.426 57.334 53.279 48.124 49.563 48.513 45.996 43.643 41.182 40.291 35.326 33.484 33.367 33.258 34.328 36.016 34.239 34.238 33.057 32.729
-9999 -9999 -9999 -9999 -9999 -9999 -9999 -9999 -9999 -9999 -9999 -9999 -9999 -9999 -9999 -9999 -9999 81.168 108.266 103.566 119.415 126.432 133.406 139.555 147.489 152.028 145.111 135.888 113.461 82.739 80.957 69.682 71.89 71.753 66.685 65.371 57.776 49.225 44.302 44.121 46.019 45.027 44.309 43.356 44.346 48.858 51.109 51.547 55.355 55.558 57.137 54.205 57.861 59.907 55.268 53.721 52.096 51.709 47.532 44.456 45.753 43.631 40.623 37.453 36.431 33.277 30.687 32.378 33.338 33.854 36.088 34.03 33.792 33.515 32.121
-9999 -9999 -9999 -9999 -9999 -9999 -9999 -9999 -9999 -9999 -9999 -9999 -9999 -9999 -9999 71.506 73.855 79.155 84.21 92.335 89.541 94.858 93.401 106.174 127.629 140.95 144.267 146.095 103.419 89.601 79.582 75.824 84.75 81.831 76.145 67.444 60.336 52.704 46.212 45.298 45.562 45.204 44.775 45.223 47.454 49.546 52.113 51.538 53.857 58.066 58.156 57.887 54.351 51.088 49.748 48.754 48.157 46.465 45.153 43.408 40.898 39.454 37.132 35.921 34.025 32.796 32.036 33.161 35.123 36.366 37.369 35.407 33.312 33.126 32.312
-9999 -9999 -9999 -9999 -9999 -9999 -9999 -9999 -9999 -9999 -9999 -9999 -9999 -9999 72.58 72.799 71.837 72.852 -9999 -9999 -9999 -9999 93.123 111.131 140.407 144.903 147.484 127.563 112.91 111.865 102.02 103.433 114.693 101.042 82.382 70.321 64.16 50.6 46.664 45.178 44.556 45.113 45.155 44.65 46.563 47.232 49.872 48.963 50.986 52.679 52.267 52.12 51.311 48.313 46.852 44.35 42.606 42.105 40.294 40.648 39.628 36.732 36.143 35.971 34.991 34.776 35.22 36.273 37.023 38.565 38.672 36.686 33.178 32.622 32.464
-9999 -9999 -9999 -9999 -9999 -9999 -9999 -9999 -9999 -9999 -9999 -9999 -9999 -9999 72.372 72.59 70.629 -9999 -9999 -9999 -9999 -9999 92.125 118.817 150.476 149.999 148.389 150.304 141.406 133.794 122.085 115.546 109.714 85.036 75.685 68.861 56.241 49.922 45.487 45.066 45.174 46.41 45.474 46.179 46.57 47.395 50.658 48.89 47.161 47.526 47.268 47.714 49.021 48.801 46.254 43.429 40.71 40.106 40.342 37.918 37.538 33.942 32.367 35.999 37.635 39.087 40.059 41.144 40.938 39.217 38.287 36.038 34.142 32.941 33.505
-9999 -9999 -9999 -9999 -9999 -9999 -9999 -9999 -9999 -9999 -9999 -9999 -9999 -9999 -9999 -9999 69.149 -9999 -9999 -9999 -9999 -9999 88.556 115.738 127.999 135.115 143.442 140.427 151.975 141.482 117.849 114.029 95.682 81.496 70.791 59.738 51.638 45.975 46.656 44.602 44.509 43.845 42.994 44.919 42.793 46.96 48.486 45.936 45.905 46.28 47.059 45.961 45.801 46.888 45.281 43.617 44.253 42.777 40.734 38.622 36.586 38.701 34.816 33.827 38.104 39.175 40.58 41.915 42.914 40.193 38.341 36.692 34.883 34.513 34.725
-9999 -9999 -9999 -9999 -9999 -9999 -9999 -9999 -9999 -9999 -9999 -9999 -9999 -9999 -9999 -9999 -9999 -9999 -9999 -9999 -9999 -9999 94.208 98.4 112.393 134.165 140.519 152.35 151.247 145.898 125.991 106.248 87.286 73.24 56.58 53.538 46.365 45.734 43.608 42.996 42.024 41.424 41.372 40.112 41.889 45.438 45.132 45.913 44.735 43.649 50.263 46.847 43.663 43.311 43.747 42.529 43.672 44.422 42.673 43.004 43.652 40.553 38.857 34.964 35.58 39.295 39.224 40.241 40.86 39.5 37.373 36.441 35.161 33.913 34.308
-9999 -9999 -9999 -9999 -9999 -9999 -9999 -9999 -9999 -9999 -9999 -9999 -9999 -9999 -9999 -9999 -9999 -9999 -9999 -9999 -9999 -9999 -9999 109.406 148.956 178.534 165.193 151.479 139.973 126.253 108.095 93.337 75.866 57.901 63.111 59.782 47.248 48.096 46.592 46.944 40.524 40.43 40.539 42.223 45.202 47.685 47.256 46.446 44.39 45.216 48.423 48.266 44.052 41.745 40.493 40.644 42.589 43.699 42.808 46.426 47.962 43.737 39.436 37.451 37.895 39.807 41.686 41.037 40.991 39.398 37.877 35.936 33.727 32.703 33.322
-9999 -9999 -9999 -9999 -9999 -9999 -9999 -9999 -9999 -9999 -9999 -9999 -9999 -9999 -9999 -9999 -9999 -9999 -9999 -9999 -9999 -9999 90.298 114.146 157.261 164.785 152.752 136.247 129.037 116.539 108.099 93.95 71.518 64.172 66.002 53.952 60.161 50.341 46.321 41.214 43.308 40.64 43.894 48.813 49.325 48.398 45.366 46.027 44.881 45.128 46.716 46.304 43.321 41.722 39.827 39.173 38.49 41.916 42.991 43.544 45.785 42.484 39.521 39.386 39.85 42.129 44.237 43.122 41.156 39.608 39.315 36.947 35.051 32.971 32.511
-9999 -9999 -9999 -9999 -9999 -9999 -9999 -9999 -9999 -9999 -9999 -9999 -9999 -9999 -9999 -9999 -9999 -9999 -9999 -9999 -9999 -9999 85.084 109.692 140.071 128.161 121.296 114.426 112.381 113.467 105.531 85.059 68.645 64.999 55.708 50.38 53.763 54.504 50.291 51.775 48.246 47.354 43.84 46.301 46.793 45.644 44.952 46.119 46.393 47.185 46.576 46.201 45.674 43.586 41.371 39.337 38.834 39.632 41.555 42.2 43.202 40.644 38.266 39.103 42.849 41.963 43.72 44.448 40.976 39.172 37.121 35.544 35.065 34.509 30.734
-9999 -9999 -9999 -9999 -9999 -9999 -9999 -9999 -9999 -9999 -9999 -9999 -9999 -9999 -9999 -9999 -9999 -9999 -9999 -9999 -9999 -9999 76.913 94.117 94.924 117.031 108.249 106.577 111.335 110.804 94.266 83.558 67.281 60.944 50.672 51.146 55.589 59.741 62.076 62.46 55.847 51.264 47.229 46.729 47.38 44.468 44.929 45.18 46.16 48.543 47.975 48.104 47.327 44.686 41.791 42.233 41.008 40.866 41.441 39.785 39.293 38.719 39.067 39.802 41.736 43.201 41.208 40.622 39.072 38.604 38.595 34.456 32.202 34.158 33.396
-9999 -9999 -9999 -9999 -9999 -9999 -9999 -9999 -9999 -9999 -9999 -9999 -9999 -9999 -9999 -9999 -9999 -9999 -9999 -9999 -9999 -9999 -9999 77.606 108.203 119.949 132.108 137.325 119.847 100.995 82.339 65.169 60.312 55.858 53.311 51.079 53.237 58.097 63.35 64.1 57.752 49.451 46.16 50.746 48.853 45.268 46.145 44.765 46.723 48.099 47.231 46.064 46.808 44.744 41.963 42.741 44.086 41.995 41.31 40.828 38.381 38.183 39.111 39.748 40.32 39.813 39.932 38.499 37.746 38.93 37.559 36.204 33.515 33.46 33.946
-9999 -9999 -9999 -9999 -9999 -9999 -9999 -9999 -9999 -9999 -9999 -9999 -9999 -9999 -9999 -9999 -9999 -9999 -9999 -9999 -9999 -9999 -9999 86.256 105.664 128.51 159.252 157.05 132.457 103.83 74.857 62.859 62.423 65.595 65.935 64.167 58.251 53.812 60.727 61.631 55.976 58.675 63.075 55.219 51.515 49.049 47.537 46.123 46.341 47.067 48.957 47.841 46.318 45.228 45.416 44.451 44.346 43.1 42.306 42.643 42.15 40.971 41.157 40.187 39.979 40.247 39.874 40.032 38.079 39.364 38.257 36.056 35.716 34.989 34.045
-9999 -9999 -9999 -9999 -9999 -9999 -9999 -9999 -9999 -9999 -9999 -9999 -9999 -9999 -9999 -9999 -9999 -9999 -9999 -9999 -9999 -9999 72.646 77.073 103.65 135.776 152.6 145.494 126.373 98.707 87.69 87.513 79.801 77.014 73.82 64.41 58.21 59.796 61.91 55.208 58.983 63.568 57.783 58.427 53.086 49.056 48.482 44.715 46.281 50.485 52.196 51.515 48.856 46.464 43.783 45.052 45.106 46.556 44.664 43.515 42.284 42.599 42.877 42.702 41.496 42.433 40.506 40.109 39.237 39.492 37.536 36.158 35.98 34.965 34.279
-9999 -9999 -9999 -9999 -9999 -9999 -9999 -9999 -9999 -9999 -9999 -9999 -9999 -9999 -9999 -9999 -9999 -9999 -9999 -9999 -9999 -9999 69.812 85.095 100.132 117.687 138.433 143.796 124.064 104.153 88.218 83.862 86.677 81.078 76.062 71.822 71.271 65.385 56.954 59.617 56.338 56.491 57.314 61.153 49.912 48.671 45.454 42.593 45.531 50.117 56.716 53.456 51.887 47.876 45.322 42.639 43.475 42.178 42.875 41.005 41.168 40.934 42.9 44.162 43.986 43.49 42.771 41.033 38.318 37.304 37.079 36.338 37.059 35.172 34.897
-9999 -9999 -9999 -9999 -9999 -9999 -9999 -9999 -9999 -9999 -9999 -9999 -9999 -9999 -9999 -9999 -9999 -9999 -9999 -9999 -9999 -9999 77.316 83.725 89.399 113.877 134.0 139.71 130.142 102.909 86.25 89.406 84.719 78.411 78.3 79.947 74.355 61.159 60.518 55.67 60.391 52.445 56.23 51.629 48.066 46.957 41.912 42.119 43.967 51.053 51.702 53.236 51.683 49.385 47.058 44.326 42.307 41.517 40.283 40.675 39.257 39.513 40.269 42.66 43.185 41.588 42.08 40.264 39.48 36.484 36.486 36.221 35.509 33.53 33.035
-9999 -9999 -9999 -9999 -9999 -9999 -9999 -9999 -9999 -9999 -9999 -9999 -9999 -9999 -9999 -9999 -9999 -9999 -9999 -9999 -9999 72.053 79.572 86.194 93.808 104.648 122.915 130.014 124.393 98.784 84.148 80.323 74.148 75.595 84.242 77.124 69.826 68.233 58.558 56.154 50.864 48.322 47.988 48.483 49.218 43.623 42.671 43.147 42.57 44.921 48.132 49.496 49.938 47.937 46.071 44.733 42.529 40.171 38.524 39.01 39.609 40.412 41.724 42.001 41.769 40.312 39.601 39.869 36.953 36.798 36.335 36.439 35.998 33.112 31.785
-9999 -9999 -9999 -9999 -9999 -9999 -9999 -9999 -9999 -9999 -9999 -9999 -9999 -9999 -9999 -9999 -9999 -9999 -9999 -9999 73.186 73.296 78.515 80.8 83.316 108.479 126.841 133.948 125.099 106.633 89.476 83.231 74.412 77.726 82.652 71.893 71.755 64.498 56.375 52.03 49.816 48.575 51.694 52.638 51.662 50.463 46.745 41.939 41.643 44.094 44.762 45.525 46.53 46.18 44.665 46.315 43.57 40.037 38.609 39.145 39.83 39.109 40.657 42.272 40.954 39.063 37.84 36.803 36.98 38.039 37.768 36.477 36.774 34.621 32.251
-9999 -9999 -9999 -9999 -9999 -9999 -9999 -9999 -9999 -9999 -9999 -9999 -9999 -9999 -9999 -9999 -9999 -9999 83.584 79.115 77.366 72.772 75.779 80.052 90.245 113.971 130.582 140.906 131.36 108.216 91.01 75.672 74.321 77.179 80.125 73.001 65.463 59.231 52.909 51.149 48.702 50.768 51.896 49.873 51.415 47.912 44.542 43.463 43.245 44.093 43.645 43.315 43.409 43.252 40.278 39.699 40.965 40.771 41.614 42.864 45.078 45.781 43.021 41.527 39.992 39.192 40.274 38.032 37.023 36.215 37.79 36.461 35.363 34.621 32.873
