Validation/Results/raw data/ReClimate_02_2024_2_Temperatureweatherlogisticsltd.asc
NCOLS 192
NROWS 249
XLLCENTER -225160.85627316462
YLLCENTER 29788.11610251502
CELLSIZE 5000.0
NODATA_VALUE -9999
[rows 170 to 203 of 249, columns 77 to 153 of 192]
-9999 -9999 -9999 -9999 -9999 -9999 -9999 -9999 -9999 -9999 -9999 -9999 -9999 -9999 -9999 0.112 0.12 -9999 -9999 -9999 -9999 -9999 -9999 -9999 -9999 -9999 -9999 -9999 -9999 -9999 -9999 -9999 -9999 -9999 0.186 0.184 0.2 0.22 0.215 0.21 0.214 0.218 0.225 0.233 0.239 0.243 0.25 0.259 0.27 0.283 0.279 0.272 0.277 0.282 0.288 0.296 0.294 0.291 0.299 0.308 0.327 0.35 0.341 0.328 0.326 0.323 0.326 0.328 0.33 0.334 0.335 0.337 0.343 0.351 0.354 0.357 0.357
-9999 -9999 -9999 -9999 -9999 -9999 -9999 -9999 -9999 -9999 -9999 -9999 -9999 -9999 -9999 0.12 0.127 0.135 -9999 -9999 -9999 -9999 -9999 -9999 -9999 -9999 -9999 -9999 -9999 -9999 -9999 -9999 -9999 0.194 0.192 0.185 0.201 0.22 0.218 0.219 0.222 0.221 0.225 0.224 0.226 0.224 0.233 0.25 0.257 0.257 0.267 0.269 0.273 0.277 0.278 0.282 0.286 0.286 0.298 0.31 0.32 0.337 0.334 0.325 0.331 0.333 0.336 0.338 0.336 0.337 0.339 0.341 0.354 0.367 0.365 0.366 0.386
-9999 -9999 -9999 -9999 -9999 -9999 -9999 -9999 -9999 -9999 -9999 -9999 -9999 -9999 0.122 0.13 0.136 0.143 0.137 -9999 -9999 -9999 -9999 -9999 -9999 -9999 -9999 -9999 -9999 -9999 0.174 -9999 -9999 0.199 0.196 0.19 0.205 0.223 -9999 0.226 0.226 0.225 0.225 0.223 0.221 0.218 0.232 0.247 0.248 0.248 0.257 0.269 0.272 0.276 0.277 0.278 0.281 0.285 0.297 0.312 0.322 0.334 0.332 0.327 0.333 0.339 0.343 0.346 0.345 0.344 0.345 0.348 0.361 0.378 0.378 0.379 0.4
-9999 -9999 -9999 -9999 -9999 -9999 -9999 -9999 -9999 -9999 -9999 -9999 -9999 -9999 0.129 0.129 0.138 0.153 0.15 0.152 0.159 -9999 -9999 -9999 0.157 0.184 -9999 0.182 0.175 0.161 0.168 0.185 -9999 -9999 0.201 0.188 -9999 -9999 0.202 0.219 0.224 0.237 0.232 0.217 0.216 0.217 0.226 0.235 0.246 0.252 0.258 0.267 0.277 0.284 0.287 0.289 0.281 0.278 0.289 0.302 0.307 0.315 0.333 0.342 0.337 0.337 0.341 0.344 0.347 0.348 0.357 0.364 0.358 0.363 0.375 0.384 0.398
-9999 -9999 -9999 -9999 -9999 -9999 -9999 -9999 -9999 -9999 -9999 -9999 -9999 -9999 -9999 0.135 0.148 0.162 0.163 0.164 -9999 -9999 0.155 0.15 0.169 0.196 0.189 0.181 0.172 0.16 0.173 0.19 0.199 -9999 0.202 0.189 0.189 0.189 0.202 0.219 0.23 0.244 0.232 0.217 0.217 0.218 0.223 0.231 0.242 0.254 0.26 0.267 0.276 0.288 0.29 0.293 0.286 0.278 0.288 0.301 0.305 0.31 0.327 0.349 0.346 0.34 0.344 0.347 0.352 0.355 0.363 0.375 0.37 0.365 0.378 0.396 0.411
-9999 -9999 -9999 -9999 -9999 -9999 -9999 -9999 -9999 -9999 -9999 -9999 -9999 -9999 -9999 0.148 0.159 0.163 0.164 0.165 0.168 0.175 0.166 0.159 0.171 0.174 0.171 0.179 0.176 0.183 0.192 0.194 0.202 0.209 0.199 0.186 0.191 0.207 0.217 0.224 0.23 0.228 0.223 0.232 0.234 0.235 0.238 0.236 0.249 0.272 0.266 0.265 0.27 0.278 0.279 0.28 0.288 0.289 0.29 0.297 0.31 0.32 0.318 0.327 0.336 0.338 0.346 0.353 0.369 0.378 0.368 0.368 0.371 0.374 0.391 0.409 0.419
-9999 -9999 -9999 -9999 -9999 -9999 -9999 -9999 -9999 -9999 -9999 -9999 -9999 -9999 -9999 -9999 0.163 0.169 0.17 0.17 0.176 0.182 0.175 0.167 0.167 0.168 0.174 0.181 0.187 0.195 0.199 0.202 0.208 0.214 0.204 0.192 0.204 0.219 0.224 0.231 0.229 0.227 0.234 0.243 0.245 0.246 0.244 0.242 0.259 0.281 0.275 0.266 0.27 0.275 0.276 0.277 0.285 0.295 0.296 0.297 0.31 0.326 0.324 0.322 0.33 0.341 0.349 0.358 0.375 0.392 0.383 0.372 0.376 0.385 0.402 0.421 0.431
-9999 -9999 -9999 -9999 -9999 -9999 -9999 -9999 -9999 -9999 -9999 -9999 -9999 -9999 -9999 -9999 -9999 -9999 0.172 0.169 0.174 0.183 0.174 0.159 0.161 0.169 0.168 0.157 0.168 0.191 0.198 0.214 0.218 0.22 0.216 0.223 0.227 0.217 0.224 0.24 0.236 0.226 0.231 0.232 0.239 0.256 0.252 0.245 0.259 0.272 0.264 0.253 0.259 0.264 0.265 0.266 0.272 0.28 0.289 0.294 0.299 0.309 0.325 0.332 0.332 0.338 0.346 0.355 0.375 0.393 0.387 0.378 0.385 0.395 0.405 0.42 0.436
-9999 -9999 -9999 -9999 -9999 -9999 -9999 -9999 -9999 -9999 -9999 -9999 -9999 -9999 -9999 -9999 -9999 0.179 0.177 0.173 0.18 0.188 0.176 0.161 0.166 0.174 0.166 0.157 0.175 0.196 0.21 0.225 0.226 0.227 0.233 0.24 0.231 0.221 0.232 0.248 0.24 0.231 0.231 0.232 0.247 0.263 0.257 0.25 0.259 0.272 0.263 0.253 0.258 0.266 0.266 0.267 0.272 0.279 0.287 0.297 0.302 0.308 0.321 0.338 0.339 0.339 0.346 0.356 0.375 0.396 0.391 0.385 0.393 0.404 0.415 0.426 0.442
-9999 -9999 -9999 -9999 -9999 -9999 -9999 -9999 -9999 -9999 -9999 -9999 -9999 -9999 -9999 -9999 0.187 0.19 0.187 0.181 0.186 0.192 0.184 0.182 0.184 0.176 0.17 0.168 0.178 0.178 0.193 0.218 0.223 0.24 0.24 0.23 0.222 0.218 0.23 0.249 0.246 0.25 0.249 0.241 0.257 0.277 0.271 0.261 0.264 0.259 0.266 0.265 0.257 0.257 0.269 0.276 0.278 0.282 0.281 0.285 0.296 0.305 0.313 0.326 0.334 0.337 0.347 0.357 0.36 0.37 0.383 0.389 0.396 0.405 0.416 0.428 0.451
-9999 -9999 -9999 -9999 -9999 -9999 -9999 -9999 -9999 -9999 -9999 -9999 -9999 -9999 -9999 0.192 0.195 0.199 0.194 0.188 0.193 0.198 0.197 0.199 0.193 0.185 0.182 0.18 0.179 0.178 0.197 0.22 0.234 0.25 0.241 0.231 0.227 0.222 0.236 0.254 0.257 0.261 0.256 0.249 0.266 0.286 0.279 0.27 0.266 0.26 0.266 0.275 0.268 0.26 0.271 0.285 0.287 0.29 0.287 0.285 0.296 0.309 0.316 0.326 0.333 0.342 0.351 0.363 0.365 0.366 0.379 0.396 0.403 0.412 0.422 0.433 0.451
-9999 -9999 -9999 -9999 -9999 -9999 -9999 -9999 -9999 -9999 -9999 -9999 -9999 0.184 0.192 0.196 0.202 0.214 0.21 0.204 0.207 0.203 0.205 0.205 0.199 0.194 0.191 0.187 0.186 0.188 0.203 0.214 0.225 0.24 0.235 0.239 0.239 0.245 0.253 0.253 0.254 0.256 0.252 0.254 0.27 0.291 0.283 0.274 0.271 0.27 0.271 0.277 0.278 0.274 0.279 0.289 0.288 0.288 0.288 0.285 0.286 0.293 0.311 0.326 0.335 0.345 0.358 0.372 0.377 0.381 0.39 0.404 0.411 0.418 0.421 0.433 -9999
-9999 -9999 -9999 -9999 -9999 -9999 -9999 -9999 -9999 -9999 -9999 -9999 0.194 0.19 0.194 0.201 -9999 -9999 -9999 -9999 0.219 0.214 0.215 0.215 0.211 0.206 0.202 0.198 0.198 0.2 0.208 0.217 0.228 0.241 0.244 0.247 0.252 0.258 0.257 0.256 0.256 0.257 0.259 0.261 0.278 0.298 0.29 0.281 0.28 0.279 0.281 0.284 0.285 0.285 0.29 0.297 0.296 0.294 0.293 0.293 0.292 0.293 0.31 0.331 0.34 0.351 0.364 0.38 0.386 0.392 0.403 0.416 0.423 0.429 0.429 0.429 0.451
-9999 -9999 -9999 -9999 -9999 -9999 -9999 -9999 -9999 -9999 -9999 -9999 0.2 0.188 0.195 -9999 -9999 -9999 -9999 -9999 0.235 0.234 0.229 0.213 0.21 0.208 0.206 0.207 0.21 0.217 0.227 0.243 0.248 0.241 0.243 0.244 0.245 0.243 0.243 0.252 0.254 0.265 0.27 0.277 0.287 0.29 0.287 0.291 0.289 0.283 0.285 0.289 0.292 0.294 0.295 0.298 0.304 0.306 0.304 0.303 0.313 0.32 0.321 0.333 0.339 0.349 0.36 0.375 0.383 0.391 0.404 0.418 0.431 0.439 0.443 0.445 0.452
-9999 -9999 -9999 -9999 -9999 -9999 -9999 -9999 -9999 -9999 -9999 -9999 -9999 -9999 0.207 -9999 -9999 -9999 -9999 -9999 0.236 0.248 0.236 0.22 0.219 0.219 0.222 0.224 0.231 0.238 0.251 0.268 0.261 0.254 0.253 0.253 0.249 0.245 0.249 0.255 0.263 0.275 0.282 0.288 0.29 0.292 0.296 0.301 0.296 0.29 0.293 0.297 0.299 0.303 0.304 0.305 0.31 0.317 0.315 0.314 0.323 0.336 0.337 0.34 0.348 0.356 0.368 0.383 0.392 0.402 0.416 0.431 0.442 0.453 0.456 0.46 0.465
-9999 -9999 -9999 -9999 -9999 -9999 -9999 -9999 -9999 -9999 -9999 -9999 -9999 -9999 -9999 -9999 -9999 -9999 -9999 -9999 0.248 0.245 0.235 0.224 0.231 0.252 0.253 0.249 0.256 0.268 0.276 0.276 0.267 0.255 0.254 0.259 0.256 0.26 0.256 0.244 0.255 0.278 0.284 0.295 0.296 0.297 0.296 0.288 0.296 0.298 0.294 0.293 0.295 0.298 0.304 0.307 0.315 0.322 0.327 0.33 0.329 0.336 0.349 0.358 0.352 0.354 0.372 0.389 0.401 0.413 0.428 0.443 0.451 0.459 0.468 0.475 0.474
-9999 -9999 -9999 -9999 -9999 -9999 -9999 -9999 -9999 -9999 -9999 -9999 -9999 -9999 -9999 -9999 -9999 -9999 -9999 -9999 -9999 0.261 0.253 0.242 0.26 0.28 0.277 0.272 0.282 0.293 0.292 0.291 0.28 0.268 0.27 0.273 0.275 0.278 0.267 0.255 0.271 0.292 0.299 0.308 0.306 0.304 0.297 0.288 0.296 0.307 0.303 0.299 0.3 0.303 0.308 0.315 0.322 0.332 0.339 0.347 0.347 0.347 0.36 0.377 0.371 0.364 0.381 0.403 0.415 0.429 0.444 0.458 0.465 0.472 0.48 0.491 0.49
-9999 -9999 -9999 -9999 -9999 -9999 -9999 -9999 -9999 -9999 -9999 -9999 -9999 -9999 -9999 -9999 -9999 -9999 -9999 -9999 0.269 0.272 0.265 0.256 0.27 0.283 0.284 0.296 0.302 0.304 0.301 0.296 0.29 0.294 0.294 0.291 0.289 0.284 0.277 0.278 0.29 0.301 0.308 0.321 0.319 0.323 0.317 0.317 0.32 0.328 0.323 0.318 0.313 0.312 0.318 0.326 0.337 0.35 0.352 0.358 0.364 0.368 0.372 0.384 0.389 0.389 0.403 0.422 0.425 0.434 0.457 0.474 0.479 0.485 0.491 0.5 0.503
-9999 -9999 -9999 -9999 -9999 -9999 -9999 -9999 -9999 -9999 -9999 -9999 -9999 -9999 -9999 -9999 -9999 -9999 -9999 -9999 0.293 0.293 0.287 0.277 0.286 0.297 0.306 0.318 0.319 0.321 0.316 0.31 0.312 0.317 0.314 0.311 0.305 0.3 0.3 0.301 0.308 0.317 0.326 0.338 0.339 0.341 0.34 0.34 0.338 0.341 0.337 0.332 0.327 0.323 0.33 0.34 0.352 0.367 0.37 0.373 0.379 0.386 0.391 0.397 0.403 0.41 0.423 0.44 0.444 0.447 0.468 0.49 0.494 0.499 0.505 0.513 0.516
-9999 -9999 -9999 -9999 -9999 -9999 -9999 -9999 -9999 -9999 -9999 -9999 -9999 -9999 -9999 -9999 -9999 -9999 -9999 -9999 0.304 0.305 0.305 0.32 0.325 0.322 0.328 0.33 0.331 0.334 0.329 0.326 0.326 0.321 0.326 0.351 0.346 0.338 0.339 0.342 0.344 0.339 0.342 0.337 0.336 0.337 0.337 0.345 0.346 0.348 0.338 0.33 0.327 0.323 0.333 0.344 0.361 0.378 0.385 0.391 0.393 0.398 0.406 0.413 0.413 0.416 0.428 0.443 0.453 0.458 0.472 0.489 0.491 0.493 0.51 0.524 0.524
-9999 -9999 -9999 -9999 -9999 -9999 -9999 -9999 -9999 -9999 -9999 -9999 -9999 -9999 -9999 -9999 -9999 -9999 -9999 -9999 -9999 0.324 0.337 0.352 0.35 0.346 0.346 0.347 0.349 0.352 0.349 0.346 0.34 0.335 0.354 0.38 0.373 0.366 0.368 0.371 0.366 0.361 0.355 0.349 0.348 0.347 0.352 0.359 0.36 0.363 0.35 0.34 0.337 0.334 0.344 0.356 0.372 0.392 0.4 0.408 0.411 0.413 0.421 0.43 0.43 0.43 0.441 0.456 0.465 0.472 0.484 0.498 0.499 0.501 0.517 0.538 0.537
-9999 -9999 -9999 -9999 -9999 -9999 -9999 -9999 -9999 -9999 -9999 -9999 -9999 -9999 -9999 -9999 -9999 -9999 -9999 -9999 -9999 0.35 0.364 0.379 0.377 0.375 0.37 0.355 0.355 0.355 0.356 0.37 0.368 0.373 0.384 0.379 0.373 0.37 0.372 0.379 0.373 0.366 0.363 0.366 0.362 0.354 0.357 0.363 0.371 0.379 0.361 0.344 0.344 0.343 0.356 0.369 0.379 0.394 0.405 0.416 0.418 0.42 0.428 0.437 0.441 0.443 0.449 0.46 0.469 0.475 0.487 0.5 0.501 0.502 0.514 0.532 0.541
-9999 -9999 -9999 -9999 -9999 -9999 -9999 -9999 -9999 -9999 -9999 -9999 -9999 -9999 -9999 -9999 -9999 -9999 -9999 -9999 0.373 0.374 0.388 0.403 0.402 0.399 0.387 0.372 0.371 0.37 0.38 0.393 0.396 0.402 0.397 0.392 0.388 0.385 0.389 0.394 0.387 0.381 0.383 0.386 0.377 0.369 0.371 0.375 0.384 0.398 0.381 0.362 0.359 0.358 0.37 0.385 0.394 0.405 0.416 0.429 0.431 0.433 0.441 0.451 0.455 0.46 0.466 0.473 0.48 0.486 0.496 0.51 0.511 0.512 0.523 0.538 0.547
-9999 -9999 -9999 -9999 -9999 -9999 -9999 -9999 -9999 -9999 -9999 -9999 -9999 -9999 -9999 -9999 -9999 -9999 -9999 -9999 0.397 0.402 0.408 0.398 0.401 0.417 0.404 0.389 0.39 0.394 0.398 0.392 0.397 0.412 0.41 0.413 0.41 0.408 0.408 0.405 0.398 0.39 0.388 0.383 0.378 0.386 0.384 0.377 0.383 0.39 0.395 0.388 0.396 0.4 0.391 0.395 0.403 0.414 0.422 0.433 0.432 0.432 0.438 0.445 0.463 0.476 0.483 0.49 0.492 0.495 0.495 0.501 0.516 0.525 0.534 0.547 0.551
-9999 -9999 -9999 -9999 -9999 -9999 -9999 -9999 -9999 -9999 -9999 -9999 -9999 -9999 -9999 -9999 -9999 -9999 -9999 -9999 0.425 0.428 0.42 0.409 0.423 0.439 0.426 0.411 0.414 0.418 0.412 0.406 0.416 0.431 0.433 0.436 0.434 0.431 0.427 0.423 0.415 0.407 0.401 0.394 0.398 0.405 0.397 0.39 0.395 0.402 0.406 0.412 0.419 0.429 0.419 0.41 0.418 0.428 0.436 0.445 0.445 0.444 0.449 0.456 0.473 0.493 0.5 0.508 0.509 0.508 0.507 0.507 0.521 0.539 0.548 0.559 0.563
-9999 -9999 -9999 -9999 -9999 -9999 -9999 -9999 -9999 -9999 -9999 -9999 -9999 -9999 -9999 -9999 -9999 -9999 -9999 0.442 0.449 0.442 0.439 0.444 0.452 0.451 0.438 0.422 0.424 0.427 0.423 0.426 0.435 0.444 0.448 0.458 0.453 0.445 0.441 0.441 0.432 0.422 0.416 0.41 0.412 0.414 0.408 0.414 0.417 0.418 0.427 0.436 0.428 0.428 0.429 0.424 0.426 0.433 0.442 0.451 0.467 0.476 0.459 0.452 0.469 0.488 0.513 0.53 0.527 0.523 0.518 0.516 0.523 0.535 0.552 0.567 0.569
-9999 -9999 -9999 -9999 -9999 -9999 -9999 -9999 -9999 -9999 -9999 -9999 -9999 -9999 -9999 -9999 -9999 -9999 0.458 0.467 0.466 0.461 0.466 0.471 0.471 0.469 0.457 0.442 0.444 0.446 0.447 0.45 0.456 0.464 0.471 0.479 0.471 0.463 0.463 0.463 0.453 0.442 0.437 0.432 0.431 0.432 0.434 0.439 0.439 0.439 0.446 0.458 0.451 0.442 0.442 0.444 0.443 0.447 0.455 0.465 0.48 0.499 0.483 0.462 0.478 0.498 0.522 0.549 0.545 0.538 0.534 0.529 0.535 0.542 0.558 0.577 0.579
-9999 -9999 -9999 -9999 -9999 -9999 -9999 -9999 -9999 -9999 -9999 -9999 -9999 -9999 -9999 -9999 0.44 0.457 0.465 0.45 0.456 0.484 0.485 0.478 0.48 0.489 0.473 0.444 0.444 0.443 0.449 0.47 0.478 0.489 0.491 0.49 0.484 0.483 0.476 0.458 0.455 0.467 0.465 0.469 0.47 0.474 0.475 0.475 0.469 0.453 0.454 0.46 0.457 0.451 0.448 0.447 0.456 0.463 0.468 0.476 0.494 0.514 0.516 0.507 0.503 0.512 0.523 0.541 0.54 0.535 0.532 0.528 0.538 0.548 0.558 0.574 0.579
-9999 -9999 -9999 -9999 -9999 -9999 -9999 -9999 -9999 -9999 -9999 -9999 -9999 -9999 -9999 0.443 0.454 0.455 0.453 0.456 0.48 0.507 0.502 0.495 0.502 0.511 0.488 0.46 0.459 0.458 0.474 0.495 0.503 0.512 0.51 0.507 0.505 0.503 0.487 0.47 0.478 0.49 0.493 0.498 0.5 0.505 0.504 0.504 0.49 0.474 0.474 0.476 0.472 0.468 0.465 0.462 0.47 0.481 0.484 0.491 0.508 0.529 0.531 0.533 0.531 0.529 0.539 0.548 0.546 0.543 0.538 0.536 0.545 0.558 0.568 0.582 0.586
-9999 -9999 -9999 -9999 -9999 -9999 -9999 -9999 -9999 -9999 -9999 -9999 0.452 0.445 0.448 0.459 0.459 0.459 0.465 0.48 0.499 0.515 0.513 0.517 0.521 0.52 0.505 0.499 0.498 0.494 0.511 0.53 0.534 0.53 0.526 0.523 0.516 0.505 0.5 0.515 0.516 0.505 0.509 0.517 0.517 0.514 0.515 0.524 0.512 0.498 0.484 0.477 0.476 0.474 0.479 0.481 0.481 0.486 0.486 0.491 0.505 0.524 0.529 0.533 0.542 0.545 0.547 0.551 0.543 0.538 0.542 0.543 0.549 0.559 0.563 0.572 0.574
-9999 -9999 -9999 -9999 -9999 -9999 -9999 -9999 -9999 -9999 0.445 0.456 0.461 0.463 0.475 0.483 0.481 0.478 0.49 0.505 0.518 0.533 0.536 0.54 0.539 0.538 0.534 0.53 0.526 0.522 0.536 0.555 0.552 0.548 0.546 0.543 0.531 0.519 0.53 0.545 0.534 0.523 0.529 0.538 0.534 0.529 0.536 0.547 0.534 0.521 0.508 0.493 0.492 0.492 0.496 0.502 0.501 0.502 0.5 0.502 0.515 0.533 0.537 0.543 0.552 0.56 0.559 0.557 0.55 0.542 0.547 0.555 0.56 0.568 0.573 0.579 0.581
-9999 -9999 -9999 -9999 -9999 -9999 0.418 0.437 0.445 0.453 0.472 0.47 0.477 0.487 0.494 0.491 0.489 0.49 0.5 0.512 0.526 0.547 0.547 0.544 0.546 0.556 0.554 0.555 0.55 0.543 0.552 0.552 0.555 0.571 0.565 0.549 0.538 0.529 0.538 0.547 0.538 0.531 0.533 0.534 0.532 0.54 0.54 0.53 0.522 0.511 0.53 0.534 0.519 0.511 0.518 0.526 0.517 0.513 0.509 0.507 0.512 0.524 0.535 0.543 0.555 0.564 0.558 0.553 0.555 0.554 0.547 0.548 0.558 0.568 0.577 0.585 0.583
-9999 -9999 -9999 -9999 -9999 0.411 0.438 0.453 0.471 0.493 0.495 0.493 0.503 0.512 0.514 0.512 0.513 0.512 0.521 0.532 0.548 0.567 0.564 0.56 0.567 0.575 0.575 0.575 0.57 0.564 0.563 0.562 0.575 0.591 0.578 0.563 0.554 0.545 0.551 0.56 0.553 0.546 0.544 0.545 0.549 0.556 0.545 0.534 0.526 0.518 0.536 0.56 0.545 0.529 0.535 0.545 0.537 0.529 0.525 0.521 0.524 0.532 0.541 0.553 0.562 0.572 0.565 0.559 0.561 0.566 0.56 0.553 0.563 0.577 0.587 0.598 0.596
-9999 -9999 -9999 -9999 0.4 0.418 0.445 0.474 0.491 0.503 0.501 0.496 0.509 0.532 0.536 0.54 0.547 0.553 0.557 0.552 0.565 0.577 0.577 0.585 0.587 0.582 0.577 0.567 0.561 0.556 0.556 0.562 0.575 0.597 0.585 0.574 0.569 0.573 0.576 0.574 0.568 0.565 0.563 0.561 0.559 0.55 0.544 0.551 0.544 0.541 0.545 0.56 0.56 0.552 0.547 0.55 0.55 0.545 0.544 0.543 0.537 0.539 0.548 0.556 0.563 0.572 0.563 0.556 0.563 0.571 0.571 0.567 0.566 0.573 0.578 0.587 0.602
