Validation/Results/raw data/ReClimate_09_2024_1weatherlogisticsltd.asc
NCOLS 192
NROWS 249
XLLCENTER -225160.85627316462
YLLCENTER 29788.11610251502
CELLSIZE 5000.0
NODATA_VALUE -9999
[rows 198 to 230 of 249, columns 74 to 147 of 192]
-9999 -9999 -9999 -9999 -9999 -9999 -9999 -9999 -9999 -9999 -9999 -9999 -9999 -9999 -9999 -9999 -9999 -9999 100.188 100.214 100.238 100.259 100.278 100.296 100.313 100.33 100.346 100.361 100.374 100.386 100.398 100.411 100.426 100.446 100.477 100.508 100.537 100.565 100.592 100.618 100.642 100.664 100.686 100.708 100.73 100.753 100.774 100.796 100.821 100.847 100.893 100.964 101.038 101.113 101.19 101.269 101.35 101.429 101.503 101.578 101.657 101.723 101.782 101.845 101.912 101.986 102.067 102.155 102.254 102.36 102.472 102.586 102.707 102.826
-9999 -9999 -9999 -9999 -9999 -9999 -9999 -9999 -9999 -9999 -9999 -9999 -9999 -9999 -9999 100.09 100.102 100.127 100.156 100.182 100.206 100.227 100.247 100.265 100.283 100.303 100.33 100.339 100.336 100.348 100.359 100.371 100.384 100.406 100.433 100.459 100.487 100.515 100.542 100.569 100.594 100.619 100.641 100.663 100.686 100.71 100.734 100.761 100.79 100.82 100.868 100.938 101.015 101.091 101.169 101.25 101.331 101.412 101.492 101.573 101.654 101.734 101.798 101.861 101.928 102.0 102.08 102.167 102.263 102.364 102.469 102.58 102.698 102.81
-9999 -9999 -9999 -9999 -9999 -9999 -9999 -9999 -9999 -9999 -9999 -9999 -9999 100.077 100.07 100.07 100.076 100.09 100.121 100.148 100.173 100.195 100.215 100.234 100.251 100.278 100.316 100.316 100.298 100.31 100.321 100.332 100.347 100.368 100.393 100.418 100.444 100.468 100.493 100.52 100.546 100.572 100.596 100.619 100.642 100.667 100.695 100.727 100.759 100.791 100.837 100.904 100.981 101.06 101.139 101.22 101.301 101.382 101.466 101.555 101.647 101.738 101.812 101.875 101.942 102.013 102.089 102.17 102.257 102.349 102.446 102.551 102.668 102.78
-9999 -9999 -9999 -9999 -9999 -9999 -9999 -9999 -9999 100.101 100.086 100.075 100.065 100.053 100.052 100.053 100.053 100.064 100.084 100.113 100.139 100.162 100.183 100.201 100.214 100.238 100.254 100.25 100.261 100.272 100.283 100.294 100.309 100.332 100.357 100.381 100.405 100.428 100.453 100.477 100.501 100.525 100.55 100.574 100.598 100.626 100.658 100.691 100.723 100.756 100.8 100.864 100.941 101.021 101.103 101.187 101.27 101.351 101.435 101.524 101.618 101.717 101.807 101.878 101.945 102.013 102.085 102.161 102.242 102.326 102.418 102.518 102.628 102.735
-9999 -9999 -9999 -9999 -9999 -9999 -9999 -9999 100.095 100.077 100.063 100.051 100.04 100.033 100.033 100.034 100.035 100.039 100.052 100.075 100.103 100.127 100.147 100.162 100.176 100.188 100.201 100.212 100.223 100.235 100.245 100.256 100.273 100.297 100.321 100.345 100.369 100.392 100.415 100.439 100.462 100.484 100.507 100.533 100.562 100.591 100.625 100.658 100.691 100.724 100.765 100.826 100.904 100.984 101.066 101.15 101.234 101.316 101.399 101.486 101.577 101.673 101.776 101.858 101.926 101.997 102.072 102.147 102.222 102.303 102.39 102.485 102.589 102.69
-9999 -9999 -9999 -9999 -9999 -9999 -9999 100.092 100.072 100.055 100.04 100.029 100.018 100.013 100.014 100.016 100.018 100.019 100.025 100.039 100.068 100.098 100.106 100.122 100.137 100.15 100.163 100.175 100.186 100.197 100.208 100.219 100.237 100.261 100.285 100.309 100.333 100.356 100.379 100.401 100.422 100.444 100.472 100.501 100.53 100.564 100.598 100.632 100.665 100.699 100.737 100.792 100.87 100.949 101.03 101.112 101.194 101.276 101.36 101.446 101.535 101.628 101.727 101.824 101.898 101.968 102.041 102.12 102.2 102.28 102.363 102.453 102.552 102.647
-9999 -9999 -9999 -9999 -9999 100.121 -9999 100.071 100.051 100.035 100.021 100.01 100.0 99.995 99.996 99.999 100.002 100.003 100.005 100.014 100.034 100.05 100.065 100.083 100.098 100.112 100.125 100.138 100.149 100.16 100.171 100.183 100.202 100.226 100.25 100.274 100.297 100.32 100.34 100.361 100.385 100.414 100.442 100.471 100.503 100.539 100.575 100.609 100.643 100.677 100.712 100.762 100.837 100.915 100.995 101.075 101.155 101.235 101.318 101.403 101.492 101.585 101.681 101.779 101.865 101.937 102.007 102.082 102.162 102.248 102.335 102.423 102.516 102.606
-9999 -9999 -9999 -9999 -9999 -9999 -9999 -9999 -9999 100.016 100.004 99.993 99.983 99.979 99.98 99.984 99.987 99.989 99.991 99.993 99.997 100.004 100.024 100.043 100.059 100.074 100.087 100.138 100.258 100.235 100.149 100.157 100.166 100.19 100.214 100.237 100.259 100.279 100.3 100.325 100.355 100.384 100.413 100.443 100.476 100.515 100.552 100.587 100.622 100.656 100.691 100.739 100.804 100.882 100.96 101.039 101.116 101.196 101.277 101.361 101.448 101.538 101.632 101.732 101.821 101.902 101.975 102.047 102.123 102.205 102.295 102.39 102.481 102.566
-9999 -9999 -9999 -9999 -9999 -9999 -9999 -9999 -9999 99.998 99.986 99.976 99.967 99.962 99.964 99.969 99.972 99.975 99.977 99.973 99.97 99.974 99.982 100.002 100.019 100.034 100.045 100.115 100.122 100.088 100.116 100.119 100.129 100.154 100.177 100.198 100.218 100.239 100.264 100.295 100.325 100.355 100.385 100.415 100.451 100.49 100.529 100.566 100.601 100.636 100.671 100.713 100.771 100.848 100.925 101.002 101.078 101.157 101.237 101.32 101.406 101.493 101.583 101.679 101.771 101.852 101.933 102.005 102.078 102.156 102.242 102.334 102.433 102.516
-9999 -9999 -9999 -9999 -9999 -9999 -9999 100.011 99.993 99.98 99.969 -9999 99.951 99.946 99.948 99.953 99.958 99.96 -9999 99.956 99.952 99.95 99.954 99.961 99.979 99.994 100.009 100.032 100.078 100.091 100.075 100.08 100.092 100.116 100.137 100.157 100.177 100.202 100.234 100.265 100.296 100.327 100.357 100.388 100.426 100.466 100.505 100.544 100.58 100.616 100.651 100.688 100.74 100.814 100.889 100.964 101.04 101.117 101.197 101.279 101.364 101.45 101.537 101.63 101.722 101.803 101.882 101.959 102.03 102.104 102.185 102.272 102.365 102.454
-9999 -9999 -9999 -9999 -9999 -9999 -9999 99.992 -9999 -9999 -9999 99.943 99.935 99.93 -9999 -9999 -9999 -9999 -9999 99.946 99.935 99.933 99.931 99.935 99.941 99.955 99.971 100.005 100.025 100.03 100.07 100.068 100.053 100.074 100.095 100.115 100.138 100.171 100.204 100.236 100.267 100.298 100.328 100.362 100.401 100.441 100.481 100.521 100.559 100.596 100.632 100.668 100.712 100.778 100.852 100.926 101.001 101.077 101.156 101.236 101.319 101.404 101.493 101.584 101.677 101.758 101.833 101.911 101.984 102.055 102.132 102.213 102.3 102.381
-9999 -9999 -9999 -9999 -9999 -9999 -9999 -9999 -9999 99.947 99.936 99.927 99.919 99.914 -9999 -9999 -9999 -9999 -9999 -9999 -9999 -9999 99.915 99.913 99.916 99.921 99.93 99.949 99.961 99.988 100.0 99.994 100.011 100.032 100.052 100.074 100.107 100.14 100.173 100.206 100.237 100.269 100.3 100.335 100.375 100.416 100.457 100.498 100.537 100.575 100.612 100.649 100.686 100.742 100.814 100.887 100.961 101.036 101.113 101.192 101.275 101.361 101.45 101.541 101.633 101.714 101.786 101.861 101.938 102.009 102.081 102.157 102.239 102.314
-9999 -9999 -9999 -9999 -9999 -9999 -9999 -9999 -9999 -9999 99.918 -9999 -9999 -9999 -9999 -9999 -9999 -9999 -9999 -9999 99.956 99.934 99.899 99.898 99.897 99.897 99.901 99.907 99.918 99.931 99.942 99.952 99.967 99.988 100.009 100.04 100.075 100.109 100.143 100.176 100.208 100.24 100.271 -9999 100.349 100.391 100.432 100.473 100.515 100.554 100.592 100.629 100.666 100.708 100.774 100.847 100.92 100.994 101.072 101.152 101.235 101.322 101.41 101.5 101.592 101.672 101.742 101.813 101.89 101.964 102.034 102.106 102.181 102.25
-9999 -9999 -9999 -9999 -9999 -9999 -9999 -9999 -9999 -9999 -9999 -9999 -9999 -9999 -9999 -9999 -9999 -9999 -9999 -9999 99.903 99.884 99.883 99.882 -9999 -9999 -9999 99.883 99.886 99.891 99.899 99.908 99.922 99.944 99.97 100.006 100.042 100.077 100.112 100.145 100.178 100.21 -9999 100.279 100.322 100.365 100.407 100.449 100.491 100.532 100.571 100.608 100.645 100.681 100.734 100.805 100.88 100.957 101.034 101.115 101.199 101.285 101.372 101.46 101.551 101.631 101.699 101.769 101.843 101.92 101.99 102.057 102.125 102.186
-9999 -9999 -9999 -9999 -9999 -9999 -9999 -9999 -9999 -9999 -9999 -9999 -9999 -9999 -9999 -9999 -9999 -9999 -9999 -9999 -9999 -9999 -9999 -9999 -9999 -9999 -9999 99.865 99.864 99.866 99.864 99.865 99.877 99.901 99.935 99.972 100.009 100.045 100.08 100.115 -9999 -9999 100.213 100.251 100.295 100.338 100.381 100.423 100.466 100.508 100.549 100.586 100.623 100.659 100.702 100.769 100.844 100.921 100.999 101.081 101.165 101.25 101.336 101.423 101.512 101.592 101.659 101.727 101.799 101.877 101.947 102.008 102.065 102.118
-9999 -9999 -9999 -9999 -9999 -9999 -9999 -9999 -9999 -9999 -9999 -9999 -9999 -9999 -9999 -9999 -9999 -9999 -9999 -9999 -9999 -9999 -9999 -9999 -9999 -9999 -9999 99.851 99.849 99.845 99.841 99.839 99.845 99.867 99.901 99.937 99.978 -9999 -9999 -9999 -9999 -9999 100.184 100.223 100.267 100.311 100.354 100.397 100.441 100.484 100.525 100.563 100.605 100.645 100.686 100.739 100.811 100.888 100.967 101.049 101.132 101.216 101.301 101.386 101.474 101.553 101.619 101.684 101.754 101.828 101.9 101.96 102.006 102.053
-9999 -9999 -9999 -9999 -9999 -9999 -9999 -9999 -9999 -9999 -9999 -9999 -9999 -9999 -9999 -9999 -9999 -9999 -9999 -9999 -9999 -9999 -9999 -9999 -9999 -9999 -9999 -9999 -9999 99.829 99.824 99.82 99.825 99.851 99.884 99.92 -9999 -9999 -9999 -9999 100.086 100.12 100.154 100.193 100.239 100.283 100.328 100.373 100.419 100.465 100.509 100.552 100.593 100.634 100.676 100.718 100.778 100.853 100.933 101.015 101.098 101.18 101.263 101.348 101.434 101.511 101.576 101.639 101.708 101.78 101.854 101.914 101.96 102.0
-9999 -9999 -9999 -9999 -9999 -9999 -9999 -9999 -9999 -9999 -9999 -9999 -9999 -9999 -9999 -9999 -9999 -9999 -9999 -9999 -9999 -9999 -9999 -9999 -9999 -9999 -9999 -9999 -9999 -9999 99.808 99.804 99.813 99.842 99.875 -9999 -9999 -9999 -9999 100.041 100.07 100.102 100.136 100.175 100.222 100.268 100.314 100.361 100.408 100.454 100.5 100.543 100.584 100.625 100.666 100.708 100.75 100.818 100.899 100.981 101.062 101.143 101.225 101.308 101.393 101.468 101.532 101.595 101.663 101.735 101.809 101.872 101.917 101.958
-9999 -9999 -9999 -9999 -9999 -9999 -9999 -9999 -9999 -9999 -9999 -9999 -9999 -9999 -9999 -9999 -9999 -9999 -9999 -9999 -9999 -9999 -9999 -9999 -9999 -9999 -9999 -9999 -9999 -9999 -9999 -9999 -9999 -9999 -9999 -9999 -9999 -9999 99.999 100.027 100.059 100.092 100.126 100.165 100.212 100.258 100.305 100.352 100.398 100.444 100.49 100.534 100.575 100.616 100.657 100.698 100.742 100.791 100.866 100.947 101.027 101.107 101.188 101.27 101.353 101.427 101.489 101.552 101.62 101.693 101.766 101.829 101.875 101.916
-9999 -9999 -9999 -9999 -9999 -9999 -9999 -9999 -9999 -9999 -9999 -9999 -9999 -9999 -9999 -9999 -9999 -9999 -9999 -9999 -9999 -9999 -9999 -9999 -9999 -9999 -9999 -9999 -9999 -9999 -9999 -9999 -9999 -9999 -9999 -9999 -9999 99.954 99.986 100.018 100.05 100.083 100.116 100.155 100.201 100.248 100.295 100.341 100.388 100.434 100.48 100.525 100.566 100.607 100.648 100.689 100.734 100.784 100.839 100.913 100.992 101.072 101.152 101.233 101.314 101.386 101.448 101.511 101.578 101.652 101.722 101.785 101.833 101.875
-9999 -9999 -9999 -9999 -9999 -9999 -9999 -9999 -9999 -9999 -9999 -9999 -9999 -9999 -9999 -9999 -9999 -9999 -9999 -9999 -9999 -9999 -9999 -9999 -9999 -9999 -9999 -9999 -9999 -9999 -9999 -9999 -9999 -9999 -9999 -9999 -9999 99.942 99.975 100.008 100.04 100.073 100.106 100.145 100.19 100.237 100.284 100.331 100.377 100.424 100.47 100.515 100.557 100.598 100.639 100.682 100.728 100.779 100.83 100.885 100.958 101.037 101.116 101.196 101.275 101.346 101.407 101.47 101.537 101.611 101.678 101.739 101.79 101.833
-9999 -9999 -9999 -9999 -9999 -9999 -9999 -9999 -9999 -9999 -9999 -9999 -9999 -9999 -9999 -9999 -9999 -9999 -9999 -9999 -9999 -9999 -9999 -9999 99.744 99.747 99.747 99.746 -9999 99.741 -9999 -9999 -9999 -9999 -9999 -9999 -9999 -9999 99.964 99.997 100.03 100.063 100.096 100.133 100.178 100.225 100.273 100.32 100.366 100.413 100.46 100.506 100.548 100.589 100.63 100.675 100.724 100.775 100.827 100.878 100.931 101.002 101.081 101.161 101.237 101.305 101.367 101.43 101.497 101.566 101.632 101.692 101.746 101.79
-9999 -9999 -9999 -9999 -9999 -9999 -9999 -9999 -9999 -9999 -9999 -9999 -9999 -9999 -9999 -9999 -9999 -9999 -9999 -9999 -9999 99.706 99.712 99.719 99.726 99.73 99.73 99.728 99.726 99.723 99.728 99.746 -9999 -9999 99.818 99.85 99.885 99.919 99.953 99.986 100.019 100.052 100.085 100.121 100.164 100.213 100.26 100.308 100.355 100.403 100.45 100.496 100.539 100.58 100.622 100.669 100.72 100.772 100.824 100.875 100.926 100.979 101.048 101.126 101.2 101.265 101.327 101.389 101.455 101.521 101.583 101.644 101.7 101.746
-9999 -9999 -9999 -9999 -9999 -9999 -9999 -9999 -9999 -9999 -9999 -9999 -9999 -9999 -9999 -9999 -9999 -9999 -9999 -9999 99.681 99.684 99.689 99.697 99.705 99.708 99.709 99.708 99.706 99.704 99.711 99.734 99.76 99.783 99.807 99.835 99.871 99.907 99.941 99.974 100.007 100.04 100.073 100.108 100.15 100.199 100.248 100.296 100.344 100.392 100.439 100.486 100.529 100.571 100.615 100.664 100.717 100.769 100.821 100.873 100.925 100.977 101.031 101.095 101.162 101.225 101.286 101.349 101.41 101.472 101.534 101.595 101.653 101.701
-9999 -9999 -9999 -9999 -9999 -9999 -9999 -9999 -9999 -9999 -9999 -9999 -9999 -9999 -9999 -9999 -9999 -9999 -9999 -9999 99.659 99.658 99.663 99.673 99.68 99.684 99.685 99.685 99.684 99.682 99.693 99.721 99.748 99.772 99.795 99.823 99.857 99.894 99.929 99.963 99.995 100.027 100.06 100.095 100.137 100.185 100.235 100.284 100.332 100.381 100.429 100.476 100.52 100.562 100.608 100.659 100.713 100.767 100.82 100.872 100.925 100.977 101.031 101.084 101.133 101.185 101.245 101.304 101.362 101.421 101.483 101.546 101.605 101.654
-9999 -9999 -9999 -9999 -9999 -9999 -9999 -9999 -9999 -9999 -9999 -9999 -9999 -9999 -9999 -9999 -9999 -9999 -9999 -9999 99.63 99.63 99.636 99.647 99.654 99.658 99.66 99.661 99.661 99.66 99.675 99.706 99.734 99.761 99.787 99.814 99.844 99.881 99.917 99.951 99.983 100.015 100.047 100.082 100.123 100.17 100.221 100.271 100.32 100.369 100.418 100.465 100.509 100.552 100.6 100.654 100.71 100.765 100.819 100.873 100.926 100.979 101.033 101.083 101.127 101.166 101.209 101.258 101.31 101.369 101.432 101.495 101.555 101.606
-9999 -9999 -9999 -9999 -9999 -9999 -9999 -9999 -9999 -9999 -9999 -9999 -9999 -9999 -9999 -9999 99.613 99.609 -9999 99.604 99.602 99.602 99.611 99.621 99.628 99.632 99.634 99.636 99.637 99.638 99.657 99.691 99.723 99.753 99.781 99.807 99.836 99.867 99.904 99.938 99.971 100.002 100.034 100.07 100.111 100.156 100.208 100.258 100.308 100.357 100.406 100.453 100.498 100.542 100.592 100.648 100.706 100.763 100.819 100.874 100.928 100.981 101.035 101.083 101.124 101.162 101.198 101.232 101.27 101.318 101.378 101.442 101.503 101.555
-9999 -9999 -9999 -9999 -9999 -9999 -9999 -9999 -9999 -9999 -9999 -9999 -9999 -9999 -9999 -9999 99.596 99.593 99.59 99.587 99.584 99.584 99.587 99.596 99.603 99.607 99.61 99.612 99.613 99.618 99.641 99.68 99.715 99.746 99.775 99.802 99.828 99.857 99.89 99.926 99.959 99.992 100.026 100.062 100.101 100.145 100.194 100.245 100.295 100.345 100.394 100.441 100.486 100.531 100.582 100.641 100.701 100.761 100.82 100.877 100.932 100.985 101.036 101.081 101.119 101.155 101.19 101.223 101.257 101.295 101.343 101.398 101.452 101.502
-9999 -9999 -9999 -9999 -9999 -9999 -9999 -9999 -9999 -9999 -9999 -9999 -9999 -9999 -9999 99.588 99.582 99.58 99.577 99.574 99.571 99.568 99.568 99.57 99.576 99.581 99.584 99.587 99.591 99.599 99.627 99.669 99.705 99.738 99.769 99.797 99.823 99.849 99.879 99.913 99.948 99.983 100.018 100.055 100.093 100.134 100.18 100.232 100.282 100.332 100.381 100.428 100.472 100.518 100.572 100.633 100.695 100.757 100.82 100.881 100.936 100.988 101.036 101.077 101.112 101.146 101.18 101.214 101.249 101.286 101.331 101.383 101.432 101.474
-9999 -9999 -9999 -9999 -9999 -9999 -9999 -9999 -9999 -9999 -9999 -9999 -9999 -9999 -9999 -9999 99.567 99.565 99.563 99.561 99.558 99.555 99.552 99.551 99.55 99.553 99.56 99.566 99.572 99.581 99.611 99.655 99.694 99.729 99.761 99.79 99.818 99.843 99.871 99.9 99.936 99.973 100.01 100.047 100.085 100.124 100.168 100.217 100.268 100.318 100.367 100.413 100.456 100.503 100.558 100.622 100.686 100.751 100.816 100.879 -9999 100.988 101.032 101.068 101.102 101.178 101.238 101.229 101.242 101.279 101.322 101.374 101.424 101.465
-9999 -9999 -9999 -9999 -9999 -9999 -9999 -9999 -9999 -9999 -9999 -9999 -9999 -9999 -9999 99.557 99.55 99.549 99.548 99.546 99.545 99.544 99.542 99.539 99.537 99.536 99.538 99.545 99.551 99.561 99.592 99.639 99.681 99.718 99.752 99.783 99.812 99.839 99.865 99.893 99.924 99.961 99.999 100.037 100.076 100.114 100.156 100.201 100.253 100.304 100.353 100.397 100.439 100.485 100.543 100.609 100.676 100.743 100.809 100.873 100.934 -9999 101.021 -9999 101.09 -9999 101.211 -9999 101.234 101.273 101.314 101.365 101.415 101.457
-9999 -9999 -9999 -9999 -9999 -9999 -9999 -9999 -9999 -9999 -9999 -9999 -9999 -9999 -9999 99.543 99.542 99.541 99.541 99.54 99.539 99.539 99.538 99.536 99.531 99.526 99.524 99.524 99.528 99.538 99.569 99.62 99.666 99.705 99.741 99.774 99.805 99.834 99.861 99.887 99.917 99.949 99.987 100.026 100.065 100.105 100.144 100.188 100.237 100.289 100.338 100.382 100.422 100.467 100.527 100.596 100.666 100.734 100.801 100.866 100.923 -9999 -9999 101.042 101.078 -9999 -9999 101.198 101.227 101.267 -9999 -9999 -9999 -9999
-9999 -9999 -9999 -9999 -9999 -9999 -9999 -9999 -9999 -9999 -9999 -9999 -9999 -9999 99.539 99.538 99.538 99.538 99.537 99.537 99.536 99.535 99.534 99.532 99.528 99.522 99.516 99.512 99.51 99.512 99.542 99.598 99.647 99.69 99.729 99.764 99.797 99.827 99.856 99.884 99.911 99.942 99.975 100.013 100.053 100.093 100.133 100.175 100.221 100.272 100.322 100.367 100.41 100.456 100.515 100.586 100.657 100.727 -9999 -9999 -9999 100.952 -9999 -9999 -9999 -9999 -9999 -9999 101.435 -9999 -9999 -9999 -9999 -9999
