Validation/Results/raw data/ReClimate_10_2023_1weatherlogisticsltd.asc
NCOLS 192
NROWS 249
XLLCENTER -225160.85627316462
YLLCENTER 29788.11610251502
CELLSIZE 5000.0
NODATA_VALUE -9999
[rows 66 to 98 of 249, columns 74 to 147 of 192]
-9999 -9999 -9999 -9999 -9999 -9999 -9999 -9999 -9999 -9999 -9999 97.571 -9999 97.575 97.577 97.589 97.599 97.627 97.642 97.661 97.69 97.814 97.828 97.859 97.889 97.754 97.685 97.746 97.842 97.855 97.866 97.872 -9999 -9999 -9999 -9999 -9999 -9999 -9999 -9999 -9999 -9999 -9999 -9999 -9999 -9999 -9999 -9999 -9999 -9999 -9999 -9999 -9999 -9999 -9999 -9999 -9999 -9999 -9999 -9999 -9999 -9999 -9999 -9999 -9999 -9999 -9999 -9999 -9999 -9999 -9999 -9999 -9999 -9999
-9999 -9999 -9999 -9999 -9999 -9999 -9999 -9999 -9999 -9999 -9999 -9999 97.569 97.571 97.574 97.587 97.622 97.661 97.714 97.736 97.731 97.774 97.855 97.913 98.017 97.935 97.807 97.863 97.877 97.906 -9999 -9999 -9999 -9999 -9999 -9999 -9999 -9999 -9999 -9999 -9999 -9999 -9999 -9999 -9999 -9999 -9999 -9999 -9999 -9999 -9999 -9999 -9999 -9999 -9999 -9999 -9999 -9999 -9999 -9999 -9999 -9999 -9999 -9999 -9999 -9999 -9999 -9999 -9999 -9999 -9999 -9999 -9999 -9999
-9999 -9999 -9999 -9999 -9999 -9999 -9999 -9999 -9999 -9999 -9999 -9999 97.565 97.571 97.576 97.613 97.649 97.689 97.723 97.739 97.77 97.854 97.957 98.006 97.984 97.91 97.882 97.897 97.91 97.958 -9999 -9999 -9999 -9999 -9999 -9999 -9999 -9999 -9999 -9999 -9999 -9999 -9999 -9999 -9999 -9999 -9999 -9999 -9999 -9999 -9999 -9999 -9999 -9999 -9999 -9999 -9999 -9999 -9999 -9999 -9999 -9999 -9999 -9999 -9999 -9999 -9999 -9999 -9999 -9999 -9999 -9999 -9999 -9999
-9999 -9999 -9999 -9999 -9999 -9999 -9999 -9999 -9999 -9999 -9999 -9999 -9999 -9999 97.61 97.651 97.687 97.721 97.752 97.782 97.807 97.916 98.054 98.013 97.949 97.931 97.915 97.929 -9999 -9999 -9999 -9999 -9999 -9999 -9999 -9999 -9999 -9999 -9999 -9999 -9999 -9999 -9999 -9999 -9999 -9999 -9999 -9999 -9999 -9999 -9999 -9999 -9999 -9999 -9999 -9999 -9999 -9999 -9999 -9999 -9999 -9999 -9999 -9999 -9999 -9999 -9999 -9999 -9999 -9999 -9999 -9999 -9999 -9999
-9999 -9999 -9999 -9999 -9999 -9999 -9999 -9999 97.562 -9999 -9999 97.555 97.572 97.607 97.653 97.695 97.731 97.764 97.793 97.819 97.843 97.942 97.999 97.935 97.84 97.856 97.946 97.96 -9999 -9999 -9999 -9999 -9999 -9999 -9999 -9999 -9999 -9999 -9999 -9999 -9999 -9999 -9999 -9999 -9999 -9999 -9999 -9999 -9999 -9999 -9999 -9999 -9999 -9999 -9999 -9999 -9999 -9999 -9999 -9999 -9999 -9999 -9999 -9999 -9999 -9999 -9999 -9999 -9999 -9999 -9999 -9999 -9999 -9999
-9999 -9999 -9999 -9999 -9999 -9999 97.714 97.671 97.548 97.531 97.493 97.502 97.591 97.644 97.696 97.736 97.771 97.75 97.642 97.721 97.871 97.815 97.585 97.667 97.901 97.958 97.977 97.99 -9999 -9999 -9999 -9999 -9999 -9999 -9999 -9999 -9999 -9999 -9999 -9999 -9999 -9999 -9999 -9999 -9999 -9999 -9999 -9999 -9999 -9999 -9999 -9999 -9999 -9999 -9999 -9999 -9999 -9999 -9999 -9999 -9999 -9999 -9999 -9999 -9999 -9999 -9999 -9999 -9999 -9999 -9999 -9999 -9999 -9999
-9999 -9999 -9999 -9999 -9999 -9999 97.882 97.687 -9999 97.596 97.583 97.63 97.658 97.697 97.737 97.776 97.81 97.84 98.057 98.078 97.917 97.861 98.051 98.172 98.164 98.11 98.007 -9999 98.032 -9999 -9999 -9999 -9999 -9999 -9999 -9999 -9999 -9999 -9999 -9999 -9999 -9999 -9999 -9999 -9999 -9999 -9999 -9999 -9999 -9999 -9999 -9999 -9999 -9999 -9999 -9999 -9999 -9999 -9999 -9999 -9999 -9999 -9999 -9999 -9999 -9999 -9999 -9999 -9999 -9999 -9999 -9999 -9999 -9999
-9999 -9999 -9999 -9999 -9999 -9999 -9999 97.849 97.748 97.733 97.718 97.694 97.573 97.671 97.865 97.879 97.89 97.992 98.0 97.965 98.081 98.195 98.244 98.2 98.071 98.025 98.037 98.049 98.061 -9999 -9999 -9999 -9999 -9999 -9999 -9999 -9999 -9999 -9999 -9999 -9999 -9999 -9999 -9999 -9999 -9999 -9999 -9999 -9999 -9999 -9999 -9999 -9999 -9999 -9999 -9999 -9999 -9999 -9999 -9999 -9999 -9999 -9999 -9999 -9999 -9999 -9999 -9999 -9999 -9999 -9999 -9999 -9999 -9999
98.29 -9999 -9999 -9999 -9999 -9999 -9999 -9999 97.908 97.89 97.902 97.886 98.025 98.098 98.021 98.022 98.018 98.011 98.008 98.065 98.095 98.116 98.132 98.067 98.044 98.056 98.068 98.078 98.09 -9999 -9999 -9999 -9999 -9999 -9999 -9999 -9999 -9999 -9999 -9999 -9999 -9999 -9999 -9999 -9999 -9999 -9999 -9999 -9999 -9999 -9999 -9999 -9999 -9999 -9999 -9999 -9999 -9999 -9999 -9999 -9999 -9999 -9999 -9999 -9999 -9999 -9999 -9999 -9999 -9999 -9999 -9999 -9999 -9999
98.541 -9999 -9999 -9999 -9999 -9999 98.405 98.255 98.016 98.064 98.111 98.223 98.321 98.259 98.18 98.173 98.162 98.149 98.134 98.161 98.219 98.189 98.107 98.065 98.077 98.088 -9999 98.109 -9999 -9999 -9999 -9999 -9999 -9999 98.19 98.185 98.199 -9999 -9999 -9999 -9999 -9999 -9999 -9999 -9999 -9999 -9999 -9999 -9999 -9999 -9999 -9999 -9999 -9999 -9999 -9999 -9999 -9999 -9999 -9999 -9999 -9999 -9999 -9999 -9999 -9999 -9999 -9999 -9999 -9999 -9999 -9999 -9999 -9999
98.831 98.775 -9999 -9999 -9999 -9999 -9999 98.356 98.271 98.279 98.335 98.361 98.379 98.34 98.33 98.32 98.303 98.285 98.264 98.285 98.277 98.214 98.164 98.146 98.129 98.122 98.131 -9999 -9999 -9999 -9999 98.175 98.187 98.204 98.222 98.233 98.248 98.263 98.274 98.284 98.292 98.299 98.304 98.323 98.338 98.323 98.31 98.312 98.307 98.3 98.289 98.284 98.317 -9999 -9999 -9999 -9999 -9999 -9999 -9999 -9999 -9999 -9999 -9999 -9999 -9999 -9999 -9999 -9999 -9999 -9999 -9999 -9999 -9999
98.781 98.705 -9999 -9999 -9999 98.96 -9999 98.706 98.516 98.464 98.329 98.357 98.501 98.493 98.474 98.502 98.584 98.515 98.374 98.403 98.495 98.42 98.277 98.245 98.215 98.192 -9999 -9999 -9999 -9999 98.21 98.213 98.233 98.03 97.444 97.515 97.73 97.775 97.817 97.924 98.037 98.129 98.362 98.374 98.378 98.373 98.374 98.374 98.372 98.368 98.362 98.357 98.356 -9999 -9999 -9999 -9999 -9999 -9999 -9999 -9999 -9999 -9999 -9999 -9999 -9999 -9999 -9999 -9999 -9999 -9999 -9999 -9999 -9999
99.08 99.072 -9999 -9999 -9999 99.231 99.16 99.018 98.876 98.748 98.607 98.666 98.712 98.635 98.611 98.661 98.669 98.586 98.562 98.615 98.656 98.507 98.391 98.356 98.32 -9999 -9999 98.231 98.227 98.237 98.248 98.269 98.291 97.934 97.756 97.933 98.114 98.111 98.095 98.147 98.121 98.291 98.426 98.433 98.438 98.443 98.446 98.449 98.451 98.452 98.451 98.452 98.448 98.447 -9999 -9999 -9999 -9999 -9999 -9999 -9999 -9999 -9999 -9999 -9999 -9999 -9999 -9999 -9999 -9999 -9999 -9999 -9999 -9999
99.527 99.552 -9999 99.417 -9999 99.305 99.234 99.13 99.071 99.012 99.054 99.002 98.82 98.77 98.751 98.748 98.724 98.71 98.691 98.719 98.724 98.612 98.505 98.468 98.432 -9999 98.38 98.335 98.009 97.914 97.65 97.765 98.04 97.967 98.031 98.164 98.297 98.25 98.177 98.198 98.281 98.39 98.488 98.489 98.479 98.492 98.517 98.522 98.528 98.533 98.538 98.544 98.55 98.555 -9999 -9999 -9999 -9999 -9999 -9999 -9999 -9999 -9999 -9999 -9999 -9999 -9999 -9999 -9999 -9999 -9999 -9999 -9999 -9999
99.818 -9999 99.663 -9999 -9999 -9999 99.374 99.309 99.246 99.169 98.919 98.868 98.989 98.953 98.943 98.861 98.835 98.834 98.843 98.829 98.769 98.683 98.622 98.585 98.555 98.519 98.484 98.334 98.324 98.101 97.938 98.116 98.198 98.252 98.318 98.357 98.269 98.233 98.228 98.303 98.391 98.468 98.537 98.535 98.534 98.556 98.585 98.594 98.602 98.611 98.621 98.632 98.647 98.663 -9999 -9999 -9999 -9999 -9999 -9999 -9999 -9999 -9999 -9999 -9999 -9999 -9999 -9999 -9999 -9999 -9999 -9999 -9999 -9999
100.002 99.928 -9999 -9999 -9999 -9999 99.504 99.492 99.583 -9999 99.035 99.109 99.165 99.181 99.247 99.137 98.956 98.984 99.04 98.949 98.791 98.661 98.406 98.451 98.647 98.539 98.337 98.299 98.261 98.161 98.175 98.233 98.317 98.405 98.556 98.423 98.175 98.214 98.298 98.32 98.264 98.34 98.449 98.48 98.561 98.599 98.653 98.664 98.675 98.688 98.702 98.719 98.741 98.757 -9999 -9999 -9999 -9999 -9999 -9999 -9999 -9999 -9999 -9999 -9999 -9999 -9999 -9999 -9999 -9999 -9999 -9999 -9999 -9999
100.237 100.159 -9999 -9999 -9999 99.778 -9999 -9999 99.642 99.448 99.37 99.37 99.333 99.439 99.634 99.405 99.09 99.075 98.999 98.92 98.908 98.791 98.825 98.883 98.779 98.666 98.656 98.518 98.216 98.276 98.485 98.464 98.351 98.432 98.436 98.318 98.35 98.43 98.517 98.505 98.546 98.592 98.558 98.629 98.7 98.726 98.72 98.733 98.747 98.763 98.782 98.806 98.83 -9999 -9999 -9999 -9999 -9999 -9999 -9999 -9999 -9999 -9999 -9999 -9999 -9999 -9999 -9999 -9999 -9999 -9999 -9999 -9999 -9999
100.313 100.295 100.39 100.276 -9999 -9999 -9999 99.841 99.641 -9999 99.624 99.598 99.605 99.667 99.597 99.363 99.221 99.113 99.012 98.989 98.944 99.012 99.117 98.89 98.437 98.54 98.848 98.667 98.605 98.724 98.778 98.665 98.572 98.53 98.45 98.468 98.457 98.444 98.306 98.418 98.648 98.638 98.652 98.698 98.725 98.745 98.804 98.814 98.818 98.838 98.861 98.89 -9999 -9999 -9999 -9999 -9999 -9999 -9999 -9999 -9999 -9999 -9999 -9999 -9999 -9999 -9999 -9999 -9999 -9999 -9999 -9999 -9999 -9999
100.417 100.536 100.709 100.522 -9999 100.157 100.06 100.01 99.949 99.905 99.803 99.794 99.783 99.71 99.648 99.509 99.352 99.262 99.251 99.226 99.236 99.264 99.18 98.932 98.901 99.022 98.949 98.909 98.898 98.869 98.728 98.678 98.715 98.594 98.439 98.401 98.3 98.31 98.556 98.715 98.819 98.809 98.77 98.79 98.806 98.868 98.95 98.935 98.889 98.912 98.94 98.972 -9999 -9999 -9999 -9999 -9999 -9999 -9999 -9999 -9999 -9999 -9999 -9999 -9999 -9999 -9999 -9999 -9999 -9999 -9999 -9999 -9999 -9999
100.75 100.887 100.967 100.746 100.476 100.357 100.3 -9999 100.126 99.904 99.491 99.48 99.548 99.561 99.694 99.567 99.471 99.418 99.345 99.369 99.426 99.257 98.935 98.896 98.889 98.829 98.759 98.777 98.881 98.741 98.587 98.639 98.746 98.552 98.307 98.169 97.923 98.281 98.924 98.982 98.993 98.939 98.861 98.89 98.922 98.969 98.972 98.95 98.96 98.987 99.019 -9999 -9999 -9999 -9999 -9999 -9999 -9999 -9999 -9999 -9999 -9999 -9999 -9999 -9999 -9999 -9999 -9999 -9999 -9999 -9999 -9999 -9999 -9999
100.836 -9999 -9999 -9999 100.655 100.577 -9999 100.373 100.283 100.065 100.059 100.096 100.123 100.083 99.801 99.636 99.357 99.375 99.611 99.591 99.472 99.267 99.164 99.147 99.161 99.138 99.183 99.181 99.045 98.899 98.727 98.772 98.805 98.689 98.774 98.593 98.477 98.799 98.772 98.797 98.836 98.829 98.928 98.957 98.972 98.982 98.999 99.012 99.032 99.063 99.091 -9999 -9999 -9999 -9999 -9999 -9999 -9999 -9999 -9999 -9999 -9999 -9999 -9999 -9999 -9999 -9999 -9999 -9999 -9999 -9999 -9999 -9999 -9999
-9999 -9999 -9999 101.097 100.885 -9999 100.514 100.538 -9999 100.419 100.411 100.449 100.518 100.258 99.97 99.711 99.421 99.617 99.84 99.573 99.085 98.951 98.72 98.809 99.141 99.356 99.863 99.676 99.401 98.973 98.06 97.968 97.728 97.989 98.639 98.635 98.829 98.795 98.736 98.814 98.961 99.014 99.037 98.996 98.856 98.913 99.035 99.061 99.096 99.12 99.136 -9999 -9999 -9999 -9999 -9999 -9999 -9999 -9999 -9999 -9999 -9999 -9999 -9999 -9999 -9999 -9999 -9999 -9999 -9999 -9999 -9999 -9999 -9999
-9999 -9999 -9999 101.261 -9999 -9999 100.679 100.698 100.599 100.55 100.485 100.552 100.678 100.432 100.159 99.874 99.534 99.686 99.824 99.557 99.611 99.431 99.256 99.403 99.371 99.527 99.253 99.102 99.059 98.53 98.468 98.45 98.791 99.043 98.971 99.032 98.983 98.906 98.784 98.853 98.835 98.903 99.038 98.937 98.86 98.982 99.176 99.176 99.137 99.157 99.181 -9999 -9999 -9999 -9999 -9999 -9999 -9999 -9999 -9999 -9999 -9999 -9999 -9999 -9999 -9999 -9999 -9999 -9999 -9999 -9999 -9999 -9999 -9999
-9999 -9999 -9999 -9999 -9999 -9999 -9999 100.744 100.342 100.363 100.512 100.633 100.838 100.595 100.337 100.017 99.684 99.761 99.812 99.822 99.829 99.737 99.727 99.773 99.98 99.669 99.291 98.965 98.119 98.131 98.331 98.817 99.588 99.495 99.349 99.198 99.078 98.928 98.705 98.724 98.854 98.953 98.986 98.977 99.056 99.161 99.174 99.151 99.143 99.172 -9999 -9999 -9999 -9999 -9999 -9999 -9999 -9999 -9999 -9999 -9999 -9999 -9999 -9999 -9999 -9999 -9999 -9999 -9999 -9999 -9999 -9999 -9999 -9999
-9999 -9999 -9999 -9999 -9999 101.249 101.141 -9999 100.683 100.786 100.857 100.887 100.709 100.541 100.464 100.264 100.232 100.183 100.011 99.96 99.884 99.853 99.802 99.852 99.711 99.558 99.687 99.164 98.873 98.935 98.854 99.209 99.089 99.021 98.992 98.848 98.769 98.846 98.857 98.96 99.075 99.104 99.132 99.157 99.075 99.11 99.188 99.192 99.215 99.238 -9999 -9999 -9999 -9999 -9999 -9999 -9999 -9999 -9999 -9999 -9999 -9999 -9999 -9999 -9999 -9999 -9999 -9999 -9999 -9999 -9999 -9999 -9999 -9999
-9999 -9999 -9999 -9999 101.537 101.424 101.33 101.188 101.101 101.131 101.155 101.0 100.893 100.788 100.573 100.54 100.542 100.346 100.09 100.015 99.988 99.888 99.728 99.635 99.561 99.542 99.271 98.977 98.552 98.691 99.171 99.12 99.169 98.974 98.438 98.041 97.342 97.626 98.545 98.83 98.818 98.888 99.016 98.954 98.881 99.014 99.238 99.25 99.25 -9999 -9999 -9999 -9999 -9999 -9999 -9999 -9999 -9999 -9999 -9999 -9999 -9999 -9999 -9999 -9999 -9999 -9999 -9999 -9999 -9999 -9999 -9999 -9999 -9999
-9999 -9999 -9999 -9999 101.712 -9999 101.479 101.369 101.264 101.253 101.251 101.088 100.773 100.656 100.672 100.6 100.449 100.305 100.316 100.236 100.09 99.994 100.02 99.907 99.758 99.584 99.57 99.322 99.264 99.5 99.49 99.528 99.586 99.224 98.995 98.603 98.679 99.012 98.971 98.924 98.871 98.971 99.081 99.05 99.069 99.192 99.206 99.226 99.279 -9999 -9999 -9999 -9999 -9999 -9999 -9999 -9999 -9999 -9999 -9999 -9999 -9999 -9999 -9999 -9999 -9999 -9999 -9999 -9999 -9999 -9999 -9999 -9999 -9999
-9999 -9999 -9999 -9999 -9999 -9999 101.573 101.46 101.354 101.298 101.218 101.015 100.94 100.863 100.664 100.559 100.532 100.488 100.398 100.215 99.97 99.977 100.042 99.877 99.626 99.636 99.801 99.762 99.771 99.774 99.799 99.657 99.215 99.102 99.118 99.145 99.127 98.997 98.935 98.824 98.716 99.075 99.323 99.315 99.27 99.269 99.257 99.292 99.314 -9999 -9999 -9999 -9999 -9999 -9999 -9999 -9999 -9999 -9999 -9999 -9999 -9999 -9999 -9999 -9999 -9999 -9999 -9999 -9999 -9999 -9999 -9999 -9999 -9999
-9999 -9999 -9999 -9999 101.839 101.773 101.654 101.544 101.442 101.344 101.25 101.223 101.274 -9999 100.816 100.738 100.65 100.553 100.459 100.301 100.249 100.248 100.221 100.029 99.838 99.861 99.714 99.688 99.598 99.599 99.74 99.366 98.996 98.917 98.695 98.758 98.971 98.881 98.775 98.741 99.08 99.238 99.357 99.317 99.272 99.276 99.307 99.327 99.371 -9999 -9999 -9999 -9999 -9999 -9999 -9999 -9999 -9999 -9999 -9999 -9999 -9999 -9999 -9999 -9999 -9999 -9999 -9999 -9999 -9999 -9999 -9999 -9999 -9999
101.756 101.779 101.835 101.863 -9999 101.757 101.681 101.569 101.465 101.384 101.34 101.331 -9999 101.026 100.769 100.707 100.703 100.635 100.611 100.528 100.388 100.356 100.374 100.223 100.079 100.018 100.096 100.004 99.776 99.831 99.807 99.63 99.645 99.483 99.371 99.458 99.407 99.306 99.217 99.313 99.297 99.334 99.319 99.285 99.299 99.322 99.341 99.362 -9999 -9999 -9999 -9999 -9999 -9999 -9999 -9999 -9999 -9999 -9999 -9999 -9999 -9999 -9999 -9999 -9999 -9999 -9999 -9999 -9999 -9999 -9999 -9999 -9999 -9999
101.81 101.836 101.854 101.857 101.91 -9999 101.684 101.572 101.422 101.398 101.428 101.352 101.249 101.087 101.039 100.965 100.799 100.789 100.829 100.669 100.454 100.404 100.3 100.207 100.182 100.171 100.089 99.975 99.961 99.921 99.852 99.722 99.553 99.435 99.31 99.38 99.569 99.494 99.454 99.422 99.399 99.377 99.354 99.341 99.338 99.356 -9999 -9999 -9999 -9999 -9999 -9999 -9999 -9999 -9999 -9999 -9999 -9999 -9999 -9999 -9999 -9999 -9999 -9999 -9999 -9999 -9999 -9999 -9999 -9999 -9999 -9999 -9999 -9999
-9999 -9999 -9999 101.841 -9999 101.799 101.615 101.515 101.398 101.454 -9999 -9999 101.094 101.096 101.206 101.078 101.006 101.033 101.087 100.85 100.539 100.439 100.368 100.293 100.151 100.005 99.765 99.789 99.955 99.919 99.884 99.809 99.859 99.732 99.589 99.667 99.638 99.575 99.522 99.484 99.465 99.444 99.421 99.399 99.387 -9999 -9999 -9999 -9999 -9999 -9999 -9999 -9999 -9999 -9999 -9999 -9999 -9999 -9999 -9999 -9999 -9999 -9999 -9999 -9999 -9999 -9999 -9999 -9999 -9999 -9999 -9999 -9999 -9999
101.831 101.743 -9999 101.891 101.985 101.883 101.782 101.717 101.655 -9999 -9999 101.744 101.6 101.583 101.426 101.295 101.102 101.079 100.973 100.756 100.622 100.539 100.467 100.379 100.367 100.242 100.235 100.269 100.082 100.048 99.969 99.934 99.788 99.725 99.772 99.743 99.7 99.645 99.589 99.549 99.53 99.51 99.489 99.465 99.444 99.442 -9999 -9999 -9999 -9999 -9999 -9999 -9999 -9999 -9999 -9999 -9999 -9999 -9999 -9999 -9999 -9999 -9999 -9999 -9999 -9999 -9999 -9999 -9999 -9999 -9999 -9999 -9999 -9999
