Validation/Results/raw data/ReClimate_07_2024_2_Temperatureweatherlogisticsltd.asc
NCOLS 192
NROWS 249
XLLCENTER -225160.85627316462
YLLCENTER 29788.11610251502
CELLSIZE 5000.0
NODATA_VALUE -9999
[rows 102 to 135 of 249, columns 76 to 151 of 192]
0.009 0.022 0.036 0.033 0.021 -9999 -9999 0.034 -9999 -9999 0.027 0.029 0.03 0.04 0.051 0.043 0.033 0.043 0.054 0.051 0.044 0.047 0.051 0.048 0.043 0.034 0.023 0.03 0.038 0.03 0.02 0.021 0.022 0.022 0.022 0.022 0.022 0.017 0.012 0.017 0.02 -9999 -9999 -9999 -9999 -9999 -9999 -9999 -9999 -9999 -9999 -9999 -9999 -9999 -9999 -9999 -9999 -9999 -9999 -9999 -9999 -9999 -9999 -9999 -9999 -9999 -9999 -9999 -9999 -9999 -9999 -9999 -9999 -9999 -9999 -9999
0.024 0.031 0.028 -9999 -9999 -9999 0.038 0.042 0.047 0.043 0.034 0.035 0.034 0.041 0.042 0.042 0.052 0.06 0.063 0.054 0.032 0.035 0.036 0.037 0.043 0.041 0.046 0.045 0.027 0.02 0.011 0.016 0.028 0.027 0.025 0.022 -9999 -9999 0.029 -9999 -9999 -9999 -9999 -9999 -9999 -9999 -9999 -9999 -9999 -9999 -9999 -9999 -9999 -9999 -9999 -9999 -9999 -9999 -9999 -9999 -9999 -9999 -9999 -9999 -9999 -9999 -9999 -9999 -9999 -9999 -9999 -9999 -9999 -9999 -9999 -9999
0.03 -9999 0.025 -9999 -9999 -9999 0.048 0.051 0.052 0.045 0.036 0.036 0.034 0.036 0.038 0.048 0.058 0.06 0.062 0.046 0.025 0.026 0.028 0.034 0.04 0.046 0.052 0.038 0.02 0.014 0.006 0.016 0.027 0.025 0.023 -9999 0.003 0.018 0.034 0.026 -9999 -9999 -9999 -9999 -9999 -9999 -9999 -9999 -9999 -9999 -9999 -9999 -9999 -9999 -9999 -9999 -9999 -9999 -9999 -9999 -9999 -9999 -9999 -9999 -9999 -9999 -9999 -9999 -9999 -9999 -9999 -9999 -9999 -9999 -9999 -9999
-9999 -9999 -9999 -9999 0.035 0.038 0.051 0.054 0.056 0.051 0.045 0.041 0.028 0.036 0.055 0.062 0.062 0.06 0.047 0.035 0.024 0.027 0.032 0.039 0.047 0.048 0.039 0.028 0.021 0.023 0.041 0.043 0.03 -9999 0.017 0.017 0.03 0.038 0.032 0.021 -9999 -9999 -9999 -9999 -9999 -9999 -9999 -9999 -9999 -9999 -9999 -9999 -9999 -9999 -9999 -9999 -9999 -9999 -9999 -9999 -9999 -9999 -9999 -9999 -9999 -9999 -9999 -9999 -9999 -9999 -9999 -9999 -9999 -9999 -9999 -9999
-9999 -9999 -9999 -9999 0.043 0.043 0.051 0.055 0.058 0.054 0.048 0.039 0.026 0.042 0.06 0.06 0.059 0.05 0.038 0.031 0.021 0.025 0.031 0.038 0.046 0.039 0.03 0.025 0.018 0.033 0.05 0.04 0.028 0.02 0.011 0.023 0.036 0.032 0.026 0.016 0.0 -9999 -9999 -9999 -9999 -9999 -9999 -9999 -9999 -9999 -9999 -9999 -9999 -9999 -9999 -9999 -9999 -9999 -9999 -9999 -9999 -9999 -9999 -9999 -9999 -9999 -9999 -9999 -9999 -9999 -9999 -9999 -9999 -9999 -9999 -9999
-9999 -9999 -9999 0.034 -9999 -9999 0.058 0.061 0.059 0.054 0.045 -9999 -9999 0.056 0.058 0.056 0.05 0.042 0.035 0.029 0.022 0.027 0.031 0.035 0.032 0.026 0.023 0.026 0.045 0.055 0.054 0.041 0.019 0.019 0.031 0.038 0.035 0.03 0.02 0.012 0.003 0.01 -9999 -9999 -9999 -9999 -9999 -9999 -9999 -9999 -9999 -9999 -9999 -9999 -9999 -9999 -9999 -9999 -9999 -9999 -9999 -9999 -9999 -9999 -9999 -9999 -9999 -9999 -9999 -9999 -9999 -9999 -9999 -9999 -9999 -9999
-9999 -9999 -9999 0.034 -9999 0.05 0.06 0.06 0.059 0.052 0.044 0.048 0.05 0.053 0.055 0.05 0.044 0.038 0.03 0.025 0.018 0.023 0.028 0.026 0.022 0.019 0.016 0.032 0.051 0.051 0.05 0.033 0.011 0.022 0.034 0.033 0.03 0.022 0.013 0.007 0.0 -9999 -9999 -9999 -9999 -9999 -9999 -9999 -9999 -9999 -9999 -9999 -9999 -9999 -9999 -9999 -9999 -9999 -9999 -9999 -9999 -9999 -9999 -9999 -9999 -9999 -9999 -9999 -9999 -9999 -9999 -9999 -9999 -9999 -9999 -9999
-9999 -9999 -9999 0.034 -9999 0.056 0.073 0.073 0.067 0.065 -9999 0.061 0.047 -9999 0.055 0.052 0.05 0.043 0.029 0.028 0.032 0.037 0.038 0.031 0.008 0.007 0.009 0.016 0.012 0.013 0.02 0.008 0.005 0.011 0.012 0.01 0.008 -9999 -9999 -9999 -9999 -9999 -9999 -9999 -9999 -9999 -9999 -9999 -9999 -9999 -9999 -9999 -9999 -9999 -9999 -9999 -9999 -9999 -9999 -9999 -9999 -9999 -9999 -9999 -9999 -9999 -9999 -9999 -9999 -9999 -9999 -9999 -9999 -9999 -9999 -9999
-9999 0.026 0.026 -9999 -9999 0.068 0.078 0.075 0.07 0.07 0.069 0.058 0.044 -9999 0.053 0.052 0.05 0.04 0.027 0.029 0.033 0.036 0.038 0.021 -0.001 0.001 0.003 -0.002 -0.008 -0.003 0.003 0.001 -0.003 -0.002 -0.002 -0.004 -9999 -9999 -9999 -9999 -9999 -9999 -9999 -9999 -9999 -9999 -9999 -9999 -9999 -9999 -9999 -9999 -9999 -9999 -9999 -9999 -9999 -9999 -9999 -9999 -9999 -9999 -9999 -9999 -9999 -9999 -9999 -9999 -9999 -9999 -9999 -9999 -9999 -9999 -9999 -9999
0.044 0.039 0.045 -9999 0.057 0.067 0.061 0.061 -9999 0.073 0.068 0.058 0.046 -9999 0.043 0.043 0.045 0.043 0.05 0.048 0.039 0.039 0.036 0.024 0.014 0.014 0.005 -9999 -0.003 0.003 0.012 0.012 0.012 0.008 -0.012 -9999 -9999 -9999 -9999 -9999 -9999 -9999 -9999 -9999 -9999 -9999 -9999 -9999 -9999 -9999 -9999 -9999 -9999 -9999 -9999 -9999 -9999 -9999 -9999 -9999 -9999 -9999 -9999 -9999 -9999 -9999 -9999 -9999 -9999 -9999 -9999 -9999 -9999 -9999 -9999 -9999
0.057 0.064 -9999 -9999 0.06 0.057 0.055 -9999 0.072 0.07 0.065 0.056 0.045 -9999 0.038 0.04 0.041 0.049 0.055 0.047 0.037 0.034 0.031 0.025 0.016 0.01 0.002 -0.002 -0.006 -9999 -9999 0.012 0.013 -9999 -9999 -9999 -9999 -9999 -9999 0.003 0.008 0.009 -9999 -9999 -9999 -9999 -9999 -9999 -9999 -9999 -9999 -9999 -9999 -9999 -9999 -9999 -9999 -9999 -9999 -9999 -9999 -9999 -9999 -9999 -9999 -9999 -9999 -9999 -9999 -9999 -9999 -9999 -9999 -9999 -9999 -9999
0.059 -9999 -9999 0.067 0.071 0.069 0.061 -9999 0.075 0.074 0.08 0.071 0.056 -9999 -9999 -9999 0.043 0.049 0.054 0.048 0.044 0.044 0.047 0.04 0.028 0.024 0.018 0.012 -0.007 0.003 0.018 0.015 0.003 -9999 -9999 -9999 -9999 -9999 -0.009 -0.002 0.005 0.011 0.022 -9999 -9999 -9999 -9999 -9999 -9999 -9999 -9999 -9999 -9999 -9999 -9999 -9999 -9999 -9999 -9999 -9999 -9999 -9999 -9999 -9999 -9999 -9999 -9999 -9999 -9999 -9999 -9999 -9999 -9999 -9999 -9999 -9999
0.058 -9999 -9999 -9999 0.076 0.071 0.064 -9999 0.073 -9999 0.083 0.071 0.057 -9999 0.047 0.045 0.042 -9999 0.05 0.047 0.043 0.046 0.049 0.039 0.028 0.025 0.02 0.006 -0.012 -0.0 0.013 0.001 -0.013 -0.012 -0.017 -0.022 -9999 -0.02 -0.013 -0.01 -0.008 0.002 0.015 0.019 0.024 -9999 -9999 -9999 -9999 -9999 -9999 -9999 -9999 -9999 -9999 -9999 -9999 -9999 -9999 -9999 -9999 -9999 -9999 -9999 -9999 -9999 -9999 -9999 -9999 -9999 -9999 -9999 -9999 -9999 -9999 -9999
-9999 -9999 -9999 -9999 0.064 0.066 0.082 -9999 0.059 -9999 0.069 0.06 -9999 0.063 0.063 0.062 0.056 0.057 0.049 0.045 0.038 0.043 0.053 0.041 0.024 0.018 0.006 0.0 0.006 0.009 0.003 0.0 0.013 0.011 0.0 -0.004 -0.016 -0.008 0.002 0.003 -0.002 0.006 0.008 0.011 0.009 0.011 0.002 -0.012 -9999 -9999 -9999 -9999 -9999 -9999 -9999 -9999 -9999 -9999 -9999 -9999 -9999 -9999 -9999 -9999 -9999 -9999 -9999 -9999 -9999 -9999 -9999 -9999 -9999 -9999 -9999 -9999
-9999 -9999 -9999 -9999 0.06 0.074 0.089 0.074 -9999 -9999 0.061 0.058 -9999 0.062 0.066 0.063 0.058 0.053 0.045 0.039 0.033 0.041 0.05 0.035 0.017 0.007 -0.008 -0.004 -0.0 -0.007 -0.013 -0.002 0.012 0.005 -0.003 -0.012 -0.025 -0.015 0.0 -0.002 -0.007 -0.004 -0.002 -0.002 -0.003 -0.001 0.0 -0.009 -0.003 -9999 -9999 -9999 -9999 -9999 -9999 -9999 -9999 -9999 -9999 -9999 -9999 -9999 -9999 -9999 -9999 -9999 -9999 -9999 -9999 -9999 -9999 -9999 -9999 -9999 -9999 -9999
-9999 -9999 -9999 -9999 0.078 0.09 0.09 0.073 -9999 -9999 0.051 0.049 -9999 -9999 0.065 0.064 0.068 0.064 0.057 0.053 0.046 0.048 0.039 0.026 0.015 0.006 0.002 0.001 -0.01 -0.007 0.007 0.013 0.005 -0.002 -0.011 -0.019 -0.027 -0.016 -0.01 -0.013 -0.018 -0.017 -0.021 -0.019 -0.013 -0.014 -0.018 -0.013 0.001 -9999 -9999 -9999 -9999 -9999 -9999 -9999 -9999 -9999 -9999 -9999 -9999 -9999 -9999 -9999 -9999 -9999 -9999 -9999 -9999 -9999 -9999 -9999 -9999 -9999 -9999 -9999
-9999 -9999 -9999 -9999 0.092 0.092 0.089 -9999 -9999 -9999 -9999 0.047 -9999 0.057 0.06 0.063 0.067 0.062 0.057 0.052 0.046 0.039 0.029 0.016 0.003 -0.002 -0.005 -0.014 -0.023 -0.011 0.007 0.001 -0.006 -0.013 -0.022 -0.027 -0.032 -0.026 -0.02 -0.024 -0.029 -0.032 -0.036 -0.03 -0.023 -0.026 -0.031 -0.018 -0.004 0.014 -9999 -9999 -9999 -9999 -9999 -9999 -9999 -9999 -9999 -9999 -9999 -9999 -9999 -9999 -9999 -9999 -9999 -9999 -9999 -9999 -9999 -9999 -9999 -9999 -9999 -9999
-9999 -9999 0.098 0.098 0.101 0.1 -9999 -9999 0.067 -9999 -9999 -9999 -9999 0.051 0.055 0.059 0.068 0.062 0.049 0.051 0.062 0.055 0.043 0.03 0.01 -0.002 -0.029 -0.039 -0.052 -0.04 -0.023 -0.031 -0.039 -0.038 -0.021 -0.023 -0.026 -0.021 -0.02 -0.023 -0.026 -0.031 -0.044 -0.041 -0.045 -0.047 -0.047 -0.034 -0.018 -0.004 -9999 -9999 -9999 -9999 -9999 -9999 -9999 -9999 -9999 -9999 -9999 -9999 -9999 -9999 -9999 -9999 -9999 -9999 -9999 -9999 -9999 -9999 -9999 -9999 -9999 -9999
-9999 -9999 -9999 0.102 0.107 0.1 -9999 0.083 0.073 0.056 -9999 -9999 -9999 -9999 0.049 0.056 0.064 0.053 0.041 0.05 0.058 0.049 0.038 0.021 0.002 -0.022 -0.05 -0.061 -0.073 -0.061 -0.045 -0.053 -0.06 -0.045 -0.027 -0.028 -0.03 -0.028 -0.027 -0.028 -0.031 -0.041 -0.054 -0.056 -0.058 -0.059 -0.059 -0.046 -0.03 -0.017 0.007 -9999 -9999 -9999 -9999 -9999 -9999 -9999 -9999 -9999 -9999 -9999 -9999 -9999 -9999 -9999 -9999 -9999 -9999 -9999 -9999 -9999 -9999 -9999 -9999 -9999
-9999 -9999 -9999 0.101 0.107 0.098 -9999 0.076 0.075 0.06 -9999 -9999 -9999 -9999 -9999 0.055 0.067 0.061 0.058 0.058 0.05 0.04 0.03 0.011 -0.016 -0.033 -0.036 -0.047 -0.066 -0.055 -0.045 -0.049 -0.051 -0.039 -0.039 -0.037 -0.029 -0.03 -0.039 -0.04 -0.046 -0.052 -0.053 -0.058 -0.073 -0.068 -0.057 -0.044 -0.032 -0.02 -0.004 0.02 -9999 -9999 -9999 -9999 -9999 -9999 -9999 -9999 -9999 -9999 -9999 -9999 -9999 -9999 -9999 -9999 -9999 -9999 -9999 -9999 -9999 -9999 -9999 -9999
-9999 -9999 -9999 0.106 0.108 -9999 -9999 0.084 0.076 0.065 0.056 -9999 -9999 -9999 -9999 -9999 0.063 0.06 0.053 0.044 0.035 0.026 0.016 -0.007 -0.034 -0.038 -0.039 -0.054 -0.072 -0.065 -0.054 -0.054 -0.053 -0.051 -0.051 -0.043 -0.035 -0.041 -0.049 -0.053 -0.058 -0.058 -0.058 -0.07 -0.084 -0.073 -0.061 -0.05 -0.038 -0.026 -0.003 0.011 0.033 0.049 -9999 -9999 -9999 -9999 -9999 -9999 -9999 -9999 -9999 -9999 -9999 -9999 -9999 -9999 -9999 -9999 -9999 -9999 -9999 -9999 -9999 -9999
-9999 -9999 -9999 0.11 0.115 -9999 -9999 0.102 0.097 0.086 -9999 -9999 -9999 -9999 -9999 -9999 0.065 0.053 0.033 0.027 0.028 0.017 0.001 -0.02 -0.04 -0.046 -0.054 -0.065 -0.071 -0.064 -0.058 -0.059 -0.07 -0.067 -0.062 -0.053 -0.04 -0.043 -0.042 -0.05 -0.07 -0.067 -0.062 -0.071 -0.079 -0.067 -0.056 -0.047 -0.04 -0.016 0.007 0.021 0.035 0.065 -9999 -9999 -9999 -9999 -9999 -9999 -9999 -9999 -9999 -9999 -9999 -9999 -9999 -9999 -9999 -9999 -9999 -9999 -9999 -9999 -9999 -9999
-9999 -9999 -9999 0.118 0.118 -9999 -9999 -9999 0.103 0.091 0.074 -9999 -9999 -9999 -9999 -9999 0.055 0.035 0.014 0.013 0.015 0.0 -0.016 -0.033 -0.051 -0.061 -0.069 -0.074 -0.079 -0.074 -0.065 -0.073 -0.083 -0.077 -0.073 -0.061 -0.049 -0.047 -0.046 -0.061 -0.08 -0.074 -0.069 -0.074 -0.081 -0.07 -0.058 -0.051 -0.033 -0.004 0.019 0.033 0.047 0.079 -9999 -9999 -9999 -9999 -9999 -9999 -9999 -9999 -9999 -9999 -9999 -9999 -9999 -9999 -9999 -9999 -9999 -9999 -9999 -9999 -9999 -9999
-9999 -9999 0.122 0.126 0.119 -9999 -9999 -9999 -9999 -9999 -9999 -9999 -9999 -9999 -9999 -9999 0.03 0.017 0.022 0.017 0.002 -0.01 -0.018 -0.035 -0.06 -0.063 -0.055 -0.063 -0.079 -0.076 -0.077 -0.082 -0.085 -0.081 -0.082 -0.071 -0.063 -0.057 -0.046 -0.056 -0.062 -0.06 -0.064 -0.067 -0.069 -0.059 -0.05 -0.033 -0.016 0.01 0.033 0.041 0.054 0.077 0.104 -9999 -9999 -9999 -9999 -9999 -9999 -9999 -9999 -9999 -9999 -9999 -9999 -9999 -9999 -9999 -9999 -9999 -9999 -9999 -9999 -9999
-9999 0.124 0.129 0.127 0.12 -9999 -9999 -9999 -9999 -9999 -9999 -9999 -9999 -9999 0.06 0.039 0.012 0.01 0.014 0.0 -0.015 -0.023 -0.028 -0.049 -0.072 -0.067 -0.058 -0.072 -0.087 -0.087 -0.088 -0.09 -0.092 -0.091 -0.091 -0.083 -0.074 -0.064 -0.053 -0.056 -0.061 -0.064 -0.067 -0.068 -0.069 -0.059 -0.039 -0.022 -0.002 0.021 0.043 0.054 0.065 0.088 0.126 -9999 -9999 -9999 -9999 -9999 -9999 -9999 -9999 -9999 -9999 -9999 -9999 -9999 -9999 -9999 -9999 -9999 -9999 -9999 -9999 -9999
-9999 0.128 0.132 0.129 -9999 -9999 -9999 -9999 -9999 -9999 -9999 -9999 -9999 -9999 0.063 0.038 0.02 0.009 -0.018 -0.029 -0.027 -0.037 -0.051 -0.068 -0.083 -0.084 -0.091 -0.099 -0.092 -0.09 -0.088 -0.094 -0.111 -0.107 -0.099 -0.091 -0.08 -0.071 -0.064 -0.064 -0.061 -0.058 -0.047 -0.049 -0.057 -0.037 -0.016 0.001 0.01 0.033 0.056 0.071 0.087 0.101 0.115 -9999 -9999 -9999 -9999 -9999 -9999 -9999 -9999 -9999 -9999 -9999 -9999 -9999 -9999 -9999 -9999 -9999 -9999 -9999 -9999 -9999
-9999 -9999 -9999 -9999 -9999 -9999 -9999 -9999 -9999 -9999 -9999 -9999 -9999 -9999 0.058 0.038 0.014 -0.012 -0.04 -0.043 -0.042 -0.056 -0.068 -0.081 -0.095 -0.104 -0.113 -0.11 -0.101 -0.097 -0.095 -0.107 -0.123 -0.116 -0.109 -0.099 -0.089 -0.081 -0.074 -0.07 -0.067 -0.056 -0.045 -0.05 -0.049 -0.026 -0.004 0.009 0.02 0.041 0.067 0.085 0.102 0.116 0.126 -9999 -9999 -9999 -9999 -9999 -9999 -9999 -9999 -9999 -9999 -9999 -9999 -9999 -9999 -9999 -9999 -9999 -9999 -9999 -9999 -9999
-9999 -9999 -9999 -9999 -9999 -9999 -9999 -9999 -9999 -9999 -9999 -9999 -9999 0.063 0.043 0.019 -0.012 -0.031 -0.039 -0.052 -0.078 -0.085 -0.08 -0.094 -0.113 -0.124 -0.142 -0.132 -0.105 -0.103 -0.109 -0.119 -0.129 -0.122 -0.116 -0.111 -0.112 -0.097 -0.067 -0.064 -0.069 -0.067 -0.081 -0.072 -0.036 -0.017 -0.005 0.011 0.029 0.05 0.076 0.091 0.103 0.133 0.135 -9999 -9999 -9999 -9999 -9999 -9999 -9999 -9999 -9999 -9999 -9999 -9999 -9999 -9999 -9999 -9999 -9999 -9999 -9999 -9999 -9999
-9999 -9999 -9999 -9999 -9999 -9999 -9999 -9999 -9999 -9999 -9999 -9999 -9999 0.046 0.029 0.001 -0.03 -0.04 -0.047 -0.073 -0.096 -0.095 -0.091 -0.109 -0.128 -0.144 -0.161 -0.141 -0.114 -0.116 -0.121 -0.127 -0.136 -0.13 -0.124 -0.125 -0.126 -0.1 -0.07 -0.072 -0.075 -0.087 -0.098 -0.065 -0.03 -0.015 -0.001 0.018 0.035 0.057 0.085 0.1 0.11 0.138 0.161 -9999 -9999 -9999 -9999 -9999 -9999 -9999 -9999 -9999 -9999 -9999 -9999 -9999 -9999 -9999 -9999 -9999 -9999 -9999 -9999 -9999
-9999 -9999 -9999 -9999 -9999 -9999 -9999 -9999 -9999 -9999 -9999 -9999 0.055 0.033 0.013 -0.013 -0.033 -0.041 -0.044 -0.069 -0.102 -0.102 -0.102 -0.121 -0.144 -0.159 -0.168 -0.154 -0.147 -0.146 -0.139 -0.139 -0.131 -0.122 -0.109 -0.105 -0.1 -0.082 -0.079 -0.082 -0.09 -0.093 -0.078 -0.05 -0.03 -0.014 0.0 0.016 0.029 0.054 0.083 0.12 0.14 0.161 0.174 0.189 -9999 -9999 -9999 -9999 -9999 -9999 -9999 -9999 -9999 -9999 -9999 -9999 -9999 -9999 -9999 -9999 -9999 -9999 -9999 -9999
-9999 -9999 -9999 -9999 -9999 -9999 -9999 -9999 -9999 -9999 -9999 0.06 0.043 0.02 0.001 -0.021 -0.041 -0.047 -0.049 -0.079 -0.109 -0.111 -0.112 -0.134 -0.157 -0.169 -0.178 -0.173 -0.167 -0.159 -0.153 -0.144 -0.135 -0.123 -0.11 -0.103 -0.096 -0.092 -0.089 -0.094 -0.102 -0.091 -0.07 -0.049 -0.028 -0.011 0.002 0.016 0.03 0.058 0.089 0.125 0.156 0.174 0.189 0.207 -9999 -9999 -9999 -9999 -9999 -9999 -9999 -9999 -9999 -9999 -9999 -9999 -9999 -9999 -9999 -9999 -9999 -9999 -9999 -9999
-9999 -9999 -9999 -9999 -9999 -9999 -9999 -9999 -9999 -9999 -9999 0.063 0.048 0.025 -0.005 -0.028 -0.051 -0.061 -0.071 -0.094 -0.104 -0.114 -0.138 -0.156 -0.167 -0.181 -0.194 -0.189 -0.179 -0.175 -0.176 -0.166 -0.151 -0.136 -0.113 -0.108 -0.11 -0.104 -0.093 -0.102 -0.121 -0.103 -0.082 -0.059 -0.039 -0.01 0.031 0.044 0.046 0.078 0.11 0.143 0.171 0.192 0.21 0.233 -9999 -9999 -9999 -9999 -9999 -9999 -9999 -9999 -9999 -9999 -9999 -9999 -9999 -9999 -9999 -9999 -9999 -9999 -9999 -9999
-9999 -9999 -9999 -9999 -9999 -9999 -9999 -9999 -9999 -9999 0.087 0.07 0.046 0.017 -0.013 -0.038 -0.063 -0.077 -0.087 -0.099 -0.108 -0.13 -0.154 -0.166 -0.178 -0.194 -0.205 -0.197 -0.187 -0.187 -0.188 -0.176 -0.163 -0.143 -0.121 -0.121 -0.123 -0.113 -0.102 -0.118 -0.13 -0.106 -0.081 -0.056 -0.035 0.007 0.049 0.055 0.061 0.093 0.124 0.154 0.179 0.2 0.221 0.243 0.242 -9999 -9999 -9999 -9999 -9999 -9999 -9999 -9999 -9999 -9999 -9999 -9999 -9999 -9999 -9999 -9999 -9999 -9999 -9999
-9999 -9999 -9999 -9999 -9999 -9999 -9999 -9999 -9999 0.099 -9999 0.071 0.052 0.023 -0.004 -0.032 -0.068 -0.085 -0.1 -0.116 -0.14 -0.154 -0.152 -0.164 -0.176 -0.19 -0.197 -0.189 -0.186 -0.185 -0.186 -0.178 -0.173 -0.157 -0.138 -0.137 -0.127 -0.121 -0.123 -0.131 -0.122 -0.091 -0.052 -0.024 0.003 0.039 0.066 0.079 0.1 0.124 0.149 0.177 0.202 0.215 0.232 0.254 0.257 -9999 -9999 -9999 -9999 -9999 -9999 -9999 -9999 -9999 -9999 -9999 -9999 -9999 -9999 -9999 -9999 -9999 -9999 -9999
