Validation/Results/raw data/ReClimate_09_2024_1_Temperature-Actualsweatherlogisticsltd.asc
NCOLS 192
NROWS 249
XLLCENTER -225160.85627316462
YLLCENTER 29788.11610251502
CELLSIZE 5000.0
NODATA_VALUE -9999
[rows 136 to 169 of 249, columns 77 to 153 of 192]
-9999 -9999 -9999 -9999 -9999 -9999 -9999 -9999 10.045 -9999 9.548 9.131 9.131 9.112 9.307 9.425 9.442 9.309 8.339 8.503 8.491 8.535 9.065 9.094 9.167 9.279 8.791 8.668 -9999 -9999 -9999 -9999 -9999 -9999 9.675 9.788 9.748 9.507 9.377 9.199 8.651 8.34 8.592 8.672 8.743 9.162 8.878 8.743 9.188 9.403 9.554 9.538 9.956 10.166 10.25 10.325 10.692 -9999 -9999 -9999 -9999 -9999 -9999 -9999 -9999 -9999 -9999 -9999 -9999 -9999 -9999 -9999 -9999 -9999 -9999 -9999 -9999
-9999 -9999 -9999 -9999 -9999 -9999 -9999 -9999 9.931 9.854 9.837 9.882 9.6 9.45 9.407 9.435 9.716 9.48 9.114 8.478 8.506 8.63 9.076 9.0 9.012 9.403 9.065 9.543 -9999 -9999 -9999 -9999 9.704 9.626 9.666 9.784 9.846 9.753 9.523 8.796 8.036 8.054 8.277 7.998 8.706 8.614 8.378 8.927 8.864 9.065 9.49 9.589 9.396 9.834 10.108 10.175 10.741 -9999 -9999 -9999 -9999 -9999 -9999 -9999 -9999 -9999 -9999 -9999 -9999 -9999 -9999 -9999 -9999 -9999 -9999 -9999 -9999
10.674 -9999 -9999 -9999 -9999 -9999 -9999 -9999 9.948 10.162 10.049 -9999 -9999 9.829 9.598 9.596 9.681 -9999 9.831 9.594 9.349 9.161 9.247 8.983 9.427 9.786 -9999 -9999 -9999 -9999 -9999 9.918 9.759 9.645 9.66 9.659 9.667 9.668 9.275 8.581 7.554 7.343 7.859 7.638 8.229 7.754 7.993 8.338 8.3 8.902 8.935 9.119 9.326 9.659 9.937 10.046 10.532 -9999 -9999 -9999 -9999 -9999 -9999 -9999 -9999 -9999 -9999 -9999 -9999 -9999 -9999 -9999 -9999 -9999 -9999 -9999 -9999
10.324 -9999 -9999 -9999 -9999 -9999 -9999 -9999 -9999 10.287 10.416 -9999 -9999 -9999 10.093 9.704 9.726 9.943 -9999 -9999 9.932 9.77 9.692 9.372 9.509 -9999 -9999 -9999 -9999 -9999 9.748 9.729 9.598 9.562 9.509 9.434 9.484 9.225 9.032 8.717 7.71 7.482 6.838 7.488 7.106 6.993 7.386 7.734 7.744 8.172 8.824 9.06 9.19 9.65 9.957 9.883 10.101 -9999 -9999 -9999 -9999 -9999 -9999 -9999 -9999 -9999 -9999 -9999 -9999 -9999 -9999 -9999 -9999 -9999 -9999 -9999 -9999
-9999 -9999 -9999 -9999 -9999 -9999 -9999 -9999 -9999 -9999 10.46 -9999 -9999 -9999 -9999 10.056 9.663 9.813 -9999 -9999 -9999 10.11 10.289 -9999 -9999 -9999 -9999 -9999 -9999 -9999 9.771 9.671 9.452 9.17 8.921 9.012 9.103 9.054 9.214 8.899 8.2 7.195 7.078 7.124 6.426 6.674 7.069 7.611 7.514 7.735 8.439 9.065 9.537 9.746 9.866 9.739 9.879 -9999 -9999 -9999 -9999 -9999 -9999 -9999 -9999 -9999 -9999 -9999 -9999 -9999 -9999 -9999 -9999 -9999 -9999 -9999 -9999
-9999 -9999 -9999 -9999 -9999 -9999 -9999 -9999 -9999 -9999 10.203 -9999 -9999 -9999 -9999 -9999 10.083 9.996 -9999 -9999 -9999 -9999 -9999 -9999 -9999 -9999 -9999 -9999 -9999 -9999 9.74 9.223 8.866 8.623 8.427 8.596 8.76 8.959 9.091 8.919 8.453 7.334 6.314 5.855 6.271 6.748 7.823 8.056 8.127 8.392 8.553 8.692 9.316 9.75 9.728 9.599 9.742 10.248 -9999 -9999 -9999 -9999 -9999 -9999 -9999 -9999 -9999 -9999 -9999 -9999 -9999 -9999 -9999 -9999 -9999 -9999 -9999
10.558 10.67 10.969 -9999 -9999 -9999 -9999 -9999 -9999 -9999 10.178 -9999 -9999 -9999 -9999 -9999 -9999 -9999 -9999 -9999 -9999 -9999 -9999 -9999 -9999 -9999 -9999 -9999 -9999 9.804 9.413 9.175 9.129 8.77 7.859 8.333 8.439 8.492 8.878 8.856 8.985 7.526 6.004 5.648 6.629 7.156 6.663 6.698 7.4 7.9 8.824 8.974 9.093 9.342 9.492 9.618 9.679 10.124 10.761 -9999 -9999 -9999 -9999 -9999 -9999 -9999 -9999 -9999 -9999 -9999 -9999 -9999 -9999 -9999 -9999 -9999 -9999
10.367 10.595 10.797 -9999 -9999 -9999 -9999 -9999 -9999 -9999 -9999 -9999 -9999 -9999 -9999 -9999 -9999 -9999 -9999 -9999 -9999 -9999 -9999 -9999 -9999 -9999 -9999 -9999 9.69 9.621 9.33 9.184 8.979 8.497 6.73 7.383 8.458 8.67 8.817 9.222 8.991 8.339 6.964 5.958 6.589 6.734 6.989 7.318 7.271 7.565 8.155 8.984 9.191 9.417 9.532 9.649 9.823 10.246 10.747 -9999 -9999 -9999 -9999 -9999 -9999 -9999 -9999 -9999 -9999 -9999 -9999 -9999 -9999 -9999 -9999 -9999 -9999
10.5 -9999 10.872 11.08 -9999 -9999 -9999 -9999 -9999 -9999 -9999 -9999 -9999 -9999 -9999 -9999 -9999 -9999 -9999 -9999 -9999 -9999 -9999 -9999 -9999 -9999 -9999 -9999 9.464 9.404 9.332 8.226 7.889 8.115 8.34 8.098 7.966 8.433 8.681 8.891 9.124 8.995 8.052 7.434 6.428 6.975 7.374 7.611 7.765 8.108 8.478 8.855 9.033 9.368 9.549 9.743 9.886 10.262 10.741 10.997 11.068 -9999 -9999 -9999 -9999 -9999 -9999 -9999 -9999 -9999 -9999 -9999 -9999 -9999 -9999 -9999 -9999
10.506 -9999 -9999 11.019 -9999 -9999 -9999 -9999 -9999 -9999 -9999 -9999 -9999 -9999 -9999 -9999 -9999 -9999 -9999 -9999 -9999 -9999 -9999 -9999 -9999 -9999 -9999 -9999 9.645 9.464 8.759 7.714 8.853 8.823 7.961 7.499 8.203 8.171 7.96 8.801 8.702 9.135 9.169 8.302 7.745 7.288 7.547 7.803 8.277 8.547 8.944 9.254 9.511 9.577 9.808 9.798 10.018 10.271 10.55 10.294 10.324 10.339 10.607 10.109 -9999 -9999 -9999 -9999 -9999 -9999 -9999 -9999 -9999 -9999 -9999 -9999 -9999
10.439 10.724 -9999 10.961 -9999 -9999 -9999 -9999 -9999 -9999 -9999 -9999 -9999 -9999 -9999 -9999 -9999 -9999 -9999 -9999 -9999 -9999 -9999 -9999 -9999 -9999 -9999 10.507 9.745 9.227 8.088 7.376 7.176 7.86 8.109 8.087 7.8 7.309 8.341 7.72 8.409 8.868 9.073 8.906 8.674 8.157 7.557 7.794 8.266 8.66 8.973 9.299 9.571 9.849 9.936 10.007 10.132 10.295 10.356 10.194 9.381 9.302 9.367 9.482 9.98 9.765 -9999 -9999 -9999 -9999 -9999 -9999 -9999 -9999 -9999 -9999 -9999
10.471 -9999 10.693 -9999 -9999 -9999 -9999 -9999 -9999 -9999 -9999 -9999 -9999 -9999 -9999 -9999 -9999 -9999 -9999 -9999 -9999 -9999 -9999 -9999 -9999 -9999 -9999 -9999 10.366 9.455 8.039 7.616 7.883 6.416 7.202 8.085 7.611 8.172 7.168 7.482 8.334 8.666 8.668 8.789 8.466 6.867 7.171 7.306 7.315 7.699 8.538 8.932 9.344 9.764 9.971 10.048 10.164 10.342 10.396 10.227 9.614 9.24 9.4 9.396 9.36 9.614 9.701 -9999 -9999 -9999 -9999 -9999 -9999 -9999 -9999 -9999 -9999
10.541 10.559 10.591 -9999 -9999 -9999 -9999 -9999 -9999 -9999 -9999 -9999 -9999 -9999 -9999 -9999 -9999 -9999 -9999 -9999 -9999 -9999 -9999 -9999 -9999 -9999 -9999 -9999 -9999 10.05 9.34 9.206 7.715 7.604 7.96 8.812 9.082 7.858 7.892 8.319 8.467 8.146 8.195 8.514 7.555 7.184 6.97 6.455 6.926 7.633 7.96 8.69 9.182 9.71 9.952 10.023 10.155 10.311 9.69 9.44 8.891 8.301 8.55 8.868 9.368 9.313 9.55 10.145 -9999 -9999 -9999 -9999 -9999 -9999 -9999 -9999 -9999
10.699 10.541 -9999 -9999 -9999 -9999 -9999 -9999 -9999 -9999 -9999 -9999 -9999 -9999 -9999 -9999 -9999 -9999 -9999 -9999 -9999 -9999 -9999 -9999 -9999 -9999 -9999 -9999 -9999 10.677 10.212 9.599 8.734 7.994 7.572 8.997 8.535 8.803 9.106 9.102 8.814 8.331 7.38 8.22 7.497 6.823 7.149 7.884 8.087 8.088 8.307 8.595 9.328 9.826 9.994 10.055 9.937 9.609 9.295 8.875 9.038 8.84 8.71 8.617 8.786 9.125 9.275 9.822 10.787 -9999 -9999 -9999 -9999 -9999 -9999 -9999 -9999
10.617 10.675 -9999 -9999 -9999 -9999 -9999 -9999 -9999 -9999 -9999 -9999 -9999 -9999 -9999 -9999 -9999 -9999 -9999 -9999 -9999 -9999 -9999 -9999 -9999 -9999 -9999 -9999 -9999 -9999 9.921 9.215 8.816 8.066 8.883 8.778 9.216 9.427 9.468 9.308 9.049 8.52 8.574 7.239 7.597 7.732 7.512 7.853 7.969 7.914 8.671 8.894 9.459 9.825 10.046 10.093 9.821 9.435 9.252 9.073 8.962 9.014 9.012 8.924 8.919 9.046 9.395 9.693 10.464 -9999 -9999 -9999 -9999 -9999 -9999 -9999 -9999
-9999 -9999 -9999 -9999 -9999 -9999 -9999 -9999 -9999 -9999 -9999 -9999 -9999 -9999 -9999 -9999 -9999 -9999 -9999 -9999 -9999 -9999 -9999 -9999 -9999 -9999 -9999 -9999 -9999 -9999 10.625 8.925 9.129 9.668 9.246 9.508 9.518 9.797 9.672 9.165 9.195 9.205 7.367 7.949 7.714 7.603 7.34 8.024 8.173 8.432 8.648 9.103 9.405 9.858 10.064 10.123 9.947 9.306 8.968 9.135 9.35 9.375 9.375 9.268 9.276 9.158 9.158 9.705 10.031 10.907 -9999 -9999 -9999 -9999 -9999 -9999 -9999
-9999 -9999 -9999 -9999 -9999 -9999 -9999 -9999 -9999 -9999 -9999 -9999 -9999 -9999 -9999 -9999 -9999 -9999 -9999 -9999 -9999 -9999 -9999 -9999 -9999 -9999 -9999 -9999 -9999 -9999 -9999 10.156 10.32 9.891 9.606 9.766 9.722 10.011 9.75 9.44 9.553 8.771 7.815 7.335 7.37 6.999 7.347 7.317 7.648 8.188 8.277 8.702 9.297 9.779 10.012 9.946 9.816 9.688 8.96 8.98 9.639 10.023 9.885 9.844 9.841 9.893 9.849 10.041 10.399 10.601 -9999 -9999 -9999 -9999 -9999 -9999 -9999
-9999 -9999 -9999 -9999 -9999 -9999 -9999 -9999 -9999 -9999 -9999 -9999 -9999 -9999 -9999 -9999 -9999 -9999 -9999 -9999 -9999 -9999 -9999 -9999 -9999 -9999 -9999 -9999 -9999 -9999 -9999 10.694 -9999 9.924 10.128 9.942 10.026 -9999 10.019 9.696 9.595 8.878 7.774 7.701 7.666 7.158 7.422 7.411 6.794 7.598 7.97 8.278 8.743 9.471 9.83 9.827 9.789 9.846 9.882 9.667 10.028 10.293 10.166 10.023 10.049 10.146 10.265 10.319 10.051 10.018 10.372 -9999 -9999 -9999 -9999 -9999 -9999
-9999 -9999 -9999 -9999 -9999 -9999 -9999 -9999 -9999 -9999 -9999 -9999 -9999 -9999 -9999 -9999 -9999 -9999 -9999 -9999 -9999 -9999 -9999 -9999 -9999 -9999 -9999 -9999 -9999 -9999 -9999 -9999 10.71 10.24 -9999 -9999 -9999 -9999 10.305 9.998 9.939 9.361 8.888 7.958 7.793 7.569 7.457 8.219 7.792 7.197 7.936 8.155 8.741 9.255 9.737 9.943 10.01 10.066 10.101 10.069 9.999 10.157 10.032 9.985 10.134 10.179 10.051 10.051 10.173 10.029 10.085 10.353 10.831 -9999 -9999 -9999 -9999
-9999 -9999 -9999 -9999 -9999 -9999 -9999 -9999 -9999 -9999 -9999 -9999 -9999 -9999 -9999 -9999 -9999 -9999 -9999 -9999 -9999 -9999 -9999 -9999 -9999 -9999 -9999 -9999 -9999 -9999 -9999 -9999 10.87 10.668 -9999 -9999 -9999 -9999 10.482 9.96 10.088 9.636 8.887 9.056 8.869 8.057 8.002 8.166 8.304 7.32 7.875 8.165 8.512 9.071 9.729 10.079 10.184 10.253 10.24 10.227 10.179 10.102 10.08 10.083 10.163 10.101 9.925 9.735 9.778 9.963 10.238 10.559 10.944 -9999 -9999 -9999 -9999
-9999 -9999 -9999 -9999 -9999 -9999 -9999 -9999 -9999 -9999 -9999 -9999 -9999 -9999 -9999 -9999 -9999 -9999 -9999 -9999 -9999 -9999 -9999 -9999 -9999 -9999 -9999 -9999 -9999 -9999 -9999 -9999 10.934 -9999 -9999 -9999 -9999 10.748 10.365 9.958 9.211 8.791 8.795 8.844 8.925 8.402 7.966 8.499 8.477 8.361 7.895 8.371 8.648 9.076 9.527 10.018 10.134 10.241 10.306 10.352 10.395 10.365 10.356 10.158 9.792 9.822 9.834 9.888 9.955 10.118 10.372 10.757 -9999 -9999 -9999 -9999 -9999
-9999 -9999 -9999 -9999 -9999 -9999 -9999 -9999 -9999 -9999 -9999 -9999 -9999 -9999 -9999 -9999 -9999 -9999 -9999 -9999 -9999 -9999 -9999 -9999 -9999 -9999 -9999 -9999 -9999 -9999 -9999 -9999 -9999 -9999 -9999 -9999 -9999 10.735 10.141 9.123 8.24 7.838 8.299 8.915 8.893 9.078 8.973 9.104 8.921 8.67 8.409 8.435 8.843 9.145 9.417 9.816 10.074 10.218 10.364 10.506 10.58 10.528 10.454 10.354 9.682 9.323 9.852 10.071 10.307 10.399 10.569 10.783 -9999 -9999 -9999 -9999 -9999
-9999 -9999 -9999 -9999 -9999 -9999 -9999 -9999 -9999 -9999 -9999 -9999 -9999 -9999 -9999 -9999 -9999 -9999 -9999 -9999 -9999 -9999 -9999 -9999 -9999 -9999 -9999 -9999 -9999 -9999 -9999 -9999 -9999 -9999 -9999 -9999 -9999 10.622 10.115 9.303 8.42 8.315 8.766 8.935 9.316 9.329 9.309 9.351 9.249 9.349 8.843 8.811 8.903 9.135 9.39 9.762 10.13 10.267 10.407 10.634 10.68 10.606 10.504 10.434 10.094 9.557 9.788 10.209 10.448 10.603 10.67 10.774 -9999 -9999 -9999 -9999 -9999
-9999 -9999 -9999 -9999 -9999 -9999 -9999 -9999 -9999 -9999 -9999 -9999 -9999 -9999 -9999 -9999 -9999 -9999 -9999 -9999 -9999 -9999 -9999 -9999 -9999 -9999 -9999 -9999 -9999 -9999 -9999 -9999 -9999 -9999 -9999 -9999 10.737 10.599 10.137 9.148 8.513 8.198 8.791 8.862 9.661 9.425 9.427 9.113 9.098 8.922 9.54 9.495 9.679 9.643 9.871 9.878 10.082 10.25 10.315 10.444 10.671 10.607 10.524 10.436 10.378 10.008 9.985 10.317 10.584 10.72 10.747 10.793 10.938 -9999 -9999 -9999 -9999
-9999 -9999 -9999 -9999 -9999 -9999 -9999 -9999 -9999 -9999 -9999 -9999 -9999 -9999 -9999 -9999 -9999 -9999 -9999 -9999 -9999 -9999 -9999 -9999 -9999 -9999 -9999 -9999 -9999 -9999 -9999 -9999 -9999 -9999 -9999 -9999 10.618 10.626 10.301 9.726 8.957 9.549 9.429 9.941 9.415 9.03 9.059 8.706 8.844 9.33 9.108 9.575 9.636 9.66 9.765 10.016 10.054 10.185 10.308 10.403 10.503 10.529 10.431 10.397 10.408 10.385 10.156 10.323 10.624 10.781 10.813 10.815 10.936 -9999 -9999 -9999 -9999
-9999 -9999 -9999 -9999 -9999 -9999 -9999 -9999 -9999 -9999 -9999 -9999 -9999 -9999 -9999 -9999 -9999 -9999 -9999 -9999 -9999 -9999 -9999 -9999 -9999 -9999 -9999 -9999 -9999 -9999 -9999 -9999 -9999 -9999 -9999 10.704 10.595 10.643 10.671 10.162 10.051 9.897 10.117 9.978 9.368 9.343 9.029 8.652 8.816 9.174 9.962 9.696 10.092 10.043 9.967 9.896 10.082 10.175 10.273 10.397 10.456 10.458 10.4 10.377 10.418 10.456 10.356 10.222 10.517 10.844 10.947 10.866 10.894 11.036 -9999 -9999 -9999
-9999 -9999 -9999 -9999 -9999 -9999 -9999 -9999 -9999 -9999 -9999 -9999 -9999 -9999 -9999 -9999 -9999 -9999 -9999 -9999 -9999 -9999 -9999 -9999 -9999 -9999 -9999 -9999 -9999 -9999 -9999 -9999 -9999 -9999 -9999 10.714 10.585 10.657 10.651 10.493 10.303 10.203 10.002 9.709 9.847 9.649 8.978 8.015 8.304 8.694 9.422 9.999 9.919 10.252 10.412 10.272 10.092 10.241 10.354 10.415 10.482 10.488 10.47 10.473 10.53 10.603 10.494 10.326 10.582 11.023 11.182 11.114 10.94 10.961 -9999 -9999 -9999
-9999 -9999 -9999 -9999 -9999 -9999 -9999 -9999 -9999 -9999 -9999 -9999 -9999 -9999 -9999 -9999 -9999 -9999 -9999 -9999 -9999 -9999 -9999 -9999 -9999 -9999 -9999 -9999 -9999 -9999 -9999 -9999 -9999 -9999 -9999 10.788 10.671 10.705 10.766 10.702 10.52 10.129 9.863 9.726 9.417 8.9 8.157 8.087 8.378 8.682 9.26 9.817 9.822 9.878 10.344 10.633 10.567 10.477 10.534 10.535 10.526 10.565 10.571 10.584 10.655 10.721 10.787 10.683 10.814 11.208 11.367 11.276 11.08 10.908 10.954 -9999 -9999
-9999 -9999 -9999 -9999 -9999 -9999 -9999 -9999 -9999 -9999 -9999 -9999 -9999 -9999 -9999 -9999 -9999 -9999 -9999 -9999 -9999 -9999 -9999 -9999 -9999 -9999 -9999 -9999 -9999 -9999 -9999 -9999 -9999 -9999 -9999 -9999 10.704 10.723 10.777 10.696 10.194 9.67 9.414 9.274 9.26 9.049 8.543 8.68 8.708 9.19 9.999 10.179 10.173 9.972 10.331 10.634 10.613 10.591 10.667 10.639 10.604 10.64 10.673 10.684 10.722 10.781 10.796 10.887 10.962 -9999 11.312 -9999 11.116 11.004 10.941 11.151 -9999
-9999 -9999 -9999 -9999 -9999 -9999 -9999 -9999 -9999 -9999 -9999 -9999 -9999 -9999 -9999 -9999 -9999 -9999 -9999 -9999 -9999 -9999 -9999 -9999 -9999 -9999 -9999 -9999 -9999 -9999 -9999 -9999 -9999 -9999 -9999 10.838 10.739 10.748 10.782 10.571 9.91 9.074 8.989 9.235 8.895 8.806 8.965 8.678 8.411 8.874 9.603 10.457 10.33 10.341 10.548 10.65 10.575 10.589 10.651 10.717 10.687 10.703 10.719 10.732 10.754 10.624 10.675 10.804 10.73 10.784 11.002 11.077 -9999 11.117 11.129 11.013 11.25
-9999 -9999 -9999 -9999 -9999 -9999 -9999 -9999 -9999 -9999 -9999 -9999 -9999 -9999 -9999 -9999 -9999 -9999 -9999 -9999 -9999 -9999 -9999 -9999 -9999 -9999 -9999 -9999 -9999 -9999 -9999 -9999 -9999 -9999 -9999 10.873 10.796 10.814 10.688 10.307 9.891 9.358 9.173 9.483 9.429 9.493 9.636 9.086 8.656 8.983 9.575 9.947 9.994 10.148 10.343 10.476 10.403 10.408 10.587 10.708 10.774 10.768 10.753 10.731 10.756 10.767 10.573 10.695 10.716 10.51 10.653 10.877 11.024 -9999 -9999 -9999 -9999
-9999 -9999 -9999 -9999 -9999 -9999 -9999 -9999 -9999 -9999 -9999 -9999 -9999 -9999 -9999 -9999 -9999 -9999 -9999 -9999 -9999 -9999 -9999 -9999 -9999 -9999 -9999 -9999 -9999 -9999 -9999 -9999 -9999 -9999 10.97 10.998 10.872 10.668 10.472 10.45 10.258 9.752 9.996 10.097 10.134 10.219 10.045 9.372 8.479 8.264 8.913 9.418 9.387 9.843 10.302 10.398 10.531 10.449 10.574 10.738 10.817 10.817 10.796 10.758 10.758 10.773 10.735 10.651 10.693 10.475 10.424 10.624 10.86 11.013 11.115 -9999 -9999
-9999 -9999 -9999 -9999 -9999 -9999 -9999 -9999 -9999 -9999 -9999 -9999 -9999 -9999 -9999 -9999 -9999 -9999 -9999 -9999 -9999 -9999 -9999 -9999 -9999 -9999 -9999 -9999 -9999 -9999 -9999 -9999 -9999 -9999 11.113 11.037 10.922 10.77 10.522 10.32 10.516 10.458 10.497 10.521 10.573 10.606 10.376 9.823 9.131 8.085 7.8 8.682 8.933 9.359 10.015 10.161 10.562 10.7 10.586 10.714 10.833 10.84 10.818 10.788 10.777 10.781 10.715 10.696 10.716 10.704 10.3 10.403 10.638 10.846 11.011 11.153 -9999
-9999 -9999 -9999 -9999 -9999 -9999 -9999 -9999 -9999 -9999 -9999 -9999 -9999 -9999 -9999 -9999 -9999 -9999 -9999 -9999 -9999 -9999 -9999 -9999 -9999 -9999 -9999 -9999 -9999 -9999 -9999 -9999 -9999 -9999 -9999 11.095 10.971 10.872 10.59 10.684 10.69 10.721 10.78 10.842 11.034 11.035 10.775 10.346 9.523 8.603 7.721 7.585 8.371 9.007 9.636 10.147 10.202 10.503 10.51 10.585 10.771 10.815 10.828 10.827 10.807 10.752 10.68 10.66 10.719 10.689 10.408 10.289 10.505 10.636 10.821 11.018 11.029
