Validation/Results/raw data/ReClimate_05_2024_1weatherlogisticsltd.asc
NCOLS 192
NROWS 249
XLLCENTER -225160.85627316462
YLLCENTER 29788.11610251502
CELLSIZE 5000.0
NODATA_VALUE -9999
[rows 99 to 131 of 249, columns 74 to 147 of 192]
143.703 144.281 145.06 146.13 147.35 146.769 146.509 146.91 -9999 -9999 145.348 144.735 144.536 143.318 141.505 140.4 139.516 138.649 137.059 136.635 135.154 135.669 136.964 136.189 135.765 136.913 139.099 138.138 136.53 137.169 137.863 137.911 138.695 138.339 137.985 137.628 137.263 136.883 136.483 136.25 136.213 136.19 136.158 136.117 136.075 -9999 -9999 -9999 -9999 -9999 -9999 -9999 -9999 -9999 -9999 -9999 -9999 -9999 -9999 -9999 -9999 -9999 -9999 -9999 -9999 -9999 -9999 -9999 -9999 -9999 -9999 -9999 -9999 -9999
142.672 143.746 145.473 -9999 -9999 145.925 146.592 -9999 -9999 -9999 145.358 145.141 144.968 143.623 142.847 141.431 139.176 138.521 139.297 137.82 136.1 136.466 135.776 135.908 137.047 137.518 135.944 135.89 138.183 138.327 137.857 138.462 139.077 138.728 138.379 138.029 137.671 137.301 136.91 136.667 136.616 136.593 136.56 136.518 136.477 -9999 -9999 -9999 -9999 -9999 -9999 -9999 -9999 -9999 -9999 -9999 -9999 -9999 -9999 -9999 -9999 -9999 -9999 -9999 -9999 -9999 -9999 -9999 -9999 -9999 -9999 -9999 -9999 -9999
143.041 -9999 143.21 142.389 140.674 -9999 -9999 -9999 -9999 146.735 145.602 146.131 147.542 146.407 144.516 142.022 138.702 138.711 137.927 136.086 133.826 133.951 135.519 136.507 137.831 135.629 132.1 135.217 140.41 139.906 139.656 139.797 139.445 139.099 138.754 138.408 138.057 137.696 137.317 137.074 137.02 137.005 136.981 136.95 -9999 -9999 -9999 -9999 -9999 -9999 -9999 -9999 -9999 -9999 -9999 -9999 -9999 -9999 -9999 -9999 -9999 -9999 -9999 -9999 -9999 -9999 -9999 -9999 -9999 -9999 -9999 -9999 -9999 -9999
144.391 144.599 145.959 145.009 144.804 145.933 145.29 -9999 -9999 146.253 -9999 -9999 143.428 142.78 144.241 141.464 138.99 138.523 138.374 137.183 137.232 137.968 137.899 138.363 137.909 136.299 137.112 140.123 141.097 140.871 140.504 140.147 139.797 139.453 139.112 138.769 138.423 138.068 137.7 137.461 137.413 137.404 137.373 -9999 -9999 -9999 -9999 -9999 -9999 -9999 -9999 -9999 -9999 -9999 -9999 -9999 -9999 -9999 -9999 -9999 -9999 -9999 -9999 -9999 -9999 -9999 -9999 -9999 -9999 -9999 -9999 -9999 -9999 -9999
144.257 145.534 146.943 147.179 147.958 -9999 -9999 -9999 147.15 146.44 142.422 141.303 141.243 143.073 146.127 143.336 139.406 139.856 141.362 141.293 140.954 140.273 138.634 138.439 138.759 139.526 140.665 141.227 141.582 141.204 140.839 140.484 140.137 139.794 139.455 139.115 138.772 138.422 -9999 -9999 137.794 -9999 -9999 -9999 -9999 -9999 -9999 -9999 -9999 -9999 -9999 -9999 -9999 -9999 -9999 -9999 -9999 -9999 -9999 -9999 -9999 -9999 -9999 -9999 -9999 -9999 -9999 -9999 -9999 -9999 -9999 -9999 -9999 -9999
145.407 145.954 145.426 -9999 146.531 -9999 -9999 -9999 146.987 145.094 144.103 143.906 143.192 144.796 145.05 142.566 141.682 142.213 141.786 141.44 141.132 139.495 137.427 137.786 138.511 139.183 139.555 140.27 141.903 141.528 141.165 140.811 140.465 140.125 139.786 139.448 139.107 -9999 138.403 138.185 138.164 138.122 -9999 -9999 -9999 -9999 -9999 -9999 -9999 -9999 -9999 -9999 -9999 -9999 -9999 -9999 -9999 -9999 -9999 -9999 -9999 -9999 -9999 -9999 -9999 -9999 -9999 -9999 -9999 -9999 -9999 -9999 -9999 -9999
-9999 147.273 -9999 -9999 -9999 -9999 145.802 146.202 146.434 145.727 144.957 143.997 142.256 142.744 143.78 142.949 142.211 141.735 141.084 141.093 141.704 139.612 136.865 136.835 135.936 136.423 137.475 138.83 140.338 140.438 141.482 141.131 140.786 140.32 139.64 -9999 139.433 139.088 138.733 138.528 138.524 138.438 -9999 -9999 -9999 -9999 -9999 -9999 -9999 -9999 -9999 -9999 -9999 -9999 -9999 -9999 -9999 -9999 -9999 -9999 -9999 -9999 -9999 -9999 -9999 -9999 -9999 -9999 -9999 -9999 -9999 -9999 -9999 -9999
-9999 -9999 -9999 -9999 -9999 -9999 146.693 145.545 145.517 145.394 145.802 144.58 143.469 143.436 142.063 141.817 142.421 141.436 140.015 140.687 141.756 139.505 137.344 136.818 136.823 138.03 139.975 140.828 141.121 141.656 141.795 141.445 141.103 140.648 140.484 140.258 139.754 139.407 139.043 138.832 138.793 138.742 138.659 -9999 -9999 -9999 -9999 -9999 -9999 -9999 -9999 -9999 -9999 -9999 -9999 -9999 -9999 -9999 -9999 -9999 -9999 -9999 -9999 -9999 -9999 -9999 -9999 -9999 -9999 -9999 -9999 -9999 -9999 -9999
-9999 -9999 -9999 -9999 -9999 147.439 -9999 -9999 146.648 146.54 145.379 144.978 145.301 -9999 -9999 141.524 142.426 141.332 140.649 141.474 142.463 140.915 139.794 140.179 141.339 142.675 143.632 142.998 140.927 139.946 137.215 137.937 140.45 140.444 140.795 140.353 139.991 139.615 139.244 139.054 139.004 138.954 138.902 138.745 -9999 -9999 -9999 -9999 -9999 -9999 -9999 -9999 -9999 -9999 -9999 -9999 -9999 -9999 -9999 -9999 -9999 -9999 -9999 -9999 -9999 -9999 -9999 -9999 -9999 -9999 -9999 -9999 -9999 -9999
-9999 -9999 -9999 -9999 -9999 148.019 -9999 147.771 147.897 146.691 144.767 144.976 144.787 142.98 142.014 142.071 141.047 140.442 140.093 140.598 140.863 140.484 141.118 141.677 141.729 142.392 142.936 141.553 140.815 139.215 138.865 140.27 140.643 140.811 140.869 140.508 140.138 139.757 139.418 139.266 139.217 139.168 139.119 -9999 -9999 -9999 -9999 -9999 -9999 -9999 -9999 -9999 -9999 -9999 -9999 -9999 -9999 -9999 -9999 -9999 -9999 -9999 -9999 -9999 -9999 -9999 -9999 -9999 -9999 -9999 -9999 -9999 -9999 -9999
-9999 -9999 -9999 -9999 -9999 148.6 -9999 149.035 149.414 148.403 148.172 147.178 -9999 143.478 142.818 -9999 143.62 142.993 142.041 141.891 141.442 141.879 142.599 142.717 143.117 143.38 143.388 142.835 142.479 142.126 141.785 141.816 141.474 141.342 140.991 140.634 140.268 139.889 139.587 -9999 -9999 -9999 -9999 -9999 -9999 -9999 -9999 -9999 -9999 -9999 -9999 -9999 -9999 -9999 -9999 -9999 -9999 -9999 -9999 -9999 -9999 -9999 -9999 -9999 -9999 -9999 -9999 -9999 -9999 -9999 -9999 -9999 -9999 -9999
-9999 -9999 -9999 149.59 149.228 -9999 -9999 149.623 148.683 148.556 148.527 146.822 145.788 144.997 144.143 -9999 140.853 141.214 143.649 142.842 141.498 141.761 141.959 142.428 143.294 143.409 143.837 143.488 143.145 142.805 142.468 142.13 141.792 141.451 141.105 140.752 140.388 140.009 -9999 -9999 -9999 -9999 -9999 -9999 -9999 -9999 -9999 -9999 -9999 -9999 -9999 -9999 -9999 -9999 -9999 -9999 -9999 -9999 -9999 -9999 -9999 -9999 -9999 -9999 -9999 -9999 -9999 -9999 -9999 -9999 -9999 -9999 -9999 -9999
-9999 -9999 151.148 150.482 149.775 -9999 149.234 149.039 147.793 147.797 -9999 147.349 147.052 146.361 145.735 -9999 142.262 144.214 146.259 145.214 144.263 143.603 142.038 141.856 140.511 141.015 141.897 141.922 142.55 -9999 142.554 142.223 141.89 141.631 141.517 141.12 140.5 -9999 -9999 -9999 -9999 -9999 -9999 -9999 -9999 -9999 -9999 -9999 -9999 -9999 -9999 -9999 -9999 -9999 -9999 -9999 -9999 -9999 -9999 -9999 -9999 -9999 -9999 -9999 -9999 -9999 -9999 -9999 -9999 -9999 -9999 -9999 -9999 -9999
-9999 -9999 152.039 151.289 -9999 -9999 148.857 148.269 147.885 -9999 146.807 146.736 146.556 146.07 145.596 -9999 143.448 144.668 145.34 144.726 144.495 142.856 140.98 140.625 142.242 142.508 142.061 142.433 142.606 142.647 142.634 -9999 -9999 141.753 141.424 -9999 -9999 -9999 -9999 -9999 -9999 140.003 140.016 139.981 -9999 -9999 -9999 -9999 -9999 -9999 -9999 -9999 -9999 -9999 -9999 -9999 -9999 -9999 -9999 -9999 -9999 -9999 -9999 -9999 -9999 -9999 -9999 -9999 -9999 -9999 -9999 -9999 -9999 -9999
-9999 151.83 149.346 -9999 -9999 149.592 149.555 149.066 148.408 -9999 147.118 147.412 148.315 147.909 147.452 -9999 -9999 -9999 144.33 144.383 145.049 143.404 141.895 143.184 144.885 144.445 143.994 143.703 142.701 142.675 142.71 142.389 142.066 141.731 141.391 -9999 -9999 -9999 -9999 -9999 140.06 140.126 140.117 140.089 140.06 -9999 -9999 -9999 -9999 -9999 -9999 -9999 -9999 -9999 -9999 -9999 -9999 -9999 -9999 -9999 -9999 -9999 -9999 -9999 -9999 -9999 -9999 -9999 -9999 -9999 -9999 -9999 -9999 -9999
150.939 150.099 150.377 -9999 -9999 -9999 149.178 148.823 149.095 -9999 146.639 -9999 147.717 147.413 147.219 -9999 144.848 144.546 144.504 -9999 144.324 143.258 142.672 143.329 143.173 142.968 143.368 142.858 142.974 142.913 142.78 142.455 142.095 141.718 141.339 140.942 140.554 140.375 -9999 140.202 140.183 140.145 140.1 140.045 139.987 139.936 139.895 -9999 -9999 -9999 -9999 -9999 -9999 -9999 -9999 -9999 -9999 -9999 -9999 -9999 -9999 -9999 -9999 -9999 -9999 -9999 -9999 -9999 -9999 -9999 -9999 -9999 -9999 -9999
148.995 149.254 -9999 -9999 -9999 -9999 149.337 149.691 150.415 -9999 148.269 -9999 150.318 149.876 -9999 145.322 143.386 143.561 143.981 144.172 145.385 145.008 145.115 144.737 144.279 144.151 143.77 143.627 143.168 142.952 142.638 142.276 141.959 141.566 141.173 140.777 140.467 140.366 140.29 140.229 140.192 140.12 139.979 139.866 139.855 139.797 139.749 139.703 139.554 139.221 -9999 -9999 -9999 -9999 -9999 -9999 -9999 -9999 -9999 -9999 -9999 -9999 -9999 -9999 -9999 -9999 -9999 -9999 -9999 -9999 -9999 -9999 -9999 -9999
-9999 147.981 -9999 -9999 -9999 -9999 149.954 150.175 149.791 148.77 -9999 -9999 149.918 149.218 -9999 146.818 144.058 144.459 144.972 145.68 146.005 145.889 145.765 145.195 144.51 144.125 144.135 143.667 143.129 142.807 142.559 142.199 141.781 141.389 140.996 140.624 140.428 140.342 140.263 140.194 140.098 140.067 140.188 140.042 139.725 139.657 139.598 139.544 139.501 139.469 139.036 -9999 -9999 -9999 -9999 -9999 -9999 -9999 -9999 -9999 -9999 -9999 -9999 -9999 -9999 -9999 -9999 -9999 -9999 -9999 -9999 -9999 -9999 -9999
146.728 -9999 -9999 -9999 -9999 -9999 152.509 152.062 150.141 149.819 -9999 -9999 150.033 150.293 -9999 -9999 147.558 147.577 147.149 146.376 143.954 143.803 143.706 143.265 143.191 143.297 144.073 143.556 143.13 142.793 142.388 141.985 141.592 141.201 140.807 140.501 140.403 140.207 139.824 139.808 139.977 139.997 139.897 139.681 139.597 139.52 139.45 139.387 139.322 139.233 139.11 -9999 -9999 -9999 -9999 -9999 -9999 -9999 -9999 -9999 -9999 -9999 -9999 -9999 -9999 -9999 -9999 -9999 -9999 -9999 -9999 -9999 -9999 -9999
148.005 -9999 -9999 -9999 -9999 -9999 154.273 152.41 150.153 -9999 -9999 -9999 -9999 150.942 -9999 149.82 148.266 147.563 146.541 145.082 144.765 144.712 144.886 144.648 144.123 144.196 143.951 143.426 143.0 142.576 142.159 141.77 141.392 141.0 140.639 140.473 140.371 140.219 140.391 140.286 139.875 139.764 139.659 139.561 139.468 139.382 139.292 139.182 139.058 138.928 138.795 138.691 -9999 -9999 -9999 -9999 -9999 -9999 -9999 -9999 -9999 -9999 -9999 -9999 -9999 -9999 -9999 -9999 -9999 -9999 -9999 -9999 -9999 -9999
152.773 -9999 -9999 -9999 149.832 150.818 151.373 150.29 -9999 -9999 151.532 -9999 -9999 -9999 -9999 150.359 149.94 148.973 148.111 147.539 146.716 146.322 145.239 144.383 142.955 142.772 142.988 142.611 142.789 142.365 141.962 141.572 141.178 140.8 140.551 140.44 140.31 140.271 139.985 139.614 139.168 139.216 139.545 139.434 139.312 139.189 139.055 138.92 138.782 138.642 138.495 138.412 -9999 -9999 -9999 -9999 -9999 -9999 -9999 -9999 -9999 -9999 -9999 -9999 -9999 -9999 -9999 -9999 -9999 -9999 -9999 -9999 -9999 -9999
-9999 -9999 -9999 -9999 -9999 152.42 152.246 152.053 -9999 150.924 151.096 149.955 -9999 -9999 -9999 -9999 150.73 149.614 148.119 147.256 146.336 145.521 144.989 143.863 143.099 143.01 142.697 142.549 142.521 142.127 141.737 141.345 140.951 140.635 140.516 140.377 140.221 139.906 139.52 139.277 139.43 139.52 139.374 139.233 139.092 138.95 138.809 138.665 138.519 138.368 138.213 138.114 138.015 -9999 -9999 -9999 -9999 -9999 -9999 -9999 -9999 -9999 -9999 -9999 -9999 -9999 -9999 -9999 -9999 -9999 -9999 -9999 -9999 -9999
-9999 -9999 -9999 -9999 -9999 152.255 152.675 152.561 -9999 153.629 153.245 151.869 -9999 -9999 -9999 -9999 -9999 150.147 149.037 148.222 147.544 146.718 145.578 144.574 143.282 142.428 140.822 140.801 141.427 141.245 141.399 141.015 140.675 140.532 140.393 140.228 140.07 139.788 139.616 139.623 139.489 139.31 139.162 139.014 138.866 138.718 138.57 138.418 138.264 138.103 137.947 137.85 137.749 137.598 -9999 -9999 -9999 -9999 -9999 -9999 -9999 -9999 -9999 -9999 -9999 -9999 -9999 -9999 -9999 -9999 -9999 -9999 -9999 -9999
-9999 -9999 -9999 -9999 -9999 153.577 154.095 -9999 -9999 154.748 154.346 152.53 151.458 -9999 -9999 -9999 -9999 -9999 149.591 148.869 147.986 146.725 145.302 144.111 143.029 141.92 141.459 141.376 140.946 140.991 141.012 140.671 140.502 140.371 140.203 140.041 139.883 139.727 139.571 139.455 139.335 139.106 138.952 138.798 138.645 138.49 138.335 138.176 138.014 137.845 137.69 137.597 137.482 137.327 137.18 137.036 -9999 -9999 -9999 -9999 -9999 -9999 -9999 -9999 -9999 -9999 -9999 -9999 -9999 -9999 -9999 -9999 -9999 -9999
-9999 -9999 -9999 -9999 -9999 155.238 156.093 -9999 -9999 155.142 154.668 153.295 -9999 -9999 -9999 -9999 -9999 -9999 149.685 148.751 147.797 146.593 145.728 144.694 143.741 142.914 141.601 141.018 140.756 140.603 140.407 140.316 140.336 140.173 140.012 139.855 139.7 139.543 139.385 139.264 139.065 138.905 138.745 138.585 138.425 138.264 138.102 137.936 137.767 137.59 137.431 137.276 137.142 136.99 136.845 136.703 -9999 -9999 -9999 -9999 -9999 -9999 -9999 -9999 -9999 -9999 -9999 -9999 -9999 -9999 -9999 -9999 -9999 -9999
-9999 -9999 -9999 -9999 -9999 157.29 157.052 -9999 -9999 -9999 154.825 154.163 153.513 -9999 -9999 -9999 -9999 -9999 149.597 148.575 147.597 146.67 145.783 144.774 143.733 142.612 141.65 141.119 140.693 140.337 140.129 140.134 140.141 139.981 139.827 139.676 139.523 139.365 139.203 139.038 138.871 138.703 138.536 138.37 138.204 138.037 137.868 137.697 137.52 137.325 137.118 136.957 136.806 136.659 136.518 136.38 -9999 -9999 -9999 -9999 -9999 -9999 -9999 -9999 -9999 -9999 -9999 -9999 -9999 -9999 -9999 -9999 -9999 -9999
-9999 -9999 -9999 -9999 157.513 158.018 157.638 -9999 -9999 -9999 -9999 -9999 -9999 -9999 -9999 -9999 -9999 -9999 149.355 148.38 147.384 146.399 145.397 144.386 143.511 142.587 141.71 141.047 140.56 139.284 136.449 137.391 139.941 139.791 139.647 139.502 139.352 139.191 139.023 138.849 138.674 138.499 138.325 138.152 137.979 137.806 137.632 137.454 137.259 137.006 136.803 136.651 136.504 136.363 136.227 136.093 136.231 -9999 -9999 -9999 -9999 -9999 -9999 -9999 -9999 -9999 -9999 -9999 -9999 -9999 -9999 -9999 -9999 -9999
-9999 -9999 -9999 159.1 158.897 158.639 158.195 -9999 -9999 -9999 -9999 -9999 -9999 -9999 -9999 -9999 150.744 150.077 149.074 148.104 147.148 146.122 145.157 144.148 143.108 141.992 140.496 140.171 140.431 138.378 137.22 138.857 139.74 139.6 139.467 139.333 139.185 139.019 138.84 138.656 138.471 138.287 138.106 137.927 137.748 137.57 137.391 137.196 136.939 136.689 136.514 136.37 136.23 136.095 135.964 135.835 135.903 -9999 -9999 -9999 -9999 -9999 -9999 -9999 -9999 -9999 -9999 -9999 -9999 -9999 -9999 -9999 -9999 -9999
-9999 -9999 -9999 159.722 159.489 159.074 -9999 -9999 -9999 -9999 -9999 -9999 -9999 -9999 -9999 -9999 150.72 149.741 148.743 147.708 146.546 144.737 141.434 139.869 137.514 137.774 141.047 140.795 140.264 139.403 139.156 139.528 139.53 139.402 139.283 139.15 138.969 138.804 138.648 138.451 138.256 138.065 137.877 137.692 137.509 137.326 137.132 136.883 136.615 136.394 136.248 136.108 135.977 135.849 135.723 135.599 135.624 -9999 -9999 -9999 -9999 -9999 -9999 -9999 -9999 -9999 -9999 -9999 -9999 -9999 -9999 -9999 -9999 -9999
-9999 -9999 -9999 -9999 -9999 -9999 -9999 -9999 -9999 -9999 -9999 -9999 -9999 -9999 -9999 -9999 150.494 149.417 148.394 147.273 146.231 143.616 141.522 139.979 139.55 141.195 141.304 140.639 140.078 139.713 139.518 139.434 139.307 139.187 139.08 138.956 138.805 138.614 138.433 138.226 138.024 137.828 137.635 137.446 137.259 137.065 136.829 136.562 136.312 136.136 135.997 135.868 135.742 135.62 135.501 135.383 135.382 -9999 -9999 -9999 -9999 -9999 -9999 -9999 -9999 -9999 -9999 -9999 -9999 -9999 -9999 -9999 -9999 -9999
-9999 -9999 -9999 -9999 -9999 -9999 -9999 -9999 -9999 -9999 -9999 -9999 -9999 -9999 -9999 151.424 150.174 148.964 147.583 145.792 143.025 141.676 141.243 141.247 142.18 141.852 141.14 140.458 139.87 139.52 139.344 139.198 139.065 138.946 138.84 138.731 138.568 138.391 138.182 137.974 137.77 137.571 137.376 137.185 136.993 136.771 136.506 136.248 136.03 135.89 135.761 135.64 135.521 135.406 135.293 135.181 135.165 -9999 -9999 -9999 -9999 -9999 -9999 -9999 -9999 -9999 -9999 -9999 -9999 -9999 -9999 -9999 -9999 -9999
-9999 -9999 -9999 -9999 -9999 -9999 -9999 -9999 -9999 -9999 -9999 -9999 -9999 -9999 -9999 151.256 149.842 148.546 147.399 144.764 142.058 141.634 141.294 141.899 142.418 141.677 140.951 140.248 139.632 139.255 139.086 138.935 138.799 138.675 138.557 138.432 138.278 138.095 137.897 137.694 137.493 137.294 137.099 136.907 136.701 136.442 136.186 135.948 135.782 135.655 135.535 135.42 135.312 135.204 135.098 134.992 134.97 -9999 -9999 -9999 -9999 -9999 -9999 -9999 -9999 -9999 -9999 -9999 -9999 -9999 -9999 -9999 -9999 -9999
-9999 -9999 -9999 -9999 -9999 -9999 -9999 -9999 -9999 -9999 -9999 -9999 -9999 -9999 152.44 151.034 149.541 148.388 147.328 145.15 143.463 143.014 143.088 142.949 142.201 141.45 140.719 140.006 139.363 138.976 138.806 138.652 138.511 138.378 138.246 138.107 137.95 137.773 137.584 137.388 137.191 136.995 136.802 136.605 136.365 136.112 135.869 135.669 135.544 135.428 135.317 135.214 135.112 135.012 134.918 134.836 134.864 134.865 -9999 -9999 -9999 -9999 -9999 -9999 -9999 -9999 -9999 -9999 -9999 -9999 -9999 -9999 -9999 -9999
