Validation/Results/raw data/ReClimate_06_2024_2_Precipitation-Actualsweatherlogisticsltd.asc
NCOLS 192
NROWS 249
XLLCENTER -225160.85627316462
YLLCENTER 29788.11610251502
CELLSIZE 5000.0
NODATA_VALUE -9999
[rows 99 to 131 of 249, columns 74 to 147 of 192]
178.765 174.212 179.921 178.814 189.245 199.762 205.322 212.749 -9999 -9999 129.72 226.31 228.376 271.378 245.928 249.794 249.484 202.095 192.126 179.055 182.713 177.66 161.745 143.526 135.972 140.869 127.499 129.778 130.402 130.142 128.505 129.024 130.991 133.781 127.821 123.428 110.483 102.012 107.191 108.092 109.269 107.578 110.326 112.242 106.325 -9999 -9999 -9999 -9999 -9999 -9999 -9999 -9999 -9999 -9999 -9999 -9999 -9999 -9999 -9999 -9999 -9999 -9999 -9999 -9999 -9999 -9999 -9999 -9999 -9999 -9999 -9999 -9999 -9999
163.323 192.236 171.785 -9999 -9999 173.409 195.611 -9999 -9999 -9999 146.099 200.29 290.004 282.674 303.274 256.006 209.712 199.991 216.396 209.334 182.784 176.187 155.102 156.75 163.807 142.686 117.304 149.779 166.911 153.58 131.487 128.716 124.345 126.294 115.331 115.035 106.098 115.58 135.022 130.852 123.723 120.224 118.795 108.722 106.695 -9999 -9999 -9999 -9999 -9999 -9999 -9999 -9999 -9999 -9999 -9999 -9999 -9999 -9999 -9999 -9999 -9999 -9999 -9999 -9999 -9999 -9999 -9999 -9999 -9999 -9999 -9999 -9999 -9999
165.424 -9999 175.677 182.901 203.536 -9999 -9999 -9999 -9999 174.773 176.268 238.053 258.156 264.949 270.638 240.733 225.4 239.214 261.317 218.076 220.185 165.861 167.314 172.679 137.15 113.847 158.477 195.055 180.049 133.627 136.5 130.737 127.093 112.85 111.879 108.787 115.441 140.642 127.454 123.672 117.985 118.171 107.496 96.158 -9999 -9999 -9999 -9999 -9999 -9999 -9999 -9999 -9999 -9999 -9999 -9999 -9999 -9999 -9999 -9999 -9999 -9999 -9999 -9999 -9999 -9999 -9999 -9999 -9999 -9999 -9999 -9999 -9999 -9999
175.525 225.158 265.623 304.681 315.76 230.867 186.967 -9999 -9999 170.84 -9999 -9999 194.151 278.239 268.323 215.245 234.422 284.025 244.014 253.837 232.454 197.976 171.125 133.0 152.706 171.174 202.032 185.622 155.589 171.244 160.432 131.006 113.813 107.087 107.501 114.028 133.1 113.023 111.475 116.37 108.24 107.771 96.519 -9999 -9999 -9999 -9999 -9999 -9999 -9999 -9999 -9999 -9999 -9999 -9999 -9999 -9999 -9999 -9999 -9999 -9999 -9999 -9999 -9999 -9999 -9999 -9999 -9999 -9999 -9999 -9999 -9999 -9999 -9999
205.938 226.092 269.587 332.357 285.644 -9999 -9999 -9999 171.579 189.189 183.586 190.38 213.458 243.294 205.598 172.129 241.301 245.514 225.749 206.805 190.393 181.963 168.145 178.507 151.251 176.027 166.58 167.452 176.333 150.36 137.951 121.015 112.495 110.373 107.737 112.788 103.172 93.766 -9999 -9999 103.104 -9999 -9999 -9999 -9999 -9999 -9999 -9999 -9999 -9999 -9999 -9999 -9999 -9999 -9999 -9999 -9999 -9999 -9999 -9999 -9999 -9999 -9999 -9999 -9999 -9999 -9999 -9999 -9999 -9999 -9999 -9999 -9999 -9999
195.756 217.483 266.247 -9999 251.942 -9999 -9999 -9999 181.387 202.125 206.237 200.985 193.087 210.939 203.848 244.584 263.26 237.679 214.224 205.847 210.076 173.105 172.869 146.982 162.184 169.256 149.583 137.736 117.467 124.281 111.784 107.85 110.105 104.416 96.962 98.515 89.547 -9999 103.309 99.926 102.768 101.643 -9999 -9999 -9999 -9999 -9999 -9999 -9999 -9999 -9999 -9999 -9999 -9999 -9999 -9999 -9999 -9999 -9999 -9999 -9999 -9999 -9999 -9999 -9999 -9999 -9999 -9999 -9999 -9999 -9999 -9999 -9999 -9999
-9999 192.188 -9999 -9999 -9999 -9999 206.446 199.707 207.226 209.069 216.067 206.578 218.338 246.312 248.847 258.178 248.362 255.554 219.065 239.642 196.115 208.732 174.889 190.732 210.851 160.241 130.387 136.905 128.755 111.052 108.228 102.309 104.027 96.119 93.998 -9999 95.634 103.688 100.381 98.898 94.057 104.506 -9999 -9999 -9999 -9999 -9999 -9999 -9999 -9999 -9999 -9999 -9999 -9999 -9999 -9999 -9999 -9999 -9999 -9999 -9999 -9999 -9999 -9999 -9999 -9999 -9999 -9999 -9999 -9999 -9999 -9999 -9999 -9999
-9999 -9999 -9999 -9999 -9999 -9999 198.295 194.139 198.51 213.386 211.581 196.453 230.21 217.558 218.099 241.538 284.271 257.113 233.048 228.619 229.921 190.392 186.317 217.28 185.803 181.567 189.404 150.604 131.114 123.376 110.77 119.243 121.352 114.681 116.336 111.257 101.638 102.596 113.081 115.44 109.787 110.809 107.668 -9999 -9999 -9999 -9999 -9999 -9999 -9999 -9999 -9999 -9999 -9999 -9999 -9999 -9999 -9999 -9999 -9999 -9999 -9999 -9999 -9999 -9999 -9999 -9999 -9999 -9999 -9999 -9999 -9999 -9999 -9999
-9999 -9999 -9999 -9999 -9999 193.238 -9999 -9999 189.437 210.488 203.425 220.548 219.54 -9999 -9999 259.264 296.659 293.078 230.924 228.319 207.549 183.814 185.951 177.574 159.522 166.344 146.774 138.536 130.983 138.751 153.101 163.302 142.874 130.713 122.252 116.092 114.228 107.513 118.696 111.418 122.461 117.694 109.181 101.62 -9999 -9999 -9999 -9999 -9999 -9999 -9999 -9999 -9999 -9999 -9999 -9999 -9999 -9999 -9999 -9999 -9999 -9999 -9999 -9999 -9999 -9999 -9999 -9999 -9999 -9999 -9999 -9999 -9999 -9999
-9999 -9999 -9999 -9999 -9999 181.883 -9999 172.499 182.391 190.102 246.044 268.949 206.702 194.264 231.558 261.441 265.733 208.421 222.315 241.753 183.829 172.754 175.495 159.674 141.7 131.905 125.824 125.366 150.043 188.901 183.687 163.923 142.068 125.276 118.0 116.724 109.479 111.888 107.814 105.798 102.82 105.874 102.67 -9999 -9999 -9999 -9999 -9999 -9999 -9999 -9999 -9999 -9999 -9999 -9999 -9999 -9999 -9999 -9999 -9999 -9999 -9999 -9999 -9999 -9999 -9999 -9999 -9999 -9999 -9999 -9999 -9999 -9999 -9999
-9999 -9999 -9999 -9999 -9999 170.53 -9999 162.656 155.501 197.101 225.068 191.941 -9999 222.674 221.865 -9999 223.434 213.643 219.546 183.538 203.227 169.549 140.84 127.616 112.923 105.945 115.957 118.458 147.27 137.92 132.708 126.807 129.964 128.086 115.907 109.615 103.986 103.482 100.614 -9999 -9999 -9999 -9999 -9999 -9999 -9999 -9999 -9999 -9999 -9999 -9999 -9999 -9999 -9999 -9999 -9999 -9999 -9999 -9999 -9999 -9999 -9999 -9999 -9999 -9999 -9999 -9999 -9999 -9999 -9999 -9999 -9999 -9999 -9999
-9999 -9999 -9999 164.413 165.95 -9999 -9999 148.812 167.252 190.77 180.903 178.814 234.324 219.249 242.812 -9999 183.283 197.392 186.398 175.828 173.75 159.162 136.156 125.779 114.807 129.957 128.393 110.664 108.346 111.191 111.366 119.03 126.603 126.78 115.427 110.747 109.302 102.538 -9999 -9999 -9999 -9999 -9999 -9999 -9999 -9999 -9999 -9999 -9999 -9999 -9999 -9999 -9999 -9999 -9999 -9999 -9999 -9999 -9999 -9999 -9999 -9999 -9999 -9999 -9999 -9999 -9999 -9999 -9999 -9999 -9999 -9999 -9999 -9999
-9999 -9999 153.445 158.154 158.323 -9999 156.004 176.331 190.017 184.512 -9999 222.246 219.712 236.761 243.517 -9999 183.138 196.264 171.283 144.189 143.28 129.228 133.294 134.524 129.353 156.25 138.691 119.314 111.723 -9999 100.772 107.679 111.437 108.37 111.834 120.947 110.843 -9999 -9999 -9999 -9999 -9999 -9999 -9999 -9999 -9999 -9999 -9999 -9999 -9999 -9999 -9999 -9999 -9999 -9999 -9999 -9999 -9999 -9999 -9999 -9999 -9999 -9999 -9999 -9999 -9999 -9999 -9999 -9999 -9999 -9999 -9999 -9999 -9999
-9999 -9999 147.19 149.96 -9999 -9999 172.104 193.172 186.778 -9999 194.076 216.574 222.178 230.543 222.242 -9999 164.988 153.389 144.384 137.656 137.293 135.048 144.254 175.39 186.056 177.027 158.773 127.139 110.515 103.553 94.688 -9999 -9999 96.949 96.23 -9999 -9999 -9999 -9999 -9999 -9999 96.566 97.534 95.778 -9999 -9999 -9999 -9999 -9999 -9999 -9999 -9999 -9999 -9999 -9999 -9999 -9999 -9999 -9999 -9999 -9999 -9999 -9999 -9999 -9999 -9999 -9999 -9999 -9999 -9999 -9999 -9999 -9999 -9999
-9999 162.109 175.725 -9999 -9999 171.148 179.895 168.217 192.186 -9999 189.446 211.607 200.116 196.622 211.536 -9999 -9999 -9999 141.004 139.961 141.405 148.263 160.635 166.384 167.594 154.271 141.09 122.456 114.088 109.03 103.361 98.128 97.27 97.253 92.958 -9999 -9999 -9999 -9999 -9999 98.749 97.286 99.314 93.997 92.992 -9999 -9999 -9999 -9999 -9999 -9999 -9999 -9999 -9999 -9999 -9999 -9999 -9999 -9999 -9999 -9999 -9999 -9999 -9999 -9999 -9999 -9999 -9999 -9999 -9999 -9999 -9999 -9999 -9999
181.094 197.656 174.046 -9999 -9999 -9999 143.5 179.868 176.183 -9999 172.711 -9999 175.258 193.693 174.869 -9999 145.625 150.545 144.497 -9999 129.894 125.718 131.258 136.465 131.16 135.385 133.239 125.542 121.421 115.012 108.097 106.772 105.931 95.46 91.513 88.833 92.688 102.575 -9999 101.231 99.467 98.149 97.563 103.953 105.221 107.762 89.146 -9999 -9999 -9999 -9999 -9999 -9999 -9999 -9999 -9999 -9999 -9999 -9999 -9999 -9999 -9999 -9999 -9999 -9999 -9999 -9999 -9999 -9999 -9999 -9999 -9999 -9999 -9999
178.609 179.077 -9999 -9999 -9999 -9999 164.101 188.309 157.313 -9999 148.898 -9999 161.336 157.146 -9999 163.495 174.267 177.329 151.34 124.883 112.79 108.251 110.086 111.73 121.348 121.375 121.839 125.896 120.972 118.839 112.286 109.303 105.419 95.037 97.335 95.954 99.597 95.783 95.809 98.569 96.901 97.388 99.861 110.57 109.753 119.011 111.06 98.287 89.985 92.104 -9999 -9999 -9999 -9999 -9999 -9999 -9999 -9999 -9999 -9999 -9999 -9999 -9999 -9999 -9999 -9999 -9999 -9999 -9999 -9999 -9999 -9999 -9999 -9999
-9999 147.514 -9999 -9999 -9999 -9999 156.874 154.806 163.324 165.086 -9999 -9999 135.826 143.324 -9999 157.161 191.059 201.618 163.39 138.115 116.631 108.571 100.969 99.74 103.932 104.068 113.854 121.448 128.141 125.934 117.927 111.631 109.306 112.204 113.704 117.725 107.257 93.573 97.05 99.223 91.597 106.519 126.401 126.766 120.092 119.9 112.655 113.403 108.244 92.716 92.486 -9999 -9999 -9999 -9999 -9999 -9999 -9999 -9999 -9999 -9999 -9999 -9999 -9999 -9999 -9999 -9999 -9999 -9999 -9999 -9999 -9999 -9999 -9999
158.856 -9999 -9999 -9999 -9999 -9999 137.622 149.897 170.173 148.729 -9999 -9999 135.956 136.509 -9999 -9999 189.041 182.069 158.072 143.94 137.768 121.474 106.213 105.833 110.938 100.814 102.952 117.324 123.992 128.546 127.488 129.404 123.738 127.987 129.995 115.931 101.279 100.654 103.334 98.954 107.658 126.221 128.773 130.064 120.83 114.084 106.948 99.539 97.836 91.906 94.035 -9999 -9999 -9999 -9999 -9999 -9999 -9999 -9999 -9999 -9999 -9999 -9999 -9999 -9999 -9999 -9999 -9999 -9999 -9999 -9999 -9999 -9999 -9999
151.158 -9999 -9999 -9999 -9999 -9999 129.974 152.208 161.79 -9999 -9999 -9999 -9999 131.723 -9999 140.333 169.907 163.432 147.183 147.291 148.771 142.89 130.971 125.862 113.354 106.401 104.757 106.089 113.954 121.792 127.63 124.736 126.645 129.161 115.958 107.584 105.486 108.959 120.507 110.717 107.621 110.257 111.128 113.492 112.811 109.635 101.944 96.111 98.403 95.603 95.659 92.692 -9999 -9999 -9999 -9999 -9999 -9999 -9999 -9999 -9999 -9999 -9999 -9999 -9999 -9999 -9999 -9999 -9999 -9999 -9999 -9999 -9999 -9999
142.897 -9999 -9999 -9999 142.45 140.327 145.635 155.926 -9999 -9999 176.74 -9999 -9999 -9999 -9999 135.731 149.932 145.661 141.235 142.53 147.956 157.832 158.654 143.172 129.814 115.873 109.179 97.159 90.609 111.539 110.809 108.951 116.046 110.115 111.734 122.66 123.026 139.502 141.977 121.935 111.808 103.614 92.04 101.998 103.464 108.598 103.763 92.912 90.905 94.914 89.45 85.542 -9999 -9999 -9999 -9999 -9999 -9999 -9999 -9999 -9999 -9999 -9999 -9999 -9999 -9999 -9999 -9999 -9999 -9999 -9999 -9999 -9999 -9999
-9999 -9999 -9999 -9999 -9999 154.526 160.448 170.608 -9999 174.154 196.443 192.68 -9999 -9999 -9999 -9999 125.282 128.017 129.101 132.8 140.188 151.586 156.168 142.383 131.03 116.331 105.323 92.909 103.557 99.179 97.904 104.86 112.851 111.955 123.045 111.876 123.554 127.311 127.742 128.941 121.11 101.533 99.557 96.265 94.104 97.245 92.541 85.647 88.91 94.317 95.721 86.765 87.437 -9999 -9999 -9999 -9999 -9999 -9999 -9999 -9999 -9999 -9999 -9999 -9999 -9999 -9999 -9999 -9999 -9999 -9999 -9999 -9999 -9999
-9999 -9999 -9999 -9999 -9999 166.387 181.091 190.622 -9999 154.901 195.274 195.347 -9999 -9999 -9999 -9999 -9999 112.456 116.43 121.896 126.691 134.442 129.553 134.138 133.212 135.195 123.908 111.799 99.544 97.476 97.964 102.175 101.005 107.129 110.825 111.443 112.666 116.949 112.35 101.637 101.339 96.71 104.733 94.919 93.237 91.995 83.786 84.947 85.561 90.348 91.972 97.082 89.243 87.59 -9999 -9999 -9999 -9999 -9999 -9999 -9999 -9999 -9999 -9999 -9999 -9999 -9999 -9999 -9999 -9999 -9999 -9999 -9999 -9999
-9999 -9999 -9999 -9999 -9999 177.196 199.037 -9999 -9999 145.195 183.551 196.033 160.945 -9999 -9999 -9999 -9999 -9999 104.799 119.179 129.099 127.647 138.634 147.719 147.209 143.995 129.353 117.231 107.658 109.659 103.968 102.621 109.616 120.046 115.939 141.897 118.315 111.612 98.326 117.443 112.687 108.011 99.56 93.863 90.185 87.091 89.759 94.149 96.184 87.231 89.962 86.879 99.935 91.431 88.202 82.89 -9999 -9999 -9999 -9999 -9999 -9999 -9999 -9999 -9999 -9999 -9999 -9999 -9999 -9999 -9999 -9999 -9999 -9999
-9999 -9999 -9999 -9999 -9999 195.524 169.354 -9999 -9999 163.319 189.051 180.374 -9999 -9999 -9999 -9999 -9999 -9999 102.526 110.255 118.536 122.349 131.535 131.745 133.036 129.54 125.892 128.484 120.306 117.121 116.196 128.085 147.427 132.652 150.172 156.881 138.141 110.258 117.34 110.815 100.957 98.284 86.989 90.818 93.591 95.367 90.009 91.577 97.21 111.994 108.045 96.242 99.11 102.081 91.915 87.018 -9999 -9999 -9999 -9999 -9999 -9999 -9999 -9999 -9999 -9999 -9999 -9999 -9999 -9999 -9999 -9999 -9999 -9999
-9999 -9999 -9999 -9999 -9999 186.613 144.897 -9999 -9999 -9999 157.582 156.084 146.825 -9999 -9999 -9999 -9999 -9999 98.247 106.74 109.62 112.206 116.224 120.415 130.642 141.733 150.16 133.083 133.424 129.87 114.928 124.848 135.291 139.151 169.934 153.513 126.196 128.866 118.127 104.703 108.557 93.785 96.881 92.718 91.265 98.55 98.261 99.38 115.795 135.243 127.106 110.479 97.924 98.045 97.88 91.973 -9999 -9999 -9999 -9999 -9999 -9999 -9999 -9999 -9999 -9999 -9999 -9999 -9999 -9999 -9999 -9999 -9999 -9999
-9999 -9999 -9999 -9999 208.712 180.786 158.171 -9999 -9999 -9999 -9999 -9999 -9999 -9999 -9999 -9999 -9999 -9999 109.514 112.356 112.256 111.481 114.442 115.486 123.652 138.344 148.259 140.893 140.804 138.446 131.1 139.36 148.234 171.813 176.901 160.671 140.215 136.794 124.308 121.223 107.998 105.658 97.896 100.414 103.175 98.946 105.64 115.62 136.316 134.021 132.958 106.42 91.552 92.005 94.668 94.459 82.793 -9999 -9999 -9999 -9999 -9999 -9999 -9999 -9999 -9999 -9999 -9999 -9999 -9999 -9999 -9999 -9999 -9999
-9999 -9999 -9999 215.796 210.32 196.871 170.839 -9999 -9999 -9999 -9999 -9999 -9999 -9999 -9999 -9999 116.218 113.875 114.345 122.426 130.75 133.209 127.884 127.946 132.084 134.956 131.758 140.514 156.45 154.237 154.441 148.787 148.229 156.279 179.334 155.461 157.598 136.679 127.431 115.292 104.598 98.139 113.313 113.927 97.665 102.398 111.591 127.311 122.233 123.724 126.792 110.024 88.253 89.268 95.667 91.897 88.981 -9999 -9999 -9999 -9999 -9999 -9999 -9999 -9999 -9999 -9999 -9999 -9999 -9999 -9999 -9999 -9999 -9999
-9999 -9999 -9999 214.184 184.926 158.368 -9999 -9999 -9999 -9999 -9999 -9999 -9999 -9999 -9999 -9999 117.228 112.725 119.729 134.214 142.053 137.215 153.038 165.929 154.199 144.117 136.548 133.876 141.558 157.837 161.798 148.002 136.801 145.994 158.637 177.908 158.044 148.72 131.75 121.623 106.367 113.34 119.533 106.632 99.596 113.984 130.388 127.958 115.103 108.427 102.4 100.774 105.321 107.283 99.31 93.751 90.277 -9999 -9999 -9999 -9999 -9999 -9999 -9999 -9999 -9999 -9999 -9999 -9999 -9999 -9999 -9999 -9999 -9999
-9999 -9999 -9999 -9999 -9999 -9999 -9999 -9999 -9999 -9999 -9999 -9999 -9999 -9999 -9999 -9999 119.746 119.738 136.525 141.042 145.595 146.06 171.317 177.613 186.724 159.706 137.487 131.985 141.807 157.334 182.672 164.36 130.896 130.178 158.867 174.363 163.209 151.508 150.956 133.36 138.436 141.742 131.944 128.913 133.444 138.792 115.725 111.909 107.283 104.18 107.481 94.657 94.354 99.18 96.342 89.506 85.295 -9999 -9999 -9999 -9999 -9999 -9999 -9999 -9999 -9999 -9999 -9999 -9999 -9999 -9999 -9999 -9999 -9999
-9999 -9999 -9999 -9999 -9999 -9999 -9999 -9999 -9999 -9999 -9999 -9999 -9999 -9999 -9999 131.94 137.341 148.2 147.754 158.124 144.023 148.767 157.744 186.374 176.312 160.572 142.773 135.13 120.643 135.332 150.974 154.389 140.066 128.011 147.662 164.475 162.912 157.331 156.803 161.21 146.914 149.938 139.669 136.317 154.368 128.482 128.057 114.943 101.753 109.588 110.798 109.255 93.547 86.331 84.921 85.873 86.51 -9999 -9999 -9999 -9999 -9999 -9999 -9999 -9999 -9999 -9999 -9999 -9999 -9999 -9999 -9999 -9999 -9999
-9999 -9999 -9999 -9999 -9999 -9999 -9999 -9999 -9999 -9999 -9999 -9999 -9999 -9999 -9999 147.182 152.573 160.895 183.705 171.997 151.941 155.968 175.229 155.381 158.19 150.042 138.531 125.664 106.783 115.261 139.24 152.425 149.558 123.462 138.56 149.966 149.186 152.784 168.492 142.067 159.12 147.801 134.842 157.059 132.015 133.377 126.898 109.79 110.459 105.718 104.148 108.569 100.108 91.01 89.663 88.518 85.41 -9999 -9999 -9999 -9999 -9999 -9999 -9999 -9999 -9999 -9999 -9999 -9999 -9999 -9999 -9999 -9999 -9999
-9999 -9999 -9999 -9999 -9999 -9999 -9999 -9999 -9999 -9999 -9999 -9999 -9999 -9999 149.625 156.201 157.414 187.907 194.764 192.893 200.499 196.415 178.16 148.773 143.816 139.604 136.197 127.702 115.454 118.264 130.841 134.418 116.875 117.324 127.639 147.38 149.708 167.773 147.846 149.331 160.149 141.54 150.194 147.074 128.738 127.979 118.945 119.476 117.091 112.162 109.602 100.648 93.805 87.54 86.783 88.387 88.027 85.732 -9999 -9999 -9999 -9999 -9999 -9999 -9999 -9999 -9999 -9999 -9999 -9999 -9999 -9999 -9999 -9999
