Validation/Results/raw data/ReClimate_07_2024_1_Temperature.asc
NCOLS 192
NROWS 249
XLLCENTER -225160.85627316462
YLLCENTER 29788.11610251502
CELLSIZE 5000.0
NODATA_VALUE -9999
[rows 170 to 203 of 249, columns 75 to 149 of 192]
-9999 -9999 -9999 -9999 -9999 -9999 -9999 -9999 -9999 -9999 -9999 -9999 -9999 -9999 -9999 -9999 -9999 -0.372 -0.348 -9999 -9999 -9999 -9999 -9999 -9999 -9999 -9999 -9999 -9999 -9999 -9999 -9999 -9999 -9999 -9999 -9999 -0.211 -0.208 -0.19 -0.171 -0.163 -0.154 -0.15 -0.147 -0.145 -0.145 -0.159 -0.178 -0.153 -0.124 -0.115 -0.105 -0.105 -0.107 -0.094 -0.081 -0.076 -0.073 -0.063 -0.054 -0.048 -0.043 -0.043 -0.045 -0.031 -0.016 -0.013 -0.012 -0.004 0.001 0.006 0.009 0.012 0.013 0.026
-9999 -9999 -9999 -9999 -9999 -9999 -9999 -9999 -9999 -9999 -9999 -9999 -9999 -9999 -9999 -9999 -9999 -0.361 -0.341 -0.329 -9999 -9999 -9999 -9999 -9999 -9999 -9999 -9999 -9999 -9999 -9999 -9999 -9999 -9999 -9999 -0.212 -0.209 -0.206 -0.19 -0.177 -0.166 -0.15 -0.148 -0.152 -0.142 -0.117 -0.12 -0.114 -0.094 -0.091 -0.09 -0.112 -0.109 -0.109 -0.088 -0.069 -0.067 -0.065 -0.062 -0.057 -0.04 -0.028 -0.032 -0.036 -0.032 -0.022 -0.006 0.003 0.01 0.016 0.019 0.021 0.027 0.031 0.034
-9999 -9999 -9999 -9999 -9999 -9999 -9999 -9999 -9999 -9999 -9999 -9999 -9999 -9999 -9999 -9999 -0.373 -0.355 -0.343 -0.331 -0.323 -9999 -9999 -9999 -9999 -9999 -9999 -9999 -9999 -9999 -9999 -9999 -0.231 -9999 -9999 -0.206 -0.204 -0.206 -0.194 -0.181 -9999 -0.151 -0.152 -0.156 -0.134 -0.109 -0.1 -0.091 -0.085 -0.081 -0.096 -0.117 -0.114 -0.112 -0.092 -0.068 -0.066 -0.065 -0.062 -0.061 -0.045 -0.026 -0.028 -0.033 -0.028 -0.025 -0.009 0.008 0.016 0.021 0.025 0.026 0.033 0.039 0.043
-9999 -9999 -9999 -9999 -9999 -9999 -9999 -9999 -9999 -9999 -9999 -9999 -9999 -9999 -9999 -9999 -0.362 -0.357 -0.347 -0.342 -0.334 -0.323 -0.301 -9999 -9999 -9999 -0.259 -0.233 -9999 -0.234 -0.238 -0.22 -0.212 -0.213 -9999 -9999 -0.185 -0.177 -9999 -9999 -0.149 -0.14 -0.139 -0.138 -0.124 -0.126 -0.112 -0.088 -0.08 -0.067 -0.089 -0.114 -0.084 -0.064 -0.078 -0.074 -0.069 -0.067 -0.067 -0.067 -0.049 -0.03 -0.013 -0.007 -0.003 0.0 0.008 0.021 0.031 0.038 0.043 0.045 0.05 0.055 0.057
-9999 -9999 -9999 -9999 -9999 -9999 -9999 -9999 -9999 -9999 -9999 -9999 -9999 -9999 -9999 -9999 -9999 -0.356 -0.35 -0.345 -0.335 -0.325 -9999 -9999 -0.286 -0.284 -0.265 -0.235 -0.229 -0.233 -0.221 -0.214 -0.214 -0.214 -0.198 -9999 -0.177 -0.167 -0.162 -0.157 -0.148 -0.139 -0.136 -0.134 -0.134 -0.136 -0.114 -0.091 -0.079 -0.066 -0.088 -0.116 -0.087 -0.051 -0.062 -0.079 -0.074 -0.07 -0.07 -0.071 -0.053 -0.032 -0.016 0.001 0.006 0.008 0.017 0.024 0.035 0.044 0.05 0.052 0.058 0.062 0.065
-9999 -9999 -9999 -9999 -9999 -9999 -9999 -9999 -9999 -9999 -9999 -9999 -9999 -9999 -9999 -9999 -9999 -0.346 -0.338 -0.338 -0.332 -0.335 -0.317 -0.299 -0.301 -0.298 -0.28 -0.266 -0.256 -0.234 -0.227 -0.223 -0.216 -0.202 -0.188 -0.181 -0.171 -0.161 -0.155 -0.151 -0.144 -0.14 -0.137 -0.135 -0.132 -0.127 -0.108 -0.094 -0.087 -0.088 -0.099 -0.095 -0.095 -0.079 -0.072 -0.078 -0.086 -0.09 -0.077 -0.07 -0.05 -0.03 -0.017 -0.002 0.011 0.018 0.031 0.042 0.046 0.052 0.061 0.066 0.069 0.072 0.074
-9999 -9999 -9999 -9999 -9999 -9999 -9999 -9999 -9999 -9999 -9999 -9999 -9999 -9999 -9999 -9999 -9999 -9999 -0.338 -0.333 -0.335 -0.338 -0.323 -0.307 -0.304 -0.302 -0.292 -0.28 -0.26 -0.238 -0.233 -0.228 -0.214 -0.2 -0.19 -0.182 -0.171 -0.162 -0.156 -0.151 -0.147 -0.144 -0.14 -0.138 -0.132 -0.127 -0.113 -0.099 -0.099 -0.101 -0.095 -0.091 -0.09 -0.092 -0.086 -0.081 -0.088 -0.099 -0.085 -0.07 -0.051 -0.031 -0.018 -0.005 0.008 0.02 0.034 0.047 0.052 0.054 0.065 0.071 0.076 0.077 0.081
-9999 -9999 -9999 -9999 -9999 -9999 -9999 -9999 -9999 -9999 -9999 -9999 -9999 -9999 -9999 -9999 -9999 -9999 -9999 -9999 -0.344 -0.344 -0.33 -0.315 -0.307 -0.288 -0.28 -0.274 -0.253 -0.222 -0.214 -0.203 -0.191 -0.188 -0.181 -0.185 -0.172 -0.157 -0.153 -0.155 -0.151 -0.15 -0.143 -0.134 -0.131 -0.136 -0.12 -0.1 -0.099 -0.099 -0.094 -0.09 -0.075 -0.068 -0.062 -0.056 -0.074 -0.089 -0.079 -0.066 -0.053 -0.036 -0.016 0.001 0.01 0.02 0.029 0.04 0.047 0.05 0.066 0.077 0.082 0.086 0.089
-9999 -9999 -9999 -9999 -9999 -9999 -9999 -9999 -9999 -9999 -9999 -9999 -9999 -9999 -9999 -9999 -9999 -9999 -9999 -0.345 -0.345 -0.345 -0.332 -0.317 -0.302 -0.283 -0.278 -0.273 -0.247 -0.218 -0.207 -0.196 -0.189 -0.185 -0.186 -0.188 -0.173 -0.158 -0.157 -0.159 -0.157 -0.155 -0.145 -0.135 -0.137 -0.142 -0.124 -0.104 -0.102 -0.102 -0.097 -0.094 -0.079 -0.063 -0.056 -0.049 -0.064 -0.086 -0.075 -0.064 -0.051 -0.038 -0.019 0.002 0.011 0.018 0.027 0.035 0.042 0.047 0.063 0.078 0.084 0.089 0.093
-9999 -9999 -9999 -9999 -9999 -9999 -9999 -9999 -9999 -9999 -9999 -9999 -9999 -9999 -9999 -9999 -9999 -9999 -0.345 -0.351 -0.352 -0.354 -0.342 -0.328 -0.315 -0.303 -0.296 -0.284 -0.257 -0.219 -0.214 -0.22 -0.208 -0.184 -0.183 -0.185 -0.172 -0.165 -0.159 -0.145 -0.139 -0.129 -0.128 -0.147 -0.147 -0.144 -0.132 -0.132 -0.122 -0.094 -0.09 -0.088 -0.074 -0.059 -0.066 -0.068 -0.06 -0.068 -0.049 -0.033 -0.02 -0.006 0.0 0.014 0.014 0.016 0.025 0.032 0.047 0.057 0.067 0.079 0.098 0.111 0.117
-9999 -9999 -9999 -9999 -9999 -9999 -9999 -9999 -9999 -9999 -9999 -9999 -9999 -9999 -9999 -9999 -9999 -0.342 -0.346 -0.352 -0.354 -0.356 -0.344 -0.331 -0.321 -0.309 -0.299 -0.288 -0.257 -0.221 -0.226 -0.232 -0.21 -0.186 -0.185 -0.186 -0.178 -0.17 -0.157 -0.142 -0.133 -0.122 -0.136 -0.154 -0.15 -0.148 -0.146 -0.146 -0.122 -0.094 -0.091 -0.089 -0.075 -0.06 -0.066 -0.076 -0.068 -0.063 -0.044 -0.023 -0.009 0.004 0.012 0.017 0.018 0.015 0.024 0.032 0.046 0.061 0.072 0.081 0.099 0.119 0.126
-9999 -9999 -9999 -9999 -9999 -9999 -9999 -9999 -9999 -9999 -9999 -9999 -9999 -9999 -9999 -0.349 -0.343 -0.338 -0.341 -0.338 -0.337 -0.333 -0.319 -0.302 -0.297 -0.307 -0.294 -0.275 -0.257 -0.257 -0.264 -0.272 -0.244 -0.191 -0.185 -0.174 -0.168 -0.171 -0.162 -0.16 -0.147 -0.126 -0.131 -0.129 -0.128 -0.14 -0.137 -0.137 -0.118 -0.106 -0.101 -0.093 -0.092 -0.084 -0.069 -0.066 -0.048 -0.035 -0.034 -0.024 -0.008 0.008 0.01 0.011 0.02 0.022 0.041 0.055 0.06 0.071 0.086 0.099 0.113 0.13 0.146
-9999 -9999 -9999 -9999 -9999 -9999 -9999 -9999 -9999 -9999 -9999 -9999 -9999 -9999 -0.349 -0.347 -0.342 -0.336 -9999 -9999 -9999 -9999 -0.314 -0.289 -0.296 -0.305 -0.288 -0.27 -0.271 -0.272 -0.279 -0.289 -0.246 -0.196 -0.184 -0.172 -0.172 -0.175 -0.172 -0.171 -0.152 -0.131 -0.126 -0.123 -0.129 -0.139 -0.136 -0.135 -0.124 -0.113 -0.105 -0.097 -0.095 -0.094 -0.079 -0.064 -0.046 -0.027 -0.025 -0.026 -0.01 0.007 0.01 0.009 0.017 0.024 0.043 0.063 0.07 0.075 0.091 0.107 0.122 0.136 0.152
-9999 -9999 -9999 -9999 -9999 -9999 -9999 -9999 -9999 -9999 -9999 -9999 -9999 -9999 -0.348 -0.338 -0.334 -9999 -9999 -9999 -9999 -9999 -0.321 -0.308 -0.306 -0.286 -0.274 -0.271 -0.267 -0.256 -0.258 -0.252 -0.215 -0.184 -0.177 -0.182 -0.18 -0.175 -0.17 -0.161 -0.146 -0.139 -0.133 -0.128 -0.126 -0.116 -0.112 -0.113 -0.104 -0.102 -0.093 -0.086 -0.081 -0.078 -0.064 -0.049 -0.041 -0.028 -0.025 -0.025 -0.013 0.002 0.017 0.024 0.032 0.039 0.052 0.069 0.079 0.086 0.1 0.116 0.136 0.153 0.151
-9999 -9999 -9999 -9999 -9999 -9999 -9999 -9999 -9999 -9999 -9999 -9999 -9999 -9999 -9999 -9999 -0.328 -9999 -9999 -9999 -9999 -9999 -0.312 -0.315 -0.298 -0.278 -0.274 -0.271 -0.26 -0.249 -0.243 -0.236 -0.21 -0.18 -0.182 -0.187 -0.181 -0.177 -0.168 -0.159 -0.152 -0.145 -0.138 -0.132 -0.12 -0.109 -0.107 -0.107 -0.103 -0.099 -0.092 -0.084 -0.078 -0.074 -0.06 -0.046 -0.037 -0.031 -0.027 -0.026 -0.014 -0.002 0.013 0.027 0.037 0.045 0.059 0.073 0.084 0.093 0.108 0.123 0.144 0.162 0.16
-9999 -9999 -9999 -9999 -9999 -9999 -9999 -9999 -9999 -9999 -9999 -9999 -9999 -9999 -9999 -9999 -9999 -9999 -9999 -9999 -9999 -9999 -0.305 -0.303 -0.287 -0.273 -0.266 -0.258 -0.248 -0.24 -0.234 -0.226 -0.198 -0.166 -0.169 -0.179 -0.173 -0.168 -0.158 -0.148 -0.14 -0.132 -0.128 -0.134 -0.119 -0.099 -0.099 -0.106 -0.097 -0.082 -0.092 -0.094 -0.076 -0.065 -0.055 -0.043 -0.038 -0.032 -0.011 0.001 0.005 0.014 0.024 0.037 0.049 0.059 0.071 0.083 0.099 0.112 0.123 0.136 0.156 0.174 0.176
-9999 -9999 -9999 -9999 -9999 -9999 -9999 -9999 -9999 -9999 -9999 -9999 -9999 -9999 -9999 -9999 -9999 -9999 -9999 -9999 -9999 -9999 -9999 -0.294 -0.281 -0.267 -0.259 -0.25 -0.242 -0.234 -0.228 -0.221 -0.192 -0.161 -0.167 -0.177 -0.171 -0.165 -0.155 -0.145 -0.136 -0.127 -0.13 -0.135 -0.116 -0.097 -0.101 -0.107 -0.093 -0.078 -0.088 -0.1 -0.082 -0.063 -0.053 -0.045 -0.038 -0.034 -0.014 0.009 0.016 0.021 0.032 0.042 0.054 0.066 0.08 0.09 0.107 0.123 0.135 0.144 0.164 0.18 0.181
-9999 -9999 -9999 -9999 -9999 -9999 -9999 -9999 -9999 -9999 -9999 -9999 -9999 -9999 -9999 -9999 -9999 -9999 -9999 -9999 -9999 -9999 -0.292 -0.287 -0.275 -0.264 -0.253 -0.235 -0.231 -0.236 -0.218 -0.175 -0.158 -0.164 -0.161 -0.145 -0.145 -0.162 -0.156 -0.156 -0.148 -0.143 -0.134 -0.103 -0.095 -0.112 -0.115 -0.118 -0.104 -0.086 -0.084 -0.09 -0.075 -0.058 -0.056 -0.052 -0.034 -0.023 0.001 0.026 0.013 0.007 0.036 0.057 0.065 0.074 0.09 0.105 0.12 0.135 0.156 0.171 0.181 0.192 0.195
-9999 -9999 -9999 -9999 -9999 -9999 -9999 -9999 -9999 -9999 -9999 -9999 -9999 -9999 -9999 -9999 -9999 -9999 -9999 -9999 -9999 -9999 -0.283 -0.281 -0.271 -0.261 -0.245 -0.227 -0.23 -0.235 -0.2 -0.158 -0.161 -0.166 -0.151 -0.134 -0.146 -0.162 -0.161 -0.16 -0.155 -0.15 -0.123 -0.092 -0.103 -0.12 -0.12 -0.123 -0.108 -0.091 -0.089 -0.088 -0.073 -0.058 -0.055 -0.056 -0.037 -0.018 0.006 0.032 0.022 0.003 0.032 0.063 0.072 0.078 0.095 0.112 0.128 0.142 0.163 0.183 0.192 0.197 0.2
-9999 -9999 -9999 -9999 -9999 -9999 -9999 -9999 -9999 -9999 -9999 -9999 -9999 -9999 -9999 -9999 -9999 -9999 -9999 -9999 -9999 -9999 -0.264 -0.262 -0.251 -0.239 -0.229 -0.231 -0.22 -0.186 -0.165 -0.169 -0.174 -0.185 -0.165 -0.13 -0.133 -0.122 -0.117 -0.115 -0.116 -0.139 -0.115 -0.095 -0.103 -0.111 -0.106 -0.093 -0.083 -0.088 -0.087 -0.086 -0.072 -0.057 -0.05 -0.047 -0.032 -0.014 0.003 0.024 0.034 0.03 0.045 0.07 0.079 0.087 0.105 0.123 0.145 0.162 0.177 0.193 0.203 0.208 0.213
-9999 -9999 -9999 -9999 -9999 -9999 -9999 -9999 -9999 -9999 -9999 -9999 -9999 -9999 -9999 -9999 -9999 -9999 -9999 -9999 -9999 -9999 -9999 -0.252 -0.24 -0.228 -0.229 -0.231 -0.201 -0.167 -0.17 -0.174 -0.182 -0.192 -0.164 -0.131 -0.12 -0.107 -0.102 -0.098 -0.113 -0.135 -0.117 -0.098 -0.102 -0.109 -0.096 -0.082 -0.084 -0.089 -0.087 -0.087 -0.073 -0.057 -0.049 -0.043 -0.027 -0.011 0.005 0.022 0.032 0.041 0.057 0.073 0.083 0.091 0.109 0.128 0.151 0.171 0.187 0.198 0.207 0.212 0.218
-9999 -9999 -9999 -9999 -9999 -9999 -9999 -9999 -9999 -9999 -9999 -9999 -9999 -9999 -9999 -9999 -9999 -9999 -9999 -9999 -9999 -9999 -9999 -0.223 -0.22 -0.236 -0.232 -0.217 -0.19 -0.161 -0.162 -0.163 -0.165 -0.162 -0.142 -0.14 -0.126 -0.107 -0.101 -0.097 -0.11 -0.126 -0.113 -0.105 -0.102 -0.085 -0.077 -0.083 -0.091 -0.113 -0.075 -0.052 -0.043 -0.029 -0.032 -0.031 -0.005 0.018 0.016 0.021 0.038 0.051 0.061 0.073 0.089 0.101 0.118 0.136 0.162 0.187 0.204 0.215 0.22 0.224 0.232
-9999 -9999 -9999 -9999 -9999 -9999 -9999 -9999 -9999 -9999 -9999 -9999 -9999 -9999 -9999 -9999 -9999 -9999 -9999 -9999 -9999 -9999 -0.238 -0.21 -0.222 -0.238 -0.225 -0.211 -0.187 -0.159 -0.158 -0.159 -0.154 -0.15 -0.147 -0.144 -0.127 -0.108 -0.103 -0.099 -0.109 -0.124 -0.117 -0.11 -0.094 -0.077 -0.079 -0.085 -0.102 -0.123 -0.085 -0.04 -0.029 -0.019 -0.02 -0.026 -0.0 0.028 0.027 0.022 0.039 0.056 0.066 0.074 0.09 0.106 0.123 0.141 0.166 0.193 0.211 0.221 0.226 0.229 0.237
-9999 -9999 -9999 -9999 -9999 -9999 -9999 -9999 -9999 -9999 -9999 -9999 -9999 -9999 -9999 -9999 -9999 -9999 -9999 -9999 -9999 -9999 -0.214 -0.196 -0.203 -0.205 -0.195 -0.193 -0.17 -0.147 -0.146 -0.152 -0.15 -0.155 -0.149 -0.136 -0.122 -0.113 -0.114 -0.128 -0.13 -0.115 -0.11 -0.112 -0.095 -0.075 -0.075 -0.072 -0.088 -0.11 -0.074 -0.036 -0.018 -0.005 0.009 0.013 0.017 0.033 0.057 0.067 0.062 0.067 0.081 0.092 0.111 0.129 0.143 0.16 0.171 0.188 0.211 0.224 0.234 0.24 0.248
-9999 -9999 -9999 -9999 -9999 -9999 -9999 -9999 -9999 -9999 -9999 -9999 -9999 -9999 -9999 -9999 -9999 -9999 -9999 -9999 -9999 -9999 -0.201 -0.191 -0.191 -0.192 -0.189 -0.186 -0.166 -0.142 -0.145 -0.15 -0.153 -0.158 -0.146 -0.132 -0.124 -0.116 -0.126 -0.141 -0.128 -0.113 -0.112 -0.114 -0.096 -0.077 -0.072 -0.069 -0.085 -0.105 -0.071 -0.034 -0.017 -0.0 0.014 0.026 0.033 0.035 0.058 0.083 0.08 0.072 0.086 0.1 0.119 0.138 0.153 0.167 0.178 0.187 0.209 0.225 0.235 0.243 0.252
-9999 -9999 -9999 -9999 -9999 -9999 -9999 -9999 -9999 -9999 -9999 -9999 -9999 -9999 -9999 -9999 -9999 -9999 -9999 -9999 -9999 -0.214 -0.199 -0.186 -0.185 -0.185 -0.182 -0.182 -0.166 -0.156 -0.156 -0.151 -0.153 -0.152 -0.137 -0.117 -0.116 -0.13 -0.132 -0.118 -0.115 -0.135 -0.123 -0.086 -0.07 -0.06 -0.055 -0.053 -0.062 -0.061 -0.036 -0.029 -0.011 0.006 0.011 0.018 0.036 0.046 0.061 0.081 0.087 0.084 0.102 0.119 0.13 0.144 0.166 0.184 0.198 0.208 0.233 0.252 0.252 0.255 0.267
-9999 -9999 -9999 -9999 -9999 -9999 -9999 -9999 -9999 -9999 -9999 -9999 -9999 -9999 -9999 -9999 -9999 -9999 -9999 -9999 -0.219 -0.205 -0.195 -0.184 -0.182 -0.182 -0.181 -0.181 -0.172 -0.162 -0.157 -0.152 -0.151 -0.149 -0.131 -0.111 -0.121 -0.136 -0.123 -0.11 -0.124 -0.144 -0.113 -0.076 -0.065 -0.055 -0.051 -0.048 -0.046 -0.044 -0.034 -0.027 -0.009 0.008 0.013 0.015 0.033 0.05 0.066 0.081 0.087 0.09 0.108 0.127 0.138 0.147 0.168 0.189 0.204 0.215 0.239 0.26 0.262 0.259 0.269
-9999 -9999 -9999 -9999 -9999 -9999 -9999 -9999 -9999 -9999 -9999 -9999 -9999 -9999 -9999 -9999 -9999 -9999 -0.249 -0.232 -0.214 -0.208 -0.2 -0.196 -0.192 -0.182 -0.175 -0.162 -0.158 -0.168 -0.16 -0.148 -0.146 -0.146 -0.131 -0.12 -0.13 -0.144 -0.13 -0.113 -0.119 -0.114 -0.088 -0.07 -0.06 -0.054 -0.053 -0.055 -0.048 -0.03 -0.019 -0.01 -0.018 -0.015 0.016 0.034 0.051 0.069 0.082 0.097 0.096 0.095 0.11 0.125 0.146 0.16 0.178 0.197 0.215 0.227 0.244 0.264 0.272 0.271 0.27
-9999 -9999 -9999 -9999 -9999 -9999 -9999 -9999 -9999 -9999 -9999 -9999 -9999 -9999 -9999 -9999 -9999 -0.258 -0.245 -0.225 -0.217 -0.208 -0.204 -0.201 -0.191 -0.182 -0.168 -0.154 -0.16 -0.169 -0.158 -0.146 -0.145 -0.144 -0.134 -0.124 -0.134 -0.147 -0.132 -0.115 -0.108 -0.102 -0.086 -0.069 -0.062 -0.056 -0.057 -0.058 -0.042 -0.024 -0.012 -0.003 -0.009 -0.021 0.009 0.042 0.06 0.078 0.092 0.104 0.104 0.099 0.113 0.126 0.146 0.166 0.183 0.201 0.217 0.23 0.247 0.262 0.271 0.273 0.272
-9999 -9999 -9999 -9999 -9999 -9999 -9999 -9999 -9999 -9999 -9999 -9999 -9999 -9999 -0.249 -0.239 -0.239 -0.23 -0.213 -0.199 -0.191 -0.19 -0.184 -0.178 -0.176 -0.192 -0.172 -0.136 -0.14 -0.147 -0.135 -0.123 -0.122 -0.128 -0.12 -0.118 -0.12 -0.115 -0.103 -0.1 -0.093 -0.089 -0.075 -0.066 -0.066 -0.08 -0.07 -0.039 -0.02 0.003 0.01 0.019 0.029 0.029 0.031 0.048 0.065 0.082 0.089 0.097 0.125 0.137 0.138 0.144 0.152 0.165 0.192 0.214 0.232 0.246 0.26 0.275 0.282 0.284 0.281
-9999 -9999 -9999 -9999 -9999 -9999 -9999 -9999 -9999 -9999 -9999 -9999 -0.266 -0.258 -0.248 -0.236 -0.227 -0.217 -0.202 -0.186 -0.184 -0.182 -0.175 -0.169 -0.18 -0.194 -0.164 -0.129 -0.132 -0.138 -0.127 -0.114 -0.117 -0.122 -0.119 -0.117 -0.11 -0.103 -0.098 -0.095 -0.089 -0.084 -0.075 -0.066 -0.076 -0.088 -0.06 -0.029 -0.009 0.015 0.022 0.027 0.038 0.047 0.051 0.05 0.068 0.084 0.091 0.095 0.122 0.151 0.153 0.152 0.16 0.166 0.192 0.217 0.234 0.248 0.263 0.276 0.284 0.284 0.282
-9999 -9999 -9999 -9999 -9999 -9999 -9999 -9999 -0.308 -0.277 -0.272 -0.267 -0.252 -0.219 -0.215 -0.232 -0.22 -0.203 -0.19 -0.181 -0.181 -0.191 -0.182 -0.168 -0.169 -0.158 -0.141 -0.149 -0.155 -0.163 -0.152 -0.136 -0.131 -0.11 -0.107 -0.107 -0.104 -0.11 -0.103 -0.091 -0.09 -0.102 -0.095 -0.091 -0.086 -0.056 -0.033 -0.018 -0.0 0.013 0.027 0.037 0.041 0.046 0.065 0.074 0.087 0.101 0.112 0.118 0.126 0.144 0.158 0.163 0.174 0.182 0.202 0.223 0.24 0.257 0.267 0.277 0.289 0.293 0.296
-9999 -9999 -9999 -9999 -9999 -9999 -9999 -0.315 -0.295 -0.272 -0.262 -0.24 -0.219 -0.201 -0.212 -0.229 -0.213 -0.197 -0.187 -0.178 -0.184 -0.193 -0.18 -0.166 -0.155 -0.142 -0.148 -0.158 -0.164 -0.173 -0.16 -0.145 -0.126 -0.106 -0.105 -0.105 -0.108 -0.114 -0.103 -0.091 -0.099 -0.11 -0.105 -0.099 -0.073 -0.043 -0.028 -0.013 -0.0 0.012 0.026 0.039 0.044 0.045 0.063 0.081 0.094 0.106 0.117 0.125 0.134 0.14 0.154 0.166 0.178 0.187 0.206 0.222 0.239 0.256 0.265 0.272 0.284 0.29 0.293
-9999 -9999 -9999 -9999 -9999 -9999 -0.322 -0.301 -0.282 -0.273 -0.258 -0.247 -0.232 -0.215 -0.218 -0.207 -0.192 -0.18 -0.177 -0.187 -0.188 -0.179 -0.171 -0.172 -0.165 -0.165 -0.169 -0.167 -0.171 -0.171 -0.158 -0.141 -0.128 -0.123 -0.128 -0.146 -0.147 -0.141 -0.13 -0.112 -0.116 -0.109 -0.104 -0.102 -0.081 -0.067 -0.056 -0.047 -0.036 -0.02 -0.001 0.036 0.05 0.056 0.073 0.09 0.102 0.113 0.127 0.138 0.146 0.153 0.167 0.179 0.19 0.198 0.209 0.221 0.231 0.244 0.251 0.256 0.27 0.278 0.286
