Validation/Results/raw data/ReClimate_08_2024_2_Temperature-Actuals.asc
NCOLS 192
NROWS 249
XLLCENTER -225160.85627316462
YLLCENTER 29788.11610251502
CELLSIZE 5000.0
NODATA_VALUE -9999
[rows 136 to 169 of 249, columns 77 to 153 of 192]
-9999 -9999 -9999 -9999 -9999 -9999 -9999 -9999 10.34 -9999 9.913 9.55 9.577 9.583 9.841 10.028 10.036 9.881 8.961 9.179 9.19 9.258 9.814 9.87 9.912 9.975 9.488 9.366 -9999 -9999 -9999 -9999 -9999 -9999 10.42 10.532 10.488 10.241 10.116 9.937 9.382 9.064 9.293 9.348 9.414 9.831 9.557 9.437 9.87 10.072 10.2 10.16 10.556 10.743 10.799 10.847 11.209 -9999 -9999 -9999 -9999 -9999 -9999 -9999 -9999 -9999 -9999 -9999 -9999 -9999 -9999 -9999 -9999 -9999 -9999 -9999 -9999
-9999 -9999 -9999 -9999 -9999 -9999 -9999 -9999 10.225 10.167 10.19 10.257 10.012 9.918 9.933 10.017 10.305 10.094 9.767 9.153 9.203 9.344 9.813 9.762 9.753 10.124 9.783 10.249 -9999 -9999 -9999 -9999 10.454 10.374 10.416 10.541 10.598 10.498 10.271 9.545 8.775 8.783 8.985 8.685 9.386 9.288 9.054 9.6 9.525 9.713 10.131 10.214 10.004 10.422 10.667 10.698 11.259 -9999 -9999 -9999 -9999 -9999 -9999 -9999 -9999 -9999 -9999 -9999 -9999 -9999 -9999 -9999 -9999 -9999 -9999 -9999 -9999
10.926 -9999 -9999 -9999 -9999 -9999 -9999 -9999 10.241 10.476 10.387 -9999 -9999 10.299 10.119 10.173 10.289 -9999 10.485 10.276 10.049 9.878 9.988 9.747 10.186 10.524 -9999 -9999 -9999 -9999 -9999 10.667 10.51 10.4 10.42 10.426 10.429 10.421 10.029 9.334 8.295 8.073 8.569 8.328 8.91 8.429 8.661 9.0 8.95 9.541 9.566 9.744 9.934 10.249 10.5 10.576 11.049 -9999 -9999 -9999 -9999 -9999 -9999 -9999 -9999 -9999 -9999 -9999 -9999 -9999 -9999 -9999 -9999 -9999 -9999 -9999 -9999
10.572 -9999 -9999 -9999 -9999 -9999 -9999 -9999 -9999 10.628 10.792 -9999 -9999 -9999 10.614 10.267 10.318 10.555 -9999 -9999 10.581 10.424 10.369 10.075 10.21 -9999 -9999 -9999 -9999 -9999 10.5 10.486 10.364 10.351 10.301 10.224 10.27 10.0 9.797 9.462 8.442 8.206 7.549 8.197 7.807 7.687 8.068 8.396 8.387 8.8 9.442 9.669 9.785 10.229 10.488 10.368 10.595 -9999 -9999 -9999 -9999 -9999 -9999 -9999 -9999 -9999 -9999 -9999 -9999 -9999 -9999 -9999 -9999 -9999 -9999 -9999 -9999
-9999 -9999 -9999 -9999 -9999 -9999 -9999 -9999 -9999 -9999 10.879 -9999 -9999 -9999 -9999 10.618 10.252 10.424 -9999 -9999 -9999 10.755 10.96 -9999 -9999 -9999 -9999 -9999 -9999 -9999 10.542 10.437 10.236 9.978 9.726 9.816 9.902 9.838 9.977 9.64 8.931 7.916 7.795 7.839 7.133 7.373 7.75 8.271 8.156 8.358 9.052 9.669 10.126 10.32 10.393 10.209 10.356 -9999 -9999 -9999 -9999 -9999 -9999 -9999 -9999 -9999 -9999 -9999 -9999 -9999 -9999 -9999 -9999 -9999 -9999 -9999 -9999
-9999 -9999 -9999 -9999 -9999 -9999 -9999 -9999 -9999 -9999 10.631 -9999 -9999 -9999 -9999 -9999 10.67 10.615 -9999 -9999 -9999 -9999 -9999 -9999 -9999 -9999 -9999 -9999 -9999 -9999 10.523 10.014 9.675 9.451 9.258 9.433 9.57 9.688 9.798 9.614 9.151 8.073 7.046 6.577 6.981 7.443 8.505 8.737 8.778 9.016 9.159 9.282 9.904 10.33 10.249 10.057 10.176 10.712 -9999 -9999 -9999 -9999 -9999 -9999 -9999 -9999 -9999 -9999 -9999 -9999 -9999 -9999 -9999 -9999 -9999 -9999 -9999
10.804 10.916 11.205 -9999 -9999 -9999 -9999 -9999 -9999 -9999 10.622 -9999 -9999 -9999 -9999 -9999 -9999 -9999 -9999 -9999 -9999 -9999 -9999 -9999 -9999 -9999 -9999 -9999 -9999 10.605 10.217 9.981 9.95 9.608 8.703 9.184 9.229 9.201 9.572 9.536 9.692 8.271 6.736 6.37 7.336 7.848 7.351 7.385 8.058 8.524 9.431 9.561 9.677 9.925 10.018 10.076 10.113 10.533 11.185 -9999 -9999 -9999 -9999 -9999 -9999 -9999 -9999 -9999 -9999 -9999 -9999 -9999 -9999 -9999 -9999 -9999 -9999
10.631 10.839 11.033 -9999 -9999 -9999 -9999 -9999 -9999 -9999 -9999 -9999 -9999 -9999 -9999 -9999 -9999 -9999 -9999 -9999 -9999 -9999 -9999 -9999 -9999 -9999 -9999 -9999 10.461 10.406 10.127 10.022 9.816 9.308 7.551 8.229 9.242 9.372 9.504 9.897 9.673 9.008 7.638 6.683 7.304 7.448 7.693 7.993 7.923 8.204 8.764 9.566 9.766 9.989 10.046 10.094 10.263 10.672 11.157 -9999 -9999 -9999 -9999 -9999 -9999 -9999 -9999 -9999 -9999 -9999 -9999 -9999 -9999 -9999 -9999 -9999 -9999
10.767 -9999 11.114 11.319 -9999 -9999 -9999 -9999 -9999 -9999 -9999 -9999 -9999 -9999 -9999 -9999 -9999 -9999 -9999 -9999 -9999 -9999 -9999 -9999 -9999 -9999 -9999 -9999 10.258 10.186 10.144 9.077 8.716 8.915 9.158 8.937 8.744 9.129 9.363 9.562 9.777 9.632 8.726 8.157 7.149 7.697 8.072 8.281 8.422 8.752 9.093 9.436 9.607 9.938 10.063 10.188 10.325 10.698 11.163 11.406 11.45 -9999 -9999 -9999 -9999 -9999 -9999 -9999 -9999 -9999 -9999 -9999 -9999 -9999 -9999 -9999 -9999
10.782 -9999 -9999 11.264 -9999 -9999 -9999 -9999 -9999 -9999 -9999 -9999 -9999 -9999 -9999 -9999 -9999 -9999 -9999 -9999 -9999 -9999 -9999 -9999 -9999 -9999 -9999 -9999 10.486 10.296 9.608 8.558 9.674 9.62 8.768 8.308 8.973 8.929 8.697 9.495 9.366 9.745 9.799 8.936 8.391 7.99 8.227 8.467 8.917 9.169 9.525 9.792 10.033 10.085 10.302 10.249 10.456 10.701 10.972 10.706 10.728 10.716 10.953 10.45 -9999 -9999 -9999 -9999 -9999 -9999 -9999 -9999 -9999 -9999 -9999 -9999 -9999
10.728 11.009 -9999 11.217 -9999 -9999 -9999 -9999 -9999 -9999 -9999 -9999 -9999 -9999 -9999 -9999 -9999 -9999 -9999 -9999 -9999 -9999 -9999 -9999 -9999 -9999 -9999 11.283 10.576 10.079 8.932 8.212 7.992 8.653 8.901 8.88 8.589 8.088 9.083 8.421 9.062 9.469 9.672 9.505 9.314 8.85 8.234 8.455 8.904 9.273 9.547 9.825 10.08 10.34 10.41 10.464 10.576 10.728 10.78 10.611 9.79 9.707 9.753 9.852 10.295 10.104 -9999 -9999 -9999 -9999 -9999 -9999 -9999 -9999 -9999 -9999 -9999
10.764 -9999 10.952 -9999 -9999 -9999 -9999 -9999 -9999 -9999 -9999 -9999 -9999 -9999 -9999 -9999 -9999 -9999 -9999 -9999 -9999 -9999 -9999 -9999 -9999 -9999 -9999 -9999 11.165 10.276 8.849 8.415 8.68 7.248 8.011 8.822 8.34 8.885 7.845 8.135 8.964 9.318 9.317 9.432 9.139 7.557 7.849 7.978 7.979 8.348 9.16 9.517 9.875 10.256 10.443 10.5 10.602 10.768 10.832 10.668 10.029 9.639 9.79 9.773 9.72 9.932 10.043 -9999 -9999 -9999 -9999 -9999 -9999 -9999 -9999 -9999 -9999
10.83 10.819 10.862 -9999 -9999 -9999 -9999 -9999 -9999 -9999 -9999 -9999 -9999 -9999 -9999 -9999 -9999 -9999 -9999 -9999 -9999 -9999 -9999 -9999 -9999 -9999 -9999 -9999 -9999 10.85 10.131 9.988 8.524 8.448 8.744 9.526 9.785 8.544 8.552 8.954 9.117 8.818 8.861 9.174 8.227 7.872 7.652 7.131 7.594 8.294 8.596 9.297 9.739 10.207 10.429 10.478 10.596 10.739 10.127 9.892 9.32 8.704 8.943 9.253 9.735 9.663 9.882 10.478 -9999 -9999 -9999 -9999 -9999 -9999 -9999 -9999 -9999
10.982 10.86 -9999 -9999 -9999 -9999 -9999 -9999 -9999 -9999 -9999 -9999 -9999 -9999 -9999 -9999 -9999 -9999 -9999 -9999 -9999 -9999 -9999 -9999 -9999 -9999 -9999 -9999 -9999 11.438 10.936 10.307 9.461 8.739 8.273 9.686 9.212 9.462 9.742 9.726 9.442 8.953 8.014 8.911 8.187 7.49 7.808 8.535 8.731 8.733 8.944 9.213 9.891 10.327 10.473 10.513 10.423 10.109 9.781 9.364 9.48 9.242 9.114 9.02 9.166 9.485 9.625 10.159 11.113 -9999 -9999 -9999 -9999 -9999 -9999 -9999 -9999
10.926 11.019 -9999 -9999 -9999 -9999 -9999 -9999 -9999 -9999 -9999 -9999 -9999 -9999 -9999 -9999 -9999 -9999 -9999 -9999 -9999 -9999 -9999 -9999 -9999 -9999 -9999 -9999 -9999 -9999 10.609 9.888 9.502 8.768 9.573 9.457 9.884 10.077 10.103 9.93 9.66 9.124 9.221 7.942 8.278 8.391 8.161 8.494 8.608 8.554 9.302 9.516 10.029 10.332 10.531 10.557 10.31 9.962 9.768 9.578 9.422 9.421 9.421 9.339 9.313 9.416 9.756 10.049 10.792 -9999 -9999 -9999 -9999 -9999 -9999 -9999 -9999
-9999 -9999 -9999 -9999 -9999 -9999 -9999 -9999 -9999 -9999 -9999 -9999 -9999 -9999 -9999 -9999 -9999 -9999 -9999 -9999 -9999 -9999 -9999 -9999 -9999 -9999 -9999 -9999 -9999 -9999 11.313 9.586 9.798 10.336 9.907 10.166 10.157 10.401 10.268 9.777 9.802 9.821 8.022 8.648 8.397 8.282 8.01 8.681 8.822 9.077 9.284 9.73 9.973 10.359 10.546 10.584 10.438 9.837 9.499 9.662 9.827 9.796 9.776 9.662 9.664 9.532 9.508 10.038 10.349 11.217 -9999 -9999 -9999 -9999 -9999 -9999 -9999
-9999 -9999 -9999 -9999 -9999 -9999 -9999 -9999 -9999 -9999 -9999 -9999 -9999 -9999 -9999 -9999 -9999 -9999 -9999 -9999 -9999 -9999 -9999 -9999 -9999 -9999 -9999 -9999 -9999 -9999 -9999 10.808 10.971 10.543 10.257 10.414 10.347 10.601 10.347 10.051 10.168 9.394 8.469 8.031 8.061 7.686 8.023 7.98 8.302 8.834 8.915 9.331 9.87 10.282 10.498 10.412 10.31 10.222 9.495 9.518 10.128 10.454 10.298 10.238 10.228 10.276 10.207 10.376 10.718 10.903 -9999 -9999 -9999 -9999 -9999 -9999 -9999
-9999 -9999 -9999 -9999 -9999 -9999 -9999 -9999 -9999 -9999 -9999 -9999 -9999 -9999 -9999 -9999 -9999 -9999 -9999 -9999 -9999 -9999 -9999 -9999 -9999 -9999 -9999 -9999 -9999 -9999 -9999 11.343 -9999 10.56 10.768 10.595 10.666 -9999 10.638 10.302 10.204 9.497 8.426 8.405 8.369 7.866 8.103 8.031 7.432 8.243 8.613 8.916 9.351 10.029 10.353 10.322 10.239 10.289 10.357 10.162 10.492 10.708 10.555 10.387 10.421 10.521 10.622 10.656 10.378 10.333 10.677 -9999 -9999 -9999 -9999 -9999 -9999
-9999 -9999 -9999 -9999 -9999 -9999 -9999 -9999 -9999 -9999 -9999 -9999 -9999 -9999 -9999 -9999 -9999 -9999 -9999 -9999 -9999 -9999 -9999 -9999 -9999 -9999 -9999 -9999 -9999 -9999 -9999 -9999 11.345 10.867 -9999 -9999 -9999 -9999 10.922 10.605 10.55 9.98 9.545 8.665 8.503 8.285 8.122 8.823 8.414 7.843 8.579 8.796 9.353 9.834 10.283 10.451 10.476 10.482 10.544 10.552 10.449 10.571 10.42 10.345 10.5 10.558 10.412 10.397 10.51 10.358 10.403 10.662 11.13 -9999 -9999 -9999 -9999
-9999 -9999 -9999 -9999 -9999 -9999 -9999 -9999 -9999 -9999 -9999 -9999 -9999 -9999 -9999 -9999 -9999 -9999 -9999 -9999 -9999 -9999 -9999 -9999 -9999 -9999 -9999 -9999 -9999 -9999 -9999 -9999 11.498 11.297 -9999 -9999 -9999 -9999 11.092 10.564 10.706 10.296 9.56 9.697 9.514 8.721 8.631 8.783 8.93 7.964 8.517 8.805 9.127 9.655 10.25 10.543 10.635 10.673 10.657 10.663 10.6 10.496 10.474 10.465 10.533 10.473 10.292 10.094 10.118 10.289 10.556 10.872 11.25 -9999 -9999 -9999 -9999
-9999 -9999 -9999 -9999 -9999 -9999 -9999 -9999 -9999 -9999 -9999 -9999 -9999 -9999 -9999 -9999 -9999 -9999 -9999 -9999 -9999 -9999 -9999 -9999 -9999 -9999 -9999 -9999 -9999 -9999 -9999 -9999 11.543 -9999 -9999 -9999 -9999 11.349 10.968 10.557 9.841 9.463 9.438 9.455 9.547 9.041 8.595 9.117 9.104 9.003 8.535 9.009 9.262 9.661 10.052 10.47 10.573 10.665 10.729 10.777 10.804 10.757 10.747 10.553 10.175 10.196 10.204 10.257 10.308 10.45 10.696 11.071 -9999 -9999 -9999 -9999 -9999
-9999 -9999 -9999 -9999 -9999 -9999 -9999 -9999 -9999 -9999 -9999 -9999 -9999 -9999 -9999 -9999 -9999 -9999 -9999 -9999 -9999 -9999 -9999 -9999 -9999 -9999 -9999 -9999 -9999 -9999 -9999 -9999 -9999 -9999 -9999 -9999 -9999 11.325 10.748 9.774 8.915 8.52 8.962 9.568 9.541 9.686 9.568 9.688 9.521 9.306 9.035 9.057 9.447 9.724 9.975 10.328 10.541 10.654 10.8 10.944 11.017 10.958 10.859 10.746 10.072 9.71 10.231 10.448 10.653 10.717 10.881 11.095 -9999 -9999 -9999 -9999 -9999
-9999 -9999 -9999 -9999 -9999 -9999 -9999 -9999 -9999 -9999 -9999 -9999 -9999 -9999 -9999 -9999 -9999 -9999 -9999 -9999 -9999 -9999 -9999 -9999 -9999 -9999 -9999 -9999 -9999 -9999 -9999 -9999 -9999 -9999 -9999 -9999 -9999 11.199 10.734 9.97 9.093 8.996 9.44 9.599 9.946 9.919 9.887 9.919 9.842 9.978 9.463 9.423 9.499 9.711 9.946 10.296 10.624 10.712 10.85 11.08 11.125 11.053 10.926 10.83 10.489 9.955 10.178 10.594 10.803 10.923 10.984 11.093 -9999 -9999 -9999 -9999 -9999
-9999 -9999 -9999 -9999 -9999 -9999 -9999 -9999 -9999 -9999 -9999 -9999 -9999 -9999 -9999 -9999 -9999 -9999 -9999 -9999 -9999 -9999 -9999 -9999 -9999 -9999 -9999 -9999 -9999 -9999 -9999 -9999 -9999 -9999 -9999 -9999 11.296 11.151 10.737 9.815 9.185 8.871 9.454 9.516 10.276 9.987 9.997 9.733 9.699 9.53 10.138 10.082 10.257 10.205 10.394 10.368 10.595 10.753 10.776 10.883 11.101 11.033 10.927 10.812 10.745 10.372 10.353 10.684 10.946 11.064 11.073 11.116 11.272 -9999 -9999 -9999 -9999
-9999 -9999 -9999 -9999 -9999 -9999 -9999 -9999 -9999 -9999 -9999 -9999 -9999 -9999 -9999 -9999 -9999 -9999 -9999 -9999 -9999 -9999 -9999 -9999 -9999 -9999 -9999 -9999 -9999 -9999 -9999 -9999 -9999 -9999 -9999 -9999 11.152 11.163 10.895 10.385 9.618 10.209 10.082 10.584 10.013 9.578 9.646 9.342 9.462 9.928 9.696 10.152 10.203 10.215 10.284 10.49 10.549 10.71 10.794 10.842 10.934 10.952 10.831 10.772 10.774 10.744 10.517 10.69 10.986 11.14 11.155 11.138 11.271 -9999 -9999 -9999 -9999
-9999 -9999 -9999 -9999 -9999 -9999 -9999 -9999 -9999 -9999 -9999 -9999 -9999 -9999 -9999 -9999 -9999 -9999 -9999 -9999 -9999 -9999 -9999 -9999 -9999 -9999 -9999 -9999 -9999 -9999 -9999 -9999 -9999 -9999 -9999 11.177 11.075 11.147 11.212 10.717 10.623 10.526 10.74 10.601 9.948 9.876 9.597 9.266 9.414 9.752 10.538 10.265 10.656 10.599 10.509 10.41 10.56 10.648 10.728 10.818 10.871 10.867 10.79 10.745 10.78 10.812 10.718 10.592 10.889 11.218 11.304 11.205 11.211 11.366 -9999 -9999 -9999
-9999 -9999 -9999 -9999 -9999 -9999 -9999 -9999 -9999 -9999 -9999 -9999 -9999 -9999 -9999 -9999 -9999 -9999 -9999 -9999 -9999 -9999 -9999 -9999 -9999 -9999 -9999 -9999 -9999 -9999 -9999 -9999 -9999 -9999 -9999 11.161 11.05 11.145 11.147 10.999 10.857 10.813 10.612 10.32 10.418 10.172 9.536 8.616 8.889 9.262 9.987 10.563 10.478 10.806 10.953 10.798 10.586 10.695 10.791 10.833 10.894 10.896 10.86 10.845 10.896 10.964 10.86 10.703 10.961 11.408 11.55 11.464 11.269 11.267 -9999 -9999 -9999
-9999 -9999 -9999 -9999 -9999 -9999 -9999 -9999 -9999 -9999 -9999 -9999 -9999 -9999 -9999 -9999 -9999 -9999 -9999 -9999 -9999 -9999 -9999 -9999 -9999 -9999 -9999 -9999 -9999 -9999 -9999 -9999 -9999 -9999 -9999 11.225 11.125 11.165 11.239 11.2 11.064 10.725 10.463 10.337 9.99 9.432 8.72 8.682 8.968 9.262 9.825 10.372 10.332 10.358 10.816 11.091 11.069 10.986 10.996 10.961 10.943 10.978 10.969 10.965 11.026 11.086 11.148 11.048 11.165 11.553 11.716 11.62 11.415 11.227 11.263 -9999 -9999
-9999 -9999 -9999 -9999 -9999 -9999 -9999 -9999 -9999 -9999 -9999 -9999 -9999 -9999 -9999 -9999 -9999 -9999 -9999 -9999 -9999 -9999 -9999 -9999 -9999 -9999 -9999 -9999 -9999 -9999 -9999 -9999 -9999 -9999 -9999 -9999 11.143 11.168 11.242 11.185 10.727 10.254 10.009 9.88 9.832 9.582 9.101 9.269 9.292 9.77 10.566 10.73 10.681 10.425 10.775 11.069 11.087 11.118 11.15 11.071 11.028 11.059 11.077 11.073 11.102 11.153 11.164 11.254 11.314 -9999 11.651 -9999 11.453 11.334 11.262 11.467 -9999
-9999 -9999 -9999 -9999 -9999 -9999 -9999 -9999 -9999 -9999 -9999 -9999 -9999 -9999 -9999 -9999 -9999 -9999 -9999 -9999 -9999 -9999 -9999 -9999 -9999 -9999 -9999 -9999 -9999 -9999 -9999 -9999 -9999 -9999 -9999 11.256 11.166 11.172 11.226 11.045 10.431 9.659 9.57 9.781 9.42 9.332 9.504 9.218 8.956 9.452 10.161 10.994 10.822 10.779 10.99 11.091 11.036 11.088 11.109 11.125 11.099 11.114 11.12 11.12 11.135 10.999 11.043 11.168 11.099 11.149 11.352 11.422 -9999 11.457 11.461 11.338 11.575
-9999 -9999 -9999 -9999 -9999 -9999 -9999 -9999 -9999 -9999 -9999 -9999 -9999 -9999 -9999 -9999 -9999 -9999 -9999 -9999 -9999 -9999 -9999 -9999 -9999 -9999 -9999 -9999 -9999 -9999 -9999 -9999 -9999 -9999 -9999 11.28 11.205 11.226 11.123 10.771 10.406 9.935 9.724 10.002 9.949 10.013 10.155 9.604 9.198 9.557 10.129 10.477 10.481 10.581 10.78 10.92 10.866 10.898 11.038 11.112 11.18 11.18 11.155 11.123 11.141 11.148 10.947 11.064 11.088 10.89 11.018 11.228 11.369 -9999 -9999 -9999 -9999
-9999 -9999 -9999 -9999 -9999 -9999 -9999 -9999 -9999 -9999 -9999 -9999 -9999 -9999 -9999 -9999 -9999 -9999 -9999 -9999 -9999 -9999 -9999 -9999 -9999 -9999 -9999 -9999 -9999 -9999 -9999 -9999 -9999 -9999 11.36 11.395 11.27 11.071 10.899 10.907 10.747 10.251 10.477 10.577 10.62 10.723 10.548 9.88 9.011 8.828 9.435 9.902 9.864 10.289 10.735 10.828 10.948 10.871 10.991 11.127 11.199 11.198 11.175 11.132 11.14 11.158 11.114 11.026 11.058 10.84 10.783 10.973 11.198 11.353 11.455 -9999 -9999
-9999 -9999 -9999 -9999 -9999 -9999 -9999 -9999 -9999 -9999 -9999 -9999 -9999 -9999 -9999 -9999 -9999 -9999 -9999 -9999 -9999 -9999 -9999 -9999 -9999 -9999 -9999 -9999 -9999 -9999 -9999 -9999 -9999 -9999 11.496 11.428 11.317 11.169 10.944 10.771 10.972 10.92 10.959 10.982 11.05 11.1 10.873 10.324 9.657 8.641 8.317 9.15 9.393 9.811 10.456 10.591 10.978 11.101 10.981 11.101 11.213 11.214 11.189 11.158 11.156 11.172 11.101 11.079 11.091 11.071 10.661 10.76 10.985 11.181 11.35 11.496 -9999
-9999 -9999 -9999 -9999 -9999 -9999 -9999 -9999 -9999 -9999 -9999 -9999 -9999 -9999 -9999 -9999 -9999 -9999 -9999 -9999 -9999 -9999 -9999 -9999 -9999 -9999 -9999 -9999 -9999 -9999 -9999 -9999 -9999 -9999 -9999 11.527 11.399 11.277 11.014 11.125 11.135 11.173 11.234 11.308 11.515 11.531 11.264 10.806 10.002 9.103 8.215 8.049 8.826 9.453 10.085 10.592 10.621 10.9 10.898 10.964 11.153 11.196 11.182 11.165 11.161 11.123 11.048 11.025 11.083 11.049 10.752 10.622 10.842 10.97 11.147 11.341 11.353
