Validation/Results/raw data/ReClimate_05_2024_2_Precipitation-Actuals.asc
NCOLS 192
NROWS 249
XLLCENTER -225160.85627316462
YLLCENTER 29788.11610251502
CELLSIZE 5000.0
NODATA_VALUE -9999
[rows 66 to 98 of 249, columns 74 to 147 of 192]
-9999 -9999 -9999 -9999 -9999 -9999 -9999 -9999 -9999 -9999 -9999 102.253 -9999 121.582 159.465 168.745 157.71 176.848 143.853 126.812 103.732 95.645 77.31 80.774 89.428 85.677 86.599 89.634 88.511 92.584 78.724 68.908 -9999 -9999 -9999 -9999 -9999 -9999 -9999 -9999 -9999 -9999 -9999 -9999 -9999 -9999 -9999 -9999 -9999 -9999 -9999 -9999 -9999 -9999 -9999 -9999 -9999 -9999 -9999 -9999 -9999 -9999 -9999 -9999 -9999 -9999 -9999 -9999 -9999 -9999 -9999 -9999 -9999 -9999
-9999 -9999 -9999 -9999 -9999 -9999 -9999 -9999 -9999 -9999 -9999 -9999 106.946 156.735 159.857 151.239 148.097 143.465 136.634 126.262 109.592 93.341 85.483 78.4 81.584 80.058 85.887 89.213 90.15 78.479 -9999 -9999 -9999 -9999 -9999 -9999 -9999 -9999 -9999 -9999 -9999 -9999 -9999 -9999 -9999 -9999 -9999 -9999 -9999 -9999 -9999 -9999 -9999 -9999 -9999 -9999 -9999 -9999 -9999 -9999 -9999 -9999 -9999 -9999 -9999 -9999 -9999 -9999 -9999 -9999 -9999 -9999 -9999 -9999
-9999 -9999 -9999 -9999 -9999 -9999 -9999 -9999 -9999 -9999 -9999 -9999 128.761 150.425 140.768 125.715 133.527 135.043 117.254 109.309 97.17 85.184 85.071 79.976 86.741 87.556 83.382 88.152 78.686 64.715 -9999 -9999 -9999 -9999 -9999 -9999 -9999 -9999 -9999 -9999 -9999 -9999 -9999 -9999 -9999 -9999 -9999 -9999 -9999 -9999 -9999 -9999 -9999 -9999 -9999 -9999 -9999 -9999 -9999 -9999 -9999 -9999 -9999 -9999 -9999 -9999 -9999 -9999 -9999 -9999 -9999 -9999 -9999 -9999
-9999 -9999 -9999 -9999 -9999 -9999 -9999 -9999 -9999 -9999 -9999 -9999 -9999 -9999 121.301 130.51 132.971 114.387 108.274 111.446 104.14 92.276 79.089 80.572 93.893 90.318 85.141 69.721 -9999 -9999 -9999 -9999 -9999 -9999 -9999 -9999 -9999 -9999 -9999 -9999 -9999 -9999 -9999 -9999 -9999 -9999 -9999 -9999 -9999 -9999 -9999 -9999 -9999 -9999 -9999 -9999 -9999 -9999 -9999 -9999 -9999 -9999 -9999 -9999 -9999 -9999 -9999 -9999 -9999 -9999 -9999 -9999 -9999 -9999
-9999 -9999 -9999 -9999 -9999 -9999 -9999 -9999 96.216 -9999 -9999 113.536 125.043 120.635 115.846 138.836 127.541 119.263 118.63 117.032 99.64 85.007 69.92 82.968 89.352 97.61 82.513 73.312 -9999 -9999 -9999 -9999 -9999 -9999 -9999 -9999 -9999 -9999 -9999 -9999 -9999 -9999 -9999 -9999 -9999 -9999 -9999 -9999 -9999 -9999 -9999 -9999 -9999 -9999 -9999 -9999 -9999 -9999 -9999 -9999 -9999 -9999 -9999 -9999 -9999 -9999 -9999 -9999 -9999 -9999 -9999 -9999 -9999 -9999
-9999 -9999 -9999 -9999 -9999 -9999 94.407 94.31 101.905 103.416 119.771 126.015 139.581 139.809 137.097 113.153 135.0 134.048 122.171 107.595 90.392 92.134 100.928 80.289 84.609 78.048 74.785 75.1 -9999 -9999 -9999 -9999 -9999 -9999 -9999 -9999 -9999 -9999 -9999 -9999 -9999 -9999 -9999 -9999 -9999 -9999 -9999 -9999 -9999 -9999 -9999 -9999 -9999 -9999 -9999 -9999 -9999 -9999 -9999 -9999 -9999 -9999 -9999 -9999 -9999 -9999 -9999 -9999 -9999 -9999 -9999 -9999 -9999 -9999
-9999 -9999 -9999 -9999 -9999 -9999 94.617 106.77 -9999 121.205 137.212 146.3 143.716 159.04 116.966 128.396 143.148 144.278 135.411 108.369 107.992 116.474 93.965 89.939 93.578 78.106 79.203 -9999 71.3 -9999 -9999 -9999 -9999 -9999 -9999 -9999 -9999 -9999 -9999 -9999 -9999 -9999 -9999 -9999 -9999 -9999 -9999 -9999 -9999 -9999 -9999 -9999 -9999 -9999 -9999 -9999 -9999 -9999 -9999 -9999 -9999 -9999 -9999 -9999 -9999 -9999 -9999 -9999 -9999 -9999 -9999 -9999 -9999 -9999
-9999 -9999 -9999 -9999 -9999 -9999 -9999 122.794 129.337 134.13 151.596 145.21 164.567 133.266 124.065 123.697 125.634 129.743 122.07 103.977 105.843 101.949 81.298 88.504 85.837 79.359 74.502 66.818 69.009 -9999 -9999 -9999 -9999 -9999 -9999 -9999 -9999 -9999 -9999 -9999 -9999 -9999 -9999 -9999 -9999 -9999 -9999 -9999 -9999 -9999 -9999 -9999 -9999 -9999 -9999 -9999 -9999 -9999 -9999 -9999 -9999 -9999 -9999 -9999 -9999 -9999 -9999 -9999 -9999 -9999 -9999 -9999 -9999 -9999
101.716 -9999 -9999 -9999 -9999 -9999 -9999 -9999 132.432 140.569 145.433 181.047 163.631 151.823 136.482 143.678 148.542 123.085 95.432 95.286 112.002 99.769 83.623 85.877 76.589 76.729 67.189 68.97 76.988 -9999 -9999 -9999 -9999 -9999 -9999 -9999 -9999 -9999 -9999 -9999 -9999 -9999 -9999 -9999 -9999 -9999 -9999 -9999 -9999 -9999 -9999 -9999 -9999 -9999 -9999 -9999 -9999 -9999 -9999 -9999 -9999 -9999 -9999 -9999 -9999 -9999 -9999 -9999 -9999 -9999 -9999 -9999 -9999 -9999
113.508 -9999 -9999 -9999 -9999 -9999 123.804 133.295 152.405 151.948 152.021 146.271 167.577 155.404 150.899 148.238 125.528 105.63 104.807 93.887 106.909 121.412 90.117 73.434 67.533 70.891 -9999 73.716 -9999 -9999 -9999 -9999 -9999 -9999 80.02 76.595 78.631 -9999 -9999 -9999 -9999 -9999 -9999 -9999 -9999 -9999 -9999 -9999 -9999 -9999 -9999 -9999 -9999 -9999 -9999 -9999 -9999 -9999 -9999 -9999 -9999 -9999 -9999 -9999 -9999 -9999 -9999 -9999 -9999 -9999 -9999 -9999 -9999 -9999
116.735 100.146 -9999 -9999 -9999 -9999 -9999 146.229 162.217 163.66 147.209 155.652 139.625 148.411 142.044 137.165 110.473 100.971 84.916 98.875 123.732 101.259 78.669 69.721 78.168 80.573 73.867 -9999 -9999 -9999 -9999 69.915 70.381 75.553 81.52 80.149 80.036 87.808 89.72 86.948 89.821 90.448 83.039 76.258 73.65 80.283 90.088 90.355 82.05 73.955 71.289 73.326 75.092 -9999 -9999 -9999 -9999 -9999 -9999 -9999 -9999 -9999 -9999 -9999 -9999 -9999 -9999 -9999 -9999 -9999 -9999 -9999 -9999 -9999
145.545 141.793 -9999 -9999 -9999 124.852 -9999 134.211 138.536 163.214 194.299 171.085 145.213 128.246 135.211 120.605 115.911 103.469 102.533 91.46 83.071 80.715 74.66 76.517 87.244 80.292 -9999 -9999 -9999 -9999 79.848 75.667 77.989 88.294 96.241 85.789 87.176 103.014 106.361 99.02 100.227 98.078 94.671 85.356 85.156 87.047 88.295 87.648 82.259 76.122 79.454 83.596 75.706 -9999 -9999 -9999 -9999 -9999 -9999 -9999 -9999 -9999 -9999 -9999 -9999 -9999 -9999 -9999 -9999 -9999 -9999 -9999 -9999 -9999
153.407 144.468 -9999 -9999 -9999 129.269 131.268 116.988 142.882 196.766 196.234 190.491 149.76 144.101 129.735 120.2 105.855 100.971 106.418 92.62 91.366 75.669 70.766 81.587 74.737 -9999 -9999 77.313 78.506 81.035 85.598 89.142 93.979 107.719 107.912 106.27 106.814 107.861 98.48 98.846 96.247 91.734 90.958 95.642 88.923 87.698 87.551 87.58 78.432 80.01 86.762 80.974 76.868 75.886 -9999 -9999 -9999 -9999 -9999 -9999 -9999 -9999 -9999 -9999 -9999 -9999 -9999 -9999 -9999 -9999 -9999 -9999 -9999 -9999
137.876 132.443 -9999 122.015 -9999 121.536 125.064 156.655 189.765 173.993 200.301 183.903 171.32 158.434 143.393 133.906 114.576 109.249 101.887 103.126 87.812 75.069 64.022 64.893 68.745 -9999 86.647 91.444 92.092 92.119 95.063 100.165 107.218 111.7 109.898 113.312 107.834 102.628 104.582 105.118 98.225 91.892 91.147 89.111 93.836 89.682 90.034 86.809 81.638 80.427 80.935 79.793 76.113 77.075 -9999 -9999 -9999 -9999 -9999 -9999 -9999 -9999 -9999 -9999 -9999 -9999 -9999 -9999 -9999 -9999 -9999 -9999 -9999 -9999
132.048 -9999 121.76 -9999 -9999 -9999 167.733 228.641 181.547 172.402 153.458 162.476 160.64 149.602 141.842 128.253 134.938 123.88 111.76 93.362 80.531 68.837 69.664 87.881 80.342 85.507 100.783 110.125 113.32 104.381 103.653 107.97 114.284 116.21 112.06 95.584 96.129 97.644 98.238 104.164 96.345 90.599 86.657 89.944 92.506 89.253 80.92 88.347 85.503 86.938 86.417 84.346 80.846 79.756 -9999 -9999 -9999 -9999 -9999 -9999 -9999 -9999 -9999 -9999 -9999 -9999 -9999 -9999 -9999 -9999 -9999 -9999 -9999 -9999
144.559 126.471 -9999 -9999 -9999 -9999 179.879 172.908 151.889 -9999 150.0 163.197 164.036 140.99 123.226 117.557 106.731 98.365 102.42 97.49 95.746 89.091 98.088 105.025 88.119 98.412 103.583 117.118 127.199 116.309 100.038 102.288 114.381 119.201 99.328 93.264 110.976 104.244 107.694 106.79 100.994 98.285 90.068 99.905 103.466 85.213 85.797 86.795 88.943 85.624 88.777 90.621 82.648 80.113 -9999 -9999 -9999 -9999 -9999 -9999 -9999 -9999 -9999 -9999 -9999 -9999 -9999 -9999 -9999 -9999 -9999 -9999 -9999 -9999
177.715 161.214 -9999 -9999 -9999 140.722 -9999 -9999 130.572 134.933 157.625 181.318 176.527 155.32 145.844 119.015 99.121 92.618 85.486 87.064 91.29 92.828 103.487 91.928 107.073 93.562 115.077 111.856 114.143 118.268 102.333 100.839 106.109 100.556 96.211 112.648 115.135 113.834 104.857 102.244 108.174 99.518 98.586 107.676 95.113 87.099 89.371 93.855 85.55 82.565 84.592 88.851 82.538 -9999 -9999 -9999 -9999 -9999 -9999 -9999 -9999 -9999 -9999 -9999 -9999 -9999 -9999 -9999 -9999 -9999 -9999 -9999 -9999 -9999
208.291 196.288 160.634 137.141 -9999 -9999 -9999 150.989 127.317 -9999 156.599 157.901 158.332 162.111 151.464 140.723 114.768 88.71 88.261 92.501 93.615 89.102 77.901 106.553 101.608 113.347 107.178 99.79 108.946 109.9 91.723 92.05 92.871 99.303 119.725 110.799 117.197 122.464 101.259 100.864 96.417 91.384 93.944 91.867 89.013 87.201 92.06 89.217 88.791 81.238 80.674 83.258 -9999 -9999 -9999 -9999 -9999 -9999 -9999 -9999 -9999 -9999 -9999 -9999 -9999 -9999 -9999 -9999 -9999 -9999 -9999 -9999 -9999 -9999
218.509 204.273 166.325 147.416 -9999 143.17 149.624 153.725 152.664 173.018 167.14 161.56 174.483 178.19 149.553 113.352 110.809 104.71 111.129 108.167 101.5 88.715 88.417 105.343 126.48 121.01 98.657 94.89 101.443 82.192 82.263 93.801 103.771 115.764 100.136 102.505 117.373 117.901 117.338 109.308 109.64 90.307 96.743 97.112 101.804 110.047 91.417 88.684 91.397 86.958 80.126 81.066 -9999 -9999 -9999 -9999 -9999 -9999 -9999 -9999 -9999 -9999 -9999 -9999 -9999 -9999 -9999 -9999 -9999 -9999 -9999 -9999 -9999 -9999
198.722 186.772 161.77 151.527 157.121 151.245 168.485 -9999 160.975 177.551 196.154 204.632 189.26 169.651 134.876 144.047 123.761 116.337 105.105 95.93 98.918 87.714 96.005 125.363 134.937 108.126 96.336 105.466 88.167 91.811 82.489 91.9 102.288 103.45 105.446 108.842 122.373 128.665 109.595 102.314 98.565 90.741 91.827 90.151 96.134 90.495 84.89 88.611 89.562 85.465 82.355 -9999 -9999 -9999 -9999 -9999 -9999 -9999 -9999 -9999 -9999 -9999 -9999 -9999 -9999 -9999 -9999 -9999 -9999 -9999 -9999 -9999 -9999 -9999
194.379 -9999 -9999 -9999 147.732 164.711 -9999 167.604 185.876 215.73 220.077 189.516 183.638 167.396 168.347 145.246 108.273 96.307 105.684 117.669 95.715 102.018 119.991 137.408 132.913 121.044 123.378 99.755 106.502 91.949 90.512 114.425 109.399 120.493 114.676 118.458 123.879 110.778 91.287 91.893 94.164 101.781 99.113 87.639 92.238 90.331 88.883 89.966 87.993 85.381 83.277 -9999 -9999 -9999 -9999 -9999 -9999 -9999 -9999 -9999 -9999 -9999 -9999 -9999 -9999 -9999 -9999 -9999 -9999 -9999 -9999 -9999 -9999 -9999
-9999 -9999 -9999 130.49 156.21 -9999 158.367 179.803 -9999 196.735 180.745 198.831 191.502 195.331 167.733 135.136 132.294 126.569 109.841 98.39 122.962 123.654 126.181 144.159 144.934 137.272 117.186 97.261 85.151 83.274 109.224 118.016 130.71 129.517 116.305 108.967 111.285 100.332 99.261 95.39 98.686 102.045 92.888 95.716 102.092 106.378 97.819 90.198 92.799 92.767 84.41 -9999 -9999 -9999 -9999 -9999 -9999 -9999 -9999 -9999 -9999 -9999 -9999 -9999 -9999 -9999 -9999 -9999 -9999 -9999 -9999 -9999 -9999 -9999
-9999 -9999 -9999 126.562 -9999 -9999 170.588 188.308 201.609 182.017 197.312 194.899 177.083 160.887 148.894 130.093 114.562 102.083 111.385 142.715 153.937 144.936 144.807 148.943 142.316 117.292 85.846 80.392 98.416 125.863 132.144 166.142 159.799 131.886 120.225 120.803 104.282 100.713 96.796 96.902 93.473 92.768 94.231 92.72 110.273 121.597 101.189 89.679 89.935 89.62 85.277 -9999 -9999 -9999 -9999 -9999 -9999 -9999 -9999 -9999 -9999 -9999 -9999 -9999 -9999 -9999 -9999 -9999 -9999 -9999 -9999 -9999 -9999 -9999
-9999 -9999 -9999 -9999 -9999 -9999 -9999 213.67 224.642 205.231 207.611 198.3 167.465 175.842 161.609 143.959 140.366 145.855 154.349 157.675 155.349 131.372 125.971 130.489 122.042 92.77 81.551 98.438 117.024 134.465 167.056 150.933 145.575 129.205 125.889 110.729 100.615 102.131 99.998 86.906 85.639 91.576 86.854 93.804 108.709 98.801 90.505 89.899 95.258 92.705 -9999 -9999 -9999 -9999 -9999 -9999 -9999 -9999 -9999 -9999 -9999 -9999 -9999 -9999 -9999 -9999 -9999 -9999 -9999 -9999 -9999 -9999 -9999 -9999
-9999 -9999 -9999 -9999 -9999 142.772 168.723 -9999 234.554 223.112 231.111 192.415 166.645 161.748 161.614 178.901 180.844 160.578 136.906 138.059 128.501 125.526 110.324 109.609 94.998 81.193 100.711 106.491 120.129 142.226 139.177 139.796 110.956 107.811 101.754 81.443 87.359 103.145 110.501 111.477 106.583 106.25 118.736 109.626 92.518 97.497 103.2 102.976 99.869 88.044 -9999 -9999 -9999 -9999 -9999 -9999 -9999 -9999 -9999 -9999 -9999 -9999 -9999 -9999 -9999 -9999 -9999 -9999 -9999 -9999 -9999 -9999 -9999 -9999
-9999 -9999 -9999 -9999 139.338 143.113 182.807 204.141 233.585 241.707 227.79 201.001 165.336 145.506 153.406 150.655 155.8 167.483 157.057 159.267 156.932 100.23 104.099 97.682 91.399 95.656 108.975 109.82 118.728 116.893 120.898 110.855 102.88 101.573 117.013 117.604 128.452 124.336 116.808 135.761 148.118 142.807 131.448 113.502 113.678 114.52 109.407 100.07 89.061 -9999 -9999 -9999 -9999 -9999 -9999 -9999 -9999 -9999 -9999 -9999 -9999 -9999 -9999 -9999 -9999 -9999 -9999 -9999 -9999 -9999 -9999 -9999 -9999 -9999
-9999 -9999 -9999 -9999 139.683 -9999 169.875 184.411 206.225 227.001 219.033 167.743 153.904 159.846 134.668 137.209 142.327 143.554 152.465 143.782 108.548 114.665 126.283 111.989 100.757 133.532 119.02 115.152 124.044 128.94 126.638 124.01 117.931 134.965 135.672 144.005 147.33 107.862 122.819 131.797 117.172 124.943 133.206 122.383 117.843 111.268 96.79 93.963 88.863 -9999 -9999 -9999 -9999 -9999 -9999 -9999 -9999 -9999 -9999 -9999 -9999 -9999 -9999 -9999 -9999 -9999 -9999 -9999 -9999 -9999 -9999 -9999 -9999 -9999
-9999 -9999 -9999 -9999 -9999 -9999 188.968 202.892 188.252 196.873 172.374 143.296 139.129 124.117 129.842 130.687 130.221 140.949 120.909 126.477 129.062 145.687 122.346 96.988 125.742 143.464 124.487 128.884 122.127 136.029 126.846 124.791 155.717 153.414 148.357 165.114 149.564 144.633 146.329 134.461 123.818 118.945 110.187 115.941 119.202 103.404 92.754 89.606 88.045 -9999 -9999 -9999 -9999 -9999 -9999 -9999 -9999 -9999 -9999 -9999 -9999 -9999 -9999 -9999 -9999 -9999 -9999 -9999 -9999 -9999 -9999 -9999 -9999 -9999
-9999 -9999 -9999 -9999 144.89 165.085 196.222 190.043 181.647 198.354 168.299 167.432 162.295 -9999 161.692 202.514 184.281 160.016 150.03 160.94 160.208 153.002 138.295 128.554 129.273 123.633 120.386 105.376 110.683 127.884 120.993 146.707 133.868 130.945 124.566 140.036 151.634 143.475 123.321 134.36 130.105 112.996 120.774 108.981 101.398 97.493 96.4 93.941 79.373 -9999 -9999 -9999 -9999 -9999 -9999 -9999 -9999 -9999 -9999 -9999 -9999 -9999 -9999 -9999 -9999 -9999 -9999 -9999 -9999 -9999 -9999 -9999 -9999 -9999
153.515 125.589 133.985 136.84 -9999 148.544 172.346 184.319 190.854 194.152 192.951 187.708 -9999 184.675 219.211 206.688 201.499 172.016 161.53 148.471 158.178 152.365 145.432 127.705 111.061 106.758 101.436 85.83 104.471 106.086 128.286 129.15 125.533 116.88 112.126 119.114 124.257 115.471 121.313 126.275 125.723 120.741 94.715 92.572 92.596 97.023 101.828 82.421 -9999 -9999 -9999 -9999 -9999 -9999 -9999 -9999 -9999 -9999 -9999 -9999 -9999 -9999 -9999 -9999 -9999 -9999 -9999 -9999 -9999 -9999 -9999 -9999 -9999 -9999
127.362 128.934 136.955 143.413 143.217 -9999 163.658 173.68 171.29 190.227 185.56 175.11 174.865 198.936 200.613 187.118 197.818 179.892 164.756 148.801 143.154 127.629 123.909 103.492 100.522 119.134 95.275 94.955 92.54 100.12 111.626 128.067 113.054 100.798 107.698 122.085 114.265 112.229 105.579 120.231 114.426 93.976 87.684 90.983 92.419 91.026 -9999 -9999 -9999 -9999 -9999 -9999 -9999 -9999 -9999 -9999 -9999 -9999 -9999 -9999 -9999 -9999 -9999 -9999 -9999 -9999 -9999 -9999 -9999 -9999 -9999 -9999 -9999 -9999
-9999 -9999 -9999 149.534 -9999 165.964 176.416 177.449 201.018 197.906 -9999 -9999 198.163 188.833 178.892 212.701 196.536 186.832 162.142 148.697 108.212 99.702 91.231 84.509 94.37 97.28 103.559 87.685 96.776 97.58 103.749 108.138 103.635 99.652 108.544 113.32 112.296 101.664 104.555 102.371 88.911 79.179 83.545 90.98 84.71 -9999 -9999 -9999 -9999 -9999 -9999 -9999 -9999 -9999 -9999 -9999 -9999 -9999 -9999 -9999 -9999 -9999 -9999 -9999 -9999 -9999 -9999 -9999 -9999 -9999 -9999 -9999 -9999 -9999
134.358 141.1 -9999 154.981 175.456 165.015 174.705 186.754 190.217 -9999 -9999 183.301 232.502 227.355 231.97 200.6 190.786 176.919 154.271 127.753 115.728 110.768 111.427 101.425 113.254 138.629 113.367 95.015 98.164 90.005 90.367 93.006 104.353 107.948 104.126 103.938 102.706 93.864 89.469 84.432 79.345 79.36 85.277 86.912 85.887 82.227 -9999 -9999 -9999 -9999 -9999 -9999 -9999 -9999 -9999 -9999 -9999 -9999 -9999 -9999 -9999 -9999 -9999 -9999 -9999 -9999 -9999 -9999 -9999 -9999 -9999 -9999 -9999 -9999
