Validation/Results/raw data/ReClimate_04_2024_2_Temperatureweatherlogisticsltd.asc
NCOLS 192
NROWS 249
XLLCENTER -225160.85627316462
YLLCENTER 29788.11610251502
CELLSIZE 5000.0
NODATA_VALUE -9999
[rows 204 to 237 of 249, columns 75 to 149 of 192]
-9999 -9999 -9999 -9999 -1.329 -9999 -1.297 -1.281 -1.282 -1.283 -1.288 -1.294 -1.285 -1.27 -1.289 -1.314 -1.316 -1.319 -1.307 -1.296 -1.289 -1.281 -1.29 -1.3 -1.295 -1.288 -1.292 -1.297 -1.279 -1.257 -1.266 -1.278 -1.273 -1.267 -1.241 -1.21 -1.212 -1.215 -1.211 -1.208 -1.208 -1.21 -1.213 -1.219 -1.209 -1.196 -1.193 -1.191 -1.176 -1.158 -1.15 -1.141 -1.123 -1.104 -1.091 -1.08 -1.075 -1.071 -1.052 -1.031 -0.998 -0.961 -0.925 -0.886 -0.878 -0.877 -0.867 -0.859 -0.849 -0.844 -0.836 -0.829 -0.818 -0.808 -0.797
-9999 -9999 -9999 -9999 -9999 -9999 -9999 -9999 -1.314 -1.288 -1.29 -1.286 -1.29 -1.319 -1.33 -1.327 -1.329 -1.332 -1.312 -1.272 -1.273 -1.294 -1.302 -1.309 -1.299 -1.277 -1.282 -1.293 -1.279 -1.271 -1.274 -1.268 -1.266 -1.272 -1.247 -1.219 -1.22 -1.218 -1.221 -1.235 -1.236 -1.234 -1.233 -1.221 -1.211 -1.205 -1.202 -1.198 -1.185 -1.175 -1.163 -1.142 -1.126 -1.109 -1.098 -1.088 -1.081 -1.076 -1.037 -1.004 -0.991 -0.965 -0.944 -0.916 -0.904 -0.901 -0.913 -0.918 -0.876 -0.851 -0.848 -0.845 -0.845 -0.843 -0.818
-9999 -9999 -9999 -9999 -9999 -9999 -9999 -9999 -1.318 -1.293 -1.29 -1.285 -1.312 -1.341 -1.337 -1.334 -1.335 -1.339 -1.306 -1.266 -1.282 -1.301 -1.307 -1.313 -1.295 -1.273 -1.282 -1.292 -1.285 -1.278 -1.272 -1.265 -1.269 -1.275 -1.253 -1.227 -1.224 -1.223 -1.236 -1.251 -1.251 -1.252 -1.242 -1.229 -1.222 -1.216 -1.21 -1.206 -1.197 -1.187 -1.17 -1.15 -1.135 -1.119 -1.109 -1.101 -1.093 -1.087 -1.05 -1.006 -0.992 -0.979 -0.959 -0.941 -0.93 -0.922 -0.932 -0.95 -0.911 -0.867 -0.862 -0.861 -0.86 -0.865 -0.842
-9999 -9999 -9999 -9999 -9999 -9999 -1.334 -1.335 -1.321 -1.313 -9999 -1.292 -1.312 -1.322 -1.322 -1.332 -1.331 -9999 -1.305 -1.286 -1.293 -1.287 -1.293 -1.305 -1.289 -1.274 -1.281 -1.29 -1.279 -1.261 -1.262 -1.278 -1.281 -1.28 -1.258 -1.231 -1.23 -1.231 -1.24 -1.244 -1.249 -1.26 -1.254 -1.244 -1.238 -1.232 -1.222 -1.204 -1.193 -1.18 -1.17 -1.154 -1.141 -1.127 -1.125 -1.12 -1.108 -1.1 -1.095 -1.073 -1.054 -1.041 -1.021 -1.005 -0.985 -0.973 -0.962 -0.968 -0.927 -0.883 -0.873 -0.868 -0.872 -0.88 -0.858
-9999 -9999 -9999 -9999 -9999 -9999 -1.331 -9999 -9999 -9999 -1.312 -1.298 -1.308 -9999 -9999 -9999 -9999 -9999 -1.318 -1.298 -1.292 -1.285 -1.293 -1.304 -1.291 -1.276 -1.282 -1.29 -1.275 -1.256 -1.269 -1.285 -1.284 -1.283 -1.262 -1.237 -1.238 -1.239 -1.243 -1.247 -1.257 -1.269 -1.266 -1.257 -1.252 -1.246 -1.229 -1.211 -1.198 -1.184 -1.174 -1.164 -1.152 -1.139 -1.136 -1.136 -1.125 -1.113 -1.108 -1.105 -1.09 -1.073 -1.057 -1.039 -1.021 -1.003 -0.991 -0.983 -0.944 -0.899 -0.889 -0.881 -0.884 -0.894 -0.873
-9999 -9999 -9999 -9999 -9999 -9999 -9999 -9999 -1.346 -1.343 -1.334 -1.326 -1.333 -9999 -9999 -9999 -9999 -9999 -9999 -9999 -9999 -1.304 -1.305 -1.296 -1.292 -1.306 -1.3 -1.268 -1.257 -1.255 -1.264 -1.274 -1.269 -1.258 -1.244 -1.246 -1.243 -1.232 -1.238 -1.251 -1.261 -1.273 -1.267 -1.251 -1.244 -1.236 -1.224 -1.224 -1.211 -1.198 -1.184 -1.172 -1.164 -1.154 -1.144 -1.139 -1.109 -1.086 -1.083 -1.081 -1.085 -1.08 -1.061 -1.042 -1.038 -1.029 -1.01 -0.995 -0.961 -0.921 -0.901 -0.887 -0.878 -0.88 -0.896
-9999 -9999 -9999 -9999 -9999 -9999 -9999 -9999 -9999 -1.351 -9999 -9999 -9999 -9999 -9999 -9999 -9999 -9999 -9999 -1.326 -1.322 -1.315 -1.306 -1.296 -1.307 -1.321 -1.293 -1.261 -1.259 -1.257 -1.263 -1.272 -1.262 -1.251 -1.252 -1.254 -1.245 -1.235 -1.245 -1.258 -1.268 -1.28 -9999 -1.253 -1.245 -1.237 -1.236 -1.236 -1.223 -1.21 -1.197 -1.183 -1.176 -1.169 -1.158 -1.149 -1.12 -1.087 -1.083 -1.082 -1.085 -1.091 -1.073 -1.053 -1.048 -1.049 -1.029 -1.009 -0.974 -0.937 -0.918 -0.898 -0.889 -0.884 -0.898
-9999 -9999 -9999 -9999 -9999 -9999 -9999 -9999 -9999 -9999 -9999 -9999 -9999 -9999 -9999 -9999 -9999 -9999 -9999 -1.343 -1.34 -1.343 -1.341 -9999 -9999 -9999 -1.283 -1.265 -1.258 -1.244 -1.253 -1.272 -1.265 -1.262 -1.267 -1.278 -1.271 -1.262 -1.271 -1.276 -1.285 -9999 -1.282 -1.266 -1.257 -1.248 -1.245 -1.237 -1.23 -1.23 -1.217 -1.199 -1.186 -1.175 -1.165 -1.156 -1.145 -1.123 -1.112 -1.107 -1.105 -1.108 -1.095 -1.079 -1.058 -1.048 -1.03 -1.01 -0.999 -0.976 -0.96 -0.944 -0.933 -0.928 -0.917
-9999 -9999 -9999 -9999 -9999 -9999 -9999 -9999 -9999 -9999 -9999 -9999 -9999 -9999 -9999 -9999 -9999 -9999 -9999 -9999 -9999 -9999 -9999 -9999 -9999 -9999 -1.294 -1.271 -1.258 -1.243 -1.257 -1.275 -1.271 -1.271 -1.28 -1.292 -1.286 -1.278 -1.283 -9999 -9999 -1.302 -1.292 -1.276 -1.267 -1.257 -1.25 -1.243 -1.242 -1.243 -1.229 -1.213 -1.201 -1.187 -1.178 -1.169 -1.159 -1.148 -1.137 -1.126 -1.124 -1.124 -1.111 -1.099 -1.078 -1.058 -1.04 -1.021 -1.007 -0.998 -0.981 -0.965 -0.956 -0.949 -0.94
-9999 -9999 -9999 -9999 -9999 -9999 -9999 -9999 -9999 -9999 -9999 -9999 -9999 -9999 -9999 -9999 -9999 -9999 -9999 -9999 -9999 -9999 -9999 -9999 -9999 -9999 -1.311 -1.292 -1.284 -1.278 -1.283 -1.273 -1.275 -1.289 -1.297 -1.302 -9999 -9999 -9999 -9999 -9999 -1.302 -1.292 -1.275 -1.271 -1.278 -1.272 -1.266 -1.262 -1.251 -1.239 -1.227 -1.217 -1.205 -1.198 -1.19 -1.178 -1.166 -1.157 -1.148 -1.14 -1.138 -1.121 -1.106 -1.085 -1.064 -1.047 -1.028 -1.008 -0.991 -0.983 -0.972 -0.958 -0.951 -0.942
-9999 -9999 -9999 -9999 -9999 -9999 -9999 -9999 -9999 -9999 -9999 -9999 -9999 -9999 -9999 -9999 -9999 -9999 -9999 -9999 -9999 -9999 -9999 -9999 -9999 -9999 -9999 -9999 -1.305 -1.296 -1.287 -1.278 -1.288 -1.301 -1.313 -9999 -9999 -9999 -9999 -1.306 -1.308 -1.308 -1.297 -1.281 -1.285 -1.291 -1.286 -1.281 -1.271 -1.261 -1.251 -1.239 -1.229 -1.218 -1.213 -1.206 -1.194 -1.181 -1.172 -1.164 -1.156 -1.151 -1.134 -1.116 -1.095 -1.074 -1.056 -1.039 -1.018 -0.997 -0.987 -0.983 -0.969 -0.959 -0.95
-9999 -9999 -9999 -9999 -9999 -9999 -9999 -9999 -9999 -9999 -9999 -9999 -9999 -9999 -9999 -9999 -9999 -9999 -9999 -9999 -9999 -9999 -9999 -9999 -9999 -9999 -9999 -9999 -9999 -1.315 -1.309 -1.306 -1.318 -1.331 -9999 -9999 -9999 -9999 -1.309 -1.3 -1.301 -1.306 -1.301 -1.301 -1.299 -1.286 -1.284 -1.292 -1.284 -1.279 -1.263 -1.235 -1.235 -1.23 -1.213 -1.201 -1.203 -1.198 -1.192 -1.187 -1.17 -1.159 -1.148 -1.134 -1.116 -1.097 -1.083 -1.068 -1.037 -1.011 -0.995 -0.987 -0.981 -0.974 -0.964
-9999 -9999 -9999 -9999 -9999 -9999 -9999 -9999 -9999 -9999 -9999 -9999 -9999 -9999 -9999 -9999 -9999 -9999 -9999 -9999 -9999 -9999 -9999 -9999 -9999 -9999 -9999 -9999 -9999 -9999 -9999 -9999 -9999 -9999 -9999 -9999 -9999 -1.313 -1.309 -1.304 -1.308 -1.312 -1.316 -1.316 -1.304 -1.291 -1.296 -1.303 -1.297 -1.292 -1.268 -1.241 -1.24 -1.241 -1.225 -1.207 -1.209 -1.213 -1.207 -1.203 -1.187 -1.17 -1.159 -1.149 -1.131 -1.115 -1.101 -1.088 -1.058 -1.026 -1.01 -0.998 -0.991 -0.988 -0.978
-9999 -9999 -9999 -9999 -9999 -9999 -9999 -9999 -9999 -9999 -9999 -9999 -9999 -9999 -9999 -9999 -9999 -9999 -9999 -9999 -9999 -9999 -9999 -9999 -9999 -9999 -9999 -9999 -9999 -9999 -9999 -9999 -9999 -9999 -9999 -9999 -1.319 -1.314 -1.308 -1.299 -1.306 -1.323 -1.325 -1.32 -1.307 -1.293 -1.296 -1.301 -1.296 -1.293 -1.277 -1.273 -1.257 -1.25 -1.25 -1.241 -1.231 -1.229 -1.22 -1.214 -1.194 -1.174 -1.161 -1.149 -1.142 -1.131 -1.113 -1.098 -1.075 -1.047 -1.022 -1.005 -0.996 -0.991 -0.992
-9999 -9999 -9999 -9999 -9999 -9999 -9999 -9999 -9999 -9999 -9999 -9999 -9999 -9999 -9999 -9999 -9999 -9999 -9999 -9999 -9999 -9999 -9999 -9999 -9999 -9999 -9999 -9999 -9999 -9999 -9999 -9999 -9999 -9999 -9999 -9999 -1.322 -1.321 -1.313 -1.303 -1.317 -1.333 -1.333 -1.329 -1.315 -1.301 -1.303 -1.307 -1.303 -1.301 -1.296 -1.291 -1.277 -1.261 -1.26 -1.261 -1.251 -1.241 -1.234 -1.226 -1.207 -1.185 -1.172 -1.158 -1.151 -1.147 -1.129 -1.111 -1.088 -1.064 -1.04 -1.017 -1.008 -1.001 -1.001
-9999 -9999 -9999 -9999 -9999 -9999 -9999 -9999 -9999 -9999 -9999 -9999 -9999 -9999 -9999 -9999 -9999 -9999 -9999 -9999 -9999 -9999 -9999 -1.342 -1.331 -1.319 -1.323 -9999 -1.33 -9999 -9999 -9999 -9999 -9999 -9999 -9999 -9999 -1.33 -1.324 -1.32 -1.331 -1.338 -1.337 -1.331 -1.321 -1.317 -1.319 -1.324 -1.313 -1.288 -1.282 -1.277 -1.28 -1.273 -1.27 -1.268 -1.254 -1.242 -1.234 -1.226 -1.218 -1.204 -1.195 -1.186 -1.166 -1.154 -1.131 -1.11 -1.104 -1.09 -1.071 -1.052 -1.034 -1.023 -1.014
-9999 -9999 -9999 -9999 -9999 -9999 -9999 -9999 -9999 -9999 -9999 -9999 -9999 -9999 -9999 -9999 -9999 -9999 -9999 -9999 -1.387 -1.385 -1.365 -1.339 -1.33 -1.321 -1.33 -1.344 -1.326 -1.305 -1.321 -9999 -9999 -1.339 -1.343 -1.344 -1.343 -1.339 -1.337 -1.334 -1.339 -1.346 -1.345 -1.34 -1.335 -1.332 -1.334 -1.338 -1.316 -1.29 -1.284 -1.28 -1.282 -1.286 -1.282 -1.278 -1.265 -1.25 -1.242 -1.233 -1.227 -1.22 -1.212 -1.205 -1.186 -1.166 -1.144 -1.119 -1.112 -1.109 -1.09 -1.073 -1.056 -1.039 -1.03
-9999 -9999 -9999 -9999 -9999 -9999 -9999 -9999 -9999 -9999 -9999 -9999 -9999 -9999 -9999 -9999 -9999 -9999 -9999 -1.391 -1.392 -1.352 -1.329 -1.31 -1.309 -1.333 -1.34 -1.345 -1.332 -1.333 -1.341 -1.332 -1.327 -1.319 -1.32 -1.323 -1.323 -1.334 -1.334 -1.339 -1.344 -1.349 -1.348 -1.344 -1.339 -1.337 -1.334 -1.326 -1.308 -1.301 -1.297 -1.298 -1.292 -1.291 -1.281 -1.273 -1.272 -1.265 -1.257 -1.249 -1.247 -1.244 -1.232 -1.223 -1.2 -1.179 -1.158 -1.135 -1.129 -1.127 -1.104 -1.084 -1.075 -1.063 -1.048
-9999 -9999 -9999 -9999 -9999 -9999 -9999 -9999 -9999 -9999 -9999 -9999 -9999 -9999 -9999 -9999 -9999 -9999 -9999 -1.396 -1.36 -1.344 -1.325 -1.304 -1.321 -1.344 -1.347 -1.352 -1.35 -1.351 -1.343 -1.334 -1.327 -1.319 -1.319 -1.32 -1.328 -1.339 -1.343 -1.349 -1.353 -1.357 -1.357 -1.352 -1.35 -1.347 -1.338 -1.329 -1.321 -1.313 -1.311 -1.312 -1.306 -1.301 -1.291 -1.28 -1.278 -1.279 -1.271 -1.263 -1.261 -1.26 -1.249 -1.238 -1.217 -1.194 -1.173 -1.15 -1.144 -1.142 -1.119 -1.097 -1.086 -1.079 -1.064
-9999 -9999 -9999 -9999 -9999 -9999 -9999 -9999 -9999 -9999 -9999 -9999 -9999 -9999 -9999 -9999 -9999 -9999 -9999 -1.397 -1.369 -1.369 -1.355 -1.346 -1.361 -1.374 -1.373 -1.361 -1.358 -1.353 -1.351 -1.358 -1.354 -1.349 -1.344 -1.327 -1.335 -1.346 -1.351 -1.359 -1.366 -1.38 -1.373 -1.348 -1.348 -1.353 -1.348 -1.353 -1.348 -1.349 -1.337 -1.304 -1.312 -1.313 -1.308 -1.301 -1.301 -1.303 -1.298 -1.293 -1.276 -1.266 -1.257 -1.247 -1.237 -1.221 -1.205 -1.186 -1.167 -1.157 -1.133 -1.109 -1.091 -1.078 -1.071
-9999 -9999 -9999 -9999 -9999 -9999 -9999 -9999 -9999 -9999 -9999 -9999 -9999 -9999 -9999 -1.362 -1.381 -9999 -1.405 -1.393 -1.394 -1.385 -1.377 -1.369 -1.379 -1.392 -1.382 -1.371 -1.365 -1.36 -1.367 -1.375 -1.371 -1.368 -1.354 -1.337 -1.345 -1.355 -1.362 -1.369 -1.381 -1.395 -1.378 -1.355 -1.36 -1.363 -1.366 -1.371 -1.37 -1.371 -1.343 -1.31 -1.316 -1.326 -1.321 -1.317 -1.318 -1.321 -1.317 -1.313 -1.296 -1.278 -1.268 -1.258 -1.247 -1.236 -1.222 -1.207 -1.189 -1.171 -1.146 -1.122 -1.103 -1.086 -1.078
-9999 -9999 -9999 -9999 -9999 -9999 -9999 -9999 -9999 -9999 -9999 -9999 -9999 -9999 -9999 -1.355 -1.372 -1.388 -1.39 -1.404 -1.398 -1.383 -1.374 -1.361 -1.369 -1.379 -1.371 -1.368 -1.366 -1.373 -1.377 -1.378 -1.376 -1.377 -1.369 -1.366 -1.375 -1.382 -1.389 -1.394 -1.403 -1.405 -1.392 -1.382 -1.389 -1.393 -1.391 -1.38 -1.378 -1.379 -1.36 -1.357 -1.344 -1.342 -1.34 -1.339 -1.331 -1.33 -1.338 -1.341 -1.315 -1.291 -1.287 -1.281 -1.264 -1.249 -1.231 -1.215 -1.196 -1.177 -1.153 -1.129 -1.116 -1.102 -1.08
-9999 -9999 -9999 -9999 -9999 -9999 -9999 -9999 -9999 -9999 -9999 -9999 -9999 -9999 -1.359 -1.355 -1.368 -1.383 -1.394 -1.407 -1.398 -1.386 -1.378 -1.366 -1.372 -1.381 -1.377 -1.373 -1.377 -1.384 -1.385 -1.385 -1.386 -1.387 -1.386 -1.385 -1.391 -1.399 -1.404 -1.41 -1.412 -1.414 -1.407 -1.399 -1.407 -1.414 -1.403 -1.391 -1.39 -1.39 -1.385 -1.382 -1.37 -1.356 -1.355 -1.355 -1.348 -1.342 -1.351 -1.36 -1.335 -1.304 -1.299 -1.295 -1.277 -1.259 -1.241 -1.223 -1.204 -1.184 -1.16 -1.137 -1.124 -1.113 -1.092
-9999 -9999 -9999 -9999 -9999 -9999 -9999 -9999 -9999 -9999 -9999 -9999 -9999 -9999 -9999 -1.361 -1.369 -1.367 -1.381 -1.402 -1.399 -1.402 -1.398 -1.391 -1.394 -1.386 -1.383 -1.386 -1.387 -1.39 -1.394 -1.403 -1.404 -1.403 -1.397 -1.381 -1.391 -1.411 -1.416 -1.42 -1.42 -1.419 -1.413 -1.406 -1.418 -1.433 -1.422 -1.405 -1.4 -1.391 -1.393 -1.394 -1.391 -1.383 -1.381 -1.382 -1.371 -1.363 -1.359 -9999 -1.353 -1.332 -1.333 -1.334 -1.308 -1.286 -1.267 -1.25 -1.238 -1.223 -1.189 -1.16 -1.126 -1.105 -1.099
-9999 -9999 -9999 -9999 -9999 -9999 -9999 -9999 -9999 -9999 -9999 -9999 -9999 -9999 -1.361 -1.367 -1.366 -1.364 -1.382 -1.402 -1.406 -1.41 -1.408 -1.403 -1.399 -1.394 -1.394 -1.397 -1.396 -1.399 -1.408 -1.417 -1.416 -1.416 -1.402 -1.386 -1.403 -1.422 -1.426 -1.429 -1.428 -1.426 -1.421 -1.415 -1.431 -1.447 -1.437 -1.42 -1.41 -1.4 -1.402 -1.407 -1.404 -1.401 -1.399 -1.4 -1.389 -1.377 -1.372 -1.367 -9999 -1.347 -9999 -1.352 -9999 -1.3 -9999 -1.264 -1.252 -1.242 -1.208 -1.172 -1.14 -1.11 -9999
-9999 -9999 -9999 -9999 -9999 -9999 -9999 -9999 -9999 -9999 -9999 -9999 -9999 -9999 -1.364 -1.362 -1.359 -1.352 -1.369 -1.39 -1.391 -1.388 -1.386 -1.387 -1.39 -1.403 -1.406 -1.403 -1.402 -1.406 -1.412 -1.414 -1.415 -1.424 -1.417 -1.42 -1.425 -1.409 -1.415 -1.431 -1.436 -1.454 -1.45 -1.441 -1.451 -1.453 -1.447 -1.443 -1.435 -1.43 -1.432 -1.434 -1.435 -1.435 -1.435 -1.436 -1.426 -1.415 -1.4 -1.388 -9999 -9999 -1.344 -1.344 -9999 -9999 -1.303 -1.287 -1.264 -9999 -9999 -9999 -9999 -9999 -9999
-9999 -9999 -9999 -9999 -9999 -9999 -9999 -9999 -9999 -9999 -9999 -9999 -9999 -1.359 -1.36 -1.359 -1.354 -1.348 -1.365 -1.385 -1.383 -1.379 -1.381 -1.382 -1.394 -1.409 -1.41 -1.411 -1.413 -1.416 -1.419 -1.42 -1.426 -1.434 -1.437 -1.441 -1.427 -1.41 -1.423 -1.438 -1.453 -1.472 -1.466 -1.458 -1.459 -1.461 -1.463 -1.463 -1.458 -1.454 -1.453 -1.454 -1.455 -1.457 -1.456 -1.458 -1.448 -9999 -9999 -9999 -1.377 -9999 -9999 -9999 -9999 -9999 -9999 -1.298 -9999 -9999 -9999 -9999 -9999 -9999 -9999
-9999 -9999 -9999 -9999 -9999 -9999 -9999 -9999 -9999 -9999 -9999 -9999 -1.35 -1.342 -1.35 -1.371 -1.366 -1.354 -1.368 -1.379 -1.381 -1.389 -1.388 -1.38 -1.389 -1.394 -1.398 -1.411 -1.42 -1.445 -1.448 -1.443 -1.448 -1.45 -1.456 -9999 -9999 -9999 -9999 -9999 -1.476 -1.487 -1.487 -1.496 -1.499 -1.5 -1.505 -1.502 -1.496 -1.471 -9999 -1.474 -9999 -9999 -9999 -9999 -9999 -1.454 -1.438 -1.422 -1.415 -1.399 -1.37 -9999 -9999 -9999 -9999 -9999 -9999 -9999 -9999 -9999 -9999 -9999 -9999
-9999 -9999 -9999 -9999 -9999 -9999 -9999 -9999 -9999 -9999 -9999 -1.342 -1.336 -1.333 -1.353 -1.375 -1.367 -1.356 -1.366 -1.376 -1.385 -1.394 -1.388 -1.381 -1.385 -1.389 -1.4 -1.412 -1.432 -1.457 -1.458 -1.457 -9999 -9999 -9999 -9999 -9999 -9999 -9999 -9999 -9999 -9999 -1.512 -1.519 -1.521 -1.524 -1.526 -1.527 -1.513 -1.493 -1.493 -9999 -9999 -9999 -9999 -9999 -9999 -9999 -1.447 -1.434 -1.427 -1.427 -9999 -9999 -9999 -9999 -9999 -9999 -9999 -9999 -9999 -9999 -9999 -9999 -9999
-9999 -9999 -9999 -9999 -9999 -9999 -9999 -9999 -9999 -1.327 -1.334 -1.327 -1.322 -1.317 -1.332 -1.341 -1.34 -1.352 -1.365 -1.384 -1.39 -1.392 -1.393 -1.403 -1.403 -1.394 -1.404 -1.416 -1.431 -1.443 -9999 -9999 -9999 -9999 -9999 -9999 -9999 -9999 -9999 -9999 -9999 -9999 -9999 -1.529 -9999 -9999 -9999 -9999 -9999 -1.524 -1.513 -9999 -9999 -9999 -9999 -9999 -9999 -9999 -9999 -9999 -1.454 -1.458 -9999 -9999 -9999 -9999 -9999 -9999 -9999 -9999 -9999 -9999 -9999 -9999 -9999
-9999 -9999 -9999 -9999 -9999 -9999 -9999 -9999 -1.317 -9999 -1.324 -1.319 -1.314 -1.31 -1.317 -1.326 -1.338 -1.35 -1.368 -1.387 -1.39 -1.392 -1.402 -1.413 -1.406 -1.398 -1.408 -1.419 -1.428 -1.44 -9999 -9999 -9999 -9999 -9999 -9999 -9999 -9999 -9999 -9999 -9999 -9999 -9999 -9999 -1.533 -9999 -9999 -9999 -9999 -9999 -9999 -9999 -9999 -9999 -9999 -9999 -9999 -9999 -9999 -9999 -9999 -9999 -9999 -9999 -9999 -9999 -9999 -9999 -9999 -9999 -9999 -9999 -9999 -9999 -9999
-9999 -9999 -9999 -9999 -9999 -9999 -9999 -1.306 -1.315 -1.299 -1.301 -1.312 -1.306 -1.296 -1.305 -1.321 -1.331 -1.34 -1.358 -9999 -1.383 -1.384 -1.394 -1.405 -1.405 -1.415 -1.423 -1.427 -1.435 -9999 -9999 -9999 -9999 -9999 -9999 -9999 -9999 -9999 -9999 -9999 -9999 -9999 -9999 -9999 -9999 -9999 -9999 -9999 -9999 -9999 -9999 -9999 -9999 -9999 -9999 -9999 -9999 -9999 -9999 -9999 -9999 -9999 -9999 -9999 -9999 -9999 -9999 -9999 -9999 -9999 -9999 -9999 -9999 -9999 -9999
-9999 -9999 -9999 -9999 -9999 -9999 -9999 -1.304 -1.296 -1.285 -1.295 -1.306 -1.298 -1.287 -1.3 -1.317 -1.326 -1.335 -1.355 -1.377 -1.38 -1.381 -1.392 -1.403 -1.413 -1.424 -1.428 -1.432 -1.438 -9999 -9999 -9999 -9999 -9999 -9999 -9999 -9999 -9999 -9999 -9999 -9999 -9999 -9999 -9999 -9999 -9999 -9999 -9999 -9999 -9999 -9999 -9999 -9999 -9999 -9999 -9999 -9999 -9999 -9999 -9999 -9999 -9999 -9999 -9999 -9999 -9999 -9999 -9999 -9999 -9999 -9999 -9999 -9999 -9999 -9999
-9999 -9999 -9999 -9999 -9999 -9999 -1.293 -1.303 -1.293 -1.274 -1.286 -1.305 -1.294 -1.273 -1.288 -1.314 -1.332 -1.358 -1.37 -1.364 -1.372 -1.391 -1.401 -1.407 -1.418 -1.429 -1.436 -1.446 -9999 -9999 -9999 -9999 -9999 -9999 -9999 -9999 -9999 -9999 -9999 -9999 -9999 -9999 -9999 -9999 -9999 -9999 -9999 -9999 -9999 -9999 -9999 -9999 -9999 -9999 -9999 -9999 -9999 -9999 -9999 -9999 -9999 -9999 -9999 -9999 -9999 -9999 -9999 -9999 -9999 -9999 -9999 -9999 -9999 -9999 -9999
