Validation/Results/raw data/ReClimate_04_2024_1_Temperature-Actuals.asc
NCOLS 192
NROWS 249
XLLCENTER -225160.85627316462
YLLCENTER 29788.11610251502
CELLSIZE 5000.0
NODATA_VALUE -9999
[rows 136 to 169 of 249, columns 76 to 151 of 192]
-9999 -9999 -9999 -9999 -9999 -9999 -9999 -9999 -9999 10.845 -9999 10.855 10.498 10.653 10.803 11.16 11.364 11.362 11.094 10.002 10.326 10.477 10.615 11.252 11.32 11.318 11.367 10.802 10.583 -9999 -9999 -9999 -9999 -9999 -9999 11.714 11.797 11.743 11.527 11.417 11.211 10.599 10.252 10.482 10.483 10.484 10.903 10.549 10.346 10.8 11.027 11.192 11.129 11.519 11.757 11.689 11.285 11.245 -9999 -9999 -9999 -9999 -9999 -9999 -9999 -9999 -9999 -9999 -9999 -9999 -9999 -9999 -9999 -9999 -9999 -9999
11.368 -9999 -9999 -9999 -9999 -9999 -9999 -9999 -9999 10.729 10.766 10.923 11.073 10.89 10.932 11.107 11.271 11.54 11.198 10.774 10.144 10.402 10.757 11.323 11.212 11.11 11.398 10.921 11.25 -9999 -9999 -9999 -9999 11.574 11.643 11.7 11.771 11.813 11.751 11.541 10.738 9.889 9.905 10.125 9.768 10.492 10.347 10.055 10.615 10.479 10.671 11.15 11.252 10.986 11.454 11.59 11.259 11.339 -9999 -9999 -9999 -9999 -9999 -9999 -9999 -9999 -9999 -9999 -9999 -9999 -9999 -9999 -9999 -9999 -9999 -9999
10.874 11.058 -9999 -9999 -9999 -9999 -9999 -9999 -9999 10.559 10.844 10.855 -9999 -9999 10.983 11.03 11.243 11.389 -9999 11.355 11.16 11.156 11.24 11.426 10.998 11.295 11.516 -9999 -9999 -9999 -9999 -9999 11.491 11.578 11.628 11.671 11.648 11.647 11.674 11.261 10.494 9.353 9.11 9.666 9.387 9.991 9.449 9.738 10.115 9.991 10.522 10.537 10.728 10.907 11.215 11.392 11.158 11.277 -9999 -9999 -9999 -9999 -9999 -9999 -9999 -9999 -9999 -9999 -9999 -9999 -9999 -9999 -9999 -9999 -9999 -9999
10.123 10.857 -9999 -9999 -9999 -9999 -9999 -9999 -9999 -9999 10.794 11.048 -9999 -9999 -9999 11.224 11.092 11.24 11.373 -9999 -9999 11.417 11.475 11.391 10.866 10.915 -9999 -9999 -9999 -9999 -9999 11.232 11.319 11.439 11.528 11.504 11.413 11.491 11.228 11.026 10.686 9.567 9.283 8.538 9.237 8.764 8.654 9.161 9.568 9.484 9.799 10.43 10.645 10.738 11.227 11.451 11.068 10.938 -9999 -9999 -9999 -9999 -9999 -9999 -9999 -9999 -9999 -9999 -9999 -9999 -9999 -9999 -9999 -9999 -9999 -9999
11.116 -9999 -9999 -9999 -9999 -9999 -9999 -9999 -9999 -9999 -9999 10.957 -9999 -9999 -9999 -9999 11.166 10.878 10.939 -9999 -9999 -9999 11.419 11.477 -9999 -9999 -9999 -9999 -9999 -9999 -9999 11.321 11.464 11.403 11.111 10.846 10.964 11.11 11.09 11.293 10.958 10.169 9.002 8.83 8.839 8.012 8.273 8.711 9.311 9.19 9.355 10.035 10.654 11.115 11.342 11.425 11.065 10.895 -9999 -9999 -9999 -9999 -9999 -9999 -9999 -9999 -9999 -9999 -9999 -9999 -9999 -9999 -9999 -9999 -9999 -9999
-9999 -9999 -9999 -9999 -9999 -9999 -9999 -9999 -9999 -9999 -9999 10.611 -9999 -9999 -9999 -9999 -9999 10.993 10.844 -9999 -9999 -9999 -9999 -9999 -9999 -9999 -9999 -9999 -9999 -9999 -9999 11.545 11.161 10.81 10.545 10.338 10.572 10.802 11.024 11.201 11.006 10.46 9.206 8.027 7.41 7.809 8.326 9.461 9.719 9.834 10.1 10.216 10.292 10.929 11.378 11.281 11.002 10.933 11.173 -9999 -9999 -9999 -9999 -9999 -9999 -9999 -9999 -9999 -9999 -9999 -9999 -9999 -9999 -9999 -9999 -9999
11.612 11.379 11.235 11.439 -9999 -9999 -9999 -9999 -9999 -9999 -9999 10.529 -9999 -9999 -9999 -9999 -9999 -9999 -9999 -9999 -9999 -9999 -9999 -9999 -9999 -9999 -9999 -9999 -9999 -9999 11.628 11.441 11.277 11.161 10.715 9.723 10.299 10.46 10.533 10.989 10.994 11.096 9.45 7.737 7.219 8.189 8.788 8.23 8.234 9.056 9.648 10.628 10.724 10.781 10.979 11.027 11.057 11.029 11.244 11.606 -9999 -9999 -9999 -9999 -9999 -9999 -9999 -9999 -9999 -9999 -9999 -9999 -9999 -9999 -9999 -9999
11.354 11.3 11.336 11.351 -9999 -9999 -9999 -9999 -9999 -9999 -9999 -9999 -9999 -9999 -9999 -9999 -9999 -9999 -9999 -9999 -9999 -9999 -9999 -9999 -9999 -9999 -9999 -9999 -9999 11.532 11.578 11.381 11.324 10.958 10.354 8.445 9.217 10.446 10.696 10.921 11.388 11.041 10.252 8.727 7.538 8.167 8.346 8.629 8.972 8.969 9.393 10.009 10.803 10.946 11.093 11.085 11.093 11.238 11.567 11.833 -9999 -9999 -9999 -9999 -9999 -9999 -9999 -9999 -9999 -9999 -9999 -9999 -9999 -9999 -9999 -9999
11.485 11.587 -9999 11.522 11.459 -9999 -9999 -9999 -9999 -9999 -9999 -9999 -9999 -9999 -9999 -9999 -9999 -9999 -9999 -9999 -9999 -9999 -9999 -9999 -9999 -9999 -9999 -9999 -9999 11.149 11.255 11.407 10.184 9.683 9.909 10.222 9.991 9.846 10.357 10.655 10.838 11.007 10.826 9.783 9.091 7.974 8.616 9.054 9.329 9.555 10.0 10.393 10.665 10.752 11.044 11.1 11.172 11.262 11.625 12.023 12.053 11.871 -9999 -9999 -9999 -9999 -9999 -9999 -9999 -9999 -9999 -9999 -9999 -9999 -9999 -9999
11.424 11.611 -9999 -9999 11.428 -9999 -9999 -9999 -9999 -9999 -9999 -9999 -9999 -9999 -9999 -9999 -9999 -9999 -9999 -9999 -9999 -9999 -9999 -9999 -9999 -9999 -9999 -9999 -9999 11.247 11.249 10.669 9.569 10.801 10.772 9.856 9.355 10.138 10.083 9.733 10.527 10.389 10.855 10.919 9.972 9.385 8.94 9.227 9.516 10.029 10.259 10.579 10.866 11.151 11.188 11.351 11.208 11.387 11.639 11.937 11.555 11.415 11.222 11.398 10.93 -9999 -9999 -9999 -9999 -9999 -9999 -9999 -9999 -9999 -9999 -9999
11.256 11.533 11.703 -9999 11.38 -9999 -9999 -9999 -9999 -9999 -9999 -9999 -9999 -9999 -9999 -9999 -9999 -9999 -9999 -9999 -9999 -9999 -9999 -9999 -9999 -9999 -9999 -9999 11.815 11.345 10.999 9.952 9.219 9.003 9.768 10.092 10.14 9.833 9.153 10.066 9.233 9.985 10.495 10.766 10.607 10.418 9.899 9.214 9.46 9.947 10.259 10.476 10.764 11.12 11.446 11.477 11.458 11.537 11.715 11.793 11.614 10.651 10.471 10.406 10.397 10.838 10.627 -9999 -9999 -9999 -9999 -9999 -9999 -9999 -9999 -9999
11.421 11.565 -9999 11.413 -9999 -9999 -9999 -9999 -9999 -9999 -9999 -9999 -9999 -9999 -9999 -9999 -9999 -9999 -9999 -9999 -9999 -9999 -9999 -9999 -9999 -9999 -9999 -9999 -9999 11.793 11.143 9.82 9.469 9.784 8.182 9.165 10.281 9.737 10.154 8.771 8.966 9.898 10.34 10.369 10.517 10.213 8.467 8.808 8.95 8.895 9.219 10.071 10.485 10.911 11.363 11.557 11.56 11.635 11.807 11.893 11.722 11.013 10.565 10.711 10.65 10.509 10.569 10.587 -9999 -9999 -9999 -9999 -9999 -9999 -9999 -9999
11.593 11.598 11.381 11.18 -9999 -9999 -9999 -9999 -9999 -9999 -9999 -9999 -9999 -9999 -9999 -9999 -9999 -9999 -9999 -9999 -9999 -9999 -9999 -9999 -9999 -9999 -9999 -9999 -9999 -9999 11.552 11.111 11.168 9.565 9.466 9.985 11.117 11.412 9.867 9.684 10.026 10.172 9.846 9.888 10.224 9.177 8.826 8.643 8.082 8.547 9.241 9.537 10.333 10.831 11.348 11.585 11.598 11.677 11.795 11.107 10.87 10.262 9.593 9.868 10.21 10.736 10.554 10.519 10.935 -9999 -9999 -9999 -9999 -9999 -9999 -9999
11.704 11.643 11.297 -9999 -9999 -9999 -9999 -9999 -9999 -9999 -9999 -9999 -9999 -9999 -9999 -9999 -9999 -9999 -9999 -9999 -9999 -9999 -9999 -9999 -9999 -9999 -9999 -9999 -9999 -9999 11.985 11.795 11.411 10.606 9.826 9.461 11.111 10.611 10.873 11.113 11.026 10.643 10.043 8.958 9.91 9.099 8.426 8.926 9.799 9.972 9.876 10.042 10.326 11.071 11.55 11.709 11.717 11.567 11.154 10.75 10.314 10.491 10.254 10.115 9.99 10.138 10.464 10.503 10.747 11.428 -9999 -9999 -9999 -9999 -9999 -9999
11.462 11.325 11.234 -9999 -9999 -9999 -9999 -9999 -9999 -9999 -9999 -9999 -9999 -9999 -9999 -9999 -9999 -9999 -9999 -9999 -9999 -9999 -9999 -9999 -9999 -9999 -9999 -9999 -9999 -9999 -9999 11.242 10.813 10.65 9.932 10.862 10.716 11.223 11.496 11.546 11.321 10.941 10.266 10.298 8.762 9.074 9.321 9.352 9.87 9.921 9.75 10.507 10.713 11.267 11.592 11.817 11.832 11.532 11.102 10.841 10.638 10.498 10.513 10.518 10.41 10.341 10.402 10.711 10.89 11.239 -9999 -9999 -9999 -9999 -9999 -9999
-9999 -9999 -9999 -9999 -9999 -9999 -9999 -9999 -9999 -9999 -9999 -9999 -9999 -9999 -9999 -9999 -9999 -9999 -9999 -9999 -9999 -9999 -9999 -9999 -9999 -9999 -9999 -9999 -9999 -9999 -9999 11.924 10.381 10.978 11.726 11.243 11.499 11.514 11.848 11.758 11.196 11.149 11.084 8.99 9.507 9.079 9.038 9.04 10.072 10.157 10.334 10.488 10.956 11.218 11.636 11.85 11.911 11.753 11.059 10.643 10.804 10.995 10.956 10.959 10.891 10.887 10.551 10.32 10.825 10.956 11.486 -9999 -9999 -9999 -9999 -9999
-9999 -9999 -9999 -9999 -9999 -9999 -9999 -9999 -9999 -9999 -9999 -9999 -9999 -9999 -9999 -9999 -9999 -9999 -9999 -9999 -9999 -9999 -9999 -9999 -9999 -9999 -9999 -9999 -9999 -9999 -9999 -9999 11.658 12.236 11.947 11.665 11.821 11.713 12.003 11.773 11.462 11.523 10.617 9.518 8.854 8.708 8.301 8.983 9.13 9.489 10.035 10.074 10.514 11.109 11.562 11.822 11.782 11.693 11.565 10.692 10.663 11.326 11.671 11.484 11.481 11.52 11.44 11.143 11.238 11.499 11.368 -9999 -9999 -9999 -9999 -9999
-9999 -9999 -9999 -9999 -9999 -9999 -9999 -9999 -9999 -9999 -9999 -9999 -9999 -9999 -9999 -9999 -9999 -9999 -9999 -9999 -9999 -9999 -9999 -9999 -9999 -9999 -9999 -9999 -9999 -9999 -9999 -9999 11.986 -9999 11.917 12.232 11.961 11.938 -9999 11.926 11.597 11.519 10.726 9.494 9.361 9.216 8.67 9.09 9.096 8.457 9.337 9.733 10.061 10.549 11.319 11.718 11.726 11.661 11.687 11.686 11.387 11.711 11.925 11.708 11.445 11.493 11.606 11.64 11.636 11.286 11.008 11.067 -9999 -9999 -9999 -9999
-9999 -9999 -9999 -9999 -9999 -9999 -9999 -9999 -9999 -9999 -9999 -9999 -9999 -9999 -9999 -9999 -9999 -9999 -9999 -9999 -9999 -9999 -9999 -9999 -9999 -9999 -9999 -9999 -9999 -9999 -9999 -9999 -9999 12.257 12.087 -9999 -9999 -9999 -9999 12.128 11.865 11.879 11.239 10.757 9.748 9.549 9.349 9.231 10.021 9.557 8.902 9.712 9.949 10.568 11.124 11.672 11.893 11.922 11.898 11.912 11.838 11.659 11.747 11.532 11.378 11.466 11.483 11.319 11.334 11.492 11.259 11.089 11.022 11.095 -9999 -9999
-9999 -9999 -9999 -9999 -9999 -9999 -9999 -9999 -9999 -9999 -9999 -9999 -9999 -9999 -9999 -9999 -9999 -9999 -9999 -9999 -9999 -9999 -9999 -9999 -9999 -9999 -9999 -9999 -9999 -9999 -9999 -9999 -9999 12.171 12.215 -9999 -9999 -9999 -9999 12.258 11.83 12.034 11.593 10.803 10.963 10.774 9.918 9.829 10.01 10.162 9.058 9.65 9.966 10.326 10.92 11.616 11.981 12.075 12.093 12.064 12.02 11.88 11.703 11.609 11.52 11.504 11.36 11.13 10.968 11.069 11.287 11.45 11.482 11.418 -9999 -9999
-9999 -9999 -9999 -9999 -9999 -9999 -9999 -9999 -9999 -9999 -9999 -9999 -9999 -9999 -9999 -9999 -9999 -9999 -9999 -9999 -9999 -9999 -9999 -9999 -9999 -9999 -9999 -9999 -9999 -9999 -9999 -9999 -9999 12.215 -9999 -9999 -9999 -9999 12.503 12.093 11.734 11.03 10.665 10.701 10.742 10.846 10.282 9.802 10.384 10.354 10.223 9.674 10.189 10.469 10.91 11.341 11.83 11.965 12.082 12.171 12.185 12.136 12.024 11.947 11.647 11.141 11.085 11.071 11.168 11.282 11.46 11.618 11.714 -9999 -9999 -9999
-9999 -9999 -9999 -9999 -9999 -9999 -9999 -9999 -9999 -9999 -9999 -9999 -9999 -9999 -9999 -9999 -9999 -9999 -9999 -9999 -9999 -9999 -9999 -9999 -9999 -9999 -9999 -9999 -9999 -9999 -9999 -9999 -9999 -9999 -9999 -9999 -9999 -9999 12.214 11.713 10.778 9.94 9.645 10.233 10.903 10.85 11.018 10.898 11.004 10.794 10.547 10.25 10.263 10.679 10.966 11.23 11.624 11.9 12.063 12.236 12.339 12.343 12.241 12.1 11.918 11.083 10.606 11.172 11.425 11.664 11.725 11.767 11.724 -9999 -9999 -9999
-9999 -9999 -9999 -9999 -9999 -9999 -9999 -9999 -9999 -9999 -9999 -9999 -9999 -9999 -9999 -9999 -9999 -9999 -9999 -9999 -9999 -9999 -9999 -9999 -9999 -9999 -9999 -9999 -9999 -9999 -9999 -9999 -9999 -9999 -9999 -9999 -9999 -9999 12.028 11.692 10.971 10.153 10.211 10.793 10.946 11.283 11.251 11.218 11.226 11.114 11.269 10.732 10.686 10.731 10.937 11.184 11.567 11.938 12.058 12.223 12.419 12.415 12.324 12.172 12.039 11.605 10.935 11.142 11.573 11.76 11.871 11.835 11.736 -9999 -9999 -9999
-9999 -9999 -9999 -9999 -9999 -9999 -9999 -9999 -9999 -9999 -9999 -9999 -9999 -9999 -9999 -9999 -9999 -9999 -9999 -9999 -9999 -9999 -9999 -9999 -9999 -9999 -9999 -9999 -9999 -9999 -9999 -9999 -9999 -9999 -9999 -9999 -9999 12.112 12.003 11.62 10.783 10.263 10.042 10.751 10.804 11.617 11.292 11.305 10.996 10.957 10.785 11.498 11.431 11.579 11.49 11.689 11.627 11.844 12.028 12.111 12.244 12.404 12.3 12.166 12.019 11.935 11.47 11.348 11.601 11.792 11.89 11.899 11.789 11.713 -9999 -9999
-9999 -9999 -9999 -9999 -9999 -9999 -9999 -9999 -9999 -9999 -9999 -9999 -9999 -9999 -9999 -9999 -9999 -9999 -9999 -9999 -9999 -9999 -9999 -9999 -9999 -9999 -9999 -9999 -9999 -9999 -9999 -9999 -9999 -9999 -9999 -9999 -9999 12.167 12.159 11.905 11.441 10.71 11.454 11.332 11.896 11.282 10.811 10.889 10.566 10.69 11.169 10.953 11.473 11.515 11.522 11.587 11.765 11.751 11.904 12.085 12.189 12.247 12.187 12.027 11.951 11.956 11.898 11.538 11.565 11.762 11.9 11.987 11.902 11.758 -9999 -9999
-9999 -9999 -9999 -9999 -9999 -9999 -9999 -9999 -9999 -9999 -9999 -9999 -9999 -9999 -9999 -9999 -9999 -9999 -9999 -9999 -9999 -9999 -9999 -9999 -9999 -9999 -9999 -9999 -9999 -9999 -9999 -9999 -9999 -9999 -9999 -9999 12.193 12.239 12.221 12.321 11.859 11.856 11.772 12.014 11.877 11.189 11.126 10.857 10.505 10.623 10.932 11.811 11.538 12.012 11.984 11.867 11.698 11.784 11.858 12.034 12.151 12.165 12.102 11.96 11.896 11.944 11.962 11.776 11.51 11.731 12.091 12.258 12.148 11.94 11.774 -9999
-9999 -9999 -9999 -9999 -9999 -9999 -9999 -9999 -9999 -9999 -9999 -9999 -9999 -9999 -9999 -9999 -9999 -9999 -9999 -9999 -9999 -9999 -9999 -9999 -9999 -9999 -9999 -9999 -9999 -9999 -9999 -9999 -9999 -9999 -9999 -9999 12.237 12.116 12.225 12.324 12.237 12.106 12.079 11.863 11.558 11.705 11.452 10.749 9.748 10.014 10.395 11.195 11.865 11.85 12.263 12.393 12.152 11.846 11.937 12.085 12.165 12.173 12.134 12.023 11.965 12.0 12.053 11.876 11.62 11.866 12.368 12.561 12.471 12.159 11.943 -9999
-9999 -9999 -9999 -9999 -9999 -9999 -9999 -9999 -9999 -9999 -9999 -9999 -9999 -9999 -9999 -9999 -9999 -9999 -9999 -9999 -9999 -9999 -9999 -9999 -9999 -9999 -9999 -9999 -9999 -9999 -9999 -9999 -9999 -9999 -9999 -9999 12.23 12.262 12.389 12.498 12.44 12.329 11.99 11.707 11.586 11.235 10.619 9.845 9.818 10.107 10.408 11.055 11.725 11.759 11.835 12.299 12.521 12.372 12.205 12.244 12.238 12.201 12.204 12.142 12.082 12.104 12.124 12.155 11.995 12.082 12.506 12.687 12.562 12.319 12.028 11.887
-9999 -9999 -9999 -9999 -9999 -9999 -9999 -9999 -9999 -9999 -9999 -9999 -9999 -9999 -9999 -9999 -9999 -9999 -9999 -9999 -9999 -9999 -9999 -9999 -9999 -9999 -9999 -9999 -9999 -9999 -9999 -9999 -9999 -9999 -9999 -9999 -9999 12.368 12.45 12.507 12.44 11.978 11.504 11.243 11.09 11.037 10.784 10.269 10.465 10.482 11.022 11.939 12.136 12.126 11.874 12.272 12.517 12.377 12.296 12.337 12.289 12.247 12.258 12.248 12.2 12.185 12.191 12.175 12.249 12.276 -9999 12.551 -9999 12.308 12.106 11.884
-9999 -9999 -9999 -9999 -9999 -9999 -9999 -9999 -9999 -9999 -9999 -9999 -9999 -9999 -9999 -9999 -9999 -9999 -9999 -9999 -9999 -9999 -9999 -9999 -9999 -9999 -9999 -9999 -9999 -9999 -9999 -9999 -9999 -9999 -9999 -9999 12.42 12.43 12.449 12.484 12.304 11.704 10.936 10.879 11.054 10.619 10.531 10.705 10.386 10.094 10.676 11.528 12.426 12.159 12.162 12.483 12.467 12.227 12.259 12.297 12.331 12.319 12.328 12.31 12.279 12.26 12.067 12.082 12.215 12.128 12.126 12.245 12.272 -9999 12.207 12.038
-9999 -9999 -9999 -9999 -9999 -9999 -9999 -9999 -9999 -9999 -9999 -9999 -9999 -9999 -9999 -9999 -9999 -9999 -9999 -9999 -9999 -9999 -9999 -9999 -9999 -9999 -9999 -9999 -9999 -9999 -9999 -9999 -9999 -9999 -9999 -9999 12.482 12.468 12.448 12.332 12.012 11.75 11.393 11.189 11.335 11.296 11.298 11.43 10.804 10.334 10.729 11.395 11.77 11.663 11.76 12.077 12.166 11.915 11.973 12.223 12.335 12.431 12.424 12.376 12.314 12.324 12.326 12.092 12.234 12.275 12.042 12.084 12.161 12.217 -9999 -9999
-9999 -9999 -9999 -9999 -9999 -9999 -9999 -9999 -9999 -9999 -9999 -9999 -9999 -9999 -9999 -9999 -9999 -9999 -9999 -9999 -9999 -9999 -9999 -9999 -9999 -9999 -9999 -9999 -9999 -9999 -9999 -9999 -9999 -9999 -9999 12.459 12.508 12.433 12.232 12.091 12.221 12.212 11.816 12.051 12.136 12.104 12.134 11.9 11.142 10.161 9.931 10.601 11.089 10.967 11.403 11.96 12.06 12.101 12.023 12.233 12.422 12.526 12.519 12.447 12.358 12.352 12.383 12.361 12.302 12.35 12.07 11.964 12.065 12.168 12.206 12.145
-9999 -9999 -9999 -9999 -9999 -9999 -9999 -9999 -9999 -9999 -9999 -9999 -9999 -9999 -9999 -9999 -9999 -9999 -9999 -9999 -9999 -9999 -9999 -9999 -9999 -9999 -9999 -9999 -9999 -9999 -9999 -9999 -9999 -9999 -9999 12.485 12.514 12.51 12.411 12.267 12.176 12.478 12.49 12.561 12.555 12.526 12.504 12.251 11.647 10.889 9.735 9.352 10.263 10.496 10.936 11.695 11.877 12.3 12.431 12.306 12.454 12.6 12.599 12.507 12.388 12.348 12.384 12.355 12.365 12.381 12.322 11.819 11.855 12.027 12.142 12.127
-9999 -9999 -9999 -9999 -9999 -9999 -9999 -9999 -9999 -9999 -9999 -9999 -9999 -9999 -9999 -9999 -9999 -9999 -9999 -9999 -9999 -9999 -9999 -9999 -9999 -9999 -9999 -9999 -9999 -9999 -9999 -9999 -9999 -9999 -9999 -9999 12.7 12.739 12.773 12.59 12.666 12.633 12.679 12.769 12.81 12.965 12.949 12.676 12.178 11.262 10.243 9.232 9.049 9.919 10.625 11.361 11.975 12.051 12.35 12.307 12.352 12.564 12.604 12.515 12.394 12.343 12.317 12.289 12.297 12.345 12.27 11.9 11.627 11.774 11.922 11.924
