Validation/Results/raw data/ReClimate_01_2024_2_Temperature-Actualsweatherlogisticsltd.asc
NCOLS 192
NROWS 249
XLLCENTER -225160.85627316462
YLLCENTER 29788.11610251502
CELLSIZE 5000.0
NODATA_VALUE -9999
[rows 204 to 237 of 249, columns 77 to 153 of 192]
-9999 -9999 8.688 -9999 8.488 8.323 8.171 7.925 7.962 7.751 7.77 7.806 7.718 7.722 7.423 7.901 7.727 7.856 8.087 8.372 8.326 8.332 7.708 7.144 5.905 5.296 6.878 6.693 6.892 6.662 7.369 8.136 7.165 5.718 7.358 7.683 7.584 7.608 8.191 8.621 8.438 8.118 8.225 8.578 8.707 8.814 8.736 8.466 7.744 7.375 7.313 7.608 7.798 7.946 7.847 7.532 7.644 7.834 7.993 8.05 8.055 7.979 7.836 7.866 7.961 7.958 8.061 8.088 7.965 7.969 7.92 8.002 8.207 8.183 8.11 8.002 8.007
-9999 -9999 -9999 -9999 -9999 -9999 7.983 8.251 8.158 8.096 8.102 8.069 8.055 7.939 8.258 8.098 8.061 8.133 8.104 8.321 8.076 7.939 7.085 6.248 5.397 5.753 5.702 6.087 5.434 5.771 7.476 7.273 7.01 8.007 7.321 7.588 8.129 8.382 8.652 8.286 7.965 7.596 8.109 8.63 8.726 8.799 8.751 8.072 7.292 7.215 7.295 7.69 7.727 7.877 7.756 7.859 7.895 8.088 8.24 8.279 8.219 8.099 8.025 8.032 8.144 8.199 8.104 7.963 7.782 7.794 7.999 8.017 8.175 8.114 8.208 8.316 8.268
-9999 -9999 -9999 -9999 -9999 -9999 8.228 8.194 8.211 8.264 7.88 7.691 7.613 8.031 8.265 8.19 8.243 7.857 7.78 8.111 8.277 8.185 7.469 7.236 7.089 6.865 6.568 6.333 5.72 6.159 5.871 6.564 7.257 6.933 6.653 8.187 8.415 8.561 8.125 8.083 7.509 7.822 8.241 8.737 8.711 8.488 7.651 7.195 7.302 7.514 7.451 7.602 7.731 7.806 7.968 7.88 8.16 8.328 8.489 8.49 8.299 8.125 8.012 8.071 8.243 8.263 8.108 7.72 7.775 7.825 7.88 8.103 8.206 8.324 8.399 8.576 8.446
-9999 -9999 -9999 -9999 8.601 8.458 8.325 8.311 -9999 8.287 8.137 7.972 8.26 8.401 8.507 -9999 8.305 7.988 8.138 7.789 8.376 7.483 7.539 7.379 7.188 7.185 7.525 7.056 6.677 6.534 6.466 6.721 7.138 6.161 7.215 8.257 8.191 8.505 8.389 7.817 7.892 8.186 8.636 8.797 8.584 7.836 7.716 7.384 7.525 7.496 7.713 7.797 7.828 7.961 8.135 8.205 8.323 8.306 8.566 8.53 8.43 8.308 8.27 8.229 8.233 8.126 7.829 7.715 7.681 7.933 8.0 8.123 8.247 8.271 8.303 8.61 8.583
-9999 -9999 -9999 -9999 8.598 -9999 -9999 -9999 8.539 8.434 8.283 -9999 -9999 -9999 -9999 -9999 8.432 8.286 7.917 8.66 8.322 8.103 7.986 7.746 7.955 8.058 6.387 6.361 7.339 7.332 7.229 7.073 6.589 6.696 7.947 8.057 8.445 8.437 7.714 8.073 8.178 8.728 8.841 8.825 8.335 7.88 7.875 7.6 7.789 7.924 7.921 8.012 8.134 8.18 8.284 8.33 8.376 8.306 8.376 8.543 8.314 8.342 8.303 8.271 8.062 7.968 7.825 7.653 7.764 8.088 8.252 8.331 8.283 8.231 8.341 8.598 8.709
-9999 -9999 -9999 -9999 -9999 -9999 8.564 8.518 8.424 8.584 8.356 -9999 -9999 -9999 -9999 -9999 -9999 -9999 -9999 8.958 8.74 8.659 8.795 8.419 8.124 6.651 6.14 6.222 6.547 6.986 7.073 7.126 7.274 7.279 7.674 8.414 8.498 7.526 7.911 8.071 8.929 8.923 8.842 8.715 7.993 7.943 7.802 7.832 7.996 8.144 8.178 8.216 8.241 8.294 8.229 8.296 8.382 8.451 8.428 8.499 8.34 8.254 8.056 7.939 8.097 7.865 7.795 7.849 7.974 8.198 8.472 8.419 8.397 8.478 8.733 8.918 8.774
-9999 -9999 -9999 -9999 -9999 -9999 -9999 8.496 -9999 -9999 -9999 -9999 -9999 -9999 -9999 -9999 -9999 8.456 8.685 8.649 8.533 8.933 9.048 8.806 8.047 7.295 6.485 6.311 6.825 7.649 7.394 7.042 7.338 7.664 8.474 8.827 8.439 8.093 8.3 8.776 -9999 8.875 8.745 8.395 7.654 7.644 7.866 7.994 8.171 8.204 8.282 8.235 8.25 8.238 8.335 8.359 8.459 8.485 8.504 8.368 8.195 7.997 7.73 7.738 7.83 8.196 8.068 8.067 8.284 8.382 8.569 8.662 8.544 8.694 9.04 9.23 9.173
-9999 -9999 -9999 -9999 -9999 -9999 -9999 -9999 -9999 -9999 -9999 -9999 -9999 -9999 -9999 -9999 -9999 8.57 8.651 8.824 8.697 -9999 -9999 -9999 8.59 7.535 7.71 7.444 7.876 7.786 7.214 7.473 8.24 8.555 8.741 8.971 8.752 8.817 8.876 -9999 8.86 8.55 8.56 7.986 7.578 7.911 8.033 8.182 8.182 8.136 8.238 8.277 8.273 8.291 8.152 8.152 8.243 8.248 8.378 8.415 8.139 7.705 7.758 7.81 8.087 8.372 8.473 8.332 8.507 8.705 8.794 8.921 8.954 8.715 9.073 9.39 9.372
-9999 -9999 -9999 -9999 -9999 -9999 -9999 -9999 -9999 -9999 -9999 -9999 -9999 -9999 -9999 -9999 -9999 -9999 -9999 -9999 -9999 -9999 -9999 -9999 9.114 8.589 8.033 8.169 8.374 8.283 8.109 8.433 8.733 8.864 8.955 9.006 9.038 -9999 -9999 8.981 8.774 8.581 8.446 7.956 7.776 7.987 8.084 8.248 8.355 8.148 8.2 8.248 8.011 7.875 7.817 7.656 7.545 7.857 8.06 8.195 8.147 7.911 7.841 8.143 8.187 8.427 8.693 8.631 8.658 8.744 8.92 9.062 9.166 9.337 9.329 9.53 9.511
-9999 -9999 -9999 -9999 -9999 -9999 -9999 -9999 -9999 -9999 -9999 -9999 -9999 -9999 -9999 -9999 -9999 -9999 -9999 -9999 -9999 -9999 -9999 -9999 8.821 8.639 8.573 8.602 8.41 8.39 8.631 8.861 9.044 9.064 -9999 -9999 -9999 -9999 -9999 8.943 8.729 8.655 8.477 8.013 7.82 7.964 8.005 8.277 8.412 8.179 7.896 7.948 7.664 7.567 7.605 7.64 7.56 7.617 7.994 8.017 8.259 8.365 8.218 8.479 8.531 8.606 8.771 8.824 8.926 9.007 9.012 9.055 9.231 9.466 9.647 9.631 9.403
-9999 -9999 -9999 -9999 -9999 -9999 -9999 -9999 -9999 -9999 -9999 -9999 -9999 -9999 -9999 -9999 -9999 -9999 -9999 -9999 -9999 -9999 -9999 -9999 -9999 -9999 8.71 8.331 8.295 8.497 8.544 8.859 9.048 -9999 -9999 -9999 -9999 8.732 8.546 8.556 8.903 8.823 8.526 7.864 7.796 7.808 7.939 8.217 8.286 7.921 7.572 7.484 7.603 7.521 7.685 7.703 7.906 7.937 8.016 8.227 8.267 8.541 8.711 8.665 8.68 8.667 8.682 8.648 8.854 9.081 9.124 9.14 9.145 9.299 9.41 9.469 9.304
-9999 -9999 -9999 -9999 -9999 -9999 -9999 -9999 -9999 -9999 -9999 -9999 -9999 -9999 -9999 -9999 -9999 -9999 -9999 -9999 -9999 -9999 -9999 -9999 -9999 -9999 -9999 8.708 8.587 8.552 8.591 8.892 -9999 -9999 -9999 -9999 8.828 8.744 8.523 8.478 8.569 8.685 8.558 8.242 8.248 7.861 7.978 8.122 7.872 7.738 7.655 7.436 7.586 7.71 7.88 8.011 8.116 8.245 8.207 8.179 8.321 8.522 8.587 8.554 8.471 8.561 8.626 8.596 8.662 8.937 9.058 9.121 9.215 9.215 9.208 9.112 9.033
-9999 -9999 -9999 -9999 -9999 -9999 -9999 -9999 -9999 -9999 -9999 -9999 -9999 -9999 -9999 -9999 -9999 -9999 -9999 -9999 -9999 -9999 -9999 -9999 -9999 -9999 -9999 -9999 -9999 -9999 -9999 -9999 -9999 -9999 -9999 8.736 8.887 8.854 8.542 8.328 8.632 8.591 8.331 8.44 8.19 8.027 8.312 8.202 7.979 7.815 7.778 7.765 7.623 7.7 7.828 7.708 7.927 8.049 8.128 8.124 8.136 8.356 8.462 8.392 8.308 8.303 8.477 8.618 8.694 8.799 8.917 8.893 8.963 8.919 8.885 8.687 8.454
-9999 -9999 -9999 -9999 -9999 -9999 -9999 -9999 -9999 -9999 -9999 -9999 -9999 -9999 -9999 -9999 -9999 -9999 -9999 -9999 -9999 -9999 -9999 -9999 -9999 -9999 -9999 -9999 -9999 -9999 -9999 -9999 -9999 -9999 8.974 8.87 8.609 8.365 7.411 8.064 8.561 8.357 8.271 8.207 8.033 8.267 8.361 8.4 8.24 8.026 8.062 7.775 7.598 7.387 7.551 7.689 7.38 7.688 7.897 8.07 8.205 8.326 8.441 8.42 8.36 8.381 8.364 8.494 8.69 8.778 8.75 8.664 8.38 8.439 8.359 8.196 7.872
-9999 -9999 -9999 -9999 -9999 -9999 -9999 -9999 -9999 -9999 -9999 -9999 -9999 -9999 -9999 -9999 -9999 -9999 -9999 -9999 -9999 -9999 -9999 -9999 -9999 -9999 -9999 -9999 -9999 -9999 -9999 -9999 -9999 -9999 9.022 8.849 8.844 8.234 7.841 7.664 7.881 8.082 8.171 7.965 8.21 8.231 8.283 8.036 7.822 7.764 7.902 7.906 7.731 7.716 7.546 7.642 7.744 7.702 7.877 7.984 8.158 8.347 8.426 8.446 8.342 8.31 8.381 8.422 8.534 8.546 8.263 8.213 8.12 8.052 8.228 8.133 7.872
-9999 -9999 -9999 -9999 -9999 -9999 -9999 -9999 -9999 -9999 -9999 -9999 -9999 -9999 -9999 -9999 -9999 -9999 -9999 -9999 -9999 7.301 7.037 6.483 6.811 -9999 7.539 -9999 -9999 -9999 -9999 -9999 -9999 -9999 -9999 9.03 8.927 8.701 8.434 8.146 7.807 7.767 7.855 8.144 8.173 8.158 7.876 7.72 7.929 7.901 7.973 7.906 7.849 8.002 8.124 8.136 8.03 8.089 7.982 7.86 7.76 7.983 8.222 8.235 8.196 8.218 8.196 8.267 8.434 8.364 8.078 8.024 8.273 8.214 8.289 8.354 8.317
-9999 -9999 -9999 -9999 -9999 -9999 -9999 -9999 -9999 -9999 -9999 -9999 -9999 -9999 -9999 -9999 -9999 -9999 8.084 7.876 7.639 7.21 6.477 6.174 6.466 6.668 7.345 8.308 8.906 -9999 -9999 8.458 8.906 9.084 9.177 9.071 8.978 9.024 8.858 8.572 8.184 7.816 7.926 8.131 8.086 7.656 7.947 8.205 8.014 8.11 8.186 8.205 8.092 8.12 8.239 8.288 8.403 8.311 8.131 7.919 7.885 7.757 7.818 8.075 8.195 8.279 8.422 8.245 8.366 7.905 7.807 7.951 8.201 8.354 8.375 8.489 8.369
-9999 -9999 -9999 -9999 -9999 -9999 -9999 -9999 -9999 -9999 -9999 -9999 -9999 -9999 -9999 -9999 -9999 8.0 8.105 8.252 8.171 7.543 6.518 6.117 6.356 6.655 7.113 7.572 8.258 8.547 8.404 8.343 8.369 8.964 9.06 9.076 8.911 8.751 8.9 8.662 8.086 7.996 8.066 7.973 7.457 7.914 7.917 8.128 8.282 8.301 8.344 8.287 8.135 8.217 8.218 8.343 8.321 8.34 8.199 8.022 7.797 7.635 7.859 8.092 8.254 7.962 8.117 8.392 8.339 8.392 7.98 8.118 8.198 8.277 8.312 8.258 8.36
-9999 -9999 -9999 -9999 -9999 -9999 -9999 -9999 -9999 -9999 -9999 -9999 -9999 -9999 -9999 -9999 -9999 8.019 8.617 8.934 8.636 7.697 7.146 6.776 6.478 6.816 7.208 7.759 7.582 7.51 7.952 8.215 8.419 8.361 8.868 9.059 8.879 8.882 8.638 8.404 8.409 8.314 8.166 7.813 7.878 7.937 7.894 8.261 8.374 8.405 8.339 8.25 8.086 8.054 8.367 8.434 8.395 8.431 8.427 8.301 8.099 7.752 7.661 8.1 8.251 8.116 7.915 8.231 8.496 8.569 8.566 8.462 8.159 8.112 8.22 8.176 7.923
-9999 -9999 -9999 -9999 -9999 -9999 -9999 -9999 -9999 -9999 -9999 -9999 -9999 -9999 -9999 -9999 -9999 8.532 9.057 8.808 8.643 8.108 8.076 7.662 7.644 7.597 7.732 7.809 7.376 7.59 8.317 8.58 8.693 8.939 9.123 9.107 8.986 8.706 8.452 8.532 8.464 8.283 8.073 8.13 8.133 8.166 8.181 8.274 8.175 8.173 8.321 8.477 8.406 8.398 8.477 8.418 8.458 8.613 8.384 8.257 8.281 7.91 7.531 7.983 8.355 8.284 8.239 8.378 8.582 8.729 8.649 8.464 8.292 8.263 8.438 8.484 8.301
-9999 -9999 -9999 -9999 -9999 -9999 -9999 -9999 -9999 -9999 -9999 -9999 -9999 8.188 7.748 -9999 8.386 8.947 8.596 8.39 8.452 8.589 8.409 8.267 7.876 7.652 7.759 7.955 7.963 8.21 8.556 8.901 9.04 9.023 8.94 8.914 8.968 8.759 8.637 8.54 8.396 8.039 8.276 8.284 8.231 8.023 7.903 8.014 7.876 7.947 8.185 8.491 8.529 8.533 8.551 8.683 8.592 8.67 8.568 8.144 8.311 8.217 8.094 8.148 8.541 8.541 8.404 8.418 8.59 8.754 8.82 8.724 8.606 8.511 8.553 8.592 8.635
-9999 -9999 -9999 -9999 -9999 -9999 -9999 -9999 -9999 -9999 -9999 -9999 -9999 8.04 7.78 8.153 8.455 8.55 8.343 8.459 8.127 8.07 8.182 7.748 7.728 7.699 7.778 8.083 8.033 8.168 8.481 8.214 8.043 8.34 8.621 8.899 8.956 8.714 8.508 8.344 8.228 8.128 8.365 8.252 8.372 8.245 7.986 7.886 8.022 8.078 8.311 8.414 8.465 8.506 8.772 8.797 8.83 8.899 8.77 8.437 8.352 8.281 8.098 8.133 7.93 8.219 8.444 8.496 8.683 8.785 8.776 8.782 8.76 8.702 8.592 8.613 8.63
-9999 -9999 -9999 -9999 -9999 -9999 -9999 -9999 -9999 -9999 -9999 -9999 8.397 8.006 8.014 8.094 8.187 8.311 8.348 8.237 8.085 8.209 8.202 7.925 7.878 7.777 8.022 8.256 8.53 8.633 8.257 7.644 7.805 7.939 8.147 8.706 8.711 8.596 8.557 8.412 8.328 8.271 8.334 8.432 8.563 8.423 8.066 8.278 8.294 8.369 8.4 8.456 8.421 8.373 8.74 9.107 9.221 9.024 9.004 8.731 8.636 8.598 8.462 8.352 8.071 7.872 8.038 7.81 8.339 8.18 8.171 8.582 8.74 8.219 7.99 8.066 8.516
-9999 -9999 -9999 -9999 -9999 -9999 -9999 -9999 -9999 -9999 -9999 -9999 -9999 8.405 8.174 8.169 8.326 8.388 8.452 8.436 8.395 8.349 8.297 8.156 8.06 8.308 8.466 8.686 8.6 8.662 8.011 7.663 7.752 7.587 8.013 8.416 8.329 8.362 8.453 8.421 8.273 8.31 8.325 8.362 8.351 8.195 8.542 8.414 8.468 8.512 8.525 8.497 8.448 8.534 8.692 9.039 9.217 -9999 8.923 8.858 8.623 8.698 8.751 8.714 8.579 8.394 8.401 8.26 8.234 8.386 8.038 8.149 8.476 8.415 7.904 7.762 8.218
-9999 -9999 -9999 -9999 -9999 -9999 -9999 -9999 -9999 -9999 -9999 -9999 8.548 8.645 8.38 8.304 8.259 8.216 8.398 8.506 8.42 8.296 8.114 8.205 8.465 8.628 8.64 8.647 8.695 8.457 8.238 8.241 8.082 7.808 8.361 8.518 7.921 8.132 8.156 7.738 7.947 7.812 7.768 7.977 8.073 8.32 8.553 8.695 8.632 8.652 8.568 8.529 8.474 8.533 8.691 8.828 9.047 9.136 -9999 8.968 -9999 8.966 -9999 8.841 -9999 8.713 8.688 8.657 8.611 8.638 8.532 8.619 -9999 -9999 -9999 8.385 8.135
-9999 -9999 -9999 -9999 -9999 -9999 -9999 -9999 -9999 -9999 -9999 -9999 8.687 8.528 8.349 8.3 8.039 8.015 7.955 8.186 8.007 7.928 8.014 8.312 8.595 8.695 8.773 8.778 8.7 8.608 8.401 8.299 8.022 8.303 8.702 7.952 8.022 8.539 8.202 8.12 7.995 7.736 7.922 8.244 8.333 8.588 8.722 8.639 8.771 8.752 8.632 8.594 8.537 8.53 8.715 8.807 9.001 9.121 -9999 -9999 9.182 9.201 -9999 -9999 8.842 8.824 8.806 -9999 -9999 -9999 -9999 -9999 -9999 -9999 -9999 -9999 -9999
-9999 -9999 -9999 -9999 -9999 -9999 -9999 -9999 -9999 -9999 -9999 8.35 8.405 8.371 8.325 8.363 8.268 8.038 8.043 7.816 7.279 7.299 7.72 8.033 8.222 8.386 8.702 8.777 8.607 8.583 8.368 7.94 7.942 8.345 8.239 8.157 8.87 8.778 8.466 8.135 7.857 8.188 8.494 8.452 8.627 8.695 8.793 8.938 9.035 8.807 8.798 8.792 8.839 8.714 8.78 -9999 -9999 -9999 9.066 -9999 -9999 -9999 -9999 -9999 -9999 8.759 -9999 -9999 -9999 -9999 -9999 -9999 -9999 -9999 -9999 -9999 -9999
-9999 -9999 -9999 -9999 -9999 -9999 -9999 -9999 -9999 -9999 8.449 7.798 7.825 8.16 8.635 8.668 8.569 8.381 8.08 7.169 6.288 6.576 7.626 7.777 7.671 8.368 8.362 8.798 8.819 8.52 8.647 8.744 8.873 -9999 -9999 -9999 -9999 -9999 8.892 8.432 8.12 8.298 8.52 8.676 8.726 8.853 8.923 9.05 -9999 8.82 -9999 -9999 -9999 -9999 -9999 8.735 8.739 8.726 8.663 8.701 9.022 -9999 -9999 -9999 -9999 -9999 -9999 -9999 -9999 -9999 -9999 -9999 -9999 -9999 -9999 -9999 -9999
-9999 -9999 -9999 -9999 -9999 -9999 -9999 -9999 -9999 9.035 7.908 7.346 7.582 8.159 8.422 8.638 8.771 8.258 7.647 6.513 5.903 6.319 6.963 7.336 8.069 7.817 8.498 8.875 8.921 9.094 -9999 -9999 -9999 -9999 -9999 -9999 -9999 -9999 -9999 -9999 8.845 8.822 8.922 8.649 8.473 8.452 8.714 8.42 8.702 -9999 -9999 -9999 -9999 -9999 -9999 -9999 8.763 8.515 8.662 8.647 -9999 -9999 -9999 -9999 -9999 -9999 -9999 -9999 -9999 -9999 -9999 -9999 -9999 -9999 -9999 -9999 -9999
-9999 -9999 -9999 -9999 -9999 -9999 -9999 9.155 9.258 8.691 7.937 7.452 7.344 7.559 8.166 8.741 8.474 8.03 7.467 6.69 6.099 6.623 7.112 7.695 7.827 8.763 8.368 8.581 -9999 -9999 -9999 -9999 -9999 -9999 -9999 -9999 -9999 -9999 -9999 -9999 -9999 9.305 -9999 -9999 -9999 -9999 -9999 8.768 8.47 -9999 -9999 -9999 -9999 -9999 -9999 -9999 -9999 -9999 8.464 8.441 -9999 -9999 -9999 -9999 -9999 -9999 -9999 -9999 -9999 -9999 -9999 -9999 -9999 -9999 -9999 -9999 -9999
-9999 -9999 -9999 -9999 -9999 -9999 9.142 -9999 8.946 8.78 8.161 7.576 7.358 7.498 8.084 8.274 8.09 8.438 8.2 7.186 6.743 7.004 7.736 8.044 8.491 8.84 8.986 9.337 -9999 -9999 -9999 -9999 -9999 -9999 -9999 -9999 -9999 -9999 -9999 -9999 -9999 -9999 9.232 -9999 -9999 -9999 -9999 -9999 -9999 -9999 -9999 -9999 -9999 -9999 -9999 -9999 -9999 -9999 -9999 -9999 -9999 -9999 -9999 -9999 -9999 -9999 -9999 -9999 -9999 -9999 -9999 -9999 -9999 -9999 -9999 -9999 -9999
-9999 -9999 -9999 -9999 -9999 9.263 9.132 8.514 8.821 8.859 8.373 8.113 7.865 7.886 8.17 8.062 8.265 -9999 8.385 7.598 6.992 6.588 7.214 8.284 8.588 9.046 9.271 -9999 -9999 -9999 -9999 -9999 -9999 -9999 -9999 -9999 -9999 -9999 -9999 -9999 -9999 -9999 -9999 -9999 -9999 -9999 -9999 -9999 -9999 -9999 -9999 -9999 -9999 -9999 -9999 -9999 -9999 -9999 -9999 -9999 -9999 -9999 -9999 -9999 -9999 -9999 -9999 -9999 -9999 -9999 -9999 -9999 -9999 -9999 -9999 -9999 -9999
-9999 -9999 -9999 -9999 -9999 9.253 8.767 8.509 8.444 8.482 8.381 8.301 8.064 8.286 8.463 8.493 8.986 8.892 8.673 8.076 7.031 6.764 7.669 8.123 8.655 8.901 8.931 -9999 -9999 -9999 -9999 -9999 -9999 -9999 -9999 -9999 -9999 -9999 -9999 -9999 -9999 -9999 -9999 -9999 -9999 -9999 -9999 -9999 -9999 -9999 -9999 -9999 -9999 -9999 -9999 -9999 -9999 -9999 -9999 -9999 -9999 -9999 -9999 -9999 -9999 -9999 -9999 -9999 -9999 -9999 -9999 -9999 -9999 -9999 -9999 -9999 -9999
-9999 -9999 -9999 -9999 9.33 9.116 8.696 8.221 8.056 8.257 8.376 8.426 8.436 8.558 8.328 8.782 9.073 9.013 8.694 8.406 7.887 7.779 8.117 8.532 8.68 8.686 -9999 -9999 -9999 -9999 -9999 -9999 -9999 -9999 -9999 -9999 -9999 -9999 -9999 -9999 -9999 -9999 -9999 -9999 -9999 -9999 -9999 -9999 -9999 -9999 -9999 -9999 -9999 -9999 -9999 -9999 -9999 -9999 -9999 -9999 -9999 -9999 -9999 -9999 -9999 -9999 -9999 -9999 -9999 -9999 -9999 -9999 -9999 -9999 -9999 -9999 -9999
