Validation/Results/raw data/ReClimate_12_2023_2.asc
NCOLS 192
NROWS 249
XLLCENTER -225160.85627316462
YLLCENTER 29788.11610251502
CELLSIZE 5000.0
NODATA_VALUE -9999
[rows 132 to 164 of 249, columns 75 to 149 of 192]
-9999 -9999 -9999 -9999 -9999 -9999 -9999 -9999 -9999 -9999 -9999 -9999 96.174 96.886 96.77 96.737 96.495 95.725 95.332 95.238 95.847 96.769 96.811 96.332 95.973 95.841 95.94 96.283 95.855 94.944 96.328 97.458 96.479 95.397 95.085 95.102 95.789 95.815 96.22 97.418 96.917 96.996 99.396 99.669 99.939 100.201 100.427 100.639 100.849 101.057 101.262 101.453 101.627 101.795 101.954 102.102 102.233 -9999 -9999 -9999 -9999 -9999 -9999 -9999 -9999 -9999 -9999 -9999 -9999 -9999 -9999 -9999 -9999 -9999 -9999
-9999 -9999 -9999 -9999 -9999 -9999 -9999 -9999 -9999 -9999 -9999 -9999 96.292 97.18 97.202 97.331 96.962 97.094 96.78 96.058 96.639 96.912 95.854 93.645 94.322 96.363 96.511 96.54 96.312 96.919 97.512 97.442 96.731 96.29 96.591 97.374 97.555 97.995 98.713 98.944 98.505 98.944 99.662 99.931 100.195 100.435 100.647 100.855 101.056 101.243 101.404 101.571 101.728 101.876 102.02 102.162 102.303 -9999 -9999 -9999 -9999 -9999 -9999 -9999 -9999 -9999 -9999 -9999 -9999 -9999 -9999 -9999 -9999 -9999 -9999
-9999 -9999 -9999 -9999 -9999 -9999 -9999 -9999 -9999 -9999 -9999 94.079 97.304 97.484 97.546 97.545 97.647 97.775 97.055 96.121 96.327 96.505 95.213 94.836 95.977 96.178 96.223 96.443 97.034 97.719 97.407 96.572 96.355 96.33 96.845 97.093 97.348 97.383 97.619 97.915 98.093 99.658 99.93 100.198 100.444 100.643 100.832 101.015 101.187 101.349 101.505 101.654 101.8 101.942 102.081 102.218 102.353 102.476 -9999 -9999 -9999 -9999 -9999 -9999 -9999 -9999 -9999 -9999 -9999 -9999 -9999 -9999 -9999 -9999 -9999
-9999 -9999 -9999 -9999 -9999 -9999 -9999 -9999 -9999 -9999 95.495 -9999 97.897 97.862 97.806 97.668 97.755 97.846 97.389 97.494 97.5 97.266 97.091 97.153 97.201 97.042 97.099 97.082 96.912 95.397 95.345 96.34 96.754 97.879 98.176 98.591 98.628 98.636 98.846 98.968 99.693 99.887 100.149 100.393 100.589 100.772 100.947 101.115 101.276 101.431 101.58 101.726 101.868 102.005 102.14 102.271 102.401 102.522 -9999 -9999 -9999 -9999 -9999 -9999 -9999 -9999 -9999 -9999 -9999 -9999 -9999 -9999 -9999 -9999 -9999
97.709 -9999 -9999 -9999 -9999 -9999 -9999 -9999 -9999 -9999 98.163 -9999 98.058 98.024 97.726 97.125 97.263 97.534 97.37 96.804 96.729 96.862 97.058 97.506 97.327 97.064 97.008 97.027 96.41 96.818 -9999 -9999 -9999 -9999 -9999 -9999 99.149 99.152 99.14 98.894 99.254 100.073 100.315 100.515 100.699 100.873 101.04 101.201 101.357 101.507 101.653 101.793 101.931 102.065 102.195 102.322 102.447 102.567 102.65 -9999 -9999 -9999 -9999 -9999 -9999 -9999 -9999 -9999 -9999 -9999 -9999 -9999 -9999 -9999 -9999
98.251 98.21 -9999 -9999 -9999 -9999 -9999 -9999 -9999 -9999 98.222 98.165 98.129 98.094 97.689 97.454 97.654 97.829 97.249 96.509 96.846 97.58 97.834 97.889 97.605 97.205 97.342 97.829 98.296 98.921 -9999 -9999 -9999 -9999 97.881 98.171 98.83 98.712 98.682 99.071 99.993 100.236 100.44 100.624 100.798 100.965 101.126 101.281 101.431 101.577 101.718 101.856 101.99 102.121 102.248 102.372 102.493 102.609 102.723 -9999 -9999 -9999 -9999 -9999 -9999 -9999 -9999 -9999 -9999 -9999 -9999 -9999 -9999 -9999 -9999
98.98 98.939 98.898 -9999 -9999 -9999 -9999 -9999 -9999 -9999 98.293 98.238 98.201 -9999 -9999 97.323 97.577 98.032 96.683 -9999 96.695 96.899 97.083 97.51 97.255 97.139 97.579 98.209 -9999 -9999 -9999 -9999 -9999 97.865 98.994 98.779 98.773 98.872 98.928 99.212 100.156 100.362 100.547 100.722 100.889 101.049 101.204 101.354 101.5 101.642 101.78 101.914 102.046 102.174 102.299 102.419 102.536 102.652 102.766 -9999 -9999 -9999 -9999 -9999 -9999 -9999 -9999 -9999 -9999 -9999 -9999 -9999 -9999 -9999 -9999
98.996 98.979 98.934 -9999 -9999 -9999 -9999 -9999 -9999 -9999 -9999 98.319 98.278 -9999 -9999 -9999 98.149 98.126 96.696 96.538 -9999 -9999 97.507 97.926 97.813 97.692 98.04 -9999 -9999 -9999 -9999 -9999 99.265 99.252 99.099 98.941 98.609 97.495 97.933 99.903 100.279 100.467 100.643 100.811 100.971 101.126 101.276 101.422 101.563 101.701 101.836 101.968 102.097 102.224 102.347 102.466 102.579 102.69 102.801 -9999 -9999 -9999 -9999 -9999 -9999 -9999 -9999 -9999 -9999 -9999 -9999 -9999 -9999 -9999 -9999
98.675 98.109 -9999 -9999 -9999 -9999 -9999 -9999 -9999 -9999 -9999 -9999 98.359 -9999 -9999 -9999 -9999 98.216 98.039 97.817 -9999 -9999 -9999 97.465 96.415 -9999 -9999 -9999 -9999 -9999 -9999 -9999 99.254 99.384 99.33 99.35 98.721 98.691 99.951 100.188 100.382 100.562 100.73 100.892 101.047 101.197 101.342 101.484 101.622 101.757 101.888 102.017 102.144 102.268 102.391 102.51 102.619 102.725 102.834 -9999 -9999 -9999 -9999 -9999 -9999 -9999 -9999 -9999 -9999 -9999 -9999 -9999 -9999 -9999 -9999
98.275 -9999 -9999 -9999 -9999 -9999 -9999 -9999 -9999 -9999 -9999 -9999 98.456 -9999 -9999 -9999 -9999 -9999 98.055 97.724 -9999 -9999 -9999 -9999 -9999 -9999 -9999 -9999 -9999 -9999 -9999 -9999 99.378 99.05 98.729 97.755 98.243 100.036 100.135 100.29 100.476 100.648 100.81 100.966 101.116 101.262 101.404 101.542 101.676 101.808 101.936 102.062 102.186 102.308 102.427 102.543 102.653 102.757 102.864 102.97 -9999 -9999 -9999 -9999 -9999 -9999 -9999 -9999 -9999 -9999 -9999 -9999 -9999 -9999 -9999
-9999 98.987 98.963 98.931 98.965 -9999 -9999 -9999 -9999 -9999 -9999 -9999 98.541 -9999 -9999 -9999 -9999 -9999 -9999 -9999 -9999 -9999 -9999 -9999 -9999 -9999 -9999 -9999 -9999 -9999 -9999 99.367 99.298 99.324 98.923 99.161 100.024 100.115 100.221 100.381 100.56 100.725 100.883 101.034 101.18 101.321 101.459 101.593 101.724 101.853 101.978 102.101 102.221 102.338 102.452 102.564 102.671 102.776 102.883 102.993 103.106 -9999 -9999 -9999 -9999 -9999 -9999 -9999 -9999 -9999 -9999 -9999 -9999 -9999 -9999
98.975 98.978 98.966 98.969 98.989 -9999 -9999 -9999 -9999 -9999 -9999 -9999 -9999 -9999 -9999 -9999 -9999 -9999 -9999 -9999 -9999 -9999 -9999 -9999 -9999 -9999 -9999 -9999 -9999 -9999 97.914 98.143 98.595 99.737 99.909 100.008 100.1 100.188 100.299 100.463 100.635 100.795 100.947 101.093 101.234 101.371 101.504 101.633 101.76 101.883 102.004 102.122 102.239 102.354 102.467 102.578 102.685 102.79 102.896 103.005 103.119 -9999 -9999 -9999 -9999 -9999 -9999 -9999 -9999 -9999 -9999 -9999 -9999 -9999 -9999
98.967 98.97 98.974 -9999 98.981 98.984 -9999 -9999 -9999 -9999 -9999 -9999 -9999 -9999 -9999 -9999 -9999 -9999 -9999 -9999 -9999 -9999 -9999 -9999 -9999 -9999 -9999 -9999 -9999 -9999 99.461 99.118 99.774 99.885 99.987 100.083 100.174 100.259 100.373 100.537 100.704 100.859 101.006 101.147 101.283 101.415 101.543 101.667 101.788 101.906 102.022 102.134 102.247 102.358 102.469 102.578 102.688 102.798 102.908 103.017 103.118 103.198 103.25 -9999 -9999 -9999 -9999 -9999 -9999 -9999 -9999 -9999 -9999 -9999 -9999
98.958 98.962 98.966 -9999 -9999 98.976 -9999 -9999 -9999 -9999 -9999 -9999 -9999 -9999 -9999 -9999 -9999 -9999 -9999 -9999 -9999 -9999 -9999 -9999 -9999 -9999 -9999 -9999 -9999 -9999 99.364 99.735 99.854 99.963 100.065 100.159 100.246 100.328 100.441 100.604 100.767 100.918 101.061 101.198 101.331 101.457 101.58 101.698 101.814 101.927 102.036 102.146 102.254 102.361 102.468 102.574 102.682 102.792 102.904 103.019 103.108 103.174 103.229 103.286 103.347 103.363 -9999 -9999 -9999 -9999 -9999 -9999 -9999 -9999 -9999
98.95 98.954 98.957 98.961 -9999 98.963 -9999 -9999 -9999 -9999 -9999 -9999 -9999 -9999 -9999 -9999 -9999 -9999 -9999 -9999 -9999 -9999 -9999 -9999 -9999 -9999 -9999 -9999 -9999 98.845 99.447 99.815 99.936 100.045 100.143 100.233 100.315 100.393 100.505 100.666 100.825 100.974 101.115 101.248 101.375 101.496 101.613 101.726 101.837 101.945 102.052 102.156 102.26 102.363 102.467 102.571 102.676 102.784 102.895 102.99 103.072 103.137 103.198 103.257 103.317 103.379 103.442 103.258 -9999 -9999 -9999 -9999 -9999 -9999 -9999
98.81 98.455 98.59 -9999 98.945 -9999 -9999 -9999 -9999 -9999 -9999 -9999 -9999 -9999 -9999 -9999 -9999 -9999 -9999 -9999 -9999 -9999 -9999 -9999 -9999 -9999 -9999 -9999 -9999 -9999 99.522 99.904 100.021 100.125 100.218 100.303 100.382 100.456 100.565 100.723 100.883 101.03 101.166 101.294 101.415 101.531 101.643 101.752 101.858 101.962 102.063 102.165 102.265 102.366 102.466 102.568 102.671 102.777 102.872 102.953 103.02 103.087 103.156 103.226 103.289 103.35 103.413 103.472 103.375 -9999 -9999 -9999 -9999 -9999 -9999
98.725 98.671 98.878 98.928 98.925 -9999 -9999 -9999 -9999 -9999 -9999 -9999 -9999 -9999 -9999 -9999 -9999 -9999 -9999 -9999 -9999 -9999 -9999 -9999 -9999 -9999 -9999 -9999 -9999 -9999 -9999 99.961 100.087 100.2 100.289 100.37 100.445 100.516 100.624 100.782 100.939 101.081 101.213 101.336 101.452 101.564 101.671 101.776 101.878 101.978 102.076 102.173 102.27 102.368 102.466 102.565 102.666 102.761 102.842 102.91 102.974 103.04 103.108 103.179 103.253 103.319 103.381 103.442 103.499 103.445 -9999 -9999 -9999 -9999 -9999
98.755 98.888 98.912 98.909 -9999 -9999 -9999 -9999 -9999 -9999 -9999 -9999 -9999 -9999 -9999 -9999 -9999 -9999 -9999 -9999 -9999 -9999 -9999 -9999 -9999 -9999 -9999 -9999 -9999 -9999 -9999 99.974 99.868 99.513 99.807 100.436 100.508 100.579 100.688 100.838 100.991 101.128 101.255 101.374 101.486 101.594 101.697 101.798 101.896 101.992 102.087 102.18 102.275 102.369 102.465 102.562 102.656 102.736 102.804 102.866 102.929 102.994 103.061 103.131 103.202 103.276 103.345 103.406 103.463 103.511 103.441 -9999 -9999 -9999 -9999
98.86 98.898 98.894 98.89 -9999 -9999 -9999 -9999 -9999 -9999 -9999 -9999 -9999 -9999 -9999 -9999 -9999 -9999 -9999 -9999 -9999 -9999 -9999 -9999 -9999 -9999 -9999 -9999 -9999 -9999 -9999 -9999 99.763 98.878 99.155 99.354 100.573 100.649 100.75 100.889 101.037 101.171 101.294 101.409 101.517 101.621 101.721 101.817 101.912 102.005 102.096 102.187 102.279 102.371 102.466 102.557 102.634 102.702 102.762 102.823 102.886 102.95 103.015 103.082 103.152 103.223 103.297 103.367 103.427 103.476 103.507 -9999 -9999 -9999 -9999
-9999 -9999 -9999 -9999 -9999 -9999 -9999 -9999 -9999 -9999 -9999 -9999 -9999 -9999 -9999 -9999 -9999 -9999 -9999 -9999 -9999 -9999 -9999 -9999 -9999 -9999 -9999 -9999 -9999 -9999 -9999 -9999 100.185 99.902 99.831 100.484 100.594 100.717 100.808 100.935 101.08 101.21 101.33 101.441 101.546 101.646 101.742 101.836 101.927 102.017 102.105 102.193 102.283 102.377 102.463 102.537 102.603 102.662 102.721 102.781 102.843 102.905 102.969 103.035 103.102 103.172 103.243 103.317 103.388 103.437 103.468 103.496 -9999 -9999 -9999
-9999 -9999 -9999 -9999 -9999 -9999 -9999 -9999 -9999 -9999 -9999 -9999 -9999 -9999 -9999 -9999 -9999 -9999 -9999 -9999 -9999 -9999 -9999 -9999 -9999 -9999 -9999 -9999 -9999 -9999 -9999 -9999 -9999 100.375 99.759 97.925 98.45 99.961 100.862 100.977 101.118 101.246 101.362 101.47 101.572 101.669 101.762 101.852 101.94 102.027 102.113 102.201 102.293 102.373 102.443 102.506 102.564 102.622 102.68 102.74 102.8 102.861 102.924 102.988 103.054 103.121 103.191 103.264 103.337 103.395 103.426 103.453 -9999 -9999 -9999
-9999 -9999 -9999 -9999 -9999 -9999 -9999 -9999 -9999 -9999 -9999 -9999 -9999 -9999 -9999 -9999 -9999 -9999 -9999 -9999 -9999 -9999 -9999 -9999 -9999 -9999 -9999 -9999 -9999 -9999 -9999 -9999 -9999 100.413 -9999 99.609 100.302 100.818 100.904 -9999 101.154 101.278 101.391 101.497 101.596 101.69 101.78 101.867 101.953 102.037 102.124 102.21 102.285 102.352 102.412 102.469 102.525 102.582 102.64 102.698 102.757 102.818 102.879 102.942 103.006 103.073 103.141 103.212 103.28 103.34 103.382 103.412 103.441 -9999 -9999
-9999 -9999 -9999 -9999 -9999 -9999 -9999 -9999 -9999 -9999 -9999 -9999 -9999 -9999 -9999 -9999 -9999 -9999 -9999 -9999 -9999 -9999 -9999 -9999 -9999 -9999 -9999 -9999 -9999 -9999 -9999 -9999 -9999 -9999 100.554 100.667 -9999 -9999 -9999 -9999 101.174 101.307 101.418 101.521 101.618 101.709 101.797 101.881 101.964 102.048 102.134 102.196 102.262 102.319 102.377 102.435 102.492 102.549 102.606 102.664 102.722 102.781 102.841 102.902 102.964 103.028 103.094 103.163 103.225 103.279 103.332 103.371 103.401 103.432 103.465
-9999 -9999 -9999 -9999 -9999 -9999 -9999 -9999 -9999 -9999 -9999 -9999 -9999 -9999 -9999 -9999 -9999 -9999 -9999 -9999 -9999 -9999 -9999 -9999 -9999 -9999 -9999 -9999 -9999 -9999 -9999 -9999 -9999 -9999 100.572 100.699 -9999 -9999 -9999 -9999 101.165 101.307 101.416 101.517 101.614 101.706 101.796 101.884 101.969 102.048 102.111 102.174 102.234 102.293 102.35 102.408 102.464 102.521 102.578 102.634 102.692 102.749 102.808 102.868 102.928 102.991 103.055 103.118 103.175 103.223 103.273 103.325 103.362 103.392 103.425
-9999 -9999 -9999 -9999 -9999 -9999 -9999 -9999 -9999 -9999 -9999 -9999 -9999 -9999 -9999 -9999 -9999 -9999 -9999 -9999 -9999 -9999 -9999 -9999 -9999 -9999 -9999 -9999 -9999 -9999 -9999 -9999 -9999 -9999 100.563 -9999 -9999 -9999 -9999 99.427 101.152 101.286 101.395 101.495 101.59 101.682 101.768 101.842 101.921 101.998 102.073 102.149 102.212 102.27 102.327 102.384 102.439 102.495 102.551 102.607 102.663 102.72 102.778 102.836 102.896 102.957 103.021 103.077 103.127 103.174 103.222 103.273 103.321 103.355 -9999
-9999 -9999 -9999 -9999 -9999 -9999 -9999 -9999 -9999 -9999 -9999 -9999 -9999 -9999 -9999 -9999 -9999 -9999 -9999 -9999 -9999 -9999 -9999 -9999 -9999 -9999 -9999 -9999 -9999 -9999 -9999 -9999 -9999 -9999 -9999 -9999 -9999 -9999 -9999 100.628 100.836 101.251 101.369 101.464 101.545 101.622 101.694 101.778 101.863 101.944 102.021 102.096 102.17 102.239 102.303 102.36 102.415 102.47 102.525 102.58 102.636 102.692 102.749 102.807 102.866 102.926 102.985 103.037 103.082 103.128 103.175 103.226 103.28 103.324 -9999
-9999 -9999 -9999 -9999 -9999 -9999 -9999 -9999 -9999 -9999 -9999 -9999 -9999 -9999 -9999 -9999 -9999 -9999 -9999 -9999 -9999 -9999 -9999 -9999 -9999 -9999 -9999 -9999 -9999 -9999 -9999 -9999 -9999 -9999 -9999 -9999 -9999 -9999 -9999 100.255 100.645 101.184 101.298 101.387 101.466 101.547 101.635 101.725 101.809 101.889 101.965 102.037 102.11 102.182 102.255 102.326 102.389 102.445 102.5 102.555 102.61 102.666 102.722 102.779 102.837 102.897 102.95 102.996 103.04 103.085 103.132 103.181 103.235 103.291 -9999
-9999 -9999 -9999 -9999 -9999 -9999 -9999 -9999 -9999 -9999 -9999 -9999 -9999 -9999 -9999 -9999 -9999 -9999 -9999 -9999 -9999 -9999 -9999 -9999 -9999 -9999 -9999 -9999 -9999 -9999 -9999 -9999 -9999 -9999 -9999 -9999 -9999 -9999 100.345 100.142 100.324 100.359 101.2 101.305 101.398 101.488 101.585 101.674 101.757 101.836 101.91 101.982 102.052 102.122 102.194 102.267 102.343 102.416 102.476 102.531 102.586 102.641 102.697 102.754 102.811 102.866 102.915 102.957 103.001 103.045 103.091 103.14 103.192 103.248 103.297
-9999 -9999 -9999 -9999 -9999 -9999 -9999 -9999 -9999 -9999 -9999 -9999 -9999 -9999 -9999 -9999 -9999 -9999 -9999 -9999 -9999 -9999 -9999 -9999 -9999 -9999 -9999 -9999 -9999 -9999 -9999 -9999 -9999 -9999 -9999 -9999 -9999 -9999 100.42 100.053 99.773 100.076 101.112 101.234 101.338 101.439 101.536 101.624 101.707 101.784 101.858 101.928 101.997 102.066 102.136 102.209 102.284 102.36 102.439 102.506 102.563 102.618 102.674 102.73 102.785 102.835 102.878 102.921 102.964 103.008 103.053 103.101 103.152 103.208 103.26
-9999 -9999 -9999 -9999 -9999 -9999 -9999 -9999 -9999 -9999 -9999 -9999 -9999 -9999 -9999 -9999 -9999 -9999 -9999 -9999 -9999 -9999 -9999 -9999 -9999 -9999 -9999 -9999 -9999 -9999 -9999 -9999 -9999 -9999 -9999 -9999 -9999 100.653 100.378 100.115 99.964 100.657 100.835 101.166 101.284 101.391 101.487 101.575 101.657 101.734 101.807 101.877 101.944 102.012 102.082 102.154 102.228 102.304 102.382 102.462 102.537 102.597 102.653 102.708 102.758 102.803 102.844 102.887 102.929 102.973 103.018 103.065 103.116 103.17 103.229
-9999 -9999 -9999 -9999 -9999 -9999 -9999 -9999 -9999 -9999 -9999 -9999 -9999 -9999 -9999 -9999 -9999 -9999 -9999 -9999 -9999 -9999 -9999 -9999 -9999 -9999 -9999 -9999 -9999 -9999 -9999 -9999 -9999 -9999 -9999 -9999 -9999 100.588 100.338 99.993 100.133 100.198 100.555 101.099 101.229 101.341 101.437 101.526 101.608 101.685 101.758 101.828 101.896 101.963 102.032 102.104 102.177 102.251 102.328 102.407 102.489 102.571 102.633 102.683 102.729 102.771 102.813 102.855 102.897 102.94 102.985 103.032 103.081 103.135 103.194
-9999 -9999 -9999 -9999 -9999 -9999 -9999 -9999 -9999 -9999 -9999 -9999 -9999 -9999 -9999 -9999 -9999 -9999 -9999 -9999 -9999 -9999 -9999 -9999 -9999 -9999 -9999 -9999 -9999 -9999 -9999 -9999 -9999 -9999 -9999 -9999 -9999 100.525 100.381 100.466 100.436 100.211 100.543 100.802 101.174 101.291 101.388 101.477 101.559 101.637 101.711 101.782 101.85 101.918 101.986 102.057 102.129 102.202 102.278 102.356 102.437 102.521 102.603 102.658 102.7 102.742 102.783 102.825 102.867 102.911 102.955 103.001 103.05 103.103 103.161
-9999 -9999 -9999 -9999 -9999 -9999 -9999 -9999 -9999 -9999 -9999 -9999 -9999 -9999 -9999 -9999 -9999 -9999 -9999 -9999 -9999 -9999 -9999 -9999 -9999 -9999 -9999 -9999 -9999 -9999 -9999 -9999 -9999 -9999 -9999 -9999 -9999 -9999 100.567 100.651 100.359 99.827 100.13 100.92 101.117 101.238 101.337 101.427 101.51 101.589 101.664 101.736 101.805 101.874 101.942 102.012 102.083 102.156 102.23 102.307 102.387 102.466 102.546 102.622 102.673 102.715 102.756 102.798 102.84 102.883 102.927 -9999 103.021 -9999 103.132
