Validation/Results/raw data/ReClimate_08_2024_1weatherlogisticsltd.asc
NCOLS 192
NROWS 249
XLLCENTER -225160.85627316462
YLLCENTER 29788.11610251502
CELLSIZE 5000.0
NODATA_VALUE -9999
[rows 66 to 98 of 249, columns 74 to 147 of 192]
-9999 -9999 -9999 -9999 -9999 -9999 -9999 -9999 -9999 -9999 -9999 103.352 -9999 103.276 103.303 103.357 103.408 103.944 104.71 105.559 106.425 106.39 106.271 106.648 106.987 107.3 107.581 107.836 108.067 108.275 108.443 108.524 -9999 -9999 -9999 -9999 -9999 -9999 -9999 -9999 -9999 -9999 -9999 -9999 -9999 -9999 -9999 -9999 -9999 -9999 -9999 -9999 -9999 -9999 -9999 -9999 -9999 -9999 -9999 -9999 -9999 -9999 -9999 -9999 -9999 -9999 -9999 -9999 -9999 -9999 -9999 -9999 -9999 -9999
-9999 -9999 -9999 -9999 -9999 -9999 -9999 -9999 -9999 -9999 -9999 -9999 103.276 103.292 103.287 103.38 103.821 104.788 105.866 106.743 107.506 107.419 107.161 107.532 107.872 108.164 108.418 108.67 108.901 109.113 -9999 -9999 -9999 -9999 -9999 -9999 -9999 -9999 -9999 -9999 -9999 -9999 -9999 -9999 -9999 -9999 -9999 -9999 -9999 -9999 -9999 -9999 -9999 -9999 -9999 -9999 -9999 -9999 -9999 -9999 -9999 -9999 -9999 -9999 -9999 -9999 -9999 -9999 -9999 -9999 -9999 -9999 -9999 -9999
-9999 -9999 -9999 -9999 -9999 -9999 -9999 -9999 -9999 -9999 -9999 -9999 103.29 103.354 103.408 104.024 104.793 105.748 106.503 107.238 107.915 107.907 108.036 108.388 108.698 108.974 109.219 109.468 109.7 109.901 -9999 -9999 -9999 -9999 -9999 -9999 -9999 -9999 -9999 -9999 -9999 -9999 -9999 -9999 -9999 -9999 -9999 -9999 -9999 -9999 -9999 -9999 -9999 -9999 -9999 -9999 -9999 -9999 -9999 -9999 -9999 -9999 -9999 -9999 -9999 -9999 -9999 -9999 -9999 -9999 -9999 -9999 -9999 -9999
-9999 -9999 -9999 -9999 -9999 -9999 -9999 -9999 -9999 -9999 -9999 -9999 -9999 -9999 104.176 105.04 105.863 106.56 107.072 107.756 108.467 108.95 109.838 109.864 109.451 109.725 109.991 110.238 -9999 -9999 -9999 -9999 -9999 -9999 -9999 -9999 -9999 -9999 -9999 -9999 -9999 -9999 -9999 -9999 -9999 -9999 -9999 -9999 -9999 -9999 -9999 -9999 -9999 -9999 -9999 -9999 -9999 -9999 -9999 -9999 -9999 -9999 -9999 -9999 -9999 -9999 -9999 -9999 -9999 -9999 -9999 -9999 -9999 -9999
-9999 -9999 -9999 -9999 -9999 -9999 -9999 -9999 103.572 -9999 -9999 103.308 103.599 104.252 105.156 106.055 106.903 107.475 107.972 108.746 109.674 110.301 110.499 110.305 110.202 110.48 110.739 110.983 -9999 -9999 -9999 -9999 -9999 -9999 -9999 -9999 -9999 -9999 -9999 -9999 -9999 -9999 -9999 -9999 -9999 -9999 -9999 -9999 -9999 -9999 -9999 -9999 -9999 -9999 -9999 -9999 -9999 -9999 -9999 -9999 -9999 -9999 -9999 -9999 -9999 -9999 -9999 -9999 -9999 -9999 -9999 -9999 -9999 -9999
-9999 -9999 -9999 -9999 -9999 -9999 103.859 103.741 103.423 103.297 103.309 103.342 103.81 104.868 106.075 107.045 107.86 108.494 109.155 109.955 110.592 110.598 110.155 110.446 110.95 111.218 111.47 111.708 -9999 -9999 -9999 -9999 -9999 -9999 -9999 -9999 -9999 -9999 -9999 -9999 -9999 -9999 -9999 -9999 -9999 -9999 -9999 -9999 -9999 -9999 -9999 -9999 -9999 -9999 -9999 -9999 -9999 -9999 -9999 -9999 -9999 -9999 -9999 -9999 -9999 -9999 -9999 -9999 -9999 -9999 -9999 -9999 -9999 -9999
-9999 -9999 -9999 -9999 -9999 -9999 104.31 103.646 -9999 103.428 103.561 104.153 105.242 106.513 107.856 108.557 108.926 109.78 110.826 111.279 111.488 111.336 111.448 111.728 111.689 111.946 112.188 -9999 112.651 -9999 -9999 -9999 -9999 -9999 -9999 -9999 -9999 -9999 -9999 -9999 -9999 -9999 -9999 -9999 -9999 -9999 -9999 -9999 -9999 -9999 -9999 -9999 -9999 -9999 -9999 -9999 -9999 -9999 -9999 -9999 -9999 -9999 -9999 -9999 -9999 -9999 -9999 -9999 -9999 -9999 -9999 -9999 -9999 -9999
-9999 -9999 -9999 -9999 -9999 -9999 -9999 103.988 103.806 103.848 104.329 105.486 106.453 107.716 108.765 109.186 109.519 110.376 110.986 111.263 111.586 111.805 112.034 112.161 112.426 112.67 112.899 113.122 113.339 -9999 -9999 -9999 -9999 -9999 -9999 -9999 -9999 -9999 -9999 -9999 -9999 -9999 -9999 -9999 -9999 -9999 -9999 -9999 -9999 -9999 -9999 -9999 -9999 -9999 -9999 -9999 -9999 -9999 -9999 -9999 -9999 -9999 -9999 -9999 -9999 -9999 -9999 -9999 -9999 -9999 -9999 -9999 -9999 -9999
105.296 -9999 -9999 -9999 -9999 -9999 -9999 -9999 104.274 104.513 105.586 106.788 108.145 109.142 109.806 110.154 110.357 110.933 111.4 111.757 112.165 112.42 112.645 112.921 113.171 113.399 113.612 113.819 114.023 -9999 -9999 -9999 -9999 -9999 -9999 -9999 -9999 -9999 -9999 -9999 -9999 -9999 -9999 -9999 -9999 -9999 -9999 -9999 -9999 -9999 -9999 -9999 -9999 -9999 -9999 -9999 -9999 -9999 -9999 -9999 -9999 -9999 -9999 -9999 -9999 -9999 -9999 -9999 -9999 -9999 -9999 -9999 -9999 -9999
106.035 -9999 -9999 -9999 -9999 -9999 105.4 105.074 104.937 105.643 106.864 108.174 109.347 110.141 110.795 111.215 111.785 112.114 112.208 112.587 112.916 113.176 113.449 113.699 113.934 114.145 -9999 114.537 -9999 -9999 -9999 -9999 -9999 -9999 115.733 115.939 116.155 -9999 -9999 -9999 -9999 -9999 -9999 -9999 -9999 -9999 -9999 -9999 -9999 -9999 -9999 -9999 -9999 -9999 -9999 -9999 -9999 -9999 -9999 -9999 -9999 -9999 -9999 -9999 -9999 -9999 -9999 -9999 -9999 -9999 -9999 -9999 -9999 -9999
106.887 106.73 -9999 -9999 -9999 -9999 -9999 105.663 105.867 106.925 107.975 109.233 110.116 110.923 111.647 112.261 112.694 112.884 113.098 113.439 113.748 114.029 114.285 114.52 114.733 114.925 115.099 -9999 -9999 -9999 -9999 115.763 115.952 116.212 116.494 116.736 116.957 117.125 117.29 117.428 117.54 117.642 117.706 117.747 117.763 117.754 117.716 117.747 117.643 117.495 117.289 117.189 117.807 -9999 -9999 -9999 -9999 -9999 -9999 -9999 -9999 -9999 -9999 -9999 -9999 -9999 -9999 -9999 -9999 -9999 -9999 -9999 -9999 -9999
107.677 107.504 -9999 -9999 -9999 106.812 -9999 106.361 107.162 108.083 109.068 109.974 110.986 111.727 112.27 112.989 113.769 113.952 114.0 114.325 114.622 114.894 115.142 115.367 115.571 115.755 -9999 -9999 -9999 -9999 116.52 116.57 116.897 117.227 117.524 117.789 118.023 118.228 118.405 118.557 118.686 118.791 118.876 118.94 118.984 119.008 119.011 118.99 118.943 118.865 118.748 118.661 118.647 -9999 -9999 -9999 -9999 -9999 -9999 -9999 -9999 -9999 -9999 -9999 -9999 -9999 -9999 -9999 -9999 -9999 -9999 -9999 -9999 -9999
108.417 108.223 -9999 -9999 -9999 107.445 107.253 107.437 108.336 109.198 110.007 110.88 111.73 112.536 113.007 113.873 114.595 114.754 114.902 115.214 115.503 115.769 116.015 116.241 116.449 -9999 -9999 116.94 117.03 117.17 117.327 117.668 118.029 118.364 118.67 118.944 119.189 119.406 119.597 119.764 119.909 120.034 120.142 120.234 120.312 120.375 120.426 120.465 120.49 120.501 120.496 120.513 120.475 120.486 -9999 -9999 -9999 -9999 -9999 -9999 -9999 -9999 -9999 -9999 -9999 -9999 -9999 -9999 -9999 -9999 -9999 -9999 -9999 -9999
109.114 108.903 -9999 108.494 -9999 108.099 107.982 108.518 109.388 110.2 110.966 111.698 112.537 113.1 113.777 114.527 115.088 115.471 115.811 116.114 116.397 116.663 116.912 117.146 117.384 -9999 117.97 118.027 118.136 118.308 118.562 118.877 119.21 119.533 119.834 120.11 120.358 120.581 120.78 120.957 121.114 121.255 121.383 121.498 121.605 121.704 121.798 121.89 121.98 122.072 122.168 122.309 122.436 122.588 -9999 -9999 -9999 -9999 -9999 -9999 -9999 -9999 -9999 -9999 -9999 -9999 -9999 -9999 -9999 -9999 -9999 -9999 -9999 -9999
109.774 -9999 109.331 -9999 -9999 -9999 108.782 109.52 110.339 111.109 111.839 112.541 113.213 113.874 114.522 115.151 115.752 116.271 116.718 117.031 117.314 117.583 117.841 118.129 118.534 118.835 119.057 119.195 119.37 119.582 119.843 120.126 120.429 120.732 121.022 121.29 121.536 121.759 121.96 122.142 122.308 122.46 122.603 122.738 122.87 123.001 123.135 123.275 123.426 123.592 123.781 124.001 124.314 124.665 -9999 -9999 -9999 -9999 -9999 -9999 -9999 -9999 -9999 -9999 -9999 -9999 -9999 -9999 -9999 -9999 -9999 -9999 -9999 -9999
110.405 110.165 -9999 -9999 -9999 -9999 109.599 110.43 111.206 -9999 112.64 113.318 113.98 114.61 115.237 115.853 116.446 117.014 117.508 117.941 118.257 118.542 118.884 119.379 119.793 119.993 120.178 120.367 120.577 120.823 121.098 121.394 121.674 121.956 122.23 122.487 122.725 122.942 123.141 123.324 123.493 123.654 123.808 123.961 124.115 124.275 124.445 124.631 124.838 125.074 125.35 125.681 126.134 126.482 -9999 -9999 -9999 -9999 -9999 -9999 -9999 -9999 -9999 -9999 -9999 -9999 -9999 -9999 -9999 -9999 -9999 -9999 -9999 -9999
111.004 110.759 -9999 -9999 -9999 109.919 -9999 -9999 112.002 112.705 113.38 114.052 114.713 115.314 115.916 116.528 117.125 117.691 118.242 118.731 119.189 119.647 120.18 120.643 120.888 121.093 121.3 121.517 121.754 122.022 122.322 122.63 122.934 123.198 123.455 123.698 123.924 124.132 124.325 124.504 124.674 124.839 125.003 125.17 125.344 125.531 125.736 125.964 126.225 126.529 126.889 127.36 127.84 -9999 -9999 -9999 -9999 -9999 -9999 -9999 -9999 -9999 -9999 -9999 -9999 -9999 -9999 -9999 -9999 -9999 -9999 -9999 -9999 -9999
111.562 111.333 111.086 110.85 -9999 -9999 -9999 112.004 112.738 -9999 114.069 114.722 115.338 115.945 116.56 117.174 117.777 118.359 118.914 119.482 120.125 120.85 121.447 121.728 121.949 122.17 122.397 122.639 122.901 123.189 123.503 123.839 124.161 124.452 124.694 124.922 125.134 125.33 125.512 125.684 125.852 126.018 126.189 126.369 126.562 126.774 127.012 127.283 127.597 127.967 128.411 128.986 -9999 -9999 -9999 -9999 -9999 -9999 -9999 -9999 -9999 -9999 -9999 -9999 -9999 -9999 -9999 -9999 -9999 -9999 -9999 -9999 -9999 -9999
112.095 111.891 111.636 111.394 -9999 111.308 112.032 112.738 113.421 114.077 114.713 115.336 115.95 116.56 117.172 117.788 118.407 119.012 119.603 120.3 121.124 121.862 122.33 122.701 122.984 123.221 123.468 123.732 124.017 124.325 124.656 125.007 125.362 125.683 125.944 126.157 126.352 126.532 126.701 126.864 127.026 127.193 127.369 127.561 127.772 128.01 128.281 128.594 128.962 129.399 129.926 130.554 -9999 -9999 -9999 -9999 -9999 -9999 -9999 -9999 -9999 -9999 -9999 -9999 -9999 -9999 -9999 -9999 -9999 -9999 -9999 -9999 -9999 -9999
112.634 112.452 112.174 111.926 111.708 111.988 112.707 -9999 114.06 114.698 115.32 115.932 116.539 117.146 117.757 118.378 119.011 119.653 120.384 121.239 122.006 122.544 123.024 123.454 123.848 124.215 124.511 124.796 125.102 125.431 125.781 126.148 126.526 126.884 127.19 127.399 127.577 127.739 127.892 128.042 128.198 128.364 128.545 128.748 128.978 129.242 129.547 129.904 130.327 130.833 131.447 -9999 -9999 -9999 -9999 -9999 -9999 -9999 -9999 -9999 -9999 -9999 -9999 -9999 -9999 -9999 -9999 -9999 -9999 -9999 -9999 -9999 -9999 -9999
113.075 -9999 -9999 -9999 112.286 112.639 -9999 114.003 114.66 115.283 115.894 116.498 117.1 117.706 118.32 118.947 119.59 120.33 121.26 122.042 122.586 123.094 123.582 124.056 124.524 124.956 125.376 125.786 126.157 126.506 126.877 127.264 127.66 128.054 128.39 128.649 128.805 128.946 129.08 129.217 129.365 129.53 129.718 129.934 130.184 130.475 130.817 131.22 131.701 132.28 132.795 -9999 -9999 -9999 -9999 -9999 -9999 -9999 -9999 -9999 -9999 -9999 -9999 -9999 -9999 -9999 -9999 -9999 -9999 -9999 -9999 -9999 -9999 -9999
-9999 -9999 -9999 112.967 112.865 -9999 113.924 114.585 -9999 115.837 116.439 117.038 117.639 118.248 118.863 119.489 120.179 121.085 121.887 122.505 123.034 123.542 124.034 124.517 124.998 125.482 125.969 126.449 126.925 127.422 127.916 128.354 128.773 129.188 129.572 129.861 130.034 130.149 130.262 130.386 130.527 130.693 130.889 131.121 131.393 131.715 132.096 132.509 132.882 133.301 133.545 -9999 -9999 -9999 -9999 -9999 -9999 -9999 -9999 -9999 -9999 -9999 -9999 -9999 -9999 -9999 -9999 -9999 -9999 -9999 -9999 -9999 -9999 -9999
-9999 -9999 -9999 113.482 -9999 -9999 114.507 115.149 115.763 116.367 116.97 117.57 118.167 118.767 119.373 120.012 120.786 121.544 122.244 122.871 123.414 123.92 124.414 124.903 125.392 125.886 126.39 126.909 127.446 128.004 128.552 129.104 129.664 130.196 130.664 131.03 131.258 131.342 131.433 131.545 131.683 131.854 132.048 132.239 132.455 132.702 132.985 133.257 133.557 133.9 134.303 -9999 -9999 -9999 -9999 -9999 -9999 -9999 -9999 -9999 -9999 -9999 -9999 -9999 -9999 -9999 -9999 -9999 -9999 -9999 -9999 -9999 -9999 -9999
-9999 -9999 -9999 -9999 -9999 -9999 -9999 115.676 116.295 116.902 117.494 118.079 118.662 119.247 119.805 120.387 121.129 121.842 122.536 123.175 123.744 124.25 124.746 125.239 125.734 126.235 126.747 127.274 127.82 128.387 128.978 129.592 130.218 130.829 131.393 131.833 132.065 132.187 132.265 132.35 132.428 132.512 132.575 132.791 133.108 133.317 133.553 133.821 134.128 134.482 -9999 -9999 -9999 -9999 -9999 -9999 -9999 -9999 -9999 -9999 -9999 -9999 -9999 -9999 -9999 -9999 -9999 -9999 -9999 -9999 -9999 -9999 -9999 -9999
-9999 -9999 -9999 -9999 -9999 114.937 115.587 -9999 116.825 117.41 117.983 118.541 119.056 119.525 119.996 120.676 121.398 122.096 122.778 123.437 124.031 124.536 125.034 125.531 126.029 126.535 127.052 127.584 128.134 128.706 129.302 129.924 130.572 131.238 131.859 132.306 132.604 132.804 132.864 132.966 133.144 133.24 133.488 133.641 133.648 133.858 134.098 134.372 134.687 135.048 -9999 -9999 -9999 -9999 -9999 -9999 -9999 -9999 -9999 -9999 -9999 -9999 -9999 -9999 -9999 -9999 -9999 -9999 -9999 -9999 -9999 -9999 -9999 -9999
-9999 -9999 -9999 -9999 115.025 115.447 116.132 116.737 117.308 117.83 118.31 118.766 119.194 119.625 120.188 120.919 121.624 122.31 122.984 123.651 124.252 124.783 125.283 125.781 126.282 126.791 127.309 127.842 128.392 128.962 129.554 130.171 130.813 131.474 132.067 132.521 132.905 133.192 133.366 133.513 133.601 133.776 133.911 133.982 134.169 134.384 134.629 134.912 135.237 -9999 -9999 -9999 -9999 -9999 -9999 -9999 -9999 -9999 -9999 -9999 -9999 -9999 -9999 -9999 -9999 -9999 -9999 -9999 -9999 -9999 -9999 -9999 -9999 -9999
-9999 -9999 -9999 -9999 115.536 -9999 116.517 117.048 117.537 117.99 118.427 118.853 119.272 119.74 120.409 121.123 121.815 122.492 123.159 123.821 124.442 124.995 125.495 125.994 126.497 127.005 127.523 128.054 128.599 129.162 129.742 130.341 130.953 131.562 132.115 132.589 133.039 133.428 133.704 133.891 134.048 134.172 134.316 134.484 134.676 134.897 135.151 135.443 135.781 -9999 -9999 -9999 -9999 -9999 -9999 -9999 -9999 -9999 -9999 -9999 -9999 -9999 -9999 -9999 -9999 -9999 -9999 -9999 -9999 -9999 -9999 -9999 -9999 -9999
-9999 -9999 -9999 -9999 -9999 -9999 116.688 117.177 117.638 118.077 118.503 118.92 119.334 119.868 120.593 121.294 121.975 122.644 123.306 123.964 124.602 125.175 125.675 126.175 126.677 127.184 127.7 128.226 128.764 129.315 129.879 130.454 131.032 131.598 132.131 132.628 133.11 133.573 133.953 134.196 134.431 134.644 134.797 134.972 135.172 135.402 135.666 135.97 136.323 -9999 -9999 -9999 -9999 -9999 -9999 -9999 -9999 -9999 -9999 -9999 -9999 -9999 -9999 -9999 -9999 -9999 -9999 -9999 -9999 -9999 -9999 -9999 -9999 -9999
-9999 -9999 -9999 -9999 115.902 116.293 116.8 117.272 117.717 118.145 118.56 118.97 119.406 -9999 120.746 121.435 122.109 122.772 123.429 124.085 124.736 125.323 125.827 126.326 126.827 127.332 127.844 128.365 128.894 129.433 129.981 130.534 131.086 131.629 132.154 132.663 133.168 133.685 134.109 134.423 134.72 135.002 135.265 135.45 135.66 135.901 136.177 136.466 136.679 -9999 -9999 -9999 -9999 -9999 -9999 -9999 -9999 -9999 -9999 -9999 -9999 -9999 -9999 -9999 -9999 -9999 -9999 -9999 -9999 -9999 -9999 -9999 -9999 -9999
115.508 115.474 115.724 115.822 -9999 116.323 116.889 117.346 117.778 118.195 118.602 119.005 -9999 120.172 120.872 121.552 122.22 122.878 123.532 124.186 124.843 125.437 125.954 126.452 126.952 127.454 127.962 128.477 128.998 129.526 130.06 130.597 131.133 131.664 132.186 132.704 133.227 133.769 134.244 134.615 134.936 135.286 135.614 135.923 136.145 136.398 136.689 136.921 -9999 -9999 -9999 -9999 -9999 -9999 -9999 -9999 -9999 -9999 -9999 -9999 -9999 -9999 -9999 -9999 -9999 -9999 -9999 -9999 -9999 -9999 -9999 -9999 -9999 -9999
115.669 115.75 115.816 115.872 115.958 -9999 116.912 117.402 117.823 118.23 118.629 119.031 119.57 120.283 120.974 121.648 122.311 122.967 123.619 124.271 124.927 125.532 126.061 126.558 127.055 127.555 128.059 128.568 129.083 129.602 130.126 130.652 131.179 131.704 132.228 132.755 133.292 133.851 134.377 134.798 135.133 135.501 135.903 136.28 136.63 136.897 -9999 -9999 -9999 -9999 -9999 -9999 -9999 -9999 -9999 -9999 -9999 -9999 -9999 -9999 -9999 -9999 -9999 -9999 -9999 -9999 -9999 -9999 -9999 -9999 -9999 -9999 -9999 -9999
-9999 -9999 -9999 115.917 -9999 116.296 116.86 117.415 117.853 118.251 -9999 -9999 119.667 120.372 121.057 121.727 122.387 123.041 123.692 124.343 124.998 125.612 126.149 126.645 127.141 127.638 128.139 128.644 129.153 129.667 130.185 130.705 131.228 131.753 132.281 132.817 133.367 133.942 134.513 134.979 135.327 135.706 136.127 136.585 137.016 -9999 -9999 -9999 -9999 -9999 -9999 -9999 -9999 -9999 -9999 -9999 -9999 -9999 -9999 -9999 -9999 -9999 -9999 -9999 -9999 -9999 -9999 -9999 -9999 -9999 -9999 -9999 -9999 -9999
115.793 115.85 -9999 115.958 116.009 116.256 116.755 117.336 117.85 -9999 -9999 119.122 119.743 120.442 121.124 121.792 122.451 123.104 123.754 124.405 125.06 125.68 126.222 126.717 127.212 127.708 128.206 128.708 129.215 129.725 130.239 130.758 131.281 131.809 132.344 132.89 133.452 134.043 134.655 135.161 135.521 135.913 136.345 136.83 137.35 137.792 -9999 -9999 -9999 -9999 -9999 -9999 -9999 -9999 -9999 -9999 -9999 -9999 -9999 -9999 -9999 -9999 -9999 -9999 -9999 -9999 -9999 -9999 -9999 -9999 -9999 -9999 -9999 -9999
