Validation/Results/raw data/ReClimate_07_2024_1_Temperature-Actuals.asc
NCOLS 192
NROWS 249
XLLCENTER -225160.85627316462
YLLCENTER 29788.11610251502
CELLSIZE 5000.0
NODATA_VALUE -9999
[rows 204 to 237 of 249, columns 75 to 149 of 192]
-9999 -9999 -9999 -9999 16.161 -9999 16.18 16.162 16.052 15.633 15.499 15.402 15.587 15.705 15.622 15.601 15.346 15.918 15.803 15.873 16.071 16.256 16.142 16.255 15.872 15.444 14.231 13.629 15.155 15.004 15.144 14.656 15.229 16.203 15.457 14.076 15.686 16.076 16.071 16.165 16.819 17.355 17.26 16.982 17.113 17.513 17.689 17.78 17.769 17.715 17.014 16.609 16.554 16.897 17.138 17.312 17.214 16.894 16.994 17.187 17.369 17.442 17.441 17.348 17.22 17.304 17.455 17.488 17.615 17.688 17.65 17.75 17.76 17.814 17.966
-9999 -9999 -9999 -9999 -9999 -9999 -9999 -9999 15.822 16.064 15.928 15.797 15.935 15.987 15.931 15.751 16.118 16.11 16.184 16.247 16.134 16.208 15.89 15.951 15.457 14.689 13.808 14.1 14.028 14.408 13.735 13.958 15.645 15.595 15.324 16.235 15.623 16.0 16.624 16.931 17.271 17.015 16.78 16.437 16.961 17.562 17.755 17.892 17.98 17.33 16.584 16.489 16.571 17.01 17.108 17.292 17.18 17.267 17.299 17.496 17.672 17.723 17.628 17.475 17.412 17.483 17.67 17.777 17.697 17.587 17.472 17.557 17.785 17.792 17.92
-9999 -9999 -9999 -9999 -9999 -9999 -9999 -9999 16.072 16.061 16.019 16.108 15.796 15.642 15.479 15.808 16.095 16.245 16.445 16.073 15.904 16.108 16.249 16.406 15.904 15.667 15.48 15.212 14.907 14.694 14.132 14.591 14.409 15.106 15.688 15.243 15.023 16.628 16.949 17.153 16.774 16.788 16.272 16.567 17.004 17.606 17.762 17.651 16.861 16.433 16.534 16.758 16.719 16.926 17.118 17.241 17.419 17.325 17.593 17.776 17.969 17.991 17.763 17.545 17.441 17.554 17.787 17.858 17.724 17.35 17.43 17.51 17.578 17.781 17.892
-9999 -9999 -9999 -9999 -9999 -9999 16.392 16.317 16.215 16.244 -9999 16.21 16.088 15.903 16.091 16.172 16.367 -9999 16.475 16.21 16.343 15.97 16.583 15.851 15.953 15.791 15.567 15.527 15.843 15.429 15.127 15.07 15.12 15.44 15.716 14.658 15.701 16.794 16.796 17.111 16.986 16.484 16.578 16.853 17.253 17.507 17.548 16.947 16.88 16.587 16.724 16.719 16.966 17.105 17.203 17.404 17.61 17.673 17.797 17.815 18.096 18.08 17.938 17.76 17.718 17.722 17.777 17.714 17.451 17.353 17.341 17.595 17.656 17.773 17.909
-9999 -9999 -9999 -9999 -9999 -9999 16.417 -9999 -9999 -9999 16.487 16.373 16.203 -9999 -9999 -9999 -9999 -9999 16.538 16.487 16.206 16.986 16.727 16.562 16.427 16.151 16.276 16.241 14.581 14.683 15.779 15.886 15.897 15.795 15.258 15.31 16.537 16.687 17.094 17.105 16.457 16.696 16.838 17.338 17.392 17.525 17.29 16.96 17.012 16.779 16.976 17.121 17.157 17.293 17.479 17.6 17.75 17.794 17.872 17.892 17.976 18.11 17.832 17.801 17.756 17.77 17.644 17.585 17.452 17.301 17.449 17.747 17.841 17.965 17.968
-9999 -9999 -9999 -9999 -9999 -9999 -9999 -9999 16.35 16.335 16.273 16.433 16.185 -9999 -9999 -9999 -9999 -9999 -9999 -9999 -9999 17.411 17.285 17.185 17.199 16.779 16.381 14.668 14.142 14.423 14.998 15.591 15.792 15.856 15.968 15.996 16.374 17.069 17.178 16.303 16.562 16.722 17.582 17.575 17.537 17.595 16.959 16.97 16.878 16.969 17.182 17.353 17.405 17.474 17.548 17.659 17.614 17.687 17.818 17.994 18.029 18.026 17.822 17.707 17.527 17.474 17.72 17.552 17.454 17.511 17.676 17.861 18.133 18.168 18.168
-9999 -9999 -9999 -9999 -9999 -9999 -9999 -9999 -9999 16.275 -9999 -9999 -9999 -9999 -9999 -9999 -9999 -9999 -9999 16.575 16.967 17.096 17.062 17.42 17.453 17.15 16.337 15.377 14.489 14.571 15.324 16.304 16.147 15.808 16.108 16.461 17.213 17.52 17.186 16.849 17.0 17.474 -9999 17.626 17.568 17.277 16.595 16.612 16.882 17.092 17.329 17.408 17.502 17.477 17.523 17.541 17.644 17.655 17.791 17.907 17.976 17.818 17.671 17.482 17.221 17.253 17.416 17.827 17.705 17.685 17.9 17.941 18.129 18.339 18.322
-9999 -9999 -9999 -9999 -9999 -9999 -9999 -9999 -9999 -9999 -9999 -9999 -9999 -9999 -9999 -9999 -9999 -9999 -9999 16.599 16.85 17.15 17.16 -9999 -9999 -9999 17.075 15.937 16.048 15.895 16.444 16.482 15.989 16.252 17.034 17.354 17.482 17.66 17.45 17.52 17.643 -9999 17.679 17.399 17.443 16.906 16.512 16.862 17.039 17.267 17.329 17.321 17.446 17.51 17.524 17.563 17.446 17.409 17.512 17.554 17.699 17.759 17.511 17.143 17.169 17.198 17.455 17.822 18.021 17.923 18.129 18.36 18.443 18.631 18.696
-9999 -9999 -9999 -9999 -9999 -9999 -9999 -9999 -9999 -9999 -9999 -9999 -9999 -9999 -9999 -9999 -9999 -9999 -9999 -9999 -9999 -9999 -9999 -9999 -9999 -9999 17.712 17.096 16.445 16.59 16.938 16.991 16.882 17.212 17.502 17.6 17.618 17.612 17.67 -9999 -9999 17.989 17.658 17.527 17.409 16.901 16.732 16.969 17.114 17.347 17.512 17.339 17.404 17.479 17.269 17.132 17.123 17.07 16.903 17.094 17.225 17.409 17.472 17.299 17.235 17.462 17.444 17.748 18.154 18.204 18.315 18.473 18.695 18.817 18.903
-9999 -9999 -9999 -9999 -9999 -9999 -9999 -9999 -9999 -9999 -9999 -9999 -9999 -9999 -9999 -9999 -9999 -9999 -9999 -9999 -9999 -9999 -9999 -9999 -9999 -9999 17.505 17.208 16.937 16.925 16.991 17.165 17.414 17.563 17.664 17.73 -9999 -9999 -9999 -9999 -9999 18.043 17.668 17.646 17.451 16.983 16.804 16.968 17.032 17.351 17.57 17.381 17.077 17.137 16.9 16.81 16.844 17.001 16.982 16.882 17.139 17.2 17.551 17.739 17.639 17.895 17.891 17.976 18.227 18.379 18.626 18.884 18.851 18.785 18.937
-9999 -9999 -9999 -9999 -9999 -9999 -9999 -9999 -9999 -9999 -9999 -9999 -9999 -9999 -9999 -9999 -9999 -9999 -9999 -9999 -9999 -9999 -9999 -9999 -9999 -9999 -9999 -9999 17.141 16.81 17.07 17.317 17.304 17.492 17.714 -9999 -9999 -9999 -9999 17.616 17.48 17.318 17.731 17.733 17.489 16.859 16.802 16.818 16.926 17.241 17.418 17.108 16.701 16.531 16.69 16.714 16.927 16.987 17.252 17.229 17.239 17.465 17.573 17.898 18.109 18.099 18.097 18.106 18.161 18.173 18.487 18.871 18.994 18.891 18.839
-9999 -9999 -9999 -9999 -9999 -9999 -9999 -9999 -9999 -9999 -9999 -9999 -9999 -9999 -9999 -9999 -9999 -9999 -9999 -9999 -9999 -9999 -9999 -9999 -9999 -9999 -9999 -9999 -9999 17.304 17.358 17.314 17.283 17.597 -9999 -9999 -9999 -9999 17.632 17.566 17.235 17.187 17.366 17.577 17.508 17.211 17.261 16.929 16.995 17.151 16.995 16.897 16.741 16.411 16.545 16.797 17.087 17.266 17.39 17.501 17.457 17.459 17.646 17.888 18.021 18.012 17.818 17.939 18.094 18.081 18.205 18.597 18.846 18.909 18.904
-9999 -9999 -9999 -9999 -9999 -9999 -9999 -9999 -9999 -9999 -9999 -9999 -9999 -9999 -9999 -9999 -9999 -9999 -9999 -9999 -9999 -9999 -9999 -9999 -9999 -9999 -9999 -9999 -9999 -9999 -9999 -9999 -9999 -9999 -9999 -9999 -9999 17.692 17.788 17.748 17.35 17.111 17.449 17.479 17.261 17.396 17.262 17.237 17.469 17.303 17.103 16.988 16.948 16.862 16.69 16.822 17.031 16.956 17.168 17.268 17.351 17.395 17.459 17.717 17.851 17.777 17.657 17.6 17.892 18.049 18.115 18.252 18.491 18.561 18.611
-9999 -9999 -9999 -9999 -9999 -9999 -9999 -9999 -9999 -9999 -9999 -9999 -9999 -9999 -9999 -9999 -9999 -9999 -9999 -9999 -9999 -9999 -9999 -9999 -9999 -9999 -9999 -9999 -9999 -9999 -9999 -9999 -9999 -9999 -9999 -9999 18.035 17.91 17.644 17.323 16.269 16.862 17.378 17.245 17.206 17.208 17.218 17.55 17.584 17.545 17.37 17.215 17.344 17.116 16.898 16.65 16.813 16.955 16.639 16.913 17.116 17.337 17.524 17.687 17.817 17.801 17.761 17.827 17.774 17.859 18.021 18.101 18.139 18.148 17.921
-9999 -9999 -9999 -9999 -9999 -9999 -9999 -9999 -9999 -9999 -9999 -9999 -9999 -9999 -9999 -9999 -9999 -9999 -9999 -9999 -9999 -9999 -9999 -9999 -9999 -9999 -9999 -9999 -9999 -9999 -9999 -9999 -9999 -9999 -9999 -9999 17.984 17.824 17.808 17.069 16.57 16.412 16.71 16.965 17.1 16.992 17.368 17.465 17.466 17.161 16.954 16.949 17.194 17.295 17.126 17.043 16.851 16.946 17.032 16.971 17.142 17.284 17.5 17.737 17.87 17.903 17.829 17.854 17.839 17.745 17.841 17.875 17.616 17.605 17.535
-9999 -9999 -9999 -9999 -9999 -9999 -9999 -9999 -9999 -9999 -9999 -9999 -9999 -9999 -9999 -9999 -9999 -9999 -9999 -9999 -9999 -9999 -9999 14.439 14.264 14.323 14.732 -9999 15.862 -9999 -9999 -9999 -9999 -9999 -9999 -9999 -9999 17.862 17.752 17.408 17.096 16.905 16.671 16.677 16.798 17.134 17.238 17.255 16.937 16.745 17.0 17.038 17.175 17.24 17.209 17.308 17.402 17.43 17.339 17.389 17.296 17.206 17.14 17.405 17.716 17.776 17.692 17.718 17.676 17.624 17.764 17.731 17.461 17.405 17.608
-9999 -9999 -9999 -9999 -9999 -9999 -9999 -9999 -9999 -9999 -9999 -9999 -9999 -9999 -9999 -9999 -9999 -9999 -9999 -9999 16.216 15.869 15.047 14.156 13.714 13.878 14.265 14.691 15.644 16.736 17.342 -9999 -9999 16.901 17.426 17.681 17.846 17.837 17.752 17.735 17.585 17.395 17.09 16.774 16.894 17.105 17.082 16.659 16.871 17.066 16.958 17.189 17.34 17.443 17.377 17.371 17.492 17.592 17.743 17.649 17.48 17.297 17.276 17.178 17.296 17.548 17.628 17.702 17.864 17.656 17.748 17.31 17.223 17.363 17.616
-9999 -9999 -9999 -9999 -9999 -9999 -9999 -9999 -9999 -9999 -9999 -9999 -9999 -9999 -9999 -9999 -9999 -9999 -9999 16.131 16.161 16.255 15.568 14.56 13.903 13.902 14.223 14.805 15.492 16.111 16.734 16.848 16.75 16.844 16.972 17.596 17.751 17.828 17.684 17.516 17.689 17.522 17.049 17.02 17.073 16.942 16.428 16.837 16.726 16.809 17.0 17.263 17.485 17.493 17.308 17.403 17.459 17.68 17.743 17.739 17.586 17.425 17.196 17.034 17.268 17.514 17.649 17.371 17.546 17.799 17.721 17.768 17.381 17.533 17.646
-9999 -9999 -9999 -9999 -9999 -9999 -9999 -9999 -9999 -9999 -9999 -9999 -9999 -9999 -9999 -9999 -9999 -9999 -9999 16.073 16.679 17.011 16.317 15.209 14.914 14.724 14.599 15.146 15.628 16.37 16.198 16.0 16.481 16.823 17.085 17.06 17.583 17.795 17.642 17.656 17.447 17.285 17.402 17.404 17.192 16.749 16.817 16.838 16.662 16.857 16.979 17.233 17.4 17.396 17.233 17.197 17.604 17.735 17.749 17.795 17.815 17.709 17.48 17.112 17.023 17.473 17.641 17.534 17.343 17.615 17.821 17.868 17.896 17.844 17.587
-9999 -9999 -9999 -9999 -9999 -9999 -9999 -9999 -9999 -9999 -9999 -9999 -9999 -9999 -9999 -9999 -9999 -9999 -9999 16.371 17.161 16.924 16.609 16.065 16.129 15.814 15.915 15.911 16.162 16.396 15.98 16.163 16.875 17.164 17.293 17.541 17.77 17.819 17.727 17.472 17.26 17.389 17.427 17.294 16.973 17.023 17.057 17.099 17.029 16.98 16.85 17.0 17.323 17.569 17.527 17.547 17.682 17.667 17.739 17.884 17.684 17.599 17.599 17.184 16.797 17.271 17.709 17.694 17.645 17.714 17.79 17.857 17.832 17.765 17.676
-9999 -9999 -9999 -9999 -9999 -9999 -9999 -9999 -9999 -9999 -9999 -9999 -9999 -9999 -9999 16.413 16.024 -9999 16.074 16.785 16.656 16.5 16.562 16.729 16.623 16.552 16.209 16.013 16.193 16.477 16.503 16.747 17.078 17.419 17.576 17.592 17.57 17.605 17.684 17.514 17.437 17.387 17.32 16.956 17.173 17.174 17.14 17.003 16.851 16.834 16.687 16.844 17.185 17.554 17.636 17.683 17.739 17.894 17.776 17.792 17.752 17.418 17.571 17.411 17.288 17.354 17.806 17.902 17.782 17.721 17.737 17.786 17.893 17.962 17.954
-9999 -9999 -9999 -9999 -9999 -9999 -9999 -9999 -9999 -9999 -9999 -9999 -9999 -9999 -9999 16.259 15.97 16.006 16.174 16.419 16.395 16.588 16.279 16.265 16.476 16.111 16.107 16.122 16.268 16.599 16.544 16.66 16.938 16.691 16.579 16.925 17.244 17.532 17.629 17.481 17.327 17.211 17.123 17.037 17.252 17.101 17.18 16.997 16.694 16.685 16.891 16.984 17.286 17.447 17.559 17.657 17.955 18.019 18.075 18.093 17.963 17.716 17.624 17.459 17.243 17.312 17.168 17.542 17.769 17.755 17.808 17.792 17.877 18.053 18.143
-9999 -9999 -9999 -9999 -9999 -9999 -9999 -9999 -9999 -9999 -9999 -9999 -9999 -9999 16.465 16.054 16.09 16.041 16.086 16.296 16.442 16.39 16.249 16.437 16.526 16.275 16.276 16.244 16.546 16.786 17.037 17.097 16.703 16.119 16.333 16.535 16.775 17.32 17.401 17.416 17.409 17.269 17.187 17.137 17.182 17.222 17.259 17.045 16.756 17.075 17.173 17.286 17.36 17.459 17.492 17.527 17.933 18.346 18.488 18.317 18.303 18.085 17.993 17.864 17.648 17.571 17.361 17.245 17.394 17.095 17.514 17.314 17.405 17.966 18.232
-9999 -9999 -9999 -9999 -9999 -9999 -9999 -9999 -9999 -9999 -9999 -9999 -9999 -9999 -9999 16.318 16.16 16.131 16.31 16.461 16.595 16.623 16.617 16.639 16.624 16.523 16.466 16.753 16.959 17.196 17.096 17.15 16.531 16.264 16.369 16.247 16.703 17.098 17.099 17.251 17.336 17.231 17.054 17.116 17.137 17.127 17.058 16.875 17.256 17.22 17.344 17.425 17.454 17.439 17.447 17.614 17.86 18.269 18.497 -9999 18.279 18.284 18.089 18.124 18.103 18.066 17.978 17.824 17.779 17.498 17.329 17.456 17.305 17.547 17.888
-9999 -9999 -9999 -9999 -9999 -9999 -9999 -9999 -9999 -9999 -9999 -9999 -9999 -9999 16.38 16.492 16.209 16.144 16.245 16.329 16.573 16.737 16.697 16.609 16.457 16.574 16.85 17.047 17.108 17.137 17.193 16.985 16.828 16.874 16.739 16.521 17.096 17.241 16.738 17.029 17.016 16.426 16.604 16.566 16.568 16.748 16.797 17.016 17.282 17.509 17.532 17.601 17.553 17.514 17.477 17.586 17.792 17.985 18.251 18.415 -9999 18.437 -9999 18.491 -9999 18.255 -9999 18.145 18.087 17.902 17.618 17.576 17.725 18.007 -9999
-9999 -9999 -9999 -9999 -9999 -9999 -9999 -9999 -9999 -9999 -9999 -9999 -9999 -9999 16.523 16.282 16.034 16.117 16.136 16.166 16.169 16.472 16.328 16.265 16.365 16.671 16.974 17.108 17.224 17.247 17.217 17.168 16.993 16.884 16.62 16.932 17.35 16.709 16.809 17.309 16.894 16.656 16.599 16.463 16.707 17.006 17.033 17.266 17.451 17.469 17.693 17.708 17.605 17.544 17.489 17.505 17.707 17.868 18.122 18.331 -9999 -9999 18.677 18.696 -9999 -9999 18.166 18.125 18.091 -9999 -9999 -9999 -9999 -9999 -9999
-9999 -9999 -9999 -9999 -9999 -9999 -9999 -9999 -9999 -9999 -9999 -9999 -9999 16.22 16.231 16.144 16.104 16.356 16.418 16.208 16.286 16.137 15.634 15.702 16.077 16.392 16.614 16.812 17.12 17.182 17.116 17.145 16.894 16.44 16.424 16.761 16.73 16.909 17.553 17.412 17.022 16.699 16.518 16.965 17.306 17.207 17.294 17.359 17.528 17.792 17.951 17.688 17.771 17.676 17.664 17.577 17.665 -9999 -9999 -9999 18.373 -9999 -9999 -9999 -9999 -9999 -9999 17.969 -9999 -9999 -9999 -9999 -9999 -9999 -9999
-9999 -9999 -9999 -9999 -9999 -9999 -9999 -9999 -9999 -9999 -9999 -9999 16.474 15.84 15.764 16.043 16.572 16.743 16.681 16.569 16.369 15.546 14.748 14.993 15.972 16.128 16.079 16.801 16.778 17.209 17.264 16.982 17.048 17.086 17.163 -9999 -9999 -9999 -9999 -9999 17.441 17.015 16.831 17.086 17.315 17.372 17.282 17.426 17.612 17.893 -9999 17.657 -9999 -9999 -9999 -9999 -9999 17.66 17.799 17.91 17.925 18.004 18.298 -9999 -9999 -9999 -9999 -9999 -9999 -9999 -9999 -9999 -9999 -9999 -9999
-9999 -9999 -9999 -9999 -9999 -9999 -9999 -9999 -9999 -9999 -9999 17.154 16.236 15.469 15.515 16.02 16.385 16.685 16.87 16.463 15.954 14.923 14.349 14.721 15.321 15.699 16.465 16.283 16.933 17.227 17.226 17.376 -9999 -9999 -9999 -9999 -9999 -9999 -9999 -9999 -9999 -9999 17.465 17.528 17.67 17.317 17.015 16.978 17.382 17.218 17.517 -9999 -9999 -9999 -9999 -9999 -9999 -9999 17.785 17.663 17.854 17.841 -9999 -9999 -9999 -9999 -9999 -9999 -9999 -9999 -9999 -9999 -9999 -9999 -9999
-9999 -9999 -9999 -9999 -9999 -9999 -9999 -9999 -9999 17.115 17.293 16.849 16.047 15.43 15.19 15.367 16.05 16.742 16.576 16.226 15.744 15.059 14.518 15.016 15.465 16.037 16.216 17.169 16.772 16.892 -9999 -9999 -9999 -9999 -9999 -9999 -9999 -9999 -9999 -9999 -9999 -9999 -9999 17.883 -9999 -9999 -9999 -9999 -9999 17.479 17.205 -9999 -9999 -9999 -9999 -9999 -9999 -9999 -9999 -9999 17.574 17.514 -9999 -9999 -9999 -9999 -9999 -9999 -9999 -9999 -9999 -9999 -9999 -9999 -9999
-9999 -9999 -9999 -9999 -9999 -9999 -9999 -9999 17.042 -9999 16.933 16.743 16.07 15.466 15.211 15.321 15.995 16.307 16.221 16.611 16.436 15.545 15.161 15.4 16.087 16.39 16.854 17.21 17.341 17.611 -9999 -9999 -9999 -9999 -9999 -9999 -9999 -9999 -9999 -9999 -9999 -9999 -9999 -9999 17.797 -9999 -9999 -9999 -9999 -9999 -9999 -9999 -9999 -9999 -9999 -9999 -9999 -9999 -9999 -9999 -9999 -9999 -9999 -9999 -9999 -9999 -9999 -9999 -9999 -9999 -9999 -9999 -9999 -9999 -9999
-9999 -9999 -9999 -9999 -9999 -9999 -9999 17.112 17.07 16.535 16.814 16.763 16.237 16.02 15.802 15.851 16.213 16.179 16.421 -9999 16.662 15.957 15.4 15.001 15.596 16.67 17.014 17.459 17.629 -9999 -9999 -9999 -9999 -9999 -9999 -9999 -9999 -9999 -9999 -9999 -9999 -9999 -9999 -9999 -9999 -9999 -9999 -9999 -9999 -9999 -9999 -9999 -9999 -9999 -9999 -9999 -9999 -9999 -9999 -9999 -9999 -9999 -9999 -9999 -9999 -9999 -9999 -9999 -9999 -9999 -9999 -9999 -9999 -9999 -9999
-9999 -9999 -9999 -9999 -9999 -9999 -9999 17.141 16.824 16.582 16.476 16.458 16.349 16.314 16.131 16.394 16.596 16.621 17.136 17.119 16.966 16.431 15.439 15.177 16.053 16.541 17.149 17.387 17.32 -9999 -9999 -9999 -9999 -9999 -9999 -9999 -9999 -9999 -9999 -9999 -9999 -9999 -9999 -9999 -9999 -9999 -9999 -9999 -9999 -9999 -9999 -9999 -9999 -9999 -9999 -9999 -9999 -9999 -9999 -9999 -9999 -9999 -9999 -9999 -9999 -9999 -9999 -9999 -9999 -9999 -9999 -9999 -9999 -9999 -9999
-9999 -9999 -9999 -9999 -9999 -9999 17.116 17.095 16.714 16.281 16.136 16.296 16.398 16.481 16.507 16.646 16.434 16.881 17.199 17.226 16.979 16.714 16.246 16.167 16.49 16.94 17.129 17.141 -9999 -9999 -9999 -9999 -9999 -9999 -9999 -9999 -9999 -9999 -9999 -9999 -9999 -9999 -9999 -9999 -9999 -9999 -9999 -9999 -9999 -9999 -9999 -9999 -9999 -9999 -9999 -9999 -9999 -9999 -9999 -9999 -9999 -9999 -9999 -9999 -9999 -9999 -9999 -9999 -9999 -9999 -9999 -9999 -9999 -9999 -9999
