Validation/Results/raw data/ReClimate_08_2024_2.asc
NCOLS 192
NROWS 249
XLLCENTER -225160.85627316462
YLLCENTER 29788.11610251502
CELLSIZE 5000.0
NODATA_VALUE -9999
[rows 204 to 237 of 249, columns 75 to 149 of 192]
-9999 -9999 -9999 -9999 97.917 -9999 97.901 97.88 97.862 97.846 97.833 97.822 97.807 97.785 97.763 97.744 97.729 97.714 97.696 97.679 97.656 97.636 97.624 97.603 97.58 97.567 97.552 97.537 97.522 97.509 97.495 97.483 97.471 97.46 97.45 97.44 97.429 97.415 97.398 97.382 97.363 97.345 97.328 97.313 97.301 97.293 97.287 97.282 97.277 97.272 97.269 97.267 97.266 97.265 97.268 97.275 97.284 97.294 97.304 97.315 97.326 97.336 97.347 97.357 97.365 97.373 97.384 97.396 97.409 97.42 97.427 97.434 97.441 97.447 97.453
-9999 -9999 -9999 -9999 -9999 -9999 -9999 -9999 97.76 97.83 97.818 97.807 97.793 97.772 97.75 97.731 97.714 97.698 97.681 97.656 97.633 97.613 97.588 97.558 97.548 97.545 97.53 97.515 97.501 97.488 97.475 97.463 97.452 97.441 97.43 97.418 97.403 97.388 97.374 97.358 97.342 97.325 97.309 97.295 97.283 97.275 97.269 97.264 97.26 97.256 97.253 97.251 97.25 97.251 97.255 97.263 97.273 97.283 97.294 97.305 97.317 97.329 97.342 97.355 97.371 97.384 97.395 97.407 97.42 97.434 97.447 97.456 97.463 97.468 97.473
-9999 -9999 -9999 -9999 -9999 -9999 -9999 -9999 97.767 97.815 97.803 97.793 97.779 97.759 97.738 97.719 97.702 97.684 97.659 97.634 97.611 97.59 97.561 97.533 97.528 97.524 97.509 97.495 97.481 97.467 97.454 97.443 97.432 97.421 97.407 97.392 97.377 97.362 97.348 97.334 97.32 97.306 97.29 97.277 97.266 97.258 97.251 97.247 97.243 97.239 97.236 97.234 97.234 97.237 97.243 97.252 97.261 97.272 97.283 97.295 97.308 97.319 97.333 97.349 97.367 97.385 97.398 97.411 97.424 97.438 97.452 97.467 97.476 97.481 97.485
-9999 -9999 -9999 -9999 -9999 -9999 97.844 97.795 97.813 97.8 -9999 97.779 97.766 97.747 97.726 97.707 97.689 -9999 97.638 97.613 97.59 97.569 97.544 97.528 97.518 97.503 97.488 97.474 97.455 97.426 97.418 97.423 97.411 97.396 97.38 97.365 97.351 97.336 97.323 97.31 97.297 97.284 97.271 97.259 97.248 97.241 97.234 97.229 97.225 97.222 97.219 97.217 97.218 97.222 97.23 97.24 97.25 97.261 97.272 97.285 97.298 97.311 97.326 97.343 97.361 97.379 97.397 97.411 97.424 97.437 97.45 97.465 97.48 97.488 97.492
-9999 -9999 -9999 -9999 -9999 -9999 97.818 -9999 -9999 -9999 97.775 97.765 97.753 -9999 -9999 -9999 -9999 -9999 97.619 97.594 97.571 97.55 97.531 97.513 97.497 97.482 97.468 97.454 97.444 97.467 97.45 97.402 97.386 97.37 97.354 97.339 97.325 97.311 97.298 97.285 97.273 97.26 97.249 97.239 97.231 97.223 97.217 97.211 97.207 97.204 97.202 97.2 97.203 97.209 97.217 97.227 97.237 97.248 97.26 97.273 97.288 97.303 97.319 97.337 97.354 97.373 97.393 97.409 97.422 97.435 97.448 97.462 97.476 97.489 97.497
-9999 -9999 -9999 -9999 -9999 -9999 -9999 -9999 97.783 97.771 97.761 97.752 97.741 -9999 -9999 -9999 -9999 -9999 -9999 -9999 -9999 97.533 97.513 97.495 97.477 97.462 97.438 97.396 97.411 97.426 97.393 97.376 97.359 97.343 97.328 97.313 97.299 97.285 97.273 97.26 97.248 97.235 97.225 97.217 97.211 97.206 97.199 97.193 97.189 97.187 97.186 97.185 97.187 97.195 97.204 97.214 97.223 97.233 97.247 97.263 97.278 97.295 97.312 97.33 97.348 97.367 97.386 97.406 97.42 97.433 97.446 97.46 97.474 97.486 97.498
-9999 -9999 -9999 -9999 -9999 -9999 -9999 -9999 -9999 97.752 -9999 -9999 -9999 -9999 -9999 -9999 -9999 -9999 -9999 97.558 97.536 97.516 97.496 97.478 97.46 97.443 97.406 97.372 97.381 97.386 97.368 97.349 97.332 97.316 97.301 97.287 97.273 97.26 97.247 97.235 97.222 97.21 -9999 97.193 97.189 97.184 97.18 97.175 97.17 97.168 97.166 97.163 97.171 97.181 97.19 97.2 97.194 97.203 97.231 97.253 97.27 97.287 97.305 97.323 97.341 97.36 97.38 97.401 97.418 97.431 97.445 97.458 97.471 97.483 97.419
-9999 -9999 -9999 -9999 -9999 -9999 -9999 -9999 -9999 -9999 -9999 -9999 -9999 -9999 -9999 -9999 -9999 -9999 -9999 97.542 97.52 97.5 97.481 -9999 -9999 -9999 97.4 97.385 97.38 97.361 97.341 97.322 97.305 97.29 97.275 97.261 97.248 97.235 97.222 97.209 97.205 -9999 97.197 97.166 97.162 97.161 97.159 97.16 97.155 97.148 97.146 97.151 97.156 97.166 97.175 97.187 97.2 97.204 97.218 97.239 97.26 97.279 97.297 97.316 97.335 97.354 97.374 97.395 97.415 97.43 97.443 97.178 97.253 97.511 97.497
-9999 -9999 -9999 -9999 -9999 -9999 -9999 -9999 -9999 -9999 -9999 -9999 -9999 -9999 -9999 -9999 -9999 -9999 -9999 -9999 -9999 -9999 -9999 -9999 -9999 -9999 97.396 97.379 97.36 97.337 97.314 97.295 97.278 97.263 97.249 97.235 97.222 97.208 97.195 -9999 -9999 97.171 97.149 97.147 97.143 97.136 97.134 97.129 97.124 97.125 97.13 97.136 97.144 97.153 97.164 97.177 97.191 97.205 97.222 97.233 97.251 97.272 97.29 97.309 97.328 97.347 97.368 97.389 97.41 96.764 96.686 96.703 96.756 97.057 97.152
-9999 -9999 -9999 -9999 -9999 -9999 -9999 -9999 -9999 -9999 -9999 -9999 -9999 -9999 -9999 -9999 -9999 -9999 -9999 -9999 -9999 -9999 -9999 -9999 -9999 -9999 97.382 97.363 97.339 97.314 97.291 97.271 97.253 97.237 97.222 97.209 -9999 -9999 -9999 -9999 -9999 97.121 97.116 97.119 97.108 97.087 97.088 97.102 97.1 97.101 97.109 97.12 97.13 97.141 97.153 97.167 97.182 97.197 97.213 97.23 97.22 97.222 97.267 97.301 97.321 97.34 97.359 97.379 97.399 97.111 96.863 97.199 96.854 96.903 97.1
-9999 -9999 -9999 -9999 -9999 -9999 -9999 -9999 -9999 -9999 -9999 -9999 -9999 -9999 -9999 -9999 -9999 -9999 -9999 -9999 -9999 -9999 -9999 -9999 -9999 -9999 -9999 -9999 97.319 97.294 97.271 97.249 97.231 97.214 97.232 -9999 -9999 -9999 -9999 97.126 97.115 97.121 97.112 97.09 97.077 97.072 97.08 97.079 97.079 97.085 97.094 97.105 97.116 97.128 97.14 97.153 97.168 97.184 97.201 97.218 97.221 97.206 97.241 97.289 97.308 97.327 97.347 97.366 97.385 97.117 97.078 97.429 97.105 96.736 96.981
-9999 -9999 -9999 -9999 -9999 -9999 -9999 -9999 -9999 -9999 -9999 -9999 -9999 -9999 -9999 -9999 -9999 -9999 -9999 -9999 -9999 -9999 -9999 -9999 -9999 -9999 -9999 -9999 -9999 97.274 97.25 97.229 97.243 97.32 -9999 -9999 -9999 -9999 97.117 97.102 97.098 97.087 97.07 97.067 97.063 97.061 97.06 97.06 97.065 97.072 97.08 97.091 97.102 97.114 97.117 97.097 97.134 97.17 97.186 97.203 97.221 97.23 97.242 97.275 97.294 97.313 97.332 97.352 97.371 97.391 96.98 96.84 96.986 96.905 97.1
-9999 -9999 -9999 -9999 -9999 -9999 -9999 -9999 -9999 -9999 -9999 -9999 -9999 -9999 -9999 -9999 -9999 -9999 -9999 -9999 -9999 -9999 -9999 -9999 -9999 -9999 -9999 -9999 -9999 -9999 -9999 -9999 -9999 -9999 -9999 -9999 -9999 97.109 97.093 97.079 97.067 97.056 97.049 97.046 97.044 97.042 97.041 97.046 97.052 97.058 97.066 97.077 97.089 97.1 97.1 97.092 97.105 97.155 97.172 97.189 97.206 97.224 97.242 97.26 97.279 97.299 97.318 97.338 97.357 97.377 97.176 96.811 96.824 97.155 97.261
-9999 -9999 -9999 -9999 -9999 -9999 -9999 -9999 -9999 -9999 -9999 -9999 -9999 -9999 -9999 -9999 -9999 -9999 -9999 -9999 -9999 -9999 -9999 -9999 -9999 -9999 -9999 -9999 -9999 -9999 -9999 -9999 -9999 -9999 -9999 -9999 97.13 97.085 97.07 97.056 97.045 97.035 97.027 97.024 97.022 97.023 97.027 97.032 97.038 97.044 97.052 97.063 97.075 97.086 97.098 97.104 97.113 97.141 97.157 97.174 97.192 97.209 97.227 97.246 97.265 97.284 97.304 97.323 97.343 97.362 96.998 96.597 95.422 95.252 95.992
-9999 -9999 -9999 -9999 -9999 -9999 -9999 -9999 -9999 -9999 -9999 -9999 -9999 -9999 -9999 -9999 -9999 -9999 -9999 -9999 -9999 -9999 -9999 -9999 -9999 -9999 -9999 -9999 -9999 -9999 -9999 -9999 -9999 -9999 -9999 -9999 97.078 97.06 97.046 97.034 97.023 97.012 97.004 97.001 97.003 97.008 97.013 97.018 97.024 97.03 97.038 97.049 97.06 97.072 97.085 97.098 97.113 97.128 97.143 97.16 97.177 97.195 97.213 97.231 97.251 97.27 97.29 97.309 97.329 97.348 97.366 97.22 96.909 96.088 96.317
-9999 -9999 -9999 -9999 -9999 -9999 -9999 -9999 -9999 -9999 -9999 -9999 -9999 -9999 -9999 -9999 -9999 -9999 -9999 -9999 -9999 -9999 -9999 97.349 97.332 97.302 97.271 -9999 97.215 -9999 -9999 -9999 -9999 -9999 -9999 -9999 -9999 97.035 97.023 97.011 96.999 96.988 96.982 96.983 96.987 96.992 96.997 97.003 97.009 97.015 97.023 97.034 97.047 97.055 97.069 97.085 97.1 97.115 97.13 97.145 97.162 97.18 97.198 97.217 97.236 97.256 97.275 97.295 97.315 97.334 97.352 96.867 96.972 96.96 96.79
-9999 -9999 -9999 -9999 -9999 -9999 -9999 -9999 -9999 -9999 -9999 -9999 -9999 -9999 -9999 -9999 -9999 -9999 -9999 -9999 97.385 97.37 97.352 97.335 97.313 97.282 97.251 97.222 97.193 97.166 97.142 -9999 -9999 97.086 97.067 97.041 97.025 97.012 96.999 96.986 96.975 96.968 96.964 96.965 96.97 96.975 96.981 96.987 96.993 96.999 97.007 97.018 97.03 97.043 97.054 97.071 97.086 97.102 97.117 97.133 97.148 97.166 97.184 97.202 97.222 97.241 97.261 97.281 97.301 97.32 97.338 97.169 96.931 97.158 97.143
-9999 -9999 -9999 -9999 -9999 -9999 -9999 -9999 -9999 -9999 -9999 -9999 -9999 -9999 -9999 -9999 -9999 -9999 -9999 97.381 97.368 97.354 97.336 97.318 97.291 97.26 97.226 97.186 97.16 97.143 97.118 97.094 97.072 97.05 97.03 97.014 97.0 96.987 96.974 96.964 96.957 96.951 96.947 96.947 96.952 96.958 96.964 96.97 96.977 96.983 96.991 97.002 97.014 97.027 97.042 97.057 97.073 97.088 97.104 97.12 97.136 97.152 97.169 97.188 97.207 97.227 97.247 97.267 97.287 97.306 97.325 97.223 97.177 97.345 97.191
-9999 -9999 -9999 -9999 -9999 -9999 -9999 -9999 -9999 -9999 -9999 -9999 -9999 -9999 -9999 -9999 -9999 -9999 -9999 97.364 97.352 97.336 97.317 97.296 97.267 97.236 97.178 97.087 97.083 97.117 97.092 97.068 97.045 97.023 97.004 96.989 96.977 96.966 96.957 96.948 96.939 96.933 96.928 96.929 96.934 96.94 96.947 96.953 96.96 96.966 96.974 96.985 96.998 97.012 97.027 97.043 97.059 97.075 97.091 97.107 97.123 97.139 97.156 97.174 97.193 97.212 97.232 97.253 97.273 97.292 97.312 97.487 97.354 97.351 96.725
-9999 -9999 -9999 -9999 -9999 -9999 -9999 -9999 -9999 -9999 -9999 -9999 -9999 -9999 -9999 -9999 -9999 -9999 -9999 97.347 97.333 97.312 97.294 97.272 97.241 97.209 97.145 97.114 97.117 97.089 97.065 97.045 97.025 97.009 96.991 96.971 96.961 96.951 96.941 96.931 96.922 96.914 96.91 96.911 96.915 96.922 96.929 96.935 96.942 96.949 96.957 96.968 96.981 96.996 97.012 97.028 97.045 97.062 97.078 97.095 97.111 97.127 97.144 97.161 97.179 97.198 97.218 97.239 97.259 97.279 97.299 97.32 97.428 97.34 97.35
-9999 -9999 -9999 -9999 -9999 -9999 -9999 -9999 -9999 -9999 -9999 -9999 -9999 -9999 -9999 97.384 97.369 -9999 97.342 97.329 97.312 97.295 97.276 97.252 97.218 97.185 97.153 97.122 97.092 97.065 97.043 97.018 97.004 96.991 96.972 96.958 96.945 96.935 96.925 96.915 96.905 96.897 96.893 96.893 96.896 96.904 96.91 96.917 96.923 96.93 96.938 96.95 96.963 96.978 96.995 97.013 97.031 97.049 97.066 97.082 97.098 97.114 97.131 97.149 97.167 97.186 97.206 97.226 97.246 97.266 97.287 97.15 97.237 97.329 97.339
-9999 -9999 -9999 -9999 -9999 -9999 -9999 -9999 -9999 -9999 -9999 -9999 -9999 -9999 -9999 97.37 97.355 97.341 97.328 97.314 97.298 97.281 97.262 97.235 97.2 97.167 97.135 97.104 97.074 97.049 97.027 97.008 96.993 96.976 96.96 96.945 96.932 96.92 96.91 96.9 96.89 96.883 96.88 96.878 96.879 96.885 96.891 96.898 96.904 96.91 96.918 96.93 96.944 96.96 96.978 96.997 97.016 97.035 97.053 97.07 97.086 97.102 97.119 97.137 97.155 97.175 97.194 97.214 97.234 97.255 97.275 97.005 96.764 96.861 97.168
-9999 -9999 -9999 -9999 -9999 -9999 -9999 -9999 -9999 -9999 -9999 -9999 -9999 -9999 97.378 97.357 97.342 97.328 97.314 97.299 97.284 97.267 97.248 97.22 97.184 97.15 97.118 97.088 97.06 97.037 97.017 96.999 96.981 96.965 96.949 96.933 96.918 96.906 96.895 96.886 96.878 96.871 96.867 96.863 96.862 96.865 96.871 96.878 96.883 96.889 96.897 96.909 96.923 96.94 96.959 96.979 97.0 97.021 97.04 97.057 97.072 97.089 97.106 97.125 97.144 97.164 97.183 97.203 97.224 97.244 97.265 97.286 97.157 96.997 97.055
-9999 -9999 -9999 -9999 -9999 -9999 -9999 -9999 -9999 -9999 -9999 -9999 -9999 -9999 -9999 97.384 97.358 97.315 97.291 97.249 97.242 97.252 97.233 97.203 97.168 97.136 97.107 97.085 97.056 97.027 97.007 96.986 96.969 96.952 96.936 96.921 96.906 96.893 96.881 96.872 96.864 96.858 96.853 96.849 96.846 96.846 96.85 96.856 96.862 96.867 96.875 96.886 96.9 96.918 96.939 96.96 96.982 97.004 97.024 -9999 97.058 97.075 97.094 97.113 97.133 97.152 97.172 97.193 97.213 97.234 97.256 97.274 97.394 97.352 97.205
-9999 -9999 -9999 -9999 -9999 -9999 -9999 -9999 -9999 -9999 -9999 -9999 -9999 -9999 97.388 97.235 97.233 97.298 97.247 97.171 97.193 97.24 97.221 97.193 97.158 97.125 97.092 97.047 97.019 97.004 96.986 96.974 96.956 96.94 96.924 96.909 96.894 96.88 96.867 96.857 96.849 96.843 96.838 96.833 96.829 96.827 96.828 96.833 96.838 96.843 96.851 96.862 96.875 96.894 96.916 96.94 96.963 96.985 97.006 97.024 -9999 97.062 -9999 97.101 -9999 97.141 -9999 97.182 97.203 97.225 97.246 97.265 97.139 97.07 -9999
-9999 -9999 -9999 -9999 -9999 -9999 -9999 -9999 -9999 -9999 -9999 -9999 -9999 -9999 97.24 97.278 97.306 97.291 97.243 97.228 97.248 97.233 97.214 97.185 97.149 97.115 97.074 97.043 97.019 96.995 96.978 96.96 96.943 96.926 96.911 96.896 96.875 96.842 96.836 96.843 96.833 96.827 96.821 96.816 96.811 96.807 96.806 96.808 96.813 96.819 96.827 96.837 96.849 96.869 96.894 96.918 96.942 96.964 96.986 97.007 -9999 -9999 97.069 97.09 -9999 -9999 97.151 97.172 97.193 -9999 -9999 -9999 -9999 -9999 -9999
-9999 -9999 -9999 -9999 -9999 -9999 -9999 -9999 -9999 -9999 -9999 -9999 -9999 97.331 97.334 97.317 97.301 97.286 97.271 97.256 97.242 97.227 97.208 97.179 97.142 97.107 97.073 97.04 97.008 96.983 96.963 96.945 96.928 96.912 96.896 96.881 96.855 96.833 96.833 96.828 96.818 96.809 96.802 96.797 96.792 96.787 96.783 96.782 96.786 96.793 96.803 96.814 96.827 96.846 96.871 96.896 96.92 -9999 -9999 -9999 97.013 -9999 -9999 -9999 -9999 -9999 -9999 97.16 -9999 -9999 -9999 -9999 -9999 -9999 -9999
-9999 -9999 -9999 -9999 -9999 -9999 -9999 -9999 -9999 -9999 -9999 -9999 97.321 97.349 97.33 97.312 97.279 97.213 97.215 97.251 97.236 97.221 97.202 97.173 97.136 97.1 97.065 97.03 96.997 96.969 96.947 96.928 96.911 96.895 96.88 -9999 -9999 -9999 -9999 -9999 96.802 96.792 96.783 96.776 96.77 96.765 96.759 96.756 96.756 96.764 -9999 96.789 -9999 -9999 -9999 -9999 -9999 96.924 96.948 96.974 96.998 97.021 97.043 -9999 -9999 -9999 -9999 -9999 -9999 -9999 -9999 -9999 -9999 -9999 -9999
-9999 -9999 -9999 -9999 -9999 -9999 -9999 -9999 -9999 -9999 -9999 97.315 97.251 97.346 97.326 97.309 97.259 97.225 97.243 97.246 97.231 97.215 97.197 97.169 97.131 97.094 97.058 97.022 96.987 96.957 96.933 96.912 -9999 -9999 -9999 -9999 -9999 -9999 -9999 -9999 -9999 -9999 96.763 96.754 96.746 96.74 96.734 96.728 96.727 96.734 96.749 -9999 -9999 -9999 -9999 -9999 -9999 -9999 96.933 96.958 96.983 97.007 -9999 -9999 -9999 -9999 -9999 -9999 -9999 -9999 -9999 -9999 -9999 -9999 -9999
-9999 -9999 -9999 -9999 -9999 -9999 -9999 -9999 -9999 97.279 97.311 97.286 97.35 97.344 97.309 97.249 97.237 97.263 97.257 97.241 97.174 97.011 97.054 97.198 97.15 97.088 97.051 97.015 96.979 96.947 -9999 -9999 -9999 -9999 -9999 -9999 -9999 -9999 -9999 -9999 -9999 -9999 -9999 96.732 -9999 -9999 -9999 -9999 -9999 96.703 96.719 -9999 -9999 -9999 -9999 -9999 -9999 -9999 -9999 -9999 96.968 96.991 -9999 -9999 -9999 -9999 -9999 -9999 -9999 -9999 -9999 -9999 -9999 -9999 -9999
-9999 -9999 -9999 -9999 -9999 -9999 -9999 -9999 97.243 -9999 97.287 97.329 97.341 97.339 97.283 97.214 97.236 97.27 97.253 97.237 97.035 96.714 96.894 97.165 97.115 97.084 97.045 97.008 96.971 96.937 -9999 -9999 -9999 -9999 -9999 -9999 -9999 -9999 -9999 -9999 -9999 -9999 -9999 -9999 96.731 -9999 -9999 -9999 -9999 -9999 -9999 -9999 -9999 -9999 -9999 -9999 -9999 -9999 -9999 -9999 -9999 -9999 -9999 -9999 -9999 -9999 -9999 -9999 -9999 -9999 -9999 -9999 -9999 -9999 -9999
-9999 -9999 -9999 -9999 -9999 -9999 -9999 97.224 97.229 97.267 97.297 97.313 97.327 97.332 97.296 97.276 97.268 97.203 97.203 -9999 97.037 96.974 97.135 97.155 97.121 97.08 97.04 97.001 96.963 -9999 -9999 -9999 -9999 -9999 -9999 -9999 -9999 -9999 -9999 -9999 -9999 -9999 -9999 -9999 -9999 -9999 -9999 -9999 -9999 -9999 -9999 -9999 -9999 -9999 -9999 -9999 -9999 -9999 -9999 -9999 -9999 -9999 -9999 -9999 -9999 -9999 -9999 -9999 -9999 -9999 -9999 -9999 -9999 -9999 -9999
-9999 -9999 -9999 -9999 -9999 -9999 -9999 97.211 97.25 97.266 97.281 97.297 97.312 97.323 97.322 97.304 97.22 97.09 97.137 97.232 97.168 97.089 97.119 97.156 97.12 97.077 97.035 96.994 96.955 -9999 -9999 -9999 -9999 -9999 -9999 -9999 -9999 -9999 -9999 -9999 -9999 -9999 -9999 -9999 -9999 -9999 -9999 -9999 -9999 -9999 -9999 -9999 -9999 -9999 -9999 -9999 -9999 -9999 -9999 -9999 -9999 -9999 -9999 -9999 -9999 -9999 -9999 -9999 -9999 -9999 -9999 -9999 -9999 -9999 -9999
-9999 -9999 -9999 -9999 -9999 -9999 97.187 97.218 97.234 97.249 97.265 97.28 97.296 97.311 97.314 97.305 97.225 97.206 97.248 97.23 97.179 97.161 97.178 97.155 97.12 97.075 97.031 96.988 -9999 -9999 -9999 -9999 -9999 -9999 -9999 -9999 -9999 -9999 -9999 -9999 -9999 -9999 -9999 -9999 -9999 -9999 -9999 -9999 -9999 -9999 -9999 -9999 -9999 -9999 -9999 -9999 -9999 -9999 -9999 -9999 -9999 -9999 -9999 -9999 -9999 -9999 -9999 -9999 -9999 -9999 -9999 -9999 -9999 -9999 -9999
