Validation/Results/raw data/ReClimate_03_2024_1_Temperature-Actuals 2.asc
NCOLS 192
NROWS 249
XLLCENTER -225160.85627316462
YLLCENTER 29788.11610251502
CELLSIZE 5000.0
NODATA_VALUE -9999
[rows 136 to 169 of 249, columns 77 to 153 of 192]
-9999 -9999 -9999 -9999 -9999 -9999 -9999 -9999 8.211 -9999 8.093 7.74 7.893 8.05 8.447 8.674 8.636 8.348 7.228 7.536 7.67 7.801 8.456 8.533 8.525 8.556 7.996 7.796 -9999 -9999 -9999 -9999 -9999 -9999 8.872 8.983 8.918 8.663 8.549 8.356 7.734 7.375 7.618 7.612 7.632 8.094 7.694 7.421 7.88 8.21 8.472 8.392 8.719 8.883 8.842 8.641 8.698 -9999 -9999 -9999 -9999 -9999 -9999 -9999 -9999 -9999 -9999 -9999 -9999 -9999 -9999 -9999 -9999 -9999 -9999 -9999 -9999
-9999 -9999 -9999 -9999 -9999 -9999 -9999 -9999 8.067 8.067 8.204 8.358 8.162 8.211 8.406 8.573 8.833 8.479 8.034 7.337 7.539 7.839 8.428 8.368 8.277 8.598 8.142 8.522 -9999 -9999 -9999 -9999 8.817 8.781 8.851 8.956 9.003 8.912 8.667 7.851 6.994 7.023 7.259 6.87 7.632 7.501 7.17 7.726 7.616 7.921 8.523 8.592 8.188 8.574 8.712 8.526 8.785 -9999 -9999 -9999 -9999 -9999 -9999 -9999 -9999 -9999 -9999 -9999 -9999 -9999 -9999 -9999 -9999 -9999 -9999 -9999 -9999
8.708 -9999 -9999 -9999 -9999 -9999 -9999 -9999 7.918 8.194 8.188 -9999 -9999 8.313 8.346 8.55 8.695 -9999 8.643 8.382 8.258 8.227 8.436 8.107 8.49 8.767 -9999 -9999 -9999 -9999 -9999 8.861 8.867 8.83 8.844 8.825 8.824 8.819 8.36 7.575 6.419 6.198 6.784 6.478 7.109 6.545 6.807 7.177 7.105 7.798 7.925 8.088 8.154 8.385 8.552 8.387 8.657 -9999 -9999 -9999 -9999 -9999 -9999 -9999 -9999 -9999 -9999 -9999 -9999 -9999 -9999 -9999 -9999 -9999 -9999 -9999 -9999
8.392 -9999 -9999 -9999 -9999 -9999 -9999 -9999 -9999 8.193 8.446 -9999 -9999 -9999 8.586 8.413 8.551 8.691 -9999 -9999 8.546 8.502 8.484 8.065 8.144 -9999 -9999 -9999 -9999 -9999 8.607 8.712 8.791 8.788 8.712 8.61 8.676 8.37 8.129 7.76 6.614 6.342 5.587 6.31 5.829 5.688 6.162 6.563 6.546 7.003 7.719 7.902 7.93 8.402 8.636 8.28 8.251 -9999 -9999 -9999 -9999 -9999 -9999 -9999 -9999 -9999 -9999 -9999 -9999 -9999 -9999 -9999 -9999 -9999 -9999 -9999 -9999
-9999 -9999 -9999 -9999 -9999 -9999 -9999 -9999 -9999 -9999 8.394 -9999 -9999 -9999 -9999 8.518 8.196 8.276 -9999 -9999 -9999 8.572 8.699 -9999 -9999 -9999 -9999 -9999 -9999 -9999 8.644 8.73 8.617 8.328 8.047 8.167 8.304 8.254 8.418 8.034 7.209 6.008 5.842 5.887 5.058 5.308 5.744 6.353 6.257 6.497 7.239 7.837 8.266 8.526 8.605 8.242 8.152 -9999 -9999 -9999 -9999 -9999 -9999 -9999 -9999 -9999 -9999 -9999 -9999 -9999 -9999 -9999 -9999 -9999 -9999 -9999 -9999
-9999 -9999 -9999 -9999 -9999 -9999 -9999 -9999 -9999 -9999 8.05 -9999 -9999 -9999 -9999 -9999 8.358 8.246 -9999 -9999 -9999 -9999 -9999 -9999 -9999 -9999 -9999 -9999 -9999 -9999 8.685 8.264 7.924 7.661 7.465 7.705 7.949 8.165 8.297 8.064 7.485 6.179 4.982 4.449 4.898 5.392 6.555 6.809 6.918 7.217 7.379 7.457 8.076 8.527 8.452 8.157 8.119 8.44 -9999 -9999 -9999 -9999 -9999 -9999 -9999 -9999 -9999 -9999 -9999 -9999 -9999 -9999 -9999 -9999 -9999 -9999 -9999
8.726 8.554 8.898 -9999 -9999 -9999 -9999 -9999 -9999 -9999 7.986 -9999 -9999 -9999 -9999 -9999 -9999 -9999 -9999 -9999 -9999 -9999 -9999 -9999 -9999 -9999 -9999 -9999 -9999 8.714 8.381 8.237 8.182 7.778 6.768 7.384 7.591 7.654 8.078 8.051 8.155 6.417 4.661 4.241 5.292 5.852 5.282 5.278 6.125 6.729 7.77 7.899 7.929 8.102 8.168 8.213 8.179 8.43 8.839 -9999 -9999 -9999 -9999 -9999 -9999 -9999 -9999 -9999 -9999 -9999 -9999 -9999 -9999 -9999 -9999 -9999 -9999
8.676 8.832 8.85 -9999 -9999 -9999 -9999 -9999 -9999 -9999 -9999 -9999 -9999 -9999 -9999 -9999 -9999 -9999 -9999 -9999 -9999 -9999 -9999 -9999 -9999 -9999 -9999 -9999 8.712 8.667 8.338 8.234 7.989 7.451 5.455 6.279 7.584 7.821 8.02 8.49 8.138 7.251 5.652 4.508 5.171 5.386 5.698 6.027 6.007 6.399 7.064 7.956 8.112 8.239 8.218 8.235 8.368 8.692 9.012 -9999 -9999 -9999 -9999 -9999 -9999 -9999 -9999 -9999 -9999 -9999 -9999 -9999 -9999 -9999 -9999 -9999 -9999
9.031 -9999 8.981 8.949 -9999 -9999 -9999 -9999 -9999 -9999 -9999 -9999 -9999 -9999 -9999 -9999 -9999 -9999 -9999 -9999 -9999 -9999 -9999 -9999 -9999 -9999 -9999 -9999 8.127 8.215 8.281 7.108 6.755 7.027 7.311 7.062 6.94 7.499 7.819 8.039 8.201 7.911 6.778 6.072 4.945 5.664 6.137 6.401 6.599 7.003 7.412 7.775 7.901 8.189 8.243 8.317 8.399 8.739 9.155 9.227 9.058 -9999 -9999 -9999 -9999 -9999 -9999 -9999 -9999 -9999 -9999 -9999 -9999 -9999 -9999 -9999 -9999
9.0 -9999 -9999 8.905 -9999 -9999 -9999 -9999 -9999 -9999 -9999 -9999 -9999 -9999 -9999 -9999 -9999 -9999 -9999 -9999 -9999 -9999 -9999 -9999 -9999 -9999 -9999 -9999 8.21 8.154 7.532 6.478 7.859 7.853 6.891 6.379 7.232 7.274 7.023 7.943 7.75 8.064 8.013 7.001 6.394 5.955 6.283 6.611 7.147 7.414 7.777 8.062 8.316 8.324 8.507 8.373 8.54 8.763 9.025 8.638 8.543 8.445 8.569 8.121 -9999 -9999 -9999 -9999 -9999 -9999 -9999 -9999 -9999 -9999 -9999 -9999 -9999
8.914 9.073 -9999 8.857 -9999 -9999 -9999 -9999 -9999 -9999 -9999 -9999 -9999 -9999 -9999 -9999 -9999 -9999 -9999 -9999 -9999 -9999 -9999 -9999 -9999 -9999 -9999 8.924 8.323 7.889 6.772 6.081 5.954 6.803 7.13 7.154 6.876 6.316 7.464 6.715 7.421 7.806 7.934 7.694 7.456 6.914 6.245 6.557 7.098 7.493 7.765 8.045 8.323 8.597 8.628 8.625 8.683 8.809 8.835 8.639 7.708 7.645 7.74 7.728 7.992 7.77 -9999 -9999 -9999 -9999 -9999 -9999 -9999 -9999 -9999 -9999 -9999
8.994 -9999 8.841 -9999 -9999 -9999 -9999 -9999 -9999 -9999 -9999 -9999 -9999 -9999 -9999 -9999 -9999 -9999 -9999 -9999 -9999 -9999 -9999 -9999 -9999 -9999 -9999 -9999 8.845 8.069 6.651 6.344 6.804 5.243 6.208 7.256 6.685 7.23 6.041 6.379 7.321 7.656 7.544 7.614 7.26 5.448 5.833 6.028 6.047 6.456 7.348 7.731 8.118 8.523 8.681 8.681 8.74 8.873 8.905 8.71 8.029 7.653 7.892 7.856 7.67 7.669 7.705 -9999 -9999 -9999 -9999 -9999 -9999 -9999 -9999 -9999 -9999
9.081 8.904 8.676 -9999 -9999 -9999 -9999 -9999 -9999 -9999 -9999 -9999 -9999 -9999 -9999 -9999 -9999 -9999 -9999 -9999 -9999 -9999 -9999 -9999 -9999 -9999 -9999 -9999 -9999 8.545 8.03 8.133 6.637 6.615 7.081 8.112 8.354 6.84 6.819 7.273 7.439 7.035 6.999 7.312 6.223 5.84 5.667 5.122 5.651 6.43 6.736 7.505 7.988 8.486 8.682 8.667 8.732 8.834 8.091 7.823 7.222 6.588 6.913 7.253 7.747 7.559 7.596 8.07 -9999 -9999 -9999 -9999 -9999 -9999 -9999 -9999 -9999
9.139 8.823 -9999 -9999 -9999 -9999 -9999 -9999 -9999 -9999 -9999 -9999 -9999 -9999 -9999 -9999 -9999 -9999 -9999 -9999 -9999 -9999 -9999 -9999 -9999 -9999 -9999 -9999 -9999 9.049 8.776 8.397 7.689 6.972 6.56 8.219 7.638 7.894 8.186 8.13 7.757 7.125 5.992 6.983 6.141 5.42 5.926 6.847 7.056 6.982 7.177 7.443 8.175 8.631 8.758 8.742 8.553 8.116 7.713 7.266 7.45 7.224 7.127 6.999 7.09 7.398 7.464 7.818 8.598 -9999 -9999 -9999 -9999 -9999 -9999 -9999 -9999
8.891 8.87 -9999 -9999 -9999 -9999 -9999 -9999 -9999 -9999 -9999 -9999 -9999 -9999 -9999 -9999 -9999 -9999 -9999 -9999 -9999 -9999 -9999 -9999 -9999 -9999 -9999 -9999 -9999 -9999 8.238 7.78 7.68 7.023 8.024 7.872 8.347 8.567 8.603 8.376 8.0 7.321 7.366 5.804 6.132 6.36 6.359 6.882 6.959 6.807 7.603 7.801 8.338 8.635 8.833 8.819 8.475 8.017 7.775 7.591 7.453 7.467 7.5 7.409 7.305 7.355 7.706 7.874 8.345 -9999 -9999 -9999 -9999 -9999 -9999 -9999 -9999
-9999 -9999 -9999 -9999 -9999 -9999 -9999 -9999 -9999 -9999 -9999 -9999 -9999 -9999 -9999 -9999 -9999 -9999 -9999 -9999 -9999 -9999 -9999 -9999 -9999 -9999 -9999 -9999 -9999 -9999 8.99 7.342 7.971 8.784 8.327 8.616 8.605 8.921 8.816 8.229 8.198 8.164 6.014 6.57 6.16 6.105 6.066 7.082 7.18 7.378 7.557 8.033 8.26 8.651 8.839 8.864 8.673 7.953 7.535 7.716 7.937 7.919 7.927 7.826 7.787 7.538 7.473 7.991 8.099 8.675 -9999 -9999 -9999 -9999 -9999 -9999 -9999
-9999 -9999 -9999 -9999 -9999 -9999 -9999 -9999 -9999 -9999 -9999 -9999 -9999 -9999 -9999 -9999 -9999 -9999 -9999 -9999 -9999 -9999 -9999 -9999 -9999 -9999 -9999 -9999 -9999 -9999 -9999 8.681 9.221 8.9 8.624 8.841 8.749 9.059 8.841 8.508 8.608 7.709 6.573 5.892 5.771 5.352 6.0 6.124 6.494 7.07 7.125 7.585 8.166 8.58 8.808 8.725 8.596 8.458 7.56 7.527 8.227 8.637 8.504 8.465 8.438 8.415 8.271 8.423 8.649 8.572 -9999 -9999 -9999 -9999 -9999 -9999 -9999
-9999 -9999 -9999 -9999 -9999 -9999 -9999 -9999 -9999 -9999 -9999 -9999 -9999 -9999 -9999 -9999 -9999 -9999 -9999 -9999 -9999 -9999 -9999 -9999 -9999 -9999 -9999 -9999 -9999 -9999 -9999 9.07 -9999 8.757 9.093 8.937 8.966 -9999 8.988 8.688 8.657 7.854 6.56 6.391 6.246 5.688 6.094 6.087 5.43 6.348 6.778 7.124 7.608 8.356 8.716 8.686 8.584 8.592 8.578 8.257 8.594 8.872 8.766 8.603 8.619 8.658 8.695 8.717 8.334 8.096 8.211 -9999 -9999 -9999 -9999 -9999 -9999
-9999 -9999 -9999 -9999 -9999 -9999 -9999 -9999 -9999 -9999 -9999 -9999 -9999 -9999 -9999 -9999 -9999 -9999 -9999 -9999 -9999 -9999 -9999 -9999 -9999 -9999 -9999 -9999 -9999 -9999 -9999 -9999 9.285 8.946 -9999 -9999 -9999 -9999 9.165 8.945 9.011 8.37 7.817 6.727 6.521 6.33 6.207 7.024 6.552 5.868 6.733 6.998 7.619 8.164 8.677 8.858 8.861 8.823 8.819 8.726 8.547 8.687 8.564 8.504 8.612 8.546 8.311 8.338 8.513 8.281 8.134 8.097 8.272 -9999 -9999 -9999 -9999
-9999 -9999 -9999 -9999 -9999 -9999 -9999 -9999 -9999 -9999 -9999 -9999 -9999 -9999 -9999 -9999 -9999 -9999 -9999 -9999 -9999 -9999 -9999 -9999 -9999 -9999 -9999 -9999 -9999 -9999 -9999 -9999 9.269 9.203 -9999 -9999 -9999 -9999 9.241 8.796 9.067 8.638 7.792 7.932 7.743 6.872 6.786 6.988 7.161 6.019 6.648 7.014 7.375 7.967 8.647 8.964 9.039 9.052 8.998 8.933 8.793 8.64 8.595 8.559 8.55 8.364 8.09 7.933 8.069 8.3 8.451 8.472 8.528 -9999 -9999 -9999 -9999
-9999 -9999 -9999 -9999 -9999 -9999 -9999 -9999 -9999 -9999 -9999 -9999 -9999 -9999 -9999 -9999 -9999 -9999 -9999 -9999 -9999 -9999 -9999 -9999 -9999 -9999 -9999 -9999 -9999 -9999 -9999 -9999 9.314 -9999 -9999 -9999 -9999 9.371 8.989 8.651 7.954 7.609 7.643 7.684 7.805 7.241 6.761 7.366 7.326 7.193 6.645 7.218 7.534 7.988 8.423 8.868 8.956 9.056 9.117 9.1 9.047 8.944 8.887 8.611 8.114 8.053 8.04 8.15 8.288 8.487 8.646 8.729 -9999 -9999 -9999 -9999 -9999
-9999 -9999 -9999 -9999 -9999 -9999 -9999 -9999 -9999 -9999 -9999 -9999 -9999 -9999 -9999 -9999 -9999 -9999 -9999 -9999 -9999 -9999 -9999 -9999 -9999 -9999 -9999 -9999 -9999 -9999 -9999 -9999 -9999 -9999 -9999 -9999 -9999 9.168 8.634 7.671 6.817 6.518 7.118 7.824 7.792 7.992 7.871 7.967 7.734 7.486 7.189 7.228 7.726 8.073 8.353 8.716 8.915 9.035 9.171 9.233 9.225 9.124 8.995 8.836 8.026 7.574 8.168 8.438 8.686 8.754 8.831 8.786 -9999 -9999 -9999 -9999 -9999
-9999 -9999 -9999 -9999 -9999 -9999 -9999 -9999 -9999 -9999 -9999 -9999 -9999 -9999 -9999 -9999 -9999 -9999 -9999 -9999 -9999 -9999 -9999 -9999 -9999 -9999 -9999 -9999 -9999 -9999 -9999 -9999 -9999 -9999 -9999 -9999 -9999 9.047 8.65 7.881 7.036 7.081 7.675 7.848 8.225 8.205 8.159 8.152 8.036 8.205 7.652 7.611 7.717 8.015 8.299 8.665 8.987 9.052 9.174 9.316 9.293 9.199 9.048 8.93 8.524 7.891 8.142 8.607 8.805 8.907 8.891 8.833 -9999 -9999 -9999 -9999 -9999
-9999 -9999 -9999 -9999 -9999 -9999 -9999 -9999 -9999 -9999 -9999 -9999 -9999 -9999 -9999 -9999 -9999 -9999 -9999 -9999 -9999 -9999 -9999 -9999 -9999 -9999 -9999 -9999 -9999 -9999 -9999 -9999 -9999 -9999 -9999 -9999 9.148 9.075 8.652 7.733 7.164 6.937 7.668 7.708 8.554 8.225 8.217 7.881 7.855 7.691 8.424 8.363 8.538 8.486 8.727 8.683 8.906 9.062 9.092 9.188 9.307 9.192 9.046 8.895 8.816 8.383 8.329 8.648 8.878 8.965 8.953 8.862 8.789 -9999 -9999 -9999 -9999
-9999 -9999 -9999 -9999 -9999 -9999 -9999 -9999 -9999 -9999 -9999 -9999 -9999 -9999 -9999 -9999 -9999 -9999 -9999 -9999 -9999 -9999 -9999 -9999 -9999 -9999 -9999 -9999 -9999 -9999 -9999 -9999 -9999 -9999 -9999 -9999 9.167 9.203 8.931 8.417 7.649 8.422 8.277 8.836 8.186 7.678 7.746 7.409 7.549 8.097 7.867 8.39 8.436 8.442 8.531 8.776 8.828 8.994 9.089 9.137 9.189 9.101 8.906 8.809 8.814 8.792 8.5 8.613 8.869 9.003 9.037 8.937 8.833 -9999 -9999 -9999 -9999
-9999 -9999 -9999 -9999 -9999 -9999 -9999 -9999 -9999 -9999 -9999 -9999 -9999 -9999 -9999 -9999 -9999 -9999 -9999 -9999 -9999 -9999 -9999 -9999 -9999 -9999 -9999 -9999 -9999 -9999 -9999 -9999 -9999 -9999 -9999 9.128 9.18 9.232 9.343 8.842 8.823 8.734 8.969 8.813 8.073 7.986 7.658 7.294 7.488 7.872 8.756 8.435 8.903 8.859 8.746 8.634 8.812 8.908 9.005 9.095 9.113 9.008 8.828 8.739 8.79 8.842 8.719 8.512 8.781 9.121 9.217 9.077 8.91 8.817 -9999 -9999 -9999
-9999 -9999 -9999 -9999 -9999 -9999 -9999 -9999 -9999 -9999 -9999 -9999 -9999 -9999 -9999 -9999 -9999 -9999 -9999 -9999 -9999 -9999 -9999 -9999 -9999 -9999 -9999 -9999 -9999 -9999 -9999 -9999 -9999 -9999 -9999 9.166 9.082 9.222 9.309 9.207 9.066 9.034 8.815 8.489 8.617 8.333 7.598 6.522 6.87 7.307 8.118 8.774 8.727 9.122 9.258 9.053 8.804 8.93 9.048 9.095 9.127 9.055 8.907 8.837 8.884 8.964 8.823 8.583 8.819 9.305 9.455 9.343 9.062 8.888 -9999 -9999 -9999
-9999 -9999 -9999 -9999 -9999 -9999 -9999 -9999 -9999 -9999 -9999 -9999 -9999 -9999 -9999 -9999 -9999 -9999 -9999 -9999 -9999 -9999 -9999 -9999 -9999 -9999 -9999 -9999 -9999 -9999 -9999 -9999 -9999 -9999 -9999 9.163 9.171 9.305 9.436 9.404 9.281 8.934 8.666 8.534 8.15 7.504 6.679 6.663 6.967 7.291 7.929 8.602 8.652 8.709 9.155 9.406 9.309 9.168 9.205 9.188 9.143 9.13 9.058 9.004 9.046 9.095 9.137 8.958 9.007 9.401 9.555 9.425 9.207 8.942 8.805 -9999 -9999
-9999 -9999 -9999 -9999 -9999 -9999 -9999 -9999 -9999 -9999 -9999 -9999 -9999 -9999 -9999 -9999 -9999 -9999 -9999 -9999 -9999 -9999 -9999 -9999 -9999 -9999 -9999 -9999 -9999 -9999 -9999 -9999 -9999 -9999 -9999 -9999 9.206 9.288 9.419 9.383 8.917 8.45 8.211 8.042 7.975 7.716 7.184 7.388 7.38 7.886 8.775 8.975 9.021 8.778 9.132 9.39 9.3 9.253 9.307 9.261 9.202 9.198 9.189 9.164 9.182 9.222 9.206 9.245 9.222 -9999 9.442 -9999 9.217 9.03 8.801 8.835 -9999
-9999 -9999 -9999 -9999 -9999 -9999 -9999 -9999 -9999 -9999 -9999 -9999 -9999 -9999 -9999 -9999 -9999 -9999 -9999 -9999 -9999 -9999 -9999 -9999 -9999 -9999 -9999 -9999 -9999 -9999 -9999 -9999 -9999 -9999 -9999 9.355 9.278 9.308 9.404 9.23 8.641 7.92 7.885 8.031 7.554 7.476 7.673 7.317 6.958 7.497 8.316 9.213 9.01 9.054 9.332 9.364 9.206 9.228 9.258 9.302 9.268 9.261 9.243 9.236 9.26 9.094 9.115 9.212 9.066 9.038 9.179 9.216 -9999 9.146 8.972 8.765 8.902
-9999 -9999 -9999 -9999 -9999 -9999 -9999 -9999 -9999 -9999 -9999 -9999 -9999 -9999 -9999 -9999 -9999 -9999 -9999 -9999 -9999 -9999 -9999 -9999 -9999 -9999 -9999 -9999 -9999 -9999 -9999 -9999 -9999 -9999 -9999 9.427 9.356 9.374 9.265 8.93 8.717 8.446 8.247 8.266 8.26 8.284 8.413 7.719 7.184 7.559 8.204 8.583 8.542 8.685 8.982 9.119 8.968 9.012 9.203 9.298 9.372 9.352 9.308 9.263 9.303 9.341 9.095 9.184 9.177 8.912 8.981 9.112 9.18 -9999 -9999 -9999 -9999
-9999 -9999 -9999 -9999 -9999 -9999 -9999 -9999 -9999 -9999 -9999 -9999 -9999 -9999 -9999 -9999 -9999 -9999 -9999 -9999 -9999 -9999 -9999 -9999 -9999 -9999 -9999 -9999 -9999 -9999 -9999 -9999 -9999 -9999 9.451 9.431 9.325 9.15 9.013 9.142 9.178 8.849 9.036 9.086 9.035 9.07 8.826 8.003 6.933 6.682 7.4 7.946 7.861 8.342 8.894 9.008 9.103 9.02 9.183 9.356 9.443 9.424 9.363 9.289 9.303 9.354 9.3 9.18 9.194 8.888 8.773 8.92 9.104 9.173 9.096 -9999 -9999
-9999 -9999 -9999 -9999 -9999 -9999 -9999 -9999 -9999 -9999 -9999 -9999 -9999 -9999 -9999 -9999 -9999 -9999 -9999 -9999 -9999 -9999 -9999 -9999 -9999 -9999 -9999 -9999 -9999 -9999 -9999 -9999 -9999 -9999 9.445 9.418 9.381 9.291 9.14 9.057 9.417 9.473 9.518 9.473 9.421 9.39 9.112 8.451 7.628 6.425 6.088 7.107 7.392 7.853 8.611 8.776 9.212 9.352 9.213 9.361 9.503 9.491 9.413 9.317 9.29 9.328 9.264 9.222 9.199 9.116 8.592 8.661 8.896 9.098 9.089 8.953 -9999
-9999 -9999 -9999 -9999 -9999 -9999 -9999 -9999 -9999 -9999 -9999 -9999 -9999 -9999 -9999 -9999 -9999 -9999 -9999 -9999 -9999 -9999 -9999 -9999 -9999 -9999 -9999 -9999 -9999 -9999 -9999 -9999 -9999 -9999 -9999 9.6 9.593 9.571 9.374 9.518 9.552 9.64 9.712 9.72 9.853 9.825 9.519 8.987 8.022 6.968 5.958 5.837 6.798 7.535 8.257 8.836 8.874 9.188 9.166 9.237 9.449 9.477 9.41 9.316 9.278 9.25 9.197 9.168 9.177 9.067 8.7 8.446 8.62 8.816 8.86 8.765 8.835
