Validation/Results/raw data/ReClimate_05_2024_2_Temperatureweatherlogisticsltd.asc
NCOLS 192
NROWS 249
XLLCENTER -225160.85627316462
YLLCENTER 29788.11610251502
CELLSIZE 5000.0
NODATA_VALUE -9999
[rows 102 to 135 of 249, columns 75 to 149 of 192]
-0.878 -0.883 -0.88 -0.878 -0.868 -0.856 -9999 -9999 -0.857 -9999 -9999 -0.878 -0.873 -0.866 -0.867 -0.868 -0.868 -0.869 -0.862 -0.855 -0.855 -0.86 -0.861 -0.861 -0.863 -0.863 -0.864 -0.864 -0.851 -0.835 -0.843 -0.851 -0.843 -0.833 -0.829 -0.824 -0.811 -0.794 -0.789 -0.783 -0.768 -0.749 -9999 -9999 -9999 -9999 -9999 -9999 -9999 -9999 -9999 -9999 -9999 -9999 -9999 -9999 -9999 -9999 -9999 -9999 -9999 -9999 -9999 -9999 -9999 -9999 -9999 -9999 -9999 -9999 -9999 -9999 -9999 -9999 -9999
-0.863 -0.868 -0.86 -0.843 -9999 -9999 -9999 -0.837 -0.845 -0.865 -0.872 -0.875 -0.875 -0.876 -0.877 -0.876 -0.877 -0.878 -0.87 -0.856 -0.863 -0.881 -0.88 -0.87 -0.869 -0.862 -0.863 -0.865 -0.857 -0.853 -0.855 -0.848 -0.844 -0.843 -0.836 -0.817 -0.804 -9999 -9999 -0.756 -9999 -9999 -9999 -9999 -9999 -9999 -9999 -9999 -9999 -9999 -9999 -9999 -9999 -9999 -9999 -9999 -9999 -9999 -9999 -9999 -9999 -9999 -9999 -9999 -9999 -9999 -9999 -9999 -9999 -9999 -9999 -9999 -9999 -9999 -9999
-0.848 -0.854 -9999 -0.822 -9999 -9999 -9999 -0.827 -0.839 -0.856 -0.861 -0.866 -0.871 -0.876 -0.878 -0.878 -0.88 -0.882 -0.872 -0.861 -0.874 -0.892 -0.886 -0.876 -0.872 -0.865 -0.867 -0.869 -0.867 -0.863 -0.858 -0.851 -0.851 -0.851 -0.836 -0.818 -9999 -0.791 -0.772 -0.748 -0.752 -9999 -9999 -9999 -9999 -9999 -9999 -9999 -9999 -9999 -9999 -9999 -9999 -9999 -9999 -9999 -9999 -9999 -9999 -9999 -9999 -9999 -9999 -9999 -9999 -9999 -9999 -9999 -9999 -9999 -9999 -9999 -9999 -9999 -9999
-0.83 -9999 -9999 -9999 -9999 -0.821 -0.828 -0.825 -0.838 -0.852 -0.858 -0.862 -0.866 -0.863 -0.867 -0.87 -0.87 -0.869 -0.864 -0.865 -0.88 -0.902 -0.895 -0.882 -0.881 -0.886 -0.888 -0.887 -0.882 -0.868 -0.864 -0.861 -0.861 -0.86 -9999 -0.837 -0.827 -0.813 -0.796 -0.775 -0.756 -9999 -9999 -9999 -9999 -9999 -9999 -9999 -9999 -9999 -9999 -9999 -9999 -9999 -9999 -9999 -9999 -9999 -9999 -9999 -9999 -9999 -9999 -9999 -9999 -9999 -9999 -9999 -9999 -9999 -9999 -9999 -9999 -9999 -9999
-9999 -9999 -9999 -9999 -9999 -0.817 -0.814 -0.819 -0.829 -0.843 -0.849 -0.853 -0.852 -0.85 -0.855 -0.861 -0.865 -0.865 -0.868 -0.87 -0.888 -0.91 -0.901 -0.888 -0.893 -0.897 -0.898 -0.898 -0.887 -0.874 -0.872 -0.869 -0.869 -0.868 -0.86 -0.85 -0.84 -0.827 -0.811 -0.791 -0.779 -0.766 -9999 -9999 -9999 -9999 -9999 -9999 -9999 -9999 -9999 -9999 -9999 -9999 -9999 -9999 -9999 -9999 -9999 -9999 -9999 -9999 -9999 -9999 -9999 -9999 -9999 -9999 -9999 -9999 -9999 -9999 -9999 -9999 -9999
-9999 -9999 -9999 -9999 -0.799 -9999 -9999 -0.82 -0.831 -0.844 -0.853 -0.863 -9999 -9999 -0.868 -0.855 -0.86 -0.86 -0.867 -0.875 -0.889 -0.898 -0.892 -0.887 -0.895 -0.906 -0.908 -0.908 -0.899 -0.887 -0.882 -0.87 -0.865 -0.853 -0.849 -0.852 -0.841 -0.828 -0.813 -0.794 -0.782 -0.769 -0.762 -9999 -9999 -9999 -9999 -9999 -9999 -9999 -9999 -9999 -9999 -9999 -9999 -9999 -9999 -9999 -9999 -9999 -9999 -9999 -9999 -9999 -9999 -9999 -9999 -9999 -9999 -9999 -9999 -9999 -9999 -9999 -9999
-9999 -9999 -9999 -9999 -0.791 -9999 -0.808 -0.814 -0.824 -0.836 -0.848 -0.859 -0.862 -0.868 -0.86 -0.849 -0.853 -0.855 -0.867 -0.879 -0.887 -0.896 -0.894 -0.889 -0.9 -0.911 -0.913 -0.913 -0.905 -0.894 -0.885 -0.873 -0.863 -0.85 -0.853 -0.856 -0.846 -0.833 -0.819 -0.801 -0.79 -0.777 -9999 -9999 -9999 -9999 -9999 -9999 -9999 -9999 -9999 -9999 -9999 -9999 -9999 -9999 -9999 -9999 -9999 -9999 -9999 -9999 -9999 -9999 -9999 -9999 -9999 -9999 -9999 -9999 -9999 -9999 -9999 -9999 -9999
-9999 -9999 -9999 -9999 -0.783 -9999 -0.8 -0.809 -0.819 -0.83 -0.836 -9999 -0.848 -0.874 -9999 -0.847 -0.854 -0.864 -0.879 -0.892 -0.9 -0.897 -0.897 -0.898 -0.907 -0.912 -0.914 -0.914 -0.909 -0.907 -0.9 -0.892 -0.877 -0.848 -0.849 -0.849 -0.841 -0.833 -9999 -9999 -9999 -9999 -9999 -9999 -9999 -9999 -9999 -9999 -9999 -9999 -9999 -9999 -9999 -9999 -9999 -9999 -9999 -9999 -9999 -9999 -9999 -9999 -9999 -9999 -9999 -9999 -9999 -9999 -9999 -9999 -9999 -9999 -9999 -9999 -9999
-9999 -9999 -0.769 -0.77 -9999 -9999 -0.795 -0.799 -0.809 -0.819 -0.82 -0.82 -0.845 -0.871 -9999 -0.843 -0.854 -0.865 -0.879 -0.896 -0.901 -0.9 -0.903 -0.904 -0.91 -0.915 -0.916 -0.916 -0.916 -0.915 -0.91 -0.903 -0.88 -0.852 -0.852 -0.852 -0.842 -9999 -9999 -9999 -9999 -9999 -9999 -9999 -9999 -9999 -9999 -9999 -9999 -9999 -9999 -9999 -9999 -9999 -9999 -9999 -9999 -9999 -9999 -9999 -9999 -9999 -9999 -9999 -9999 -9999 -9999 -9999 -9999 -9999 -9999 -9999 -9999 -9999 -9999
-9999 -0.75 -0.754 -0.767 -9999 -0.778 -0.784 -0.779 -0.788 -9999 -0.809 -0.826 -0.845 -0.86 -9999 -0.838 -0.851 -0.866 -0.877 -0.882 -0.891 -0.899 -0.908 -0.924 -0.925 -0.916 -0.916 -0.91 -9999 -0.89 -0.89 -0.898 -0.878 -0.859 -0.856 -0.846 -9999 -9999 -9999 -9999 -9999 -9999 -9999 -9999 -9999 -9999 -9999 -9999 -9999 -9999 -9999 -9999 -9999 -9999 -9999 -9999 -9999 -9999 -9999 -9999 -9999 -9999 -9999 -9999 -9999 -9999 -9999 -9999 -9999 -9999 -9999 -9999 -9999 -9999 -9999
-9999 -0.735 -0.747 -9999 -9999 -0.77 -0.767 -0.766 -9999 -0.79 -0.805 -0.823 -0.836 -0.85 -9999 -0.833 -0.848 -0.864 -0.87 -0.876 -0.888 -0.898 -0.918 -0.934 -0.928 -0.92 -0.917 -0.911 -0.9 -0.885 -9999 -9999 -0.886 -0.868 -9999 -9999 -9999 -9999 -9999 -9999 -0.824 -0.809 -0.799 -9999 -9999 -9999 -9999 -9999 -9999 -9999 -9999 -9999 -9999 -9999 -9999 -9999 -9999 -9999 -9999 -9999 -9999 -9999 -9999 -9999 -9999 -9999 -9999 -9999 -9999 -9999 -9999 -9999 -9999 -9999 -9999
-0.714 -0.711 -9999 -9999 -0.747 -0.752 -0.755 -0.764 -9999 -0.771 -0.789 -0.807 -0.816 -0.821 -9999 -9999 -9999 -0.86 -0.869 -0.881 -0.893 -0.902 -0.916 -0.916 -0.91 -0.907 -0.908 -0.915 -0.911 -0.916 -0.915 -0.895 -0.883 -0.872 -9999 -9999 -9999 -9999 -9999 -0.868 -0.845 -0.851 -0.836 -0.803 -9999 -9999 -9999 -9999 -9999 -9999 -9999 -9999 -9999 -9999 -9999 -9999 -9999 -9999 -9999 -9999 -9999 -9999 -9999 -9999 -9999 -9999 -9999 -9999 -9999 -9999 -9999 -9999 -9999 -9999 -9999
-0.691 -0.692 -9999 -9999 -9999 -0.736 -0.745 -0.756 -9999 -0.759 -9999 -0.796 -0.802 -0.806 -9999 -0.82 -0.837 -0.856 -9999 -0.882 -0.893 -0.902 -0.908 -0.91 -0.91 -0.906 -0.913 -0.921 -0.926 -0.932 -0.918 -0.902 -0.897 -0.89 -0.886 -0.882 -0.887 -9999 -0.894 -0.889 -0.891 -0.886 -0.856 -0.818 -0.804 -0.786 -9999 -9999 -9999 -9999 -9999 -9999 -9999 -9999 -9999 -9999 -9999 -9999 -9999 -9999 -9999 -9999 -9999 -9999 -9999 -9999 -9999 -9999 -9999 -9999 -9999 -9999 -9999 -9999 -9999
-0.682 -9999 -9999 -9999 -9999 -0.732 -0.742 -0.751 -9999 -0.752 -9999 -0.773 -0.783 -9999 -0.815 -0.823 -0.838 -0.854 -0.871 -0.889 -0.898 -0.9 -0.907 -0.913 -0.914 -0.906 -0.918 -0.941 -0.945 -0.944 -0.939 -0.937 -0.939 -0.945 -0.949 -0.958 -0.96 -0.95 -0.952 -0.943 -0.936 -0.92 -0.895 -0.877 -0.858 -0.823 -0.781 -0.747 -0.719 -9999 -9999 -9999 -9999 -9999 -9999 -9999 -9999 -9999 -9999 -9999 -9999 -9999 -9999 -9999 -9999 -9999 -9999 -9999 -9999 -9999 -9999 -9999 -9999 -9999 -9999
-0.669 -9999 -9999 -9999 -9999 -0.72 -0.729 -0.74 -0.742 -9999 -9999 -0.759 -0.774 -9999 -0.816 -0.822 -0.836 -0.853 -0.871 -0.89 -0.896 -0.898 -0.907 -0.915 -0.916 -0.911 -0.933 -0.961 -0.965 -0.966 -0.967 -0.967 -0.975 -0.983 -0.995 -1.004 -0.999 -0.992 -0.985 -0.967 -0.952 -0.936 -0.921 -0.904 -0.874 -0.84 -0.81 -0.772 -0.731 -0.716 -9999 -9999 -9999 -9999 -9999 -9999 -9999 -9999 -9999 -9999 -9999 -9999 -9999 -9999 -9999 -9999 -9999 -9999 -9999 -9999 -9999 -9999 -9999 -9999 -9999
-9999 -9999 -9999 -9999 -9999 -0.698 -0.705 -0.713 -0.718 -9999 -9999 -0.761 -0.783 -9999 -9999 -0.827 -0.84 -0.842 -0.864 -0.89 -0.899 -0.912 -0.923 -0.931 -0.935 -0.934 -0.959 -0.982 -0.992 -1.012 -1.016 -1.019 -1.028 -1.031 -1.041 -1.042 -1.039 -1.032 -1.013 -0.989 -0.971 -0.944 -0.927 -0.907 -0.883 -0.866 -0.835 -0.796 -0.762 -0.724 -9999 -9999 -9999 -9999 -9999 -9999 -9999 -9999 -9999 -9999 -9999 -9999 -9999 -9999 -9999 -9999 -9999 -9999 -9999 -9999 -9999 -9999 -9999 -9999 -9999
-9999 -9999 -9999 -9999 -9999 -0.678 -0.683 -0.694 -9999 -9999 -9999 -9999 -0.781 -9999 -0.813 -0.829 -0.835 -0.838 -0.863 -0.889 -0.904 -0.918 -0.928 -0.941 -0.952 -0.957 -0.982 -1.004 -1.024 -1.044 -1.051 -1.056 -1.062 -1.066 -1.07 -1.07 -1.063 -1.046 -1.025 -1.002 -0.978 -0.951 -0.933 -0.912 -0.897 -0.88 -0.847 -0.811 -0.778 -0.741 -0.694 -9999 -9999 -9999 -9999 -9999 -9999 -9999 -9999 -9999 -9999 -9999 -9999 -9999 -9999 -9999 -9999 -9999 -9999 -9999 -9999 -9999 -9999 -9999 -9999
-9999 -9999 -9999 -0.639 -0.646 -0.654 -0.663 -9999 -9999 -0.706 -9999 -9999 -9999 -9999 -0.808 -0.823 -0.835 -0.852 -0.874 -0.888 -0.903 -0.917 -0.935 -0.957 -0.976 -1.002 -1.027 -1.04 -1.059 -1.075 -1.08 -1.075 -1.085 -1.097 -1.096 -1.082 -1.061 -1.032 -1.016 -1.009 -0.991 -0.979 -0.959 -0.931 -0.916 -0.9 -0.866 -0.821 -0.793 -0.768 -0.717 -9999 -9999 -9999 -9999 -9999 -9999 -9999 -9999 -9999 -9999 -9999 -9999 -9999 -9999 -9999 -9999 -9999 -9999 -9999 -9999 -9999 -9999 -9999 -9999
-9999 -9999 -9999 -9999 -0.625 -0.633 -0.645 -9999 -0.682 -0.697 -0.711 -9999 -9999 -9999 -9999 -0.82 -0.839 -0.857 -0.873 -0.888 -0.904 -0.927 -0.951 -0.974 -1.003 -1.032 -1.054 -1.069 -1.086 -1.103 -1.103 -1.1 -1.114 -1.122 -1.11 -1.087 -1.061 -1.031 -1.023 -1.017 -1.005 -0.994 -0.97 -0.943 -0.927 -0.911 -0.873 -0.83 -0.807 -0.783 -0.74 -0.659 -9999 -9999 -9999 -9999 -9999 -9999 -9999 -9999 -9999 -9999 -9999 -9999 -9999 -9999 -9999 -9999 -9999 -9999 -9999 -9999 -9999 -9999 -9999
-9999 -9999 -9999 -9999 -0.615 -0.622 -0.633 -9999 -0.662 -0.691 -0.705 -9999 -9999 -9999 -9999 -9999 -0.839 -0.858 -0.879 -0.907 -0.934 -0.96 -0.985 -1.005 -1.037 -1.069 -1.096 -1.117 -1.13 -1.133 -1.138 -1.143 -1.149 -1.14 -1.118 -1.089 -1.068 -1.055 -1.048 -1.042 -1.024 -0.992 -0.97 -0.953 -0.936 -0.918 -0.883 -0.848 -0.825 -0.8 -0.761 -0.683 -0.597 -9999 -9999 -9999 -9999 -9999 -9999 -9999 -9999 -9999 -9999 -9999 -9999 -9999 -9999 -9999 -9999 -9999 -9999 -9999 -9999 -9999 -9999
-9999 -9999 -9999 -9999 -0.585 -0.603 -9999 -9999 -0.649 -0.679 -0.69 -0.703 -9999 -9999 -9999 -9999 -9999 -0.858 -0.887 -0.925 -0.954 -0.982 -1.006 -1.028 -1.062 -1.096 -1.126 -1.151 -1.157 -1.161 -1.169 -1.171 -1.167 -1.147 -1.122 -1.094 -1.082 -1.069 -1.062 -1.055 -1.027 -0.995 -0.978 -0.96 -0.943 -0.924 -0.893 -0.858 -0.834 -0.81 -0.77 -0.704 -0.614 -0.534 -0.442 -9999 -9999 -9999 -9999 -9999 -9999 -9999 -9999 -9999 -9999 -9999 -9999 -9999 -9999 -9999 -9999 -9999 -9999 -9999 -9999
-9999 -9999 -9999 -9999 -0.557 -0.57 -9999 -9999 -0.637 -0.665 -0.682 -9999 -9999 -9999 -9999 -9999 -9999 -0.855 -0.895 -0.944 -0.975 -1.004 -1.03 -1.053 -1.089 -1.13 -1.15 -1.14 -1.156 -1.191 -1.2 -1.208 -1.187 -1.149 -1.126 -1.103 -1.092 -1.084 -1.073 -1.056 -1.031 -1.009 -0.992 -0.971 -0.952 -0.929 -0.901 -0.875 -0.852 -0.825 -0.753 -0.677 -0.594 -0.509 -0.423 -9999 -9999 -9999 -9999 -9999 -9999 -9999 -9999 -9999 -9999 -9999 -9999 -9999 -9999 -9999 -9999 -9999 -9999 -9999 -9999
-9999 -9999 -9999 -9999 -0.523 -0.54 -9999 -9999 -9999 -0.656 -0.674 -0.689 -9999 -9999 -9999 -9999 -9999 -0.863 -0.912 -0.961 -0.993 -1.024 -1.05 -1.076 -1.115 -1.156 -1.16 -1.151 -1.185 -1.215 -1.225 -1.224 -1.191 -1.154 -1.134 -1.112 -1.103 -1.094 -1.078 -1.06 -1.04 -1.019 -0.999 -0.979 -0.957 -0.934 -0.91 -0.883 -0.856 -0.801 -0.718 -0.633 -0.552 -0.468 -0.387 -9999 -9999 -9999 -9999 -9999 -9999 -9999 -9999 -9999 -9999 -9999 -9999 -9999 -9999 -9999 -9999 -9999 -9999 -9999 -9999
-9999 -9999 -9999 -0.48 -0.491 -0.517 -9999 -9999 -9999 -9999 -9999 -9999 -9999 -9999 -9999 -9999 -9999 -0.884 -0.935 -0.981 -1.017 -1.055 -1.083 -1.106 -1.141 -1.169 -1.185 -1.209 -1.233 -1.24 -1.243 -1.232 -1.204 -1.178 -1.158 -1.131 -1.12 -1.102 -1.085 -1.064 -1.047 -1.036 -1.02 -1.008 -0.983 -0.947 -0.922 -0.885 -0.826 -0.754 -0.68 -0.6 -0.513 -0.427 -0.347 -0.301 -9999 -9999 -9999 -9999 -9999 -9999 -9999 -9999 -9999 -9999 -9999 -9999 -9999 -9999 -9999 -9999 -9999 -9999 -9999
-9999 -9999 -0.439 -0.448 -0.464 -0.493 -9999 -9999 -9999 -9999 -9999 -9999 -9999 -9999 -9999 -0.819 -0.852 -0.899 -0.95 -1.0 -1.04 -1.08 -1.107 -1.132 -1.161 -1.189 -1.22 -1.242 -1.255 -1.259 -1.25 -1.239 -1.217 -1.192 -1.169 -1.144 -1.127 -1.109 -1.09 -1.07 -1.058 -1.046 -1.033 -1.021 -0.99 -0.954 -0.92 -0.853 -0.782 -0.712 -0.639 -0.565 -0.48 -0.39 -0.315 -0.264 -9999 -9999 -9999 -9999 -9999 -9999 -9999 -9999 -9999 -9999 -9999 -9999 -9999 -9999 -9999 -9999 -9999 -9999 -9999
-9999 -9999 -0.416 -0.426 -0.445 -9999 -9999 -9999 -9999 -9999 -9999 -9999 -9999 -9999 -9999 -0.819 -0.866 -0.924 -0.978 -1.033 -1.075 -1.104 -1.135 -1.168 -1.202 -1.24 -1.264 -1.273 -1.287 -1.281 -1.263 -1.235 -1.221 -1.221 -1.201 -1.18 -1.16 -1.127 -1.106 -1.079 -1.064 -1.046 -1.032 -1.015 -0.986 -0.953 -0.893 -0.82 -0.746 -0.667 -0.598 -0.534 -0.46 -0.379 -0.302 -0.228 -9999 -9999 -9999 -9999 -9999 -9999 -9999 -9999 -9999 -9999 -9999 -9999 -9999 -9999 -9999 -9999 -9999 -9999 -9999
-9999 -9999 -9999 -9999 -9999 -9999 -9999 -9999 -9999 -9999 -9999 -9999 -9999 -9999 -9999 -0.83 -0.886 -0.941 -0.997 -1.055 -1.093 -1.128 -1.164 -1.196 -1.233 -1.269 -1.287 -1.298 -1.308 -1.294 -1.266 -1.238 -1.236 -1.236 -1.219 -1.199 -1.17 -1.138 -1.113 -1.086 -1.068 -1.049 -1.033 -1.015 -0.986 -0.93 -0.858 -0.786 -0.708 -0.63 -0.566 -0.502 -0.429 -0.357 -0.285 -0.207 -9999 -9999 -9999 -9999 -9999 -9999 -9999 -9999 -9999 -9999 -9999 -9999 -9999 -9999 -9999 -9999 -9999 -9999 -9999
-9999 -9999 -9999 -9999 -9999 -9999 -9999 -9999 -9999 -9999 -9999 -9999 -9999 -9999 -0.784 -0.846 -0.903 -0.96 -1.02 -1.082 -1.123 -1.16 -1.196 -1.224 -1.258 -1.283 -1.308 -1.339 -1.337 -1.298 -1.273 -1.253 -1.244 -1.229 -1.212 -1.198 -1.175 -1.159 -1.132 -1.095 -1.079 -1.065 -1.043 -1.009 -0.968 -0.905 -0.831 -0.751 -0.677 -0.607 -0.54 -0.475 -0.409 -0.342 -0.275 -0.191 -9999 -9999 -9999 -9999 -9999 -9999 -9999 -9999 -9999 -9999 -9999 -9999 -9999 -9999 -9999 -9999 -9999 -9999 -9999
-9999 -9999 -9999 -9999 -9999 -9999 -9999 -9999 -9999 -9999 -9999 -9999 -9999 -9999 -0.792 -0.858 -0.918 -0.976 -1.038 -1.099 -1.139 -1.176 -1.211 -1.242 -1.275 -1.303 -1.338 -1.367 -1.346 -1.306 -1.285 -1.264 -1.247 -1.23 -1.216 -1.202 -1.187 -1.171 -1.139 -1.102 -1.089 -1.074 -1.045 -1.001 -0.94 -0.877 -0.798 -0.72 -0.65 -0.581 -0.514 -0.447 -0.383 -0.32 -0.256 -0.186 -9999 -9999 -9999 -9999 -9999 -9999 -9999 -9999 -9999 -9999 -9999 -9999 -9999 -9999 -9999 -9999 -9999 -9999 -9999
-9999 -9999 -9999 -9999 -9999 -9999 -9999 -9999 -9999 -9999 -9999 -9999 -9999 -0.731 -0.798 -0.878 -0.939 -0.996 -1.054 -1.108 -1.149 -1.187 -1.224 -1.259 -1.295 -1.331 -1.372 -1.396 -1.372 -1.339 -1.317 -1.294 -1.271 -1.238 -1.224 -1.211 -1.193 -1.168 -1.145 -1.136 -1.118 -1.09 -1.057 -0.993 -0.924 -0.85 -0.772 -0.697 -0.628 -0.559 -0.483 -0.413 -0.353 -0.295 -0.239 -0.172 -0.096 -9999 -9999 -9999 -9999 -9999 -9999 -9999 -9999 -9999 -9999 -9999 -9999 -9999 -9999 -9999 -9999 -9999 -9999
-9999 -9999 -9999 -9999 -9999 -9999 -9999 -9999 -9999 -9999 -9999 -9999 -0.678 -0.734 -0.811 -0.886 -0.949 -1.006 -1.062 -1.116 -1.158 -1.197 -1.235 -1.271 -1.311 -1.35 -1.391 -1.413 -1.392 -1.361 -1.336 -1.312 -1.281 -1.247 -1.234 -1.221 -1.198 -1.173 -1.163 -1.154 -1.128 -1.099 -1.054 -0.973 -0.898 -0.823 -0.748 -0.673 -0.602 -0.532 -0.455 -0.381 -0.325 -0.271 -0.216 -0.157 -0.085 -9999 -9999 -9999 -9999 -9999 -9999 -9999 -9999 -9999 -9999 -9999 -9999 -9999 -9999 -9999 -9999 -9999 -9999
-9999 -9999 -9999 -9999 -9999 -9999 -9999 -9999 -9999 -9999 -9999 -9999 -0.669 -0.753 -0.827 -0.891 -0.954 -1.006 -1.062 -1.118 -1.162 -1.207 -1.247 -1.287 -1.326 -1.361 -1.401 -1.416 -1.392 -1.357 -1.336 -1.319 -1.29 -1.263 -1.247 -1.229 -1.202 -1.168 -1.156 -1.146 -1.126 -1.107 -1.037 -0.952 -0.874 -0.792 -0.717 -0.647 -0.572 -0.492 -0.431 -0.367 -0.305 -0.248 -0.19 -0.127 -0.054 -9999 -9999 -9999 -9999 -9999 -9999 -9999 -9999 -9999 -9999 -9999 -9999 -9999 -9999 -9999 -9999 -9999 -9999
-9999 -9999 -9999 -9999 -9999 -9999 -9999 -9999 -9999 -9999 -9999 -0.605 -0.677 -0.759 -0.827 -0.893 -0.955 -1.011 -1.069 -1.125 -1.172 -1.217 -1.26 -1.302 -1.339 -1.374 -1.41 -1.418 -1.391 -1.357 -1.339 -1.322 -1.298 -1.273 -1.256 -1.239 -1.208 -1.173 -1.161 -1.15 -1.137 -1.101 -1.012 -0.922 -0.837 -0.755 -0.683 -0.613 -0.534 -0.456 -0.398 -0.346 -0.286 -0.225 -0.167 -0.1 -0.028 0.027 -9999 -9999 -9999 -9999 -9999 -9999 -9999 -9999 -9999 -9999 -9999 -9999 -9999 -9999 -9999 -9999 -9999
-9999 -9999 -9999 -9999 -9999 -9999 -9999 -9999 -9999 -9999 -0.551 -9999 -0.674 -0.76 -0.83 -0.903 -0.969 -1.029 -1.09 -1.141 -1.189 -1.234 -1.272 -1.299 -1.341 -1.39 -1.425 -1.436 -1.402 -1.357 -1.336 -1.312 -1.29 -1.272 -1.254 -1.236 -1.213 -1.205 -1.191 -1.167 -1.141 -1.075 -0.984 -0.894 -0.81 -0.724 -0.654 -0.588 -0.511 -0.434 -0.372 -0.318 -0.264 -0.207 -0.149 -0.084 -0.01 0.057 -9999 -9999 -9999 -9999 -9999 -9999 -9999 -9999 -9999 -9999 -9999 -9999 -9999 -9999 -9999 -9999 -9999
