Validation/Results/raw data/ReClimate_05_2024_2_Precipitation-Actualsweatherlogisticsltd.asc
NCOLS 192
NROWS 249
XLLCENTER -225160.85627316462
YLLCENTER 29788.11610251502
CELLSIZE 5000.0
NODATA_VALUE -9999
[rows 165 to 197 of 249, columns 74 to 147 of 192]
-9999 -9999 -9999 -9999 -9999 -9999 -9999 -9999 -9999 -9999 -9999 -9999 -9999 -9999 -9999 -9999 -9999 -9999 -9999 -9999 -9999 -9999 -9999 -9999 -9999 -9999 -9999 -9999 -9999 -9999 -9999 -9999 -9999 -9999 -9999 -9999 -9999 -9999 101.647 114.606 100.217 107.063 120.14 134.815 158.439 164.231 161.423 159.788 157.778 153.91 151.11 155.245 142.568 115.301 97.724 97.746 91.098 86.484 86.654 87.702 84.125 78.695 83.379 84.991 86.467 88.667 91.394 91.92 91.914 93.121 87.609 88.487 89.197 85.207
-9999 -9999 -9999 -9999 -9999 -9999 -9999 -9999 -9999 -9999 -9999 -9999 -9999 -9999 -9999 -9999 -9999 -9999 -9999 -9999 -9999 -9999 -9999 -9999 -9999 -9999 -9999 -9999 -9999 -9999 -9999 -9999 -9999 -9999 -9999 -9999 -9999 -9999 112.897 119.177 107.491 111.62 129.06 137.041 147.537 151.072 145.132 144.923 147.233 142.199 159.591 153.49 146.455 123.844 106.95 95.598 87.739 88.298 88.354 89.392 89.52 84.983 81.92 85.479 86.81 88.71 95.765 94.306 89.361 90.163 88.97 79.71 83.885 87.067
-9999 -9999 -9999 -9999 -9999 -9999 -9999 -9999 -9999 -9999 -9999 -9999 -9999 -9999 -9999 -9999 -9999 -9999 -9999 -9999 -9999 -9999 -9999 -9999 -9999 -9999 -9999 -9999 -9999 -9999 -9999 -9999 -9999 -9999 -9999 -9999 -9999 99.488 106.968 106.151 109.585 117.095 116.837 124.53 138.705 134.667 129.08 130.944 129.98 137.351 146.601 161.52 157.287 136.772 116.551 111.177 95.78 89.738 89.12 87.216 90.247 88.224 85.696 85.211 77.819 83.139 91.1 100.061 94.105 88.193 91.241 94.924 89.944 89.11
-9999 -9999 -9999 -9999 -9999 -9999 -9999 -9999 -9999 -9999 -9999 -9999 -9999 -9999 -9999 -9999 -9999 -9999 -9999 -9999 -9999 -9999 -9999 -9999 -9999 -9999 -9999 -9999 -9999 -9999 -9999 -9999 -9999 -9999 -9999 -9999 -9999 94.576 98.813 107.285 109.691 112.328 118.416 120.906 123.584 117.642 121.121 124.365 122.859 130.02 141.37 153.677 173.103 166.195 134.198 111.148 102.686 92.662 94.822 86.01 84.445 87.383 84.793 83.858 83.283 78.843 87.022 89.449 93.328 90.668 89.206 92.292 92.391 94.278
-9999 -9999 -9999 -9999 -9999 -9999 -9999 -9999 -9999 -9999 -9999 -9999 -9999 -9999 -9999 -9999 -9999 -9999 -9999 -9999 -9999 -9999 -9999 -9999 -9999 -9999 -9999 -9999 -9999 -9999 -9999 -9999 -9999 -9999 -9999 -9999 -9999 -9999 100.975 108.102 107.445 111.213 109.535 116.063 108.03 108.393 112.216 113.099 114.88 118.604 127.088 146.218 160.06 176.532 172.681 148.145 116.252 98.983 96.087 98.173 88.817 87.901 86.9 83.836 84.03 84.925 87.857 91.794 92.272 92.93 91.205 89.896 91.319 88.796
-9999 -9999 -9999 -9999 -9999 -9999 -9999 -9999 -9999 -9999 -9999 -9999 -9999 -9999 -9999 -9999 -9999 -9999 86.906 86.841 -9999 -9999 -9999 -9999 -9999 -9999 -9999 -9999 -9999 -9999 -9999 -9999 -9999 -9999 -9999 -9999 -9999 93.085 98.067 101.66 111.556 108.934 109.301 103.015 103.084 102.371 104.117 108.438 111.169 117.299 132.4 148.24 153.678 165.031 154.856 142.347 132.222 101.046 92.463 92.942 97.024 94.922 88.388 86.783 86.684 86.674 92.097 93.046 88.841 87.229 89.432 88.053 88.758 90.533
-9999 -9999 -9999 -9999 -9999 -9999 -9999 -9999 -9999 -9999 -9999 -9999 -9999 -9999 -9999 -9999 -9999 -9999 91.274 93.214 87.386 -9999 -9999 -9999 -9999 -9999 -9999 -9999 -9999 -9999 -9999 -9999 -9999 -9999 -9999 -9999 85.873 91.472 93.893 111.506 112.831 103.821 99.801 97.373 101.564 99.068 101.825 103.539 104.156 117.165 127.787 141.231 159.127 169.775 160.381 129.134 117.356 107.931 88.495 88.178 91.556 98.442 92.261 84.956 95.237 90.592 88.14 87.501 87.046 85.143 87.774 88.279 87.806 89.745
-9999 -9999 -9999 -9999 -9999 -9999 -9999 -9999 -9999 -9999 -9999 -9999 -9999 -9999 -9999 -9999 -9999 85.189 90.195 97.646 95.171 91.726 -9999 -9999 -9999 -9999 -9999 -9999 -9999 -9999 -9999 -9999 -9999 91.733 -9999 -9999 85.907 92.117 99.427 101.623 100.123 -9999 99.645 105.063 101.05 98.364 100.164 98.74 106.922 111.093 120.279 135.637 136.948 157.639 135.892 117.766 117.907 99.055 94.543 90.805 89.7 94.097 92.854 86.912 85.285 90.329 86.456 92.029 92.409 88.417 88.727 91.005 87.532 88.662
-9999 -9999 -9999 -9999 -9999 -9999 -9999 -9999 -9999 -9999 -9999 -9999 -9999 -9999 -9999 -9999 -9999 79.986 90.671 99.693 100.569 99.689 96.177 97.92 -9999 -9999 -9999 95.98 85.251 -9999 82.158 81.032 85.883 95.648 91.539 -9999 -9999 86.703 90.019 -9999 -9999 89.049 93.196 95.939 95.598 98.191 98.305 104.951 107.237 112.924 125.623 146.647 137.586 135.35 127.354 116.348 118.84 107.657 85.909 87.885 90.692 98.319 92.698 87.782 80.337 83.34 88.015 87.246 89.125 90.175 87.868 89.755 86.184 86.306
-9999 -9999 -9999 -9999 -9999 -9999 -9999 -9999 -9999 -9999 -9999 -9999 -9999 -9999 -9999 -9999 -9999 -9999 90.46 102.618 106.66 106.504 104.482 -9999 -9999 139.253 135.779 97.208 99.987 97.959 93.833 85.111 88.93 87.346 97.349 92.661 -9999 81.169 83.38 87.537 86.109 86.46 88.957 95.66 98.867 96.36 95.975 102.006 109.841 115.43 128.771 156.658 149.402 127.986 118.065 111.563 113.766 102.232 87.103 82.409 87.909 92.221 90.965 86.465 84.607 81.916 85.239 86.728 85.786 90.378 91.511 88.643 85.355 83.017
-9999 -9999 -9999 -9999 -9999 -9999 -9999 -9999 -9999 -9999 -9999 -9999 -9999 -9999 -9999 -9999 -9999 -9999 92.122 102.7 109.395 131.92 118.59 134.064 152.052 182.657 123.239 91.936 102.545 101.651 100.706 92.359 82.575 92.438 113.7 103.898 91.887 83.084 84.748 84.575 85.87 87.275 101.403 118.67 99.007 103.369 95.64 99.789 105.865 114.429 139.007 148.586 148.371 130.72 123.524 109.635 104.983 100.778 92.884 83.386 87.814 88.309 82.86 87.476 87.409 86.375 87.535 83.964 85.983 86.637 91.405 89.92 85.2 82.51
-9999 -9999 -9999 -9999 -9999 -9999 -9999 -9999 -9999 -9999 -9999 -9999 -9999 -9999 -9999 -9999 -9999 -9999 -9999 106.533 120.87 121.332 156.902 176.801 234.542 201.454 142.17 123.028 123.313 120.404 108.466 86.661 95.959 99.611 99.926 109.466 88.198 81.5 87.104 86.592 93.742 88.091 101.73 91.509 95.844 88.971 91.576 96.76 101.675 113.972 129.322 140.514 135.459 121.31 118.871 113.179 121.469 113.732 95.846 87.713 93.95 94.981 86.052 83.639 85.253 85.116 87.447 84.778 85.727 88.669 89.134 88.273 81.291 77.754
-9999 -9999 -9999 -9999 -9999 -9999 -9999 -9999 -9999 -9999 -9999 -9999 -9999 -9999 -9999 -9999 -9999 -9999 -9999 -9999 -9999 143.124 181.948 249.307 289.827 226.778 150.184 127.35 124.606 142.06 118.379 112.583 100.286 92.167 97.088 106.5 99.33 91.975 82.423 89.063 82.174 87.598 88.996 87.974 87.179 87.339 93.882 94.257 97.511 111.931 125.753 129.486 127.616 118.835 117.437 123.093 103.058 108.818 95.64 85.955 89.047 95.703 89.295 86.261 83.339 81.772 88.216 85.733 84.479 84.39 84.791 84.269 79.392 74.753
-9999 -9999 -9999 -9999 -9999 -9999 -9999 -9999 -9999 -9999 -9999 -9999 -9999 -9999 -9999 -9999 -9999 -9999 -9999 -9999 135.964 177.644 224.953 291.288 324.147 238.388 173.394 157.188 140.895 141.969 137.12 111.235 115.03 93.997 102.381 115.69 104.699 89.473 83.246 83.539 90.281 94.512 89.239 89.778 95.012 92.574 92.5 92.559 102.951 112.492 115.878 117.848 129.306 118.893 114.56 112.129 109.688 100.739 93.549 93.946 93.099 95.007 95.145 90.076 87.211 80.896 84.133 84.842 80.806 80.445 82.625 81.165 78.541 75.438
-9999 -9999 -9999 -9999 -9999 -9999 -9999 -9999 -9999 -9999 -9999 -9999 -9999 -9999 -9999 -9999 -9999 -9999 -9999 125.923 192.38 201.16 244.512 282.359 262.575 269.97 236.302 186.475 163.67 157.14 128.597 121.196 103.486 106.158 118.252 120.637 105.163 89.675 80.338 84.215 94.821 93.563 86.699 90.474 92.474 93.3 92.565 99.909 105.013 110.577 108.351 111.955 121.277 130.631 110.881 104.725 100.524 99.11 97.299 89.975 96.832 94.672 93.559 93.228 88.868 83.958 81.444 85.394 83.869 80.275 80.376 78.877 75.148 76.968
-9999 -9999 -9999 -9999 -9999 -9999 -9999 -9999 -9999 -9999 -9999 -9999 -9999 -9999 -9999 -9999 -9999 -9999 109.386 150.571 151.735 179.14 205.135 207.685 228.646 238.743 222.747 201.84 175.747 152.928 139.785 119.688 102.976 111.677 115.452 93.661 89.622 83.497 84.886 85.462 81.748 85.716 80.533 90.827 96.786 99.063 105.157 99.389 103.129 103.078 109.414 109.814 102.386 110.835 108.512 99.087 96.318 97.693 98.208 94.069 89.359 92.423 91.754 91.129 90.485 86.808 82.135 88.979 87.645 83.333 80.893 80.215 74.917 77.027
-9999 -9999 -9999 -9999 -9999 -9999 -9999 -9999 -9999 -9999 -9999 -9999 -9999 -9999 -9999 -9999 103.44 100.898 107.606 119.92 131.594 151.258 155.716 152.271 177.953 190.374 203.491 196.925 184.772 136.934 119.145 108.235 107.866 132.17 122.471 103.866 89.236 92.32 89.684 80.944 83.427 85.807 88.868 91.511 92.832 98.116 98.347 99.801 95.063 101.614 110.004 102.05 101.822 101.312 96.622 100.244 102.938 97.973 94.199 93.657 92.764 87.179 86.74 87.123 86.718 86.067 83.852 87.781 88.573 83.589 81.715 83.511 79.373 76.505
-9999 -9999 -9999 -9999 -9999 -9999 -9999 -9999 -9999 -9999 -9999 -9999 -9999 -9999 -9999 107.931 104.41 97.597 104.451 -9999 -9999 -9999 -9999 160.343 198.426 216.692 201.584 195.918 159.112 137.798 144.424 131.182 135.153 163.486 136.121 104.805 103.724 99.827 86.341 88.583 90.775 88.9 88.983 89.396 88.69 90.21 90.851 96.616 93.767 99.072 99.221 93.851 91.741 93.986 86.879 85.972 92.89 94.729 86.039 84.995 87.281 86.835 83.802 83.112 84.324 84.824 87.45 90.564 89.001 81.804 83.052 83.432 82.722 83.255
-9999 -9999 -9999 -9999 -9999 -9999 -9999 -9999 -9999 -9999 -9999 -9999 -9999 -9999 -9999 107.314 108.817 96.783 -9999 -9999 -9999 -9999 -9999 170.736 205.393 224.315 200.306 191.673 181.384 175.104 172.283 147.298 143.875 147.538 106.628 103.658 104.743 93.736 94.303 90.569 87.141 90.553 87.816 89.38 89.009 89.138 85.853 86.861 92.076 90.462 91.443 89.014 89.609 91.151 90.052 84.792 83.088 85.428 87.071 85.881 84.46 87.84 90.053 88.471 86.126 86.732 90.046 94.14 91.234 84.013 80.633 80.002 79.222 79.992
-9999 -9999 -9999 -9999 -9999 -9999 -9999 -9999 -9999 -9999 -9999 -9999 -9999 -9999 -9999 -9999 -9999 94.77 -9999 -9999 -9999 -9999 -9999 188.833 205.455 195.663 181.45 193.884 197.346 214.302 186.834 134.905 145.688 125.554 117.015 109.059 99.207 91.968 89.947 95.975 106.95 93.47 88.0 84.086 89.099 82.371 84.73 91.275 88.568 88.316 90.741 87.544 83.333 83.098 87.465 86.792 85.541 89.36 88.835 86.063 83.715 82.564 86.559 87.249 89.101 87.605 85.718 87.552 87.486 80.334 80.196 85.323 80.699 79.326
-9999 -9999 -9999 -9999 -9999 -9999 -9999 -9999 -9999 -9999 -9999 -9999 -9999 -9999 -9999 -9999 -9999 -9999 -9999 -9999 -9999 -9999 -9999 176.707 199.315 160.469 181.889 203.446 232.268 225.665 182.764 157.516 129.08 118.745 114.519 93.678 92.128 87.205 89.599 104.14 97.508 92.039 85.232 83.21 82.001 83.703 87.232 85.808 87.278 89.709 87.305 91.91 81.31 75.122 79.941 85.624 84.178 87.747 92.209 88.972 89.287 89.808 85.256 84.099 84.424 83.471 81.762 81.661 83.022 84.27 79.267 80.823 79.474 81.107
-9999 -9999 -9999 -9999 -9999 -9999 -9999 -9999 -9999 -9999 -9999 -9999 -9999 -9999 -9999 -9999 -9999 -9999 -9999 -9999 -9999 -9999 -9999 -9999 166.103 213.755 238.876 231.816 220.959 196.802 179.355 139.173 107.326 94.551 92.132 99.871 86.31 87.809 96.092 93.108 92.723 83.956 81.517 82.664 84.661 86.141 87.581 85.973 88.911 85.814 93.459 100.442 85.998 85.748 80.365 80.809 82.797 85.77 90.525 91.063 96.203 97.081 87.138 81.115 83.815 85.372 85.586 87.338 84.434 83.452 80.995 78.949 77.941 80.404
-9999 -9999 -9999 -9999 -9999 -9999 -9999 -9999 -9999 -9999 -9999 -9999 -9999 -9999 -9999 -9999 -9999 -9999 -9999 -9999 -9999 -9999 -9999 160.798 188.552 225.39 242.574 217.658 192.514 189.995 162.135 135.105 112.34 91.523 99.39 100.316 94.823 105.944 89.006 86.71 87.761 87.571 83.043 87.033 92.244 92.102 85.829 85.264 87.984 87.397 90.824 93.439 86.729 78.14 81.523 77.66 79.836 80.809 86.864 88.556 88.885 91.724 83.887 81.399 85.782 86.731 88.92 96.32 89.135 82.35 80.553 81.04 79.431 80.431
-9999 -9999 -9999 -9999 -9999 -9999 -9999 -9999 -9999 -9999 -9999 -9999 -9999 -9999 -9999 -9999 -9999 -9999 -9999 -9999 -9999 -9999 -9999 143.721 174.95 222.207 196.316 174.931 173.261 168.046 162.486 148.08 112.634 97.601 100.687 93.073 88.575 90.466 86.827 80.804 92.459 83.886 82.634 85.688 88.248 90.55 83.811 84.109 91.101 91.265 89.587 84.091 83.739 82.887 77.82 75.651 77.259 79.516 82.127 85.646 88.526 90.153 84.471 86.569 88.361 92.555 90.945 90.792 93.787 84.761 82.141 76.516 75.442 75.488
-9999 -9999 -9999 -9999 -9999 -9999 -9999 -9999 -9999 -9999 -9999 -9999 -9999 -9999 -9999 -9999 -9999 -9999 -9999 -9999 -9999 -9999 -9999 128.61 168.013 164.015 177.384 155.86 151.936 160.222 161.356 132.768 121.775 106.699 94.177 84.589 88.906 92.014 94.087 107.453 103.746 89.262 89.031 84.43 86.403 83.635 80.405 87.703 90.469 91.64 91.215 86.574 85.0 87.027 84.583 77.421 79.886 81.099 79.149 81.678 80.354 82.07 83.301 82.535 89.603 89.505 92.139 87.811 83.097 81.491 80.968 78.622 76.275 75.124
-9999 -9999 -9999 -9999 -9999 -9999 -9999 -9999 -9999 -9999 -9999 -9999 -9999 -9999 -9999 -9999 -9999 -9999 -9999 -9999 -9999 -9999 -9999 -9999 110.7 173.625 188.935 188.835 181.28 154.17 132.7 112.463 96.639 88.313 88.121 91.105 94.919 83.968 96.469 103.787 103.421 93.623 87.058 83.172 87.497 84.199 80.737 84.76 87.339 90.655 94.226 85.428 81.494 82.792 80.696 77.629 81.057 85.786 80.397 77.66 79.437 78.514 81.475 85.85 84.733 85.405 84.05 84.026 79.991 77.824 79.237 76.567 74.793 75.748
-9999 -9999 -9999 -9999 -9999 -9999 -9999 -9999 -9999 -9999 -9999 -9999 -9999 -9999 -9999 -9999 -9999 -9999 -9999 -9999 -9999 -9999 -9999 -9999 149.615 192.061 212.606 230.813 209.567 161.982 127.469 102.688 95.113 96.657 99.745 108.294 97.117 88.705 83.825 94.801 96.932 93.616 94.481 100.121 91.316 90.072 84.877 89.57 87.753 91.123 89.365 88.221 82.904 79.918 82.241 72.515 78.24 86.765 84.536 81.749 84.918 85.449 85.823 87.067 85.484 82.753 86.497 84.966 84.624 77.309 77.826 74.626 69.591 71.256
-9999 -9999 -9999 -9999 -9999 -9999 -9999 -9999 -9999 -9999 -9999 -9999 -9999 -9999 -9999 -9999 -9999 -9999 -9999 -9999 -9999 -9999 -9999 100.455 147.718 190.028 221.729 231.326 206.265 161.345 124.92 128.14 135.604 120.161 115.081 104.36 86.06 79.524 86.295 94.249 91.542 95.046 100.895 93.738 96.493 85.532 85.874 91.717 87.799 90.36 91.444 82.594 86.638 82.636 80.731 81.155 77.929 85.429 99.052 93.535 93.423 87.357 86.087 88.609 90.488 85.756 85.312 83.064 81.122 80.266 75.026 72.923 72.103 75.026
-9999 -9999 -9999 -9999 -9999 -9999 -9999 -9999 -9999 -9999 -9999 -9999 -9999 -9999 -9999 -9999 -9999 -9999 -9999 -9999 -9999 -9999 -9999 129.562 152.663 176.713 194.675 215.574 207.289 163.929 135.159 126.014 120.829 129.144 124.458 111.461 92.411 95.847 91.341 84.729 93.686 89.642 93.915 95.204 96.272 80.733 86.633 88.073 84.655 89.686 93.733 96.499 89.597 86.591 84.393 81.637 78.137 80.072 78.153 87.69 77.49 85.919 83.55 88.638 90.044 88.466 84.2 79.105 74.968 76.669 76.908 73.698 70.154 72.004
-9999 -9999 -9999 -9999 -9999 -9999 -9999 -9999 -9999 -9999 -9999 -9999 -9999 -9999 -9999 -9999 -9999 -9999 -9999 -9999 -9999 -9999 -9999 137.675 143.177 148.54 181.881 204.842 197.257 161.113 125.355 108.47 122.453 124.666 118.249 110.113 110.383 98.53 81.294 89.015 87.788 99.469 86.804 91.983 86.4 84.881 89.559 83.593 82.202 88.714 91.41 87.511 86.897 85.862 83.689 83.866 80.347 77.439 75.98 76.294 80.346 73.483 81.118 84.105 89.491 85.879 78.958 80.055 76.706 75.272 72.475 71.901 70.623 67.42
-9999 -9999 -9999 -9999 -9999 -9999 -9999 -9999 -9999 -9999 -9999 -9999 -9999 -9999 -9999 -9999 -9999 -9999 -9999 -9999 -9999 -9999 128.374 140.35 145.745 151.472 165.538 195.432 178.355 151.921 113.716 103.475 106.698 113.223 114.494 116.723 103.239 94.044 91.95 86.602 92.935 88.016 82.411 86.257 86.475 90.153 85.968 81.589 81.275 80.845 82.97 87.057 86.912 87.368 86.212 84.133 84.661 81.028 78.272 74.78 76.438 78.952 80.223 84.421 83.412 82.404 77.525 76.268 74.956 69.012 67.641 67.758 68.451 67.831
-9999 -9999 -9999 -9999 -9999 -9999 -9999 -9999 -9999 -9999 -9999 -9999 -9999 -9999 -9999 -9999 -9999 -9999 -9999 -9999 -9999 133.807 136.877 143.781 134.455 135.061 174.404 190.928 182.843 157.051 124.976 106.665 118.908 115.789 116.079 120.727 98.181 90.999 84.5 83.604 84.41 84.03 84.637 92.117 90.675 95.271 91.818 83.831 77.728 75.803 82.968 88.11 86.375 86.85 88.715 87.328 89.065 86.214 79.941 76.089 76.435 77.407 82.594 82.211 79.915 77.126 71.02 71.256 72.421 69.886 72.854 72.152 69.142 67.773
-9999 -9999 -9999 -9999 -9999 -9999 -9999 -9999 -9999 -9999 -9999 -9999 -9999 -9999 -9999 -9999 -9999 -9999 -9999 138.139 137.585 135.665 125.792 129.329 133.175 147.118 178.108 187.159 192.28 164.226 129.108 113.99 100.489 112.397 114.689 111.723 92.319 83.95 85.048 79.807 82.648 79.436 88.241 89.377 86.472 90.327 84.043 79.997 79.293 81.122 87.42 86.386 89.961 87.963 91.732 86.114 81.311 83.76 83.224 80.158 81.291 83.002 78.301 78.063 73.883 73.297 70.996 70.318 69.969 70.093 69.3 73.982 71.123 67.721
