Validation/Results/raw data/ReClimate_01_2024_1_Temperatureweatherlogisticsltd.asc
NCOLS 192
NROWS 249
XLLCENTER -225160.85627316462
YLLCENTER 29788.11610251502
CELLSIZE 5000.0
NODATA_VALUE -9999
[rows 102 to 135 of 249, columns 77 to 153 of 192]
0.544 0.544 0.532 0.516 -9999 -9999 0.558 -9999 -9999 0.621 0.65 0.675 0.691 0.706 0.717 0.724 0.748 0.771 0.772 0.766 0.779 0.79 0.805 0.82 0.81 0.794 0.799 0.801 0.799 0.793 0.776 0.754 0.765 0.776 0.769 0.759 0.763 0.763 0.758 0.751 -9999 -9999 -9999 -9999 -9999 -9999 -9999 -9999 -9999 -9999 -9999 -9999 -9999 -9999 -9999 -9999 -9999 -9999 -9999 -9999 -9999 -9999 -9999 -9999 -9999 -9999 -9999 -9999 -9999 -9999 -9999 -9999 -9999 -9999 -9999 -9999 -9999
0.539 0.546 -9999 -9999 -9999 0.541 0.56 0.589 0.604 0.608 0.629 0.64 0.664 0.703 0.711 0.712 0.732 0.748 0.76 0.788 0.798 0.802 0.81 0.805 0.805 0.822 0.817 0.79 0.787 0.781 0.772 0.771 0.778 0.777 0.772 -9999 -9999 0.774 -9999 -9999 -9999 -9999 -9999 -9999 -9999 -9999 -9999 -9999 -9999 -9999 -9999 -9999 -9999 -9999 -9999 -9999 -9999 -9999 -9999 -9999 -9999 -9999 -9999 -9999 -9999 -9999 -9999 -9999 -9999 -9999 -9999 -9999 -9999 -9999 -9999 -9999 -9999
-9999 0.55 -9999 -9999 -9999 0.544 0.567 0.595 0.6 0.604 0.616 0.626 0.662 0.701 0.707 0.709 0.726 0.742 0.771 0.797 0.803 0.807 0.805 0.8 0.816 0.833 0.813 0.787 0.784 0.778 0.779 0.779 0.78 0.78 -9999 0.769 0.775 0.778 0.766 -9999 -9999 -9999 -9999 -9999 -9999 -9999 -9999 -9999 -9999 -9999 -9999 -9999 -9999 -9999 -9999 -9999 -9999 -9999 -9999 -9999 -9999 -9999 -9999 -9999 -9999 -9999 -9999 -9999 -9999 -9999 -9999 -9999 -9999 -9999 -9999 -9999 -9999
-9999 -9999 -9999 0.564 0.562 0.573 0.591 0.595 0.607 0.629 0.644 0.663 0.693 0.71 0.712 0.702 0.728 0.767 0.789 0.796 0.799 0.797 0.802 0.816 0.826 0.826 0.805 0.775 0.779 0.795 0.796 0.79 -9999 0.798 0.796 0.792 0.795 0.788 0.769 -9999 -9999 -9999 -9999 -9999 -9999 -9999 -9999 -9999 -9999 -9999 -9999 -9999 -9999 -9999 -9999 -9999 -9999 -9999 -9999 -9999 -9999 -9999 -9999 -9999 -9999 -9999 -9999 -9999 -9999 -9999 -9999 -9999 -9999 -9999 -9999 -9999 -9999
-9999 -9999 -9999 0.573 0.577 0.589 0.592 0.597 0.618 0.639 0.659 0.679 0.697 0.715 0.711 0.701 0.739 0.778 0.791 0.798 0.798 0.796 0.81 0.824 0.825 0.825 0.803 0.774 0.788 0.805 0.802 0.796 0.802 0.808 0.807 0.803 0.8 0.793 0.778 0.758 -9999 -9999 -9999 -9999 -9999 -9999 -9999 -9999 -9999 -9999 -9999 -9999 -9999 -9999 -9999 -9999 -9999 -9999 -9999 -9999 -9999 -9999 -9999 -9999 -9999 -9999 -9999 -9999 -9999 -9999 -9999 -9999 -9999 -9999 -9999 -9999 -9999
-9999 -9999 0.583 -9999 -9999 0.59 0.599 0.62 0.64 0.654 -9999 -9999 0.698 0.71 0.717 0.738 0.766 0.776 0.788 0.795 0.796 0.795 0.808 0.821 0.826 0.837 0.825 0.825 0.834 0.828 0.826 0.82 0.825 0.827 0.823 0.812 0.806 0.792 0.782 0.779 0.782 -9999 -9999 -9999 -9999 -9999 -9999 -9999 -9999 -9999 -9999 -9999 -9999 -9999 -9999 -9999 -9999 -9999 -9999 -9999 -9999 -9999 -9999 -9999 -9999 -9999 -9999 -9999 -9999 -9999 -9999 -9999 -9999 -9999 -9999 -9999 -9999
-9999 -9999 0.592 -9999 0.589 0.597 0.613 0.631 0.647 0.662 0.674 0.685 0.7 0.711 0.733 0.754 0.767 0.776 0.786 0.793 0.795 0.793 0.806 0.817 0.828 0.839 0.842 0.843 0.84 0.834 0.832 0.827 0.83 0.832 0.825 0.815 0.805 0.791 0.789 0.788 -9999 -9999 -9999 -9999 -9999 -9999 -9999 -9999 -9999 -9999 -9999 -9999 -9999 -9999 -9999 -9999 -9999 -9999 -9999 -9999 -9999 -9999 -9999 -9999 -9999 -9999 -9999 -9999 -9999 -9999 -9999 -9999 -9999 -9999 -9999 -9999 -9999
-9999 -9999 0.6 -9999 0.6 0.611 0.625 0.637 0.65 -9999 0.678 0.69 -9999 0.743 0.756 0.75 0.771 0.805 0.806 0.788 0.795 0.812 0.82 0.819 0.828 0.837 0.841 0.845 0.843 0.837 0.836 0.833 0.835 0.832 0.828 0.82 -9999 -9999 -9999 -9999 -9999 -9999 -9999 -9999 -9999 -9999 -9999 -9999 -9999 -9999 -9999 -9999 -9999 -9999 -9999 -9999 -9999 -9999 -9999 -9999 -9999 -9999 -9999 -9999 -9999 -9999 -9999 -9999 -9999 -9999 -9999 -9999 -9999 -9999 -9999 -9999 -9999
0.592 0.604 -9999 -9999 0.612 0.622 0.633 0.644 0.656 0.669 0.684 0.695 -9999 0.758 0.757 0.751 0.784 0.816 0.804 0.786 0.803 0.819 0.82 0.818 0.827 0.835 0.84 0.845 0.843 0.838 0.837 0.835 0.835 0.833 0.832 -9999 -9999 -9999 -9999 -9999 -9999 -9999 -9999 -9999 -9999 -9999 -9999 -9999 -9999 -9999 -9999 -9999 -9999 -9999 -9999 -9999 -9999 -9999 -9999 -9999 -9999 -9999 -9999 -9999 -9999 -9999 -9999 -9999 -9999 -9999 -9999 -9999 -9999 -9999 -9999 -9999 -9999
0.604 0.614 -9999 0.618 0.625 0.644 0.648 -9999 0.662 0.695 0.705 0.708 -9999 0.733 0.739 0.757 0.78 0.784 0.786 0.812 0.824 0.826 0.831 0.839 0.845 0.844 -9999 0.842 0.844 0.853 0.852 0.845 0.844 0.839 -9999 -9999 -9999 -9999 -9999 -9999 -9999 -9999 -9999 -9999 -9999 -9999 -9999 -9999 -9999 -9999 -9999 -9999 -9999 -9999 -9999 -9999 -9999 -9999 -9999 -9999 -9999 -9999 -9999 -9999 -9999 -9999 -9999 -9999 -9999 -9999 -9999 -9999 -9999 -9999 -9999 -9999 -9999
0.616 -9999 -9999 0.628 0.643 0.659 -9999 0.653 0.68 0.711 0.715 0.717 -9999 0.727 0.746 0.763 0.771 0.773 0.797 0.823 0.826 0.829 0.838 0.846 0.848 0.847 0.845 0.84 -9999 -9999 0.854 0.848 -9999 -9999 -9999 -9999 -9999 -9999 0.798 0.794 0.789 -9999 -9999 -9999 -9999 -9999 -9999 -9999 -9999 -9999 -9999 -9999 -9999 -9999 -9999 -9999 -9999 -9999 -9999 -9999 -9999 -9999 -9999 -9999 -9999 -9999 -9999 -9999 -9999 -9999 -9999 -9999 -9999 -9999 -9999 -9999 -9999
-9999 -9999 0.64 0.648 0.663 0.676 -9999 0.691 0.711 0.713 0.72 0.735 -9999 -9999 -9999 0.787 0.795 0.8 0.815 0.813 0.817 0.824 0.832 0.839 0.847 0.863 0.863 0.861 0.868 0.867 0.866 0.865 -9999 -9999 -9999 -9999 -9999 0.807 0.802 0.8 0.795 0.787 -9999 -9999 -9999 -9999 -9999 -9999 -9999 -9999 -9999 -9999 -9999 -9999 -9999 -9999 -9999 -9999 -9999 -9999 -9999 -9999 -9999 -9999 -9999 -9999 -9999 -9999 -9999 -9999 -9999 -9999 -9999 -9999 -9999 -9999 -9999
-9999 -9999 -9999 0.661 0.675 0.688 -9999 0.713 -9999 0.72 0.735 0.748 -9999 0.774 0.788 0.798 -9999 0.812 0.813 0.81 0.816 0.822 0.829 0.837 0.852 0.869 0.87 0.869 0.87 0.87 0.871 0.87 0.869 0.86 0.845 -9999 0.82 0.811 0.807 0.8 0.794 0.787 0.781 0.775 -9999 -9999 -9999 -9999 -9999 -9999 -9999 -9999 -9999 -9999 -9999 -9999 -9999 -9999 -9999 -9999 -9999 -9999 -9999 -9999 -9999 -9999 -9999 -9999 -9999 -9999 -9999 -9999 -9999 -9999 -9999 -9999 -9999
-9999 -9999 -9999 0.685 0.698 0.709 -9999 0.718 -9999 0.743 0.754 -9999 0.783 0.801 0.81 0.808 0.814 0.812 0.815 0.82 0.822 0.816 0.825 0.84 0.851 0.857 0.862 0.875 0.876 0.875 0.88 0.889 0.885 0.868 0.859 0.853 0.847 0.831 0.828 0.825 0.822 0.819 0.811 0.791 0.768 0.745 0.725 -9999 -9999 -9999 -9999 -9999 -9999 -9999 -9999 -9999 -9999 -9999 -9999 -9999 -9999 -9999 -9999 -9999 -9999 -9999 -9999 -9999 -9999 -9999 -9999 -9999 -9999 -9999 -9999 -9999 -9999
-9999 -9999 -9999 0.7 0.711 0.722 0.725 -9999 -9999 0.757 0.763 -9999 0.796 0.816 0.818 0.815 0.814 0.812 0.82 0.824 0.82 0.814 0.827 0.841 0.847 0.851 0.863 0.876 0.877 0.876 0.885 0.895 0.885 0.868 0.865 0.861 0.85 0.837 0.835 0.833 0.832 0.829 0.815 0.798 0.784 0.764 0.733 0.739 -9999 -9999 -9999 -9999 -9999 -9999 -9999 -9999 -9999 -9999 -9999 -9999 -9999 -9999 -9999 -9999 -9999 -9999 -9999 -9999 -9999 -9999 -9999 -9999 -9999 -9999 -9999 -9999 -9999
-9999 -9999 -9999 0.721 0.73 0.731 0.734 -9999 -9999 0.763 0.769 -9999 -9999 0.818 0.818 0.82 0.823 0.829 0.833 0.831 0.829 0.826 0.834 0.833 0.84 0.852 0.861 0.867 0.869 0.873 0.887 0.911 0.904 0.889 0.887 0.88 0.871 0.857 0.855 0.845 0.841 0.83 0.818 0.805 0.792 0.774 0.76 0.746 -9999 -9999 -9999 -9999 -9999 -9999 -9999 -9999 -9999 -9999 -9999 -9999 -9999 -9999 -9999 -9999 -9999 -9999 -9999 -9999 -9999 -9999 -9999 -9999 -9999 -9999 -9999 -9999 -9999
-9999 -9999 -9999 0.739 0.738 0.743 -9999 -9999 -9999 -9999 0.784 -9999 0.812 0.821 0.824 0.826 0.832 0.838 0.837 0.834 0.833 0.831 0.831 0.829 0.84 0.851 0.857 0.862 0.867 0.871 0.892 0.915 0.907 0.894 0.89 0.885 0.875 0.863 0.856 0.847 0.838 0.828 0.819 0.807 0.796 0.784 0.774 0.761 0.755 -9999 -9999 -9999 -9999 -9999 -9999 -9999 -9999 -9999 -9999 -9999 -9999 -9999 -9999 -9999 -9999 -9999 -9999 -9999 -9999 -9999 -9999 -9999 -9999 -9999 -9999 -9999 -9999
-9999 0.728 0.736 0.747 0.755 -9999 -9999 0.792 -9999 -9999 -9999 -9999 0.819 0.828 0.833 0.84 0.845 0.847 0.852 0.865 0.863 0.855 0.851 0.839 0.85 0.861 0.87 0.885 0.891 0.896 0.908 0.898 0.889 0.883 0.883 0.886 0.873 0.852 0.845 0.838 0.831 0.826 0.819 0.81 0.798 0.782 0.776 0.777 0.759 -9999 -9999 -9999 -9999 -9999 -9999 -9999 -9999 -9999 -9999 -9999 -9999 -9999 -9999 -9999 -9999 -9999 -9999 -9999 -9999 -9999 -9999 -9999 -9999 -9999 -9999 -9999 -9999
-9999 -9999 0.744 0.757 0.772 -9999 0.81 0.82 0.817 -9999 -9999 -9999 -9999 0.834 0.841 0.848 0.852 0.854 0.866 0.879 0.874 0.866 0.858 0.846 0.855 0.865 0.878 0.893 0.899 0.905 0.9 0.886 0.882 0.876 0.879 0.883 0.866 0.846 0.842 0.836 0.833 0.828 0.822 0.813 0.8 0.784 0.785 0.786 0.773 0.754 -9999 -9999 -9999 -9999 -9999 -9999 -9999 -9999 -9999 -9999 -9999 -9999 -9999 -9999 -9999 -9999 -9999 -9999 -9999 -9999 -9999 -9999 -9999 -9999 -9999 -9999 -9999
-9999 -9999 0.757 0.769 0.78 -9999 0.806 0.838 0.837 -9999 -9999 -9999 -9999 -9999 0.849 0.857 0.863 0.873 0.875 0.861 0.863 0.878 0.876 0.879 0.884 0.88 0.889 0.891 0.894 0.891 0.889 0.899 0.9 0.907 0.899 0.865 0.857 0.863 0.857 0.841 0.84 0.841 0.832 0.817 0.809 0.807 0.801 0.779 0.783 0.762 0.752 -9999 -9999 -9999 -9999 -9999 -9999 -9999 -9999 -9999 -9999 -9999 -9999 -9999 -9999 -9999 -9999 -9999 -9999 -9999 -9999 -9999 -9999 -9999 -9999 -9999 -9999
-9999 -9999 0.774 0.781 -9999 -9999 0.812 0.85 0.853 0.841 -9999 -9999 -9999 -9999 -9999 0.864 0.873 0.882 0.871 0.857 0.87 0.885 0.89 0.894 0.892 0.888 0.891 0.893 0.892 0.884 0.893 0.905 0.911 0.918 0.892 0.859 0.864 0.87 0.859 0.844 0.845 0.846 0.834 0.819 0.819 0.818 0.8 0.779 0.783 0.782 0.762 0.75 0.736 -9999 -9999 -9999 -9999 -9999 -9999 -9999 -9999 -9999 -9999 -9999 -9999 -9999 -9999 -9999 -9999 -9999 -9999 -9999 -9999 -9999 -9999 -9999 -9999
-9999 -9999 0.789 0.775 -9999 -9999 0.821 0.847 0.852 -9999 -9999 -9999 -9999 -9999 -9999 0.88 0.886 0.885 0.881 0.885 0.901 0.919 0.923 0.919 0.919 0.915 0.918 0.917 0.915 0.913 0.921 0.925 0.927 0.919 0.901 0.891 0.888 0.868 0.861 0.861 0.861 0.853 0.84 0.817 0.823 0.839 0.824 0.803 0.788 0.778 0.763 0.747 0.735 -9999 -9999 -9999 -9999 -9999 -9999 -9999 -9999 -9999 -9999 -9999 -9999 -9999 -9999 -9999 -9999 -9999 -9999 -9999 -9999 -9999 -9999 -9999 -9999
-9999 -9999 0.786 0.784 -9999 -9999 -9999 0.848 0.86 0.861 -9999 -9999 -9999 -9999 -9999 0.89 0.89 0.89 0.894 0.899 0.915 0.934 0.934 0.931 0.931 0.928 0.929 0.924 0.924 0.923 0.927 0.931 0.926 0.918 0.912 0.903 0.887 0.867 0.868 0.868 0.863 0.856 0.839 0.818 0.832 0.849 0.832 0.805 0.788 0.769 0.754 0.738 0.727 -9999 -9999 -9999 -9999 -9999 -9999 -9999 -9999 -9999 -9999 -9999 -9999 -9999 -9999 -9999 -9999 -9999 -9999 -9999 -9999 -9999 -9999 -9999 -9999
-9999 0.822 0.812 0.814 -9999 -9999 -9999 -9999 -9999 -9999 -9999 -9999 -9999 -9999 -9999 0.911 0.911 0.903 0.909 0.916 0.929 0.938 0.937 0.933 0.939 0.955 0.949 0.933 0.932 0.929 0.93 0.924 0.916 0.903 0.895 0.883 0.873 0.87 0.871 0.873 0.867 0.854 0.844 0.842 0.849 0.838 0.818 0.803 0.784 0.764 0.757 0.745 0.728 0.71 -9999 -9999 -9999 -9999 -9999 -9999 -9999 -9999 -9999 -9999 -9999 -9999 -9999 -9999 -9999 -9999 -9999 -9999 -9999 -9999 -9999 -9999 -9999
0.834 0.837 0.837 0.833 -9999 -9999 -9999 -9999 -9999 -9999 -9999 -9999 -9999 0.882 0.905 0.92 0.918 0.912 0.919 0.926 0.934 0.942 0.94 0.937 0.95 0.961 0.949 0.934 0.933 0.93 0.926 0.92 0.91 0.896 0.887 0.875 0.873 0.871 0.873 0.874 0.865 0.853 0.853 0.852 0.844 0.826 0.811 0.796 0.778 0.757 0.75 0.743 0.726 0.703 -9999 -9999 -9999 -9999 -9999 -9999 -9999 -9999 -9999 -9999 -9999 -9999 -9999 -9999 -9999 -9999 -9999 -9999 -9999 -9999 -9999 -9999 -9999
0.855 0.857 0.847 -9999 -9999 -9999 -9999 -9999 -9999 -9999 -9999 -9999 -9999 0.891 0.908 0.919 0.921 0.927 0.935 0.939 0.947 0.956 0.952 0.939 0.945 0.947 0.942 0.948 0.936 0.902 0.899 0.9 0.891 0.886 0.882 0.886 0.882 0.873 0.871 0.861 0.857 0.862 0.857 0.84 0.825 0.807 0.794 0.787 0.773 0.762 0.753 0.745 0.726 0.701 -9999 -9999 -9999 -9999 -9999 -9999 -9999 -9999 -9999 -9999 -9999 -9999 -9999 -9999 -9999 -9999 -9999 -9999 -9999 -9999 -9999 -9999 -9999
-9999 -9999 -9999 -9999 -9999 -9999 -9999 -9999 -9999 -9999 -9999 -9999 -9999 0.899 0.908 0.92 0.927 0.935 0.942 0.948 0.957 0.963 0.951 0.936 0.938 0.94 0.945 0.95 0.923 0.89 0.89 0.89 0.887 0.881 0.884 0.888 0.882 0.873 0.865 0.855 0.859 0.864 0.851 0.829 0.812 0.794 0.786 0.779 0.769 0.759 0.751 0.742 0.723 0.696 -9999 -9999 -9999 -9999 -9999 -9999 -9999 -9999 -9999 -9999 -9999 -9999 -9999 -9999 -9999 -9999 -9999 -9999 -9999 -9999 -9999 -9999 -9999
-9999 -9999 -9999 -9999 -9999 -9999 -9999 -9999 -9999 -9999 -9999 -9999 0.9 0.916 0.927 0.937 0.94 0.933 0.944 0.96 0.963 0.959 0.95 0.945 0.935 0.903 0.912 0.936 0.913 0.89 0.889 0.884 0.883 0.886 0.887 0.882 0.879 0.881 0.874 0.864 0.863 0.85 0.833 0.806 0.788 0.769 0.762 0.76 0.763 0.76 0.751 0.741 0.725 0.692 -9999 -9999 -9999 -9999 -9999 -9999 -9999 -9999 -9999 -9999 -9999 -9999 -9999 -9999 -9999 -9999 -9999 -9999 -9999 -9999 -9999 -9999 -9999
-9999 -9999 -9999 -9999 -9999 -9999 -9999 -9999 -9999 -9999 -9999 -9999 0.917 0.927 0.937 0.947 0.941 0.931 0.943 0.956 0.955 0.952 0.95 0.946 0.919 0.887 0.906 0.928 0.911 0.889 0.885 0.879 0.883 0.886 0.882 0.877 0.88 0.883 0.875 0.866 0.857 0.842 0.818 0.791 0.773 0.756 0.752 0.749 0.751 0.756 0.747 0.737 0.721 0.696 -9999 -9999 -9999 -9999 -9999 -9999 -9999 -9999 -9999 -9999 -9999 -9999 -9999 -9999 -9999 -9999 -9999 -9999 -9999 -9999 -9999 -9999 -9999
-9999 -9999 -9999 -9999 -9999 -9999 -9999 -9999 -9999 -9999 -9999 0.914 0.923 0.94 0.939 0.922 0.92 0.93 0.942 0.957 0.952 0.937 0.934 0.928 0.912 0.904 0.91 0.895 0.882 0.878 0.877 0.883 0.885 0.884 0.879 0.87 0.874 0.879 0.874 0.872 0.86 0.834 0.815 0.805 0.786 0.759 0.757 0.757 0.749 0.747 0.736 0.724 0.709 0.691 0.669 -9999 -9999 -9999 -9999 -9999 -9999 -9999 -9999 -9999 -9999 -9999 -9999 -9999 -9999 -9999 -9999 -9999 -9999 -9999 -9999 -9999 -9999
-9999 -9999 -9999 -9999 -9999 -9999 -9999 -9999 -9999 -9999 0.918 0.924 0.931 0.938 0.924 0.905 0.915 0.925 0.937 0.951 0.939 0.925 0.921 0.916 0.912 0.908 0.896 0.881 0.877 0.872 0.877 0.883 0.882 0.881 0.874 0.866 0.87 0.875 0.874 0.872 0.854 0.825 0.815 0.806 0.783 0.757 0.756 0.757 0.749 0.74 0.728 0.715 0.699 0.681 0.668 -9999 -9999 -9999 -9999 -9999 -9999 -9999 -9999 -9999 -9999 -9999 -9999 -9999 -9999 -9999 -9999 -9999 -9999 -9999 -9999 -9999 -9999
-9999 -9999 -9999 -9999 -9999 -9999 -9999 -9999 -9999 -9999 0.923 0.955 0.953 0.931 0.916 0.894 0.906 0.928 0.933 0.927 0.921 0.921 0.916 0.907 0.905 0.902 0.892 0.881 0.88 0.881 0.882 0.876 0.872 0.864 0.856 0.847 0.85 0.857 0.86 0.872 0.853 0.834 0.823 0.808 0.789 0.771 0.763 0.743 0.744 0.741 0.726 0.711 0.709 0.7 0.686 -9999 -9999 -9999 -9999 -9999 -9999 -9999 -9999 -9999 -9999 -9999 -9999 -9999 -9999 -9999 -9999 -9999 -9999 -9999 -9999 -9999 -9999
-9999 -9999 -9999 -9999 -9999 -9999 -9999 -9999 -9999 0.922 0.942 0.961 0.944 0.924 0.906 0.885 0.903 0.924 0.919 0.913 0.914 0.914 0.907 0.898 0.896 0.893 0.886 0.876 0.878 0.879 0.875 0.87 0.864 0.855 0.848 0.838 0.843 0.848 0.859 0.867 0.85 0.832 0.819 0.805 0.789 0.772 0.753 0.732 0.733 0.736 0.722 0.706 0.704 0.703 0.69 0.652 -9999 -9999 -9999 -9999 -9999 -9999 -9999 -9999 -9999 -9999 -9999 -9999 -9999 -9999 -9999 -9999 -9999 -9999 -9999 -9999 -9999
-9999 -9999 -9999 -9999 -9999 -9999 -9999 -9999 0.921 -9999 0.944 0.946 0.933 0.919 0.905 0.891 0.903 0.905 0.907 0.919 0.915 0.9 0.895 0.894 0.89 0.88 0.88 0.894 0.888 0.862 0.864 0.877 0.869 0.861 0.854 0.848 0.849 0.842 0.847 0.837 0.822 0.814 0.803 0.793 0.78 0.772 0.756 0.741 0.725 0.717 0.713 0.704 0.701 0.7 0.692 0.661 -9999 -9999 -9999 -9999 -9999 -9999 -9999 -9999 -9999 -9999 -9999 -9999 -9999 -9999 -9999 -9999 -9999 -9999 -9999 -9999 -9999
