Validation/Results/raw data/ReClimate_08_2024_1_Precipitation-Actuals.asc
NCOLS 192
NROWS 249
XLLCENTER -225160.85627316462
YLLCENTER 29788.11610251502
CELLSIZE 5000.0
NODATA_VALUE -9999
[rows 165 to 197 of 249, columns 75 to 149 of 192]
-9999 -9999 -9999 -9999 -9999 -9999 -9999 -9999 -9999 -9999 -9999 -9999 -9999 -9999 -9999 -9999 -9999 -9999 -9999 -9999 -9999 -9999 -9999 -9999 -9999 -9999 -9999 -9999 -9999 -9999 -9999 -9999 -9999 -9999 -9999 -9999 -9999 67.035 68.176 68.884 69.504 73.39 80.768 94.176 100.512 99.934 97.602 94.64 96.846 95.609 95.298 86.79 67.552 54.412 51.884 46.504 43.619 42.342 41.737 41.092 44.996 43.02 40.61 40.135 40.044 40.614 41.189 43.565 45.193 42.824 43.558 43.851 42.085 42.1 -9999
-9999 -9999 -9999 -9999 -9999 -9999 -9999 -9999 -9999 -9999 -9999 -9999 -9999 -9999 -9999 -9999 -9999 -9999 -9999 -9999 -9999 -9999 -9999 -9999 -9999 -9999 -9999 -9999 -9999 -9999 -9999 -9999 -9999 -9999 -9999 -9999 -9999 67.786 70.032 69.868 70.335 74.406 81.891 90.038 94.013 89.631 86.756 88.627 84.187 87.934 92.829 87.119 73.823 60.471 51.839 46.091 44.743 42.618 41.438 40.997 40.851 43.219 40.032 39.389 39.391 39.529 40.42 40.563 43.194 42.272 37.708 40.472 42.983 41.538 40.182
-9999 -9999 -9999 -9999 -9999 -9999 -9999 -9999 -9999 -9999 -9999 -9999 -9999 -9999 -9999 -9999 -9999 -9999 -9999 -9999 -9999 -9999 -9999 -9999 -9999 -9999 -9999 -9999 -9999 -9999 -9999 -9999 -9999 -9999 -9999 -9999 64.248 66.77 69.437 71.515 72.422 72.676 75.288 84.251 82.573 80.276 77.755 77.374 76.298 83.598 93.452 96.705 83.764 69.49 62.794 50.336 41.993 40.491 37.215 40.133 41.683 40.462 39.866 39.19 39.003 39.507 39.349 39.868 41.128 42.563 42.33 40.635 41.909 43.312 40.618
-9999 -9999 -9999 -9999 -9999 -9999 -9999 -9999 -9999 -9999 -9999 -9999 -9999 -9999 -9999 -9999 -9999 -9999 -9999 -9999 -9999 -9999 -9999 -9999 -9999 -9999 -9999 -9999 -9999 -9999 -9999 -9999 -9999 -9999 -9999 -9999 63.137 65.709 70.485 72.581 70.055 71.106 71.65 72.976 71.089 70.331 71.807 70.496 72.574 78.968 87.617 100.194 101.627 82.993 68.195 58.435 47.484 44.273 39.477 36.752 41.328 41.106 39.249 40.151 39.053 38.837 38.785 41.193 41.999 41.498 41.824 42.112 44.745 43.483 41.773
-9999 -9999 -9999 -9999 -9999 -9999 -9999 -9999 -9999 -9999 -9999 -9999 -9999 -9999 -9999 -9999 -9999 -9999 -9999 -9999 -9999 -9999 -9999 -9999 -9999 -9999 -9999 -9999 -9999 -9999 -9999 -9999 -9999 -9999 -9999 -9999 -9999 65.929 69.19 66.994 68.466 67.885 66.881 62.954 61.823 63.011 62.611 63.218 64.603 70.108 79.262 90.339 102.897 101.504 82.061 64.458 54.103 46.487 45.044 39.579 40.898 42.313 40.723 38.92 39.399 38.569 38.729 38.775 41.462 40.63 40.003 42.003 41.518 44.809 45.822
-9999 -9999 -9999 -9999 -9999 -9999 -9999 -9999 -9999 -9999 -9999 -9999 -9999 -9999 -9999 -9999 -9999 71.727 72.407 -9999 -9999 -9999 -9999 -9999 -9999 -9999 -9999 -9999 -9999 -9999 -9999 -9999 -9999 -9999 -9999 -9999 61.467 60.815 64.987 66.316 66.175 64.071 61.292 58.366 57.383 57.648 59.427 59.481 61.577 66.58 80.287 86.975 96.591 92.022 84.365 72.757 54.923 48.36 44.739 45.303 45.768 44.523 42.255 40.667 38.013 37.655 37.225 38.1 39.738 40.209 38.998 39.788 44.884 44.807 45.293
-9999 -9999 -9999 -9999 -9999 -9999 -9999 -9999 -9999 -9999 -9999 -9999 -9999 -9999 -9999 -9999 -9999 78.655 78.955 75.218 -9999 -9999 -9999 -9999 -9999 -9999 -9999 -9999 -9999 -9999 -9999 -9999 -9999 -9999 -9999 56.207 56.775 60.337 65.767 66.279 62.067 60.372 56.439 55.862 55.696 57.914 58.696 57.984 60.015 66.52 74.196 89.59 99.781 90.39 74.401 67.779 59.56 47.144 44.194 41.84 45.198 44.182 40.145 40.03 39.173 38.493 39.161 38.82 38.302 38.718 38.033 38.842 40.501 47.736 46.906
-9999 -9999 -9999 -9999 -9999 -9999 -9999 -9999 -9999 -9999 -9999 -9999 -9999 -9999 -9999 -9999 74.841 79.935 82.65 80.557 77.057 -9999 -9999 -9999 -9999 -9999 -9999 -9999 -9999 -9999 -9999 -9999 59.284 -9999 -9999 55.323 60.387 61.912 60.887 59.53 -9999 59.56 58.956 59.029 57.698 57.092 55.182 57.385 59.464 63.029 73.504 77.488 90.327 80.815 65.37 65.58 54.929 52.293 47.107 41.81 40.049 41.161 40.43 39.652 41.703 40.4 38.213 41.453 39.321 38.279 38.837 38.241 39.19 43.454 48.556
-9999 -9999 -9999 -9999 -9999 -9999 -9999 -9999 -9999 -9999 -9999 -9999 -9999 -9999 -9999 -9999 69.74 76.867 83.688 83.561 82.257 80.963 80.189 -9999 -9999 -9999 75.417 66.426 -9999 63.454 60.863 58.76 63.681 57.928 -9999 -9999 56.64 58.118 -9999 -9999 57.058 56.597 55.659 55.056 55.203 54.09 56.057 57.412 62.721 67.942 81.205 75.967 75.252 68.187 64.261 63.606 56.954 46.304 45.475 43.606 40.962 38.984 40.655 40.705 40.132 40.479 38.515 37.971 39.249 38.358 39.248 38.057 38.886 41.366 45.182
-9999 -9999 -9999 -9999 -9999 -9999 -9999 -9999 -9999 -9999 -9999 -9999 -9999 -9999 -9999 -9999 -9999 76.899 86.906 87.305 85.072 84.252 -9999 -9999 112.414 109.684 82.458 81.343 77.88 74.159 62.013 61.22 57.151 60.905 58.578 -9999 53.583 53.734 54.032 53.646 55.714 55.918 54.76 53.765 53.43 53.844 54.837 61.338 64.604 71.424 85.582 86.441 72.966 64.443 55.575 59.494 54.35 48.635 43.867 42.519 41.291 38.827 39.818 39.829 40.1 38.579 37.263 36.828 38.168 39.482 39.892 37.858 38.045 39.839 40.616
-9999 -9999 -9999 -9999 -9999 -9999 -9999 -9999 -9999 -9999 -9999 -9999 -9999 -9999 -9999 -9999 -9999 78.703 86.631 79.427 81.09 91.738 111.437 128.188 149.007 113.211 90.637 88.306 80.969 76.426 65.927 56.289 61.943 70.465 61.065 60.857 53.128 51.702 50.531 52.204 53.675 57.787 60.457 53.763 52.751 51.763 54.39 58.136 62.667 74.827 80.507 79.682 75.181 68.817 57.686 53.251 56.205 51.984 46.086 44.136 43.064 40.653 40.725 39.569 38.67 37.893 35.556 36.294 36.437 38.232 39.442 36.817 36.142 37.835 38.828
-9999 -9999 -9999 -9999 -9999 -9999 -9999 -9999 -9999 -9999 -9999 -9999 -9999 -9999 -9999 -9999 -9999 -9999 86.447 82.534 94.16 128.893 147.35 163.509 168.109 131.361 110.432 98.908 92.783 85.326 64.783 67.471 66.65 61.695 71.25 57.213 52.042 52.777 49.666 50.639 51.566 56.171 53.213 50.972 48.694 49.335 52.15 53.658 61.432 72.12 77.56 67.577 64.833 66.329 64.456 49.746 48.935 53.206 49.025 47.882 45.99 42.793 41.269 39.107 38.214 37.092 35.496 36.302 36.897 37.98 38.617 35.557 34.269 35.154 37.716
-9999 -9999 -9999 -9999 -9999 -9999 -9999 -9999 -9999 -9999 -9999 -9999 -9999 -9999 -9999 -9999 -9999 -9999 -9999 -9999 118.253 167.001 181.757 221.918 194.941 153.431 112.424 104.028 112.18 95.264 88.201 72.751 64.209 63.668 66.025 64.421 59.138 50.234 49.197 48.006 50.144 53.084 51.56 49.412 48.02 50.475 50.148 51.918 60.742 69.155 67.149 72.165 70.257 68.284 66.452 58.67 50.961 51.008 51.912 50.405 49.621 45.58 42.421 39.084 37.262 37.68 35.843 36.507 36.878 37.316 38.554 35.777 34.113 34.123 36.069
-9999 -9999 -9999 -9999 -9999 -9999 -9999 -9999 -9999 -9999 -9999 -9999 -9999 -9999 -9999 -9999 -9999 -9999 -9999 99.572 139.521 167.728 213.105 245.362 198.249 142.636 115.145 100.819 114.217 111.15 85.429 83.112 69.887 66.681 75.384 70.247 58.513 49.706 48.452 46.937 49.204 52.675 50.292 49.303 51.187 49.426 49.515 54.972 60.756 60.126 63.52 65.922 66.077 67.117 61.549 58.759 59.406 51.835 48.403 49.902 48.065 46.222 42.078 40.958 37.494 36.194 36.065 37.252 36.797 38.286 38.182 36.685 34.915 34.599 34.845
-9999 -9999 -9999 -9999 -9999 -9999 -9999 -9999 -9999 -9999 -9999 -9999 -9999 -9999 -9999 -9999 -9999 -9999 93.915 133.326 136.048 173.861 212.256 194.837 194.839 165.216 133.051 131.64 128.029 100.342 83.614 75.38 68.417 75.905 79.339 69.653 58.265 49.937 46.705 45.314 51.062 49.55 48.351 49.917 48.743 48.81 53.339 57.349 57.611 60.297 62.429 64.559 68.406 60.058 59.292 53.118 54.274 54.617 46.818 48.14 47.597 45.898 43.727 40.065 41.628 38.142 36.804 37.551 37.323 37.394 38.14 35.524 36.034 35.316 35.313
-9999 -9999 -9999 -9999 -9999 -9999 -9999 -9999 -9999 -9999 -9999 -9999 -9999 -9999 -9999 -9999 -9999 86.405 111.692 103.663 126.112 148.818 150.167 159.917 171.413 162.544 154.21 143.483 122.794 101.342 90.197 74.995 75.213 74.675 65.58 60.042 53.534 51.291 46.578 47.183 48.267 43.306 49.228 48.942 49.132 52.286 54.369 55.786 56.138 60.122 60.579 54.89 57.332 58.353 52.97 52.472 51.544 50.872 47.99 44.386 45.358 43.561 41.08 40.793 38.075 36.557 36.668 38.01 37.438 36.915 38.593 35.473 35.435 36.284 35.351
-9999 -9999 -9999 -9999 -9999 -9999 -9999 -9999 -9999 -9999 -9999 -9999 -9999 -9999 -9999 78.914 80.476 80.845 87.629 91.26 100.366 110.036 106.972 125.148 140.957 149.469 155.146 157.197 110.308 94.213 84.366 79.827 90.582 85.049 70.957 56.398 56.188 51.692 47.276 48.991 47.802 50.947 49.609 49.815 51.775 53.66 55.657 52.124 55.899 59.298 57.714 54.986 52.06 48.861 48.698 47.469 48.73 47.42 45.7 46.244 42.236 40.355 38.056 37.784 37.259 34.997 35.611 39.465 38.313 40.127 40.474 37.02 34.627 35.624 35.631
-9999 -9999 -9999 -9999 -9999 -9999 -9999 -9999 -9999 -9999 -9999 -9999 -9999 -9999 79.594 79.784 75.792 78.265 -9999 -9999 -9999 -9999 105.886 127.92 146.6 147.449 155.166 126.179 110.703 112.974 104.446 107.223 116.176 96.519 73.101 66.162 58.67 49.88 48.784 49.68 49.184 49.236 49.237 49.083 51.056 52.751 52.983 51.325 52.941 55.554 54.489 54.898 50.791 47.161 47.071 46.931 44.344 42.793 41.114 41.822 41.304 38.093 36.953 37.888 38.097 37.098 38.84 40.091 39.781 39.323 41.892 39.056 38.326 37.039 35.823
-9999 -9999 -9999 -9999 -9999 -9999 -9999 -9999 -9999 -9999 -9999 -9999 -9999 -9999 79.269 79.172 72.152 -9999 -9999 -9999 -9999 -9999 107.178 129.722 149.561 140.716 145.477 140.101 137.372 139.526 124.064 110.887 106.331 78.509 71.649 65.154 55.018 50.402 49.756 48.766 49.374 50.295 49.879 49.736 51.396 52.41 51.173 51.11 50.536 52.047 51.279 50.561 51.091 48.707 47.11 45.02 42.812 41.048 40.979 38.943 38.702 35.77 35.856 38.219 39.858 41.925 42.938 43.875 41.747 40.464 39.91 38.511 37.163 37.464 36.253
-9999 -9999 -9999 -9999 -9999 -9999 -9999 -9999 -9999 -9999 -9999 -9999 -9999 -9999 -9999 -9999 68.831 -9999 -9999 -9999 -9999 -9999 113.773 126.451 127.441 133.166 142.981 145.15 159.315 142.584 111.216 109.317 90.011 77.468 68.878 58.564 51.361 48.44 48.962 47.605 48.645 48.585 47.333 48.9 47.883 48.595 50.111 49.07 49.396 49.077 49.223 47.863 46.872 45.64 45.482 45.729 46.51 44.449 41.351 39.257 38.214 41.982 39.642 38.886 40.924 41.232 42.881 43.286 42.5 41.346 41.837 38.805 36.886 36.088 36.104
-9999 -9999 -9999 -9999 -9999 -9999 -9999 -9999 -9999 -9999 -9999 -9999 -9999 -9999 -9999 -9999 -9999 -9999 -9999 -9999 -9999 -9999 110.169 120.484 112.474 132.392 146.2 168.64 164.84 140.261 119.373 94.786 81.431 70.494 56.295 51.455 48.458 48.339 46.882 47.782 47.412 47.064 46.521 45.01 45.688 47.383 48.226 49.025 49.689 49.743 51.636 47.082 43.494 44.791 44.47 43.684 45.517 46.549 44.38 44.235 44.111 41.768 42.255 39.204 38.347 40.705 40.113 40.92 45.564 41.926 39.751 37.737 37.545 36.624 36.274
-9999 -9999 -9999 -9999 -9999 -9999 -9999 -9999 -9999 -9999 -9999 -9999 -9999 -9999 -9999 -9999 -9999 -9999 -9999 -9999 -9999 -9999 -9999 113.184 150.317 174.293 167.987 162.354 143.813 130.623 104.617 87.739 75.28 61.754 61.836 54.764 49.269 51.373 48.123 46.256 46.308 46.108 45.663 46.918 48.371 50.518 50.381 51.68 50.593 48.392 50.857 48.823 44.309 43.27 43.496 43.284 44.109 46.747 47.062 49.514 49.535 43.941 40.547 40.627 40.524 42.144 43.662 41.388 41.172 41.449 38.464 37.073 37.751 37.67 36.783
-9999 -9999 -9999 -9999 -9999 -9999 -9999 -9999 -9999 -9999 -9999 -9999 -9999 -9999 -9999 -9999 -9999 -9999 -9999 -9999 -9999 -9999 103.205 123.933 157.206 169.016 157.009 139.21 130.427 113.813 100.222 90.826 71.749 65.073 62.702 54.513 61.554 50.686 46.309 46.906 49.001 47.449 48.694 52.699 52.735 51.662 48.932 49.466 47.827 48.299 48.108 46.817 43.26 42.796 42.069 41.473 41.409 43.976 45.463 46.856 47.728 42.99 40.939 42.291 42.411 43.827 46.173 43.426 40.713 39.583 37.702 36.249 36.293 37.713 37.465
-9999 -9999 -9999 -9999 -9999 -9999 -9999 -9999 -9999 -9999 -9999 -9999 -9999 -9999 -9999 -9999 -9999 -9999 -9999 -9999 -9999 -9999 94.385 116.888 148.534 134.184 122.662 115.325 113.97 111.747 103.376 82.157 66.95 63.459 56.665 54.387 54.841 53.589 51.45 52.263 49.132 47.09 49.032 50.07 52.052 48.448 48.099 48.654 48.466 49.269 47.744 46.217 45.205 42.7 41.168 40.315 40.87 42.715 43.864 43.811 45.189 42.327 39.757 41.928 46.495 44.776 45.081 45.875 41.777 39.471 39.142 37.768 36.942 37.552 39.628
-9999 -9999 -9999 -9999 -9999 -9999 -9999 -9999 -9999 -9999 -9999 -9999 -9999 -9999 -9999 -9999 -9999 -9999 -9999 -9999 -9999 -9999 86.477 105.919 108.073 118.302 108.647 108.061 111.057 110.954 91.635 80.632 66.005 59.059 52.547 53.818 56.439 57.608 63.118 61.703 53.616 52.431 48.992 49.756 48.669 45.974 47.091 47.34 48.415 49.891 49.068 48.677 47.053 44.749 41.393 42.447 42.121 42.836 44.105 41.64 42.373 41.649 40.916 41.835 44.551 45.608 42.868 42.605 41.474 40.393 41.214 42.005 38.383 37.129 37.738
-9999 -9999 -9999 -9999 -9999 -9999 -9999 -9999 -9999 -9999 -9999 -9999 -9999 -9999 -9999 -9999 -9999 -9999 -9999 -9999 -9999 -9999 -9999 91.122 115.527 124.138 128.599 126.258 111.672 95.335 79.097 62.353 55.68 52.773 52.404 51.487 51.229 59.215 62.8 62.817 56.597 52.063 48.29 51.144 49.442 45.255 46.403 46.982 49.118 51.1 48.423 45.471 45.99 43.912 42.041 43.285 45.718 43.447 42.842 42.468 40.529 41.992 41.71 40.734 41.261 42.109 42.657 42.411 41.373 40.469 39.526 40.627 40.052 38.364 38.258
-9999 -9999 -9999 -9999 -9999 -9999 -9999 -9999 -9999 -9999 -9999 -9999 -9999 -9999 -9999 -9999 -9999 -9999 -9999 -9999 -9999 -9999 -9999 98.128 118.042 134.824 147.166 143.195 116.266 93.054 70.044 61.801 61.677 64.226 65.5 61.515 55.999 52.351 58.679 59.484 55.769 53.029 54.007 56.204 59.383 49.682 49.066 47.536 49.545 49.106 49.951 47.345 44.504 44.238 44.618 44.968 46.304 44.824 44.127 45.491 45.188 43.852 43.328 42.096 40.537 43.825 45.043 49.091 43.757 41.659 39.595 36.86 38.722 39.146 38.633
-9999 -9999 -9999 -9999 -9999 -9999 -9999 -9999 -9999 -9999 -9999 -9999 -9999 -9999 -9999 -9999 -9999 -9999 -9999 -9999 -9999 -9999 82.468 87.512 114.061 135.655 146.976 134.262 114.76 86.278 82.501 86.243 77.71 75.627 69.044 58.146 52.68 55.716 59.556 55.054 56.125 57.516 55.457 60.218 50.41 46.882 48.211 46.683 48.481 51.736 51.991 49.978 47.095 47.125 45.392 46.285 46.352 44.525 44.548 48.95 46.103 44.812 44.647 43.292 42.113 42.894 42.997 42.888 44.902 39.904 40.645 39.276 38.984 39.227 38.41
-9999 -9999 -9999 -9999 -9999 -9999 -9999 -9999 -9999 -9999 -9999 -9999 -9999 -9999 -9999 -9999 -9999 -9999 -9999 -9999 -9999 -9999 79.222 89.906 105.695 118.765 134.309 137.778 111.028 91.633 84.889 80.652 82.931 78.416 71.554 63.464 65.106 62.1 53.719 56.518 53.402 54.557 56.03 57.422 43.465 45.907 46.082 45.268 47.691 50.69 56.001 51.377 50.183 47.918 52.204 46.461 45.456 44.155 42.693 40.866 44.299 42.951 45.548 46.74 44.688 43.644 42.583 41.204 39.862 40.04 38.524 39.024 39.904 39.884 39.613
-9999 -9999 -9999 -9999 -9999 -9999 -9999 -9999 -9999 -9999 -9999 -9999 -9999 -9999 -9999 -9999 -9999 -9999 -9999 -9999 -9999 -9999 80.814 85.121 90.333 110.171 130.088 130.699 112.097 89.972 77.771 82.9 81.831 75.713 71.385 71.763 67.117 56.252 55.647 52.423 57.676 49.962 54.168 48.145 45.68 47.025 43.169 43.779 44.975 51.832 48.875 51.558 50.386 48.054 46.745 48.44 42.899 43.695 43.306 42.053 40.929 42.532 44.369 45.892 44.988 42.11 43.144 40.795 40.457 38.057 39.027 38.876 38.125 38.24 38.396
-9999 -9999 -9999 -9999 -9999 -9999 -9999 -9999 -9999 -9999 -9999 -9999 -9999 -9999 -9999 -9999 -9999 -9999 -9999 -9999 -9999 78.722 81.965 89.068 93.261 102.44 119.854 117.241 106.741 84.656 72.133 71.002 75.708 77.892 77.76 67.621 61.499 60.144 53.582 53.312 48.441 46.211 47.394 46.689 47.314 43.813 43.022 43.399 43.692 44.212 46.042 45.846 47.868 46.782 45.641 45.834 43.983 41.788 41.219 41.802 40.449 43.214 43.584 45.2 43.979 42.486 41.961 41.989 40.266 39.963 39.03 39.363 38.967 37.879 37.438
-9999 -9999 -9999 -9999 -9999 -9999 -9999 -9999 -9999 -9999 -9999 -9999 -9999 -9999 -9999 -9999 -9999 -9999 -9999 -9999 77.1 78.845 86.367 81.718 81.684 106.561 119.89 117.534 102.683 95.361 75.239 77.146 72.135 72.891 76.855 63.975 62.029 54.789 51.221 48.779 46.567 47.899 51.271 49.03 46.81 43.828 45.632 42.348 41.296 43.565 43.716 44.308 44.105 45.051 45.136 47.777 45.281 42.245 40.935 41.423 41.263 42.533 43.641 43.826 43.26 40.653 39.551 40.563 39.883 41.524 41.416 40.299 39.27 38.326 38.652
-9999 -9999 -9999 -9999 -9999 -9999 -9999 -9999 -9999 -9999 -9999 -9999 -9999 -9999 -9999 -9999 -9999 -9999 83.14 80.83 79.886 71.961 76.435 79.36 86.908 111.693 122.978 123.277 116.9 93.125 79.04 66.43 67.994 68.351 65.012 63.573 56.043 53.42 48.295 46.711 45.918 50.749 50.736 46.579 47.309 47.138 43.881 43.059 43.064 42.954 43.468 41.858 41.685 42.146 41.012 41.19 41.739 41.421 43.184 44.437 45.849 44.287 43.107 39.955 39.441 40.447 41.684 39.767 39.791 38.853 41.983 41.989 40.416 37.92 37.725
