Validation/Results/raw data/ReClimate_08_2024_1weatherlogisticsltd.asc
NCOLS 192
NROWS 249
XLLCENTER -225160.85627316462
YLLCENTER 29788.11610251502
CELLSIZE 5000.0
NODATA_VALUE -9999
[rows 132 to 164 of 249, columns 74 to 147 of 192]
-9999 -9999 -9999 -9999 -9999 -9999 -9999 -9999 -9999 -9999 -9999 -9999 -9999 120.557 120.722 121.112 121.474 121.826 122.166 122.49 122.8 123.1 123.391 123.673 123.949 124.37 124.877 125.036 125.622 126.974 128.221 129.375 130.444 131.452 132.427 133.397 134.387 135.415 136.482 137.588 138.729 139.906 141.13 142.605 144.478 146.324 148.098 149.571 150.937 152.278 153.598 154.881 156.098 157.24 158.333 159.375 160.357 161.268 -9999 -9999 -9999 -9999 -9999 -9999 -9999 -9999 -9999 -9999 -9999 -9999 -9999 -9999 -9999 -9999
122.152 -9999 -9999 -9999 -9999 -9999 -9999 -9999 -9999 -9999 -9999 -9999 -9999 120.691 121.041 121.417 121.788 122.151 122.501 122.835 123.156 123.466 123.767 124.061 124.349 124.76 125.037 125.315 126.367 127.717 128.946 130.087 131.166 132.21 133.224 134.229 135.244 136.284 137.357 138.465 139.61 140.794 142.101 143.838 145.689 147.513 149.162 150.585 151.961 153.293 154.558 155.716 156.86 157.941 158.964 159.942 160.881 161.786 -9999 -9999 -9999 -9999 -9999 -9999 -9999 -9999 -9999 -9999 -9999 -9999 -9999 -9999 -9999 -9999
122.187 -9999 -9999 -9999 -9999 -9999 -9999 -9999 -9999 -9999 -9999 -9999 120.705 120.929 121.326 121.715 122.098 122.476 122.842 123.187 123.52 123.841 124.155 124.462 124.764 125.063 125.359 125.927 127.151 128.498 129.727 130.876 131.973 133.028 134.058 135.081 136.115 137.171 138.254 139.369 140.519 141.719 143.214 145.148 147.05 148.806 150.237 151.599 152.904 154.148 155.328 156.459 157.533 158.568 159.557 160.5 161.399 162.261 162.97 -9999 -9999 -9999 -9999 -9999 -9999 -9999 -9999 -9999 -9999 -9999 -9999 -9999 -9999 -9999
122.226 -9999 -9999 -9999 -9999 -9999 -9999 -9999 -9999 -9999 -9999 120.817 -9999 121.195 121.605 122.008 122.406 122.802 123.186 123.55 123.895 124.23 124.557 124.878 125.195 125.533 125.91 126.615 127.948 129.295 130.526 131.694 132.803 133.873 134.92 135.961 137.007 138.07 139.156 140.271 141.449 142.816 144.627 146.547 148.333 149.78 151.136 152.431 153.672 154.862 156.006 157.096 158.151 159.16 160.122 161.036 161.901 162.723 163.421 -9999 -9999 -9999 -9999 -9999 -9999 -9999 -9999 -9999 -9999 -9999 -9999 -9999 -9999 -9999
122.269 122.209 -9999 -9999 -9999 -9999 -9999 -9999 -9999 -9999 -9999 120.91 -9999 121.453 121.88 122.299 122.714 123.128 123.537 123.927 124.286 124.634 124.976 125.313 125.647 126.025 126.389 127.207 128.71 130.071 131.317 -9999 -9999 -9999 -9999 -9999 -9999 138.958 140.065 141.271 142.598 144.131 146.006 147.79 149.269 150.627 151.924 153.169 154.367 155.521 156.633 157.704 158.731 159.72 160.663 161.554 162.391 163.176 163.859 164.152 -9999 -9999 -9999 -9999 -9999 -9999 -9999 -9999 -9999 -9999 -9999 -9999 -9999 -9999
122.316 122.257 122.198 -9999 -9999 -9999 -9999 -9999 -9999 -9999 -9999 121.048 121.254 121.708 122.152 122.591 123.026 123.461 123.896 124.312 124.695 125.059 125.417 125.77 126.122 126.493 126.862 127.871 129.438 130.814 132.099 -9999 -9999 -9999 -9999 137.696 138.768 139.883 141.169 142.485 143.824 145.461 147.243 148.739 150.098 151.397 152.644 153.846 155.006 156.128 157.213 158.258 159.273 160.248 161.18 162.058 162.873 163.622 164.288 164.867 -9999 -9999 -9999 -9999 -9999 -9999 -9999 -9999 -9999 -9999 -9999 -9999 -9999 -9999
122.335 122.308 122.25 122.192 -9999 -9999 -9999 -9999 -9999 -9999 -9999 121.272 121.485 121.96 -9999 -9999 123.345 123.803 124.264 124.712 -9999 125.519 125.884 126.256 126.626 126.999 127.454 128.578 130.156 -9999 -9999 -9999 -9999 -9999 137.479 138.575 139.745 141.079 142.385 143.672 145.052 146.694 148.19 149.552 150.851 152.1 153.304 154.468 155.596 156.689 157.75 158.78 159.776 160.743 161.671 162.546 163.348 164.063 164.71 165.301 -9999 -9999 -9999 -9999 -9999 -9999 -9999 -9999 -9999 -9999 -9999 -9999 -9999 -9999
122.339 122.327 122.305 122.242 -9999 -9999 -9999 -9999 -9999 -9999 -9999 -9999 121.749 122.215 -9999 -9999 -9999 124.159 124.649 125.138 125.599 -9999 -9999 126.784 127.166 127.561 128.094 129.241 -9999 -9999 -9999 -9999 -9999 137.21 138.351 139.607 140.972 142.285 143.564 144.82 146.186 147.616 148.985 150.287 151.538 152.745 153.912 155.044 156.142 157.208 158.246 159.251 160.236 161.195 162.124 163.012 163.817 164.495 165.081 165.635 -9999 -9999 -9999 -9999 -9999 -9999 -9999 -9999 -9999 -9999 -9999 -9999 -9999 -9999
122.324 122.33 122.315 -9999 -9999 -9999 -9999 -9999 -9999 -9999 -9999 -9999 -9999 122.492 -9999 -9999 -9999 -9999 125.058 125.589 126.081 -9999 -9999 -9999 127.987 128.181 -9999 -9999 -9999 -9999 -9999 -9999 -9999 138.065 139.419 140.832 142.174 143.462 144.697 145.839 147.01 148.395 149.703 150.957 152.169 153.342 154.478 155.58 156.649 157.69 158.703 159.69 160.649 161.593 162.517 163.42 164.262 164.897 165.407 165.912 -9999 -9999 -9999 -9999 -9999 -9999 -9999 -9999 -9999 -9999 -9999 -9999 -9999 -9999
122.308 122.315 -9999 -9999 -9999 -9999 -9999 -9999 -9999 -9999 -9999 -9999 -9999 122.801 -9999 -9999 -9999 -9999 -9999 126.072 126.613 -9999 -9999 -9999 -9999 -9999 -9999 -9999 -9999 -9999 -9999 -9999 -9999 139.144 140.647 142.039 143.357 144.583 145.633 146.591 147.783 149.097 150.354 151.575 152.758 153.903 155.011 156.084 157.126 158.139 159.125 160.079 161.017 161.934 162.829 163.697 164.497 165.154 165.65 166.137 166.629 -9999 -9999 -9999 -9999 -9999 -9999 -9999 -9999 -9999 -9999 -9999 -9999 -9999
122.293 -9999 122.306 122.312 122.305 122.311 -9999 -9999 -9999 -9999 -9999 -9999 -9999 123.157 -9999 -9999 -9999 -9999 -9999 -9999 -9999 -9999 -9999 -9999 -9999 -9999 -9999 -9999 -9999 -9999 -9999 -9999 138.795 140.401 141.868 143.219 144.414 145.421 146.353 147.318 148.491 149.735 150.958 152.157 153.3 154.404 155.473 156.511 157.522 158.508 159.474 160.427 161.357 162.245 163.094 163.902 164.643 165.282 165.817 166.318 166.819 167.33 -9999 -9999 -9999 -9999 -9999 -9999 -9999 -9999 -9999 -9999 -9999 -9999
122.278 122.285 122.291 122.297 122.303 122.31 -9999 -9999 -9999 -9999 -9999 -9999 -9999 -9999 -9999 -9999 -9999 -9999 -9999 -9999 -9999 -9999 -9999 -9999 -9999 -9999 -9999 -9999 -9999 -9999 -9999 138.661 140.075 141.632 142.988 144.147 145.181 146.144 147.047 148.003 149.137 150.317 151.482 152.621 153.72 154.782 155.811 156.815 157.805 158.777 159.723 160.648 161.533 162.403 163.236 164.031 164.768 165.403 165.957 166.474 166.981 167.492 -9999 -9999 -9999 -9999 -9999 -9999 -9999 -9999 -9999 -9999 -9999 -9999
122.263 122.27 122.276 122.283 -9999 122.295 122.301 -9999 -9999 -9999 -9999 -9999 -9999 -9999 -9999 -9999 -9999 -9999 -9999 -9999 -9999 -9999 -9999 -9999 -9999 -9999 -9999 -9999 -9999 -9999 -9999 139.705 141.199 142.583 143.793 144.893 145.898 146.809 147.658 148.59 149.712 150.854 151.964 153.047 154.097 155.124 156.143 157.137 158.1 159.031 159.932 160.806 161.641 162.463 163.257 164.017 164.738 165.414 166.036 166.613 167.14 167.564 167.808 167.817 -9999 -9999 -9999 -9999 -9999 -9999 -9999 -9999 -9999 -9999
122.248 122.255 122.262 122.268 -9999 -9999 122.286 -9999 -9999 -9999 -9999 -9999 -9999 -9999 -9999 -9999 -9999 -9999 -9999 -9999 -9999 -9999 -9999 -9999 -9999 -9999 -9999 -9999 -9999 -9999 -9999 140.548 142.014 143.344 144.524 145.572 146.516 147.388 148.206 149.136 150.253 151.364 152.43 153.473 154.516 155.543 156.53 157.478 158.391 159.273 160.127 160.941 161.743 162.52 163.269 163.989 164.679 165.339 165.976 166.601 167.202 167.566 167.714 167.752 167.788 167.781 167.449 -9999 -9999 -9999 -9999 -9999 -9999 -9999
122.234 122.241 122.247 122.253 122.26 -9999 122.557 -9999 -9999 -9999 -9999 -9999 -9999 -9999 -9999 -9999 -9999 -9999 -9999 -9999 -9999 -9999 -9999 -9999 -9999 -9999 -9999 -9999 -9999 -9999 139.68 141.286 142.763 144.048 145.168 146.172 147.087 147.934 148.733 149.656 150.758 151.847 152.91 153.976 154.996 155.971 156.905 157.803 158.669 159.505 160.314 161.098 161.847 162.583 163.295 163.983 164.647 165.289 165.916 166.536 167.003 167.337 167.517 167.63 167.683 167.699 167.701 167.697 166.473 -9999 -9999 -9999 -9999 -9999
122.22 122.226 122.233 122.295 -9999 122.869 -9999 -9999 -9999 -9999 -9999 -9999 -9999 -9999 -9999 -9999 -9999 -9999 -9999 -9999 -9999 -9999 -9999 -9999 -9999 -9999 -9999 -9999 -9999 -9999 -9999 141.966 143.443 144.678 145.765 146.739 147.63 148.457 149.24 150.148 151.245 152.379 153.467 154.488 155.455 156.379 157.264 158.115 158.936 159.73 160.498 161.233 161.955 162.657 163.337 163.997 164.639 165.266 165.883 166.393 166.761 166.976 167.146 167.312 167.46 167.513 167.518 167.524 167.572 166.649 -9999 -9999 -9999 -9999
122.205 122.249 122.435 122.81 123.208 123.611 -9999 -9999 -9999 -9999 -9999 -9999 -9999 -9999 -9999 -9999 -9999 -9999 -9999 -9999 -9999 -9999 -9999 -9999 -9999 -9999 -9999 -9999 -9999 -9999 -9999 -9999 144.092 145.274 146.329 147.279 148.148 148.958 149.726 150.644 151.821 152.954 153.996 154.969 155.889 156.766 157.607 158.416 159.196 159.951 160.682 161.391 162.071 162.742 163.395 164.032 164.655 165.268 165.801 166.163 166.392 166.566 166.729 166.888 167.052 167.223 167.305 167.339 167.371 167.453 166.662 -9999 -9999 -9999
122.272 122.634 123.061 123.488 123.918 -9999 -9999 -9999 -9999 -9999 -9999 -9999 -9999 -9999 -9999 -9999 -9999 -9999 -9999 -9999 -9999 -9999 -9999 -9999 -9999 -9999 -9999 -9999 -9999 -9999 -9999 -9999 144.599 145.83 146.857 147.793 148.646 149.446 150.248 151.272 152.401 153.491 154.49 155.421 156.3 157.136 157.936 158.706 159.45 160.169 160.866 161.544 162.196 162.84 163.469 164.086 164.689 165.204 165.564 165.815 165.985 166.15 166.313 166.477 166.645 166.822 167.011 167.149 167.219 167.29 167.315 166.434 -9999 -9999
122.807 123.261 123.716 124.173 124.7 -9999 -9999 -9999 -9999 -9999 -9999 -9999 -9999 -9999 -9999 -9999 -9999 -9999 -9999 -9999 -9999 -9999 -9999 -9999 -9999 -9999 -9999 -9999 -9999 -9999 -9999 -9999 -9999 146.312 147.34 148.259 149.121 149.978 150.905 151.876 152.943 153.994 154.955 155.848 156.689 157.488 158.253 158.988 159.698 160.386 161.053 161.696 162.33 162.95 163.559 164.135 164.63 164.987 165.238 165.417 165.59 165.758 165.925 166.093 166.266 166.447 166.641 166.855 167.041 167.148 167.182 167.088 -9999 -9999
123.417 -9999 -9999 -9999 -9999 -9999 -9999 -9999 -9999 -9999 -9999 -9999 -9999 -9999 -9999 -9999 -9999 -9999 -9999 -9999 -9999 -9999 -9999 -9999 -9999 -9999 -9999 -9999 -9999 -9999 -9999 -9999 -9999 146.692 147.779 148.691 149.608 150.617 151.532 152.448 153.452 154.466 155.392 156.252 157.059 157.826 158.558 159.263 159.943 160.602 161.243 161.862 162.473 163.064 163.621 164.087 164.424 164.677 164.865 165.045 165.219 165.389 165.559 165.73 165.906 166.091 166.289 166.505 166.747 166.97 167.001 166.899 166.75 -9999
124.044 -9999 -9999 -9999 -9999 -9999 -9999 -9999 -9999 -9999 -9999 -9999 -9999 -9999 -9999 -9999 -9999 -9999 -9999 -9999 -9999 -9999 -9999 -9999 -9999 -9999 -9999 -9999 -9999 -9999 -9999 -9999 -9999 -9999 148.184 149.128 150.204 151.193 152.102 152.992 153.93 154.912 155.807 156.635 157.413 158.15 158.854 159.531 160.185 160.819 161.437 162.04 162.608 163.15 163.571 163.887 164.133 164.329 164.515 164.695 164.869 165.041 165.212 165.385 165.563 165.75 165.949 166.166 166.407 166.663 166.776 166.669 166.518 -9999
124.693 -9999 -9999 -9999 -9999 -9999 -9999 -9999 -9999 -9999 -9999 -9999 -9999 -9999 -9999 -9999 -9999 -9999 -9999 -9999 -9999 -9999 -9999 -9999 -9999 -9999 -9999 -9999 -9999 -9999 -9999 -9999 -9999 -9999 148.704 -9999 150.749 151.714 152.615 153.473 -9999 155.334 156.2 157.001 157.752 158.462 159.141 159.794 160.425 161.037 161.634 162.19 162.698 163.071 163.373 163.605 163.807 164.0 164.185 164.363 164.537 164.709 164.88 165.054 165.233 165.421 165.62 165.836 166.075 166.286 166.429 166.408 166.274 166.112
-9999 -9999 -9999 -9999 -9999 -9999 -9999 -9999 -9999 -9999 -9999 -9999 -9999 -9999 -9999 -9999 -9999 -9999 -9999 -9999 -9999 -9999 -9999 -9999 -9999 -9999 -9999 -9999 -9999 -9999 -9999 -9999 -9999 -9999 -9999 150.219 151.255 -9999 -9999 -9999 -9999 155.695 156.576 157.351 158.077 158.765 159.421 160.052 160.663 161.256 161.825 162.3 162.574 162.867 163.086 163.283 163.466 163.644 163.816 163.984 164.152 164.32 164.491 164.668 164.853 165.049 165.262 165.494 165.745 165.913 166.003 166.074 166.014 165.852
-9999 -9999 -9999 -9999 -9999 -9999 -9999 -9999 -9999 -9999 -9999 -9999 -9999 -9999 -9999 -9999 -9999 -9999 -9999 -9999 -9999 -9999 -9999 -9999 -9999 -9999 -9999 -9999 -9999 -9999 -9999 -9999 -9999 -9999 -9999 150.583 151.731 -9999 -9999 -9999 -9999 155.968 156.86 157.605 158.307 158.976 159.62 160.247 160.861 161.424 161.826 162.077 162.316 162.527 162.726 162.913 163.087 163.255 163.418 163.58 163.741 163.904 164.071 164.245 164.427 164.622 164.833 165.064 165.285 165.447 165.532 165.629 165.698 165.585
-9999 -9999 -9999 -9999 -9999 -9999 -9999 -9999 -9999 -9999 -9999 -9999 -9999 -9999 -9999 -9999 -9999 -9999 -9999 -9999 -9999 -9999 -9999 -9999 -9999 -9999 -9999 -9999 -9999 -9999 -9999 -9999 -9999 -9999 -9999 150.784 -9999 -9999 -9999 -9999 155.365 156.223 157.064 157.788 158.463 159.11 159.737 160.317 160.781 161.135 161.417 161.682 161.951 162.166 162.355 162.534 162.705 162.869 163.028 163.185 163.342 163.5 163.662 163.83 164.007 164.195 164.398 164.619 164.786 164.895 164.976 165.074 165.192 165.239
-9999 -9999 -9999 -9999 -9999 -9999 -9999 -9999 -9999 -9999 -9999 -9999 -9999 -9999 -9999 -9999 -9999 -9999 -9999 -9999 -9999 -9999 -9999 -9999 -9999 -9999 -9999 -9999 -9999 -9999 -9999 -9999 -9999 -9999 -9999 -9999 -9999 -9999 -9999 -9999 155.6 156.383 157.194 157.937 158.557 159.078 159.575 159.989 160.329 160.627 160.915 161.194 161.465 161.727 161.962 162.168 162.341 162.5 162.655 162.806 162.958 163.111 163.267 163.43 163.6 163.781 163.975 164.154 164.28 164.346 164.415 164.498 164.599 164.721
-9999 -9999 -9999 -9999 -9999 -9999 -9999 -9999 -9999 -9999 -9999 -9999 -9999 -9999 -9999 -9999 -9999 -9999 -9999 -9999 -9999 -9999 -9999 -9999 -9999 -9999 -9999 -9999 -9999 -9999 -9999 -9999 -9999 -9999 -9999 -9999 -9999 -9999 -9999 -9999 155.689 156.355 157.055 157.723 158.262 158.731 159.151 159.509 159.824 160.128 160.421 160.705 160.98 161.242 161.494 161.735 161.957 162.141 162.296 162.441 162.587 162.734 162.885 163.041 163.204 163.377 163.563 163.687 163.759 163.807 163.864 163.933 164.016 164.116
-9999 -9999 -9999 -9999 -9999 -9999 -9999 -9999 -9999 -9999 -9999 -9999 -9999 -9999 -9999 -9999 -9999 -9999 -9999 -9999 -9999 -9999 -9999 -9999 -9999 -9999 -9999 -9999 -9999 -9999 -9999 -9999 -9999 -9999 -9999 -9999 -9999 -9999 -9999 154.834 155.417 156.0 156.62 157.28 157.847 158.284 158.678 159.017 159.34 159.65 159.951 160.243 160.523 160.79 161.04 161.275 161.499 161.72 161.926 162.087 162.226 162.368 162.512 162.661 162.818 162.983 163.115 163.203 163.238 163.277 163.323 163.377 163.442 163.521
-9999 -9999 -9999 -9999 -9999 -9999 -9999 -9999 -9999 -9999 -9999 -9999 -9999 -9999 -9999 -9999 -9999 -9999 -9999 -9999 -9999 -9999 -9999 -9999 -9999 -9999 -9999 -9999 -9999 -9999 -9999 -9999 -9999 -9999 -9999 -9999 -9999 -9999 -9999 154.478 155.051 155.598 156.189 156.799 157.348 157.816 158.192 158.538 158.868 159.187 159.495 159.794 160.088 160.364 160.616 160.843 161.054 161.262 161.472 161.689 161.863 162.008 162.147 162.289 162.438 162.574 162.66 162.699 162.724 162.754 162.788 162.828 162.876 162.934
-9999 -9999 -9999 -9999 -9999 -9999 -9999 -9999 -9999 -9999 -9999 -9999 -9999 -9999 -9999 -9999 -9999 -9999 -9999 -9999 -9999 -9999 -9999 -9999 -9999 -9999 -9999 -9999 -9999 -9999 -9999 -9999 -9999 -9999 -9999 -9999 -9999 -9999 153.536 154.13 154.691 155.222 155.739 156.273 156.849 157.337 157.713 158.066 158.404 158.73 159.047 159.359 159.661 159.954 160.215 160.429 160.625 160.82 161.02 161.226 161.441 161.637 161.787 161.923 162.059 162.142 162.184 162.199 162.216 162.235 162.258 162.284 162.315 162.352
-9999 -9999 -9999 -9999 -9999 -9999 -9999 -9999 -9999 -9999 -9999 -9999 -9999 -9999 -9999 -9999 -9999 -9999 -9999 -9999 -9999 -9999 -9999 -9999 -9999 -9999 -9999 -9999 -9999 -9999 -9999 -9999 -9999 -9999 -9999 -9999 -9999 -9999 153.203 153.786 154.332 154.832 155.3 155.807 156.338 156.826 157.235 157.596 157.942 158.275 158.599 158.915 159.226 159.526 159.794 160.01 160.198 160.386 160.579 160.777 160.982 161.197 161.408 161.56 161.641 161.687 161.696 161.704 161.712 161.72 161.73 161.742 161.756 161.773
-9999 -9999 -9999 -9999 -9999 -9999 -9999 -9999 -9999 -9999 -9999 -9999 -9999 -9999 -9999 -9999 -9999 -9999 -9999 -9999 -9999 -9999 -9999 -9999 -9999 -9999 -9999 -9999 -9999 -9999 -9999 -9999 -9999 -9999 -9999 -9999 -9999 -9999 152.871 153.441 153.961 154.442 154.898 155.355 155.832 156.319 156.756 157.125 157.477 157.816 158.146 158.467 158.777 159.071 159.339 159.566 159.764 159.955 160.147 160.34 160.538 160.742 160.956 161.13 161.201 161.208 161.21 161.21 161.209 161.206 161.203 161.2 161.196 161.193
-9999 -9999 -9999 -9999 -9999 -9999 -9999 -9999 -9999 -9999 -9999 -9999 -9999 -9999 -9999 -9999 -9999 -9999 -9999 -9999 -9999 -9999 -9999 -9999 -9999 -9999 -9999 -9999 -9999 -9999 -9999 -9999 -9999 -9999 -9999 -9999 -9999 -9999 -9999 153.128 153.591 154.061 154.507 154.932 155.364 155.808 156.263 156.648 157.006 157.351 157.686 158.01 158.32 158.611 158.877 159.114 159.327 159.527 159.721 159.912 160.104 160.3 160.464 160.604 160.709 160.731 160.726 160.717 160.705 160.691 160.675 160.656 -9999 160.611
