Validation/Results/raw data/ReClimate_04_2024_2_Precipitation-Actualsweatherlogisticsltd.asc
NCOLS 192
NROWS 249
XLLCENTER -225160.85627316462
YLLCENTER 29788.11610251502
CELLSIZE 5000.0
NODATA_VALUE -9999
[rows 198 to 230 of 249, columns 74 to 147 of 192]
-9999 -9999 -9999 -9999 -9999 -9999 -9999 -9999 -9999 -9999 -9999 -9999 -9999 -9999 -9999 -9999 -9999 -9999 106.663 109.425 109.548 102.726 97.511 112.482 128.107 138.696 137.824 147.441 142.399 125.875 105.186 87.603 85.088 86.464 99.404 101.208 86.81 78.118 73.556 75.086 76.237 77.295 75.376 78.199 76.983 73.184 72.09 70.162 66.228 65.99 68.981 70.865 70.023 68.095 67.17 66.919 67.245 68.721 67.731 69.159 69.152 67.588 69.147 67.979 67.243 66.202 66.856 67.384 64.375 64.371 67.067 61.14 59.24 58.349
-9999 -9999 -9999 -9999 -9999 -9999 -9999 -9999 -9999 -9999 -9999 -9999 -9999 -9999 -9999 74.436 90.437 96.106 98.399 107.563 107.519 104.319 99.768 107.378 137.296 136.345 134.35 128.467 137.255 116.019 103.688 100.146 87.381 85.861 105.677 88.749 74.044 63.884 68.296 71.349 77.901 70.856 72.648 70.701 73.396 74.983 75.771 74.743 67.445 68.413 65.637 68.908 72.474 67.127 64.709 65.58 67.892 68.578 71.161 67.66 65.228 64.692 66.304 67.579 65.04 63.405 64.194 66.858 66.789 64.649 63.787 62.642 55.424 55.931
-9999 -9999 -9999 -9999 -9999 -9999 -9999 -9999 -9999 -9999 -9999 -9999 -9999 90.334 85.591 91.719 89.925 89.288 99.751 104.058 111.043 105.91 108.346 137.418 127.963 126.806 127.412 123.508 127.466 122.62 122.395 103.891 94.608 96.172 86.665 73.242 63.584 75.938 74.478 66.954 65.204 65.077 65.907 67.72 69.818 76.544 78.408 71.268 68.307 65.623 64.187 68.344 71.224 68.178 69.432 67.835 64.945 64.9 65.085 67.283 64.157 62.219 65.354 68.256 66.756 64.99 63.6 64.717 64.583 65.207 62.96 52.019 53.517 55.749
-9999 -9999 -9999 -9999 -9999 -9999 -9999 -9999 -9999 89.605 100.487 97.085 93.683 107.169 97.651 100.585 98.419 98.145 104.272 107.926 117.095 118.441 139.089 139.527 123.038 126.844 118.998 121.236 124.4 127.16 115.122 101.905 92.345 93.014 81.203 71.351 84.287 84.127 73.052 71.594 66.849 67.271 63.951 68.556 77.503 72.122 75.071 72.112 64.956 64.697 67.864 68.591 64.201 68.116 68.315 68.123 64.551 61.198 62.026 62.432 61.048 62.743 62.875 63.471 64.724 63.873 63.128 64.877 64.263 63.766 63.551 59.864 51.204 54.241
-9999 -9999 -9999 -9999 -9999 -9999 -9999 -9999 83.274 94.418 100.424 117.404 128.904 131.458 126.656 127.365 112.967 123.633 124.142 124.848 127.209 138.151 145.865 129.934 126.049 113.361 109.379 111.308 115.485 116.053 105.373 96.449 91.779 84.95 85.937 98.779 114.422 95.128 79.528 71.655 70.87 68.229 73.43 71.892 68.154 67.853 67.916 65.565 65.028 65.91 69.139 69.81 71.777 69.699 72.995 67.611 64.314 68.181 65.182 62.345 60.975 62.347 64.18 63.431 62.078 61.785 57.96 63.034 63.358 63.004 61.798 56.833 54.649 54.864
-9999 -9999 -9999 -9999 -9999 -9999 -9999 78.75 87.425 97.012 106.652 116.29 130.547 127.626 128.123 117.541 124.787 127.736 129.447 132.739 137.064 148.149 140.571 122.427 110.496 100.82 109.581 118.121 118.199 111.04 102.539 92.924 81.35 83.019 84.31 114.586 109.645 97.399 81.061 76.585 72.721 74.842 70.076 67.721 67.809 64.487 61.281 62.812 65.043 67.611 69.257 62.462 67.764 71.532 71.4 70.08 65.499 67.95 70.445 65.671 62.289 62.614 61.097 60.026 56.87 57.252 59.144 59.396 64.03 63.541 61.918 57.767 58.423 53.497
-9999 -9999 -9999 -9999 -9999 73.987 -9999 78.6 83.334 89.755 98.943 104.215 112.362 117.316 112.009 113.277 113.634 114.834 114.241 122.609 118.94 119.373 111.277 108.504 109.329 122.964 133.564 151.363 161.733 133.063 122.359 114.443 119.8 103.556 90.274 96.257 120.929 99.865 91.986 84.065 83.348 76.889 69.12 68.166 72.575 68.741 65.468 62.799 65.664 73.4 69.877 74.598 72.549 63.856 64.369 66.39 64.344 64.885 68.393 65.731 62.125 62.043 62.048 55.607 56.104 56.139 58.829 58.993 60.417 59.303 60.011 58.69 59.48 62.022
-9999 -9999 -9999 -9999 -9999 -9999 -9999 -9999 -9999 96.792 98.9 102.172 105.808 103.445 106.566 108.984 108.864 102.196 109.39 109.867 105.087 109.837 113.671 120.557 122.898 138.869 154.493 173.897 171.105 166.772 150.075 162.54 158.314 109.965 102.229 103.765 83.835 96.045 89.646 75.354 73.167 70.93 76.341 77.681 79.712 71.359 65.134 62.761 67.585 70.941 75.262 84.71 79.65 70.737 63.79 64.943 64.421 67.803 66.552 61.865 59.303 57.624 58.096 57.91 55.233 56.094 56.363 56.14 56.766 58.993 60.217 62.337 62.137 59.722
-9999 -9999 -9999 -9999 -9999 -9999 -9999 -9999 -9999 94.256 95.086 100.489 98.169 106.564 113.513 115.052 106.091 102.173 106.232 107.58 113.813 118.698 120.642 122.126 123.25 134.01 144.978 154.323 157.593 151.404 152.963 161.895 137.053 128.629 112.358 93.689 100.019 107.08 79.862 70.953 74.382 83.353 81.798 83.625 77.398 79.174 65.157 66.495 71.23 80.862 80.714 76.552 72.696 71.606 67.423 67.413 65.754 65.599 68.326 62.111 56.399 56.246 56.192 59.178 57.733 56.156 55.535 55.116 55.863 58.418 62.923 61.987 61.519 60.131
-9999 -9999 -9999 -9999 -9999 -9999 -9999 77.429 84.351 90.107 95.431 -9999 98.923 104.598 106.925 99.747 96.567 96.325 -9999 103.39 104.906 117.441 130.548 122.717 137.836 143.056 147.31 151.724 145.29 134.003 139.948 126.685 118.994 115.236 115.063 105.784 111.485 101.918 80.11 78.629 77.024 79.998 87.313 83.611 78.9 70.532 65.612 70.694 81.317 76.197 77.273 71.449 71.87 69.563 68.901 66.885 64.993 61.937 62.094 60.513 60.214 59.199 58.695 57.348 56.919 54.971 56.129 57.431 58.612 62.154 63.502 63.413 59.884 60.77
-9999 -9999 -9999 -9999 -9999 -9999 -9999 77.933 -9999 -9999 -9999 92.239 94.53 95.697 -9999 -9999 -9999 -9999 -9999 100.311 105.821 120.964 114.603 121.789 131.187 132.688 139.35 142.362 139.084 172.653 168.273 138.395 117.634 118.611 121.253 116.823 111.978 95.18 87.577 80.729 77.933 84.053 82.697 76.275 71.655 68.305 65.174 74.872 78.106 77.654 78.091 72.018 68.755 66.698 66.225 64.07 63.593 62.255 61.758 60.212 59.51 62.129 59.894 58.668 56.072 55.995 57.081 63.2 63.504 63.206 64.935 64.09 57.449 57.971
-9999 -9999 -9999 -9999 -9999 -9999 -9999 -9999 -9999 87.089 91.22 92.37 88.344 91.06 -9999 -9999 -9999 -9999 -9999 -9999 -9999 -9999 107.532 116.188 117.904 118.099 126.795 140.435 175.173 194.56 186.318 160.503 142.237 129.631 119.234 108.12 114.829 107.715 87.512 83.755 94.963 90.794 84.208 70.176 71.598 70.358 72.423 81.278 78.452 79.35 76.015 73.274 69.191 64.685 63.597 62.941 62.218 62.789 61.734 59.621 57.749 58.384 58.964 58.164 58.233 58.959 60.833 60.433 65.91 65.326 64.693 61.692 60.235 55.768
-9999 -9999 -9999 -9999 -9999 -9999 -9999 -9999 -9999 -9999 91.922 -9999 -9999 -9999 -9999 -9999 -9999 -9999 -9999 -9999 101.964 104.002 108.893 109.387 103.849 105.592 118.823 143.937 172.245 192.769 189.114 163.768 142.651 131.62 122.3 116.078 113.927 95.43 78.715 82.129 92.915 88.443 77.135 -9999 79.299 75.836 78.157 85.199 80.553 75.694 72.769 71.043 68.467 64.82 63.776 61.794 63.309 57.0 55.671 56.186 56.674 58.173 56.395 55.872 59.068 63.78 63.387 64.753 58.88 61.308 62.205 60.29 57.13 57.086
-9999 -9999 -9999 -9999 -9999 -9999 -9999 -9999 -9999 -9999 -9999 -9999 -9999 -9999 -9999 -9999 -9999 -9999 -9999 -9999 99.342 101.475 99.417 96.524 -9999 -9999 -9999 122.955 153.135 155.624 155.245 148.223 144.288 134.098 122.466 103.596 99.521 88.147 79.131 84.364 81.12 74.266 -9999 75.601 74.185 76.274 81.587 83.971 75.94 71.369 69.221 76.567 72.177 66.129 62.256 62.663 62.035 64.268 61.091 60.076 58.269 57.252 57.519 58.953 57.749 59.864 64.91 65.048 60.305 56.358 60.047 57.46 54.344 54.96
-9999 -9999 -9999 -9999 -9999 -9999 -9999 -9999 -9999 -9999 -9999 -9999 -9999 -9999 -9999 -9999 -9999 -9999 -9999 -9999 -9999 -9999 -9999 -9999 -9999 -9999 -9999 95.802 111.387 122.926 126.055 129.351 126.557 119.304 107.664 101.936 93.163 84.285 81.158 80.195 -9999 -9999 73.609 73.303 79.759 80.28 74.907 77.652 75.245 73.35 74.483 70.598 69.483 64.763 61.93 66.699 65.968 61.179 64.261 67.799 61.387 57.546 59.409 58.511 61.871 60.103 60.843 61.949 60.028 52.176 54.061 55.994 55.228 53.426
-9999 -9999 -9999 -9999 -9999 -9999 -9999 -9999 -9999 -9999 -9999 -9999 -9999 -9999 -9999 -9999 -9999 -9999 -9999 -9999 -9999 -9999 -9999 -9999 -9999 -9999 -9999 89.805 96.585 104.909 109.983 116.353 109.749 104.541 101.814 93.944 88.655 -9999 -9999 -9999 -9999 -9999 73.517 79.037 82.854 75.309 77.903 79.72 77.627 74.189 68.841 65.42 65.308 68.123 65.229 70.123 70.834 66.731 63.88 67.082 66.908 59.461 59.333 59.398 57.931 59.952 56.696 56.277 55.638 53.131 51.502 52.947 53.258 52.574
-9999 -9999 -9999 -9999 -9999 -9999 -9999 -9999 -9999 -9999 -9999 -9999 -9999 -9999 -9999 -9999 -9999 -9999 -9999 -9999 -9999 -9999 -9999 -9999 -9999 -9999 -9999 -9999 -9999 96.902 107.35 105.17 99.983 97.677 93.276 90.017 -9999 -9999 -9999 -9999 76.924 82.055 83.82 78.059 77.165 76.176 84.105 82.812 80.178 72.35 67.59 68.376 71.425 74.645 73.493 70.332 70.304 67.87 65.705 65.904 62.895 60.455 57.54 59.107 56.113 55.854 54.901 54.066 55.669 55.455 55.262 54.124 52.75 52.287
-9999 -9999 -9999 -9999 -9999 -9999 -9999 -9999 -9999 -9999 -9999 -9999 -9999 -9999 -9999 -9999 -9999 -9999 -9999 -9999 -9999 -9999 -9999 -9999 -9999 -9999 -9999 -9999 -9999 -9999 91.738 90.556 93.509 86.535 82.491 -9999 -9999 -9999 -9999 76.203 80.346 84.425 83.619 80.878 75.545 76.503 80.378 78.758 78.301 72.74 69.918 74.184 75.02 76.873 77.698 71.348 68.39 67.168 67.024 64.366 62.913 58.583 60.291 58.685 56.549 54.237 54.861 54.503 56.751 60.042 59.541 55.745 52.634 52.072
-9999 -9999 -9999 -9999 -9999 -9999 -9999 -9999 -9999 -9999 -9999 -9999 -9999 -9999 -9999 -9999 -9999 -9999 -9999 -9999 -9999 -9999 -9999 -9999 -9999 -9999 -9999 -9999 -9999 -9999 -9999 -9999 -9999 -9999 -9999 -9999 -9999 -9999 78.944 76.63 77.404 80.206 84.806 79.055 76.269 78.42 76.058 78.211 77.966 70.279 70.282 70.491 72.308 71.241 73.423 73.737 70.695 68.892 71.694 69.498 65.626 63.665 63.689 62.757 57.303 53.956 55.071 55.817 56.554 57.495 56.606 54.723 52.945 51.702
-9999 -9999 -9999 -9999 -9999 -9999 -9999 -9999 -9999 -9999 -9999 -9999 -9999 -9999 -9999 -9999 -9999 -9999 -9999 -9999 -9999 -9999 -9999 -9999 -9999 -9999 -9999 -9999 -9999 -9999 -9999 -9999 -9999 -9999 -9999 -9999 -9999 78.061 79.51 87.133 88.169 105.193 100.767 91.384 79.415 75.18 76.317 78.874 70.463 66.524 65.711 68.591 70.319 69.79 72.213 74.142 76.364 73.486 72.098 75.859 71.942 69.679 66.846 64.765 59.245 54.606 53.765 56.112 55.597 55.792 54.364 51.404 51.976 51.977
-9999 -9999 -9999 -9999 -9999 -9999 -9999 -9999 -9999 -9999 -9999 -9999 -9999 -9999 -9999 -9999 -9999 -9999 -9999 -9999 -9999 -9999 -9999 -9999 -9999 -9999 -9999 -9999 -9999 -9999 -9999 -9999 -9999 -9999 -9999 -9999 -9999 74.98 78.723 79.708 90.822 99.874 104.691 96.708 86.4 83.106 84.887 77.994 69.325 68.452 74.268 71.86 73.042 73.587 70.748 71.857 72.209 75.422 72.924 71.946 72.344 67.488 66.685 62.81 58.846 55.494 55.217 54.646 54.879 55.11 53.823 52.998 52.933 55.221
-9999 -9999 -9999 -9999 -9999 -9999 -9999 -9999 -9999 -9999 -9999 -9999 -9999 -9999 -9999 -9999 -9999 -9999 -9999 -9999 -9999 -9999 -9999 -9999 116.843 131.847 139.669 125.289 -9999 101.255 -9999 -9999 -9999 -9999 -9999 -9999 -9999 -9999 72.638 74.579 80.067 86.14 94.741 95.436 88.21 94.098 81.531 73.808 71.257 76.684 75.436 70.382 71.282 70.062 68.119 66.932 69.274 70.126 68.488 68.519 66.634 67.902 67.004 68.41 62.847 58.526 58.471 59.81 55.573 54.96 55.528 54.629 55.248 54.883
-9999 -9999 -9999 -9999 -9999 -9999 -9999 -9999 -9999 -9999 -9999 -9999 -9999 -9999 -9999 -9999 -9999 -9999 -9999 -9999 -9999 115.879 120.45 111.868 117.453 143.107 143.919 130.781 120.352 101.254 83.471 73.473 -9999 -9999 77.489 73.539 68.555 67.986 70.11 69.453 70.969 80.956 88.831 88.615 98.861 89.901 82.144 76.541 81.406 75.513 70.059 72.072 69.725 67.777 65.494 65.348 72.113 71.489 66.886 63.157 64.015 66.34 69.44 67.137 68.213 65.108 59.599 58.395 57.164 53.503 55.45 55.787 62.756 60.831
-9999 -9999 -9999 -9999 -9999 -9999 -9999 -9999 -9999 -9999 -9999 -9999 -9999 -9999 -9999 -9999 -9999 -9999 -9999 -9999 115.315 115.669 114.444 111.106 134.209 150.248 157.071 144.087 126.246 112.468 100.314 85.735 74.997 80.079 79.8 74.142 71.36 69.527 68.366 68.322 74.098 78.271 82.97 91.445 90.712 87.295 82.626 91.644 83.417 80.43 75.54 70.99 68.037 66.931 65.244 64.831 65.869 70.711 66.363 65.572 65.58 66.187 68.676 73.723 72.172 66.955 61.941 58.301 62.013 59.989 59.277 58.7 58.083 63.081
-9999 -9999 -9999 -9999 -9999 -9999 -9999 -9999 -9999 -9999 -9999 -9999 -9999 -9999 -9999 -9999 -9999 -9999 -9999 -9999 115.184 104.601 98.506 103.845 117.317 138.472 140.4 142.578 128.376 112.514 99.61 96.529 97.931 86.513 79.358 80.578 76.537 69.99 67.136 71.296 71.899 76.544 78.425 81.481 82.444 80.033 89.468 86.425 82.231 82.099 75.41 68.841 69.187 68.558 65.854 65.945 67.562 67.543 67.494 67.323 66.941 64.065 64.646 67.363 72.94 70.405 62.84 61.072 62.135 62.846 58.414 58.766 57.282 58.964
-9999 -9999 -9999 -9999 -9999 -9999 -9999 -9999 -9999 -9999 -9999 -9999 -9999 -9999 -9999 -9999 -9999 -9999 -9999 -9999 101.769 92.501 94.981 94.094 108.516 112.593 118.286 119.226 112.184 104.691 102.259 105.68 100.694 86.27 80.12 73.982 69.471 65.056 67.925 64.412 66.255 77.565 72.933 74.465 76.834 79.469 79.343 76.105 73.588 76.751 72.33 77.177 74.725 70.182 65.775 64.117 66.526 67.512 69.151 68.011 66.857 69.147 68.001 68.856 70.805 74.558 67.006 60.533 58.179 58.957 58.197 58.198 56.994 56.346
-9999 -9999 -9999 -9999 -9999 -9999 -9999 -9999 -9999 -9999 -9999 -9999 -9999 -9999 -9999 -9999 111.39 118.078 -9999 103.477 90.914 96.928 97.764 93.602 94.473 96.218 100.714 107.968 107.828 105.808 99.178 97.782 90.014 79.058 72.4 69.489 68.758 70.477 69.791 62.523 71.245 70.907 72.268 72.009 71.827 73.27 72.316 72.579 77.357 80.744 79.428 81.051 78.178 72.311 65.63 64.039 66.622 68.791 68.187 68.963 67.241 68.815 72.823 71.68 71.056 69.384 68.227 61.229 62.719 63.969 62.201 59.693 59.928 55.983
-9999 -9999 -9999 -9999 -9999 -9999 -9999 -9999 -9999 -9999 -9999 -9999 -9999 -9999 -9999 -9999 119.001 121.145 108.72 101.558 102.008 100.931 93.072 93.884 99.252 94.555 99.577 104.236 104.672 103.797 99.26 92.185 86.321 81.227 83.295 85.209 78.12 76.173 74.56 67.183 70.28 72.705 71.334 66.331 64.32 70.308 70.257 68.961 72.472 74.645 80.059 82.443 75.563 71.466 68.393 68.213 69.503 68.152 66.491 66.63 65.995 67.143 69.924 68.754 69.822 74.698 68.752 69.253 66.045 65.273 65.077 61.373 60.245 59.865
-9999 -9999 -9999 -9999 -9999 -9999 -9999 -9999 -9999 -9999 -9999 -9999 -9999 -9999 -9999 108.095 117.971 117.477 114.114 112.479 104.285 98.634 95.778 97.507 94.608 91.189 100.679 97.749 95.411 98.248 91.326 85.307 84.621 87.267 94.942 89.715 85.129 88.156 77.284 77.624 75.853 71.577 71.812 67.051 70.782 67.631 62.717 65.01 68.4 74.821 73.155 74.502 71.882 72.053 67.643 68.307 72.931 70.734 65.564 63.499 65.724 66.905 67.504 64.989 64.873 68.589 70.586 69.004 73.363 67.788 71.052 65.041 66.534 66.445
-9999 -9999 -9999 -9999 -9999 -9999 -9999 -9999 -9999 -9999 -9999 -9999 -9999 -9999 -9999 -9999 101.263 112.617 111.668 107.695 98.868 95.414 91.514 87.719 89.77 92.766 94.538 90.289 91.407 89.23 86.148 85.192 79.349 89.319 94.515 92.644 92.864 85.032 83.068 83.268 79.445 76.32 74.367 73.71 72.255 67.491 67.418 69.016 72.13 63.93 70.844 71.6 75.555 76.279 72.741 69.617 71.137 69.997 66.558 62.03 -9999 64.696 64.203 66.54 63.092 64.193 63.709 62.089 63.13 61.944 60.907 62.342 59.248 63.571
-9999 -9999 -9999 -9999 -9999 -9999 -9999 -9999 -9999 -9999 -9999 -9999 -9999 -9999 -9999 94.906 98.304 99.828 102.046 102.614 102.332 98.349 88.999 86.793 86.096 89.819 84.396 82.007 79.15 83.252 82.751 78.271 81.201 86.241 88.583 91.082 92.821 82.797 81.034 91.142 86.392 79.967 86.006 80.557 79.896 80.434 75.856 72.57 71.528 67.016 65.48 68.848 69.174 71.401 72.166 72.428 70.845 69.052 71.168 65.49 59.388 -9999 57.405 -9999 57.558 -9999 56.481 -9999 57.379 56.323 56.433 55.287 55.335 55.43
-9999 -9999 -9999 -9999 -9999 -9999 -9999 -9999 -9999 -9999 -9999 -9999 -9999 -9999 -9999 96.269 93.436 94.838 95.988 103.583 106.06 104.005 96.825 93.4 88.805 84.226 78.935 73.946 74.426 78.078 74.469 76.916 77.774 83.853 88.081 94.919 88.289 79.155 88.426 87.432 74.926 80.924 77.579 80.497 84.55 80.668 74.88 74.611 70.932 67.705 69.27 69.568 67.955 67.275 66.19 69.457 68.519 64.847 63.101 61.981 56.936 -9999 -9999 52.506 51.683 -9999 -9999 52.384 51.728 53.09 -9999 -9999 -9999 -9999
-9999 -9999 -9999 -9999 -9999 -9999 -9999 -9999 -9999 -9999 -9999 -9999 -9999 -9999 105.423 96.433 96.395 93.342 94.108 96.404 102.95 108.038 110.617 109.283 102.303 90.801 82.128 78.844 79.863 74.72 76.435 73.979 78.159 83.592 95.808 96.115 85.731 81.615 79.976 64.835 64.835 71.592 78.139 82.428 79.583 75.806 73.527 70.861 70.05 68.608 66.12 66.379 69.173 66.459 62.695 59.388 63.13 62.225 -9999 -9999 -9999 56.216 -9999 -9999 -9999 -9999 -9999 -9999 53.97 -9999 -9999 -9999 -9999 -9999
