Validation/Results/raw data/ReClimate_05_2024_1_Temperature-Actuals.asc
NCOLS 192
NROWS 249
XLLCENTER -225160.85627316462
YLLCENTER 29788.11610251502
CELLSIZE 5000.0
NODATA_VALUE -9999
[rows 68 to 101 of 249, columns 75 to 149 of 192]
-9999 -9999 -9999 -9999 -9999 -9999 -9999 -9999 -9999 -9999 -9999 11.71 10.984 12.085 12.646 11.761 11.382 12.06 12.194 12.204 12.453 12.293 12.409 11.994 12.03 12.352 11.767 12.066 12.748 -9999 -9999 -9999 -9999 -9999 -9999 -9999 -9999 -9999 -9999 -9999 -9999 -9999 -9999 -9999 -9999 -9999 -9999 -9999 -9999 -9999 -9999 -9999 -9999 -9999 -9999 -9999 -9999 -9999 -9999 -9999 -9999 -9999 -9999 -9999 -9999 -9999 -9999 -9999 -9999 -9999 -9999 -9999 -9999 -9999 -9999
-9999 -9999 -9999 -9999 -9999 -9999 -9999 -9999 -9999 -9999 -9999 -9999 -9999 12.515 11.783 11.098 11.991 12.466 12.097 11.874 12.084 12.676 12.621 11.961 12.168 12.153 12.903 -9999 -9999 -9999 -9999 -9999 -9999 -9999 -9999 -9999 -9999 -9999 -9999 -9999 -9999 -9999 -9999 -9999 -9999 -9999 -9999 -9999 -9999 -9999 -9999 -9999 -9999 -9999 -9999 -9999 -9999 -9999 -9999 -9999 -9999 -9999 -9999 -9999 -9999 -9999 -9999 -9999 -9999 -9999 -9999 -9999 -9999 -9999 -9999
-9999 -9999 -9999 -9999 -9999 -9999 -9999 12.802 -9999 -9999 12.762 12.317 12.089 12.243 10.713 11.271 11.75 11.612 10.966 11.34 11.934 12.967 12.48 12.362 11.892 12.532 12.849 -9999 -9999 -9999 -9999 -9999 -9999 -9999 -9999 -9999 -9999 -9999 -9999 -9999 -9999 -9999 -9999 -9999 -9999 -9999 -9999 -9999 -9999 -9999 -9999 -9999 -9999 -9999 -9999 -9999 -9999 -9999 -9999 -9999 -9999 -9999 -9999 -9999 -9999 -9999 -9999 -9999 -9999 -9999 -9999 -9999 -9999 -9999 -9999
-9999 -9999 -9999 -9999 -9999 12.878 12.932 12.908 12.978 12.366 12.362 11.151 11.133 11.4 12.262 10.56 10.511 10.499 10.709 11.585 11.446 10.883 12.551 12.776 13.012 13.183 13.216 -9999 -9999 -9999 -9999 -9999 -9999 -9999 -9999 -9999 -9999 -9999 -9999 -9999 -9999 -9999 -9999 -9999 -9999 -9999 -9999 -9999 -9999 -9999 -9999 -9999 -9999 -9999 -9999 -9999 -9999 -9999 -9999 -9999 -9999 -9999 -9999 -9999 -9999 -9999 -9999 -9999 -9999 -9999 -9999 -9999 -9999 -9999 -9999
-9999 -9999 -9999 -9999 -9999 12.873 12.868 -9999 12.876 11.923 11.114 10.902 9.726 12.27 11.035 9.887 9.843 10.094 10.669 10.35 9.726 11.08 11.641 11.703 12.487 12.432 -9999 12.972 -9999 -9999 -9999 -9999 -9999 -9999 -9999 -9999 -9999 -9999 -9999 -9999 -9999 -9999 -9999 -9999 -9999 -9999 -9999 -9999 -9999 -9999 -9999 -9999 -9999 -9999 -9999 -9999 -9999 -9999 -9999 -9999 -9999 -9999 -9999 -9999 -9999 -9999 -9999 -9999 -9999 -9999 -9999 -9999 -9999 -9999 -9999
-9999 -9999 -9999 -9999 -9999 -9999 12.435 12.662 12.746 11.535 11.617 9.685 11.229 11.416 11.369 11.138 10.818 10.082 10.474 10.124 10.76 11.818 11.577 11.81 12.033 12.447 13.031 12.941 -9999 -9999 -9999 -9999 -9999 -9999 -9999 -9999 -9999 -9999 -9999 -9999 -9999 -9999 -9999 -9999 -9999 -9999 -9999 -9999 -9999 -9999 -9999 -9999 -9999 -9999 -9999 -9999 -9999 -9999 -9999 -9999 -9999 -9999 -9999 -9999 -9999 -9999 -9999 -9999 -9999 -9999 -9999 -9999 -9999 -9999 -9999
-9999 -9999 -9999 -9999 -9999 -9999 -9999 13.123 12.7 12.328 9.85 10.767 10.851 11.052 10.003 9.467 10.578 11.298 10.971 10.232 11.239 11.9 11.625 12.278 12.485 13.131 13.003 12.508 -9999 -9999 -9999 -9999 -9999 -9999 -9999 -9999 -9999 -9999 -9999 -9999 -9999 -9999 -9999 -9999 -9999 -9999 -9999 -9999 -9999 -9999 -9999 -9999 -9999 -9999 -9999 -9999 -9999 -9999 -9999 -9999 -9999 -9999 -9999 -9999 -9999 -9999 -9999 -9999 -9999 -9999 -9999 -9999 -9999 -9999 -9999
-9999 -9999 -9999 -9999 -9999 11.82 12.108 11.826 11.693 11.526 12.316 10.984 11.086 10.696 10.355 11.066 11.347 11.146 11.304 10.927 10.173 11.415 12.318 13.183 13.341 -9999 12.722 -9999 -9999 -9999 -9999 -9999 -9999 13.284 13.374 13.395 -9999 -9999 -9999 -9999 -9999 -9999 -9999 -9999 -9999 -9999 -9999 -9999 -9999 -9999 -9999 -9999 -9999 -9999 -9999 -9999 -9999 -9999 -9999 -9999 -9999 -9999 -9999 -9999 -9999 -9999 -9999 -9999 -9999 -9999 -9999 -9999 -9999 -9999 -9999
12.45 -9999 -9999 -9999 -9999 -9999 11.542 11.072 10.982 11.899 11.572 12.407 11.173 11.289 10.946 11.675 11.956 12.79 12.036 10.564 11.496 12.289 13.11 13.017 12.649 12.581 -9999 -9999 -9999 -9999 13.49 13.591 13.527 13.383 13.432 13.512 13.479 13.474 13.175 12.6 12.338 12.675 13.033 13.176 13.01 12.434 12.03 12.099 12.44 12.558 12.449 12.35 -9999 -9999 -9999 -9999 -9999 -9999 -9999 -9999 -9999 -9999 -9999 -9999 -9999 -9999 -9999 -9999 -9999 -9999 -9999 -9999 -9999 -9999 -9999
10.762 -9999 -9999 -9999 11.203 -9999 11.777 12.566 11.81 10.216 13.016 11.815 12.104 11.362 11.931 11.515 11.929 11.78 12.388 12.731 12.825 13.043 13.169 12.499 12.444 -9999 -9999 -9999 -9999 13.13 13.453 13.661 13.181 12.857 13.366 13.328 13.254 13.349 12.318 11.846 12.069 12.561 12.892 12.76 12.889 12.723 12.308 12.124 12.408 12.38 12.083 12.374 -9999 -9999 -9999 -9999 -9999 -9999 -9999 -9999 -9999 -9999 -9999 -9999 -9999 -9999 -9999 -9999 -9999 -9999 -9999 -9999 -9999 -9999 -9999
11.877 -9999 -9999 -9999 10.741 10.976 12.357 12.115 9.796 11.343 10.745 12.459 11.419 11.713 11.685 11.99 11.916 11.256 11.698 12.012 13.138 13.467 12.781 13.236 -9999 -9999 12.982 13.163 13.127 13.093 13.347 13.24 12.818 12.867 12.469 12.397 12.898 12.657 12.233 12.322 12.553 12.72 12.422 12.82 12.924 12.678 12.271 12.298 12.357 12.244 12.22 12.384 12.361 -9999 -9999 -9999 -9999 -9999 -9999 -9999 -9999 -9999 -9999 -9999 -9999 -9999 -9999 -9999 -9999 -9999 -9999 -9999 -9999 -9999 -9999
12.34 -9999 12.117 -9999 11.901 12.044 11.492 10.893 11.45 9.651 11.36 12.039 11.498 10.986 10.846 11.462 11.51 11.43 10.971 11.924 12.691 13.493 13.705 13.878 -9999 12.757 12.546 12.714 12.701 12.9 13.057 12.55 12.361 12.013 11.688 12.234 12.703 12.14 11.978 12.037 12.521 13.029 13.184 13.125 12.822 12.566 12.296 12.215 12.207 12.46 12.572 12.378 12.298 -9999 -9999 -9999 -9999 -9999 -9999 -9999 -9999 -9999 -9999 -9999 -9999 -9999 -9999 -9999 -9999 -9999 -9999 -9999 -9999 -9999 -9999
-9999 12.288 -9999 -9999 -9999 10.769 10.085 11.628 11.016 12.553 12.343 12.003 11.381 10.568 10.65 9.942 10.224 10.526 11.593 12.39 13.472 13.31 12.642 13.33 13.24 12.32 11.805 11.576 12.004 12.376 12.178 11.968 11.483 11.516 12.41 12.684 12.591 12.484 11.985 12.175 12.881 13.29 13.318 12.813 12.464 12.557 12.369 12.131 12.056 12.411 12.383 12.272 12.134 -9999 -9999 -9999 -9999 -9999 -9999 -9999 -9999 -9999 -9999 -9999 -9999 -9999 -9999 -9999 -9999 -9999 -9999 -9999 -9999 -9999 -9999
12.919 -9999 -9999 -9999 -9999 11.551 12.512 12.398 -9999 12.184 11.312 11.015 11.51 11.446 11.129 11.588 11.706 11.505 11.768 12.13 12.412 11.814 11.739 13.096 12.432 12.106 11.255 10.831 11.448 11.918 11.857 11.378 11.086 12.239 12.624 11.81 12.251 11.681 11.642 12.31 12.591 13.168 12.647 12.04 12.485 12.539 12.585 12.223 12.474 12.337 12.138 12.261 12.113 -9999 -9999 -9999 -9999 -9999 -9999 -9999 -9999 -9999 -9999 -9999 -9999 -9999 -9999 -9999 -9999 -9999 -9999 -9999 -9999 -9999 -9999
12.868 -9999 -9999 -9999 12.477 -9999 -9999 12.945 12.802 11.594 10.051 10.229 10.613 10.001 11.217 11.736 11.87 12.384 12.1 11.79 11.785 11.512 13.291 12.452 12.174 11.004 11.278 11.136 10.811 11.448 11.457 11.393 12.068 12.709 11.796 11.856 11.802 11.453 11.671 11.4 12.297 12.457 11.795 12.383 12.563 12.483 12.112 12.54 12.694 12.542 12.217 12.195 -9999 -9999 -9999 -9999 -9999 -9999 -9999 -9999 -9999 -9999 -9999 -9999 -9999 -9999 -9999 -9999 -9999 -9999 -9999 -9999 -9999 -9999 -9999
12.188 12.226 12.65 -9999 -9999 -9999 11.61 13.207 -9999 11.949 12.256 11.605 10.001 9.551 9.492 10.802 12.446 12.204 11.48 11.129 11.951 13.244 12.224 12.177 11.307 11.109 11.358 10.856 10.851 11.749 11.968 12.223 12.122 11.192 11.82 11.467 10.456 11.211 11.297 11.589 12.375 12.135 12.475 12.727 12.803 12.575 12.679 12.547 12.722 12.541 12.253 -9999 -9999 -9999 -9999 -9999 -9999 -9999 -9999 -9999 -9999 -9999 -9999 -9999 -9999 -9999 -9999 -9999 -9999 -9999 -9999 -9999 -9999 -9999 -9999
11.071 11.739 12.57 -9999 12.225 11.157 11.172 11.74 11.14 12.49 12.545 10.68 8.883 9.487 11.487 11.806 12.043 11.172 10.381 11.041 12.318 12.468 11.629 10.382 10.095 10.916 10.896 10.816 12.128 12.401 12.286 11.684 10.954 12.032 12.055 11.333 10.981 10.68 10.805 11.036 12.05 11.579 12.07 11.822 11.491 12.675 12.82 12.481 12.365 12.416 12.246 -9999 -9999 -9999 -9999 -9999 -9999 -9999 -9999 -9999 -9999 -9999 -9999 -9999 -9999 -9999 -9999 -9999 -9999 -9999 -9999 -9999 -9999 -9999 -9999
11.586 12.248 12.927 12.369 12.032 10.888 -9999 12.208 11.596 10.706 10.207 10.564 10.414 11.344 10.318 11.18 11.18 11.207 11.797 12.073 12.422 11.909 10.297 9.371 10.481 10.849 10.327 11.731 11.836 12.72 12.398 11.791 11.655 11.448 11.452 10.932 10.14 10.699 11.122 11.77 12.154 12.4 12.517 12.05 12.595 12.974 12.875 12.704 12.613 12.42 -9999 -9999 -9999 -9999 -9999 -9999 -9999 -9999 -9999 -9999 -9999 -9999 -9999 -9999 -9999 -9999 -9999 -9999 -9999 -9999 -9999 -9999 -9999 -9999 -9999
-9999 -9999 -9999 12.68 11.574 -9999 12.206 11.059 9.446 9.466 11.723 11.803 11.258 9.391 10.342 12.257 12.318 11.747 11.343 12.569 11.986 10.645 9.385 9.438 9.857 9.458 10.873 10.627 11.874 12.199 11.121 11.444 10.316 10.425 10.153 9.755 10.458 11.581 11.699 11.88 12.053 12.074 12.384 12.405 12.736 12.837 12.88 12.854 12.801 12.707 -9999 -9999 -9999 -9999 -9999 -9999 -9999 -9999 -9999 -9999 -9999 -9999 -9999 -9999 -9999 -9999 -9999 -9999 -9999 -9999 -9999 -9999 -9999 -9999 -9999
-9999 -9999 12.855 12.279 -9999 12.967 11.831 -9999 11.266 12.68 11.471 11.406 9.215 9.894 11.483 10.962 10.867 11.754 12.767 11.247 10.667 9.765 8.902 8.894 8.759 9.475 10.52 11.81 12.855 11.953 11.744 10.149 9.495 9.913 10.397 10.406 11.137 11.185 11.472 12.024 12.059 12.02 11.955 12.225 12.47 12.461 12.759 12.576 12.537 12.761 -9999 -9999 -9999 -9999 -9999 -9999 -9999 -9999 -9999 -9999 -9999 -9999 -9999 -9999 -9999 -9999 -9999 -9999 -9999 -9999 -9999 -9999 -9999 -9999 -9999
-9999 -9999 13.25 -9999 -9999 12.591 11.818 11.318 12.632 11.098 11.221 11.54 11.547 11.764 12.031 12.305 12.842 12.823 10.74 9.677 9.415 8.938 8.57 8.324 9.207 11.123 12.092 11.901 10.741 10.733 8.183 7.964 9.123 9.681 9.733 10.745 10.911 11.1 11.521 12.719 12.579 12.454 12.549 12.18 11.18 12.226 12.913 12.846 12.878 12.788 -9999 -9999 -9999 -9999 -9999 -9999 -9999 -9999 -9999 -9999 -9999 -9999 -9999 -9999 -9999 -9999 -9999 -9999 -9999 -9999 -9999 -9999 -9999 -9999 -9999
-9999 -9999 -9999 -9999 -9999 -9999 10.995 11.581 12.237 10.749 10.879 12.312 11.631 11.232 11.546 11.693 11.835 10.409 9.468 9.184 10.192 10.028 9.136 9.161 10.842 12.153 11.911 10.954 9.988 7.937 8.478 8.128 8.882 9.144 9.896 10.374 10.762 11.522 12.751 12.9 12.741 13.084 12.936 12.054 12.516 13.137 13.092 12.699 12.459 -9999 -9999 -9999 -9999 -9999 -9999 -9999 -9999 -9999 -9999 -9999 -9999 -9999 -9999 -9999 -9999 -9999 -9999 -9999 -9999 -9999 -9999 -9999 -9999 -9999 -9999
-9999 -9999 -9999 -9999 13.49 12.681 -9999 11.517 11.566 10.697 12.795 12.721 12.066 11.185 9.823 9.89 10.236 10.926 10.682 10.674 10.189 10.573 10.529 11.142 11.53 10.823 10.563 9.496 8.34 8.922 8.552 9.748 10.039 10.697 11.577 11.374 11.407 11.55 11.601 12.009 12.208 11.772 12.304 13.011 12.745 12.422 12.128 11.993 12.287 -9999 -9999 -9999 -9999 -9999 -9999 -9999 -9999 -9999 -9999 -9999 -9999 -9999 -9999 -9999 -9999 -9999 -9999 -9999 -9999 -9999 -9999 -9999 -9999 -9999 -9999
-9999 -9999 -9999 13.343 13.549 11.719 11.898 10.573 10.114 11.001 10.915 11.763 12.333 11.625 11.858 11.538 10.241 10.492 9.448 8.511 11.593 11.264 11.306 11.08 10.703 10.009 9.767 9.08 9.778 9.988 10.414 10.381 10.727 10.406 10.1 9.631 10.343 10.67 10.058 9.737 10.246 10.87 11.703 11.649 11.615 11.664 11.912 12.087 -9999 -9999 -9999 -9999 -9999 -9999 -9999 -9999 -9999 -9999 -9999 -9999 -9999 -9999 -9999 -9999 -9999 -9999 -9999 -9999 -9999 -9999 -9999 -9999 -9999 -9999 -9999
-9999 -9999 -9999 13.402 -9999 13.189 12.762 12.074 11.563 11.006 12.183 11.967 10.847 12.728 12.931 11.898 11.452 10.277 10.266 12.169 11.091 9.804 10.251 10.445 8.844 9.771 9.508 9.259 9.229 9.691 9.692 9.869 9.558 9.575 8.784 8.884 10.79 9.706 9.832 11.399 11.27 10.81 11.272 11.126 11.349 12.179 11.967 12.123 -9999 -9999 -9999 -9999 -9999 -9999 -9999 -9999 -9999 -9999 -9999 -9999 -9999 -9999 -9999 -9999 -9999 -9999 -9999 -9999 -9999 -9999 -9999 -9999 -9999 -9999 -9999
-9999 -9999 -9999 -9999 -9999 12.328 11.278 13.088 13.045 13.231 13.415 12.674 13.418 13.215 12.61 11.949 10.603 11.637 11.694 11.136 9.346 10.204 11.245 9.61 8.867 9.997 9.654 9.886 9.12 9.593 9.802 8.428 8.835 8.655 7.748 9.285 9.469 9.116 10.357 11.171 11.576 12.304 11.848 11.369 12.303 12.587 12.342 12.147 -9999 -9999 -9999 -9999 -9999 -9999 -9999 -9999 -9999 -9999 -9999 -9999 -9999 -9999 -9999 -9999 -9999 -9999 -9999 -9999 -9999 -9999 -9999 -9999 -9999 -9999 -9999
-9999 -9999 -9999 13.371 13.128 11.885 12.443 13.153 11.503 12.536 11.801 11.897 -9999 11.823 8.329 9.13 9.797 10.046 9.524 9.195 9.257 9.548 9.506 9.558 10.282 10.714 11.213 10.63 10.173 10.287 8.912 10.0 10.016 9.933 9.256 9.123 9.733 11.08 10.448 10.851 11.731 11.344 12.192 12.736 12.986 12.68 12.059 12.432 -9999 -9999 -9999 -9999 -9999 -9999 -9999 -9999 -9999 -9999 -9999 -9999 -9999 -9999 -9999 -9999 -9999 -9999 -9999 -9999 -9999 -9999 -9999 -9999 -9999 -9999 -9999
13.277 13.198 13.045 -9999 13.36 12.881 12.971 12.072 11.191 11.228 11.853 -9999 11.461 8.328 8.923 9.05 10.404 10.383 10.442 9.717 9.856 9.288 9.961 10.843 11.208 11.548 12.151 11.748 11.968 10.583 10.634 10.694 10.82 10.895 10.571 10.396 11.026 10.97 10.873 10.937 10.893 12.417 12.94 13.161 12.903 12.13 12.352 -9999 -9999 -9999 -9999 -9999 -9999 -9999 -9999 -9999 -9999 -9999 -9999 -9999 -9999 -9999 -9999 -9999 -9999 -9999 -9999 -9999 -9999 -9999 -9999 -9999 -9999 -9999 -9999
13.24 12.973 12.163 12.488 -9999 13.102 12.82 12.156 11.442 12.356 13.23 12.463 10.656 10.359 11.455 10.421 10.969 10.806 10.763 10.597 11.01 10.602 11.382 10.952 10.183 11.832 11.735 12.287 12.083 11.542 10.898 11.371 11.747 11.386 10.795 11.082 11.1 11.561 11.285 11.504 12.37 12.914 12.981 12.879 12.635 -9999 -9999 -9999 -9999 -9999 -9999 -9999 -9999 -9999 -9999 -9999 -9999 -9999 -9999 -9999 -9999 -9999 -9999 -9999 -9999 -9999 -9999 -9999 -9999 -9999 -9999 -9999 -9999 -9999 -9999
-9999 -9999 12.452 -9999 12.204 12.229 12.045 10.533 10.826 -9999 -9999 10.926 11.916 12.6 10.322 10.857 10.204 10.897 10.45 12.063 12.17 12.507 12.494 11.773 12.059 11.604 12.263 11.775 11.9 11.988 11.702 11.689 12.118 11.661 11.568 11.515 11.889 11.626 12.097 12.737 13.14 13.139 12.924 13.041 -9999 -9999 -9999 -9999 -9999 -9999 -9999 -9999 -9999 -9999 -9999 -9999 -9999 -9999 -9999 -9999 -9999 -9999 -9999 -9999 -9999 -9999 -9999 -9999 -9999 -9999 -9999 -9999 -9999 -9999 -9999
12.666 -9999 12.34 11.448 12.458 11.971 11.755 12.281 -9999 -9999 11.833 10.86 11.455 10.328 11.947 11.638 11.339 11.312 11.964 12.022 11.94 11.705 11.413 10.688 9.697 11.044 11.513 11.64 12.86 13.026 12.7 11.842 11.819 12.142 12.107 12.267 12.426 12.442 12.863 13.145 13.173 13.007 12.974 12.665 12.571 -9999 -9999 -9999 -9999 -9999 -9999 -9999 -9999 -9999 -9999 -9999 -9999 -9999 -9999 -9999 -9999 -9999 -9999 -9999 -9999 -9999 -9999 -9999 -9999 -9999 -9999 -9999 -9999 -9999 -9999
12.217 12.217 12.632 12.596 12.312 12.206 12.201 -9999 -9999 13.564 11.674 12.885 11.821 12.601 11.308 9.989 11.328 11.296 11.436 10.492 10.065 10.596 11.396 11.723 11.992 12.43 11.829 12.395 12.412 12.287 11.995 11.934 12.169 12.632 12.89 13.068 13.124 13.039 12.926 12.878 12.963 12.961 12.874 12.843 -9999 -9999 -9999 -9999 -9999 -9999 -9999 -9999 -9999 -9999 -9999 -9999 -9999 -9999 -9999 -9999 -9999 -9999 -9999 -9999 -9999 -9999 -9999 -9999 -9999 -9999 -9999 -9999 -9999 -9999 -9999
11.381 12.739 -9999 -9999 13.14 12.054 -9999 -9999 -9999 13.403 12.55 10.358 11.26 9.631 10.673 11.879 11.668 10.982 10.636 10.615 10.637 11.443 11.219 10.932 11.996 12.608 11.747 11.163 11.086 11.824 12.266 13.062 12.889 13.486 13.576 13.607 13.181 12.397 12.377 12.521 12.658 12.679 12.946 13.009 -9999 -9999 -9999 -9999 -9999 -9999 -9999 -9999 -9999 -9999 -9999 -9999 -9999 -9999 -9999 -9999 -9999 -9999 -9999 -9999 -9999 -9999 -9999 -9999 -9999 -9999 -9999 -9999 -9999 -9999 -9999
-9999 13.254 13.33 12.918 -9999 -9999 -9999 -9999 12.348 12.314 10.769 11.647 11.54 10.45 11.442 11.536 10.807 9.477 10.69 9.582 11.603 11.013 10.154 12.328 13.351 11.189 9.883 10.225 12.03 12.008 12.569 12.714 13.382 13.62 13.614 13.176 12.117 12.469 12.667 12.918 12.805 12.886 13.133 -9999 -9999 -9999 -9999 -9999 -9999 -9999 -9999 -9999 -9999 -9999 -9999 -9999 -9999 -9999 -9999 -9999 -9999 -9999 -9999 -9999 -9999 -9999 -9999 -9999 -9999 -9999 -9999 -9999 -9999 -9999 -9999
