Validation/Results/raw data/ReClimate_10_2023_2_Temperature.asc
NCOLS 192
NROWS 249
XLLCENTER -225160.85627316462
YLLCENTER 29788.11610251502
CELLSIZE 5000.0
NODATA_VALUE -9999
[rows 102 to 135 of 249, columns 75 to 149 of 192]
-0.415 -0.408 -0.405 -0.403 -0.4 -0.396 -9999 -9999 -0.359 -9999 -9999 -0.383 -0.378 -0.372 -0.382 -0.395 -0.399 -0.404 -0.392 -0.378 -0.392 -0.41 -0.411 -0.412 -0.41 -0.406 -0.4 -0.392 -0.402 -0.413 -0.413 -0.411 -0.407 -0.4 -0.396 -0.39 -0.378 -0.363 -0.37 -0.378 -0.392 -0.405 -9999 -9999 -9999 -9999 -9999 -9999 -9999 -9999 -9999 -9999 -9999 -9999 -9999 -9999 -9999 -9999 -9999 -9999 -9999 -9999 -9999 -9999 -9999 -9999 -9999 -9999 -9999 -9999 -9999 -9999 -9999 -9999 -9999
-0.412 -0.409 -0.406 -0.401 -9999 -9999 -9999 -0.382 -0.367 -0.38 -0.39 -0.387 -0.383 -0.382 -0.388 -0.39 -0.396 -0.408 -0.398 -0.383 -0.389 -0.385 -0.39 -0.399 -0.4 -0.404 -0.4 -0.394 -0.403 -0.409 -0.41 -0.409 -0.41 -0.418 -0.412 -0.395 -0.384 -9999 -9999 -0.384 -9999 -9999 -9999 -9999 -9999 -9999 -9999 -9999 -9999 -9999 -9999 -9999 -9999 -9999 -9999 -9999 -9999 -9999 -9999 -9999 -9999 -9999 -9999 -9999 -9999 -9999 -9999 -9999 -9999 -9999 -9999 -9999 -9999 -9999 -9999
-0.409 -0.406 -9999 -0.396 -9999 -9999 -9999 -0.385 -0.39 -0.391 -0.388 -0.385 -0.383 -0.381 -0.381 -0.381 -0.39 -0.402 -0.39 -0.375 -0.371 -0.368 -0.377 -0.386 -0.391 -0.395 -0.392 -0.387 -0.394 -0.4 -0.401 -0.4 -0.408 -0.417 -0.405 -0.39 -9999 -0.363 -0.372 -0.381 -0.386 -9999 -9999 -9999 -9999 -9999 -9999 -9999 -9999 -9999 -9999 -9999 -9999 -9999 -9999 -9999 -9999 -9999 -9999 -9999 -9999 -9999 -9999 -9999 -9999 -9999 -9999 -9999 -9999 -9999 -9999 -9999 -9999 -9999 -9999
-0.403 -9999 -9999 -9999 -9999 -0.391 -0.393 -0.391 -0.394 -0.399 -0.397 -0.397 -0.395 -0.391 -0.39 -0.387 -0.39 -0.382 -0.368 -0.351 -0.347 -0.346 -0.353 -0.358 -0.366 -0.383 -0.38 -0.376 -0.385 -0.397 -0.401 -0.405 -0.409 -0.405 -9999 -0.403 -0.39 -0.366 -0.37 -0.365 -0.38 -9999 -9999 -9999 -9999 -9999 -9999 -9999 -9999 -9999 -9999 -9999 -9999 -9999 -9999 -9999 -9999 -9999 -9999 -9999 -9999 -9999 -9999 -9999 -9999 -9999 -9999 -9999 -9999 -9999 -9999 -9999 -9999 -9999 -9999
-9999 -9999 -9999 -9999 -9999 -0.396 -0.389 -0.388 -0.392 -0.398 -0.397 -0.396 -0.394 -0.391 -0.388 -0.384 -0.376 -0.367 -0.352 -0.334 -0.331 -0.33 -0.334 -0.339 -0.354 -0.37 -0.368 -0.364 -0.375 -0.388 -0.393 -0.398 -0.396 -0.392 -0.396 -0.4 -0.383 -0.36 -0.357 -0.352 -0.365 -0.377 -9999 -9999 -9999 -9999 -9999 -9999 -9999 -9999 -9999 -9999 -9999 -9999 -9999 -9999 -9999 -9999 -9999 -9999 -9999 -9999 -9999 -9999 -9999 -9999 -9999 -9999 -9999 -9999 -9999 -9999 -9999 -9999 -9999
-9999 -9999 -9999 -9999 -0.382 -9999 -9999 -0.397 -0.403 -0.413 -0.41 -0.401 -9999 -9999 -0.386 -0.39 -0.381 -0.371 -0.364 -0.37 -0.366 -0.353 -0.356 -0.351 -0.365 -0.379 -0.383 -0.391 -0.398 -0.393 -0.395 -0.385 -0.388 -0.396 -0.397 -0.387 -0.376 -0.37 -0.369 -0.364 -0.374 -0.374 -0.381 -9999 -9999 -9999 -9999 -9999 -9999 -9999 -9999 -9999 -9999 -9999 -9999 -9999 -9999 -9999 -9999 -9999 -9999 -9999 -9999 -9999 -9999 -9999 -9999 -9999 -9999 -9999 -9999 -9999 -9999 -9999 -9999
-9999 -9999 -9999 -9999 -0.377 -9999 -0.393 -0.396 -0.404 -0.414 -0.406 -0.397 -0.389 -0.378 -0.381 -0.385 -0.375 -0.365 -0.369 -0.376 -0.367 -0.355 -0.353 -0.349 -0.362 -0.376 -0.385 -0.394 -0.392 -0.388 -0.382 -0.374 -0.382 -0.391 -0.385 -0.375 -0.372 -0.368 -0.366 -0.362 -0.365 -0.367 -9999 -9999 -9999 -9999 -9999 -9999 -9999 -9999 -9999 -9999 -9999 -9999 -9999 -9999 -9999 -9999 -9999 -9999 -9999 -9999 -9999 -9999 -9999 -9999 -9999 -9999 -9999 -9999 -9999 -9999 -9999 -9999 -9999
-9999 -9999 -9999 -9999 -0.372 -9999 -0.39 -0.399 -0.405 -0.409 -0.405 -9999 -0.399 -0.39 -9999 -0.375 -0.369 -0.365 -0.367 -0.367 -0.36 -0.357 -0.358 -0.362 -0.373 -0.379 -0.386 -0.388 -0.389 -0.39 -0.388 -0.388 -0.397 -0.402 -0.396 -0.382 -0.379 -0.371 -9999 -9999 -9999 -9999 -9999 -9999 -9999 -9999 -9999 -9999 -9999 -9999 -9999 -9999 -9999 -9999 -9999 -9999 -9999 -9999 -9999 -9999 -9999 -9999 -9999 -9999 -9999 -9999 -9999 -9999 -9999 -9999 -9999 -9999 -9999 -9999 -9999
-9999 -9999 -0.372 -0.365 -9999 -9999 -0.391 -0.395 -0.398 -0.402 -0.402 -0.402 -0.395 -0.387 -9999 -0.365 -0.361 -0.357 -0.355 -0.356 -0.353 -0.35 -0.355 -0.36 -0.366 -0.373 -0.376 -0.379 -0.382 -0.383 -0.386 -0.387 -0.393 -0.398 -0.39 -0.377 -0.375 -9999 -9999 -9999 -9999 -9999 -9999 -9999 -9999 -9999 -9999 -9999 -9999 -9999 -9999 -9999 -9999 -9999 -9999 -9999 -9999 -9999 -9999 -9999 -9999 -9999 -9999 -9999 -9999 -9999 -9999 -9999 -9999 -9999 -9999 -9999 -9999 -9999 -9999
-9999 -0.383 -0.373 -0.368 -9999 -0.376 -0.378 -0.394 -0.39 -9999 -0.382 -0.385 -0.378 -0.374 -9999 -0.373 -0.371 -0.368 -0.363 -0.35 -0.35 -0.354 -0.359 -0.362 -0.368 -0.37 -0.373 -0.371 -9999 -0.381 -0.385 -0.391 -0.393 -0.387 -0.381 -0.374 -9999 -9999 -9999 -9999 -9999 -9999 -9999 -9999 -9999 -9999 -9999 -9999 -9999 -9999 -9999 -9999 -9999 -9999 -9999 -9999 -9999 -9999 -9999 -9999 -9999 -9999 -9999 -9999 -9999 -9999 -9999 -9999 -9999 -9999 -9999 -9999 -9999 -9999 -9999
-9999 -0.384 -0.379 -9999 -9999 -0.367 -0.375 -0.381 -9999 -0.369 -0.37 -0.371 -0.366 -0.362 -9999 -0.369 -0.366 -0.365 -0.353 -0.341 -0.344 -0.348 -0.351 -0.356 -0.359 -0.361 -0.362 -0.361 -0.367 -0.372 -9999 -9999 -0.381 -0.374 -9999 -9999 -9999 -9999 -9999 -9999 -0.37 -0.377 -0.365 -9999 -9999 -9999 -9999 -9999 -9999 -9999 -9999 -9999 -9999 -9999 -9999 -9999 -9999 -9999 -9999 -9999 -9999 -9999 -9999 -9999 -9999 -9999 -9999 -9999 -9999 -9999 -9999 -9999 -9999 -9999 -9999
-0.391 -0.397 -9999 -9999 -0.37 -0.367 -0.369 -0.355 -9999 -0.362 -0.359 -0.351 -0.345 -0.338 -9999 -9999 -9999 -0.357 -0.352 -0.353 -0.352 -0.337 -0.345 -0.36 -0.364 -0.365 -0.369 -0.376 -0.379 -0.372 -0.38 -0.388 -0.383 -0.371 -9999 -9999 -9999 -9999 -9999 -0.368 -0.373 -0.365 -0.36 -0.357 -9999 -9999 -9999 -9999 -9999 -9999 -9999 -9999 -9999 -9999 -9999 -9999 -9999 -9999 -9999 -9999 -9999 -9999 -9999 -9999 -9999 -9999 -9999 -9999 -9999 -9999 -9999 -9999 -9999 -9999 -9999
-0.397 -0.397 -9999 -9999 -9999 -0.364 -0.353 -0.34 -9999 -0.354 -9999 -0.338 -0.33 -0.322 -9999 -0.331 -0.337 -0.347 -9999 -0.351 -0.34 -0.327 -0.339 -0.355 -0.357 -0.358 -0.366 -0.374 -0.371 -0.364 -0.372 -0.379 -0.37 -0.358 -0.358 -0.351 -0.366 -9999 -0.378 -0.371 -0.364 -0.347 -0.344 -0.339 -0.338 -0.339 -9999 -9999 -9999 -9999 -9999 -9999 -9999 -9999 -9999 -9999 -9999 -9999 -9999 -9999 -9999 -9999 -9999 -9999 -9999 -9999 -9999 -9999 -9999 -9999 -9999 -9999 -9999 -9999 -9999
-0.405 -9999 -9999 -9999 -9999 -0.353 -0.347 -0.349 -9999 -0.356 -9999 -0.351 -0.347 -9999 -0.34 -0.353 -0.354 -0.347 -0.355 -0.372 -0.369 -0.37 -0.375 -0.358 -0.358 -0.351 -0.361 -0.375 -0.377 -0.382 -0.385 -0.376 -0.37 -0.362 -0.364 -0.362 -0.378 -0.385 -0.386 -0.381 -0.371 -0.356 -0.355 -0.352 -0.354 -0.351 -0.314 -0.31 -0.3 -9999 -9999 -9999 -9999 -9999 -9999 -9999 -9999 -9999 -9999 -9999 -9999 -9999 -9999 -9999 -9999 -9999 -9999 -9999 -9999 -9999 -9999 -9999 -9999 -9999 -9999
-0.395 -9999 -9999 -9999 -9999 -0.345 -0.346 -0.349 -0.35 -9999 -9999 -0.35 -0.349 -9999 -0.347 -0.354 -0.347 -0.341 -0.356 -0.373 -0.376 -0.379 -0.368 -0.352 -0.347 -0.34 -0.353 -0.365 -0.371 -0.377 -0.371 -0.363 -0.358 -0.352 -0.354 -0.356 -0.365 -0.373 -0.373 -0.367 -0.357 -0.343 -0.343 -0.341 -0.341 -0.34 -0.323 -0.294 -0.294 -0.304 -9999 -9999 -9999 -9999 -9999 -9999 -9999 -9999 -9999 -9999 -9999 -9999 -9999 -9999 -9999 -9999 -9999 -9999 -9999 -9999 -9999 -9999 -9999 -9999 -9999
-9999 -9999 -9999 -9999 -9999 -0.363 -0.361 -0.341 -0.342 -9999 -9999 -0.34 -0.337 -9999 -9999 -0.342 -0.34 -0.344 -0.357 -0.369 -0.372 -0.377 -0.37 -0.367 -0.368 -0.375 -0.376 -0.351 -0.361 -0.378 -0.371 -0.353 -0.35 -0.345 -0.347 -0.348 -0.353 -0.35 -0.353 -0.368 -0.358 -0.339 -0.342 -0.347 -0.343 -0.322 -0.311 -0.304 -0.307 -0.302 -9999 -9999 -9999 -9999 -9999 -9999 -9999 -9999 -9999 -9999 -9999 -9999 -9999 -9999 -9999 -9999 -9999 -9999 -9999 -9999 -9999 -9999 -9999 -9999 -9999
-9999 -9999 -9999 -9999 -9999 -0.373 -0.355 -0.337 -9999 -9999 -9999 -9999 -0.329 -9999 -0.329 -0.332 -0.336 -0.339 -0.349 -0.361 -0.365 -0.368 -0.367 -0.363 -0.37 -0.377 -0.358 -0.334 -0.349 -0.366 -0.354 -0.337 -0.335 -0.33 -0.332 -0.333 -0.331 -0.324 -0.338 -0.353 -0.34 -0.322 -0.328 -0.333 -0.318 -0.299 -0.297 -0.293 -0.289 -0.284 -0.29 -9999 -9999 -9999 -9999 -9999 -9999 -9999 -9999 -9999 -9999 -9999 -9999 -9999 -9999 -9999 -9999 -9999 -9999 -9999 -9999 -9999 -9999 -9999 -9999
-9999 -9999 -9999 -0.38 -0.379 -0.377 -0.365 -9999 -9999 -0.335 -9999 -9999 -9999 -9999 -0.324 -0.337 -0.341 -0.342 -0.352 -0.362 -0.363 -0.358 -0.355 -0.347 -0.349 -0.346 -0.338 -0.35 -0.365 -0.376 -0.366 -0.35 -0.348 -0.342 -0.347 -0.347 -0.342 -0.328 -0.335 -0.329 -0.32 -0.315 -0.316 -0.305 -0.301 -0.311 -0.306 -0.289 -0.286 -0.279 -0.262 -9999 -9999 -9999 -9999 -9999 -9999 -9999 -9999 -9999 -9999 -9999 -9999 -9999 -9999 -9999 -9999 -9999 -9999 -9999 -9999 -9999 -9999 -9999 -9999
-9999 -9999 -9999 -9999 -0.375 -0.376 -0.367 -9999 -0.343 -0.327 -0.326 -9999 -9999 -9999 -9999 -0.334 -0.336 -0.337 -0.346 -0.356 -0.352 -0.346 -0.339 -0.332 -0.328 -0.324 -0.333 -0.344 -0.355 -0.366 -0.356 -0.341 -0.338 -0.334 -0.337 -0.337 -0.328 -0.315 -0.311 -0.305 -0.302 -0.298 -0.291 -0.281 -0.291 -0.301 -0.289 -0.272 -0.268 -0.262 -0.252 -0.234 -9999 -9999 -9999 -9999 -9999 -9999 -9999 -9999 -9999 -9999 -9999 -9999 -9999 -9999 -9999 -9999 -9999 -9999 -9999 -9999 -9999 -9999 -9999
-9999 -9999 -9999 -9999 -0.369 -0.37 -0.36 -9999 -0.339 -0.341 -0.337 -9999 -9999 -9999 -9999 -9999 -0.346 -0.36 -0.364 -0.357 -0.353 -0.348 -0.341 -0.327 -0.322 -0.313 -0.322 -0.335 -0.343 -0.346 -0.34 -0.339 -0.339 -0.334 -0.332 -0.322 -0.311 -0.292 -0.297 -0.314 -0.316 -0.319 -0.316 -0.309 -0.316 -0.31 -0.3 -0.286 -0.279 -0.26 -0.247 -0.217 -0.205 -9999 -9999 -9999 -9999 -9999 -9999 -9999 -9999 -9999 -9999 -9999 -9999 -9999 -9999 -9999 -9999 -9999 -9999 -9999 -9999 -9999 -9999
-9999 -9999 -9999 -9999 -0.363 -0.363 -9999 -9999 -0.336 -0.343 -0.328 -0.314 -9999 -9999 -9999 -9999 -9999 -0.362 -0.357 -0.347 -0.344 -0.34 -0.329 -0.316 -0.308 -0.298 -0.308 -0.32 -0.324 -0.326 -0.327 -0.328 -0.327 -0.32 -0.313 -0.304 -0.29 -0.272 -0.287 -0.305 -0.31 -0.314 -0.311 -0.307 -0.304 -0.299 -0.289 -0.276 -0.263 -0.245 -0.231 -0.213 -0.186 -0.175 -0.166 -9999 -9999 -9999 -9999 -9999 -9999 -9999 -9999 -9999 -9999 -9999 -9999 -9999 -9999 -9999 -9999 -9999 -9999 -9999 -9999
-9999 -9999 -9999 -9999 -0.357 -0.371 -9999 -9999 -0.333 -0.328 -0.318 -9999 -9999 -9999 -9999 -9999 -9999 -0.363 -0.357 -0.351 -0.347 -0.339 -0.329 -0.315 -0.31 -0.303 -0.307 -0.302 -0.302 -0.298 -0.308 -0.331 -0.325 -0.312 -0.307 -0.3 -0.292 -0.286 -0.296 -0.292 -0.295 -0.292 -0.294 -0.299 -0.293 -0.275 -0.269 -0.266 -0.257 -0.248 -0.238 -0.223 -0.194 -0.166 -0.154 -9999 -9999 -9999 -9999 -9999 -9999 -9999 -9999 -9999 -9999 -9999 -9999 -9999 -9999 -9999 -9999 -9999 -9999 -9999 -9999
-9999 -9999 -9999 -9999 -0.364 -0.365 -9999 -9999 -9999 -0.32 -0.317 -0.313 -9999 -9999 -9999 -9999 -9999 -0.354 -0.349 -0.343 -0.336 -0.328 -0.318 -0.305 -0.3 -0.294 -0.289 -0.283 -0.28 -0.277 -0.298 -0.319 -0.309 -0.296 -0.293 -0.287 -0.284 -0.279 -0.278 -0.274 -0.274 -0.271 -0.277 -0.283 -0.27 -0.253 -0.251 -0.248 -0.243 -0.235 -0.226 -0.213 -0.187 -0.152 -0.142 -9999 -9999 -9999 -9999 -9999 -9999 -9999 -9999 -9999 -9999 -9999 -9999 -9999 -9999 -9999 -9999 -9999 -9999 -9999 -9999
-9999 -9999 -9999 -0.344 -0.352 -0.342 -9999 -9999 -9999 -9999 -9999 -9999 -9999 -9999 -9999 -9999 -9999 -0.356 -0.348 -0.338 -0.331 -0.32 -0.313 -0.309 -0.3 -0.278 -0.272 -0.264 -0.269 -0.286 -0.301 -0.305 -0.301 -0.3 -0.294 -0.277 -0.273 -0.262 -0.266 -0.276 -0.279 -0.285 -0.282 -0.258 -0.25 -0.247 -0.241 -0.22 -0.216 -0.212 -0.2 -0.186 -0.175 -0.151 -0.127 -0.131 -9999 -9999 -9999 -9999 -9999 -9999 -9999 -9999 -9999 -9999 -9999 -9999 -9999 -9999 -9999 -9999 -9999 -9999 -9999
-9999 -9999 -0.338 -0.338 -0.331 -0.327 -9999 -9999 -9999 -9999 -9999 -9999 -9999 -9999 -9999 -0.318 -0.341 -0.348 -0.337 -0.326 -0.316 -0.306 -0.303 -0.3 -0.282 -0.261 -0.254 -0.248 -0.262 -0.279 -0.284 -0.288 -0.29 -0.29 -0.278 -0.262 -0.255 -0.244 -0.254 -0.264 -0.271 -0.277 -0.259 -0.235 -0.234 -0.232 -0.217 -0.198 -0.195 -0.191 -0.18 -0.165 -0.155 -0.141 -0.118 -0.115 -9999 -9999 -9999 -9999 -9999 -9999 -9999 -9999 -9999 -9999 -9999 -9999 -9999 -9999 -9999 -9999 -9999 -9999 -9999
-9999 -9999 -0.331 -0.319 -0.318 -9999 -9999 -9999 -9999 -9999 -9999 -9999 -9999 -9999 -9999 -0.315 -0.322 -0.331 -0.321 -0.315 -0.306 -0.3 -0.297 -0.292 -0.282 -0.278 -0.275 -0.27 -0.278 -0.272 -0.278 -0.285 -0.285 -0.28 -0.272 -0.264 -0.261 -0.258 -0.262 -0.249 -0.255 -0.261 -0.245 -0.228 -0.227 -0.224 -0.21 -0.192 -0.188 -0.178 -0.166 -0.148 -0.144 -0.134 -0.132 -0.092 -9999 -9999 -9999 -9999 -9999 -9999 -9999 -9999 -9999 -9999 -9999 -9999 -9999 -9999 -9999 -9999 -9999 -9999 -9999
-9999 -9999 -9999 -9999 -9999 -9999 -9999 -9999 -9999 -9999 -9999 -9999 -9999 -9999 -9999 -0.306 -0.306 -0.316 -0.309 -0.302 -0.294 -0.286 -0.282 -0.278 -0.277 -0.275 -0.272 -0.269 -0.265 -0.258 -0.265 -0.272 -0.269 -0.264 -0.26 -0.254 -0.254 -0.252 -0.243 -0.231 -0.237 -0.241 -0.229 -0.212 -0.211 -0.208 -0.196 -0.179 -0.172 -0.163 -0.15 -0.132 -0.129 -0.123 -0.12 -0.095 -9999 -9999 -9999 -9999 -9999 -9999 -9999 -9999 -9999 -9999 -9999 -9999 -9999 -9999 -9999 -9999 -9999 -9999 -9999
-9999 -9999 -9999 -9999 -9999 -9999 -9999 -9999 -9999 -9999 -9999 -9999 -9999 -9999 -0.308 -0.308 -0.308 -0.299 -0.295 -0.299 -0.29 -0.279 -0.274 -0.267 -0.264 -0.257 -0.26 -0.272 -0.264 -0.245 -0.248 -0.246 -0.247 -0.252 -0.251 -0.254 -0.253 -0.246 -0.241 -0.237 -0.238 -0.23 -0.219 -0.204 -0.198 -0.18 -0.17 -0.161 -0.158 -0.158 -0.149 -0.134 -0.131 -0.126 -0.11 -0.105 -9999 -9999 -9999 -9999 -9999 -9999 -9999 -9999 -9999 -9999 -9999 -9999 -9999 -9999 -9999 -9999 -9999 -9999 -9999
-9999 -9999 -9999 -9999 -9999 -9999 -9999 -9999 -9999 -9999 -9999 -9999 -9999 -9999 -0.316 -0.305 -0.295 -0.285 -0.286 -0.29 -0.281 -0.271 -0.263 -0.255 -0.248 -0.239 -0.249 -0.261 -0.246 -0.228 -0.227 -0.225 -0.23 -0.235 -0.238 -0.241 -0.237 -0.231 -0.229 -0.226 -0.221 -0.213 -0.202 -0.189 -0.176 -0.158 -0.152 -0.144 -0.146 -0.146 -0.137 -0.125 -0.123 -0.118 -0.104 -0.088 -9999 -9999 -9999 -9999 -9999 -9999 -9999 -9999 -9999 -9999 -9999 -9999 -9999 -9999 -9999 -9999 -9999 -9999 -9999
-9999 -9999 -9999 -9999 -9999 -9999 -9999 -9999 -9999 -9999 -9999 -9999 -9999 -0.318 -0.313 -0.301 -0.293 -0.289 -0.291 -0.292 -0.289 -0.295 -0.284 -0.26 -0.254 -0.25 -0.253 -0.247 -0.237 -0.233 -0.236 -0.242 -0.241 -0.225 -0.227 -0.221 -0.22 -0.22 -0.216 -0.205 -0.202 -0.202 -0.195 -0.192 -0.182 -0.17 -0.164 -0.15 -0.151 -0.146 -0.144 -0.136 -0.129 -0.122 -0.114 -0.093 -0.094 -9999 -9999 -9999 -9999 -9999 -9999 -9999 -9999 -9999 -9999 -9999 -9999 -9999 -9999 -9999 -9999 -9999 -9999
-9999 -9999 -9999 -9999 -9999 -9999 -9999 -9999 -9999 -9999 -9999 -9999 -0.325 -0.321 -0.307 -0.295 -0.29 -0.286 -0.286 -0.286 -0.291 -0.298 -0.278 -0.255 -0.251 -0.247 -0.24 -0.231 -0.225 -0.222 -0.229 -0.235 -0.224 -0.209 -0.206 -0.2 -0.202 -0.203 -0.195 -0.183 -0.184 -0.184 -0.182 -0.181 -0.174 -0.163 -0.155 -0.143 -0.141 -0.136 -0.134 -0.13 -0.126 -0.117 -0.111 -0.101 -0.093 -9999 -9999 -9999 -9999 -9999 -9999 -9999 -9999 -9999 -9999 -9999 -9999 -9999 -9999 -9999 -9999 -9999 -9999
-9999 -9999 -9999 -9999 -9999 -9999 -9999 -9999 -9999 -9999 -9999 -9999 -0.326 -0.342 -0.329 -0.309 -0.302 -0.29 -0.283 -0.267 -0.277 -0.303 -0.284 -0.259 -0.254 -0.245 -0.238 -0.23 -0.225 -0.222 -0.225 -0.221 -0.215 -0.213 -0.21 -0.201 -0.203 -0.199 -0.195 -0.196 -0.193 -0.177 -0.178 -0.179 -0.176 -0.173 -0.165 -0.151 -0.15 -0.143 -0.148 -0.15 -0.142 -0.134 -0.124 -0.112 -0.115 -9999 -9999 -9999 -9999 -9999 -9999 -9999 -9999 -9999 -9999 -9999 -9999 -9999 -9999 -9999 -9999 -9999 -9999
-9999 -9999 -9999 -9999 -9999 -9999 -9999 -9999 -9999 -9999 -9999 -0.33 -0.336 -0.347 -0.329 -0.309 -0.297 -0.285 -0.27 -0.254 -0.273 -0.297 -0.277 -0.253 -0.245 -0.236 -0.229 -0.221 -0.217 -0.214 -0.211 -0.207 -0.206 -0.204 -0.198 -0.189 -0.187 -0.183 -0.186 -0.187 -0.176 -0.162 -0.164 -0.165 -0.165 -0.165 -0.157 -0.146 -0.143 -0.139 -0.145 -0.149 -0.143 -0.132 -0.124 -0.11 -0.113 -0.096 -9999 -9999 -9999 -9999 -9999 -9999 -9999 -9999 -9999 -9999 -9999 -9999 -9999 -9999 -9999 -9999 -9999
-9999 -9999 -9999 -9999 -9999 -9999 -9999 -9999 -9999 -9999 -0.346 -9999 -0.361 -0.356 -0.332 -0.293 -0.282 -0.274 -0.265 -0.269 -0.278 -0.272 -0.254 -0.239 -0.236 -0.242 -0.232 -0.215 -0.211 -0.204 -0.197 -0.177 -0.175 -0.183 -0.179 -0.188 -0.183 -0.184 -0.183 -0.174 -0.164 -0.155 -0.155 -0.151 -0.156 -0.165 -0.166 -0.174 -0.17 -0.152 -0.15 -0.15 -0.148 -0.141 -0.123 -0.104 -0.108 -0.104 -9999 -9999 -9999 -9999 -9999 -9999 -9999 -9999 -9999 -9999 -9999 -9999 -9999 -9999 -9999 -9999 -9999
