Validation/Results/raw data/ReClimate_08_2024_2.asc
NCOLS 192
NROWS 249
XLLCENTER -225160.85627316462
YLLCENTER 29788.11610251502
CELLSIZE 5000.0
NODATA_VALUE -9999
[rows 68 to 101 of 249, columns 75 to 149 of 192]
-9999 -9999 -9999 -9999 -9999 -9999 -9999 -9999 -9999 -9999 -9999 100.104 100.239 100.34 100.101 99.681 99.664 99.624 99.602 99.644 99.541 99.579 99.523 99.437 99.384 99.335 99.3 99.266 99.237 -9999 -9999 -9999 -9999 -9999 -9999 -9999 -9999 -9999 -9999 -9999 -9999 -9999 -9999 -9999 -9999 -9999 -9999 -9999 -9999 -9999 -9999 -9999 -9999 -9999 -9999 -9999 -9999 -9999 -9999 -9999 -9999 -9999 -9999 -9999 -9999 -9999 -9999 -9999 -9999 -9999 -9999 -9999 -9999 -9999 -9999
-9999 -9999 -9999 -9999 -9999 -9999 -9999 -9999 -9999 -9999 -9999 -9999 -9999 100.177 99.874 99.703 99.641 99.578 99.501 99.278 99.436 99.83 99.65 99.312 99.283 99.291 99.239 -9999 -9999 -9999 -9999 -9999 -9999 -9999 -9999 -9999 -9999 -9999 -9999 -9999 -9999 -9999 -9999 -9999 -9999 -9999 -9999 -9999 -9999 -9999 -9999 -9999 -9999 -9999 -9999 -9999 -9999 -9999 -9999 -9999 -9999 -9999 -9999 -9999 -9999 -9999 -9999 -9999 -9999 -9999 -9999 -9999 -9999 -9999 -9999
-9999 -9999 -9999 -9999 -9999 -9999 -9999 100.173 -9999 -9999 99.8 99.859 99.896 99.897 99.803 99.846 99.762 99.672 99.55 99.565 99.697 99.54 99.316 99.201 99.213 99.252 99.165 -9999 -9999 -9999 -9999 -9999 -9999 -9999 -9999 -9999 -9999 -9999 -9999 -9999 -9999 -9999 -9999 -9999 -9999 -9999 -9999 -9999 -9999 -9999 -9999 -9999 -9999 -9999 -9999 -9999 -9999 -9999 -9999 -9999 -9999 -9999 -9999 -9999 -9999 -9999 -9999 -9999 -9999 -9999 -9999 -9999 -9999 -9999 -9999
-9999 -9999 -9999 -9999 -9999 100.167 100.143 100.073 99.856 99.625 99.46 98.83 98.968 99.403 99.427 99.488 99.33 99.075 99.119 99.248 98.932 98.332 98.493 99.097 99.166 99.313 99.159 -9999 -9999 -9999 -9999 -9999 -9999 -9999 -9999 -9999 -9999 -9999 -9999 -9999 -9999 -9999 -9999 -9999 -9999 -9999 -9999 -9999 -9999 -9999 -9999 -9999 -9999 -9999 -9999 -9999 -9999 -9999 -9999 -9999 -9999 -9999 -9999 -9999 -9999 -9999 -9999 -9999 -9999 -9999 -9999 -9999 -9999 -9999 -9999
-9999 -9999 -9999 -9999 -9999 100.126 100.135 -9999 100.145 100.11 99.635 99.183 99.447 99.628 99.607 99.522 99.363 99.331 99.329 99.181 98.882 98.931 99.168 98.995 99.097 99.185 -9999 98.747 -9999 -9999 -9999 -9999 -9999 -9999 -9999 -9999 -9999 -9999 -9999 -9999 -9999 -9999 -9999 -9999 -9999 -9999 -9999 -9999 -9999 -9999 -9999 -9999 -9999 -9999 -9999 -9999 -9999 -9999 -9999 -9999 -9999 -9999 -9999 -9999 -9999 -9999 -9999 -9999 -9999 -9999 -9999 -9999 -9999 -9999 -9999
-9999 -9999 -9999 -9999 -9999 -9999 100.316 100.044 99.999 99.857 99.43 98.998 99.182 99.497 99.444 99.47 99.519 99.737 99.51 99.142 99.152 99.136 99.0 98.892 98.92 98.888 98.759 98.728 -9999 -9999 -9999 -9999 -9999 -9999 -9999 -9999 -9999 -9999 -9999 -9999 -9999 -9999 -9999 -9999 -9999 -9999 -9999 -9999 -9999 -9999 -9999 -9999 -9999 -9999 -9999 -9999 -9999 -9999 -9999 -9999 -9999 -9999 -9999 -9999 -9999 -9999 -9999 -9999 -9999 -9999 -9999 -9999 -9999 -9999 -9999
-9999 -9999 -9999 -9999 -9999 -9999 -9999 100.132 99.994 99.673 99.486 99.652 99.717 99.54 99.571 99.662 99.589 99.142 98.939 98.936 98.929 98.966 98.873 98.789 98.757 98.726 98.7 98.674 -9999 -9999 -9999 -9999 -9999 -9999 -9999 -9999 -9999 -9999 -9999 -9999 -9999 -9999 -9999 -9999 -9999 -9999 -9999 -9999 -9999 -9999 -9999 -9999 -9999 -9999 -9999 -9999 -9999 -9999 -9999 -9999 -9999 -9999 -9999 -9999 -9999 -9999 -9999 -9999 -9999 -9999 -9999 -9999 -9999 -9999 -9999
-9999 -9999 -9999 -9999 -9999 100.207 100.073 99.938 99.567 99.516 99.634 99.784 99.592 99.402 99.493 99.65 99.3 99.017 98.991 98.959 98.916 98.783 98.716 98.683 98.653 -9999 98.604 -9999 -9999 -9999 -9999 -9999 -9999 98.427 98.358 98.321 -9999 -9999 -9999 -9999 -9999 -9999 -9999 -9999 -9999 -9999 -9999 -9999 -9999 -9999 -9999 -9999 -9999 -9999 -9999 -9999 -9999 -9999 -9999 -9999 -9999 -9999 -9999 -9999 -9999 -9999 -9999 -9999 -9999 -9999 -9999 -9999 -9999 -9999 -9999
100.074 -9999 -9999 -9999 -9999 -9999 100.007 99.888 99.789 99.69 99.705 99.347 99.186 99.089 99.138 99.112 98.86 98.611 98.655 98.841 98.735 98.661 98.617 98.577 98.544 98.52 -9999 -9999 -9999 -9999 98.408 98.38 98.342 98.294 98.245 98.208 98.18 98.152 98.127 98.107 98.091 98.08 98.074 98.072 98.076 98.085 98.085 98.108 98.14 98.185 98.207 98.109 -9999 -9999 -9999 -9999 -9999 -9999 -9999 -9999 -9999 -9999 -9999 -9999 -9999 -9999 -9999 -9999 -9999 -9999 -9999 -9999 -9999 -9999 -9999
99.995 -9999 -9999 -9999 100.098 -9999 100.032 99.934 99.763 99.606 99.39 99.369 99.231 99.06 99.037 99.084 98.822 98.496 98.717 99.076 98.903 98.568 98.52 98.477 98.44 -9999 -9999 -9999 -9999 98.286 98.284 98.228 98.172 98.122 98.077 98.037 98.002 97.972 97.944 97.916 97.891 97.858 97.833 97.787 97.795 97.825 97.832 97.844 97.877 97.941 97.963 97.975 -9999 -9999 -9999 -9999 -9999 -9999 -9999 -9999 -9999 -9999 -9999 -9999 -9999 -9999 -9999 -9999 -9999 -9999 -9999 -9999 -9999 -9999 -9999
99.97 -9999 -9999 -9999 100.053 100.044 100.015 99.882 99.69 99.518 99.444 99.4 99.348 99.06 99.043 99.002 98.802 98.75 98.949 99.012 98.733 98.472 98.423 98.378 -9999 -9999 98.25 98.222 98.19 98.162 98.104 98.043 97.986 97.934 97.888 97.846 97.808 97.775 97.743 97.716 97.675 97.633 97.601 97.597 97.6 97.587 97.586 97.593 97.62 97.644 97.652 97.67 97.688 -9999 -9999 -9999 -9999 -9999 -9999 -9999 -9999 -9999 -9999 -9999 -9999 -9999 -9999 -9999 -9999 -9999 -9999 -9999 -9999 -9999 -9999
99.999 -9999 100.021 -9999 100.033 100.025 99.932 99.772 99.61 99.466 99.357 99.352 99.113 98.935 98.805 98.575 98.616 98.863 98.804 98.588 98.425 98.372 98.333 98.312 -9999 98.127 98.093 98.052 98.005 97.948 97.862 97.721 97.684 97.68 97.66 97.689 97.641 97.581 97.535 97.47 97.447 97.462 97.446 97.428 97.33 97.101 97.17 97.372 97.374 97.375 97.345 97.291 97.305 -9999 -9999 -9999 -9999 -9999 -9999 -9999 -9999 -9999 -9999 -9999 -9999 -9999 -9999 -9999 -9999 -9999 -9999 -9999 -9999 -9999 -9999
-9999 99.996 -9999 -9999 -9999 99.976 99.835 99.681 99.535 99.396 99.292 99.187 99.018 98.877 98.737 98.71 98.836 98.904 98.671 98.381 98.324 98.268 98.318 98.484 98.177 97.97 97.92 97.866 97.808 97.757 97.659 97.593 97.574 97.547 97.472 97.253 97.261 97.387 97.325 97.265 97.268 97.272 97.248 97.225 96.876 96.265 96.57 97.136 97.121 97.103 97.057 96.974 96.931 -9999 -9999 -9999 -9999 -9999 -9999 -9999 -9999 -9999 -9999 -9999 -9999 -9999 -9999 -9999 -9999 -9999 -9999 -9999 -9999 -9999 -9999
99.903 -9999 -9999 -9999 -9999 99.92 99.811 99.792 -9999 99.336 99.224 99.112 98.985 98.905 98.888 98.948 98.845 98.542 98.343 98.278 98.158 97.926 98.009 98.078 97.843 97.681 97.6 97.483 97.478 97.565 97.498 97.45 97.478 97.608 97.212 96.467 96.419 96.133 96.314 96.903 96.942 97.059 97.035 97.017 96.688 96.659 96.93 96.897 96.863 96.818 96.758 96.688 96.661 -9999 -9999 -9999 -9999 -9999 -9999 -9999 -9999 -9999 -9999 -9999 -9999 -9999 -9999 -9999 -9999 -9999 -9999 -9999 -9999 -9999 -9999
99.968 -9999 -9999 -9999 99.9 -9999 -9999 99.653 99.439 99.282 99.21 99.211 99.122 99.042 98.991 98.84 98.58 98.349 98.261 98.175 98.027 97.983 97.958 97.878 97.765 97.715 97.449 96.92 97.071 97.377 97.304 97.225 97.246 97.139 96.74 96.713 96.479 96.261 96.643 96.875 96.909 96.854 96.832 96.811 96.778 96.743 96.705 96.662 96.592 96.483 96.45 96.4 -9999 -9999 -9999 -9999 -9999 -9999 -9999 -9999 -9999 -9999 -9999 -9999 -9999 -9999 -9999 -9999 -9999 -9999 -9999 -9999 -9999 -9999 -9999
99.885 99.928 99.748 -9999 -9999 -9999 99.667 99.513 -9999 99.234 99.177 99.062 98.958 98.827 98.68 98.557 98.38 98.283 98.181 98.057 97.947 97.817 97.729 97.657 97.626 97.643 97.306 97.154 97.334 97.415 97.272 97.049 96.94 96.844 96.781 96.665 96.366 95.875 96.115 96.453 96.488 96.671 96.643 96.607 96.569 96.528 96.481 96.429 96.342 96.27 96.179 -9999 -9999 -9999 -9999 -9999 -9999 -9999 -9999 -9999 -9999 -9999 -9999 -9999 -9999 -9999 -9999 -9999 -9999 -9999 -9999 -9999 -9999 -9999 -9999
99.866 99.928 99.605 -9999 99.695 99.741 99.593 99.454 99.32 99.191 99.073 98.956 98.827 98.699 98.568 98.437 98.32 98.212 98.079 97.912 97.761 97.647 97.551 97.469 97.434 97.347 97.239 97.183 97.154 96.985 96.86 96.874 96.721 96.51 96.261 95.765 95.747 96.39 96.6 96.71 96.713 96.479 96.443 96.404 96.361 96.313 96.259 96.197 96.124 96.038 95.938 -9999 -9999 -9999 -9999 -9999 -9999 -9999 -9999 -9999 -9999 -9999 -9999 -9999 -9999 -9999 -9999 -9999 -9999 -9999 -9999 -9999 -9999 -9999 -9999
99.946 99.912 99.817 99.821 99.845 99.693 -9999 99.413 99.267 99.102 98.963 98.79 98.692 98.644 98.516 98.392 98.271 98.141 97.96 97.784 97.658 97.544 97.439 97.342 97.244 97.165 97.001 96.662 96.498 96.312 96.411 96.686 96.53 96.475 95.862 94.92 95.658 96.769 96.825 96.835 96.713 96.714 96.587 96.305 96.231 96.106 96.042 95.964 95.879 95.778 -9999 -9999 -9999 -9999 -9999 -9999 -9999 -9999 -9999 -9999 -9999 -9999 -9999 -9999 -9999 -9999 -9999 -9999 -9999 -9999 -9999 -9999 -9999 -9999 -9999
-9999 -9999 -9999 99.894 99.803 -9999 99.514 99.377 99.243 99.155 99.033 98.982 98.865 98.656 98.519 98.357 98.212 98.012 97.836 97.705 97.583 97.467 97.355 97.246 97.143 97.046 96.906 97.057 96.768 96.276 96.439 96.526 96.444 96.37 95.803 95.648 96.191 96.126 96.043 95.812 96.02 96.587 96.32 95.996 95.914 95.876 95.804 95.728 95.631 95.544 -9999 -9999 -9999 -9999 -9999 -9999 -9999 -9999 -9999 -9999 -9999 -9999 -9999 -9999 -9999 -9999 -9999 -9999 -9999 -9999 -9999 -9999 -9999 -9999 -9999
-9999 -9999 99.885 99.867 -9999 99.623 99.482 -9999 99.237 99.109 99.022 98.898 98.733 98.611 98.471 98.331 98.13 97.944 97.792 97.663 97.541 97.424 97.31 97.197 97.086 96.977 97.046 97.087 96.068 94.082 93.973 93.595 94.105 95.633 95.633 95.936 95.831 95.642 95.505 95.459 95.911 96.353 95.989 95.461 95.497 95.659 95.589 95.522 95.448 95.401 -9999 -9999 -9999 -9999 -9999 -9999 -9999 -9999 -9999 -9999 -9999 -9999 -9999 -9999 -9999 -9999 -9999 -9999 -9999 -9999 -9999 -9999 -9999 -9999 -9999
-9999 -9999 99.869 -9999 -9999 99.591 99.455 99.331 99.199 99.067 98.946 98.828 98.71 98.59 98.462 98.289 98.101 97.925 97.769 97.636 97.514 97.396 97.281 97.167 97.053 96.939 96.861 96.639 95.58 95.541 95.395 95.699 96.515 95.947 96.021 95.912 95.664 95.259 95.176 95.014 95.315 95.522 95.244 95.219 95.36 95.502 95.45 95.393 95.33 95.257 -9999 -9999 -9999 -9999 -9999 -9999 -9999 -9999 -9999 -9999 -9999 -9999 -9999 -9999 -9999 -9999 -9999 -9999 -9999 -9999 -9999 -9999 -9999 -9999 -9999
-9999 -9999 -9999 -9999 -9999 -9999 99.429 99.286 99.168 99.074 98.963 98.863 98.737 98.595 98.458 98.27 98.089 97.915 97.755 97.615 97.493 97.374 97.257 97.142 97.027 96.911 96.741 96.622 96.538 96.413 96.476 96.559 96.226 96.264 96.283 96.136 95.538 94.52 94.487 94.621 94.812 95.042 95.124 95.382 95.439 95.391 95.339 95.28 95.122 -9999 -9999 -9999 -9999 -9999 -9999 -9999 -9999 -9999 -9999 -9999 -9999 -9999 -9999 -9999 -9999 -9999 -9999 -9999 -9999 -9999 -9999 -9999 -9999 -9999 -9999
-9999 -9999 -9999 -9999 99.693 99.549 -9999 99.321 99.264 99.278 99.119 98.866 98.741 98.613 98.442 98.259 98.082 97.911 97.746 97.6 97.477 97.357 97.24 97.123 97.007 96.89 96.772 96.651 96.528 96.401 96.258 95.986 95.918 95.935 95.783 95.574 94.755 94.97 95.146 95.437 95.534 95.48 95.547 95.377 95.332 95.283 95.229 95.168 94.881 -9999 -9999 -9999 -9999 -9999 -9999 -9999 -9999 -9999 -9999 -9999 -9999 -9999 -9999 -9999 -9999 -9999 -9999 -9999 -9999 -9999 -9999 -9999 -9999 -9999 -9999
-9999 -9999 -9999 99.789 99.681 99.539 99.5 99.581 99.528 99.402 99.154 98.868 98.758 98.618 98.432 98.253 98.08 97.91 97.744 97.595 97.46 97.325 97.212 97.11 96.992 96.874 96.731 96.546 96.419 96.285 96.071 95.9 95.832 95.81 95.54 94.838 94.975 94.995 94.75 95.118 95.127 95.23 95.176 95.272 95.227 95.176 95.12 95.057 -9999 -9999 -9999 -9999 -9999 -9999 -9999 -9999 -9999 -9999 -9999 -9999 -9999 -9999 -9999 -9999 -9999 -9999 -9999 -9999 -9999 -9999 -9999 -9999 -9999 -9999 -9999
-9999 -9999 -9999 99.777 -9999 99.541 99.482 99.262 99.263 99.47 99.196 98.892 98.779 98.61 98.428 98.252 98.081 97.914 97.749 97.595 97.462 97.367 97.245 97.101 96.983 96.864 96.715 96.605 96.462 96.294 96.152 96.035 95.966 95.856 95.541 95.478 95.472 95.026 95.111 94.901 95.0 95.132 95.176 95.169 95.122 95.07 95.012 94.946 -9999 -9999 -9999 -9999 -9999 -9999 -9999 -9999 -9999 -9999 -9999 -9999 -9999 -9999 -9999 -9999 -9999 -9999 -9999 -9999 -9999 -9999 -9999 -9999 -9999 -9999 -9999
-9999 -9999 -9999 -9999 -9999 99.552 99.381 99.272 99.328 99.227 99.022 98.924 98.792 98.607 98.428 98.255 98.086 97.919 97.755 97.598 97.471 97.35 97.216 97.097 96.978 96.859 96.751 96.646 96.447 96.177 96.043 95.873 95.818 95.864 95.761 95.612 95.448 95.366 95.21 95.103 95.065 95.132 95.11 95.066 95.017 94.963 94.903 94.834 -9999 -9999 -9999 -9999 -9999 -9999 -9999 -9999 -9999 -9999 -9999 -9999 -9999 -9999 -9999 -9999 -9999 -9999 -9999 -9999 -9999 -9999 -9999 -9999 -9999 -9999 -9999
-9999 -9999 -9999 99.7 99.692 99.568 99.456 99.351 99.249 99.15 99.054 98.949 -9999 98.608 98.432 98.262 98.098 97.945 97.778 97.605 97.461 97.338 97.217 97.097 96.977 96.858 96.67 96.345 96.11 95.885 95.783 95.778 95.809 95.869 95.715 95.54 95.434 95.366 95.278 95.141 95.119 95.05 95.008 94.962 94.911 94.855 94.729 94.581 -9999 -9999 -9999 -9999 -9999 -9999 -9999 -9999 -9999 -9999 -9999 -9999 -9999 -9999 -9999 -9999 -9999 -9999 -9999 -9999 -9999 -9999 -9999 -9999 -9999 -9999 -9999
99.812 99.804 99.708 -9999 99.712 99.591 99.481 99.377 99.278 99.181 99.086 -9999 98.794 98.614 98.444 98.283 98.12 97.948 97.779 97.618 97.471 97.343 97.227 97.122 96.996 96.86 96.635 96.513 96.338 96.215 96.153 96.029 95.999 95.873 95.721 95.589 95.474 95.349 95.249 95.161 95.067 94.982 94.905 94.857 94.805 94.747 94.466 -9999 -9999 -9999 -9999 -9999 -9999 -9999 -9999 -9999 -9999 -9999 -9999 -9999 -9999 -9999 -9999 -9999 -9999 -9999 -9999 -9999 -9999 -9999 -9999 -9999 -9999 -9999 -9999
99.804 99.783 99.802 99.795 -9999 99.616 99.507 99.405 99.308 99.213 99.119 98.985 98.801 98.624 98.464 98.314 98.137 97.956 97.794 97.632 97.482 97.351 97.23 97.091 96.969 96.866 96.745 96.623 96.501 96.378 96.254 96.129 96.002 95.875 95.744 95.608 95.466 95.331 95.219 95.129 95.032 94.927 94.833 94.751 94.592 -9999 -9999 -9999 -9999 -9999 -9999 -9999 -9999 -9999 -9999 -9999 -9999 -9999 -9999 -9999 -9999 -9999 -9999 -9999 -9999 -9999 -9999 -9999 -9999 -9999 -9999 -9999 -9999 -9999 -9999
-9999 -9999 99.801 -9999 99.747 99.644 99.535 99.435 99.34 -9999 -9999 98.995 98.814 98.64 98.487 98.341 98.158 97.972 97.81 97.648 97.496 97.362 97.212 97.041 96.947 96.874 96.753 96.63 96.507 96.383 96.273 96.185 96.043 95.874 95.74 95.602 95.456 95.31 95.189 95.097 94.997 94.89 94.775 94.672 -9999 -9999 -9999 -9999 -9999 -9999 -9999 -9999 -9999 -9999 -9999 -9999 -9999 -9999 -9999 -9999 -9999 -9999 -9999 -9999 -9999 -9999 -9999 -9999 -9999 -9999 -9999 -9999 -9999 -9999 -9999
99.721 -9999 99.801 99.8 99.762 99.676 99.568 99.467 -9999 -9999 99.165 99.008 98.831 98.662 98.507 98.349 98.167 97.99 97.828 97.665 97.512 97.376 97.245 97.172 97.056 96.885 96.762 96.639 96.515 96.39 96.273 96.116 95.976 95.872 95.735 95.593 95.443 95.287 95.157 95.062 94.961 94.852 94.732 94.606 94.507 -9999 -9999 -9999 -9999 -9999 -9999 -9999 -9999 -9999 -9999 -9999 -9999 -9999 -9999 -9999 -9999 -9999 -9999 -9999 -9999 -9999 -9999 -9999 -9999 -9999 -9999 -9999 -9999 -9999 -9999
99.755 99.802 99.801 99.8 99.777 99.711 99.605 -9999 -9999 99.319 99.202 99.026 98.85 98.676 98.545 98.468 98.262 98.007 97.845 97.685 97.519 97.355 97.264 97.161 97.015 96.898 96.774 96.651 96.531 96.413 96.277 96.153 96.153 96.327 96.078 95.629 95.477 95.315 95.178 95.071 94.96 94.839 94.703 94.555 -9999 -9999 -9999 -9999 -9999 -9999 -9999 -9999 -9999 -9999 -9999 -9999 -9999 -9999 -9999 -9999 -9999 -9999 -9999 -9999 -9999 -9999 -9999 -9999 -9999 -9999 -9999 -9999 -9999 -9999 -9999
99.793 99.794 -9999 -9999 99.791 99.742 -9999 -9999 -9999 99.356 99.227 99.047 98.868 98.694 98.591 98.476 98.246 98.034 97.871 97.705 97.537 97.405 97.311 97.243 97.101 96.923 96.808 96.694 96.58 96.463 96.344 96.222 96.215 95.98 95.723 95.682 95.528 95.365 95.222 95.109 94.995 94.871 94.731 94.58 -9999 -9999 -9999 -9999 -9999 -9999 -9999 -9999 -9999 -9999 -9999 -9999 -9999 -9999 -9999 -9999 -9999 -9999 -9999 -9999 -9999 -9999 -9999 -9999 -9999 -9999 -9999 -9999 -9999 -9999 -9999
-9999 99.741 99.722 99.668 -9999 -9999 -9999 -9999 99.492 99.399 99.258 99.07 98.916 98.808 98.639 98.402 98.213 98.053 97.841 97.548 97.448 97.454 97.36 97.247 97.099 96.975 96.864 96.751 96.637 96.52 96.411 96.316 96.106 95.897 95.829 95.732 95.577 95.412 95.267 95.152 95.041 94.92 94.785 -9999 -9999 -9999 -9999 -9999 -9999 -9999 -9999 -9999 -9999 -9999 -9999 -9999 -9999 -9999 -9999 -9999 -9999 -9999 -9999 -9999 -9999 -9999 -9999 -9999 -9999 -9999 -9999 -9999 -9999 -9999 -9999
