Validation/Results/raw data/ReClimate_10_2023_2_Temperature.asc
NCOLS 192
NROWS 249
XLLCENTER -225160.85627316462
YLLCENTER 29788.11610251502
CELLSIZE 5000.0
NODATA_VALUE -9999
[rows 204 to 237 of 249, columns 75 to 149 of 192]
-9999 -9999 -9999 -9999 -0.293 -9999 -0.304 -0.309 -0.298 -0.286 -0.277 -0.266 -0.26 -0.249 -0.24 -0.231 -0.228 -0.225 -0.226 -0.226 -0.216 -0.204 -0.194 -0.182 -0.18 -0.177 -0.164 -0.148 -0.152 -0.157 -0.148 -0.134 -0.124 -0.112 -0.097 -0.079 -0.081 -0.082 -0.066 -0.046 -0.043 -0.039 -0.04 -0.04 -0.034 -0.028 -0.02 -0.01 -0.003 0.007 0.019 0.037 0.045 0.057 0.073 0.095 0.106 0.123 0.134 0.15 0.158 0.169 0.186 0.208 0.212 0.217 0.214 0.214 0.23 0.251 0.251 0.254 0.258 0.264 0.258
-9999 -9999 -9999 -9999 -9999 -9999 -9999 -9999 -0.286 -0.295 -0.285 -0.267 -0.258 -0.236 -0.226 -0.212 -0.212 -0.217 -0.221 -0.227 -0.216 -0.196 -0.189 -0.182 -0.173 -0.147 -0.137 -0.131 -0.131 -0.123 -0.114 -0.103 -0.096 -0.094 -0.084 -0.079 -0.08 -0.078 -0.07 -0.07 -0.061 -0.032 -0.033 -0.03 -0.023 -0.012 -0.005 0.005 0.011 0.017 0.03 0.052 0.049 0.054 0.069 0.088 0.104 0.122 0.118 0.123 0.142 0.158 0.176 0.197 0.202 0.207 0.206 0.206 0.217 0.235 0.238 0.241 0.24 0.241 0.241
-9999 -9999 -9999 -9999 -9999 -9999 -9999 -9999 -0.277 -0.286 -0.273 -0.257 -0.242 -0.221 -0.208 -0.195 -0.199 -0.204 -0.21 -0.217 -0.201 -0.183 -0.178 -0.172 -0.151 -0.126 -0.121 -0.115 -0.109 -0.101 -0.093 -0.082 -0.081 -0.079 -0.075 -0.071 -0.07 -0.068 -0.07 -0.071 -0.05 -0.023 -0.022 -0.019 -0.009 0.001 0.009 0.018 0.022 0.029 0.044 0.064 0.062 0.06 0.073 0.092 0.106 0.127 0.123 0.119 0.136 0.159 0.175 0.195 0.199 0.206 0.205 0.206 0.216 0.231 0.233 0.238 0.236 0.234 0.232
-9999 -9999 -9999 -9999 -9999 -9999 -0.269 -0.263 -0.268 -0.285 -9999 -0.247 -0.232 -0.205 -0.185 -0.165 -0.166 -9999 -0.175 -0.18 -0.169 -0.167 -0.16 -0.148 -0.135 -0.132 -0.131 -0.131 -0.124 -0.109 -0.103 -0.091 -0.09 -0.087 -0.081 -0.065 -0.064 -0.062 -0.065 -0.067 -0.052 -0.042 -0.04 -0.027 -0.019 -0.009 0.002 0.027 0.031 0.04 0.053 0.073 0.073 0.071 0.071 0.081 0.093 0.112 0.112 0.11 0.108 0.116 0.145 0.171 0.174 0.179 0.183 0.186 0.197 0.211 0.216 0.223 0.227 0.228 0.219
-9999 -9999 -9999 -9999 -9999 -9999 -0.267 -9999 -9999 -9999 -0.255 -0.233 -0.215 -9999 -9999 -9999 -9999 -9999 -0.153 -0.155 -0.153 -0.15 -0.141 -0.13 -0.128 -0.126 -0.127 -0.128 -0.118 -0.104 -0.097 -0.087 -0.085 -0.082 -0.07 -0.054 -0.054 -0.052 -0.055 -0.057 -0.051 -0.043 -0.035 -0.022 -0.015 -0.006 0.013 0.037 0.043 0.051 0.064 0.082 0.081 0.081 0.081 0.082 0.094 0.111 0.111 0.112 0.108 0.104 0.13 0.166 0.168 0.172 0.176 0.182 0.192 0.206 0.21 0.219 0.222 0.228 0.219
-9999 -9999 -9999 -9999 -9999 -9999 -9999 -9999 -0.228 -0.234 -0.218 -0.218 -0.194 -9999 -9999 -9999 -9999 -9999 -9999 -9999 -9999 -0.149 -0.137 -0.112 -0.112 -0.116 -0.115 -0.107 -0.105 -0.12 -0.109 -0.079 -0.076 -0.07 -0.061 -0.057 -0.053 -0.04 -0.046 -0.059 -0.054 -0.046 -0.04 -0.03 -0.02 -0.0 0.012 0.019 0.028 0.051 0.054 0.065 0.066 0.066 0.073 0.079 0.087 0.1 0.11 0.116 0.118 0.117 0.124 0.148 0.156 0.162 0.173 0.183 0.187 0.198 0.201 0.207 0.203 0.202 0.198
-9999 -9999 -9999 -9999 -9999 -9999 -9999 -9999 -9999 -0.213 -9999 -9999 -9999 -9999 -9999 -9999 -9999 -9999 -9999 -0.132 -0.133 -0.14 -0.12 -0.096 -0.1 -0.104 -0.098 -0.09 -0.103 -0.118 -0.096 -0.067 -0.063 -0.057 -0.054 -0.05 -0.041 -0.028 -0.039 -0.052 -0.047 -0.04 -9999 -0.025 -0.01 0.009 0.013 0.019 0.036 0.058 0.061 0.064 0.064 0.066 0.072 0.083 0.09 0.101 0.109 0.121 0.122 0.125 0.133 0.144 0.152 0.162 0.172 0.186 0.19 0.198 0.2 0.206 0.201 0.195 0.19
-9999 -9999 -9999 -9999 -9999 -9999 -9999 -9999 -9999 -9999 -9999 -9999 -9999 -9999 -9999 -9999 -9999 -9999 -9999 -0.126 -0.125 -0.125 -0.106 -9999 -9999 -9999 -0.094 -0.107 -0.115 -0.11 -0.095 -0.082 -0.075 -0.059 -0.06 -0.065 -0.059 -0.05 -0.058 -0.054 -0.043 -9999 -0.026 -0.009 -0.001 -0.003 -0.0 0.007 0.02 0.032 0.036 0.048 0.052 0.056 0.062 0.071 0.091 0.108 0.101 0.103 0.104 0.106 0.116 0.128 0.145 0.161 0.16 0.167 0.173 0.18 0.181 0.184 0.195 0.199 0.196
-9999 -9999 -9999 -9999 -9999 -9999 -9999 -9999 -9999 -9999 -9999 -9999 -9999 -9999 -9999 -9999 -9999 -9999 -9999 -9999 -9999 -9999 -9999 -9999 -9999 -9999 -0.095 -0.105 -0.102 -0.098 -0.091 -0.08 -0.067 -0.052 -0.057 -0.063 -0.058 -0.051 -0.051 -9999 -9999 -0.024 -0.012 0.004 0.001 -0.001 0.003 0.009 0.017 0.028 0.036 0.047 0.051 0.057 0.061 0.07 0.088 0.113 0.107 0.099 0.1 0.103 0.112 0.126 0.142 0.163 0.163 0.163 0.168 0.177 0.177 0.179 0.188 0.202 0.2
-9999 -9999 -9999 -9999 -9999 -9999 -9999 -9999 -9999 -9999 -9999 -9999 -9999 -9999 -9999 -9999 -9999 -9999 -9999 -9999 -9999 -9999 -9999 -9999 -9999 -9999 -0.092 -0.097 -0.09 -0.089 -0.082 -0.07 -0.065 -0.067 -0.065 -0.046 -9999 -9999 -9999 -9999 -9999 -0.026 -0.02 -0.018 -0.018 -0.007 0.001 0.019 0.025 0.026 0.032 0.042 0.037 0.037 0.048 0.059 0.07 0.09 0.095 0.095 0.094 0.095 0.107 0.122 0.13 0.145 0.132 0.124 0.147 0.164 0.162 0.161 0.172 0.186 0.182
-9999 -9999 -9999 -9999 -9999 -9999 -9999 -9999 -9999 -9999 -9999 -9999 -9999 -9999 -9999 -9999 -9999 -9999 -9999 -9999 -9999 -9999 -9999 -9999 -9999 -9999 -9999 -9999 -0.079 -0.077 -0.069 -0.059 -0.062 -0.065 -0.047 -9999 -9999 -9999 -9999 -0.034 -0.025 -0.02 -0.021 -0.021 -0.013 -0.002 0.012 0.03 0.03 0.029 0.035 0.044 0.039 0.035 0.043 0.058 0.068 0.084 0.089 0.096 0.095 0.095 0.106 0.123 0.13 0.141 0.128 0.113 0.133 0.162 0.159 0.156 0.166 0.182 0.178
-9999 -9999 -9999 -9999 -9999 -9999 -9999 -9999 -9999 -9999 -9999 -9999 -9999 -9999 -9999 -9999 -9999 -9999 -9999 -9999 -9999 -9999 -9999 -9999 -9999 -9999 -9999 -9999 -9999 -0.064 -0.057 -0.062 -0.058 -0.05 -9999 -9999 -9999 -9999 -0.038 -0.037 -0.037 -0.041 -0.04 -0.025 -0.018 -0.005 0.004 0.011 0.013 0.03 0.035 0.041 0.039 0.036 0.035 0.041 0.05 0.063 0.069 0.077 0.086 0.092 0.097 0.11 0.121 0.133 0.134 0.127 0.13 0.147 0.155 0.158 0.153 0.159 0.154
-9999 -9999 -9999 -9999 -9999 -9999 -9999 -9999 -9999 -9999 -9999 -9999 -9999 -9999 -9999 -9999 -9999 -9999 -9999 -9999 -9999 -9999 -9999 -9999 -9999 -9999 -9999 -9999 -9999 -9999 -9999 -9999 -9999 -9999 -9999 -9999 -9999 -0.044 -0.038 -0.032 -0.038 -0.043 -0.034 -0.021 -0.012 0.0 0.004 0.007 0.019 0.034 0.038 0.045 0.042 0.042 0.04 0.04 0.047 0.059 0.064 0.073 0.081 0.093 0.098 0.108 0.118 0.133 0.133 0.134 0.137 0.144 0.15 0.16 0.156 0.153 0.148
-9999 -9999 -9999 -9999 -9999 -9999 -9999 -9999 -9999 -9999 -9999 -9999 -9999 -9999 -9999 -9999 -9999 -9999 -9999 -9999 -9999 -9999 -9999 -9999 -9999 -9999 -9999 -9999 -9999 -9999 -9999 -9999 -9999 -9999 -9999 -9999 -0.049 -0.052 -0.045 -0.027 -0.034 -0.045 -0.036 -0.019 -0.015 -0.016 -0.015 -0.01 0.0 0.018 0.022 0.034 0.031 0.029 0.033 0.037 0.041 0.051 0.056 0.064 0.071 0.081 0.092 0.103 0.099 0.103 0.111 0.115 0.109 0.108 0.118 0.128 0.135 0.139 0.138
-9999 -9999 -9999 -9999 -9999 -9999 -9999 -9999 -9999 -9999 -9999 -9999 -9999 -9999 -9999 -9999 -9999 -9999 -9999 -9999 -9999 -9999 -9999 -9999 -9999 -9999 -9999 -9999 -9999 -9999 -9999 -9999 -9999 -9999 -9999 -9999 -0.048 -0.048 -0.034 -0.018 -0.028 -0.038 -0.028 -0.012 -0.015 -0.018 -0.016 -0.012 -0.0 0.016 0.024 0.034 0.031 0.03 0.033 0.04 0.044 0.052 0.056 0.064 0.07 0.079 0.089 0.103 0.099 0.095 0.101 0.111 0.104 0.098 0.106 0.12 0.125 0.136 0.135
-9999 -9999 -9999 -9999 -9999 -9999 -9999 -9999 -9999 -9999 -9999 -9999 -9999 -9999 -9999 -9999 -9999 -9999 -9999 -9999 -9999 -9999 -9999 -0.073 -0.074 -0.058 -0.057 -9999 -0.046 -9999 -9999 -9999 -9999 -9999 -9999 -9999 -9999 -0.044 -0.033 -0.019 -0.023 -0.017 -0.014 -0.024 -0.024 -0.01 -0.012 -0.019 -0.01 0.003 0.01 0.02 0.02 0.02 0.024 0.03 0.029 0.033 0.043 0.053 0.054 0.061 0.066 0.076 0.064 0.054 0.081 0.102 0.094 0.086 0.089 0.099 0.106 0.116 0.112
-9999 -9999 -9999 -9999 -9999 -9999 -9999 -9999 -9999 -9999 -9999 -9999 -9999 -9999 -9999 -9999 -9999 -9999 -9999 -9999 -0.117 -0.116 -0.095 -0.07 -0.064 -0.053 -0.049 -0.042 -0.043 -0.044 -0.04 -9999 -9999 -0.049 -0.049 -0.044 -0.041 -0.035 -0.025 -0.012 -0.008 -0.003 -0.014 -0.025 -0.015 -0.002 -0.01 -0.017 -0.009 0.002 0.009 0.019 0.019 0.021 0.024 0.031 0.03 0.031 0.039 0.053 0.053 0.057 0.061 0.069 0.056 0.042 0.067 0.101 0.093 0.084 0.087 0.094 0.1 0.112 0.107
-9999 -9999 -9999 -9999 -9999 -9999 -9999 -9999 -9999 -9999 -9999 -9999 -9999 -9999 -9999 -9999 -9999 -9999 -9999 -0.122 -0.118 -0.117 -0.101 -0.075 -0.073 -0.067 -0.063 -0.047 -0.05 -0.045 -0.049 -0.053 -0.064 -0.059 -0.065 -0.061 -0.057 -0.046 -0.038 -0.025 -0.023 -0.018 -0.03 -0.04 -0.033 -0.023 -0.026 -0.017 -0.014 -0.014 -0.008 0.001 0.008 0.014 0.02 0.029 0.013 0.005 0.016 0.03 0.042 0.051 0.051 0.055 0.066 0.066 0.068 0.087 0.081 0.074 0.078 0.085 0.09 0.099 0.11
-9999 -9999 -9999 -9999 -9999 -9999 -9999 -9999 -9999 -9999 -9999 -9999 -9999 -9999 -9999 -9999 -9999 -9999 -9999 -0.124 -0.11 -0.111 -0.093 -0.071 -0.069 -0.066 -0.054 -0.04 -0.039 -0.037 -0.045 -0.053 -0.054 -0.055 -0.058 -0.06 -0.054 -0.044 -0.037 -0.026 -0.024 -0.019 -0.03 -0.04 -0.035 -0.026 -0.021 -0.012 -0.014 -0.015 -0.01 -0.0 0.005 0.016 0.022 0.032 0.016 -0.0 0.009 0.025 0.036 0.053 0.052 0.053 0.062 0.077 0.079 0.084 0.078 0.073 0.076 0.084 0.088 0.097 0.107
-9999 -9999 -9999 -9999 -9999 -9999 -9999 -9999 -9999 -9999 -9999 -9999 -9999 -9999 -9999 -9999 -9999 -9999 -9999 -0.11 -0.101 -0.099 -0.085 -0.076 -0.075 -0.076 -0.066 -0.055 -0.051 -0.04 -0.048 -0.051 -0.053 -0.052 -0.058 -0.063 -0.059 -0.054 -0.047 -0.033 -0.03 -0.022 -0.031 -0.034 -0.03 -0.023 -0.017 -0.006 -0.009 -0.015 -0.01 -0.004 0.002 0.012 0.013 0.02 0.02 0.013 0.006 0.012 0.019 0.032 0.047 0.057 0.064 0.076 0.077 0.081 0.072 0.065 0.083 0.099 0.09 0.09 0.083
-9999 -9999 -9999 -9999 -9999 -9999 -9999 -9999 -9999 -9999 -9999 -9999 -9999 -9999 -9999 -0.144 -0.14 -9999 -0.125 -0.099 -0.094 -0.09 -0.082 -0.072 -0.072 -0.073 -0.064 -0.054 -0.044 -0.034 -0.039 -0.044 -0.045 -0.046 -0.053 -0.058 -0.057 -0.053 -0.044 -0.031 -0.026 -0.018 -0.023 -0.026 -0.024 -0.017 -0.009 0.001 -0.005 -0.01 -0.007 -0.0 0.004 0.014 0.015 0.02 0.019 0.021 0.015 0.011 0.017 0.029 0.042 0.061 0.068 0.079 0.08 0.083 0.074 0.065 0.082 0.106 0.098 0.09 0.083
-9999 -9999 -9999 -9999 -9999 -9999 -9999 -9999 -9999 -9999 -9999 -9999 -9999 -9999 -9999 -0.149 -0.148 -0.142 -0.133 -0.121 -0.116 -0.098 -0.093 -0.089 -0.086 -0.075 -0.07 -0.072 -0.062 -0.049 -0.055 -0.054 -0.054 -0.047 -0.055 -0.059 -0.06 -0.056 -0.052 -0.052 -0.049 -0.044 -0.047 -0.042 -0.037 -0.02 -0.016 -0.016 -0.02 -0.015 -0.012 -0.008 0.002 0.014 0.007 0.006 0.004 0.004 0.018 0.025 0.022 0.027 0.032 0.045 0.066 0.085 0.082 0.082 0.087 0.086 0.08 0.091 0.099 0.102 0.103
-9999 -9999 -9999 -9999 -9999 -9999 -9999 -9999 -9999 -9999 -9999 -9999 -9999 -9999 -0.156 -0.148 -0.145 -0.141 -0.134 -0.126 -0.113 -0.097 -0.095 -0.091 -0.081 -0.07 -0.071 -0.074 -0.063 -0.052 -0.052 -0.052 -0.048 -0.042 -0.048 -0.053 -0.054 -0.053 -0.055 -0.055 -0.053 -0.049 -0.047 -0.043 -0.033 -0.017 -0.019 -0.019 -0.017 -0.012 -0.01 -0.007 0.002 0.018 0.011 0.006 0.003 0.002 0.014 0.034 0.031 0.031 0.035 0.042 0.062 0.09 0.087 0.086 0.09 0.097 0.093 0.089 0.096 0.108 0.109
-9999 -9999 -9999 -9999 -9999 -9999 -9999 -9999 -9999 -9999 -9999 -9999 -9999 -9999 -9999 -0.166 -0.159 -0.144 -0.139 -0.138 -0.127 -0.117 -0.111 -0.094 -0.084 -0.072 -0.07 -0.06 -0.051 -0.047 -0.044 -0.037 -0.038 -0.045 -0.053 -0.063 -0.067 -0.07 -0.068 -0.048 -0.047 -0.046 -0.048 -0.056 -0.051 -0.044 -0.042 -0.025 -0.025 -0.026 -0.022 -0.017 -0.013 -0.001 0.006 0.009 0.006 0.006 0.021 -9999 0.033 0.029 0.035 0.043 0.045 0.061 0.072 0.078 0.079 0.084 0.086 0.086 0.095 0.112 0.114
-9999 -9999 -9999 -9999 -9999 -9999 -9999 -9999 -9999 -9999 -9999 -9999 -9999 -9999 -0.172 -0.17 -0.156 -0.141 -0.139 -0.138 -0.13 -0.121 -0.108 -0.091 -0.082 -0.071 -0.061 -0.051 -0.046 -0.041 -0.034 -0.025 -0.033 -0.041 -0.051 -0.061 -0.066 -0.071 -0.058 -0.04 -0.041 -0.04 -0.048 -0.057 -0.055 -0.051 -0.04 -0.023 -0.026 -0.028 -0.024 -0.017 -0.013 -0.004 0.003 0.014 0.012 0.013 0.027 0.049 -9999 0.032 -9999 0.047 -9999 0.054 -9999 0.078 0.079 0.083 0.084 0.088 0.096 0.119 -9999
-9999 -9999 -9999 -9999 -9999 -9999 -9999 -9999 -9999 -9999 -9999 -9999 -9999 -9999 -0.17 -0.177 -0.163 -0.146 -0.144 -0.142 -0.135 -0.127 -0.111 -0.083 -0.077 -0.076 -0.071 -0.068 -0.062 -0.054 -0.047 -0.04 -0.045 -0.04 -0.046 -0.042 -0.044 -0.037 -0.032 -0.036 -0.041 -0.048 -0.055 -0.055 -0.056 -0.057 -0.046 -0.023 -0.02 -0.006 -0.005 -0.012 -0.011 -0.004 0.004 0.016 0.014 0.02 0.018 0.029 -9999 -9999 0.031 0.036 -9999 -9999 0.068 0.085 0.092 -9999 -9999 -9999 -9999 -9999 -9999
-9999 -9999 -9999 -9999 -9999 -9999 -9999 -9999 -9999 -9999 -9999 -9999 -9999 -0.181 -0.177 -0.181 -0.165 -0.148 -0.144 -0.142 -0.135 -0.128 -0.105 -0.077 -0.076 -0.075 -0.073 -0.071 -0.064 -0.055 -0.048 -0.041 -0.038 -0.034 -0.033 -0.029 -0.025 -0.018 -0.024 -0.03 -0.039 -0.048 -0.049 -0.05 -0.053 -0.055 -0.041 -0.02 -0.009 0.005 -0.001 -0.007 -0.006 -0.0 0.008 0.02 0.019 -9999 -9999 -9999 0.03 -9999 -9999 -9999 -9999 -9999 -9999 0.09 -9999 -9999 -9999 -9999 -9999 -9999 -9999
-9999 -9999 -9999 -9999 -9999 -9999 -9999 -9999 -9999 -9999 -9999 -9999 -0.201 -0.184 -0.183 -0.186 -0.175 -0.174 -0.165 -0.142 -0.132 -0.114 -0.101 -0.103 -0.096 -0.076 -0.071 -0.059 -0.051 -0.042 -0.035 -0.032 -0.029 -0.025 -0.019 -9999 -9999 -9999 -9999 -9999 -0.011 -0.024 -0.031 -0.063 -0.065 -0.061 -0.048 -0.028 -0.02 -0.008 -9999 -0.002 -9999 -9999 -9999 -9999 -9999 0.021 0.018 0.002 0.015 0.032 0.036 -9999 -9999 -9999 -9999 -9999 -9999 -9999 -9999 -9999 -9999 -9999 -9999
-9999 -9999 -9999 -9999 -9999 -9999 -9999 -9999 -9999 -9999 -9999 -0.225 -0.208 -0.191 -0.189 -0.19 -0.186 -0.184 -0.164 -0.142 -0.126 -0.108 -0.109 -0.111 -0.094 -0.073 -0.063 -0.05 -0.042 -0.032 -0.027 -0.023 -9999 -9999 -9999 -9999 -9999 -9999 -9999 -9999 -9999 -9999 -0.038 -0.063 -0.063 -0.06 -0.046 -0.029 -0.022 -0.012 -0.006 -9999 -9999 -9999 -9999 -9999 -9999 -9999 0.012 -0.002 0.009 0.027 -9999 -9999 -9999 -9999 -9999 -9999 -9999 -9999 -9999 -9999 -9999 -9999 -9999
-9999 -9999 -9999 -9999 -9999 -9999 -9999 -9999 -9999 -0.261 -0.248 -0.248 -0.238 -0.222 -0.215 -0.203 -0.192 -0.172 -0.157 -0.152 -0.138 -0.122 -0.116 -0.093 -0.08 -0.075 -0.065 -0.056 -0.048 -0.038 -9999 -9999 -9999 -9999 -9999 -9999 -9999 -9999 -9999 -9999 -9999 -9999 -9999 -0.028 -9999 -9999 -9999 -9999 -9999 -0.007 0.002 -9999 -9999 -9999 -9999 -9999 -9999 -9999 -9999 -9999 0.01 0.023 -9999 -9999 -9999 -9999 -9999 -9999 -9999 -9999 -9999 -9999 -9999 -9999 -9999
-9999 -9999 -9999 -9999 -9999 -9999 -9999 -9999 -0.281 -9999 -0.266 -0.258 -0.253 -0.239 -0.225 -0.212 -0.191 -0.17 -0.163 -0.158 -0.144 -0.128 -0.109 -0.085 -0.079 -0.073 -0.065 -0.056 -0.048 -0.036 -9999 -9999 -9999 -9999 -9999 -9999 -9999 -9999 -9999 -9999 -9999 -9999 -9999 -9999 -0.023 -9999 -9999 -9999 -9999 -9999 -9999 -9999 -9999 -9999 -9999 -9999 -9999 -9999 -9999 -9999 -9999 -9999 -9999 -9999 -9999 -9999 -9999 -9999 -9999 -9999 -9999 -9999 -9999 -9999 -9999
-9999 -9999 -9999 -9999 -9999 -9999 -9999 -0.3 -0.287 -0.299 -0.294 -0.284 -0.279 -0.259 -0.245 -0.22 -0.197 -0.172 -0.17 -9999 -0.166 -0.147 -0.129 -0.108 -0.1 -0.085 -0.074 -0.058 -0.048 -9999 -9999 -9999 -9999 -9999 -9999 -9999 -9999 -9999 -9999 -9999 -9999 -9999 -9999 -9999 -9999 -9999 -9999 -9999 -9999 -9999 -9999 -9999 -9999 -9999 -9999 -9999 -9999 -9999 -9999 -9999 -9999 -9999 -9999 -9999 -9999 -9999 -9999 -9999 -9999 -9999 -9999 -9999 -9999 -9999 -9999
-9999 -9999 -9999 -9999 -9999 -9999 -9999 -0.305 -0.309 -0.309 -0.301 -0.292 -0.282 -0.267 -0.253 -0.23 -0.204 -0.178 -0.183 -0.192 -0.175 -0.156 -0.138 -0.118 -0.104 -0.089 -0.073 -0.056 -0.045 -9999 -9999 -9999 -9999 -9999 -9999 -9999 -9999 -9999 -9999 -9999 -9999 -9999 -9999 -9999 -9999 -9999 -9999 -9999 -9999 -9999 -9999 -9999 -9999 -9999 -9999 -9999 -9999 -9999 -9999 -9999 -9999 -9999 -9999 -9999 -9999 -9999 -9999 -9999 -9999 -9999 -9999 -9999 -9999 -9999 -9999
-9999 -9999 -9999 -9999 -9999 -9999 -0.319 -0.33 -0.323 -0.298 -0.289 -0.278 -0.271 -0.272 -0.26 -0.24 -0.22 -0.198 -0.195 -0.186 -0.172 -0.168 -0.151 -0.133 -0.117 -0.091 -0.078 -0.07 -9999 -9999 -9999 -9999 -9999 -9999 -9999 -9999 -9999 -9999 -9999 -9999 -9999 -9999 -9999 -9999 -9999 -9999 -9999 -9999 -9999 -9999 -9999 -9999 -9999 -9999 -9999 -9999 -9999 -9999 -9999 -9999 -9999 -9999 -9999 -9999 -9999 -9999 -9999 -9999 -9999 -9999 -9999 -9999 -9999 -9999 -9999
