Validation/Results/raw data/ReClimate_01_2024_1_Precipitation-Actuals.asc
NCOLS 192
NROWS 249
XLLCENTER -225160.85627316462
YLLCENTER 29788.11610251502
CELLSIZE 5000.0
NODATA_VALUE -9999
[rows 165 to 197 of 249, columns 74 to 147 of 192]
-9999 -9999 -9999 -9999 -9999 -9999 -9999 -9999 -9999 -9999 -9999 -9999 -9999 -9999 -9999 -9999 -9999 -9999 -9999 -9999 -9999 -9999 -9999 -9999 -9999 -9999 -9999 -9999 -9999 -9999 -9999 -9999 -9999 -9999 -9999 -9999 -9999 -9999 65.712 67.318 71.347 70.192 75.731 89.309 106.476 116.706 131.741 132.605 127.672 126.485 123.218 125.933 120.734 99.59 78.79 69.611 61.305 55.548 50.186 49.031 46.591 44.756 44.067 43.049 42.196 41.206 43.097 43.107 45.506 44.206 46.957 50.428 49.546 46.848
-9999 -9999 -9999 -9999 -9999 -9999 -9999 -9999 -9999 -9999 -9999 -9999 -9999 -9999 -9999 -9999 -9999 -9999 -9999 -9999 -9999 -9999 -9999 -9999 -9999 -9999 -9999 -9999 -9999 -9999 -9999 -9999 -9999 -9999 -9999 -9999 -9999 -9999 66.218 71.276 70.938 72.652 81.409 90.272 99.184 107.877 110.204 112.062 110.63 106.989 114.248 121.832 115.966 104.703 89.949 73.789 65.05 61.534 54.325 50.029 49.888 46.237 44.512 42.909 42.466 41.747 40.432 41.579 41.354 43.268 44.952 41.776 45.607 48.252
-9999 -9999 -9999 -9999 -9999 -9999 -9999 -9999 -9999 -9999 -9999 -9999 -9999 -9999 -9999 -9999 -9999 -9999 -9999 -9999 -9999 -9999 -9999 -9999 -9999 -9999 -9999 -9999 -9999 -9999 -9999 -9999 -9999 -9999 -9999 -9999 -9999 63.351 64.983 67.784 71.088 74.413 77.056 87.18 96.229 94.132 95.854 93.419 94.412 95.267 105.261 122.275 139.638 124.81 108.185 95.386 74.244 61.069 55.651 49.195 48.877 47.764 46.111 43.669 39.7 39.98 41.496 43.821 44.384 42.881 44.719 48.336 45.061 46.817
-9999 -9999 -9999 -9999 -9999 -9999 -9999 -9999 -9999 -9999 -9999 -9999 -9999 -9999 -9999 -9999 -9999 -9999 -9999 -9999 -9999 -9999 -9999 -9999 -9999 -9999 -9999 -9999 -9999 -9999 -9999 -9999 -9999 -9999 -9999 -9999 -9999 62.626 62.658 67.255 69.622 71.628 78.627 80.734 82.518 78.679 78.331 80.002 78.249 85.275 95.883 110.397 132.805 150.78 128.93 112.139 93.01 71.42 61.018 51.365 44.8 47.079 46.272 44.01 41.803 39.439 40.673 42.25 47.563 48.219 46.164 47.163 49.129 46.481
-9999 -9999 -9999 -9999 -9999 -9999 -9999 -9999 -9999 -9999 -9999 -9999 -9999 -9999 -9999 -9999 -9999 -9999 -9999 -9999 -9999 -9999 -9999 -9999 -9999 -9999 -9999 -9999 -9999 -9999 -9999 -9999 -9999 -9999 -9999 -9999 -9999 -9999 63.053 65.953 67.59 73.258 77.789 72.917 69.221 69.057 71.121 70.16 72.955 74.576 83.742 96.193 113.028 139.969 146.992 128.967 105.34 83.74 65.729 56.811 48.531 47.92 48.041 45.87 41.656 42.405 41.407 41.646 43.732 47.926 46.861 45.68 47.473 48.213
-9999 -9999 -9999 -9999 -9999 -9999 -9999 -9999 -9999 -9999 -9999 -9999 -9999 -9999 -9999 -9999 -9999 -9999 68.54 76.692 -9999 -9999 -9999 -9999 -9999 -9999 -9999 -9999 -9999 -9999 -9999 -9999 -9999 -9999 -9999 -9999 -9999 59.103 58.027 65.314 67.94 71.558 67.945 63.636 60.645 63.47 65.488 67.317 66.916 69.549 75.301 96.901 113.493 128.228 132.469 130.584 116.895 85.254 70.304 57.688 54.007 53.112 50.415 49.493 45.808 40.313 41.339 40.074 42.919 45.773 46.012 44.548 46.274 46.19
-9999 -9999 -9999 -9999 -9999 -9999 -9999 -9999 -9999 -9999 -9999 -9999 -9999 -9999 -9999 -9999 -9999 -9999 80.205 85.508 85.4 -9999 -9999 -9999 -9999 -9999 -9999 -9999 -9999 -9999 -9999 -9999 -9999 -9999 -9999 -9999 55.049 53.448 57.67 64.409 67.062 63.208 61.682 58.403 59.021 61.199 64.768 64.46 64.588 65.366 73.897 87.175 110.02 133.825 131.462 116.656 108.404 91.33 70.72 60.213 51.593 53.942 51.206 46.392 44.262 40.591 41.563 43.185 42.699 44.157 45.115 45.077 47.235 48.306
-9999 -9999 -9999 -9999 -9999 -9999 -9999 -9999 -9999 -9999 -9999 -9999 -9999 -9999 -9999 -9999 -9999 75.731 81.521 87.082 84.237 84.601 -9999 -9999 -9999 -9999 -9999 -9999 -9999 -9999 -9999 -9999 -9999 60.292 -9999 -9999 53.315 56.774 58.136 60.481 59.599 -9999 59.457 60.482 62.894 64.624 62.764 61.835 63.63 65.046 72.229 87.894 91.963 117.311 117.127 103.533 97.818 84.649 77.973 65.889 54.663 52.285 50.285 44.996 43.118 41.053 41.548 42.546 40.021 40.741 43.853 45.298 45.275 47.144
-9999 -9999 -9999 -9999 -9999 -9999 -9999 -9999 -9999 -9999 -9999 -9999 -9999 -9999 -9999 -9999 -9999 71.807 77.877 83.375 84.318 83.469 83.592 87.365 -9999 -9999 -9999 85.296 71.266 -9999 64.772 60.753 56.722 64.398 59.935 -9999 -9999 54.825 55.765 -9999 -9999 54.289 55.183 57.347 60.064 60.72 60.237 63.261 64.917 68.989 76.523 100.58 100.625 111.513 104.702 99.087 98.091 83.958 70.318 65.232 58.605 55.659 49.595 46.481 44.477 45.123 44.657 43.761 43.222 41.035 43.889 44.822 44.467 45.394
-9999 -9999 -9999 -9999 -9999 -9999 -9999 -9999 -9999 -9999 -9999 -9999 -9999 -9999 -9999 -9999 -9999 -9999 74.881 81.029 83.179 84.884 88.674 -9999 -9999 133.029 130.719 96.737 91.972 84.001 78.677 63.556 61.782 55.908 59.554 64.204 -9999 55.152 52.602 53.398 52.688 53.744 55.911 59.831 59.673 58.722 58.493 60.172 66.891 67.962 76.216 104.647 118.237 110.646 103.412 87.831 90.527 82.493 71.612 63.86 58.063 55.567 51.125 47.681 46.776 47.054 46.394 44.398 42.572 43.817 44.049 45.189 44.256 45.0
-9999 -9999 -9999 -9999 -9999 -9999 -9999 -9999 -9999 -9999 -9999 -9999 -9999 -9999 -9999 -9999 -9999 -9999 72.747 77.266 77.311 81.935 86.5 106.653 128.007 161.235 141.515 121.029 107.045 90.44 84.527 72.248 59.896 63.801 72.198 66.386 65.463 57.783 53.236 52.301 51.632 52.988 59.03 60.291 59.146 59.139 55.426 58.686 63.803 66.184 84.924 101.603 113.052 113.73 105.028 89.025 81.857 83.89 75.372 67.051 61.985 57.51 54.052 51.476 48.788 46.588 46.183 43.453 42.557 43.388 45.546 45.832 45.43 44.264
-9999 -9999 -9999 -9999 -9999 -9999 -9999 -9999 -9999 -9999 -9999 -9999 -9999 -9999 -9999 -9999 -9999 -9999 -9999 80.896 85.62 95.638 129.286 161.891 204.727 216.411 186.354 155.964 136.24 119.125 105.408 89.321 78.396 75.054 68.03 75.663 65.336 60.492 58.221 53.208 52.692 53.225 55.516 55.895 55.285 52.219 54.029 56.578 59.64 69.75 84.646 98.428 98.448 99.11 100.671 94.207 79.295 82.36 78.932 68.08 66.868 61.528 56.928 53.653 49.406 47.337 46.108 43.315 40.136 41.819 44.82 45.253 43.184 43.029
-9999 -9999 -9999 -9999 -9999 -9999 -9999 -9999 -9999 -9999 -9999 -9999 -9999 -9999 -9999 -9999 -9999 -9999 -9999 -9999 -9999 118.466 163.75 206.966 259.411 255.3 221.27 156.968 137.002 136.917 122.036 110.026 86.291 71.497 69.566 69.376 74.268 71.066 66.125 52.909 50.45 51.133 53.908 53.744 52.012 51.586 52.82 54.305 58.605 71.118 86.673 90.838 100.611 102.065 100.971 100.533 87.559 79.151 78.903 66.835 64.55 60.495 55.761 54.761 51.269 47.522 46.589 43.445 42.149 39.958 39.597 43.582 43.401 42.034
-9999 -9999 -9999 -9999 -9999 -9999 -9999 -9999 -9999 -9999 -9999 -9999 -9999 -9999 -9999 -9999 -9999 -9999 -9999 -9999 109.851 147.054 182.988 251.202 298.952 263.025 197.129 173.85 146.687 136.792 124.42 109.139 99.308 81.359 74.641 86.263 84.213 78.724 60.262 55.685 55.087 57.623 54.529 53.66 53.154 52.547 52.189 53.759 62.499 72.514 76.214 81.661 91.946 94.996 96.783 90.911 86.366 83.383 73.731 65.207 61.632 60.171 57.392 54.253 53.606 48.9 46.558 44.044 42.558 41.584 44.822 43.133 45.031 42.216
-9999 -9999 -9999 -9999 -9999 -9999 -9999 -9999 -9999 -9999 -9999 -9999 -9999 -9999 -9999 -9999 -9999 -9999 -9999 104.833 149.753 160.041 205.553 252.253 243.058 234.664 209.023 189.356 169.73 151.032 123.528 106.525 91.893 79.658 85.165 92.638 90.352 77.646 64.051 55.713 54.962 56.354 53.333 52.968 53.134 51.895 52.847 59.549 64.658 66.065 73.114 76.962 86.151 94.785 84.247 83.16 75.501 74.889 74.213 62.183 59.539 60.395 58.268 55.064 48.081 46.019 43.865 43.789 42.773 41.72 43.262 45.21 41.382 43.115
-9999 -9999 -9999 -9999 -9999 -9999 -9999 -9999 -9999 -9999 -9999 -9999 -9999 -9999 -9999 -9999 -9999 -9999 94.487 125.775 124.185 146.905 168.509 173.724 174.081 188.618 201.255 194.725 187.597 165.13 131.858 119.833 94.029 95.304 94.851 89.055 85.015 73.239 64.358 54.184 51.395 54.04 51.908 54.594 53.642 54.807 60.286 62.217 64.347 69.314 71.184 74.569 71.442 77.062 78.288 72.27 69.286 67.117 66.045 61.239 56.187 56.998 55.577 51.536 48.964 44.916 41.637 40.08 41.776 42.303 42.689 45.999 42.884 42.612
-9999 -9999 -9999 -9999 -9999 -9999 -9999 -9999 -9999 -9999 -9999 -9999 -9999 -9999 -9999 -9999 91.108 89.537 96.428 100.05 113.491 118.414 127.026 117.023 140.602 171.991 186.843 197.78 205.514 157.559 138.291 117.014 103.445 113.618 109.746 102.372 89.478 79.702 66.872 54.619 53.944 55.726 57.668 55.556 55.96 59.795 61.272 64.824 63.371 66.634 71.993 70.582 69.131 68.275 65.541 64.424 63.304 62.877 60.425 57.398 55.593 53.175 51.206 47.1 46.353 44.679 42.195 41.129 41.665 44.14 45.858 46.485 44.407 41.721
-9999 -9999 -9999 -9999 -9999 -9999 -9999 -9999 -9999 -9999 -9999 -9999 -9999 -9999 -9999 94.673 93.663 92.247 89.271 -9999 -9999 -9999 -9999 117.125 148.857 184.147 195.975 206.96 184.957 168.962 168.385 150.062 151.898 158.49 136.546 112.926 93.555 80.319 64.059 57.612 56.392 56.129 55.518 55.197 55.67 58.519 59.128 61.144 60.837 63.27 64.964 63.253 62.304 63.213 61.304 60.456 56.696 55.438 54.11 51.971 52.633 50.795 47.534 45.867 46.0 45.165 43.43 44.333 45.953 47.116 49.417 49.119 46.317 42.753
-9999 -9999 -9999 -9999 -9999 -9999 -9999 -9999 -9999 -9999 -9999 -9999 -9999 -9999 -9999 94.329 95.647 87.958 -9999 -9999 -9999 -9999 -9999 117.676 150.426 197.805 208.056 210.14 226.682 215.614 204.821 187.48 165.187 155.283 117.142 96.951 87.715 71.152 61.455 57.758 56.468 55.821 57.103 56.149 55.294 54.367 58.248 59.831 58.866 57.244 58.384 59.043 59.982 60.726 61.143 58.188 54.364 51.001 52.043 51.92 49.454 48.422 44.243 42.981 47.22 48.48 49.208 49.375 51.364 51.455 51.268 50.523 46.876 43.697
-9999 -9999 -9999 -9999 -9999 -9999 -9999 -9999 -9999 -9999 -9999 -9999 -9999 -9999 -9999 -9999 -9999 85.639 -9999 -9999 -9999 -9999 -9999 119.769 145.601 164.3 170.576 198.127 201.264 227.072 223.586 179.541 170.487 140.467 111.462 94.804 78.639 67.073 57.97 57.546 55.836 55.915 53.612 51.228 52.329 51.306 54.241 55.824 55.249 55.541 56.917 57.648 56.146 56.222 57.803 56.332 53.984 54.538 53.821 52.982 50.756 48.288 49.042 44.327 47.087 51.414 50.675 51.348 51.606 52.291 51.513 50.075 47.659 44.399
-9999 -9999 -9999 -9999 -9999 -9999 -9999 -9999 -9999 -9999 -9999 -9999 -9999 -9999 -9999 -9999 -9999 -9999 -9999 -9999 -9999 -9999 -9999 113.976 127.518 135.26 173.294 187.854 217.245 226.652 218.798 188.142 156.432 125.284 104.56 81.472 69.488 59.345 57.563 56.849 57.803 52.782 50.641 49.876 45.834 49.561 51.72 53.178 54.671 56.144 57.406 60.692 57.314 53.553 53.877 54.316 52.035 53.229 54.802 53.704 54.676 56.435 53.26 49.215 44.453 47.236 49.521 49.296 50.474 50.519 48.954 48.747 47.001 44.623
-9999 -9999 -9999 -9999 -9999 -9999 -9999 -9999 -9999 -9999 -9999 -9999 -9999 -9999 -9999 -9999 -9999 -9999 -9999 -9999 -9999 -9999 -9999 -9999 121.074 180.752 227.792 229.709 216.455 205.486 187.666 160.884 137.284 111.064 88.18 81.432 67.596 59.215 58.312 59.377 55.962 49.625 49.356 48.875 49.613 53.656 57.009 55.829 55.233 54.593 54.872 59.131 58.539 54.748 53.127 51.681 50.823 51.731 53.096 53.644 59.685 62.519 57.842 51.641 48.287 48.204 50.91 52.745 51.201 51.399 48.98 48.197 46.574 44.25
-9999 -9999 -9999 -9999 -9999 -9999 -9999 -9999 -9999 -9999 -9999 -9999 -9999 -9999 -9999 -9999 -9999 -9999 -9999 -9999 -9999 -9999 -9999 128.891 147.343 194.381 224.013 211.3 191.208 180.903 164.625 156.85 138.061 105.935 90.837 82.288 70.386 76.412 63.172 57.578 52.981 54.61 54.005 53.335 60.965 61.466 61.74 54.527 54.845 53.744 55.692 58.35 57.755 54.584 52.911 50.846 49.655 49.055 50.494 52.408 55.391 59.822 56.073 51.952 50.989 51.134 54.443 56.192 53.721 51.824 49.865 47.083 45.286 43.928
-9999 -9999 -9999 -9999 -9999 -9999 -9999 -9999 -9999 -9999 -9999 -9999 -9999 -9999 -9999 -9999 -9999 -9999 -9999 -9999 -9999 -9999 -9999 118.483 145.092 189.078 174.802 163.53 152.757 152.362 159.299 151.657 122.809 99.663 90.599 80.168 84.98 72.849 69.321 68.523 64.703 58.107 49.26 55.385 58.006 60.895 55.358 53.969 55.888 56.436 57.864 57.243 57.921 57.883 55.189 52.516 49.933 49.346 48.318 51.208 55.347 58.341 54.73 50.057 51.379 56.651 55.475 58.012 57.711 53.043 51.383 47.125 43.54 44.359
-9999 -9999 -9999 -9999 -9999 -9999 -9999 -9999 -9999 -9999 -9999 -9999 -9999 -9999 -9999 -9999 -9999 -9999 -9999 -9999 -9999 -9999 -9999 101.749 130.032 135.823 152.823 148.706 149.928 155.857 160.703 136.786 120.74 97.047 85.878 79.767 73.628 71.365 74.772 77.458 78.995 63.83 62.674 58.4 59.127 58.787 54.051 54.026 54.132 55.752 58.735 58.678 59.383 59.124 57.129 53.482 53.955 52.471 52.506 52.883 52.785 52.708 52.671 52.346 52.364 55.067 57.896 55.274 54.502 52.197 51.208 51.337 45.34 41.613
-9999 -9999 -9999 -9999 -9999 -9999 -9999 -9999 -9999 -9999 -9999 -9999 -9999 -9999 -9999 -9999 -9999 -9999 -9999 -9999 -9999 -9999 -9999 -9999 107.24 142.594 162.454 185.128 192.649 176.492 153.613 121.864 92.911 84.267 69.741 74.467 77.161 70.995 75.023 79.883 80.364 71.133 58.969 56.115 63.474 60.596 56.106 55.122 53.319 56.252 57.915 56.854 57.011 58.097 55.902 53.841 54.662 56.94 54.913 54.179 53.654 50.396 50.916 52.683 52.958 53.222 52.969 53.614 51.899 50.677 51.125 49.794 47.748 44.13
-9999 -9999 -9999 -9999 -9999 -9999 -9999 -9999 -9999 -9999 -9999 -9999 -9999 -9999 -9999 -9999 -9999 -9999 -9999 -9999 -9999 -9999 -9999 -9999 111.232 134.81 167.644 217.017 240.306 196.075 155.494 109.61 92.714 87.25 90.69 95.526 89.362 80.715 71.391 78.336 77.453 67.921 64.242 70.032 69.662 67.396 61.617 58.41 56.549 56.528 57.496 59.178 58.505 57.592 56.531 54.328 55.088 57.341 56.311 55.939 56.092 55.316 54.284 55.494 54.102 52.744 53.68 52.969 53.157 51.289 53.04 51.368 48.01 47.282
-9999 -9999 -9999 -9999 -9999 -9999 -9999 -9999 -9999 -9999 -9999 -9999 -9999 -9999 -9999 -9999 -9999 -9999 -9999 -9999 -9999 -9999 -9999 97.796 96.665 130.957 174.971 220.277 208.069 196.674 144.527 127.891 128.98 115.368 111.037 102.947 87.907 81.06 81.1 80.635 70.483 70.417 73.742 73.157 75.139 67.298 61.471 59.971 55.89 58.447 63.807 63.807 63.595 60.873 59.692 56.842 56.663 60.002 61.483 58.873 57.694 55.658 56.681 57.778 58.734 56.56 57.013 53.448 52.373 52.829 53.695 51.444 49.517 48.982
-9999 -9999 -9999 -9999 -9999 -9999 -9999 -9999 -9999 -9999 -9999 -9999 -9999 -9999 -9999 -9999 -9999 -9999 -9999 -9999 -9999 -9999 -9999 93.242 107.435 131.599 158.48 195.481 223.119 185.819 154.775 135.222 126.103 126.536 117.996 107.027 99.097 97.631 87.386 75.338 76.765 71.081 71.474 72.332 77.454 63.81 62.168 57.547 52.795 58.12 62.434 68.7 65.604 65.509 61.478 59.592 58.217 54.029 54.978 57.645 59.352 57.171 54.034 57.254 59.356 60.691 60.108 57.938 51.441 50.989 51.658 51.25 50.454 50.901
-9999 -9999 -9999 -9999 -9999 -9999 -9999 -9999 -9999 -9999 -9999 -9999 -9999 -9999 -9999 -9999 -9999 -9999 -9999 -9999 -9999 -9999 -9999 100.888 108.817 117.308 142.932 189.943 206.658 189.908 154.916 132.093 133.157 124.046 110.304 106.968 113.399 99.957 82.557 80.168 73.685 77.687 66.459 71.726 65.187 60.768 59.392 53.937 53.789 54.741 61.927 62.801 63.753 64.383 63.369 61.809 59.421 57.604 52.342 54.316 54.829 55.936 52.498 52.38 56.293 58.436 57.284 58.014 54.031 51.127 51.185 51.297 51.166 49.489
-9999 -9999 -9999 -9999 -9999 -9999 -9999 -9999 -9999 -9999 -9999 -9999 -9999 -9999 -9999 -9999 -9999 -9999 -9999 -9999 -9999 -9999 104.825 104.87 121.378 122.229 137.846 164.655 185.254 181.882 145.787 128.226 121.758 109.164 105.974 113.8 102.457 90.947 88.985 77.392 72.653 65.317 62.716 61.046 59.642 60.729 54.871 54.341 55.232 53.462 55.999 59.585 59.294 60.916 60.826 60.244 59.035 56.189 52.858 50.759 50.905 51.94 53.45 55.472 55.692 56.295 55.478 55.239 56.185 51.667 52.546 52.245 51.943 51.386
-9999 -9999 -9999 -9999 -9999 -9999 -9999 -9999 -9999 -9999 -9999 -9999 -9999 -9999 -9999 -9999 -9999 -9999 -9999 -9999 -9999 108.833 106.936 114.091 116.75 119.588 148.143 176.967 196.448 192.326 159.743 135.493 122.387 107.796 107.434 113.495 96.795 94.018 78.879 73.17 68.493 65.004 64.304 64.623 64.876 62.918 59.629 59.209 53.457 52.79 55.544 55.969 56.458 57.262 58.329 56.745 56.026 54.618 52.29 50.936 51.417 51.272 48.8 52.458 56.793 55.378 53.732 55.547 53.463 53.343 56.353 56.004 52.649 52.726
-9999 -9999 -9999 -9999 -9999 -9999 -9999 -9999 -9999 -9999 -9999 -9999 -9999 -9999 -9999 -9999 -9999 -9999 -9999 119.774 115.826 118.283 113.102 110.372 115.129 129.741 162.689 189.21 208.707 192.429 162.527 133.476 104.495 108.014 112.133 111.726 98.185 86.329 80.469 70.956 66.318 63.269 64.897 64.943 62.497 63.878 61.743 56.597 54.861 54.261 54.984 54.7 53.409 53.704 54.215 51.429 50.391 49.698 51.979 53.06 55.268 58.203 58.816 54.463 54.483 53.587 54.121 57.186 55.498 53.42 52.568 55.651 53.048 51.117
