Validation/Results/raw data/ReClimate_08_2024_2weatherlogisticsltd.asc
NCOLS 192
NROWS 249
XLLCENTER -225160.85627316462
YLLCENTER 29788.11610251502
CELLSIZE 5000.0
NODATA_VALUE -9999
[rows 165 to 197 of 249, columns 74 to 147 of 192]
-9999 -9999 -9999 -9999 -9999 -9999 -9999 -9999 -9999 -9999 -9999 -9999 -9999 -9999 -9999 -9999 -9999 -9999 -9999 -9999 -9999 -9999 -9999 -9999 -9999 -9999 -9999 -9999 -9999 -9999 -9999 -9999 -9999 -9999 -9999 -9999 -9999 -9999 144.291 144.662 144.951 145.432 145.887 146.337 146.803 147.392 148.05 148.793 149.47 150.109 150.716 151.296 151.854 152.387 152.898 153.392 153.873 154.346 154.817 155.289 155.769 156.216 156.648 157.063 157.487 157.886 158.116 158.292 158.467 158.641 158.818 158.998 159.185 159.395
-9999 -9999 -9999 -9999 -9999 -9999 -9999 -9999 -9999 -9999 -9999 -9999 -9999 -9999 -9999 -9999 -9999 -9999 -9999 -9999 -9999 -9999 -9999 -9999 -9999 -9999 -9999 -9999 -9999 -9999 -9999 -9999 -9999 -9999 -9999 -9999 -9999 -9999 144.063 144.373 144.719 145.068 145.472 145.929 146.383 146.855 147.415 148.061 148.751 149.403 150.023 150.618 151.184 151.726 152.247 152.747 153.232 153.704 154.169 154.626 155.046 155.45 155.833 156.22 156.618 157.03 157.382 157.579 157.734 157.888 158.041 158.196 158.398 158.647
-9999 -9999 -9999 -9999 -9999 -9999 -9999 -9999 -9999 -9999 -9999 -9999 -9999 -9999 -9999 -9999 -9999 -9999 -9999 -9999 -9999 -9999 -9999 -9999 -9999 -9999 -9999 -9999 -9999 -9999 -9999 -9999 -9999 -9999 -9999 -9999 -9999 143.392 143.795 144.154 144.505 144.858 145.186 145.552 145.975 146.405 146.873 147.401 148.02 148.686 149.322 149.933 150.513 151.068 151.599 152.109 152.6 153.074 153.519 153.926 154.314 154.676 155.037 155.402 155.774 156.159 156.561 156.846 157.002 157.134 157.292 157.488 157.651 157.816
-9999 -9999 -9999 -9999 -9999 -9999 -9999 -9999 -9999 -9999 -9999 -9999 -9999 -9999 -9999 -9999 -9999 -9999 -9999 -9999 -9999 -9999 -9999 -9999 -9999 -9999 -9999 -9999 -9999 -9999 -9999 -9999 -9999 -9999 -9999 -9999 -9999 143.122 143.52 143.9 144.271 144.61 144.961 145.34 145.679 146.024 146.407 146.853 147.349 147.956 148.61 149.236 149.838 150.409 150.955 151.477 151.976 152.426 152.838 153.219 153.573 153.919 154.26 154.603 154.951 155.308 155.679 156.061 156.297 156.406 156.475 156.561 156.668 156.759
-9999 -9999 -9999 -9999 -9999 -9999 -9999 -9999 -9999 -9999 -9999 -9999 -9999 -9999 -9999 -9999 -9999 -9999 -9999 -9999 -9999 -9999 -9999 -9999 -9999 -9999 -9999 -9999 -9999 -9999 -9999 -9999 -9999 -9999 -9999 -9999 -9999 -9999 143.254 143.628 143.994 144.355 144.735 145.113 145.472 145.798 146.123 146.445 146.824 147.297 147.887 148.534 149.157 149.745 150.307 150.827 151.306 151.752 152.147 152.508 152.847 153.174 153.495 153.816 154.14 154.492 154.868 155.192 155.434 155.522 155.54 155.558 155.584 155.62
-9999 -9999 -9999 -9999 -9999 -9999 -9999 -9999 -9999 -9999 -9999 -9999 -9999 -9999 -9999 -9999 -9999 -9999 138.356 138.233 -9999 -9999 -9999 -9999 -9999 -9999 -9999 -9999 -9999 -9999 -9999 -9999 -9999 -9999 -9999 -9999 -9999 142.609 142.995 143.366 143.727 144.087 144.475 144.876 145.249 145.602 145.925 146.215 146.528 146.908 147.355 147.87 148.48 149.058 149.608 150.131 150.616 151.065 151.461 151.808 152.133 152.458 152.786 153.117 153.456 153.725 153.97 154.23 154.467 154.569 154.555 154.535 154.519 154.507
-9999 -9999 -9999 -9999 -9999 -9999 -9999 -9999 -9999 -9999 -9999 -9999 -9999 -9999 -9999 -9999 -9999 -9999 138.204 138.062 137.931 -9999 -9999 -9999 -9999 -9999 -9999 -9999 -9999 -9999 -9999 -9999 -9999 -9999 -9999 -9999 141.961 142.357 142.742 143.111 143.469 143.831 144.22 144.616 145.003 145.374 145.72 146.046 146.348 146.69 147.062 147.477 147.912 148.472 149.009 149.524 150.018 150.492 150.897 151.234 151.547 151.861 152.181 152.46 152.681 152.889 153.059 153.236 153.428 153.59 153.586 153.529 153.472 153.413
-9999 -9999 -9999 -9999 -9999 -9999 -9999 -9999 -9999 -9999 -9999 -9999 -9999 -9999 -9999 -9999 -9999 138.098 137.983 137.845 137.73 137.622 -9999 -9999 -9999 -9999 -9999 -9999 -9999 -9999 -9999 -9999 -9999 140.367 -9999 -9999 141.707 142.112 142.494 142.861 143.218 -9999 143.976 144.37 144.754 145.132 145.499 145.84 146.197 146.537 146.875 147.206 147.532 147.961 148.462 148.975 149.465 149.929 150.344 150.686 150.998 151.307 151.533 151.712 151.864 151.996 152.132 152.274 152.424 152.587 152.621 152.535 152.436 152.33
-9999 -9999 -9999 -9999 -9999 -9999 -9999 -9999 -9999 -9999 -9999 -9999 -9999 -9999 -9999 -9999 -9999 137.88 137.768 137.598 137.541 137.437 137.348 137.274 -9999 -9999 -9999 137.391 137.676 -9999 138.679 139.183 139.64 140.088 140.558 -9999 -9999 141.841 142.225 -9999 -9999 143.32 143.716 144.109 144.493 144.87 145.243 145.629 146.015 146.39 146.713 147.036 147.357 147.674 148.012 148.434 148.898 149.347 149.754 150.109 150.411 150.621 150.787 150.9 151.008 151.116 151.225 151.334 151.447 151.565 151.635 151.546 151.406 151.249
-9999 -9999 -9999 -9999 -9999 -9999 -9999 -9999 -9999 -9999 -9999 -9999 -9999 -9999 -9999 -9999 -9999 -9999 137.542 137.438 137.352 137.258 137.178 -9999 -9999 137.016 137.042 137.086 137.405 137.882 138.389 138.868 139.322 139.787 140.281 140.737 -9999 141.564 141.947 142.318 142.685 143.067 143.471 143.867 144.251 144.63 145.011 145.406 145.815 146.2 146.565 146.879 147.189 147.498 147.801 148.096 148.415 148.772 149.152 149.482 149.705 149.865 149.971 150.068 150.158 150.245 150.327 150.408 150.486 150.565 150.633 150.557 150.372 150.162
-9999 -9999 -9999 -9999 -9999 -9999 -9999 -9999 -9999 -9999 -9999 -9999 -9999 -9999 -9999 -9999 -9999 -9999 137.362 137.252 137.161 137.079 137.009 136.95 136.901 136.863 136.835 136.89 137.127 137.58 138.081 138.553 139.008 139.499 139.996 140.479 140.952 141.385 141.79 142.177 142.547 142.926 143.327 143.719 144.101 144.48 144.863 145.255 145.651 146.044 146.41 146.74 147.026 147.325 147.619 147.904 148.177 148.434 148.662 148.811 148.94 149.05 149.148 149.232 149.306 149.372 149.431 149.483 149.53 149.572 149.609 149.545 149.324 149.053
-9999 -9999 -9999 -9999 -9999 -9999 -9999 -9999 -9999 -9999 -9999 -9999 -9999 -9999 -9999 -9999 -9999 -9999 -9999 137.05 136.967 136.899 136.84 136.79 136.75 136.718 136.696 136.706 136.871 137.272 137.769 138.238 138.727 139.305 139.861 140.386 140.868 141.309 141.712 142.091 142.452 142.824 143.216 143.604 143.984 144.362 144.744 145.131 145.513 145.896 146.276 146.633 146.913 147.182 147.447 147.717 147.982 148.205 148.331 148.383 148.385 148.405 148.418 148.423 148.45 148.491 148.525 148.549 148.564 148.568 148.56 148.482 148.237 147.901
-9999 -9999 -9999 -9999 -9999 -9999 -9999 -9999 -9999 -9999 -9999 -9999 -9999 -9999 -9999 -9999 -9999 -9999 -9999 -9999 -9999 136.667 136.468 136.352 136.598 136.574 136.558 136.55 136.653 136.955 137.505 138.013 138.445 139.13 139.816 140.298 140.719 141.234 141.636 142.006 142.358 142.722 143.107 143.49 143.867 144.244 144.625 145.008 145.382 145.757 146.139 146.504 146.832 147.086 147.331 147.57 147.792 147.925 147.991 148.004 148.004 147.991 147.968 147.938 147.903 147.881 147.859 147.833 147.805 147.772 147.734 147.664 147.458 147.147
-9999 -9999 -9999 -9999 -9999 -9999 -9999 -9999 -9999 -9999 -9999 -9999 -9999 -9999 -9999 -9999 -9999 -9999 -9999 -9999 136.562 136.445 136.246 136.364 136.447 136.43 136.42 136.419 136.479 136.84 137.464 137.935 138.474 139.178 139.762 140.211 140.701 141.145 141.549 141.92 142.265 142.621 142.998 143.376 143.751 144.126 144.506 144.884 145.252 145.62 145.993 146.369 146.733 147.001 147.239 147.47 147.602 147.657 147.655 147.656 147.652 147.636 147.609 147.573 147.529 147.478 147.423 147.363 147.299 147.233 147.163 147.082 146.887 146.574
-9999 -9999 -9999 -9999 -9999 -9999 -9999 -9999 -9999 -9999 -9999 -9999 -9999 -9999 -9999 -9999 -9999 -9999 -9999 136.409 136.376 136.326 136.278 136.311 136.294 136.284 136.305 136.417 136.615 136.938 137.342 137.921 138.54 139.038 139.232 139.754 140.607 141.047 141.457 141.827 142.173 142.519 142.887 143.262 143.635 144.009 144.387 144.761 145.123 145.487 145.854 146.227 146.608 146.928 147.168 147.329 147.412 147.411 147.391 147.357 147.329 147.303 147.27 147.227 147.174 147.111 147.041 146.964 146.877 146.781 146.674 146.551 146.347 146.018
-9999 -9999 -9999 -9999 -9999 -9999 -9999 -9999 -9999 -9999 -9999 -9999 -9999 -9999 -9999 -9999 -9999 -9999 136.218 136.23 136.211 136.187 136.167 136.151 136.141 136.18 136.382 136.604 136.811 137.032 137.463 137.915 138.337 138.742 139.228 139.976 140.507 140.968 141.359 141.728 142.076 142.417 142.775 143.146 143.518 143.891 144.269 144.64 144.999 145.365 145.737 146.11 146.485 146.847 147.083 147.185 147.203 147.188 147.161 147.119 147.061 146.996 146.946 146.894 146.83 146.755 146.669 146.573 146.465 146.344 146.206 146.047 145.815 145.393
-9999 -9999 -9999 -9999 -9999 -9999 -9999 -9999 -9999 -9999 -9999 -9999 -9999 -9999 -9999 -9999 136.103 136.043 136.064 136.047 136.029 136.013 135.999 135.998 136.069 136.317 136.549 136.766 136.97 137.201 137.513 137.792 137.992 138.46 139.108 139.783 140.466 140.878 141.263 141.628 141.974 142.314 142.661 143.03 143.401 143.776 144.154 144.528 144.901 145.274 145.644 146.013 146.378 146.745 146.964 147.02 147.008 146.985 146.95 146.901 146.836 146.754 146.653 146.572 146.494 146.404 146.302 146.186 146.055 145.908 145.741 145.549 145.292 144.791
-9999 -9999 -9999 -9999 -9999 -9999 -9999 -9999 -9999 -9999 -9999 -9999 -9999 -9999 -9999 135.511 135.885 135.886 135.876 -9999 -9999 -9999 -9999 136.072 136.221 136.466 136.694 136.908 137.111 137.311 137.589 137.783 138.041 138.622 139.41 139.975 140.386 140.789 141.169 141.528 141.871 142.202 142.546 142.913 143.286 143.669 144.064 144.449 144.824 145.194 145.56 145.923 146.283 146.598 146.814 146.85 146.829 146.798 146.755 146.699 146.629 146.539 146.424 146.286 146.168 146.058 145.937 145.8 145.646 145.471 145.273 145.047 144.761 144.184
-9999 -9999 -9999 -9999 -9999 -9999 -9999 -9999 -9999 -9999 -9999 -9999 -9999 -9999 -9999 135.612 135.705 135.7 -9999 -9999 -9999 -9999 -9999 136.22 136.356 136.596 136.821 137.033 137.236 137.43 137.673 137.931 138.346 138.943 139.409 139.864 140.297 140.701 141.079 141.434 141.771 142.094 142.432 142.799 143.19 143.6 144.001 144.383 144.756 145.123 145.485 145.844 146.199 146.458 146.631 146.69 146.665 146.625 146.574 146.511 146.434 146.338 146.21 146.054 145.873 145.717 145.572 145.413 145.234 145.031 144.801 144.539 144.178 143.544
-9999 -9999 -9999 -9999 -9999 -9999 -9999 -9999 -9999 -9999 -9999 -9999 -9999 -9999 -9999 -9999 -9999 135.653 -9999 -9999 -9999 -9999 -9999 136.327 136.474 136.709 136.931 137.144 137.351 137.55 137.769 138.063 138.477 138.916 139.347 139.777 140.208 140.61 140.986 141.339 141.672 141.99 142.325 142.714 143.137 143.552 143.949 144.328 144.699 145.063 145.421 145.774 146.084 146.31 146.442 146.528 146.513 146.464 146.403 146.33 146.242 146.134 145.996 145.825 145.628 145.405 145.227 145.064 144.881 144.67 144.427 144.146 143.727 143.031
-9999 -9999 -9999 -9999 -9999 -9999 -9999 -9999 -9999 -9999 -9999 -9999 -9999 -9999 -9999 -9999 -9999 -9999 -9999 -9999 -9999 -9999 -9999 136.462 136.579 136.823 137.056 137.278 137.488 137.695 137.892 138.157 138.514 138.934 139.336 139.73 140.12 140.52 140.894 141.247 141.579 141.902 142.261 142.666 143.097 143.515 143.911 144.287 144.654 145.014 145.368 145.716 145.979 146.151 146.271 146.37 146.373 146.313 146.24 146.155 146.053 145.93 145.787 145.627 145.444 145.23 144.986 144.791 144.599 144.377 144.12 143.822 143.354 142.654
-9999 -9999 -9999 -9999 -9999 -9999 -9999 -9999 -9999 -9999 -9999 -9999 -9999 -9999 -9999 -9999 -9999 -9999 -9999 -9999 -9999 -9999 -9999 -9999 136.717 136.962 137.192 137.41 137.62 137.824 138.022 138.248 138.56 138.958 139.348 139.718 140.085 140.441 140.809 141.163 141.505 141.863 142.234 142.635 143.06 143.468 143.859 144.245 144.62 144.976 145.325 145.662 145.877 146.006 146.117 146.221 146.24 146.171 146.086 145.987 145.886 145.777 145.644 145.488 145.307 145.094 144.846 144.574 144.346 144.108 143.833 143.522 143.063 142.356
-9999 -9999 -9999 -9999 -9999 -9999 -9999 -9999 -9999 -9999 -9999 -9999 -9999 -9999 -9999 -9999 -9999 -9999 -9999 -9999 -9999 -9999 -9999 136.686 136.854 137.088 137.311 137.525 137.734 137.939 138.14 138.349 138.629 138.976 139.366 139.732 140.078 140.421 140.754 141.094 141.472 141.847 142.219 142.612 143.018 143.418 143.804 144.188 144.561 144.932 145.293 145.578 145.769 145.878 145.979 146.072 146.106 146.038 145.957 145.876 145.779 145.67 145.54 145.382 145.194 144.974 144.717 144.417 144.116 143.847 143.58 143.298 142.826 142.103
-9999 -9999 -9999 -9999 -9999 -9999 -9999 -9999 -9999 -9999 -9999 -9999 -9999 -9999 -9999 -9999 -9999 -9999 -9999 -9999 -9999 -9999 -9999 136.805 136.974 137.198 137.414 137.625 137.835 138.044 138.25 138.459 138.705 139.026 139.381 139.75 140.098 140.428 140.754 141.106 141.466 141.833 142.208 142.59 142.979 143.374 143.751 144.125 144.498 144.87 145.232 145.512 145.665 145.764 145.855 145.938 145.987 145.955 145.882 145.802 145.708 145.592 145.453 145.287 145.092 144.863 144.596 144.286 143.938 143.652 143.394 143.119 142.637 141.87
-9999 -9999 -9999 -9999 -9999 -9999 -9999 -9999 -9999 -9999 -9999 -9999 -9999 -9999 -9999 -9999 -9999 -9999 -9999 -9999 -9999 -9999 -9999 136.91 137.08 137.293 137.503 137.712 137.925 138.135 138.34 138.567 138.819 139.094 139.409 139.768 140.12 140.458 140.805 141.163 141.515 141.863 142.211 142.572 142.954 143.335 143.705 144.071 144.435 144.798 145.161 145.413 145.563 145.665 145.746 145.842 145.921 145.91 145.841 145.755 145.651 145.526 145.378 145.204 145.0 144.762 144.498 144.209 143.881 143.533 143.255 142.971 142.446 141.648
-9999 -9999 -9999 -9999 -9999 -9999 -9999 -9999 -9999 -9999 -9999 -9999 -9999 -9999 -9999 -9999 -9999 -9999 -9999 -9999 -9999 -9999 -9999 -9999 137.174 137.376 137.579 137.788 138.005 138.205 138.389 138.649 138.916 139.182 139.478 139.789 140.146 140.503 140.882 141.242 141.59 141.929 142.269 142.609 142.952 143.299 143.664 144.023 144.379 144.734 145.075 145.295 145.425 145.559 145.683 145.794 145.891 145.893 145.814 145.719 145.606 145.473 145.316 145.136 144.941 144.722 144.47 144.186 143.865 143.493 143.146 142.826 142.267 141.438
-9999 -9999 -9999 -9999 -9999 -9999 -9999 -9999 -9999 -9999 -9999 -9999 -9999 -9999 -9999 -9999 -9999 -9999 -9999 -9999 -9999 -9999 -9999 -9999 137.259 137.451 137.644 137.794 137.882 138.188 138.499 138.769 139.03 139.295 139.568 139.864 140.184 140.578 140.96 141.325 141.676 142.018 142.352 142.677 143.001 143.337 143.672 144.007 144.341 144.679 144.989 145.174 145.307 145.464 145.63 145.777 145.883 145.887 145.799 145.697 145.584 145.457 145.309 145.139 144.945 144.729 144.482 144.198 143.87 143.492 143.071 142.681 142.095 141.254
-9999 -9999 -9999 -9999 -9999 -9999 -9999 -9999 -9999 -9999 -9999 -9999 -9999 -9999 -9999 -9999 -9999 -9999 -9999 -9999 -9999 -9999 -9999 137.115 137.328 137.51 137.698 137.784 137.972 138.279 138.516 138.83 139.212 139.433 139.691 139.966 140.292 140.656 141.042 141.41 141.765 142.109 142.439 142.763 143.084 143.404 143.721 144.037 144.36 144.688 144.964 145.122 145.274 145.438 145.611 145.781 145.918 145.935 145.846 145.744 145.627 145.498 145.35 145.181 144.987 144.767 144.514 144.224 143.891 143.502 143.025 142.547 141.938 141.099
-9999 -9999 -9999 -9999 -9999 -9999 -9999 -9999 -9999 -9999 -9999 -9999 -9999 -9999 -9999 -9999 -9999 -9999 -9999 -9999 -9999 -9999 -9999 137.195 137.367 137.536 137.707 137.853 138.116 138.37 138.59 138.989 139.292 139.543 139.822 140.111 140.438 140.778 141.127 141.5 141.858 142.2 142.53 142.853 143.172 143.488 143.795 144.091 144.407 144.725 144.981 145.143 145.314 145.483 145.648 145.81 145.97 146.018 145.933 145.826 145.706 145.571 145.417 145.243 145.045 144.819 144.562 144.267 143.925 143.506 143.01 142.448 141.806 140.977
-9999 -9999 -9999 -9999 -9999 -9999 -9999 -9999 -9999 -9999 -9999 -9999 -9999 -9999 -9999 -9999 -9999 -9999 -9999 -9999 -9999 -9999 -9999 137.242 137.415 137.577 137.744 137.933 138.17 138.453 138.815 139.14 139.41 139.685 139.966 140.286 140.614 140.933 141.261 141.597 141.961 142.306 142.638 142.959 143.274 143.585 143.877 144.163 144.459 144.773 145.035 145.226 145.39 145.551 145.71 145.866 146.019 146.094 146.032 145.925 145.799 145.657 145.499 145.32 145.117 144.887 144.626 144.323 143.952 143.515 143.0 142.388 141.705 140.892
-9999 -9999 -9999 -9999 -9999 -9999 -9999 -9999 -9999 -9999 -9999 -9999 -9999 -9999 -9999 -9999 -9999 -9999 -9999 -9999 -9999 -9999 137.117 137.304 137.491 137.658 137.819 138.03 138.35 138.672 138.964 139.252 139.524 139.797 140.106 140.486 140.838 141.166 141.482 141.806 142.124 142.463 142.793 143.112 143.422 143.727 144.015 144.283 144.555 144.86 145.151 145.32 145.476 145.632 145.785 145.936 146.085 146.153 146.126 146.035 145.904 145.758 145.595 145.412 145.206 144.973 144.699 144.368 143.981 143.528 143.0 142.372 141.653 140.848
-9999 -9999 -9999 -9999 -9999 -9999 -9999 -9999 -9999 -9999 -9999 -9999 -9999 -9999 -9999 -9999 -9999 -9999 -9999 -9999 -9999 136.967 137.181 137.391 137.587 137.76 137.929 138.188 138.507 138.807 139.144 139.403 139.661 139.961 140.318 140.705 141.083 141.438 141.757 142.057 142.36 142.659 142.967 143.284 143.59 143.891 144.174 144.432 144.697 145.033 145.302 145.453 145.592 145.729 145.873 146.02 146.161 146.223 146.192 146.142 146.023 145.873 145.706 145.52 145.311 145.06 144.761 144.416 144.015 143.562 143.019 142.378 141.655 140.849
-9999 -9999 -9999 -9999 -9999 -9999 -9999 -9999 -9999 -9999 -9999 -9999 -9999 -9999 -9999 -9999 -9999 -9999 -9999 136.513 136.758 137.039 137.255 137.417 137.484 137.677 137.863 138.134 138.509 138.877 139.33 139.605 139.861 140.176 140.538 140.917 141.307 141.67 142.015 142.332 142.62 142.903 143.185 143.465 143.762 144.059 144.337 144.596 144.89 145.227 145.478 145.619 145.746 145.878 146.012 146.149 146.28 146.337 146.308 146.269 146.189 146.044 145.872 145.674 145.431 145.148 144.826 144.468 144.069 143.609 143.056 142.407 141.696 140.93
