Validation/Results/raw data/ReClimate_02_2024_1.asc
NCOLS 192
NROWS 249
XLLCENTER -225160.85627316462
YLLCENTER 29788.11610251502
CELLSIZE 5000.0
NODATA_VALUE -9999
[rows 170 to 203 of 249, columns 75 to 149 of 192]
-9999 -9999 -9999 -9999 -9999 -9999 -9999 -9999 -9999 -9999 -9999 -9999 -9999 -9999 -9999 -9999 -9999 99.95 100.044 -9999 -9999 -9999 -9999 -9999 -9999 -9999 -9999 -9999 -9999 -9999 -9999 -9999 -9999 -9999 -9999 -9999 101.357 101.415 101.486 101.641 102.163 102.789 102.957 103.116 103.267 103.41 103.54 103.659 103.762 103.855 103.978 104.063 104.143 104.22 104.297 104.372 104.446 104.518 104.589 104.661 104.735 104.814 104.897 104.987 105.083 105.185 105.293 105.41 105.493 105.546 105.599 105.652 105.709 105.772 105.842
-9999 -9999 -9999 -9999 -9999 -9999 -9999 -9999 -9999 -9999 -9999 -9999 -9999 -9999 -9999 -9999 -9999 99.972 99.825 99.263 -9999 -9999 -9999 -9999 -9999 -9999 -9999 -9999 -9999 -9999 -9999 -9999 -9999 -9999 -9999 100.835 101.129 100.687 100.865 101.086 101.762 102.764 102.929 103.088 103.241 103.387 103.523 103.644 103.576 103.198 103.396 103.978 104.186 104.267 104.346 104.425 104.505 104.58 104.653 104.727 104.805 104.887 104.974 105.067 105.166 105.272 105.386 105.509 105.627 105.699 105.756 105.814 105.875 105.942 106.018
-9999 -9999 -9999 -9999 -9999 -9999 -9999 -9999 -9999 -9999 -9999 -9999 -9999 -9999 -9999 -9999 99.914 99.987 99.545 99.109 97.955 -9999 -9999 -9999 -9999 -9999 -9999 -9999 -9999 -9999 -9999 -9999 99.344 -9999 -9999 100.933 100.785 100.734 100.66 100.072 -9999 102.739 102.902 103.059 103.212 103.36 103.498 103.63 103.204 102.531 102.813 103.455 104.112 104.301 104.384 104.467 104.549 104.629 104.706 104.784 104.866 104.953 105.045 105.143 105.247 105.359 105.48 105.609 105.749 105.851 105.915 105.977 106.042 106.112 106.193
-9999 -9999 -9999 -9999 -9999 -9999 -9999 -9999 -9999 -9999 -9999 -9999 -9999 -9999 -9999 -9999 99.931 99.999 99.804 99.872 98.926 98.197 97.434 -9999 -9999 -9999 98.716 98.38 -9999 99.083 99.564 98.738 99.337 100.686 -9999 -9999 100.167 101.795 -9999 -9999 102.358 102.706 102.867 103.023 103.175 103.324 103.247 102.752 102.217 101.642 102.909 103.706 104.007 103.944 104.24 104.506 104.591 104.674 104.757 104.841 104.928 105.02 105.117 105.219 105.328 105.446 105.572 105.709 105.857 105.994 106.076 106.141 106.209 106.283 106.369
-9999 -9999 -9999 -9999 -9999 -9999 -9999 -9999 -9999 -9999 -9999 -9999 -9999 -9999 -9999 -9999 -9999 100.01 100.08 100.145 99.527 98.859 -9999 -9999 98.919 99.775 99.577 99.461 99.757 100.213 99.774 99.323 100.158 100.496 100.403 -9999 101.337 102.137 102.079 101.971 102.279 102.659 102.818 102.974 103.128 103.283 102.883 102.402 101.913 101.321 102.597 104.048 103.964 103.661 103.149 103.135 104.116 104.722 104.81 104.899 104.991 105.087 105.188 105.295 105.409 105.532 105.665 105.809 105.966 106.13 106.239 106.306 106.375 106.453 106.546
-9999 -9999 -9999 -9999 -9999 -9999 -9999 -9999 -9999 -9999 -9999 -9999 -9999 -9999 -9999 -9999 -9999 100.019 99.836 99.198 98.336 96.897 95.514 92.325 94.071 97.322 97.695 99.016 98.398 96.171 96.773 99.084 99.154 98.818 98.989 99.754 100.686 102.078 102.041 102.053 102.333 102.586 102.744 102.9 102.916 102.679 102.454 102.455 101.884 101.074 102.264 103.02 103.508 103.551 103.324 103.092 103.195 103.397 104.278 104.959 105.056 105.156 105.261 105.371 105.49 105.617 105.755 105.906 106.073 106.256 106.397 106.47 106.541 106.624 106.722
-9999 -9999 -9999 -9999 -9999 -9999 -9999 -9999 -9999 -9999 -9999 -9999 -9999 -9999 -9999 -9999 -9999 -9999 99.812 98.882 98.134 98.15 96.255 95.661 97.636 98.327 99.188 99.731 98.186 97.153 98.802 99.957 99.401 98.296 98.858 99.471 100.694 102.008 102.03 102.031 102.247 102.506 102.663 102.817 102.607 102.319 102.262 102.022 101.62 101.636 101.851 102.173 102.673 103.5 103.413 103.426 103.562 103.391 103.768 104.978 105.093 105.208 105.328 105.448 105.57 105.702 105.844 106.0 106.171 106.359 106.529 106.626 106.702 106.786 106.86
-9999 -9999 -9999 -9999 -9999 -9999 -9999 -9999 -9999 -9999 -9999 -9999 -9999 -9999 -9999 -9999 -9999 -9999 -9999 -9999 98.861 96.188 95.429 94.172 95.506 98.2 98.658 99.203 98.433 97.868 98.493 98.519 97.429 95.948 97.293 100.107 100.867 100.985 101.287 102.097 102.278 102.428 102.583 102.736 102.544 102.382 102.191 101.933 102.079 102.43 102.712 102.911 103.142 103.99 104.086 104.216 103.995 103.634 103.978 104.972 105.092 105.213 105.338 105.467 105.599 105.737 105.885 106.043 106.214 106.396 106.576 106.689 106.758 106.832 106.893
-9999 -9999 -9999 -9999 -9999 -9999 -9999 -9999 -9999 -9999 -9999 -9999 -9999 -9999 -9999 -9999 -9999 -9999 -9999 100.156 98.218 96.745 96.139 96.289 97.61 97.297 97.732 98.171 97.686 97.264 97.596 98.487 97.368 96.34 98.646 100.89 100.888 100.641 101.349 102.083 102.204 102.351 102.504 102.656 102.511 102.295 102.194 102.218 102.302 101.978 102.438 103.003 103.505 104.138 104.281 104.43 104.13 103.541 104.028 104.976 105.095 105.215 105.337 105.463 105.595 105.732 105.878 106.033 106.199 106.375 106.561 106.691 106.762 106.824 106.876
-9999 -9999 -9999 -9999 -9999 -9999 -9999 -9999 -9999 -9999 -9999 -9999 -9999 -9999 -9999 -9999 -9999 -9999 100.103 98.279 97.574 97.77 98.346 99.714 98.871 96.96 96.557 94.771 94.784 95.541 96.426 97.608 96.385 94.396 96.919 100.634 100.485 100.374 101.105 102.015 102.132 102.273 102.425 102.576 102.533 102.689 102.725 102.716 102.507 102.358 102.801 103.31 103.506 103.737 103.981 104.198 104.46 104.412 104.384 104.979 105.103 105.222 105.342 105.464 105.591 105.725 105.865 106.015 106.174 106.343 106.526 106.675 106.756 106.812 106.856
-9999 -9999 -9999 -9999 -9999 -9999 -9999 -9999 -9999 -9999 -9999 -9999 -9999 -9999 -9999 -9999 -9999 100.054 99.0 98.03 97.633 96.217 96.707 96.034 95.526 96.928 96.039 96.186 96.216 95.256 95.957 96.234 95.422 96.025 98.558 100.099 100.15 100.407 101.179 101.945 102.06 102.195 102.345 102.496 102.649 102.805 102.831 102.849 102.76 102.686 102.942 103.252 103.273 103.294 103.587 103.974 104.299 104.633 104.79 104.949 105.103 105.23 105.347 105.466 105.59 105.719 105.855 105.999 106.153 106.318 106.497 106.655 106.743 106.798 106.838
-9999 -9999 -9999 -9999 -9999 -9999 -9999 -9999 -9999 -9999 -9999 -9999 -9999 -9999 -9999 99.962 100.011 100.053 99.489 99.353 98.554 98.402 97.787 97.05 97.788 97.757 97.72 97.381 95.755 92.675 92.796 92.801 93.523 94.59 96.545 99.707 100.238 101.303 101.42 100.553 101.01 102.116 102.265 102.415 102.568 102.723 102.808 102.958 102.992 103.147 103.364 103.525 103.652 103.732 103.864 104.166 104.315 104.585 104.742 104.901 105.061 105.223 105.352 105.469 105.589 105.714 105.847 105.987 106.137 106.299 106.476 106.64 106.732 106.78 106.82
-9999 -9999 -9999 -9999 -9999 -9999 -9999 -9999 -9999 -9999 -9999 -9999 -9999 -9999 99.889 99.971 100.014 100.053 -9999 -9999 -9999 -9999 98.572 97.819 97.793 97.751 97.441 97.06 95.389 95.321 95.251 95.129 96.115 97.251 99.19 99.876 100.751 101.58 100.911 100.268 101.158 102.037 102.184 102.334 102.489 102.653 102.809 102.961 103.115 103.27 103.428 103.588 103.754 103.923 104.08 104.231 104.384 104.538 104.696 104.855 105.014 105.173 105.336 105.47 105.589 105.712 105.841 105.979 106.126 106.286 106.461 106.629 106.723 106.764 106.803
-9999 -9999 -9999 -9999 -9999 -9999 -9999 -9999 -9999 -9999 -9999 -9999 -9999 -9999 99.921 99.065 99.346 -9999 -9999 -9999 -9999 -9999 97.816 97.433 97.594 98.094 97.192 95.214 94.842 93.922 94.076 94.789 96.589 99.941 100.179 99.76 100.555 101.511 101.103 100.866 101.491 101.959 102.103 102.26 102.43 102.594 102.748 102.9 103.054 103.208 103.365 103.525 103.693 103.867 104.031 104.183 104.335 104.49 104.648 104.809 104.969 105.123 105.279 105.447 105.587 105.711 105.838 105.973 106.119 106.278 106.452 106.62 106.716 106.752 106.772
-9999 -9999 -9999 -9999 -9999 -9999 -9999 -9999 -9999 -9999 -9999 -9999 -9999 -9999 -9999 -9999 99.284 -9999 -9999 -9999 -9999 -9999 98.693 97.12 97.418 97.497 95.915 94.41 94.183 94.921 95.274 95.298 97.453 98.497 98.431 98.841 99.907 101.444 101.238 100.965 101.385 101.883 102.034 102.205 102.375 102.535 102.687 102.839 102.992 103.147 103.303 103.464 103.632 103.807 103.978 104.133 104.284 104.439 104.595 104.755 104.914 105.067 105.221 105.385 105.564 105.714 105.847 105.985 106.133 106.292 106.466 106.631 106.724 106.753 106.752
-9999 -9999 -9999 -9999 -9999 -9999 -9999 -9999 -9999 -9999 -9999 -9999 -9999 -9999 -9999 -9999 -9999 -9999 -9999 -9999 -9999 -9999 99.221 98.475 98.765 99.436 97.288 93.479 94.789 97.364 97.675 98.607 99.139 99.042 99.401 99.781 100.812 101.378 101.286 101.391 101.697 101.825 101.979 102.151 102.318 102.475 102.627 102.779 102.931 103.085 103.241 103.404 103.573 103.747 103.921 104.081 104.231 104.384 104.539 104.694 104.85 105.007 105.17 105.342 105.525 105.722 105.876 106.015 106.163 106.321 106.495 106.655 106.738 106.752 106.735
-9999 -9999 -9999 -9999 -9999 -9999 -9999 -9999 -9999 -9999 -9999 -9999 -9999 -9999 -9999 -9999 -9999 -9999 -9999 -9999 -9999 -9999 -9999 99.144 99.731 100.356 97.481 95.07 96.583 96.984 97.89 99.145 98.588 97.128 98.18 100.568 100.989 101.313 101.421 101.528 101.65 101.779 101.926 102.095 102.257 102.41 102.563 102.717 102.869 103.023 103.178 103.343 103.513 103.687 103.863 104.026 104.177 104.327 104.479 104.64 104.805 104.97 105.138 105.314 105.499 105.697 105.899 106.054 106.201 106.359 106.531 106.679 106.752 106.745 106.712
-9999 -9999 -9999 -9999 -9999 -9999 -9999 -9999 -9999 -9999 -9999 -9999 -9999 -9999 -9999 -9999 -9999 -9999 -9999 -9999 -9999 -9999 99.429 99.352 99.581 99.274 98.091 98.352 98.343 97.706 98.271 98.07 97.104 96.56 98.548 100.561 100.874 101.255 101.33 101.372 101.388 101.2 101.481 102.034 102.19 102.341 102.494 102.647 102.803 102.959 103.117 103.282 103.453 103.625 103.801 103.968 104.12 104.278 104.443 104.608 104.778 104.947 105.118 105.295 105.48 105.676 105.889 106.087 106.244 106.4 106.566 106.703 106.753 106.734 106.688
-9999 -9999 -9999 -9999 -9999 -9999 -9999 -9999 -9999 -9999 -9999 -9999 -9999 -9999 -9999 -9999 -9999 -9999 -9999 -9999 -9999 -9999 99.33 99.163 98.215 95.994 96.408 97.171 97.013 97.51 97.337 97.216 97.035 97.344 98.534 98.844 99.616 101.21 101.258 101.317 101.258 101.34 101.719 101.967 102.121 102.27 102.42 102.573 102.729 102.885 103.052 103.221 103.391 103.563 103.738 103.914 104.085 104.251 104.422 104.592 104.761 104.931 105.103 105.28 105.465 105.661 105.872 106.102 106.287 106.442 106.605 106.73 106.752 106.716 106.667
-9999 -9999 -9999 -9999 -9999 -9999 -9999 -9999 -9999 -9999 -9999 -9999 -9999 -9999 -9999 -9999 -9999 -9999 -9999 -9999 -9999 -9999 100.297 99.979 98.595 98.004 97.92 96.53 96.905 97.207 97.623 99.028 98.899 98.078 97.983 97.215 98.879 101.184 100.929 100.08 100.497 101.536 101.729 101.906 102.049 102.197 102.345 102.496 102.649 102.807 102.976 103.155 103.328 103.501 103.689 103.883 104.064 104.238 104.409 104.579 104.748 104.918 105.091 105.269 105.454 105.65 105.859 106.085 106.315 106.486 106.648 106.743 106.745 106.698 106.649
-9999 -9999 -9999 -9999 -9999 -9999 -9999 -9999 -9999 -9999 -9999 -9999 -9999 -9999 -9999 -9999 -9999 -9999 -9999 -9999 -9999 -9999 -9999 100.345 99.804 99.15 98.384 98.297 98.064 96.939 97.919 98.619 97.965 97.364 97.244 98.061 99.776 101.167 100.622 100.312 101.045 101.55 101.734 101.848 101.974 102.121 102.268 102.417 102.568 102.725 102.894 103.073 103.26 103.458 103.66 103.866 104.055 104.228 104.4 104.569 104.739 104.91 105.084 105.263 105.449 105.644 105.852 106.076 106.32 106.53 106.687 106.756 106.73 106.683 106.633
-9999 -9999 -9999 -9999 -9999 -9999 -9999 -9999 -9999 -9999 -9999 -9999 -9999 -9999 -9999 -9999 -9999 -9999 -9999 -9999 -9999 -9999 -9999 99.194 98.298 96.751 96.822 97.142 97.019 98.348 98.082 96.307 95.882 95.606 97.132 100.237 101.03 101.149 101.039 101.151 101.462 101.597 101.7 101.804 101.923 102.053 102.195 102.339 102.486 102.642 102.811 102.995 103.202 103.421 103.643 103.855 104.047 104.221 104.393 104.564 104.735 104.908 105.083 105.263 105.449 105.644 105.851 106.073 106.315 106.558 106.714 106.76 106.718 106.67 106.62
-9999 -9999 -9999 -9999 -9999 -9999 -9999 -9999 -9999 -9999 -9999 -9999 -9999 -9999 -9999 -9999 -9999 -9999 -9999 -9999 -9999 -9999 99.615 98.411 97.244 96.281 96.384 96.189 97.395 98.791 97.945 98.235 97.911 97.439 99.555 100.899 101.012 101.129 101.243 101.355 101.464 101.567 101.668 101.771 101.879 101.997 102.13 102.271 102.416 102.57 102.741 102.947 103.164 103.392 103.623 103.847 104.045 104.22 104.393 104.566 104.738 104.912 105.088 105.268 105.455 105.65 105.857 106.079 106.317 106.559 106.724 106.755 106.709 106.661 106.61
-9999 -9999 -9999 -9999 -9999 -9999 -9999 -9999 -9999 -9999 -9999 -9999 -9999 -9999 -9999 -9999 -9999 -9999 -9999 -9999 -9999 -9999 98.457 97.966 97.944 99.328 98.676 97.135 97.875 97.859 98.204 98.749 98.338 97.926 99.221 100.896 101.001 101.108 101.221 101.331 101.434 101.535 101.635 101.738 101.841 101.951 102.067 102.207 102.35 102.506 102.696 102.92 103.145 103.371 103.601 103.835 104.046 104.225 104.4 104.573 104.746 104.92 105.098 105.279 105.467 105.663 105.87 106.091 106.311 106.541 106.715 106.748 106.704 106.655 106.604
-9999 -9999 -9999 -9999 -9999 -9999 -9999 -9999 -9999 -9999 -9999 -9999 -9999 -9999 -9999 -9999 -9999 -9999 -9999 -9999 -9999 -9999 98.013 98.721 99.726 100.477 99.018 97.221 97.45 98.112 98.262 97.865 97.594 97.5 99.044 100.897 100.995 101.095 101.197 101.303 101.404 101.503 101.603 101.704 101.807 101.908 102.018 102.141 102.285 102.458 102.68 102.904 103.128 103.354 103.583 103.816 104.039 104.232 104.409 104.584 104.758 104.934 105.113 105.295 105.484 105.682 105.888 106.093 106.305 106.524 106.701 106.745 106.702 106.652 106.601
-9999 -9999 -9999 -9999 -9999 -9999 -9999 -9999 -9999 -9999 -9999 -9999 -9999 -9999 -9999 -9999 -9999 -9999 -9999 -9999 -9999 98.642 98.82 100.088 100.322 99.846 98.725 98.265 98.721 99.012 98.671 98.298 98.469 99.16 100.35 100.905 101.002 101.096 101.189 101.28 101.378 101.476 101.574 101.674 101.776 101.876 101.975 102.087 102.229 102.44 102.663 102.887 103.111 103.338 103.567 103.801 104.024 104.233 104.422 104.599 104.775 104.953 105.133 105.318 105.509 105.703 105.897 106.095 106.298 106.498 106.668 106.735 106.704 106.654 106.603
-9999 -9999 -9999 -9999 -9999 -9999 -9999 -9999 -9999 -9999 -9999 -9999 -9999 -9999 -9999 -9999 -9999 -9999 -9999 -9999 98.707 98.484 99.39 100.518 100.088 99.585 99.113 98.474 98.825 99.377 99.279 99.56 99.82 99.586 100.154 100.923 101.013 101.101 101.185 101.271 101.358 101.449 101.546 101.645 101.746 101.845 101.941 102.051 102.218 102.421 102.644 102.869 103.095 103.323 103.553 103.787 104.011 104.221 104.431 104.618 104.796 104.976 105.159 105.346 105.532 105.716 105.904 106.096 106.299 106.479 106.627 106.718 106.71 106.66 106.608
-9999 -9999 -9999 -9999 -9999 -9999 -9999 -9999 -9999 -9999 -9999 -9999 -9999 -9999 -9999 -9999 -9999 -9999 100.077 99.43 98.773 99.926 99.979 98.422 97.856 97.011 97.02 98.431 100.027 100.297 100.384 100.197 100.147 100.425 100.799 100.72 100.861 101.107 101.185 101.266 101.347 101.431 101.519 101.614 101.714 101.814 101.914 102.048 102.22 102.41 102.625 102.85 103.08 103.314 103.551 103.789 104.014 104.225 104.441 104.646 104.83 105.011 105.193 105.37 105.548 105.727 105.911 106.104 106.299 106.463 106.592 106.704 106.717 106.667 106.616
-9999 -9999 -9999 -9999 -9999 -9999 -9999 -9999 -9999 -9999 -9999 -9999 -9999 -9999 -9999 -9999 -9999 99.193 100.134 99.306 99.976 100.559 99.3 98.084 97.445 96.907 97.983 100.182 100.418 100.667 100.453 100.124 100.403 100.828 100.769 100.742 100.942 101.116 101.19 101.264 101.341 101.42 101.503 101.59 101.683 101.782 101.897 102.06 102.228 102.417 102.628 102.857 103.09 103.326 103.565 103.803 104.03 104.244 104.459 104.679 104.875 105.05 105.221 105.392 105.563 105.739 105.923 106.118 106.294 106.442 106.563 106.686 106.724 106.676 106.627
-9999 -9999 -9999 -9999 -9999 -9999 -9999 -9999 -9999 -9999 -9999 -9999 -9999 -9999 98.494 99.582 99.76 100.494 100.228 100.256 100.163 99.01 98.355 98.328 98.467 99.665 100.482 100.433 100.614 100.742 100.574 100.591 100.827 100.875 100.872 100.93 101.056 101.127 101.196 101.266 101.337 101.413 101.492 101.575 101.665 101.764 101.909 102.086 102.269 102.464 102.668 102.881 103.111 103.347 103.586 103.821 104.046 104.263 104.482 104.697 104.904 105.081 105.247 105.413 105.583 105.759 105.942 106.125 106.281 106.409 106.531 106.657 106.722 106.687 106.641
-9999 -9999 -9999 -9999 -9999 -9999 -9999 -9999 -9999 -9999 -9999 -9999 100.362 100.03 100.465 100.487 100.513 100.546 100.576 100.602 99.678 98.795 98.713 98.911 100.672 100.664 100.582 100.415 100.568 100.802 100.817 100.836 100.874 100.918 100.96 101.011 101.07 101.139 101.205 101.27 101.337 101.407 101.484 101.565 101.657 101.786 101.969 102.151 102.333 102.523 102.724 102.93 103.14 103.367 103.604 103.835 104.055 104.268 104.483 104.702 104.919 105.107 105.273 105.44 105.609 105.783 105.964 106.122 106.257 106.373 106.493 106.623 106.712 106.701 106.657
-9999 -9999 -9999 -9999 -9999 -9999 -9999 -9999 100.348 100.114 100.236 100.358 100.509 100.527 100.542 100.557 100.578 100.602 100.311 99.441 97.857 95.459 98.162 100.736 100.743 100.764 100.684 100.702 100.834 100.847 100.858 100.878 100.919 100.961 101.001 101.042 101.09 101.15 101.213 101.276 101.338 101.404 101.478 101.572 101.694 101.864 102.045 102.225 102.406 102.593 102.788 102.991 103.196 103.402 103.621 103.84 104.052 104.261 104.471 104.687 104.909 105.121 105.299 105.468 105.638 105.811 105.973 106.113 106.229 106.343 106.463 106.592 106.691 106.705 106.672
-9999 -9999 -9999 -9999 -9999 -9999 -9999 100.013 100.351 100.233 100.29 100.571 100.593 100.608 100.62 100.631 100.645 100.662 99.972 99.336 97.467 98.056 99.555 100.793 100.815 100.834 100.851 100.865 100.877 100.888 100.897 100.919 100.962 101.003 101.041 101.077 101.117 101.163 101.221 101.281 101.342 101.411 101.504 101.613 101.753 101.938 102.118 102.297 102.477 102.661 102.852 103.051 103.252 103.455 103.66 103.858 104.054 104.257 104.464 104.676 104.894 105.121 105.315 105.486 105.661 105.833 105.977 106.097 106.207 106.32 106.441 106.569 106.671 106.699 106.676
-9999 -9999 -9999 -9999 -9999 -9999 100.111 100.512 100.473 100.512 100.632 100.659 100.679 100.69 100.698 100.706 100.715 100.726 100.389 100.406 100.129 100.156 100.764 100.603 100.634 100.687 100.246 98.971 99.486 100.928 100.936 100.963 101.004 101.043 101.08 101.115 101.148 101.187 101.232 101.294 101.363 101.454 101.549 101.659 101.819 102.006 102.185 102.363 102.542 102.723 102.911 103.108 103.306 103.507 103.705 103.896 104.08 104.269 104.466 104.672 104.886 105.108 105.323 105.502 105.675 105.825 105.96 106.078 106.191 106.305 106.425 106.552 106.655 106.693 106.679
