Validation/Results/raw data/ReClimate_02_2024_1_Precipitation-Actuals.asc
NCOLS 192
NROWS 249
XLLCENTER -225160.85627316462
YLLCENTER 29788.11610251502
CELLSIZE 5000.0
NODATA_VALUE -9999
[rows 132 to 164 of 249, columns 75 to 149 of 192]
-9999 -9999 -9999 -9999 -9999 -9999 -9999 -9999 -9999 -9999 -9999 -9999 98.758 103.35 111.109 119.203 128.803 134.137 158.92 173.74 187.271 176.837 136.046 116.912 121.325 124.209 114.884 107.029 104.373 97.41 93.98 90.221 85.188 88.772 98.569 105.996 105.643 97.977 101.571 99.57 91.94 98.753 98.696 95.987 88.304 80.278 75.338 67.674 61.193 59.656 55.922 53.932 50.929 49.241 45.626 41.213 38.354 -9999 -9999 -9999 -9999 -9999 -9999 -9999 -9999 -9999 -9999 -9999 -9999 -9999 -9999 -9999 -9999 -9999 -9999
-9999 -9999 -9999 -9999 -9999 -9999 -9999 -9999 -9999 -9999 -9999 -9999 100.76 121.105 115.118 116.938 117.682 123.89 151.238 193.994 200.249 170.189 147.338 124.508 123.872 120.054 117.102 121.199 99.074 89.41 86.443 83.115 83.264 85.002 92.876 92.004 90.739 86.29 87.031 84.51 87.093 89.439 91.221 90.249 85.558 80.73 69.519 62.357 59.052 52.455 51.573 52.767 49.024 45.11 44.552 41.929 38.403 -9999 -9999 -9999 -9999 -9999 -9999 -9999 -9999 -9999 -9999 -9999 -9999 -9999 -9999 -9999 -9999 -9999 -9999
-9999 -9999 -9999 -9999 -9999 -9999 -9999 -9999 -9999 -9999 -9999 96.505 115.454 114.581 115.288 116.73 114.895 116.611 147.97 170.106 171.187 182.388 153.53 134.117 117.44 112.488 117.888 104.852 95.343 85.359 79.086 82.546 76.954 78.209 79.494 80.573 78.497 74.275 72.72 75.597 74.16 81.999 88.799 81.934 78.379 72.953 67.709 60.649 54.115 46.263 46.367 47.401 48.064 42.992 40.806 41.206 39.909 35.665 -9999 -9999 -9999 -9999 -9999 -9999 -9999 -9999 -9999 -9999 -9999 -9999 -9999 -9999 -9999 -9999 -9999
-9999 -9999 -9999 -9999 -9999 -9999 -9999 -9999 -9999 -9999 87.597 -9999 100.489 110.514 111.122 110.579 102.938 101.616 114.177 126.398 161.258 179.897 154.5 127.233 108.444 102.006 95.161 94.611 95.195 93.382 87.094 83.615 72.143 69.681 68.669 68.388 64.117 60.391 62.196 62.954 66.648 70.706 68.509 69.925 69.293 64.614 58.747 54.199 45.304 49.019 49.775 45.548 44.896 42.89 40.089 40.64 39.345 36.778 -9999 -9999 -9999 -9999 -9999 -9999 -9999 -9999 -9999 -9999 -9999 -9999 -9999 -9999 -9999 -9999 -9999
72.57 -9999 -9999 -9999 -9999 -9999 -9999 -9999 -9999 -9999 83.471 -9999 91.428 96.601 95.604 96.12 94.173 94.137 94.802 107.341 140.968 151.57 141.554 123.927 107.269 97.446 97.479 99.224 106.965 109.498 -9999 -9999 -9999 -9999 -9999 -9999 57.107 54.709 55.781 57.53 57.523 56.549 64.303 70.62 65.107 59.75 59.303 51.266 50.683 51.293 45.427 44.038 42.653 44.161 39.684 37.38 37.163 36.957 35.046 -9999 -9999 -9999 -9999 -9999 -9999 -9999 -9999 -9999 -9999 -9999 -9999 -9999 -9999 -9999 -9999
76.738 61.843 -9999 -9999 -9999 -9999 -9999 -9999 -9999 -9999 81.237 80.769 79.299 80.031 86.158 89.072 92.292 89.469 87.588 98.909 121.692 138.374 129.717 122.623 108.18 100.932 102.61 97.648 106.174 95.01 -9999 -9999 -9999 -9999 58.029 57.309 54.378 53.028 52.242 53.932 55.183 62.678 74.597 79.255 70.995 70.568 59.123 53.462 56.288 51.596 46.892 45.99 44.517 43.606 50.417 44.732 37.684 36.502 33.368 -9999 -9999 -9999 -9999 -9999 -9999 -9999 -9999 -9999 -9999 -9999 -9999 -9999 -9999 -9999 -9999
76.032 68.503 62.563 -9999 -9999 -9999 -9999 -9999 -9999 -9999 77.312 72.009 71.085 -9999 -9999 86.47 88.158 84.185 85.122 -9999 97.22 106.097 107.626 108.459 96.597 98.782 95.844 91.381 -9999 -9999 -9999 -9999 -9999 57.963 56.929 55.792 52.195 52.662 50.615 51.86 58.388 69.395 87.064 93.313 88.112 81.08 68.064 66.567 59.549 54.491 55.304 48.298 48.441 45.474 49.139 48.319 40.986 36.484 34.055 -9999 -9999 -9999 -9999 -9999 -9999 -9999 -9999 -9999 -9999 -9999 -9999 -9999 -9999 -9999 -9999
73.418 74.144 67.373 -9999 -9999 -9999 -9999 -9999 -9999 -9999 -9999 69.813 65.012 -9999 -9999 -9999 78.608 78.42 80.778 79.262 -9999 -9999 88.684 89.752 91.829 94.75 90.902 -9999 -9999 -9999 -9999 -9999 67.583 60.09 59.092 57.077 55.873 55.754 52.446 53.859 59.028 67.371 84.622 89.789 95.098 84.005 85.598 82.701 76.811 68.09 68.136 60.655 50.213 45.468 45.34 45.132 40.822 39.493 37.351 -9999 -9999 -9999 -9999 -9999 -9999 -9999 -9999 -9999 -9999 -9999 -9999 -9999 -9999 -9999 -9999
68.515 70.325 -9999 -9999 -9999 -9999 -9999 -9999 -9999 -9999 -9999 -9999 62.791 -9999 -9999 -9999 -9999 72.917 78.312 78.182 -9999 -9999 -9999 82.641 81.344 -9999 -9999 -9999 -9999 -9999 -9999 -9999 65.751 61.128 65.95 64.556 66.664 65.444 61.187 55.942 57.406 68.734 73.331 84.416 89.222 92.338 95.768 95.723 86.679 74.503 72.801 68.535 54.906 47.219 43.811 41.994 40.396 41.574 39.206 -9999 -9999 -9999 -9999 -9999 -9999 -9999 -9999 -9999 -9999 -9999 -9999 -9999 -9999 -9999 -9999
68.402 -9999 -9999 -9999 -9999 -9999 -9999 -9999 -9999 -9999 -9999 -9999 67.042 -9999 -9999 -9999 -9999 -9999 69.384 70.181 -9999 -9999 -9999 -9999 -9999 -9999 -9999 -9999 -9999 -9999 -9999 -9999 63.224 73.725 76.841 81.508 83.352 83.257 74.677 66.161 61.163 60.625 72.749 90.357 105.188 110.386 109.536 102.271 84.205 74.382 66.325 59.216 55.068 50.877 46.853 41.883 43.241 44.839 43.475 37.375 -9999 -9999 -9999 -9999 -9999 -9999 -9999 -9999 -9999 -9999 -9999 -9999 -9999 -9999 -9999
-9999 62.354 61.0 58.192 52.964 -9999 -9999 -9999 -9999 -9999 -9999 -9999 66.131 -9999 -9999 -9999 -9999 -9999 -9999 -9999 -9999 -9999 -9999 -9999 -9999 -9999 -9999 -9999 -9999 -9999 -9999 70.442 69.527 75.349 81.992 84.328 100.719 96.332 96.823 75.901 63.381 64.176 58.445 76.75 100.671 112.989 117.981 103.117 103.702 96.33 77.8 64.13 50.897 48.025 47.477 45.13 42.628 44.303 44.091 40.58 36.388 -9999 -9999 -9999 -9999 -9999 -9999 -9999 -9999 -9999 -9999 -9999 -9999 -9999 -9999
63.753 61.462 58.376 53.414 51.278 -9999 -9999 -9999 -9999 -9999 -9999 -9999 -9999 -9999 -9999 -9999 -9999 -9999 -9999 -9999 -9999 -9999 -9999 -9999 -9999 -9999 -9999 -9999 -9999 -9999 78.712 72.735 79.118 89.038 95.812 113.694 137.253 134.167 108.769 82.417 71.426 55.898 55.607 68.333 93.261 121.98 112.505 107.189 100.34 89.94 77.838 65.921 57.171 47.955 45.022 42.688 41.124 42.856 43.976 39.877 35.273 -9999 -9999 -9999 -9999 -9999 -9999 -9999 -9999 -9999 -9999 -9999 -9999 -9999 -9999
63.544 61.117 56.524 -9999 49.93 48.63 -9999 -9999 -9999 -9999 -9999 -9999 -9999 -9999 -9999 -9999 -9999 -9999 -9999 -9999 -9999 -9999 -9999 -9999 -9999 -9999 -9999 -9999 -9999 -9999 94.633 92.594 102.727 123.355 130.894 132.946 125.273 136.773 121.54 101.059 82.499 68.516 61.627 64.945 81.955 95.337 110.594 101.709 92.808 79.492 70.597 58.507 50.725 45.8 43.983 42.293 40.479 38.521 40.364 36.003 33.44 32.66 33.35 -9999 -9999 -9999 -9999 -9999 -9999 -9999 -9999 -9999 -9999 -9999 -9999
64.801 61.207 56.457 -9999 -9999 50.167 -9999 -9999 -9999 -9999 -9999 -9999 -9999 -9999 -9999 -9999 -9999 -9999 -9999 -9999 -9999 -9999 -9999 -9999 -9999 -9999 -9999 -9999 -9999 -9999 93.89 99.543 117.796 136.404 151.316 154.73 167.488 161.848 143.995 126.342 112.473 91.411 75.811 65.461 57.224 73.26 82.516 78.511 81.48 76.181 62.171 55.002 48.253 43.681 39.802 40.689 37.769 36.652 36.146 36.361 33.712 40.61 41.317 40.14 38.643 44.332 -9999 -9999 -9999 -9999 -9999 -9999 -9999 -9999 -9999
66.586 67.345 60.469 50.168 -9999 50.034 -9999 -9999 -9999 -9999 -9999 -9999 -9999 -9999 -9999 -9999 -9999 -9999 -9999 -9999 -9999 -9999 -9999 -9999 -9999 -9999 -9999 -9999 -9999 73.073 96.827 112.075 143.784 189.302 217.825 225.135 186.795 181.369 175.523 168.82 142.326 127.475 101.222 74.016 62.693 71.01 66.299 71.092 80.904 74.37 60.571 54.488 50.74 46.318 41.533 39.414 36.965 32.698 33.065 36.573 40.014 43.426 53.405 50.873 50.731 48.857 46.297 48.192 -9999 -9999 -9999 -9999 -9999 -9999 -9999
71.76 63.844 58.026 -9999 50.82 -9999 -9999 -9999 -9999 -9999 -9999 -9999 -9999 -9999 -9999 -9999 -9999 -9999 -9999 -9999 -9999 -9999 -9999 -9999 -9999 -9999 -9999 -9999 -9999 -9999 76.917 102.32 139.584 180.133 216.045 251.777 268.414 188.399 181.462 165.119 169.568 147.746 113.564 90.8 78.999 76.591 77.571 96.525 90.572 83.44 78.502 69.766 56.354 50.569 44.6 40.133 38.055 36.506 35.641 36.597 43.355 48.134 54.657 53.155 53.468 54.506 52.444 50.539 49.093 -9999 -9999 -9999 -9999 -9999 -9999
66.767 60.515 55.981 52.269 53.762 -9999 -9999 -9999 -9999 -9999 -9999 -9999 -9999 -9999 -9999 -9999 -9999 -9999 -9999 -9999 -9999 -9999 -9999 -9999 -9999 -9999 -9999 -9999 -9999 -9999 -9999 79.892 111.833 141.91 184.513 235.064 226.808 173.32 148.399 151.727 151.46 130.753 120.298 113.982 100.141 94.584 107.72 106.143 104.57 103.462 90.775 75.686 66.184 55.167 47.717 41.074 38.372 38.333 39.556 41.654 50.323 56.919 66.178 72.15 66.318 67.057 56.267 54.261 51.124 47.173 -9999 -9999 -9999 -9999 -9999
68.435 63.016 56.69 53.385 -9999 -9999 -9999 -9999 -9999 -9999 -9999 -9999 -9999 -9999 -9999 -9999 -9999 -9999 -9999 -9999 -9999 -9999 -9999 -9999 -9999 -9999 -9999 -9999 -9999 -9999 -9999 71.604 98.47 129.17 156.614 199.086 189.793 151.593 136.761 124.487 112.913 107.226 110.007 112.716 127.34 121.824 123.26 123.398 110.604 89.393 78.057 74.505 66.57 58.776 47.571 41.505 39.582 39.386 42.799 47.56 55.286 64.172 66.311 67.88 67.641 70.567 67.947 59.467 57.219 51.299 43.964 -9999 -9999 -9999 -9999
75.655 65.793 56.313 52.457 -9999 -9999 -9999 -9999 -9999 -9999 -9999 -9999 -9999 -9999 -9999 -9999 -9999 -9999 -9999 -9999 -9999 -9999 -9999 -9999 -9999 -9999 -9999 -9999 -9999 -9999 -9999 -9999 89.919 117.155 140.075 155.607 138.456 135.624 116.959 106.599 102.06 96.787 97.228 110.29 116.381 131.837 125.327 123.318 105.236 93.253 82.694 79.751 64.383 56.454 46.387 42.702 41.974 38.88 43.451 50.976 54.961 62.724 68.71 69.221 64.979 63.419 64.569 64.489 59.512 57.34 48.096 -9999 -9999 -9999 -9999
-9999 -9999 -9999 -9999 -9999 -9999 -9999 -9999 -9999 -9999 -9999 -9999 -9999 -9999 -9999 -9999 -9999 -9999 -9999 -9999 -9999 -9999 -9999 -9999 -9999 -9999 -9999 -9999 -9999 -9999 -9999 -9999 83.355 106.398 113.869 111.023 116.102 108.567 107.982 99.933 91.693 91.447 95.153 102.176 130.014 130.008 126.965 120.101 113.767 99.078 82.961 73.062 65.537 55.197 48.154 41.839 39.016 39.448 40.228 48.023 54.941 58.264 60.124 59.824 57.057 59.523 59.974 63.078 60.621 54.266 51.141 42.076 -9999 -9999 -9999
-9999 -9999 -9999 -9999 -9999 -9999 -9999 -9999 -9999 -9999 -9999 -9999 -9999 -9999 -9999 -9999 -9999 -9999 -9999 -9999 -9999 -9999 -9999 -9999 -9999 -9999 -9999 -9999 -9999 -9999 -9999 -9999 -9999 93.218 93.006 94.451 100.95 97.852 92.418 82.897 79.762 85.574 94.062 111.092 126.076 134.418 131.976 127.196 124.219 113.511 103.831 86.499 77.084 66.156 53.701 44.905 38.749 36.282 38.118 40.714 49.799 55.453 53.327 47.815 45.637 44.832 47.131 48.379 51.229 48.299 45.996 43.173 -9999 -9999 -9999
-9999 -9999 -9999 -9999 -9999 -9999 -9999 -9999 -9999 -9999 -9999 -9999 -9999 -9999 -9999 -9999 -9999 -9999 -9999 -9999 -9999 -9999 -9999 -9999 -9999 -9999 -9999 -9999 -9999 -9999 -9999 -9999 -9999 81.612 -9999 82.995 81.958 82.233 79.513 -9999 76.796 84.299 95.855 102.209 122.482 135.762 134.914 129.683 122.473 117.664 120.675 103.708 84.176 71.963 61.676 48.587 41.616 37.062 36.001 39.391 42.623 47.727 47.537 45.364 40.983 39.297 39.393 41.76 44.389 45.557 48.247 49.141 44.999 -9999 -9999
-9999 -9999 -9999 -9999 -9999 -9999 -9999 -9999 -9999 -9999 -9999 -9999 -9999 -9999 -9999 -9999 -9999 -9999 -9999 -9999 -9999 -9999 -9999 -9999 -9999 -9999 -9999 -9999 -9999 -9999 -9999 -9999 -9999 -9999 74.255 73.927 -9999 -9999 -9999 -9999 70.146 75.359 76.873 85.156 95.606 103.47 100.555 114.012 116.215 111.911 110.152 112.736 95.752 77.723 64.87 55.415 46.38 40.633 37.147 37.558 41.418 44.095 46.615 44.793 44.333 41.153 38.703 41.215 46.306 47.822 47.254 50.586 49.862 47.361 44.731
-9999 -9999 -9999 -9999 -9999 -9999 -9999 -9999 -9999 -9999 -9999 -9999 -9999 -9999 -9999 -9999 -9999 -9999 -9999 -9999 -9999 -9999 -9999 -9999 -9999 -9999 -9999 -9999 -9999 -9999 -9999 -9999 -9999 -9999 67.115 67.261 -9999 -9999 -9999 -9999 64.865 72.851 71.232 74.848 81.358 87.227 87.698 92.632 107.933 105.407 99.116 104.771 95.024 84.404 68.584 57.994 47.938 41.522 38.066 36.235 36.952 39.872 42.691 43.606 41.328 42.013 42.337 43.39 48.196 52.083 51.241 47.642 44.773 44.857 43.74
-9999 -9999 -9999 -9999 -9999 -9999 -9999 -9999 -9999 -9999 -9999 -9999 -9999 -9999 -9999 -9999 -9999 -9999 -9999 -9999 -9999 -9999 -9999 -9999 -9999 -9999 -9999 -9999 -9999 -9999 -9999 -9999 -9999 -9999 63.914 -9999 -9999 -9999 -9999 61.317 66.172 74.612 84.979 90.091 103.84 93.928 75.695 94.256 102.963 93.725 89.457 87.378 86.738 78.393 68.632 55.924 46.866 41.356 39.515 37.891 36.675 37.498 39.007 40.609 41.844 44.128 50.095 50.377 50.911 51.747 50.189 47.166 43.136 42.87 -9999
-9999 -9999 -9999 -9999 -9999 -9999 -9999 -9999 -9999 -9999 -9999 -9999 -9999 -9999 -9999 -9999 -9999 -9999 -9999 -9999 -9999 -9999 -9999 -9999 -9999 -9999 -9999 -9999 -9999 -9999 -9999 -9999 -9999 -9999 -9999 -9999 -9999 -9999 -9999 57.551 65.78 83.651 104.762 120.753 120.297 95.868 85.812 82.312 80.907 75.749 78.956 81.555 77.339 75.155 68.675 57.224 49.421 44.71 41.044 38.576 37.201 37.757 38.801 39.755 42.853 45.516 53.148 57.174 51.048 49.349 46.637 43.853 41.77 41.757 -9999
-9999 -9999 -9999 -9999 -9999 -9999 -9999 -9999 -9999 -9999 -9999 -9999 -9999 -9999 -9999 -9999 -9999 -9999 -9999 -9999 -9999 -9999 -9999 -9999 -9999 -9999 -9999 -9999 -9999 -9999 -9999 -9999 -9999 -9999 -9999 -9999 -9999 -9999 -9999 56.314 64.796 88.451 112.276 129.625 117.615 97.361 81.394 77.045 74.411 72.796 76.557 67.092 71.666 67.115 64.847 56.744 48.755 44.499 41.883 41.916 39.091 37.544 37.706 38.128 41.159 44.823 49.154 53.299 50.266 46.602 46.564 43.613 41.886 40.423 -9999
-9999 -9999 -9999 -9999 -9999 -9999 -9999 -9999 -9999 -9999 -9999 -9999 -9999 -9999 -9999 -9999 -9999 -9999 -9999 -9999 -9999 -9999 -9999 -9999 -9999 -9999 -9999 -9999 -9999 -9999 -9999 -9999 -9999 -9999 -9999 -9999 -9999 -9999 54.57 54.806 63.323 85.172 111.211 124.24 107.179 96.428 74.851 69.932 74.488 72.572 71.544 69.008 63.499 60.849 55.103 52.168 44.593 42.186 40.021 38.981 39.917 37.482 36.913 36.753 37.97 41.647 44.97 48.302 47.119 45.158 42.77 42.211 41.06 41.456 39.518
-9999 -9999 -9999 -9999 -9999 -9999 -9999 -9999 -9999 -9999 -9999 -9999 -9999 -9999 -9999 -9999 -9999 -9999 -9999 -9999 -9999 -9999 -9999 -9999 -9999 -9999 -9999 -9999 -9999 -9999 -9999 -9999 -9999 -9999 -9999 -9999 -9999 -9999 55.048 54.67 65.346 77.983 96.376 88.42 87.427 78.095 77.326 89.699 77.575 72.71 69.976 66.636 62.221 56.399 55.598 54.178 50.065 42.866 40.835 39.153 38.127 37.482 36.831 36.538 37.709 38.871 40.793 41.781 43.872 43.882 42.882 40.569 39.805 39.916 38.913
-9999 -9999 -9999 -9999 -9999 -9999 -9999 -9999 -9999 -9999 -9999 -9999 -9999 -9999 -9999 -9999 -9999 -9999 -9999 -9999 -9999 -9999 -9999 -9999 -9999 -9999 -9999 -9999 -9999 -9999 -9999 -9999 -9999 -9999 -9999 -9999 -9999 55.272 54.339 56.378 60.616 70.889 73.851 73.758 74.386 74.611 79.954 80.895 77.218 74.191 78.78 71.594 60.427 56.811 53.111 51.037 48.295 46.352 41.779 40.326 39.182 37.983 37.681 37.24 37.76 37.966 39.046 41.253 42.886 45.095 45.032 42.036 40.76 40.396 39.237
-9999 -9999 -9999 -9999 -9999 -9999 -9999 -9999 -9999 -9999 -9999 -9999 -9999 -9999 -9999 -9999 -9999 -9999 -9999 -9999 -9999 -9999 -9999 -9999 -9999 -9999 -9999 -9999 -9999 -9999 -9999 -9999 -9999 -9999 -9999 -9999 -9999 52.725 53.808 54.284 57.705 62.55 64.07 65.39 71.478 74.204 73.065 78.112 78.325 94.684 92.28 80.687 68.713 58.812 55.449 48.636 44.144 43.898 43.75 40.514 39.082 38.544 37.23 37.303 36.713 35.638 34.045 38.275 42.957 46.416 46.711 42.68 39.799 38.515 39.614
-9999 -9999 -9999 -9999 -9999 -9999 -9999 -9999 -9999 -9999 -9999 -9999 -9999 -9999 -9999 -9999 -9999 -9999 -9999 -9999 -9999 -9999 -9999 -9999 -9999 -9999 -9999 -9999 -9999 -9999 -9999 -9999 -9999 -9999 -9999 -9999 -9999 52.571 52.449 53.28 55.377 57.953 60.961 64.069 72.658 73.13 78.446 86.506 95.793 100.793 92.103 80.183 68.659 59.462 55.579 51.271 45.278 42.773 41.33 39.642 37.697 37.631 37.319 37.529 37.019 36.015 34.969 35.609 39.986 43.49 44.377 42.13 38.885 37.174 36.197
-9999 -9999 -9999 -9999 -9999 -9999 -9999 -9999 -9999 -9999 -9999 -9999 -9999 -9999 -9999 -9999 -9999 -9999 -9999 -9999 -9999 -9999 -9999 -9999 -9999 -9999 -9999 -9999 -9999 -9999 -9999 -9999 -9999 -9999 -9999 -9999 -9999 -9999 51.982 52.65 50.926 51.392 64.339 76.439 83.552 85.998 90.663 91.294 100.662 95.419 88.232 77.303 63.101 57.427 50.168 48.811 45.037 42.28 41.243 38.662 37.189 37.426 37.122 36.384 36.681 35.912 35.702 35.251 37.97 40.005 40.742 -9999 37.99 -9999 35.81
