Validation/Results/raw data/ReClimate_10_2024_1_Temperature-Actualsweatherlogisticsltd.asc
NCOLS 192
NROWS 249
XLLCENTER -225160.85627316462
YLLCENTER 29788.11610251431
CELLSIZE 5000.0
NODATA_VALUE -9999
[rows 170 to 203 of 249, columns 77 to 153 of 192]
-9999 -9999 -9999 -9999 -9999 -9999 -9999 -9999 -9999 -9999 -9999 -9999 -9999 -9999 -9999 10.182 10.008 -9999 -9999 -9999 -9999 -9999 -9999 -9999 -9999 -9999 -9999 -9999 -9999 -9999 -9999 -9999 -9999 -9999 8.841 8.946 8.721 8.545 8.311 8.326 8.339 8.378 8.426 8.565 8.645 8.615 8.378 7.944 7.214 6.514 5.876 6.087 6.12 6.567 7.507 7.895 8.091 7.791 7.77 7.951 8.147 8.156 8.125 8.055 8.067 8.071 7.981 7.943 8.031 8.068 7.992 7.67 7.722 7.699 7.968 8.273 8.468
-9999 -9999 -9999 -9999 -9999 -9999 -9999 -9999 -9999 -9999 -9999 -9999 -9999 -9999 -9999 9.815 9.579 9.713 -9999 -9999 -9999 -9999 -9999 -9999 -9999 -9999 -9999 -9999 -9999 -9999 -9999 -9999 -9999 8.995 9.008 8.923 8.83 8.57 8.573 8.428 8.387 8.378 8.412 8.447 8.459 8.395 8.297 8.028 7.494 6.576 5.864 6.262 6.732 6.847 7.382 8.207 8.295 8.079 7.716 7.846 8.123 8.189 8.137 8.021 8.024 8.053 8.026 7.925 7.986 8.058 8.045 7.821 7.631 7.731 7.906 8.266 8.505
-9999 -9999 -9999 -9999 -9999 -9999 -9999 -9999 -9999 -9999 -9999 -9999 -9999 -9999 10.131 9.621 9.267 9.449 9.9 -9999 -9999 -9999 -9999 -9999 -9999 -9999 -9999 -9999 -9999 -9999 9.204 -9999 -9999 8.968 8.734 8.908 8.877 8.751 -9999 8.361 8.272 8.23 8.244 8.162 8.242 8.181 8.114 7.779 7.24 7.5 6.536 6.755 7.242 6.766 7.511 7.887 8.217 8.126 7.877 7.911 8.075 8.212 8.151 8.066 8.083 8.082 8.072 7.97 7.974 8.071 8.046 7.966 7.739 7.65 7.76 8.156 8.426
-9999 -9999 -9999 -9999 -9999 -9999 -9999 -9999 -9999 -9999 -9999 -9999 -9999 -9999 10.168 9.644 9.37 9.376 9.686 9.915 10.169 -9999 -9999 -9999 9.391 9.496 -9999 9.347 9.289 9.157 8.389 8.495 -9999 -9999 8.855 8.838 -9999 -9999 8.494 8.238 8.383 8.52 8.326 8.119 8.007 7.979 7.816 7.321 6.743 7.015 6.891 6.686 6.859 6.834 7.034 7.997 8.104 7.988 7.755 7.91 7.997 8.092 8.131 8.045 8.1 8.112 8.084 8.012 7.981 8.09 8.08 8.034 7.891 7.737 7.614 7.804 8.151
-9999 -9999 -9999 -9999 -9999 -9999 -9999 -9999 -9999 -9999 -9999 -9999 -9999 -9999 -9999 9.959 9.576 9.463 9.631 9.711 -9999 -9999 7.998 7.796 8.856 8.338 8.465 8.529 8.995 8.744 8.454 8.114 8.164 -9999 8.831 8.823 8.738 8.611 8.12 7.869 8.27 8.626 8.456 8.15 8.022 7.875 7.697 7.086 6.321 6.471 6.69 6.895 7.119 6.964 7.136 7.736 8.11 8.005 7.805 7.882 7.947 7.979 8.022 8.057 8.118 8.141 8.04 7.84 7.976 8.168 8.151 8.106 8.006 7.865 7.816 7.79 7.86
-9999 -9999 -9999 -9999 -9999 -9999 -9999 -9999 -9999 -9999 -9999 -9999 -9999 -9999 -9999 10.163 9.866 9.861 9.789 9.711 9.537 8.309 6.408 8.237 8.566 7.774 8.139 7.88 8.243 8.612 8.316 7.5 8.029 8.264 8.616 8.79 8.666 8.389 7.986 7.849 8.165 8.429 8.371 8.23 8.07 7.91 7.641 6.858 6.416 6.195 6.504 6.578 7.215 7.334 7.092 7.395 7.818 7.872 7.849 7.892 7.913 7.963 8.01 8.044 8.19 8.161 8.143 8.112 8.034 8.242 8.243 8.195 8.108 7.939 7.754 7.85 8.009
-9999 -9999 -9999 -9999 -9999 -9999 -9999 -9999 -9999 -9999 -9999 -9999 -9999 -9999 -9999 -9999 10.197 10.115 9.774 9.119 8.073 5.735 6.332 7.884 7.711 7.825 7.355 7.245 7.489 7.783 7.943 8.08 7.45 8.073 8.468 8.537 8.598 8.449 8.153 8.059 8.16 8.281 8.311 8.172 8.038 7.897 7.5 6.999 6.474 6.347 6.722 6.574 6.798 7.618 7.354 7.401 7.699 7.709 7.826 7.981 7.968 7.955 7.992 8.063 8.226 8.233 8.246 8.16 8.164 8.249 8.28 8.249 8.154 8.053 7.991 7.944 7.995
-9999 -9999 -9999 -9999 -9999 -9999 -9999 -9999 -9999 -9999 -9999 -9999 -9999 -9999 -9999 -9999 -9999 -9999 9.307 8.219 7.055 6.541 6.89 8.065 7.97 7.339 6.82 6.711 6.779 7.578 8.279 7.898 7.269 7.723 8.274 8.529 8.691 8.518 8.268 8.05 8.078 8.11 8.119 8.108 8.012 7.756 7.25 6.97 6.792 6.408 6.672 6.56 6.52 7.071 7.664 7.593 7.9 7.768 7.657 7.89 7.998 8.074 8.095 8.159 8.259 8.278 8.28 8.283 8.135 8.202 8.241 8.236 8.198 8.149 8.131 8.074 7.991
-9999 -9999 -9999 -9999 -9999 -9999 -9999 -9999 -9999 -9999 -9999 -9999 -9999 -9999 -9999 -9999 -9999 9.977 8.937 8.247 7.891 7.026 7.922 8.229 7.681 7.517 7.01 6.56 6.892 7.016 7.774 7.596 7.066 7.372 7.929 8.618 8.685 8.552 8.185 7.972 7.966 8.008 8.065 8.072 7.904 7.48 7.291 7.399 7.074 6.605 6.806 6.821 6.932 7.127 7.284 7.729 7.843 7.815 7.8 7.831 8.007 8.008 8.18 8.273 8.306 8.296 8.292 8.104 8.104 8.186 8.261 8.25 8.247 8.234 8.222 8.17 8.135
-9999 -9999 -9999 -9999 -9999 -9999 -9999 -9999 -9999 -9999 -9999 -9999 -9999 -9999 -9999 -9999 10.011 8.338 8.658 8.233 7.822 7.998 6.815 6.979 7.213 7.098 6.55 6.987 6.776 7.203 7.603 6.941 6.618 7.233 7.961 8.601 8.742 8.541 8.123 8.079 8.112 8.073 8.104 7.981 7.697 7.645 7.548 7.179 6.96 6.822 6.664 7.09 7.264 7.449 7.641 7.676 7.974 7.937 7.985 8.0 8.06 8.246 8.115 8.271 8.327 8.27 8.241 8.072 7.998 8.193 8.238 8.262 8.271 8.267 8.253 8.292 8.374
-9999 -9999 -9999 -9999 -9999 -9999 -9999 -9999 -9999 -9999 -9999 -9999 -9999 -9999 -9999 9.918 8.567 9.043 8.987 8.627 8.714 8.129 7.709 7.262 6.836 6.52 6.541 6.64 6.787 7.409 7.028 7.089 7.745 7.932 8.391 8.503 8.64 8.425 8.171 8.14 8.108 8.119 7.954 7.686 7.776 7.72 7.559 7.147 7.082 7.412 7.268 7.232 7.462 7.563 7.697 7.814 7.89 8.109 8.19 8.325 8.382 8.418 8.388 8.259 8.281 8.26 8.222 8.063 8.001 8.203 8.253 8.224 8.231 8.221 8.271 8.326 8.402
-9999 -9999 -9999 -9999 -9999 -9999 -9999 -9999 -9999 -9999 -9999 -9999 -9999 9.841 9.95 9.547 9.596 9.799 9.756 9.368 9.466 8.916 8.089 7.401 6.741 5.906 7.052 7.137 7.456 7.296 6.559 6.89 7.328 8.036 8.314 8.392 8.429 8.291 8.126 8.026 8.075 8.0 7.78 7.668 7.602 7.781 7.513 7.23 7.319 7.417 7.51 7.588 7.662 7.779 7.853 8.084 8.097 8.151 8.392 8.572 8.621 8.457 8.365 8.311 8.248 8.175 8.166 7.974 7.919 8.15 8.257 8.222 8.197 8.214 8.256 8.273 -9999
-9999 -9999 -9999 -9999 -9999 -9999 -9999 -9999 -9999 -9999 -9999 -9999 9.69 9.739 9.695 9.884 -9999 -9999 -9999 -9999 8.918 7.931 7.622 7.309 6.514 7.222 7.271 6.723 7.043 6.456 5.431 6.23 7.066 7.515 8.175 8.482 8.36 8.222 8.123 8.069 8.043 7.97 7.791 7.698 7.586 7.657 7.502 7.473 7.51 7.581 7.756 7.837 7.881 8.049 8.105 8.25 8.441 8.385 8.443 8.499 8.505 8.393 8.29 8.21 8.09 8.026 8.028 7.955 7.889 8.046 8.224 8.257 8.219 8.207 8.241 8.245 8.301
-9999 -9999 -9999 -9999 -9999 -9999 -9999 -9999 -9999 -9999 -9999 -9999 9.714 9.605 10.085 -9999 -9999 -9999 -9999 -9999 8.728 7.931 7.414 7.573 6.918 6.996 6.619 6.15 6.298 5.973 6.024 7.261 7.357 7.929 8.426 8.56 8.404 8.223 8.082 7.938 7.891 7.911 7.806 7.692 7.676 7.591 7.679 7.698 7.799 7.634 7.625 7.727 7.924 8.108 8.204 8.303 8.322 8.371 8.394 8.334 8.269 8.095 8.085 7.908 7.762 7.735 7.853 7.91 7.917 8.053 8.231 8.35 8.31 8.267 8.236 8.194 8.202
-9999 -9999 -9999 -9999 -9999 -9999 -9999 -9999 -9999 -9999 -9999 -9999 -9999 -9999 10.269 -9999 -9999 -9999 -9999 -9999 8.733 7.838 7.981 7.64 7.279 7.227 6.155 6.357 7.053 6.392 7.097 7.372 7.651 8.251 8.586 8.589 8.277 8.168 8.017 7.914 8.016 7.947 7.903 7.855 7.742 7.77 7.863 7.971 7.912 7.888 7.822 7.765 7.97 8.02 7.871 8.008 8.141 8.174 8.331 8.256 8.034 7.794 7.678 7.821 7.72 7.667 7.733 7.855 7.932 8.073 8.276 8.445 8.432 8.364 8.31 8.239 8.253
-9999 -9999 -9999 -9999 -9999 -9999 -9999 -9999 -9999 -9999 -9999 -9999 -9999 -9999 -9999 -9999 -9999 -9999 -9999 -9999 9.113 8.47 9.081 8.247 7.506 6.456 6.647 6.686 6.598 7.262 7.338 7.477 8.258 8.473 8.666 8.514 8.353 8.201 8.187 8.179 8.137 8.09 8.026 7.949 7.899 7.865 7.945 7.938 7.797 7.979 8.116 8.083 8.038 8.155 7.904 7.744 7.928 7.891 8.068 8.232 8.027 7.89 7.766 7.772 7.885 7.81 7.78 7.917 8.037 8.148 8.305 8.47 8.48 8.43 8.376 8.344 8.351
-9999 -9999 -9999 -9999 -9999 -9999 -9999 -9999 -9999 -9999 -9999 -9999 -9999 -9999 -9999 -9999 -9999 -9999 -9999 -9999 -9999 9.084 7.752 7.152 7.031 7.271 7.2 6.904 7.473 7.531 7.897 8.316 8.174 8.567 8.547 8.265 8.24 8.259 8.384 8.43 8.284 8.089 8.038 7.879 7.834 7.871 7.99 7.858 7.664 7.789 8.091 8.209 8.193 8.13 8.067 7.888 7.781 7.592 7.621 8.071 8.167 7.955 7.785 7.625 7.672 7.892 7.898 8.005 8.146 8.299 8.383 8.49 8.499 8.474 8.443 8.433 8.441
-9999 -9999 -9999 -9999 -9999 -9999 -9999 -9999 -9999 -9999 -9999 -9999 -9999 -9999 -9999 -9999 -9999 -9999 -9999 -9999 9.103 8.503 7.761 6.8 7.568 7.68 7.19 7.445 7.499 7.5 8.308 8.237 8.181 8.389 7.566 8.11 8.338 8.324 8.258 8.366 8.051 7.61 7.609 7.815 7.964 7.912 8.013 7.946 7.835 7.829 8.041 8.166 8.223 8.182 8.055 7.991 7.832 7.77 7.779 8.025 8.169 8.0 7.734 7.532 7.553 7.844 8.061 8.138 8.286 8.395 8.443 8.482 8.521 8.514 8.504 8.519 8.531
-9999 -9999 -9999 -9999 -9999 -9999 -9999 -9999 -9999 -9999 -9999 -9999 -9999 -9999 -9999 -9999 -9999 -9999 -9999 -9999 9.319 8.697 6.951 8.083 8.491 7.898 7.713 7.402 6.943 7.545 8.263 8.219 8.434 8.082 8.166 8.219 8.077 7.986 8.282 8.156 7.804 7.658 7.705 8.025 7.995 7.924 8.012 7.978 8.038 8.021 8.066 8.159 8.203 8.225 8.168 8.083 7.987 7.83 7.943 8.138 8.126 7.886 7.577 7.552 7.595 7.732 8.013 8.24 8.295 8.422 8.424 8.437 8.539 8.584 8.586 8.605 8.63
-9999 -9999 -9999 -9999 -9999 -9999 -9999 -9999 -9999 -9999 -9999 -9999 -9999 -9999 -9999 -9999 -9999 -9999 -9999 -9999 9.251 8.436 8.912 8.598 8.293 7.986 7.501 6.721 7.009 7.262 7.902 8.161 8.481 8.394 8.145 7.692 7.375 7.472 7.954 7.712 7.78 7.682 7.923 8.188 8.065 8.041 8.067 8.095 8.194 8.073 8.03 8.158 8.208 8.071 8.161 8.18 8.104 8.026 8.079 8.173 8.107 7.905 7.718 7.649 7.766 7.917 8.109 8.198 8.294 8.389 8.529 8.476 8.571 8.625 8.625 8.646 8.656
-9999 -9999 -9999 -9999 -9999 -9999 -9999 -9999 -9999 -9999 -9999 -9999 -9999 -9999 -9999 -9999 -9999 -9999 -9999 -9999 -9999 9.558 8.384 7.666 7.005 6.889 6.904 7.162 7.451 8.02 8.137 8.305 8.243 8.211 8.078 7.805 7.48 7.395 7.579 7.8 7.751 7.64 8.007 8.282 8.14 8.255 8.189 8.089 8.387 8.429 8.244 8.254 8.296 8.079 7.981 8.209 8.143 8.088 8.124 8.127 8.006 7.924 7.921 7.996 7.999 8.098 8.158 8.179 8.31 8.439 8.492 8.519 8.621 8.67 8.643 8.633 8.647
-9999 -9999 -9999 -9999 -9999 -9999 -9999 -9999 -9999 -9999 -9999 -9999 -9999 -9999 -9999 -9999 -9999 -9999 -9999 -9999 -9999 8.955 7.885 7.078 6.41 6.231 6.655 7.437 8.031 8.065 7.716 7.305 7.062 7.136 7.644 7.951 7.563 7.507 7.65 7.757 7.336 7.627 7.996 8.167 8.179 8.325 8.204 8.256 8.263 8.41 8.43 8.347 8.351 8.221 8.118 8.235 8.226 8.037 7.957 7.934 7.851 7.861 7.996 7.934 7.987 8.037 8.189 8.149 8.268 8.403 8.397 8.495 8.636 8.667 8.64 8.578 8.503
-9999 -9999 -9999 -9999 -9999 -9999 -9999 -9999 -9999 -9999 -9999 -9999 -9999 -9999 -9999 -9999 -9999 -9999 -9999 -9999 9.531 8.785 7.843 7.043 6.558 6.735 7.158 7.563 7.232 6.549 6.813 6.73 6.825 7.506 7.829 7.692 7.616 7.781 7.848 7.421 7.318 7.544 7.954 8.136 8.185 8.385 8.247 8.071 8.258 8.15 8.254 8.227 8.26 8.271 8.3 8.391 8.278 8.128 8.046 7.911 7.882 7.767 7.879 7.93 7.972 8.085 8.135 8.259 8.33 8.35 8.348 8.491 8.679 8.673 8.665 8.589 8.46
-9999 -9999 -9999 -9999 -9999 -9999 -9999 -9999 -9999 -9999 -9999 -9999 -9999 -9999 -9999 -9999 -9999 -9999 -9999 -9999 9.168 8.543 8.006 7.607 7.09 6.518 6.788 6.961 6.717 6.794 6.545 6.432 6.833 7.466 7.175 7.246 7.816 7.633 7.973 7.575 7.219 7.318 8.099 8.105 8.445 8.442 8.232 8.092 7.749 7.994 8.037 8.116 8.131 8.2 8.223 8.308 8.289 8.2 8.159 8.121 7.899 7.812 7.777 7.839 7.94 8.19 8.261 8.315 8.353 8.332 8.346 8.492 8.592 8.667 8.677 8.653 8.527
-9999 -9999 -9999 -9999 -9999 -9999 -9999 -9999 -9999 -9999 -9999 -9999 -9999 -9999 -9999 -9999 -9999 -9999 -9999 -9999 8.783 8.69 8.651 7.953 6.96 6.422 6.75 6.879 7.056 6.702 6.777 6.935 7.101 7.004 7.159 7.801 7.842 7.896 7.577 7.834 7.609 7.945 7.999 8.081 8.409 8.521 8.347 7.979 8.062 8.009 7.984 8.045 8.07 8.203 8.195 8.1 8.131 8.128 8.174 8.121 7.936 7.803 7.929 8.064 8.001 8.183 8.271 8.387 8.373 8.325 8.448 8.597 8.679 8.728 8.801 8.767 8.715
-9999 -9999 -9999 -9999 -9999 -9999 -9999 -9999 -9999 -9999 -9999 -9999 -9999 -9999 -9999 -9999 -9999 -9999 -9999 8.938 8.602 8.051 8.067 7.822 6.926 6.788 6.459 6.856 7.426 7.382 7.442 7.08 6.978 7.359 7.409 7.464 7.855 7.813 8.138 8.196 8.176 8.147 8.042 8.287 8.478 8.512 8.452 8.353 8.281 8.351 8.206 8.149 8.101 8.162 8.248 8.179 8.171 8.25 8.197 8.073 7.981 7.953 8.116 8.227 8.226 8.226 8.406 8.348 8.381 8.351 8.401 8.568 8.711 8.736 8.774 8.787 8.801
-9999 -9999 -9999 -9999 -9999 -9999 -9999 -9999 -9999 -9999 -9999 -9999 -9999 -9999 -9999 -9999 -9999 -9999 8.72 8.601 7.949 8.128 8.11 7.169 6.61 6.499 6.728 7.1 7.474 7.313 7.399 7.108 6.674 7.319 7.282 7.908 8.09 8.273 8.302 8.205 8.07 8.106 8.023 8.342 8.415 8.637 8.613 8.49 8.381 8.402 8.41 8.214 8.172 8.298 8.369 8.284 8.211 8.199 8.17 8.065 8.047 8.081 8.199 8.361 8.437 8.496 8.379 8.324 8.332 8.381 8.443 8.58 8.624 8.604 8.593 8.641 8.741
-9999 -9999 -9999 -9999 -9999 -9999 -9999 -9999 -9999 -9999 -9999 -9999 -9999 -9999 -9999 -9999 8.377 8.469 8.317 8.704 8.539 8.32 7.722 6.858 6.502 6.396 6.284 6.948 7.218 7.626 7.395 6.934 6.935 7.434 7.93 8.108 8.363 8.376 8.382 8.073 7.992 8.008 8.272 8.572 8.644 8.626 8.59 8.485 8.425 8.431 8.422 8.247 8.297 8.404 8.509 8.277 8.154 8.028 7.906 7.936 8.015 8.219 8.319 8.384 8.323 8.415 8.396 8.397 8.38 8.399 8.48 8.619 8.702 8.537 8.476 8.526 8.676
-9999 -9999 -9999 -9999 -9999 -9999 -9999 -9999 -9999 -9999 -9999 -9999 -9999 -9999 -9999 8.439 8.191 7.783 8.091 8.437 8.36 8.067 7.119 7.036 6.572 6.467 6.828 7.421 7.856 7.791 7.692 7.229 6.746 7.317 7.864 8.3 8.299 8.318 8.075 8.191 8.014 8.077 8.447 8.689 8.833 8.789 8.595 8.6 8.442 8.442 8.496 8.424 8.373 8.429 8.35 8.342 8.133 8.091 7.996 7.835 7.873 8.002 8.168 8.253 8.253 8.327 8.448 8.383 8.547 8.587 8.599 8.669 8.642 8.544 8.445 8.539 8.678
-9999 -9999 -9999 -9999 -9999 -9999 -9999 -9999 -9999 -9999 -9999 -9999 9.888 9.285 8.844 8.471 7.881 7.818 8.09 8.504 8.468 7.491 7.358 7.246 7.419 6.662 7.346 7.54 7.219 7.715 7.907 6.691 7.26 7.816 8.567 8.551 8.361 7.907 8.472 8.312 8.252 8.285 8.37 8.716 8.862 8.93 8.788 8.734 8.572 8.457 8.54 8.518 8.524 8.396 8.304 8.017 8.119 8.169 8.138 7.982 7.959 8.058 8.19 8.313 8.291 8.357 8.399 8.511 8.575 8.659 8.605 8.651 8.679 8.6 8.611 8.642 8.702
-9999 -9999 -9999 -9999 -9999 -9999 -9999 -9999 -9999 -9999 9.412 9.543 9.414 9.15 8.934 8.514 8.496 8.315 8.618 8.431 7.552 7.869 7.779 7.763 7.817 7.277 7.125 6.486 7.028 7.423 7.343 7.631 8.003 8.481 7.933 8.16 8.392 8.543 8.618 8.569 8.456 8.475 8.637 8.639 8.883 9.054 8.959 8.86 8.753 8.68 8.661 8.468 8.577 8.576 8.312 8.127 7.979 8.181 8.157 8.015 7.95 7.995 8.109 8.342 8.474 8.52 8.486 8.458 8.607 8.565 8.501 8.592 8.695 8.681 8.661 8.651 8.631
-9999 -9999 -9999 -9999 -9999 -9999 9.572 9.477 9.455 9.432 8.92 9.416 9.155 9.107 8.825 8.576 8.57 8.576 8.554 7.849 8.064 8.282 7.823 8.227 7.94 7.489 6.679 6.889 7.276 7.524 7.455 7.986 8.38 7.404 7.491 8.16 8.228 8.598 8.628 8.678 8.551 8.366 8.595 8.518 9.008 9.07 9.004 8.789 8.679 8.72 8.257 8.429 8.558 8.609 8.35 8.056 8.047 8.15 8.165 8.152 8.072 8.072 8.158 8.357 8.464 8.547 8.574 8.461 8.467 8.525 8.502 8.65 8.791 8.698 8.435 8.409 8.35
-9999 -9999 -9999 -9999 -9999 10.01 9.542 9.475 9.287 8.493 8.194 8.324 8.559 8.768 8.247 8.133 8.272 8.278 7.997 8.33 8.337 8.011 8.397 8.561 8.198 7.617 7.196 7.408 7.59 7.632 7.891 8.158 7.239 6.25 7.327 7.982 8.474 8.428 8.563 8.426 8.489 8.63 8.68 8.896 9.0 9.01 9.016 8.786 8.602 8.3 8.023 7.88 8.36 8.489 8.089 7.955 8.022 8.146 8.226 8.18 8.166 8.158 8.291 8.31 8.368 8.473 8.385 8.312 8.438 8.507 8.538 8.663 8.751 8.59 8.36 8.223 8.259
-9999 -9999 -9999 -9999 10.414 9.727 9.367 9.281 8.883 8.378 8.443 8.644 8.816 8.312 8.189 8.166 8.553 8.138 8.055 8.345 8.344 8.489 8.925 8.548 7.85 7.483 7.684 7.832 7.798 8.298 8.445 8.073 6.698 6.721 7.342 8.415 8.234 8.298 8.243 8.622 8.747 8.66 8.788 8.895 8.999 9.033 9.13 8.971 8.692 8.234 7.833 7.93 8.198 8.267 8.025 7.764 7.961 8.135 8.181 8.241 8.227 8.253 8.287 8.327 8.247 8.328 8.419 8.326 8.399 8.399 8.303 8.501 8.653 8.521 8.321 8.3 8.323
