Validation/Results/raw data/ReClimate_10_2023_1_Temperature-Actuals.asc
NCOLS 192
NROWS 249
XLLCENTER -225160.85627316462
YLLCENTER 29788.11610251502
CELLSIZE 5000.0
NODATA_VALUE -9999
[rows 136 to 169 of 249, columns 77 to 153 of 192]
-9999 -9999 -9999 -9999 -9999 -9999 -9999 -9999 8.291 -9999 7.704 7.344 7.34 7.316 7.535 7.692 7.711 7.574 6.693 6.834 6.804 6.824 7.302 7.319 7.3 7.401 7.066 7.075 -9999 -9999 -9999 -9999 -9999 -9999 7.628 7.822 7.816 7.558 7.424 7.243 6.735 6.468 6.69 6.721 6.755 7.134 6.874 6.744 7.129 7.351 7.547 7.565 7.947 8.099 8.179 8.295 8.768 -9999 -9999 -9999 -9999 -9999 -9999 -9999 -9999 -9999 -9999 -9999 -9999 -9999 -9999 -9999 -9999 -9999 -9999 -9999 -9999
-9999 -9999 -9999 -9999 -9999 -9999 -9999 -9999 8.127 8.024 7.999 8.068 7.822 7.692 7.659 7.7 7.983 7.799 7.476 6.842 6.819 6.883 7.277 7.19 7.188 7.602 7.401 7.945 -9999 -9999 -9999 -9999 7.783 7.504 7.599 7.852 7.934 7.806 7.573 6.887 6.183 6.201 6.41 6.121 6.748 6.669 6.454 6.947 6.893 7.112 7.548 7.639 7.436 7.807 8.096 8.153 8.81 -9999 -9999 -9999 -9999 -9999 -9999 -9999 -9999 -9999 -9999 -9999 -9999 -9999 -9999 -9999 -9999 -9999 -9999 -9999 -9999
8.807 -9999 -9999 -9999 -9999 -9999 -9999 -9999 8.157 8.369 8.278 -9999 -9999 8.143 7.891 7.876 7.979 -9999 8.179 7.921 7.622 7.362 7.425 7.282 7.737 8.119 -9999 -9999 -9999 -9999 -9999 8.244 7.905 7.658 7.675 7.745 7.758 7.728 7.339 6.684 5.735 5.555 6.048 5.819 6.345 5.915 6.147 6.464 6.431 7.0 7.061 7.201 7.338 7.638 7.933 8.088 8.574 -9999 -9999 -9999 -9999 -9999 -9999 -9999 -9999 -9999 -9999 -9999 -9999 -9999 -9999 -9999 -9999 -9999 -9999 -9999 -9999
8.409 -9999 -9999 -9999 -9999 -9999 -9999 -9999 -9999 8.562 8.707 -9999 -9999 -9999 8.415 7.995 7.999 8.248 -9999 -9999 8.203 7.974 7.952 7.816 7.972 -9999 -9999 -9999 -9999 -9999 8.177 8.103 7.863 7.73 7.653 7.578 7.62 7.351 7.134 6.812 5.877 5.683 5.115 5.703 5.323 5.215 5.604 5.935 5.94 6.334 6.922 7.071 7.108 7.528 7.825 7.803 8.103 -9999 -9999 -9999 -9999 -9999 -9999 -9999 -9999 -9999 -9999 -9999 -9999 -9999 -9999 -9999 -9999 -9999 -9999 -9999 -9999
-9999 -9999 -9999 -9999 -9999 -9999 -9999 -9999 -9999 -9999 8.806 -9999 -9999 -9999 -9999 8.349 7.928 8.115 -9999 -9999 -9999 8.458 8.735 -9999 -9999 -9999 -9999 -9999 -9999 -9999 8.178 7.953 7.675 7.41 7.168 7.249 7.318 7.223 7.31 6.967 6.304 5.396 5.31 5.342 4.674 4.884 5.226 5.714 5.67 5.898 6.524 7.024 7.359 7.572 7.686 7.546 7.775 -9999 -9999 -9999 -9999 -9999 -9999 -9999 -9999 -9999 -9999 -9999 -9999 -9999 -9999 -9999 -9999 -9999 -9999 -9999 -9999
-9999 -9999 -9999 -9999 -9999 -9999 -9999 -9999 -9999 -9999 8.592 -9999 -9999 -9999 -9999 -9999 8.377 8.352 -9999 -9999 -9999 -9999 -9999 -9999 -9999 -9999 -9999 -9999 -9999 -9999 8.058 7.483 7.126 6.936 6.788 6.936 7.036 7.104 7.141 6.904 6.455 5.491 4.57 4.109 4.473 4.9 5.826 6.063 6.186 6.463 6.609 6.693 7.226 7.608 7.565 7.368 7.52 8.083 -9999 -9999 -9999 -9999 -9999 -9999 -9999 -9999 -9999 -9999 -9999 -9999 -9999 -9999 -9999 -9999 -9999 -9999 -9999
8.459 8.635 8.991 -9999 -9999 -9999 -9999 -9999 -9999 -9999 8.598 -9999 -9999 -9999 -9999 -9999 -9999 -9999 -9999 -9999 -9999 -9999 -9999 -9999 -9999 -9999 -9999 -9999 -9999 8.16 7.788 7.47 7.417 7.154 6.353 6.775 6.768 6.668 6.925 6.796 6.914 5.657 4.286 3.902 4.748 5.301 4.898 4.867 5.536 6.034 6.879 6.992 7.066 7.269 7.339 7.357 7.388 7.815 8.486 -9999 -9999 -9999 -9999 -9999 -9999 -9999 -9999 -9999 -9999 -9999 -9999 -9999 -9999 -9999 -9999 -9999 -9999
8.277 8.506 8.779 -9999 -9999 -9999 -9999 -9999 -9999 -9999 -9999 -9999 -9999 -9999 -9999 -9999 -9999 -9999 -9999 -9999 -9999 -9999 -9999 -9999 -9999 -9999 -9999 -9999 7.971 7.965 7.756 7.488 7.331 6.944 5.344 5.944 6.796 6.811 6.843 7.126 6.903 6.328 5.078 4.134 4.73 4.986 5.275 5.505 5.46 5.747 6.285 7.019 7.182 7.345 7.359 7.364 7.477 7.858 8.385 -9999 -9999 -9999 -9999 -9999 -9999 -9999 -9999 -9999 -9999 -9999 -9999 -9999 -9999 -9999 -9999 -9999 -9999
8.383 -9999 8.846 9.172 -9999 -9999 -9999 -9999 -9999 -9999 -9999 -9999 -9999 -9999 -9999 -9999 -9999 -9999 -9999 -9999 -9999 -9999 -9999 -9999 -9999 -9999 -9999 -9999 7.876 7.828 7.652 6.622 6.369 6.597 6.824 6.583 6.308 6.593 6.736 6.868 7.054 6.906 6.045 5.493 4.599 5.217 5.591 5.78 5.916 6.236 6.567 6.886 7.021 7.29 7.362 7.44 7.526 7.854 8.344 8.668 8.811 -9999 -9999 -9999 -9999 -9999 -9999 -9999 -9999 -9999 -9999 -9999 -9999 -9999 -9999 -9999 -9999
8.436 -9999 -9999 9.133 -9999 -9999 -9999 -9999 -9999 -9999 -9999 -9999 -9999 -9999 -9999 -9999 -9999 -9999 -9999 -9999 -9999 -9999 -9999 -9999 -9999 -9999 -9999 -9999 8.048 7.833 7.105 6.161 7.244 7.234 6.456 5.981 6.53 6.425 6.135 6.82 6.686 7.026 7.072 6.26 5.76 5.434 5.696 5.942 6.365 6.576 6.863 7.113 7.344 7.375 7.539 7.455 7.627 7.836 8.099 7.9 7.986 8.063 8.379 7.921 -9999 -9999 -9999 -9999 -9999 -9999 -9999 -9999 -9999 -9999 -9999 -9999 -9999
8.415 8.752 -9999 9.145 -9999 -9999 -9999 -9999 -9999 -9999 -9999 -9999 -9999 -9999 -9999 -9999 -9999 -9999 -9999 -9999 -9999 -9999 -9999 -9999 -9999 -9999 -9999 8.881 8.108 7.559 6.446 5.814 5.681 6.355 6.564 6.479 6.164 5.64 6.463 5.801 6.388 6.778 6.985 6.804 6.603 6.19 5.663 5.911 6.342 6.655 6.871 7.102 7.345 7.58 7.618 7.632 7.716 7.84 7.87 7.704 6.977 6.94 7.041 7.215 7.756 7.517 -9999 -9999 -9999 -9999 -9999 -9999 -9999 -9999 -9999 -9999 -9999
8.455 -9999 8.849 -9999 -9999 -9999 -9999 -9999 -9999 -9999 -9999 -9999 -9999 -9999 -9999 -9999 -9999 -9999 -9999 -9999 -9999 -9999 -9999 -9999 -9999 -9999 -9999 -9999 8.724 7.79 6.377 5.994 6.358 5.1 5.747 6.408 5.925 6.358 5.312 5.528 6.29 6.658 6.667 6.749 6.465 5.004 5.311 5.47 5.473 5.795 6.539 6.869 7.187 7.519 7.65 7.658 7.734 7.868 7.912 7.749 7.148 6.806 6.978 7.006 7.028 7.354 7.421 -9999 -9999 -9999 -9999 -9999 -9999 -9999 -9999 -9999 -9999
8.501 8.61 8.757 -9999 -9999 -9999 -9999 -9999 -9999 -9999 -9999 -9999 -9999 -9999 -9999 -9999 -9999 -9999 -9999 -9999 -9999 -9999 -9999 -9999 -9999 -9999 -9999 -9999 -9999 8.34 7.581 7.457 6.263 6.268 6.466 7.066 7.252 6.033 5.957 6.274 6.431 6.185 6.233 6.533 5.669 5.343 5.177 4.729 5.14 5.76 6.033 6.685 7.075 7.475 7.629 7.617 7.703 7.819 7.247 7.031 6.497 5.936 6.19 6.496 6.965 6.953 7.253 7.839 -9999 -9999 -9999 -9999 -9999 -9999 -9999 -9999 -9999
8.662 8.636 -9999 -9999 -9999 -9999 -9999 -9999 -9999 -9999 -9999 -9999 -9999 -9999 -9999 -9999 -9999 -9999 -9999 -9999 -9999 -9999 -9999 -9999 -9999 -9999 -9999 -9999 -9999 8.917 8.31 7.745 7.115 6.541 6.016 7.233 6.744 6.873 7.044 6.974 6.726 6.301 5.458 6.317 5.674 5.06 5.397 6.086 6.244 6.184 6.36 6.6 7.191 7.557 7.661 7.644 7.53 7.231 6.913 6.534 6.656 6.446 6.339 6.263 6.429 6.745 6.914 7.509 8.456 -9999 -9999 -9999 -9999 -9999 -9999 -9999 -9999
8.799 9.069 -9999 -9999 -9999 -9999 -9999 -9999 -9999 -9999 -9999 -9999 -9999 -9999 -9999 -9999 -9999 -9999 -9999 -9999 -9999 -9999 -9999 -9999 -9999 -9999 -9999 -9999 -9999 -9999 8.051 7.347 7.071 6.437 7.132 7.01 7.347 7.411 7.347 7.151 6.923 6.457 6.569 5.429 5.778 5.918 5.752 6.076 6.155 6.034 6.685 6.861 7.299 7.538 7.699 7.675 7.394 7.062 6.887 6.724 6.607 6.613 6.599 6.507 6.519 6.669 7.024 7.337 8.124 -9999 -9999 -9999 -9999 -9999 -9999 -9999 -9999
-9999 -9999 -9999 -9999 -9999 -9999 -9999 -9999 -9999 -9999 -9999 -9999 -9999 -9999 -9999 -9999 -9999 -9999 -9999 -9999 -9999 -9999 -9999 -9999 -9999 -9999 -9999 -9999 -9999 -9999 8.79 7.108 7.278 7.748 7.35 7.589 7.524 7.667 7.484 7.008 7.058 7.095 5.457 6.081 5.906 5.839 5.618 6.259 6.352 6.521 6.652 7.028 7.224 7.55 7.698 7.655 7.415 6.845 6.6 6.809 6.997 6.962 6.915 6.76 6.737 6.731 6.88 7.396 7.679 8.544 -9999 -9999 -9999 -9999 -9999 -9999 -9999
-9999 -9999 -9999 -9999 -9999 -9999 -9999 -9999 -9999 -9999 -9999 -9999 -9999 -9999 -9999 -9999 -9999 -9999 -9999 -9999 -9999 -9999 -9999 -9999 -9999 -9999 -9999 -9999 -9999 -9999 -9999 8.275 8.321 7.87 7.58 7.691 7.594 7.824 7.574 7.273 7.404 6.71 5.869 5.506 5.596 5.281 5.603 5.564 5.836 6.288 6.317 6.658 7.12 7.46 7.591 7.358 7.145 7.083 6.553 6.694 7.302 7.586 7.396 7.285 7.227 7.319 7.423 7.654 7.949 8.183 -9999 -9999 -9999 -9999 -9999 -9999 -9999
-9999 -9999 -9999 -9999 -9999 -9999 -9999 -9999 -9999 -9999 -9999 -9999 -9999 -9999 -9999 -9999 -9999 -9999 -9999 -9999 -9999 -9999 -9999 -9999 -9999 -9999 -9999 -9999 -9999 -9999 -9999 8.824 -9999 7.905 8.049 7.805 7.855 -9999 7.876 7.558 7.46 6.797 5.811 5.832 5.835 5.361 5.577 5.521 4.974 5.7 6.035 6.288 6.643 7.199 7.408 7.235 7.024 7.106 7.336 7.306 7.648 7.828 7.655 7.469 7.462 7.541 7.696 7.789 7.521 7.527 7.949 -9999 -9999 -9999 -9999 -9999 -9999
-9999 -9999 -9999 -9999 -9999 -9999 -9999 -9999 -9999 -9999 -9999 -9999 -9999 -9999 -9999 -9999 -9999 -9999 -9999 -9999 -9999 -9999 -9999 -9999 -9999 -9999 -9999 -9999 -9999 -9999 -9999 -9999 8.727 8.236 -9999 -9999 -9999 -9999 8.169 7.855 7.767 7.224 6.814 6.026 5.887 5.678 5.53 6.188 5.821 5.285 5.976 6.18 6.658 7.038 7.382 7.476 7.41 7.377 7.508 7.633 7.579 7.674 7.521 7.435 7.553 7.574 7.445 7.469 7.575 7.435 7.55 7.904 8.437 -9999 -9999 -9999 -9999
-9999 -9999 -9999 -9999 -9999 -9999 -9999 -9999 -9999 -9999 -9999 -9999 -9999 -9999 -9999 -9999 -9999 -9999 -9999 -9999 -9999 -9999 -9999 -9999 -9999 -9999 -9999 -9999 -9999 -9999 -9999 -9999 8.943 8.712 -9999 -9999 -9999 -9999 8.327 7.795 7.895 7.501 6.826 6.951 6.782 6.045 5.965 6.124 6.264 5.37 5.902 6.206 6.504 6.966 7.426 7.597 7.645 7.644 7.623 7.664 7.652 7.568 7.532 7.513 7.57 7.498 7.322 7.159 7.191 7.325 7.603 7.98 8.454 -9999 -9999 -9999 -9999
-9999 -9999 -9999 -9999 -9999 -9999 -9999 -9999 -9999 -9999 -9999 -9999 -9999 -9999 -9999 -9999 -9999 -9999 -9999 -9999 -9999 -9999 -9999 -9999 -9999 -9999 -9999 -9999 -9999 -9999 -9999 -9999 8.987 -9999 -9999 -9999 -9999 8.563 8.202 7.783 7.085 6.752 6.756 6.769 6.837 6.348 5.933 6.423 6.405 6.316 5.917 6.404 6.689 7.107 7.454 7.68 7.631 7.656 7.695 7.721 7.749 7.734 7.731 7.553 7.219 7.241 7.252 7.309 7.351 7.46 7.701 8.13 -9999 -9999 -9999 -9999 -9999
-9999 -9999 -9999 -9999 -9999 -9999 -9999 -9999 -9999 -9999 -9999 -9999 -9999 -9999 -9999 -9999 -9999 -9999 -9999 -9999 -9999 -9999 -9999 -9999 -9999 -9999 -9999 -9999 -9999 -9999 -9999 -9999 -9999 -9999 -9999 -9999 -9999 8.645 8.047 7.033 6.225 5.927 6.38 6.927 6.872 6.964 6.839 6.948 6.789 6.61 6.4 6.456 6.88 7.223 7.494 7.714 7.694 7.664 7.75 7.81 7.846 7.833 7.787 7.714 7.111 6.787 7.291 7.505 7.678 7.711 7.886 8.154 -9999 -9999 -9999 -9999 -9999
-9999 -9999 -9999 -9999 -9999 -9999 -9999 -9999 -9999 -9999 -9999 -9999 -9999 -9999 -9999 -9999 -9999 -9999 -9999 -9999 -9999 -9999 -9999 -9999 -9999 -9999 -9999 -9999 -9999 -9999 -9999 -9999 -9999 -9999 -9999 -9999 -9999 8.497 7.96 7.187 6.387 6.371 6.823 6.958 7.24 7.175 7.134 7.161 7.095 7.258 6.833 6.812 6.901 7.173 7.432 7.675 7.814 7.747 7.796 7.851 7.92 7.926 7.843 7.796 7.499 7.008 7.24 7.649 7.834 7.916 7.985 8.138 -9999 -9999 -9999 -9999 -9999
-9999 -9999 -9999 -9999 -9999 -9999 -9999 -9999 -9999 -9999 -9999 -9999 -9999 -9999 -9999 -9999 -9999 -9999 -9999 -9999 -9999 -9999 -9999 -9999 -9999 -9999 -9999 -9999 -9999 -9999 -9999 -9999 -9999 -9999 -9999 -9999 8.608 8.346 7.898 7.016 6.46 6.227 6.803 6.847 7.521 7.242 7.246 6.994 6.98 6.881 7.49 7.446 7.579 7.529 7.722 7.654 7.78 7.84 7.787 7.829 7.923 7.95 7.914 7.857 7.791 7.426 7.403 7.729 7.981 8.066 8.063 8.141 8.358 -9999 -9999 -9999 -9999
-9999 -9999 -9999 -9999 -9999 -9999 -9999 -9999 -9999 -9999 -9999 -9999 -9999 -9999 -9999 -9999 -9999 -9999 -9999 -9999 -9999 -9999 -9999 -9999 -9999 -9999 -9999 -9999 -9999 -9999 -9999 -9999 -9999 -9999 -9999 -9999 8.382 8.284 7.982 7.507 6.843 7.437 7.329 7.78 7.256 6.855 6.927 6.655 6.769 7.213 7.041 7.46 7.49 7.484 7.542 7.71 7.732 7.85 7.871 7.852 7.901 7.949 7.939 7.934 7.888 7.797 7.559 7.725 8.019 8.147 8.125 8.125 8.335 -9999 -9999 -9999 -9999
-9999 -9999 -9999 -9999 -9999 -9999 -9999 -9999 -9999 -9999 -9999 -9999 -9999 -9999 -9999 -9999 -9999 -9999 -9999 -9999 -9999 -9999 -9999 -9999 -9999 -9999 -9999 -9999 -9999 -9999 -9999 -9999 -9999 -9999 -9999 8.55 8.323 8.285 8.288 7.835 7.783 7.718 7.919 7.793 7.182 7.096 6.878 6.59 6.736 7.036 7.748 7.495 7.874 7.846 7.758 7.633 7.741 7.801 7.854 7.881 7.898 7.936 7.951 7.947 7.928 7.88 7.751 7.63 7.918 8.209 8.255 8.144 8.206 8.437 -9999 -9999 -9999
-9999 -9999 -9999 -9999 -9999 -9999 -9999 -9999 -9999 -9999 -9999 -9999 -9999 -9999 -9999 -9999 -9999 -9999 -9999 -9999 -9999 -9999 -9999 -9999 -9999 -9999 -9999 -9999 -9999 -9999 -9999 -9999 -9999 -9999 -9999 8.439 8.298 8.314 8.295 8.156 8.019 7.979 7.802 7.532 7.584 7.337 6.772 5.952 6.226 6.585 7.231 7.757 7.719 8.068 8.197 7.998 7.752 7.827 7.895 7.91 7.937 7.965 7.998 8.004 8.02 8.024 7.89 7.743 7.981 8.376 8.484 8.377 8.209 8.259 -9999 -9999 -9999
-9999 -9999 -9999 -9999 -9999 -9999 -9999 -9999 -9999 -9999 -9999 -9999 -9999 -9999 -9999 -9999 -9999 -9999 -9999 -9999 -9999 -9999 -9999 -9999 -9999 -9999 -9999 -9999 -9999 -9999 -9999 -9999 -9999 -9999 -9999 8.503 8.346 8.352 8.416 8.34 8.206 7.912 7.666 7.518 7.173 6.672 6.041 6.008 6.271 6.552 7.066 7.593 7.607 7.655 8.061 8.269 8.182 8.064 8.055 8.004 7.976 8.015 8.048 8.061 8.092 8.11 8.152 8.07 8.177 8.522 8.662 8.547 8.325 8.154 8.239 -9999 -9999
-9999 -9999 -9999 -9999 -9999 -9999 -9999 -9999 -9999 -9999 -9999 -9999 -9999 -9999 -9999 -9999 -9999 -9999 -9999 -9999 -9999 -9999 -9999 -9999 -9999 -9999 -9999 -9999 -9999 -9999 -9999 -9999 -9999 -9999 -9999 -9999 8.349 8.348 8.398 8.31 7.901 7.496 7.259 7.087 7.027 6.823 6.391 6.542 6.551 6.961 7.674 7.867 7.901 7.679 7.957 8.209 8.196 8.182 8.196 8.105 8.054 8.08 8.107 8.104 8.102 8.117 8.122 8.229 8.293 -9999 8.612 -9999 8.371 8.245 8.217 8.512 -9999
-9999 -9999 -9999 -9999 -9999 -9999 -9999 -9999 -9999 -9999 -9999 -9999 -9999 -9999 -9999 -9999 -9999 -9999 -9999 -9999 -9999 -9999 -9999 -9999 -9999 -9999 -9999 -9999 -9999 -9999 -9999 -9999 -9999 -9999 -9999 8.574 8.37 8.334 8.357 8.172 7.643 6.992 6.913 7.047 6.671 6.589 6.748 6.486 6.227 6.639 7.258 8.099 7.995 7.969 8.139 8.23 8.193 8.217 8.204 8.193 8.133 8.123 8.119 8.103 8.074 7.918 7.952 8.084 8.041 8.099 8.317 8.383 -9999 8.353 8.411 8.347 8.638
-9999 -9999 -9999 -9999 -9999 -9999 -9999 -9999 -9999 -9999 -9999 -9999 -9999 -9999 -9999 -9999 -9999 -9999 -9999 -9999 -9999 -9999 -9999 -9999 -9999 -9999 -9999 -9999 -9999 -9999 -9999 -9999 -9999 -9999 -9999 8.594 8.397 8.355 8.227 7.912 7.643 7.299 7.111 7.267 7.203 7.223 7.336 6.819 6.425 6.743 7.298 7.648 7.683 7.757 7.951 8.09 8.055 8.068 8.159 8.19 8.215 8.17 8.13 8.078 8.052 8.013 7.818 7.931 7.961 7.773 7.92 8.155 8.281 -9999 -9999 -9999 -9999
-9999 -9999 -9999 -9999 -9999 -9999 -9999 -9999 -9999 -9999 -9999 -9999 -9999 -9999 -9999 -9999 -9999 -9999 -9999 -9999 -9999 -9999 -9999 -9999 -9999 -9999 -9999 -9999 -9999 -9999 -9999 -9999 -9999 -9999 8.753 8.688 8.489 8.225 8.026 8.049 7.967 7.575 7.76 7.816 7.819 7.864 7.687 7.048 6.215 6.033 6.608 7.112 7.096 7.472 7.895 7.986 8.105 8.021 8.102 8.19 8.25 8.226 8.165 8.09 8.053 8.029 7.956 7.853 7.884 7.678 7.631 7.852 8.101 8.237 8.369 -9999 -9999
-9999 -9999 -9999 -9999 -9999 -9999 -9999 -9999 -9999 -9999 -9999 -9999 -9999 -9999 -9999 -9999 -9999 -9999 -9999 -9999 -9999 -9999 -9999 -9999 -9999 -9999 -9999 -9999 -9999 -9999 -9999 -9999 -9999 -9999 8.841 8.646 8.534 8.333 8.094 7.93 8.14 8.121 8.157 8.167 8.192 8.198 7.964 7.423 6.774 5.817 5.533 6.359 6.642 7.038 7.642 7.764 8.115 8.216 8.075 8.153 8.253 8.261 8.198 8.107 8.063 8.049 7.955 7.898 7.896 7.867 7.494 7.622 7.863 8.067 8.259 8.474 -9999
-9999 -9999 -9999 -9999 -9999 -9999 -9999 -9999 -9999 -9999 -9999 -9999 -9999 -9999 -9999 -9999 -9999 -9999 -9999 -9999 -9999 -9999 -9999 -9999 -9999 -9999 -9999 -9999 -9999 -9999 -9999 -9999 -9999 -9999 -9999 8.722 8.585 8.432 8.17 8.267 8.261 8.293 8.364 8.43 8.592 8.566 8.299 7.855 7.081 6.237 5.428 5.337 6.138 6.759 7.336 7.786 7.803 8.044 8.019 8.049 8.204 8.251 8.188 8.086 8.045 8.008 7.933 7.89 7.914 7.865 7.635 7.533 7.733 7.874 8.124 8.375 8.353
