Validation/Results/raw data/ReClimate_05_2024_2weatherlogisticsltd.asc
NCOLS 192
NROWS 249
XLLCENTER -225160.85627316462
YLLCENTER 29788.11610251502
CELLSIZE 5000.0
NODATA_VALUE -9999
[rows 165 to 197 of 249, columns 74 to 147 of 192]
-9999 -9999 -9999 -9999 -9999 -9999 -9999 -9999 -9999 -9999 -9999 -9999 -9999 -9999 -9999 -9999 -9999 -9999 -9999 -9999 -9999 -9999 -9999 -9999 -9999 -9999 -9999 -9999 -9999 -9999 -9999 -9999 -9999 -9999 -9999 -9999 -9999 -9999 137.298 137.888 138.427 138.888 139.295 139.743 140.18 140.563 140.926 141.256 141.552 141.86 142.175 142.491 142.8 143.091 143.352 143.577 143.765 143.926 144.069 144.201 144.328 144.411 144.471 144.51 144.556 144.58 144.455 144.293 144.142 144.004 143.882 143.777 143.69 143.614
-9999 -9999 -9999 -9999 -9999 -9999 -9999 -9999 -9999 -9999 -9999 -9999 -9999 -9999 -9999 -9999 -9999 -9999 -9999 -9999 -9999 -9999 -9999 -9999 -9999 -9999 -9999 -9999 -9999 -9999 -9999 -9999 -9999 -9999 -9999 -9999 -9999 -9999 137.011 137.595 138.109 138.56 139.0 139.471 139.806 140.164 140.528 140.867 141.17 141.484 141.806 142.131 142.446 142.746 143.021 143.267 143.48 143.664 143.822 143.953 144.028 144.074 144.091 144.108 144.135 144.178 144.168 144.024 143.856 143.702 143.563 143.442 143.311 143.174
-9999 -9999 -9999 -9999 -9999 -9999 -9999 -9999 -9999 -9999 -9999 -9999 -9999 -9999 -9999 -9999 -9999 -9999 -9999 -9999 -9999 -9999 -9999 -9999 -9999 -9999 -9999 -9999 -9999 -9999 -9999 -9999 -9999 -9999 -9999 -9999 -9999 136.002 136.603 137.176 137.737 138.253 138.734 139.103 139.435 139.777 140.138 140.471 140.765 141.089 141.422 141.76 142.089 142.404 142.7 142.969 143.208 143.413 143.565 143.653 143.7 143.707 143.705 143.705 143.712 143.734 143.776 143.716 143.549 143.377 143.204 143.026 142.835 142.624
-9999 -9999 -9999 -9999 -9999 -9999 -9999 -9999 -9999 -9999 -9999 -9999 -9999 -9999 -9999 -9999 -9999 -9999 -9999 -9999 -9999 -9999 -9999 -9999 -9999 -9999 -9999 -9999 -9999 -9999 -9999 -9999 -9999 -9999 -9999 -9999 -9999 135.57 136.159 136.737 137.303 137.843 138.328 138.704 139.042 139.39 139.747 140.066 140.355 140.677 141.025 141.376 141.728 142.064 142.383 142.681 142.948 143.142 143.268 143.334 143.348 143.338 143.317 143.296 143.282 143.282 143.301 143.338 143.199 142.947 142.688 142.432 142.183 141.934
-9999 -9999 -9999 -9999 -9999 -9999 -9999 -9999 -9999 -9999 -9999 -9999 -9999 -9999 -9999 -9999 -9999 -9999 -9999 -9999 -9999 -9999 -9999 -9999 -9999 -9999 -9999 -9999 -9999 -9999 -9999 -9999 -9999 -9999 -9999 -9999 -9999 -9999 135.733 136.297 136.848 137.389 137.857 138.241 138.62 138.97 139.321 139.649 139.952 140.265 140.616 140.987 141.361 141.719 142.065 142.37 142.63 142.839 142.959 143.004 142.996 142.962 142.919 142.876 142.841 142.809 142.779 142.732 142.629 142.359 142.047 141.747 141.463 141.19
-9999 -9999 -9999 -9999 -9999 -9999 -9999 -9999 -9999 -9999 -9999 -9999 -9999 -9999 -9999 -9999 -9999 -9999 123.165 123.31 -9999 -9999 -9999 -9999 -9999 -9999 -9999 -9999 -9999 -9999 -9999 -9999 -9999 -9999 -9999 -9999 -9999 134.756 135.321 135.873 136.412 136.929 137.37 137.764 138.144 138.518 138.881 139.207 139.513 139.836 140.195 140.585 140.981 141.341 141.674 141.993 142.278 142.518 142.654 142.674 142.628 142.557 142.479 142.401 142.329 142.23 142.116 142.011 141.907 141.679 141.351 141.033 140.731 140.441
-9999 -9999 -9999 -9999 -9999 -9999 -9999 -9999 -9999 -9999 -9999 -9999 -9999 -9999 -9999 -9999 -9999 -9999 123.083 123.302 123.502 -9999 -9999 -9999 -9999 -9999 -9999 -9999 -9999 -9999 -9999 -9999 -9999 -9999 -9999 -9999 133.79 134.359 134.921 135.463 135.99 136.485 136.906 137.29 137.672 138.047 138.412 138.756 139.067 139.412 139.773 140.129 140.471 140.838 141.178 141.505 141.822 142.129 142.278 142.252 142.163 142.066 141.966 141.846 141.703 141.556 141.395 141.243 141.107 140.947 140.641 140.304 139.987 139.682
-9999 -9999 -9999 -9999 -9999 -9999 -9999 -9999 -9999 -9999 -9999 -9999 -9999 -9999 -9999 -9999 -9999 122.969 123.17 123.374 123.563 123.735 -9999 -9999 -9999 -9999 -9999 -9999 -9999 -9999 -9999 -9999 -9999 131.307 -9999 -9999 133.389 133.977 134.531 135.064 135.581 -9999 136.467 136.845 137.219 137.592 137.958 138.298 138.641 138.975 139.305 139.628 139.943 140.273 140.61 140.939 141.252 141.527 141.705 141.696 141.608 141.507 141.365 141.201 141.024 140.84 140.658 140.482 140.316 140.166 139.907 139.559 139.228 138.913
-9999 -9999 -9999 -9999 -9999 -9999 -9999 -9999 -9999 -9999 -9999 -9999 -9999 -9999 -9999 -9999 -9999 123.056 123.241 123.437 123.617 123.784 123.939 123.652 -9999 -9999 -9999 125.193 125.899 -9999 128.07 129.141 130.094 130.952 131.679 -9999 -9999 133.545 134.096 -9999 -9999 135.604 136.001 136.374 136.742 137.108 137.472 137.845 138.204 138.538 138.845 139.148 139.451 139.746 140.037 140.332 140.613 140.848 140.999 141.032 140.975 140.849 140.692 140.506 140.316 140.122 139.926 139.728 139.532 139.346 139.128 138.794 138.455 138.133
-9999 -9999 -9999 -9999 -9999 -9999 -9999 -9999 -9999 -9999 -9999 -9999 -9999 -9999 -9999 -9999 -9999 -9999 123.314 123.498 123.669 123.828 123.977 -9999 -9999 124.01 124.625 124.876 125.637 126.672 127.748 128.751 129.685 130.522 131.256 131.915 -9999 133.099 133.643 134.164 134.664 135.114 135.501 135.871 136.239 136.611 136.996 137.392 137.761 138.086 138.406 138.692 138.969 139.243 139.504 139.746 139.966 140.151 140.28 140.317 140.255 140.132 139.968 139.789 139.599 139.402 139.196 138.982 138.76 138.536 138.315 138.01 137.669 137.347
-9999 -9999 -9999 -9999 -9999 -9999 -9999 -9999 -9999 -9999 -9999 -9999 -9999 -9999 -9999 -9999 -9999 -9999 123.333 123.56 123.72 123.871 124.013 123.74 123.867 124.395 124.511 124.77 125.355 126.284 127.203 128.239 129.258 130.074 130.805 131.478 132.088 132.642 133.167 133.667 134.149 134.586 134.966 135.335 135.704 136.081 136.474 136.87 137.232 137.573 137.905 138.219 138.492 138.743 138.978 139.191 139.372 139.51 139.585 139.52 139.469 139.375 139.227 139.059 138.876 138.68 138.471 138.247 138.007 137.75 137.48 137.202 136.885 136.565
-9999 -9999 -9999 -9999 -9999 -9999 -9999 -9999 -9999 -9999 -9999 -9999 -9999 -9999 -9999 -9999 -9999 -9999 -9999 123.612 123.77 123.912 124.047 124.176 124.298 124.415 124.527 124.682 125.114 125.899 126.921 127.945 128.833 129.629 130.353 131.017 131.625 132.183 132.69 133.175 133.644 134.069 134.445 134.81 135.178 135.554 135.943 136.33 136.68 137.014 137.352 137.676 137.954 138.209 138.449 138.645 138.8 138.905 138.931 138.842 138.681 138.579 138.418 138.224 138.107 137.956 137.748 137.523 137.277 137.011 136.731 136.452 136.141 135.799
-9999 -9999 -9999 -9999 -9999 -9999 -9999 -9999 -9999 -9999 -9999 -9999 -9999 -9999 -9999 -9999 -9999 -9999 -9999 -9999 -9999 123.825 123.578 123.783 124.32 124.434 124.543 124.638 124.899 125.469 126.406 127.434 128.445 129.213 129.913 130.562 131.166 131.722 132.237 132.708 133.163 133.58 133.951 134.312 134.676 135.048 135.432 135.806 136.138 136.456 136.782 137.099 137.386 137.626 137.851 138.058 138.222 138.295 138.29 138.229 138.106 137.98 137.83 137.659 137.466 137.317 137.108 136.883 136.642 136.388 136.133 135.885 135.58 135.221
-9999 -9999 -9999 -9999 -9999 -9999 -9999 -9999 -9999 -9999 -9999 -9999 -9999 -9999 -9999 -9999 -9999 -9999 -9999 -9999 123.857 123.757 123.721 124.092 124.341 124.451 124.557 124.626 124.719 125.25 126.282 127.274 128.074 128.816 129.496 130.127 130.717 131.271 131.784 132.262 132.704 133.112 133.479 133.835 134.194 134.561 134.938 135.298 135.613 135.917 136.225 136.529 136.826 137.058 137.251 137.42 137.533 137.597 137.596 137.539 137.442 137.323 137.188 137.039 136.876 136.701 136.514 136.313 136.102 135.874 135.639 135.417 135.12 134.734
-9999 -9999 -9999 -9999 -9999 -9999 -9999 -9999 -9999 -9999 -9999 -9999 -9999 -9999 -9999 -9999 -9999 -9999 -9999 123.57 123.846 123.886 123.864 124.092 124.36 124.466 124.578 124.524 124.238 124.897 126.038 126.904 127.711 128.434 129.098 129.713 130.287 130.828 131.34 131.816 132.262 132.661 133.025 133.374 133.729 134.091 134.461 134.806 135.104 135.397 135.69 135.977 136.233 136.46 136.63 136.749 136.821 136.843 136.84 136.815 136.742 136.634 136.508 136.373 136.227 136.07 135.901 135.721 135.529 135.331 135.127 134.926 134.655 134.257
-9999 -9999 -9999 -9999 -9999 -9999 -9999 -9999 -9999 -9999 -9999 -9999 -9999 -9999 -9999 -9999 -9999 -9999 122.912 123.776 123.916 123.872 123.696 123.964 124.376 124.495 124.667 124.548 124.602 125.177 125.84 126.567 127.354 128.063 128.713 129.314 129.875 130.403 130.903 131.378 131.824 132.225 132.585 132.928 133.278 133.635 133.999 134.329 134.611 134.884 135.145 135.389 135.632 135.859 136.011 136.093 136.127 136.132 136.114 136.077 136.025 135.955 135.849 135.727 135.597 135.455 135.3 135.132 134.951 134.761 134.563 134.361 134.106 133.724
-9999 -9999 -9999 -9999 -9999 -9999 -9999 -9999 -9999 -9999 -9999 -9999 -9999 -9999 -9999 -9999 123.24 122.864 123.713 123.828 123.939 123.909 124.017 124.29 124.42 124.609 124.784 124.881 125.043 125.31 125.689 126.33 126.958 127.535 128.031 128.738 129.478 129.994 130.481 130.947 131.389 131.799 132.157 132.495 132.841 133.195 133.549 133.85 134.106 134.353 134.595 134.829 135.05 135.265 135.408 135.464 135.478 135.468 135.436 135.385 135.321 135.255 135.194 135.101 134.987 134.86 134.716 134.557 134.383 134.194 133.992 133.778 133.512 133.122
-9999 -9999 -9999 -9999 -9999 -9999 -9999 -9999 -9999 -9999 -9999 -9999 -9999 -9999 -9999 124.393 123.354 123.635 123.747 -9999 -9999 -9999 -9999 124.126 124.543 124.723 124.891 125.048 125.196 125.347 125.658 126.135 126.632 127.116 127.833 128.537 129.093 129.599 130.076 130.529 130.964 131.371 131.74 132.073 132.418 132.767 133.09 133.358 133.602 133.84 134.071 134.292 134.499 134.684 134.822 134.868 134.87 134.849 134.805 134.738 134.656 134.58 134.524 134.479 134.397 134.283 134.147 133.993 133.819 133.628 133.417 133.187 132.907 132.501
-9999 -9999 -9999 -9999 -9999 -9999 -9999 -9999 -9999 -9999 -9999 -9999 -9999 -9999 -9999 123.887 122.851 123.265 -9999 -9999 -9999 -9999 -9999 123.593 123.833 124.076 124.989 125.14 125.282 125.244 124.998 125.536 126.482 127.029 127.593 128.179 128.715 129.215 129.684 130.087 130.39 130.825 131.319 131.661 132.001 132.331 132.632 132.884 133.122 133.351 133.571 133.78 133.975 134.132 134.25 134.303 134.3 134.271 134.217 134.14 134.038 133.943 133.894 133.862 133.815 133.721 133.59 133.435 133.258 133.059 132.836 132.587 132.282 131.86
-9999 -9999 -9999 -9999 -9999 -9999 -9999 -9999 -9999 -9999 -9999 -9999 -9999 -9999 -9999 -9999 -9999 123.379 -9999 -9999 -9999 -9999 -9999 123.367 123.178 124.014 125.078 125.224 125.364 125.192 125.245 125.849 126.374 126.826 127.294 127.791 128.319 128.813 129.277 129.682 130.168 130.61 130.902 131.255 131.588 131.911 132.191 132.432 132.663 132.883 133.093 133.288 133.463 133.602 133.7 133.762 133.762 133.728 133.672 133.593 133.495 133.397 133.333 133.294 133.24 133.161 133.02 132.839 132.635 132.408 132.157 131.876 131.54 131.099
-9999 -9999 -9999 -9999 -9999 -9999 -9999 -9999 -9999 -9999 -9999 -9999 -9999 -9999 -9999 -9999 -9999 -9999 -9999 -9999 -9999 -9999 -9999 122.505 123.213 124.305 125.168 125.313 125.449 125.504 125.635 125.917 126.247 126.66 127.065 127.486 127.922 128.41 128.868 129.342 129.755 130.056 130.34 130.842 131.184 131.502 131.767 132.0 132.222 132.433 132.632 132.817 132.971 133.088 133.177 133.243 133.251 133.215 133.16 133.086 132.999 132.909 132.824 132.736 132.634 132.514 132.371 132.177 131.952 131.703 131.426 131.116 130.749 130.399
-9999 -9999 -9999 -9999 -9999 -9999 -9999 -9999 -9999 -9999 -9999 -9999 -9999 -9999 -9999 -9999 -9999 -9999 -9999 -9999 -9999 -9999 -9999 -9999 121.881 122.878 125.259 125.397 125.527 125.63 125.719 125.892 126.155 126.521 126.898 127.261 127.645 128.031 128.468 128.897 129.305 129.587 129.957 130.34 130.777 131.071 131.321 131.564 131.794 131.996 132.186 132.362 132.494 132.594 132.676 132.742 132.758 132.724 132.671 132.602 132.502 132.386 132.269 132.148 132.013 131.863 131.692 131.495 131.257 130.99 130.692 130.377 130.112 129.831
-9999 -9999 -9999 -9999 -9999 -9999 -9999 -9999 -9999 -9999 -9999 -9999 -9999 -9999 -9999 -9999 -9999 -9999 -9999 -9999 -9999 -9999 -9999 124.896 123.862 125.2 125.34 125.472 125.598 125.698 125.822 125.943 126.124 126.382 126.751 126.883 126.629 127.251 128.131 128.477 128.794 129.148 129.608 130.025 130.358 130.626 130.871 131.11 131.334 131.55 131.749 131.903 132.025 132.116 132.191 132.251 132.275 132.245 132.175 132.075 131.962 131.832 131.695 131.552 131.398 131.228 131.037 130.819 130.569 130.283 130.03 129.814 129.589 129.362
-9999 -9999 -9999 -9999 -9999 -9999 -9999 -9999 -9999 -9999 -9999 -9999 -9999 -9999 -9999 -9999 -9999 -9999 -9999 -9999 -9999 -9999 -9999 124.983 125.136 125.279 125.414 125.541 125.663 125.78 125.893 126.002 126.116 126.314 126.605 126.234 125.534 126.566 127.895 128.14 128.362 128.825 129.249 129.613 129.935 130.19 130.423 130.65 130.87 131.084 131.279 131.45 131.564 131.648 131.717 131.771 131.786 131.732 131.643 131.53 131.403 131.267 131.122 130.967 130.797 130.609 130.398 130.157 129.919 129.718 129.521 129.345 129.158 128.916
-9999 -9999 -9999 -9999 -9999 -9999 -9999 -9999 -9999 -9999 -9999 -9999 -9999 -9999 -9999 -9999 -9999 -9999 -9999 -9999 -9999 -9999 -9999 125.06 125.214 125.351 125.48 125.446 125.125 125.403 125.968 126.083 126.156 126.285 126.484 126.214 126.578 127.427 127.718 127.942 128.251 128.573 128.871 129.194 129.496 129.758 129.982 130.198 130.406 130.608 130.802 130.964 131.095 131.184 131.248 131.274 131.263 131.199 131.094 130.977 130.848 130.708 130.555 130.388 130.204 129.998 129.801 129.627 129.445 129.265 129.105 128.933 128.724 128.475
-9999 -9999 -9999 -9999 -9999 -9999 -9999 -9999 -9999 -9999 -9999 -9999 -9999 -9999 -9999 -9999 -9999 -9999 -9999 -9999 -9999 -9999 -9999 -9999 125.285 125.416 125.541 125.434 125.59 125.875 125.696 125.845 126.211 126.299 126.444 126.646 126.964 127.267 127.552 127.825 128.089 128.348 128.614 128.874 129.111 129.329 129.543 129.75 129.948 130.138 130.318 130.467 130.588 130.698 130.745 130.753 130.725 130.655 130.548 130.429 130.296 130.15 129.989 129.819 129.673 129.53 129.373 129.219 129.064 128.89 128.71 128.519 128.295 128.039
-9999 -9999 -9999 -9999 -9999 -9999 -9999 -9999 -9999 -9999 -9999 -9999 -9999 -9999 -9999 -9999 -9999 -9999 -9999 -9999 -9999 -9999 -9999 -9999 125.349 125.425 125.398 125.382 125.138 125.271 125.913 126.164 126.265 126.357 126.442 126.6 126.808 127.106 127.387 127.657 127.918 128.173 128.413 128.625 128.836 129.041 129.221 129.375 129.525 129.677 129.837 129.969 130.076 130.151 130.204 130.211 130.184 130.113 130.004 129.887 129.777 129.668 129.55 129.423 129.29 129.165 129.03 128.88 128.714 128.528 128.32 128.102 127.867 127.613
-9999 -9999 -9999 -9999 -9999 -9999 -9999 -9999 -9999 -9999 -9999 -9999 -9999 -9999 -9999 -9999 -9999 -9999 -9999 -9999 -9999 -9999 -9999 125.345 125.421 125.425 125.421 125.277 125.221 125.729 126.106 126.217 126.321 126.415 126.499 126.591 126.743 126.945 127.225 127.492 127.749 127.995 128.21 128.417 128.621 128.814 128.981 129.117 129.246 129.381 129.507 129.606 129.657 129.704 129.734 129.757 129.756 129.706 129.617 129.521 129.419 129.321 129.216 129.104 128.982 128.85 128.706 128.547 128.369 128.169 127.933 127.685 127.442 127.194
-9999 -9999 -9999 -9999 -9999 -9999 -9999 -9999 -9999 -9999 -9999 -9999 -9999 -9999 -9999 -9999 -9999 -9999 -9999 -9999 -9999 -9999 -9999 125.416 124.865 125.045 125.901 125.847 125.807 126.057 126.163 126.271 126.378 126.475 126.561 126.641 126.732 126.873 127.062 127.327 127.578 127.802 128.01 128.212 128.41 128.603 128.772 128.912 129.035 129.155 129.259 129.325 129.355 129.381 129.402 129.418 129.43 129.4 129.321 129.231 129.135 129.033 128.923 128.805 128.677 128.537 128.384 128.216 128.026 127.805 127.552 127.275 127.022 126.781
-9999 -9999 -9999 -9999 -9999 -9999 -9999 -9999 -9999 -9999 -9999 -9999 -9999 -9999 -9999 -9999 -9999 -9999 -9999 -9999 -9999 -9999 -9999 124.965 125.043 125.414 124.924 125.157 126.039 126.144 126.247 126.348 126.446 126.537 126.625 126.705 126.781 126.866 126.996 127.159 127.393 127.606 127.81 128.007 128.199 128.388 128.558 128.699 128.826 128.938 129.022 129.056 129.08 129.1 129.115 129.125 129.13 129.11 129.043 128.952 128.853 128.746 128.631 128.507 128.372 128.225 128.063 127.883 127.675 127.439 127.17 126.874 126.607 126.371
-9999 -9999 -9999 -9999 -9999 -9999 -9999 -9999 -9999 -9999 -9999 -9999 -9999 -9999 -9999 -9999 -9999 -9999 -9999 -9999 -9999 -9999 125.527 125.367 125.655 125.459 125.524 126.038 126.142 126.246 126.344 126.439 126.532 126.623 126.704 126.772 126.844 126.916 126.988 127.093 127.21 127.404 127.603 127.795 127.981 128.163 128.328 128.472 128.6 128.709 128.763 128.795 128.814 128.828 128.837 128.84 128.838 128.812 128.757 128.672 128.569 128.457 128.337 128.207 128.065 127.91 127.737 127.541 127.319 127.069 126.791 126.486 126.199 125.962
-9999 -9999 -9999 -9999 -9999 -9999 -9999 -9999 -9999 -9999 -9999 -9999 -9999 -9999 -9999 -9999 -9999 -9999 -9999 -9999 -9999 125.507 125.57 125.743 125.848 125.948 126.045 126.144 126.245 126.345 126.443 126.537 126.626 126.713 126.788 126.854 126.916 126.976 127.029 127.073 127.155 127.252 127.398 127.584 127.763 127.937 128.096 128.236 128.358 128.445 128.499 128.526 128.547 128.561 128.565 128.562 128.552 128.518 128.457 128.385 128.283 128.166 128.04 127.904 127.755 127.588 127.4 127.191 126.958 126.698 126.414 126.105 125.799 125.55
-9999 -9999 -9999 -9999 -9999 -9999 -9999 -9999 -9999 -9999 -9999 -9999 -9999 -9999 -9999 -9999 -9999 -9999 -9999 125.352 125.481 125.619 125.742 125.853 125.957 126.056 126.153 126.249 126.346 126.443 126.537 126.628 126.716 126.8 126.876 126.943 126.996 127.038 127.074 127.113 127.155 127.214 127.294 127.391 127.55 127.716 127.867 127.997 128.098 128.175 128.23 128.259 128.274 128.275 128.265 128.248 128.22 128.17 128.098 128.02 127.926 127.811 127.686 127.552 127.402 127.239 127.051 126.835 126.592 126.324 126.035 125.724 125.399 125.209
