Validation/Results/raw data/ReClimate_10_2024_1.asc
NCOLS 192
NROWS 249
XLLCENTER -225160.85627316462
YLLCENTER 29788.11610251502
CELLSIZE 5000.0
NODATA_VALUE -9999
[rows 198 to 230 of 249, columns 74 to 147 of 192]
-9999 -9999 -9999 -9999 -9999 -9999 -9999 -9999 -9999 -9999 -9999 -9999 -9999 -9999 -9999 -9999 -9999 -9999 100.549 100.569 100.59 100.609 100.625 100.639 100.653 100.665 100.677 100.711 100.791 100.924 100.972 100.986 100.989 100.807 100.7 100.969 101.35 101.251 101.006 100.945 100.914 100.817 100.705 100.774 100.879 100.865 100.81 100.751 100.703 100.645 100.603 100.65 100.612 100.606 100.568 100.558 100.547 100.536 100.528 100.522 100.517 100.521 100.532 100.546 100.562 100.583 100.606 100.632 100.663 100.701 100.748 100.801 100.859 100.924
-9999 -9999 -9999 -9999 -9999 -9999 -9999 -9999 -9999 -9999 -9999 -9999 -9999 -9999 -9999 100.499 100.517 100.541 100.567 100.59 100.61 100.627 100.643 100.657 100.67 100.684 100.703 100.857 101.199 101.151 100.936 100.9 100.79 100.727 100.701 101.106 101.672 101.42 101.076 101.021 100.918 100.833 100.77 100.839 100.876 100.831 100.782 100.744 100.706 100.657 100.606 100.6 100.627 100.568 100.576 100.566 100.555 100.542 100.529 100.52 100.515 100.516 100.526 100.541 100.558 100.578 100.601 100.627 100.659 100.699 100.747 100.801 100.856 100.913
-9999 -9999 -9999 -9999 -9999 -9999 -9999 -9999 -9999 -9999 -9999 -9999 -9999 100.522 100.524 100.534 100.548 100.566 100.589 100.611 100.63 100.647 100.662 100.675 100.717 100.851 100.971 101.112 100.989 100.951 101.164 101.118 101.147 101.083 100.939 101.228 101.184 101.086 101.326 101.168 100.878 100.819 100.755 100.764 100.735 100.731 100.791 100.762 100.738 100.682 100.616 100.609 100.606 100.601 100.593 100.583 100.571 100.557 100.544 100.582 100.547 100.514 100.52 100.535 100.552 100.572 100.594 100.62 100.653 100.693 100.74 100.791 100.844 100.895
-9999 -9999 -9999 -9999 -9999 -9999 -9999 -9999 -9999 100.488 100.517 100.523 100.529 100.55 100.562 100.572 100.581 100.595 100.613 100.633 100.651 100.667 100.565 100.338 100.639 100.858 101.287 101.123 100.84 101.012 101.174 101.192 101.191 101.083 100.994 100.778 100.222 100.55 101.111 100.916 100.806 100.75 100.696 100.679 100.682 100.743 100.819 100.801 100.786 100.715 100.629 100.621 100.618 100.541 100.536 100.585 100.593 100.561 100.564 100.602 100.667 100.614 100.549 100.532 100.545 100.563 100.585 100.612 100.646 100.686 100.731 100.778 100.825 100.868
-9999 -9999 -9999 -9999 -9999 -9999 -9999 -9999 100.474 100.51 100.531 100.554 100.574 100.591 100.601 100.609 100.617 100.627 100.639 100.655 100.672 100.691 100.541 100.712 100.794 101.007 100.955 100.786 100.727 100.849 100.947 100.98 101.065 101.04 101.104 100.821 100.856 101.154 101.143 101.052 100.96 100.929 100.926 100.886 100.778 100.801 100.745 100.749 100.785 100.711 100.643 100.634 100.631 100.667 100.603 100.599 100.611 100.657 100.631 100.668 100.684 100.653 100.628 100.561 100.547 100.56 100.577 100.604 100.639 100.679 100.72 100.76 100.799 100.837
-9999 -9999 -9999 -9999 -9999 -9999 -9999 100.474 100.514 100.547 100.575 100.598 100.618 100.632 100.641 100.647 100.654 100.66 100.669 100.68 100.774 101.021 101.048 101.082 101.044 100.817 100.248 100.159 99.989 100.186 100.591 100.63 100.602 100.74 101.033 101.04 101.005 101.008 101.027 100.946 100.846 100.885 101.002 100.899 100.782 100.739 100.699 100.719 100.724 100.678 100.659 100.628 100.637 100.734 100.691 100.706 100.827 100.807 100.724 100.687 100.702 100.704 100.713 100.723 100.604 100.564 100.582 100.605 100.634 100.667 100.703 100.738 100.771 100.806
-9999 -9999 -9999 -9999 -9999 100.466 -9999 100.52 100.558 100.589 100.615 100.637 100.656 100.669 100.677 100.683 100.688 100.693 100.699 100.672 100.706 100.754 100.835 100.843 100.913 100.584 100.506 100.549 100.922 101.081 100.913 100.901 100.895 101.06 101.084 101.032 100.938 100.963 101.005 100.979 101.049 101.079 100.992 100.923 100.916 100.889 100.873 100.833 100.715 100.696 100.677 100.735 100.698 100.788 100.784 100.76 100.841 100.81 100.741 100.719 100.704 100.696 100.645 100.606 100.685 100.608 100.59 100.612 100.635 100.659 100.685 100.714 100.745 100.777
-9999 -9999 -9999 -9999 -9999 -9999 -9999 -9999 -9999 100.629 100.653 100.673 100.691 100.704 100.711 100.715 100.719 100.723 100.727 100.682 100.7 100.741 100.734 100.755 100.7 100.694 100.787 101.035 101.169 101.045 100.942 100.939 100.928 100.918 100.854 100.83 100.909 100.955 101.018 101.045 101.008 100.904 100.735 100.744 100.79 100.841 101.017 100.846 100.541 100.539 100.567 100.654 100.752 100.721 100.741 100.702 100.755 100.764 100.737 100.771 100.762 100.726 100.689 100.562 100.613 100.649 100.595 100.615 100.635 100.656 100.675 100.694 100.72 100.749
-9999 -9999 -9999 -9999 -9999 -9999 -9999 -9999 -9999 100.668 100.69 100.709 100.726 100.738 100.744 100.746 100.749 100.752 100.775 100.822 100.785 100.771 100.743 100.706 100.677 100.757 100.838 100.907 100.895 100.851 100.876 100.881 100.901 100.887 100.947 100.969 100.912 100.977 101.062 101.014 100.933 100.856 100.891 100.913 100.909 101.017 101.063 100.855 100.736 100.775 100.848 100.91 100.804 100.75 100.755 100.749 100.75 100.754 100.733 100.741 100.741 100.714 100.771 100.721 100.675 100.734 100.639 100.611 100.63 100.648 100.664 100.679 100.695 100.717
-9999 -9999 -9999 -9999 -9999 -9999 -9999 100.653 100.681 100.706 100.726 -9999 100.76 100.772 100.777 100.778 100.78 100.878 -9999 101.146 101.091 101.031 100.906 100.843 100.708 100.804 100.948 100.931 100.894 100.903 100.886 100.96 101.129 101.118 101.001 100.96 100.927 100.978 100.99 100.949 100.958 100.978 100.978 100.998 101.052 101.057 101.003 100.901 100.803 100.891 101.036 100.959 100.862 100.852 100.862 100.832 100.819 100.836 100.839 100.753 100.717 100.664 100.711 100.79 100.783 100.781 100.735 100.624 100.622 100.637 100.65 100.662 100.675 100.687
-9999 -9999 -9999 -9999 -9999 -9999 -9999 100.708 -9999 -9999 -9999 100.779 100.795 100.806 -9999 -9999 -9999 -9999 -9999 101.147 101.04 100.963 100.933 100.833 100.755 100.852 100.903 100.896 100.926 100.99 101.194 101.254 101.158 101.075 101.016 100.991 100.965 100.973 100.978 100.99 101.015 101.011 100.999 101.023 100.998 100.971 100.979 100.958 101.061 101.112 101.043 100.952 100.823 100.809 100.806 100.784 100.777 100.788 100.825 100.755 100.707 100.671 100.669 100.728 100.789 100.801 100.782 100.702 100.635 100.626 100.635 100.645 100.656 100.666
-9999 -9999 -9999 -9999 -9999 -9999 -9999 -9999 -9999 100.779 100.799 100.814 100.828 100.84 -9999 -9999 -9999 -9999 -9999 -9999 -9999 -9999 101.052 101.045 101.145 101.221 101.359 101.255 100.91 101.084 101.266 101.142 100.927 100.927 101.014 101.007 101.019 101.03 101.056 101.031 100.927 100.979 101.146 101.118 101.069 101.019 100.866 100.951 101.049 101.032 101.102 101.067 100.931 100.879 100.849 100.816 100.821 100.842 100.869 100.878 100.864 100.759 100.709 100.697 100.727 100.705 100.647 100.58 100.604 100.615 100.623 100.631 100.639 100.646
-9999 -9999 -9999 -9999 -9999 -9999 -9999 -9999 -9999 -9999 100.838 -9999 -9999 -9999 -9999 -9999 -9999 -9999 -9999 -9999 100.937 101.015 101.111 101.163 101.159 101.225 101.203 101.004 100.965 101.094 101.181 101.052 100.998 101.052 101.068 101.067 101.039 101.056 101.069 101.011 101.006 101.139 101.268 -9999 101.081 100.977 100.917 100.986 101.041 101.079 101.097 101.046 100.918 100.857 100.846 100.827 100.753 100.705 100.81 100.864 100.938 100.852 100.739 100.721 100.817 100.904 100.902 100.896 100.825 100.684 100.611 100.617 100.623 100.628
-9999 -9999 -9999 -9999 -9999 -9999 -9999 -9999 -9999 -9999 -9999 -9999 -9999 -9999 -9999 -9999 -9999 -9999 -9999 -9999 100.955 101.1 101.361 101.272 -9999 -9999 -9999 101.446 101.571 101.661 101.79 101.681 101.436 101.436 101.404 101.362 101.284 101.272 101.22 101.223 101.242 101.352 -9999 101.329 101.084 101.022 100.943 101.018 101.154 101.153 101.13 101.047 100.89 100.84 100.827 100.766 100.679 100.528 100.589 100.695 100.727 100.797 100.76 100.706 100.78 100.923 100.951 101.028 101.014 100.779 100.601 100.605 100.872 101.009
-9999 -9999 -9999 -9999 -9999 -9999 -9999 -9999 -9999 -9999 -9999 -9999 -9999 -9999 -9999 -9999 -9999 -9999 -9999 -9999 -9999 -9999 -9999 -9999 -9999 -9999 -9999 101.415 101.148 101.232 101.284 101.163 101.178 101.193 101.274 101.241 101.262 101.221 101.187 101.173 -9999 -9999 101.323 101.181 101.139 101.084 101.054 101.129 101.14 101.125 101.126 101.009 100.905 100.887 100.971 100.924 100.849 100.814 100.858 100.753 100.675 100.787 100.872 100.81 100.774 100.857 100.835 100.858 100.883 100.84 100.859 100.947 100.909 101.032
-9999 -9999 -9999 -9999 -9999 -9999 -9999 -9999 -9999 -9999 -9999 -9999 -9999 -9999 -9999 -9999 -9999 -9999 -9999 -9999 -9999 -9999 -9999 -9999 -9999 -9999 -9999 101.492 101.378 101.397 101.374 101.38 101.359 101.409 101.417 101.351 101.143 -9999 -9999 -9999 -9999 -9999 101.157 101.137 101.134 101.106 101.08 101.089 101.108 101.105 101.107 100.986 100.864 100.793 100.861 100.922 100.835 100.865 100.978 100.963 100.771 100.801 100.893 100.891 100.895 100.765 100.682 100.833 100.919 100.835 101.009 101.128 101.054 100.999
-9999 -9999 -9999 -9999 -9999 -9999 -9999 -9999 -9999 -9999 -9999 -9999 -9999 -9999 -9999 -9999 -9999 -9999 -9999 -9999 -9999 -9999 -9999 -9999 -9999 -9999 -9999 -9999 -9999 101.391 101.306 101.3 101.301 101.313 101.329 101.254 -9999 -9999 -9999 -9999 101.138 101.22 101.32 101.309 101.279 101.223 101.111 101.131 101.167 101.138 101.059 101.047 101.053 101.07 100.979 100.964 100.89 100.937 100.944 100.901 100.824 100.856 100.878 100.854 100.818 100.748 100.615 100.74 100.925 100.863 100.891 100.992 100.968 100.964
-9999 -9999 -9999 -9999 -9999 -9999 -9999 -9999 -9999 -9999 -9999 -9999 -9999 -9999 -9999 -9999 -9999 -9999 -9999 -9999 -9999 -9999 -9999 -9999 -9999 -9999 -9999 -9999 -9999 -9999 101.175 101.257 101.473 101.5 101.548 -9999 -9999 -9999 -9999 101.195 101.243 101.302 101.315 101.318 101.365 101.29 101.255 101.26 101.228 101.153 101.07 101.043 101.087 101.153 101.096 101.051 100.978 100.978 100.97 100.89 100.855 100.869 100.872 100.84 100.811 100.789 100.781 100.726 100.783 100.777 100.68 100.802 100.86 100.922
-9999 -9999 -9999 -9999 -9999 -9999 -9999 -9999 -9999 -9999 -9999 -9999 -9999 -9999 -9999 -9999 -9999 -9999 -9999 -9999 -9999 -9999 -9999 -9999 -9999 -9999 -9999 -9999 -9999 -9999 -9999 -9999 -9999 -9999 -9999 -9999 -9999 -9999 101.222 101.305 101.303 101.307 101.301 101.341 101.375 101.338 101.296 101.253 101.185 101.112 101.041 101.017 101.017 101.054 101.064 101.057 101.033 101.033 101.081 101.028 100.964 100.951 100.959 100.941 100.893 100.857 100.884 100.829 100.782 100.782 100.698 100.766 100.881 100.907
-9999 -9999 -9999 -9999 -9999 -9999 -9999 -9999 -9999 -9999 -9999 -9999 -9999 -9999 -9999 -9999 -9999 -9999 -9999 -9999 -9999 -9999 -9999 -9999 -9999 -9999 -9999 -9999 -9999 -9999 -9999 -9999 -9999 -9999 -9999 -9999 -9999 101.492 101.42 101.341 101.116 101.112 101.116 101.153 101.202 101.171 101.154 101.118 101.131 101.076 101.039 101.017 101.042 101.062 101.072 101.073 101.031 100.977 100.983 101.008 100.934 100.874 100.876 100.88 100.847 100.836 100.88 100.811 100.766 100.779 100.697 100.578 100.633 100.59
-9999 -9999 -9999 -9999 -9999 -9999 -9999 -9999 -9999 -9999 -9999 -9999 -9999 -9999 -9999 -9999 -9999 -9999 -9999 -9999 -9999 -9999 -9999 -9999 -9999 -9999 -9999 -9999 -9999 -9999 -9999 -9999 -9999 -9999 -9999 -9999 -9999 101.424 101.245 101.096 101.013 101.091 101.315 101.323 101.262 101.244 101.226 101.206 101.139 101.148 101.24 101.208 101.118 101.099 101.076 101.05 101.064 101.053 100.994 100.997 100.942 100.864 100.848 100.85 100.846 100.889 100.975 100.9 100.687 100.612 100.677 100.586 100.505 100.932
-9999 -9999 -9999 -9999 -9999 -9999 -9999 -9999 -9999 -9999 -9999 -9999 -9999 -9999 -9999 -9999 -9999 -9999 -9999 -9999 -9999 -9999 -9999 -9999 101.235 101.315 101.641 101.617 -9999 101.492 -9999 -9999 -9999 -9999 -9999 -9999 -9999 -9999 101.303 101.27 101.307 101.476 101.621 101.523 101.322 101.307 101.301 101.218 101.095 101.169 101.251 101.245 101.184 101.124 101.101 101.06 101.061 101.172 101.16 101.098 101.019 100.916 100.864 100.816 100.77 100.749 100.814 100.83 100.65 100.483 100.54 100.578 100.626 100.552
-9999 -9999 -9999 -9999 -9999 -9999 -9999 -9999 -9999 -9999 -9999 -9999 -9999 -9999 -9999 -9999 -9999 -9999 -9999 -9999 -9999 101.432 101.458 101.363 101.268 101.418 101.656 101.617 101.542 101.603 101.675 101.54 -9999 -9999 101.333 101.325 101.278 101.343 101.427 101.42 101.348 101.422 101.414 101.3 101.272 101.271 101.29 101.204 101.158 101.213 101.257 101.273 101.214 101.137 101.122 101.082 101.057 101.124 101.12 101.052 101.061 101.025 100.986 100.942 100.944 100.948 100.873 100.828 100.822 100.683 100.661 100.579 100.653 100.641
-9999 -9999 -9999 -9999 -9999 -9999 -9999 -9999 -9999 -9999 -9999 -9999 -9999 -9999 -9999 -9999 -9999 -9999 -9999 -9999 101.446 101.475 101.573 101.463 101.304 101.544 101.931 101.856 101.724 101.699 101.504 101.356 101.249 101.286 101.396 101.415 101.473 101.525 101.554 101.499 101.456 101.444 101.425 101.418 101.433 101.404 101.303 101.27 101.258 101.244 101.146 101.174 101.168 101.105 101.112 101.096 101.089 101.071 101.028 100.962 100.988 101.064 101.05 100.946 100.909 100.937 100.847 100.694 100.653 100.614 100.577 100.557 100.468 100.558
-9999 -9999 -9999 -9999 -9999 -9999 -9999 -9999 -9999 -9999 -9999 -9999 -9999 -9999 -9999 -9999 -9999 -9999 -9999 -9999 101.488 101.649 101.463 101.323 101.182 101.371 101.328 101.352 101.633 101.525 101.5 101.455 101.498 101.557 101.559 101.596 101.605 101.588 101.505 101.451 101.367 101.339 101.292 101.304 101.306 101.262 101.297 101.275 101.239 101.21 101.286 101.208 101.203 101.176 101.175 101.152 101.128 101.097 101.047 101.005 100.924 100.92 101.06 101.029 100.927 100.941 100.921 100.805 100.715 100.576 100.505 100.479 100.455 100.437
-9999 -9999 -9999 -9999 -9999 -9999 -9999 -9999 -9999 -9999 -9999 -9999 -9999 -9999 -9999 -9999 -9999 -9999 -9999 -9999 101.626 101.536 101.522 101.471 101.559 101.593 101.766 101.963 102.103 101.995 101.709 101.731 101.74 101.714 101.64 101.596 101.452 101.399 101.382 101.329 101.315 101.285 101.27 101.289 101.331 101.35 101.355 101.331 101.33 101.387 101.446 101.32 101.099 101.204 101.245 101.167 101.127 101.062 101.003 100.996 100.929 100.782 100.865 100.965 100.893 100.771 100.687 100.843 100.857 100.649 100.494 100.538 100.652 100.646
-9999 -9999 -9999 -9999 -9999 -9999 -9999 -9999 -9999 -9999 -9999 -9999 -9999 -9999 -9999 -9999 101.535 101.553 -9999 101.581 101.715 101.736 101.789 101.759 101.558 101.672 101.74 101.853 101.967 101.801 101.75 101.73 101.673 101.626 101.619 101.504 101.395 101.381 101.364 101.348 101.334 101.321 101.307 101.356 101.428 101.405 101.328 101.343 101.404 101.416 101.372 101.303 101.115 101.216 101.329 101.248 101.197 101.13 101.042 101.026 101.047 100.978 100.91 100.945 100.9 100.761 100.596 100.732 100.918 100.694 100.482 100.583 100.81 100.885
-9999 -9999 -9999 -9999 -9999 -9999 -9999 -9999 -9999 -9999 -9999 -9999 -9999 -9999 -9999 -9999 101.416 101.477 101.715 101.751 101.657 101.745 101.891 101.73 101.597 101.667 101.767 101.852 101.926 101.89 101.846 101.779 101.697 101.637 101.489 101.425 101.415 101.402 101.387 101.371 101.356 101.342 101.326 101.358 101.338 101.307 101.332 101.363 101.37 101.301 101.18 101.128 101.101 101.159 101.262 101.204 101.159 101.167 101.109 101.039 101.035 100.91 100.799 100.914 100.956 100.823 100.647 100.59 100.649 100.626 100.48 100.486 100.553 100.684
-9999 -9999 -9999 -9999 -9999 -9999 -9999 -9999 -9999 -9999 -9999 -9999 -9999 -9999 -9999 101.542 101.442 101.637 101.832 101.786 101.803 101.885 101.879 101.818 101.839 101.863 101.783 101.803 101.751 101.763 101.85 101.761 101.655 101.542 101.457 101.444 101.433 101.422 101.409 101.394 101.377 101.361 101.344 101.326 101.307 101.365 101.489 101.456 101.36 101.253 101.139 101.112 101.086 101.191 101.283 101.225 101.17 101.165 101.135 101.057 101.008 100.894 100.734 100.799 100.951 100.842 100.698 100.626 100.559 100.527 100.49 100.496 100.831 101.129
-9999 -9999 -9999 -9999 -9999 -9999 -9999 -9999 -9999 -9999 -9999 -9999 -9999 -9999 -9999 -9999 102.001 102.078 102.003 101.972 101.86 101.874 101.918 101.91 101.847 101.845 101.96 101.933 101.946 101.996 101.986 101.825 101.55 101.494 101.478 101.464 101.452 101.441 101.43 101.417 101.4 101.382 101.364 101.345 101.326 101.399 101.408 101.354 101.356 101.259 101.166 101.14 101.115 101.218 101.323 101.261 101.203 101.169 101.125 101.065 -9999 101.021 100.935 100.964 101.07 101.008 100.899 100.946 100.897 100.849 100.755 100.675 101.123 101.504
-9999 -9999 -9999 -9999 -9999 -9999 -9999 -9999 -9999 -9999 -9999 -9999 -9999 -9999 -9999 102.015 101.993 101.931 101.872 101.827 101.874 101.909 101.947 101.872 101.759 101.878 102.018 101.996 101.922 101.916 101.889 101.682 101.539 101.519 101.501 101.486 101.472 101.46 101.449 101.437 101.423 101.405 101.386 101.367 101.348 101.375 101.438 101.452 101.486 101.371 101.194 101.169 101.146 101.231 101.351 101.3 101.233 101.193 101.139 101.077 101.004 -9999 100.949 -9999 100.953 -9999 100.831 -9999 100.88 100.825 100.759 100.665 100.833 101.184
-9999 -9999 -9999 -9999 -9999 -9999 -9999 -9999 -9999 -9999 -9999 -9999 -9999 -9999 -9999 101.904 101.727 101.742 101.883 101.888 101.834 101.813 101.701 101.626 101.598 101.757 101.971 101.885 101.728 101.715 101.693 101.596 101.568 101.546 101.526 101.509 101.494 101.502 101.552 101.56 101.601 101.546 101.41 101.39 101.371 101.433 101.521 101.551 101.575 101.411 101.224 101.254 101.38 101.354 101.406 101.349 101.272 101.259 101.221 101.136 101.056 -9999 -9999 100.928 100.959 -9999 -9999 100.917 100.923 100.716 -9999 -9999 -9999 -9999
-9999 -9999 -9999 -9999 -9999 -9999 -9999 -9999 -9999 -9999 -9999 -9999 -9999 -9999 101.798 101.977 102.037 102.069 101.951 101.879 101.763 101.728 101.805 101.767 101.72 101.897 102.062 101.909 101.693 101.693 101.671 101.633 101.602 101.576 101.554 101.535 101.518 101.567 101.642 101.635 101.557 101.473 101.435 101.416 101.396 101.464 101.533 101.564 101.608 101.439 101.255 101.37 101.491 101.458 101.375 101.297 101.245 101.116 -9999 -9999 -9999 100.947 -9999 -9999 -9999 -9999 -9999 -9999 100.647 -9999 -9999 -9999 -9999 -9999
