Validation/Results/raw data/ReClimate_11_2023_1_Precipitation-Actuals.asc
NCOLS 192
NROWS 249
XLLCENTER -225160.85627316462
YLLCENTER 29788.11610251502
CELLSIZE 5000.0
NODATA_VALUE -9999
[rows 165 to 197 of 249, columns 74 to 147 of 192]
-9999 -9999 -9999 -9999 -9999 -9999 -9999 -9999 -9999 -9999 -9999 -9999 -9999 -9999 -9999 -9999 -9999 -9999 -9999 -9999 -9999 -9999 -9999 -9999 -9999 -9999 -9999 -9999 -9999 -9999 -9999 -9999 -9999 -9999 -9999 -9999 -9999 -9999 118.221 120.221 124.253 140.554 140.549 157.179 183.865 202.221 209.917 214.032 203.362 207.784 202.144 200.32 186.391 149.924 115.065 102.206 88.989 80.056 73.672 69.256 64.777 64.343 63.163 61.664 60.459 60.625 61.713 61.534 64.807 65.116 67.683 71.548 70.949 67.16
-9999 -9999 -9999 -9999 -9999 -9999 -9999 -9999 -9999 -9999 -9999 -9999 -9999 -9999 -9999 -9999 -9999 -9999 -9999 -9999 -9999 -9999 -9999 -9999 -9999 -9999 -9999 -9999 -9999 -9999 -9999 -9999 -9999 -9999 -9999 -9999 -9999 -9999 115.77 119.277 122.209 129.034 137.957 156.149 175.405 188.138 190.864 182.592 183.663 176.122 181.782 195.054 184.689 164.498 136.162 106.674 89.899 85.106 78.195 73.706 71.157 65.797 63.643 61.243 60.452 59.533 58.428 61.154 61.985 66.373 66.777 66.67 69.328 68.893
-9999 -9999 -9999 -9999 -9999 -9999 -9999 -9999 -9999 -9999 -9999 -9999 -9999 -9999 -9999 -9999 -9999 -9999 -9999 -9999 -9999 -9999 -9999 -9999 -9999 -9999 -9999 -9999 -9999 -9999 -9999 -9999 -9999 -9999 -9999 -9999 -9999 111.587 112.695 116.749 125.463 127.518 129.863 144.836 162.88 162.89 160.942 156.602 156.113 152.447 167.809 192.891 205.697 188.014 162.707 140.378 105.604 81.43 77.35 73.541 73.174 69.035 62.999 60.434 57.561 57.825 59.356 60.895 63.87 64.577 66.56 67.608 68.201 67.539
-9999 -9999 -9999 -9999 -9999 -9999 -9999 -9999 -9999 -9999 -9999 -9999 -9999 -9999 -9999 -9999 -9999 -9999 -9999 -9999 -9999 -9999 -9999 -9999 -9999 -9999 -9999 -9999 -9999 -9999 -9999 -9999 -9999 -9999 -9999 -9999 -9999 109.006 108.52 116.276 120.427 121.279 130.292 133.686 138.559 136.503 134.963 138.169 134.39 139.515 154.308 175.742 207.729 224.8 198.443 163.841 132.809 99.379 83.071 73.78 67.189 68.183 64.78 60.258 58.896 58.059 59.135 59.537 63.87 65.552 64.909 66.151 68.488 66.642
-9999 -9999 -9999 -9999 -9999 -9999 -9999 -9999 -9999 -9999 -9999 -9999 -9999 -9999 -9999 -9999 -9999 -9999 -9999 -9999 -9999 -9999 -9999 -9999 -9999 -9999 -9999 -9999 -9999 -9999 -9999 -9999 -9999 -9999 -9999 -9999 -9999 -9999 110.082 112.296 113.149 119.514 119.167 119.261 116.086 114.76 117.929 117.039 118.146 121.843 135.547 154.712 179.922 217.639 224.521 192.805 151.762 118.93 91.736 81.114 69.611 68.127 67.651 64.13 59.685 60.579 60.543 60.154 61.913 66.115 64.554 63.905 67.177 67.131
-9999 -9999 -9999 -9999 -9999 -9999 -9999 -9999 -9999 -9999 -9999 -9999 -9999 -9999 -9999 -9999 -9999 -9999 133.211 136.887 -9999 -9999 -9999 -9999 -9999 -9999 -9999 -9999 -9999 -9999 -9999 -9999 -9999 -9999 -9999 -9999 -9999 103.683 100.282 105.689 112.186 115.243 112.601 106.969 103.505 103.85 105.836 108.394 109.775 116.519 130.964 156.472 172.263 203.28 206.199 193.653 170.573 123.415 97.94 78.364 76.075 75.911 71.95 64.588 61.978 58.674 62.844 62.048 62.393 62.449 63.442 62.095 64.019 67.819
-9999 -9999 -9999 -9999 -9999 -9999 -9999 -9999 -9999 -9999 -9999 -9999 -9999 -9999 -9999 -9999 -9999 -9999 141.76 148.03 145.498 -9999 -9999 -9999 -9999 -9999 -9999 -9999 -9999 -9999 -9999 -9999 -9999 -9999 -9999 -9999 93.414 93.407 95.606 103.091 111.916 106.779 104.062 100.172 95.812 99.169 104.266 106.477 106.103 112.127 122.61 139.368 173.528 204.268 207.613 173.647 154.228 131.463 99.428 84.811 72.413 77.291 74.383 66.538 61.146 59.818 61.439 63.834 62.413 61.809 61.861 61.349 62.536 65.256
-9999 -9999 -9999 -9999 -9999 -9999 -9999 -9999 -9999 -9999 -9999 -9999 -9999 -9999 -9999 -9999 -9999 125.807 136.163 152.7 150.295 147.453 -9999 -9999 -9999 -9999 -9999 -9999 -9999 -9999 -9999 -9999 -9999 96.753 -9999 -9999 89.655 94.83 95.473 98.552 97.896 -9999 100.264 95.392 100.345 104.362 103.07 99.871 103.046 106.611 114.309 139.734 150.044 180.692 177.555 153.067 142.068 121.559 110.322 92.232 78.103 74.104 73.167 68.05 64.494 65.898 64.459 62.283 61.382 60.098 61.806 63.373 61.741 64.073
-9999 -9999 -9999 -9999 -9999 -9999 -9999 -9999 -9999 -9999 -9999 -9999 -9999 -9999 -9999 -9999 -9999 119.175 136.108 147.642 151.887 150.074 141.75 144.863 -9999 -9999 -9999 150.403 123.529 -9999 109.088 104.105 98.057 107.751 98.436 -9999 -9999 91.127 92.405 -9999 -9999 94.871 93.391 93.408 97.509 98.658 96.812 99.767 101.744 110.929 124.988 160.419 165.466 167.364 154.501 147.679 140.736 121.938 99.364 91.404 83.402 81.928 74.139 69.747 63.048 63.61 68.146 64.237 61.629 60.771 61.997 62.865 61.033 62.565
-9999 -9999 -9999 -9999 -9999 -9999 -9999 -9999 -9999 -9999 -9999 -9999 -9999 -9999 -9999 -9999 -9999 -9999 130.557 141.061 150.881 151.389 150.341 -9999 -9999 215.505 214.444 162.939 146.058 137.568 130.369 109.487 108.913 100.286 100.858 108.398 -9999 89.438 86.621 87.875 89.9 93.044 95.599 97.051 97.423 96.193 96.232 95.639 107.936 114.761 132.526 168.187 179.423 167.104 149.71 127.448 130.047 116.233 99.421 88.375 83.884 80.928 74.542 69.651 67.178 64.933 65.197 63.454 60.94 62.302 63.377 63.241 60.46 61.066
-9999 -9999 -9999 -9999 -9999 -9999 -9999 -9999 -9999 -9999 -9999 -9999 -9999 -9999 -9999 -9999 -9999 -9999 128.474 139.059 142.521 146.968 167.926 210.407 250.144 294.339 243.68 197.524 167.929 150.64 144.399 126.211 107.403 106.91 119.324 111.662 107.411 92.114 82.677 85.054 85.655 89.071 91.419 85.879 95.617 97.415 91.163 95.83 102.56 112.639 139.858 167.782 185.47 171.227 158.962 133.135 118.357 115.671 105.6 93.871 88.885 84.331 75.284 73.674 69.668 65.798 65.496 61.27 60.713 61.444 64.318 63.925 60.823 60.953
-9999 -9999 -9999 -9999 -9999 -9999 -9999 -9999 -9999 -9999 -9999 -9999 -9999 -9999 -9999 -9999 -9999 -9999 -9999 145.849 150.433 173.555 236.175 286.627 353.885 357.873 306.316 242.525 204.608 179.758 169.705 142.828 134.911 124.699 113.257 125.591 104.792 91.668 88.359 85.296 84.151 86.154 83.326 89.036 89.057 86.22 90.848 91.464 95.382 112.445 136.528 154.15 161.74 151.204 147.819 141.476 119.688 115.094 109.563 97.825 93.476 88.407 81.434 76.234 72.155 67.568 65.467 61.984 60.65 58.354 61.703 63.786 60.132 58.86
-9999 -9999 -9999 -9999 -9999 -9999 -9999 -9999 -9999 -9999 -9999 -9999 -9999 -9999 -9999 -9999 -9999 -9999 -9999 -9999 -9999 210.462 282.24 377.776 463.369 420.119 329.507 252.858 207.72 218.787 197.597 186.024 157.674 136.16 118.659 117.096 119.831 110.914 95.269 84.344 81.049 82.577 85.561 86.333 84.097 84.004 86.848 87.085 90.87 109.539 130.74 133.983 149.13 149.873 143.423 139.27 124.53 114.958 108.981 95.616 91.531 92.286 85.525 79.379 72.751 67.622 66.325 61.183 60.15 59.325 58.896 63.579 60.054 57.524
-9999 -9999 -9999 -9999 -9999 -9999 -9999 -9999 -9999 -9999 -9999 -9999 -9999 -9999 -9999 -9999 -9999 -9999 -9999 -9999 195.484 256.567 330.814 445.35 511.988 420.614 319.576 254.72 230.01 223.933 199.539 185.724 175.587 139.027 130.507 143.313 132.433 116.434 95.0 87.559 83.658 84.847 87.04 87.59 87.349 88.121 86.206 88.259 99.194 111.654 113.655 121.013 135.723 138.846 138.748 127.605 122.795 120.237 105.152 94.675 89.795 88.6 85.817 78.005 75.105 67.795 63.877 60.683 60.188 58.856 63.247 62.901 59.839 56.705
-9999 -9999 -9999 -9999 -9999 -9999 -9999 -9999 -9999 -9999 -9999 -9999 -9999 -9999 -9999 -9999 -9999 -9999 -9999 176.799 260.6 275.05 349.945 412.544 402.881 418.319 355.318 296.858 288.173 259.684 213.96 185.2 165.931 147.044 159.125 161.447 142.404 123.389 99.734 86.464 82.862 87.332 86.078 86.373 87.954 85.369 85.887 94.939 99.768 101.516 111.246 118.076 128.692 139.708 125.426 119.767 108.978 108.608 103.595 88.479 87.308 85.902 82.752 77.641 71.1 69.845 62.269 59.475 59.42 58.23 58.969 61.941 57.536 57.33
-9999 -9999 -9999 -9999 -9999 -9999 -9999 -9999 -9999 -9999 -9999 -9999 -9999 -9999 -9999 -9999 -9999 -9999 153.156 203.143 211.389 254.862 278.684 282.5 310.4 329.337 312.405 321.065 319.102 295.301 258.555 206.241 164.035 167.346 161.268 140.877 136.136 119.156 100.492 88.37 81.347 87.106 85.892 88.199 87.725 87.746 93.106 95.975 99.361 105.032 110.024 116.352 112.003 118.291 117.208 107.155 101.837 98.21 96.04 87.843 80.757 81.264 77.425 72.349 67.948 64.568 59.701 57.311 58.607 57.977 57.347 60.421 56.239 56.28
-9999 -9999 -9999 -9999 -9999 -9999 -9999 -9999 -9999 -9999 -9999 -9999 -9999 -9999 -9999 -9999 145.838 144.893 149.777 168.694 181.101 183.11 204.269 202.71 237.562 269.534 302.341 323.186 340.345 275.202 222.757 191.137 179.361 195.37 183.366 163.786 137.461 118.703 104.946 87.033 84.889 88.77 90.589 88.243 88.043 89.901 92.611 99.081 95.15 101.072 110.062 112.164 109.692 106.003 97.521 94.737 92.632 91.014 87.061 83.436 79.544 73.627 69.941 64.757 63.477 60.748 57.733 56.193 59.371 59.831 60.628 61.592 58.313 54.537
-9999 -9999 -9999 -9999 -9999 -9999 -9999 -9999 -9999 -9999 -9999 -9999 -9999 -9999 -9999 149.979 149.177 146.11 148.015 -9999 -9999 -9999 -9999 203.888 251.87 308.26 314.138 328.014 287.815 262.995 258.703 232.034 233.258 253.305 216.927 172.413 141.464 124.472 100.276 89.256 89.841 89.741 86.186 86.503 86.516 87.293 89.058 92.011 92.471 97.465 101.712 100.764 100.553 96.448 90.787 89.128 84.627 80.578 76.143 73.804 74.466 71.032 64.851 64.947 62.95 61.171 61.039 61.738 62.391 63.432 63.659 62.874 60.202 55.405
-9999 -9999 -9999 -9999 -9999 -9999 -9999 -9999 -9999 -9999 -9999 -9999 -9999 -9999 -9999 150.282 151.517 139.33 -9999 -9999 -9999 -9999 -9999 207.253 265.803 323.312 301.07 315.007 312.638 312.316 313.935 281.479 260.558 243.316 177.931 147.262 137.888 113.939 98.058 92.126 89.095 86.58 87.627 87.013 86.375 84.93 86.959 88.288 90.953 89.643 92.598 91.365 91.365 92.366 90.703 86.321 81.646 76.705 75.203 73.716 70.1 68.752 62.955 62.979 67.826 65.386 68.833 70.281 69.139 67.738 66.039 61.189 57.604 55.929
-9999 -9999 -9999 -9999 -9999 -9999 -9999 -9999 -9999 -9999 -9999 -9999 -9999 -9999 -9999 -9999 -9999 134.166 -9999 -9999 -9999 -9999 -9999 205.978 263.818 265.113 282.093 309.66 315.136 353.09 333.779 271.462 261.341 215.308 171.904 146.624 124.553 109.162 93.303 90.523 85.661 84.55 81.709 79.715 81.469 79.633 83.947 88.275 85.954 85.397 87.538 88.732 87.515 85.805 86.987 84.349 80.609 81.697 79.54 75.57 71.194 68.961 78.216 68.59 66.808 68.814 68.041 69.923 70.94 69.89 65.306 64.183 59.66 56.148
-9999 -9999 -9999 -9999 -9999 -9999 -9999 -9999 -9999 -9999 -9999 -9999 -9999 -9999 -9999 -9999 -9999 -9999 -9999 -9999 -9999 -9999 -9999 199.367 223.406 229.44 283.572 309.34 356.098 357.586 340.379 299.395 239.951 193.081 161.574 127.631 114.343 95.452 88.718 84.479 86.177 80.756 78.275 77.332 75.212 76.012 81.029 83.263 83.563 85.24 85.32 92.513 86.948 81.194 81.131 82.029 77.899 78.753 79.956 77.082 77.155 78.404 74.376 74.485 63.223 63.265 66.273 66.631 67.696 69.881 65.428 60.494 59.386 56.172
-9999 -9999 -9999 -9999 -9999 -9999 -9999 -9999 -9999 -9999 -9999 -9999 -9999 -9999 -9999 -9999 -9999 -9999 -9999 -9999 -9999 -9999 -9999 -9999 220.873 297.534 350.065 360.938 349.414 328.049 297.765 244.024 205.224 168.097 135.001 131.331 112.032 92.324 89.665 88.867 83.493 79.063 77.275 76.459 75.165 72.883 84.461 85.444 84.691 83.269 84.251 90.342 88.25 82.112 78.832 76.59 74.949 76.009 76.897 76.024 83.191 85.434 77.117 68.912 65.771 64.835 67.417 71.05 69.808 68.477 65.445 61.134 58.004 54.936
-9999 -9999 -9999 -9999 -9999 -9999 -9999 -9999 -9999 -9999 -9999 -9999 -9999 -9999 -9999 -9999 -9999 -9999 -9999 -9999 -9999 -9999 -9999 199.976 245.039 325.008 365.907 351.373 304.078 283.244 256.163 243.534 204.999 157.451 139.5 128.885 107.653 115.088 93.835 87.316 84.746 86.888 84.838 82.687 84.78 86.925 85.623 81.735 82.597 81.286 83.851 87.387 85.109 79.594 77.998 74.615 72.039 70.771 73.448 73.229 76.183 80.906 73.823 67.939 67.117 68.301 70.886 73.652 72.456 68.362 64.184 61.038 57.909 54.039
-9999 -9999 -9999 -9999 -9999 -9999 -9999 -9999 -9999 -9999 -9999 -9999 -9999 -9999 -9999 -9999 -9999 -9999 -9999 -9999 -9999 -9999 -9999 184.123 238.087 319.701 319.043 280.209 253.52 251.404 260.497 239.263 191.006 151.808 136.885 118.324 113.585 103.173 98.487 95.788 97.347 92.407 84.001 82.08 85.029 86.641 82.827 81.02 82.87 84.166 87.226 87.866 86.108 83.615 79.639 75.852 71.794 70.299 71.644 73.685 76.217 78.487 70.809 66.025 66.751 72.891 72.153 73.183 73.039 67.789 64.409 59.171 54.925 54.886
-9999 -9999 -9999 -9999 -9999 -9999 -9999 -9999 -9999 -9999 -9999 -9999 -9999 -9999 -9999 -9999 -9999 -9999 -9999 -9999 -9999 -9999 -9999 166.95 216.424 240.57 262.869 249.969 252.739 260.548 259.074 221.14 187.419 151.644 130.796 110.674 108.1 107.83 107.885 116.902 118.528 103.019 95.048 88.22 88.131 87.285 80.792 80.983 81.114 82.86 88.106 88.861 89.268 89.656 83.87 76.385 76.343 73.559 73.263 74.132 72.09 72.197 69.187 67.054 68.486 70.98 73.4 69.223 65.695 63.578 63.416 63.045 54.502 50.035
-9999 -9999 -9999 -9999 -9999 -9999 -9999 -9999 -9999 -9999 -9999 -9999 -9999 -9999 -9999 -9999 -9999 -9999 -9999 -9999 -9999 -9999 -9999 -9999 173.074 232.147 269.418 302.868 316.642 276.241 239.266 189.366 146.46 137.196 125.949 119.968 123.514 105.258 112.511 119.469 120.551 106.601 91.868 85.186 94.53 90.801 82.724 82.053 81.44 85.345 89.631 87.118 85.24 86.068 82.343 77.026 77.423 78.703 74.957 73.804 71.79 67.686 67.67 68.222 68.496 68.887 68.636 67.966 64.814 61.69 63.417 60.8 57.441 52.459
-9999 -9999 -9999 -9999 -9999 -9999 -9999 -9999 -9999 -9999 -9999 -9999 -9999 -9999 -9999 -9999 -9999 -9999 -9999 -9999 -9999 -9999 -9999 -9999 186.676 230.839 287.575 359.693 375.25 311.316 240.375 171.099 144.338 143.338 144.055 149.504 128.878 116.621 103.629 115.569 113.869 102.312 96.933 102.23 101.019 95.497 90.329 88.089 85.342 86.741 88.638 90.982 88.102 85.364 82.429 76.478 77.567 79.505 76.172 75.143 75.583 73.743 71.664 71.863 69.015 67.563 69.255 68.456 66.978 63.588 65.079 63.193 57.773 57.075
-9999 -9999 -9999 -9999 -9999 -9999 -9999 -9999 -9999 -9999 -9999 -9999 -9999 -9999 -9999 -9999 -9999 -9999 -9999 -9999 -9999 -9999 -9999 156.672 169.863 226.767 292.732 359.025 354.697 299.702 222.217 198.608 195.43 175.701 167.94 149.098 124.726 115.704 118.126 118.587 104.776 106.443 109.664 105.992 106.629 96.97 90.301 89.435 84.315 88.921 93.54 93.342 95.025 89.404 85.088 79.762 78.166 79.07 77.097 76.296 79.073 75.582 74.185 74.149 73.114 70.862 72.424 69.357 67.994 66.554 66.563 61.258 58.972 59.212
-9999 -9999 -9999 -9999 -9999 -9999 -9999 -9999 -9999 -9999 -9999 -9999 -9999 -9999 -9999 -9999 -9999 -9999 -9999 -9999 -9999 -9999 -9999 160.262 184.543 220.082 261.286 322.654 343.975 286.553 235.515 204.464 185.527 188.406 178.828 159.973 143.401 141.688 127.875 109.627 112.868 106.102 105.468 104.206 110.298 89.076 89.827 86.429 84.193 87.177 92.949 102.093 95.633 93.526 86.426 82.372 78.937 79.301 75.304 73.368 70.451 71.784 70.466 73.323 73.124 75.504 76.445 73.944 68.214 64.818 65.394 61.217 56.258 59.102
-9999 -9999 -9999 -9999 -9999 -9999 -9999 -9999 -9999 -9999 -9999 -9999 -9999 -9999 -9999 -9999 -9999 -9999 -9999 -9999 -9999 -9999 -9999 171.062 184.759 204.118 255.958 308.289 326.374 296.386 233.393 192.535 193.136 187.958 172.767 165.279 170.107 140.213 120.916 117.062 106.634 115.603 99.726 104.031 93.816 88.548 88.173 83.065 80.574 82.05 90.203 90.807 93.644 92.196 87.925 83.282 80.395 77.673 74.87 72.222 72.914 64.112 67.859 71.13 74.887 74.222 72.925 73.134 70.91 67.493 61.596 61.214 57.503 56.177
-9999 -9999 -9999 -9999 -9999 -9999 -9999 -9999 -9999 -9999 -9999 -9999 -9999 -9999 -9999 -9999 -9999 -9999 -9999 -9999 -9999 -9999 169.592 176.548 198.888 213.581 240.274 285.716 298.745 278.159 219.708 183.529 173.801 172.517 170.62 174.94 145.716 139.372 133.149 113.166 107.637 99.394 91.719 90.053 90.741 92.548 84.041 81.598 81.701 77.977 81.636 86.062 85.139 87.62 85.608 81.639 78.987 76.278 71.451 68.492 67.939 69.875 67.938 73.913 73.622 74.023 71.193 70.281 69.081 61.653 60.726 59.594 59.035 58.829
-9999 -9999 -9999 -9999 -9999 -9999 -9999 -9999 -9999 -9999 -9999 -9999 -9999 -9999 -9999 -9999 -9999 -9999 -9999 -9999 -9999 173.98 173.943 186.463 194.27 203.657 251.843 287.031 294.411 261.53 244.961 197.042 186.508 167.929 162.58 168.48 144.946 137.556 121.149 106.175 100.198 95.511 92.457 98.905 99.266 93.006 89.211 88.282 78.936 76.131 81.678 82.423 80.562 80.82 81.785 79.226 76.519 74.315 70.689 69.486 69.396 69.111 66.639 69.586 73.32 72.571 70.202 67.451 64.654 63.139 64.861 64.272 60.311 60.398
-9999 -9999 -9999 -9999 -9999 -9999 -9999 -9999 -9999 -9999 -9999 -9999 -9999 -9999 -9999 -9999 -9999 -9999 -9999 188.254 183.485 183.03 178.653 181.566 202.762 229.618 275.72 311.914 307.521 296.017 244.67 210.334 180.342 162.027 163.912 167.357 146.866 129.237 116.178 101.976 97.965 92.339 96.647 98.621 92.739 94.609 92.913 84.234 80.256 79.051 82.36 79.53 77.572 76.309 77.494 73.432 70.552 70.021 71.798 72.25 75.578 76.753 74.67 71.645 70.406 69.78 70.325 71.864 67.154 64.184 62.413 65.351 61.561 58.883
