Validation/Results/raw data/ReClimate_12_2023_2_Temperature.asc
NCOLS 192
NROWS 249
XLLCENTER -225160.85627316462
YLLCENTER 29788.11610251502
CELLSIZE 5000.0
NODATA_VALUE -9999
[rows 68 to 101 of 249, columns 75 to 149 of 192]
-9999 -9999 -9999 -9999 -9999 -9999 -9999 -9999 -9999 -9999 -9999 -0.464 -0.464 -0.466 -0.458 -0.45 -0.44 -0.432 -0.424 -0.416 -0.402 -0.387 -0.39 -0.397 -0.396 -0.396 -0.401 -0.409 -0.398 -9999 -9999 -9999 -9999 -9999 -9999 -9999 -9999 -9999 -9999 -9999 -9999 -9999 -9999 -9999 -9999 -9999 -9999 -9999 -9999 -9999 -9999 -9999 -9999 -9999 -9999 -9999 -9999 -9999 -9999 -9999 -9999 -9999 -9999 -9999 -9999 -9999 -9999 -9999 -9999 -9999 -9999 -9999 -9999 -9999 -9999
-9999 -9999 -9999 -9999 -9999 -9999 -9999 -9999 -9999 -9999 -9999 -9999 -9999 -0.458 -0.445 -0.427 -0.421 -0.424 -0.418 -0.418 -0.402 -0.38 -0.384 -0.394 -0.395 -0.398 -0.4 -9999 -9999 -9999 -9999 -9999 -9999 -9999 -9999 -9999 -9999 -9999 -9999 -9999 -9999 -9999 -9999 -9999 -9999 -9999 -9999 -9999 -9999 -9999 -9999 -9999 -9999 -9999 -9999 -9999 -9999 -9999 -9999 -9999 -9999 -9999 -9999 -9999 -9999 -9999 -9999 -9999 -9999 -9999 -9999 -9999 -9999 -9999 -9999
-9999 -9999 -9999 -9999 -9999 -9999 -9999 -0.523 -9999 -9999 -0.496 -0.484 -0.471 -0.453 -0.435 -0.417 -0.417 -0.419 -0.418 -0.418 -0.398 -0.377 -0.383 -0.393 -0.395 -0.398 -0.394 -9999 -9999 -9999 -9999 -9999 -9999 -9999 -9999 -9999 -9999 -9999 -9999 -9999 -9999 -9999 -9999 -9999 -9999 -9999 -9999 -9999 -9999 -9999 -9999 -9999 -9999 -9999 -9999 -9999 -9999 -9999 -9999 -9999 -9999 -9999 -9999 -9999 -9999 -9999 -9999 -9999 -9999 -9999 -9999 -9999 -9999 -9999 -9999
-9999 -9999 -9999 -9999 -9999 -0.52 -0.522 -0.524 -0.519 -0.517 -0.505 -0.473 -0.455 -0.442 -0.429 -0.425 -0.423 -0.419 -0.414 -0.402 -0.392 -0.397 -0.405 -0.413 -0.411 -0.402 -0.398 -9999 -9999 -9999 -9999 -9999 -9999 -9999 -9999 -9999 -9999 -9999 -9999 -9999 -9999 -9999 -9999 -9999 -9999 -9999 -9999 -9999 -9999 -9999 -9999 -9999 -9999 -9999 -9999 -9999 -9999 -9999 -9999 -9999 -9999 -9999 -9999 -9999 -9999 -9999 -9999 -9999 -9999 -9999 -9999 -9999 -9999 -9999 -9999
-9999 -9999 -9999 -9999 -9999 -0.519 -0.522 -9999 -0.525 -0.523 -0.498 -0.464 -0.449 -0.436 -0.43 -0.426 -0.421 -0.418 -0.406 -0.395 -0.398 -0.404 -0.41 -0.419 -0.411 -0.402 -9999 -0.4 -9999 -9999 -9999 -9999 -9999 -9999 -9999 -9999 -9999 -9999 -9999 -9999 -9999 -9999 -9999 -9999 -9999 -9999 -9999 -9999 -9999 -9999 -9999 -9999 -9999 -9999 -9999 -9999 -9999 -9999 -9999 -9999 -9999 -9999 -9999 -9999 -9999 -9999 -9999 -9999 -9999 -9999 -9999 -9999 -9999 -9999 -9999
-9999 -9999 -9999 -9999 -9999 -9999 -0.521 -0.507 -0.503 -0.493 -0.471 -0.461 -0.448 -0.434 -0.424 -0.413 -0.405 -0.396 -0.394 -0.412 -0.416 -0.422 -0.427 -0.429 -0.425 -0.423 -0.42 -0.41 -9999 -9999 -9999 -9999 -9999 -9999 -9999 -9999 -9999 -9999 -9999 -9999 -9999 -9999 -9999 -9999 -9999 -9999 -9999 -9999 -9999 -9999 -9999 -9999 -9999 -9999 -9999 -9999 -9999 -9999 -9999 -9999 -9999 -9999 -9999 -9999 -9999 -9999 -9999 -9999 -9999 -9999 -9999 -9999 -9999 -9999 -9999
-9999 -9999 -9999 -9999 -9999 -9999 -9999 -0.502 -0.494 -0.477 -0.468 -0.459 -0.446 -0.433 -0.42 -0.409 -0.398 -0.388 -0.4 -0.417 -0.42 -0.426 -0.428 -0.431 -0.43 -0.429 -0.421 -0.414 -9999 -9999 -9999 -9999 -9999 -9999 -9999 -9999 -9999 -9999 -9999 -9999 -9999 -9999 -9999 -9999 -9999 -9999 -9999 -9999 -9999 -9999 -9999 -9999 -9999 -9999 -9999 -9999 -9999 -9999 -9999 -9999 -9999 -9999 -9999 -9999 -9999 -9999 -9999 -9999 -9999 -9999 -9999 -9999 -9999 -9999 -9999
-9999 -9999 -9999 -9999 -9999 -0.511 -0.5 -0.499 -0.489 -0.479 -0.477 -0.489 -0.474 -0.446 -0.428 -0.399 -0.393 -0.399 -0.405 -0.405 -0.41 -0.424 -0.428 -0.439 -0.442 -9999 -0.436 -9999 -9999 -9999 -9999 -9999 -9999 -0.412 -0.415 -0.417 -9999 -9999 -9999 -9999 -9999 -9999 -9999 -9999 -9999 -9999 -9999 -9999 -9999 -9999 -9999 -9999 -9999 -9999 -9999 -9999 -9999 -9999 -9999 -9999 -9999 -9999 -9999 -9999 -9999 -9999 -9999 -9999 -9999 -9999 -9999 -9999 -9999 -9999 -9999
-0.505 -9999 -9999 -9999 -9999 -9999 -0.498 -0.495 -0.486 -0.477 -0.486 -0.498 -0.475 -0.449 -0.424 -0.396 -0.398 -0.403 -0.401 -0.4 -0.409 -0.422 -0.429 -0.44 -0.445 -0.453 -9999 -9999 -9999 -9999 -0.429 -0.431 -0.423 -0.413 -0.416 -0.418 -0.415 -0.412 -0.415 -0.417 -0.411 -0.405 -0.396 -0.389 -0.385 -0.382 -0.388 -0.393 -0.387 -0.381 -0.378 -0.378 -9999 -9999 -9999 -9999 -9999 -9999 -9999 -9999 -9999 -9999 -9999 -9999 -9999 -9999 -9999 -9999 -9999 -9999 -9999 -9999 -9999 -9999 -9999
-0.502 -9999 -9999 -9999 -0.501 -9999 -0.498 -0.484 -0.478 -0.477 -0.485 -0.496 -0.475 -0.451 -0.432 -0.416 -0.414 -0.406 -0.409 -0.423 -0.426 -0.422 -0.428 -0.436 -0.438 -9999 -9999 -9999 -9999 -0.419 -0.426 -0.412 -0.406 -0.408 -0.407 -0.402 -0.402 -0.407 -0.412 -0.42 -0.412 -0.394 -0.387 -0.376 -0.382 -0.402 -0.399 -0.379 -0.374 -0.37 -0.37 -0.375 -9999 -9999 -9999 -9999 -9999 -9999 -9999 -9999 -9999 -9999 -9999 -9999 -9999 -9999 -9999 -9999 -9999 -9999 -9999 -9999 -9999 -9999 -9999
-0.504 -9999 -9999 -9999 -0.496 -0.495 -0.491 -0.477 -0.475 -0.474 -0.482 -0.493 -0.473 -0.45 -0.438 -0.424 -0.415 -0.407 -0.417 -0.43 -0.425 -0.421 -0.426 -0.433 -9999 -9999 -0.431 -0.435 -0.425 -0.417 -0.408 -0.401 -0.401 -0.402 -0.398 -0.392 -0.397 -0.402 -0.409 -0.417 -0.404 -0.388 -0.379 -0.37 -0.386 -0.407 -0.391 -0.371 -0.368 -0.364 -0.368 -0.373 -0.379 -9999 -9999 -9999 -9999 -9999 -9999 -9999 -9999 -9999 -9999 -9999 -9999 -9999 -9999 -9999 -9999 -9999 -9999 -9999 -9999 -9999 -9999
-0.501 -9999 -0.496 -9999 -0.469 -0.459 -0.456 -0.464 -0.464 -0.472 -0.479 -0.485 -0.464 -0.439 -0.428 -0.422 -0.416 -0.413 -0.422 -0.434 -0.431 -0.432 -0.433 -0.428 -9999 -0.418 -0.423 -0.414 -0.408 -0.41 -0.404 -0.396 -0.395 -0.395 -0.394 -0.399 -0.396 -0.381 -0.389 -0.402 -0.392 -0.387 -0.383 -0.382 -0.392 -0.392 -0.379 -0.366 -0.365 -0.368 -0.37 -0.373 -0.373 -9999 -9999 -9999 -9999 -9999 -9999 -9999 -9999 -9999 -9999 -9999 -9999 -9999 -9999 -9999 -9999 -9999 -9999 -9999 -9999 -9999 -9999
-9999 -0.494 -9999 -9999 -9999 -0.444 -0.45 -0.457 -0.462 -0.47 -0.474 -0.479 -0.458 -0.433 -0.426 -0.419 -0.417 -0.415 -0.422 -0.434 -0.434 -0.435 -0.429 -0.424 -0.417 -0.411 -0.406 -0.402 -0.403 -0.405 -0.398 -0.39 -0.389 -0.389 -0.393 -0.398 -0.386 -0.371 -0.381 -0.393 -0.389 -0.385 -0.384 -0.384 -0.384 -0.384 -0.374 -0.362 -0.364 -0.367 -0.369 -0.371 -0.371 -9999 -9999 -9999 -9999 -9999 -9999 -9999 -9999 -9999 -9999 -9999 -9999 -9999 -9999 -9999 -9999 -9999 -9999 -9999 -9999 -9999 -9999
-0.47 -9999 -9999 -9999 -9999 -0.49 -0.485 -0.461 -9999 -0.459 -0.459 -0.454 -0.438 -0.429 -0.423 -0.417 -0.412 -0.404 -0.411 -0.419 -0.418 -0.421 -0.416 -0.413 -0.407 -0.403 -0.394 -0.379 -0.385 -0.405 -0.395 -0.38 -0.374 -0.361 -0.368 -0.386 -0.377 -0.374 -0.377 -0.37 -0.363 -0.354 -0.357 -0.369 -0.371 -0.375 -0.369 -0.366 -0.374 -0.392 -0.392 -0.382 -0.374 -9999 -9999 -9999 -9999 -9999 -9999 -9999 -9999 -9999 -9999 -9999 -9999 -9999 -9999 -9999 -9999 -9999 -9999 -9999 -9999 -9999 -9999
-0.468 -9999 -9999 -9999 -0.506 -9999 -9999 -0.461 -0.457 -0.454 -0.449 -0.443 -0.435 -0.427 -0.421 -0.415 -0.407 -0.399 -0.404 -0.412 -0.412 -0.414 -0.41 -0.408 -0.403 -0.398 -0.385 -0.369 -0.384 -0.402 -0.388 -0.373 -0.361 -0.347 -0.361 -0.377 -0.375 -0.373 -0.366 -0.359 -0.35 -0.34 -0.35 -0.362 -0.365 -0.37 -0.368 -0.365 -0.38 -0.399 -0.393 -0.385 -9999 -9999 -9999 -9999 -9999 -9999 -9999 -9999 -9999 -9999 -9999 -9999 -9999 -9999 -9999 -9999 -9999 -9999 -9999 -9999 -9999 -9999 -9999
-0.471 -0.473 -0.482 -9999 -9999 -9999 -0.481 -0.475 -9999 -0.443 -0.44 -0.442 -0.436 -0.436 -0.423 -0.395 -0.387 -0.382 -0.392 -0.416 -0.414 -0.407 -0.403 -0.4 -0.386 -0.359 -0.358 -0.382 -0.386 -0.374 -0.372 -0.392 -0.378 -0.356 -0.366 -0.373 -0.372 -0.371 -0.366 -0.364 -0.358 -0.356 -0.365 -0.372 -0.378 -0.386 -0.386 -0.384 -0.393 -0.39 -0.389 -9999 -9999 -9999 -9999 -9999 -9999 -9999 -9999 -9999 -9999 -9999 -9999 -9999 -9999 -9999 -9999 -9999 -9999 -9999 -9999 -9999 -9999 -9999 -9999
-0.468 -0.47 -0.479 -9999 -0.496 -0.499 -0.489 -0.48 -0.46 -0.438 -0.439 -0.44 -0.439 -0.439 -0.415 -0.387 -0.381 -0.375 -0.393 -0.416 -0.409 -0.403 -0.4 -0.396 -0.372 -0.343 -0.362 -0.386 -0.375 -0.362 -0.377 -0.397 -0.378 -0.356 -0.361 -0.368 -0.368 -0.367 -0.365 -0.363 -0.362 -0.36 -0.366 -0.374 -0.381 -0.39 -0.39 -0.389 -0.387 -0.384 -0.383 -9999 -9999 -9999 -9999 -9999 -9999 -9999 -9999 -9999 -9999 -9999 -9999 -9999 -9999 -9999 -9999 -9999 -9999 -9999 -9999 -9999 -9999 -9999 -9999
-0.464 -0.459 -0.472 -0.491 -0.496 -0.494 -9999 -0.484 -0.467 -0.45 -0.443 -0.425 -0.42 -0.412 -0.402 -0.418 -0.405 -0.377 -0.392 -0.407 -0.401 -0.396 -0.387 -0.369 -0.356 -0.361 -0.381 -0.409 -0.398 -0.38 -0.394 -0.406 -0.385 -0.355 -0.358 -0.359 -0.356 -0.349 -0.347 -0.344 -0.344 -0.346 -0.353 -0.362 -0.372 -0.389 -0.391 -0.397 -0.393 -0.381 -9999 -9999 -9999 -9999 -9999 -9999 -9999 -9999 -9999 -9999 -9999 -9999 -9999 -9999 -9999 -9999 -9999 -9999 -9999 -9999 -9999 -9999 -9999 -9999 -9999
-9999 -9999 -9999 -0.492 -0.488 -9999 -0.487 -0.484 -0.47 -0.454 -0.437 -0.419 -0.41 -0.401 -0.413 -0.428 -0.404 -0.377 -0.387 -0.402 -0.397 -0.392 -0.376 -0.358 -0.362 -0.367 -0.389 -0.416 -0.402 -0.385 -0.395 -0.407 -0.381 -0.352 -0.351 -0.352 -0.346 -0.34 -0.338 -0.335 -0.337 -0.339 -0.347 -0.356 -0.369 -0.386 -0.392 -0.398 -0.39 -0.382 -9999 -9999 -9999 -9999 -9999 -9999 -9999 -9999 -9999 -9999 -9999 -9999 -9999 -9999 -9999 -9999 -9999 -9999 -9999 -9999 -9999 -9999 -9999 -9999 -9999
-9999 -9999 -0.472 -0.471 -9999 -0.488 -0.484 -9999 -0.468 -0.45 -0.438 -0.432 -0.423 -0.413 -0.418 -0.417 -0.402 -0.403 -0.4 -0.373 -0.368 -0.365 -0.358 -0.365 -0.364 -0.355 -0.369 -0.378 -0.375 -0.392 -0.39 -0.37 -0.352 -0.348 -0.346 -0.342 -0.34 -0.341 -0.343 -0.348 -0.351 -0.353 -0.357 -0.353 -0.364 -0.372 -0.381 -0.401 -0.395 -0.39 -9999 -9999 -9999 -9999 -9999 -9999 -9999 -9999 -9999 -9999 -9999 -9999 -9999 -9999 -9999 -9999 -9999 -9999 -9999 -9999 -9999 -9999 -9999 -9999 -9999
-9999 -9999 -0.465 -9999 -9999 -0.485 -0.482 -0.48 -0.465 -0.447 -0.439 -0.432 -0.422 -0.412 -0.408 -0.407 -0.407 -0.409 -0.386 -0.36 -0.355 -0.352 -0.357 -0.364 -0.356 -0.347 -0.352 -0.359 -0.373 -0.39 -0.373 -0.353 -0.349 -0.345 -0.339 -0.335 -0.337 -0.34 -0.345 -0.351 -0.354 -0.356 -0.354 -0.351 -0.357 -0.364 -0.38 -0.399 -0.396 -0.391 -9999 -9999 -9999 -9999 -9999 -9999 -9999 -9999 -9999 -9999 -9999 -9999 -9999 -9999 -9999 -9999 -9999 -9999 -9999 -9999 -9999 -9999 -9999 -9999 -9999
-9999 -9999 -9999 -9999 -9999 -9999 -0.461 -0.464 -0.448 -0.436 -0.429 -0.426 -0.417 -0.409 -0.402 -0.389 -0.382 -0.366 -0.352 -0.357 -0.356 -0.362 -0.363 -0.358 -0.355 -0.362 -0.365 -0.362 -0.365 -0.351 -0.343 -0.354 -0.348 -0.339 -0.335 -0.335 -0.336 -0.336 -0.341 -0.347 -0.347 -0.341 -0.34 -0.34 -0.343 -0.342 -0.355 -0.368 -0.37 -9999 -9999 -9999 -9999 -9999 -9999 -9999 -9999 -9999 -9999 -9999 -9999 -9999 -9999 -9999 -9999 -9999 -9999 -9999 -9999 -9999 -9999 -9999 -9999 -9999 -9999
-9999 -9999 -9999 -9999 -0.472 -0.452 -9999 -0.452 -0.44 -0.427 -0.423 -0.42 -0.413 -0.406 -0.393 -0.38 -0.364 -0.347 -0.35 -0.355 -0.358 -0.363 -0.358 -0.353 -0.358 -0.365 -0.363 -0.36 -0.348 -0.333 -0.341 -0.351 -0.342 -0.333 -0.332 -0.333 -0.333 -0.333 -0.338 -0.344 -0.34 -0.334 -0.335 -0.335 -0.334 -0.332 -0.343 -0.355 -0.365 -9999 -9999 -9999 -9999 -9999 -9999 -9999 -9999 -9999 -9999 -9999 -9999 -9999 -9999 -9999 -9999 -9999 -9999 -9999 -9999 -9999 -9999 -9999 -9999 -9999 -9999
-9999 -9999 -9999 -0.475 -0.46 -0.463 -0.457 -0.443 -0.433 -0.424 -0.418 -0.411 -0.41 -0.42 -0.411 -0.406 -0.391 -0.371 -0.372 -0.37 -0.366 -0.349 -0.338 -0.319 -0.325 -0.338 -0.336 -0.339 -0.331 -0.333 -0.337 -0.336 -0.332 -0.338 -0.338 -0.338 -0.335 -0.324 -0.335 -0.359 -0.354 -0.343 -0.347 -0.355 -0.351 -0.336 -0.344 -0.35 -9999 -9999 -9999 -9999 -9999 -9999 -9999 -9999 -9999 -9999 -9999 -9999 -9999 -9999 -9999 -9999 -9999 -9999 -9999 -9999 -9999 -9999 -9999 -9999 -9999 -9999 -9999
-9999 -9999 -9999 -0.463 -9999 -0.463 -0.45 -0.437 -0.429 -0.42 -0.413 -0.406 -0.412 -0.422 -0.418 -0.414 -0.397 -0.378 -0.376 -0.374 -0.359 -0.341 -0.324 -0.305 -0.314 -0.326 -0.327 -0.329 -0.33 -0.331 -0.33 -0.329 -0.334 -0.34 -0.34 -0.34 -0.33 -0.319 -0.34 -0.363 -0.356 -0.346 -0.354 -0.362 -0.351 -0.336 -0.341 -0.347 -9999 -9999 -9999 -9999 -9999 -9999 -9999 -9999 -9999 -9999 -9999 -9999 -9999 -9999 -9999 -9999 -9999 -9999 -9999 -9999 -9999 -9999 -9999 -9999 -9999 -9999 -9999
-9999 -9999 -9999 -9999 -9999 -0.436 -0.427 -0.427 -0.417 -0.409 -0.408 -0.421 -0.417 -0.396 -0.393 -0.398 -0.379 -0.356 -0.355 -0.36 -0.348 -0.341 -0.327 -0.315 -0.322 -0.328 -0.328 -0.329 -0.333 -0.345 -0.346 -0.35 -0.354 -0.355 -0.349 -0.334 -0.329 -0.335 -0.348 -0.347 -0.344 -0.346 -0.352 -0.356 -0.349 -0.349 -0.351 -0.346 -9999 -9999 -9999 -9999 -9999 -9999 -9999 -9999 -9999 -9999 -9999 -9999 -9999 -9999 -9999 -9999 -9999 -9999 -9999 -9999 -9999 -9999 -9999 -9999 -9999 -9999 -9999
-9999 -9999 -9999 -0.457 -0.442 -0.423 -0.421 -0.42 -0.411 -0.403 -0.412 -0.425 -9999 -0.384 -0.385 -0.389 -0.369 -0.346 -0.348 -0.353 -0.346 -0.339 -0.329 -0.318 -0.322 -0.327 -0.327 -0.327 -0.337 -0.349 -0.352 -0.357 -0.357 -0.359 -0.346 -0.331 -0.334 -0.34 -0.34 -0.339 -0.342 -0.345 -0.349 -0.353 -0.353 -0.352 -0.349 -0.344 -9999 -9999 -9999 -9999 -9999 -9999 -9999 -9999 -9999 -9999 -9999 -9999 -9999 -9999 -9999 -9999 -9999 -9999 -9999 -9999 -9999 -9999 -9999 -9999 -9999 -9999 -9999
-0.474 -0.459 -0.455 -9999 -0.442 -0.442 -0.437 -0.425 -0.419 -0.418 -0.428 -9999 -0.416 -0.381 -0.377 -0.365 -0.354 -0.36 -0.361 -0.357 -0.355 -0.361 -0.356 -0.356 -0.356 -0.345 -0.346 -0.348 -0.35 -0.337 -0.337 -0.334 -0.339 -0.356 -0.345 -0.336 -0.34 -0.345 -0.342 -0.334 -0.336 -0.333 -0.342 -0.363 -0.363 -0.361 -0.353 -9999 -9999 -9999 -9999 -9999 -9999 -9999 -9999 -9999 -9999 -9999 -9999 -9999 -9999 -9999 -9999 -9999 -9999 -9999 -9999 -9999 -9999 -9999 -9999 -9999 -9999 -9999 -9999
-0.469 -0.452 -0.449 -0.446 -9999 -0.447 -0.436 -0.425 -0.423 -0.423 -0.431 -0.442 -0.413 -0.379 -0.367 -0.354 -0.358 -0.364 -0.36 -0.357 -0.361 -0.367 -0.368 -0.369 -0.36 -0.35 -0.351 -0.354 -0.343 -0.331 -0.328 -0.324 -0.337 -0.353 -0.346 -0.337 -0.34 -0.345 -0.338 -0.331 -0.329 -0.326 -0.345 -0.366 -0.365 -9999 -9999 -9999 -9999 -9999 -9999 -9999 -9999 -9999 -9999 -9999 -9999 -9999 -9999 -9999 -9999 -9999 -9999 -9999 -9999 -9999 -9999 -9999 -9999 -9999 -9999 -9999 -9999 -9999 -9999
-9999 -9999 -0.439 -9999 -0.444 -0.433 -0.424 -0.421 -0.418 -9999 -9999 -0.404 -0.382 -0.372 -0.363 -0.359 -0.355 -0.34 -0.342 -0.358 -0.361 -0.367 -0.367 -0.367 -0.353 -0.326 -0.326 -0.327 -0.318 -0.315 -0.315 -0.323 -0.331 -0.335 -0.331 -0.334 -0.338 -0.343 -0.339 -0.339 -0.337 -0.334 -0.353 -0.374 -9999 -9999 -9999 -9999 -9999 -9999 -9999 -9999 -9999 -9999 -9999 -9999 -9999 -9999 -9999 -9999 -9999 -9999 -9999 -9999 -9999 -9999 -9999 -9999 -9999 -9999 -9999 -9999 -9999 -9999 -9999
-0.439 -9999 -0.437 -0.444 -0.437 -0.428 -0.422 -0.418 -9999 -9999 -0.4 -0.388 -0.378 -0.368 -0.364 -0.36 -0.345 -0.329 -0.341 -0.356 -0.359 -0.364 -0.364 -0.364 -0.342 -0.316 -0.315 -0.315 -0.312 -0.308 -0.314 -0.321 -0.324 -0.327 -0.329 -0.332 -0.336 -0.341 -0.34 -0.34 -0.338 -0.336 -0.354 -0.375 -0.374 -9999 -9999 -9999 -9999 -9999 -9999 -9999 -9999 -9999 -9999 -9999 -9999 -9999 -9999 -9999 -9999 -9999 -9999 -9999 -9999 -9999 -9999 -9999 -9999 -9999 -9999 -9999 -9999 -9999 -9999
-0.426 -0.42 -0.423 -0.424 -0.421 -0.423 -0.42 -9999 -9999 -0.415 -0.402 -0.391 -0.378 -0.358 -0.35 -0.338 -0.325 -0.313 -0.322 -0.334 -0.335 -0.339 -0.335 -0.329 -0.318 -0.326 -0.322 -0.314 -0.311 -0.31 -0.316 -0.327 -0.326 -0.318 -0.322 -0.332 -0.332 -0.324 -0.325 -0.33 -0.335 -0.351 -0.364 -0.366 -9999 -9999 -9999 -9999 -9999 -9999 -9999 -9999 -9999 -9999 -9999 -9999 -9999 -9999 -9999 -9999 -9999 -9999 -9999 -9999 -9999 -9999 -9999 -9999 -9999 -9999 -9999 -9999 -9999 -9999 -9999
-0.421 -0.415 -9999 -9999 -0.418 -0.421 -9999 -9999 -9999 -0.416 -0.404 -0.391 -0.373 -0.353 -0.341 -0.329 -0.318 -0.306 -0.313 -0.323 -0.324 -0.327 -0.321 -0.314 -0.319 -0.326 -0.318 -0.308 -0.307 -0.306 -0.314 -0.324 -0.317 -0.31 -0.317 -0.326 -0.32 -0.313 -0.316 -0.321 -0.335 -0.351 -0.353 -0.355 -9999 -9999 -9999 -9999 -9999 -9999 -9999 -9999 -9999 -9999 -9999 -9999 -9999 -9999 -9999 -9999 -9999 -9999 -9999 -9999 -9999 -9999 -9999 -9999 -9999 -9999 -9999 -9999 -9999 -9999 -9999
-9999 -0.414 -0.412 -0.406 -9999 -9999 -9999 -9999 -0.424 -0.417 -0.404 -0.391 -0.374 -0.355 -0.342 -0.324 -0.314 -0.308 -0.308 -0.298 -0.305 -0.328 -0.322 -0.315 -0.31 -0.291 -0.284 -0.281 -0.286 -0.307 -0.307 -0.294 -0.292 -0.3 -0.309 -0.323 -0.32 -0.321 -0.325 -0.33 -0.341 -0.348 -0.348 -9999 -9999 -9999 -9999 -9999 -9999 -9999 -9999 -9999 -9999 -9999 -9999 -9999 -9999 -9999 -9999 -9999 -9999 -9999 -9999 -9999 -9999 -9999 -9999 -9999 -9999 -9999 -9999 -9999 -9999 -9999 -9999
