Validation/Results/raw data/ReClimate_10_2024_1_Precipitation-Actualsweatherlogisticsltd.asc
NCOLS 192
NROWS 249
XLLCENTER -225160.85627316462
YLLCENTER 29788.11610251431
CELLSIZE 5000.0
NODATA_VALUE -9999
[rows 132 to 164 of 249, columns 74 to 147 of 192]
-9999 -9999 -9999 -9999 -9999 -9999 -9999 -9999 -9999 -9999 -9999 -9999 -9999 181.411 188.238 200.017 214.17 218.488 215.655 250.09 271.729 290.547 280.342 213.307 185.885 185.945 192.315 174.423 160.944 158.043 148.935 138.889 133.058 121.134 134.228 148.23 158.318 156.567 149.152 157.427 158.032 149.547 163.289 161.707 153.369 143.441 132.722 124.73 108.235 103.884 105.509 102.188 95.431 89.913 97.559 90.304 85.502 83.176 -9999 -9999 -9999 -9999 -9999 -9999 -9999 -9999 -9999 -9999 -9999 -9999 -9999 -9999 -9999 -9999
153.772 -9999 -9999 -9999 -9999 -9999 -9999 -9999 -9999 -9999 -9999 -9999 -9999 185.976 214.847 205.366 206.085 198.723 196.898 232.498 296.639 306.295 259.997 226.936 193.647 190.175 182.09 175.344 179.218 148.789 137.667 135.043 125.524 127.039 127.899 145.249 145.074 136.632 130.944 135.425 135.142 142.239 148.15 151.065 149.307 141.562 135.646 118.401 107.289 102.197 94.882 94.139 94.091 87.567 85.274 88.489 82.81 81.857 -9999 -9999 -9999 -9999 -9999 -9999 -9999 -9999 -9999 -9999 -9999 -9999 -9999 -9999 -9999 -9999
158.396 -9999 -9999 -9999 -9999 -9999 -9999 -9999 -9999 -9999 -9999 -9999 179.567 206.739 201.606 203.049 206.61 198.499 186.397 227.068 260.596 256.112 269.64 233.504 203.299 178.644 172.549 179.296 159.562 146.979 135.079 122.655 127.644 117.233 120.742 128.534 127.09 119.316 115.86 116.061 123.462 124.271 135.905 146.546 139.358 132.768 127.069 118.733 106.236 98.531 91.636 82.505 85.853 86.665 84.195 83.579 84.276 82.43 79.145 -9999 -9999 -9999 -9999 -9999 -9999 -9999 -9999 -9999 -9999 -9999 -9999 -9999 -9999 -9999
148.578 -9999 -9999 -9999 -9999 -9999 -9999 -9999 -9999 -9999 -9999 163.196 -9999 179.406 193.705 195.643 195.624 178.185 164.227 183.573 198.141 242.42 269.442 229.734 189.377 164.847 158.945 155.223 151.674 147.119 142.619 133.784 128.47 110.967 108.547 111.901 108.37 102.496 97.887 103.17 107.501 113.252 116.851 116.445 119.285 118.469 113.387 104.766 95.267 84.479 86.874 91.938 83.455 83.04 81.069 81.837 82.233 82.417 80.136 -9999 -9999 -9999 -9999 -9999 -9999 -9999 -9999 -9999 -9999 -9999 -9999 -9999 -9999 -9999
156.251 139.504 -9999 -9999 -9999 -9999 -9999 -9999 -9999 -9999 -9999 154.027 -9999 163.426 170.903 168.388 169.047 162.002 155.463 156.236 173.191 218.988 229.438 207.808 178.053 157.931 147.237 137.34 149.901 160.16 163.83 -9999 -9999 -9999 -9999 -9999 -9999 94.762 91.968 94.533 98.626 98.861 98.639 110.604 119.391 110.714 105.421 105.602 90.683 89.867 95.995 87.899 80.524 78.929 82.399 76.144 75.853 78.232 79.944 77.486 -9999 -9999 -9999 -9999 -9999 -9999 -9999 -9999 -9999 -9999 -9999 -9999 -9999 -9999
164.786 143.586 118.058 -9999 -9999 -9999 -9999 -9999 -9999 -9999 -9999 148.461 148.013 144.85 144.784 152.852 156.721 156.562 149.476 145.794 162.145 191.625 212.195 194.315 177.653 157.614 143.029 151.389 141.887 150.082 140.96 -9999 -9999 -9999 -9999 97.394 96.535 92.96 90.289 88.895 93.517 97.424 109.065 128.721 134.605 123.184 124.672 105.887 97.026 100.708 93.904 86.922 83.332 82.769 79.529 86.709 85.88 80.413 79.613 74.67 -9999 -9999 -9999 -9999 -9999 -9999 -9999 -9999 -9999 -9999 -9999 -9999 -9999 -9999
153.744 134.091 125.648 115.13 -9999 -9999 -9999 -9999 -9999 -9999 -9999 143.14 135.368 133.519 -9999 -9999 151.215 151.008 142.505 142.545 -9999 158.291 170.774 170.763 167.383 147.877 148.717 143.53 133.815 -9999 -9999 -9999 -9999 -9999 97.274 95.647 96.604 90.513 91.402 90.075 92.267 102.546 122.558 152.624 164.821 151.047 144.42 122.217 117.616 103.028 99.156 97.566 86.319 90.194 84.905 81.3 83.867 84.266 78.933 75.738 -9999 -9999 -9999 -9999 -9999 -9999 -9999 -9999 -9999 -9999 -9999 -9999 -9999 -9999
131.482 140.408 135.602 118.348 -9999 -9999 -9999 -9999 -9999 -9999 -9999 -9999 132.515 124.304 -9999 -9999 -9999 135.658 132.844 135.969 133.352 -9999 -9999 142.414 136.816 134.854 146.468 144.751 -9999 -9999 -9999 -9999 -9999 112.407 102.795 104.259 103.351 100.853 99.022 97.117 99.663 108.556 120.399 152.676 160.748 174.876 157.189 154.578 145.534 133.825 116.92 112.169 104.031 90.501 85.866 85.984 81.889 84.453 83.74 81.054 -9999 -9999 -9999 -9999 -9999 -9999 -9999 -9999 -9999 -9999 -9999 -9999 -9999 -9999
124.439 126.865 122.011 -9999 -9999 -9999 -9999 -9999 -9999 -9999 -9999 -9999 -9999 121.338 -9999 -9999 -9999 -9999 123.505 133.103 133.327 -9999 -9999 -9999 131.387 131.184 -9999 -9999 -9999 -9999 -9999 -9999 -9999 111.739 111.479 120.5 119.579 124.53 120.716 112.617 103.28 105.05 124.112 130.854 150.452 161.882 170.085 179.869 172.297 155.881 133.752 123.478 117.258 98.507 87.523 81.121 80.546 80.33 86.67 82.604 -9999 -9999 -9999 -9999 -9999 -9999 -9999 -9999 -9999 -9999 -9999 -9999 -9999 -9999
125.417 119.117 -9999 -9999 -9999 -9999 -9999 -9999 -9999 -9999 -9999 -9999 -9999 128.998 -9999 -9999 -9999 -9999 -9999 129.729 129.343 -9999 -9999 -9999 -9999 -9999 -9999 -9999 -9999 -9999 -9999 -9999 -9999 116.721 131.841 137.443 152.721 158.097 152.792 130.448 108.913 112.029 112.375 132.476 163.037 191.969 204.773 199.048 181.012 148.423 130.14 112.432 103.1 99.36 94.638 87.671 79.049 80.203 86.764 90.069 79.858 -9999 -9999 -9999 -9999 -9999 -9999 -9999 -9999 -9999 -9999 -9999 -9999 -9999
118.729 -9999 109.531 108.232 105.42 99.336 -9999 -9999 -9999 -9999 -9999 -9999 -9999 127.551 -9999 -9999 -9999 -9999 -9999 -9999 -9999 -9999 -9999 -9999 -9999 -9999 -9999 -9999 -9999 -9999 -9999 -9999 124.054 133.132 141.522 149.816 159.781 194.239 196.575 168.366 140.158 116.654 117.872 111.94 143.69 181.757 198.386 210.597 175.75 181.175 163.872 128.059 110.389 90.273 87.863 85.554 83.554 83.841 85.035 90.491 87.15 78.444 -9999 -9999 -9999 -9999 -9999 -9999 -9999 -9999 -9999 -9999 -9999 -9999
109.954 108.0 108.979 105.701 98.561 97.636 -9999 -9999 -9999 -9999 -9999 -9999 -9999 -9999 -9999 -9999 -9999 -9999 -9999 -9999 -9999 -9999 -9999 -9999 -9999 -9999 -9999 -9999 -9999 -9999 -9999 131.208 131.877 147.19 161.359 177.829 210.601 259.93 239.207 193.576 148.432 133.394 106.871 106.69 128.358 166.381 218.957 194.661 181.59 171.328 151.62 131.191 113.826 100.462 83.971 79.828 74.524 78.777 77.15 80.625 79.769 75.021 -9999 -9999 -9999 -9999 -9999 -9999 -9999 -9999 -9999 -9999 -9999 -9999
108.983 109.477 105.949 100.665 -9999 93.671 93.721 -9999 -9999 -9999 -9999 -9999 -9999 -9999 -9999 -9999 -9999 -9999 -9999 -9999 -9999 -9999 -9999 -9999 -9999 -9999 -9999 -9999 -9999 -9999 -9999 144.315 145.513 169.802 214.358 238.702 244.85 233.401 249.807 235.112 190.064 161.906 132.086 119.815 123.562 151.583 174.542 193.628 174.014 159.577 133.454 116.118 96.135 89.083 81.933 77.835 74.277 74.0 73.812 73.484 77.32 72.072 70.03 72.064 -9999 -9999 -9999 -9999 -9999 -9999 -9999 -9999 -9999 -9999
111.411 111.009 104.775 97.099 -9999 -9999 93.677 -9999 -9999 -9999 -9999 -9999 -9999 -9999 -9999 -9999 -9999 -9999 -9999 -9999 -9999 -9999 -9999 -9999 -9999 -9999 -9999 -9999 -9999 -9999 -9999 157.618 164.577 194.461 226.834 275.595 286.38 295.907 301.585 259.599 239.767 224.335 172.381 148.157 130.578 110.833 136.422 143.967 130.389 140.149 124.899 103.362 90.318 81.176 74.277 69.306 72.009 70.061 71.263 71.692 72.036 75.007 83.776 82.114 84.46 81.487 91.57 -9999 -9999 -9999 -9999 -9999 -9999 -9999
109.704 109.822 103.996 92.302 91.161 -9999 92.902 -9999 -9999 -9999 -9999 -9999 -9999 -9999 -9999 -9999 -9999 -9999 -9999 -9999 -9999 -9999 -9999 -9999 -9999 -9999 -9999 -9999 -9999 -9999 126.474 164.715 189.247 232.605 316.097 372.095 388.437 334.271 324.095 309.981 311.729 263.815 229.277 188.928 141.224 118.265 127.125 111.125 124.718 135.308 122.782 103.815 93.057 80.532 76.083 73.443 70.505 69.375 67.748 68.541 72.997 77.405 88.456 105.397 101.154 103.431 99.002 94.712 95.46 -9999 -9999 -9999 -9999 -9999
121.997 114.88 99.423 98.558 -9999 93.487 -9999 -9999 -9999 -9999 -9999 -9999 -9999 -9999 -9999 -9999 -9999 -9999 -9999 -9999 -9999 -9999 -9999 -9999 -9999 -9999 -9999 -9999 -9999 -9999 -9999 133.811 174.6 234.047 301.888 367.01 405.834 418.042 333.977 324.326 295.526 296.722 260.654 204.161 165.112 145.797 136.771 139.095 167.116 148.642 138.703 136.093 121.047 96.446 83.081 78.717 72.164 69.814 69.459 71.242 72.075 78.324 90.555 107.165 103.555 106.283 108.439 104.183 100.862 95.434 -9999 -9999 -9999 -9999
129.032 111.257 100.524 98.273 96.227 97.595 -9999 -9999 -9999 -9999 -9999 -9999 -9999 -9999 -9999 -9999 -9999 -9999 -9999 -9999 -9999 -9999 -9999 -9999 -9999 -9999 -9999 -9999 -9999 -9999 -9999 -9999 138.947 186.93 238.766 303.019 365.481 370.514 304.788 258.213 264.802 265.14 229.439 206.566 190.813 176.783 167.902 188.231 183.236 176.918 178.152 156.349 131.023 115.015 94.638 82.947 73.426 70.144 71.399 72.863 75.417 92.283 97.77 122.334 136.381 124.296 127.981 109.73 106.3 99.791 94.219 -9999 -9999 -9999
125.16 112.384 102.003 93.711 94.591 -9999 -9999 -9999 -9999 -9999 -9999 -9999 -9999 -9999 -9999 -9999 -9999 -9999 -9999 -9999 -9999 -9999 -9999 -9999 -9999 -9999 -9999 -9999 -9999 -9999 -9999 -9999 125.824 166.497 214.931 257.421 323.157 319.204 252.116 229.891 221.274 210.364 199.55 175.127 181.067 212.581 206.448 213.625 211.065 188.437 154.093 143.035 128.368 115.576 101.191 81.206 72.743 71.766 71.787 76.397 83.273 96.728 113.823 117.191 124.143 123.967 130.119 127.015 114.586 110.085 99.956 91.907 -9999 -9999
112.17 119.093 106.223 99.181 98.624 -9999 -9999 -9999 -9999 -9999 -9999 -9999 -9999 -9999 -9999 -9999 -9999 -9999 -9999 -9999 -9999 -9999 -9999 -9999 -9999 -9999 -9999 -9999 -9999 -9999 -9999 -9999 -9999 151.293 194.202 229.962 268.938 238.949 224.021 199.582 188.583 182.97 160.322 160.341 186.512 199.533 222.426 212.954 205.341 179.443 165.123 148.313 138.069 111.406 97.184 80.417 75.781 75.428 69.377 78.095 90.43 96.304 111.323 121.336 124.149 118.728 119.157 119.885 118.828 111.321 108.547 97.65 -9999 -9999
144.879 -9999 -9999 -9999 -9999 -9999 -9999 -9999 -9999 -9999 -9999 -9999 -9999 -9999 -9999 -9999 -9999 -9999 -9999 -9999 -9999 -9999 -9999 -9999 -9999 -9999 -9999 -9999 -9999 -9999 -9999 -9999 -9999 145.099 176.062 206.74 195.989 200.591 178.235 187.238 181.126 153.919 156.582 165.663 188.243 226.344 220.826 216.471 206.777 193.731 161.798 143.801 127.029 113.021 95.427 83.766 73.709 70.084 72.699 73.165 88.195 98.119 100.988 105.297 105.152 101.586 106.59 108.614 114.013 108.969 98.035 94.71 85.635 -9999
172.714 -9999 -9999 -9999 -9999 -9999 -9999 -9999 -9999 -9999 -9999 -9999 -9999 -9999 -9999 -9999 -9999 -9999 -9999 -9999 -9999 -9999 -9999 -9999 -9999 -9999 -9999 -9999 -9999 -9999 -9999 -9999 -9999 -9999 167.628 164.631 172.029 178.922 172.083 164.195 143.289 140.735 144.407 155.369 176.361 205.93 227.999 226.493 223.476 205.396 190.434 176.89 150.193 132.379 111.904 91.102 76.242 66.991 64.682 68.241 73.552 88.865 95.607 89.881 84.198 82.296 79.81 85.048 88.394 97.318 89.434 84.759 80.076 -9999
135.118 -9999 -9999 -9999 -9999 -9999 -9999 -9999 -9999 -9999 -9999 -9999 -9999 -9999 -9999 -9999 -9999 -9999 -9999 -9999 -9999 -9999 -9999 -9999 -9999 -9999 -9999 -9999 -9999 -9999 -9999 -9999 -9999 -9999 144.965 -9999 147.933 147.595 142.846 137.205 -9999 131.255 146.486 149.122 159.195 201.194 218.359 218.287 220.789 207.412 198.653 205.929 179.669 145.575 125.489 106.139 83.067 70.109 64.281 62.374 68.077 75.457 80.923 78.598 75.698 72.58 71.524 72.149 75.795 82.151 84.368 86.087 88.78 81.644
-9999 -9999 -9999 -9999 -9999 -9999 -9999 -9999 -9999 -9999 -9999 -9999 -9999 -9999 -9999 -9999 -9999 -9999 -9999 -9999 -9999 -9999 -9999 -9999 -9999 -9999 -9999 -9999 -9999 -9999 -9999 -9999 -9999 -9999 -9999 133.97 134.694 -9999 -9999 -9999 -9999 119.954 129.998 132.301 145.82 162.505 172.234 183.939 197.354 198.961 188.836 187.025 195.302 164.001 135.016 111.469 92.094 77.807 69.035 64.155 65.009 71.668 76.154 79.187 75.579 75.202 71.998 70.383 74.466 82.852 85.748 82.848 87.583 87.027
-9999 -9999 -9999 -9999 -9999 -9999 -9999 -9999 -9999 -9999 -9999 -9999 -9999 -9999 -9999 -9999 -9999 -9999 -9999 -9999 -9999 -9999 -9999 -9999 -9999 -9999 -9999 -9999 -9999 -9999 -9999 -9999 -9999 -9999 -9999 125.339 126.47 -9999 -9999 -9999 -9999 116.791 128.984 122.716 134.117 141.464 153.645 149.166 157.801 184.172 177.922 167.106 177.518 162.899 142.965 117.645 96.633 78.082 69.144 64.416 62.339 64.159 68.356 72.666 75.091 75.278 74.169 73.9 76.208 84.844 91.402 88.403 86.711 82.367
-9999 -9999 -9999 -9999 -9999 -9999 -9999 -9999 -9999 -9999 -9999 -9999 -9999 -9999 -9999 -9999 -9999 -9999 -9999 -9999 -9999 -9999 -9999 -9999 -9999 -9999 -9999 -9999 -9999 -9999 -9999 -9999 -9999 -9999 -9999 120.47 -9999 -9999 -9999 -9999 113.375 122.53 131.899 152.09 162.842 175.409 163.038 139.206 162.658 173.151 151.437 152.923 148.445 145.252 133.445 116.761 95.146 80.313 70.299 66.266 63.119 61.209 63.166 67.135 70.599 73.601 80.01 87.161 87.413 87.433 88.071 84.57 79.678 78.143
-9999 -9999 -9999 -9999 -9999 -9999 -9999 -9999 -9999 -9999 -9999 -9999 -9999 -9999 -9999 -9999 -9999 -9999 -9999 -9999 -9999 -9999 -9999 -9999 -9999 -9999 -9999 -9999 -9999 -9999 -9999 -9999 -9999 -9999 -9999 -9999 -9999 -9999 -9999 -9999 115.577 136.245 146.565 181.16 204.178 203.924 169.293 150.181 142.184 140.524 134.057 136.17 139.458 133.314 126.255 114.822 96.04 83.291 75.267 67.603 63.019 60.819 61.889 63.434 66.949 73.315 79.232 92.539 98.425 86.214 82.08 76.245 73.235 71.447
-9999 -9999 -9999 -9999 -9999 -9999 -9999 -9999 -9999 -9999 -9999 -9999 -9999 -9999 -9999 -9999 -9999 -9999 -9999 -9999 -9999 -9999 -9999 -9999 -9999 -9999 -9999 -9999 -9999 -9999 -9999 -9999 -9999 -9999 -9999 -9999 -9999 -9999 -9999 -9999 117.79 123.154 153.069 187.904 213.648 195.533 168.511 138.892 134.27 128.566 120.588 119.409 112.511 119.48 112.64 105.722 93.645 81.086 73.063 67.48 65.893 62.883 62.205 61.914 62.406 68.81 76.302 83.94 90.743 84.546 77.728 78.769 73.041 69.61
-9999 -9999 -9999 -9999 -9999 -9999 -9999 -9999 -9999 -9999 -9999 -9999 -9999 -9999 -9999 -9999 -9999 -9999 -9999 -9999 -9999 -9999 -9999 -9999 -9999 -9999 -9999 -9999 -9999 -9999 -9999 -9999 -9999 -9999 -9999 -9999 -9999 -9999 -9999 105.566 110.052 119.357 148.569 188.16 203.811 179.238 162.305 131.426 127.807 124.958 118.972 117.053 116.171 105.605 100.594 89.919 84.221 72.594 68.933 64.611 62.341 63.728 61.129 60.487 60.319 63.052 70.147 75.849 81.215 78.993 74.763 71.668 72.249 71.079
-9999 -9999 -9999 -9999 -9999 -9999 -9999 -9999 -9999 -9999 -9999 -9999 -9999 -9999 -9999 -9999 -9999 -9999 -9999 -9999 -9999 -9999 -9999 -9999 -9999 -9999 -9999 -9999 -9999 -9999 -9999 -9999 -9999 -9999 -9999 -9999 -9999 -9999 -9999 106.893 105.49 119.336 139.425 164.091 151.584 152.836 132.526 133.386 148.163 132.23 124.404 121.021 112.42 107.116 95.488 90.234 87.498 80.343 68.736 65.603 62.205 60.569 60.189 59.385 59.501 62.285 65.129 68.44 70.017 73.663 73.392 71.592 68.076 68.286
-9999 -9999 -9999 -9999 -9999 -9999 -9999 -9999 -9999 -9999 -9999 -9999 -9999 -9999 -9999 -9999 -9999 -9999 -9999 -9999 -9999 -9999 -9999 -9999 -9999 -9999 -9999 -9999 -9999 -9999 -9999 -9999 -9999 -9999 -9999 -9999 -9999 -9999 102.606 101.06 104.687 111.711 125.536 129.535 131.75 128.958 124.206 134.805 136.881 130.016 130.897 130.311 117.695 96.728 93.787 85.025 80.686 78.171 74.305 66.552 63.774 61.517 59.676 59.778 60.197 61.958 63.571 65.991 68.772 71.029 74.478 76.889 72.62 66.575
-9999 -9999 -9999 -9999 -9999 -9999 -9999 -9999 -9999 -9999 -9999 -9999 -9999 -9999 -9999 -9999 -9999 -9999 -9999 -9999 -9999 -9999 -9999 -9999 -9999 -9999 -9999 -9999 -9999 -9999 -9999 -9999 -9999 -9999 -9999 -9999 -9999 -9999 96.002 98.386 100.434 104.975 111.697 114.345 116.487 123.583 126.315 125.15 129.815 132.947 153.211 148.041 129.228 108.514 92.392 88.42 76.849 69.488 69.836 69.457 64.148 61.146 60.239 59.449 60.941 60.837 60.24 60.496 65.787 70.885 74.425 73.834 72.369 67.458
-9999 -9999 -9999 -9999 -9999 -9999 -9999 -9999 -9999 -9999 -9999 -9999 -9999 -9999 -9999 -9999 -9999 -9999 -9999 -9999 -9999 -9999 -9999 -9999 -9999 -9999 -9999 -9999 -9999 -9999 -9999 -9999 -9999 -9999 -9999 -9999 -9999 -9999 94.393 94.554 95.423 99.229 106.134 107.292 113.459 123.028 123.54 129.764 139.119 154.954 161.78 148.386 128.318 108.057 92.763 85.938 80.238 70.366 66.662 63.769 62.028 59.751 59.226 59.47 62.594 62.418 59.594 58.268 60.187 65.532 69.317 71.114 69.858 66.921
-9999 -9999 -9999 -9999 -9999 -9999 -9999 -9999 -9999 -9999 -9999 -9999 -9999 -9999 -9999 -9999 -9999 -9999 -9999 -9999 -9999 -9999 -9999 -9999 -9999 -9999 -9999 -9999 -9999 -9999 -9999 -9999 -9999 -9999 -9999 -9999 -9999 -9999 -9999 91.311 91.984 96.683 98.177 111.834 128.317 137.737 142.802 145.191 147.738 159.733 155.875 145.543 123.46 98.931 89.921 77.513 75.131 69.507 65.441 63.966 59.919 58.317 59.104 60.742 59.921 61.067 59.4 57.861 55.733 60.738 64.992 65.731 -9999 63.466
