Validation/Results/raw data/ReClimate_12_2023_1.asc
NCOLS 192
NROWS 249
XLLCENTER -225160.85627316462
YLLCENTER 29788.11610251502
CELLSIZE 5000.0
NODATA_VALUE -9999
[rows 66 to 98 of 249, columns 74 to 147 of 192]
-9999 -9999 -9999 -9999 -9999 -9999 -9999 -9999 -9999 -9999 -9999 103.191 -9999 103.506 103.66 103.649 103.104 103.391 103.411 103.847 104.783 104.413 104.055 104.109 104.317 104.025 103.285 102.954 103.399 103.42 103.041 103.264 -9999 -9999 -9999 -9999 -9999 -9999 -9999 -9999 -9999 -9999 -9999 -9999 -9999 -9999 -9999 -9999 -9999 -9999 -9999 -9999 -9999 -9999 -9999 -9999 -9999 -9999 -9999 -9999 -9999 -9999 -9999 -9999 -9999 -9999 -9999 -9999 -9999 -9999 -9999 -9999 -9999 -9999
-9999 -9999 -9999 -9999 -9999 -9999 -9999 -9999 -9999 -9999 -9999 -9999 102.932 103.436 104.552 104.135 103.731 103.794 103.984 104.535 104.758 104.428 104.065 104.193 104.271 103.859 103.786 103.994 103.958 103.746 -9999 -9999 -9999 -9999 -9999 -9999 -9999 -9999 -9999 -9999 -9999 -9999 -9999 -9999 -9999 -9999 -9999 -9999 -9999 -9999 -9999 -9999 -9999 -9999 -9999 -9999 -9999 -9999 -9999 -9999 -9999 -9999 -9999 -9999 -9999 -9999 -9999 -9999 -9999 -9999 -9999 -9999 -9999 -9999
-9999 -9999 -9999 -9999 -9999 -9999 -9999 -9999 -9999 -9999 -9999 -9999 103.285 103.952 104.884 104.18 102.904 103.173 103.668 103.944 104.404 104.234 104.302 104.299 104.203 104.147 104.115 104.078 104.043 104.01 -9999 -9999 -9999 -9999 -9999 -9999 -9999 -9999 -9999 -9999 -9999 -9999 -9999 -9999 -9999 -9999 -9999 -9999 -9999 -9999 -9999 -9999 -9999 -9999 -9999 -9999 -9999 -9999 -9999 -9999 -9999 -9999 -9999 -9999 -9999 -9999 -9999 -9999 -9999 -9999 -9999 -9999 -9999 -9999
-9999 -9999 -9999 -9999 -9999 -9999 -9999 -9999 -9999 -9999 -9999 -9999 -9999 -9999 104.255 103.4 102.926 103.327 103.757 103.941 103.837 103.963 104.229 104.167 104.152 104.087 103.974 103.957 -9999 -9999 -9999 -9999 -9999 -9999 -9999 -9999 -9999 -9999 -9999 -9999 -9999 -9999 -9999 -9999 -9999 -9999 -9999 -9999 -9999 -9999 -9999 -9999 -9999 -9999 -9999 -9999 -9999 -9999 -9999 -9999 -9999 -9999 -9999 -9999 -9999 -9999 -9999 -9999 -9999 -9999 -9999 -9999 -9999 -9999
-9999 -9999 -9999 -9999 -9999 -9999 -9999 -9999 104.391 -9999 -9999 103.777 104.667 104.247 103.259 103.25 103.922 104.212 104.435 104.289 104.073 104.18 104.127 104.052 103.892 103.832 103.84 103.86 -9999 -9999 -9999 -9999 -9999 -9999 -9999 -9999 -9999 -9999 -9999 -9999 -9999 -9999 -9999 -9999 -9999 -9999 -9999 -9999 -9999 -9999 -9999 -9999 -9999 -9999 -9999 -9999 -9999 -9999 -9999 -9999 -9999 -9999 -9999 -9999 -9999 -9999 -9999 -9999 -9999 -9999 -9999 -9999 -9999 -9999
-9999 -9999 -9999 -9999 -9999 -9999 104.308 104.27 103.162 103.023 103.005 103.49 103.401 102.617 101.959 102.698 103.79 103.651 103.019 103.099 103.635 103.25 102.323 102.575 103.48 103.585 103.863 103.869 -9999 -9999 -9999 -9999 -9999 -9999 -9999 -9999 -9999 -9999 -9999 -9999 -9999 -9999 -9999 -9999 -9999 -9999 -9999 -9999 -9999 -9999 -9999 -9999 -9999 -9999 -9999 -9999 -9999 -9999 -9999 -9999 -9999 -9999 -9999 -9999 -9999 -9999 -9999 -9999 -9999 -9999 -9999 -9999 -9999 -9999
-9999 -9999 -9999 -9999 -9999 -9999 103.945 103.287 -9999 103.913 104.113 103.813 103.033 102.976 103.77 104.312 104.317 104.093 104.398 104.565 104.311 103.78 103.653 104.142 104.229 104.222 103.834 -9999 103.772 -9999 -9999 -9999 -9999 -9999 -9999 -9999 -9999 -9999 -9999 -9999 -9999 -9999 -9999 -9999 -9999 -9999 -9999 -9999 -9999 -9999 -9999 -9999 -9999 -9999 -9999 -9999 -9999 -9999 -9999 -9999 -9999 -9999 -9999 -9999 -9999 -9999 -9999 -9999 -9999 -9999 -9999 -9999 -9999 -9999
-9999 -9999 -9999 -9999 -9999 -9999 -9999 104.02 103.22 103.488 103.845 103.131 102.335 103.162 104.297 104.361 104.55 104.998 105.781 105.359 104.614 104.503 104.404 104.324 104.008 103.856 103.99 103.713 103.02 -9999 -9999 -9999 -9999 -9999 -9999 -9999 -9999 -9999 -9999 -9999 -9999 -9999 -9999 -9999 -9999 -9999 -9999 -9999 -9999 -9999 -9999 -9999 -9999 -9999 -9999 -9999 -9999 -9999 -9999 -9999 -9999 -9999 -9999 -9999 -9999 -9999 -9999 -9999 -9999 -9999 -9999 -9999 -9999 -9999
102.45 -9999 -9999 -9999 -9999 -9999 -9999 -9999 103.227 103.484 103.522 103.287 103.786 104.448 104.685 104.822 104.96 104.968 103.935 103.649 103.906 103.917 104.078 103.867 103.751 103.765 103.626 103.304 103.184 -9999 -9999 -9999 -9999 -9999 -9999 -9999 -9999 -9999 -9999 -9999 -9999 -9999 -9999 -9999 -9999 -9999 -9999 -9999 -9999 -9999 -9999 -9999 -9999 -9999 -9999 -9999 -9999 -9999 -9999 -9999 -9999 -9999 -9999 -9999 -9999 -9999 -9999 -9999 -9999 -9999 -9999 -9999 -9999 -9999
101.624 -9999 -9999 -9999 -9999 -9999 103.815 103.287 103.012 103.175 102.798 103.374 104.261 104.379 104.402 104.749 105.509 104.611 103.652 103.793 103.827 103.903 103.879 103.885 104.05 103.842 -9999 103.579 -9999 -9999 -9999 -9999 -9999 -9999 100.858 100.868 100.927 -9999 -9999 -9999 -9999 -9999 -9999 -9999 -9999 -9999 -9999 -9999 -9999 -9999 -9999 -9999 -9999 -9999 -9999 -9999 -9999 -9999 -9999 -9999 -9999 -9999 -9999 -9999 -9999 -9999 -9999 -9999 -9999 -9999 -9999 -9999 -9999 -9999
102.843 102.58 -9999 -9999 -9999 -9999 -9999 103.053 103.209 103.161 103.527 103.934 103.731 103.709 103.653 104.22 104.717 103.848 102.871 103.081 103.607 103.604 103.635 103.732 103.757 103.575 103.567 -9999 -9999 -9999 -9999 103.25 103.352 101.982 100.505 100.59 100.706 101.801 103.009 101.927 100.819 101.06 101.306 102.149 102.861 102.853 102.85 102.835 102.846 101.79 100.881 101.952 102.811 -9999 -9999 -9999 -9999 -9999 -9999 -9999 -9999 -9999 -9999 -9999 -9999 -9999 -9999 -9999 -9999 -9999 -9999 -9999 -9999 -9999
101.515 100.991 -9999 -9999 -9999 103.612 -9999 103.397 103.042 102.974 102.322 102.706 103.965 103.865 103.708 104.064 104.364 103.467 102.436 103.081 104.092 103.932 103.475 103.484 103.475 103.456 -9999 -9999 -9999 -9999 102.606 102.89 100.227 98.651 96.588 96.953 97.781 98.285 97.943 97.665 98.57 98.87 99.325 99.61 99.234 99.452 100.067 100.249 100.753 100.184 100.133 100.692 102.106 -9999 -9999 -9999 -9999 -9999 -9999 -9999 -9999 -9999 -9999 -9999 -9999 -9999 -9999 -9999 -9999 -9999 -9999 -9999 -9999 -9999
101.01 100.527 -9999 -9999 -9999 103.626 103.689 103.604 103.542 103.0 102.487 103.435 104.19 104.074 104.042 104.029 103.619 103.197 103.501 104.018 104.024 103.667 103.35 103.304 103.204 -9999 -9999 102.576 102.054 102.043 102.246 101.076 100.653 99.353 98.741 99.313 99.746 99.268 98.482 98.748 98.244 98.556 98.795 98.707 99.013 99.168 98.762 99.273 99.987 100.158 100.728 99.993 99.859 101.844 -9999 -9999 -9999 -9999 -9999 -9999 -9999 -9999 -9999 -9999 -9999 -9999 -9999 -9999 -9999 -9999 -9999 -9999 -9999 -9999
101.655 101.839 -9999 102.865 -9999 101.839 101.509 101.837 102.683 102.68 103.387 103.807 103.854 103.806 103.691 103.199 102.484 102.912 103.664 103.721 103.877 103.575 103.215 103.077 102.852 -9999 102.626 102.161 97.155 97.868 99.658 99.007 97.846 97.682 98.112 98.774 99.988 99.216 98.25 97.897 97.667 98.148 99.14 99.213 99.007 98.888 99.149 99.957 101.181 101.389 101.192 100.958 100.52 101.224 -9999 -9999 -9999 -9999 -9999 -9999 -9999 -9999 -9999 -9999 -9999 -9999 -9999 -9999 -9999 -9999 -9999 -9999 -9999 -9999
101.892 -9999 101.866 -9999 -9999 -9999 101.128 102.009 103.154 102.921 101.359 101.943 103.409 103.492 103.832 103.53 103.794 104.062 103.779 103.747 103.465 103.221 103.076 102.949 102.91 102.493 102.211 100.362 100.616 101.215 100.326 99.574 99.16 99.516 99.905 100.159 99.198 98.332 97.356 97.432 97.978 98.529 98.664 98.678 99.02 99.257 99.554 100.519 101.46 101.046 100.218 100.261 100.684 101.216 -9999 -9999 -9999 -9999 -9999 -9999 -9999 -9999 -9999 -9999 -9999 -9999 -9999 -9999 -9999 -9999 -9999 -9999 -9999 -9999
100.031 99.934 -9999 -9999 -9999 -9999 102.154 103.157 104.261 -9999 101.002 102.103 103.029 103.359 103.723 104.124 104.801 104.451 103.937 103.521 102.835 102.452 101.628 101.59 101.596 101.172 100.672 100.874 101.072 100.602 100.548 100.344 100.36 100.799 101.465 100.053 97.602 96.455 94.732 95.462 96.695 97.005 97.673 98.263 99.401 99.576 99.653 100.451 101.328 100.813 100.584 100.876 100.954 101.388 -9999 -9999 -9999 -9999 -9999 -9999 -9999 -9999 -9999 -9999 -9999 -9999 -9999 -9999 -9999 -9999 -9999 -9999 -9999 -9999
101.599 101.34 -9999 -9999 -9999 101.538 -9999 -9999 102.913 101.995 102.0 102.951 104.215 104.339 104.149 104.611 104.888 104.153 102.921 102.577 102.625 102.302 102.576 102.173 101.142 101.098 101.682 101.31 100.048 100.443 101.573 101.2 100.174 100.47 100.362 98.968 98.617 97.632 97.377 98.221 98.813 99.134 99.094 99.728 99.882 99.84 99.635 100.378 101.192 100.972 100.708 100.737 100.831 -9999 -9999 -9999 -9999 -9999 -9999 -9999 -9999 -9999 -9999 -9999 -9999 -9999 -9999 -9999 -9999 -9999 -9999 -9999 -9999 -9999
101.478 100.997 100.605 99.554 -9999 -9999 -9999 102.333 101.417 -9999 102.507 103.464 104.277 104.266 104.501 104.611 104.469 103.316 102.187 102.216 102.229 102.502 102.918 101.945 100.791 101.411 102.279 101.614 101.578 102.168 102.198 101.498 101.034 100.529 99.332 99.036 98.743 98.225 97.198 97.982 99.295 99.146 98.811 98.867 98.817 98.785 98.995 99.684 100.438 100.494 101.027 100.767 -9999 -9999 -9999 -9999 -9999 -9999 -9999 -9999 -9999 -9999 -9999 -9999 -9999 -9999 -9999 -9999 -9999 -9999 -9999 -9999 -9999 -9999
101.053 101.11 101.817 100.621 -9999 100.732 101.633 102.075 102.285 102.976 103.729 104.078 103.896 104.114 104.377 104.123 103.532 102.866 102.618 102.585 102.476 102.552 102.255 101.698 101.835 102.242 102.147 102.111 102.073 101.758 100.878 100.847 101.409 100.07 98.135 97.945 97.854 97.675 98.63 99.696 100.772 100.313 99.548 99.376 98.989 99.157 99.332 99.838 100.178 100.594 100.997 100.729 -9999 -9999 -9999 -9999 -9999 -9999 -9999 -9999 -9999 -9999 -9999 -9999 -9999 -9999 -9999 -9999 -9999 -9999 -9999 -9999 -9999 -9999
101.616 102.279 103.125 102.393 101.988 102.005 101.758 -9999 102.298 102.484 101.952 102.093 102.72 102.781 102.587 102.217 101.973 101.872 101.9 102.086 102.776 102.225 101.194 101.244 101.227 101.171 101.186 101.195 101.282 100.488 99.578 100.127 100.839 99.154 97.309 97.143 96.838 98.212 100.61 101.302 101.692 101.068 100.452 100.147 99.865 100.131 100.619 100.762 100.692 100.859 100.762 -9999 -9999 -9999 -9999 -9999 -9999 -9999 -9999 -9999 -9999 -9999 -9999 -9999 -9999 -9999 -9999 -9999 -9999 -9999 -9999 -9999 -9999 -9999
101.55 -9999 -9999 -9999 102.257 101.738 -9999 101.921 102.426 102.364 102.931 103.319 103.494 103.222 102.77 102.261 101.244 101.367 101.588 102.057 102.406 101.742 101.41 101.561 102.014 101.997 101.964 101.934 101.766 101.128 100.681 101.042 101.048 100.101 100.125 99.682 98.933 99.924 99.286 99.576 99.825 99.737 100.36 100.02 99.499 100.05 100.875 100.806 100.726 100.619 100.52 -9999 -9999 -9999 -9999 -9999 -9999 -9999 -9999 -9999 -9999 -9999 -9999 -9999 -9999 -9999 -9999 -9999 -9999 -9999 -9999 -9999 -9999 -9999
-9999 -9999 -9999 102.035 101.664 -9999 99.647 101.578 -9999 102.451 103.964 103.921 103.566 103.333 103.338 102.428 101.396 101.605 101.863 101.62 100.504 100.22 99.935 100.54 101.549 101.877 102.823 102.638 102.402 100.981 97.813 97.458 96.516 97.354 99.601 99.38 99.852 99.175 98.237 98.721 99.689 100.063 100.216 99.85 99.59 100.027 100.074 99.803 99.19 99.453 100.394 -9999 -9999 -9999 -9999 -9999 -9999 -9999 -9999 -9999 -9999 -9999 -9999 -9999 -9999 -9999 -9999 -9999 -9999 -9999 -9999 -9999 -9999 -9999
-9999 -9999 -9999 100.486 -9999 -9999 99.306 100.955 101.614 102.697 103.493 103.001 102.185 102.426 103.065 102.029 100.655 101.026 101.665 101.281 101.803 101.743 101.994 102.336 101.876 102.113 101.455 101.261 101.084 99.694 100.366 100.03 100.435 101.33 100.913 100.979 100.551 99.64 98.481 98.841 98.473 98.707 99.133 99.207 99.768 99.899 100.18 99.527 98.602 99.381 100.243 -9999 -9999 -9999 -9999 -9999 -9999 -9999 -9999 -9999 -9999 -9999 -9999 -9999 -9999 -9999 -9999 -9999 -9999 -9999 -9999 -9999 -9999 -9999
-9999 -9999 -9999 -9999 -9999 -9999 -9999 100.829 100.478 101.136 101.79 101.731 102.695 102.927 102.671 101.507 100.218 100.727 101.224 101.676 102.177 102.494 103.013 102.806 102.903 102.232 101.353 100.672 99.098 99.745 100.57 101.205 102.29 102.044 101.983 101.532 101.176 99.878 97.987 97.8 97.807 98.138 98.444 99.051 99.918 100.086 100.148 99.545 99.202 99.77 -9999 -9999 -9999 -9999 -9999 -9999 -9999 -9999 -9999 -9999 -9999 -9999 -9999 -9999 -9999 -9999 -9999 -9999 -9999 -9999 -9999 -9999 -9999 -9999
-9999 -9999 -9999 -9999 -9999 100.61 99.703 -9999 100.441 101.089 101.91 102.492 102.718 102.38 101.811 101.653 102.991 102.889 101.95 102.148 102.001 102.23 102.141 102.033 101.625 101.369 101.909 100.978 100.667 100.993 100.741 100.717 99.103 99.432 100.369 99.899 99.252 98.672 99.233 99.366 99.717 99.858 99.82 100.155 99.861 99.999 100.292 99.997 99.679 99.935 -9999 -9999 -9999 -9999 -9999 -9999 -9999 -9999 -9999 -9999 -9999 -9999 -9999 -9999 -9999 -9999 -9999 -9999 -9999 -9999 -9999 -9999 -9999 -9999
-9999 -9999 -9999 -9999 99.971 100.039 99.228 99.832 100.515 101.49 102.941 103.039 102.978 102.656 102.544 103.365 103.733 102.842 101.772 101.793 102.068 101.859 101.436 101.208 101.174 101.319 100.973 100.762 100.636 100.673 101.133 99.76 98.31 98.958 99.388 97.88 94.951 96.109 98.593 99.4 100.408 100.046 99.124 98.757 98.176 98.823 100.178 99.97 99.853 -9999 -9999 -9999 -9999 -9999 -9999 -9999 -9999 -9999 -9999 -9999 -9999 -9999 -9999 -9999 -9999 -9999 -9999 -9999 -9999 -9999 -9999 -9999 -9999 -9999
-9999 -9999 -9999 -9999 99.4 -9999 100.693 100.67 99.653 101.142 103.094 102.854 102.296 102.219 102.108 102.157 101.796 101.443 101.988 101.983 101.605 101.512 101.863 101.682 101.256 101.227 101.642 101.503 101.316 101.502 101.375 100.568 100.416 100.486 100.114 98.765 99.372 100.301 99.67 100.214 100.313 99.771 99.594 99.208 98.976 99.665 99.652 99.619 99.699 -9999 -9999 -9999 -9999 -9999 -9999 -9999 -9999 -9999 -9999 -9999 -9999 -9999 -9999 -9999 -9999 -9999 -9999 -9999 -9999 -9999 -9999 -9999 -9999 -9999
-9999 -9999 -9999 -9999 -9999 -9999 100.615 100.345 101.013 102.457 103.605 103.004 102.168 101.927 101.372 100.971 100.414 101.024 101.914 101.481 100.857 101.232 101.769 101.351 100.834 101.311 102.029 101.889 101.785 101.478 100.84 100.586 100.127 100.004 100.218 100.483 100.386 99.892 99.661 99.573 99.286 99.546 100.056 99.916 99.868 99.837 99.778 99.764 99.619 -9999 -9999 -9999 -9999 -9999 -9999 -9999 -9999 -9999 -9999 -9999 -9999 -9999 -9999 -9999 -9999 -9999 -9999 -9999 -9999 -9999 -9999 -9999 -9999 -9999
-9999 -9999 -9999 -9999 99.515 100.437 99.54 100.25 101.211 102.039 102.654 102.416 102.923 -9999 101.264 101.366 102.423 102.729 102.332 102.026 102.084 102.304 102.171 101.708 101.193 101.483 101.276 100.96 100.263 99.596 98.697 98.764 99.598 99.578 99.251 99.438 100.107 99.78 99.257 99.245 99.82 100.055 100.017 99.971 99.92 99.865 99.803 99.698 99.638 -9999 -9999 -9999 -9999 -9999 -9999 -9999 -9999 -9999 -9999 -9999 -9999 -9999 -9999 -9999 -9999 -9999 -9999 -9999 -9999 -9999 -9999 -9999 -9999 -9999
100.589 100.679 99.715 99.425 -9999 100.207 100.258 100.843 101.067 101.542 101.953 102.473 -9999 101.981 100.295 101.245 102.336 102.244 102.561 102.67 102.895 102.752 102.574 102.138 101.692 101.409 100.945 100.623 100.737 100.23 100.125 100.64 100.889 100.687 100.62 100.766 100.252 100.025 100.181 100.316 100.035 99.98 99.919 99.858 99.806 99.748 99.684 99.61 -9999 -9999 -9999 -9999 -9999 -9999 -9999 -9999 -9999 -9999 -9999 -9999 -9999 -9999 -9999 -9999 -9999 -9999 -9999 -9999 -9999 -9999 -9999 -9999 -9999 -9999
100.71 100.448 100.081 100.634 101.399 -9999 101.13 101.328 101.575 101.805 101.844 102.084 101.764 101.122 101.751 102.253 102.1 102.432 102.893 102.893 102.592 102.22 101.49 101.28 101.343 101.041 100.884 100.91 100.833 100.445 99.559 99.884 100.429 100.33 100.176 99.994 100.238 100.113 99.591 99.575 99.963 99.897 99.827 99.757 99.689 99.561 -9999 -9999 -9999 -9999 -9999 -9999 -9999 -9999 -9999 -9999 -9999 -9999 -9999 -9999 -9999 -9999 -9999 -9999 -9999 -9999 -9999 -9999 -9999 -9999 -9999 -9999 -9999 -9999
-9999 -9999 -9999 101.114 -9999 101.364 100.858 101.072 101.387 101.571 -9999 -9999 99.908 100.541 101.374 101.636 102.559 102.832 102.935 102.892 103.207 102.336 101.034 101.07 101.089 100.926 100.717 100.656 100.61 100.194 100.319 100.699 100.983 100.787 100.491 100.493 100.176 99.876 99.822 100.109 100.395 100.19 99.742 99.662 99.583 -9999 -9999 -9999 -9999 -9999 -9999 -9999 -9999 -9999 -9999 -9999 -9999 -9999 -9999 -9999 -9999 -9999 -9999 -9999 -9999 -9999 -9999 -9999 -9999 -9999 -9999 -9999 -9999 -9999
101.277 100.333 -9999 101.488 101.829 101.572 101.539 101.713 101.824 -9999 -9999 102.119 101.624 101.99 101.831 102.399 102.653 102.625 102.418 102.638 102.802 101.814 100.99 101.147 101.555 101.419 101.356 101.196 100.843 100.875 100.803 100.933 100.904 100.644 100.37 100.176 100.113 100.039 99.939 99.937 99.586 99.433 99.657 99.573 99.483 99.407 -9999 -9999 -9999 -9999 -9999 -9999 -9999 -9999 -9999 -9999 -9999 -9999 -9999 -9999 -9999 -9999 -9999 -9999 -9999 -9999 -9999 -9999 -9999 -9999 -9999 -9999 -9999 -9999
