Validation/Results/raw data/ReClimate_04_2024_1_Temperatureweatherlogisticsltd.asc
NCOLS 192
NROWS 249
XLLCENTER -225160.85627316462
YLLCENTER 29788.11610251502
CELLSIZE 5000.0
NODATA_VALUE -9999
[rows 102 to 135 of 249, columns 75 to 149 of 192]
-0.85 -0.864 -0.869 -0.874 -0.869 -0.857 -9999 -9999 -0.86 -9999 -9999 -0.853 -0.849 -0.844 -0.844 -0.847 -0.834 -0.82 -0.807 -0.793 -0.799 -0.809 -0.786 -0.761 -0.761 -0.763 -0.77 -0.78 -0.769 -0.756 -0.749 -0.742 -0.731 -0.719 -0.717 -0.716 -0.718 -0.722 -0.713 -0.705 -0.677 -0.645 -9999 -9999 -9999 -9999 -9999 -9999 -9999 -9999 -9999 -9999 -9999 -9999 -9999 -9999 -9999 -9999 -9999 -9999 -9999 -9999 -9999 -9999 -9999 -9999 -9999 -9999 -9999 -9999 -9999 -9999 -9999 -9999 -9999
-0.84 -0.835 -0.838 -0.845 -9999 -9999 -9999 -0.852 -0.855 -0.865 -0.862 -0.851 -0.845 -0.831 -0.829 -0.829 -0.82 -0.82 -0.807 -0.793 -0.795 -0.794 -0.778 -0.771 -0.768 -0.761 -0.766 -0.771 -0.759 -0.745 -0.738 -0.733 -0.726 -0.726 -0.725 -0.724 -0.723 -9999 -9999 -0.692 -9999 -9999 -9999 -9999 -9999 -9999 -9999 -9999 -9999 -9999 -9999 -9999 -9999 -9999 -9999 -9999 -9999 -9999 -9999 -9999 -9999 -9999 -9999 -9999 -9999 -9999 -9999 -9999 -9999 -9999 -9999 -9999 -9999 -9999 -9999
-0.823 -0.818 -9999 -0.828 -9999 -9999 -9999 -0.847 -0.854 -0.859 -0.853 -0.843 -0.834 -0.823 -0.823 -0.822 -0.821 -0.82 -0.808 -0.795 -0.791 -0.789 -0.783 -0.776 -0.769 -0.761 -0.764 -0.768 -0.755 -0.741 -0.736 -0.731 -0.73 -0.729 -0.728 -0.728 -9999 -0.714 -0.699 -0.686 -0.665 -9999 -9999 -9999 -9999 -9999 -9999 -9999 -9999 -9999 -9999 -9999 -9999 -9999 -9999 -9999 -9999 -9999 -9999 -9999 -9999 -9999 -9999 -9999 -9999 -9999 -9999 -9999 -9999 -9999 -9999 -9999 -9999 -9999 -9999
-0.808 -9999 -9999 -9999 -9999 -0.825 -0.83 -0.837 -0.84 -0.84 -0.835 -0.826 -0.82 -0.816 -0.821 -0.832 -0.829 -0.823 -0.811 -0.796 -0.792 -0.789 -0.783 -0.776 -0.773 -0.778 -0.78 -0.784 -0.767 -0.74 -0.734 -0.727 -0.725 -0.724 -9999 -0.717 -0.711 -0.709 -0.687 -0.654 -0.664 -9999 -9999 -9999 -9999 -9999 -9999 -9999 -9999 -9999 -9999 -9999 -9999 -9999 -9999 -9999 -9999 -9999 -9999 -9999 -9999 -9999 -9999 -9999 -9999 -9999 -9999 -9999 -9999 -9999 -9999 -9999 -9999 -9999 -9999
-9999 -9999 -9999 -9999 -9999 -0.811 -0.822 -0.826 -0.827 -0.827 -0.823 -0.814 -0.811 -0.808 -0.818 -0.83 -0.827 -0.823 -0.81 -0.796 -0.793 -0.791 -0.784 -0.778 -0.781 -0.785 -0.787 -0.79 -0.767 -0.741 -0.734 -0.728 -0.725 -0.723 -0.718 -0.714 -0.711 -0.708 -0.678 -0.645 -0.64 -0.64 -9999 -9999 -9999 -9999 -9999 -9999 -9999 -9999 -9999 -9999 -9999 -9999 -9999 -9999 -9999 -9999 -9999 -9999 -9999 -9999 -9999 -9999 -9999 -9999 -9999 -9999 -9999 -9999 -9999 -9999 -9999 -9999 -9999
-9999 -9999 -9999 -9999 -0.796 -9999 -9999 -0.807 -0.807 -0.807 -0.804 -0.802 -9999 -9999 -0.801 -0.812 -0.809 -0.802 -0.8 -0.812 -0.808 -0.803 -0.799 -0.795 -0.788 -0.765 -0.763 -0.761 -0.745 -0.742 -0.737 -0.734 -0.731 -0.729 -0.725 -0.722 -0.713 -0.695 -0.671 -0.656 -0.654 -0.658 -0.664 -9999 -9999 -9999 -9999 -9999 -9999 -9999 -9999 -9999 -9999 -9999 -9999 -9999 -9999 -9999 -9999 -9999 -9999 -9999 -9999 -9999 -9999 -9999 -9999 -9999 -9999 -9999 -9999 -9999 -9999 -9999 -9999
-9999 -9999 -9999 -9999 -0.785 -9999 -0.792 -0.795 -0.794 -0.793 -0.794 -0.792 -0.787 -0.781 -0.79 -0.8 -0.796 -0.791 -0.803 -0.816 -0.812 -0.807 -0.804 -0.8 -0.78 -0.757 -0.753 -0.75 -0.746 -0.742 -0.739 -0.736 -0.734 -0.732 -0.729 -0.726 -0.709 -0.691 -0.677 -0.664 -0.665 -0.668 -9999 -9999 -9999 -9999 -9999 -9999 -9999 -9999 -9999 -9999 -9999 -9999 -9999 -9999 -9999 -9999 -9999 -9999 -9999 -9999 -9999 -9999 -9999 -9999 -9999 -9999 -9999 -9999 -9999 -9999 -9999 -9999 -9999
-9999 -9999 -9999 -9999 -0.774 -9999 -0.788 -0.795 -0.793 -0.788 -0.788 -9999 -0.783 -0.789 -9999 -0.803 -0.799 -0.795 -0.802 -0.801 -0.801 -0.807 -0.798 -0.78 -0.762 -0.746 -0.742 -0.738 -0.736 -0.739 -0.736 -0.733 -0.728 -0.721 -0.718 -0.717 -0.708 -0.71 -9999 -9999 -9999 -9999 -9999 -9999 -9999 -9999 -9999 -9999 -9999 -9999 -9999 -9999 -9999 -9999 -9999 -9999 -9999 -9999 -9999 -9999 -9999 -9999 -9999 -9999 -9999 -9999 -9999 -9999 -9999 -9999 -9999 -9999 -9999 -9999 -9999
-9999 -9999 -0.758 -0.761 -9999 -9999 -0.785 -0.789 -0.786 -0.781 -0.779 -0.776 -0.781 -0.788 -9999 -0.8 -0.796 -0.792 -0.792 -0.792 -0.8 -0.807 -0.791 -0.772 -0.758 -0.743 -0.738 -0.734 -0.736 -0.739 -0.735 -0.732 -0.725 -0.717 -0.716 -0.715 -0.71 -9999 -9999 -9999 -9999 -9999 -9999 -9999 -9999 -9999 -9999 -9999 -9999 -9999 -9999 -9999 -9999 -9999 -9999 -9999 -9999 -9999 -9999 -9999 -9999 -9999 -9999 -9999 -9999 -9999 -9999 -9999 -9999 -9999 -9999 -9999 -9999 -9999 -9999
-9999 -0.74 -0.745 -0.754 -9999 -0.767 -0.772 -0.768 -0.766 -9999 -0.764 -0.763 -0.772 -0.793 -9999 -0.786 -0.788 -0.801 -0.8 -0.795 -0.798 -0.79 -0.778 -0.768 -0.756 -0.746 -0.742 -0.737 -9999 -0.75 -0.738 -0.708 -0.697 -0.685 -0.686 -0.696 -9999 -9999 -9999 -9999 -9999 -9999 -9999 -9999 -9999 -9999 -9999 -9999 -9999 -9999 -9999 -9999 -9999 -9999 -9999 -9999 -9999 -9999 -9999 -9999 -9999 -9999 -9999 -9999 -9999 -9999 -9999 -9999 -9999 -9999 -9999 -9999 -9999 -9999 -9999
-9999 -0.727 -0.735 -9999 -9999 -0.756 -0.755 -0.754 -9999 -0.753 -0.755 -0.754 -0.77 -0.791 -9999 -0.777 -0.787 -0.8 -0.796 -0.793 -0.788 -0.782 -0.776 -0.767 -0.758 -0.748 -0.744 -0.74 -0.746 -0.755 -9999 -9999 -0.688 -0.675 -9999 -9999 -9999 -9999 -9999 -9999 -0.686 -0.675 -0.682 -9999 -9999 -9999 -9999 -9999 -9999 -9999 -9999 -9999 -9999 -9999 -9999 -9999 -9999 -9999 -9999 -9999 -9999 -9999 -9999 -9999 -9999 -9999 -9999 -9999 -9999 -9999 -9999 -9999 -9999 -9999 -9999
-0.726 -0.729 -9999 -9999 -0.751 -0.754 -0.751 -0.742 -9999 -0.745 -0.75 -0.757 -0.769 -0.775 -9999 -9999 -9999 -0.794 -0.785 -0.766 -0.766 -0.775 -0.775 -0.78 -0.771 -0.76 -0.752 -0.737 -0.74 -0.739 -0.718 -0.702 -0.689 -0.675 -9999 -9999 -9999 -9999 -9999 -0.722 -0.704 -0.696 -0.698 -0.692 -9999 -9999 -9999 -9999 -9999 -9999 -9999 -9999 -9999 -9999 -9999 -9999 -9999 -9999 -9999 -9999 -9999 -9999 -9999 -9999 -9999 -9999 -9999 -9999 -9999 -9999 -9999 -9999 -9999 -9999 -9999
-0.731 -0.723 -9999 -9999 -9999 -0.746 -0.74 -0.732 -9999 -0.737 -9999 -0.754 -0.76 -0.766 -9999 -0.775 -0.78 -0.788 -9999 -0.754 -0.761 -0.77 -0.777 -0.784 -0.776 -0.765 -0.752 -0.737 -0.735 -0.735 -0.721 -0.708 -0.698 -0.688 -0.687 -0.693 -0.704 -9999 -0.732 -0.739 -0.733 -0.722 -0.716 -0.709 -0.699 -0.686 -9999 -9999 -9999 -9999 -9999 -9999 -9999 -9999 -9999 -9999 -9999 -9999 -9999 -9999 -9999 -9999 -9999 -9999 -9999 -9999 -9999 -9999 -9999 -9999 -9999 -9999 -9999 -9999 -9999
-0.722 -9999 -9999 -9999 -9999 -0.728 -0.722 -0.715 -9999 -0.733 -9999 -0.753 -0.752 -9999 -0.752 -0.753 -0.761 -0.777 -0.765 -0.755 -0.761 -0.766 -0.768 -0.763 -0.758 -0.755 -0.744 -0.737 -0.736 -0.737 -0.728 -0.717 -0.714 -0.716 -0.716 -0.716 -0.732 -0.76 -0.767 -0.759 -0.754 -0.753 -0.749 -0.746 -0.732 -0.708 -0.699 -0.693 -0.698 -9999 -9999 -9999 -9999 -9999 -9999 -9999 -9999 -9999 -9999 -9999 -9999 -9999 -9999 -9999 -9999 -9999 -9999 -9999 -9999 -9999 -9999 -9999 -9999 -9999 -9999
-0.715 -9999 -9999 -9999 -9999 -0.715 -0.709 -0.702 -0.713 -9999 -9999 -0.748 -0.737 -9999 -0.74 -0.742 -0.755 -0.77 -0.763 -0.754 -0.758 -0.762 -0.758 -0.753 -0.753 -0.752 -0.747 -0.747 -0.75 -0.753 -0.744 -0.734 -0.737 -0.741 -0.74 -0.741 -0.765 -0.793 -0.787 -0.777 -0.776 -0.776 -0.774 -0.772 -0.752 -0.729 -0.721 -0.711 -0.701 -0.712 -9999 -9999 -9999 -9999 -9999 -9999 -9999 -9999 -9999 -9999 -9999 -9999 -9999 -9999 -9999 -9999 -9999 -9999 -9999 -9999 -9999 -9999 -9999 -9999 -9999
-9999 -9999 -9999 -9999 -9999 -0.698 -0.694 -0.694 -0.705 -9999 -9999 -0.736 -0.728 -9999 -9999 -0.745 -0.756 -0.763 -0.75 -0.723 -0.73 -0.749 -0.749 -0.754 -0.755 -0.754 -0.761 -0.776 -0.779 -0.779 -0.775 -0.775 -0.775 -0.764 -0.765 -0.766 -0.782 -0.785 -0.783 -0.796 -0.793 -0.788 -0.783 -0.773 -0.761 -0.759 -0.75 -0.734 -0.726 -0.722 -9999 -9999 -9999 -9999 -9999 -9999 -9999 -9999 -9999 -9999 -9999 -9999 -9999 -9999 -9999 -9999 -9999 -9999 -9999 -9999 -9999 -9999 -9999 -9999 -9999
-9999 -9999 -9999 -9999 -9999 -0.683 -0.683 -0.685 -9999 -9999 -9999 -9999 -0.725 -9999 -0.733 -0.745 -0.752 -0.759 -0.738 -0.711 -0.726 -0.744 -0.748 -0.757 -0.763 -0.767 -0.783 -0.798 -0.8 -0.801 -0.802 -0.803 -0.796 -0.787 -0.789 -0.79 -0.792 -0.791 -0.801 -0.813 -0.809 -0.803 -0.794 -0.784 -0.783 -0.783 -0.771 -0.758 -0.754 -0.75 -0.725 -9999 -9999 -9999 -9999 -9999 -9999 -9999 -9999 -9999 -9999 -9999 -9999 -9999 -9999 -9999 -9999 -9999 -9999 -9999 -9999 -9999 -9999 -9999 -9999
-9999 -9999 -9999 -0.653 -0.651 -0.651 -0.657 -9999 -9999 -0.698 -9999 -9999 -9999 -9999 -0.73 -0.731 -0.736 -0.741 -0.729 -0.729 -0.74 -0.748 -0.763 -0.789 -0.794 -0.79 -0.808 -0.823 -0.827 -0.832 -0.832 -0.824 -0.822 -0.829 -0.827 -0.813 -0.816 -0.825 -0.828 -0.819 -0.816 -0.818 -0.812 -0.81 -0.808 -0.804 -0.794 -0.785 -0.777 -0.758 -0.758 -9999 -9999 -9999 -9999 -9999 -9999 -9999 -9999 -9999 -9999 -9999 -9999 -9999 -9999 -9999 -9999 -9999 -9999 -9999 -9999 -9999 -9999 -9999 -9999
-9999 -9999 -9999 -9999 -0.635 -0.631 -0.646 -9999 -0.678 -0.691 -0.703 -9999 -9999 -9999 -9999 -0.724 -0.729 -0.733 -0.734 -0.735 -0.743 -0.759 -0.784 -0.811 -0.812 -0.81 -0.828 -0.844 -0.85 -0.856 -0.851 -0.845 -0.851 -0.858 -0.848 -0.832 -0.839 -0.849 -0.841 -0.832 -0.833 -0.835 -0.833 -0.831 -0.828 -0.824 -0.817 -0.808 -0.793 -0.775 -0.769 -0.742 -9999 -9999 -9999 -9999 -9999 -9999 -9999 -9999 -9999 -9999 -9999 -9999 -9999 -9999 -9999 -9999 -9999 -9999 -9999 -9999 -9999 -9999 -9999
-9999 -9999 -9999 -9999 -0.637 -0.631 -0.647 -9999 -0.675 -0.672 -0.686 -9999 -9999 -9999 -9999 -9999 -0.72 -0.721 -0.726 -0.741 -0.754 -0.761 -0.786 -0.815 -0.823 -0.842 -0.86 -0.873 -0.88 -0.886 -0.878 -0.862 -0.871 -0.882 -0.87 -0.859 -0.862 -0.86 -0.855 -0.855 -0.855 -0.854 -0.847 -0.832 -0.83 -0.834 -0.824 -0.809 -0.802 -0.809 -0.796 -0.772 -0.724 -9999 -9999 -9999 -9999 -9999 -9999 -9999 -9999 -9999 -9999 -9999 -9999 -9999 -9999 -9999 -9999 -9999 -9999 -9999 -9999 -9999 -9999
-9999 -9999 -9999 -9999 -0.618 -0.622 -9999 -9999 -0.66 -0.657 -0.676 -0.69 -9999 -9999 -9999 -9999 -9999 -0.716 -0.729 -0.754 -0.764 -0.771 -0.797 -0.826 -0.845 -0.865 -0.882 -0.897 -0.903 -0.91 -0.898 -0.883 -0.893 -0.9 -0.89 -0.88 -0.877 -0.875 -0.875 -0.874 -0.873 -0.871 -0.858 -0.843 -0.845 -0.848 -0.835 -0.82 -0.826 -0.834 -0.82 -0.795 -0.745 -0.704 -0.648 -9999 -9999 -9999 -9999 -9999 -9999 -9999 -9999 -9999 -9999 -9999 -9999 -9999 -9999 -9999 -9999 -9999 -9999 -9999 -9999
-9999 -9999 -9999 -9999 -0.601 -0.608 -9999 -9999 -0.641 -0.647 -0.662 -9999 -9999 -9999 -9999 -9999 -9999 -0.72 -0.74 -0.759 -0.769 -0.777 -0.801 -0.824 -0.847 -0.882 -0.897 -0.901 -0.91 -0.924 -0.915 -0.904 -0.907 -0.906 -0.899 -0.899 -0.897 -0.895 -0.893 -0.888 -0.886 -0.884 -0.875 -0.873 -0.872 -0.868 -0.864 -0.873 -0.871 -0.852 -0.818 -0.784 -0.76 -0.724 -0.661 -9999 -9999 -9999 -9999 -9999 -9999 -9999 -9999 -9999 -9999 -9999 -9999 -9999 -9999 -9999 -9999 -9999 -9999 -9999 -9999
-9999 -9999 -9999 -9999 -0.586 -0.59 -9999 -9999 -9999 -0.638 -0.646 -0.655 -9999 -9999 -9999 -9999 -9999 -0.73 -0.751 -0.77 -0.781 -0.79 -0.811 -0.834 -0.865 -0.9 -0.91 -0.915 -0.929 -0.943 -0.936 -0.922 -0.92 -0.918 -0.917 -0.917 -0.914 -0.913 -0.908 -0.903 -0.901 -0.899 -0.897 -0.894 -0.89 -0.886 -0.893 -0.903 -0.886 -0.854 -0.815 -0.774 -0.749 -0.726 -0.666 -9999 -9999 -9999 -9999 -9999 -9999 -9999 -9999 -9999 -9999 -9999 -9999 -9999 -9999 -9999 -9999 -9999 -9999 -9999 -9999
-9999 -9999 -9999 -0.563 -0.57 -0.563 -9999 -9999 -9999 -9999 -9999 -9999 -9999 -9999 -9999 -9999 -9999 -0.738 -0.761 -0.779 -0.792 -0.807 -0.829 -0.854 -0.883 -0.909 -0.925 -0.95 -0.957 -0.948 -0.945 -0.947 -0.945 -0.944 -0.94 -0.931 -0.926 -0.916 -0.919 -0.935 -0.932 -0.925 -0.92 -0.907 -0.907 -0.916 -0.916 -0.9 -0.873 -0.851 -0.827 -0.796 -0.745 -0.706 -0.671 -0.601 -9999 -9999 -9999 -9999 -9999 -9999 -9999 -9999 -9999 -9999 -9999 -9999 -9999 -9999 -9999 -9999 -9999 -9999 -9999
-9999 -9999 -0.542 -0.548 -0.544 -0.542 -9999 -9999 -9999 -9999 -9999 -9999 -9999 -9999 -9999 -0.708 -0.721 -0.747 -0.771 -0.793 -0.81 -0.825 -0.849 -0.874 -0.899 -0.925 -0.951 -0.977 -0.973 -0.963 -0.965 -0.967 -0.965 -0.964 -0.956 -0.947 -0.938 -0.928 -0.941 -0.957 -0.952 -0.946 -0.935 -0.922 -0.929 -0.937 -0.923 -0.892 -0.869 -0.846 -0.822 -0.799 -0.751 -0.697 -0.661 -0.595 -9999 -9999 -9999 -9999 -9999 -9999 -9999 -9999 -9999 -9999 -9999 -9999 -9999 -9999 -9999 -9999 -9999 -9999 -9999
-9999 -9999 -0.516 -0.518 -0.523 -9999 -9999 -9999 -9999 -9999 -9999 -9999 -9999 -9999 -9999 -0.705 -0.73 -0.755 -0.784 -0.816 -0.837 -0.856 -0.879 -0.897 -0.922 -0.949 -0.972 -0.987 -0.987 -0.983 -0.98 -0.975 -0.978 -0.993 -0.985 -0.976 -0.968 -0.96 -0.966 -0.96 -0.959 -0.966 -0.956 -0.943 -0.947 -0.947 -0.923 -0.899 -0.87 -0.83 -0.803 -0.77 -0.735 -0.689 -0.655 -0.617 -9999 -9999 -9999 -9999 -9999 -9999 -9999 -9999 -9999 -9999 -9999 -9999 -9999 -9999 -9999 -9999 -9999 -9999 -9999
-9999 -9999 -9999 -9999 -9999 -9999 -9999 -9999 -9999 -9999 -9999 -9999 -9999 -9999 -9999 -0.71 -0.738 -0.764 -0.798 -0.832 -0.857 -0.88 -0.901 -0.92 -0.946 -0.973 -0.991 -1.006 -1.01 -1.002 -0.995 -0.989 -1.0 -1.015 -1.006 -0.996 -0.99 -0.983 -0.978 -0.972 -0.977 -0.984 -0.974 -0.962 -0.96 -0.948 -0.924 -0.9 -0.861 -0.821 -0.79 -0.758 -0.721 -0.684 -0.649 -0.612 -9999 -9999 -9999 -9999 -9999 -9999 -9999 -9999 -9999 -9999 -9999 -9999 -9999 -9999 -9999 -9999 -9999 -9999 -9999
-9999 -9999 -9999 -9999 -9999 -9999 -9999 -9999 -9999 -9999 -9999 -9999 -9999 -9999 -0.681 -0.699 -0.734 -0.783 -0.815 -0.839 -0.871 -0.913 -0.936 -0.953 -0.976 -0.993 -1.008 -1.016 -1.019 -1.015 -1.008 -1.002 -1.011 -1.02 -1.014 -1.016 -1.009 -1.001 -0.994 -0.981 -0.981 -0.974 -0.965 -0.958 -0.951 -0.941 -0.919 -0.907 -0.867 -0.822 -0.784 -0.747 -0.718 -0.685 -0.65 -0.607 -9999 -9999 -9999 -9999 -9999 -9999 -9999 -9999 -9999 -9999 -9999 -9999 -9999 -9999 -9999 -9999 -9999 -9999 -9999
-9999 -9999 -9999 -9999 -9999 -9999 -9999 -9999 -9999 -9999 -9999 -9999 -9999 -9999 -0.666 -0.699 -0.747 -0.797 -0.824 -0.85 -0.891 -0.935 -0.957 -0.976 -0.998 -1.016 -1.028 -1.036 -1.038 -1.033 -1.026 -1.02 -1.026 -1.034 -1.033 -1.035 -1.028 -1.02 -1.009 -0.996 -0.989 -0.982 -0.976 -0.964 -0.95 -0.937 -0.921 -0.907 -0.865 -0.82 -0.781 -0.74 -0.711 -0.683 -0.648 -0.608 -9999 -9999 -9999 -9999 -9999 -9999 -9999 -9999 -9999 -9999 -9999 -9999 -9999 -9999 -9999 -9999 -9999 -9999 -9999
-9999 -9999 -9999 -9999 -9999 -9999 -9999 -9999 -9999 -9999 -9999 -9999 -9999 -0.643 -0.674 -0.704 -0.754 -0.802 -0.835 -0.873 -0.909 -0.936 -0.959 -0.981 -1.008 -1.042 -1.064 -1.088 -1.082 -1.058 -1.052 -1.048 -1.045 -1.033 -1.029 -1.024 -1.021 -1.03 -1.023 -1.024 -1.02 -1.02 -1.007 -0.969 -0.954 -0.946 -0.924 -0.893 -0.854 -0.82 -0.78 -0.739 -0.703 -0.671 -0.648 -0.614 -0.558 -9999 -9999 -9999 -9999 -9999 -9999 -9999 -9999 -9999 -9999 -9999 -9999 -9999 -9999 -9999 -9999 -9999 -9999
-9999 -9999 -9999 -9999 -9999 -9999 -9999 -9999 -9999 -9999 -9999 -9999 -0.61 -0.641 -0.68 -0.713 -0.764 -0.813 -0.852 -0.89 -0.919 -0.946 -0.97 -0.993 -1.027 -1.063 -1.096 -1.121 -1.107 -1.083 -1.077 -1.073 -1.06 -1.047 -1.04 -1.033 -1.039 -1.048 -1.048 -1.048 -1.047 -1.047 -1.02 -0.973 -0.96 -0.95 -0.918 -0.886 -0.852 -0.816 -0.776 -0.734 -0.697 -0.66 -0.637 -0.617 -0.564 -9999 -9999 -9999 -9999 -9999 -9999 -9999 -9999 -9999 -9999 -9999 -9999 -9999 -9999 -9999 -9999 -9999 -9999
-9999 -9999 -9999 -9999 -9999 -9999 -9999 -9999 -9999 -9999 -9999 -9999 -0.601 -0.649 -0.691 -0.736 -0.783 -0.817 -0.857 -0.899 -0.93 -0.963 -0.985 -0.999 -1.035 -1.077 -1.107 -1.122 -1.112 -1.106 -1.104 -1.105 -1.092 -1.079 -1.072 -1.067 -1.071 -1.073 -1.069 -1.059 -1.06 -1.062 -1.031 -1.004 -0.98 -0.94 -0.903 -0.862 -0.828 -0.799 -0.769 -0.733 -0.693 -0.654 -0.62 -0.593 -0.568 -9999 -9999 -9999 -9999 -9999 -9999 -9999 -9999 -9999 -9999 -9999 -9999 -9999 -9999 -9999 -9999 -9999 -9999
-9999 -9999 -9999 -9999 -9999 -9999 -9999 -9999 -9999 -9999 -9999 -0.563 -0.605 -0.655 -0.702 -0.749 -0.79 -0.827 -0.869 -0.912 -0.946 -0.98 -0.998 -1.013 -1.052 -1.094 -1.119 -1.131 -1.128 -1.123 -1.124 -1.126 -1.115 -1.104 -1.099 -1.095 -1.096 -1.098 -1.089 -1.078 -1.082 -1.075 -1.045 -1.015 -0.974 -0.931 -0.888 -0.846 -0.815 -0.785 -0.754 -0.725 -0.686 -0.645 -0.612 -0.579 -0.554 -0.513 -9999 -9999 -9999 -9999 -9999 -9999 -9999 -9999 -9999 -9999 -9999 -9999 -9999 -9999 -9999 -9999 -9999
-9999 -9999 -9999 -9999 -9999 -9999 -9999 -9999 -9999 -9999 -0.528 -9999 -0.6 -0.657 -0.7 -0.737 -0.78 -0.821 -0.865 -0.908 -0.944 -0.982 -1.006 -1.041 -1.075 -1.096 -1.119 -1.131 -1.129 -1.133 -1.132 -1.131 -1.125 -1.122 -1.116 -1.104 -1.107 -1.114 -1.104 -1.09 -1.084 -1.055 -1.023 -0.997 -0.951 -0.901 -0.868 -0.857 -0.821 -0.776 -0.743 -0.713 -0.665 -0.62 -0.588 -0.556 -0.533 -0.518 -9999 -9999 -9999 -9999 -9999 -9999 -9999 -9999 -9999 -9999 -9999 -9999 -9999 -9999 -9999 -9999 -9999
