Validation/Results/raw data/ReClimate_10_2024_2weatherlogisticsltd.asc
NCOLS 192
NROWS 249
XLLCENTER -225160.85627316462
YLLCENTER 29788.11610251502
CELLSIZE 5000.0
NODATA_VALUE -9999
[rows 165 to 197 of 249, columns 75 to 149 of 192]
-9999 -9999 -9999 -9999 -9999 -9999 -9999 -9999 -9999 -9999 -9999 -9999 -9999 -9999 -9999 -9999 -9999 -9999 -9999 -9999 -9999 -9999 -9999 -9999 -9999 -9999 -9999 -9999 -9999 -9999 -9999 -9999 -9999 -9999 -9999 -9999 -9999 98.066 98.111 98.15 98.253 98.345 98.455 98.606 98.779 98.964 99.165 99.346 99.512 99.664 99.808 99.946 100.079 100.213 100.35 100.491 100.637 100.788 100.944 101.104 101.261 101.418 101.572 101.728 101.881 102.006 102.12 102.232 102.342 102.45 102.557 102.664 102.777 102.914 -9999
-9999 -9999 -9999 -9999 -9999 -9999 -9999 -9999 -9999 -9999 -9999 -9999 -9999 -9999 -9999 -9999 -9999 -9999 -9999 -9999 -9999 -9999 -9999 -9999 -9999 -9999 -9999 -9999 -9999 -9999 -9999 -9999 -9999 -9999 -9999 -9999 -9999 98.095 98.123 98.183 98.242 98.321 98.452 98.6 98.744 98.902 99.078 99.26 99.427 99.582 99.729 99.868 100.004 100.138 100.274 100.412 100.555 100.702 100.854 101.004 101.155 101.305 101.457 101.612 101.771 101.921 102.043 102.156 102.266 102.374 102.48 102.601 102.737 102.884 103.052
-9999 -9999 -9999 -9999 -9999 -9999 -9999 -9999 -9999 -9999 -9999 -9999 -9999 -9999 -9999 -9999 -9999 -9999 -9999 -9999 -9999 -9999 -9999 -9999 -9999 -9999 -9999 -9999 -9999 -9999 -9999 -9999 -9999 -9999 -9999 -9999 98.122 98.169 98.208 98.242 98.282 98.345 98.457 98.594 98.728 98.863 99.008 99.173 99.343 99.5 99.649 99.791 99.928 100.063 100.197 100.333 100.473 100.615 100.758 100.903 101.049 101.198 101.35 101.505 101.664 101.826 101.968 102.086 102.197 102.315 102.444 102.574 102.714 102.862 103.02
-9999 -9999 -9999 -9999 -9999 -9999 -9999 -9999 -9999 -9999 -9999 -9999 -9999 -9999 -9999 -9999 -9999 -9999 -9999 -9999 -9999 -9999 -9999 -9999 -9999 -9999 -9999 -9999 -9999 -9999 -9999 -9999 -9999 -9999 -9999 -9999 98.21 98.256 98.29 98.321 98.35 98.405 98.513 98.623 98.729 98.841 98.967 99.102 99.256 99.417 99.569 99.713 99.852 99.987 100.121 100.255 100.387 100.521 100.66 100.802 100.949 101.099 101.251 101.407 101.565 101.727 101.892 102.034 102.163 102.289 102.419 102.554 102.69 102.832 102.982
-9999 -9999 -9999 -9999 -9999 -9999 -9999 -9999 -9999 -9999 -9999 -9999 -9999 -9999 -9999 -9999 -9999 -9999 -9999 -9999 -9999 -9999 -9999 -9999 -9999 -9999 -9999 -9999 -9999 -9999 -9999 -9999 -9999 -9999 -9999 -9999 -9999 98.336 98.368 98.398 98.427 98.491 98.591 98.684 98.779 98.875 98.965 99.067 99.188 99.333 99.488 99.635 99.776 99.912 100.041 100.166 100.293 100.422 100.56 100.705 100.854 101.005 101.159 101.315 101.481 101.657 101.836 102.006 102.148 102.279 102.408 102.537 102.668 102.804 102.949
-9999 -9999 -9999 -9999 -9999 -9999 -9999 -9999 -9999 -9999 -9999 -9999 -9999 -9999 -9999 -9999 -9999 98.685 98.672 -9999 -9999 -9999 -9999 -9999 -9999 -9999 -9999 -9999 -9999 -9999 -9999 -9999 -9999 -9999 -9999 -9999 98.373 98.41 98.442 98.47 98.503 98.577 98.672 98.763 98.849 98.934 99.016 99.1 99.196 99.302 99.421 99.562 99.698 99.829 99.955 100.075 100.195 100.323 100.464 100.616 100.774 100.936 101.102 101.271 101.441 101.617 101.8 101.986 102.145 102.276 102.403 102.529 102.655 102.785 102.923
-9999 -9999 -9999 -9999 -9999 -9999 -9999 -9999 -9999 -9999 -9999 -9999 -9999 -9999 -9999 -9999 -9999 98.677 98.677 98.676 -9999 -9999 -9999 -9999 -9999 -9999 -9999 -9999 -9999 -9999 -9999 -9999 -9999 -9999 -9999 98.402 98.447 98.481 98.511 98.538 98.578 98.655 98.749 98.837 98.921 99.003 99.084 99.165 99.248 99.335 99.433 99.535 99.664 99.79 99.911 100.028 100.142 100.271 100.421 100.58 100.743 100.91 101.078 101.248 101.421 101.596 101.776 101.961 102.141 102.282 102.406 102.528 102.649 102.774 102.905
-9999 -9999 -9999 -9999 -9999 -9999 -9999 -9999 -9999 -9999 -9999 -9999 -9999 -9999 -9999 -9999 98.684 98.687 98.687 98.687 98.687 -9999 -9999 -9999 -9999 -9999 -9999 -9999 -9999 -9999 -9999 -9999 98.391 -9999 -9999 98.48 98.516 98.548 98.576 98.603 -9999 98.729 98.821 98.908 98.991 99.072 99.15 99.23 99.313 99.395 99.475 99.556 99.659 99.778 99.9 100.019 100.138 100.265 100.414 100.575 100.738 100.903 101.068 101.236 101.406 101.58 101.759 101.944 102.135 102.294 102.418 102.536 102.651 102.768 102.891
-9999 -9999 -9999 -9999 -9999 -9999 -9999 -9999 -9999 -9999 -9999 -9999 -9999 -9999 -9999 -9999 98.693 98.696 98.696 98.696 98.696 98.696 98.695 -9999 -9999 -9999 98.66 98.631 -9999 98.537 98.491 98.45 98.429 98.46 -9999 -9999 98.574 98.606 -9999 -9999 98.709 98.793 98.883 98.969 99.052 99.132 99.211 99.293 99.374 99.456 99.539 99.621 99.704 99.792 99.9 100.021 100.147 100.279 100.425 100.58 100.739 100.9 101.062 101.227 101.395 101.569 101.748 101.934 102.126 102.306 102.438 102.549 102.657 102.765 102.881
-9999 -9999 -9999 -9999 -9999 -9999 -9999 -9999 -9999 -9999 -9999 -9999 -9999 -9999 -9999 -9999 -9999 98.706 98.706 98.706 98.706 98.705 -9999 -9999 98.702 98.694 98.685 98.653 98.608 98.562 98.519 98.478 98.473 98.517 98.556 -9999 98.626 98.657 98.686 98.713 98.763 98.848 98.937 99.022 99.105 99.188 99.27 99.353 99.435 99.518 99.602 99.688 99.773 99.859 99.948 100.046 100.162 100.295 100.44 100.59 100.744 100.9 101.059 101.222 101.388 101.56 101.739 101.926 102.121 102.318 102.464 102.568 102.664 102.764 102.872
-9999 -9999 -9999 -9999 -9999 -9999 -9999 -9999 -9999 -9999 -9999 -9999 -9999 -9999 -9999 -9999 -9999 98.716 98.716 98.716 98.715 98.715 98.714 98.713 98.711 98.709 98.7 98.676 98.633 98.588 98.546 98.512 98.527 98.569 98.608 98.644 98.677 98.707 98.736 98.763 98.814 98.898 98.985 99.07 99.154 99.237 99.321 99.405 99.489 99.575 99.664 99.754 99.842 99.933 100.026 100.123 100.225 100.338 100.462 100.601 100.75 100.903 101.059 101.219 101.382 101.552 101.729 101.916 102.114 102.324 102.488 102.584 102.668 102.759 102.859
-9999 -9999 -9999 -9999 -9999 -9999 -9999 -9999 -9999 -9999 -9999 -9999 -9999 -9999 -9999 -9999 -9999 -9999 98.726 98.726 98.725 98.724 98.723 98.721 98.72 98.718 98.714 98.696 98.659 98.615 98.573 98.551 98.579 98.62 98.659 98.694 98.726 98.755 98.783 98.809 98.86 98.942 99.028 99.113 99.196 99.281 99.366 99.451 99.536 99.625 99.717 99.811 99.906 100.005 100.104 100.206 100.312 100.422 100.538 100.658 100.789 100.926 101.066 101.217 101.376 101.542 101.715 101.899 102.093 102.297 102.477 102.581 102.66 102.75 102.845
-9999 -9999 -9999 -9999 -9999 -9999 -9999 -9999 -9999 -9999 -9999 -9999 -9999 -9999 -9999 -9999 -9999 -9999 -9999 -9999 98.734 98.733 98.685 98.553 98.619 98.808 98.796 98.713 98.685 98.642 98.603 98.593 98.63 98.669 98.705 98.739 98.77 98.799 98.826 98.852 98.901 98.981 99.066 99.15 99.234 99.32 99.406 99.491 99.578 99.668 99.762 99.86 99.959 100.063 100.172 100.284 100.396 100.509 100.624 100.744 100.868 100.995 101.127 101.265 101.411 101.565 101.729 101.902 102.086 102.278 102.465 102.593 102.684 102.778 102.868
-9999 -9999 -9999 -9999 -9999 -9999 -9999 -9999 -9999 -9999 -9999 -9999 -9999 -9999 -9999 -9999 -9999 -9999 -9999 98.746 98.744 98.742 98.702 98.789 98.879 98.848 98.795 98.728 98.709 98.673 98.636 98.634 98.675 98.713 98.747 98.78 98.81 98.839 98.866 98.892 98.939 99.015 99.1 99.184 99.268 99.355 99.441 99.528 99.616 99.708 99.805 99.905 100.008 100.116 100.229 100.347 100.469 100.593 100.713 100.833 100.954 101.078 101.205 101.336 101.473 101.617 101.771 101.934 102.107 102.288 102.475 102.62 102.72 102.814 102.9
-9999 -9999 -9999 -9999 -9999 -9999 -9999 -9999 -9999 -9999 -9999 -9999 -9999 -9999 -9999 -9999 -9999 -9999 98.756 98.755 98.753 98.752 98.843 98.968 98.877 98.777 98.702 98.586 98.596 98.633 98.62 98.687 98.699 98.676 98.712 98.817 98.847 98.875 98.903 98.929 98.973 99.045 99.129 99.213 99.298 99.385 99.473 99.56 99.65 99.743 99.842 99.95 100.059 100.171 100.287 100.407 100.53 100.658 100.791 100.919 101.041 101.161 101.282 101.406 101.535 101.671 101.815 101.969 102.133 102.306 102.49 102.649 102.759 102.849 102.928
-9999 -9999 -9999 -9999 -9999 -9999 -9999 -9999 -9999 -9999 -9999 -9999 -9999 -9999 -9999 -9999 -9999 98.765 98.767 98.765 98.763 98.761 98.794 98.678 98.66 98.755 98.713 98.767 98.794 98.776 98.78 98.716 98.724 98.744 98.819 98.851 98.88 98.909 98.936 98.963 99.004 99.07 99.154 99.238 99.324 99.412 99.5 99.588 99.682 99.781 99.885 99.994 100.108 100.223 100.34 100.461 100.587 100.717 100.851 100.988 101.122 101.243 101.357 101.474 101.595 101.722 101.858 102.003 102.158 102.324 102.503 102.67 102.788 102.88 102.957
-9999 -9999 -9999 -9999 -9999 -9999 -9999 -9999 -9999 -9999 -9999 -9999 -9999 -9999 -9999 98.762 98.769 98.774 98.776 98.775 98.772 98.77 98.715 98.716 98.77 98.778 98.808 98.819 98.851 98.918 98.834 98.752 98.786 98.822 98.853 98.883 98.912 98.939 98.967 98.994 99.031 99.092 99.175 99.259 99.346 99.435 99.526 99.62 99.718 99.819 99.925 100.036 100.151 100.27 100.388 100.51 100.637 100.77 100.906 101.045 101.182 101.315 101.43 101.539 101.652 101.772 101.9 102.037 102.185 102.345 102.521 102.691 102.811 102.898 102.982
-9999 -9999 -9999 -9999 -9999 -9999 -9999 -9999 -9999 -9999 -9999 -9999 -9999 -9999 98.887 98.771 98.777 98.78 -9999 -9999 -9999 -9999 98.778 98.778 98.789 98.806 98.804 98.798 98.853 98.899 98.822 98.783 98.821 98.853 98.884 98.913 98.941 98.968 98.995 99.022 99.054 99.109 99.192 99.277 99.366 99.461 99.556 99.653 99.752 99.854 99.961 100.072 100.189 100.309 100.43 100.553 100.681 100.816 100.956 101.098 101.236 101.364 101.489 101.6 101.706 101.819 101.941 102.073 102.215 102.371 102.544 102.716 102.835 102.914 102.997
-9999 -9999 -9999 -9999 -9999 -9999 -9999 -9999 -9999 -9999 -9999 -9999 -9999 -9999 98.809 98.768 98.776 -9999 -9999 -9999 -9999 -9999 98.786 98.786 98.808 98.835 98.809 98.771 98.794 98.776 98.753 98.806 98.848 98.883 98.913 98.944 98.968 98.995 99.021 99.048 99.076 99.128 99.206 99.295 99.392 99.489 99.585 99.682 99.782 99.885 99.992 100.105 100.221 100.342 100.465 100.588 100.717 100.853 100.995 101.144 101.286 101.406 101.519 101.642 101.755 101.864 101.982 102.109 102.248 102.402 102.572 102.743 102.861 102.935 102.988
-9999 -9999 -9999 -9999 -9999 -9999 -9999 -9999 -9999 -9999 -9999 -9999 -9999 -9999 -9999 -9999 98.771 -9999 -9999 -9999 -9999 -9999 98.799 98.796 98.807 98.785 98.767 98.771 98.776 98.82 98.832 98.818 98.861 98.899 98.933 98.959 98.987 99.014 99.041 99.069 99.097 99.145 99.223 99.32 99.418 99.515 99.61 99.708 99.809 99.912 100.02 100.132 100.249 100.369 100.493 100.617 100.745 100.879 101.019 101.163 101.304 101.425 101.535 101.654 101.786 101.906 102.021 102.144 102.28 102.429 102.595 102.759 102.872 102.925 102.942
-9999 -9999 -9999 -9999 -9999 -9999 -9999 -9999 -9999 -9999 -9999 -9999 -9999 -9999 -9999 -9999 -9999 -9999 -9999 -9999 -9999 -9999 98.806 98.808 98.795 98.792 98.779 98.739 98.772 98.809 98.792 98.823 98.865 98.905 98.941 98.974 99.001 99.028 99.056 99.084 99.115 99.164 99.24 99.34 99.441 99.538 99.634 99.732 99.833 99.937 100.045 100.156 100.272 100.391 100.515 100.639 100.765 100.895 101.029 101.165 101.299 101.422 101.539 101.66 101.791 101.935 102.058 102.178 102.31 102.455 102.617 102.773 102.857 102.879 102.868
-9999 -9999 -9999 -9999 -9999 -9999 -9999 -9999 -9999 -9999 -9999 -9999 -9999 -9999 -9999 -9999 -9999 -9999 -9999 -9999 -9999 -9999 -9999 98.81 98.806 98.801 98.79 98.82 98.827 98.786 98.793 98.824 98.867 98.907 98.945 98.98 99.013 99.041 99.069 99.099 99.139 99.186 99.257 99.354 99.453 99.551 99.651 99.753 99.854 99.958 100.066 100.177 100.291 100.409 100.532 100.655 100.778 100.904 101.033 101.164 101.293 101.418 101.539 101.663 101.794 101.936 102.085 102.213 102.341 102.484 102.639 102.763 102.824 102.814 102.784
-9999 -9999 -9999 -9999 -9999 -9999 -9999 -9999 -9999 -9999 -9999 -9999 -9999 -9999 -9999 -9999 -9999 -9999 -9999 -9999 -9999 -9999 98.808 98.81 98.805 98.801 98.815 98.813 98.79 98.786 98.796 98.834 98.867 98.906 98.944 98.981 99.016 99.049 99.083 99.122 99.165 99.211 99.276 99.361 99.458 99.557 99.658 99.761 99.868 99.977 100.084 100.194 100.307 100.423 100.545 100.667 100.787 100.912 101.039 101.167 101.293 101.417 101.54 101.665 101.796 101.937 102.091 102.242 102.376 102.504 102.635 102.739 102.768 102.745 102.703
-9999 -9999 -9999 -9999 -9999 -9999 -9999 -9999 -9999 -9999 -9999 -9999 -9999 -9999 -9999 -9999 -9999 -9999 -9999 -9999 -9999 -9999 98.808 98.809 98.805 98.801 98.798 98.794 98.79 98.787 98.797 98.819 98.863 98.905 98.942 98.979 99.015 99.052 99.096 99.143 99.189 99.236 99.292 99.365 99.461 99.558 99.658 99.762 99.871 99.982 100.098 100.209 100.32 100.435 100.555 100.678 100.801 100.924 101.049 101.174 101.297 101.419 101.542 101.668 101.799 101.94 102.092 102.255 102.388 102.503 102.62 102.705 102.71 102.673 102.626
-9999 -9999 -9999 -9999 -9999 -9999 -9999 -9999 -9999 -9999 -9999 -9999 -9999 -9999 -9999 -9999 -9999 -9999 -9999 -9999 -9999 -9999 98.807 98.809 98.805 98.802 98.798 98.794 98.791 98.787 98.787 98.807 98.855 98.9 98.938 98.975 99.012 99.056 99.106 99.156 99.206 99.257 99.309 99.376 99.46 99.556 99.655 99.758 99.866 99.979 100.096 100.217 100.332 100.446 100.568 100.695 100.819 100.941 101.062 101.184 101.304 101.425 101.548 101.673 101.805 101.94 102.078 102.226 102.376 102.49 102.602 102.661 102.649 102.602 102.554
-9999 -9999 -9999 -9999 -9999 -9999 -9999 -9999 -9999 -9999 -9999 -9999 -9999 -9999 -9999 -9999 -9999 -9999 -9999 -9999 -9999 -9999 -9999 98.809 98.805 98.802 98.799 98.795 98.791 98.787 98.783 98.801 98.844 98.891 98.934 98.97 99.011 99.061 99.112 99.162 99.215 99.268 99.321 99.381 99.456 99.552 99.65 99.752 99.858 99.97 100.086 100.206 100.334 100.461 100.587 100.716 100.839 100.958 101.077 101.196 101.315 101.434 101.555 101.673 101.793 101.919 102.051 102.189 102.341 102.476 102.579 102.618 102.584 102.535 102.487
-9999 -9999 -9999 -9999 -9999 -9999 -9999 -9999 -9999 -9999 -9999 -9999 -9999 -9999 -9999 -9999 -9999 -9999 -9999 -9999 -9999 -9999 -9999 98.806 98.806 98.803 98.8 98.796 98.791 98.787 98.783 98.795 98.829 98.878 98.923 98.966 99.015 99.065 99.115 99.166 99.219 99.272 99.324 99.38 99.45 99.536 99.636 99.74 99.848 99.959 100.073 100.195 100.328 100.47 100.608 100.738 100.861 100.977 101.093 101.206 101.318 101.429 101.542 101.657 101.772 101.891 102.018 102.154 102.303 102.452 102.549 102.568 102.522 102.473 102.423
-9999 -9999 -9999 -9999 -9999 -9999 -9999 -9999 -9999 -9999 -9999 -9999 -9999 -9999 -9999 -9999 -9999 -9999 -9999 -9999 -9999 -9999 98.792 98.802 98.804 98.804 98.801 98.796 98.791 98.787 98.783 98.787 98.813 98.861 98.909 98.962 99.017 99.067 99.118 99.169 99.221 99.271 99.323 99.378 99.44 99.516 99.611 99.714 99.821 99.932 100.048 100.179 100.316 100.459 100.606 100.745 100.867 100.978 101.089 101.199 101.306 101.414 101.523 101.633 101.747 101.866 101.991 102.125 102.269 102.412 102.507 102.514 102.465 102.414 102.364
-9999 -9999 -9999 -9999 -9999 -9999 -9999 -9999 -9999 -9999 -9999 -9999 -9999 -9999 -9999 -9999 -9999 -9999 -9999 -9999 -9999 -9999 98.787 98.794 98.797 98.799 98.798 98.794 98.789 98.785 98.781 98.78 98.799 98.842 98.894 98.955 99.013 99.068 99.118 99.169 99.219 99.269 99.321 99.375 99.433 99.5 99.578 99.68 99.786 99.898 100.02 100.156 100.295 100.435 100.579 100.726 100.858 100.97 101.078 101.185 101.291 101.397 101.505 101.614 101.727 101.845 101.969 102.1 102.229 102.36 102.454 102.46 102.412 102.361 102.309
-9999 -9999 -9999 -9999 -9999 -9999 -9999 -9999 -9999 -9999 -9999 -9999 -9999 -9999 -9999 -9999 -9999 -9999 -9999 -9999 -9999 -9999 98.778 98.782 98.787 98.791 98.791 98.788 98.784 98.78 98.777 98.775 98.789 98.823 98.881 98.943 99.004 99.062 99.117 99.165 99.214 99.263 99.315 99.37 99.427 99.486 99.558 99.644 99.749 99.866 100.0 100.134 100.27 100.408 100.549 100.694 100.837 100.96 101.068 101.173 101.279 101.384 101.491 101.6 101.712 101.829 101.95 102.068 102.188 102.309 102.401 102.41 102.363 102.312 102.259
-9999 -9999 -9999 -9999 -9999 -9999 -9999 -9999 -9999 -9999 -9999 -9999 -9999 -9999 -9999 -9999 -9999 -9999 -9999 -9999 -9999 98.759 98.766 98.77 98.775 98.778 98.779 98.778 98.776 98.773 98.771 98.769 98.777 98.812 98.872 98.926 98.986 99.045 99.1 99.153 99.202 99.251 99.303 99.357 99.414 99.472 99.534 99.611 99.71 99.843 99.978 100.111 100.246 100.382 100.522 100.664 100.805 100.943 101.06 101.165 101.269 101.374 101.481 101.589 101.701 101.814 101.924 102.034 102.146 102.253 102.339 102.359 102.32 102.268 102.214
-9999 -9999 -9999 -9999 -9999 -9999 -9999 -9999 -9999 -9999 -9999 -9999 -9999 -9999 -9999 -9999 -9999 -9999 -9999 -9999 98.74 98.749 98.753 98.757 98.761 98.764 98.766 98.766 98.766 98.765 98.774 98.799 98.766 98.699 98.756 98.903 98.963 99.02 99.076 99.13 99.183 99.235 99.286 99.34 99.397 99.455 99.514 99.584 99.687 99.812 99.947 100.082 100.22 100.357 100.495 100.637 100.776 100.912 101.048 101.16 101.264 101.368 101.475 101.583 101.689 101.792 101.896 102.0 102.11 102.203 102.273 102.307 102.281 102.23 102.158
-9999 -9999 -9999 -9999 -9999 -9999 -9999 -9999 -9999 -9999 -9999 -9999 -9999 -9999 -9999 -9999 -9999 -9999 98.715 98.725 98.732 98.736 98.74 98.744 98.748 98.75 98.752 98.755 98.772 98.792 98.786 98.784 98.731 98.726 98.813 98.875 98.934 98.992 99.048 99.103 99.158 99.213 99.268 99.322 99.378 99.436 99.497 99.574 99.673 99.784 99.909 100.045 100.184 100.325 100.468 100.61 100.747 100.881 101.019 101.147 101.255 101.36 101.465 101.567 101.668 101.768 101.868 101.971 102.075 102.156 102.213 102.258 102.238 102.166 102.087
