Validation/Results/raw data/ReClimate_06_2024_2_Temperatureweatherlogisticsltd.asc
NCOLS 192
NROWS 249
XLLCENTER -225160.85627316462
YLLCENTER 29788.11610251502
CELLSIZE 5000.0
NODATA_VALUE -9999
[rows 102 to 135 of 249, columns 75 to 149 of 192]
-1.082 -1.096 -1.104 -1.113 -1.129 -1.138 -9999 -9999 -1.152 -9999 -9999 -1.161 -1.156 -1.146 -1.132 -1.117 -1.116 -1.118 -1.115 -1.113 -1.101 -1.089 -1.086 -1.083 -1.075 -1.067 -1.065 -1.063 -1.062 -1.061 -1.045 -1.026 -1.021 -1.016 -1.006 -0.996 -0.98 -0.962 -0.957 -0.954 -0.954 -0.955 -9999 -9999 -9999 -9999 -9999 -9999 -9999 -9999 -9999 -9999 -9999 -9999 -9999 -9999 -9999 -9999 -9999 -9999 -9999 -9999 -9999 -9999 -9999 -9999 -9999 -9999 -9999 -9999 -9999 -9999 -9999 -9999 -9999
-1.079 -1.082 -1.092 -1.103 -9999 -9999 -9999 -1.132 -1.146 -1.159 -1.164 -1.164 -1.165 -1.163 -1.151 -1.136 -1.135 -1.133 -1.131 -1.131 -1.12 -1.106 -1.105 -1.107 -1.099 -1.087 -1.084 -1.077 -1.071 -1.058 -1.043 -1.031 -1.028 -1.03 -1.02 -1.006 -0.993 -9999 -9999 -0.99 -9999 -9999 -9999 -9999 -9999 -9999 -9999 -9999 -9999 -9999 -9999 -9999 -9999 -9999 -9999 -9999 -9999 -9999 -9999 -9999 -9999 -9999 -9999 -9999 -9999 -9999 -9999 -9999 -9999 -9999 -9999 -9999 -9999 -9999 -9999
-1.064 -1.068 -9999 -1.09 -9999 -9999 -9999 -1.127 -1.138 -1.146 -1.153 -1.155 -1.161 -1.167 -1.16 -1.148 -1.146 -1.145 -1.145 -1.146 -1.134 -1.12 -1.122 -1.124 -1.113 -1.102 -1.096 -1.089 -1.076 -1.062 -1.051 -1.039 -1.04 -1.041 -1.029 -1.016 -9999 -0.994 -0.998 -1.006 -0.992 -9999 -9999 -9999 -9999 -9999 -9999 -9999 -9999 -9999 -9999 -9999 -9999 -9999 -9999 -9999 -9999 -9999 -9999 -9999 -9999 -9999 -9999 -9999 -9999 -9999 -9999 -9999 -9999 -9999 -9999 -9999 -9999 -9999 -9999
-1.051 -9999 -9999 -9999 -9999 -1.094 -1.102 -1.114 -1.125 -1.138 -1.143 -1.139 -1.147 -1.158 -1.154 -1.144 -1.14 -1.129 -1.137 -1.16 -1.148 -1.133 -1.128 -1.115 -1.11 -1.119 -1.111 -1.101 -1.091 -1.084 -1.073 -1.058 -1.056 -1.048 -9999 -1.04 -1.029 -1.014 -1.013 -1.009 -1.006 -9999 -9999 -9999 -9999 -9999 -9999 -9999 -9999 -9999 -9999 -9999 -9999 -9999 -9999 -9999 -9999 -9999 -9999 -9999 -9999 -9999 -9999 -9999 -9999 -9999 -9999 -9999 -9999 -9999 -9999 -9999 -9999 -9999 -9999
-9999 -9999 -9999 -9999 -9999 -1.081 -1.089 -1.1 -1.113 -1.126 -1.128 -1.124 -1.134 -1.145 -1.142 -1.136 -1.133 -1.125 -1.145 -1.169 -1.159 -1.146 -1.133 -1.119 -1.125 -1.132 -1.123 -1.112 -1.106 -1.1 -1.087 -1.072 -1.066 -1.058 -1.057 -1.056 -1.043 -1.028 -1.02 -1.015 -1.012 -1.005 -9999 -9999 -9999 -9999 -9999 -9999 -9999 -9999 -9999 -9999 -9999 -9999 -9999 -9999 -9999 -9999 -9999 -9999 -9999 -9999 -9999 -9999 -9999 -9999 -9999 -9999 -9999 -9999 -9999 -9999 -9999 -9999 -9999
-9999 -9999 -9999 -9999 -1.061 -9999 -9999 -1.087 -1.1 -1.114 -1.114 -1.105 -9999 -9999 -1.126 -1.132 -1.135 -1.14 -1.158 -1.163 -1.155 -1.148 -1.146 -1.156 -1.159 -1.156 -1.149 -1.141 -1.129 -1.103 -1.093 -1.085 -1.075 -1.061 -1.063 -1.075 -1.062 -1.046 -1.038 -1.028 -1.027 -1.027 -1.02 -9999 -9999 -9999 -9999 -9999 -9999 -9999 -9999 -9999 -9999 -9999 -9999 -9999 -9999 -9999 -9999 -9999 -9999 -9999 -9999 -9999 -9999 -9999 -9999 -9999 -9999 -9999 -9999 -9999 -9999 -9999 -9999
-9999 -9999 -9999 -9999 -1.049 -9999 -1.063 -1.074 -1.087 -1.1 -1.099 -1.09 -1.1 -1.111 -1.118 -1.125 -1.134 -1.143 -1.154 -1.162 -1.157 -1.151 -1.16 -1.171 -1.169 -1.166 -1.16 -1.153 -1.131 -1.106 -1.099 -1.091 -1.078 -1.063 -1.072 -1.084 -1.071 -1.056 -1.047 -1.038 -1.038 -1.039 -9999 -9999 -9999 -9999 -9999 -9999 -9999 -9999 -9999 -9999 -9999 -9999 -9999 -9999 -9999 -9999 -9999 -9999 -9999 -9999 -9999 -9999 -9999 -9999 -9999 -9999 -9999 -9999 -9999 -9999 -9999 -9999 -9999
-9999 -9999 -9999 -9999 -1.036 -9999 -1.049 -1.06 -1.071 -1.08 -1.081 -9999 -1.094 -1.11 -9999 -1.119 -1.131 -1.148 -1.159 -1.161 -1.164 -1.17 -1.171 -1.158 -1.16 -1.174 -1.169 -1.164 -1.146 -1.127 -1.118 -1.104 -1.093 -1.081 -1.09 -1.1 -1.084 -1.058 -9999 -9999 -9999 -9999 -9999 -9999 -9999 -9999 -9999 -9999 -9999 -9999 -9999 -9999 -9999 -9999 -9999 -9999 -9999 -9999 -9999 -9999 -9999 -9999 -9999 -9999 -9999 -9999 -9999 -9999 -9999 -9999 -9999 -9999 -9999 -9999 -9999
-9999 -9999 -1.004 -1.014 -9999 -9999 -1.035 -1.045 -1.055 -1.064 -1.07 -1.073 -1.089 -1.105 -9999 -1.113 -1.129 -1.146 -1.153 -1.158 -1.17 -1.179 -1.168 -1.155 -1.166 -1.179 -1.175 -1.17 -1.155 -1.137 -1.125 -1.112 -1.102 -1.092 -1.099 -1.109 -1.085 -9999 -9999 -9999 -9999 -9999 -9999 -9999 -9999 -9999 -9999 -9999 -9999 -9999 -9999 -9999 -9999 -9999 -9999 -9999 -9999 -9999 -9999 -9999 -9999 -9999 -9999 -9999 -9999 -9999 -9999 -9999 -9999 -9999 -9999 -9999 -9999 -9999 -9999
-9999 -0.979 -0.99 -1.0 -9999 -1.015 -1.024 -1.025 -1.039 -9999 -1.073 -1.087 -1.099 -1.101 -9999 -1.123 -1.136 -1.142 -1.152 -1.163 -1.174 -1.173 -1.169 -1.17 -1.175 -1.173 -1.173 -1.18 -9999 -1.153 -1.147 -1.145 -1.135 -1.116 -1.117 -1.105 -9999 -9999 -9999 -9999 -9999 -9999 -9999 -9999 -9999 -9999 -9999 -9999 -9999 -9999 -9999 -9999 -9999 -9999 -9999 -9999 -9999 -9999 -9999 -9999 -9999 -9999 -9999 -9999 -9999 -9999 -9999 -9999 -9999 -9999 -9999 -9999 -9999 -9999 -9999
-9999 -0.965 -0.975 -9999 -9999 -1.002 -1.007 -1.014 -9999 -1.053 -1.071 -1.088 -1.092 -1.095 -9999 -1.123 -1.131 -1.138 -1.15 -1.162 -1.168 -1.17 -1.177 -1.178 -1.176 -1.173 -1.179 -1.185 -1.174 -1.161 -9999 -9999 -1.146 -1.128 -9999 -9999 -9999 -9999 -9999 -9999 -1.057 -1.048 -1.049 -9999 -9999 -9999 -9999 -9999 -9999 -9999 -9999 -9999 -9999 -9999 -9999 -9999 -9999 -9999 -9999 -9999 -9999 -9999 -9999 -9999 -9999 -9999 -9999 -9999 -9999 -9999 -9999 -9999 -9999 -9999 -9999
-0.946 -0.957 -9999 -9999 -0.976 -0.988 -0.999 -1.019 -9999 -1.048 -1.064 -1.066 -1.073 -1.084 -9999 -9999 -9999 -1.144 -1.154 -1.155 -1.165 -1.183 -1.188 -1.181 -1.177 -1.173 -1.173 -1.167 -1.162 -1.17 -1.164 -1.147 -1.142 -1.151 -9999 -9999 -9999 -9999 -9999 -1.088 -1.073 -1.07 -1.072 -1.067 -9999 -9999 -9999 -9999 -9999 -9999 -9999 -9999 -9999 -9999 -9999 -9999 -9999 -9999 -9999 -9999 -9999 -9999 -9999 -9999 -9999 -9999 -9999 -9999 -9999 -9999 -9999 -9999 -9999 -9999 -9999
-0.936 -0.941 -9999 -9999 -9999 -0.972 -0.991 -1.013 -9999 -1.039 -9999 -1.052 -1.065 -1.076 -9999 -1.097 -1.12 -1.143 -9999 -1.15 -1.168 -1.186 -1.187 -1.182 -1.18 -1.176 -1.17 -1.163 -1.169 -1.176 -1.162 -1.147 -1.156 -1.167 -1.158 -1.143 -1.145 -9999 -1.127 -1.104 -1.098 -1.089 -1.08 -1.067 -1.033 -1.0 -9999 -9999 -9999 -9999 -9999 -9999 -9999 -9999 -9999 -9999 -9999 -9999 -9999 -9999 -9999 -9999 -9999 -9999 -9999 -9999 -9999 -9999 -9999 -9999 -9999 -9999 -9999 -9999 -9999
-0.917 -9999 -9999 -9999 -9999 -0.957 -0.975 -0.99 -9999 -1.029 -9999 -1.05 -1.067 -9999 -1.089 -1.103 -1.12 -1.128 -1.138 -1.156 -1.172 -1.182 -1.185 -1.19 -1.191 -1.183 -1.179 -1.177 -1.177 -1.166 -1.159 -1.162 -1.174 -1.191 -1.184 -1.175 -1.175 -1.163 -1.15 -1.132 -1.118 -1.09 -1.071 -1.042 -1.011 -0.983 -0.951 -0.902 -0.845 -9999 -9999 -9999 -9999 -9999 -9999 -9999 -9999 -9999 -9999 -9999 -9999 -9999 -9999 -9999 -9999 -9999 -9999 -9999 -9999 -9999 -9999 -9999 -9999 -9999 -9999
-0.901 -9999 -9999 -9999 -9999 -0.94 -0.955 -0.971 -0.993 -9999 -9999 -1.044 -1.062 -9999 -1.087 -1.102 -1.111 -1.119 -1.137 -1.156 -1.168 -1.178 -1.185 -1.192 -1.193 -1.189 -1.188 -1.189 -1.18 -1.17 -1.173 -1.176 -1.191 -1.208 -1.203 -1.196 -1.188 -1.179 -1.165 -1.138 -1.111 -1.083 -1.056 -1.026 -1.001 -0.973 -0.943 -0.905 -0.858 -0.831 -9999 -9999 -9999 -9999 -9999 -9999 -9999 -9999 -9999 -9999 -9999 -9999 -9999 -9999 -9999 -9999 -9999 -9999 -9999 -9999 -9999 -9999 -9999 -9999 -9999
-9999 -9999 -9999 -9999 -9999 -0.926 -0.94 -0.953 -0.978 -9999 -9999 -1.039 -1.057 -9999 -9999 -1.1 -1.113 -1.13 -1.146 -1.156 -1.168 -1.18 -1.19 -1.2 -1.206 -1.207 -1.21 -1.211 -1.207 -1.204 -1.212 -1.227 -1.236 -1.232 -1.225 -1.212 -1.203 -1.185 -1.159 -1.132 -1.102 -1.062 -1.041 -1.031 -1.005 -0.975 -0.943 -0.903 -0.868 -0.834 -9999 -9999 -9999 -9999 -9999 -9999 -9999 -9999 -9999 -9999 -9999 -9999 -9999 -9999 -9999 -9999 -9999 -9999 -9999 -9999 -9999 -9999 -9999 -9999 -9999
-9999 -9999 -9999 -9999 -9999 -0.909 -0.921 -0.939 -9999 -9999 -9999 -9999 -1.049 -9999 -1.079 -1.096 -1.114 -1.131 -1.142 -1.152 -1.166 -1.179 -1.19 -1.203 -1.214 -1.218 -1.224 -1.227 -1.226 -1.224 -1.238 -1.253 -1.251 -1.248 -1.238 -1.224 -1.206 -1.177 -1.152 -1.125 -1.089 -1.049 -1.037 -1.027 -0.999 -0.968 -0.936 -0.901 -0.871 -0.838 -0.786 -9999 -9999 -9999 -9999 -9999 -9999 -9999 -9999 -9999 -9999 -9999 -9999 -9999 -9999 -9999 -9999 -9999 -9999 -9999 -9999 -9999 -9999 -9999 -9999
-9999 -9999 -9999 -0.876 -0.886 -0.9 -0.916 -9999 -9999 -0.983 -9999 -9999 -9999 -9999 -1.077 -1.076 -1.097 -1.126 -1.141 -1.161 -1.169 -1.161 -1.177 -1.2 -1.209 -1.209 -1.219 -1.225 -1.231 -1.252 -1.259 -1.255 -1.253 -1.249 -1.238 -1.218 -1.188 -1.156 -1.131 -1.106 -1.073 -1.044 -1.03 -1.015 -0.987 -0.958 -0.933 -0.915 -0.884 -0.844 -0.796 -9999 -9999 -9999 -9999 -9999 -9999 -9999 -9999 -9999 -9999 -9999 -9999 -9999 -9999 -9999 -9999 -9999 -9999 -9999 -9999 -9999 -9999 -9999 -9999
-9999 -9999 -9999 -9999 -0.865 -0.882 -0.902 -9999 -0.951 -0.97 -0.999 -9999 -9999 -9999 -9999 -1.065 -1.092 -1.12 -1.141 -1.162 -1.16 -1.156 -1.179 -1.202 -1.208 -1.211 -1.225 -1.232 -1.249 -1.27 -1.268 -1.264 -1.261 -1.255 -1.236 -1.207 -1.177 -1.144 -1.12 -1.095 -1.068 -1.04 -1.024 -1.008 -0.981 -0.951 -0.934 -0.916 -0.881 -0.842 -0.8 -0.712 -9999 -9999 -9999 -9999 -9999 -9999 -9999 -9999 -9999 -9999 -9999 -9999 -9999 -9999 -9999 -9999 -9999 -9999 -9999 -9999 -9999 -9999 -9999
-9999 -9999 -9999 -9999 -0.854 -0.869 -0.887 -9999 -0.926 -0.962 -0.993 -9999 -9999 -9999 -9999 -9999 -1.096 -1.129 -1.149 -1.164 -1.173 -1.186 -1.205 -1.211 -1.223 -1.243 -1.256 -1.257 -1.271 -1.281 -1.283 -1.293 -1.285 -1.257 -1.232 -1.212 -1.183 -1.152 -1.128 -1.102 -1.076 -1.048 -1.024 -0.985 -0.958 -0.934 -0.917 -0.904 -0.872 -0.841 -0.799 -0.723 -0.621 -9999 -9999 -9999 -9999 -9999 -9999 -9999 -9999 -9999 -9999 -9999 -9999 -9999 -9999 -9999 -9999 -9999 -9999 -9999 -9999 -9999 -9999
-9999 -9999 -9999 -9999 -0.816 -0.846 -9999 -9999 -0.905 -0.947 -0.974 -0.987 -9999 -9999 -9999 -9999 -9999 -1.13 -1.147 -1.167 -1.185 -1.2 -1.21 -1.218 -1.238 -1.259 -1.271 -1.275 -1.283 -1.293 -1.302 -1.311 -1.29 -1.251 -1.231 -1.211 -1.183 -1.153 -1.128 -1.103 -1.077 -1.048 -1.012 -0.973 -0.949 -0.924 -0.909 -0.894 -0.866 -0.836 -0.793 -0.721 -0.621 -0.528 -0.423 -9999 -9999 -9999 -9999 -9999 -9999 -9999 -9999 -9999 -9999 -9999 -9999 -9999 -9999 -9999 -9999 -9999 -9999 -9999 -9999
-9999 -9999 -9999 -9999 -0.78 -0.804 -9999 -9999 -0.882 -0.917 -0.942 -9999 -9999 -9999 -9999 -9999 -9999 -1.129 -1.151 -1.174 -1.189 -1.196 -1.21 -1.228 -1.247 -1.263 -1.279 -1.293 -1.302 -1.311 -1.317 -1.314 -1.279 -1.24 -1.217 -1.191 -1.167 -1.15 -1.126 -1.101 -1.078 -1.058 -1.021 -0.975 -0.949 -0.919 -0.898 -0.867 -0.837 -0.806 -0.736 -0.659 -0.575 -0.483 -0.388 -9999 -9999 -9999 -9999 -9999 -9999 -9999 -9999 -9999 -9999 -9999 -9999 -9999 -9999 -9999 -9999 -9999 -9999 -9999 -9999
-9999 -9999 -9999 -9999 -0.738 -0.764 -9999 -9999 -9999 -0.894 -0.917 -0.934 -9999 -9999 -9999 -9999 -9999 -1.129 -1.155 -1.178 -1.19 -1.198 -1.217 -1.236 -1.253 -1.269 -1.292 -1.307 -1.317 -1.325 -1.324 -1.308 -1.272 -1.234 -1.208 -1.181 -1.164 -1.147 -1.123 -1.097 -1.078 -1.059 -1.018 -0.972 -0.944 -0.913 -0.883 -0.851 -0.815 -0.751 -0.669 -0.587 -0.505 -0.425 -0.337 -9999 -9999 -9999 -9999 -9999 -9999 -9999 -9999 -9999 -9999 -9999 -9999 -9999 -9999 -9999 -9999 -9999 -9999 -9999 -9999
-9999 -9999 -9999 -0.679 -0.7 -0.729 -9999 -9999 -9999 -9999 -9999 -9999 -9999 -9999 -9999 -9999 -9999 -1.139 -1.164 -1.172 -1.187 -1.205 -1.226 -1.249 -1.269 -1.291 -1.312 -1.322 -1.333 -1.342 -1.329 -1.293 -1.259 -1.229 -1.206 -1.186 -1.165 -1.136 -1.115 -1.101 -1.082 -1.062 -1.023 -0.98 -0.956 -0.939 -0.908 -0.863 -0.79 -0.703 -0.623 -0.543 -0.462 -0.386 -0.312 -0.239 -9999 -9999 -9999 -9999 -9999 -9999 -9999 -9999 -9999 -9999 -9999 -9999 -9999 -9999 -9999 -9999 -9999 -9999 -9999
-9999 -9999 -0.62 -0.64 -0.662 -0.691 -9999 -9999 -9999 -9999 -9999 -9999 -9999 -9999 -9999 -1.049 -1.097 -1.14 -1.159 -1.173 -1.194 -1.212 -1.236 -1.259 -1.283 -1.306 -1.324 -1.334 -1.347 -1.352 -1.321 -1.285 -1.255 -1.226 -1.206 -1.187 -1.159 -1.13 -1.114 -1.099 -1.08 -1.06 -1.021 -0.979 -0.961 -0.944 -0.902 -0.822 -0.733 -0.651 -0.571 -0.494 -0.418 -0.344 -0.273 -0.188 -9999 -9999 -9999 -9999 -9999 -9999 -9999 -9999 -9999 -9999 -9999 -9999 -9999 -9999 -9999 -9999 -9999 -9999 -9999
-9999 -9999 -0.583 -0.6 -0.629 -9999 -9999 -9999 -9999 -9999 -9999 -9999 -9999 -9999 -9999 -1.044 -1.091 -1.134 -1.161 -1.189 -1.215 -1.232 -1.252 -1.263 -1.29 -1.323 -1.339 -1.345 -1.356 -1.346 -1.314 -1.291 -1.262 -1.232 -1.206 -1.167 -1.145 -1.135 -1.117 -1.096 -1.072 -1.039 -1.006 -0.982 -0.96 -0.925 -0.851 -0.76 -0.676 -0.605 -0.529 -0.461 -0.393 -0.323 -0.239 -0.171 -9999 -9999 -9999 -9999 -9999 -9999 -9999 -9999 -9999 -9999 -9999 -9999 -9999 -9999 -9999 -9999 -9999 -9999 -9999
-9999 -9999 -9999 -9999 -9999 -9999 -9999 -9999 -9999 -9999 -9999 -9999 -9999 -9999 -9999 -1.042 -1.085 -1.129 -1.163 -1.195 -1.221 -1.244 -1.261 -1.272 -1.303 -1.336 -1.349 -1.357 -1.361 -1.34 -1.314 -1.291 -1.262 -1.232 -1.198 -1.159 -1.146 -1.134 -1.113 -1.092 -1.061 -1.027 -1.003 -0.978 -0.946 -0.884 -0.795 -0.704 -0.628 -0.559 -0.489 -0.423 -0.357 -0.288 -0.203 -0.128 -9999 -9999 -9999 -9999 -9999 -9999 -9999 -9999 -9999 -9999 -9999 -9999 -9999 -9999 -9999 -9999 -9999 -9999 -9999
-9999 -9999 -9999 -9999 -9999 -9999 -9999 -9999 -9999 -9999 -9999 -9999 -9999 -9999 -0.986 -1.036 -1.08 -1.122 -1.156 -1.189 -1.219 -1.247 -1.272 -1.301 -1.326 -1.34 -1.358 -1.379 -1.373 -1.334 -1.309 -1.291 -1.26 -1.226 -1.199 -1.179 -1.161 -1.131 -1.107 -1.079 -1.048 -1.014 -0.985 -0.948 -0.902 -0.835 -0.747 -0.664 -0.592 -0.523 -0.45 -0.383 -0.322 -0.251 -0.171 -0.084 -9999 -9999 -9999 -9999 -9999 -9999 -9999 -9999 -9999 -9999 -9999 -9999 -9999 -9999 -9999 -9999 -9999 -9999 -9999
-9999 -9999 -9999 -9999 -9999 -9999 -9999 -9999 -9999 -9999 -9999 -9999 -9999 -9999 -0.975 -1.03 -1.074 -1.117 -1.152 -1.186 -1.217 -1.247 -1.281 -1.313 -1.334 -1.349 -1.374 -1.393 -1.371 -1.331 -1.309 -1.289 -1.256 -1.222 -1.203 -1.184 -1.156 -1.126 -1.099 -1.071 -1.039 -1.006 -0.971 -0.922 -0.855 -0.786 -0.701 -0.623 -0.551 -0.484 -0.414 -0.345 -0.282 -0.211 -0.13 -0.059 -9999 -9999 -9999 -9999 -9999 -9999 -9999 -9999 -9999 -9999 -9999 -9999 -9999 -9999 -9999 -9999 -9999 -9999 -9999
-9999 -9999 -9999 -9999 -9999 -9999 -9999 -9999 -9999 -9999 -9999 -9999 -9999 -0.909 -0.969 -1.018 -1.065 -1.109 -1.149 -1.192 -1.225 -1.256 -1.291 -1.325 -1.345 -1.354 -1.381 -1.385 -1.363 -1.346 -1.317 -1.279 -1.247 -1.217 -1.195 -1.171 -1.146 -1.126 -1.101 -1.076 -1.046 -1.013 -0.975 -0.902 -0.826 -0.74 -0.66 -0.594 -0.521 -0.454 -0.385 -0.314 -0.245 -0.168 -0.097 -0.022 0.031 -9999 -9999 -9999 -9999 -9999 -9999 -9999 -9999 -9999 -9999 -9999 -9999 -9999 -9999 -9999 -9999 -9999 -9999
-9999 -9999 -9999 -9999 -9999 -9999 -9999 -9999 -9999 -9999 -9999 -9999 -0.842 -0.899 -0.956 -1.007 -1.06 -1.105 -1.149 -1.193 -1.227 -1.259 -1.294 -1.328 -1.345 -1.357 -1.381 -1.382 -1.37 -1.353 -1.314 -1.275 -1.244 -1.213 -1.189 -1.164 -1.144 -1.123 -1.099 -1.075 -1.044 -1.011 -0.959 -0.868 -0.782 -0.696 -0.624 -0.558 -0.485 -0.419 -0.349 -0.277 -0.206 -0.127 -0.059 0.005 0.064 -9999 -9999 -9999 -9999 -9999 -9999 -9999 -9999 -9999 -9999 -9999 -9999 -9999 -9999 -9999 -9999 -9999 -9999
-9999 -9999 -9999 -9999 -9999 -9999 -9999 -9999 -9999 -9999 -9999 -9999 -0.823 -0.895 -0.956 -1.017 -1.067 -1.097 -1.144 -1.193 -1.228 -1.258 -1.291 -1.317 -1.338 -1.364 -1.387 -1.382 -1.365 -1.341 -1.309 -1.288 -1.255 -1.214 -1.188 -1.159 -1.141 -1.129 -1.105 -1.077 -1.043 -0.99 -0.915 -0.837 -0.744 -0.648 -0.572 -0.5 -0.435 -0.377 -0.32 -0.251 -0.173 -0.091 -0.026 0.035 0.084 -9999 -9999 -9999 -9999 -9999 -9999 -9999 -9999 -9999 -9999 -9999 -9999 -9999 -9999 -9999 -9999 -9999 -9999
-9999 -9999 -9999 -9999 -9999 -9999 -9999 -9999 -9999 -9999 -9999 -0.744 -0.813 -0.885 -0.949 -1.012 -1.057 -1.093 -1.143 -1.193 -1.227 -1.259 -1.287 -1.314 -1.342 -1.369 -1.388 -1.376 -1.353 -1.329 -1.306 -1.286 -1.249 -1.211 -1.184 -1.156 -1.142 -1.13 -1.103 -1.075 -1.034 -0.963 -0.876 -0.789 -0.689 -0.597 -0.521 -0.454 -0.394 -0.339 -0.281 -0.217 -0.138 -0.055 0.008 0.062 0.107 0.15 -9999 -9999 -9999 -9999 -9999 -9999 -9999 -9999 -9999 -9999 -9999 -9999 -9999 -9999 -9999 -9999 -9999
-9999 -9999 -9999 -9999 -9999 -9999 -9999 -9999 -9999 -9999 -0.677 -9999 -0.804 -0.877 -0.941 -1.001 -1.053 -1.099 -1.148 -1.18 -1.213 -1.24 -1.276 -1.324 -1.353 -1.379 -1.397 -1.388 -1.362 -1.333 -1.307 -1.274 -1.236 -1.195 -1.175 -1.172 -1.15 -1.119 -1.094 -1.068 -1.02 -0.936 -0.842 -0.746 -0.653 -0.562 -0.492 -0.433 -0.375 -0.316 -0.254 -0.186 -0.114 -0.038 0.028 0.083 0.129 0.165 -9999 -9999 -9999 -9999 -9999 -9999 -9999 -9999 -9999 -9999 -9999 -9999 -9999 -9999 -9999 -9999 -9999
