Validation/Results/raw data/ReClimate_11_2023_1_Precipitation-Actuals.asc
NCOLS 192
NROWS 249
XLLCENTER -225160.85627316462
YLLCENTER 29788.11610251502
CELLSIZE 5000.0
NODATA_VALUE -9999
[rows 66 to 98 of 249, columns 74 to 147 of 192]
-9999 -9999 -9999 -9999 -9999 -9999 -9999 -9999 -9999 -9999 -9999 173.961 -9999 195.752 250.715 285.315 281.469 308.886 262.067 246.632 203.743 176.186 143.987 155.142 163.722 148.623 147.826 149.025 145.795 146.499 124.496 112.205 -9999 -9999 -9999 -9999 -9999 -9999 -9999 -9999 -9999 -9999 -9999 -9999 -9999 -9999 -9999 -9999 -9999 -9999 -9999 -9999 -9999 -9999 -9999 -9999 -9999 -9999 -9999 -9999 -9999 -9999 -9999 -9999 -9999 -9999 -9999 -9999 -9999 -9999 -9999 -9999 -9999 -9999
-9999 -9999 -9999 -9999 -9999 -9999 -9999 -9999 -9999 -9999 -9999 -9999 182.339 244.052 253.145 257.437 263.771 256.802 250.346 234.3 201.036 173.32 157.482 149.798 145.219 136.85 139.637 140.222 141.687 121.533 -9999 -9999 -9999 -9999 -9999 -9999 -9999 -9999 -9999 -9999 -9999 -9999 -9999 -9999 -9999 -9999 -9999 -9999 -9999 -9999 -9999 -9999 -9999 -9999 -9999 -9999 -9999 -9999 -9999 -9999 -9999 -9999 -9999 -9999 -9999 -9999 -9999 -9999 -9999 -9999 -9999 -9999 -9999 -9999
-9999 -9999 -9999 -9999 -9999 -9999 -9999 -9999 -9999 -9999 -9999 -9999 217.99 253.851 245.789 226.614 237.796 246.204 223.79 206.587 184.504 159.396 145.545 135.34 141.901 137.291 121.559 123.974 112.628 92.759 -9999 -9999 -9999 -9999 -9999 -9999 -9999 -9999 -9999 -9999 -9999 -9999 -9999 -9999 -9999 -9999 -9999 -9999 -9999 -9999 -9999 -9999 -9999 -9999 -9999 -9999 -9999 -9999 -9999 -9999 -9999 -9999 -9999 -9999 -9999 -9999 -9999 -9999 -9999 -9999 -9999 -9999 -9999 -9999
-9999 -9999 -9999 -9999 -9999 -9999 -9999 -9999 -9999 -9999 -9999 -9999 -9999 -9999 216.034 224.659 235.495 216.026 207.52 211.535 196.748 166.264 136.714 130.065 140.767 124.978 108.547 86.692 -9999 -9999 -9999 -9999 -9999 -9999 -9999 -9999 -9999 -9999 -9999 -9999 -9999 -9999 -9999 -9999 -9999 -9999 -9999 -9999 -9999 -9999 -9999 -9999 -9999 -9999 -9999 -9999 -9999 -9999 -9999 -9999 -9999 -9999 -9999 -9999 -9999 -9999 -9999 -9999 -9999 -9999 -9999 -9999 -9999 -9999
-9999 -9999 -9999 -9999 -9999 -9999 -9999 -9999 199.525 -9999 -9999 216.84 234.52 232.418 222.023 253.456 237.439 227.524 230.202 224.557 191.675 158.568 124.32 127.975 124.506 124.089 99.624 88.738 -9999 -9999 -9999 -9999 -9999 -9999 -9999 -9999 -9999 -9999 -9999 -9999 -9999 -9999 -9999 -9999 -9999 -9999 -9999 -9999 -9999 -9999 -9999 -9999 -9999 -9999 -9999 -9999 -9999 -9999 -9999 -9999 -9999 -9999 -9999 -9999 -9999 -9999 -9999 -9999 -9999 -9999 -9999 -9999 -9999 -9999
-9999 -9999 -9999 -9999 -9999 -9999 204.127 201.536 211.176 215.313 235.612 244.791 280.949 303.013 295.523 232.534 261.027 272.074 267.455 239.003 196.633 183.343 175.704 125.297 115.545 101.752 87.539 72.441 -9999 -9999 -9999 -9999 -9999 -9999 -9999 -9999 -9999 -9999 -9999 -9999 -9999 -9999 -9999 -9999 -9999 -9999 -9999 -9999 -9999 -9999 -9999 -9999 -9999 -9999 -9999 -9999 -9999 -9999 -9999 -9999 -9999 -9999 -9999 -9999 -9999 -9999 -9999 -9999 -9999 -9999 -9999 -9999 -9999 -9999
-9999 -9999 -9999 -9999 -9999 -9999 208.254 217.355 -9999 238.547 268.424 290.49 311.778 353.764 271.507 272.054 293.1 312.436 324.411 265.82 240.502 238.726 184.371 152.528 141.595 107.286 90.664 -9999 64.758 -9999 -9999 -9999 -9999 -9999 -9999 -9999 -9999 -9999 -9999 -9999 -9999 -9999 -9999 -9999 -9999 -9999 -9999 -9999 -9999 -9999 -9999 -9999 -9999 -9999 -9999 -9999 -9999 -9999 -9999 -9999 -9999 -9999 -9999 -9999 -9999 -9999 -9999 -9999 -9999 -9999 -9999 -9999 -9999 -9999
-9999 -9999 -9999 -9999 -9999 -9999 -9999 236.767 250.024 265.382 304.387 307.677 358.296 319.42 289.921 274.137 265.679 284.114 288.833 243.992 235.27 225.726 176.038 156.071 125.811 103.759 94.564 71.464 65.676 -9999 -9999 -9999 -9999 -9999 -9999 -9999 -9999 -9999 -9999 -9999 -9999 -9999 -9999 -9999 -9999 -9999 -9999 -9999 -9999 -9999 -9999 -9999 -9999 -9999 -9999 -9999 -9999 -9999 -9999 -9999 -9999 -9999 -9999 -9999 -9999 -9999 -9999 -9999 -9999 -9999 -9999 -9999 -9999 -9999
213.743 -9999 -9999 -9999 -9999 -9999 -9999 -9999 253.839 279.666 312.395 387.602 376.346 364.838 326.165 316.923 303.92 264.939 237.069 218.66 235.488 209.498 178.758 151.248 109.464 93.707 71.885 69.013 72.581 -9999 -9999 -9999 -9999 -9999 -9999 -9999 -9999 -9999 -9999 -9999 -9999 -9999 -9999 -9999 -9999 -9999 -9999 -9999 -9999 -9999 -9999 -9999 -9999 -9999 -9999 -9999 -9999 -9999 -9999 -9999 -9999 -9999 -9999 -9999 -9999 -9999 -9999 -9999 -9999 -9999 -9999 -9999 -9999 -9999
240.51 -9999 -9999 -9999 -9999 -9999 248.816 258.741 291.081 314.933 354.149 366.341 402.934 384.623 351.259 339.994 286.844 261.868 246.005 209.877 213.365 229.334 177.773 118.954 90.89 72.542 -9999 74.989 -9999 -9999 -9999 -9999 -9999 -9999 66.697 68.256 67.264 -9999 -9999 -9999 -9999 -9999 -9999 -9999 -9999 -9999 -9999 -9999 -9999 -9999 -9999 -9999 -9999 -9999 -9999 -9999 -9999 -9999 -9999 -9999 -9999 -9999 -9999 -9999 -9999 -9999 -9999 -9999 -9999 -9999 -9999 -9999 -9999 -9999
251.171 234.712 -9999 -9999 -9999 -9999 -9999 282.859 303.972 346.165 362.259 393.782 374.191 361.341 336.384 333.019 277.554 240.882 202.023 202.637 225.254 187.419 138.314 108.129 94.777 84.229 79.342 -9999 -9999 -9999 -9999 60.136 60.495 61.348 63.393 67.611 67.622 64.753 65.192 74.64 84.952 87.205 77.57 70.717 73.774 81.232 88.063 89.633 88.035 87.197 85.347 84.581 86.609 -9999 -9999 -9999 -9999 -9999 -9999 -9999 -9999 -9999 -9999 -9999 -9999 -9999 -9999 -9999 -9999 -9999 -9999 -9999 -9999 -9999
305.935 308.193 -9999 -9999 -9999 260.897 -9999 279.007 281.413 331.65 416.272 414.818 362.328 318.114 325.666 293.539 270.05 237.999 220.74 192.212 160.022 146.4 119.009 103.304 103.702 88.217 -9999 -9999 -9999 -9999 65.969 64.152 65.138 68.678 75.251 69.318 71.087 75.464 72.537 95.114 94.942 93.181 83.817 77.759 82.465 84.255 86.255 88.158 88.096 89.211 97.935 98.166 87.784 -9999 -9999 -9999 -9999 -9999 -9999 -9999 -9999 -9999 -9999 -9999 -9999 -9999 -9999 -9999 -9999 -9999 -9999 -9999 -9999 -9999
323.075 321.543 -9999 -9999 -9999 269.593 275.676 278.303 340.201 403.991 418.895 415.752 345.374 340.888 318.833 285.451 249.65 232.894 232.549 192.525 175.352 133.363 104.697 108.895 93.283 -9999 -9999 73.083 72.032 71.412 69.984 72.024 70.89 74.88 82.241 88.788 95.591 85.639 89.476 90.526 88.275 86.035 86.387 93.247 85.486 86.26 88.081 90.388 84.748 94.554 104.433 100.571 91.936 90.37 -9999 -9999 -9999 -9999 -9999 -9999 -9999 -9999 -9999 -9999 -9999 -9999 -9999 -9999 -9999 -9999 -9999 -9999 -9999 -9999
304.557 302.556 -9999 276.308 -9999 248.901 259.676 348.703 406.648 382.53 424.674 397.75 376.176 357.663 328.502 315.366 287.424 262.577 232.298 213.11 165.941 131.734 95.693 85.986 82.27 -9999 89.386 89.265 80.323 76.274 75.109 75.009 88.05 96.929 101.569 111.267 103.094 93.622 98.13 99.882 99.224 93.591 89.522 86.839 90.597 89.928 92.422 93.321 96.215 104.951 102.498 101.594 91.815 87.633 -9999 -9999 -9999 -9999 -9999 -9999 -9999 -9999 -9999 -9999 -9999 -9999 -9999 -9999 -9999 -9999 -9999 -9999 -9999 -9999
295.442 -9999 280.195 -9999 -9999 -9999 333.74 471.029 390.743 376.579 332.204 346.84 347.94 340.985 345.78 328.843 320.777 287.976 253.016 202.313 164.759 120.359 102.567 112.116 94.558 92.662 105.567 111.093 114.583 103.446 93.032 100.705 108.134 116.627 114.015 95.598 92.894 91.099 92.364 104.746 99.671 101.319 98.965 89.469 92.753 106.698 107.861 98.621 100.547 99.483 103.412 99.806 96.785 92.369 -9999 -9999 -9999 -9999 -9999 -9999 -9999 -9999 -9999 -9999 -9999 -9999 -9999 -9999 -9999 -9999 -9999 -9999 -9999 -9999
313.289 303.097 -9999 -9999 -9999 -9999 378.347 369.693 337.045 -9999 321.255 345.242 356.776 341.569 335.192 323.938 275.265 254.937 243.505 212.679 185.642 152.214 146.122 137.506 99.593 110.115 111.47 131.773 148.397 132.61 101.423 93.652 114.304 123.894 100.43 97.207 109.464 96.185 114.519 112.003 100.801 108.5 99.424 87.605 107.759 105.186 100.52 94.838 97.287 94.537 99.829 98.579 93.354 90.724 -9999 -9999 -9999 -9999 -9999 -9999 -9999 -9999 -9999 -9999 -9999 -9999 -9999 -9999 -9999 -9999 -9999 -9999 -9999 -9999
384.341 397.468 -9999 -9999 -9999 308.968 -9999 -9999 280.205 289.516 334.708 384.929 394.68 375.948 373.511 324.84 305.334 264.993 218.408 193.41 178.254 164.044 159.901 104.322 110.811 115.52 142.857 144.198 144.492 143.534 106.305 101.179 108.199 101.767 98.669 115.507 111.33 113.207 116.334 109.214 119.869 109.998 91.999 103.556 96.338 94.667 95.967 102.373 92.492 90.917 93.97 93.707 90.355 -9999 -9999 -9999 -9999 -9999 -9999 -9999 -9999 -9999 -9999 -9999 -9999 -9999 -9999 -9999 -9999 -9999 -9999 -9999 -9999 -9999
454.352 466.917 389.078 326.5 -9999 -9999 -9999 320.842 282.558 -9999 343.532 359.1 375.11 390.819 373.827 365.882 305.479 219.834 207.233 194.743 188.782 171.484 132.08 136.949 129.312 146.616 143.155 138.935 148.18 133.822 102.57 96.549 87.988 95.603 123.781 114.337 123.141 144.813 123.57 119.572 119.431 96.6 96.473 92.995 92.441 87.757 95.293 95.436 94.715 89.488 90.702 88.888 -9999 -9999 -9999 -9999 -9999 -9999 -9999 -9999 -9999 -9999 -9999 -9999 -9999 -9999 -9999 -9999 -9999 -9999 -9999 -9999 -9999 -9999
440.623 451.906 394.814 347.766 -9999 328.208 335.734 335.531 340.875 379.517 374.888 383.855 418.958 428.921 378.071 312.851 284.569 263.467 251.419 239.678 211.423 174.396 156.481 157.207 179.49 173.524 147.715 142.851 135.437 95.805 93.475 96.136 99.483 110.524 90.03 99.053 123.676 136.362 141.3 141.042 136.861 108.363 110.003 104.304 109.091 118.111 96.389 91.563 97.106 97.203 89.569 85.134 -9999 -9999 -9999 -9999 -9999 -9999 -9999 -9999 -9999 -9999 -9999 -9999 -9999 -9999 -9999 -9999 -9999 -9999 -9999 -9999 -9999 -9999
395.468 400.485 361.833 329.54 322.668 318.175 353.321 -9999 344.007 397.445 453.591 497.923 467.825 434.929 376.107 386.981 344.042 300.11 256.766 222.096 195.535 169.883 161.623 196.125 212.356 178.475 168.095 168.858 128.137 128.077 99.9 94.77 94.472 95.177 100.73 104.216 128.467 153.447 142.524 131.901 121.313 106.127 97.911 90.067 99.649 91.738 84.91 89.168 93.108 90.583 86.327 -9999 -9999 -9999 -9999 -9999 -9999 -9999 -9999 -9999 -9999 -9999 -9999 -9999 -9999 -9999 -9999 -9999 -9999 -9999 -9999 -9999 -9999 -9999
386.446 -9999 -9999 -9999 299.247 342.747 -9999 341.571 395.547 480.58 532.639 500.735 509.749 470.539 458.399 428.14 335.753 259.902 255.127 252.543 198.511 183.496 205.06 240.842 242.19 228.976 221.3 170.342 170.033 135.325 112.411 127.848 116.58 141.44 133.148 137.355 144.663 135.698 110.178 110.409 106.322 111.284 103.679 87.494 96.495 93.705 88.974 89.364 94.569 92.674 83.66 -9999 -9999 -9999 -9999 -9999 -9999 -9999 -9999 -9999 -9999 -9999 -9999 -9999 -9999 -9999 -9999 -9999 -9999 -9999 -9999 -9999 -9999 -9999
-9999 -9999 -9999 281.707 335.882 -9999 317.877 355.672 -9999 465.945 455.74 502.804 496.56 507.917 461.449 398.389 359.238 320.506 265.311 225.052 236.67 224.108 243.222 287.638 287.787 266.064 220.189 170.854 130.622 109.407 127.38 135.928 166.406 177.306 159.581 137.275 137.139 121.806 119.656 106.43 106.635 110.919 94.071 97.533 104.945 98.552 95.876 93.704 108.864 97.96 84.17 -9999 -9999 -9999 -9999 -9999 -9999 -9999 -9999 -9999 -9999 -9999 -9999 -9999 -9999 -9999 -9999 -9999 -9999 -9999 -9999 -9999 -9999 -9999
-9999 -9999 -9999 278.129 -9999 -9999 332.018 371.56 429.059 434.439 498.3 522.2 491.886 434.068 401.268 343.069 303.33 264.182 265.615 289.187 292.042 287.841 306.877 313.348 291.459 237.109 162.411 127.557 133.453 167.507 184.289 243.673 253.795 220.718 193.239 181.217 151.098 131.122 114.747 105.832 92.336 93.807 93.903 98.72 111.862 132.017 105.984 100.214 96.525 91.704 84.535 -9999 -9999 -9999 -9999 -9999 -9999 -9999 -9999 -9999 -9999 -9999 -9999 -9999 -9999 -9999 -9999 -9999 -9999 -9999 -9999 -9999 -9999 -9999
-9999 -9999 -9999 -9999 -9999 -9999 -9999 406.003 426.356 426.516 509.91 517.537 452.515 452.328 401.951 355.376 345.053 350.885 353.171 332.172 327.623 291.797 272.203 265.309 244.633 184.105 135.17 138.171 165.044 199.816 252.989 245.116 247.221 224.716 207.756 181.074 154.812 136.811 122.745 95.692 86.33 95.448 90.103 95.295 118.17 106.583 97.372 93.159 97.145 94.056 -9999 -9999 -9999 -9999 -9999 -9999 -9999 -9999 -9999 -9999 -9999 -9999 -9999 -9999 -9999 -9999 -9999 -9999 -9999 -9999 -9999 -9999 -9999 -9999
-9999 -9999 -9999 -9999 -9999 274.374 322.306 -9999 432.009 458.863 531.565 476.984 433.549 409.225 392.691 415.811 413.497 380.534 323.006 322.99 306.791 286.777 241.838 217.901 181.203 146.988 167.282 177.635 204.542 241.274 233.165 224.533 170.831 174.989 163.042 129.032 127.22 131.816 136.5 128.831 119.18 120.144 132.079 121.9 99.951 111.647 119.15 115.217 105.755 91.795 -9999 -9999 -9999 -9999 -9999 -9999 -9999 -9999 -9999 -9999 -9999 -9999 -9999 -9999 -9999 -9999 -9999 -9999 -9999 -9999 -9999 -9999 -9999 -9999
-9999 -9999 -9999 -9999 264.689 264.048 343.83 399.089 468.792 526.063 523.957 491.137 420.456 372.774 382.572 372.199 363.434 375.294 361.262 371.014 358.588 257.993 247.806 206.526 184.007 177.928 197.966 214.905 223.53 219.8 221.524 181.392 161.114 159.955 178.79 176.741 178.576 167.975 161.201 177.364 189.107 182.898 168.92 145.833 149.935 146.709 128.986 110.492 98.706 -9999 -9999 -9999 -9999 -9999 -9999 -9999 -9999 -9999 -9999 -9999 -9999 -9999 -9999 -9999 -9999 -9999 -9999 -9999 -9999 -9999 -9999 -9999 -9999 -9999
-9999 -9999 -9999 -9999 254.363 -9999 331.951 379.203 445.184 523.85 513.066 402.073 378.354 390.764 333.103 314.601 326.085 333.239 355.771 340.144 271.755 274.48 277.009 243.515 217.574 250.939 227.465 219.114 244.424 252.675 240.162 216.041 193.25 209.844 213.897 222.903 222.667 175.918 194.675 194.833 161.499 168.928 178.01 162.832 153.576 131.218 109.032 105.763 96.138 -9999 -9999 -9999 -9999 -9999 -9999 -9999 -9999 -9999 -9999 -9999 -9999 -9999 -9999 -9999 -9999 -9999 -9999 -9999 -9999 -9999 -9999 -9999 -9999 -9999
-9999 -9999 -9999 -9999 -9999 -9999 370.365 414.32 437.024 484.307 417.56 341.493 353.521 331.571 294.545 298.262 314.298 354.601 323.146 332.163 314.512 323.165 283.178 239.96 257.403 275.294 250.565 258.736 240.154 254.192 230.016 218.577 251.783 245.975 244.131 269.257 250.947 246.444 236.372 201.33 178.802 169.407 149.856 147.935 141.311 124.006 100.922 94.636 86.087 -9999 -9999 -9999 -9999 -9999 -9999 -9999 -9999 -9999 -9999 -9999 -9999 -9999 -9999 -9999 -9999 -9999 -9999 -9999 -9999 -9999 -9999 -9999 -9999 -9999
-9999 -9999 -9999 -9999 306.525 327.523 371.305 392.187 418.454 457.728 391.551 402.035 410.687 -9999 360.574 441.744 450.831 422.247 403.332 405.643 379.629 352.933 325.135 291.888 270.044 254.297 237.135 207.914 205.892 219.658 201.153 237.195 222.556 219.699 210.102 235.851 251.702 235.192 198.46 198.791 181.931 155.954 164.207 136.421 120.076 99.802 92.175 93.699 69.763 -9999 -9999 -9999 -9999 -9999 -9999 -9999 -9999 -9999 -9999 -9999 -9999 -9999 -9999 -9999 -9999 -9999 -9999 -9999 -9999 -9999 -9999 -9999 -9999 -9999
285.876 251.417 261.298 297.508 -9999 330.85 364.457 397.086 447.779 446.17 434.864 431.986 -9999 412.588 465.59 481.435 527.08 462.211 416.371 373.373 378.641 351.126 329.079 285.123 246.534 221.55 197.217 161.253 173.455 165.909 199.579 201.033 201.829 190.177 178.974 192.123 198.59 181.461 184.629 178.478 161.337 153.032 122.561 110.749 97.196 90.783 96.236 76.633 -9999 -9999 -9999 -9999 -9999 -9999 -9999 -9999 -9999 -9999 -9999 -9999 -9999 -9999 -9999 -9999 -9999 -9999 -9999 -9999 -9999 -9999 -9999 -9999 -9999 -9999
249.24 256.183 281.28 328.208 343.223 -9999 368.855 404.363 407.172 435.795 415.865 389.05 381.297 434.324 454.806 463.044 491.484 448.183 402.052 359.554 328.396 285.599 271.412 235.979 221.223 229.639 169.651 164.437 144.319 153.33 167.74 189.143 169.177 149.302 156.532 180.756 168.532 161.943 147.842 155.118 131.736 104.651 99.108 98.339 91.241 87.02 -9999 -9999 -9999 -9999 -9999 -9999 -9999 -9999 -9999 -9999 -9999 -9999 -9999 -9999 -9999 -9999 -9999 -9999 -9999 -9999 -9999 -9999 -9999 -9999 -9999 -9999 -9999 -9999
-9999 -9999 -9999 320.038 -9999 370.855 396.115 413.194 463.011 454.006 -9999 -9999 430.854 441.219 453.462 491.638 455.349 443.815 387.704 337.237 242.956 217.177 204.458 195.678 207.031 192.273 188.223 155.523 155.482 152.262 158.828 163.155 151.367 138.823 152.459 156.176 150.584 133.865 130.833 119.294 104.137 92.412 83.818 91.68 85.682 -9999 -9999 -9999 -9999 -9999 -9999 -9999 -9999 -9999 -9999 -9999 -9999 -9999 -9999 -9999 -9999 -9999 -9999 -9999 -9999 -9999 -9999 -9999 -9999 -9999 -9999 -9999 -9999 -9999
274.97 292.134 -9999 328.988 378.906 375.258 403.608 436.08 451.949 -9999 -9999 431.357 486.599 509.613 523.269 454.557 433.719 414.031 369.428 297.076 252.512 238.523 246.853 234.954 247.429 267.691 224.292 185.966 177.201 153.32 147.548 135.512 141.296 143.411 139.127 132.728 122.039 103.508 98.272 92.253 89.957 77.996 78.832 82.98 85.667 79.4 -9999 -9999 -9999 -9999 -9999 -9999 -9999 -9999 -9999 -9999 -9999 -9999 -9999 -9999 -9999 -9999 -9999 -9999 -9999 -9999 -9999 -9999 -9999 -9999 -9999 -9999 -9999 -9999
