Validation/Results/raw data/ReClimate_12_2023_1_Temperature.asc
NCOLS 192
NROWS 249
XLLCENTER -225160.85627316462
YLLCENTER 29788.11610251502
CELLSIZE 5000.0
NODATA_VALUE -9999
[rows 170 to 203 of 249, columns 75 to 149 of 192]
-9999 -9999 -9999 -9999 -9999 -9999 -9999 -9999 -9999 -9999 -9999 -9999 -9999 -9999 -9999 -9999 -9999 -0.133 -0.122 -9999 -9999 -9999 -9999 -9999 -9999 -9999 -9999 -9999 -9999 -9999 -9999 -9999 -9999 -9999 -9999 -9999 0.053 0.072 0.064 0.054 0.059 0.063 0.067 0.07 0.074 0.078 0.061 0.04 0.045 0.053 0.069 0.091 0.08 0.067 0.068 0.07 0.072 0.077 0.064 0.05 0.056 0.065 0.073 0.086 0.082 0.077 0.071 0.064 0.067 0.074 0.069 0.065 0.056 0.046 0.052
-9999 -9999 -9999 -9999 -9999 -9999 -9999 -9999 -9999 -9999 -9999 -9999 -9999 -9999 -9999 -9999 -9999 -0.129 -0.12 -0.112 -9999 -9999 -9999 -9999 -9999 -9999 -9999 -9999 -9999 -9999 -9999 -9999 -9999 -9999 -9999 0.02 0.047 0.085 0.08 0.072 0.072 0.057 0.061 0.07 0.076 0.085 0.073 0.061 0.066 0.067 0.079 0.083 0.076 0.065 0.068 0.071 0.073 0.077 0.073 0.063 0.06 0.063 0.074 0.088 0.09 0.09 0.07 0.055 0.059 0.064 0.069 0.07 0.067 0.061 0.064
-9999 -9999 -9999 -9999 -9999 -9999 -9999 -9999 -9999 -9999 -9999 -9999 -9999 -9999 -9999 -9999 -0.143 -0.127 -0.119 -0.112 -0.119 -9999 -9999 -9999 -9999 -9999 -9999 -9999 -9999 -9999 -9999 -9999 0.001 -9999 -9999 0.016 0.047 0.088 0.085 0.079 -9999 0.054 0.062 0.07 0.078 0.088 0.081 0.073 0.073 0.074 0.078 0.083 0.077 0.069 0.071 0.076 0.078 0.082 0.078 0.073 0.07 0.068 0.079 0.095 0.097 0.1 0.082 0.059 0.062 0.068 0.072 0.079 0.077 0.075 0.078
-9999 -9999 -9999 -9999 -9999 -9999 -9999 -9999 -9999 -9999 -9999 -9999 -9999 -9999 -9999 -9999 -0.141 -0.141 -0.133 -0.123 -0.128 -0.127 -0.122 -9999 -9999 -9999 -0.071 -0.023 -9999 -0.017 -0.025 -0.017 -0.004 0.012 -9999 -9999 0.044 0.044 -9999 -9999 0.065 0.045 0.05 0.052 0.068 0.103 0.097 0.085 0.086 0.084 0.072 0.067 0.073 0.073 0.081 0.088 0.086 0.087 0.085 0.083 0.092 0.098 0.1 0.111 0.101 0.097 0.091 0.077 0.079 0.084 0.075 0.074 0.082 0.086 0.084
-9999 -9999 -9999 -9999 -9999 -9999 -9999 -9999 -9999 -9999 -9999 -9999 -9999 -9999 -9999 -9999 -9999 -0.146 -0.137 -0.128 -0.127 -0.127 -9999 -9999 -0.107 -0.095 -0.062 -0.017 -0.026 -0.04 -0.03 -0.022 -0.008 0.008 0.016 -9999 0.026 0.026 0.049 0.075 0.06 0.042 0.044 0.046 0.074 0.108 0.101 0.09 0.09 0.09 0.078 0.064 0.069 0.076 0.085 0.096 0.095 0.094 0.092 0.091 0.101 0.114 0.118 0.122 0.113 0.102 0.096 0.09 0.093 0.097 0.089 0.08 0.088 0.099 0.098
-9999 -9999 -9999 -9999 -9999 -9999 -9999 -9999 -9999 -9999 -9999 -9999 -9999 -9999 -9999 -9999 -9999 -0.155 -0.145 -0.123 -0.119 -0.11 -0.112 -0.133 -0.123 -0.101 -0.078 -0.07 -0.074 -0.062 -0.051 -0.035 -0.02 -0.004 0.002 0.004 0.009 0.02 0.035 0.041 0.033 0.036 0.039 0.043 0.064 0.08 0.076 0.081 0.08 0.075 0.076 0.101 0.086 0.081 0.083 0.09 0.084 0.08 0.086 0.089 0.096 0.108 0.107 0.108 0.106 0.098 0.095 0.09 0.09 0.092 0.096 0.094 0.101 0.112 0.115
-9999 -9999 -9999 -9999 -9999 -9999 -9999 -9999 -9999 -9999 -9999 -9999 -9999 -9999 -9999 -9999 -9999 -9999 -0.148 -0.121 -0.112 -0.103 -0.119 -0.14 -0.122 -0.102 -0.098 -0.093 -0.083 -0.072 -0.057 -0.04 -0.024 -0.007 -0.002 -0.001 0.01 0.021 0.026 0.03 0.034 0.037 0.041 0.045 0.057 0.07 0.075 0.08 0.076 0.071 0.093 0.118 0.103 0.086 0.087 0.09 0.084 0.077 0.083 0.091 0.099 0.11 0.11 0.11 0.107 0.104 0.101 0.098 0.097 0.098 0.102 0.108 0.116 0.125 0.128
-9999 -9999 -9999 -9999 -9999 -9999 -9999 -9999 -9999 -9999 -9999 -9999 -9999 -9999 -9999 -9999 -9999 -9999 -9999 -9999 -0.131 -0.127 -0.13 -0.109 -0.105 -0.127 -0.123 -0.113 -0.1 -0.07 -0.058 -0.053 -0.042 -0.041 -0.031 -0.004 0.004 0.009 0.021 0.049 0.053 0.053 0.052 0.039 0.051 0.066 0.069 0.069 0.07 0.081 0.096 0.1 0.098 0.088 0.083 0.081 0.089 0.092 0.084 0.083 0.089 0.098 0.105 0.109 0.102 0.097 0.102 0.104 0.108 0.112 0.114 0.118 0.125 0.134 0.137
-9999 -9999 -9999 -9999 -9999 -9999 -9999 -9999 -9999 -9999 -9999 -9999 -9999 -9999 -9999 -9999 -9999 -9999 -9999 -0.143 -0.14 -0.137 -0.118 -0.097 -0.115 -0.137 -0.13 -0.121 -0.096 -0.066 -0.06 -0.055 -0.052 -0.052 -0.029 -0.003 0.002 0.006 0.031 0.059 0.061 0.062 0.052 0.04 0.053 0.067 0.068 0.067 0.076 0.087 0.091 0.097 0.095 0.093 0.088 0.083 0.09 0.101 0.093 0.084 0.09 0.098 0.104 0.112 0.106 0.098 0.102 0.109 0.113 0.119 0.121 0.125 0.131 0.139 0.142
-9999 -9999 -9999 -9999 -9999 -9999 -9999 -9999 -9999 -9999 -9999 -9999 -9999 -9999 -9999 -9999 -9999 -9999 -0.152 -0.149 -0.142 -0.128 -0.112 -0.097 -0.112 -0.128 -0.122 -0.121 -0.099 -0.075 -0.066 -0.048 -0.045 -0.043 -0.02 0.004 0.011 0.018 0.037 0.048 0.048 0.047 0.042 0.047 0.057 0.064 0.07 0.088 0.089 0.074 0.082 0.103 0.1 0.097 0.096 0.093 0.09 0.094 0.094 0.09 0.093 0.1 0.107 0.116 0.11 0.103 0.099 0.1 0.107 0.115 0.116 0.119 0.128 0.137 0.147
-9999 -9999 -9999 -9999 -9999 -9999 -9999 -9999 -9999 -9999 -9999 -9999 -9999 -9999 -9999 -9999 -9999 -0.164 -0.158 -0.151 -0.139 -0.126 -0.113 -0.098 -0.109 -0.119 -0.117 -0.116 -0.098 -0.076 -0.061 -0.044 -0.039 -0.037 -0.015 0.009 0.017 0.025 0.036 0.046 0.046 0.043 0.048 0.053 0.059 0.065 0.081 0.098 0.086 0.072 0.088 0.108 0.107 0.103 0.102 0.102 0.099 0.097 0.097 0.097 0.1 0.104 0.112 0.121 0.116 0.109 0.106 0.102 0.108 0.118 0.119 0.122 0.129 0.139 0.148
-9999 -9999 -9999 -9999 -9999 -9999 -9999 -9999 -9999 -9999 -9999 -9999 -9999 -9999 -9999 -0.157 -0.163 -0.157 -0.152 -0.152 -0.139 -0.126 -0.116 -0.113 -0.118 -0.125 -0.121 -0.111 -0.097 -0.085 -0.071 -0.052 -0.045 -0.035 -0.013 0.012 0.019 0.022 0.032 0.045 0.043 0.037 0.046 0.065 0.067 0.06 0.073 0.088 0.08 0.078 0.093 0.109 0.114 0.115 0.107 0.102 0.105 0.106 0.115 0.121 0.116 0.116 0.117 0.123 0.126 0.125 0.127 0.127 0.119 0.12 0.124 0.128 0.136 0.145 0.152
-9999 -9999 -9999 -9999 -9999 -9999 -9999 -9999 -9999 -9999 -9999 -9999 -9999 -9999 -0.158 -0.156 -0.152 -0.154 -9999 -9999 -9999 -9999 -0.121 -0.113 -0.117 -0.124 -0.115 -0.105 -0.096 -0.086 -0.071 -0.053 -0.042 -0.032 -0.009 0.015 0.019 0.022 0.034 0.046 0.043 0.038 0.054 0.073 0.068 0.061 0.073 0.087 0.086 0.084 0.097 0.113 0.117 0.123 0.116 0.106 0.109 0.113 0.122 0.134 0.13 0.125 0.125 0.128 0.13 0.135 0.137 0.14 0.133 0.125 0.13 0.136 0.143 0.152 0.158
-9999 -9999 -9999 -9999 -9999 -9999 -9999 -9999 -9999 -9999 -9999 -9999 -9999 -9999 -0.157 -0.161 -0.159 -9999 -9999 -9999 -9999 -9999 -0.124 -0.118 -0.119 -0.116 -0.106 -0.095 -0.086 -0.078 -0.066 -0.055 -0.044 -0.03 -0.011 0.003 0.011 0.027 0.034 0.031 0.039 0.068 0.075 0.062 0.065 0.083 0.091 0.092 0.092 0.093 0.102 0.103 0.111 0.119 0.118 0.111 0.113 0.117 0.118 0.124 0.132 0.134 0.129 0.126 0.122 0.121 0.13 0.137 0.137 0.133 0.137 0.143 0.149 0.156 0.155
-9999 -9999 -9999 -9999 -9999 -9999 -9999 -9999 -9999 -9999 -9999 -9999 -9999 -9999 -9999 -9999 -0.158 -9999 -9999 -9999 -9999 -9999 -0.122 -0.117 -0.113 -0.11 -0.099 -0.087 -0.08 -0.072 -0.063 -0.052 -0.039 -0.026 -0.013 0.001 0.015 0.031 0.03 0.027 0.053 0.082 0.074 0.061 0.077 0.094 0.096 0.097 0.098 0.1 0.101 0.104 0.111 0.121 0.12 0.117 0.119 0.123 0.124 0.125 0.132 0.142 0.137 0.131 0.126 0.121 0.129 0.14 0.14 0.141 0.145 0.151 0.157 0.163 0.162
-9999 -9999 -9999 -9999 -9999 -9999 -9999 -9999 -9999 -9999 -9999 -9999 -9999 -9999 -9999 -9999 -9999 -9999 -9999 -9999 -9999 -9999 -0.122 -0.117 -0.106 -0.087 -0.083 -0.096 -0.088 -0.077 -0.071 -0.066 -0.052 -0.03 -0.02 -0.014 0.007 0.044 0.039 0.02 0.042 0.063 0.061 0.07 0.083 0.093 0.093 0.089 0.094 0.109 0.102 0.099 0.107 0.116 0.135 0.144 0.134 0.132 0.129 0.129 0.13 0.136 0.14 0.141 0.142 0.14 0.139 0.144 0.148 0.151 0.155 0.16 0.168 0.176 0.166
-9999 -9999 -9999 -9999 -9999 -9999 -9999 -9999 -9999 -9999 -9999 -9999 -9999 -9999 -9999 -9999 -9999 -9999 -9999 -9999 -9999 -9999 -9999 -0.112 -0.093 -0.074 -0.083 -0.095 -0.085 -0.075 -0.072 -0.068 -0.049 -0.028 -0.022 -0.018 0.014 0.051 0.037 0.02 0.037 0.057 0.066 0.076 0.085 0.095 0.092 0.089 0.101 0.115 0.109 0.102 0.109 0.118 0.136 0.157 0.149 0.139 0.137 0.135 0.137 0.139 0.143 0.149 0.15 0.153 0.151 0.15 0.154 0.16 0.164 0.169 0.177 0.185 0.175
-9999 -9999 -9999 -9999 -9999 -9999 -9999 -9999 -9999 -9999 -9999 -9999 -9999 -9999 -9999 -9999 -9999 -9999 -9999 -9999 -9999 -9999 -0.091 -0.089 -0.074 -0.067 -0.071 -0.07 -0.064 -0.069 -0.065 -0.057 -0.04 -0.023 -0.019 -0.016 0.007 0.022 0.013 0.013 0.034 0.063 0.068 0.065 0.077 0.097 0.095 0.092 0.102 0.108 0.106 0.101 0.104 0.11 0.123 0.141 0.155 0.159 0.155 0.152 0.146 0.144 0.152 0.16 0.152 0.149 0.156 0.16 0.154 0.153 0.164 0.173 0.183 0.193 0.18
-9999 -9999 -9999 -9999 -9999 -9999 -9999 -9999 -9999 -9999 -9999 -9999 -9999 -9999 -9999 -9999 -9999 -9999 -9999 -9999 -9999 -9999 -0.089 -0.077 -0.069 -0.062 -0.059 -0.057 -0.059 -0.064 -0.057 -0.05 -0.035 -0.019 -0.015 -0.013 -0.001 0.013 0.014 0.014 0.039 0.068 0.067 0.063 0.081 0.101 0.099 0.096 0.102 0.108 0.107 0.105 0.108 0.112 0.124 0.139 0.153 0.17 0.167 0.163 0.157 0.15 0.158 0.169 0.162 0.153 0.16 0.168 0.162 0.156 0.167 0.179 0.188 0.199 0.187
-9999 -9999 -9999 -9999 -9999 -9999 -9999 -9999 -9999 -9999 -9999 -9999 -9999 -9999 -9999 -9999 -9999 -9999 -9999 -9999 -9999 -9999 -0.102 -0.089 -0.091 -0.109 -0.104 -0.089 -0.087 -0.072 -0.065 -0.058 -0.044 -0.027 -0.018 0.004 0.013 0.013 0.017 0.026 0.045 0.057 0.06 0.071 0.084 0.092 0.095 0.11 0.109 0.097 0.105 0.11 0.114 0.118 0.124 0.135 0.146 0.16 0.163 0.163 0.161 0.157 0.158 0.164 0.168 0.165 0.171 0.179 0.191 0.197 0.186 0.185 0.178 0.177 0.185
-9999 -9999 -9999 -9999 -9999 -9999 -9999 -9999 -9999 -9999 -9999 -9999 -9999 -9999 -9999 -9999 -9999 -9999 -9999 -9999 -9999 -9999 -9999 -0.091 -0.106 -0.124 -0.112 -0.099 -0.086 -0.071 -0.064 -0.057 -0.043 -0.027 -0.008 0.014 0.016 0.017 0.025 0.034 0.045 0.056 0.066 0.076 0.084 0.091 0.103 0.117 0.108 0.097 0.105 0.115 0.12 0.125 0.132 0.138 0.149 0.161 0.163 0.167 0.165 0.164 0.165 0.168 0.171 0.175 0.18 0.188 0.2 0.216 0.207 0.192 0.183 0.174 0.18
-9999 -9999 -9999 -9999 -9999 -9999 -9999 -9999 -9999 -9999 -9999 -9999 -9999 -9999 -9999 -9999 -9999 -9999 -9999 -9999 -9999 -9999 -9999 -0.103 -0.107 -0.092 -0.09 -0.111 -0.097 -0.074 -0.061 -0.036 -0.025 -0.022 -0.004 0.016 0.021 0.03 0.037 0.04 0.051 0.063 0.073 0.085 0.092 0.095 0.109 0.13 0.121 0.108 0.111 0.118 0.137 0.153 0.154 0.159 0.155 0.158 0.157 0.158 0.161 0.161 0.165 0.168 0.175 0.181 0.192 0.203 0.197 0.201 0.208 0.203 0.206 0.204 0.203
-9999 -9999 -9999 -9999 -9999 -9999 -9999 -9999 -9999 -9999 -9999 -9999 -9999 -9999 -9999 -9999 -9999 -9999 -9999 -9999 -9999 -9999 -0.096 -0.105 -0.091 -0.076 -0.093 -0.113 -0.093 -0.071 -0.049 -0.024 -0.02 -0.017 0.001 0.021 0.03 0.038 0.043 0.046 0.057 0.069 0.08 0.092 0.096 0.099 0.117 0.138 0.128 0.116 0.119 0.123 0.142 0.166 0.169 0.17 0.168 0.163 0.161 0.16 0.162 0.166 0.169 0.174 0.18 0.188 0.199 0.213 0.208 0.2 0.205 0.21 0.213 0.217 0.218
-9999 -9999 -9999 -9999 -9999 -9999 -9999 -9999 -9999 -9999 -9999 -9999 -9999 -9999 -9999 -9999 -9999 -9999 -9999 -9999 -9999 -9999 -0.104 -0.099 -0.091 -0.087 -0.099 -0.105 -0.082 -0.05 -0.031 -0.018 -0.016 -0.018 -0.002 0.013 0.025 0.045 0.051 0.058 0.068 0.077 0.085 0.087 0.093 0.101 0.114 0.122 0.12 0.131 0.136 0.143 0.144 0.156 0.164 0.169 0.173 0.171 0.162 0.156 0.171 0.182 0.18 0.182 0.182 0.187 0.202 0.218 0.213 0.205 0.202 0.203 0.21 0.217 0.215
-9999 -9999 -9999 -9999 -9999 -9999 -9999 -9999 -9999 -9999 -9999 -9999 -9999 -9999 -9999 -9999 -9999 -9999 -9999 -9999 -9999 -9999 -0.099 -0.094 -0.091 -0.088 -0.092 -0.097 -0.069 -0.038 -0.025 -0.012 -0.012 -0.014 -0.001 0.014 0.032 0.052 0.059 0.066 0.075 0.084 0.086 0.089 0.097 0.105 0.112 0.119 0.129 0.141 0.148 0.155 0.156 0.157 0.164 0.173 0.177 0.179 0.171 0.16 0.174 0.192 0.191 0.19 0.191 0.192 0.206 0.224 0.218 0.21 0.207 0.204 0.211 0.22 0.218
-9999 -9999 -9999 -9999 -9999 -9999 -9999 -9999 -9999 -9999 -9999 -9999 -9999 -9999 -9999 -9999 -9999 -9999 -9999 -9999 -9999 -0.098 -0.093 -0.082 -0.08 -0.083 -0.087 -0.09 -0.065 -0.04 -0.028 -0.016 -0.015 -0.012 0.007 0.037 0.046 0.038 0.046 0.06 0.071 0.091 0.092 0.087 0.099 0.121 0.125 0.12 0.128 0.133 0.141 0.157 0.16 0.162 0.167 0.173 0.183 0.188 0.185 0.177 0.175 0.183 0.196 0.204 0.208 0.212 0.203 0.206 0.22 0.225 0.22 0.216 0.216 0.221 0.219
-9999 -9999 -9999 -9999 -9999 -9999 -9999 -9999 -9999 -9999 -9999 -9999 -9999 -9999 -9999 -9999 -9999 -9999 -9999 -9999 -0.101 -0.095 -0.084 -0.073 -0.074 -0.076 -0.078 -0.081 -0.06 -0.036 -0.026 -0.014 -0.01 -0.006 0.02 0.05 0.045 0.037 0.048 0.062 0.078 0.097 0.095 0.09 0.109 0.131 0.128 0.124 0.128 0.133 0.146 0.162 0.165 0.167 0.172 0.178 0.187 0.195 0.193 0.189 0.187 0.185 0.197 0.213 0.217 0.222 0.214 0.203 0.216 0.233 0.229 0.224 0.224 0.224 0.222
-9999 -9999 -9999 -9999 -9999 -9999 -9999 -9999 -9999 -9999 -9999 -9999 -9999 -9999 -9999 -9999 -9999 -9999 -0.111 -0.105 -0.098 -0.099 -0.093 -0.095 -0.091 -0.075 -0.076 -0.077 -0.06 -0.043 -0.031 -0.013 -0.005 0.015 0.033 0.035 0.036 0.048 0.062 0.078 0.088 0.085 0.086 0.092 0.105 0.109 0.113 0.133 0.134 0.131 0.146 0.168 0.169 0.17 0.178 0.185 0.188 0.193 0.194 0.193 0.194 0.194 0.209 0.226 0.212 0.205 0.225 0.231 0.233 0.243 0.242 0.239 0.232 0.227 0.227
-9999 -9999 -9999 -9999 -9999 -9999 -9999 -9999 -9999 -9999 -9999 -9999 -9999 -9999 -9999 -9999 -9999 -0.117 -0.108 -0.103 -0.098 -0.096 -0.097 -0.099 -0.085 -0.069 -0.069 -0.07 -0.056 -0.041 -0.026 -0.009 0.008 0.028 0.031 0.032 0.044 0.056 0.072 0.089 0.088 0.085 0.091 0.097 0.101 0.104 0.121 0.14 0.137 0.134 0.152 0.173 0.175 0.175 0.183 0.191 0.194 0.196 0.197 0.199 0.201 0.202 0.215 0.232 0.219 0.202 0.22 0.243 0.246 0.249 0.248 0.247 0.24 0.23 0.229
-9999 -9999 -9999 -9999 -9999 -9999 -9999 -9999 -9999 -9999 -9999 -9999 -9999 -9999 -0.137 -0.141 -0.138 -0.13 -0.119 -0.099 -0.095 -0.094 -0.092 -0.086 -0.081 -0.089 -0.086 -0.074 -0.057 -0.029 -0.019 -0.018 -0.0 0.024 0.025 0.025 0.035 0.045 0.056 0.062 0.068 0.093 0.1 0.108 0.111 0.112 0.129 0.151 0.145 0.129 0.143 0.162 0.151 0.143 0.173 0.193 0.186 0.181 0.185 0.188 0.197 0.202 0.207 0.218 0.226 0.222 0.216 0.225 0.22 0.217 0.22 0.22 0.23 0.23 0.228
-9999 -9999 -9999 -9999 -9999 -9999 -9999 -9999 -9999 -9999 -9999 -9999 -0.162 -0.155 -0.151 -0.145 -0.138 -0.131 -0.113 -0.094 -0.091 -0.09 -0.083 -0.077 -0.083 -0.091 -0.081 -0.07 -0.047 -0.019 -0.018 -0.017 0.002 0.025 0.026 0.026 0.035 0.045 0.05 0.055 0.076 0.1 0.108 0.117 0.118 0.119 0.138 0.159 0.147 0.132 0.145 0.162 0.151 0.136 0.164 0.198 0.19 0.178 0.182 0.187 0.195 0.205 0.209 0.216 0.223 0.231 0.226 0.22 0.214 0.207 0.209 0.212 0.221 0.232 0.229
-9999 -9999 -9999 -9999 -9999 -9999 -9999 -9999 -0.157 -0.156 -0.158 -0.16 -0.15 -0.154 -0.145 -0.137 -0.133 -0.135 -0.122 -0.118 -0.11 -0.088 -0.081 -0.072 -0.07 -0.055 -0.045 -0.038 -0.019 -0.008 -0.004 0.004 0.015 0.007 0.014 0.033 0.04 0.043 0.053 0.073 0.091 0.104 0.109 0.107 0.108 0.111 0.13 0.155 0.148 0.149 0.146 0.153 0.158 0.154 0.165 0.187 0.2 0.202 0.195 0.194 0.198 0.206 0.21 0.216 0.212 0.214 0.224 0.226 0.224 0.219 0.218 0.219 0.224 0.234 0.242
-9999 -9999 -9999 -9999 -9999 -9999 -9999 -0.161 -0.155 -0.156 -0.151 -0.132 -0.139 -0.147 -0.137 -0.128 -0.129 -0.132 -0.127 -0.124 -0.105 -0.084 -0.074 -0.065 -0.051 -0.036 -0.029 -0.021 -0.011 -0.0 0.007 0.016 0.012 0.004 0.02 0.038 0.042 0.046 0.063 0.084 0.095 0.108 0.109 0.107 0.11 0.112 0.133 0.157 0.158 0.159 0.156 0.153 0.157 0.163 0.174 0.185 0.197 0.212 0.206 0.199 0.203 0.208 0.213 0.218 0.215 0.21 0.218 0.229 0.227 0.225 0.223 0.222 0.227 0.235 0.243
-9999 -9999 -9999 -9999 -9999 -9999 -0.158 -0.15 -0.146 -0.146 -0.137 -0.133 -0.138 -0.127 -0.125 -0.144 -0.141 -0.128 -0.121 -0.109 -0.094 -0.087 -0.074 -0.054 -0.047 -0.051 -0.037 -0.006 0.005 0.019 0.025 0.027 0.023 0.017 0.025 0.019 0.027 0.048 0.061 0.07 0.083 0.102 0.103 0.104 0.112 0.133 0.149 0.16 0.153 0.13 0.131 0.146 0.16 0.17 0.178 0.187 0.198 0.213 0.203 0.193 0.203 0.212 0.222 0.231 0.227 0.223 0.209 0.206 0.214 0.218 0.219 0.218 0.221 0.226 0.223
