Validation/Results/raw data/ReClimate_01_2024_2.asc
NCOLS 192
NROWS 249
XLLCENTER -225160.85627316462
YLLCENTER 29788.11610251502
CELLSIZE 5000.0
NODATA_VALUE -9999
[rows 99 to 131 of 249, columns 74 to 147 of 192]
98.791 97.173 99.149 99.702 100.632 100.125 99.864 100.212 -9999 -9999 100.34 100.143 100.691 100.688 100.499 100.195 99.792 99.122 98.155 97.975 97.05 98.216 99.98 99.376 98.753 99.691 101.089 100.403 98.708 99.492 100.778 100.988 102.126 102.563 103.412 103.41 103.467 102.887 101.893 102.118 101.851 101.964 102.172 102.207 102.289 -9999 -9999 -9999 -9999 -9999 -9999 -9999 -9999 -9999 -9999 -9999 -9999 -9999 -9999 -9999 -9999 -9999 -9999 -9999 -9999 -9999 -9999 -9999 -9999 -9999 -9999 -9999 -9999 -9999
97.817 98.357 99.604 -9999 -9999 99.966 99.859 -9999 -9999 -9999 100.094 100.381 100.687 100.667 100.867 100.378 99.619 99.16 99.264 98.894 99.18 100.091 100.077 100.0 100.653 100.539 98.278 98.432 101.213 101.891 101.927 102.358 101.932 102.344 102.271 102.353 102.495 102.05 102.232 102.265 102.712 102.687 102.325 102.345 102.282 -9999 -9999 -9999 -9999 -9999 -9999 -9999 -9999 -9999 -9999 -9999 -9999 -9999 -9999 -9999 -9999 -9999 -9999 -9999 -9999 -9999 -9999 -9999 -9999 -9999 -9999 -9999 -9999 -9999
98.211 -9999 97.27 96.935 95.984 -9999 -9999 -9999 -9999 100.153 99.66 100.224 101.323 101.382 101.251 100.241 98.578 98.452 97.962 98.034 97.821 98.312 99.644 100.481 101.82 99.017 94.603 97.164 100.198 100.301 100.526 100.749 101.944 101.936 102.012 101.677 100.566 101.398 103.404 103.544 103.278 102.878 102.294 102.265 -9999 -9999 -9999 -9999 -9999 -9999 -9999 -9999 -9999 -9999 -9999 -9999 -9999 -9999 -9999 -9999 -9999 -9999 -9999 -9999 -9999 -9999 -9999 -9999 -9999 -9999 -9999 -9999 -9999 -9999
99.325 98.847 99.168 98.972 99.764 97.392 95.106 -9999 -9999 99.727 -9999 -9999 98.587 99.047 100.461 99.227 98.219 98.034 98.21 98.605 99.955 100.629 100.578 101.277 101.289 98.874 98.509 99.705 98.693 99.668 101.989 102.477 102.121 102.16 102.154 101.744 102.184 103.085 102.716 102.153 100.972 101.095 102.249 -9999 -9999 -9999 -9999 -9999 -9999 -9999 -9999 -9999 -9999 -9999 -9999 -9999 -9999 -9999 -9999 -9999 -9999 -9999 -9999 -9999 -9999 -9999 -9999 -9999 -9999 -9999 -9999 -9999 -9999 -9999
99.286 99.736 100.487 101.261 102.226 -9999 -9999 -9999 100.281 99.88 97.904 96.768 95.339 97.433 101.118 100.249 99.314 99.651 100.305 101.466 102.702 102.177 100.828 100.867 100.947 100.915 101.332 100.887 101.095 102.819 104.234 103.708 102.774 102.718 102.568 102.781 102.739 102.704 -9999 -9999 101.601 -9999 -9999 -9999 -9999 -9999 -9999 -9999 -9999 -9999 -9999 -9999 -9999 -9999 -9999 -9999 -9999 -9999 -9999 -9999 -9999 -9999 -9999 -9999 -9999 -9999 -9999 -9999 -9999 -9999 -9999 -9999 -9999 -9999
99.766 100.013 99.633 -9999 100.119 -9999 -9999 -9999 100.131 99.438 99.581 98.246 96.684 99.106 100.514 100.233 100.808 100.983 100.537 101.439 102.138 101.161 100.402 100.185 99.481 99.629 99.44 98.712 96.449 98.234 101.086 101.063 102.308 102.106 101.764 101.873 102.227 -9999 103.45 102.811 101.998 102.074 -9999 -9999 -9999 -9999 -9999 -9999 -9999 -9999 -9999 -9999 -9999 -9999 -9999 -9999 -9999 -9999 -9999 -9999 -9999 -9999 -9999 -9999 -9999 -9999 -9999 -9999 -9999 -9999 -9999 -9999 -9999 -9999
-9999 100.797 -9999 -9999 -9999 -9999 99.037 98.668 99.689 99.406 98.462 97.269 96.26 97.835 100.123 100.504 100.775 100.571 100.648 101.134 101.464 100.865 100.304 99.152 97.019 97.038 97.347 95.543 93.825 96.642 100.278 100.678 100.015 99.753 99.52 -9999 100.6 101.473 102.814 102.206 101.673 102.065 -9999 -9999 -9999 -9999 -9999 -9999 -9999 -9999 -9999 -9999 -9999 -9999 -9999 -9999 -9999 -9999 -9999 -9999 -9999 -9999 -9999 -9999 -9999 -9999 -9999 -9999 -9999 -9999 -9999 -9999 -9999 -9999
-9999 -9999 -9999 -9999 -9999 -9999 100.221 99.918 99.822 99.244 99.024 98.3 97.78 99.054 99.297 99.66 100.294 100.328 100.366 100.579 100.688 100.23 99.773 98.395 97.65 98.615 100.788 99.845 99.693 101.277 100.465 100.74 102.417 102.251 102.125 102.339 101.996 102.451 101.8 101.745 102.329 102.141 102.213 -9999 -9999 -9999 -9999 -9999 -9999 -9999 -9999 -9999 -9999 -9999 -9999 -9999 -9999 -9999 -9999 -9999 -9999 -9999 -9999 -9999 -9999 -9999 -9999 -9999 -9999 -9999 -9999 -9999 -9999 -9999
-9999 -9999 -9999 -9999 -9999 100.064 -9999 -9999 100.784 100.652 100.616 100.334 100.315 -9999 -9999 99.629 100.426 100.275 99.865 100.377 101.638 101.207 100.675 100.537 101.203 103.006 104.835 103.959 101.796 98.42 90.398 93.665 100.183 100.723 102.365 101.938 101.254 100.875 100.756 101.342 102.106 102.29 103.091 103.239 -9999 -9999 -9999 -9999 -9999 -9999 -9999 -9999 -9999 -9999 -9999 -9999 -9999 -9999 -9999 -9999 -9999 -9999 -9999 -9999 -9999 -9999 -9999 -9999 -9999 -9999 -9999 -9999 -9999 -9999
-9999 -9999 -9999 -9999 -9999 100.296 -9999 100.914 100.67 100.664 100.707 100.664 100.591 99.981 99.802 100.191 100.135 99.458 98.242 99.375 100.719 100.438 100.416 100.519 99.861 100.916 101.207 100.001 99.769 95.981 96.97 100.244 99.97 100.968 101.368 101.37 102.338 102.169 101.871 101.942 101.047 101.718 102.418 -9999 -9999 -9999 -9999 -9999 -9999 -9999 -9999 -9999 -9999 -9999 -9999 -9999 -9999 -9999 -9999 -9999 -9999 -9999 -9999 -9999 -9999 -9999 -9999 -9999 -9999 -9999 -9999 -9999 -9999 -9999
-9999 -9999 -9999 -9999 -9999 100.529 -9999 100.401 100.235 100.761 102.114 101.551 -9999 100.028 99.937 -9999 101.406 100.598 100.137 100.869 101.012 101.275 102.053 101.6 101.293 100.799 99.05 99.859 102.375 103.483 105.097 104.169 102.028 102.104 101.746 102.572 103.457 103.278 103.201 -9999 -9999 -9999 -9999 -9999 -9999 -9999 -9999 -9999 -9999 -9999 -9999 -9999 -9999 -9999 -9999 -9999 -9999 -9999 -9999 -9999 -9999 -9999 -9999 -9999 -9999 -9999 -9999 -9999 -9999 -9999 -9999 -9999 -9999 -9999
-9999 -9999 -9999 100.719 100.591 -9999 -9999 99.684 98.996 99.801 100.077 99.691 100.605 100.525 100.452 -9999 100.024 100.027 100.69 100.305 99.098 99.891 101.001 100.926 101.149 100.595 101.546 102.47 101.436 102.105 101.646 100.185 99.223 99.752 101.697 102.376 102.977 103.229 -9999 -9999 -9999 -9999 -9999 -9999 -9999 -9999 -9999 -9999 -9999 -9999 -9999 -9999 -9999 -9999 -9999 -9999 -9999 -9999 -9999 -9999 -9999 -9999 -9999 -9999 -9999 -9999 -9999 -9999 -9999 -9999 -9999 -9999 -9999 -9999
-9999 -9999 100.641 100.604 98.676 -9999 99.182 98.852 97.23 97.977 -9999 100.413 101.321 101.247 101.165 -9999 100.684 101.465 102.655 101.73 100.941 101.149 100.214 99.201 96.169 97.531 99.884 99.336 99.302 -9999 101.655 101.341 101.842 102.976 103.32 103.526 103.238 -9999 -9999 -9999 -9999 -9999 -9999 -9999 -9999 -9999 -9999 -9999 -9999 -9999 -9999 -9999 -9999 -9999 -9999 -9999 -9999 -9999 -9999 -9999 -9999 -9999 -9999 -9999 -9999 -9999 -9999 -9999 -9999 -9999 -9999 -9999 -9999 -9999
-9999 -9999 100.526 98.688 -9999 -9999 98.317 97.073 96.048 -9999 99.892 100.597 101.23 101.122 100.963 -9999 100.982 101.175 100.045 100.042 101.152 100.302 99.363 97.993 98.607 100.117 100.898 100.554 99.665 100.869 101.47 -9999 -9999 101.69 102.189 -9999 -9999 -9999 -9999 -9999 -9999 102.012 102.133 101.108 -9999 -9999 -9999 -9999 -9999 -9999 -9999 -9999 -9999 -9999 -9999 -9999 -9999 -9999 -9999 -9999 -9999 -9999 -9999 -9999 -9999 -9999 -9999 -9999 -9999 -9999 -9999 -9999 -9999 -9999
-9999 101.001 100.188 -9999 -9999 98.085 99.274 97.734 96.812 -9999 101.111 101.647 102.22 102.084 101.959 -9999 -9999 -9999 98.684 99.7 100.902 100.255 99.848 100.948 103.128 103.564 103.644 102.485 100.588 100.589 99.742 99.766 100.246 100.951 102.167 -9999 -9999 -9999 -9999 -9999 102.265 102.322 102.152 101.553 101.569 -9999 -9999 -9999 -9999 -9999 -9999 -9999 -9999 -9999 -9999 -9999 -9999 -9999 -9999 -9999 -9999 -9999 -9999 -9999 -9999 -9999 -9999 -9999 -9999 -9999 -9999 -9999 -9999 -9999
101.686 101.439 101.62 -9999 -9999 -9999 97.604 96.862 97.152 -9999 101.16 -9999 101.27 101.179 101.127 -9999 99.617 99.287 99.933 -9999 99.63 99.262 98.852 100.086 100.423 100.603 101.008 100.181 100.605 100.413 101.083 101.515 102.012 102.548 102.273 102.194 102.174 102.227 -9999 102.46 102.574 102.424 102.185 102.211 102.245 102.282 102.323 -9999 -9999 -9999 -9999 -9999 -9999 -9999 -9999 -9999 -9999 -9999 -9999 -9999 -9999 -9999 -9999 -9999 -9999 -9999 -9999 -9999 -9999 -9999 -9999 -9999 -9999 -9999
101.782 101.305 -9999 -9999 -9999 -9999 99.505 99.998 100.926 -9999 101.583 -9999 103.121 102.468 -9999 100.746 100.095 100.204 99.607 99.351 99.627 99.902 101.243 101.546 101.94 102.216 102.466 102.327 101.347 101.529 101.075 101.392 101.539 100.747 98.962 98.775 98.382 99.269 101.611 101.902 102.328 102.177 102.093 102.177 102.339 102.379 102.42 102.474 102.553 102.687 -9999 -9999 -9999 -9999 -9999 -9999 -9999 -9999 -9999 -9999 -9999 -9999 -9999 -9999 -9999 -9999 -9999 -9999 -9999 -9999 -9999 -9999 -9999 -9999
-9999 101.114 -9999 -9999 -9999 -9999 100.391 100.961 101.204 100.321 -9999 -9999 101.069 99.877 -9999 101.545 100.1 100.123 101.044 101.025 100.61 101.286 101.25 101.128 100.265 100.365 100.357 100.288 101.483 101.428 101.904 102.048 102.224 101.278 101.215 101.013 101.001 102.209 102.184 102.363 102.259 102.25 102.326 102.42 102.43 102.474 102.519 102.58 102.643 102.684 102.848 -9999 -9999 -9999 -9999 -9999 -9999 -9999 -9999 -9999 -9999 -9999 -9999 -9999 -9999 -9999 -9999 -9999 -9999 -9999 -9999 -9999 -9999 -9999
103.144 -9999 -9999 -9999 -9999 -9999 100.987 101.698 101.107 99.744 -9999 -9999 100.481 100.774 -9999 -9999 101.054 101.925 103.011 101.888 99.458 98.987 97.78 96.975 96.019 96.908 99.413 100.535 101.885 101.835 101.014 100.912 100.375 100.344 100.341 100.664 101.549 100.938 99.297 99.79 101.27 101.612 102.428 102.46 102.517 102.61 102.784 103.079 103.783 103.555 102.842 -9999 -9999 -9999 -9999 -9999 -9999 -9999 -9999 -9999 -9999 -9999 -9999 -9999 -9999 -9999 -9999 -9999 -9999 -9999 -9999 -9999 -9999 -9999
103.232 -9999 -9999 -9999 -9999 -9999 99.908 100.901 99.66 -9999 -9999 -9999 -9999 100.693 -9999 100.859 101.122 101.53 101.131 99.891 99.981 99.464 99.786 99.281 99.281 100.751 101.267 101.649 100.806 100.242 99.856 99.627 99.753 99.812 99.967 100.995 102.546 101.703 101.718 102.36 101.998 102.301 101.956 102.154 102.603 102.767 102.954 103.12 102.558 102.391 102.938 102.969 -9999 -9999 -9999 -9999 -9999 -9999 -9999 -9999 -9999 -9999 -9999 -9999 -9999 -9999 -9999 -9999 -9999 -9999 -9999 -9999 -9999 -9999
102.427 -9999 -9999 -9999 101.315 100.284 100.746 99.959 -9999 -9999 99.685 -9999 -9999 -9999 -9999 102.268 102.487 102.389 102.716 102.557 102.029 101.651 100.196 99.918 99.178 99.521 99.77 99.72 100.837 101.143 102.514 102.386 101.845 101.593 100.667 101.517 101.651 101.332 100.415 100.441 101.013 101.295 102.549 102.76 102.684 102.805 102.858 102.593 102.651 102.963 103.03 103.083 -9999 -9999 -9999 -9999 -9999 -9999 -9999 -9999 -9999 -9999 -9999 -9999 -9999 -9999 -9999 -9999 -9999 -9999 -9999 -9999 -9999 -9999
-9999 -9999 -9999 -9999 -9999 102.222 101.71 101.869 -9999 100.661 99.706 99.413 -9999 -9999 -9999 -9999 101.834 101.599 100.532 100.202 100.079 99.213 98.953 98.867 99.691 99.944 100.302 101.146 101.936 102.481 102.013 101.833 102.098 101.588 101.496 101.551 101.513 100.632 99.5 100.353 101.865 102.607 102.843 102.795 102.755 102.809 102.864 102.921 102.982 103.046 103.115 103.174 103.166 -9999 -9999 -9999 -9999 -9999 -9999 -9999 -9999 -9999 -9999 -9999 -9999 -9999 -9999 -9999 -9999 -9999 -9999 -9999 -9999 -9999
-9999 -9999 -9999 -9999 -9999 101.579 101.584 101.927 -9999 101.875 100.191 99.982 -9999 -9999 -9999 -9999 -9999 101.322 101.796 101.541 101.06 100.675 100.019 100.363 100.145 99.445 97.045 97.84 98.961 98.243 96.938 98.093 100.867 100.397 99.249 99.579 100.519 100.227 101.021 102.446 104.189 104.04 103.274 103.323 103.498 103.467 103.284 103.251 103.059 103.126 103.196 103.254 103.268 103.241 -9999 -9999 -9999 -9999 -9999 -9999 -9999 -9999 -9999 -9999 -9999 -9999 -9999 -9999 -9999 -9999 -9999 -9999 -9999 -9999
-9999 -9999 -9999 -9999 -9999 101.963 101.926 -9999 -9999 101.184 97.16 97.756 100.289 -9999 -9999 -9999 -9999 -9999 100.767 100.649 101.055 100.546 100.112 99.972 99.913 98.641 98.59 99.103 98.988 98.15 97.704 99.663 101.066 99.882 98.295 99.315 100.754 101.384 101.964 103.309 104.503 103.858 103.159 103.029 102.402 102.544 103.182 103.1 103.133 103.204 103.274 103.328 103.343 103.327 103.313 103.292 -9999 -9999 -9999 -9999 -9999 -9999 -9999 -9999 -9999 -9999 -9999 -9999 -9999 -9999 -9999 -9999 -9999 -9999
-9999 -9999 -9999 -9999 -9999 102.518 103.201 -9999 -9999 101.559 99.454 100.662 -9999 -9999 -9999 -9999 -9999 -9999 100.754 101.157 101.713 101.554 101.755 101.384 100.473 100.214 99.593 99.167 98.242 97.437 95.862 96.273 95.4 94.275 93.442 95.014 97.263 98.541 101.212 102.488 104.28 103.698 103.076 102.373 101.314 101.804 102.231 102.449 102.987 103.118 103.343 103.35 103.351 103.337 103.322 103.307 -9999 -9999 -9999 -9999 -9999 -9999 -9999 -9999 -9999 -9999 -9999 -9999 -9999 -9999 -9999 -9999 -9999 -9999
-9999 -9999 -9999 -9999 -9999 103.762 101.086 -9999 -9999 -9999 99.886 100.619 100.646 -9999 -9999 -9999 -9999 -9999 100.811 101.049 100.933 100.894 100.523 99.934 99.637 99.673 100.663 100.062 99.807 98.387 96.747 96.401 96.716 96.621 97.523 98.733 98.827 100.847 102.567 103.696 104.225 103.734 103.252 102.44 101.696 102.14 102.737 103.049 103.123 103.293 103.369 103.355 103.341 103.326 103.31 103.294 -9999 -9999 -9999 -9999 -9999 -9999 -9999 -9999 -9999 -9999 -9999 -9999 -9999 -9999 -9999 -9999 -9999 -9999
-9999 -9999 -9999 -9999 103.717 103.429 101.377 -9999 -9999 -9999 -9999 -9999 -9999 -9999 -9999 -9999 -9999 -9999 97.776 97.556 97.143 97.015 97.211 97.587 99.048 99.993 101.177 100.044 97.373 95.745 93.653 94.668 97.028 97.685 98.179 98.014 97.413 99.073 101.167 101.793 102.744 102.431 102.241 101.389 100.084 100.26 99.873 100.654 102.854 103.367 103.363 103.349 103.335 103.319 103.303 103.286 103.276 -9999 -9999 -9999 -9999 -9999 -9999 -9999 -9999 -9999 -9999 -9999 -9999 -9999 -9999 -9999 -9999 -9999
-9999 -9999 -9999 104.141 104.395 103.717 103.333 -9999 -9999 -9999 -9999 -9999 -9999 -9999 -9999 -9999 101.242 98.215 99.189 99.156 99.674 99.715 99.571 100.43 100.714 100.804 99.378 98.126 98.558 97.524 97.724 98.829 98.483 98.776 98.854 98.748 99.305 100.466 100.65 101.208 101.367 101.666 102.746 102.062 102.026 101.54 100.73 102.155 103.364 103.371 103.361 103.347 103.332 103.316 103.299 103.28 103.262 -9999 -9999 -9999 -9999 -9999 -9999 -9999 -9999 -9999 -9999 -9999 -9999 -9999 -9999 -9999 -9999 -9999
-9999 -9999 -9999 104.52 105.863 105.258 -9999 -9999 -9999 -9999 -9999 -9999 -9999 -9999 -9999 -9999 101.241 99.613 98.297 98.591 98.676 97.885 95.952 95.909 95.402 95.033 96.065 97.363 100.346 100.197 99.579 99.687 100.45 100.606 100.904 100.983 100.396 100.126 99.105 98.745 97.506 98.425 99.396 98.367 95.555 95.489 98.147 103.364 103.376 103.377 103.362 103.348 103.332 103.315 103.297 103.278 103.254 -9999 -9999 -9999 -9999 -9999 -9999 -9999 -9999 -9999 -9999 -9999 -9999 -9999 -9999 -9999 -9999 -9999
-9999 -9999 -9999 -9999 -9999 -9999 -9999 -9999 -9999 -9999 -9999 -9999 -9999 -9999 -9999 -9999 100.939 100.281 100.199 100.306 100.502 98.903 97.314 97.547 98.92 99.106 98.169 99.785 99.998 99.882 100.546 100.859 100.599 100.46 99.631 99.421 99.686 99.427 100.159 99.764 100.429 101.107 101.562 99.961 99.554 100.3 103.37 103.381 103.388 103.381 103.366 103.351 103.334 103.317 103.298 103.278 103.25 -9999 -9999 -9999 -9999 -9999 -9999 -9999 -9999 -9999 -9999 -9999 -9999 -9999 -9999 -9999 -9999 -9999
-9999 -9999 -9999 -9999 -9999 -9999 -9999 -9999 -9999 -9999 -9999 -9999 -9999 -9999 -9999 101.39 98.209 97.734 96.588 97.256 98.819 97.866 97.547 99.251 101.967 100.938 99.488 100.238 102.026 102.591 103.297 102.584 100.967 100.691 101.098 101.155 100.934 101.1 100.494 100.629 100.027 100.259 100.228 99.602 99.652 103.381 103.391 103.4 103.401 103.387 103.372 103.356 103.339 103.321 103.302 103.281 103.249 -9999 -9999 -9999 -9999 -9999 -9999 -9999 -9999 -9999 -9999 -9999 -9999 -9999 -9999 -9999 -9999 -9999
-9999 -9999 -9999 -9999 -9999 -9999 -9999 -9999 -9999 -9999 -9999 -9999 -9999 -9999 -9999 98.529 99.614 99.094 99.347 99.846 99.006 98.905 99.115 100.134 99.063 98.554 99.25 100.373 100.938 101.139 100.756 100.938 103.724 102.742 99.432 99.175 98.782 99.085 100.786 100.256 99.64 99.512 99.187 98.276 100.281 103.406 103.414 103.42 103.411 103.396 103.38 103.364 103.346 103.327 103.307 103.285 103.251 -9999 -9999 -9999 -9999 -9999 -9999 -9999 -9999 -9999 -9999 -9999 -9999 -9999 -9999 -9999 -9999 -9999
-9999 -9999 -9999 -9999 -9999 -9999 -9999 -9999 -9999 -9999 -9999 -9999 -9999 -9999 101.443 99.83 98.81 99.531 101.185 99.927 97.732 98.095 98.809 98.964 100.936 101.218 101.018 100.838 99.596 99.729 100.685 103.25 106.277 103.576 100.863 100.274 99.206 100.734 102.499 101.79 100.697 100.211 99.313 99.658 103.428 103.434 103.44 103.438 103.423 103.407 103.39 103.373 103.355 103.336 103.313 103.286 103.25 103.211 -9999 -9999 -9999 -9999 -9999 -9999 -9999 -9999 -9999 -9999 -9999 -9999 -9999 -9999 -9999 -9999
