Validation/Results/raw data/ReClimate_10_2023_1weatherlogisticsltd.asc
NCOLS 192
NROWS 249
XLLCENTER -225160.85627316462
YLLCENTER 29788.11610251502
CELLSIZE 5000.0
NODATA_VALUE -9999
[rows 99 to 131 of 249, columns 74 to 147 of 192]
101.84 101.786 101.829 101.94 102.091 102.031 101.96 101.904 -9999 -9999 101.726 101.789 101.757 101.613 101.483 101.328 101.228 101.017 100.607 100.516 100.457 100.406 100.422 100.391 100.326 100.37 100.532 100.236 99.707 99.72 99.919 99.842 99.93 99.948 99.941 99.894 99.796 99.742 99.684 99.642 99.619 99.595 99.569 99.539 99.509 -9999 -9999 -9999 -9999 -9999 -9999 -9999 -9999 -9999 -9999 -9999 -9999 -9999 -9999 -9999 -9999 -9999 -9999 -9999 -9999 -9999 -9999 -9999 -9999 -9999 -9999 -9999 -9999 -9999
101.872 101.882 101.922 -9999 -9999 101.98 101.93 -9999 -9999 -9999 101.771 101.783 101.792 101.689 101.629 101.459 101.22 101.0 101.014 100.904 100.735 100.678 100.564 100.583 100.771 100.696 100.279 100.064 100.189 100.262 100.142 100.162 100.098 100.05 99.947 99.891 99.899 99.846 99.79 99.747 99.722 99.698 99.672 99.643 99.613 -9999 -9999 -9999 -9999 -9999 -9999 -9999 -9999 -9999 -9999 -9999 -9999 -9999 -9999 -9999 -9999 -9999 -9999 -9999 -9999 -9999 -9999 -9999 -9999 -9999 -9999 -9999 -9999 -9999
101.934 -9999 101.745 101.707 101.592 -9999 -9999 -9999 -9999 101.851 101.806 101.852 101.884 101.834 101.796 101.487 101.05 101.024 100.965 100.774 100.523 100.541 100.745 100.866 100.994 100.445 99.516 99.792 100.421 100.342 100.297 100.241 100.195 100.107 100.029 99.968 99.831 99.86 99.893 99.851 99.826 99.805 99.782 99.757 -9999 -9999 -9999 -9999 -9999 -9999 -9999 -9999 -9999 -9999 -9999 -9999 -9999 -9999 -9999 -9999 -9999 -9999 -9999 -9999 -9999 -9999 -9999 -9999 -9999 -9999 -9999 -9999 -9999 -9999
102.001 101.971 102.095 102.066 102.162 102.068 101.781 -9999 -9999 101.891 -9999 -9999 101.438 101.522 101.728 101.372 101.064 101.004 100.976 100.924 101.197 101.252 101.157 101.169 100.956 100.429 100.302 100.581 100.48 100.431 100.384 100.337 100.29 100.226 100.168 100.066 100.043 100.038 99.993 99.951 99.927 99.907 99.885 -9999 -9999 -9999 -9999 -9999 -9999 -9999 -9999 -9999 -9999 -9999 -9999 -9999 -9999 -9999 -9999 -9999 -9999 -9999 -9999 -9999 -9999 -9999 -9999 -9999 -9999 -9999 -9999 -9999 -9999 -9999
102.065 102.134 102.134 102.184 102.19 -9999 -9999 -9999 101.978 101.929 101.663 101.457 101.314 101.572 101.993 101.694 101.322 101.297 101.29 101.537 101.857 101.604 101.126 100.979 100.925 100.845 100.83 100.721 100.608 100.599 100.6 100.574 100.472 100.4 100.28 100.235 100.189 100.142 -9999 -9999 100.024 -9999 -9999 -9999 -9999 -9999 -9999 -9999 -9999 -9999 -9999 -9999 -9999 -9999 -9999 -9999 -9999 -9999 -9999 -9999 -9999 -9999 -9999 -9999 -9999 -9999 -9999 -9999 -9999 -9999 -9999 -9999 -9999 -9999
102.128 102.132 102.134 -9999 102.131 -9999 -9999 -9999 102.017 101.905 101.913 101.789 101.66 101.879 101.917 101.66 101.504 101.481 101.488 101.681 101.785 101.383 100.999 100.9 100.715 100.713 100.747 100.585 100.374 100.416 100.554 100.483 100.476 100.372 100.275 100.262 100.29 -9999 100.186 100.144 100.12 100.095 -9999 -9999 -9999 -9999 -9999 -9999 -9999 -9999 -9999 -9999 -9999 -9999 -9999 -9999 -9999 -9999 -9999 -9999 -9999 -9999 -9999 -9999 -9999 -9999 -9999 -9999 -9999 -9999 -9999 -9999 -9999 -9999
-9999 102.192 -9999 -9999 -9999 -9999 102.159 102.143 102.122 102.104 102.035 101.934 101.82 101.807 101.754 101.687 101.75 101.744 101.745 101.812 101.862 101.505 101.136 100.904 100.561 100.577 100.561 100.44 100.448 100.494 100.64 100.582 100.453 100.309 100.068 -9999 100.387 100.331 100.261 100.228 100.221 100.183 -9999 -9999 -9999 -9999 -9999 -9999 -9999 -9999 -9999 -9999 -9999 -9999 -9999 -9999 -9999 -9999 -9999 -9999 -9999 -9999 -9999 -9999 -9999 -9999 -9999 -9999 -9999 -9999 -9999 -9999 -9999 -9999
-9999 -9999 -9999 -9999 -9999 -9999 102.159 102.209 102.204 102.181 102.167 102.082 101.982 101.896 101.764 101.797 101.827 101.775 101.7 101.741 101.796 101.497 101.186 100.953 100.865 100.886 100.992 100.962 100.768 100.823 100.774 100.718 100.765 100.62 100.577 100.644 100.488 100.426 100.366 100.334 100.305 100.274 100.24 -9999 -9999 -9999 -9999 -9999 -9999 -9999 -9999 -9999 -9999 -9999 -9999 -9999 -9999 -9999 -9999 -9999 -9999 -9999 -9999 -9999 -9999 -9999 -9999 -9999 -9999 -9999 -9999 -9999 -9999 -9999
-9999 -9999 -9999 -9999 -9999 102.271 -9999 -9999 102.164 102.283 102.564 102.426 102.17 -9999 -9999 101.888 102.034 101.942 101.853 101.875 101.898 101.626 101.32 101.347 101.563 101.584 101.504 101.318 100.953 100.486 99.319 99.735 100.711 100.712 100.841 100.707 100.569 100.5 100.419 100.368 100.328 100.312 100.327 100.337 -9999 -9999 -9999 -9999 -9999 -9999 -9999 -9999 -9999 -9999 -9999 -9999 -9999 -9999 -9999 -9999 -9999 -9999 -9999 -9999 -9999 -9999 -9999 -9999 -9999 -9999 -9999 -9999 -9999 -9999
-9999 -9999 -9999 -9999 -9999 102.327 -9999 102.223 102.211 102.405 102.492 102.33 102.207 102.044 101.912 101.974 101.962 101.855 101.732 101.686 101.629 101.431 101.324 101.4 101.325 101.228 101.139 100.862 100.646 100.161 100.435 100.911 100.812 100.867 100.845 100.735 100.629 100.566 100.527 100.418 100.202 100.24 100.307 -9999 -9999 -9999 -9999 -9999 -9999 -9999 -9999 -9999 -9999 -9999 -9999 -9999 -9999 -9999 -9999 -9999 -9999 -9999 -9999 -9999 -9999 -9999 -9999 -9999 -9999 -9999 -9999 -9999 -9999 -9999
-9999 -9999 -9999 -9999 -9999 102.382 -9999 102.354 102.372 102.431 102.452 102.348 -9999 102.054 101.999 -9999 102.369 102.177 101.857 101.736 101.544 101.495 101.546 101.458 101.258 101.132 100.949 100.879 101.066 101.151 101.021 100.974 100.991 100.955 100.91 100.833 100.773 100.726 100.662 -9999 -9999 -9999 -9999 -9999 -9999 -9999 -9999 -9999 -9999 -9999 -9999 -9999 -9999 -9999 -9999 -9999 -9999 -9999 -9999 -9999 -9999 -9999 -9999 -9999 -9999 -9999 -9999 -9999 -9999 -9999 -9999 -9999 -9999 -9999
-9999 -9999 -9999 102.478 102.47 -9999 -9999 102.451 102.42 102.43 102.421 102.341 102.292 102.212 102.11 -9999 101.877 101.748 101.89 101.667 101.374 101.361 101.372 101.237 101.169 101.153 101.388 101.451 101.286 101.175 101.043 100.985 100.821 100.818 100.865 100.828 100.835 100.801 -9999 -9999 -9999 -9999 -9999 -9999 -9999 -9999 -9999 -9999 -9999 -9999 -9999 -9999 -9999 -9999 -9999 -9999 -9999 -9999 -9999 -9999 -9999 -9999 -9999 -9999 -9999 -9999 -9999 -9999 -9999 -9999 -9999 -9999 -9999 -9999
-9999 -9999 102.551 102.541 102.529 -9999 102.48 102.465 102.438 102.42 -9999 102.407 102.45 102.359 102.268 -9999 101.906 101.932 101.84 101.663 101.632 101.55 101.416 101.112 100.43 100.706 101.152 101.132 101.329 -9999 101.094 101.022 101.076 101.086 101.057 101.017 100.957 -9999 -9999 -9999 -9999 -9999 -9999 -9999 -9999 -9999 -9999 -9999 -9999 -9999 -9999 -9999 -9999 -9999 -9999 -9999 -9999 -9999 -9999 -9999 -9999 -9999 -9999 -9999 -9999 -9999 -9999 -9999 -9999 -9999 -9999 -9999 -9999 -9999
-9999 -9999 102.614 102.602 -9999 -9999 102.498 102.496 102.468 -9999 102.414 102.468 102.487 102.399 102.29 -9999 102.067 101.975 101.885 101.82 101.71 101.56 101.397 101.049 101.181 101.394 101.397 101.457 101.356 101.253 101.146 -9999 -9999 101.011 101.118 -9999 -9999 -9999 -9999 -9999 -9999 100.667 100.662 100.634 -9999 -9999 -9999 -9999 -9999 -9999 -9999 -9999 -9999 -9999 -9999 -9999 -9999 -9999 -9999 -9999 -9999 -9999 -9999 -9999 -9999 -9999 -9999 -9999 -9999 -9999 -9999 -9999 -9999 -9999
-9999 102.694 102.679 -9999 -9999 102.646 102.613 102.573 102.419 -9999 102.529 102.55 102.531 102.452 102.384 -9999 -9999 -9999 101.967 101.872 101.8 101.674 101.585 101.587 101.502 101.527 101.629 101.512 101.297 101.177 101.011 100.914 100.867 101.004 101.254 -9999 -9999 -9999 -9999 -9999 100.806 100.8 100.769 100.67 100.493 -9999 -9999 -9999 -9999 -9999 -9999 -9999 -9999 -9999 -9999 -9999 -9999 -9999 -9999 -9999 -9999 -9999 -9999 -9999 -9999 -9999 -9999 -9999 -9999 -9999 -9999 -9999 -9999 -9999
102.776 102.762 102.748 -9999 -9999 -9999 102.628 102.525 102.441 -9999 102.605 -9999 102.54 102.479 102.41 -9999 102.228 102.133 102.049 -9999 101.825 101.717 101.555 101.495 101.526 101.527 101.466 101.337 101.31 101.217 101.204 101.187 101.225 101.309 101.178 101.111 100.992 101.001 -9999 100.976 100.939 100.915 100.912 100.892 101.047 101.105 101.198 -9999 -9999 -9999 -9999 -9999 -9999 -9999 -9999 -9999 -9999 -9999 -9999 -9999 -9999 -9999 -9999 -9999 -9999 -9999 -9999 -9999 -9999 -9999 -9999 -9999 -9999 -9999
102.851 102.835 -9999 -9999 -9999 -9999 102.726 102.673 102.653 -9999 102.669 -9999 102.587 102.529 -9999 102.376 102.3 102.223 102.13 102.016 101.927 101.801 101.712 101.675 101.59 101.555 101.647 101.553 101.375 101.342 101.28 101.299 101.311 101.127 100.823 100.727 100.593 100.657 100.861 100.837 100.832 100.77 100.586 100.832 101.146 101.326 101.696 101.893 102.119 102.53 -9999 -9999 -9999 -9999 -9999 -9999 -9999 -9999 -9999 -9999 -9999 -9999 -9999 -9999 -9999 -9999 -9999 -9999 -9999 -9999 -9999 -9999 -9999 -9999
-9999 102.913 -9999 -9999 -9999 -9999 102.815 102.794 102.771 102.723 -9999 -9999 102.648 102.596 -9999 102.445 102.364 102.287 102.2 102.115 102.023 101.934 101.843 101.752 101.659 101.583 101.325 101.267 101.352 101.365 101.492 101.461 101.348 101.195 101.204 101.126 101.113 101.152 100.948 100.976 101.122 101.161 101.492 101.71 101.833 102.085 102.203 102.356 102.561 102.644 103.01 -9999 -9999 -9999 -9999 -9999 -9999 -9999 -9999 -9999 -9999 -9999 -9999 -9999 -9999 -9999 -9999 -9999 -9999 -9999 -9999 -9999 -9999 -9999
103.011 -9999 -9999 -9999 -9999 -9999 102.884 102.861 102.835 102.767 -9999 -9999 102.702 102.654 -9999 -9999 102.428 102.341 102.259 102.175 102.094 101.912 101.548 101.456 101.395 101.283 101.492 101.518 101.473 101.498 101.403 101.342 101.336 101.332 101.303 101.305 101.35 101.011 100.404 100.592 100.847 101.304 102.01 102.165 102.38 102.527 102.709 102.961 103.331 103.344 103.204 -9999 -9999 -9999 -9999 -9999 -9999 -9999 -9999 -9999 -9999 -9999 -9999 -9999 -9999 -9999 -9999 -9999 -9999 -9999 -9999 -9999 -9999 -9999
103.097 -9999 -9999 -9999 -9999 -9999 102.957 102.924 102.881 -9999 -9999 -9999 -9999 102.72 -9999 102.576 102.484 102.395 102.31 102.23 102.151 101.943 101.889 101.833 101.748 101.794 101.682 101.591 101.449 101.388 101.368 101.389 101.455 101.426 101.382 101.37 101.297 101.115 101.487 101.617 101.576 101.99 102.066 102.295 102.585 102.781 103.039 103.288 103.392 103.393 103.56 103.772 -9999 -9999 -9999 -9999 -9999 -9999 -9999 -9999 -9999 -9999 -9999 -9999 -9999 -9999 -9999 -9999 -9999 -9999 -9999 -9999 -9999 -9999
103.212 -9999 -9999 -9999 103.082 103.058 103.033 102.994 -9999 -9999 102.887 -9999 -9999 -9999 -9999 102.64 102.543 102.451 102.364 102.281 102.201 102.138 102.057 101.936 101.733 101.68 101.698 101.622 101.644 101.687 101.845 101.848 101.733 101.653 101.478 101.315 101.04 101.399 101.765 101.804 101.937 102.139 102.543 102.814 103.083 103.271 103.428 103.511 103.502 103.681 103.895 104.093 -9999 -9999 -9999 -9999 -9999 -9999 -9999 -9999 -9999 -9999 -9999 -9999 -9999 -9999 -9999 -9999 -9999 -9999 -9999 -9999 -9999 -9999
-9999 -9999 -9999 -9999 -9999 103.14 103.114 103.08 -9999 102.99 102.949 102.907 -9999 -9999 -9999 -9999 102.605 102.511 102.421 102.335 102.253 102.156 102.046 101.979 102.124 102.132 102.14 102.039 101.782 101.854 101.838 101.784 101.803 101.715 101.742 101.625 101.733 101.919 101.851 102.083 102.47 102.742 102.879 103.067 103.153 103.322 103.546 103.617 103.775 103.983 104.207 104.426 104.674 -9999 -9999 -9999 -9999 -9999 -9999 -9999 -9999 -9999 -9999 -9999 -9999 -9999 -9999 -9999 -9999 -9999 -9999 -9999 -9999 -9999
-9999 -9999 -9999 -9999 -9999 102.89 102.916 103.033 -9999 103.333 103.017 102.971 -9999 -9999 -9999 -9999 -9999 102.572 102.48 102.392 102.309 102.217 102.151 102.191 102.138 102.065 101.896 101.744 101.788 101.722 101.555 101.625 101.808 101.78 101.738 101.892 102.107 102.155 102.339 102.684 103.042 103.126 103.102 103.206 103.312 103.544 103.835 103.963 104.051 104.272 104.51 104.722 104.971 105.273 -9999 -9999 -9999 -9999 -9999 -9999 -9999 -9999 -9999 -9999 -9999 -9999 -9999 -9999 -9999 -9999 -9999 -9999 -9999 -9999
-9999 -9999 -9999 -9999 -9999 103.154 103.269 -9999 -9999 103.406 103.083 103.039 102.983 -9999 -9999 -9999 -9999 -9999 102.544 102.454 102.377 102.307 102.24 102.176 102.105 101.998 101.971 102.062 102.327 102.148 101.896 101.983 101.958 101.867 101.815 102.031 102.369 102.52 102.641 102.965 103.325 103.338 103.296 103.418 103.551 103.791 103.994 104.123 104.314 104.56 104.816 105.003 105.264 105.565 105.871 106.184 -9999 -9999 -9999 -9999 -9999 -9999 -9999 -9999 -9999 -9999 -9999 -9999 -9999 -9999 -9999 -9999 -9999 -9999
-9999 -9999 -9999 -9999 -9999 103.558 103.844 -9999 -9999 103.364 103.162 103.096 -9999 -9999 -9999 -9999 -9999 -9999 102.596 102.516 102.45 102.378 102.309 102.24 102.174 102.113 102.001 102.049 101.893 101.756 101.716 101.602 101.342 101.286 101.193 101.639 102.096 102.345 102.706 103.078 103.573 103.562 103.541 103.667 103.771 103.963 104.154 104.291 104.354 104.553 104.715 105.327 105.598 105.89 106.186 106.489 -9999 -9999 -9999 -9999 -9999 -9999 -9999 -9999 -9999 -9999 -9999 -9999 -9999 -9999 -9999 -9999 -9999 -9999
-9999 -9999 -9999 -9999 -9999 104.14 103.768 -9999 -9999 -9999 103.22 103.146 103.076 -9999 -9999 -9999 -9999 -9999 102.636 102.573 102.525 102.45 102.379 102.311 102.246 102.169 102.144 102.085 102.227 102.116 101.883 101.7 101.672 101.756 102.108 102.407 102.553 102.849 103.115 103.475 103.655 103.705 103.787 103.894 103.984 104.172 104.372 104.541 104.879 104.995 105.364 105.645 105.922 106.203 106.488 106.779 -9999 -9999 -9999 -9999 -9999 -9999 -9999 -9999 -9999 -9999 -9999 -9999 -9999 -9999 -9999 -9999 -9999 -9999
-9999 -9999 -9999 -9999 104.152 104.236 103.956 -9999 -9999 -9999 -9999 -9999 -9999 -9999 -9999 -9999 -9999 -9999 102.731 102.685 102.604 102.526 102.452 102.383 102.315 102.269 102.208 102.175 101.968 101.841 101.857 101.765 101.72 102.041 102.39 102.38 102.122 102.533 103.313 103.478 103.637 103.745 103.873 104.004 104.19 104.386 104.594 104.828 104.994 105.377 105.673 105.942 106.213 106.485 106.759 107.039 107.066 -9999 -9999 -9999 -9999 -9999 -9999 -9999 -9999 -9999 -9999 -9999 -9999 -9999 -9999 -9999 -9999 -9999
-9999 -9999 -9999 104.527 104.521 104.416 104.36 -9999 -9999 -9999 -9999 -9999 -9999 -9999 -9999 -9999 102.892 102.848 102.801 102.745 102.684 102.605 102.529 102.456 102.387 102.321 102.257 102.108 102.068 102.062 102.094 102.08 102.13 102.417 102.662 102.571 102.625 103.157 103.482 103.63 103.753 103.89 104.015 104.199 104.392 104.596 104.813 104.991 105.361 105.676 105.953 106.215 106.477 106.741 107.007 107.277 107.353 -9999 -9999 -9999 -9999 -9999 -9999 -9999 -9999 -9999 -9999 -9999 -9999 -9999 -9999 -9999 -9999 -9999
-9999 -9999 -9999 104.627 104.379 104.307 -9999 -9999 -9999 -9999 -9999 -9999 -9999 -9999 -9999 -9999 102.938 102.896 102.844 102.797 102.742 102.64 102.449 102.413 102.432 102.369 102.326 102.264 102.213 102.201 102.285 102.414 102.622 102.877 103.139 103.191 103.262 103.483 103.602 103.661 103.607 103.822 104.199 104.218 103.95 104.305 104.919 105.332 105.652 105.95 106.21 106.467 106.721 106.977 107.235 107.497 107.603 -9999 -9999 -9999 -9999 -9999 -9999 -9999 -9999 -9999 -9999 -9999 -9999 -9999 -9999 -9999 -9999 -9999
-9999 -9999 -9999 -9999 -9999 -9999 -9999 -9999 -9999 -9999 -9999 -9999 -9999 -9999 -9999 -9999 102.997 102.94 102.888 102.839 102.793 102.681 102.632 102.609 102.527 102.468 102.396 102.329 102.274 102.283 102.433 102.627 102.786 102.957 102.969 103.128 103.43 103.618 103.93 103.966 104.094 104.327 104.383 104.415 104.856 105.17 105.295 105.609 105.92 106.194 106.448 106.698 106.949 107.199 107.45 107.704 107.825 -9999 -9999 -9999 -9999 -9999 -9999 -9999 -9999 -9999 -9999 -9999 -9999 -9999 -9999 -9999 -9999 -9999
-9999 -9999 -9999 -9999 -9999 -9999 -9999 -9999 -9999 -9999 -9999 -9999 -9999 -9999 -9999 103.155 103.045 102.965 102.856 102.832 102.833 102.787 102.725 102.68 102.658 102.572 102.466 102.398 102.345 102.4 102.588 102.768 102.961 103.078 103.287 103.588 103.983 104.149 104.124 104.22 104.254 104.381 104.603 104.942 105.174 105.25 105.56 105.873 106.169 106.423 106.672 106.918 107.163 107.408 107.653 107.901 108.029 -9999 -9999 -9999 -9999 -9999 -9999 -9999 -9999 -9999 -9999 -9999 -9999 -9999 -9999 -9999 -9999 -9999
-9999 -9999 -9999 -9999 -9999 -9999 -9999 -9999 -9999 -9999 -9999 -9999 -9999 -9999 -9999 103.218 103.096 103.014 102.988 102.95 102.87 102.819 102.788 102.749 102.657 102.587 102.539 102.469 102.435 102.554 102.742 102.932 103.101 103.248 103.262 103.489 103.509 103.723 104.328 104.364 104.36 104.573 104.793 105.051 105.297 105.506 105.815 106.121 106.39 106.638 106.883 107.127 107.367 107.608 107.848 108.09 108.219 -9999 -9999 -9999 -9999 -9999 -9999 -9999 -9999 -9999 -9999 -9999 -9999 -9999 -9999 -9999 -9999 -9999
-9999 -9999 -9999 -9999 -9999 -9999 -9999 -9999 -9999 -9999 -9999 -9999 -9999 -9999 103.433 103.28 103.101 103.058 103.041 102.956 102.872 102.835 102.802 102.733 102.686 102.645 102.594 102.54 102.546 102.708 102.896 103.072 103.237 103.309 103.411 103.491 103.648 104.091 104.424 104.513 104.754 104.882 104.863 105.148 105.447 105.753 106.06 106.349 106.598 106.843 107.085 107.325 107.563 107.8 108.024 108.221 108.33 108.403 -9999 -9999 -9999 -9999 -9999 -9999 -9999 -9999 -9999 -9999 -9999 -9999 -9999 -9999 -9999 -9999
