Validation/Results/raw data/ReClimate_05_2024_2_Precipitation-Actualsweatherlogisticsltd.asc
NCOLS 192
NROWS 249
XLLCENTER -225160.85627316462
YLLCENTER 29788.11610251502
CELLSIZE 5000.0
NODATA_VALUE -9999
[rows 198 to 230 of 249, columns 74 to 147 of 192]
-9999 -9999 -9999 -9999 -9999 -9999 -9999 -9999 -9999 -9999 -9999 -9999 -9999 -9999 -9999 -9999 -9999 -9999 138.595 141.169 137.294 129.274 125.88 135.631 139.821 169.144 170.762 181.986 177.701 152.697 125.926 100.691 103.586 107.452 112.467 116.398 100.487 86.264 81.032 81.669 82.7 87.959 84.781 88.071 89.078 85.572 80.711 78.001 77.746 83.505 81.103 83.547 88.301 88.162 80.887 85.095 83.444 82.559 80.812 81.092 82.293 82.533 81.094 78.901 76.712 73.208 72.068 71.082 69.934 68.89 75.314 68.888 65.016 65.179
-9999 -9999 -9999 -9999 -9999 -9999 -9999 -9999 -9999 -9999 -9999 -9999 -9999 -9999 -9999 85.887 109.175 122.318 124.43 138.174 136.347 135.254 134.256 135.163 158.991 170.408 179.191 168.397 171.16 143.305 127.572 126.2 109.341 97.825 121.703 100.928 82.764 67.499 74.07 77.022 85.58 79.058 79.841 80.554 86.302 86.518 81.202 82.025 80.131 81.039 77.043 78.569 83.465 81.835 78.841 76.839 83.794 85.276 87.071 80.574 77.574 76.844 75.103 76.124 75.117 71.861 68.188 68.722 68.64 67.415 65.997 67.674 62.446 61.764
-9999 -9999 -9999 -9999 -9999 -9999 -9999 -9999 -9999 -9999 -9999 -9999 -9999 108.066 100.112 102.746 108.534 115.27 132.94 136.595 147.436 141.115 148.058 172.411 159.965 165.877 169.587 156.154 159.138 152.83 157.063 132.342 113.258 111.564 96.939 86.327 69.757 88.521 83.499 71.645 72.786 71.101 73.2 79.652 89.822 86.719 86.469 81.554 76.798 76.097 75.194 78.35 80.485 78.48 81.927 79.166 75.136 77.527 78.475 80.126 74.557 75.586 76.327 75.702 73.999 71.538 68.314 63.412 61.774 64.615 66.113 57.949 61.477 65.473
-9999 -9999 -9999 -9999 -9999 -9999 -9999 -9999 -9999 110.202 117.3 113.793 110.284 128.975 119.942 126.9 121.152 127.012 136.487 141.545 164.794 182.131 206.833 177.385 154.985 163.339 154.101 154.935 157.671 166.277 149.461 128.667 111.914 114.593 98.562 82.643 101.645 98.12 79.208 79.735 73.505 72.974 72.633 84.906 89.515 81.837 84.08 72.966 73.483 75.989 80.516 81.14 76.025 81.782 79.947 79.337 73.634 71.69 73.801 72.759 72.032 74.072 72.075 75.36 75.918 72.756 71.314 65.919 62.788 64.9 67.33 65.554 61.513 63.728
-9999 -9999 -9999 -9999 -9999 -9999 -9999 -9999 101.603 112.552 115.998 123.523 154.078 165.737 165.554 149.455 133.338 146.557 149.408 164.54 172.842 193.987 193.371 171.832 162.385 144.937 140.489 141.673 146.739 147.58 135.542 123.731 118.341 108.321 107.943 120.965 134.276 103.227 83.352 75.673 77.397 76.597 82.544 80.036 75.897 75.877 73.897 74.527 76.271 78.836 83.755 81.57 85.231 85.294 86.79 78.29 78.235 81.404 76.196 71.083 69.62 72.659 73.208 71.282 71.805 70.352 79.291 74.899 67.657 68.33 70.464 63.929 61.922 62.721
-9999 -9999 -9999 -9999 -9999 -9999 -9999 95.087 104.719 113.897 120.22 137.009 159.988 162.373 155.499 145.614 151.321 149.756 162.845 161.006 172.808 193.722 184.575 159.345 141.528 129.467 142.172 149.528 145.668 134.179 125.333 115.514 98.79 102.567 106.938 141.587 129.372 110.694 82.79 84.14 86.655 84.962 76.884 74.548 73.088 72.669 78.052 75.645 77.791 82.087 87.811 80.843 85.545 91.661 85.352 78.384 75.473 81.874 82.118 75.349 71.334 71.76 69.708 70.953 71.327 69.937 73.595 78.541 71.281 68.82 67.239 63.749 61.157 64.876
-9999 -9999 -9999 -9999 -9999 89.261 -9999 92.69 97.588 106.231 118.526 125.527 132.951 134.964 137.347 142.973 146.283 158.952 156.668 162.211 160.874 164.611 145.535 140.49 143.381 164.212 176.151 196.955 208.538 162.126 150.478 139.053 148.178 128.295 108.401 118.533 147.919 107.888 93.226 95.561 96.782 84.688 75.986 77.168 78.936 80.843 77.055 72.81 76.499 86.622 83.709 87.831 91.84 87.203 82.068 78.353 73.798 74.482 78.646 76.042 72.061 68.839 68.29 74.017 74.359 71.953 72.87 71.41 70.449 66.492 63.514 62.175 62.49 64.319
-9999 -9999 -9999 -9999 -9999 -9999 -9999 -9999 -9999 112.871 111.954 115.099 122.215 124.079 122.822 130.981 136.75 135.089 144.212 145.058 144.491 151.825 149.027 159.337 163.45 185.48 204.545 230.872 222.764 215.203 194.237 209.355 200.887 138.433 124.211 122.8 95.701 101.78 100.64 91.487 90.16 80.886 87.444 88.333 87.863 77.709 72.05 71.391 80.479 84.193 88.587 98.039 94.142 90.472 79.974 78.257 77.237 79.199 75.291 70.634 68.889 69.068 67.629 69.849 73.356 67.863 68.476 67.36 67.037 67.995 68.667 68.397 66.341 62.626
-9999 -9999 -9999 -9999 -9999 -9999 -9999 -9999 -9999 108.94 107.198 110.929 117.887 125.982 136.04 136.722 127.752 127.986 133.828 133.221 148.872 156.26 155.491 157.875 159.523 172.947 185.221 202.647 204.236 198.932 196.825 204.92 172.795 159.177 130.674 103.429 115.775 124.028 97.101 95.824 77.4 93.163 89.342 93.684 90.366 91.192 72.262 76.797 85.473 97.575 97.602 92.486 87.585 86.221 77.801 80.328 78.296 74.187 73.193 69.356 68.222 71.363 70.568 81.457 75.005 65.837 66.25 65.184 65.166 67.662 73.299 70.394 67.529 65.197
-9999 -9999 -9999 -9999 -9999 -9999 -9999 91.182 98.925 107.959 112.886 -9999 119.0 126.751 127.946 118.761 116.413 117.741 -9999 128.278 135.709 147.783 166.491 157.123 178.488 184.091 197.244 209.865 192.498 171.063 173.365 154.7 146.546 142.597 134.894 123.364 130.61 115.982 96.681 87.843 88.279 87.471 94.273 91.132 92.427 74.886 75.03 78.845 88.351 91.766 90.0 84.46 83.098 82.048 83.324 78.039 78.767 71.856 69.086 66.678 71.625 71.519 68.866 68.339 73.313 62.707 63.17 63.322 64.314 68.445 72.945 73.585 68.399 66.694
-9999 -9999 -9999 -9999 -9999 -9999 -9999 92.071 -9999 -9999 -9999 113.543 115.475 114.134 -9999 -9999 -9999 -9999 -9999 123.534 131.53 151.498 144.545 154.258 167.552 171.83 189.053 193.14 186.081 221.109 208.305 165.064 142.254 141.99 146.081 141.158 130.973 102.232 96.553 90.649 85.841 89.965 85.374 84.82 81.269 77.96 71.551 82.071 92.565 88.505 87.813 82.874 77.289 76.751 80.655 76.418 72.853 69.339 68.837 67.548 66.813 69.107 65.194 63.843 63.055 62.186 63.024 74.073 69.918 66.982 71.995 75.093 69.23 64.489
-9999 -9999 -9999 -9999 -9999 -9999 -9999 -9999 -9999 103.363 109.305 109.137 105.692 107.53 -9999 -9999 -9999 -9999 -9999 -9999 -9999 -9999 133.077 144.309 147.454 148.189 169.67 191.974 236.276 250.123 233.332 197.884 167.685 152.728 144.754 123.212 132.329 121.677 96.127 94.87 107.751 100.375 92.179 77.173 79.971 78.415 82.545 95.203 91.673 88.079 85.336 82.255 78.182 73.467 77.093 74.703 68.987 67.479 66.116 65.123 61.836 61.773 61.867 63.09 64.115 62.177 66.587 62.855 71.927 69.093 70.238 70.541 68.254 61.895
-9999 -9999 -9999 -9999 -9999 -9999 -9999 -9999 -9999 -9999 108.852 -9999 -9999 -9999 -9999 -9999 -9999 -9999 -9999 -9999 124.107 128.938 136.628 136.64 130.022 135.86 156.573 197.684 233.47 256.345 245.98 198.453 160.481 155.173 140.976 133.085 133.218 109.101 94.155 96.792 99.985 98.257 86.772 -9999 81.256 84.887 91.238 99.359 93.993 91.996 86.806 81.353 77.082 73.467 73.972 72.817 65.502 62.287 62.469 59.492 55.329 57.678 60.281 60.156 62.551 70.511 68.641 71.581 63.169 66.256 67.007 66.675 68.016 63.901
-9999 -9999 -9999 -9999 -9999 -9999 -9999 -9999 -9999 -9999 -9999 -9999 -9999 -9999 -9999 -9999 -9999 -9999 -9999 -9999 122.47 128.113 124.989 122.441 -9999 -9999 -9999 164.649 209.672 217.046 200.989 175.401 167.368 162.13 150.377 129.076 115.454 103.026 91.414 90.056 98.647 106.13 -9999 82.739 86.549 85.769 93.145 94.733 89.759 85.204 85.639 93.134 78.58 71.212 69.596 70.592 67.905 64.388 67.1 66.039 60.727 55.91 58.275 59.62 63.466 63.507 69.692 67.191 66.256 65.071 67.426 63.288 60.006 62.685
-9999 -9999 -9999 -9999 -9999 -9999 -9999 -9999 -9999 -9999 -9999 -9999 -9999 -9999 -9999 -9999 -9999 -9999 -9999 -9999 -9999 -9999 -9999 -9999 -9999 -9999 -9999 124.159 156.297 174.439 160.056 158.992 154.197 148.405 135.358 120.599 107.407 97.435 90.742 91.531 -9999 -9999 84.176 84.366 88.599 91.83 91.563 90.88 84.646 84.805 87.706 81.779 77.385 73.244 69.53 74.258 75.101 71.619 71.446 75.524 67.385 61.569 62.064 61.53 62.106 66.87 66.477 66.834 62.952 61.975 61.393 61.132 58.619 59.04
-9999 -9999 -9999 -9999 -9999 -9999 -9999 -9999 -9999 -9999 -9999 -9999 -9999 -9999 -9999 -9999 -9999 -9999 -9999 -9999 -9999 -9999 -9999 -9999 -9999 -9999 -9999 115.547 131.733 133.745 137.26 146.085 135.697 129.556 125.1 112.376 105.13 -9999 -9999 -9999 -9999 -9999 82.563 88.166 92.247 90.764 92.346 91.088 86.24 83.583 79.221 72.413 74.009 79.003 75.435 78.543 78.987 76.055 73.316 74.855 71.848 63.566 63.284 60.738 60.442 64.892 63.349 62.953 60.053 57.839 54.447 54.208 57.704 59.08
-9999 -9999 -9999 -9999 -9999 -9999 -9999 -9999 -9999 -9999 -9999 -9999 -9999 -9999 -9999 -9999 -9999 -9999 -9999 -9999 -9999 -9999 -9999 -9999 -9999 -9999 -9999 -9999 -9999 123.299 136.55 133.235 126.838 123.326 117.813 112.442 -9999 -9999 -9999 -9999 93.987 97.809 96.039 87.237 88.783 91.447 97.068 91.855 85.802 84.434 79.77 77.778 79.127 74.118 77.544 80.074 81.129 78.003 73.824 71.771 70.051 65.014 61.547 62.211 59.011 61.791 63.406 60.238 59.279 58.505 58.163 55.282 54.847 56.362
-9999 -9999 -9999 -9999 -9999 -9999 -9999 -9999 -9999 -9999 -9999 -9999 -9999 -9999 -9999 -9999 -9999 -9999 -9999 -9999 -9999 -9999 -9999 -9999 -9999 -9999 -9999 -9999 -9999 -9999 114.569 114.672 124.175 116.254 112.536 -9999 -9999 -9999 -9999 94.34 99.67 101.534 98.493 91.554 88.972 89.983 94.081 88.591 90.595 86.278 80.925 85.916 85.323 81.693 78.492 83.118 77.901 71.307 68.991 66.255 66.052 61.529 62.538 61.769 61.748 60.88 61.949 62.817 64.709 59.457 61.054 59.328 57.078 55.493
-9999 -9999 -9999 -9999 -9999 -9999 -9999 -9999 -9999 -9999 -9999 -9999 -9999 -9999 -9999 -9999 -9999 -9999 -9999 -9999 -9999 -9999 -9999 -9999 -9999 -9999 -9999 -9999 -9999 -9999 -9999 -9999 -9999 -9999 -9999 -9999 -9999 -9999 99.257 98.973 99.938 99.254 96.475 93.503 88.72 92.299 88.438 88.92 85.842 78.409 83.174 84.135 82.845 79.824 79.276 81.231 78.81 76.354 73.654 67.662 65.77 64.291 62.82 66.094 63.652 67.667 66.557 62.346 63.393 64.549 59.356 60.616 58.75 57.764
-9999 -9999 -9999 -9999 -9999 -9999 -9999 -9999 -9999 -9999 -9999 -9999 -9999 -9999 -9999 -9999 -9999 -9999 -9999 -9999 -9999 -9999 -9999 -9999 -9999 -9999 -9999 -9999 -9999 -9999 -9999 -9999 -9999 -9999 -9999 -9999 -9999 91.737 94.973 106.668 111.242 122.828 107.465 89.684 91.977 93.542 90.9 85.752 75.766 76.167 75.644 75.746 77.443 76.323 80.046 82.169 83.279 77.851 75.103 77.146 71.597 64.977 62.235 62.783 62.778 62.005 66.387 63.995 62.402 62.939 61.561 58.77 59.321 59.995
-9999 -9999 -9999 -9999 -9999 -9999 -9999 -9999 -9999 -9999 -9999 -9999 -9999 -9999 -9999 -9999 -9999 -9999 -9999 -9999 -9999 -9999 -9999 -9999 -9999 -9999 -9999 -9999 -9999 -9999 -9999 -9999 -9999 -9999 -9999 -9999 -9999 87.611 94.104 101.045 116.141 121.501 119.577 110.76 102.173 96.425 92.74 82.793 77.734 74.697 77.926 84.208 83.564 82.319 78.042 74.364 75.055 78.267 76.678 74.959 76.592 68.47 64.462 65.104 62.843 62.693 64.046 62.954 65.277 69.148 62.691 58.596 60.426 64.077
-9999 -9999 -9999 -9999 -9999 -9999 -9999 -9999 -9999 -9999 -9999 -9999 -9999 -9999 -9999 -9999 -9999 -9999 -9999 -9999 -9999 -9999 -9999 -9999 147.117 164.741 179.115 149.485 -9999 120.259 -9999 -9999 -9999 -9999 -9999 -9999 -9999 -9999 90.164 94.337 100.683 108.513 115.789 118.115 113.718 104.172 91.893 85.487 80.423 81.174 82.618 71.868 76.05 74.565 73.466 68.178 68.246 70.284 70.813 73.513 70.566 72.12 69.969 72.836 71.89 65.765 66.327 68.227 64.171 63.996 66.239 61.673 63.928 66.443
-9999 -9999 -9999 -9999 -9999 -9999 -9999 -9999 -9999 -9999 -9999 -9999 -9999 -9999 -9999 -9999 -9999 -9999 -9999 -9999 -9999 157.952 159.02 141.231 147.91 181.039 179.369 155.259 145.315 118.219 94.261 81.498 -9999 -9999 94.023 87.184 87.297 95.527 88.768 89.208 97.435 98.395 105.061 112.07 115.207 107.335 101.275 88.623 94.261 88.755 72.96 72.415 70.52 68.694 67.401 65.822 66.724 68.042 68.897 66.003 77.45 76.384 74.318 70.72 74.339 73.977 66.256 64.5 64.134 59.952 61.612 63.613 72.375 73.946
-9999 -9999 -9999 -9999 -9999 -9999 -9999 -9999 -9999 -9999 -9999 -9999 -9999 -9999 -9999 -9999 -9999 -9999 -9999 -9999 153.852 157.719 139.499 138.491 163.214 189.166 191.238 182.846 160.34 132.186 114.494 93.116 79.231 88.0 96.064 115.474 86.056 84.279 81.954 88.448 89.389 91.881 97.344 107.837 105.763 104.303 97.556 102.864 92.635 87.486 80.268 72.547 72.383 68.369 67.14 64.979 64.819 66.842 65.142 66.376 66.396 74.806 72.58 73.886 74.392 73.767 69.239 64.292 67.047 64.27 53.328 60.689 64.558 72.185
-9999 -9999 -9999 -9999 -9999 -9999 -9999 -9999 -9999 -9999 -9999 -9999 -9999 -9999 -9999 -9999 -9999 -9999 -9999 -9999 153.759 126.304 120.81 126.913 151.56 172.937 182.919 184.409 156.781 134.133 114.247 108.1 106.361 98.115 112.379 84.746 86.94 80.975 78.301 80.044 80.329 87.011 88.865 91.566 90.675 94.328 97.94 94.285 92.001 87.83 78.969 71.674 71.38 68.542 68.135 66.745 66.381 65.941 64.424 64.15 65.387 67.153 69.644 72.92 76.313 74.452 68.738 68.15 69.57 69.565 63.807 57.53 63.319 60.399
-9999 -9999 -9999 -9999 -9999 -9999 -9999 -9999 -9999 -9999 -9999 -9999 -9999 -9999 -9999 -9999 -9999 -9999 -9999 -9999 130.371 110.934 111.707 115.324 129.504 138.528 147.26 141.814 133.658 134.122 149.671 117.646 113.038 102.783 82.539 80.478 76.985 75.363 75.336 75.94 86.399 82.465 81.754 81.398 84.519 91.252 89.085 86.342 80.967 80.22 74.743 69.529 75.08 67.361 61.172 63.502 63.637 65.458 68.118 65.836 65.397 69.703 72.115 74.161 76.842 81.8 76.901 69.618 67.124 64.926 63.383 62.045 63.405 63.282
-9999 -9999 -9999 -9999 -9999 -9999 -9999 -9999 -9999 -9999 -9999 -9999 -9999 -9999 -9999 -9999 133.745 143.161 -9999 130.245 108.436 112.214 116.452 110.705 110.016 115.49 120.302 127.515 124.71 137.574 115.084 108.942 101.807 86.883 81.782 76.841 77.811 75.269 71.284 73.265 75.758 77.448 80.97 79.604 83.936 79.793 78.918 79.43 82.473 81.197 76.74 85.513 84.286 73.195 63.353 56.078 59.657 63.769 64.967 68.745 67.148 69.128 74.922 72.995 74.525 74.1 77.25 71.144 65.678 65.15 63.785 64.103 63.511 62.072
-9999 -9999 -9999 -9999 -9999 -9999 -9999 -9999 -9999 -9999 -9999 -9999 -9999 -9999 -9999 -9999 142.389 147.123 142.727 127.631 121.333 120.539 113.14 113.412 119.604 111.396 120.542 119.351 115.921 119.684 106.471 102.444 95.676 91.145 94.738 101.933 86.685 76.275 74.643 70.951 75.801 80.069 80.109 79.345 77.302 74.85 75.808 75.566 74.567 76.261 77.412 83.886 80.033 72.26 68.204 64.784 60.338 60.01 57.147 62.521 65.667 65.315 67.905 71.31 72.558 75.645 75.747 79.774 71.98 65.387 65.167 63.774 63.109 62.623
-9999 -9999 -9999 -9999 -9999 -9999 -9999 -9999 -9999 -9999 -9999 -9999 -9999 -9999 -9999 137.2 152.17 159.515 153.014 142.917 128.093 121.312 118.332 121.137 111.64 109.1 115.796 111.709 111.62 107.492 101.255 94.324 93.126 94.055 108.407 102.827 96.595 85.981 76.699 72.853 75.669 74.715 75.998 74.746 74.849 71.826 68.646 69.626 70.502 74.026 70.648 74.608 70.161 70.306 63.024 63.4 67.344 63.775 59.033 55.171 62.266 63.189 65.198 64.321 68.068 72.057 75.462 78.684 80.785 73.455 76.134 63.661 68.454 71.191
-9999 -9999 -9999 -9999 -9999 -9999 -9999 -9999 -9999 -9999 -9999 -9999 -9999 -9999 -9999 -9999 139.481 154.432 146.171 134.578 122.374 117.068 113.82 106.74 111.8 108.996 113.011 104.612 102.494 97.345 91.685 92.261 82.776 99.706 101.834 104.106 99.436 95.484 82.446 84.144 79.534 79.392 78.753 76.813 73.616 70.327 71.036 71.041 73.881 64.988 74.668 70.005 68.156 68.207 65.616 62.066 65.149 64.106 60.738 57.202 -9999 64.583 62.021 70.026 65.803 64.751 64.425 65.944 69.29 69.086 67.801 71.151 63.164 72.273
-9999 -9999 -9999 -9999 -9999 -9999 -9999 -9999 -9999 -9999 -9999 -9999 -9999 -9999 -9999 131.863 129.908 135.285 134.251 133.782 129.481 124.043 109.785 108.42 101.15 100.945 94.705 89.687 88.517 90.577 90.375 83.515 89.305 91.446 91.788 93.728 101.028 86.147 86.062 95.867 93.319 92.546 94.538 83.678 82.686 83.344 78.368 72.375 67.616 70.677 74.295 69.217 66.262 64.87 63.244 65.621 66.707 62.544 65.756 62.227 56.75 -9999 58.612 -9999 60.921 -9999 56.96 -9999 60.531 61.523 60.728 60.914 61.013 61.938
-9999 -9999 -9999 -9999 -9999 -9999 -9999 -9999 -9999 -9999 -9999 -9999 -9999 -9999 -9999 126.055 124.672 126.793 128.238 137.346 137.647 133.259 119.549 111.647 97.187 92.332 84.102 78.339 79.13 82.198 83.108 79.507 79.631 85.294 88.615 98.226 91.076 82.92 94.192 89.299 83.313 88.376 83.066 82.097 89.664 81.725 72.548 70.452 67.212 70.599 68.739 66.999 65.628 62.052 60.885 63.548 65.101 67.363 61.714 59.579 55.52 -9999 -9999 53.506 52.617 -9999 -9999 53.191 55.569 58.399 -9999 -9999 -9999 -9999
-9999 -9999 -9999 -9999 -9999 -9999 -9999 -9999 -9999 -9999 -9999 -9999 -9999 -9999 145.054 130.959 132.532 124.324 125.328 128.061 136.239 140.707 139.581 132.549 122.587 99.279 83.144 75.857 78.228 76.957 73.574 72.249 78.597 82.358 95.24 97.891 94.326 91.202 85.532 72.632 71.177 79.227 83.131 89.988 82.782 75.954 71.762 70.04 67.246 63.916 62.005 62.043 62.642 59.628 56.827 55.707 57.161 57.894 -9999 -9999 -9999 56.456 -9999 -9999 -9999 -9999 -9999 -9999 58.362 -9999 -9999 -9999 -9999 -9999
