Validation/Results/raw data/ReClimate_09_2024_1.asc
NCOLS 192
NROWS 249
XLLCENTER -225160.85627316462
YLLCENTER 29788.11610251502
CELLSIZE 5000.0
NODATA_VALUE -9999
[rows 102 to 135 of 249, columns 75 to 149 of 192]
98.481 99.153 99.045 99.516 98.705 97.358 -9999 -9999 96.873 -9999 -9999 97.333 97.577 98.658 97.928 97.308 97.505 97.779 97.683 98.162 98.112 97.558 97.584 97.555 97.263 97.587 98.087 98.021 97.516 96.981 96.84 96.651 96.567 96.478 96.384 96.283 96.175 96.059 95.95 95.857 95.766 95.679 -9999 -9999 -9999 -9999 -9999 -9999 -9999 -9999 -9999 -9999 -9999 -9999 -9999 -9999 -9999 -9999 -9999 -9999 -9999 -9999 -9999 -9999 -9999 -9999 -9999 -9999 -9999 -9999 -9999 -9999 -9999 -9999 -9999
98.79 99.591 100.003 100.45 -9999 -9999 -9999 97.788 97.361 96.391 96.203 96.459 97.495 98.863 98.167 97.222 97.553 98.076 98.472 98.889 98.36 97.745 97.831 98.114 98.52 99.176 98.632 97.265 97.174 97.69 97.326 96.618 96.534 96.444 96.347 96.244 96.133 -9999 -9999 95.805 -9999 -9999 -9999 -9999 -9999 -9999 -9999 -9999 -9999 -9999 -9999 -9999 -9999 -9999 -9999 -9999 -9999 -9999 -9999 -9999 -9999 -9999 -9999 -9999 -9999 -9999 -9999 -9999 -9999 -9999 -9999 -9999 -9999 -9999 -9999
98.789 98.912 -9999 99.093 -9999 -9999 -9999 97.793 97.486 97.757 97.784 97.47 98.205 98.344 97.839 97.885 98.134 98.119 98.366 98.46 98.026 97.755 97.896 97.891 98.372 98.762 97.744 96.912 97.147 97.073 96.672 96.587 96.501 96.41 96.312 96.207 -9999 95.971 95.855 95.756 95.698 -9999 -9999 -9999 -9999 -9999 -9999 -9999 -9999 -9999 -9999 -9999 -9999 -9999 -9999 -9999 -9999 -9999 -9999 -9999 -9999 -9999 -9999 -9999 -9999 -9999 -9999 -9999 -9999 -9999 -9999 -9999 -9999 -9999 -9999
98.938 -9999 -9999 -9999 -9999 97.629 97.225 97.535 97.828 98.213 97.873 97.364 97.57 97.973 97.954 97.913 97.839 97.733 97.893 98.244 97.925 97.481 97.284 96.768 97.119 97.53 97.053 96.936 96.943 97.076 96.93 96.666 96.55 96.378 -9999 96.173 96.058 95.933 95.816 95.72 95.704 -9999 -9999 -9999 -9999 -9999 -9999 -9999 -9999 -9999 -9999 -9999 -9999 -9999 -9999 -9999 -9999 -9999 -9999 -9999 -9999 -9999 -9999 -9999 -9999 -9999 -9999 -9999 -9999 -9999 -9999 -9999 -9999 -9999 -9999
-9999 -9999 -9999 -9999 -9999 98.18 97.26 97.024 97.563 98.402 98.048 97.77 97.741 97.138 97.264 97.711 97.54 97.295 97.603 97.997 97.591 97.194 96.995 97.187 97.602 98.157 98.056 97.957 97.804 97.214 97.045 96.969 96.733 96.347 96.248 96.14 96.026 95.913 95.828 95.767 95.722 95.705 -9999 -9999 -9999 -9999 -9999 -9999 -9999 -9999 -9999 -9999 -9999 -9999 -9999 -9999 -9999 -9999 -9999 -9999 -9999 -9999 -9999 -9999 -9999 -9999 -9999 -9999 -9999 -9999 -9999 -9999 -9999 -9999 -9999
-9999 -9999 -9999 -9999 98.415 -9999 -9999 97.522 98.061 98.27 98.248 98.531 -9999 -9999 97.163 97.79 97.694 97.825 98.109 98.379 97.994 97.576 97.663 97.665 98.188 98.854 98.452 97.528 96.665 95.164 95.533 96.653 96.421 96.338 96.251 96.16 96.067 95.979 95.912 95.863 95.818 95.776 95.76 -9999 -9999 -9999 -9999 -9999 -9999 -9999 -9999 -9999 -9999 -9999 -9999 -9999 -9999 -9999 -9999 -9999 -9999 -9999 -9999 -9999 -9999 -9999 -9999 -9999 -9999 -9999 -9999 -9999 -9999 -9999 -9999
-9999 -9999 -9999 -9999 98.394 -9999 97.958 98.016 98.045 97.77 98.06 98.367 97.66 97.32 97.589 97.468 97.536 97.571 97.78 98.02 97.716 97.524 97.457 97.302 97.595 97.478 96.938 96.792 96.257 96.928 97.246 96.548 96.473 96.395 96.315 96.233 96.148 96.067 96.007 95.959 95.915 95.872 -9999 -9999 -9999 -9999 -9999 -9999 -9999 -9999 -9999 -9999 -9999 -9999 -9999 -9999 -9999 -9999 -9999 -9999 -9999 -9999 -9999 -9999 -9999 -9999 -9999 -9999 -9999 -9999 -9999 -9999 -9999 -9999 -9999
-9999 -9999 -9999 -9999 98.374 -9999 98.326 98.399 98.444 98.91 98.765 -9999 97.697 97.874 -9999 98.367 98.311 98.142 98.151 97.9 97.986 98.529 98.207 97.575 97.382 97.042 97.016 97.169 97.637 97.981 97.45 97.006 97.016 97.17 97.027 96.768 96.563 96.155 -9999 -9999 -9999 -9999 -9999 -9999 -9999 -9999 -9999 -9999 -9999 -9999 -9999 -9999 -9999 -9999 -9999 -9999 -9999 -9999 -9999 -9999 -9999 -9999 -9999 -9999 -9999 -9999 -9999 -9999 -9999 -9999 -9999 -9999 -9999 -9999 -9999
-9999 -9999 98.494 98.478 -9999 -9999 98.437 98.155 98.517 98.827 98.306 98.094 98.214 98.335 -9999 97.3 97.513 98.351 97.946 97.26 97.638 97.944 97.691 97.911 97.676 97.536 97.506 97.229 97.347 97.201 96.889 96.685 96.964 97.522 97.285 97.022 96.525 -9999 -9999 -9999 -9999 -9999 -9999 -9999 -9999 -9999 -9999 -9999 -9999 -9999 -9999 -9999 -9999 -9999 -9999 -9999 -9999 -9999 -9999 -9999 -9999 -9999 -9999 -9999 -9999 -9999 -9999 -9999 -9999 -9999 -9999 -9999 -9999 -9999 -9999
-9999 98.319 98.348 98.372 -9999 98.341 98.273 97.764 98.044 -9999 98.351 98.49 98.54 98.502 -9999 97.713 98.203 98.38 98.084 98.294 98.186 97.508 97.559 97.418 97.351 97.386 97.212 97.149 -9999 97.225 97.092 97.034 97.294 97.232 96.971 96.646 -9999 -9999 -9999 -9999 -9999 -9999 -9999 -9999 -9999 -9999 -9999 -9999 -9999 -9999 -9999 -9999 -9999 -9999 -9999 -9999 -9999 -9999 -9999 -9999 -9999 -9999 -9999 -9999 -9999 -9999 -9999 -9999 -9999 -9999 -9999 -9999 -9999 -9999 -9999
-9999 98.174 98.179 -9999 -9999 98.225 97.861 97.545 -9999 98.003 98.146 98.241 98.235 98.255 -9999 98.068 98.089 97.929 98.087 98.257 97.785 97.497 97.604 98.136 97.97 97.492 97.403 97.271 97.299 97.23 -9999 -9999 96.845 96.742 -9999 -9999 -9999 -9999 -9999 -9999 96.3 96.267 96.226 -9999 -9999 -9999 -9999 -9999 -9999 -9999 -9999 -9999 -9999 -9999 -9999 -9999 -9999 -9999 -9999 -9999 -9999 -9999 -9999 -9999 -9999 -9999 -9999 -9999 -9999 -9999 -9999 -9999 -9999 -9999 -9999
98.328 97.784 -9999 -9999 98.43 98.552 98.108 97.729 -9999 98.419 98.598 98.873 98.925 99.021 -9999 -9999 -9999 97.588 97.758 98.009 97.774 97.568 98.17 99.098 98.545 97.74 97.556 97.262 97.163 97.01 96.869 96.784 96.73 96.744 -9999 -9999 -9999 -9999 -9999 96.405 96.382 96.347 96.307 96.251 -9999 -9999 -9999 -9999 -9999 -9999 -9999 -9999 -9999 -9999 -9999 -9999 -9999 -9999 -9999 -9999 -9999 -9999 -9999 -9999 -9999 -9999 -9999 -9999 -9999 -9999 -9999 -9999 -9999 -9999 -9999
98.339 98.178 -9999 -9999 -9999 98.455 98.072 97.726 -9999 98.383 -9999 98.171 98.324 98.574 -9999 98.322 98.109 98.298 -9999 97.868 97.618 97.249 97.595 97.27 97.018 97.501 97.334 97.317 97.256 97.322 97.26 97.226 97.116 96.83 96.754 96.675 96.618 -9999 96.524 96.487 96.448 96.401 96.333 96.251 96.166 96.077 -9999 -9999 -9999 -9999 -9999 -9999 -9999 -9999 -9999 -9999 -9999 -9999 -9999 -9999 -9999 -9999 -9999 -9999 -9999 -9999 -9999 -9999 -9999 -9999 -9999 -9999 -9999 -9999 -9999
98.585 -9999 -9999 -9999 -9999 97.925 97.987 98.637 -9999 98.498 -9999 98.559 98.801 -9999 97.728 97.378 97.671 98.199 97.965 97.928 97.765 97.859 97.706 97.788 98.003 97.956 97.805 97.437 97.401 97.227 97.179 97.126 96.94 96.865 96.79 96.723 96.674 96.629 96.585 96.538 96.475 96.39 96.304 96.218 96.131 96.041 95.942 95.796 95.607 -9999 -9999 -9999 -9999 -9999 -9999 -9999 -9999 -9999 -9999 -9999 -9999 -9999 -9999 -9999 -9999 -9999 -9999 -9999 -9999 -9999 -9999 -9999 -9999 -9999 -9999
98.452 -9999 -9999 -9999 -9999 97.905 98.232 98.202 98.033 -9999 -9999 98.313 98.397 -9999 97.86 97.099 97.623 98.302 98.235 98.101 98.129 98.085 98.03 97.794 97.704 97.574 97.4 97.465 97.374 97.412 97.286 97.046 96.972 96.898 96.827 96.771 96.724 96.68 96.627 96.542 96.452 96.363 96.274 96.185 96.094 96.0 95.9 95.791 95.669 95.498 -9999 -9999 -9999 -9999 -9999 -9999 -9999 -9999 -9999 -9999 -9999 -9999 -9999 -9999 -9999 -9999 -9999 -9999 -9999 -9999 -9999 -9999 -9999 -9999 -9999
-9999 -9999 -9999 -9999 -9999 98.273 98.395 98.115 98.141 -9999 -9999 98.278 98.328 -9999 -9999 97.899 98.289 98.405 98.21 97.871 97.838 97.801 97.624 97.499 97.442 97.515 97.578 97.702 97.613 97.351 97.165 97.025 96.911 96.725 96.793 97.107 96.981 96.708 96.612 96.518 96.426 96.335 96.244 96.152 96.057 95.959 95.855 95.743 95.617 95.474 -9999 -9999 -9999 -9999 -9999 -9999 -9999 -9999 -9999 -9999 -9999 -9999 -9999 -9999 -9999 -9999 -9999 -9999 -9999 -9999 -9999 -9999 -9999 -9999 -9999
-9999 -9999 -9999 -9999 -9999 98.015 98.136 98.043 -9999 -9999 -9999 -9999 98.427 -9999 98.246 97.981 98.089 98.245 98.043 97.986 97.983 98.02 97.959 97.958 97.927 97.814 97.692 97.234 97.117 97.202 97.147 97.221 97.036 96.817 97.019 97.153 96.92 96.686 96.589 96.494 96.4 96.306 96.212 96.117 96.019 95.915 95.802 95.68 95.548 95.405 95.258 -9999 -9999 -9999 -9999 -9999 -9999 -9999 -9999 -9999 -9999 -9999 -9999 -9999 -9999 -9999 -9999 -9999 -9999 -9999 -9999 -9999 -9999 -9999 -9999
-9999 -9999 -9999 98.352 98.008 98.003 98.024 -9999 -9999 98.569 -9999 -9999 -9999 -9999 98.417 98.443 98.496 98.448 98.363 98.237 98.232 98.171 98.098 97.908 97.787 97.65 97.426 97.53 97.562 97.563 97.668 97.873 97.542 96.98 97.022 96.939 96.749 96.604 96.51 96.427 96.342 96.277 96.179 96.075 95.969 95.857 95.739 95.615 95.481 95.336 95.223 -9999 -9999 -9999 -9999 -9999 -9999 -9999 -9999 -9999 -9999 -9999 -9999 -9999 -9999 -9999 -9999 -9999 -9999 -9999 -9999 -9999 -9999 -9999 -9999
-9999 -9999 -9999 -9999 98.542 98.336 98.527 -9999 98.514 98.483 98.263 -9999 -9999 -9999 -9999 98.135 98.078 98.02 97.961 98.002 97.94 97.854 97.807 97.975 97.892 97.888 97.894 97.817 97.716 97.459 97.647 97.889 97.469 97.153 97.039 96.849 96.71 96.578 96.546 96.616 96.478 96.234 96.129 96.021 95.911 95.796 95.676 95.55 95.414 95.27 95.157 94.998 -9999 -9999 -9999 -9999 -9999 -9999 -9999 -9999 -9999 -9999 -9999 -9999 -9999 -9999 -9999 -9999 -9999 -9999 -9999 -9999 -9999 -9999 -9999
-9999 -9999 -9999 -9999 98.431 98.369 98.51 -9999 98.75 98.633 98.541 -9999 -9999 -9999 -9999 -9999 98.165 98.42 98.365 98.173 98.117 98.123 98.125 97.928 97.817 97.547 97.515 97.593 97.391 97.225 97.419 97.623 97.362 97.089 96.955 96.904 96.776 96.652 96.62 96.466 96.288 96.182 96.075 95.965 95.852 95.736 95.614 95.485 95.347 95.206 95.098 94.959 94.758 -9999 -9999 -9999 -9999 -9999 -9999 -9999 -9999 -9999 -9999 -9999 -9999 -9999 -9999 -9999 -9999 -9999 -9999 -9999 -9999 -9999 -9999
-9999 -9999 -9999 -9999 98.559 98.728 -9999 -9999 98.292 97.285 97.556 98.315 -9999 -9999 -9999 -9999 -9999 98.351 98.249 98.237 98.207 98.164 98.018 97.937 97.766 97.715 97.741 97.766 97.684 97.717 97.782 97.699 97.418 97.003 96.952 96.923 96.788 96.629 96.485 96.344 96.238 96.13 96.021 95.909 95.794 95.674 95.55 95.419 95.279 95.142 95.037 94.893 94.703 94.515 94.318 -9999 -9999 -9999 -9999 -9999 -9999 -9999 -9999 -9999 -9999 -9999 -9999 -9999 -9999 -9999 -9999 -9999 -9999 -9999 -9999
-9999 -9999 -9999 -9999 98.86 98.996 -9999 -9999 98.507 97.893 98.413 -9999 -9999 -9999 -9999 -9999 -9999 98.524 98.475 98.393 98.309 98.191 98.218 98.447 98.224 97.724 97.642 97.445 97.449 97.44 97.336 97.177 96.908 96.786 96.744 96.704 96.609 96.608 96.462 96.296 96.187 96.078 95.966 95.851 95.734 95.612 95.485 95.351 95.209 95.068 94.898 94.736 94.551 94.368 94.183 -9999 -9999 -9999 -9999 -9999 -9999 -9999 -9999 -9999 -9999 -9999 -9999 -9999 -9999 -9999 -9999 -9999 -9999 -9999 -9999
-9999 -9999 -9999 -9999 99.153 98.69 -9999 -9999 -9999 98.229 98.299 97.308 -9999 -9999 -9999 -9999 -9999 98.636 98.501 98.298 98.169 98.036 98.177 98.276 97.996 97.977 97.804 97.676 97.693 97.794 97.565 97.131 97.013 96.907 96.861 96.822 96.874 97.051 96.764 96.247 96.136 96.024 95.909 95.792 95.672 95.548 95.418 95.282 95.123 94.927 94.742 94.562 94.383 94.205 94.025 -9999 -9999 -9999 -9999 -9999 -9999 -9999 -9999 -9999 -9999 -9999 -9999 -9999 -9999 -9999 -9999 -9999 -9999 -9999 -9999
-9999 -9999 -9999 99.204 99.193 98.581 -9999 -9999 -9999 -9999 -9999 -9999 -9999 -9999 -9999 -9999 -9999 98.464 98.252 97.945 97.856 97.855 97.906 97.946 98.045 98.379 98.112 97.631 97.501 97.043 96.836 96.842 96.797 96.864 96.715 96.389 96.713 97.38 96.858 96.198 96.084 95.968 95.851 95.731 95.608 95.481 95.349 95.194 94.971 94.762 94.583 94.407 94.232 94.059 93.884 93.811 -9999 -9999 -9999 -9999 -9999 -9999 -9999 -9999 -9999 -9999 -9999 -9999 -9999 -9999 -9999 -9999 -9999 -9999 -9999
-9999 -9999 99.436 99.446 99.164 98.933 -9999 -9999 -9999 -9999 -9999 -9999 -9999 -9999 -9999 98.554 98.52 98.373 98.249 98.332 98.25 98.075 98.061 98.015 98.062 97.758 97.685 98.234 97.835 97.431 97.382 97.26 97.268 97.236 97.037 96.982 97.347 97.425 96.822 96.146 96.029 95.91 95.79 95.667 95.542 95.412 95.262 95.038 94.804 94.612 94.438 94.265 94.095 93.926 93.756 93.654 -9999 -9999 -9999 -9999 -9999 -9999 -9999 -9999 -9999 -9999 -9999 -9999 -9999 -9999 -9999 -9999 -9999 -9999 -9999
-9999 -9999 99.469 99.596 99.346 -9999 -9999 -9999 -9999 -9999 -9999 -9999 -9999 -9999 -9999 98.64 98.5 98.153 98.206 98.227 98.043 97.778 97.594 97.208 97.158 97.499 97.891 98.239 97.858 97.394 97.304 97.289 97.28 97.344 97.275 97.18 97.076 96.704 96.225 95.916 95.842 95.848 95.725 95.6 95.471 95.326 95.112 94.869 94.651 94.475 94.303 94.135 93.968 93.803 93.637 93.518 -9999 -9999 -9999 -9999 -9999 -9999 -9999 -9999 -9999 -9999 -9999 -9999 -9999 -9999 -9999 -9999 -9999 -9999 -9999
-9999 -9999 -9999 -9999 -9999 -9999 -9999 -9999 -9999 -9999 -9999 -9999 -9999 -9999 -9999 98.612 98.412 98.301 98.315 98.346 98.159 98.018 97.939 98.299 98.238 97.633 97.831 97.931 97.627 97.432 97.327 97.122 96.954 96.45 96.557 96.987 96.736 96.615 96.489 96.631 96.396 95.781 95.656 95.528 95.388 95.19 94.948 94.713 94.519 94.346 94.179 94.013 93.85 93.688 93.526 93.398 -9999 -9999 -9999 -9999 -9999 -9999 -9999 -9999 -9999 -9999 -9999 -9999 -9999 -9999 -9999 -9999 -9999 -9999 -9999
-9999 -9999 -9999 -9999 -9999 -9999 -9999 -9999 -9999 -9999 -9999 -9999 -9999 -9999 98.633 98.275 98.056 97.665 97.808 98.191 98.088 98.014 98.442 99.091 98.67 98.435 98.283 97.78 97.877 98.403 97.934 97.01 96.721 96.699 96.93 96.95 96.796 96.566 96.515 96.214 95.834 95.709 95.581 95.448 95.271 95.029 94.79 94.571 94.395 94.225 94.061 93.899 93.739 93.58 93.421 93.288 -9999 -9999 -9999 -9999 -9999 -9999 -9999 -9999 -9999 -9999 -9999 -9999 -9999 -9999 -9999 -9999 -9999 -9999 -9999
-9999 -9999 -9999 -9999 -9999 -9999 -9999 -9999 -9999 -9999 -9999 -9999 -9999 -9999 98.368 98.408 98.187 98.19 98.328 98.201 98.123 98.042 98.358 98.296 98.243 98.435 97.996 97.555 97.707 97.411 96.93 96.998 96.867 96.593 96.574 96.508 96.426 96.547 96.246 95.882 95.757 95.63 95.502 95.347 95.112 94.873 94.642 94.449 94.277 94.111 93.949 93.79 93.633 93.477 93.321 93.186 -9999 -9999 -9999 -9999 -9999 -9999 -9999 -9999 -9999 -9999 -9999 -9999 -9999 -9999 -9999 -9999 -9999 -9999 -9999
-9999 -9999 -9999 -9999 -9999 -9999 -9999 -9999 -9999 -9999 -9999 -9999 -9999 98.665 98.457 98.368 98.448 98.714 98.462 97.998 97.975 98.067 97.934 97.68 97.763 97.723 97.46 97.342 97.093 96.928 96.925 96.887 96.67 96.518 96.435 96.325 96.434 96.582 96.271 95.97 95.798 95.541 95.402 95.198 94.958 94.722 94.507 94.334 94.165 94.002 93.843 93.686 93.531 93.38 93.234 93.098 92.982 -9999 -9999 -9999 -9999 -9999 -9999 -9999 -9999 -9999 -9999 -9999 -9999 -9999 -9999 -9999 -9999 -9999 -9999
-9999 -9999 -9999 -9999 -9999 -9999 -9999 -9999 -9999 -9999 -9999 -9999 98.581 98.64 98.486 98.301 98.385 98.296 98.06 98.119 98.191 98.298 97.984 97.524 97.484 97.451 97.401 97.37 97.15 96.878 96.802 96.716 96.517 96.242 96.186 96.22 96.259 96.179 95.961 95.823 95.626 95.476 95.285 95.043 94.806 94.58 94.394 94.223 94.056 93.891 93.732 93.578 93.432 93.289 93.151 93.017 92.888 -9999 -9999 -9999 -9999 -9999 -9999 -9999 -9999 -9999 -9999 -9999 -9999 -9999 -9999 -9999 -9999 -9999 -9999
-9999 -9999 -9999 -9999 -9999 -9999 -9999 -9999 -9999 -9999 -9999 -9999 98.709 98.457 98.322 98.269 98.152 98.024 97.988 97.85 97.97 98.183 97.812 97.49 97.544 97.769 97.607 97.135 96.911 96.777 96.751 96.852 96.583 96.289 96.24 96.094 96.082 96.193 95.983 95.634 95.506 95.36 95.129 94.89 94.657 94.447 94.268 94.095 93.929 93.77 93.621 93.475 93.334 93.199 93.068 92.94 92.814 -9999 -9999 -9999 -9999 -9999 -9999 -9999 -9999 -9999 -9999 -9999 -9999 -9999 -9999 -9999 -9999 -9999 -9999
-9999 -9999 -9999 -9999 -9999 -9999 -9999 -9999 -9999 -9999 -9999 98.65 98.644 98.536 98.424 98.245 98.1 97.953 97.765 97.496 97.684 97.934 97.694 97.535 97.603 97.503 97.193 96.953 96.803 96.672 96.69 96.642 96.396 96.179 96.064 95.989 95.971 95.789 95.574 95.516 95.396 95.215 94.963 94.717 94.491 94.308 94.135 93.969 93.811 93.661 93.516 93.379 93.244 93.114 92.988 92.865 92.745 92.641 -9999 -9999 -9999 -9999 -9999 -9999 -9999 -9999 -9999 -9999 -9999 -9999 -9999 -9999 -9999 -9999 -9999
-9999 -9999 -9999 -9999 -9999 -9999 -9999 -9999 -9999 -9999 98.681 -9999 98.597 98.46 98.311 98.213 98.056 97.902 97.764 97.832 97.983 98.08 97.866 97.547 97.401 97.179 97.027 96.897 96.756 96.639 96.533 96.361 96.192 96.081 96.083 96.23 95.988 95.614 95.529 95.404 95.252 95.023 94.772 94.54 94.354 94.18 94.015 93.858 93.707 93.563 93.425 93.29 93.161 93.035 92.914 92.796 92.679 92.574 -9999 -9999 -9999 -9999 -9999 -9999 -9999 -9999 -9999 -9999 -9999 -9999 -9999 -9999 -9999 -9999 -9999
