Validation/Results/raw data/ReClimate_03_2024_2_Temperatureweatherlogisticsltd.asc
NCOLS 192
NROWS 249
XLLCENTER -225160.85627316462
YLLCENTER 29788.11610251502
CELLSIZE 5000.0
NODATA_VALUE -9999
[rows 170 to 203 of 249, columns 75 to 149 of 192]
-9999 -9999 -9999 -9999 -9999 -9999 -9999 -9999 -9999 -9999 -9999 -9999 -9999 -9999 -9999 -9999 -9999 -0.897 -0.926 -9999 -9999 -9999 -9999 -9999 -9999 -9999 -9999 -9999 -9999 -9999 -9999 -9999 -9999 -9999 -9999 -9999 -0.929 -0.912 -0.901 -0.892 -0.885 -0.875 -0.854 -0.833 -0.822 -0.812 -0.793 -0.773 -0.747 -0.721 -0.707 -0.695 -0.661 -0.627 -0.609 -0.592 -0.558 -0.52 -0.514 -0.511 -0.494 -0.476 -0.457 -0.437 -0.412 -0.386 -0.377 -0.372 -0.342 -0.312 -0.302 -0.292 -0.274 -0.254 -0.24
-9999 -9999 -9999 -9999 -9999 -9999 -9999 -9999 -9999 -9999 -9999 -9999 -9999 -9999 -9999 -9999 -9999 -0.909 -0.931 -0.941 -9999 -9999 -9999 -9999 -9999 -9999 -9999 -9999 -9999 -9999 -9999 -9999 -9999 -9999 -9999 -0.949 -0.926 -0.919 -0.907 -0.891 -0.887 -0.884 -0.865 -0.846 -0.833 -0.815 -0.799 -0.781 -0.755 -0.723 -0.707 -0.682 -0.659 -0.63 -0.611 -0.594 -0.567 -0.533 -0.517 -0.507 -0.493 -0.477 -0.46 -0.441 -0.424 -0.401 -0.381 -0.368 -0.345 -0.321 -0.304 -0.291 -0.277 -0.259 -0.247
-9999 -9999 -9999 -9999 -9999 -9999 -9999 -9999 -9999 -9999 -9999 -9999 -9999 -9999 -9999 -9999 -0.887 -0.916 -0.929 -0.938 -0.959 -9999 -9999 -9999 -9999 -9999 -9999 -9999 -9999 -9999 -9999 -9999 -0.988 -9999 -9999 -0.941 -0.932 -0.922 -0.907 -0.891 -9999 -0.887 -0.869 -0.851 -0.834 -0.817 -0.803 -0.786 -0.757 -0.727 -0.705 -0.683 -0.663 -0.641 -0.62 -0.602 -0.575 -0.547 -0.529 -0.513 -0.498 -0.484 -0.466 -0.449 -0.431 -0.413 -0.393 -0.372 -0.347 -0.327 -0.311 -0.294 -0.28 -0.265 -0.253
-9999 -9999 -9999 -9999 -9999 -9999 -9999 -9999 -9999 -9999 -9999 -9999 -9999 -9999 -9999 -9999 -0.887 -0.921 -0.931 -0.934 -0.958 -0.988 -1.002 -9999 -9999 -9999 -1.035 -1.054 -9999 -1.026 -1.005 -0.999 -0.994 -0.975 -9999 -9999 -0.939 -0.915 -9999 -9999 -0.892 -0.876 -0.861 -0.854 -0.835 -0.814 -0.799 -0.782 -0.754 -0.728 -0.712 -0.694 -0.672 -0.653 -0.638 -0.623 -0.594 -0.565 -0.547 -0.531 -0.509 -0.491 -0.475 -0.458 -0.45 -0.439 -0.412 -0.387 -0.354 -0.326 -0.315 -0.303 -0.294 -0.282 -0.259
-9999 -9999 -9999 -9999 -9999 -9999 -9999 -9999 -9999 -9999 -9999 -9999 -9999 -9999 -9999 -9999 -9999 -0.923 -0.93 -0.932 -0.961 -0.99 -9999 -9999 -1.023 -1.035 -1.054 -1.062 -1.046 -1.023 -1.016 -1.005 -0.992 -0.973 -0.966 -9999 -0.94 -0.917 -0.91 -0.905 -0.891 -0.874 -0.865 -0.857 -0.837 -0.815 -0.799 -0.782 -0.757 -0.731 -0.716 -0.701 -0.679 -0.658 -0.646 -0.636 -0.609 -0.579 -0.561 -0.544 -0.522 -0.5 -0.483 -0.466 -0.458 -0.453 -0.427 -0.398 -0.366 -0.33 -0.317 -0.309 -0.3 -0.291 -0.269
-9999 -9999 -9999 -9999 -9999 -9999 -9999 -9999 -9999 -9999 -9999 -9999 -9999 -9999 -9999 -9999 -9999 -0.912 -0.923 -0.951 -0.976 -0.995 -1.011 -1.037 -1.046 -1.033 -1.053 -1.076 -1.062 -1.043 -1.032 -1.013 -0.997 -0.973 -0.965 -0.956 -0.934 -0.914 -0.908 -0.905 -0.895 -0.889 -0.872 -0.839 -0.821 -0.809 -0.793 -0.777 -0.757 -0.745 -0.722 -0.684 -0.68 -0.668 -0.65 -0.637 -0.623 -0.602 -0.578 -0.557 -0.535 -0.512 -0.493 -0.474 -0.454 -0.44 -0.426 -0.404 -0.373 -0.337 -0.32 -0.312 -0.303 -0.294 -0.282
-9999 -9999 -9999 -9999 -9999 -9999 -9999 -9999 -9999 -9999 -9999 -9999 -9999 -9999 -9999 -9999 -9999 -9999 -0.93 -0.958 -0.977 -0.996 -1.021 -1.048 -1.041 -1.029 -1.056 -1.081 -1.069 -1.052 -1.036 -1.017 -0.994 -0.969 -0.958 -0.949 -0.93 -0.911 -0.906 -0.903 -0.898 -0.893 -0.863 -0.83 -0.818 -0.806 -0.79 -0.774 -0.762 -0.75 -0.716 -0.679 -0.674 -0.674 -0.657 -0.64 -0.625 -0.61 -0.587 -0.563 -0.543 -0.522 -0.503 -0.483 -0.462 -0.441 -0.426 -0.412 -0.381 -0.346 -0.327 -0.317 -0.307 -0.297 -0.284
-9999 -9999 -9999 -9999 -9999 -9999 -9999 -9999 -9999 -9999 -9999 -9999 -9999 -9999 -9999 -9999 -9999 -9999 -9999 -9999 -0.981 -1.012 -1.035 -1.053 -1.047 -1.036 -1.063 -1.087 -1.08 -1.063 -1.048 -1.033 -1.008 -0.976 -0.968 -0.965 -0.947 -0.926 -0.918 -0.901 -0.896 -0.886 -0.859 -0.834 -0.819 -0.801 -0.787 -0.775 -0.762 -0.747 -0.718 -0.698 -0.676 -0.666 -0.641 -0.619 -0.606 -0.591 -0.574 -0.553 -0.544 -0.53 -0.5 -0.475 -0.464 -0.449 -0.431 -0.415 -0.388 -0.355 -0.335 -0.322 -0.321 -0.316 -0.298
-9999 -9999 -9999 -9999 -9999 -9999 -9999 -9999 -9999 -9999 -9999 -9999 -9999 -9999 -9999 -9999 -9999 -9999 -9999 -0.958 -0.986 -1.016 -1.034 -1.052 -1.047 -1.037 -1.061 -1.086 -1.077 -1.059 -1.048 -1.034 -1.005 -0.975 -0.97 -0.968 -0.95 -0.93 -0.916 -0.9 -0.893 -0.883 -0.86 -0.835 -0.818 -0.8 -0.788 -0.776 -0.761 -0.746 -0.726 -0.706 -0.685 -0.663 -0.638 -0.611 -0.598 -0.586 -0.568 -0.551 -0.541 -0.534 -0.505 -0.473 -0.462 -0.452 -0.434 -0.416 -0.389 -0.359 -0.338 -0.323 -0.32 -0.318 -0.3
-9999 -9999 -9999 -9999 -9999 -9999 -9999 -9999 -9999 -9999 -9999 -9999 -9999 -9999 -9999 -9999 -9999 -9999 -0.934 -0.973 -1.0 -1.026 -1.036 -1.029 -1.032 -1.05 -1.066 -1.068 -1.059 -1.041 -1.034 -1.032 -1.003 -0.966 -0.96 -0.954 -0.938 -0.927 -0.913 -0.899 -0.893 -0.886 -0.867 -0.852 -0.833 -0.81 -0.798 -0.785 -0.769 -0.751 -0.731 -0.711 -0.677 -0.649 -0.635 -0.614 -0.581 -0.557 -0.556 -0.548 -0.523 -0.505 -0.495 -0.475 -0.464 -0.455 -0.432 -0.411 -0.383 -0.352 -0.328 -0.309 -0.302 -0.295 -0.275
-9999 -9999 -9999 -9999 -9999 -9999 -9999 -9999 -9999 -9999 -9999 -9999 -9999 -9999 -9999 -9999 -9999 -0.909 -0.938 -0.978 -1.002 -1.027 -1.024 -1.017 -1.034 -1.046 -1.049 -1.051 -1.042 -1.027 -1.029 -1.027 -0.995 -0.959 -0.952 -0.945 -0.935 -0.924 -0.912 -0.898 -0.894 -0.888 -0.873 -0.859 -0.838 -0.815 -0.802 -0.789 -0.771 -0.753 -0.733 -0.713 -0.68 -0.645 -0.63 -0.615 -0.583 -0.548 -0.545 -0.547 -0.523 -0.497 -0.486 -0.477 -0.467 -0.458 -0.436 -0.411 -0.384 -0.353 -0.329 -0.307 -0.296 -0.284 -0.262
-9999 -9999 -9999 -9999 -9999 -9999 -9999 -9999 -9999 -9999 -9999 -9999 -9999 -9999 -9999 -0.879 -0.893 -0.908 -0.934 -0.959 -0.985 -1.021 -1.027 -1.05 -1.055 -1.047 -1.045 -1.031 -1.029 -1.033 -1.033 -1.021 -0.989 -0.953 -0.949 -0.953 -0.945 -0.939 -0.927 -0.909 -0.9 -0.876 -0.861 -0.846 -0.829 -0.82 -0.804 -0.783 -0.765 -0.748 -0.727 -0.704 -0.681 -0.651 -0.628 -0.608 -0.586 -0.558 -0.557 -0.56 -0.542 -0.521 -0.497 -0.481 -0.468 -0.458 -0.441 -0.42 -0.391 -0.359 -0.337 -0.316 -0.295 -0.278 -0.251
-9999 -9999 -9999 -9999 -9999 -9999 -9999 -9999 -9999 -9999 -9999 -9999 -9999 -9999 -0.874 -0.88 -0.894 -0.904 -9999 -9999 -9999 -9999 -1.02 -1.05 -1.045 -1.038 -1.028 -1.014 -1.022 -1.027 -1.024 -1.013 -0.983 -0.948 -0.95 -0.954 -0.948 -0.944 -0.929 -0.912 -0.895 -0.873 -0.858 -0.843 -0.832 -0.822 -0.802 -0.782 -0.764 -0.746 -0.725 -0.702 -0.678 -0.654 -0.631 -0.606 -0.584 -0.562 -0.561 -0.564 -0.547 -0.53 -0.508 -0.483 -0.471 -0.46 -0.443 -0.425 -0.396 -0.363 -0.341 -0.32 -0.298 -0.276 -0.249
-9999 -9999 -9999 -9999 -9999 -9999 -9999 -9999 -9999 -9999 -9999 -9999 -9999 -9999 -0.876 -0.882 -0.891 -9999 -9999 -9999 -9999 -9999 -0.991 -1.008 -1.004 -1.005 -1.005 -1.024 -1.028 -1.02 -1.017 -1.008 -0.988 -0.978 -0.973 -0.953 -0.943 -0.926 -0.914 -0.91 -0.896 -0.88 -0.864 -0.841 -0.827 -0.81 -0.79 -0.774 -0.756 -0.739 -0.718 -0.697 -0.677 -0.654 -0.637 -0.618 -0.604 -0.588 -0.573 -0.569 -0.542 -0.519 -0.504 -0.485 -0.472 -0.459 -0.439 -0.42 -0.405 -0.38 -0.359 -0.338 -0.314 -0.292 -0.269
-9999 -9999 -9999 -9999 -9999 -9999 -9999 -9999 -9999 -9999 -9999 -9999 -9999 -9999 -9999 -9999 -0.882 -9999 -9999 -9999 -9999 -9999 -0.981 -0.982 -0.983 -0.984 -1.0 -1.018 -1.013 -1.006 -1.003 -0.995 -0.988 -0.981 -0.965 -0.946 -0.93 -0.914 -0.909 -0.905 -0.896 -0.883 -0.865 -0.84 -0.822 -0.804 -0.788 -0.771 -0.754 -0.737 -0.717 -0.696 -0.676 -0.655 -0.637 -0.623 -0.61 -0.598 -0.584 -0.571 -0.545 -0.517 -0.502 -0.486 -0.474 -0.46 -0.439 -0.417 -0.4 -0.384 -0.362 -0.34 -0.316 -0.294 -0.275
-9999 -9999 -9999 -9999 -9999 -9999 -9999 -9999 -9999 -9999 -9999 -9999 -9999 -9999 -9999 -9999 -9999 -9999 -9999 -9999 -9999 -9999 -0.959 -0.973 -0.971 -0.964 -0.982 -1.011 -1.0 -0.973 -0.977 -0.99 -0.979 -0.957 -0.944 -0.932 -0.918 -0.906 -0.9 -0.894 -0.885 -0.871 -0.855 -0.837 -0.824 -0.815 -0.797 -0.774 -0.759 -0.745 -0.725 -0.703 -0.686 -0.667 -0.646 -0.63 -0.613 -0.599 -0.58 -0.564 -0.549 -0.528 -0.521 -0.51 -0.486 -0.467 -0.447 -0.427 -0.4 -0.378 -0.354 -0.33 -0.306 -0.286 -0.277
-9999 -9999 -9999 -9999 -9999 -9999 -9999 -9999 -9999 -9999 -9999 -9999 -9999 -9999 -9999 -9999 -9999 -9999 -9999 -9999 -9999 -9999 -9999 -0.957 -0.951 -0.943 -0.967 -0.995 -0.974 -0.948 -0.964 -0.978 -0.96 -0.939 -0.929 -0.919 -0.909 -0.897 -0.89 -0.883 -0.872 -0.859 -0.847 -0.832 -0.823 -0.816 -0.796 -0.775 -0.761 -0.749 -0.729 -0.706 -0.689 -0.673 -0.652 -0.633 -0.616 -0.601 -0.582 -0.561 -0.545 -0.529 -0.521 -0.515 -0.492 -0.466 -0.446 -0.426 -0.4 -0.372 -0.347 -0.322 -0.298 -0.281 -0.275
-9999 -9999 -9999 -9999 -9999 -9999 -9999 -9999 -9999 -9999 -9999 -9999 -9999 -9999 -9999 -9999 -9999 -9999 -9999 -9999 -9999 -9999 -0.926 -0.939 -0.94 -0.952 -0.963 -0.952 -0.942 -0.951 -0.961 -0.955 -0.938 -0.917 -0.911 -0.908 -0.898 -0.886 -0.882 -0.882 -0.871 -0.857 -0.845 -0.828 -0.82 -0.809 -0.793 -0.778 -0.763 -0.743 -0.72 -0.695 -0.68 -0.665 -0.646 -0.628 -0.62 -0.608 -0.584 -0.56 -0.542 -0.524 -0.519 -0.514 -0.494 -0.471 -0.446 -0.422 -0.395 -0.366 -0.341 -0.316 -0.295 -0.28 -0.268
-9999 -9999 -9999 -9999 -9999 -9999 -9999 -9999 -9999 -9999 -9999 -9999 -9999 -9999 -9999 -9999 -9999 -9999 -9999 -9999 -9999 -9999 -0.908 -0.921 -0.932 -0.944 -0.936 -0.924 -0.932 -0.941 -0.94 -0.935 -0.92 -0.901 -0.898 -0.896 -0.885 -0.873 -0.874 -0.874 -0.863 -0.849 -0.837 -0.822 -0.812 -0.802 -0.789 -0.776 -0.758 -0.738 -0.717 -0.692 -0.677 -0.663 -0.644 -0.626 -0.616 -0.608 -0.583 -0.556 -0.538 -0.519 -0.513 -0.51 -0.49 -0.469 -0.444 -0.416 -0.389 -0.359 -0.333 -0.309 -0.291 -0.281 -0.269
-9999 -9999 -9999 -9999 -9999 -9999 -9999 -9999 -9999 -9999 -9999 -9999 -9999 -9999 -9999 -9999 -9999 -9999 -9999 -9999 -9999 -9999 -0.891 -0.904 -0.911 -0.915 -0.908 -0.903 -0.91 -0.918 -0.917 -0.913 -0.903 -0.896 -0.894 -0.891 -0.879 -0.862 -0.862 -0.862 -0.854 -0.847 -0.837 -0.825 -0.815 -0.802 -0.789 -0.776 -0.762 -0.752 -0.727 -0.701 -0.684 -0.67 -0.654 -0.637 -0.613 -0.597 -0.577 -0.554 -0.538 -0.522 -0.51 -0.504 -0.487 -0.467 -0.445 -0.419 -0.389 -0.358 -0.328 -0.305 -0.286 -0.275 -0.268
-9999 -9999 -9999 -9999 -9999 -9999 -9999 -9999 -9999 -9999 -9999 -9999 -9999 -9999 -9999 -9999 -9999 -9999 -9999 -9999 -9999 -9999 -9999 -0.887 -0.89 -0.893 -0.89 -0.885 -0.891 -0.898 -0.898 -0.894 -0.891 -0.886 -0.884 -0.88 -0.866 -0.849 -0.849 -0.849 -0.843 -0.837 -0.829 -0.82 -0.81 -0.797 -0.786 -0.774 -0.764 -0.755 -0.73 -0.702 -0.687 -0.669 -0.652 -0.637 -0.614 -0.589 -0.57 -0.55 -0.534 -0.519 -0.507 -0.497 -0.479 -0.461 -0.438 -0.414 -0.385 -0.352 -0.324 -0.301 -0.287 -0.273 -0.266
-9999 -9999 -9999 -9999 -9999 -9999 -9999 -9999 -9999 -9999 -9999 -9999 -9999 -9999 -9999 -9999 -9999 -9999 -9999 -9999 -9999 -9999 -9999 -0.888 -0.887 -0.882 -0.882 -0.883 -0.887 -0.884 -0.89 -0.904 -0.9 -0.885 -0.883 -0.877 -0.863 -0.843 -0.84 -0.831 -0.827 -0.826 -0.821 -0.82 -0.811 -0.798 -0.786 -0.77 -0.759 -0.743 -0.728 -0.705 -0.684 -0.665 -0.65 -0.635 -0.614 -0.593 -0.577 -0.561 -0.538 -0.52 -0.502 -0.488 -0.467 -0.447 -0.434 -0.415 -0.379 -0.343 -0.316 -0.296 -0.289 -0.279 -0.273
-9999 -9999 -9999 -9999 -9999 -9999 -9999 -9999 -9999 -9999 -9999 -9999 -9999 -9999 -9999 -9999 -9999 -9999 -9999 -9999 -9999 -9999 -0.875 -0.881 -0.875 -0.868 -0.871 -0.873 -0.872 -0.869 -0.883 -0.898 -0.889 -0.875 -0.872 -0.866 -0.851 -0.833 -0.825 -0.816 -0.814 -0.813 -0.812 -0.812 -0.803 -0.791 -0.778 -0.763 -0.749 -0.734 -0.72 -0.699 -0.678 -0.656 -0.642 -0.629 -0.608 -0.588 -0.573 -0.559 -0.537 -0.515 -0.497 -0.479 -0.458 -0.436 -0.422 -0.408 -0.373 -0.336 -0.313 -0.294 -0.288 -0.281 -0.276
-9999 -9999 -9999 -9999 -9999 -9999 -9999 -9999 -9999 -9999 -9999 -9999 -9999 -9999 -9999 -9999 -9999 -9999 -9999 -9999 -9999 -9999 -0.876 -0.873 -0.873 -0.887 -0.887 -0.881 -0.882 -0.883 -0.894 -0.895 -0.885 -0.863 -0.856 -0.84 -0.831 -0.829 -0.821 -0.808 -0.808 -0.81 -0.803 -0.785 -0.781 -0.787 -0.772 -0.746 -0.735 -0.727 -0.709 -0.681 -0.673 -0.661 -0.64 -0.624 -0.609 -0.593 -0.567 -0.546 -0.533 -0.515 -0.492 -0.471 -0.444 -0.418 -0.393 -0.372 -0.352 -0.324 -0.312 -0.301 -0.291 -0.283 -0.271
-9999 -9999 -9999 -9999 -9999 -9999 -9999 -9999 -9999 -9999 -9999 -9999 -9999 -9999 -9999 -9999 -9999 -9999 -9999 -9999 -9999 -9999 -0.867 -0.863 -0.873 -0.886 -0.881 -0.875 -0.878 -0.88 -0.882 -0.884 -0.869 -0.849 -0.836 -0.82 -0.819 -0.819 -0.809 -0.796 -0.798 -0.8 -0.784 -0.766 -0.771 -0.778 -0.758 -0.734 -0.728 -0.719 -0.694 -0.667 -0.659 -0.655 -0.636 -0.615 -0.601 -0.588 -0.563 -0.536 -0.522 -0.509 -0.486 -0.461 -0.435 -0.406 -0.38 -0.355 -0.336 -0.318 -0.307 -0.303 -0.294 -0.283 -0.272
-9999 -9999 -9999 -9999 -9999 -9999 -9999 -9999 -9999 -9999 -9999 -9999 -9999 -9999 -9999 -9999 -9999 -9999 -9999 -9999 -9999 -0.865 -0.859 -0.884 -0.889 -0.882 -0.877 -0.873 -0.873 -0.871 -0.868 -0.854 -0.844 -0.838 -0.825 -0.81 -0.81 -0.812 -0.802 -0.787 -0.786 -0.778 -0.768 -0.766 -0.77 -0.771 -0.756 -0.739 -0.733 -0.718 -0.691 -0.658 -0.659 -0.66 -0.636 -0.613 -0.59 -0.572 -0.558 -0.537 -0.514 -0.495 -0.476 -0.454 -0.439 -0.418 -0.391 -0.365 -0.335 -0.312 -0.303 -0.3 -0.294 -0.286 -0.279
-9999 -9999 -9999 -9999 -9999 -9999 -9999 -9999 -9999 -9999 -9999 -9999 -9999 -9999 -9999 -9999 -9999 -9999 -9999 -9999 -0.86 -0.859 -0.872 -0.885 -0.879 -0.873 -0.87 -0.864 -0.862 -0.858 -0.846 -0.832 -0.829 -0.823 -0.811 -0.796 -0.797 -0.798 -0.787 -0.774 -0.768 -0.761 -0.759 -0.758 -0.759 -0.76 -0.748 -0.733 -0.723 -0.709 -0.68 -0.648 -0.648 -0.654 -0.631 -0.605 -0.583 -0.559 -0.545 -0.531 -0.508 -0.483 -0.464 -0.444 -0.43 -0.418 -0.393 -0.366 -0.337 -0.308 -0.302 -0.299 -0.293 -0.287 -0.282
-9999 -9999 -9999 -9999 -9999 -9999 -9999 -9999 -9999 -9999 -9999 -9999 -9999 -9999 -9999 -9999 -9999 -9999 -0.86 -0.859 -0.852 -0.847 -0.855 -0.86 -0.857 -0.858 -0.856 -0.858 -0.852 -0.84 -0.83 -0.824 -0.821 -0.814 -0.804 -0.79 -0.788 -0.78 -0.77 -0.763 -0.759 -0.755 -0.752 -0.742 -0.744 -0.749 -0.736 -0.714 -0.703 -0.69 -0.668 -0.656 -0.628 -0.618 -0.609 -0.592 -0.574 -0.553 -0.54 -0.526 -0.5 -0.473 -0.454 -0.436 -0.413 -0.395 -0.384 -0.365 -0.339 -0.314 -0.31 -0.308 -0.302 -0.298 -0.296
-9999 -9999 -9999 -9999 -9999 -9999 -9999 -9999 -9999 -9999 -9999 -9999 -9999 -9999 -9999 -9999 -9999 -0.859 -0.858 -0.842 -0.838 -0.835 -0.838 -0.843 -0.844 -0.844 -0.846 -0.847 -0.837 -0.825 -0.82 -0.814 -0.808 -0.801 -0.792 -0.78 -0.773 -0.763 -0.757 -0.749 -0.746 -0.743 -0.736 -0.727 -0.731 -0.737 -0.72 -0.696 -0.686 -0.674 -0.664 -0.652 -0.627 -0.599 -0.59 -0.582 -0.564 -0.546 -0.533 -0.52 -0.494 -0.467 -0.451 -0.433 -0.412 -0.387 -0.374 -0.362 -0.338 -0.316 -0.313 -0.311 -0.307 -0.303 -0.303
-9999 -9999 -9999 -9999 -9999 -9999 -9999 -9999 -9999 -9999 -9999 -9999 -9999 -9999 -0.861 -0.854 -0.851 -0.842 -0.841 -0.851 -0.85 -0.847 -0.848 -0.84 -0.841 -0.84 -0.836 -0.822 -0.814 -0.813 -0.809 -0.808 -0.803 -0.798 -0.792 -0.788 -0.776 -0.75 -0.745 -0.744 -0.737 -0.719 -0.715 -0.716 -0.721 -0.729 -0.71 -0.686 -0.676 -0.664 -0.655 -0.646 -0.628 -0.605 -0.589 -0.578 -0.558 -0.539 -0.523 -0.51 -0.492 -0.469 -0.456 -0.442 -0.423 -0.401 -0.379 -0.363 -0.352 -0.339 -0.329 -0.323 -0.319 -0.317 -0.315
-9999 -9999 -9999 -9999 -9999 -9999 -9999 -9999 -9999 -9999 -9999 -9999 -0.875 -0.868 -0.855 -0.846 -0.835 -0.828 -0.837 -0.848 -0.847 -0.845 -0.839 -0.832 -0.832 -0.831 -0.818 -0.804 -0.802 -0.801 -0.8 -0.799 -0.795 -0.79 -0.788 -0.783 -0.763 -0.737 -0.736 -0.735 -0.72 -0.702 -0.702 -0.702 -0.709 -0.715 -0.694 -0.672 -0.663 -0.652 -0.644 -0.634 -0.619 -0.601 -0.585 -0.57 -0.552 -0.533 -0.52 -0.505 -0.488 -0.47 -0.457 -0.444 -0.425 -0.405 -0.384 -0.365 -0.357 -0.353 -0.342 -0.332 -0.328 -0.324 -0.322
-9999 -9999 -9999 -9999 -9999 -9999 -9999 -9999 -0.902 -0.892 -0.886 -0.88 -0.883 -0.878 -0.865 -0.848 -0.839 -0.836 -0.84 -0.832 -0.83 -0.829 -0.824 -0.82 -0.819 -0.815 -0.808 -0.809 -0.804 -0.787 -0.789 -0.795 -0.791 -0.784 -0.786 -0.796 -0.772 -0.731 -0.728 -0.722 -0.708 -0.694 -0.69 -0.683 -0.685 -0.678 -0.662 -0.65 -0.642 -0.633 -0.621 -0.61 -0.599 -0.585 -0.572 -0.558 -0.546 -0.531 -0.522 -0.511 -0.493 -0.475 -0.457 -0.442 -0.428 -0.41 -0.391 -0.374 -0.359 -0.348 -0.354 -0.355 -0.346 -0.339 -0.324
-9999 -9999 -9999 -9999 -9999 -9999 -9999 -0.909 -0.899 -0.89 -0.886 -0.899 -0.894 -0.879 -0.862 -0.845 -0.838 -0.834 -0.826 -0.819 -0.817 -0.815 -0.812 -0.809 -0.805 -0.801 -0.802 -0.805 -0.791 -0.775 -0.78 -0.786 -0.781 -0.775 -0.784 -0.795 -0.763 -0.724 -0.719 -0.713 -0.7 -0.686 -0.677 -0.668 -0.664 -0.656 -0.646 -0.635 -0.627 -0.618 -0.608 -0.596 -0.585 -0.574 -0.563 -0.551 -0.54 -0.528 -0.52 -0.511 -0.494 -0.475 -0.458 -0.439 -0.425 -0.412 -0.396 -0.381 -0.367 -0.35 -0.356 -0.367 -0.359 -0.35 -0.336
-9999 -9999 -9999 -9999 -9999 -9999 -0.925 -0.911 -0.903 -0.898 -0.902 -0.901 -0.89 -0.87 -0.856 -0.851 -0.843 -0.837 -0.829 -0.822 -0.822 -0.822 -0.82 -0.814 -0.808 -0.795 -0.796 -0.794 -0.786 -0.785 -0.786 -0.776 -0.772 -0.767 -0.781 -0.803 -0.77 -0.718 -0.714 -0.709 -0.699 -0.694 -0.686 -0.678 -0.665 -0.633 -0.628 -0.633 -0.622 -0.603 -0.597 -0.6 -0.588 -0.577 -0.568 -0.558 -0.545 -0.533 -0.526 -0.518 -0.5 -0.48 -0.451 -0.425 -0.414 -0.406 -0.396 -0.385 -0.377 -0.365 -0.356 -0.357 -0.346 -0.335 -0.349
