Validation/Results/raw data/ReClimate_06_2024_2.asc
NCOLS 192
NROWS 249
XLLCENTER -225160.85627316462
YLLCENTER 29788.11610251502
CELLSIZE 5000.0
NODATA_VALUE -9999
[rows 170 to 203 of 249, columns 75 to 149 of 192]
-9999 -9999 -9999 -9999 -9999 -9999 -9999 -9999 -9999 -9999 -9999 -9999 -9999 -9999 -9999 -9999 -9999 92.635 92.483 -9999 -9999 -9999 -9999 -9999 -9999 -9999 -9999 -9999 -9999 -9999 -9999 -9999 -9999 -9999 -9999 -9999 90.802 90.693 90.594 90.502 90.412 90.301 90.179 90.065 89.958 89.855 89.762 89.679 89.602 89.526 89.454 89.388 89.325 89.264 89.204 89.145 89.086 89.021 88.948 88.869 88.787 88.704 88.618 88.53 88.439 88.345 88.248 88.147 88.062 87.992 87.922 87.852 87.78 87.703 87.619
-9999 -9999 -9999 -9999 -9999 -9999 -9999 -9999 -9999 -9999 -9999 -9999 -9999 -9999 -9999 -9999 -9999 92.555 92.42 92.297 -9999 -9999 -9999 -9999 -9999 -9999 -9999 -9999 -9999 -9999 -9999 -9999 -9999 -9999 -9999 90.878 90.76 90.653 90.556 90.466 90.373 90.26 90.141 90.028 89.922 89.821 89.727 89.643 89.559 89.476 89.396 89.321 89.256 89.193 89.132 89.073 89.015 88.948 88.868 88.784 88.697 88.609 88.518 88.426 88.332 88.234 88.134 88.028 87.926 87.846 87.774 87.701 87.626 87.547 87.459
-9999 -9999 -9999 -9999 -9999 -9999 -9999 -9999 -9999 -9999 -9999 -9999 -9999 -9999 -9999 -9999 92.597 92.469 92.344 92.228 92.123 -9999 -9999 -9999 -9999 -9999 -9999 -9999 -9999 -9999 -9999 -9999 91.187 -9999 -9999 90.832 90.719 90.615 90.519 90.43 -9999 90.22 90.102 89.991 89.886 89.785 89.69 89.6 89.512 89.426 89.341 89.258 89.183 89.116 89.052 88.99 88.927 88.859 88.777 88.689 88.599 88.508 88.415 88.32 88.222 88.122 88.017 87.908 87.793 87.697 87.622 87.547 87.471 87.389 87.297
-9999 -9999 -9999 -9999 -9999 -9999 -9999 -9999 -9999 -9999 -9999 -9999 -9999 -9999 -9999 -9999 92.514 92.397 92.276 92.166 92.064 91.97 91.884 -9999 -9999 -9999 91.575 91.5 -9999 91.359 91.291 91.233 91.16 91.035 -9999 -9999 90.674 90.573 -9999 -9999 90.295 90.178 90.062 89.951 89.845 89.742 89.641 89.546 89.458 89.373 89.288 89.203 89.12 89.04 88.967 88.899 88.83 88.756 88.675 88.586 88.495 88.402 88.307 88.21 88.111 88.007 87.899 87.785 87.665 87.551 87.466 87.39 87.312 87.228 87.133
-9999 -9999 -9999 -9999 -9999 -9999 -9999 -9999 -9999 -9999 -9999 -9999 -9999 -9999 -9999 -9999 -9999 92.323 92.21 92.105 92.009 91.92 -9999 -9999 91.692 91.618 91.55 91.476 91.403 91.335 91.272 91.215 91.124 90.981 90.854 -9999 90.63 90.531 90.438 90.35 90.251 90.133 90.017 89.906 89.799 89.693 89.588 89.492 89.405 89.317 89.232 89.146 89.061 88.977 88.892 88.809 88.729 88.649 88.565 88.476 88.385 88.291 88.195 88.097 87.996 87.89 87.779 87.661 87.535 87.405 87.306 87.23 87.152 87.065 86.966
-9999 -9999 -9999 -9999 -9999 -9999 -9999 -9999 -9999 -9999 -9999 -9999 -9999 -9999 -9999 -9999 -9999 92.251 92.141 92.045 91.955 91.871 91.793 91.72 91.651 91.586 91.521 91.452 91.382 91.316 91.256 91.192 91.077 90.936 90.805 90.682 90.572 90.472 90.378 90.291 90.192 90.076 89.962 89.852 89.745 89.637 89.531 89.437 89.349 89.261 89.173 89.087 89.0 88.913 88.825 88.735 88.643 88.55 88.455 88.361 88.269 88.175 88.079 87.98 87.878 87.771 87.658 87.537 87.406 87.264 87.147 87.069 86.99 86.9 86.796
-9999 -9999 -9999 -9999 -9999 -9999 -9999 -9999 -9999 -9999 -9999 -9999 -9999 -9999 -9999 -9999 -9999 -9999 92.08 91.986 91.902 91.824 91.75 91.68 91.614 91.552 91.492 91.429 91.362 91.298 91.239 91.159 91.02 90.872 90.736 90.614 90.503 90.405 90.314 90.229 90.132 90.019 89.906 89.797 89.69 89.581 89.476 89.383 89.295 89.205 89.114 89.027 88.938 88.848 88.756 88.662 88.566 88.468 88.368 88.266 88.166 88.064 87.961 87.86 87.757 87.65 87.536 87.414 87.281 87.137 87.003 86.911 86.829 86.738 86.65
-9999 -9999 -9999 -9999 -9999 -9999 -9999 -9999 -9999 -9999 -9999 -9999 -9999 -9999 -9999 -9999 -9999 -9999 -9999 -9999 91.852 91.778 91.708 91.642 91.579 91.519 91.462 91.404 91.342 91.272 91.197 91.093 90.944 90.801 90.67 90.55 90.441 90.342 90.253 90.17 90.076 89.966 89.855 89.746 89.638 89.529 89.424 89.333 89.245 89.154 89.061 88.966 88.876 88.784 88.688 88.589 88.489 88.388 88.287 88.184 88.082 87.979 87.875 87.771 87.665 87.556 87.441 87.32 87.19 87.051 86.912 86.811 86.733 86.649 86.571
-9999 -9999 -9999 -9999 -9999 -9999 -9999 -9999 -9999 -9999 -9999 -9999 -9999 -9999 -9999 -9999 -9999 -9999 -9999 91.876 91.803 91.734 91.668 91.605 91.545 91.487 91.432 91.372 91.293 91.21 91.133 91.024 90.873 90.736 90.61 90.493 90.385 90.287 90.196 90.115 90.024 89.917 89.807 89.699 89.591 89.481 89.377 89.287 89.199 89.106 89.01 88.911 88.817 88.72 88.618 88.513 88.406 88.298 88.192 88.088 87.986 87.885 87.786 87.687 87.586 87.481 87.372 87.257 87.133 87.001 86.859 86.748 86.669 86.594 86.524
-9999 -9999 -9999 -9999 -9999 -9999 -9999 -9999 -9999 -9999 -9999 -9999 -9999 -9999 -9999 -9999 -9999 -9999 91.898 91.826 91.757 91.692 91.629 91.569 91.512 91.453 91.383 91.301 91.222 91.146 91.071 90.954 90.809 90.677 90.555 90.442 90.336 90.237 90.146 90.063 89.974 89.871 89.762 89.655 89.546 89.436 89.334 89.245 89.156 89.063 88.963 88.853 88.747 88.645 88.539 88.43 88.32 88.208 88.095 87.986 87.883 87.785 87.69 87.596 87.501 87.403 87.301 87.192 87.076 86.951 86.815 86.695 86.611 86.541 86.478
-9999 -9999 -9999 -9999 -9999 -9999 -9999 -9999 -9999 -9999 -9999 -9999 -9999 -9999 -9999 -9999 -9999 91.919 91.847 91.779 91.714 91.652 91.592 91.535 91.473 91.389 91.306 91.228 91.155 91.085 91.009 90.89 90.751 90.623 90.505 90.394 90.291 90.193 90.101 90.016 89.928 89.829 89.721 89.614 89.506 89.395 89.294 89.207 89.112 89.011 88.903 88.791 88.677 88.567 88.46 88.349 88.236 88.121 88.006 87.891 87.781 87.683 87.593 87.505 87.416 87.324 87.227 87.123 87.012 86.891 86.758 86.635 86.552 86.488 86.431
-9999 -9999 -9999 -9999 -9999 -9999 -9999 -9999 -9999 -9999 -9999 -9999 -9999 -9999 -9999 92.038 91.943 91.869 91.8 91.735 91.673 91.614 91.556 91.49 91.398 91.313 91.235 91.161 91.092 91.027 90.95 90.833 90.698 90.573 90.458 90.35 90.249 90.152 90.06 89.973 89.886 89.791 89.684 89.577 89.468 89.357 89.257 89.159 89.056 88.951 88.843 88.73 88.612 88.496 88.386 88.273 88.158 88.04 87.92 87.802 87.689 87.586 87.497 87.416 87.333 87.246 87.154 87.054 86.946 86.827 86.695 86.567 86.484 86.429 86.377
-9999 -9999 -9999 -9999 -9999 -9999 -9999 -9999 -9999 -9999 -9999 -9999 -9999 -9999 92.038 91.969 91.894 91.824 -9999 -9999 -9999 -9999 91.488 91.41 91.323 91.243 91.169 91.099 91.033 90.971 90.895 90.78 90.649 90.528 90.415 90.309 90.209 90.114 90.023 89.935 89.85 89.755 89.649 89.542 89.43 89.312 89.206 89.105 89.002 88.896 88.786 88.672 88.554 88.433 88.318 88.204 88.087 87.965 87.841 87.716 87.6 87.501 87.41 87.33 87.253 87.171 87.082 86.985 86.879 86.761 86.629 86.497 86.414 86.366 86.315
-9999 -9999 -9999 -9999 -9999 -9999 -9999 -9999 -9999 -9999 -9999 -9999 -9999 -9999 91.993 91.923 91.851 -9999 -9999 -9999 -9999 -9999 91.412 91.336 91.255 91.179 91.108 91.041 90.978 90.918 90.843 90.731 90.604 90.485 90.374 90.27 90.171 90.078 89.988 89.901 89.816 89.722 89.617 89.503 89.377 89.259 89.157 89.055 88.951 88.844 88.734 88.619 88.5 88.376 88.256 88.142 88.023 87.9 87.772 87.638 87.516 87.424 87.344 87.259 87.178 87.098 87.011 86.916 86.81 86.693 86.56 86.428 86.343 86.299 86.275
-9999 -9999 -9999 -9999 -9999 -9999 -9999 -9999 -9999 -9999 -9999 -9999 -9999 -9999 -9999 -9999 91.81 -9999 -9999 -9999 -9999 -9999 91.345 91.268 91.191 91.118 91.05 90.985 90.923 90.865 90.792 90.684 90.561 90.446 90.338 90.236 90.139 90.046 89.957 89.87 89.785 89.69 89.575 89.449 89.324 89.211 89.11 89.008 88.903 88.795 88.684 88.569 88.45 88.326 88.202 88.086 87.968 87.846 87.72 87.59 87.468 87.372 87.293 87.209 87.115 87.024 86.932 86.833 86.724 86.603 86.468 86.337 86.255 86.226 86.234
-9999 -9999 -9999 -9999 -9999 -9999 -9999 -9999 -9999 -9999 -9999 -9999 -9999 -9999 -9999 -9999 -9999 -9999 -9999 -9999 -9999 -9999 91.275 91.204 91.128 91.056 90.989 90.927 90.868 90.812 90.743 90.64 90.522 90.411 90.306 90.206 90.111 90.019 89.931 89.845 89.757 89.652 89.531 89.4 89.274 89.166 89.065 88.962 88.857 88.749 88.637 88.522 88.403 88.28 88.155 88.037 87.922 87.803 87.682 87.561 87.446 87.344 87.25 87.154 87.051 86.94 86.838 86.736 86.625 86.502 86.365 86.236 86.172 86.168 86.199
-9999 -9999 -9999 -9999 -9999 -9999 -9999 -9999 -9999 -9999 -9999 -9999 -9999 -9999 -9999 -9999 -9999 -9999 -9999 -9999 -9999 -9999 -9999 91.135 91.062 90.994 90.931 90.872 90.816 90.763 90.698 90.602 90.488 90.38 90.277 90.179 90.084 89.994 89.907 89.818 89.716 89.608 89.488 89.356 89.237 89.132 89.025 88.918 88.812 88.704 88.593 88.478 88.36 88.238 88.112 87.993 87.88 87.766 87.651 87.531 87.413 87.303 87.198 87.093 86.984 86.867 86.745 86.635 86.522 86.397 86.261 86.152 86.105 86.129 86.179
-9999 -9999 -9999 -9999 -9999 -9999 -9999 -9999 -9999 -9999 -9999 -9999 -9999 -9999 -9999 -9999 -9999 -9999 -9999 -9999 -9999 -9999 91.143 91.069 91.0 90.936 90.877 90.821 90.768 90.717 90.657 90.568 90.456 90.351 90.251 90.154 90.061 89.971 89.88 89.777 89.671 89.564 89.445 89.321 89.209 89.104 88.996 88.887 88.775 88.661 88.55 88.436 88.319 88.198 88.074 87.954 87.843 87.726 87.604 87.484 87.365 87.251 87.141 87.031 86.918 86.798 86.667 86.537 86.418 86.3 86.177 86.082 86.062 86.1 86.165
-9999 -9999 -9999 -9999 -9999 -9999 -9999 -9999 -9999 -9999 -9999 -9999 -9999 -9999 -9999 -9999 -9999 -9999 -9999 -9999 -9999 -9999 91.083 91.008 90.944 90.883 90.827 90.774 90.723 90.674 90.62 90.539 90.429 90.325 90.227 90.132 90.039 89.947 89.843 89.734 89.627 89.519 89.405 89.293 89.185 89.081 88.974 88.863 88.748 88.632 88.51 88.395 88.279 88.16 88.038 87.912 87.79 87.67 87.548 87.426 87.309 87.194 87.081 86.968 86.851 86.727 86.594 86.452 86.33 86.218 86.102 86.021 86.027 86.083 86.151
-9999 -9999 -9999 -9999 -9999 -9999 -9999 -9999 -9999 -9999 -9999 -9999 -9999 -9999 -9999 -9999 -9999 -9999 -9999 -9999 -9999 -9999 91.029 90.953 90.892 90.835 90.781 90.73 90.68 90.633 90.585 90.51 90.405 90.302 90.204 90.11 90.018 89.915 89.804 89.694 89.586 89.476 89.368 89.266 89.162 89.059 88.953 88.843 88.729 88.61 88.487 88.359 88.239 88.122 87.991 87.855 87.727 87.604 87.484 87.365 87.249 87.134 87.019 86.903 86.782 86.659 86.533 86.398 86.26 86.146 86.031 85.976 86.002 86.07 86.137
-9999 -9999 -9999 -9999 -9999 -9999 -9999 -9999 -9999 -9999 -9999 -9999 -9999 -9999 -9999 -9999 -9999 -9999 -9999 -9999 -9999 -9999 -9999 90.902 90.844 90.789 90.738 90.688 90.64 90.594 90.549 90.479 90.383 90.281 90.183 90.09 89.991 89.878 89.767 89.657 89.547 89.438 89.339 89.243 89.144 89.038 88.933 88.825 88.712 88.594 88.471 88.343 88.208 88.069 87.93 87.787 87.656 87.536 87.417 87.3 87.184 87.069 86.953 86.84 86.726 86.607 86.483 86.351 86.207 86.075 85.968 85.937 85.988 86.056 86.124
-9999 -9999 -9999 -9999 -9999 -9999 -9999 -9999 -9999 -9999 -9999 -9999 -9999 -9999 -9999 -9999 -9999 -9999 -9999 -9999 -9999 -9999 -9999 90.858 90.799 90.747 90.697 90.649 90.602 90.556 90.512 90.451 90.364 90.263 90.165 90.067 89.954 89.842 89.731 89.621 89.512 89.407 89.318 89.225 89.127 89.025 88.919 88.809 88.696 88.578 88.457 88.326 88.177 88.018 87.861 87.714 87.583 87.465 87.348 87.235 87.123 87.013 86.902 86.789 86.677 86.559 86.436 86.303 86.158 86.013 85.918 85.908 85.973 86.041 86.11
-9999 -9999 -9999 -9999 -9999 -9999 -9999 -9999 -9999 -9999 -9999 -9999 -9999 -9999 -9999 -9999 -9999 -9999 -9999 -9999 -9999 -9999 90.902 90.821 90.761 90.707 90.658 90.611 90.565 90.52 90.476 90.423 90.347 90.246 90.147 90.037 89.919 89.807 89.696 89.587 89.48 89.389 89.299 89.207 89.112 89.014 88.911 88.802 88.689 88.572 88.448 88.301 88.145 87.981 87.812 87.653 87.52 87.406 87.293 87.181 87.072 86.963 86.853 86.742 86.628 86.51 86.384 86.25 86.107 85.972 85.884 85.889 85.956 86.025 86.094
-9999 -9999 -9999 -9999 -9999 -9999 -9999 -9999 -9999 -9999 -9999 -9999 -9999 -9999 -9999 -9999 -9999 -9999 -9999 -9999 -9999 -9999 90.864 90.794 90.734 90.679 90.628 90.58 90.532 90.485 90.44 90.394 90.326 90.231 90.126 90.005 89.887 89.772 89.662 89.555 89.461 89.372 89.282 89.19 89.096 89.001 88.908 88.8 88.688 88.569 88.433 88.275 88.115 87.952 87.786 87.615 87.468 87.352 87.241 87.131 87.022 86.913 86.802 86.69 86.575 86.455 86.328 86.194 86.069 85.944 85.863 85.871 85.937 86.006 86.076
-9999 -9999 -9999 -9999 -9999 -9999 -9999 -9999 -9999 -9999 -9999 -9999 -9999 -9999 -9999 -9999 -9999 -9999 -9999 -9999 -9999 -9999 90.836 90.772 90.713 90.658 90.604 90.553 90.504 90.456 90.41 90.364 90.3 90.215 90.099 89.977 89.857 89.742 89.631 89.535 89.447 89.358 89.268 89.176 89.08 88.989 88.898 88.799 88.686 88.558 88.402 88.245 88.086 87.925 87.76 87.591 87.43 87.299 87.187 87.077 86.968 86.858 86.747 86.633 86.517 86.394 86.268 86.151 86.035 85.922 85.843 85.85 85.914 85.984 86.055
-9999 -9999 -9999 -9999 -9999 -9999 -9999 -9999 -9999 -9999 -9999 -9999 -9999 -9999 -9999 -9999 -9999 -9999 -9999 -9999 -9999 90.885 90.814 90.752 90.694 90.638 90.583 90.53 90.479 90.431 90.384 90.336 90.282 90.2 90.074 89.953 89.835 89.721 89.62 89.528 89.44 89.352 89.262 89.17 89.075 88.983 88.895 88.8 88.685 88.529 88.372 88.215 88.057 87.897 87.732 87.564 87.403 87.253 87.129 87.019 86.909 86.798 86.686 86.571 86.452 86.334 86.223 86.114 86.007 85.906 85.833 85.83 85.887 85.958 86.027
-9999 -9999 -9999 -9999 -9999 -9999 -9999 -9999 -9999 -9999 -9999 -9999 -9999 -9999 -9999 -9999 -9999 -9999 -9999 -9999 90.943 90.858 90.793 90.732 90.675 90.619 90.564 90.51 90.458 90.407 90.359 90.313 90.264 90.179 90.062 89.938 89.82 89.716 89.622 89.529 89.438 89.349 89.26 89.168 89.073 88.981 88.894 88.799 88.664 88.512 88.353 88.193 88.03 87.867 87.703 87.535 87.374 87.224 87.075 86.956 86.845 86.733 86.62 86.503 86.392 86.286 86.183 86.08 85.972 85.886 85.829 85.813 85.856 85.925 85.998
-9999 -9999 -9999 -9999 -9999 -9999 -9999 -9999 -9999 -9999 -9999 -9999 -9999 -9999 -9999 -9999 -9999 -9999 91.081 90.991 90.906 90.837 90.773 90.713 90.656 90.601 90.547 90.493 90.44 90.389 90.34 90.292 90.24 90.159 90.056 89.933 89.825 89.723 89.626 89.533 89.441 89.35 89.258 89.167 89.073 88.98 88.891 88.779 88.642 88.497 88.342 88.181 88.017 87.85 87.68 87.511 87.354 87.205 87.052 86.91 86.793 86.679 86.563 86.455 86.348 86.245 86.145 86.041 85.938 85.864 85.821 85.791 85.828 85.905 85.978
-9999 -9999 -9999 -9999 -9999 -9999 -9999 -9999 -9999 -9999 -9999 -9999 -9999 -9999 -9999 -9999 -9999 91.129 91.039 90.958 90.885 90.818 90.755 90.695 90.638 90.583 90.53 90.478 90.426 90.376 90.325 90.276 90.216 90.137 90.045 89.947 89.841 89.737 89.637 89.54 89.448 89.355 89.263 89.169 89.073 88.98 88.881 88.752 88.617 88.477 88.333 88.176 88.014 87.849 87.679 87.506 87.343 87.192 87.041 86.883 86.751 86.646 86.544 86.441 86.341 86.236 86.127 86.011 85.912 85.847 85.813 85.789 85.813 85.888 85.96
-9999 -9999 -9999 -9999 -9999 -9999 -9999 -9999 -9999 -9999 -9999 -9999 -9999 -9999 91.385 91.291 91.194 91.1 91.015 90.937 90.865 90.799 90.737 90.678 90.621 90.567 90.515 90.464 90.414 90.364 90.314 90.262 90.194 90.122 90.049 89.965 89.86 89.756 89.653 89.554 89.457 89.364 89.271 89.177 89.08 88.98 88.858 88.726 88.593 88.456 88.317 88.171 88.014 87.85 87.681 87.512 87.348 87.188 87.029 86.878 86.738 86.631 86.536 86.44 86.341 86.236 86.126 86.015 85.933 85.882 85.842 85.808 85.812 85.872 85.938
-9999 -9999 -9999 -9999 -9999 -9999 -9999 -9999 -9999 -9999 -9999 -9999 91.483 91.428 91.339 91.254 91.167 91.076 90.993 90.917 90.846 90.781 90.719 90.661 90.606 90.553 90.502 90.452 90.402 90.353 90.305 90.254 90.191 90.122 90.056 89.975 89.883 89.776 89.674 89.572 89.473 89.375 89.281 89.188 89.09 88.978 88.843 88.71 88.575 88.438 88.3 88.159 88.013 87.854 87.687 87.522 87.364 87.212 87.055 86.895 86.744 86.625 86.53 86.435 86.336 86.236 86.135 86.055 85.995 85.956 85.916 85.862 85.826 85.854 85.913
-9999 -9999 -9999 -9999 -9999 -9999 -9999 -9999 91.57 91.539 91.509 91.48 91.454 91.381 91.294 91.215 91.134 91.053 90.971 90.897 90.827 90.763 90.702 90.645 90.591 90.539 90.489 90.44 90.392 90.348 90.308 90.26 90.194 90.126 90.059 89.989 89.905 89.807 89.702 89.597 89.493 89.392 89.293 89.197 89.095 88.966 88.834 88.702 88.569 88.432 88.293 88.151 88.005 87.858 87.702 87.548 87.4 87.253 87.102 86.946 86.784 86.641 86.538 86.444 86.351 86.256 86.174 86.111 86.07 86.031 85.985 85.927 85.871 85.862 85.89
-9999 -9999 -9999 -9999 -9999 -9999 -9999 91.578 91.537 91.506 91.479 91.454 91.416 91.338 91.252 91.175 91.102 91.027 90.951 90.877 90.809 90.745 90.687 90.631 90.578 90.527 90.48 90.437 90.396 90.357 90.319 90.268 90.199 90.132 90.065 89.999 89.925 89.84 89.737 89.632 89.526 89.42 89.314 89.211 89.098 88.962 88.834 88.705 88.574 88.44 88.306 88.168 88.027 87.882 87.737 87.596 87.458 87.316 87.169 87.017 86.86 86.695 86.572 86.478 86.383 86.291 86.223 86.177 86.139 86.098 86.043 85.975 85.914 85.891 85.901
-9999 -9999 -9999 -9999 -9999 -9999 91.614 91.561 91.517 91.481 91.449 91.421 91.375 91.297 91.213 91.137 91.068 90.999 90.93 90.859 90.792 90.73 90.674 90.623 90.575 90.529 90.487 90.446 90.407 90.368 90.329 90.275 90.206 90.139 90.072 90.006 89.939 89.863 89.776 89.668 89.56 89.448 89.34 89.234 89.105 88.971 88.846 88.72 88.592 88.461 88.329 88.195 88.057 87.917 87.777 87.642 87.512 87.377 87.237 87.09 86.937 86.776 86.625 86.519 86.424 86.349 86.288 86.241 86.197 86.148 86.088 86.014 85.952 85.918 85.917
