Validation/Results/raw data/ReClimate_05_2024_1_Temperature-Actuals.asc
NCOLS 192
NROWS 249
XLLCENTER -225160.85627316462
YLLCENTER 29788.11610251502
CELLSIZE 5000.0
NODATA_VALUE -9999
[rows 204 to 237 of 249, columns 75 to 149 of 192]
-9999 -9999 -9999 -9999 13.99 -9999 14.085 14.148 14.181 13.915 13.838 13.747 13.921 14.036 14.01 14.065 13.81 14.379 14.299 14.452 14.611 14.743 14.619 14.712 14.265 13.789 12.526 11.899 13.474 13.287 13.393 12.884 13.501 14.522 13.796 12.404 14.044 14.365 14.242 14.266 14.989 15.612 15.517 15.209 15.325 15.727 15.917 16.021 16.008 15.939 15.141 14.606 14.515 14.854 15.084 15.251 15.141 14.796 14.884 15.07 15.246 15.308 15.309 15.23 15.086 15.143 15.257 15.248 15.351 15.403 15.335 15.415 15.393 15.443 15.598
-9999 -9999 -9999 -9999 -9999 -9999 -9999 -9999 14.046 14.358 14.25 14.144 14.289 14.362 14.378 14.286 14.663 14.614 14.683 14.747 14.65 14.693 14.369 14.386 13.81 13.033 12.139 12.428 12.339 12.718 12.004 12.226 13.983 13.96 13.727 14.685 13.995 14.252 14.757 15.03 15.444 15.237 15.009 14.641 15.168 15.79 15.987 16.119 16.22 15.544 14.714 14.532 14.554 14.969 15.035 15.208 15.093 15.177 15.209 15.407 15.569 15.598 15.495 15.348 15.279 15.329 15.491 15.566 15.446 15.294 15.153 15.22 15.441 15.44 15.578
-9999 -9999 -9999 -9999 -9999 -9999 -9999 -9999 14.306 14.409 14.413 14.461 14.132 13.978 13.869 14.277 14.577 14.684 14.878 14.533 14.35 14.56 14.705 14.813 14.275 14.073 13.887 13.589 13.262 13.045 12.452 12.906 12.727 13.465 14.081 13.646 13.354 14.897 15.132 15.311 14.951 14.986 14.464 14.774 15.232 15.842 15.965 15.841 15.022 14.563 14.621 14.802 14.711 14.88 15.044 15.155 15.334 15.232 15.515 15.713 15.894 15.886 15.628 15.395 15.282 15.395 15.626 15.671 15.489 15.051 15.11 15.185 15.24 15.467 15.583
-9999 -9999 -9999 -9999 -9999 -9999 14.272 14.315 14.342 14.516 -9999 14.54 14.417 14.223 14.409 14.471 14.641 -9999 14.763 14.572 14.757 14.405 15.04 14.254 14.368 14.203 13.964 13.892 14.214 13.795 13.472 13.411 13.461 13.747 14.058 12.992 14.034 15.102 15.046 15.333 15.184 14.671 14.781 15.078 15.546 15.781 15.689 15.015 14.951 14.636 14.727 14.692 14.939 15.058 15.146 15.337 15.528 15.58 15.707 15.738 16.03 15.99 15.808 15.591 15.532 15.536 15.607 15.527 15.222 15.075 15.029 15.3 15.357 15.474 15.618
-9999 -9999 -9999 -9999 -9999 -9999 14.3 -9999 -9999 -9999 14.729 14.622 14.48 -9999 -9999 -9999 -9999 -9999 14.732 14.777 14.573 15.427 15.164 14.994 14.856 14.564 14.666 14.599 12.882 13.008 14.157 14.267 14.248 14.129 13.59 13.654 14.887 14.988 15.365 15.361 14.697 14.87 15.019 15.57 15.677 15.731 15.347 15.012 15.065 14.776 14.909 15.043 15.099 15.242 15.429 15.546 15.675 15.696 15.773 15.796 15.889 16.018 15.691 15.615 15.545 15.534 15.368 15.318 15.205 15.033 15.163 15.472 15.575 15.685 15.678
-9999 -9999 -9999 -9999 -9999 -9999 -9999 -9999 14.333 14.412 14.374 14.583 14.351 -9999 -9999 -9999 -9999 -9999 -9999 -9999 -9999 15.811 15.682 15.592 15.62 15.174 14.747 12.973 12.44 12.753 13.372 13.997 14.222 14.27 14.361 14.364 14.722 15.414 15.5 14.597 14.767 14.879 15.763 15.754 15.679 15.625 15.009 15.038 14.926 14.941 15.091 15.254 15.334 15.418 15.47 15.563 15.514 15.579 15.725 15.917 15.937 15.912 15.665 15.5 15.28 15.197 15.414 15.238 15.194 15.255 15.383 15.595 15.914 15.965 15.919
-9999 -9999 -9999 -9999 -9999 -9999 -9999 -9999 -9999 14.284 -9999 -9999 -9999 -9999 -9999 -9999 -9999 -9999 -9999 14.721 15.219 15.385 15.331 15.719 15.758 15.451 14.634 13.69 12.798 12.906 13.709 14.761 14.62 14.244 14.516 14.86 15.629 15.957 15.65 15.232 15.231 15.637 -9999 15.746 15.647 15.377 14.689 14.693 14.943 15.091 15.279 15.338 15.45 15.434 15.451 15.423 15.52 15.538 15.69 15.826 15.873 15.67 15.5 15.276 14.975 15.007 15.164 15.584 15.481 15.463 15.666 15.754 15.92 16.061 16.073
-9999 -9999 -9999 -9999 -9999 -9999 -9999 -9999 -9999 -9999 -9999 -9999 -9999 -9999 -9999 -9999 -9999 -9999 -9999 14.638 14.959 15.26 15.227 -9999 -9999 -9999 15.298 14.218 14.399 14.27 14.851 14.911 14.426 14.705 15.498 15.781 15.877 16.065 15.859 15.833 15.812 -9999 15.827 15.553 15.616 15.053 14.633 14.965 15.121 15.305 15.332 15.308 15.418 15.47 15.463 15.455 15.295 15.277 15.394 15.431 15.555 15.584 15.307 14.932 14.989 15.066 15.368 15.721 15.867 15.724 15.918 16.177 16.279 16.388 16.423
-9999 -9999 -9999 -9999 -9999 -9999 -9999 -9999 -9999 -9999 -9999 -9999 -9999 -9999 -9999 -9999 -9999 -9999 -9999 -9999 -9999 -9999 -9999 -9999 -9999 -9999 15.848 15.343 14.766 14.96 15.321 15.382 15.314 15.693 15.949 15.951 15.883 15.835 15.852 -9999 -9999 16.063 15.858 15.771 15.626 15.062 14.858 15.071 15.199 15.406 15.561 15.364 15.399 15.44 15.198 15.032 14.965 14.811 14.691 14.923 15.029 15.208 15.289 15.138 15.119 15.413 15.425 15.709 16.044 16.026 16.111 16.279 16.53 16.664 16.718
-9999 -9999 -9999 -9999 -9999 -9999 -9999 -9999 -9999 -9999 -9999 -9999 -9999 -9999 -9999 -9999 -9999 -9999 -9999 -9999 -9999 -9999 -9999 -9999 -9999 -9999 15.53 15.335 15.174 15.249 15.327 15.505 15.817 15.984 15.992 15.982 -9999 -9999 -9999 -9999 -9999 16.133 15.929 15.938 15.685 15.147 14.928 15.068 15.116 15.422 15.627 15.413 15.088 15.12 14.835 14.718 14.752 14.806 14.723 14.679 14.932 14.993 15.405 15.658 15.573 15.834 15.83 15.886 16.093 16.203 16.442 16.706 16.686 16.644 16.808
-9999 -9999 -9999 -9999 -9999 -9999 -9999 -9999 -9999 -9999 -9999 -9999 -9999 -9999 -9999 -9999 -9999 -9999 -9999 -9999 -9999 -9999 -9999 -9999 -9999 -9999 -9999 -9999 15.218 14.979 15.247 15.535 15.571 15.754 15.908 -9999 -9999 -9999 -9999 15.576 15.507 15.519 16.021 16.018 15.716 15.018 14.931 14.926 15.021 15.32 15.467 15.128 14.713 14.559 14.684 14.638 14.821 14.857 15.071 15.065 15.072 15.307 15.455 15.844 16.109 16.047 16.001 15.955 15.973 15.979 16.299 16.696 16.805 16.747 16.72
-9999 -9999 -9999 -9999 -9999 -9999 -9999 -9999 -9999 -9999 -9999 -9999 -9999 -9999 -9999 -9999 -9999 -9999 -9999 -9999 -9999 -9999 -9999 -9999 -9999 -9999 -9999 -9999 -9999 15.261 15.34 15.347 15.352 15.66 -9999 -9999 -9999 -9999 15.755 15.684 15.392 15.415 15.622 15.83 15.722 15.382 15.425 15.075 15.113 15.237 15.037 14.907 14.769 14.469 14.614 14.801 15.013 15.156 15.268 15.394 15.352 15.347 15.549 15.814 15.879 15.926 15.75 15.803 15.887 15.882 16.018 16.413 16.643 16.705 16.777
-9999 -9999 -9999 -9999 -9999 -9999 -9999 -9999 -9999 -9999 -9999 -9999 -9999 -9999 -9999 -9999 -9999 -9999 -9999 -9999 -9999 -9999 -9999 -9999 -9999 -9999 -9999 -9999 -9999 -9999 -9999 -9999 -9999 -9999 -9999 -9999 -9999 15.846 16.019 15.941 15.517 15.313 15.676 15.699 15.448 15.564 15.464 15.529 15.711 15.398 15.092 14.956 14.943 14.895 14.727 14.832 14.978 14.85 15.066 15.186 15.279 15.31 15.361 15.624 15.741 15.615 15.567 15.522 15.759 15.912 15.992 16.138 16.337 16.368 16.452
-9999 -9999 -9999 -9999 -9999 -9999 -9999 -9999 -9999 -9999 -9999 -9999 -9999 -9999 -9999 -9999 -9999 -9999 -9999 -9999 -9999 -9999 -9999 -9999 -9999 -9999 -9999 -9999 -9999 -9999 -9999 -9999 -9999 -9999 -9999 -9999 16.151 16.092 15.791 15.326 14.32 15.022 15.585 15.447 15.395 15.412 15.566 16.009 15.901 15.561 15.214 15.108 15.305 15.093 14.857 14.581 14.739 14.864 14.534 14.834 15.046 15.261 15.434 15.592 15.712 15.689 15.679 15.773 15.719 15.81 15.951 16.013 16.023 15.966 15.736
-9999 -9999 -9999 -9999 -9999 -9999 -9999 -9999 -9999 -9999 -9999 -9999 -9999 -9999 -9999 -9999 -9999 -9999 -9999 -9999 -9999 -9999 -9999 -9999 -9999 -9999 -9999 -9999 -9999 -9999 -9999 -9999 -9999 -9999 -9999 -9999 16.074 15.907 15.79 15.052 14.671 14.563 14.908 15.2 15.332 15.241 15.737 15.869 15.662 15.036 14.711 14.776 15.117 15.238 15.045 14.944 14.752 14.852 14.931 14.87 15.052 15.19 15.407 15.644 15.771 15.799 15.756 15.813 15.822 15.742 15.81 15.772 15.442 15.39 15.332
-9999 -9999 -9999 -9999 -9999 -9999 -9999 -9999 -9999 -9999 -9999 -9999 -9999 -9999 -9999 -9999 -9999 -9999 -9999 -9999 -9999 -9999 -9999 13.026 12.838 12.608 12.947 -9999 13.854 -9999 -9999 -9999 -9999 -9999 -9999 -9999 -9999 15.902 15.786 15.521 15.248 15.052 14.853 14.915 15.025 15.354 15.483 15.47 14.977 14.626 14.832 14.905 15.11 15.149 15.126 15.249 15.318 15.312 15.207 15.267 15.181 15.097 15.034 15.308 15.599 15.635 15.588 15.661 15.633 15.6 15.724 15.619 15.277 15.174 15.447
-9999 -9999 -9999 -9999 -9999 -9999 -9999 -9999 -9999 -9999 -9999 -9999 -9999 -9999 -9999 -9999 -9999 -9999 -9999 -9999 14.14 13.911 13.455 12.825 12.26 12.189 12.504 12.821 13.654 14.774 15.399 -9999 -9999 14.808 15.366 15.654 15.891 15.928 15.864 15.885 15.735 15.529 15.237 14.924 15.033 15.24 15.21 14.729 14.876 15.023 14.889 15.123 15.313 15.397 15.307 15.339 15.436 15.427 15.533 15.474 15.33 15.161 15.163 15.068 15.166 15.427 15.536 15.652 15.815 15.589 15.664 15.166 15.035 15.162 15.452
-9999 -9999 -9999 -9999 -9999 -9999 -9999 -9999 -9999 -9999 -9999 -9999 -9999 -9999 -9999 -9999 -9999 -9999 -9999 14.076 14.094 14.426 14.089 13.285 12.467 12.272 12.535 12.983 13.559 14.175 14.735 14.817 14.719 14.829 14.985 15.657 15.864 15.964 15.815 15.65 15.821 15.624 15.092 15.015 15.101 15.027 14.496 14.893 14.759 14.831 15.019 15.235 15.463 15.469 15.26 15.355 15.399 15.449 15.423 15.524 15.412 15.253 15.059 14.932 15.19 15.467 15.681 15.421 15.558 15.759 15.628 15.639 15.208 15.351 15.476
-9999 -9999 -9999 -9999 -9999 -9999 -9999 -9999 -9999 -9999 -9999 -9999 -9999 -9999 -9999 -9999 -9999 -9999 -9999 14.025 14.746 15.23 14.757 13.748 13.356 13.08 12.851 13.293 13.749 14.413 14.194 14.0 14.505 14.915 15.222 15.204 15.743 15.957 15.778 15.783 15.556 15.346 15.356 15.264 15.171 14.869 14.894 14.876 14.691 14.912 15.023 15.231 15.38 15.375 15.193 15.132 15.492 15.538 15.507 15.648 15.672 15.534 15.339 15.009 14.96 15.551 15.875 15.783 15.461 15.602 15.732 15.732 15.736 15.662 15.377
-9999 -9999 -9999 -9999 -9999 -9999 -9999 -9999 -9999 -9999 -9999 -9999 -9999 -9999 -9999 -9999 -9999 -9999 -9999 14.371 15.268 15.128 14.908 14.379 14.42 14.057 14.098 14.069 14.272 14.456 14.016 14.208 14.986 15.37 15.574 15.824 16.0 15.987 15.853 15.582 15.365 15.477 15.411 15.262 15.144 15.209 15.13 15.061 14.993 15.015 14.89 15.004 15.32 15.568 15.513 15.505 15.606 15.553 15.601 15.853 15.652 15.489 15.492 15.089 14.7 15.282 15.933 15.972 15.797 15.709 15.688 15.708 15.655 15.563 15.447
-9999 -9999 -9999 -9999 -9999 -9999 -9999 -9999 -9999 -9999 -9999 -9999 -9999 -9999 -9999 14.268 14.007 -9999 14.094 14.853 14.777 14.662 14.734 14.908 14.786 14.693 14.338 14.142 14.308 14.575 14.603 14.86 15.244 15.675 15.901 15.891 15.779 15.724 15.783 15.622 15.571 15.521 15.383 15.068 15.336 15.319 15.158 14.89 14.757 14.838 14.708 14.844 15.193 15.567 15.632 15.659 15.698 15.857 15.741 15.775 15.746 15.349 15.48 15.321 15.188 15.248 15.797 15.987 15.828 15.674 15.612 15.618 15.709 15.757 15.715
-9999 -9999 -9999 -9999 -9999 -9999 -9999 -9999 -9999 -9999 -9999 -9999 -9999 -9999 -9999 14.181 13.989 14.09 14.282 14.552 14.537 14.706 14.377 14.368 14.552 14.159 14.185 14.24 14.403 14.745 14.697 14.833 15.138 14.9 14.805 15.144 15.378 15.607 15.714 15.587 15.457 15.313 15.216 15.128 15.361 15.199 15.237 15.076 14.829 14.76 14.937 15.034 15.328 15.479 15.575 15.655 15.957 16.038 16.112 16.116 15.96 15.664 15.529 15.337 15.042 15.117 15.021 15.474 15.771 15.76 15.772 15.714 15.756 15.895 15.912
-9999 -9999 -9999 -9999 -9999 -9999 -9999 -9999 -9999 -9999 -9999 -9999 -9999 -9999 14.225 13.994 14.161 14.177 14.233 14.441 14.563 14.479 14.332 14.509 14.564 14.316 14.332 14.353 14.691 14.938 15.214 15.298 14.881 14.26 14.488 14.653 14.823 15.355 15.458 15.514 15.502 15.339 15.263 15.218 15.269 15.327 15.404 15.242 14.919 15.191 15.258 15.374 15.447 15.53 15.537 15.54 15.949 16.387 16.564 16.362 16.291 16.029 15.9 15.708 15.408 15.307 15.178 15.122 15.362 15.13 15.584 15.353 15.368 15.836 16.003
-9999 -9999 -9999 -9999 -9999 -9999 -9999 -9999 -9999 -9999 -9999 -9999 -9999 -9999 -9999 14.302 14.255 14.258 14.437 14.576 14.691 14.706 14.692 14.685 14.662 14.548 14.526 14.876 15.105 15.352 15.27 15.34 14.688 14.385 14.486 14.317 14.72 15.106 15.131 15.29 15.366 15.274 15.112 15.188 15.223 15.238 15.198 15.042 15.422 15.333 15.458 15.548 15.589 15.57 15.546 15.673 15.883 16.29 16.507 -9999 16.2 16.169 15.978 16.003 15.95 15.902 15.84 15.72 15.761 15.578 15.451 15.545 15.264 15.393 15.626
-9999 -9999 -9999 -9999 -9999 -9999 -9999 -9999 -9999 -9999 -9999 -9999 -9999 -9999 14.24 14.506 14.315 14.285 14.363 14.408 14.641 14.792 14.741 14.648 14.49 14.615 14.936 15.175 15.252 15.297 15.367 15.149 14.975 15.005 14.849 14.571 15.109 15.252 14.724 14.971 14.973 14.431 14.64 14.616 14.637 14.846 14.918 15.159 15.417 15.625 15.659 15.74 15.672 15.628 15.573 15.64 15.792 15.925 16.158 16.283 -9999 16.211 -9999 16.303 -9999 16.095 -9999 15.996 15.977 15.873 15.645 15.554 15.57 15.72 -9999
-9999 -9999 -9999 -9999 -9999 -9999 -9999 -9999 -9999 -9999 -9999 -9999 -9999 -9999 14.427 14.318 14.134 14.214 14.21 14.224 14.21 14.48 14.328 14.264 14.38 14.74 15.089 15.27 15.423 15.469 15.409 15.321 15.144 15.045 14.751 15.016 15.389 14.642 14.715 15.253 14.877 14.683 14.641 14.52 14.793 15.123 15.164 15.398 15.575 15.601 15.839 15.842 15.715 15.635 15.54 15.494 15.658 15.781 15.985 16.15 -9999 -9999 16.417 16.418 -9999 -9999 15.916 15.885 15.844 -9999 -9999 -9999 -9999 -9999 -9999
-9999 -9999 -9999 -9999 -9999 -9999 -9999 -9999 -9999 -9999 -9999 -9999 -9999 13.986 14.191 14.208 14.192 14.427 14.448 14.257 14.317 14.139 13.626 13.596 14.08 14.469 14.744 14.993 15.355 15.455 15.298 15.257 15.017 14.549 14.505 14.855 14.724 14.643 15.351 15.283 14.948 14.657 14.522 15.034 15.413 15.337 15.446 15.499 15.656 15.922 16.063 15.746 15.809 15.676 15.615 15.459 15.515 -9999 -9999 -9999 16.158 -9999 -9999 -9999 -9999 -9999 -9999 15.637 -9999 -9999 -9999 -9999 -9999 -9999 -9999
-9999 -9999 -9999 -9999 -9999 -9999 -9999 -9999 -9999 -9999 -9999 -9999 14.077 13.642 13.789 14.138 14.697 14.847 14.77 14.65 14.412 13.542 12.606 12.895 14.012 14.251 14.253 15.048 15.041 15.408 15.383 15.018 15.082 15.127 15.172 -9999 -9999 -9999 -9999 -9999 15.249 14.874 14.77 15.111 15.384 15.473 15.411 15.552 15.726 15.985 -9999 15.619 -9999 -9999 -9999 -9999 -9999 15.366 15.527 15.721 15.754 15.791 15.999 -9999 -9999 -9999 -9999 -9999 -9999 -9999 -9999 -9999 -9999 -9999 -9999
-9999 -9999 -9999 -9999 -9999 -9999 -9999 -9999 -9999 -9999 -9999 14.689 13.768 13.352 13.588 14.135 14.53 14.835 15.01 14.581 14.024 12.918 12.307 12.722 13.398 13.835 14.69 14.636 15.273 15.317 15.169 15.309 -9999 -9999 -9999 -9999 -9999 -9999 -9999 -9999 -9999 -9999 15.31 15.457 15.646 15.291 14.994 14.973 15.38 15.185 15.426 -9999 -9999 -9999 -9999 -9999 -9999 -9999 15.425 15.351 15.608 15.546 -9999 -9999 -9999 -9999 -9999 -9999 -9999 -9999 -9999 -9999 -9999 -9999 -9999
-9999 -9999 -9999 -9999 -9999 -9999 -9999 -9999 -9999 14.904 14.958 14.499 13.87 13.437 13.27 13.461 14.185 14.922 14.762 14.391 13.861 13.171 12.618 13.125 13.596 14.178 14.427 15.521 15.045 14.905 -9999 -9999 -9999 -9999 -9999 -9999 -9999 -9999 -9999 -9999 -9999 -9999 -9999 15.577 -9999 -9999 -9999 -9999 -9999 15.306 14.993 -9999 -9999 -9999 -9999 -9999 -9999 -9999 -9999 -9999 15.085 15.017 -9999 -9999 -9999 -9999 -9999 -9999 -9999 -9999 -9999 -9999 -9999 -9999 -9999
-9999 -9999 -9999 -9999 -9999 -9999 -9999 -9999 14.876 -9999 14.792 14.631 13.993 13.45 13.253 13.399 14.123 14.484 14.434 14.84 14.605 13.698 13.301 13.53 14.228 14.518 14.981 15.367 15.431 15.609 -9999 -9999 -9999 -9999 -9999 -9999 -9999 -9999 -9999 -9999 -9999 -9999 -9999 -9999 15.522 -9999 -9999 -9999 -9999 -9999 -9999 -9999 -9999 -9999 -9999 -9999 -9999 -9999 -9999 -9999 -9999 -9999 -9999 -9999 -9999 -9999 -9999 -9999 -9999 -9999 -9999 -9999 -9999 -9999 -9999
-9999 -9999 -9999 -9999 -9999 -9999 -9999 14.894 14.898 14.442 14.783 14.729 14.168 13.986 13.84 13.937 14.341 14.344 14.626 -9999 14.833 14.114 13.529 13.106 13.701 14.756 15.05 15.514 15.674 -9999 -9999 -9999 -9999 -9999 -9999 -9999 -9999 -9999 -9999 -9999 -9999 -9999 -9999 -9999 -9999 -9999 -9999 -9999 -9999 -9999 -9999 -9999 -9999 -9999 -9999 -9999 -9999 -9999 -9999 -9999 -9999 -9999 -9999 -9999 -9999 -9999 -9999 -9999 -9999 -9999 -9999 -9999 -9999 -9999 -9999
-9999 -9999 -9999 -9999 -9999 -9999 -9999 14.916 14.668 14.532 14.484 14.476 14.351 14.339 14.187 14.457 14.665 14.733 15.307 15.292 15.126 14.592 13.561 13.269 14.119 14.54 15.126 15.377 15.308 -9999 -9999 -9999 -9999 -9999 -9999 -9999 -9999 -9999 -9999 -9999 -9999 -9999 -9999 -9999 -9999 -9999 -9999 -9999 -9999 -9999 -9999 -9999 -9999 -9999 -9999 -9999 -9999 -9999 -9999 -9999 -9999 -9999 -9999 -9999 -9999 -9999 -9999 -9999 -9999 -9999 -9999 -9999 -9999 -9999 -9999
-9999 -9999 -9999 -9999 -9999 -9999 14.84 14.909 14.577 14.188 14.151 14.334 14.442 14.559 14.548 14.614 14.373 14.873 15.262 15.318 15.11 14.89 14.408 14.26 14.525 14.925 15.09 15.127 -9999 -9999 -9999 -9999 -9999 -9999 -9999 -9999 -9999 -9999 -9999 -9999 -9999 -9999 -9999 -9999 -9999 -9999 -9999 -9999 -9999 -9999 -9999 -9999 -9999 -9999 -9999 -9999 -9999 -9999 -9999 -9999 -9999 -9999 -9999 -9999 -9999 -9999 -9999 -9999 -9999 -9999 -9999 -9999 -9999 -9999 -9999
