Validation/Results/raw data/ReClimate_12_2023_1weatherlogisticsltd.asc
NCOLS 192
NROWS 249
XLLCENTER -225160.85627316462
YLLCENTER 29788.11610251502
CELLSIZE 5000.0
NODATA_VALUE -9999
[rows 132 to 164 of 249, columns 75 to 149 of 192]
-9999 -9999 -9999 -9999 -9999 -9999 -9999 -9999 -9999 -9999 -9999 -9999 92.466 92.248 91.975 91.805 91.563 90.973 91.022 91.487 91.594 91.999 91.944 91.37 91.272 91.382 91.373 91.718 92.257 92.587 93.576 94.19 93.738 93.085 93.578 94.572 95.686 96.823 97.243 97.63 97.783 98.277 99.978 101.054 102.111 103.124 103.976 104.767 105.543 106.307 107.05 107.761 108.437 109.092 109.724 110.332 110.909 -9999 -9999 -9999 -9999 -9999 -9999 -9999 -9999 -9999 -9999 -9999 -9999 -9999 -9999 -9999 -9999 -9999 -9999
-9999 -9999 -9999 -9999 -9999 -9999 -9999 -9999 -9999 -9999 -9999 -9999 92.549 91.084 91.228 92.017 91.651 91.706 91.855 91.626 92.047 92.685 91.988 90.909 91.192 91.779 91.788 91.967 92.5 93.238 93.826 94.328 94.047 93.927 94.887 95.987 96.866 97.533 98.009 98.621 98.924 99.7 100.672 101.736 102.782 103.734 104.56 105.357 106.129 106.865 107.548 108.222 108.865 109.482 110.08 110.662 111.233 -9999 -9999 -9999 -9999 -9999 -9999 -9999 -9999 -9999 -9999 -9999 -9999 -9999 -9999 -9999 -9999 -9999 -9999
-9999 -9999 -9999 -9999 -9999 -9999 -9999 -9999 -9999 -9999 -9999 93.102 91.77 91.648 92.091 92.263 92.079 91.719 91.56 91.469 91.991 92.538 91.977 91.989 92.194 91.908 91.854 92.142 92.933 93.8 94.212 94.394 94.333 94.085 95.249 96.782 97.287 97.543 98.057 98.478 99.081 100.29 101.411 102.508 103.524 104.363 105.16 105.921 106.648 107.34 108.004 108.637 109.253 109.848 110.423 110.983 111.53 111.999 -9999 -9999 -9999 -9999 -9999 -9999 -9999 -9999 -9999 -9999 -9999 -9999 -9999 -9999 -9999 -9999 -9999
-9999 -9999 -9999 -9999 -9999 -9999 -9999 -9999 -9999 -9999 93.93 -9999 93.189 93.211 93.173 92.912 92.562 92.387 92.257 92.162 92.559 92.891 92.852 92.744 92.508 92.276 92.344 92.815 93.288 93.069 93.767 95.126 95.027 94.873 96.078 97.07 97.5 98.167 98.632 99.192 100.094 101.116 102.234 103.271 104.123 104.919 105.676 106.401 107.095 107.762 108.399 109.018 109.615 110.191 110.747 111.286 111.811 112.284 -9999 -9999 -9999 -9999 -9999 -9999 -9999 -9999 -9999 -9999 -9999 -9999 -9999 -9999 -9999 -9999 -9999
97.347 -9999 -9999 -9999 -9999 -9999 -9999 -9999 -9999 -9999 94.212 -9999 93.442 92.855 92.778 93.031 92.819 92.684 92.574 92.623 92.693 92.438 92.416 92.522 92.448 92.542 92.682 93.097 93.341 94.031 -9999 -9999 -9999 -9999 -9999 -9999 98.039 98.809 99.393 100.043 100.852 101.943 102.985 103.856 104.655 105.414 106.14 106.837 107.507 108.152 108.775 109.373 109.954 110.515 111.055 111.576 112.082 112.552 112.833 -9999 -9999 -9999 -9999 -9999 -9999 -9999 -9999 -9999 -9999 -9999 -9999 -9999 -9999 -9999 -9999
97.052 97.509 -9999 -9999 -9999 -9999 -9999 -9999 -9999 -9999 94.342 94.239 93.83 93.656 93.63 93.283 93.079 92.842 92.808 92.867 92.788 92.951 92.899 92.76 92.814 92.838 93.053 93.697 94.459 95.27 -9999 -9999 -9999 -9999 96.561 97.537 98.265 99.418 100.002 100.551 101.642 102.69 103.576 104.378 105.14 105.867 106.566 107.238 107.887 108.514 109.117 109.704 110.272 110.821 111.349 111.855 112.342 112.802 113.233 -9999 -9999 -9999 -9999 -9999 -9999 -9999 -9999 -9999 -9999 -9999 -9999 -9999 -9999 -9999 -9999
97.587 97.945 97.756 -9999 -9999 -9999 -9999 -9999 -9999 -9999 94.988 94.682 94.463 -9999 -9999 93.19 93.011 92.983 92.98 -9999 92.883 92.958 92.963 93.089 93.104 93.161 93.516 94.137 -9999 -9999 -9999 -9999 -9999 96.297 96.385 97.639 98.821 100.096 100.558 101.226 102.386 103.28 104.088 104.854 105.584 106.284 106.959 107.61 108.24 108.85 109.442 110.014 110.571 111.111 111.63 112.125 112.595 113.049 113.491 -9999 -9999 -9999 -9999 -9999 -9999 -9999 -9999 -9999 -9999 -9999 -9999 -9999 -9999 -9999 -9999
98.427 98.155 97.922 -9999 -9999 -9999 -9999 -9999 -9999 -9999 -9999 95.037 94.765 -9999 -9999 -9999 93.745 93.55 93.38 92.96 -9999 -9999 93.481 93.66 93.527 93.195 93.578 -9999 -9999 -9999 -9999 -9999 94.81 94.962 96.433 98.544 99.172 98.865 99.495 101.072 102.962 103.783 104.555 105.289 105.992 106.669 107.323 107.956 108.569 109.164 109.739 110.302 110.85 111.383 111.898 112.387 112.84 113.272 113.702 -9999 -9999 -9999 -9999 -9999 -9999 -9999 -9999 -9999 -9999 -9999 -9999 -9999 -9999 -9999 -9999
97.283 98.209 -9999 -9999 -9999 -9999 -9999 -9999 -9999 -9999 -9999 -9999 95.121 -9999 -9999 -9999 -9999 93.998 93.449 92.792 -9999 -9999 -9999 93.72 92.973 -9999 -9999 -9999 -9999 -9999 -9999 -9999 95.113 96.344 98.102 99.693 99.859 100.512 101.42 102.614 103.457 104.24 104.981 105.689 106.371 107.029 107.664 108.28 108.877 109.458 110.022 110.569 111.107 111.632 112.145 112.636 113.072 113.481 113.894 -9999 -9999 -9999 -9999 -9999 -9999 -9999 -9999 -9999 -9999 -9999 -9999 -9999 -9999 -9999 -9999
97.972 -9999 -9999 -9999 -9999 -9999 -9999 -9999 -9999 -9999 -9999 -9999 95.543 -9999 -9999 -9999 -9999 -9999 93.777 93.368 -9999 -9999 -9999 -9999 -9999 -9999 -9999 -9999 -9999 -9999 -9999 -9999 96.827 97.093 98.516 99.943 100.758 101.927 102.411 103.103 103.906 104.657 105.374 106.063 106.727 107.367 107.987 108.587 109.169 109.734 110.281 110.818 111.342 111.853 112.352 112.828 113.266 113.667 114.074 114.489 -9999 -9999 -9999 -9999 -9999 -9999 -9999 -9999 -9999 -9999 -9999 -9999 -9999 -9999 -9999
-9999 97.904 98.114 98.265 98.263 -9999 -9999 -9999 -9999 -9999 -9999 -9999 95.909 -9999 -9999 -9999 -9999 -9999 -9999 -9999 -9999 -9999 -9999 -9999 -9999 -9999 -9999 -9999 -9999 -9999 -9999 96.885 97.516 98.193 99.539 101.088 101.882 102.343 102.848 103.548 104.315 105.042 105.742 106.41 107.053 107.674 108.274 108.858 109.425 109.98 110.527 111.06 111.573 112.067 112.545 113.002 113.431 113.838 114.244 114.658 115.084 -9999 -9999 -9999 -9999 -9999 -9999 -9999 -9999 -9999 -9999 -9999 -9999 -9999 -9999
97.933 97.989 98.163 98.31 98.308 -9999 -9999 -9999 -9999 -9999 -9999 -9999 -9999 -9999 -9999 -9999 -9999 -9999 -9999 -9999 -9999 -9999 -9999 -9999 -9999 -9999 -9999 -9999 -9999 -9999 95.465 95.822 97.355 100.244 101.312 101.821 102.295 102.74 103.258 103.958 104.693 105.392 106.064 106.709 107.329 107.929 108.511 109.085 109.647 110.193 110.726 111.239 111.744 112.233 112.709 113.169 113.597 114.004 114.409 114.819 115.239 -9999 -9999 -9999 -9999 -9999 -9999 -9999 -9999 -9999 -9999 -9999 -9999 -9999 -9999
97.368 97.772 97.975 -9999 98.313 98.311 -9999 -9999 -9999 -9999 -9999 -9999 -9999 -9999 -9999 -9999 -9999 -9999 -9999 -9999 -9999 -9999 -9999 -9999 -9999 -9999 -9999 -9999 -9999 -9999 99.185 98.756 100.61 101.2 101.737 102.232 102.69 103.117 103.637 104.334 105.046 105.719 106.364 106.985 107.588 108.184 108.764 109.325 109.867 110.39 110.899 111.388 111.872 112.345 112.807 113.26 113.706 114.139 114.566 114.98 115.345 115.616 115.757 -9999 -9999 -9999 -9999 -9999 -9999 -9999 -9999 -9999 -9999 -9999 -9999
97.159 97.799 98.068 -9999 -9999 98.316 -9999 -9999 -9999 -9999 -9999 -9999 -9999 -9999 -9999 -9999 -9999 -9999 -9999 -9999 -9999 -9999 -9999 -9999 -9999 -9999 -9999 -9999 -9999 -9999 99.616 100.405 101.048 101.626 102.151 102.628 103.066 103.476 103.995 104.688 105.382 106.033 106.66 107.281 107.888 108.469 109.026 109.561 110.077 110.577 111.057 111.531 111.994 112.448 112.893 113.332 113.768 114.205 114.648 115.09 115.41 115.62 115.775 115.933 116.097 116.077 -9999 -9999 -9999 -9999 -9999 -9999 -9999 -9999 -9999
96.913 97.48 97.798 98.325 -9999 98.413 -9999 -9999 -9999 -9999 -9999 -9999 -9999 -9999 -9999 -9999 -9999 -9999 -9999 -9999 -9999 -9999 -9999 -9999 -9999 -9999 -9999 -9999 -9999 98.222 100.062 100.846 101.483 102.046 102.549 103.005 103.427 103.822 104.336 105.021 105.702 106.354 106.999 107.611 108.191 108.745 109.275 109.785 110.279 110.757 111.222 111.671 112.115 112.552 112.982 113.409 113.834 114.263 114.698 115.059 115.352 115.566 115.754 115.919 116.082 116.251 116.417 115.989 -9999 -9999 -9999 -9999 -9999 -9999 -9999
96.028 98.055 98.35 -9999 98.528 -9999 -9999 -9999 -9999 -9999 -9999 -9999 -9999 -9999 -9999 -9999 -9999 -9999 -9999 -9999 -9999 -9999 -9999 -9999 -9999 -9999 -9999 -9999 -9999 -9999 99.864 101.295 101.908 102.447 102.93 103.369 103.776 104.159 104.664 105.344 106.052 106.722 107.343 107.926 108.479 109.007 109.514 110.001 110.473 110.931 111.372 111.808 112.236 112.658 113.075 113.49 113.907 114.327 114.697 114.995 115.228 115.456 115.689 115.916 116.099 116.265 116.433 116.6 116.398 -9999 -9999 -9999 -9999 -9999 -9999
98.661 98.409 98.526 98.651 98.778 -9999 -9999 -9999 -9999 -9999 -9999 -9999 -9999 -9999 -9999 -9999 -9999 -9999 -9999 -9999 -9999 -9999 -9999 -9999 -9999 -9999 -9999 -9999 -9999 -9999 -9999 100.301 101.227 102.834 103.298 103.723 104.116 104.488 104.996 105.721 106.428 107.072 107.667 108.225 108.754 109.259 109.743 110.21 110.662 111.101 111.53 111.945 112.359 112.767 113.172 113.577 113.984 114.358 114.666 114.916 115.14 115.368 115.602 115.84 116.084 116.284 116.456 116.621 116.788 116.67 -9999 -9999 -9999 -9999 -9999
98.559 98.62 98.754 98.89 -9999 -9999 -9999 -9999 -9999 -9999 -9999 -9999 -9999 -9999 -9999 -9999 -9999 -9999 -9999 -9999 -9999 -9999 -9999 -9999 -9999 -9999 -9999 -9999 -9999 -9999 -9999 100.376 102.019 103.231 103.66 104.068 104.462 104.877 105.432 106.1 106.782 107.402 107.974 108.51 109.017 109.501 109.965 110.413 110.846 111.269 111.681 112.083 112.482 112.878 113.272 113.67 114.051 114.363 114.618 114.844 115.07 115.296 115.526 115.76 116.0 116.247 116.465 116.642 116.81 116.939 116.756 -9999 -9999 -9999 -9999
98.985 98.841 98.985 99.149 -9999 -9999 -9999 -9999 -9999 -9999 -9999 -9999 -9999 -9999 -9999 -9999 -9999 -9999 -9999 -9999 -9999 -9999 -9999 -9999 -9999 -9999 -9999 -9999 -9999 -9999 -9999 -9999 102.23 103.625 103.593 103.159 104.714 105.261 105.793 106.457 107.117 107.715 108.266 108.782 109.269 109.734 110.179 110.61 111.027 111.434 111.829 112.22 112.608 112.992 113.391 113.767 114.073 114.336 114.56 114.783 115.005 115.228 115.454 115.684 115.92 116.163 116.415 116.65 116.835 116.971 117.026 -9999 -9999 -9999 -9999
-9999 -9999 -9999 -9999 -9999 -9999 -9999 -9999 -9999 -9999 -9999 -9999 -9999 -9999 -9999 -9999 -9999 -9999 -9999 -9999 -9999 -9999 -9999 -9999 -9999 -9999 -9999 -9999 -9999 -9999 -9999 -9999 102.009 103.457 103.642 105.744 105.991 105.698 106.196 106.794 107.433 108.011 108.544 109.041 109.511 109.958 110.388 110.802 111.205 111.598 111.98 112.359 112.742 113.138 113.498 113.801 114.061 114.285 114.505 114.724 114.943 115.163 115.386 115.613 115.846 116.086 116.335 116.598 116.848 116.984 117.037 117.066 -9999 -9999 -9999
-9999 -9999 -9999 -9999 -9999 -9999 -9999 -9999 -9999 -9999 -9999 -9999 -9999 -9999 -9999 -9999 -9999 -9999 -9999 -9999 -9999 -9999 -9999 -9999 -9999 -9999 -9999 -9999 -9999 -9999 -9999 -9999 -9999 103.149 103.86 103.52 104.104 106.121 106.566 107.114 107.734 108.294 108.81 109.291 109.744 110.176 110.591 110.991 111.381 111.761 112.134 112.514 112.908 113.247 113.54 113.792 114.016 114.236 114.453 114.669 114.885 115.102 115.323 115.547 115.777 116.015 116.263 116.524 116.793 116.976 117.03 117.059 -9999 -9999 -9999
-9999 -9999 -9999 -9999 -9999 -9999 -9999 -9999 -9999 -9999 -9999 -9999 -9999 -9999 -9999 -9999 -9999 -9999 -9999 -9999 -9999 -9999 -9999 -9999 -9999 -9999 -9999 -9999 -9999 -9999 -9999 -9999 -9999 103.546 -9999 104.856 106.119 106.518 106.92 -9999 108.021 108.565 109.065 109.531 109.97 110.388 110.789 111.177 111.554 111.923 112.303 112.682 113.001 113.286 113.528 113.754 113.974 114.19 114.404 114.617 114.83 115.045 115.263 115.485 115.714 115.95 116.197 116.458 116.702 116.904 117.01 117.054 117.086 -9999 -9999
-9999 -9999 -9999 -9999 -9999 -9999 -9999 -9999 -9999 -9999 -9999 -9999 -9999 -9999 -9999 -9999 -9999 -9999 -9999 -9999 -9999 -9999 -9999 -9999 -9999 -9999 -9999 -9999 -9999 -9999 -9999 -9999 -9999 -9999 105.484 106.113 -9999 -9999 -9999 -9999 108.276 108.825 109.311 109.763 110.189 110.594 110.983 111.36 111.726 112.095 112.477 112.75 113.03 113.269 113.504 113.733 113.956 114.173 114.386 114.598 114.809 115.02 115.234 115.451 115.674 115.904 116.145 116.401 116.617 116.79 116.953 117.045 117.083 117.118 117.156
-9999 -9999 -9999 -9999 -9999 -9999 -9999 -9999 -9999 -9999 -9999 -9999 -9999 -9999 -9999 -9999 -9999 -9999 -9999 -9999 -9999 -9999 -9999 -9999 -9999 -9999 -9999 -9999 -9999 -9999 -9999 -9999 -9999 -9999 105.112 106.0 -9999 -9999 -9999 -9999 108.494 109.033 109.5 109.938 110.353 110.752 111.139 111.517 111.883 112.229 112.506 112.784 113.04 113.284 113.518 113.745 113.966 114.181 114.392 114.601 114.81 115.019 115.23 115.444 115.664 115.891 116.129 116.358 116.548 116.694 116.848 117.01 117.083 117.119 117.157
-9999 -9999 -9999 -9999 -9999 -9999 -9999 -9999 -9999 -9999 -9999 -9999 -9999 -9999 -9999 -9999 -9999 -9999 -9999 -9999 -9999 -9999 -9999 -9999 -9999 -9999 -9999 -9999 -9999 -9999 -9999 -9999 -9999 -9999 105.386 -9999 -9999 -9999 -9999 108.237 108.691 109.195 109.646 110.068 110.47 110.859 111.218 111.528 111.857 112.184 112.497 112.806 113.072 113.315 113.547 113.77 113.985 114.197 114.404 114.611 114.817 115.023 115.233 115.446 115.665 115.892 116.129 116.329 116.489 116.629 116.777 116.939 117.072 117.129 -9999
-9999 -9999 -9999 -9999 -9999 -9999 -9999 -9999 -9999 -9999 -9999 -9999 -9999 -9999 -9999 -9999 -9999 -9999 -9999 -9999 -9999 -9999 -9999 -9999 -9999 -9999 -9999 -9999 -9999 -9999 -9999 -9999 -9999 -9999 -9999 -9999 -9999 -9999 -9999 108.463 108.855 109.323 109.771 110.161 110.491 110.805 111.098 111.445 111.803 112.139 112.457 112.759 113.051 113.322 113.57 113.794 114.006 114.213 114.418 114.622 114.827 115.032 115.241 115.453 115.672 115.899 116.115 116.295 116.433 116.573 116.722 116.883 117.059 117.162 -9999
-9999 -9999 -9999 -9999 -9999 -9999 -9999 -9999 -9999 -9999 -9999 -9999 -9999 -9999 -9999 -9999 -9999 -9999 -9999 -9999 -9999 -9999 -9999 -9999 -9999 -9999 -9999 -9999 -9999 -9999 -9999 -9999 -9999 -9999 -9999 -9999 -9999 -9999 -9999 108.613 108.926 109.301 109.698 110.032 110.343 110.667 111.028 111.403 111.753 112.082 112.394 112.691 112.978 113.256 113.528 113.788 114.021 114.231 114.434 114.637 114.84 115.045 115.253 115.466 115.685 115.913 116.099 116.249 116.384 116.525 116.674 116.834 117.01 117.193 -9999
-9999 -9999 -9999 -9999 -9999 -9999 -9999 -9999 -9999 -9999 -9999 -9999 -9999 -9999 -9999 -9999 -9999 -9999 -9999 -9999 -9999 -9999 -9999 -9999 -9999 -9999 -9999 -9999 -9999 -9999 -9999 -9999 -9999 -9999 -9999 -9999 -9999 -9999 108.329 108.559 108.807 109.112 109.498 109.865 110.228 110.59 110.986 111.354 111.697 112.022 112.33 112.625 112.908 113.181 113.448 113.712 113.977 114.233 114.452 114.654 114.857 115.062 115.271 115.484 115.705 115.903 116.072 116.204 116.34 116.482 116.632 116.793 116.968 117.157 117.287
-9999 -9999 -9999 -9999 -9999 -9999 -9999 -9999 -9999 -9999 -9999 -9999 -9999 -9999 -9999 -9999 -9999 -9999 -9999 -9999 -9999 -9999 -9999 -9999 -9999 -9999 -9999 -9999 -9999 -9999 -9999 -9999 -9999 -9999 -9999 -9999 -9999 -9999 108.222 108.447 108.665 108.955 109.333 109.755 110.14 110.543 110.934 111.296 111.636 111.957 112.263 112.557 112.84 113.11 113.372 113.63 113.891 114.156 114.428 114.665 114.878 115.084 115.294 115.509 115.716 115.889 116.031 116.165 116.302 116.445 116.596 116.758 116.933 117.127 117.289
-9999 -9999 -9999 -9999 -9999 -9999 -9999 -9999 -9999 -9999 -9999 -9999 -9999 -9999 -9999 -9999 -9999 -9999 -9999 -9999 -9999 -9999 -9999 -9999 -9999 -9999 -9999 -9999 -9999 -9999 -9999 -9999 -9999 -9999 -9999 -9999 -9999 106.853 107.336 108.283 108.482 108.709 109.116 109.645 110.066 110.486 110.871 111.229 111.566 111.886 112.192 112.487 112.771 113.042 113.299 113.552 113.809 114.071 114.341 114.621 114.886 115.11 115.322 115.536 115.713 115.863 115.996 116.131 116.27 116.415 116.567 116.73 116.906 117.1 117.31
-9999 -9999 -9999 -9999 -9999 -9999 -9999 -9999 -9999 -9999 -9999 -9999 -9999 -9999 -9999 -9999 -9999 -9999 -9999 -9999 -9999 -9999 -9999 -9999 -9999 -9999 -9999 -9999 -9999 -9999 -9999 -9999 -9999 -9999 -9999 -9999 -9999 105.72 106.773 108.157 108.334 108.441 108.918 109.534 109.993 110.417 110.798 111.153 111.488 111.807 112.113 112.408 112.694 112.966 113.223 113.475 113.73 113.992 114.261 114.539 114.829 115.12 115.357 115.538 115.697 115.831 115.966 116.104 116.245 116.392 116.545 116.709 116.886 117.081 117.299
-9999 -9999 -9999 -9999 -9999 -9999 -9999 -9999 -9999 -9999 -9999 -9999 -9999 -9999 -9999 -9999 -9999 -9999 -9999 -9999 -9999 -9999 -9999 -9999 -9999 -9999 -9999 -9999 -9999 -9999 -9999 -9999 -9999 -9999 -9999 -9999 -9999 107.04 107.883 108.173 107.939 106.995 107.835 109.449 109.909 110.336 110.714 111.067 111.401 111.72 112.026 112.322 112.606 112.88 113.141 113.397 113.654 113.917 114.186 114.464 114.754 115.058 115.34 115.529 115.667 115.804 115.942 116.082 116.226 116.375 116.53 116.696 116.875 117.071 117.29
-9999 -9999 -9999 -9999 -9999 -9999 -9999 -9999 -9999 -9999 -9999 -9999 -9999 -9999 -9999 -9999 -9999 -9999 -9999 -9999 -9999 -9999 -9999 -9999 -9999 -9999 -9999 -9999 -9999 -9999 -9999 -9999 -9999 -9999 -9999 -9999 -9999 -9999 107.893 108.178 107.111 105.326 106.906 109.403 109.811 110.238 110.618 110.971 111.305 111.625 111.933 112.229 112.515 112.79 113.057 113.319 113.581 113.846 114.117 114.397 114.687 114.963 115.23 115.477 115.643 115.783 115.924 116.067 116.213 116.365 116.523 -9999 116.871 -9999 117.294
