Validation/Results/raw data/ReClimate_02_2024_2_Precipitation-Actuals.asc
NCOLS 192
NROWS 249
XLLCENTER -225160.85627316462
YLLCENTER 29788.11610251502
CELLSIZE 5000.0
NODATA_VALUE -9999
[rows 99 to 131 of 249, columns 75 to 149 of 192]
130.449 134.72 131.127 135.061 142.135 151.278 160.628 -9999 -9999 96.724 163.826 180.409 197.665 184.206 189.334 181.45 148.902 143.349 129.308 129.712 129.464 116.409 99.684 89.857 88.525 77.84 78.826 74.485 72.555 69.4 67.657 67.286 65.564 59.965 56.288 50.936 45.722 49.737 55.067 53.868 51.5 51.665 51.859 47.604 -9999 -9999 -9999 -9999 -9999 -9999 -9999 -9999 -9999 -9999 -9999 -9999 -9999 -9999 -9999 -9999 -9999 -9999 -9999 -9999 -9999 -9999 -9999 -9999 -9999 -9999 -9999 -9999 -9999 -9999 -9999
142.954 128.737 -9999 -9999 121.834 142.572 -9999 -9999 -9999 104.258 157.304 214.668 206.458 226.368 189.056 151.921 146.081 161.649 157.875 137.116 130.896 106.757 103.995 109.834 96.107 75.798 87.521 93.575 89.039 75.346 70.294 62.69 59.851 49.636 47.375 44.639 48.834 59.273 58.945 58.574 58.174 56.866 50.618 46.596 -9999 -9999 -9999 -9999 -9999 -9999 -9999 -9999 -9999 -9999 -9999 -9999 -9999 -9999 -9999 -9999 -9999 -9999 -9999 -9999 -9999 -9999 -9999 -9999 -9999 -9999 -9999 -9999 -9999 -9999 -9999
-9999 132.499 129.408 132.234 -9999 -9999 -9999 -9999 126.587 128.237 177.459 188.124 191.329 196.911 173.644 164.387 176.515 199.059 168.357 164.543 120.8 113.696 117.787 95.539 76.401 98.505 118.691 113.428 84.476 79.45 70.674 64.572 53.157 48.155 46.292 49.647 60.855 55.091 55.963 57.387 58.316 52.462 45.192 -9999 -9999 -9999 -9999 -9999 -9999 -9999 -9999 -9999 -9999 -9999 -9999 -9999 -9999 -9999 -9999 -9999 -9999 -9999 -9999 -9999 -9999 -9999 -9999 -9999 -9999 -9999 -9999 -9999 -9999 -9999 -9999
159.604 184.165 182.453 186.374 148.819 122.388 -9999 -9999 122.083 -9999 -9999 136.553 190.581 188.696 159.731 173.565 213.384 193.22 189.557 174.383 143.878 125.458 107.231 102.883 111.319 126.688 121.521 104.92 107.796 95.339 72.678 59.238 52.325 50.39 52.998 60.951 49.903 48.444 54.331 53.538 50.618 46.354 -9999 -9999 -9999 -9999 -9999 -9999 -9999 -9999 -9999 -9999 -9999 -9999 -9999 -9999 -9999 -9999 -9999 -9999 -9999 -9999 -9999 -9999 -9999 -9999 -9999 -9999 -9999 -9999 -9999 -9999 -9999 -9999 -9999
147.563 162.336 186.438 172.887 -9999 -9999 -9999 121.573 135.765 133.748 140.564 149.881 164.871 143.329 150.538 179.437 193.359 177.114 157.154 141.791 127.288 123.42 122.494 102.218 111.279 106.213 108.837 110.012 91.293 80.505 66.807 58.355 54.118 52.086 56.013 48.731 43.097 -9999 -9999 49.559 -9999 -9999 -9999 -9999 -9999 -9999 -9999 -9999 -9999 -9999 -9999 -9999 -9999 -9999 -9999 -9999 -9999 -9999 -9999 -9999 -9999 -9999 -9999 -9999 -9999 -9999 -9999 -9999 -9999 -9999 -9999 -9999 -9999 -9999 -9999
134.978 159.349 -9999 168.947 -9999 -9999 -9999 128.055 145.725 150.867 145.464 135.58 140.463 155.349 173.924 187.864 174.652 160.601 153.03 153.141 119.463 109.99 98.962 107.539 106.511 91.587 77.544 68.242 68.821 61.039 57.825 56.465 52.453 49.622 49.015 44.404 -9999 51.483 48.881 46.776 47.89 -9999 -9999 -9999 -9999 -9999 -9999 -9999 -9999 -9999 -9999 -9999 -9999 -9999 -9999 -9999 -9999 -9999 -9999 -9999 -9999 -9999 -9999 -9999 -9999 -9999 -9999 -9999 -9999 -9999 -9999 -9999 -9999 -9999 -9999
117.802 -9999 -9999 -9999 -9999 138.108 137.673 148.206 151.8 158.668 148.752 151.361 168.802 175.759 184.067 176.665 186.635 164.644 171.642 138.809 142.797 122.685 134.259 138.544 107.258 90.923 81.936 74.382 61.014 57.799 52.838 52.631 50.956 48.372 -9999 46.95 51.043 47.851 47.877 45.309 49.38 -9999 -9999 -9999 -9999 -9999 -9999 -9999 -9999 -9999 -9999 -9999 -9999 -9999 -9999 -9999 -9999 -9999 -9999 -9999 -9999 -9999 -9999 -9999 -9999 -9999 -9999 -9999 -9999 -9999 -9999 -9999 -9999 -9999 -9999
-9999 -9999 -9999 -9999 -9999 136.244 128.886 136.301 155.356 160.893 148.103 161.092 149.311 147.805 163.811 204.313 190.158 169.043 164.0 158.821 132.183 132.884 150.256 122.409 123.466 120.004 92.42 76.917 68.663 60.646 63.847 68.076 62.554 63.702 58.746 52.348 49.677 51.636 55.231 52.266 52.921 50.699 -9999 -9999 -9999 -9999 -9999 -9999 -9999 -9999 -9999 -9999 -9999 -9999 -9999 -9999 -9999 -9999 -9999 -9999 -9999 -9999 -9999 -9999 -9999 -9999 -9999 -9999 -9999 -9999 -9999 -9999 -9999 -9999 -9999
-9999 -9999 -9999 -9999 131.204 -9999 -9999 134.702 155.879 153.975 166.278 153.199 -9999 -9999 181.95 215.257 215.0 162.621 152.736 142.633 129.524 130.527 116.257 98.696 101.994 86.614 82.303 76.133 76.005 86.208 93.213 81.017 75.452 66.508 59.3 60.349 53.365 59.567 55.072 59.837 57.942 52.7 48.007 -9999 -9999 -9999 -9999 -9999 -9999 -9999 -9999 -9999 -9999 -9999 -9999 -9999 -9999 -9999 -9999 -9999 -9999 -9999 -9999 -9999 -9999 -9999 -9999 -9999 -9999 -9999 -9999 -9999 -9999 -9999 -9999
-9999 -9999 -9999 -9999 123.379 -9999 119.306 130.556 140.098 167.758 169.204 138.356 139.662 170.172 199.862 201.247 148.532 150.886 167.143 133.45 123.296 118.192 101.553 85.242 76.498 69.756 70.001 84.486 107.05 109.315 91.917 80.957 68.05 61.168 62.97 60.105 58.155 55.588 52.256 50.747 50.774 46.593 -9999 -9999 -9999 -9999 -9999 -9999 -9999 -9999 -9999 -9999 -9999 -9999 -9999 -9999 -9999 -9999 -9999 -9999 -9999 -9999 -9999 -9999 -9999 -9999 -9999 -9999 -9999 -9999 -9999 -9999 -9999 -9999 -9999
-9999 -9999 -9999 -9999 115.554 -9999 108.433 106.844 130.467 145.146 132.556 -9999 167.751 169.549 -9999 163.666 149.807 153.934 132.625 145.99 119.755 94.645 79.457 68.197 61.586 65.204 66.715 80.942 77.806 71.71 69.385 66.307 65.543 61.335 60.498 55.632 52.847 49.686 -9999 -9999 -9999 -9999 -9999 -9999 -9999 -9999 -9999 -9999 -9999 -9999 -9999 -9999 -9999 -9999 -9999 -9999 -9999 -9999 -9999 -9999 -9999 -9999 -9999 -9999 -9999 -9999 -9999 -9999 -9999 -9999 -9999 -9999 -9999 -9999 -9999
-9999 -9999 107.487 111.101 -9999 -9999 94.583 109.246 123.81 122.174 137.217 173.04 162.413 179.015 -9999 130.536 130.656 126.687 120.051 117.057 105.616 86.872 80.717 75.473 80.523 75.234 62.649 59.226 57.296 57.909 59.905 63.578 65.155 62.133 61.38 56.726 50.58 -9999 -9999 -9999 -9999 -9999 -9999 -9999 -9999 -9999 -9999 -9999 -9999 -9999 -9999 -9999 -9999 -9999 -9999 -9999 -9999 -9999 -9999 -9999 -9999 -9999 -9999 -9999 -9999 -9999 -9999 -9999 -9999 -9999 -9999 -9999 -9999 -9999 -9999
-9999 94.298 102.591 106.941 -9999 98.263 113.543 119.214 114.25 -9999 155.39 157.078 172.46 175.275 -9999 121.475 131.803 112.134 94.378 92.857 83.08 84.795 90.162 92.646 95.874 80.708 72.231 62.474 -9999 50.038 53.811 55.972 56.805 59.39 62.39 55.584 -9999 -9999 -9999 -9999 -9999 -9999 -9999 -9999 -9999 -9999 -9999 -9999 -9999 -9999 -9999 -9999 -9999 -9999 -9999 -9999 -9999 -9999 -9999 -9999 -9999 -9999 -9999 -9999 -9999 -9999 -9999 -9999 -9999 -9999 -9999 -9999 -9999 -9999 -9999
-9999 89.409 98.321 -9999 -9999 107.243 123.9 118.891 -9999 128.542 145.212 154.108 163.874 155.887 -9999 110.855 98.302 91.286 87.258 87.41 87.589 92.322 118.683 120.711 111.891 99.49 76.206 61.348 53.249 47.613 -9999 -9999 50.682 52.855 -9999 -9999 -9999 -9999 -9999 -9999 41.234 42.236 46.627 -9999 -9999 -9999 -9999 -9999 -9999 -9999 -9999 -9999 -9999 -9999 -9999 -9999 -9999 -9999 -9999 -9999 -9999 -9999 -9999 -9999 -9999 -9999 -9999 -9999 -9999 -9999 -9999 -9999 -9999 -9999 -9999
90.283 101.644 -9999 -9999 107.402 113.266 108.576 124.352 -9999 125.363 141.229 135.844 137.689 148.787 -9999 -9999 -9999 89.426 87.917 91.916 94.416 100.01 104.02 101.708 91.763 80.005 69.305 62.64 57.166 52.62 48.92 50.175 51.381 46.719 -9999 -9999 -9999 -9999 -9999 43.99 41.442 45.868 44.745 42.341 -9999 -9999 -9999 -9999 -9999 -9999 -9999 -9999 -9999 -9999 -9999 -9999 -9999 -9999 -9999 -9999 -9999 -9999 -9999 -9999 -9999 -9999 -9999 -9999 -9999 -9999 -9999 -9999 -9999 -9999 -9999
104.204 101.916 -9999 -9999 -9999 87.749 115.71 115.832 -9999 114.381 -9999 116.401 132.968 120.124 -9999 98.07 100.466 96.275 -9999 82.764 76.804 80.64 82.065 77.74 75.483 73.075 68.537 66.26 62.329 55.765 58.028 55.689 49.718 47.255 45.854 46.675 45.981 -9999 43.284 44.194 44.816 46.069 51.987 51.48 52.14 40.08 -9999 -9999 -9999 -9999 -9999 -9999 -9999 -9999 -9999 -9999 -9999 -9999 -9999 -9999 -9999 -9999 -9999 -9999 -9999 -9999 -9999 -9999 -9999 -9999 -9999 -9999 -9999 -9999 -9999
104.698 -9999 -9999 -9999 -9999 101.167 120.454 103.309 -9999 95.693 -9999 104.272 101.316 -9999 110.394 119.781 126.957 109.61 84.689 71.927 66.376 66.864 67.968 68.707 64.506 65.845 68.206 67.249 62.89 58.655 60.362 53.893 50.068 52.168 52.099 54.712 49.557 50.268 47.335 46.358 46.552 51.764 61.908 61.55 66.444 61.651 51.753 44.578 47.629 -9999 -9999 -9999 -9999 -9999 -9999 -9999 -9999 -9999 -9999 -9999 -9999 -9999 -9999 -9999 -9999 -9999 -9999 -9999 -9999 -9999 -9999 -9999 -9999 -9999 -9999
93.657 -9999 -9999 -9999 -9999 98.779 97.259 104.106 105.792 -9999 -9999 82.889 86.871 -9999 104.137 131.479 143.044 112.293 90.991 74.511 67.585 63.066 64.349 62.104 57.305 59.647 63.858 68.865 67.576 66.861 59.493 61.784 63.147 63.455 66.844 58.213 51.581 45.225 50.131 50.357 55.832 70.526 76.33 72.417 73.487 68.748 71.095 57.866 47.832 48.436 -9999 -9999 -9999 -9999 -9999 -9999 -9999 -9999 -9999 -9999 -9999 -9999 -9999 -9999 -9999 -9999 -9999 -9999 -9999 -9999 -9999 -9999 -9999 -9999 -9999
-9999 -9999 -9999 -9999 -9999 87.3 94.586 107.534 93.443 -9999 -9999 83.352 82.277 -9999 -9999 124.338 118.967 103.681 92.223 89.625 77.629 71.215 66.558 63.947 56.492 56.627 63.064 66.72 71.717 71.228 73.874 70.247 72.257 73.558 64.905 58.229 55.572 56.758 58.183 62.47 69.939 76.6 78.346 73.489 69.524 66.319 60.172 52.476 52.119 49.457 -9999 -9999 -9999 -9999 -9999 -9999 -9999 -9999 -9999 -9999 -9999 -9999 -9999 -9999 -9999 -9999 -9999 -9999 -9999 -9999 -9999 -9999 -9999 -9999 -9999
-9999 -9999 -9999 -9999 -9999 80.825 95.019 102.523 -9999 -9999 -9999 -9999 80.168 -9999 86.298 104.142 103.423 91.3 91.285 92.412 89.52 81.692 78.147 71.543 63.924 57.716 53.856 62.306 67.259 71.597 70.748 72.061 72.87 65.908 61.054 60.699 64.044 72.251 69.993 66.713 67.684 67.441 65.828 66.215 66.16 60.506 52.22 49.458 50.479 49.234 48.161 -9999 -9999 -9999 -9999 -9999 -9999 -9999 -9999 -9999 -9999 -9999 -9999 -9999 -9999 -9999 -9999 -9999 -9999 -9999 -9999 -9999 -9999 -9999 -9999
-9999 -9999 -9999 88.132 86.438 89.433 95.227 -9999 -9999 116.555 -9999 -9999 -9999 -9999 79.428 90.245 88.017 84.013 84.963 87.322 91.003 87.636 88.191 81.659 69.869 60.189 57.164 58.173 61.02 61.479 60.352 64.699 60.319 62.114 69.33 70.738 81.574 86.719 79.402 73.727 66.598 53.758 62.471 60.445 63.023 60.098 50.476 48.313 49.988 48.554 44.5 -9999 -9999 -9999 -9999 -9999 -9999 -9999 -9999 -9999 -9999 -9999 -9999 -9999 -9999 -9999 -9999 -9999 -9999 -9999 -9999 -9999 -9999 -9999 -9999
-9999 -9999 -9999 -9999 93.431 95.174 99.095 -9999 111.364 129.009 132.751 -9999 -9999 -9999 -9999 71.487 71.911 71.786 74.264 79.085 81.425 87.026 86.854 82.217 71.162 62.377 57.464 58.366 53.669 53.912 58.454 62.845 62.382 70.812 64.744 72.392 76.189 79.181 82.162 76.85 61.999 61.6 57.271 53.438 54.744 54.382 49.326 47.989 49.647 51.541 46.833 46.11 -9999 -9999 -9999 -9999 -9999 -9999 -9999 -9999 -9999 -9999 -9999 -9999 -9999 -9999 -9999 -9999 -9999 -9999 -9999 -9999 -9999 -9999 -9999
-9999 -9999 -9999 -9999 93.565 101.272 107.076 -9999 95.921 126.84 135.618 -9999 -9999 -9999 -9999 -9999 62.025 62.775 63.853 65.683 73.567 77.976 82.147 81.788 83.981 76.713 69.061 58.338 55.601 56.911 58.788 57.449 61.494 66.013 66.784 67.946 72.547 72.947 66.213 60.791 56.132 58.301 54.238 52.65 52.425 48.095 47.213 46.58 49.638 51.073 53.385 48.479 46.739 -9999 -9999 -9999 -9999 -9999 -9999 -9999 -9999 -9999 -9999 -9999 -9999 -9999 -9999 -9999 -9999 -9999 -9999 -9999 -9999 -9999 -9999
-9999 -9999 -9999 -9999 95.452 109.641 -9999 -9999 87.587 117.074 130.541 104.822 -9999 -9999 -9999 -9999 -9999 57.073 61.911 69.039 71.869 81.421 86.605 90.53 93.269 89.65 79.356 66.845 67.39 62.332 62.527 67.425 73.922 72.434 90.058 77.923 81.761 70.7 76.302 68.883 60.355 56.762 52.936 50.978 48.634 50.137 53.497 56.407 52.922 55.549 55.223 58.233 50.739 47.74 45.408 -9999 -9999 -9999 -9999 -9999 -9999 -9999 -9999 -9999 -9999 -9999 -9999 -9999 -9999 -9999 -9999 -9999 -9999 -9999 -9999
-9999 -9999 -9999 -9999 102.128 90.91 -9999 -9999 95.943 115.712 113.504 -9999 -9999 -9999 -9999 -9999 -9999 55.777 61.35 63.046 66.209 73.214 76.043 82.092 88.921 91.352 85.486 77.535 71.779 72.354 82.54 95.367 85.645 100.377 104.08 96.515 76.15 77.282 70.969 59.823 59.644 56.652 52.511 52.926 52.318 50.931 55.233 58.368 69.0 69.306 58.945 59.559 58.602 52.336 47.752 -9999 -9999 -9999 -9999 -9999 -9999 -9999 -9999 -9999 -9999 -9999 -9999 -9999 -9999 -9999 -9999 -9999 -9999 -9999 -9999
-9999 -9999 -9999 -9999 93.82 78.829 -9999 -9999 -9999 91.972 92.819 86.469 -9999 -9999 -9999 -9999 -9999 53.707 57.558 60.096 64.192 67.279 73.379 84.971 98.525 101.975 90.087 86.963 81.968 74.937 82.081 87.199 92.001 113.913 103.101 88.933 86.804 77.022 65.339 66.393 59.902 58.893 56.032 51.165 53.652 58.149 62.859 76.661 93.115 85.521 69.495 60.176 58.976 56.857 52.175 -9999 -9999 -9999 -9999 -9999 -9999 -9999 -9999 -9999 -9999 -9999 -9999 -9999 -9999 -9999 -9999 -9999 -9999 -9999 -9999
-9999 -9999 -9999 100.006 93.914 85.878 -9999 -9999 -9999 -9999 -9999 -9999 -9999 -9999 -9999 -9999 -9999 60.187 65.033 65.948 68.092 70.657 75.061 86.414 95.818 100.029 95.875 95.614 95.955 89.618 94.395 97.447 113.99 118.745 116.938 114.694 94.058 81.555 75.354 65.125 63.873 56.75 54.525 57.086 56.1 63.747 74.848 94.548 95.579 92.109 72.966 60.404 57.961 56.843 54.431 44.918 -9999 -9999 -9999 -9999 -9999 -9999 -9999 -9999 -9999 -9999 -9999 -9999 -9999 -9999 -9999 -9999 -9999 -9999 -9999
-9999 -9999 99.287 100.559 102.577 84.862 -9999 -9999 -9999 -9999 -9999 -9999 -9999 -9999 -9999 65.504 62.758 65.71 72.02 77.458 82.839 84.008 90.304 92.281 90.551 87.038 97.004 111.4 110.278 107.9 103.988 98.957 103.215 121.368 114.088 106.741 94.114 83.452 72.121 63.958 58.308 64.205 63.97 56.625 58.191 66.163 81.264 81.423 89.165 89.199 73.939 58.847 56.625 59.715 56.406 48.442 -9999 -9999 -9999 -9999 -9999 -9999 -9999 -9999 -9999 -9999 -9999 -9999 -9999 -9999 -9999 -9999 -9999 -9999 -9999
-9999 -9999 96.867 90.835 79.16 -9999 -9999 -9999 -9999 -9999 -9999 -9999 -9999 -9999 -9999 66.273 67.672 69.515 79.192 84.926 86.277 102.917 115.509 108.581 97.602 98.767 95.511 99.302 107.893 113.534 104.38 92.024 96.822 107.235 117.232 104.986 99.496 86.248 78.517 67.326 68.629 69.965 64.275 64.315 74.307 83.23 83.705 79.768 77.288 70.751 65.748 66.216 67.28 63.126 58.517 50.826 -9999 -9999 -9999 -9999 -9999 -9999 -9999 -9999 -9999 -9999 -9999 -9999 -9999 -9999 -9999 -9999 -9999 -9999 -9999
-9999 -9999 -9999 -9999 -9999 -9999 -9999 -9999 -9999 -9999 -9999 -9999 -9999 -9999 -9999 70.742 73.321 82.006 85.908 90.848 94.661 114.341 122.31 129.111 115.729 101.242 95.706 97.72 105.512 126.866 115.637 88.494 89.449 107.081 110.93 107.529 99.398 96.273 83.291 85.682 87.35 80.785 82.395 86.639 88.768 77.143 77.404 73.23 71.46 71.382 62.836 62.313 64.359 62.317 55.519 50.84 -9999 -9999 -9999 -9999 -9999 -9999 -9999 -9999 -9999 -9999 -9999 -9999 -9999 -9999 -9999 -9999 -9999 -9999 -9999
-9999 -9999 -9999 -9999 -9999 -9999 -9999 -9999 -9999 -9999 -9999 -9999 -9999 -9999 75.059 81.022 88.533 91.494 99.884 94.448 100.741 106.813 126.513 121.992 114.26 103.817 96.765 81.595 89.915 100.798 96.965 83.94 83.695 91.473 96.904 96.313 98.87 97.441 99.256 89.487 90.275 87.7 87.307 98.951 83.214 86.894 76.751 63.751 70.507 71.851 72.199 63.703 60.518 57.0 54.136 49.713 -9999 -9999 -9999 -9999 -9999 -9999 -9999 -9999 -9999 -9999 -9999 -9999 -9999 -9999 -9999 -9999 -9999 -9999 -9999
-9999 -9999 -9999 -9999 -9999 -9999 -9999 -9999 -9999 -9999 -9999 -9999 -9999 -9999 82.85 89.242 98.784 116.257 114.137 106.22 104.408 118.496 104.707 108.036 104.138 102.072 89.924 74.087 76.631 89.626 88.469 78.759 74.93 82.74 85.309 87.225 96.237 105.27 86.957 97.71 91.942 86.513 102.645 86.818 87.273 82.841 67.761 67.925 65.863 67.391 71.505 67.099 61.947 59.767 55.4 50.435 -9999 -9999 -9999 -9999 -9999 -9999 -9999 -9999 -9999 -9999 -9999 -9999 -9999 -9999 -9999 -9999 -9999 -9999 -9999
-9999 -9999 -9999 -9999 -9999 -9999 -9999 -9999 -9999 -9999 -9999 -9999 -9999 83.609 89.463 93.368 115.173 123.049 128.703 132.272 129.096 115.442 103.459 97.577 96.771 95.748 90.405 81.383 80.436 88.843 83.553 71.335 71.202 79.73 85.378 90.349 104.565 90.646 92.18 99.422 88.297 94.856 94.742 82.529 80.694 69.927 70.366 69.112 67.489 68.716 65.074 61.395 59.303 58.877 56.246 52.292 47.77 -9999 -9999 -9999 -9999 -9999 -9999 -9999 -9999 -9999 -9999 -9999 -9999 -9999 -9999 -9999 -9999 -9999 -9999
