Validation/Results/raw data/ReClimate_02_2024_2_Temperature-Actuals.asc
NCOLS 192
NROWS 249
XLLCENTER -225160.85627316462
YLLCENTER 29788.11610251502
CELLSIZE 5000.0
NODATA_VALUE -9999
[rows 204 to 237 of 249, columns 77 to 153 of 192]
-9999 -9999 9.499 -9999 9.382 9.291 9.219 8.971 8.96 8.77 8.802 8.821 8.739 8.751 8.478 9.025 8.911 9.032 9.203 9.369 9.263 9.332 8.824 8.315 7.035 6.389 7.931 7.719 7.815 7.207 7.671 8.721 8.131 6.804 8.44 8.813 8.846 8.966 9.511 9.839 9.628 9.31 9.41 9.781 9.915 9.979 9.917 9.747 8.998 8.573 8.525 8.87 9.085 9.237 9.111 8.759 8.851 9.04 9.218 9.293 9.29 9.2 9.042 9.076 9.197 9.212 9.31 9.34 9.233 9.258 9.223 9.283 9.467 9.442 9.369 9.26 9.272
-9999 -9999 -9999 -9999 -9999 -9999 9.059 9.331 9.226 9.13 9.159 9.141 9.113 8.986 9.334 9.249 9.29 9.331 9.226 9.312 8.997 8.971 8.321 7.515 6.599 6.878 6.774 7.14 6.414 6.543 8.208 8.229 8.086 9.089 8.402 8.753 9.473 9.826 10.008 9.508 9.133 8.731 9.229 9.801 9.95 10.036 10.018 9.343 8.545 8.441 8.529 8.96 9.017 9.176 9.038 9.11 9.147 9.347 9.506 9.553 9.455 9.305 9.237 9.266 9.404 9.48 9.364 9.214 9.049 9.085 9.302 9.325 9.465 9.403 9.499 9.603 9.535
-9999 -9999 -9999 -9999 -9999 -9999 9.303 9.271 9.27 9.336 8.965 8.77 8.661 9.06 9.315 9.365 9.5 9.104 8.931 9.158 9.293 9.355 8.767 8.526 8.321 8.019 7.681 7.461 6.868 7.261 6.979 7.699 8.397 8.035 7.752 9.352 9.7 9.894 9.37 9.245 8.622 8.868 9.265 9.833 9.927 9.743 8.894 8.447 8.537 8.74 8.686 8.87 9.021 9.107 9.262 9.151 9.432 9.619 9.788 9.792 9.561 9.344 9.24 9.333 9.525 9.56 9.389 8.979 9.04 9.114 9.186 9.414 9.512 9.627 9.716 9.908 9.733
-9999 -9999 -9999 -9999 9.618 9.532 9.405 9.419 -9999 9.397 9.242 9.059 9.299 9.394 9.533 -9999 9.472 9.194 9.332 8.945 9.547 8.73 8.809 8.628 8.378 8.299 8.612 8.188 7.859 7.748 7.716 7.956 8.32 7.29 8.328 9.401 9.368 9.673 9.506 8.931 8.955 9.151 9.525 9.729 9.67 9.03 8.931 8.612 8.74 8.706 8.926 9.03 9.087 9.25 9.432 9.481 9.589 9.588 9.858 9.829 9.701 9.539 9.491 9.473 9.508 9.419 9.124 8.998 8.955 9.216 9.286 9.414 9.54 9.565 9.615 9.94 9.862
-9999 -9999 -9999 -9999 9.629 -9999 -9999 -9999 9.657 9.533 9.358 -9999 -9999 -9999 -9999 -9999 9.519 9.438 9.14 9.916 9.601 9.402 9.266 8.979 9.079 9.041 7.34 7.412 8.506 8.586 8.503 8.338 7.801 7.873 9.094 9.178 9.565 9.61 8.946 9.167 9.206 9.615 9.612 9.627 9.269 9.036 9.072 8.815 8.994 9.121 9.121 9.222 9.369 9.449 9.567 9.599 9.648 9.613 9.689 9.847 9.583 9.575 9.525 9.524 9.379 9.314 9.15 8.96 9.063 9.379 9.53 9.616 9.577 9.526 9.644 9.938 10.032
-9999 -9999 -9999 -9999 -9999 -9999 9.573 9.544 9.464 9.604 9.352 -9999 -9999 -9999 -9999 -9999 -9999 -9999 -9999 10.308 10.112 10.004 10.086 9.655 9.198 7.473 6.952 7.201 7.716 8.261 8.416 8.462 8.549 8.521 8.861 9.521 9.625 8.768 9.054 9.152 9.921 9.77 9.556 9.392 8.889 9.023 8.945 9.002 9.178 9.328 9.36 9.403 9.436 9.505 9.442 9.503 9.608 9.732 9.726 9.759 9.568 9.457 9.259 9.193 9.447 9.275 9.167 9.173 9.272 9.49 9.787 9.774 9.74 9.792 10.035 10.247 10.149
-9999 -9999 -9999 -9999 -9999 -9999 -9999 9.491 -9999 -9999 -9999 -9999 -9999 -9999 -9999 -9999 -9999 9.579 9.924 9.977 9.863 10.228 10.301 9.996 9.085 8.156 7.317 7.339 8.022 8.974 8.8 8.428 8.666 8.964 9.705 9.991 9.649 9.315 9.435 9.849 -9999 9.775 9.552 9.24 8.663 8.76 9.004 9.147 9.333 9.38 9.454 9.408 9.42 9.401 9.488 9.497 9.614 9.697 9.736 9.579 9.409 9.205 8.945 8.998 9.179 9.601 9.451 9.399 9.582 9.666 9.839 9.937 9.885 10.048 10.382 10.579 10.544
-9999 -9999 -9999 -9999 -9999 -9999 -9999 -9999 -9999 -9999 -9999 -9999 -9999 -9999 -9999 -9999 -9999 9.628 9.813 10.021 9.917 -9999 -9999 -9999 9.702 8.589 8.786 8.606 9.116 9.121 8.6 8.834 9.581 9.886 10.0 10.171 9.941 9.963 9.985 -9999 9.915 9.58 9.563 9.02 8.683 9.048 9.175 9.322 9.332 9.301 9.401 9.436 9.412 9.418 9.267 9.234 9.342 9.379 9.506 9.557 9.296 8.878 8.947 9.07 9.389 9.705 9.794 9.623 9.803 10.027 10.118 10.227 10.256 10.055 10.425 10.729 10.7
-9999 -9999 -9999 -9999 -9999 -9999 -9999 -9999 -9999 -9999 -9999 -9999 -9999 -9999 -9999 -9999 -9999 -9999 -9999 -9999 -9999 -9999 -9999 -9999 10.302 9.746 9.18 9.339 9.607 9.589 9.451 9.777 10.058 10.141 10.139 10.113 10.108 -9999 -9999 10.102 9.9 9.733 9.575 9.064 8.898 9.122 9.216 9.385 9.522 9.325 9.357 9.391 9.135 8.989 8.941 8.792 8.66 8.924 9.057 9.225 9.281 9.107 9.065 9.412 9.477 9.716 9.973 9.908 9.962 10.094 10.295 10.428 10.509 10.689 10.663 10.864 10.827
-9999 -9999 -9999 -9999 -9999 -9999 -9999 -9999 -9999 -9999 -9999 -9999 -9999 -9999 -9999 -9999 -9999 -9999 -9999 -9999 -9999 -9999 -9999 -9999 10.065 9.834 9.699 9.715 9.621 9.678 9.951 10.159 10.279 10.254 -9999 -9999 -9999 -9999 -9999 10.085 9.892 9.856 9.63 9.137 8.934 9.059 9.077 9.351 9.545 9.347 9.029 9.054 8.772 8.686 8.715 8.756 8.696 8.684 8.967 9.012 9.385 9.6 9.494 9.767 9.801 9.855 10.019 10.092 10.244 10.405 10.385 10.383 10.562 10.804 10.992 10.967 10.73
-9999 -9999 -9999 -9999 -9999 -9999 -9999 -9999 -9999 -9999 -9999 -9999 -9999 -9999 -9999 -9999 -9999 -9999 -9999 -9999 -9999 -9999 -9999 -9999 -9999 -9999 9.784 9.418 9.472 9.722 9.79 10.061 10.223 -9999 -9999 -9999 -9999 9.766 9.622 9.626 10.036 9.988 9.676 9.0 8.911 8.884 8.949 9.217 9.383 9.073 8.699 8.589 8.713 8.655 8.814 8.812 9.039 9.063 9.084 9.307 9.431 9.798 10.049 9.971 9.919 9.874 9.887 9.885 10.146 10.444 10.503 10.459 10.457 10.634 10.737 10.793 10.61
-9999 -9999 -9999 -9999 -9999 -9999 -9999 -9999 -9999 -9999 -9999 -9999 -9999 -9999 -9999 -9999 -9999 -9999 -9999 -9999 -9999 -9999 -9999 -9999 -9999 -9999 -9999 9.735 9.676 9.693 9.76 10.048 -9999 -9999 -9999 -9999 9.827 9.784 9.575 9.546 9.679 9.814 9.685 9.366 9.376 8.979 8.999 9.12 8.944 8.861 8.787 8.558 8.705 8.85 9.018 9.131 9.229 9.365 9.336 9.323 9.506 9.758 9.862 9.803 9.643 9.728 9.8 9.794 9.904 10.235 10.388 10.433 10.506 10.5 10.464 10.363 10.282
-9999 -9999 -9999 -9999 -9999 -9999 -9999 -9999 -9999 -9999 -9999 -9999 -9999 -9999 -9999 -9999 -9999 -9999 -9999 -9999 -9999 -9999 -9999 -9999 -9999 -9999 -9999 -9999 -9999 -9999 -9999 -9999 -9999 -9999 -9999 9.812 9.919 9.964 9.67 9.428 9.73 9.698 9.44 9.557 9.379 9.325 9.52 9.279 9.032 8.926 8.939 8.943 8.786 8.863 8.979 8.841 9.049 9.166 9.267 9.294 9.324 9.57 9.687 9.603 9.47 9.468 9.662 9.812 9.909 10.048 10.182 10.161 10.233 10.175 10.099 9.876 9.655
-9999 -9999 -9999 -9999 -9999 -9999 -9999 -9999 -9999 -9999 -9999 -9999 -9999 -9999 -9999 -9999 -9999 -9999 -9999 -9999 -9999 -9999 -9999 -9999 -9999 -9999 -9999 -9999 -9999 -9999 -9999 -9999 -9999 -9999 10.14 9.984 9.772 9.627 8.638 9.203 9.666 9.459 9.387 9.37 9.373 9.711 9.666 9.482 9.231 9.096 9.27 9.064 8.844 8.585 8.734 8.857 8.531 8.828 9.039 9.237 9.377 9.508 9.629 9.609 9.577 9.636 9.566 9.645 9.853 9.967 9.976 9.905 9.619 9.702 9.657 9.462 9.083
-9999 -9999 -9999 -9999 -9999 -9999 -9999 -9999 -9999 -9999 -9999 -9999 -9999 -9999 -9999 -9999 -9999 -9999 -9999 -9999 -9999 -9999 -9999 -9999 -9999 -9999 -9999 -9999 -9999 -9999 -9999 -9999 -9999 -9999 10.113 9.98 10.106 9.57 9.05 8.776 8.989 9.189 9.3 9.168 9.546 9.613 9.503 9.038 8.771 8.795 9.088 9.199 9.009 8.938 8.75 8.844 8.929 8.87 9.042 9.159 9.34 9.533 9.635 9.667 9.594 9.618 9.615 9.541 9.649 9.707 9.451 9.426 9.333 9.291 9.503 9.425 9.106
-9999 -9999 -9999 -9999 -9999 -9999 -9999 -9999 -9999 -9999 -9999 -9999 -9999 -9999 -9999 -9999 -9999 -9999 -9999 -9999 -9999 8.068 7.791 7.24 7.478 -9999 8.438 -9999 -9999 -9999 -9999 -9999 -9999 -9999 -9999 10.122 10.145 9.898 9.513 9.228 8.904 8.892 8.986 9.286 9.36 9.342 8.917 8.636 8.864 8.914 9.093 9.114 9.07 9.201 9.304 9.317 9.211 9.259 9.163 9.055 8.952 9.175 9.428 9.451 9.427 9.485 9.44 9.421 9.567 9.527 9.252 9.206 9.463 9.426 9.511 9.576 9.496
-9999 -9999 -9999 -9999 -9999 -9999 -9999 -9999 -9999 -9999 -9999 -9999 -9999 -9999 -9999 -9999 -9999 -9999 9.071 8.835 8.498 7.921 7.156 6.8 7.042 7.386 8.23 9.258 9.856 -9999 -9999 9.339 9.787 9.986 10.135 10.123 10.104 10.131 9.955 9.666 9.29 8.939 9.027 9.209 9.162 8.682 8.825 8.971 8.848 9.1 9.298 9.395 9.285 9.295 9.404 9.465 9.59 9.495 9.326 9.134 9.09 8.949 9.006 9.279 9.415 9.527 9.66 9.45 9.547 9.093 9.002 9.152 9.415 9.588 9.611 9.747 9.608
-9999 -9999 -9999 -9999 -9999 -9999 -9999 -9999 -9999 -9999 -9999 -9999 -9999 -9999 -9999 -9999 -9999 9.041 9.046 9.222 9.022 8.281 7.239 6.782 6.983 7.469 8.061 8.627 9.254 9.414 9.274 9.251 9.283 9.904 10.032 10.078 9.959 9.839 9.987 9.736 9.155 9.039 9.099 9.012 8.468 8.841 8.659 8.699 8.871 9.146 9.426 9.457 9.288 9.351 9.371 9.531 9.54 9.559 9.403 9.231 9.016 8.851 9.06 9.297 9.486 9.22 9.37 9.624 9.544 9.59 9.179 9.324 9.423 9.521 9.573 9.59 9.728
-9999 -9999 -9999 -9999 -9999 -9999 -9999 -9999 -9999 -9999 -9999 -9999 -9999 -9999 -9999 -9999 -9999 9.013 9.575 9.946 9.565 8.564 8.004 7.58 7.316 7.801 8.305 8.9 8.689 8.491 8.922 9.178 9.358 9.297 9.809 10.014 9.891 9.941 9.701 9.459 9.43 9.294 9.181 8.868 8.887 8.852 8.609 8.751 8.816 9.083 9.332 9.383 9.223 9.17 9.515 9.615 9.589 9.647 9.642 9.51 9.316 8.982 8.881 9.328 9.518 9.413 9.196 9.474 9.696 9.746 9.749 9.662 9.377 9.346 9.434 9.423 9.261
-9999 -9999 -9999 -9999 -9999 -9999 -9999 -9999 -9999 -9999 -9999 -9999 -9999 -9999 -9999 -9999 -9999 9.417 10.064 9.837 9.645 9.096 9.053 8.615 8.61 8.59 8.746 8.905 8.438 8.599 9.277 9.46 9.423 9.601 9.875 9.998 9.963 9.73 9.489 9.575 9.495 9.293 9.144 9.206 9.146 9.094 8.976 8.892 8.689 8.854 9.247 9.549 9.515 9.515 9.61 9.573 9.624 9.78 9.575 9.45 9.478 9.116 8.738 9.193 9.616 9.591 9.524 9.606 9.735 9.836 9.766 9.621 9.47 9.45 9.627 9.673 9.528
-9999 -9999 -9999 -9999 -9999 -9999 -9999 -9999 -9999 -9999 -9999 -9999 -9999 9.405 9.058 -9999 9.232 9.852 9.604 9.432 9.506 9.647 9.477 9.337 8.907 8.639 8.755 8.987 8.986 9.201 9.482 9.68 9.61 9.553 9.623 9.791 9.933 9.77 9.662 9.576 9.44 9.103 9.347 9.332 9.214 8.992 8.821 8.801 8.599 8.749 9.127 9.53 9.617 9.653 9.696 9.854 9.776 9.859 9.761 9.339 9.497 9.412 9.325 9.359 9.755 9.812 9.673 9.631 9.716 9.822 9.893 9.85 9.748 9.617 9.659 9.747 9.825
-9999 -9999 -9999 -9999 -9999 -9999 -9999 -9999 -9999 -9999 -9999 -9999 -9999 9.236 8.957 9.118 9.321 9.475 9.353 9.524 9.192 9.134 9.295 8.877 8.808 8.725 8.773 9.07 9.022 9.146 9.398 9.029 8.743 8.99 9.424 9.835 9.931 9.713 9.517 9.39 9.287 9.18 9.4 9.239 9.305 9.152 8.865 8.744 8.88 8.965 9.264 9.425 9.532 9.624 9.936 10.007 10.063 10.123 9.99 9.653 9.536 9.427 9.178 9.256 9.092 9.44 9.682 9.701 9.812 9.848 9.861 9.906 9.893 9.762 9.629 9.728 9.801
-9999 -9999 -9999 -9999 -9999 -9999 -9999 -9999 -9999 -9999 -9999 -9999 9.436 9.014 9.062 9.076 9.128 9.274 9.371 9.303 9.145 9.287 9.329 9.04 8.981 8.815 9.006 9.231 9.51 9.605 9.19 8.537 8.642 8.796 9.084 9.685 9.699 9.589 9.566 9.438 9.357 9.285 9.31 9.35 9.427 9.27 8.932 9.153 9.193 9.309 9.372 9.458 9.472 9.493 9.919 10.346 10.486 10.288 10.248 9.975 9.855 9.74 9.513 9.398 9.22 9.097 9.285 9.041 9.529 9.336 9.332 9.737 9.861 9.329 9.082 9.187 9.69
-9999 -9999 -9999 -9999 -9999 -9999 -9999 -9999 -9999 -9999 -9999 -9999 -9999 9.294 9.1 9.055 9.222 9.345 9.461 9.466 9.437 9.439 9.403 9.281 9.148 9.32 9.439 9.65 9.567 9.621 8.956 8.612 8.685 8.547 9.004 9.413 9.321 9.361 9.449 9.38 9.213 9.264 9.232 9.176 9.073 8.876 9.253 9.195 9.357 9.454 9.5 9.488 9.472 9.62 9.835 10.232 10.45 -9999 10.156 10.108 9.878 9.924 9.937 9.899 9.802 9.653 9.674 9.5 9.421 9.556 9.241 9.359 9.58 9.561 9.176 9.055 9.468
-9999 -9999 -9999 -9999 -9999 -9999 -9999 -9999 -9999 -9999 -9999 -9999 9.384 9.469 9.117 9.005 9.077 9.16 9.385 9.507 9.437 9.332 9.16 9.268 9.505 9.629 9.631 9.633 9.662 9.415 9.204 9.213 9.063 8.817 9.378 9.535 8.936 9.135 9.13 8.604 8.8 8.708 8.614 8.663 8.513 8.581 8.906 9.356 9.541 9.632 9.577 9.556 9.515 9.613 9.791 9.937 10.185 10.311 -9999 10.224 -9999 10.204 -9999 10.086 -9999 9.963 9.948 9.879 9.738 9.731 9.68 9.777 -9999 -9999 -9999 9.721 9.447
-9999 -9999 -9999 -9999 -9999 -9999 -9999 -9999 -9999 -9999 -9999 -9999 9.53 9.236 8.942 8.977 8.962 8.996 8.93 9.17 8.996 8.907 8.998 9.307 9.589 9.697 9.803 9.798 9.645 9.542 9.358 9.287 9.014 9.302 9.735 9.068 9.088 9.51 9.1 8.919 8.82 8.59 8.734 8.863 8.583 8.596 8.925 9.32 9.766 9.749 9.618 9.593 9.567 9.596 9.796 9.902 10.087 10.237 -9999 -9999 10.399 10.394 -9999 -9999 10.002 9.972 9.961 -9999 -9999 -9999 -9999 -9999 -9999 -9999 -9999 -9999 -9999
-9999 -9999 -9999 -9999 -9999 -9999 -9999 -9999 -9999 -9999 -9999 9.219 9.221 9.106 9.027 9.247 9.331 9.046 9.021 8.822 8.3 8.236 8.677 8.996 9.189 9.381 9.782 9.835 9.423 9.496 9.299 8.895 8.873 9.256 9.239 9.318 9.923 9.7 9.292 8.948 8.714 9.109 9.397 9.203 9.15 9.078 9.268 9.787 10.058 9.77 9.778 9.736 9.782 9.708 9.797 -9999 -9999 -9999 10.195 -9999 -9999 -9999 -9999 -9999 -9999 9.866 -9999 -9999 -9999 -9999 -9999 -9999 -9999 -9999 -9999 -9999 -9999
-9999 -9999 -9999 -9999 -9999 -9999 -9999 -9999 -9999 -9999 9.47 8.818 8.754 9.002 9.498 9.666 9.564 9.372 9.074 8.182 7.224 7.501 8.569 8.726 8.6 9.275 9.346 9.698 9.71 9.382 9.525 9.615 9.7 -9999 -9999 -9999 -9999 -9999 9.738 9.269 9.056 9.306 9.525 9.591 9.547 9.606 9.722 9.973 -9999 9.734 -9999 -9999 -9999 -9999 -9999 9.725 9.768 9.811 9.78 9.816 10.083 -9999 -9999 -9999 -9999 -9999 -9999 -9999 -9999 -9999 -9999 -9999 -9999 -9999 -9999 -9999 -9999
-9999 -9999 -9999 -9999 -9999 -9999 -9999 -9999 -9999 10.164 9.209 8.467 8.554 9.047 9.339 9.588 9.713 9.201 8.639 7.544 6.932 7.332 7.955 8.316 8.983 8.56 9.187 9.681 9.69 9.795 -9999 -9999 -9999 -9999 -9999 -9999 -9999 -9999 -9999 -9999 9.768 9.828 9.953 9.591 9.333 9.26 9.53 9.295 9.595 -9999 -9999 -9999 -9999 -9999 -9999 -9999 9.742 9.549 9.74 9.708 -9999 -9999 -9999 -9999 -9999 -9999 -9999 -9999 -9999 -9999 -9999 -9999 -9999 -9999 -9999 -9999 -9999
-9999 -9999 -9999 -9999 -9999 -9999 -9999 10.188 10.326 9.827 9.009 8.449 8.288 8.471 9.091 9.666 9.318 8.833 8.511 7.842 7.279 7.741 8.151 8.686 8.745 9.497 9.025 9.359 -9999 -9999 -9999 -9999 -9999 -9999 -9999 -9999 -9999 -9999 -9999 -9999 -9999 10.128 -9999 -9999 -9999 -9999 -9999 9.568 9.293 -9999 -9999 -9999 -9999 -9999 -9999 -9999 -9999 -9999 9.457 9.438 -9999 -9999 -9999 -9999 -9999 -9999 -9999 -9999 -9999 -9999 -9999 -9999 -9999 -9999 -9999 -9999 -9999
-9999 -9999 -9999 -9999 -9999 -9999 10.117 -9999 9.944 9.714 9.019 8.46 8.291 8.443 9.04 9.241 8.97 9.394 9.317 8.398 7.975 8.162 8.8 9.057 9.473 9.709 9.861 10.154 -9999 -9999 -9999 -9999 -9999 -9999 -9999 -9999 -9999 -9999 -9999 -9999 -9999 -9999 10.022 -9999 -9999 -9999 -9999 -9999 -9999 -9999 -9999 -9999 -9999 -9999 -9999 -9999 -9999 -9999 -9999 -9999 -9999 -9999 -9999 -9999 -9999 -9999 -9999 -9999 -9999 -9999 -9999 -9999 -9999 -9999 -9999 -9999 -9999
-9999 -9999 -9999 -9999 -9999 10.166 10.116 9.522 9.793 9.732 9.181 8.987 8.828 8.888 9.205 9.13 9.342 -9999 9.581 8.791 8.193 7.752 8.319 9.372 9.701 10.062 10.182 -9999 -9999 -9999 -9999 -9999 -9999 -9999 -9999 -9999 -9999 -9999 -9999 -9999 -9999 -9999 -9999 -9999 -9999 -9999 -9999 -9999 -9999 -9999 -9999 -9999 -9999 -9999 -9999 -9999 -9999 -9999 -9999 -9999 -9999 -9999 -9999 -9999 -9999 -9999 -9999 -9999 -9999 -9999 -9999 -9999 -9999 -9999 -9999 -9999 -9999
-9999 -9999 -9999 -9999 -9999 10.165 9.766 9.52 9.427 9.429 9.321 9.298 9.126 9.372 9.552 9.587 10.136 10.061 9.847 9.262 8.217 7.929 8.793 9.254 9.852 10.013 9.845 -9999 -9999 -9999 -9999 -9999 -9999 -9999 -9999 -9999 -9999 -9999 -9999 -9999 -9999 -9999 -9999 -9999 -9999 -9999 -9999 -9999 -9999 -9999 -9999 -9999 -9999 -9999 -9999 -9999 -9999 -9999 -9999 -9999 -9999 -9999 -9999 -9999 -9999 -9999 -9999 -9999 -9999 -9999 -9999 -9999 -9999 -9999 -9999 -9999 -9999
-9999 -9999 -9999 -9999 10.136 10.105 9.572 9.092 9.048 9.283 9.411 9.507 9.517 9.639 9.389 9.831 10.157 10.174 9.898 9.599 9.074 8.944 9.229 9.65 9.801 9.701 -9999 -9999 -9999 -9999 -9999 -9999 -9999 -9999 -9999 -9999 -9999 -9999 -9999 -9999 -9999 -9999 -9999 -9999 -9999 -9999 -9999 -9999 -9999 -9999 -9999 -9999 -9999 -9999 -9999 -9999 -9999 -9999 -9999 -9999 -9999 -9999 -9999 -9999 -9999 -9999 -9999 -9999 -9999 -9999 -9999 -9999 -9999 -9999 -9999 -9999 -9999
