Validation/Results/raw data/ReClimate_04_2024_1_Precipitation-Actualsweatherlogisticsltd.asc
NCOLS 192
NROWS 249
XLLCENTER -225160.85627316462
YLLCENTER 29788.11610251502
CELLSIZE 5000.0
NODATA_VALUE -9999
[rows 99 to 131 of 249, columns 75 to 149 of 192]
138.249 141.795 142.332 156.807 168.447 171.036 171.653 -9999 -9999 136.937 173.307 183.32 200.005 192.398 212.596 204.443 168.709 161.356 147.567 146.175 146.393 139.14 125.243 114.784 109.336 97.248 97.489 94.933 92.433 92.916 91.415 90.64 89.775 85.343 81.623 73.486 68.805 68.887 73.005 72.281 70.628 70.942 71.174 68.05 -9999 -9999 -9999 -9999 -9999 -9999 -9999 -9999 -9999 -9999 -9999 -9999 -9999 -9999 -9999 -9999 -9999 -9999 -9999 -9999 -9999 -9999 -9999 -9999 -9999 -9999 -9999 -9999 -9999 -9999 -9999
149.113 135.541 -9999 -9999 145.987 157.705 -9999 -9999 -9999 128.024 165.152 213.291 205.886 227.827 200.041 171.491 167.451 176.029 174.81 157.844 153.628 134.916 134.256 132.842 115.017 96.594 108.101 118.531 117.353 104.388 95.678 87.031 83.59 73.22 69.885 67.581 69.73 76.945 76.997 77.498 77.525 76.479 68.913 64.877 -9999 -9999 -9999 -9999 -9999 -9999 -9999 -9999 -9999 -9999 -9999 -9999 -9999 -9999 -9999 -9999 -9999 -9999 -9999 -9999 -9999 -9999 -9999 -9999 -9999 -9999 -9999 -9999 -9999 -9999 -9999
-9999 140.183 144.644 157.403 -9999 -9999 -9999 -9999 134.063 136.041 181.344 188.655 192.974 205.148 187.447 181.8 188.08 211.133 187.526 183.606 145.225 139.664 139.952 118.247 101.415 118.049 139.981 139.253 116.518 108.225 98.392 89.993 77.407 71.001 69.984 75.164 82.621 73.999 73.947 75.928 77.27 71.854 64.218 -9999 -9999 -9999 -9999 -9999 -9999 -9999 -9999 -9999 -9999 -9999 -9999 -9999 -9999 -9999 -9999 -9999 -9999 -9999 -9999 -9999 -9999 -9999 -9999 -9999 -9999 -9999 -9999 -9999 -9999 -9999 -9999
168.834 197.741 214.557 221.865 176.126 151.94 -9999 -9999 129.171 -9999 -9999 145.259 203.02 199.418 173.465 188.717 239.327 247.105 214.988 196.605 162.932 142.814 120.51 123.613 135.209 148.829 144.274 132.063 132.669 119.811 98.249 83.489 74.824 71.832 75.784 84.405 72.767 70.426 69.982 70.517 68.589 66.609 -9999 -9999 -9999 -9999 -9999 -9999 -9999 -9999 -9999 -9999 -9999 -9999 -9999 -9999 -9999 -9999 -9999 -9999 -9999 -9999 -9999 -9999 -9999 -9999 -9999 -9999 -9999 -9999 -9999 -9999 -9999 -9999 -9999
164.003 190.028 225.645 194.762 -9999 -9999 -9999 129.89 142.648 142.043 148.889 160.366 171.669 152.816 159.875 193.979 231.254 207.107 181.755 173.053 154.903 144.836 144.444 129.365 142.559 131.593 130.237 134.128 120.037 105.169 89.563 78.889 73.947 72.172 75.905 69.211 65.736 -9999 -9999 65.378 -9999 -9999 -9999 -9999 -9999 -9999 -9999 -9999 -9999 -9999 -9999 -9999 -9999 -9999 -9999 -9999 -9999 -9999 -9999 -9999 -9999 -9999 -9999 -9999 -9999 -9999 -9999 -9999 -9999 -9999 -9999 -9999 -9999 -9999 -9999
155.706 187.276 -9999 175.58 -9999 -9999 -9999 135.856 152.444 156.549 150.826 142.16 151.319 164.972 186.665 205.394 200.611 185.487 185.337 195.649 178.844 141.203 128.172 139.73 143.429 122.566 105.205 97.351 93.101 84.769 76.63 74.494 70.565 67.982 67.783 64.141 -9999 68.962 64.873 62.75 67.112 -9999 -9999 -9999 -9999 -9999 -9999 -9999 -9999 -9999 -9999 -9999 -9999 -9999 -9999 -9999 -9999 -9999 -9999 -9999 -9999 -9999 -9999 -9999 -9999 -9999 -9999 -9999 -9999 -9999 -9999 -9999 -9999 -9999 -9999
136.884 -9999 -9999 -9999 -9999 141.163 142.846 154.178 156.981 164.529 153.894 164.086 183.539 183.589 190.086 192.608 208.85 192.226 198.071 182.391 169.273 149.85 157.386 164.906 132.814 112.686 107.674 98.866 84.953 76.176 70.094 66.482 68.017 67.908 -9999 68.539 69.064 64.739 64.774 63.301 68.428 -9999 -9999 -9999 -9999 -9999 -9999 -9999 -9999 -9999 -9999 -9999 -9999 -9999 -9999 -9999 -9999 -9999 -9999 -9999 -9999 -9999 -9999 -9999 -9999 -9999 -9999 -9999 -9999 -9999 -9999 -9999 -9999 -9999 -9999
-9999 -9999 -9999 -9999 -9999 145.633 128.96 136.844 163.518 173.659 164.604 173.504 162.928 159.672 182.177 220.266 213.732 190.381 187.536 181.375 153.21 151.175 170.202 141.659 140.759 139.043 112.567 94.146 88.744 82.643 77.359 78.418 80.097 81.879 78.73 72.166 69.353 68.296 72.89 71.486 72.934 69.275 -9999 -9999 -9999 -9999 -9999 -9999 -9999 -9999 -9999 -9999 -9999 -9999 -9999 -9999 -9999 -9999 -9999 -9999 -9999 -9999 -9999 -9999 -9999 -9999 -9999 -9999 -9999 -9999 -9999 -9999 -9999 -9999 -9999
-9999 -9999 -9999 -9999 139.624 -9999 -9999 144.317 167.642 169.202 175.215 164.313 -9999 -9999 196.498 229.135 228.197 187.187 178.2 162.408 146.134 148.852 140.84 133.027 122.268 104.487 93.35 92.888 97.804 106.434 108.242 97.54 89.876 80.612 80.593 78.168 70.339 76.871 73.718 79.187 76.343 70.717 68.091 -9999 -9999 -9999 -9999 -9999 -9999 -9999 -9999 -9999 -9999 -9999 -9999 -9999 -9999 -9999 -9999 -9999 -9999 -9999 -9999 -9999 -9999 -9999 -9999 -9999 -9999 -9999 -9999 -9999 -9999 -9999 -9999
-9999 -9999 -9999 -9999 132.211 -9999 129.863 137.502 147.847 180.211 185.385 152.414 156.154 181.561 202.885 208.938 173.4 181.34 194.167 154.34 142.648 135.267 126.03 108.331 96.449 87.362 90.706 101.205 126.224 128.915 110.258 97.607 82.072 78.397 78.726 76.124 74.545 71.783 70.02 68.714 68.483 65.983 -9999 -9999 -9999 -9999 -9999 -9999 -9999 -9999 -9999 -9999 -9999 -9999 -9999 -9999 -9999 -9999 -9999 -9999 -9999 -9999 -9999 -9999 -9999 -9999 -9999 -9999 -9999 -9999 -9999 -9999 -9999 -9999 -9999
-9999 -9999 -9999 -9999 124.798 -9999 113.435 109.497 139.29 156.317 140.876 -9999 185.313 181.799 -9999 179.675 177.142 183.742 157.272 161.077 134.048 119.039 98.483 91.623 86.368 86.862 82.581 97.48 94.348 89.238 88.168 85.212 82.104 77.428 77.847 74.352 70.909 67.797 -9999 -9999 -9999 -9999 -9999 -9999 -9999 -9999 -9999 -9999 -9999 -9999 -9999 -9999 -9999 -9999 -9999 -9999 -9999 -9999 -9999 -9999 -9999 -9999 -9999 -9999 -9999 -9999 -9999 -9999 -9999 -9999 -9999 -9999 -9999 -9999 -9999
-9999 -9999 114.077 118.033 -9999 -9999 99.724 119.979 133.981 128.202 141.544 182.62 179.546 192.309 -9999 137.329 148.663 150.198 141.525 128.024 125.965 102.67 101.164 100.638 100.783 94.187 82.829 76.606 73.259 75.895 75.889 79.192 80.811 79.017 79.691 74.563 68.603 -9999 -9999 -9999 -9999 -9999 -9999 -9999 -9999 -9999 -9999 -9999 -9999 -9999 -9999 -9999 -9999 -9999 -9999 -9999 -9999 -9999 -9999 -9999 -9999 -9999 -9999 -9999 -9999 -9999 -9999 -9999 -9999 -9999 -9999 -9999 -9999 -9999 -9999
-9999 102.273 108.805 113.466 -9999 110.136 125.742 141.659 129.24 -9999 163.674 167.114 184.743 186.352 -9999 136.603 146.354 130.469 107.991 109.975 101.755 106.934 120.451 108.042 113.429 102.321 91.744 80.445 -9999 66.21 68.113 70.752 71.922 74.77 76.519 71.842 -9999 -9999 -9999 -9999 -9999 -9999 -9999 -9999 -9999 -9999 -9999 -9999 -9999 -9999 -9999 -9999 -9999 -9999 -9999 -9999 -9999 -9999 -9999 -9999 -9999 -9999 -9999 -9999 -9999 -9999 -9999 -9999 -9999 -9999 -9999 -9999 -9999 -9999 -9999
-9999 97.008 104.675 -9999 -9999 125.17 145.563 134.949 -9999 143.199 157.71 166.621 177.794 168.487 -9999 124.619 113.38 107.053 106.177 105.888 105.376 116.145 130.132 131.453 125.392 113.6 92.492 77.566 68.066 64.031 -9999 -9999 61.883 58.694 -9999 -9999 -9999 -9999 -9999 -9999 58.42 59.838 61.11 -9999 -9999 -9999 -9999 -9999 -9999 -9999 -9999 -9999 -9999 -9999 -9999 -9999 -9999 -9999 -9999 -9999 -9999 -9999 -9999 -9999 -9999 -9999 -9999 -9999 -9999 -9999 -9999 -9999 -9999 -9999 -9999
98.219 110.953 -9999 -9999 119.962 129.231 122.435 135.761 -9999 138.345 152.516 151.398 152.572 160.853 -9999 -9999 -9999 105.971 104.481 107.802 111.41 115.184 117.862 114.031 107.228 97.012 86.757 79.244 73.999 68.994 64.331 63.459 57.286 60.699 -9999 -9999 -9999 -9999 -9999 60.21 58.249 67.712 62.402 61.198 -9999 -9999 -9999 -9999 -9999 -9999 -9999 -9999 -9999 -9999 -9999 -9999 -9999 -9999 -9999 -9999 -9999 -9999 -9999 -9999 -9999 -9999 -9999 -9999 -9999 -9999 -9999 -9999 -9999 -9999 -9999
114.128 113.275 -9999 -9999 -9999 102.483 126.636 127.746 -9999 124.297 -9999 130.128 144.679 132.525 -9999 111.467 115.255 110.827 -9999 96.271 93.618 97.198 96.211 93.717 93.825 90.061 85.349 81.811 79.699 73.85 73.387 68.848 62.536 62.647 60.783 63.028 62.776 -9999 59.572 60.037 63.948 64.521 69.954 75.526 76.942 60.655 -9999 -9999 -9999 -9999 -9999 -9999 -9999 -9999 -9999 -9999 -9999 -9999 -9999 -9999 -9999 -9999 -9999 -9999 -9999 -9999 -9999 -9999 -9999 -9999 -9999 -9999 -9999 -9999 -9999
116.119 -9999 -9999 -9999 -9999 115.918 131.975 115.431 -9999 108.318 -9999 117.402 114.332 -9999 123.137 131.691 139.195 123.005 99.429 87.979 84.171 84.468 83.713 84.709 80.003 81.482 83.216 83.15 81.233 77.07 74.336 67.534 62.61 69.253 71.18 74.111 66.376 65.876 64.293 62.532 63.489 68.667 82.015 86.526 84.387 77.9 67.527 63.248 65.318 -9999 -9999 -9999 -9999 -9999 -9999 -9999 -9999 -9999 -9999 -9999 -9999 -9999 -9999 -9999 -9999 -9999 -9999 -9999 -9999 -9999 -9999 -9999 -9999 -9999 -9999
105.548 -9999 -9999 -9999 -9999 121.181 113.026 117.134 121.542 -9999 -9999 97.964 102.457 -9999 115.619 138.946 153.144 127.635 104.382 89.44 86.348 81.901 81.412 73.873 72.543 75.278 79.311 83.777 82.943 82.148 77.087 75.089 79.329 80.902 86.659 76.864 65.812 62.572 65.405 65.111 73.698 89.003 91.537 87.511 87.176 81.884 80.267 74.465 66.185 65.076 -9999 -9999 -9999 -9999 -9999 -9999 -9999 -9999 -9999 -9999 -9999 -9999 -9999 -9999 -9999 -9999 -9999 -9999 -9999 -9999 -9999 -9999 -9999 -9999 -9999
-9999 -9999 -9999 -9999 -9999 102.941 103.457 122.618 107.603 -9999 -9999 98.626 98.069 -9999 -9999 136.658 136.01 120.922 105.515 102.463 94.738 91.177 84.376 81.934 72.124 70.847 78.079 80.239 85.91 87.255 89.38 84.576 85.846 88.27 80.831 72.7 70.772 70.684 71.427 77.277 87.936 89.899 91.188 86.024 80.953 77.217 71.982 70.446 68.938 65.668 -9999 -9999 -9999 -9999 -9999 -9999 -9999 -9999 -9999 -9999 -9999 -9999 -9999 -9999 -9999 -9999 -9999 -9999 -9999 -9999 -9999 -9999 -9999 -9999 -9999
-9999 -9999 -9999 -9999 -9999 92.391 109.477 117.385 -9999 -9999 -9999 -9999 94.107 -9999 98.601 119.641 120.372 108.523 104.24 108.35 106.334 98.382 92.913 84.982 78.098 73.699 71.16 76.515 81.398 86.227 85.098 85.204 85.489 79.59 76.55 78.132 79.476 85.498 82.362 80.828 80.123 78.09 78.214 77.998 77.201 72.545 63.953 61.149 64.913 64.4 63.708 -9999 -9999 -9999 -9999 -9999 -9999 -9999 -9999 -9999 -9999 -9999 -9999 -9999 -9999 -9999 -9999 -9999 -9999 -9999 -9999 -9999 -9999 -9999 -9999
-9999 -9999 -9999 100.614 99.013 102.183 110.457 -9999 -9999 127.854 -9999 -9999 -9999 -9999 94.563 105.566 105.48 100.995 101.716 103.635 107.0 102.955 102.046 95.332 84.104 76.067 72.456 70.722 74.499 74.694 73.128 77.176 72.7 76.325 83.938 84.881 97.305 100.306 91.252 84.275 74.216 62.017 71.993 72.136 74.677 71.431 62.419 59.288 63.364 62.651 60.784 -9999 -9999 -9999 -9999 -9999 -9999 -9999 -9999 -9999 -9999 -9999 -9999 -9999 -9999 -9999 -9999 -9999 -9999 -9999 -9999 -9999 -9999 -9999 -9999
-9999 -9999 -9999 -9999 106.271 109.051 116.082 -9999 125.524 140.657 142.409 -9999 -9999 -9999 -9999 87.871 89.401 89.633 91.19 94.79 96.578 100.222 99.589 95.47 85.683 78.011 70.436 71.706 67.821 64.919 66.152 75.41 75.99 84.369 78.072 85.667 89.499 91.909 94.364 87.646 71.434 71.288 69.381 67.085 68.12 68.072 61.062 60.249 61.772 63.889 62.45 61.664 -9999 -9999 -9999 -9999 -9999 -9999 -9999 -9999 -9999 -9999 -9999 -9999 -9999 -9999 -9999 -9999 -9999 -9999 -9999 -9999 -9999 -9999 -9999
-9999 -9999 -9999 -9999 107.242 116.918 126.783 -9999 104.949 137.164 147.418 -9999 -9999 -9999 -9999 -9999 78.282 80.589 84.321 90.367 88.064 89.014 94.019 94.764 98.391 91.005 83.937 77.112 70.619 66.994 71.338 73.345 74.607 81.805 81.282 80.134 84.709 85.319 76.678 74.718 70.553 73.316 78.046 67.95 66.01 61.022 58.993 58.421 60.814 63.82 67.693 63.759 61.38 -9999 -9999 -9999 -9999 -9999 -9999 -9999 -9999 -9999 -9999 -9999 -9999 -9999 -9999 -9999 -9999 -9999 -9999 -9999 -9999 -9999 -9999
-9999 -9999 -9999 -9999 112.542 127.77 -9999 -9999 95.306 127.677 143.998 119.871 -9999 -9999 -9999 -9999 -9999 72.93 82.829 86.394 86.088 96.033 104.822 105.296 105.346 98.338 94.029 86.277 82.895 77.413 78.644 80.798 89.28 88.308 100.651 90.777 95.651 84.06 88.764 83.248 73.025 75.571 65.999 63.084 61.252 62.085 64.205 67.495 64.134 66.078 66.515 70.93 64.857 61.415 58.404 -9999 -9999 -9999 -9999 -9999 -9999 -9999 -9999 -9999 -9999 -9999 -9999 -9999 -9999 -9999 -9999 -9999 -9999 -9999 -9999
-9999 -9999 -9999 -9999 122.748 106.395 -9999 -9999 105.446 126.433 127.419 -9999 -9999 -9999 -9999 -9999 -9999 69.956 75.118 79.034 80.503 89.923 91.266 95.304 97.416 96.862 98.395 91.195 87.997 87.551 96.822 109.15 101.045 112.597 115.77 109.98 92.363 91.966 86.68 76.019 73.868 70.128 65.864 66.38 66.658 64.372 64.733 71.971 82.167 80.462 70.97 70.37 70.132 65.387 60.388 -9999 -9999 -9999 -9999 -9999 -9999 -9999 -9999 -9999 -9999 -9999 -9999 -9999 -9999 -9999 -9999 -9999 -9999 -9999 -9999
-9999 -9999 -9999 -9999 113.877 99.307 -9999 -9999 -9999 105.159 108.966 101.151 -9999 -9999 -9999 -9999 -9999 67.3 71.473 72.669 75.113 79.665 83.252 94.267 105.045 109.889 99.816 98.058 91.842 88.884 98.054 102.575 107.834 127.345 118.707 104.637 102.835 93.559 82.807 81.706 75.003 72.836 68.75 64.939 68.417 67.268 70.835 84.244 100.235 94.394 80.497 71.735 71.551 70.079 63.094 -9999 -9999 -9999 -9999 -9999 -9999 -9999 -9999 -9999 -9999 -9999 -9999 -9999 -9999 -9999 -9999 -9999 -9999 -9999 -9999
-9999 -9999 -9999 129.342 112.305 101.107 -9999 -9999 -9999 -9999 -9999 -9999 -9999 -9999 -9999 -9999 -9999 74.631 77.649 76.622 77.68 81.892 85.663 94.541 103.535 108.756 106.141 106.08 109.129 104.636 109.046 113.057 128.549 133.576 131.157 127.766 114.192 101.093 94.894 82.429 79.9 72.637 69.312 70.78 68.739 73.15 81.339 98.985 100.812 96.262 78.8 68.235 67.055 66.601 62.385 56.461 -9999 -9999 -9999 -9999 -9999 -9999 -9999 -9999 -9999 -9999 -9999 -9999 -9999 -9999 -9999 -9999 -9999 -9999 -9999
-9999 -9999 132.787 128.81 117.869 97.914 -9999 -9999 -9999 -9999 -9999 -9999 -9999 -9999 -9999 80.341 78.18 79.533 84.988 88.613 97.302 100.644 109.217 107.266 102.405 96.039 106.958 120.78 120.158 122.701 120.106 113.397 113.852 135.785 128.283 125.633 113.909 105.68 93.155 81.866 75.717 79.976 79.502 72.031 71.595 78.444 88.474 87.868 94.874 93.375 79.918 66.071 63.591 67.598 64.49 57.673 -9999 -9999 -9999 -9999 -9999 -9999 -9999 -9999 -9999 -9999 -9999 -9999 -9999 -9999 -9999 -9999 -9999 -9999 -9999
-9999 -9999 129.824 111.502 94.963 -9999 -9999 -9999 -9999 -9999 -9999 -9999 -9999 -9999 -9999 80.827 78.544 81.41 94.409 103.62 104.882 122.876 133.274 125.568 114.225 112.891 108.385 111.316 122.0 128.738 122.094 108.225 113.78 122.759 132.046 122.986 119.295 107.833 97.776 85.283 86.009 87.06 82.226 79.688 87.547 92.93 91.44 86.821 82.74 80.256 73.868 73.175 72.599 68.775 65.309 57.127 -9999 -9999 -9999 -9999 -9999 -9999 -9999 -9999 -9999 -9999 -9999 -9999 -9999 -9999 -9999 -9999 -9999 -9999 -9999
-9999 -9999 -9999 -9999 -9999 -9999 -9999 -9999 -9999 -9999 -9999 -9999 -9999 -9999 -9999 82.965 82.612 98.723 106.77 109.958 114.543 132.359 139.031 144.049 130.742 115.604 109.131 112.239 121.194 140.988 131.006 107.643 106.062 116.723 125.761 124.062 118.451 114.959 102.496 105.019 106.999 99.536 98.279 99.847 98.402 84.648 84.757 80.616 79.951 79.666 70.363 67.576 68.165 66.747 63.432 58.64 -9999 -9999 -9999 -9999 -9999 -9999 -9999 -9999 -9999 -9999 -9999 -9999 -9999 -9999 -9999 -9999 -9999 -9999 -9999
-9999 -9999 -9999 -9999 -9999 -9999 -9999 -9999 -9999 -9999 -9999 -9999 -9999 -9999 88.559 95.298 105.635 115.95 131.842 115.251 118.396 126.774 142.217 136.492 127.85 117.201 111.238 99.317 105.846 115.705 117.079 106.993 100.385 108.979 117.639 120.785 117.309 114.588 117.15 114.255 122.578 108.805 102.825 112.033 95.068 93.534 85.225 73.402 79.179 79.309 78.688 69.472 65.326 62.375 61.385 58.897 -9999 -9999 -9999 -9999 -9999 -9999 -9999 -9999 -9999 -9999 -9999 -9999 -9999 -9999 -9999 -9999 -9999 -9999 -9999
-9999 -9999 -9999 -9999 -9999 -9999 -9999 -9999 -9999 -9999 -9999 -9999 -9999 -9999 98.058 107.097 116.918 140.119 131.974 121.862 122.593 136.769 124.837 122.147 117.388 115.715 106.625 91.411 93.162 111.812 120.489 104.35 95.2 101.882 108.385 108.766 111.45 119.872 105.438 122.015 113.091 103.858 115.756 100.799 97.525 89.832 77.496 78.378 74.148 73.003 77.433 73.787 71.931 68.897 63.398 58.884 -9999 -9999 -9999 -9999 -9999 -9999 -9999 -9999 -9999 -9999 -9999 -9999 -9999 -9999 -9999 -9999 -9999 -9999 -9999
-9999 -9999 -9999 -9999 -9999 -9999 -9999 -9999 -9999 -9999 -9999 -9999 -9999 95.325 110.046 114.115 132.272 135.329 138.907 146.151 143.158 132.527 118.245 110.84 109.938 111.927 109.88 97.826 96.17 114.843 121.66 96.311 88.661 94.91 105.104 107.259 118.748 106.473 107.669 113.4 101.315 112.615 107.731 93.522 86.947 78.385 81.854 78.613 73.284 75.377 72.83 68.086 74.08 73.998 65.454 58.876 55.725 -9999 -9999 -9999 -9999 -9999 -9999 -9999 -9999 -9999 -9999 -9999 -9999 -9999 -9999 -9999 -9999 -9999 -9999
