Validation/Results/raw data/ReClimate_10_2024_2_Temperatureweatherlogisticsltd.asc
NCOLS 192
NROWS 249
XLLCENTER -225160.85627316462
YLLCENTER 29788.11610251502
CELLSIZE 5000.0
NODATA_VALUE -9999
[rows 204 to 237 of 249, columns 75 to 149 of 192]
-9999 -9999 -9999 -9999 -0.043 -9999 -0.06 -0.077 -0.077 -0.073 -0.075 -0.074 -0.075 -0.071 -0.073 -0.077 -0.079 -0.082 -0.089 -0.098 -0.1 -0.101 -0.1 -0.095 -0.104 -0.111 -0.105 -0.096 -0.106 -0.115 -0.113 -0.108 -0.105 -0.099 -0.089 -0.074 -0.08 -0.086 -0.074 -0.056 -0.053 -0.048 -0.048 -0.047 -0.044 -0.038 -0.029 -0.015 -0.012 -0.007 0.0 0.011 0.017 0.027 0.041 0.059 0.074 0.094 0.108 0.127 0.138 0.153 0.175 0.2 0.204 0.207 0.205 0.206 0.218 0.236 0.236 0.239 0.243 0.25 0.242
-9999 -9999 -9999 -9999 -9999 -9999 -9999 -9999 -0.076 -0.092 -0.092 -0.084 -0.082 -0.069 -0.069 -0.066 -0.07 -0.078 -0.087 -0.103 -0.101 -0.092 -0.095 -0.102 -0.102 -0.082 -0.08 -0.085 -0.09 -0.087 -0.084 -0.078 -0.079 -0.088 -0.082 -0.081 -0.084 -0.081 -0.073 -0.069 -0.063 -0.042 -0.042 -0.041 -0.033 -0.017 -0.01 -0.005 -0.003 0.0 0.009 0.027 0.023 0.027 0.042 0.06 0.077 0.098 0.096 0.105 0.127 0.147 0.171 0.194 0.197 0.199 0.2 0.201 0.206 0.219 0.223 0.227 0.224 0.225 0.227
-9999 -9999 -9999 -9999 -9999 -9999 -9999 -9999 -0.078 -0.094 -0.09 -0.083 -0.076 -0.063 -0.061 -0.057 -0.063 -0.07 -0.083 -0.098 -0.09 -0.08 -0.089 -0.096 -0.082 -0.062 -0.068 -0.072 -0.071 -0.068 -0.065 -0.058 -0.067 -0.074 -0.075 -0.074 -0.073 -0.069 -0.068 -0.065 -0.051 -0.032 -0.032 -0.029 -0.016 0.0 0.003 0.008 0.009 0.012 0.025 0.043 0.04 0.037 0.051 0.07 0.085 0.108 0.106 0.106 0.126 0.153 0.173 0.197 0.198 0.202 0.202 0.205 0.21 0.219 0.223 0.23 0.226 0.224 0.224
-9999 -9999 -9999 -9999 -9999 -9999 -0.048 -0.06 -0.075 -0.104 -9999 -0.082 -0.075 -0.056 -0.046 -0.031 -0.036 -9999 -0.057 -0.067 -0.063 -0.067 -0.071 -0.069 -0.064 -0.075 -0.082 -0.086 -0.084 -0.075 -0.073 -0.069 -0.077 -0.081 -0.079 -0.067 -0.067 -0.065 -0.065 -0.06 -0.053 -0.053 -0.05 -0.029 -0.018 -0.007 -0.0 0.017 0.019 0.024 0.038 0.057 0.055 0.053 0.061 0.076 0.089 0.108 0.105 0.104 0.109 0.124 0.149 0.174 0.175 0.176 0.18 0.184 0.194 0.205 0.211 0.218 0.221 0.222 0.216
-9999 -9999 -9999 -9999 -9999 -9999 -0.048 -9999 -9999 -9999 -0.091 -0.077 -0.067 -9999 -9999 -9999 -9999 -9999 -0.043 -0.049 -0.053 -0.056 -0.054 -0.05 -0.061 -0.072 -0.078 -0.083 -0.077 -0.069 -0.068 -0.065 -0.07 -0.075 -0.067 -0.056 -0.056 -0.055 -0.054 -0.05 -0.052 -0.053 -0.04 -0.02 -0.012 -0.001 0.012 0.029 0.032 0.037 0.051 0.071 0.069 0.068 0.076 0.087 0.1 0.117 0.114 0.112 0.115 0.12 0.141 0.171 0.171 0.173 0.177 0.183 0.192 0.206 0.211 0.22 0.223 0.228 0.222
-9999 -9999 -9999 -9999 -9999 -9999 -9999 -9999 -0.054 -0.072 -0.064 -0.07 -0.054 -9999 -9999 -9999 -9999 -9999 -9999 -9999 -9999 -0.063 -0.054 -0.03 -0.039 -0.052 -0.058 -0.063 -0.066 -0.084 -0.079 -0.058 -0.061 -0.059 -0.055 -0.055 -0.054 -0.045 -0.05 -0.066 -0.065 -0.051 -0.04 -0.026 -0.017 0.002 0.011 0.017 0.023 0.04 0.048 0.062 0.063 0.063 0.072 0.084 0.092 0.105 0.117 0.122 0.128 0.135 0.144 0.165 0.165 0.166 0.177 0.188 0.191 0.2 0.205 0.213 0.21 0.21 0.211
-9999 -9999 -9999 -9999 -9999 -9999 -9999 -9999 -9999 -0.057 -9999 -9999 -9999 -9999 -9999 -9999 -9999 -9999 -9999 -0.047 -0.052 -0.06 -0.04 -0.016 -0.026 -0.038 -0.042 -0.046 -0.063 -0.081 -0.066 -0.047 -0.047 -0.045 -0.047 -0.047 -0.041 -0.033 -0.047 -0.064 -0.054 -0.041 -9999 -0.02 -0.006 0.012 0.015 0.021 0.033 0.049 0.057 0.068 0.068 0.07 0.078 0.091 0.098 0.108 0.117 0.13 0.136 0.145 0.155 0.168 0.169 0.169 0.18 0.196 0.199 0.205 0.21 0.218 0.214 0.211 0.211
-9999 -9999 -9999 -9999 -9999 -9999 -9999 -9999 -9999 -9999 -9999 -9999 -9999 -9999 -9999 -9999 -9999 -9999 -9999 -0.044 -0.047 -0.052 -0.034 -9999 -9999 -9999 -0.041 -0.06 -0.072 -0.075 -0.067 -0.06 -0.058 -0.046 -0.051 -0.056 -0.053 -0.049 -0.058 -0.051 -0.039 -9999 -0.026 -0.005 0.003 0.002 0.006 0.014 0.025 0.04 0.047 0.059 0.065 0.07 0.076 0.085 0.102 0.117 0.109 0.112 0.118 0.127 0.137 0.149 0.169 0.18 0.182 0.192 0.193 0.197 0.201 0.207 0.217 0.221 0.221
-9999 -9999 -9999 -9999 -9999 -9999 -9999 -9999 -9999 -9999 -9999 -9999 -9999 -9999 -9999 -9999 -9999 -9999 -9999 -9999 -9999 -9999 -9999 -9999 -9999 -9999 -0.042 -0.059 -0.063 -0.065 -0.062 -0.056 -0.049 -0.039 -0.046 -0.051 -0.05 -0.046 -0.045 -9999 -9999 -0.026 -0.012 0.009 0.008 0.007 0.013 0.02 0.031 0.045 0.053 0.065 0.07 0.078 0.081 0.088 0.103 0.124 0.117 0.111 0.117 0.126 0.135 0.147 0.166 0.189 0.191 0.196 0.197 0.201 0.204 0.21 0.219 0.232 0.231
-9999 -9999 -9999 -9999 -9999 -9999 -9999 -9999 -9999 -9999 -9999 -9999 -9999 -9999 -9999 -9999 -9999 -9999 -9999 -9999 -9999 -9999 -9999 -9999 -9999 -9999 -0.042 -0.052 -0.049 -0.051 -0.047 -0.041 -0.042 -0.055 -0.055 -0.034 -9999 -9999 -9999 -9999 -9999 -0.024 -0.014 -0.005 -0.003 0.009 0.017 0.036 0.045 0.051 0.056 0.056 0.055 0.059 0.07 0.081 0.09 0.107 0.11 0.109 0.108 0.112 0.126 0.141 0.156 0.177 0.165 0.16 0.18 0.194 0.196 0.2 0.211 0.224 0.224
-9999 -9999 -9999 -9999 -9999 -9999 -9999 -9999 -9999 -9999 -9999 -9999 -9999 -9999 -9999 -9999 -9999 -9999 -9999 -9999 -9999 -9999 -9999 -9999 -9999 -9999 -9999 -9999 -0.039 -0.039 -0.035 -0.029 -0.042 -0.056 -0.035 -9999 -9999 -9999 -9999 -0.025 -0.018 -0.014 -0.01 -0.002 0.007 0.018 0.032 0.05 0.054 0.058 0.057 0.058 0.057 0.057 0.067 0.083 0.092 0.106 0.109 0.114 0.113 0.113 0.125 0.144 0.158 0.177 0.165 0.153 0.171 0.197 0.198 0.201 0.212 0.226 0.226
-9999 -9999 -9999 -9999 -9999 -9999 -9999 -9999 -9999 -9999 -9999 -9999 -9999 -9999 -9999 -9999 -9999 -9999 -9999 -9999 -9999 -9999 -9999 -9999 -9999 -9999 -9999 -9999 -9999 -0.03 -0.026 -0.033 -0.035 -0.033 -9999 -9999 -9999 -9999 -0.031 -0.022 -0.024 -0.028 -0.024 -0.009 -0.0 0.016 0.025 0.033 0.041 0.068 0.064 0.055 0.055 0.056 0.057 0.066 0.079 0.094 0.1 0.107 0.111 0.114 0.122 0.137 0.151 0.168 0.166 0.159 0.166 0.184 0.198 0.208 0.211 0.222 0.218
-9999 -9999 -9999 -9999 -9999 -9999 -9999 -9999 -9999 -9999 -9999 -9999 -9999 -9999 -9999 -9999 -9999 -9999 -9999 -9999 -9999 -9999 -9999 -9999 -9999 -9999 -9999 -9999 -9999 -9999 -9999 -9999 -9999 -9999 -9999 -9999 -9999 -0.038 -0.027 -0.018 -0.023 -0.028 -0.02 -0.007 0.005 0.02 0.024 0.03 0.05 0.076 0.068 0.059 0.059 0.061 0.062 0.066 0.077 0.095 0.101 0.11 0.113 0.12 0.128 0.14 0.153 0.17 0.167 0.166 0.173 0.184 0.197 0.214 0.218 0.224 0.22
-9999 -9999 -9999 -9999 -9999 -9999 -9999 -9999 -9999 -9999 -9999 -9999 -9999 -9999 -9999 -9999 -9999 -9999 -9999 -9999 -9999 -9999 -9999 -9999 -9999 -9999 -9999 -9999 -9999 -9999 -9999 -9999 -9999 -9999 -9999 -9999 -0.039 -0.045 -0.038 -0.022 -0.031 -0.043 -0.033 -0.007 -0.0 0.001 0.005 0.013 0.029 0.047 0.043 0.049 0.046 0.045 0.056 0.066 0.073 0.087 0.095 0.104 0.107 0.113 0.125 0.139 0.141 0.151 0.154 0.155 0.156 0.163 0.177 0.194 0.204 0.213 0.219
-9999 -9999 -9999 -9999 -9999 -9999 -9999 -9999 -9999 -9999 -9999 -9999 -9999 -9999 -9999 -9999 -9999 -9999 -9999 -9999 -9999 -9999 -9999 -9999 -9999 -9999 -9999 -9999 -9999 -9999 -9999 -9999 -9999 -9999 -9999 -9999 -0.041 -0.042 -0.032 -0.018 -0.029 -0.042 -0.025 -0.001 -0.001 -0.001 0.004 0.011 0.024 0.041 0.045 0.051 0.047 0.045 0.055 0.071 0.078 0.089 0.096 0.108 0.11 0.115 0.127 0.143 0.145 0.148 0.15 0.156 0.157 0.16 0.173 0.191 0.2 0.214 0.219
-9999 -9999 -9999 -9999 -9999 -9999 -9999 -9999 -9999 -9999 -9999 -9999 -9999 -9999 -9999 -9999 -9999 -9999 -9999 -9999 -9999 -9999 -9999 -0.05 -0.054 -0.038 -0.039 -9999 -0.032 -9999 -9999 -9999 -9999 -9999 -9999 -9999 -9999 -0.044 -0.033 -0.014 -0.02 -0.017 -0.012 -0.023 -0.019 0.003 0.003 -0.005 0.008 0.028 0.033 0.039 0.041 0.041 0.048 0.062 0.065 0.072 0.081 0.092 0.094 0.098 0.106 0.119 0.114 0.111 0.133 0.149 0.15 0.153 0.16 0.174 0.185 0.2 0.204
-9999 -9999 -9999 -9999 -9999 -9999 -9999 -9999 -9999 -9999 -9999 -9999 -9999 -9999 -9999 -9999 -9999 -9999 -9999 -9999 -0.081 -0.087 -0.072 -0.052 -0.049 -0.038 -0.037 -0.032 -0.033 -0.033 -0.03 -9999 -9999 -0.039 -0.04 -0.038 -0.039 -0.038 -0.024 -0.006 -0.004 -0.0 -0.014 -0.027 -0.011 0.009 0.002 -0.006 0.009 0.028 0.032 0.04 0.041 0.045 0.052 0.064 0.066 0.071 0.079 0.091 0.093 0.097 0.105 0.115 0.109 0.102 0.122 0.151 0.152 0.155 0.162 0.173 0.183 0.199 0.203
-9999 -9999 -9999 -9999 -9999 -9999 -9999 -9999 -9999 -9999 -9999 -9999 -9999 -9999 -9999 -9999 -9999 -9999 -9999 -0.081 -0.086 -0.09 -0.081 -0.061 -0.062 -0.061 -0.06 -0.043 -0.047 -0.04 -0.045 -0.051 -0.061 -0.056 -0.062 -0.057 -0.056 -0.048 -0.037 -0.022 -0.021 -0.017 -0.028 -0.029 -0.018 -0.012 -0.014 -0.002 0.006 0.009 0.014 0.026 0.037 0.046 0.054 0.065 0.052 0.048 0.061 0.075 0.087 0.097 0.099 0.105 0.116 0.121 0.12 0.136 0.143 0.149 0.157 0.168 0.182 0.198 0.214
-9999 -9999 -9999 -9999 -9999 -9999 -9999 -9999 -9999 -9999 -9999 -9999 -9999 -9999 -9999 -9999 -9999 -9999 -9999 -0.086 -0.077 -0.087 -0.076 -0.06 -0.063 -0.065 -0.055 -0.042 -0.04 -0.036 -0.046 -0.056 -0.057 -0.056 -0.057 -0.057 -0.052 -0.045 -0.036 -0.023 -0.021 -0.017 -0.022 -0.023 -0.02 -0.015 -0.007 0.004 0.004 0.006 0.014 0.026 0.036 0.052 0.059 0.071 0.058 0.045 0.057 0.075 0.085 0.101 0.103 0.106 0.116 0.132 0.132 0.135 0.142 0.152 0.16 0.172 0.184 0.203 0.218
-9999 -9999 -9999 -9999 -9999 -9999 -9999 -9999 -9999 -9999 -9999 -9999 -9999 -9999 -9999 -9999 -9999 -9999 -9999 -0.072 -0.07 -0.072 -0.067 -0.067 -0.071 -0.077 -0.071 -0.065 -0.062 -0.052 -0.06 -0.062 -0.062 -0.058 -0.062 -0.066 -0.062 -0.051 -0.043 -0.028 -0.026 -0.017 -0.021 -0.02 -0.017 -0.008 0.0 0.01 0.008 0.005 0.012 0.019 0.03 0.045 0.051 0.061 0.063 0.058 0.054 0.061 0.073 0.088 0.103 0.113 0.125 0.142 0.139 0.141 0.141 0.148 0.176 0.2 0.189 0.193 0.191
-9999 -9999 -9999 -9999 -9999 -9999 -9999 -9999 -9999 -9999 -9999 -9999 -9999 -9999 -9999 -0.072 -0.08 -9999 -0.084 -0.061 -0.062 -0.062 -0.064 -0.065 -0.071 -0.077 -0.074 -0.069 -0.061 -0.052 -0.055 -0.058 -0.056 -0.052 -0.059 -0.064 -0.057 -0.047 -0.038 -0.024 -0.019 -0.011 -0.013 -0.013 -0.009 0.0 0.007 0.017 0.013 0.01 0.015 0.023 0.032 0.047 0.053 0.062 0.064 0.068 0.064 0.061 0.072 0.089 0.102 0.12 0.131 0.149 0.147 0.147 0.148 0.151 0.178 0.214 0.205 0.195 0.192
-9999 -9999 -9999 -9999 -9999 -9999 -9999 -9999 -9999 -9999 -9999 -9999 -9999 -9999 -9999 -0.073 -0.086 -0.095 -0.092 -0.085 -0.086 -0.073 -0.078 -0.084 -0.088 -0.084 -0.086 -0.091 -0.084 -0.068 -0.072 -0.07 -0.068 -0.058 -0.064 -0.07 -0.065 -0.055 -0.048 -0.041 -0.039 -0.035 -0.037 -0.033 -0.027 -0.005 -0.001 -0.0 -0.001 0.006 0.01 0.017 0.033 0.052 0.046 0.048 0.049 0.052 0.065 0.072 0.075 0.085 0.092 0.105 0.131 0.156 0.152 0.151 0.163 0.173 0.176 0.197 0.202 0.2 0.204
-9999 -9999 -9999 -9999 -9999 -9999 -9999 -9999 -9999 -9999 -9999 -9999 -9999 -9999 -0.058 -0.068 -0.079 -0.091 -0.091 -0.089 -0.082 -0.071 -0.08 -0.087 -0.085 -0.082 -0.089 -0.095 -0.084 -0.069 -0.07 -0.069 -0.063 -0.054 -0.06 -0.065 -0.06 -0.051 -0.048 -0.042 -0.042 -0.039 -0.038 -0.036 -0.022 -0.003 -0.003 -0.002 0.002 0.009 0.014 0.021 0.036 0.059 0.053 0.048 0.048 0.052 0.062 0.081 0.084 0.088 0.094 0.104 0.129 0.162 0.159 0.156 0.168 0.184 0.188 0.194 0.199 0.206 0.211
-9999 -9999 -9999 -9999 -9999 -9999 -9999 -9999 -9999 -9999 -9999 -9999 -9999 -9999 -9999 -0.081 -0.09 -0.089 -0.092 -0.1 -0.097 -0.092 -0.096 -0.083 -0.082 -0.078 -0.081 -0.074 -0.066 -0.063 -0.061 -0.051 -0.05 -0.059 -0.065 -0.069 -0.067 -0.066 -0.058 -0.031 -0.033 -0.036 -0.038 -0.044 -0.038 -0.032 -0.029 -0.008 -0.005 -0.003 0.004 0.012 0.019 0.035 0.047 0.051 0.053 0.057 0.082 -9999 0.102 0.102 0.11 0.121 0.118 0.133 0.15 0.158 0.165 0.179 0.18 0.184 0.199 0.217 0.224
-9999 -9999 -9999 -9999 -9999 -9999 -9999 -9999 -9999 -9999 -9999 -9999 -9999 -9999 -0.064 -0.08 -0.081 -0.08 -0.089 -0.098 -0.097 -0.093 -0.086 -0.074 -0.074 -0.072 -0.067 -0.06 -0.058 -0.056 -0.048 -0.038 -0.046 -0.055 -0.06 -0.064 -0.065 -0.065 -0.046 -0.022 -0.026 -0.029 -0.035 -0.041 -0.042 -0.039 -0.026 -0.006 -0.005 -0.004 0.003 0.014 0.021 0.031 0.042 0.058 0.06 0.064 0.089 0.123 -9999 0.111 -9999 0.131 -9999 0.127 -9999 0.163 0.17 0.18 0.182 0.185 0.199 0.227 -9999
-9999 -9999 -9999 -9999 -9999 -9999 -9999 -9999 -9999 -9999 -9999 -9999 -9999 -9999 -0.055 -0.081 -0.083 -0.081 -0.09 -0.096 -0.097 -0.097 -0.087 -0.064 -0.068 -0.077 -0.077 -0.078 -0.075 -0.068 -0.062 -0.056 -0.06 -0.053 -0.053 -0.043 -0.041 -0.033 -0.023 -0.026 -0.03 -0.032 -0.037 -0.039 -0.041 -0.044 -0.031 -0.006 -0.0 0.015 0.018 0.012 0.02 0.032 0.048 0.067 0.07 0.08 0.084 0.103 -9999 -9999 0.112 0.12 -9999 -9999 0.16 0.184 0.192 -9999 -9999 -9999 -9999 -9999 -9999
-9999 -9999 -9999 -9999 -9999 -9999 -9999 -9999 -9999 -9999 -9999 -9999 -9999 -0.038 -0.053 -0.075 -0.076 -0.074 -0.082 -0.088 -0.09 -0.091 -0.075 -0.054 -0.062 -0.071 -0.076 -0.079 -0.076 -0.068 -0.064 -0.058 -0.053 -0.046 -0.039 -0.029 -0.023 -0.015 -0.019 -0.023 -0.026 -0.027 -0.031 -0.033 -0.037 -0.041 -0.025 -0.002 0.01 0.026 0.021 0.016 0.023 0.036 0.052 0.075 0.078 -9999 -9999 -9999 0.108 -9999 -9999 -9999 -9999 -9999 -9999 0.191 -9999 -9999 -9999 -9999 -9999 -9999 -9999
-9999 -9999 -9999 -9999 -9999 -9999 -9999 -9999 -9999 -9999 -9999 -9999 -0.021 -0.024 -0.045 -0.072 -0.077 -0.089 -0.091 -0.077 -0.076 -0.066 -0.062 -0.073 -0.077 -0.065 -0.068 -0.066 -0.061 -0.052 -0.049 -0.048 -0.042 -0.033 -0.022 -9999 -9999 -9999 -9999 -9999 0.002 -0.006 -0.013 -0.046 -0.047 -0.037 -0.024 -0.006 0.003 0.016 -9999 0.027 -9999 -9999 -9999 -9999 -9999 0.088 0.091 0.081 0.089 0.105 0.116 -9999 -9999 -9999 -9999 -9999 -9999 -9999 -9999 -9999 -9999 -9999 -9999
-9999 -9999 -9999 -9999 -9999 -9999 -9999 -9999 -9999 -9999 -9999 -0.004 -0.009 -0.015 -0.038 -0.064 -0.075 -0.088 -0.079 -0.066 -0.059 -0.049 -0.062 -0.075 -0.067 -0.055 -0.055 -0.052 -0.047 -0.038 -0.038 -0.037 -9999 -9999 -9999 -9999 -9999 -9999 -9999 -9999 -9999 -9999 -0.021 -0.046 -0.04 -0.031 -0.019 -0.003 0.003 0.013 0.024 -9999 -9999 -9999 -9999 -9999 -9999 -9999 0.087 0.078 0.085 0.099 -9999 -9999 -9999 -9999 -9999 -9999 -9999 -9999 -9999 -9999 -9999 -9999 -9999
-9999 -9999 -9999 -9999 -9999 -9999 -9999 -9999 -9999 -0.009 -0.003 -0.013 -0.02 -0.026 -0.043 -0.051 -0.058 -0.059 -0.056 -0.065 -0.062 -0.061 -0.066 -0.052 -0.047 -0.048 -0.048 -0.046 -0.043 -0.039 -9999 -9999 -9999 -9999 -9999 -9999 -9999 -9999 -9999 -9999 -9999 -9999 -9999 0.002 -9999 -9999 -9999 -9999 -9999 0.028 0.041 -9999 -9999 -9999 -9999 -9999 -9999 -9999 -9999 -9999 0.089 0.103 -9999 -9999 -9999 -9999 -9999 -9999 -9999 -9999 -9999 -9999 -9999 -9999 -9999
-9999 -9999 -9999 -9999 -9999 -9999 -9999 -9999 -0.018 -9999 -0.013 -0.014 -0.019 -0.024 -0.031 -0.039 -0.04 -0.04 -0.049 -0.058 -0.059 -0.059 -0.049 -0.036 -0.038 -0.039 -0.039 -0.037 -0.037 -0.032 -9999 -9999 -9999 -9999 -9999 -9999 -9999 -9999 -9999 -9999 -9999 -9999 -9999 -9999 0.017 -9999 -9999 -9999 -9999 -9999 -9999 -9999 -9999 -9999 -9999 -9999 -9999 -9999 -9999 -9999 -9999 -9999 -9999 -9999 -9999 -9999 -9999 -9999 -9999 -9999 -9999 -9999 -9999 -9999 -9999
-9999 -9999 -9999 -9999 -9999 -9999 -9999 -0.028 -0.02 -0.042 -0.042 -0.032 -0.033 -0.027 -0.032 -0.031 -0.031 -0.027 -0.042 -9999 -0.07 -0.064 -0.059 -0.052 -0.054 -0.047 -0.046 -0.038 -0.037 -9999 -9999 -9999 -9999 -9999 -9999 -9999 -9999 -9999 -9999 -9999 -9999 -9999 -9999 -9999 -9999 -9999 -9999 -9999 -9999 -9999 -9999 -9999 -9999 -9999 -9999 -9999 -9999 -9999 -9999 -9999 -9999 -9999 -9999 -9999 -9999 -9999 -9999 -9999 -9999 -9999 -9999 -9999 -9999 -9999 -9999
-9999 -9999 -9999 -9999 -9999 -9999 -9999 -0.03 -0.042 -0.05 -0.044 -0.035 -0.03 -0.024 -0.023 -0.022 -0.019 -0.015 -0.039 -0.066 -0.064 -0.06 -0.058 -0.052 -0.05 -0.044 -0.039 -0.031 -0.028 -9999 -9999 -9999 -9999 -9999 -9999 -9999 -9999 -9999 -9999 -9999 -9999 -9999 -9999 -9999 -9999 -9999 -9999 -9999 -9999 -9999 -9999 -9999 -9999 -9999 -9999 -9999 -9999 -9999 -9999 -9999 -9999 -9999 -9999 -9999 -9999 -9999 -9999 -9999 -9999 -9999 -9999 -9999 -9999 -9999 -9999
-9999 -9999 -9999 -9999 -9999 -9999 -0.034 -0.05 -0.049 -0.026 -0.02 -0.014 -0.012 -0.014 -0.011 -0.006 -0.004 -0.006 -0.024 -0.036 -0.038 -0.051 -0.051 -0.051 -0.048 -0.038 -0.037 -0.039 -9999 -9999 -9999 -9999 -9999 -9999 -9999 -9999 -9999 -9999 -9999 -9999 -9999 -9999 -9999 -9999 -9999 -9999 -9999 -9999 -9999 -9999 -9999 -9999 -9999 -9999 -9999 -9999 -9999 -9999 -9999 -9999 -9999 -9999 -9999 -9999 -9999 -9999 -9999 -9999 -9999 -9999 -9999 -9999 -9999 -9999 -9999
