Validation/Results/raw data/ReClimate_05_2024_2_Temperature.asc
NCOLS 192
NROWS 249
XLLCENTER -225160.85627316462
YLLCENTER 29788.11610251502
CELLSIZE 5000.0
NODATA_VALUE -9999
[rows 204 to 237 of 249, columns 77 to 153 of 192]
-9999 -9999 -0.179 -9999 -0.178 -0.174 -0.163 -0.152 -0.153 -0.155 -0.142 -0.124 -0.126 -0.129 -0.113 -0.094 -0.096 -0.097 -0.087 -0.077 -0.065 -0.051 -0.044 -0.037 -0.036 -0.033 -0.016 0.006 0.015 0.027 0.027 0.026 0.032 0.039 0.044 0.048 0.053 0.059 0.066 0.075 0.082 0.09 0.099 0.11 0.107 0.105 0.11 0.117 0.125 0.136 0.142 0.149 0.153 0.157 0.169 0.184 0.191 0.2 0.207 0.216 0.225 0.236 0.238 0.238 0.256 0.279 0.286 0.293 0.287 0.279 0.282 0.284 0.292 0.304 0.312 0.322 0.321
-9999 -9999 -9999 -9999 -9999 -9999 -0.165 -0.156 -0.151 -0.137 -0.125 -0.114 -0.113 -0.113 -0.102 -0.097 -0.096 -0.086 -0.08 -0.079 -0.069 -0.059 -0.053 -0.044 -0.037 -0.02 -0.009 -0.006 0.006 0.027 0.025 0.019 0.025 0.035 0.039 0.045 0.049 0.056 0.062 0.071 0.076 0.084 0.093 0.102 0.102 0.105 0.112 0.124 0.129 0.128 0.136 0.144 0.158 0.168 0.173 0.184 0.195 0.206 0.218 0.229 0.224 0.225 0.23 0.231 0.254 0.279 0.278 0.28 0.284 0.282 0.284 0.286 0.29 0.298 0.298 0.303 0.292
-9999 -9999 -9999 -9999 -9999 -9999 -0.16 -0.151 -0.139 -0.125 -0.116 -0.105 -0.102 -0.101 -0.097 -0.094 -0.085 -0.076 -0.075 -0.075 -0.066 -0.057 -0.05 -0.041 -0.027 -0.011 -0.008 -0.006 0.011 0.031 0.027 0.021 0.028 0.037 0.042 0.047 0.053 0.059 0.065 0.073 0.078 0.086 0.095 0.103 0.107 0.11 0.12 0.131 0.13 0.129 0.137 0.146 0.159 0.175 0.181 0.187 0.198 0.211 0.222 0.236 0.231 0.223 0.226 0.229 0.25 0.278 0.276 0.274 0.278 0.282 0.285 0.285 0.289 0.295 0.294 0.294 0.282
-9999 -9999 -9999 -9999 -0.16 -0.156 -0.146 -0.144 -9999 -0.119 -0.11 -0.096 -0.09 -0.083 -0.075 -9999 -0.062 -0.068 -0.067 -0.064 -0.058 -0.052 -0.043 -0.028 -0.016 -0.007 -0.003 0.004 0.018 0.03 0.027 0.023 0.031 0.042 0.049 0.061 0.062 0.057 0.061 0.064 0.073 0.094 0.1 0.101 0.109 0.128 0.132 0.124 0.137 0.145 0.149 0.155 0.159 0.169 0.186 0.2 0.197 0.201 0.215 0.229 0.231 0.227 0.231 0.235 0.24 0.257 0.262 0.263 0.269 0.274 0.28 0.282 0.279 0.281 0.282 0.283 0.276
-9999 -9999 -9999 -9999 -0.157 -9999 -9999 -9999 -0.124 -0.112 -0.102 -9999 -9999 -9999 -9999 -9999 -0.051 -0.06 -0.057 -0.055 -0.05 -0.045 -0.033 -0.018 -0.01 -0.002 0.005 0.012 0.022 0.034 0.031 0.028 0.037 0.048 0.058 0.07 0.066 0.06 0.062 0.065 0.081 0.101 0.103 0.104 0.12 0.139 0.133 0.126 0.138 0.155 0.158 0.161 0.165 0.169 0.186 0.206 0.204 0.2 0.212 0.226 0.227 0.228 0.232 0.237 0.243 0.25 0.253 0.258 0.263 0.27 0.275 0.279 0.277 0.276 0.276 0.278 0.27
-9999 -9999 -9999 -9999 -9999 -9999 -0.115 -0.11 -0.099 -0.098 -0.088 -9999 -9999 -9999 -9999 -9999 -9999 -9999 -9999 -0.044 -0.042 -0.045 -0.032 -0.013 -0.007 -0.002 0.004 0.011 0.021 0.036 0.035 0.034 0.038 0.036 0.047 0.065 0.062 0.064 0.069 0.08 0.091 0.096 0.1 0.11 0.121 0.124 0.125 0.139 0.149 0.163 0.16 0.16 0.173 0.183 0.185 0.196 0.201 0.201 0.206 0.214 0.217 0.218 0.222 0.226 0.233 0.24 0.243 0.246 0.252 0.259 0.253 0.25 0.264 0.272 0.265 0.262 0.261
-9999 -9999 -9999 -9999 -9999 -9999 -9999 -0.098 -9999 -9999 -9999 -9999 -9999 -9999 -9999 -9999 -9999 -0.024 -0.026 -0.036 -0.038 -0.041 -0.025 -0.007 -0.003 0.002 0.008 0.015 0.026 0.041 0.041 0.04 0.038 0.036 0.05 0.067 0.068 0.07 0.079 0.091 -9999 0.098 0.106 0.116 0.119 0.121 0.134 0.149 0.158 0.169 0.166 0.162 0.175 0.19 0.192 0.194 0.198 0.202 0.206 0.21 0.212 0.214 0.218 0.222 0.228 0.236 0.239 0.242 0.247 0.254 0.248 0.239 0.251 0.268 0.262 0.255 0.252
-9999 -9999 -9999 -9999 -9999 -9999 -9999 -9999 -9999 -9999 -9999 -9999 -9999 -9999 -9999 -9999 -9999 -0.015 -0.021 -0.029 -0.023 -9999 -9999 -9999 0.006 0.005 0.01 0.015 0.023 0.029 0.026 0.021 0.026 0.047 0.055 0.057 0.061 0.075 0.083 -9999 0.09 0.103 0.113 0.126 0.127 0.125 0.136 0.146 0.151 0.15 0.163 0.169 0.179 0.192 0.196 0.198 0.192 0.19 0.2 0.208 0.199 0.194 0.219 0.236 0.235 0.239 0.241 0.244 0.246 0.251 0.248 0.241 0.243 0.254 0.252 0.246 0.243
-9999 -9999 -9999 -9999 -9999 -9999 -9999 -9999 -9999 -9999 -9999 -9999 -9999 -9999 -9999 -9999 -9999 -9999 -9999 -9999 -9999 -9999 -9999 -9999 0.011 0.009 0.014 0.019 0.023 0.027 0.023 0.018 0.035 0.055 0.056 0.057 0.068 -9999 -9999 0.086 0.096 0.109 0.12 0.133 0.132 0.13 0.139 0.148 0.148 0.146 0.158 0.174 0.183 0.194 0.197 0.2 0.195 0.186 0.195 0.207 0.198 0.188 0.211 0.241 0.24 0.24 0.242 0.245 0.247 0.248 0.245 0.241 0.243 0.246 0.244 0.242 0.239
-9999 -9999 -9999 -9999 -9999 -9999 -9999 -9999 -9999 -9999 -9999 -9999 -9999 -9999 -9999 -9999 -9999 -9999 -9999 -9999 -9999 -9999 -9999 -9999 0.019 0.018 0.022 0.018 0.02 0.021 0.022 0.032 0.044 0.049 -9999 -9999 -9999 -9999 -9999 0.086 0.093 0.099 0.111 0.129 0.133 0.149 0.157 0.161 0.16 0.158 0.165 0.177 0.185 0.195 0.191 0.19 0.194 0.192 0.192 0.198 0.198 0.193 0.206 0.229 0.226 0.223 0.228 0.232 0.236 0.239 0.231 0.224 0.231 0.237 0.235 0.233 0.233
-9999 -9999 -9999 -9999 -9999 -9999 -9999 -9999 -9999 -9999 -9999 -9999 -9999 -9999 -9999 -9999 -9999 -9999 -9999 -9999 -9999 -9999 -9999 -9999 -9999 -9999 0.028 0.021 0.021 0.022 0.031 0.042 0.045 -9999 -9999 -9999 -9999 0.094 0.094 0.09 0.093 0.099 0.113 0.13 0.144 0.159 0.164 0.167 0.166 0.164 0.171 0.18 0.186 0.195 0.192 0.186 0.19 0.194 0.194 0.195 0.194 0.195 0.207 0.223 0.22 0.217 0.22 0.226 0.23 0.234 0.226 0.217 0.223 0.232 0.229 0.228 0.229
-9999 -9999 -9999 -9999 -9999 -9999 -9999 -9999 -9999 -9999 -9999 -9999 -9999 -9999 -9999 -9999 -9999 -9999 -9999 -9999 -9999 -9999 -9999 -9999 -9999 -9999 -9999 0.038 0.04 0.041 0.05 0.051 -9999 -9999 -9999 -9999 0.086 0.088 0.087 0.089 0.094 0.105 0.113 0.112 0.125 0.145 0.149 0.155 0.154 0.154 0.161 0.17 0.172 0.176 0.177 0.174 0.176 0.179 0.185 0.188 0.186 0.184 0.189 0.2 0.21 0.214 0.22 0.226 0.227 0.229 0.223 0.216 0.213 0.216 0.221 0.223 0.223
-9999 -9999 -9999 -9999 -9999 -9999 -9999 -9999 -9999 -9999 -9999 -9999 -9999 -9999 -9999 -9999 -9999 -9999 -9999 -9999 -9999 -9999 -9999 -9999 -9999 -9999 -9999 -9999 -9999 -9999 -9999 -9999 -9999 -9999 -9999 0.079 0.085 0.088 0.09 0.092 0.099 0.11 0.109 0.108 0.123 0.14 0.146 0.152 0.152 0.152 0.159 0.168 0.169 0.171 0.17 0.169 0.171 0.173 0.178 0.185 0.183 0.18 0.185 0.192 0.2 0.212 0.218 0.225 0.226 0.225 0.22 0.215 0.212 0.209 0.213 0.219 0.219
-9999 -9999 -9999 -9999 -9999 -9999 -9999 -9999 -9999 -9999 -9999 -9999 -9999 -9999 -9999 -9999 -9999 -9999 -9999 -9999 -9999 -9999 -9999 -9999 -9999 -9999 -9999 -9999 -9999 -9999 -9999 -9999 -9999 -9999 0.079 0.082 0.084 0.082 0.082 0.079 0.089 0.11 0.109 0.109 0.12 0.128 0.137 0.154 0.154 0.152 0.159 0.169 0.165 0.164 0.159 0.156 0.165 0.171 0.177 0.184 0.182 0.179 0.178 0.181 0.194 0.207 0.21 0.216 0.222 0.225 0.223 0.22 0.206 0.197 0.195 0.197 0.212
-9999 -9999 -9999 -9999 -9999 -9999 -9999 -9999 -9999 -9999 -9999 -9999 -9999 -9999 -9999 -9999 -9999 -9999 -9999 -9999 -9999 -9999 -9999 -9999 -9999 -9999 -9999 -9999 -9999 -9999 -9999 -9999 -9999 -9999 0.078 0.086 0.085 0.082 0.08 0.077 0.092 0.112 0.112 0.112 0.118 0.125 0.139 0.157 0.156 0.154 0.161 0.17 0.167 0.163 0.158 0.153 0.16 0.171 0.176 0.184 0.181 0.178 0.178 0.177 0.189 0.204 0.208 0.211 0.216 0.223 0.221 0.22 0.206 0.191 0.189 0.188 0.202
-9999 -9999 -9999 -9999 -9999 -9999 -9999 -9999 -9999 -9999 -9999 -9999 -9999 -9999 -9999 -9999 -9999 -9999 -9999 -9999 -9999 -0.014 -0.009 0.014 0.015 -9999 0.026 -9999 -9999 -9999 -9999 -9999 -9999 -9999 -9999 0.065 0.065 0.073 0.072 0.077 0.089 0.102 0.106 0.118 0.123 0.126 0.139 0.152 0.153 0.151 0.153 0.159 0.153 0.147 0.152 0.152 0.148 0.151 0.16 0.169 0.169 0.167 0.178 0.184 0.186 0.194 0.199 0.204 0.203 0.206 0.197 0.19 0.192 0.185 0.185 0.185 0.184
-9999 -9999 -9999 -9999 -9999 -9999 -9999 -9999 -9999 -9999 -9999 -9999 -9999 -9999 -9999 -9999 -9999 -9999 -0.021 -0.016 -0.016 -0.017 -0.004 0.013 0.014 0.015 0.024 0.037 0.046 -9999 -9999 0.064 0.065 0.068 0.063 0.059 0.065 0.072 0.075 0.079 0.088 0.1 0.11 0.122 0.125 0.128 0.139 0.152 0.152 0.152 0.154 0.157 0.151 0.143 0.147 0.154 0.15 0.146 0.153 0.164 0.163 0.163 0.173 0.186 0.188 0.19 0.194 0.199 0.198 0.198 0.189 0.179 0.179 0.182 0.181 0.182 0.181
-9999 -9999 -9999 -9999 -9999 -9999 -9999 -9999 -9999 -9999 -9999 -9999 -9999 -9999 -9999 -9999 -9999 -0.03 -0.023 -0.015 -0.017 -0.02 -0.011 -0.004 0.004 0.032 0.035 0.027 0.037 0.052 0.054 0.058 0.057 0.061 0.06 0.064 0.068 0.073 0.076 0.082 0.084 0.078 0.086 0.099 0.101 0.105 0.118 0.144 0.146 0.153 0.151 0.151 0.152 0.149 0.146 0.148 0.145 0.141 0.157 0.172 0.164 0.16 0.164 0.173 0.183 0.19 0.186 0.186 0.179 0.174 0.168 0.159 0.16 0.162 0.16 0.159 0.166
-9999 -9999 -9999 -9999 -9999 -9999 -9999 -9999 -9999 -9999 -9999 -9999 -9999 -9999 -9999 -9999 -9999 -0.032 -0.019 -0.013 -0.015 -0.019 -0.014 -0.008 0.015 0.042 0.035 0.027 0.039 0.054 0.056 0.059 0.06 0.062 0.064 0.067 0.071 0.075 0.079 0.085 0.078 0.071 0.08 0.092 0.094 0.097 0.118 0.142 0.148 0.154 0.152 0.15 0.151 0.153 0.15 0.148 0.145 0.141 0.156 0.177 0.169 0.159 0.162 0.168 0.177 0.188 0.184 0.179 0.172 0.165 0.158 0.151 0.152 0.154 0.151 0.15 0.155
-9999 -9999 -9999 -9999 -9999 -9999 -9999 -9999 -9999 -9999 -9999 -9999 -9999 -9999 -9999 -9999 -9999 -0.028 -0.018 -0.029 -0.026 -0.013 -0.006 0.004 0.021 0.028 0.025 0.034 0.043 0.048 0.052 0.058 0.06 0.065 0.066 0.065 0.069 0.075 0.078 0.078 0.072 0.066 0.071 0.073 0.08 0.097 0.114 0.13 0.135 0.137 0.132 0.127 0.129 0.131 0.135 0.136 0.143 0.146 0.14 0.148 0.158 0.159 0.16 0.163 0.166 0.174 0.163 0.153 0.163 0.165 0.165 0.162 0.144 0.136 0.13 0.125 0.131
-9999 -9999 -9999 -9999 -9999 -9999 -9999 -9999 -9999 -9999 -9999 -9999 -9999 -0.043 -0.045 -9999 -0.042 -0.025 -0.029 -0.034 -0.022 -0.008 0.001 0.011 0.017 0.024 0.031 0.04 0.044 0.048 0.053 0.059 0.063 0.068 0.067 0.066 0.071 0.077 0.077 0.078 0.072 0.067 0.067 0.068 0.082 0.099 0.112 0.127 0.13 0.132 0.127 0.121 0.122 0.124 0.128 0.134 0.14 0.149 0.144 0.139 0.148 0.16 0.161 0.162 0.164 0.168 0.156 0.142 0.151 0.164 0.163 0.164 0.147 0.128 0.122 0.115 0.12
-9999 -9999 -9999 -9999 -9999 -9999 -9999 -9999 -9999 -9999 -9999 -9999 -9999 -0.06 -0.061 -0.054 -0.048 -0.045 -0.046 -0.039 -0.026 -0.008 0.0 0.008 0.011 0.009 0.014 0.018 0.022 0.03 0.035 0.043 0.049 0.061 0.058 0.052 0.055 0.059 0.062 0.074 0.073 0.079 0.081 0.088 0.099 0.102 0.112 0.117 0.12 0.125 0.127 0.125 0.122 0.122 0.128 0.134 0.133 0.137 0.133 0.129 0.14 0.152 0.152 0.153 0.152 0.153 0.143 0.129 0.13 0.137 0.136 0.135 0.142 0.137 0.117 0.103 0.103
-9999 -9999 -9999 -9999 -9999 -9999 -9999 -9999 -9999 -9999 -9999 -9999 -0.068 -0.067 -0.06 -0.054 -0.053 -0.052 -0.045 -0.038 -0.024 -0.007 0.001 0.008 0.007 0.004 0.007 0.01 0.017 0.025 0.031 0.039 0.049 0.06 0.054 0.048 0.05 0.053 0.063 0.075 0.08 0.086 0.091 0.098 0.101 0.105 0.11 0.115 0.119 0.124 0.125 0.127 0.125 0.123 0.128 0.137 0.135 0.134 0.131 0.127 0.137 0.15 0.15 0.15 0.149 0.149 0.138 0.126 0.126 0.128 0.126 0.125 0.13 0.139 0.12 0.098 0.097
-9999 -9999 -9999 -9999 -9999 -9999 -9999 -9999 -9999 -9999 -9999 -9999 -9999 -0.074 -0.064 -0.044 -0.042 -0.043 -0.039 -0.043 -0.032 -0.023 -0.014 0.003 0.0 -0.006 -0.004 0.0 0.009 0.023 0.031 0.045 0.05 0.049 0.049 0.063 0.063 0.06 0.066 0.065 0.071 0.081 0.086 0.095 0.1 0.112 0.118 0.127 0.124 0.124 0.122 0.121 0.129 0.133 0.133 0.138 0.134 -9999 0.132 0.131 0.132 0.139 0.146 0.151 0.147 0.144 0.13 0.116 0.12 0.123 0.133 0.141 0.136 0.141 0.131 0.114 0.093
-9999 -9999 -9999 -9999 -9999 -9999 -9999 -9999 -9999 -9999 -9999 -9999 -0.088 -0.077 -0.059 -0.039 -0.038 -0.038 -0.04 -0.043 -0.036 -0.029 -0.015 0.001 -0.003 -0.009 -0.007 -0.003 0.01 0.024 0.036 0.049 0.048 0.046 0.058 0.071 0.068 0.065 0.064 0.064 0.071 0.081 0.087 0.095 0.104 0.115 0.124 0.133 0.13 0.125 0.122 0.12 0.128 0.138 0.139 0.14 0.136 0.132 -9999 0.134 -9999 0.136 -9999 0.152 -9999 0.144 0.13 0.114 0.117 0.123 0.131 0.148 -9999 -9999 -9999 0.121 0.101
-9999 -9999 -9999 -9999 -9999 -9999 -9999 -9999 -9999 -9999 -9999 -9999 -0.091 -0.085 -0.068 -0.051 -0.053 -0.061 -0.06 -0.05 -0.039 -0.02 -0.013 -0.016 -0.017 -0.011 -0.01 -0.01 0.004 0.021 0.033 0.049 0.049 0.051 0.059 0.061 0.061 0.067 0.067 0.068 0.077 0.089 0.093 0.093 0.098 0.097 0.107 0.124 0.118 0.109 0.103 0.099 0.117 0.133 0.135 0.139 0.142 0.142 -9999 -9999 0.142 0.148 -9999 -9999 0.148 0.144 0.152 -9999 -9999 -9999 -9999 -9999 -9999 -9999 -9999 -9999 -9999
-9999 -9999 -9999 -9999 -9999 -9999 -9999 -9999 -9999 -9999 -9999 -0.112 -0.101 -0.09 -0.074 -0.057 -0.063 -0.071 -0.062 -0.052 -0.035 -0.017 -0.019 -0.022 -0.017 -0.012 -0.013 -0.012 0.004 0.021 0.035 0.05 0.053 0.055 0.057 0.059 0.064 0.07 0.071 0.072 0.082 0.094 0.094 0.095 0.093 0.091 0.105 0.121 0.113 0.105 0.099 0.093 0.11 0.132 0.134 -9999 -9999 -9999 0.143 -9999 -9999 -9999 -9999 -9999 -9999 0.157 -9999 -9999 -9999 -9999 -9999 -9999 -9999 -9999 -9999 -9999 -9999
-9999 -9999 -9999 -9999 -9999 -9999 -9999 -9999 -9999 -9999 -0.138 -0.124 -0.111 -0.093 -0.08 -0.072 -0.073 -0.068 -0.059 -0.05 -0.036 -0.023 -0.023 -0.022 -0.019 -0.021 -0.02 -0.012 0.002 0.015 0.029 0.046 0.052 -9999 -9999 -9999 -9999 -9999 0.094 0.092 0.1 0.097 0.098 0.1 0.101 0.107 0.115 0.115 -9999 0.121 -9999 -9999 -9999 -9999 -9999 0.153 0.15 0.132 0.138 0.142 0.146 -9999 -9999 -9999 -9999 -9999 -9999 -9999 -9999 -9999 -9999 -9999 -9999 -9999 -9999 -9999 -9999
-9999 -9999 -9999 -9999 -9999 -9999 -9999 -9999 -9999 -0.167 -0.152 -0.133 -0.115 -0.097 -0.088 -0.08 -0.074 -0.068 -0.059 -0.05 -0.038 -0.026 -0.023 -0.021 -0.022 -0.024 -0.019 -0.011 0.001 0.014 -9999 -9999 -9999 -9999 -9999 -9999 -9999 -9999 -9999 -9999 0.102 0.1 0.101 0.104 0.109 0.114 0.114 0.113 0.124 -9999 -9999 -9999 -9999 -9999 -9999 -9999 0.139 0.127 0.133 0.141 -9999 -9999 -9999 -9999 -9999 -9999 -9999 -9999 -9999 -9999 -9999 -9999 -9999 -9999 -9999 -9999 -9999
-9999 -9999 -9999 -9999 -9999 -9999 -9999 -0.174 -0.177 -0.178 -0.166 -0.148 -0.126 -0.099 -0.09 -0.087 -0.078 -0.065 -0.06 -0.063 -0.053 -0.045 -0.041 -0.031 -0.026 -0.008 -0.006 -0.011 -9999 -9999 -9999 -9999 -9999 -9999 -9999 -9999 -9999 -9999 -9999 -9999 -9999 0.119 -9999 -9999 -9999 -9999 -9999 0.115 0.118 -9999 -9999 -9999 -9999 -9999 -9999 -9999 -9999 -9999 0.137 0.138 -9999 -9999 -9999 -9999 -9999 -9999 -9999 -9999 -9999 -9999 -9999 -9999 -9999 -9999 -9999 -9999 -9999
-9999 -9999 -9999 -9999 -9999 -9999 -0.176 -9999 -0.18 -0.18 -0.174 -0.159 -0.133 -0.104 -0.098 -0.094 -0.08 -0.066 -0.067 -0.07 -0.062 -0.053 -0.045 -0.036 -0.019 -0.001 -0.006 -0.009 -9999 -9999 -9999 -9999 -9999 -9999 -9999 -9999 -9999 -9999 -9999 -9999 -9999 -9999 0.106 -9999 -9999 -9999 -9999 -9999 -9999 -9999 -9999 -9999 -9999 -9999 -9999 -9999 -9999 -9999 -9999 -9999 -9999 -9999 -9999 -9999 -9999 -9999 -9999 -9999 -9999 -9999 -9999 -9999 -9999 -9999 -9999 -9999 -9999
-9999 -9999 -9999 -9999 -9999 -0.182 -0.181 -0.186 -0.189 -0.189 -0.188 -0.186 -0.164 -0.132 -0.121 -0.1 -0.087 -9999 -0.076 -0.076 -0.067 -0.057 -0.049 -0.042 -0.03 -0.024 -0.023 -9999 -9999 -9999 -9999 -9999 -9999 -9999 -9999 -9999 -9999 -9999 -9999 -9999 -9999 -9999 -9999 -9999 -9999 -9999 -9999 -9999 -9999 -9999 -9999 -9999 -9999 -9999 -9999 -9999 -9999 -9999 -9999 -9999 -9999 -9999 -9999 -9999 -9999 -9999 -9999 -9999 -9999 -9999 -9999 -9999 -9999 -9999 -9999 -9999 -9999
-9999 -9999 -9999 -9999 -9999 -0.187 -0.188 -0.187 -0.188 -0.188 -0.193 -0.195 -0.178 -0.151 -0.13 -0.108 -0.096 -0.084 -0.082 -0.082 -0.071 -0.06 -0.053 -0.046 -0.04 -0.034 -0.022 -9999 -9999 -9999 -9999 -9999 -9999 -9999 -9999 -9999 -9999 -9999 -9999 -9999 -9999 -9999 -9999 -9999 -9999 -9999 -9999 -9999 -9999 -9999 -9999 -9999 -9999 -9999 -9999 -9999 -9999 -9999 -9999 -9999 -9999 -9999 -9999 -9999 -9999 -9999 -9999 -9999 -9999 -9999 -9999 -9999 -9999 -9999 -9999 -9999 -9999
-9999 -9999 -9999 -9999 -0.187 -0.188 -0.187 -0.181 -0.18 -0.175 -0.18 -0.187 -0.174 -0.154 -0.143 -0.135 -0.12 -0.099 -0.095 -0.09 -0.077 -0.058 -0.052 -0.053 -0.044 -0.03 -9999 -9999 -9999 -9999 -9999 -9999 -9999 -9999 -9999 -9999 -9999 -9999 -9999 -9999 -9999 -9999 -9999 -9999 -9999 -9999 -9999 -9999 -9999 -9999 -9999 -9999 -9999 -9999 -9999 -9999 -9999 -9999 -9999 -9999 -9999 -9999 -9999 -9999 -9999 -9999 -9999 -9999 -9999 -9999 -9999 -9999 -9999 -9999 -9999 -9999 -9999
