Validation/Results/raw data/ReClimate_01_2024_1_Temperatureweatherlogisticsltd.asc
NCOLS 192
NROWS 249
XLLCENTER -225160.85627316462
YLLCENTER 29788.11610251502
CELLSIZE 5000.0
NODATA_VALUE -9999
[rows 204 to 237 of 249, columns 77 to 153 of 192]
-9999 -9999 0.572 -9999 0.594 0.614 0.626 0.633 0.648 0.661 0.674 0.692 0.722 0.751 0.753 0.752 0.767 0.782 0.803 0.825 0.837 0.848 0.855 0.861 0.864 0.866 0.877 0.887 0.885 0.881 0.885 0.888 0.916 0.946 0.943 0.936 0.943 0.95 0.965 0.981 0.992 1.002 1.003 1.001 0.993 0.983 0.977 0.97 0.972 0.975 0.969 0.962 0.956 0.948 0.945 0.942 0.937 0.932 0.923 0.912 0.901 0.888 0.88 0.872 0.869 0.866 0.864 0.863 0.839 0.81 0.795 0.781 0.802 0.831 0.826 0.819 0.82
-9999 -9999 -9999 -9999 -9999 -9999 0.644 0.654 0.661 0.653 0.671 0.706 0.735 0.762 0.766 0.766 0.778 0.784 0.804 0.825 0.837 0.849 0.855 0.856 0.861 0.868 0.874 0.871 0.877 0.898 0.91 0.933 0.95 0.948 0.948 0.953 0.961 0.966 0.977 0.977 0.989 1.003 1.0 0.989 0.987 0.994 0.99 0.987 0.982 0.962 0.962 0.958 0.955 0.948 0.943 0.94 0.943 0.943 0.939 0.932 0.907 0.886 0.879 0.87 0.861 0.855 0.853 0.851 0.842 0.823 0.819 0.813 0.817 0.836 0.819 0.806 0.809
-9999 -9999 -9999 -9999 -9999 -9999 0.656 0.666 0.662 0.655 0.681 0.714 0.742 0.769 0.773 0.775 0.783 0.788 0.808 0.828 0.841 0.852 0.855 0.857 0.864 0.872 0.871 0.868 0.886 0.907 0.929 0.952 0.952 0.95 0.956 0.961 0.967 0.973 0.974 0.974 0.987 1.0 0.993 0.983 0.989 0.997 0.994 0.991 0.975 0.955 0.955 0.954 0.95 0.945 0.941 0.936 0.939 0.944 0.941 0.936 0.912 0.882 0.874 0.865 0.856 0.846 0.843 0.841 0.832 0.823 0.819 0.819 0.825 0.832 0.817 0.796 0.8
-9999 -9999 -9999 -9999 0.64 0.663 0.675 0.686 -9999 0.673 0.701 0.739 0.753 0.741 0.743 -9999 0.759 0.784 0.806 0.834 0.846 0.855 0.858 0.856 0.867 0.883 0.884 0.883 0.896 0.898 0.917 0.938 0.945 0.965 0.973 0.981 0.982 0.97 0.975 0.985 0.999 1.013 1.009 1.003 1.006 1.0 0.994 0.979 0.976 0.964 0.958 0.954 0.945 0.938 0.933 0.929 0.924 0.924 0.93 0.93 0.913 0.888 0.878 0.869 0.849 0.832 0.839 0.842 0.839 0.834 0.817 0.81 0.817 0.826 0.818 0.804 0.792
-9999 -9999 -9999 -9999 0.646 -9999 -9999 -9999 0.693 0.684 0.714 -9999 -9999 -9999 -9999 -9999 0.765 0.786 0.811 0.839 0.849 0.859 0.86 0.858 0.874 0.89 0.892 0.892 0.895 0.897 0.915 0.934 0.953 0.972 0.98 0.988 0.98 0.969 0.978 0.988 1.002 1.016 1.013 1.008 1.004 0.999 0.987 0.972 0.969 0.965 0.959 0.951 0.943 0.933 0.928 0.923 0.918 0.913 0.918 0.923 0.906 0.885 0.876 0.866 0.847 0.823 0.829 0.837 0.834 0.833 0.818 0.802 0.809 0.818 0.811 0.803 0.792
-9999 -9999 -9999 -9999 -9999 -9999 0.673 0.688 0.688 0.698 0.722 -9999 -9999 -9999 -9999 -9999 -9999 -9999 -9999 0.841 0.85 0.856 0.862 0.877 0.89 0.898 0.904 0.913 0.916 0.916 0.932 0.947 0.962 0.971 0.972 0.96 0.961 0.983 0.989 0.988 0.997 0.997 0.993 0.988 0.981 0.971 0.964 0.967 0.972 0.972 0.959 0.947 0.94 0.932 0.916 0.903 0.897 0.89 0.878 0.872 0.882 0.877 0.864 0.853 0.844 0.828 0.823 0.825 0.81 0.8 0.801 0.795 0.792 0.794 0.798 0.795 0.802
-9999 -9999 -9999 -9999 -9999 -9999 -9999 0.683 -9999 -9999 -9999 -9999 -9999 -9999 -9999 -9999 -9999 0.824 0.837 0.844 0.851 0.856 0.871 0.886 0.895 0.904 0.913 0.923 0.925 0.926 0.939 0.953 0.963 0.971 0.961 0.948 0.967 0.988 0.988 0.987 -9999 0.988 0.983 0.977 0.969 0.958 0.961 0.963 0.968 0.972 0.959 0.942 0.936 0.929 0.913 0.893 0.886 0.878 0.865 0.85 0.858 0.869 0.857 0.843 0.835 0.826 0.82 0.816 0.801 0.785 0.785 0.789 0.786 0.783 0.785 0.789 0.796
-9999 -9999 -9999 -9999 -9999 -9999 -9999 -9999 -9999 -9999 -9999 -9999 -9999 -9999 -9999 -9999 -9999 0.805 0.822 0.859 0.862 -9999 -9999 -9999 0.921 0.926 0.933 0.932 0.937 0.944 0.956 0.965 0.974 0.985 0.979 0.974 0.988 0.994 0.995 -9999 1.004 1.012 1.004 0.983 0.973 0.957 0.958 0.959 0.96 0.956 0.955 0.947 0.939 0.93 0.912 0.891 0.888 0.883 0.874 0.863 0.86 0.867 0.86 0.852 0.832 0.816 0.805 0.796 0.794 0.786 0.776 0.774 0.787 0.794 0.785 0.783 0.773
-9999 -9999 -9999 -9999 -9999 -9999 -9999 -9999 -9999 -9999 -9999 -9999 -9999 -9999 -9999 -9999 -9999 -9999 -9999 -9999 -9999 -9999 -9999 -9999 0.935 0.935 0.937 0.937 0.945 0.953 0.962 0.969 0.98 0.991 0.989 0.984 0.99 -9999 -9999 1.002 1.012 1.02 1.003 0.984 0.97 0.955 0.955 0.956 0.951 0.947 0.946 0.945 0.936 0.927 0.909 0.887 0.884 0.881 0.872 0.863 0.861 0.861 0.855 0.85 0.832 0.809 0.797 0.785 0.783 0.784 0.775 0.766 0.779 0.795 0.788 0.778 0.768
-9999 -9999 -9999 -9999 -9999 -9999 -9999 -9999 -9999 -9999 -9999 -9999 -9999 -9999 -9999 -9999 -9999 -9999 -9999 -9999 -9999 -9999 -9999 -9999 0.94 0.953 0.952 0.945 0.949 0.945 0.956 0.97 0.976 0.975 -9999 -9999 -9999 -9999 -9999 1.007 1.008 0.992 0.98 0.977 0.969 0.966 0.969 0.972 0.965 0.95 0.943 0.94 0.927 0.914 0.896 0.873 0.884 0.89 0.885 0.879 0.872 0.868 0.852 0.841 0.834 0.819 0.804 0.791 0.783 0.781 0.78 0.776 0.78 0.791 0.786 0.779 0.781
-9999 -9999 -9999 -9999 -9999 -9999 -9999 -9999 -9999 -9999 -9999 -9999 -9999 -9999 -9999 -9999 -9999 -9999 -9999 -9999 -9999 -9999 -9999 -9999 -9999 -9999 0.953 0.948 0.946 0.942 0.955 0.969 0.969 -9999 -9999 -9999 -9999 1.003 1.005 1.007 0.995 0.979 0.976 0.973 0.971 0.969 0.973 0.975 0.962 0.947 0.94 0.934 0.921 0.906 0.888 0.865 0.875 0.889 0.885 0.88 0.874 0.866 0.851 0.834 0.827 0.819 0.805 0.79 0.783 0.779 0.778 0.777 0.782 0.787 0.782 0.777 0.779
-9999 -9999 -9999 -9999 -9999 -9999 -9999 -9999 -9999 -9999 -9999 -9999 -9999 -9999 -9999 -9999 -9999 -9999 -9999 -9999 -9999 -9999 -9999 -9999 -9999 -9999 -9999 0.943 0.947 0.962 0.972 0.977 -9999 -9999 -9999 -9999 0.998 0.971 0.979 1.001 0.992 0.985 0.981 0.973 0.972 0.974 0.97 0.956 0.943 0.929 0.922 0.914 0.909 0.898 0.883 0.863 0.862 0.868 0.87 0.869 0.865 0.86 0.852 0.841 0.832 0.823 0.807 0.791 0.788 0.787 0.784 0.782 0.778 0.778 0.786 0.787 0.774
-9999 -9999 -9999 -9999 -9999 -9999 -9999 -9999 -9999 -9999 -9999 -9999 -9999 -9999 -9999 -9999 -9999 -9999 -9999 -9999 -9999 -9999 -9999 -9999 -9999 -9999 -9999 -9999 -9999 -9999 -9999 -9999 -9999 -9999 -9999 0.995 0.979 0.957 0.975 0.996 0.992 0.985 0.978 0.97 0.971 0.971 0.959 0.944 0.933 0.919 0.911 0.904 0.898 0.892 0.877 0.859 0.857 0.857 0.858 0.861 0.857 0.853 0.846 0.839 0.831 0.82 0.806 0.789 0.786 0.788 0.785 0.782 0.778 0.773 0.78 0.789 0.777
-9999 -9999 -9999 -9999 -9999 -9999 -9999 -9999 -9999 -9999 -9999 -9999 -9999 -9999 -9999 -9999 -9999 -9999 -9999 -9999 -9999 -9999 -9999 -9999 -9999 -9999 -9999 -9999 -9999 -9999 -9999 -9999 -9999 -9999 0.995 0.999 0.987 0.977 0.988 0.991 0.991 0.997 0.99 0.978 0.974 0.962 0.949 0.931 0.921 0.913 0.907 0.9 0.889 0.88 0.873 0.86 0.856 0.854 0.853 0.854 0.839 0.829 0.826 0.822 0.803 0.786 0.782 0.771 0.762 0.758 0.759 0.758 0.757 0.754 0.758 0.764 0.769
-9999 -9999 -9999 -9999 -9999 -9999 -9999 -9999 -9999 -9999 -9999 -9999 -9999 -9999 -9999 -9999 -9999 -9999 -9999 -9999 -9999 -9999 -9999 -9999 -9999 -9999 -9999 -9999 -9999 -9999 -9999 -9999 -9999 -9999 0.991 0.999 0.992 0.982 0.984 0.986 0.993 0.999 0.989 0.977 0.967 0.955 0.94 0.922 0.916 0.908 0.901 0.895 0.884 0.872 0.865 0.857 0.853 0.85 0.848 0.847 0.833 0.817 0.813 0.812 0.794 0.771 0.766 0.763 0.754 0.747 0.747 0.747 0.746 0.746 0.748 0.753 0.757
-9999 -9999 -9999 -9999 -9999 -9999 -9999 -9999 -9999 -9999 -9999 -9999 -9999 -9999 -9999 -9999 -9999 -9999 -9999 -9999 -9999 0.881 0.901 0.915 0.93 -9999 0.949 -9999 -9999 -9999 -9999 -9999 -9999 -9999 -9999 0.995 0.989 0.984 0.984 0.978 0.983 0.988 0.974 0.95 0.944 0.948 0.938 0.934 0.92 0.908 0.912 0.913 0.889 0.869 0.858 0.848 0.844 0.84 0.834 0.831 0.82 0.806 0.813 0.817 0.818 0.809 0.793 0.785 0.768 0.756 0.741 0.732 0.727 0.723 0.725 0.728 0.728
-9999 -9999 -9999 -9999 -9999 -9999 -9999 -9999 -9999 -9999 -9999 -9999 -9999 -9999 -9999 -9999 -9999 -9999 0.828 0.843 0.862 0.883 0.899 0.912 0.929 0.944 0.954 0.963 0.966 -9999 -9999 0.982 0.978 0.975 0.982 0.99 0.987 0.982 0.978 0.97 0.975 0.979 0.96 0.936 0.938 0.942 0.939 0.935 0.922 0.904 0.908 0.915 0.892 0.864 0.853 0.841 0.837 0.833 0.827 0.821 0.809 0.798 0.805 0.815 0.816 0.818 0.805 0.791 0.776 0.758 0.744 0.726 0.72 0.714 0.715 0.718 0.717
-9999 -9999 -9999 -9999 -9999 -9999 -9999 -9999 -9999 -9999 -9999 -9999 -9999 -9999 -9999 -9999 -9999 0.817 0.83 0.833 0.854 0.876 0.896 0.925 0.939 0.942 0.952 0.959 0.965 0.976 0.988 1.002 0.996 0.979 0.984 0.983 0.981 0.981 0.976 0.971 0.969 0.953 0.94 0.941 0.944 0.947 0.94 0.923 0.912 0.907 0.909 0.914 0.882 0.85 0.847 0.84 0.838 0.837 0.824 0.815 0.797 0.783 0.792 0.803 0.798 0.797 0.788 0.775 0.765 0.75 0.74 0.725 0.727 0.725 0.722 0.722 0.724
-9999 -9999 -9999 -9999 -9999 -9999 -9999 -9999 -9999 -9999 -9999 -9999 -9999 -9999 -9999 -9999 -9999 0.818 0.817 0.827 0.849 0.872 0.9 0.93 0.937 0.941 0.95 0.957 0.969 0.98 0.994 1.009 0.996 0.979 0.978 0.976 0.976 0.975 0.972 0.968 0.955 0.938 0.939 0.94 0.942 0.945 0.931 0.914 0.91 0.905 0.906 0.909 0.879 0.841 0.838 0.836 0.834 0.834 0.822 0.809 0.792 0.774 0.782 0.795 0.791 0.787 0.778 0.767 0.757 0.745 0.735 0.724 0.725 0.728 0.725 0.723 0.724
-9999 -9999 -9999 -9999 -9999 -9999 -9999 -9999 -9999 -9999 -9999 -9999 -9999 -9999 -9999 -9999 -9999 0.811 0.814 0.851 0.872 0.889 0.914 0.931 0.94 0.946 0.96 0.975 0.983 0.986 0.995 0.997 0.987 0.981 0.98 0.977 0.975 0.968 0.965 0.96 0.951 0.946 0.945 0.939 0.933 0.913 0.905 0.909 0.904 0.897 0.885 0.878 0.869 0.843 0.836 0.832 0.818 0.81 0.801 0.788 0.794 0.79 0.777 0.777 0.779 0.78 0.772 0.761 0.75 0.738 0.737 0.731 0.727 0.726 0.719 0.713 0.709
-9999 -9999 -9999 -9999 -9999 -9999 -9999 -9999 -9999 -9999 -9999 -9999 -9999 0.749 0.769 -9999 0.802 0.803 0.828 0.857 0.875 0.893 0.911 0.929 0.939 0.947 0.965 0.98 0.983 0.984 0.986 0.987 0.983 0.977 0.975 0.972 0.968 0.962 0.958 0.953 0.95 0.946 0.941 0.935 0.918 0.898 0.9 0.903 0.897 0.891 0.878 0.864 0.853 0.841 0.833 0.826 0.812 0.798 0.788 0.777 0.783 0.793 0.781 0.769 0.771 0.776 0.768 0.757 0.747 0.734 0.732 0.732 0.728 0.724 0.717 0.708 0.704
-9999 -9999 -9999 -9999 -9999 -9999 -9999 -9999 -9999 -9999 -9999 -9999 -9999 0.767 0.784 0.787 0.795 0.807 0.832 0.864 0.878 0.884 0.9 0.913 0.931 0.966 0.981 0.985 0.984 0.978 0.983 0.992 0.983 0.961 0.961 0.966 0.958 0.942 0.942 0.95 0.947 0.942 0.936 0.925 0.914 0.911 0.91 0.903 0.897 0.889 0.866 0.845 0.839 0.829 0.822 0.815 0.806 0.793 0.791 0.786 0.782 0.788 0.775 0.763 0.762 0.764 0.758 0.749 0.744 0.735 0.722 0.715 0.729 0.735 0.722 0.711 0.707
-9999 -9999 -9999 -9999 -9999 -9999 -9999 -9999 -9999 -9999 -9999 -9999 0.733 0.772 0.778 0.782 0.795 0.807 0.833 0.864 0.869 0.875 0.889 0.902 0.934 0.968 0.977 0.98 0.977 0.971 0.98 0.989 0.972 0.95 0.954 0.958 0.946 0.93 0.936 0.944 0.941 0.937 0.929 0.918 0.916 0.914 0.907 0.899 0.893 0.885 0.863 0.835 0.828 0.821 0.814 0.808 0.797 0.788 0.785 0.785 0.784 0.784 0.773 0.76 0.759 0.759 0.753 0.746 0.74 0.735 0.723 0.709 0.721 0.737 0.725 0.711 0.707
-9999 -9999 -9999 -9999 -9999 -9999 -9999 -9999 -9999 -9999 -9999 -9999 -9999 0.784 0.785 0.768 0.785 0.811 0.836 0.861 0.867 0.873 0.887 0.902 0.925 0.933 0.943 0.952 0.952 0.957 0.965 0.973 0.959 0.949 0.951 0.95 0.945 0.954 0.957 0.947 0.949 0.96 0.952 0.933 0.927 0.91 0.9 0.884 0.865 0.849 0.842 0.824 0.819 0.813 0.804 0.796 0.788 -9999 0.769 0.765 0.764 0.764 0.761 0.752 0.754 0.756 0.753 0.748 0.734 0.724 0.722 0.715 0.717 0.727 0.715 0.701 0.705
-9999 -9999 -9999 -9999 -9999 -9999 -9999 -9999 -9999 -9999 -9999 -9999 0.757 0.786 0.776 0.76 0.784 0.811 0.833 0.858 0.863 0.868 0.881 0.894 0.904 0.913 0.926 0.935 0.942 0.947 0.954 0.961 0.954 0.944 0.943 0.942 0.95 0.959 0.952 0.943 0.953 0.965 0.952 0.935 0.922 0.905 0.891 0.875 0.856 0.833 0.825 0.817 0.812 0.808 0.798 0.788 0.78 0.773 -9999 0.757 -9999 0.757 -9999 0.748 -9999 0.754 0.751 0.748 0.735 0.72 0.718 0.72 -9999 -9999 -9999 0.697 0.7
-9999 -9999 -9999 -9999 -9999 -9999 -9999 -9999 -9999 -9999 -9999 -9999 0.75 0.761 0.761 0.774 0.795 0.811 0.833 0.856 0.863 0.872 0.884 0.893 0.904 0.918 0.935 0.952 0.954 0.94 0.945 0.946 0.939 0.933 0.934 0.935 0.945 0.961 0.952 0.934 0.942 0.946 0.935 0.925 0.913 0.897 0.886 0.877 0.858 0.835 0.82 0.807 0.806 0.805 0.791 0.779 0.77 0.765 -9999 -9999 0.757 0.753 -9999 -9999 0.732 0.727 0.73 -9999 -9999 -9999 -9999 -9999 -9999 -9999 -9999 -9999 -9999
-9999 -9999 -9999 -9999 -9999 -9999 -9999 -9999 -9999 -9999 -9999 0.709 0.726 0.744 0.759 0.774 0.79 0.806 0.828 0.851 0.86 0.869 0.88 0.889 0.902 0.914 0.933 0.952 0.945 0.932 0.934 0.934 0.93 0.925 0.926 0.928 0.941 0.957 0.943 0.926 0.929 0.933 0.925 0.916 0.905 0.89 0.883 0.874 0.854 0.832 0.817 0.8 0.799 0.8 0.786 -9999 -9999 -9999 0.77 -9999 -9999 -9999 -9999 -9999 -9999 0.73 -9999 -9999 -9999 -9999 -9999 -9999 -9999 -9999 -9999 -9999 -9999
-9999 -9999 -9999 -9999 -9999 -9999 -9999 -9999 -9999 -9999 0.688 0.741 0.752 0.731 0.748 0.766 0.786 0.814 0.832 0.841 0.852 0.866 0.874 0.874 0.89 0.914 0.928 0.929 0.925 0.927 0.924 0.909 0.905 -9999 -9999 -9999 -9999 -9999 0.918 0.91 0.913 0.921 0.912 0.897 0.886 0.873 0.871 0.878 -9999 0.839 -9999 -9999 -9999 -9999 -9999 0.784 0.779 0.776 0.778 0.786 0.783 -9999 -9999 -9999 -9999 -9999 -9999 -9999 -9999 -9999 -9999 -9999 -9999 -9999 -9999 -9999 -9999
-9999 -9999 -9999 -9999 -9999 -9999 -9999 -9999 -9999 0.674 0.711 0.745 0.736 0.719 0.738 0.756 0.783 0.811 0.822 0.832 0.845 0.859 0.863 0.863 0.886 0.91 0.915 0.916 0.919 0.921 -9999 -9999 -9999 -9999 -9999 -9999 -9999 -9999 -9999 -9999 0.906 0.91 0.898 0.884 0.874 0.861 0.867 0.874 0.86 -9999 -9999 -9999 -9999 -9999 -9999 -9999 0.785 0.781 0.784 0.782 -9999 -9999 -9999 -9999 -9999 -9999 -9999 -9999 -9999 -9999 -9999 -9999 -9999 -9999 -9999 -9999 -9999
-9999 -9999 -9999 -9999 -9999 -9999 -9999 0.639 0.653 0.659 0.682 0.708 0.709 0.72 0.74 0.757 0.778 0.786 0.796 0.804 0.821 0.848 0.851 0.848 0.871 0.895 0.902 0.909 -9999 -9999 -9999 -9999 -9999 -9999 -9999 -9999 -9999 -9999 -9999 -9999 -9999 0.882 -9999 -9999 -9999 -9999 -9999 0.852 0.843 -9999 -9999 -9999 -9999 -9999 -9999 -9999 -9999 -9999 0.767 0.758 -9999 -9999 -9999 -9999 -9999 -9999 -9999 -9999 -9999 -9999 -9999 -9999 -9999 -9999 -9999 -9999 -9999
-9999 -9999 -9999 -9999 -9999 -9999 0.623 -9999 0.637 0.647 0.659 0.681 0.697 0.71 0.73 0.748 0.76 0.768 0.778 0.786 0.81 0.837 0.839 0.838 0.86 0.884 0.895 0.903 -9999 -9999 -9999 -9999 -9999 -9999 -9999 -9999 -9999 -9999 -9999 -9999 -9999 -9999 0.859 -9999 -9999 -9999 -9999 -9999 -9999 -9999 -9999 -9999 -9999 -9999 -9999 -9999 -9999 -9999 -9999 -9999 -9999 -9999 -9999 -9999 -9999 -9999 -9999 -9999 -9999 -9999 -9999 -9999 -9999 -9999 -9999 -9999 -9999
-9999 -9999 -9999 -9999 -9999 0.61 0.619 0.635 0.639 0.639 0.648 0.667 0.676 0.684 0.703 0.719 0.736 -9999 0.774 0.78 0.808 0.841 0.845 0.843 0.861 0.87 0.883 -9999 -9999 -9999 -9999 -9999 -9999 -9999 -9999 -9999 -9999 -9999 -9999 -9999 -9999 -9999 -9999 -9999 -9999 -9999 -9999 -9999 -9999 -9999 -9999 -9999 -9999 -9999 -9999 -9999 -9999 -9999 -9999 -9999 -9999 -9999 -9999 -9999 -9999 -9999 -9999 -9999 -9999 -9999 -9999 -9999 -9999 -9999 -9999 -9999 -9999
-9999 -9999 -9999 -9999 -9999 0.607 0.618 0.635 0.635 0.635 0.644 0.657 0.655 0.659 0.679 0.695 0.723 0.751 0.762 0.77 0.801 0.835 0.838 0.838 0.85 0.859 0.876 -9999 -9999 -9999 -9999 -9999 -9999 -9999 -9999 -9999 -9999 -9999 -9999 -9999 -9999 -9999 -9999 -9999 -9999 -9999 -9999 -9999 -9999 -9999 -9999 -9999 -9999 -9999 -9999 -9999 -9999 -9999 -9999 -9999 -9999 -9999 -9999 -9999 -9999 -9999 -9999 -9999 -9999 -9999 -9999 -9999 -9999 -9999 -9999 -9999 -9999
-9999 -9999 -9999 -9999 0.607 0.61 0.621 0.626 0.628 0.633 0.637 0.63 0.628 0.642 0.656 0.675 0.706 0.74 0.752 0.76 0.787 0.808 0.815 0.827 0.839 0.849 -9999 -9999 -9999 -9999 -9999 -9999 -9999 -9999 -9999 -9999 -9999 -9999 -9999 -9999 -9999 -9999 -9999 -9999 -9999 -9999 -9999 -9999 -9999 -9999 -9999 -9999 -9999 -9999 -9999 -9999 -9999 -9999 -9999 -9999 -9999 -9999 -9999 -9999 -9999 -9999 -9999 -9999 -9999 -9999 -9999 -9999 -9999 -9999 -9999 -9999 -9999
