Validation/Results/raw data/ReClimate_05_2024_1_Temperatureweatherlogisticsltd.asc
NCOLS 192
NROWS 249
XLLCENTER -225160.85627316462
YLLCENTER 29788.11610251502
CELLSIZE 5000.0
NODATA_VALUE -9999
[rows 204 to 237 of 249, columns 75 to 149 of 192]
-9999 -9999 -9999 -9999 -0.746 -9999 -0.73 -0.716 -0.705 -0.695 -0.681 -0.668 -0.667 -0.667 -0.649 -0.631 -0.629 -0.63 -0.628 -0.63 -0.648 -0.668 -0.676 -0.684 -0.688 -0.693 -0.7 -0.709 -0.713 -0.718 -0.731 -0.748 -0.748 -0.748 -0.75 -0.754 -0.758 -0.762 -0.762 -0.762 -0.766 -0.77 -0.776 -0.787 -0.798 -0.811 -0.808 -0.804 -0.82 -0.839 -0.834 -0.824 -0.826 -0.83 -0.824 -0.818 -0.818 -0.82 -0.818 -0.817 -0.819 -0.823 -0.812 -0.797 -0.785 -0.776 -0.785 -0.798 -0.79 -0.781 -0.775 -0.771 -0.754 -0.733 -0.732
-9999 -9999 -9999 -9999 -9999 -9999 -9999 -9999 -0.69 -0.688 -0.679 -0.681 -0.675 -0.661 -0.645 -0.636 -0.632 -0.629 -0.622 -0.622 -0.63 -0.643 -0.651 -0.66 -0.665 -0.676 -0.682 -0.688 -0.691 -0.693 -0.7 -0.703 -0.699 -0.694 -0.7 -0.721 -0.727 -0.745 -0.742 -0.737 -0.741 -0.754 -0.758 -0.764 -0.773 -0.783 -0.782 -0.784 -0.799 -0.818 -0.815 -0.819 -0.82 -0.824 -0.817 -0.811 -0.811 -0.813 -0.811 -0.81 -0.817 -0.823 -0.805 -0.791 -0.787 -0.785 -0.786 -0.795 -0.797 -0.794 -0.787 -0.781 -0.765 -0.745 -0.74
-9999 -9999 -9999 -9999 -9999 -9999 -9999 -9999 -0.69 -0.688 -0.688 -0.689 -0.676 -0.662 -0.651 -0.641 -0.636 -0.632 -0.626 -0.621 -0.623 -0.629 -0.638 -0.646 -0.655 -0.665 -0.67 -0.676 -0.678 -0.68 -0.68 -0.682 -0.675 -0.669 -0.684 -0.704 -0.717 -0.735 -0.73 -0.725 -0.734 -0.746 -0.748 -0.753 -0.761 -0.77 -0.772 -0.775 -0.789 -0.807 -0.811 -0.815 -0.817 -0.82 -0.814 -0.808 -0.808 -0.811 -0.809 -0.808 -0.814 -0.824 -0.81 -0.795 -0.794 -0.795 -0.797 -0.801 -0.802 -0.806 -0.799 -0.793 -0.778 -0.76 -0.755
-9999 -9999 -9999 -9999 -9999 -9999 -0.717 -0.701 -0.694 -0.673 -9999 -0.692 -0.682 -0.674 -0.668 -0.662 -0.658 -9999 -0.643 -0.624 -0.621 -0.623 -0.625 -0.634 -0.644 -0.655 -0.656 -0.65 -0.651 -0.656 -0.658 -0.667 -0.663 -0.661 -0.674 -0.689 -0.701 -0.717 -0.716 -0.721 -0.728 -0.732 -0.737 -0.75 -0.758 -0.77 -0.773 -0.779 -0.787 -0.784 -0.798 -0.808 -0.806 -0.807 -0.796 -0.787 -0.797 -0.805 -0.8 -0.797 -0.794 -0.799 -0.804 -0.8 -0.798 -0.798 -0.799 -0.803 -0.794 -0.79 -0.787 -0.781 -0.784 -0.776 -0.768
-9999 -9999 -9999 -9999 -9999 -9999 -0.712 -9999 -9999 -9999 -0.681 -0.696 -0.689 -9999 -9999 -9999 -9999 -9999 -0.651 -0.629 -0.626 -0.623 -0.624 -0.627 -0.636 -0.647 -0.642 -0.636 -0.639 -0.643 -0.649 -0.658 -0.656 -0.654 -0.665 -0.679 -0.692 -0.708 -0.712 -0.718 -0.721 -0.725 -0.734 -0.747 -0.757 -0.768 -0.773 -0.779 -0.776 -0.773 -0.787 -0.804 -0.803 -0.801 -0.791 -0.78 -0.789 -0.803 -0.798 -0.793 -0.794 -0.796 -0.801 -0.808 -0.807 -0.806 -0.807 -0.811 -0.802 -0.793 -0.789 -0.786 -0.787 -0.79 -0.783
-9999 -9999 -9999 -9999 -9999 -9999 -9999 -9999 -0.73 -0.715 -0.717 -0.693 -0.693 -9999 -9999 -9999 -9999 -9999 -9999 -9999 -9999 -0.635 -0.63 -0.623 -0.627 -0.635 -0.633 -0.633 -0.635 -0.637 -0.645 -0.66 -0.662 -0.667 -0.675 -0.678 -0.687 -0.693 -0.699 -0.71 -0.714 -0.72 -0.73 -0.747 -0.751 -0.746 -0.752 -0.765 -0.765 -0.772 -0.783 -0.799 -0.798 -0.797 -0.803 -0.802 -0.799 -0.805 -0.801 -0.801 -0.8 -0.803 -0.802 -0.806 -0.81 -0.811 -0.804 -0.802 -0.803 -0.8 -0.802 -0.803 -0.792 -0.787 -0.781
-9999 -9999 -9999 -9999 -9999 -9999 -9999 -9999 -9999 -0.735 -9999 -9999 -9999 -9999 -9999 -9999 -9999 -9999 -9999 -0.662 -0.657 -0.644 -0.635 -0.626 -0.627 -0.633 -0.628 -0.628 -0.629 -0.631 -0.642 -0.657 -0.662 -0.668 -0.671 -0.675 -0.679 -0.685 -0.694 -0.705 -0.71 -0.716 -9999 -0.746 -0.742 -0.736 -0.746 -0.757 -0.763 -0.77 -0.781 -0.794 -0.796 -0.795 -0.801 -0.81 -0.807 -0.808 -0.808 -0.809 -0.81 -0.81 -0.81 -0.811 -0.815 -0.82 -0.813 -0.806 -0.807 -0.81 -0.812 -0.817 -0.807 -0.794 -0.788
-9999 -9999 -9999 -9999 -9999 -9999 -9999 -9999 -9999 -9999 -9999 -9999 -9999 -9999 -9999 -9999 -9999 -9999 -9999 -0.671 -0.665 -0.661 -0.656 -9999 -9999 -9999 -0.648 -0.633 -0.63 -0.629 -0.638 -0.647 -0.644 -0.63 -0.639 -0.664 -0.669 -0.677 -0.688 -0.703 -0.708 -9999 -0.714 -0.726 -0.725 -0.73 -0.737 -0.743 -0.751 -0.765 -0.771 -0.768 -0.786 -0.795 -0.794 -0.8 -0.803 -0.806 -0.808 -0.809 -0.823 -0.833 -0.821 -0.816 -0.815 -0.817 -0.811 -0.804 -0.81 -0.815 -0.814 -0.817 -0.818 -0.813 -0.804
-9999 -9999 -9999 -9999 -9999 -9999 -9999 -9999 -9999 -9999 -9999 -9999 -9999 -9999 -9999 -9999 -9999 -9999 -9999 -9999 -9999 -9999 -9999 -9999 -9999 -9999 -0.656 -0.64 -0.634 -0.628 -0.631 -0.639 -0.625 -0.612 -0.632 -0.657 -0.664 -0.673 -0.685 -9999 -9999 -0.697 -0.705 -0.716 -0.721 -0.726 -0.731 -0.737 -0.748 -0.762 -0.76 -0.758 -0.774 -0.796 -0.799 -0.802 -0.806 -0.812 -0.813 -0.815 -0.828 -0.846 -0.836 -0.824 -0.824 -0.823 -0.816 -0.811 -0.815 -0.824 -0.824 -0.824 -0.825 -0.827 -0.818
-9999 -9999 -9999 -9999 -9999 -9999 -9999 -9999 -9999 -9999 -9999 -9999 -9999 -9999 -9999 -9999 -9999 -9999 -9999 -9999 -9999 -9999 -9999 -9999 -9999 -9999 -0.656 -0.647 -0.639 -0.622 -0.618 -0.606 -0.6 -0.616 -0.632 -0.648 -9999 -9999 -9999 -9999 -9999 -0.678 -0.684 -0.691 -0.7 -0.723 -0.729 -0.739 -0.749 -0.758 -0.76 -0.77 -0.777 -0.793 -0.798 -0.803 -0.801 -0.802 -0.812 -0.817 -0.819 -0.829 -0.84 -0.841 -0.847 -0.851 -0.843 -0.837 -0.83 -0.831 -0.829 -0.828 -0.83 -0.833 -0.812
-9999 -9999 -9999 -9999 -9999 -9999 -9999 -9999 -9999 -9999 -9999 -9999 -9999 -9999 -9999 -9999 -9999 -9999 -9999 -9999 -9999 -9999 -9999 -9999 -9999 -9999 -9999 -9999 -0.648 -0.626 -0.612 -0.599 -0.609 -0.625 -0.635 -9999 -9999 -9999 -9999 -0.686 -0.68 -0.668 -0.673 -0.68 -0.699 -0.721 -0.73 -0.741 -0.751 -0.762 -0.771 -0.781 -0.789 -0.798 -0.804 -0.81 -0.808 -0.806 -0.814 -0.825 -0.826 -0.829 -0.839 -0.853 -0.86 -0.867 -0.86 -0.853 -0.846 -0.841 -0.838 -0.835 -0.837 -0.841 -0.82
-9999 -9999 -9999 -9999 -9999 -9999 -9999 -9999 -9999 -9999 -9999 -9999 -9999 -9999 -9999 -9999 -9999 -9999 -9999 -9999 -9999 -9999 -9999 -9999 -9999 -9999 -9999 -9999 -9999 -0.648 -0.64 -0.634 -0.642 -0.638 -9999 -9999 -9999 -9999 -0.684 -0.682 -0.676 -0.673 -0.678 -0.686 -0.698 -0.702 -0.712 -0.728 -0.737 -0.751 -0.759 -0.768 -0.788 -0.804 -0.809 -0.815 -0.818 -0.818 -0.817 -0.822 -0.828 -0.833 -0.83 -0.835 -0.85 -0.86 -0.864 -0.862 -0.854 -0.847 -0.841 -0.836 -0.837 -0.841 -0.823
-9999 -9999 -9999 -9999 -9999 -9999 -9999 -9999 -9999 -9999 -9999 -9999 -9999 -9999 -9999 -9999 -9999 -9999 -9999 -9999 -9999 -9999 -9999 -9999 -9999 -9999 -9999 -9999 -9999 -9999 -9999 -9999 -9999 -9999 -9999 -9999 -9999 -0.684 -0.686 -0.686 -0.685 -0.683 -0.688 -0.695 -0.698 -0.701 -0.714 -0.729 -0.74 -0.752 -0.76 -0.769 -0.787 -0.811 -0.816 -0.822 -0.826 -0.829 -0.828 -0.829 -0.834 -0.841 -0.839 -0.836 -0.849 -0.864 -0.867 -0.871 -0.863 -0.855 -0.849 -0.841 -0.842 -0.846 -0.828
-9999 -9999 -9999 -9999 -9999 -9999 -9999 -9999 -9999 -9999 -9999 -9999 -9999 -9999 -9999 -9999 -9999 -9999 -9999 -9999 -9999 -9999 -9999 -9999 -9999 -9999 -9999 -9999 -9999 -9999 -9999 -9999 -9999 -9999 -9999 -9999 -0.683 -0.688 -0.689 -0.689 -0.685 -0.678 -0.684 -0.694 -0.697 -0.704 -0.715 -0.727 -0.74 -0.762 -0.767 -0.769 -0.778 -0.794 -0.805 -0.814 -0.815 -0.816 -0.826 -0.831 -0.836 -0.844 -0.843 -0.841 -0.845 -0.854 -0.864 -0.872 -0.868 -0.862 -0.855 -0.848 -0.843 -0.843 -0.824
-9999 -9999 -9999 -9999 -9999 -9999 -9999 -9999 -9999 -9999 -9999 -9999 -9999 -9999 -9999 -9999 -9999 -9999 -9999 -9999 -9999 -9999 -9999 -9999 -9999 -9999 -9999 -9999 -9999 -9999 -9999 -9999 -9999 -9999 -9999 -9999 -0.691 -0.695 -0.695 -0.695 -0.689 -0.682 -0.689 -0.699 -0.705 -0.712 -0.721 -0.732 -0.75 -0.771 -0.773 -0.775 -0.783 -0.793 -0.804 -0.816 -0.817 -0.817 -0.828 -0.839 -0.844 -0.852 -0.851 -0.85 -0.853 -0.857 -0.866 -0.878 -0.874 -0.87 -0.863 -0.855 -0.851 -0.847 -0.828
-9999 -9999 -9999 -9999 -9999 -9999 -9999 -9999 -9999 -9999 -9999 -9999 -9999 -9999 -9999 -9999 -9999 -9999 -9999 -9999 -9999 -9999 -9999 -0.646 -0.642 -0.655 -0.645 -9999 -0.64 -9999 -9999 -9999 -9999 -9999 -9999 -9999 -9999 -0.682 -0.683 -0.691 -0.689 -0.694 -0.698 -0.698 -0.708 -0.727 -0.738 -0.751 -0.769 -0.79 -0.787 -0.787 -0.789 -0.796 -0.795 -0.8 -0.822 -0.834 -0.829 -0.832 -0.838 -0.844 -0.844 -0.843 -0.852 -0.858 -0.859 -0.865 -0.862 -0.857 -0.854 -0.849 -0.835 -0.826 -0.827
-9999 -9999 -9999 -9999 -9999 -9999 -9999 -9999 -9999 -9999 -9999 -9999 -9999 -9999 -9999 -9999 -9999 -9999 -9999 -9999 -0.687 -0.682 -0.665 -0.645 -0.646 -0.652 -0.643 -0.635 -0.637 -0.643 -0.657 -9999 -9999 -0.674 -0.684 -0.697 -0.69 -0.682 -0.688 -0.695 -0.699 -0.705 -0.704 -0.704 -0.72 -0.739 -0.751 -0.764 -0.782 -0.803 -0.8 -0.796 -0.799 -0.803 -0.802 -0.8 -0.82 -0.846 -0.841 -0.835 -0.842 -0.849 -0.85 -0.849 -0.856 -0.866 -0.866 -0.868 -0.863 -0.858 -0.854 -0.852 -0.838 -0.824 -0.823
-9999 -9999 -9999 -9999 -9999 -9999 -9999 -9999 -9999 -9999 -9999 -9999 -9999 -9999 -9999 -9999 -9999 -9999 -9999 -0.691 -0.688 -0.682 -0.661 -0.641 -0.638 -0.636 -0.627 -0.631 -0.628 -0.629 -0.644 -0.668 -0.664 -0.666 -0.671 -0.68 -0.675 -0.677 -0.684 -0.699 -0.702 -0.704 -0.702 -0.698 -0.71 -0.723 -0.732 -0.743 -0.765 -0.805 -0.802 -0.797 -0.805 -0.81 -0.811 -0.811 -0.824 -0.844 -0.834 -0.824 -0.847 -0.865 -0.857 -0.85 -0.854 -0.861 -0.869 -0.873 -0.86 -0.85 -0.846 -0.844 -0.832 -0.818 -0.815
-9999 -9999 -9999 -9999 -9999 -9999 -9999 -9999 -9999 -9999 -9999 -9999 -9999 -9999 -9999 -9999 -9999 -9999 -9999 -0.692 -0.69 -0.686 -0.666 -0.645 -0.639 -0.634 -0.633 -0.634 -0.629 -0.629 -0.646 -0.668 -0.668 -0.667 -0.672 -0.678 -0.679 -0.681 -0.692 -0.706 -0.708 -0.71 -0.706 -0.702 -0.711 -0.722 -0.73 -0.74 -0.772 -0.811 -0.808 -0.803 -0.81 -0.818 -0.82 -0.821 -0.834 -0.85 -0.84 -0.827 -0.848 -0.876 -0.869 -0.858 -0.861 -0.868 -0.873 -0.881 -0.868 -0.853 -0.849 -0.847 -0.834 -0.822 -0.818
-9999 -9999 -9999 -9999 -9999 -9999 -9999 -9999 -9999 -9999 -9999 -9999 -9999 -9999 -9999 -9999 -9999 -9999 -9999 -0.693 -0.694 -0.663 -0.649 -0.648 -0.642 -0.64 -0.636 -0.627 -0.625 -0.633 -0.648 -0.661 -0.664 -0.676 -0.685 -0.703 -0.699 -0.682 -0.693 -0.706 -0.709 -0.712 -0.707 -0.701 -0.708 -0.718 -0.728 -0.744 -0.77 -0.795 -0.794 -0.799 -0.805 -0.812 -0.816 -0.818 -0.82 -0.828 -0.837 -0.836 -0.839 -0.854 -0.862 -0.86 -0.864 -0.87 -0.874 -0.879 -0.867 -0.854 -0.858 -0.861 -0.854 -0.846 -0.82
-9999 -9999 -9999 -9999 -9999 -9999 -9999 -9999 -9999 -9999 -9999 -9999 -9999 -9999 -9999 -0.69 -0.693 -9999 -0.696 -0.695 -0.678 -0.66 -0.657 -0.655 -0.65 -0.648 -0.639 -0.63 -0.633 -0.642 -0.652 -0.665 -0.674 -0.686 -0.701 -0.719 -0.705 -0.689 -0.699 -0.712 -0.715 -0.719 -0.713 -0.706 -0.713 -0.722 -0.735 -0.751 -0.77 -0.793 -0.797 -0.803 -0.809 -0.815 -0.819 -0.823 -0.825 -0.827 -0.835 -0.846 -0.849 -0.853 -0.859 -0.866 -0.869 -0.874 -0.877 -0.883 -0.872 -0.861 -0.864 -0.872 -0.865 -0.86 -0.836
-9999 -9999 -9999 -9999 -9999 -9999 -9999 -9999 -9999 -9999 -9999 -9999 -9999 -9999 -9999 -0.7 -0.696 -0.687 -0.681 -0.679 -0.67 -0.673 -0.669 -0.665 -0.66 -0.655 -0.645 -0.636 -0.634 -0.632 -0.642 -0.659 -0.666 -0.674 -0.684 -0.694 -0.682 -0.676 -0.685 -0.698 -0.704 -0.72 -0.717 -0.717 -0.723 -0.732 -0.747 -0.768 -0.781 -0.786 -0.791 -0.801 -0.811 -0.819 -0.817 -0.817 -0.833 -0.844 -0.844 -0.849 -0.854 -0.859 -0.863 -0.868 -0.872 -0.877 -0.872 -0.874 -0.854 -0.836 -0.844 -0.853 -0.841 -0.831 -0.845
-9999 -9999 -9999 -9999 -9999 -9999 -9999 -9999 -9999 -9999 -9999 -9999 -9999 -9999 -0.702 -0.707 -0.697 -0.686 -0.682 -0.678 -0.68 -0.683 -0.68 -0.676 -0.669 -0.664 -0.654 -0.644 -0.637 -0.634 -0.647 -0.663 -0.668 -0.675 -0.682 -0.69 -0.684 -0.677 -0.686 -0.697 -0.71 -0.726 -0.726 -0.727 -0.733 -0.742 -0.759 -0.78 -0.784 -0.788 -0.796 -0.806 -0.815 -0.826 -0.824 -0.821 -0.837 -0.857 -0.858 -0.857 -0.862 -0.867 -0.87 -0.873 -0.875 -0.88 -0.876 -0.873 -0.853 -0.83 -0.836 -0.848 -0.836 -0.824 -0.837
-9999 -9999 -9999 -9999 -9999 -9999 -9999 -9999 -9999 -9999 -9999 -9999 -9999 -9999 -9999 -0.719 -0.712 -0.71 -0.702 -0.684 -0.682 -0.674 -0.672 -0.674 -0.668 -0.663 -0.653 -0.647 -0.639 -0.637 -0.651 -0.671 -0.674 -0.673 -0.677 -0.679 -0.68 -0.697 -0.704 -0.712 -0.72 -0.723 -0.723 -0.723 -0.73 -0.744 -0.754 -0.759 -0.767 -0.789 -0.79 -0.795 -0.805 -0.816 -0.829 -0.835 -0.84 -0.853 -0.861 -9999 -0.872 -0.877 -0.872 -0.87 -0.871 -0.875 -0.864 -0.856 -0.839 -0.818 -0.836 -0.853 -0.873 -0.883 -0.852
-9999 -9999 -9999 -9999 -9999 -9999 -9999 -9999 -9999 -9999 -9999 -9999 -9999 -9999 -0.725 -0.728 -0.726 -0.724 -0.709 -0.692 -0.683 -0.675 -0.676 -0.678 -0.673 -0.668 -0.661 -0.654 -0.647 -0.645 -0.661 -0.681 -0.68 -0.678 -0.68 -0.682 -0.695 -0.711 -0.716 -0.723 -0.725 -0.727 -0.727 -0.728 -0.738 -0.75 -0.752 -0.756 -0.773 -0.795 -0.795 -0.796 -0.805 -0.818 -0.83 -0.845 -0.851 -0.857 -0.865 -0.874 -9999 -0.883 -9999 -0.872 -9999 -0.876 -9999 -0.853 -0.836 -0.817 -0.833 -0.857 -0.876 -0.897 -9999
-9999 -9999 -9999 -9999 -9999 -9999 -9999 -9999 -9999 -9999 -9999 -9999 -9999 -9999 -0.728 -0.722 -0.718 -0.711 -0.697 -0.685 -0.678 -0.676 -0.68 -0.692 -0.684 -0.667 -0.658 -0.646 -0.641 -0.65 -0.663 -0.672 -0.674 -0.684 -0.686 -0.692 -0.698 -0.694 -0.701 -0.721 -0.722 -0.727 -0.727 -0.729 -0.735 -0.739 -0.745 -0.765 -0.776 -0.777 -0.777 -0.779 -0.785 -0.793 -0.819 -0.841 -0.855 -0.869 -0.876 -0.881 -9999 -9999 -0.887 -0.887 -9999 -9999 -0.863 -0.859 -0.86 -9999 -9999 -9999 -9999 -9999 -9999
-9999 -9999 -9999 -9999 -9999 -9999 -9999 -9999 -9999 -9999 -9999 -9999 -9999 -0.722 -0.721 -0.723 -0.716 -0.71 -0.699 -0.687 -0.683 -0.681 -0.69 -0.702 -0.687 -0.671 -0.66 -0.649 -0.651 -0.658 -0.666 -0.675 -0.683 -0.693 -0.697 -0.703 -0.699 -0.694 -0.708 -0.726 -0.729 -0.733 -0.734 -0.736 -0.738 -0.741 -0.756 -0.775 -0.776 -0.776 -0.778 -0.781 -0.786 -0.793 -0.816 -0.847 -0.86 -9999 -9999 -9999 -0.888 -9999 -9999 -9999 -9999 -9999 -9999 -0.871 -9999 -9999 -9999 -9999 -9999 -9999 -9999
-9999 -9999 -9999 -9999 -9999 -9999 -9999 -9999 -9999 -9999 -9999 -9999 -0.718 -0.699 -0.701 -0.709 -0.703 -0.698 -0.687 -0.678 -0.675 -0.675 -0.681 -0.685 -0.67 -0.657 -0.647 -0.64 -0.643 -0.659 -0.669 -0.684 -0.687 -0.682 -0.696 -9999 -9999 -9999 -9999 -9999 -0.757 -0.757 -0.761 -0.76 -0.762 -0.763 -0.775 -0.786 -0.783 -0.772 -9999 -0.803 -9999 -9999 -9999 -9999 -9999 -0.892 -0.891 -0.868 -0.878 -0.887 -0.893 -9999 -9999 -9999 -9999 -9999 -9999 -9999 -9999 -9999 -9999 -9999 -9999
-9999 -9999 -9999 -9999 -9999 -9999 -9999 -9999 -9999 -9999 -9999 -0.717 -0.704 -0.695 -0.7 -0.708 -0.702 -0.697 -0.689 -0.68 -0.678 -0.678 -0.68 -0.683 -0.67 -0.656 -0.649 -0.642 -0.649 -0.665 -0.677 -0.694 -9999 -9999 -9999 -9999 -9999 -9999 -9999 -9999 -9999 -9999 -0.778 -0.777 -0.777 -0.778 -0.787 -0.798 -0.788 -0.778 -0.799 -9999 -9999 -9999 -9999 -9999 -9999 -9999 -0.877 -0.863 -0.872 -0.885 -9999 -9999 -9999 -9999 -9999 -9999 -9999 -9999 -9999 -9999 -9999 -9999 -9999
-9999 -9999 -9999 -9999 -9999 -9999 -9999 -9999 -9999 -0.718 -0.717 -0.703 -0.696 -0.693 -0.7 -0.713 -0.704 -0.686 -0.679 -0.679 -0.671 -0.65 -0.649 -0.649 -0.642 -0.65 -0.646 -0.652 -0.657 -0.664 -9999 -9999 -9999 -9999 -9999 -9999 -9999 -9999 -9999 -9999 -9999 -9999 -9999 -0.788 -9999 -9999 -9999 -9999 -9999 -0.808 -0.818 -9999 -9999 -9999 -9999 -9999 -9999 -9999 -9999 -9999 -0.882 -0.881 -9999 -9999 -9999 -9999 -9999 -9999 -9999 -9999 -9999 -9999 -9999 -9999 -9999
-9999 -9999 -9999 -9999 -9999 -9999 -9999 -9999 -0.714 -9999 -0.71 -0.7 -0.699 -0.698 -0.707 -0.72 -0.704 -0.686 -0.684 -0.684 -0.665 -0.645 -0.643 -0.641 -0.646 -0.654 -0.657 -0.662 -0.662 -0.673 -9999 -9999 -9999 -9999 -9999 -9999 -9999 -9999 -9999 -9999 -9999 -9999 -9999 -9999 -0.796 -9999 -9999 -9999 -9999 -9999 -9999 -9999 -9999 -9999 -9999 -9999 -9999 -9999 -9999 -9999 -9999 -9999 -9999 -9999 -9999 -9999 -9999 -9999 -9999 -9999 -9999 -9999 -9999 -9999 -9999
-9999 -9999 -9999 -9999 -9999 -9999 -9999 -0.708 -0.712 -0.706 -0.698 -0.69 -0.689 -0.687 -0.696 -0.71 -0.696 -0.683 -0.681 -9999 -0.668 -0.659 -0.656 -0.651 -0.655 -0.658 -0.664 -0.679 -0.68 -9999 -9999 -9999 -9999 -9999 -9999 -9999 -9999 -9999 -9999 -9999 -9999 -9999 -9999 -9999 -9999 -9999 -9999 -9999 -9999 -9999 -9999 -9999 -9999 -9999 -9999 -9999 -9999 -9999 -9999 -9999 -9999 -9999 -9999 -9999 -9999 -9999 -9999 -9999 -9999 -9999 -9999 -9999 -9999 -9999 -9999
-9999 -9999 -9999 -9999 -9999 -9999 -9999 -0.706 -0.704 -0.702 -0.695 -0.686 -0.685 -0.684 -0.696 -0.711 -0.7 -0.688 -0.687 -0.687 -0.679 -0.671 -0.667 -0.662 -0.663 -0.666 -0.677 -0.691 -0.693 -9999 -9999 -9999 -9999 -9999 -9999 -9999 -9999 -9999 -9999 -9999 -9999 -9999 -9999 -9999 -9999 -9999 -9999 -9999 -9999 -9999 -9999 -9999 -9999 -9999 -9999 -9999 -9999 -9999 -9999 -9999 -9999 -9999 -9999 -9999 -9999 -9999 -9999 -9999 -9999 -9999 -9999 -9999 -9999 -9999 -9999
-9999 -9999 -9999 -9999 -9999 -9999 -0.7 -0.686 -0.685 -0.688 -0.679 -0.666 -0.664 -0.665 -0.683 -0.714 -0.707 -0.698 -0.695 -0.688 -0.68 -0.671 -0.674 -0.692 -0.688 -0.674 -0.684 -0.698 -9999 -9999 -9999 -9999 -9999 -9999 -9999 -9999 -9999 -9999 -9999 -9999 -9999 -9999 -9999 -9999 -9999 -9999 -9999 -9999 -9999 -9999 -9999 -9999 -9999 -9999 -9999 -9999 -9999 -9999 -9999 -9999 -9999 -9999 -9999 -9999 -9999 -9999 -9999 -9999 -9999 -9999 -9999 -9999 -9999 -9999 -9999
