Validation/Results/raw data/ReClimate_05_2024_2_Temperature-Actualsweatherlogisticsltd.asc
NCOLS 192
NROWS 249
XLLCENTER -225160.85627316462
YLLCENTER 29788.11610251502
CELLSIZE 5000.0
NODATA_VALUE -9999
[rows 136 to 169 of 249, columns 75 to 149 of 192]
14.579 -9999 -9999 -9999 -9999 -9999 -9999 -9999 -9999 -9999 14.241 -9999 14.39 13.982 14.076 14.154 14.459 14.607 14.527 14.18 13.02 13.365 13.555 13.706 14.326 14.249 14.022 14.166 13.772 13.65 -9999 -9999 -9999 -9999 -9999 -9999 15.082 15.17 15.121 14.929 14.873 14.761 14.266 14.044 14.402 14.507 14.59 15.111 14.847 14.735 15.262 15.639 15.969 15.932 16.28 16.498 16.549 16.292 16.198 -9999 -9999 -9999 -9999 -9999 -9999 -9999 -9999 -9999 -9999 -9999 -9999 -9999 -9999 -9999 -9999
14.0 15.382 -9999 -9999 -9999 -9999 -9999 -9999 -9999 -9999 14.286 14.33 14.469 14.571 14.307 14.28 14.413 14.529 14.717 14.259 13.786 13.138 13.425 13.774 14.333 14.09 13.92 14.268 13.888 14.29 -9999 -9999 -9999 -9999 14.886 14.998 15.078 15.168 15.231 15.196 15.045 14.324 13.581 13.736 14.088 13.81 14.65 14.596 14.404 15.075 15.04 15.422 16.094 16.2 15.789 16.211 16.497 16.256 16.335 -9999 -9999 -9999 -9999 -9999 -9999 -9999 -9999 -9999 -9999 -9999 -9999 -9999 -9999 -9999 -9999
14.938 14.912 15.029 -9999 -9999 -9999 -9999 -9999 -9999 -9999 14.171 14.421 14.387 -9999 -9999 14.303 14.315 14.5 14.569 -9999 14.397 14.171 14.141 14.191 14.381 13.922 14.17 14.437 -9999 -9999 -9999 -9999 -9999 14.724 14.889 14.986 15.066 15.071 15.088 15.14 14.781 14.092 13.049 12.955 13.663 13.475 14.207 13.756 14.165 14.643 14.615 15.347 15.535 15.706 15.766 16.058 16.356 16.213 16.295 -9999 -9999 -9999 -9999 -9999 -9999 -9999 -9999 -9999 -9999 -9999 -9999 -9999 -9999 -9999 -9999
14.552 14.276 14.957 -9999 -9999 -9999 -9999 -9999 -9999 -9999 -9999 14.333 14.568 -9999 -9999 -9999 14.498 14.352 14.471 14.555 -9999 -9999 14.374 14.388 14.334 13.796 13.789 -9999 -9999 -9999 -9999 -9999 14.434 14.598 14.814 14.922 14.913 14.843 14.938 14.701 14.566 14.315 13.285 13.137 12.514 13.366 12.985 12.974 13.623 14.158 14.112 14.541 15.291 15.467 15.461 15.999 16.375 16.1 15.965 -9999 -9999 -9999 -9999 -9999 -9999 -9999 -9999 -9999 -9999 -9999 -9999 -9999 -9999 -9999 -9999
14.562 15.327 -9999 -9999 -9999 -9999 -9999 -9999 -9999 -9999 -9999 -9999 14.42 -9999 -9999 -9999 -9999 14.449 14.173 14.199 -9999 -9999 -9999 14.332 14.367 -9999 -9999 -9999 -9999 -9999 -9999 -9999 14.479 14.734 14.732 14.481 14.237 14.386 14.558 14.581 14.863 14.602 13.901 12.842 12.828 12.986 12.231 12.594 13.174 13.897 13.828 14.039 14.778 15.366 15.766 16.095 16.3 16.03 15.928 -9999 -9999 -9999 -9999 -9999 -9999 -9999 -9999 -9999 -9999 -9999 -9999 -9999 -9999 -9999 -9999
15.831 -9999 -9999 -9999 -9999 -9999 -9999 -9999 -9999 -9999 -9999 -9999 13.984 -9999 -9999 -9999 -9999 -9999 14.319 14.12 -9999 -9999 -9999 -9999 -9999 -9999 -9999 -9999 -9999 -9999 -9999 -9999 14.623 14.323 14.055 13.826 13.642 13.929 14.219 14.498 14.741 14.619 14.172 13.039 11.98 11.498 12.029 12.67 13.937 14.279 14.479 14.813 14.977 15.046 15.663 16.153 16.164 15.953 15.974 16.281 -9999 -9999 -9999 -9999 -9999 -9999 -9999 -9999 -9999 -9999 -9999 -9999 -9999 -9999 -9999
-9999 15.714 15.371 15.213 15.487 -9999 -9999 -9999 -9999 -9999 -9999 -9999 13.861 -9999 -9999 -9999 -9999 -9999 -9999 -9999 -9999 -9999 -9999 -9999 -9999 -9999 -9999 -9999 -9999 -9999 -9999 14.563 14.328 14.288 14.308 13.913 12.903 13.581 13.863 14.028 14.556 14.568 14.813 13.298 11.671 11.278 12.413 13.16 12.641 12.721 13.687 14.412 15.494 15.644 15.676 15.846 15.938 16.052 16.107 16.399 16.777 -9999 -9999 -9999 -9999 -9999 -9999 -9999 -9999 -9999 -9999 -9999 -9999 -9999 -9999
16.14 15.513 15.405 15.527 15.483 -9999 -9999 -9999 -9999 -9999 -9999 -9999 -9999 -9999 -9999 -9999 -9999 -9999 -9999 -9999 -9999 -9999 -9999 -9999 -9999 -9999 -9999 -9999 -9999 -9999 14.564 14.542 14.257 14.286 14.099 13.581 11.55 12.389 13.821 14.228 14.497 14.996 14.801 14.167 12.691 11.546 12.359 12.681 13.062 13.509 13.625 14.187 14.903 15.777 15.962 16.086 16.063 16.12 16.327 16.73 17.07 -9999 -9999 -9999 -9999 -9999 -9999 -9999 -9999 -9999 -9999 -9999 -9999 -9999 -9999
15.631 15.656 15.795 -9999 15.647 15.531 -9999 -9999 -9999 -9999 -9999 -9999 -9999 -9999 -9999 -9999 -9999 -9999 -9999 -9999 -9999 -9999 -9999 -9999 -9999 -9999 -9999 -9999 -9999 -9999 13.961 14.102 14.308 13.178 12.869 13.187 13.432 13.174 13.185 13.893 14.285 14.573 14.899 14.822 13.804 13.159 12.132 12.946 13.525 13.915 14.255 14.816 15.293 15.613 15.738 16.057 16.113 16.211 16.338 16.763 17.263 17.358 17.193 -9999 -9999 -9999 -9999 -9999 -9999 -9999 -9999 -9999 -9999 -9999 -9999
15.352 15.582 15.766 -9999 -9999 15.503 -9999 -9999 -9999 -9999 -9999 -9999 -9999 -9999 -9999 -9999 -9999 -9999 -9999 -9999 -9999 -9999 -9999 -9999 -9999 -9999 -9999 -9999 -9999 -9999 14.036 14.071 13.569 12.567 13.999 14.028 13.04 12.571 13.522 13.656 13.465 14.441 14.382 14.914 15.039 14.131 13.625 13.277 13.695 14.115 14.727 15.021 15.398 15.738 16.076 16.151 16.346 16.23 16.46 16.771 17.152 16.848 16.788 16.687 16.823 16.387 -9999 -9999 -9999 -9999 -9999 -9999 -9999 -9999 -9999
15.358 15.391 15.668 15.849 -9999 15.468 -9999 -9999 -9999 -9999 -9999 -9999 -9999 -9999 -9999 -9999 -9999 -9999 -9999 -9999 -9999 -9999 -9999 -9999 -9999 -9999 -9999 -9999 -9999 14.726 14.165 13.838 12.825 12.168 12.05 12.922 13.298 13.409 13.202 12.691 13.88 13.183 14.025 14.608 14.948 14.857 14.726 14.264 13.655 14.036 14.622 14.992 15.257 15.592 16.004 16.39 16.465 16.487 16.617 16.852 16.989 16.896 16.025 15.997 16.072 16.041 16.361 16.102 -9999 -9999 -9999 -9999 -9999 -9999 -9999
15.353 15.587 15.756 -9999 15.555 -9999 -9999 -9999 -9999 -9999 -9999 -9999 -9999 -9999 -9999 -9999 -9999 -9999 -9999 -9999 -9999 -9999 -9999 -9999 -9999 -9999 -9999 -9999 -9999 -9999 14.652 13.951 12.686 12.395 12.788 11.206 12.312 13.54 13.046 13.656 12.491 12.881 13.938 14.46 14.54 14.76 14.51 12.76 13.206 13.455 13.499 13.906 14.838 15.314 15.794 16.307 16.557 16.61 16.723 16.943 17.071 16.955 16.333 16.011 16.297 16.284 16.112 16.106 16.091 -9999 -9999 -9999 -9999 -9999 -9999
15.459 15.78 15.871 15.693 15.334 -9999 -9999 -9999 -9999 -9999 -9999 -9999 -9999 -9999 -9999 -9999 -9999 -9999 -9999 -9999 -9999 -9999 -9999 -9999 -9999 -9999 -9999 -9999 -9999 -9999 -9999 14.495 14.044 14.132 12.477 12.422 13.085 14.393 14.748 13.305 13.34 13.874 14.145 13.88 13.996 14.44 13.435 13.121 13.004 12.506 13.075 13.892 14.266 15.149 15.716 16.301 16.593 16.652 16.763 16.916 16.245 16.047 15.495 14.905 15.29 15.697 16.244 16.074 16.056 16.438 -9999 -9999 -9999 -9999 -9999
15.521 15.867 15.865 15.459 -9999 -9999 -9999 -9999 -9999 -9999 -9999 -9999 -9999 -9999 -9999 -9999 -9999 -9999 -9999 -9999 -9999 -9999 -9999 -9999 -9999 -9999 -9999 -9999 -9999 -9999 -9999 14.966 14.728 14.36 13.52 12.776 12.608 14.489 14.008 14.367 14.78 14.835 14.548 14.019 13.004 14.108 13.356 12.711 13.259 14.206 14.467 14.474 14.741 15.113 15.955 16.515 16.731 16.774 16.63 16.225 15.863 15.464 15.694 15.509 15.436 15.356 15.502 15.85 15.945 16.251 16.902 -9999 -9999 -9999 -9999
15.489 15.515 15.418 15.359 -9999 -9999 -9999 -9999 -9999 -9999 -9999 -9999 -9999 -9999 -9999 -9999 -9999 -9999 -9999 -9999 -9999 -9999 -9999 -9999 -9999 -9999 -9999 -9999 -9999 -9999 -9999 -9999 14.152 13.752 13.638 13.039 14.203 14.14 14.708 15.077 15.279 15.149 14.824 14.218 14.381 12.929 13.367 13.675 13.692 14.236 14.369 14.304 15.201 15.507 16.161 16.571 16.856 16.9 16.591 16.153 15.922 15.757 15.644 15.699 15.765 15.709 15.66 15.758 16.169 16.346 16.714 -9999 -9999 -9999 -9999
-9999 -9999 -9999 -9999 -9999 -9999 -9999 -9999 -9999 -9999 -9999 -9999 -9999 -9999 -9999 -9999 -9999 -9999 -9999 -9999 -9999 -9999 -9999 -9999 -9999 -9999 -9999 -9999 -9999 -9999 -9999 -9999 14.935 13.34 14.076 14.992 14.589 14.921 15.005 15.51 15.576 15.035 14.985 14.988 12.969 13.702 13.419 13.441 13.421 14.45 14.609 14.892 15.172 15.765 16.11 16.607 16.875 16.971 16.833 16.117 15.662 15.816 16.036 16.067 16.158 16.13 16.145 15.921 15.89 16.43 16.438 16.959 -9999 -9999 -9999
-9999 -9999 -9999 -9999 -9999 -9999 -9999 -9999 -9999 -9999 -9999 -9999 -9999 -9999 -9999 -9999 -9999 -9999 -9999 -9999 -9999 -9999 -9999 -9999 -9999 -9999 -9999 -9999 -9999 -9999 -9999 -9999 -9999 14.731 15.451 15.252 15.0 15.189 15.138 15.637 15.604 15.281 15.283 14.419 13.454 12.996 13.04 12.706 13.373 13.512 13.946 14.603 14.748 15.316 16.006 16.52 16.834 16.855 16.806 16.665 15.66 15.53 16.214 16.697 16.672 16.734 16.773 16.779 16.667 16.848 17.029 16.847 -9999 -9999 -9999
-9999 -9999 -9999 -9999 -9999 -9999 -9999 -9999 -9999 -9999 -9999 -9999 -9999 -9999 -9999 -9999 -9999 -9999 -9999 -9999 -9999 -9999 -9999 -9999 -9999 -9999 -9999 -9999 -9999 -9999 -9999 -9999 -9999 15.127 -9999 15.241 15.588 15.287 15.294 -9999 15.667 15.362 15.281 14.538 13.411 13.456 13.466 12.989 13.431 13.487 12.879 13.878 14.388 14.823 15.409 16.254 16.708 16.793 16.788 16.797 16.671 16.218 16.533 16.896 16.883 16.766 16.849 16.975 17.072 17.13 16.759 16.452 16.474 -9999 -9999
-9999 -9999 -9999 -9999 -9999 -9999 -9999 -9999 -9999 -9999 -9999 -9999 -9999 -9999 -9999 -9999 -9999 -9999 -9999 -9999 -9999 -9999 -9999 -9999 -9999 -9999 -9999 -9999 -9999 -9999 -9999 -9999 -9999 -9999 15.61 15.456 -9999 -9999 -9999 -9999 15.833 15.645 15.73 15.142 14.74 13.805 13.7 13.556 13.483 14.387 13.985 13.383 14.341 14.682 15.388 16.02 16.605 16.844 16.931 16.948 16.92 16.735 16.526 16.733 16.685 16.662 16.822 16.85 16.685 16.734 16.939 16.703 16.468 16.324 16.392
-9999 -9999 -9999 -9999 -9999 -9999 -9999 -9999 -9999 -9999 -9999 -9999 -9999 -9999 -9999 -9999 -9999 -9999 -9999 -9999 -9999 -9999 -9999 -9999 -9999 -9999 -9999 -9999 -9999 -9999 -9999 -9999 -9999 -9999 15.509 15.616 -9999 -9999 -9999 -9999 15.941 15.612 15.916 15.533 14.79 15.043 14.915 14.077 14.047 14.316 14.579 13.518 14.245 14.685 15.131 15.803 16.54 16.91 17.026 17.101 17.09 17.022 16.873 16.753 16.75 16.742 16.781 16.657 16.429 16.286 16.457 16.717 16.807 16.737 16.686
-9999 -9999 -9999 -9999 -9999 -9999 -9999 -9999 -9999 -9999 -9999 -9999 -9999 -9999 -9999 -9999 -9999 -9999 -9999 -9999 -9999 -9999 -9999 -9999 -9999 -9999 -9999 -9999 -9999 -9999 -9999 -9999 -9999 -9999 15.582 -9999 -9999 -9999 -9999 16.074 15.738 15.484 14.856 14.551 14.665 14.791 14.965 14.436 13.984 14.666 14.735 14.702 14.235 14.881 15.275 15.813 16.293 16.784 16.926 17.086 17.206 17.235 17.218 17.148 17.103 16.832 16.355 16.328 16.338 16.459 16.631 16.867 16.993 16.984 -9999
-9999 -9999 -9999 -9999 -9999 -9999 -9999 -9999 -9999 -9999 -9999 -9999 -9999 -9999 -9999 -9999 -9999 -9999 -9999 -9999 -9999 -9999 -9999 -9999 -9999 -9999 -9999 -9999 -9999 -9999 -9999 -9999 -9999 -9999 -9999 -9999 -9999 -9999 -9999 15.747 15.314 14.462 13.697 13.451 14.123 14.907 14.926 15.164 15.094 15.293 15.171 15.03 14.814 14.911 15.458 15.866 16.196 16.6 16.846 17.025 17.244 17.406 17.448 17.363 17.259 17.109 16.282 15.825 16.44 16.721 16.987 17.081 17.134 17.021 -9999
-9999 -9999 -9999 -9999 -9999 -9999 -9999 -9999 -9999 -9999 -9999 -9999 -9999 -9999 -9999 -9999 -9999 -9999 -9999 -9999 -9999 -9999 -9999 -9999 -9999 -9999 -9999 -9999 -9999 -9999 -9999 -9999 -9999 -9999 -9999 -9999 -9999 -9999 -9999 15.587 15.301 14.642 13.876 13.984 14.65 14.896 15.336 15.376 15.403 15.497 15.486 15.766 15.297 15.306 15.441 15.781 16.116 16.524 16.875 16.982 17.182 17.498 17.513 17.413 17.306 17.231 16.81 16.144 16.387 16.853 17.057 17.185 17.163 17.064 -9999
-9999 -9999 -9999 -9999 -9999 -9999 -9999 -9999 -9999 -9999 -9999 -9999 -9999 -9999 -9999 -9999 -9999 -9999 -9999 -9999 -9999 -9999 -9999 -9999 -9999 -9999 -9999 -9999 -9999 -9999 -9999 -9999 -9999 -9999 -9999 -9999 -9999 -9999 15.685 15.643 15.292 14.466 13.978 13.793 14.593 14.707 15.633 15.363 15.431 15.196 15.285 15.241 16.073 16.06 16.255 16.236 16.524 16.506 16.741 16.931 16.999 17.158 17.458 17.37 17.29 17.202 17.131 16.655 16.555 16.844 17.063 17.17 17.188 17.093 16.975
-9999 -9999 -9999 -9999 -9999 -9999 -9999 -9999 -9999 -9999 -9999 -9999 -9999 -9999 -9999 -9999 -9999 -9999 -9999 -9999 -9999 -9999 -9999 -9999 -9999 -9999 -9999 -9999 -9999 -9999 -9999 -9999 -9999 -9999 -9999 -9999 -9999 -9999 15.809 15.837 15.594 15.146 14.415 15.22 15.134 15.79 15.237 14.813 14.954 14.655 14.909 15.628 15.5 16.082 16.158 16.204 16.325 16.566 16.602 16.797 16.976 17.059 17.186 17.25 17.17 17.148 17.15 17.071 16.707 16.77 17.013 17.164 17.252 17.173 17.022
-9999 -9999 -9999 -9999 -9999 -9999 -9999 -9999 -9999 -9999 -9999 -9999 -9999 -9999 -9999 -9999 -9999 -9999 -9999 -9999 -9999 -9999 -9999 -9999 -9999 -9999 -9999 -9999 -9999 -9999 -9999 -9999 -9999 -9999 -9999 -9999 -9999 15.802 15.886 15.882 16.006 15.536 15.545 15.503 15.804 15.748 15.114 15.105 14.853 14.482 14.818 15.4 16.376 16.089 16.63 16.668 16.595 16.454 16.593 16.727 16.935 16.99 17.032 17.115 17.079 17.064 17.107 17.093 16.9 16.651 16.92 17.323 17.484 17.371 17.173
-9999 -9999 -9999 -9999 -9999 -9999 -9999 -9999 -9999 -9999 -9999 -9999 -9999 -9999 -9999 -9999 -9999 -9999 -9999 -9999 -9999 -9999 -9999 -9999 -9999 -9999 -9999 -9999 -9999 -9999 -9999 -9999 -9999 -9999 -9999 -9999 -9999 15.888 15.73 15.864 15.953 15.845 15.771 15.809 15.65 15.419 15.624 15.408 14.704 13.725 14.213 14.83 15.732 16.404 16.426 16.937 17.131 16.904 16.612 16.753 16.921 17.004 17.018 17.088 17.088 17.07 17.099 17.127 16.941 16.701 17.0 17.561 17.766 17.668 17.371
-9999 -9999 -9999 -9999 -9999 -9999 -9999 -9999 -9999 -9999 -9999 -9999 -9999 -9999 -9999 -9999 -9999 -9999 -9999 -9999 -9999 -9999 -9999 -9999 -9999 -9999 -9999 -9999 -9999 -9999 -9999 -9999 -9999 -9999 -9999 -9999 -9999 15.834 15.848 15.969 16.065 16.044 15.99 15.69 15.474 15.425 15.106 14.528 13.79 13.857 14.297 14.77 15.515 16.223 16.294 16.427 16.981 17.259 17.109 16.953 17.038 17.061 17.052 17.114 17.124 17.103 17.119 17.123 17.151 17.008 17.15 17.639 17.845 17.722 17.5
-9999 -9999 -9999 -9999 -9999 -9999 -9999 -9999 -9999 -9999 -9999 -9999 -9999 -9999 -9999 -9999 -9999 -9999 -9999 -9999 -9999 -9999 -9999 -9999 -9999 -9999 -9999 -9999 -9999 -9999 -9999 -9999 -9999 -9999 -9999 -9999 -9999 -9999 15.903 15.98 16.079 16.055 15.608 15.151 14.946 14.868 14.87 14.682 14.246 14.561 14.695 15.353 16.349 16.6 16.65 16.445 16.916 17.237 17.078 16.985 17.082 17.095 17.087 17.138 17.17 17.149 17.128 17.125 17.111 17.2 17.271 -9999 17.637 -9999 17.455
-9999 -9999 -9999 -9999 -9999 -9999 -9999 -9999 -9999 -9999 -9999 -9999 -9999 -9999 -9999 -9999 -9999 -9999 -9999 -9999 -9999 -9999 -9999 -9999 -9999 -9999 -9999 -9999 -9999 -9999 -9999 -9999 -9999 -9999 -9999 -9999 -9999 15.927 15.937 15.968 16.054 15.9 15.284 14.504 14.481 14.764 14.412 14.406 14.708 14.472 14.262 14.956 15.88 16.871 16.673 16.728 17.104 17.192 17.002 16.968 17.011 17.098 17.117 17.157 17.175 17.161 17.142 16.947 16.974 17.111 17.023 17.061 17.245 17.325 -9999
-9999 -9999 -9999 -9999 -9999 -9999 -9999 -9999 -9999 -9999 -9999 -9999 -9999 -9999 -9999 -9999 -9999 -9999 -9999 -9999 -9999 -9999 -9999 -9999 -9999 -9999 -9999 -9999 -9999 -9999 -9999 -9999 -9999 -9999 -9999 -9999 -9999 15.961 15.957 15.963 15.89 15.583 15.305 14.879 14.664 14.992 15.036 15.196 15.429 14.852 14.461 14.983 15.756 16.209 16.18 16.319 16.696 16.896 16.735 16.767 16.957 17.084 17.201 17.218 17.203 17.163 17.172 17.182 16.95 17.069 17.087 16.868 16.988 17.161 17.287
-9999 -9999 -9999 -9999 -9999 -9999 -9999 -9999 -9999 -9999 -9999 -9999 -9999 -9999 -9999 -9999 -9999 -9999 -9999 -9999 -9999 -9999 -9999 -9999 -9999 -9999 -9999 -9999 -9999 -9999 -9999 -9999 -9999 -9999 -9999 -9999 15.93 15.936 15.833 15.737 15.657 15.79 15.763 15.261 15.527 15.707 15.817 15.988 15.838 15.111 14.181 14.052 14.861 15.477 15.442 15.945 16.547 16.717 16.827 16.751 16.929 17.125 17.268 17.293 17.246 17.18 17.177 17.203 17.152 17.048 17.079 16.792 16.735 16.965 17.195
-9999 -9999 -9999 -9999 -9999 -9999 -9999 -9999 -9999 -9999 -9999 -9999 -9999 -9999 -9999 -9999 -9999 -9999 -9999 -9999 -9999 -9999 -9999 -9999 -9999 -9999 -9999 -9999 -9999 -9999 -9999 -9999 -9999 -9999 -9999 -9999 15.934 16.04 15.94 15.932 15.832 15.759 16.077 16.042 16.117 16.176 16.245 16.296 16.096 15.553 14.866 13.776 13.498 14.561 14.906 15.427 16.23 16.438 16.9 17.054 16.937 17.115 17.318 17.363 17.293 17.193 17.162 17.188 17.118 17.074 17.053 16.972 16.483 16.674 17.008
-9999 -9999 -9999 -9999 -9999 -9999 -9999 -9999 -9999 -9999 -9999 -9999 -9999 -9999 -9999 -9999 -9999 -9999 -9999 -9999 -9999 -9999 -9999 -9999 -9999 -9999 -9999 -9999 -9999 -9999 -9999 -9999 -9999 -9999 -9999 -9999 -9999 16.271 16.264 16.321 16.15 16.315 16.33 16.356 16.435 16.492 16.674 16.685 16.473 16.07 15.219 14.249 13.31 13.228 14.226 15.026 15.815 16.45 16.531 16.865 16.858 16.957 17.234 17.321 17.257 17.162 17.136 17.114 17.061 17.028 17.026 16.916 16.599 16.434 16.709
