Validation/Results/raw data/ReClimate_12_2023_2_Precipitation-Actuals.asc
NCOLS 192
NROWS 249
XLLCENTER -225160.85627316462
YLLCENTER 29788.11610251502
CELLSIZE 5000.0
NODATA_VALUE -9999
[rows 66 to 98 of 249, columns 74 to 147 of 192]
-9999 -9999 -9999 -9999 -9999 -9999 -9999 -9999 -9999 -9999 -9999 136.304 -9999 150.005 186.758 220.523 228.836 250.308 194.669 210.094 173.791 154.713 130.122 126.381 123.886 115.693 117.755 115.998 111.611 115.807 103.445 95.677 -9999 -9999 -9999 -9999 -9999 -9999 -9999 -9999 -9999 -9999 -9999 -9999 -9999 -9999 -9999 -9999 -9999 -9999 -9999 -9999 -9999 -9999 -9999 -9999 -9999 -9999 -9999 -9999 -9999 -9999 -9999 -9999 -9999 -9999 -9999 -9999 -9999 -9999 -9999 -9999 -9999 -9999
-9999 -9999 -9999 -9999 -9999 -9999 -9999 -9999 -9999 -9999 -9999 -9999 147.232 185.643 188.501 198.302 215.897 211.699 216.695 195.587 166.292 144.281 128.821 116.385 115.012 108.378 111.275 110.303 112.369 98.371 -9999 -9999 -9999 -9999 -9999 -9999 -9999 -9999 -9999 -9999 -9999 -9999 -9999 -9999 -9999 -9999 -9999 -9999 -9999 -9999 -9999 -9999 -9999 -9999 -9999 -9999 -9999 -9999 -9999 -9999 -9999 -9999 -9999 -9999 -9999 -9999 -9999 -9999 -9999 -9999 -9999 -9999 -9999 -9999
-9999 -9999 -9999 -9999 -9999 -9999 -9999 -9999 -9999 -9999 -9999 -9999 184.819 194.917 183.114 173.144 195.176 209.877 183.054 156.368 141.448 123.365 114.494 109.514 112.769 109.467 98.563 100.933 88.772 69.42 -9999 -9999 -9999 -9999 -9999 -9999 -9999 -9999 -9999 -9999 -9999 -9999 -9999 -9999 -9999 -9999 -9999 -9999 -9999 -9999 -9999 -9999 -9999 -9999 -9999 -9999 -9999 -9999 -9999 -9999 -9999 -9999 -9999 -9999 -9999 -9999 -9999 -9999 -9999 -9999 -9999 -9999 -9999 -9999
-9999 -9999 -9999 -9999 -9999 -9999 -9999 -9999 -9999 -9999 -9999 -9999 -9999 -9999 172.619 180.172 191.473 179.286 163.187 155.197 145.175 127.503 108.368 103.683 112.331 102.342 93.743 75.788 -9999 -9999 -9999 -9999 -9999 -9999 -9999 -9999 -9999 -9999 -9999 -9999 -9999 -9999 -9999 -9999 -9999 -9999 -9999 -9999 -9999 -9999 -9999 -9999 -9999 -9999 -9999 -9999 -9999 -9999 -9999 -9999 -9999 -9999 -9999 -9999 -9999 -9999 -9999 -9999 -9999 -9999 -9999 -9999 -9999 -9999
-9999 -9999 -9999 -9999 -9999 -9999 -9999 -9999 147.006 -9999 -9999 199.271 211.407 188.78 177.023 205.259 192.815 185.938 183.744 175.348 153.307 132.376 99.995 100.324 98.762 100.751 84.272 75.056 -9999 -9999 -9999 -9999 -9999 -9999 -9999 -9999 -9999 -9999 -9999 -9999 -9999 -9999 -9999 -9999 -9999 -9999 -9999 -9999 -9999 -9999 -9999 -9999 -9999 -9999 -9999 -9999 -9999 -9999 -9999 -9999 -9999 -9999 -9999 -9999 -9999 -9999 -9999 -9999 -9999 -9999 -9999 -9999 -9999 -9999
-9999 -9999 -9999 -9999 -9999 -9999 144.849 149.371 164.342 169.818 191.107 213.474 233.334 229.938 224.419 181.561 203.961 210.558 205.63 185.749 160.072 148.817 135.685 97.701 91.828 82.439 71.041 59.753 -9999 -9999 -9999 -9999 -9999 -9999 -9999 -9999 -9999 -9999 -9999 -9999 -9999 -9999 -9999 -9999 -9999 -9999 -9999 -9999 -9999 -9999 -9999 -9999 -9999 -9999 -9999 -9999 -9999 -9999 -9999 -9999 -9999 -9999 -9999 -9999 -9999 -9999 -9999 -9999 -9999 -9999 -9999 -9999 -9999 -9999
-9999 -9999 -9999 -9999 -9999 -9999 162.556 173.923 -9999 193.283 218.574 239.954 242.758 273.6 211.627 212.392 224.409 233.502 243.829 206.919 189.146 185.52 145.632 123.028 115.375 88.092 70.754 -9999 52.076 -9999 -9999 -9999 -9999 -9999 -9999 -9999 -9999 -9999 -9999 -9999 -9999 -9999 -9999 -9999 -9999 -9999 -9999 -9999 -9999 -9999 -9999 -9999 -9999 -9999 -9999 -9999 -9999 -9999 -9999 -9999 -9999 -9999 -9999 -9999 -9999 -9999 -9999 -9999 -9999 -9999 -9999 -9999 -9999 -9999
-9999 -9999 -9999 -9999 -9999 -9999 -9999 197.45 199.982 208.78 240.768 238.275 275.666 246.413 224.984 210.061 200.211 215.923 224.239 189.103 180.637 178.065 142.508 126.789 101.578 84.126 71.219 55.923 49.468 -9999 -9999 -9999 -9999 -9999 -9999 -9999 -9999 -9999 -9999 -9999 -9999 -9999 -9999 -9999 -9999 -9999 -9999 -9999 -9999 -9999 -9999 -9999 -9999 -9999 -9999 -9999 -9999 -9999 -9999 -9999 -9999 -9999 -9999 -9999 -9999 -9999 -9999 -9999 -9999 -9999 -9999 -9999 -9999 -9999
163.618 -9999 -9999 -9999 -9999 -9999 -9999 -9999 197.772 215.842 235.532 294.726 285.463 276.033 247.836 241.036 239.362 215.283 178.202 160.773 175.545 159.59 140.149 122.533 89.165 73.183 53.084 52.203 54.982 -9999 -9999 -9999 -9999 -9999 -9999 -9999 -9999 -9999 -9999 -9999 -9999 -9999 -9999 -9999 -9999 -9999 -9999 -9999 -9999 -9999 -9999 -9999 -9999 -9999 -9999 -9999 -9999 -9999 -9999 -9999 -9999 -9999 -9999 -9999 -9999 -9999 -9999 -9999 -9999 -9999 -9999 -9999 -9999 -9999
185.245 -9999 -9999 -9999 -9999 -9999 209.132 206.918 227.872 242.465 263.109 268.2 301.152 282.84 260.062 252.539 223.395 201.676 181.595 150.697 156.449 173.35 140.863 97.076 72.554 57.066 -9999 55.858 -9999 -9999 -9999 -9999 -9999 -9999 56.939 57.094 55.56 -9999 -9999 -9999 -9999 -9999 -9999 -9999 -9999 -9999 -9999 -9999 -9999 -9999 -9999 -9999 -9999 -9999 -9999 -9999 -9999 -9999 -9999 -9999 -9999 -9999 -9999 -9999 -9999 -9999 -9999 -9999 -9999 -9999 -9999 -9999 -9999 -9999
208.472 207.041 -9999 -9999 -9999 -9999 -9999 224.378 241.121 267.7 272.274 299.472 277.79 269.482 245.672 239.9 204.621 179.501 141.352 144.322 166.177 142.759 109.954 85.175 73.204 69.317 62.289 -9999 -9999 -9999 -9999 45.951 47.089 49.364 53.857 55.881 53.5 52.44 51.386 55.651 64.691 69.51 62.676 56.985 60.391 64.683 67.175 67.899 66.169 63.585 62.124 63.542 65.25 -9999 -9999 -9999 -9999 -9999 -9999 -9999 -9999 -9999 -9999 -9999 -9999 -9999 -9999 -9999 -9999 -9999 -9999 -9999 -9999 -9999
251.3 253.7 -9999 -9999 -9999 220.82 -9999 222.594 223.563 263.527 312.983 293.186 272.734 236.845 236.819 211.51 201.245 171.794 156.853 138.443 118.124 110.607 91.788 78.197 78.806 69.244 -9999 -9999 -9999 -9999 51.06 49.216 51.341 55.37 61.52 55.132 55.826 59.832 62.253 70.556 73.769 74.176 67.046 62.066 65.79 64.41 64.315 67.175 69.855 66.901 66.42 71.636 65.506 -9999 -9999 -9999 -9999 -9999 -9999 -9999 -9999 -9999 -9999 -9999 -9999 -9999 -9999 -9999 -9999 -9999 -9999 -9999 -9999 -9999
249.523 242.304 -9999 -9999 -9999 226.5 225.791 222.142 271.568 319.577 309.225 315.17 267.069 255.085 234.637 214.353 183.261 167.686 169.988 147.864 138.932 103.473 78.846 80.467 67.463 -9999 -9999 55.976 52.896 52.979 54.323 55.404 54.252 55.331 62.77 67.247 72.501 71.608 68.418 68.37 68.357 67.815 67.343 72.585 65.298 63.273 63.406 70.324 73.089 72.07 75.383 72.047 67.262 64.755 -9999 -9999 -9999 -9999 -9999 -9999 -9999 -9999 -9999 -9999 -9999 -9999 -9999 -9999 -9999 -9999 -9999 -9999 -9999 -9999
231.548 225.363 -9999 212.525 -9999 192.797 199.729 265.955 311.885 291.403 323.205 307.046 283.972 263.747 249.23 242.963 207.339 188.897 174.888 189.373 188.932 113.116 73.35 63.191 60.381 -9999 66.163 67.175 59.435 55.345 55.178 55.484 65.714 72.563 79.289 84.633 80.385 74.837 74.199 75.091 76.402 72.858 69.85 67.224 68.506 64.342 65.115 71.609 73.629 74.118 75.988 74.498 65.499 62.417 -9999 -9999 -9999 -9999 -9999 -9999 -9999 -9999 -9999 -9999 -9999 -9999 -9999 -9999 -9999 -9999 -9999 -9999 -9999 -9999
222.696 -9999 208.513 -9999 -9999 -9999 270.421 351.909 296.254 283.286 235.616 249.187 252.393 247.262 259.086 239.383 231.177 210.773 189.714 180.839 132.419 87.586 76.252 81.525 68.384 67.363 77.362 82.568 83.012 74.583 63.466 72.868 77.511 86.888 85.179 72.921 71.579 68.939 68.983 78.791 74.409 72.109 68.349 68.025 69.243 65.489 60.977 70.215 69.154 68.998 76.634 73.29 68.905 64.498 -9999 -9999 -9999 -9999 -9999 -9999 -9999 -9999 -9999 -9999 -9999 -9999 -9999 -9999 -9999 -9999 -9999 -9999 -9999 -9999
228.36 220.659 -9999 -9999 -9999 -9999 285.515 276.828 256.094 -9999 228.348 246.123 252.992 242.525 240.867 233.252 198.977 187.087 176.067 154.142 130.082 107.948 103.871 97.316 71.029 77.876 79.008 94.07 104.522 90.969 70.779 65.2 81.494 86.388 66.91 65.25 77.286 70.525 89.848 84.928 76.118 80.85 70.738 72.439 81.028 65.841 67.973 67.496 67.465 67.014 72.281 71.757 63.646 61.141 -9999 -9999 -9999 -9999 -9999 -9999 -9999 -9999 -9999 -9999 -9999 -9999 -9999 -9999 -9999 -9999 -9999 -9999 -9999 -9999
277.846 285.401 -9999 -9999 -9999 229.196 -9999 -9999 206.72 212.692 238.703 275.894 281.585 266.184 266.804 234.53 222.499 183.892 151.482 134.441 123.956 113.996 112.669 72.821 76.739 79.416 101.81 100.847 101.053 100.088 75.06 72.942 76.337 68.881 66.606 79.738 73.217 77.792 88.429 83.258 92.697 81.568 74.265 80.302 70.794 67.148 69.041 73.012 65.996 65.818 68.723 66.225 59.476 -9999 -9999 -9999 -9999 -9999 -9999 -9999 -9999 -9999 -9999 -9999 -9999 -9999 -9999 -9999 -9999 -9999 -9999 -9999 -9999 -9999
318.942 329.402 280.857 233.329 -9999 -9999 -9999 234.504 200.235 -9999 245.115 253.328 264.076 275.795 266.19 264.631 217.724 155.385 144.881 137.165 132.761 119.377 90.9 91.365 83.664 100.456 104.571 99.93 104.19 91.331 72.301 69.641 63.062 64.833 85.141 76.691 82.041 104.499 92.787 85.644 86.435 72.234 69.98 68.62 68.669 63.521 67.885 67.19 66.81 65.53 64.44 58.928 -9999 -9999 -9999 -9999 -9999 -9999 -9999 -9999 -9999 -9999 -9999 -9999 -9999 -9999 -9999 -9999 -9999 -9999 -9999 -9999 -9999 -9999
316.315 322.771 289.332 249.394 -9999 229.12 241.933 242.824 249.29 279.105 271.39 272.785 294.474 302.411 269.893 224.779 198.26 177.572 168.98 164.384 146.892 117.458 100.813 100.163 119.209 124.691 113.898 110.983 94.198 64.91 63.964 65.965 65.223 76.513 67.068 70.621 82.352 94.637 96.601 99.642 98.243 76.836 78.354 73.776 78.08 84.229 68.219 63.765 67.741 69.165 61.336 55.077 -9999 -9999 -9999 -9999 -9999 -9999 -9999 -9999 -9999 -9999 -9999 -9999 -9999 -9999 -9999 -9999 -9999 -9999 -9999 -9999 -9999 -9999
285.938 292.025 266.29 236.956 228.687 223.768 252.643 -9999 247.889 286.275 320.195 344.902 319.82 296.296 255.775 256.145 223.908 195.431 167.413 150.845 139.349 105.369 97.426 124.959 141.285 125.24 120.514 116.43 86.705 85.248 70.993 68.337 60.904 67.538 82.47 83.347 85.915 102.415 97.262 93.731 86.017 74.037 64.954 58.814 68.355 65.234 59.833 60.9 63.471 61.952 57.097 -9999 -9999 -9999 -9999 -9999 -9999 -9999 -9999 -9999 -9999 -9999 -9999 -9999 -9999 -9999 -9999 -9999 -9999 -9999 -9999 -9999 -9999 -9999
275.779 -9999 -9999 -9999 209.176 232.385 -9999 239.286 277.476 341.536 379.605 352.741 355.523 326.422 303.982 264.125 205.039 175.591 171.041 170.555 124.885 110.204 127.846 156.517 161.677 156.062 152.77 117.72 113.268 91.863 77.525 78.441 70.356 95.845 98.644 94.203 96.864 89.706 75.287 74.804 70.816 75.979 69.63 59.949 65.887 64.109 60.495 60.482 62.87 61.834 57.622 -9999 -9999 -9999 -9999 -9999 -9999 -9999 -9999 -9999 -9999 -9999 -9999 -9999 -9999 -9999 -9999 -9999 -9999 -9999 -9999 -9999 -9999 -9999
-9999 -9999 -9999 198.922 207.225 -9999 216.569 246.605 -9999 333.989 330.817 362.263 357.058 358.453 307.064 248.198 230.149 211.912 173.779 142.89 147.678 140.575 157.865 185.875 186.336 177.853 155.166 117.213 80.091 62.905 74.555 77.073 98.749 112.273 107.629 94.009 90.719 78.685 79.695 68.075 71.176 74.624 61.568 67.232 70.743 64.653 64.181 60.975 66.905 69.096 58.196 -9999 -9999 -9999 -9999 -9999 -9999 -9999 -9999 -9999 -9999 -9999 -9999 -9999 -9999 -9999 -9999 -9999 -9999 -9999 -9999 -9999 -9999 -9999
-9999 -9999 -9999 185.22 -9999 -9999 223.92 258.171 304.406 313.985 354.857 356.914 337.5 306.83 271.505 224.571 197.894 178.857 184.836 198.661 191.937 191.169 205.708 209.001 193.982 163.153 111.558 81.627 80.968 104.081 124.907 154.758 158.961 143.569 129.087 121.646 99.737 86.702 75.21 68.122 59.933 59.404 63.09 67.366 73.963 87.602 71.873 66.478 76.441 86.29 57.504 -9999 -9999 -9999 -9999 -9999 -9999 -9999 -9999 -9999 -9999 -9999 -9999 -9999 -9999 -9999 -9999 -9999 -9999 -9999 -9999 -9999 -9999 -9999
-9999 -9999 -9999 -9999 -9999 -9999 -9999 287.565 308.209 307.459 357.258 358.517 309.388 302.251 272.38 235.219 227.161 239.923 244.955 223.305 219.777 196.415 186.33 182.181 168.598 128.41 89.061 86.567 101.025 132.163 163.952 153.99 155.589 145.005 136.419 120.146 102.184 91.173 81.838 61.548 57.846 64.712 57.795 62.435 78.619 70.19 65.501 64.831 80.234 68.755 -9999 -9999 -9999 -9999 -9999 -9999 -9999 -9999 -9999 -9999 -9999 -9999 -9999 -9999 -9999 -9999 -9999 -9999 -9999 -9999 -9999 -9999 -9999 -9999
-9999 -9999 -9999 -9999 -9999 187.525 224.085 -9999 316.623 333.11 385.604 341.183 293.97 273.609 261.776 279.264 285.341 261.686 208.684 213.875 206.806 191.397 163.065 146.529 117.814 103.67 119.215 123.037 136.34 160.722 149.861 140.808 109.842 116.664 105.482 82.215 78.828 85.327 88.507 82.162 79.106 78.994 87.231 78.699 66.841 75.159 79.936 78.448 72.84 64.66 -9999 -9999 -9999 -9999 -9999 -9999 -9999 -9999 -9999 -9999 -9999 -9999 -9999 -9999 -9999 -9999 -9999 -9999 -9999 -9999 -9999 -9999 -9999 -9999
-9999 -9999 -9999 -9999 180.855 179.823 243.641 290.085 341.651 380.995 381.202 353.13 294.459 256.349 263.113 258.496 250.929 247.174 230.485 244.323 237.816 165.127 159.787 132.357 125.155 129.508 149.083 155.35 155.033 145.889 142.921 114.878 108.282 110.467 109.923 103.764 105.428 101.219 94.817 112.147 121.83 119.868 108.472 94.259 97.866 96.483 87.002 75.059 67.486 -9999 -9999 -9999 -9999 -9999 -9999 -9999 -9999 -9999 -9999 -9999 -9999 -9999 -9999 -9999 -9999 -9999 -9999 -9999 -9999 -9999 -9999 -9999 -9999 -9999
-9999 -9999 -9999 -9999 173.153 -9999 244.354 282.35 319.406 371.164 366.715 281.831 258.639 269.312 228.778 210.125 214.93 213.402 229.589 221.331 170.657 174.336 184.66 162.232 148.537 177.155 171.938 168.493 166.784 165.297 151.56 134.058 124.448 128.047 127.792 134.018 136.542 111.268 129.089 129.427 106.696 109.287 113.367 104.768 101.491 89.614 75.314 71.933 62.979 -9999 -9999 -9999 -9999 -9999 -9999 -9999 -9999 -9999 -9999 -9999 -9999 -9999 -9999 -9999 -9999 -9999 -9999 -9999 -9999 -9999 -9999 -9999 -9999 -9999
-9999 -9999 -9999 -9999 -9999 -9999 272.934 306.552 313.376 345.266 298.168 237.279 240.437 225.678 196.957 195.162 200.962 227.422 211.534 210.688 195.159 209.283 189.76 162.779 175.542 192.196 182.978 175.52 158.186 163.22 143.017 134.65 153.319 148.122 149.577 166.712 157.819 158.725 154.406 133.499 119.577 111.184 97.506 97.213 94.648 80.289 67.518 60.858 51.294 -9999 -9999 -9999 -9999 -9999 -9999 -9999 -9999 -9999 -9999 -9999 -9999 -9999 -9999 -9999 -9999 -9999 -9999 -9999 -9999 -9999 -9999 -9999 -9999 -9999
-9999 -9999 -9999 -9999 202.702 225.612 261.834 280.074 299.9 328.749 278.103 284.019 289.358 -9999 252.842 298.769 299.577 279.997 261.414 253.786 237.077 231.855 219.889 204.624 192.162 174.438 150.744 133.181 135.029 140.132 125.368 147.542 138.432 137.094 132.728 149.105 159.237 148.84 126.346 126.686 118.417 103.224 107.841 92.135 78.953 65.459 58.677 55.346 40.917 -9999 -9999 -9999 -9999 -9999 -9999 -9999 -9999 -9999 -9999 -9999 -9999 -9999 -9999 -9999 -9999 -9999 -9999 -9999 -9999 -9999 -9999 -9999 -9999 -9999
194.159 172.535 180.067 196.218 -9999 221.098 257.474 286.004 323.646 318.903 306.465 300.957 -9999 293.285 337.366 334.781 350.746 303.107 268.149 233.601 241.068 233.133 226.385 202.92 176.6 145.746 124.284 103.198 114.862 107.256 126.363 126.992 129.185 124.523 119.095 124.854 129.577 118.095 115.942 111.465 103.568 100.898 83.887 75.289 64.916 59.188 60.369 45.464 -9999 -9999 -9999 -9999 -9999 -9999 -9999 -9999 -9999 -9999 -9999 -9999 -9999 -9999 -9999 -9999 -9999 -9999 -9999 -9999 -9999 -9999 -9999 -9999 -9999 -9999
167.335 174.756 193.101 219.639 227.153 -9999 262.68 290.967 298.486 310.266 288.803 265.224 260.732 303.543 315.416 310.892 324.561 299.326 265.534 237.473 220.886 194.133 185.383 163.172 147.082 148.658 113.056 109.976 96.108 99.04 105.122 120.242 109.468 98.229 100.178 117.89 111.615 108.638 98.062 99.565 86.091 70.479 66.319 64.937 59.658 55.68 -9999 -9999 -9999 -9999 -9999 -9999 -9999 -9999 -9999 -9999 -9999 -9999 -9999 -9999 -9999 -9999 -9999 -9999 -9999 -9999 -9999 -9999 -9999 -9999 -9999 -9999 -9999 -9999
-9999 -9999 -9999 217.403 -9999 261.007 277.697 295.77 332.05 321.293 -9999 -9999 297.005 296.964 307.99 333.965 311.005 292.805 255.871 232.358 176.321 157.911 140.93 135.284 133.355 118.958 122.56 102.98 103.277 97.546 100.974 103.978 98.345 88.282 99.163 102.527 99.468 89.86 88.204 79.657 66.346 55.551 53.434 58.434 54.014 -9999 -9999 -9999 -9999 -9999 -9999 -9999 -9999 -9999 -9999 -9999 -9999 -9999 -9999 -9999 -9999 -9999 -9999 -9999 -9999 -9999 -9999 -9999 -9999 -9999 -9999 -9999 -9999 -9999
189.372 206.037 -9999 232.157 271.171 264.234 285.067 314.216 326.963 -9999 -9999 282.591 314.395 335.231 354.745 313.122 298.126 276.927 248.008 205.514 180.038 166.538 174.862 170.864 168.299 177.976 150.369 126.613 115.379 92.299 89.08 84.384 90.992 92.597 92.335 89.52 82.931 72.434 68.635 62.485 56.139 50.466 50.762 53.134 53.171 50.018 -9999 -9999 -9999 -9999 -9999 -9999 -9999 -9999 -9999 -9999 -9999 -9999 -9999 -9999 -9999 -9999 -9999 -9999 -9999 -9999 -9999 -9999 -9999 -9999 -9999 -9999 -9999 -9999
