Validation/Results/raw data/ReClimate_01_2024_1_Precipitation-Actualsweatherlogisticsltd.asc
NCOLS 192
NROWS 249
XLLCENTER -225160.85627316462
YLLCENTER 29788.11610251502
CELLSIZE 5000.0
NODATA_VALUE -9999
[rows 99 to 131 of 249, columns 74 to 147 of 192]
222.018 223.721 230.748 235.566 247.508 257.891 268.652 283.923 -9999 -9999 180.396 270.885 293.344 337.714 324.906 328.679 327.983 284.208 268.073 234.814 217.823 212.11 202.949 185.542 171.808 160.798 140.576 133.547 114.42 102.648 93.569 90.966 88.852 87.377 81.719 76.529 67.498 59.836 61.19 65.252 62.691 56.652 55.729 56.885 52.062 -9999 -9999 -9999 -9999 -9999 -9999 -9999 -9999 -9999 -9999 -9999 -9999 -9999 -9999 -9999 -9999 -9999 -9999 -9999 -9999 -9999 -9999 -9999 -9999 -9999 -9999 -9999 -9999 -9999
197.519 236.419 225.908 -9999 -9999 230.322 249.921 -9999 -9999 -9999 167.349 254.439 348.833 358.08 383.28 336.908 294.811 281.864 305.893 280.568 245.711 236.21 201.832 201.016 204.63 175.989 144.607 147.612 152.932 125.796 103.68 100.246 92.475 82.863 67.118 61.072 56.315 60.544 71.901 72.532 73.506 67.531 64.612 57.675 49.896 -9999 -9999 -9999 -9999 -9999 -9999 -9999 -9999 -9999 -9999 -9999 -9999 -9999 -9999 -9999 -9999 -9999 -9999 -9999 -9999 -9999 -9999 -9999 -9999 -9999 -9999 -9999 -9999 -9999
194.918 -9999 229.178 238.32 256.507 -9999 -9999 -9999 -9999 196.837 194.727 276.279 325.441 343.908 347.574 322.244 310.281 337.536 353.837 302.518 289.402 231.371 216.622 221.943 192.885 153.147 161.71 183.144 173.217 135.241 117.717 106.409 96.418 78.474 65.451 59.122 62.486 76.46 70.995 77.593 85.085 68.825 60.479 51.795 -9999 -9999 -9999 -9999 -9999 -9999 -9999 -9999 -9999 -9999 -9999 -9999 -9999 -9999 -9999 -9999 -9999 -9999 -9999 -9999 -9999 -9999 -9999 -9999 -9999 -9999 -9999 -9999 -9999 -9999
202.482 268.047 325.81 376.192 397.586 298.569 233.181 -9999 -9999 184.317 -9999 -9999 236.361 319.996 330.417 299.797 320.912 376.834 374.261 350.274 323.867 267.147 225.691 195.496 189.812 187.23 195.139 186.504 166.35 164.173 144.353 112.743 90.998 75.363 65.863 66.079 76.857 67.48 63.343 71.087 61.891 58.75 55.083 -9999 -9999 -9999 -9999 -9999 -9999 -9999 -9999 -9999 -9999 -9999 -9999 -9999 -9999 -9999 -9999 -9999 -9999 -9999 -9999 -9999 -9999 -9999 -9999 -9999 -9999 -9999 -9999 -9999 -9999 -9999
221.788 261.726 327.164 406.089 367.844 -9999 -9999 -9999 198.297 209.91 214.376 232.9 260.142 271.097 264.124 288.033 314.792 358.173 341.486 300.984 271.489 243.662 225.941 223.348 184.088 190.338 178.169 176.292 176.155 152.694 130.235 105.508 86.093 72.734 65.037 69.194 64.68 59.731 -9999 -9999 57.405 -9999 -9999 -9999 -9999 -9999 -9999 -9999 -9999 -9999 -9999 -9999 -9999 -9999 -9999 -9999 -9999 -9999 -9999 -9999 -9999 -9999 -9999 -9999 -9999 -9999 -9999 -9999 -9999 -9999 -9999 -9999 -9999 -9999
209.554 250.175 313.544 -9999 315.227 -9999 -9999 -9999 206.319 233.903 256.308 261.412 240.002 255.266 282.285 301.681 326.979 321.511 302.155 281.877 278.963 238.094 227.21 188.854 195.371 192.605 171.009 145.315 117.273 110.408 97.332 83.721 79.542 70.089 65.182 64.395 59.968 -9999 62.393 56.781 53.373 56.034 -9999 -9999 -9999 -9999 -9999 -9999 -9999 -9999 -9999 -9999 -9999 -9999 -9999 -9999 -9999 -9999 -9999 -9999 -9999 -9999 -9999 -9999 -9999 -9999 -9999 -9999 -9999 -9999 -9999 -9999 -9999 -9999
-9999 221.538 -9999 -9999 -9999 -9999 237.759 218.185 227.148 246.031 268.958 260.279 269.88 292.451 294.351 306.106 310.279 340.897 308.37 302.123 266.333 266.47 223.773 232.74 242.579 200.113 169.96 150.711 125.774 102.262 86.806 78.429 77.353 72.177 70.511 -9999 64.134 62.894 57.563 57.057 53.224 58.567 -9999 -9999 -9999 -9999 -9999 -9999 -9999 -9999 -9999 -9999 -9999 -9999 -9999 -9999 -9999 -9999 -9999 -9999 -9999 -9999 -9999 -9999 -9999 -9999 -9999 -9999 -9999 -9999 -9999 -9999 -9999 -9999
-9999 -9999 -9999 -9999 -9999 -9999 228.2 217.889 220.246 252.758 278.606 273.687 282.116 257.35 260.74 296.748 354.516 348.997 302.419 291.415 279.612 234.94 226.357 251.587 218.566 217.037 209.601 161.928 138.454 114.617 100.905 103.752 111.218 95.976 94.453 84.403 71.1 66.077 65.046 67.397 62.352 63.568 62.186 -9999 -9999 -9999 -9999 -9999 -9999 -9999 -9999 -9999 -9999 -9999 -9999 -9999 -9999 -9999 -9999 -9999 -9999 -9999 -9999 -9999 -9999 -9999 -9999 -9999 -9999 -9999 -9999 -9999 -9999 -9999
-9999 -9999 -9999 -9999 -9999 223.371 -9999 -9999 209.389 249.852 266.516 283.01 267.716 -9999 -9999 317.294 377.932 387.73 301.94 273.773 251.473 225.022 221.103 213.154 207.974 181.153 146.576 138.158 133.666 128.904 131.269 143.941 127.643 117.589 100.898 86.365 83.0 72.78 78.185 67.291 72.173 69.189 61.1 53.536 -9999 -9999 -9999 -9999 -9999 -9999 -9999 -9999 -9999 -9999 -9999 -9999 -9999 -9999 -9999 -9999 -9999 -9999 -9999 -9999 -9999 -9999 -9999 -9999 -9999 -9999 -9999 -9999 -9999 -9999
-9999 -9999 -9999 -9999 -9999 206.897 -9999 185.44 197.026 220.862 262.794 269.547 248.966 250.798 289.697 332.26 347.682 274.215 279.082 292.408 233.299 212.427 201.359 190.325 154.465 131.93 113.438 115.867 131.751 169.673 183.46 154.264 133.183 108.911 93.11 89.308 83.096 79.757 72.238 66.239 61.736 58.252 51.98 -9999 -9999 -9999 -9999 -9999 -9999 -9999 -9999 -9999 -9999 -9999 -9999 -9999 -9999 -9999 -9999 -9999 -9999 -9999 -9999 -9999 -9999 -9999 -9999 -9999 -9999 -9999 -9999 -9999 -9999 -9999
-9999 -9999 -9999 -9999 -9999 190.424 -9999 166.668 166.019 209.977 232.471 231.422 -9999 279.663 289.515 -9999 295.408 284.712 287.183 247.543 242.068 200.74 172.176 143.477 123.776 113.834 112.714 105.858 125.988 128.944 119.897 126.179 121.753 109.725 92.111 86.803 78.682 71.518 65.669 -9999 -9999 -9999 -9999 -9999 -9999 -9999 -9999 -9999 -9999 -9999 -9999 -9999 -9999 -9999 -9999 -9999 -9999 -9999 -9999 -9999 -9999 -9999 -9999 -9999 -9999 -9999 -9999 -9999 -9999 -9999 -9999 -9999 -9999 -9999
-9999 -9999 -9999 165.229 175.185 -9999 -9999 151.729 180.84 203.002 194.783 220.357 280.531 275.759 308.227 -9999 241.855 254.588 242.692 221.946 194.467 180.726 152.916 140.001 131.919 142.421 137.053 109.813 100.68 95.118 97.523 100.389 102.197 98.858 90.555 87.549 79.478 67.578 -9999 -9999 -9999 -9999 -9999 -9999 -9999 -9999 -9999 -9999 -9999 -9999 -9999 -9999 -9999 -9999 -9999 -9999 -9999 -9999 -9999 -9999 -9999 -9999 -9999 -9999 -9999 -9999 -9999 -9999 -9999 -9999 -9999 -9999 -9999 -9999
-9999 -9999 145.307 151.354 163.041 -9999 164.863 185.83 202.872 196.823 -9999 251.438 263.162 293.657 308.192 -9999 235.349 233.737 206.176 169.249 164.677 147.752 144.233 148.188 157.587 165.622 152.992 129.694 111.692 -9999 81.79 85.051 88.016 87.99 83.915 85.71 74.839 -9999 -9999 -9999 -9999 -9999 -9999 -9999 -9999 -9999 -9999 -9999 -9999 -9999 -9999 -9999 -9999 -9999 -9999 -9999 -9999 -9999 -9999 -9999 -9999 -9999 -9999 -9999 -9999 -9999 -9999 -9999 -9999 -9999 -9999 -9999 -9999 -9999
-9999 -9999 131.436 135.371 -9999 -9999 183.823 208.618 206.606 -9999 217.762 243.152 263.881 285.427 280.358 -9999 208.299 178.271 163.534 157.954 155.491 153.426 157.239 189.091 194.69 198.583 180.317 137.639 109.99 93.828 82.479 -9999 -9999 69.635 64.662 -9999 -9999 -9999 -9999 -9999 -9999 47.835 47.765 52.912 -9999 -9999 -9999 -9999 -9999 -9999 -9999 -9999 -9999 -9999 -9999 -9999 -9999 -9999 -9999 -9999 -9999 -9999 -9999 -9999 -9999 -9999 -9999 -9999 -9999 -9999 -9999 -9999 -9999 -9999
-9999 152.381 150.302 -9999 -9999 168.91 188.425 185.075 211.482 -9999 214.209 237.65 241.548 250.116 264.364 -9999 -9999 -9999 167.481 160.075 161.261 159.453 165.504 168.125 162.972 161.156 141.526 125.02 111.768 101.838 87.875 77.626 77.007 69.695 64.377 -9999 -9999 -9999 -9999 -9999 49.828 47.009 51.862 50.321 48.485 -9999 -9999 -9999 -9999 -9999 -9999 -9999 -9999 -9999 -9999 -9999 -9999 -9999 -9999 -9999 -9999 -9999 -9999 -9999 -9999 -9999 -9999 -9999 -9999 -9999 -9999 -9999 -9999 -9999
198.807 172.884 166.875 -9999 -9999 -9999 152.851 192.212 196.767 -9999 194.294 -9999 199.915 219.431 206.25 -9999 184.9 194.751 187.592 -9999 140.906 131.691 137.587 134.237 128.099 125.275 124.736 114.359 109.674 104.8 93.573 91.97 82.624 72.609 65.175 59.802 58.95 57.726 -9999 50.801 48.998 50.427 51.705 58.913 60.62 65.196 45.632 -9999 -9999 -9999 -9999 -9999 -9999 -9999 -9999 -9999 -9999 -9999 -9999 -9999 -9999 -9999 -9999 -9999 -9999 -9999 -9999 -9999 -9999 -9999 -9999 -9999 -9999 -9999
189.498 185.414 -9999 -9999 -9999 -9999 167.792 194.004 176.682 -9999 169.464 -9999 174.966 170.568 -9999 184.312 201.076 225.934 205.271 160.541 131.642 119.427 115.39 109.477 112.096 110.423 108.891 107.448 105.03 101.729 94.865 95.988 86.453 72.396 73.675 72.553 79.798 66.799 69.075 55.955 53.296 53.947 58.579 70.393 72.592 75.449 66.254 56.128 51.251 54.894 -9999 -9999 -9999 -9999 -9999 -9999 -9999 -9999 -9999 -9999 -9999 -9999 -9999 -9999 -9999 -9999 -9999 -9999 -9999 -9999 -9999 -9999 -9999 -9999
-9999 149.706 -9999 -9999 -9999 -9999 157.963 159.345 172.82 178.615 -9999 -9999 139.717 144.429 -9999 168.769 204.637 244.451 209.302 169.275 136.925 124.16 109.426 101.388 95.697 93.784 98.138 99.93 105.376 107.08 108.325 97.911 97.279 94.732 88.92 98.633 80.678 69.271 59.271 63.003 61.745 70.969 90.923 94.834 86.222 81.769 73.832 74.513 62.799 55.407 52.474 -9999 -9999 -9999 -9999 -9999 -9999 -9999 -9999 -9999 -9999 -9999 -9999 -9999 -9999 -9999 -9999 -9999 -9999 -9999 -9999 -9999 -9999 -9999
143.981 -9999 -9999 -9999 -9999 -9999 143.021 156.654 179.118 161.269 -9999 -9999 140.536 137.976 -9999 -9999 202.958 204.693 190.31 165.319 154.675 140.313 125.677 112.339 110.738 97.554 96.4 103.23 106.486 114.917 113.532 117.569 111.138 108.656 112.214 97.187 79.156 76.448 70.21 68.579 85.179 95.339 104.61 104.102 92.778 83.517 80.784 68.578 61.039 55.534 52.613 -9999 -9999 -9999 -9999 -9999 -9999 -9999 -9999 -9999 -9999 -9999 -9999 -9999 -9999 -9999 -9999 -9999 -9999 -9999 -9999 -9999 -9999 -9999
142.257 -9999 -9999 -9999 -9999 -9999 134.426 158.434 175.402 -9999 -9999 -9999 -9999 133.939 -9999 140.131 167.421 177.511 166.262 157.479 158.679 153.798 144.642 142.081 132.041 115.014 101.731 91.396 100.984 106.207 113.453 114.752 114.485 113.314 104.379 96.189 93.718 89.215 98.377 102.55 97.846 99.14 96.449 89.032 85.015 84.036 74.713 62.458 58.476 55.955 54.599 49.858 -9999 -9999 -9999 -9999 -9999 -9999 -9999 -9999 -9999 -9999 -9999 -9999 -9999 -9999 -9999 -9999 -9999 -9999 -9999 -9999 -9999 -9999
140.597 -9999 -9999 -9999 139.214 137.238 142.171 157.786 -9999 -9999 194.478 -9999 -9999 -9999 -9999 130.354 147.905 150.865 145.585 144.831 144.629 157.902 157.932 159.908 149.467 128.265 107.958 93.963 86.734 97.665 99.864 97.812 103.599 94.595 101.341 108.686 98.348 118.099 128.415 121.033 111.317 102.167 86.464 78.967 78.199 80.508 71.454 60.208 53.736 55.791 53.649 47.966 -9999 -9999 -9999 -9999 -9999 -9999 -9999 -9999 -9999 -9999 -9999 -9999 -9999 -9999 -9999 -9999 -9999 -9999 -9999 -9999 -9999 -9999
-9999 -9999 -9999 -9999 -9999 149.047 152.27 169.517 -9999 184.844 209.869 226.453 -9999 -9999 -9999 -9999 120.896 120.978 120.824 124.396 132.484 139.051 146.16 148.924 143.936 130.006 111.427 97.251 103.949 93.643 89.739 98.678 101.939 101.365 116.087 102.411 112.723 115.391 120.554 127.624 120.153 99.614 85.61 78.021 70.73 68.318 65.768 56.126 53.367 56.1 56.892 51.506 49.93 -9999 -9999 -9999 -9999 -9999 -9999 -9999 -9999 -9999 -9999 -9999 -9999 -9999 -9999 -9999 -9999 -9999 -9999 -9999 -9999 -9999
-9999 -9999 -9999 -9999 -9999 153.55 166.337 183.615 -9999 159.658 207.64 233.483 -9999 -9999 -9999 -9999 -9999 105.216 107.041 109.094 113.619 123.059 130.795 140.721 145.127 145.345 129.955 122.151 107.96 95.465 97.591 103.31 96.628 98.882 112.386 113.51 107.232 111.625 111.451 101.485 95.009 82.798 85.244 80.602 68.298 65.795 57.707 52.56 49.553 53.232 55.173 57.529 52.702 51.082 -9999 -9999 -9999 -9999 -9999 -9999 -9999 -9999 -9999 -9999 -9999 -9999 -9999 -9999 -9999 -9999 -9999 -9999 -9999 -9999
-9999 -9999 -9999 -9999 -9999 157.904 185.239 -9999 -9999 145.866 188.657 215.199 177.047 -9999 -9999 -9999 -9999 -9999 97.941 103.747 111.726 116.648 140.044 155.19 157.53 158.002 148.255 140.552 128.201 135.098 138.043 116.941 117.223 128.415 125.406 143.59 126.564 131.872 112.144 121.528 107.552 93.422 84.637 70.889 61.324 58.005 59.582 61.627 63.322 57.682 59.45 59.936 62.049 54.1 52.286 50.382 -9999 -9999 -9999 -9999 -9999 -9999 -9999 -9999 -9999 -9999 -9999 -9999 -9999 -9999 -9999 -9999 -9999 -9999
-9999 -9999 -9999 -9999 -9999 172.222 153.426 -9999 -9999 155.317 183.897 187.247 -9999 -9999 -9999 -9999 -9999 -9999 91.559 98.524 102.886 111.063 126.372 129.144 143.302 149.56 148.198 151.402 140.884 146.991 145.934 148.216 159.218 142.592 154.771 162.903 157.61 128.668 128.156 115.746 95.534 88.156 79.003 68.31 66.416 64.933 61.87 61.609 66.135 78.095 76.32 68.585 64.392 60.916 55.875 54.388 -9999 -9999 -9999 -9999 -9999 -9999 -9999 -9999 -9999 -9999 -9999 -9999 -9999 -9999 -9999 -9999 -9999 -9999
-9999 -9999 -9999 -9999 -9999 156.971 132.176 -9999 -9999 -9999 150.047 150.626 133.572 -9999 -9999 -9999 -9999 -9999 90.312 98.317 102.114 109.607 114.176 126.107 146.202 164.075 173.193 153.034 145.044 135.582 143.75 152.983 164.114 164.084 193.826 181.932 157.458 152.956 132.297 112.199 106.343 89.731 83.015 74.133 64.365 66.093 68.343 72.375 85.695 103.622 102.904 87.072 72.77 59.868 60.268 60.092 -9999 -9999 -9999 -9999 -9999 -9999 -9999 -9999 -9999 -9999 -9999 -9999 -9999 -9999 -9999 -9999 -9999 -9999
-9999 -9999 -9999 -9999 169.241 149.933 131.144 -9999 -9999 -9999 -9999 -9999 -9999 -9999 -9999 -9999 -9999 -9999 100.069 109.607 112.22 113.265 122.748 131.189 147.516 163.166 171.996 167.901 157.661 170.813 163.403 182.284 193.77 207.608 211.839 209.804 206.839 161.262 140.476 127.246 108.245 99.811 82.669 71.739 72.485 70.722 78.679 87.346 106.074 111.848 117.824 95.599 74.959 67.936 61.823 64.676 51.6 -9999 -9999 -9999 -9999 -9999 -9999 -9999 -9999 -9999 -9999 -9999 -9999 -9999 -9999 -9999 -9999 -9999
-9999 -9999 -9999 168.65 166.699 153.211 123.063 -9999 -9999 -9999 -9999 -9999 -9999 -9999 -9999 -9999 107.832 102.231 112.537 128.051 136.991 148.961 152.023 154.608 151.822 158.454 147.484 168.433 192.308 191.074 202.112 204.721 192.046 189.077 213.799 206.859 189.129 162.465 145.548 124.886 106.798 93.175 92.565 84.921 76.596 81.281 90.449 105.013 101.236 105.239 120.392 98.036 73.037 69.574 72.555 67.297 56.812 -9999 -9999 -9999 -9999 -9999 -9999 -9999 -9999 -9999 -9999 -9999 -9999 -9999 -9999 -9999 -9999 -9999
-9999 -9999 -9999 160.635 141.991 119.862 -9999 -9999 -9999 -9999 -9999 -9999 -9999 -9999 -9999 -9999 108.13 106.519 116.336 138.0 151.629 157.283 182.858 194.903 189.795 174.704 181.86 180.292 188.233 202.684 209.938 199.898 180.851 176.028 189.512 205.827 188.604 179.399 157.194 138.599 112.405 107.041 102.246 90.629 91.719 117.861 122.121 122.178 108.393 108.661 94.186 81.438 81.477 80.293 73.639 67.738 60.764 -9999 -9999 -9999 -9999 -9999 -9999 -9999 -9999 -9999 -9999 -9999 -9999 -9999 -9999 -9999 -9999 -9999
-9999 -9999 -9999 -9999 -9999 -9999 -9999 -9999 -9999 -9999 -9999 -9999 -9999 -9999 -9999 -9999 111.889 115.733 141.608 159.667 180.035 182.915 213.85 233.776 258.238 231.604 199.561 189.269 191.155 201.221 230.72 215.914 175.482 171.253 179.649 194.502 195.025 182.631 171.266 146.793 145.712 144.212 132.429 130.075 143.697 145.38 130.046 123.267 113.097 102.9 96.217 81.201 77.304 77.649 72.222 63.702 58.474 -9999 -9999 -9999 -9999 -9999 -9999 -9999 -9999 -9999 -9999 -9999 -9999 -9999 -9999 -9999 -9999 -9999
-9999 -9999 -9999 -9999 -9999 -9999 -9999 -9999 -9999 -9999 -9999 -9999 -9999 -9999 -9999 117.602 130.964 147.632 155.901 186.49 192.234 200.51 214.694 254.039 250.955 232.486 205.445 188.575 164.613 170.873 185.207 190.978 177.645 159.465 169.932 183.579 186.422 180.516 170.359 170.039 157.027 160.979 151.143 147.048 162.932 144.475 145.033 126.777 101.915 103.707 100.519 95.951 81.658 74.35 67.055 60.644 57.44 -9999 -9999 -9999 -9999 -9999 -9999 -9999 -9999 -9999 -9999 -9999 -9999 -9999 -9999 -9999 -9999 -9999
-9999 -9999 -9999 -9999 -9999 -9999 -9999 -9999 -9999 -9999 -9999 -9999 -9999 -9999 -9999 131.683 155.643 176.235 204.068 221.482 228.6 221.434 248.196 225.998 219.237 204.763 188.357 176.859 148.935 146.975 168.597 178.24 172.626 145.468 149.714 155.944 162.819 170.973 179.732 151.7 170.126 160.201 148.563 169.651 151.623 151.158 137.976 111.538 105.818 99.364 96.27 94.199 87.097 76.972 70.007 62.223 55.494 -9999 -9999 -9999 -9999 -9999 -9999 -9999 -9999 -9999 -9999 -9999 -9999 -9999 -9999 -9999 -9999 -9999
-9999 -9999 -9999 -9999 -9999 -9999 -9999 -9999 -9999 -9999 -9999 -9999 -9999 -9999 124.402 149.857 168.367 199.642 211.691 235.482 255.666 269.542 258.621 217.115 201.887 188.465 186.633 180.704 156.698 152.647 165.283 162.338 138.073 127.9 135.033 145.601 155.825 176.656 158.69 159.121 167.703 147.521 155.759 154.492 141.421 134.705 116.087 113.285 106.475 99.733 95.409 86.508 76.424 69.29 68.624 64.055 55.478 53.669 -9999 -9999 -9999 -9999 -9999 -9999 -9999 -9999 -9999 -9999 -9999 -9999 -9999 -9999 -9999 -9999
