Validation/Results/raw data/ReClimate_07_2024_1_Temperature-Actualsweatherlogisticsltd.asc
NCOLS 192
NROWS 249
XLLCENTER -225160.85627316462
YLLCENTER 29788.11610251502
CELLSIZE 5000.0
NODATA_VALUE -9999
[rows 170 to 203 of 249, columns 75 to 149 of 192]
-9999 -9999 -9999 -9999 -9999 -9999 -9999 -9999 -9999 -9999 -9999 -9999 -9999 -9999 -9999 -9999 -9999 15.628 15.64 -9999 -9999 -9999 -9999 -9999 -9999 -9999 -9999 -9999 -9999 -9999 -9999 -9999 -9999 -9999 -9999 -9999 17.101 17.137 17.153 17.186 17.058 17.109 17.2 17.233 17.262 17.408 17.494 17.481 17.269 16.826 15.988 15.195 14.469 14.736 14.777 15.344 16.543 17.117 17.47 17.174 17.153 17.392 17.681 17.717 17.753 17.76 17.79 17.791 17.73 17.731 17.821 17.849 17.754 17.333 17.334
-9999 -9999 -9999 -9999 -9999 -9999 -9999 -9999 -9999 -9999 -9999 -9999 -9999 -9999 -9999 -9999 -9999 15.519 15.481 15.597 -9999 -9999 -9999 -9999 -9999 -9999 -9999 -9999 -9999 -9999 -9999 -9999 -9999 -9999 -9999 17.225 17.139 17.113 17.156 17.043 17.177 17.19 17.298 17.261 17.291 17.372 17.385 17.34 17.273 16.959 16.318 15.195 14.398 14.935 15.529 15.698 16.385 17.442 17.67 17.499 17.081 17.259 17.626 17.708 17.671 17.665 17.757 17.804 17.786 17.703 17.778 17.85 17.826 17.549 17.278
-9999 -9999 -9999 -9999 -9999 -9999 -9999 -9999 -9999 -9999 -9999 -9999 -9999 -9999 -9999 -9999 15.782 15.656 15.521 15.679 15.918 -9999 -9999 -9999 -9999 -9999 -9999 -9999 -9999 -9999 -9999 -9999 16.525 -9999 -9999 17.252 16.862 17.1 17.187 17.29 -9999 17.077 17.081 17.056 17.138 17.131 17.216 17.11 17.078 16.685 15.989 16.272 15.158 15.502 16.144 15.606 16.538 17.032 17.498 17.48 17.22 17.294 17.541 17.759 17.779 17.737 17.813 17.833 17.834 17.751 17.772 17.881 17.834 17.728 17.423
-9999 -9999 -9999 -9999 -9999 -9999 -9999 -9999 -9999 -9999 -9999 -9999 -9999 -9999 -9999 -9999 15.934 15.811 15.764 15.785 15.955 15.949 15.947 -9999 -9999 -9999 15.768 16.064 -9999 16.239 16.322 16.452 15.843 16.162 -9999 -9999 16.967 16.968 -9999 -9999 17.062 16.923 17.16 17.36 17.265 17.153 17.01 16.943 16.771 16.191 15.422 15.712 15.62 15.436 15.688 15.701 15.98 17.186 17.341 17.239 16.997 17.201 17.392 17.643 17.778 17.757 17.834 17.86 17.847 17.809 17.797 17.923 17.904 17.843 17.642
-9999 -9999 -9999 -9999 -9999 -9999 -9999 -9999 -9999 -9999 -9999 -9999 -9999 -9999 -9999 -9999 -9999 15.959 15.845 15.856 16.092 16.133 -9999 -9999 13.819 13.906 15.609 15.127 15.32 15.508 16.156 16.179 16.145 15.871 15.978 -9999 16.971 17.035 17.03 17.052 16.737 16.613 17.079 17.467 17.39 17.142 17.0 16.82 16.645 15.929 14.929 15.051 15.381 15.702 16.003 15.845 16.106 16.888 17.356 17.225 16.995 17.066 17.181 17.394 17.587 17.686 17.799 17.853 17.779 17.599 17.755 17.981 17.977 17.934 17.803
-9999 -9999 -9999 -9999 -9999 -9999 -9999 -9999 -9999 -9999 -9999 -9999 -9999 -9999 -9999 -9999 -9999 15.911 15.824 16.144 16.311 16.36 16.026 14.444 12.261 14.838 15.525 14.729 15.255 14.965 15.518 16.209 16.02 15.109 15.819 16.209 16.754 17.008 16.917 16.88 16.702 16.639 16.934 17.228 17.228 17.126 16.962 16.797 16.52 15.59 15.005 14.727 15.14 15.291 16.107 16.281 16.016 16.336 16.894 17.03 17.044 17.064 17.074 17.25 17.466 17.596 17.826 17.839 17.858 17.861 17.787 18.023 18.057 18.034 17.965
-9999 -9999 -9999 -9999 -9999 -9999 -9999 -9999 -9999 -9999 -9999 -9999 -9999 -9999 -9999 -9999 -9999 -9999 15.963 16.23 16.19 15.605 14.333 11.6 12.51 14.644 14.754 15.037 14.478 14.353 14.737 15.214 15.479 15.701 15.056 15.948 16.49 16.569 16.813 16.924 16.785 16.744 16.871 17.061 17.143 17.005 16.871 16.73 16.28 15.698 15.093 14.956 15.435 15.29 15.601 16.637 16.365 16.423 16.727 16.814 17.029 17.236 17.209 17.248 17.397 17.571 17.834 17.896 17.943 17.867 17.903 18.021 18.092 18.113 18.065
-9999 -9999 -9999 -9999 -9999 -9999 -9999 -9999 -9999 -9999 -9999 -9999 -9999 -9999 -9999 -9999 -9999 -9999 -9999 -9999 15.56 14.484 13.214 12.699 13.225 14.952 15.317 14.589 13.894 13.776 13.925 14.944 15.795 15.403 14.806 15.477 16.18 16.611 16.957 16.93 16.777 16.63 16.779 16.925 16.966 16.939 16.835 16.551 15.96 15.644 15.458 15.039 15.427 15.333 15.308 16.014 16.748 16.673 17.057 16.928 16.837 17.14 17.303 17.437 17.53 17.674 17.845 17.921 17.96 17.978 17.862 17.989 18.071 18.127 18.159
-9999 -9999 -9999 -9999 -9999 -9999 -9999 -9999 -9999 -9999 -9999 -9999 -9999 -9999 -9999 -9999 -9999 -9999 -9999 16.024 15.205 14.619 14.231 13.223 14.431 15.233 14.898 14.748 14.11 13.614 14.077 14.289 15.231 15.112 14.694 15.175 15.851 16.785 16.96 16.923 16.602 16.469 16.624 16.815 16.903 16.889 16.696 16.214 16.0 16.149 15.842 15.319 15.605 15.679 15.842 16.109 16.312 16.848 17.015 17.034 17.064 17.112 17.344 17.386 17.646 17.815 17.902 17.944 17.996 17.838 17.91 18.045 18.126 18.143 18.194
-9999 -9999 -9999 -9999 -9999 -9999 -9999 -9999 -9999 -9999 -9999 -9999 -9999 -9999 -9999 -9999 -9999 -9999 15.894 14.289 15.053 14.679 14.094 14.339 13.115 13.617 14.104 14.073 13.502 14.134 13.99 14.609 15.163 14.512 14.277 15.032 15.949 16.768 17.025 16.899 16.491 16.531 16.703 16.786 16.875 16.739 16.428 16.398 16.302 15.899 15.718 15.625 15.455 16.014 16.252 16.491 16.735 16.788 17.197 17.202 17.364 17.399 17.452 17.706 17.58 17.813 17.933 17.924 17.968 17.855 17.848 18.111 18.145 18.164 18.19
-9999 -9999 -9999 -9999 -9999 -9999 -9999 -9999 -9999 -9999 -9999 -9999 -9999 -9999 -9999 -9999 -9999 15.763 14.36 15.212 15.398 15.063 15.213 14.53 14.248 13.901 13.535 13.29 13.427 13.687 14.051 14.957 14.59 14.732 15.583 15.858 16.462 16.65 16.903 16.751 16.524 16.554 16.616 16.736 16.614 16.342 16.5 16.475 16.324 15.874 15.835 16.29 16.154 16.159 16.482 16.632 16.828 17.026 17.152 17.397 17.551 17.756 17.82 17.922 17.925 17.8 17.878 17.915 17.944 17.835 17.838 18.106 18.164 18.127 18.122
-9999 -9999 -9999 -9999 -9999 -9999 -9999 -9999 -9999 -9999 -9999 -9999 -9999 -9999 -9999 15.507 15.766 15.512 15.615 15.917 15.998 15.788 16.056 15.613 14.84 14.092 13.428 12.55 13.998 14.186 14.775 14.759 13.931 14.336 14.931 15.984 16.413 16.548 16.667 16.58 16.465 16.432 16.584 16.591 16.407 16.331 16.309 16.586 16.331 16.023 16.138 16.272 16.409 16.556 16.701 16.877 17.045 17.389 17.442 17.475 17.732 17.999 18.109 18.01 17.944 17.902 17.876 17.844 17.888 17.721 17.697 17.998 18.146 18.123 18.063
-9999 -9999 -9999 -9999 -9999 -9999 -9999 -9999 -9999 -9999 -9999 -9999 -9999 -9999 15.345 15.451 15.634 15.824 -9999 -9999 -9999 -9999 15.401 14.449 14.298 14.033 13.219 14.177 14.245 13.657 14.222 13.641 12.438 13.38 14.553 15.387 16.28 16.683 16.59 16.508 16.501 16.551 16.606 16.591 16.448 16.395 16.314 16.467 16.347 16.34 16.37 16.449 16.688 16.837 16.944 17.183 17.314 17.572 17.821 17.724 17.784 17.92 18.079 18.035 17.905 17.804 17.696 17.67 17.714 17.671 17.618 17.811 18.049 18.126 18.092
-9999 -9999 -9999 -9999 -9999 -9999 -9999 -9999 -9999 -9999 -9999 -9999 -9999 -9999 15.358 15.229 15.885 -9999 -9999 -9999 -9999 -9999 15.104 14.453 14.123 14.437 13.786 13.946 13.505 13.06 13.374 13.08 13.188 14.723 15.027 15.917 16.578 16.769 16.648 16.554 16.52 16.46 16.478 16.582 16.533 16.452 16.465 16.409 16.574 16.599 16.721 16.542 16.545 16.712 17.009 17.264 17.415 17.581 17.637 17.659 17.666 17.706 17.798 17.701 17.676 17.458 17.305 17.318 17.507 17.611 17.637 17.786 17.976 18.145 18.155
-9999 -9999 -9999 -9999 -9999 -9999 -9999 -9999 -9999 -9999 -9999 -9999 -9999 -9999 -9999 -9999 16.015 -9999 -9999 -9999 -9999 -9999 14.984 14.323 14.843 14.604 14.28 14.236 12.957 13.349 14.371 13.661 14.584 14.993 15.457 16.282 16.742 16.794 16.519 16.521 16.471 16.466 16.66 16.659 16.699 16.688 16.565 16.616 16.751 16.897 16.87 16.873 16.809 16.776 17.081 17.17 17.006 17.194 17.372 17.391 17.559 17.553 17.425 17.217 17.111 17.33 17.259 17.242 17.369 17.548 17.64 17.762 17.94 18.132 18.195
-9999 -9999 -9999 -9999 -9999 -9999 -9999 -9999 -9999 -9999 -9999 -9999 -9999 -9999 -9999 -9999 -9999 -9999 -9999 -9999 -9999 -9999 15.363 14.96 16.115 15.397 14.61 13.314 13.549 13.78 13.923 14.798 14.915 15.175 16.203 16.543 16.828 16.702 16.636 16.585 16.662 16.747 16.799 16.839 16.846 16.808 16.749 16.709 16.822 16.85 16.724 16.99 17.189 17.191 17.201 17.391 17.084 16.887 17.132 17.101 17.328 17.577 17.392 17.266 17.155 17.239 17.451 17.412 17.418 17.62 17.769 17.838 17.945 18.126 18.218
-9999 -9999 -9999 -9999 -9999 -9999 -9999 -9999 -9999 -9999 -9999 -9999 -9999 -9999 -9999 -9999 -9999 -9999 -9999 -9999 -9999 -9999 -9999 15.663 14.563 14.173 14.111 14.38 14.305 14.137 14.969 15.085 15.629 16.276 16.159 16.657 16.642 16.334 16.42 16.628 16.853 17.011 16.943 16.795 16.774 16.651 16.641 16.698 16.84 16.721 16.566 16.793 17.192 17.359 17.391 17.372 17.315 17.085 16.976 16.796 16.881 17.467 17.579 17.336 17.168 17.036 17.159 17.477 17.532 17.696 17.899 18.083 18.12 18.228 18.292
-9999 -9999 -9999 -9999 -9999 -9999 -9999 -9999 -9999 -9999 -9999 -9999 -9999 -9999 -9999 -9999 -9999 -9999 -9999 -9999 -9999 -9999 15.467 15.077 14.75 13.857 14.848 14.986 14.415 14.824 14.985 15.124 16.272 16.262 16.223 16.455 15.411 16.032 16.4 16.501 16.623 16.896 16.653 16.235 16.301 16.561 16.799 16.779 16.909 16.854 16.862 16.953 17.225 17.353 17.41 17.394 17.292 17.235 17.069 17.048 17.097 17.409 17.507 17.293 17.054 16.886 16.975 17.376 17.693 17.837 18.076 18.273 18.382 18.431 18.46
-9999 -9999 -9999 -9999 -9999 -9999 -9999 -9999 -9999 -9999 -9999 -9999 -9999 -9999 -9999 -9999 -9999 -9999 -9999 -9999 -9999 -9999 15.837 15.451 13.852 15.426 15.977 15.273 15.083 14.791 14.357 15.262 16.241 16.25 16.552 16.095 16.087 16.071 15.962 16.056 16.594 16.606 16.36 16.36 16.453 16.824 16.853 16.857 16.984 16.99 17.203 17.3 17.35 17.387 17.385 17.412 17.398 17.339 17.261 17.125 17.278 17.428 17.333 17.016 16.77 16.872 17.002 17.208 17.605 17.946 18.1 18.331 18.424 18.489 18.578
-9999 -9999 -9999 -9999 -9999 -9999 -9999 -9999 -9999 -9999 -9999 -9999 -9999 -9999 -9999 -9999 -9999 -9999 -9999 -9999 -9999 -9999 15.739 15.177 16.126 15.96 15.669 15.311 14.808 14.013 14.523 15.006 15.889 16.226 16.621 16.485 16.062 15.451 15.154 15.445 16.202 16.036 16.293 16.327 16.627 16.939 16.889 16.987 17.074 17.17 17.396 17.365 17.302 17.379 17.389 17.231 17.385 17.457 17.402 17.347 17.425 17.47 17.277 17.037 16.934 16.998 17.236 17.455 17.72 17.904 18.12 18.308 18.543 18.536 18.626
-9999 -9999 -9999 -9999 -9999 -9999 -9999 -9999 -9999 -9999 -9999 -9999 -9999 -9999 -9999 -9999 -9999 -9999 -9999 -9999 -9999 -9999 -9999 16.271 15.258 14.675 14.008 13.944 14.072 14.544 15.115 16.1 16.399 16.563 16.393 16.308 16.075 15.703 15.388 15.436 15.773 16.131 16.193 16.133 16.526 16.823 16.78 17.116 17.172 17.14 17.557 17.615 17.438 17.424 17.445 17.215 17.162 17.491 17.464 17.438 17.497 17.476 17.269 17.171 17.254 17.443 17.514 17.677 17.791 17.886 18.138 18.36 18.468 18.538 18.647
-9999 -9999 -9999 -9999 -9999 -9999 -9999 -9999 -9999 -9999 -9999 -9999 -9999 -9999 -9999 -9999 -9999 -9999 -9999 -9999 -9999 -9999 -9999 15.524 14.596 13.866 13.265 13.171 13.766 14.837 15.793 16.197 15.982 15.389 14.985 15.066 15.682 16.066 15.651 15.685 15.935 16.135 15.687 16.006 16.352 16.524 16.694 17.124 17.172 17.293 17.342 17.546 17.596 17.514 17.482 17.364 17.327 17.538 17.581 17.399 17.332 17.316 17.205 17.22 17.425 17.397 17.492 17.577 17.817 17.863 18.102 18.312 18.316 18.43 18.601
-9999 -9999 -9999 -9999 -9999 -9999 -9999 -9999 -9999 -9999 -9999 -9999 -9999 -9999 -9999 -9999 -9999 -9999 -9999 -9999 -9999 -9999 16.027 15.584 14.656 13.861 13.432 13.771 14.339 14.906 14.684 14.133 14.638 14.54 14.666 15.555 15.986 15.846 15.801 16.077 16.221 15.773 15.687 15.874 16.273 16.519 16.725 17.22 17.207 17.046 17.32 17.185 17.359 17.386 17.431 17.462 17.54 17.735 17.662 17.496 17.459 17.354 17.334 17.194 17.338 17.419 17.499 17.674 17.801 18.056 18.229 18.269 18.228 18.347 18.562
-9999 -9999 -9999 -9999 -9999 -9999 -9999 -9999 -9999 -9999 -9999 -9999 -9999 -9999 -9999 -9999 -9999 -9999 -9999 -9999 -9999 -9999 15.809 15.225 14.813 14.53 14.038 13.447 13.864 14.14 14.012 14.254 14.11 14.079 14.667 15.522 15.213 15.325 16.053 15.866 16.33 15.967 15.632 15.671 16.489 16.589 17.166 17.341 17.187 17.083 16.688 16.981 17.079 17.233 17.343 17.55 17.664 17.757 17.764 17.526 17.629 17.731 17.444 17.311 17.269 17.364 17.522 17.886 18.059 18.241 18.368 18.316 18.243 18.331 18.435
-9999 -9999 -9999 -9999 -9999 -9999 -9999 -9999 -9999 -9999 -9999 -9999 -9999 -9999 -9999 -9999 -9999 -9999 -9999 -9999 -9999 -9999 15.351 15.35 15.527 14.892 13.827 13.302 13.812 14.127 14.503 14.185 14.398 14.694 14.99 14.938 15.181 16.001 16.068 16.15 15.82 16.264 16.089 16.422 16.491 16.691 17.219 17.466 17.323 16.918 17.059 17.047 17.043 17.164 17.267 17.544 17.697 17.631 17.687 17.699 17.72 17.788 17.519 17.312 17.47 17.665 17.636 17.921 18.135 18.39 18.456 18.365 18.416 18.516 18.624
-9999 -9999 -9999 -9999 -9999 -9999 -9999 -9999 -9999 -9999 -9999 -9999 -9999 -9999 -9999 -9999 -9999 -9999 -9999 -9999 -9999 15.44 15.182 14.799 15.031 14.814 13.804 13.775 13.525 14.206 15.045 15.163 15.353 14.946 14.862 15.389 15.514 15.601 16.068 16.059 16.515 16.671 16.748 16.776 16.698 17.08 17.411 17.518 17.49 17.419 17.377 17.445 17.328 17.323 17.314 17.462 17.659 17.66 17.694 17.834 17.815 17.699 17.564 17.506 17.713 17.886 17.929 17.989 18.303 18.353 18.466 18.419 18.396 18.545 18.721
-9999 -9999 -9999 -9999 -9999 -9999 -9999 -9999 -9999 -9999 -9999 -9999 -9999 -9999 -9999 -9999 -9999 -9999 -9999 -9999 15.168 15.153 14.682 15.053 15.075 14.047 13.472 13.477 13.948 14.635 15.324 15.323 15.496 15.076 14.532 15.37 15.372 16.133 16.313 16.608 16.727 16.707 16.672 16.798 16.75 17.229 17.412 17.748 17.752 17.631 17.609 17.624 17.61 17.431 17.421 17.612 17.744 17.7 17.673 17.712 17.718 17.616 17.588 17.628 17.8 18.041 18.184 18.304 18.231 18.253 18.344 18.425 18.457 18.576 18.638
-9999 -9999 -9999 -9999 -9999 -9999 -9999 -9999 -9999 -9999 -9999 -9999 -9999 -9999 -9999 -9999 -9999 -9999 14.681 14.863 14.878 15.598 15.554 15.307 14.639 13.675 13.367 13.428 13.515 14.564 15.105 15.748 15.53 14.875 14.86 15.513 16.194 16.431 16.715 16.753 16.873 16.626 16.616 16.664 17.056 17.529 17.737 17.816 17.756 17.642 17.669 17.757 17.668 17.477 17.579 17.741 17.892 17.662 17.569 17.466 17.351 17.398 17.496 17.755 17.922 18.061 18.045 18.197 18.227 18.304 18.37 18.449 18.514 18.636 18.735
-9999 -9999 -9999 -9999 -9999 -9999 -9999 -9999 -9999 -9999 -9999 -9999 -9999 -9999 -9999 -9999 -9999 14.691 14.539 14.373 14.938 15.48 15.45 15.1 13.925 13.832 13.412 13.534 14.207 15.131 15.827 15.896 15.776 15.178 14.617 15.364 16.114 16.678 16.661 16.732 16.537 16.773 16.609 16.739 17.279 17.681 17.964 17.933 17.709 17.763 17.626 17.671 17.708 17.662 17.672 17.736 17.675 17.713 17.52 17.513 17.43 17.246 17.297 17.466 17.714 17.873 17.922 18.05 18.239 18.22 18.483 18.57 18.594 18.67 18.65
-9999 -9999 -9999 -9999 -9999 -9999 -9999 -9999 -9999 -9999 -9999 -9999 -9999 -9999 16.054 15.741 15.365 15.053 14.583 14.695 15.066 15.627 15.697 14.496 14.19 13.92 14.321 13.807 14.889 15.24 14.963 15.662 15.933 14.492 15.231 15.955 16.924 16.942 16.741 16.275 17.051 16.908 16.886 17.008 17.21 17.705 17.965 18.08 17.919 17.921 17.773 17.643 17.742 17.731 17.808 17.671 17.594 17.297 17.478 17.585 17.595 17.432 17.416 17.547 17.735 17.929 17.942 18.048 18.131 18.314 18.434 18.565 18.527 18.627 18.694
-9999 -9999 -9999 -9999 -9999 -9999 -9999 -9999 -9999 -9999 -9999 -9999 15.392 15.634 15.899 15.876 15.741 15.322 15.417 15.261 15.591 15.445 14.59 14.969 14.671 14.531 14.868 14.665 14.65 13.913 14.622 15.191 15.179 15.62 16.148 16.761 16.113 16.398 16.719 17.021 17.265 17.272 17.153 17.243 17.51 17.571 17.92 18.17 18.085 18.026 17.935 17.862 17.842 17.591 17.741 17.801 17.565 17.395 17.262 17.558 17.589 17.463 17.408 17.478 17.636 17.944 18.131 18.199 18.172 18.173 18.42 18.416 18.38 18.546 18.713
-9999 -9999 -9999 -9999 -9999 -9999 -9999 -9999 15.431 15.499 15.473 15.447 14.94 15.82 15.761 15.878 15.667 15.404 15.46 15.469 15.34 14.583 15.008 15.385 14.789 15.335 15.253 14.947 14.057 14.323 14.844 15.247 15.293 16.098 16.633 15.452 15.533 16.316 16.436 17.046 17.285 17.406 17.257 17.072 17.412 17.4 18.058 18.152 18.106 17.89 17.754 17.821 17.295 17.507 17.672 17.799 17.589 17.288 17.316 17.496 17.563 17.595 17.544 17.577 17.695 17.953 18.103 18.204 18.236 18.124 18.208 18.373 18.409 18.644 18.851
-9999 -9999 -9999 -9999 -9999 -9999 -9999 15.731 15.489 15.528 15.365 14.559 14.39 14.691 15.072 15.492 14.999 14.895 15.1 15.097 14.684 15.128 15.328 15.063 15.627 15.94 15.641 15.042 14.571 14.886 15.211 15.346 15.793 16.265 15.216 14.002 15.276 16.067 16.723 16.83 17.151 17.038 17.126 17.339 17.479 17.82 17.984 18.017 18.07 17.847 17.603 17.234 16.968 16.857 17.47 17.678 17.271 17.153 17.26 17.467 17.617 17.599 17.628 17.659 17.839 17.883 17.977 18.111 18.005 17.936 18.164 18.346 18.461 18.661 18.796
-9999 -9999 -9999 -9999 -9999 -9999 15.884 15.599 15.544 15.528 15.039 14.547 14.79 15.154 15.505 15.123 15.095 15.109 15.632 15.13 14.995 15.395 15.478 15.731 16.368 15.998 15.219 14.826 15.133 15.417 15.455 16.106 16.373 16.028 14.393 14.406 15.187 16.565 16.491 16.739 16.748 17.221 17.39 17.342 17.564 17.733 17.877 17.935 18.109 17.983 17.663 17.154 16.758 16.972 17.361 17.491 17.237 16.948 17.198 17.449 17.572 17.687 17.712 17.781 17.835 17.908 17.839 17.952 18.085 18.015 18.186 18.295 18.229 18.476 18.654
