Validation/Results/raw data/ReClimate_03_2024_2_Temperature-Actualsweatherlogisticsltd.asc
NCOLS 192
NROWS 249
XLLCENTER -225160.85627316462
YLLCENTER 29788.11610251502
CELLSIZE 5000.0
NODATA_VALUE -9999
[rows 204 to 237 of 249, columns 77 to 153 of 192]
-9999 -9999 10.846 -9999 10.882 10.891 10.899 10.703 10.703 10.547 10.632 10.719 10.699 10.768 10.518 11.022 10.912 11.086 11.263 11.468 11.426 11.495 10.991 10.494 9.251 8.63 10.133 9.954 10.057 9.49 9.975 10.948 10.281 8.93 10.536 10.864 10.698 10.685 11.391 12.059 12.013 11.708 11.817 12.21 12.376 12.493 12.504 12.411 11.63 11.108 11.001 11.304 11.508 11.668 11.578 11.259 11.34 11.525 11.722 11.815 11.838 11.786 11.644 11.704 11.845 11.862 11.959 12.003 11.932 11.986 11.993 12.065 12.194 12.127 12.081 11.994 12.009
-9999 -9999 -9999 -9999 -9999 -9999 10.738 11.069 10.984 10.908 10.988 11.038 11.077 11.012 11.359 11.259 11.268 11.333 11.304 11.459 11.218 11.158 10.472 9.681 8.807 9.099 9.001 9.363 8.633 8.764 10.372 10.332 10.155 11.141 10.504 10.758 11.175 11.374 11.791 11.681 11.501 11.136 11.64 12.228 12.391 12.529 12.63 11.999 11.186 11.015 11.018 11.392 11.447 11.622 11.526 11.625 11.671 11.873 12.053 12.11 12.013 11.88 11.814 11.87 12.069 12.168 12.053 11.902 11.753 11.811 12.019 12.044 12.164 12.081 12.169 12.283 12.269
-9999 -9999 -9999 -9999 -9999 -9999 10.975 11.018 11.039 11.129 10.806 10.663 10.595 11.013 11.296 11.319 11.428 11.103 11.002 11.301 11.466 11.473 10.874 10.658 10.487 10.214 9.886 9.651 9.059 9.455 9.154 9.815 10.473 10.113 9.866 11.376 11.564 11.701 11.381 11.465 10.962 11.252 11.694 12.279 12.378 12.258 11.493 11.054 11.106 11.28 11.177 11.316 11.469 11.59 11.773 11.685 11.974 12.18 12.372 12.395 12.153 11.93 11.824 11.944 12.212 12.287 12.102 11.668 11.71 11.78 11.847 12.035 12.131 12.265 12.371 12.559 12.451
-9999 -9999 -9999 -9999 11.084 11.073 11.032 11.137 -9999 11.196 11.063 10.891 11.117 11.208 11.4 -9999 11.485 11.229 11.406 11.095 11.695 10.884 10.971 10.789 10.569 10.52 10.818 10.392 10.067 9.961 9.913 10.164 10.478 9.448 10.493 11.563 11.51 11.799 11.682 11.175 11.261 11.566 12.016 12.242 12.187 11.584 11.49 11.144 11.231 11.198 11.419 11.514 11.581 11.761 11.963 12.03 12.164 12.202 12.479 12.459 12.305 12.11 12.073 12.088 12.192 12.143 11.826 11.649 11.575 11.852 11.924 12.009 12.128 12.196 12.271 12.594 12.565
-9999 -9999 -9999 -9999 11.111 -9999 -9999 -9999 11.394 11.292 11.122 -9999 -9999 -9999 -9999 -9999 11.515 11.465 11.212 12.034 11.759 11.584 11.443 11.155 11.311 11.331 9.675 9.706 10.724 10.773 10.719 10.577 10.036 10.099 11.328 11.473 11.852 11.839 11.168 11.381 11.515 12.055 12.15 12.208 11.869 11.585 11.597 11.294 11.435 11.569 11.597 11.712 11.876 11.975 12.11 12.157 12.237 12.251 12.339 12.48 12.193 12.151 12.104 12.084 11.908 11.883 11.788 11.607 11.707 12.028 12.173 12.26 12.219 12.181 12.298 12.572 12.683
-9999 -9999 -9999 -9999 -9999 -9999 11.138 11.173 11.128 11.286 11.038 -9999 -9999 -9999 -9999 -9999 -9999 -9999 -9999 12.375 12.238 12.155 12.205 11.816 11.503 9.943 9.415 9.54 9.949 10.485 10.694 10.747 10.811 10.812 11.18 11.871 11.952 11.035 11.246 11.38 12.232 12.235 12.145 12.06 11.5 11.548 11.425 11.449 11.613 11.774 11.831 11.891 11.946 12.036 11.975 12.046 12.18 12.346 12.374 12.392 12.176 12.052 11.867 11.757 11.914 11.73 11.738 11.872 12.053 12.239 12.498 12.505 12.468 12.482 12.714 12.904 12.777
-9999 -9999 -9999 -9999 -9999 -9999 -9999 11.083 -9999 -9999 -9999 -9999 -9999 -9999 -9999 -9999 -9999 11.378 11.844 12.0 11.931 12.32 12.391 12.141 11.439 10.643 9.784 9.684 10.289 11.248 11.121 10.753 10.981 11.288 12.027 12.36 12.042 11.637 11.694 12.117 -9999 12.239 12.119 11.836 11.187 11.2 11.435 11.586 11.783 11.847 11.938 11.905 11.926 11.914 12.007 12.024 12.162 12.274 12.333 12.184 12.017 11.799 11.556 11.592 11.695 12.084 12.016 12.067 12.32 12.457 12.588 12.695 12.66 12.782 13.096 13.286 13.238
-9999 -9999 -9999 -9999 -9999 -9999 -9999 -9999 -9999 -9999 -9999 -9999 -9999 -9999 -9999 -9999 -9999 11.383 11.689 11.949 11.885 -9999 -9999 -9999 12.052 11.039 11.171 10.92 11.414 11.447 10.959 11.179 11.905 12.143 12.225 12.448 12.274 12.276 12.298 -9999 12.286 12.018 12.071 11.544 11.145 11.456 11.601 11.785 11.815 11.781 11.891 11.937 11.917 11.911 11.788 11.799 11.902 11.92 12.058 12.122 11.856 11.455 11.542 11.666 11.952 12.268 12.414 12.308 12.524 12.779 12.901 13.024 13.04 12.816 13.214 13.512 13.448
-9999 -9999 -9999 -9999 -9999 -9999 -9999 -9999 -9999 -9999 -9999 -9999 -9999 -9999 -9999 -9999 -9999 -9999 -9999 -9999 -9999 -9999 -9999 -9999 12.571 12.061 11.428 11.552 11.882 11.923 11.818 12.143 12.375 12.359 12.28 12.297 12.353 -9999 -9999 12.542 12.272 12.182 12.072 11.558 11.358 11.547 11.666 11.873 12.016 11.818 11.859 11.908 11.668 11.466 11.414 11.356 11.246 11.458 11.583 11.776 11.836 11.676 11.671 12.006 12.034 12.294 12.606 12.596 12.685 12.85 13.088 13.24 13.323 13.504 13.383 13.616 13.593
-9999 -9999 -9999 -9999 -9999 -9999 -9999 -9999 -9999 -9999 -9999 -9999 -9999 -9999 -9999 -9999 -9999 -9999 -9999 -9999 -9999 -9999 -9999 -9999 12.278 12.064 11.841 11.855 11.881 12.015 12.306 12.496 12.539 12.465 -9999 -9999 -9999 -9999 -9999 12.591 12.324 12.331 12.123 11.622 11.402 11.532 11.569 11.872 12.082 11.876 11.555 11.582 11.305 11.149 11.111 11.248 11.26 11.229 11.491 11.557 11.959 12.198 12.131 12.407 12.413 12.469 12.658 12.758 12.969 13.202 13.202 13.187 13.354 13.585 13.744 13.648 13.473
-9999 -9999 -9999 -9999 -9999 -9999 -9999 -9999 -9999 -9999 -9999 -9999 -9999 -9999 -9999 -9999 -9999 -9999 -9999 -9999 -9999 -9999 -9999 -9999 -9999 -9999 11.913 11.596 11.76 12.036 12.108 12.329 12.468 -9999 -9999 -9999 -9999 12.147 12.056 12.012 12.463 12.459 12.169 11.496 11.401 11.376 11.445 11.746 11.927 11.613 11.225 11.09 11.204 11.128 11.239 11.265 11.559 11.593 11.621 11.854 12.007 12.398 12.661 12.605 12.564 12.542 12.564 12.554 12.839 13.2 13.305 13.287 13.259 13.413 13.492 13.513 13.347
-9999 -9999 -9999 -9999 -9999 -9999 -9999 -9999 -9999 -9999 -9999 -9999 -9999 -9999 -9999 -9999 -9999 -9999 -9999 -9999 -9999 -9999 -9999 -9999 -9999 -9999 -9999 11.871 11.885 11.923 11.978 12.251 -9999 -9999 -9999 -9999 12.218 12.181 11.918 11.923 12.097 12.272 12.158 11.815 11.844 11.488 11.501 11.629 11.466 11.369 11.279 11.023 11.162 11.314 11.484 11.611 11.742 11.887 11.86 11.876 12.085 12.361 12.474 12.423 12.287 12.406 12.495 12.474 12.588 12.95 13.156 13.232 13.296 13.264 13.247 13.146 13.051
-9999 -9999 -9999 -9999 -9999 -9999 -9999 -9999 -9999 -9999 -9999 -9999 -9999 -9999 -9999 -9999 -9999 -9999 -9999 -9999 -9999 -9999 -9999 -9999 -9999 -9999 -9999 -9999 -9999 -9999 -9999 -9999 -9999 -9999 -9999 12.25 12.403 12.402 12.047 11.824 12.139 12.138 11.878 11.976 11.862 11.885 12.054 11.777 11.499 11.396 11.42 11.415 11.258 11.349 11.479 11.355 11.564 11.672 11.757 11.811 11.891 12.166 12.29 12.193 12.091 12.131 12.356 12.488 12.575 12.732 12.911 12.933 12.996 12.921 12.855 12.659 12.432
-9999 -9999 -9999 -9999 -9999 -9999 -9999 -9999 -9999 -9999 -9999 -9999 -9999 -9999 -9999 -9999 -9999 -9999 -9999 -9999 -9999 -9999 -9999 -9999 -9999 -9999 -9999 -9999 -9999 -9999 -9999 -9999 -9999 -9999 12.594 12.496 12.275 11.987 10.995 11.556 12.033 11.883 11.815 11.805 11.899 12.287 12.199 11.905 11.567 11.497 11.711 11.514 11.315 11.072 11.242 11.372 11.055 11.329 11.514 11.734 11.932 12.108 12.236 12.216 12.212 12.316 12.258 12.323 12.507 12.624 12.645 12.583 12.336 12.446 12.428 12.228 11.832
-9999 -9999 -9999 -9999 -9999 -9999 -9999 -9999 -9999 -9999 -9999 -9999 -9999 -9999 -9999 -9999 -9999 -9999 -9999 -9999 -9999 -9999 -9999 -9999 -9999 -9999 -9999 -9999 -9999 -9999 -9999 -9999 -9999 -9999 12.531 12.422 12.472 11.87 11.361 11.11 11.383 11.632 11.743 11.628 12.057 12.167 11.988 11.385 11.045 11.148 11.53 11.651 11.48 11.422 11.263 11.38 11.462 11.399 11.558 11.691 11.911 12.154 12.291 12.325 12.282 12.34 12.326 12.227 12.32 12.368 12.08 12.027 11.951 11.978 12.241 12.167 11.816
-9999 -9999 -9999 -9999 -9999 -9999 -9999 -9999 -9999 -9999 -9999 -9999 -9999 -9999 -9999 -9999 -9999 -9999 -9999 -9999 -9999 10.064 9.885 9.685 10.027 -9999 10.511 -9999 -9999 -9999 -9999 -9999 -9999 -9999 -9999 12.462 12.456 12.175 11.798 11.579 11.336 11.355 11.441 11.742 11.842 11.823 11.356 11.014 11.185 11.284 11.552 11.609 11.575 11.711 11.826 11.853 11.756 11.814 11.714 11.623 11.559 11.821 12.1 12.136 12.111 12.183 12.143 12.099 12.237 12.187 11.877 11.775 12.024 12.024 12.174 12.252 12.168
-9999 -9999 -9999 -9999 -9999 -9999 -9999 -9999 -9999 -9999 -9999 -9999 -9999 -9999 -9999 -9999 -9999 -9999 10.924 10.756 10.434 9.912 9.366 9.344 9.62 9.693 10.299 11.344 11.966 -9999 -9999 11.429 11.924 12.192 12.399 12.443 12.414 12.404 12.255 12.041 11.725 11.396 11.483 11.666 11.62 11.149 11.296 11.445 11.308 11.541 11.77 11.876 11.783 11.823 11.966 11.998 12.104 12.044 11.889 11.712 11.701 11.598 11.676 11.937 12.072 12.193 12.336 12.125 12.212 11.759 11.64 11.755 12.014 12.2 12.233 12.313 12.161
-9999 -9999 -9999 -9999 -9999 -9999 -9999 -9999 -9999 -9999 -9999 -9999 -9999 -9999 -9999 -9999 -9999 10.808 10.886 11.251 11.046 10.347 9.551 9.411 9.619 9.75 10.121 10.693 11.278 11.446 11.342 11.399 11.499 12.126 12.304 12.412 12.294 12.154 12.323 12.128 11.602 11.504 11.562 11.455 10.928 11.308 11.185 11.296 11.473 11.672 11.919 11.946 11.75 11.863 11.94 12.022 11.986 12.059 11.95 11.795 11.605 11.47 11.705 11.964 12.185 11.948 12.066 12.27 12.172 12.209 11.795 11.927 12.033 12.136 12.133 12.034 12.118
-9999 -9999 -9999 -9999 -9999 -9999 -9999 -9999 -9999 -9999 -9999 -9999 -9999 -9999 -9999 -9999 -9999 10.765 11.507 12.002 11.616 10.673 10.302 10.055 9.694 9.893 10.325 10.921 10.737 10.594 11.061 11.409 11.645 11.607 12.132 12.365 12.239 12.274 12.059 11.86 11.865 11.761 11.627 11.288 11.321 11.308 11.148 11.397 11.487 11.678 11.841 11.858 11.69 11.647 12.034 12.104 12.076 12.154 12.17 12.063 11.882 11.567 11.501 12.025 12.306 12.231 11.945 12.11 12.271 12.308 12.316 12.241 11.962 11.906 11.964 11.889 11.684
-9999 -9999 -9999 -9999 -9999 -9999 -9999 -9999 -9999 -9999 -9999 -9999 -9999 -9999 -9999 -9999 -9999 11.121 11.987 11.806 11.604 11.122 11.172 10.808 10.739 10.668 10.828 11.003 10.577 10.744 11.459 11.744 11.806 12.002 12.257 12.351 12.291 12.059 11.845 11.952 11.89 11.715 11.538 11.598 11.552 11.503 11.449 11.481 11.338 11.456 11.771 12.024 11.984 11.993 12.112 12.082 12.137 12.323 12.107 12.0 12.026 11.653 11.268 11.784 12.354 12.396 12.269 12.232 12.254 12.307 12.262 12.167 12.05 12.014 12.129 12.154 12.026
-9999 -9999 -9999 -9999 -9999 -9999 -9999 -9999 -9999 -9999 -9999 -9999 -9999 10.888 10.525 -9999 10.829 11.568 11.437 11.277 11.337 11.523 11.432 11.341 10.96 10.734 10.88 11.132 11.137 11.361 11.683 11.981 12.029 12.002 12.025 12.122 12.24 12.091 12.024 11.968 11.836 11.496 11.73 11.725 11.605 11.346 11.223 11.338 11.186 11.312 11.652 12.02 12.093 12.136 12.189 12.36 12.297 12.381 12.293 11.895 12.037 11.907 11.761 11.812 12.323 12.491 12.346 12.232 12.21 12.248 12.333 12.365 12.303 12.14 12.148 12.252 12.366
-9999 -9999 -9999 -9999 -9999 -9999 -9999 -9999 -9999 -9999 -9999 -9999 -9999 10.798 10.585 10.741 10.951 11.187 11.137 11.293 10.958 10.965 11.181 10.815 10.811 10.802 10.921 11.241 11.183 11.307 11.574 11.266 11.07 11.373 11.737 12.094 12.207 12.039 11.883 11.75 11.646 11.551 11.773 11.652 11.75 11.674 11.482 11.35 11.455 11.513 11.797 11.947 12.033 12.117 12.421 12.505 12.58 12.638 12.527 12.222 12.093 11.949 11.709 11.752 11.633 12.047 12.31 12.307 12.348 12.32 12.351 12.46 12.482 12.249 12.064 12.261 12.41
-9999 -9999 -9999 -9999 -9999 -9999 -9999 -9999 -9999 -9999 -9999 -9999 10.999 10.72 10.815 10.814 10.858 11.043 11.16 11.076 10.918 11.11 11.187 10.936 10.951 10.895 11.178 11.415 11.673 11.758 11.355 10.738 10.891 11.062 11.324 11.912 11.971 11.925 11.903 11.757 11.686 11.64 11.706 11.809 11.978 11.921 11.597 11.792 11.785 11.859 11.924 12.007 12.004 12.004 12.407 12.836 12.997 12.808 12.784 12.557 12.443 12.306 12.074 11.983 11.809 11.731 11.935 11.705 12.163 11.961 11.97 12.404 12.582 11.993 11.66 11.789 12.335
-9999 -9999 -9999 -9999 -9999 -9999 -9999 -9999 -9999 -9999 -9999 -9999 -9999 11.054 10.948 10.952 11.106 11.205 11.306 11.299 11.273 11.275 11.252 11.171 11.117 11.393 11.585 11.811 11.717 11.776 11.146 10.845 10.928 10.781 11.237 11.659 11.618 11.695 11.769 11.69 11.532 11.618 11.671 11.724 11.749 11.647 12.003 11.879 11.953 12.002 12.04 12.027 12.012 12.142 12.356 12.76 12.969 -9999 12.7 12.703 12.501 12.528 12.52 12.495 12.405 12.281 12.317 12.144 12.051 12.185 11.943 12.085 12.295 12.265 11.805 11.688 12.107
-9999 -9999 -9999 -9999 -9999 -9999 -9999 -9999 -9999 -9999 -9999 -9999 11.073 11.247 11.034 11.023 11.084 11.078 11.272 11.394 11.309 11.179 11.032 11.181 11.47 11.657 11.701 11.72 11.768 11.559 11.404 11.445 11.29 11.049 11.62 11.784 11.216 11.436 11.434 10.894 11.089 11.074 11.109 11.332 11.425 11.679 11.926 12.122 12.134 12.178 12.115 12.088 12.05 12.14 12.303 12.444 12.666 12.793 -9999 12.83 -9999 12.789 -9999 12.654 -9999 12.557 12.561 12.479 12.296 12.277 12.312 12.468 -9999 -9999 -9999 12.289 12.08
-9999 -9999 -9999 -9999 -9999 -9999 -9999 -9999 -9999 -9999 -9999 -9999 11.222 11.017 10.815 10.935 10.952 10.893 10.858 11.12 10.917 10.783 10.891 11.225 11.546 11.686 11.791 11.797 11.728 11.682 11.542 11.467 11.186 11.46 11.829 11.099 11.172 11.723 11.351 11.136 11.088 10.987 11.259 11.584 11.636 11.878 12.054 12.078 12.304 12.292 12.146 12.093 12.051 12.064 12.237 12.341 12.525 12.688 -9999 -9999 12.956 12.918 -9999 -9999 12.52 12.519 12.522 -9999 -9999 -9999 -9999 -9999 -9999 -9999 -9999 -9999 -9999
-9999 -9999 -9999 -9999 -9999 -9999 -9999 -9999 -9999 -9999 -9999 10.855 10.926 10.869 10.848 11.143 11.133 10.92 10.986 10.813 10.252 10.237 10.611 10.935 11.18 11.386 11.694 11.731 11.517 11.636 11.451 11.034 10.984 11.309 11.181 11.106 11.819 11.793 11.462 11.151 11.009 11.511 11.873 11.801 11.916 11.983 12.134 12.395 12.551 12.24 12.275 12.174 12.178 12.1 12.175 -9999 -9999 -9999 12.688 -9999 -9999 -9999 -9999 -9999 -9999 12.37 -9999 -9999 -9999 -9999 -9999 -9999 -9999 -9999 -9999 -9999 -9999
-9999 -9999 -9999 -9999 -9999 -9999 -9999 -9999 -9999 -9999 10.975 10.447 10.475 10.764 11.301 11.465 11.396 11.29 11.074 10.215 9.322 9.524 10.508 10.697 10.678 11.409 11.385 11.685 11.743 11.452 11.578 11.641 11.683 -9999 -9999 -9999 -9999 -9999 11.851 11.464 11.349 11.643 11.885 11.957 11.903 12.049 12.208 12.471 -9999 12.149 -9999 -9999 -9999 -9999 -9999 12.045 12.14 12.258 12.265 12.309 12.531 -9999 -9999 -9999 -9999 -9999 -9999 -9999 -9999 -9999 -9999 -9999 -9999 -9999 -9999 -9999 -9999
-9999 -9999 -9999 -9999 -9999 -9999 -9999 -9999 -9999 11.594 10.581 10.107 10.281 10.779 11.124 11.424 11.613 11.204 10.671 9.585 8.952 9.286 9.888 10.297 11.105 10.993 11.628 11.754 11.666 11.817 -9999 -9999 -9999 -9999 -9999 -9999 -9999 -9999 -9999 -9999 11.944 12.045 12.193 11.844 11.563 11.541 11.92 11.728 11.984 -9999 -9999 -9999 -9999 -9999 -9999 -9999 12.08 11.95 12.177 12.136 -9999 -9999 -9999 -9999 -9999 -9999 -9999 -9999 -9999 -9999 -9999 -9999 -9999 -9999 -9999 -9999 -9999
-9999 -9999 -9999 -9999 -9999 -9999 -9999 11.689 11.824 11.318 10.684 10.227 10.009 10.169 10.829 11.496 11.318 10.965 10.456 9.737 9.142 9.587 10.029 10.641 10.871 11.892 11.453 11.402 -9999 -9999 -9999 -9999 -9999 -9999 -9999 -9999 -9999 -9999 -9999 -9999 -9999 12.273 -9999 -9999 -9999 -9999 -9999 11.888 11.588 -9999 -9999 -9999 -9999 -9999 -9999 -9999 -9999 -9999 11.782 11.752 -9999 -9999 -9999 -9999 -9999 -9999 -9999 -9999 -9999 -9999 -9999 -9999 -9999 -9999 -9999 -9999 -9999
-9999 -9999 -9999 -9999 -9999 -9999 11.654 -9999 11.579 11.469 10.924 10.353 10.056 10.137 10.775 11.058 10.978 11.381 11.156 10.233 9.795 9.971 10.647 10.964 11.42 11.798 11.872 12.098 -9999 -9999 -9999 -9999 -9999 -9999 -9999 -9999 -9999 -9999 -9999 -9999 -9999 -9999 12.189 -9999 -9999 -9999 -9999 -9999 -9999 -9999 -9999 -9999 -9999 -9999 -9999 -9999 -9999 -9999 -9999 -9999 -9999 -9999 -9999 -9999 -9999 -9999 -9999 -9999 -9999 -9999 -9999 -9999 -9999 -9999 -9999 -9999 -9999
-9999 -9999 -9999 -9999 -9999 11.748 11.674 11.165 11.493 11.531 11.09 10.86 10.593 10.622 10.949 10.897 11.168 -9999 11.446 10.68 10.055 9.584 10.119 11.114 11.386 11.903 12.13 -9999 -9999 -9999 -9999 -9999 -9999 -9999 -9999 -9999 -9999 -9999 -9999 -9999 -9999 -9999 -9999 -9999 -9999 -9999 -9999 -9999 -9999 -9999 -9999 -9999 -9999 -9999 -9999 -9999 -9999 -9999 -9999 -9999 -9999 -9999 -9999 -9999 -9999 -9999 -9999 -9999 -9999 -9999 -9999 -9999 -9999 -9999 -9999 -9999 -9999
-9999 -9999 -9999 -9999 -9999 11.767 11.439 11.222 11.14 11.168 11.098 11.057 10.857 11.105 11.282 11.286 11.817 11.832 11.724 11.179 10.116 9.75 10.5 10.82 11.334 11.702 11.844 -9999 -9999 -9999 -9999 -9999 -9999 -9999 -9999 -9999 -9999 -9999 -9999 -9999 -9999 -9999 -9999 -9999 -9999 -9999 -9999 -9999 -9999 -9999 -9999 -9999 -9999 -9999 -9999 -9999 -9999 -9999 -9999 -9999 -9999 -9999 -9999 -9999 -9999 -9999 -9999 -9999 -9999 -9999 -9999 -9999 -9999 -9999 -9999 -9999 -9999
-9999 -9999 -9999 -9999 11.731 11.768 11.307 10.844 10.75 10.916 11.035 11.127 11.16 11.299 11.064 11.486 11.815 11.926 11.743 11.484 10.952 10.76 10.943 11.23 11.376 11.584 -9999 -9999 -9999 -9999 -9999 -9999 -9999 -9999 -9999 -9999 -9999 -9999 -9999 -9999 -9999 -9999 -9999 -9999 -9999 -9999 -9999 -9999 -9999 -9999 -9999 -9999 -9999 -9999 -9999 -9999 -9999 -9999 -9999 -9999 -9999 -9999 -9999 -9999 -9999 -9999 -9999 -9999 -9999 -9999 -9999 -9999 -9999 -9999 -9999 -9999 -9999
