Validation/Results/raw data/ReClimate_02_2024_1_Temperature-Actuals.asc
NCOLS 192
NROWS 249
XLLCENTER -225160.85627316462
YLLCENTER 29788.11610251502
CELLSIZE 5000.0
NODATA_VALUE -9999
[rows 136 to 169 of 249, columns 77 to 153 of 192]
-9999 -9999 -9999 -9999 -9999 -9999 -9999 -9999 6.208 -9999 5.956 5.579 5.703 5.803 6.113 6.268 6.242 6.063 4.992 5.257 5.35 5.45 6.068 6.087 6.01 6.084 5.601 5.477 -9999 -9999 -9999 -9999 -9999 -9999 6.599 6.719 6.653 6.401 6.299 6.109 5.474 5.108 5.377 5.421 5.451 5.9 5.585 5.451 5.929 6.099 6.237 6.222 6.678 6.867 6.899 6.859 6.941 -9999 -9999 -9999 -9999 -9999 -9999 -9999 -9999 -9999 -9999 -9999 -9999 -9999 -9999 -9999 -9999 -9999 -9999 -9999 -9999
-9999 -9999 -9999 -9999 -9999 -9999 -9999 -9999 6.098 6.1 6.237 6.378 6.117 6.042 6.125 6.238 6.524 6.238 5.809 5.09 5.276 5.531 6.073 5.943 5.848 6.218 5.83 6.298 -9999 -9999 -9999 -9999 6.59 6.511 6.578 6.7 6.744 6.659 6.423 5.602 4.738 4.768 5.026 4.668 5.436 5.305 5.017 5.62 5.516 5.678 6.134 6.251 6.034 6.512 6.768 6.68 7.023 -9999 -9999 -9999 -9999 -9999 -9999 -9999 -9999 -9999 -9999 -9999 -9999 -9999 -9999 -9999 -9999 -9999 -9999 -9999 -9999
6.806 -9999 -9999 -9999 -9999 -9999 -9999 -9999 6.025 6.33 6.342 -9999 -9999 6.253 6.171 6.314 6.458 -9999 6.484 6.226 6.111 6.062 6.232 5.855 6.222 6.539 -9999 -9999 -9999 -9999 -9999 6.717 6.651 6.571 6.588 6.579 6.572 6.567 6.105 5.307 4.144 3.935 4.546 4.255 4.877 4.275 4.494 4.853 4.792 5.479 5.502 5.719 5.945 6.336 6.612 6.562 6.848 -9999 -9999 -9999 -9999 -9999 -9999 -9999 -9999 -9999 -9999 -9999 -9999 -9999 -9999 -9999 -9999 -9999 -9999 -9999 -9999
6.446 -9999 -9999 -9999 -9999 -9999 -9999 -9999 -9999 6.344 6.628 -9999 -9999 -9999 6.52 6.264 6.395 6.589 -9999 -9999 6.529 6.481 6.402 5.914 6.024 -9999 -9999 -9999 -9999 -9999 6.496 6.565 6.57 6.557 6.489 6.375 6.425 6.102 5.839 5.446 4.29 4.048 3.331 4.053 3.53 3.331 3.748 4.15 4.157 4.664 5.406 5.643 5.734 6.282 6.598 6.361 6.403 -9999 -9999 -9999 -9999 -9999 -9999 -9999 -9999 -9999 -9999 -9999 -9999 -9999 -9999 -9999 -9999 -9999 -9999 -9999 -9999
-9999 -9999 -9999 -9999 -9999 -9999 -9999 -9999 -9999 -9999 6.554 -9999 -9999 -9999 -9999 6.477 6.165 6.311 -9999 -9999 -9999 6.599 6.711 -9999 -9999 -9999 -9999 -9999 -9999 -9999 6.54 6.541 6.39 6.118 5.842 5.946 6.054 5.963 6.085 5.658 4.821 3.675 3.568 3.608 2.725 2.914 3.318 3.942 3.869 4.158 4.979 5.643 6.089 6.373 6.506 6.207 6.223 -9999 -9999 -9999 -9999 -9999 -9999 -9999 -9999 -9999 -9999 -9999 -9999 -9999 -9999 -9999 -9999 -9999 -9999 -9999 -9999
-9999 -9999 -9999 -9999 -9999 -9999 -9999 -9999 -9999 -9999 6.181 -9999 -9999 -9999 -9999 -9999 6.463 6.352 -9999 -9999 -9999 -9999 -9999 -9999 -9999 -9999 -9999 -9999 -9999 -9999 6.558 6.05 5.7 5.469 5.282 5.515 5.712 5.866 5.947 5.646 5.039 3.819 2.708 2.158 2.561 3.019 4.154 4.402 4.562 4.921 5.123 5.243 5.908 6.397 6.347 6.072 6.127 6.579 -9999 -9999 -9999 -9999 -9999 -9999 -9999 -9999 -9999 -9999 -9999 -9999 -9999 -9999 -9999 -9999 -9999 -9999 -9999
6.886 6.868 7.088 -9999 -9999 -9999 -9999 -9999 -9999 -9999 6.104 -9999 -9999 -9999 -9999 -9999 -9999 -9999 -9999 -9999 -9999 -9999 -9999 -9999 -9999 -9999 -9999 -9999 -9999 6.619 6.283 6.063 5.992 5.609 4.615 5.236 5.373 5.37 5.746 5.578 5.639 4.039 2.401 1.951 2.941 3.478 2.897 2.89 3.796 4.467 5.506 5.604 5.68 5.941 6.048 6.103 6.137 6.527 7.048 -9999 -9999 -9999 -9999 -9999 -9999 -9999 -9999 -9999 -9999 -9999 -9999 -9999 -9999 -9999 -9999 -9999 -9999
6.782 6.923 6.978 -9999 -9999 -9999 -9999 -9999 -9999 -9999 -9999 -9999 -9999 -9999 -9999 -9999 -9999 -9999 -9999 -9999 -9999 -9999 -9999 -9999 -9999 -9999 -9999 -9999 6.528 6.542 6.281 6.096 5.825 5.296 3.324 4.141 5.367 5.539 5.659 5.99 5.623 4.906 3.378 2.179 2.784 2.978 3.301 3.674 3.719 4.163 4.822 5.641 5.799 6.021 6.089 6.151 6.317 6.723 7.147 -9999 -9999 -9999 -9999 -9999 -9999 -9999 -9999 -9999 -9999 -9999 -9999 -9999 -9999 -9999 -9999 -9999 -9999
7.006 -9999 7.081 7.143 -9999 -9999 -9999 -9999 -9999 -9999 -9999 -9999 -9999 -9999 -9999 -9999 -9999 -9999 -9999 -9999 -9999 -9999 -9999 -9999 -9999 -9999 -9999 -9999 6.05 6.144 6.171 4.967 4.593 4.875 5.172 4.909 4.711 5.208 5.455 5.606 5.81 5.615 4.505 3.761 2.582 3.261 3.762 4.073 4.323 4.773 5.193 5.504 5.604 5.954 6.104 6.262 6.371 6.716 7.177 7.329 7.234 -9999 -9999 -9999 -9999 -9999 -9999 -9999 -9999 -9999 -9999 -9999 -9999 -9999 -9999 -9999 -9999
7.001 -9999 -9999 7.095 -9999 -9999 -9999 -9999 -9999 -9999 -9999 -9999 -9999 -9999 -9999 -9999 -9999 -9999 -9999 -9999 -9999 -9999 -9999 -9999 -9999 -9999 -9999 -9999 6.164 6.093 5.432 4.318 5.676 5.677 4.716 4.182 4.985 4.987 4.706 5.601 5.43 5.789 5.76 4.708 4.06 3.61 3.949 4.298 4.856 5.114 5.461 5.76 6.03 6.095 6.354 6.305 6.512 6.715 6.955 6.604 6.573 6.499 6.7 6.201 -9999 -9999 -9999 -9999 -9999 -9999 -9999 -9999 -9999 -9999 -9999 -9999 -9999
6.952 7.144 -9999 7.111 -9999 -9999 -9999 -9999 -9999 -9999 -9999 -9999 -9999 -9999 -9999 -9999 -9999 -9999 -9999 -9999 -9999 -9999 -9999 -9999 -9999 -9999 -9999 6.79 6.158 5.747 4.583 3.843 3.697 4.555 4.866 4.843 4.54 3.994 5.149 4.395 5.114 5.53 5.677 5.424 5.155 4.602 3.935 4.261 4.809 5.162 5.413 5.7 6.022 6.359 6.456 6.517 6.612 6.701 6.676 6.479 5.592 5.54 5.603 5.655 6.052 5.81 -9999 -9999 -9999 -9999 -9999 -9999 -9999 -9999 -9999 -9999 -9999
7.029 -9999 7.064 -9999 -9999 -9999 -9999 -9999 -9999 -9999 -9999 -9999 -9999 -9999 -9999 -9999 -9999 -9999 -9999 -9999 -9999 -9999 -9999 -9999 -9999 -9999 -9999 -9999 6.654 5.824 4.357 4.028 4.475 2.899 3.837 4.832 4.262 4.857 3.705 4.062 5.009 5.361 5.271 5.327 4.96 3.143 3.529 3.733 3.719 4.084 4.99 5.413 5.823 6.272 6.489 6.529 6.581 6.666 6.65 6.46 5.818 5.473 5.717 5.706 5.603 5.669 5.708 -9999 -9999 -9999 -9999 -9999 -9999 -9999 -9999 -9999 -9999
7.143 7.031 6.887 -9999 -9999 -9999 -9999 -9999 -9999 -9999 -9999 -9999 -9999 -9999 -9999 -9999 -9999 -9999 -9999 -9999 -9999 -9999 -9999 -9999 -9999 -9999 -9999 -9999 -9999 6.325 5.729 5.781 4.246 4.217 4.666 5.659 5.896 4.428 4.46 4.941 5.114 4.724 4.704 5.025 3.944 3.555 3.369 2.818 3.317 4.064 4.392 5.218 5.72 6.244 6.474 6.48 6.521 6.574 5.797 5.533 4.969 4.377 4.729 5.09 5.606 5.468 5.567 6.101 -9999 -9999 -9999 -9999 -9999 -9999 -9999 -9999 -9999
7.227 6.999 -9999 -9999 -9999 -9999 -9999 -9999 -9999 -9999 -9999 -9999 -9999 -9999 -9999 -9999 -9999 -9999 -9999 -9999 -9999 -9999 -9999 -9999 -9999 -9999 -9999 -9999 -9999 6.876 6.504 6.045 5.281 4.56 4.168 5.841 5.237 5.5 5.826 5.801 5.435 4.814 3.7 4.728 3.911 3.176 3.636 4.513 4.702 4.623 4.835 5.145 5.902 6.378 6.519 6.506 6.319 5.856 5.421 4.976 5.214 5.04 4.938 4.806 4.901 5.207 5.352 5.814 6.687 -9999 -9999 -9999 -9999 -9999 -9999 -9999 -9999
6.989 6.909 -9999 -9999 -9999 -9999 -9999 -9999 -9999 -9999 -9999 -9999 -9999 -9999 -9999 -9999 -9999 -9999 -9999 -9999 -9999 -9999 -9999 -9999 -9999 -9999 -9999 -9999 -9999 -9999 6.01 5.457 5.291 4.636 5.692 5.556 6.025 6.261 6.326 6.102 5.694 4.995 5.074 3.575 3.964 4.182 4.074 4.525 4.602 4.451 5.273 5.505 6.066 6.381 6.586 6.569 6.224 5.769 5.507 5.316 5.219 5.287 5.311 5.193 5.096 5.157 5.564 5.827 6.399 -9999 -9999 -9999 -9999 -9999 -9999 -9999 -9999
-9999 -9999 -9999 -9999 -9999 -9999 -9999 -9999 -9999 -9999 -9999 -9999 -9999 -9999 -9999 -9999 -9999 -9999 -9999 -9999 -9999 -9999 -9999 -9999 -9999 -9999 -9999 -9999 -9999 -9999 6.787 5.064 5.612 6.418 6.006 6.344 6.37 6.712 6.599 6.006 5.876 5.772 3.676 4.359 4.051 3.981 3.833 4.757 4.848 5.049 5.247 5.753 6.002 6.411 6.607 6.62 6.41 5.689 5.279 5.476 5.713 5.723 5.755 5.639 5.592 5.39 5.373 5.919 6.015 6.821 -9999 -9999 -9999 -9999 -9999 -9999 -9999
-9999 -9999 -9999 -9999 -9999 -9999 -9999 -9999 -9999 -9999 -9999 -9999 -9999 -9999 -9999 -9999 -9999 -9999 -9999 -9999 -9999 -9999 -9999 -9999 -9999 -9999 -9999 -9999 -9999 -9999 -9999 6.412 6.862 6.528 6.292 6.57 6.532 6.938 6.886 6.426 6.192 5.216 4.165 3.644 3.65 3.243 3.789 3.841 4.188 4.756 4.826 5.309 5.904 6.33 6.556 6.452 6.305 6.166 5.29 5.297 6.02 6.443 6.342 6.313 6.266 6.268 6.167 6.315 6.529 6.572 -9999 -9999 -9999 -9999 -9999 -9999 -9999
-9999 -9999 -9999 -9999 -9999 -9999 -9999 -9999 -9999 -9999 -9999 -9999 -9999 -9999 -9999 -9999 -9999 -9999 -9999 -9999 -9999 -9999 -9999 -9999 -9999 -9999 -9999 -9999 -9999 -9999 -9999 6.842 -9999 6.429 6.785 6.658 6.749 -9999 6.993 6.47 6.177 5.31 4.087 4.047 3.995 3.443 3.799 3.784 3.14 4.074 4.487 4.828 5.327 6.073 6.412 6.376 6.266 6.275 6.302 6.039 6.407 6.701 6.634 6.522 6.526 6.533 6.578 6.61 6.255 6.15 6.466 -9999 -9999 -9999 -9999 -9999 -9999
-9999 -9999 -9999 -9999 -9999 -9999 -9999 -9999 -9999 -9999 -9999 -9999 -9999 -9999 -9999 -9999 -9999 -9999 -9999 -9999 -9999 -9999 -9999 -9999 -9999 -9999 -9999 -9999 -9999 -9999 -9999 -9999 6.958 6.641 -9999 -9999 -9999 -9999 7.026 6.641 6.574 5.875 5.355 4.326 4.151 3.936 3.8 4.647 4.213 3.576 4.439 4.685 5.318 5.856 6.322 6.456 6.466 6.466 6.512 6.49 6.351 6.515 6.429 6.416 6.524 6.407 6.145 6.199 6.419 6.263 6.231 6.289 6.458 -9999 -9999 -9999 -9999
-9999 -9999 -9999 -9999 -9999 -9999 -9999 -9999 -9999 -9999 -9999 -9999 -9999 -9999 -9999 -9999 -9999 -9999 -9999 -9999 -9999 -9999 -9999 -9999 -9999 -9999 -9999 -9999 -9999 -9999 -9999 -9999 7.006 6.933 -9999 -9999 -9999 -9999 7.031 6.498 6.72 6.252 5.398 5.529 5.332 4.436 4.357 4.59 4.774 3.661 4.326 4.699 5.079 5.679 6.313 6.56 6.615 6.66 6.644 6.63 6.546 6.435 6.426 6.424 6.418 6.198 5.899 5.765 5.928 6.188 6.438 6.554 6.628 -9999 -9999 -9999 -9999
-9999 -9999 -9999 -9999 -9999 -9999 -9999 -9999 -9999 -9999 -9999 -9999 -9999 -9999 -9999 -9999 -9999 -9999 -9999 -9999 -9999 -9999 -9999 -9999 -9999 -9999 -9999 -9999 -9999 -9999 -9999 -9999 7.058 -9999 -9999 -9999 -9999 7.092 6.739 6.402 5.668 5.287 5.288 5.297 5.401 4.813 4.325 4.967 4.941 4.817 4.305 4.909 5.261 5.756 6.195 6.569 6.584 6.66 6.73 6.752 6.75 6.698 6.683 6.441 5.952 5.876 5.853 5.975 6.122 6.327 6.544 6.744 -9999 -9999 -9999 -9999 -9999
-9999 -9999 -9999 -9999 -9999 -9999 -9999 -9999 -9999 -9999 -9999 -9999 -9999 -9999 -9999 -9999 -9999 -9999 -9999 -9999 -9999 -9999 -9999 -9999 -9999 -9999 -9999 -9999 -9999 -9999 -9999 -9999 -9999 -9999 -9999 -9999 -9999 7.039 6.505 5.446 4.566 4.212 4.779 5.479 5.429 5.574 5.45 5.589 5.377 5.162 4.901 4.966 5.471 5.851 6.161 6.493 6.605 6.668 6.785 6.861 6.883 6.829 6.761 6.649 5.844 5.383 5.983 6.261 6.528 6.604 6.712 6.701 -9999 -9999 -9999 -9999 -9999
-9999 -9999 -9999 -9999 -9999 -9999 -9999 -9999 -9999 -9999 -9999 -9999 -9999 -9999 -9999 -9999 -9999 -9999 -9999 -9999 -9999 -9999 -9999 -9999 -9999 -9999 -9999 -9999 -9999 -9999 -9999 -9999 -9999 -9999 -9999 -9999 -9999 6.988 6.513 5.697 4.774 4.758 5.333 5.507 5.871 5.815 5.777 5.806 5.717 5.924 5.401 5.378 5.473 5.777 6.088 6.436 6.708 6.734 6.832 6.935 6.961 6.912 6.813 6.753 6.351 5.703 5.961 6.439 6.651 6.761 6.748 6.612 -9999 -9999 -9999 -9999 -9999
-9999 -9999 -9999 -9999 -9999 -9999 -9999 -9999 -9999 -9999 -9999 -9999 -9999 -9999 -9999 -9999 -9999 -9999 -9999 -9999 -9999 -9999 -9999 -9999 -9999 -9999 -9999 -9999 -9999 -9999 -9999 -9999 -9999 -9999 -9999 -9999 7.064 7.003 6.549 5.507 4.85 4.597 5.316 5.367 6.205 5.843 5.839 5.506 5.523 5.418 6.176 6.126 6.308 6.25 6.49 6.44 6.636 6.776 6.788 6.871 6.984 6.944 6.873 6.79 6.715 6.251 6.169 6.495 6.752 6.844 6.786 6.567 6.367 -9999 -9999 -9999 -9999
-9999 -9999 -9999 -9999 -9999 -9999 -9999 -9999 -9999 -9999 -9999 -9999 -9999 -9999 -9999 -9999 -9999 -9999 -9999 -9999 -9999 -9999 -9999 -9999 -9999 -9999 -9999 -9999 -9999 -9999 -9999 -9999 -9999 -9999 -9999 -9999 7.015 7.036 6.672 6.095 5.315 6.081 5.934 6.503 5.835 5.315 5.387 4.99 5.169 5.81 5.602 6.124 6.172 6.178 6.259 6.501 6.554 6.718 6.816 6.85 6.911 6.923 6.861 6.831 6.8 6.709 6.359 6.463 6.756 6.898 6.849 6.569 6.297 -9999 -9999 -9999 -9999
-9999 -9999 -9999 -9999 -9999 -9999 -9999 -9999 -9999 -9999 -9999 -9999 -9999 -9999 -9999 -9999 -9999 -9999 -9999 -9999 -9999 -9999 -9999 -9999 -9999 -9999 -9999 -9999 -9999 -9999 -9999 -9999 -9999 -9999 -9999 6.991 6.987 6.978 7.015 6.519 6.498 6.4 6.635 6.472 5.711 5.646 5.333 4.866 5.086 5.529 6.453 6.142 6.603 6.559 6.457 6.354 6.549 6.662 6.784 6.856 6.864 6.871 6.853 6.84 6.826 6.781 6.588 6.355 6.638 6.985 7.023 6.681 6.302 6.27 -9999 -9999 -9999
-9999 -9999 -9999 -9999 -9999 -9999 -9999 -9999 -9999 -9999 -9999 -9999 -9999 -9999 -9999 -9999 -9999 -9999 -9999 -9999 -9999 -9999 -9999 -9999 -9999 -9999 -9999 -9999 -9999 -9999 -9999 -9999 -9999 -9999 -9999 6.929 6.87 6.958 7.002 6.895 6.75 6.708 6.479 6.136 6.231 5.959 5.19 4.13 4.503 4.947 5.78 6.461 6.399 6.8 6.948 6.752 6.524 6.68 6.821 6.878 6.895 6.891 6.89 6.891 6.896 6.891 6.691 6.434 6.682 7.167 7.296 7.06 6.567 6.343 -9999 -9999 -9999
-9999 -9999 -9999 -9999 -9999 -9999 -9999 -9999 -9999 -9999 -9999 -9999 -9999 -9999 -9999 -9999 -9999 -9999 -9999 -9999 -9999 -9999 -9999 -9999 -9999 -9999 -9999 -9999 -9999 -9999 -9999 -9999 -9999 -9999 -9999 6.942 6.946 7.055 7.16 7.111 6.981 6.624 6.338 6.178 5.76 5.1 4.291 4.286 4.621 4.962 5.601 6.277 6.308 6.356 6.793 7.048 7.004 6.909 6.966 6.964 6.939 6.964 6.959 6.952 6.965 6.961 6.973 6.799 6.883 7.296 7.442 7.259 6.921 6.615 6.574 -9999 -9999
-9999 -9999 -9999 -9999 -9999 -9999 -9999 -9999 -9999 -9999 -9999 -9999 -9999 -9999 -9999 -9999 -9999 -9999 -9999 -9999 -9999 -9999 -9999 -9999 -9999 -9999 -9999 -9999 -9999 -9999 -9999 -9999 -9999 -9999 -9999 -9999 6.979 7.059 7.158 7.099 6.614 6.119 5.857 5.68 5.598 5.318 4.797 5.023 5.044 5.567 6.461 6.662 6.688 6.409 6.698 6.963 6.983 7.005 7.063 7.026 6.994 7.021 7.035 7.016 7.0 6.995 6.969 7.039 7.074 -9999 7.344 -9999 7.047 6.862 6.722 6.679 -9999
-9999 -9999 -9999 -9999 -9999 -9999 -9999 -9999 -9999 -9999 -9999 -9999 -9999 -9999 -9999 -9999 -9999 -9999 -9999 -9999 -9999 -9999 -9999 -9999 -9999 -9999 -9999 -9999 -9999 -9999 -9999 -9999 -9999 -9999 -9999 7.075 7.03 7.064 7.148 6.956 6.304 5.489 5.424 5.623 5.159 5.094 5.326 5.006 4.671 5.213 6.029 6.968 6.72 6.695 6.914 6.977 6.907 6.989 7.024 7.068 7.055 7.071 7.062 7.045 7.021 6.81 6.823 6.969 6.89 6.915 7.088 7.121 -9999 7.041 6.955 6.734 6.694
-9999 -9999 -9999 -9999 -9999 -9999 -9999 -9999 -9999 -9999 -9999 -9999 -9999 -9999 -9999 -9999 -9999 -9999 -9999 -9999 -9999 -9999 -9999 -9999 -9999 -9999 -9999 -9999 -9999 -9999 -9999 -9999 -9999 -9999 -9999 7.126 7.084 7.131 7.037 6.658 6.322 5.892 5.692 5.905 5.849 5.913 6.073 5.417 4.91 5.307 5.988 6.378 6.286 6.357 6.637 6.791 6.7 6.752 6.953 7.054 7.143 7.142 7.105 7.055 7.045 7.02 6.778 6.934 6.989 6.75 6.863 7.015 7.083 -9999 -9999 -9999 -9999
-9999 -9999 -9999 -9999 -9999 -9999 -9999 -9999 -9999 -9999 -9999 -9999 -9999 -9999 -9999 -9999 -9999 -9999 -9999 -9999 -9999 -9999 -9999 -9999 -9999 -9999 -9999 -9999 -9999 -9999 -9999 -9999 -9999 -9999 7.169 7.17 7.072 6.935 6.812 6.861 6.765 6.291 6.546 6.625 6.624 6.702 6.487 5.683 4.655 4.437 5.164 5.722 5.619 6.045 6.611 6.736 6.838 6.749 6.914 7.096 7.196 7.196 7.15 7.08 7.072 7.078 7.02 6.932 7.007 6.771 6.695 6.845 6.996 7.068 7.059 -9999 -9999
-9999 -9999 -9999 -9999 -9999 -9999 -9999 -9999 -9999 -9999 -9999 -9999 -9999 -9999 -9999 -9999 -9999 -9999 -9999 -9999 -9999 -9999 -9999 -9999 -9999 -9999 -9999 -9999 -9999 -9999 -9999 -9999 -9999 -9999 7.224 7.109 7.112 7.052 6.887 6.746 7.026 7.005 7.046 7.025 7.036 7.049 6.772 6.12 5.335 4.176 3.852 4.86 5.14 5.582 6.342 6.516 6.932 7.06 6.928 7.082 7.238 7.243 7.19 7.113 7.084 7.102 7.027 6.999 7.047 7.056 6.574 6.593 6.779 6.964 7.027 6.994 -9999
-9999 -9999 -9999 -9999 -9999 -9999 -9999 -9999 -9999 -9999 -9999 -9999 -9999 -9999 -9999 -9999 -9999 -9999 -9999 -9999 -9999 -9999 -9999 -9999 -9999 -9999 -9999 -9999 -9999 -9999 -9999 -9999 -9999 -9999 -9999 7.265 7.283 7.271 7.065 7.204 7.201 7.252 7.313 7.336 7.499 7.47 7.157 6.639 5.709 4.672 3.702 3.586 4.535 5.261 5.968 6.539 6.563 6.874 6.867 6.955 7.185 7.23 7.204 7.143 7.094 7.047 6.998 6.987 7.051 7.016 6.642 6.362 6.522 6.74 6.92 6.96 6.862
