Validation/Results/raw data/ReClimate_01_2024_2_Precipitation-Actuals.asc
NCOLS 192
NROWS 249
XLLCENTER -225160.85627316462
YLLCENTER 29788.11610251502
CELLSIZE 5000.0
NODATA_VALUE -9999
[rows 132 to 164 of 249, columns 75 to 149 of 192]
-9999 -9999 -9999 -9999 -9999 -9999 -9999 -9999 -9999 -9999 -9999 -9999 106.158 110.744 117.941 124.933 135.274 139.555 163.311 179.42 194.998 186.346 144.345 123.704 128.134 131.133 120.383 111.891 109.711 102.363 100.115 96.317 89.426 92.009 101.405 108.906 109.759 102.109 105.573 103.607 95.373 102.862 104.238 101.156 92.867 84.255 78.94 70.802 63.92 62.214 58.228 56.077 52.885 51.065 47.262 42.642 39.642 -9999 -9999 -9999 -9999 -9999 -9999 -9999 -9999 -9999 -9999 -9999 -9999 -9999 -9999 -9999 -9999 -9999 -9999
-9999 -9999 -9999 -9999 -9999 -9999 -9999 -9999 -9999 -9999 -9999 -9999 108.475 130.656 122.875 123.283 123.227 129.166 158.78 205.506 213.245 181.467 156.058 129.435 129.291 126.666 122.98 126.327 103.523 94.291 91.446 88.227 87.622 88.755 97.083 96.558 95.643 91.443 92.231 89.524 92.003 94.301 96.133 94.908 89.783 84.548 72.68 65.081 61.535 54.58 53.594 54.764 50.818 46.71 46.08 43.319 39.636 -9999 -9999 -9999 -9999 -9999 -9999 -9999 -9999 -9999 -9999 -9999 -9999 -9999 -9999 -9999 -9999 -9999 -9999
-9999 -9999 -9999 -9999 -9999 -9999 -9999 -9999 -9999 -9999 -9999 104.139 124.742 124.148 123.613 123.766 121.051 121.425 155.836 180.654 181.888 193.899 162.078 141.885 124.266 117.546 122.508 108.501 99.32 89.632 83.17 86.773 80.492 81.552 82.9 83.53 81.783 77.965 76.213 79.057 77.414 86.399 93.348 85.927 82.016 76.203 70.612 63.154 56.273 48.044 48.095 49.112 49.744 44.449 42.142 42.512 41.132 36.738 -9999 -9999 -9999 -9999 -9999 -9999 -9999 -9999 -9999 -9999 -9999 -9999 -9999 -9999 -9999 -9999 -9999
-9999 -9999 -9999 -9999 -9999 -9999 -9999 -9999 -9999 -9999 95.037 -9999 109.406 120.488 120.389 119.817 110.67 108.825 123.205 137.299 174.694 193.774 166.276 136.228 115.24 108.228 100.468 99.342 99.735 96.177 89.961 87.02 75.289 73.69 72.413 72.269 68.052 64.101 65.817 66.363 70.494 74.303 71.812 73.13 72.344 67.352 61.145 56.336 47.027 50.82 51.546 47.119 46.398 44.281 41.345 41.873 40.499 37.831 -9999 -9999 -9999 -9999 -9999 -9999 -9999 -9999 -9999 -9999 -9999 -9999 -9999 -9999 -9999 -9999 -9999
78.584 -9999 -9999 -9999 -9999 -9999 -9999 -9999 -9999 -9999 90.992 -9999 99.601 105.047 103.648 103.328 101.067 101.08 101.953 114.674 150.096 161.527 150.498 132.141 114.174 103.372 102.896 104.281 111.705 115.034 -9999 -9999 -9999 -9999 -9999 -9999 60.383 57.517 58.349 59.803 59.749 59.255 67.226 73.701 67.84 62.164 61.616 53.195 52.527 53.102 46.978 45.496 44.021 45.531 40.879 38.47 38.209 37.966 35.98 -9999 -9999 -9999 -9999 -9999 -9999 -9999 -9999 -9999 -9999 -9999 -9999 -9999 -9999 -9999 -9999
83.036 66.398 -9999 -9999 -9999 -9999 -9999 -9999 -9999 -9999 88.651 88.406 86.795 88.002 94.028 96.561 100.036 96.906 94.099 105.354 130.315 149.415 140.038 131.888 115.649 106.451 108.058 103.17 112.748 101.724 -9999 -9999 -9999 -9999 61.458 60.736 57.192 55.27 54.237 56.069 57.811 65.51 77.823 82.554 73.837 73.295 61.329 55.387 58.25 53.337 48.426 47.444 45.887 44.905 51.871 45.981 38.703 37.454 34.213 -9999 -9999 -9999 -9999 -9999 -9999 -9999 -9999 -9999 -9999 -9999 -9999 -9999 -9999 -9999 -9999
82.44 74.383 67.692 -9999 -9999 -9999 -9999 -9999 -9999 -9999 84.549 78.307 77.458 -9999 -9999 93.561 95.296 90.934 91.13 -9999 103.436 113.158 114.625 115.785 102.065 103.477 100.57 96.132 -9999 -9999 -9999 -9999 -9999 61.281 60.13 58.921 54.742 54.946 52.67 53.86 61.015 72.378 90.657 97.021 91.485 84.076 70.491 68.864 61.539 56.252 57.039 49.768 49.873 46.776 50.503 49.626 42.053 37.396 34.874 -9999 -9999 -9999 -9999 -9999 -9999 -9999 -9999 -9999 -9999 -9999 -9999 -9999 -9999 -9999 -9999
80.71 80.322 73.059 -9999 -9999 -9999 -9999 -9999 -9999 -9999 -9999 75.816 70.744 -9999 -9999 -9999 85.233 84.467 86.367 84.567 -9999 -9999 94.141 95.496 97.079 99.713 95.714 -9999 -9999 -9999 -9999 -9999 70.505 62.411 61.433 59.467 57.991 57.685 53.989 55.698 61.558 70.136 87.964 93.199 98.586 86.975 88.523 85.433 79.269 70.202 70.182 62.424 51.638 46.723 46.554 46.307 41.844 40.441 38.207 -9999 -9999 -9999 -9999 -9999 -9999 -9999 -9999 -9999 -9999 -9999 -9999 -9999 -9999 -9999 -9999
74.504 76.11 -9999 -9999 -9999 -9999 -9999 -9999 -9999 -9999 -9999 -9999 68.224 -9999 -9999 -9999 -9999 78.583 84.168 83.703 -9999 -9999 -9999 87.044 84.471 -9999 -9999 -9999 -9999 -9999 -9999 -9999 68.372 63.132 68.435 67.726 69.846 68.569 63.629 58.335 59.751 71.432 76.1 87.487 92.352 95.465 98.903 98.755 89.338 76.717 74.899 70.456 56.404 48.467 44.939 43.046 41.369 42.529 40.066 -9999 -9999 -9999 -9999 -9999 -9999 -9999 -9999 -9999 -9999 -9999 -9999 -9999 -9999 -9999 -9999
74.118 -9999 -9999 -9999 -9999 -9999 -9999 -9999 -9999 -9999 -9999 -9999 72.629 -9999 -9999 -9999 -9999 -9999 74.573 75.344 -9999 -9999 -9999 -9999 -9999 -9999 -9999 -9999 -9999 -9999 -9999 -9999 65.836 75.026 78.21 82.055 84.583 86.052 77.255 68.864 63.555 62.898 75.374 93.499 108.719 113.965 112.97 105.374 86.678 76.498 68.16 60.811 56.504 52.161 48.007 42.882 44.232 45.82 44.381 38.105 -9999 -9999 -9999 -9999 -9999 -9999 -9999 -9999 -9999 -9999 -9999 -9999 -9999 -9999 -9999
-9999 67.681 66.501 63.603 57.699 -9999 -9999 -9999 -9999 -9999 -9999 -9999 71.452 -9999 -9999 -9999 -9999 -9999 -9999 -9999 -9999 -9999 -9999 -9999 -9999 -9999 -9999 -9999 -9999 -9999 -9999 74.054 72.078 77.352 83.758 86.399 104.274 99.656 100.438 78.867 65.746 66.484 60.468 79.307 103.907 116.494 121.521 106.104 106.608 98.946 79.841 65.754 52.146 49.166 48.571 46.13 43.536 45.204 44.943 41.321 37.013 -9999 -9999 -9999 -9999 -9999 -9999 -9999 -9999 -9999 -9999 -9999 -9999 -9999 -9999
69.161 66.707 63.645 58.557 55.971 -9999 -9999 -9999 -9999 -9999 -9999 -9999 -9999 -9999 -9999 -9999 -9999 -9999 -9999 -9999 -9999 -9999 -9999 -9999 -9999 -9999 -9999 -9999 -9999 -9999 81.248 75.0 81.211 91.591 98.146 115.017 138.783 136.674 111.255 85.496 73.982 57.816 57.446 70.511 96.123 125.6 115.728 110.149 103.005 92.236 79.749 67.486 58.476 49.007 45.975 43.557 41.928 43.648 44.749 40.539 35.825 -9999 -9999 -9999 -9999 -9999 -9999 -9999 -9999 -9999 -9999 -9999 -9999 -9999 -9999
68.903 66.214 61.354 -9999 53.872 52.962 -9999 -9999 -9999 -9999 -9999 -9999 -9999 -9999 -9999 -9999 -9999 -9999 -9999 -9999 -9999 -9999 -9999 -9999 -9999 -9999 -9999 -9999 -9999 -9999 99.049 96.325 106.812 127.889 134.787 135.869 128.412 140.295 125.479 104.669 85.322 70.766 63.575 66.924 84.363 98.016 113.57 104.329 95.101 81.377 72.204 59.795 51.798 46.731 44.837 43.079 41.195 39.167 41.007 36.543 33.91 33.097 33.787 -9999 -9999 -9999 -9999 -9999 -9999 -9999 -9999 -9999 -9999 -9999 -9999
70.2 66.329 61.114 -9999 -9999 54.732 -9999 -9999 -9999 -9999 -9999 -9999 -9999 -9999 -9999 -9999 -9999 -9999 -9999 -9999 -9999 -9999 -9999 -9999 -9999 -9999 -9999 -9999 -9999 -9999 97.88 103.918 122.693 141.89 156.27 157.603 170.992 166.252 148.271 130.653 116.15 94.281 78.097 67.351 58.8 75.186 84.587 80.39 83.343 77.851 63.486 56.117 49.187 44.492 40.508 41.378 38.377 37.209 36.661 36.844 34.135 41.098 41.8 40.588 39.06 44.796 -9999 -9999 -9999 -9999 -9999 -9999 -9999 -9999 -9999
72.13 72.978 65.541 54.392 -9999 54.448 -9999 -9999 -9999 -9999 -9999 -9999 -9999 -9999 -9999 -9999 -9999 -9999 -9999 -9999 -9999 -9999 -9999 -9999 -9999 -9999 -9999 -9999 -9999 74.727 100.765 116.769 149.584 196.694 225.001 232.34 192.925 186.847 181.167 174.326 146.76 131.268 104.078 75.997 64.286 72.735 67.834 72.663 82.611 75.87 61.738 55.494 51.635 47.099 42.2 40.015 37.501 33.144 33.485 37.008 40.467 43.898 53.969 51.395 51.23 49.32 46.722 48.606 -9999 -9999 -9999 -9999 -9999 -9999 -9999
76.735 69.651 63.229 -9999 54.988 -9999 -9999 -9999 -9999 -9999 -9999 -9999 -9999 -9999 -9999 -9999 -9999 -9999 -9999 -9999 -9999 -9999 -9999 -9999 -9999 -9999 -9999 -9999 -9999 -9999 79.228 106.424 144.975 186.847 223.707 259.962 276.65 193.766 186.801 170.233 174.538 151.835 116.534 93.051 80.858 78.305 79.216 98.483 92.325 84.976 79.878 70.934 57.256 51.339 45.245 40.682 38.545 36.944 36.041 36.988 43.798 48.602 55.16 53.626 53.917 54.947 52.85 50.914 49.427 -9999 -9999 -9999 -9999 -9999 -9999
72.733 65.6 60.442 56.347 57.904 -9999 -9999 -9999 -9999 -9999 -9999 -9999 -9999 -9999 -9999 -9999 -9999 -9999 -9999 -9999 -9999 -9999 -9999 -9999 -9999 -9999 -9999 -9999 -9999 -9999 -9999 81.411 114.564 146.929 190.152 240.547 231.575 177.636 152.391 156.116 155.578 134.098 123.199 116.584 102.308 96.524 109.824 108.112 106.412 105.196 92.223 76.839 67.138 55.918 48.333 41.571 38.806 38.737 39.947 42.041 50.761 57.388 66.685 72.67 66.76 67.483 56.611 54.579 51.411 47.426 -9999 -9999 -9999 -9999 -9999
74.011 67.956 61.036 57.367 -9999 -9999 -9999 -9999 -9999 -9999 -9999 -9999 -9999 -9999 -9999 -9999 -9999 -9999 -9999 -9999 -9999 -9999 -9999 -9999 -9999 -9999 -9999 -9999 -9999 -9999 -9999 73.269 103.108 134.536 161.964 204.305 195.264 155.83 140.646 127.813 115.742 109.752 112.453 115.072 129.86 124.108 125.447 125.475 112.374 90.749 79.174 75.52 67.42 59.487 48.111 41.942 39.964 39.738 43.156 47.929 55.684 64.606 66.726 68.282 68.007 70.914 68.256 59.715 57.448 51.493 44.128 -9999 -9999 -9999 -9999
80.845 70.778 60.483 56.248 -9999 -9999 -9999 -9999 -9999 -9999 -9999 -9999 -9999 -9999 -9999 -9999 -9999 -9999 -9999 -9999 -9999 -9999 -9999 -9999 -9999 -9999 -9999 -9999 -9999 -9999 -9999 -9999 94.063 121.659 144.554 159.375 140.277 137.471 118.761 109.206 104.397 98.869 99.197 112.403 118.474 134.078 127.338 125.185 106.736 94.502 83.738 80.706 65.103 57.05 46.835 43.073 42.309 39.168 43.745 51.295 55.279 63.058 69.043 69.526 65.233 63.643 64.769 64.661 59.653 57.464 48.201 -9999 -9999 -9999 -9999
-9999 -9999 -9999 -9999 -9999 -9999 -9999 -9999 -9999 -9999 -9999 -9999 -9999 -9999 -9999 -9999 -9999 -9999 -9999 -9999 -9999 -9999 -9999 -9999 -9999 -9999 -9999 -9999 -9999 -9999 -9999 -9999 85.921 110.191 117.817 114.834 119.884 111.498 111.218 102.163 93.603 93.231 96.896 103.931 132.119 131.984 128.782 121.712 115.2 100.249 83.889 73.816 66.167 55.674 48.527 42.132 39.266 39.679 40.44 48.255 55.18 58.49 60.334 60.009 57.208 59.65 60.072 63.151 60.667 54.296 51.171 42.102 -9999 -9999 -9999
-9999 -9999 -9999 -9999 -9999 -9999 -9999 -9999 -9999 -9999 -9999 -9999 -9999 -9999 -9999 -9999 -9999 -9999 -9999 -9999 -9999 -9999 -9999 -9999 -9999 -9999 -9999 -9999 -9999 -9999 -9999 -9999 -9999 95.937 95.552 95.456 102.07 100.543 93.867 84.568 81.26 87.075 95.604 112.8 127.889 136.224 133.633 128.686 125.57 114.654 104.796 87.229 77.667 66.597 54.024 45.148 38.938 36.44 38.265 40.854 49.944 55.592 53.439 47.897 45.694 44.867 47.148 48.372 51.196 48.25 45.948 43.128 -9999 -9999 -9999
-9999 -9999 -9999 -9999 -9999 -9999 -9999 -9999 -9999 -9999 -9999 -9999 -9999 -9999 -9999 -9999 -9999 -9999 -9999 -9999 -9999 -9999 -9999 -9999 -9999 -9999 -9999 -9999 -9999 -9999 -9999 -9999 -9999 83.677 -9999 84.321 84.385 84.522 81.724 -9999 78.08 85.61 97.247 103.591 124.024 137.348 136.375 130.985 123.605 118.659 121.588 104.402 84.665 72.33 61.953 48.777 41.758 37.169 36.089 39.468 42.687 47.783 47.571 45.376 40.974 39.272 39.348 41.689 44.292 45.442 48.115 49.005 44.876 -9999 -9999
-9999 -9999 -9999 -9999 -9999 -9999 -9999 -9999 -9999 -9999 -9999 -9999 -9999 -9999 -9999 -9999 -9999 -9999 -9999 -9999 -9999 -9999 -9999 -9999 -9999 -9999 -9999 -9999 -9999 -9999 -9999 -9999 -9999 -9999 76.278 76.174 -9999 -9999 -9999 -9999 71.185 76.389 77.846 86.156 96.646 104.51 101.476 114.96 117.091 112.667 110.777 113.294 96.149 78.0 65.06 55.545 46.463 40.686 37.177 37.571 41.415 44.073 46.572 44.734 44.254 41.063 38.6 41.083 46.139 47.634 47.054 50.367 49.645 47.152 44.531
-9999 -9999 -9999 -9999 -9999 -9999 -9999 -9999 -9999 -9999 -9999 -9999 -9999 -9999 -9999 -9999 -9999 -9999 -9999 -9999 -9999 -9999 -9999 -9999 -9999 -9999 -9999 -9999 -9999 -9999 -9999 -9999 -9999 -9999 68.645 68.886 -9999 -9999 -9999 -9999 65.692 73.698 71.995 75.586 82.092 87.941 88.353 93.249 108.558 105.92 99.516 105.114 95.267 84.561 68.667 58.033 47.944 41.507 38.034 36.187 36.888 39.786 42.581 43.477 41.185 41.851 42.151 43.179 47.946 51.802 50.952 47.359 44.504 44.585 43.474
-9999 -9999 -9999 -9999 -9999 -9999 -9999 -9999 -9999 -9999 -9999 -9999 -9999 -9999 -9999 -9999 -9999 -9999 -9999 -9999 -9999 -9999 -9999 -9999 -9999 -9999 -9999 -9999 -9999 -9999 -9999 -9999 -9999 -9999 65.354 -9999 -9999 -9999 -9999 61.192 66.873 75.335 85.732 90.815 104.597 94.544 76.135 94.746 103.407 94.036 89.673 87.516 86.808 78.401 68.6 55.865 46.793 41.27 39.413 37.776 36.549 37.352 38.84 40.417 41.627 43.877 49.78 50.045 50.561 51.383 49.825 46.812 42.8 42.533 -9999
-9999 -9999 -9999 -9999 -9999 -9999 -9999 -9999 -9999 -9999 -9999 -9999 -9999 -9999 -9999 -9999 -9999 -9999 -9999 -9999 -9999 -9999 -9999 -9999 -9999 -9999 -9999 -9999 -9999 -9999 -9999 -9999 -9999 -9999 -9999 -9999 -9999 -9999 -9999 58.537 66.697 84.312 105.509 121.534 121.01 96.382 86.225 82.63 81.133 75.88 79.017 81.546 77.273 75.035 68.522 57.065 49.257 44.54 40.871 38.398 37.013 37.548 38.57 39.499 42.557 45.178 52.727 56.705 50.616 48.921 46.219 43.446 41.365 41.346 -9999
-9999 -9999 -9999 -9999 -9999 -9999 -9999 -9999 -9999 -9999 -9999 -9999 -9999 -9999 -9999 -9999 -9999 -9999 -9999 -9999 -9999 -9999 -9999 -9999 -9999 -9999 -9999 -9999 -9999 -9999 -9999 -9999 -9999 -9999 -9999 -9999 -9999 -9999 -9999 57.129 65.411 89.034 112.954 130.348 118.211 97.79 81.675 77.222 74.505 72.815 76.509 66.998 71.502 66.911 64.607 56.5 48.518 44.262 41.641 41.653 38.83 37.277 37.421 37.822 40.807 44.416 48.686 52.781 49.763 46.12 46.065 43.131 41.404 39.942 -9999
-9999 -9999 -9999 -9999 -9999 -9999 -9999 -9999 -9999 -9999 -9999 -9999 -9999 -9999 -9999 -9999 -9999 -9999 -9999 -9999 -9999 -9999 -9999 -9999 -9999 -9999 -9999 -9999 -9999 -9999 -9999 -9999 -9999 -9999 -9999 -9999 -9999 -9999 54.986 55.47 63.913 85.771 111.801 124.835 107.611 96.738 75.005 69.997 74.482 72.495 71.406 68.808 63.264 60.586 54.826 51.874 44.314 41.897 39.727 38.677 39.59 37.156 36.575 36.398 37.583 41.204 44.473 47.756 46.571 44.618 42.243 41.674 40.515 40.888 38.964
-9999 -9999 -9999 -9999 -9999 -9999 -9999 -9999 -9999 -9999 -9999 -9999 -9999 -9999 -9999 -9999 -9999 -9999 -9999 -9999 -9999 -9999 -9999 -9999 -9999 -9999 -9999 -9999 -9999 -9999 -9999 -9999 -9999 -9999 -9999 -9999 -9999 -9999 55.299 55.224 65.856 78.3 96.81 88.751 87.687 78.241 77.379 89.672 77.474 72.545 69.752 66.366 61.919 56.081 55.244 53.8 49.686 42.517 40.477 38.789 37.754 37.098 36.435 36.126 37.264 38.396 40.283 41.246 43.294 43.287 42.283 39.982 39.208 39.294 38.286
-9999 -9999 -9999 -9999 -9999 -9999 -9999 -9999 -9999 -9999 -9999 -9999 -9999 -9999 -9999 -9999 -9999 -9999 -9999 -9999 -9999 -9999 -9999 -9999 -9999 -9999 -9999 -9999 -9999 -9999 -9999 -9999 -9999 -9999 -9999 -9999 -9999 55.322 54.589 56.773 60.927 71.316 74.209 73.959 74.52 74.662 79.922 80.779 77.033 73.938 78.441 71.225 60.062 56.42 52.713 50.627 47.878 45.923 41.364 39.899 38.741 37.534 37.216 36.76 37.257 37.448 38.499 40.66 42.253 44.411 44.327 41.357 40.076 39.692 38.522
-9999 -9999 -9999 -9999 -9999 -9999 -9999 -9999 -9999 -9999 -9999 -9999 -9999 -9999 -9999 -9999 -9999 -9999 -9999 -9999 -9999 -9999 -9999 -9999 -9999 -9999 -9999 -9999 -9999 -9999 -9999 -9999 -9999 -9999 -9999 -9999 -9999 52.637 53.855 54.538 57.883 62.451 63.959 65.505 71.525 74.174 72.959 77.922 78.056 94.272 91.794 80.189 68.229 58.349 54.976 48.193 43.716 43.443 43.267 40.039 38.594 38.032 36.713 36.767 36.172 35.102 33.52 37.669 42.258 45.638 45.905 41.922 39.063 37.777 38.815
-9999 -9999 -9999 -9999 -9999 -9999 -9999 -9999 -9999 -9999 -9999 -9999 -9999 -9999 -9999 -9999 -9999 -9999 -9999 -9999 -9999 -9999 -9999 -9999 -9999 -9999 -9999 -9999 -9999 -9999 -9999 -9999 -9999 -9999 -9999 -9999 -9999 53.058 52.924 53.412 55.415 58.157 60.929 63.267 72.633 73.028 78.257 86.215 95.381 100.268 91.542 79.627 68.12 58.948 55.056 50.756 44.792 42.285 40.831 39.134 37.184 37.086 36.75 36.937 36.423 35.421 34.378 34.991 39.275 42.695 43.542 41.311 38.098 36.393 35.398
-9999 -9999 -9999 -9999 -9999 -9999 -9999 -9999 -9999 -9999 -9999 -9999 -9999 -9999 -9999 -9999 -9999 -9999 -9999 -9999 -9999 -9999 -9999 -9999 -9999 -9999 -9999 -9999 -9999 -9999 -9999 -9999 -9999 -9999 -9999 -9999 -9999 -9999 52.256 52.571 50.826 50.95 63.262 76.161 83.447 85.802 90.37 90.912 100.149 94.846 87.624 76.707 62.558 56.885 49.656 48.279 44.513 41.757 40.701 38.124 36.64 36.844 36.517 35.765 36.041 35.27 35.048 34.588 37.237 39.211 39.909 -9999 37.156 -9999 34.963
