Validation/Results/raw data/ReClimate_10_2023_1_Temperature-Actuals.asc
NCOLS 192
NROWS 249
XLLCENTER -225160.85627316462
YLLCENTER 29788.11610251502
CELLSIZE 5000.0
NODATA_VALUE -9999
[rows 204 to 237 of 249, columns 77 to 153 of 192]
-9999 -9999 10.634 -9999 10.035 9.587 9.255 8.959 8.866 8.675 8.646 8.558 8.287 8.097 7.825 8.284 8.161 8.203 8.403 8.604 8.528 8.581 8.175 7.77 6.746 6.222 7.451 7.28 7.367 6.941 7.364 8.122 7.536 6.417 7.706 7.884 7.652 7.57 8.121 8.65 8.584 8.321 8.408 8.725 8.857 8.953 8.922 8.747 8.119 7.759 7.675 7.895 8.049 8.167 8.08 7.82 7.912 8.071 8.2 8.244 8.244 8.165 8.053 8.102 8.206 8.228 8.311 8.333 8.247 8.259 8.268 8.334 8.477 8.455 8.39 8.301 8.312
-9999 -9999 -9999 -9999 -9999 -9999 9.293 9.395 9.195 9.015 8.907 8.695 8.448 8.186 8.445 8.426 8.478 8.53 8.443 8.549 8.317 8.289 7.747 7.085 6.339 6.557 6.48 6.768 6.186 6.341 7.681 7.632 7.476 8.263 7.69 7.799 8.028 8.125 8.449 8.329 8.166 7.886 8.315 8.776 8.883 8.953 8.945 8.397 7.721 7.61 7.65 7.959 7.99 8.109 8.011 8.092 8.136 8.307 8.43 8.457 8.387 8.267 8.21 8.248 8.355 8.413 8.338 8.224 8.1 8.139 8.32 8.358 8.457 8.4 8.477 8.571 8.549
-9999 -9999 -9999 -9999 -9999 -9999 9.662 9.544 9.407 9.255 8.772 8.469 8.254 8.474 8.638 8.678 8.777 8.422 8.272 8.457 8.575 8.598 8.089 7.871 7.686 7.439 7.166 6.964 6.478 6.814 6.585 7.163 7.694 7.411 7.163 8.295 8.352 8.419 8.135 8.176 7.764 8.049 8.395 8.837 8.881 8.702 8.017 7.641 7.679 7.821 7.765 7.895 8.002 8.059 8.19 8.126 8.367 8.531 8.669 8.66 8.476 8.308 8.222 8.303 8.462 8.48 8.348 8.029 8.081 8.141 8.194 8.406 8.488 8.569 8.641 8.804 8.709
-9999 -9999 -9999 -9999 10.316 10.035 9.79 9.603 -9999 9.267 9.056 8.887 9.097 9.161 9.202 -9999 8.879 8.554 8.603 8.304 8.776 8.103 8.146 7.98 7.764 7.704 7.941 7.563 7.276 7.145 7.099 7.314 7.614 6.804 7.617 8.395 8.305 8.552 8.466 8.032 8.134 8.345 8.614 8.75 8.7 8.106 7.995 7.709 7.787 7.753 7.952 8.044 8.085 8.192 8.325 8.384 8.5 8.528 8.767 8.734 8.598 8.454 8.422 8.411 8.46 8.391 8.142 8.043 8.002 8.212 8.275 8.395 8.51 8.508 8.54 8.824 8.823
-9999 -9999 -9999 -9999 10.281 -9999 -9999 -9999 9.527 9.447 9.345 -9999 -9999 -9999 -9999 -9999 9.138 8.917 8.523 9.087 8.822 8.678 8.591 8.355 8.424 8.401 7.016 7.011 7.809 7.793 7.718 7.588 7.172 7.234 8.204 8.273 8.586 8.606 8.075 8.355 8.456 8.801 8.763 8.783 8.486 8.103 8.085 7.838 7.96 8.076 8.113 8.217 8.332 8.379 8.457 8.489 8.53 8.487 8.588 8.747 8.517 8.487 8.45 8.423 8.262 8.218 8.125 8.0 8.089 8.339 8.463 8.503 8.491 8.461 8.471 8.671 8.82
-9999 -9999 -9999 -9999 -9999 -9999 10.008 9.76 9.628 9.789 9.671 -9999 -9999 -9999 -9999 -9999 -9999 -9999 -9999 9.424 9.299 9.303 9.459 9.097 8.655 7.265 6.815 6.913 7.205 7.563 7.658 7.673 7.724 7.678 7.967 8.546 8.632 7.939 8.285 8.46 9.12 9.044 8.922 8.847 8.194 8.13 8.004 8.007 8.136 8.274 8.338 8.393 8.411 8.46 8.398 8.441 8.498 8.542 8.529 8.617 8.484 8.398 8.255 8.155 8.269 8.088 8.056 8.133 8.25 8.417 8.582 8.48 8.52 8.709 8.879 8.959 8.799
-9999 -9999 -9999 -9999 -9999 -9999 -9999 9.862 -9999 -9999 -9999 -9999 -9999 -9999 -9999 -9999 -9999 9.548 9.496 9.397 9.41 9.808 9.93 9.636 8.731 7.876 7.112 7.021 7.47 8.159 7.979 7.645 7.772 7.963 8.601 8.9 8.656 8.494 8.759 9.143 -9999 9.11 8.929 8.531 7.92 7.925 8.086 8.17 8.319 8.367 8.447 8.42 8.423 8.409 8.492 8.512 8.585 8.579 8.581 8.485 8.333 8.149 7.981 8.012 8.071 8.365 8.278 8.295 8.475 8.562 8.677 8.689 8.643 8.918 9.264 9.364 9.273
-9999 -9999 -9999 -9999 -9999 -9999 -9999 -9999 -9999 -9999 -9999 -9999 -9999 -9999 -9999 -9999 -9999 9.864 9.734 9.881 9.932 -9999 -9999 -9999 9.408 8.259 8.255 8.041 8.37 8.289 7.822 7.946 8.47 8.721 8.928 9.221 9.188 9.34 9.421 -9999 9.265 8.881 8.739 8.214 7.894 8.159 8.253 8.389 8.403 8.356 8.417 8.433 8.414 8.435 8.343 8.369 8.452 8.409 8.472 8.521 8.324 7.913 7.954 8.045 8.264 8.504 8.603 8.503 8.656 8.813 8.883 8.974 9.049 8.962 9.336 9.606 9.554
-9999 -9999 -9999 -9999 -9999 -9999 -9999 -9999 -9999 -9999 -9999 -9999 -9999 -9999 -9999 -9999 -9999 -9999 -9999 -9999 -9999 -9999 -9999 -9999 10.059 9.34 8.764 8.785 8.832 8.664 8.448 8.646 8.956 9.201 9.408 9.611 9.758 -9999 -9999 9.572 9.183 8.845 8.649 8.228 8.07 8.231 8.324 8.488 8.581 8.393 8.39 8.384 8.173 8.074 8.05 7.96 7.894 8.073 8.156 8.286 8.31 8.148 8.077 8.318 8.333 8.545 8.79 8.768 8.816 8.887 9.019 9.153 9.282 9.455 9.576 9.794 9.734
-9999 -9999 -9999 -9999 -9999 -9999 -9999 -9999 -9999 -9999 -9999 -9999 -9999 -9999 -9999 -9999 -9999 -9999 -9999 -9999 -9999 -9999 -9999 -9999 9.97 9.628 9.434 9.283 8.886 8.699 8.817 9.056 9.384 9.632 -9999 -9999 -9999 -9999 -9999 9.506 9.078 8.867 8.702 8.312 8.127 8.213 8.252 8.49 8.619 8.441 8.152 8.138 7.891 7.822 7.849 7.905 7.887 7.883 8.103 8.139 8.418 8.562 8.447 8.645 8.668 8.735 8.894 8.966 9.085 9.187 9.191 9.163 9.325 9.595 9.803 9.89 9.665
-9999 -9999 -9999 -9999 -9999 -9999 -9999 -9999 -9999 -9999 -9999 -9999 -9999 -9999 -9999 -9999 -9999 -9999 -9999 -9999 -9999 -9999 -9999 -9999 -9999 -9999 9.766 9.229 8.946 8.933 8.936 9.348 9.81 -9999 -9999 -9999 -9999 9.618 9.273 9.065 9.238 9.089 8.806 8.254 8.149 8.104 8.193 8.43 8.516 8.235 7.898 7.77 7.846 7.794 7.93 7.935 8.145 8.172 8.194 8.374 8.462 8.73 8.903 8.833 8.824 8.847 8.872 8.864 9.066 9.299 9.395 9.385 9.314 9.482 9.617 9.703 9.553
-9999 -9999 -9999 -9999 -9999 -9999 -9999 -9999 -9999 -9999 -9999 -9999 -9999 -9999 -9999 -9999 -9999 -9999 -9999 -9999 -9999 -9999 -9999 -9999 -9999 -9999 -9999 9.816 9.541 9.347 9.341 9.815 -9999 -9999 -9999 -9999 9.521 9.299 8.994 8.914 8.95 8.997 8.881 8.629 8.581 8.193 8.25 8.345 8.158 8.046 7.939 7.71 7.81 7.93 8.102 8.217 8.313 8.43 8.396 8.38 8.529 8.716 8.781 8.776 8.62 8.718 8.822 8.823 8.93 9.217 9.381 9.434 9.44 9.45 9.456 9.343 9.254
-9999 -9999 -9999 -9999 -9999 -9999 -9999 -9999 -9999 -9999 -9999 -9999 -9999 -9999 -9999 -9999 -9999 -9999 -9999 -9999 -9999 -9999 -9999 -9999 -9999 -9999 -9999 -9999 -9999 -9999 -9999 -9999 -9999 -9999 -9999 9.421 9.308 9.167 8.926 8.759 8.985 8.924 8.731 8.833 8.561 8.307 8.504 8.395 8.209 8.087 8.048 8.011 7.876 7.948 8.083 8.012 8.195 8.293 8.362 8.363 8.39 8.588 8.673 8.591 8.494 8.445 8.662 8.813 8.915 9.041 9.176 9.175 9.219 9.228 9.243 8.999 8.756
-9999 -9999 -9999 -9999 -9999 -9999 -9999 -9999 -9999 -9999 -9999 -9999 -9999 -9999 -9999 -9999 -9999 -9999 -9999 -9999 -9999 -9999 -9999 -9999 -9999 -9999 -9999 -9999 -9999 -9999 -9999 -9999 -9999 -9999 9.693 9.399 9.016 8.89 8.127 8.579 8.922 8.743 8.684 8.63 8.375 8.465 8.527 8.517 8.356 8.225 8.285 8.056 7.896 7.723 7.885 8.019 7.773 8.012 8.18 8.327 8.442 8.555 8.635 8.596 8.528 8.537 8.559 8.708 8.848 8.918 8.905 8.815 8.619 8.781 8.821 8.676 8.31
-9999 -9999 -9999 -9999 -9999 -9999 -9999 -9999 -9999 -9999 -9999 -9999 -9999 -9999 -9999 -9999 -9999 -9999 -9999 -9999 -9999 -9999 -9999 -9999 -9999 -9999 -9999 -9999 -9999 -9999 -9999 -9999 -9999 -9999 9.697 9.433 9.374 8.914 8.506 8.279 8.392 8.513 8.583 8.397 8.501 8.468 8.478 8.206 7.998 8.003 8.185 8.213 8.053 8.023 7.906 8.011 8.093 8.05 8.186 8.279 8.427 8.6 8.681 8.677 8.547 8.504 8.594 8.663 8.733 8.703 8.429 8.345 8.277 8.368 8.643 8.59 8.309
-9999 -9999 -9999 -9999 -9999 -9999 -9999 -9999 -9999 -9999 -9999 -9999 -9999 -9999 -9999 -9999 -9999 -9999 -9999 -9999 -9999 8.461 8.189 7.688 7.919 -9999 8.541 -9999 -9999 -9999 -9999 -9999 -9999 -9999 -9999 9.617 9.456 9.205 8.919 8.649 8.323 8.258 8.318 8.513 8.485 8.451 8.166 7.964 8.107 8.119 8.256 8.263 8.201 8.295 8.389 8.415 8.339 8.381 8.292 8.197 8.128 8.327 8.552 8.567 8.478 8.453 8.441 8.531 8.662 8.577 8.295 8.183 8.378 8.394 8.554 8.646 8.583
-9999 -9999 -9999 -9999 -9999 -9999 -9999 -9999 -9999 -9999 -9999 -9999 -9999 -9999 -9999 -9999 -9999 -9999 9.461 9.194 8.792 8.309 7.661 7.367 7.573 7.728 8.241 9.055 9.662 -9999 -9999 9.529 9.853 9.895 9.84 9.596 9.43 9.404 9.252 8.986 8.65 8.349 8.412 8.534 8.463 8.078 8.227 8.363 8.207 8.313 8.428 8.473 8.386 8.412 8.52 8.567 8.671 8.595 8.439 8.267 8.244 8.15 8.211 8.402 8.454 8.493 8.622 8.505 8.609 8.228 8.124 8.207 8.379 8.505 8.551 8.668 8.579
-9999 -9999 -9999 -9999 -9999 -9999 -9999 -9999 -9999 -9999 -9999 -9999 -9999 -9999 -9999 -9999 -9999 9.343 9.473 9.205 8.97 8.393 7.524 7.183 7.354 7.582 7.932 8.301 8.94 9.293 9.215 9.172 9.15 9.57 9.578 9.506 9.325 9.175 9.271 9.068 8.626 8.578 8.6 8.471 8.003 8.297 8.195 8.283 8.394 8.472 8.575 8.547 8.358 8.461 8.527 8.643 8.656 8.671 8.512 8.355 8.178 8.046 8.207 8.362 8.431 8.175 8.339 8.606 8.582 8.625 8.284 8.386 8.44 8.486 8.522 8.485 8.6
-9999 -9999 -9999 -9999 -9999 -9999 -9999 -9999 -9999 -9999 -9999 -9999 -9999 -9999 -9999 -9999 -9999 9.355 9.571 9.61 9.262 8.448 7.977 7.664 7.416 7.699 7.988 8.346 8.232 8.247 8.628 8.831 8.977 8.937 9.329 9.446 9.289 9.279 9.059 8.871 8.939 8.933 8.751 8.378 8.373 8.344 8.201 8.386 8.442 8.528 8.566 8.517 8.34 8.306 8.658 8.755 8.807 8.801 8.709 8.583 8.442 8.171 8.072 8.318 8.315 8.195 8.124 8.466 8.712 8.778 8.779 8.702 8.463 8.431 8.537 8.522 8.362
-9999 -9999 -9999 -9999 -9999 -9999 -9999 -9999 -9999 -9999 -9999 -9999 -9999 -9999 -9999 -9999 -9999 9.715 9.823 9.462 9.251 8.776 8.72 8.364 8.341 8.326 8.382 8.381 8.046 8.254 8.85 9.044 9.116 9.314 9.481 9.492 9.393 9.134 8.893 8.925 8.912 8.858 8.629 8.635 8.583 8.547 8.484 8.463 8.312 8.35 8.536 8.691 8.635 8.639 8.765 8.767 8.821 8.932 8.679 8.571 8.624 8.361 8.065 8.331 8.437 8.324 8.382 8.591 8.765 8.873 8.825 8.704 8.598 8.592 8.745 8.819 8.74
-9999 -9999 -9999 -9999 -9999 -9999 -9999 -9999 -9999 -9999 -9999 -9999 -9999 9.628 9.075 -9999 9.62 9.875 9.382 9.096 9.11 9.187 9.002 8.858 8.531 8.341 8.391 8.514 8.533 8.763 9.053 9.311 9.371 9.347 9.337 9.376 9.41 9.193 9.047 8.917 8.827 8.568 8.779 8.754 8.651 8.467 8.333 8.337 8.169 8.234 8.469 8.737 8.784 8.821 8.883 9.027 8.95 8.978 8.858 8.538 8.702 8.674 8.634 8.643 8.808 8.696 8.604 8.665 8.794 8.899 8.96 8.927 8.863 8.765 8.813 8.937 9.053
-9999 -9999 -9999 -9999 -9999 -9999 -9999 -9999 -9999 -9999 -9999 -9999 -9999 9.339 8.893 9.199 9.435 9.378 9.094 9.161 8.891 8.804 8.835 8.443 8.411 8.363 8.366 8.592 8.595 8.762 9.05 8.831 8.647 8.86 9.148 9.419 9.445 9.202 8.994 8.798 8.702 8.641 8.825 8.688 8.728 8.584 8.335 8.252 8.356 8.403 8.605 8.703 8.779 8.86 9.141 9.234 9.286 9.293 9.127 8.839 8.779 8.74 8.594 8.639 8.413 8.564 8.707 8.752 8.897 8.943 8.952 9.004 9.019 8.874 8.793 9.053 9.162
-9999 -9999 -9999 -9999 -9999 -9999 -9999 -9999 -9999 -9999 -9999 -9999 9.808 9.258 8.97 8.959 9.027 9.077 9.082 8.992 8.865 8.921 8.859 8.61 8.548 8.415 8.531 8.72 9.007 9.181 8.927 8.429 8.519 8.613 8.821 9.303 9.288 9.161 9.091 8.912 8.809 8.752 8.78 8.812 8.855 8.687 8.395 8.584 8.612 8.684 8.71 8.752 8.763 8.793 9.178 9.587 9.724 9.582 9.518 9.221 9.113 9.091 8.973 8.853 8.583 8.361 8.449 8.248 8.694 8.585 8.578 8.973 9.203 8.767 8.609 8.81 9.218
-9999 -9999 -9999 -9999 -9999 -9999 -9999 -9999 -9999 -9999 -9999 -9999 -9999 9.541 9.053 8.941 9.069 9.125 9.158 9.128 9.088 9.027 8.959 8.81 8.708 8.834 8.901 9.093 9.102 9.225 8.742 8.467 8.489 8.337 8.698 9.039 8.978 9.0 9.029 8.932 8.769 8.795 8.785 8.768 8.707 8.53 8.79 8.69 8.742 8.777 8.792 8.758 8.749 8.892 9.127 9.556 9.852 -9999 9.689 9.592 9.326 9.356 9.363 9.257 9.074 8.869 8.866 8.735 8.656 8.842 8.701 8.882 9.259 9.331 8.93 8.862 9.181
-9999 -9999 -9999 -9999 -9999 -9999 -9999 -9999 -9999 -9999 -9999 -9999 9.824 9.658 9.173 9.024 9.035 9.014 9.11 9.157 9.095 9.029 8.875 8.895 9.06 9.146 9.141 9.175 9.24 9.073 8.919 8.911 8.743 8.508 8.962 9.113 8.656 8.814 8.774 8.341 8.482 8.399 8.357 8.489 8.512 8.655 8.814 8.938 8.9 8.903 8.832 8.807 8.796 8.914 9.151 9.464 9.839 10.022 -9999 9.968 -9999 9.926 -9999 9.588 -9999 9.369 9.397 9.393 9.281 9.336 9.419 9.64 -9999 -9999 -9999 9.733 9.481
-9999 -9999 -9999 -9999 -9999 -9999 -9999 -9999 -9999 -9999 -9999 -9999 9.81 9.42 9.078 9.058 8.98 8.924 8.761 8.865 8.741 8.758 8.828 9.005 9.202 9.274 9.347 9.359 9.268 9.165 8.998 8.923 8.702 8.958 9.35 8.86 8.915 9.256 8.854 8.632 8.504 8.33 8.492 8.739 8.755 8.899 8.993 8.963 9.12 9.135 9.024 9.019 9.046 9.15 9.366 9.528 9.862 10.102 -9999 -9999 10.352 10.456 -9999 -9999 9.863 9.839 9.856 -9999 -9999 -9999 -9999 -9999 -9999 -9999 -9999 -9999 -9999
-9999 -9999 -9999 -9999 -9999 -9999 -9999 -9999 -9999 -9999 -9999 9.571 9.393 9.166 9.07 9.224 9.242 8.966 8.816 8.546 8.119 8.083 8.506 8.775 8.954 9.107 9.373 9.424 9.205 9.19 9.065 8.796 8.864 9.235 9.284 9.426 9.947 9.737 9.291 8.851 8.527 8.752 8.998 8.969 9.077 9.093 9.163 9.315 9.483 9.445 9.502 9.521 9.635 9.636 9.729 -9999 -9999 -9999 10.099 -9999 -9999 -9999 -9999 -9999 -9999 10.039 -9999 -9999 -9999 -9999 -9999 -9999 -9999 -9999 -9999 -9999 -9999
-9999 -9999 -9999 -9999 -9999 -9999 -9999 -9999 -9999 -9999 9.714 8.923 8.736 8.915 9.332 9.449 9.384 9.164 8.822 8.036 7.202 7.464 8.396 8.599 8.6 9.228 9.224 9.459 9.49 9.352 9.581 9.763 9.963 -9999 -9999 -9999 -9999 -9999 10.025 9.459 9.039 9.069 9.198 9.322 9.364 9.412 9.43 9.559 -9999 9.715 -9999 -9999 -9999 -9999 -9999 9.981 9.93 9.78 9.671 9.82 10.334 -9999 -9999 -9999 -9999 -9999 -9999 -9999 -9999 -9999 -9999 -9999 -9999 -9999 -9999 -9999 -9999
-9999 -9999 -9999 -9999 -9999 -9999 -9999 -9999 -9999 10.21 9.154 8.407 8.435 8.865 9.138 9.372 9.466 9.016 8.49 7.531 6.984 7.329 7.908 8.271 8.966 9.007 9.602 9.665 9.762 10.11 -9999 -9999 -9999 -9999 -9999 -9999 -9999 -9999 -9999 -9999 10.014 9.838 9.825 9.612 9.488 9.404 9.548 9.345 9.748 -9999 -9999 -9999 -9999 -9999 -9999 -9999 10.177 9.854 9.826 9.936 -9999 -9999 -9999 -9999 -9999 -9999 -9999 -9999 -9999 -9999 -9999 -9999 -9999 -9999 -9999 -9999 -9999
-9999 -9999 -9999 -9999 -9999 -9999 -9999 10.19 10.31 9.754 8.951 8.392 8.192 8.332 8.878 9.403 9.194 8.835 8.36 7.716 7.206 7.621 8.051 8.531 8.752 9.812 9.579 9.643 -9999 -9999 -9999 -9999 -9999 -9999 -9999 -9999 -9999 -9999 -9999 -9999 -9999 10.715 -9999 -9999 -9999 -9999 -9999 9.97 9.844 -9999 -9999 -9999 -9999 -9999 -9999 -9999 -9999 -9999 10.136 10.144 -9999 -9999 -9999 -9999 -9999 -9999 -9999 -9999 -9999 -9999 -9999 -9999 -9999 -9999 -9999 -9999 -9999
-9999 -9999 -9999 -9999 -9999 -9999 10.19 -9999 9.83 9.609 9.048 8.505 8.225 8.283 8.811 9.015 8.909 9.207 8.962 8.131 7.748 7.951 8.578 8.861 9.352 9.843 9.978 10.382 -9999 -9999 -9999 -9999 -9999 -9999 -9999 -9999 -9999 -9999 -9999 -9999 -9999 -9999 10.609 -9999 -9999 -9999 -9999 -9999 -9999 -9999 -9999 -9999 -9999 -9999 -9999 -9999 -9999 -9999 -9999 -9999 -9999 -9999 -9999 -9999 -9999 -9999 -9999 -9999 -9999 -9999 -9999 -9999 -9999 -9999 -9999 -9999 -9999
-9999 -9999 -9999 -9999 -9999 10.389 10.184 9.478 9.595 9.612 9.225 8.972 8.687 8.671 8.93 8.867 9.045 -9999 9.081 8.465 7.953 7.655 8.237 9.213 9.584 9.972 10.234 -9999 -9999 -9999 -9999 -9999 -9999 -9999 -9999 -9999 -9999 -9999 -9999 -9999 -9999 -9999 -9999 -9999 -9999 -9999 -9999 -9999 -9999 -9999 -9999 -9999 -9999 -9999 -9999 -9999 -9999 -9999 -9999 -9999 -9999 -9999 -9999 -9999 -9999 -9999 -9999 -9999 -9999 -9999 -9999 -9999 -9999 -9999 -9999 -9999 -9999
-9999 -9999 -9999 -9999 -9999 10.382 9.852 9.399 9.285 9.323 9.231 9.116 8.885 9.078 9.262 9.305 9.664 9.572 9.385 8.874 8.01 7.844 8.674 9.195 9.789 9.967 9.95 -9999 -9999 -9999 -9999 -9999 -9999 -9999 -9999 -9999 -9999 -9999 -9999 -9999 -9999 -9999 -9999 -9999 -9999 -9999 -9999 -9999 -9999 -9999 -9999 -9999 -9999 -9999 -9999 -9999 -9999 -9999 -9999 -9999 -9999 -9999 -9999 -9999 -9999 -9999 -9999 -9999 -9999 -9999 -9999 -9999 -9999 -9999 -9999 -9999 -9999
-9999 -9999 -9999 -9999 10.485 10.046 9.5 9.05 9.011 9.251 9.327 9.323 9.359 9.528 9.399 9.789 10.004 9.902 9.554 9.216 8.744 8.694 9.05 9.526 9.73 9.646 -9999 -9999 -9999 -9999 -9999 -9999 -9999 -9999 -9999 -9999 -9999 -9999 -9999 -9999 -9999 -9999 -9999 -9999 -9999 -9999 -9999 -9999 -9999 -9999 -9999 -9999 -9999 -9999 -9999 -9999 -9999 -9999 -9999 -9999 -9999 -9999 -9999 -9999 -9999 -9999 -9999 -9999 -9999 -9999 -9999 -9999 -9999 -9999 -9999 -9999 -9999
