Validation/Results/raw data/ReClimate_07_2024_1_Precipitation-Actualsweatherlogisticsltd.asc
NCOLS 192
NROWS 249
XLLCENTER -225160.85627316462
YLLCENTER 29788.11610251502
CELLSIZE 5000.0
NODATA_VALUE -9999
[rows 165 to 197 of 249, columns 74 to 147 of 192]
-9999 -9999 -9999 -9999 -9999 -9999 -9999 -9999 -9999 -9999 -9999 -9999 -9999 -9999 -9999 -9999 -9999 -9999 -9999 -9999 -9999 -9999 -9999 -9999 -9999 -9999 -9999 -9999 -9999 -9999 -9999 -9999 -9999 -9999 -9999 -9999 -9999 -9999 100.071 112.102 109.912 112.438 116.795 127.479 149.017 150.431 150.588 154.048 147.062 149.201 145.978 146.242 131.603 107.328 89.499 89.453 84.073 80.04 78.834 80.937 78.819 77.345 76.792 80.537 83.707 82.943 80.71 78.495 79.31 77.745 80.687 80.324 79.631 73.658
-9999 -9999 -9999 -9999 -9999 -9999 -9999 -9999 -9999 -9999 -9999 -9999 -9999 -9999 -9999 -9999 -9999 -9999 -9999 -9999 -9999 -9999 -9999 -9999 -9999 -9999 -9999 -9999 -9999 -9999 -9999 -9999 -9999 -9999 -9999 -9999 -9999 -9999 104.401 116.232 110.79 112.08 118.637 130.678 141.589 147.052 141.72 137.516 141.748 130.966 136.294 144.807 130.986 112.05 98.556 88.143 84.483 82.93 79.531 81.422 79.721 77.22 78.352 78.761 83.435 83.761 83.219 80.296 77.427 82.733 82.093 75.668 77.947 78.618
-9999 -9999 -9999 -9999 -9999 -9999 -9999 -9999 -9999 -9999 -9999 -9999 -9999 -9999 -9999 -9999 -9999 -9999 -9999 -9999 -9999 -9999 -9999 -9999 -9999 -9999 -9999 -9999 -9999 -9999 -9999 -9999 -9999 -9999 -9999 -9999 -9999 95.41 102.3 107.972 109.893 110.003 114.665 121.04 133.856 129.196 122.644 123.57 121.901 120.632 135.269 151.398 153.386 126.954 107.488 102.544 86.508 76.583 74.835 76.747 81.099 79.539 82.903 79.964 72.386 76.926 78.802 81.129 79.112 78.775 81.555 80.365 79.01 79.704
-9999 -9999 -9999 -9999 -9999 -9999 -9999 -9999 -9999 -9999 -9999 -9999 -9999 -9999 -9999 -9999 -9999 -9999 -9999 -9999 -9999 -9999 -9999 -9999 -9999 -9999 -9999 -9999 -9999 -9999 -9999 -9999 -9999 -9999 -9999 -9999 -9999 94.247 97.592 105.997 106.764 109.023 114.429 114.806 117.705 111.085 111.893 114.329 113.252 119.257 129.456 142.747 159.833 156.613 122.544 108.014 97.37 81.721 78.234 71.49 71.462 77.062 79.302 79.585 77.916 75.338 77.703 77.486 85.389 85.774 80.437 79.256 77.404 79.586
-9999 -9999 -9999 -9999 -9999 -9999 -9999 -9999 -9999 -9999 -9999 -9999 -9999 -9999 -9999 -9999 -9999 -9999 -9999 -9999 -9999 -9999 -9999 -9999 -9999 -9999 -9999 -9999 -9999 -9999 -9999 -9999 -9999 -9999 -9999 -9999 -9999 -9999 93.665 101.984 102.053 107.582 107.134 108.264 102.371 101.161 102.57 101.849 105.29 110.209 118.615 131.201 144.047 158.043 150.597 120.862 101.648 88.738 77.858 76.659 70.43 74.072 77.663 75.772 72.439 76.643 77.283 78.263 77.662 84.139 80.146 76.986 77.589 76.122
-9999 -9999 -9999 -9999 -9999 -9999 -9999 -9999 -9999 -9999 -9999 -9999 -9999 -9999 -9999 -9999 -9999 -9999 84.223 92.752 -9999 -9999 -9999 -9999 -9999 -9999 -9999 -9999 -9999 -9999 -9999 -9999 -9999 -9999 -9999 -9999 -9999 84.689 91.887 97.224 102.803 103.458 102.406 99.947 98.339 96.4 95.558 98.466 102.533 107.053 113.744 131.502 143.236 151.099 138.339 128.858 112.243 86.6 79.012 70.393 75.745 79.829 78.543 75.621 73.8 71.442 76.104 79.726 84.407 78.448 76.831 74.508 74.509 79.257
-9999 -9999 -9999 -9999 -9999 -9999 -9999 -9999 -9999 -9999 -9999 -9999 -9999 -9999 -9999 -9999 -9999 -9999 100.761 107.587 105.621 -9999 -9999 -9999 -9999 -9999 -9999 -9999 -9999 -9999 -9999 -9999 -9999 -9999 -9999 -9999 80.317 85.785 89.942 96.92 104.389 99.861 97.726 95.398 96.978 94.306 95.364 100.683 103.201 105.199 111.983 118.575 139.843 154.407 139.43 112.213 104.981 94.456 77.15 73.103 70.208 79.698 78.212 72.136 74.82 73.304 75.366 74.957 77.093 79.401 75.332 73.655 74.083 78.082
-9999 -9999 -9999 -9999 -9999 -9999 -9999 -9999 -9999 -9999 -9999 -9999 -9999 -9999 -9999 -9999 -9999 98.193 105.76 112.578 108.91 104.968 -9999 -9999 -9999 -9999 -9999 -9999 -9999 -9999 -9999 -9999 -9999 99.361 -9999 -9999 79.672 89.711 89.813 93.785 94.694 -9999 97.803 99.29 99.72 97.041 95.936 96.465 99.863 101.904 104.115 118.238 117.284 135.566 122.925 104.051 103.332 89.371 86.767 77.301 72.448 72.81 73.335 70.3 70.132 74.207 73.767 75.934 74.296 74.972 74.343 74.008 72.016 72.388
-9999 -9999 -9999 -9999 -9999 -9999 -9999 -9999 -9999 -9999 -9999 -9999 -9999 -9999 -9999 -9999 -9999 94.728 104.306 113.236 117.736 118.646 106.738 107.671 -9999 -9999 -9999 105.538 91.958 -9999 89.397 86.595 86.702 99.478 92.829 -9999 -9999 82.698 84.946 -9999 -9999 94.093 96.085 94.837 94.137 93.539 93.583 97.132 97.454 104.223 113.43 130.736 119.352 116.759 109.962 103.375 102.206 93.889 78.137 77.293 74.672 75.746 69.271 69.341 74.406 74.471 74.312 75.536 74.598 73.259 73.798 73.877 71.376 71.768
-9999 -9999 -9999 -9999 -9999 -9999 -9999 -9999 -9999 -9999 -9999 -9999 -9999 -9999 -9999 -9999 -9999 -9999 103.591 115.127 126.215 122.599 112.964 -9999 -9999 156.394 153.618 110.421 108.401 108.6 104.309 84.96 84.793 79.978 90.308 94.442 -9999 77.514 79.43 84.697 87.477 93.249 96.046 95.53 90.814 91.97 92.971 93.028 101.379 107.579 120.34 139.126 135.881 113.933 102.181 95.086 97.9 87.432 76.35 71.9 71.384 72.424 71.073 69.518 70.694 74.322 73.331 72.903 73.099 76.144 73.556 73.408 71.802 69.969
-9999 -9999 -9999 -9999 -9999 -9999 -9999 -9999 -9999 -9999 -9999 -9999 -9999 -9999 -9999 -9999 -9999 -9999 103.976 113.741 112.697 109.863 121.332 141.251 166.556 206.109 148.542 111.54 115.755 110.454 106.32 91.845 75.956 85.056 101.214 95.942 87.115 78.259 78.652 81.982 86.611 90.2 98.853 101.691 94.782 95.961 87.471 90.727 97.388 105.439 123.835 129.782 127.778 118.782 108.631 94.195 92.552 93.193 86.395 75.922 74.642 73.034 69.315 71.548 71.644 70.257 70.281 69.755 72.185 76.95 78.981 75.594 73.516 70.489
-9999 -9999 -9999 -9999 -9999 -9999 -9999 -9999 -9999 -9999 -9999 -9999 -9999 -9999 -9999 -9999 -9999 -9999 -9999 114.447 114.125 130.388 164.604 190.155 249.599 234.717 174.957 141.552 127.177 122.158 121.842 103.013 93.062 92.62 90.713 102.694 84.407 85.926 103.411 82.039 86.92 87.921 93.433 89.874 90.698 85.359 89.394 91.631 96.158 107.599 119.045 126.044 115.464 106.876 108.262 102.11 119.394 119.641 95.451 83.527 81.557 78.937 73.917 71.324 71.649 71.93 70.52 69.414 72.188 72.228 75.951 76.525 72.769 70.965
-9999 -9999 -9999 -9999 -9999 -9999 -9999 -9999 -9999 -9999 -9999 -9999 -9999 -9999 -9999 -9999 -9999 -9999 -9999 -9999 -9999 153.819 198.827 270.43 329.284 264.165 179.81 149.513 134.971 150.273 135.01 119.595 101.849 90.579 90.855 94.616 94.447 101.59 89.035 77.569 82.235 84.254 86.093 86.614 83.553 83.333 88.158 90.304 95.824 108.495 114.917 111.444 116.347 112.808 110.861 114.187 97.266 108.856 94.767 80.865 82.668 82.411 75.644 74.196 72.493 71.608 73.169 70.288 71.935 72.447 68.277 74.13 73.112 71.358
-9999 -9999 -9999 -9999 -9999 -9999 -9999 -9999 -9999 -9999 -9999 -9999 -9999 -9999 -9999 -9999 -9999 -9999 -9999 -9999 144.133 187.519 241.455 318.288 365.329 270.826 197.67 168.273 144.685 145.08 132.072 117.786 115.859 90.802 90.741 104.261 97.166 93.228 76.992 79.132 79.695 80.749 86.942 87.94 89.64 85.703 86.496 88.618 99.342 103.745 99.678 105.113 111.09 106.783 107.038 102.595 97.549 103.782 90.001 81.232 80.397 81.854 79.142 74.505 76.595 72.82 73.116 71.53 70.197 71.036 75.376 71.639 74.376 71.926
-9999 -9999 -9999 -9999 -9999 -9999 -9999 -9999 -9999 -9999 -9999 -9999 -9999 -9999 -9999 -9999 -9999 -9999 -9999 142.365 201.934 209.124 264.148 324.383 293.875 297.176 252.005 194.623 175.524 157.465 128.36 121.879 98.353 104.021 112.253 110.178 100.993 87.41 76.827 77.704 76.72 84.591 84.693 86.824 85.199 84.4 85.836 94.571 98.983 100.05 103.842 103.147 110.735 116.22 99.144 95.486 90.27 88.932 94.522 77.817 76.172 79.568 81.689 78.064 73.582 72.52 69.495 71.162 72.06 71.784 74.725 75.15 70.315 73.233
-9999 -9999 -9999 -9999 -9999 -9999 -9999 -9999 -9999 -9999 -9999 -9999 -9999 -9999 -9999 -9999 -9999 -9999 135.982 177.04 160.662 188.097 221.657 222.156 244.173 254.913 224.977 212.447 189.898 159.984 144.099 122.099 105.903 114.609 111.919 91.224 86.391 78.224 81.802 75.202 77.622 82.665 78.808 81.326 82.991 83.828 88.36 95.314 98.6 99.377 104.602 103.872 98.356 102.024 99.034 90.211 86.408 86.489 86.524 83.284 76.006 76.66 78.814 76.295 75.919 73.529 70.163 74.348 73.913 71.795 71.729 74.54 70.018 71.327
-9999 -9999 -9999 -9999 -9999 -9999 -9999 -9999 -9999 -9999 -9999 -9999 -9999 -9999 -9999 -9999 113.143 122.64 125.63 126.533 134.906 141.656 163.027 160.148 184.316 195.048 213.176 210.48 202.596 144.862 127.049 113.373 109.248 133.094 123.094 105.588 86.529 86.765 82.378 77.751 80.554 81.767 83.356 83.48 84.804 86.771 93.589 97.218 92.198 100.136 106.019 102.443 94.4 91.011 87.439 85.903 82.383 81.343 81.149 80.839 78.763 75.269 75.061 72.825 71.736 72.193 69.764 69.546 74.351 72.181 74.282 74.452 73.059 71.492
-9999 -9999 -9999 -9999 -9999 -9999 -9999 -9999 -9999 -9999 -9999 -9999 -9999 -9999 -9999 111.727 114.621 112.449 109.467 -9999 -9999 -9999 -9999 162.08 195.072 221.202 213.78 213.082 170.535 148.572 156.587 139.928 141.663 168.218 140.406 110.658 103.612 91.78 81.777 81.415 82.147 79.915 80.685 83.325 82.975 88.756 93.166 93.387 91.238 95.358 97.442 97.834 92.48 83.2 80.949 82.594 77.489 74.915 75.789 74.428 76.112 74.468 73.109 70.771 73.185 72.302 72.175 73.838 73.25 73.838 72.003 72.917 72.998 73.721
-9999 -9999 -9999 -9999 -9999 -9999 -9999 -9999 -9999 -9999 -9999 -9999 -9999 -9999 -9999 112.072 115.069 105.021 -9999 -9999 -9999 -9999 -9999 161.409 199.469 225.049 197.648 206.846 199.589 195.016 198.051 167.545 155.365 154.14 116.032 113.694 100.268 87.684 83.917 86.264 80.62 80.868 85.322 83.664 81.196 86.525 91.915 86.663 91.933 87.697 88.376 88.444 89.672 87.783 85.216 80.785 76.535 72.848 72.972 74.313 71.882 72.659 68.857 67.308 72.132 76.724 78.741 79.997 79.243 76.829 74.642 77.91 74.776 72.746
-9999 -9999 -9999 -9999 -9999 -9999 -9999 -9999 -9999 -9999 -9999 -9999 -9999 -9999 -9999 -9999 -9999 101.277 -9999 -9999 -9999 -9999 -9999 160.041 193.327 187.42 193.9 202.433 204.756 238.698 218.197 148.076 154.357 130.359 119.063 106.702 92.224 85.989 81.991 80.302 79.74 84.192 84.133 79.481 80.581 85.404 85.395 91.283 86.234 82.775 86.531 85.688 83.998 85.064 86.543 81.933 78.1 81.093 78.758 74.9 73.575 72.227 75.448 71.327 71.041 75.879 76.956 79.271 80.66 78.77 76.878 77.495 77.85 73.44
-9999 -9999 -9999 -9999 -9999 -9999 -9999 -9999 -9999 -9999 -9999 -9999 -9999 -9999 -9999 -9999 -9999 -9999 -9999 -9999 -9999 -9999 -9999 144.178 168.863 161.971 187.192 210.376 242.011 237.015 196.285 165.282 136.861 122.082 112.045 88.763 82.936 74.581 77.25 79.392 81.59 80.252 80.407 81.125 80.417 81.692 84.101 84.746 84.116 83.823 80.023 90.876 84.404 79.441 80.817 81.803 79.359 81.724 85.206 81.252 81.259 85.056 79.938 75.866 71.362 71.67 74.983 75.813 76.928 78.312 76.272 75.139 72.605 75.652
-9999 -9999 -9999 -9999 -9999 -9999 -9999 -9999 -9999 -9999 -9999 -9999 -9999 -9999 -9999 -9999 -9999 -9999 -9999 -9999 -9999 -9999 -9999 -9999 154.099 237.25 303.885 249.565 226.796 205.844 182.154 148.924 124.249 110.419 96.211 100.225 89.283 77.527 83.391 80.814 77.042 76.402 76.186 81.837 83.749 81.127 84.953 85.92 85.38 79.974 82.678 88.144 87.285 74.545 75.469 78.27 78.654 80.418 85.918 89.533 90.834 88.989 82.622 75.005 74.17 74.932 76.755 79.092 76.622 76.171 75.114 74.558 71.058 70.348
-9999 -9999 -9999 -9999 -9999 -9999 -9999 -9999 -9999 -9999 -9999 -9999 -9999 -9999 -9999 -9999 -9999 -9999 -9999 -9999 -9999 -9999 -9999 159.114 188.928 263.255 263.304 230.792 199.729 191.651 170.714 142.797 130.818 105.916 100.825 101.529 86.749 100.658 85.295 78.458 86.585 81.029 79.729 82.726 86.784 88.344 82.042 83.178 82.793 80.892 81.402 84.544 84.216 77.785 74.891 77.551 77.092 77.639 79.127 80.871 84.714 85.804 80.445 76.305 77.604 77.956 79.731 85.299 80.914 75.58 77.544 74.196 70.249 68.377
-9999 -9999 -9999 -9999 -9999 -9999 -9999 -9999 -9999 -9999 -9999 -9999 -9999 -9999 -9999 -9999 -9999 -9999 -9999 -9999 -9999 -9999 -9999 147.15 182.497 233.426 201.989 180.243 174.046 171.895 164.203 153.407 122.694 101.804 100.264 91.882 90.676 90.681 86.156 87.049 85.526 77.548 77.178 79.399 84.643 85.281 82.935 83.247 85.93 85.196 86.048 84.372 83.767 81.979 78.242 76.569 75.7 76.402 78.236 79.622 82.083 84.008 78.362 73.233 78.277 84.152 79.189 80.637 83.525 76.382 74.19 71.249 65.324 67.361
-9999 -9999 -9999 -9999 -9999 -9999 -9999 -9999 -9999 -9999 -9999 -9999 -9999 -9999 -9999 -9999 -9999 -9999 -9999 -9999 -9999 -9999 -9999 128.698 161.276 163.892 178.606 160.824 158.238 166.289 167.255 138.43 123.38 100.694 94.055 86.51 88.628 93.162 95.355 102.101 99.984 88.574 85.954 84.36 84.651 83.635 80.501 85.385 85.05 87.287 88.835 86.28 86.318 85.81 82.83 78.165 80.452 80.02 78.912 81.865 79.196 78.149 77.108 76.604 77.437 82.077 82.402 78.019 74.87 74.047 74.344 74.636 64.511 61.234
-9999 -9999 -9999 -9999 -9999 -9999 -9999 -9999 -9999 -9999 -9999 -9999 -9999 -9999 -9999 -9999 -9999 -9999 -9999 -9999 -9999 -9999 -9999 -9999 137.851 177.406 190.803 193.498 186.221 164.94 145.381 121.221 96.304 85.919 78.136 85.15 88.079 84.361 93.726 99.846 103.782 91.457 84.272 80.268 88.131 84.69 80.778 83.24 82.965 87.889 90.553 86.042 81.8 84.189 83.246 80.122 82.634 85.186 79.713 78.422 80.639 75.62 76.185 79.552 79.363 78.87 76.275 76.611 74.9 72.453 74.035 71.914 68.975 63.888
-9999 -9999 -9999 -9999 -9999 -9999 -9999 -9999 -9999 -9999 -9999 -9999 -9999 -9999 -9999 -9999 -9999 -9999 -9999 -9999 -9999 -9999 -9999 -9999 149.822 186.771 212.61 221.897 216.716 178.911 136.087 107.613 95.109 90.538 99.347 106.648 96.613 87.141 77.726 93.033 98.238 90.539 88.819 95.891 90.831 84.428 85.62 88.157 86.902 87.938 88.611 89.171 83.997 81.536 81.897 89.182 87.361 86.569 82.476 79.354 81.232 81.794 80.411 81.925 80.299 77.29 82.055 79.1 77.121 73.181 74.006 71.875 67.435 66.719
-9999 -9999 -9999 -9999 -9999 -9999 -9999 -9999 -9999 -9999 -9999 -9999 -9999 -9999 -9999 -9999 -9999 -9999 -9999 -9999 -9999 -9999 -9999 126.736 136.689 182.763 214.757 229.708 213.983 168.486 128.689 129.134 136.104 117.998 111.883 104.916 86.063 79.641 86.544 95.071 88.593 93.022 100.864 98.847 95.253 87.326 85.863 89.957 85.823 89.534 93.259 91.015 91.029 86.026 81.847 81.212 88.865 86.086 82.753 81.116 79.795 80.751 82.759 84.119 84.491 80.687 80.655 80.856 77.086 75.181 72.779 69.272 68.2 69.554
-9999 -9999 -9999 -9999 -9999 -9999 -9999 -9999 -9999 -9999 -9999 -9999 -9999 -9999 -9999 -9999 -9999 -9999 -9999 -9999 -9999 -9999 -9999 122.752 136.276 164.078 181.643 211.348 210.005 165.993 139.69 131.813 125.252 126.57 126.014 111.548 95.694 102.477 98.979 86.22 94.362 90.071 94.502 93.95 105.131 87.896 84.859 83.45 84.123 88.606 90.987 101.108 93.52 91.882 87.006 83.712 86.454 81.179 77.938 80.416 82.219 79.684 80.014 83.928 84.706 84.428 82.479 78.143 74.184 72.737 73.58 69.482 65.996 67.829
-9999 -9999 -9999 -9999 -9999 -9999 -9999 -9999 -9999 -9999 -9999 -9999 -9999 -9999 -9999 -9999 -9999 -9999 -9999 -9999 -9999 -9999 -9999 122.537 128.422 131.278 150.427 200.075 197.457 166.052 135.495 118.557 128.91 128.477 120.843 113.941 115.908 107.075 88.411 91.123 85.837 101.847 87.369 94.507 90.728 84.133 85.035 77.764 78.607 83.404 96.235 91.682 94.688 91.961 89.37 89.931 88.568 85.268 79.135 81.585 84.3 85.708 82.56 79.183 83.635 80.772 77.202 77.813 72.879 70.86 67.147 68.433 66.119 63.633
-9999 -9999 -9999 -9999 -9999 -9999 -9999 -9999 -9999 -9999 -9999 -9999 -9999 -9999 -9999 -9999 -9999 -9999 -9999 -9999 -9999 -9999 124.747 125.935 145.249 135.59 156.33 183.355 176.414 161.034 126.198 111.231 113.241 110.292 111.562 118.149 102.655 97.04 98.402 88.158 91.388 86.374 80.232 79.78 83.356 87.067 77.745 75.873 78.84 82.786 84.153 85.881 86.363 90.429 89.215 88.118 88.042 85.532 81.106 81.093 78.798 79.439 82.761 82.077 79.258 77.561 72.829 73.968 73.477 65.96 68.718 67.01 65.559 64.054
-9999 -9999 -9999 -9999 -9999 -9999 -9999 -9999 -9999 -9999 -9999 -9999 -9999 -9999 -9999 -9999 -9999 -9999 -9999 -9999 -9999 125.348 125.735 143.128 139.34 139.595 171.25 188.196 180.788 155.245 139.255 117.978 121.597 112.365 114.744 120.408 99.015 100.241 90.81 87.064 86.736 87.443 78.17 88.299 88.843 84.438 76.491 81.699 78.887 82.399 85.011 83.205 84.002 84.134 86.293 86.591 84.616 83.414 83.036 85.886 83.151 77.558 75.706 76.271 77.571 74.776 71.313 69.244 68.796 67.871 68.256 68.809 64.876 63.885
-9999 -9999 -9999 -9999 -9999 -9999 -9999 -9999 -9999 -9999 -9999 -9999 -9999 -9999 -9999 -9999 -9999 -9999 -9999 143.248 136.28 132.716 111.221 127.513 136.759 151.124 180.633 189.753 192.177 177.821 142.976 129.353 117.768 112.624 114.797 115.7 99.765 90.972 91.538 83.15 82.918 76.923 85.067 88.427 82.962 79.234 78.3 78.45 80.779 82.536 84.071 82.37 82.096 81.532 82.505 80.794 78.348 75.249 79.624 83.661 87.894 85.63 80.358 75.619 76.081 73.818 70.984 71.497 67.373 65.986 62.429 64.953 64.915 63.449
