Validation/Results/raw data/ReClimate_02_2024_1_Temperature-Actuals.asc
NCOLS 192
NROWS 249
XLLCENTER -225160.85627316462
YLLCENTER 29788.11610251502
CELLSIZE 5000.0
NODATA_VALUE -9999
[rows 170 to 203 of 249, columns 77 to 153 of 192]
-9999 -9999 -9999 -9999 -9999 -9999 -9999 -9999 -9999 -9999 -9999 -9999 -9999 -9999 -9999 7.343 7.303 -9999 -9999 -9999 -9999 -9999 -9999 -9999 -9999 -9999 -9999 -9999 -9999 -9999 -9999 -9999 -9999 -9999 7.351 7.528 7.431 7.38 7.204 7.259 7.302 7.368 7.401 7.527 7.599 7.56 7.27 6.751 5.85 4.984 4.214 4.477 4.463 4.959 6.106 6.596 6.847 6.485 6.478 6.753 7.046 7.07 7.089 7.084 7.076 7.034 6.927 6.906 7.006 7.011 6.846 6.338 6.343 6.34 6.684 6.899 6.915
-9999 -9999 -9999 -9999 -9999 -9999 -9999 -9999 -9999 -9999 -9999 -9999 -9999 -9999 -9999 7.112 7.018 7.179 -9999 -9999 -9999 -9999 -9999 -9999 -9999 -9999 -9999 -9999 -9999 -9999 -9999 -9999 -9999 7.588 7.567 7.497 7.441 7.264 7.43 7.333 7.336 7.358 7.409 7.463 7.44 7.353 7.23 6.871 6.215 5.122 4.246 4.719 5.234 5.289 5.914 6.937 7.066 6.827 6.405 6.616 7.016 7.104 7.059 7.015 7.028 7.007 6.937 6.806 6.875 6.944 6.863 6.526 6.261 6.365 6.559 6.893 6.985
-9999 -9999 -9999 -9999 -9999 -9999 -9999 -9999 -9999 -9999 -9999 -9999 -9999 -9999 7.403 7.136 6.944 7.129 7.47 -9999 -9999 -9999 -9999 -9999 -9999 -9999 -9999 -9999 -9999 -9999 7.244 -9999 -9999 7.605 7.283 7.478 7.475 7.505 -9999 7.2 7.159 7.155 7.249 7.214 7.26 7.124 7.043 6.601 5.941 6.317 5.123 5.347 5.868 5.165 6.032 6.509 6.944 6.887 6.617 6.7 6.935 7.083 7.131 7.089 7.086 7.023 6.948 6.787 6.793 6.93 6.878 6.742 6.425 6.271 6.356 6.761 6.96
-9999 -9999 -9999 -9999 -9999 -9999 -9999 -9999 -9999 -9999 -9999 -9999 -9999 -9999 7.498 7.23 7.146 7.196 7.441 7.499 7.553 -9999 -9999 -9999 7.101 7.34 -9999 7.298 7.277 7.298 6.538 6.783 -9999 -9999 7.434 7.377 -9999 -9999 7.33 7.16 7.331 7.486 7.366 7.248 7.061 6.959 6.74 6.102 5.304 5.658 5.536 5.25 5.411 5.307 5.483 6.675 6.83 6.738 6.49 6.715 6.866 7.002 7.032 7.032 7.093 7.079 6.985 6.827 6.787 6.945 6.929 6.856 6.666 6.433 6.198 6.361 6.705
-9999 -9999 -9999 -9999 -9999 -9999 -9999 -9999 -9999 -9999 -9999 -9999 -9999 -9999 -9999 7.436 7.275 7.298 7.522 7.547 -9999 -9999 5.21 5.218 6.875 6.309 6.442 6.542 7.161 7.047 6.854 6.486 6.565 -9999 7.448 7.454 7.411 7.424 7.12 6.942 7.306 7.593 7.502 7.238 7.057 6.841 6.621 5.826 4.772 4.883 5.203 5.482 5.745 5.534 5.703 6.386 6.846 6.761 6.564 6.691 6.81 6.882 6.915 6.951 7.054 7.11 7.036 6.817 6.811 6.998 6.995 6.939 6.82 6.619 6.466 6.335 6.357
-9999 -9999 -9999 -9999 -9999 -9999 -9999 -9999 -9999 -9999 -9999 -9999 -9999 -9999 -9999 7.474 7.368 7.646 7.736 7.714 7.401 5.81 3.54 6.132 6.766 5.86 6.308 5.936 6.441 7.045 6.746 5.73 6.394 6.726 7.201 7.455 7.418 7.298 7.081 6.985 7.18 7.393 7.361 7.219 7.016 6.82 6.49 5.489 4.847 4.509 4.933 5.06 5.859 6.001 5.683 6.053 6.541 6.604 6.606 6.707 6.744 6.812 6.875 6.91 7.096 7.078 7.076 7.012 6.859 7.019 7.064 7.027 6.95 6.753 6.443 6.454 6.629
-9999 -9999 -9999 -9999 -9999 -9999 -9999 -9999 -9999 -9999 -9999 -9999 -9999 -9999 -9999 -9999 7.587 7.805 7.683 7.07 5.817 2.906 3.732 5.905 5.934 6.131 5.471 5.285 5.639 6.073 6.284 6.454 5.718 6.557 7.085 7.269 7.391 7.359 7.162 7.086 7.139 7.273 7.302 7.106 6.928 6.75 6.256 5.622 4.96 4.765 5.238 5.066 5.337 6.358 6.005 6.035 6.416 6.412 6.537 6.732 6.758 6.767 6.826 6.916 7.123 7.126 7.123 6.985 6.929 7.02 7.094 7.092 7.01 6.915 6.811 6.713 6.824
-9999 -9999 -9999 -9999 -9999 -9999 -9999 -9999 -9999 -9999 -9999 -9999 -9999 -9999 -9999 -9999 -9999 -9999 7.086 5.968 4.591 3.907 4.473 6.22 6.469 5.646 4.867 4.703 4.824 5.823 6.671 6.233 5.527 6.166 6.873 7.186 7.443 7.361 7.168 6.964 7.061 7.165 7.153 7.076 6.91 6.562 5.928 5.597 5.372 4.887 5.229 5.096 5.022 5.703 6.415 6.282 6.661 6.501 6.322 6.589 6.753 6.902 6.96 7.038 7.142 7.15 7.147 7.136 6.93 7.0 7.066 7.09 7.075 7.034 7.0 6.959 6.935
-9999 -9999 -9999 -9999 -9999 -9999 -9999 -9999 -9999 -9999 -9999 -9999 -9999 -9999 -9999 -9999 -9999 7.605 6.65 5.969 5.459 4.408 5.691 6.477 6.051 5.828 5.109 4.535 4.97 5.139 6.081 5.89 5.322 5.724 6.385 7.204 7.365 7.352 7.016 6.842 6.936 7.069 7.111 7.035 6.759 6.206 5.983 6.141 5.679 5.079 5.376 5.434 5.568 5.805 5.992 6.51 6.62 6.577 6.534 6.543 6.77 6.811 7.058 7.179 7.197 7.16 7.159 6.936 6.927 7.019 7.104 7.098 7.105 7.104 7.086 7.024 6.985
-9999 -9999 -9999 -9999 -9999 -9999 -9999 -9999 -9999 -9999 -9999 -9999 -9999 -9999 -9999 -9999 7.505 5.742 6.434 5.963 5.27 5.551 4.418 4.862 5.292 5.171 4.495 5.064 4.867 5.465 5.988 5.192 4.807 5.564 6.417 7.197 7.451 7.339 6.945 6.948 7.056 7.066 7.082 6.871 6.476 6.404 6.3 5.838 5.528 5.376 5.209 5.772 5.997 6.221 6.449 6.471 6.811 6.724 6.789 6.788 6.831 7.083 6.952 7.155 7.225 7.145 7.109 6.907 6.825 7.071 7.093 7.096 7.103 7.113 7.099 7.07 7.04
-9999 -9999 -9999 -9999 -9999 -9999 -9999 -9999 -9999 -9999 -9999 -9999 -9999 -9999 -9999 7.37 5.872 6.696 6.821 6.396 6.497 5.88 5.622 5.124 4.69 4.373 4.442 4.622 4.932 5.819 5.381 5.432 6.226 6.437 6.975 7.115 7.348 7.212 7.0 6.995 6.997 7.038 6.822 6.47 6.566 6.495 6.298 5.777 5.734 6.202 6.032 5.959 6.237 6.363 6.524 6.646 6.706 6.903 6.976 7.123 7.177 7.259 7.263 7.119 7.153 7.129 7.083 6.888 6.824 7.088 7.127 7.064 7.074 7.064 7.08 7.079 7.088
-9999 -9999 -9999 -9999 -9999 -9999 -9999 -9999 -9999 -9999 -9999 -9999 -9999 7.163 7.391 7.046 7.145 7.436 7.48 7.203 7.424 6.965 6.048 5.268 4.551 3.596 5.078 5.248 5.754 5.651 4.748 5.112 5.656 6.547 6.86 6.973 7.084 7.007 6.893 6.839 6.925 6.834 6.572 6.451 6.368 6.596 6.288 5.948 6.065 6.213 6.355 6.416 6.481 6.614 6.771 6.962 6.914 6.955 7.232 7.414 7.462 7.331 7.255 7.197 7.12 7.029 7.016 6.779 6.695 6.981 7.122 7.086 7.047 7.036 7.041 7.107 -9999
-9999 -9999 -9999 -9999 -9999 -9999 -9999 -9999 -9999 -9999 -9999 -9999 7.016 7.099 7.203 7.383 -9999 -9999 -9999 -9999 6.676 5.647 5.459 5.18 4.293 5.246 5.352 4.715 5.186 4.53 3.267 4.258 5.314 5.827 6.623 7.049 6.962 6.878 6.856 6.857 6.848 6.773 6.582 6.501 6.372 6.49 6.331 6.291 6.301 6.373 6.603 6.698 6.735 6.928 6.973 7.161 7.293 7.215 7.297 7.411 7.424 7.33 7.201 7.083 6.923 6.833 6.83 6.737 6.635 6.804 7.028 7.099 7.075 7.037 7.051 7.102 7.151
-9999 -9999 -9999 -9999 -9999 -9999 -9999 -9999 -9999 -9999 -9999 -9999 7.026 6.893 7.515 -9999 -9999 -9999 -9999 -9999 6.252 5.536 5.195 5.507 4.799 4.969 4.524 3.996 4.246 3.908 4.014 5.568 5.65 6.296 6.904 7.102 6.997 6.897 6.811 6.678 6.646 6.702 6.603 6.466 6.466 6.415 6.546 6.531 6.619 6.408 6.381 6.504 6.759 7.005 7.115 7.187 7.169 7.19 7.189 7.183 7.164 6.984 6.971 6.73 6.522 6.466 6.599 6.666 6.667 6.804 6.959 7.093 7.102 7.097 7.103 7.123 7.157
-9999 -9999 -9999 -9999 -9999 -9999 -9999 -9999 -9999 -9999 -9999 -9999 -9999 -9999 7.664 -9999 -9999 -9999 -9999 -9999 6.144 5.314 5.849 5.596 5.255 5.217 3.886 4.233 5.207 4.416 5.334 5.673 5.985 6.703 7.104 7.155 6.885 6.854 6.723 6.652 6.806 6.752 6.724 6.662 6.536 6.595 6.701 6.811 6.735 6.706 6.599 6.507 6.764 6.854 6.682 6.821 6.946 6.943 7.106 7.05 6.839 6.575 6.455 6.63 6.462 6.35 6.409 6.557 6.647 6.785 6.946 7.083 7.114 7.133 7.165 7.179 7.192
-9999 -9999 -9999 -9999 -9999 -9999 -9999 -9999 -9999 -9999 -9999 -9999 -9999 -9999 -9999 -9999 -9999 -9999 -9999 -9999 6.533 6.0 7.119 6.368 5.555 4.216 4.462 4.651 4.708 5.531 5.593 5.766 6.75 7.052 7.292 7.135 7.038 6.913 6.889 6.9 6.937 6.948 6.878 6.755 6.694 6.653 6.732 6.721 6.557 6.798 6.95 6.878 6.802 6.946 6.655 6.455 6.681 6.625 6.834 7.067 6.861 6.72 6.558 6.539 6.641 6.487 6.409 6.585 6.737 6.832 6.951 7.093 7.123 7.152 7.188 7.225 7.264
-9999 -9999 -9999 -9999 -9999 -9999 -9999 -9999 -9999 -9999 -9999 -9999 -9999 -9999 -9999 -9999 -9999 -9999 -9999 -9999 -9999 6.706 5.497 5.1 5.025 5.294 5.206 4.987 5.777 5.843 6.287 6.825 6.681 7.211 7.169 6.825 6.873 6.959 7.05 7.132 7.082 6.941 6.837 6.615 6.584 6.628 6.75 6.587 6.37 6.552 6.919 7.029 6.978 6.89 6.822 6.612 6.505 6.309 6.366 6.933 7.044 6.802 6.579 6.325 6.33 6.544 6.505 6.638 6.835 7.017 7.058 7.15 7.168 7.183 7.217 7.259 7.301
-9999 -9999 -9999 -9999 -9999 -9999 -9999 -9999 -9999 -9999 -9999 -9999 -9999 -9999 -9999 -9999 -9999 -9999 -9999 -9999 6.607 6.106 5.71 4.778 5.779 5.877 5.269 5.661 5.774 5.794 6.83 6.751 6.702 6.946 5.877 6.554 6.912 6.923 6.866 7.081 6.857 6.407 6.41 6.606 6.767 6.684 6.779 6.669 6.586 6.618 6.882 7.008 7.032 6.964 6.817 6.753 6.574 6.542 6.585 6.878 6.976 6.747 6.45 6.181 6.159 6.466 6.69 6.772 6.96 7.111 7.198 7.232 7.254 7.249 7.261 7.309 7.342
-9999 -9999 -9999 -9999 -9999 -9999 -9999 -9999 -9999 -9999 -9999 -9999 -9999 -9999 -9999 -9999 -9999 -9999 -9999 -9999 6.864 6.429 4.757 6.371 6.903 6.158 5.945 5.611 5.076 5.865 6.782 6.735 7.014 6.544 6.556 6.557 6.438 6.474 6.921 6.886 6.61 6.567 6.61 6.898 6.803 6.709 6.785 6.718 6.831 6.867 6.921 7.005 7.022 7.024 6.954 6.855 6.751 6.583 6.74 6.937 6.846 6.509 6.168 6.171 6.214 6.348 6.66 6.903 6.954 7.114 7.174 7.221 7.308 7.338 7.346 7.38 7.427
-9999 -9999 -9999 -9999 -9999 -9999 -9999 -9999 -9999 -9999 -9999 -9999 -9999 -9999 -9999 -9999 -9999 -9999 -9999 -9999 6.775 6.069 7.115 6.891 6.588 6.252 5.701 4.788 5.208 5.593 6.433 6.762 7.141 6.962 6.502 5.817 5.5 5.754 6.486 6.315 6.534 6.522 6.778 7.015 6.848 6.835 6.847 6.863 7.0 6.897 6.854 6.993 7.026 6.837 6.938 6.96 6.867 6.783 6.855 6.938 6.796 6.53 6.334 6.289 6.458 6.632 6.824 6.89 6.982 7.1 7.296 7.262 7.344 7.385 7.395 7.44 7.475
-9999 -9999 -9999 -9999 -9999 -9999 -9999 -9999 -9999 -9999 -9999 -9999 -9999 -9999 -9999 -9999 -9999 -9999 -9999 -9999 -9999 7.515 6.354 5.632 4.986 4.978 5.033 5.383 5.829 6.674 6.895 7.082 6.92 6.803 6.504 6.056 5.69 5.692 6.031 6.396 6.408 6.296 6.671 6.936 6.787 7.0 6.946 6.821 7.181 7.222 7.035 7.072 7.115 6.828 6.684 6.963 6.89 6.832 6.889 6.878 6.696 6.589 6.606 6.719 6.737 6.867 6.911 6.893 7.033 7.185 7.252 7.286 7.387 7.434 7.423 7.44 7.485
-9999 -9999 -9999 -9999 -9999 -9999 -9999 -9999 -9999 -9999 -9999 -9999 -9999 -9999 -9999 -9999 -9999 -9999 -9999 -9999 -9999 6.707 5.639 4.858 4.296 4.232 4.762 5.733 6.561 6.775 6.423 5.828 5.465 5.549 6.125 6.461 5.977 5.961 6.197 6.357 5.835 6.154 6.514 6.646 6.721 7.043 6.979 7.045 6.957 7.118 7.188 7.134 7.156 6.97 6.795 6.938 6.977 6.783 6.686 6.646 6.533 6.54 6.71 6.634 6.688 6.738 6.929 6.867 6.998 7.151 7.127 7.23 7.398 7.444 7.413 7.368 7.338
-9999 -9999 -9999 -9999 -9999 -9999 -9999 -9999 -9999 -9999 -9999 -9999 -9999 -9999 -9999 -9999 -9999 -9999 -9999 -9999 7.356 6.685 5.667 4.84 4.446 4.809 5.343 5.85 5.5 4.77 5.161 5.043 5.184 6.065 6.457 6.255 6.158 6.407 6.522 5.956 5.754 6.01 6.463 6.627 6.742 7.141 7.052 6.831 6.998 6.816 6.967 6.975 7.02 6.966 6.943 7.099 7.036 6.903 6.814 6.632 6.589 6.434 6.556 6.61 6.654 6.781 6.843 7.015 7.099 7.094 7.054 7.194 7.416 7.431 7.419 7.352 7.271
-9999 -9999 -9999 -9999 -9999 -9999 -9999 -9999 -9999 -9999 -9999 -9999 -9999 -9999 -9999 -9999 -9999 -9999 -9999 -9999 7.013 6.314 5.852 5.542 5.035 4.412 4.84 5.079 4.788 4.962 4.718 4.662 5.229 6.04 5.668 5.738 6.462 6.294 6.773 6.189 5.579 5.734 6.687 6.674 7.153 7.236 7.023 6.866 6.395 6.667 6.722 6.822 6.817 6.853 7.022 7.154 7.118 6.989 6.983 6.953 6.633 6.483 6.422 6.494 6.615 6.929 7.029 7.125 7.181 7.102 7.061 7.196 7.285 7.38 7.387 7.376 7.301
-9999 -9999 -9999 -9999 -9999 -9999 -9999 -9999 -9999 -9999 -9999 -9999 -9999 -9999 -9999 -9999 -9999 -9999 -9999 -9999 6.528 6.509 6.63 5.944 4.805 4.241 4.771 4.981 5.248 4.844 5.021 5.324 5.609 5.501 5.685 6.452 6.496 6.634 6.309 6.516 6.126 6.523 6.586 6.696 7.148 7.336 7.144 6.693 6.765 6.664 6.629 6.716 6.734 6.865 6.959 7.014 6.985 6.961 7.005 6.959 6.675 6.443 6.585 6.755 6.669 6.905 7.05 7.23 7.228 7.111 7.191 7.328 7.383 7.434 7.513 7.456 7.429
-9999 -9999 -9999 -9999 -9999 -9999 -9999 -9999 -9999 -9999 -9999 -9999 -9999 -9999 -9999 -9999 -9999 -9999 -9999 6.753 6.417 5.98 6.141 5.87 4.775 4.706 4.403 4.984 5.745 5.766 5.916 5.546 5.47 5.962 6.023 6.038 6.453 6.444 6.905 6.919 6.843 6.812 6.68 7.002 7.276 7.321 7.262 7.151 7.006 6.992 6.835 6.821 6.786 6.86 6.998 7.006 7.008 7.097 7.033 6.867 6.701 6.602 6.8 6.953 6.942 6.942 7.195 7.162 7.209 7.121 7.106 7.267 7.414 7.435 7.471 7.45 7.477
-9999 -9999 -9999 -9999 -9999 -9999 -9999 -9999 -9999 -9999 -9999 -9999 -9999 -9999 -9999 -9999 -9999 -9999 6.544 6.449 5.946 6.36 6.367 5.111 4.444 4.387 4.785 5.377 5.967 5.812 5.926 5.582 5.055 5.893 5.846 6.503 6.658 6.917 6.976 6.824 6.644 6.728 6.659 7.103 7.23 7.52 7.496 7.323 7.222 7.165 7.115 6.913 6.874 7.014 7.106 7.038 6.978 6.984 6.95 6.797 6.712 6.683 6.846 7.097 7.19 7.252 7.109 7.046 7.053 7.087 7.126 7.263 7.297 7.267 7.24 7.271 7.404
-9999 -9999 -9999 -9999 -9999 -9999 -9999 -9999 -9999 -9999 -9999 -9999 -9999 -9999 -9999 -9999 6.254 6.339 6.274 6.909 6.844 6.633 5.859 4.784 4.399 4.353 4.319 5.303 5.758 6.293 5.937 5.305 5.309 5.949 6.513 6.683 6.993 7.006 7.021 6.619 6.489 6.503 6.905 7.359 7.522 7.57 7.473 7.271 7.242 7.314 7.228 7.015 7.035 7.097 7.219 6.962 6.84 6.706 6.563 6.576 6.621 6.816 6.92 7.064 7.025 7.135 7.112 7.11 7.086 7.101 7.18 7.334 7.409 7.187 7.115 7.171 7.379
-9999 -9999 -9999 -9999 -9999 -9999 -9999 -9999 -9999 -9999 -9999 -9999 -9999 -9999 -9999 6.228 6.119 5.895 6.336 6.72 6.613 6.269 5.157 5.166 4.646 4.547 5.077 5.917 6.528 6.444 6.247 5.607 5.006 5.71 6.377 6.921 6.899 6.918 6.631 6.792 6.53 6.582 7.098 7.449 7.701 7.677 7.376 7.356 7.191 7.249 7.293 7.175 7.116 7.106 6.987 7.012 6.776 6.739 6.631 6.416 6.423 6.539 6.734 6.858 6.895 6.995 7.148 7.061 7.266 7.314 7.323 7.401 7.348 7.206 7.087 7.213 7.403
-9999 -9999 -9999 -9999 -9999 -9999 -9999 -9999 -9999 -9999 -9999 -9999 7.538 7.106 6.723 6.499 6.065 6.138 6.364 6.75 6.682 5.519 5.547 5.56 5.771 4.866 5.816 6.076 5.637 6.237 6.434 4.891 5.608 6.318 7.249 7.204 6.956 6.409 7.14 6.966 6.881 6.904 6.999 7.421 7.65 7.75 7.559 7.471 7.31 7.194 7.307 7.267 7.257 7.076 6.929 6.583 6.745 6.827 6.799 6.599 6.554 6.653 6.809 6.968 6.938 7.013 7.06 7.196 7.283 7.399 7.333 7.395 7.423 7.308 7.327 7.372 7.457
-9999 -9999 -9999 -9999 -9999 -9999 -9999 -9999 -9999 -9999 6.916 7.137 7.3 7.208 7.064 6.649 6.738 6.553 6.824 6.538 5.493 5.989 6.084 6.183 6.262 5.685 5.592 4.752 5.338 5.802 5.683 6.029 6.517 7.132 6.425 6.685 6.988 7.197 7.282 7.231 7.115 7.126 7.297 7.27 7.576 7.84 7.696 7.546 7.456 7.412 7.404 7.14 7.254 7.261 6.942 6.71 6.552 6.831 6.809 6.631 6.547 6.595 6.728 7.018 7.167 7.199 7.147 7.109 7.309 7.276 7.207 7.328 7.453 7.419 7.397 7.385 7.365
-9999 -9999 -9999 -9999 -9999 -9999 6.958 6.995 6.975 6.956 6.417 7.196 7.059 7.166 6.948 6.669 6.708 6.719 6.614 5.761 6.101 6.481 6.063 6.647 6.332 5.863 4.917 5.119 5.549 5.877 5.802 6.497 6.993 5.746 5.841 6.679 6.788 7.273 7.266 7.305 7.174 6.97 7.242 7.12 7.745 7.819 7.713 7.452 7.322 7.414 6.839 7.032 7.179 7.259 6.975 6.62 6.63 6.776 6.803 6.792 6.707 6.716 6.801 7.031 7.153 7.238 7.252 7.104 7.124 7.22 7.221 7.42 7.58 7.443 7.109 7.071 6.991
-9999 -9999 -9999 -9999 -9999 7.325 6.994 7.014 6.895 6.0 5.725 5.947 6.316 6.755 6.242 6.119 6.314 6.324 5.933 6.377 6.471 6.14 6.707 6.949 6.514 5.795 5.221 5.532 5.857 6.014 6.421 6.739 5.529 4.268 5.628 6.46 7.1 7.058 7.177 6.971 7.074 7.273 7.337 7.596 7.711 7.704 7.719 7.461 7.232 6.862 6.52 6.335 6.938 7.111 6.635 6.491 6.595 6.761 6.863 6.812 6.81 6.819 6.968 6.966 7.025 7.147 7.022 6.917 7.083 7.187 7.252 7.431 7.525 7.296 7.006 6.826 6.859
-9999 -9999 -9999 -9999 7.567 7.109 6.953 7.003 6.582 6.026 6.16 6.471 6.796 6.34 6.287 6.251 6.755 6.253 6.13 6.538 6.602 6.799 7.337 6.861 5.989 5.501 5.778 6.054 6.099 6.926 7.319 6.738 4.841 4.821 5.623 6.999 6.841 6.955 6.832 7.24 7.362 7.27 7.445 7.57 7.676 7.7 7.814 7.585 7.255 6.742 6.287 6.424 6.774 6.874 6.571 6.254 6.504 6.725 6.799 6.89 6.881 6.933 6.97 7.0 6.869 6.949 7.079 6.965 7.055 7.057 6.935 7.191 7.376 7.192 6.957 6.937 6.951
