Validation/Results/raw data/ReClimate_02_2024_1_Precipitation-Actuals.asc
NCOLS 192
NROWS 249
XLLCENTER -225160.85627316462
YLLCENTER 29788.11610251502
CELLSIZE 5000.0
NODATA_VALUE -9999
[rows 198 to 230 of 249, columns 75 to 149 of 192]
-9999 -9999 -9999 -9999 -9999 -9999 -9999 -9999 -9999 -9999 -9999 -9999 -9999 -9999 -9999 -9999 -9999 84.708 85.294 86.095 82.798 80.699 87.636 88.934 107.221 120.898 140.423 137.659 121.62 101.87 81.729 77.703 72.707 73.861 79.902 74.625 62.996 53.884 51.712 51.389 52.829 49.86 52.139 51.853 49.768 47.408 44.701 42.59 42.636 40.955 42.089 43.649 41.872 39.778 39.527 39.693 40.95 39.853 42.278 43.676 43.633 45.811 46.347 43.823 41.876 40.57 40.964 39.988 38.574 38.208 35.072 33.832 33.51 33.89 33.639
-9999 -9999 -9999 -9999 -9999 -9999 -9999 -9999 -9999 -9999 -9999 -9999 -9999 -9999 53.625 72.177 79.94 80.89 89.292 90.253 89.453 83.82 80.711 99.979 113.968 137.104 142.701 138.973 110.142 97.836 93.21 80.152 71.367 82.835 72.661 63.451 52.177 49.331 50.856 56.876 48.119 49.069 47.69 50.923 53.873 51.589 48.607 43.602 41.04 37.802 38.641 41.333 39.831 37.993 39.157 41.759 42.725 45.351 43.362 43.079 43.92 43.729 45.18 44.14 41.607 39.428 40.263 40.495 39.479 37.476 35.109 33.296 34.305 34.079 32.126
-9999 -9999 -9999 -9999 -9999 -9999 -9999 -9999 -9999 -9999 -9999 -9999 72.621 66.456 73.401 78.882 82.749 88.695 89.518 97.173 92.106 89.435 101.084 97.764 116.912 127.63 119.04 113.8 113.129 111.528 95.688 84.315 80.943 71.045 63.359 54.771 62.346 56.756 51.928 47.903 44.977 44.952 46.726 50.323 51.212 50.051 45.398 43.019 40.274 36.954 38.89 40.805 39.9 42.987 42.504 41.741 42.178 42.75 45.586 44.439 44.1 45.924 46.493 46.74 44.609 41.233 41.389 40.543 39.075 36.741 34.108 34.131 33.832 33.337 32.494
-9999 -9999 -9999 -9999 -9999 -9999 -9999 -9999 78.568 84.962 80.585 76.208 86.749 84.399 89.635 91.498 93.619 96.207 99.05 107.177 109.058 109.661 104.874 106.791 114.497 107.073 104.815 107.059 114.604 104.822 93.56 80.5 80.057 69.28 57.283 71.008 72.07 61.907 57.166 47.068 48.777 46.036 48.54 52.518 46.622 48.96 43.581 40.579 39.32 40.152 41.884 41.352 46.542 46.378 46.808 43.913 42.438 42.479 43.828 44.958 45.675 44.952 45.424 45.154 44.047 40.995 42.043 41.703 39.423 38.78 37.315 33.873 33.024 31.965 30.946
-9999 -9999 -9999 -9999 -9999 -9999 -9999 69.159 81.49 84.157 88.518 107.623 112.294 115.69 111.852 105.046 107.368 106.888 109.76 115.18 116.297 112.714 113.434 111.494 101.834 97.986 98.06 107.427 107.066 99.397 89.02 83.803 77.032 75.566 87.885 105.737 82.891 69.722 54.437 55.078 51.764 53.004 50.555 45.664 46.318 44.152 41.987 41.03 40.416 45.255 47.582 46.792 50.065 53.555 47.343 45.158 48.228 47.073 47.018 47.5 46.126 46.039 44.947 44.564 42.103 41.021 40.895 41.238 41.124 41.072 37.506 37.222 34.212 33.414 32.82
-9999 -9999 -9999 -9999 -9999 -9999 63.008 72.911 82.35 86.9 97.272 107.874 110.74 108.008 105.886 108.373 107.231 108.414 106.583 112.645 116.341 113.118 105.963 96.242 89.103 99.349 113.149 113.094 111.61 100.939 89.065 80.494 83.107 77.937 105.712 101.244 96.09 71.709 66.896 62.638 58.442 52.615 48.927 47.525 47.037 46.97 42.141 40.937 39.615 43.859 45.604 50.482 55.754 54.538 49.656 46.461 47.362 50.298 49.349 48.401 47.335 45.331 43.693 40.837 40.658 40.77 42.29 41.962 39.114 40.123 37.852 37.641 39.695 36.593 35.74
-9999 -9999 -9999 -9999 58.731 -9999 63.439 69.152 75.255 81.954 87.071 94.072 93.388 92.518 97.171 97.649 102.537 98.569 98.178 98.824 100.066 95.127 94.147 93.688 106.695 126.45 151.926 165.77 139.946 122.387 108.793 117.82 103.523 92.495 94.179 113.645 91.621 81.948 73.785 66.627 56.479 47.881 51.445 52.954 52.217 47.072 42.798 40.469 41.991 46.396 53.2 57.798 61.193 56.484 50.507 47.262 49.083 49.694 49.07 46.903 45.132 43.06 40.193 39.746 39.672 40.872 41.146 41.59 40.266 39.227 40.348 39.848 41.245 39.173 37.131
-9999 -9999 -9999 -9999 -9999 -9999 -9999 -9999 77.121 77.159 82.765 87.749 86.88 88.607 94.273 95.14 88.805 90.797 88.912 90.496 94.506 95.862 102.738 105.075 120.486 140.855 167.166 169.573 162.912 141.273 152.142 151.276 114.135 105.605 102.337 78.333 82.43 78.273 63.083 57.395 51.888 58.328 59.351 61.649 56.268 49.042 42.804 42.35 45.707 52.061 63.121 64.206 62.147 57.105 50.473 50.485 52.645 49.733 46.67 44.916 43.207 41.057 39.395 39.24 39.426 39.739 39.306 39.984 41.336 42.508 43.958 43.632 41.535 40.928 38.534
-9999 -9999 -9999 -9999 -9999 -9999 -9999 -9999 76.337 78.782 80.11 85.033 89.392 95.141 98.678 91.075 87.712 86.501 84.37 91.74 97.249 99.487 103.482 107.476 114.371 127.026 142.4 146.122 140.879 142.447 150.297 130.807 123.803 110.99 93.562 96.547 98.203 76.803 66.116 61.72 65.029 64.64 67.352 62.5 60.101 48.702 45.763 48.777 58.759 64.243 63.215 61.672 60.514 56.709 52.859 49.144 49.011 47.975 44.738 42.625 41.665 40.291 39.832 39.982 40.478 39.764 38.6 39.673 42.256 45.862 44.998 44.597 44.067 40.326 39.087
-9999 -9999 -9999 -9999 -9999 -9999 64.872 70.118 73.555 71.647 -9999 82.004 85.126 87.224 84.243 81.083 78.821 -9999 81.195 87.116 90.947 103.17 104.585 117.058 119.131 134.223 142.773 128.804 119.22 134.011 123.032 115.047 114.563 112.428 104.517 106.37 100.399 75.58 71.616 61.322 63.122 69.537 68.731 70.532 55.421 47.471 47.736 53.161 57.429 61.588 60.344 63.708 58.072 53.205 51.351 48.485 45.005 43.152 42.196 44.232 42.25 41.65 38.713 38.166 38.463 40.02 40.545 41.759 45.817 47.819 48.535 45.515 44.525 42.543 39.386
-9999 -9999 -9999 -9999 -9999 -9999 65.362 -9999 -9999 -9999 75.027 77.86 79.966 -9999 -9999 -9999 -9999 -9999 77.362 81.002 90.194 89.922 99.045 104.774 110.859 120.934 120.69 120.939 158.242 159.738 134.582 118.998 113.321 114.536 109.264 104.83 84.519 80.032 67.996 63.61 69.378 67.396 70.038 56.033 47.521 49.017 51.023 57.16 56.217 61.176 58.457 57.938 56.436 48.441 45.757 44.89 43.519 42.218 40.894 41.661 42.825 40.867 41.061 38.23 39.332 41.216 41.645 45.454 48.952 50.476 49.14 47.113 44.374 41.629 41.542
-9999 -9999 -9999 -9999 -9999 -9999 -9999 -9999 69.706 72.065 72.807 73.866 75.388 -9999 -9999 -9999 -9999 -9999 -9999 -9999 -9999 84.123 93.587 94.407 93.965 101.881 114.233 151.504 179.265 179.687 158.845 130.857 119.215 113.05 100.807 103.662 98.229 78.523 70.5 76.475 72.486 70.147 56.679 50.938 51.314 51.277 57.065 56.76 59.096 59.33 55.965 51.972 50.039 44.795 42.792 41.555 43.09 41.28 39.195 38.722 39.322 39.472 40.371 41.302 42.053 45.478 45.725 47.685 51.766 50.157 47.357 45.015 42.918 41.433 41.133
-9999 -9999 -9999 -9999 -9999 -9999 -9999 -9999 -9999 71.116 -9999 -9999 -9999 -9999 -9999 -9999 -9999 -9999 -9999 76.409 79.831 86.496 87.318 83.539 85.687 92.854 113.855 136.827 164.434 169.923 150.573 127.196 116.823 110.11 102.211 102.018 85.321 69.9 67.851 71.788 69.728 60.912 -9999 52.039 52.528 53.892 60.908 59.376 58.368 56.396 52.438 49.894 46.619 45.182 42.84 42.082 40.576 40.288 37.684 37.549 38.452 38.005 38.614 42.238 47.323 49.15 52.672 46.361 47.623 48.181 46.143 43.204 42.454 42.149 42.792
-9999 -9999 -9999 -9999 -9999 -9999 -9999 -9999 -9999 -9999 -9999 -9999 -9999 -9999 -9999 -9999 -9999 -9999 -9999 75.411 78.002 76.71 73.503 -9999 -9999 -9999 91.082 120.556 132.548 136.259 124.032 115.075 115.92 106.43 94.934 86.974 76.107 65.511 63.551 63.827 62.135 -9999 50.103 50.297 52.289 58.027 60.392 56.916 55.949 52.767 51.166 49.666 47.741 45.539 44.355 41.629 41.218 44.508 44.993 42.094 39.782 39.203 40.984 42.555 45.721 49.707 51.78 48.342 43.704 44.62 42.869 41.149 40.625 41.2 40.917
-9999 -9999 -9999 -9999 -9999 -9999 -9999 -9999 -9999 -9999 -9999 -9999 -9999 -9999 -9999 -9999 -9999 -9999 -9999 -9999 -9999 -9999 -9999 -9999 -9999 -9999 71.602 90.911 104.586 101.155 98.747 101.205 99.475 93.192 84.949 75.233 69.19 63.955 62.064 -9999 -9999 50.367 49.027 51.036 51.67 59.588 60.359 57.2 54.762 51.642 47.738 48.508 48.775 48.636 50.665 50.08 47.015 47.372 52.067 49.081 45.279 44.721 43.788 46.437 47.182 47.203 45.945 45.49 40.74 41.561 41.819 40.198 39.232 39.465 39.403
-9999 -9999 -9999 -9999 -9999 -9999 -9999 -9999 -9999 -9999 -9999 -9999 -9999 -9999 -9999 -9999 -9999 -9999 -9999 -9999 -9999 -9999 -9999 -9999 -9999 -9999 64.89 74.165 77.162 79.791 87.722 85.259 84.088 83.485 75.299 68.02 -9999 -9999 -9999 -9999 -9999 49.272 51.795 51.927 55.043 59.102 60.797 57.739 54.594 50.162 46.091 46.877 52.116 52.688 56.234 57.101 55.325 52.403 52.338 51.725 47.102 46.128 44.777 44.688 46.839 43.779 42.122 39.896 39.734 39.1 39.032 39.074 37.559 37.466 36.587
-9999 -9999 -9999 -9999 -9999 -9999 -9999 -9999 -9999 -9999 -9999 -9999 -9999 -9999 -9999 -9999 -9999 -9999 -9999 -9999 -9999 -9999 -9999 -9999 -9999 -9999 -9999 -9999 69.505 78.949 78.501 73.044 75.962 74.813 68.101 -9999 -9999 -9999 -9999 56.277 56.34 55.913 54.984 52.09 50.504 61.376 60.491 57.524 53.871 50.042 49.406 51.132 54.563 56.932 57.542 59.434 57.919 53.42 49.238 48.374 47.252 44.421 44.538 42.598 43.074 41.875 39.823 40.042 40.215 41.418 39.994 38.186 37.52 36.694 36.399
-9999 -9999 -9999 -9999 -9999 -9999 -9999 -9999 -9999 -9999 -9999 -9999 -9999 -9999 -9999 -9999 -9999 -9999 -9999 -9999 -9999 -9999 -9999 -9999 -9999 -9999 -9999 -9999 -9999 67.148 60.245 58.599 64.276 63.57 -9999 -9999 -9999 -9999 56.102 55.727 57.895 61.977 60.798 53.562 55.296 55.947 55.321 57.493 53.638 51.003 53.557 54.93 55.858 58.672 58.704 57.466 55.888 54.437 49.737 49.922 47.058 45.695 43.774 42.959 40.2 40.709 40.621 42.598 44.032 43.37 41.468 38.585 38.048 37.152 36.2
-9999 -9999 -9999 -9999 -9999 -9999 -9999 -9999 -9999 -9999 -9999 -9999 -9999 -9999 -9999 -9999 -9999 -9999 -9999 -9999 -9999 -9999 -9999 -9999 -9999 -9999 -9999 -9999 -9999 -9999 -9999 -9999 -9999 -9999 -9999 -9999 -9999 57.042 53.767 52.496 59.322 63.786 60.613 56.697 55.251 55.284 57.276 55.675 49.622 49.152 49.995 52.822 54.644 54.228 57.368 58.27 56.31 58.335 56.32 52.45 51.425 48.64 47.285 44.086 42.486 41.454 42.042 43.289 45.174 43.441 40.786 39.153 38.511 40.467 39.625
-9999 -9999 -9999 -9999 -9999 -9999 -9999 -9999 -9999 -9999 -9999 -9999 -9999 -9999 -9999 -9999 -9999 -9999 -9999 -9999 -9999 -9999 -9999 -9999 -9999 -9999 -9999 -9999 -9999 -9999 -9999 -9999 -9999 -9999 -9999 -9999 53.385 54.365 56.997 61.203 75.502 74.704 70.33 62.156 58.95 58.209 57.548 50.553 46.612 45.685 47.416 51.076 53.39 57.431 58.434 62.001 61.354 59.267 62.682 57.506 54.025 51.661 50.387 47.008 42.939 42.311 43.403 43.66 44.25 43.417 40.934 40.047 40.504 42.102 44.775
-9999 -9999 -9999 -9999 -9999 -9999 -9999 -9999 -9999 -9999 -9999 -9999 -9999 -9999 -9999 -9999 -9999 -9999 -9999 -9999 -9999 -9999 -9999 -9999 -9999 -9999 -9999 -9999 -9999 -9999 -9999 -9999 -9999 -9999 -9999 -9999 52.099 51.88 54.242 64.514 71.185 78.132 79.248 72.528 68.432 66.996 57.899 52.204 51.039 53.677 54.667 56.023 56.267 55.948 57.264 58.034 61.657 60.612 58.992 56.613 52.898 52.902 50.443 48.415 45.636 44.41 45.338 45.286 47.291 45.419 42.53 41.866 47.009 47.997 47.514
-9999 -9999 -9999 -9999 -9999 -9999 -9999 -9999 -9999 -9999 -9999 -9999 -9999 -9999 -9999 -9999 -9999 -9999 -9999 -9999 -9999 -9999 -9999 86.325 101.32 112.602 104.962 -9999 92.277 -9999 -9999 -9999 -9999 -9999 -9999 -9999 -9999 49.279 51.428 56.044 62.655 70.972 74.178 73.222 75.183 65.067 59.475 56.043 58.536 58.826 51.692 54.059 54.449 52.666 53.214 54.562 56.465 56.204 56.501 54.547 53.954 54.685 56.534 54.638 50.59 49.204 50.175 48.524 47.447 48.742 45.99 46.89 47.636 50.822 48.406
-9999 -9999 -9999 -9999 -9999 -9999 -9999 -9999 -9999 -9999 -9999 -9999 -9999 -9999 -9999 -9999 -9999 -9999 -9999 -9999 75.873 79.108 75.743 86.659 112.884 117.553 112.389 111.316 96.237 76.455 63.008 -9999 -9999 57.114 54.33 50.243 46.156 48.562 48.712 51.541 55.849 61.22 63.338 71.687 69.471 65.461 61.659 65.574 63.449 57.847 57.955 53.546 53.403 51.471 51.183 54.886 56.105 55.931 52.461 53.48 54.284 56.654 56.273 59.207 57.013 52.159 50.641 49.426 48.512 49.904 49.268 55.189 54.752 51.233 50.903
-9999 -9999 -9999 -9999 -9999 -9999 -9999 -9999 -9999 -9999 -9999 -9999 -9999 -9999 -9999 -9999 -9999 -9999 -9999 77.347 75.814 73.487 74.794 93.764 116.077 129.294 125.429 113.876 102.587 90.354 75.699 64.204 65.677 62.398 62.364 52.777 49.248 45.127 47.172 48.615 50.776 53.399 60.425 63.461 63.869 63.731 72.333 66.575 66.701 63.521 58.986 56.975 54.207 52.529 51.525 53.953 56.925 54.685 53.596 52.19 53.224 54.937 59.126 60.333 59.65 56.289 53.277 54.687 52.445 58.132 55.035 51.767 56.259 51.992 49.69
-9999 -9999 -9999 -9999 -9999 -9999 -9999 -9999 -9999 -9999 -9999 -9999 -9999 -9999 -9999 -9999 -9999 -9999 -9999 77.335 67.301 66.206 69.497 82.132 106.518 115.564 114.508 109.309 99.723 88.798 83.806 82.691 73.041 65.915 59.193 55.899 48.821 45.698 46.35 44.876 47.55 48.915 52.513 54.281 57.953 66.137 64.092 65.672 68.219 64.411 59.266 59.298 57.475 54.446 53.961 55.474 55.853 54.464 53.441 54.239 53.321 53.711 56.214 61.154 62.509 59.008 57.46 57.346 56.436 53.045 54.79 48.709 49.756 49.502 48.082
-9999 -9999 -9999 -9999 -9999 -9999 -9999 -9999 -9999 -9999 -9999 -9999 -9999 -9999 -9999 -9999 -9999 -9999 -9999 71.128 63.466 65.464 64.763 74.744 82.929 90.061 92.982 93.086 89.51 86.494 88.875 85.557 74.81 62.442 55.973 52.298 50.135 45.659 43.372 47.459 48.377 46.566 45.629 49.94 58.511 60.352 61.376 60.862 62.434 62.195 67.187 63.615 60.495 56.765 54.142 55.656 56.495 56.896 55.166 54.454 57.653 57.438 58.698 61.477 66.055 62.321 58.025 57.978 55.536 52.097 50.805 48.198 47.979 49.599 48.273
-9999 -9999 -9999 -9999 -9999 -9999 -9999 -9999 -9999 -9999 -9999 -9999 -9999 -9999 -9999 71.921 80.392 -9999 74.538 65.754 68.951 69.703 65.925 65.083 70.41 75.118 83.446 86.749 87.14 85.457 82.497 76.426 64.155 58.341 55.093 54.414 51.949 48.359 46.277 48.114 47.995 46.956 48.815 59.076 56.076 57.645 58.592 61.096 61.588 64.61 74.681 70.761 62.699 57.904 56.626 56.715 57.632 54.451 55.005 54.532 56.041 59.775 58.766 61.28 62.084 63.169 57.837 56.322 57.397 55.139 51.862 49.034 47.131 48.449 48.233
-9999 -9999 -9999 -9999 -9999 -9999 -9999 -9999 -9999 -9999 -9999 -9999 -9999 -9999 -9999 76.106 80.438 81.023 75.902 73.772 74.304 68.796 67.167 71.474 69.275 74.342 80.305 85.363 85.758 82.082 75.907 71.424 67.366 69.717 70.232 64.143 62.562 64.751 49.952 52.331 52.762 52.755 55.128 51.798 53.708 56.628 56.827 58.703 62.449 66.418 67.087 66.746 61.493 58.777 59.586 59.795 56.545 53.532 52.801 54.339 53.911 55.512 56.313 59.218 63.272 62.009 64.988 61.494 59.893 59.246 55.94 52.127 49.443 49.811 49.506
-9999 -9999 -9999 -9999 -9999 -9999 -9999 -9999 -9999 -9999 -9999 -9999 -9999 -9999 70.068 77.722 84.286 84.816 83.22 77.743 74.954 72.702 72.796 70.383 67.573 71.304 74.936 74.665 78.565 74.052 70.223 66.897 68.666 78.27 77.501 77.93 73.978 61.087 56.971 57.69 56.166 56.995 54.887 55.097 55.126 54.215 57.01 62.025 66.352 63.084 61.189 59.89 60.741 59.669 58.73 61.26 59.49 54.5 51.832 53.621 51.142 52.588 53.915 55.489 58.817 60.281 62.395 65.349 61.014 64.939 59.172 59.829 58.508 52.834 51.506
-9999 -9999 -9999 -9999 -9999 -9999 -9999 -9999 -9999 -9999 -9999 -9999 -9999 -9999 -9999 70.396 79.497 79.694 77.323 74.758 74.64 68.936 65.512 65.993 66.854 69.182 69.208 70.041 68.762 68.261 67.817 63.967 69.701 76.524 81.737 79.039 78.086 72.118 66.566 63.093 63.376 64.667 66.186 59.724 58.95 61.394 62.561 65.521 62.639 61.97 59.095 58.702 59.651 59.716 58.372 59.529 59.239 56.091 52.562 -9999 52.806 50.599 54.051 53.143 51.602 51.955 53.013 54.556 53.777 54.21 55.103 52.707 56.156 55.987 52.926
-9999 -9999 -9999 -9999 -9999 -9999 -9999 -9999 -9999 -9999 -9999 -9999 -9999 -9999 65.673 65.361 69.598 71.794 74.4 76.791 74.468 68.524 65.396 64.003 66.769 68.562 63.929 61.294 63.988 63.131 60.264 62.061 68.435 73.667 78.095 80.563 75.285 71.042 76.389 73.856 70.609 76.878 71.015 71.724 73.724 69.199 66.642 64.94 61.862 58.68 59.357 58.417 59.687 59.147 57.648 58.306 58.87 58.396 54.401 50.455 -9999 48.366 -9999 48.347 -9999 46.242 -9999 47.951 47.729 48.001 47.344 46.093 47.729 47.794 -9999
-9999 -9999 -9999 -9999 -9999 -9999 -9999 -9999 -9999 -9999 -9999 -9999 -9999 -9999 63.791 64.654 68.301 70.983 75.504 78.594 79.54 77.245 76.654 72.91 73.535 66.622 60.464 59.12 59.978 56.55 57.844 60.747 68.554 75.444 81.154 76.899 69.608 76.615 75.382 67.297 69.604 70.047 75.528 79.025 74.861 69.753 67.16 63.198 60.58 60.595 59.466 58.113 56.481 56.312 55.8 54.841 54.148 53.231 51.783 49.249 -9999 -9999 45.701 44.937 -9999 -9999 45.088 45.114 44.748 -9999 -9999 -9999 -9999 -9999 -9999
-9999 -9999 -9999 -9999 -9999 -9999 -9999 -9999 -9999 -9999 -9999 -9999 -9999 72.958 69.757 74.06 71.434 70.466 73.249 77.696 85.677 93.662 98.172 98.901 83.098 67.698 64.383 64.279 61.889 58.833 54.496 61.773 68.673 79.232 77.279 73.09 70.107 70.798 60.04 59.473 62.82 70.086 75.66 74.48 69.67 66.571 64.486 62.716 60.225 56.646 56.161 56.858 55.349 52.208 49.651 50.177 50.238 -9999 -9999 -9999 49.67 -9999 -9999 -9999 -9999 -9999 -9999 45.791 -9999 -9999 -9999 -9999 -9999 -9999 -9999
