Validation/Results/raw data/ReClimate_09_2024_1_Precipitation-Actuals.asc
NCOLS 192
NROWS 249
XLLCENTER -225160.85627316462
YLLCENTER 29788.11610251502
CELLSIZE 5000.0
NODATA_VALUE -9999
[rows 132 to 164 of 249, columns 74 to 147 of 192]
-9999 -9999 -9999 -9999 -9999 -9999 -9999 -9999 -9999 -9999 -9999 -9999 -9999 178.923 188.795 203.248 213.577 225.791 229.489 260.173 283.605 306.744 293.408 222.133 195.843 197.34 205.893 188.645 176.372 174.328 165.694 159.431 156.503 155.192 153.55 168.87 176.509 172.763 163.173 170.557 167.157 160.247 171.618 165.386 155.548 140.617 127.254 116.218 99.823 93.312 92.68 86.697 80.111 75.993 78.694 71.064 65.734 64.408 -9999 -9999 -9999 -9999 -9999 -9999 -9999 -9999 -9999 -9999 -9999 -9999 -9999 -9999 -9999 -9999
133.28 -9999 -9999 -9999 -9999 -9999 -9999 -9999 -9999 -9999 -9999 -9999 -9999 185.052 222.694 207.657 206.549 207.976 213.888 252.994 316.973 331.409 270.472 235.907 203.587 203.363 195.518 190.266 198.727 166.363 155.57 156.342 151.803 149.328 151.229 162.571 158.601 152.791 147.248 148.486 141.206 147.417 150.844 151.494 151.716 136.2 125.243 103.364 95.04 91.184 83.804 82.441 81.038 74.44 69.757 70.182 59.985 61.478 -9999 -9999 -9999 -9999 -9999 -9999 -9999 -9999 -9999 -9999 -9999 -9999 -9999 -9999 -9999 -9999
150.992 -9999 -9999 -9999 -9999 -9999 -9999 -9999 -9999 -9999 -9999 -9999 181.037 214.506 210.673 206.712 207.478 204.906 204.134 253.185 282.398 268.427 281.922 242.858 214.896 191.106 184.342 194.695 178.082 167.43 152.522 134.53 147.48 139.861 140.686 143.332 141.548 135.147 130.449 126.33 132.071 130.649 142.677 161.49 145.744 141.022 118.164 106.012 93.914 85.198 75.695 73.239 75.486 75.978 70.903 67.278 67.534 63.667 61.524 -9999 -9999 -9999 -9999 -9999 -9999 -9999 -9999 -9999 -9999 -9999 -9999 -9999 -9999 -9999
139.59 -9999 -9999 -9999 -9999 -9999 -9999 -9999 -9999 -9999 -9999 165.4 -9999 187.823 203.063 200.469 198.428 184.149 181.244 199.029 209.967 259.072 281.762 238.807 202.256 177.024 169.891 168.49 171.113 168.577 161.471 154.85 149.721 131.179 127.145 129.286 125.893 117.541 110.919 113.424 114.833 119.649 128.018 122.435 128.298 119.501 104.008 92.061 85.039 71.413 78.01 80.601 73.449 71.878 69.435 68.145 68.281 67.082 64.094 -9999 -9999 -9999 -9999 -9999 -9999 -9999 -9999 -9999 -9999 -9999 -9999 -9999 -9999 -9999
148.79 133.181 -9999 -9999 -9999 -9999 -9999 -9999 -9999 -9999 -9999 157.233 -9999 169.958 178.4 177.309 178.619 170.156 167.894 166.282 185.311 234.986 245.095 224.654 193.256 170.527 161.32 161.636 168.978 184.476 196.72 -9999 -9999 -9999 -9999 -9999 -9999 108.771 104.284 105.791 108.712 106.658 100.61 111.235 118.042 103.703 92.261 94.752 80.79 80.408 80.727 69.766 72.044 68.376 70.229 63.24 64.749 65.263 64.162 60.324 -9999 -9999 -9999 -9999 -9999 -9999 -9999 -9999 -9999 -9999 -9999 -9999 -9999 -9999
156.941 138.201 116.48 -9999 -9999 -9999 -9999 -9999 -9999 -9999 -9999 151.646 151.945 150.652 152.415 163.399 165.886 168.622 162.282 158.977 173.803 208.666 229.764 207.193 190.884 171.636 165.052 171.851 163.204 178.122 178.548 -9999 -9999 -9999 -9999 117.172 112.142 105.485 102.958 100.934 103.772 102.474 111.698 126.486 128.872 110.765 104.385 92.575 86.639 87.346 75.31 71.399 73.97 69.726 66.597 76.013 72.251 66.735 66.513 58.849 -9999 -9999 -9999 -9999 -9999 -9999 -9999 -9999 -9999 -9999 -9999 -9999 -9999 -9999
149.047 130.909 123.69 116.151 -9999 -9999 -9999 -9999 -9999 -9999 -9999 146.091 139.54 139.162 -9999 -9999 162.861 163.41 156.701 154.729 -9999 178.705 186.195 182.17 180.386 163.841 170.046 165.827 157.751 -9999 -9999 -9999 -9999 -9999 117.898 115.177 109.531 101.385 102.288 100.383 100.765 107.64 123.202 148.962 157.288 134.702 125.896 103.571 100.907 88.108 81.208 83.561 73.745 76.208 71.856 71.976 72.847 69.645 66.488 61.991 -9999 -9999 -9999 -9999 -9999 -9999 -9999 -9999 -9999 -9999 -9999 -9999 -9999 -9999
127.685 131.938 131.716 119.129 -9999 -9999 -9999 -9999 -9999 -9999 -9999 -9999 136.202 129.444 -9999 -9999 -9999 146.796 144.43 144.709 157.459 -9999 -9999 157.516 154.306 157.62 171.255 167.827 -9999 -9999 -9999 -9999 -9999 135.775 122.301 119.111 113.52 109.224 107.741 104.768 104.986 107.714 117.371 150.135 152.166 156.942 134.017 135.642 127.128 113.667 99.576 98.139 90.952 78.362 76.502 76.608 70.805 69.286 69.986 68.224 -9999 -9999 -9999 -9999 -9999 -9999 -9999 -9999 -9999 -9999 -9999 -9999 -9999 -9999
118.966 124.262 118.944 -9999 -9999 -9999 -9999 -9999 -9999 -9999 -9999 -9999 -9999 126.398 -9999 -9999 -9999 -9999 134.411 143.339 160.387 -9999 -9999 -9999 151.162 154.977 -9999 -9999 -9999 -9999 -9999 -9999 -9999 133.105 127.851 131.843 129.02 130.426 122.902 114.278 104.18 103.513 125.187 130.52 145.72 150.706 152.973 159.266 149.107 132.738 111.704 108.209 103.321 87.618 76.758 71.338 68.47 67.075 72.573 69.247 -9999 -9999 -9999 -9999 -9999 -9999 -9999 -9999 -9999 -9999 -9999 -9999 -9999 -9999
121.282 111.939 -9999 -9999 -9999 -9999 -9999 -9999 -9999 -9999 -9999 -9999 -9999 133.343 -9999 -9999 -9999 -9999 -9999 143.213 151.088 -9999 -9999 -9999 -9999 -9999 -9999 -9999 -9999 -9999 -9999 -9999 -9999 138.755 147.664 151.111 160.887 160.95 150.419 136.025 125.278 114.073 116.955 135.766 162.434 182.502 184.698 172.857 156.429 124.196 111.427 100.194 91.258 88.207 84.729 75.707 66.924 70.869 76.507 76.294 65.324 -9999 -9999 -9999 -9999 -9999 -9999 -9999 -9999 -9999 -9999 -9999 -9999 -9999
114.951 -9999 107.449 108.528 105.988 98.811 -9999 -9999 -9999 -9999 -9999 -9999 -9999 131.679 -9999 -9999 -9999 -9999 -9999 -9999 -9999 -9999 -9999 -9999 -9999 -9999 -9999 -9999 -9999 -9999 -9999 -9999 150.111 157.856 156.777 159.872 165.142 193.455 190.643 172.005 134.175 118.781 121.036 111.253 140.488 175.663 183.009 180.405 153.018 159.144 147.609 115.099 99.533 80.715 78.705 77.415 74.711 73.218 74.965 76.73 71.583 63.026 -9999 -9999 -9999 -9999 -9999 -9999 -9999 -9999 -9999 -9999 -9999 -9999
107.387 106.666 108.318 105.56 96.893 97.345 -9999 -9999 -9999 -9999 -9999 -9999 -9999 -9999 -9999 -9999 -9999 -9999 -9999 -9999 -9999 -9999 -9999 -9999 -9999 -9999 -9999 -9999 -9999 -9999 -9999 161.666 163.153 170.932 176.106 185.267 213.417 262.693 239.659 184.662 155.287 131.161 105.873 105.423 127.725 166.251 206.722 180.735 163.85 149.913 133.651 120.857 107.783 94.36 80.306 73.823 69.303 69.001 68.714 69.912 62.382 57.173 -9999 -9999 -9999 -9999 -9999 -9999 -9999 -9999 -9999 -9999 -9999 -9999
104.852 107.616 105.89 100.255 -9999 94.502 94.319 -9999 -9999 -9999 -9999 -9999 -9999 -9999 -9999 -9999 -9999 -9999 -9999 -9999 -9999 -9999 -9999 -9999 -9999 -9999 -9999 -9999 -9999 -9999 -9999 169.402 172.326 189.514 232.016 246.166 254.85 245.008 243.46 221.993 178.732 148.37 128.606 115.732 121.387 150.776 171.702 190.232 163.529 143.97 123.209 108.78 91.225 85.031 76.521 76.155 69.208 66.979 63.512 63.681 59.911 53.833 53.474 54.177 -9999 -9999 -9999 -9999 -9999 -9999 -9999 -9999 -9999 -9999
107.857 109.208 103.764 95.09 -9999 -9999 93.356 -9999 -9999 -9999 -9999 -9999 -9999 -9999 -9999 -9999 -9999 -9999 -9999 -9999 -9999 -9999 -9999 -9999 -9999 -9999 -9999 -9999 -9999 -9999 -9999 176.776 182.343 213.087 238.876 275.595 284.998 303.47 294.323 253.512 218.443 196.92 161.885 138.276 120.561 107.167 132.273 142.3 125.844 128.898 116.72 95.964 84.535 76.552 69.989 64.137 67.584 62.548 62.285 61.929 60.902 59.699 68.95 68.605 65.279 61.628 71.024 -9999 -9999 -9999 -9999 -9999 -9999 -9999
105.655 106.615 97.317 81.636 90.231 -9999 92.358 -9999 -9999 -9999 -9999 -9999 -9999 -9999 -9999 -9999 -9999 -9999 -9999 -9999 -9999 -9999 -9999 -9999 -9999 -9999 -9999 -9999 -9999 -9999 150.978 186.423 209.544 253.038 330.117 380.319 390.57 337.844 321.081 304.777 292.342 250.955 220.856 178.448 131.19 111.965 123.294 112.207 115.559 126.98 112.795 97.597 85.303 76.148 72.217 67.752 63.928 62.444 59.404 58.24 60.773 62.146 68.852 85.912 84.142 83.122 79.492 73.368 75.304 -9999 -9999 -9999 -9999 -9999
115.962 110.666 97.676 100.117 -9999 92.772 -9999 -9999 -9999 -9999 -9999 -9999 -9999 -9999 -9999 -9999 -9999 -9999 -9999 -9999 -9999 -9999 -9999 -9999 -9999 -9999 -9999 -9999 -9999 -9999 -9999 156.439 195.963 254.786 323.767 380.297 409.183 412.259 330.571 315.488 288.985 292.276 264.082 197.012 156.854 140.444 130.474 126.603 163.107 144.369 132.86 129.331 112.807 86.827 75.634 71.308 65.732 63.853 61.552 63.147 61.102 59.032 67.651 82.374 82.877 82.531 84.579 82.797 79.265 75.541 -9999 -9999 -9999 -9999
121.143 112.952 103.192 98.33 93.798 97.436 -9999 -9999 -9999 -9999 -9999 -9999 -9999 -9999 -9999 -9999 -9999 -9999 -9999 -9999 -9999 -9999 -9999 -9999 -9999 -9999 -9999 -9999 -9999 -9999 -9999 -9999 163.719 209.656 261.463 319.949 390.834 407.291 296.078 256.704 261.258 263.362 224.901 202.28 189.49 174.965 156.674 175.145 175.437 168.139 166.247 144.849 119.568 104.914 86.346 75.204 66.894 64.931 65.769 65.561 67.169 81.345 83.458 103.653 113.679 103.372 104.248 88.323 84.743 78.798 76.618 -9999 -9999 -9999
125.323 116.956 109.034 97.829 94.604 -9999 -9999 -9999 -9999 -9999 -9999 -9999 -9999 -9999 -9999 -9999 -9999 -9999 -9999 -9999 -9999 -9999 -9999 -9999 -9999 -9999 -9999 -9999 -9999 -9999 -9999 -9999 150.271 190.347 241.864 286.281 355.486 324.937 258.686 235.073 218.609 203.975 192.392 180.296 196.159 212.184 185.863 195.607 198.621 172.68 134.482 133.559 112.807 104.123 93.129 73.934 65.582 66.028 68.299 72.669 78.332 88.335 102.262 102.599 109.473 106.832 110.958 107.8 92.733 87.759 81.1 77.591 -9999 -9999
131.197 122.845 109.302 100.503 100.752 -9999 -9999 -9999 -9999 -9999 -9999 -9999 -9999 -9999 -9999 -9999 -9999 -9999 -9999 -9999 -9999 -9999 -9999 -9999 -9999 -9999 -9999 -9999 -9999 -9999 -9999 -9999 -9999 174.233 232.907 276.241 285.136 256.312 237.782 205.91 192.494 181.571 165.587 170.281 186.393 183.201 211.609 201.105 193.734 161.886 153.651 136.836 125.69 100.869 88.551 73.26 68.194 67.633 68.624 77.837 85.884 89.108 98.009 106.435 108.605 104.971 101.808 104.662 102.575 92.561 90.388 82.075 -9999 -9999
145.726 -9999 -9999 -9999 -9999 -9999 -9999 -9999 -9999 -9999 -9999 -9999 -9999 -9999 -9999 -9999 -9999 -9999 -9999 -9999 -9999 -9999 -9999 -9999 -9999 -9999 -9999 -9999 -9999 -9999 -9999 -9999 -9999 165.896 207.845 221.652 215.451 217.792 186.338 198.497 187.015 162.499 163.139 166.437 173.234 221.406 207.461 207.587 189.504 175.282 144.556 127.926 113.137 103.836 87.927 77.112 69.502 67.077 72.212 74.733 84.838 93.09 93.215 94.038 95.941 92.407 95.78 96.222 102.707 97.083 84.621 81.373 71.747 -9999
164.429 -9999 -9999 -9999 -9999 -9999 -9999 -9999 -9999 -9999 -9999 -9999 -9999 -9999 -9999 -9999 -9999 -9999 -9999 -9999 -9999 -9999 -9999 -9999 -9999 -9999 -9999 -9999 -9999 -9999 -9999 -9999 -9999 -9999 184.369 181.454 181.146 165.758 180.775 172.488 153.968 149.794 152.57 159.442 178.907 199.91 221.192 216.736 209.934 187.856 173.825 155.414 126.921 119.359 103.496 84.214 72.294 65.553 64.747 68.226 70.777 85.836 92.066 85.059 78.718 76.21 72.339 74.375 77.474 91.31 81.278 70.573 65.829 -9999
126.659 -9999 -9999 -9999 -9999 -9999 -9999 -9999 -9999 -9999 -9999 -9999 -9999 -9999 -9999 -9999 -9999 -9999 -9999 -9999 -9999 -9999 -9999 -9999 -9999 -9999 -9999 -9999 -9999 -9999 -9999 -9999 -9999 -9999 161.427 -9999 155.562 160.224 151.874 145.087 -9999 136.995 146.207 155.699 163.583 199.88 214.424 215.757 205.095 191.937 183.951 193.38 160.908 134.156 118.32 99.175 77.775 67.561 64.618 62.088 66.184 72.675 79.356 78.508 73.916 68.005 63.469 62.479 66.245 75.024 78.259 69.703 72.437 68.775
-9999 -9999 -9999 -9999 -9999 -9999 -9999 -9999 -9999 -9999 -9999 -9999 -9999 -9999 -9999 -9999 -9999 -9999 -9999 -9999 -9999 -9999 -9999 -9999 -9999 -9999 -9999 -9999 -9999 -9999 -9999 -9999 -9999 -9999 -9999 150.068 151.448 -9999 -9999 -9999 -9999 132.366 139.485 137.241 152.406 163.883 178.055 181.786 189.665 195.216 182.486 175.614 186.992 152.609 126.548 104.251 86.627 74.586 69.124 64.912 63.76 70.385 74.674 78.561 75.221 73.069 66.959 61.657 65.887 74.955 79.047 72.233 78.417 79.765
-9999 -9999 -9999 -9999 -9999 -9999 -9999 -9999 -9999 -9999 -9999 -9999 -9999 -9999 -9999 -9999 -9999 -9999 -9999 -9999 -9999 -9999 -9999 -9999 -9999 -9999 -9999 -9999 -9999 -9999 -9999 -9999 -9999 -9999 -9999 136.683 138.599 -9999 -9999 -9999 -9999 129.711 142.206 136.472 139.748 145.919 154.87 148.889 159.4 183.458 171.352 157.528 171.008 155.704 134.255 110.26 91.496 74.857 68.712 65.016 61.704 61.716 66.812 71.808 73.634 69.087 70.162 68.165 68.188 76.571 83.178 81.951 71.826 68.913
-9999 -9999 -9999 -9999 -9999 -9999 -9999 -9999 -9999 -9999 -9999 -9999 -9999 -9999 -9999 -9999 -9999 -9999 -9999 -9999 -9999 -9999 -9999 -9999 -9999 -9999 -9999 -9999 -9999 -9999 -9999 -9999 -9999 -9999 -9999 130.904 -9999 -9999 -9999 -9999 126.279 137.103 148.497 166.943 177.016 182.049 169.113 144.992 163.205 173.004 148.903 147.459 142.261 139.828 125.402 108.599 89.31 78.608 69.719 66.652 64.104 61.31 62.028 66.895 70.019 70.953 74.415 83.841 81.165 80.217 80.859 78.459 74.439 72.592
-9999 -9999 -9999 -9999 -9999 -9999 -9999 -9999 -9999 -9999 -9999 -9999 -9999 -9999 -9999 -9999 -9999 -9999 -9999 -9999 -9999 -9999 -9999 -9999 -9999 -9999 -9999 -9999 -9999 -9999 -9999 -9999 -9999 -9999 -9999 -9999 -9999 -9999 -9999 -9999 127.313 144.247 164.069 200.487 221.35 215.433 177.895 162.532 142.291 139.152 132.889 134.694 136.017 124.604 117.674 107.599 90.631 78.961 73.01 67.108 64.24 61.564 62.294 63.848 66.889 72.154 76.652 90.113 94.613 80.297 75.894 72.977 69.837 66.157
-9999 -9999 -9999 -9999 -9999 -9999 -9999 -9999 -9999 -9999 -9999 -9999 -9999 -9999 -9999 -9999 -9999 -9999 -9999 -9999 -9999 -9999 -9999 -9999 -9999 -9999 -9999 -9999 -9999 -9999 -9999 -9999 -9999 -9999 -9999 -9999 -9999 -9999 -9999 -9999 127.336 137.532 168.931 204.117 227.677 202.694 179.029 142.779 135.367 129.553 120.368 117.936 112.48 117.032 106.092 102.501 90.622 77.825 69.611 64.337 63.09 62.609 64.06 64.482 63.671 68.193 74.681 81.658 86.845 79.113 70.802 64.95 65.964 65.541
-9999 -9999 -9999 -9999 -9999 -9999 -9999 -9999 -9999 -9999 -9999 -9999 -9999 -9999 -9999 -9999 -9999 -9999 -9999 -9999 -9999 -9999 -9999 -9999 -9999 -9999 -9999 -9999 -9999 -9999 -9999 -9999 -9999 -9999 -9999 -9999 -9999 -9999 -9999 118.908 123.785 135.609 167.207 207.28 216.714 188.67 172.24 137.386 134.732 129.789 118.103 115.236 116.078 104.437 98.457 87.815 84.723 71.395 67.019 63.054 61.869 63.278 62.599 61.924 61.426 62.911 68.935 74.297 78.544 75.154 70.174 65.971 62.9 66.422
-9999 -9999 -9999 -9999 -9999 -9999 -9999 -9999 -9999 -9999 -9999 -9999 -9999 -9999 -9999 -9999 -9999 -9999 -9999 -9999 -9999 -9999 -9999 -9999 -9999 -9999 -9999 -9999 -9999 -9999 -9999 -9999 -9999 -9999 -9999 -9999 -9999 -9999 -9999 120.408 119.962 134.928 157.346 180.689 163.776 163.536 140.424 141.945 156.691 135.761 125.976 122.037 112.317 108.55 95.804 90.014 88.423 82.095 68.753 65.861 63.048 61.526 61.149 59.76 58.89 58.242 62.243 67.13 72.982 75.426 71.033 65.169 64.675 64.961
-9999 -9999 -9999 -9999 -9999 -9999 -9999 -9999 -9999 -9999 -9999 -9999 -9999 -9999 -9999 -9999 -9999 -9999 -9999 -9999 -9999 -9999 -9999 -9999 -9999 -9999 -9999 -9999 -9999 -9999 -9999 -9999 -9999 -9999 -9999 -9999 -9999 -9999 120.328 117.339 118.604 122.931 142.069 146.533 146.182 142.726 139.963 144.731 143.145 132.655 130.766 130.741 117.07 95.223 94.242 84.495 81.58 79.018 76.633 68.058 64.944 62.172 60.277 59.909 59.253 57.444 59.369 66.096 70.655 75.076 74.336 70.158 66.083 64.073
-9999 -9999 -9999 -9999 -9999 -9999 -9999 -9999 -9999 -9999 -9999 -9999 -9999 -9999 -9999 -9999 -9999 -9999 -9999 -9999 -9999 -9999 -9999 -9999 -9999 -9999 -9999 -9999 -9999 -9999 -9999 -9999 -9999 -9999 -9999 -9999 -9999 -9999 111.205 115.615 115.001 118.763 130.198 131.174 131.261 139.083 136.863 132.602 134.885 131.69 149.163 148.085 129.989 108.567 90.637 87.141 78.822 72.229 72.8 72.982 65.763 62.307 62.899 60.343 59.253 59.434 59.223 63.918 66.909 71.956 73.092 74.396 70.789 65.87
-9999 -9999 -9999 -9999 -9999 -9999 -9999 -9999 -9999 -9999 -9999 -9999 -9999 -9999 -9999 -9999 -9999 -9999 -9999 -9999 -9999 -9999 -9999 -9999 -9999 -9999 -9999 -9999 -9999 -9999 -9999 -9999 -9999 -9999 -9999 -9999 -9999 -9999 109.5 110.323 109.312 116.96 125.24 123.571 127.288 134.395 135.119 140.216 150.829 155.52 163.688 147.859 126.692 108.373 92.817 86.113 81.09 73.422 66.175 66.334 64.989 61.355 61.396 61.917 59.278 61.339 61.205 60.62 62.878 65.732 72.536 72.343 70.633 66.284
-9999 -9999 -9999 -9999 -9999 -9999 -9999 -9999 -9999 -9999 -9999 -9999 -9999 -9999 -9999 -9999 -9999 -9999 -9999 -9999 -9999 -9999 -9999 -9999 -9999 -9999 -9999 -9999 -9999 -9999 -9999 -9999 -9999 -9999 -9999 -9999 -9999 -9999 -9999 106.388 108.312 112.097 110.845 131.63 143.086 152.136 153.603 157.514 152.423 162.78 156.249 144.573 121.39 96.844 89.463 77.366 76.468 71.242 67.439 65.808 63.836 60.976 60.19 57.408 57.598 60.481 62.157 60.637 60.272 63.468 66.27 68.23 -9999 65.174
