Validation/Results/raw data/ReClimate_03_2024_2_Precipitation-Actuals.asc
NCOLS 192
NROWS 249
XLLCENTER -225160.85627316462
YLLCENTER 29788.11610251502
CELLSIZE 5000.0
NODATA_VALUE -9999
[rows 66 to 98 of 249, columns 75 to 149 of 192]
-9999 -9999 -9999 -9999 -9999 -9999 -9999 -9999 -9999 -9999 79.183 -9999 82.017 100.441 125.352 125.669 131.367 110.391 104.576 86.392 83.469 71.707 73.749 76.818 71.763 74.405 77.427 78.108 81.129 71.373 66.052 -9999 -9999 -9999 -9999 -9999 -9999 -9999 -9999 -9999 -9999 -9999 -9999 -9999 -9999 -9999 -9999 -9999 -9999 -9999 -9999 -9999 -9999 -9999 -9999 -9999 -9999 -9999 -9999 -9999 -9999 -9999 -9999 -9999 -9999 -9999 -9999 -9999 -9999 -9999 -9999 -9999 -9999 -9999 -9999
-9999 -9999 -9999 -9999 -9999 -9999 -9999 -9999 -9999 -9999 -9999 85.957 100.735 102.253 115.816 116.687 110.061 106.516 104.025 91.741 81.922 75.374 69.808 67.889 64.575 70.134 74.308 78.026 70.068 -9999 -9999 -9999 -9999 -9999 -9999 -9999 -9999 -9999 -9999 -9999 -9999 -9999 -9999 -9999 -9999 -9999 -9999 -9999 -9999 -9999 -9999 -9999 -9999 -9999 -9999 -9999 -9999 -9999 -9999 -9999 -9999 -9999 -9999 -9999 -9999 -9999 -9999 -9999 -9999 -9999 -9999 -9999 -9999 -9999 -9999
-9999 -9999 -9999 -9999 -9999 -9999 -9999 -9999 -9999 -9999 -9999 107.385 113.696 107.924 99.978 107.314 111.095 98.92 88.617 81.371 71.98 69.309 66.461 68.811 68.53 64.685 69.263 65.507 57.358 -9999 -9999 -9999 -9999 -9999 -9999 -9999 -9999 -9999 -9999 -9999 -9999 -9999 -9999 -9999 -9999 -9999 -9999 -9999 -9999 -9999 -9999 -9999 -9999 -9999 -9999 -9999 -9999 -9999 -9999 -9999 -9999 -9999 -9999 -9999 -9999 -9999 -9999 -9999 -9999 -9999 -9999 -9999 -9999 -9999 -9999
-9999 -9999 -9999 -9999 -9999 -9999 -9999 -9999 -9999 -9999 -9999 -9999 -9999 95.308 101.949 109.408 102.839 97.118 88.221 85.055 76.082 64.9 64.142 72.432 67.768 61.65 51.011 -9999 -9999 -9999 -9999 -9999 -9999 -9999 -9999 -9999 -9999 -9999 -9999 -9999 -9999 -9999 -9999 -9999 -9999 -9999 -9999 -9999 -9999 -9999 -9999 -9999 -9999 -9999 -9999 -9999 -9999 -9999 -9999 -9999 -9999 -9999 -9999 -9999 -9999 -9999 -9999 -9999 -9999 -9999 -9999 -9999 -9999 -9999 -9999
-9999 -9999 -9999 -9999 -9999 -9999 -9999 85.204 -9999 -9999 113.973 119.784 101.869 96.205 115.085 107.103 107.367 105.797 102.384 95.29 86.719 64.124 66.35 68.147 72.061 61.519 58.318 -9999 -9999 -9999 -9999 -9999 -9999 -9999 -9999 -9999 -9999 -9999 -9999 -9999 -9999 -9999 -9999 -9999 -9999 -9999 -9999 -9999 -9999 -9999 -9999 -9999 -9999 -9999 -9999 -9999 -9999 -9999 -9999 -9999 -9999 -9999 -9999 -9999 -9999 -9999 -9999 -9999 -9999 -9999 -9999 -9999 -9999 -9999 -9999
-9999 -9999 -9999 -9999 -9999 84.616 86.054 89.295 88.282 105.157 121.806 129.543 120.219 118.767 95.625 111.272 117.435 112.015 105.324 98.915 95.83 88.562 66.685 66.705 62.123 57.446 53.365 -9999 -9999 -9999 -9999 -9999 -9999 -9999 -9999 -9999 -9999 -9999 -9999 -9999 -9999 -9999 -9999 -9999 -9999 -9999 -9999 -9999 -9999 -9999 -9999 -9999 -9999 -9999 -9999 -9999 -9999 -9999 -9999 -9999 -9999 -9999 -9999 -9999 -9999 -9999 -9999 -9999 -9999 -9999 -9999 -9999 -9999 -9999 -9999
-9999 -9999 -9999 -9999 -9999 88.116 94.134 -9999 103.134 119.126 131.118 126.334 140.16 105.047 112.73 122.825 126.697 126.679 109.431 107.478 106.989 85.094 78.027 77.05 63.464 57.787 -9999 48.546 -9999 -9999 -9999 -9999 -9999 -9999 -9999 -9999 -9999 -9999 -9999 -9999 -9999 -9999 -9999 -9999 -9999 -9999 -9999 -9999 -9999 -9999 -9999 -9999 -9999 -9999 -9999 -9999 -9999 -9999 -9999 -9999 -9999 -9999 -9999 -9999 -9999 -9999 -9999 -9999 -9999 -9999 -9999 -9999 -9999 -9999 -9999
-9999 -9999 -9999 -9999 -9999 -9999 105.965 111.193 114.882 131.461 126.999 145.925 124.57 117.873 115.22 110.944 114.866 116.438 101.061 100.111 95.964 77.534 77.649 71.509 62.47 57.821 49.983 47.07 -9999 -9999 -9999 -9999 -9999 -9999 -9999 -9999 -9999 -9999 -9999 -9999 -9999 -9999 -9999 -9999 -9999 -9999 -9999 -9999 -9999 -9999 -9999 -9999 -9999 -9999 -9999 -9999 -9999 -9999 -9999 -9999 -9999 -9999 -9999 -9999 -9999 -9999 -9999 -9999 -9999 -9999 -9999 -9999 -9999 -9999 -9999
-9999 -9999 -9999 -9999 -9999 -9999 -9999 111.04 119.661 125.482 155.129 144.043 138.525 128.759 131.523 131.71 112.587 94.242 88.693 99.34 88.772 78.809 77.507 65.456 56.933 46.934 48.542 52.021 -9999 -9999 -9999 -9999 -9999 -9999 -9999 -9999 -9999 -9999 -9999 -9999 -9999 -9999 -9999 -9999 -9999 -9999 -9999 -9999 -9999 -9999 -9999 -9999 -9999 -9999 -9999 -9999 -9999 -9999 -9999 -9999 -9999 -9999 -9999 -9999 -9999 -9999 -9999 -9999 -9999 -9999 -9999 -9999 -9999 -9999 -9999
-9999 -9999 -9999 -9999 -9999 111.735 116.575 129.313 131.944 133.374 126.84 147.062 139.965 135.202 134.25 116.208 104.954 96.717 83.234 89.331 100.733 81.647 64.374 53.304 47.911 -9999 51.481 -9999 -9999 -9999 -9999 -9999 -9999 50.163 47.608 48.662 -9999 -9999 -9999 -9999 -9999 -9999 -9999 -9999 -9999 -9999 -9999 -9999 -9999 -9999 -9999 -9999 -9999 -9999 -9999 -9999 -9999 -9999 -9999 -9999 -9999 -9999 -9999 -9999 -9999 -9999 -9999 -9999 -9999 -9999 -9999 -9999 -9999 -9999 -9999
96.992 -9999 -9999 -9999 -9999 -9999 127.541 138.859 143.573 133.243 142.571 128.881 130.018 127.628 125.345 104.493 94.071 76.352 82.98 99.048 85.252 68.913 57.753 55.814 54.192 52.092 -9999 -9999 -9999 -9999 50.24 47.694 47.474 49.286 48.483 48.515 51.652 52.295 52.183 54.771 56.488 57.313 59.789 54.063 50.536 54.821 56.72 55.317 53.373 51.394 49.786 49.086 -9999 -9999 -9999 -9999 -9999 -9999 -9999 -9999 -9999 -9999 -9999 -9999 -9999 -9999 -9999 -9999 -9999 -9999 -9999 -9999 -9999 -9999 -9999
133.503 -9999 -9999 -9999 117.533 -9999 125.436 127.999 143.857 169.839 148.016 131.116 119.288 124.776 109.127 105.391 95.151 93.343 81.299 71.906 69.816 62.016 58.186 61.838 56.216 -9999 -9999 -9999 -9999 52.117 52.75 48.704 53.084 57.212 51.139 51.976 58.03 60.343 61.135 60.913 61.778 62.611 57.994 52.104 52.548 54.023 55.938 56.239 54.375 54.891 54.774 50.167 -9999 -9999 -9999 -9999 -9999 -9999 -9999 -9999 -9999 -9999 -9999 -9999 -9999 -9999 -9999 -9999 -9999 -9999 -9999 -9999 -9999 -9999 -9999
135.586 -9999 -9999 -9999 122.91 125.593 123.085 145.548 177.855 169.083 163.388 128.313 131.744 122.015 111.585 101.566 96.754 99.791 85.841 81.517 65.377 57.841 63.481 58.542 -9999 -9999 51.762 51.068 51.703 54.628 55.417 56.443 59.828 60.108 63.004 63.876 63.373 60.649 59.941 59.007 59.882 59.246 58.957 52.941 53.398 54.293 56.735 55.537 55.375 56.726 57.515 52.788 49.781 -9999 -9999 -9999 -9999 -9999 -9999 -9999 -9999 -9999 -9999 -9999 -9999 -9999 -9999 -9999 -9999 -9999 -9999 -9999 -9999 -9999 -9999
124.183 -9999 117.152 -9999 116.873 122.129 153.615 178.547 166.024 183.684 161.819 145.265 138.302 132.202 129.927 111.424 105.626 97.707 99.189 88.498 68.895 54.715 53.903 52.701 -9999 59.018 59.795 56.895 57.035 57.808 59.017 64.598 66.205 70.513 71.511 66.564 62.174 65.148 65.366 63.699 60.583 57.219 55.582 56.74 54.95 55.155 57.204 56.938 55.866 56.534 57.893 53.713 48.838 -9999 -9999 -9999 -9999 -9999 -9999 -9999 -9999 -9999 -9999 -9999 -9999 -9999 -9999 -9999 -9999 -9999 -9999 -9999 -9999 -9999 -9999
-9999 117.116 -9999 -9999 -9999 159.392 210.445 173.626 166.18 132.019 140.935 138.702 133.338 134.863 123.069 125.359 115.453 105.909 92.106 76.123 60.712 59.173 65.139 57.911 59.709 67.052 69.624 70.401 65.069 59.934 67.368 68.968 73.879 72.35 63.583 61.502 61.747 63.035 67.318 63.973 59.993 58.171 56.247 55.753 55.462 52.663 58.955 63.506 67.387 57.672 57.921 54.599 49.745 -9999 -9999 -9999 -9999 -9999 -9999 -9999 -9999 -9999 -9999 -9999 -9999 -9999 -9999 -9999 -9999 -9999 -9999 -9999 -9999 -9999 -9999
123.361 -9999 -9999 -9999 -9999 168.828 160.561 147.712 -9999 145.268 151.242 146.048 129.251 118.36 113.8 104.754 97.427 95.96 86.62 79.608 73.612 76.365 74.328 61.747 70.929 68.058 73.824 80.892 73.236 64.978 63.916 70.892 74.695 64.298 61.546 69.72 65.798 71.233 70.289 64.89 65.446 59.708 60.21 60.778 54.595 56.414 58.325 64.034 56.971 57.195 56.233 50.802 48.213 -9999 -9999 -9999 -9999 -9999 -9999 -9999 -9999 -9999 -9999 -9999 -9999 -9999 -9999 -9999 -9999 -9999 -9999 -9999 -9999 -9999 -9999
155.613 -9999 -9999 -9999 133.415 -9999 -9999 122.774 129.404 147.189 164.744 158.11 141.012 135.61 117.957 107.031 94.666 82.577 77.204 78.215 76.282 77.69 57.928 71.47 82.013 78.911 73.381 76.011 77.046 66.597 65.361 66.665 63.621 62.048 70.44 70.939 72.086 72.282 69.12 74.48 66.686 62.988 66.418 59.99 56.567 57.15 59.591 55.294 53.737 54.442 53.055 48.477 -9999 -9999 -9999 -9999 -9999 -9999 -9999 -9999 -9999 -9999 -9999 -9999 -9999 -9999 -9999 -9999 -9999 -9999 -9999 -9999 -9999 -9999 -9999
184.936 157.481 132.063 -9999 -9999 -9999 141.314 116.939 -9999 146.105 142.932 142.729 147.591 140.069 136.203 112.489 85.023 82.805 82.048 82.847 75.863 62.459 66.708 71.824 72.708 73.461 70.373 74.99 70.789 60.947 60.018 57.711 60.459 72.352 68.313 72.491 83.158 76.128 75.253 75.392 63.531 63.619 60.686 57.746 55.153 56.114 52.716 52.757 53.584 52.32 48.037 -9999 -9999 -9999 -9999 -9999 -9999 -9999 -9999 -9999 -9999 -9999 -9999 -9999 -9999 -9999 -9999 -9999 -9999 -9999 -9999 -9999 -9999 -9999 -9999
189.21 162.022 137.863 -9999 134.498 145.257 143.541 142.109 158.92 149.698 145.399 158.021 162.97 141.701 113.832 107.522 103.547 97.268 93.56 86.357 72.146 65.216 71.044 81.234 83.249 72.27 71.295 69.802 55.721 54.37 57.398 61.003 67.59 59.668 61.204 69.728 77.54 80.768 82.184 78.929 65.998 68.007 63.845 65.194 68.071 55.361 51.07 55.41 56.755 50.647 46.396 -9999 -9999 -9999 -9999 -9999 -9999 -9999 -9999 -9999 -9999 -9999 -9999 -9999 -9999 -9999 -9999 -9999 -9999 -9999 -9999 -9999 -9999 -9999 -9999
170.096 150.252 132.793 133.471 134.821 154.269 -9999 142.289 161.38 179.672 188.617 171.463 157.148 131.9 137.353 122.239 109.162 93.757 86.674 78.948 68.115 69.48 85.295 92.662 81.157 77.608 79.286 65.227 64.195 54.242 54.522 60.096 60.88 62.591 64.231 72.6 82.804 78.733 75.155 69.932 63.931 60.611 57.573 61.567 56.538 51.987 51.528 54.02 53.485 50.472 -9999 -9999 -9999 -9999 -9999 -9999 -9999 -9999 -9999 -9999 -9999 -9999 -9999 -9999 -9999 -9999 -9999 -9999 -9999 -9999 -9999 -9999 -9999 -9999 -9999
-9999 -9999 -9999 129.746 149.339 -9999 142.611 162.492 194.236 205.39 179.772 175.342 162.36 159.772 137.933 105.243 92.828 96.47 96.397 75.327 74.548 86.009 98.568 97.758 93.694 93.793 77.52 78.972 65.982 60.208 72.229 66.773 73.995 71.432 73.313 77.887 74.025 64.977 65.55 64.243 65.656 63.561 58.946 58.806 55.937 53.274 52.926 53.583 53.08 49.226 -9999 -9999 -9999 -9999 -9999 -9999 -9999 -9999 -9999 -9999 -9999 -9999 -9999 -9999 -9999 -9999 -9999 -9999 -9999 -9999 -9999 -9999 -9999 -9999 -9999
-9999 -9999 121.884 138.425 -9999 133.801 149.965 -9999 179.084 167.182 182.488 178.126 182.428 157.316 127.123 123.034 117.111 99.991 82.675 92.545 91.77 99.853 112.032 110.002 104.695 90.981 76.798 64.016 55.989 67.153 73.825 83.49 84.787 76.692 69.813 71.403 66.363 67.401 64.173 63.188 64.273 60.503 60.712 61.532 59.591 57.149 53.3 55.792 54.541 48.452 -9999 -9999 -9999 -9999 -9999 -9999 -9999 -9999 -9999 -9999 -9999 -9999 -9999 -9999 -9999 -9999 -9999 -9999 -9999 -9999 -9999 -9999 -9999 -9999 -9999
-9999 -9999 116.429 -9999 -9999 141.173 155.683 172.092 163.179 182.732 176.737 156.799 155.55 136.282 117.879 103.467 98.538 116.159 123.625 116.084 112.966 117.566 117.611 111.577 93.569 67.088 56.085 60.277 78.324 91.534 108.522 107.324 93.73 84.686 82.35 71.977 68.0 64.844 62.224 55.776 56.42 57.309 57.857 63.538 71.178 60.335 54.447 53.971 52.161 48.176 -9999 -9999 -9999 -9999 -9999 -9999 -9999 -9999 -9999 -9999 -9999 -9999 -9999 -9999 -9999 -9999 -9999 -9999 -9999 -9999 -9999 -9999 -9999 -9999 -9999
-9999 -9999 -9999 -9999 -9999 -9999 172.72 173.889 165.311 188.137 178.174 156.397 154.107 142.643 125.948 122.796 136.371 136.732 130.52 125.271 106.842 97.933 98.293 96.163 73.801 55.846 58.301 70.95 89.645 110.544 102.732 101.281 93.924 89.871 80.658 72.142 67.893 63.767 54.716 51.929 54.082 53.453 56.151 63.964 58.706 54.313 53.54 55.474 53.739 -9999 -9999 -9999 -9999 -9999 -9999 -9999 -9999 -9999 -9999 -9999 -9999 -9999 -9999 -9999 -9999 -9999 -9999 -9999 -9999 -9999 -9999 -9999 -9999 -9999 -9999
-9999 -9999 -9999 -9999 118.119 138.671 -9999 177.035 180.996 207.054 176.488 150.935 142.653 140.1 151.836 154.175 141.071 120.929 120.077 110.916 101.111 82.844 78.413 72.932 62.592 70.99 74.548 83.557 99.144 97.264 95.165 78.345 79.662 73.695 62.257 62.419 64.853 66.81 65.838 63.4 66.298 74.245 65.738 56.575 59.239 62.877 64.275 59.562 52.533 -9999 -9999 -9999 -9999 -9999 -9999 -9999 -9999 -9999 -9999 -9999 -9999 -9999 -9999 -9999 -9999 -9999 -9999 -9999 -9999 -9999 -9999 -9999 -9999 -9999 -9999
-9999 -9999 -9999 116.121 116.175 152.812 168.205 191.953 208.367 203.074 185.663 153.028 132.584 136.127 130.638 130.477 138.393 132.907 136.883 130.933 84.129 81.329 77.157 74.753 76.521 86.988 87.916 92.235 89.271 89.843 79.218 76.079 75.109 79.553 79.937 83.813 82.215 79.549 85.545 91.834 92.164 85.537 74.712 74.447 73.504 70.567 64.775 56.906 -9999 -9999 -9999 -9999 -9999 -9999 -9999 -9999 -9999 -9999 -9999 -9999 -9999 -9999 -9999 -9999 -9999 -9999 -9999 -9999 -9999 -9999 -9999 -9999 -9999 -9999 -9999
-9999 -9999 -9999 114.177 -9999 147.11 162.792 177.979 198.258 193.713 149.926 140.784 147.299 119.384 110.722 114.795 119.141 127.419 120.784 91.127 94.671 104.143 94.208 86.203 105.645 98.783 98.67 99.425 100.837 96.4 90.583 85.482 90.119 91.166 97.362 100.691 85.609 93.545 95.863 81.925 84.28 86.335 78.902 76.762 75.163 64.123 61.289 56.667 -9999 -9999 -9999 -9999 -9999 -9999 -9999 -9999 -9999 -9999 -9999 -9999 -9999 -9999 -9999 -9999 -9999 -9999 -9999 -9999 -9999 -9999 -9999 -9999 -9999 -9999 -9999
-9999 -9999 -9999 -9999 -9999 163.972 179.329 167.837 176.554 152.136 126.992 130.178 115.08 107.699 108.197 113.502 126.44 109.06 110.535 108.631 120.996 107.726 90.879 103.382 111.558 101.494 102.091 95.607 105.119 99.339 93.469 105.792 102.96 103.359 114.752 111.168 114.038 110.986 98.548 88.835 82.732 73.687 73.449 76.613 66.374 58.971 56.289 53.72 -9999 -9999 -9999 -9999 -9999 -9999 -9999 -9999 -9999 -9999 -9999 -9999 -9999 -9999 -9999 -9999 -9999 -9999 -9999 -9999 -9999 -9999 -9999 -9999 -9999 -9999 -9999
-9999 -9999 -9999 124.697 137.101 159.798 159.565 158.616 174.007 146.693 151.252 148.336 -9999 140.324 173.924 163.753 146.523 137.023 139.216 134.351 129.275 120.813 114.389 109.61 100.924 94.243 80.86 84.45 97.028 94.275 104.211 95.617 95.739 94.503 103.687 112.205 105.771 92.328 95.029 89.211 77.873 79.655 69.793 63.457 58.794 56.142 56.427 51.039 -9999 -9999 -9999 -9999 -9999 -9999 -9999 -9999 -9999 -9999 -9999 -9999 -9999 -9999 -9999 -9999 -9999 -9999 -9999 -9999 -9999 -9999 -9999 -9999 -9999 -9999 -9999
107.086 112.882 120.742 -9999 130.196 146.882 154.951 162.353 168.301 164.292 155.854 -9999 160.496 196.83 185.971 184.739 157.258 141.84 127.998 132.373 124.362 121.264 110.548 97.296 88.32 77.586 65.939 75.712 75.575 89.135 88.717 89.288 87.171 83.794 88.935 91.698 85.422 86.695 86.773 81.694 79.14 65.372 58.498 53.52 54.695 57.293 52.733 -9999 -9999 -9999 -9999 -9999 -9999 -9999 -9999 -9999 -9999 -9999 -9999 -9999 -9999 -9999 -9999 -9999 -9999 -9999 -9999 -9999 -9999 -9999 -9999 -9999 -9999 -9999 -9999
108.525 118.151 132.436 133.898 -9999 145.186 153.075 157.525 167.088 153.819 136.967 141.419 172.8 176.667 166.007 175.069 155.067 139.435 126.369 116.517 98.065 95.866 86.157 79.742 90.124 70.879 72.806 67.526 71.318 76.164 85.157 79.145 72.652 76.473 85.616 81.522 79.434 76.052 78.302 71.958 62.456 58.072 55.616 54.857 53.538 -9999 -9999 -9999 -9999 -9999 -9999 -9999 -9999 -9999 -9999 -9999 -9999 -9999 -9999 -9999 -9999 -9999 -9999 -9999 -9999 -9999 -9999 -9999 -9999 -9999 -9999 -9999 -9999 -9999 -9999
-9999 -9999 133.165 -9999 152.408 160.215 165.465 186.525 181.343 -9999 -9999 174.563 166.04 161.958 186.518 169.95 154.569 132.566 123.211 88.472 79.592 76.647 72.911 78.919 74.161 78.572 71.511 74.291 70.466 73.415 75.914 73.842 70.517 76.333 77.859 75.565 70.038 70.528 65.342 59.828 57.778 54.272 56.032 53.69 -9999 -9999 -9999 -9999 -9999 -9999 -9999 -9999 -9999 -9999 -9999 -9999 -9999 -9999 -9999 -9999 -9999 -9999 -9999 -9999 -9999 -9999 -9999 -9999 -9999 -9999 -9999 -9999 -9999 -9999 -9999
122.893 -9999 138.681 163.43 162.344 170.015 177.097 179.956 -9999 -9999 166.162 178.615 178.754 194.045 176.275 176.157 151.009 129.06 107.316 94.749 91.088 96.808 94.516 97.164 105.779 89.949 79.111 75.62 67.423 66.55 66.355 72.522 73.854 72.373 70.897 66.398 60.057 57.966 53.215 53.73 51.609 52.545 53.387 54.816 50.58 -9999 -9999 -9999 -9999 -9999 -9999 -9999 -9999 -9999 -9999 -9999 -9999 -9999 -9999 -9999 -9999 -9999 -9999 -9999 -9999 -9999 -9999 -9999 -9999 -9999 -9999 -9999 -9999 -9999 -9999
