Validation/Results/raw data/ReClimate_06_2024_2_Precipitation-Actuals.asc
NCOLS 192
NROWS 249
XLLCENTER -225160.85627316462
YLLCENTER 29788.11610251502
CELLSIZE 5000.0
NODATA_VALUE -9999
[rows 99 to 131 of 249, columns 74 to 147 of 192]
182.79 178.144 183.992 182.87 193.548 203.798 207.902 213.011 -9999 -9999 125.791 215.836 213.637 249.602 222.109 221.623 217.767 173.386 162.22 148.729 149.471 143.178 128.68 112.876 105.515 108.195 96.928 97.588 97.04 95.869 93.733 93.084 93.465 94.525 89.334 85.277 75.467 68.815 71.368 71.242 71.432 69.72 70.835 71.337 66.815 -9999 -9999 -9999 -9999 -9999 -9999 -9999 -9999 -9999 -9999 -9999 -9999 -9999 -9999 -9999 -9999 -9999 -9999 -9999 -9999 -9999 -9999 -9999 -9999 -9999 -9999 -9999 -9999 -9999
166.074 195.601 174.978 -9999 -9999 177.197 198.827 -9999 -9999 -9999 142.285 192.07 273.076 260.791 275.054 227.731 183.412 171.839 183.164 174.412 149.758 142.34 123.593 123.598 127.687 110.013 89.343 113.018 124.787 113.678 96.288 93.357 89.166 89.668 80.961 79.892 72.817 78.331 90.399 86.592 81.151 78.156 76.498 69.282 67.2 -9999 -9999 -9999 -9999 -9999 -9999 -9999 -9999 -9999 -9999 -9999 -9999 -9999 -9999 -9999 -9999 -9999 -9999 -9999 -9999 -9999 -9999 -9999 -9999 -9999 -9999 -9999 -9999 -9999
166.364 -9999 177.051 184.802 205.943 -9999 -9999 -9999 -9999 172.696 172.583 228.965 243.816 244.767 246.026 214.924 197.878 206.203 221.948 182.157 181.187 134.364 133.659 136.449 107.171 88.097 121.419 148.025 135.357 99.392 100.487 95.315 91.654 80.518 78.912 75.882 79.521 95.731 85.573 82.104 77.623 77.084 69.488 61.494 -9999 -9999 -9999 -9999 -9999 -9999 -9999 -9999 -9999 -9999 -9999 -9999 -9999 -9999 -9999 -9999 -9999 -9999 -9999 -9999 -9999 -9999 -9999 -9999 -9999 -9999 -9999 -9999 -9999 -9999
174.129 223.65 264.184 303.792 315.713 231.597 187.515 -9999 -9999 168.429 -9999 -9999 183.612 258.379 244.951 192.544 206.129 245.774 207.716 212.536 191.83 160.956 137.378 105.579 120.198 133.255 155.727 141.622 117.549 128.158 118.852 95.991 82.493 76.768 76.192 79.88 92.123 77.222 75.101 77.554 71.442 70.547 62.687 -9999 -9999 -9999 -9999 -9999 -9999 -9999 -9999 -9999 -9999 -9999 -9999 -9999 -9999 -9999 -9999 -9999 -9999 -9999 -9999 -9999 -9999 -9999 -9999 -9999 -9999 -9999 -9999 -9999 -9999 -9999
201.976 222.31 265.595 328.094 282.532 -9999 -9999 -9999 169.412 185.989 179.743 184.162 202.436 226.644 188.441 154.288 212.752 213.132 192.719 173.565 157.415 148.567 135.893 142.739 119.55 137.754 129.053 128.52 133.982 112.98 102.686 89.146 81.97 79.544 76.737 79.33 71.715 64.306 -9999 -9999 68.269 -9999 -9999 -9999 -9999 -9999 -9999 -9999 -9999 -9999 -9999 -9999 -9999 -9999 -9999 -9999 -9999 -9999 -9999 -9999 -9999 -9999 -9999 -9999 -9999 -9999 -9999 -9999 -9999 -9999 -9999 -9999 -9999 -9999
189.736 211.235 259.334 -9999 246.549 -9999 -9999 -9999 178.572 198.137 200.91 193.685 183.007 196.621 187.338 220.781 233.431 207.104 183.711 173.836 175.063 142.174 140.394 118.211 129.02 133.418 116.626 106.215 89.684 93.955 83.624 79.834 80.634 75.63 69.381 69.672 62.532 -9999 70.212 67.049 68.277 67.13 -9999 -9999 -9999 -9999 -9999 -9999 -9999 -9999 -9999 -9999 -9999 -9999 -9999 -9999 -9999 -9999 -9999 -9999 -9999 -9999 -9999 -9999 -9999 -9999 -9999 -9999 -9999 -9999 -9999 -9999 -9999 -9999
-9999 184.8 -9999 -9999 -9999 -9999 201.415 195.509 202.738 203.872 209.49 198.18 206.265 229.458 228.375 233.403 221.04 224.007 188.792 203.624 164.21 172.748 143.071 154.412 169.019 127.124 102.295 106.437 99.028 84.49 81.498 76.16 76.609 70.008 67.63 -9999 67.115 71.787 68.513 66.664 62.783 69.512 -9999 -9999 -9999 -9999 -9999 -9999 -9999 -9999 -9999 -9999 -9999 -9999 -9999 -9999 -9999 -9999 -9999 -9999 -9999 -9999 -9999 -9999 -9999 -9999 -9999 -9999 -9999 -9999 -9999 -9999 -9999 -9999
-9999 -9999 -9999 -9999 -9999 -9999 191.748 188.121 192.71 207.049 204.267 187.6 216.806 202.079 199.744 218.422 253.678 226.85 202.224 195.762 193.865 158.553 153.294 176.976 149.798 145.019 149.756 117.768 101.483 94.48 83.908 89.351 89.966 84.034 84.262 79.595 71.707 71.409 77.671 78.522 74.068 74.294 71.895 -9999 -9999 -9999 -9999 -9999 -9999 -9999 -9999 -9999 -9999 -9999 -9999 -9999 -9999 -9999 -9999 -9999 -9999 -9999 -9999 -9999 -9999 -9999 -9999 -9999 -9999 -9999 -9999 -9999 -9999 -9999
-9999 -9999 -9999 -9999 -9999 184.788 -9999 -9999 182.361 202.784 195.556 210.064 206.289 -9999 -9999 234.375 265.27 259.648 201.774 196.938 176.519 154.441 154.252 145.864 129.466 133.532 116.674 109.013 101.945 106.936 116.727 123.198 106.575 96.357 89.063 83.625 81.327 75.482 82.342 76.603 83.658 79.925 73.725 68.373 -9999 -9999 -9999 -9999 -9999 -9999 -9999 -9999 -9999 -9999 -9999 -9999 -9999 -9999 -9999 -9999 -9999 -9999 -9999 -9999 -9999 -9999 -9999 -9999 -9999 -9999 -9999 -9999 -9999 -9999
-9999 -9999 -9999 -9999 -9999 172.113 -9999 163.769 173.824 181.801 235.332 255.742 193.796 179.75 211.711 236.627 237.914 184.866 195.099 210.175 157.693 146.489 147.071 132.484 116.188 106.981 100.907 99.523 117.798 146.94 141.25 124.721 106.921 93.226 86.809 84.856 78.737 79.454 75.734 73.629 71.08 72.786 70.204 -9999 -9999 -9999 -9999 -9999 -9999 -9999 -9999 -9999 -9999 -9999 -9999 -9999 -9999 -9999 -9999 -9999 -9999 -9999 -9999 -9999 -9999 -9999 -9999 -9999 -9999 -9999 -9999 -9999 -9999 -9999
-9999 -9999 -9999 -9999 -9999 159.439 -9999 152.87 146.7 186.844 213.989 181.7 -9999 205.999 202.885 -9999 200.588 190.047 193.376 160.18 175.848 145.248 119.111 106.829 93.476 86.735 93.982 94.922 116.644 108.078 102.926 97.333 98.785 96.359 86.21 80.589 75.568 74.314 71.537 -9999 -9999 -9999 -9999 -9999 -9999 -9999 -9999 -9999 -9999 -9999 -9999 -9999 -9999 -9999 -9999 -9999 -9999 -9999 -9999 -9999 -9999 -9999 -9999 -9999 -9999 -9999 -9999 -9999 -9999 -9999 -9999 -9999 -9999 -9999
-9999 -9999 -9999 150.644 152.648 -9999 -9999 138.232 156.222 178.937 170.436 168.281 219.053 202.831 222.384 -9999 164.723 175.974 164.91 154.06 151.205 137.612 116.507 106.499 96.134 107.614 105.286 89.595 86.809 88.164 87.383 92.384 97.207 96.396 86.8 82.367 80.407 74.518 -9999 -9999 -9999 -9999 -9999 -9999 -9999 -9999 -9999 -9999 -9999 -9999 -9999 -9999 -9999 -9999 -9999 -9999 -9999 -9999 -9999 -9999 -9999 -9999 -9999 -9999 -9999 -9999 -9999 -9999 -9999 -9999 -9999 -9999 -9999 -9999
-9999 -9999 138.679 143.328 143.93 -9999 142.826 161.849 175.636 171.351 -9999 207.841 204.787 219.105 223.315 -9999 165.076 175.51 152.093 126.987 125.388 112.418 115.045 115.108 109.313 130.723 114.94 97.761 90.52 -9999 79.857 84.46 86.449 83.219 84.985 90.973 82.485 -9999 -9999 -9999 -9999 -9999 -9999 -9999 -9999 -9999 -9999 -9999 -9999 -9999 -9999 -9999 -9999 -9999 -9999 -9999 -9999 -9999 -9999 -9999 -9999 -9999 -9999 -9999 -9999 -9999 -9999 -9999 -9999 -9999 -9999 -9999 -9999 -9999
-9999 -9999 131.366 134.341 -9999 -9999 155.998 175.921 170.846 -9999 179.458 200.979 206.316 213.012 204.094 -9999 149.108 137.54 128.661 121.909 120.973 118.374 125.527 151.728 159.134 149.713 132.941 105.268 90.474 83.953 75.866 -9999 -9999 75.298 73.871 -9999 -9999 -9999 -9999 -9999 -9999 70.216 70.403 68.728 -9999 -9999 -9999 -9999 -9999 -9999 -9999 -9999 -9999 -9999 -9999 -9999 -9999 -9999 -9999 -9999 -9999 -9999 -9999 -9999 -9999 -9999 -9999 -9999 -9999 -9999 -9999 -9999 -9999 -9999
-9999 142.07 154.829 -9999 -9999 152.855 161.445 151.661 174.068 -9999 173.543 194.906 184.828 181.134 194.122 -9999 -9999 -9999 126.187 124.642 125.32 130.86 140.861 144.839 144.733 131.684 119.265 102.466 94.39 89.361 83.817 78.726 77.223 76.48 72.336 -9999 -9999 -9999 -9999 -9999 73.463 71.778 72.804 68.501 67.341 -9999 -9999 -9999 -9999 -9999 -9999 -9999 -9999 -9999 -9999 -9999 -9999 -9999 -9999 -9999 -9999 -9999 -9999 -9999 -9999 -9999 -9999 -9999 -9999 -9999 -9999 -9999 -9999 -9999
156.36 171.493 151.62 -9999 -9999 -9999 127.37 160.533 157.935 -9999 156.798 -9999 160.738 177.683 160.08 -9999 132.416 136.112 129.962 -9999 115.822 111.617 115.968 119.838 114.336 116.885 113.838 106.183 101.582 95.245 88.613 86.664 85.109 75.919 72.055 69.266 71.59 78.709 -9999 76.814 75.023 73.554 72.71 77.029 77.507 78.833 64.737 -9999 -9999 -9999 -9999 -9999 -9999 -9999 -9999 -9999 -9999 -9999 -9999 -9999 -9999 -9999 -9999 -9999 -9999 -9999 -9999 -9999 -9999 -9999 -9999 -9999 -9999 -9999
152.491 153.476 -9999 -9999 -9999 -9999 143.99 166.075 139.434 -9999 133.868 -9999 146.995 143.507 -9999 148.925 158.367 160.822 136.884 112.574 101.325 96.822 97.979 98.902 106.77 105.937 105.176 107.617 102.323 99.539 93.087 89.702 85.761 76.537 77.683 75.856 78.029 74.554 74.161 75.919 74.221 74.174 75.557 83.19 82.096 88.449 82.115 72.188 65.543 66.778 -9999 -9999 -9999 -9999 -9999 -9999 -9999 -9999 -9999 -9999 -9999 -9999 -9999 -9999 -9999 -9999 -9999 -9999 -9999 -9999 -9999 -9999 -9999 -9999
-9999 124.855 -9999 -9999 -9999 -9999 136.221 135.032 143.269 145.72 -9999 -9999 122.873 130.184 -9999 142.671 173.32 182.856 148.219 125.242 105.498 97.839 90.531 88.916 92.215 91.691 99.373 104.964 109.624 106.696 98.961 92.71 90.015 91.538 91.928 94.359 85.389 74.025 76.336 77.663 71.183 82.373 97.189 96.92 91.218 90.497 84.549 84.537 80.167 68.089 67.68 -9999 -9999 -9999 -9999 -9999 -9999 -9999 -9999 -9999 -9999 -9999 -9999 -9999 -9999 -9999 -9999 -9999 -9999 -9999 -9999 -9999 -9999 -9999
131.847 -9999 -9999 -9999 -9999 -9999 117.994 129.243 147.705 130.046 -9999 -9999 121.898 123.191 -9999 -9999 171.064 164.961 143.422 130.666 125.093 110.117 95.882 95.085 99.27 89.711 90.849 102.483 107.222 110.115 108.246 108.868 103.119 105.731 106.444 94.152 81.827 80.894 82.521 78.609 84.924 98.966 100.355 100.866 93.152 87.42 81.486 75.279 73.522 68.483 69.328 -9999 -9999 -9999 -9999 -9999 -9999 -9999 -9999 -9999 -9999 -9999 -9999 -9999 -9999 -9999 -9999 -9999 -9999 -9999 -9999 -9999 -9999 -9999
123.69 -9999 -9999 -9999 -9999 -9999 110.087 129.708 138.849 -9999 -9999 -9999 -9999 118.068 -9999 126.535 153.434 147.829 133.358 133.654 135.112 129.718 118.786 113.892 102.201 95.552 93.404 93.713 99.644 105.495 109.54 106.148 106.812 108.013 96.194 88.734 86.511 88.842 97.661 89.152 86.012 87.643 87.769 89.191 88.216 85.243 78.85 73.722 74.884 72.022 71.363 68.514 -9999 -9999 -9999 -9999 -9999 -9999 -9999 -9999 -9999 -9999 -9999 -9999 -9999 -9999 -9999 -9999 -9999 -9999 -9999 -9999 -9999 -9999
114.997 -9999 -9999 -9999 117.722 116.563 121.693 131.244 -9999 -9999 152.473 -9999 -9999 -9999 -9999 122.082 135.138 131.543 127.785 129.171 134.249 143.303 144.073 129.87 117.55 104.744 98.371 86.889 80.07 97.777 96.256 93.799 99.088 93.294 94.041 102.759 102.405 115.296 116.651 99.586 90.678 83.569 73.716 81.245 81.905 85.392 81.045 71.911 69.801 72.209 67.448 63.967 -9999 -9999 -9999 -9999 -9999 -9999 -9999 -9999 -9999 -9999 -9999 -9999 -9999 -9999 -9999 -9999 -9999 -9999 -9999 -9999 -9999 -9999
-9999 -9999 -9999 -9999 -9999 126.644 132.28 141.684 -9999 147.608 168.044 166.242 -9999 -9999 -9999 -9999 112.721 115.444 116.665 120.226 127.109 137.577 141.744 129.186 118.828 105.433 95.324 83.795 92.603 87.931 86.125 91.461 97.71 96.223 105.129 94.912 104.086 106.475 106.2 106.609 99.443 82.85 80.653 77.423 75.128 77.047 72.858 66.873 68.861 72.417 72.885 65.62 65.756 -9999 -9999 -9999 -9999 -9999 -9999 -9999 -9999 -9999 -9999 -9999 -9999 -9999 -9999 -9999 -9999 -9999 -9999 -9999 -9999 -9999
-9999 -9999 -9999 -9999 -9999 134.343 147.287 156.2 -9999 129.992 165.443 166.877 -9999 -9999 -9999 -9999 -9999 101.289 105.111 110.277 114.808 121.925 117.527 121.702 120.867 122.668 112.429 101.209 89.605 87.064 86.849 89.857 88.226 93.007 95.728 95.49 95.847 98.818 94.215 84.596 83.832 79.428 85.496 76.924 75.038 73.481 66.445 66.852 66.785 69.914 70.582 74.123 67.896 66.271 -9999 -9999 -9999 -9999 -9999 -9999 -9999 -9999 -9999 -9999 -9999 -9999 -9999 -9999 -9999 -9999 -9999 -9999 -9999 -9999
-9999 -9999 -9999 -9999 -9999 139.888 159.378 -9999 -9999 120.126 153.832 165.632 137.316 -9999 -9999 -9999 -9999 -9999 94.547 107.762 116.887 115.686 125.741 134.062 133.667 130.811 117.572 106.484 97.395 98.493 92.716 90.881 96.58 105.164 100.718 122.555 101.347 94.967 83.061 98.554 93.952 89.345 81.806 76.57 73.057 70.059 71.682 74.643 75.683 68.038 69.607 66.894 76.682 69.872 67.116 62.79 -9999 -9999 -9999 -9999 -9999 -9999 -9999 -9999 -9999 -9999 -9999 -9999 -9999 -9999 -9999 -9999 -9999 -9999
-9999 -9999 -9999 -9999 -9999 151.664 133.268 -9999 -9999 133.421 156.509 151.007 -9999 -9999 -9999 -9999 -9999 -9999 92.444 99.626 107.264 110.866 119.328 119.64 120.927 117.86 114.658 117.1 109.354 105.729 104.217 114.257 130.834 116.91 131.179 136.287 119.152 94.416 99.742 93.509 84.61 81.82 71.888 74.552 76.302 77.214 72.318 73.003 76.948 87.994 84.314 74.678 76.571 78.532 70.439 66.417 -9999 -9999 -9999 -9999 -9999 -9999 -9999 -9999 -9999 -9999 -9999 -9999 -9999 -9999 -9999 -9999 -9999 -9999
-9999 -9999 -9999 -9999 -9999 142.098 111.938 -9999 -9999 -9999 129.17 129.61 123.216 -9999 -9999 -9999 -9999 -9999 88.454 96.392 99.18 101.694 105.499 109.462 118.926 129.205 137.075 121.68 121.778 117.899 103.698 112.015 120.62 123.17 149.36 134.036 109.446 111.003 101.068 88.921 91.573 78.552 80.572 76.558 74.785 80.243 79.454 79.738 92.156 106.833 99.696 86.235 76.069 75.847 75.418 70.601 -9999 -9999 -9999 -9999 -9999 -9999 -9999 -9999 -9999 -9999 -9999 -9999 -9999 -9999 -9999 -9999 -9999 -9999
-9999 -9999 -9999 -9999 154.179 135.115 119.718 -9999 -9999 -9999 -9999 -9999 -9999 -9999 -9999 -9999 -9999 -9999 98.16 101.403 101.589 101.1 103.984 105.126 112.759 126.391 135.701 129.214 129.053 126.519 119.191 125.898 132.871 152.871 156.377 141.171 122.296 118.508 106.967 103.539 91.59 88.966 81.821 83.377 85.043 80.939 85.83 93.25 109.081 106.25 104.765 83.447 71.453 71.51 73.285 72.853 63.14 -9999 -9999 -9999 -9999 -9999 -9999 -9999 -9999 -9999 -9999 -9999 -9999 -9999 -9999 -9999 -9999 -9999
-9999 -9999 -9999 155.62 152.932 144.654 126.878 -9999 -9999 -9999 -9999 -9999 -9999 -9999 -9999 -9999 100.87 100.246 101.944 110.09 118.36 120.936 116.37 116.688 120.719 123.608 120.967 129.376 144.233 141.844 141.258 135.006 133.425 139.628 159.324 137.251 138.278 119.053 110.19 98.975 89.113 83.002 95.17 95.033 80.874 84.169 91.067 103.104 98.101 98.389 100.294 86.624 69.165 69.66 74.358 71.172 68.247 -9999 -9999 -9999 -9999 -9999 -9999 -9999 -9999 -9999 -9999 -9999 -9999 -9999 -9999 -9999 -9999 -9999
-9999 -9999 -9999 152.022 132.168 114.56 -9999 -9999 -9999 -9999 -9999 -9999 -9999 -9999 -9999 -9999 101.04 98.608 105.979 120.102 128.16 124.688 139.549 151.68 141.317 132.435 125.885 123.897 131.271 146.041 148.75 134.889 123.752 131.03 141.597 157.905 139.407 130.268 114.495 104.929 91.06 96.281 100.817 89.326 82.8 94.101 106.857 103.924 92.588 86.491 81.241 79.621 82.816 84.016 77.473 72.855 69.565 -9999 -9999 -9999 -9999 -9999 -9999 -9999 -9999 -9999 -9999 -9999 -9999 -9999 -9999 -9999 -9999 -9999
-9999 -9999 -9999 -9999 -9999 -9999 -9999 -9999 -9999 -9999 -9999 -9999 -9999 -9999 -9999 -9999 102.637 103.997 119.899 125.354 130.664 132.38 156.355 162.866 171.759 147.473 127.468 122.877 132.356 146.379 168.7 150.498 118.908 117.366 142.353 155.5 144.658 133.254 131.752 115.487 118.989 120.942 111.743 108.437 111.412 115.045 95.0 90.984 86.445 83.407 85.59 75.01 74.417 77.9 75.37 69.762 65.974 -9999 -9999 -9999 -9999 -9999 -9999 -9999 -9999 -9999 -9999 -9999 -9999 -9999 -9999 -9999 -9999 -9999
-9999 -9999 -9999 -9999 -9999 -9999 -9999 -9999 -9999 -9999 -9999 -9999 -9999 -9999 -9999 110.037 116.737 127.663 128.814 139.48 128.427 134.206 143.705 171.199 163.097 149.155 133.185 126.582 113.341 126.463 139.804 141.887 127.77 115.876 132.769 147.134 144.801 138.748 137.249 140.077 126.606 128.339 118.658 114.941 129.293 106.72 105.317 93.611 82.121 87.947 88.474 86.798 73.992 67.986 66.603 67.101 67.12 -9999 -9999 -9999 -9999 -9999 -9999 -9999 -9999 -9999 -9999 -9999 -9999 -9999 -9999 -9999 -9999 -9999
-9999 -9999 -9999 -9999 -9999 -9999 -9999 -9999 -9999 -9999 -9999 -9999 -9999 -9999 -9999 121.809 128.688 137.547 158.918 150.564 134.704 139.979 159.037 142.697 146.539 140.114 130.106 118.547 101.011 108.331 129.532 140.548 136.943 112.132 124.966 134.4 132.835 135.016 147.853 123.708 137.555 126.874 114.878 132.888 110.807 110.811 104.408 89.492 89.391 85.044 83.322 86.449 79.357 71.823 70.478 69.323 66.429 -9999 -9999 -9999 -9999 -9999 -9999 -9999 -9999 -9999 -9999 -9999 -9999 -9999 -9999 -9999 -9999 -9999
-9999 -9999 -9999 -9999 -9999 -9999 -9999 -9999 -9999 -9999 -9999 -9999 -9999 -9999 119.994 128.15 131.629 159.542 167.593 168.158 176.911 175.611 161.003 136.139 133.097 130.427 128.399 121.361 109.976 111.736 122.316 124.388 107.305 106.874 115.409 132.392 133.549 148.599 130.039 130.31 138.808 121.815 128.267 124.781 108.122 106.382 97.897 97.494 94.971 90.456 87.898 80.316 74.505 69.221 68.315 69.208 68.453 66.113 -9999 -9999 -9999 -9999 -9999 -9999 -9999 -9999 -9999 -9999 -9999 -9999 -9999 -9999 -9999 -9999
