Validation/Results/raw data/ReClimate_03_2024_2_Temperatureweatherlogisticsltd.asc
NCOLS 192
NROWS 249
XLLCENTER -225160.85627316462
YLLCENTER 29788.11610251502
CELLSIZE 5000.0
NODATA_VALUE -9999
[rows 204 to 237 of 249, columns 75 to 149 of 192]
-9999 -9999 -9999 -9999 -0.956 -9999 -0.924 -0.908 -0.902 -0.898 -0.897 -0.897 -0.883 -0.863 -0.855 -0.849 -0.842 -0.835 -0.825 -0.816 -0.818 -0.819 -0.815 -0.809 -0.799 -0.786 -0.785 -0.783 -0.783 -0.782 -0.774 -0.765 -0.762 -0.758 -0.777 -0.8 -0.76 -0.71 -0.706 -0.701 -0.697 -0.693 -0.686 -0.678 -0.651 -0.62 -0.623 -0.627 -0.611 -0.592 -0.594 -0.597 -0.586 -0.575 -0.566 -0.558 -0.545 -0.532 -0.525 -0.518 -0.501 -0.481 -0.452 -0.419 -0.41 -0.406 -0.397 -0.389 -0.381 -0.373 -0.365 -0.357 -0.346 -0.334 -0.347
-9999 -9999 -9999 -9999 -9999 -9999 -9999 -9999 -0.912 -0.903 -0.899 -0.892 -0.879 -0.863 -0.857 -0.856 -0.845 -0.823 -0.817 -0.822 -0.818 -0.809 -0.81 -0.82 -0.817 -0.823 -0.819 -0.799 -0.795 -0.779 -0.775 -0.774 -0.776 -0.785 -0.793 -0.778 -0.744 -0.714 -0.709 -0.697 -0.694 -0.688 -0.682 -0.674 -0.646 -0.615 -0.617 -0.624 -0.612 -0.607 -0.603 -0.589 -0.588 -0.582 -0.565 -0.553 -0.546 -0.536 -0.521 -0.509 -0.493 -0.473 -0.459 -0.437 -0.435 -0.436 -0.412 -0.394 -0.388 -0.383 -0.378 -0.372 -0.366 -0.358 -0.355
-9999 -9999 -9999 -9999 -9999 -9999 -9999 -9999 -0.91 -0.902 -0.894 -0.886 -0.876 -0.861 -0.857 -0.856 -0.837 -0.815 -0.817 -0.82 -0.809 -0.798 -0.807 -0.817 -0.824 -0.831 -0.817 -0.798 -0.786 -0.772 -0.772 -0.771 -0.78 -0.789 -0.777 -0.761 -0.738 -0.71 -0.701 -0.691 -0.687 -0.683 -0.677 -0.668 -0.641 -0.61 -0.613 -0.618 -0.613 -0.608 -0.596 -0.582 -0.58 -0.581 -0.565 -0.548 -0.542 -0.535 -0.52 -0.503 -0.487 -0.468 -0.456 -0.444 -0.445 -0.448 -0.425 -0.398 -0.392 -0.388 -0.383 -0.379 -0.374 -0.368 -0.366
-9999 -9999 -9999 -9999 -9999 -9999 -0.947 -0.935 -0.92 -0.9 -9999 -0.869 -0.857 -0.84 -0.842 -0.863 -0.844 -9999 -0.822 -0.809 -0.799 -0.795 -0.799 -0.805 -0.815 -0.832 -0.819 -0.801 -0.786 -0.759 -0.754 -0.74 -0.748 -0.76 -0.752 -0.756 -0.735 -0.713 -0.707 -0.704 -0.701 -0.695 -0.683 -0.651 -0.63 -0.622 -0.622 -0.62 -0.611 -0.597 -0.587 -0.574 -0.568 -0.565 -0.562 -0.553 -0.541 -0.532 -0.515 -0.497 -0.487 -0.473 -0.471 -0.468 -0.45 -0.442 -0.428 -0.406 -0.398 -0.392 -0.391 -0.39 -0.383 -0.377 -0.375
-9999 -9999 -9999 -9999 -9999 -9999 -0.943 -9999 -9999 -9999 -0.879 -0.859 -0.847 -9999 -9999 -9999 -9999 -9999 -0.818 -0.802 -0.796 -0.791 -0.791 -0.793 -0.808 -0.825 -0.811 -0.794 -0.773 -0.747 -0.735 -0.721 -0.73 -0.741 -0.743 -0.746 -0.729 -0.709 -0.707 -0.704 -0.7 -0.695 -0.671 -0.64 -0.632 -0.624 -0.62 -0.616 -0.603 -0.589 -0.579 -0.568 -0.562 -0.556 -0.553 -0.551 -0.54 -0.527 -0.511 -0.492 -0.484 -0.475 -0.474 -0.476 -0.46 -0.441 -0.426 -0.41 -0.402 -0.394 -0.393 -0.394 -0.387 -0.381 -0.379
-9999 -9999 -9999 -9999 -9999 -9999 -9999 -9999 -0.91 -0.896 -0.878 -0.86 -0.849 -9999 -9999 -9999 -9999 -9999 -9999 -9999 -9999 -0.803 -0.801 -0.796 -0.799 -0.788 -0.779 -0.776 -0.766 -0.77 -0.764 -0.761 -0.765 -0.755 -0.752 -0.735 -0.723 -0.714 -0.719 -0.733 -0.723 -0.696 -0.674 -0.646 -0.638 -0.626 -0.62 -0.612 -0.601 -0.593 -0.58 -0.569 -0.562 -0.557 -0.542 -0.532 -0.533 -0.526 -0.52 -0.509 -0.489 -0.475 -0.478 -0.482 -0.467 -0.449 -0.439 -0.426 -0.414 -0.404 -0.395 -0.391 -0.384 -0.377 -0.374
-9999 -9999 -9999 -9999 -9999 -9999 -9999 -9999 -9999 -0.895 -9999 -9999 -9999 -9999 -9999 -9999 -9999 -9999 -9999 -0.811 -0.808 -0.805 -0.8 -0.795 -0.782 -0.769 -0.765 -0.763 -0.767 -0.772 -0.771 -0.768 -0.761 -0.753 -0.739 -0.724 -0.718 -0.711 -0.724 -0.738 -0.717 -0.691 -9999 -0.644 -0.634 -0.623 -0.615 -0.607 -0.599 -0.59 -0.578 -0.565 -0.56 -0.554 -0.539 -0.523 -0.522 -0.525 -0.52 -0.515 -0.498 -0.476 -0.479 -0.484 -0.469 -0.453 -0.443 -0.432 -0.42 -0.408 -0.399 -0.39 -0.383 -0.376 -0.373
-9999 -9999 -9999 -9999 -9999 -9999 -9999 -9999 -9999 -9999 -9999 -9999 -9999 -9999 -9999 -9999 -9999 -9999 -9999 -0.798 -0.795 -0.797 -0.784 -9999 -9999 -9999 -0.746 -0.731 -0.734 -0.747 -0.743 -0.737 -0.736 -0.745 -0.735 -0.725 -0.72 -0.713 -0.721 -0.721 -0.699 -9999 -0.661 -0.644 -0.631 -0.609 -0.603 -0.601 -0.592 -0.584 -0.575 -0.572 -0.557 -0.546 -0.544 -0.536 -0.528 -0.527 -0.52 -0.514 -0.503 -0.486 -0.488 -0.493 -0.472 -0.452 -0.444 -0.435 -0.426 -0.415 -0.402 -0.39 -0.385 -0.38 -0.383
-9999 -9999 -9999 -9999 -9999 -9999 -9999 -9999 -9999 -9999 -9999 -9999 -9999 -9999 -9999 -9999 -9999 -9999 -9999 -9999 -9999 -9999 -9999 -9999 -9999 -9999 -0.736 -0.716 -0.723 -0.732 -0.724 -0.718 -0.725 -0.735 -0.728 -0.719 -0.714 -0.707 -0.708 -9999 -9999 -0.668 -0.655 -0.639 -0.621 -0.6 -0.597 -0.595 -0.585 -0.576 -0.573 -0.571 -0.557 -0.542 -0.541 -0.542 -0.536 -0.528 -0.522 -0.515 -0.504 -0.49 -0.492 -0.496 -0.476 -0.453 -0.444 -0.436 -0.428 -0.418 -0.404 -0.389 -0.384 -0.38 -0.384
-9999 -9999 -9999 -9999 -9999 -9999 -9999 -9999 -9999 -9999 -9999 -9999 -9999 -9999 -9999 -9999 -9999 -9999 -9999 -9999 -9999 -9999 -9999 -9999 -9999 -9999 -0.729 -0.721 -0.725 -0.733 -0.726 -0.72 -0.722 -0.72 -0.714 -0.71 -9999 -9999 -9999 -9999 -9999 -0.659 -0.647 -0.628 -0.615 -0.611 -0.603 -0.583 -0.575 -0.571 -0.568 -0.566 -0.565 -0.558 -0.552 -0.55 -0.544 -0.537 -0.526 -0.517 -0.508 -0.497 -0.485 -0.48 -0.47 -0.452 -0.447 -0.442 -0.437 -0.429 -0.416 -0.401 -0.392 -0.387 -0.395
-9999 -9999 -9999 -9999 -9999 -9999 -9999 -9999 -9999 -9999 -9999 -9999 -9999 -9999 -9999 -9999 -9999 -9999 -9999 -9999 -9999 -9999 -9999 -9999 -9999 -9999 -9999 -9999 -0.724 -0.731 -0.725 -0.718 -0.714 -0.712 -0.705 -9999 -9999 -9999 -9999 -0.668 -0.659 -0.651 -0.638 -0.619 -0.615 -0.612 -0.595 -0.576 -0.572 -0.569 -0.567 -0.564 -0.564 -0.565 -0.559 -0.552 -0.547 -0.54 -0.53 -0.518 -0.509 -0.5 -0.489 -0.475 -0.464 -0.452 -0.448 -0.445 -0.439 -0.434 -0.422 -0.408 -0.399 -0.391 -0.399
-9999 -9999 -9999 -9999 -9999 -9999 -9999 -9999 -9999 -9999 -9999 -9999 -9999 -9999 -9999 -9999 -9999 -9999 -9999 -9999 -9999 -9999 -9999 -9999 -9999 -9999 -9999 -9999 -9999 -0.726 -0.719 -0.715 -0.707 -0.696 -9999 -9999 -9999 -9999 -0.672 -0.658 -0.651 -0.644 -0.635 -0.63 -0.626 -0.622 -0.605 -0.582 -0.58 -0.581 -0.579 -0.581 -0.57 -0.565 -0.564 -0.561 -0.552 -0.543 -0.534 -0.523 -0.511 -0.499 -0.493 -0.484 -0.483 -0.479 -0.455 -0.441 -0.435 -0.429 -0.421 -0.412 -0.405 -0.398 -0.416
-9999 -9999 -9999 -9999 -9999 -9999 -9999 -9999 -9999 -9999 -9999 -9999 -9999 -9999 -9999 -9999 -9999 -9999 -9999 -9999 -9999 -9999 -9999 -9999 -9999 -9999 -9999 -9999 -9999 -9999 -9999 -9999 -9999 -9999 -9999 -9999 -9999 -0.675 -0.663 -0.654 -0.648 -0.641 -0.639 -0.635 -0.63 -0.626 -0.607 -0.585 -0.585 -0.586 -0.586 -0.587 -0.577 -0.565 -0.564 -0.563 -0.555 -0.545 -0.536 -0.526 -0.514 -0.5 -0.494 -0.488 -0.487 -0.489 -0.467 -0.442 -0.436 -0.429 -0.422 -0.416 -0.41 -0.403 -0.419
-9999 -9999 -9999 -9999 -9999 -9999 -9999 -9999 -9999 -9999 -9999 -9999 -9999 -9999 -9999 -9999 -9999 -9999 -9999 -9999 -9999 -9999 -9999 -9999 -9999 -9999 -9999 -9999 -9999 -9999 -9999 -9999 -9999 -9999 -9999 -9999 -0.653 -0.654 -0.654 -0.672 -0.667 -0.659 -0.655 -0.638 -0.633 -0.629 -0.615 -0.603 -0.605 -0.609 -0.608 -0.603 -0.606 -0.603 -0.595 -0.592 -0.571 -0.554 -0.545 -0.534 -0.527 -0.516 -0.507 -0.5 -0.495 -0.495 -0.482 -0.463 -0.453 -0.445 -0.439 -0.435 -0.417 -0.405 -0.417
-9999 -9999 -9999 -9999 -9999 -9999 -9999 -9999 -9999 -9999 -9999 -9999 -9999 -9999 -9999 -9999 -9999 -9999 -9999 -9999 -9999 -9999 -9999 -9999 -9999 -9999 -9999 -9999 -9999 -9999 -9999 -9999 -9999 -9999 -9999 -9999 -0.645 -0.645 -0.659 -0.677 -0.672 -0.666 -0.655 -0.639 -0.634 -0.631 -0.621 -0.61 -0.614 -0.619 -0.614 -0.609 -0.612 -0.616 -0.61 -0.601 -0.582 -0.558 -0.549 -0.538 -0.531 -0.522 -0.514 -0.505 -0.501 -0.498 -0.485 -0.472 -0.463 -0.453 -0.448 -0.444 -0.428 -0.408 -0.419
-9999 -9999 -9999 -9999 -9999 -9999 -9999 -9999 -9999 -9999 -9999 -9999 -9999 -9999 -9999 -9999 -9999 -9999 -9999 -9999 -9999 -9999 -9999 -0.797 -0.789 -0.77 -0.761 -9999 -0.738 -9999 -9999 -9999 -9999 -9999 -9999 -9999 -9999 -0.648 -0.664 -0.686 -0.68 -0.668 -0.66 -0.649 -0.646 -0.643 -0.637 -0.636 -0.634 -0.621 -0.625 -0.627 -0.618 -0.615 -0.612 -0.606 -0.591 -0.57 -0.556 -0.543 -0.541 -0.535 -0.524 -0.513 -0.52 -0.524 -0.502 -0.483 -0.472 -0.462 -0.453 -0.447 -0.445 -0.435 -0.446
-9999 -9999 -9999 -9999 -9999 -9999 -9999 -9999 -9999 -9999 -9999 -9999 -9999 -9999 -9999 -9999 -9999 -9999 -9999 -9999 -0.798 -0.789 -0.793 -0.803 -0.792 -0.776 -0.765 -0.753 -0.737 -0.718 -0.694 -9999 -9999 -0.669 -0.656 -0.641 -0.643 -0.648 -0.666 -0.687 -0.679 -0.668 -0.663 -0.653 -0.65 -0.648 -0.647 -0.646 -0.634 -0.621 -0.626 -0.632 -0.624 -0.614 -0.611 -0.608 -0.593 -0.575 -0.562 -0.545 -0.543 -0.541 -0.53 -0.517 -0.524 -0.534 -0.514 -0.489 -0.478 -0.467 -0.459 -0.45 -0.448 -0.447 -0.457
-9999 -9999 -9999 -9999 -9999 -9999 -9999 -9999 -9999 -9999 -9999 -9999 -9999 -9999 -9999 -9999 -9999 -9999 -9999 -0.813 -0.803 -0.789 -0.797 -0.806 -0.798 -0.794 -0.783 -0.767 -0.757 -0.754 -0.723 -0.67 -0.668 -0.657 -0.648 -0.648 -0.652 -0.659 -0.67 -0.67 -0.663 -0.661 -0.66 -0.664 -0.666 -0.677 -0.672 -0.656 -0.643 -0.624 -0.629 -0.636 -0.629 -0.619 -0.614 -0.609 -0.603 -0.59 -0.587 -0.578 -0.57 -0.565 -0.542 -0.523 -0.521 -0.526 -0.507 -0.483 -0.486 -0.483 -0.471 -0.461 -0.463 -0.465 -0.474
-9999 -9999 -9999 -9999 -9999 -9999 -9999 -9999 -9999 -9999 -9999 -9999 -9999 -9999 -9999 -9999 -9999 -9999 -9999 -0.818 -0.799 -0.79 -0.796 -0.805 -0.801 -0.798 -0.784 -0.77 -0.767 -0.765 -0.723 -0.672 -0.662 -0.651 -0.65 -0.65 -0.656 -0.662 -0.662 -0.662 -0.66 -0.658 -0.663 -0.667 -0.677 -0.688 -0.674 -0.659 -0.643 -0.625 -0.63 -0.637 -0.63 -0.62 -0.615 -0.609 -0.604 -0.597 -0.594 -0.591 -0.584 -0.574 -0.553 -0.527 -0.525 -0.524 -0.505 -0.483 -0.485 -0.489 -0.479 -0.466 -0.468 -0.473 -0.481
-9999 -9999 -9999 -9999 -9999 -9999 -9999 -9999 -9999 -9999 -9999 -9999 -9999 -9999 -9999 -9999 -9999 -9999 -9999 -0.815 -0.801 -0.819 -0.821 -0.81 -0.802 -0.793 -0.776 -0.754 -0.745 -0.729 -0.7 -0.69 -0.68 -0.666 -0.668 -0.673 -0.678 -0.679 -0.68 -0.678 -0.678 -0.678 -0.684 -0.685 -0.691 -0.687 -0.676 -0.667 -0.654 -0.641 -0.642 -0.634 -0.634 -0.629 -0.621 -0.612 -0.608 -0.602 -0.599 -0.595 -0.587 -0.578 -0.564 -0.543 -0.544 -0.546 -0.516 -0.488 -0.481 -0.479 -0.476 -0.467 -0.471 -0.476 -0.465
-9999 -9999 -9999 -9999 -9999 -9999 -9999 -9999 -9999 -9999 -9999 -9999 -9999 -9999 -9999 -0.857 -0.854 -9999 -0.838 -0.813 -0.823 -0.831 -0.822 -0.81 -0.799 -0.789 -0.768 -0.745 -0.729 -0.713 -0.705 -0.697 -0.686 -0.673 -0.677 -0.682 -0.683 -0.685 -0.684 -0.683 -0.684 -0.685 -0.689 -0.692 -0.691 -0.685 -0.678 -0.67 -0.659 -0.647 -0.64 -0.633 -0.633 -0.632 -0.624 -0.614 -0.61 -0.605 -0.602 -0.597 -0.589 -0.579 -0.566 -0.549 -0.551 -0.555 -0.526 -0.491 -0.484 -0.477 -0.473 -0.469 -0.473 -0.478 -0.468
-9999 -9999 -9999 -9999 -9999 -9999 -9999 -9999 -9999 -9999 -9999 -9999 -9999 -9999 -9999 -0.857 -0.857 -0.859 -0.85 -0.846 -0.847 -0.827 -0.819 -0.812 -0.802 -0.793 -0.776 -0.762 -0.747 -0.728 -0.721 -0.712 -0.707 -0.709 -0.709 -0.694 -0.691 -0.678 -0.679 -0.684 -0.688 -0.696 -0.699 -0.699 -0.696 -0.686 -0.676 -0.66 -0.648 -0.633 -0.63 -0.635 -0.628 -0.624 -0.627 -0.623 -0.625 -0.624 -0.618 -0.613 -0.592 -0.574 -0.575 -0.567 -0.561 -0.56 -0.539 -0.51 -0.496 -0.485 -0.485 -0.484 -0.485 -0.489 -0.475
-9999 -9999 -9999 -9999 -9999 -9999 -9999 -9999 -9999 -9999 -9999 -9999 -9999 -9999 -0.866 -0.855 -0.856 -0.859 -0.857 -0.855 -0.841 -0.823 -0.819 -0.812 -0.802 -0.793 -0.781 -0.769 -0.752 -0.734 -0.726 -0.718 -0.72 -0.724 -0.712 -0.699 -0.688 -0.674 -0.678 -0.683 -0.69 -0.699 -0.7 -0.7 -0.695 -0.686 -0.671 -0.655 -0.642 -0.628 -0.63 -0.635 -0.628 -0.62 -0.623 -0.626 -0.628 -0.631 -0.627 -0.619 -0.599 -0.573 -0.573 -0.574 -0.568 -0.562 -0.542 -0.517 -0.504 -0.489 -0.489 -0.489 -0.491 -0.493 -0.48
-9999 -9999 -9999 -9999 -9999 -9999 -9999 -9999 -9999 -9999 -9999 -9999 -9999 -9999 -9999 -0.856 -0.85 -0.832 -0.83 -0.83 -0.819 -0.813 -0.812 -0.811 -0.801 -0.787 -0.776 -0.766 -0.75 -0.733 -0.73 -0.735 -0.729 -0.708 -0.705 -0.718 -0.704 -0.678 -0.685 -0.7 -0.705 -0.705 -0.703 -0.693 -0.69 -0.683 -0.67 -0.653 -0.643 -0.639 -0.642 -0.647 -0.642 -0.635 -0.628 -0.626 -0.617 -0.612 -0.621 -9999 -0.61 -0.59 -0.579 -0.573 -0.557 -0.544 -0.545 -0.534 -0.518 -0.502 -0.494 -0.49 -0.482 -0.477 -0.473
-9999 -9999 -9999 -9999 -9999 -9999 -9999 -9999 -9999 -9999 -9999 -9999 -9999 -9999 -0.864 -0.854 -0.838 -0.82 -0.818 -0.818 -0.813 -0.807 -0.809 -0.809 -0.798 -0.786 -0.776 -0.766 -0.75 -0.733 -0.736 -0.741 -0.723 -0.701 -0.712 -0.725 -0.704 -0.679 -0.69 -0.705 -0.705 -0.705 -0.698 -0.689 -0.686 -0.681 -0.669 -0.652 -0.648 -0.644 -0.646 -0.651 -0.646 -0.639 -0.634 -0.626 -0.616 -0.604 -0.612 -0.621 -9999 -0.596 -9999 -0.573 -9999 -0.538 -9999 -0.54 -0.525 -0.508 -0.499 -0.49 -0.482 -0.471 -9999
-9999 -9999 -9999 -9999 -9999 -9999 -9999 -9999 -9999 -9999 -9999 -9999 -9999 -9999 -0.864 -0.869 -0.849 -0.817 -0.818 -0.825 -0.816 -0.796 -0.796 -0.795 -0.793 -0.808 -0.796 -0.772 -0.761 -0.76 -0.758 -0.748 -0.735 -0.729 -0.735 -0.733 -0.718 -0.709 -0.712 -0.698 -0.702 -0.715 -0.705 -0.685 -0.684 -0.685 -0.674 -0.655 -0.651 -0.649 -0.648 -0.64 -0.646 -0.647 -0.63 -0.617 -0.622 -0.617 -0.615 -0.618 -9999 -9999 -0.582 -0.57 -9999 -9999 -0.538 -0.53 -0.517 -9999 -9999 -9999 -9999 -9999 -9999
-9999 -9999 -9999 -9999 -9999 -9999 -9999 -9999 -9999 -9999 -9999 -9999 -9999 -0.88 -0.878 -0.875 -0.847 -0.816 -0.821 -0.828 -0.81 -0.791 -0.79 -0.789 -0.8 -0.815 -0.796 -0.774 -0.772 -0.771 -0.761 -0.751 -0.745 -0.739 -0.737 -0.735 -0.728 -0.72 -0.708 -0.694 -0.704 -0.717 -0.701 -0.682 -0.683 -0.685 -0.673 -0.657 -0.654 -0.652 -0.645 -0.637 -0.643 -0.65 -0.634 -0.613 -0.618 -9999 -9999 -9999 -0.601 -9999 -9999 -9999 -9999 -9999 -9999 -0.52 -9999 -9999 -9999 -9999 -9999 -9999 -9999
-9999 -9999 -9999 -9999 -9999 -9999 -9999 -9999 -9999 -9999 -9999 -9999 -0.902 -0.895 -0.89 -0.882 -0.86 -0.841 -0.843 -0.835 -0.823 -0.816 -0.821 -0.83 -0.831 -0.812 -0.798 -0.791 -0.786 -0.774 -0.77 -0.774 -0.765 -0.745 -0.737 -9999 -9999 -9999 -9999 -9999 -0.688 -0.696 -0.685 -0.687 -0.691 -0.7 -0.689 -0.671 -0.666 -0.645 -9999 -0.629 -9999 -9999 -9999 -9999 -9999 -0.63 -0.625 -0.616 -0.606 -0.59 -0.58 -9999 -9999 -9999 -9999 -9999 -9999 -9999 -9999 -9999 -9999 -9999 -9999
-9999 -9999 -9999 -9999 -9999 -9999 -9999 -9999 -9999 -9999 -9999 -0.925 -0.916 -0.9 -0.893 -0.885 -0.87 -0.852 -0.845 -0.838 -0.832 -0.826 -0.836 -0.846 -0.828 -0.809 -0.802 -0.795 -0.784 -0.773 -0.776 -0.782 -9999 -9999 -9999 -9999 -9999 -9999 -9999 -9999 -9999 -9999 -0.685 -0.688 -0.695 -0.703 -0.692 -0.676 -0.663 -0.646 -0.634 -9999 -9999 -9999 -9999 -9999 -9999 -9999 -0.62 -0.615 -0.606 -0.594 -9999 -9999 -9999 -9999 -9999 -9999 -9999 -9999 -9999 -9999 -9999 -9999 -9999
-9999 -9999 -9999 -9999 -9999 -9999 -9999 -9999 -9999 -0.908 -0.923 -0.94 -0.933 -0.92 -0.915 -0.912 -0.898 -0.878 -0.873 -0.869 -0.862 -0.848 -0.859 -0.867 -0.846 -0.816 -0.808 -0.799 -0.787 -0.772 -9999 -9999 -9999 -9999 -9999 -9999 -9999 -9999 -9999 -9999 -9999 -9999 -9999 -0.681 -9999 -9999 -9999 -9999 -9999 -0.658 -0.648 -9999 -9999 -9999 -9999 -9999 -9999 -9999 -9999 -9999 -0.604 -0.597 -9999 -9999 -9999 -9999 -9999 -9999 -9999 -9999 -9999 -9999 -9999 -9999 -9999
-9999 -9999 -9999 -9999 -9999 -9999 -9999 -9999 -0.894 -9999 -0.923 -0.94 -0.938 -0.928 -0.926 -0.924 -0.907 -0.889 -0.885 -0.881 -0.87 -0.857 -0.866 -0.874 -0.848 -0.818 -0.808 -0.799 -0.785 -0.775 -9999 -9999 -9999 -9999 -9999 -9999 -9999 -9999 -9999 -9999 -9999 -9999 -9999 -9999 -0.685 -9999 -9999 -9999 -9999 -9999 -9999 -9999 -9999 -9999 -9999 -9999 -9999 -9999 -9999 -9999 -9999 -9999 -9999 -9999 -9999 -9999 -9999 -9999 -9999 -9999 -9999 -9999 -9999 -9999 -9999
-9999 -9999 -9999 -9999 -9999 -9999 -9999 -0.881 -0.893 -0.923 -0.941 -0.959 -0.961 -0.955 -0.952 -0.934 -0.919 -0.904 -0.898 -9999 -0.876 -0.867 -0.873 -0.869 -0.842 -0.806 -0.799 -0.799 -0.791 -9999 -9999 -9999 -9999 -9999 -9999 -9999 -9999 -9999 -9999 -9999 -9999 -9999 -9999 -9999 -9999 -9999 -9999 -9999 -9999 -9999 -9999 -9999 -9999 -9999 -9999 -9999 -9999 -9999 -9999 -9999 -9999 -9999 -9999 -9999 -9999 -9999 -9999 -9999 -9999 -9999 -9999 -9999 -9999 -9999 -9999
-9999 -9999 -9999 -9999 -9999 -9999 -9999 -0.88 -0.901 -0.925 -0.942 -0.96 -0.963 -0.961 -0.954 -0.939 -0.926 -0.911 -0.9 -0.888 -0.881 -0.872 -0.871 -0.867 -0.838 -0.802 -0.799 -0.798 -0.798 -9999 -9999 -9999 -9999 -9999 -9999 -9999 -9999 -9999 -9999 -9999 -9999 -9999 -9999 -9999 -9999 -9999 -9999 -9999 -9999 -9999 -9999 -9999 -9999 -9999 -9999 -9999 -9999 -9999 -9999 -9999 -9999 -9999 -9999 -9999 -9999 -9999 -9999 -9999 -9999 -9999 -9999 -9999 -9999 -9999 -9999
-9999 -9999 -9999 -9999 -9999 -9999 -0.874 -0.884 -0.901 -0.912 -0.931 -0.955 -0.959 -0.962 -0.957 -0.943 -0.93 -0.904 -0.896 -0.893 -0.887 -0.882 -0.875 -0.855 -0.829 -0.805 -0.798 -0.79 -9999 -9999 -9999 -9999 -9999 -9999 -9999 -9999 -9999 -9999 -9999 -9999 -9999 -9999 -9999 -9999 -9999 -9999 -9999 -9999 -9999 -9999 -9999 -9999 -9999 -9999 -9999 -9999 -9999 -9999 -9999 -9999 -9999 -9999 -9999 -9999 -9999 -9999 -9999 -9999 -9999 -9999 -9999 -9999 -9999 -9999 -9999
