Validation/Results/raw data/ReClimate_05_2024_1_Temperature.asc
NCOLS 192
NROWS 249
XLLCENTER -225160.85627316462
YLLCENTER 29788.11610251502
CELLSIZE 5000.0
NODATA_VALUE -9999
[rows 204 to 237 of 249, columns 75 to 149 of 192]
-9999 -9999 -9999 -9999 -0.098 -9999 -0.081 -0.069 -0.063 -0.059 -0.047 -0.035 -0.03 -0.025 -0.01 0.006 0.005 0.002 0.006 0.009 0.006 -0.0 0.002 0.003 0.005 0.007 0.008 0.008 0.01 0.011 0.008 0.005 0.007 0.008 0.014 0.02 0.019 0.016 0.022 0.028 0.033 0.037 0.039 0.041 0.047 0.051 0.061 0.072 0.068 0.062 0.076 0.093 0.099 0.103 0.116 0.128 0.134 0.138 0.146 0.152 0.155 0.155 0.17 0.183 0.197 0.211 0.204 0.191 0.2 0.208 0.213 0.217 0.227 0.236 0.229
-9999 -9999 -9999 -9999 -9999 -9999 -9999 -9999 -0.051 -0.051 -0.045 -0.05 -0.042 -0.025 -0.012 -0.004 -0.002 0.002 0.007 0.012 0.012 0.013 0.015 0.012 0.016 0.016 0.017 0.013 0.017 0.024 0.023 0.022 0.029 0.041 0.042 0.029 0.027 0.018 0.027 0.04 0.044 0.043 0.048 0.054 0.063 0.073 0.082 0.085 0.082 0.073 0.085 0.094 0.103 0.109 0.117 0.126 0.134 0.139 0.148 0.155 0.155 0.154 0.175 0.192 0.197 0.204 0.207 0.202 0.201 0.203 0.212 0.218 0.224 0.231 0.226
-9999 -9999 -9999 -9999 -9999 -9999 -9999 -9999 -0.052 -0.051 -0.054 -0.059 -0.045 -0.028 -0.019 -0.012 -0.006 -0.002 0.004 0.009 0.013 0.016 0.015 0.013 0.016 0.017 0.016 0.012 0.019 0.026 0.027 0.027 0.039 0.051 0.043 0.031 0.025 0.018 0.03 0.043 0.045 0.045 0.052 0.059 0.07 0.081 0.086 0.089 0.085 0.077 0.085 0.093 0.102 0.11 0.118 0.124 0.132 0.139 0.147 0.155 0.155 0.153 0.172 0.191 0.195 0.196 0.2 0.201 0.2 0.196 0.204 0.213 0.219 0.223 0.218
-9999 -9999 -9999 -9999 -9999 -9999 -0.079 -0.063 -0.057 -0.04 -9999 -0.056 -0.045 -0.038 -0.033 -0.029 -0.026 -9999 -0.012 0.007 0.01 0.011 0.013 0.016 0.016 0.011 0.014 0.025 0.031 0.034 0.035 0.03 0.041 0.049 0.043 0.037 0.034 0.03 0.04 0.043 0.047 0.056 0.06 0.057 0.067 0.076 0.08 0.083 0.084 0.097 0.094 0.096 0.11 0.12 0.132 0.141 0.138 0.138 0.153 0.164 0.174 0.177 0.18 0.19 0.196 0.2 0.2 0.2 0.209 0.212 0.216 0.224 0.219 0.217 0.216
-9999 -9999 -9999 -9999 -9999 -9999 -0.08 -9999 -9999 -9999 -0.047 -0.058 -0.051 -9999 -9999 -9999 -9999 -9999 -0.018 0.002 0.005 0.006 0.01 0.014 0.011 0.006 0.016 0.027 0.031 0.035 0.033 0.029 0.037 0.045 0.042 0.038 0.037 0.034 0.038 0.041 0.05 0.059 0.058 0.055 0.064 0.072 0.077 0.079 0.091 0.104 0.102 0.096 0.109 0.122 0.134 0.145 0.143 0.137 0.151 0.166 0.175 0.182 0.185 0.185 0.191 0.196 0.197 0.195 0.204 0.212 0.217 0.222 0.218 0.209 0.208
-9999 -9999 -9999 -9999 -9999 -9999 -9999 -9999 -0.09 -0.076 -0.076 -0.054 -0.053 -9999 -9999 -9999 -9999 -9999 -9999 -9999 -9999 -0.005 0.002 0.014 0.012 0.005 0.015 0.021 0.024 0.024 0.023 0.024 0.029 0.028 0.029 0.037 0.039 0.044 0.049 0.05 0.057 0.057 0.057 0.056 0.067 0.082 0.087 0.088 0.098 0.101 0.104 0.102 0.11 0.121 0.122 0.127 0.139 0.141 0.153 0.165 0.171 0.176 0.182 0.184 0.192 0.198 0.206 0.21 0.209 0.212 0.208 0.207 0.217 0.217 0.216
-9999 -9999 -9999 -9999 -9999 -9999 -9999 -9999 -9999 -0.093 -9999 -9999 -9999 -9999 -9999 -9999 -9999 -9999 -9999 -0.021 -0.019 -0.012 -0.001 0.011 0.008 0.002 0.01 0.016 0.017 0.017 0.018 0.019 0.02 0.019 0.027 0.035 0.041 0.047 0.05 0.052 0.054 0.055 -9999 0.055 0.069 0.085 0.088 0.091 0.096 0.1 0.103 0.104 0.111 0.119 0.121 0.119 0.13 0.14 0.151 0.161 0.167 0.17 0.176 0.18 0.188 0.194 0.203 0.21 0.21 0.207 0.204 0.197 0.206 0.214 0.213
-9999 -9999 -9999 -9999 -9999 -9999 -9999 -9999 -9999 -9999 -9999 -9999 -9999 -9999 -9999 -9999 -9999 -9999 -9999 -0.029 -0.024 -0.015 -0.009 -9999 -9999 -9999 -0.005 0.008 0.011 0.016 0.017 0.016 0.023 0.039 0.044 0.038 0.044 0.048 0.05 0.048 0.052 -9999 0.068 0.068 0.079 0.082 0.089 0.1 0.105 0.103 0.108 0.116 0.114 0.116 0.125 0.128 0.136 0.145 0.154 0.163 0.159 0.157 0.171 0.181 0.187 0.192 0.202 0.211 0.208 0.203 0.204 0.2 0.196 0.196 0.199
-9999 -9999 -9999 -9999 -9999 -9999 -9999 -9999 -9999 -9999 -9999 -9999 -9999 -9999 -9999 -9999 -9999 -9999 -9999 -9999 -9999 -9999 -9999 -9999 -9999 -9999 -0.011 0.001 0.007 0.013 0.014 0.013 0.028 0.046 0.043 0.037 0.043 0.047 0.047 -9999 -9999 0.07 0.072 0.073 0.077 0.08 0.091 0.103 0.105 0.104 0.112 0.119 0.118 0.113 0.121 0.129 0.137 0.144 0.152 0.159 0.156 0.149 0.163 0.177 0.183 0.187 0.197 0.207 0.203 0.196 0.197 0.195 0.191 0.184 0.186
-9999 -9999 -9999 -9999 -9999 -9999 -9999 -9999 -9999 -9999 -9999 -9999 -9999 -9999 -9999 -9999 -9999 -9999 -9999 -9999 -9999 -9999 -9999 -9999 -9999 -9999 -0.011 -0.005 -0.0 0.009 0.012 0.02 0.032 0.036 0.036 0.038 -9999 -9999 -9999 -9999 -9999 0.079 0.083 0.088 0.09 0.083 0.092 0.096 0.098 0.1 0.107 0.111 0.116 0.115 0.123 0.131 0.146 0.157 0.157 0.159 0.166 0.165 0.166 0.173 0.172 0.171 0.181 0.19 0.195 0.193 0.198 0.199 0.193 0.185 0.193
-9999 -9999 -9999 -9999 -9999 -9999 -9999 -9999 -9999 -9999 -9999 -9999 -9999 -9999 -9999 -9999 -9999 -9999 -9999 -9999 -9999 -9999 -9999 -9999 -9999 -9999 -9999 -9999 -0.008 0.004 0.012 0.021 0.025 0.029 0.034 -9999 -9999 -9999 -9999 0.051 0.064 0.081 0.087 0.093 0.09 0.084 0.088 0.092 0.095 0.097 0.102 0.106 0.11 0.114 0.121 0.128 0.143 0.158 0.158 0.155 0.162 0.166 0.168 0.167 0.166 0.16 0.17 0.179 0.183 0.187 0.192 0.195 0.189 0.18 0.188
-9999 -9999 -9999 -9999 -9999 -9999 -9999 -9999 -9999 -9999 -9999 -9999 -9999 -9999 -9999 -9999 -9999 -9999 -9999 -9999 -9999 -9999 -9999 -9999 -9999 -9999 -9999 -9999 -9999 -0.013 -0.008 0.001 0.007 0.025 -9999 -9999 -9999 -9999 0.046 0.053 0.067 0.078 0.085 0.093 0.095 0.102 0.106 0.104 0.11 0.115 0.121 0.122 0.117 0.115 0.123 0.13 0.137 0.148 0.157 0.16 0.164 0.168 0.178 0.183 0.177 0.169 0.166 0.167 0.177 0.183 0.188 0.19 0.185 0.176 0.187
-9999 -9999 -9999 -9999 -9999 -9999 -9999 -9999 -9999 -9999 -9999 -9999 -9999 -9999 -9999 -9999 -9999 -9999 -9999 -9999 -9999 -9999 -9999 -9999 -9999 -9999 -9999 -9999 -9999 -9999 -9999 -9999 -9999 -9999 -9999 -9999 -9999 0.04 0.046 0.053 0.064 0.075 0.082 0.09 0.099 0.107 0.108 0.107 0.114 0.12 0.124 0.125 0.121 0.114 0.122 0.129 0.135 0.141 0.149 0.157 0.162 0.165 0.174 0.184 0.178 0.168 0.165 0.159 0.168 0.177 0.181 0.183 0.178 0.17 0.179
-9999 -9999 -9999 -9999 -9999 -9999 -9999 -9999 -9999 -9999 -9999 -9999 -9999 -9999 -9999 -9999 -9999 -9999 -9999 -9999 -9999 -9999 -9999 -9999 -9999 -9999 -9999 -9999 -9999 -9999 -9999 -9999 -9999 -9999 -9999 -9999 0.035 0.042 0.049 0.052 0.064 0.081 0.087 0.089 0.098 0.107 0.11 0.112 0.116 0.113 0.119 0.128 0.13 0.127 0.129 0.132 0.147 0.157 0.157 0.16 0.162 0.164 0.174 0.182 0.183 0.177 0.172 0.165 0.165 0.169 0.172 0.173 0.174 0.169 0.179
-9999 -9999 -9999 -9999 -9999 -9999 -9999 -9999 -9999 -9999 -9999 -9999 -9999 -9999 -9999 -9999 -9999 -9999 -9999 -9999 -9999 -9999 -9999 -9999 -9999 -9999 -9999 -9999 -9999 -9999 -9999 -9999 -9999 -9999 -9999 -9999 0.032 0.042 0.046 0.049 0.065 0.081 0.084 0.086 0.095 0.104 0.109 0.112 0.111 0.108 0.118 0.127 0.129 0.129 0.131 0.131 0.145 0.16 0.16 0.157 0.16 0.16 0.169 0.177 0.178 0.176 0.171 0.162 0.163 0.161 0.163 0.164 0.165 0.164 0.173
-9999 -9999 -9999 -9999 -9999 -9999 -9999 -9999 -9999 -9999 -9999 -9999 -9999 -9999 -9999 -9999 -9999 -9999 -9999 -9999 -9999 -9999 -9999 -0.005 -0.0 -0.011 -0.001 -9999 0.004 -9999 -9999 -9999 -9999 -9999 -9999 -9999 -9999 0.052 0.057 0.061 0.073 0.079 0.084 0.092 0.099 0.097 0.101 0.103 0.103 0.1 0.113 0.124 0.131 0.135 0.15 0.159 0.147 0.147 0.16 0.164 0.168 0.171 0.178 0.186 0.182 0.177 0.179 0.175 0.174 0.172 0.172 0.172 0.178 0.181 0.173
-9999 -9999 -9999 -9999 -9999 -9999 -9999 -9999 -9999 -9999 -9999 -9999 -9999 -9999 -9999 -9999 -9999 -9999 -9999 -9999 -0.039 -0.029 -0.017 -0.004 -0.003 -0.008 0.002 0.011 0.009 0.005 -0.001 -9999 -9999 0.013 0.019 0.022 0.037 0.053 0.059 0.064 0.07 0.076 0.084 0.092 0.093 0.092 0.095 0.097 0.097 0.094 0.107 0.121 0.128 0.134 0.149 0.165 0.155 0.14 0.152 0.164 0.168 0.17 0.178 0.185 0.181 0.172 0.175 0.174 0.174 0.17 0.17 0.17 0.175 0.181 0.174
-9999 -9999 -9999 -9999 -9999 -9999 -9999 -9999 -9999 -9999 -9999 -9999 -9999 -9999 -9999 -9999 -9999 -9999 -9999 -0.051 -0.041 -0.04 -0.024 -0.005 0.001 0.007 0.018 0.017 0.018 0.018 0.011 -0.004 0.011 0.022 0.031 0.037 0.05 0.059 0.065 0.067 0.074 0.08 0.09 0.102 0.105 0.106 0.112 0.119 0.115 0.096 0.11 0.123 0.131 0.137 0.144 0.155 0.156 0.147 0.164 0.18 0.169 0.163 0.178 0.189 0.187 0.18 0.177 0.174 0.181 0.182 0.179 0.176 0.179 0.184 0.18
-9999 -9999 -9999 -9999 -9999 -9999 -9999 -9999 -9999 -9999 -9999 -9999 -9999 -9999 -9999 -9999 -9999 -9999 -9999 -0.053 -0.055 -0.049 -0.03 -0.01 -0.0 0.009 0.013 0.015 0.017 0.02 0.012 -0.001 0.012 0.025 0.033 0.04 0.05 0.06 0.063 0.066 0.073 0.08 0.091 0.104 0.107 0.109 0.117 0.126 0.113 0.095 0.108 0.122 0.129 0.136 0.143 0.149 0.149 0.147 0.164 0.182 0.173 0.158 0.172 0.186 0.184 0.178 0.175 0.169 0.175 0.181 0.178 0.173 0.176 0.178 0.175
-9999 -9999 -9999 -9999 -9999 -9999 -9999 -9999 -9999 -9999 -9999 -9999 -9999 -9999 -9999 -9999 -9999 -9999 -9999 -0.059 -0.061 -0.032 -0.017 -0.013 -0.004 -0.0 0.007 0.018 0.02 0.018 0.015 0.016 0.025 0.025 0.029 0.024 0.038 0.064 0.067 0.067 0.076 0.085 0.097 0.11 0.114 0.119 0.125 0.125 0.117 0.113 0.126 0.134 0.14 0.146 0.154 0.161 0.169 0.173 0.171 0.179 0.186 0.182 0.185 0.193 0.192 0.187 0.181 0.174 0.177 0.181 0.174 0.166 0.164 0.162 0.177
-9999 -9999 -9999 -9999 -9999 -9999 -9999 -9999 -9999 -9999 -9999 -9999 -9999 -9999 -9999 -0.083 -0.077 -9999 -0.068 -0.067 -0.049 -0.029 -0.023 -0.019 -0.013 -0.008 0.004 0.015 0.015 0.015 0.019 0.02 0.023 0.023 0.021 0.015 0.038 0.063 0.065 0.065 0.075 0.085 0.097 0.109 0.115 0.12 0.122 0.122 0.121 0.118 0.127 0.135 0.142 0.147 0.155 0.162 0.171 0.179 0.179 0.175 0.182 0.188 0.191 0.192 0.19 0.186 0.18 0.17 0.173 0.175 0.168 0.158 0.155 0.15 0.164
-9999 -9999 -9999 -9999 -9999 -9999 -9999 -9999 -9999 -9999 -9999 -9999 -9999 -9999 -9999 -0.089 -0.08 -0.069 -0.06 -0.055 -0.042 -0.041 -0.034 -0.025 -0.017 -0.007 0.006 0.018 0.023 0.033 0.037 0.035 0.04 0.044 0.045 0.043 0.063 0.075 0.079 0.08 0.087 0.085 0.095 0.102 0.107 0.113 0.113 0.108 0.112 0.124 0.132 0.135 0.141 0.147 0.158 0.167 0.164 0.166 0.178 0.181 0.187 0.192 0.193 0.192 0.191 0.187 0.185 0.178 0.191 0.2 0.189 0.178 0.179 0.178 0.161
-9999 -9999 -9999 -9999 -9999 -9999 -9999 -9999 -9999 -9999 -9999 -9999 -9999 -9999 -0.108 -0.097 -0.084 -0.07 -0.062 -0.054 -0.051 -0.05 -0.041 -0.032 -0.021 -0.011 0.002 0.014 0.025 0.036 0.039 0.038 0.045 0.05 0.052 0.052 0.065 0.077 0.081 0.083 0.084 0.082 0.09 0.096 0.102 0.108 0.105 0.1 0.112 0.123 0.129 0.132 0.138 0.143 0.154 0.166 0.164 0.158 0.17 0.181 0.186 0.19 0.19 0.187 0.186 0.182 0.181 0.177 0.189 0.203 0.194 0.18 0.182 0.182 0.167
-9999 -9999 -9999 -9999 -9999 -9999 -9999 -9999 -9999 -9999 -9999 -9999 -9999 -9999 -9999 -0.102 -0.093 -0.093 -0.081 -0.061 -0.054 -0.04 -0.032 -0.028 -0.018 -0.011 0.001 0.01 0.021 0.034 0.038 0.036 0.045 0.055 0.06 0.065 0.072 0.066 0.071 0.078 0.082 0.089 0.096 0.102 0.108 0.111 0.114 0.12 0.127 0.123 0.139 0.148 0.148 0.15 0.152 0.158 0.167 0.168 0.173 -9999 0.184 0.185 0.188 0.186 0.183 0.178 0.184 0.185 0.194 0.207 0.188 0.169 0.153 0.139 0.151
-9999 -9999 -9999 -9999 -9999 -9999 -9999 -9999 -9999 -9999 -9999 -9999 -9999 -9999 -0.123 -0.11 -0.107 -0.108 -0.089 -0.069 -0.055 -0.041 -0.035 -0.031 -0.023 -0.016 -0.006 0.004 0.015 0.029 0.033 0.033 0.044 0.054 0.061 0.067 0.065 0.059 0.066 0.073 0.081 0.089 0.096 0.102 0.107 0.11 0.118 0.125 0.124 0.121 0.135 0.151 0.151 0.149 0.152 0.152 0.16 0.168 0.174 0.177 -9999 0.179 -9999 0.181 -9999 0.172 -9999 0.183 0.192 0.202 0.185 0.16 0.144 0.124 -9999
-9999 -9999 -9999 -9999 -9999 -9999 -9999 -9999 -9999 -9999 -9999 -9999 -9999 -9999 -0.13 -0.116 -0.109 -0.098 -0.079 -0.062 -0.05 -0.045 -0.041 -0.044 -0.032 -0.013 -0.001 0.014 0.025 0.031 0.039 0.046 0.056 0.058 0.064 0.066 0.069 0.078 0.084 0.083 0.09 0.095 0.102 0.107 0.111 0.113 0.119 0.121 0.127 0.142 0.155 0.16 0.175 0.183 0.173 0.168 0.168 0.169 0.171 0.172 -9999 -9999 0.175 0.176 -9999 -9999 0.178 0.179 0.17 -9999 -9999 -9999 -9999 -9999 -9999
-9999 -9999 -9999 -9999 -9999 -9999 -9999 -9999 -9999 -9999 -9999 -9999 -9999 -0.147 -0.135 -0.126 -0.112 -0.1 -0.083 -0.065 -0.058 -0.052 -0.051 -0.053 -0.035 -0.017 -0.002 0.014 0.02 0.027 0.039 0.047 0.053 0.056 0.061 0.063 0.073 0.083 0.085 0.085 0.09 0.094 0.101 0.106 0.11 0.112 0.115 0.117 0.132 0.148 0.155 0.161 0.176 0.191 0.184 0.171 0.172 -9999 -9999 -9999 0.165 -9999 -9999 -9999 -9999 -9999 -9999 0.159 -9999 -9999 -9999 -9999 -9999 -9999 -9999
-9999 -9999 -9999 -9999 -9999 -9999 -9999 -9999 -9999 -9999 -9999 -9999 -0.162 -0.137 -0.124 -0.118 -0.104 -0.096 -0.079 -0.067 -0.059 -0.052 -0.049 -0.044 -0.025 -0.007 0.009 0.023 0.028 0.028 0.038 0.037 0.051 0.076 0.071 -9999 -9999 -9999 -9999 -9999 0.073 0.082 0.086 0.096 0.101 0.109 0.114 0.121 0.136 0.152 -9999 0.154 -9999 -9999 -9999 -9999 -9999 0.153 0.159 0.179 0.173 0.165 0.16 -9999 -9999 -9999 -9999 -9999 -9999 -9999 -9999 -9999 -9999 -9999 -9999
-9999 -9999 -9999 -9999 -9999 -9999 -9999 -9999 -9999 -9999 -9999 -0.176 -0.158 -0.142 -0.131 -0.122 -0.11 -0.1 -0.087 -0.074 -0.066 -0.058 -0.051 -0.045 -0.027 -0.008 0.007 0.022 0.023 0.024 0.028 0.028 -9999 -9999 -9999 -9999 -9999 -9999 -9999 -9999 -9999 -9999 0.08 0.09 0.098 0.106 0.114 0.121 0.136 0.151 0.15 -9999 -9999 -9999 -9999 -9999 -9999 -9999 0.164 0.179 0.174 0.165 -9999 -9999 -9999 -9999 -9999 -9999 -9999 -9999 -9999 -9999 -9999 -9999 -9999
-9999 -9999 -9999 -9999 -9999 -9999 -9999 -9999 -9999 -0.196 -0.189 -0.173 -0.161 -0.148 -0.137 -0.133 -0.117 -0.099 -0.087 -0.081 -0.064 -0.035 -0.025 -0.016 -0.002 -0.004 0.008 0.013 0.017 0.027 -9999 -9999 -9999 -9999 -9999 -9999 -9999 -9999 -9999 -9999 -9999 -9999 -9999 0.096 -9999 -9999 -9999 -9999 -9999 0.144 0.147 -9999 -9999 -9999 -9999 -9999 -9999 -9999 -9999 -9999 0.164 0.162 -9999 -9999 -9999 -9999 -9999 -9999 -9999 -9999 -9999 -9999 -9999 -9999 -9999
-9999 -9999 -9999 -9999 -9999 -9999 -9999 -9999 -0.204 -9999 -0.191 -0.179 -0.172 -0.16 -0.152 -0.146 -0.126 -0.107 -0.097 -0.09 -0.062 -0.033 -0.021 -0.01 -0.008 -0.009 -0.002 0.004 0.014 0.02 -9999 -9999 -9999 -9999 -9999 -9999 -9999 -9999 -9999 -9999 -9999 -9999 -9999 -9999 0.101 -9999 -9999 -9999 -9999 -9999 -9999 -9999 -9999 -9999 -9999 -9999 -9999 -9999 -9999 -9999 -9999 -9999 -9999 -9999 -9999 -9999 -9999 -9999 -9999 -9999 -9999 -9999 -9999 -9999 -9999
-9999 -9999 -9999 -9999 -9999 -9999 -9999 -0.21 -0.207 -0.197 -0.187 -0.177 -0.171 -0.162 -0.156 -0.153 -0.132 -0.112 -0.099 -9999 -0.063 -0.048 -0.035 -0.02 -0.015 -0.011 -0.004 -0.001 0.007 -9999 -9999 -9999 -9999 -9999 -9999 -9999 -9999 -9999 -9999 -9999 -9999 -9999 -9999 -9999 -9999 -9999 -9999 -9999 -9999 -9999 -9999 -9999 -9999 -9999 -9999 -9999 -9999 -9999 -9999 -9999 -9999 -9999 -9999 -9999 -9999 -9999 -9999 -9999 -9999 -9999 -9999 -9999 -9999 -9999 -9999
-9999 -9999 -9999 -9999 -9999 -9999 -9999 -0.213 -0.206 -0.2 -0.19 -0.18 -0.175 -0.169 -0.169 -0.167 -0.145 -0.123 -0.108 -0.094 -0.078 -0.063 -0.047 -0.031 -0.023 -0.018 -0.012 -0.008 -0.004 -9999 -9999 -9999 -9999 -9999 -9999 -9999 -9999 -9999 -9999 -9999 -9999 -9999 -9999 -9999 -9999 -9999 -9999 -9999 -9999 -9999 -9999 -9999 -9999 -9999 -9999 -9999 -9999 -9999 -9999 -9999 -9999 -9999 -9999 -9999 -9999 -9999 -9999 -9999 -9999 -9999 -9999 -9999 -9999 -9999 -9999
-9999 -9999 -9999 -9999 -9999 -9999 -0.219 -0.204 -0.199 -0.201 -0.19 -0.179 -0.17 -0.155 -0.161 -0.177 -0.155 -0.129 -0.111 -0.092 -0.075 -0.06 -0.05 -0.057 -0.045 -0.023 -0.018 -0.019 -9999 -9999 -9999 -9999 -9999 -9999 -9999 -9999 -9999 -9999 -9999 -9999 -9999 -9999 -9999 -9999 -9999 -9999 -9999 -9999 -9999 -9999 -9999 -9999 -9999 -9999 -9999 -9999 -9999 -9999 -9999 -9999 -9999 -9999 -9999 -9999 -9999 -9999 -9999 -9999 -9999 -9999 -9999 -9999 -9999 -9999 -9999
