Validation/Results/raw data/ReClimate_08_2024_1_Temperature-Actuals.asc
NCOLS 192
NROWS 249
XLLCENTER -225160.85627316462
YLLCENTER 29788.11610251502
CELLSIZE 5000.0
NODATA_VALUE -9999
[rows 102 to 135 of 249, columns 75 to 149 of 192]
11.163 9.969 10.431 10.389 12.31 13.119 -9999 -9999 12.355 -9999 -9999 12.572 10.19 9.908 11.476 10.645 8.643 10.308 9.323 9.324 9.587 10.132 11.735 10.918 10.105 9.239 9.782 10.759 10.127 10.409 11.569 12.375 12.81 12.714 12.264 11.592 12.498 12.817 12.953 13.196 13.213 13.33 -9999 -9999 -9999 -9999 -9999 -9999 -9999 -9999 -9999 -9999 -9999 -9999 -9999 -9999 -9999 -9999 -9999 -9999 -9999 -9999 -9999 -9999 -9999 -9999 -9999 -9999 -9999 -9999 -9999 -9999 -9999 -9999 -9999
11.813 11.563 10.761 12.015 -9999 -9999 -9999 12.96 11.915 12.348 11.974 11.812 10.844 12.474 12.029 10.488 10.458 10.862 10.913 10.858 10.793 10.816 9.912 10.838 10.124 10.376 10.186 9.884 10.521 11.274 12.107 12.698 12.865 12.582 11.951 12.654 13.238 -9999 -9999 13.45 -9999 -9999 -9999 -9999 -9999 -9999 -9999 -9999 -9999 -9999 -9999 -9999 -9999 -9999 -9999 -9999 -9999 -9999 -9999 -9999 -9999 -9999 -9999 -9999 -9999 -9999 -9999 -9999 -9999 -9999 -9999 -9999 -9999 -9999 -9999
12.547 11.548 -9999 12.137 -9999 -9999 -9999 12.717 11.849 11.679 11.649 12.036 12.543 11.706 10.55 10.351 10.88 11.272 10.833 10.384 10.945 10.473 11.709 10.918 10.709 11.48 11.94 12.214 12.085 12.494 12.769 12.804 12.934 12.899 12.838 13.282 -9999 13.124 13.236 13.222 13.292 -9999 -9999 -9999 -9999 -9999 -9999 -9999 -9999 -9999 -9999 -9999 -9999 -9999 -9999 -9999 -9999 -9999 -9999 -9999 -9999 -9999 -9999 -9999 -9999 -9999 -9999 -9999 -9999 -9999 -9999 -9999 -9999 -9999 -9999
13.158 -9999 -9999 -9999 -9999 12.998 12.645 11.87 11.835 11.438 11.854 11.56 10.674 10.164 10.097 11.135 11.025 11.585 10.277 11.404 10.051 11.542 10.481 9.683 11.489 12.139 11.989 12.319 12.812 12.854 13.034 13.111 13.264 13.276 -9999 13.199 13.076 13.138 13.059 13.26 13.161 -9999 -9999 -9999 -9999 -9999 -9999 -9999 -9999 -9999 -9999 -9999 -9999 -9999 -9999 -9999 -9999 -9999 -9999 -9999 -9999 -9999 -9999 -9999 -9999 -9999 -9999 -9999 -9999 -9999 -9999 -9999 -9999 -9999 -9999
-9999 -9999 -9999 -9999 -9999 12.807 13.105 12.581 11.605 11.751 12.073 10.921 11.708 11.546 11.109 10.338 11.722 11.783 10.921 10.236 10.975 10.996 9.866 10.892 10.822 10.552 11.562 12.106 12.254 12.521 12.581 12.375 12.367 12.244 12.48 13.03 13.246 12.971 12.766 12.951 12.89 13.072 -9999 -9999 -9999 -9999 -9999 -9999 -9999 -9999 -9999 -9999 -9999 -9999 -9999 -9999 -9999 -9999 -9999 -9999 -9999 -9999 -9999 -9999 -9999 -9999 -9999 -9999 -9999 -9999 -9999 -9999 -9999 -9999 -9999
-9999 -9999 -9999 -9999 12.802 -9999 -9999 12.362 11.66 12.317 11.327 11.727 -9999 -9999 10.691 10.51 11.335 11.823 10.909 11.105 11.374 11.047 11.324 12.011 11.437 11.74 12.096 12.359 11.908 11.375 10.919 11.216 11.445 11.954 12.427 12.651 13.105 12.588 12.647 12.532 12.719 12.953 13.144 -9999 -9999 -9999 -9999 -9999 -9999 -9999 -9999 -9999 -9999 -9999 -9999 -9999 -9999 -9999 -9999 -9999 -9999 -9999 -9999 -9999 -9999 -9999 -9999 -9999 -9999 -9999 -9999 -9999 -9999 -9999 -9999
-9999 -9999 -9999 -9999 12.846 -9999 12.836 12.282 12.428 11.354 11.423 12.671 12.767 11.152 10.461 11.311 13.136 11.333 10.135 12.031 12.034 11.637 12.172 12.433 12.555 12.781 12.639 11.52 10.487 10.496 11.065 11.504 12.065 12.311 12.298 12.584 12.704 12.803 13.128 13.336 13.408 13.498 -9999 -9999 -9999 -9999 -9999 -9999 -9999 -9999 -9999 -9999 -9999 -9999 -9999 -9999 -9999 -9999 -9999 -9999 -9999 -9999 -9999 -9999 -9999 -9999 -9999 -9999 -9999 -9999 -9999 -9999 -9999 -9999 -9999
-9999 -9999 -9999 -9999 12.889 -9999 12.778 12.943 12.285 12.108 12.714 -9999 11.247 11.535 -9999 11.417 11.55 11.361 12.248 11.124 12.265 12.634 13.022 13.139 13.334 13.376 12.864 11.871 12.308 12.537 12.504 12.281 12.121 12.392 12.444 12.834 13.036 13.289 -9999 -9999 -9999 -9999 -9999 -9999 -9999 -9999 -9999 -9999 -9999 -9999 -9999 -9999 -9999 -9999 -9999 -9999 -9999 -9999 -9999 -9999 -9999 -9999 -9999 -9999 -9999 -9999 -9999 -9999 -9999 -9999 -9999 -9999 -9999 -9999 -9999
-9999 -9999 12.75 12.723 -9999 -9999 13.182 12.897 12.442 12.916 12.88 11.066 11.408 10.485 -9999 12.099 11.406 12.112 12.214 12.125 12.317 12.805 12.733 12.601 12.479 12.682 13.179 13.396 13.378 13.175 12.769 12.349 12.28 12.473 12.659 12.945 13.297 -9999 -9999 -9999 -9999 -9999 -9999 -9999 -9999 -9999 -9999 -9999 -9999 -9999 -9999 -9999 -9999 -9999 -9999 -9999 -9999 -9999 -9999 -9999 -9999 -9999 -9999 -9999 -9999 -9999 -9999 -9999 -9999 -9999 -9999 -9999 -9999 -9999 -9999
-9999 13.167 12.877 12.914 -9999 13.231 12.033 12.077 12.831 -9999 11.583 11.774 10.702 10.685 -9999 11.851 11.184 12.28 13.231 13.117 13.166 12.877 12.532 12.15 11.536 12.058 12.897 13.327 -9999 13.433 13.098 12.915 12.889 12.769 12.518 12.983 -9999 -9999 -9999 -9999 -9999 -9999 -9999 -9999 -9999 -9999 -9999 -9999 -9999 -9999 -9999 -9999 -9999 -9999 -9999 -9999 -9999 -9999 -9999 -9999 -9999 -9999 -9999 -9999 -9999 -9999 -9999 -9999 -9999 -9999 -9999 -9999 -9999 -9999 -9999
-9999 13.294 13.207 -9999 -9999 12.684 11.492 12.326 -9999 12.267 11.957 11.711 11.171 11.708 -9999 12.759 12.619 13.015 13.314 13.173 12.904 12.522 10.966 10.848 11.071 11.712 12.721 13.423 13.615 13.703 -9999 -9999 13.429 13.157 -9999 -9999 -9999 -9999 -9999 -9999 13.416 13.438 13.603 -9999 -9999 -9999 -9999 -9999 -9999 -9999 -9999 -9999 -9999 -9999 -9999 -9999 -9999 -9999 -9999 -9999 -9999 -9999 -9999 -9999 -9999 -9999 -9999 -9999 -9999 -9999 -9999 -9999 -9999 -9999 -9999
13.136 12.638 -9999 -9999 12.418 11.996 12.654 12.159 -9999 12.29 11.741 12.341 12.397 11.442 -9999 -9999 -9999 13.356 12.955 12.32 12.194 11.964 11.972 12.274 12.27 12.578 12.75 12.902 13.128 13.426 13.506 13.308 13.185 13.41 -9999 -9999 -9999 -9999 -9999 13.306 13.311 13.215 13.541 13.667 -9999 -9999 -9999 -9999 -9999 -9999 -9999 -9999 -9999 -9999 -9999 -9999 -9999 -9999 -9999 -9999 -9999 -9999 -9999 -9999 -9999 -9999 -9999 -9999 -9999 -9999 -9999 -9999 -9999 -9999 -9999
12.332 12.751 -9999 -9999 -9999 13.203 11.974 12.422 -9999 12.25 -9999 12.749 11.781 12.715 -9999 13.214 12.694 12.588 -9999 12.755 13.018 12.926 13.029 12.874 12.869 12.684 12.519 12.442 12.65 12.835 12.499 12.523 13.062 13.382 13.479 13.439 13.544 -9999 13.403 13.2 13.067 13.203 13.003 12.728 12.716 13.604 -9999 -9999 -9999 -9999 -9999 -9999 -9999 -9999 -9999 -9999 -9999 -9999 -9999 -9999 -9999 -9999 -9999 -9999 -9999 -9999 -9999 -9999 -9999 -9999 -9999 -9999 -9999 -9999 -9999
12.577 -9999 -9999 -9999 -9999 12.347 11.65 12.773 -9999 13.21 -9999 12.857 13.166 -9999 13.03 12.14 11.769 12.537 13.049 13.252 13.24 13.465 13.305 12.973 12.95 12.657 12.204 12.142 12.247 12.32 12.379 12.588 12.839 12.801 12.808 12.803 13.262 13.313 12.934 12.936 12.881 12.761 12.196 11.902 11.78 12.224 13.117 13.29 13.067 -9999 -9999 -9999 -9999 -9999 -9999 -9999 -9999 -9999 -9999 -9999 -9999 -9999 -9999 -9999 -9999 -9999 -9999 -9999 -9999 -9999 -9999 -9999 -9999 -9999 -9999
13.55 -9999 -9999 -9999 -9999 12.355 12.856 12.596 12.474 -9999 -9999 13.58 13.468 -9999 12.954 11.541 11.353 12.313 12.739 13.204 13.496 13.491 13.374 13.492 13.28 12.833 12.401 11.905 11.915 12.046 12.244 12.258 11.991 11.762 11.615 12.314 12.979 12.901 12.67 12.538 12.182 11.23 11.09 11.496 11.57 12.011 12.125 12.75 13.071 12.991 -9999 -9999 -9999 -9999 -9999 -9999 -9999 -9999 -9999 -9999 -9999 -9999 -9999 -9999 -9999 -9999 -9999 -9999 -9999 -9999 -9999 -9999 -9999 -9999 -9999
-9999 -9999 -9999 -9999 -9999 12.928 12.854 12.184 13.232 -9999 -9999 13.614 13.666 -9999 -9999 11.633 11.799 12.538 12.477 12.448 12.864 13.035 13.153 12.957 13.287 13.228 12.65 12.236 11.829 11.706 11.539 11.539 11.114 11.053 11.635 12.106 12.273 12.247 12.043 11.736 11.185 11.072 11.06 11.441 11.743 12.105 12.686 12.836 12.701 12.881 -9999 -9999 -9999 -9999 -9999 -9999 -9999 -9999 -9999 -9999 -9999 -9999 -9999 -9999 -9999 -9999 -9999 -9999 -9999 -9999 -9999 -9999 -9999 -9999 -9999
-9999 -9999 -9999 -9999 -9999 13.241 12.497 12.691 -9999 -9999 -9999 -9999 13.727 -9999 13.069 12.02 12.703 12.843 12.238 12.065 12.078 12.484 12.539 12.658 12.768 12.932 12.866 12.122 11.654 11.597 11.614 11.259 11.015 11.393 11.678 11.66 11.617 11.143 11.262 11.486 11.643 11.575 11.485 11.718 11.954 12.38 12.886 12.923 12.938 13.105 12.999 -9999 -9999 -9999 -9999 -9999 -9999 -9999 -9999 -9999 -9999 -9999 -9999 -9999 -9999 -9999 -9999 -9999 -9999 -9999 -9999 -9999 -9999 -9999 -9999
-9999 -9999 -9999 12.656 12.631 12.444 12.745 -9999 -9999 12.293 -9999 -9999 -9999 -9999 13.216 12.866 13.123 12.911 12.559 12.142 11.92 11.881 11.777 11.817 12.189 12.444 12.523 12.409 11.775 11.808 11.703 11.626 11.819 11.75 11.35 11.417 10.551 10.242 10.821 11.311 11.636 11.963 11.978 12.149 12.142 12.494 13.027 13.114 13.17 13.149 13.144 -9999 -9999 -9999 -9999 -9999 -9999 -9999 -9999 -9999 -9999 -9999 -9999 -9999 -9999 -9999 -9999 -9999 -9999 -9999 -9999 -9999 -9999 -9999 -9999
-9999 -9999 -9999 -9999 12.236 12.337 13.026 -9999 12.342 11.584 12.299 -9999 -9999 -9999 -9999 13.545 13.426 13.317 12.997 12.628 12.269 11.807 11.667 11.843 12.083 12.187 12.349 11.971 12.081 11.982 11.856 11.687 11.678 11.253 11.861 11.368 11.221 11.074 10.673 10.989 11.797 12.09 12.434 12.531 12.548 12.86 13.074 13.199 13.215 13.001 13.02 13.107 -9999 -9999 -9999 -9999 -9999 -9999 -9999 -9999 -9999 -9999 -9999 -9999 -9999 -9999 -9999 -9999 -9999 -9999 -9999 -9999 -9999 -9999 -9999
-9999 -9999 -9999 -9999 12.663 12.44 12.714 -9999 12.785 11.778 12.645 -9999 -9999 -9999 -9999 -9999 13.606 13.501 13.327 13.203 12.856 12.516 12.2 11.796 11.396 11.563 11.857 12.107 12.198 11.97 11.799 11.84 11.596 11.648 11.935 11.698 11.607 11.623 12.02 12.107 12.37 12.461 12.743 12.632 12.859 13.246 13.341 13.376 13.244 13.051 12.686 12.803 13.178 -9999 -9999 -9999 -9999 -9999 -9999 -9999 -9999 -9999 -9999 -9999 -9999 -9999 -9999 -9999 -9999 -9999 -9999 -9999 -9999 -9999 -9999
-9999 -9999 -9999 -9999 12.547 12.114 -9999 -9999 13.271 12.405 12.149 13.055 -9999 -9999 -9999 -9999 -9999 13.55 13.212 12.932 12.824 12.183 11.58 11.26 10.958 11.086 11.457 11.882 11.683 11.862 11.78 11.49 11.389 11.699 10.422 11.211 11.05 11.768 11.398 11.967 12.554 12.515 12.756 12.958 13.19 13.135 12.932 12.885 12.998 12.751 12.838 12.271 12.749 13.219 13.529 -9999 -9999 -9999 -9999 -9999 -9999 -9999 -9999 -9999 -9999 -9999 -9999 -9999 -9999 -9999 -9999 -9999 -9999 -9999 -9999
-9999 -9999 -9999 -9999 12.285 12.943 -9999 -9999 12.738 11.767 11.931 -9999 -9999 -9999 -9999 -9999 -9999 13.606 13.2 12.924 12.66 12.115 11.842 11.758 11.462 11.371 11.323 11.441 11.52 11.516 10.747 10.245 11.134 10.214 9.765 10.165 11.262 11.191 11.825 12.583 12.285 12.482 12.787 12.79 12.88 12.983 12.837 12.798 12.238 11.899 12.332 12.169 12.115 12.908 13.392 -9999 -9999 -9999 -9999 -9999 -9999 -9999 -9999 -9999 -9999 -9999 -9999 -9999 -9999 -9999 -9999 -9999 -9999 -9999 -9999
-9999 -9999 -9999 -9999 12.679 13.468 -9999 -9999 -9999 12.863 12.592 12.781 -9999 -9999 -9999 -9999 -9999 13.622 13.208 12.951 12.738 12.403 12.23 11.64 10.925 10.675 11.151 11.166 11.601 11.335 10.774 10.699 11.162 9.781 10.307 10.959 10.732 11.212 12.192 12.003 12.331 12.374 12.56 12.874 12.75 12.575 12.595 12.197 10.92 11.029 11.432 12.082 12.12 12.535 13.152 -9999 -9999 -9999 -9999 -9999 -9999 -9999 -9999 -9999 -9999 -9999 -9999 -9999 -9999 -9999 -9999 -9999 -9999 -9999 -9999
-9999 -9999 -9999 12.334 12.643 13.298 -9999 -9999 -9999 -9999 -9999 -9999 -9999 -9999 -9999 -9999 -9999 13.235 12.867 12.751 12.549 12.301 12.083 11.375 10.979 10.931 11.21 11.38 11.054 11.074 10.38 10.585 10.002 9.681 10.297 10.969 10.77 11.239 11.493 11.997 12.071 12.482 12.506 12.415 12.582 12.309 12.171 11.126 10.826 10.532 11.552 12.35 12.566 12.691 13.035 13.747 -9999 -9999 -9999 -9999 -9999 -9999 -9999 -9999 -9999 -9999 -9999 -9999 -9999 -9999 -9999 -9999 -9999 -9999 -9999
-9999 -9999 12.325 12.329 12.32 13.436 -9999 -9999 -9999 -9999 -9999 -9999 -9999 -9999 -9999 13.485 13.316 13.022 12.569 12.09 11.773 11.914 11.903 11.765 11.573 11.926 11.5 10.733 10.83 10.821 10.808 11.139 10.666 9.833 11.123 11.006 11.055 11.246 11.677 12.058 12.471 12.065 12.209 12.378 12.235 11.987 11.282 11.06 10.946 10.986 11.728 12.749 12.981 12.864 13.091 13.516 -9999 -9999 -9999 -9999 -9999 -9999 -9999 -9999 -9999 -9999 -9999 -9999 -9999 -9999 -9999 -9999 -9999 -9999 -9999
-9999 -9999 12.347 12.809 13.583 -9999 -9999 -9999 -9999 -9999 -9999 -9999 -9999 -9999 -9999 13.427 13.37 12.938 12.187 11.748 11.785 11.214 10.879 10.959 10.943 11.276 11.414 11.563 11.391 10.939 11.234 11.65 11.29 10.944 10.429 10.96 10.814 11.448 11.828 12.445 12.112 11.991 12.08 12.004 11.591 10.99 10.633 10.995 11.364 11.763 12.367 12.482 12.543 12.816 13.053 13.456 -9999 -9999 -9999 -9999 -9999 -9999 -9999 -9999 -9999 -9999 -9999 -9999 -9999 -9999 -9999 -9999 -9999 -9999 -9999
-9999 -9999 -9999 -9999 -9999 -9999 -9999 -9999 -9999 -9999 -9999 -9999 -9999 -9999 -9999 13.352 13.135 12.225 12.003 11.761 11.518 10.705 10.647 10.099 10.488 10.876 11.351 11.594 11.285 10.125 10.651 11.828 11.777 10.604 10.743 11.067 11.163 11.161 11.877 11.496 11.343 11.595 11.257 10.962 10.606 11.209 11.141 11.191 11.441 11.798 12.686 12.956 12.848 12.964 13.339 13.595 -9999 -9999 -9999 -9999 -9999 -9999 -9999 -9999 -9999 -9999 -9999 -9999 -9999 -9999 -9999 -9999 -9999 -9999 -9999
-9999 -9999 -9999 -9999 -9999 -9999 -9999 -9999 -9999 -9999 -9999 -9999 -9999 -9999 13.199 12.72 11.974 11.955 11.483 11.618 11.526 11.401 10.461 10.488 10.404 10.799 11.169 12.09 11.677 11.115 11.299 11.759 11.833 11.496 11.436 11.389 11.241 11.311 10.924 11.588 11.812 11.553 11.259 10.277 11.043 10.767 11.021 11.512 11.602 11.85 11.933 12.774 13.202 13.373 13.543 13.706 -9999 -9999 -9999 -9999 -9999 -9999 -9999 -9999 -9999 -9999 -9999 -9999 -9999 -9999 -9999 -9999 -9999 -9999 -9999
-9999 -9999 -9999 -9999 -9999 -9999 -9999 -9999 -9999 -9999 -9999 -9999 -9999 -9999 12.731 12.286 11.857 10.973 11.182 11.637 11.581 10.884 11.472 11.004 10.885 11.258 11.74 12.65 12.501 11.945 11.648 11.726 12.391 12.098 11.985 11.91 11.828 11.129 12.007 11.491 11.827 11.776 10.494 11.556 11.101 11.144 11.572 11.681 12.069 11.971 11.73 12.285 12.905 13.195 13.505 13.813 -9999 -9999 -9999 -9999 -9999 -9999 -9999 -9999 -9999 -9999 -9999 -9999 -9999 -9999 -9999 -9999 -9999 -9999 -9999
-9999 -9999 -9999 -9999 -9999 -9999 -9999 -9999 -9999 -9999 -9999 -9999 -9999 12.97 12.338 12.328 11.329 11.48 11.162 10.382 10.894 11.454 11.718 11.311 11.546 11.704 11.798 12.256 12.38 12.119 12.151 12.896 12.869 12.509 12.051 11.98 11.325 12.263 11.998 11.583 12.246 11.218 11.082 11.705 11.907 12.094 11.73 11.792 11.937 11.743 12.055 12.435 12.903 13.238 13.499 13.791 13.981 -9999 -9999 -9999 -9999 -9999 -9999 -9999 -9999 -9999 -9999 -9999 -9999 -9999 -9999 -9999 -9999 -9999 -9999
-9999 -9999 -9999 -9999 -9999 -9999 -9999 -9999 -9999 -9999 -9999 -9999 12.917 12.624 12.394 12.302 12.048 11.787 11.133 11.223 11.163 10.912 12.063 12.064 11.986 11.756 11.822 12.166 12.535 12.965 13.165 12.912 13.15 12.796 12.351 12.025 12.297 12.638 12.383 12.389 12.567 11.482 11.145 11.441 11.6 11.75 11.868 12.192 12.165 11.907 12.316 12.564 12.84 13.155 13.541 13.79 14.055 -9999 -9999 -9999 -9999 -9999 -9999 -9999 -9999 -9999 -9999 -9999 -9999 -9999 -9999 -9999 -9999 -9999 -9999
-9999 -9999 -9999 -9999 -9999 -9999 -9999 -9999 -9999 -9999 -9999 -9999 12.783 11.563 12.19 12.253 12.244 12.327 11.718 10.631 10.862 11.935 12.193 12.439 12.311 12.198 12.074 11.959 13.082 13.449 13.284 13.32 12.956 12.968 12.524 12.63 12.649 12.956 12.81 12.906 12.436 12.032 11.584 11.442 11.63 11.705 12.263 12.647 12.501 12.404 12.378 12.555 12.929 13.361 13.523 13.719 13.983 -9999 -9999 -9999 -9999 -9999 -9999 -9999 -9999 -9999 -9999 -9999 -9999 -9999 -9999 -9999 -9999 -9999 -9999
-9999 -9999 -9999 -9999 -9999 -9999 -9999 -9999 -9999 -9999 -9999 12.994 11.823 11.978 12.038 12.146 12.436 12.566 11.778 11.326 11.692 11.81 12.273 12.455 12.652 12.392 12.086 12.765 13.032 13.315 13.781 13.346 13.284 13.085 13.111 13.0 13.079 13.264 13.272 12.906 12.979 12.39 11.672 11.825 11.796 11.97 12.154 12.661 12.791 13.081 12.787 12.789 13.06 13.451 13.709 13.722 13.868 14.231 -9999 -9999 -9999 -9999 -9999 -9999 -9999 -9999 -9999 -9999 -9999 -9999 -9999 -9999 -9999 -9999 -9999
-9999 -9999 -9999 -9999 -9999 -9999 -9999 -9999 -9999 -9999 13.218 -9999 12.627 12.102 12.085 12.241 12.636 12.968 12.614 12.525 11.965 11.536 12.142 12.674 12.895 12.867 12.908 13.036 13.116 13.429 13.625 13.393 13.591 13.537 13.484 13.44 13.546 13.62 13.552 13.421 13.104 12.69 12.648 12.352 12.267 12.295 12.656 13.044 13.577 13.03 12.718 12.999 13.257 13.505 13.731 13.889 13.961 14.107 -9999 -9999 -9999 -9999 -9999 -9999 -9999 -9999 -9999 -9999 -9999 -9999 -9999 -9999 -9999 -9999 -9999
