Validation/Results/raw data/ReClimate_04_2024_1_Temperatureweatherlogisticsltd.asc
NCOLS 192
NROWS 249
XLLCENTER -225160.85627316462
YLLCENTER 29788.11610251502
CELLSIZE 5000.0
NODATA_VALUE -9999
[rows 136 to 169 of 249, columns 75 to 149 of 192]
-0.426 -9999 -9999 -9999 -9999 -9999 -9999 -9999 -9999 -9999 -0.516 -9999 -0.603 -0.66 -0.7 -0.737 -0.783 -0.827 -0.875 -0.918 -0.956 -0.994 -1.03 -1.066 -1.089 -1.111 -1.136 -1.143 -1.144 -1.147 -9999 -9999 -9999 -9999 -9999 -9999 -1.123 -1.128 -1.115 -1.097 -1.079 -1.042 -1.012 -0.984 -0.934 -0.884 -0.867 -0.855 -0.812 -0.768 -0.735 -0.702 -0.655 -0.606 -0.574 -0.543 -0.52 -0.496 -0.461 -9999 -9999 -9999 -9999 -9999 -9999 -9999 -9999 -9999 -9999 -9999 -9999 -9999 -9999 -9999 -9999
-0.42 -0.424 -9999 -9999 -9999 -9999 -9999 -9999 -9999 -9999 -0.511 -0.539 -0.599 -0.66 -0.705 -0.751 -0.8 -0.851 -0.896 -0.924 -0.967 -1.015 -1.04 -1.043 -1.073 -1.117 -1.139 -1.145 -1.146 -1.156 -9999 -9999 -9999 -9999 -1.145 -1.136 -1.139 -1.139 -1.125 -1.113 -1.087 -1.047 -1.012 -0.972 -0.922 -0.871 -0.849 -0.826 -0.783 -0.744 -0.715 -0.686 -0.639 -0.591 -0.553 -0.518 -0.493 -0.48 -0.46 -9999 -9999 -9999 -9999 -9999 -9999 -9999 -9999 -9999 -9999 -9999 -9999 -9999 -9999 -9999 -9999
-0.414 -0.418 -0.418 -9999 -9999 -9999 -9999 -9999 -9999 -9999 -0.505 -0.538 -0.6 -9999 -9999 -0.761 -0.815 -0.868 -0.907 -9999 -0.988 -1.037 -1.047 -1.051 -1.093 -1.136 -1.156 -1.158 -9999 -9999 -9999 -9999 -9999 -1.172 -1.163 -1.151 -1.148 -1.146 -1.136 -1.121 -1.087 -1.046 -1.004 -0.964 -0.914 -0.862 -0.834 -0.81 -0.77 -0.73 -0.701 -0.674 -0.628 -0.582 -0.544 -0.506 -0.481 -0.459 -0.441 -9999 -9999 -9999 -9999 -9999 -9999 -9999 -9999 -9999 -9999 -9999 -9999 -9999 -9999 -9999 -9999
-0.418 -0.416 -0.414 -9999 -9999 -9999 -9999 -9999 -9999 -9999 -9999 -0.542 -0.597 -9999 -9999 -9999 -0.826 -0.87 -0.916 -0.962 -9999 -9999 -1.081 -1.098 -1.137 -1.164 -1.179 -9999 -9999 -9999 -9999 -9999 -1.172 -1.173 -1.166 -1.169 -1.166 -1.162 -1.15 -1.119 -1.079 -1.036 -0.995 -0.958 -0.909 -0.863 -0.831 -0.794 -0.756 -0.723 -0.689 -0.659 -0.617 -0.571 -0.545 -0.514 -0.491 -0.469 -0.439 -9999 -9999 -9999 -9999 -9999 -9999 -9999 -9999 -9999 -9999 -9999 -9999 -9999 -9999 -9999 -9999
-0.42 -0.415 -9999 -9999 -9999 -9999 -9999 -9999 -9999 -9999 -9999 -9999 -0.601 -9999 -9999 -9999 -9999 -0.879 -0.934 -0.983 -9999 -9999 -9999 -1.137 -1.168 -9999 -9999 -9999 -9999 -9999 -9999 -9999 -1.188 -1.179 -1.178 -1.181 -1.176 -1.172 -1.154 -1.118 -1.074 -1.032 -0.992 -0.953 -0.906 -0.86 -0.822 -0.784 -0.75 -0.716 -0.682 -0.649 -0.607 -0.565 -0.537 -0.514 -0.491 -0.47 -0.441 -9999 -9999 -9999 -9999 -9999 -9999 -9999 -9999 -9999 -9999 -9999 -9999 -9999 -9999 -9999 -9999
-0.4 -9999 -9999 -9999 -9999 -9999 -9999 -9999 -9999 -9999 -9999 -9999 -0.613 -9999 -9999 -9999 -9999 -9999 -0.952 -1.008 -9999 -9999 -9999 -9999 -9999 -9999 -9999 -9999 -9999 -9999 -9999 -9999 -1.198 -1.184 -1.179 -1.173 -1.167 -1.16 -1.141 -1.111 -1.071 -1.037 -0.991 -0.939 -0.897 -0.866 -0.822 -0.768 -0.733 -0.705 -0.671 -0.638 -0.602 -0.563 -0.526 -0.496 -0.482 -0.467 -0.437 -0.403 -9999 -9999 -9999 -9999 -9999 -9999 -9999 -9999 -9999 -9999 -9999 -9999 -9999 -9999 -9999
-9999 -0.395 -0.402 -0.413 -0.414 -9999 -9999 -9999 -9999 -9999 -9999 -9999 -0.629 -9999 -9999 -9999 -9999 -9999 -9999 -9999 -9999 -9999 -9999 -9999 -9999 -9999 -9999 -9999 -9999 -9999 -9999 -1.219 -1.202 -1.19 -1.18 -1.172 -1.162 -1.154 -1.139 -1.107 -1.074 -1.037 -0.984 -0.932 -0.897 -0.866 -0.815 -0.761 -0.728 -0.699 -0.664 -0.631 -0.595 -0.56 -0.524 -0.488 -0.474 -0.464 -0.435 -0.405 -0.349 -9999 -9999 -9999 -9999 -9999 -9999 -9999 -9999 -9999 -9999 -9999 -9999 -9999 -9999
-0.432 -0.427 -0.429 -0.419 -0.418 -9999 -9999 -9999 -9999 -9999 -9999 -9999 -9999 -9999 -9999 -9999 -9999 -9999 -9999 -9999 -9999 -9999 -9999 -9999 -9999 -9999 -9999 -9999 -9999 -9999 -1.225 -1.218 -1.201 -1.186 -1.172 -1.163 -1.155 -1.157 -1.14 -1.105 -1.071 -1.032 -0.981 -0.932 -0.897 -0.863 -0.814 -0.765 -0.731 -0.698 -0.661 -0.621 -0.587 -0.553 -0.533 -0.508 -0.475 -0.454 -0.423 -0.392 -0.374 -9999 -9999 -9999 -9999 -9999 -9999 -9999 -9999 -9999 -9999 -9999 -9999 -9999 -9999
-0.445 -0.441 -0.433 -9999 -0.421 -0.415 -9999 -9999 -9999 -9999 -9999 -9999 -9999 -9999 -9999 -9999 -9999 -9999 -9999 -9999 -9999 -9999 -9999 -9999 -9999 -9999 -9999 -9999 -9999 -9999 -1.23 -1.221 -1.199 -1.181 -1.167 -1.158 -1.157 -1.16 -1.14 -1.102 -1.065 -1.028 -0.98 -0.933 -0.897 -0.862 -0.815 -0.767 -0.733 -0.701 -0.661 -0.622 -0.589 -0.557 -0.536 -0.52 -0.486 -0.452 -0.418 -0.386 -0.368 -0.353 -0.328 -9999 -9999 -9999 -9999 -9999 -9999 -9999 -9999 -9999 -9999 -9999 -9999
-0.445 -0.435 -0.428 -9999 -9999 -0.415 -9999 -9999 -9999 -9999 -9999 -9999 -9999 -9999 -9999 -9999 -9999 -9999 -9999 -9999 -9999 -9999 -9999 -9999 -9999 -9999 -9999 -9999 -9999 -9999 -1.232 -1.221 -1.194 -1.162 -1.15 -1.143 -1.145 -1.158 -1.131 -1.083 -1.047 -1.016 -0.97 -0.925 -0.887 -0.853 -0.807 -0.763 -0.729 -0.7 -0.659 -0.619 -0.585 -0.552 -0.528 -0.51 -0.49 -0.463 -0.424 -0.386 -0.362 -0.344 -0.327 -0.311 -0.263 -0.213 -9999 -9999 -9999 -9999 -9999 -9999 -9999 -9999 -9999
-0.444 -0.434 -0.43 -0.425 -9999 -0.423 -9999 -9999 -9999 -9999 -9999 -9999 -9999 -9999 -9999 -9999 -9999 -9999 -9999 -9999 -9999 -9999 -9999 -9999 -9999 -9999 -9999 -9999 -9999 -1.217 -1.228 -1.222 -1.19 -1.161 -1.149 -1.141 -1.147 -1.157 -1.125 -1.074 -1.04 -1.009 -0.963 -0.917 -0.881 -0.848 -0.805 -0.762 -0.73 -0.701 -0.661 -0.621 -0.588 -0.555 -0.531 -0.511 -0.49 -0.472 -0.434 -0.394 -0.369 -0.345 -0.325 -0.308 -0.281 -0.257 -0.179 -0.206 -9999 -9999 -9999 -9999 -9999 -9999 -9999
-0.45 -0.427 -0.425 -9999 -0.435 -9999 -9999 -9999 -9999 -9999 -9999 -9999 -9999 -9999 -9999 -9999 -9999 -9999 -9999 -9999 -9999 -9999 -9999 -9999 -9999 -9999 -9999 -9999 -9999 -9999 -1.22 -1.212 -1.183 -1.164 -1.157 -1.163 -1.16 -1.147 -1.115 -1.069 -1.028 -0.983 -0.943 -0.917 -0.879 -0.836 -0.797 -0.764 -0.732 -0.7 -0.669 -0.634 -0.598 -0.563 -0.551 -0.537 -0.504 -0.48 -0.448 -0.414 -0.38 -0.35 -0.331 -0.311 -0.297 -0.278 -0.238 -0.171 -0.203 -9999 -9999 -9999 -9999 -9999 -9999
-0.45 -0.433 -0.442 -0.451 -0.459 -9999 -9999 -9999 -9999 -9999 -9999 -9999 -9999 -9999 -9999 -9999 -9999 -9999 -9999 -9999 -9999 -9999 -9999 -9999 -9999 -9999 -9999 -9999 -9999 -9999 -9999 -1.212 -1.189 -1.17 -1.169 -1.174 -1.159 -1.144 -1.113 -1.063 -1.015 -0.971 -0.941 -0.916 -0.873 -0.831 -0.798 -0.766 -0.733 -0.701 -0.671 -0.642 -0.607 -0.571 -0.558 -0.551 -0.518 -0.488 -0.457 -0.427 -0.394 -0.359 -0.34 -0.322 -0.303 -0.289 -0.251 -0.208 -0.186 -0.199 -9999 -9999 -9999 -9999 -9999
-0.45 -0.462 -0.469 -0.47 -9999 -9999 -9999 -9999 -9999 -9999 -9999 -9999 -9999 -9999 -9999 -9999 -9999 -9999 -9999 -9999 -9999 -9999 -9999 -9999 -9999 -9999 -9999 -9999 -9999 -9999 -9999 -1.218 -1.194 -1.183 -1.18 -1.179 -1.164 -1.151 -1.114 -1.061 -1.013 -0.968 -0.937 -0.908 -0.868 -0.832 -0.795 -0.75 -0.718 -0.693 -0.663 -0.636 -0.611 -0.581 -0.564 -0.553 -0.53 -0.504 -0.46 -0.422 -0.397 -0.366 -0.348 -0.331 -0.31 -0.291 -0.259 -0.22 -0.202 -0.189 -0.205 -9999 -9999 -9999 -9999
-0.474 -0.487 -0.49 -0.496 -9999 -9999 -9999 -9999 -9999 -9999 -9999 -9999 -9999 -9999 -9999 -9999 -9999 -9999 -9999 -9999 -9999 -9999 -9999 -9999 -9999 -9999 -9999 -9999 -9999 -9999 -9999 -9999 -1.2 -1.191 -1.185 -1.183 -1.167 -1.148 -1.111 -1.06 -1.011 -0.966 -0.933 -0.905 -0.868 -0.833 -0.79 -0.745 -0.718 -0.692 -0.665 -0.638 -0.613 -0.589 -0.571 -0.557 -0.535 -0.516 -0.472 -0.427 -0.401 -0.376 -0.358 -0.341 -0.321 -0.302 -0.267 -0.231 -0.21 -0.196 -0.195 -9999 -9999 -9999 -9999
-9999 -9999 -9999 -9999 -9999 -9999 -9999 -9999 -9999 -9999 -9999 -9999 -9999 -9999 -9999 -9999 -9999 -9999 -9999 -9999 -9999 -9999 -9999 -9999 -9999 -9999 -9999 -9999 -9999 -9999 -9999 -9999 -1.208 -1.189 -1.179 -1.164 -1.143 -1.131 -1.095 -1.047 -0.996 -0.948 -0.917 -0.894 -0.86 -0.832 -0.793 -0.759 -0.732 -0.703 -0.671 -0.642 -0.62 -0.597 -0.575 -0.558 -0.528 -0.504 -0.483 -0.451 -0.422 -0.396 -0.373 -0.354 -0.334 -0.315 -0.271 -0.227 -0.2 -0.185 -0.194 -0.201 -9999 -9999 -9999
-9999 -9999 -9999 -9999 -9999 -9999 -9999 -9999 -9999 -9999 -9999 -9999 -9999 -9999 -9999 -9999 -9999 -9999 -9999 -9999 -9999 -9999 -9999 -9999 -9999 -9999 -9999 -9999 -9999 -9999 -9999 -9999 -9999 -1.193 -1.175 -1.152 -1.135 -1.123 -1.089 -1.043 -0.991 -0.943 -0.914 -0.891 -0.861 -0.833 -0.8 -0.768 -0.739 -0.71 -0.678 -0.646 -0.624 -0.604 -0.582 -0.564 -0.534 -0.505 -0.484 -0.466 -0.438 -0.41 -0.387 -0.365 -0.345 -0.326 -0.284 -0.236 -0.208 -0.188 -0.196 -0.209 -9999 -9999 -9999
-9999 -9999 -9999 -9999 -9999 -9999 -9999 -9999 -9999 -9999 -9999 -9999 -9999 -9999 -9999 -9999 -9999 -9999 -9999 -9999 -9999 -9999 -9999 -9999 -9999 -9999 -9999 -9999 -9999 -9999 -9999 -9999 -9999 -1.195 -9999 -1.161 -1.137 -1.104 -1.077 -9999 -0.998 -0.968 -0.936 -0.899 -0.866 -0.829 -0.802 -0.785 -0.754 -0.719 -0.688 -0.656 -0.627 -0.603 -0.588 -0.572 -0.547 -0.521 -0.492 -0.469 -0.447 -0.422 -0.401 -0.379 -0.352 -0.328 -0.306 -0.27 -0.234 -0.207 -0.197 -0.201 -0.194 -9999 -9999
-9999 -9999 -9999 -9999 -9999 -9999 -9999 -9999 -9999 -9999 -9999 -9999 -9999 -9999 -9999 -9999 -9999 -9999 -9999 -9999 -9999 -9999 -9999 -9999 -9999 -9999 -9999 -9999 -9999 -9999 -9999 -9999 -9999 -9999 -1.19 -1.164 -9999 -9999 -9999 -9999 -1.013 -0.982 -0.942 -0.905 -0.867 -0.831 -0.811 -0.795 -0.76 -0.726 -0.693 -0.663 -0.634 -0.607 -0.592 -0.58 -0.555 -0.53 -0.503 -0.476 -0.454 -0.433 -0.412 -0.391 -0.364 -0.335 -0.313 -0.291 -0.257 -0.227 -0.212 -0.204 -0.197 -0.189 -0.185
-9999 -9999 -9999 -9999 -9999 -9999 -9999 -9999 -9999 -9999 -9999 -9999 -9999 -9999 -9999 -9999 -9999 -9999 -9999 -9999 -9999 -9999 -9999 -9999 -9999 -9999 -9999 -9999 -9999 -9999 -9999 -9999 -9999 -9999 -1.172 -1.151 -9999 -9999 -9999 -9999 -1.027 -0.968 -0.931 -0.904 -0.87 -0.845 -0.817 -0.78 -0.745 -0.715 -0.698 -0.675 -0.65 -0.626 -0.606 -0.592 -0.57 -0.547 -0.527 -0.505 -0.465 -0.434 -0.415 -0.395 -0.368 -0.339 -0.316 -0.295 -0.268 -0.242 -0.223 -0.206 -0.194 -0.186 -0.181
-9999 -9999 -9999 -9999 -9999 -9999 -9999 -9999 -9999 -9999 -9999 -9999 -9999 -9999 -9999 -9999 -9999 -9999 -9999 -9999 -9999 -9999 -9999 -9999 -9999 -9999 -9999 -9999 -9999 -9999 -9999 -9999 -9999 -9999 -1.172 -9999 -9999 -9999 -9999 -1.067 -1.026 -0.976 -0.944 -0.916 -0.887 -0.862 -0.825 -0.787 -0.753 -0.72 -0.7 -0.683 -0.657 -0.635 -0.616 -0.6 -0.578 -0.557 -0.538 -0.52 -0.482 -0.44 -0.421 -0.403 -0.376 -0.347 -0.325 -0.306 -0.283 -0.26 -0.241 -0.221 -0.202 -0.195 -9999
-9999 -9999 -9999 -9999 -9999 -9999 -9999 -9999 -9999 -9999 -9999 -9999 -9999 -9999 -9999 -9999 -9999 -9999 -9999 -9999 -9999 -9999 -9999 -9999 -9999 -9999 -9999 -9999 -9999 -9999 -9999 -9999 -9999 -9999 -9999 -9999 -9999 -9999 -9999 -1.07 -1.041 -1.015 -0.978 -0.936 -0.907 -0.883 -0.843 -0.796 -0.765 -0.743 -0.723 -0.703 -0.661 -0.627 -0.618 -0.608 -0.579 -0.553 -0.523 -0.498 -0.478 -0.448 -0.423 -0.401 -0.384 -0.361 -0.35 -0.341 -0.308 -0.279 -0.261 -0.242 -0.226 -0.215 -9999
-9999 -9999 -9999 -9999 -9999 -9999 -9999 -9999 -9999 -9999 -9999 -9999 -9999 -9999 -9999 -9999 -9999 -9999 -9999 -9999 -9999 -9999 -9999 -9999 -9999 -9999 -9999 -9999 -9999 -9999 -9999 -9999 -9999 -9999 -9999 -9999 -9999 -9999 -9999 -1.078 -1.063 -1.042 -0.997 -0.955 -0.927 -0.901 -0.855 -0.807 -0.782 -0.762 -0.74 -0.721 -0.68 -0.638 -0.625 -0.618 -0.586 -0.556 -0.526 -0.495 -0.475 -0.456 -0.432 -0.407 -0.389 -0.371 -0.364 -0.362 -0.332 -0.296 -0.28 -0.262 -0.247 -0.231 -9999
-9999 -9999 -9999 -9999 -9999 -9999 -9999 -9999 -9999 -9999 -9999 -9999 -9999 -9999 -9999 -9999 -9999 -9999 -9999 -9999 -9999 -9999 -9999 -9999 -9999 -9999 -9999 -9999 -9999 -9999 -9999 -9999 -9999 -9999 -9999 -9999 -9999 -9999 -1.104 -1.076 -1.064 -1.046 -1.006 -0.981 -0.945 -0.902 -0.862 -0.836 -0.81 -0.779 -0.752 -0.729 -0.707 -0.677 -0.64 -0.618 -0.59 -0.557 -0.533 -0.507 -0.467 -0.434 -0.43 -0.416 -0.393 -0.376 -0.365 -0.361 -0.342 -0.313 -0.3 -0.285 -0.259 -0.246 -0.232
-9999 -9999 -9999 -9999 -9999 -9999 -9999 -9999 -9999 -9999 -9999 -9999 -9999 -9999 -9999 -9999 -9999 -9999 -9999 -9999 -9999 -9999 -9999 -9999 -9999 -9999 -9999 -9999 -9999 -9999 -9999 -9999 -9999 -9999 -9999 -9999 -9999 -9999 -1.103 -1.081 -1.07 -1.053 -1.027 -0.999 -0.955 -0.91 -0.881 -0.856 -0.824 -0.794 -0.767 -0.741 -0.719 -0.7 -0.665 -0.629 -0.601 -0.572 -0.541 -0.516 -0.476 -0.433 -0.426 -0.424 -0.403 -0.386 -0.377 -0.371 -0.351 -0.329 -0.316 -0.304 -0.279 -0.25 -0.244
-9999 -9999 -9999 -9999 -9999 -9999 -9999 -9999 -9999 -9999 -9999 -9999 -9999 -9999 -9999 -9999 -9999 -9999 -9999 -9999 -9999 -9999 -9999 -9999 -9999 -9999 -9999 -9999 -9999 -9999 -9999 -9999 -9999 -9999 -9999 -9999 -9999 -1.15 -1.131 -1.117 -1.1 -1.064 -1.041 -1.007 -0.968 -0.939 -0.906 -0.864 -0.833 -0.806 -0.778 -0.752 -0.712 -0.682 -0.664 -0.638 -0.616 -0.591 -0.561 -0.53 -0.494 -0.455 -0.434 -0.423 -0.408 -0.394 -0.381 -0.371 -0.36 -0.343 -0.323 -0.307 -0.284 -0.257 -0.241
-9999 -9999 -9999 -9999 -9999 -9999 -9999 -9999 -9999 -9999 -9999 -9999 -9999 -9999 -9999 -9999 -9999 -9999 -9999 -9999 -9999 -9999 -9999 -9999 -9999 -9999 -9999 -9999 -9999 -9999 -9999 -9999 -9999 -9999 -9999 -9999 -9999 -1.163 -1.149 -1.135 -1.105 -1.072 -1.048 -1.02 -0.988 -0.96 -0.917 -0.876 -0.847 -0.82 -0.793 -0.766 -0.727 -0.687 -0.668 -0.652 -0.63 -0.608 -0.579 -0.548 -0.51 -0.47 -0.447 -0.43 -0.417 -0.407 -0.394 -0.38 -0.369 -0.357 -0.338 -0.318 -0.295 -0.271 -0.254
-9999 -9999 -9999 -9999 -9999 -9999 -9999 -9999 -9999 -9999 -9999 -9999 -9999 -9999 -9999 -9999 -9999 -9999 -9999 -9999 -9999 -9999 -9999 -9999 -9999 -9999 -9999 -9999 -9999 -9999 -9999 -9999 -9999 -9999 -9999 -9999 -9999 -1.174 -1.155 -1.127 -1.099 -1.079 -1.057 -1.021 -0.991 -0.972 -0.927 -0.877 -0.848 -0.821 -0.796 -0.771 -0.742 -0.709 -0.685 -0.665 -0.634 -0.606 -0.585 -0.559 -0.528 -0.49 -0.459 -0.44 -0.435 -0.428 -0.416 -0.404 -0.386 -0.371 -0.355 -0.335 -0.317 -0.296 -0.274
-9999 -9999 -9999 -9999 -9999 -9999 -9999 -9999 -9999 -9999 -9999 -9999 -9999 -9999 -9999 -9999 -9999 -9999 -9999 -9999 -9999 -9999 -9999 -9999 -9999 -9999 -9999 -9999 -9999 -9999 -9999 -9999 -9999 -9999 -9999 -9999 -9999 -9999 -1.152 -1.125 -1.105 -1.086 -1.059 -1.025 -1.007 -0.986 -0.937 -0.888 -0.859 -0.832 -0.807 -0.784 -0.755 -0.729 -0.704 -0.681 -0.649 -0.617 -0.595 -0.574 -0.543 -0.513 -0.483 -0.456 -0.448 -0.445 -0.433 -0.421 -0.404 -0.385 -0.369 -9999 -0.333 -9999 -0.293
-9999 -9999 -9999 -9999 -9999 -9999 -9999 -9999 -9999 -9999 -9999 -9999 -9999 -9999 -9999 -9999 -9999 -9999 -9999 -9999 -9999 -9999 -9999 -9999 -9999 -9999 -9999 -9999 -9999 -9999 -9999 -9999 -9999 -9999 -9999 -9999 -9999 -1.167 -1.146 -1.132 -1.113 -1.096 -1.072 -1.047 -1.028 -1.001 -0.954 -0.911 -0.88 -0.848 -0.82 -0.788 -0.758 -0.73 -0.705 -0.681 -0.653 -0.622 -0.603 -0.584 -0.559 -0.534 -0.502 -0.472 -0.456 -0.45 -0.435 -0.422 -0.403 -0.384 -0.363 -0.343 -0.339 -0.328 -9999
-9999 -9999 -9999 -9999 -9999 -9999 -9999 -9999 -9999 -9999 -9999 -9999 -9999 -9999 -9999 -9999 -9999 -9999 -9999 -9999 -9999 -9999 -9999 -9999 -9999 -9999 -9999 -9999 -9999 -9999 -9999 -9999 -9999 -9999 -9999 -9999 -9999 -1.161 -1.147 -1.134 -1.119 -1.104 -1.082 -1.058 -1.037 -1.014 -0.974 -0.932 -0.898 -0.865 -0.833 -0.802 -0.771 -0.742 -0.717 -0.692 -0.663 -0.635 -0.616 -0.601 -0.578 -0.557 -0.527 -0.494 -0.475 -0.462 -0.445 -0.431 -0.412 -0.392 -0.372 -0.349 -0.344 -0.342 -0.32
-9999 -9999 -9999 -9999 -9999 -9999 -9999 -9999 -9999 -9999 -9999 -9999 -9999 -9999 -9999 -9999 -9999 -9999 -9999 -9999 -9999 -9999 -9999 -9999 -9999 -9999 -9999 -9999 -9999 -9999 -9999 -9999 -9999 -9999 -9999 -9999 -1.176 -1.145 -1.137 -1.141 -1.122 -1.09 -1.071 -1.056 -1.031 -0.995 -0.963 -0.938 -0.904 -0.873 -0.833 -0.796 -0.776 -0.751 -0.726 -0.702 -0.675 -0.649 -0.626 -0.61 -0.587 -0.564 -0.547 -0.522 -0.501 -0.481 -0.462 -0.448 -0.415 -0.386 -0.376 -0.36 -0.345 -0.336 -0.323
-9999 -9999 -9999 -9999 -9999 -9999 -9999 -9999 -9999 -9999 -9999 -9999 -9999 -9999 -9999 -9999 -9999 -9999 -9999 -9999 -9999 -9999 -9999 -9999 -9999 -9999 -9999 -9999 -9999 -9999 -9999 -9999 -9999 -9999 -9999 -9999 -1.159 -1.137 -1.138 -1.143 -1.116 -1.084 -1.07 -1.057 -1.026 -0.993 -0.973 -0.951 -0.92 -0.889 -0.848 -0.807 -0.785 -0.766 -0.74 -0.716 -0.691 -0.668 -0.647 -0.628 -0.605 -0.581 -0.564 -0.548 -0.527 -0.506 -0.478 -0.462 -0.43 -0.394 -0.383 -0.374 -0.36 -0.345 -0.332
-9999 -9999 -9999 -9999 -9999 -9999 -9999 -9999 -9999 -9999 -9999 -9999 -9999 -9999 -9999 -9999 -9999 -9999 -9999 -9999 -9999 -9999 -9999 -9999 -9999 -9999 -9999 -9999 -9999 -9999 -9999 -9999 -9999 -9999 -9999 -9999 -9999 -1.158 -1.155 -1.142 -1.12 -1.102 -1.089 -1.076 -1.05 -1.022 -1.003 -0.975 -0.952 -0.928 -0.887 -0.843 -0.812 -0.787 -0.759 -0.735 -0.715 -0.696 -0.676 -0.657 -0.629 -0.603 -0.577 -0.556 -0.529 -0.505 -0.484 -0.463 -0.45 -0.427 -0.408 -0.393 -0.382 -0.369 -0.356
