Validation/Results/raw data/ReClimate_02_2024_2.asc
NCOLS 192
NROWS 249
XLLCENTER -225160.85627316462
YLLCENTER 29788.11610251502
CELLSIZE 5000.0
NODATA_VALUE -9999
[rows 99 to 131 of 249, columns 75 to 149 of 192]
94.849 96.45 96.448 96.446 95.641 95.642 96.449 -9999 -9999 96.415 96.402 96.258 96.087 96.085 95.088 95.163 96.333 96.324 96.316 96.308 96.302 96.299 96.299 96.3 96.301 96.302 96.304 96.307 96.311 96.317 96.322 96.328 96.335 96.341 96.348 96.355 96.363 96.371 96.377 96.382 96.386 96.391 96.397 96.404 -9999 -9999 -9999 -9999 -9999 -9999 -9999 -9999 -9999 -9999 -9999 -9999 -9999 -9999 -9999 -9999 -9999 -9999 -9999 -9999 -9999 -9999 -9999 -9999 -9999 -9999 -9999 -9999 -9999 -9999 -9999
95.475 96.462 -9999 -9999 96.451 96.45 -9999 -9999 -9999 96.451 96.366 96.288 96.286 96.288 96.341 96.383 96.374 96.365 96.357 96.35 96.344 96.341 96.341 96.341 96.342 96.345 96.349 96.354 96.36 96.365 96.371 96.377 96.384 96.391 96.398 96.406 96.414 96.423 96.431 96.436 96.441 96.447 96.453 96.461 -9999 -9999 -9999 -9999 -9999 -9999 -9999 -9999 -9999 -9999 -9999 -9999 -9999 -9999 -9999 -9999 -9999 -9999 -9999 -9999 -9999 -9999 -9999 -9999 -9999 -9999 -9999 -9999 -9999 -9999 -9999
-9999 96.486 96.48 96.475 -9999 -9999 -9999 -9999 96.468 96.467 96.436 96.431 96.427 96.416 96.433 96.424 96.415 96.407 96.399 96.392 95.708 93.88 94.558 96.387 96.39 96.395 96.399 96.404 96.409 96.414 96.42 96.426 96.433 96.44 96.447 96.456 96.465 96.475 96.484 96.49 96.496 96.503 96.511 -9999 -9999 -9999 -9999 -9999 -9999 -9999 -9999 -9999 -9999 -9999 -9999 -9999 -9999 -9999 -9999 -9999 -9999 -9999 -9999 -9999 -9999 -9999 -9999 -9999 -9999 -9999 -9999 -9999 -9999 -9999 -9999
96.517 96.512 96.506 96.5 94.759 93.931 -9999 -9999 96.486 -9999 -9999 96.493 96.495 96.484 96.475 96.466 96.457 96.449 96.442 96.435 95.133 94.183 95.483 96.438 96.441 96.445 96.449 96.453 96.457 96.462 96.468 96.474 96.481 96.488 96.496 96.505 96.515 96.526 96.535 96.542 96.549 96.554 -9999 -9999 -9999 -9999 -9999 -9999 -9999 -9999 -9999 -9999 -9999 -9999 -9999 -9999 -9999 -9999 -9999 -9999 -9999 -9999 -9999 -9999 -9999 -9999 -9999 -9999 -9999 -9999 -9999 -9999 -9999 -9999 -9999
96.251 95.473 95.759 96.526 -9999 -9999 -9999 96.512 96.506 96.503 96.509 96.515 96.517 96.521 96.518 96.509 96.501 96.493 96.486 96.482 95.476 94.094 95.101 96.488 96.491 96.494 96.498 96.502 96.506 96.511 96.516 96.522 96.529 96.536 96.544 96.554 96.564 -9999 -9999 96.593 -9999 -9999 -9999 -9999 -9999 -9999 -9999 -9999 -9999 -9999 -9999 -9999 -9999 -9999 -9999 -9999 -9999 -9999 -9999 -9999 -9999 -9999 -9999 -9999 -9999 -9999 -9999 -9999 -9999 -9999 -9999 -9999 -9999 -9999 -9999
95.471 93.62 -9999 96.552 -9999 -9999 -9999 96.532 96.529 96.53 96.533 96.536 96.541 96.544 96.546 96.549 96.546 96.539 96.536 96.535 94.899 92.425 94.061 96.539 96.541 96.544 96.547 96.55 96.554 96.559 96.564 96.57 96.577 96.584 96.593 96.603 -9999 96.626 96.636 96.643 96.641 -9999 -9999 -9999 -9999 -9999 -9999 -9999 -9999 -9999 -9999 -9999 -9999 -9999 -9999 -9999 -9999 -9999 -9999 -9999 -9999 -9999 -9999 -9999 -9999 -9999 -9999 -9999 -9999 -9999 -9999 -9999 -9999 -9999 -9999
95.631 -9999 -9999 -9999 -9999 96.217 95.966 96.558 96.557 96.558 95.523 92.751 93.788 96.566 96.57 96.572 96.577 96.586 96.177 95.065 94.195 95.306 96.589 96.59 96.592 96.594 96.596 96.599 96.603 96.608 96.613 96.619 96.625 96.633 -9999 96.652 96.664 96.676 96.687 96.693 96.678 -9999 -9999 -9999 -9999 -9999 -9999 -9999 -9999 -9999 -9999 -9999 -9999 -9999 -9999 -9999 -9999 -9999 -9999 -9999 -9999 -9999 -9999 -9999 -9999 -9999 -9999 -9999 -9999 -9999 -9999 -9999 -9999 -9999 -9999
-9999 -9999 -9999 -9999 -9999 96.596 96.591 96.587 96.586 96.586 94.592 93.106 95.102 96.59 96.591 96.595 96.604 96.614 95.524 94.125 95.23 96.641 96.641 96.642 96.643 96.644 96.646 96.649 96.653 96.657 96.662 96.668 96.675 96.683 96.693 96.703 96.715 96.724 96.725 96.721 96.714 96.702 -9999 -9999 -9999 -9999 -9999 -9999 -9999 -9999 -9999 -9999 -9999 -9999 -9999 -9999 -9999 -9999 -9999 -9999 -9999 -9999 -9999 -9999 -9999 -9999 -9999 -9999 -9999 -9999 -9999 -9999 -9999 -9999 -9999
-9999 -9999 -9999 -9999 96.625 -9999 -9999 96.615 96.614 96.614 95.842 95.842 -9999 -9999 96.613 96.607 95.911 94.032 94.016 95.925 96.664 96.671 96.654 96.598 96.626 96.692 96.697 96.7 96.703 96.708 96.713 96.718 96.722 96.727 96.732 96.737 96.742 96.744 96.741 96.734 96.727 96.722 96.725 -9999 -9999 -9999 -9999 -9999 -9999 -9999 -9999 -9999 -9999 -9999 -9999 -9999 -9999 -9999 -9999 -9999 -9999 -9999 -9999 -9999 -9999 -9999 -9999 -9999 -9999 -9999 -9999 -9999 -9999 -9999 -9999
-9999 -9999 -9999 -9999 96.651 -9999 96.645 96.643 96.642 96.641 96.641 96.64 96.64 96.643 96.636 96.627 94.773 92.412 94.284 96.671 96.681 96.69 96.494 96.037 96.247 96.716 96.721 96.725 96.729 96.733 96.737 96.74 96.743 96.746 96.749 96.752 96.755 96.757 96.753 96.746 96.724 96.674 -9999 -9999 -9999 -9999 -9999 -9999 -9999 -9999 -9999 -9999 -9999 -9999 -9999 -9999 -9999 -9999 -9999 -9999 -9999 -9999 -9999 -9999 -9999 -9999 -9999 -9999 -9999 -9999 -9999 -9999 -9999 -9999 -9999
-9999 -9999 -9999 -9999 96.677 -9999 96.117 95.59 95.883 96.669 96.668 -9999 96.668 96.673 -9999 96.673 95.449 95.451 96.688 96.692 96.698 96.706 96.473 96.479 96.725 96.73 96.735 96.739 96.743 96.747 96.75 96.753 96.757 96.76 96.763 96.766 96.77 96.771 -9999 -9999 -9999 -9999 -9999 -9999 -9999 -9999 -9999 -9999 -9999 -9999 -9999 -9999 -9999 -9999 -9999 -9999 -9999 -9999 -9999 -9999 -9999 -9999 -9999 -9999 -9999 -9999 -9999 -9999 -9999 -9999 -9999 -9999 -9999 -9999 -9999
-9999 -9999 96.709 96.706 -9999 -9999 95.588 94.423 95.338 96.696 96.695 96.695 96.699 96.702 -9999 96.709 96.711 96.713 96.715 96.716 96.718 96.723 96.729 96.735 96.74 96.745 96.749 96.753 96.757 96.76 96.764 96.767 96.77 96.774 96.777 96.781 96.785 -9999 -9999 -9999 -9999 -9999 -9999 -9999 -9999 -9999 -9999 -9999 -9999 -9999 -9999 -9999 -9999 -9999 -9999 -9999 -9999 -9999 -9999 -9999 -9999 -9999 -9999 -9999 -9999 -9999 -9999 -9999 -9999 -9999 -9999 -9999 -9999 -9999 -9999
-9999 96.738 96.734 96.731 -9999 96.255 95.871 93.922 94.609 -9999 95.145 96.726 96.729 96.732 -9999 96.737 96.739 96.741 96.742 96.741 96.741 96.742 96.746 96.751 96.756 96.76 96.764 96.767 -9999 96.774 96.778 96.781 96.785 96.788 96.792 96.796 -9999 -9999 -9999 -9999 -9999 -9999 -9999 -9999 -9999 -9999 -9999 -9999 -9999 -9999 -9999 -9999 -9999 -9999 -9999 -9999 -9999 -9999 -9999 -9999 -9999 -9999 -9999 -9999 -9999 -9999 -9999 -9999 -9999 -9999 -9999 -9999 -9999 -9999 -9999
-9999 96.763 96.76 -9999 -9999 96.616 95.515 94.645 -9999 93.632 95.078 96.756 96.758 96.761 -9999 96.765 96.766 96.768 96.768 96.767 96.765 96.763 96.763 96.767 96.771 96.775 96.779 96.782 96.786 96.789 -9999 -9999 96.8 96.803 -9999 -9999 -9999 -9999 -9999 -9999 96.82 96.781 96.775 -9999 -9999 -9999 -9999 -9999 -9999 -9999 -9999 -9999 -9999 -9999 -9999 -9999 -9999 -9999 -9999 -9999 -9999 -9999 -9999 -9999 -9999 -9999 -9999 -9999 -9999 -9999 -9999 -9999 -9999 -9999 -9999
96.792 96.789 -9999 -9999 96.781 96.779 96.161 96.057 -9999 95.905 96.781 96.785 96.787 96.789 -9999 -9999 -9999 96.795 96.794 96.793 96.79 96.786 96.784 96.783 96.787 96.79 96.685 96.394 96.506 96.804 96.807 96.811 96.815 96.82 -9999 -9999 -9999 -9999 -9999 96.943 96.883 96.866 96.858 96.857 -9999 -9999 -9999 -9999 -9999 -9999 -9999 -9999 -9999 -9999 -9999 -9999 -9999 -9999 -9999 -9999 -9999 -9999 -9999 -9999 -9999 -9999 -9999 -9999 -9999 -9999 -9999 -9999 -9999 -9999 -9999
96.819 96.816 -9999 -9999 -9999 96.805 96.803 96.802 -9999 96.804 -9999 96.812 96.815 96.817 -9999 96.82 96.821 96.821 -9999 96.818 96.815 96.81 96.805 96.802 96.803 96.806 96.574 96.354 96.592 96.819 96.827 96.849 96.876 96.903 96.935 96.978 96.996 -9999 97.021 97.006 97.003 97.007 97.022 97.044 97.065 97.084 -9999 -9999 -9999 -9999 -9999 -9999 -9999 -9999 -9999 -9999 -9999 -9999 -9999 -9999 -9999 -9999 -9999 -9999 -9999 -9999 -9999 -9999 -9999 -9999 -9999 -9999 -9999 -9999 -9999
96.846 -9999 -9999 -9999 -9999 96.831 96.829 96.828 -9999 96.832 -9999 96.84 96.727 -9999 96.844 96.846 96.847 96.846 96.845 96.843 96.84 96.834 96.827 96.821 96.819 96.822 96.709 96.713 96.843 96.877 96.916 96.956 96.994 97.03 97.064 97.093 97.109 97.122 97.133 97.144 97.165 97.199 97.231 97.261 97.289 97.314 97.342 97.433 97.613 -9999 -9999 -9999 -9999 -9999 -9999 -9999 -9999 -9999 -9999 -9999 -9999 -9999 -9999 -9999 -9999 -9999 -9999 -9999 -9999 -9999 -9999 -9999 -9999 -9999 -9999
96.875 -9999 -9999 -9999 -9999 96.858 96.856 96.854 96.33 -9999 -9999 96.866 96.393 -9999 96.87 96.871 96.871 96.87 96.869 96.867 96.863 96.856 96.849 96.841 96.838 96.839 96.854 96.895 96.945 96.991 97.036 97.078 97.119 97.158 97.195 97.221 97.238 97.254 97.274 97.314 97.356 97.396 97.434 97.471 97.507 97.542 97.579 97.614 97.651 97.827 -9999 -9999 -9999 -9999 -9999 -9999 -9999 -9999 -9999 -9999 -9999 -9999 -9999 -9999 -9999 -9999 -9999 -9999 -9999 -9999 -9999 -9999 -9999 -9999 -9999
-9999 -9999 -9999 -9999 -9999 96.885 96.883 96.882 95.87 -9999 -9999 96.892 96.453 -9999 -9999 96.895 96.781 96.478 96.588 96.887 96.883 96.877 96.87 96.862 96.866 96.9 96.957 97.011 97.062 97.111 97.158 97.203 97.247 97.289 97.325 97.347 97.369 97.399 97.448 97.496 97.541 97.586 97.63 97.674 97.717 97.761 97.806 97.849 97.886 97.92 -9999 -9999 -9999 -9999 -9999 -9999 -9999 -9999 -9999 -9999 -9999 -9999 -9999 -9999 -9999 -9999 -9999 -9999 -9999 -9999 -9999 -9999 -9999 -9999 -9999
-9999 -9999 -9999 -9999 -9999 96.913 96.91 96.91 -9999 -9999 -9999 -9999 96.921 -9999 96.921 96.917 96.317 95.123 95.717 96.906 96.901 96.896 96.894 96.909 96.96 97.017 97.073 97.129 97.182 97.233 97.283 97.33 97.377 97.421 97.45 97.477 97.516 97.57 97.622 97.673 97.722 97.772 97.821 97.871 97.922 97.972 98.017 98.059 98.1 98.142 98.183 -9999 -9999 -9999 -9999 -9999 -9999 -9999 -9999 -9999 -9999 -9999 -9999 -9999 -9999 -9999 -9999 -9999 -9999 -9999 -9999 -9999 -9999 -9999 -9999
-9999 -9999 -9999 96.95 96.946 96.942 96.939 -9999 -9999 96.339 -9999 -9999 -9999 -9999 96.418 96.94 96.311 96.296 96.916 96.924 96.919 96.923 96.957 97.018 97.077 97.136 97.193 97.251 97.306 97.359 97.411 97.461 97.51 97.549 97.579 97.624 97.682 97.737 97.792 97.846 97.899 97.953 98.007 98.057 98.107 98.154 98.202 98.25 98.299 98.35 98.379 -9999 -9999 -9999 -9999 -9999 -9999 -9999 -9999 -9999 -9999 -9999 -9999 -9999 -9999 -9999 -9999 -9999 -9999 -9999 -9999 -9999 -9999 -9999 -9999
-9999 -9999 -9999 -9999 96.976 96.971 96.968 -9999 96.966 96.837 96.968 -9999 -9999 -9999 -9999 96.962 96.911 96.797 96.838 96.942 96.949 96.999 97.066 97.13 97.192 97.253 97.314 97.374 97.433 97.49 97.544 97.597 97.644 97.677 97.724 97.785 97.844 97.901 97.956 98.01 98.064 98.117 98.169 98.22 98.271 98.323 98.376 98.43 98.487 98.544 98.586 98.651 -9999 -9999 -9999 -9999 -9999 -9999 -9999 -9999 -9999 -9999 -9999 -9999 -9999 -9999 -9999 -9999 -9999 -9999 -9999 -9999 -9999 -9999 -9999
-9999 -9999 -9999 -9999 97.006 97.002 96.999 -9999 96.995 96.995 96.995 -9999 -9999 -9999 -9999 -9999 96.978 96.916 96.967 96.975 97.036 97.107 97.175 97.241 97.305 97.369 97.432 97.495 97.555 97.614 97.671 97.723 97.76 97.807 97.87 97.93 97.988 98.045 98.1 98.155 98.21 98.264 98.318 98.373 98.428 98.485 98.542 98.602 98.664 98.726 98.77 98.834 98.937 -9999 -9999 -9999 -9999 -9999 -9999 -9999 -9999 -9999 -9999 -9999 -9999 -9999 -9999 -9999 -9999 -9999 -9999 -9999 -9999 -9999 -9999
-9999 -9999 -9999 -9999 97.018 97.027 -9999 -9999 97.025 97.024 97.023 96.865 -9999 -9999 -9999 -9999 -9999 96.995 97.002 97.067 97.143 97.216 97.286 97.354 97.421 97.486 97.552 97.616 97.677 97.737 97.792 97.833 97.877 97.941 98.002 98.061 98.119 98.177 98.234 98.291 98.348 98.405 98.463 98.521 98.58 98.64 98.702 98.766 98.834 98.898 98.943 99.017 99.122 99.224 99.327 -9999 -9999 -9999 -9999 -9999 -9999 -9999 -9999 -9999 -9999 -9999 -9999 -9999 -9999 -9999 -9999 -9999 -9999 -9999 -9999
-9999 -9999 -9999 -9999 97.033 97.043 -9999 -9999 97.053 97.053 97.048 -9999 -9999 -9999 -9999 -9999 -9999 97.031 97.094 97.176 97.253 97.327 97.399 97.47 97.539 97.607 97.674 97.74 97.802 97.86 97.902 97.943 98.006 98.068 98.127 98.186 98.245 98.304 98.363 98.422 98.482 98.542 98.603 98.664 98.727 98.791 98.857 98.926 98.998 99.069 99.162 99.249 99.35 99.451 99.552 -9999 -9999 -9999 -9999 -9999 -9999 -9999 -9999 -9999 -9999 -9999 -9999 -9999 -9999 -9999 -9999 -9999 -9999 -9999 -9999
-9999 -9999 -9999 -9999 97.046 97.054 -9999 -9999 -9999 97.08 97.072 97.071 -9999 -9999 -9999 -9999 -9999 97.115 97.204 97.287 97.366 97.442 97.517 97.589 97.66 97.731 97.801 97.869 97.929 97.972 98.012 98.068 98.13 98.19 98.248 98.307 98.366 98.426 98.488 98.55 98.613 98.676 98.74 98.805 98.871 98.938 99.008 99.081 99.167 99.276 99.378 99.477 99.575 99.672 99.77 -9999 -9999 -9999 -9999 -9999 -9999 -9999 -9999 -9999 -9999 -9999 -9999 -9999 -9999 -9999 -9999 -9999 -9999 -9999 -9999
-9999 -9999 -9999 97.048 97.056 97.064 -9999 -9999 -9999 -9999 -9999 -9999 -9999 -9999 -9999 -9999 -9999 97.222 97.317 97.403 97.484 97.562 97.638 97.713 97.787 97.86 97.933 97.999 98.044 98.082 98.129 98.192 98.252 98.308 98.365 98.422 98.483 98.546 98.61 98.676 98.742 98.809 98.876 98.944 99.013 99.084 99.158 99.244 99.371 99.487 99.584 99.679 99.773 99.867 99.962 99.882 -9999 -9999 -9999 -9999 -9999 -9999 -9999 -9999 -9999 -9999 -9999 -9999 -9999 -9999 -9999 -9999 -9999 -9999 -9999
-9999 -9999 97.054 97.06 97.066 97.073 -9999 -9999 -9999 -9999 -9999 -9999 -9999 -9999 -9999 97.193 97.221 97.33 97.429 97.523 97.607 97.688 97.766 97.844 97.92 97.995 98.064 98.114 98.156 98.197 98.256 98.316 98.372 98.425 98.478 98.535 98.597 98.664 98.732 98.802 98.872 98.941 99.012 99.083 99.155 99.229 99.315 99.443 99.575 99.678 99.77 99.861 99.952 100.042 100.134 100.103 -9999 -9999 -9999 -9999 -9999 -9999 -9999 -9999 -9999 -9999 -9999 -9999 -9999 -9999 -9999 -9999 -9999 -9999 -9999
-9999 -9999 97.063 97.068 97.072 -9999 -9999 -9999 -9999 -9999 -9999 -9999 -9999 -9999 -9999 97.233 97.328 97.436 97.542 97.641 97.735 97.821 97.902 97.982 98.059 98.124 98.179 98.23 98.273 98.323 98.385 98.441 98.492 98.541 98.589 98.644 98.71 98.783 98.856 98.93 99.003 99.076 99.149 99.223 99.298 99.382 99.504 99.642 99.762 99.853 99.941 100.027 100.114 100.201 100.289 100.289 -9999 -9999 -9999 -9999 -9999 -9999 -9999 -9999 -9999 -9999 -9999 -9999 -9999 -9999 -9999 -9999 -9999 -9999 -9999
-9999 -9999 -9999 -9999 -9999 -9999 -9999 -9999 -9999 -9999 -9999 -9999 -9999 -9999 -9999 97.317 97.434 97.545 97.654 97.76 97.861 97.958 98.046 98.121 98.183 98.242 98.299 98.351 98.399 98.458 98.516 98.569 98.618 98.661 98.703 98.754 98.829 98.908 98.986 99.062 99.138 99.214 99.29 99.366 99.448 99.561 99.697 99.827 99.928 100.014 100.097 100.18 100.263 100.347 100.431 100.449 -9999 -9999 -9999 -9999 -9999 -9999 -9999 -9999 -9999 -9999 -9999 -9999 -9999 -9999 -9999 -9999 -9999 -9999 -9999
-9999 -9999 -9999 -9999 -9999 -9999 -9999 -9999 -9999 -9999 -9999 -9999 -9999 -9999 97.291 97.424 97.543 97.658 97.77 97.88 97.988 98.085 98.17 98.243 98.305 98.366 98.424 98.478 98.535 98.597 98.653 98.704 98.751 98.794 98.835 98.894 98.966 99.045 99.124 99.202 99.28 99.357 99.435 99.515 99.616 99.75 99.881 99.998 100.083 100.164 100.243 100.322 100.402 100.481 100.563 100.592 -9999 -9999 -9999 -9999 -9999 -9999 -9999 -9999 -9999 -9999 -9999 -9999 -9999 -9999 -9999 -9999 -9999 -9999 -9999
-9999 -9999 -9999 -9999 -9999 -9999 -9999 -9999 -9999 -9999 -9999 -9999 -9999 -9999 97.368 97.533 97.656 97.776 97.89 97.994 98.092 98.184 98.272 98.353 98.43 98.496 98.556 98.616 98.682 98.742 98.797 98.848 98.895 98.941 98.989 99.048 99.118 99.193 99.271 99.35 99.428 99.506 99.585 99.676 99.804 99.933 100.056 100.151 100.23 100.306 100.382 100.456 100.531 100.607 100.685 100.72 -9999 -9999 -9999 -9999 -9999 -9999 -9999 -9999 -9999 -9999 -9999 -9999 -9999 -9999 -9999 -9999 -9999 -9999 -9999
-9999 -9999 -9999 -9999 -9999 -9999 -9999 -9999 -9999 -9999 -9999 -9999 -9999 97.304 97.46 97.638 97.764 97.878 97.985 98.086 98.183 98.277 98.369 98.458 98.541 98.621 98.696 98.765 98.836 98.894 98.949 99.0 99.049 99.099 99.152 99.212 99.279 99.352 99.428 99.506 99.584 99.663 99.746 99.861 99.988 100.112 100.219 100.296 100.369 100.441 100.511 100.582 100.653 100.719 100.775 100.817 100.819 -9999 -9999 -9999 -9999 -9999 -9999 -9999 -9999 -9999 -9999 -9999 -9999 -9999 -9999 -9999 -9999 -9999 -9999
