Validation/Results/raw data/ReClimate_12_2023_1_Temperature.asc
NCOLS 192
NROWS 249
XLLCENTER -225160.85627316462
YLLCENTER 29788.11610251502
CELLSIZE 5000.0
NODATA_VALUE -9999
[rows 204 to 237 of 249, columns 75 to 149 of 192]
-9999 -9999 -9999 -9999 -0.154 -9999 -0.147 -0.141 -0.138 -0.138 -0.135 -0.132 -0.126 -0.115 -0.127 -0.145 -0.133 -0.121 -0.111 -0.099 -0.091 -0.084 -0.066 -0.046 -0.049 -0.053 -0.027 0.003 0.015 0.029 0.032 0.034 0.031 0.025 0.021 0.014 0.032 0.052 0.06 0.067 0.084 0.102 0.105 0.105 0.123 0.144 0.153 0.163 0.144 0.121 0.132 0.146 0.159 0.176 0.183 0.189 0.2 0.214 0.205 0.193 0.202 0.215 0.225 0.237 0.233 0.229 0.215 0.199 0.206 0.216 0.216 0.218 0.22 0.223 0.221
-9999 -9999 -9999 -9999 -9999 -9999 -9999 -9999 -0.151 -0.155 -0.149 -0.133 -0.126 -0.112 -0.121 -0.13 -0.118 -0.104 -0.098 -0.098 -0.087 -0.066 -0.052 -0.045 -0.049 -0.057 -0.038 -0.025 -0.015 -0.001 0.004 0.02 0.022 0.034 0.033 0.038 0.05 0.052 0.064 0.088 0.099 0.099 0.11 0.139 0.151 0.145 0.151 0.151 0.137 0.13 0.137 0.139 0.154 0.171 0.178 0.185 0.198 0.212 0.208 0.2 0.214 0.23 0.231 0.238 0.237 0.234 0.229 0.219 0.214 0.216 0.215 0.216 0.221 0.226 0.215
-9999 -9999 -9999 -9999 -9999 -9999 -9999 -9999 -0.152 -0.157 -0.144 -0.129 -0.121 -0.108 -0.111 -0.12 -0.107 -0.093 -0.092 -0.092 -0.075 -0.056 -0.049 -0.042 -0.047 -0.055 -0.045 -0.033 -0.022 -0.01 0.002 0.017 0.028 0.04 0.045 0.051 0.053 0.055 0.075 0.099 0.1 0.099 0.125 0.154 0.152 0.148 0.149 0.148 0.143 0.137 0.138 0.139 0.154 0.171 0.177 0.185 0.197 0.213 0.209 0.204 0.218 0.235 0.237 0.238 0.237 0.235 0.231 0.226 0.221 0.216 0.215 0.215 0.219 0.226 0.216
-9999 -9999 -9999 -9999 -9999 -9999 -0.12 -0.119 -0.126 -0.148 -9999 -0.122 -0.113 -0.095 -0.099 -0.111 -0.098 -9999 -0.083 -0.082 -0.067 -0.051 -0.049 -0.053 -0.052 -0.041 -0.029 -0.012 -0.003 0.004 0.014 0.022 0.035 0.052 0.057 0.06 0.064 0.071 0.087 0.098 0.101 0.108 0.132 0.157 0.157 0.158 0.161 0.164 0.16 0.156 0.167 0.174 0.174 0.182 0.197 0.211 0.194 0.193 0.21 0.218 0.228 0.243 0.232 0.225 0.223 0.221 0.227 0.228 0.233 0.234 0.224 0.22 0.218 0.222 0.228
-9999 -9999 -9999 -9999 -9999 -9999 -0.117 -9999 -9999 -9999 -0.128 -0.115 -0.104 -9999 -9999 -9999 -9999 -9999 -0.075 -0.073 -0.06 -0.046 -0.049 -0.054 -0.044 -0.032 -0.018 -0.001 0.005 0.012 0.019 0.027 0.042 0.059 0.063 0.066 0.073 0.08 0.089 0.1 0.106 0.113 0.135 0.16 0.162 0.163 0.168 0.172 0.17 0.166 0.177 0.189 0.189 0.188 0.202 0.22 0.206 0.187 0.203 0.223 0.233 0.245 0.234 0.22 0.218 0.216 0.221 0.228 0.233 0.239 0.231 0.221 0.22 0.22 0.225
-9999 -9999 -9999 -9999 -9999 -9999 -9999 -9999 -0.12 -0.127 -0.111 -0.087 -0.081 -9999 -9999 -9999 -9999 -9999 -9999 -9999 -9999 -0.045 -0.044 -0.033 -0.025 -0.024 -0.014 -0.014 -0.011 -0.011 -0.004 0.01 0.023 0.039 0.044 0.054 0.065 0.089 0.099 0.109 0.116 0.122 0.14 0.153 0.158 0.17 0.175 0.179 0.177 0.172 0.17 0.174 0.19 0.197 0.191 0.196 0.198 0.189 0.201 0.218 0.227 0.237 0.23 0.218 0.225 0.228 0.233 0.241 0.236 0.237 0.222 0.208 0.214 0.218 0.205
-9999 -9999 -9999 -9999 -9999 -9999 -9999 -9999 -9999 -0.121 -9999 -9999 -9999 -9999 -9999 -9999 -9999 -9999 -9999 -0.06 -0.05 -0.042 -0.031 -0.02 -0.018 -0.017 -0.017 -0.017 -0.017 -0.017 -0.006 0.006 0.019 0.033 0.042 0.052 0.072 0.095 0.104 0.114 0.121 0.128 -9999 0.151 0.162 0.173 0.178 0.183 0.181 0.177 0.175 0.17 0.184 0.201 0.196 0.189 0.189 0.191 0.202 0.216 0.224 0.234 0.226 0.217 0.223 0.231 0.237 0.245 0.24 0.235 0.221 0.204 0.209 0.216 0.204
-9999 -9999 -9999 -9999 -9999 -9999 -9999 -9999 -9999 -9999 -9999 -9999 -9999 -9999 -9999 -9999 -9999 -9999 -9999 -0.056 -0.048 -0.044 -0.036 -9999 -9999 -9999 -0.018 -0.01 -0.001 0.023 0.03 0.028 0.039 0.047 0.057 0.069 0.085 0.093 0.103 0.117 0.129 -9999 0.156 0.161 0.164 0.152 0.158 0.17 0.172 0.181 0.185 0.197 0.199 0.211 0.204 0.196 0.196 0.198 0.19 0.192 0.209 0.224 0.221 0.214 0.213 0.215 0.22 0.227 0.228 0.225 0.215 0.201 0.199 0.202 0.215
-9999 -9999 -9999 -9999 -9999 -9999 -9999 -9999 -9999 -9999 -9999 -9999 -9999 -9999 -9999 -9999 -9999 -9999 -9999 -9999 -9999 -9999 -9999 -9999 -9999 -9999 -0.011 -0.004 0.017 0.042 0.041 0.039 0.047 0.056 0.067 0.079 0.086 0.094 0.106 -9999 -9999 0.155 0.161 0.166 0.157 0.145 0.155 0.166 0.176 0.185 0.195 0.207 0.21 0.214 0.208 0.199 0.2 0.2 0.193 0.184 0.199 0.22 0.217 0.213 0.212 0.209 0.213 0.22 0.22 0.222 0.211 0.2 0.198 0.197 0.209
-9999 -9999 -9999 -9999 -9999 -9999 -9999 -9999 -9999 -9999 -9999 -9999 -9999 -9999 -9999 -9999 -9999 -9999 -9999 -9999 -9999 -9999 -9999 -9999 -9999 -9999 -0.002 0.003 0.022 0.034 0.04 0.061 0.066 0.065 0.074 0.08 -9999 -9999 -9999 -9999 -9999 0.154 0.158 0.161 0.156 0.154 0.164 0.174 0.174 0.153 0.167 0.201 0.207 0.213 0.196 0.182 0.196 0.204 0.213 0.214 0.218 0.232 0.225 0.219 0.217 0.214 0.217 0.223 0.212 0.207 0.203 0.194 0.196 0.198 0.191
-9999 -9999 -9999 -9999 -9999 -9999 -9999 -9999 -9999 -9999 -9999 -9999 -9999 -9999 -9999 -9999 -9999 -9999 -9999 -9999 -9999 -9999 -9999 -9999 -9999 -9999 -9999 -9999 0.02 0.034 0.052 0.072 0.073 0.072 0.078 -9999 -9999 -9999 -9999 0.135 0.145 0.154 0.158 0.16 0.161 0.16 0.169 0.179 0.163 0.14 0.166 0.198 0.204 0.212 0.196 0.176 0.188 0.205 0.214 0.225 0.229 0.235 0.229 0.22 0.218 0.216 0.219 0.223 0.213 0.202 0.197 0.193 0.195 0.199 0.192
-9999 -9999 -9999 -9999 -9999 -9999 -9999 -9999 -9999 -9999 -9999 -9999 -9999 -9999 -9999 -9999 -9999 -9999 -9999 -9999 -9999 -9999 -9999 -9999 -9999 -9999 -9999 -9999 -9999 0.033 0.049 0.064 0.068 0.078 -9999 -9999 -9999 -9999 0.115 0.145 0.149 0.142 0.149 0.165 0.167 0.171 0.18 0.188 0.172 0.155 0.175 0.187 0.197 0.207 0.211 0.204 0.204 0.213 0.212 0.217 0.218 0.221 0.212 0.202 0.21 0.213 0.223 0.232 0.225 0.216 0.205 0.198 0.196 0.197 0.174
-9999 -9999 -9999 -9999 -9999 -9999 -9999 -9999 -9999 -9999 -9999 -9999 -9999 -9999 -9999 -9999 -9999 -9999 -9999 -9999 -9999 -9999 -9999 -9999 -9999 -9999 -9999 -9999 -9999 -9999 -9999 -9999 -9999 -9999 -9999 -9999 -9999 0.098 0.122 0.15 0.146 0.14 0.153 0.168 0.173 0.178 0.185 0.19 0.178 0.162 0.172 0.183 0.193 0.205 0.209 0.214 0.214 0.215 0.215 0.214 0.214 0.215 0.206 0.195 0.202 0.211 0.221 0.234 0.228 0.221 0.211 0.2 0.198 0.197 0.174
-9999 -9999 -9999 -9999 -9999 -9999 -9999 -9999 -9999 -9999 -9999 -9999 -9999 -9999 -9999 -9999 -9999 -9999 -9999 -9999 -9999 -9999 -9999 -9999 -9999 -9999 -9999 -9999 -9999 -9999 -9999 -9999 -9999 -9999 -9999 -9999 0.119 0.12 0.143 0.166 0.164 0.161 0.168 0.159 0.167 0.181 0.183 0.181 0.177 0.189 0.196 0.192 0.187 0.19 0.196 0.201 0.195 0.19 0.197 0.2 0.197 0.196 0.204 0.202 0.193 0.191 0.2 0.211 0.218 0.218 0.203 0.188 0.204 0.214 0.198
-9999 -9999 -9999 -9999 -9999 -9999 -9999 -9999 -9999 -9999 -9999 -9999 -9999 -9999 -9999 -9999 -9999 -9999 -9999 -9999 -9999 -9999 -9999 -9999 -9999 -9999 -9999 -9999 -9999 -9999 -9999 -9999 -9999 -9999 -9999 -9999 0.127 0.131 0.151 0.174 0.173 0.171 0.166 0.158 0.169 0.181 0.179 0.177 0.188 0.2 0.199 0.195 0.191 0.185 0.19 0.197 0.19 0.182 0.187 0.195 0.192 0.189 0.196 0.205 0.196 0.184 0.192 0.202 0.208 0.217 0.202 0.184 0.199 0.22 0.206
-9999 -9999 -9999 -9999 -9999 -9999 -9999 -9999 -9999 -9999 -9999 -9999 -9999 -9999 -9999 -9999 -9999 -9999 -9999 -9999 -9999 -9999 -9999 0.012 0.02 0.022 0.03 -9999 0.045 -9999 -9999 -9999 -9999 -9999 -9999 -9999 -9999 0.135 0.151 0.162 0.161 0.159 0.155 0.154 0.163 0.173 0.171 0.165 0.176 0.193 0.188 0.182 0.188 0.188 0.18 0.179 0.193 0.197 0.193 0.195 0.194 0.192 0.194 0.2 0.183 0.166 0.184 0.199 0.206 0.216 0.208 0.195 0.196 0.208 0.193
-9999 -9999 -9999 -9999 -9999 -9999 -9999 -9999 -9999 -9999 -9999 -9999 -9999 -9999 -9999 -9999 -9999 -9999 -9999 -9999 -0.016 -0.005 0.006 0.019 0.024 0.028 0.035 0.041 0.052 0.064 0.068 -9999 -9999 0.088 0.111 0.133 0.138 0.139 0.148 0.159 0.157 0.154 0.153 0.152 0.161 0.17 0.166 0.161 0.174 0.189 0.185 0.178 0.183 0.19 0.182 0.174 0.186 0.203 0.2 0.196 0.194 0.193 0.196 0.199 0.182 0.161 0.176 0.198 0.205 0.215 0.208 0.199 0.2 0.204 0.189
-9999 -9999 -9999 -9999 -9999 -9999 -9999 -9999 -9999 -9999 -9999 -9999 -9999 -9999 -9999 -9999 -9999 -9999 -9999 -0.027 -0.015 -0.003 0.009 0.021 0.024 0.024 0.034 0.049 0.06 0.075 0.077 0.077 0.089 0.109 0.125 0.131 0.134 0.139 0.149 0.16 0.159 0.158 0.155 0.146 0.153 0.161 0.163 0.176 0.184 0.182 0.18 0.182 0.177 0.177 0.178 0.174 0.183 0.197 0.201 0.202 0.196 0.192 0.193 0.195 0.203 0.198 0.196 0.208 0.201 0.203 0.206 0.204 0.182 0.169 0.176
-9999 -9999 -9999 -9999 -9999 -9999 -9999 -9999 -9999 -9999 -9999 -9999 -9999 -9999 -9999 -9999 -9999 -9999 -9999 -0.025 -0.018 -0.002 0.01 0.022 0.024 0.025 0.04 0.055 0.068 0.083 0.084 0.084 0.101 0.12 0.126 0.131 0.136 0.139 0.149 0.159 0.16 0.159 0.152 0.143 0.15 0.158 0.169 0.182 0.181 0.179 0.182 0.184 0.179 0.174 0.174 0.175 0.184 0.195 0.199 0.205 0.199 0.191 0.192 0.193 0.2 0.21 0.211 0.211 0.206 0.198 0.201 0.206 0.185 0.158 0.162
-9999 -9999 -9999 -9999 -9999 -9999 -9999 -9999 -9999 -9999 -9999 -9999 -9999 -9999 -9999 -9999 -9999 -9999 -9999 -0.036 -0.021 -0.009 0.002 0.013 0.019 0.031 0.042 0.045 0.058 0.074 0.08 0.092 0.108 0.123 0.124 0.118 0.123 0.129 0.135 0.137 0.138 0.143 0.142 0.154 0.158 0.154 0.164 0.175 0.179 0.193 0.194 0.189 0.188 0.186 0.187 0.189 0.189 0.195 0.196 0.2 0.201 0.199 0.181 0.17 0.158 0.154 0.193 0.216 0.214 0.209 0.206 0.207 0.192 0.17 0.168
-9999 -9999 -9999 -9999 -9999 -9999 -9999 -9999 -9999 -9999 -9999 -9999 -9999 -9999 -9999 -0.067 -0.058 -9999 -0.044 -0.044 -0.033 -0.014 -0.003 0.009 0.021 0.034 0.039 0.042 0.057 0.072 0.084 0.095 0.109 0.123 0.119 0.113 0.119 0.125 0.127 0.129 0.133 0.137 0.147 0.159 0.156 0.152 0.162 0.172 0.185 0.199 0.197 0.191 0.191 0.19 0.192 0.194 0.195 0.196 0.197 0.199 0.2 0.202 0.185 0.163 0.15 0.136 0.171 0.217 0.215 0.213 0.21 0.207 0.193 0.175 0.174
-9999 -9999 -9999 -9999 -9999 -9999 -9999 -9999 -9999 -9999 -9999 -9999 -9999 -9999 -9999 -0.077 -0.066 -0.048 -0.046 -0.042 -0.032 -0.026 -0.014 0.004 0.011 0.006 0.019 0.049 0.064 0.081 0.091 0.099 0.108 0.108 0.107 0.111 0.118 0.126 0.124 0.113 0.122 0.142 0.149 0.153 0.151 0.149 0.162 0.183 0.195 0.207 0.204 0.196 0.188 0.183 0.184 0.186 0.202 0.213 0.21 0.209 0.208 0.208 0.182 0.156 0.159 0.155 0.176 0.213 0.179 0.155 0.165 0.167 0.175 0.171 0.177
-9999 -9999 -9999 -9999 -9999 -9999 -9999 -9999 -9999 -9999 -9999 -9999 -9999 -9999 -0.078 -0.083 -0.067 -0.05 -0.045 -0.04 -0.036 -0.031 -0.019 -0.001 -0.002 -0.006 0.02 0.049 0.065 0.082 0.091 0.1 0.101 0.101 0.106 0.111 0.118 0.126 0.118 0.108 0.124 0.144 0.148 0.151 0.15 0.149 0.167 0.187 0.198 0.211 0.206 0.198 0.191 0.182 0.182 0.183 0.199 0.219 0.216 0.213 0.212 0.21 0.185 0.155 0.158 0.163 0.184 0.211 0.178 0.137 0.144 0.154 0.16 0.17 0.176
-9999 -9999 -9999 -9999 -9999 -9999 -9999 -9999 -9999 -9999 -9999 -9999 -9999 -9999 -9999 -0.079 -0.066 -0.059 -0.052 -0.042 -0.036 -0.024 -0.016 -0.013 -0.011 -0.005 0.023 0.057 0.07 0.074 0.084 0.09 0.093 0.099 0.103 0.105 0.11 0.113 0.111 0.122 0.135 0.141 0.144 0.148 0.151 0.164 0.177 0.182 0.19 0.197 0.19 0.181 0.194 0.197 0.2 0.203 0.202 0.213 0.21 -9999 0.197 0.19 0.184 0.165 0.174 0.184 0.174 0.183 0.17 0.14 0.152 0.164 0.162 0.167 0.17
-9999 -9999 -9999 -9999 -9999 -9999 -9999 -9999 -9999 -9999 -9999 -9999 -9999 -9999 -0.084 -0.079 -0.071 -0.064 -0.054 -0.044 -0.033 -0.021 -0.021 -0.019 -0.013 -0.008 0.023 0.057 0.063 0.069 0.078 0.085 0.092 0.098 0.101 0.102 0.106 0.108 0.117 0.128 0.134 0.14 0.143 0.146 0.158 0.171 0.175 0.18 0.185 0.191 0.185 0.175 0.188 0.203 0.206 0.21 0.21 0.21 0.208 0.205 -9999 0.183 -9999 0.17 -9999 0.192 -9999 0.174 0.16 0.144 0.155 0.17 0.167 0.169 -9999
-9999 -9999 -9999 -9999 -9999 -9999 -9999 -9999 -9999 -9999 -9999 -9999 -9999 -9999 -0.085 -0.082 -0.074 -0.068 -0.06 -0.054 -0.041 -0.02 -0.016 -0.006 -0.002 -0.0 0.024 0.045 0.054 0.068 0.08 0.092 0.099 0.101 0.103 0.1 0.101 0.095 0.11 0.14 0.144 0.143 0.149 0.157 0.169 0.181 0.187 0.195 0.199 0.196 0.195 0.203 0.182 0.177 0.198 0.212 0.215 0.218 0.19 0.172 -9999 -9999 0.179 0.173 -9999 -9999 0.173 0.167 0.168 -9999 -9999 -9999 -9999 -9999 -9999
-9999 -9999 -9999 -9999 -9999 -9999 -9999 -9999 -9999 -9999 -9999 -9999 -9999 -0.09 -0.084 -0.087 -0.079 -0.072 -0.066 -0.06 -0.042 -0.021 -0.013 -0.002 0.001 0.002 0.019 0.038 0.049 0.063 0.079 0.093 0.098 0.101 0.101 0.099 0.096 0.09 0.115 0.144 0.145 0.144 0.153 0.162 0.173 0.185 0.193 0.201 0.2 0.198 0.205 0.213 0.194 0.168 0.187 0.212 0.216 -9999 -9999 -9999 0.172 -9999 -9999 -9999 -9999 -9999 -9999 0.167 -9999 -9999 -9999 -9999 -9999 -9999 -9999
-9999 -9999 -9999 -9999 -9999 -9999 -9999 -9999 -9999 -9999 -9999 -9999 -0.106 -0.108 -0.102 -0.089 -0.077 -0.059 -0.056 -0.065 -0.046 -0.026 -0.013 0.008 0.011 0.005 0.024 0.048 0.055 0.056 0.067 0.068 0.078 0.097 0.1 -9999 -9999 -9999 -9999 -9999 0.121 0.122 0.132 0.146 0.159 0.179 0.189 0.207 0.207 0.203 -9999 0.202 -9999 -9999 -9999 -9999 -9999 0.198 0.185 0.189 0.185 0.192 0.188 -9999 -9999 -9999 -9999 -9999 -9999 -9999 -9999 -9999 -9999 -9999 -9999
-9999 -9999 -9999 -9999 -9999 -9999 -9999 -9999 -9999 -9999 -9999 -0.126 -0.124 -0.123 -0.108 -0.094 -0.076 -0.058 -0.062 -0.069 -0.05 -0.03 -0.012 0.01 0.009 0.005 0.027 0.051 0.052 0.053 0.056 0.057 -9999 -9999 -9999 -9999 -9999 -9999 -9999 -9999 -9999 -9999 0.132 0.14 0.156 0.175 0.191 0.209 0.208 0.203 0.199 -9999 -9999 -9999 -9999 -9999 -9999 -9999 0.197 0.199 0.197 0.189 -9999 -9999 -9999 -9999 -9999 -9999 -9999 -9999 -9999 -9999 -9999 -9999 -9999
-9999 -9999 -9999 -9999 -9999 -9999 -9999 -9999 -9999 -0.144 -0.139 -0.129 -0.128 -0.122 -0.11 -0.107 -0.093 -0.088 -0.079 -0.045 -0.028 -0.019 -0.007 -0.004 -0.003 -0.002 0.017 0.033 0.039 0.056 -9999 -9999 -9999 -9999 -9999 -9999 -9999 -9999 -9999 -9999 -9999 -9999 -9999 0.122 -9999 -9999 -9999 -9999 -9999 0.198 0.182 -9999 -9999 -9999 -9999 -9999 -9999 -9999 -9999 -9999 0.179 0.166 -9999 -9999 -9999 -9999 -9999 -9999 -9999 -9999 -9999 -9999 -9999 -9999 -9999
-9999 -9999 -9999 -9999 -9999 -9999 -9999 -9999 -0.146 -9999 -0.141 -0.133 -0.133 -0.129 -0.122 -0.118 -0.11 -0.104 -0.074 -0.04 -0.029 -0.018 -0.016 -0.013 -0.009 -0.007 0.008 0.024 0.04 0.055 -9999 -9999 -9999 -9999 -9999 -9999 -9999 -9999 -9999 -9999 -9999 -9999 -9999 -9999 0.137 -9999 -9999 -9999 -9999 -9999 -9999 -9999 -9999 -9999 -9999 -9999 -9999 -9999 -9999 -9999 -9999 -9999 -9999 -9999 -9999 -9999 -9999 -9999 -9999 -9999 -9999 -9999 -9999 -9999 -9999
-9999 -9999 -9999 -9999 -9999 -9999 -9999 -0.142 -0.145 -0.15 -0.146 -0.143 -0.145 -0.141 -0.129 -0.101 -0.095 -0.102 -0.078 -9999 -0.056 -0.046 -0.044 -0.039 -0.032 -0.016 0.003 0.032 0.044 -9999 -9999 -9999 -9999 -9999 -9999 -9999 -9999 -9999 -9999 -9999 -9999 -9999 -9999 -9999 -9999 -9999 -9999 -9999 -9999 -9999 -9999 -9999 -9999 -9999 -9999 -9999 -9999 -9999 -9999 -9999 -9999 -9999 -9999 -9999 -9999 -9999 -9999 -9999 -9999 -9999 -9999 -9999 -9999 -9999 -9999
-9999 -9999 -9999 -9999 -9999 -9999 -9999 -0.142 -0.146 -0.152 -0.15 -0.147 -0.149 -0.148 -0.13 -0.103 -0.103 -0.108 -0.095 -0.083 -0.072 -0.062 -0.058 -0.053 -0.039 -0.023 0.004 0.033 0.039 -9999 -9999 -9999 -9999 -9999 -9999 -9999 -9999 -9999 -9999 -9999 -9999 -9999 -9999 -9999 -9999 -9999 -9999 -9999 -9999 -9999 -9999 -9999 -9999 -9999 -9999 -9999 -9999 -9999 -9999 -9999 -9999 -9999 -9999 -9999 -9999 -9999 -9999 -9999 -9999 -9999 -9999 -9999 -9999 -9999 -9999
-9999 -9999 -9999 -9999 -9999 -9999 -0.142 -0.146 -0.151 -0.156 -0.153 -0.15 -0.151 -0.154 -0.141 -0.122 -0.125 -0.126 -0.114 -0.104 -0.087 -0.059 -0.051 -0.042 -0.027 -0.013 0.009 0.018 -9999 -9999 -9999 -9999 -9999 -9999 -9999 -9999 -9999 -9999 -9999 -9999 -9999 -9999 -9999 -9999 -9999 -9999 -9999 -9999 -9999 -9999 -9999 -9999 -9999 -9999 -9999 -9999 -9999 -9999 -9999 -9999 -9999 -9999 -9999 -9999 -9999 -9999 -9999 -9999 -9999 -9999 -9999 -9999 -9999 -9999 -9999
