Validation/Results/raw data/ReClimate_12_2023_1_Temperatureweatherlogisticsltd.asc
NCOLS 192
NROWS 249
XLLCENTER -225160.85627316462
YLLCENTER 29788.11610251502
CELLSIZE 5000.0
NODATA_VALUE -9999
[rows 170 to 203 of 249, columns 77 to 153 of 192]
-9999 -9999 -9999 -9999 -9999 -9999 -9999 -9999 -9999 -9999 -9999 -9999 -9999 -9999 -9999 0.437 0.447 -9999 -9999 -9999 -9999 -9999 -9999 -9999 -9999 -9999 -9999 -9999 -9999 -9999 -9999 -9999 -9999 -9999 0.59 0.606 0.597 0.586 0.593 0.603 0.609 0.616 0.616 0.616 0.595 0.569 0.572 0.577 0.585 0.597 0.589 0.581 0.582 0.585 0.593 0.605 0.602 0.601 0.61 0.623 0.63 0.64 0.64 0.642 0.642 0.643 0.643 0.644 0.641 0.637 0.637 0.636 0.648 0.663 0.656 0.645 0.653
-9999 -9999 -9999 -9999 -9999 -9999 -9999 -9999 -9999 -9999 -9999 -9999 -9999 -9999 -9999 0.447 0.454 0.46 -9999 -9999 -9999 -9999 -9999 -9999 -9999 -9999 -9999 -9999 -9999 -9999 -9999 -9999 -9999 0.57 0.59 0.628 0.619 0.604 0.607 0.599 0.603 0.605 0.61 0.624 0.609 0.601 0.601 0.592 0.599 0.602 0.594 0.585 0.586 0.589 0.596 0.608 0.609 0.609 0.611 0.619 0.633 0.646 0.654 0.661 0.645 0.636 0.63 0.627 0.639 0.643 0.65 0.653 0.662 0.677 0.682 0.681 0.689
-9999 -9999 -9999 -9999 -9999 -9999 -9999 -9999 -9999 -9999 -9999 -9999 -9999 -9999 0.44 0.456 0.462 0.466 0.463 -9999 -9999 -9999 -9999 -9999 -9999 -9999 -9999 -9999 -9999 -9999 0.563 -9999 -9999 0.568 0.597 0.639 0.629 0.615 -9999 0.601 0.603 0.605 0.617 0.631 0.626 0.619 0.611 0.603 0.606 0.611 0.603 0.594 0.596 0.599 0.606 0.618 0.618 0.621 0.623 0.627 0.641 0.659 0.667 0.678 0.663 0.645 0.64 0.635 0.645 0.659 0.665 0.673 0.683 0.697 0.704 0.711 0.721
-9999 -9999 -9999 -9999 -9999 -9999 -9999 -9999 -9999 -9999 -9999 -9999 -9999 -9999 0.446 0.448 0.454 0.46 0.458 0.457 0.466 -9999 -9999 -9999 0.518 0.566 -9999 0.566 0.554 0.54 0.546 0.564 -9999 -9999 0.604 0.603 -9999 -9999 0.615 0.59 0.592 0.598 0.615 0.644 0.64 0.633 0.625 0.614 0.604 0.6 0.604 0.604 0.609 0.616 0.613 0.619 0.623 0.627 0.638 0.648 0.659 0.676 0.675 0.68 0.678 0.667 0.663 0.658 0.66 0.669 0.682 0.694 0.699 0.71 0.724 0.736 0.754
-9999 -9999 -9999 -9999 -9999 -9999 -9999 -9999 -9999 -9999 -9999 -9999 -9999 -9999 -9999 0.45 0.456 0.462 0.462 0.46 -9999 -9999 0.487 0.497 0.532 0.579 0.563 0.545 0.539 0.534 0.547 0.565 0.578 -9999 0.593 0.591 0.611 0.634 0.614 0.591 0.596 0.601 0.625 0.653 0.649 0.642 0.633 0.623 0.614 0.602 0.606 0.612 0.619 0.63 0.629 0.629 0.633 0.64 0.651 0.666 0.677 0.692 0.692 0.691 0.689 0.686 0.684 0.681 0.683 0.687 0.7 0.716 0.723 0.732 0.746 0.762 0.781
-9999 -9999 -9999 -9999 -9999 -9999 -9999 -9999 -9999 -9999 -9999 -9999 -9999 -9999 -9999 0.45 0.458 0.476 0.477 0.479 0.477 0.452 0.465 0.504 0.528 0.529 0.519 0.524 0.525 0.539 0.553 0.571 0.576 0.57 0.573 0.58 0.594 0.605 0.592 0.594 0.6 0.607 0.624 0.636 0.635 0.645 0.636 0.626 0.626 0.647 0.627 0.62 0.623 0.631 0.625 0.622 0.629 0.637 0.651 0.666 0.67 0.679 0.687 0.69 0.695 0.696 0.7 0.702 0.709 0.715 0.725 0.741 0.752 0.764 0.775 0.788 0.802
-9999 -9999 -9999 -9999 -9999 -9999 -9999 -9999 -9999 -9999 -9999 -9999 -9999 -9999 -9999 -9999 0.462 0.486 0.488 0.49 0.469 0.444 0.475 0.512 0.512 0.512 0.515 0.519 0.53 0.545 0.563 0.583 0.579 0.572 0.58 0.586 0.594 0.603 0.604 0.606 0.612 0.619 0.628 0.638 0.646 0.655 0.646 0.636 0.652 0.673 0.653 0.63 0.632 0.638 0.632 0.627 0.634 0.644 0.658 0.677 0.681 0.686 0.692 0.701 0.705 0.711 0.715 0.721 0.729 0.738 0.75 0.765 0.775 0.787 0.796 0.804 0.816
-9999 -9999 -9999 -9999 -9999 -9999 -9999 -9999 -9999 -9999 -9999 -9999 -9999 -9999 -9999 -9999 -9999 -9999 0.474 0.465 0.46 0.481 0.501 0.502 0.501 0.503 0.51 0.526 0.536 0.544 0.555 0.554 0.559 0.587 0.591 0.589 0.602 0.63 0.631 0.63 0.63 0.616 0.626 0.645 0.65 0.653 0.651 0.662 0.671 0.665 0.658 0.642 0.635 0.634 0.643 0.646 0.644 0.647 0.659 0.676 0.688 0.697 0.697 0.702 0.712 0.72 0.727 0.735 0.743 0.752 0.765 0.779 0.794 0.809 0.814 0.819 0.827
-9999 -9999 -9999 -9999 -9999 -9999 -9999 -9999 -9999 -9999 -9999 -9999 -9999 -9999 -9999 -9999 -9999 0.476 0.468 0.458 0.477 0.498 0.5 0.501 0.501 0.504 0.521 0.541 0.547 0.554 0.554 0.552 0.575 0.602 0.601 0.599 0.622 0.649 0.649 0.648 0.637 0.623 0.638 0.656 0.658 0.66 0.67 0.681 0.676 0.671 0.665 0.658 0.652 0.646 0.653 0.664 0.661 0.659 0.671 0.686 0.696 0.71 0.71 0.709 0.718 0.73 0.736 0.745 0.754 0.764 0.776 0.791 0.805 0.822 0.827 0.83 0.838
-9999 -9999 -9999 -9999 -9999 -9999 -9999 -9999 -9999 -9999 -9999 -9999 -9999 -9999 -9999 -9999 0.473 0.461 0.459 0.467 0.487 0.512 0.509 0.496 0.5 0.505 0.522 0.54 0.55 0.573 0.573 0.57 0.592 0.616 0.619 0.628 0.644 0.648 0.646 0.645 0.638 0.64 0.653 0.667 0.67 0.675 0.679 0.673 0.673 0.686 0.684 0.68 0.677 0.674 0.674 0.679 0.676 0.674 0.679 0.689 0.705 0.721 0.721 0.721 0.721 0.727 0.737 0.747 0.755 0.765 0.78 0.796 0.813 0.831 0.833 0.834 0.839
-9999 -9999 -9999 -9999 -9999 -9999 -9999 -9999 -9999 -9999 -9999 -9999 -9999 -9999 -9999 0.465 0.462 0.459 0.466 0.473 0.495 0.52 0.511 0.505 0.511 0.516 0.532 0.548 0.567 0.589 0.589 0.586 0.607 0.63 0.638 0.647 0.651 0.655 0.654 0.652 0.654 0.655 0.666 0.679 0.684 0.689 0.684 0.679 0.689 0.702 0.701 0.699 0.698 0.697 0.697 0.697 0.695 0.693 0.695 0.701 0.716 0.734 0.734 0.735 0.735 0.735 0.745 0.759 0.766 0.775 0.789 0.806 0.822 0.841 0.843 0.842 0.845
-9999 -9999 -9999 -9999 -9999 -9999 -9999 -9999 -9999 -9999 -9999 -9999 -9999 0.476 0.471 0.477 0.475 0.471 0.481 0.493 0.509 0.514 0.511 0.505 0.513 0.529 0.545 0.561 0.575 0.588 0.588 0.59 0.612 0.642 0.65 0.658 0.663 0.67 0.668 0.663 0.668 0.683 0.688 0.681 0.686 0.696 0.693 0.693 0.704 0.721 0.723 0.724 0.719 0.716 0.719 0.721 0.729 0.734 0.728 0.727 0.732 0.744 0.749 0.752 0.76 0.766 0.763 0.768 0.778 0.788 0.8 0.815 0.83 0.847 0.853 0.852 -9999
-9999 -9999 -9999 -9999 -9999 -9999 -9999 -9999 -9999 -9999 -9999 -9999 0.473 0.482 0.485 0.483 -9999 -9999 -9999 -9999 0.51 0.524 0.52 0.513 0.528 0.543 0.559 0.574 0.583 0.595 0.598 0.6 0.625 0.654 0.662 0.669 0.676 0.684 0.68 0.675 0.687 0.702 0.697 0.691 0.699 0.708 0.708 0.708 0.721 0.738 0.74 0.743 0.739 0.734 0.737 0.741 0.75 0.762 0.757 0.751 0.752 0.758 0.762 0.767 0.775 0.786 0.784 0.782 0.791 0.804 0.816 0.83 0.844 0.859 0.862 0.865 0.864
-9999 -9999 -9999 -9999 -9999 -9999 -9999 -9999 -9999 -9999 -9999 -9999 0.484 0.479 0.48 -9999 -9999 -9999 -9999 -9999 0.512 0.519 0.521 0.531 0.545 0.556 0.567 0.57 0.581 0.599 0.606 0.622 0.642 0.656 0.666 0.682 0.685 0.682 0.69 0.72 0.721 0.699 0.701 0.714 0.721 0.727 0.727 0.726 0.734 0.734 0.74 0.745 0.747 0.744 0.747 0.751 0.756 0.766 0.776 0.778 0.767 0.762 0.761 0.765 0.777 0.789 0.794 0.796 0.807 0.82 0.83 0.842 0.848 0.857 0.862 0.865 0.873
-9999 -9999 -9999 -9999 -9999 -9999 -9999 -9999 -9999 -9999 -9999 -9999 -9999 -9999 0.486 -9999 -9999 -9999 -9999 -9999 0.53 0.525 0.536 0.546 0.558 0.569 0.574 0.578 0.593 0.61 0.624 0.64 0.652 0.666 0.68 0.695 0.693 0.69 0.715 0.745 0.728 0.708 0.72 0.733 0.738 0.744 0.743 0.743 0.742 0.743 0.749 0.757 0.759 0.76 0.763 0.767 0.771 0.778 0.787 0.798 0.788 0.777 0.773 0.774 0.786 0.802 0.807 0.814 0.826 0.841 0.85 0.861 0.864 0.866 0.87 0.875 0.881
-9999 -9999 -9999 -9999 -9999 -9999 -9999 -9999 -9999 -9999 -9999 -9999 -9999 -9999 -9999 -9999 -9999 -9999 -9999 -9999 0.542 0.544 0.56 0.584 0.586 0.565 0.571 0.581 0.594 0.608 0.623 0.644 0.653 0.658 0.677 0.712 0.704 0.684 0.707 0.732 0.721 0.718 0.73 0.741 0.741 0.733 0.736 0.75 0.744 0.742 0.752 0.762 0.783 0.795 0.787 0.785 0.784 0.787 0.792 0.801 0.801 0.796 0.801 0.804 0.806 0.817 0.83 0.841 0.848 0.86 0.873 0.884 0.877 0.872 0.874 0.877 0.88
-9999 -9999 -9999 -9999 -9999 -9999 -9999 -9999 -9999 -9999 -9999 -9999 -9999 -9999 -9999 -9999 -9999 -9999 -9999 -9999 -9999 0.563 0.585 0.608 0.593 0.573 0.582 0.591 0.603 0.617 0.634 0.654 0.659 0.663 0.692 0.726 0.711 0.692 0.713 0.736 0.735 0.734 0.744 0.755 0.747 0.738 0.749 0.762 0.757 0.752 0.762 0.775 0.795 0.818 0.811 0.803 0.802 0.801 0.807 0.815 0.816 0.817 0.823 0.83 0.831 0.835 0.848 0.864 0.872 0.88 0.892 0.903 0.895 0.885 0.886 0.889 0.892
-9999 -9999 -9999 -9999 -9999 -9999 -9999 -9999 -9999 -9999 -9999 -9999 -9999 -9999 -9999 -9999 -9999 -9999 -9999 -9999 0.589 0.592 0.613 0.631 0.621 0.614 0.618 0.61 0.619 0.626 0.644 0.666 0.671 0.68 0.698 0.702 0.692 0.692 0.712 0.74 0.736 0.727 0.739 0.762 0.757 0.755 0.763 0.768 0.765 0.761 0.763 0.771 0.789 0.811 0.826 0.831 0.83 0.831 0.83 0.834 0.841 0.847 0.837 0.835 0.848 0.859 0.86 0.868 0.881 0.892 0.902 0.911 0.906 0.898 0.91 0.92 0.915
-9999 -9999 -9999 -9999 -9999 -9999 -9999 -9999 -9999 -9999 -9999 -9999 -9999 -9999 -9999 -9999 -9999 -9999 -9999 -9999 0.598 0.612 0.629 0.647 0.643 0.637 0.632 0.625 0.631 0.637 0.657 0.678 0.686 0.695 0.698 0.702 0.702 0.702 0.725 0.752 0.745 0.735 0.753 0.775 0.774 0.773 0.776 0.781 0.778 0.776 0.778 0.782 0.799 0.82 0.835 0.854 0.854 0.854 0.854 0.853 0.86 0.87 0.861 0.851 0.864 0.881 0.88 0.881 0.894 0.908 0.916 0.923 0.918 0.912 0.924 0.941 0.936
-9999 -9999 -9999 -9999 -9999 -9999 -9999 -9999 -9999 -9999 -9999 -9999 -9999 -9999 -9999 -9999 -9999 -9999 -9999 -9999 0.587 0.602 0.607 0.595 0.594 0.604 0.606 0.624 0.629 0.634 0.652 0.669 0.682 0.707 0.709 0.709 0.713 0.722 0.74 0.751 0.75 0.757 0.77 0.777 0.783 0.804 0.804 0.793 0.795 0.796 0.802 0.808 0.812 0.825 0.839 0.856 0.865 0.871 0.87 0.87 0.872 0.878 0.881 0.878 0.887 0.902 0.917 0.929 0.922 0.923 0.918 0.916 0.927 0.931 0.939 0.952 0.952
-9999 -9999 -9999 -9999 -9999 -9999 -9999 -9999 -9999 -9999 -9999 -9999 -9999 -9999 -9999 -9999 -9999 -9999 -9999 -9999 -9999 0.605 0.595 0.582 0.59 0.598 0.614 0.632 0.636 0.642 0.657 0.674 0.696 0.721 0.722 0.723 0.732 0.74 0.75 0.761 0.769 0.777 0.782 0.788 0.806 0.827 0.819 0.809 0.811 0.815 0.822 0.831 0.835 0.841 0.854 0.869 0.878 0.89 0.889 0.889 0.891 0.894 0.897 0.9 0.91 0.923 0.937 0.957 0.951 0.938 0.932 0.923 0.933 0.947 0.955 0.965 0.965
-9999 -9999 -9999 -9999 -9999 -9999 -9999 -9999 -9999 -9999 -9999 -9999 -9999 -9999 -9999 -9999 -9999 -9999 -9999 -9999 -9999 0.595 0.596 0.616 0.613 0.588 0.606 0.633 0.642 0.661 0.674 0.681 0.702 0.724 0.729 0.739 0.747 0.755 0.764 0.774 0.783 0.797 0.802 0.804 0.824 0.852 0.843 0.83 0.825 0.825 0.851 0.872 0.872 0.876 0.873 0.878 0.879 0.885 0.894 0.899 0.902 0.905 0.913 0.919 0.929 0.942 0.942 0.95 0.961 0.958 0.963 0.962 0.969 0.982 0.975 0.977 0.987
-9999 -9999 -9999 -9999 -9999 -9999 -9999 -9999 -9999 -9999 -9999 -9999 -9999 -9999 -9999 -9999 -9999 -9999 -9999 -9999 0.61 0.598 0.616 0.637 0.616 0.593 0.616 0.642 0.659 0.678 0.685 0.692 0.712 0.735 0.746 0.756 0.764 0.771 0.781 0.789 0.801 0.815 0.818 0.82 0.843 0.87 0.861 0.849 0.845 0.84 0.866 0.899 0.9 0.901 0.899 0.893 0.894 0.896 0.904 0.914 0.917 0.921 0.928 0.938 0.949 0.962 0.961 0.959 0.966 0.973 0.978 0.985 0.992 1.002 0.996 0.989 0.998
-9999 -9999 -9999 -9999 -9999 -9999 -9999 -9999 -9999 -9999 -9999 -9999 -9999 -9999 -9999 -9999 -9999 -9999 -9999 -9999 0.603 0.608 0.621 0.627 0.61 0.599 0.624 0.66 0.677 0.695 0.699 0.694 0.714 0.74 0.753 0.77 0.779 0.791 0.8 0.812 0.82 0.822 0.827 0.836 0.853 0.864 0.86 0.868 0.868 0.874 0.878 0.898 0.907 0.913 0.91 0.903 0.905 0.907 0.924 0.939 0.936 0.937 0.943 0.952 0.966 0.981 0.976 0.97 0.97 0.973 0.985 0.995 0.996 1.001 1.008 1.008 1.014
-9999 -9999 -9999 -9999 -9999 -9999 -9999 -9999 -9999 -9999 -9999 -9999 -9999 -9999 -9999 -9999 -9999 -9999 -9999 -9999 0.614 0.621 0.626 0.63 0.621 0.612 0.642 0.676 0.693 0.712 0.708 0.704 0.726 0.751 0.768 0.786 0.798 0.809 0.819 0.831 0.833 0.835 0.843 0.853 0.861 0.871 0.877 0.886 0.891 0.897 0.902 0.908 0.917 0.928 0.926 0.919 0.921 0.924 0.94 0.96 0.958 0.955 0.961 0.969 0.982 0.998 0.992 0.985 0.983 0.981 0.992 1.007 1.008 1.009 1.015 1.02 1.024
-9999 -9999 -9999 -9999 -9999 -9999 -9999 -9999 -9999 -9999 -9999 -9999 -9999 -9999 -9999 -9999 -9999 -9999 -9999 0.619 0.626 0.635 0.636 0.634 0.63 0.634 0.659 0.683 0.698 0.713 0.712 0.719 0.746 0.784 0.794 0.786 0.797 0.808 0.821 0.842 0.843 0.842 0.855 0.879 0.883 0.879 0.884 0.889 0.895 0.907 0.914 0.921 0.93 0.941 0.951 0.952 0.951 0.952 0.952 0.963 0.971 0.974 0.985 0.996 0.991 0.996 1.006 1.008 1.004 1.0 1.004 1.015 1.018 1.02 1.022 1.025 1.026
-9999 -9999 -9999 -9999 -9999 -9999 -9999 -9999 -9999 -9999 -9999 -9999 -9999 -9999 -9999 -9999 -9999 -9999 0.619 0.627 0.638 0.648 0.647 0.644 0.648 0.652 0.672 0.696 0.709 0.724 0.73 0.737 0.771 0.809 0.805 0.796 0.807 0.817 0.837 0.858 0.858 0.857 0.877 0.901 0.898 0.894 0.898 0.902 0.911 0.922 0.929 0.937 0.946 0.956 0.966 0.975 0.975 0.974 0.975 0.977 0.984 0.994 1.003 1.015 1.011 1.005 1.014 1.026 1.021 1.015 1.019 1.026 1.027 1.028 1.029 1.03 1.031
-9999 -9999 -9999 -9999 -9999 -9999 -9999 -9999 -9999 -9999 -9999 -9999 -9999 -9999 -9999 -9999 0.607 0.617 0.628 0.626 0.632 0.634 0.637 0.651 0.655 0.661 0.68 0.702 0.717 0.736 0.748 0.77 0.792 0.795 0.797 0.814 0.828 0.847 0.859 0.857 0.86 0.871 0.885 0.893 0.896 0.913 0.914 0.91 0.923 0.948 0.948 0.951 0.963 0.975 0.977 0.981 0.984 0.986 0.989 0.992 1.006 1.018 1.006 1.004 1.027 1.037 1.039 1.046 1.045 1.042 1.038 1.037 1.033 1.031 1.032 1.034 1.03
-9999 -9999 -9999 -9999 -9999 -9999 -9999 -9999 -9999 -9999 -9999 -9999 -9999 -9999 -9999 0.605 0.615 0.628 0.632 0.635 0.636 0.638 0.65 0.664 0.67 0.676 0.695 0.716 0.733 0.752 0.772 0.795 0.798 0.798 0.814 0.831 0.848 0.868 0.867 0.865 0.876 0.887 0.894 0.901 0.915 0.932 0.929 0.925 0.945 0.97 0.97 0.969 0.98 0.994 0.995 0.994 0.997 1.001 1.005 1.009 1.021 1.036 1.024 1.009 1.03 1.058 1.06 1.061 1.059 1.057 1.052 1.045 1.04 1.036 1.036 1.038 1.035
-9999 -9999 -9999 -9999 -9999 -9999 -9999 -9999 -9999 -9999 -9999 -9999 0.589 0.59 0.595 0.609 0.621 0.641 0.647 0.654 0.659 0.669 0.673 0.66 0.669 0.686 0.707 0.738 0.748 0.748 0.77 0.801 0.803 0.805 0.818 0.831 0.843 0.849 0.858 0.888 0.898 0.908 0.915 0.921 0.937 0.955 0.949 0.934 0.948 0.968 0.96 0.953 0.986 1.01 0.999 0.991 0.998 1.004 1.012 1.017 1.024 1.036 1.044 1.042 1.042 1.056 1.051 1.045 1.042 1.037 1.045 1.046 1.042 1.037 1.041 1.046 1.045
-9999 -9999 -9999 -9999 -9999 -9999 -9999 -9999 -9999 -9999 0.573 0.579 0.587 0.595 0.607 0.618 0.636 0.655 0.663 0.67 0.68 0.691 0.682 0.67 0.685 0.701 0.727 0.757 0.757 0.756 0.781 0.81 0.813 0.816 0.828 0.84 0.846 0.851 0.876 0.906 0.915 0.925 0.932 0.939 0.955 0.974 0.963 0.95 0.963 0.98 0.972 0.962 0.992 1.028 1.017 1.001 1.006 1.014 1.021 1.028 1.035 1.045 1.052 1.061 1.061 1.059 1.052 1.042 1.037 1.033 1.04 1.05 1.046 1.042 1.046 1.052 1.051
-9999 -9999 -9999 -9999 -9999 -9999 0.588 0.589 0.586 0.582 0.594 0.59 0.602 0.615 0.623 0.624 0.637 0.643 0.655 0.677 0.687 0.701 0.701 0.716 0.729 0.738 0.759 0.77 0.774 0.784 0.8 0.802 0.811 0.835 0.844 0.846 0.855 0.871 0.894 0.913 0.921 0.928 0.932 0.935 0.954 0.987 0.981 0.98 0.979 0.988 0.992 0.989 1.004 1.029 1.037 1.034 1.028 1.028 1.031 1.037 1.038 1.043 1.04 1.042 1.053 1.057 1.058 1.054 1.045 1.038 1.045 1.056 1.06 1.062 1.044 1.037 1.046
-9999 -9999 -9999 -9999 -9999 0.59 0.595 0.595 0.598 0.622 0.614 0.605 0.62 0.633 0.635 0.635 0.642 0.647 0.667 0.688 0.701 0.714 0.728 0.743 0.753 0.762 0.772 0.782 0.792 0.803 0.805 0.806 0.826 0.849 0.853 0.855 0.87 0.886 0.904 0.923 0.931 0.938 0.94 0.942 0.968 1.0 0.999 0.999 0.998 0.997 1.0 1.005 1.018 1.033 1.041 1.051 1.045 1.039 1.041 1.045 1.046 1.047 1.044 1.04 1.048 1.058 1.058 1.06 1.052 1.043 1.05 1.061 1.066 1.072 1.056 1.036 1.044
-9999 -9999 -9999 -9999 0.597 0.598 0.603 0.611 0.622 0.63 0.626 0.642 0.647 0.631 0.635 0.643 0.65 0.659 0.675 0.684 0.699 0.722 0.732 0.739 0.753 0.782 0.792 0.803 0.812 0.818 0.821 0.821 0.834 0.834 0.841 0.86 0.874 0.888 0.905 0.926 0.932 0.934 0.943 0.965 0.983 0.99 0.984 0.97 0.974 0.992 1.002 1.009 1.017 1.028 1.045 1.061 1.05 1.04 1.052 1.061 1.061 1.062 1.059 1.055 1.045 1.045 1.049 1.053 1.05 1.044 1.047 1.056 1.052 1.052 1.057 1.051 1.051
