Validation/Results/raw data/ReClimate_02_2024_1_Precipitation-Actualsweatherlogisticsltd.asc
NCOLS 192
NROWS 249
XLLCENTER -225160.85627316462
YLLCENTER 29788.11610251502
CELLSIZE 5000.0
NODATA_VALUE -9999
[rows 198 to 230 of 249, columns 75 to 149 of 192]
-9999 -9999 -9999 -9999 -9999 -9999 -9999 -9999 -9999 -9999 -9999 -9999 -9999 -9999 -9999 -9999 -9999 89.362 89.624 89.607 86.5 84.653 91.052 91.438 110.236 124.518 145.036 142.854 126.183 105.619 84.784 80.661 75.429 76.554 82.676 77.078 64.998 55.538 53.228 52.829 54.25 51.131 53.413 53.049 50.85 48.374 45.558 43.377 43.396 41.664 42.81 44.381 42.557 40.414 40.149 40.315 41.594 40.493 42.976 44.421 44.416 46.684 47.282 44.764 42.828 41.553 42.019 41.085 39.699 39.373 36.177 34.931 34.651 35.109 34.911
-9999 -9999 -9999 -9999 -9999 -9999 -9999 -9999 -9999 -9999 -9999 -9999 -9999 -9999 56.868 76.472 84.549 85.386 93.857 94.734 93.738 86.981 83.275 102.798 117.47 141.845 148.016 144.443 114.489 101.824 97.014 83.345 74.159 85.995 75.326 65.713 53.97 50.954 52.461 58.602 49.52 50.434 48.96 52.223 55.184 52.784 49.697 44.546 41.901 38.58 39.431 42.17 40.624 38.739 39.919 42.568 43.556 46.249 44.241 43.968 44.854 44.703 46.233 45.221 42.679 40.502 41.427 41.736 40.744 38.711 36.3 34.461 35.549 35.368 33.394
-9999 -9999 -9999 -9999 -9999 -9999 -9999 -9999 -9999 -9999 -9999 -9999 77.012 70.486 77.824 83.583 87.589 93.705 94.414 102.34 96.202 92.575 104.341 100.969 121.621 132.558 123.771 118.217 117.642 116.288 99.696 87.785 84.196 73.845 65.803 56.828 64.632 58.764 53.681 49.464 46.386 46.31 48.08 51.721 52.575 51.333 46.536 44.074 41.242 37.827 39.805 41.762 40.837 43.994 43.491 42.703 43.152 43.746 46.658 45.503 45.177 47.083 47.717 48.027 45.897 42.484 42.712 41.887 40.411 38.027 35.335 35.394 35.121 34.654 33.833
-9999 -9999 -9999 -9999 -9999 -9999 -9999 -9999 83.363 90.11 85.481 80.851 92.011 89.489 95.007 96.951 99.113 101.732 104.72 113.64 115.023 115.063 110.063 111.873 119.694 111.829 109.276 111.271 119.317 109.379 97.568 83.887 83.366 72.088 59.56 73.775 74.821 64.206 59.223 48.705 50.42 47.532 50.061 54.108 47.971 50.344 44.786 41.678 40.37 41.209 42.984 42.437 47.772 47.609 48.042 45.071 43.56 43.609 45.003 46.175 46.93 46.213 46.739 46.512 45.426 42.338 43.481 43.17 40.844 40.21 38.726 35.182 34.331 33.272 32.262
-9999 -9999 -9999 -9999 -9999 -9999 -9999 73.439 86.493 89.304 93.905 114.149 119.071 122.63 118.521 111.273 113.684 113.082 116.337 122.281 123.073 119.034 119.396 117.037 106.695 102.436 102.24 111.668 111.506 103.822 92.926 87.415 80.29 78.712 91.475 109.993 86.164 72.414 56.483 57.09 53.603 54.836 52.237 47.137 47.758 45.496 43.244 42.235 41.584 46.542 48.928 48.118 51.487 55.077 48.694 46.457 49.63 48.45 48.404 48.914 47.516 47.448 46.36 46.013 43.522 42.459 42.373 42.758 42.676 42.654 38.978 38.713 35.613 34.82 34.249
-9999 -9999 -9999 -9999 -9999 -9999 66.935 77.416 87.397 92.193 103.169 114.383 117.389 114.452 112.166 114.765 113.524 114.716 112.869 119.129 122.751 119.2 111.415 101.069 93.414 104.076 118.459 118.726 117.187 105.531 93.058 84.042 86.705 81.245 110.124 105.413 99.993 74.571 69.512 65.03 60.612 54.518 50.644 49.14 48.588 48.487 43.476 42.211 40.828 45.177 46.971 51.995 57.426 56.174 51.15 47.877 48.824 51.87 50.913 49.95 48.871 46.827 45.166 42.254 42.122 42.281 43.89 43.576 40.645 41.722 39.387 39.198 41.368 38.171 37.328
-9999 -9999 -9999 -9999 62.257 -9999 67.371 73.403 79.847 86.925 92.324 99.722 98.969 98.013 102.908 103.383 108.529 104.302 103.826 104.41 105.57 100.233 99.062 98.455 112.015 132.632 159.486 174.052 146.607 128.079 113.779 123.135 108.12 96.517 98.203 118.437 95.431 85.311 76.761 69.266 58.656 49.677 53.326 54.835 54.02 48.664 44.22 41.792 43.345 47.868 54.875 59.617 63.117 58.261 52.104 48.773 50.671 51.325 50.704 48.491 46.689 44.573 41.636 41.215 41.179 42.456 42.763 43.247 41.897 40.842 42.035 41.543 43.029 40.902 38.813
-9999 -9999 -9999 -9999 -9999 -9999 -9999 -9999 81.807 81.819 87.738 92.997 92.051 93.848 99.817 100.707 93.975 96.059 94.041 95.651 99.817 101.133 108.346 111.001 127.022 147.682 175.277 177.869 170.707 147.826 159.055 157.965 119.176 110.309 106.811 81.701 85.933 81.561 65.689 59.723 53.954 60.595 61.594 63.919 58.292 50.771 44.288 43.794 47.244 53.79 65.198 66.311 64.184 58.979 52.14 52.171 54.423 51.432 48.286 46.498 44.759 42.566 40.882 40.758 40.982 41.33 40.901 41.631 43.063 44.31 45.847 45.535 43.376 42.779 40.315
-9999 -9999 -9999 -9999 -9999 -9999 -9999 -9999 80.955 83.521 84.904 90.1 94.693 100.749 104.462 96.385 92.802 91.497 89.216 96.979 102.765 105.057 109.395 113.793 120.513 133.245 149.41 153.359 147.682 149.136 157.173 136.691 129.385 116.029 97.755 100.811 102.481 80.103 68.906 64.284 67.679 67.223 69.974 64.874 62.342 50.482 47.41 50.506 60.818 66.463 65.378 63.771 62.573 58.646 54.677 50.849 50.728 49.674 46.345 44.18 43.213 41.823 41.379 41.561 42.101 41.38 40.192 41.335 44.052 47.839 46.96 46.568 46.043 42.165 40.903
-9999 -9999 -9999 -9999 -9999 -9999 68.829 74.37 77.987 75.939 -9999 86.871 90.155 92.348 89.165 85.796 83.38 -9999 85.84 92.074 96.112 108.974 110.544 123.632 125.429 141.057 150.022 135.314 125.214 140.949 129.185 120.467 119.945 117.637 109.289 111.156 104.861 78.876 74.691 63.908 65.743 72.372 71.482 73.298 57.554 49.265 49.513 55.108 59.508 63.796 62.486 65.956 60.121 55.088 53.182 50.228 46.639 44.736 43.764 45.901 43.87 43.273 40.242 39.69 40.018 41.659 42.23 43.522 47.779 49.892 50.663 47.536 46.527 44.486 41.214
-9999 -9999 -9999 -9999 -9999 -9999 69.318 -9999 -9999 -9999 79.483 82.465 84.674 -9999 -9999 -9999 -9999 -9999 81.772 85.594 95.296 95.008 104.616 110.629 116.859 127.25 126.95 127.167 166.521 168.166 141.4 124.794 118.748 119.948 114.355 109.638 88.332 83.58 70.964 66.339 72.308 70.194 72.898 58.287 49.406 50.932 52.985 59.332 58.323 63.447 60.606 60.053 58.493 50.215 47.444 46.559 45.153 43.821 42.465 43.284 44.507 42.487 42.701 39.77 40.934 42.918 43.387 47.385 51.058 52.673 51.303 49.21 46.374 43.531 43.469
-9999 -9999 -9999 -9999 -9999 -9999 -9999 -9999 73.873 76.35 77.116 78.219 79.812 -9999 -9999 -9999 -9999 -9999 -9999 -9999 -9999 88.844 98.83 99.657 99.096 107.366 120.313 159.44 188.642 188.948 166.855 137.359 125.045 118.493 105.586 108.497 102.735 82.06 73.623 79.808 75.596 73.107 59.036 53.033 53.402 53.342 59.328 58.986 61.384 61.606 58.092 53.932 51.922 46.489 44.423 43.152 44.762 42.898 40.745 40.263 40.894 41.055 42.0 42.98 43.78 47.37 47.651 49.722 54.003 52.348 49.448 47.026 44.857 43.33 43.041
-9999 -9999 -9999 -9999 -9999 -9999 -9999 -9999 -9999 75.327 -9999 -9999 -9999 -9999 -9999 -9999 -9999 -9999 -9999 80.711 84.306 91.323 92.172 88.163 90.405 97.924 120.009 144.117 173.077 178.746 158.294 133.631 122.637 115.517 107.134 106.842 89.29 73.094 70.896 74.961 72.762 63.523 -9999 54.215 54.709 56.109 63.392 61.776 60.699 58.628 54.495 51.839 48.433 46.947 44.525 43.75 42.198 41.905 39.203 39.065 40.007 39.545 40.185 43.969 49.281 51.208 54.905 48.349 49.69 50.294 48.19 45.141 44.379 44.083 44.773
-9999 -9999 -9999 -9999 -9999 -9999 -9999 -9999 -9999 -9999 -9999 -9999 -9999 -9999 -9999 -9999 -9999 -9999 -9999 79.644 82.361 80.978 77.577 -9999 -9999 -9999 96.036 127.064 139.636 143.462 130.439 120.757 121.619 111.743 99.575 91.15 79.7 68.552 66.448 66.69 64.88 -9999 52.251 52.435 54.496 60.457 62.905 59.265 58.242 54.917 53.238 51.667 49.66 47.373 46.15 43.32 42.895 46.324 46.83 43.812 41.405 40.806 42.667 44.312 47.625 51.8 53.988 50.426 45.611 46.586 44.779 43.002 42.469 43.081 42.794
-9999 -9999 -9999 -9999 -9999 -9999 -9999 -9999 -9999 -9999 -9999 -9999 -9999 -9999 -9999 -9999 -9999 -9999 -9999 -9999 -9999 -9999 -9999 -9999 -9999 -9999 75.499 95.84 110.217 106.564 103.754 105.913 104.255 97.908 89.165 78.897 72.503 66.966 64.938 -9999 -9999 52.589 51.163 53.242 53.885 62.126 62.914 59.605 57.052 53.79 49.721 50.522 50.798 50.643 52.753 52.145 48.952 49.323 54.209 51.099 47.141 46.564 45.599 48.368 49.159 49.202 47.913 47.461 42.523 43.397 43.681 42.0 41.001 41.249 41.186
-9999 -9999 -9999 -9999 -9999 -9999 -9999 -9999 -9999 -9999 -9999 -9999 -9999 -9999 -9999 -9999 -9999 -9999 -9999 -9999 -9999 -9999 -9999 -9999 -9999 -9999 68.413 78.175 81.318 84.062 92.17 89.583 88.475 87.767 79.093 71.377 -9999 -9999 -9999 -9999 -9999 51.478 54.088 54.209 57.442 61.659 63.411 60.206 56.914 52.285 48.04 48.847 54.298 54.885 58.568 59.47 57.622 54.577 54.506 53.865 49.051 48.041 46.639 46.557 48.811 45.637 43.927 41.62 41.463 40.814 40.754 40.812 39.236 39.139 38.22
-9999 -9999 -9999 -9999 -9999 -9999 -9999 -9999 -9999 -9999 -9999 -9999 -9999 -9999 -9999 -9999 -9999 -9999 -9999 -9999 -9999 -9999 -9999 -9999 -9999 -9999 -9999 -9999 73.238 83.153 82.67 76.91 79.929 78.657 71.483 -9999 -9999 -9999 -9999 58.917 58.944 58.459 57.459 54.415 52.739 64.072 63.126 60.008 56.178 52.172 51.495 53.282 56.845 59.3 59.924 61.891 60.313 55.629 51.271 50.37 49.202 46.256 46.383 44.369 44.876 43.639 41.514 41.754 41.943 43.207 41.733 39.858 39.171 38.309 37.999
-9999 -9999 -9999 -9999 -9999 -9999 -9999 -9999 -9999 -9999 -9999 -9999 -9999 -9999 -9999 -9999 -9999 -9999 -9999 -9999 -9999 -9999 -9999 -9999 -9999 -9999 -9999 -9999 -9999 70.72 63.448 61.688 67.564 66.614 -9999 -9999 -9999 -9999 58.766 58.344 60.566 64.774 63.512 55.96 57.748 58.404 57.727 59.97 55.931 53.166 55.814 57.231 58.186 61.104 61.126 59.826 58.18 56.666 51.771 51.963 48.982 47.566 45.569 44.726 41.861 42.403 42.324 44.394 45.897 45.215 43.242 40.245 39.692 38.759 37.765
-9999 -9999 -9999 -9999 -9999 -9999 -9999 -9999 -9999 -9999 -9999 -9999 -9999 -9999 -9999 -9999 -9999 -9999 -9999 -9999 -9999 -9999 -9999 -9999 -9999 -9999 -9999 -9999 -9999 -9999 -9999 -9999 -9999 -9999 -9999 -9999 -9999 59.779 56.317 54.949 62.038 66.651 63.329 59.222 57.689 57.7 59.755 58.066 51.736 51.23 52.094 55.027 56.913 56.469 59.727 60.652 58.599 60.698 58.598 54.571 53.504 50.607 49.201 45.876 44.219 43.156 43.78 45.088 47.058 45.259 42.501 40.807 40.144 42.186 41.307
-9999 -9999 -9999 -9999 -9999 -9999 -9999 -9999 -9999 -9999 -9999 -9999 -9999 -9999 -9999 -9999 -9999 -9999 -9999 -9999 -9999 -9999 -9999 -9999 -9999 -9999 -9999 -9999 -9999 -9999 -9999 -9999 -9999 -9999 -9999 -9999 55.928 56.965 59.685 64.018 78.874 78.082 73.477 64.909 61.536 60.74 60.031 52.717 48.591 47.609 49.399 53.2 55.599 59.794 60.827 64.523 63.832 61.644 65.19 59.804 56.184 53.726 52.403 48.892 44.667 44.024 45.171 45.446 46.065 45.204 42.624 41.708 42.19 43.856 46.641
-9999 -9999 -9999 -9999 -9999 -9999 -9999 -9999 -9999 -9999 -9999 -9999 -9999 -9999 -9999 -9999 -9999 -9999 -9999 -9999 -9999 -9999 -9999 -9999 -9999 -9999 -9999 -9999 -9999 -9999 -9999 -9999 -9999 -9999 -9999 -9999 54.612 54.348 56.786 67.454 74.435 81.651 82.776 75.724 71.422 69.9 60.389 54.431 53.198 55.93 56.945 58.343 58.585 58.241 59.598 60.383 64.132 63.026 61.326 58.849 54.985 54.989 52.434 50.328 47.446 46.18 47.155 47.108 49.196 47.255 44.256 43.571 48.928 49.959 49.457
-9999 -9999 -9999 -9999 -9999 -9999 -9999 -9999 -9999 -9999 -9999 -9999 -9999 -9999 -9999 -9999 -9999 -9999 -9999 -9999 -9999 -9999 -9999 89.689 105.106 117.957 110.087 -9999 97.019 -9999 -9999 -9999 -9999 -9999 -9999 -9999 -9999 51.612 53.829 58.626 65.502 74.153 77.463 76.435 78.457 67.878 62.024 58.424 61.003 61.286 53.837 56.289 56.683 54.814 55.37 56.756 58.716 58.427 58.718 56.674 56.052 56.81 58.731 56.763 52.565 51.133 52.152 50.442 49.327 50.679 47.823 48.764 49.544 52.862 50.348
-9999 -9999 -9999 -9999 -9999 -9999 -9999 -9999 -9999 -9999 -9999 -9999 -9999 -9999 -9999 -9999 -9999 -9999 -9999 -9999 79.99 83.394 79.452 89.935 117.408 123.081 117.849 116.916 101.18 80.475 66.286 -9999 -9999 59.955 56.992 52.684 48.362 50.852 50.977 53.905 58.376 63.955 66.133 74.821 72.484 68.279 64.291 68.351 66.114 60.256 60.349 55.743 55.583 53.56 53.245 57.077 58.325 58.126 54.504 55.547 56.367 58.822 58.425 61.473 59.203 54.169 52.602 51.346 50.4 51.853 51.197 57.353 56.904 53.249 52.905
-9999 -9999 -9999 -9999 -9999 -9999 -9999 -9999 -9999 -9999 -9999 -9999 -9999 -9999 -9999 -9999 -9999 -9999 -9999 81.526 79.911 77.213 78.031 96.83 120.381 134.928 131.08 119.212 107.364 94.373 79.132 67.286 68.819 65.504 65.428 55.329 51.595 47.247 49.357 50.838 53.069 55.78 63.085 66.226 66.63 66.463 75.409 69.383 69.49 66.155 61.412 59.303 56.408 54.648 53.587 56.091 59.16 56.814 55.664 54.189 55.248 57.013 61.349 62.602 61.901 58.42 55.3 56.773 54.451 60.362 57.151 53.761 58.43 53.999 51.607
-9999 -9999 -9999 -9999 -9999 -9999 -9999 -9999 -9999 -9999 -9999 -9999 -9999 -9999 -9999 -9999 -9999 -9999 -9999 81.497 70.722 69.336 72.274 84.774 110.466 120.316 119.355 114.238 104.123 92.684 87.597 86.587 76.596 69.176 62.084 58.593 51.141 47.838 48.494 46.924 49.693 51.091 54.82 56.639 60.448 68.961 66.807 68.429 71.06 67.07 61.692 61.708 59.797 56.63 56.105 57.655 58.027 56.565 55.484 56.295 55.328 55.718 58.303 63.418 64.825 61.199 59.603 59.494 58.56 55.046 56.862 50.551 51.639 51.375 49.899
-9999 -9999 -9999 -9999 -9999 -9999 -9999 -9999 -9999 -9999 -9999 -9999 -9999 -9999 -9999 -9999 -9999 -9999 -9999 74.94 66.593 68.64 67.59 77.474 86.349 94.175 97.379 97.452 93.756 90.756 93.184 89.409 78.267 65.516 58.697 54.813 52.515 47.796 45.375 49.622 50.555 48.635 47.63 52.102 61.02 62.918 63.964 63.406 65.022 64.75 69.925 66.188 62.926 59.028 56.278 57.827 58.675 59.069 57.253 56.497 59.798 59.561 60.854 63.727 68.467 64.596 60.15 60.114 57.591 54.028 52.689 49.984 49.757 51.436 50.058
-9999 -9999 -9999 -9999 -9999 -9999 -9999 -9999 -9999 -9999 -9999 -9999 -9999 -9999 -9999 75.383 84.115 -9999 78.516 69.2 72.496 73.188 68.894 67.517 73.288 78.342 86.967 90.552 91.18 89.833 86.413 79.714 67.104 61.204 57.768 57.026 54.413 50.622 48.411 50.304 50.152 49.04 50.951 61.628 58.47 60.086 61.051 63.639 64.129 67.251 77.707 73.609 65.206 60.198 58.844 58.909 59.836 56.51 57.064 56.555 58.103 61.958 60.901 63.5 64.329 65.453 59.93 58.366 59.484 57.144 53.748 50.816 48.842 50.207 49.979
-9999 -9999 -9999 -9999 -9999 -9999 -9999 -9999 -9999 -9999 -9999 -9999 -9999 -9999 -9999 79.277 84.219 85.328 79.928 77.672 78.133 72.254 70.139 74.113 71.994 77.311 83.631 89.105 89.732 85.844 79.299 74.877 70.7 73.128 73.633 67.216 65.522 67.782 52.254 54.711 55.129 55.092 57.535 54.028 55.993 59.014 59.201 61.134 65.012 69.12 69.792 69.42 63.938 61.091 61.902 62.09 58.688 55.536 54.753 56.33 55.87 57.517 58.337 61.341 65.54 64.234 67.323 63.705 62.046 61.371 57.939 53.984 51.201 51.578 51.258
-9999 -9999 -9999 -9999 -9999 -9999 -9999 -9999 -9999 -9999 -9999 -9999 -9999 -9999 73.671 81.059 88.288 89.298 87.601 81.815 78.791 76.311 76.046 73.28 70.407 74.179 78.08 77.876 81.899 77.219 73.467 70.242 72.054 82.089 81.24 81.651 77.471 63.939 59.594 60.31 58.681 59.513 57.279 57.464 57.463 56.487 59.378 64.579 69.06 65.635 63.643 62.276 63.142 62.004 60.998 63.594 61.725 56.517 53.724 55.56 52.978 54.465 55.834 57.463 60.911 62.43 64.621 67.682 63.192 67.25 61.268 61.935 60.558 54.677 53.295
-9999 -9999 -9999 -9999 -9999 -9999 -9999 -9999 -9999 -9999 -9999 -9999 -9999 -9999 -9999 73.851 83.63 83.706 81.132 78.27 78.14 72.405 68.68 69.26 70.122 72.533 72.621 73.457 72.122 71.597 71.25 67.159 73.132 80.247 85.668 82.799 81.762 75.476 69.629 65.955 66.211 67.519 69.065 62.284 61.44 63.955 65.145 68.203 65.18 64.461 61.453 61.029 61.997 62.039 60.611 61.78 61.447 58.15 54.463 -9999 54.635 52.347 55.952 55.022 53.429 53.796 54.892 56.49 55.682 56.126 57.041 54.547 58.108 57.922 54.743
-9999 -9999 -9999 -9999 -9999 -9999 -9999 -9999 -9999 -9999 -9999 -9999 -9999 -9999 69.047 68.772 73.103 75.22 77.784 80.157 77.941 71.979 68.746 67.336 70.24 72.119 67.247 64.473 67.299 66.369 63.308 65.152 71.797 77.241 81.839 84.382 78.815 74.337 79.893 77.203 73.761 80.263 74.096 74.79 76.829 72.073 69.376 67.58 64.355 61.023 61.711 60.719 62.023 61.436 59.846 60.496 61.048 60.523 56.356 52.246 -9999 50.039 -9999 50.049 -9999 47.871 -9999 49.638 49.406 49.685 48.996 47.691 49.374 49.431 -9999
-9999 -9999 -9999 -9999 -9999 -9999 -9999 -9999 -9999 -9999 -9999 -9999 -9999 -9999 67.099 68.013 71.759 74.556 79.247 82.495 83.52 80.746 80.238 76.7 77.266 69.773 63.431 62.181 63.077 59.447 60.762 63.767 71.915 79.094 85.033 80.532 72.858 80.153 78.826 70.336 72.706 73.123 78.796 82.394 78.004 72.637 69.9 65.748 63.002 62.997 61.808 60.39 58.679 58.478 57.913 56.887 56.137 55.156 53.63 50.988 -9999 -9999 47.304 46.513 -9999 -9999 46.666 46.691 46.309 -9999 -9999 -9999 -9999 -9999 -9999
-9999 -9999 -9999 -9999 -9999 -9999 -9999 -9999 -9999 -9999 -9999 -9999 -9999 76.724 73.364 77.895 75.136 74.122 77.052 81.731 89.835 97.866 102.863 104.032 87.188 70.794 67.498 67.602 65.084 61.848 57.242 64.84 72.032 83.057 80.96 76.531 73.367 74.054 62.769 62.146 65.609 73.157 78.927 77.647 72.585 69.313 67.101 65.226 62.611 58.872 58.356 59.067 57.485 54.2 51.517 52.033 52.067 -9999 -9999 -9999 51.412 -9999 -9999 -9999 -9999 -9999 -9999 47.384 -9999 -9999 -9999 -9999 -9999 -9999 -9999
