Validation/Results/raw data/ReClimate_10_2024_2_Precipitation-Actuals.asc
NCOLS 192
NROWS 249
XLLCENTER -225160.85627316462
YLLCENTER 29788.11610251431
CELLSIZE 5000.0
NODATA_VALUE -9999
[rows 66 to 98 of 249, columns 74 to 147 of 192]
-9999 -9999 -9999 -9999 -9999 -9999 -9999 -9999 -9999 -9999 -9999 173.735 -9999 195.139 250.038 284.256 280.431 307.614 261.097 245.863 202.791 174.926 142.593 153.884 162.306 147.248 146.82 147.722 144.105 144.649 122.796 110.644 -9999 -9999 -9999 -9999 -9999 -9999 -9999 -9999 -9999 -9999 -9999 -9999 -9999 -9999 -9999 -9999 -9999 -9999 -9999 -9999 -9999 -9999 -9999 -9999 -9999 -9999 -9999 -9999 -9999 -9999 -9999 -9999 -9999 -9999 -9999 -9999 -9999 -9999 -9999 -9999 -9999 -9999
-9999 -9999 -9999 -9999 -9999 -9999 -9999 -9999 -9999 -9999 -9999 -9999 181.592 243.085 252.116 256.398 262.648 255.493 248.594 232.679 200.379 172.258 155.655 148.064 143.676 135.492 138.054 138.377 139.767 119.793 -9999 -9999 -9999 -9999 -9999 -9999 -9999 -9999 -9999 -9999 -9999 -9999 -9999 -9999 -9999 -9999 -9999 -9999 -9999 -9999 -9999 -9999 -9999 -9999 -9999 -9999 -9999 -9999 -9999 -9999 -9999 -9999 -9999 -9999 -9999 -9999 -9999 -9999 -9999 -9999 -9999 -9999 -9999 -9999
-9999 -9999 -9999 -9999 -9999 -9999 -9999 -9999 -9999 -9999 -9999 -9999 217.108 252.762 244.682 225.564 236.777 244.711 221.952 205.238 183.359 157.842 143.857 133.79 140.168 135.47 119.856 122.182 110.954 91.346 -9999 -9999 -9999 -9999 -9999 -9999 -9999 -9999 -9999 -9999 -9999 -9999 -9999 -9999 -9999 -9999 -9999 -9999 -9999 -9999 -9999 -9999 -9999 -9999 -9999 -9999 -9999 -9999 -9999 -9999 -9999 -9999 -9999 -9999 -9999 -9999 -9999 -9999 -9999 -9999 -9999 -9999 -9999 -9999
-9999 -9999 -9999 -9999 -9999 -9999 -9999 -9999 -9999 -9999 -9999 -9999 -9999 -9999 214.832 223.318 233.893 214.202 205.58 209.51 194.8 164.435 135.173 128.452 138.812 123.161 106.925 85.358 -9999 -9999 -9999 -9999 -9999 -9999 -9999 -9999 -9999 -9999 -9999 -9999 -9999 -9999 -9999 -9999 -9999 -9999 -9999 -9999 -9999 -9999 -9999 -9999 -9999 -9999 -9999 -9999 -9999 -9999 -9999 -9999 -9999 -9999 -9999 -9999 -9999 -9999 -9999 -9999 -9999 -9999 -9999 -9999 -9999 -9999
-9999 -9999 -9999 -9999 -9999 -9999 -9999 -9999 198.83 -9999 -9999 216.588 233.493 231.166 220.485 251.418 235.255 225.257 227.846 222.206 189.721 156.789 122.6 126.086 122.638 122.168 98.036 87.288 -9999 -9999 -9999 -9999 -9999 -9999 -9999 -9999 -9999 -9999 -9999 -9999 -9999 -9999 -9999 -9999 -9999 -9999 -9999 -9999 -9999 -9999 -9999 -9999 -9999 -9999 -9999 -9999 -9999 -9999 -9999 -9999 -9999 -9999 -9999 -9999 -9999 -9999 -9999 -9999 -9999 -9999 -9999 -9999 -9999 -9999
-9999 -9999 -9999 -9999 -9999 -9999 201.867 200.384 211.104 215.298 235.035 243.601 278.609 299.646 291.258 229.335 258.096 268.929 264.396 236.13 193.972 180.281 171.968 122.789 113.655 100.007 85.914 71.096 -9999 -9999 -9999 -9999 -9999 -9999 -9999 -9999 -9999 -9999 -9999 -9999 -9999 -9999 -9999 -9999 -9999 -9999 -9999 -9999 -9999 -9999 -9999 -9999 -9999 -9999 -9999 -9999 -9999 -9999 -9999 -9999 -9999 -9999 -9999 -9999 -9999 -9999 -9999 -9999 -9999 -9999 -9999 -9999 -9999 -9999
-9999 -9999 -9999 -9999 -9999 -9999 205.929 216.495 -9999 237.517 267.233 288.611 309.088 350.212 269.369 269.862 290.191 309.242 320.963 262.689 237.385 235.157 181.838 150.497 139.473 105.517 88.965 -9999 63.562 -9999 -9999 -9999 -9999 -9999 -9999 -9999 -9999 -9999 -9999 -9999 -9999 -9999 -9999 -9999 -9999 -9999 -9999 -9999 -9999 -9999 -9999 -9999 -9999 -9999 -9999 -9999 -9999 -9999 -9999 -9999 -9999 -9999 -9999 -9999 -9999 -9999 -9999 -9999 -9999 -9999 -9999 -9999 -9999 -9999
-9999 -9999 -9999 -9999 -9999 -9999 -9999 234.782 248.292 263.481 301.867 304.419 353.777 315.762 287.291 271.406 263.047 280.93 284.799 240.623 232.619 223.248 174.136 154.024 123.652 101.784 92.556 70.003 64.544 -9999 -9999 -9999 -9999 -9999 -9999 -9999 -9999 -9999 -9999 -9999 -9999 -9999 -9999 -9999 -9999 -9999 -9999 -9999 -9999 -9999 -9999 -9999 -9999 -9999 -9999 -9999 -9999 -9999 -9999 -9999 -9999 -9999 -9999 -9999 -9999 -9999 -9999 -9999 -9999 -9999 -9999 -9999 -9999 -9999
206.515 -9999 -9999 -9999 -9999 -9999 -9999 -9999 251.555 276.969 308.882 382.998 372.608 361.367 322.708 313.655 301.091 261.643 233.143 215.466 232.373 206.728 176.399 148.852 107.409 91.866 70.572 67.804 71.201 -9999 -9999 -9999 -9999 -9999 -9999 -9999 -9999 -9999 -9999 -9999 -9999 -9999 -9999 -9999 -9999 -9999 -9999 -9999 -9999 -9999 -9999 -9999 -9999 -9999 -9999 -9999 -9999 -9999 -9999 -9999 -9999 -9999 -9999 -9999 -9999 -9999 -9999 -9999 -9999 -9999 -9999 -9999 -9999 -9999
235.733 -9999 -9999 -9999 -9999 -9999 244.492 255.12 287.209 310.498 349.2 361.815 398.679 379.942 346.154 335.056 282.15 257.413 242.647 207.067 210.332 226.027 175.026 116.848 88.909 71.067 -9999 73.501 -9999 -9999 -9999 -9999 -9999 -9999 65.944 67.203 66.059 -9999 -9999 -9999 -9999 -9999 -9999 -9999 -9999 -9999 -9999 -9999 -9999 -9999 -9999 -9999 -9999 -9999 -9999 -9999 -9999 -9999 -9999 -9999 -9999 -9999 -9999 -9999 -9999 -9999 -9999 -9999 -9999 -9999 -9999 -9999 -9999 -9999
245.195 228.609 -9999 -9999 -9999 -9999 -9999 277.931 299.044 340.733 356.548 387.824 368.516 355.161 330.213 326.505 271.878 236.454 198.293 198.882 221.432 184.066 135.661 105.837 92.662 82.433 77.609 -9999 -9999 -9999 -9999 58.814 59.093 60.285 62.7 66.614 66.38 63.337 63.503 72.851 83.056 85.123 75.61 68.862 71.783 79.04 85.693 87.23 85.7 84.935 83.193 82.457 84.331 -9999 -9999 -9999 -9999 -9999 -9999 -9999 -9999 -9999 -9999 -9999 -9999 -9999 -9999 -9999 -9999 -9999 -9999 -9999 -9999 -9999
300.826 302.495 -9999 -9999 -9999 254.237 -9999 273.208 275.485 324.92 408.136 407.068 356.198 312.171 318.802 286.963 263.51 232.321 215.699 187.998 156.538 142.994 116.003 100.7 101.199 86.066 -9999 -9999 -9999 -9999 64.637 62.759 64.313 68.093 74.781 68.689 70.371 74.559 71.543 93.815 93.35 91.439 82.015 76.038 80.652 82.205 83.67 85.489 85.357 86.5 95.061 95.365 85.38 -9999 -9999 -9999 -9999 -9999 -9999 -9999 -9999 -9999 -9999 -9999 -9999 -9999 -9999 -9999 -9999 -9999 -9999 -9999 -9999 -9999
316.381 313.806 -9999 -9999 -9999 262.007 268.528 271.427 332.453 395.082 409.602 407.164 338.828 333.769 311.402 278.388 243.172 226.978 226.68 187.663 170.946 129.905 102.0 106.145 90.895 -9999 -9999 71.389 70.589 70.004 68.58 70.789 69.704 73.738 80.898 87.173 93.692 83.871 87.865 88.786 86.716 84.319 84.521 91.149 83.335 83.721 85.174 87.309 81.727 91.316 101.059 97.425 89.234 87.634 -9999 -9999 -9999 -9999 -9999 -9999 -9999 -9999 -9999 -9999 -9999 -9999 -9999 -9999 -9999 -9999 -9999 -9999 -9999 -9999
294.709 292.085 -9999 266.899 -9999 240.623 251.162 338.663 397.377 373.261 413.041 387.395 367.057 348.72 320.122 306.64 278.297 254.599 225.94 207.417 161.857 128.451 93.134 83.631 79.9 -9999 86.954 87.046 79.103 75.07 73.753 73.879 87.301 95.9 100.028 109.168 100.365 91.265 95.884 97.7 97.173 91.462 87.16 84.239 87.43 86.61 88.99 89.754 92.505 101.055 98.842 97.964 88.564 84.604 -9999 -9999 -9999 -9999 -9999 -9999 -9999 -9999 -9999 -9999 -9999 -9999 -9999 -9999 -9999 -9999 -9999 -9999 -9999 -9999
284.203 -9999 270.982 -9999 -9999 -9999 320.579 455.042 381.023 366.52 323.146 337.554 338.003 331.375 336.264 319.521 312.134 280.272 245.538 196.585 160.322 116.988 99.591 108.724 91.45 89.877 102.611 108.25 111.488 100.652 90.623 98.549 106.142 114.052 111.198 92.901 90.366 88.779 90.17 102.26 97.156 98.383 95.631 86.158 89.08 102.504 103.787 94.819 96.537 95.568 99.343 95.854 92.93 88.708 -9999 -9999 -9999 -9999 -9999 -9999 -9999 -9999 -9999 -9999 -9999 -9999 -9999 -9999 -9999 -9999 -9999 -9999 -9999 -9999
302.602 294.003 -9999 -9999 -9999 -9999 365.038 357.793 323.941 -9999 311.733 334.41 344.87 330.671 325.147 314.961 268.601 247.958 235.82 206.054 179.896 147.664 142.335 133.673 96.379 106.845 108.522 128.214 144.394 129.013 98.41 91.071 111.217 120.175 97.036 94.374 107.184 94.167 111.918 109.092 97.326 104.501 95.797 84.04 102.761 100.578 96.554 90.988 93.249 90.584 95.619 94.421 89.434 86.921 -9999 -9999 -9999 -9999 -9999 -9999 -9999 -9999 -9999 -9999 -9999 -9999 -9999 -9999 -9999 -9999 -9999 -9999 -9999 -9999
369.022 382.982 -9999 -9999 -9999 297.653 -9999 -9999 269.035 279.26 323.036 370.874 379.592 362.738 362.237 315.914 297.545 257.316 211.109 186.969 172.343 158.674 154.288 100.506 107.022 111.622 137.76 139.464 140.61 139.338 102.617 97.895 105.074 98.572 95.444 112.294 108.252 109.964 112.882 105.354 115.252 105.824 88.634 99.194 91.693 90.348 91.582 97.684 88.395 86.836 89.659 89.463 86.308 -9999 -9999 -9999 -9999 -9999 -9999 -9999 -9999 -9999 -9999 -9999 -9999 -9999 -9999 -9999 -9999 -9999 -9999 -9999 -9999 -9999
436.419 449.022 373.633 313.072 -9999 -9999 -9999 308.137 270.268 -9999 329.942 345.118 361.836 377.766 360.602 353.494 295.262 212.106 199.911 187.753 181.668 164.865 127.367 132.299 125.24 141.602 137.706 134.031 143.0 128.692 98.47 92.953 84.879 92.335 119.948 110.837 119.385 140.258 119.54 115.282 114.748 92.832 92.629 88.763 87.679 83.393 90.946 91.068 90.148 85.136 86.327 84.584 -9999 -9999 -9999 -9999 -9999 -9999 -9999 -9999 -9999 -9999 -9999 -9999 -9999 -9999 -9999 -9999 -9999 -9999 -9999 -9999 -9999 -9999
422.985 432.489 375.363 330.44 -9999 312.282 320.115 321.082 326.992 364.779 361.043 370.221 403.696 412.777 363.313 300.924 273.831 253.658 242.042 230.633 203.618 168.012 150.605 151.261 172.268 166.353 141.873 137.122 129.887 91.894 89.936 92.512 95.505 106.681 87.711 96.491 120.32 132.085 135.49 134.984 130.805 103.566 105.201 99.307 103.487 112.311 91.917 87.111 92.174 92.272 85.025 80.805 -9999 -9999 -9999 -9999 -9999 -9999 -9999 -9999 -9999 -9999 -9999 -9999 -9999 -9999 -9999 -9999 -9999 -9999 -9999 -9999 -9999 -9999
376.067 379.83 344.548 313.69 306.15 301.927 336.551 -9999 329.169 380.521 433.802 476.268 448.087 416.683 361.277 371.796 330.221 288.288 246.784 213.626 188.392 163.422 155.015 187.843 203.335 170.984 161.037 161.714 122.769 122.931 96.16 91.058 90.62 91.903 97.906 101.411 125.453 148.311 135.953 125.774 115.685 101.249 93.418 85.719 94.753 87.332 80.741 84.665 88.362 85.909 81.739 -9999 -9999 -9999 -9999 -9999 -9999 -9999 -9999 -9999 -9999 -9999 -9999 -9999 -9999 -9999 -9999 -9999 -9999 -9999 -9999 -9999 -9999 -9999
364.979 -9999 -9999 -9999 283.766 325.415 -9999 325.522 377.879 459.16 509.217 479.145 488.007 451.436 440.826 411.264 321.495 248.944 243.896 241.741 190.708 175.772 195.666 229.705 230.771 218.301 211.432 162.619 162.029 129.147 107.694 122.371 111.58 135.639 127.545 132.004 139.5 129.767 105.034 105.241 101.286 105.99 98.69 83.221 91.697 88.937 84.298 84.648 89.582 87.67 79.051 -9999 -9999 -9999 -9999 -9999 -9999 -9999 -9999 -9999 -9999 -9999 -9999 -9999 -9999 -9999 -9999 -9999 -9999 -9999 -9999 -9999 -9999 -9999
-9999 -9999 -9999 266.643 317.886 -9999 300.355 338.437 -9999 444.194 435.617 480.958 475.485 487.089 443.134 381.562 342.791 305.571 252.617 214.412 224.893 212.84 231.625 273.573 273.071 253.128 210.565 162.851 123.487 104.214 123.409 131.713 160.474 170.734 153.031 131.587 130.941 116.145 114.187 101.466 101.492 105.477 89.295 92.54 99.568 93.31 90.506 88.524 102.985 92.574 79.414 -9999 -9999 -9999 -9999 -9999 -9999 -9999 -9999 -9999 -9999 -9999 -9999 -9999 -9999 -9999 -9999 -9999 -9999 -9999 -9999 -9999 -9999 -9999
-9999 -9999 -9999 261.668 -9999 -9999 313.31 352.51 407.938 413.653 474.367 497.465 469.106 414.263 382.9 326.732 288.557 251.199 252.728 274.996 277.836 273.851 291.228 296.847 275.63 224.863 154.097 120.687 126.956 160.341 176.306 232.095 240.565 209.254 183.466 171.896 143.478 124.667 109.309 100.742 87.925 89.185 89.119 93.631 105.92 124.794 100.053 94.688 91.217 86.537 79.642 -9999 -9999 -9999 -9999 -9999 -9999 -9999 -9999 -9999 -9999 -9999 -9999 -9999 -9999 -9999 -9999 -9999 -9999 -9999 -9999 -9999 -9999 -9999
-9999 -9999 -9999 -9999 -9999 -9999 -9999 384.557 405.106 404.983 483.524 491.3 430.59 430.244 381.791 336.245 322.997 329.638 334.322 314.874 311.116 276.893 258.698 251.973 232.603 174.985 127.963 131.519 158.379 191.346 241.122 232.167 232.589 211.811 196.362 171.289 146.456 129.715 116.876 91.028 81.829 90.324 85.123 89.991 111.681 100.63 91.874 87.818 91.332 88.379 -9999 -9999 -9999 -9999 -9999 -9999 -9999 -9999 -9999 -9999 -9999 -9999 -9999 -9999 -9999 -9999 -9999 -9999 -9999 -9999 -9999 -9999 -9999 -9999
-9999 -9999 -9999 -9999 -9999 258.036 304.494 -9999 408.042 433.079 501.309 450.569 410.276 386.943 370.903 391.609 391.05 360.74 305.366 305.758 290.461 271.759 229.359 206.741 171.773 139.025 158.196 168.432 193.748 228.082 220.249 211.651 162.129 166.198 154.358 122.327 120.969 125.268 129.247 121.758 112.534 113.374 124.685 115.076 94.3 105.267 112.267 108.373 99.323 86.255 -9999 -9999 -9999 -9999 -9999 -9999 -9999 -9999 -9999 -9999 -9999 -9999 -9999 -9999 -9999 -9999 -9999 -9999 -9999 -9999 -9999 -9999 -9999 -9999
-9999 -9999 -9999 -9999 248.216 248.336 323.638 375.745 442.033 496.031 494.365 463.806 396.878 351.679 360.639 351.8 343.635 354.358 341.278 350.675 339.079 243.978 234.137 195.22 174.384 168.571 187.502 203.359 211.43 207.733 209.051 172.301 154.603 152.655 169.648 168.728 172.485 160.931 151.499 166.896 178.569 172.575 159.052 137.286 141.255 138.134 121.362 103.852 92.705 -9999 -9999 -9999 -9999 -9999 -9999 -9999 -9999 -9999 -9999 -9999 -9999 -9999 -9999 -9999 -9999 -9999 -9999 -9999 -9999 -9999 -9999 -9999 -9999 -9999
-9999 -9999 -9999 -9999 238.517 -9999 310.968 356.141 419.083 493.538 483.96 378.962 355.765 367.479 313.547 296.278 307.284 314.232 335.809 321.166 256.406 258.853 261.057 229.809 205.525 236.828 214.247 206.276 229.735 237.449 225.986 204.132 182.715 197.96 201.651 211.051 210.195 165.011 183.16 183.684 152.347 159.081 167.432 153.199 144.499 123.369 102.403 99.27 90.191 -9999 -9999 -9999 -9999 -9999 -9999 -9999 -9999 -9999 -9999 -9999 -9999 -9999 -9999 -9999 -9999 -9999 -9999 -9999 -9999 -9999 -9999 -9999 -9999 -9999
-9999 -9999 -9999 -9999 -9999 -9999 346.647 388.342 409.721 453.781 389.569 318.86 331.4 311.112 276.74 280.446 295.916 334.048 304.367 312.796 296.172 303.971 265.461 225.421 243.088 259.421 235.194 242.561 224.622 238.256 216.558 206.114 237.978 232.178 229.802 253.157 236.033 232.203 223.133 189.79 167.774 159.304 140.964 139.141 132.869 116.485 94.664 88.717 80.645 -9999 -9999 -9999 -9999 -9999 -9999 -9999 -9999 -9999 -9999 -9999 -9999 -9999 -9999 -9999 -9999 -9999 -9999 -9999 -9999 -9999 -9999 -9999 -9999 -9999
-9999 -9999 -9999 -9999 286.136 305.469 347.398 366.954 391.582 427.431 365.371 375.72 383.469 -9999 338.159 414.405 422.793 396.304 379.58 381.497 356.217 330.191 302.67 272.719 253.866 238.603 222.575 195.276 194.415 208.069 190.536 224.829 210.705 207.682 198.551 222.607 236.817 221.655 187.497 187.11 170.848 146.517 154.301 128.008 112.236 93.246 86.314 87.689 65.246 -9999 -9999 -9999 -9999 -9999 -9999 -9999 -9999 -9999 -9999 -9999 -9999 -9999 -9999 -9999 -9999 -9999 -9999 -9999 -9999 -9999 -9999 -9999 -9999 -9999
267.735 234.36 243.797 277.443 -9999 308.344 340.05 370.426 417.563 416.039 405.93 402.972 -9999 385.994 438.707 452.414 492.364 432.298 389.653 348.586 352.369 326.099 305.735 265.851 230.905 207.393 184.239 151.329 163.419 156.227 187.939 189.113 189.918 178.845 168.293 180.335 186.512 170.578 173.5 167.41 151.347 143.594 114.965 103.652 90.906 84.982 90.02 71.632 -9999 -9999 -9999 -9999 -9999 -9999 -9999 -9999 -9999 -9999 -9999 -9999 -9999 -9999 -9999 -9999 -9999 -9999 -9999 -9999 -9999 -9999 -9999 -9999 -9999 -9999
232.126 238.387 261.898 305.173 318.405 -9999 343.293 376.267 379.103 406.055 387.611 362.818 356.606 407.336 425.179 431.538 457.97 417.678 374.685 334.567 305.616 266.087 253.452 220.974 207.392 215.028 158.647 154.065 135.338 143.839 157.493 177.555 158.656 140.05 147.099 169.747 157.746 151.637 138.723 145.497 123.397 98.008 92.801 92.045 85.362 81.358 -9999 -9999 -9999 -9999 -9999 -9999 -9999 -9999 -9999 -9999 -9999 -9999 -9999 -9999 -9999 -9999 -9999 -9999 -9999 -9999 -9999 -9999 -9999 -9999 -9999 -9999 -9999 -9999
-9999 -9999 -9999 297.481 -9999 344.64 368.762 384.688 431.234 422.58 -9999 -9999 403.913 412.405 422.626 457.84 423.044 412.118 359.32 312.914 226.242 202.644 190.968 182.957 193.922 180.013 176.337 145.74 145.642 142.623 148.626 152.514 141.427 129.905 142.908 146.084 140.826 125.315 122.477 111.564 97.365 86.385 78.343 85.666 80.028 -9999 -9999 -9999 -9999 -9999 -9999 -9999 -9999 -9999 -9999 -9999 -9999 -9999 -9999 -9999 -9999 -9999 -9999 -9999 -9999 -9999 -9999 -9999 -9999 -9999 -9999 -9999 -9999 -9999
255.512 271.671 -9999 305.334 351.322 348.294 374.861 404.94 419.638 -9999 -9999 400.183 452.89 473.701 486.366 422.197 403.257 384.438 342.444 276.035 235.237 222.314 230.005 219.116 230.897 249.747 208.93 173.313 165.344 142.947 137.544 126.296 131.664 133.821 130.124 124.092 114.015 96.683 91.77 86.126 83.963 72.777 73.547 77.394 79.872 73.992 -9999 -9999 -9999 -9999 -9999 -9999 -9999 -9999 -9999 -9999 -9999 -9999 -9999 -9999 -9999 -9999 -9999 -9999 -9999 -9999 -9999 -9999 -9999 -9999 -9999 -9999 -9999 -9999
