Validation/Results/raw data/ReClimate_01_2024_2_Precipitation-Actuals.asc
NCOLS 192
NROWS 249
XLLCENTER -225160.85627316462
YLLCENTER 29788.11610251502
CELLSIZE 5000.0
NODATA_VALUE -9999
[rows 165 to 197 of 249, columns 75 to 149 of 192]
-9999 -9999 -9999 -9999 -9999 -9999 -9999 -9999 -9999 -9999 -9999 -9999 -9999 -9999 -9999 -9999 -9999 -9999 -9999 -9999 -9999 -9999 -9999 -9999 -9999 -9999 -9999 -9999 -9999 -9999 -9999 -9999 -9999 -9999 -9999 -9999 -9999 51.854 51.547 51.457 49.096 59.015 69.11 83.086 89.988 97.08 98.135 93.469 95.596 92.601 93.188 87.599 71.982 57.044 52.494 46.807 43.07 41.138 40.415 38.135 34.927 35.16 36.384 36.839 36.174 35.3 35.23 37.477 37.835 38.403 39.919 39.54 37.308 35.843 -9999
-9999 -9999 -9999 -9999 -9999 -9999 -9999 -9999 -9999 -9999 -9999 -9999 -9999 -9999 -9999 -9999 -9999 -9999 -9999 -9999 -9999 -9999 -9999 -9999 -9999 -9999 -9999 -9999 -9999 -9999 -9999 -9999 -9999 -9999 -9999 -9999 -9999 51.145 51.323 52.27 57.135 64.212 71.343 78.757 84.703 85.406 81.966 83.124 79.04 81.706 92.058 87.851 78.474 66.285 53.395 47.784 46.075 42.987 41.844 41.157 37.714 35.357 35.284 36.56 36.335 34.838 35.026 35.232 38.123 38.461 37.512 38.567 38.356 36.819 34.848
-9999 -9999 -9999 -9999 -9999 -9999 -9999 -9999 -9999 -9999 -9999 -9999 -9999 -9999 -9999 -9999 -9999 -9999 -9999 -9999 -9999 -9999 -9999 -9999 -9999 -9999 -9999 -9999 -9999 -9999 -9999 -9999 -9999 -9999 -9999 -9999 52.533 50.552 52.864 57.226 61.983 63.339 66.597 74.475 72.826 70.831 70.499 71.783 70.327 81.678 95.027 100.691 90.291 78.888 70.0 54.479 45.614 42.295 41.615 41.934 39.029 36.789 35.277 35.34 35.64 34.341 34.288 35.323 36.437 37.777 38.289 37.844 37.533 38.553 36.299
-9999 -9999 -9999 -9999 -9999 -9999 -9999 -9999 -9999 -9999 -9999 -9999 -9999 -9999 -9999 -9999 -9999 -9999 -9999 -9999 -9999 -9999 -9999 -9999 -9999 -9999 -9999 -9999 -9999 -9999 -9999 -9999 -9999 -9999 -9999 -9999 51.327 50.151 52.937 55.672 58.724 62.918 62.312 63.045 59.029 60.291 63.031 63.113 67.446 75.977 86.69 102.721 109.656 97.39 81.269 66.829 52.947 45.92 39.912 38.098 37.688 36.134 34.76 33.863 33.511 33.097 33.331 35.68 37.462 37.125 37.514 37.988 38.344 38.065 38.489
-9999 -9999 -9999 -9999 -9999 -9999 -9999 -9999 -9999 -9999 -9999 -9999 -9999 -9999 -9999 -9999 -9999 -9999 -9999 -9999 -9999 -9999 -9999 -9999 -9999 -9999 -9999 -9999 -9999 -9999 -9999 -9999 -9999 -9999 -9999 -9999 -9999 51.023 51.159 51.886 56.535 55.412 56.628 53.046 52.833 54.334 54.376 55.502 59.037 65.668 76.424 90.026 106.672 109.795 91.963 73.819 61.576 48.689 44.213 38.532 37.622 37.178 35.579 33.1 33.419 33.426 33.727 34.351 36.649 36.444 36.185 37.76 38.041 39.793 41.13
-9999 -9999 -9999 -9999 -9999 -9999 -9999 -9999 -9999 -9999 -9999 -9999 -9999 -9999 -9999 -9999 -9999 74.26 66.248 -9999 -9999 -9999 -9999 -9999 -9999 -9999 -9999 -9999 -9999 -9999 -9999 -9999 -9999 -9999 -9999 -9999 48.775 45.209 49.337 52.407 53.179 53.154 49.836 47.288 48.764 49.596 51.055 53.886 56.017 62.907 77.189 90.597 101.511 101.309 95.457 83.683 64.63 53.075 44.525 42.579 41.417 39.395 36.553 34.57 32.644 34.095 35.699 35.188 35.242 35.706 35.207 35.726 38.641 41.288 43.543
-9999 -9999 -9999 -9999 -9999 -9999 -9999 -9999 -9999 -9999 -9999 -9999 -9999 -9999 -9999 -9999 -9999 71.7 69.532 68.348 -9999 -9999 -9999 -9999 -9999 -9999 -9999 -9999 -9999 -9999 -9999 -9999 -9999 -9999 -9999 44.172 42.466 45.54 50.914 53.07 50.606 49.026 46.763 48.168 47.307 49.292 51.834 50.426 53.421 59.787 69.711 84.557 102.484 101.483 86.429 77.369 67.673 52.563 45.983 40.238 41.995 40.168 36.1 34.616 33.109 33.908 34.545 35.32 34.768 36.372 35.649 36.377 37.508 42.522 43.146
-9999 -9999 -9999 -9999 -9999 -9999 -9999 -9999 -9999 -9999 -9999 -9999 -9999 -9999 -9999 -9999 64.495 68.173 72.834 68.885 66.418 -9999 -9999 -9999 -9999 -9999 -9999 -9999 -9999 -9999 -9999 -9999 51.616 -9999 -9999 42.455 45.378 46.418 47.188 46.343 -9999 47.913 50.466 50.996 49.398 49.315 48.039 50.027 51.899 56.738 69.248 72.871 87.246 87.252 77.059 71.291 62.725 57.565 49.737 42.144 40.259 39.361 36.564 33.925 33.22 33.407 33.406 33.234 33.377 36.356 36.918 35.224 36.936 39.929 43.56
-9999 -9999 -9999 -9999 -9999 -9999 -9999 -9999 -9999 -9999 -9999 -9999 -9999 -9999 -9999 -9999 58.37 64.375 69.692 71.278 67.771 62.882 64.923 -9999 -9999 -9999 66.41 54.117 -9999 49.463 47.698 44.463 52.518 50.675 -9999 -9999 43.629 42.981 -9999 -9999 45.948 47.162 47.133 47.257 47.576 47.272 49.642 50.448 54.708 62.28 79.559 83.307 82.07 74.203 71.15 70.327 61.95 51.739 48.011 44.004 42.035 38.843 37.209 35.777 35.076 35.885 34.763 33.637 33.869 34.727 36.61 34.876 35.692 37.828 40.249
-9999 -9999 -9999 -9999 -9999 -9999 -9999 -9999 -9999 -9999 -9999 -9999 -9999 -9999 -9999 -9999 -9999 60.652 66.114 70.417 68.481 67.587 -9999 -9999 101.232 99.904 72.057 68.361 63.571 60.594 50.092 48.531 45.85 48.995 50.965 -9999 43.081 41.638 42.856 43.536 45.418 46.52 48.236 47.691 46.557 46.533 48.169 53.267 55.227 61.944 83.533 87.937 83.105 72.658 61.692 64.889 60.813 53.382 46.649 42.696 40.915 38.949 37.922 37.24 36.861 36.664 35.301 33.696 34.263 34.999 36.073 35.381 35.029 35.574 36.162
-9999 -9999 -9999 -9999 -9999 -9999 -9999 -9999 -9999 -9999 -9999 -9999 -9999 -9999 -9999 -9999 -9999 58.364 62.955 66.059 70.833 75.321 90.228 101.768 124.089 107.302 87.392 74.834 67.106 65.759 56.89 48.679 51.223 57.773 53.059 51.698 45.982 42.152 41.034 41.389 43.551 48.136 48.396 47.222 46.573 44.834 46.804 50.328 52.901 69.503 85.505 87.869 80.015 76.962 65.253 59.805 63.051 57.014 49.47 45.023 42.0 39.1 39.296 38.273 36.869 36.473 34.325 33.683 35.691 36.63 36.016 35.199 34.259 32.988 33.18
-9999 -9999 -9999 -9999 -9999 -9999 -9999 -9999 -9999 -9999 -9999 -9999 -9999 -9999 -9999 -9999 -9999 -9999 66.2 72.976 81.941 111.515 132.192 157.688 167.524 144.784 113.379 100.113 89.297 81.579 70.965 63.413 59.071 52.985 59.693 51.873 47.659 45.639 41.608 41.523 43.196 45.282 45.6 44.379 42.485 43.98 45.386 47.104 55.311 67.539 76.917 82.753 71.166 72.952 68.933 57.619 58.562 59.328 51.062 48.029 44.823 42.361 41.13 39.667 37.767 36.258 34.313 33.575 31.779 34.826 35.563 33.391 32.813 32.321 33.016
-9999 -9999 -9999 -9999 -9999 -9999 -9999 -9999 -9999 -9999 -9999 -9999 -9999 -9999 -9999 -9999 -9999 -9999 -9999 -9999 102.713 140.875 165.817 203.533 189.213 150.746 113.375 100.956 102.462 92.579 85.845 75.93 65.927 54.442 56.171 60.686 59.109 50.018 41.82 41.457 42.02 44.122 43.833 42.575 42.052 42.906 44.481 47.445 56.706 64.349 64.736 71.436 74.661 73.41 67.847 59.801 56.585 56.422 49.941 47.683 47.516 45.196 42.835 39.778 37.231 36.197 33.675 33.149 32.772 31.335 34.249 33.198 32.113 31.503 31.679
-9999 -9999 -9999 -9999 -9999 -9999 -9999 -9999 -9999 -9999 -9999 -9999 -9999 -9999 -9999 -9999 -9999 -9999 -9999 96.284 134.082 149.173 196.988 234.921 193.665 136.09 110.751 100.875 95.952 84.891 82.612 80.723 62.828 59.732 70.374 70.36 61.483 47.717 44.761 42.689 43.294 44.853 44.517 43.192 42.121 42.826 44.974 51.163 55.144 54.226 60.911 64.124 69.103 72.535 66.858 61.624 58.104 52.696 48.928 46.844 46.604 46.455 42.789 40.991 37.132 34.749 32.925 32.489 32.178 34.395 34.296 33.784 32.491 31.725 31.376
-9999 -9999 -9999 -9999 -9999 -9999 -9999 -9999 -9999 -9999 -9999 -9999 -9999 -9999 -9999 -9999 -9999 -9999 88.881 126.373 125.27 164.245 198.217 193.781 187.93 152.061 131.169 120.973 102.974 84.755 75.159 65.99 64.739 72.164 77.647 71.961 60.758 49.962 43.35 42.532 45.422 45.433 44.099 42.959 42.309 43.79 49.058 51.6 50.694 57.146 56.301 63.126 68.192 63.563 62.679 56.594 56.366 52.491 47.434 48.591 47.516 45.009 42.669 40.223 39.317 34.438 32.607 32.457 32.314 33.311 34.905 33.147 33.13 31.98 31.661
-9999 -9999 -9999 -9999 -9999 -9999 -9999 -9999 -9999 -9999 -9999 -9999 -9999 -9999 -9999 -9999 -9999 79.233 107.053 102.448 119.65 126.606 134.349 142.137 149.487 154.242 145.702 135.983 114.933 84.595 83.746 73.478 75.998 75.668 68.876 66.56 58.836 50.021 44.719 44.206 46.076 45.044 44.281 43.285 44.226 48.674 50.891 51.312 55.202 55.479 56.929 53.867 57.491 59.528 54.797 53.077 51.332 50.811 46.657 43.591 44.817 42.699 39.72 36.588 35.556 32.448 29.893 31.505 32.404 32.866 34.99 32.96 32.713 32.438 31.09
-9999 -9999 -9999 -9999 -9999 -9999 -9999 -9999 -9999 -9999 -9999 -9999 -9999 -9999 -9999 71.239 72.195 79.263 84.438 93.039 90.161 95.421 94.522 106.936 128.823 142.773 145.547 146.597 104.841 93.101 83.463 79.603 88.813 85.756 78.854 68.71 61.238 53.034 46.488 45.985 46.073 45.231 44.758 45.159 47.335 49.368 51.891 51.259 53.577 57.694 57.683 57.343 53.79 50.55 49.193 48.072 47.433 45.666 44.328 42.57 40.069 38.615 36.31 35.095 33.214 31.985 31.213 32.277 34.151 35.318 36.248 34.308 32.261 32.078 31.291
-9999 -9999 -9999 -9999 -9999 -9999 -9999 -9999 -9999 -9999 -9999 -9999 -9999 -9999 72.96 72.677 72.048 72.741 -9999 -9999 -9999 -9999 93.863 110.945 140.806 146.236 148.096 127.27 114.557 115.823 105.758 107.598 119.328 105.276 84.959 71.657 64.969 50.766 47.143 45.969 44.957 45.151 45.148 44.596 46.458 47.067 49.642 48.679 50.629 52.248 51.776 51.545 50.698 47.691 46.198 43.685 41.923 41.386 39.564 39.869 38.83 35.958 35.347 35.148 34.163 33.923 34.324 35.316 36.009 37.467 37.527 35.559 32.144 31.605 31.454
-9999 -9999 -9999 -9999 -9999 -9999 -9999 -9999 -9999 -9999 -9999 -9999 -9999 -9999 72.696 73.367 70.847 -9999 -9999 -9999 -9999 -9999 92.768 119.13 151.328 150.494 148.332 150.035 143.428 138.596 126.595 119.623 113.679 88.205 77.955 70.608 57.203 50.089 45.85 45.554 45.408 46.46 45.481 46.133 46.469 47.232 50.427 48.61 46.835 47.141 46.821 47.207 48.439 48.178 45.615 42.784 40.063 39.427 39.617 37.198 36.787 33.233 31.662 35.182 36.749 38.134 39.05 40.068 39.83 38.113 37.154 34.903 33.072 31.93 32.484
-9999 -9999 -9999 -9999 -9999 -9999 -9999 -9999 -9999 -9999 -9999 -9999 -9999 -9999 -9999 -9999 69.156 -9999 -9999 -9999 -9999 -9999 89.558 116.193 127.947 134.063 142.441 140.097 154.069 146.061 121.608 117.727 98.938 84.639 73.265 61.569 52.61 46.121 46.924 45.01 44.756 43.899 43.006 44.876 42.699 46.8 48.266 45.675 45.59 45.908 46.627 45.486 45.275 46.298 44.662 42.975 43.556 42.061 40.011 37.897 35.863 37.9 34.069 33.071 37.215 38.227 39.562 40.823 41.754 39.065 37.207 35.538 33.777 33.459 33.679
-9999 -9999 -9999 -9999 -9999 -9999 -9999 -9999 -9999 -9999 -9999 -9999 -9999 -9999 -9999 -9999 -9999 -9999 -9999 -9999 -9999 -9999 95.48 99.418 111.023 127.12 136.227 156.235 155.953 148.736 128.523 108.375 89.476 75.812 58.218 54.487 46.732 45.864 43.802 43.17 42.092 41.466 41.374 40.069 41.795 45.285 44.928 45.653 44.431 43.299 49.804 46.369 43.168 42.772 43.156 41.909 42.993 43.687 41.926 42.208 42.802 39.728 38.031 34.186 34.753 38.34 38.234 39.186 39.751 38.386 36.277 35.327 34.065 32.88 33.281
-9999 -9999 -9999 -9999 -9999 -9999 -9999 -9999 -9999 -9999 -9999 -9999 -9999 -9999 -9999 -9999 -9999 -9999 -9999 -9999 -9999 -9999 -9999 110.827 147.497 176.113 167.965 156.496 143.143 127.653 109.15 93.855 77.006 59.662 64.399 60.284 47.487 48.216 46.688 47.022 40.568 40.45 40.525 42.165 45.091 47.519 47.041 46.184 44.091 44.858 47.983 47.778 43.558 41.233 39.952 40.059 41.935 42.985 42.069 45.575 47.037 42.851 38.598 36.618 37.011 38.837 40.625 39.953 39.869 38.277 36.758 34.842 32.69 31.71 32.333
-9999 -9999 -9999 -9999 -9999 -9999 -9999 -9999 -9999 -9999 -9999 -9999 -9999 -9999 -9999 -9999 -9999 -9999 -9999 -9999 -9999 -9999 89.087 113.751 157.431 168.211 157.074 139.601 131.377 118.583 110.008 96.152 73.668 66.096 67.436 54.876 60.921 50.387 46.372 41.305 43.412 40.804 43.984 48.728 49.19 48.217 45.151 45.762 44.577 44.773 46.297 45.841 42.841 41.216 39.302 38.616 37.907 41.237 42.25 42.747 44.903 41.621 38.677 38.505 38.918 41.099 43.105 41.973 40.018 38.472 38.143 35.815 33.973 31.975 31.555
-9999 -9999 -9999 -9999 -9999 -9999 -9999 -9999 -9999 -9999 -9999 -9999 -9999 -9999 -9999 -9999 -9999 -9999 -9999 -9999 -9999 -9999 82.966 107.102 139.057 128.635 121.873 116.299 114.235 115.55 107.988 87.647 70.724 66.937 56.906 50.427 53.508 54.628 50.416 51.869 48.38 47.532 43.864 46.204 46.649 45.461 44.728 45.845 46.074 46.811 46.163 45.743 45.174 43.064 40.832 38.784 38.244 38.987 40.835 41.423 42.362 39.813 37.445 38.223 41.84 40.933 42.596 43.254 39.831 38.036 36.004 34.448 33.99 33.474 29.837
-9999 -9999 -9999 -9999 -9999 -9999 -9999 -9999 -9999 -9999 -9999 -9999 -9999 -9999 -9999 -9999 -9999 -9999 -9999 -9999 -9999 -9999 76.057 92.704 94.27 116.155 108.163 106.609 112.158 113.335 96.71 85.555 68.995 62.799 51.636 51.683 56.16 59.816 62.358 63.347 56.427 51.281 47.167 46.611 47.221 44.277 44.695 44.903 45.833 48.154 47.547 47.63 46.816 44.158 41.249 41.633 40.379 40.194 40.714 39.046 38.523 37.922 38.222 38.9 40.747 42.133 40.142 39.525 37.968 37.469 37.419 33.39 31.218 33.141 32.429
-9999 -9999 -9999 -9999 -9999 -9999 -9999 -9999 -9999 -9999 -9999 -9999 -9999 -9999 -9999 -9999 -9999 -9999 -9999 -9999 -9999 -9999 -9999 75.887 106.247 118.754 131.454 138.241 121.829 103.463 84.077 65.95 61.501 57.862 54.918 52.207 53.843 58.108 63.797 64.72 57.95 49.398 46.051 50.596 48.675 45.062 45.895 44.482 46.384 47.707 46.804 45.609 46.304 44.212 41.413 42.124 43.4 41.295 40.576 40.061 37.62 37.388 38.256 38.839 39.356 38.82 38.89 37.449 36.667 37.77 36.404 35.082 32.497 32.471 32.97
-9999 -9999 -9999 -9999 -9999 -9999 -9999 -9999 -9999 -9999 -9999 -9999 -9999 -9999 -9999 -9999 -9999 -9999 -9999 -9999 -9999 -9999 -9999 85.084 105.139 128.852 159.791 155.201 131.764 104.312 75.193 63.909 63.926 67.053 66.694 63.618 57.642 53.632 60.705 61.672 55.817 58.288 62.689 55.025 51.302 48.81 47.267 45.822 45.997 46.677 48.51 47.362 45.807 44.679 44.806 43.799 43.644 42.371 41.544 41.83 41.303 40.105 40.246 39.257 39.01 39.23 38.82 38.928 36.979 38.177 37.073 34.94 34.637 33.961 33.072
-9999 -9999 -9999 -9999 -9999 -9999 -9999 -9999 -9999 -9999 -9999 -9999 -9999 -9999 -9999 -9999 -9999 -9999 -9999 -9999 -9999 -9999 71.405 76.019 103.305 137.008 151.771 142.399 124.626 98.349 88.267 89.479 81.532 78.664 74.356 63.979 58.048 59.719 61.849 55.088 58.727 63.235 57.552 58.185 52.838 48.796 48.189 44.408 45.925 50.056 51.71 50.98 48.297 45.877 43.179 44.375 44.375 45.749 43.845 42.671 41.421 41.685 41.913 41.697 40.476 41.344 39.423 38.988 38.091 38.294 36.372 35.042 34.897 33.941 33.304
-9999 -9999 -9999 -9999 -9999 -9999 -9999 -9999 -9999 -9999 -9999 -9999 -9999 -9999 -9999 -9999 -9999 -9999 -9999 -9999 -9999 -9999 69.292 84.498 100.258 117.735 137.144 142.698 123.977 104.752 89.56 85.461 88.37 82.803 76.514 70.293 70.085 65.101 56.633 59.222 56.059 56.267 57.07 60.864 49.651 48.389 45.163 42.286 45.167 49.674 56.164 52.873 51.263 47.244 44.673 41.978 42.752 41.432 42.072 40.194 40.31 40.039 41.918 43.105 42.887 42.357 41.609 39.869 37.192 36.17 35.93 35.221 35.947 34.146 33.91
-9999 -9999 -9999 -9999 -9999 -9999 -9999 -9999 -9999 -9999 -9999 -9999 -9999 -9999 -9999 -9999 -9999 -9999 -9999 -9999 -9999 -9999 77.175 84.122 89.036 111.458 131.818 138.928 130.154 103.921 87.382 90.86 86.236 79.964 78.423 78.951 73.881 60.862 60.141 55.23 59.982 52.213 55.956 51.353 47.785 46.66 41.623 41.802 43.601 50.581 51.164 52.624 51.03 48.705 46.357 43.615 41.583 40.764 39.509 39.851 38.423 38.632 39.33 41.62 42.088 40.486 40.918 39.112 38.313 35.373 35.356 35.109 34.444 32.553 32.102
-9999 -9999 -9999 -9999 -9999 -9999 -9999 -9999 -9999 -9999 -9999 -9999 -9999 -9999 -9999 -9999 -9999 -9999 -9999 -9999 -9999 71.991 80.097 85.378 92.04 102.884 121.945 129.554 124.7 99.477 85.022 81.502 75.11 75.913 83.971 76.921 69.658 67.973 58.255 55.824 50.624 48.071 47.718 48.187 48.894 43.316 42.347 42.786 42.185 44.475 47.602 48.897 49.277 47.25 45.359 43.991 41.778 39.421 37.766 38.202 38.748 39.49 40.729 40.955 40.686 39.225 38.495 38.719 35.856 35.678 35.212 35.321 34.919 32.147 30.887
-9999 -9999 -9999 -9999 -9999 -9999 -9999 -9999 -9999 -9999 -9999 -9999 -9999 -9999 -9999 -9999 -9999 -9999 -9999 -9999 73.314 73.644 77.935 79.095 81.868 107.1 125.656 133.078 124.839 107.277 90.073 83.439 74.137 76.925 81.844 71.407 71.27 64.209 56.102 51.758 49.537 48.283 51.36 52.274 51.281 50.068 46.353 41.56 41.235 43.617 44.236 44.943 45.887 45.492 43.949 45.519 42.777 39.268 37.828 38.312 38.942 38.197 39.667 41.197 39.873 37.996 36.774 35.735 35.874 36.879 36.606 35.359 35.669 33.61 31.336
-9999 -9999 -9999 -9999 -9999 -9999 -9999 -9999 -9999 -9999 -9999 -9999 -9999 -9999 -9999 -9999 -9999 -9999 83.069 78.921 77.496 70.98 73.765 79.08 89.203 112.224 128.557 137.639 128.055 106.91 90.052 75.75 73.784 75.346 78.568 72.521 65.145 59.035 52.689 50.835 48.385 50.42 51.52 49.491 51.003 47.52 44.135 42.979 42.728 43.537 43.064 42.728 42.807 42.605 39.623 38.997 40.19 39.952 40.637 41.784 43.997 44.68 41.944 40.45 38.922 38.11 39.128 36.919 35.91 35.109 36.631 35.343 34.296 33.604 31.933
