Validation/Results/raw data/ReClimate_02_2024_1_Temperatureweatherlogisticsltd.asc
NCOLS 192
NROWS 249
XLLCENTER -225160.85627316462
YLLCENTER 29788.11610251502
CELLSIZE 5000.0
NODATA_VALUE -9999
[rows 204 to 237 of 249, columns 77 to 153 of 192]
-9999 -9999 0.147 -9999 0.18 0.201 0.212 0.219 0.235 0.25 0.276 0.308 0.301 0.289 0.305 0.322 0.336 0.351 0.352 0.351 0.352 0.352 0.36 0.369 0.364 0.357 0.37 0.385 0.401 0.419 0.421 0.424 0.419 0.413 0.42 0.429 0.433 0.438 0.449 0.461 0.461 0.46 0.474 0.489 0.488 0.486 0.483 0.479 0.471 0.461 0.466 0.474 0.482 0.493 0.485 0.475 0.473 0.47 0.476 0.482 0.483 0.484 0.488 0.49 0.48 0.468 0.479 0.494 0.493 0.491 0.495 0.499 0.492 0.482 0.49 0.499 0.5
-9999 -9999 -9999 -9999 -9999 -9999 0.216 0.25 0.266 0.278 0.297 0.307 0.303 0.3 0.321 0.354 0.368 0.376 0.375 0.364 0.367 0.374 0.38 0.378 0.373 0.366 0.376 0.384 0.4 0.419 0.42 0.419 0.417 0.421 0.43 0.445 0.454 0.472 0.471 0.445 0.449 0.464 0.48 0.503 0.498 0.481 0.48 0.483 0.479 0.483 0.486 0.493 0.49 0.494 0.496 0.492 0.492 0.49 0.488 0.49 0.486 0.483 0.482 0.482 0.481 0.474 0.49 0.507 0.505 0.503 0.495 0.493 0.505 0.507 0.504 0.507 0.518
-9999 -9999 -9999 -9999 -9999 -9999 0.233 0.267 0.28 0.293 0.301 0.31 0.311 0.308 0.337 0.37 0.38 0.389 0.384 0.375 0.382 0.389 0.388 0.387 0.382 0.375 0.381 0.389 0.405 0.424 0.423 0.421 0.425 0.429 0.442 0.456 0.471 0.489 0.469 0.443 0.455 0.47 0.49 0.512 0.499 0.483 0.485 0.488 0.491 0.495 0.499 0.503 0.501 0.498 0.5 0.502 0.502 0.501 0.499 0.496 0.492 0.485 0.483 0.48 0.479 0.478 0.493 0.513 0.511 0.508 0.5 0.49 0.501 0.515 0.513 0.509 0.52
-9999 -9999 -9999 -9999 0.207 0.222 0.247 0.257 -9999 0.294 0.298 0.295 0.302 0.32 0.342 -9999 0.36 0.367 0.371 0.388 0.396 0.401 0.403 0.409 0.404 0.397 0.405 0.413 0.425 0.432 0.432 0.432 0.436 0.439 0.45 0.457 0.469 0.478 0.464 0.456 0.475 0.507 0.522 0.527 0.516 0.504 0.502 0.488 0.493 0.498 0.496 0.496 0.506 0.509 0.502 0.499 0.509 0.515 0.515 0.512 0.499 0.488 0.496 0.501 0.488 0.48 0.488 0.502 0.512 0.516 0.516 0.512 0.521 0.534 0.531 0.528 0.541
-9999 -9999 -9999 -9999 0.215 -9999 -9999 -9999 0.277 0.298 0.296 -9999 -9999 -9999 -9999 -9999 0.353 0.362 0.378 0.396 0.404 0.411 0.416 0.422 0.417 0.411 0.419 0.427 0.433 0.44 0.441 0.442 0.445 0.449 0.455 0.462 0.47 0.477 0.472 0.466 0.493 0.525 0.531 0.535 0.527 0.516 0.505 0.492 0.497 0.502 0.5 0.497 0.506 0.517 0.51 0.501 0.511 0.523 0.522 0.519 0.506 0.49 0.498 0.509 0.497 0.482 0.489 0.499 0.508 0.519 0.52 0.52 0.529 0.539 0.537 0.533 0.545
-9999 -9999 -9999 -9999 -9999 -9999 0.252 0.264 0.278 0.281 0.283 -9999 -9999 -9999 -9999 -9999 -9999 -9999 -9999 0.386 0.397 0.415 0.421 0.424 0.423 0.427 0.432 0.429 0.437 0.452 0.452 0.448 0.454 0.463 0.477 0.505 0.506 0.493 0.495 0.507 0.53 0.544 0.544 0.528 0.523 0.524 0.514 0.504 0.503 0.505 0.507 0.506 0.512 0.522 0.52 0.514 0.524 0.536 0.515 0.501 0.502 0.494 0.5 0.51 0.5 0.486 0.485 0.49 0.513 0.532 0.531 0.53 0.523 0.523 0.52 0.515 0.535
-9999 -9999 -9999 -9999 -9999 -9999 -9999 0.269 -9999 -9999 -9999 -9999 -9999 -9999 -9999 -9999 -9999 0.362 0.372 0.384 0.401 0.419 0.424 0.428 0.433 0.437 0.436 0.435 0.447 0.462 0.46 0.456 0.464 0.473 0.497 0.525 0.515 0.502 0.514 0.526 -9999 0.554 0.542 0.528 0.529 0.53 0.522 0.513 0.512 0.51 0.512 0.513 0.519 0.527 0.524 0.52 0.529 0.541 0.521 0.495 0.496 0.496 0.502 0.511 0.501 0.488 0.487 0.487 0.509 0.536 0.535 0.533 0.526 0.516 0.512 0.506 0.525
-9999 -9999 -9999 -9999 -9999 -9999 -9999 -9999 -9999 -9999 -9999 -9999 -9999 -9999 -9999 -9999 -9999 0.349 0.37 0.409 0.422 -9999 -9999 -9999 0.437 0.456 0.457 0.455 0.466 0.474 0.476 0.48 0.483 0.475 0.497 0.524 0.521 0.528 0.537 -9999 0.552 0.551 0.543 0.538 0.537 0.53 0.528 0.534 0.533 0.528 0.521 0.517 0.52 0.524 0.513 0.503 0.492 0.49 0.499 0.49 0.474 0.464 0.491 0.512 0.518 0.516 0.511 0.509 0.514 0.532 0.534 0.534 0.522 0.508 0.523 0.529 0.518
-9999 -9999 -9999 -9999 -9999 -9999 -9999 -9999 -9999 -9999 -9999 -9999 -9999 -9999 -9999 -9999 -9999 -9999 -9999 -9999 -9999 -9999 -9999 -9999 0.448 0.464 0.465 0.466 0.475 0.484 0.489 0.495 0.489 0.48 0.501 0.527 0.534 -9999 -9999 0.552 0.554 0.552 0.549 0.544 0.539 0.532 0.538 0.545 0.542 0.538 0.531 0.521 0.522 0.524 0.512 0.497 0.487 0.474 0.481 0.49 0.474 0.454 0.479 0.513 0.519 0.526 0.523 0.517 0.522 0.528 0.531 0.533 0.521 0.504 0.518 0.535 0.525
-9999 -9999 -9999 -9999 -9999 -9999 -9999 -9999 -9999 -9999 -9999 -9999 -9999 -9999 -9999 -9999 -9999 -9999 -9999 -9999 -9999 -9999 -9999 -9999 0.468 0.475 0.477 0.478 0.487 0.493 0.498 0.501 0.505 0.514 -9999 -9999 -9999 -9999 -9999 0.555 0.554 0.55 0.541 0.521 0.522 0.538 0.547 0.563 0.558 0.547 0.529 0.513 0.51 0.509 0.522 0.523 0.502 0.484 0.492 0.502 0.522 0.526 0.52 0.535 0.528 0.527 0.526 0.522 0.523 0.526 0.526 0.527 0.517 0.501 0.505 0.514 0.518
-9999 -9999 -9999 -9999 -9999 -9999 -9999 -9999 -9999 -9999 -9999 -9999 -9999 -9999 -9999 -9999 -9999 -9999 -9999 -9999 -9999 -9999 -9999 -9999 -9999 -9999 0.486 0.485 0.491 0.497 0.501 0.504 0.518 -9999 -9999 -9999 -9999 0.539 0.548 0.559 0.556 0.551 0.534 0.514 0.526 0.541 0.554 0.569 0.56 0.548 0.531 0.509 0.506 0.503 0.515 0.531 0.513 0.489 0.496 0.506 0.525 0.55 0.547 0.542 0.535 0.525 0.524 0.523 0.523 0.523 0.524 0.524 0.514 0.5 0.503 0.506 0.509
-9999 -9999 -9999 -9999 -9999 -9999 -9999 -9999 -9999 -9999 -9999 -9999 -9999 -9999 -9999 -9999 -9999 -9999 -9999 -9999 -9999 -9999 -9999 -9999 -9999 -9999 -9999 0.495 0.499 0.499 0.499 0.492 -9999 -9999 -9999 -9999 0.525 0.544 0.553 0.56 0.557 0.556 0.539 0.516 0.522 0.521 0.53 0.541 0.532 0.524 0.526 0.515 0.514 0.512 0.52 0.534 0.549 0.547 0.536 0.537 0.536 0.548 0.548 0.545 0.541 0.534 0.52 0.511 0.52 0.526 0.523 0.521 0.511 0.497 0.509 0.517 0.508
-9999 -9999 -9999 -9999 -9999 -9999 -9999 -9999 -9999 -9999 -9999 -9999 -9999 -9999 -9999 -9999 -9999 -9999 -9999 -9999 -9999 -9999 -9999 -9999 -9999 -9999 -9999 -9999 -9999 -9999 -9999 -9999 -9999 -9999 -9999 0.511 0.526 0.546 0.553 0.559 0.558 0.557 0.539 0.517 0.514 0.511 0.519 0.529 0.523 0.515 0.515 0.517 0.516 0.515 0.523 0.534 0.548 0.567 0.558 0.547 0.546 0.546 0.545 0.545 0.541 0.535 0.523 0.506 0.515 0.526 0.523 0.519 0.509 0.496 0.507 0.52 0.511
-9999 -9999 -9999 -9999 -9999 -9999 -9999 -9999 -9999 -9999 -9999 -9999 -9999 -9999 -9999 -9999 -9999 -9999 -9999 -9999 -9999 -9999 -9999 -9999 -9999 -9999 -9999 -9999 -9999 -9999 -9999 -9999 -9999 -9999 0.51 0.513 0.527 0.536 0.537 0.531 0.536 0.555 0.541 0.531 0.532 0.537 0.543 0.543 0.54 0.539 0.528 0.523 0.523 0.524 0.522 0.526 0.535 0.548 0.553 0.549 0.547 0.546 0.534 0.527 0.518 0.508 0.51 0.502 0.51 0.521 0.516 0.511 0.507 0.498 0.507 0.518 0.516
-9999 -9999 -9999 -9999 -9999 -9999 -9999 -9999 -9999 -9999 -9999 -9999 -9999 -9999 -9999 -9999 -9999 -9999 -9999 -9999 -9999 -9999 -9999 -9999 -9999 -9999 -9999 -9999 -9999 -9999 -9999 -9999 -9999 -9999 0.522 0.517 0.524 0.531 0.526 0.519 0.536 0.554 0.546 0.536 0.541 0.548 0.548 0.549 0.548 0.546 0.537 0.525 0.525 0.526 0.525 0.523 0.53 0.54 0.544 0.548 0.547 0.544 0.533 0.52 0.51 0.497 0.498 0.5 0.508 0.519 0.514 0.508 0.504 0.498 0.507 0.517 0.515
-9999 -9999 -9999 -9999 -9999 -9999 -9999 -9999 -9999 -9999 -9999 -9999 -9999 -9999 -9999 -9999 -9999 -9999 -9999 -9999 -9999 0.446 0.456 0.454 0.463 -9999 0.484 -9999 -9999 -9999 -9999 -9999 -9999 -9999 -9999 0.539 0.545 0.55 0.551 0.557 0.564 0.548 0.544 0.547 0.547 0.537 0.541 0.551 0.549 0.547 0.554 0.553 0.552 0.553 0.548 0.545 0.546 0.553 0.546 0.544 0.528 0.517 0.525 0.522 0.52 0.513 0.503 0.498 0.5 0.506 0.51 0.509 0.513 0.512 0.517 0.525 0.523
-9999 -9999 -9999 -9999 -9999 -9999 -9999 -9999 -9999 -9999 -9999 -9999 -9999 -9999 -9999 -9999 -9999 -9999 0.427 0.439 0.444 0.448 0.452 0.452 0.462 0.472 0.484 0.497 0.509 -9999 -9999 0.486 0.516 0.544 0.549 0.547 0.552 0.557 0.564 0.571 0.56 0.544 0.547 0.551 0.542 0.533 0.541 0.551 0.549 0.546 0.553 0.562 0.562 0.561 0.557 0.551 0.553 0.556 0.549 0.54 0.525 0.506 0.513 0.523 0.521 0.518 0.509 0.498 0.499 0.5 0.504 0.509 0.513 0.516 0.521 0.527 0.525
-9999 -9999 -9999 -9999 -9999 -9999 -9999 -9999 -9999 -9999 -9999 -9999 -9999 -9999 -9999 -9999 -9999 0.422 0.434 0.455 0.46 0.463 0.463 0.458 0.468 0.477 0.49 0.506 0.512 0.503 0.494 0.503 0.525 0.535 0.539 0.557 0.558 0.55 0.552 0.545 0.544 0.564 0.563 0.555 0.545 0.53 0.537 0.546 0.549 0.559 0.559 0.564 0.56 0.558 0.548 0.539 0.536 0.534 0.551 0.556 0.523 0.495 0.504 0.514 0.51 0.506 0.501 0.492 0.496 0.499 0.506 0.512 0.517 0.522 0.523 0.526 0.527
-9999 -9999 -9999 -9999 -9999 -9999 -9999 -9999 -9999 -9999 -9999 -9999 -9999 -9999 -9999 -9999 -9999 0.429 0.453 0.461 0.466 0.469 0.467 0.463 0.472 0.482 0.497 0.513 0.506 0.497 0.505 0.513 0.521 0.528 0.543 0.559 0.554 0.546 0.541 0.534 0.551 0.57 0.564 0.556 0.543 0.528 0.535 0.543 0.552 0.563 0.563 0.563 0.56 0.555 0.546 0.533 0.529 0.525 0.54 0.559 0.529 0.49 0.499 0.51 0.506 0.501 0.497 0.49 0.494 0.499 0.505 0.513 0.518 0.523 0.524 0.525 0.526
-9999 -9999 -9999 -9999 -9999 -9999 -9999 -9999 -9999 -9999 -9999 -9999 -9999 -9999 -9999 -9999 -9999 0.441 0.455 0.454 0.461 0.472 0.475 0.486 0.495 0.495 0.511 0.524 0.522 0.526 0.532 0.531 0.533 0.526 0.542 0.566 0.561 0.552 0.551 0.557 0.568 0.565 0.562 0.565 0.553 0.535 0.542 0.546 0.551 0.545 0.559 0.566 0.561 0.555 0.553 0.545 0.535 0.527 0.524 0.532 0.518 0.489 0.5 0.512 0.509 0.505 0.502 0.497 0.5 0.505 0.514 0.523 0.529 0.536 0.536 0.536 0.543
-9999 -9999 -9999 -9999 -9999 -9999 -9999 -9999 -9999 -9999 -9999 -9999 -9999 0.386 0.401 -9999 0.432 0.453 0.453 0.452 0.462 0.473 0.485 0.496 0.5 0.503 0.517 0.53 0.534 0.537 0.538 0.538 0.532 0.524 0.544 0.568 0.561 0.553 0.559 0.566 0.564 0.561 0.565 0.569 0.554 0.538 0.542 0.547 0.543 0.538 0.55 0.566 0.56 0.553 0.551 0.548 0.538 0.526 0.524 0.521 0.507 0.489 0.499 0.512 0.509 0.506 0.503 0.499 0.502 0.506 0.515 0.526 0.532 0.539 0.54 0.539 0.546
-9999 -9999 -9999 -9999 -9999 -9999 -9999 -9999 -9999 -9999 -9999 -9999 -9999 0.393 0.411 0.432 0.442 0.442 0.442 0.444 0.456 0.473 0.483 0.491 0.496 0.502 0.514 0.517 0.521 0.529 0.531 0.536 0.53 0.521 0.539 0.559 0.558 0.564 0.567 0.562 0.555 0.536 0.54 0.547 0.542 0.551 0.553 0.549 0.548 0.549 0.546 0.552 0.559 0.558 0.556 0.553 0.535 0.519 0.519 0.518 0.515 0.505 0.504 0.511 0.512 0.511 0.514 0.515 0.523 0.53 0.52 0.52 0.544 0.561 0.551 0.545 0.551
-9999 -9999 -9999 -9999 -9999 -9999 -9999 -9999 -9999 -9999 -9999 -9999 0.383 0.396 0.416 0.436 0.438 0.438 0.44 0.442 0.457 0.474 0.482 0.49 0.497 0.502 0.508 0.51 0.517 0.525 0.529 0.534 0.528 0.519 0.536 0.554 0.561 0.568 0.564 0.559 0.544 0.525 0.532 0.538 0.546 0.556 0.553 0.55 0.552 0.553 0.55 0.547 0.552 0.559 0.556 0.553 0.536 0.515 0.515 0.516 0.513 0.51 0.51 0.51 0.511 0.512 0.516 0.52 0.528 0.538 0.53 0.518 0.54 0.568 0.559 0.546 0.553
-9999 -9999 -9999 -9999 -9999 -9999 -9999 -9999 -9999 -9999 -9999 -9999 -9999 0.419 0.433 0.438 0.439 0.435 0.442 0.456 0.465 0.466 0.477 0.492 0.496 0.496 0.502 0.509 0.519 0.532 0.541 0.561 0.552 0.532 0.538 0.527 0.538 0.563 0.56 0.556 0.545 0.538 0.544 0.547 0.552 0.55 0.551 0.56 0.551 0.546 0.544 0.541 0.544 0.549 0.559 0.563 0.542 -9999 0.508 0.502 0.504 0.503 0.515 0.522 0.517 0.515 0.516 0.518 0.512 0.514 0.518 0.512 0.518 0.534 0.547 0.548 0.543
-9999 -9999 -9999 -9999 -9999 -9999 -9999 -9999 -9999 -9999 -9999 -9999 0.408 0.428 0.434 0.438 0.437 0.434 0.447 0.46 0.461 0.461 0.475 0.49 0.492 0.492 0.501 0.508 0.521 0.534 0.551 0.57 0.555 0.536 0.527 0.516 0.536 0.559 0.557 0.553 0.549 0.542 0.546 0.55 0.549 0.547 0.554 0.563 0.555 0.544 0.542 0.538 0.541 0.544 0.554 0.565 0.546 0.521 -9999 0.496 -9999 0.5 -9999 0.526 -9999 0.515 0.516 0.516 0.511 0.504 0.507 0.511 -9999 -9999 -9999 0.547 0.543
-9999 -9999 -9999 -9999 -9999 -9999 -9999 -9999 -9999 -9999 -9999 -9999 0.408 0.428 0.434 0.438 0.44 0.443 0.452 0.452 0.453 0.455 0.473 0.499 0.503 0.506 0.519 0.538 0.545 0.538 0.544 0.533 0.523 0.524 0.515 0.505 0.522 0.544 0.541 0.541 0.541 0.55 0.557 0.567 0.57 0.577 0.578 0.563 0.558 0.556 0.547 0.541 0.529 0.523 0.529 0.537 0.533 0.517 -9999 -9999 0.501 0.501 -9999 -9999 0.514 0.513 0.517 -9999 -9999 -9999 -9999 -9999 -9999 -9999 -9999 -9999 -9999
-9999 -9999 -9999 -9999 -9999 -9999 -9999 -9999 -9999 -9999 -9999 0.385 0.403 0.423 0.428 0.433 0.438 0.443 0.445 0.446 0.448 0.451 0.474 0.5 0.505 0.51 0.528 0.548 0.545 0.538 0.529 0.518 0.519 0.519 0.511 0.5 0.517 0.536 0.536 0.535 0.543 0.552 0.562 0.573 0.58 0.588 0.577 0.563 0.561 0.559 0.551 0.54 0.529 0.515 0.52 -9999 -9999 -9999 0.513 -9999 -9999 -9999 -9999 -9999 -9999 0.515 -9999 -9999 -9999 -9999 -9999 -9999 -9999 -9999 -9999 -9999 -9999
-9999 -9999 -9999 -9999 -9999 -9999 -9999 -9999 -9999 -9999 0.363 0.386 0.406 0.427 0.433 0.436 0.438 0.43 0.436 0.448 0.449 0.444 0.462 0.474 0.48 0.489 0.508 0.533 0.528 0.516 0.507 0.496 0.494 -9999 -9999 -9999 -9999 -9999 0.528 0.529 0.537 0.55 0.561 0.576 0.583 0.586 0.573 0.549 -9999 0.545 -9999 -9999 -9999 -9999 -9999 0.509 0.508 0.518 0.516 0.513 0.504 -9999 -9999 -9999 -9999 -9999 -9999 -9999 -9999 -9999 -9999 -9999 -9999 -9999 -9999 -9999 -9999
-9999 -9999 -9999 -9999 -9999 -9999 -9999 -9999 -9999 0.342 0.36 0.38 0.401 0.423 0.428 0.432 0.428 0.42 0.433 0.445 0.442 0.438 0.45 0.461 0.47 0.478 0.501 0.525 0.518 0.506 -9999 -9999 -9999 -9999 -9999 -9999 -9999 -9999 -9999 -9999 0.54 0.549 0.561 0.576 0.58 0.583 0.566 0.543 0.538 -9999 -9999 -9999 -9999 -9999 -9999 -9999 0.513 0.518 0.517 0.512 -9999 -9999 -9999 -9999 -9999 -9999 -9999 -9999 -9999 -9999 -9999 -9999 -9999 -9999 -9999 -9999 -9999
-9999 -9999 -9999 -9999 -9999 -9999 -9999 0.343 0.34 0.368 0.376 0.37 0.389 0.403 0.409 0.415 0.413 0.413 0.421 0.419 0.419 0.425 0.445 0.48 0.488 0.491 0.505 0.501 -9999 -9999 -9999 -9999 -9999 -9999 -9999 -9999 -9999 -9999 -9999 -9999 -9999 0.536 -9999 -9999 -9999 -9999 -9999 0.54 0.527 -9999 -9999 -9999 -9999 -9999 -9999 -9999 -9999 -9999 0.511 0.503 -9999 -9999 -9999 -9999 -9999 -9999 -9999 -9999 -9999 -9999 -9999 -9999 -9999 -9999 -9999 -9999 -9999
-9999 -9999 -9999 -9999 -9999 -9999 0.349 -9999 0.362 0.376 0.366 0.358 0.374 0.388 0.396 0.403 0.405 0.405 0.406 0.405 0.411 0.417 0.449 0.484 0.49 0.494 0.493 0.489 -9999 -9999 -9999 -9999 -9999 -9999 -9999 -9999 -9999 -9999 -9999 -9999 -9999 -9999 0.526 -9999 -9999 -9999 -9999 -9999 -9999 -9999 -9999 -9999 -9999 -9999 -9999 -9999 -9999 -9999 -9999 -9999 -9999 -9999 -9999 -9999 -9999 -9999 -9999 -9999 -9999 -9999 -9999 -9999 -9999 -9999 -9999 -9999 -9999
-9999 -9999 -9999 -9999 -9999 0.354 0.354 0.357 0.364 0.365 0.355 0.351 0.369 0.397 0.404 0.399 0.408 -9999 0.423 0.417 0.42 0.415 0.444 0.472 0.48 0.49 0.49 -9999 -9999 -9999 -9999 -9999 -9999 -9999 -9999 -9999 -9999 -9999 -9999 -9999 -9999 -9999 -9999 -9999 -9999 -9999 -9999 -9999 -9999 -9999 -9999 -9999 -9999 -9999 -9999 -9999 -9999 -9999 -9999 -9999 -9999 -9999 -9999 -9999 -9999 -9999 -9999 -9999 -9999 -9999 -9999 -9999 -9999 -9999 -9999 -9999 -9999
-9999 -9999 -9999 -9999 -9999 0.359 0.36 0.357 0.358 0.358 0.352 0.345 0.365 0.391 0.393 0.39 0.407 0.423 0.421 0.417 0.414 0.41 0.435 0.463 0.474 0.485 0.485 -9999 -9999 -9999 -9999 -9999 -9999 -9999 -9999 -9999 -9999 -9999 -9999 -9999 -9999 -9999 -9999 -9999 -9999 -9999 -9999 -9999 -9999 -9999 -9999 -9999 -9999 -9999 -9999 -9999 -9999 -9999 -9999 -9999 -9999 -9999 -9999 -9999 -9999 -9999 -9999 -9999 -9999 -9999 -9999 -9999 -9999 -9999 -9999 -9999 -9999
-9999 -9999 -9999 -9999 0.348 0.359 0.353 0.338 0.335 0.328 0.327 0.338 0.347 0.346 0.352 0.376 0.389 0.392 0.401 0.425 0.422 0.411 0.43 0.44 0.455 0.474 -9999 -9999 -9999 -9999 -9999 -9999 -9999 -9999 -9999 -9999 -9999 -9999 -9999 -9999 -9999 -9999 -9999 -9999 -9999 -9999 -9999 -9999 -9999 -9999 -9999 -9999 -9999 -9999 -9999 -9999 -9999 -9999 -9999 -9999 -9999 -9999 -9999 -9999 -9999 -9999 -9999 -9999 -9999 -9999 -9999 -9999 -9999 -9999 -9999 -9999 -9999
