Validation/Results/raw data/ReClimate_04_2024_1weatherlogisticsltd.asc
NCOLS 192
NROWS 249
XLLCENTER -225160.85627316462
YLLCENTER 29788.11610251502
CELLSIZE 5000.0
NODATA_VALUE -9999
[rows 66 to 98 of 249, columns 74 to 147 of 192]
-9999 -9999 -9999 -9999 -9999 -9999 -9999 -9999 -9999 -9999 -9999 106.914 -9999 107.12 107.229 107.332 107.459 107.731 108.288 108.813 109.287 109.717 110.108 110.464 110.79 111.089 111.365 111.621 111.861 112.085 112.276 112.381 -9999 -9999 -9999 -9999 -9999 -9999 -9999 -9999 -9999 -9999 -9999 -9999 -9999 -9999 -9999 -9999 -9999 -9999 -9999 -9999 -9999 -9999 -9999 -9999 -9999 -9999 -9999 -9999 -9999 -9999 -9999 -9999 -9999 -9999 -9999 -9999 -9999 -9999 -9999 -9999 -9999 -9999
-9999 -9999 -9999 -9999 -9999 -9999 -9999 -9999 -9999 -9999 -9999 -9999 106.98 107.095 107.203 107.372 107.792 108.411 108.966 109.466 109.918 110.328 110.701 111.042 111.354 111.643 111.91 112.16 112.395 112.618 -9999 -9999 -9999 -9999 -9999 -9999 -9999 -9999 -9999 -9999 -9999 -9999 -9999 -9999 -9999 -9999 -9999 -9999 -9999 -9999 -9999 -9999 -9999 -9999 -9999 -9999 -9999 -9999 -9999 -9999 -9999 -9999 -9999 -9999 -9999 -9999 -9999 -9999 -9999 -9999 -9999 -9999 -9999 -9999
-9999 -9999 -9999 -9999 -9999 -9999 -9999 -9999 -9999 -9999 -9999 -9999 106.95 107.116 107.269 107.825 108.486 109.077 109.608 110.086 110.518 110.91 111.267 111.594 111.894 112.172 112.431 112.675 112.907 113.119 -9999 -9999 -9999 -9999 -9999 -9999 -9999 -9999 -9999 -9999 -9999 -9999 -9999 -9999 -9999 -9999 -9999 -9999 -9999 -9999 -9999 -9999 -9999 -9999 -9999 -9999 -9999 -9999 -9999 -9999 -9999 -9999 -9999 -9999 -9999 -9999 -9999 -9999 -9999 -9999 -9999 -9999 -9999 -9999
-9999 -9999 -9999 -9999 -9999 -9999 -9999 -9999 -9999 -9999 -9999 -9999 -9999 -9999 107.8 108.513 109.147 109.713 110.222 110.68 111.094 111.47 111.812 112.126 112.414 112.683 112.934 113.173 -9999 -9999 -9999 -9999 -9999 -9999 -9999 -9999 -9999 -9999 -9999 -9999 -9999 -9999 -9999 -9999 -9999 -9999 -9999 -9999 -9999 -9999 -9999 -9999 -9999 -9999 -9999 -9999 -9999 -9999 -9999 -9999 -9999 -9999 -9999 -9999 -9999 -9999 -9999 -9999 -9999 -9999 -9999 -9999 -9999 -9999
-9999 -9999 -9999 -9999 -9999 -9999 -9999 -9999 106.672 -9999 -9999 106.77 107.105 107.709 108.486 109.173 109.782 110.327 110.815 111.255 111.653 112.013 112.342 112.643 112.92 113.178 113.422 113.655 -9999 -9999 -9999 -9999 -9999 -9999 -9999 -9999 -9999 -9999 -9999 -9999 -9999 -9999 -9999 -9999 -9999 -9999 -9999 -9999 -9999 -9999 -9999 -9999 -9999 -9999 -9999 -9999 -9999 -9999 -9999 -9999 -9999 -9999 -9999 -9999 -9999 -9999 -9999 -9999 -9999 -9999 -9999 -9999 -9999 -9999
-9999 -9999 -9999 -9999 -9999 -9999 106.603 106.627 106.667 106.686 106.704 106.863 107.541 108.399 109.15 109.813 110.401 110.925 111.396 111.819 112.201 112.547 112.862 113.15 113.416 113.664 113.899 114.124 -9999 -9999 -9999 -9999 -9999 -9999 -9999 -9999 -9999 -9999 -9999 -9999 -9999 -9999 -9999 -9999 -9999 -9999 -9999 -9999 -9999 -9999 -9999 -9999 -9999 -9999 -9999 -9999 -9999 -9999 -9999 -9999 -9999 -9999 -9999 -9999 -9999 -9999 -9999 -9999 -9999 -9999 -9999 -9999 -9999 -9999
-9999 -9999 -9999 -9999 -9999 -9999 106.577 106.632 -9999 106.684 106.777 107.323 108.229 109.066 109.8 110.441 111.009 111.515 111.968 112.376 112.743 113.075 113.377 113.653 113.907 114.144 114.368 -9999 114.802 -9999 -9999 -9999 -9999 -9999 -9999 -9999 -9999 -9999 -9999 -9999 -9999 -9999 -9999 -9999 -9999 -9999 -9999 -9999 -9999 -9999 -9999 -9999 -9999 -9999 -9999 -9999 -9999 -9999 -9999 -9999 -9999 -9999 -9999 -9999 -9999 -9999 -9999 -9999 -9999 -9999 -9999 -9999 -9999 -9999
-9999 -9999 -9999 -9999 -9999 -9999 -9999 106.614 106.641 106.683 107.05 107.974 108.84 109.633 110.345 110.981 111.554 112.074 112.538 112.932 113.286 113.605 113.894 114.157 114.399 114.623 114.835 115.042 115.244 -9999 -9999 -9999 -9999 -9999 -9999 -9999 -9999 -9999 -9999 -9999 -9999 -9999 -9999 -9999 -9999 -9999 -9999 -9999 -9999 -9999 -9999 -9999 -9999 -9999 -9999 -9999 -9999 -9999 -9999 -9999 -9999 -9999 -9999 -9999 -9999 -9999 -9999 -9999 -9999 -9999 -9999 -9999 -9999 -9999
106.414 -9999 -9999 -9999 -9999 -9999 -9999 -9999 106.61 106.813 107.668 108.554 109.375 110.134 110.825 111.447 112.013 112.53 112.991 113.415 113.803 114.141 114.418 114.669 114.897 115.107 115.305 115.497 115.691 -9999 -9999 -9999 -9999 -9999 -9999 -9999 -9999 -9999 -9999 -9999 -9999 -9999 -9999 -9999 -9999 -9999 -9999 -9999 -9999 -9999 -9999 -9999 -9999 -9999 -9999 -9999 -9999 -9999 -9999 -9999 -9999 -9999 -9999 -9999 -9999 -9999 -9999 -9999 -9999 -9999 -9999 -9999 -9999 -9999
106.374 -9999 -9999 -9999 -9999 -9999 106.51 106.543 106.655 107.292 108.222 109.075 109.864 110.598 111.27 111.874 112.424 112.928 113.394 113.826 114.225 114.581 114.91 115.196 115.411 115.607 -9999 115.972 -9999 -9999 -9999 -9999 -9999 -9999 117.166 117.37 117.576 -9999 -9999 -9999 -9999 -9999 -9999 -9999 -9999 -9999 -9999 -9999 -9999 -9999 -9999 -9999 -9999 -9999 -9999 -9999 -9999 -9999 -9999 -9999 -9999 -9999 -9999 -9999 -9999 -9999 -9999 -9999 -9999 -9999 -9999 -9999 -9999 -9999
106.326 106.351 -9999 -9999 -9999 -9999 -9999 106.505 106.833 107.803 108.718 109.547 110.312 111.027 111.686 112.285 112.823 113.317 113.776 114.202 114.601 114.975 115.325 115.629 115.907 116.133 116.297 -9999 -9999 -9999 -9999 116.967 117.137 117.387 117.651 117.882 118.092 118.262 118.424 118.563 118.678 118.782 118.854 118.905 118.933 118.936 118.913 118.935 118.85 118.722 118.539 118.456 118.888 -9999 -9999 -9999 -9999 -9999 -9999 -9999 -9999 -9999 -9999 -9999 -9999 -9999 -9999 -9999 -9999 -9999 -9999 -9999 -9999 -9999
106.281 106.307 -9999 -9999 -9999 106.405 -9999 106.46 107.28 108.234 109.127 109.962 110.722 111.42 112.073 112.673 113.212 113.701 114.155 114.579 114.976 115.351 115.703 116.036 116.342 116.607 -9999 -9999 -9999 -9999 117.51 117.543 117.845 118.148 118.423 118.67 118.891 119.086 119.258 119.408 119.536 119.645 119.733 119.803 119.854 119.886 119.896 119.884 119.845 119.775 119.666 119.587 119.558 -9999 -9999 -9999 -9999 -9999 -9999 -9999 -9999 -9999 -9999 -9999 -9999 -9999 -9999 -9999 -9999 -9999 -9999 -9999 -9999 -9999
106.239 106.265 -9999 -9999 -9999 106.364 106.39 106.729 107.675 108.592 109.467 110.297 111.075 111.782 112.429 113.033 113.589 114.082 114.535 114.96 115.36 115.738 116.096 116.436 116.76 -9999 -9999 117.609 117.769 117.931 118.086 118.4 118.728 119.034 119.315 119.569 119.798 120.003 120.185 120.347 120.489 120.614 120.722 120.815 120.894 120.959 121.009 121.045 121.066 121.069 121.051 121.041 120.974 120.931 -9999 -9999 -9999 -9999 -9999 -9999 -9999 -9999 -9999 -9999 -9999 -9999 -9999 -9999 -9999 -9999 -9999 -9999 -9999 -9999
106.198 106.224 -9999 106.275 -9999 106.324 106.422 107.077 108.013 108.899 109.749 110.57 111.355 112.091 112.757 113.366 113.933 114.458 114.918 115.347 115.753 116.14 116.509 116.862 117.22 -9999 118.074 118.309 118.558 118.806 119.053 119.346 119.651 119.946 120.223 120.477 120.708 120.918 121.107 121.277 121.43 121.568 121.693 121.806 121.909 122.003 122.09 122.17 122.244 122.313 122.377 122.469 122.536 122.603 -9999 -9999 -9999 -9999 -9999 -9999 -9999 -9999 -9999 -9999 -9999 -9999 -9999 -9999 -9999 -9999 -9999 -9999 -9999 -9999
106.158 -9999 106.211 -9999 -9999 -9999 106.555 107.395 108.301 109.163 109.991 110.795 111.58 112.334 113.041 113.67 114.252 114.795 115.3 115.743 116.159 116.558 116.942 117.359 117.905 118.379 118.774 119.092 119.42 119.737 120.058 120.325 120.605 120.884 121.15 121.398 121.627 121.837 122.028 122.203 122.363 122.511 122.65 122.78 122.904 123.025 123.145 123.265 123.389 123.519 123.659 123.816 124.034 124.264 -9999 -9999 -9999 -9999 -9999 -9999 -9999 -9999 -9999 -9999 -9999 -9999 -9999 -9999 -9999 -9999 -9999 -9999 -9999 -9999
106.12 106.147 -9999 -9999 -9999 -9999 106.728 107.665 108.548 -9999 110.2 110.989 111.763 112.528 113.261 113.946 114.542 115.108 115.638 116.136 116.578 117.003 117.489 118.144 118.724 119.127 119.499 119.86 120.225 120.607 120.971 121.318 121.579 121.84 122.093 122.332 122.555 122.761 122.951 123.128 123.292 123.448 123.597 123.742 123.886 124.031 124.181 124.339 124.509 124.697 124.909 125.156 125.488 125.713 -9999 -9999 -9999 -9999 -9999 -9999 -9999 -9999 -9999 -9999 -9999 -9999 -9999 -9999 -9999 -9999 -9999 -9999 -9999 -9999
106.083 106.11 -9999 -9999 -9999 106.274 -9999 -9999 108.756 109.582 110.379 111.158 111.923 112.681 113.438 114.154 114.82 115.392 115.951 116.482 117.009 117.6 118.317 118.96 119.424 119.836 120.23 120.616 121.006 121.411 121.834 122.22 122.565 122.811 123.051 123.279 123.493 123.692 123.878 124.053 124.22 124.38 124.538 124.696 124.858 125.026 125.205 125.399 125.613 125.856 126.137 126.497 126.852 -9999 -9999 -9999 -9999 -9999 -9999 -9999 -9999 -9999 -9999 -9999 -9999 -9999 -9999 -9999 -9999 -9999 -9999 -9999 -9999 -9999
106.05 106.073 106.099 106.124 -9999 -9999 -9999 108.067 108.93 -9999 110.531 111.302 112.061 112.816 113.571 114.327 115.028 115.667 116.237 116.828 117.54 118.381 119.125 119.648 120.101 120.531 120.946 121.355 121.769 122.193 122.632 123.079 123.471 123.792 124.02 124.236 124.439 124.63 124.809 124.98 125.146 125.31 125.476 125.645 125.823 126.014 126.22 126.449 126.708 127.005 127.354 127.799 -9999 -9999 -9999 -9999 -9999 -9999 -9999 -9999 -9999 -9999 -9999 -9999 -9999 -9999 -9999 -9999 -9999 -9999 -9999 -9999 -9999 -9999
106.018 106.037 106.063 106.088 -9999 106.466 107.352 108.239 109.074 109.877 110.657 111.423 112.18 112.934 113.69 114.454 115.208 115.907 116.541 117.296 118.213 119.055 119.704 120.267 120.761 121.208 121.644 122.077 122.512 122.956 123.41 123.877 124.333 124.718 124.997 125.201 125.393 125.573 125.744 125.909 126.073 126.239 126.411 126.592 126.786 126.998 127.233 127.497 127.8 128.152 128.569 129.057 -9999 -9999 -9999 -9999 -9999 -9999 -9999 -9999 -9999 -9999 -9999 -9999 -9999 -9999 -9999 -9999 -9999 -9999 -9999 -9999 -9999 -9999
105.987 106.001 106.027 106.052 106.094 106.58 107.498 -9999 109.188 109.984 110.76 111.522 112.279 113.034 113.795 114.565 115.349 116.115 116.962 117.925 118.809 119.52 120.168 120.766 121.325 121.852 122.325 122.779 123.236 123.7 124.173 124.654 125.142 125.593 125.959 126.174 126.352 126.52 126.681 126.839 127.0 127.168 127.346 127.539 127.75 127.984 128.247 128.548 128.896 129.304 129.791 -9999 -9999 -9999 -9999 -9999 -9999 -9999 -9999 -9999 -9999 -9999 -9999 -9999 -9999 -9999 -9999 -9999 -9999 -9999 -9999 -9999 -9999 -9999
105.962 -9999 -9999 -9999 106.114 106.693 -9999 108.449 109.276 110.067 110.84 111.601 112.359 113.118 113.884 114.663 115.455 116.354 117.469 118.408 119.144 119.835 120.494 121.13 121.75 122.339 122.902 123.437 123.941 124.426 124.918 125.417 125.921 126.424 126.841 127.151 127.316 127.469 127.618 127.769 127.928 128.098 128.283 128.488 128.717 128.975 129.269 129.607 130.002 130.47 130.897 -9999 -9999 -9999 -9999 -9999 -9999 -9999 -9999 -9999 -9999 -9999 -9999 -9999 -9999 -9999 -9999 -9999 -9999 -9999 -9999 -9999 -9999 -9999
-9999 -9999 -9999 105.98 106.142 -9999 107.65 108.51 -9999 110.125 110.897 111.66 112.413 113.146 113.883 114.633 115.463 116.599 117.66 118.533 119.26 119.954 120.622 121.273 121.914 122.546 123.169 123.783 124.395 125.019 125.629 126.166 126.689 127.209 127.7 128.066 128.281 128.418 128.554 128.698 128.855 129.029 129.223 129.443 129.691 129.975 130.302 130.653 130.981 131.345 131.592 -9999 -9999 -9999 -9999 -9999 -9999 -9999 -9999 -9999 -9999 -9999 -9999 -9999 -9999 -9999 -9999 -9999 -9999 -9999 -9999 -9999 -9999 -9999
-9999 -9999 -9999 105.943 -9999 -9999 107.713 108.564 109.374 110.156 110.904 111.632 112.345 113.056 113.776 114.545 115.546 116.628 117.646 118.541 119.299 119.995 120.669 121.327 121.977 122.624 123.274 123.93 124.598 125.282 125.944 126.611 127.283 127.916 128.475 128.935 129.243 129.362 129.486 129.625 129.783 129.963 130.16 130.356 130.569 130.806 131.07 131.328 131.61 131.927 132.293 -9999 -9999 -9999 -9999 -9999 -9999 -9999 -9999 -9999 -9999 -9999 -9999 -9999 -9999 -9999 -9999 -9999 -9999 -9999 -9999 -9999 -9999 -9999
-9999 -9999 -9999 -9999 -9999 -9999 -9999 108.572 109.358 110.102 110.821 111.527 112.228 112.931 113.631 114.45 115.536 116.579 117.588 118.508 119.313 120.012 120.691 121.357 122.015 122.672 123.33 123.997 124.674 125.367 126.078 126.809 127.548 128.263 128.954 129.545 129.883 130.073 130.191 130.322 130.468 130.63 130.795 130.975 131.17 131.383 131.617 131.877 132.167 132.496 -9999 -9999 -9999 -9999 -9999 -9999 -9999 -9999 -9999 -9999 -9999 -9999 -9999 -9999 -9999 -9999 -9999 -9999 -9999 -9999 -9999 -9999 -9999 -9999
-9999 -9999 -9999 -9999 -9999 106.828 107.711 -9999 109.275 110.002 110.71 111.403 112.077 112.732 113.432 114.433 115.492 116.513 117.506 118.457 119.302 120.005 120.69 121.363 122.028 122.692 123.359 124.033 124.718 125.417 126.135 126.873 127.633 128.412 129.166 129.791 130.291 130.631 130.74 130.863 131.0 131.15 131.315 131.495 131.693 131.91 132.15 132.417 132.717 133.055 -9999 -9999 -9999 -9999 -9999 -9999 -9999 -9999 -9999 -9999 -9999 -9999 -9999 -9999 -9999 -9999 -9999 -9999 -9999 -9999 -9999 -9999 -9999 -9999
-9999 -9999 -9999 -9999 106.089 106.777 107.636 108.424 109.167 109.874 110.55 111.205 111.841 112.482 113.313 114.391 115.427 116.431 117.411 118.375 119.232 119.977 120.666 121.345 122.017 122.687 123.36 124.039 124.728 125.43 126.149 126.886 127.645 128.42 129.157 129.816 130.435 130.911 131.21 131.363 131.502 131.654 131.821 132.005 132.206 132.429 132.676 132.952 133.263 -9999 -9999 -9999 -9999 -9999 -9999 -9999 -9999 -9999 -9999 -9999 -9999 -9999 -9999 -9999 -9999 -9999 -9999 -9999 -9999 -9999 -9999 -9999 -9999 -9999
-9999 -9999 -9999 -9999 106.038 -9999 107.528 108.291 109.006 109.683 110.334 110.968 111.59 112.283 113.273 114.327 115.345 116.334 117.304 118.26 119.146 119.927 120.621 121.305 121.982 122.658 123.335 124.018 124.708 125.409 126.123 126.852 127.592 128.335 129.046 129.719 130.401 131.012 131.454 131.756 131.987 132.145 132.318 132.507 132.714 132.943 133.198 133.484 133.807 -9999 -9999 -9999 -9999 -9999 -9999 -9999 -9999 -9999 -9999 -9999 -9999 -9999 -9999 -9999 -9999 -9999 -9999 -9999 -9999 -9999 -9999 -9999 -9999 -9999
-9999 -9999 -9999 -9999 -9999 -9999 107.39 108.125 108.816 109.473 110.108 110.728 111.341 112.131 113.208 114.243 115.246 116.224 117.185 118.134 119.046 119.856 120.555 121.244 121.926 122.606 123.287 123.971 124.661 125.359 126.066 126.782 127.502 128.219 128.921 129.612 130.317 131.012 131.593 131.975 132.329 132.628 132.808 133.003 133.218 133.455 133.72 134.017 134.354 -9999 -9999 -9999 -9999 -9999 -9999 -9999 -9999 -9999 -9999 -9999 -9999 -9999 -9999 -9999 -9999 -9999 -9999 -9999 -9999 -9999 -9999 -9999 -9999 -9999
-9999 -9999 -9999 -9999 105.949 106.466 107.234 107.947 108.618 109.258 109.878 110.485 111.129 -9999 113.121 114.14 115.131 116.1 117.054 117.999 118.93 119.762 120.471 121.164 121.85 122.534 123.217 123.902 124.591 125.286 125.987 126.692 127.4 128.106 128.808 129.512 130.235 130.989 131.618 132.092 132.537 132.941 133.296 133.5 133.723 133.969 134.244 134.554 134.702 -9999 -9999 -9999 -9999 -9999 -9999 -9999 -9999 -9999 -9999 -9999 -9999 -9999 -9999 -9999 -9999 -9999 -9999 -9999 -9999 -9999 -9999 -9999 -9999 -9999
105.827 105.827 105.806 105.798 -9999 106.327 107.066 107.759 108.411 109.036 109.642 110.237 -9999 111.973 113.013 114.021 115.002 115.964 116.913 117.854 118.793 119.636 120.369 121.066 121.757 122.444 123.129 123.816 124.505 125.198 125.894 126.594 127.297 128.001 128.708 129.424 130.163 130.941 131.63 132.173 132.645 133.149 133.6 133.998 134.23 134.487 134.774 135.1 -9999 -9999 -9999 -9999 -9999 -9999 -9999 -9999 -9999 -9999 -9999 -9999 -9999 -9999 -9999 -9999 -9999 -9999 -9999 -9999 -9999 -9999 -9999 -9999 -9999 -9999
105.818 105.811 105.805 105.8 105.832 -9999 106.887 107.56 108.197 108.807 109.401 109.991 110.792 111.86 112.888 113.885 114.86 115.817 116.763 117.702 118.638 119.499 120.251 120.953 121.647 122.338 123.026 123.715 124.405 125.098 125.794 126.494 127.197 127.905 128.62 129.351 130.106 130.899 131.65 132.255 132.737 133.259 133.82 134.317 134.745 135.013 -9999 -9999 -9999 -9999 -9999 -9999 -9999 -9999 -9999 -9999 -9999 -9999 -9999 -9999 -9999 -9999 -9999 -9999 -9999 -9999 -9999 -9999 -9999 -9999 -9999 -9999 -9999 -9999
-9999 -9999 -9999 105.801 -9999 106.097 106.699 107.352 107.974 108.571 -9999 -9999 110.672 111.726 112.745 113.737 114.707 115.661 116.604 117.541 118.477 119.351 120.119 120.825 121.524 122.218 122.91 123.602 124.295 124.991 125.69 126.393 127.102 127.818 128.546 129.291 130.063 130.873 131.681 132.342 132.835 133.365 133.944 134.56 135.104 -9999 -9999 -9999 -9999 -9999 -9999 -9999 -9999 -9999 -9999 -9999 -9999 -9999 -9999 -9999 -9999 -9999 -9999 -9999 -9999 -9999 -9999 -9999 -9999 -9999 -9999 -9999 -9999 -9999
105.818 105.813 -9999 105.803 105.798 106.011 106.503 107.135 107.741 -9999 -9999 109.603 110.529 111.575 112.589 113.576 114.543 115.496 116.438 117.374 118.309 119.194 119.973 120.684 121.387 122.086 122.782 123.479 124.177 124.878 125.583 126.294 127.012 127.74 128.483 129.244 130.033 130.865 131.725 132.436 132.941 133.48 134.065 134.711 135.384 135.903 -9999 -9999 -9999 -9999 -9999 -9999 -9999 -9999 -9999 -9999 -9999 -9999 -9999 -9999 -9999 -9999 -9999 -9999 -9999 -9999 -9999 -9999 -9999 -9999 -9999 -9999 -9999 -9999
