Validation/Results/raw data/ReClimate_04_2024_1_Temperature-Actuals.asc
NCOLS 192
NROWS 249
XLLCENTER -225160.85627316462
YLLCENTER 29788.11610251502
CELLSIZE 5000.0
NODATA_VALUE -9999
[rows 170 to 203 of 249, columns 76 to 151 of 192]
-9999 -9999 -9999 -9999 -9999 -9999 -9999 -9999 -9999 -9999 -9999 -9999 -9999 -9999 -9999 -9999 11.801 11.842 -9999 -9999 -9999 -9999 -9999 -9999 -9999 -9999 -9999 -9999 -9999 -9999 -9999 -9999 -9999 -9999 -9999 12.758 12.948 12.914 12.931 12.758 12.641 12.7 12.769 12.833 12.995 13.099 13.106 12.825 12.279 11.378 10.511 9.711 9.911 9.867 10.366 11.532 12.084 12.395 12.037 11.965 12.155 12.391 12.383 12.355 12.303 12.306 12.307 12.241 12.225 12.305 12.296 12.136 11.646 11.61 11.545 11.76
-9999 -9999 -9999 -9999 -9999 -9999 -9999 -9999 -9999 -9999 -9999 -9999 -9999 -9999 -9999 -9999 11.674 11.652 11.823 -9999 -9999 -9999 -9999 -9999 -9999 -9999 -9999 -9999 -9999 -9999 -9999 -9999 -9999 -9999 12.905 12.94 12.929 12.869 12.709 12.682 12.593 12.738 12.774 12.853 12.937 12.958 12.903 12.776 12.406 11.703 10.53 9.667 10.134 10.627 10.724 11.408 12.462 12.631 12.38 11.898 12.022 12.361 12.418 12.306 12.217 12.255 12.296 12.293 12.197 12.247 12.281 12.192 11.867 11.581 11.621 11.735
-9999 -9999 -9999 -9999 -9999 -9999 -9999 -9999 -9999 -9999 -9999 -9999 -9999 -9999 -9999 11.982 11.827 11.722 11.886 12.109 -9999 -9999 -9999 -9999 -9999 -9999 -9999 -9999 -9999 -9999 -9999 12.284 -9999 -9999 12.949 12.652 12.847 12.863 12.867 -9999 12.524 12.575 12.626 12.724 12.707 12.766 12.627 12.571 12.131 11.362 11.609 10.451 10.726 11.271 10.654 11.585 12.08 12.486 12.38 12.058 12.075 12.292 12.502 12.38 12.243 12.308 12.332 12.347 12.249 12.244 12.323 12.235 12.091 11.764 11.564 11.577
-9999 -9999 -9999 -9999 -9999 -9999 -9999 -9999 -9999 -9999 -9999 -9999 -9999 -9999 -9999 12.162 12.043 12.012 12.067 12.211 12.128 12.038 -9999 -9999 -9999 11.709 11.981 -9999 12.106 12.165 12.28 11.64 11.921 -9999 -9999 12.664 12.628 -9999 -9999 12.623 12.525 12.781 12.986 12.874 12.756 12.569 12.467 12.295 11.653 10.8 11.059 10.897 10.631 10.827 10.779 11.014 12.201 12.314 12.145 11.848 12.006 12.133 12.327 12.397 12.258 12.329 12.367 12.374 12.312 12.264 12.364 12.305 12.214 11.998 11.708 11.409
-9999 -9999 -9999 -9999 -9999 -9999 -9999 -9999 -9999 -9999 -9999 -9999 -9999 -9999 -9999 -9999 12.187 12.121 12.177 12.379 12.347 -9999 -9999 9.844 9.937 11.668 11.144 11.28 11.433 12.061 12.071 12.011 11.694 11.745 -9999 12.648 12.706 12.665 12.694 12.461 12.352 12.764 13.101 13.009 12.736 12.548 12.361 12.19 11.4 10.315 10.392 10.649 10.867 11.118 10.93 11.142 11.867 12.298 12.133 11.863 11.908 11.974 12.098 12.215 12.259 12.336 12.389 12.354 12.181 12.227 12.405 12.38 12.313 12.175 11.914 11.684
-9999 -9999 -9999 -9999 -9999 -9999 -9999 -9999 -9999 -9999 -9999 -9999 -9999 -9999 -9999 -9999 12.12 12.077 12.459 12.613 12.648 12.299 10.633 8.396 10.997 11.675 10.824 11.292 10.936 11.449 12.115 11.909 10.963 11.611 11.929 12.443 12.681 12.589 12.585 12.468 12.388 12.609 12.845 12.813 12.672 12.47 12.298 12.021 11.05 10.382 10.034 10.396 10.466 11.216 11.351 11.095 11.415 11.891 11.961 11.929 11.922 11.9 12.0 12.117 12.187 12.386 12.383 12.418 12.403 12.264 12.425 12.458 12.432 12.361 12.127 11.745
-9999 -9999 -9999 -9999 -9999 -9999 -9999 -9999 -9999 -9999 -9999 -9999 -9999 -9999 -9999 -9999 -9999 12.221 12.551 12.559 12.056 10.827 7.94 8.705 10.844 10.981 11.221 10.578 10.367 10.689 11.125 11.367 11.554 10.834 11.657 12.18 12.269 12.491 12.609 12.489 12.425 12.496 12.638 12.684 12.509 12.336 12.171 11.711 11.099 10.449 10.255 10.672 10.466 10.72 11.708 11.445 11.528 11.77 11.759 11.913 12.072 12.014 11.994 12.06 12.17 12.402 12.443 12.49 12.406 12.375 12.441 12.503 12.54 12.5 12.393 12.229
-9999 -9999 -9999 -9999 -9999 -9999 -9999 -9999 -9999 -9999 -9999 -9999 -9999 -9999 -9999 -9999 -9999 -9999 -9999 12.01 11.03 9.702 8.968 9.4 11.154 11.62 10.835 10.038 9.831 9.91 10.868 11.676 11.24 10.566 11.162 11.844 12.276 12.606 12.578 12.416 12.247 12.365 12.487 12.494 12.429 12.279 11.95 11.341 10.993 10.773 10.331 10.642 10.48 10.413 11.08 11.795 11.726 12.075 11.875 11.72 11.962 12.062 12.123 12.159 12.267 12.422 12.484 12.52 12.543 12.374 12.437 12.498 12.57 12.61 12.576 12.517
-9999 -9999 -9999 -9999 -9999 -9999 -9999 -9999 -9999 -9999 -9999 -9999 -9999 -9999 -9999 -9999 -9999 -9999 12.44 11.699 11.149 10.659 9.514 10.629 11.464 11.173 10.971 10.256 9.685 10.086 10.24 11.127 10.955 10.494 10.923 11.529 12.418 12.58 12.543 12.206 12.052 12.195 12.372 12.425 12.365 12.117 11.597 11.375 11.492 11.03 10.474 10.764 10.813 10.947 11.185 11.376 11.894 12.012 11.977 11.955 11.942 12.087 12.027 12.229 12.383 12.469 12.507 12.554 12.371 12.388 12.482 12.551 12.582 12.64 12.644 12.62
-9999 -9999 -9999 -9999 -9999 -9999 -9999 -9999 -9999 -9999 -9999 -9999 -9999 -9999 -9999 -9999 -9999 12.279 10.755 11.568 11.207 10.574 10.692 9.27 9.86 10.354 10.291 9.666 10.208 10.024 10.611 11.094 10.368 10.094 10.797 11.642 12.397 12.634 12.486 12.059 12.071 12.231 12.323 12.372 12.156 11.797 11.771 11.681 11.248 10.924 10.731 10.596 11.166 11.377 11.586 11.821 11.856 12.186 12.118 12.251 12.247 12.217 12.351 12.157 12.381 12.507 12.495 12.514 12.353 12.284 12.519 12.557 12.582 12.617 12.636 12.602
-9999 -9999 -9999 -9999 -9999 -9999 -9999 -9999 -9999 -9999 -9999 -9999 -9999 -9999 -9999 -9999 12.121 10.786 11.698 11.916 11.566 11.657 10.717 10.399 10.181 9.779 9.504 9.576 9.753 10.108 10.989 10.554 10.604 11.399 11.615 12.149 12.292 12.507 12.328 12.082 12.078 12.133 12.249 12.067 11.721 11.857 11.838 11.692 11.208 11.113 11.523 11.378 11.346 11.617 11.729 11.905 12.052 12.12 12.306 12.434 12.594 12.594 12.609 12.538 12.387 12.456 12.485 12.489 12.338 12.283 12.522 12.578 12.544 12.549 12.543 12.557
-9999 -9999 -9999 -9999 -9999 -9999 -9999 -9999 -9999 -9999 -9999 -9999 -9999 -9999 11.795 12.083 11.866 12.035 12.398 12.54 12.4 12.547 11.871 11.168 10.401 9.665 8.745 10.128 10.271 10.859 10.851 9.958 10.254 10.775 11.712 12.062 12.159 12.253 12.156 12.022 11.95 12.079 12.055 11.819 11.704 11.663 11.942 11.668 11.306 11.386 11.511 11.652 11.742 11.815 11.939 12.116 12.406 12.382 12.392 12.68 12.878 12.883 12.717 12.586 12.504 12.454 12.401 12.42 12.22 12.158 12.43 12.568 12.55 12.512 12.509 12.502
-9999 -9999 -9999 -9999 -9999 -9999 -9999 -9999 -9999 -9999 -9999 -9999 -9999 11.615 11.74 11.921 12.141 -9999 -9999 -9999 -9999 11.977 10.817 10.625 10.329 9.458 10.368 10.383 9.758 10.327 9.746 8.471 9.341 10.403 11.057 11.871 12.251 12.155 12.067 12.034 12.045 12.072 12.029 11.854 11.766 11.665 11.806 11.649 11.602 11.599 11.652 11.878 11.991 12.045 12.246 12.325 12.563 12.75 12.62 12.716 12.859 12.835 12.709 12.547 12.411 12.275 12.221 12.235 12.165 12.085 12.257 12.485 12.561 12.546 12.521 12.537
-9999 -9999 -9999 -9999 -9999 -9999 -9999 -9999 -9999 -9999 -9999 -9999 -9999 11.621 11.506 12.145 -9999 -9999 -9999 -9999 -9999 11.66 10.911 10.502 10.728 10.027 10.156 9.665 9.17 9.453 9.111 9.173 10.657 10.82 11.547 12.146 12.322 12.201 12.098 12.031 11.929 11.917 11.996 11.925 11.817 11.799 11.714 11.849 11.843 11.923 11.703 11.676 11.812 12.089 12.361 12.5 12.568 12.547 12.492 12.431 12.497 12.539 12.355 12.311 12.067 11.877 11.852 12.011 12.093 12.099 12.241 12.424 12.58 12.602 12.62 12.638
-9999 -9999 -9999 -9999 -9999 -9999 -9999 -9999 -9999 -9999 -9999 -9999 -9999 -9999 -9999 12.242 -9999 -9999 -9999 -9999 -9999 11.445 10.772 11.208 10.89 10.533 10.464 9.129 9.455 10.41 9.634 10.529 10.864 11.204 11.928 12.327 12.356 12.059 12.035 11.965 11.934 12.092 12.063 12.099 12.058 11.887 11.903 12.006 12.117 12.043 12.001 11.898 11.821 12.091 12.209 12.069 12.189 12.266 12.21 12.295 12.266 12.136 11.878 11.735 11.926 11.82 11.752 11.839 12.0 12.09 12.229 12.418 12.59 12.64 12.683 12.735
-9999 -9999 -9999 -9999 -9999 -9999 -9999 -9999 -9999 -9999 -9999 -9999 -9999 -9999 -9999 -9999 -9999 -9999 -9999 -9999 -9999 11.746 11.335 12.456 11.671 10.852 9.533 9.716 9.892 9.966 10.741 10.811 10.997 11.948 12.221 12.449 12.281 12.151 12.055 12.122 12.168 12.211 12.252 12.249 12.178 12.07 11.99 12.068 12.066 11.891 12.105 12.245 12.178 12.112 12.265 12.019 11.838 12.025 11.94 12.123 12.341 12.098 11.905 11.74 11.792 11.986 11.899 11.849 12.023 12.173 12.276 12.428 12.604 12.657 12.71 12.771
-9999 -9999 -9999 -9999 -9999 -9999 -9999 -9999 -9999 -9999 -9999 -9999 -9999 -9999 -9999 -9999 -9999 -9999 -9999 -9999 -9999 -9999 12.022 10.874 10.401 10.321 10.583 10.455 10.246 10.994 11.041 11.507 12.072 11.91 12.356 12.285 11.924 11.935 12.074 12.275 12.394 12.348 12.233 12.197 12.031 11.968 11.975 12.078 11.935 11.732 11.899 12.237 12.325 12.276 12.202 12.167 11.993 11.878 11.672 11.741 12.307 12.336 11.985 11.752 11.58 11.675 11.95 11.95 12.079 12.267 12.46 12.536 12.655 12.695 12.734 12.789
-9999 -9999 -9999 -9999 -9999 -9999 -9999 -9999 -9999 -9999 -9999 -9999 -9999 -9999 -9999 -9999 -9999 -9999 -9999 -9999 -9999 11.68 11.338 10.982 10.053 11.014 11.139 10.521 10.907 10.992 11.023 12.104 12.068 11.982 12.137 11.041 11.616 11.918 12.003 12.047 12.302 12.116 11.74 11.782 11.98 12.14 12.073 12.17 12.079 12.036 12.06 12.271 12.336 12.329 12.263 12.142 12.102 11.945 11.919 11.984 12.299 12.337 12.016 11.688 11.453 11.483 11.831 12.105 12.218 12.408 12.565 12.671 12.73 12.768 12.786 12.835
-9999 -9999 -9999 -9999 -9999 -9999 -9999 -9999 -9999 -9999 -9999 -9999 -9999 -9999 -9999 -9999 -9999 -9999 -9999 -9999 -9999 11.935 11.605 10.056 11.662 12.191 11.392 11.166 10.838 10.299 11.092 12.043 12.043 12.279 11.754 11.726 11.676 11.526 11.568 12.055 12.058 11.861 11.889 11.955 12.252 12.21 12.186 12.282 12.248 12.397 12.426 12.411 12.387 12.332 12.314 12.267 12.194 12.12 11.986 12.161 12.34 12.205 11.81 11.464 11.468 11.517 11.658 12.013 12.327 12.428 12.602 12.655 12.708 12.818 12.884 12.928
-9999 -9999 -9999 -9999 -9999 -9999 -9999 -9999 -9999 -9999 -9999 -9999 -9999 -9999 -9999 -9999 -9999 -9999 -9999 -9999 -9999 11.74 11.24 12.241 12.122 11.788 11.391 10.843 9.954 10.328 10.674 11.493 11.867 12.272 12.13 11.709 11.05 10.709 10.968 11.682 11.507 11.776 11.821 12.099 12.34 12.247 12.336 12.388 12.421 12.591 12.495 12.364 12.379 12.342 12.138 12.261 12.313 12.239 12.171 12.25 12.318 12.122 11.821 11.62 11.573 11.76 11.947 12.128 12.253 12.447 12.59 12.781 12.749 12.864 12.95 12.997
-9999 -9999 -9999 -9999 -9999 -9999 -9999 -9999 -9999 -9999 -9999 -9999 -9999 -9999 -9999 -9999 -9999 -9999 -9999 -9999 -9999 -9999 12.234 11.349 10.762 10.069 9.987 10.049 10.404 10.802 11.526 11.696 11.963 11.961 11.95 11.715 11.299 10.956 10.975 11.275 11.604 11.645 11.584 11.971 12.248 12.176 12.47 12.463 12.375 12.743 12.745 12.509 12.428 12.397 12.118 12.028 12.337 12.288 12.234 12.281 12.253 12.028 11.887 11.89 11.985 12.012 12.161 12.2 12.21 12.438 12.645 12.731 12.791 12.916 13.001 13.032
-9999 -9999 -9999 -9999 -9999 -9999 -9999 -9999 -9999 -9999 -9999 -9999 -9999 -9999 -9999 -9999 -9999 -9999 -9999 -9999 -9999 -9999 11.541 10.646 9.955 9.346 9.216 9.735 10.673 11.454 11.572 11.183 10.733 10.577 10.778 11.362 11.69 11.242 11.237 11.457 11.618 11.115 11.405 11.775 11.98 12.104 12.45 12.415 12.528 12.485 12.635 12.662 12.509 12.423 12.26 12.19 12.379 12.405 12.201 12.105 12.055 11.906 11.876 12.011 11.905 11.943 11.992 12.18 12.169 12.398 12.606 12.598 12.714 12.893 12.976 13.0
-9999 -9999 -9999 -9999 -9999 -9999 -9999 -9999 -9999 -9999 -9999 -9999 -9999 -9999 -9999 -9999 -9999 -9999 -9999 -9999 -9999 11.975 11.563 10.702 9.967 9.511 9.801 10.269 10.744 10.436 9.708 10.088 10.088 10.387 11.325 11.697 11.486 11.398 11.65 11.779 11.283 11.113 11.224 11.61 11.913 12.102 12.496 12.435 12.29 12.491 12.319 12.432 12.361 12.336 12.344 12.422 12.592 12.495 12.34 12.267 12.095 12.013 11.819 11.9 11.91 11.943 12.08 12.154 12.369 12.532 12.575 12.53 12.65 12.868 12.942 12.997
-9999 -9999 -9999 -9999 -9999 -9999 -9999 -9999 -9999 -9999 -9999 -9999 -9999 -9999 -9999 -9999 -9999 -9999 -9999 -9999 -9999 11.806 11.242 10.919 10.573 10.025 9.399 9.718 9.965 9.879 10.006 9.805 9.807 10.436 11.271 10.904 10.966 11.668 11.501 11.963 11.516 11.08 11.04 11.792 11.901 12.466 12.567 12.392 12.283 11.851 12.114 12.155 12.207 12.209 12.379 12.5 12.574 12.566 12.457 12.469 12.444 12.09 11.89 11.8 11.841 11.952 12.285 12.448 12.612 12.703 12.629 12.552 12.648 12.744 12.942 13.017
-9999 -9999 -9999 -9999 -9999 -9999 -9999 -9999 -9999 -9999 -9999 -9999 -9999 -9999 -9999 -9999 -9999 -9999 -9999 -9999 -9999 11.361 11.468 11.623 10.905 9.782 9.22 9.645 9.945 10.297 9.997 10.2 10.479 10.749 10.659 10.856 11.639 11.697 11.809 11.464 11.817 11.563 11.801 11.798 11.975 12.477 12.675 12.514 12.093 12.187 12.101 12.06 12.118 12.138 12.341 12.447 12.355 12.368 12.385 12.49 12.461 12.137 11.86 11.974 12.135 12.068 12.323 12.534 12.79 12.822 12.681 12.707 12.816 12.906 13.041 13.178
-9999 -9999 -9999 -9999 -9999 -9999 -9999 -9999 -9999 -9999 -9999 -9999 -9999 -9999 -9999 -9999 -9999 -9999 -9999 -9999 11.484 11.288 10.946 11.119 10.839 9.792 9.706 9.383 10.035 10.892 11.018 11.191 10.752 10.618 11.102 11.196 11.253 11.694 11.652 12.089 12.221 12.214 12.124 11.983 12.326 12.639 12.73 12.671 12.558 12.443 12.404 12.261 12.243 12.187 12.269 12.41 12.363 12.375 12.506 12.476 12.344 12.146 12.019 12.202 12.355 12.358 12.381 12.683 12.737 12.803 12.683 12.629 12.792 12.961 13.023 13.071
-9999 -9999 -9999 -9999 -9999 -9999 -9999 -9999 -9999 -9999 -9999 -9999 -9999 -9999 -9999 -9999 -9999 -9999 -9999 11.268 11.245 10.855 11.298 11.309 10.126 9.507 9.449 9.868 10.542 11.234 11.192 11.322 10.867 10.265 11.062 11.038 11.775 11.915 12.157 12.258 12.194 12.046 12.087 12.007 12.473 12.685 13.033 12.97 12.771 12.732 12.656 12.558 12.356 12.291 12.409 12.482 12.404 12.357 12.384 12.368 12.224 12.118 12.079 12.246 12.502 12.615 12.69 12.582 12.563 12.57 12.585 12.612 12.774 12.838 12.82 12.792
-9999 -9999 -9999 -9999 -9999 -9999 -9999 -9999 -9999 -9999 -9999 -9999 -9999 -9999 -9999 -9999 -9999 10.883 11.016 11.006 11.735 11.761 11.584 10.846 9.845 9.488 9.456 9.481 10.523 11.046 11.623 11.329 10.64 10.572 11.173 11.809 12.019 12.276 12.283 12.344 11.999 11.901 11.922 12.305 12.798 13.076 13.163 12.983 12.759 12.772 12.847 12.684 12.442 12.449 12.503 12.592 12.341 12.231 12.111 11.981 11.983 11.999 12.18 12.312 12.48 12.462 12.574 12.547 12.561 12.54 12.551 12.634 12.809 12.922 12.725 12.642
-9999 -9999 -9999 -9999 -9999 -9999 -9999 -9999 -9999 -9999 -9999 -9999 -9999 -9999 -9999 -9999 10.849 10.748 10.579 11.11 11.611 11.587 11.277 10.177 10.175 9.685 9.627 10.192 11.082 11.741 11.73 11.571 10.931 10.307 10.984 11.686 12.234 12.198 12.219 11.941 12.104 11.899 12.008 12.537 12.944 13.252 13.151 12.765 12.827 12.668 12.718 12.739 12.652 12.571 12.503 12.362 12.381 12.175 12.146 12.046 11.829 11.812 11.907 12.122 12.272 12.32 12.417 12.558 12.49 12.696 12.747 12.773 12.872 12.854 12.746 12.635
-9999 -9999 -9999 -9999 -9999 -9999 -9999 -9999 -9999 -9999 -9999 -9999 -9999 11.998 11.741 11.424 11.21 10.8 10.907 11.207 11.692 11.721 10.583 10.524 10.472 10.725 9.925 10.846 11.142 10.805 11.444 11.667 10.173 10.845 11.518 12.462 12.46 12.22 11.688 12.4 12.215 12.169 12.285 12.472 12.946 13.169 13.176 13.002 12.969 12.777 12.633 12.723 12.692 12.716 12.494 12.323 11.981 12.135 12.216 12.202 12.008 11.95 12.031 12.191 12.37 12.352 12.423 12.466 12.614 12.702 12.81 12.76 12.848 12.9 12.824 12.861
-9999 -9999 -9999 -9999 -9999 -9999 -9999 -9999 -9999 -9999 -9999 11.351 11.566 11.876 11.907 11.818 11.428 11.527 11.379 11.693 11.488 10.568 11.034 11.029 11.079 11.223 10.707 10.574 9.783 10.428 10.918 10.835 11.209 11.676 12.26 11.61 11.878 12.159 12.409 12.597 12.58 12.442 12.529 12.78 12.807 13.102 13.291 13.179 13.084 12.946 12.829 12.784 12.502 12.62 12.643 12.336 12.106 11.93 12.189 12.2 12.046 11.959 11.995 12.131 12.421 12.569 12.6 12.542 12.511 12.722 12.688 12.626 12.773 12.927 12.924 12.923
-9999 -9999 -9999 -9999 -9999 -9999 -9999 11.409 11.57 11.498 11.426 10.926 11.727 11.696 11.879 11.717 11.446 11.501 11.539 11.443 10.646 11.041 11.46 11.042 11.647 11.392 10.935 9.979 10.208 10.663 10.963 10.919 11.638 12.123 10.916 11.005 11.788 11.883 12.445 12.64 12.751 12.592 12.396 12.705 12.63 13.24 13.29 13.212 12.953 12.76 12.772 12.218 12.412 12.526 12.616 12.345 11.976 11.966 12.109 12.165 12.182 12.113 12.123 12.21 12.446 12.559 12.625 12.651 12.517 12.543 12.647 12.648 12.875 13.064 12.951 12.641
-9999 -9999 -9999 -9999 -9999 -9999 11.667 11.488 11.572 11.488 10.65 10.375 10.598 10.989 11.493 11.053 10.937 11.134 11.169 10.777 11.218 11.391 11.131 11.735 12.027 11.628 10.957 10.444 10.738 10.997 11.045 11.409 11.812 10.704 9.479 10.76 11.538 12.165 12.224 12.521 12.405 12.487 12.685 12.767 13.05 13.172 13.164 13.186 12.918 12.592 12.159 11.872 11.755 12.328 12.489 12.022 11.839 11.909 12.083 12.22 12.198 12.214 12.231 12.379 12.395 12.456 12.557 12.442 12.362 12.532 12.646 12.721 12.91 13.034 12.831 12.553
-9999 -9999 -9999 -9999 -9999 11.781 11.485 11.509 11.661 11.27 10.752 10.879 11.139 11.516 11.224 11.221 11.201 11.726 11.255 11.115 11.5 11.591 11.83 12.42 11.986 11.14 10.702 10.978 11.229 11.213 11.785 11.969 11.574 9.953 10.014 10.762 12.061 11.913 12.095 12.102 12.599 12.786 12.712 12.872 12.998 13.114 13.164 13.323 13.138 12.73 12.105 11.662 11.854 12.199 12.284 11.992 11.647 11.857 12.084 12.199 12.314 12.309 12.357 12.39 12.437 12.343 12.424 12.532 12.441 12.572 12.621 12.521 12.762 12.926 12.754 12.524
