Validation/Results/raw data/ReClimate_04_2024_2_Temperature-Actualsweatherlogisticsltd.asc
NCOLS 192
NROWS 249
XLLCENTER -225160.85627316462
YLLCENTER 29788.11610251502
CELLSIZE 5000.0
NODATA_VALUE -9999
[rows 204 to 237 of 249, columns 75 to 149 of 192]
-9999 -9999 -9999 -9999 12.816 -9999 12.926 12.994 13.02 12.747 12.653 12.544 12.723 12.848 12.788 12.801 12.546 13.115 13.042 13.205 13.373 13.52 13.384 13.465 13.021 12.55 11.282 10.65 12.241 12.076 12.175 11.659 12.279 13.304 12.598 11.231 12.87 13.191 13.066 13.086 13.804 14.422 14.321 14.006 14.126 14.538 14.72 14.814 14.821 14.776 13.972 13.43 13.35 13.704 13.934 14.1 13.988 13.643 13.743 13.944 14.15 14.248 14.271 14.218 14.068 14.112 14.243 14.254 14.358 14.407 14.343 14.425 14.405 14.455 14.629
-9999 -9999 -9999 -9999 -9999 -9999 -9999 -9999 12.84 13.178 13.062 12.965 13.097 13.124 13.117 13.019 13.393 13.336 13.422 13.52 13.422 13.443 13.108 13.122 12.553 11.797 10.897 11.179 11.099 11.48 10.763 10.993 12.744 12.704 12.493 13.493 12.805 13.072 13.566 13.813 14.221 14.017 13.785 13.422 13.951 14.568 14.76 14.894 15.01 14.354 13.523 13.353 13.382 13.808 13.876 14.05 13.934 14.018 14.08 14.305 14.479 14.535 14.433 14.297 14.235 14.281 14.428 14.503 14.426 14.297 14.15 14.214 14.429 14.424 14.591
-9999 -9999 -9999 -9999 -9999 -9999 -9999 -9999 13.097 13.223 13.235 13.292 12.921 12.722 12.609 13.011 13.305 13.404 13.625 13.314 13.112 13.3 13.44 13.544 13.02 12.839 12.646 12.341 12.014 11.798 11.21 11.671 11.475 12.196 12.842 12.446 12.162 13.712 13.923 14.075 13.712 13.747 13.226 13.543 13.997 14.602 14.726 14.602 13.797 13.356 13.422 13.615 13.531 13.707 13.874 13.986 14.166 14.063 14.375 14.61 14.803 14.812 14.554 14.32 14.214 14.334 14.551 14.577 14.434 14.045 14.1 14.167 14.217 14.436 14.58
-9999 -9999 -9999 -9999 -9999 -9999 13.074 13.1 13.135 13.3 -9999 13.36 13.207 12.996 13.177 13.224 13.392 -9999 13.527 13.336 13.51 13.163 13.791 12.989 13.119 12.975 12.725 12.634 12.96 12.556 12.232 12.159 12.196 12.476 12.813 11.78 12.826 13.898 13.824 14.103 13.944 13.412 13.524 13.834 14.298 14.53 14.443 13.784 13.73 13.416 13.519 13.499 13.745 13.867 13.946 14.133 14.339 14.399 14.516 14.558 14.858 14.829 14.663 14.453 14.407 14.42 14.502 14.416 14.142 14.038 13.996 14.265 14.323 14.434 14.6
-9999 -9999 -9999 -9999 -9999 -9999 13.107 -9999 -9999 -9999 13.521 13.439 13.28 -9999 -9999 -9999 -9999 -9999 13.489 13.534 13.333 14.193 13.917 13.734 13.611 13.339 13.424 13.339 11.633 11.773 12.912 13.01 12.984 12.858 12.343 12.436 13.669 13.772 14.141 14.129 13.446 13.599 13.752 14.314 14.418 14.47 14.098 13.779 13.832 13.545 13.689 13.84 13.895 14.037 14.216 14.321 14.464 14.503 14.571 14.582 14.681 14.819 14.507 14.448 14.39 14.391 14.236 14.196 14.113 13.979 14.114 14.426 14.53 14.639 14.653
-9999 -9999 -9999 -9999 -9999 -9999 -9999 -9999 13.133 13.202 13.172 13.368 13.127 -9999 -9999 -9999 -9999 -9999 -9999 -9999 -9999 14.569 14.432 14.339 14.374 13.919 13.489 11.741 11.216 11.531 12.142 12.756 12.981 13.041 13.144 13.138 13.497 14.195 14.27 13.353 13.506 13.606 14.496 14.504 14.425 14.363 13.755 13.783 13.674 13.699 13.86 14.036 14.116 14.2 14.261 14.355 14.323 14.409 14.546 14.728 14.737 14.713 14.479 14.33 14.107 14.026 14.255 14.089 14.08 14.179 14.331 14.558 14.875 14.925 14.863
-9999 -9999 -9999 -9999 -9999 -9999 -9999 -9999 -9999 13.083 -9999 -9999 -9999 -9999 -9999 -9999 -9999 -9999 -9999 13.473 13.973 14.139 14.083 14.469 14.5 14.185 13.388 12.469 11.578 11.689 12.484 13.527 13.395 13.03 13.294 13.628 14.399 14.732 14.411 13.978 13.966 14.359 -9999 14.494 14.389 14.112 13.421 13.423 13.681 13.838 14.036 14.108 14.219 14.203 14.229 14.212 14.327 14.368 14.512 14.639 14.678 14.466 14.308 14.1 13.795 13.821 13.989 14.422 14.353 14.376 14.602 14.715 14.881 15.019 15.018
-9999 -9999 -9999 -9999 -9999 -9999 -9999 -9999 -9999 -9999 -9999 -9999 -9999 -9999 -9999 -9999 -9999 -9999 -9999 13.381 13.699 13.99 13.952 -9999 -9999 -9999 14.076 13.002 13.187 13.066 13.638 13.68 13.195 13.461 14.244 14.522 14.619 14.812 14.595 14.566 14.532 -9999 14.534 14.275 14.336 13.78 13.356 13.684 13.843 14.028 14.064 14.05 14.175 14.236 14.229 14.227 14.07 14.066 14.185 14.218 14.348 14.375 14.097 13.729 13.8 13.883 14.193 14.556 14.717 14.603 14.811 15.09 15.206 15.32 15.365
-9999 -9999 -9999 -9999 -9999 -9999 -9999 -9999 -9999 -9999 -9999 -9999 -9999 -9999 -9999 -9999 -9999 -9999 -9999 -9999 -9999 -9999 -9999 -9999 -9999 -9999 14.622 14.127 13.558 13.76 14.108 14.152 14.071 14.434 14.683 14.678 14.611 14.568 14.579 -9999 -9999 14.748 14.551 14.479 14.339 13.782 13.574 13.782 13.909 14.116 14.276 14.088 14.137 14.196 13.955 13.79 13.727 13.576 13.458 13.694 13.806 13.992 14.072 13.919 13.914 14.224 14.245 14.538 14.89 14.889 14.99 15.176 15.44 15.587 15.649
-9999 -9999 -9999 -9999 -9999 -9999 -9999 -9999 -9999 -9999 -9999 -9999 -9999 -9999 -9999 -9999 -9999 -9999 -9999 -9999 -9999 -9999 -9999 -9999 -9999 -9999 14.288 14.105 13.947 14.019 14.088 14.268 14.567 14.717 14.715 14.698 -9999 -9999 -9999 -9999 -9999 14.808 14.611 14.631 14.38 13.843 13.621 13.763 13.813 14.127 14.338 14.131 13.811 13.856 13.571 13.454 13.485 13.54 13.465 13.429 13.683 13.747 14.175 14.435 14.373 14.656 14.66 14.725 14.947 15.075 15.317 15.592 15.592 15.565 15.73
-9999 -9999 -9999 -9999 -9999 -9999 -9999 -9999 -9999 -9999 -9999 -9999 -9999 -9999 -9999 -9999 -9999 -9999 -9999 -9999 -9999 -9999 -9999 -9999 -9999 -9999 -9999 -9999 13.978 13.735 14.004 14.293 14.314 14.48 14.618 -9999 -9999 -9999 -9999 14.276 14.192 14.187 14.694 14.701 14.398 13.7 13.614 13.61 13.712 14.018 14.172 13.84 13.43 13.283 13.408 13.361 13.541 13.575 13.797 13.803 13.811 14.046 14.21 14.617 14.904 14.869 14.832 14.794 14.828 14.852 15.176 15.575 15.704 15.665 15.639
-9999 -9999 -9999 -9999 -9999 -9999 -9999 -9999 -9999 -9999 -9999 -9999 -9999 -9999 -9999 -9999 -9999 -9999 -9999 -9999 -9999 -9999 -9999 -9999 -9999 -9999 -9999 -9999 -9999 14.015 14.096 14.097 14.083 14.362 -9999 -9999 -9999 -9999 14.456 14.388 14.08 14.087 14.293 14.493 14.385 14.05 14.092 13.735 13.776 13.9 13.711 13.607 13.474 13.181 13.334 13.526 13.729 13.867 13.975 14.104 14.075 14.076 14.28 14.555 14.643 14.716 14.558 14.624 14.729 14.744 14.892 15.292 15.535 15.612 15.683
-9999 -9999 -9999 -9999 -9999 -9999 -9999 -9999 -9999 -9999 -9999 -9999 -9999 -9999 -9999 -9999 -9999 -9999 -9999 -9999 -9999 -9999 -9999 -9999 -9999 -9999 -9999 -9999 -9999 -9999 -9999 -9999 -9999 -9999 -9999 -9999 -9999 14.55 14.721 14.641 14.203 13.982 14.335 14.35 14.102 14.222 14.117 14.176 14.356 14.043 13.756 13.647 13.639 13.596 13.437 13.553 13.69 13.554 13.766 13.883 13.987 14.032 14.084 14.348 14.488 14.39 14.358 14.332 14.59 14.765 14.858 15.014 15.225 15.267 15.352
-9999 -9999 -9999 -9999 -9999 -9999 -9999 -9999 -9999 -9999 -9999 -9999 -9999 -9999 -9999 -9999 -9999 -9999 -9999 -9999 -9999 -9999 -9999 -9999 -9999 -9999 -9999 -9999 -9999 -9999 -9999 -9999 -9999 -9999 -9999 -9999 14.854 14.793 14.491 14.033 13.007 13.675 14.23 14.094 14.047 14.069 14.217 14.653 14.546 14.212 13.875 13.764 13.975 13.774 13.535 13.265 13.418 13.535 13.214 13.517 13.747 13.979 14.157 14.318 14.443 14.437 14.45 14.567 14.536 14.651 14.814 14.892 14.909 14.862 14.621
-9999 -9999 -9999 -9999 -9999 -9999 -9999 -9999 -9999 -9999 -9999 -9999 -9999 -9999 -9999 -9999 -9999 -9999 -9999 -9999 -9999 -9999 -9999 -9999 -9999 -9999 -9999 -9999 -9999 -9999 -9999 -9999 -9999 -9999 -9999 -9999 14.776 14.602 14.487 13.756 13.346 13.205 13.547 13.842 13.978 13.892 14.382 14.507 14.305 13.684 13.355 13.414 13.767 13.906 13.71 13.609 13.413 13.507 13.594 13.543 13.742 13.901 14.123 14.365 14.499 14.534 14.513 14.596 14.627 14.573 14.664 14.647 14.326 14.282 14.215
-9999 -9999 -9999 -9999 -9999 -9999 -9999 -9999 -9999 -9999 -9999 -9999 -9999 -9999 -9999 -9999 -9999 -9999 -9999 -9999 -9999 -9999 -9999 11.744 11.564 11.356 11.681 -9999 12.577 -9999 -9999 -9999 -9999 -9999 -9999 -9999 -9999 14.577 14.462 14.196 13.901 13.692 13.488 13.548 13.662 13.996 14.119 14.099 13.618 13.296 13.494 13.561 13.755 13.798 13.762 13.879 13.974 13.98 13.87 13.934 13.851 13.78 13.717 13.993 14.309 14.362 14.335 14.433 14.411 14.395 14.537 14.451 14.121 14.027 14.316
-9999 -9999 -9999 -9999 -9999 -9999 -9999 -9999 -9999 -9999 -9999 -9999 -9999 -9999 -9999 -9999 -9999 -9999 -9999 -9999 12.849 12.612 12.164 11.546 10.99 10.933 11.229 11.523 12.376 13.521 14.136 -9999 -9999 13.513 14.06 14.344 14.567 14.593 14.525 14.544 14.382 14.163 13.865 13.549 13.661 13.873 13.837 13.35 13.52 13.696 13.554 13.779 13.96 14.034 13.933 13.952 14.073 14.094 14.197 14.133 13.992 13.827 13.829 13.735 13.856 14.145 14.275 14.415 14.586 14.367 14.46 13.98 13.861 13.999 14.305
-9999 -9999 -9999 -9999 -9999 -9999 -9999 -9999 -9999 -9999 -9999 -9999 -9999 -9999 -9999 -9999 -9999 -9999 -9999 12.792 12.8 13.172 12.841 12.038 11.214 10.989 11.234 11.678 12.266 12.881 13.439 13.545 13.439 13.544 13.69 14.354 14.547 14.628 14.473 14.3 14.459 14.251 13.71 13.626 13.715 13.642 13.107 13.504 13.392 13.491 13.67 13.871 14.097 14.098 13.891 13.984 14.028 14.094 14.059 14.152 14.053 13.903 13.706 13.577 13.86 14.165 14.403 14.169 14.305 14.507 14.403 14.435 14.011 14.162 14.304
-9999 -9999 -9999 -9999 -9999 -9999 -9999 -9999 -9999 -9999 -9999 -9999 -9999 -9999 -9999 -9999 -9999 -9999 -9999 12.738 13.497 13.992 13.519 12.51 12.092 11.784 11.547 11.983 12.438 13.099 12.896 12.723 13.222 13.628 13.926 13.901 14.421 14.616 14.428 14.425 14.186 13.965 13.964 13.865 13.772 13.47 13.496 13.479 13.314 13.56 13.661 13.854 14.001 13.996 13.816 13.76 14.121 14.169 14.129 14.259 14.295 14.173 13.975 13.642 13.617 14.236 14.584 14.521 14.199 14.337 14.492 14.52 14.531 14.461 14.195
-9999 -9999 -9999 -9999 -9999 -9999 -9999 -9999 -9999 -9999 -9999 -9999 -9999 -9999 -9999 -9999 -9999 -9999 -9999 13.089 14.018 13.848 13.626 13.104 13.121 12.74 12.775 12.747 12.951 13.142 12.707 12.891 13.663 14.053 14.258 14.53 14.684 14.634 14.492 14.213 13.98 14.069 13.997 13.861 13.738 13.795 13.714 13.64 13.585 13.61 13.484 13.624 13.925 14.165 14.108 14.1 14.192 14.133 14.189 14.438 14.247 14.097 14.107 13.705 13.329 13.931 14.603 14.669 14.51 14.427 14.438 14.489 14.457 14.379 14.255
-9999 -9999 -9999 -9999 -9999 -9999 -9999 -9999 -9999 -9999 -9999 -9999 -9999 -9999 -9999 13.045 12.76 -9999 12.813 13.585 13.488 13.363 13.437 13.615 13.477 13.366 13.009 12.812 12.985 13.257 13.274 13.522 13.907 14.341 14.584 14.595 14.453 14.363 14.413 14.245 14.172 14.097 13.965 13.661 13.917 13.892 13.727 13.454 13.323 13.406 13.295 13.455 13.791 14.151 14.214 14.237 14.266 14.414 14.302 14.344 14.325 13.941 14.078 13.928 13.807 13.882 14.453 14.666 14.522 14.385 14.354 14.395 14.508 14.578 14.531
-9999 -9999 -9999 -9999 -9999 -9999 -9999 -9999 -9999 -9999 -9999 -9999 -9999 -9999 -9999 12.972 12.754 12.827 13.009 13.26 13.239 13.421 13.093 13.089 13.257 12.843 12.866 12.911 13.071 13.396 13.34 13.478 13.779 13.535 13.448 13.792 13.998 14.206 14.303 14.169 14.024 13.88 13.786 13.701 13.921 13.75 13.79 13.645 13.395 13.314 13.502 13.6 13.899 14.046 14.133 14.206 14.518 14.599 14.652 14.65 14.515 14.238 14.106 13.921 13.645 13.738 13.662 14.138 14.441 14.44 14.486 14.464 14.517 14.672 14.727
-9999 -9999 -9999 -9999 -9999 -9999 -9999 -9999 -9999 -9999 -9999 -9999 -9999 -9999 13.03 12.794 12.933 12.922 12.958 13.145 13.273 13.2 13.051 13.232 13.269 13.002 13.009 13.022 13.347 13.575 13.847 13.932 13.507 12.879 13.107 13.273 13.424 13.936 14.029 14.078 14.063 13.9 13.822 13.779 13.817 13.862 13.953 13.807 13.474 13.734 13.801 13.917 13.995 14.087 14.085 14.076 14.494 14.943 15.1 14.877 14.827 14.592 14.468 14.282 14.001 13.923 13.813 13.78 14.026 13.799 14.286 14.092 14.119 14.597 14.801
-9999 -9999 -9999 -9999 -9999 -9999 -9999 -9999 -9999 -9999 -9999 -9999 -9999 -9999 -9999 13.099 13.036 13.041 13.194 13.292 13.403 13.4 13.383 13.379 13.343 13.23 13.199 13.537 13.753 13.984 13.895 13.957 13.296 12.984 13.086 12.928 13.314 13.685 13.701 13.849 13.921 13.824 13.66 13.736 13.753 13.751 13.719 13.574 13.952 13.875 13.983 14.062 14.106 14.094 14.069 14.189 14.402 14.816 15.031 -9999 14.72 14.708 14.514 14.539 14.516 14.495 14.446 14.342 14.385 14.205 14.131 14.273 14.041 14.206 14.433
-9999 -9999 -9999 -9999 -9999 -9999 -9999 -9999 -9999 -9999 -9999 -9999 -9999 -9999 13.059 13.306 13.113 13.086 13.126 13.132 13.346 13.48 13.425 13.333 13.17 13.294 13.604 13.831 13.897 13.926 13.983 13.757 13.571 13.592 13.442 13.175 13.699 13.828 13.289 13.525 13.52 12.973 13.179 13.155 13.157 13.346 13.42 13.67 13.94 14.161 14.179 14.239 14.173 14.134 14.079 14.146 14.3 14.437 14.668 14.795 -9999 14.742 -9999 14.827 -9999 14.68 -9999 14.606 14.589 14.486 14.309 14.279 14.343 14.543 -9999
-9999 -9999 -9999 -9999 -9999 -9999 -9999 -9999 -9999 -9999 -9999 -9999 -9999 -9999 13.25 13.13 12.941 13.016 12.977 12.953 12.926 13.194 13.04 12.977 13.079 13.406 13.741 13.909 14.052 14.088 14.014 13.918 13.73 13.62 13.326 13.587 13.951 13.213 13.273 13.796 13.408 13.191 13.146 13.029 13.287 13.613 13.655 13.891 14.071 14.086 14.31 14.305 14.162 14.073 13.989 13.947 14.12 14.253 14.471 14.646 -9999 -9999 14.954 14.955 -9999 -9999 14.492 14.476 14.466 -9999 -9999 -9999 -9999 -9999 -9999
-9999 -9999 -9999 -9999 -9999 -9999 -9999 -9999 -9999 -9999 -9999 -9999 -9999 12.832 13.022 13.032 13.007 13.237 13.222 12.994 13.049 12.868 12.353 12.325 12.778 13.134 13.393 13.626 13.979 14.068 13.897 13.847 13.594 13.115 13.064 13.408 13.28 13.207 13.9 13.817 13.461 13.148 13.013 13.527 13.9 13.821 13.924 13.976 14.122 14.377 14.512 14.188 14.235 14.084 14.032 13.888 13.952 -9999 -9999 -9999 14.674 -9999 -9999 -9999 -9999 -9999 -9999 14.237 -9999 -9999 -9999 -9999 -9999 -9999 -9999
-9999 -9999 -9999 -9999 -9999 -9999 -9999 -9999 -9999 -9999 -9999 -9999 12.946 12.493 12.621 12.942 13.493 13.646 13.538 13.395 13.147 12.262 11.324 11.616 12.705 12.922 12.902 13.67 13.649 13.992 13.954 13.596 13.64 13.658 13.701 -9999 -9999 -9999 -9999 -9999 13.756 13.363 13.254 13.575 13.841 13.921 13.85 13.986 14.15 14.419 -9999 14.048 -9999 -9999 -9999 -9999 -9999 13.817 13.987 14.177 14.223 14.284 14.526 -9999 -9999 -9999 -9999 -9999 -9999 -9999 -9999 -9999 -9999 -9999 -9999
-9999 -9999 -9999 -9999 -9999 -9999 -9999 -9999 -9999 -9999 -9999 13.58 12.647 12.217 12.422 12.939 13.33 13.636 13.787 13.335 12.762 11.64 11.027 11.443 12.097 12.51 13.34 13.259 13.875 13.893 13.741 13.88 -9999 -9999 -9999 -9999 -9999 -9999 -9999 -9999 -9999 -9999 13.775 13.905 14.083 13.719 13.411 13.381 13.788 13.598 13.84 -9999 -9999 -9999 -9999 -9999 -9999 -9999 13.871 13.795 14.064 14.011 -9999 -9999 -9999 -9999 -9999 -9999 -9999 -9999 -9999 -9999 -9999 -9999 -9999
-9999 -9999 -9999 -9999 -9999 -9999 -9999 -9999 -9999 13.83 13.87 13.401 12.765 12.324 12.131 12.31 13.019 13.726 13.541 13.144 12.592 11.87 11.307 11.795 12.251 12.845 13.072 14.149 13.654 13.492 -9999 -9999 -9999 -9999 -9999 -9999 -9999 -9999 -9999 -9999 -9999 -9999 -9999 14.009 -9999 -9999 -9999 -9999 -9999 13.696 13.39 -9999 -9999 -9999 -9999 -9999 -9999 -9999 -9999 -9999 13.524 13.453 -9999 -9999 -9999 -9999 -9999 -9999 -9999 -9999 -9999 -9999 -9999 -9999 -9999
-9999 -9999 -9999 -9999 -9999 -9999 -9999 -9999 13.82 -9999 13.715 13.547 12.907 12.357 12.144 12.276 12.968 13.297 13.221 13.6 13.334 12.395 11.977 12.185 12.886 13.185 13.632 14.001 14.046 14.206 -9999 -9999 -9999 -9999 -9999 -9999 -9999 -9999 -9999 -9999 -9999 -9999 -9999 -9999 13.945 -9999 -9999 -9999 -9999 -9999 -9999 -9999 -9999 -9999 -9999 -9999 -9999 -9999 -9999 -9999 -9999 -9999 -9999 -9999 -9999 -9999 -9999 -9999 -9999 -9999 -9999 -9999 -9999 -9999 -9999
-9999 -9999 -9999 -9999 -9999 -9999 -9999 13.855 13.847 13.397 13.726 13.65 13.09 12.909 12.748 12.826 13.198 13.173 13.424 -9999 13.57 12.836 12.227 11.778 12.367 13.409 13.688 14.145 14.289 -9999 -9999 -9999 -9999 -9999 -9999 -9999 -9999 -9999 -9999 -9999 -9999 -9999 -9999 -9999 -9999 -9999 -9999 -9999 -9999 -9999 -9999 -9999 -9999 -9999 -9999 -9999 -9999 -9999 -9999 -9999 -9999 -9999 -9999 -9999 -9999 -9999 -9999 -9999 -9999 -9999 -9999 -9999 -9999 -9999 -9999
-9999 -9999 -9999 -9999 -9999 -9999 -9999 13.882 13.635 13.504 13.437 13.407 13.285 13.277 13.114 13.364 13.54 13.578 14.117 14.066 13.881 13.331 12.272 11.953 12.786 13.191 13.767 14.01 13.93 -9999 -9999 -9999 -9999 -9999 -9999 -9999 -9999 -9999 -9999 -9999 -9999 -9999 -9999 -9999 -9999 -9999 -9999 -9999 -9999 -9999 -9999 -9999 -9999 -9999 -9999 -9999 -9999 -9999 -9999 -9999 -9999 -9999 -9999 -9999 -9999 -9999 -9999 -9999 -9999 -9999 -9999 -9999 -9999 -9999 -9999
-9999 -9999 -9999 -9999 -9999 -9999 13.824 13.866 13.54 13.171 13.112 13.265 13.375 13.499 13.478 13.533 13.253 13.702 14.06 14.103 13.869 13.615 13.114 12.967 13.209 13.575 13.729 13.758 -9999 -9999 -9999 -9999 -9999 -9999 -9999 -9999 -9999 -9999 -9999 -9999 -9999 -9999 -9999 -9999 -9999 -9999 -9999 -9999 -9999 -9999 -9999 -9999 -9999 -9999 -9999 -9999 -9999 -9999 -9999 -9999 -9999 -9999 -9999 -9999 -9999 -9999 -9999 -9999 -9999 -9999 -9999 -9999 -9999 -9999 -9999
