Validation/Results/raw data/ReClimate_06_2024_2weatherlogisticsltd.asc
NCOLS 192
NROWS 249
XLLCENTER -225160.85627316462
YLLCENTER 29788.11610251502
CELLSIZE 5000.0
NODATA_VALUE -9999
[rows 165 to 197 of 249, columns 74 to 147 of 192]
-9999 -9999 -9999 -9999 -9999 -9999 -9999 -9999 -9999 -9999 -9999 -9999 -9999 -9999 -9999 -9999 -9999 -9999 -9999 -9999 -9999 -9999 -9999 -9999 -9999 -9999 -9999 -9999 -9999 -9999 -9999 -9999 -9999 -9999 -9999 -9999 -9999 -9999 117.587 117.464 117.385 117.318 117.257 117.196 117.133 117.068 117.024 117.004 117.001 117.0 116.998 116.997 116.996 116.993 116.988 116.981 116.971 116.96 116.947 116.933 116.917 116.907 116.9 116.897 116.894 116.889 116.876 116.86 116.844 116.826 116.807 116.787 116.765 116.742
-9999 -9999 -9999 -9999 -9999 -9999 -9999 -9999 -9999 -9999 -9999 -9999 -9999 -9999 -9999 -9999 -9999 -9999 -9999 -9999 -9999 -9999 -9999 -9999 -9999 -9999 -9999 -9999 -9999 -9999 -9999 -9999 -9999 -9999 -9999 -9999 -9999 -9999 117.54 117.417 117.342 117.272 117.209 117.147 117.085 117.026 116.979 116.955 116.955 116.955 116.956 116.957 116.956 116.955 116.951 116.946 116.938 116.929 116.918 116.906 116.899 116.894 116.892 116.891 116.889 116.886 116.88 116.866 116.85 116.832 116.813 116.793 116.776 116.76
-9999 -9999 -9999 -9999 -9999 -9999 -9999 -9999 -9999 -9999 -9999 -9999 -9999 -9999 -9999 -9999 -9999 -9999 -9999 -9999 -9999 -9999 -9999 -9999 -9999 -9999 -9999 -9999 -9999 -9999 -9999 -9999 -9999 -9999 -9999 -9999 -9999 117.796 117.616 117.478 117.346 117.233 117.165 117.098 117.036 116.98 116.93 116.904 116.908 116.911 116.913 116.916 116.917 116.917 116.916 116.912 116.906 116.898 116.892 116.889 116.886 116.886 116.886 116.885 116.883 116.882 116.88 116.871 116.855 116.838 116.822 116.808 116.847 116.926
-9999 -9999 -9999 -9999 -9999 -9999 -9999 -9999 -9999 -9999 -9999 -9999 -9999 -9999 -9999 -9999 -9999 -9999 -9999 -9999 -9999 -9999 -9999 -9999 -9999 -9999 -9999 -9999 -9999 -9999 -9999 -9999 -9999 -9999 -9999 -9999 -9999 117.907 117.731 117.569 117.414 117.284 117.16 117.056 116.993 116.934 116.88 116.856 116.86 116.867 116.871 116.876 116.879 116.881 116.881 116.879 116.875 116.875 116.875 116.877 116.879 116.88 116.88 116.88 116.879 116.877 116.876 116.873 116.864 116.915 117.014 117.119 117.224 117.361
-9999 -9999 -9999 -9999 -9999 -9999 -9999 -9999 -9999 -9999 -9999 -9999 -9999 -9999 -9999 -9999 -9999 -9999 -9999 -9999 -9999 -9999 -9999 -9999 -9999 -9999 -9999 -9999 -9999 -9999 -9999 -9999 -9999 -9999 -9999 -9999 -9999 -9999 117.837 117.673 117.515 117.362 117.213 117.082 116.968 116.894 116.839 116.809 116.808 116.82 116.83 116.837 116.842 116.846 116.847 116.851 116.856 116.859 116.865 116.869 116.872 116.874 116.875 116.875 116.875 116.875 116.885 116.978 117.111 117.234 117.394 117.561 117.729 117.9
-9999 -9999 -9999 -9999 -9999 -9999 -9999 -9999 -9999 -9999 -9999 -9999 -9999 -9999 -9999 -9999 -9999 -9999 124.369 123.841 -9999 -9999 -9999 -9999 -9999 -9999 -9999 -9999 -9999 -9999 -9999 -9999 -9999 -9999 -9999 -9999 -9999 118.113 117.936 117.769 117.609 117.453 117.296 117.14 117.005 116.889 116.802 116.767 116.764 116.778 116.791 116.801 116.807 116.816 116.825 116.834 116.843 116.85 116.857 116.862 116.866 116.871 116.874 116.877 116.88 116.97 117.113 117.266 117.471 117.666 117.852 118.039 118.232 118.431
-9999 -9999 -9999 -9999 -9999 -9999 -9999 -9999 -9999 -9999 -9999 -9999 -9999 -9999 -9999 -9999 -9999 -9999 124.431 123.951 123.513 -9999 -9999 -9999 -9999 -9999 -9999 -9999 -9999 -9999 -9999 -9999 -9999 -9999 -9999 -9999 118.392 118.208 118.028 117.859 117.696 117.537 117.377 117.219 117.066 116.926 116.808 116.729 116.723 116.74 116.758 116.776 116.795 116.807 116.819 116.831 116.841 116.85 116.858 116.865 116.871 116.876 116.881 116.94 117.069 117.223 117.432 117.647 117.87 118.095 118.305 118.513 118.73 118.959
-9999 -9999 -9999 -9999 -9999 -9999 -9999 -9999 -9999 -9999 -9999 -9999 -9999 -9999 -9999 -9999 -9999 124.981 124.558 124.107 123.69 123.3 -9999 -9999 -9999 -9999 -9999 -9999 -9999 -9999 -9999 -9999 -9999 119.166 -9999 -9999 118.491 118.297 118.116 117.944 117.779 -9999 117.453 117.293 117.139 116.989 116.846 116.743 116.695 116.719 116.743 116.767 116.79 116.808 116.823 116.835 116.846 116.856 116.865 116.873 116.881 116.887 116.99 117.149 117.343 117.565 117.79 118.022 118.262 118.514 118.754 118.985 119.228 119.488
-9999 -9999 -9999 -9999 -9999 -9999 -9999 -9999 -9999 -9999 -9999 -9999 -9999 -9999 -9999 -9999 -9999 125.079 124.682 124.258 123.858 123.478 123.112 122.759 -9999 -9999 -9999 121.361 120.994 -9999 120.256 119.889 119.547 119.258 119.018 -9999 -9999 118.393 118.208 -9999 -9999 117.7 117.535 117.374 117.22 117.072 116.928 116.801 116.734 116.712 116.736 116.76 116.783 116.805 116.825 116.841 116.854 116.865 116.875 116.884 116.915 117.04 117.21 117.438 117.67 117.905 118.146 118.393 118.65 118.921 119.197 119.457 119.728 120.024
-9999 -9999 -9999 -9999 -9999 -9999 -9999 -9999 -9999 -9999 -9999 -9999 -9999 -9999 -9999 -9999 -9999 -9999 124.821 124.409 124.021 123.651 123.294 -9999 -9999 122.283 121.94 121.607 121.23 120.836 120.462 120.089 119.743 119.429 119.137 118.896 -9999 118.488 118.301 118.126 117.97 117.817 117.659 117.501 117.346 117.191 117.037 116.894 116.793 116.75 116.732 116.755 116.778 116.8 116.821 116.842 116.859 116.874 116.886 116.935 117.075 117.267 117.508 117.751 117.997 118.247 118.503 118.767 119.041 119.329 119.637 119.934 120.238 120.575
-9999 -9999 -9999 -9999 -9999 -9999 -9999 -9999 -9999 -9999 -9999 -9999 -9999 -9999 -9999 -9999 -9999 -9999 124.974 124.566 124.184 123.821 123.471 123.131 122.799 122.473 122.152 121.819 121.458 121.067 120.681 120.314 119.962 119.619 119.307 119.042 118.843 118.676 118.515 118.363 118.216 118.064 117.905 117.745 117.587 117.428 117.268 117.119 117.001 116.904 116.832 116.786 116.776 116.797 116.819 116.839 116.859 116.878 116.937 117.091 117.303 117.557 117.811 118.068 118.328 118.594 118.867 119.149 119.442 119.749 120.075 120.417 120.768 121.153
-9999 -9999 -9999 -9999 -9999 -9999 -9999 -9999 -9999 -9999 -9999 -9999 -9999 -9999 -9999 -9999 -9999 -9999 -9999 124.732 124.351 123.991 123.645 123.31 122.982 122.66 122.342 122.021 121.675 121.292 120.903 120.532 120.19 119.896 119.615 119.369 119.148 118.955 118.799 118.645 118.495 118.339 118.177 118.016 117.856 117.698 117.539 117.388 117.26 117.144 117.033 116.934 116.889 116.862 116.835 116.838 116.859 116.914 117.072 117.298 117.568 117.838 118.11 118.386 118.665 118.949 119.242 119.546 119.863 120.197 120.556 120.945 121.348 121.78
-9999 -9999 -9999 -9999 -9999 -9999 -9999 -9999 -9999 -9999 -9999 -9999 -9999 -9999 -9999 -9999 -9999 -9999 -9999 -9999 -9999 124.164 123.821 123.489 123.164 122.844 122.528 122.214 121.881 121.518 121.151 120.839 120.555 120.271 119.997 119.733 119.484 119.263 119.067 118.909 118.755 118.597 118.433 118.271 118.111 117.953 117.795 117.646 117.52 117.403 117.281 117.17 117.078 117.033 116.985 116.931 116.909 117.036 117.264 117.543 117.822 118.103 118.388 118.678 118.976 119.282 119.598 119.927 120.273 120.64 121.039 121.479 121.916 122.362
-9999 -9999 -9999 -9999 -9999 -9999 -9999 -9999 -9999 -9999 -9999 -9999 -9999 -9999 -9999 -9999 -9999 -9999 -9999 -9999 124.7 124.342 124.0 123.669 123.346 123.028 122.713 122.4 122.1 121.82 121.521 121.225 120.93 120.634 120.352 120.081 119.82 119.572 119.351 119.159 119.001 118.841 118.675 118.512 118.353 118.196 118.04 117.894 117.771 117.653 117.53 117.401 117.279 117.217 117.143 117.048 117.065 117.164 117.357 117.601 117.875 118.157 118.451 118.759 119.084 119.429 119.797 120.194 120.624 121.056 121.499 121.991 122.474 122.94
-9999 -9999 -9999 -9999 -9999 -9999 -9999 -9999 -9999 -9999 -9999 -9999 -9999 -9999 -9999 -9999 -9999 -9999 -9999 125.251 124.885 124.526 124.184 123.853 123.53 123.213 122.909 122.644 122.426 122.176 121.893 121.59 121.283 120.979 120.689 120.41 120.142 119.882 119.636 119.419 119.234 119.072 118.905 118.742 118.583 118.428 118.274 118.133 118.014 117.895 117.772 117.626 117.404 117.246 117.139 117.106 117.16 117.309 117.467 117.629 117.85 118.121 118.418 118.733 119.069 119.429 119.819 120.243 120.709 121.226 121.784 122.415 123.022 123.542
-9999 -9999 -9999 -9999 -9999 -9999 -9999 -9999 -9999 -9999 -9999 -9999 -9999 -9999 -9999 -9999 -9999 -9999 125.782 125.46 125.077 124.717 124.374 124.043 123.72 123.419 123.185 122.967 122.747 122.509 122.237 121.94 121.623 121.31 121.011 120.725 120.449 120.183 119.925 119.683 119.471 119.292 119.125 118.961 118.805 118.652 118.501 118.366 118.244 118.085 117.885 117.659 117.434 117.217 117.103 117.13 117.257 117.412 117.571 117.734 117.903 118.102 118.379 118.7 119.042 119.411 119.811 120.248 120.728 121.262 121.864 122.551 123.292 124.07
-9999 -9999 -9999 -9999 -9999 -9999 -9999 -9999 -9999 -9999 -9999 -9999 -9999 -9999 -9999 -9999 126.574 126.259 125.971 125.648 125.279 124.916 124.571 124.242 123.944 123.718 123.496 123.275 123.053 122.822 122.566 122.27 121.955 121.633 121.325 121.031 120.747 120.473 120.207 119.951 119.716 119.507 119.336 119.173 119.019 118.87 118.719 118.553 118.338 118.105 117.876 117.647 117.417 117.187 117.112 117.195 117.348 117.504 117.664 117.83 118.001 118.181 118.377 118.668 119.016 119.395 119.806 120.257 120.754 121.307 121.929 122.637 123.409 124.316
-9999 -9999 -9999 -9999 -9999 -9999 -9999 -9999 -9999 -9999 -9999 -9999 -9999 -9999 -9999 127.25 126.722 126.418 126.141 -9999 -9999 -9999 -9999 124.519 124.249 124.021 123.796 123.572 123.349 123.122 122.871 122.586 122.273 121.951 121.635 121.332 121.04 120.757 120.484 120.218 119.962 119.738 119.54 119.377 119.228 119.062 118.824 118.573 118.335 118.1 117.867 117.634 117.399 117.223 117.163 117.277 117.43 117.586 117.748 117.916 118.09 118.274 118.469 118.681 118.993 119.377 119.803 120.27 120.785 121.359 122.004 122.737 123.542 124.54
-9999 -9999 -9999 -9999 -9999 -9999 -9999 -9999 -9999 -9999 -9999 -9999 -9999 -9999 -9999 127.072 126.89 126.59 -9999 -9999 -9999 -9999 -9999 124.825 124.547 124.316 124.089 123.863 123.637 123.41 123.166 122.893 122.58 122.261 121.944 121.633 121.332 121.041 120.759 120.484 120.218 119.967 119.748 119.567 119.373 119.093 118.823 118.577 118.336 118.097 117.859 117.621 117.379 117.264 117.259 117.352 117.501 117.658 117.821 117.991 118.169 118.357 118.556 118.775 119.016 119.365 119.799 120.284 120.82 121.417 122.088 122.85 123.733 124.798
-9999 -9999 -9999 -9999 -9999 -9999 -9999 -9999 -9999 -9999 -9999 -9999 -9999 -9999 -9999 -9999 -9999 126.663 -9999 -9999 -9999 -9999 -9999 125.118 124.841 124.607 124.377 124.147 123.911 123.674 123.432 123.164 122.855 122.538 122.228 121.921 121.616 121.322 121.035 120.755 120.48 120.211 119.948 119.665 119.379 119.098 118.834 118.587 118.342 118.097 117.852 117.605 117.412 117.328 117.362 117.428 117.563 117.72 117.883 118.055 118.236 118.428 118.634 118.86 119.111 119.375 119.695 120.078 120.527 121.045 121.648 122.353 123.241 124.351
-9999 -9999 -9999 -9999 -9999 -9999 -9999 -9999 -9999 -9999 -9999 -9999 -9999 -9999 -9999 -9999 -9999 -9999 -9999 -9999 -9999 -9999 -9999 125.377 125.127 124.873 124.622 124.377 124.135 123.897 123.661 123.401 123.108 122.796 122.492 122.193 121.898 121.602 121.315 121.033 120.757 120.462 120.084 119.725 119.41 119.123 118.858 118.604 118.351 118.099 117.846 117.59 117.446 117.418 117.452 117.5 117.614 117.77 117.934 118.107 118.291 118.488 118.655 118.766 118.875 119.017 119.189 119.48 119.875 120.341 120.891 121.542 122.413 123.512
-9999 -9999 -9999 -9999 -9999 -9999 -9999 -9999 -9999 -9999 -9999 -9999 -9999 -9999 -9999 -9999 -9999 -9999 -9999 -9999 -9999 -9999 -9999 -9999 125.343 125.077 124.824 124.58 124.341 124.106 123.873 123.629 123.352 123.046 122.746 122.455 122.167 121.884 121.6 121.323 121.025 120.617 120.198 119.818 119.47 119.176 118.905 118.635 118.366 118.104 117.841 117.588 117.487 117.5 117.53 117.565 117.657 117.81 117.975 118.149 118.239 118.275 118.322 118.366 118.404 118.475 118.582 118.757 119.102 119.547 120.072 120.691 121.541 122.638
-9999 -9999 -9999 -9999 -9999 -9999 -9999 -9999 -9999 -9999 -9999 -9999 -9999 -9999 -9999 -9999 -9999 -9999 -9999 -9999 -9999 -9999 -9999 125.788 125.529 125.268 125.02 124.779 124.543 124.31 124.08 123.845 123.582 123.294 122.996 122.709 122.43 122.155 121.886 121.594 121.177 120.735 120.32 119.922 119.561 119.252 118.967 118.684 118.403 118.12 117.836 117.63 117.548 117.57 117.596 117.626 117.697 117.839 117.903 117.898 117.895 117.854 117.823 117.817 117.838 117.889 117.975 118.101 118.34 118.747 119.248 119.834 120.673 121.756
-9999 -9999 -9999 -9999 -9999 -9999 -9999 -9999 -9999 -9999 -9999 -9999 -9999 -9999 -9999 -9999 -9999 -9999 -9999 -9999 -9999 -9999 -9999 125.967 125.712 125.456 125.212 124.974 124.741 124.51 124.282 124.052 123.805 123.528 123.245 122.961 122.687 122.422 122.141 121.742 121.29 120.856 120.44 120.037 119.666 119.335 119.039 118.745 118.45 118.151 117.852 117.658 117.614 117.629 117.648 117.673 117.669 117.623 117.573 117.481 117.392 117.324 117.278 117.255 117.258 117.291 117.356 117.46 117.607 117.935 118.414 118.978 119.806 120.88
-9999 -9999 -9999 -9999 -9999 -9999 -9999 -9999 -9999 -9999 -9999 -9999 -9999 -9999 -9999 -9999 -9999 -9999 -9999 -9999 -9999 -9999 -9999 126.142 125.892 125.641 125.401 125.167 124.935 124.706 124.479 124.254 124.015 123.753 123.487 123.212 122.943 122.669 122.3 121.839 121.396 120.97 120.557 120.156 119.774 119.424 119.116 118.81 118.503 118.193 117.88 117.708 117.674 117.675 117.687 117.572 117.39 117.238 117.092 116.967 116.862 116.778 116.715 116.675 116.661 116.674 116.721 116.805 116.932 117.144 117.569 118.116 118.927 120.004
-9999 -9999 -9999 -9999 -9999 -9999 -9999 -9999 -9999 -9999 -9999 -9999 -9999 -9999 -9999 -9999 -9999 -9999 -9999 -9999 -9999 -9999 -9999 -9999 126.069 125.824 125.589 125.357 125.127 124.897 124.671 124.448 124.214 123.968 123.714 123.461 123.194 122.866 122.39 121.935 121.498 121.075 120.664 120.269 119.885 119.529 119.196 118.878 118.559 118.236 117.929 117.784 117.75 117.698 117.512 117.269 116.971 116.74 116.577 116.435 116.312 116.21 116.13 116.072 116.042 116.041 116.071 116.136 116.243 116.395 116.721 117.24 118.041 119.119
-9999 -9999 -9999 -9999 -9999 -9999 -9999 -9999 -9999 -9999 -9999 -9999 -9999 -9999 -9999 -9999 -9999 -9999 -9999 -9999 -9999 -9999 -9999 -9999 126.207 126.003 125.774 125.545 125.314 125.083 124.855 124.634 124.407 124.17 123.931 123.69 123.41 122.953 122.483 122.032 121.598 121.176 120.768 120.379 119.994 119.621 119.275 118.947 118.616 118.279 117.988 117.857 117.764 117.522 117.205 116.827 116.483 116.224 116.042 115.881 115.742 115.624 115.528 115.455 115.408 115.389 115.402 115.448 115.534 115.663 115.884 116.342 117.137 118.224
-9999 -9999 -9999 -9999 -9999 -9999 -9999 -9999 -9999 -9999 -9999 -9999 -9999 -9999 -9999 -9999 -9999 -9999 -9999 -9999 -9999 -9999 -9999 126.278 126.298 126.133 125.951 125.731 125.496 125.26 125.031 124.81 124.592 124.366 124.132 123.891 123.518 123.044 122.578 122.131 121.698 121.279 120.878 120.486 120.095 119.711 119.352 119.015 118.671 118.321 118.04 117.9 117.591 117.231 116.804 116.382 115.988 115.695 115.496 115.317 115.158 115.022 114.908 114.817 114.752 114.714 114.706 114.732 114.795 114.903 115.063 115.432 116.21 117.307
-9999 -9999 -9999 -9999 -9999 -9999 -9999 -9999 -9999 -9999 -9999 -9999 -9999 -9999 -9999 -9999 -9999 -9999 -9999 -9999 -9999 -9999 -9999 126.36 126.28 126.153 126.012 125.836 125.611 125.392 125.183 124.975 124.766 124.55 124.326 124.04 123.583 123.123 122.674 122.23 121.8 121.388 120.987 120.591 120.195 119.798 119.425 119.083 118.726 118.362 118.064 117.78 117.309 116.851 116.399 115.953 115.509 115.162 114.933 114.734 114.555 114.398 114.263 114.152 114.066 114.007 113.977 113.98 114.021 114.11 114.251 114.529 115.254 116.355
-9999 -9999 -9999 -9999 -9999 -9999 -9999 -9999 -9999 -9999 -9999 -9999 -9999 -9999 -9999 -9999 -9999 -9999 -9999 -9999 -9999 -9999 -9999 126.335 126.214 126.103 125.993 125.844 125.653 125.449 125.255 125.069 124.897 124.717 124.492 124.104 123.641 123.194 122.758 122.327 121.899 121.488 121.085 120.686 120.287 119.882 119.503 119.147 118.783 118.39 117.968 117.443 116.947 116.465 115.987 115.513 115.041 114.636 114.354 114.126 113.924 113.744 113.587 113.453 113.344 113.261 113.208 113.188 113.212 113.281 113.401 113.614 114.258 115.354
-9999 -9999 -9999 -9999 -9999 -9999 -9999 -9999 -9999 -9999 -9999 -9999 -9999 -9999 -9999 -9999 -9999 -9999 -9999 -9999 -9999 -9999 126.333 126.255 126.131 126.02 125.912 125.779 125.623 125.459 125.282 125.118 124.968 124.814 124.573 124.123 123.66 123.211 122.779 122.358 121.95 121.543 121.141 120.742 120.34 119.93 119.54 119.176 118.809 118.33 117.638 117.103 116.581 116.071 115.564 115.059 114.555 114.12 113.768 113.489 113.261 113.056 112.873 112.714 112.58 112.472 112.396 112.359 112.362 112.41 112.516 112.703 113.234 114.29
-9999 -9999 -9999 -9999 -9999 -9999 -9999 -9999 -9999 -9999 -9999 -9999 -9999 -9999 -9999 -9999 -9999 -9999 -9999 -9999 -9999 126.397 126.304 126.16 126.034 125.919 125.806 125.687 125.561 125.424 125.287 125.136 124.973 124.808 124.483 124.038 123.607 123.189 122.77 122.366 121.969 121.578 121.184 120.784 120.379 119.963 119.562 119.187 118.757 118.005 117.288 116.728 116.195 115.663 115.126 114.587 114.052 113.585 113.2 112.836 112.56 112.327 112.117 111.931 111.769 111.64 111.547 111.489 111.469 111.487 111.582 111.762 112.181 113.148
-9999 -9999 -9999 -9999 -9999 -9999 -9999 -9999 -9999 -9999 -9999 -9999 -9999 -9999 -9999 -9999 -9999 -9999 -9999 126.637 126.528 126.36 126.197 126.055 125.929 125.812 125.7 125.588 125.475 125.354 125.208 125.059 124.913 124.708 124.336 123.923 123.518 123.124 122.745 122.366 121.982 121.601 121.217 120.826 120.419 119.997 119.584 119.165 118.524 117.669 116.931 116.35 115.782 115.195 114.589 113.982 113.387 112.868 112.433 112.014 111.653 111.388 111.166 110.978 110.834 110.73 110.647 110.573 110.522 110.516 110.598 110.77 111.066 111.926
