Validation/Results/raw data/ReClimate_12_2023_1.asc
NCOLS 192
NROWS 249
XLLCENTER -225160.85627316462
YLLCENTER 29788.11610251502
CELLSIZE 5000.0
NODATA_VALUE -9999
[rows 99 to 131 of 249, columns 74 to 147 of 192]
101.314 100.715 101.085 101.565 102.366 102.401 102.479 102.644 -9999 -9999 101.109 101.564 102.426 102.392 102.535 102.664 102.671 102.3 101.606 101.482 100.935 100.662 101.099 101.33 101.395 101.307 101.173 100.869 100.557 100.347 99.891 100.107 100.741 100.791 101.323 101.066 100.473 100.273 99.889 99.66 99.588 99.666 99.583 99.498 99.416 -9999 -9999 -9999 -9999 -9999 -9999 -9999 -9999 -9999 -9999 -9999 -9999 -9999 -9999 -9999 -9999 -9999 -9999 -9999 -9999 -9999 -9999 -9999 -9999 -9999 -9999 -9999 -9999 -9999
101.221 101.273 101.609 -9999 -9999 102.057 102.253 -9999 -9999 -9999 100.554 101.335 102.33 102.538 102.909 102.754 102.342 101.959 101.909 101.571 101.434 101.548 101.272 101.327 101.397 101.198 100.862 100.824 101.166 100.761 100.313 100.563 100.368 100.475 100.036 99.758 99.847 99.701 99.858 99.771 99.696 99.617 99.531 99.392 99.138 -9999 -9999 -9999 -9999 -9999 -9999 -9999 -9999 -9999 -9999 -9999 -9999 -9999 -9999 -9999 -9999 -9999 -9999 -9999 -9999 -9999 -9999 -9999 -9999 -9999 -9999 -9999 -9999 -9999
101.349 -9999 100.172 99.565 98.055 -9999 -9999 -9999 -9999 100.452 99.75 100.959 102.823 103.056 103.179 102.519 101.336 101.088 100.504 100.314 100.005 100.261 101.359 101.428 101.529 101.078 100.339 100.776 101.488 100.873 99.847 99.866 100.202 99.854 99.537 99.129 97.91 98.466 99.77 99.707 99.701 99.612 99.499 99.325 -9999 -9999 -9999 -9999 -9999 -9999 -9999 -9999 -9999 -9999 -9999 -9999 -9999 -9999 -9999 -9999 -9999 -9999 -9999 -9999 -9999 -9999 -9999 -9999 -9999 -9999 -9999 -9999 -9999 -9999
101.543 101.149 101.454 100.637 100.549 101.025 101.016 -9999 -9999 100.127 -9999 -9999 100.424 101.071 102.705 101.788 100.988 100.617 100.445 100.581 101.388 101.882 101.711 101.657 101.377 100.933 100.775 101.269 101.621 101.194 101.484 101.28 100.269 99.979 99.65 99.026 99.054 99.57 99.158 99.105 99.03 99.056 99.349 -9999 -9999 -9999 -9999 -9999 -9999 -9999 -9999 -9999 -9999 -9999 -9999 -9999 -9999 -9999 -9999 -9999 -9999 -9999 -9999 -9999 -9999 -9999 -9999 -9999 -9999 -9999 -9999 -9999 -9999 -9999
101.415 101.7 102.032 102.141 102.551 -9999 -9999 -9999 101.398 100.864 100.209 99.845 99.979 101.328 102.771 102.097 101.45 101.415 101.573 102.083 102.345 102.034 101.459 101.289 101.229 101.331 101.837 102.203 102.714 102.914 103.063 102.006 100.572 100.229 99.771 100.086 100.915 100.318 -9999 -9999 99.233 -9999 -9999 -9999 -9999 -9999 -9999 -9999 -9999 -9999 -9999 -9999 -9999 -9999 -9999 -9999 -9999 -9999 -9999 -9999 -9999 -9999 -9999 -9999 -9999 -9999 -9999 -9999 -9999 -9999 -9999 -9999 -9999 -9999
101.503 101.591 101.367 -9999 101.587 -9999 -9999 -9999 101.515 101.33 101.631 101.578 101.235 102.017 102.189 101.9 102.114 102.077 101.795 101.988 102.147 101.706 101.344 101.233 101.023 101.313 101.397 101.186 99.91 100.08 100.34 99.701 99.986 99.632 99.324 99.881 100.243 -9999 99.663 99.535 99.249 99.24 -9999 -9999 -9999 -9999 -9999 -9999 -9999 -9999 -9999 -9999 -9999 -9999 -9999 -9999 -9999 -9999 -9999 -9999 -9999 -9999 -9999 -9999 -9999 -9999 -9999 -9999 -9999 -9999 -9999 -9999 -9999 -9999
-9999 101.727 -9999 -9999 -9999 -9999 100.942 100.81 101.062 101.446 102.035 101.736 101.384 101.556 101.827 101.945 102.052 101.828 101.686 101.93 102.404 101.977 101.354 101.055 100.548 100.619 100.701 100.018 99.965 100.063 99.975 99.916 99.367 98.913 98.123 -9999 99.116 99.2 99.488 99.251 99.075 99.301 -9999 -9999 -9999 -9999 -9999 -9999 -9999 -9999 -9999 -9999 -9999 -9999 -9999 -9999 -9999 -9999 -9999 -9999 -9999 -9999 -9999 -9999 -9999 -9999 -9999 -9999 -9999 -9999 -9999 -9999 -9999 -9999
-9999 -9999 -9999 -9999 -9999 -9999 101.57 100.971 100.82 101.443 102.235 102.063 102.064 101.937 101.256 101.417 101.765 101.61 101.477 101.803 102.063 101.522 100.989 100.708 100.665 100.657 100.529 100.479 100.425 100.539 100.98 100.656 100.559 100.094 99.954 100.054 99.508 99.408 98.749 98.83 99.328 99.345 99.473 -9999 -9999 -9999 -9999 -9999 -9999 -9999 -9999 -9999 -9999 -9999 -9999 -9999 -9999 -9999 -9999 -9999 -9999 -9999 -9999 -9999 -9999 -9999 -9999 -9999 -9999 -9999 -9999 -9999 -9999 -9999
-9999 -9999 -9999 -9999 -9999 101.613 -9999 -9999 101.626 102.261 102.803 102.756 102.596 -9999 -9999 101.364 101.808 101.723 101.748 101.922 102.091 101.688 101.395 101.341 101.288 101.024 100.515 100.59 100.89 100.538 98.975 99.319 100.401 100.359 100.447 99.825 98.895 98.445 98.152 98.533 98.912 99.059 99.442 99.445 -9999 -9999 -9999 -9999 -9999 -9999 -9999 -9999 -9999 -9999 -9999 -9999 -9999 -9999 -9999 -9999 -9999 -9999 -9999 -9999 -9999 -9999 -9999 -9999 -9999 -9999 -9999 -9999 -9999 -9999
-9999 -9999 -9999 -9999 -9999 101.767 -9999 101.967 101.961 102.343 102.559 102.477 102.421 101.881 101.682 101.814 101.583 101.551 101.48 101.579 101.683 101.458 101.292 101.197 101.035 100.707 100.553 100.639 100.471 100.011 100.973 101.17 100.199 100.106 99.738 99.212 99.095 98.901 98.805 98.584 97.484 97.766 98.013 -9999 -9999 -9999 -9999 -9999 -9999 -9999 -9999 -9999 -9999 -9999 -9999 -9999 -9999 -9999 -9999 -9999 -9999 -9999 -9999 -9999 -9999 -9999 -9999 -9999 -9999 -9999 -9999 -9999 -9999 -9999
-9999 -9999 -9999 -9999 -9999 101.92 -9999 102.011 102.006 102.121 102.096 102.103 -9999 101.989 102.035 -9999 102.593 102.417 102.079 101.981 101.644 101.538 101.54 101.551 101.825 101.435 100.612 100.497 100.44 101.716 103.842 102.753 101.175 100.693 99.912 99.85 99.859 99.753 99.627 -9999 -9999 -9999 -9999 -9999 -9999 -9999 -9999 -9999 -9999 -9999 -9999 -9999 -9999 -9999 -9999 -9999 -9999 -9999 -9999 -9999 -9999 -9999 -9999 -9999 -9999 -9999 -9999 -9999 -9999 -9999 -9999 -9999 -9999 -9999
-9999 -9999 -9999 102.064 102.029 -9999 -9999 101.857 102.049 102.033 102.017 102.085 102.177 102.248 102.421 -9999 101.691 101.673 102.128 101.692 101.045 101.055 101.15 101.534 102.204 101.475 100.671 100.615 100.558 101.399 100.706 99.783 99.51 99.179 99.392 99.555 100.001 99.962 -9999 -9999 -9999 -9999 -9999 -9999 -9999 -9999 -9999 -9999 -9999 -9999 -9999 -9999 -9999 -9999 -9999 -9999 -9999 -9999 -9999 -9999 -9999 -9999 -9999 -9999 -9999 -9999 -9999 -9999 -9999 -9999 -9999 -9999 -9999 -9999
-9999 -9999 102.061 102.072 102.133 -9999 101.657 101.643 101.813 101.767 -9999 101.939 102.424 102.587 102.784 -9999 102.068 102.087 101.536 101.15 101.055 101.056 100.993 101.137 100.621 100.349 100.756 100.647 100.446 -9999 100.314 100.205 100.309 100.306 100.011 100.231 100.214 -9999 -9999 -9999 -9999 -9999 -9999 -9999 -9999 -9999 -9999 -9999 -9999 -9999 -9999 -9999 -9999 -9999 -9999 -9999 -9999 -9999 -9999 -9999 -9999 -9999 -9999 -9999 -9999 -9999 -9999 -9999 -9999 -9999 -9999 -9999 -9999 -9999
-9999 -9999 102.069 102.122 -9999 -9999 101.368 101.386 101.467 -9999 101.618 101.976 102.178 102.391 102.678 -9999 102.104 101.697 101.407 101.31 101.216 101.089 100.888 100.735 101.119 101.237 101.002 100.827 100.652 100.635 100.363 -9999 -9999 98.576 99.131 -9999 -9999 -9999 -9999 -9999 -9999 99.428 99.834 99.799 -9999 -9999 -9999 -9999 -9999 -9999 -9999 -9999 -9999 -9999 -9999 -9999 -9999 -9999 -9999 -9999 -9999 -9999 -9999 -9999 -9999 -9999 -9999 -9999 -9999 -9999 -9999 -9999 -9999 -9999
-9999 101.786 101.202 -9999 -9999 102.227 101.978 101.769 101.555 -9999 102.323 102.349 102.077 102.464 103.094 -9999 -9999 -9999 101.344 101.349 101.531 101.348 101.17 101.559 102.146 101.723 100.927 100.81 100.755 100.231 99.202 98.18 97.353 98.149 99.546 -9999 -9999 -9999 -9999 -9999 98.682 99.48 97.491 96.98 95.663 -9999 -9999 -9999 -9999 -9999 -9999 -9999 -9999 -9999 -9999 -9999 -9999 -9999 -9999 -9999 -9999 -9999 -9999 -9999 -9999 -9999 -9999 -9999 -9999 -9999 -9999 -9999 -9999 -9999
101.397 101.318 101.712 -9999 -9999 -9999 102.271 101.937 101.675 -9999 102.11 -9999 102.117 102.41 102.3 -9999 102.065 101.816 101.928 -9999 101.438 101.257 101.04 101.242 101.034 100.687 100.911 100.857 100.803 100.221 100.104 99.557 99.257 99.9 99.637 99.19 98.757 99.676 -9999 99.567 98.735 97.75 97.132 96.815 97.783 98.487 98.974 -9999 -9999 -9999 -9999 -9999 -9999 -9999 -9999 -9999 -9999 -9999 -9999 -9999 -9999 -9999 -9999 -9999 -9999 -9999 -9999 -9999 -9999 -9999 -9999 -9999 -9999 -9999
101.697 102.011 -9999 -9999 -9999 -9999 101.499 101.59 102.203 -9999 102.36 -9999 103.371 103.098 -9999 101.905 101.878 101.931 101.917 101.632 101.487 101.375 101.402 101.189 100.96 101.193 101.591 101.333 100.724 100.601 100.451 100.28 100.213 99.462 97.757 97.188 96.345 97.026 97.403 96.885 97.002 96.136 94.615 95.869 97.898 98.67 99.63 100.127 101.3 101.655 -9999 -9999 -9999 -9999 -9999 -9999 -9999 -9999 -9999 -9999 -9999 -9999 -9999 -9999 -9999 -9999 -9999 -9999 -9999 -9999 -9999 -9999 -9999 -9999
-9999 102.407 -9999 -9999 -9999 -9999 101.107 101.665 102.311 102.353 -9999 -9999 101.89 101.579 -9999 101.981 101.883 101.953 102.17 101.958 101.597 101.558 101.438 101.273 101.183 101.08 100.323 100.053 100.199 100.447 101.305 101.145 100.788 99.765 99.374 98.918 98.866 98.563 97.188 97.612 98.635 98.033 98.497 99.575 99.606 99.971 99.558 99.282 99.334 101.44 102.118 -9999 -9999 -9999 -9999 -9999 -9999 -9999 -9999 -9999 -9999 -9999 -9999 -9999 -9999 -9999 -9999 -9999 -9999 -9999 -9999 -9999 -9999 -9999
102.472 -9999 -9999 -9999 -9999 -9999 101.902 102.395 102.369 102.353 -9999 -9999 101.681 101.893 -9999 -9999 101.905 101.998 101.972 101.643 101.274 101.103 100.807 100.745 100.73 100.309 100.328 100.463 100.592 101.017 100.949 100.735 100.643 100.59 100.986 100.727 100.086 98.004 94.257 95.54 97.557 98.557 100.61 100.754 101.062 100.767 100.495 100.631 101.419 102.239 102.292 -9999 -9999 -9999 -9999 -9999 -9999 -9999 -9999 -9999 -9999 -9999 -9999 -9999 -9999 -9999 -9999 -9999 -9999 -9999 -9999 -9999 -9999 -9999
102.554 -9999 -9999 -9999 -9999 -9999 102.491 102.466 102.434 -9999 -9999 -9999 -9999 102.2 -9999 101.77 100.795 101.062 101.859 101.615 101.498 101.379 101.48 101.437 101.359 101.329 101.242 101.124 100.637 100.626 100.676 100.708 100.911 101.203 101.426 100.584 99.184 97.696 98.941 99.856 99.454 100.482 100.344 100.733 101.327 101.183 101.124 101.736 102.274 102.42 102.709 102.806 -9999 -9999 -9999 -9999 -9999 -9999 -9999 -9999 -9999 -9999 -9999 -9999 -9999 -9999 -9999 -9999 -9999 -9999 -9999 -9999 -9999 -9999
102.672 -9999 -9999 -9999 102.382 102.36 102.344 102.367 -9999 -9999 102.202 -9999 -9999 -9999 -9999 101.942 102.244 102.601 102.485 102.247 101.801 101.811 101.721 101.619 101.449 101.397 101.385 101.136 101.187 101.376 101.808 101.86 101.701 101.775 101.645 100.932 100.995 101.403 100.708 100.481 100.39 100.604 101.354 101.827 102.24 102.197 102.133 102.439 102.475 102.612 102.685 103.184 -9999 -9999 -9999 -9999 -9999 -9999 -9999 -9999 -9999 -9999 -9999 -9999 -9999 -9999 -9999 -9999 -9999 -9999 -9999 -9999 -9999 -9999
-9999 -9999 -9999 -9999 -9999 102.59 102.516 102.562 -9999 102.321 102.129 101.946 -9999 -9999 -9999 -9999 100.995 101.008 101.25 101.192 101.699 101.577 101.441 101.433 101.635 101.637 101.653 101.714 101.84 101.936 101.56 101.58 101.843 101.805 101.877 101.943 102.046 101.459 100.796 101.009 101.693 102.093 102.101 102.235 101.985 101.865 101.59 101.833 102.414 102.468 103.051 103.574 103.717 -9999 -9999 -9999 -9999 -9999 -9999 -9999 -9999 -9999 -9999 -9999 -9999 -9999 -9999 -9999 -9999 -9999 -9999 -9999 -9999 -9999
-9999 -9999 -9999 -9999 -9999 102.097 102.183 102.288 -9999 102.459 102.418 102.288 -9999 -9999 -9999 -9999 -9999 101.04 101.668 101.84 101.64 101.619 101.757 101.846 101.796 101.593 101.007 101.221 101.657 101.366 101.083 101.435 101.999 101.893 101.522 101.59 101.59 101.336 101.549 102.103 102.618 102.603 102.521 102.378 102.306 102.344 102.804 103.162 103.281 103.458 103.803 103.92 104.067 104.271 -9999 -9999 -9999 -9999 -9999 -9999 -9999 -9999 -9999 -9999 -9999 -9999 -9999 -9999 -9999 -9999 -9999 -9999 -9999 -9999
-9999 -9999 -9999 -9999 -9999 102.24 102.544 -9999 -9999 102.621 102.577 102.252 101.921 -9999 -9999 -9999 -9999 -9999 101.904 101.762 101.756 101.881 102.021 101.98 101.931 101.714 101.945 102.194 102.291 102.125 102.052 102.311 102.194 101.983 101.986 101.973 101.899 102.033 102.061 102.505 102.957 102.862 102.682 102.605 102.461 102.948 103.598 103.72 103.849 103.986 104.125 104.245 104.409 104.616 104.824 105.033 -9999 -9999 -9999 -9999 -9999 -9999 -9999 -9999 -9999 -9999 -9999 -9999 -9999 -9999 -9999 -9999 -9999 -9999
-9999 -9999 -9999 -9999 -9999 102.616 102.841 -9999 -9999 102.691 102.638 102.415 -9999 -9999 -9999 -9999 -9999 -9999 101.979 102.012 102.152 102.23 102.239 102.225 102.254 102.378 102.38 102.352 102.173 102.009 101.647 101.507 101.294 101.242 101.074 101.132 101.363 101.312 101.1 101.871 103.316 103.076 102.636 102.782 103.355 103.388 102.51 102.378 101.794 101.618 101.823 104.625 104.805 105.006 105.209 105.414 -9999 -9999 -9999 -9999 -9999 -9999 -9999 -9999 -9999 -9999 -9999 -9999 -9999 -9999 -9999 -9999 -9999 -9999
-9999 -9999 -9999 -9999 -9999 102.954 102.767 -9999 -9999 -9999 102.403 102.471 101.771 -9999 -9999 -9999 -9999 -9999 102.02 102.129 102.21 102.236 102.294 102.306 102.292 102.466 102.931 102.781 102.657 102.409 102.235 102.087 102.035 102.063 102.334 102.435 102.346 102.325 102.535 103.3 103.304 103.049 102.937 103.418 103.885 103.356 103.113 102.614 102.031 102.134 104.798 104.995 105.187 105.381 105.576 105.773 -9999 -9999 -9999 -9999 -9999 -9999 -9999 -9999 -9999 -9999 -9999 -9999 -9999 -9999 -9999 -9999 -9999 -9999
-9999 -9999 -9999 -9999 102.857 102.965 102.954 -9999 -9999 -9999 -9999 -9999 -9999 -9999 -9999 -9999 -9999 -9999 100.623 101.164 102.44 102.065 100.96 101.249 102.054 102.499 103.048 102.814 102.371 102.114 101.666 101.789 102.265 102.511 102.758 102.691 102.604 102.741 102.786 102.848 102.975 102.973 103.087 103.554 104.133 103.704 102.824 102.148 101.898 104.941 105.154 105.34 105.527 105.713 105.901 106.091 105.976 -9999 -9999 -9999 -9999 -9999 -9999 -9999 -9999 -9999 -9999 -9999 -9999 -9999 -9999 -9999 -9999 -9999
-9999 -9999 -9999 102.921 103.095 103.117 103.15 -9999 -9999 -9999 -9999 -9999 -9999 -9999 -9999 -9999 102.125 100.901 101.308 102.182 102.665 102.201 102.5 102.95 103.033 103.066 102.37 102.312 102.795 102.62 102.805 103.038 102.99 103.16 103.235 103.334 103.708 103.573 103.108 103.164 103.093 103.321 103.746 104.145 104.378 103.837 103.562 103.241 105.049 105.282 105.476 105.654 105.833 106.013 106.193 106.377 106.338 -9999 -9999 -9999 -9999 -9999 -9999 -9999 -9999 -9999 -9999 -9999 -9999 -9999 -9999 -9999 -9999 -9999
-9999 -9999 -9999 102.845 103.558 103.483 -9999 -9999 -9999 -9999 -9999 -9999 -9999 -9999 -9999 -9999 102.424 101.716 100.47 100.994 101.664 101.771 101.557 101.717 102.033 101.793 102.12 102.597 103.229 103.302 103.306 103.368 103.556 103.784 104.264 104.443 104.39 103.876 103.097 102.74 101.814 102.074 102.144 101.641 99.878 100.351 102.743 105.141 105.379 105.594 105.77 105.943 106.113 106.286 106.46 106.637 106.646 -9999 -9999 -9999 -9999 -9999 -9999 -9999 -9999 -9999 -9999 -9999 -9999 -9999 -9999 -9999 -9999 -9999
-9999 -9999 -9999 -9999 -9999 -9999 -9999 -9999 -9999 -9999 -9999 -9999 -9999 -9999 -9999 -9999 102.461 101.916 101.783 102.305 102.726 102.583 102.418 102.801 103.356 103.449 103.246 103.502 103.315 103.419 103.805 103.876 103.754 103.79 103.162 103.314 103.815 103.586 104.031 103.645 103.858 103.874 103.769 102.875 102.89 103.881 105.223 105.457 105.685 105.873 106.042 106.206 106.372 106.538 106.705 106.876 106.912 -9999 -9999 -9999 -9999 -9999 -9999 -9999 -9999 -9999 -9999 -9999 -9999 -9999 -9999 -9999 -9999 -9999
-9999 -9999 -9999 -9999 -9999 -9999 -9999 -9999 -9999 -9999 -9999 -9999 -9999 -9999 -9999 102.585 102.802 102.093 100.325 101.085 102.533 102.606 102.976 103.606 104.461 104.219 103.851 103.637 103.33 103.536 103.651 103.651 103.774 103.554 103.804 104.168 104.46 104.575 104.234 104.381 104.435 104.332 104.15 104.306 104.774 105.301 105.53 105.759 105.969 106.134 106.295 106.453 106.613 106.772 106.934 107.098 107.151 -9999 -9999 -9999 -9999 -9999 -9999 -9999 -9999 -9999 -9999 -9999 -9999 -9999 -9999 -9999 -9999 -9999
-9999 -9999 -9999 -9999 -9999 -9999 -9999 -9999 -9999 -9999 -9999 -9999 -9999 -9999 -9999 102.667 102.926 102.042 102.119 102.954 103.139 103.377 103.469 103.868 103.666 103.512 103.54 103.403 103.487 103.573 103.685 103.804 103.905 103.951 103.676 103.672 103.244 103.462 104.543 104.562 104.498 104.33 104.084 104.479 105.225 105.603 105.827 106.045 106.223 106.38 106.534 106.688 106.839 106.993 107.149 107.307 107.367 -9999 -9999 -9999 -9999 -9999 -9999 -9999 -9999 -9999 -9999 -9999 -9999 -9999 -9999 -9999 -9999 -9999
-9999 -9999 -9999 -9999 -9999 -9999 -9999 -9999 -9999 -9999 -9999 -9999 -9999 -9999 102.408 102.596 102.638 102.832 103.238 103.311 103.229 103.343 103.5 103.476 103.656 103.668 103.59 103.637 103.623 103.749 103.921 104.276 105.061 104.618 103.756 103.49 103.361 104.232 105.071 105.074 105.141 104.827 104.273 104.829 105.677 105.897 106.115 106.311 106.464 106.613 106.762 106.907 107.055 107.203 107.339 107.452 107.512 107.51 -9999 -9999 -9999 -9999 -9999 -9999 -9999 -9999 -9999 -9999 -9999 -9999 -9999 -9999 -9999 -9999
