Validation/Results/raw data/ReClimate_10_2024_2.asc
NCOLS 192
NROWS 249
XLLCENTER -225160.85627316462
YLLCENTER 29788.11610251502
CELLSIZE 5000.0
NODATA_VALUE -9999
[rows 66 to 98 of 249, columns 74 to 147 of 192]
-9999 -9999 -9999 -9999 -9999 -9999 -9999 -9999 -9999 -9999 -9999 101.497 -9999 101.488 101.482 101.477 101.469 101.45 101.409 101.603 101.706 101.441 101.274 101.469 101.444 101.233 101.22 101.173 101.154 101.141 101.13 101.127 -9999 -9999 -9999 -9999 -9999 -9999 -9999 -9999 -9999 -9999 -9999 -9999 -9999 -9999 -9999 -9999 -9999 -9999 -9999 -9999 -9999 -9999 -9999 -9999 -9999 -9999 -9999 -9999 -9999 -9999 -9999 -9999 -9999 -9999 -9999 -9999 -9999 -9999 -9999 -9999 -9999 -9999
-9999 -9999 -9999 -9999 -9999 -9999 -9999 -9999 -9999 -9999 -9999 -9999 101.489 101.483 101.477 101.466 101.435 101.388 101.347 101.528 101.885 101.615 101.14 101.175 101.312 101.256 101.135 101.116 101.101 101.087 -9999 -9999 -9999 -9999 -9999 -9999 -9999 -9999 -9999 -9999 -9999 -9999 -9999 -9999 -9999 -9999 -9999 -9999 -9999 -9999 -9999 -9999 -9999 -9999 -9999 -9999 -9999 -9999 -9999 -9999 -9999 -9999 -9999 -9999 -9999 -9999 -9999 -9999 -9999 -9999 -9999 -9999 -9999 -9999
-9999 -9999 -9999 -9999 -9999 -9999 -9999 -9999 -9999 -9999 -9999 -9999 101.483 101.473 101.464 101.422 101.372 101.328 101.288 101.516 101.654 101.347 101.193 101.246 101.209 101.127 101.082 101.065 101.05 101.037 -9999 -9999 -9999 -9999 -9999 -9999 -9999 -9999 -9999 -9999 -9999 -9999 -9999 -9999 -9999 -9999 -9999 -9999 -9999 -9999 -9999 -9999 -9999 -9999 -9999 -9999 -9999 -9999 -9999 -9999 -9999 -9999 -9999 -9999 -9999 -9999 -9999 -9999 -9999 -9999 -9999 -9999 -9999 -9999
-9999 -9999 -9999 -9999 -9999 -9999 -9999 -9999 -9999 -9999 -9999 -9999 -9999 -9999 101.414 101.36 101.312 101.279 101.266 101.336 101.35 101.27 101.281 101.21 101.083 101.05 101.033 101.016 -9999 -9999 -9999 -9999 -9999 -9999 -9999 -9999 -9999 -9999 -9999 -9999 -9999 -9999 -9999 -9999 -9999 -9999 -9999 -9999 -9999 -9999 -9999 -9999 -9999 -9999 -9999 -9999 -9999 -9999 -9999 -9999 -9999 -9999 -9999 -9999 -9999 -9999 -9999 -9999 -9999 -9999 -9999 -9999 -9999 -9999
-9999 -9999 -9999 -9999 -9999 -9999 -9999 -9999 101.506 -9999 -9999 101.478 101.454 101.409 101.351 101.3 101.254 101.248 101.27 101.299 101.372 101.292 101.077 101.012 101.02 101.002 100.985 100.968 -9999 -9999 -9999 -9999 -9999 -9999 -9999 -9999 -9999 -9999 -9999 -9999 -9999 -9999 -9999 -9999 -9999 -9999 -9999 -9999 -9999 -9999 -9999 -9999 -9999 -9999 -9999 -9999 -9999 -9999 -9999 -9999 -9999 -9999 -9999 -9999 -9999 -9999 -9999 -9999 -9999 -9999 -9999 -9999 -9999 -9999
-9999 -9999 -9999 -9999 -9999 -9999 101.172 101.449 101.501 101.491 101.481 101.38 101.107 100.953 100.661 100.742 101.043 101.017 100.939 101.0 101.077 100.815 100.421 100.559 100.925 100.92 100.938 100.922 -9999 -9999 -9999 -9999 -9999 -9999 -9999 -9999 -9999 -9999 -9999 -9999 -9999 -9999 -9999 -9999 -9999 -9999 -9999 -9999 -9999 -9999 -9999 -9999 -9999 -9999 -9999 -9999 -9999 -9999 -9999 -9999 -9999 -9999 -9999 -9999 -9999 -9999 -9999 -9999 -9999 -9999 -9999 -9999 -9999 -9999
-9999 -9999 -9999 -9999 -9999 -9999 101.334 101.446 -9999 101.493 101.477 101.297 101.181 101.098 101.312 101.418 101.314 101.308 101.415 101.383 101.209 101.029 101.1 101.233 101.098 101.046 100.891 -9999 100.86 -9999 -9999 -9999 -9999 -9999 -9999 -9999 -9999 -9999 -9999 -9999 -9999 -9999 -9999 -9999 -9999 -9999 -9999 -9999 -9999 -9999 -9999 -9999 -9999 -9999 -9999 -9999 -9999 -9999 -9999 -9999 -9999 -9999 -9999 -9999 -9999 -9999 -9999 -9999 -9999 -9999 -9999 -9999 -9999 -9999
-9999 -9999 -9999 -9999 -9999 -9999 -9999 101.492 101.464 101.381 101.156 101.009 100.818 101.076 101.508 101.46 101.503 101.445 101.175 101.18 101.445 101.494 101.539 101.325 100.949 100.861 100.846 100.83 100.816 -9999 -9999 -9999 -9999 -9999 -9999 -9999 -9999 -9999 -9999 -9999 -9999 -9999 -9999 -9999 -9999 -9999 -9999 -9999 -9999 -9999 -9999 -9999 -9999 -9999 -9999 -9999 -9999 -9999 -9999 -9999 -9999 -9999 -9999 -9999 -9999 -9999 -9999 -9999 -9999 -9999 -9999 -9999 -9999 -9999
99.934 -9999 -9999 -9999 -9999 -9999 -9999 -9999 101.511 101.351 101.172 101.198 101.563 101.752 101.708 101.765 101.886 101.531 100.984 101.163 101.303 101.329 101.36 101.073 100.831 100.815 100.8 100.785 100.771 -9999 -9999 -9999 -9999 -9999 -9999 -9999 -9999 -9999 -9999 -9999 -9999 -9999 -9999 -9999 -9999 -9999 -9999 -9999 -9999 -9999 -9999 -9999 -9999 -9999 -9999 -9999 -9999 -9999 -9999 -9999 -9999 -9999 -9999 -9999 -9999 -9999 -9999 -9999 -9999 -9999 -9999 -9999 -9999 -9999
101.239 -9999 -9999 -9999 -9999 -9999 101.53 101.584 101.012 101.106 101.308 101.574 101.816 101.705 101.509 101.492 101.304 101.134 101.448 101.471 101.363 101.325 101.207 100.993 100.782 100.767 -9999 100.739 -9999 -9999 -9999 -9999 -9999 -9999 100.671 100.658 100.646 -9999 -9999 -9999 -9999 -9999 -9999 -9999 -9999 -9999 -9999 -9999 -9999 -9999 -9999 -9999 -9999 -9999 -9999 -9999 -9999 -9999 -9999 -9999 -9999 -9999 -9999 -9999 -9999 -9999 -9999 -9999 -9999 -9999 -9999 -9999 -9999 -9999
101.888 101.351 -9999 -9999 -9999 -9999 -9999 101.103 101.18 101.33 101.495 101.549 101.559 101.401 101.286 101.135 101.02 101.174 101.172 101.149 101.251 101.126 100.975 100.824 100.738 100.718 100.705 -9999 -9999 -9999 -9999 100.664 100.655 100.639 100.622 100.607 100.594 100.585 100.575 100.567 100.562 100.557 100.554 100.554 100.555 100.558 100.564 100.565 100.577 100.555 100.543 100.594 100.584 -9999 -9999 -9999 -9999 -9999 -9999 -9999 -9999 -9999 -9999 -9999 -9999 -9999 -9999 -9999 -9999 -9999 -9999 -9999 -9999 -9999
101.941 101.377 -9999 -9999 -9999 101.569 -9999 101.385 101.241 101.303 101.239 101.337 101.652 101.486 101.235 101.117 100.998 100.975 100.934 100.967 100.929 100.833 100.799 100.735 100.705 100.678 -9999 -9999 -9999 -9999 100.608 100.609 100.588 100.568 100.55 100.534 100.52 100.483 100.405 100.421 100.481 100.451 100.381 100.403 100.468 100.382 100.148 100.178 100.255 100.279 100.386 100.416 100.499 -9999 -9999 -9999 -9999 -9999 -9999 -9999 -9999 -9999 -9999 -9999 -9999 -9999 -9999 -9999 -9999 -9999 -9999 -9999 -9999 -9999
101.977 101.52 -9999 -9999 -9999 101.683 101.711 101.713 101.83 101.676 101.36 101.584 101.789 101.49 101.251 101.122 100.978 100.933 100.892 100.852 100.814 100.778 100.743 100.709 100.676 -9999 -9999 100.589 100.575 100.563 100.553 100.532 100.509 100.488 100.47 100.453 100.438 100.382 100.351 100.383 100.394 100.325 100.245 100.301 100.372 100.158 99.911 99.95 99.961 100.085 100.292 100.297 100.285 100.377 -9999 -9999 -9999 -9999 -9999 -9999 -9999 -9999 -9999 -9999 -9999 -9999 -9999 -9999 -9999 -9999 -9999 -9999 -9999 -9999
102.027 101.859 -9999 101.892 -9999 101.589 101.464 101.549 101.583 101.469 101.631 101.687 101.543 101.343 101.207 100.965 100.551 100.613 100.869 100.899 101.047 100.939 100.716 100.681 100.645 -9999 100.561 100.535 100.509 100.487 100.469 100.449 100.428 100.408 100.389 100.371 100.356 100.332 100.319 100.318 100.308 100.256 100.235 100.095 99.629 99.601 99.876 99.855 99.792 99.962 100.149 100.147 100.117 100.172 -9999 -9999 -9999 -9999 -9999 -9999 -9999 -9999 -9999 -9999 -9999 -9999 -9999 -9999 -9999 -9999 -9999 -9999 -9999 -9999
102.074 -9999 102.005 -9999 -9999 -9999 101.172 101.391 101.935 101.772 101.158 101.157 101.343 101.263 101.291 101.072 101.156 101.158 100.847 100.941 101.007 100.833 100.688 100.647 100.594 100.547 100.507 100.474 100.44 100.411 100.383 100.364 100.345 100.325 100.307 100.29 100.274 100.259 100.246 100.234 100.223 100.208 100.203 99.773 99.264 99.577 100.052 99.964 99.82 99.92 99.947 99.955 99.949 99.991 -9999 -9999 -9999 -9999 -9999 -9999 -9999 -9999 -9999 -9999 -9999 -9999 -9999 -9999 -9999 -9999 -9999 -9999 -9999 -9999
101.462 101.518 -9999 -9999 -9999 -9999 101.653 101.882 101.791 -9999 101.323 101.336 101.146 101.197 101.324 101.432 101.675 101.32 100.832 100.842 100.813 100.711 100.65 100.587 100.531 100.49 100.452 100.415 100.379 100.342 100.308 100.279 100.26 100.242 100.224 100.207 100.192 100.039 99.653 99.564 99.346 99.547 100.105 99.625 99.037 99.482 100.037 99.933 99.855 99.861 99.851 99.885 99.94 99.959 -9999 -9999 -9999 -9999 -9999 -9999 -9999 -9999 -9999 -9999 -9999 -9999 -9999 -9999 -9999 -9999 -9999 -9999 -9999 -9999
102.151 102.177 -9999 -9999 -9999 101.86 -9999 -9999 101.676 101.574 101.475 101.435 101.617 101.678 101.685 101.772 101.738 101.298 100.82 100.783 100.755 100.68 100.587 100.524 100.478 100.436 100.397 100.358 100.319 100.28 100.239 100.205 100.175 100.158 100.141 100.124 100.109 99.864 99.744 99.633 99.641 99.929 99.942 99.508 99.153 99.456 99.515 99.546 99.744 99.71 99.64 99.754 99.847 -9999 -9999 -9999 -9999 -9999 -9999 -9999 -9999 -9999 -9999 -9999 -9999 -9999 -9999 -9999 -9999 -9999 -9999 -9999 -9999 -9999
102.033 101.963 102.058 101.805 -9999 -9999 -9999 101.909 101.407 -9999 101.413 101.601 101.88 101.719 101.311 101.239 101.156 100.869 100.811 100.714 100.509 100.531 100.772 100.652 100.427 100.384 100.342 100.302 100.261 100.22 100.178 100.135 100.1 100.073 100.057 100.041 100.026 99.939 99.875 99.879 99.883 99.849 99.745 99.41 99.001 99.149 99.473 99.554 99.503 99.498 99.586 99.627 -9999 -9999 -9999 -9999 -9999 -9999 -9999 -9999 -9999 -9999 -9999 -9999 -9999 -9999 -9999 -9999 -9999 -9999 -9999 -9999 -9999 -9999
101.812 101.972 102.26 101.78 -9999 101.496 101.704 101.961 102.004 102.032 102.07 102.104 101.845 101.491 101.137 101.041 100.949 100.867 100.801 100.717 100.787 100.835 100.688 100.508 100.377 100.333 100.289 100.246 100.204 100.161 100.117 100.073 100.03 99.995 99.972 99.957 99.943 99.906 99.899 99.902 99.908 99.831 99.77 99.452 99.161 99.388 99.559 99.495 99.397 99.459 99.511 99.559 -9999 -9999 -9999 -9999 -9999 -9999 -9999 -9999 -9999 -9999 -9999 -9999 -9999 -9999 -9999 -9999 -9999 -9999 -9999 -9999 -9999 -9999
102.26 102.618 103.153 102.67 101.985 101.9 102.023 -9999 101.999 101.787 101.209 101.108 101.225 101.124 101.37 101.217 100.969 100.889 100.827 100.904 101.055 100.838 100.498 100.383 100.294 100.234 100.17 100.143 100.148 100.103 100.058 100.012 99.965 99.756 99.275 99.424 99.859 99.873 99.924 99.927 99.93 99.873 99.805 99.633 99.573 99.64 99.589 99.539 99.543 99.533 99.437 -9999 -9999 -9999 -9999 -9999 -9999 -9999 -9999 -9999 -9999 -9999 -9999 -9999 -9999 -9999 -9999 -9999 -9999 -9999 -9999 -9999 -9999 -9999
102.284 -9999 -9999 -9999 102.178 102.092 -9999 102.107 102.166 101.84 101.804 101.838 101.802 101.873 101.754 101.453 101.019 100.868 100.586 100.735 100.984 100.702 100.447 100.402 100.439 100.341 100.209 100.171 100.094 100.047 100.0 99.952 99.904 99.632 99.612 99.807 99.776 99.761 99.655 99.644 99.614 99.62 99.734 99.652 99.515 99.472 99.43 99.456 99.523 99.459 99.413 -9999 -9999 -9999 -9999 -9999 -9999 -9999 -9999 -9999 -9999 -9999 -9999 -9999 -9999 -9999 -9999 -9999 -9999 -9999 -9999 -9999 -9999 -9999
-9999 -9999 -9999 102.652 102.213 -9999 101.513 102.155 -9999 102.073 102.353 102.288 102.2 102.11 102.049 101.611 101.047 100.78 100.517 100.511 100.229 100.063 100.0 100.067 100.221 100.306 100.748 100.524 100.072 100.007 99.944 99.596 98.747 99.003 99.755 99.692 99.624 99.542 99.468 99.479 99.552 99.624 99.662 99.465 99.125 99.135 99.224 99.291 99.388 99.381 99.379 -9999 -9999 -9999 -9999 -9999 -9999 -9999 -9999 -9999 -9999 -9999 -9999 -9999 -9999 -9999 -9999 -9999 -9999 -9999 -9999 -9999 -9999 -9999
-9999 -9999 -9999 102.398 -9999 -9999 101.562 102.087 102.226 102.276 102.066 102.016 102.024 101.935 101.799 101.394 101.081 100.888 100.791 100.596 100.55 100.462 100.344 100.391 100.332 100.401 100.002 99.847 100.084 99.992 99.874 99.529 99.779 99.937 99.684 99.625 99.626 99.541 99.413 99.434 99.39 99.389 99.334 99.117 99.0 99.126 99.337 99.367 99.309 99.326 99.348 -9999 -9999 -9999 -9999 -9999 -9999 -9999 -9999 -9999 -9999 -9999 -9999 -9999 -9999 -9999 -9999 -9999 -9999 -9999 -9999 -9999 -9999 -9999
-9999 -9999 -9999 -9999 -9999 -9999 -9999 102.137 101.998 101.851 101.774 101.908 102.279 102.055 101.666 101.083 99.938 100.077 100.624 100.597 100.672 100.635 100.731 100.7 100.727 100.389 100.056 100.154 100.11 99.97 99.785 100.051 100.338 100.118 99.89 99.702 99.573 99.494 99.483 99.382 99.169 99.062 98.849 98.929 99.312 99.413 99.394 99.286 99.077 99.145 -9999 -9999 -9999 -9999 -9999 -9999 -9999 -9999 -9999 -9999 -9999 -9999 -9999 -9999 -9999 -9999 -9999 -9999 -9999 -9999 -9999 -9999 -9999 -9999
-9999 -9999 -9999 -9999 -9999 102.169 102.048 -9999 101.916 101.868 101.877 102.035 101.97 101.651 101.352 100.842 101.076 101.181 100.75 100.722 100.624 100.657 100.644 100.585 100.417 100.241 100.251 100.198 100.138 100.002 99.915 99.892 99.374 99.381 99.647 99.546 99.532 99.493 99.482 99.367 99.351 99.256 99.298 99.467 99.397 99.378 99.358 99.217 99.128 99.243 -9999 -9999 -9999 -9999 -9999 -9999 -9999 -9999 -9999 -9999 -9999 -9999 -9999 -9999 -9999 -9999 -9999 -9999 -9999 -9999 -9999 -9999 -9999 -9999
-9999 -9999 -9999 -9999 102.365 102.222 101.802 101.91 102.284 102.318 102.427 102.259 101.928 101.676 101.411 101.468 101.345 101.065 100.948 100.838 100.754 100.682 100.549 100.424 100.345 100.202 99.825 99.814 99.888 99.878 99.992 99.692 99.623 99.748 99.667 99.551 99.306 99.108 98.768 99.059 99.318 99.244 98.987 99.059 99.354 99.333 99.306 99.252 99.233 -9999 -9999 -9999 -9999 -9999 -9999 -9999 -9999 -9999 -9999 -9999 -9999 -9999 -9999 -9999 -9999 -9999 -9999 -9999 -9999 -9999 -9999 -9999 -9999 -9999
-9999 -9999 -9999 -9999 102.418 -9999 102.182 102.213 101.826 102.094 102.685 102.302 101.762 101.599 101.502 101.377 101.256 101.161 101.106 100.966 100.774 100.688 100.696 100.592 100.448 100.186 100.025 100.049 100.034 100.075 100.048 99.973 99.885 99.804 99.726 99.573 99.526 99.225 99.192 99.295 99.273 99.133 99.114 99.277 99.312 99.277 99.224 99.215 99.22 -9999 -9999 -9999 -9999 -9999 -9999 -9999 -9999 -9999 -9999 -9999 -9999 -9999 -9999 -9999 -9999 -9999 -9999 -9999 -9999 -9999 -9999 -9999 -9999 -9999
-9999 -9999 -9999 -9999 -9999 -9999 102.298 102.05 101.962 102.237 102.185 101.878 101.827 101.721 101.539 101.406 101.259 101.192 101.127 100.907 100.638 100.642 100.707 100.595 100.52 100.4 100.326 100.281 100.206 100.143 100.031 99.962 99.918 99.839 99.761 99.68 99.546 99.439 99.421 99.268 99.018 99.237 99.308 99.329 99.34 99.28 99.193 99.189 99.174 -9999 -9999 -9999 -9999 -9999 -9999 -9999 -9999 -9999 -9999 -9999 -9999 -9999 -9999 -9999 -9999 -9999 -9999 -9999 -9999 -9999 -9999 -9999 -9999 -9999
-9999 -9999 -9999 -9999 102.473 102.409 102.31 102.218 102.131 102.068 101.998 102.0 102.095 -9999 101.577 101.449 101.352 101.294 101.266 101.061 100.924 100.872 100.715 100.639 100.563 100.487 100.412 100.336 100.26 100.01 99.515 99.61 99.951 99.873 99.794 99.654 99.479 99.452 99.469 99.246 99.262 99.278 99.292 99.166 98.811 98.863 99.129 99.123 99.142 -9999 -9999 -9999 -9999 -9999 -9999 -9999 -9999 -9999 -9999 -9999 -9999 -9999 -9999 -9999 -9999 -9999 -9999 -9999 -9999 -9999 -9999 -9999 -9999 -9999
102.441 102.561 102.497 102.504 -9999 102.444 102.354 102.263 102.178 102.123 102.103 102.111 -9999 101.765 101.586 101.484 101.386 101.331 101.259 101.12 100.973 100.835 100.753 100.676 100.599 100.523 100.446 100.37 100.294 100.001 99.924 100.063 99.985 99.906 99.827 99.742 99.777 99.691 99.491 99.403 99.344 99.309 99.255 99.037 99.017 99.144 99.12 99.111 -9999 -9999 -9999 -9999 -9999 -9999 -9999 -9999 -9999 -9999 -9999 -9999 -9999 -9999 -9999 -9999 -9999 -9999 -9999 -9999 -9999 -9999 -9999 -9999 -9999 -9999
102.497 102.51 102.513 102.515 102.513 -9999 102.393 102.308 102.222 102.197 102.187 102.075 101.905 101.755 101.649 101.543 101.435 101.365 101.315 101.159 100.977 100.877 100.792 100.714 100.636 100.559 100.482 100.406 100.329 100.251 100.174 100.096 100.017 99.938 99.857 99.788 99.572 99.469 99.512 99.44 99.38 99.315 99.245 99.186 99.139 99.117 -9999 -9999 -9999 -9999 -9999 -9999 -9999 -9999 -9999 -9999 -9999 -9999 -9999 -9999 -9999 -9999 -9999 -9999 -9999 -9999 -9999 -9999 -9999 -9999 -9999 -9999 -9999 -9999
-9999 -9999 -9999 102.535 -9999 102.51 102.383 102.279 102.129 102.149 -9999 -9999 101.455 101.468 101.693 101.586 101.489 101.42 101.342 101.178 101.021 100.92 100.832 100.753 100.675 100.597 100.519 100.442 100.364 100.286 100.208 100.123 100.027 99.953 99.887 99.735 99.648 99.623 99.531 99.453 99.392 99.327 99.256 99.181 99.118 -9999 -9999 -9999 -9999 -9999 -9999 -9999 -9999 -9999 -9999 -9999 -9999 -9999 -9999 -9999 -9999 -9999 -9999 -9999 -9999 -9999 -9999 -9999 -9999 -9999 -9999 -9999 -9999 -9999
102.529 102.417 -9999 102.565 102.615 102.55 102.47 102.369 102.317 -9999 -9999 102.209 101.901 101.973 101.898 101.716 101.402 101.334 101.295 101.165 101.066 100.963 100.874 100.794 100.715 100.636 100.558 100.479 100.4 100.321 100.242 100.068 99.755 99.767 99.915 99.829 99.74 99.646 99.548 99.466 99.404 99.338 99.266 99.188 99.107 99.051 -9999 -9999 -9999 -9999 -9999 -9999 -9999 -9999 -9999 -9999 -9999 -9999 -9999 -9999 -9999 -9999 -9999 -9999 -9999 -9999 -9999 -9999 -9999 -9999 -9999 -9999 -9999 -9999
