Validation/Results/raw data/ReClimate_05_2024_1.asc
NCOLS 192
NROWS 249
XLLCENTER -225160.85627316462
YLLCENTER 29788.11610251502
CELLSIZE 5000.0
NODATA_VALUE -9999
[rows 165 to 197 of 249, columns 74 to 147 of 192]
-9999 -9999 -9999 -9999 -9999 -9999 -9999 -9999 -9999 -9999 -9999 -9999 -9999 -9999 -9999 -9999 -9999 -9999 -9999 -9999 -9999 -9999 -9999 -9999 -9999 -9999 -9999 -9999 -9999 -9999 -9999 -9999 -9999 -9999 -9999 -9999 -9999 -9999 98.723 98.734 98.747 98.735 98.725 98.718 98.716 98.704 98.683 98.651 98.621 98.592 98.566 98.542 98.52 98.498 98.479 98.46 98.442 98.424 98.407 98.391 98.375 98.361 98.35 98.34 98.331 98.323 98.319 98.317 98.316 98.316 98.318 98.32 98.324 98.327
-9999 -9999 -9999 -9999 -9999 -9999 -9999 -9999 -9999 -9999 -9999 -9999 -9999 -9999 -9999 -9999 -9999 -9999 -9999 -9999 -9999 -9999 -9999 -9999 -9999 -9999 -9999 -9999 -9999 -9999 -9999 -9999 -9999 -9999 -9999 -9999 -9999 -9999 98.736 98.755 98.761 98.764 98.76 98.755 98.754 98.751 98.738 98.715 98.683 98.654 98.628 98.603 98.58 98.559 98.539 98.521 98.503 98.487 98.472 98.457 98.445 98.435 98.426 98.419 98.413 98.407 98.404 98.404 98.405 98.408 98.412 98.418 98.417 98.411
-9999 -9999 -9999 -9999 -9999 -9999 -9999 -9999 -9999 -9999 -9999 -9999 -9999 -9999 -9999 -9999 -9999 -9999 -9999 -9999 -9999 -9999 -9999 -9999 -9999 -9999 -9999 -9999 -9999 -9999 -9999 -9999 -9999 -9999 -9999 -9999 -9999 98.66 98.735 98.75 98.764 98.774 98.781 98.789 98.79 98.79 98.785 98.771 98.745 98.716 98.689 98.663 98.64 98.619 98.599 98.581 98.564 98.549 98.536 98.524 98.515 98.508 98.502 98.497 98.493 98.491 98.489 98.491 98.494 98.5 98.502 98.499 98.493 98.482
-9999 -9999 -9999 -9999 -9999 -9999 -9999 -9999 -9999 -9999 -9999 -9999 -9999 -9999 -9999 -9999 -9999 -9999 -9999 -9999 -9999 -9999 -9999 -9999 -9999 -9999 -9999 -9999 -9999 -9999 -9999 -9999 -9999 -9999 -9999 -9999 -9999 98.657 98.727 98.744 98.759 98.773 98.788 98.802 98.812 98.821 98.825 98.818 98.802 98.778 98.75 98.724 98.7 98.679 98.659 98.641 98.625 98.612 98.601 98.592 98.585 98.58 98.576 98.573 98.572 98.573 98.575 98.579 98.579 98.575 98.57 98.562 98.552 98.541
-9999 -9999 -9999 -9999 -9999 -9999 -9999 -9999 -9999 -9999 -9999 -9999 -9999 -9999 -9999 -9999 -9999 -9999 -9999 -9999 -9999 -9999 -9999 -9999 -9999 -9999 -9999 -9999 -9999 -9999 -9999 -9999 -9999 -9999 -9999 -9999 -9999 -9999 98.72 98.737 98.752 98.767 98.784 98.803 98.82 98.833 98.843 98.849 98.846 98.833 98.811 98.785 98.761 98.739 98.719 98.702 98.688 98.676 98.666 98.659 98.654 98.651 98.649 98.649 98.651 98.651 98.649 98.645 98.641 98.633 98.624 98.615 98.606 98.596
-9999 -9999 -9999 -9999 -9999 -9999 -9999 -9999 -9999 -9999 -9999 -9999 -9999 -9999 -9999 -9999 -9999 -9999 98.181 98.226 -9999 -9999 -9999 -9999 -9999 -9999 -9999 -9999 -9999 -9999 -9999 -9999 -9999 -9999 -9999 -9999 -9999 98.695 98.713 98.73 98.746 98.762 98.78 98.8 98.818 98.835 98.85 98.86 98.864 98.861 98.853 98.841 98.82 98.8 98.782 98.765 98.751 98.74 98.731 98.726 98.722 98.718 98.714 98.712 98.71 98.707 98.702 98.696 98.689 98.682 98.674 98.666 98.658 98.649
-9999 -9999 -9999 -9999 -9999 -9999 -9999 -9999 -9999 -9999 -9999 -9999 -9999 -9999 -9999 -9999 -9999 -9999 98.174 98.22 98.262 -9999 -9999 -9999 -9999 -9999 -9999 -9999 -9999 -9999 -9999 -9999 -9999 -9999 -9999 -9999 98.66 98.688 98.707 98.724 98.74 98.756 98.776 98.796 98.815 98.833 98.85 98.863 98.869 98.871 98.87 98.866 98.859 98.843 98.827 98.812 98.799 98.787 98.779 98.773 98.769 98.766 98.763 98.759 98.754 98.749 98.744 98.738 98.734 98.729 98.723 98.716 98.709 98.702
-9999 -9999 -9999 -9999 -9999 -9999 -9999 -9999 -9999 -9999 -9999 -9999 -9999 -9999 -9999 -9999 -9999 98.141 98.178 98.22 98.26 98.287 -9999 -9999 -9999 -9999 -9999 -9999 -9999 -9999 -9999 -9999 -9999 98.471 -9999 -9999 98.663 98.682 98.7 98.717 98.733 -9999 98.771 98.791 98.811 98.83 98.848 98.863 98.872 98.874 98.876 98.878 98.881 98.875 98.863 98.849 98.837 98.827 98.818 98.813 98.81 98.807 98.803 98.798 98.793 98.788 98.784 98.78 98.777 98.775 98.771 98.766 98.76 98.754
-9999 -9999 -9999 -9999 -9999 -9999 -9999 -9999 -9999 -9999 -9999 -9999 -9999 -9999 -9999 -9999 -9999 98.145 98.179 98.22 98.258 98.288 98.321 98.149 -9999 -9999 -9999 98.631 98.266 -9999 98.41 98.561 98.58 98.481 98.502 -9999 -9999 98.679 98.697 -9999 -9999 98.747 98.767 98.788 98.807 98.827 98.845 98.862 98.871 98.876 98.879 98.882 98.886 98.889 98.89 98.885 98.875 98.866 98.858 98.854 98.85 98.845 98.84 98.835 98.83 98.826 98.823 98.821 98.82 98.82 98.819 98.816 98.811 98.805
-9999 -9999 -9999 -9999 -9999 -9999 -9999 -9999 -9999 -9999 -9999 -9999 -9999 -9999 -9999 -9999 -9999 -9999 98.181 98.22 98.256 98.29 98.322 -9999 -9999 98.541 98.816 98.616 98.434 98.433 98.532 98.553 98.572 98.593 98.619 98.64 -9999 98.678 98.695 98.711 98.725 98.741 98.761 98.781 98.801 98.82 98.84 98.857 98.87 98.877 98.882 98.886 98.89 98.894 98.899 98.903 98.906 98.904 98.9 98.894 98.888 98.882 98.876 98.871 98.866 98.863 98.861 98.861 98.862 98.864 98.866 98.865 98.861 98.856
-9999 -9999 -9999 -9999 -9999 -9999 -9999 -9999 -9999 -9999 -9999 -9999 -9999 -9999 -9999 -9999 -9999 -9999 98.176 98.22 98.255 98.287 98.318 98.227 98.255 98.526 98.552 98.344 98.021 98.154 98.523 98.543 98.563 98.588 98.614 98.635 98.651 98.665 98.679 98.692 98.704 98.72 98.739 98.759 98.779 98.799 98.819 98.837 98.852 98.864 98.875 98.885 98.894 98.899 98.904 98.91 98.916 98.923 98.928 98.929 98.925 98.918 98.912 98.907 98.903 98.901 98.9 98.9 98.902 98.906 98.912 98.914 98.91 98.905
-9999 -9999 -9999 -9999 -9999 -9999 -9999 -9999 -9999 -9999 -9999 -9999 -9999 -9999 -9999 -9999 -9999 -9999 -9999 98.219 98.253 98.284 98.314 98.342 98.369 98.396 98.421 98.194 98.027 98.301 98.514 98.534 98.553 98.572 98.593 98.61 98.626 98.641 98.653 98.666 98.679 98.695 98.714 98.733 98.753 98.773 98.793 98.812 98.828 98.842 98.857 98.871 98.884 98.896 98.908 98.916 98.923 98.93 98.934 98.937 98.939 98.939 98.94 98.941 98.94 98.939 98.938 98.939 98.942 98.947 98.954 98.959 98.957 98.954
-9999 -9999 -9999 -9999 -9999 -9999 -9999 -9999 -9999 -9999 -9999 -9999 -9999 -9999 -9999 -9999 -9999 -9999 -9999 -9999 -9999 98.281 98.31 97.355 94.642 95.647 98.414 98.291 98.187 98.355 98.501 98.512 98.525 98.543 98.562 98.58 98.598 98.614 98.629 98.641 98.654 98.67 98.689 98.709 98.728 98.748 98.768 98.787 98.803 98.818 98.834 98.849 98.865 98.879 98.895 98.911 98.926 98.934 98.937 98.938 98.94 98.942 98.945 98.948 98.951 98.953 98.956 98.959 98.962 98.967 98.972 98.975 98.972 98.965
-9999 -9999 -9999 -9999 -9999 -9999 -9999 -9999 -9999 -9999 -9999 -9999 -9999 -9999 -9999 -9999 -9999 -9999 -9999 -9999 98.248 98.277 98.305 96.705 96.244 97.895 98.406 98.299 98.142 98.285 98.471 98.481 98.495 98.514 98.533 98.552 98.57 98.587 98.603 98.618 98.631 98.647 98.665 98.685 98.704 98.724 98.744 98.762 98.779 98.794 98.811 98.828 98.845 98.861 98.878 98.895 98.91 98.924 98.934 98.939 98.94 98.942 98.944 98.947 98.949 98.951 98.954 98.957 98.96 98.964 98.967 98.969 98.965 98.956
-9999 -9999 -9999 -9999 -9999 -9999 -9999 -9999 -9999 -9999 -9999 -9999 -9999 -9999 -9999 -9999 -9999 -9999 -9999 98.191 98.244 98.273 98.3 98.068 98.093 98.376 98.398 98.319 98.328 98.401 98.325 98.373 98.494 98.507 98.506 98.525 98.543 98.561 98.578 98.594 98.609 98.624 98.642 98.661 98.681 98.7 98.72 98.739 98.755 98.771 98.788 98.806 98.825 98.843 98.86 98.876 98.89 98.902 98.916 98.93 98.939 98.942 98.944 98.945 98.946 98.947 98.949 98.95 98.952 98.954 98.955 98.956 98.953 98.943
-9999 -9999 -9999 -9999 -9999 -9999 -9999 -9999 -9999 -9999 -9999 -9999 -9999 -9999 -9999 -9999 -9999 -9999 98.091 98.209 98.24 98.268 98.295 98.321 98.345 98.366 98.377 98.385 98.394 98.337 98.288 98.327 98.263 98.322 98.48 98.499 98.518 98.536 98.553 98.57 98.586 98.602 98.619 98.638 98.658 98.677 98.697 98.716 98.732 98.749 98.766 98.785 98.804 98.824 98.841 98.856 98.868 98.881 98.895 98.909 98.925 98.938 98.943 98.943 98.943 98.943 98.943 98.943 98.943 98.943 98.943 98.942 98.938 98.927
-9999 -9999 -9999 -9999 -9999 -9999 -9999 -9999 -9999 -9999 -9999 -9999 -9999 -9999 -9999 -9999 98.121 98.075 98.184 98.206 98.235 98.319 98.503 98.471 98.333 98.342 98.35 98.358 98.367 98.345 98.355 98.324 98.341 98.296 97.923 98.081 98.493 98.511 98.529 98.547 98.563 98.58 98.597 98.616 98.635 98.655 98.674 98.692 98.709 98.727 98.745 98.764 98.783 98.804 98.821 98.834 98.847 98.86 98.874 98.889 98.905 98.921 98.936 98.941 98.94 98.939 98.937 98.936 98.934 98.933 98.931 98.928 98.923 98.909
-9999 -9999 -9999 -9999 -9999 -9999 -9999 -9999 -9999 -9999 -9999 -9999 -9999 -9999 -9999 98.176 98.129 98.167 98.183 -9999 -9999 -9999 -9999 98.451 98.308 98.316 98.324 98.333 98.342 98.351 98.36 98.372 98.39 98.18 98.135 98.386 98.469 98.487 98.505 98.523 98.54 98.557 98.575 98.594 98.613 98.632 98.652 98.67 98.687 98.705 98.723 98.743 98.763 98.782 98.799 98.812 98.825 98.839 98.853 98.869 98.885 98.901 98.916 98.931 98.935 98.933 98.931 98.928 98.925 98.922 98.918 98.914 98.908 98.891
-9999 -9999 -9999 -9999 -9999 -9999 -9999 -9999 -9999 -9999 -9999 -9999 -9999 -9999 -9999 98.132 98.149 98.167 -9999 -9999 -9999 -9999 -9999 98.347 98.284 98.292 98.3 98.309 98.318 98.326 98.336 98.348 98.366 98.359 98.397 98.444 98.445 98.463 98.482 98.499 98.517 98.534 98.553 98.572 98.591 98.611 98.63 98.648 98.665 98.683 98.702 98.721 98.742 98.76 98.776 98.79 98.803 98.817 98.832 98.848 98.865 98.882 98.895 98.908 98.922 98.926 98.923 98.919 98.915 98.91 98.905 98.9 98.891 98.871
-9999 -9999 -9999 -9999 -9999 -9999 -9999 -9999 -9999 -9999 -9999 -9999 -9999 -9999 -9999 -9999 -9999 98.14 -9999 -9999 -9999 -9999 -9999 98.324 98.26 98.269 98.277 98.285 98.29 98.294 98.299 98.308 98.323 98.346 98.348 98.364 98.401 98.422 98.442 98.463 98.484 98.506 98.528 98.55 98.57 98.59 98.608 98.625 98.643 98.661 98.68 98.7 98.719 98.737 98.752 98.767 98.78 98.795 98.81 98.825 98.842 98.858 98.872 98.884 98.897 98.911 98.911 98.902 98.893 98.884 98.874 98.865 98.851 98.828
-9999 -9999 -9999 -9999 -9999 -9999 -9999 -9999 -9999 -9999 -9999 -9999 -9999 -9999 -9999 -9999 -9999 -9999 -9999 -9999 -9999 -9999 -9999 98.21 98.236 98.238 98.24 98.241 98.242 98.245 98.249 98.256 98.271 98.281 98.301 98.33 98.351 98.372 98.394 98.416 98.439 98.463 98.488 98.513 98.539 98.564 98.585 98.602 98.62 98.639 98.658 98.678 98.696 98.712 98.727 98.743 98.757 98.771 98.786 98.801 98.817 98.832 98.844 98.852 98.859 98.868 98.877 98.871 98.858 98.845 98.832 98.819 98.801 98.772
-9999 -9999 -9999 -9999 -9999 -9999 -9999 -9999 -9999 -9999 -9999 -9999 -9999 -9999 -9999 -9999 -9999 -9999 -9999 -9999 -9999 -9999 -9999 -9999 98.191 98.189 98.189 98.189 98.192 98.195 98.199 98.207 98.221 98.24 98.26 98.28 98.3 98.322 98.343 98.366 98.389 98.414 98.439 98.466 98.496 98.523 98.547 98.572 98.597 98.616 98.635 98.655 98.672 98.687 98.702 98.718 98.733 98.747 98.761 98.776 98.787 98.795 98.803 98.808 98.813 98.818 98.824 98.829 98.819 98.804 98.788 98.771 98.748 98.716
-9999 -9999 -9999 -9999 -9999 -9999 -9999 -9999 -9999 -9999 -9999 -9999 -9999 -9999 -9999 -9999 -9999 -9999 -9999 -9999 -9999 -9999 -9999 98.127 98.14 98.139 98.14 98.142 98.144 98.148 98.152 98.159 98.172 98.191 98.211 98.231 98.251 98.272 98.293 98.316 98.341 98.366 98.391 98.418 98.446 98.474 98.501 98.53 98.557 98.585 98.612 98.631 98.647 98.662 98.677 98.693 98.708 98.722 98.732 98.74 98.748 98.753 98.757 98.76 98.764 98.767 98.772 98.777 98.776 98.762 98.743 98.723 98.696 98.663
-9999 -9999 -9999 -9999 -9999 -9999 -9999 -9999 -9999 -9999 -9999 -9999 -9999 -9999 -9999 -9999 -9999 -9999 -9999 -9999 -9999 -9999 -9999 98.08 98.092 98.092 98.094 98.096 98.099 98.103 98.107 98.113 98.125 98.143 98.163 98.183 98.203 98.223 98.244 98.268 98.292 98.317 98.342 98.368 98.395 98.423 98.452 98.481 98.511 98.543 98.573 98.603 98.621 98.636 98.651 98.666 98.68 98.688 98.695 98.7 98.703 98.707 98.71 98.713 98.715 98.718 98.72 98.724 98.728 98.718 98.697 98.674 98.645 98.612
-9999 -9999 -9999 -9999 -9999 -9999 -9999 -9999 -9999 -9999 -9999 -9999 -9999 -9999 -9999 -9999 -9999 -9999 -9999 -9999 -9999 -9999 -9999 98.035 98.046 98.048 98.05 98.053 98.056 98.06 98.064 98.069 98.08 98.097 98.115 98.135 98.154 98.175 98.197 98.221 98.245 98.269 98.293 98.318 98.344 98.372 98.401 98.431 98.462 98.494 98.528 98.56 98.59 98.609 98.624 98.636 98.644 98.65 98.653 98.656 98.659 98.662 98.664 98.666 98.667 98.668 98.669 98.67 98.671 98.669 98.65 98.625 98.596 98.563
-9999 -9999 -9999 -9999 -9999 -9999 -9999 -9999 -9999 -9999 -9999 -9999 -9999 -9999 -9999 -9999 -9999 -9999 -9999 -9999 -9999 -9999 -9999 -9999 98.003 98.006 98.009 98.012 98.015 98.019 98.022 98.027 98.036 98.051 98.068 98.086 98.106 98.127 98.151 98.174 98.198 98.221 98.245 98.269 98.294 98.32 98.35 98.38 98.411 98.444 98.478 98.509 98.54 98.572 98.589 98.599 98.604 98.608 98.611 98.613 98.616 98.617 98.619 98.619 98.619 98.619 98.618 98.617 98.616 98.615 98.602 98.578 98.549 98.518
-9999 -9999 -9999 -9999 -9999 -9999 -9999 -9999 -9999 -9999 -9999 -9999 -9999 -9999 -9999 -9999 -9999 -9999 -9999 -9999 -9999 -9999 -9999 -9999 97.965 97.965 97.969 97.972 97.975 97.978 97.981 97.985 97.993 98.005 98.022 98.039 98.058 98.081 98.104 98.127 98.151 98.174 98.197 98.22 98.244 98.27 98.298 98.329 98.36 98.393 98.426 98.458 98.487 98.514 98.54 98.555 98.562 98.566 98.568 98.57 98.572 98.573 98.573 98.573 98.572 98.57 98.568 98.565 98.562 98.558 98.552 98.532 98.505 98.474
-9999 -9999 -9999 -9999 -9999 -9999 -9999 -9999 -9999 -9999 -9999 -9999 -9999 -9999 -9999 -9999 -9999 -9999 -9999 -9999 -9999 -9999 -9999 97.913 97.926 97.926 97.929 97.933 97.936 97.938 97.941 97.944 97.95 97.96 97.976 97.992 98.012 98.034 98.057 98.08 98.103 98.126 98.149 98.172 98.196 98.22 98.247 98.277 98.309 98.342 98.375 98.405 98.43 98.454 98.478 98.502 98.518 98.524 98.526 98.527 98.528 98.529 98.528 98.527 98.525 98.522 98.519 98.514 98.509 98.504 98.501 98.488 98.462 98.432
-9999 -9999 -9999 -9999 -9999 -9999 -9999 -9999 -9999 -9999 -9999 -9999 -9999 -9999 -9999 -9999 -9999 -9999 -9999 -9999 -9999 -9999 -9999 97.877 97.879 97.879 97.882 97.885 97.89 97.895 97.899 97.903 97.907 97.915 97.929 97.946 97.967 97.988 98.01 98.033 98.055 98.078 98.101 98.124 98.147 98.171 98.197 98.225 98.257 98.29 98.323 98.35 98.371 98.394 98.417 98.44 98.464 98.48 98.483 98.485 98.485 98.485 98.484 98.481 98.479 98.475 98.47 98.464 98.457 98.453 98.449 98.443 98.421 98.391
-9999 -9999 -9999 -9999 -9999 -9999 -9999 -9999 -9999 -9999 -9999 -9999 -9999 -9999 -9999 -9999 -9999 -9999 -9999 -9999 -9999 -9999 -9999 97.83 97.83 97.83 97.832 97.834 97.837 97.842 97.848 97.854 97.86 97.87 97.883 97.901 97.922 97.942 97.963 97.984 98.005 98.027 98.05 98.073 98.097 98.122 98.147 98.175 98.204 98.238 98.268 98.29 98.312 98.334 98.357 98.38 98.404 98.428 98.44 98.442 98.442 98.441 98.439 98.437 98.433 98.428 98.422 98.415 98.41 98.405 98.401 98.398 98.381 98.352
-9999 -9999 -9999 -9999 -9999 -9999 -9999 -9999 -9999 -9999 -9999 -9999 -9999 -9999 -9999 -9999 -9999 -9999 -9999 -9999 -9999 -9999 97.776 97.78 97.781 97.782 97.783 97.783 97.784 97.786 97.793 97.8 97.807 97.816 97.83 97.851 97.87 97.888 97.906 97.925 97.945 97.966 97.989 98.012 98.036 98.061 98.087 98.114 98.144 98.177 98.205 98.231 98.253 98.276 98.299 98.322 98.345 98.368 98.391 98.4 98.4 98.398 98.396 98.392 98.387 98.381 98.375 98.369 98.364 98.359 98.354 98.351 98.34 98.313
-9999 -9999 -9999 -9999 -9999 -9999 -9999 -9999 -9999 -9999 -9999 -9999 -9999 -9999 -9999 -9999 -9999 -9999 -9999 -9999 -9999 97.723 97.731 97.731 97.732 97.733 97.734 97.734 97.733 97.734 97.737 97.742 97.746 97.751 97.764 97.784 97.806 97.827 97.845 97.863 97.883 97.903 97.924 97.947 97.971 97.996 98.022 98.049 98.078 98.105 98.134 98.162 98.19 98.217 98.241 98.264 98.287 98.31 98.333 98.353 98.357 98.355 98.352 98.348 98.342 98.337 98.332 98.326 98.321 98.315 98.31 98.307 98.299 98.275
-9999 -9999 -9999 -9999 -9999 -9999 -9999 -9999 -9999 -9999 -9999 -9999 -9999 -9999 -9999 -9999 -9999 -9999 -9999 97.666 97.675 97.68 97.681 97.681 97.683 97.684 97.685 97.685 97.685 97.683 97.68 97.677 97.677 97.681 97.694 97.712 97.736 97.759 97.782 97.803 97.822 97.841 97.861 97.883 97.906 97.931 97.957 97.984 98.009 98.034 98.06 98.087 98.116 98.146 98.176 98.204 98.229 98.252 98.274 98.296 98.31 98.311 98.307 98.303 98.299 98.295 98.29 98.285 98.279 98.272 98.267 98.264 98.258 98.239
