Validation/Results/raw data/ReClimate_12_2023_1.asc
NCOLS 192
NROWS 249
XLLCENTER -225160.85627316462
YLLCENTER 29788.11610251502
CELLSIZE 5000.0
NODATA_VALUE -9999
[rows 132 to 164 of 249, columns 74 to 147 of 192]
-9999 -9999 -9999 -9999 -9999 -9999 -9999 -9999 -9999 -9999 -9999 -9999 -9999 102.402 102.386 102.533 102.898 103.062 102.926 102.997 103.284 103.572 104.111 104.04 103.564 103.591 103.735 103.782 103.95 104.065 104.02 104.48 104.578 103.806 102.886 103.03 103.596 104.254 104.85 104.867 104.789 104.42 104.46 105.758 105.973 106.187 106.39 106.549 106.694 106.837 106.978 107.119 107.242 107.349 107.449 107.54 107.619 107.678 -9999 -9999 -9999 -9999 -9999 -9999 -9999 -9999 -9999 -9999 -9999 -9999 -9999 -9999 -9999 -9999
102.978 -9999 -9999 -9999 -9999 -9999 -9999 -9999 -9999 -9999 -9999 -9999 -9999 102.223 101.126 101.814 103.152 103.137 103.281 103.425 103.381 103.932 104.644 104.069 103.152 103.429 103.958 104.031 104.056 104.141 104.328 104.462 104.592 103.994 103.629 104.163 104.802 105.271 105.688 105.685 105.759 105.596 105.904 106.06 106.268 106.47 106.64 106.779 106.915 107.046 107.163 107.251 107.35 107.437 107.516 107.592 107.666 107.738 -9999 -9999 -9999 -9999 -9999 -9999 -9999 -9999 -9999 -9999 -9999 -9999 -9999 -9999 -9999 -9999
103.98 -9999 -9999 -9999 -9999 -9999 -9999 -9999 -9999 -9999 -9999 -9999 102.523 101.264 101.751 102.676 103.268 103.271 103.06 103.065 103.116 103.737 104.391 103.934 103.97 104.16 103.898 103.925 104.051 104.285 104.567 104.59 104.378 104.08 103.708 104.249 104.768 105.017 105.064 105.184 105.38 105.552 106.16 106.363 106.562 106.735 106.852 106.963 107.069 107.167 107.254 107.338 107.417 107.494 107.568 107.64 107.709 107.776 107.832 -9999 -9999 -9999 -9999 -9999 -9999 -9999 -9999 -9999 -9999 -9999 -9999 -9999 -9999 -9999
104.007 -9999 -9999 -9999 -9999 -9999 -9999 -9999 -9999 -9999 -9999 103.131 -9999 103.049 103.357 103.613 103.444 103.364 103.431 103.492 103.562 104.094 104.587 104.585 104.505 104.322 104.171 104.241 104.336 104.333 103.839 104.041 104.832 104.505 104.079 104.594 105.218 105.346 105.585 105.737 105.836 106.226 106.407 106.593 106.76 106.871 106.971 107.065 107.154 107.24 107.321 107.399 107.474 107.547 107.618 107.685 107.75 107.814 107.868 -9999 -9999 -9999 -9999 -9999 -9999 -9999 -9999 -9999 -9999 -9999 -9999 -9999 -9999 -9999
104.038 103.579 -9999 -9999 -9999 -9999 -9999 -9999 -9999 -9999 -9999 103.296 -9999 103.199 102.607 102.808 103.575 103.642 103.712 103.785 103.858 104.098 104.023 104.053 104.223 104.181 104.257 104.235 104.113 104.044 104.489 -9999 -9999 -9999 -9999 -9999 -9999 105.335 105.366 105.654 106.267 106.422 106.598 106.759 106.872 106.969 107.06 107.146 107.228 107.308 107.384 107.458 107.528 107.598 107.664 107.729 107.79 107.85 107.903 107.917 -9999 -9999 -9999 -9999 -9999 -9999 -9999 -9999 -9999 -9999 -9999 -9999 -9999 -9999
103.431 103.319 103.747 -9999 -9999 -9999 -9999 -9999 -9999 -9999 -9999 103.332 103.376 103.146 103.341 103.727 103.658 103.736 103.824 103.9 103.977 103.975 104.051 104.178 104.254 104.333 104.414 104.392 104.566 104.969 105.364 -9999 -9999 -9999 -9999 104.724 105.614 105.448 105.431 105.733 105.855 106.608 106.767 106.879 106.972 107.06 107.142 107.221 107.297 107.371 107.442 107.511 107.579 107.645 107.709 107.77 107.829 107.885 107.935 107.982 -9999 -9999 -9999 -9999 -9999 -9999 -9999 -9999 -9999 -9999 -9999 -9999 -9999 -9999
102.999 103.66 104.029 103.99 -9999 -9999 -9999 -9999 -9999 -9999 -9999 103.474 103.485 103.625 -9999 -9999 103.649 103.768 103.94 104.021 -9999 104.091 104.26 104.34 104.421 104.503 104.594 104.71 104.815 -9999 -9999 -9999 -9999 -9999 104.505 104.575 105.623 105.667 105.764 105.638 105.945 106.782 106.892 106.982 107.066 107.144 107.219 107.291 107.361 107.429 107.496 107.561 107.625 107.689 107.75 107.81 107.866 107.919 107.968 108.015 -9999 -9999 -9999 -9999 -9999 -9999 -9999 -9999 -9999 -9999 -9999 -9999 -9999 -9999
103.982 104.159 104.066 103.998 -9999 -9999 -9999 -9999 -9999 -9999 -9999 -9999 103.584 103.654 -9999 -9999 -9999 103.976 104.061 104.006 103.704 -9999 -9999 104.76 104.958 104.876 104.51 104.619 -9999 -9999 -9999 -9999 -9999 103.447 103.21 104.052 104.821 104.634 103.929 103.956 105.275 106.909 106.998 107.079 107.152 107.222 107.289 107.355 107.419 107.482 107.545 107.606 107.668 107.729 107.789 107.848 107.902 107.951 107.996 108.041 -9999 -9999 -9999 -9999 -9999 -9999 -9999 -9999 -9999 -9999 -9999 -9999 -9999 -9999
103.174 103.393 104.049 -9999 -9999 -9999 -9999 -9999 -9999 -9999 -9999 -9999 -9999 103.756 -9999 -9999 -9999 -9999 104.189 103.831 103.244 -9999 -9999 -9999 104.689 104.038 -9999 -9999 -9999 -9999 -9999 -9999 -9999 103.496 104.154 104.804 105.442 105.216 105.615 106.034 106.924 107.018 107.098 107.168 107.232 107.294 107.354 107.414 107.473 107.532 107.59 107.649 107.706 107.765 107.823 107.881 107.936 107.982 108.021 108.062 -9999 -9999 -9999 -9999 -9999 -9999 -9999 -9999 -9999 -9999 -9999 -9999 -9999 -9999
103.301 103.727 -9999 -9999 -9999 -9999 -9999 -9999 -9999 -9999 -9999 -9999 -9999 103.873 -9999 -9999 -9999 -9999 -9999 103.945 103.694 -9999 -9999 -9999 -9999 -9999 -9999 -9999 -9999 -9999 -9999 -9999 -9999 104.702 105.088 105.482 105.6 106.059 106.856 106.94 107.032 107.12 107.19 107.249 107.304 107.359 107.413 107.467 107.522 107.577 107.631 107.686 107.741 107.796 107.851 107.906 107.958 108.004 108.042 108.081 108.117 -9999 -9999 -9999 -9999 -9999 -9999 -9999 -9999 -9999 -9999 -9999 -9999 -9999
103.522 -9999 103.742 103.914 104.071 104.074 -9999 -9999 -9999 -9999 -9999 -9999 -9999 103.993 -9999 -9999 -9999 -9999 -9999 -9999 -9999 -9999 -9999 -9999 -9999 -9999 -9999 -9999 -9999 -9999 -9999 -9999 104.922 105.26 105.674 105.941 106.457 106.866 106.949 107.035 107.13 107.215 107.273 107.32 107.368 107.416 107.465 107.515 107.566 107.616 107.668 107.718 107.768 107.819 107.869 107.918 107.966 108.009 108.048 108.087 108.128 108.17 -9999 -9999 -9999 -9999 -9999 -9999 -9999 -9999 -9999 -9999 -9999 -9999
103.49 103.58 103.684 103.862 104.073 104.076 -9999 -9999 -9999 -9999 -9999 -9999 -9999 -9999 -9999 -9999 -9999 -9999 -9999 -9999 -9999 -9999 -9999 -9999 -9999 -9999 -9999 -9999 -9999 -9999 -9999 103.57 103.506 104.469 106.482 106.786 106.869 106.95 107.03 107.114 107.206 107.282 107.335 107.378 107.421 107.465 107.51 107.556 107.601 107.646 107.692 107.738 107.783 107.83 107.877 107.923 107.968 108.01 108.049 108.088 108.129 108.171 -9999 -9999 -9999 -9999 -9999 -9999 -9999 -9999 -9999 -9999 -9999 -9999
102.817 103.03 103.456 103.701 -9999 104.068 104.071 -9999 -9999 -9999 -9999 -9999 -9999 -9999 -9999 -9999 -9999 -9999 -9999 -9999 -9999 -9999 -9999 -9999 -9999 -9999 -9999 -9999 -9999 -9999 -9999 106.402 105.613 106.704 106.789 106.87 106.949 107.026 107.1 107.178 107.26 107.327 107.379 107.423 107.465 107.506 107.546 107.586 107.626 107.667 107.709 107.751 107.793 107.836 107.88 107.923 107.965 108.007 108.048 108.089 108.129 108.161 108.171 108.154 -9999 -9999 -9999 -9999 -9999 -9999 -9999 -9999 -9999 -9999
102.215 102.693 103.38 103.703 -9999 -9999 104.064 -9999 -9999 -9999 -9999 -9999 -9999 -9999 -9999 -9999 -9999 -9999 -9999 -9999 -9999 -9999 -9999 -9999 -9999 -9999 -9999 -9999 -9999 -9999 -9999 106.436 106.707 106.792 106.873 106.95 107.025 107.095 107.162 107.231 107.303 107.365 107.417 107.461 107.5 107.537 107.573 107.609 107.646 107.684 107.723 107.761 107.801 107.841 107.881 107.921 107.962 108.002 108.043 108.084 108.126 108.143 108.139 108.125 108.113 108.098 108.041 -9999 -9999 -9999 -9999 -9999 -9999 -9999
101.81 102.404 103.03 103.442 104.051 -9999 104.057 -9999 -9999 -9999 -9999 -9999 -9999 -9999 -9999 -9999 -9999 -9999 -9999 -9999 -9999 -9999 -9999 -9999 -9999 -9999 -9999 -9999 -9999 -9999 105.182 106.527 106.796 106.878 106.955 107.027 107.093 107.157 107.216 107.278 107.343 107.401 107.449 107.49 107.526 107.561 107.595 107.629 107.664 107.699 107.735 107.771 107.807 107.845 107.882 107.921 107.959 107.998 108.038 108.079 108.102 108.111 108.102 108.091 108.079 108.066 108.052 108.038 107.774 -9999 -9999 -9999 -9999 -9999
100.471 101.588 103.718 104.041 -9999 104.048 -9999 -9999 -9999 -9999 -9999 -9999 -9999 -9999 -9999 -9999 -9999 -9999 -9999 -9999 -9999 -9999 -9999 -9999 -9999 -9999 -9999 -9999 -9999 -9999 -9999 105.999 106.888 106.963 107.033 107.097 107.157 107.214 107.267 107.323 107.382 107.433 107.476 107.514 107.548 107.582 107.614 107.646 107.679 107.711 107.745 107.778 107.813 107.848 107.884 107.92 107.957 107.995 108.034 108.061 108.072 108.066 108.056 108.045 108.035 108.023 108.009 107.997 107.986 107.787 -9999 -9999 -9999 -9999
103.101 104.172 104.031 104.035 104.039 104.042 -9999 -9999 -9999 -9999 -9999 -9999 -9999 -9999 -9999 -9999 -9999 -9999 -9999 -9999 -9999 -9999 -9999 -9999 -9999 -9999 -9999 -9999 -9999 -9999 -9999 -9999 105.641 106.077 107.106 107.163 107.217 107.268 107.316 107.365 107.415 107.46 107.5 107.536 107.569 107.6 107.631 107.661 107.692 107.723 107.754 107.786 107.818 107.851 107.885 107.92 107.956 107.992 108.021 108.031 108.025 108.014 108.003 107.992 107.983 107.974 107.963 107.952 107.94 107.93 107.787 -9999 -9999 -9999
104.113 104.023 104.026 104.03 104.034 -9999 -9999 -9999 -9999 -9999 -9999 -9999 -9999 -9999 -9999 -9999 -9999 -9999 -9999 -9999 -9999 -9999 -9999 -9999 -9999 -9999 -9999 -9999 -9999 -9999 -9999 -9999 105.006 105.788 107.151 107.224 107.275 107.321 107.362 107.401 107.445 107.486 107.523 107.557 107.588 107.618 107.646 107.675 107.704 107.732 107.762 107.792 107.822 107.854 107.886 107.92 107.954 107.979 107.987 107.983 107.971 107.96 107.949 107.939 107.93 107.922 107.915 107.906 107.896 107.885 107.878 107.74 -9999 -9999
104.026 104.026 104.021 104.025 104.035 -9999 -9999 -9999 -9999 -9999 -9999 -9999 -9999 -9999 -9999 -9999 -9999 -9999 -9999 -9999 -9999 -9999 -9999 -9999 -9999 -9999 -9999 -9999 -9999 -9999 -9999 -9999 -9999 105.539 107.176 106.906 106.312 107.251 107.402 107.436 107.474 107.512 107.546 107.577 107.606 107.634 107.661 107.688 107.714 107.742 107.769 107.797 107.826 107.857 107.888 107.917 107.939 107.945 107.94 107.928 107.917 107.907 107.897 107.888 107.88 107.872 107.864 107.858 107.85 107.839 107.831 107.831 -9999 -9999
103.454 -9999 -9999 -9999 -9999 -9999 -9999 -9999 -9999 -9999 -9999 -9999 -9999 -9999 -9999 -9999 -9999 -9999 -9999 -9999 -9999 -9999 -9999 -9999 -9999 -9999 -9999 -9999 -9999 -9999 -9999 -9999 -9999 105.026 106.422 106.511 108.45 108.261 107.441 107.47 107.503 107.537 107.568 107.597 107.624 107.649 107.675 107.7 107.725 107.75 107.776 107.803 107.831 107.858 107.884 107.9 107.903 107.897 107.885 107.874 107.864 107.855 107.846 107.837 107.829 107.822 107.815 107.808 107.8 107.792 107.786 107.786 107.788 -9999
104.531 -9999 -9999 -9999 -9999 -9999 -9999 -9999 -9999 -9999 -9999 -9999 -9999 -9999 -9999 -9999 -9999 -9999 -9999 -9999 -9999 -9999 -9999 -9999 -9999 -9999 -9999 -9999 -9999 -9999 -9999 -9999 -9999 -9999 105.451 106.157 105.89 106.006 107.464 107.504 107.532 107.562 107.59 107.616 107.641 107.665 107.688 107.711 107.735 107.759 107.783 107.808 107.832 107.854 107.863 107.862 107.854 107.843 107.832 107.822 107.813 107.804 107.795 107.787 107.78 107.772 107.765 107.758 107.75 107.743 107.74 107.742 107.744 -9999
104.658 -9999 -9999 -9999 -9999 -9999 -9999 -9999 -9999 -9999 -9999 -9999 -9999 -9999 -9999 -9999 -9999 -9999 -9999 -9999 -9999 -9999 -9999 -9999 -9999 -9999 -9999 -9999 -9999 -9999 -9999 -9999 -9999 -9999 105.525 -9999 106.55 107.37 107.474 107.522 -9999 107.587 107.612 107.636 107.658 107.68 107.701 107.723 107.744 107.767 107.79 107.81 107.826 107.827 107.823 107.812 107.8 107.789 107.779 107.77 107.762 107.753 107.746 107.738 107.731 107.723 107.715 107.708 107.699 107.694 107.694 107.698 107.7 107.701
-9999 -9999 -9999 -9999 -9999 -9999 -9999 -9999 -9999 -9999 -9999 -9999 -9999 -9999 -9999 -9999 -9999 -9999 -9999 -9999 -9999 -9999 -9999 -9999 -9999 -9999 -9999 -9999 -9999 -9999 -9999 -9999 -9999 -9999 -9999 107.027 106.979 -9999 -9999 -9999 -9999 107.606 107.635 107.656 107.676 107.695 107.715 107.734 107.754 107.775 107.795 107.804 107.791 107.783 107.769 107.756 107.743 107.732 107.722 107.713 107.704 107.697 107.689 107.682 107.676 107.669 107.662 107.656 107.648 107.645 107.647 107.652 107.655 107.656
-9999 -9999 -9999 -9999 -9999 -9999 -9999 -9999 -9999 -9999 -9999 -9999 -9999 -9999 -9999 -9999 -9999 -9999 -9999 -9999 -9999 -9999 -9999 -9999 -9999 -9999 -9999 -9999 -9999 -9999 -9999 -9999 -9999 -9999 -9999 106.371 106.795 -9999 -9999 -9999 -9999 107.606 107.648 107.666 107.685 107.703 107.722 107.741 107.761 107.777 107.774 107.755 107.738 107.722 107.707 107.694 107.682 107.671 107.661 107.652 107.644 107.637 107.629 107.623 107.616 107.609 107.602 107.595 107.59 107.591 107.597 107.604 107.609 107.61
-9999 -9999 -9999 -9999 -9999 -9999 -9999 -9999 -9999 -9999 -9999 -9999 -9999 -9999 -9999 -9999 -9999 -9999 -9999 -9999 -9999 -9999 -9999 -9999 -9999 -9999 -9999 -9999 -9999 -9999 -9999 -9999 -9999 -9999 -9999 106.477 -9999 -9999 -9999 -9999 107.556 107.612 107.652 107.672 107.688 107.705 107.723 107.737 107.737 107.724 107.705 107.688 107.673 107.657 107.643 107.63 107.619 107.609 107.6 107.592 107.585 107.577 107.57 107.563 107.556 107.549 107.541 107.533 107.53 107.533 107.54 107.547 107.554 107.56
-9999 -9999 -9999 -9999 -9999 -9999 -9999 -9999 -9999 -9999 -9999 -9999 -9999 -9999 -9999 -9999 -9999 -9999 -9999 -9999 -9999 -9999 -9999 -9999 -9999 -9999 -9999 -9999 -9999 -9999 -9999 -9999 -9999 -9999 -9999 -9999 -9999 -9999 -9999 -9999 107.546 107.599 107.644 107.676 107.687 107.688 107.689 107.682 107.665 107.646 107.629 107.614 107.6 107.589 107.578 107.568 107.558 107.549 107.541 107.534 107.526 107.519 107.512 107.505 107.497 107.489 107.481 107.475 107.473 107.478 107.483 107.488 107.494 107.501
-9999 -9999 -9999 -9999 -9999 -9999 -9999 -9999 -9999 -9999 -9999 -9999 -9999 -9999 -9999 -9999 -9999 -9999 -9999 -9999 -9999 -9999 -9999 -9999 -9999 -9999 -9999 -9999 -9999 -9999 -9999 -9999 -9999 -9999 -9999 -9999 -9999 -9999 -9999 -9999 107.517 107.559 107.601 107.629 107.635 107.63 107.622 107.607 107.588 107.571 107.556 107.542 107.53 107.52 107.511 107.504 107.497 107.491 107.483 107.476 107.469 107.462 107.455 107.447 107.439 107.431 107.421 107.418 107.419 107.423 107.427 107.431 107.436 107.44
-9999 -9999 -9999 -9999 -9999 -9999 -9999 -9999 -9999 -9999 -9999 -9999 -9999 -9999 -9999 -9999 -9999 -9999 -9999 -9999 -9999 -9999 -9999 -9999 -9999 -9999 -9999 -9999 -9999 -9999 -9999 -9999 -9999 -9999 -9999 -9999 -9999 -9999 -9999 107.402 107.441 107.479 107.517 107.551 107.569 107.561 107.55 107.533 107.517 107.502 107.488 107.476 107.464 107.454 107.446 107.439 107.435 107.431 107.426 107.42 107.413 107.406 107.399 107.391 107.382 107.373 107.366 107.364 107.367 107.37 107.373 107.375 107.378 107.38
-9999 -9999 -9999 -9999 -9999 -9999 -9999 -9999 -9999 -9999 -9999 -9999 -9999 -9999 -9999 -9999 -9999 -9999 -9999 -9999 -9999 -9999 -9999 -9999 -9999 -9999 -9999 -9999 -9999 -9999 -9999 -9999 -9999 -9999 -9999 -9999 -9999 -9999 -9999 107.316 107.358 107.396 107.434 107.47 107.488 107.491 107.478 107.463 107.45 107.437 107.425 107.413 107.402 107.392 107.384 107.379 107.375 107.371 107.367 107.364 107.358 107.351 107.343 107.334 107.325 107.317 107.313 107.314 107.316 107.318 107.319 107.32 107.321 107.322
-9999 -9999 -9999 -9999 -9999 -9999 -9999 -9999 -9999 -9999 -9999 -9999 -9999 -9999 -9999 -9999 -9999 -9999 -9999 -9999 -9999 -9999 -9999 -9999 -9999 -9999 -9999 -9999 -9999 -9999 -9999 -9999 -9999 -9999 -9999 -9999 -9999 -9999 105.607 106.07 107.281 107.281 107.206 107.275 107.411 107.422 107.41 107.398 107.387 107.376 107.365 107.355 107.344 107.334 107.326 107.321 107.318 107.314 107.311 107.307 107.302 107.296 107.288 107.279 107.269 107.264 107.263 107.265 107.266 107.266 107.267 107.266 107.265 107.264
-9999 -9999 -9999 -9999 -9999 -9999 -9999 -9999 -9999 -9999 -9999 -9999 -9999 -9999 -9999 -9999 -9999 -9999 -9999 -9999 -9999 -9999 -9999 -9999 -9999 -9999 -9999 -9999 -9999 -9999 -9999 -9999 -9999 -9999 -9999 -9999 -9999 -9999 104.074 105.375 107.21 107.105 106.901 107.071 107.335 107.348 107.346 107.337 107.328 107.318 107.309 107.3 107.291 107.281 107.273 107.268 107.265 107.261 107.257 107.252 107.246 107.24 107.233 107.223 107.217 107.215 107.216 107.216 107.216 107.216 107.214 107.213 107.21 107.206
-9999 -9999 -9999 -9999 -9999 -9999 -9999 -9999 -9999 -9999 -9999 -9999 -9999 -9999 -9999 -9999 -9999 -9999 -9999 -9999 -9999 -9999 -9999 -9999 -9999 -9999 -9999 -9999 -9999 -9999 -9999 -9999 -9999 -9999 -9999 -9999 -9999 -9999 105.862 106.753 106.513 106.322 106.063 106.482 107.259 107.279 107.286 107.279 107.271 107.264 107.256 107.248 107.24 107.232 107.225 107.219 107.214 107.21 107.205 107.199 107.192 107.185 107.176 107.172 107.169 107.169 107.169 107.168 107.167 107.165 107.163 107.159 107.155 107.149
-9999 -9999 -9999 -9999 -9999 -9999 -9999 -9999 -9999 -9999 -9999 -9999 -9999 -9999 -9999 -9999 -9999 -9999 -9999 -9999 -9999 -9999 -9999 -9999 -9999 -9999 -9999 -9999 -9999 -9999 -9999 -9999 -9999 -9999 -9999 -9999 -9999 -9999 -9999 106.279 105.901 105.563 104.974 105.861 107.191 107.211 107.225 107.223 107.217 107.211 107.205 107.198 107.191 107.184 107.178 107.172 107.166 107.16 107.154 107.147 107.14 107.131 107.126 107.123 107.124 107.124 107.122 107.121 107.118 107.115 107.111 107.106 -9999 107.092
