Validation/Results/raw data/ReClimate_04_2024_1_Temperatureweatherlogisticsltd.asc
NCOLS 192
NROWS 249
XLLCENTER -225160.85627316462
YLLCENTER 29788.11610251502
CELLSIZE 5000.0
NODATA_VALUE -9999
[rows 204 to 237 of 249, columns 75 to 149 of 192]
-9999 -9999 -9999 -9999 -1.256 -9999 -1.29 -1.3 -1.29 -1.279 -1.269 -1.257 -1.267 -1.271 -1.239 -1.206 -1.188 -1.171 -1.177 -1.186 -1.189 -1.193 -1.181 -1.167 -1.155 -1.142 -1.124 -1.104 -1.11 -1.119 -1.119 -1.119 -1.113 -1.107 -1.079 -1.048 -1.06 -1.076 -1.056 -1.033 -1.032 -1.032 -1.016 -1.001 -1.002 -1.005 -0.997 -0.988 -0.977 -0.965 -0.953 -0.939 -0.931 -0.923 -0.923 -0.926 -0.917 -0.907 -0.894 -0.881 -0.866 -0.85 -0.833 -0.819 -0.806 -0.796 -0.79 -0.785 -0.77 -0.755 -0.744 -0.73 -0.727 -0.724 -0.726
-9999 -9999 -9999 -9999 -9999 -9999 -9999 -9999 -1.285 -1.296 -1.288 -1.282 -1.277 -1.238 -1.209 -1.191 -1.179 -1.182 -1.191 -1.215 -1.208 -1.184 -1.175 -1.175 -1.164 -1.15 -1.134 -1.116 -1.122 -1.129 -1.121 -1.098 -1.088 -1.076 -1.055 -1.048 -1.058 -1.071 -1.052 -1.03 -1.027 -1.022 -1.009 -0.999 -0.996 -0.997 -0.986 -0.972 -0.962 -0.959 -0.95 -0.946 -0.943 -0.938 -0.933 -0.933 -0.919 -0.907 -0.907 -0.902 -0.885 -0.869 -0.852 -0.839 -0.82 -0.808 -0.789 -0.775 -0.775 -0.77 -0.764 -0.755 -0.752 -0.749 -0.755
-9999 -9999 -9999 -9999 -9999 -9999 -9999 -9999 -1.295 -1.306 -1.301 -1.295 -1.268 -1.229 -1.209 -1.19 -1.188 -1.19 -1.207 -1.229 -1.206 -1.181 -1.179 -1.179 -1.167 -1.155 -1.14 -1.123 -1.127 -1.133 -1.113 -1.09 -1.078 -1.065 -1.057 -1.049 -1.058 -1.071 -1.053 -1.032 -1.027 -1.024 -1.014 -1.003 -0.998 -0.997 -0.982 -0.967 -0.963 -0.959 -0.955 -0.952 -0.948 -0.946 -0.942 -0.939 -0.925 -0.91 -0.91 -0.913 -0.897 -0.879 -0.864 -0.852 -0.836 -0.818 -0.799 -0.777 -0.777 -0.782 -0.776 -0.77 -0.767 -0.764 -0.77
-9999 -9999 -9999 -9999 -9999 -9999 -1.296 -1.299 -1.305 -1.312 -9999 -1.313 -1.29 -1.261 -1.239 -1.212 -1.21 -9999 -1.215 -1.212 -1.193 -1.182 -1.171 -1.148 -1.144 -1.158 -1.144 -1.131 -1.132 -1.131 -1.114 -1.101 -1.09 -1.08 -1.075 -1.073 -1.074 -1.06 -1.046 -1.039 -1.034 -1.028 -1.021 -1.014 -1.012 -1.018 -1.003 -0.987 -0.981 -0.97 -0.971 -0.972 -0.969 -0.968 -0.956 -0.948 -0.936 -0.922 -0.907 -0.9 -0.887 -0.87 -0.846 -0.827 -0.817 -0.801 -0.787 -0.768 -0.776 -0.785 -0.792 -0.794 -0.78 -0.771 -0.767
-9999 -9999 -9999 -9999 -9999 -9999 -1.3 -9999 -9999 -9999 -1.32 -1.323 -1.306 -9999 -9999 -9999 -9999 -9999 -1.212 -1.208 -1.197 -1.185 -1.163 -1.138 -1.147 -1.16 -1.148 -1.135 -1.133 -1.131 -1.119 -1.107 -1.097 -1.087 -1.085 -1.084 -1.072 -1.058 -1.051 -1.045 -1.039 -1.034 -1.03 -1.023 -1.025 -1.03 -1.014 -0.998 -0.987 -0.977 -0.978 -0.981 -0.979 -0.978 -0.967 -0.954 -0.942 -0.928 -0.914 -0.898 -0.886 -0.873 -0.85 -0.825 -0.813 -0.802 -0.786 -0.771 -0.778 -0.791 -0.797 -0.806 -0.794 -0.778 -0.774
-9999 -9999 -9999 -9999 -9999 -9999 -9999 -9999 -1.304 -1.307 -1.306 -1.307 -1.295 -9999 -9999 -9999 -9999 -9999 -9999 -9999 -9999 -1.194 -1.176 -1.162 -1.161 -1.144 -1.132 -1.122 -1.116 -1.106 -1.102 -1.116 -1.11 -1.111 -1.105 -1.089 -1.082 -1.081 -1.075 -1.065 -1.055 -1.037 -1.036 -1.04 -1.042 -1.042 -1.028 -1.016 -1.007 -1.001 -0.992 -0.989 -0.981 -0.977 -0.972 -0.963 -0.957 -0.948 -0.939 -0.928 -0.893 -0.867 -0.856 -0.837 -0.817 -0.802 -0.795 -0.785 -0.786 -0.795 -0.789 -0.79 -0.797 -0.794 -0.765
-9999 -9999 -9999 -9999 -9999 -9999 -9999 -9999 -9999 -1.308 -9999 -9999 -9999 -9999 -9999 -9999 -9999 -9999 -9999 -1.218 -1.209 -1.202 -1.189 -1.176 -1.159 -1.141 -1.13 -1.119 -1.109 -1.098 -1.107 -1.12 -1.12 -1.122 -1.108 -1.093 -1.093 -1.093 -1.084 -1.075 -1.059 -1.041 -9999 -1.05 -1.048 -1.049 -1.037 -1.026 -1.019 -1.013 -1.004 -0.994 -0.987 -0.98 -0.974 -0.968 -0.962 -0.958 -0.951 -0.943 -0.911 -0.87 -0.859 -0.847 -0.828 -0.808 -0.801 -0.796 -0.796 -0.801 -0.794 -0.788 -0.794 -0.803 -0.776
-9999 -9999 -9999 -9999 -9999 -9999 -9999 -9999 -9999 -9999 -9999 -9999 -9999 -9999 -9999 -9999 -9999 -9999 -9999 -1.213 -1.202 -1.189 -1.178 -9999 -9999 -9999 -1.158 -1.157 -1.149 -1.14 -1.139 -1.117 -1.116 -1.116 -1.109 -1.111 -1.108 -1.098 -1.09 -1.083 -1.069 -9999 -1.056 -1.044 -1.043 -1.048 -1.039 -1.036 -1.027 -1.015 -1.006 -0.997 -0.987 -0.977 -0.969 -0.963 -0.952 -0.943 -0.936 -0.928 -0.908 -0.875 -0.864 -0.853 -0.838 -0.821 -0.817 -0.815 -0.801 -0.796 -0.791 -0.785 -0.78 -0.783 -0.769
-9999 -9999 -9999 -9999 -9999 -9999 -9999 -9999 -9999 -9999 -9999 -9999 -9999 -9999 -9999 -9999 -9999 -9999 -9999 -9999 -9999 -9999 -9999 -9999 -9999 -9999 -1.175 -1.176 -1.168 -1.159 -1.139 -1.117 -1.115 -1.116 -1.118 -1.121 -1.112 -1.102 -1.095 -9999 -9999 -1.064 -1.056 -1.044 -1.045 -1.049 -1.044 -1.041 -1.028 -1.015 -1.008 -1.001 -0.991 -0.98 -0.974 -0.967 -0.956 -0.944 -0.936 -0.928 -0.907 -0.883 -0.872 -0.861 -0.846 -0.831 -0.828 -0.828 -0.814 -0.799 -0.792 -0.786 -0.781 -0.778 -0.764
-9999 -9999 -9999 -9999 -9999 -9999 -9999 -9999 -9999 -9999 -9999 -9999 -9999 -9999 -9999 -9999 -9999 -9999 -9999 -9999 -9999 -9999 -9999 -9999 -9999 -9999 -1.179 -1.177 -1.17 -1.168 -1.148 -1.124 -1.123 -1.123 -1.124 -1.121 -9999 -9999 -9999 -9999 -9999 -1.069 -1.061 -1.05 -1.044 -1.03 -1.025 -1.024 -1.013 -1.009 -1.002 -0.998 -0.989 -0.979 -0.971 -0.964 -0.958 -0.949 -0.946 -0.941 -0.927 -0.907 -0.888 -0.873 -0.865 -0.855 -0.841 -0.835 -0.828 -0.817 -0.793 -0.775 -0.763 -0.756 -0.768
-9999 -9999 -9999 -9999 -9999 -9999 -9999 -9999 -9999 -9999 -9999 -9999 -9999 -9999 -9999 -9999 -9999 -9999 -9999 -9999 -9999 -9999 -9999 -9999 -9999 -9999 -9999 -9999 -1.169 -1.174 -1.153 -1.13 -1.129 -1.13 -1.119 -9999 -9999 -9999 -9999 -1.098 -1.086 -1.072 -1.065 -1.054 -1.04 -1.025 -1.022 -1.02 -1.014 -1.01 -1.005 -1.0 -0.992 -0.982 -0.975 -0.967 -0.961 -0.955 -0.952 -0.949 -0.936 -0.92 -0.902 -0.882 -0.874 -0.868 -0.855 -0.842 -0.835 -0.829 -0.806 -0.78 -0.765 -0.755 -0.765
-9999 -9999 -9999 -9999 -9999 -9999 -9999 -9999 -9999 -9999 -9999 -9999 -9999 -9999 -9999 -9999 -9999 -9999 -9999 -9999 -9999 -9999 -9999 -9999 -9999 -9999 -9999 -9999 -9999 -1.156 -1.139 -1.129 -1.123 -1.109 -9999 -9999 -9999 -9999 -1.112 -1.113 -1.103 -1.091 -1.085 -1.075 -1.061 -1.046 -1.039 -1.023 -1.017 -1.012 -1.008 -1.008 -0.993 -0.98 -0.994 -0.999 -0.984 -0.974 -0.954 -0.942 -0.928 -0.913 -0.903 -0.888 -0.878 -0.871 -0.852 -0.835 -0.833 -0.83 -0.819 -0.801 -0.792 -0.784 -0.78
-9999 -9999 -9999 -9999 -9999 -9999 -9999 -9999 -9999 -9999 -9999 -9999 -9999 -9999 -9999 -9999 -9999 -9999 -9999 -9999 -9999 -9999 -9999 -9999 -9999 -9999 -9999 -9999 -9999 -9999 -9999 -9999 -9999 -9999 -9999 -9999 -9999 -1.126 -1.124 -1.122 -1.113 -1.103 -1.097 -1.088 -1.074 -1.059 -1.044 -1.029 -1.022 -1.017 -1.014 -1.015 -1.0 -0.984 -0.996 -1.013 -1.001 -0.985 -0.966 -0.944 -0.93 -0.915 -0.905 -0.895 -0.885 -0.878 -0.859 -0.839 -0.837 -0.837 -0.826 -0.817 -0.808 -0.802 -0.797
-9999 -9999 -9999 -9999 -9999 -9999 -9999 -9999 -9999 -9999 -9999 -9999 -9999 -9999 -9999 -9999 -9999 -9999 -9999 -9999 -9999 -9999 -9999 -9999 -9999 -9999 -9999 -9999 -9999 -9999 -9999 -9999 -9999 -9999 -9999 -9999 -1.127 -1.131 -1.126 -1.118 -1.106 -1.09 -1.087 -1.09 -1.079 -1.072 -1.056 -1.035 -1.027 -1.016 -1.013 -1.015 -1.013 -1.005 -1.0 -1.007 -1.004 -0.995 -0.98 -0.961 -0.952 -0.94 -0.929 -0.919 -0.9 -0.888 -0.871 -0.853 -0.854 -0.855 -0.84 -0.829 -0.826 -0.823 -0.811
-9999 -9999 -9999 -9999 -9999 -9999 -9999 -9999 -9999 -9999 -9999 -9999 -9999 -9999 -9999 -9999 -9999 -9999 -9999 -9999 -9999 -9999 -9999 -9999 -9999 -9999 -9999 -9999 -9999 -9999 -9999 -9999 -9999 -9999 -9999 -9999 -1.137 -1.135 -1.127 -1.119 -1.104 -1.088 -1.092 -1.095 -1.088 -1.081 -1.063 -1.042 -1.031 -1.02 -1.018 -1.019 -1.017 -1.016 -1.012 -1.008 -1.005 -1.003 -0.989 -0.972 -0.964 -0.955 -0.944 -0.933 -0.916 -0.898 -0.882 -0.866 -0.866 -0.868 -0.854 -0.84 -0.837 -0.836 -0.825
-9999 -9999 -9999 -9999 -9999 -9999 -9999 -9999 -9999 -9999 -9999 -9999 -9999 -9999 -9999 -9999 -9999 -9999 -9999 -9999 -9999 -9999 -9999 -1.245 -1.238 -1.235 -1.216 -9999 -1.183 -9999 -9999 -9999 -9999 -9999 -9999 -9999 -9999 -1.144 -1.138 -1.135 -1.123 -1.113 -1.111 -1.093 -1.088 -1.09 -1.071 -1.048 -1.039 -1.034 -1.039 -1.046 -1.047 -1.049 -1.033 -1.022 -1.018 -1.016 -1.01 -0.999 -0.987 -0.977 -0.954 -0.937 -0.931 -0.92 -0.912 -0.901 -0.878 -0.867 -0.857 -0.845 -0.838 -0.834 -0.836
-9999 -9999 -9999 -9999 -9999 -9999 -9999 -9999 -9999 -9999 -9999 -9999 -9999 -9999 -9999 -9999 -9999 -9999 -9999 -9999 -1.316 -1.305 -1.281 -1.256 -1.247 -1.24 -1.219 -1.196 -1.193 -1.195 -1.179 -9999 -9999 -1.14 -1.141 -1.146 -1.146 -1.15 -1.146 -1.144 -1.135 -1.126 -1.113 -1.096 -1.095 -1.097 -1.077 -1.054 -1.048 -1.043 -1.048 -1.059 -1.061 -1.064 -1.049 -1.031 -1.028 -1.025 -1.019 -1.013 -1.003 -0.99 -0.969 -0.944 -0.939 -0.934 -0.927 -0.92 -0.898 -0.873 -0.862 -0.853 -0.846 -0.839 -0.841
-9999 -9999 -9999 -9999 -9999 -9999 -9999 -9999 -9999 -9999 -9999 -9999 -9999 -9999 -9999 -9999 -9999 -9999 -9999 -1.335 -1.329 -1.335 -1.313 -1.293 -1.278 -1.249 -1.228 -1.209 -1.2 -1.179 -1.167 -1.169 -1.164 -1.169 -1.172 -1.18 -1.176 -1.156 -1.153 -1.151 -1.143 -1.134 -1.126 -1.119 -1.113 -1.099 -1.078 -1.056 -1.053 -1.058 -1.064 -1.077 -1.063 -1.056 -1.058 -1.05 -1.035 -1.025 -1.011 -0.999 -0.995 -0.986 -0.97 -0.949 -0.947 -0.945 -0.934 -0.924 -0.901 -0.875 -0.874 -0.87 -0.855 -0.844 -0.846
-9999 -9999 -9999 -9999 -9999 -9999 -9999 -9999 -9999 -9999 -9999 -9999 -9999 -9999 -9999 -9999 -9999 -9999 -9999 -1.349 -1.361 -1.354 -1.335 -1.315 -1.287 -1.258 -1.238 -1.219 -1.198 -1.176 -1.175 -1.176 -1.178 -1.183 -1.188 -1.196 -1.18 -1.161 -1.159 -1.157 -1.149 -1.14 -1.137 -1.131 -1.118 -1.103 -1.083 -1.061 -1.063 -1.068 -1.075 -1.087 -1.074 -1.057 -1.058 -1.061 -1.047 -1.03 -1.016 -0.999 -0.994 -0.989 -0.974 -0.958 -0.956 -0.956 -0.944 -0.93 -0.907 -0.882 -0.88 -0.882 -0.867 -0.851 -0.853
-9999 -9999 -9999 -9999 -9999 -9999 -9999 -9999 -9999 -9999 -9999 -9999 -9999 -9999 -9999 -9999 -9999 -9999 -9999 -1.371 -1.376 -1.346 -1.329 -1.321 -1.292 -1.259 -1.242 -1.234 -1.214 -1.198 -1.193 -1.183 -1.181 -1.176 -1.182 -1.194 -1.182 -1.176 -1.173 -1.166 -1.151 -1.122 -1.127 -1.15 -1.137 -1.116 -1.094 -1.066 -1.064 -1.058 -1.069 -1.098 -1.095 -1.086 -1.074 -1.069 -1.06 -1.046 -1.028 -1.01 -1.01 -1.008 -0.99 -0.973 -0.958 -0.949 -0.943 -0.932 -0.921 -0.904 -0.893 -0.889 -0.881 -0.87 -0.86
-9999 -9999 -9999 -9999 -9999 -9999 -9999 -9999 -9999 -9999 -9999 -9999 -9999 -9999 -9999 -1.435 -1.416 -9999 -1.388 -1.393 -1.375 -1.349 -1.339 -1.33 -1.298 -1.265 -1.254 -1.245 -1.227 -1.212 -1.2 -1.189 -1.183 -1.177 -1.185 -1.195 -1.19 -1.185 -1.178 -1.171 -1.146 -1.117 -1.137 -1.161 -1.146 -1.125 -1.1 -1.072 -1.065 -1.059 -1.077 -1.104 -1.102 -1.099 -1.089 -1.076 -1.067 -1.057 -1.04 -1.019 -1.019 -1.02 -1.003 -0.985 -0.97 -0.952 -0.944 -0.938 -0.927 -0.917 -0.906 -0.896 -0.888 -0.882 -0.873
-9999 -9999 -9999 -9999 -9999 -9999 -9999 -9999 -9999 -9999 -9999 -9999 -9999 -9999 -9999 -1.451 -1.429 -1.4 -1.4 -1.397 -1.384 -1.371 -1.362 -1.347 -1.312 -1.27 -1.26 -1.258 -1.24 -1.22 -1.21 -1.205 -1.196 -1.18 -1.182 -1.182 -1.177 -1.175 -1.167 -1.158 -1.143 -1.148 -1.157 -1.149 -1.14 -1.137 -1.116 -1.097 -1.09 -1.081 -1.09 -1.087 -1.089 -1.088 -1.083 -1.073 -1.07 -1.063 -1.035 -1.007 -1.015 -1.02 -1.013 -0.999 -0.984 -0.966 -0.949 -0.938 -0.922 -0.91 -0.894 -0.879 -0.887 -0.889 -0.876
-9999 -9999 -9999 -9999 -9999 -9999 -9999 -9999 -9999 -9999 -9999 -9999 -9999 -9999 -1.451 -1.457 -1.433 -1.405 -1.402 -1.398 -1.392 -1.382 -1.375 -1.362 -1.321 -1.279 -1.273 -1.27 -1.249 -1.229 -1.221 -1.216 -1.2 -1.184 -1.181 -1.18 -1.177 -1.174 -1.165 -1.155 -1.158 -1.162 -1.155 -1.146 -1.147 -1.147 -1.129 -1.111 -1.102 -1.094 -1.088 -1.084 -1.085 -1.088 -1.082 -1.076 -1.073 -1.07 -1.044 -1.009 -1.015 -1.026 -1.017 -1.009 -0.993 -0.975 -0.959 -0.942 -0.926 -0.911 -0.895 -0.878 -0.884 -0.896 -0.883
-9999 -9999 -9999 -9999 -9999 -9999 -9999 -9999 -9999 -9999 -9999 -9999 -9999 -9999 -9999 -1.454 -1.435 -1.425 -1.415 -1.388 -1.382 -1.379 -1.37 -1.348 -1.318 -1.304 -1.295 -1.286 -1.268 -1.26 -1.248 -1.227 -1.214 -1.206 -1.2 -1.187 -1.184 -1.183 -1.175 -1.17 -1.172 -1.173 -1.166 -1.156 -1.155 -1.143 -1.13 -1.122 -1.114 -1.109 -1.101 -1.097 -1.083 -1.077 -1.079 -1.077 -1.079 -1.079 -1.066 -9999 -1.022 -1.018 -0.998 -0.981 -0.972 -0.958 -0.936 -0.914 -0.898 -0.88 -0.887 -0.883 -0.887 -0.897 -0.882
-9999 -9999 -9999 -9999 -9999 -9999 -9999 -9999 -9999 -9999 -9999 -9999 -9999 -9999 -1.459 -1.455 -1.445 -1.435 -1.412 -1.386 -1.381 -1.377 -1.363 -1.343 -1.333 -1.322 -1.309 -1.299 -1.287 -1.278 -1.257 -1.236 -1.227 -1.219 -1.207 -1.194 -1.191 -1.19 -1.184 -1.179 -1.179 -1.18 -1.171 -1.162 -1.155 -1.145 -1.14 -1.132 -1.125 -1.119 -1.111 -1.106 -1.092 -1.077 -1.078 -1.082 -1.083 -1.085 -1.072 -1.055 -9999 -1.019 -9999 -0.974 -9999 -0.955 -9999 -0.909 -0.892 -0.874 -0.878 -0.889 -0.892 -0.897 -9999
-9999 -9999 -9999 -9999 -9999 -9999 -9999 -9999 -9999 -9999 -9999 -9999 -9999 -9999 -1.461 -1.454 -1.447 -1.444 -1.425 -1.408 -1.402 -1.388 -1.374 -1.351 -1.342 -1.33 -1.321 -1.31 -1.288 -1.252 -1.233 -1.229 -1.221 -1.219 -1.207 -1.196 -1.194 -1.197 -1.194 -1.195 -1.188 -1.167 -1.165 -1.178 -1.176 -1.181 -1.175 -1.154 -1.14 -1.114 -1.105 -1.096 -1.09 -1.078 -1.074 -1.074 -1.069 -1.066 -1.06 -1.045 -9999 -9999 -1.012 -0.991 -9999 -9999 -0.945 -0.92 -0.904 -9999 -9999 -9999 -9999 -9999 -9999
-9999 -9999 -9999 -9999 -9999 -9999 -9999 -9999 -9999 -9999 -9999 -9999 -9999 -1.47 -1.461 -1.453 -1.45 -1.447 -1.433 -1.417 -1.406 -1.393 -1.376 -1.354 -1.343 -1.334 -1.326 -1.32 -1.287 -1.249 -1.239 -1.232 -1.227 -1.224 -1.212 -1.201 -1.202 -1.204 -1.203 -1.204 -1.186 -1.165 -1.174 -1.186 -1.191 -1.198 -1.185 -1.168 -1.144 -1.118 -1.108 -1.099 -1.092 -1.085 -1.081 -1.076 -1.07 -9999 -9999 -9999 -1.046 -9999 -9999 -9999 -9999 -9999 -9999 -0.922 -9999 -9999 -9999 -9999 -9999 -9999 -9999
-9999 -9999 -9999 -9999 -9999 -9999 -9999 -9999 -9999 -9999 -9999 -9999 -1.485 -1.472 -1.458 -1.435 -1.435 -1.446 -1.435 -1.429 -1.414 -1.391 -1.375 -1.358 -1.351 -1.353 -1.345 -1.332 -1.302 -1.268 -1.258 -1.243 -1.238 -1.243 -1.229 -9999 -9999 -9999 -9999 -9999 -1.202 -1.189 -1.194 -1.193 -1.194 -1.19 -1.174 -1.143 -1.132 -1.14 -9999 -1.116 -9999 -9999 -9999 -9999 -9999 -1.072 -1.061 -1.048 -1.023 -1.013 -1.023 -9999 -9999 -9999 -9999 -9999 -9999 -9999 -9999 -9999 -9999 -9999 -9999
-9999 -9999 -9999 -9999 -9999 -9999 -9999 -9999 -9999 -9999 -9999 -1.5 -1.49 -1.474 -1.452 -1.429 -1.436 -1.446 -1.44 -1.433 -1.413 -1.39 -1.378 -1.361 -1.359 -1.361 -1.348 -1.335 -1.307 -1.276 -1.263 -1.251 -9999 -9999 -9999 -9999 -9999 -9999 -9999 -9999 -9999 -9999 -1.2 -1.199 -1.194 -1.19 -1.166 -1.137 -1.146 -1.158 -1.146 -9999 -9999 -9999 -9999 -9999 -9999 -9999 -1.064 -1.052 -1.029 -1.003 -9999 -9999 -9999 -9999 -9999 -9999 -9999 -9999 -9999 -9999 -9999 -9999 -9999
-9999 -9999 -9999 -9999 -9999 -9999 -9999 -9999 -9999 -1.472 -1.494 -1.504 -1.495 -1.476 -1.459 -1.45 -1.45 -1.439 -1.424 -1.393 -1.387 -1.413 -1.402 -1.384 -1.381 -1.375 -1.36 -1.337 -1.319 -1.316 -9999 -9999 -9999 -9999 -9999 -9999 -9999 -9999 -9999 -9999 -9999 -9999 -9999 -1.224 -9999 -9999 -9999 -9999 -9999 -1.163 -1.159 -9999 -9999 -9999 -9999 -9999 -9999 -9999 -9999 -9999 -1.04 -1.013 -9999 -9999 -9999 -9999 -9999 -9999 -9999 -9999 -9999 -9999 -9999 -9999 -9999
-9999 -9999 -9999 -9999 -9999 -9999 -9999 -9999 -1.453 -9999 -1.487 -1.5 -1.493 -1.478 -1.469 -1.461 -1.449 -1.438 -1.41 -1.378 -1.398 -1.423 -1.411 -1.395 -1.387 -1.381 -1.36 -1.338 -1.334 -1.328 -9999 -9999 -9999 -9999 -9999 -9999 -9999 -9999 -9999 -9999 -9999 -9999 -9999 -9999 -1.218 -9999 -9999 -9999 -9999 -9999 -9999 -9999 -9999 -9999 -9999 -9999 -9999 -9999 -9999 -9999 -9999 -9999 -9999 -9999 -9999 -9999 -9999 -9999 -9999 -9999 -9999 -9999 -9999 -9999 -9999
-9999 -9999 -9999 -9999 -9999 -9999 -9999 -1.435 -1.457 -1.468 -1.479 -1.487 -1.492 -1.507 -1.499 -1.475 -1.464 -1.451 -1.427 -9999 -1.42 -1.425 -1.411 -1.39 -1.379 -1.361 -1.342 -1.328 -1.322 -9999 -9999 -9999 -9999 -9999 -9999 -9999 -9999 -9999 -9999 -9999 -9999 -9999 -9999 -9999 -9999 -9999 -9999 -9999 -9999 -9999 -9999 -9999 -9999 -9999 -9999 -9999 -9999 -9999 -9999 -9999 -9999 -9999 -9999 -9999 -9999 -9999 -9999 -9999 -9999 -9999 -9999 -9999 -9999 -9999 -9999
-9999 -9999 -9999 -9999 -9999 -9999 -9999 -1.439 -1.449 -1.461 -1.469 -1.477 -1.496 -1.514 -1.504 -1.484 -1.472 -1.459 -1.441 -1.42 -1.423 -1.427 -1.411 -1.391 -1.374 -1.354 -1.339 -1.324 -1.316 -9999 -9999 -9999 -9999 -9999 -9999 -9999 -9999 -9999 -9999 -9999 -9999 -9999 -9999 -9999 -9999 -9999 -9999 -9999 -9999 -9999 -9999 -9999 -9999 -9999 -9999 -9999 -9999 -9999 -9999 -9999 -9999 -9999 -9999 -9999 -9999 -9999 -9999 -9999 -9999 -9999 -9999 -9999 -9999 -9999 -9999
-9999 -9999 -9999 -9999 -9999 -9999 -1.427 -1.418 -1.435 -1.465 -1.476 -1.489 -1.509 -1.532 -1.524 -1.504 -1.493 -1.468 -1.455 -1.452 -1.453 -1.451 -1.436 -1.414 -1.393 -1.356 -1.339 -1.324 -9999 -9999 -9999 -9999 -9999 -9999 -9999 -9999 -9999 -9999 -9999 -9999 -9999 -9999 -9999 -9999 -9999 -9999 -9999 -9999 -9999 -9999 -9999 -9999 -9999 -9999 -9999 -9999 -9999 -9999 -9999 -9999 -9999 -9999 -9999 -9999 -9999 -9999 -9999 -9999 -9999 -9999 -9999 -9999 -9999 -9999 -9999
