Validation/Results/raw data/ReClimate_04_2024_1_Temperature-Actuals.asc
NCOLS 192
NROWS 249
XLLCENTER -225160.85627316462
YLLCENTER 29788.11610251502
CELLSIZE 5000.0
NODATA_VALUE -9999
[rows 102 to 135 of 249, columns 76 to 151 of 192]
8.194 8.798 8.847 10.851 11.525 -9999 -9999 10.363 -9999 -9999 10.977 8.423 8.129 9.815 8.879 6.668 8.413 7.363 7.346 7.573 8.101 9.863 9.06 8.162 7.203 7.743 8.729 8.03 8.302 9.518 10.37 10.814 10.684 10.153 9.345 10.185 10.44 10.565 10.776 10.63 10.536 -9999 -9999 -9999 -9999 -9999 -9999 -9999 -9999 -9999 -9999 -9999 -9999 -9999 -9999 -9999 -9999 -9999 -9999 -9999 -9999 -9999 -9999 -9999 -9999 -9999 -9999 -9999 -9999 -9999 -9999 -9999 -9999 -9999 -9999 -9999
9.919 9.151 10.488 -9999 -9999 -9999 11.031 9.979 10.607 10.369 10.241 9.137 10.839 10.358 8.653 8.577 9.0 9.055 8.975 8.862 8.901 7.949 8.882 8.091 8.376 8.138 7.759 8.421 9.236 10.12 10.735 10.863 10.507 9.75 10.338 10.838 -9999 -9999 10.948 -9999 -9999 -9999 -9999 -9999 -9999 -9999 -9999 -9999 -9999 -9999 -9999 -9999 -9999 -9999 -9999 -9999 -9999 -9999 -9999 -9999 -9999 -9999 -9999 -9999 -9999 -9999 -9999 -9999 -9999 -9999 -9999 -9999 -9999 -9999 -9999 -9999
9.736 -9999 10.333 -9999 -9999 -9999 10.8 10.005 9.917 10.005 10.598 11.068 10.052 8.761 8.482 9.007 9.422 8.957 8.449 8.987 8.439 9.746 8.907 8.699 9.494 9.92 10.164 10.042 10.513 10.821 10.857 10.973 10.882 10.672 10.98 -9999 10.699 10.761 10.587 10.533 -9999 -9999 -9999 -9999 -9999 -9999 -9999 -9999 -9999 -9999 -9999 -9999 -9999 -9999 -9999 -9999 -9999 -9999 -9999 -9999 -9999 -9999 -9999 -9999 -9999 -9999 -9999 -9999 -9999 -9999 -9999 -9999 -9999 -9999 -9999 -9999
-9999 -9999 -9999 -9999 11.145 10.772 9.931 9.992 9.582 10.098 9.836 8.965 8.36 8.22 9.257 9.091 9.65 8.258 9.457 7.967 9.52 8.366 7.572 9.495 10.145 9.902 10.191 10.74 10.826 11.081 11.215 11.248 11.231 -9999 10.882 10.684 10.721 10.603 10.735 10.438 -9999 -9999 -9999 -9999 -9999 -9999 -9999 -9999 -9999 -9999 -9999 -9999 -9999 -9999 -9999 -9999 -9999 -9999 -9999 -9999 -9999 -9999 -9999 -9999 -9999 -9999 -9999 -9999 -9999 -9999 -9999 -9999 -9999 -9999 -9999 -9999
-9999 -9999 -9999 -9999 10.914 11.226 10.708 9.749 9.919 10.225 9.066 9.929 9.766 9.26 8.327 9.678 9.699 8.847 8.189 8.961 8.932 7.772 8.909 8.813 8.45 9.421 9.956 10.163 10.516 10.683 10.483 10.372 10.142 10.241 10.699 10.924 10.664 10.455 10.561 10.312 10.298 -9999 -9999 -9999 -9999 -9999 -9999 -9999 -9999 -9999 -9999 -9999 -9999 -9999 -9999 -9999 -9999 -9999 -9999 -9999 -9999 -9999 -9999 -9999 -9999 -9999 -9999 -9999 -9999 -9999 -9999 -9999 -9999 -9999 -9999 -9999
-9999 -9999 -9999 10.829 -9999 -9999 10.498 9.834 10.529 9.423 9.875 -9999 -9999 8.744 8.439 9.185 9.698 8.822 9.08 9.352 8.995 9.369 10.166 9.483 9.737 10.048 10.329 9.87 9.319 8.914 9.206 9.385 9.862 10.205 10.345 10.85 10.304 10.303 10.094 10.145 10.18 10.241 -9999 -9999 -9999 -9999 -9999 -9999 -9999 -9999 -9999 -9999 -9999 -9999 -9999 -9999 -9999 -9999 -9999 -9999 -9999 -9999 -9999 -9999 -9999 -9999 -9999 -9999 -9999 -9999 -9999 -9999 -9999 -9999 -9999 -9999
-9999 -9999 -9999 10.839 -9999 10.92 10.417 10.642 9.422 9.454 10.86 10.998 9.246 8.471 9.325 11.186 9.239 8.001 10.026 10.021 9.604 10.259 10.529 10.645 10.868 10.691 9.481 8.373 8.396 9.03 9.488 10.097 10.309 10.119 10.271 10.367 10.386 10.64 10.773 10.721 10.657 -9999 -9999 -9999 -9999 -9999 -9999 -9999 -9999 -9999 -9999 -9999 -9999 -9999 -9999 -9999 -9999 -9999 -9999 -9999 -9999 -9999 -9999 -9999 -9999 -9999 -9999 -9999 -9999 -9999 -9999 -9999 -9999 -9999 -9999 -9999
-9999 -9999 -9999 10.848 -9999 10.865 11.141 10.421 10.107 10.726 -9999 9.369 9.639 -9999 9.496 9.557 9.315 10.257 9.061 10.257 10.654 11.089 11.232 11.449 11.492 10.921 9.847 10.321 10.575 10.556 10.315 10.136 10.37 10.245 10.496 10.57 10.688 -9999 -9999 -9999 -9999 -9999 -9999 -9999 -9999 -9999 -9999 -9999 -9999 -9999 -9999 -9999 -9999 -9999 -9999 -9999 -9999 -9999 -9999 -9999 -9999 -9999 -9999 -9999 -9999 -9999 -9999 -9999 -9999 -9999 -9999 -9999 -9999 -9999 -9999 -9999
-9999 10.536 10.564 -9999 -9999 11.3 11.055 10.529 10.908 10.822 8.996 9.464 8.489 -9999 10.199 9.409 10.14 10.243 10.13 10.335 10.86 10.788 10.651 10.533 10.722 11.179 11.48 11.48 11.235 10.761 10.27 10.167 10.3 10.36 10.476 10.664 -9999 -9999 -9999 -9999 -9999 -9999 -9999 -9999 -9999 -9999 -9999 -9999 -9999 -9999 -9999 -9999 -9999 -9999 -9999 -9999 -9999 -9999 -9999 -9999 -9999 -9999 -9999 -9999 -9999 -9999 -9999 -9999 -9999 -9999 -9999 -9999 -9999 -9999 -9999 -9999
10.938 10.663 10.791 -9999 11.245 10.059 10.138 10.893 -9999 9.442 9.791 8.746 8.698 -9999 9.86 9.172 10.348 11.358 11.231 11.262 10.982 10.609 10.201 9.576 10.093 10.93 11.384 -9999 11.422 11.011 10.778 10.676 10.463 10.028 10.332 -9999 -9999 -9999 -9999 -9999 -9999 -9999 -9999 -9999 -9999 -9999 -9999 -9999 -9999 -9999 -9999 -9999 -9999 -9999 -9999 -9999 -9999 -9999 -9999 -9999 -9999 -9999 -9999 -9999 -9999 -9999 -9999 -9999 -9999 -9999 -9999 -9999 -9999 -9999 -9999 -9999
11.065 11.063 -9999 -9999 10.642 9.439 10.316 -9999 10.21 9.94 9.832 9.263 9.708 -9999 10.802 10.721 11.162 11.442 11.293 11.044 10.664 8.994 8.879 9.154 9.799 10.809 11.444 11.576 11.686 -9999 -9999 11.196 10.788 -9999 -9999 -9999 -9999 -9999 -9999 10.667 10.605 10.721 -9999 -9999 -9999 -9999 -9999 -9999 -9999 -9999 -9999 -9999 -9999 -9999 -9999 -9999 -9999 -9999 -9999 -9999 -9999 -9999 -9999 -9999 -9999 -9999 -9999 -9999 -9999 -9999 -9999 -9999 -9999 -9999 -9999 -9999
10.362 -9999 -9999 10.218 9.84 10.613 10.091 -9999 10.232 9.774 10.527 10.514 9.398 -9999 -9999 -9999 11.516 11.065 10.412 10.326 10.107 10.122 10.441 10.479 10.874 10.997 10.962 11.108 11.379 11.419 11.138 10.937 11.073 -9999 -9999 -9999 -9999 -9999 10.675 10.589 10.518 10.811 10.818 -9999 -9999 -9999 -9999 -9999 -9999 -9999 -9999 -9999 -9999 -9999 -9999 -9999 -9999 -9999 -9999 -9999 -9999 -9999 -9999 -9999 -9999 -9999 -9999 -9999 -9999 -9999 -9999 -9999 -9999 -9999 -9999 -9999
10.396 -9999 -9999 -9999 11.115 9.899 10.338 -9999 10.164 -9999 10.908 9.831 10.753 -9999 11.281 10.838 10.723 -9999 10.912 11.218 11.156 11.288 11.13 11.16 11.027 10.78 10.499 10.637 10.788 10.364 10.342 10.851 11.131 11.215 11.099 11.107 -9999 10.836 10.596 10.514 10.679 10.427 10.034 9.903 10.733 -9999 -9999 -9999 -9999 -9999 -9999 -9999 -9999 -9999 -9999 -9999 -9999 -9999 -9999 -9999 -9999 -9999 -9999 -9999 -9999 -9999 -9999 -9999 -9999 -9999 -9999 -9999 -9999 -9999 -9999 -9999
-9999 -9999 -9999 -9999 10.143 9.53 10.71 -9999 11.135 -9999 10.939 11.285 -9999 11.038 10.182 9.88 10.699 11.242 11.482 11.465 11.697 11.543 11.244 11.199 10.87 10.285 10.109 10.195 10.21 10.229 10.498 10.746 10.78 10.71 10.556 10.949 10.901 10.438 10.478 10.452 10.295 9.653 9.323 9.149 9.54 10.348 10.402 10.163 -9999 -9999 -9999 -9999 -9999 -9999 -9999 -9999 -9999 -9999 -9999 -9999 -9999 -9999 -9999 -9999 -9999 -9999 -9999 -9999 -9999 -9999 -9999 -9999 -9999 -9999 -9999 -9999
-9999 -9999 -9999 -9999 10.102 10.802 10.491 10.255 -9999 -9999 11.553 11.483 -9999 10.911 9.594 9.504 10.527 10.987 11.499 11.808 11.689 11.568 11.719 11.487 10.991 10.462 9.882 9.858 9.926 10.123 10.155 9.971 9.799 9.524 10.113 10.714 10.563 10.3 10.175 9.79 8.749 8.587 9.036 9.093 9.52 9.567 10.065 10.195 10.08 -9999 -9999 -9999 -9999 -9999 -9999 -9999 -9999 -9999 -9999 -9999 -9999 -9999 -9999 -9999 -9999 -9999 -9999 -9999 -9999 -9999 -9999 -9999 -9999 -9999 -9999 -9999
-9999 -9999 -9999 -9999 10.726 10.792 10.029 11.107 -9999 -9999 11.423 11.494 -9999 -9999 9.736 10.024 10.841 10.864 10.876 11.081 11.16 11.325 11.083 11.444 11.405 10.775 10.297 9.83 9.631 9.436 9.451 9.072 9.032 9.604 10.05 10.101 10.009 9.767 9.406 8.827 8.699 8.676 9.074 9.356 9.703 10.282 10.363 10.072 10.039 -9999 -9999 -9999 -9999 -9999 -9999 -9999 -9999 -9999 -9999 -9999 -9999 -9999 -9999 -9999 -9999 -9999 -9999 -9999 -9999 -9999 -9999 -9999 -9999 -9999 -9999 -9999
-9999 -9999 -9999 -9999 11.1 10.405 10.676 -9999 -9999 -9999 -9999 11.434 -9999 11.082 10.151 10.944 11.174 10.681 10.472 10.301 10.615 10.61 10.702 10.858 11.092 11.042 10.266 9.762 9.655 9.644 9.24 8.996 9.442 9.743 9.62 9.488 8.938 9.021 9.239 9.441 9.348 9.183 9.42 9.642 10.088 10.573 10.543 10.46 10.464 10.132 -9999 -9999 -9999 -9999 -9999 -9999 -9999 -9999 -9999 -9999 -9999 -9999 -9999 -9999 -9999 -9999 -9999 -9999 -9999 -9999 -9999 -9999 -9999 -9999 -9999 -9999
-9999 -9999 10.322 10.366 10.265 10.731 -9999 -9999 10.14 -9999 -9999 -9999 -9999 11.149 10.928 11.29 11.185 10.921 10.446 10.092 9.963 9.795 9.815 10.237 10.559 10.724 10.718 10.07 9.995 9.803 9.665 9.862 9.784 9.341 9.394 8.438 8.073 8.635 9.14 9.507 9.784 9.701 9.864 9.865 10.235 10.63 10.752 10.749 10.636 10.449 -9999 -9999 -9999 -9999 -9999 -9999 -9999 -9999 -9999 -9999 -9999 -9999 -9999 -9999 -9999 -9999 -9999 -9999 -9999 -9999 -9999 -9999 -9999 -9999 -9999 -9999
-9999 -9999 -9999 9.966 10.172 11.048 -9999 10.394 9.453 10.04 -9999 -9999 -9999 -9999 11.452 11.477 11.486 11.242 10.864 10.441 9.9 9.707 9.876 10.145 10.31 10.598 10.371 10.499 10.183 9.869 9.631 9.661 9.228 9.89 9.408 9.261 9.061 8.537 8.804 9.643 9.89 10.226 10.291 10.3 10.491 10.733 10.824 10.826 10.557 10.463 10.376 -9999 -9999 -9999 -9999 -9999 -9999 -9999 -9999 -9999 -9999 -9999 -9999 -9999 -9999 -9999 -9999 -9999 -9999 -9999 -9999 -9999 -9999 -9999 -9999 -9999
-9999 -9999 -9999 10.344 10.213 10.577 -9999 10.758 9.686 10.448 -9999 -9999 -9999 -9999 -9999 11.506 11.55 11.502 11.412 11.064 10.678 10.311 9.874 9.456 9.653 10.041 10.344 10.28 9.917 9.578 9.637 9.493 9.642 10.0 9.806 9.725 9.686 9.994 9.982 10.206 10.272 10.58 10.471 10.67 11.035 11.052 11.022 10.865 10.633 10.234 10.281 10.42 -9999 -9999 -9999 -9999 -9999 -9999 -9999 -9999 -9999 -9999 -9999 -9999 -9999 -9999 -9999 -9999 -9999 -9999 -9999 -9999 -9999 -9999 -9999 -9999
-9999 -9999 -9999 10.175 9.72 -9999 -9999 11.216 10.377 10.004 10.867 -9999 -9999 -9999 -9999 -9999 11.455 11.288 11.127 11.035 10.336 9.682 9.331 9.002 9.146 9.551 9.933 9.683 9.791 9.62 9.319 9.33 9.733 8.392 9.269 9.11 9.847 9.405 9.928 10.423 10.34 10.609 10.881 11.091 10.942 10.64 10.523 10.603 10.36 10.507 9.917 10.278 10.453 10.553 -9999 -9999 -9999 -9999 -9999 -9999 -9999 -9999 -9999 -9999 -9999 -9999 -9999 -9999 -9999 -9999 -9999 -9999 -9999 -9999 -9999 -9999
-9999 -9999 -9999 9.821 10.413 -9999 -9999 10.516 9.62 9.772 -9999 -9999 -9999 -9999 -9999 -9999 11.383 11.182 11.064 10.822 10.25 9.959 9.876 9.569 9.473 9.405 9.496 9.59 9.639 8.765 8.202 9.12 8.125 7.654 8.114 9.29 9.225 9.921 10.66 10.241 10.329 10.641 10.648 10.728 10.791 10.565 10.449 9.84 9.55 10.092 9.945 9.782 10.332 10.567 -9999 -9999 -9999 -9999 -9999 -9999 -9999 -9999 -9999 -9999 -9999 -9999 -9999 -9999 -9999 -9999 -9999 -9999 -9999 -9999 -9999 -9999
-9999 -9999 -9999 10.091 10.843 -9999 -9999 -9999 10.634 10.383 10.514 -9999 -9999 -9999 -9999 -9999 11.425 11.221 11.08 10.875 10.518 10.353 9.756 9.022 8.762 9.256 9.224 9.75 9.595 8.908 8.784 9.214 7.691 8.271 8.989 8.737 9.249 10.308 10.066 10.303 10.252 10.41 10.73 10.578 10.372 10.342 9.876 8.533 8.706 9.183 9.888 9.86 10.063 10.404 -9999 -9999 -9999 -9999 -9999 -9999 -9999 -9999 -9999 -9999 -9999 -9999 -9999 -9999 -9999 -9999 -9999 -9999 -9999 -9999 -9999 -9999
-9999 -9999 9.726 10.055 10.588 -9999 -9999 -9999 -9999 -9999 -9999 -9999 -9999 -9999 -9999 -9999 11.15 10.938 10.888 10.66 10.374 10.161 9.447 9.068 9.05 9.352 9.513 9.26 9.267 8.527 8.716 8.05 7.69 8.337 9.024 8.772 9.264 9.516 10.0 10.015 10.405 10.396 10.284 10.434 10.11 9.941 8.847 8.533 8.207 9.254 10.079 10.267 10.219 10.273 10.75 -9999 -9999 -9999 -9999 -9999 -9999 -9999 -9999 -9999 -9999 -9999 -9999 -9999 -9999 -9999 -9999 -9999 -9999 -9999 -9999 -9999
-9999 9.629 9.663 9.675 10.702 -9999 -9999 -9999 -9999 -9999 -9999 -9999 -9999 -9999 11.383 11.205 11.1 10.727 10.236 9.869 9.993 9.983 9.872 9.717 10.135 9.701 8.896 9.016 9.009 8.997 9.364 8.867 7.963 9.271 9.077 9.086 9.263 9.681 10.046 10.461 9.975 10.068 10.269 10.102 9.82 9.084 8.879 8.737 8.712 9.376 10.369 10.58 10.354 10.348 10.605 -9999 -9999 -9999 -9999 -9999 -9999 -9999 -9999 -9999 -9999 -9999 -9999 -9999 -9999 -9999 -9999 -9999 -9999 -9999 -9999 -9999
-9999 9.632 10.137 10.945 -9999 -9999 -9999 -9999 -9999 -9999 -9999 -9999 -9999 -9999 11.35 11.453 11.167 10.414 9.952 9.967 9.334 8.96 9.06 9.07 9.448 9.619 9.804 9.629 9.133 9.466 9.961 9.61 9.222 8.522 9.004 8.813 9.459 9.822 10.465 10.099 9.945 10.051 9.904 9.432 8.816 8.47 8.867 9.219 9.542 10.023 9.998 10.008 10.259 10.312 10.49 -9999 -9999 -9999 -9999 -9999 -9999 -9999 -9999 -9999 -9999 -9999 -9999 -9999 -9999 -9999 -9999 -9999 -9999 -9999 -9999 -9999
-9999 -9999 -9999 -9999 -9999 -9999 -9999 -9999 -9999 -9999 -9999 -9999 -9999 -9999 11.399 11.372 10.494 10.315 10.082 9.804 8.88 8.776 8.194 8.601 9.003 9.526 9.825 9.512 8.269 8.867 10.185 10.22 8.903 8.833 9.102 9.186 9.159 9.884 9.459 9.298 9.583 9.179 8.815 8.429 9.108 9.084 9.127 9.323 9.571 10.324 10.454 10.287 10.396 10.638 10.674 -9999 -9999 -9999 -9999 -9999 -9999 -9999 -9999 -9999 -9999 -9999 -9999 -9999 -9999 -9999 -9999 -9999 -9999 -9999 -9999 -9999
-9999 -9999 -9999 -9999 -9999 -9999 -9999 -9999 -9999 -9999 -9999 -9999 -9999 11.158 10.868 10.204 10.234 9.799 9.98 9.833 9.595 8.569 8.629 8.515 8.898 9.29 10.315 9.896 9.315 9.551 10.112 10.265 9.794 9.58 9.451 9.271 9.312 8.859 9.565 9.809 9.529 9.176 8.096 8.92 8.677 8.978 9.462 9.464 9.605 9.517 10.262 10.649 10.789 10.81 10.809 -9999 -9999 -9999 -9999 -9999 -9999 -9999 -9999 -9999 -9999 -9999 -9999 -9999 -9999 -9999 -9999 -9999 -9999 -9999 -9999 -9999
-9999 -9999 -9999 -9999 -9999 -9999 -9999 -9999 -9999 -9999 -9999 -9999 -9999 10.751 10.497 10.125 9.218 9.481 9.961 9.812 8.982 9.627 9.171 9.024 9.381 9.881 10.861 10.721 10.164 9.87 9.974 10.699 10.345 10.147 9.994 9.879 9.106 10.018 9.476 9.837 9.764 8.365 9.486 9.009 9.073 9.509 9.564 9.932 9.706 9.303 9.806 10.348 10.536 10.728 10.878 -9999 -9999 -9999 -9999 -9999 -9999 -9999 -9999 -9999 -9999 -9999 -9999 -9999 -9999 -9999 -9999 -9999 -9999 -9999 -9999 -9999
-9999 -9999 -9999 -9999 -9999 -9999 -9999 -9999 -9999 -9999 -9999 -9999 10.866 10.441 10.604 9.604 9.811 9.465 8.566 9.023 9.582 9.882 9.482 9.734 9.869 9.918 10.355 10.493 10.234 10.262 11.053 11.038 10.676 10.162 10.07 9.341 10.281 9.985 9.561 10.248 9.118 8.966 9.649 9.864 10.035 9.613 9.654 9.742 9.433 9.694 10.036 10.414 10.601 10.722 10.901 10.918 -9999 -9999 -9999 -9999 -9999 -9999 -9999 -9999 -9999 -9999 -9999 -9999 -9999 -9999 -9999 -9999 -9999 -9999 -9999 -9999
-9999 -9999 -9999 -9999 -9999 -9999 -9999 -9999 -9999 -9999 -9999 10.729 10.576 10.573 10.598 10.416 10.203 9.483 9.481 9.335 9.062 10.354 10.393 10.237 9.925 9.916 10.219 10.588 11.032 11.229 10.949 11.227 10.893 10.441 10.097 10.338 10.638 10.367 10.387 10.542 9.37 9.037 9.37 9.515 9.631 9.724 10.027 9.93 9.594 9.982 10.198 10.416 10.602 10.87 10.962 11.019 -9999 -9999 -9999 -9999 -9999 -9999 -9999 -9999 -9999 -9999 -9999 -9999 -9999 -9999 -9999 -9999 -9999 -9999 -9999 -9999
-9999 -9999 -9999 -9999 -9999 -9999 -9999 -9999 -9999 -9999 -9999 10.589 9.504 10.346 10.512 10.619 10.806 10.139 8.888 9.053 10.179 10.497 10.801 10.582 10.347 10.154 9.982 11.132 11.497 11.262 11.319 10.951 11.008 10.563 10.673 10.654 10.945 10.78 10.875 10.352 9.953 9.5 9.359 9.538 9.579 10.106 10.431 10.226 10.09 10.015 10.152 10.502 10.876 10.936 10.987 11.006 -9999 -9999 -9999 -9999 -9999 -9999 -9999 -9999 -9999 -9999 -9999 -9999 -9999 -9999 -9999 -9999 -9999 -9999 -9999 -9999
-9999 -9999 -9999 -9999 -9999 -9999 -9999 -9999 -9999 -9999 10.684 9.627 9.978 10.159 10.347 10.759 10.962 10.1 9.575 9.925 10.021 10.549 10.741 10.882 10.531 10.179 10.849 11.086 11.341 11.795 11.331 11.262 11.079 11.13 11.014 11.081 11.246 11.234 10.82 10.915 10.326 9.567 9.767 9.735 9.851 9.93 10.382 10.496 10.781 10.416 10.365 10.608 10.969 11.169 11.078 11.003 11.129 -9999 -9999 -9999 -9999 -9999 -9999 -9999 -9999 -9999 -9999 -9999 -9999 -9999 -9999 -9999 -9999 -9999 -9999 -9999
-9999 -9999 -9999 -9999 -9999 -9999 -9999 -9999 -9999 10.856 -9999 10.582 10.149 10.191 10.403 10.882 11.27 10.885 10.781 10.163 9.717 10.36 10.878 11.08 11.074 11.108 11.179 11.196 11.425 11.594 11.315 11.519 11.493 11.47 11.43 11.535 11.591 11.501 11.355 11.043 10.613 10.581 10.282 10.176 10.11 10.379 10.732 11.288 10.694 10.345 10.609 10.811 10.998 11.172 11.3 11.249 11.092 -9999 -9999 -9999 -9999 -9999 -9999 -9999 -9999 -9999 -9999 -9999 -9999 -9999 -9999 -9999 -9999 -9999 -9999 -9999
