Validation/Results/raw data/ReClimate_01_2024_1_Temperature-Actuals.asc
NCOLS 192
NROWS 249
XLLCENTER -225160.85627316462
YLLCENTER 29788.11610251502
CELLSIZE 5000.0
NODATA_VALUE -9999
[rows 102 to 135 of 249, columns 77 to 153 of 192]
2.736 2.644 4.605 5.395 -9999 -9999 4.444 -9999 -9999 4.61 2.232 1.989 3.529 2.517 0.349 2.004 0.983 0.961 1.212 1.752 3.258 2.295 1.448 0.638 1.253 2.249 1.608 1.877 3.02 3.796 4.183 4.055 3.607 2.974 3.911 4.196 4.337 4.602 4.637 4.78 -9999 -9999 -9999 -9999 -9999 -9999 -9999 -9999 -9999 -9999 -9999 -9999 -9999 -9999 -9999 -9999 -9999 -9999 -9999 -9999 -9999 -9999 -9999 -9999 -9999 -9999 -9999 -9999 -9999 -9999 -9999 -9999 -9999 -9999 -9999 -9999 -9999
3.084 4.352 -9999 -9999 -9999 5.09 3.934 4.357 4.009 3.904 2.981 4.693 4.13 2.383 2.207 2.569 2.608 2.523 2.41 2.323 1.296 2.255 1.575 1.869 1.685 1.398 2.053 2.78 3.562 4.062 4.151 3.903 3.318 4.045 4.645 -9999 -9999 4.91 -9999 -9999 -9999 -9999 -9999 -9999 -9999 -9999 -9999 -9999 -9999 -9999 -9999 -9999 -9999 -9999 -9999 -9999 -9999 -9999 -9999 -9999 -9999 -9999 -9999 -9999 -9999 -9999 -9999 -9999 -9999 -9999 -9999 -9999 -9999 -9999 -9999 -9999 -9999
-9999 4.544 -9999 -9999 -9999 4.805 3.837 3.645 3.668 4.16 4.703 3.856 2.592 2.235 2.662 3.014 2.552 2.073 2.648 2.13 3.322 2.503 2.269 3.029 3.488 3.762 3.62 4.005 4.213 4.149 4.259 4.255 4.203 4.668 -9999 4.563 4.699 4.708 4.771 -9999 -9999 -9999 -9999 -9999 -9999 -9999 -9999 -9999 -9999 -9999 -9999 -9999 -9999 -9999 -9999 -9999 -9999 -9999 -9999 -9999 -9999 -9999 -9999 -9999 -9999 -9999 -9999 -9999 -9999 -9999 -9999 -9999 -9999 -9999 -9999 -9999 -9999
-9999 -9999 -9999 5.291 4.829 3.933 3.812 3.325 3.762 3.498 2.713 2.223 2.086 3.028 2.856 3.391 2.032 3.195 1.845 3.304 2.166 1.307 3.128 3.776 3.565 3.855 4.327 4.318 4.477 4.548 4.626 4.658 -9999 4.551 4.479 4.634 4.565 4.768 4.693 -9999 -9999 -9999 -9999 -9999 -9999 -9999 -9999 -9999 -9999 -9999 -9999 -9999 -9999 -9999 -9999 -9999 -9999 -9999 -9999 -9999 -9999 -9999 -9999 -9999 -9999 -9999 -9999 -9999 -9999 -9999 -9999 -9999 -9999 -9999 -9999 -9999 -9999
-9999 -9999 -9999 5.111 5.32 4.683 3.567 3.623 3.949 2.862 3.733 3.577 3.054 2.213 3.602 3.644 2.734 2.008 2.751 2.753 1.564 2.573 2.494 2.182 3.153 3.668 3.818 4.043 4.092 3.881 3.84 3.694 3.861 4.321 4.621 4.465 4.245 4.456 4.459 4.737 -9999 -9999 -9999 -9999 -9999 -9999 -9999 -9999 -9999 -9999 -9999 -9999 -9999 -9999 -9999 -9999 -9999 -9999 -9999 -9999 -9999 -9999 -9999 -9999 -9999 -9999 -9999 -9999 -9999 -9999 -9999 -9999 -9999 -9999 -9999 -9999 -9999
-9999 -9999 5.21 -9999 -9999 4.475 3.656 4.293 3.324 3.771 -9999 -9999 2.624 2.413 3.238 3.745 2.754 2.881 3.127 2.763 3.045 3.789 3.097 3.37 3.697 3.988 3.523 2.95 2.491 2.77 2.995 3.502 3.875 4.02 4.536 4.061 4.146 4.066 4.329 4.678 4.951 -9999 -9999 -9999 -9999 -9999 -9999 -9999 -9999 -9999 -9999 -9999 -9999 -9999 -9999 -9999 -9999 -9999 -9999 -9999 -9999 -9999 -9999 -9999 -9999 -9999 -9999 -9999 -9999 -9999 -9999 -9999 -9999 -9999 -9999 -9999 -9999
-9999 -9999 5.266 -9999 5.072 4.417 4.506 3.415 3.503 4.807 4.918 3.223 2.477 3.309 5.124 3.231 1.952 3.821 3.757 3.305 3.899 4.094 4.185 4.374 4.221 3.101 2.075 2.099 2.684 3.118 3.683 3.908 3.834 4.115 4.276 4.379 4.726 4.977 5.096 5.258 -9999 -9999 -9999 -9999 -9999 -9999 -9999 -9999 -9999 -9999 -9999 -9999 -9999 -9999 -9999 -9999 -9999 -9999 -9999 -9999 -9999 -9999 -9999 -9999 -9999 -9999 -9999 -9999 -9999 -9999 -9999 -9999 -9999 -9999 -9999 -9999 -9999
-9999 -9999 5.322 -9999 5.005 5.082 4.396 4.22 4.839 -9999 3.438 3.688 -9999 3.584 3.597 3.235 4.087 2.901 3.989 4.307 4.69 4.794 4.949 4.954 4.433 3.426 3.937 4.201 4.165 3.916 3.744 4.004 4.049 4.445 4.669 4.963 -9999 -9999 -9999 -9999 -9999 -9999 -9999 -9999 -9999 -9999 -9999 -9999 -9999 -9999 -9999 -9999 -9999 -9999 -9999 -9999 -9999 -9999 -9999 -9999 -9999 -9999 -9999 -9999 -9999 -9999 -9999 -9999 -9999 -9999 -9999 -9999 -9999 -9999 -9999 -9999 -9999
5.266 5.212 -9999 -9999 5.396 4.988 4.58 5.061 4.993 3.177 3.527 2.592 -9999 4.359 3.461 3.967 4.025 3.928 4.021 4.469 4.377 4.22 4.062 4.223 4.695 5.105 5.056 4.849 4.422 3.982 3.912 4.119 4.313 4.577 4.982 -9999 -9999 -9999 -9999 -9999 -9999 -9999 -9999 -9999 -9999 -9999 -9999 -9999 -9999 -9999 -9999 -9999 -9999 -9999 -9999 -9999 -9999 -9999 -9999 -9999 -9999 -9999 -9999 -9999 -9999 -9999 -9999 -9999 -9999 -9999 -9999 -9999 -9999 -9999 -9999 -9999 -9999
5.414 5.416 -9999 5.56 4.258 4.257 5.101 -9999 3.664 3.845 2.703 2.761 -9999 4.026 3.103 4.096 4.926 4.741 4.827 4.564 4.203 3.782 3.139 3.627 4.582 5.014 -9999 5.091 4.747 4.564 4.524 4.439 4.236 4.687 -9999 -9999 -9999 -9999 -9999 -9999 -9999 -9999 -9999 -9999 -9999 -9999 -9999 -9999 -9999 -9999 -9999 -9999 -9999 -9999 -9999 -9999 -9999 -9999 -9999 -9999 -9999 -9999 -9999 -9999 -9999 -9999 -9999 -9999 -9999 -9999 -9999 -9999 -9999 -9999 -9999 -9999 -9999
5.763 -9999 -9999 5.029 3.78 4.731 -9999 4.473 4.064 3.739 3.125 3.782 -9999 4.78 4.512 4.798 4.971 4.797 4.593 4.234 2.638 2.511 2.735 3.374 4.4 5.112 5.283 5.339 -9999 -9999 5.07 4.858 -9999 -9999 -9999 -9999 -9999 -9999 5.264 5.329 5.468 -9999 -9999 -9999 -9999 -9999 -9999 -9999 -9999 -9999 -9999 -9999 -9999 -9999 -9999 -9999 -9999 -9999 -9999 -9999 -9999 -9999 -9999 -9999 -9999 -9999 -9999 -9999 -9999 -9999 -9999 -9999 -9999 -9999 -9999 -9999 -9999
-9999 -9999 4.856 4.387 5.113 4.618 -9999 4.591 3.9 4.394 4.436 3.522 -9999 -9999 -9999 5.169 4.687 4.042 3.913 3.649 3.676 4.008 3.972 4.243 4.39 4.554 4.786 5.111 5.217 5.01 4.865 5.094 -9999 -9999 -9999 -9999 -9999 5.011 5.15 5.102 5.355 5.456 -9999 -9999 -9999 -9999 -9999 -9999 -9999 -9999 -9999 -9999 -9999 -9999 -9999 -9999 -9999 -9999 -9999 -9999 -9999 -9999 -9999 -9999 -9999 -9999 -9999 -9999 -9999 -9999 -9999 -9999 -9999 -9999 -9999 -9999 -9999
-9999 -9999 -9999 5.632 4.395 4.875 -9999 4.578 -9999 4.88 3.895 4.856 -9999 5.201 4.565 4.419 -9999 4.533 4.783 4.676 4.79 4.613 4.572 4.325 4.126 4.082 4.322 4.541 4.238 4.278 4.762 5.014 5.136 5.121 5.238 -9999 5.061 4.897 4.878 4.979 4.662 4.408 4.448 5.404 -9999 -9999 -9999 -9999 -9999 -9999 -9999 -9999 -9999 -9999 -9999 -9999 -9999 -9999 -9999 -9999 -9999 -9999 -9999 -9999 -9999 -9999 -9999 -9999 -9999 -9999 -9999 -9999 -9999 -9999 -9999 -9999 -9999
-9999 -9999 -9999 4.761 3.993 5.135 -9999 5.546 -9999 5.057 5.351 -9999 5.184 4.175 3.706 4.426 4.911 5.078 5.05 5.278 5.093 4.662 4.636 4.313 3.855 3.805 3.914 4.0 4.09 4.374 4.512 4.49 4.493 4.485 4.956 4.992 4.537 4.53 4.536 4.414 3.825 3.565 3.469 3.951 4.9 5.16 4.981 -9999 -9999 -9999 -9999 -9999 -9999 -9999 -9999 -9999 -9999 -9999 -9999 -9999 -9999 -9999 -9999 -9999 -9999 -9999 -9999 -9999 -9999 -9999 -9999 -9999 -9999 -9999 -9999 -9999 -9999
-9999 -9999 -9999 4.744 5.184 4.942 4.833 -9999 -9999 5.856 5.701 -9999 5.166 3.703 3.345 4.238 4.63 5.041 5.269 5.237 5.05 5.204 4.951 4.5 4.065 3.564 3.574 3.692 3.914 3.875 3.655 3.47 3.342 4.071 4.733 4.555 4.21 4.056 3.762 2.825 2.714 3.153 3.218 3.68 3.821 4.55 4.973 4.925 -9999 -9999 -9999 -9999 -9999 -9999 -9999 -9999 -9999 -9999 -9999 -9999 -9999 -9999 -9999 -9999 -9999 -9999 -9999 -9999 -9999 -9999 -9999 -9999 -9999 -9999 -9999 -9999 -9999
-9999 -9999 -9999 5.32 5.196 4.519 5.589 -9999 -9999 5.967 6.008 -9999 -9999 3.797 3.78 4.477 4.402 4.318 4.654 4.758 4.872 4.594 4.902 4.824 4.288 3.899 3.493 3.344 3.167 3.21 2.835 2.838 3.45 3.903 4.017 3.903 3.636 3.303 2.773 2.67 2.676 3.08 3.394 3.76 4.337 4.516 4.473 4.791 -9999 -9999 -9999 -9999 -9999 -9999 -9999 -9999 -9999 -9999 -9999 -9999 -9999 -9999 -9999 -9999 -9999 -9999 -9999 -9999 -9999 -9999 -9999 -9999 -9999 -9999 -9999 -9999 -9999
-9999 -9999 -9999 5.61 4.823 5.005 -9999 -9999 -9999 -9999 6.12 -9999 5.334 4.109 4.629 4.756 4.169 3.954 3.9 4.252 4.23 4.284 4.37 4.537 4.524 3.803 3.326 3.251 3.289 2.975 2.794 3.242 3.512 3.434 3.339 2.815 2.905 3.117 3.283 3.197 3.081 3.348 3.625 4.062 4.509 4.523 4.631 4.955 4.955 -9999 -9999 -9999 -9999 -9999 -9999 -9999 -9999 -9999 -9999 -9999 -9999 -9999 -9999 -9999 -9999 -9999 -9999 -9999 -9999 -9999 -9999 -9999 -9999 -9999 -9999 -9999 -9999
-9999 5.07 4.999 4.773 5.05 -9999 -9999 4.61 -9999 -9999 -9999 -9999 5.476 4.961 5.082 4.84 4.497 4.053 3.782 3.7 3.54 3.544 3.88 4.121 4.235 4.156 3.495 3.479 3.386 3.377 3.651 3.588 3.132 3.156 2.252 1.938 2.503 2.973 3.305 3.585 3.553 3.761 3.815 4.188 4.543 4.641 4.796 4.95 5.043 -9999 -9999 -9999 -9999 -9999 -9999 -9999 -9999 -9999 -9999 -9999 -9999 -9999 -9999 -9999 -9999 -9999 -9999 -9999 -9999 -9999 -9999 -9999 -9999 -9999 -9999 -9999 -9999
-9999 -9999 4.567 4.637 5.324 -9999 4.621 3.872 4.642 -9999 -9999 -9999 -9999 5.715 5.481 5.331 5.002 4.601 4.191 3.679 3.519 3.682 3.869 3.929 4.11 3.758 3.85 3.676 3.546 3.452 3.496 3.057 3.639 3.097 2.942 2.797 2.341 2.622 3.437 3.691 4.031 4.134 4.181 4.394 4.589 4.683 4.799 4.743 4.87 5.041 -9999 -9999 -9999 -9999 -9999 -9999 -9999 -9999 -9999 -9999 -9999 -9999 -9999 -9999 -9999 -9999 -9999 -9999 -9999 -9999 -9999 -9999 -9999 -9999 -9999 -9999 -9999
-9999 -9999 5.014 4.749 5.023 -9999 5.066 4.034 4.955 -9999 -9999 -9999 -9999 -9999 5.729 5.601 5.414 5.258 4.818 4.395 4.058 3.647 3.21 3.356 3.649 3.867 3.87 3.625 3.519 3.615 3.407 3.478 3.74 3.486 3.373 3.331 3.684 3.749 3.996 4.038 4.319 4.227 4.429 4.75 4.801 4.857 4.809 4.725 4.476 4.717 5.154 -9999 -9999 -9999 -9999 -9999 -9999 -9999 -9999 -9999 -9999 -9999 -9999 -9999 -9999 -9999 -9999 -9999 -9999 -9999 -9999 -9999 -9999 -9999 -9999 -9999 -9999
-9999 -9999 4.896 4.467 -9999 -9999 5.577 4.674 4.435 5.389 -9999 -9999 -9999 -9999 -9999 5.641 5.258 4.945 4.76 4.045 3.421 3.104 2.783 2.898 3.247 3.615 3.376 3.597 3.577 3.308 3.244 3.577 2.243 3.029 2.816 3.475 3.041 3.598 4.161 4.049 4.294 4.59 4.743 4.58 4.354 4.363 4.558 4.436 4.705 4.222 4.73 5.244 5.661 -9999 -9999 -9999 -9999 -9999 -9999 -9999 -9999 -9999 -9999 -9999 -9999 -9999 -9999 -9999 -9999 -9999 -9999 -9999 -9999 -9999 -9999 -9999 -9999
-9999 -9999 4.653 5.317 -9999 -9999 5.066 4.064 4.271 -9999 -9999 -9999 -9999 -9999 -9999 5.591 5.107 4.849 4.565 4.013 3.739 3.651 3.333 3.221 3.146 3.223 3.316 3.427 2.642 2.1 3.016 2.075 1.586 1.965 3.037 2.891 3.473 4.204 3.868 4.006 4.331 4.342 4.398 4.439 4.312 4.358 3.888 3.736 4.348 4.234 4.125 4.888 5.452 -9999 -9999 -9999 -9999 -9999 -9999 -9999 -9999 -9999 -9999 -9999 -9999 -9999 -9999 -9999 -9999 -9999 -9999 -9999 -9999 -9999 -9999 -9999 -9999
-9999 -9999 5.057 5.886 -9999 -9999 -9999 5.264 5.03 5.234 -9999 -9999 -9999 -9999 -9999 5.621 5.2 4.882 4.656 4.341 4.171 3.555 2.8 2.54 3.007 2.958 3.462 3.358 2.706 2.592 3.05 1.63 2.139 2.783 2.5 2.91 3.845 3.615 3.931 3.925 4.098 4.417 4.262 4.065 4.139 3.82 2.648 2.953 3.506 4.185 4.127 4.446 5.091 -9999 -9999 -9999 -9999 -9999 -9999 -9999 -9999 -9999 -9999 -9999 -9999 -9999 -9999 -9999 -9999 -9999 -9999 -9999 -9999 -9999 -9999 -9999 -9999
-9999 4.736 5.062 5.772 -9999 -9999 -9999 -9999 -9999 -9999 -9999 -9999 -9999 -9999 -9999 5.316 4.875 4.688 4.485 4.244 4.021 3.276 2.851 2.802 3.074 3.207 2.958 2.985 2.304 2.487 1.879 1.525 2.124 2.775 2.511 2.929 3.139 3.634 3.678 4.052 4.047 3.94 4.1 3.834 3.746 2.763 2.58 2.424 3.534 4.333 4.474 4.51 4.877 5.772 -9999 -9999 -9999 -9999 -9999 -9999 -9999 -9999 -9999 -9999 -9999 -9999 -9999 -9999 -9999 -9999 -9999 -9999 -9999 -9999 -9999 -9999 -9999
4.754 4.759 4.775 5.922 -9999 -9999 -9999 -9999 -9999 -9999 -9999 -9999 -9999 5.599 5.413 5.051 4.529 4.013 3.705 3.854 3.839 3.683 3.472 3.826 3.376 2.557 2.641 2.667 2.705 3.059 2.58 1.701 2.972 2.806 2.809 2.953 3.346 3.696 4.068 3.594 3.7 3.873 3.751 3.532 2.894 2.751 2.712 2.818 3.544 4.52 4.7 4.575 4.877 5.427 -9999 -9999 -9999 -9999 -9999 -9999 -9999 -9999 -9999 -9999 -9999 -9999 -9999 -9999 -9999 -9999 -9999 -9999 -9999 -9999 -9999 -9999 -9999
4.785 5.267 6.046 -9999 -9999 -9999 -9999 -9999 -9999 -9999 -9999 -9999 -9999 5.52 5.41 4.904 4.123 3.68 3.736 3.16 2.808 2.891 2.87 3.192 3.313 3.423 3.225 2.802 3.14 3.565 3.205 2.838 2.208 2.717 2.551 3.165 3.499 4.078 3.686 3.513 3.576 3.5 3.095 2.563 2.357 2.809 3.179 3.536 4.059 4.061 4.049 4.363 4.739 5.273 -9999 -9999 -9999 -9999 -9999 -9999 -9999 -9999 -9999 -9999 -9999 -9999 -9999 -9999 -9999 -9999 -9999 -9999 -9999 -9999 -9999 -9999 -9999
-9999 -9999 -9999 -9999 -9999 -9999 -9999 -9999 -9999 -9999 -9999 -9999 -9999 5.42 5.11 4.165 3.972 3.74 3.499 2.658 2.593 2.037 2.43 2.819 3.286 3.498 3.169 1.999 2.55 3.764 3.776 2.528 2.502 2.798 2.898 2.859 3.539 3.11 2.927 3.155 2.786 2.491 2.159 2.939 3.098 3.173 3.297 3.532 4.308 4.444 4.244 4.382 4.904 5.367 -9999 -9999 -9999 -9999 -9999 -9999 -9999 -9999 -9999 -9999 -9999 -9999 -9999 -9999 -9999 -9999 -9999 -9999 -9999 -9999 -9999 -9999 -9999
-9999 -9999 -9999 -9999 -9999 -9999 -9999 -9999 -9999 -9999 -9999 -9999 5.313 4.698 3.905 3.924 3.478 3.622 3.521 3.37 2.398 2.432 2.349 2.754 3.116 4.013 3.568 3.018 3.22 3.73 3.879 3.435 3.232 3.131 2.961 2.986 2.556 3.23 3.448 3.166 2.858 1.85 2.676 2.574 3.021 3.485 3.362 3.546 3.553 4.276 4.6 4.792 5.073 5.37 -9999 -9999 -9999 -9999 -9999 -9999 -9999 -9999 -9999 -9999 -9999 -9999 -9999 -9999 -9999 -9999 -9999 -9999 -9999 -9999 -9999 -9999 -9999
-9999 -9999 -9999 -9999 -9999 -9999 -9999 -9999 -9999 -9999 -9999 -9999 4.763 4.248 3.825 2.975 3.204 3.657 3.584 2.837 3.422 2.956 2.835 3.227 3.713 4.594 4.421 3.868 3.561 3.655 4.359 3.992 3.783 3.658 3.536 2.777 3.659 3.129 3.47 3.424 2.109 3.185 2.741 2.882 3.359 3.317 3.742 3.661 3.407 3.93 4.444 4.703 5.066 5.431 -9999 -9999 -9999 -9999 -9999 -9999 -9999 -9999 -9999 -9999 -9999 -9999 -9999 -9999 -9999 -9999 -9999 -9999 -9999 -9999 -9999 -9999 -9999
-9999 -9999 -9999 -9999 -9999 -9999 -9999 -9999 -9999 -9999 -9999 5.105 4.363 4.34 3.367 3.566 3.239 2.413 2.904 3.448 3.696 3.264 3.501 3.692 3.783 4.191 4.28 3.963 3.968 4.725 4.693 4.296 3.783 3.702 2.988 3.879 3.586 3.162 3.841 2.82 2.69 3.33 3.554 3.77 3.366 3.423 3.603 3.482 3.872 4.238 4.578 4.796 5.053 5.376 5.649 -9999 -9999 -9999 -9999 -9999 -9999 -9999 -9999 -9999 -9999 -9999 -9999 -9999 -9999 -9999 -9999 -9999 -9999 -9999 -9999 -9999 -9999
-9999 -9999 -9999 -9999 -9999 -9999 -9999 -9999 -9999 -9999 5.123 4.725 4.448 4.382 4.201 3.98 3.296 3.319 3.191 2.91 4.073 4.052 3.953 3.727 3.781 4.081 4.396 4.778 4.951 4.654 4.88 4.514 4.056 3.72 3.945 4.212 3.906 3.889 4.076 3.011 2.7 3.02 3.207 3.379 3.49 3.808 3.824 3.665 4.167 4.408 4.576 4.737 5.065 5.338 5.667 -9999 -9999 -9999 -9999 -9999 -9999 -9999 -9999 -9999 -9999 -9999 -9999 -9999 -9999 -9999 -9999 -9999 -9999 -9999 -9999 -9999 -9999
-9999 -9999 -9999 -9999 -9999 -9999 -9999 -9999 -9999 -9999 4.969 3.669 4.284 4.389 4.446 4.559 3.92 2.743 2.886 3.937 4.207 4.444 4.276 4.098 3.943 3.802 4.912 5.279 5.091 5.052 4.645 4.652 4.198 4.282 4.252 4.486 4.257 4.308 3.843 3.515 3.087 2.985 3.209 3.311 3.866 4.215 4.086 4.042 4.102 4.299 4.612 4.938 5.025 5.227 5.565 -9999 -9999 -9999 -9999 -9999 -9999 -9999 -9999 -9999 -9999 -9999 -9999 -9999 -9999 -9999 -9999 -9999 -9999 -9999 -9999 -9999 -9999
-9999 -9999 -9999 -9999 -9999 -9999 -9999 -9999 -9999 5.295 3.991 4.109 4.146 4.278 4.609 4.744 3.925 3.44 3.768 3.823 4.285 4.455 4.578 4.234 3.886 4.566 4.833 5.096 5.458 5.035 4.968 4.765 4.777 4.638 4.684 4.801 4.726 4.286 4.403 3.863 3.13 3.342 3.35 3.541 3.696 4.16 4.275 4.565 4.278 4.326 4.605 4.963 5.174 5.187 5.409 5.852 -9999 -9999 -9999 -9999 -9999 -9999 -9999 -9999 -9999 -9999 -9999 -9999 -9999 -9999 -9999 -9999 -9999 -9999 -9999 -9999 -9999
-9999 -9999 -9999 -9999 -9999 -9999 -9999 -9999 5.534 -9999 4.772 4.226 4.194 4.337 4.758 5.096 4.7 4.628 4.125 3.624 4.162 4.603 4.75 4.693 4.668 4.769 4.873 5.14 5.354 5.122 5.322 5.259 5.168 5.075 5.165 5.228 5.119 4.919 4.589 4.135 4.073 3.789 3.736 3.776 4.122 4.503 5.014 4.412 4.051 4.384 4.683 4.927 5.143 5.303 5.449 5.698 -9999 -9999 -9999 -9999 -9999 -9999 -9999 -9999 -9999 -9999 -9999 -9999 -9999 -9999 -9999 -9999 -9999 -9999 -9999 -9999 -9999
