Validation/Results/raw data/ReClimate_01_2024_2_Precipitation-Actualsweatherlogisticsltd.asc
NCOLS 192
NROWS 249
XLLCENTER -225160.85627316462
YLLCENTER 29788.11610251502
CELLSIZE 5000.0
NODATA_VALUE -9999
[rows 198 to 230 of 249, columns 75 to 149 of 192]
-9999 -9999 -9999 -9999 -9999 -9999 -9999 -9999 -9999 -9999 -9999 -9999 -9999 -9999 -9999 -9999 -9999 90.76 90.96 91.904 87.155 83.911 92.143 94.67 113.405 127.074 146.915 141.493 125.991 105.738 85.705 82.675 76.17 75.937 83.476 80.12 67.705 57.482 55.189 55.118 56.447 52.921 55.527 55.592 53.348 50.781 47.769 45.394 45.418 43.597 44.911 46.645 44.702 42.447 42.183 42.415 43.772 42.605 45.091 46.408 46.507 49.047 49.636 46.95 44.881 43.5 43.944 42.92 41.427 41.061 37.716 36.411 36.103 36.561 36.34
-9999 -9999 -9999 -9999 -9999 -9999 -9999 -9999 -9999 -9999 -9999 -9999 -9999 -9999 57.53 71.4 80.944 85.778 94.347 94.45 93.17 87.71 85.156 105.518 119.197 141.608 147.277 145.923 115.462 101.639 97.285 83.444 73.811 85.726 76.999 68.691 56.146 52.752 54.502 60.897 51.427 52.452 51.173 54.637 57.763 55.262 51.988 46.581 43.817 40.332 41.22 44.08 42.461 40.475 41.823 44.681 45.732 48.539 46.417 46.05 46.939 46.829 48.398 47.298 44.6 42.281 43.197 43.468 42.401 40.272 37.753 35.831 36.954 36.754 34.694
-9999 -9999 -9999 -9999 -9999 -9999 -9999 -9999 -9999 -9999 -9999 -9999 76.922 70.461 75.459 80.937 87.375 94.217 94.418 101.93 97.009 94.661 106.89 102.777 120.989 132.37 124.497 117.973 117.186 117.079 100.493 89.023 85.356 74.834 67.59 58.47 66.574 61.432 55.96 51.278 48.224 48.281 50.177 54.033 54.947 53.66 48.636 46.061 43.034 39.28 41.409 43.458 42.468 45.858 45.445 44.739 45.199 45.804 48.833 47.596 47.23 49.19 49.813 50.092 47.825 44.223 44.411 43.523 41.968 39.482 36.675 36.727 36.435 35.941 35.078
-9999 -9999 -9999 -9999 -9999 -9999 -9999 -9999 82.281 90.546 85.708 80.869 91.882 85.233 90.355 92.247 95.461 99.918 102.535 110.468 114.142 118.674 110.474 109.603 118.831 114.092 110.652 111.559 120.676 111.607 99.84 85.927 85.303 73.707 59.83 70.817 73.249 66.083 60.941 50.512 52.3 49.123 51.881 56.387 50.08 52.581 46.783 43.549 42.088 42.961 44.745 44.169 49.796 49.683 50.164 47.109 45.509 45.541 46.984 48.187 48.944 48.166 48.678 48.401 47.229 43.973 45.117 44.771 42.343 41.673 40.121 36.444 35.556 34.447 33.388
-9999 -9999 -9999 -9999 -9999 -9999 -9999 73.713 85.879 89.64 94.264 114.158 117.922 122.566 117.886 109.13 112.667 112.687 115.033 119.555 123.934 121.212 120.225 116.784 107.936 102.983 102.24 111.753 112.249 104.983 94.113 88.953 82.037 81.363 93.29 113.597 90.277 75.138 58.797 59.28 55.645 57.133 54.511 49.119 49.814 47.467 45.131 44.095 43.42 48.603 51.053 50.19 53.718 57.506 50.833 48.481 51.769 50.509 50.441 50.952 49.466 49.361 48.19 47.787 45.158 44.009 43.889 44.272 44.169 44.132 40.32 40.041 36.826 35.994 35.39
-9999 -9999 -9999 -9999 -9999 -9999 67.578 76.453 87.074 92.58 103.678 115.517 119.504 117.348 114.003 115.944 114.964 116.254 113.482 119.224 124.523 121.308 113.171 103.53 94.125 101.252 115.103 115.192 113.938 102.854 91.017 82.296 86.035 82.701 113.465 109.928 103.603 76.631 71.402 66.787 62.678 56.973 52.755 50.845 50.264 50.062 45.043 44.03 42.569 47.055 48.939 54.221 59.916 58.601 53.35 49.913 50.873 54.016 52.984 51.956 50.8 48.638 46.872 43.81 43.627 43.755 45.393 45.051 42.006 43.108 40.686 40.482 42.716 39.403 38.517
-9999 -9999 -9999 -9999 63.137 -9999 67.038 72.666 79.532 86.814 92.409 99.386 99.576 100.137 104.751 105.293 110.568 106.31 104.806 103.433 104.879 99.879 99.534 99.866 111.45 131.138 159.062 176.919 148.487 127.966 114.171 124.3 110.288 98.39 101.169 122.38 98.452 88.394 79.529 71.835 60.954 50.999 54.757 57.025 56.09 50.463 46.037 43.56 45.142 49.861 57.18 62.151 65.797 60.73 54.298 50.802 52.751 53.399 52.718 50.38 48.468 46.232 43.145 42.661 42.585 43.878 44.177 44.658 43.243 42.139 43.361 42.845 44.37 42.166 39.995
-9999 -9999 -9999 -9999 -9999 -9999 -9999 -9999 81.764 82.787 88.55 93.935 93.81 95.685 101.813 102.756 95.921 98.081 94.531 94.918 99.228 100.601 108.323 110.902 127.019 149.292 179.476 183.427 174.446 149.206 161.329 161.21 120.695 108.452 106.979 85.118 89.682 84.914 68.507 62.473 55.363 60.038 61.882 65.248 59.698 52.617 45.99 45.576 49.173 56.031 67.926 69.083 66.864 61.433 54.293 54.297 56.61 53.468 50.165 48.269 46.416 44.082 42.301 42.14 42.335 42.672 42.21 42.942 44.398 45.663 47.207 46.874 44.639 43.985 41.465
-9999 -9999 -9999 -9999 -9999 -9999 -9999 -9999 81.869 85.129 86.581 91.923 96.652 102.872 106.699 98.481 94.846 93.231 89.186 96.325 102.111 104.7 109.176 114.062 121.886 135.345 151.663 153.443 147.106 150.46 159.557 140.105 130.326 115.457 99.532 104.222 105.988 83.296 71.79 66.943 69.167 68.387 71.695 66.386 64.22 52.325 49.232 52.537 63.287 69.201 68.072 66.397 65.145 61.043 56.891 52.882 52.729 51.603 48.111 45.829 44.772 43.275 42.78 42.951 43.477 42.704 41.454 42.609 45.386 49.267 48.339 47.893 47.334 43.321 42.023
-9999 -9999 -9999 -9999 -9999 -9999 69.543 74.982 79.148 77.541 -9999 87.975 91.537 94.425 91.195 87.774 85.325 -9999 87.04 93.061 97.173 109.556 111.311 124.113 126.416 142.478 150.009 134.506 125.271 140.362 130.199 123.731 121.96 118.536 110.986 112.934 106.971 81.534 77.191 66.053 67.645 74.159 73.302 75.46 59.538 51.211 51.514 57.326 61.925 66.389 65.014 68.45 62.461 57.302 55.296 52.2 48.443 46.439 45.399 47.578 45.436 44.769 41.603 41.01 41.321 42.985 43.544 44.847 49.208 51.364 51.823 48.467 47.699 45.72 42.345
-9999 -9999 -9999 -9999 -9999 -9999 70.064 -9999 -9999 -9999 80.564 82.68 85.607 -9999 -9999 -9999 -9999 -9999 83.556 87.02 96.306 95.45 104.829 110.719 117.189 127.715 126.503 125.189 165.256 171.865 145.351 127.189 120.345 121.258 115.689 110.979 90.149 85.785 72.869 68.198 74.093 71.737 74.671 59.801 50.972 52.933 55.08 61.71 60.664 65.993 62.912 62.112 60.574 52.2 49.298 48.354 46.867 45.456 44.019 44.834 46.072 43.953 44.147 41.089 42.263 44.278 44.729 48.814 52.572 54.212 52.617 50.003 47.341 44.734 44.656
-9999 -9999 -9999 -9999 -9999 -9999 -9999 -9999 75.384 78.106 78.406 79.458 81.702 -9999 -9999 -9999 -9999 -9999 -9999 -9999 -9999 90.689 100.801 101.648 101.106 109.477 120.808 156.251 188.609 191.452 168.232 137.843 125.802 120.042 107.181 110.447 105.049 84.568 75.538 80.715 76.666 74.978 60.734 54.835 55.317 54.953 61.295 61.328 63.82 64.05 60.394 55.987 53.796 48.296 46.128 44.785 46.428 44.468 42.21 41.688 42.32 42.466 43.417 44.401 45.196 48.864 49.117 51.21 55.59 53.862 50.858 48.246 45.902 44.512 44.198
-9999 -9999 -9999 -9999 -9999 -9999 -9999 -9999 -9999 77.148 -9999 -9999 -9999 -9999 -9999 -9999 -9999 -9999 -9999 82.876 86.755 93.997 94.721 90.112 92.344 99.885 119.642 141.409 171.743 178.433 158.012 134.574 124.14 117.334 109.001 108.623 91.181 74.806 71.992 76.169 74.498 65.352 -9999 55.971 56.3 57.675 65.461 64.208 63.082 60.925 56.63 53.859 50.304 48.74 46.204 45.376 43.742 43.418 40.6 40.44 41.398 40.9 41.539 45.418 50.869 52.819 56.586 49.792 51.139 51.735 49.547 46.392 45.59 45.269 45.968
-9999 -9999 -9999 -9999 -9999 -9999 -9999 -9999 -9999 -9999 -9999 -9999 -9999 -9999 -9999 -9999 -9999 -9999 -9999 82.041 84.867 83.486 79.594 -9999 -9999 -9999 97.717 129.146 143.014 148.751 135.682 124.859 125.807 115.461 102.897 94.451 82.543 70.464 68.387 68.902 67.275 -9999 54.374 54.391 56.518 62.63 65.392 61.593 60.514 57.051 55.3 53.653 51.549 49.153 47.862 44.91 44.453 47.986 48.494 45.352 42.843 42.202 44.072 45.754 49.153 53.424 55.636 51.926 46.93 47.907 46.024 44.177 43.615 44.237 43.939
-9999 -9999 -9999 -9999 -9999 -9999 -9999 -9999 -9999 -9999 -9999 -9999 -9999 -9999 -9999 -9999 -9999 -9999 -9999 -9999 -9999 -9999 -9999 -9999 -9999 -9999 77.443 96.411 111.844 108.666 105.453 108.102 106.321 99.874 91.117 80.645 73.888 68.526 66.852 -9999 -9999 54.419 52.98 55.396 56.05 64.605 65.407 61.948 59.276 55.873 51.628 52.438 52.702 52.525 54.697 54.05 50.726 51.094 56.136 52.897 48.778 48.156 47.119 49.935 50.736 50.732 49.37 48.868 43.75 44.62 44.888 43.143 42.105 42.358 42.297
-9999 -9999 -9999 -9999 -9999 -9999 -9999 -9999 -9999 -9999 -9999 -9999 -9999 -9999 -9999 -9999 -9999 -9999 -9999 -9999 -9999 -9999 -9999 -9999 -9999 -9999 70.682 79.59 83.226 86.333 95.041 92.595 91.386 90.509 81.346 72.601 -9999 -9999 -9999 -9999 -9999 52.805 55.565 55.511 59.091 64.126 65.93 62.578 59.136 54.307 49.876 50.702 56.34 56.93 60.734 61.651 59.714 56.54 56.448 55.764 50.757 49.686 48.209 48.083 50.383 47.071 45.266 42.862 42.67 41.973 41.888 41.924 40.296 40.2 39.262
-9999 -9999 -9999 -9999 -9999 -9999 -9999 -9999 -9999 -9999 -9999 -9999 -9999 -9999 -9999 -9999 -9999 -9999 -9999 -9999 -9999 -9999 -9999 -9999 -9999 -9999 -9999 -9999 75.646 85.417 84.97 78.892 81.793 80.317 73.011 -9999 -9999 -9999 -9999 61.068 60.688 60.216 59.028 55.65 54.508 66.646 65.647 62.389 58.389 54.204 53.485 55.327 59.01 61.54 62.167 64.186 62.528 57.652 53.116 52.162 50.929 47.856 47.959 45.847 46.338 45.029 42.802 43.019 43.186 44.458 42.915 40.966 40.247 39.365 39.052
-9999 -9999 -9999 -9999 -9999 -9999 -9999 -9999 -9999 -9999 -9999 -9999 -9999 -9999 -9999 -9999 -9999 -9999 -9999 -9999 -9999 -9999 -9999 -9999 -9999 -9999 -9999 -9999 -9999 73.157 65.523 63.552 69.628 68.932 -9999 -9999 -9999 -9999 60.843 60.162 62.259 65.98 64.695 57.408 59.649 60.677 59.924 62.132 57.985 55.267 58.003 59.459 60.306 63.286 63.4 62.076 60.347 58.757 53.662 53.838 50.601 48.991 47.047 46.24 43.249 43.777 43.663 45.766 47.286 46.554 44.497 41.394 40.814 39.853 38.833
-9999 -9999 -9999 -9999 -9999 -9999 -9999 -9999 -9999 -9999 -9999 -9999 -9999 -9999 -9999 -9999 -9999 -9999 -9999 -9999 -9999 -9999 -9999 -9999 -9999 -9999 -9999 -9999 -9999 -9999 -9999 -9999 -9999 -9999 -9999 -9999 -9999 61.959 58.099 56.422 63.35 68.11 65.036 61.104 59.721 59.751 61.81 60.055 53.652 53.284 54.165 57.2 58.932 58.357 61.911 62.969 60.816 62.973 60.773 56.572 55.384 52.172 50.749 47.457 45.712 44.581 45.193 46.511 48.516 46.634 43.766 42.004 41.311 43.407 42.503
-9999 -9999 -9999 -9999 -9999 -9999 -9999 -9999 -9999 -9999 -9999 -9999 -9999 -9999 -9999 -9999 -9999 -9999 -9999 -9999 -9999 -9999 -9999 -9999 -9999 -9999 -9999 -9999 -9999 -9999 -9999 -9999 -9999 -9999 -9999 -9999 58.208 59.12 61.528 65.015 80.01 79.434 75.008 66.505 63.337 63.196 62.431 54.813 50.591 49.548 51.392 55.332 57.81 62.025 63.137 67.026 66.287 63.992 67.286 61.349 57.653 55.028 53.961 50.607 46.065 45.282 46.227 46.516 47.279 46.168 43.728 42.964 43.45 45.159 48.023
-9999 -9999 -9999 -9999 -9999 -9999 -9999 -9999 -9999 -9999 -9999 -9999 -9999 -9999 -9999 -9999 -9999 -9999 -9999 -9999 -9999 -9999 -9999 -9999 -9999 -9999 -9999 -9999 -9999 -9999 -9999 -9999 -9999 -9999 -9999 -9999 56.836 56.371 58.317 68.742 76.067 83.801 85.285 78.676 74.546 72.918 62.969 56.732 55.424 58.246 59.28 60.717 60.951 60.575 61.967 62.763 66.639 65.468 63.432 60.351 56.298 56.323 53.883 52.127 49.009 47.576 48.463 48.353 50.715 48.456 45.19 44.869 50.427 51.48 50.958
-9999 -9999 -9999 -9999 -9999 -9999 -9999 -9999 -9999 -9999 -9999 -9999 -9999 -9999 -9999 -9999 -9999 -9999 -9999 -9999 -9999 -9999 -9999 88.099 103.261 121.135 112.902 -9999 99.639 -9999 -9999 -9999 -9999 -9999 -9999 -9999 -9999 53.749 55.88 60.822 68.126 77.101 80.947 79.86 81.932 70.853 64.714 60.932 63.482 63.447 55.946 58.55 59.029 57.089 57.614 59.031 61.051 60.729 61.009 58.712 57.602 58.134 59.935 57.98 53.74 52.329 53.514 51.845 50.785 51.825 48.326 49.915 51.096 54.508 51.91
-9999 -9999 -9999 -9999 -9999 -9999 -9999 -9999 -9999 -9999 -9999 -9999 -9999 -9999 -9999 -9999 -9999 -9999 -9999 -9999 82.127 85.193 79.893 88.045 117.006 126.315 120.691 119.446 103.86 83.307 68.822 -9999 -9999 62.559 59.492 54.952 50.504 53.118 53.263 56.339 61.029 66.874 69.155 78.221 75.745 71.318 67.122 71.331 68.712 62.372 62.628 57.867 57.681 55.704 55.407 59.404 60.685 60.458 56.67 57.73 58.36 60.569 60.036 63.107 60.801 55.601 54.018 52.82 51.848 53.257 52.207 58.658 58.72 54.945 54.582
-9999 -9999 -9999 -9999 -9999 -9999 -9999 -9999 -9999 -9999 -9999 -9999 -9999 -9999 -9999 -9999 -9999 -9999 -9999 84.577 82.247 80.04 79.799 97.151 123.559 140.511 135.976 122.831 110.703 96.448 80.515 66.986 69.012 66.859 67.04 57.575 53.794 49.395 51.615 53.173 55.515 58.36 66.009 69.284 69.561 68.968 78.19 72.087 71.838 67.892 63.34 61.373 58.2 56.488 55.454 58.209 61.437 58.87 57.568 56.131 57.382 59.121 63.144 64.163 63.501 59.788 56.268 57.722 55.505 61.501 58.375 55.205 60.331 55.754 53.276
-9999 -9999 -9999 -9999 -9999 -9999 -9999 -9999 -9999 -9999 -9999 -9999 -9999 -9999 -9999 -9999 -9999 -9999 -9999 84.76 73.465 71.463 73.761 86.345 114.182 125.542 123.854 117.912 106.912 94.965 89.355 89.209 79.281 70.917 64.297 61.108 53.442 50.05 50.742 49.107 52.013 53.484 57.396 59.29 62.855 70.967 68.825 70.603 73.072 69.284 63.727 63.957 61.925 58.671 58.129 59.759 60.195 58.678 57.442 58.199 57.408 57.941 60.266 65.239 66.838 63.031 61.109 60.686 59.709 56.094 57.894 51.916 53.351 53.079 51.545
-9999 -9999 -9999 -9999 -9999 -9999 -9999 -9999 -9999 -9999 -9999 -9999 -9999 -9999 -9999 -9999 -9999 -9999 -9999 77.458 68.361 69.765 69.029 80.35 90.466 99.404 102.36 102.151 97.712 93.079 96.564 93.973 81.826 68.037 61.237 57.337 54.967 50.033 47.506 51.96 52.946 50.943 49.896 54.577 63.47 65.151 66.266 65.604 67.461 67.349 72.492 68.031 65.01 61.155 58.203 59.762 60.609 60.997 59.235 58.465 61.586 61.484 62.768 65.62 70.543 66.404 61.681 61.319 58.619 54.89 53.588 51.356 51.436 53.175 51.741
-9999 -9999 -9999 -9999 -9999 -9999 -9999 -9999 -9999 -9999 -9999 -9999 -9999 -9999 -9999 77.724 87.652 -9999 82.638 71.236 74.495 75.636 71.773 70.335 76.625 81.535 90.296 94.201 93.793 91.821 89.448 83.555 69.976 63.457 60.102 59.717 56.985 53.02 50.711 52.702 52.552 51.395 53.405 64.598 60.985 62.12 63.11 65.952 66.511 69.7 81.118 76.093 67.344 62.475 60.949 60.996 61.935 58.4 58.999 58.671 60.124 63.879 62.789 65.382 66.254 67.066 61.215 59.749 60.876 58.231 54.711 52.285 50.517 51.934 51.689
-9999 -9999 -9999 -9999 -9999 -9999 -9999 -9999 -9999 -9999 -9999 -9999 -9999 -9999 -9999 79.933 86.1 88.145 81.434 77.959 79.277 74.872 72.378 75.741 73.744 80.25 87.123 93.413 93.816 89.939 83.375 78.105 72.938 73.621 74.142 67.55 66.738 71.033 54.766 57.349 57.639 57.161 59.884 56.588 58.215 60.861 61.233 63.475 67.413 71.549 72.935 72.524 65.904 63.046 63.646 63.821 60.671 57.422 56.599 58.441 57.913 59.461 60.305 63.394 67.576 65.847 68.321 64.62 63.797 63.49 59.658 55.777 52.993 53.383 53.041
-9999 -9999 -9999 -9999 -9999 -9999 -9999 -9999 -9999 -9999 -9999 -9999 -9999 -9999 76.324 82.081 90.082 91.555 89.124 83.071 81.089 79.135 78.421 75.516 73.169 77.353 81.747 81.571 85.952 81.377 76.714 72.388 73.415 83.894 83.286 84.662 81.305 67.042 62.491 63.251 61.263 62.038 59.838 59.827 59.491 58.171 61.397 67.154 71.734 68.25 66.507 64.887 65.291 63.992 62.746 65.257 63.663 58.37 55.436 57.367 54.374 55.868 57.451 59.295 62.774 64.342 66.331 68.835 64.843 69.754 63.516 64.176 62.729 56.624 55.179
-9999 -9999 -9999 -9999 -9999 -9999 -9999 -9999 -9999 -9999 -9999 -9999 -9999 -9999 -9999 76.305 86.705 86.962 84.079 80.607 80.97 75.511 71.405 71.395 72.375 74.763 75.161 77.032 75.8 75.218 74.306 70.038 76.303 83.649 89.675 86.507 85.073 77.702 71.864 68.293 68.477 69.674 70.91 63.412 62.342 64.722 66.522 70.61 67.644 67.237 64.045 63.463 64.525 64.467 62.943 64.104 63.7 60.327 56.351 -9999 56.516 54.109 57.893 57.037 55.548 55.974 57.299 58.619 57.55 58.185 59.116 56.553 60.224 60.017 56.711
-9999 -9999 -9999 -9999 -9999 -9999 -9999 -9999 -9999 -9999 -9999 -9999 -9999 -9999 72.097 70.223 74.737 77.217 79.703 82.704 80.838 75.167 71.064 68.351 71.494 74.2 69.981 67.795 70.728 69.72 66.486 68.409 75.255 80.761 85.3 87.546 81.215 76.254 82.401 80.699 77.013 83.718 76.975 77.52 79.556 74.721 72.34 70.302 67.082 63.479 64.307 63.351 64.709 63.957 62.271 63.015 63.564 62.833 58.439 54.127 -9999 51.819 -9999 51.498 -9999 49.343 -9999 51.16 50.87 51.047 50.571 49.472 51.201 51.246 -9999
-9999 -9999 -9999 -9999 -9999 -9999 -9999 -9999 -9999 -9999 -9999 -9999 -9999 -9999 68.849 67.893 72.157 76.213 81.216 84.339 85.348 81.772 79.999 74.816 76.861 72.342 66.159 64.999 65.944 62.282 63.697 67.005 75.457 82.969 88.925 84.135 75.881 83.227 82.597 74.219 76.581 76.743 82.339 85.439 81.042 75.706 72.806 68.538 65.504 65.211 64.122 62.906 61.304 60.987 60.403 59.442 58.669 57.507 55.764 52.904 -9999 -9999 48.958 47.919 -9999 -9999 48.394 48.347 47.924 -9999 -9999 -9999 -9999 -9999 -9999
-9999 -9999 -9999 -9999 -9999 -9999 -9999 -9999 -9999 -9999 -9999 -9999 -9999 80.35 75.24 79.799 77.491 76.063 78.746 82.862 91.066 100.651 105.338 107.266 91.271 73.662 70.392 70.767 68.207 64.81 60.103 68.188 75.734 87.314 84.968 80.135 76.749 77.487 65.865 64.847 68.291 76.171 81.749 80.379 75.201 71.566 69.429 67.781 64.842 60.76 60.35 61.095 59.597 55.996 53.354 54.238 54.478 -9999 -9999 -9999 53.51 -9999 -9999 -9999 -9999 -9999 -9999 49.343 -9999 -9999 -9999 -9999 -9999 -9999 -9999
