Validation/Results/raw data/ReClimate_04_2024_1_Temperature-Actualsweatherlogisticsltd.asc
NCOLS 192
NROWS 249
XLLCENTER -225160.85627316462
YLLCENTER 29788.11610251502
CELLSIZE 5000.0
NODATA_VALUE -9999
[rows 170 to 203 of 249, columns 77 to 153 of 192]
-9999 -9999 -9999 -9999 -9999 -9999 -9999 -9999 -9999 -9999 -9999 -9999 -9999 -9999 -9999 10.71 10.725 -9999 -9999 -9999 -9999 -9999 -9999 -9999 -9999 -9999 -9999 -9999 -9999 -9999 -9999 -9999 -9999 -9999 11.593 11.801 11.778 11.806 11.647 11.549 11.622 11.705 11.784 11.961 12.083 12.109 11.853 11.334 10.456 9.613 8.838 9.062 9.041 9.561 10.747 11.318 11.646 11.306 11.258 11.474 11.727 11.736 11.729 11.699 11.724 11.748 11.696 11.686 11.779 11.784 11.627 11.138 11.118 11.071 11.298 11.391 11.379
-9999 -9999 -9999 -9999 -9999 -9999 -9999 -9999 -9999 -9999 -9999 -9999 -9999 -9999 -9999 10.58 10.535 10.681 -9999 -9999 -9999 -9999 -9999 -9999 -9999 -9999 -9999 -9999 -9999 -9999 -9999 -9999 -9999 11.72 11.775 11.777 11.73 11.587 11.573 11.498 11.657 11.709 11.804 11.906 11.942 11.901 11.798 11.451 10.77 9.619 8.78 9.27 9.784 9.902 10.613 11.689 11.87 11.633 11.175 11.324 11.681 11.757 11.662 11.593 11.651 11.714 11.735 11.65 11.707 11.751 11.671 11.351 11.078 11.134 11.262 11.539 11.566
-9999 -9999 -9999 -9999 -9999 -9999 -9999 -9999 -9999 -9999 -9999 -9999 -9999 -9999 10.893 10.729 10.601 10.741 10.945 -9999 -9999 -9999 -9999 -9999 -9999 -9999 -9999 -9999 -9999 -9999 11.066 -9999 -9999 11.762 11.48 11.695 11.726 11.747 -9999 11.429 11.495 11.562 11.676 11.677 11.747 11.623 11.588 11.17 10.421 10.689 9.552 9.849 10.415 9.818 10.775 11.297 11.716 11.62 11.321 11.362 11.598 11.826 11.721 11.602 11.687 11.731 11.772 11.693 11.695 11.781 11.701 11.567 11.251 11.065 11.09 11.452 11.612
-9999 -9999 -9999 -9999 -9999 -9999 -9999 -9999 -9999 -9999 -9999 -9999 -9999 -9999 11.065 10.936 10.883 10.916 11.042 10.943 10.835 -9999 -9999 -9999 10.46 10.719 -9999 10.854 10.918 11.036 10.409 10.714 -9999 -9999 11.492 11.463 -9999 -9999 11.505 11.426 11.695 11.912 11.816 11.713 11.54 11.456 11.308 10.695 9.859 10.136 9.992 9.744 9.963 9.939 10.186 11.392 11.527 11.374 11.093 11.271 11.416 11.627 11.722 11.605 11.695 11.754 11.786 11.747 11.705 11.809 11.759 11.678 11.473 11.196 10.904 11.003 11.319
-9999 -9999 -9999 -9999 -9999 -9999 -9999 -9999 -9999 -9999 -9999 -9999 -9999 -9999 -9999 11.074 10.987 11.022 11.208 11.162 -9999 -9999 8.605 8.687 10.403 9.874 10.008 10.165 10.799 10.818 10.775 10.481 10.545 -9999 11.468 11.533 11.509 11.557 11.338 11.248 11.672 12.022 11.944 11.688 11.516 11.347 11.203 10.442 9.374 9.465 9.74 9.977 10.248 10.082 10.305 11.041 11.493 11.35 11.096 11.156 11.24 11.382 11.522 11.593 11.689 11.763 11.752 11.605 11.661 11.84 11.823 11.766 11.638 11.389 11.164 10.971 10.968
-9999 -9999 -9999 -9999 -9999 -9999 -9999 -9999 -9999 -9999 -9999 -9999 -9999 -9999 -9999 10.999 10.935 11.303 11.443 11.465 11.101 9.425 7.173 9.752 10.417 9.557 10.025 9.674 10.193 10.859 10.67 9.741 10.401 10.731 11.253 11.498 11.425 11.443 11.341 11.276 11.511 11.766 11.751 11.629 11.442 11.284 11.033 10.091 9.439 9.108 9.487 9.575 10.339 10.491 10.252 10.585 11.076 11.165 11.158 11.172 11.16 11.273 11.413 11.509 11.725 11.742 11.801 11.813 11.688 11.851 11.89 11.871 11.805 11.579 11.203 11.13 11.285
-9999 -9999 -9999 -9999 -9999 -9999 -9999 -9999 -9999 -9999 -9999 -9999 -9999 -9999 -9999 -9999 11.078 11.393 11.389 10.875 9.636 6.74 7.485 9.603 9.725 9.955 9.314 9.106 9.43 9.868 10.127 10.332 9.625 10.459 10.99 11.086 11.329 11.468 11.361 11.313 11.402 11.561 11.625 11.469 11.31 11.159 10.725 10.14 9.508 9.329 9.762 9.573 9.841 10.843 10.597 10.696 10.952 10.955 11.133 11.317 11.267 11.256 11.344 11.478 11.728 11.787 11.858 11.8 11.786 11.857 11.925 11.968 11.933 11.832 11.673 11.488 11.535
-9999 -9999 -9999 -9999 -9999 -9999 -9999 -9999 -9999 -9999 -9999 -9999 -9999 -9999 -9999 -9999 -9999 -9999 10.842 9.849 8.511 7.768 8.178 9.907 10.358 9.562 8.763 8.563 8.652 9.629 10.454 10.027 9.366 9.973 10.662 11.096 11.443 11.429 11.282 11.139 11.275 11.416 11.439 11.389 11.254 10.944 10.357 10.028 9.825 9.402 9.734 9.589 9.539 10.222 10.946 10.889 11.253 11.067 10.932 11.197 11.31 11.382 11.432 11.558 11.736 11.819 11.876 11.924 11.775 11.847 11.916 11.997 12.041 12.011 11.955 11.835 11.663
-9999 -9999 -9999 -9999 -9999 -9999 -9999 -9999 -9999 -9999 -9999 -9999 -9999 -9999 -9999 -9999 -9999 11.284 10.53 9.968 9.468 8.314 9.406 10.215 9.91 9.697 8.983 8.422 8.839 9.014 9.912 9.75 9.301 9.742 10.351 11.242 11.416 11.394 11.076 10.946 11.108 11.304 11.37 11.325 11.095 10.595 10.389 10.524 10.081 9.544 9.855 9.923 10.073 10.327 10.527 11.052 11.183 11.162 11.16 11.168 11.327 11.28 11.496 11.664 11.772 11.836 11.904 11.743 11.782 11.887 11.965 12.007 12.069 12.077 12.052 11.912 11.692
-9999 -9999 -9999 -9999 -9999 -9999 -9999 -9999 -9999 -9999 -9999 -9999 -9999 -9999 -9999 -9999 11.132 9.595 10.395 10.019 9.377 9.491 8.05 8.628 9.112 9.036 8.411 8.955 8.782 9.378 9.875 9.168 8.905 9.616 10.467 11.229 11.477 11.338 10.929 10.962 11.14 11.252 11.316 11.12 10.778 10.769 10.694 10.275 9.97 9.795 9.675 10.261 10.489 10.714 10.962 11.007 11.352 11.299 11.448 11.462 11.449 11.598 11.415 11.652 11.798 11.81 11.85 11.712 11.667 11.918 11.964 11.998 12.039 12.063 12.033 11.927 11.723
-9999 -9999 -9999 -9999 -9999 -9999 -9999 -9999 -9999 -9999 -9999 -9999 -9999 -9999 -9999 10.98 9.637 10.536 10.739 10.375 10.46 9.516 9.187 8.964 8.552 8.266 8.333 8.51 8.867 9.757 9.341 9.408 10.213 10.436 10.979 11.129 11.353 11.182 10.952 10.968 11.041 11.177 11.013 10.687 10.839 10.836 10.704 10.232 10.154 10.582 10.452 10.434 10.721 10.849 11.038 11.198 11.281 11.482 11.625 11.801 11.816 11.847 11.788 11.648 11.736 11.787 11.811 11.682 11.651 11.91 11.978 11.954 11.966 11.964 11.981 11.914 11.823
-9999 -9999 -9999 -9999 -9999 -9999 -9999 -9999 -9999 -9999 -9999 -9999 -9999 10.667 10.946 10.728 10.888 11.239 11.364 11.205 11.347 10.67 9.963 9.198 8.451 7.516 8.893 9.029 9.621 9.623 8.748 9.062 9.594 10.546 10.904 11.006 11.106 11.012 10.891 10.831 10.976 10.967 10.747 10.651 10.627 10.928 10.665 10.317 10.413 10.556 10.71 10.811 10.9 11.039 11.239 11.547 11.536 11.561 11.866 12.081 12.099 11.948 11.827 11.754 11.725 11.695 11.731 11.551 11.513 11.808 11.958 11.95 11.924 11.927 11.916 11.988 -9999
-9999 -9999 -9999 -9999 -9999 -9999 -9999 -9999 -9999 -9999 -9999 -9999 10.497 10.608 10.785 11.002 -9999 -9999 -9999 -9999 10.786 9.624 9.433 9.137 8.253 9.149 9.156 8.523 9.096 8.524 7.265 8.152 9.229 9.897 10.718 11.104 11.011 10.925 10.9 10.922 10.962 10.934 10.776 10.705 10.623 10.785 10.641 10.606 10.62 10.69 10.927 11.051 11.121 11.337 11.437 11.699 11.9 11.783 11.897 12.057 12.045 11.931 11.778 11.652 11.536 11.505 11.536 11.483 11.426 11.621 11.864 11.949 11.945 11.928 11.941 11.984 12.008
-9999 -9999 -9999 -9999 -9999 -9999 -9999 -9999 -9999 -9999 -9999 -9999 10.49 10.371 11.006 -9999 -9999 -9999 -9999 -9999 10.486 9.734 9.321 9.532 8.82 8.94 8.443 7.946 8.232 7.901 7.976 9.472 9.648 10.386 10.992 11.178 11.058 10.949 10.891 10.806 10.807 10.899 10.844 10.757 10.755 10.68 10.827 10.837 10.933 10.73 10.719 10.869 11.162 11.449 11.6 11.686 11.684 11.645 11.598 11.678 11.734 11.562 11.53 11.297 11.126 11.122 11.298 11.398 11.428 11.594 11.792 11.956 11.986 12.01 12.022 12.046 12.088
-9999 -9999 -9999 -9999 -9999 -9999 -9999 -9999 -9999 -9999 -9999 -9999 -9999 -9999 11.097 -9999 -9999 -9999 -9999 -9999 10.27 9.608 10.031 9.699 9.334 9.256 7.917 8.241 9.198 8.432 9.336 9.682 10.032 10.766 11.174 11.213 10.913 10.884 10.826 10.811 10.98 10.964 11.018 10.998 10.836 10.863 10.981 11.105 11.047 11.022 10.934 10.873 11.159 11.293 11.165 11.297 11.392 11.355 11.453 11.435 11.318 11.074 10.943 11.147 11.059 11.011 11.114 11.293 11.407 11.571 11.774 11.953 12.01 12.056 12.101 12.137 12.184
-9999 -9999 -9999 -9999 -9999 -9999 -9999 -9999 -9999 -9999 -9999 -9999 -9999 -9999 -9999 -9999 -9999 -9999 -9999 -9999 10.577 10.164 11.275 10.485 9.656 8.325 8.506 8.685 8.76 9.539 9.618 9.815 10.771 11.044 11.282 11.129 11.0 10.909 10.985 11.038 11.091 11.146 11.164 11.114 11.017 10.949 11.041 11.056 10.894 11.123 11.278 11.226 11.175 11.344 11.11 10.941 11.147 11.081 11.275 11.503 11.268 11.087 10.929 10.991 11.204 11.137 11.1 11.289 11.465 11.594 11.765 11.949 12.006 12.058 12.12 12.186 12.269
-9999 -9999 -9999 -9999 -9999 -9999 -9999 -9999 -9999 -9999 -9999 -9999 -9999 -9999 -9999 -9999 -9999 -9999 -9999 -9999 -9999 10.85 9.698 9.22 9.129 9.379 9.252 9.045 9.792 9.842 10.318 10.893 10.731 11.175 11.116 10.768 10.785 10.929 11.136 11.26 11.225 11.124 11.108 10.963 10.913 10.932 11.051 10.925 10.734 10.914 11.267 11.37 11.335 11.277 11.253 11.09 10.993 10.806 10.887 11.463 11.501 11.157 10.931 10.767 10.879 11.176 11.187 11.329 11.542 11.763 11.858 11.987 12.027 12.063 12.119 12.198 12.286
-9999 -9999 -9999 -9999 -9999 -9999 -9999 -9999 -9999 -9999 -9999 -9999 -9999 -9999 -9999 -9999 -9999 -9999 -9999 -9999 10.517 10.17 9.809 8.875 9.827 9.944 9.328 9.719 9.801 9.832 10.921 10.894 10.808 10.964 9.879 10.465 10.772 10.863 10.912 11.169 10.992 10.629 10.689 10.905 11.077 11.018 11.133 11.064 11.035 11.073 11.296 11.374 11.382 11.331 11.222 11.194 11.054 11.048 11.125 11.45 11.492 11.175 10.856 10.629 10.674 11.04 11.329 11.456 11.67 11.853 11.98 12.05 12.084 12.098 12.146 12.243 12.319
-9999 -9999 -9999 -9999 -9999 -9999 -9999 -9999 -9999 -9999 -9999 -9999 -9999 -9999 -9999 -9999 -9999 -9999 -9999 -9999 10.774 10.441 8.887 10.488 11.01 10.204 9.981 9.658 9.115 9.907 10.865 10.873 11.112 10.588 10.569 10.529 10.384 10.431 10.919 10.925 10.737 10.776 10.858 11.173 11.139 11.124 11.24 11.226 11.392 11.436 11.433 11.421 11.38 11.376 11.342 11.281 11.225 11.11 11.296 11.486 11.355 10.961 10.624 10.637 10.7 10.857 11.227 11.558 11.683 11.88 11.95 12.014 12.12 12.182 12.224 12.312 12.412
-9999 -9999 -9999 -9999 -9999 -9999 -9999 -9999 -9999 -9999 -9999 -9999 -9999 -9999 -9999 -9999 -9999 -9999 -9999 -9999 10.567 10.065 11.06 10.939 10.597 10.193 9.648 8.764 9.133 9.473 10.299 10.689 11.098 10.966 10.557 9.917 9.577 9.832 10.545 10.366 10.644 10.703 10.996 11.253 11.17 11.27 11.345 11.408 11.592 11.511 11.384 11.406 11.382 11.194 11.328 11.392 11.326 11.271 11.363 11.441 11.253 10.957 10.768 10.732 10.935 11.14 11.334 11.476 11.692 11.853 12.059 12.036 12.151 12.235 12.28 12.378 12.464
-9999 -9999 -9999 -9999 -9999 -9999 -9999 -9999 -9999 -9999 -9999 -9999 -9999 -9999 -9999 -9999 -9999 -9999 -9999 -9999 -9999 11.057 10.169 9.578 8.879 8.789 8.855 9.214 9.605 10.323 10.504 10.784 10.79 10.788 10.571 10.172 9.827 9.842 10.138 10.463 10.514 10.465 10.863 11.155 11.094 11.4 11.42 11.361 11.742 11.756 11.527 11.452 11.435 11.171 11.092 11.411 11.37 11.324 11.381 11.366 11.148 11.015 11.031 11.138 11.182 11.35 11.403 11.428 11.677 11.897 11.993 12.063 12.188 12.273 12.302 12.371 12.468
-9999 -9999 -9999 -9999 -9999 -9999 -9999 -9999 -9999 -9999 -9999 -9999 -9999 -9999 -9999 -9999 -9999 -9999 -9999 -9999 -9999 10.378 9.481 8.784 8.167 8.024 8.543 9.478 10.254 10.374 9.994 9.553 9.407 9.621 10.217 10.549 10.1 10.094 10.314 10.482 9.986 10.279 10.66 10.881 11.015 11.374 11.363 11.5 11.471 11.634 11.672 11.527 11.455 11.306 11.249 11.448 11.481 11.284 11.197 11.157 11.019 10.998 11.146 11.053 11.111 11.181 11.383 11.386 11.632 11.851 11.84 11.96 12.138 12.222 12.251 12.261 12.249
-9999 -9999 -9999 -9999 -9999 -9999 -9999 -9999 -9999 -9999 -9999 -9999 -9999 -9999 -9999 -9999 -9999 -9999 -9999 -9999 10.802 10.406 9.543 8.803 8.336 8.614 9.079 9.551 9.243 8.517 8.903 8.912 9.222 10.173 10.549 10.342 10.253 10.505 10.64 10.151 9.984 10.098 10.495 10.812 11.011 11.418 11.377 11.255 11.469 11.312 11.435 11.374 11.366 11.389 11.479 11.66 11.569 11.421 11.357 11.194 11.123 10.94 11.032 11.056 11.109 11.269 11.356 11.582 11.758 11.808 11.761 11.878 12.096 12.17 12.23 12.217 12.14
-9999 -9999 -9999 -9999 -9999 -9999 -9999 -9999 -9999 -9999 -9999 -9999 -9999 -9999 -9999 -9999 -9999 -9999 -9999 -9999 10.644 10.076 9.755 9.415 8.861 8.233 8.547 8.779 8.694 8.822 8.625 8.632 9.27 10.116 9.754 9.826 10.53 10.366 10.833 10.388 9.955 9.917 10.677 10.795 11.368 11.481 11.323 11.231 10.814 11.1 11.15 11.212 11.23 11.416 11.554 11.64 11.638 11.534 11.559 11.545 11.199 11.009 10.933 10.99 11.115 11.467 11.642 11.816 11.914 11.845 11.767 11.861 11.958 12.158 12.232 12.225 12.144
-9999 -9999 -9999 -9999 -9999 -9999 -9999 -9999 -9999 -9999 -9999 -9999 -9999 -9999 -9999 -9999 -9999 -9999 -9999 -9999 10.19 10.296 10.457 9.747 8.625 8.063 8.477 8.763 9.117 8.819 9.024 9.308 9.586 9.506 9.711 10.504 10.564 10.68 10.338 10.693 10.442 10.682 10.685 10.868 11.378 11.585 11.438 11.033 11.148 11.085 11.053 11.118 11.154 11.374 11.499 11.421 11.44 11.462 11.579 11.563 11.247 10.979 11.106 11.284 11.231 11.499 11.72 11.987 12.024 11.883 11.908 12.016 12.108 12.244 12.378 12.282 12.234
-9999 -9999 -9999 -9999 -9999 -9999 -9999 -9999 -9999 -9999 -9999 -9999 -9999 -9999 -9999 -9999 -9999 -9999 -9999 10.308 10.113 9.771 9.949 9.672 8.627 8.543 8.213 8.857 9.714 9.837 10.018 9.6 9.475 9.965 10.064 10.118 10.558 10.513 10.956 11.1 11.096 11.011 10.873 11.215 11.534 11.633 11.585 11.487 11.394 11.381 11.248 11.238 11.199 11.299 11.455 11.424 11.445 11.581 11.56 11.44 11.253 11.136 11.333 11.502 11.517 11.551 11.86 11.92 11.992 11.873 11.819 11.982 12.151 12.211 12.251 12.207 12.245
-9999 -9999 -9999 -9999 -9999 -9999 -9999 -9999 -9999 -9999 -9999 -9999 -9999 -9999 -9999 -9999 -9999 -9999 10.086 10.067 9.677 10.119 10.133 8.954 8.337 8.283 8.698 9.366 10.056 10.011 10.157 9.722 9.127 9.932 9.907 10.642 10.779 11.017 11.128 11.076 10.933 10.978 10.898 11.362 11.58 11.934 11.882 11.697 11.68 11.629 11.542 11.349 11.301 11.437 11.525 11.461 11.426 11.46 11.453 11.319 11.224 11.197 11.376 11.645 11.768 11.854 11.752 11.736 11.746 11.763 11.791 11.953 12.015 11.994 11.958 11.985 12.152
-9999 -9999 -9999 -9999 -9999 -9999 -9999 -9999 -9999 -9999 -9999 -9999 -9999 -9999 -9999 -9999 9.679 9.82 9.819 10.538 10.567 10.402 9.666 8.666 8.313 8.286 8.307 9.343 9.866 10.441 10.162 9.494 9.431 10.038 10.675 10.886 11.141 11.145 11.212 10.872 10.779 10.812 11.196 11.691 11.974 12.068 11.897 11.681 11.713 11.805 11.654 11.422 11.45 11.523 11.625 11.387 11.291 11.183 11.063 11.074 11.1 11.291 11.437 11.619 11.606 11.726 11.705 11.72 11.698 11.709 11.798 11.976 12.084 11.882 11.797 11.872 12.162
-9999 -9999 -9999 -9999 -9999 -9999 -9999 -9999 -9999 -9999 -9999 -9999 -9999 -9999 -9999 9.634 9.539 9.383 9.909 10.404 10.39 10.091 8.992 8.991 8.507 8.454 9.015 9.9 10.559 10.547 10.405 9.784 9.163 9.846 10.551 11.101 11.065 11.085 10.81 10.977 10.781 10.9 11.431 11.84 12.153 12.06 11.681 11.75 11.6 11.665 11.697 11.62 11.559 11.513 11.384 11.415 11.223 11.208 11.119 10.91 10.9 11.004 11.231 11.397 11.452 11.557 11.705 11.638 11.842 11.892 11.922 12.027 12.004 11.89 11.778 11.921 12.202
-9999 -9999 -9999 -9999 -9999 -9999 -9999 -9999 -9999 -9999 -9999 -9999 10.752 10.51 10.204 9.999 9.595 9.707 10.005 10.491 10.526 9.39 9.333 9.285 9.543 8.747 9.669 9.97 9.636 10.278 10.512 9.018 9.693 10.368 11.316 11.321 11.082 10.552 11.27 11.095 11.057 11.181 11.37 11.847 12.073 12.08 11.912 11.886 11.703 11.571 11.674 11.655 11.692 11.488 11.329 11.001 11.167 11.26 11.259 11.072 11.02 11.108 11.276 11.467 11.46 11.54 11.592 11.745 11.838 11.948 11.895 11.983 12.034 11.955 11.987 12.05 12.178
-9999 -9999 -9999 -9999 -9999 -9999 -9999 -9999 -9999 -9999 10.089 10.308 10.632 10.673 10.593 10.213 10.317 10.174 10.489 10.286 9.367 9.834 9.833 9.888 10.036 9.526 9.398 8.614 9.263 9.756 9.675 10.05 10.518 11.104 10.461 10.736 11.02 11.273 11.472 11.465 11.336 11.431 11.683 11.711 12.006 12.192 12.086 11.996 11.867 11.761 11.726 11.458 11.587 11.623 11.329 11.111 10.945 11.216 11.239 11.095 11.013 11.056 11.198 11.498 11.657 11.698 11.646 11.62 11.838 11.809 11.748 11.894 12.047 12.043 12.036 12.042 12.045
-9999 -9999 -9999 -9999 -9999 -9999 10.138 10.298 10.226 10.155 9.651 10.457 10.438 10.634 10.481 10.219 10.282 10.335 10.238 9.432 9.828 10.252 9.839 10.454 10.203 9.747 8.796 9.027 9.486 9.791 9.75 10.474 10.962 9.766 9.858 10.638 10.737 11.304 11.513 11.639 11.489 11.297 11.605 11.534 12.141 12.188 12.114 11.861 11.678 11.7 11.157 11.362 11.481 11.579 11.319 10.962 10.961 11.114 11.184 11.213 11.151 11.168 11.263 11.508 11.631 11.705 11.732 11.601 11.637 11.748 11.749 11.979 12.17 12.056 11.74 11.71 11.649
-9999 -9999 -9999 -9999 -9999 10.393 10.209 10.293 10.204 9.362 9.085 9.315 9.72 10.237 9.807 9.699 9.911 9.961 9.563 9.994 10.172 9.917 10.529 10.83 10.433 9.764 9.253 9.55 9.814 9.867 10.236 10.644 9.544 8.329 9.607 10.382 11.014 11.079 11.392 11.294 11.382 11.584 11.667 11.953 12.072 12.06 12.086 11.823 11.505 11.082 10.804 10.699 11.276 11.439 10.981 10.809 10.887 11.07 11.22 11.214 11.239 11.263 11.419 11.443 11.513 11.621 11.507 11.428 11.604 11.725 11.8 11.992 12.118 11.919 11.639 11.464 11.514
-9999 -9999 -9999 -9999 10.503 10.196 10.217 10.37 9.975 9.455 9.582 9.848 10.24 9.962 9.971 9.964 10.498 10.022 9.879 10.266 10.364 10.613 11.21 10.78 9.941 9.515 9.79 10.033 10.024 10.606 10.794 10.401 8.79 8.862 9.608 10.904 10.764 10.964 10.984 11.482 11.675 11.605 11.766 11.891 12.006 12.06 12.223 12.045 11.643 11.024 10.587 10.787 11.133 11.22 10.938 10.603 10.821 11.057 11.18 11.307 11.313 11.368 11.412 11.467 11.378 11.465 11.577 11.488 11.625 11.68 11.579 11.82 11.987 11.819 11.591 11.559 11.612
