Validation/Results/raw data/ReClimate_02_2024_2.asc
NCOLS 192
NROWS 249
XLLCENTER -225160.85627316462
YLLCENTER 29788.11610251502
CELLSIZE 5000.0
NODATA_VALUE -9999
[rows 165 to 197 of 249, columns 75 to 149 of 192]
-9999 -9999 -9999 -9999 -9999 -9999 -9999 -9999 -9999 -9999 -9999 -9999 -9999 -9999 -9999 -9999 -9999 -9999 -9999 -9999 -9999 -9999 -9999 -9999 -9999 -9999 -9999 -9999 -9999 -9999 -9999 -9999 -9999 -9999 -9999 -9999 -9999 103.734 103.793 103.847 103.875 103.902 103.934 103.972 103.997 104.003 103.987 103.967 103.951 103.938 103.926 103.916 103.907 103.899 103.89 103.88 103.871 103.861 103.852 103.842 103.832 103.823 103.813 103.804 103.797 103.794 103.793 103.794 103.797 103.801 103.808 103.818 103.828 103.829 -9999
-9999 -9999 -9999 -9999 -9999 -9999 -9999 -9999 -9999 -9999 -9999 -9999 -9999 -9999 -9999 -9999 -9999 -9999 -9999 -9999 -9999 -9999 -9999 -9999 -9999 -9999 -9999 -9999 -9999 -9999 -9999 -9999 -9999 -9999 -9999 -9999 -9999 103.752 103.818 103.864 103.905 103.938 103.971 104.009 104.042 104.061 104.057 104.037 104.02 104.006 103.994 103.984 103.976 103.968 103.961 103.954 103.946 103.939 103.932 103.924 103.916 103.909 103.902 103.896 103.891 103.889 103.89 103.894 103.9 103.908 103.919 103.924 103.924 103.922 103.916
-9999 -9999 -9999 -9999 -9999 -9999 -9999 -9999 -9999 -9999 -9999 -9999 -9999 -9999 -9999 -9999 -9999 -9999 -9999 -9999 -9999 -9999 -9999 -9999 -9999 -9999 -9999 -9999 -9999 -9999 -9999 -9999 -9999 -9999 -9999 -9999 103.67 103.743 103.806 103.866 103.917 103.96 104.005 104.044 104.079 104.108 104.118 104.105 104.087 104.073 104.061 104.052 104.044 104.038 104.032 104.027 104.022 104.016 104.01 104.004 103.998 103.992 103.988 103.985 103.984 103.984 103.988 103.994 104.003 104.01 104.011 104.006 103.993 103.979 103.967
-9999 -9999 -9999 -9999 -9999 -9999 -9999 -9999 -9999 -9999 -9999 -9999 -9999 -9999 -9999 -9999 -9999 -9999 -9999 -9999 -9999 -9999 -9999 -9999 -9999 -9999 -9999 -9999 -9999 -9999 -9999 -9999 -9999 -9999 -9999 -9999 103.653 103.724 103.789 103.851 103.907 103.963 104.018 104.064 104.108 104.145 104.164 104.165 104.154 104.139 104.128 104.119 104.113 104.107 104.103 104.1 104.096 104.091 104.086 104.082 104.077 104.074 104.073 104.073 104.075 104.079 104.086 104.09 104.083 104.072 104.059 104.044 104.026 104.009 103.992
-9999 -9999 -9999 -9999 -9999 -9999 -9999 -9999 -9999 -9999 -9999 -9999 -9999 -9999 -9999 -9999 -9999 -9999 -9999 -9999 -9999 -9999 -9999 -9999 -9999 -9999 -9999 -9999 -9999 -9999 -9999 -9999 -9999 -9999 -9999 -9999 -9999 103.706 103.771 103.832 103.89 103.951 104.013 104.07 104.117 104.159 104.192 104.209 104.212 104.206 104.196 104.188 104.182 104.177 104.174 104.171 104.168 104.165 104.162 104.158 104.156 104.155 104.156 104.159 104.161 104.161 104.152 104.139 104.123 104.104 104.084 104.064 104.045 104.027 104.01
-9999 -9999 -9999 -9999 -9999 -9999 -9999 -9999 -9999 -9999 -9999 -9999 -9999 -9999 -9999 -9999 -9999 101.531 101.698 -9999 -9999 -9999 -9999 -9999 -9999 -9999 -9999 -9999 -9999 -9999 -9999 -9999 -9999 -9999 -9999 -9999 103.622 103.69 103.754 103.814 103.873 103.936 104.0 104.059 104.113 104.162 104.199 104.224 104.239 104.251 104.258 104.255 104.25 104.246 104.243 104.241 104.24 104.238 104.236 104.233 104.229 104.227 104.225 104.225 104.216 104.201 104.184 104.164 104.143 104.123 104.103 104.083 104.064 104.045 104.026
-9999 -9999 -9999 -9999 -9999 -9999 -9999 -9999 -9999 -9999 -9999 -9999 -9999 -9999 -9999 -9999 -9999 101.58 101.727 101.861 -9999 -9999 -9999 -9999 -9999 -9999 -9999 -9999 -9999 -9999 -9999 -9999 -9999 -9999 -9999 103.536 103.607 103.675 103.739 103.799 103.858 103.921 103.985 104.045 104.102 104.154 104.197 104.225 104.248 104.27 104.286 104.297 104.296 104.293 104.292 104.292 104.293 104.292 104.289 104.285 104.282 104.28 104.273 104.258 104.242 104.221 104.2 104.18 104.161 104.141 104.121 104.101 104.081 104.061 104.041
-9999 -9999 -9999 -9999 -9999 -9999 -9999 -9999 -9999 -9999 -9999 -9999 -9999 -9999 -9999 -9999 101.482 101.615 101.753 101.88 101.996 -9999 -9999 -9999 -9999 -9999 -9999 -9999 -9999 -9999 -9999 -9999 103.269 -9999 -9999 103.521 103.594 103.661 103.725 103.784 -9999 103.908 103.971 104.031 104.088 104.143 104.19 104.226 104.249 104.272 104.294 104.316 104.327 104.329 104.329 104.33 104.331 104.332 104.33 104.327 104.326 104.314 104.297 104.277 104.255 104.234 104.215 104.196 104.178 104.159 104.139 104.119 104.097 104.076 104.054
-9999 -9999 -9999 -9999 -9999 -9999 -9999 -9999 -9999 -9999 -9999 -9999 -9999 -9999 -9999 -9999 101.52 101.643 101.774 101.895 102.009 102.115 102.215 -9999 -9999 -9999 102.604 102.712 -9999 102.947 103.062 103.165 103.259 103.348 -9999 -9999 103.581 103.648 -9999 -9999 103.831 103.895 103.957 104.017 104.074 104.129 104.182 104.221 104.25 104.271 104.293 104.315 104.336 104.355 104.364 104.366 104.367 104.368 104.368 104.365 104.352 104.334 104.311 104.288 104.267 104.247 104.229 104.211 104.194 104.177 104.157 104.135 104.112 104.089 104.065
-9999 -9999 -9999 -9999 -9999 -9999 -9999 -9999 -9999 -9999 -9999 -9999 -9999 -9999 -9999 -9999 -9999 101.67 101.794 101.91 102.019 102.121 -9999 -9999 102.396 102.489 102.578 102.689 102.809 102.925 103.036 103.138 103.237 103.336 103.421 -9999 103.569 103.636 103.698 103.756 103.814 103.877 103.939 103.998 104.056 104.114 104.17 104.214 104.244 104.272 104.293 104.314 104.335 104.355 104.376 104.392 104.402 104.406 104.403 104.389 104.369 104.345 104.321 104.299 104.278 104.259 104.241 104.224 104.209 104.193 104.174 104.151 104.125 104.099 104.074
-9999 -9999 -9999 -9999 -9999 -9999 -9999 -9999 -9999 -9999 -9999 -9999 -9999 -9999 -9999 -9999 -9999 101.693 101.815 101.925 102.029 102.127 102.22 102.309 102.394 102.477 102.564 102.665 102.782 102.897 103.005 103.108 103.214 103.315 103.405 103.482 103.549 103.612 103.671 103.726 103.784 103.846 103.907 103.967 104.025 104.084 104.14 104.185 104.223 104.258 104.289 104.313 104.334 104.354 104.374 104.393 104.413 104.424 104.42 104.404 104.379 104.355 104.332 104.309 104.289 104.269 104.252 104.235 104.221 104.209 104.19 104.163 104.135 104.106 104.076
-9999 -9999 -9999 -9999 -9999 -9999 -9999 -9999 -9999 -9999 -9999 -9999 -9999 -9999 -9999 -9999 -9999 -9999 101.83 101.939 102.038 102.132 102.222 102.308 102.391 102.472 102.552 102.644 102.754 102.869 102.976 103.079 103.182 103.281 103.369 103.449 103.521 103.582 103.639 103.694 103.752 103.813 103.873 103.932 103.991 104.049 104.105 104.15 104.189 104.229 104.267 104.296 104.323 104.35 104.372 104.391 104.405 104.407 104.4 104.388 104.372 104.355 104.338 104.319 104.298 104.279 104.26 104.244 104.229 104.215 104.197 104.17 104.139 104.106 104.049
-9999 -9999 -9999 -9999 -9999 -9999 -9999 -9999 -9999 -9999 -9999 -9999 -9999 -9999 -9999 -9999 -9999 -9999 -9999 -9999 102.045 102.136 102.223 102.307 102.388 102.466 102.543 102.627 102.727 102.839 102.942 103.042 103.144 103.24 103.329 103.412 103.486 103.553 103.61 103.665 103.721 103.782 103.842 103.9 103.958 104.016 104.07 104.113 104.153 104.193 104.233 104.269 104.297 104.326 104.356 104.382 104.389 104.382 104.369 104.355 104.341 104.327 104.312 104.297 104.28 104.262 104.245 104.227 104.209 104.19 104.166 104.135 104.097 104.053 103.977
-9999 -9999 -9999 -9999 -9999 -9999 -9999 -9999 -9999 -9999 -9999 -9999 -9999 -9999 -9999 -9999 -9999 -9999 -9999 101.959 102.051 102.139 102.223 102.304 102.383 102.46 102.535 102.611 102.701 102.805 102.905 103.005 103.107 103.201 103.29 103.373 103.451 103.521 103.583 103.637 103.693 103.752 103.812 103.869 103.927 103.984 104.036 104.078 104.116 104.157 104.198 104.24 104.27 104.3 104.33 104.348 104.357 104.354 104.344 104.329 104.314 104.299 104.282 104.265 104.246 104.227 104.206 104.184 104.162 104.137 104.107 104.071 104.03 103.968 103.877
-9999 -9999 -9999 -9999 -9999 -9999 -9999 -9999 -9999 -9999 -9999 -9999 -9999 -9999 -9999 -9999 -9999 -9999 101.873 101.965 102.054 102.14 102.222 102.301 102.378 102.453 102.527 102.597 102.679 102.771 102.869 102.97 103.071 103.165 103.252 103.335 103.413 103.487 103.553 103.611 103.666 103.724 103.783 103.84 103.897 103.953 104.004 104.043 104.081 104.121 104.163 104.209 104.248 104.278 104.299 104.311 104.312 104.312 104.313 104.305 104.291 104.274 104.256 104.237 104.216 104.194 104.17 104.143 104.114 104.081 104.043 104.0 103.955 103.878 103.77
-9999 -9999 -9999 -9999 -9999 -9999 -9999 -9999 -9999 -9999 -9999 -9999 -9999 -9999 -9999 -9999 -9999 101.791 101.875 101.967 102.055 102.138 102.218 102.296 102.372 102.446 102.518 102.586 102.659 102.743 102.835 102.936 103.036 103.129 103.216 103.299 103.377 103.451 103.521 103.584 103.641 103.698 103.755 103.812 103.868 103.923 103.971 104.008 104.048 104.09 104.134 104.18 104.225 104.255 104.268 104.27 104.27 104.27 104.269 104.269 104.266 104.251 104.231 104.21 104.186 104.161 104.134 104.104 104.071 104.033 103.988 103.938 103.874 103.782 103.66
-9999 -9999 -9999 -9999 -9999 -9999 -9999 -9999 -9999 -9999 -9999 -9999 -9999 -9999 -9999 101.623 101.717 101.796 101.879 101.967 102.053 102.135 102.213 102.29 102.366 102.439 102.508 102.574 102.642 102.717 102.806 102.902 103.001 103.094 103.181 103.263 103.341 103.416 103.488 103.554 103.615 103.672 103.729 103.784 103.839 103.893 103.938 103.979 104.021 104.064 104.108 104.153 104.2 104.227 104.233 104.231 104.23 104.229 104.228 104.227 104.225 104.222 104.206 104.182 104.157 104.129 104.098 104.065 104.027 103.984 103.935 103.88 103.802 103.692 103.557
-9999 -9999 -9999 -9999 -9999 -9999 -9999 -9999 -9999 -9999 -9999 -9999 -9999 -9999 101.504 101.646 101.727 101.802 -9999 -9999 -9999 -9999 102.209 102.286 102.36 102.43 102.497 102.562 102.626 102.696 102.778 102.87 102.965 103.058 103.145 103.228 103.307 103.382 103.454 103.523 103.587 103.647 103.703 103.758 103.812 103.867 103.913 103.954 103.996 104.039 104.082 104.127 104.166 104.193 104.196 104.194 104.192 104.19 104.188 104.187 104.184 104.179 104.174 104.154 104.127 104.096 104.062 104.024 103.983 103.935 103.881 103.821 103.73 103.606 103.466
-9999 -9999 -9999 -9999 -9999 -9999 -9999 -9999 -9999 -9999 -9999 -9999 -9999 -9999 101.573 101.653 101.732 -9999 -9999 -9999 -9999 -9999 102.203 102.28 102.351 102.42 102.485 102.549 102.611 102.677 102.752 102.841 102.932 103.022 103.109 103.192 103.272 103.348 103.421 103.491 103.558 103.621 103.678 103.734 103.792 103.845 103.887 103.929 103.97 104.013 104.057 104.101 104.133 104.153 104.159 104.157 104.155 104.152 104.15 104.148 104.144 104.137 104.128 104.119 104.095 104.062 104.025 103.983 103.937 103.885 103.826 103.754 103.649 103.463 103.348
-9999 -9999 -9999 -9999 -9999 -9999 -9999 -9999 -9999 -9999 -9999 -9999 -9999 -9999 -9999 -9999 101.74 -9999 -9999 -9999 -9999 -9999 102.194 102.272 102.341 102.408 102.472 102.535 102.595 102.657 102.727 102.811 102.898 102.983 103.067 103.15 103.23 103.306 103.381 103.453 103.524 103.593 103.658 103.715 103.773 103.821 103.862 103.903 103.945 103.987 104.031 104.069 104.097 104.111 104.122 104.121 104.118 104.115 104.111 104.108 104.103 104.095 104.083 104.071 104.057 104.029 103.991 103.947 103.899 103.845 103.782 103.701 103.578 103.433 103.275
-9999 -9999 -9999 -9999 -9999 -9999 -9999 -9999 -9999 -9999 -9999 -9999 -9999 -9999 -9999 -9999 -9999 -9999 -9999 -9999 -9999 -9999 102.187 102.262 102.331 102.397 102.46 102.521 102.58 102.638 102.703 102.78 102.865 102.946 103.026 103.105 103.184 103.261 103.335 103.408 103.48 103.555 103.624 103.689 103.747 103.794 103.835 103.876 103.918 103.961 104.005 104.037 104.057 104.071 104.083 104.086 104.082 104.077 104.073 104.067 104.06 104.051 104.041 104.028 104.014 103.998 103.963 103.918 103.867 103.81 103.745 103.657 103.542 103.403 103.265
-9999 -9999 -9999 -9999 -9999 -9999 -9999 -9999 -9999 -9999 -9999 -9999 -9999 -9999 -9999 -9999 -9999 -9999 -9999 -9999 -9999 -9999 -9999 102.256 102.324 102.388 102.448 102.507 102.564 102.62 102.68 102.751 102.832 102.911 102.988 103.064 103.138 103.213 103.286 103.359 103.436 103.512 103.584 103.654 103.711 103.756 103.803 103.848 103.891 103.934 103.977 104.004 104.018 104.032 104.045 104.05 104.046 104.04 104.034 104.028 104.022 104.014 104.003 103.99 103.975 103.957 103.934 103.89 103.837 103.777 103.709 103.619 103.5 103.372 103.237
-9999 -9999 -9999 -9999 -9999 -9999 -9999 -9999 -9999 -9999 -9999 -9999 -9999 -9999 -9999 -9999 -9999 -9999 -9999 -9999 -9999 -9999 102.178 102.25 102.315 102.377 102.436 102.492 102.548 102.602 102.658 102.724 102.799 102.877 102.952 103.024 103.096 103.166 103.238 103.316 103.394 103.468 103.542 103.611 103.665 103.714 103.762 103.81 103.859 103.907 103.944 103.967 103.98 103.993 104.006 104.013 104.009 104.005 104.0 103.995 103.989 103.98 103.969 103.955 103.938 103.919 103.896 103.861 103.807 103.746 103.678 103.585 103.464 103.336 103.202
-9999 -9999 -9999 -9999 -9999 -9999 -9999 -9999 -9999 -9999 -9999 -9999 -9999 -9999 -9999 -9999 -9999 -9999 -9999 -9999 -9999 -9999 102.171 102.243 102.306 102.365 102.422 102.477 102.531 102.584 102.638 102.698 102.769 102.842 102.916 102.987 103.056 103.125 103.2 103.276 103.352 103.425 103.498 103.563 103.619 103.668 103.717 103.768 103.819 103.87 103.91 103.93 103.942 103.955 103.968 103.977 103.978 103.974 103.97 103.965 103.958 103.948 103.936 103.921 103.903 103.882 103.857 103.827 103.781 103.719 103.65 103.554 103.431 103.303 103.17
-9999 -9999 -9999 -9999 -9999 -9999 -9999 -9999 -9999 -9999 -9999 -9999 -9999 -9999 -9999 -9999 -9999 -9999 -9999 -9999 -9999 -9999 102.162 102.234 102.295 102.352 102.407 102.461 102.514 102.566 102.618 102.675 102.741 102.808 102.879 102.949 103.018 103.09 103.167 103.241 103.314 103.384 103.453 103.515 103.571 103.621 103.671 103.722 103.774 103.827 103.866 103.889 103.905 103.917 103.932 103.946 103.95 103.947 103.943 103.937 103.929 103.919 103.906 103.889 103.87 103.848 103.822 103.792 103.754 103.695 103.624 103.526 103.401 103.273 103.141
-9999 -9999 -9999 -9999 -9999 -9999 -9999 -9999 -9999 -9999 -9999 -9999 -9999 -9999 -9999 -9999 -9999 -9999 -9999 -9999 -9999 -9999 -9999 102.224 102.283 102.338 102.392 102.445 102.497 102.549 102.599 102.654 102.715 102.778 102.843 102.912 102.983 103.061 103.136 103.208 103.279 103.348 103.41 103.466 103.52 103.574 103.625 103.676 103.729 103.78 103.815 103.838 103.863 103.883 103.901 103.918 103.924 103.921 103.917 103.91 103.902 103.89 103.877 103.86 103.841 103.819 103.792 103.761 103.725 103.672 103.599 103.5 103.374 103.246 103.114
-9999 -9999 -9999 -9999 -9999 -9999 -9999 -9999 -9999 -9999 -9999 -9999 -9999 -9999 -9999 -9999 -9999 -9999 -9999 -9999 -9999 -9999 -9999 102.218 102.27 102.324 102.377 102.429 102.48 102.531 102.581 102.634 102.691 102.751 102.812 102.877 102.955 103.031 103.105 103.177 103.247 103.312 103.367 103.422 103.477 103.529 103.579 103.631 103.683 103.732 103.764 103.788 103.816 103.847 103.873 103.892 103.9 103.896 103.892 103.885 103.877 103.866 103.853 103.836 103.817 103.794 103.766 103.734 103.696 103.647 103.577 103.477 103.351 103.222 103.089
-9999 -9999 -9999 -9999 -9999 -9999 -9999 -9999 -9999 -9999 -9999 -9999 -9999 -9999 -9999 -9999 -9999 -9999 -9999 -9999 -9999 -9999 102.178 102.214 102.261 102.31 102.361 102.413 102.464 102.515 102.564 102.614 102.668 102.726 102.784 102.852 102.927 103.003 103.076 103.146 103.214 103.272 103.327 103.382 103.436 103.487 103.536 103.588 103.641 103.687 103.716 103.745 103.776 103.809 103.841 103.868 103.879 103.876 103.872 103.866 103.857 103.846 103.833 103.816 103.796 103.772 103.743 103.709 103.669 103.621 103.556 103.458 103.333 103.203 103.069
-9999 -9999 -9999 -9999 -9999 -9999 -9999 -9999 -9999 -9999 -9999 -9999 -9999 -9999 -9999 -9999 -9999 -9999 -9999 -9999 -9999 -9999 102.176 102.218 102.261 102.304 102.35 102.401 102.451 102.5 102.548 102.595 102.647 102.703 102.763 102.833 102.903 102.974 103.046 103.115 103.176 103.232 103.287 103.342 103.397 103.448 103.494 103.546 103.6 103.644 103.676 103.71 103.743 103.776 103.809 103.841 103.859 103.859 103.855 103.849 103.84 103.829 103.816 103.798 103.778 103.753 103.723 103.688 103.645 103.595 103.535 103.443 103.319 103.188 103.053
-9999 -9999 -9999 -9999 -9999 -9999 -9999 -9999 -9999 -9999 -9999 -9999 -9999 -9999 -9999 -9999 -9999 -9999 -9999 -9999 -9999 -9999 102.182 102.225 102.265 102.304 102.347 102.395 102.444 102.491 102.537 102.581 102.628 102.681 102.747 102.816 102.883 102.951 103.017 103.08 103.137 103.193 103.249 103.304 103.359 103.409 103.456 103.505 103.559 103.606 103.644 103.678 103.712 103.746 103.779 103.812 103.837 103.842 103.84 103.834 103.826 103.815 103.801 103.783 103.762 103.736 103.706 103.669 103.625 103.572 103.517 103.434 103.312 103.179 103.042
-9999 -9999 -9999 -9999 -9999 -9999 -9999 -9999 -9999 -9999 -9999 -9999 -9999 -9999 -9999 -9999 -9999 -9999 -9999 -9999 -9999 102.149 102.191 102.234 102.274 102.312 102.353 102.396 102.44 102.485 102.529 102.571 102.614 102.665 102.735 102.803 102.869 102.932 102.991 103.046 103.102 103.157 103.212 103.267 103.322 103.373 103.418 103.465 103.52 103.575 103.613 103.648 103.683 103.718 103.752 103.785 103.81 103.824 103.827 103.821 103.813 103.802 103.788 103.771 103.749 103.723 103.691 103.652 103.607 103.556 103.502 103.428 103.31 103.177 103.041
-9999 -9999 -9999 -9999 -9999 -9999 -9999 -9999 -9999 -9999 -9999 -9999 -9999 -9999 -9999 -9999 -9999 -9999 -9999 -9999 102.104 102.155 102.201 102.244 102.284 102.322 102.361 102.401 102.442 102.482 102.523 102.565 102.607 102.663 102.729 102.795 102.858 102.914 102.966 103.018 103.07 103.122 103.177 103.231 103.287 103.338 103.384 103.43 103.491 103.544 103.583 103.62 103.656 103.692 103.727 103.761 103.786 103.801 103.812 103.811 103.803 103.792 103.778 103.761 103.738 103.711 103.678 103.639 103.594 103.545 103.493 103.426 103.315 103.183 103.061
-9999 -9999 -9999 -9999 -9999 -9999 -9999 -9999 -9999 -9999 -9999 -9999 -9999 -9999 -9999 -9999 -9999 -9999 102.002 102.058 102.117 102.167 102.212 102.254 102.294 102.333 102.37 102.408 102.446 102.486 102.526 102.565 102.609 102.664 102.725 102.788 102.843 102.895 102.945 102.994 103.043 103.093 103.143 103.197 103.252 103.304 103.351 103.404 103.465 103.516 103.555 103.593 103.631 103.668 103.705 103.74 103.765 103.781 103.795 103.802 103.797 103.786 103.772 103.754 103.73 103.702 103.669 103.63 103.585 103.538 103.489 103.43 103.33 103.213 103.1
