Validation/Results/raw data/ReClimate_08_2024_1.asc
NCOLS 192
NROWS 249
XLLCENTER -225160.85627316462
YLLCENTER 29788.11610251502
CELLSIZE 5000.0
NODATA_VALUE -9999
[rows 99 to 131 of 249, columns 74 to 147 of 192]
107.674 107.7 107.724 107.748 107.77 107.786 107.762 107.699 -9999 -9999 107.429 107.309 107.131 106.954 106.784 106.619 106.459 106.303 106.149 105.998 105.848 105.706 105.581 105.468 105.357 105.249 105.143 105.038 104.936 104.839 104.745 104.65 104.554 104.456 104.356 104.253 104.145 104.031 103.911 103.811 103.738 103.662 103.58 103.488 103.392 -9999 -9999 -9999 -9999 -9999 -9999 -9999 -9999 -9999 -9999 -9999 -9999 -9999 -9999 -9999 -9999 -9999 -9999 -9999 -9999 -9999 -9999 -9999 -9999 -9999 -9999 -9999 -9999 -9999
107.668 107.697 107.726 -9999 -9999 107.805 107.792 -9999 -9999 -9999 107.56 107.432 107.252 107.076 106.906 106.743 106.583 106.428 106.275 106.124 105.975 105.833 105.706 105.591 105.479 105.371 105.27 105.173 105.079 104.986 104.893 104.799 104.703 104.606 104.506 104.403 104.296 104.182 104.062 103.961 103.884 103.807 103.725 103.635 103.539 -9999 -9999 -9999 -9999 -9999 -9999 -9999 -9999 -9999 -9999 -9999 -9999 -9999 -9999 -9999 -9999 -9999 -9999 -9999 -9999 -9999 -9999 -9999 -9999 -9999 -9999 -9999 -9999 -9999
107.63 -9999 107.693 107.692 107.634 -9999 -9999 -9999 -9999 107.69 107.641 107.538 107.375 107.2 107.031 106.868 106.709 106.554 106.402 106.252 106.103 105.961 105.834 105.72 105.617 105.518 105.422 105.327 105.233 105.139 105.044 104.949 104.853 104.754 104.654 104.55 104.442 104.329 104.21 104.108 104.031 103.959 103.883 103.799 -9999 -9999 -9999 -9999 -9999 -9999 -9999 -9999 -9999 -9999 -9999 -9999 -9999 -9999 -9999 -9999 -9999 -9999 -9999 -9999 -9999 -9999 -9999 -9999 -9999 -9999 -9999 -9999 -9999 -9999
107.586 107.617 107.65 107.658 107.752 107.811 107.764 -9999 -9999 107.704 -9999 -9999 107.474 107.329 107.16 106.997 106.839 106.684 106.532 106.383 106.234 106.095 105.978 105.875 105.774 105.675 105.578 105.482 105.386 105.29 105.194 105.098 105.0 104.901 104.799 104.694 104.585 104.472 104.353 104.25 104.173 104.104 104.031 -9999 -9999 -9999 -9999 -9999 -9999 -9999 -9999 -9999 -9999 -9999 -9999 -9999 -9999 -9999 -9999 -9999 -9999 -9999 -9999 -9999 -9999 -9999 -9999 -9999 -9999 -9999 -9999 -9999 -9999 -9999
107.543 107.575 107.608 107.687 107.76 -9999 -9999 -9999 107.73 107.717 107.705 107.637 107.535 107.414 107.279 107.131 106.973 106.818 106.667 106.519 106.377 106.251 106.139 106.034 105.932 105.832 105.733 105.636 105.539 105.442 105.344 105.247 105.148 105.047 104.944 104.838 104.728 104.613 -9999 -9999 104.31 -9999 -9999 -9999 -9999 -9999 -9999 -9999 -9999 -9999 -9999 -9999 -9999 -9999 -9999 -9999 -9999 -9999 -9999 -9999 -9999 -9999 -9999 -9999 -9999 -9999 -9999 -9999 -9999 -9999 -9999 -9999 -9999 -9999
107.501 107.534 107.568 -9999 107.681 -9999 -9999 -9999 107.743 107.729 107.708 107.649 107.556 107.458 107.354 107.235 107.103 106.959 106.809 106.671 106.538 106.413 106.301 106.195 106.092 105.99 105.89 105.791 105.692 105.594 105.495 105.396 105.296 105.194 105.09 104.983 104.872 -9999 104.634 104.527 104.445 104.376 -9999 -9999 -9999 -9999 -9999 -9999 -9999 -9999 -9999 -9999 -9999 -9999 -9999 -9999 -9999 -9999 -9999 -9999 -9999 -9999 -9999 -9999 -9999 -9999 -9999 -9999 -9999 -9999 -9999 -9999 -9999 -9999
-9999 107.493 -9999 -9999 -9999 -9999 107.696 107.723 107.736 107.733 107.714 107.657 107.568 107.547 107.633 107.474 107.193 107.073 106.957 106.834 106.701 106.577 106.466 106.358 106.253 106.15 106.048 105.947 105.847 105.748 105.648 105.548 105.447 105.344 105.24 -9999 105.021 104.904 104.783 104.676 104.596 104.515 -9999 -9999 -9999 -9999 -9999 -9999 -9999 -9999 -9999 -9999 -9999 -9999 -9999 -9999 -9999 -9999 -9999 -9999 -9999 -9999 -9999 -9999 -9999 -9999 -9999 -9999 -9999 -9999 -9999 -9999 -9999 -9999
-9999 -9999 -9999 -9999 -9999 -9999 107.663 107.695 107.721 107.739 107.723 107.671 107.584 107.629 107.645 107.435 107.249 107.164 107.065 106.954 106.843 106.737 106.633 106.524 106.417 106.312 106.209 106.107 106.005 105.905 105.804 105.703 105.601 105.498 105.394 105.286 105.175 105.06 104.937 104.827 104.742 104.664 104.592 -9999 -9999 -9999 -9999 -9999 -9999 -9999 -9999 -9999 -9999 -9999 -9999 -9999 -9999 -9999 -9999 -9999 -9999 -9999 -9999 -9999 -9999 -9999 -9999 -9999 -9999 -9999 -9999 -9999 -9999 -9999
-9999 -9999 -9999 -9999 -9999 107.58 -9999 -9999 107.7 107.728 107.735 107.688 107.604 -9999 -9999 107.457 107.299 107.225 107.145 107.054 106.953 106.855 106.757 106.66 106.562 106.465 106.367 106.268 106.167 106.065 105.964 105.862 105.759 105.651 105.542 105.429 105.312 105.191 105.066 104.961 104.878 104.8 104.727 104.617 -9999 -9999 -9999 -9999 -9999 -9999 -9999 -9999 -9999 -9999 -9999 -9999 -9999 -9999 -9999 -9999 -9999 -9999 -9999 -9999 -9999 -9999 -9999 -9999 -9999 -9999 -9999 -9999 -9999 -9999
-9999 -9999 -9999 -9999 -9999 107.537 -9999 107.619 107.668 107.712 107.74 107.709 107.629 107.643 107.694 107.535 107.346 107.281 107.212 107.135 107.049 106.955 106.862 106.769 106.675 106.58 106.483 106.386 106.286 106.186 106.084 105.982 105.876 105.768 105.658 105.544 105.427 105.307 105.19 105.095 105.013 104.936 104.862 -9999 -9999 -9999 -9999 -9999 -9999 -9999 -9999 -9999 -9999 -9999 -9999 -9999 -9999 -9999 -9999 -9999 -9999 -9999 -9999 -9999 -9999 -9999 -9999 -9999 -9999 -9999 -9999 -9999 -9999 -9999
-9999 -9999 -9999 -9999 -9999 107.494 -9999 107.585 107.635 107.687 107.731 107.744 -9999 107.698 107.597 -9999 107.394 107.334 107.273 107.208 107.135 107.055 106.963 106.87 106.776 106.68 106.584 106.486 106.388 106.288 106.187 106.085 105.981 105.875 105.766 105.655 105.542 105.426 105.316 -9999 -9999 -9999 -9999 -9999 -9999 -9999 -9999 -9999 -9999 -9999 -9999 -9999 -9999 -9999 -9999 -9999 -9999 -9999 -9999 -9999 -9999 -9999 -9999 -9999 -9999 -9999 -9999 -9999 -9999 -9999 -9999 -9999 -9999 -9999
-9999 -9999 -9999 107.362 107.407 -9999 -9999 107.547 107.601 107.654 107.711 107.777 107.818 107.71 107.586 -9999 107.446 107.39 107.333 107.276 107.216 107.147 107.066 106.972 106.878 106.782 106.685 106.588 106.489 106.39 106.29 106.189 106.086 105.982 105.876 105.768 105.658 105.545 -9999 -9999 -9999 -9999 -9999 -9999 -9999 -9999 -9999 -9999 -9999 -9999 -9999 -9999 -9999 -9999 -9999 -9999 -9999 -9999 -9999 -9999 -9999 -9999 -9999 -9999 -9999 -9999 -9999 -9999 -9999 -9999 -9999 -9999 -9999 -9999
-9999 -9999 107.268 107.315 107.363 -9999 107.458 107.509 107.565 107.62 -9999 107.759 107.758 107.688 107.64 -9999 107.499 107.448 107.397 107.345 107.293 107.234 107.164 107.077 106.981 106.885 106.787 106.689 106.591 -9999 106.393 106.293 106.193 106.091 105.987 105.882 105.775 -9999 -9999 -9999 -9999 -9999 -9999 -9999 -9999 -9999 -9999 -9999 -9999 -9999 -9999 -9999 -9999 -9999 -9999 -9999 -9999 -9999 -9999 -9999 -9999 -9999 -9999 -9999 -9999 -9999 -9999 -9999 -9999 -9999 -9999 -9999 -9999 -9999
-9999 -9999 107.222 107.27 -9999 -9999 107.418 107.472 107.526 -9999 107.645 107.704 107.729 107.71 107.68 -9999 107.556 107.509 107.463 107.416 107.369 107.317 107.256 107.181 107.086 106.988 106.89 106.792 106.694 106.596 106.497 -9999 -9999 106.2 106.099 -9999 -9999 -9999 -9999 -9999 -9999 105.47 105.408 105.333 -9999 -9999 -9999 -9999 -9999 -9999 -9999 -9999 -9999 -9999 -9999 -9999 -9999 -9999 -9999 -9999 -9999 -9999 -9999 -9999 -9999 -9999 -9999 -9999 -9999 -9999 -9999 -9999 -9999 -9999
-9999 107.12 107.17 -9999 -9999 107.323 107.374 107.43 107.486 -9999 107.611 107.68 107.715 107.711 107.691 -9999 -9999 -9999 107.531 107.491 107.448 107.399 107.345 107.275 107.192 107.092 106.993 106.894 106.796 106.699 106.602 106.505 106.408 106.311 106.212 -9999 -9999 -9999 -9999 -9999 105.631 105.583 105.518 105.445 105.349 -9999 -9999 -9999 -9999 -9999 -9999 -9999 -9999 -9999 -9999 -9999 -9999 -9999 -9999 -9999 -9999 -9999 -9999 -9999 -9999 -9999 -9999 -9999 -9999 -9999 -9999 -9999 -9999 -9999
107.014 107.065 107.115 -9999 -9999 -9999 107.327 107.385 107.445 -9999 107.577 -9999 107.695 107.708 107.703 -9999 107.672 107.637 107.602 -9999 107.529 107.484 107.429 107.366 107.289 107.196 107.096 106.997 106.9 106.803 106.708 106.61 106.505 106.397 106.29 106.181 106.066 105.975 -9999 105.812 105.744 105.674 105.592 105.481 105.352 105.218 105.075 -9999 -9999 -9999 -9999 -9999 -9999 -9999 -9999 -9999 -9999 -9999 -9999 -9999 -9999 -9999 -9999 -9999 -9999 -9999 -9999 -9999 -9999 -9999 -9999 -9999 -9999 -9999
106.952 107.003 -9999 -9999 -9999 -9999 107.278 107.337 107.399 -9999 107.541 -9999 107.677 107.708 -9999 107.709 107.702 107.693 107.671 107.642 107.611 107.571 107.513 107.45 107.38 107.299 107.199 107.1 107.003 106.901 106.788 106.675 106.562 106.452 106.343 106.236 106.136 106.052 105.972 105.895 105.814 105.711 105.579 105.446 105.312 105.174 105.032 104.874 104.634 104.316 -9999 -9999 -9999 -9999 -9999 -9999 -9999 -9999 -9999 -9999 -9999 -9999 -9999 -9999 -9999 -9999 -9999 -9999 -9999 -9999 -9999 -9999 -9999 -9999
-9999 106.936 -9999 -9999 -9999 -9999 107.224 107.286 107.352 107.425 -9999 -9999 107.656 107.701 -9999 107.714 107.72 107.721 107.718 107.711 107.687 107.649 107.589 107.526 107.465 107.39 107.301 107.195 107.075 106.952 106.834 106.72 106.609 106.5 106.394 106.29 106.2 106.118 106.04 105.951 105.819 105.68 105.544 105.407 105.269 105.128 104.98 104.822 104.649 104.455 104.145 -9999 -9999 -9999 -9999 -9999 -9999 -9999 -9999 -9999 -9999 -9999 -9999 -9999 -9999 -9999 -9999 -9999 -9999 -9999 -9999 -9999 -9999 -9999
106.811 -9999 -9999 -9999 -9999 -9999 107.167 107.232 107.302 107.381 -9999 -9999 107.624 107.683 -9999 -9999 107.727 107.733 107.74 107.739 107.734 107.706 107.654 107.598 107.541 107.474 107.373 107.24 107.113 106.992 106.875 106.763 106.653 106.547 106.443 106.345 106.262 106.178 106.076 105.929 105.786 105.646 105.507 105.367 105.225 105.079 104.927 104.765 104.589 104.393 104.174 -9999 -9999 -9999 -9999 -9999 -9999 -9999 -9999 -9999 -9999 -9999 -9999 -9999 -9999 -9999 -9999 -9999 -9999 -9999 -9999 -9999 -9999 -9999
106.734 -9999 -9999 -9999 -9999 -9999 107.106 107.174 107.25 -9999 -9999 -9999 -9999 107.67 -9999 107.724 107.731 107.738 107.744 107.749 107.747 107.729 107.703 107.665 107.599 107.506 107.397 107.276 107.15 107.03 106.915 106.804 106.696 106.591 106.491 106.402 106.314 106.197 106.045 105.897 105.753 105.61 105.468 105.324 105.178 105.028 104.869 104.697 104.512 104.311 104.092 103.886 -9999 -9999 -9999 -9999 -9999 -9999 -9999 -9999 -9999 -9999 -9999 -9999 -9999 -9999 -9999 -9999 -9999 -9999 -9999 -9999 -9999 -9999
106.638 -9999 -9999 -9999 106.912 106.974 107.04 107.113 -9999 -9999 107.369 -9999 -9999 -9999 -9999 107.727 107.735 107.741 107.747 107.75 107.748 107.74 107.72 107.665 107.586 107.509 107.421 107.311 107.186 107.067 106.953 106.843 106.737 106.635 106.541 106.45 106.323 106.165 106.012 105.864 105.717 105.572 105.427 105.278 105.123 104.963 104.795 104.619 104.431 104.23 104.01 103.846 -9999 -9999 -9999 -9999 -9999 -9999 -9999 -9999 -9999 -9999 -9999 -9999 -9999 -9999 -9999 -9999 -9999 -9999 -9999 -9999 -9999 -9999
-9999 -9999 -9999 -9999 -9999 106.902 106.969 107.048 -9999 107.23 107.319 107.407 -9999 -9999 -9999 -9999 107.739 107.746 107.751 107.754 107.753 107.738 107.685 107.617 107.548 107.479 107.404 107.313 107.204 107.094 106.987 106.881 106.776 106.678 106.585 106.454 106.29 106.133 105.979 105.826 105.674 105.522 105.369 105.212 105.053 104.888 104.718 104.54 104.35 104.147 103.931 103.77 103.574 -9999 -9999 -9999 -9999 -9999 -9999 -9999 -9999 -9999 -9999 -9999 -9999 -9999 -9999 -9999 -9999 -9999 -9999 -9999 -9999 -9999
-9999 -9999 -9999 -9999 -9999 106.821 106.893 106.979 -9999 107.171 107.264 107.357 -9999 -9999 -9999 -9999 -9999 107.754 107.758 107.761 107.751 107.696 107.631 107.565 107.499 107.433 107.368 107.289 107.193 107.087 106.984 106.882 106.785 106.693 106.567 106.397 106.235 106.076 105.92 105.765 105.61 105.455 105.299 105.141 104.979 104.813 104.64 104.459 104.268 104.063 103.855 103.703 103.53 103.284 -9999 -9999 -9999 -9999 -9999 -9999 -9999 -9999 -9999 -9999 -9999 -9999 -9999 -9999 -9999 -9999 -9999 -9999 -9999 -9999
-9999 -9999 -9999 -9999 -9999 106.682 106.798 -9999 -9999 107.109 107.205 107.302 107.39 -9999 -9999 -9999 -9999 -9999 107.768 107.762 107.708 107.644 107.58 107.516 107.452 107.388 107.325 107.255 107.168 107.065 106.964 106.868 106.778 106.665 106.492 106.327 106.166 106.009 105.853 105.698 105.543 105.387 105.229 105.068 104.904 104.735 104.56 104.377 104.183 103.977 103.777 103.633 103.454 103.22 102.989 102.748 -9999 -9999 -9999 -9999 -9999 -9999 -9999 -9999 -9999 -9999 -9999 -9999 -9999 -9999 -9999 -9999 -9999 -9999
-9999 -9999 -9999 -9999 -9999 106.553 106.68 -9999 -9999 107.034 107.143 107.246 -9999 -9999 -9999 -9999 -9999 -9999 107.773 107.724 107.658 107.594 107.531 107.468 107.406 107.344 107.283 107.221 107.141 107.04 106.943 106.854 106.753 106.585 106.417 106.256 106.099 105.943 105.788 105.633 105.476 105.318 105.157 104.994 104.828 104.656 104.478 104.292 104.096 103.887 103.686 103.47 103.27 103.043 102.817 102.59 -9999 -9999 -9999 -9999 -9999 -9999 -9999 -9999 -9999 -9999 -9999 -9999 -9999 -9999 -9999 -9999 -9999 -9999
-9999 -9999 -9999 -9999 -9999 106.426 106.545 -9999 -9999 -9999 107.082 107.19 107.281 -9999 -9999 -9999 -9999 -9999 107.738 107.677 107.611 107.547 107.484 107.422 107.361 107.301 107.242 107.184 107.108 107.014 106.923 106.829 106.68 106.509 106.346 106.189 106.034 105.88 105.724 105.567 105.408 105.247 105.084 104.918 104.749 104.574 104.393 104.204 104.005 103.777 103.515 103.287 103.066 102.845 102.626 102.405 -9999 -9999 -9999 -9999 -9999 -9999 -9999 -9999 -9999 -9999 -9999 -9999 -9999 -9999 -9999 -9999 -9999 -9999
-9999 -9999 -9999 -9999 106.165 106.281 106.408 -9999 -9999 -9999 -9999 -9999 -9999 -9999 -9999 -9999 -9999 -9999 107.66 107.63 107.567 107.503 107.44 107.378 107.318 107.258 107.2 107.144 107.074 106.99 106.901 106.778 106.6 106.434 106.277 106.124 105.972 105.818 105.661 105.501 105.338 105.174 105.008 104.839 104.666 104.488 104.304 104.112 103.892 103.588 103.32 103.1 102.882 102.667 102.454 102.239 102.137 -9999 -9999 -9999 -9999 -9999 -9999 -9999 -9999 -9999 -9999 -9999 -9999 -9999 -9999 -9999 -9999 -9999
-9999 -9999 -9999 105.93 106.03 106.138 106.267 -9999 -9999 -9999 -9999 -9999 -9999 -9999 -9999 -9999 107.494 107.569 107.57 107.553 107.523 107.461 107.398 107.336 107.275 107.216 107.159 107.105 107.044 106.966 106.863 106.694 106.521 106.36 106.209 106.061 105.912 105.757 105.596 105.432 105.265 105.098 104.928 104.755 104.579 104.398 104.211 103.998 103.694 103.385 103.143 102.927 102.715 102.505 102.297 102.088 101.953 -9999 -9999 -9999 -9999 -9999 -9999 -9999 -9999 -9999 -9999 -9999 -9999 -9999 -9999 -9999 -9999 -9999
-9999 -9999 -9999 105.78 105.883 106.002 -9999 -9999 -9999 -9999 -9999 -9999 -9999 -9999 -9999 -9999 107.443 107.464 107.465 107.464 107.446 107.415 107.358 107.295 107.234 107.175 107.12 107.07 107.013 106.934 106.796 106.61 106.441 106.285 106.14 106.0 105.855 105.695 105.527 105.358 105.187 105.016 104.842 104.667 104.487 104.303 104.097 103.807 103.482 103.197 102.979 102.767 102.56 102.355 102.151 101.948 101.794 -9999 -9999 -9999 -9999 -9999 -9999 -9999 -9999 -9999 -9999 -9999 -9999 -9999 -9999 -9999 -9999 -9999
-9999 -9999 -9999 -9999 -9999 -9999 -9999 -9999 -9999 -9999 -9999 -9999 -9999 -9999 -9999 -9999 107.356 107.359 107.36 107.358 107.354 107.336 107.306 107.256 107.195 107.139 107.086 107.035 106.981 106.887 106.708 106.525 106.358 106.206 106.066 105.934 105.794 105.624 105.449 105.275 105.101 104.927 104.75 104.572 104.39 104.192 103.922 103.598 103.287 103.04 102.826 102.619 102.415 102.214 102.015 101.816 101.653 -9999 -9999 -9999 -9999 -9999 -9999 -9999 -9999 -9999 -9999 -9999 -9999 -9999 -9999 -9999 -9999 -9999
-9999 -9999 -9999 -9999 -9999 -9999 -9999 -9999 -9999 -9999 -9999 -9999 -9999 -9999 -9999 107.194 107.25 107.253 107.253 107.251 107.246 107.24 107.223 107.198 107.162 107.105 107.052 107.001 106.946 106.822 106.619 106.436 106.27 106.118 105.978 105.846 105.695 105.529 105.356 105.181 105.006 104.829 104.651 104.47 104.281 104.038 103.716 103.397 103.11 102.891 102.682 102.479 102.279 102.082 101.886 101.691 101.522 -9999 -9999 -9999 -9999 -9999 -9999 -9999 -9999 -9999 -9999 -9999 -9999 -9999 -9999 -9999 -9999 -9999
-9999 -9999 -9999 -9999 -9999 -9999 -9999 -9999 -9999 -9999 -9999 -9999 -9999 -9999 -9999 107.091 107.142 107.145 107.145 107.142 107.139 107.134 107.127 107.116 107.092 107.064 107.019 106.968 106.898 106.733 106.529 106.345 106.176 106.021 105.876 105.733 105.581 105.418 105.249 105.076 104.901 104.724 104.544 104.362 104.146 103.834 103.516 103.209 102.963 102.751 102.545 102.344 102.148 101.955 101.763 101.572 101.401 -9999 -9999 -9999 -9999 -9999 -9999 -9999 -9999 -9999 -9999 -9999 -9999 -9999 -9999 -9999 -9999 -9999
-9999 -9999 -9999 -9999 -9999 -9999 -9999 -9999 -9999 -9999 -9999 -9999 -9999 -9999 106.885 106.972 107.024 107.037 107.039 107.039 107.036 107.031 107.024 107.015 107.004 106.991 106.986 106.949 106.838 106.643 106.437 106.249 106.077 105.917 105.765 105.614 105.46 105.299 105.132 104.961 104.786 104.61 104.43 104.233 103.952 103.633 103.32 103.041 102.825 102.616 102.414 102.217 102.024 101.833 101.647 101.466 101.289 101.14 -9999 -9999 -9999 -9999 -9999 -9999 -9999 -9999 -9999 -9999 -9999 -9999 -9999 -9999 -9999 -9999
