Validation/Results/raw data/ReClimate_08_2024_1_Temperature-Actuals.asc
NCOLS 192
NROWS 249
XLLCENTER -225160.85627316462
YLLCENTER 29788.11610251502
CELLSIZE 5000.0
NODATA_VALUE -9999
[rows 170 to 203 of 249, columns 75 to 149 of 192]
-9999 -9999 -9999 -9999 -9999 -9999 -9999 -9999 -9999 -9999 -9999 -9999 -9999 -9999 -9999 -9999 -9999 14.548 14.469 -9999 -9999 -9999 -9999 -9999 -9999 -9999 -9999 -9999 -9999 -9999 -9999 -9999 -9999 -9999 -9999 -9999 15.054 15.087 15.024 14.991 14.815 14.735 14.694 14.74 14.786 14.924 15.014 15.002 14.774 14.331 13.516 12.728 12.004 12.21 12.216 12.723 13.817 14.293 14.547 14.237 14.255 14.527 14.81 14.851 14.83 14.76 14.791 14.824 14.764 14.751 14.841 14.852 14.734 14.348 14.411
-9999 -9999 -9999 -9999 -9999 -9999 -9999 -9999 -9999 -9999 -9999 -9999 -9999 -9999 -9999 -9999 -9999 14.348 14.212 14.324 -9999 -9999 -9999 -9999 -9999 -9999 -9999 -9999 -9999 -9999 -9999 -9999 -9999 -9999 -9999 15.216 15.107 15.056 15.072 14.902 14.918 14.737 14.71 14.743 14.817 14.89 14.912 14.863 14.764 14.451 13.829 12.753 11.956 12.404 12.909 13.044 13.679 14.645 14.791 14.583 14.198 14.397 14.782 14.901 14.89 14.753 14.774 14.843 14.83 14.739 14.807 14.856 14.805 14.537 14.316
-9999 -9999 -9999 -9999 -9999 -9999 -9999 -9999 -9999 -9999 -9999 -9999 -9999 -9999 -9999 -9999 14.686 14.367 14.114 14.279 14.621 -9999 -9999 -9999 -9999 -9999 -9999 -9999 -9999 -9999 -9999 -9999 14.841 -9999 -9999 15.204 14.819 15.056 15.095 15.076 -9999 14.62 14.571 14.582 14.679 14.661 14.745 14.646 14.578 14.181 13.522 13.775 12.687 12.948 13.484 12.947 13.807 14.252 14.669 14.617 14.365 14.446 14.706 14.918 15.018 14.98 14.923 14.904 14.898 14.806 14.817 14.899 14.837 14.73 14.452
-9999 -9999 -9999 -9999 -9999 -9999 -9999 -9999 -9999 -9999 -9999 -9999 -9999 -9999 -9999 -9999 14.796 14.491 14.326 14.364 14.607 14.7 14.794 -9999 -9999 -9999 14.372 14.593 -9999 14.677 14.726 14.748 14.072 14.303 -9999 -9999 14.927 14.932 -9999 -9999 14.754 14.5 14.724 14.943 14.828 14.698 14.547 14.432 14.249 13.701 12.94 13.19 13.064 12.843 13.016 12.998 13.267 14.351 14.484 14.405 14.189 14.39 14.575 14.809 14.937 14.956 14.977 14.944 14.912 14.86 14.836 14.94 14.906 14.843 14.665
-9999 -9999 -9999 -9999 -9999 -9999 -9999 -9999 -9999 -9999 -9999 -9999 -9999 -9999 -9999 -9999 -9999 14.717 14.491 14.477 14.697 14.761 -9999 -9999 12.633 12.609 14.059 13.555 13.74 13.894 14.483 14.397 14.253 13.926 13.978 -9999 14.9 14.938 14.901 14.821 14.323 14.11 14.619 15.058 14.957 14.694 14.517 14.296 14.133 13.444 12.452 12.51 12.778 13.032 13.231 13.014 13.29 14.022 14.45 14.379 14.204 14.292 14.399 14.576 14.746 14.838 14.922 14.939 14.832 14.621 14.772 14.987 14.975 14.928 14.812
-9999 -9999 -9999 -9999 -9999 -9999 -9999 -9999 -9999 -9999 -9999 -9999 -9999 -9999 -9999 -9999 -9999 14.774 14.598 14.815 14.912 14.956 14.666 13.175 11.052 13.335 13.876 13.105 13.599 13.31 13.796 14.359 14.107 13.195 13.812 14.168 14.675 14.901 14.809 14.588 14.213 14.106 14.479 14.803 14.792 14.675 14.487 14.307 14.042 13.142 12.537 12.207 12.554 12.644 13.326 13.415 13.206 13.571 14.071 14.218 14.27 14.312 14.318 14.456 14.626 14.728 14.935 14.928 14.924 14.895 14.811 15.044 15.06 15.026 14.959
-9999 -9999 -9999 -9999 -9999 -9999 -9999 -9999 -9999 -9999 -9999 -9999 -9999 -9999 -9999 -9999 -9999 -9999 14.826 14.977 14.868 14.326 13.138 10.43 11.101 13.012 13.046 13.301 12.795 12.67 12.999 13.407 13.633 13.811 13.137 13.941 14.455 14.575 14.72 14.651 14.384 14.309 14.447 14.617 14.68 14.544 14.405 14.25 13.819 13.259 12.671 12.49 12.879 12.684 12.914 13.835 13.59 13.691 13.97 14.047 14.269 14.47 14.435 14.449 14.561 14.696 14.932 14.975 14.993 14.902 14.926 15.039 15.095 15.094 15.04
-9999 -9999 -9999 -9999 -9999 -9999 -9999 -9999 -9999 -9999 -9999 -9999 -9999 -9999 -9999 -9999 -9999 -9999 -9999 -9999 14.31 13.251 11.958 11.249 11.651 13.223 13.488 12.829 12.216 12.1 12.203 13.142 13.967 13.577 12.923 13.493 14.155 14.54 14.812 14.699 14.474 14.27 14.341 14.412 14.455 14.484 14.386 14.089 13.51 13.187 13.024 12.638 12.912 12.74 12.674 13.302 13.992 13.943 14.302 14.176 14.093 14.371 14.515 14.627 14.691 14.802 14.951 15.001 14.995 14.965 14.852 14.995 15.075 15.112 15.132
-9999 -9999 -9999 -9999 -9999 -9999 -9999 -9999 -9999 -9999 -9999 -9999 -9999 -9999 -9999 -9999 -9999 -9999 -9999 14.8 13.865 13.21 12.761 11.711 12.78 13.478 13.116 12.988 12.422 11.934 12.33 12.505 13.406 13.253 12.739 13.119 13.778 14.656 14.796 14.715 14.354 14.156 14.19 14.28 14.396 14.448 14.272 13.778 13.514 13.612 13.283 12.803 13.055 13.064 13.186 13.419 13.607 14.12 14.272 14.279 14.295 14.328 14.54 14.576 14.802 14.934 15.005 15.021 15.036 14.852 14.9 15.033 15.117 15.124 15.169
-9999 -9999 -9999 -9999 -9999 -9999 -9999 -9999 -9999 -9999 -9999 -9999 -9999 -9999 -9999 -9999 -9999 -9999 14.718 13.054 13.562 13.121 12.66 12.88 11.675 12.062 12.459 12.402 11.837 12.39 12.205 12.759 13.271 12.587 12.275 12.976 13.856 14.645 14.866 14.698 14.272 14.247 14.328 14.357 14.45 14.356 14.062 13.983 13.803 13.339 13.128 13.023 12.878 13.38 13.597 13.823 14.039 14.085 14.444 14.417 14.553 14.57 14.627 14.87 14.753 14.955 15.044 15.01 15.03 14.9 14.872 15.107 15.123 15.137 15.163
-9999 -9999 -9999 -9999 -9999 -9999 -9999 -9999 -9999 -9999 -9999 -9999 -9999 -9999 -9999 -9999 -9999 14.592 13.198 13.878 13.872 13.477 13.644 13.13 12.824 12.396 11.979 11.683 11.758 11.942 12.222 13.028 12.676 12.757 13.508 13.752 14.334 14.522 14.738 14.558 14.311 14.296 14.316 14.398 14.264 14.014 14.146 14.069 13.831 13.331 13.289 13.722 13.584 13.552 13.831 13.971 14.136 14.306 14.404 14.592 14.716 14.899 14.964 15.071 15.076 14.953 15.001 15.003 15.011 14.886 14.865 15.102 15.137 15.09 15.094
-9999 -9999 -9999 -9999 -9999 -9999 -9999 -9999 -9999 -9999 -9999 -9999 -9999 -9999 -9999 14.393 14.594 14.268 14.361 14.629 14.659 14.436 14.678 14.139 13.313 12.558 11.867 10.999 12.321 12.47 12.956 12.885 12.086 12.398 12.904 13.837 14.237 14.382 14.495 14.408 14.27 14.201 14.31 14.266 14.067 13.986 13.931 14.136 13.824 13.499 13.615 13.755 13.892 13.992 14.081 14.232 14.316 14.62 14.674 14.701 14.966 15.182 15.261 15.173 15.1 15.047 14.994 14.932 14.956 14.774 14.716 14.976 15.099 15.064 15.021
-9999 -9999 -9999 -9999 -9999 -9999 -9999 -9999 -9999 -9999 -9999 -9999 -9999 -9999 14.225 14.31 14.382 14.582 -9999 -9999 -9999 -9999 14.137 13.054 12.788 12.456 11.628 12.508 12.567 12.002 12.473 11.883 10.685 11.499 12.541 13.249 14.08 14.476 14.408 14.329 14.288 14.288 14.301 14.252 14.093 14.02 13.899 13.991 13.837 13.804 13.847 13.935 14.156 14.269 14.333 14.536 14.615 14.792 15.037 14.955 15.05 15.185 15.26 15.202 15.067 14.952 14.824 14.767 14.792 14.728 14.643 14.797 15.001 15.059 15.031
-9999 -9999 -9999 -9999 -9999 -9999 -9999 -9999 -9999 -9999 -9999 -9999 -9999 -9999 14.242 14.121 14.695 -9999 -9999 -9999 -9999 -9999 13.905 13.149 12.627 12.772 12.096 12.237 11.817 11.386 11.649 11.318 11.347 12.744 12.977 13.753 14.372 14.566 14.462 14.347 14.272 14.175 14.167 14.251 14.174 14.043 14.015 13.926 14.041 14.049 14.17 14.001 13.993 14.121 14.362 14.579 14.708 14.84 14.887 14.908 14.905 14.95 15.005 14.876 14.844 14.623 14.467 14.458 14.615 14.689 14.675 14.785 14.942 15.082 15.094
-9999 -9999 -9999 -9999 -9999 -9999 -9999 -9999 -9999 -9999 -9999 -9999 -9999 -9999 -9999 -9999 14.855 -9999 -9999 -9999 -9999 -9999 13.709 12.993 13.244 12.873 12.505 12.431 11.192 11.558 12.536 11.816 12.632 12.983 13.378 14.121 14.553 14.614 14.345 14.306 14.213 14.173 14.342 14.328 14.327 14.266 14.114 14.131 14.228 14.344 14.304 14.299 14.226 14.167 14.421 14.486 14.322 14.491 14.654 14.67 14.812 14.778 14.642 14.418 14.304 14.495 14.419 14.399 14.507 14.646 14.687 14.766 14.918 15.08 15.138
-9999 -9999 -9999 -9999 -9999 -9999 -9999 -9999 -9999 -9999 -9999 -9999 -9999 -9999 -9999 -9999 -9999 -9999 -9999 -9999 -9999 -9999 14.016 13.522 14.429 13.62 12.797 11.499 11.659 11.881 12.055 12.852 12.949 13.145 14.087 14.395 14.666 14.558 14.471 14.376 14.4 14.443 14.476 14.491 14.463 14.379 14.296 14.247 14.333 14.341 14.194 14.42 14.581 14.553 14.54 14.701 14.401 14.208 14.414 14.365 14.572 14.789 14.609 14.478 14.35 14.41 14.601 14.568 14.565 14.723 14.821 14.853 14.942 15.099 15.163
-9999 -9999 -9999 -9999 -9999 -9999 -9999 -9999 -9999 -9999 -9999 -9999 -9999 -9999 -9999 -9999 -9999 -9999 -9999 -9999 -9999 -9999 -9999 14.173 12.947 12.421 12.28 12.472 12.356 12.229 13.032 13.155 13.623 14.175 14.058 14.526 14.52 14.236 14.286 14.413 14.567 14.68 14.599 14.43 14.37 14.213 14.19 14.242 14.372 14.244 14.061 14.241 14.586 14.707 14.715 14.682 14.613 14.391 14.269 14.056 14.109 14.648 14.765 14.538 14.362 14.217 14.327 14.629 14.672 14.793 14.945 15.084 15.098 15.191 15.237
-9999 -9999 -9999 -9999 -9999 -9999 -9999 -9999 -9999 -9999 -9999 -9999 -9999 -9999 -9999 -9999 -9999 -9999 -9999 -9999 -9999 -9999 14.058 13.567 13.025 12.078 12.955 13.028 12.494 12.922 13.074 13.147 14.177 14.146 14.114 14.336 13.367 13.974 14.298 14.338 14.378 14.596 14.322 13.853 13.88 14.113 14.332 14.295 14.409 14.341 14.328 14.392 14.624 14.715 14.743 14.707 14.593 14.528 14.36 14.299 14.31 14.595 14.713 14.517 14.272 14.09 14.156 14.526 14.799 14.902 15.1 15.255 15.328 15.36 15.39
-9999 -9999 -9999 -9999 -9999 -9999 -9999 -9999 -9999 -9999 -9999 -9999 -9999 -9999 -9999 -9999 -9999 -9999 -9999 -9999 -9999 -9999 14.406 13.872 12.14 13.546 13.99 13.224 13.085 12.876 12.455 13.257 14.149 14.13 14.415 13.985 13.997 14.004 13.881 13.917 14.365 14.334 14.021 13.936 14.001 14.352 14.368 14.341 14.444 14.434 14.626 14.706 14.737 14.754 14.736 14.738 14.701 14.631 14.544 14.377 14.493 14.668 14.606 14.307 14.03 14.08 14.162 14.336 14.682 14.976 15.109 15.306 15.352 15.396 15.489
-9999 -9999 -9999 -9999 -9999 -9999 -9999 -9999 -9999 -9999 -9999 -9999 -9999 -9999 -9999 -9999 -9999 -9999 -9999 -9999 -9999 -9999 14.294 13.628 14.299 14.039 13.62 13.211 12.776 12.05 12.535 12.995 13.834 14.174 14.514 14.339 13.954 13.387 13.082 13.297 13.97 13.779 13.944 13.908 14.172 14.474 14.4 14.437 14.501 14.603 14.804 14.761 14.69 14.752 14.756 14.586 14.702 14.747 14.678 14.601 14.658 14.725 14.587 14.346 14.198 14.199 14.367 14.547 14.773 14.925 15.108 15.267 15.475 15.457 15.545
-9999 -9999 -9999 -9999 -9999 -9999 -9999 -9999 -9999 -9999 -9999 -9999 -9999 -9999 -9999 -9999 -9999 -9999 -9999 -9999 -9999 -9999 -9999 14.574 13.512 12.887 12.154 12.061 12.14 12.527 13.048 13.932 14.224 14.422 14.256 14.148 13.933 13.575 13.243 13.255 13.549 13.858 13.862 13.758 14.122 14.398 14.313 14.569 14.603 14.571 14.953 15.0 14.818 14.805 14.832 14.584 14.486 14.766 14.724 14.682 14.731 14.715 14.531 14.423 14.465 14.598 14.621 14.743 14.821 14.882 15.1 15.291 15.399 15.471 15.576
-9999 -9999 -9999 -9999 -9999 -9999 -9999 -9999 -9999 -9999 -9999 -9999 -9999 -9999 -9999 -9999 -9999 -9999 -9999 -9999 -9999 -9999 -9999 13.918 12.983 12.209 11.564 11.435 11.902 12.819 13.677 13.961 13.708 13.189 12.858 12.964 13.522 13.847 13.441 13.464 13.689 13.853 13.39 13.667 13.977 14.109 14.233 14.599 14.615 14.724 14.749 14.916 14.949 14.876 14.908 14.758 14.603 14.756 14.822 14.666 14.591 14.552 14.444 14.444 14.607 14.553 14.604 14.653 14.849 14.855 15.047 15.233 15.262 15.397 15.568
-9999 -9999 -9999 -9999 -9999 -9999 -9999 -9999 -9999 -9999 -9999 -9999 -9999 -9999 -9999 -9999 -9999 -9999 -9999 -9999 -9999 -9999 14.405 13.947 13.005 12.189 11.73 11.982 12.418 12.893 12.675 12.103 12.509 12.411 12.561 13.397 13.769 13.611 13.567 13.833 13.97 13.511 13.379 13.545 13.9 14.095 14.265 14.691 14.653 14.493 14.721 14.579 14.716 14.716 14.781 14.75 14.76 14.923 14.901 14.818 14.767 14.603 14.55 14.404 14.516 14.567 14.607 14.732 14.817 15.022 15.152 15.18 15.185 15.344 15.565
-9999 -9999 -9999 -9999 -9999 -9999 -9999 -9999 -9999 -9999 -9999 -9999 -9999 -9999 -9999 -9999 -9999 -9999 -9999 -9999 -9999 -9999 14.2 13.623 13.199 12.804 12.264 11.645 11.933 12.141 12.082 12.273 12.087 12.016 12.545 13.321 13.015 13.13 13.828 13.678 14.122 13.697 13.284 13.34 14.101 14.139 14.654 14.795 14.635 14.521 14.129 14.385 14.447 14.558 14.579 14.586 14.788 15.018 15.023 14.978 14.996 14.956 14.642 14.493 14.421 14.479 14.598 14.9 15.028 15.159 15.264 15.226 15.205 15.343 15.457
-9999 -9999 -9999 -9999 -9999 -9999 -9999 -9999 -9999 -9999 -9999 -9999 -9999 -9999 -9999 -9999 -9999 -9999 -9999 -9999 -9999 -9999 13.761 13.837 13.908 13.158 12.066 11.507 11.877 12.118 12.457 12.185 12.35 12.58 12.821 12.747 12.972 13.762 13.854 13.964 13.65 13.965 13.732 14.051 14.083 14.215 14.691 14.909 14.767 14.381 14.471 14.395 14.377 14.47 14.515 14.681 14.814 14.964 14.926 14.89 15.015 14.974 14.697 14.475 14.597 14.75 14.692 14.922 15.079 15.277 15.319 15.257 15.352 15.492 15.609
-9999 -9999 -9999 -9999 -9999 -9999 -9999 -9999 -9999 -9999 -9999 -9999 -9999 -9999 -9999 -9999 -9999 -9999 -9999 -9999 -9999 13.854 13.635 13.173 13.304 13.042 12.039 11.936 11.614 12.203 12.982 13.043 13.174 12.783 12.689 13.147 13.253 13.381 13.884 13.872 14.268 14.368 14.384 14.363 14.247 14.562 14.854 14.936 14.904 14.815 14.713 14.715 14.604 14.62 14.605 14.711 14.888 14.964 14.961 15.008 14.989 14.873 14.703 14.61 14.815 14.974 14.984 14.997 15.245 15.247 15.334 15.308 15.323 15.492 15.669
-9999 -9999 -9999 -9999 -9999 -9999 -9999 -9999 -9999 -9999 -9999 -9999 -9999 -9999 -9999 -9999 -9999 -9999 -9999 -9999 13.627 13.562 12.967 13.248 13.255 12.297 11.701 11.631 12.005 12.591 13.162 13.057 13.181 12.849 12.355 13.108 13.103 13.906 14.188 14.415 14.464 14.395 14.302 14.373 14.283 14.691 14.849 15.153 15.147 15.006 14.958 14.922 14.885 14.736 14.731 14.896 15.012 14.975 14.92 14.905 14.893 14.775 14.697 14.68 14.863 15.124 15.231 15.297 15.189 15.181 15.257 15.338 15.384 15.511 15.575
-9999 -9999 -9999 -9999 -9999 -9999 -9999 -9999 -9999 -9999 -9999 -9999 -9999 -9999 -9999 -9999 -9999 -9999 13.253 13.371 13.285 13.869 13.741 13.465 12.844 11.923 11.576 11.548 11.564 12.501 12.956 13.498 13.222 12.646 12.651 13.249 13.868 14.155 14.498 14.546 14.572 14.259 14.22 14.249 14.567 14.977 15.163 15.228 15.174 15.034 15.035 15.095 15.013 14.826 14.895 15.017 15.161 14.932 14.802 14.657 14.532 14.554 14.603 14.802 14.933 15.091 15.072 15.182 15.185 15.24 15.293 15.364 15.426 15.546 15.657
-9999 -9999 -9999 -9999 -9999 -9999 -9999 -9999 -9999 -9999 -9999 -9999 -9999 -9999 -9999 -9999 -9999 13.315 13.093 12.781 13.25 13.724 13.677 13.329 12.205 12.083 11.612 11.626 12.193 13.031 13.674 13.673 13.529 12.952 12.422 13.11 13.788 14.35 14.398 14.448 14.188 14.348 14.189 14.301 14.765 15.11 15.367 15.355 15.123 15.155 15.007 15.036 15.095 15.016 14.982 15.033 14.962 14.981 14.744 14.682 14.584 14.396 14.412 14.538 14.747 14.881 14.93 15.03 15.189 15.159 15.398 15.471 15.489 15.562 15.558
-9999 -9999 -9999 -9999 -9999 -9999 -9999 -9999 -9999 -9999 -9999 -9999 -9999 -9999 14.758 14.333 13.917 13.548 12.985 12.997 13.347 13.887 13.954 12.815 12.487 12.205 12.496 11.863 12.8 13.111 12.85 13.471 13.682 12.306 12.991 13.68 14.581 14.607 14.425 13.943 14.615 14.448 14.428 14.541 14.705 15.143 15.363 15.443 15.309 15.308 15.141 14.996 15.098 15.092 15.11 14.968 14.863 14.545 14.686 14.746 14.708 14.53 14.514 14.627 14.793 14.959 14.949 15.029 15.087 15.244 15.347 15.464 15.431 15.525 15.594
-9999 -9999 -9999 -9999 -9999 -9999 -9999 -9999 -9999 -9999 -9999 -9999 14.16 14.367 14.471 14.348 14.167 13.726 13.75 13.57 13.908 13.768 12.927 13.249 12.931 12.78 12.993 12.636 12.564 11.872 12.537 13.036 12.979 13.352 13.846 14.441 13.836 14.097 14.364 14.602 14.811 14.809 14.683 14.769 14.997 15.021 15.308 15.528 15.464 15.404 15.29 15.192 15.18 14.961 15.085 15.104 14.82 14.596 14.441 14.702 14.691 14.536 14.486 14.557 14.699 14.978 15.131 15.173 15.134 15.119 15.338 15.327 15.295 15.45 15.605
-9999 -9999 -9999 -9999 -9999 -9999 -9999 -9999 14.18 14.194 14.189 14.184 13.683 14.416 14.273 14.32 14.061 13.774 13.8 13.834 13.764 13.039 13.375 13.61 12.998 13.458 13.287 12.932 12.064 12.323 12.797 13.124 13.111 13.796 14.3 13.217 13.294 14.018 14.095 14.648 14.883 14.996 14.845 14.642 14.927 14.862 15.455 15.545 15.499 15.27 15.118 15.151 14.656 14.871 15.007 15.083 14.821 14.463 14.442 14.595 14.653 14.667 14.623 14.659 14.758 14.991 15.112 15.192 15.208 15.082 15.144 15.292 15.326 15.537 15.721
-9999 -9999 -9999 -9999 -9999 -9999 -9999 14.541 14.203 14.214 14.068 13.258 13.036 13.268 13.593 13.935 13.406 13.27 13.464 13.49 13.14 13.549 13.625 13.269 13.737 13.974 13.662 13.086 12.634 12.903 13.153 13.258 13.632 13.993 12.989 11.848 13.024 13.76 14.375 14.474 14.78 14.669 14.722 14.897 14.992 15.272 15.422 15.452 15.478 15.227 14.976 14.599 14.329 14.222 14.779 14.935 14.495 14.317 14.371 14.543 14.686 14.669 14.699 14.731 14.889 14.919 14.992 15.105 14.994 14.907 15.105 15.264 15.372 15.553 15.669
-9999 -9999 -9999 -9999 -9999 -9999 14.791 14.321 14.137 14.131 13.712 13.21 13.375 13.667 13.952 13.515 13.434 13.406 13.891 13.446 13.332 13.685 13.689 13.879 14.434 14.046 13.307 12.917 13.162 13.355 13.371 14.028 14.292 13.895 12.273 12.214 12.921 14.23 14.173 14.399 14.407 14.821 14.953 14.899 15.099 15.265 15.41 15.452 15.57 15.362 15.034 14.533 14.122 14.307 14.654 14.744 14.467 14.139 14.333 14.553 14.653 14.752 14.736 14.775 14.85 14.934 14.847 14.935 15.065 14.99 15.139 15.232 15.159 15.378 15.542
