Validation/Results/raw data/ReClimate_07_2024_1_Temperature.asc
NCOLS 192
NROWS 249
XLLCENTER -225160.85627316462
YLLCENTER 29788.11610251502
CELLSIZE 5000.0
NODATA_VALUE -9999
[rows 204 to 237 of 249, columns 75 to 149 of 192]
-9999 -9999 -9999 -9999 -0.34 -9999 -0.312 -0.295 -0.283 -0.273 -0.262 -0.252 -0.237 -0.221 -0.209 -0.198 -0.186 -0.174 -0.181 -0.19 -0.182 -0.173 -0.173 -0.174 -0.173 -0.174 -0.172 -0.171 -0.17 -0.17 -0.156 -0.14 -0.135 -0.13 -0.144 -0.162 -0.157 -0.152 -0.138 -0.121 -0.114 -0.108 -0.105 -0.102 -0.089 -0.076 -0.068 -0.06 -0.046 -0.032 -0.002 0.034 0.047 0.059 0.076 0.091 0.103 0.114 0.128 0.14 0.15 0.156 0.17 0.182 0.192 0.198 0.207 0.215 0.226 0.235 0.241 0.246 0.259 0.268 0.275
-9999 -9999 -9999 -9999 -9999 -9999 -9999 -9999 -0.297 -0.266 -0.257 -0.25 -0.232 -0.207 -0.208 -0.237 -0.227 -0.215 -0.216 -0.203 -0.191 -0.172 -0.17 -0.168 -0.174 -0.196 -0.19 -0.174 -0.173 -0.173 -0.158 -0.138 -0.133 -0.13 -0.141 -0.152 -0.147 -0.142 -0.126 -0.107 -0.101 -0.099 -0.095 -0.087 -0.074 -0.062 -0.051 -0.038 -0.027 -0.024 0.005 0.036 0.054 0.069 0.087 0.104 0.115 0.125 0.128 0.134 0.15 0.161 0.176 0.188 0.197 0.201 0.222 0.237 0.234 0.237 0.247 0.253 0.256 0.26 0.262
-9999 -9999 -9999 -9999 -9999 -9999 -9999 -9999 -0.293 -0.263 -0.255 -0.248 -0.226 -0.202 -0.224 -0.252 -0.242 -0.231 -0.22 -0.207 -0.19 -0.171 -0.168 -0.166 -0.183 -0.204 -0.19 -0.174 -0.174 -0.174 -0.157 -0.137 -0.133 -0.13 -0.137 -0.148 -0.142 -0.136 -0.119 -0.1 -0.096 -0.094 -0.088 -0.08 -0.067 -0.055 -0.042 -0.028 -0.023 -0.019 0.006 0.036 0.054 0.072 0.089 0.106 0.117 0.127 0.13 0.129 0.145 0.16 0.174 0.186 0.193 0.197 0.217 0.238 0.237 0.231 0.241 0.25 0.253 0.25 0.253
-9999 -9999 -9999 -9999 -9999 -9999 -0.303 -0.298 -0.276 -0.264 -9999 -0.247 -0.234 -0.238 -0.251 -0.248 -0.239 -9999 -0.214 -0.193 -0.185 -0.197 -0.194 -0.188 -0.196 -0.188 -0.171 -0.145 -0.144 -0.147 -0.136 -0.135 -0.129 -0.122 -0.131 -0.149 -0.144 -0.139 -0.125 -0.111 -0.107 -0.102 -0.091 -0.07 -0.053 -0.03 -0.016 -0.005 0.005 0.02 0.034 0.056 0.072 0.089 0.096 0.107 0.119 0.13 0.148 0.157 0.165 0.176 0.185 0.194 0.2 0.204 0.212 0.225 0.228 0.225 0.236 0.244 0.26 0.265 0.26
-9999 -9999 -9999 -9999 -9999 -9999 -0.297 -9999 -9999 -9999 -0.255 -0.246 -0.248 -9999 -9999 -9999 -9999 -9999 -0.21 -0.187 -0.195 -0.207 -0.202 -0.197 -0.189 -0.181 -0.159 -0.133 -0.134 -0.136 -0.135 -0.134 -0.126 -0.119 -0.132 -0.149 -0.143 -0.139 -0.127 -0.114 -0.108 -0.104 -0.086 -0.064 -0.043 -0.02 -0.007 0.004 0.02 0.036 0.049 0.062 0.078 0.093 0.101 0.106 0.118 0.128 0.146 0.164 0.172 0.176 0.185 0.191 0.197 0.2 0.209 0.215 0.218 0.217 0.227 0.236 0.251 0.263 0.259
-9999 -9999 -9999 -9999 -9999 -9999 -9999 -9999 -0.296 -0.285 -0.274 -0.255 -0.251 -9999 -9999 -9999 -9999 -9999 -9999 -9999 -9999 -0.2 -0.197 -0.2 -0.191 -0.177 -0.166 -0.171 -0.17 -0.161 -0.157 -0.146 -0.144 -0.149 -0.152 -0.131 -0.129 -0.137 -0.127 -0.121 -0.113 -0.097 -0.081 -0.068 -0.049 -0.033 -0.014 0.023 0.039 0.051 0.065 0.078 0.086 0.097 0.118 0.131 0.13 0.134 0.134 0.139 0.16 0.172 0.18 0.186 0.204 0.215 0.218 0.222 0.22 0.217 0.217 0.22 0.232 0.241 0.254
-9999 -9999 -9999 -9999 -9999 -9999 -9999 -9999 -9999 -0.291 -9999 -9999 -9999 -9999 -9999 -9999 -9999 -9999 -9999 -0.196 -0.197 -0.197 -0.198 -0.202 -0.189 -0.176 -0.18 -0.186 -0.178 -0.17 -0.161 -0.151 -0.154 -0.161 -0.143 -0.123 -0.127 -0.134 -0.128 -0.123 -0.108 -0.092 -9999 -0.068 -0.053 -0.038 -0.006 0.031 0.044 0.056 0.07 0.082 0.09 0.096 0.116 0.137 0.138 0.132 0.132 0.126 0.145 0.164 0.173 0.179 0.197 0.214 0.218 0.219 0.218 0.211 0.212 0.209 0.219 0.226 0.238
-9999 -9999 -9999 -9999 -9999 -9999 -9999 -9999 -9999 -9999 -9999 -9999 -9999 -9999 -9999 -9999 -9999 -9999 -9999 -0.201 -0.194 -0.175 -0.184 -9999 -9999 -9999 -0.178 -0.174 -0.168 -0.164 -0.157 -0.15 -0.153 -0.157 -0.138 -0.117 -0.121 -0.127 -0.121 -0.117 -0.104 -9999 -0.081 -0.073 -0.059 -0.041 -0.007 0.036 0.049 0.059 0.07 0.079 0.093 0.103 0.121 0.14 0.144 0.141 0.143 0.139 0.146 0.159 0.169 0.176 0.173 0.178 0.188 0.192 0.218 0.227 0.232 0.232 0.244 0.253 0.25
-9999 -9999 -9999 -9999 -9999 -9999 -9999 -9999 -9999 -9999 -9999 -9999 -9999 -9999 -9999 -9999 -9999 -9999 -9999 -9999 -9999 -9999 -9999 -9999 -9999 -9999 -0.169 -0.17 -0.166 -0.162 -0.156 -0.149 -0.151 -0.153 -0.134 -0.114 -0.117 -0.123 -0.117 -9999 -9999 -0.089 -0.082 -0.074 -0.058 -0.042 -0.005 0.037 0.049 0.059 0.068 0.076 0.09 0.103 0.119 0.136 0.14 0.139 0.141 0.139 0.147 0.152 0.162 0.17 0.168 0.16 0.169 0.178 0.201 0.227 0.233 0.234 0.245 0.254 0.252
-9999 -9999 -9999 -9999 -9999 -9999 -9999 -9999 -9999 -9999 -9999 -9999 -9999 -9999 -9999 -9999 -9999 -9999 -9999 -9999 -9999 -9999 -9999 -9999 -9999 -9999 -0.16 -0.155 -0.157 -0.17 -0.16 -0.137 -0.139 -0.145 -0.132 -0.125 -9999 -9999 -9999 -9999 -9999 -0.079 -0.071 -0.06 -0.045 -0.03 0.004 0.038 0.049 0.058 0.067 0.072 0.073 0.077 0.101 0.122 0.138 0.144 0.144 0.141 0.152 0.159 0.161 0.165 0.181 0.186 0.188 0.193 0.202 0.219 0.227 0.23 0.244 0.256 0.259
-9999 -9999 -9999 -9999 -9999 -9999 -9999 -9999 -9999 -9999 -9999 -9999 -9999 -9999 -9999 -9999 -9999 -9999 -9999 -9999 -9999 -9999 -9999 -9999 -9999 -9999 -9999 -9999 -0.155 -0.173 -0.155 -0.133 -0.136 -0.141 -0.132 -9999 -9999 -9999 -9999 -0.091 -0.083 -0.073 -0.065 -0.054 -0.04 -0.025 0.004 0.037 0.047 0.055 0.062 0.068 0.068 0.065 0.087 0.113 0.127 0.141 0.141 0.137 0.147 0.156 0.159 0.157 0.173 0.189 0.193 0.193 0.202 0.209 0.217 0.221 0.235 0.249 0.252
-9999 -9999 -9999 -9999 -9999 -9999 -9999 -9999 -9999 -9999 -9999 -9999 -9999 -9999 -9999 -9999 -9999 -9999 -9999 -9999 -9999 -9999 -9999 -9999 -9999 -9999 -9999 -9999 -9999 -0.157 -0.144 -0.134 -0.132 -0.122 -9999 -9999 -9999 -9999 -0.09 -0.078 -0.073 -0.079 -0.067 -0.049 -0.036 -0.028 0.004 0.049 0.058 0.063 0.071 0.076 0.068 0.061 0.068 0.083 0.107 0.126 0.137 0.14 0.146 0.153 0.162 0.165 0.173 0.183 0.186 0.185 0.204 0.218 0.221 0.223 0.228 0.237 0.229
-9999 -9999 -9999 -9999 -9999 -9999 -9999 -9999 -9999 -9999 -9999 -9999 -9999 -9999 -9999 -9999 -9999 -9999 -9999 -9999 -9999 -9999 -9999 -9999 -9999 -9999 -9999 -9999 -9999 -9999 -9999 -9999 -9999 -9999 -9999 -9999 -9999 -0.087 -0.079 -0.073 -0.076 -0.081 -0.066 -0.047 -0.038 -0.03 0.008 0.05 0.057 0.063 0.071 0.076 0.069 0.057 0.064 0.069 0.091 0.116 0.127 0.136 0.143 0.147 0.155 0.162 0.17 0.175 0.178 0.177 0.195 0.214 0.217 0.216 0.221 0.224 0.217
-9999 -9999 -9999 -9999 -9999 -9999 -9999 -9999 -9999 -9999 -9999 -9999 -9999 -9999 -9999 -9999 -9999 -9999 -9999 -9999 -9999 -9999 -9999 -9999 -9999 -9999 -9999 -9999 -9999 -9999 -9999 -9999 -9999 -9999 -9999 -9999 -0.091 -0.084 -0.078 -0.075 -0.075 -0.071 -0.054 -0.032 -0.024 -0.02 0.008 0.023 0.039 0.075 0.081 0.079 0.08 0.073 0.087 0.097 0.101 0.115 0.121 0.127 0.14 0.148 0.16 0.169 0.172 0.174 0.172 0.169 0.196 0.219 0.227 0.229 0.216 0.209 0.214
-9999 -9999 -9999 -9999 -9999 -9999 -9999 -9999 -9999 -9999 -9999 -9999 -9999 -9999 -9999 -9999 -9999 -9999 -9999 -9999 -9999 -9999 -9999 -9999 -9999 -9999 -9999 -9999 -9999 -9999 -9999 -9999 -9999 -9999 -9999 -9999 -0.081 -0.083 -0.079 -0.077 -0.072 -0.067 -0.049 -0.027 -0.021 -0.018 -0.004 0.01 0.041 0.077 0.078 0.077 0.078 0.076 0.09 0.104 0.109 0.111 0.116 0.119 0.131 0.143 0.155 0.166 0.169 0.168 0.167 0.161 0.186 0.213 0.221 0.225 0.214 0.197 0.201
-9999 -9999 -9999 -9999 -9999 -9999 -9999 -9999 -9999 -9999 -9999 -9999 -9999 -9999 -9999 -9999 -9999 -9999 -9999 -9999 -9999 -9999 -9999 -0.185 -0.174 -0.154 -0.145 -9999 -0.126 -9999 -9999 -9999 -9999 -9999 -9999 -9999 -9999 -0.073 -0.071 -0.072 -0.061 -0.039 -0.027 -0.028 -0.022 -0.014 -0.003 0.005 0.027 0.036 0.059 0.07 0.079 0.082 0.084 0.091 0.105 0.113 0.115 0.116 0.126 0.136 0.151 0.163 0.175 0.18 0.179 0.175 0.184 0.201 0.205 0.209 0.214 0.206 0.199
-9999 -9999 -9999 -9999 -9999 -9999 -9999 -9999 -9999 -9999 -9999 -9999 -9999 -9999 -9999 -9999 -9999 -9999 -9999 -9999 -0.178 -0.17 -0.175 -0.181 -0.169 -0.153 -0.141 -0.129 -0.116 -0.099 -0.093 -9999 -9999 -0.085 -0.071 -0.061 -0.061 -0.071 -0.069 -0.07 -0.05 -0.029 -0.03 -0.031 -0.023 -0.015 -0.007 0.001 0.01 0.018 0.04 0.065 0.073 0.081 0.084 0.083 0.096 0.11 0.112 0.112 0.121 0.13 0.143 0.157 0.168 0.178 0.178 0.174 0.182 0.189 0.193 0.195 0.199 0.202 0.196
-9999 -9999 -9999 -9999 -9999 -9999 -9999 -9999 -9999 -9999 -9999 -9999 -9999 -9999 -9999 -9999 -9999 -9999 -9999 -0.186 -0.177 -0.172 -0.169 -0.157 -0.146 -0.145 -0.133 -0.127 -0.11 -0.091 -0.085 -0.084 -0.076 -0.063 -0.051 -0.05 -0.055 -0.064 -0.063 -0.065 -0.051 -0.044 -0.04 -0.027 -0.022 -0.025 -0.015 0.0 0.01 0.02 0.043 0.07 0.072 0.076 0.091 0.097 0.099 0.106 0.114 0.118 0.122 0.128 0.137 0.147 0.157 0.166 0.171 0.17 0.175 0.179 0.182 0.183 0.189 0.193 0.192
-9999 -9999 -9999 -9999 -9999 -9999 -9999 -9999 -9999 -9999 -9999 -9999 -9999 -9999 -9999 -9999 -9999 -9999 -9999 -0.185 -0.175 -0.173 -0.161 -0.148 -0.144 -0.141 -0.134 -0.126 -0.11 -0.089 -0.085 -0.083 -0.069 -0.055 -0.051 -0.05 -0.055 -0.063 -0.063 -0.065 -0.058 -0.051 -0.04 -0.027 -0.028 -0.031 -0.017 -0.001 0.009 0.019 0.043 0.069 0.072 0.072 0.085 0.099 0.102 0.102 0.11 0.117 0.121 0.124 0.132 0.139 0.148 0.156 0.16 0.161 0.166 0.169 0.171 0.171 0.177 0.182 0.181
-9999 -9999 -9999 -9999 -9999 -9999 -9999 -9999 -9999 -9999 -9999 -9999 -9999 -9999 -9999 -9999 -9999 -9999 -9999 -0.176 -0.174 -0.17 -0.158 -0.146 -0.14 -0.131 -0.122 -0.114 -0.098 -0.081 -0.074 -0.068 -0.061 -0.071 -0.067 -0.06 -0.061 -0.058 -0.056 -0.053 -0.048 -0.048 -0.042 -0.044 -0.043 -0.038 -0.02 0.007 0.015 0.016 0.041 0.07 0.072 0.071 0.08 0.09 0.098 0.1 0.112 0.122 0.121 0.12 0.124 0.127 0.136 0.142 0.155 0.16 0.158 0.158 0.154 0.15 0.157 0.162 0.17
-9999 -9999 -9999 -9999 -9999 -9999 -9999 -9999 -9999 -9999 -9999 -9999 -9999 -9999 -9999 -0.184 -0.189 -9999 -0.189 -0.171 -0.168 -0.168 -0.157 -0.146 -0.136 -0.127 -0.118 -0.109 -0.096 -0.078 -0.07 -0.063 -0.069 -0.079 -0.072 -0.066 -0.061 -0.057 -0.053 -0.05 -0.048 -0.048 -0.049 -0.051 -0.047 -0.041 -0.018 0.008 0.011 0.013 0.039 0.067 0.069 0.068 0.077 0.084 0.091 0.097 0.109 0.121 0.12 0.116 0.119 0.12 0.127 0.133 0.143 0.153 0.151 0.147 0.143 0.135 0.141 0.147 0.154
-9999 -9999 -9999 -9999 -9999 -9999 -9999 -9999 -9999 -9999 -9999 -9999 -9999 -9999 -9999 -0.185 -0.19 -0.196 -0.182 -0.171 -0.166 -0.155 -0.148 -0.149 -0.141 -0.133 -0.124 -0.112 -0.098 -0.082 -0.078 -0.083 -0.084 -0.075 -0.069 -0.065 -0.062 -0.063 -0.059 -0.054 -0.046 -0.03 -0.031 -0.038 -0.034 -0.034 -0.015 -0.003 0.003 0.011 0.029 0.03 0.056 0.069 0.077 0.084 0.083 0.083 0.097 0.109 0.115 0.115 0.118 0.119 0.118 0.118 0.124 0.131 0.114 0.099 0.094 0.084 0.114 0.133 0.139
-9999 -9999 -9999 -9999 -9999 -9999 -9999 -9999 -9999 -9999 -9999 -9999 -9999 -9999 -0.196 -0.185 -0.188 -0.194 -0.183 -0.172 -0.161 -0.149 -0.149 -0.149 -0.143 -0.136 -0.125 -0.114 -0.102 -0.087 -0.088 -0.093 -0.084 -0.075 -0.07 -0.066 -0.066 -0.067 -0.061 -0.056 -0.041 -0.024 -0.028 -0.034 -0.033 -0.032 -0.021 -0.009 0.0 0.009 0.013 0.014 0.039 0.066 0.074 0.081 0.08 0.076 0.09 0.103 0.108 0.112 0.115 0.114 0.112 0.108 0.113 0.118 0.1 0.077 0.071 0.062 0.089 0.122 0.127
-9999 -9999 -9999 -9999 -9999 -9999 -9999 -9999 -9999 -9999 -9999 -9999 -9999 -9999 -9999 -0.197 -0.198 -0.193 -0.181 -0.163 -0.152 -0.141 -0.139 -0.137 -0.13 -0.125 -0.118 -0.12 -0.11 -0.099 -0.097 -0.091 -0.076 -0.047 -0.049 -0.071 -0.07 -0.067 -0.053 -0.023 -0.013 -0.021 -0.023 -0.024 -0.025 -0.032 -0.023 -0.019 -0.008 0.006 0.009 0.01 0.016 0.032 0.037 0.041 0.069 0.081 0.085 -9999 0.095 0.097 0.098 0.096 0.087 0.078 0.099 0.112 0.085 0.056 0.066 0.067 0.08 0.102 0.09
-9999 -9999 -9999 -9999 -9999 -9999 -9999 -9999 -9999 -9999 -9999 -9999 -9999 -9999 -0.209 -0.202 -0.197 -0.193 -0.177 -0.16 -0.15 -0.139 -0.136 -0.135 -0.128 -0.122 -0.122 -0.125 -0.117 -0.106 -0.098 -0.092 -0.066 -0.038 -0.053 -0.074 -0.07 -0.068 -0.041 -0.011 -0.015 -0.022 -0.021 -0.022 -0.027 -0.033 -0.029 -0.024 -0.011 0.003 0.006 0.006 0.012 0.017 0.022 0.025 0.051 0.08 0.084 0.086 -9999 0.087 -9999 0.085 -9999 0.064 -9999 0.105 0.08 0.045 0.054 0.065 0.078 0.085 -9999
-9999 -9999 -9999 -9999 -9999 -9999 -9999 -9999 -9999 -9999 -9999 -9999 -9999 -9999 -0.21 -0.199 -0.193 -0.188 -0.175 -0.168 -0.154 -0.13 -0.126 -0.121 -0.118 -0.127 -0.127 -0.129 -0.121 -0.108 -0.097 -0.082 -0.07 -0.082 -0.087 -0.073 -0.068 -0.061 -0.043 -0.035 -0.034 -0.02 -0.021 -0.027 -0.031 -0.036 -0.029 -0.016 -0.008 -0.011 -0.006 0.004 0.007 0.011 0.014 0.016 0.022 0.037 0.05 0.054 -9999 -9999 0.067 0.06 -9999 -9999 0.054 0.063 0.06 -9999 -9999 -9999 -9999 -9999 -9999
-9999 -9999 -9999 -9999 -9999 -9999 -9999 -9999 -9999 -9999 -9999 -9999 -9999 -0.217 -0.208 -0.201 -0.194 -0.188 -0.181 -0.174 -0.153 -0.129 -0.123 -0.118 -0.124 -0.132 -0.132 -0.132 -0.123 -0.11 -0.095 -0.08 -0.088 -0.1 -0.087 -0.073 -0.066 -0.059 -0.052 -0.046 -0.034 -0.021 -0.024 -0.03 -0.032 -0.037 -0.026 -0.014 -0.014 -0.017 -0.007 0.003 0.006 0.009 0.011 0.012 0.018 -9999 -9999 -9999 0.045 -9999 -9999 -9999 -9999 -9999 -9999 0.031 -9999 -9999 -9999 -9999 -9999 -9999 -9999
-9999 -9999 -9999 -9999 -9999 -9999 -9999 -9999 -9999 -9999 -9999 -9999 -0.232 -0.221 -0.208 -0.19 -0.184 -0.181 -0.172 -0.162 -0.144 -0.134 -0.13 -0.129 -0.134 -0.142 -0.139 -0.133 -0.127 -0.123 -0.104 -0.078 -0.084 -0.094 -0.085 -9999 -9999 -9999 -9999 -9999 -0.053 -0.042 -0.047 -0.05 -0.051 -0.05 -0.041 -0.031 -0.027 -0.015 -9999 0.003 -9999 -9999 -9999 -9999 -9999 0.025 0.027 0.017 0.019 0.02 0.026 -9999 -9999 -9999 -9999 -9999 -9999 -9999 -9999 -9999 -9999 -9999 -9999
-9999 -9999 -9999 -9999 -9999 -9999 -9999 -9999 -9999 -9999 -9999 -0.25 -0.24 -0.225 -0.208 -0.189 -0.184 -0.181 -0.17 -0.159 -0.149 -0.139 -0.137 -0.136 -0.141 -0.148 -0.142 -0.136 -0.134 -0.131 -0.106 -0.079 -9999 -9999 -9999 -9999 -9999 -9999 -9999 -9999 -9999 -9999 -0.059 -0.058 -0.056 -0.054 -0.046 -0.037 -0.026 -0.016 -0.006 -9999 -9999 -9999 -9999 -9999 -9999 -9999 0.01 0.007 0.007 0.006 -9999 -9999 -9999 -9999 -9999 -9999 -9999 -9999 -9999 -9999 -9999 -9999 -9999
-9999 -9999 -9999 -9999 -9999 -9999 -9999 -9999 -9999 -0.23 -0.243 -0.226 -0.222 -0.229 -0.212 -0.194 -0.191 -0.191 -0.183 -0.178 -0.168 -0.157 -0.152 -0.141 -0.145 -0.152 -0.149 -0.153 -0.152 -0.15 -9999 -9999 -9999 -9999 -9999 -9999 -9999 -9999 -9999 -9999 -9999 -9999 -9999 -0.048 -9999 -9999 -9999 -9999 -9999 -0.009 -0.006 -9999 -9999 -9999 -9999 -9999 -9999 -9999 -9999 -9999 -0.003 -0.002 -9999 -9999 -9999 -9999 -9999 -9999 -9999 -9999 -9999 -9999 -9999 -9999 -9999
-9999 -9999 -9999 -9999 -9999 -9999 -9999 -9999 -0.214 -9999 -0.218 -0.215 -0.225 -0.234 -0.218 -0.2 -0.199 -0.199 -0.193 -0.188 -0.178 -0.168 -0.157 -0.145 -0.149 -0.155 -0.158 -0.162 -0.161 -0.16 -9999 -9999 -9999 -9999 -9999 -9999 -9999 -9999 -9999 -9999 -9999 -9999 -9999 -9999 -0.043 -9999 -9999 -9999 -9999 -9999 -9999 -9999 -9999 -9999 -9999 -9999 -9999 -9999 -9999 -9999 -9999 -9999 -9999 -9999 -9999 -9999 -9999 -9999 -9999 -9999 -9999 -9999 -9999 -9999 -9999
-9999 -9999 -9999 -9999 -9999 -9999 -9999 -0.2 -0.208 -0.222 -0.222 -0.224 -0.23 -0.223 -0.216 -0.221 -0.217 -0.211 -0.201 -9999 -0.18 -0.186 -0.176 -0.167 -0.164 -0.148 -0.149 -0.151 -0.153 -9999 -9999 -9999 -9999 -9999 -9999 -9999 -9999 -9999 -9999 -9999 -9999 -9999 -9999 -9999 -9999 -9999 -9999 -9999 -9999 -9999 -9999 -9999 -9999 -9999 -9999 -9999 -9999 -9999 -9999 -9999 -9999 -9999 -9999 -9999 -9999 -9999 -9999 -9999 -9999 -9999 -9999 -9999 -9999 -9999 -9999
-9999 -9999 -9999 -9999 -9999 -9999 -9999 -0.195 -0.206 -0.223 -0.224 -0.226 -0.224 -0.219 -0.228 -0.234 -0.226 -0.22 -0.204 -0.187 -0.19 -0.196 -0.187 -0.178 -0.164 -0.148 -0.148 -0.149 -0.157 -9999 -9999 -9999 -9999 -9999 -9999 -9999 -9999 -9999 -9999 -9999 -9999 -9999 -9999 -9999 -9999 -9999 -9999 -9999 -9999 -9999 -9999 -9999 -9999 -9999 -9999 -9999 -9999 -9999 -9999 -9999 -9999 -9999 -9999 -9999 -9999 -9999 -9999 -9999 -9999 -9999 -9999 -9999 -9999 -9999 -9999
-9999 -9999 -9999 -9999 -9999 -9999 -0.195 -0.207 -0.21 -0.193 -0.197 -0.214 -0.214 -0.221 -0.231 -0.241 -0.231 -0.208 -0.197 -0.201 -0.206 -0.217 -0.206 -0.185 -0.171 -0.155 -0.154 -0.15 -9999 -9999 -9999 -9999 -9999 -9999 -9999 -9999 -9999 -9999 -9999 -9999 -9999 -9999 -9999 -9999 -9999 -9999 -9999 -9999 -9999 -9999 -9999 -9999 -9999 -9999 -9999 -9999 -9999 -9999 -9999 -9999 -9999 -9999 -9999 -9999 -9999 -9999 -9999 -9999 -9999 -9999 -9999 -9999 -9999 -9999 -9999
