Validation/Results/raw data/ReClimate_12_2023_2weatherlogisticsltd.asc
NCOLS 192
NROWS 249
XLLCENTER -225160.85627316462
YLLCENTER 29788.11610251502
CELLSIZE 5000.0
NODATA_VALUE -9999
[rows 198 to 230 of 249, columns 75 to 149 of 192]
-9999 -9999 -9999 -9999 -9999 -9999 -9999 -9999 -9999 -9999 -9999 -9999 -9999 -9999 -9999 -9999 -9999 108.313 110.877 111.149 110.689 110.276 109.161 108.072 108.504 109.216 109.308 109.036 110.074 110.81 111.298 111.68 111.03 110.686 111.271 112.46 112.821 112.872 113.081 113.204 113.587 114.118 114.261 114.405 114.552 114.698 114.657 114.605 114.5 114.31 114.942 115.511 115.847 116.195 116.392 116.64 116.984 117.233 117.442 117.656 117.887 118.103 118.307 118.509 118.699 118.896 119.104 119.325 119.491 119.587 119.577 119.562 119.192 118.851 118.632
-9999 -9999 -9999 -9999 -9999 -9999 -9999 -9999 -9999 -9999 -9999 -9999 -9999 -9999 108.229 106.685 107.24 110.994 111.137 111.407 110.94 110.283 109.506 108.548 109.128 109.63 109.932 111.045 111.248 110.668 110.91 110.965 111.107 111.545 112.637 113.745 113.642 113.258 113.245 112.998 113.444 113.734 113.983 114.311 114.545 114.952 114.673 113.924 114.119 114.956 115.257 115.619 115.55 115.861 116.527 116.922 117.137 117.369 117.56 117.744 117.924 118.115 118.295 118.476 118.66 118.851 119.053 119.244 119.362 119.403 119.425 119.42 119.404 119.153 119.114
-9999 -9999 -9999 -9999 -9999 -9999 -9999 -9999 -9999 -9999 -9999 -9999 110.51 110.075 109.526 109.337 110.825 111.233 111.457 111.744 111.32 111.111 110.37 109.759 110.07 110.603 111.001 110.34 110.347 111.264 111.549 112.276 112.48 112.287 112.813 112.572 112.683 114.011 113.705 113.158 113.441 113.725 113.967 114.119 114.579 115.24 114.693 114.185 114.788 115.19 115.594 115.883 115.75 115.824 116.556 117.212 117.385 117.525 117.659 117.797 117.94 118.102 118.275 118.449 118.629 118.813 119.006 119.135 119.204 119.222 119.238 119.248 119.233 119.197 119.163
-9999 -9999 -9999 -9999 -9999 -9999 -9999 -9999 111.466 110.619 110.625 110.632 110.923 110.062 110.163 110.621 111.023 111.16 111.273 111.184 110.954 110.756 109.997 109.378 110.326 112.229 111.512 110.425 111.277 112.376 112.835 113.094 113.067 113.424 112.638 110.338 111.562 113.551 113.406 113.814 114.146 114.686 114.61 114.178 114.691 115.058 114.909 115.204 115.231 114.665 115.575 116.24 116.563 116.743 116.976 117.396 117.534 117.656 117.389 117.372 117.526 117.962 118.274 118.43 118.598 118.776 118.921 119.01 118.769 118.665 118.738 118.524 118.463 118.38 118.315
-9999 -9999 -9999 -9999 -9999 -9999 -9999 110.931 111.314 110.747 110.912 111.412 111.179 111.499 111.936 112.295 112.367 112.096 111.987 111.6 111.49 111.206 110.889 110.763 111.62 111.119 110.534 110.467 111.258 111.879 112.299 113.105 113.534 114.127 113.11 113.439 114.421 114.234 114.515 114.569 114.972 115.245 114.881 114.46 114.729 114.88 115.158 115.461 115.113 114.928 115.648 116.708 116.942 117.256 117.42 117.552 117.655 117.762 117.581 117.239 117.385 117.503 118.136 118.451 118.596 118.735 118.822 118.861 118.704 118.227 118.127 118.068 117.956 118.058 117.995
-9999 -9999 -9999 -9999 -9999 -9999 111.121 111.869 111.606 111.26 111.626 112.01 112.288 112.681 112.97 113.206 113.103 113.1 112.97 112.85 112.7 112.815 112.8 112.883 112.189 110.841 109.882 107.566 108.259 109.352 110.474 112.45 112.847 113.099 113.522 114.576 114.416 114.414 114.167 113.309 114.076 115.555 115.089 114.369 114.616 115.059 115.288 115.523 115.693 116.371 116.7 116.622 116.951 116.906 117.373 117.713 117.795 117.879 117.695 117.431 117.081 117.018 117.682 118.423 118.626 118.7 118.726 118.718 118.717 118.614 117.767 117.26 117.937 118.392 117.759
-9999 -9999 -9999 -9999 111.52 -9999 112.035 112.312 112.033 111.595 111.841 111.818 112.31 113.281 113.484 113.639 113.699 113.841 113.6 112.829 112.909 113.058 113.056 112.972 112.18 111.914 110.841 111.664 112.12 111.681 112.979 113.667 113.831 113.696 114.344 114.434 114.542 114.82 114.302 114.194 115.254 115.849 115.414 115.225 115.555 115.749 115.793 115.541 116.205 117.028 117.064 116.976 117.326 117.138 117.331 117.867 117.945 118.022 117.838 117.506 116.999 116.025 116.948 118.097 118.505 118.649 118.635 118.612 118.584 118.563 118.217 117.615 117.835 118.451 118.032
-9999 -9999 -9999 -9999 -9999 -9999 -9999 -9999 111.856 112.16 112.252 112.451 113.149 113.683 113.841 113.983 114.111 114.231 113.71 113.173 113.195 113.162 112.94 112.577 111.844 110.251 111.532 114.033 113.255 111.748 112.432 113.416 112.884 111.184 112.292 115.048 115.146 115.082 115.147 115.389 115.419 114.554 114.539 114.684 115.132 116.05 115.93 115.921 116.534 116.989 117.093 117.419 117.63 117.717 117.2 117.224 117.237 117.318 117.741 117.706 117.696 117.247 117.046 117.998 118.357 118.568 118.546 118.519 118.486 118.444 118.4 118.174 118.154 118.292 118.224
-9999 -9999 -9999 -9999 -9999 -9999 -9999 -9999 112.379 112.388 112.613 112.815 113.311 114.008 114.152 114.282 114.4 114.299 113.476 113.476 113.446 113.418 113.112 112.785 111.337 109.702 111.063 111.217 110.458 110.615 111.717 113.552 112.439 111.98 113.925 115.132 115.15 115.485 115.547 115.217 114.758 115.205 115.302 115.378 115.986 116.28 116.19 115.92 116.484 117.234 117.478 117.655 117.791 117.904 117.666 117.19 117.149 117.024 117.397 117.73 117.695 117.755 117.763 118.076 118.048 118.362 118.495 118.462 118.423 118.355 118.313 118.27 118.228 118.178 118.117
-9999 -9999 -9999 -9999 -9999 -9999 112.806 112.893 112.996 113.2 -9999 113.324 113.813 114.329 114.46 114.578 114.591 -9999 114.188 114.153 114.173 114.104 113.894 113.448 112.661 112.797 112.657 112.218 111.914 110.725 112.485 114.774 114.401 114.16 114.953 115.187 115.388 115.733 115.164 113.845 114.392 115.267 115.562 116.355 116.442 116.098 116.135 116.667 117.204 117.545 117.681 117.794 117.992 118.138 117.955 117.541 117.665 117.712 117.587 117.645 116.994 116.561 117.696 118.447 118.043 117.246 118.012 118.431 118.388 118.339 118.272 118.229 118.159 118.093 118.033
-9999 -9999 -9999 -9999 -9999 -9999 113.037 -9999 -9999 -9999 113.672 113.732 114.158 -9999 -9999 -9999 -9999 -9999 114.483 114.263 114.265 114.411 114.169 114.05 114.126 114.061 113.442 112.45 112.196 113.506 114.874 115.216 115.067 114.936 115.214 115.54 115.794 115.932 115.161 114.729 115.182 115.259 115.853 116.487 116.184 115.785 116.411 117.417 117.65 117.762 117.864 117.946 118.124 118.329 117.779 117.217 117.409 117.684 117.622 117.679 117.009 116.328 117.274 118.625 117.991 117.282 116.493 117.821 118.359 118.308 118.254 118.198 118.126 118.035 117.959
-9999 -9999 -9999 -9999 -9999 -9999 -9999 -9999 113.856 113.986 114.081 114.128 114.502 -9999 -9999 -9999 -9999 -9999 -9999 -9999 -9999 114.771 114.851 115.276 115.293 115.218 114.478 113.839 114.493 114.851 115.008 115.011 115.168 115.578 115.762 115.631 115.799 116.139 115.864 115.574 115.648 115.706 116.358 117.126 116.97 117.152 117.568 117.244 117.402 117.684 118.058 118.276 118.067 117.752 118.232 118.23 117.85 117.846 117.38 117.239 117.09 116.536 116.564 117.397 118.164 118.14 116.404 116.849 118.323 118.275 118.225 118.167 118.094 118.003 117.904
-9999 -9999 -9999 -9999 -9999 -9999 -9999 -9999 -9999 113.999 -9999 -9999 -9999 -9999 -9999 -9999 -9999 -9999 -9999 115.298 115.275 115.047 115.317 115.414 115.224 114.665 114.529 114.84 114.837 114.678 114.821 115.372 115.753 116.142 115.98 115.608 115.892 116.135 116.091 116.253 116.268 116.255 -9999 117.388 117.591 117.924 117.606 117.242 117.467 117.659 118.072 118.51 118.02 117.483 117.976 118.751 118.383 117.825 117.018 116.705 116.662 116.351 116.429 117.551 118.088 118.505 117.926 116.278 117.863 118.248 118.197 118.136 118.061 117.97 116.006
-9999 -9999 -9999 -9999 -9999 -9999 -9999 -9999 -9999 -9999 -9999 -9999 -9999 -9999 -9999 -9999 -9999 -9999 -9999 115.676 115.732 116.154 115.787 -9999 -9999 -9999 115.923 115.806 115.987 116.761 116.931 116.683 116.899 116.992 116.825 116.866 117.009 117.067 117.19 117.273 117.36 -9999 117.953 117.955 117.932 117.352 117.166 117.38 117.511 117.722 117.97 117.489 117.561 117.199 117.172 117.486 118.285 118.49 118.39 117.965 118.194 118.043 117.97 118.035 118.268 118.142 118.216 117.682 117.617 118.231 118.17 116.269 115.083 115.45 115.518
-9999 -9999 -9999 -9999 -9999 -9999 -9999 -9999 -9999 -9999 -9999 -9999 -9999 -9999 -9999 -9999 -9999 -9999 -9999 -9999 -9999 -9999 -9999 -9999 -9999 -9999 115.255 112.65 113.422 114.99 115.344 116.685 116.824 117.113 117.134 117.09 117.131 117.111 116.443 -9999 -9999 117.779 117.974 118.391 117.932 117.441 117.485 117.427 117.534 117.586 117.456 117.254 117.336 117.792 117.879 117.619 117.954 118.812 118.791 118.747 118.749 118.758 118.707 118.65 118.126 117.444 117.437 117.24 117.102 115.743 115.072 114.76 113.231 112.875 112.821
-9999 -9999 -9999 -9999 -9999 -9999 -9999 -9999 -9999 -9999 -9999 -9999 -9999 -9999 -9999 -9999 -9999 -9999 -9999 -9999 -9999 -9999 -9999 -9999 -9999 -9999 116.317 115.047 115.956 116.167 116.987 117.282 117.505 117.664 116.954 115.278 -9999 -9999 -9999 -9999 -9999 118.29 118.311 117.681 117.471 117.546 117.708 118.463 118.31 117.898 117.625 117.151 116.958 117.261 118.399 118.774 117.726 118.017 118.272 117.871 118.018 118.186 118.456 118.58 118.077 117.156 117.42 117.601 117.156 115.647 114.196 114.054 113.404 113.093 113.172
-9999 -9999 -9999 -9999 -9999 -9999 -9999 -9999 -9999 -9999 -9999 -9999 -9999 -9999 -9999 -9999 -9999 -9999 -9999 -9999 -9999 -9999 -9999 -9999 -9999 -9999 -9999 -9999 116.697 116.071 116.407 116.896 117.115 117.507 116.057 -9999 -9999 -9999 -9999 116.312 118.597 118.816 118.374 118.02 118.058 117.863 118.435 119.059 118.65 118.139 117.888 117.869 117.93 117.63 118.363 119.062 118.646 117.616 117.738 117.79 117.803 118.033 118.241 118.553 117.19 116.362 117.051 117.889 117.616 115.379 113.758 113.729 113.079 113.481 113.869
-9999 -9999 -9999 -9999 -9999 -9999 -9999 -9999 -9999 -9999 -9999 -9999 -9999 -9999 -9999 -9999 -9999 -9999 -9999 -9999 -9999 -9999 -9999 -9999 -9999 -9999 -9999 -9999 -9999 117.136 117.365 117.265 117.662 118.059 -9999 -9999 -9999 -9999 115.941 118.663 118.893 119.128 118.955 119.007 118.745 118.226 118.617 118.729 118.407 118.262 117.846 117.781 118.312 118.141 118.077 118.23 118.202 117.586 117.627 117.832 117.875 117.858 117.869 117.976 116.978 115.878 115.776 116.288 116.998 117.108 114.405 113.464 112.664 113.025 113.358
-9999 -9999 -9999 -9999 -9999 -9999 -9999 -9999 -9999 -9999 -9999 -9999 -9999 -9999 -9999 -9999 -9999 -9999 -9999 -9999 -9999 -9999 -9999 -9999 -9999 -9999 -9999 -9999 -9999 -9999 -9999 -9999 -9999 -9999 -9999 -9999 -9999 115.463 118.018 118.928 119.132 119.329 119.375 119.399 118.92 118.336 118.348 118.229 118.134 117.894 117.677 117.51 117.979 118.111 118.084 117.882 117.812 117.923 117.972 118.226 118.171 118.108 118.095 118.185 117.539 116.427 116.07 116.07 116.778 117.154 115.502 113.802 113.253 113.069 113.188
-9999 -9999 -9999 -9999 -9999 -9999 -9999 -9999 -9999 -9999 -9999 -9999 -9999 -9999 -9999 -9999 -9999 -9999 -9999 -9999 -9999 -9999 -9999 -9999 -9999 -9999 -9999 -9999 -9999 -9999 -9999 -9999 -9999 -9999 -9999 -9999 119.073 118.736 119.215 119.124 119.039 118.661 118.862 119.337 118.894 118.454 118.467 118.826 118.801 118.993 118.834 118.787 118.248 118.041 118.699 118.858 118.036 117.764 117.959 118.04 118.078 118.088 118.073 118.088 117.937 117.494 117.162 117.093 117.259 117.251 114.681 112.449 111.182 110.572 109.549
-9999 -9999 -9999 -9999 -9999 -9999 -9999 -9999 -9999 -9999 -9999 -9999 -9999 -9999 -9999 -9999 -9999 -9999 -9999 -9999 -9999 -9999 -9999 -9999 -9999 -9999 -9999 -9999 -9999 -9999 -9999 -9999 -9999 -9999 -9999 -9999 118.476 119.472 119.423 119.281 118.976 118.755 119.133 119.571 119.278 119.099 119.242 119.117 119.335 119.549 119.495 119.428 118.599 117.732 118.611 119.31 118.717 117.866 118.019 118.012 118.036 118.164 118.168 118.185 118.034 118.062 117.899 117.894 117.889 117.516 117.283 115.67 114.613 112.873 111.916
-9999 -9999 -9999 -9999 -9999 -9999 -9999 -9999 -9999 -9999 -9999 -9999 -9999 -9999 -9999 -9999 -9999 -9999 -9999 -9999 -9999 -9999 -9999 117.122 117.14 118.236 118.312 -9999 118.487 -9999 -9999 -9999 -9999 -9999 -9999 -9999 -9999 119.222 119.32 119.68 119.562 119.539 119.704 119.504 119.367 119.413 119.181 118.76 118.885 118.962 119.006 118.866 118.12 117.274 118.081 119.143 119.139 118.69 118.631 118.645 118.154 118.008 116.56 115.488 115.738 116.084 117.21 117.774 118.095 118.07 117.017 115.228 114.05 112.618 112.471
-9999 -9999 -9999 -9999 -9999 -9999 -9999 -9999 -9999 -9999 -9999 -9999 -9999 -9999 -9999 -9999 -9999 -9999 -9999 -9999 118.312 119.12 118.49 117.534 117.721 118.54 118.612 118.713 118.663 118.575 118.622 -9999 -9999 117.191 116.732 116.594 117.551 119.189 119.55 119.959 119.878 119.64 119.387 118.862 118.917 119.213 119.029 119.167 119.138 118.921 118.972 118.839 118.034 117.329 118.069 118.98 118.979 118.724 118.728 118.921 118.629 118.239 117.198 116.034 116.241 116.413 116.928 117.89 118.078 118.324 117.652 115.229 113.32 112.542 112.365
-9999 -9999 -9999 -9999 -9999 -9999 -9999 -9999 -9999 -9999 -9999 -9999 -9999 -9999 -9999 -9999 -9999 -9999 -9999 116.607 118.05 118.765 118.285 118.025 118.401 118.774 118.76 118.729 118.618 118.503 118.513 118.366 117.907 117.936 117.714 117.98 119.171 119.879 120.114 120.121 119.983 119.948 119.602 119.321 119.337 118.945 118.984 119.219 119.014 118.848 118.953 118.791 118.642 118.34 118.329 118.82 118.896 118.732 119.001 119.276 118.856 118.387 118.07 117.359 117.609 117.732 117.281 117.437 117.068 117.011 117.342 115.963 114.332 113.797 112.631
-9999 -9999 -9999 -9999 -9999 -9999 -9999 -9999 -9999 -9999 -9999 -9999 -9999 -9999 -9999 -9999 -9999 -9999 -9999 116.314 118.901 118.151 118.148 118.244 118.362 118.609 118.415 118.458 118.5 118.884 118.942 119.326 119.267 118.952 119.145 119.188 119.742 120.234 120.234 120.235 120.202 120.133 119.776 119.157 118.937 118.898 118.965 118.846 118.832 119.295 119.128 119.018 118.931 118.97 118.917 118.836 118.901 118.986 119.181 119.551 118.908 118.501 118.312 118.052 118.193 118.248 117.965 117.649 117.258 116.666 116.887 114.922 112.958 112.947 111.812
-9999 -9999 -9999 -9999 -9999 -9999 -9999 -9999 -9999 -9999 -9999 -9999 -9999 -9999 -9999 -9999 -9999 -9999 -9999 118.137 118.544 118.204 118.608 119.255 119.377 119.338 119.389 119.567 119.639 119.33 119.647 119.886 119.665 119.544 119.719 120.093 120.344 120.338 120.167 119.627 119.677 120.303 119.787 119.142 119.172 119.408 119.306 119.223 119.451 119.623 119.294 118.776 119.361 119.738 119.162 118.817 118.801 118.862 119.287 119.637 117.459 116.733 118.034 118.313 118.355 118.382 118.228 117.962 117.887 117.587 117.345 114.88 111.822 111.696 112.459
-9999 -9999 -9999 -9999 -9999 -9999 -9999 -9999 -9999 -9999 -9999 -9999 -9999 -9999 -9999 114.631 115.885 -9999 114.724 119.208 119.118 119.245 119.736 119.862 119.561 118.787 119.036 119.741 119.523 119.472 119.599 119.591 119.496 119.503 119.917 120.455 120.449 120.442 120.066 119.662 120.106 120.451 119.961 119.391 119.472 119.334 119.32 119.386 119.433 119.431 119.476 118.985 119.385 120.041 119.583 119.062 119.049 119.025 119.319 119.724 118.434 116.66 117.809 118.498 118.516 118.412 118.269 118.197 118.162 117.99 117.835 115.375 112.289 112.191 112.835
-9999 -9999 -9999 -9999 -9999 -9999 -9999 -9999 -9999 -9999 -9999 -9999 -9999 -9999 -9999 118.347 116.813 117.472 119.318 118.932 119.252 119.769 119.734 119.333 119.261 119.973 120.348 120.395 120.366 120.379 120.333 120.316 120.279 120.259 120.419 120.312 120.51 120.546 120.15 119.499 119.735 119.876 119.776 120.242 119.984 119.365 119.448 119.458 119.39 119.302 119.524 119.626 119.271 119.501 119.271 118.962 119.215 119.252 119.472 119.812 119.759 118.95 119.032 119.318 118.775 118.431 118.095 118.055 118.016 117.724 117.844 114.583 109.595 108.701 110.187
-9999 -9999 -9999 -9999 -9999 -9999 -9999 -9999 -9999 -9999 -9999 -9999 -9999 -9999 113.321 118.826 119.256 119.595 119.366 119.469 119.805 119.913 119.748 119.814 120.39 120.811 120.844 120.846 120.837 120.805 120.763 120.727 120.697 120.64 120.509 120.524 120.597 120.649 120.208 119.942 120.025 119.985 120.349 120.62 120.179 119.821 119.798 119.6 119.495 119.484 119.683 119.841 119.635 119.437 119.25 119.069 119.268 119.369 119.572 119.903 119.851 119.794 119.725 119.64 119.105 118.635 118.434 118.109 118.048 117.622 117.791 116.227 112.529 109.845 110.049
-9999 -9999 -9999 -9999 -9999 -9999 -9999 -9999 -9999 -9999 -9999 -9999 -9999 -9999 -9999 120.311 120.49 120.527 120.408 119.981 120.057 120.143 120.366 120.803 121.033 121.016 120.994 120.974 120.956 120.926 120.884 120.843 120.563 119.834 119.825 120.002 119.978 119.831 119.746 119.812 119.749 119.621 120.012 120.674 120.478 120.452 120.143 119.497 119.59 119.865 119.826 119.901 119.927 119.806 119.699 119.614 119.786 119.969 119.637 -9999 118.631 117.925 118.718 119.298 118.912 118.767 119.115 119.0 118.484 117.756 118.044 118.012 115.999 114.475 112.613
-9999 -9999 -9999 -9999 -9999 -9999 -9999 -9999 -9999 -9999 -9999 -9999 -9999 -9999 118.765 120.98 121.015 121.034 120.626 120.137 120.203 120.373 120.753 121.118 121.144 121.148 121.122 121.102 121.084 121.055 121.01 120.968 120.093 118.749 119.09 119.858 119.755 119.605 119.727 120.239 120.155 120.074 120.523 120.741 120.726 120.739 120.267 119.852 120.02 120.055 120.035 120.015 120.018 119.905 119.824 119.805 120.025 120.239 119.944 119.538 -9999 115.986 -9999 118.79 -9999 116.9 -9999 119.294 117.687 116.229 117.522 116.866 114.473 112.989 -9999
-9999 -9999 -9999 -9999 -9999 -9999 -9999 -9999 -9999 -9999 -9999 -9999 -9999 -9999 119.56 119.725 120.065 121.085 120.357 119.02 119.347 120.113 120.186 119.969 120.047 120.109 120.444 121.242 121.224 121.194 121.147 121.103 120.351 120.322 120.706 120.71 120.62 120.571 120.801 120.711 120.694 120.797 120.851 120.671 120.739 120.911 120.68 120.661 120.544 120.183 120.204 120.185 120.289 120.238 120.097 120.081 120.059 120.081 119.991 119.661 -9999 -9999 116.021 118.017 -9999 -9999 117.403 118.201 118.041 -9999 -9999 -9999 -9999 -9999 -9999
-9999 -9999 -9999 -9999 -9999 -9999 -9999 -9999 -9999 -9999 -9999 -9999 -9999 115.811 119.76 119.74 120.49 121.083 119.818 118.229 119.057 120.313 120.218 120.498 120.497 120.309 120.978 121.359 121.38 121.349 121.298 121.249 121.201 121.161 121.129 121.105 121.088 121.076 120.705 119.801 120.149 121.059 120.911 120.774 120.923 121.042 121.038 121.021 120.703 120.384 120.346 120.253 120.347 120.376 120.227 120.14 117.241 -9999 -9999 -9999 116.353 -9999 -9999 -9999 -9999 -9999 -9999 117.905 -9999 -9999 -9999 -9999 -9999 -9999 -9999
