Validation/Results/raw data/ReClimate_01_2024_1.asc
NCOLS 192
NROWS 249
XLLCENTER -225160.85627316462
YLLCENTER 29788.11610251502
CELLSIZE 5000.0
NODATA_VALUE -9999
[rows 165 to 197 of 249, columns 75 to 149 of 192]
-9999 -9999 -9999 -9999 -9999 -9999 -9999 -9999 -9999 -9999 -9999 -9999 -9999 -9999 -9999 -9999 -9999 -9999 -9999 -9999 -9999 -9999 -9999 -9999 -9999 -9999 -9999 -9999 -9999 -9999 -9999 -9999 -9999 -9999 -9999 -9999 -9999 103.829 104.123 104.857 102.722 102.643 103.21 101.615 102.592 105.218 105.34 105.451 105.553 105.648 105.738 105.824 105.907 105.99 106.073 106.157 106.243 106.331 106.421 106.513 106.603 106.693 106.782 106.872 106.961 107.036 107.105 107.175 107.244 107.314 107.386 107.459 107.537 107.624 -9999
-9999 -9999 -9999 -9999 -9999 -9999 -9999 -9999 -9999 -9999 -9999 -9999 -9999 -9999 -9999 -9999 -9999 -9999 -9999 -9999 -9999 -9999 -9999 -9999 -9999 -9999 -9999 -9999 -9999 -9999 -9999 -9999 -9999 -9999 -9999 -9999 -9999 103.272 103.937 104.873 104.807 104.787 102.631 99.811 100.935 101.554 105.268 105.379 105.482 105.579 105.67 105.757 105.841 105.924 106.006 106.089 106.172 106.258 106.344 106.43 106.515 106.599 106.684 106.772 106.861 106.946 107.018 107.086 107.153 107.221 107.29 107.364 107.444 107.53 107.625
-9999 -9999 -9999 -9999 -9999 -9999 -9999 -9999 -9999 -9999 -9999 -9999 -9999 -9999 -9999 -9999 -9999 -9999 -9999 -9999 -9999 -9999 -9999 -9999 -9999 -9999 -9999 -9999 -9999 -9999 -9999 -9999 -9999 -9999 -9999 -9999 103.364 104.36 104.866 104.891 104.872 104.941 103.358 103.095 102.574 104.02 104.385 105.306 105.411 105.509 105.602 105.69 105.775 105.858 105.939 106.021 106.102 106.184 106.265 106.346 106.427 106.509 106.592 106.677 106.763 106.852 106.932 107.0 107.065 107.134 107.206 107.288 107.382 107.48 107.584
-9999 -9999 -9999 -9999 -9999 -9999 -9999 -9999 -9999 -9999 -9999 -9999 -9999 -9999 -9999 -9999 -9999 -9999 -9999 -9999 -9999 -9999 -9999 -9999 -9999 -9999 -9999 -9999 -9999 -9999 -9999 -9999 -9999 -9999 -9999 -9999 104.815 104.85 104.879 104.906 104.929 104.959 104.616 104.026 103.145 101.356 101.701 102.379 105.338 105.438 105.533 105.623 105.709 105.792 105.873 105.953 106.03 106.108 106.185 106.263 106.343 106.423 106.504 106.587 106.671 106.757 106.844 106.92 107.0 107.087 107.178 107.27 107.369 107.473 107.581
-9999 -9999 -9999 -9999 -9999 -9999 -9999 -9999 -9999 -9999 -9999 -9999 -9999 -9999 -9999 -9999 -9999 -9999 -9999 -9999 -9999 -9999 -9999 -9999 -9999 -9999 -9999 -9999 -9999 -9999 -9999 -9999 -9999 -9999 -9999 -9999 -9999 104.859 104.888 104.915 104.941 104.978 104.691 104.732 103.804 103.838 103.66 105.217 105.281 105.366 105.463 105.555 105.642 105.726 105.805 105.881 105.956 106.03 106.106 106.183 106.262 106.341 106.42 106.501 106.585 106.673 106.779 106.889 106.984 107.081 107.179 107.278 107.379 107.483 107.593
-9999 -9999 -9999 -9999 -9999 -9999 -9999 -9999 -9999 -9999 -9999 -9999 -9999 -9999 -9999 -9999 -9999 91.515 97.863 -9999 -9999 -9999 -9999 -9999 -9999 -9999 -9999 -9999 -9999 -9999 -9999 -9999 -9999 -9999 -9999 -9999 104.836 104.868 104.896 104.923 104.951 104.991 105.039 105.081 105.12 105.155 105.186 105.221 104.517 103.2 105.399 105.489 105.575 105.656 105.735 105.808 105.88 105.953 106.028 106.107 106.187 106.268 106.349 106.431 106.53 106.641 106.755 106.881 106.994 107.094 107.192 107.292 107.393 107.498 107.609
-9999 -9999 -9999 -9999 -9999 -9999 -9999 -9999 -9999 -9999 -9999 -9999 -9999 -9999 -9999 -9999 -9999 100.904 104.174 102.73 -9999 -9999 -9999 -9999 -9999 -9999 -9999 -9999 -9999 -9999 -9999 -9999 -9999 -9999 -9999 104.81 104.845 104.876 104.905 104.931 104.962 105.004 105.05 105.095 105.136 105.173 105.208 105.242 104.162 105.326 105.074 105.028 105.522 105.602 105.678 105.751 105.82 105.892 105.97 106.049 106.129 106.209 106.3 106.404 106.514 106.633 106.756 106.881 107.004 107.11 107.209 107.309 107.411 107.518 107.63
-9999 -9999 -9999 -9999 -9999 -9999 -9999 -9999 -9999 -9999 -9999 -9999 -9999 -9999 -9999 -9999 104.334 104.618 103.359 101.991 103.283 -9999 -9999 -9999 -9999 -9999 -9999 -9999 -9999 -9999 -9999 -9999 104.719 -9999 -9999 104.819 104.853 104.884 104.913 104.94 -9999 105.016 105.063 105.107 105.149 105.189 105.227 105.268 105.308 105.348 103.872 103.36 105.384 105.557 105.633 105.706 105.776 105.847 105.924 106.002 106.081 106.177 106.284 106.398 106.517 106.637 106.76 106.885 107.014 107.129 107.23 107.331 107.434 107.542 107.656
-9999 -9999 -9999 -9999 -9999 -9999 -9999 -9999 -9999 -9999 -9999 -9999 -9999 -9999 -9999 -9999 104.043 102.101 101.192 100.687 102.328 104.757 104.746 -9999 -9999 -9999 104.227 101.74 -9999 103.151 104.704 104.704 104.715 104.75 -9999 -9999 104.859 104.89 -9999 -9999 104.981 105.027 105.073 105.118 105.16 105.202 105.246 105.291 104.244 101.181 101.971 102.31 105.284 104.461 104.965 105.664 105.737 105.809 105.883 105.963 106.062 106.169 106.286 106.404 106.523 106.644 106.767 106.892 107.022 107.148 107.255 107.357 107.461 107.57 107.687
-9999 -9999 -9999 -9999 -9999 -9999 -9999 -9999 -9999 -9999 -9999 -9999 -9999 -9999 -9999 -9999 -9999 100.728 100.415 100.295 102.415 104.743 -9999 -9999 104.725 104.615 103.473 102.998 103.407 104.696 104.696 104.697 104.715 104.755 104.794 -9999 104.864 104.896 104.927 104.958 104.996 105.044 105.092 105.136 105.179 105.22 105.264 105.312 102.734 99.964 101.224 103.093 104.285 103.726 103.985 105.643 105.701 105.77 105.851 105.95 106.059 106.177 106.295 106.413 106.532 106.653 106.776 106.903 107.034 107.168 107.284 107.386 107.492 107.604 107.724
-9999 -9999 -9999 -9999 -9999 -9999 -9999 -9999 -9999 -9999 -9999 -9999 -9999 -9999 -9999 -9999 -9999 98.703 97.957 97.949 97.422 92.526 92.241 91.465 93.607 99.588 99.878 101.396 101.422 100.813 101.833 104.694 104.721 104.761 104.803 104.849 104.892 104.931 104.967 105.001 105.04 105.088 105.135 105.179 105.097 104.785 104.879 105.067 102.811 100.528 102.396 103.774 103.834 103.288 103.291 104.51 104.317 103.3 104.62 105.868 106.068 106.186 106.304 106.423 106.542 106.664 106.788 106.916 107.048 107.186 107.313 107.419 107.527 107.642 107.773
-9999 -9999 -9999 -9999 -9999 -9999 -9999 -9999 -9999 -9999 -9999 -9999 -9999 -9999 -9999 -9999 -9999 -9999 96.297 97.535 95.155 95.757 95.878 97.368 100.832 101.664 102.73 103.467 102.863 102.074 103.875 104.699 104.748 104.801 104.853 104.9 104.943 104.983 105.02 105.053 105.091 105.138 105.184 105.228 104.921 104.501 104.674 104.872 103.22 101.929 102.134 102.614 102.594 102.855 103.296 104.936 104.817 103.786 103.878 105.699 106.015 106.214 106.321 106.434 106.554 106.676 106.801 106.93 107.064 107.204 107.34 107.456 107.567 107.69 107.866
-9999 -9999 -9999 -9999 -9999 -9999 -9999 -9999 -9999 -9999 -9999 -9999 -9999 -9999 -9999 -9999 -9999 -9999 -9999 -9999 94.471 93.1 94.48 96.128 98.101 102.387 102.882 103.179 102.276 100.923 101.263 100.991 102.033 104.859 104.909 104.954 104.995 105.033 105.069 105.101 105.139 105.185 105.23 105.274 105.073 105.116 105.24 105.283 104.623 104.668 104.809 104.849 104.063 104.085 104.349 105.506 105.619 105.778 104.796 105.092 104.917 104.646 105.724 106.497 106.609 106.726 106.848 106.977 107.112 107.256 107.405 107.538 107.663 107.805 108.015
-9999 -9999 -9999 -9999 -9999 -9999 -9999 -9999 -9999 -9999 -9999 -9999 -9999 -9999 -9999 -9999 -9999 -9999 -9999 96.864 95.952 95.441 97.12 99.374 101.688 101.812 101.959 101.937 101.134 100.862 101.011 101.852 103.765 104.912 104.96 105.003 105.043 105.08 105.115 105.147 105.184 105.228 105.274 105.318 105.361 105.404 105.447 105.49 105.534 105.578 105.625 105.67 105.171 104.417 104.999 105.828 105.902 105.993 105.504 104.886 104.638 104.237 105.06 106.598 106.706 106.819 106.938 107.063 107.199 107.346 107.507 107.654 107.788 107.965 108.202
-9999 -9999 -9999 -9999 -9999 -9999 -9999 -9999 -9999 -9999 -9999 -9999 -9999 -9999 -9999 -9999 -9999 -9999 97.661 95.905 97.464 102.573 103.981 104.581 103.717 101.125 100.14 97.405 97.928 99.787 100.812 102.466 101.924 98.664 100.358 105.049 105.088 105.125 105.159 105.191 105.227 105.27 105.315 105.359 105.402 105.446 105.489 105.532 105.576 105.621 105.625 105.61 105.714 105.391 105.351 105.933 106.021 106.111 106.18 105.903 105.677 105.448 105.586 106.707 106.815 106.929 107.048 107.175 107.311 107.458 107.621 107.781 107.924 108.13 108.403
-9999 -9999 -9999 -9999 -9999 -9999 -9999 -9999 -9999 -9999 -9999 -9999 -9999 -9999 -9999 -9999 -9999 96.404 96.635 95.973 100.256 104.646 102.967 97.387 97.097 100.156 98.928 99.533 100.498 100.424 101.213 100.993 99.484 100.07 103.223 105.092 105.131 105.167 105.201 105.233 105.268 105.309 105.354 105.398 105.442 105.486 105.529 105.573 105.621 105.674 105.528 105.337 105.487 105.601 105.814 106.047 106.138 106.229 106.281 106.341 106.179 105.703 106.108 106.815 106.925 107.04 107.162 107.292 107.432 107.584 107.752 107.921 108.092 108.314 108.608
-9999 -9999 -9999 -9999 -9999 -9999 -9999 -9999 -9999 -9999 -9999 -9999 -9999 -9999 -9999 102.982 98.896 99.007 99.622 102.306 104.634 104.629 101.291 100.249 101.688 101.148 101.603 101.961 101.914 101.874 100.424 96.694 97.418 98.561 101.016 105.132 105.12 105.014 105.098 105.273 105.307 105.346 105.391 105.436 105.48 105.525 105.572 105.626 105.681 105.737 105.672 105.73 105.746 105.879 105.956 106.157 106.249 106.342 106.435 106.505 106.6 106.543 106.453 106.924 107.035 107.153 107.277 107.412 107.557 107.715 107.891 108.073 108.272 108.52 108.821
-9999 -9999 -9999 -9999 -9999 -9999 -9999 -9999 -9999 -9999 -9999 -9999 -9999 -9999 104.349 103.357 102.057 99.118 -9999 -9999 -9999 -9999 102.556 102.378 101.972 101.62 101.898 102.129 102.525 103.684 101.503 100.944 101.685 102.037 104.472 105.169 105.071 104.934 105.105 105.311 105.344 105.382 105.427 105.471 105.518 105.573 105.63 105.686 105.742 105.799 105.856 105.914 105.985 106.074 106.17 106.262 106.355 106.449 106.545 106.642 106.737 106.831 106.927 107.032 107.145 107.266 107.395 107.534 107.685 107.851 108.036 108.23 108.457 108.732 109.041
-9999 -9999 -9999 -9999 -9999 -9999 -9999 -9999 -9999 -9999 -9999 -9999 -9999 -9999 104.016 101.709 99.709 -9999 -9999 -9999 -9999 -9999 99.889 99.519 100.114 102.291 102.11 101.244 101.873 101.899 101.721 102.073 103.105 105.46 105.568 104.809 104.86 105.189 105.316 105.349 105.38 105.417 105.462 105.512 105.572 105.632 105.688 105.745 105.801 105.858 105.916 105.975 106.059 106.165 106.269 106.362 106.456 106.552 106.406 106.287 106.54 106.697 106.491 106.353 106.962 107.381 107.515 107.66 107.818 107.993 108.188 108.406 108.653 108.947 109.24
-9999 -9999 -9999 -9999 -9999 -9999 -9999 -9999 -9999 -9999 -9999 -9999 -9999 -9999 -9999 -9999 99.713 -9999 -9999 -9999 -9999 -9999 99.882 97.935 99.391 100.22 99.872 100.17 100.951 103.095 103.114 102.662 104.047 104.406 103.891 103.55 104.145 105.314 105.349 105.383 105.415 105.454 105.506 105.568 105.629 105.688 105.746 105.803 105.86 105.917 105.975 106.045 106.136 106.251 106.362 106.459 106.553 106.65 106.521 106.246 106.438 106.686 106.394 106.46 106.916 107.502 107.645 107.799 107.966 108.149 108.353 108.592 108.86 109.146 109.411
-9999 -9999 -9999 -9999 -9999 -9999 -9999 -9999 -9999 -9999 -9999 -9999 -9999 -9999 -9999 -9999 -9999 -9999 -9999 -9999 -9999 -9999 98.648 98.216 99.534 101.982 101.406 99.327 101.46 104.25 104.16 104.598 104.799 104.804 104.608 104.54 105.212 105.344 105.38 105.414 105.45 105.498 105.556 105.621 105.685 105.745 105.803 105.86 105.918 105.976 106.034 106.115 106.218 106.335 106.45 106.553 106.377 106.176 104.807 103.572 105.625 107.069 106.515 106.515 106.846 106.883 107.211 107.505 106.947 106.434 107.807 108.781 109.05 109.312 109.553
-9999 -9999 -9999 -9999 -9999 -9999 -9999 -9999 -9999 -9999 -9999 -9999 -9999 -9999 -9999 -9999 -9999 -9999 -9999 -9999 -9999 -9999 -9999 96.976 99.806 104.085 102.534 101.262 102.719 102.641 103.25 104.327 103.919 102.733 103.268 104.859 105.05 105.373 105.409 105.447 105.495 105.548 105.606 105.671 105.735 105.796 105.858 105.918 105.976 106.035 106.095 106.187 106.3 106.417 106.536 106.644 106.351 106.132 105.028 104.43 105.397 107.263 107.049 106.661 106.831 106.908 107.213 107.54 106.99 105.908 107.122 108.95 109.217 109.452 109.672
-9999 -9999 -9999 -9999 -9999 -9999 -9999 -9999 -9999 -9999 -9999 -9999 -9999 -9999 -9999 -9999 -9999 -9999 -9999 -9999 -9999 -9999 104.302 102.467 104.562 104.045 103.609 104.271 104.016 103.402 103.995 104.069 103.228 102.602 103.901 105.166 105.36 105.4 105.441 105.492 105.546 105.599 105.656 105.719 105.782 105.845 105.907 105.969 106.032 106.094 106.167 106.264 106.38 106.498 106.619 106.733 106.832 106.7 105.725 105.249 106.572 106.933 106.841 106.803 107.219 107.393 107.065 106.802 107.248 106.945 107.033 107.88 108.842 109.575 109.78
-9999 -9999 -9999 -9999 -9999 -9999 -9999 -9999 -9999 -9999 -9999 -9999 -9999 -9999 -9999 -9999 -9999 -9999 -9999 -9999 -9999 -9999 104.326 104.855 103.582 100.765 101.293 101.783 101.779 102.678 102.81 103.089 102.85 103.086 104.176 105.34 105.384 105.428 105.482 105.54 105.596 105.65 105.706 105.766 105.829 105.891 105.954 106.018 106.082 106.147 106.235 106.343 106.461 106.58 106.702 106.824 106.936 107.044 105.962 105.143 106.549 106.878 106.555 107.125 107.551 107.854 107.656 106.738 106.933 107.052 107.149 107.833 108.53 109.683 109.881
-9999 -9999 -9999 -9999 -9999 -9999 -9999 -9999 -9999 -9999 -9999 -9999 -9999 -9999 -9999 -9999 -9999 -9999 -9999 -9999 -9999 -9999 104.347 104.876 103.234 102.822 102.267 99.964 101.106 102.968 103.402 104.223 104.192 103.725 104.51 104.961 105.112 105.463 105.526 105.585 105.644 105.701 105.757 105.815 105.876 105.938 106.001 106.065 106.057 105.917 106.198 106.42 106.542 106.663 106.794 106.928 107.048 107.161 107.275 106.67 106.967 107.157 107.115 107.477 107.955 108.126 108.306 108.267 107.891 107.934 108.195 108.913 109.168 109.78 109.976
-9999 -9999 -9999 -9999 -9999 -9999 -9999 -9999 -9999 -9999 -9999 -9999 -9999 -9999 -9999 -9999 -9999 -9999 -9999 -9999 -9999 -9999 -9999 104.895 104.487 103.954 102.784 102.929 103.845 103.622 103.711 102.738 102.046 100.773 101.975 104.679 105.033 105.504 105.568 105.629 105.689 105.748 105.805 105.863 105.923 105.986 106.049 106.112 106.006 105.9 106.177 106.483 106.619 106.758 106.897 107.039 107.165 107.279 107.394 107.511 107.285 107.346 107.488 107.802 108.039 108.21 108.435 108.664 108.564 108.304 108.722 109.482 109.681 109.87 110.065
-9999 -9999 -9999 -9999 -9999 -9999 -9999 -9999 -9999 -9999 -9999 -9999 -9999 -9999 -9999 -9999 -9999 -9999 -9999 -9999 -9999 -9999 -9999 101.291 100.908 100.619 101.075 102.14 102.533 103.963 102.799 100.973 100.01 99.19 101.824 105.197 105.479 105.545 105.61 105.672 105.724 105.758 105.824 105.908 105.968 106.03 106.094 106.159 106.132 106.21 106.321 106.548 106.695 106.851 107.006 107.154 107.283 107.397 107.513 107.629 107.302 107.113 107.717 108.086 108.221 108.394 107.673 107.224 107.712 107.683 108.601 109.581 109.766 109.954 110.148
-9999 -9999 -9999 -9999 -9999 -9999 -9999 -9999 -9999 -9999 -9999 -9999 -9999 -9999 -9999 -9999 -9999 -9999 -9999 -9999 -9999 -9999 104.281 98.935 99.011 99.65 100.365 100.787 102.075 103.547 102.874 103.711 103.19 102.945 104.925 105.447 105.519 105.587 105.652 105.715 105.759 105.805 105.881 105.952 106.011 106.072 106.135 106.201 106.268 106.351 106.47 106.617 106.771 106.932 107.097 107.257 107.39 107.503 107.617 107.734 107.501 107.258 107.778 108.24 108.385 108.541 107.588 106.8 107.321 107.543 108.362 109.665 109.845 110.032 110.225
-9999 -9999 -9999 -9999 -9999 -9999 -9999 -9999 -9999 -9999 -9999 -9999 -9999 -9999 -9999 -9999 -9999 -9999 -9999 -9999 -9999 -9999 100.699 103.143 103.094 101.992 102.015 101.456 102.513 103.268 103.965 104.664 104.374 103.922 104.534 105.484 105.558 105.628 105.694 105.759 105.813 105.872 105.937 105.996 106.055 106.114 106.174 106.24 106.307 106.396 106.528 106.684 106.842 107.003 107.094 107.254 107.285 107.239 107.572 107.832 107.952 107.864 107.688 107.755 108.28 108.652 108.825 108.334 108.231 108.071 108.56 109.741 109.916 110.103 110.296
-9999 -9999 -9999 -9999 -9999 -9999 -9999 -9999 -9999 -9999 -9999 -9999 -9999 -9999 -9999 -9999 -9999 -9999 -9999 -9999 -9999 -9999 104.433 104.956 103.438 100.809 100.886 101.956 102.761 103.883 104.175 103.929 103.574 103.256 104.222 105.52 105.596 105.668 105.737 105.801 105.862 105.921 105.98 106.04 106.099 106.158 106.217 106.28 106.348 106.447 106.597 106.752 106.91 107.071 107.192 107.261 107.163 107.018 107.442 107.931 108.052 108.179 107.697 107.458 108.123 108.763 108.937 109.112 108.769 108.384 108.894 109.81 109.98 110.167 110.359
-9999 -9999 -9999 -9999 -9999 -9999 -9999 -9999 -9999 -9999 -9999 -9999 -9999 -9999 -9999 -9999 -9999 -9999 -9999 -9999 -9999 104.303 104.952 104.979 102.945 101.151 102.008 102.821 103.747 104.656 104.51 104.451 104.114 103.652 104.666 105.555 105.631 105.705 105.774 105.839 105.901 105.961 106.021 106.081 105.983 105.589 105.805 106.319 106.392 106.512 106.645 106.755 106.956 107.138 106.941 106.575 107.078 107.318 107.577 108.031 108.154 108.282 108.416 108.187 108.283 108.624 108.946 109.202 109.38 109.243 109.375 109.871 110.037 110.222 110.412
-9999 -9999 -9999 -9999 -9999 -9999 -9999 -9999 -9999 -9999 -9999 -9999 -9999 -9999 -9999 -9999 -9999 -9999 -9999 -9999 104.27 104.947 104.977 105.005 103.65 102.514 102.82 102.464 103.476 104.955 104.867 104.692 104.143 103.308 104.257 105.588 105.666 105.738 105.808 105.874 105.939 106.001 106.061 106.12 105.815 105.515 105.938 106.362 106.449 106.57 106.391 106.383 106.862 107.205 106.731 106.187 106.683 107.418 107.761 108.133 108.257 108.386 108.523 108.668 108.572 108.548 108.921 109.283 109.463 109.631 109.78 109.921 110.085 110.268 110.433
-9999 -9999 -9999 -9999 -9999 -9999 -9999 -9999 -9999 -9999 -9999 -9999 -9999 -9999 -9999 -9999 -9999 -9999 101.921 103.138 104.937 104.971 104.26 102.2 101.229 100.19 100.555 102.205 103.653 104.857 104.793 104.854 104.504 104.799 105.539 105.619 105.695 105.769 105.84 105.907 105.973 106.037 106.1 106.16 106.03 106.09 106.341 106.416 106.507 106.625 106.307 105.818 106.33 106.758 106.966 106.791 106.846 107.25 106.543 106.365 107.552 108.287 107.792 107.512 107.707 107.912 107.872 107.702 108.902 109.693 109.827 109.965 110.117 110.271 110.419
