Validation/Results/raw data/ReClimate_03_2024_2_Temperature-Actualsweatherlogisticsltd.asc
NCOLS 192
NROWS 249
XLLCENTER -225160.85627316462
YLLCENTER 29788.11610251502
CELLSIZE 5000.0
NODATA_VALUE -9999
[rows 136 to 169 of 249, columns 77 to 153 of 192]
-9999 -9999 -9999 -9999 -9999 -9999 -9999 -9999 10.04 -9999 10.015 9.643 9.755 9.859 10.188 10.366 10.341 10.053 8.937 9.238 9.38 9.509 10.114 10.148 10.146 10.211 9.633 9.397 -9999 -9999 -9999 -9999 -9999 -9999 10.599 10.695 10.638 10.423 10.333 10.162 9.597 9.299 9.549 9.566 9.608 10.07 9.771 9.624 10.101 10.348 10.538 10.5 10.913 11.174 11.137 10.759 10.71 -9999 -9999 -9999 -9999 -9999 -9999 -9999 -9999 -9999 -9999 -9999 -9999 -9999 -9999 -9999 -9999 -9999 -9999 -9999 -9999
-9999 -9999 -9999 -9999 -9999 -9999 -9999 -9999 9.924 9.941 10.079 10.213 9.986 9.979 10.13 10.273 10.514 10.135 9.693 9.054 9.288 9.598 10.139 10.02 9.92 10.229 9.747 10.082 -9999 -9999 -9999 -9999 10.435 10.506 10.577 10.674 10.716 10.652 10.468 9.702 8.893 8.936 9.178 8.845 9.61 9.509 9.263 9.857 9.774 10.002 10.487 10.601 10.352 10.839 11.009 10.723 10.82 -9999 -9999 -9999 -9999 -9999 -9999 -9999 -9999 -9999 -9999 -9999 -9999 -9999 -9999 -9999 -9999 -9999 -9999 -9999 -9999
10.291 -9999 -9999 -9999 -9999 -9999 -9999 -9999 9.751 10.016 10.006 -9999 -9999 10.023 10.048 10.24 10.348 -9999 10.266 10.06 10.013 10.051 10.225 9.789 10.091 10.334 -9999 -9999 -9999 -9999 -9999 10.335 10.427 10.483 10.55 10.554 10.552 10.58 10.199 9.47 8.357 8.14 8.723 8.47 9.116 8.616 8.94 9.349 9.276 9.861 9.882 10.075 10.271 10.593 10.802 10.605 10.756 -9999 -9999 -9999 -9999 -9999 -9999 -9999 -9999 -9999 -9999 -9999 -9999 -9999 -9999 -9999 -9999 -9999 -9999 -9999 -9999
10.083 -9999 -9999 -9999 -9999 -9999 -9999 -9999 -9999 9.96 10.179 -9999 -9999 -9999 10.244 10.078 10.191 10.296 -9999 -9999 10.273 10.294 10.194 9.645 9.696 -9999 -9999 -9999 -9999 -9999 10.071 10.159 10.288 10.393 10.391 10.319 10.399 10.15 9.984 9.68 8.588 8.323 7.609 8.343 7.909 7.83 8.372 8.816 8.759 9.114 9.775 10.005 10.116 10.623 10.874 10.524 10.409 -9999 -9999 -9999 -9999 -9999 -9999 -9999 -9999 -9999 -9999 -9999 -9999 -9999 -9999 -9999 -9999 -9999 -9999 -9999 -9999
-9999 -9999 -9999 -9999 -9999 -9999 -9999 -9999 -9999 -9999 10.086 -9999 -9999 -9999 -9999 10.14 9.822 9.854 -9999 -9999 -9999 10.232 10.261 -9999 -9999 -9999 -9999 -9999 -9999 -9999 10.151 10.302 10.257 9.981 9.733 9.869 10.022 10.023 10.263 9.963 9.198 8.051 7.916 7.96 7.167 7.458 7.933 8.57 8.475 8.667 9.375 10.022 10.503 10.749 10.859 10.528 10.374 -9999 -9999 -9999 -9999 -9999 -9999 -9999 -9999 -9999 -9999 -9999 -9999 -9999 -9999 -9999 -9999 -9999 -9999 -9999 -9999
-9999 -9999 -9999 -9999 -9999 -9999 -9999 -9999 -9999 -9999 9.758 -9999 -9999 -9999 -9999 -9999 9.93 9.744 -9999 -9999 -9999 -9999 -9999 -9999 -9999 -9999 -9999 -9999 -9999 -9999 10.373 9.995 9.655 9.39 9.199 9.457 9.7 9.959 10.173 10.02 9.498 8.262 7.123 6.553 6.981 7.52 8.694 8.995 9.135 9.427 9.562 9.663 10.315 10.78 10.711 10.46 10.421 10.672 -9999 -9999 -9999 -9999 -9999 -9999 -9999 -9999 -9999 -9999 -9999 -9999 -9999 -9999 -9999 -9999 -9999 -9999 -9999
10.585 10.46 10.668 -9999 -9999 -9999 -9999 -9999 -9999 -9999 9.684 -9999 -9999 -9999 -9999 -9999 -9999 -9999 -9999 -9999 -9999 -9999 -9999 -9999 -9999 -9999 -9999 -9999 -9999 10.443 10.268 10.11 9.998 9.553 8.582 9.181 9.363 9.473 9.967 10.014 10.141 8.513 6.847 6.374 7.369 7.99 7.474 7.52 8.367 8.984 9.984 10.1 10.171 10.383 10.457 10.518 10.519 10.765 11.11 -9999 -9999 -9999 -9999 -9999 -9999 -9999 -9999 -9999 -9999 -9999 -9999 -9999 -9999 -9999 -9999 -9999 -9999
10.539 10.568 10.586 -9999 -9999 -9999 -9999 -9999 -9999 -9999 -9999 -9999 -9999 -9999 -9999 -9999 -9999 -9999 -9999 -9999 -9999 -9999 -9999 -9999 -9999 -9999 -9999 -9999 10.3 10.366 10.182 10.143 9.783 9.182 7.291 8.08 9.337 9.645 9.905 10.405 10.091 9.35 7.863 6.697 7.357 7.57 7.89 8.262 8.28 8.718 9.359 10.173 10.353 10.528 10.534 10.564 10.728 11.081 11.362 -9999 -9999 -9999 -9999 -9999 -9999 -9999 -9999 -9999 -9999 -9999 -9999 -9999 -9999 -9999 -9999 -9999 -9999
10.826 -9999 10.756 10.687 -9999 -9999 -9999 -9999 -9999 -9999 -9999 -9999 -9999 -9999 -9999 -9999 -9999 -9999 -9999 -9999 -9999 -9999 -9999 -9999 -9999 -9999 -9999 -9999 9.923 10.033 10.207 9.004 8.51 8.74 9.067 8.85 8.746 9.316 9.646 9.86 10.074 9.94 8.923 8.255 7.176 7.851 8.317 8.621 8.863 9.322 9.738 10.033 10.155 10.488 10.56 10.648 10.758 11.14 11.552 11.594 11.444 -9999 -9999 -9999 -9999 -9999 -9999 -9999 -9999 -9999 -9999 -9999 -9999 -9999 -9999 -9999 -9999
10.829 -9999 -9999 10.652 -9999 -9999 -9999 -9999 -9999 -9999 -9999 -9999 -9999 -9999 -9999 -9999 -9999 -9999 -9999 -9999 -9999 -9999 -9999 -9999 -9999 -9999 -9999 -9999 10.03 10.038 9.47 8.358 9.602 9.598 8.703 8.233 9.047 9.017 8.701 9.538 9.442 9.954 10.049 9.137 8.588 8.18 8.487 8.783 9.325 9.578 9.924 10.236 10.543 10.61 10.797 10.673 10.875 11.148 11.464 11.096 10.983 10.825 10.998 10.515 -9999 -9999 -9999 -9999 -9999 -9999 -9999 -9999 -9999 -9999 -9999 -9999 -9999
10.748 10.926 -9999 10.588 -9999 -9999 -9999 -9999 -9999 -9999 -9999 -9999 -9999 -9999 -9999 -9999 -9999 -9999 -9999 -9999 -9999 -9999 -9999 -9999 -9999 -9999 -9999 10.598 10.131 9.797 8.744 7.998 7.806 8.596 8.95 9.031 8.738 8.083 9.037 8.246 9.042 9.596 9.902 9.777 9.627 9.143 8.466 8.718 9.235 9.578 9.82 10.134 10.512 10.861 10.914 10.918 11.018 11.22 11.315 11.153 10.22 10.072 10.006 10.004 10.436 10.26 -9999 -9999 -9999 -9999 -9999 -9999 -9999 -9999 -9999 -9999 -9999
10.761 -9999 10.606 -9999 -9999 -9999 -9999 -9999 -9999 -9999 -9999 -9999 -9999 -9999 -9999 -9999 -9999 -9999 -9999 -9999 -9999 -9999 -9999 -9999 -9999 -9999 -9999 -9999 10.578 9.937 8.618 8.282 8.617 7.024 8.034 9.175 8.647 9.094 7.751 7.979 8.957 9.454 9.517 9.696 9.423 7.693 8.046 8.207 8.175 8.526 9.42 9.871 10.321 10.797 11.0 11.019 11.108 11.299 11.401 11.248 10.564 10.146 10.325 10.282 10.146 10.193 10.254 -9999 -9999 -9999 -9999 -9999 -9999 -9999 -9999 -9999 -9999
10.784 10.57 10.357 -9999 -9999 -9999 -9999 -9999 -9999 -9999 -9999 -9999 -9999 -9999 -9999 -9999 -9999 -9999 -9999 -9999 -9999 -9999 -9999 -9999 -9999 -9999 -9999 -9999 -9999 10.35 9.925 9.997 8.405 8.316 8.859 10.016 10.331 8.82 8.673 9.046 9.244 8.971 9.045 9.411 8.384 8.047 7.883 7.342 7.828 8.545 8.882 9.725 10.245 10.788 11.034 11.055 11.149 11.281 10.61 10.39 9.805 9.163 9.473 9.854 10.385 10.206 10.189 10.625 -9999 -9999 -9999 -9999 -9999 -9999 -9999 -9999 -9999
10.84 10.493 -9999 -9999 -9999 -9999 -9999 -9999 -9999 -9999 -9999 -9999 -9999 -9999 -9999 -9999 -9999 -9999 -9999 -9999 -9999 -9999 -9999 -9999 -9999 -9999 -9999 -9999 -9999 10.791 10.614 10.245 9.458 8.705 8.364 10.037 9.557 9.837 10.119 10.082 9.747 9.185 8.131 9.107 8.307 7.635 8.158 9.06 9.255 9.184 9.377 9.699 10.468 10.972 11.148 11.168 11.026 10.624 10.236 9.817 10.026 9.82 9.693 9.593 9.757 10.09 10.173 10.448 11.144 -9999 -9999 -9999 -9999 -9999 -9999 -9999 -9999
10.522 10.429 -9999 -9999 -9999 -9999 -9999 -9999 -9999 -9999 -9999 -9999 -9999 -9999 -9999 -9999 -9999 -9999 -9999 -9999 -9999 -9999 -9999 -9999 -9999 -9999 -9999 -9999 -9999 -9999 10.071 9.655 9.517 8.826 9.778 9.661 10.18 10.47 10.571 10.396 10.056 9.42 9.478 7.963 8.281 8.529 8.587 9.134 9.207 9.06 9.844 10.08 10.657 11.009 11.249 11.279 10.988 10.566 10.321 10.134 10.025 10.075 10.091 9.995 9.942 10.02 10.372 10.597 10.966 -9999 -9999 -9999 -9999 -9999 -9999 -9999 -9999
-9999 -9999 -9999 -9999 -9999 -9999 -9999 -9999 -9999 -9999 -9999 -9999 -9999 -9999 -9999 -9999 -9999 -9999 -9999 -9999 -9999 -9999 -9999 -9999 -9999 -9999 -9999 -9999 -9999 -9999 10.767 9.239 9.853 10.606 10.15 10.438 10.463 10.816 10.771 10.243 10.24 10.234 8.165 8.702 8.285 8.262 8.29 9.343 9.449 9.648 9.823 10.318 10.608 11.054 11.273 11.342 11.215 10.544 10.131 10.301 10.513 10.503 10.533 10.485 10.49 10.169 9.959 10.492 10.661 11.222 -9999 -9999 -9999 -9999 -9999 -9999 -9999
-9999 -9999 -9999 -9999 -9999 -9999 -9999 -9999 -9999 -9999 -9999 -9999 -9999 -9999 -9999 -9999 -9999 -9999 -9999 -9999 -9999 -9999 -9999 -9999 -9999 -9999 -9999 -9999 -9999 -9999 -9999 10.526 11.111 10.833 10.579 10.764 10.666 10.973 10.78 10.503 10.618 9.77 8.694 8.049 7.923 7.534 8.238 8.407 8.785 9.352 9.413 9.876 10.499 10.981 11.244 11.207 11.149 11.056 10.186 10.159 10.843 11.212 11.05 11.077 11.124 11.054 10.779 10.89 11.185 11.096 -9999 -9999 -9999 -9999 -9999 -9999 -9999
-9999 -9999 -9999 -9999 -9999 -9999 -9999 -9999 -9999 -9999 -9999 -9999 -9999 -9999 -9999 -9999 -9999 -9999 -9999 -9999 -9999 -9999 -9999 -9999 -9999 -9999 -9999 -9999 -9999 -9999 -9999 10.866 -9999 10.821 11.166 10.929 10.916 -9999 10.962 10.66 10.633 9.885 8.673 8.548 8.428 7.917 8.357 8.38 7.751 8.646 9.062 9.412 9.925 10.722 11.139 11.155 11.098 11.145 11.172 10.887 11.225 11.458 11.256 11.016 11.097 11.235 11.279 11.284 10.959 10.714 10.769 -9999 -9999 -9999 -9999 -9999 -9999
-9999 -9999 -9999 -9999 -9999 -9999 -9999 -9999 -9999 -9999 -9999 -9999 -9999 -9999 -9999 -9999 -9999 -9999 -9999 -9999 -9999 -9999 -9999 -9999 -9999 -9999 -9999 -9999 -9999 -9999 -9999 -9999 11.164 11.005 -9999 -9999 -9999 -9999 11.173 10.94 10.998 10.402 9.935 8.934 8.768 8.602 8.502 9.309 8.857 8.211 9.04 9.297 9.94 10.523 11.088 11.326 11.363 11.346 11.385 11.34 11.175 11.277 11.077 10.939 11.06 11.115 10.958 10.974 11.161 10.956 10.782 10.709 10.806 -9999 -9999 -9999 -9999
-9999 -9999 -9999 -9999 -9999 -9999 -9999 -9999 -9999 -9999 -9999 -9999 -9999 -9999 -9999 -9999 -9999 -9999 -9999 -9999 -9999 -9999 -9999 -9999 -9999 -9999 -9999 -9999 -9999 -9999 -9999 -9999 11.086 11.147 -9999 -9999 -9999 -9999 11.302 10.913 11.155 10.738 9.97 10.157 10.005 9.191 9.113 9.288 9.463 8.374 8.992 9.331 9.713 10.331 11.034 11.411 11.525 11.557 11.533 11.505 11.376 11.21 11.138 11.069 11.073 10.957 10.754 10.603 10.711 10.947 11.121 11.154 11.108 -9999 -9999 -9999 -9999
-9999 -9999 -9999 -9999 -9999 -9999 -9999 -9999 -9999 -9999 -9999 -9999 -9999 -9999 -9999 -9999 -9999 -9999 -9999 -9999 -9999 -9999 -9999 -9999 -9999 -9999 -9999 -9999 -9999 -9999 -9999 -9999 11.137 -9999 -9999 -9999 -9999 11.521 11.14 10.814 10.138 9.798 9.865 9.934 10.078 9.556 9.078 9.657 9.651 9.545 9.022 9.564 9.864 10.327 10.766 11.262 11.416 11.553 11.648 11.666 11.627 11.525 11.468 11.193 10.705 10.667 10.675 10.796 10.917 11.101 11.274 11.38 -9999 -9999 -9999 -9999 -9999
-9999 -9999 -9999 -9999 -9999 -9999 -9999 -9999 -9999 -9999 -9999 -9999 -9999 -9999 -9999 -9999 -9999 -9999 -9999 -9999 -9999 -9999 -9999 -9999 -9999 -9999 -9999 -9999 -9999 -9999 -9999 -9999 -9999 -9999 -9999 -9999 -9999 11.23 10.758 9.877 9.063 8.775 9.397 10.103 10.078 10.252 10.147 10.287 10.103 9.883 9.592 9.62 10.073 10.39 10.662 11.061 11.337 11.508 11.696 11.808 11.817 11.721 11.606 11.451 10.656 10.208 10.767 11.029 11.292 11.37 11.425 11.393 -9999 -9999 -9999 -9999 -9999
-9999 -9999 -9999 -9999 -9999 -9999 -9999 -9999 -9999 -9999 -9999 -9999 -9999 -9999 -9999 -9999 -9999 -9999 -9999 -9999 -9999 -9999 -9999 -9999 -9999 -9999 -9999 -9999 -9999 -9999 -9999 -9999 -9999 -9999 -9999 -9999 -9999 11.04 10.743 10.071 9.266 9.332 9.952 10.145 10.493 10.468 10.47 10.511 10.426 10.608 10.077 10.034 10.116 10.363 10.619 11.008 11.379 11.497 11.675 11.886 11.887 11.8 11.672 11.569 11.171 10.541 10.742 11.165 11.374 11.514 11.49 11.406 -9999 -9999 -9999 -9999 -9999
-9999 -9999 -9999 -9999 -9999 -9999 -9999 -9999 -9999 -9999 -9999 -9999 -9999 -9999 -9999 -9999 -9999 -9999 -9999 -9999 -9999 -9999 -9999 -9999 -9999 -9999 -9999 -9999 -9999 -9999 -9999 -9999 -9999 -9999 -9999 -9999 11.107 10.988 10.633 9.829 9.333 9.161 9.904 9.979 10.811 10.514 10.56 10.28 10.267 10.121 10.861 10.81 10.96 10.894 11.112 11.065 11.298 11.489 11.557 11.687 11.865 11.773 11.657 11.533 11.475 11.043 10.931 11.185 11.393 11.514 11.535 11.448 11.386 -9999 -9999 -9999 -9999
-9999 -9999 -9999 -9999 -9999 -9999 -9999 -9999 -9999 -9999 -9999 -9999 -9999 -9999 -9999 -9999 -9999 -9999 -9999 -9999 -9999 -9999 -9999 -9999 -9999 -9999 -9999 -9999 -9999 -9999 -9999 -9999 -9999 -9999 -9999 -9999 11.141 11.133 10.899 10.464 9.775 10.569 10.472 11.06 10.475 10.033 10.141 9.847 9.997 10.503 10.313 10.86 10.907 10.915 10.999 11.198 11.202 11.373 11.542 11.627 11.701 11.661 11.518 11.46 11.488 11.457 11.106 11.145 11.358 11.515 11.613 11.542 11.424 -9999 -9999 -9999 -9999
-9999 -9999 -9999 -9999 -9999 -9999 -9999 -9999 -9999 -9999 -9999 -9999 -9999 -9999 -9999 -9999 -9999 -9999 -9999 -9999 -9999 -9999 -9999 -9999 -9999 -9999 -9999 -9999 -9999 -9999 -9999 -9999 -9999 -9999 -9999 11.175 11.231 11.234 11.35 10.896 10.93 10.885 11.159 11.06 10.395 10.334 10.099 9.789 9.937 10.275 11.166 10.911 11.393 11.367 11.281 11.14 11.235 11.325 11.501 11.606 11.625 11.575 11.45 11.402 11.463 11.502 11.334 11.082 11.302 11.67 11.859 11.768 11.591 11.451 -9999 -9999 -9999
-9999 -9999 -9999 -9999 -9999 -9999 -9999 -9999 -9999 -9999 -9999 -9999 -9999 -9999 -9999 -9999 -9999 -9999 -9999 -9999 -9999 -9999 -9999 -9999 -9999 -9999 -9999 -9999 -9999 -9999 -9999 -9999 -9999 -9999 -9999 11.22 11.12 11.252 11.36 11.281 11.179 11.186 11.01 10.746 10.902 10.65 9.989 9.031 9.327 9.739 10.551 11.23 11.222 11.64 11.8 11.594 11.299 11.398 11.548 11.628 11.644 11.608 11.512 11.469 11.517 11.586 11.425 11.188 11.434 11.933 12.147 12.083 11.8 11.614 -9999 -9999 -9999
-9999 -9999 -9999 -9999 -9999 -9999 -9999 -9999 -9999 -9999 -9999 -9999 -9999 -9999 -9999 -9999 -9999 -9999 -9999 -9999 -9999 -9999 -9999 -9999 -9999 -9999 -9999 -9999 -9999 -9999 -9999 -9999 -9999 -9999 -9999 11.225 11.271 11.404 11.526 11.485 11.395 11.079 10.837 10.761 10.42 9.809 9.072 9.076 9.392 9.722 10.396 11.085 11.138 11.227 11.706 11.953 11.825 11.674 11.719 11.715 11.679 11.681 11.637 11.595 11.628 11.663 11.703 11.559 11.647 12.071 12.267 12.165 11.949 11.689 11.555 -9999 -9999
-9999 -9999 -9999 -9999 -9999 -9999 -9999 -9999 -9999 -9999 -9999 -9999 -9999 -9999 -9999 -9999 -9999 -9999 -9999 -9999 -9999 -9999 -9999 -9999 -9999 -9999 -9999 -9999 -9999 -9999 -9999 -9999 -9999 -9999 -9999 -9999 11.373 11.461 11.535 11.484 11.038 10.587 10.364 10.255 10.214 9.966 9.483 9.709 9.753 10.321 11.265 11.49 11.5 11.268 11.682 11.943 11.823 11.765 11.812 11.768 11.726 11.734 11.742 11.716 11.712 11.731 11.725 11.81 11.839 -9999 12.131 -9999 11.931 11.762 11.55 11.509 -9999
-9999 -9999 -9999 -9999 -9999 -9999 -9999 -9999 -9999 -9999 -9999 -9999 -9999 -9999 -9999 -9999 -9999 -9999 -9999 -9999 -9999 -9999 -9999 -9999 -9999 -9999 -9999 -9999 -9999 -9999 -9999 -9999 -9999 -9999 -9999 11.42 11.435 11.46 11.513 11.355 10.773 10.029 10.004 10.21 9.791 9.721 9.925 9.633 9.362 9.951 10.839 11.77 11.513 11.528 11.875 11.882 11.668 11.727 11.766 11.8 11.797 11.809 11.805 11.791 11.775 11.591 11.608 11.746 11.672 11.678 11.816 11.864 -9999 11.856 11.717 11.464 11.535
-9999 -9999 -9999 -9999 -9999 -9999 -9999 -9999 -9999 -9999 -9999 -9999 -9999 -9999 -9999 -9999 -9999 -9999 -9999 -9999 -9999 -9999 -9999 -9999 -9999 -9999 -9999 -9999 -9999 -9999 -9999 -9999 -9999 -9999 -9999 11.481 11.473 11.462 11.363 11.065 10.824 10.49 10.309 10.482 10.464 10.485 10.645 10.048 9.589 9.99 10.692 11.106 11.01 11.113 11.456 11.574 11.349 11.435 11.687 11.796 11.9 11.903 11.87 11.823 11.838 11.843 11.611 11.755 11.808 11.589 11.65 11.751 11.828 -9999 -9999 -9999 -9999
-9999 -9999 -9999 -9999 -9999 -9999 -9999 -9999 -9999 -9999 -9999 -9999 -9999 -9999 -9999 -9999 -9999 -9999 -9999 -9999 -9999 -9999 -9999 -9999 -9999 -9999 -9999 -9999 -9999 -9999 -9999 -9999 -9999 -9999 11.447 11.495 11.436 11.267 11.134 11.255 11.266 10.9 11.157 11.267 11.252 11.298 11.093 10.363 9.389 9.161 9.862 10.385 10.288 10.739 11.322 11.451 11.504 11.444 11.668 11.863 11.976 11.978 11.928 11.86 11.866 11.904 11.873 11.808 11.872 11.608 11.512 11.628 11.756 11.829 11.798 -9999 -9999
-9999 -9999 -9999 -9999 -9999 -9999 -9999 -9999 -9999 -9999 -9999 -9999 -9999 -9999 -9999 -9999 -9999 -9999 -9999 -9999 -9999 -9999 -9999 -9999 -9999 -9999 -9999 -9999 -9999 -9999 -9999 -9999 -9999 -9999 11.461 11.501 11.525 11.458 11.305 11.204 11.531 11.57 11.661 11.677 11.662 11.654 11.43 10.854 10.103 8.952 8.599 9.543 9.799 10.264 11.047 11.256 11.691 11.833 11.721 11.884 12.039 12.047 11.977 11.883 11.86 11.907 11.869 11.866 11.896 11.855 11.362 11.408 11.602 11.744 11.763 11.647 -9999
-9999 -9999 -9999 -9999 -9999 -9999 -9999 -9999 -9999 -9999 -9999 -9999 -9999 -9999 -9999 -9999 -9999 -9999 -9999 -9999 -9999 -9999 -9999 -9999 -9999 -9999 -9999 -9999 -9999 -9999 -9999 -9999 -9999 -9999 -9999 11.723 11.784 11.827 11.642 11.726 11.717 11.787 11.89 11.932 12.099 12.101 11.856 11.394 10.483 9.455 8.474 8.322 9.207 9.93 10.702 11.349 11.428 11.732 11.704 11.763 11.984 12.034 11.964 11.867 11.826 11.81 11.806 11.82 11.87 11.807 11.447 11.185 11.35 11.522 11.545 11.465 11.453
