Validation/Results/raw data/ReClimate_11_2023_1_Temperatureweatherlogisticsltd.asc
NCOLS 192
NROWS 249
XLLCENTER -225160.85627316462
YLLCENTER 29788.11610251502
CELLSIZE 5000.0
NODATA_VALUE -9999
[rows 99 to 131 of 249, columns 76 to 151 of 192]
-0.728 -0.733 -0.738 -0.734 -0.739 -0.742 -9999 -9999 -0.746 -0.773 -0.808 -0.813 -0.822 -0.843 -0.859 -0.872 -0.883 -0.887 -0.906 -0.923 -0.938 -0.938 -0.912 -0.923 -0.947 -0.948 -0.952 -0.954 -0.958 -0.964 -0.97 -0.99 -0.989 -0.981 -0.978 -0.987 -1.005 -1.012 -1.023 -1.026 -1.032 -1.044 -1.059 -9999 -9999 -9999 -9999 -9999 -9999 -9999 -9999 -9999 -9999 -9999 -9999 -9999 -9999 -9999 -9999 -9999 -9999 -9999 -9999 -9999 -9999 -9999 -9999 -9999 -9999 -9999 -9999 -9999 -9999 -9999 -9999 -9999
-0.725 -9999 -9999 -0.736 -0.74 -9999 -9999 -9999 -0.737 -0.769 -0.804 -0.812 -0.821 -0.835 -0.851 -0.861 -0.871 -0.889 -0.909 -0.927 -0.943 -0.923 -0.898 -0.917 -0.939 -0.943 -0.946 -0.95 -0.955 -0.96 -0.966 -0.964 -0.962 -0.96 -0.957 -0.97 -0.986 -0.996 -1.007 -1.012 -1.018 -1.031 -1.045 -9999 -9999 -9999 -9999 -9999 -9999 -9999 -9999 -9999 -9999 -9999 -9999 -9999 -9999 -9999 -9999 -9999 -9999 -9999 -9999 -9999 -9999 -9999 -9999 -9999 -9999 -9999 -9999 -9999 -9999 -9999 -9999 -9999
-0.732 -0.735 -0.735 -9999 -9999 -9999 -9999 -0.767 -0.767 -0.787 -0.795 -0.802 -0.81 -0.822 -0.83 -0.841 -0.856 -0.873 -0.892 -0.906 -0.915 -0.901 -0.893 -0.909 -0.925 -0.927 -0.926 -0.929 -0.931 -0.934 -0.938 -0.935 -0.931 -0.929 -0.932 -0.951 -0.985 -0.993 -0.998 -1.003 -1.008 -1.016 -9999 -9999 -9999 -9999 -9999 -9999 -9999 -9999 -9999 -9999 -9999 -9999 -9999 -9999 -9999 -9999 -9999 -9999 -9999 -9999 -9999 -9999 -9999 -9999 -9999 -9999 -9999 -9999 -9999 -9999 -9999 -9999 -9999 -9999
-0.732 -0.732 -0.732 -0.725 -0.725 -9999 -9999 -0.765 -9999 -9999 -0.789 -0.794 -0.803 -0.81 -0.818 -0.831 -0.845 -0.862 -0.88 -0.89 -0.897 -0.891 -0.883 -0.896 -0.912 -0.912 -0.911 -0.912 -0.913 -0.916 -0.919 -0.915 -0.911 -0.912 -0.914 -0.941 -0.974 -0.978 -0.983 -0.987 -0.994 -9999 -9999 -9999 -9999 -9999 -9999 -9999 -9999 -9999 -9999 -9999 -9999 -9999 -9999 -9999 -9999 -9999 -9999 -9999 -9999 -9999 -9999 -9999 -9999 -9999 -9999 -9999 -9999 -9999 -9999 -9999 -9999 -9999 -9999 -9999
-0.735 -0.734 -0.731 -9999 -9999 -9999 -0.74 -0.753 -0.762 -0.768 -0.776 -0.784 -0.799 -0.805 -0.816 -0.828 -0.837 -0.85 -0.859 -0.87 -0.887 -0.879 -0.865 -0.876 -0.887 -0.892 -0.906 -0.899 -0.875 -0.878 -0.889 -0.887 -0.889 -0.897 -0.916 -0.937 -9999 -9999 -0.955 -9999 -9999 -9999 -9999 -9999 -9999 -9999 -9999 -9999 -9999 -9999 -9999 -9999 -9999 -9999 -9999 -9999 -9999 -9999 -9999 -9999 -9999 -9999 -9999 -9999 -9999 -9999 -9999 -9999 -9999 -9999 -9999 -9999 -9999 -9999 -9999 -9999
-0.734 -9999 -0.728 -9999 -9999 -9999 -0.732 -0.742 -0.751 -0.759 -0.767 -0.78 -0.795 -0.802 -0.811 -0.819 -0.828 -0.836 -0.843 -0.86 -0.876 -0.865 -0.851 -0.86 -0.871 -0.882 -0.896 -0.877 -0.853 -0.861 -0.871 -0.872 -0.873 -0.89 -0.909 -9999 -0.935 -0.935 -0.935 -0.947 -9999 -9999 -9999 -9999 -9999 -9999 -9999 -9999 -9999 -9999 -9999 -9999 -9999 -9999 -9999 -9999 -9999 -9999 -9999 -9999 -9999 -9999 -9999 -9999 -9999 -9999 -9999 -9999 -9999 -9999 -9999 -9999 -9999 -9999 -9999 -9999
-9999 -9999 -9999 -9999 -0.725 -0.726 -0.731 -0.735 -0.733 -0.746 -0.771 -0.778 -0.772 -0.784 -0.8 -0.806 -0.809 -0.817 -0.832 -0.843 -0.846 -0.837 -0.832 -0.841 -0.855 -0.859 -0.854 -0.841 -0.837 -0.844 -0.85 -0.85 -0.851 -9999 -0.868 -0.886 -0.923 -0.924 -0.925 -0.934 -9999 -9999 -9999 -9999 -9999 -9999 -9999 -9999 -9999 -9999 -9999 -9999 -9999 -9999 -9999 -9999 -9999 -9999 -9999 -9999 -9999 -9999 -9999 -9999 -9999 -9999 -9999 -9999 -9999 -9999 -9999 -9999 -9999 -9999 -9999 -9999
-9999 -9999 -9999 -9999 -0.721 -0.726 -0.728 -0.724 -0.722 -0.744 -0.769 -0.764 -0.76 -0.776 -0.791 -0.795 -0.798 -0.809 -0.822 -0.825 -0.827 -0.823 -0.818 -0.829 -0.841 -0.837 -0.831 -0.828 -0.825 -0.829 -0.835 -0.835 -0.836 -0.84 -0.845 -0.875 -0.911 -0.913 -0.916 -0.925 -0.938 -9999 -9999 -9999 -9999 -9999 -9999 -9999 -9999 -9999 -9999 -9999 -9999 -9999 -9999 -9999 -9999 -9999 -9999 -9999 -9999 -9999 -9999 -9999 -9999 -9999 -9999 -9999 -9999 -9999 -9999 -9999 -9999 -9999 -9999 -9999
-9999 -9999 -9999 -0.72 -9999 -9999 -0.718 -0.717 -0.725 -0.741 -0.751 -9999 -9999 -0.777 -0.778 -0.788 -0.804 -0.815 -0.821 -0.818 -0.802 -0.8 -0.806 -0.811 -0.812 -0.812 -0.822 -0.823 -0.829 -0.833 -0.833 -0.838 -0.847 -0.858 -0.876 -0.9 -0.913 -0.914 -0.91 -0.919 -0.929 -0.931 -9999 -9999 -9999 -9999 -9999 -9999 -9999 -9999 -9999 -9999 -9999 -9999 -9999 -9999 -9999 -9999 -9999 -9999 -9999 -9999 -9999 -9999 -9999 -9999 -9999 -9999 -9999 -9999 -9999 -9999 -9999 -9999 -9999 -9999
-9999 -9999 -9999 -0.718 -9999 -0.715 -0.712 -0.716 -0.722 -0.73 -0.739 -0.751 -0.765 -0.767 -0.768 -0.784 -0.801 -0.81 -0.817 -0.805 -0.789 -0.793 -0.797 -0.797 -0.798 -0.805 -0.814 -0.82 -0.827 -0.828 -0.829 -0.838 -0.848 -0.864 -0.883 -0.895 -0.908 -0.905 -0.901 -0.909 -0.919 -9999 -9999 -9999 -9999 -9999 -9999 -9999 -9999 -9999 -9999 -9999 -9999 -9999 -9999 -9999 -9999 -9999 -9999 -9999 -9999 -9999 -9999 -9999 -9999 -9999 -9999 -9999 -9999 -9999 -9999 -9999 -9999 -9999 -9999 -9999
-9999 -9999 -9999 -0.716 -9999 -0.706 -0.696 -0.7 -0.71 -0.715 -9999 -0.739 -0.751 -9999 -0.735 -0.751 -0.774 -0.786 -0.803 -0.796 -0.793 -0.798 -0.803 -0.8 -0.79 -0.797 -0.806 -0.812 -0.817 -0.825 -0.844 -0.846 -0.833 -0.855 -0.893 -0.898 -0.891 -9999 -9999 -9999 -9999 -9999 -9999 -9999 -9999 -9999 -9999 -9999 -9999 -9999 -9999 -9999 -9999 -9999 -9999 -9999 -9999 -9999 -9999 -9999 -9999 -9999 -9999 -9999 -9999 -9999 -9999 -9999 -9999 -9999 -9999 -9999 -9999 -9999 -9999 -9999
-9999 -0.713 -0.715 -9999 -9999 -0.695 -0.688 -0.695 -0.703 -0.708 -0.717 -0.728 -0.74 -9999 -0.717 -0.736 -0.758 -0.775 -0.791 -0.792 -0.791 -0.796 -0.802 -0.793 -0.783 -0.79 -0.799 -0.804 -0.809 -0.826 -0.845 -0.835 -0.823 -0.853 -0.89 -0.883 -9999 -9999 -9999 -9999 -9999 -9999 -9999 -9999 -9999 -9999 -9999 -9999 -9999 -9999 -9999 -9999 -9999 -9999 -9999 -9999 -9999 -9999 -9999 -9999 -9999 -9999 -9999 -9999 -9999 -9999 -9999 -9999 -9999 -9999 -9999 -9999 -9999 -9999 -9999 -9999
-0.712 -0.713 -0.71 -9999 -0.7 -0.697 -0.696 -0.708 -9999 -0.719 -0.7 -0.709 -0.722 -9999 -0.737 -0.75 -0.75 -0.766 -0.784 -0.789 -0.798 -0.802 -0.802 -0.795 -0.787 -0.795 -0.806 -9999 -0.806 -0.816 -0.819 -0.815 -0.82 -0.847 -0.874 -9999 -9999 -9999 -9999 -9999 -9999 -9999 -9999 -9999 -9999 -9999 -9999 -9999 -9999 -9999 -9999 -9999 -9999 -9999 -9999 -9999 -9999 -9999 -9999 -9999 -9999 -9999 -9999 -9999 -9999 -9999 -9999 -9999 -9999 -9999 -9999 -9999 -9999 -9999 -9999 -9999
-0.712 -0.709 -9999 -9999 -0.7 -0.7 -0.7 -9999 -0.729 -0.711 -0.691 -0.7 -0.71 -9999 -0.74 -0.742 -0.742 -0.758 -0.775 -0.784 -0.794 -0.797 -0.797 -0.791 -0.784 -0.794 -0.805 -0.802 -0.8 -9999 -9999 -0.809 -0.814 -9999 -9999 -9999 -9999 -9999 -9999 -0.877 -0.888 -0.882 -9999 -9999 -9999 -9999 -9999 -9999 -9999 -9999 -9999 -9999 -9999 -9999 -9999 -9999 -9999 -9999 -9999 -9999 -9999 -9999 -9999 -9999 -9999 -9999 -9999 -9999 -9999 -9999 -9999 -9999 -9999 -9999 -9999 -9999
-0.705 -9999 -9999 -0.701 -0.7 -0.699 -0.702 -9999 -0.715 -0.705 -0.707 -0.711 -0.709 -9999 -9999 -9999 -0.743 -0.755 -0.764 -0.775 -0.787 -0.789 -0.788 -0.782 -0.775 -0.783 -0.791 -0.789 -0.791 -0.798 -0.818 -0.827 -0.844 -9999 -9999 -9999 -9999 -9999 -0.843 -0.86 -0.86 -0.857 -0.856 -9999 -9999 -9999 -9999 -9999 -9999 -9999 -9999 -9999 -9999 -9999 -9999 -9999 -9999 -9999 -9999 -9999 -9999 -9999 -9999 -9999 -9999 -9999 -9999 -9999 -9999 -9999 -9999 -9999 -9999 -9999 -9999 -9999
-0.698 -9999 -9999 -9999 -0.696 -0.698 -0.7 -9999 -0.708 -9999 -0.712 -0.71 -0.707 -9999 -0.733 -0.736 -0.737 -9999 -0.754 -0.765 -0.778 -0.779 -0.779 -0.774 -0.767 -0.773 -0.781 -0.781 -0.782 -0.798 -0.814 -0.826 -0.84 -0.829 -0.814 -0.821 -9999 -0.824 -0.826 -0.826 -0.827 -0.822 -0.815 -0.81 -0.803 -9999 -9999 -9999 -9999 -9999 -9999 -9999 -9999 -9999 -9999 -9999 -9999 -9999 -9999 -9999 -9999 -9999 -9999 -9999 -9999 -9999 -9999 -9999 -9999 -9999 -9999 -9999 -9999 -9999 -9999 -9999
-9999 -9999 -9999 -9999 -0.685 -0.682 -0.672 -9999 -0.693 -9999 -0.701 -0.702 -9999 -0.716 -0.73 -0.73 -0.73 -0.735 -0.736 -0.737 -0.722 -0.728 -0.748 -0.747 -0.752 -0.763 -0.784 -0.782 -0.774 -0.791 -0.825 -0.818 -0.779 -0.778 -0.801 -0.807 -0.813 -0.808 -0.801 -0.793 -0.772 -0.757 -0.734 -0.726 -0.72 -0.742 -0.709 -0.661 -9999 -9999 -9999 -9999 -9999 -9999 -9999 -9999 -9999 -9999 -9999 -9999 -9999 -9999 -9999 -9999 -9999 -9999 -9999 -9999 -9999 -9999 -9999 -9999 -9999 -9999 -9999 -9999
-9999 -9999 -9999 -9999 -0.679 -0.67 -0.66 -0.672 -9999 -9999 -0.695 -0.702 -9999 -0.716 -0.727 -0.726 -0.724 -0.722 -0.723 -0.711 -0.696 -0.712 -0.73 -0.737 -0.742 -0.758 -0.773 -0.764 -0.755 -0.781 -0.813 -0.78 -0.74 -0.757 -0.78 -0.783 -0.788 -0.78 -0.765 -0.745 -0.722 -0.7 -0.675 -0.665 -0.656 -0.663 -0.674 -0.648 -0.612 -9999 -9999 -9999 -9999 -9999 -9999 -9999 -9999 -9999 -9999 -9999 -9999 -9999 -9999 -9999 -9999 -9999 -9999 -9999 -9999 -9999 -9999 -9999 -9999 -9999 -9999 -9999
-9999 -9999 -9999 -9999 -0.678 -0.674 -0.673 -0.68 -9999 -9999 -0.69 -0.698 -9999 -9999 -0.713 -0.711 -0.71 -0.708 -0.708 -0.696 -0.686 -0.706 -0.736 -0.741 -0.736 -0.741 -0.739 -0.735 -0.743 -0.76 -0.766 -0.74 -0.727 -0.736 -0.734 -0.731 -0.718 -0.712 -0.729 -0.711 -0.696 -0.668 -0.625 -0.61 -0.589 -0.594 -0.606 -0.591 -0.586 -9999 -9999 -9999 -9999 -9999 -9999 -9999 -9999 -9999 -9999 -9999 -9999 -9999 -9999 -9999 -9999 -9999 -9999 -9999 -9999 -9999 -9999 -9999 -9999 -9999 -9999 -9999
-9999 -9999 -9999 -9999 -0.676 -0.676 -0.676 -9999 -9999 -9999 -9999 -0.693 -9999 -0.705 -0.706 -0.705 -0.703 -0.702 -0.701 -0.691 -0.679 -0.702 -0.729 -0.724 -0.718 -0.715 -0.712 -0.717 -0.725 -0.728 -0.732 -0.72 -0.707 -0.703 -0.699 -0.685 -0.664 -0.675 -0.69 -0.676 -0.661 -0.623 -0.58 -0.559 -0.536 -0.545 -0.562 -0.555 -0.549 -0.537 -9999 -9999 -9999 -9999 -9999 -9999 -9999 -9999 -9999 -9999 -9999 -9999 -9999 -9999 -9999 -9999 -9999 -9999 -9999 -9999 -9999 -9999 -9999 -9999 -9999 -9999
-9999 -9999 -0.635 -0.642 -0.646 -0.651 -9999 -9999 -0.667 -9999 -9999 -9999 -9999 -0.693 -0.711 -0.71 -0.708 -0.705 -0.698 -0.695 -0.703 -0.713 -0.708 -0.703 -0.703 -0.7 -0.693 -0.7 -0.714 -0.709 -0.691 -0.677 -0.664 -0.659 -0.65 -0.636 -0.636 -0.643 -0.649 -0.635 -0.622 -0.591 -0.567 -0.544 -0.507 -0.519 -0.538 -0.529 -0.515 -0.501 -9999 -9999 -9999 -9999 -9999 -9999 -9999 -9999 -9999 -9999 -9999 -9999 -9999 -9999 -9999 -9999 -9999 -9999 -9999 -9999 -9999 -9999 -9999 -9999 -9999 -9999
-9999 -9999 -9999 -0.633 -0.633 -0.646 -9999 -0.662 -0.664 -0.661 -9999 -9999 -9999 -9999 -0.71 -0.71 -0.708 -0.703 -0.696 -0.702 -0.705 -0.698 -0.692 -0.69 -0.689 -0.682 -0.674 -0.683 -0.694 -0.678 -0.658 -0.646 -0.632 -0.622 -0.607 -0.604 -0.603 -0.606 -0.612 -0.601 -0.589 -0.569 -0.548 -0.517 -0.482 -0.494 -0.511 -0.495 -0.478 -0.465 -0.449 -9999 -9999 -9999 -9999 -9999 -9999 -9999 -9999 -9999 -9999 -9999 -9999 -9999 -9999 -9999 -9999 -9999 -9999 -9999 -9999 -9999 -9999 -9999 -9999 -9999
-9999 -9999 -9999 -0.619 -0.621 -0.636 -9999 -0.659 -0.651 -0.647 -9999 -9999 -9999 -9999 -9999 -0.692 -0.683 -0.68 -0.681 -0.678 -0.673 -0.669 -0.675 -0.673 -0.675 -0.665 -0.648 -0.647 -0.638 -0.625 -0.624 -0.62 -0.626 -0.606 -0.577 -0.571 -0.562 -0.558 -0.547 -0.544 -0.563 -0.544 -0.524 -0.5 -0.481 -0.482 -0.462 -0.446 -0.431 -0.428 -0.415 -0.395 -9999 -9999 -9999 -9999 -9999 -9999 -9999 -9999 -9999 -9999 -9999 -9999 -9999 -9999 -9999 -9999 -9999 -9999 -9999 -9999 -9999 -9999 -9999 -9999
-9999 -9999 -9999 -0.615 -0.615 -9999 -9999 -0.652 -0.645 -0.645 -0.654 -9999 -9999 -9999 -9999 -9999 -0.671 -0.672 -0.666 -0.659 -0.652 -0.655 -0.659 -0.659 -0.66 -0.646 -0.629 -0.618 -0.607 -0.604 -0.604 -0.609 -0.61 -0.583 -0.555 -0.545 -0.534 -0.522 -0.51 -0.522 -0.539 -0.521 -0.5 -0.483 -0.465 -0.446 -0.424 -0.408 -0.393 -0.39 -0.384 -0.363 -0.342 -0.33 -9999 -9999 -9999 -9999 -9999 -9999 -9999 -9999 -9999 -9999 -9999 -9999 -9999 -9999 -9999 -9999 -9999 -9999 -9999 -9999 -9999 -9999
-9999 -9999 -9999 -0.613 -0.632 -9999 -9999 -0.641 -0.638 -0.643 -9999 -9999 -9999 -9999 -9999 -9999 -0.661 -0.654 -0.646 -0.64 -0.639 -0.641 -0.644 -0.641 -0.636 -0.628 -0.629 -0.617 -0.599 -0.601 -0.606 -0.598 -0.577 -0.56 -0.557 -0.544 -0.527 -0.501 -0.449 -0.461 -0.486 -0.464 -0.443 -0.423 -0.406 -0.389 -0.381 -0.363 -0.347 -0.347 -0.347 -0.327 -0.305 -0.276 -9999 -9999 -9999 -9999 -9999 -9999 -9999 -9999 -9999 -9999 -9999 -9999 -9999 -9999 -9999 -9999 -9999 -9999 -9999 -9999 -9999 -9999
-9999 -9999 -9999 -0.628 -0.642 -9999 -9999 -9999 -0.634 -0.645 -0.66 -9999 -9999 -9999 -9999 -9999 -0.648 -0.639 -0.63 -0.627 -0.625 -0.625 -0.628 -0.622 -0.617 -0.617 -0.618 -0.603 -0.588 -0.592 -0.592 -0.572 -0.552 -0.547 -0.545 -0.529 -0.512 -0.467 -0.415 -0.43 -0.449 -0.428 -0.404 -0.386 -0.366 -0.356 -0.346 -0.327 -0.305 -0.303 -0.306 -0.284 -0.259 -0.23 -9999 -9999 -9999 -9999 -9999 -9999 -9999 -9999 -9999 -9999 -9999 -9999 -9999 -9999 -9999 -9999 -9999 -9999 -9999 -9999 -9999 -9999
-9999 -9999 -0.606 -0.62 -0.66 -9999 -9999 -9999 -9999 -9999 -9999 -9999 -9999 -9999 -9999 -9999 -0.641 -0.631 -0.622 -0.618 -0.613 -0.612 -0.609 -0.602 -0.594 -0.589 -0.577 -0.568 -0.566 -0.569 -0.573 -0.558 -0.55 -0.541 -0.522 -0.508 -0.496 -0.463 -0.444 -0.443 -0.415 -0.397 -0.384 -0.363 -0.337 -0.322 -0.303 -0.274 -0.246 -0.258 -0.266 -0.234 -0.202 -0.183 -0.2 -9999 -9999 -9999 -9999 -9999 -9999 -9999 -9999 -9999 -9999 -9999 -9999 -9999 -9999 -9999 -9999 -9999 -9999 -9999 -9999 -9999
-9999 -0.606 -0.606 -0.632 -0.665 -9999 -9999 -9999 -9999 -9999 -9999 -9999 -9999 -9999 -0.646 -0.641 -0.63 -0.619 -0.609 -0.603 -0.598 -0.594 -0.591 -0.583 -0.575 -0.564 -0.554 -0.551 -0.548 -0.55 -0.553 -0.545 -0.538 -0.52 -0.502 -0.491 -0.477 -0.46 -0.442 -0.416 -0.388 -0.374 -0.362 -0.337 -0.309 -0.29 -0.263 -0.231 -0.204 -0.21 -0.223 -0.191 -0.157 -0.14 -0.144 -9999 -9999 -9999 -9999 -9999 -9999 -9999 -9999 -9999 -9999 -9999 -9999 -9999 -9999 -9999 -9999 -9999 -9999 -9999 -9999 -9999
-9999 -0.605 -0.612 -0.636 -9999 -9999 -9999 -9999 -9999 -9999 -9999 -9999 -9999 -9999 -0.636 -0.628 -0.624 -0.613 -0.605 -0.596 -0.583 -0.581 -0.587 -0.579 -0.57 -0.562 -0.553 -0.552 -0.545 -0.536 -0.513 -0.511 -0.522 -0.514 -0.517 -0.499 -0.469 -0.447 -0.413 -0.392 -0.377 -0.362 -0.343 -0.32 -0.297 -0.269 -0.23 -0.198 -0.177 -0.174 -0.166 -0.151 -0.129 -0.103 -0.106 -9999 -9999 -9999 -9999 -9999 -9999 -9999 -9999 -9999 -9999 -9999 -9999 -9999 -9999 -9999 -9999 -9999 -9999 -9999 -9999 -9999
-9999 -9999 -9999 -9999 -9999 -9999 -9999 -9999 -9999 -9999 -9999 -9999 -9999 -9999 -0.625 -0.619 -0.613 -0.603 -0.595 -0.58 -0.565 -0.567 -0.574 -0.566 -0.558 -0.551 -0.544 -0.541 -0.531 -0.509 -0.486 -0.493 -0.504 -0.506 -0.508 -0.481 -0.451 -0.421 -0.388 -0.373 -0.358 -0.339 -0.32 -0.299 -0.272 -0.235 -0.19 -0.164 -0.142 -0.131 -0.126 -0.111 -0.1 -0.077 -0.069 -9999 -9999 -9999 -9999 -9999 -9999 -9999 -9999 -9999 -9999 -9999 -9999 -9999 -9999 -9999 -9999 -9999 -9999 -9999 -9999 -9999
-9999 -9999 -9999 -9999 -9999 -9999 -9999 -9999 -9999 -9999 -9999 -9999 -9999 -0.629 -0.626 -0.617 -0.604 -0.591 -0.573 -0.555 -0.534 -0.541 -0.56 -0.554 -0.548 -0.536 -0.513 -0.511 -0.515 -0.498 -0.486 -0.485 -0.474 -0.471 -0.462 -0.44 -0.425 -0.398 -0.374 -0.36 -0.35 -0.335 -0.325 -0.294 -0.241 -0.192 -0.124 -0.103 -0.095 -0.1 -0.104 -0.074 -0.054 -0.037 -0.035 -9999 -9999 -9999 -9999 -9999 -9999 -9999 -9999 -9999 -9999 -9999 -9999 -9999 -9999 -9999 -9999 -9999 -9999 -9999 -9999 -9999
-9999 -9999 -9999 -9999 -9999 -9999 -9999 -9999 -9999 -9999 -9999 -9999 -9999 -0.633 -0.617 -0.604 -0.591 -0.573 -0.555 -0.537 -0.518 -0.53 -0.547 -0.54 -0.534 -0.514 -0.491 -0.493 -0.496 -0.483 -0.47 -0.458 -0.446 -0.437 -0.427 -0.413 -0.397 -0.375 -0.352 -0.341 -0.33 -0.32 -0.308 -0.261 -0.204 -0.141 -0.08 -0.067 -0.061 -0.066 -0.079 -0.052 -0.023 -0.006 0.002 -9999 -9999 -9999 -9999 -9999 -9999 -9999 -9999 -9999 -9999 -9999 -9999 -9999 -9999 -9999 -9999 -9999 -9999 -9999 -9999 -9999
-9999 -9999 -9999 -9999 -9999 -9999 -9999 -9999 -9999 -9999 -9999 -9999 -0.633 -0.624 -0.585 -0.573 -0.565 -0.545 -0.522 -0.509 -0.507 -0.511 -0.51 -0.5 -0.493 -0.486 -0.505 -0.496 -0.467 -0.457 -0.456 -0.453 -0.466 -0.441 -0.382 -0.377 -0.389 -0.361 -0.317 -0.303 -0.287 -0.27 -0.24 -0.192 -0.15 -0.1 -0.07 -0.055 -0.032 -0.028 -0.035 -0.023 -0.006 0.015 0.025 0.024 -9999 -9999 -9999 -9999 -9999 -9999 -9999 -9999 -9999 -9999 -9999 -9999 -9999 -9999 -9999 -9999 -9999 -9999 -9999 -9999
