Validation/Results/raw data/ReClimate_10_2024_2weatherlogisticsltd.asc
NCOLS 192
NROWS 249
XLLCENTER -225160.85627316462
YLLCENTER 29788.11610251502
CELLSIZE 5000.0
NODATA_VALUE -9999
[rows 99 to 131 of 249, columns 75 to 149 of 192]
92.814 92.871 92.924 93.013 93.001 93.047 93.157 -9999 -9999 93.57 93.719 94.098 94.388 94.636 94.594 94.602 94.867 94.969 95.115 95.051 95.384 95.913 96.089 96.248 96.389 96.505 96.55 96.51 96.626 96.764 96.71 96.814 97.134 97.287 97.374 97.468 97.572 97.683 97.771 97.834 97.899 97.972 98.055 98.14 -9999 -9999 -9999 -9999 -9999 -9999 -9999 -9999 -9999 -9999 -9999 -9999 -9999 -9999 -9999 -9999 -9999 -9999 -9999 -9999 -9999 -9999 -9999 -9999 -9999 -9999 -9999 -9999 -9999 -9999 -9999
92.942 92.919 -9999 -9999 92.928 92.996 -9999 -9999 -9999 93.307 93.598 93.982 94.235 94.475 94.504 94.488 94.66 94.909 94.941 95.089 95.48 95.703 95.874 96.048 96.165 96.254 96.22 96.306 96.422 96.493 96.59 96.707 96.853 96.963 97.062 97.163 97.263 97.371 97.46 97.525 97.59 97.663 97.746 97.829 -9999 -9999 -9999 -9999 -9999 -9999 -9999 -9999 -9999 -9999 -9999 -9999 -9999 -9999 -9999 -9999 -9999 -9999 -9999 -9999 -9999 -9999 -9999 -9999 -9999 -9999 -9999 -9999 -9999 -9999 -9999
-9999 93.095 93.019 92.848 -9999 -9999 -9999 -9999 93.155 93.174 93.538 94.163 94.335 94.39 94.348 94.199 94.387 94.467 94.582 94.634 95.018 95.538 95.685 95.793 95.887 95.962 96.034 96.138 96.168 96.147 96.306 96.481 96.57 96.633 96.752 96.866 96.963 97.065 97.151 97.212 97.271 97.335 97.405 -9999 -9999 -9999 -9999 -9999 -9999 -9999 -9999 -9999 -9999 -9999 -9999 -9999 -9999 -9999 -9999 -9999 -9999 -9999 -9999 -9999 -9999 -9999 -9999 -9999 -9999 -9999 -9999 -9999 -9999 -9999 -9999
93.35 93.31 93.254 93.311 93.014 92.837 -9999 -9999 93.172 -9999 -9999 92.941 93.17 94.057 94.01 94.003 94.167 94.448 94.633 95.052 95.356 95.3 95.401 95.5 95.591 95.683 95.774 95.864 95.899 96.013 96.126 96.188 96.267 96.348 96.462 96.576 96.671 96.769 96.852 96.911 96.964 97.028 -9999 -9999 -9999 -9999 -9999 -9999 -9999 -9999 -9999 -9999 -9999 -9999 -9999 -9999 -9999 -9999 -9999 -9999 -9999 -9999 -9999 -9999 -9999 -9999 -9999 -9999 -9999 -9999 -9999 -9999 -9999 -9999 -9999
93.558 93.514 93.533 93.465 -9999 -9999 -9999 93.295 93.226 92.82 92.636 92.702 93.368 94.129 94.08 93.945 94.205 94.467 94.778 94.989 94.995 94.997 95.101 95.199 95.295 95.39 95.483 95.574 95.67 95.759 95.829 95.927 96.005 96.096 96.197 96.289 96.382 -9999 -9999 96.619 -9999 -9999 -9999 -9999 -9999 -9999 -9999 -9999 -9999 -9999 -9999 -9999 -9999 -9999 -9999 -9999 -9999 -9999 -9999 -9999 -9999 -9999 -9999 -9999 -9999 -9999 -9999 -9999 -9999 -9999 -9999 -9999 -9999 -9999 -9999
93.761 93.712 -9999 93.596 -9999 -9999 -9999 93.332 93.16 93.122 93.166 93.219 93.622 93.803 93.785 94.055 94.212 94.229 94.381 94.454 94.552 94.694 94.799 94.901 95.0 95.096 95.191 95.284 95.375 95.466 95.555 95.643 95.732 95.821 95.91 96.001 -9999 96.19 96.272 96.332 96.402 -9999 -9999 -9999 -9999 -9999 -9999 -9999 -9999 -9999 -9999 -9999 -9999 -9999 -9999 -9999 -9999 -9999 -9999 -9999 -9999 -9999 -9999 -9999 -9999 -9999 -9999 -9999 -9999 -9999 -9999 -9999 -9999 -9999 -9999
93.961 -9999 -9999 -9999 -9999 93.538 93.396 93.421 93.372 93.339 93.331 93.3 93.418 93.571 93.692 93.809 93.832 93.935 94.041 94.243 94.365 94.402 94.506 94.601 94.702 94.801 94.897 94.991 95.084 95.175 95.265 95.354 95.442 95.53 -9999 95.708 95.8 95.893 95.974 96.033 96.14 -9999 -9999 -9999 -9999 -9999 -9999 -9999 -9999 -9999 -9999 -9999 -9999 -9999 -9999 -9999 -9999 -9999 -9999 -9999 -9999 -9999 -9999 -9999 -9999 -9999 -9999 -9999 -9999 -9999 -9999 -9999 -9999 -9999 -9999
-9999 -9999 -9999 -9999 -9999 93.782 93.663 93.566 93.515 93.554 93.518 93.525 93.569 93.472 93.534 93.655 93.638 93.661 93.803 93.943 93.994 94.048 94.142 94.297 94.4 94.501 94.599 94.695 94.789 94.88 94.97 95.059 95.147 95.234 95.32 95.408 95.497 95.599 95.701 95.788 95.874 95.969 -9999 -9999 -9999 -9999 -9999 -9999 -9999 -9999 -9999 -9999 -9999 -9999 -9999 -9999 -9999 -9999 -9999 -9999 -9999 -9999 -9999 -9999 -9999 -9999 -9999 -9999 -9999 -9999 -9999 -9999 -9999 -9999 -9999
-9999 -9999 -9999 -9999 94.07 -9999 -9999 93.753 93.73 93.737 93.721 93.749 -9999 -9999 93.419 93.658 93.581 93.547 93.636 93.795 93.835 93.838 93.953 94.051 94.128 94.21 94.3 94.393 94.475 94.54 94.623 94.649 94.777 94.943 95.033 95.108 95.256 95.388 95.493 95.584 95.669 95.749 95.924 -9999 -9999 -9999 -9999 -9999 -9999 -9999 -9999 -9999 -9999 -9999 -9999 -9999 -9999 -9999 -9999 -9999 -9999 -9999 -9999 -9999 -9999 -9999 -9999 -9999 -9999 -9999 -9999 -9999 -9999 -9999 -9999
-9999 -9999 -9999 -9999 94.255 -9999 94.044 93.914 93.846 93.763 93.734 93.749 93.562 93.428 93.527 93.511 93.432 93.349 93.401 93.527 93.581 93.687 93.771 93.847 93.926 94.011 94.098 94.188 94.261 94.361 94.413 94.504 94.637 94.736 94.826 94.95 95.076 95.194 95.292 95.379 95.463 95.544 -9999 -9999 -9999 -9999 -9999 -9999 -9999 -9999 -9999 -9999 -9999 -9999 -9999 -9999 -9999 -9999 -9999 -9999 -9999 -9999 -9999 -9999 -9999 -9999 -9999 -9999 -9999 -9999 -9999 -9999 -9999 -9999 -9999
-9999 -9999 -9999 -9999 94.441 -9999 94.227 94.134 94.083 94.134 93.998 -9999 93.701 93.616 -9999 93.75 93.648 93.526 93.507 93.44 93.483 93.564 93.635 93.746 93.812 93.847 94.015 94.321 94.326 94.201 94.352 94.622 94.646 94.57 94.675 94.784 94.894 94.997 -9999 -9999 -9999 -9999 -9999 -9999 -9999 -9999 -9999 -9999 -9999 -9999 -9999 -9999 -9999 -9999 -9999 -9999 -9999 -9999 -9999 -9999 -9999 -9999 -9999 -9999 -9999 -9999 -9999 -9999 -9999 -9999 -9999 -9999 -9999 -9999 -9999
-9999 -9999 94.803 94.726 -9999 -9999 94.445 94.264 94.225 94.114 93.949 93.953 93.864 93.748 -9999 93.393 93.373 93.533 93.416 93.285 93.285 93.355 93.431 93.461 93.541 93.683 93.857 93.874 93.881 94.034 94.149 94.054 94.101 94.383 94.489 94.601 94.702 -9999 -9999 -9999 -9999 -9999 -9999 -9999 -9999 -9999 -9999 -9999 -9999 -9999 -9999 -9999 -9999 -9999 -9999 -9999 -9999 -9999 -9999 -9999 -9999 -9999 -9999 -9999 -9999 -9999 -9999 -9999 -9999 -9999 -9999 -9999 -9999 -9999 -9999
-9999 95.064 94.996 94.899 -9999 94.73 94.609 94.459 94.325 -9999 94.088 94.069 93.933 93.826 -9999 93.57 93.656 93.69 93.559 93.537 93.403 93.127 92.993 92.673 92.951 93.482 93.486 93.447 -9999 93.961 93.938 93.986 94.173 94.217 94.316 94.41 -9999 -9999 -9999 -9999 -9999 -9999 -9999 -9999 -9999 -9999 -9999 -9999 -9999 -9999 -9999 -9999 -9999 -9999 -9999 -9999 -9999 -9999 -9999 -9999 -9999 -9999 -9999 -9999 -9999 -9999 -9999 -9999 -9999 -9999 -9999 -9999 -9999 -9999 -9999
-9999 95.257 95.167 -9999 -9999 94.915 94.79 94.667 -9999 94.294 94.19 94.06 93.922 93.826 -9999 93.656 93.621 93.483 93.427 93.334 93.042 92.78 92.632 93.022 93.382 93.588 93.52 93.429 93.594 93.562 -9999 -9999 93.938 94.039 -9999 -9999 -9999 -9999 -9999 -9999 94.62 94.697 94.773 -9999 -9999 -9999 -9999 -9999 -9999 -9999 -9999 -9999 -9999 -9999 -9999 -9999 -9999 -9999 -9999 -9999 -9999 -9999 -9999 -9999 -9999 -9999 -9999 -9999 -9999 -9999 -9999 -9999 -9999 -9999 -9999
95.6 95.228 -9999 -9999 95.203 95.114 94.987 94.859 -9999 94.539 94.37 94.23 94.093 93.981 -9999 -9999 -9999 93.366 93.276 93.21 93.019 92.897 93.191 93.651 93.798 93.868 93.681 93.321 93.209 92.93 93.238 93.678 93.767 93.852 -9999 -9999 -9999 -9999 -9999 94.337 94.412 94.511 94.583 94.71 -9999 -9999 -9999 -9999 -9999 -9999 -9999 -9999 -9999 -9999 -9999 -9999 -9999 -9999 -9999 -9999 -9999 -9999 -9999 -9999 -9999 -9999 -9999 -9999 -9999 -9999 -9999 -9999 -9999 -9999 -9999
95.807 95.872 -9999 -9999 -9999 95.328 95.194 95.052 -9999 94.699 -9999 94.277 94.114 93.956 -9999 93.627 93.502 93.412 -9999 93.145 93.045 92.964 93.083 92.956 93.018 93.153 92.985 93.014 92.926 93.106 93.389 93.514 93.599 93.672 93.783 93.889 93.976 -9999 94.098 94.128 94.23 94.376 94.538 94.742 94.957 95.185 -9999 -9999 -9999 -9999 -9999 -9999 -9999 -9999 -9999 -9999 -9999 -9999 -9999 -9999 -9999 -9999 -9999 -9999 -9999 -9999 -9999 -9999 -9999 -9999 -9999 -9999 -9999 -9999 -9999
96.289 -9999 -9999 -9999 -9999 95.552 95.411 95.269 -9999 94.848 -9999 94.381 94.211 -9999 93.826 93.668 93.521 93.367 93.212 93.087 92.982 92.898 92.785 92.789 92.828 92.997 93.004 92.939 93.033 93.051 93.197 93.384 93.467 93.561 93.657 93.744 93.829 93.911 93.962 94.052 94.155 94.14 94.306 94.722 94.844 94.804 95.561 95.983 96.552 -9999 -9999 -9999 -9999 -9999 -9999 -9999 -9999 -9999 -9999 -9999 -9999 -9999 -9999 -9999 -9999 -9999 -9999 -9999 -9999 -9999 -9999 -9999 -9999 -9999 -9999
96.408 -9999 -9999 -9999 -9999 95.787 95.638 95.473 95.251 -9999 -9999 94.521 94.258 -9999 93.921 93.727 93.536 93.358 93.182 93.039 92.924 92.839 92.788 92.692 92.677 92.637 92.637 92.714 92.854 93.179 93.289 93.264 93.354 93.441 93.526 93.611 93.694 93.773 93.88 94.088 94.208 94.331 94.654 94.898 94.864 94.763 95.333 95.981 96.318 96.903 -9999 -9999 -9999 -9999 -9999 -9999 -9999 -9999 -9999 -9999 -9999 -9999 -9999 -9999 -9999 -9999 -9999 -9999 -9999 -9999 -9999 -9999 -9999 -9999 -9999
-9999 -9999 -9999 -9999 -9999 96.035 95.876 95.685 95.435 -9999 -9999 94.637 94.312 -9999 -9999 93.802 93.594 93.388 93.203 93.031 92.786 92.399 92.387 92.468 92.408 92.446 92.528 92.64 92.849 92.932 92.983 93.143 93.122 92.925 93.139 93.481 93.571 93.705 93.944 94.179 94.351 94.456 94.71 95.01 95.101 95.414 95.863 96.16 96.493 96.861 -9999 -9999 -9999 -9999 -9999 -9999 -9999 -9999 -9999 -9999 -9999 -9999 -9999 -9999 -9999 -9999 -9999 -9999 -9999 -9999 -9999 -9999 -9999 -9999 -9999
-9999 -9999 -9999 -9999 -9999 96.298 96.126 95.9 -9999 -9999 -9999 -9999 94.527 -9999 94.101 93.876 93.657 93.449 93.251 93.069 92.792 92.75 92.696 92.579 92.508 92.457 92.49 92.505 92.608 92.728 92.872 93.022 92.897 92.842 93.116 93.368 93.535 93.785 94.028 94.268 94.358 94.352 94.675 95.054 95.379 95.752 96.047 96.366 96.701 97.073 97.467 -9999 -9999 -9999 -9999 -9999 -9999 -9999 -9999 -9999 -9999 -9999 -9999 -9999 -9999 -9999 -9999 -9999 -9999 -9999 -9999 -9999 -9999 -9999 -9999
-9999 -9999 -9999 96.718 96.568 96.411 96.256 -9999 -9999 95.534 -9999 -9999 -9999 -9999 94.19 93.953 93.727 93.514 93.312 93.124 92.994 92.834 92.689 92.574 92.465 92.405 92.378 92.486 92.641 92.829 92.921 92.973 92.904 92.767 92.742 92.53 92.886 93.501 93.83 94.287 94.427 94.723 95.042 95.31 95.639 95.932 96.24 96.567 96.839 97.101 97.621 -9999 -9999 -9999 -9999 -9999 -9999 -9999 -9999 -9999 -9999 -9999 -9999 -9999 -9999 -9999 -9999 -9999 -9999 -9999 -9999 -9999 -9999 -9999 -9999
-9999 -9999 -9999 -9999 96.981 96.771 96.614 -9999 96.034 95.728 95.262 -9999 -9999 -9999 -9999 94.034 93.801 93.58 93.372 93.176 92.998 92.86 92.738 92.634 92.512 92.403 92.376 92.444 92.574 92.624 92.698 92.785 92.767 92.823 92.802 92.992 93.399 93.51 93.934 94.429 94.715 94.978 95.249 95.528 95.815 96.115 96.429 96.764 96.898 97.174 97.832 98.234 -9999 -9999 -9999 -9999 -9999 -9999 -9999 -9999 -9999 -9999 -9999 -9999 -9999 -9999 -9999 -9999 -9999 -9999 -9999 -9999 -9999 -9999 -9999
-9999 -9999 -9999 -9999 97.367 97.168 96.925 -9999 96.276 95.962 95.502 -9999 -9999 -9999 -9999 -9999 93.87 93.646 93.429 93.232 93.082 92.949 92.827 92.699 92.451 92.008 91.99 92.045 92.223 92.551 92.594 92.589 92.651 92.738 92.979 93.22 93.416 93.714 94.184 94.608 94.861 95.132 95.409 95.694 95.988 96.294 96.578 96.813 96.976 97.518 98.019 98.387 98.879 -9999 -9999 -9999 -9999 -9999 -9999 -9999 -9999 -9999 -9999 -9999 -9999 -9999 -9999 -9999 -9999 -9999 -9999 -9999 -9999 -9999 -9999
-9999 -9999 -9999 -9999 97.901 97.558 -9999 -9999 96.529 96.206 95.721 95.198 -9999 -9999 -9999 -9999 -9999 93.711 93.492 93.323 93.174 93.032 92.896 92.763 92.464 92.363 92.256 92.195 92.418 92.534 92.551 92.612 92.65 92.793 93.039 93.403 93.674 93.979 94.38 94.81 95.009 95.283 95.566 95.857 96.158 96.472 96.753 97.12 97.405 97.776 98.205 98.586 99.059 99.53 100.019 -9999 -9999 -9999 -9999 -9999 -9999 -9999 -9999 -9999 -9999 -9999 -9999 -9999 -9999 -9999 -9999 -9999 -9999 -9999 -9999
-9999 -9999 -9999 -9999 98.395 97.994 -9999 -9999 96.824 96.451 95.923 -9999 -9999 -9999 -9999 -9999 -9999 93.781 93.587 93.418 93.261 93.111 92.966 92.825 92.661 92.431 92.223 92.094 92.16 92.126 92.004 91.621 91.842 92.096 92.623 93.587 93.819 93.863 94.378 95.057 95.276 95.407 95.71 96.02 96.3 96.541 96.576 96.06 96.562 97.757 98.539 98.953 99.411 99.869 100.333 -9999 -9999 -9999 -9999 -9999 -9999 -9999 -9999 -9999 -9999 -9999 -9999 -9999 -9999 -9999 -9999 -9999 -9999 -9999 -9999
-9999 -9999 -9999 -9999 98.869 98.428 -9999 -9999 -9999 96.664 96.26 95.898 -9999 -9999 -9999 -9999 -9999 93.883 93.687 93.509 93.342 93.184 93.031 92.882 92.73 92.685 92.482 92.397 92.344 92.281 92.064 92.115 92.483 92.953 93.584 93.852 94.044 94.402 94.924 95.215 95.388 95.593 95.894 96.184 96.46 96.791 96.438 96.076 97.032 98.446 98.901 99.345 99.789 100.233 100.682 -9999 -9999 -9999 -9999 -9999 -9999 -9999 -9999 -9999 -9999 -9999 -9999 -9999 -9999 -9999 -9999 -9999 -9999 -9999 -9999
-9999 -9999 -9999 99.776 99.414 98.951 -9999 -9999 -9999 -9999 -9999 -9999 -9999 -9999 -9999 -9999 -9999 94.017 93.786 93.596 93.42 93.252 93.036 92.726 92.678 92.688 92.502 92.406 92.182 91.762 91.862 92.231 92.717 93.27 93.442 93.48 93.926 94.573 94.892 95.243 95.467 95.711 95.894 95.891 96.275 96.668 96.385 96.418 98.317 98.823 99.263 99.699 100.131 100.562 100.997 101.194 -9999 -9999 -9999 -9999 -9999 -9999 -9999 -9999 -9999 -9999 -9999 -9999 -9999 -9999 -9999 -9999 -9999 -9999 -9999
-9999 -9999 100.479 100.294 99.953 99.488 -9999 -9999 -9999 -9999 -9999 -9999 -9999 -9999 -9999 94.79 94.45 94.158 93.908 93.682 93.493 93.316 93.099 93.014 92.906 92.655 92.488 92.414 92.195 92.384 92.641 92.768 93.224 93.525 93.682 93.984 94.449 94.71 95.026 95.29 95.586 95.95 96.059 96.315 96.656 96.902 96.959 98.138 98.699 99.167 99.597 100.023 100.444 100.864 101.286 101.538 -9999 -9999 -9999 -9999 -9999 -9999 -9999 -9999 -9999 -9999 -9999 -9999 -9999 -9999 -9999 -9999 -9999 -9999 -9999
-9999 -9999 100.916 100.825 100.399 -9999 -9999 -9999 -9999 -9999 -9999 -9999 -9999 -9999 -9999 94.928 94.602 94.116 93.83 93.563 93.382 93.291 92.935 92.257 92.165 92.309 92.285 92.436 92.486 92.687 92.924 93.257 93.613 93.991 94.176 94.266 94.516 94.775 94.996 95.127 95.475 95.734 95.876 95.739 96.054 96.948 97.944 98.526 99.051 99.485 99.909 100.323 100.735 101.145 101.556 101.84 -9999 -9999 -9999 -9999 -9999 -9999 -9999 -9999 -9999 -9999 -9999 -9999 -9999 -9999 -9999 -9999 -9999 -9999 -9999
-9999 -9999 -9999 -9999 -9999 -9999 -9999 -9999 -9999 -9999 -9999 -9999 -9999 -9999 -9999 95.075 94.695 94.426 94.155 93.945 93.732 93.403 93.006 93.02 92.954 92.665 92.622 92.451 92.493 92.784 93.109 93.407 93.634 93.563 93.787 94.343 94.642 95.008 95.239 95.637 95.91 96.206 96.302 96.537 97.084 97.744 98.321 98.883 99.356 99.782 100.196 100.604 101.008 101.409 101.811 102.111 -9999 -9999 -9999 -9999 -9999 -9999 -9999 -9999 -9999 -9999 -9999 -9999 -9999 -9999 -9999 -9999 -9999 -9999 -9999
-9999 -9999 -9999 -9999 -9999 -9999 -9999 -9999 -9999 -9999 -9999 -9999 -9999 -9999 95.728 95.244 94.789 94.081 93.96 94.089 93.784 93.542 93.476 93.445 93.154 92.887 92.667 92.477 92.582 92.927 93.25 93.559 93.641 93.859 94.257 94.537 94.856 95.17 95.515 95.818 96.107 96.401 96.728 97.077 97.534 98.111 98.683 99.211 99.644 100.062 100.47 100.871 101.268 101.661 102.054 102.362 -9999 -9999 -9999 -9999 -9999 -9999 -9999 -9999 -9999 -9999 -9999 -9999 -9999 -9999 -9999 -9999 -9999 -9999 -9999
-9999 -9999 -9999 -9999 -9999 -9999 -9999 -9999 -9999 -9999 -9999 -9999 -9999 -9999 95.94 95.422 94.927 94.744 94.606 94.19 93.917 93.653 93.494 93.251 93.01 92.866 92.654 92.527 92.723 93.071 93.412 93.705 93.942 94.194 94.453 94.717 95.022 95.358 95.65 95.959 96.25 96.541 96.858 97.325 97.895 98.466 99.022 99.494 99.917 100.329 100.732 101.127 101.517 101.903 102.289 102.598 -9999 -9999 -9999 -9999 -9999 -9999 -9999 -9999 -9999 -9999 -9999 -9999 -9999 -9999 -9999 -9999 -9999 -9999 -9999
-9999 -9999 -9999 -9999 -9999 -9999 -9999 -9999 -9999 -9999 -9999 -9999 -9999 96.768 96.156 95.628 95.364 95.163 94.735 94.312 94.033 93.772 93.513 93.275 93.074 92.864 92.651 92.601 92.863 93.218 93.553 93.837 94.114 94.379 94.647 94.929 95.319 95.841 96.103 96.348 96.577 96.678 97.088 97.673 98.246 98.811 99.331 99.761 100.178 100.585 100.982 101.373 101.758 102.131 102.487 102.783 103.045 -9999 -9999 -9999 -9999 -9999 -9999 -9999 -9999 -9999 -9999 -9999 -9999 -9999 -9999 -9999 -9999 -9999 -9999
