Validation/Results/raw data/ReClimate_05_2024_2_Precipitation-Actuals.asc
NCOLS 192
NROWS 249
XLLCENTER -225160.85627316462
YLLCENTER 29788.11610251502
CELLSIZE 5000.0
NODATA_VALUE -9999
[rows 99 to 131 of 249, columns 74 to 147 of 192]
152.355 147.851 150.672 150.423 159.938 167.831 167.108 173.057 -9999 -9999 115.221 195.196 223.348 244.965 241.986 230.934 212.222 172.538 162.158 149.164 146.805 138.999 124.17 108.541 103.66 108.119 98.876 100.288 103.555 102.745 101.301 100.769 103.323 105.126 99.283 97.554 93.552 85.247 83.481 85.117 85.421 84.213 86.659 87.796 82.524 -9999 -9999 -9999 -9999 -9999 -9999 -9999 -9999 -9999 -9999 -9999 -9999 -9999 -9999 -9999 -9999 -9999 -9999 -9999 -9999 -9999 -9999 -9999 -9999 -9999 -9999 -9999 -9999 -9999
139.431 159.451 143.55 -9999 -9999 154.259 163.965 -9999 -9999 -9999 127.201 188.153 249.324 257.152 278.143 223.826 176.449 169.475 182.071 172.994 144.364 135.882 118.889 118.993 124.981 109.99 91.442 115.355 125.395 119.105 102.226 101.156 101.514 99.879 90.227 93.74 92.416 98.274 108.577 103.37 95.65 90.989 91.051 85.097 80.07 -9999 -9999 -9999 -9999 -9999 -9999 -9999 -9999 -9999 -9999 -9999 -9999 -9999 -9999 -9999 -9999 -9999 -9999 -9999 -9999 -9999 -9999 -9999 -9999 -9999 -9999 -9999 -9999 -9999
141.051 -9999 147.13 157.39 180.029 -9999 -9999 -9999 -9999 144.285 148.13 200.653 218.755 230.563 233.744 204.767 191.954 201.709 217.292 178.358 172.714 129.77 132.843 142.559 113.804 88.955 123.614 148.3 138.056 106.463 104.97 102.709 101.085 90.362 90.773 93.049 99.938 117.372 104.173 97.758 90.158 90.727 86.83 81.55 -9999 -9999 -9999 -9999 -9999 -9999 -9999 -9999 -9999 -9999 -9999 -9999 -9999 -9999 -9999 -9999 -9999 -9999 -9999 -9999 -9999 -9999 -9999 -9999 -9999 -9999 -9999 -9999 -9999 -9999
147.598 185.065 219.861 265.004 277.241 185.4 144.313 -9999 -9999 144.395 -9999 -9999 170.482 242.409 226.844 185.414 201.641 238.616 202.961 205.632 187.412 159.507 142.614 122.581 121.546 136.221 157.753 142.403 117.71 132.038 122.171 101.548 89.988 86.898 91.381 97.554 111.091 100.775 99.05 83.793 85.41 86.18 83.392 -9999 -9999 -9999 -9999 -9999 -9999 -9999 -9999 -9999 -9999 -9999 -9999 -9999 -9999 -9999 -9999 -9999 -9999 -9999 -9999 -9999 -9999 -9999 -9999 -9999 -9999 -9999 -9999 -9999 -9999 -9999
166.526 186.299 228.349 289.8 244.846 -9999 -9999 -9999 151.372 161.909 160.645 167.235 191.074 210.863 177.747 164.022 208.301 208.079 186.29 166.467 158.255 149.539 142.23 143.447 121.501 138.792 135.134 132.731 142.126 121.899 110.093 95.735 90.584 91.206 90.269 95.592 88.115 85.196 -9999 -9999 81.548 -9999 -9999 -9999 -9999 -9999 -9999 -9999 -9999 -9999 -9999 -9999 -9999 -9999 -9999 -9999 -9999 -9999 -9999 -9999 -9999 -9999 -9999 -9999 -9999 -9999 -9999 -9999 -9999 -9999 -9999 -9999 -9999 -9999
156.611 177.532 220.59 -9999 205.868 -9999 -9999 -9999 162.119 174.463 174.257 170.684 165.882 179.719 182.931 208.359 218.285 199.475 178.919 176.843 176.342 151.452 143.1 116.176 126.403 130.379 119.786 113.602 98.279 102.664 93.676 87.535 91.808 87.84 83.475 83.417 74.317 -9999 84.029 78.609 79.769 79.874 -9999 -9999 -9999 -9999 -9999 -9999 -9999 -9999 -9999 -9999 -9999 -9999 -9999 -9999 -9999 -9999 -9999 -9999 -9999 -9999 -9999 -9999 -9999 -9999 -9999 -9999 -9999 -9999 -9999 -9999 -9999 -9999
-9999 156.291 -9999 -9999 -9999 -9999 174.572 174.28 186.151 183.772 179.283 170.885 183.043 205.579 208.787 215.52 205.353 211.81 184.695 192.676 158.959 168.051 137.488 150.881 166.936 131.894 114.672 117.41 107.292 95.177 90.171 86.129 87.209 84.875 84.253 -9999 78.627 83.281 78.069 77.432 73.746 79.986 -9999 -9999 -9999 -9999 -9999 -9999 -9999 -9999 -9999 -9999 -9999 -9999 -9999 -9999 -9999 -9999 -9999 -9999 -9999 -9999 -9999 -9999 -9999 -9999 -9999 -9999 -9999 -9999 -9999 -9999 -9999 -9999
-9999 -9999 -9999 -9999 -9999 -9999 166.84 169.012 176.752 179.414 172.81 161.011 193.448 179.147 180.872 194.617 232.986 213.909 190.904 184.494 186.314 153.791 144.924 167.986 149.138 151.941 160.626 126.397 110.088 102.239 90.017 99.591 103.184 99.554 97.995 89.43 80.321 77.869 83.526 89.197 84.787 83.385 81.052 -9999 -9999 -9999 -9999 -9999 -9999 -9999 -9999 -9999 -9999 -9999 -9999 -9999 -9999 -9999 -9999 -9999 -9999 -9999 -9999 -9999 -9999 -9999 -9999 -9999 -9999 -9999 -9999 -9999 -9999 -9999
-9999 -9999 -9999 -9999 -9999 159.15 -9999 -9999 163.445 176.963 166.613 185.846 180.659 -9999 -9999 209.86 245.55 247.116 184.967 176.217 168.19 149.422 148.806 146.555 141.102 146.392 130.609 118.983 114.034 107.024 126.199 133.903 119.289 109.424 97.248 89.792 90.451 82.922 91.001 89.396 94.376 91.27 84.94 77.353 -9999 -9999 -9999 -9999 -9999 -9999 -9999 -9999 -9999 -9999 -9999 -9999 -9999 -9999 -9999 -9999 -9999 -9999 -9999 -9999 -9999 -9999 -9999 -9999 -9999 -9999 -9999 -9999 -9999 -9999
-9999 -9999 -9999 -9999 -9999 149.27 -9999 147.836 161.06 165.166 188.345 196.548 163.15 156.7 187.783 214.286 223.25 179.538 180.718 196.15 151.716 140.906 144.316 135.483 121.617 115.577 107.716 110.861 122.037 148.276 148.426 133.128 116.56 100.985 93.997 94.026 88.317 88.385 86.401 83.569 81.685 85.948 83.738 -9999 -9999 -9999 -9999 -9999 -9999 -9999 -9999 -9999 -9999 -9999 -9999 -9999 -9999 -9999 -9999 -9999 -9999 -9999 -9999 -9999 -9999 -9999 -9999 -9999 -9999 -9999 -9999 -9999 -9999 -9999
-9999 -9999 -9999 -9999 -9999 139.391 -9999 146.088 147.847 161.688 171.935 155.481 -9999 176.387 177.336 -9999 190.152 189.916 183.282 157.853 167.775 143.783 125.655 108.909 96.242 89.064 100.967 103.967 122.989 115.232 108.437 106.178 109.006 106.498 94.466 88.808 86.27 84.571 81.546 -9999 -9999 -9999 -9999 -9999 -9999 -9999 -9999 -9999 -9999 -9999 -9999 -9999 -9999 -9999 -9999 -9999 -9999 -9999 -9999 -9999 -9999 -9999 -9999 -9999 -9999 -9999 -9999 -9999 -9999 -9999 -9999 -9999 -9999 -9999
-9999 -9999 -9999 130.249 133.528 -9999 -9999 139.023 144.674 158.993 151.24 140.696 186.585 173.373 191.705 -9999 138.036 141.498 156.252 149.554 145.836 139.067 117.046 110.271 102.079 112.851 107.587 95.397 92.549 92.096 94.606 101.48 106.929 107.722 95.207 89.801 89.738 84.787 -9999 -9999 -9999 -9999 -9999 -9999 -9999 -9999 -9999 -9999 -9999 -9999 -9999 -9999 -9999 -9999 -9999 -9999 -9999 -9999 -9999 -9999 -9999 -9999 -9999 -9999 -9999 -9999 -9999 -9999 -9999 -9999 -9999 -9999 -9999 -9999
-9999 -9999 113.447 120.392 123.176 -9999 132.894 150.303 157.975 149.276 -9999 179.396 177.115 188.609 189.777 -9999 136.677 158.96 143.111 120.559 120.399 110.565 112.668 117.136 119.877 130.374 117.377 104.889 92.82 -9999 87.664 91.994 99.081 101.836 96.191 100.08 92.093 -9999 -9999 -9999 -9999 -9999 -9999 -9999 -9999 -9999 -9999 -9999 -9999 -9999 -9999 -9999 -9999 -9999 -9999 -9999 -9999 -9999 -9999 -9999 -9999 -9999 -9999 -9999 -9999 -9999 -9999 -9999 -9999 -9999 -9999 -9999 -9999 -9999
-9999 -9999 103.597 105.753 -9999 -9999 138.652 155.901 144.175 -9999 157.2 175.635 179.15 183.84 173.713 -9999 132.076 126.298 119.096 112.486 115.695 114.004 119.21 152.524 155.399 146.12 134.212 106.619 89.116 83.106 78.589 -9999 -9999 89.298 93.285 -9999 -9999 -9999 -9999 -9999 -9999 76.232 77.864 77.205 -9999 -9999 -9999 -9999 -9999 -9999 -9999 -9999 -9999 -9999 -9999 -9999 -9999 -9999 -9999 -9999 -9999 -9999 -9999 -9999 -9999 -9999 -9999 -9999 -9999 -9999 -9999 -9999 -9999 -9999
-9999 106.142 111.242 -9999 -9999 127.686 139.918 130.242 143.584 -9999 153.202 172.891 161.758 157.853 168.836 -9999 -9999 -9999 118.482 116.899 117.07 122.664 133.68 134.591 128.953 126.511 117.129 102.206 94.231 88.6 86.438 80.271 83.245 87.6 77.643 -9999 -9999 -9999 -9999 -9999 78.075 77.892 82.592 78.746 77.083 -9999 -9999 -9999 -9999 -9999 -9999 -9999 -9999 -9999 -9999 -9999 -9999 -9999 -9999 -9999 -9999 -9999 -9999 -9999 -9999 -9999 -9999 -9999 -9999 -9999 -9999 -9999 -9999 -9999
116.365 116.822 114.308 -9999 -9999 -9999 114.048 136.604 133.237 -9999 142.5 -9999 142.601 155.396 142.858 -9999 120.99 127.871 122.289 -9999 111.933 105.302 110.651 109.576 109.261 113.631 113.333 108.496 102.899 96.712 88.788 89.184 89.793 81.576 76.222 77.334 85.078 82.381 -9999 77.175 79.735 83.202 82.818 88.542 92.347 94.902 76.555 -9999 -9999 -9999 -9999 -9999 -9999 -9999 -9999 -9999 -9999 -9999 -9999 -9999 -9999 -9999 -9999 -9999 -9999 -9999 -9999 -9999 -9999 -9999 -9999 -9999 -9999 -9999
114.379 123.981 -9999 -9999 -9999 -9999 128.989 146.829 125.086 -9999 122.669 -9999 129.514 127.65 -9999 139.163 150.824 157.671 138.061 107.568 93.433 91.3 94.394 96.49 102.285 101.052 100.877 104.342 102.217 99.438 92.422 92.45 93.743 86.364 88.705 90.335 94.703 84.811 84.818 82.549 81.928 82.53 85.514 97.712 99.854 103.044 95.201 87.459 79.754 82.149 -9999 -9999 -9999 -9999 -9999 -9999 -9999 -9999 -9999 -9999 -9999 -9999 -9999 -9999 -9999 -9999 -9999 -9999 -9999 -9999 -9999 -9999 -9999 -9999
-9999 111.032 -9999 -9999 -9999 -9999 131.283 128.328 130.769 128.956 -9999 -9999 109.043 117.423 -9999 132.665 158.955 178.93 138.109 114.141 98.313 90.273 88.281 88.553 86.529 86.203 91.924 101.308 109.261 106.727 97.222 92.385 98.375 99.917 100.036 108.252 98.649 82.241 82.446 87.398 85.521 91.931 108.326 110.223 103.527 101.384 96.894 103.63 91.639 82.304 83.267 -9999 -9999 -9999 -9999 -9999 -9999 -9999 -9999 -9999 -9999 -9999 -9999 -9999 -9999 -9999 -9999 -9999 -9999 -9999 -9999 -9999 -9999 -9999
113.433 -9999 -9999 -9999 -9999 -9999 110.794 116.081 131.344 114.332 -9999 -9999 107.512 110.07 -9999 -9999 160.559 155.126 131.07 121.771 118.863 102.951 95.631 93.163 94.41 86.541 90.827 103.185 109.172 112.31 108.091 115.354 111.182 113.681 114.385 106.59 93.673 93.327 97.636 99.158 101.425 110.337 110.584 111.675 104.061 99.167 95.809 93.739 87.123 88.071 85.121 -9999 -9999 -9999 -9999 -9999 -9999 -9999 -9999 -9999 -9999 -9999 -9999 -9999 -9999 -9999 -9999 -9999 -9999 -9999 -9999 -9999 -9999 -9999
106.512 -9999 -9999 -9999 -9999 -9999 101.576 116.714 120.306 -9999 -9999 -9999 -9999 104.276 -9999 114.44 142.415 135.846 122.931 128.382 127.54 122.472 112.619 107.923 98.018 94.041 92.135 92.997 102.65 109.559 115.478 113.571 114.959 116.457 107.382 102.573 104.197 104.467 114.527 105.743 99.563 98.095 96.32 95.52 96.995 95.265 88.779 81.502 85.604 87.476 85.421 82.348 -9999 -9999 -9999 -9999 -9999 -9999 -9999 -9999 -9999 -9999 -9999 -9999 -9999 -9999 -9999 -9999 -9999 -9999 -9999 -9999 -9999 -9999
100.464 -9999 -9999 -9999 107.548 108.549 112.159 115.683 -9999 -9999 132.919 -9999 -9999 -9999 -9999 111.319 124.293 120.661 118.868 123.173 127.734 131.698 130.2 121.701 113.034 101.276 95.151 89.033 89.279 104.593 104.314 101.854 107.707 101.335 103.411 115.132 111.508 128.603 129.08 110.944 99.359 89.781 74.662 91.104 90.712 93.245 87.734 82.855 86.739 84.597 79.987 76.936 -9999 -9999 -9999 -9999 -9999 -9999 -9999 -9999 -9999 -9999 -9999 -9999 -9999 -9999 -9999 -9999 -9999 -9999 -9999 -9999 -9999 -9999
-9999 -9999 -9999 -9999 -9999 116.778 121.027 123.44 -9999 122.511 145.401 142.533 -9999 -9999 -9999 -9999 102.127 104.174 107.764 114.499 121.039 125.006 129.423 125.01 118.871 104.298 95.695 88.836 97.273 95.099 96.234 105.969 111.578 108.379 114.847 102.78 114.288 117.143 118.182 116.387 105.717 85.183 89.264 88.829 83.871 83.84 82.832 79.287 80.678 81.607 82.076 78.143 76.979 -9999 -9999 -9999 -9999 -9999 -9999 -9999 -9999 -9999 -9999 -9999 -9999 -9999 -9999 -9999 -9999 -9999 -9999 -9999 -9999 -9999
-9999 -9999 -9999 -9999 -9999 123.129 134.199 138.909 -9999 116.038 146.123 145.357 -9999 -9999 -9999 -9999 -9999 95.2 99.324 104.822 107.731 116.336 119.223 122.989 121.459 124.083 116.405 105.042 95.363 95.124 100.355 115.518 123.229 105.153 107.128 105.164 102.558 110.475 109.915 94.298 89.569 86.352 94.219 88.552 84.135 83.204 77.182 79.233 79.266 79.538 81.264 85.801 77.948 76.147 -9999 -9999 -9999 -9999 -9999 -9999 -9999 -9999 -9999 -9999 -9999 -9999 -9999 -9999 -9999 -9999 -9999 -9999 -9999 -9999
-9999 -9999 -9999 -9999 -9999 129.744 145.183 -9999 -9999 105.94 133.211 145.724 120.039 -9999 -9999 -9999 -9999 -9999 94.66 102.899 108.992 112.184 124.627 129.281 133.465 134.941 126.917 114.324 102.149 104.593 105.527 115.556 110.403 117.011 112.582 129.569 116.8 128.944 101.925 104.334 96.954 89.994 90.852 84.913 81.115 80.631 84.251 87.929 90.87 81.657 82.178 79.162 87.358 77.407 75.369 69.782 -9999 -9999 -9999 -9999 -9999 -9999 -9999 -9999 -9999 -9999 -9999 -9999 -9999 -9999 -9999 -9999 -9999 -9999
-9999 -9999 -9999 -9999 -9999 141.268 120.78 -9999 -9999 116.336 136.805 132.546 -9999 -9999 -9999 -9999 -9999 -9999 92.348 100.775 102.96 112.415 117.483 120.293 122.83 127.338 128.909 121.793 111.003 109.655 112.489 124.138 139.933 127.507 139.989 143.095 136.508 105.888 102.217 91.357 88.542 92.13 86.023 84.164 86.391 86.912 84.575 89.703 96.814 101.38 96.556 84.249 85.542 87.242 77.782 72.904 -9999 -9999 -9999 -9999 -9999 -9999 -9999 -9999 -9999 -9999 -9999 -9999 -9999 -9999 -9999 -9999 -9999 -9999
-9999 -9999 -9999 -9999 -9999 131.471 101.724 -9999 -9999 -9999 112.98 113.16 112.481 -9999 -9999 -9999 -9999 -9999 88.807 94.556 99.353 102.261 104.684 109.403 123.449 138.225 139.82 119.622 113.198 103.797 108.231 121.072 128.978 127.385 151.533 138.702 116.853 118.101 109.276 98.965 100.192 89.888 92.328 93.058 87.004 88.668 91.449 98.292 106.93 120.958 111.107 94.82 82.491 83.327 82.009 75.612 -9999 -9999 -9999 -9999 -9999 -9999 -9999 -9999 -9999 -9999 -9999 -9999 -9999 -9999 -9999 -9999 -9999 -9999
-9999 -9999 -9999 -9999 147.017 126.669 110.122 -9999 -9999 -9999 -9999 -9999 -9999 -9999 -9999 -9999 -9999 -9999 95.391 100.228 101.226 101.074 101.686 106.362 118.142 128.641 131.672 125.42 119.145 126.659 123.05 133.583 139.373 153.552 158.098 153.15 145.151 133.282 121.065 115.021 101.149 97.057 92.678 94.251 96.164 91.485 99.18 107.485 121.541 116.206 117.231 95.908 79.949 79.416 79.602 77.804 68.251 -9999 -9999 -9999 -9999 -9999 -9999 -9999 -9999 -9999 -9999 -9999 -9999 -9999 -9999 -9999 -9999 -9999
-9999 -9999 -9999 147.994 146.516 136.41 118.008 -9999 -9999 -9999 -9999 -9999 -9999 -9999 -9999 -9999 99.596 97.766 101.787 108.775 117.488 115.83 108.48 102.532 103.059 112.888 107.262 125.083 144.654 142.669 141.944 139.002 137.042 144.01 168.164 153.653 147.912 133.821 122.685 111.523 100.009 91.71 98.657 94.505 89.111 92.528 101.306 116.07 108.236 104.494 108.092 92.166 77.091 77.413 81.789 78.12 71.89 -9999 -9999 -9999 -9999 -9999 -9999 -9999 -9999 -9999 -9999 -9999 -9999 -9999 -9999 -9999 -9999 -9999
-9999 -9999 -9999 144.212 128.785 108.594 -9999 -9999 -9999 -9999 -9999 -9999 -9999 -9999 -9999 -9999 101.285 101.81 105.74 117.15 120.645 117.913 129.054 133.726 129.759 121.994 120.732 121.36 132.14 147.276 149.749 135.836 127.864 141.897 156.107 170.214 151.446 140.599 125.535 114.15 96.107 104.822 103.504 98.169 92.575 103.177 117.725 115.679 100.674 95.399 89.108 83.351 88.148 90.171 83.814 79.498 74.146 -9999 -9999 -9999 -9999 -9999 -9999 -9999 -9999 -9999 -9999 -9999 -9999 -9999 -9999 -9999 -9999 -9999
-9999 -9999 -9999 -9999 -9999 -9999 -9999 -9999 -9999 -9999 -9999 -9999 -9999 -9999 -9999 -9999 105.869 109.1 119.27 118.789 123.281 127.776 151.095 157.264 170.617 142.577 120.413 119.378 133.654 150.259 173.97 155.553 123.667 124.501 153.732 169.139 155.658 143.821 142.799 123.727 129.298 129.104 120.503 118.058 121.215 126.843 108.536 104.089 95.383 93.641 93.594 80.598 79.823 84.967 81.546 72.423 72.174 -9999 -9999 -9999 -9999 -9999 -9999 -9999 -9999 -9999 -9999 -9999 -9999 -9999 -9999 -9999 -9999 -9999
-9999 -9999 -9999 -9999 -9999 -9999 -9999 -9999 -9999 -9999 -9999 -9999 -9999 -9999 -9999 110.025 121.631 130.216 124.319 128.945 123.276 130.36 141.675 170.919 159.26 141.373 125.404 122.675 114.2 132.134 147.026 146.509 131.584 123.116 144.147 159.351 157.773 149.963 148.205 150.691 133.259 132.366 127.177 125.19 139.107 116.024 114.875 102.048 90.178 98.086 95.303 91.363 79.779 75.381 74.601 73.227 68.535 -9999 -9999 -9999 -9999 -9999 -9999 -9999 -9999 -9999 -9999 -9999 -9999 -9999 -9999 -9999 -9999 -9999
-9999 -9999 -9999 -9999 -9999 -9999 -9999 -9999 -9999 -9999 -9999 -9999 -9999 -9999 -9999 122.591 130.792 137.907 154.215 148.663 132.118 129.907 154.502 140.682 139.235 131.82 126.917 114.398 101.765 113.564 136.982 147.97 140.166 117.964 132.381 144.765 143.991 145.247 157.892 133.017 145.193 137.823 128.125 144.571 121.327 117.568 109.92 96.482 98.789 93.628 88.347 92.441 84.959 78.278 78.082 77.147 71.776 -9999 -9999 -9999 -9999 -9999 -9999 -9999 -9999 -9999 -9999 -9999 -9999 -9999 -9999 -9999 -9999 -9999
-9999 -9999 -9999 -9999 -9999 -9999 -9999 -9999 -9999 -9999 -9999 -9999 -9999 -9999 116.261 129.735 133.139 158.323 165.506 166.623 168.25 167.322 157.074 128.08 123.9 125.357 123.567 115.581 109.183 116.383 131.945 135.031 113.12 111.314 123.144 141.989 143.401 156.946 138.254 139.382 149.842 134.172 144.762 138.593 115.681 106.694 99.883 105.756 102.333 95.418 93.654 88.23 81.748 77.599 80.165 78.892 73.838 70.361 -9999 -9999 -9999 -9999 -9999 -9999 -9999 -9999 -9999 -9999 -9999 -9999 -9999 -9999 -9999 -9999
