Validation/Results/raw data/ReClimate_12_2023_1weatherlogisticsltd.asc
NCOLS 192
NROWS 249
XLLCENTER -225160.85627316462
YLLCENTER 29788.11610251502
CELLSIZE 5000.0
NODATA_VALUE -9999
[rows 165 to 197 of 249, columns 75 to 149 of 192]
-9999 -9999 -9999 -9999 -9999 -9999 -9999 -9999 -9999 -9999 -9999 -9999 -9999 -9999 -9999 -9999 -9999 -9999 -9999 -9999 -9999 -9999 -9999 -9999 -9999 -9999 -9999 -9999 -9999 -9999 -9999 -9999 -9999 -9999 -9999 -9999 -9999 107.669 107.921 108.154 107.377 107.553 108.922 109.363 109.744 110.126 110.512 110.864 111.2 111.522 111.832 112.133 112.422 112.703 112.975 113.243 113.51 113.779 114.054 114.335 114.599 114.854 115.101 115.355 115.6 115.768 115.912 116.058 116.208 116.362 116.523 116.693 116.876 117.079 -9999
-9999 -9999 -9999 -9999 -9999 -9999 -9999 -9999 -9999 -9999 -9999 -9999 -9999 -9999 -9999 -9999 -9999 -9999 -9999 -9999 -9999 -9999 -9999 -9999 -9999 -9999 -9999 -9999 -9999 -9999 -9999 -9999 -9999 -9999 -9999 -9999 -9999 107.697 107.932 108.177 108.399 108.593 108.99 109.337 109.63 109.894 110.394 110.748 111.087 111.413 111.73 112.035 112.33 112.617 112.896 113.171 113.444 113.718 113.992 114.247 114.496 114.734 114.979 115.233 115.499 115.74 115.907 116.057 116.209 116.367 116.53 116.706 116.896 117.103 117.332
-9999 -9999 -9999 -9999 -9999 -9999 -9999 -9999 -9999 -9999 -9999 -9999 -9999 -9999 -9999 -9999 -9999 -9999 -9999 -9999 -9999 -9999 -9999 -9999 -9999 -9999 -9999 -9999 -9999 -9999 -9999 -9999 -9999 -9999 -9999 -9999 107.47 105.833 106.438 107.672 108.032 108.671 108.918 109.082 109.405 110.074 110.372 110.622 110.966 111.298 111.623 111.936 112.239 112.534 112.821 113.103 113.383 113.65 113.901 114.145 114.38 114.619 114.865 115.121 115.388 115.671 115.898 116.062 116.219 116.382 116.553 116.734 116.928 117.137 117.366
-9999 -9999 -9999 -9999 -9999 -9999 -9999 -9999 -9999 -9999 -9999 -9999 -9999 -9999 -9999 -9999 -9999 -9999 -9999 -9999 -9999 -9999 -9999 -9999 -9999 -9999 -9999 -9999 -9999 -9999 -9999 -9999 -9999 -9999 -9999 -9999 105.247 105.095 106.234 107.449 108.016 108.69 108.82 108.843 109.157 109.058 109.453 110.25 110.836 111.178 111.511 111.836 112.149 112.453 112.75 113.039 113.305 113.555 113.797 114.032 114.27 114.511 114.76 115.018 115.288 115.572 115.869 116.078 116.245 116.417 116.594 116.778 116.973 117.181 117.409
-9999 -9999 -9999 -9999 -9999 -9999 -9999 -9999 -9999 -9999 -9999 -9999 -9999 -9999 -9999 -9999 -9999 -9999 -9999 -9999 -9999 -9999 -9999 -9999 -9999 -9999 -9999 -9999 -9999 -9999 -9999 -9999 -9999 -9999 -9999 -9999 -9999 106.298 106.978 106.889 107.636 108.716 108.87 109.149 109.223 109.521 110.002 110.416 110.72 111.054 111.399 111.737 112.062 112.376 112.668 112.941 113.204 113.448 113.687 113.926 114.166 114.411 114.663 114.924 115.198 115.49 115.801 116.094 116.291 116.467 116.647 116.832 117.026 117.233 117.459
-9999 -9999 -9999 -9999 -9999 -9999 -9999 -9999 -9999 -9999 -9999 -9999 -9999 -9999 -9999 -9999 -9999 104.522 105.034 -9999 -9999 -9999 -9999 -9999 -9999 -9999 -9999 -9999 -9999 -9999 -9999 -9999 -9999 -9999 -9999 -9999 106.67 105.634 106.152 106.606 107.568 108.734 108.967 109.09 109.43 109.857 110.114 110.379 110.413 110.257 111.302 111.644 111.963 112.265 112.557 112.83 113.09 113.34 113.583 113.826 114.073 114.325 114.585 114.853 115.137 115.438 115.754 116.089 116.345 116.528 116.709 116.894 117.087 117.293 117.518
-9999 -9999 -9999 -9999 -9999 -9999 -9999 -9999 -9999 -9999 -9999 -9999 -9999 -9999 -9999 -9999 -9999 103.993 104.229 104.044 -9999 -9999 -9999 -9999 -9999 -9999 -9999 -9999 -9999 -9999 -9999 -9999 -9999 -9999 -9999 106.688 105.793 106.746 107.34 107.786 108.477 108.749 108.862 108.874 109.324 109.848 110.082 110.28 110.213 110.957 111.232 111.516 111.867 112.166 112.455 112.733 113.003 113.26 113.507 113.754 114.004 114.261 114.529 114.809 115.1 115.405 115.724 116.059 116.382 116.597 116.779 116.963 117.156 117.361 117.585
-9999 -9999 -9999 -9999 -9999 -9999 -9999 -9999 -9999 -9999 -9999 -9999 -9999 -9999 -9999 -9999 104.871 103.86 103.792 103.91 104.596 -9999 -9999 -9999 -9999 -9999 -9999 -9999 -9999 -9999 -9999 -9999 106.627 -9999 -9999 106.999 107.374 107.543 107.9 108.266 -9999 108.762 108.814 108.838 109.352 109.844 110.028 110.208 110.567 110.939 110.815 111.16 111.884 112.075 112.369 112.652 112.926 113.19 113.443 113.695 113.95 114.216 114.493 114.779 115.075 115.383 115.703 116.041 116.398 116.669 116.857 117.041 117.232 117.435 117.659
-9999 -9999 -9999 -9999 -9999 -9999 -9999 -9999 -9999 -9999 -9999 -9999 -9999 -9999 -9999 -9999 102.202 104.322 104.27 104.039 104.737 105.576 105.537 -9999 -9999 -9999 105.737 105.651 -9999 105.921 105.949 106.396 106.586 106.856 -9999 -9999 107.552 107.751 -9999 -9999 108.472 108.748 108.891 109.176 109.562 109.82 109.932 109.943 110.425 110.927 109.993 110.114 112.124 111.638 111.988 112.574 112.852 113.121 113.381 113.641 113.909 114.185 114.468 114.759 115.057 115.367 115.691 116.032 116.392 116.726 116.943 117.126 117.315 117.516 117.74
-9999 -9999 -9999 -9999 -9999 -9999 -9999 -9999 -9999 -9999 -9999 -9999 -9999 -9999 -9999 -9999 -9999 102.495 102.834 104.326 104.987 105.595 -9999 -9999 105.781 105.92 105.804 105.612 105.444 105.335 105.735 106.326 106.542 106.835 107.102 -9999 107.584 107.802 108.009 108.208 108.439 108.717 108.996 109.266 109.532 109.801 109.822 109.881 110.423 110.926 110.404 110.06 111.255 111.518 111.277 111.694 112.424 113.055 113.325 113.601 113.879 114.163 114.45 114.743 115.044 115.357 115.685 116.03 116.396 116.774 117.037 117.217 117.402 117.602 117.827
-9999 -9999 -9999 -9999 -9999 -9999 -9999 -9999 -9999 -9999 -9999 -9999 -9999 -9999 -9999 -9999 -9999 101.047 101.928 103.735 102.893 99.681 99.045 97.055 98.868 103.831 104.163 105.567 104.602 102.172 103.495 106.266 106.463 106.522 106.709 107.333 107.569 107.789 107.996 108.194 108.423 108.699 108.975 109.245 109.514 109.788 109.919 110.233 110.631 110.914 111.068 110.834 110.943 111.06 111.27 111.629 111.758 112.111 112.877 113.571 113.858 114.146 114.436 114.731 115.035 115.35 115.68 116.03 116.403 116.802 117.122 117.311 117.491 117.692 117.917
-9999 -9999 -9999 -9999 -9999 -9999 -9999 -9999 -9999 -9999 -9999 -9999 -9999 -9999 -9999 -9999 -9999 -9999 100.705 103.325 101.777 102.312 101.425 101.805 104.69 105.516 106.017 105.532 104.204 104.107 105.75 106.225 106.345 106.342 107.017 107.343 107.577 107.792 107.995 108.187 108.412 108.683 108.957 109.226 109.496 109.772 110.052 110.328 110.606 110.892 110.673 110.278 110.343 110.91 111.371 112.1 112.163 112.378 112.601 113.584 113.863 114.145 114.429 114.724 115.028 115.345 115.676 116.028 116.402 116.803 117.169 117.394 117.578 117.781 118.001
-9999 -9999 -9999 -9999 -9999 -9999 -9999 -9999 -9999 -9999 -9999 -9999 -9999 -9999 -9999 -9999 -9999 -9999 -9999 -9999 100.811 100.274 100.81 101.788 103.244 106.122 105.706 105.358 105.134 104.84 105.185 105.439 105.207 104.441 105.33 107.353 107.581 107.793 107.99 108.179 108.399 108.664 108.935 109.203 109.474 109.751 110.029 110.301 110.575 110.859 110.814 110.629 110.73 111.293 111.727 112.428 112.586 113.021 113.071 113.624 113.901 114.178 114.459 114.747 115.045 115.357 115.684 116.031 116.401 116.795 117.191 117.461 117.651 117.857 118.072
-9999 -9999 -9999 -9999 -9999 -9999 -9999 -9999 -9999 -9999 -9999 -9999 -9999 -9999 -9999 -9999 -9999 -9999 -9999 102.133 101.842 101.88 102.758 103.813 105.418 105.669 105.242 104.619 104.621 105.246 105.453 105.702 105.122 104.532 106.013 107.355 107.579 107.787 107.983 108.168 108.382 108.639 108.908 109.176 109.447 109.723 110.0 110.269 110.54 110.82 110.373 110.521 111.001 111.362 111.839 112.436 112.765 113.1 113.384 113.663 113.939 114.215 114.492 114.776 115.069 115.375 115.699 116.043 116.408 116.795 117.21 117.521 117.721 117.926 118.138
-9999 -9999 -9999 -9999 -9999 -9999 -9999 -9999 -9999 -9999 -9999 -9999 -9999 -9999 -9999 -9999 -9999 -9999 102.92 100.868 101.996 104.956 106.073 107.652 107.172 105.507 104.324 101.951 102.875 104.698 105.016 105.682 104.822 102.95 104.431 106.698 107.093 107.777 107.971 108.155 108.361 108.609 108.876 109.143 109.357 109.49 109.849 110.231 110.501 110.777 110.542 110.752 111.353 111.783 111.953 112.459 112.781 113.106 113.407 113.7 113.979 114.251 114.523 114.8 115.086 115.385 115.701 116.037 116.399 116.787 117.211 117.57 117.794 117.998 118.205
-9999 -9999 -9999 -9999 -9999 -9999 -9999 -9999 -9999 -9999 -9999 -9999 -9999 -9999 -9999 -9999 -9999 103.294 100.154 97.466 100.712 105.691 105.554 102.837 102.826 105.417 104.071 103.795 104.899 105.428 105.51 104.914 104.09 104.283 105.761 106.39 107.047 107.761 107.953 108.137 108.336 108.574 108.838 109.105 109.268 109.503 109.861 110.19 110.462 110.74 110.685 110.498 111.289 111.84 112.133 112.492 112.796 113.101 113.408 113.715 114.015 114.291 114.558 114.827 115.104 115.394 115.702 116.03 116.383 116.767 117.19 117.581 117.846 118.067 118.28
-9999 -9999 -9999 -9999 -9999 -9999 -9999 -9999 -9999 -9999 -9999 -9999 -9999 -9999 -9999 103.223 103.706 102.172 100.771 100.76 103.986 105.706 104.196 104.025 105.345 104.945 104.938 105.332 105.733 106.137 104.717 101.783 101.946 102.01 103.324 105.996 106.774 107.744 107.933 108.114 108.307 108.533 108.795 109.061 109.299 109.577 109.876 110.129 110.416 110.71 110.791 111.083 111.273 111.887 112.153 112.492 112.795 113.102 113.41 113.718 114.023 114.323 114.594 114.855 115.124 115.407 115.707 116.029 116.376 116.756 117.176 117.581 117.867 118.095 118.335
-9999 -9999 -9999 -9999 -9999 -9999 -9999 -9999 -9999 -9999 -9999 -9999 -9999 -9999 103.4 103.517 103.436 103.776 -9999 -9999 -9999 -9999 104.822 105.54 105.379 105.124 105.264 105.074 105.537 106.318 104.451 103.747 104.15 105.167 106.586 106.49 107.222 107.724 107.909 108.089 108.27 108.486 108.746 109.014 109.29 109.575 109.821 110.044 110.346 110.676 110.96 111.25 111.556 111.877 112.187 112.487 112.791 113.099 113.411 113.724 114.029 114.321 114.611 114.88 115.145 115.421 115.716 116.034 116.378 116.755 117.174 117.592 117.89 118.113 118.354
-9999 -9999 -9999 -9999 -9999 -9999 -9999 -9999 -9999 -9999 -9999 -9999 -9999 -9999 103.532 103.096 103.955 -9999 -9999 -9999 -9999 -9999 103.178 103.311 103.708 105.434 105.114 104.552 104.887 104.72 104.348 104.531 105.898 108.239 107.961 107.207 107.557 107.705 107.365 106.06 106.745 108.44 108.694 108.97 109.261 109.547 109.791 110.063 110.364 110.641 110.923 111.21 111.522 111.856 112.177 112.477 112.78 113.088 113.402 113.724 114.035 114.315 114.588 114.881 115.16 115.437 115.729 116.045 116.388 116.766 117.186 117.61 117.919 118.139 118.331
-9999 -9999 -9999 -9999 -9999 -9999 -9999 -9999 -9999 -9999 -9999 -9999 -9999 -9999 -9999 -9999 104.314 -9999 -9999 -9999 -9999 -9999 104.528 102.085 103.192 103.72 103.63 104.478 104.789 105.959 105.898 105.605 106.896 106.997 106.562 106.395 106.835 107.731 106.314 104.198 105.958 108.403 108.652 108.945 109.237 109.518 109.787 110.058 110.329 110.604 110.883 111.176 111.49 111.826 112.157 112.461 112.76 113.065 113.376 113.692 114.0 114.283 114.552 114.84 115.152 115.441 115.725 116.029 116.36 116.726 117.136 117.55 117.856 118.064 118.204
-9999 -9999 -9999 -9999 -9999 -9999 -9999 -9999 -9999 -9999 -9999 -9999 -9999 -9999 -9999 -9999 -9999 -9999 -9999 -9999 -9999 -9999 104.585 104.188 103.96 102.336 103.182 104.355 105.54 107.106 106.852 106.75 106.992 107.457 107.267 107.01 107.582 107.783 106.739 106.904 108.251 108.435 108.673 108.95 109.225 109.49 109.758 110.026 110.295 110.568 110.843 111.141 111.461 111.794 112.128 112.437 112.732 113.032 113.334 113.638 113.937 114.22 114.49 114.77 115.07 115.394 115.688 115.984 116.306 116.662 117.059 117.458 117.742 117.905 118.0
-9999 -9999 -9999 -9999 -9999 -9999 -9999 -9999 -9999 -9999 -9999 -9999 -9999 -9999 -9999 -9999 -9999 -9999 -9999 -9999 -9999 -9999 -9999 105.045 104.434 105.28 105.951 106.002 106.64 106.06 106.16 106.759 106.676 105.644 105.756 106.5 106.973 107.832 108.003 108.159 108.326 108.506 108.725 108.986 109.243 109.491 109.741 109.995 110.261 110.53 110.805 111.106 111.429 111.758 112.093 112.407 112.698 112.99 113.284 113.574 113.858 114.133 114.405 114.682 114.975 115.292 115.627 115.934 116.251 116.6 116.988 117.36 117.622 117.727 117.773
-9999 -9999 -9999 -9999 -9999 -9999 -9999 -9999 -9999 -9999 -9999 -9999 -9999 -9999 -9999 -9999 -9999 -9999 -9999 -9999 -9999 -9999 103.26 103.633 104.878 107.128 107.196 107.286 106.889 106.624 106.944 107.129 106.501 106.175 106.513 106.297 106.958 107.91 108.063 108.235 108.31 108.213 108.532 109.029 109.27 109.506 109.743 109.988 110.236 110.491 110.771 111.073 111.395 111.72 112.05 112.368 112.658 112.942 113.223 113.502 113.775 114.045 114.314 114.591 114.882 115.194 115.535 115.879 116.127 116.38 116.851 117.266 117.474 117.541 117.549
-9999 -9999 -9999 -9999 -9999 -9999 -9999 -9999 -9999 -9999 -9999 -9999 -9999 -9999 -9999 -9999 -9999 -9999 -9999 -9999 -9999 -9999 102.983 102.503 104.066 105.216 105.552 106.317 106.226 106.356 106.466 106.649 106.607 106.904 106.663 106.12 106.982 108.0 108.157 108.321 108.292 108.357 108.771 109.065 109.298 109.526 109.756 109.988 110.225 110.47 110.737 111.041 111.358 111.679 112.005 112.325 112.614 112.888 113.16 113.429 113.695 113.961 114.229 114.505 114.794 115.103 115.439 115.808 116.053 116.137 116.643 117.176 117.317 117.339 117.336
-9999 -9999 -9999 -9999 -9999 -9999 -9999 -9999 -9999 -9999 -9999 -9999 -9999 -9999 -9999 -9999 -9999 -9999 -9999 -9999 -9999 -9999 104.831 104.333 105.289 106.246 106.197 104.895 105.436 106.757 106.91 107.188 107.269 107.041 106.576 105.886 106.631 107.177 107.036 106.266 106.863 108.704 108.919 109.112 109.323 109.544 109.767 109.992 110.221 110.456 110.717 111.01 111.32 111.637 111.961 112.279 112.567 112.834 113.098 113.361 113.622 113.884 114.15 114.424 114.712 115.018 115.348 115.709 116.092 116.378 116.645 117.048 117.101 117.062 117.105
-9999 -9999 -9999 -9999 -9999 -9999 -9999 -9999 -9999 -9999 -9999 -9999 -9999 -9999 -9999 -9999 -9999 -9999 -9999 -9999 -9999 -9999 -9999 104.192 105.343 107.085 106.537 106.929 107.519 107.182 107.173 106.821 106.782 107.043 106.579 106.274 106.746 107.229 106.905 107.046 108.221 108.85 109.004 109.164 109.344 109.559 109.776 109.994 110.216 110.447 110.709 110.994 111.287 111.598 111.917 112.235 112.521 112.782 113.04 113.297 113.554 113.813 114.077 114.35 114.636 114.939 115.265 115.62 116.011 116.391 116.722 116.914 116.85 116.781 116.862
-9999 -9999 -9999 -9999 -9999 -9999 -9999 -9999 -9999 -9999 -9999 -9999 -9999 -9999 -9999 -9999 -9999 -9999 -9999 -9999 -9999 -9999 -9999 106.018 106.765 105.983 106.258 106.589 106.709 107.454 107.144 106.852 106.559 105.375 105.834 107.597 107.929 108.085 108.258 108.402 108.795 108.921 109.088 109.237 109.405 109.59 109.793 109.999 110.211 110.438 110.698 110.979 111.27 111.568 111.878 112.192 112.476 112.731 112.849 112.985 113.397 113.752 114.014 114.286 114.569 114.869 115.191 115.54 115.924 116.322 116.617 116.753 116.753 116.691 116.698
-9999 -9999 -9999 -9999 -9999 -9999 -9999 -9999 -9999 -9999 -9999 -9999 -9999 -9999 -9999 -9999 -9999 -9999 -9999 -9999 -9999 -9999 105.253 106.583 106.281 105.731 105.954 106.205 106.818 107.401 107.338 107.618 106.942 106.86 107.884 108.137 108.292 108.454 108.611 108.765 108.896 109.041 109.181 109.328 109.476 109.639 109.824 110.022 110.226 110.448 110.704 110.982 111.267 111.559 111.855 112.16 112.442 112.694 112.836 112.899 113.253 113.7 113.96 114.229 114.51 114.807 115.125 115.47 115.842 116.205 116.472 116.57 116.565 116.563 116.563
-9999 -9999 -9999 -9999 -9999 -9999 -9999 -9999 -9999 -9999 -9999 -9999 -9999 -9999 -9999 -9999 -9999 -9999 -9999 -9999 -9999 -9999 106.894 107.312 106.914 106.495 106.693 107.029 107.324 107.27 107.697 108.412 108.212 107.855 108.063 108.271 108.417 108.565 108.722 108.873 109.009 109.141 109.28 109.417 109.556 109.704 109.86 110.052 110.249 110.467 110.726 111.001 111.28 111.563 111.85 112.143 112.418 112.665 112.911 113.092 113.311 113.656 113.913 114.179 114.458 114.752 115.067 115.404 115.727 116.056 116.298 116.381 116.38 116.38 116.383
-9999 -9999 -9999 -9999 -9999 -9999 -9999 -9999 -9999 -9999 -9999 -9999 -9999 -9999 -9999 -9999 -9999 -9999 -9999 -9999 -9999 -9999 107.507 107.645 107.028 105.8 106.268 107.231 107.426 108.098 108.309 107.767 107.642 107.933 108.148 108.412 108.549 108.69 108.832 108.977 109.111 109.242 109.165 108.707 109.019 109.736 109.917 110.08 110.271 110.493 110.757 111.024 111.296 111.57 111.849 112.135 112.4 112.641 112.882 113.124 113.369 113.617 113.872 114.136 114.412 114.704 115.01 115.302 115.597 115.894 116.119 116.194 116.196 116.199 116.204
-9999 -9999 -9999 -9999 -9999 -9999 -9999 -9999 -9999 -9999 -9999 -9999 -9999 -9999 -9999 -9999 -9999 -9999 -9999 -9999 -9999 107.335 107.778 107.833 106.883 105.899 106.752 107.982 108.323 108.301 108.021 108.011 108.092 107.998 108.266 108.574 108.715 108.85 108.981 109.104 109.195 109.206 108.935 108.804 109.23 109.302 109.57 110.14 110.308 110.532 110.786 111.046 111.311 111.578 111.851 112.13 112.388 112.62 112.857 113.096 113.337 113.583 113.836 114.098 114.373 114.651 114.916 115.183 115.451 115.711 115.916 115.999 116.012 116.018 116.022
-9999 -9999 -9999 -9999 -9999 -9999 -9999 -9999 -9999 -9999 -9999 -9999 -9999 -9999 -9999 -9999 -9999 -9999 -9999 -9999 107.758 107.908 107.969 108.022 107.284 106.484 107.37 108.204 108.316 108.655 108.598 108.405 108.236 107.995 108.326 108.77 108.898 109.022 109.138 109.255 109.031 108.374 108.605 109.289 109.343 109.366 109.811 110.229 110.385 110.587 110.828 111.076 111.328 111.587 111.854 112.126 112.377 112.603 112.835 113.071 113.311 113.555 113.805 114.066 114.318 114.561 114.804 115.049 115.312 115.532 115.695 115.794 115.827 115.833 115.823
-9999 -9999 -9999 -9999 -9999 -9999 -9999 -9999 -9999 -9999 -9999 -9999 -9999 -9999 -9999 -9999 -9999 -9999 107.32 107.593 108.038 107.947 107.905 107.68 107.079 106.405 107.09 107.776 108.423 109.841 109.489 108.691 108.46 108.267 108.622 108.978 109.089 109.193 109.245 109.198 108.349 107.003 107.872 109.234 109.243 109.162 109.596 110.221 110.377 110.661 110.883 111.121 111.365 111.614 111.87 112.132 112.376 112.596 112.822 113.053 113.289 113.53 113.774 114.002 114.228 114.452 114.679 114.92 115.163 115.35 115.478 115.588 115.637 115.629 115.472
