Validation/Results/raw data/ReClimate_05_2024_1_Precipitation-Actualsweatherlogisticsltd.asc
NCOLS 192
NROWS 249
XLLCENTER -225160.85627316462
YLLCENTER 29788.11610251502
CELLSIZE 5000.0
NODATA_VALUE -9999
[rows 198 to 230 of 249, columns 74 to 147 of 192]
-9999 -9999 -9999 -9999 -9999 -9999 -9999 -9999 -9999 -9999 -9999 -9999 -9999 -9999 -9999 -9999 -9999 -9999 114.239 117.349 117.525 110.244 104.682 120.793 137.61 149.028 148.138 158.52 153.136 135.397 113.172 94.278 91.607 93.105 107.074 109.007 93.478 84.085 79.143 80.757 81.959 83.057 80.955 83.963 82.637 78.547 77.398 75.375 71.243 71.079 74.381 76.488 75.625 73.58 72.613 72.372 72.752 74.373 73.318 74.879 74.884 73.188 74.866 73.591 72.784 71.648 72.343 72.896 69.617 69.592 72.483 66.08 64.059 63.132
-9999 -9999 -9999 -9999 -9999 -9999 -9999 -9999 -9999 -9999 -9999 -9999 -9999 -9999 -9999 79.657 96.799 102.86 105.421 115.283 115.279 111.885 107.043 115.25 147.397 146.417 144.314 138.029 147.498 124.705 111.478 107.691 93.995 92.379 113.718 95.508 79.677 68.718 73.436 76.689 83.7 76.099 77.988 75.859 78.709 80.384 81.208 80.144 72.405 73.535 70.63 74.232 78.147 72.425 69.851 70.824 73.352 74.122 76.94 73.175 70.567 70.004 71.747 73.127 70.376 68.602 69.448 72.318 72.23 69.941 69.068 67.884 60.134 60.75
-9999 -9999 -9999 -9999 -9999 -9999 -9999 -9999 -9999 -9999 -9999 -9999 -9999 96.649 91.56 98.115 96.201 95.54 106.791 111.451 118.978 113.52 116.169 147.39 137.295 136.087 136.76 132.608 136.882 131.703 131.496 111.64 101.685 103.39 93.178 78.758 68.368 81.633 80.034 71.924 70.018 69.856 70.717 72.628 74.838 82.002 83.978 76.376 73.252 70.419 68.928 73.46 76.638 73.432 74.832 73.146 70.065 70.049 70.28 72.688 69.342 67.277 70.683 73.825 72.205 70.295 68.81 70.057 69.96 70.702 68.352 56.542 58.274 60.788
-9999 -9999 -9999 -9999 -9999 -9999 -9999 -9999 -9999 95.95 107.548 103.885 100.221 114.599 104.419 107.553 105.232 104.957 111.542 115.513 125.375 126.867 149.042 149.553 131.913 136.03 127.639 130.073 133.498 136.488 123.593 109.429 99.182 99.912 87.235 76.66 90.567 90.388 78.466 76.871 71.749 72.174 68.585 73.49 83.038 77.228 80.398 77.263 69.63 69.384 72.824 73.643 68.981 73.244 73.511 73.356 69.544 65.965 66.892 67.365 65.914 67.797 67.988 68.669 70.063 69.181 68.417 70.381 69.793 69.353 69.215 65.3 55.946 59.325
-9999 -9999 -9999 -9999 -9999 -9999 -9999 -9999 89.18 101.057 107.445 125.564 137.815 140.513 135.373 136.131 120.739 132.141 132.705 133.519 136.107 147.878 156.193 139.17 135.041 121.482 117.242 119.336 123.844 124.476 113.045 103.493 98.501 91.182 92.248 106.048 122.854 102.145 85.389 76.909 76.038 73.175 78.721 77.03 72.981 72.635 72.733 70.246 69.705 70.686 74.188 74.951 77.115 74.932 78.531 72.793 69.299 73.519 70.327 67.306 65.878 67.422 69.473 68.725 67.314 67.056 62.968 68.571 69.006 68.731 67.508 62.172 59.864 60.184
-9999 -9999 -9999 -9999 -9999 -9999 -9999 84.341 93.574 103.783 114.048 124.31 139.507 136.359 136.886 125.579 133.321 136.469 138.306 141.852 146.544 158.462 150.399 131.032 118.291 107.962 117.37 126.543 126.657 119.011 109.924 99.637 87.243 89.044 90.441 122.934 117.644 104.514 86.985 82.174 77.997 80.238 75.091 72.529 72.586 69.03 65.63 67.303 69.728 72.52 74.324 67.075 72.817 76.919 76.837 75.474 70.602 73.31 76.068 70.978 67.381 67.8 66.228 65.147 61.78 62.266 64.407 64.782 69.933 69.515 67.825 63.373 64.183 58.839
-9999 -9999 -9999 -9999 -9999 79.343 -9999 84.133 89.148 95.97 105.752 111.349 120.018 125.287 119.617 120.975 121.358 122.639 122.005 130.958 127.071 127.587 118.967 116.04 116.951 131.569 142.949 162.033 173.166 142.505 131.069 122.613 128.372 110.977 96.768 103.194 129.651 107.081 98.642 90.144 89.358 82.393 74.033 72.975 77.669 73.585 70.118 67.294 70.401 78.739 75.001 80.125 77.973 68.679 69.287 71.519 69.375 70.023 73.881 71.08 67.258 67.254 67.348 60.44 61.064 61.188 64.207 64.484 66.145 65.032 65.907 64.554 65.509 68.398
-9999 -9999 -9999 -9999 -9999 -9999 -9999 -9999 -9999 103.444 105.657 109.117 112.968 110.427 113.757 116.343 116.219 109.101 116.783 117.289 112.193 117.284 121.423 128.82 131.369 148.479 165.228 186.032 183.075 178.475 160.643 174.021 169.52 117.763 109.49 111.162 89.823 102.907 96.056 80.747 78.387 75.969 81.729 83.122 85.282 76.385 69.759 67.257 72.466 76.109 80.793 90.993 85.619 76.095 68.679 69.978 69.476 73.193 71.911 66.917 64.225 62.491 63.101 63.008 60.204 61.244 61.64 61.493 62.284 64.837 66.297 68.738 68.612 66.03
-9999 -9999 -9999 -9999 -9999 -9999 -9999 -9999 -9999 100.686 101.535 107.273 104.766 113.707 121.121 122.771 113.214 109.037 113.37 114.801 121.444 126.666 128.767 130.392 131.644 143.18 154.941 164.97 168.507 161.919 163.624 173.215 146.648 137.651 120.253 100.277 107.066 114.633 85.496 75.957 79.622 89.213 87.527 89.444 82.793 84.738 69.782 71.258 76.379 86.756 86.654 82.24 78.152 77.043 72.601 72.654 70.928 70.829 73.847 67.202 61.096 61.013 61.054 64.425 62.972 61.367 60.804 60.454 61.385 64.305 69.382 68.452 68.047 66.601
-9999 -9999 -9999 -9999 -9999 -9999 -9999 82.749 90.099 96.209 101.859 -9999 105.527 111.563 114.046 106.398 103.012 102.758 -9999 110.287 111.898 125.262 139.253 130.918 147.095 152.716 157.306 162.06 155.228 143.205 149.59 135.442 127.238 123.231 123.051 113.136 119.247 109.012 85.682 84.097 82.379 85.555 93.36 89.392 84.386 75.481 70.265 75.756 87.194 81.756 82.963 76.765 77.274 74.855 74.204 72.096 70.119 66.888 67.127 65.489 65.248 64.233 63.8 62.456 62.118 60.111 61.497 63.049 64.468 68.488 70.086 70.096 66.308 67.388
-9999 -9999 -9999 -9999 -9999 -9999 -9999 83.248 -9999 -9999 -9999 98.38 100.799 102.026 -9999 -9999 -9999 -9999 -9999 106.96 112.831 128.973 122.187 129.863 139.901 141.541 148.694 151.946 148.482 184.356 179.713 147.836 125.681 126.737 129.565 124.841 119.672 101.713 93.586 86.264 83.274 89.809 88.356 81.497 76.614 73.087 69.789 80.23 83.748 83.322 83.843 77.382 73.93 71.779 71.33 69.071 68.621 67.246 66.781 65.184 64.508 67.445 65.132 63.927 61.23 61.27 62.583 69.441 69.907 69.705 71.729 70.913 63.664 64.34
-9999 -9999 -9999 -9999 -9999 -9999 -9999 -9999 -9999 92.904 97.279 98.479 94.164 97.041 -9999 -9999 -9999 -9999 -9999 -9999 -9999 -9999 114.606 123.831 125.668 125.89 135.189 149.767 186.868 207.599 198.839 171.319 151.839 138.397 127.307 115.448 122.604 115.003 93.434 89.418 101.378 96.921 89.885 74.927 76.512 75.254 77.536 87.083 84.114 85.139 81.618 78.733 74.403 69.617 68.505 67.863 67.148 67.836 66.769 64.564 62.626 63.414 64.157 63.412 63.625 64.553 66.738 66.436 72.612 72.104 71.526 68.322 66.82 61.953
-9999 -9999 -9999 -9999 -9999 -9999 -9999 -9999 -9999 -9999 97.982 -9999 -9999 -9999 -9999 -9999 -9999 -9999 -9999 -9999 108.636 110.805 116.016 116.542 110.642 112.501 126.612 153.394 183.603 205.528 201.669 174.67 152.16 140.404 130.465 123.834 121.537 101.8 83.968 87.611 99.109 94.332 82.262 -9999 84.68 81.068 83.636 91.255 86.358 81.213 78.131 76.337 73.628 69.765 68.704 66.631 68.335 61.588 60.228 60.87 61.49 63.222 61.394 60.945 64.575 69.873 69.578 71.233 64.906 67.723 68.836 66.833 63.438 63.474
-9999 -9999 -9999 -9999 -9999 -9999 -9999 -9999 -9999 -9999 -9999 -9999 -9999 -9999 -9999 -9999 -9999 -9999 -9999 -9999 105.801 108.074 105.883 102.802 -9999 -9999 -9999 130.968 163.128 165.803 165.421 157.96 153.778 142.931 130.534 110.421 106.074 93.947 84.336 89.915 86.453 79.143 -9999 80.591 79.167 81.479 87.253 89.891 81.375 76.552 74.32 82.27 77.619 71.173 67.068 67.572 66.97 69.466 66.122 65.115 63.251 62.247 62.647 64.342 63.158 65.613 71.288 71.597 66.512 62.304 66.507 63.759 60.403 61.155
-9999 -9999 -9999 -9999 -9999 -9999 -9999 -9999 -9999 -9999 -9999 -9999 -9999 -9999 -9999 -9999 -9999 -9999 -9999 -9999 -9999 -9999 -9999 -9999 -9999 -9999 -9999 102.003 118.6 130.894 134.227 137.743 134.773 127.058 114.653 108.551 99.21 89.755 86.424 85.397 -9999 -9999 78.365 78.076 85.048 85.692 80.053 83.067 80.579 78.63 79.932 75.837 74.714 69.7 66.723 71.941 71.234 66.145 69.577 73.513 66.657 62.591 64.735 63.88 67.697 65.904 66.851 68.215 66.243 57.708 59.915 62.169 61.412 59.459
-9999 -9999 -9999 -9999 -9999 -9999 -9999 -9999 -9999 -9999 -9999 -9999 -9999 -9999 -9999 -9999 -9999 -9999 -9999 -9999 -9999 -9999 -9999 -9999 -9999 -9999 -9999 95.589 102.805 111.661 117.056 123.835 116.803 111.249 108.332 99.953 94.33 -9999 -9999 -9999 -9999 -9999 78.2 84.117 88.279 80.324 83.186 85.214 83.069 79.475 73.824 70.232 70.191 73.304 70.271 75.639 76.502 72.172 69.186 72.756 72.675 64.693 64.674 64.868 63.407 65.756 62.305 61.977 61.397 58.752 57.072 58.783 59.223 58.499
-9999 -9999 -9999 -9999 -9999 -9999 -9999 -9999 -9999 -9999 -9999 -9999 -9999 -9999 -9999 -9999 -9999 -9999 -9999 -9999 -9999 -9999 -9999 -9999 -9999 -9999 -9999 -9999 -9999 103.104 114.215 111.892 106.364 103.893 99.196 95.725 -9999 -9999 -9999 -9999 81.766 87.21 89.081 83.007 82.15 81.189 89.736 88.455 85.738 77.458 72.445 73.373 76.734 80.29 79.143 75.837 75.907 73.383 71.143 71.463 68.302 65.763 62.704 64.536 61.395 61.239 60.309 59.514 61.399 61.282 61.193 60.042 58.6 58.13
-9999 -9999 -9999 -9999 -9999 -9999 -9999 -9999 -9999 -9999 -9999 -9999 -9999 -9999 -9999 -9999 -9999 -9999 -9999 -9999 -9999 -9999 -9999 -9999 -9999 -9999 -9999 -9999 -9999 -9999 97.574 96.314 99.445 92.012 87.697 -9999 -9999 -9999 -9999 80.974 85.358 89.681 88.819 85.95 80.377 81.496 85.719 84.09 83.693 77.84 74.912 79.573 80.562 82.649 83.636 76.897 73.807 72.588 72.533 69.758 68.287 63.693 65.668 64.038 61.833 59.425 60.222 59.946 62.539 66.292 65.862 61.767 58.39 57.804
-9999 -9999 -9999 -9999 -9999 -9999 -9999 -9999 -9999 -9999 -9999 -9999 -9999 -9999 -9999 -9999 -9999 -9999 -9999 -9999 -9999 -9999 -9999 -9999 -9999 -9999 -9999 -9999 -9999 -9999 -9999 -9999 -9999 -9999 -9999 -9999 -9999 -9999 83.864 81.389 82.201 85.169 90.048 83.982 81.113 83.498 81.077 83.47 83.301 75.176 75.27 75.581 77.616 76.558 79.0 79.435 76.256 74.41 77.544 75.274 71.19 69.176 69.324 68.433 62.611 59.07 60.403 61.336 62.263 63.41 62.541 60.556 58.647 57.305
-9999 -9999 -9999 -9999 -9999 -9999 -9999 -9999 -9999 -9999 -9999 -9999 -9999 -9999 -9999 -9999 -9999 -9999 -9999 -9999 -9999 -9999 -9999 -9999 -9999 -9999 -9999 -9999 -9999 -9999 -9999 -9999 -9999 -9999 -9999 -9999 -9999 82.901 84.429 92.511 93.601 111.666 106.959 97.036 84.42 80.014 81.318 84.138 75.253 71.13 70.343 73.51 75.447 74.964 77.66 79.831 82.329 79.323 77.932 82.114 77.989 75.659 72.706 70.572 64.682 59.731 58.916 61.603 61.146 61.465 59.988 56.801 57.489 57.524
-9999 -9999 -9999 -9999 -9999 -9999 -9999 -9999 -9999 -9999 -9999 -9999 -9999 -9999 -9999 -9999 -9999 -9999 -9999 -9999 -9999 -9999 -9999 -9999 -9999 -9999 -9999 -9999 -9999 -9999 -9999 -9999 -9999 -9999 -9999 -9999 -9999 79.603 83.565 84.6 96.391 105.988 111.09 102.651 91.797 88.404 90.405 83.158 74.001 73.156 79.46 76.975 78.33 79.003 76.043 77.328 77.802 81.365 78.772 77.824 78.37 73.224 72.478 68.387 64.192 60.647 60.45 59.93 60.292 60.644 59.313 58.479 58.462 61.026
-9999 -9999 -9999 -9999 -9999 -9999 -9999 -9999 -9999 -9999 -9999 -9999 -9999 -9999 -9999 -9999 -9999 -9999 -9999 -9999 -9999 -9999 -9999 -9999 124.054 139.988 148.306 133.051 -9999 107.542 -9999 -9999 -9999 -9999 -9999 -9999 -9999 -9999 77.079 79.132 84.949 91.386 100.502 101.263 93.681 100.045 86.79 78.658 76.027 81.913 80.67 75.352 76.402 75.178 73.176 71.986 74.593 75.601 73.928 74.065 72.13 73.619 72.766 74.426 68.495 63.899 63.947 65.526 60.984 60.405 61.111 60.193 60.933 60.569
-9999 -9999 -9999 -9999 -9999 -9999 -9999 -9999 -9999 -9999 -9999 -9999 -9999 -9999 -9999 -9999 -9999 -9999 -9999 -9999 -9999 122.918 127.79 118.709 124.663 151.909 152.785 138.846 127.78 107.507 88.626 78.007 -9999 -9999 82.242 78.039 72.74 72.126 74.374 73.672 75.273 85.859 94.205 93.991 104.934 95.534 87.391 81.53 86.808 80.619 74.884 77.121 74.691 72.684 70.315 70.238 77.601 77.015 72.147 68.215 69.242 71.868 75.348 72.976 74.278 71.014 65.11 63.906 62.661 58.731 60.945 61.385 69.119 67.041
-9999 -9999 -9999 -9999 -9999 -9999 -9999 -9999 -9999 -9999 -9999 -9999 -9999 -9999 -9999 -9999 -9999 -9999 -9999 -9999 122.247 122.645 121.361 117.845 142.384 159.424 166.677 152.913 133.987 119.367 106.466 90.985 79.582 84.967 84.662 78.649 75.689 73.739 72.503 72.451 78.57 82.99 87.966 96.955 96.23 92.714 87.86 97.559 88.904 85.814 80.691 75.92 72.841 71.734 70.003 69.637 70.83 76.124 71.529 70.769 70.876 71.639 74.453 80.068 78.511 72.951 67.598 63.734 67.899 65.767 65.065 64.503 63.888 69.435
-9999 -9999 -9999 -9999 -9999 -9999 -9999 -9999 -9999 -9999 -9999 -9999 -9999 -9999 -9999 -9999 -9999 -9999 -9999 -9999 122.057 110.848 104.402 110.092 124.402 146.859 148.921 151.243 136.189 119.368 105.677 102.397 103.875 91.756 84.159 85.445 81.156 74.21 71.179 75.585 76.219 81.138 83.126 86.359 87.422 84.953 95.082 91.95 87.594 87.549 80.504 73.578 74.028 73.432 70.611 70.785 72.598 72.658 72.692 72.599 72.283 69.28 70.021 73.087 79.27 76.631 68.505 66.687 67.951 68.817 64.038 64.496 62.927 64.822
-9999 -9999 -9999 -9999 -9999 -9999 -9999 -9999 -9999 -9999 -9999 -9999 -9999 -9999 -9999 -9999 -9999 -9999 -9999 -9999 107.783 97.959 100.604 99.695 115.005 119.348 125.404 126.412 118.957 111.016 108.438 112.056 106.76 91.46 84.938 78.431 73.645 68.961 71.999 68.271 70.218 82.198 77.285 78.902 81.435 84.298 84.27 80.921 78.341 81.797 77.169 82.43 79.9 75.12 70.477 68.773 71.432 72.568 74.415 73.277 72.129 74.711 73.586 74.633 76.867 81.067 72.965 66.021 63.547 64.484 63.724 63.794 62.534 61.869
-9999 -9999 -9999 -9999 -9999 -9999 -9999 -9999 -9999 -9999 -9999 -9999 -9999 -9999 -9999 -9999 117.896 124.969 -9999 109.516 96.214 102.584 103.492 99.118 100.067 101.933 106.716 114.415 114.281 112.148 105.122 103.638 95.401 83.79 76.733 73.647 72.871 74.689 73.958 66.251 75.488 75.124 76.56 76.281 76.095 77.665 76.751 77.117 82.293 85.989 84.688 86.514 83.533 77.346 70.271 68.639 71.48 73.884 73.314 74.236 72.477 74.283 78.732 77.618 77.057 75.358 74.213 66.7 68.426 69.882 68.027 65.356 65.678 61.399
-9999 -9999 -9999 -9999 -9999 -9999 -9999 -9999 -9999 -9999 -9999 -9999 -9999 -9999 -9999 -9999 125.907 128.172 115.022 107.44 107.912 106.778 98.474 99.358 105.067 100.116 105.454 110.404 110.883 109.966 105.165 97.673 91.46 86.065 88.255 90.282 82.771 80.705 78.992 71.172 74.447 77.01 75.553 70.249 68.115 74.488 74.508 73.224 77.047 79.445 85.299 87.936 80.683 76.386 73.176 73.057 74.511 73.136 71.428 71.659 71.066 72.41 75.526 74.375 75.643 81.045 74.696 75.356 71.963 71.224 71.095 67.122 65.951 65.584
-9999 -9999 -9999 -9999 -9999 -9999 -9999 -9999 -9999 -9999 -9999 -9999 -9999 -9999 -9999 114.341 124.776 124.251 120.691 118.96 110.291 104.311 101.295 103.136 100.091 96.497 106.561 103.479 101.025 104.047 96.727 90.358 89.634 92.439 100.569 95.031 90.172 93.376 81.857 82.212 80.332 75.798 76.041 70.993 74.938 71.616 66.458 68.971 72.657 79.569 77.892 79.404 76.695 76.955 72.317 73.102 78.126 75.846 70.371 68.227 70.71 72.09 72.844 70.232 70.209 74.337 76.609 75.001 79.848 73.883 77.537 71.05 72.755 72.708
-9999 -9999 -9999 -9999 -9999 -9999 -9999 -9999 -9999 -9999 -9999 -9999 -9999 -9999 -9999 -9999 107.068 119.072 118.068 113.865 104.531 100.877 96.75 92.742 94.917 98.108 100.01 95.54 96.747 94.463 91.212 90.206 84.024 94.584 100.086 98.105 98.337 90.042 87.96 88.168 84.113 80.8 78.727 78.024 76.478 71.432 71.388 73.154 76.55 67.931 75.366 76.252 80.549 81.401 77.705 74.443 76.146 75.0 71.386 66.599 -9999 69.651 69.221 71.843 68.212 69.502 69.072 67.411 68.635 67.439 66.393 68.033 64.717 69.49
-9999 -9999 -9999 -9999 -9999 -9999 -9999 -9999 -9999 -9999 -9999 -9999 -9999 -9999 -9999 100.317 103.898 105.511 107.857 108.457 108.162 103.954 94.072 91.741 91.011 94.957 89.241 86.741 83.741 88.101 87.584 82.848 85.956 91.295 93.776 96.422 98.262 87.649 85.782 96.477 91.445 84.638 91.023 85.25 84.543 85.104 80.272 76.848 75.831 71.142 69.597 73.257 73.68 76.131 77.028 77.387 75.774 73.933 76.28 70.268 63.802 -9999 61.841 -9999 62.173 -9999 61.176 -9999 62.316 61.251 61.451 60.271 60.379 60.526
-9999 -9999 -9999 -9999 -9999 -9999 -9999 -9999 -9999 -9999 -9999 -9999 -9999 -9999 -9999 101.726 98.736 100.222 101.441 109.471 112.093 109.925 102.34 98.723 93.866 89.029 83.444 78.18 78.708 82.59 78.786 81.383 82.298 88.735 93.211 100.45 93.434 83.767 93.577 92.523 79.285 85.628 82.082 85.162 89.442 85.328 79.199 78.951 75.124 71.798 73.549 73.951 72.314 71.666 70.585 74.152 73.228 69.379 67.586 66.462 61.13 -9999 -9999 56.591 55.778 -9999 -9999 56.758 56.12 57.676 -9999 -9999 -9999 -9999
-9999 -9999 -9999 -9999 -9999 -9999 -9999 -9999 -9999 -9999 -9999 -9999 -9999 -9999 111.386 101.893 101.859 98.637 99.451 101.881 108.803 114.184 116.914 115.507 108.131 95.974 86.808 83.341 84.426 78.998 80.829 78.241 82.671 88.424 101.35 101.679 90.695 86.341 84.607 68.588 68.585 75.728 82.648 87.179 84.162 80.16 77.741 74.929 74.11 72.673 70.129 70.488 73.539 70.729 66.797 63.346 67.416 66.522 -9999 -9999 -9999 60.388 -9999 -9999 -9999 -9999 -9999 -9999 58.485 -9999 -9999 -9999 -9999 -9999
