Validation/Results/raw data/ReClimate_03_2024_2_Temperature-Actuals 2.asc
NCOLS 192
NROWS 249
XLLCENTER -225160.85627316462
YLLCENTER 29788.11610251502
CELLSIZE 5000.0
NODATA_VALUE -9999
[rows 204 to 237 of 249, columns 76 to 151 of 192]
-9999 -9999 -9999 11.869 -9999 11.899 11.903 11.905 11.705 11.705 11.549 11.627 11.701 11.666 11.724 11.465 11.961 11.844 12.011 12.185 12.386 12.343 12.411 11.906 11.408 10.166 9.546 11.037 10.844 10.943 10.372 10.853 11.821 11.152 9.799 11.398 11.717 11.544 11.524 12.224 12.888 12.836 12.525 12.625 13.009 13.171 13.283 13.288 13.187 12.401 11.873 11.763 12.064 12.26 12.415 12.316 11.988 12.065 12.245 12.436 12.522 12.537 12.477 12.329 12.384 12.518 12.527 12.62 12.661 12.588 12.639 12.647 12.719 12.846 12.775 12.723
-9999 -9999 -9999 -9999 -9999 -9999 -9999 11.753 12.075 11.989 11.911 11.986 12.024 12.049 11.97 12.309 12.201 12.201 12.258 12.224 12.376 12.136 12.082 11.394 10.598 9.723 10.009 9.899 10.25 9.515 9.641 11.248 11.213 11.032 12.007 11.364 11.612 12.022 12.21 12.624 12.511 12.324 11.95 12.445 13.027 13.184 13.316 13.411 12.775 11.957 11.781 11.78 12.15 12.199 12.369 12.269 12.363 12.403 12.599 12.772 12.822 12.718 12.581 12.509 12.561 12.752 12.843 12.724 12.571 12.422 12.479 12.686 12.71 12.83 12.745 12.827
-9999 -9999 -9999 -9999 -9999 -9999 -9999 11.995 12.029 12.048 12.137 11.808 11.654 11.571 11.975 12.25 12.265 12.364 12.029 11.923 12.217 12.386 12.399 11.796 11.576 11.399 11.121 10.783 10.536 9.939 10.33 10.033 10.698 11.347 10.976 10.724 12.23 12.41 12.538 12.215 12.299 11.787 12.067 12.5 13.078 13.171 13.044 12.275 11.83 11.879 12.047 11.94 12.076 12.222 12.338 12.518 12.427 12.711 12.911 13.097 13.112 12.864 12.638 12.526 12.642 12.902 12.97 12.781 12.345 12.387 12.457 12.523 12.71 12.805 12.939 13.04
-9999 -9999 -9999 -9999 -9999 12.122 12.11 12.06 12.156 -9999 12.205 12.066 11.881 12.096 12.185 12.366 -9999 12.424 12.152 12.324 12.015 12.613 11.8 11.885 11.705 11.476 11.414 11.703 11.272 10.942 10.836 10.789 11.037 11.343 10.31 11.35 12.412 12.352 12.635 12.517 12.009 12.087 12.379 12.821 13.045 12.982 12.375 12.275 11.921 12.006 11.968 12.182 12.272 12.337 12.515 12.713 12.777 12.905 12.936 13.207 13.181 13.021 12.823 12.779 12.788 12.889 12.835 12.514 12.335 12.261 12.538 12.609 12.693 12.812 12.88 12.951
-9999 -9999 -9999 -9999 -9999 12.147 -9999 -9999 -9999 12.414 12.306 12.129 -9999 -9999 -9999 -9999 -9999 12.457 12.389 12.134 12.957 12.676 12.496 12.355 12.069 12.213 12.219 10.557 10.582 11.598 11.646 11.59 11.445 10.9 10.96 12.182 12.32 12.694 12.674 12.003 12.215 12.34 12.869 12.959 13.014 12.668 12.377 12.382 12.073 12.21 12.341 12.364 12.473 12.634 12.732 12.864 12.906 12.98 12.987 13.07 13.206 12.915 12.868 12.815 12.789 12.61 12.581 12.482 12.298 12.398 12.718 12.863 12.95 12.909 12.872 12.986
-9999 -9999 -9999 -9999 -9999 -9999 -9999 12.172 12.202 12.153 12.311 12.058 -9999 -9999 -9999 -9999 -9999 -9999 -9999 -9999 13.302 13.158 13.069 13.115 12.72 12.396 10.832 10.3 10.423 10.83 11.359 11.564 11.612 11.671 11.668 12.03 12.716 12.794 11.88 12.089 12.219 13.063 13.055 12.96 12.867 12.301 12.346 12.216 12.233 12.392 12.549 12.6 12.654 12.706 12.794 12.73 12.796 12.926 13.087 13.111 13.125 12.902 12.773 12.583 12.468 12.621 12.435 12.438 12.569 12.749 12.934 13.196 13.204 13.164 13.177 13.411
-9999 -9999 -9999 -9999 -9999 -9999 -9999 -9999 12.116 -9999 -9999 -9999 -9999 -9999 -9999 -9999 -9999 -9999 12.32 12.781 12.932 12.854 13.237 13.299 13.041 12.333 11.532 10.672 10.57 11.169 12.12 11.988 11.615 11.838 12.142 12.876 13.204 12.888 12.485 12.539 12.958 -9999 13.061 12.934 12.643 11.992 12.002 12.228 12.373 12.564 12.623 12.709 12.671 12.688 12.674 12.763 12.777 12.911 13.02 13.075 12.922 12.749 12.524 12.276 12.307 12.407 12.794 12.721 12.768 13.02 13.155 13.289 13.399 13.361 13.478 13.796
-9999 -9999 -9999 -9999 -9999 -9999 -9999 -9999 -9999 -9999 -9999 -9999 -9999 -9999 -9999 -9999 -9999 -9999 12.33 12.629 12.88 12.808 -9999 -9999 -9999 12.951 11.921 12.05 11.794 12.282 12.31 11.817 12.037 12.759 12.993 13.072 13.293 13.118 13.121 13.138 -9999 13.111 12.834 12.881 12.356 11.953 12.259 12.397 12.576 12.601 12.563 12.666 12.706 12.682 12.675 12.547 12.554 12.655 12.67 12.803 12.862 12.596 12.192 12.273 12.393 12.671 12.983 13.124 13.013 13.228 13.482 13.604 13.728 13.743 13.516 13.915
-9999 -9999 -9999 -9999 -9999 -9999 -9999 -9999 -9999 -9999 -9999 -9999 -9999 -9999 -9999 -9999 -9999 -9999 -9999 -9999 -9999 -9999 -9999 -9999 -9999 13.471 12.943 12.304 12.423 12.745 12.781 12.673 12.999 13.228 13.208 13.127 13.141 13.196 -9999 -9999 13.372 13.094 12.994 12.884 12.371 12.166 12.35 12.463 12.664 12.804 12.603 12.638 12.681 12.438 12.236 12.179 12.115 12.004 12.213 12.333 12.521 12.58 12.42 12.409 12.74 12.761 13.012 13.32 13.305 13.391 13.554 13.791 13.944 14.026 14.206 14.086
-9999 -9999 -9999 -9999 -9999 -9999 -9999 -9999 -9999 -9999 -9999 -9999 -9999 -9999 -9999 -9999 -9999 -9999 -9999 -9999 -9999 -9999 -9999 -9999 -9999 13.179 12.955 12.723 12.727 12.746 12.873 13.161 13.346 13.387 13.314 -9999 -9999 -9999 -9999 -9999 13.424 13.15 13.149 12.939 12.436 12.21 12.333 12.363 12.66 12.868 12.662 12.338 12.36 12.08 11.923 11.884 12.018 12.027 11.993 12.252 12.314 12.71 12.946 12.873 13.143 13.144 13.195 13.38 13.475 13.683 13.912 13.906 13.89 14.057 14.287 14.447
-9999 -9999 -9999 -9999 -9999 -9999 -9999 -9999 -9999 -9999 -9999 -9999 -9999 -9999 -9999 -9999 -9999 -9999 -9999 -9999 -9999 -9999 -9999 -9999 -9999 -9999 -9999 12.798 12.471 12.626 12.897 12.963 13.18 13.317 -9999 -9999 -9999 -9999 12.989 12.894 12.845 13.291 13.278 12.985 12.31 12.209 12.177 12.239 12.534 12.715 12.402 12.011 11.872 11.984 11.905 12.015 12.04 12.331 12.363 12.387 12.617 12.764 13.149 13.405 13.343 13.298 13.271 13.29 13.275 13.558 13.915 14.014 13.991 13.963 14.116 14.196
-9999 -9999 -9999 -9999 -9999 -9999 -9999 -9999 -9999 -9999 -9999 -9999 -9999 -9999 -9999 -9999 -9999 -9999 -9999 -9999 -9999 -9999 -9999 -9999 -9999 -9999 -9999 -9999 12.748 12.754 12.783 12.834 13.103 -9999 -9999 -9999 -9999 13.062 13.018 12.752 12.758 12.927 13.095 12.975 12.623 12.648 12.291 12.297 12.42 12.256 12.162 12.068 11.807 11.944 12.095 12.262 12.388 12.518 12.661 12.631 12.642 12.846 13.117 13.224 13.169 13.025 13.137 13.225 13.202 13.309 13.666 13.867 13.938 14.007 13.976 13.959
-9999 -9999 -9999 -9999 -9999 -9999 -9999 -9999 -9999 -9999 -9999 -9999 -9999 -9999 -9999 -9999 -9999 -9999 -9999 -9999 -9999 -9999 -9999 -9999 -9999 -9999 -9999 -9999 -9999 -9999 -9999 -9999 -9999 -9999 -9999 -9999 13.096 13.244 13.239 12.884 12.661 12.973 12.966 12.695 12.784 12.668 12.691 12.854 12.571 12.293 12.193 12.213 12.202 12.043 12.132 12.261 12.136 12.344 12.45 12.531 12.581 12.656 12.925 13.044 12.944 12.834 12.866 13.089 13.22 13.301 13.451 13.625 13.643 13.709 13.638 13.572
-9999 -9999 -9999 -9999 -9999 -9999 -9999 -9999 -9999 -9999 -9999 -9999 -9999 -9999 -9999 -9999 -9999 -9999 -9999 -9999 -9999 -9999 -9999 -9999 -9999 -9999 -9999 -9999 -9999 -9999 -9999 -9999 -9999 -9999 -9999 13.437 13.338 13.115 12.832 11.841 12.405 12.878 12.718 12.642 12.625 12.716 13.097 13.005 12.707 12.368 12.296 12.509 12.31 12.11 11.866 12.03 12.157 11.837 12.109 12.29 12.505 12.699 12.871 12.994 12.97 12.964 13.063 13.0 13.061 13.243 13.355 13.373 13.308 13.059 13.17 13.15
-9999 -9999 -9999 -9999 -9999 -9999 -9999 -9999 -9999 -9999 -9999 -9999 -9999 -9999 -9999 -9999 -9999 -9999 -9999 -9999 -9999 -9999 -9999 -9999 -9999 -9999 -9999 -9999 -9999 -9999 -9999 -9999 -9999 -9999 -9999 13.374 13.263 13.317 12.72 12.213 11.965 12.232 12.472 12.576 12.455 12.878 12.981 12.799 12.193 11.849 11.95 12.331 12.452 12.28 12.221 12.057 12.168 12.248 12.183 12.336 12.465 12.681 12.921 13.053 13.082 13.038 13.095 13.075 12.97 13.06 13.106 12.815 12.761 12.682 12.707 12.967
-9999 -9999 -9999 -9999 -9999 -9999 -9999 -9999 -9999 -9999 -9999 -9999 -9999 -9999 -9999 -9999 -9999 -9999 -9999 -9999 -9999 -9999 11.026 10.839 10.624 10.952 -9999 11.409 -9999 -9999 -9999 -9999 -9999 -9999 -9999 -9999 13.303 13.301 13.027 12.651 12.431 12.184 12.202 12.28 12.571 12.664 12.64 12.168 11.82 11.991 12.09 12.355 12.411 12.378 12.513 12.627 12.651 12.548 12.602 12.498 12.402 12.336 12.597 12.871 12.902 12.872 12.942 12.898 12.848 12.98 12.926 12.617 12.515 12.759 12.755 12.906
-9999 -9999 -9999 -9999 -9999 -9999 -9999 -9999 -9999 -9999 -9999 -9999 -9999 -9999 -9999 -9999 -9999 -9999 -9999 11.919 11.74 11.409 10.881 10.323 10.287 10.548 10.606 11.199 12.233 12.847 -9999 -9999 12.294 12.778 13.035 13.241 13.285 13.261 13.257 13.107 12.893 12.578 12.248 12.324 12.497 12.445 11.969 12.11 12.253 12.116 12.351 12.577 12.68 12.589 12.629 12.771 12.802 12.903 12.836 12.678 12.496 12.483 12.38 12.453 12.71 12.84 12.957 13.095 12.878 12.959 12.501 12.382 12.499 12.753 12.933 12.967
-9999 -9999 -9999 -9999 -9999 -9999 -9999 -9999 -9999 -9999 -9999 -9999 -9999 -9999 -9999 -9999 -9999 -9999 11.819 11.888 12.239 12.026 11.323 10.514 10.363 10.555 10.673 11.03 11.59 12.165 12.318 12.207 12.259 12.349 12.971 13.149 13.258 13.143 13.008 13.176 12.981 12.454 12.35 12.4 12.294 11.76 12.132 12.001 12.101 12.279 12.483 12.733 12.76 12.563 12.676 12.751 12.831 12.793 12.863 12.749 12.589 12.392 12.253 12.484 12.737 12.95 12.706 12.824 13.026 12.925 12.958 12.54 12.671 12.777 12.877 12.871
-9999 -9999 -9999 -9999 -9999 -9999 -9999 -9999 -9999 -9999 -9999 -9999 -9999 -9999 -9999 -9999 -9999 -9999 11.784 12.514 12.997 12.604 11.656 11.272 11.013 10.637 10.822 11.24 11.824 11.625 11.466 11.926 12.268 12.497 12.454 12.98 13.214 13.091 13.129 12.914 12.714 12.716 12.605 12.471 12.133 12.158 12.136 11.965 12.203 12.295 12.491 12.657 12.678 12.509 12.465 12.85 12.918 12.888 12.965 12.976 12.864 12.676 12.354 12.284 12.803 13.075 12.989 12.703 12.869 13.027 13.061 13.065 12.986 12.707 12.651 12.706
-9999 -9999 -9999 -9999 -9999 -9999 -9999 -9999 -9999 -9999 -9999 -9999 -9999 -9999 -9999 -9999 -9999 -9999 12.148 13.005 12.816 12.606 12.112 12.146 11.766 11.681 11.595 11.741 11.905 11.465 11.62 12.329 12.616 12.671 12.86 13.115 13.209 13.15 12.919 12.705 12.81 12.745 12.568 12.391 12.444 12.389 12.329 12.268 12.298 12.157 12.275 12.589 12.845 12.805 12.814 12.93 12.898 12.952 13.135 12.916 12.804 12.824 12.444 12.055 12.566 13.129 13.161 13.032 12.995 13.012 13.061 13.013 12.915 12.795 12.758 12.874
-9999 -9999 -9999 -9999 -9999 -9999 -9999 -9999 -9999 -9999 -9999 -9999 -9999 -9999 11.951 11.582 -9999 11.873 12.603 12.468 12.297 12.346 12.519 12.41 12.301 11.905 11.663 11.796 12.036 12.029 12.24 12.562 12.861 12.901 12.866 12.888 12.985 13.103 12.955 12.886 12.829 12.696 12.356 12.586 12.574 12.444 12.175 12.049 12.162 12.008 12.135 12.475 12.843 12.917 12.961 13.012 13.18 13.116 13.198 13.106 12.704 12.84 12.704 12.553 12.598 13.102 13.261 13.113 12.998 12.971 13.004 13.086 13.116 13.051 12.885 12.893
-9999 -9999 -9999 -9999 -9999 -9999 -9999 -9999 -9999 -9999 -9999 -9999 -9999 -9999 11.86 11.641 11.791 11.996 12.231 12.176 12.322 11.976 11.967 12.164 11.781 11.762 11.739 11.843 12.15 12.082 12.2 12.466 12.157 11.954 12.248 12.611 12.964 13.077 12.908 12.75 12.615 12.511 12.415 12.633 12.504 12.595 12.517 12.321 12.181 12.284 12.34 12.618 12.764 12.858 12.946 13.249 13.332 13.406 13.462 13.343 13.032 12.898 12.749 12.504 12.541 12.417 12.824 13.081 13.075 13.113 13.081 13.108 13.214 13.23 12.993 12.809
-9999 -9999 -9999 -9999 -9999 -9999 -9999 -9999 -9999 -9999 -9999 -9999 -9999 12.065 11.782 11.87 11.861 11.905 12.088 12.201 12.109 11.942 12.119 12.178 11.909 11.908 11.838 12.105 12.329 12.58 12.659 12.254 11.636 11.781 11.944 12.202 12.787 12.844 12.798 12.773 12.626 12.553 12.507 12.569 12.665 12.831 12.772 12.44 12.628 12.617 12.69 12.749 12.825 12.828 12.837 13.239 13.668 13.831 13.639 13.607 13.371 13.252 13.11 12.873 12.775 12.596 12.512 12.71 12.475 12.93 12.726 12.731 13.16 13.333 12.738 12.406
-9999 -9999 -9999 -9999 -9999 -9999 -9999 -9999 -9999 -9999 -9999 -9999 -9999 -9999 12.111 11.999 11.999 12.151 12.247 12.344 12.334 12.301 12.291 12.251 12.149 12.078 12.337 12.515 12.731 12.63 12.684 12.049 11.739 11.816 11.669 12.12 12.534 12.491 12.565 12.638 12.56 12.4 12.483 12.534 12.587 12.607 12.495 12.844 12.715 12.788 12.837 12.87 12.852 12.838 12.973 13.19 13.595 13.804 -9999 13.527 13.523 13.314 13.335 13.32 13.289 13.191 13.06 13.092 12.913 12.817 12.949 12.7 12.837 13.044 13.01 12.55
-9999 -9999 -9999 -9999 -9999 -9999 -9999 -9999 -9999 -9999 -9999 -9999 -9999 12.134 12.303 12.085 12.07 12.128 12.118 12.309 12.429 12.337 12.198 12.034 12.165 12.437 12.606 12.637 12.646 12.688 12.473 12.308 12.339 12.183 11.941 12.505 12.661 12.09 12.306 12.305 11.766 11.958 11.939 11.976 12.199 12.285 12.528 12.77 12.961 12.971 13.016 12.949 12.917 12.881 12.973 13.138 13.281 13.504 13.629 -9999 13.653 -9999 13.598 -9999 13.45 -9999 13.338 13.336 13.25 13.063 13.041 13.07 13.22 -9999 -9999 -9999
-9999 -9999 -9999 -9999 -9999 -9999 -9999 -9999 -9999 -9999 -9999 -9999 -9999 12.282 12.072 11.866 11.979 11.991 11.926 11.887 12.14 11.934 11.799 11.893 12.212 12.519 12.643 12.733 12.727 12.649 12.593 12.444 12.364 12.081 12.353 12.717 11.983 12.05 12.594 12.221 12.005 11.956 11.856 12.128 12.454 12.499 12.731 12.899 12.917 13.141 13.128 12.984 12.929 12.886 12.9 13.073 13.179 13.363 13.523 -9999 -9999 13.768 13.721 -9999 -9999 13.31 13.302 13.297 -9999 -9999 -9999 -9999 -9999 -9999 -9999 -9999
-9999 -9999 -9999 -9999 -9999 -9999 -9999 -9999 -9999 -9999 -9999 -9999 11.919 11.985 11.924 11.896 12.185 12.169 11.95 12.009 11.827 11.267 11.251 11.612 11.923 12.155 12.348 12.642 12.667 12.441 12.549 12.358 11.935 11.882 12.206 12.074 11.995 12.7 12.667 12.333 12.02 11.879 12.382 12.744 12.674 12.782 12.84 12.983 13.237 13.391 13.079 13.115 13.017 13.019 12.939 13.015 -9999 -9999 -9999 13.514 -9999 -9999 -9999 -9999 -9999 -9999 13.152 -9999 -9999 -9999 -9999 -9999 -9999 -9999 -9999 -9999
-9999 -9999 -9999 -9999 -9999 -9999 -9999 -9999 -9999 -9999 -9999 12.042 11.507 11.532 11.822 12.352 12.507 12.434 12.325 12.102 11.234 10.339 10.53 11.502 11.682 11.65 12.369 12.333 12.627 12.675 12.373 12.492 12.549 12.585 -9999 -9999 -9999 -9999 -9999 12.725 12.336 12.221 12.517 12.76 12.834 12.775 12.912 13.065 13.32 -9999 12.994 -9999 -9999 -9999 -9999 -9999 12.886 12.978 13.091 13.093 13.13 13.348 -9999 -9999 -9999 -9999 -9999 -9999 -9999 -9999 -9999 -9999 -9999 -9999 -9999 -9999
-9999 -9999 -9999 -9999 -9999 -9999 -9999 -9999 -9999 -9999 12.662 11.646 11.166 11.339 11.838 12.175 12.467 12.653 12.241 11.701 10.607 9.966 10.288 10.881 11.28 12.076 11.951 12.578 12.698 12.601 12.744 -9999 -9999 -9999 -9999 -9999 -9999 -9999 -9999 -9999 -9999 12.821 12.921 13.071 12.723 12.437 12.409 12.782 12.585 12.838 -9999 -9999 -9999 -9999 -9999 -9999 -9999 12.918 12.783 13.006 12.958 -9999 -9999 -9999 -9999 -9999 -9999 -9999 -9999 -9999 -9999 -9999 -9999 -9999 -9999 -9999
-9999 -9999 -9999 -9999 -9999 -9999 -9999 -9999 12.734 12.883 12.383 11.75 11.29 11.073 11.236 11.888 12.542 12.362 12.008 11.492 10.763 10.162 10.598 11.028 11.627 11.841 12.843 12.393 12.331 -9999 -9999 -9999 -9999 -9999 -9999 -9999 -9999 -9999 -9999 -9999 -9999 -9999 13.144 -9999 -9999 -9999 -9999 -9999 12.754 12.449 -9999 -9999 -9999 -9999 -9999 -9999 -9999 -9999 -9999 12.609 12.575 -9999 -9999 -9999 -9999 -9999 -9999 -9999 -9999 -9999 -9999 -9999 -9999 -9999 -9999 -9999
-9999 -9999 -9999 -9999 -9999 -9999 -9999 12.679 -9999 12.631 12.528 11.988 11.418 11.123 11.209 11.835 12.106 12.024 12.426 12.193 11.262 10.819 10.986 11.648 11.951 12.388 12.746 12.806 13.023 -9999 -9999 -9999 -9999 -9999 -9999 -9999 -9999 -9999 -9999 -9999 -9999 -9999 -9999 13.069 -9999 -9999 -9999 -9999 -9999 -9999 -9999 -9999 -9999 -9999 -9999 -9999 -9999 -9999 -9999 -9999 -9999 -9999 -9999 -9999 -9999 -9999 -9999 -9999 -9999 -9999 -9999 -9999 -9999 -9999 -9999 -9999
-9999 -9999 -9999 -9999 -9999 -9999 12.75 12.696 12.195 12.534 12.589 12.156 11.928 11.666 11.692 12.009 11.947 12.216 -9999 12.479 11.709 11.077 10.594 11.116 12.098 12.35 12.849 13.066 -9999 -9999 -9999 -9999 -9999 -9999 -9999 -9999 -9999 -9999 -9999 -9999 -9999 -9999 -9999 -9999 -9999 -9999 -9999 -9999 -9999 -9999 -9999 -9999 -9999 -9999 -9999 -9999 -9999 -9999 -9999 -9999 -9999 -9999 -9999 -9999 -9999 -9999 -9999 -9999 -9999 -9999 -9999 -9999 -9999 -9999 -9999 -9999
-9999 -9999 -9999 -9999 -9999 -9999 12.767 12.447 12.242 12.175 12.219 12.158 12.123 11.927 12.174 12.344 12.339 12.863 12.872 12.758 12.208 11.136 10.759 11.497 11.804 12.298 12.648 12.784 -9999 -9999 -9999 -9999 -9999 -9999 -9999 -9999 -9999 -9999 -9999 -9999 -9999 -9999 -9999 -9999 -9999 -9999 -9999 -9999 -9999 -9999 -9999 -9999 -9999 -9999 -9999 -9999 -9999 -9999 -9999 -9999 -9999 -9999 -9999 -9999 -9999 -9999 -9999 -9999 -9999 -9999 -9999 -9999 -9999 -9999 -9999 -9999
-9999 -9999 -9999 -9999 -9999 12.715 12.758 12.308 11.857 11.779 11.963 12.091 12.195 12.231 12.364 12.123 12.534 12.859 12.97 12.781 12.515 11.974 11.771 11.942 12.212 12.339 12.529 -9999 -9999 -9999 -9999 -9999 -9999 -9999 -9999 -9999 -9999 -9999 -9999 -9999 -9999 -9999 -9999 -9999 -9999 -9999 -9999 -9999 -9999 -9999 -9999 -9999 -9999 -9999 -9999 -9999 -9999 -9999 -9999 -9999 -9999 -9999 -9999 -9999 -9999 -9999 -9999 -9999 -9999 -9999 -9999 -9999 -9999 -9999 -9999 -9999
