Validation/Results/raw data/ReClimate_04_2024_1weatherlogisticsltd.asc
NCOLS 192
NROWS 249
XLLCENTER -225160.85627316462
YLLCENTER 29788.11610251502
CELLSIZE 5000.0
NODATA_VALUE -9999
[rows 132 to 164 of 249, columns 74 to 147 of 192]
-9999 -9999 -9999 -9999 -9999 -9999 -9999 -9999 -9999 -9999 -9999 -9999 -9999 125.041 123.411 121.554 119.866 118.402 117.264 116.2 115.2 114.255 113.357 112.5 111.676 110.881 110.109 109.422 108.987 109.096 109.523 109.941 110.314 110.651 110.964 111.261 111.55 111.838 112.124 112.408 112.687 112.962 113.237 113.693 114.477 115.234 115.95 116.547 117.09 117.606 118.097 118.567 119.053 119.568 120.087 120.617 121.17 121.743 -9999 -9999 -9999 -9999 -9999 -9999 -9999 -9999 -9999 -9999 -9999 -9999 -9999 -9999 -9999 -9999
142.729 -9999 -9999 -9999 -9999 -9999 -9999 -9999 -9999 -9999 -9999 -9999 -9999 125.971 124.029 122.151 120.341 118.775 117.477 116.392 115.373 114.411 113.498 112.627 111.791 110.985 110.203 109.463 109.032 109.141 109.465 109.762 110.062 110.409 110.741 111.054 111.354 111.646 111.931 112.211 112.486 112.755 113.091 113.78 114.563 115.311 115.97 116.538 117.074 117.59 118.113 118.675 119.196 119.726 120.262 120.795 121.328 121.866 -9999 -9999 -9999 -9999 -9999 -9999 -9999 -9999 -9999 -9999 -9999 -9999 -9999 -9999 -9999 -9999
143.192 -9999 -9999 -9999 -9999 -9999 -9999 -9999 -9999 -9999 -9999 -9999 128.551 126.612 124.644 122.739 120.889 119.166 117.683 116.574 115.534 114.553 113.623 112.736 111.887 111.068 110.275 109.554 109.191 109.321 109.596 109.854 110.132 110.402 110.661 110.914 111.169 111.441 111.73 112.01 112.282 112.555 113.04 113.865 114.65 115.372 116.008 116.614 117.192 117.758 118.32 118.866 119.395 119.919 120.436 120.95 121.465 121.985 122.49 -9999 -9999 -9999 -9999 -9999 -9999 -9999 -9999 -9999 -9999 -9999 -9999 -9999 -9999 -9999
143.712 -9999 -9999 -9999 -9999 -9999 -9999 -9999 -9999 -9999 -9999 130.914 -9999 127.265 125.264 123.328 121.445 119.606 118.036 116.747 115.684 114.681 113.732 112.828 111.963 111.13 110.324 109.618 109.334 109.54 109.818 110.079 110.328 110.569 110.806 111.041 111.283 111.538 111.793 112.049 112.311 112.653 113.36 114.189 114.961 115.631 116.262 116.865 117.445 118.005 118.548 119.073 119.589 120.097 120.597 121.095 121.594 122.098 122.599 -9999 -9999 -9999 -9999 -9999 -9999 -9999 -9999 -9999 -9999 -9999 -9999 -9999 -9999 -9999
144.274 143.586 -9999 -9999 -9999 -9999 -9999 -9999 -9999 -9999 -9999 131.842 -9999 127.941 125.9 123.923 122.001 120.122 118.381 116.913 115.822 114.796 113.824 112.901 112.018 111.168 110.348 109.651 109.458 109.758 110.039 -9999 -9999 -9999 -9999 -9999 -9999 111.762 112.009 112.271 112.549 113.01 113.824 114.618 115.305 115.94 116.546 117.128 117.688 118.23 118.757 119.27 119.768 120.261 120.747 121.231 121.715 122.206 122.703 123.138 -9999 -9999 -9999 -9999 -9999 -9999 -9999 -9999 -9999 -9999 -9999 -9999 -9999 -9999
144.879 144.197 143.516 -9999 -9999 -9999 -9999 -9999 -9999 -9999 -9999 132.666 130.824 128.654 126.561 124.535 122.564 120.638 118.763 117.184 115.95 114.896 113.9 112.953 112.05 111.181 110.347 109.701 109.67 109.976 110.261 -9999 -9999 -9999 -9999 111.52 111.762 112.01 112.281 112.555 112.855 113.454 114.261 114.963 115.607 116.218 116.802 117.365 117.909 118.436 118.948 119.445 119.934 120.414 120.887 121.357 121.829 122.308 122.795 123.295 -9999 -9999 -9999 -9999 -9999 -9999 -9999 -9999 -9999 -9999 -9999 -9999 -9999 -9999
145.184 144.857 144.185 143.512 -9999 -9999 -9999 -9999 -9999 -9999 -9999 133.49 131.652 129.415 -9999 -9999 123.144 121.161 119.213 117.477 -9999 114.971 113.957 112.984 112.056 111.166 110.321 109.783 109.884 -9999 -9999 -9999 -9999 -9999 111.514 111.761 112.017 112.295 112.566 112.834 113.201 113.883 114.602 115.257 115.877 116.467 117.034 117.58 118.11 118.624 119.124 119.612 120.088 120.556 121.018 121.477 121.937 122.406 122.89 123.392 -9999 -9999 -9999 -9999 -9999 -9999 -9999 -9999 -9999 -9999 -9999 -9999 -9999 -9999
145.318 145.155 144.872 144.143 -9999 -9999 -9999 -9999 -9999 -9999 -9999 -9999 132.56 130.252 -9999 -9999 -9999 121.698 119.682 117.765 116.166 -9999 -9999 112.995 112.034 111.117 110.258 109.864 -9999 -9999 -9999 -9999 -9999 111.5 111.754 112.023 112.305 112.578 112.844 113.106 113.53 114.213 114.887 115.519 116.118 116.691 117.243 117.777 118.294 118.797 119.287 119.763 120.232 120.691 121.143 121.59 122.038 122.5 122.98 123.48 -9999 -9999 -9999 -9999 -9999 -9999 -9999 -9999 -9999 -9999 -9999 -9999 -9999 -9999
145.246 145.279 145.08 -9999 -9999 -9999 -9999 -9999 -9999 -9999 -9999 -9999 -9999 131.133 -9999 -9999 -9999 -9999 120.161 118.094 116.389 -9999 -9999 -9999 111.956 111.022 -9999 -9999 -9999 -9999 -9999 -9999 -9999 111.74 112.021 112.31 112.586 112.854 113.111 113.349 113.784 114.49 115.14 115.752 116.335 116.894 117.434 117.957 118.464 118.958 119.439 119.909 120.368 120.819 121.263 121.7 122.135 122.593 123.074 123.573 -9999 -9999 -9999 -9999 -9999 -9999 -9999 -9999 -9999 -9999 -9999 -9999 -9999 -9999
145.163 145.197 -9999 -9999 -9999 -9999 -9999 -9999 -9999 -9999 -9999 -9999 -9999 132.222 -9999 -9999 -9999 -9999 -9999 118.487 116.6 -9999 -9999 -9999 -9999 -9999 -9999 -9999 -9999 -9999 -9999 -9999 -9999 112.009 112.309 112.592 112.863 113.115 113.324 113.542 114.052 114.734 115.364 115.96 116.531 117.08 117.611 118.124 118.623 119.108 119.582 120.043 120.497 120.943 121.381 121.814 122.249 122.699 123.178 123.675 124.166 -9999 -9999 -9999 -9999 -9999 -9999 -9999 -9999 -9999 -9999 -9999 -9999 -9999
145.081 -9999 145.149 145.183 145.066 145.099 -9999 -9999 -9999 -9999 -9999 -9999 -9999 132.939 -9999 -9999 -9999 -9999 -9999 -9999 -9999 -9999 -9999 -9999 -9999 -9999 -9999 -9999 -9999 -9999 -9999 -9999 111.988 112.302 112.594 112.865 113.102 113.296 113.476 113.739 114.287 114.948 115.562 116.147 116.704 117.241 117.759 118.261 118.751 119.23 119.699 120.156 120.604 121.039 121.468 121.895 122.326 122.771 123.239 123.73 124.241 124.767 -9999 -9999 -9999 -9999 -9999 -9999 -9999 -9999 -9999 -9999 -9999 -9999
145.0 145.035 145.07 145.104 145.137 145.169 -9999 -9999 -9999 -9999 -9999 -9999 -9999 -9999 -9999 -9999 -9999 -9999 -9999 -9999 -9999 -9999 -9999 -9999 -9999 -9999 -9999 -9999 -9999 -9999 -9999 112.006 112.289 112.59 112.85 113.066 113.26 113.442 113.616 113.912 114.484 115.125 115.722 116.289 116.832 117.355 117.861 118.351 118.827 119.289 119.741 120.185 120.622 121.058 121.493 121.931 122.376 122.823 123.283 123.764 124.268 124.794 -9999 -9999 -9999 -9999 -9999 -9999 -9999 -9999 -9999 -9999 -9999 -9999
144.92 144.956 144.991 145.025 -9999 145.091 145.123 -9999 -9999 -9999 -9999 -9999 -9999 -9999 -9999 -9999 -9999 -9999 -9999 -9999 -9999 -9999 -9999 -9999 -9999 -9999 -9999 -9999 -9999 -9999 -9999 112.242 112.548 112.797 113.015 113.215 113.402 113.574 113.737 114.053 114.642 115.271 115.855 116.408 116.938 117.447 117.936 118.408 118.864 119.309 119.747 120.178 120.604 121.032 121.464 121.901 122.351 122.816 123.296 123.791 124.293 124.78 125.22 125.588 -9999 -9999 -9999 -9999 -9999 -9999 -9999 -9999 -9999 -9999
144.842 144.878 144.913 144.947 -9999 -9999 145.044 -9999 -9999 -9999 -9999 -9999 -9999 -9999 -9999 -9999 -9999 -9999 -9999 -9999 -9999 -9999 -9999 -9999 -9999 -9999 -9999 -9999 -9999 -9999 -9999 112.48 112.716 112.949 113.16 113.352 113.526 113.689 113.843 114.174 114.774 115.396 115.972 116.514 117.03 117.521 117.992 118.447 118.889 119.321 119.746 120.164 120.582 121.002 121.425 121.856 122.299 122.758 123.239 123.745 124.271 124.733 125.133 125.508 125.894 126.325 126.617 -9999 -9999 -9999 -9999 -9999 -9999 -9999
144.764 144.801 144.836 144.869 144.902 -9999 144.626 -9999 -9999 -9999 -9999 -9999 -9999 -9999 -9999 -9999 -9999 -9999 -9999 -9999 -9999 -9999 -9999 -9999 -9999 -9999 -9999 -9999 -9999 -9999 112.435 112.63 112.867 113.092 113.293 113.474 113.64 113.795 113.941 114.28 114.885 115.503 116.073 116.605 117.105 117.581 118.037 118.478 118.906 119.326 119.739 120.149 120.556 120.966 121.382 121.806 122.242 122.694 123.167 123.664 124.133 124.579 124.991 125.392 125.786 126.195 126.624 127.063 127.176 -9999 -9999 -9999 -9999 -9999
144.688 144.724 144.758 144.725 -9999 144.122 -9999 -9999 -9999 -9999 -9999 -9999 -9999 -9999 -9999 -9999 -9999 -9999 -9999 -9999 -9999 -9999 -9999 -9999 -9999 -9999 -9999 -9999 -9999 -9999 -9999 112.803 113.009 113.224 113.415 113.587 113.746 113.895 114.035 114.373 114.976 115.595 116.159 116.678 117.165 117.628 118.071 118.499 118.915 119.323 119.726 120.123 120.523 120.925 121.333 121.75 122.179 122.624 123.089 123.541 123.966 124.373 124.796 125.24 125.693 126.115 126.534 126.964 127.358 127.569 -9999 -9999 -9999 -9999
144.612 144.603 144.426 144.024 143.59 143.15 -9999 -9999 -9999 -9999 -9999 -9999 -9999 -9999 -9999 -9999 -9999 -9999 -9999 -9999 -9999 -9999 -9999 -9999 -9999 -9999 -9999 -9999 -9999 -9999 -9999 -9999 113.198 113.365 113.529 113.695 113.847 113.989 114.124 114.457 115.058 115.672 116.226 116.735 117.211 117.662 118.093 118.51 118.915 119.312 119.705 120.095 120.484 120.878 121.278 121.688 122.11 122.547 122.983 123.404 123.809 124.21 124.63 125.069 125.524 125.996 126.434 126.851 127.256 127.618 127.794 -9999 -9999 -9999
144.442 144.059 143.598 143.133 142.661 -9999 -9999 -9999 -9999 -9999 -9999 -9999 -9999 -9999 -9999 -9999 -9999 -9999 -9999 -9999 -9999 -9999 -9999 -9999 -9999 -9999 -9999 -9999 -9999 -9999 -9999 -9999 113.369 113.534 113.669 113.801 113.943 114.081 114.217 114.55 115.122 115.729 116.275 116.775 117.242 117.683 118.104 118.51 118.905 119.293 119.676 120.057 120.437 120.823 121.216 121.618 122.036 122.472 122.883 123.274 123.664 124.064 124.476 124.901 125.341 125.795 126.262 126.705 127.101 127.47 127.784 127.872 -9999 -9999
143.726 143.235 142.739 142.238 141.643 -9999 -9999 -9999 -9999 -9999 -9999 -9999 -9999 -9999 -9999 -9999 -9999 -9999 -9999 -9999 -9999 -9999 -9999 -9999 -9999 -9999 -9999 -9999 -9999 -9999 -9999 -9999 -9999 113.703 113.822 113.935 114.048 114.178 114.328 114.63 115.164 115.766 116.306 116.8 117.259 117.691 118.103 118.5 118.886 119.265 119.639 120.009 120.383 120.761 121.146 121.564 121.989 122.385 122.772 123.144 123.525 123.915 124.315 124.728 125.152 125.589 126.037 126.495 126.931 127.309 127.627 127.863 -9999 -9999
142.924 -9999 -9999 -9999 -9999 -9999 -9999 -9999 -9999 -9999 -9999 -9999 -9999 -9999 -9999 -9999 -9999 -9999 -9999 -9999 -9999 -9999 -9999 -9999 -9999 -9999 -9999 -9999 -9999 -9999 -9999 -9999 -9999 113.855 113.983 114.076 114.179 114.305 114.434 114.698 115.184 115.783 116.319 116.808 117.261 117.686 118.09 118.479 118.857 119.227 119.592 119.954 120.32 120.701 121.115 121.521 121.911 122.285 122.644 123.008 123.38 123.761 124.15 124.55 124.961 125.382 125.814 126.255 126.706 127.14 127.46 127.698 127.919 -9999
142.104 -9999 -9999 -9999 -9999 -9999 -9999 -9999 -9999 -9999 -9999 -9999 -9999 -9999 -9999 -9999 -9999 -9999 -9999 -9999 -9999 -9999 -9999 -9999 -9999 -9999 -9999 -9999 -9999 -9999 -9999 -9999 -9999 -9999 114.138 114.227 114.336 114.44 114.544 114.753 115.184 115.782 116.316 116.801 117.248 117.668 118.066 118.448 118.818 119.18 119.537 119.894 120.273 120.681 121.072 121.449 121.809 122.157 122.509 122.867 123.231 123.602 123.983 124.372 124.771 125.179 125.597 126.025 126.466 126.912 127.279 127.522 127.743 -9999
141.258 -9999 -9999 -9999 -9999 -9999 -9999 -9999 -9999 -9999 -9999 -9999 -9999 -9999 -9999 -9999 -9999 -9999 -9999 -9999 -9999 -9999 -9999 -9999 -9999 -9999 -9999 -9999 -9999 -9999 -9999 -9999 -9999 -9999 114.295 -9999 114.491 114.579 114.673 114.808 -9999 115.762 116.295 116.778 117.222 117.637 118.03 118.405 118.768 119.123 119.473 119.853 120.251 120.629 120.996 121.342 121.682 122.024 122.37 122.721 123.078 123.442 123.814 124.194 124.583 124.98 125.388 125.807 126.239 126.658 127.043 127.34 127.579 127.812
-9999 -9999 -9999 -9999 -9999 -9999 -9999 -9999 -9999 -9999 -9999 -9999 -9999 -9999 -9999 -9999 -9999 -9999 -9999 -9999 -9999 -9999 -9999 -9999 -9999 -9999 -9999 -9999 -9999 -9999 -9999 -9999 -9999 -9999 -9999 114.545 114.638 -9999 -9999 -9999 -9999 115.722 116.257 116.74 117.182 117.593 117.981 118.352 118.709 119.057 119.416 119.828 120.184 120.543 120.884 121.231 121.58 121.928 122.276 122.626 122.98 123.337 123.699 124.067 124.441 124.822 125.212 125.612 126.029 126.419 126.776 127.128 127.415 127.659
-9999 -9999 -9999 -9999 -9999 -9999 -9999 -9999 -9999 -9999 -9999 -9999 -9999 -9999 -9999 -9999 -9999 -9999 -9999 -9999 -9999 -9999 -9999 -9999 -9999 -9999 -9999 -9999 -9999 -9999 -9999 -9999 -9999 -9999 -9999 114.671 114.783 -9999 -9999 -9999 -9999 115.67 116.194 116.67 117.107 117.514 117.899 118.268 118.625 118.985 119.382 119.751 120.125 120.485 120.836 121.183 121.531 121.877 122.223 122.569 122.918 123.269 123.624 123.983 124.347 124.718 125.097 125.486 125.87 126.225 126.546 126.879 127.233 127.512
-9999 -9999 -9999 -9999 -9999 -9999 -9999 -9999 -9999 -9999 -9999 -9999 -9999 -9999 -9999 -9999 -9999 -9999 -9999 -9999 -9999 -9999 -9999 -9999 -9999 -9999 -9999 -9999 -9999 -9999 -9999 -9999 -9999 -9999 -9999 114.776 -9999 -9999 -9999 -9999 114.912 115.604 116.11 116.577 117.006 117.406 117.784 118.138 118.471 118.87 119.29 119.696 120.094 120.462 120.813 121.157 121.499 121.838 122.179 122.52 122.863 123.208 123.557 123.91 124.269 124.633 125.007 125.391 125.746 126.07 126.38 126.702 127.044 127.371
-9999 -9999 -9999 -9999 -9999 -9999 -9999 -9999 -9999 -9999 -9999 -9999 -9999 -9999 -9999 -9999 -9999 -9999 -9999 -9999 -9999 -9999 -9999 -9999 -9999 -9999 -9999 -9999 -9999 -9999 -9999 -9999 -9999 -9999 -9999 -9999 -9999 -9999 -9999 -9999 115.317 115.569 116.018 116.471 116.885 117.25 117.591 117.93 118.362 118.816 119.241 119.643 120.025 120.403 120.769 121.122 121.461 121.797 122.133 122.47 122.81 123.151 123.496 123.845 124.199 124.559 124.929 125.292 125.627 125.931 126.239 126.559 126.897 127.261
-9999 -9999 -9999 -9999 -9999 -9999 -9999 -9999 -9999 -9999 -9999 -9999 -9999 -9999 -9999 -9999 -9999 -9999 -9999 -9999 -9999 -9999 -9999 -9999 -9999 -9999 -9999 -9999 -9999 -9999 -9999 -9999 -9999 -9999 -9999 -9999 -9999 -9999 -9999 -9999 115.366 115.537 115.859 116.281 116.661 117.025 117.413 117.862 118.337 118.775 119.183 119.57 119.938 120.301 120.664 121.031 121.397 121.749 122.088 122.423 122.76 123.099 123.441 123.787 124.139 124.497 124.864 125.199 125.508 125.807 126.113 126.432 126.769 127.13
-9999 -9999 -9999 -9999 -9999 -9999 -9999 -9999 -9999 -9999 -9999 -9999 -9999 -9999 -9999 -9999 -9999 -9999 -9999 -9999 -9999 -9999 -9999 -9999 -9999 -9999 -9999 -9999 -9999 -9999 -9999 -9999 -9999 -9999 -9999 -9999 -9999 -9999 -9999 115.328 115.35 115.425 115.633 116.04 116.447 116.895 117.342 117.844 118.304 118.727 119.121 119.491 119.849 120.199 120.55 120.908 121.276 121.654 122.031 122.38 122.716 123.054 123.395 123.739 124.089 124.446 124.788 125.108 125.4 125.698 126.003 126.322 126.657 127.017
-9999 -9999 -9999 -9999 -9999 -9999 -9999 -9999 -9999 -9999 -9999 -9999 -9999 -9999 -9999 -9999 -9999 -9999 -9999 -9999 -9999 -9999 -9999 -9999 -9999 -9999 -9999 -9999 -9999 -9999 -9999 -9999 -9999 -9999 -9999 -9999 -9999 -9999 -9999 115.289 115.311 115.331 115.51 115.868 116.356 116.815 117.325 117.816 118.262 118.674 119.057 119.419 119.76 120.097 120.436 120.789 121.154 121.529 121.913 122.306 122.672 123.017 123.357 123.701 124.051 124.397 124.717 125.014 125.306 125.604 125.909 126.228 126.563 126.922
-9999 -9999 -9999 -9999 -9999 -9999 -9999 -9999 -9999 -9999 -9999 -9999 -9999 -9999 -9999 -9999 -9999 -9999 -9999 -9999 -9999 -9999 -9999 -9999 -9999 -9999 -9999 -9999 -9999 -9999 -9999 -9999 -9999 -9999 -9999 -9999 -9999 -9999 115.23 115.252 115.272 115.309 115.48 115.798 116.27 116.766 117.299 117.778 118.215 118.617 118.992 119.342 119.677 119.998 120.326 120.677 121.044 121.417 121.797 122.186 122.585 122.975 123.33 123.675 124.023 124.344 124.645 124.934 125.227 125.525 125.831 126.15 126.485 126.845
-9999 -9999 -9999 -9999 -9999 -9999 -9999 -9999 -9999 -9999 -9999 -9999 -9999 -9999 -9999 -9999 -9999 -9999 -9999 -9999 -9999 -9999 -9999 -9999 -9999 -9999 -9999 -9999 -9999 -9999 -9999 -9999 -9999 -9999 -9999 -9999 -9999 -9999 115.195 115.215 115.254 115.388 115.551 115.818 116.194 116.742 117.262 117.732 118.162 118.558 118.927 119.274 119.603 119.92 120.241 120.586 120.95 121.32 121.695 122.079 122.474 122.882 123.294 123.659 123.983 124.29 124.578 124.868 125.162 125.461 125.769 126.088 126.425 126.785
-9999 -9999 -9999 -9999 -9999 -9999 -9999 -9999 -9999 -9999 -9999 -9999 -9999 -9999 -9999 -9999 -9999 -9999 -9999 -9999 -9999 -9999 -9999 -9999 -9999 -9999 -9999 -9999 -9999 -9999 -9999 -9999 -9999 -9999 -9999 -9999 -9999 -9999 115.159 115.199 115.337 115.389 115.213 115.515 116.182 116.705 117.215 117.679 118.102 118.495 118.861 119.208 119.539 119.861 120.183 120.521 120.875 121.237 121.607 121.986 122.376 122.78 123.2 123.61 123.943 124.234 124.525 124.817 125.112 125.413 125.723 126.044 126.382 126.743
-9999 -9999 -9999 -9999 -9999 -9999 -9999 -9999 -9999 -9999 -9999 -9999 -9999 -9999 -9999 -9999 -9999 -9999 -9999 -9999 -9999 -9999 -9999 -9999 -9999 -9999 -9999 -9999 -9999 -9999 -9999 -9999 -9999 -9999 -9999 -9999 -9999 -9999 -9999 115.303 115.452 115.155 114.508 115.142 116.25 116.655 117.157 117.616 118.038 118.428 118.795 119.144 119.479 119.806 120.132 120.467 120.812 121.167 121.531 121.905 122.291 122.692 123.089 123.487 123.875 124.191 124.485 124.779 125.077 125.381 125.693 126.016 -9999 126.719
