Validation/Results/raw data/ReClimate_02_2024_1_Temperature-Actualsweatherlogisticsltd.asc
NCOLS 192
NROWS 249
XLLCENTER -225160.85627316462
YLLCENTER 29788.11610251502
CELLSIZE 5000.0
NODATA_VALUE -9999
[rows 170 to 203 of 249, columns 77 to 153 of 192]
-9999 -9999 -9999 -9999 -9999 -9999 -9999 -9999 -9999 -9999 -9999 -9999 -9999 -9999 -9999 7.711 7.674 -9999 -9999 -9999 -9999 -9999 -9999 -9999 -9999 -9999 -9999 -9999 -9999 -9999 -9999 -9999 -9999 -9999 7.737 7.918 7.821 7.77 7.592 7.646 7.689 7.756 7.79 7.919 7.994 7.959 7.67 7.152 6.253 5.388 4.619 4.881 4.871 5.37 6.519 7.011 7.262 6.899 6.892 7.165 7.461 7.488 7.509 7.504 7.506 7.474 7.372 7.353 7.456 7.462 7.298 6.79 6.794 6.791 7.137 7.355 7.377
-9999 -9999 -9999 -9999 -9999 -9999 -9999 -9999 -9999 -9999 -9999 -9999 -9999 -9999 -9999 7.486 7.394 7.556 -9999 -9999 -9999 -9999 -9999 -9999 -9999 -9999 -9999 -9999 -9999 -9999 -9999 -9999 -9999 7.974 7.956 7.89 7.834 7.654 7.82 7.723 7.727 7.749 7.801 7.854 7.835 7.75 7.63 7.277 6.621 5.528 4.653 5.127 5.643 5.701 6.329 7.354 7.484 7.245 6.821 7.029 7.431 7.522 7.483 7.443 7.463 7.452 7.385 7.255 7.328 7.399 7.32 6.985 6.719 6.821 7.015 7.352 7.453
-9999 -9999 -9999 -9999 -9999 -9999 -9999 -9999 -9999 -9999 -9999 -9999 -9999 -9999 7.781 7.517 7.325 7.511 7.856 -9999 -9999 -9999 -9999 -9999 -9999 -9999 -9999 -9999 -9999 -9999 7.644 -9999 -9999 7.996 7.675 7.873 7.869 7.897 -9999 7.593 7.553 7.549 7.642 7.606 7.654 7.519 7.443 7.006 6.346 6.721 5.528 5.753 6.277 5.575 6.445 6.925 7.36 7.303 7.033 7.113 7.35 7.5 7.554 7.519 7.524 7.469 7.397 7.238 7.247 7.387 7.338 7.205 6.887 6.73 6.816 7.225 7.434
-9999 -9999 -9999 -9999 -9999 -9999 -9999 -9999 -9999 -9999 -9999 -9999 -9999 -9999 7.882 7.615 7.532 7.583 7.832 7.895 7.951 -9999 -9999 -9999 7.508 7.744 -9999 7.705 7.686 7.698 6.935 7.186 -9999 -9999 7.831 7.774 -9999 -9999 7.725 7.551 7.723 7.881 7.761 7.643 7.455 7.349 7.134 6.504 5.707 6.061 5.94 5.654 5.817 5.715 5.892 7.085 7.242 7.15 6.907 7.132 7.283 7.42 7.46 7.467 7.535 7.529 7.439 7.285 7.249 7.411 7.396 7.324 7.132 6.895 6.664 6.831 7.186
-9999 -9999 -9999 -9999 -9999 -9999 -9999 -9999 -9999 -9999 -9999 -9999 -9999 -9999 -9999 7.826 7.666 7.691 7.918 7.948 -9999 -9999 5.621 5.632 7.287 6.716 6.852 6.955 7.566 7.445 7.257 6.895 6.97 -9999 7.846 7.852 7.809 7.822 7.515 7.333 7.699 7.989 7.898 7.633 7.448 7.227 7.013 6.225 5.172 5.284 5.605 5.883 6.148 5.939 6.109 6.793 7.255 7.171 6.978 7.11 7.229 7.3 7.342 7.389 7.497 7.56 7.492 7.277 7.277 7.468 7.466 7.411 7.289 7.085 6.937 6.812 6.844
-9999 -9999 -9999 -9999 -9999 -9999 -9999 -9999 -9999 -9999 -9999 -9999 -9999 -9999 -9999 7.871 7.766 8.043 8.137 8.118 7.809 6.219 3.953 6.552 7.183 6.274 6.724 6.35 6.85 7.454 7.159 6.146 6.807 7.139 7.612 7.856 7.82 7.7 7.48 7.381 7.578 7.795 7.762 7.62 7.412 7.21 6.882 5.883 5.243 4.91 5.335 5.463 6.267 6.413 6.096 6.467 6.954 7.016 7.023 7.13 7.166 7.233 7.304 7.349 7.54 7.528 7.531 7.473 7.324 7.488 7.537 7.502 7.424 7.225 6.922 6.94 7.123
-9999 -9999 -9999 -9999 -9999 -9999 -9999 -9999 -9999 -9999 -9999 -9999 -9999 -9999 -9999 -9999 7.991 8.208 8.089 7.479 6.228 3.318 4.15 6.328 6.355 6.551 5.889 5.7 6.054 6.489 6.703 6.877 6.142 6.981 7.501 7.676 7.799 7.767 7.567 7.487 7.543 7.68 7.708 7.512 7.329 7.144 6.65 6.017 5.357 5.167 5.64 5.468 5.743 6.771 6.419 6.451 6.831 6.825 6.956 7.155 7.182 7.188 7.256 7.356 7.567 7.575 7.578 7.446 7.395 7.488 7.566 7.569 7.487 7.391 7.296 7.205 7.324
-9999 -9999 -9999 -9999 -9999 -9999 -9999 -9999 -9999 -9999 -9999 -9999 -9999 -9999 -9999 -9999 -9999 -9999 7.501 6.388 5.011 4.325 4.893 6.64 6.888 6.069 5.289 5.127 5.248 6.245 7.095 6.658 5.954 6.597 7.297 7.6 7.857 7.776 7.579 7.373 7.472 7.575 7.562 7.483 7.313 6.961 6.326 5.995 5.77 5.284 5.631 5.499 5.425 6.109 6.827 6.699 7.077 6.915 6.738 7.007 7.178 7.33 7.394 7.481 7.589 7.601 7.604 7.599 7.399 7.472 7.539 7.565 7.555 7.519 7.492 7.46 7.445
-9999 -9999 -9999 -9999 -9999 -9999 -9999 -9999 -9999 -9999 -9999 -9999 -9999 -9999 -9999 -9999 -9999 8.024 7.073 6.396 5.884 4.83 6.113 6.897 6.474 6.254 5.539 4.97 5.401 5.567 6.51 6.32 5.755 6.161 6.814 7.624 7.784 7.771 7.433 7.257 7.35 7.483 7.523 7.446 7.166 6.608 6.384 6.542 6.078 5.475 5.776 5.839 5.974 6.211 6.404 6.928 7.038 6.992 6.951 6.961 7.194 7.241 7.496 7.623 7.646 7.612 7.617 7.399 7.396 7.492 7.578 7.573 7.587 7.593 7.584 7.531 7.502
-9999 -9999 -9999 -9999 -9999 -9999 -9999 -9999 -9999 -9999 -9999 -9999 -9999 -9999 -9999 -9999 7.93 6.169 6.863 6.391 5.698 5.979 4.846 5.292 5.725 5.607 4.935 5.507 5.308 5.907 6.428 5.629 5.245 6.001 6.848 7.626 7.88 7.767 7.37 7.371 7.477 7.482 7.497 7.284 6.886 6.816 6.711 6.248 5.937 5.786 5.619 6.186 6.411 6.635 6.862 6.885 7.225 7.136 7.209 7.212 7.262 7.521 7.396 7.606 7.679 7.602 7.57 7.371 7.296 7.548 7.571 7.576 7.589 7.607 7.601 7.58 7.558
-9999 -9999 -9999 -9999 -9999 -9999 -9999 -9999 -9999 -9999 -9999 -9999 -9999 -9999 -9999 7.801 6.303 7.129 7.253 6.828 6.929 6.313 6.057 5.564 5.133 4.818 4.89 5.073 5.382 6.269 5.828 5.876 6.668 6.877 7.412 7.55 7.782 7.645 7.431 7.424 7.421 7.457 7.239 6.885 6.982 6.912 6.715 6.194 6.151 6.619 6.449 6.378 6.657 6.784 6.943 7.063 7.122 7.317 7.396 7.551 7.611 7.7 7.711 7.572 7.61 7.589 7.546 7.353 7.297 7.567 7.607 7.546 7.564 7.563 7.587 7.594 7.612
-9999 -9999 -9999 -9999 -9999 -9999 -9999 -9999 -9999 -9999 -9999 -9999 -9999 7.596 7.826 7.48 7.581 7.875 7.918 7.641 7.863 7.407 6.495 5.717 5.002 4.05 5.534 5.705 6.21 6.106 5.201 5.565 6.109 7.0 7.309 7.415 7.525 7.446 7.329 7.27 7.353 7.264 7.0 6.875 6.793 7.019 6.711 6.37 6.488 6.641 6.781 6.842 6.904 7.035 7.194 7.385 7.342 7.386 7.658 7.84 7.898 7.776 7.704 7.651 7.578 7.489 7.478 7.243 7.166 7.458 7.605 7.574 7.542 7.539 7.554 7.626 -9999
-9999 -9999 -9999 -9999 -9999 -9999 -9999 -9999 -9999 -9999 -9999 -9999 7.458 7.537 7.641 7.821 -9999 -9999 -9999 -9999 7.123 6.1 5.915 5.637 4.752 5.708 5.815 5.179 5.648 4.99 3.728 4.719 5.775 6.289 7.078 7.497 7.408 7.322 7.295 7.29 7.282 7.209 7.016 6.932 6.802 6.92 6.76 6.717 6.732 6.808 7.037 7.129 7.163 7.352 7.4 7.589 7.727 7.655 7.733 7.839 7.86 7.776 7.651 7.538 7.381 7.294 7.293 7.202 7.107 7.282 7.513 7.592 7.576 7.546 7.569 7.627 7.686
-9999 -9999 -9999 -9999 -9999 -9999 -9999 -9999 -9999 -9999 -9999 -9999 7.47 7.335 7.956 -9999 -9999 -9999 -9999 -9999 6.708 5.995 5.657 5.973 5.266 5.436 4.993 4.465 4.714 4.374 4.48 6.034 6.115 6.76 7.362 7.556 7.445 7.335 7.245 7.113 7.081 7.14 7.041 6.903 6.903 6.853 6.983 6.965 7.055 6.84 6.816 6.939 7.195 7.439 7.549 7.621 7.604 7.627 7.627 7.618 7.603 7.429 7.418 7.181 6.978 6.925 7.064 7.133 7.141 7.285 7.45 7.593 7.609 7.611 7.624 7.651 7.694
-9999 -9999 -9999 -9999 -9999 -9999 -9999 -9999 -9999 -9999 -9999 -9999 -9999 -9999 8.112 -9999 -9999 -9999 -9999 -9999 6.608 5.781 6.319 6.069 5.73 5.692 4.362 4.711 5.684 4.892 5.809 6.148 6.458 7.174 7.57 7.617 7.337 7.294 7.161 7.089 7.245 7.193 7.166 7.104 6.979 7.039 7.144 7.252 7.173 7.14 7.035 6.947 7.204 7.294 7.121 7.26 7.386 7.383 7.546 7.49 7.283 7.022 6.903 7.08 6.917 6.81 6.874 7.027 7.125 7.27 7.441 7.588 7.626 7.651 7.69 7.711 7.733
-9999 -9999 -9999 -9999 -9999 -9999 -9999 -9999 -9999 -9999 -9999 -9999 -9999 -9999 -9999 -9999 -9999 -9999 -9999 -9999 7.007 6.474 7.597 6.85 6.04 4.703 4.95 5.142 5.199 6.02 6.082 6.258 7.238 7.532 7.767 7.601 7.496 7.367 7.339 7.346 7.384 7.397 7.326 7.202 7.143 7.107 7.186 7.174 7.008 7.246 7.4 7.331 7.252 7.396 7.105 6.906 7.13 7.075 7.287 7.521 7.315 7.174 7.015 6.996 7.101 6.951 6.879 7.06 7.221 7.325 7.451 7.601 7.639 7.675 7.718 7.762 7.811
-9999 -9999 -9999 -9999 -9999 -9999 -9999 -9999 -9999 -9999 -9999 -9999 -9999 -9999 -9999 -9999 -9999 -9999 -9999 -9999 -9999 7.191 5.987 5.593 5.521 5.792 5.706 5.491 6.28 6.342 6.789 7.329 7.179 7.701 7.653 7.3 7.343 7.425 7.512 7.589 7.54 7.399 7.292 7.068 7.041 7.09 7.211 7.048 6.829 7.008 7.377 7.489 7.435 7.346 7.278 7.069 6.962 6.765 6.825 7.395 7.505 7.262 7.041 6.789 6.795 7.012 6.979 7.117 7.323 7.516 7.564 7.661 7.687 7.709 7.751 7.8 7.851
-9999 -9999 -9999 -9999 -9999 -9999 -9999 -9999 -9999 -9999 -9999 -9999 -9999 -9999 -9999 -9999 -9999 -9999 -9999 -9999 7.098 6.601 6.208 5.278 6.282 6.388 5.781 6.171 6.283 6.303 7.34 7.261 7.205 7.44 6.365 7.038 7.392 7.397 7.337 7.551 7.325 6.872 6.874 7.072 7.234 7.146 7.24 7.133 7.047 7.076 7.337 7.461 7.487 7.419 7.275 7.213 7.036 7.004 7.048 7.342 7.442 7.213 6.917 6.649 6.63 6.94 7.171 7.259 7.455 7.617 7.709 7.749 7.779 7.782 7.799 7.852 7.894
-9999 -9999 -9999 -9999 -9999 -9999 -9999 -9999 -9999 -9999 -9999 -9999 -9999 -9999 -9999 -9999 -9999 -9999 -9999 -9999 7.366 6.933 5.264 6.879 7.417 6.679 6.465 6.129 5.594 6.384 7.3 7.253 7.524 7.044 7.053 7.051 6.927 6.957 7.403 7.366 7.088 7.042 7.086 7.376 7.275 7.177 7.254 7.188 7.296 7.329 7.379 7.46 7.478 7.481 7.414 7.319 7.217 7.05 7.207 7.406 7.317 6.981 6.64 6.644 6.69 6.826 7.144 7.395 7.454 7.623 7.689 7.741 7.836 7.874 7.887 7.925 7.982
-9999 -9999 -9999 -9999 -9999 -9999 -9999 -9999 -9999 -9999 -9999 -9999 -9999 -9999 -9999 -9999 -9999 -9999 -9999 -9999 7.283 6.58 7.63 7.413 7.115 6.781 6.229 5.315 5.736 6.123 6.963 7.293 7.663 7.474 7.011 6.325 6.004 6.256 6.985 6.806 7.024 7.013 7.271 7.509 7.337 7.318 7.328 7.339 7.474 7.369 7.322 7.457 7.493 7.306 7.406 7.429 7.337 7.254 7.328 7.412 7.272 7.009 6.814 6.771 6.943 7.12 7.316 7.389 7.488 7.615 7.817 7.787 7.877 7.925 7.94 7.988 8.035
-9999 -9999 -9999 -9999 -9999 -9999 -9999 -9999 -9999 -9999 -9999 -9999 -9999 -9999 -9999 -9999 -9999 -9999 -9999 -9999 -9999 8.035 6.881 6.166 5.522 5.515 5.569 5.92 6.366 7.212 7.433 7.622 7.452 7.325 7.024 6.575 6.207 6.208 6.539 6.897 6.91 6.799 7.175 7.443 7.288 7.495 7.435 7.303 7.663 7.703 7.511 7.543 7.589 7.305 7.16 7.436 7.365 7.309 7.367 7.357 7.177 7.073 7.092 7.207 7.228 7.36 7.409 7.397 7.544 7.704 7.777 7.815 7.922 7.976 7.97 7.991 8.047
-9999 -9999 -9999 -9999 -9999 -9999 -9999 -9999 -9999 -9999 -9999 -9999 -9999 -9999 -9999 -9999 -9999 -9999 -9999 -9999 -9999 7.246 6.183 5.402 4.843 4.783 5.313 6.282 7.11 7.321 6.968 6.371 6.003 6.087 6.661 6.993 6.507 6.487 6.717 6.872 6.349 6.665 7.025 7.157 7.228 7.549 7.48 7.542 7.45 7.609 7.678 7.62 7.641 7.456 7.277 7.418 7.458 7.265 7.168 7.129 7.019 7.029 7.201 7.127 7.184 7.238 7.432 7.375 7.511 7.672 7.654 7.761 7.935 7.987 7.964 7.925 7.901
-9999 -9999 -9999 -9999 -9999 -9999 -9999 -9999 -9999 -9999 -9999 -9999 -9999 -9999 -9999 -9999 -9999 -9999 -9999 -9999 7.894 7.238 6.221 5.394 5.005 5.372 5.905 6.41 6.058 5.325 5.714 5.593 5.734 6.615 7.003 6.798 6.697 6.943 7.053 6.481 6.276 6.529 6.981 7.145 7.259 7.656 7.563 7.338 7.502 7.316 7.465 7.472 7.514 7.459 7.431 7.584 7.522 7.39 7.302 7.12 7.08 6.928 7.052 7.108 7.155 7.286 7.351 7.526 7.616 7.617 7.582 7.727 7.954 7.975 7.971 7.912 7.838
-9999 -9999 -9999 -9999 -9999 -9999 -9999 -9999 -9999 -9999 -9999 -9999 -9999 -9999 -9999 -9999 -9999 -9999 -9999 -9999 7.569 6.873 6.414 6.108 5.602 4.976 5.404 5.649 5.357 5.528 5.282 5.222 5.789 6.602 6.226 6.289 7.009 6.838 7.312 6.727 6.112 6.262 7.214 7.201 7.678 7.76 7.542 7.381 6.907 7.175 7.226 7.324 7.316 7.35 7.516 7.645 7.611 7.483 7.478 7.448 7.129 6.981 6.924 6.999 7.121 7.437 7.541 7.641 7.699 7.625 7.591 7.731 7.828 7.93 7.942 7.938 7.869
-9999 -9999 -9999 -9999 -9999 -9999 -9999 -9999 -9999 -9999 -9999 -9999 -9999 -9999 -9999 -9999 -9999 -9999 -9999 -9999 7.091 7.075 7.201 6.519 5.377 4.81 5.345 5.562 5.826 5.419 5.594 5.894 6.18 6.074 6.252 7.012 7.054 7.188 6.86 7.064 6.669 7.06 7.122 7.232 7.682 7.868 7.671 7.217 7.285 7.18 7.142 7.224 7.24 7.369 7.458 7.51 7.483 7.461 7.505 7.461 7.177 6.946 7.091 7.266 7.181 7.417 7.566 7.75 7.75 7.635 7.722 7.866 7.929 7.987 8.072 8.019 7.997
-9999 -9999 -9999 -9999 -9999 -9999 -9999 -9999 -9999 -9999 -9999 -9999 -9999 -9999 -9999 -9999 -9999 -9999 -9999 7.316 6.986 6.546 6.71 6.442 5.346 5.281 4.983 5.572 6.332 6.351 6.499 6.125 6.051 6.544 6.601 6.612 7.025 7.014 7.472 7.481 7.4 7.362 7.229 7.548 7.818 7.859 7.796 7.68 7.529 7.508 7.353 7.339 7.298 7.368 7.504 7.508 7.512 7.603 7.539 7.373 7.209 7.111 7.313 7.471 7.463 7.465 7.717 7.685 7.732 7.646 7.636 7.804 7.958 7.986 8.031 8.017 8.047
-9999 -9999 -9999 -9999 -9999 -9999 -9999 -9999 -9999 -9999 -9999 -9999 -9999 -9999 -9999 -9999 -9999 -9999 7.111 7.02 6.516 6.929 6.939 5.685 5.021 4.968 5.372 5.973 6.562 6.406 6.519 6.172 5.646 6.486 6.436 7.089 7.242 7.499 7.555 7.4 7.214 7.292 7.22 7.661 7.784 8.07 8.04 7.861 7.752 7.688 7.638 7.438 7.394 7.528 7.617 7.547 7.488 7.495 7.461 7.309 7.225 7.197 7.365 7.621 7.717 7.782 7.638 7.573 7.579 7.614 7.657 7.8 7.841 7.817 7.799 7.839 7.975
-9999 -9999 -9999 -9999 -9999 -9999 -9999 -9999 -9999 -9999 -9999 -9999 -9999 -9999 -9999 -9999 6.824 6.913 6.85 7.494 7.428 7.213 6.441 5.364 4.982 4.938 4.912 5.905 6.36 6.893 6.538 5.907 5.911 6.548 7.111 7.282 7.59 7.598 7.61 7.209 7.075 7.084 7.483 7.93 8.088 8.128 8.026 7.82 7.786 7.855 7.763 7.549 7.565 7.623 7.742 7.484 7.358 7.222 7.08 7.093 7.141 7.338 7.444 7.59 7.552 7.665 7.643 7.639 7.614 7.627 7.709 7.869 7.952 7.738 7.671 7.733 7.946
-9999 -9999 -9999 -9999 -9999 -9999 -9999 -9999 -9999 -9999 -9999 -9999 -9999 -9999 -9999 6.804 6.698 6.478 6.926 7.314 7.205 6.858 5.746 5.753 5.235 5.138 5.677 6.526 7.137 7.051 6.857 6.219 5.616 6.317 6.985 7.531 7.505 7.518 7.232 7.394 7.128 7.178 7.689 8.033 8.278 8.245 7.94 7.917 7.749 7.806 7.844 7.721 7.657 7.643 7.521 7.544 7.304 7.263 7.154 6.939 6.95 7.069 7.266 7.39 7.428 7.527 7.681 7.593 7.795 7.841 7.852 7.935 7.89 7.757 7.642 7.772 7.966
-9999 -9999 -9999 -9999 -9999 -9999 -9999 -9999 -9999 -9999 -9999 -9999 8.102 7.677 7.3 7.085 6.655 6.732 6.962 7.351 7.281 6.117 6.145 6.155 6.37 5.468 6.424 6.686 6.248 6.851 7.05 5.507 6.222 6.931 7.863 7.822 7.57 7.02 7.752 7.579 7.491 7.509 7.599 8.015 8.238 8.331 8.137 8.044 7.879 7.76 7.871 7.827 7.81 7.623 7.473 7.124 7.283 7.36 7.331 7.131 7.086 7.187 7.345 7.507 7.476 7.55 7.599 7.735 7.82 7.933 7.864 7.928 7.964 7.858 7.882 7.931 8.022
-9999 -9999 -9999 -9999 -9999 -9999 -9999 -9999 -9999 -9999 7.468 7.697 7.869 7.786 7.651 7.243 7.337 7.156 7.43 7.144 6.099 6.595 6.689 6.787 6.87 6.297 6.205 5.367 5.955 6.422 6.304 6.65 7.138 7.751 7.047 7.31 7.611 7.818 7.904 7.855 7.734 7.74 7.906 7.874 8.175 8.434 8.286 8.133 8.039 7.991 7.98 7.715 7.822 7.823 7.5 7.264 7.101 7.376 7.351 7.172 7.088 7.135 7.271 7.564 7.711 7.74 7.689 7.652 7.85 7.815 7.741 7.86 7.993 7.968 7.952 7.945 7.93
-9999 -9999 -9999 -9999 -9999 -9999 7.489 7.534 7.521 7.508 6.98 7.77 7.642 7.758 7.547 7.267 7.31 7.325 7.221 6.37 6.709 7.093 6.676 7.264 6.954 6.488 5.544 5.743 6.174 6.504 6.429 7.121 7.617 6.367 6.465 7.304 7.414 7.907 7.899 7.93 7.795 7.588 7.858 7.737 8.359 8.432 8.32 8.051 7.919 8.008 7.425 7.613 7.76 7.836 7.548 7.19 7.198 7.34 7.36 7.344 7.256 7.262 7.347 7.579 7.699 7.78 7.799 7.654 7.669 7.762 7.759 7.957 8.123 7.993 7.663 7.628 7.555
-9999 -9999 -9999 -9999 -9999 7.855 7.532 7.561 7.448 6.568 6.3 6.531 6.909 7.356 6.845 6.723 6.922 6.936 6.545 6.991 7.087 6.758 7.33 7.576 7.145 6.43 5.854 6.162 6.488 6.646 7.053 7.369 6.157 4.894 6.255 7.089 7.735 7.7 7.814 7.602 7.703 7.899 7.965 8.224 8.338 8.33 8.337 8.07 7.839 7.466 7.117 6.924 7.527 7.7 7.221 7.072 7.174 7.338 7.435 7.376 7.369 7.373 7.521 7.519 7.574 7.692 7.571 7.472 7.633 7.733 7.795 7.973 8.071 7.848 7.561 7.383 7.422
-9999 -9999 -9999 -9999 8.092 7.645 7.499 7.56 7.149 6.599 6.739 7.055 7.39 6.948 6.9 6.872 7.381 6.882 6.759 7.168 7.234 7.432 7.971 7.49 6.62 6.132 6.409 6.69 6.737 7.567 7.958 7.379 5.479 5.454 6.258 7.636 7.483 7.598 7.472 7.879 7.999 7.906 8.083 8.209 8.313 8.338 8.446 8.213 7.879 7.356 6.894 7.025 7.371 7.471 7.164 6.843 7.091 7.309 7.38 7.465 7.454 7.503 7.537 7.565 7.427 7.501 7.631 7.522 7.609 7.608 7.484 7.738 7.924 7.745 7.513 7.495 7.514
