Validation/Results/raw data/ReClimate_09_2024_1.asc
NCOLS 192
NROWS 249
XLLCENTER -225160.85627316462
YLLCENTER 29788.11610251502
CELLSIZE 5000.0
NODATA_VALUE -9999
[rows 68 to 101 of 249, columns 75 to 149 of 192]
-9999 -9999 -9999 -9999 -9999 -9999 -9999 -9999 -9999 -9999 -9999 102.864 102.998 103.11 102.937 102.554 102.765 102.941 102.939 102.935 102.456 102.168 102.097 102.032 101.973 101.919 101.868 101.821 101.779 -9999 -9999 -9999 -9999 -9999 -9999 -9999 -9999 -9999 -9999 -9999 -9999 -9999 -9999 -9999 -9999 -9999 -9999 -9999 -9999 -9999 -9999 -9999 -9999 -9999 -9999 -9999 -9999 -9999 -9999 -9999 -9999 -9999 -9999 -9999 -9999 -9999 -9999 -9999 -9999 -9999 -9999 -9999 -9999 -9999 -9999
-9999 -9999 -9999 -9999 -9999 -9999 -9999 -9999 -9999 -9999 -9999 -9999 -9999 102.948 102.623 102.365 102.492 102.649 102.532 102.276 102.101 102.064 102.11 102.352 102.168 101.778 101.728 -9999 -9999 -9999 -9999 -9999 -9999 -9999 -9999 -9999 -9999 -9999 -9999 -9999 -9999 -9999 -9999 -9999 -9999 -9999 -9999 -9999 -9999 -9999 -9999 -9999 -9999 -9999 -9999 -9999 -9999 -9999 -9999 -9999 -9999 -9999 -9999 -9999 -9999 -9999 -9999 -9999 -9999 -9999 -9999 -9999 -9999 -9999 -9999
-9999 -9999 -9999 -9999 -9999 -9999 -9999 102.088 -9999 -9999 102.729 102.898 102.844 102.739 102.562 102.523 102.699 103.012 102.788 102.592 102.384 101.919 101.975 101.826 101.624 101.641 101.592 -9999 -9999 -9999 -9999 -9999 -9999 -9999 -9999 -9999 -9999 -9999 -9999 -9999 -9999 -9999 -9999 -9999 -9999 -9999 -9999 -9999 -9999 -9999 -9999 -9999 -9999 -9999 -9999 -9999 -9999 -9999 -9999 -9999 -9999 -9999 -9999 -9999 -9999 -9999 -9999 -9999 -9999 -9999 -9999 -9999 -9999 -9999 -9999
-9999 -9999 -9999 -9999 -9999 101.431 101.797 102.706 102.427 101.913 101.684 100.7 100.908 101.695 101.73 101.948 102.057 101.977 101.965 102.245 101.886 101.601 101.531 101.576 101.558 101.508 101.46 -9999 -9999 -9999 -9999 -9999 -9999 -9999 -9999 -9999 -9999 -9999 -9999 -9999 -9999 -9999 -9999 -9999 -9999 -9999 -9999 -9999 -9999 -9999 -9999 -9999 -9999 -9999 -9999 -9999 -9999 -9999 -9999 -9999 -9999 -9999 -9999 -9999 -9999 -9999 -9999 -9999 -9999 -9999 -9999 -9999 -9999 -9999 -9999
-9999 -9999 -9999 -9999 -9999 101.685 102.623 -9999 102.68 102.687 101.932 101.197 101.757 102.246 102.261 102.08 102.113 102.363 102.41 102.196 102.001 101.907 101.799 101.476 101.425 101.377 -9999 101.284 -9999 -9999 -9999 -9999 -9999 -9999 -9999 -9999 -9999 -9999 -9999 -9999 -9999 -9999 -9999 -9999 -9999 -9999 -9999 -9999 -9999 -9999 -9999 -9999 -9999 -9999 -9999 -9999 -9999 -9999 -9999 -9999 -9999 -9999 -9999 -9999 -9999 -9999 -9999 -9999 -9999 -9999 -9999 -9999 -9999 -9999 -9999
-9999 -9999 -9999 -9999 -9999 -9999 102.812 102.692 102.605 102.282 101.649 101.074 101.547 102.203 102.066 101.984 102.227 102.546 102.444 102.503 102.41 102.323 101.928 101.341 101.292 101.247 101.202 101.159 -9999 -9999 -9999 -9999 -9999 -9999 -9999 -9999 -9999 -9999 -9999 -9999 -9999 -9999 -9999 -9999 -9999 -9999 -9999 -9999 -9999 -9999 -9999 -9999 -9999 -9999 -9999 -9999 -9999 -9999 -9999 -9999 -9999 -9999 -9999 -9999 -9999 -9999 -9999 -9999 -9999 -9999 -9999 -9999 -9999 -9999 -9999
-9999 -9999 -9999 -9999 -9999 -9999 -9999 102.599 102.328 101.861 101.681 102.077 102.346 102.256 102.226 102.295 102.271 101.788 101.94 102.266 102.236 102.275 101.757 101.204 101.159 101.116 101.075 101.032 -9999 -9999 -9999 -9999 -9999 -9999 -9999 -9999 -9999 -9999 -9999 -9999 -9999 -9999 -9999 -9999 -9999 -9999 -9999 -9999 -9999 -9999 -9999 -9999 -9999 -9999 -9999 -9999 -9999 -9999 -9999 -9999 -9999 -9999 -9999 -9999 -9999 -9999 -9999 -9999 -9999 -9999 -9999 -9999 -9999 -9999 -9999
-9999 -9999 -9999 -9999 -9999 102.278 102.35 101.545 101.556 101.511 101.844 102.267 102.109 101.91 102.147 102.722 102.25 101.679 101.816 101.745 101.669 101.407 101.111 101.064 101.022 -9999 100.943 -9999 -9999 -9999 -9999 -9999 -9999 100.773 100.628 100.579 -9999 -9999 -9999 -9999 -9999 -9999 -9999 -9999 -9999 -9999 -9999 -9999 -9999 -9999 -9999 -9999 -9999 -9999 -9999 -9999 -9999 -9999 -9999 -9999 -9999 -9999 -9999 -9999 -9999 -9999 -9999 -9999 -9999 -9999 -9999 -9999 -9999 -9999 -9999
101.173 -9999 -9999 -9999 -9999 -9999 101.322 101.459 101.557 101.847 101.902 101.542 101.374 101.289 101.563 101.572 101.228 101.12 101.142 101.317 101.121 100.962 100.933 100.907 100.878 100.843 -9999 -9999 -9999 -9999 100.695 100.656 100.619 100.556 100.48 100.431 100.392 100.355 100.324 100.299 100.277 100.262 100.254 100.252 100.256 100.267 100.268 100.297 100.337 100.394 100.423 100.294 -9999 -9999 -9999 -9999 -9999 -9999 -9999 -9999 -9999 -9999 -9999 -9999 -9999 -9999 -9999 -9999 -9999 -9999 -9999 -9999 -9999 -9999 -9999
100.044 -9999 -9999 -9999 101.745 -9999 101.492 101.167 101.048 100.324 100.469 101.316 101.315 101.503 101.448 101.378 101.161 100.754 100.958 101.281 101.075 100.759 100.74 100.724 100.706 -9999 -9999 -9999 -9999 100.537 100.533 100.46 100.387 100.321 100.262 100.21 100.164 100.124 100.089 100.06 100.03 99.992 99.985 99.995 99.991 99.993 100.001 100.017 100.041 100.077 100.105 100.12 -9999 -9999 -9999 -9999 -9999 -9999 -9999 -9999 -9999 -9999 -9999 -9999 -9999 -9999 -9999 -9999 -9999 -9999 -9999 -9999 -9999 -9999 -9999
99.836 -9999 -9999 -9999 101.598 101.647 101.494 101.204 100.622 100.083 100.804 101.519 101.566 101.577 101.433 101.232 101.032 101.085 101.204 101.095 100.825 100.553 100.536 100.522 -9999 -9999 100.475 100.452 100.412 100.376 100.299 100.219 100.145 100.077 100.016 99.961 99.913 99.869 99.831 99.798 99.753 99.709 99.705 99.708 99.695 99.685 99.68 99.679 99.683 99.693 99.701 99.726 99.746 -9999 -9999 -9999 -9999 -9999 -9999 -9999 -9999 -9999 -9999 -9999 -9999 -9999 -9999 -9999 -9999 -9999 -9999 -9999 -9999 -9999 -9999
100.752 -9999 101.398 -9999 100.965 100.833 100.64 100.398 100.347 100.975 101.301 101.138 101.117 101.024 100.775 100.461 100.59 100.94 100.78 100.515 100.363 100.343 100.326 100.307 -9999 100.212 100.221 100.21 100.176 100.116 100.044 99.97 99.862 99.697 99.672 99.713 99.663 99.617 99.577 99.54 99.498 99.468 99.452 99.428 99.407 99.387 99.369 99.353 99.339 99.326 99.306 99.293 99.282 -9999 -9999 -9999 -9999 -9999 -9999 -9999 -9999 -9999 -9999 -9999 -9999 -9999 -9999 -9999 -9999 -9999 -9999 -9999 -9999 -9999 -9999
-9999 100.616 -9999 -9999 -9999 100.553 100.552 100.852 100.738 99.609 99.834 100.632 100.687 100.923 100.759 100.889 100.961 100.752 100.489 100.168 100.147 100.127 100.098 100.035 99.99 99.957 99.948 99.928 99.895 99.847 99.782 99.713 99.626 99.642 99.601 99.464 99.413 99.366 99.324 99.285 99.249 99.216 99.185 99.154 99.125 99.096 99.067 99.037 99.006 98.971 98.933 98.878 98.822 -9999 -9999 -9999 -9999 -9999 -9999 -9999 -9999 -9999 -9999 -9999 -9999 -9999 -9999 -9999 -9999 -9999 -9999 -9999 -9999 -9999 -9999
99.811 -9999 -9999 -9999 -9999 100.813 101.153 101.673 -9999 99.529 100.025 100.268 100.463 100.607 100.894 101.462 101.206 100.879 100.592 100.344 100.181 99.765 99.714 99.732 99.709 99.69 99.669 99.645 99.614 99.57 99.516 99.452 99.43 99.368 99.267 99.212 99.162 99.115 99.072 99.032 98.993 98.957 98.921 98.885 98.849 98.811 98.771 98.728 98.68 98.626 98.563 98.476 98.421 -9999 -9999 -9999 -9999 -9999 -9999 -9999 -9999 -9999 -9999 -9999 -9999 -9999 -9999 -9999 -9999 -9999 -9999 -9999 -9999 -9999 -9999
100.519 -9999 -9999 -9999 100.399 -9999 -9999 100.93 100.322 100.272 100.525 100.882 100.926 100.824 101.134 101.165 100.812 100.363 100.227 100.273 99.95 99.683 99.608 99.464 99.442 99.42 99.396 99.368 99.334 99.293 99.244 99.188 99.127 99.068 99.012 98.959 98.91 98.864 98.821 98.779 98.739 98.699 98.66 98.619 98.576 98.53 98.48 98.424 98.361 98.287 98.192 98.099 -9999 -9999 -9999 -9999 -9999 -9999 -9999 -9999 -9999 -9999 -9999 -9999 -9999 -9999 -9999 -9999 -9999 -9999 -9999 -9999 -9999 -9999 -9999
99.645 99.248 98.839 -9999 -9999 -9999 100.548 100.026 -9999 100.112 100.428 100.793 100.68 100.534 100.609 100.72 100.247 99.848 99.815 99.69 99.547 99.648 99.465 99.204 99.182 99.158 99.148 99.164 99.109 99.02 98.973 98.92 98.864 98.808 98.755 98.704 98.656 98.609 98.567 98.527 98.486 98.444 98.4 98.354 98.305 98.251 98.191 98.123 98.044 97.952 97.833 -9999 -9999 -9999 -9999 -9999 -9999 -9999 -9999 -9999 -9999 -9999 -9999 -9999 -9999 -9999 -9999 -9999 -9999 -9999 -9999 -9999 -9999 -9999 -9999
99.416 100.065 99.569 -9999 99.567 100.022 100.257 100.252 100.377 100.604 100.67 100.36 100.276 100.267 100.403 100.518 100.35 100.44 100.131 99.488 99.446 99.327 99.108 98.951 98.928 98.902 98.922 98.957 98.867 98.753 98.704 98.653 98.599 98.546 98.495 98.447 98.402 98.362 98.32 98.276 98.233 98.189 98.142 98.091 98.035 97.973 97.903 97.823 97.729 97.617 97.486 -9999 -9999 -9999 -9999 -9999 -9999 -9999 -9999 -9999 -9999 -9999 -9999 -9999 -9999 -9999 -9999 -9999 -9999 -9999 -9999 -9999 -9999 -9999 -9999
100.233 100.74 100.377 100.313 100.226 99.88 -9999 99.517 99.432 98.906 98.829 99.058 99.243 99.756 99.925 100.163 100.207 100.167 99.892 100.108 99.57 98.35 98.366 98.685 98.576 98.377 98.455 98.618 98.539 98.492 98.442 98.389 98.335 98.283 98.234 98.189 98.148 98.108 98.302 98.9 98.62 97.934 97.883 97.827 97.765 97.695 97.615 97.521 97.412 97.28 -9999 -9999 -9999 -9999 -9999 -9999 -9999 -9999 -9999 -9999 -9999 -9999 -9999 -9999 -9999 -9999 -9999 -9999 -9999 -9999 -9999 -9999 -9999 -9999 -9999
-9999 -9999 -9999 99.775 99.52 -9999 99.605 99.521 99.26 99.296 99.46 99.591 99.888 99.987 100.112 100.13 99.997 99.634 99.808 100.053 99.262 98.857 99.124 99.438 99.384 99.567 99.279 98.333 98.288 98.238 98.185 98.129 98.073 98.02 97.972 97.931 97.892 97.853 98.027 97.672 97.415 97.678 97.624 97.563 97.494 97.415 97.324 97.217 97.091 96.977 -9999 -9999 -9999 -9999 -9999 -9999 -9999 -9999 -9999 -9999 -9999 -9999 -9999 -9999 -9999 -9999 -9999 -9999 -9999 -9999 -9999 -9999 -9999 -9999 -9999
-9999 -9999 99.779 99.253 -9999 98.753 99.4 -9999 99.373 99.803 99.891 99.951 100.059 100.226 100.097 99.73 99.459 99.261 98.917 97.688 97.485 97.523 98.038 99.005 99.214 99.555 98.803 98.135 97.763 96.878 96.475 95.499 96.043 97.61 97.668 97.915 97.814 97.6 97.402 97.36 97.474 97.422 97.363 97.296 97.22 97.132 97.037 96.95 96.854 96.793 -9999 -9999 -9999 -9999 -9999 -9999 -9999 -9999 -9999 -9999 -9999 -9999 -9999 -9999 -9999 -9999 -9999 -9999 -9999 -9999 -9999 -9999 -9999 -9999 -9999
-9999 -9999 98.978 -9999 -9999 98.548 99.198 99.613 99.685 99.289 99.241 99.043 99.32 99.837 99.446 98.88 98.95 99.417 98.758 98.719 98.72 98.694 99.173 99.144 99.076 98.439 98.056 97.978 97.49 97.439 97.2 97.899 98.412 98.119 98.114 97.817 97.61 97.348 97.311 97.269 97.22 97.167 97.115 97.058 96.995 96.925 96.858 96.784 96.702 96.607 -9999 -9999 -9999 -9999 -9999 -9999 -9999 -9999 -9999 -9999 -9999 -9999 -9999 -9999 -9999 -9999 -9999 -9999 -9999 -9999 -9999 -9999 -9999 -9999 -9999
-9999 -9999 -9999 -9999 -9999 -9999 99.339 99.712 99.229 98.499 98.575 99.055 99.322 99.339 98.614 97.367 97.745 98.135 98.357 99.031 99.314 100.127 100.136 100.221 99.417 98.158 97.741 96.744 96.821 97.12 97.66 98.014 97.996 98.336 97.778 97.345 97.194 97.162 97.126 97.086 97.043 96.999 96.951 96.899 96.843 96.782 96.714 96.639 96.553 -9999 -9999 -9999 -9999 -9999 -9999 -9999 -9999 -9999 -9999 -9999 -9999 -9999 -9999 -9999 -9999 -9999 -9999 -9999 -9999 -9999 -9999 -9999 -9999 -9999 -9999
-9999 -9999 -9999 -9999 98.496 98.094 -9999 100.279 99.585 98.745 98.973 98.932 98.926 98.862 98.409 98.902 98.889 98.342 98.642 98.543 99.057 99.332 99.183 98.68 98.155 98.5 97.919 97.754 97.792 97.496 97.64 97.443 97.711 97.795 97.423 97.089 97.049 97.018 96.985 96.948 96.907 96.863 96.815 96.763 96.706 96.643 96.573 96.495 96.407 -9999 -9999 -9999 -9999 -9999 -9999 -9999 -9999 -9999 -9999 -9999 -9999 -9999 -9999 -9999 -9999 -9999 -9999 -9999 -9999 -9999 -9999 -9999 -9999 -9999 -9999
-9999 -9999 -9999 98.343 98.272 97.872 98.997 99.994 99.5 99.328 99.29 99.231 99.183 99.102 99.486 99.857 99.182 98.158 98.254 98.675 98.658 98.256 97.895 97.635 97.537 96.812 96.959 97.597 97.684 98.342 98.001 97.373 97.259 96.727 96.027 94.654 95.253 96.962 96.817 96.502 96.546 96.731 96.682 96.628 96.57 96.505 96.433 96.352 -9999 -9999 -9999 -9999 -9999 -9999 -9999 -9999 -9999 -9999 -9999 -9999 -9999 -9999 -9999 -9999 -9999 -9999 -9999 -9999 -9999 -9999 -9999 -9999 -9999 -9999 -9999
-9999 -9999 -9999 98.119 -9999 98.481 98.808 98.287 98.565 99.528 99.31 98.811 98.797 98.799 98.876 98.594 98.099 98.21 98.403 98.364 98.425 99.168 98.836 98.321 98.023 98.242 98.564 98.561 98.832 98.663 98.161 97.695 97.404 97.396 96.848 97.323 97.992 97.475 97.06 96.406 96.526 96.6 96.55 96.495 96.435 96.368 96.293 96.209 -9999 -9999 -9999 -9999 -9999 -9999 -9999 -9999 -9999 -9999 -9999 -9999 -9999 -9999 -9999 -9999 -9999 -9999 -9999 -9999 -9999 -9999 -9999 -9999 -9999 -9999 -9999
-9999 -9999 -9999 -9999 -9999 98.18 97.979 98.153 99.055 100.129 99.598 98.87 98.805 98.554 98.08 97.226 97.575 98.375 98.055 97.277 97.951 98.76 98.327 97.894 98.33 99.213 99.103 98.826 98.778 98.898 98.358 97.564 97.586 97.689 97.871 97.737 97.39 97.223 96.774 96.503 96.669 97.022 96.822 96.363 96.3 96.231 96.153 96.065 -9999 -9999 -9999 -9999 -9999 -9999 -9999 -9999 -9999 -9999 -9999 -9999 -9999 -9999 -9999 -9999 -9999 -9999 -9999 -9999 -9999 -9999 -9999 -9999 -9999 -9999 -9999
-9999 -9999 -9999 97.605 98.131 97.841 97.946 97.981 98.719 99.2 98.983 99.403 -9999 98.642 98.388 98.91 99.154 98.723 98.313 98.313 98.686 98.602 98.303 98.118 98.557 98.528 98.158 97.557 97.764 98.169 97.642 97.342 97.339 97.215 97.131 97.12 96.945 96.754 96.716 97.033 97.145 96.997 96.616 96.23 96.165 96.093 96.013 95.949 -9999 -9999 -9999 -9999 -9999 -9999 -9999 -9999 -9999 -9999 -9999 -9999 -9999 -9999 -9999 -9999 -9999 -9999 -9999 -9999 -9999 -9999 -9999 -9999 -9999 -9999 -9999
98.394 98.111 97.667 -9999 98.107 98.128 98.11 98.011 98.363 98.635 99.044 -9999 98.838 97.639 98.146 98.797 98.522 98.398 98.54 98.938 98.949 99.131 99.09 99.252 99.03 98.491 98.011 97.567 97.693 97.487 97.436 97.735 97.592 97.404 97.506 97.827 97.576 97.21 97.149 96.585 96.468 96.396 96.157 96.096 96.029 95.953 95.872 -9999 -9999 -9999 -9999 -9999 -9999 -9999 -9999 -9999 -9999 -9999 -9999 -9999 -9999 -9999 -9999 -9999 -9999 -9999 -9999 -9999 -9999 -9999 -9999 -9999 -9999 -9999 -9999
98.242 98.226 98.418 98.629 -9999 98.22 98.045 97.76 98.103 98.64 98.738 98.279 97.904 98.581 98.85 98.692 98.663 98.777 98.847 98.501 98.43 98.022 98.155 98.302 98.054 98.152 97.832 97.601 97.384 97.102 97.297 97.425 97.22 96.95 97.167 97.329 97.029 96.766 96.41 96.279 96.203 96.12 96.039 95.96 95.89 -9999 -9999 -9999 -9999 -9999 -9999 -9999 -9999 -9999 -9999 -9999 -9999 -9999 -9999 -9999 -9999 -9999 -9999 -9999 -9999 -9999 -9999 -9999 -9999 -9999 -9999 -9999 -9999 -9999 -9999
-9999 -9999 98.41 -9999 98.331 97.913 97.566 97.141 97.898 -9999 -9999 97.086 97.7 98.425 98.42 98.644 98.827 99.177 99.022 99.106 98.637 97.98 98.014 97.916 97.928 97.838 97.617 97.359 97.154 97.01 97.04 96.961 96.822 96.846 96.849 96.654 96.471 96.376 96.259 96.185 96.106 96.02 95.927 95.836 -9999 -9999 -9999 -9999 -9999 -9999 -9999 -9999 -9999 -9999 -9999 -9999 -9999 -9999 -9999 -9999 -9999 -9999 -9999 -9999 -9999 -9999 -9999 -9999 -9999 -9999 -9999 -9999 -9999 -9999 -9999
97.841 -9999 98.637 98.781 98.497 98.261 98.08 98.279 -9999 -9999 99.287 98.852 99.074 98.685 98.616 98.141 98.395 98.609 98.705 98.863 98.431 98.221 98.297 98.653 98.686 98.915 98.377 97.303 97.153 96.965 96.887 96.807 96.815 96.827 96.648 96.459 96.362 96.26 96.168 96.091 96.009 95.921 95.823 95.718 95.621 -9999 -9999 -9999 -9999 -9999 -9999 -9999 -9999 -9999 -9999 -9999 -9999 -9999 -9999 -9999 -9999 -9999 -9999 -9999 -9999 -9999 -9999 -9999 -9999 -9999 -9999 -9999 -9999 -9999 -9999
98.002 98.558 98.823 99.332 99.139 98.877 99.07 -9999 -9999 97.934 98.452 99.155 98.923 98.862 98.531 98.326 98.26 97.806 97.724 97.301 97.279 97.551 97.724 97.71 98.014 98.529 97.727 97.079 96.959 96.912 96.837 96.758 96.727 96.641 96.502 96.408 96.308 96.2 96.103 96.018 95.93 95.833 95.725 95.606 -9999 -9999 -9999 -9999 -9999 -9999 -9999 -9999 -9999 -9999 -9999 -9999 -9999 -9999 -9999 -9999 -9999 -9999 -9999 -9999 -9999 -9999 -9999 -9999 -9999 -9999 -9999 -9999 -9999 -9999 -9999
98.164 98.776 -9999 -9999 98.881 98.844 -9999 -9999 -9999 97.1 97.904 99.088 99.075 99.146 98.777 98.095 98.021 98.472 98.099 97.706 97.763 97.581 97.706 98.078 98.172 97.726 97.479 97.725 97.474 96.873 96.799 96.72 96.639 96.553 96.462 96.365 96.263 96.152 96.05 95.961 95.87 95.771 95.659 95.536 -9999 -9999 -9999 -9999 -9999 -9999 -9999 -9999 -9999 -9999 -9999 -9999 -9999 -9999 -9999 -9999 -9999 -9999 -9999 -9999 -9999 -9999 -9999 -9999 -9999 -9999 -9999 -9999 -9999 -9999 -9999
-9999 98.09 97.87 97.324 -9999 -9999 -9999 -9999 97.209 96.553 97.814 99.553 99.491 99.246 98.532 97.585 97.884 98.079 97.677 97.159 97.174 97.51 97.726 97.805 97.279 96.492 96.994 98.018 97.487 96.903 96.811 96.685 96.602 96.515 96.422 96.324 96.218 96.105 96.0 95.909 95.818 95.719 95.609 -9999 -9999 -9999 -9999 -9999 -9999 -9999 -9999 -9999 -9999 -9999 -9999 -9999 -9999 -9999 -9999 -9999 -9999 -9999 -9999 -9999 -9999 -9999 -9999 -9999 -9999 -9999 -9999 -9999 -9999 -9999 -9999
