Validation/Results/raw data/ReClimate_10_2024_2_Precipitation-Actuals.asc
NCOLS 192
NROWS 249
XLLCENTER -225160.85627316462
YLLCENTER 29788.11610251431
CELLSIZE 5000.0
NODATA_VALUE -9999
[rows 198 to 230 of 249, columns 74 to 147 of 192]
-9999 -9999 -9999 -9999 -9999 -9999 -9999 -9999 -9999 -9999 -9999 -9999 -9999 -9999 -9999 -9999 -9999 -9999 156.575 158.244 160.064 160.547 153.723 172.197 184.559 212.616 240.781 267.089 249.419 226.25 192.841 155.54 135.557 129.774 136.746 146.673 125.792 103.827 85.978 81.453 79.083 81.181 75.548 79.366 77.976 76.083 71.464 67.359 64.605 64.983 61.129 62.403 59.74 57.553 56.559 57.724 57.07 57.658 56.354 57.448 60.482 60.659 62.763 63.838 62.378 59.215 57.46 58.54 57.097 54.442 54.022 49.834 47.906 46.646
-9999 -9999 -9999 -9999 -9999 -9999 -9999 -9999 -9999 -9999 -9999 -9999 -9999 -9999 -9999 106.758 134.17 146.369 148.791 162.802 168.16 175.072 174.989 162.757 196.715 217.209 243.181 230.318 233.059 203.275 181.753 166.568 141.354 125.995 148.423 125.722 107.066 85.594 78.871 76.061 81.802 74.454 75.806 71.492 74.32 76.318 73.358 72.358 67.276 63.717 57.595 59.064 62.312 56.196 54.215 54.996 58.693 59.633 63.736 60.7 59.014 61.144 60.454 61.852 61.331 58.864 56.078 56.345 56.576 53.855 51.045 49.76 46.553 46.338
-9999 -9999 -9999 -9999 -9999 -9999 -9999 -9999 -9999 -9999 -9999 -9999 -9999 142.458 131.396 138.105 144.987 150.652 164.482 167.684 181.0 180.697 175.371 200.692 192.44 213.564 222.682 210.843 210.164 207.023 198.856 170.575 148.35 140.97 120.582 107.566 94.176 105.184 89.977 76.539 73.312 70.033 67.76 69.354 73.567 73.792 74.174 69.169 66.444 61.154 55.294 61.012 63.668 59.345 61.914 60.998 59.386 59.593 59.538 64.312 62.472 63.441 65.759 65.808 64.703 62.03 58.08 54.939 54.575 52.553 49.525 47.163 48.765 47.013
-9999 -9999 -9999 -9999 -9999 -9999 -9999 -9999 -9999 153.944 159.158 153.556 147.952 171.0 164.725 170.405 166.83 170.242 177.141 182.892 195.989 194.065 194.755 216.759 200.683 209.874 199.671 198.261 204.828 205.637 188.519 171.409 152.442 138.275 116.812 97.964 118.8 115.577 96.695 93.363 79.386 73.304 68.024 72.936 79.646 71.717 73.22 64.861 63.523 60.226 60.757 63.661 63.022 66.307 65.302 67.675 63.591 60.321 61.278 63.006 64.372 65.5 64.708 64.289 64.676 62.47 59.746 56.544 53.886 52.87 51.805 52.426 48.338 47.848
-9999 -9999 -9999 -9999 -9999 -9999 -9999 -9999 133.205 157.68 159.033 174.257 207.429 220.58 217.043 205.099 189.927 193.705 193.2 201.278 206.983 200.969 220.635 209.886 202.663 186.765 181.063 184.827 198.252 200.169 181.649 167.21 154.063 133.214 128.18 142.527 164.253 131.869 113.292 90.711 87.722 80.91 80.434 76.89 69.359 70.264 66.667 65.901 63.673 62.403 70.976 72.473 73.696 73.952 76.768 71.783 66.941 70.645 68.675 69.498 68.299 66.607 66.812 64.477 62.885 60.641 58.981 58.09 55.028 56.881 56.457 51.997 52.249 48.244
-9999 -9999 -9999 -9999 -9999 -9999 -9999 118.904 137.904 155.812 166.561 185.318 206.643 210.4 209.938 198.994 198.31 193.048 198.305 197.699 204.223 214.425 209.621 192.829 175.813 164.356 181.488 203.26 210.507 212.642 187.71 170.484 146.285 146.977 134.083 171.986 164.733 156.483 115.669 105.999 96.273 89.723 80.27 74.91 74.588 75.595 75.891 68.258 64.782 64.489 72.753 69.321 75.135 85.409 81.085 79.571 73.604 73.958 76.649 73.22 71.524 68.818 66.211 63.941 59.166 58.031 58.384 59.593 58.964 56.139 56.452 53.249 53.076 54.592
-9999 -9999 -9999 -9999 -9999 111.712 -9999 119.605 132.75 145.279 154.62 162.323 176.028 176.468 178.405 182.791 181.573 178.667 179.817 192.829 181.578 182.418 175.592 174.699 172.792 193.084 223.733 263.968 295.052 253.648 242.355 224.853 214.106 184.804 158.187 159.18 185.28 139.023 116.602 114.825 106.727 94.462 82.625 79.135 82.828 82.367 77.621 68.784 65.209 69.334 72.853 83.171 88.852 88.129 84.008 78.42 75.219 72.225 75.189 72.944 69.782 65.813 63.164 62.667 59.952 57.459 59.051 58.821 59.219 57.297 56.146 57.432 55.683 58.019
-9999 -9999 -9999 -9999 -9999 -9999 -9999 -9999 -9999 143.47 142.326 153.213 156.923 158.084 164.459 173.672 170.603 161.001 170.497 167.137 165.663 175.769 177.469 189.25 191.716 218.545 254.986 293.737 295.532 293.968 273.579 279.679 272.54 203.399 185.501 177.736 132.063 129.543 128.236 105.762 99.334 91.926 95.419 94.978 98.69 92.537 77.936 68.395 67.882 71.731 81.122 99.033 99.687 95.483 85.277 78.947 76.831 79.242 73.145 70.541 66.622 62.566 59.513 57.949 59.616 57.48 57.689 57.227 58.143 59.765 61.669 64.768 64.502 59.475
-9999 -9999 -9999 -9999 -9999 -9999 -9999 -9999 -9999 137.648 141.472 147.367 151.352 161.399 171.296 176.628 164.935 156.785 158.89 154.598 167.253 176.222 181.697 186.819 190.658 207.836 229.096 249.68 256.303 253.064 259.574 273.735 238.941 222.185 196.464 157.164 160.75 166.723 129.028 109.276 92.897 107.276 104.695 108.853 105.72 96.794 78.4 72.64 74.74 89.676 95.365 95.536 94.916 94.123 87.562 82.985 77.555 76.596 75.933 68.888 65.056 61.567 58.918 57.087 57.936 59.587 58.879 56.312 58.389 62.134 68.064 67.571 66.998 65.933
-9999 -9999 -9999 -9999 -9999 -9999 -9999 109.51 120.287 133.648 138.546 -9999 147.678 152.627 157.808 151.092 144.815 141.096 -9999 141.844 152.893 162.748 182.771 182.929 202.189 207.148 226.807 237.943 231.902 225.968 248.791 231.064 210.624 201.412 196.601 179.138 182.011 172.846 135.665 115.56 105.064 104.644 112.738 110.964 106.526 88.378 77.17 75.964 84.784 89.166 93.936 92.006 95.657 89.447 84.972 81.161 75.724 69.954 67.784 66.364 67.728 63.435 60.441 56.949 55.229 55.943 58.389 59.291 61.101 67.705 71.331 73.656 68.946 67.369
-9999 -9999 -9999 -9999 -9999 -9999 -9999 109.291 -9999 -9999 -9999 138.097 141.434 141.738 -9999 -9999 -9999 -9999 -9999 133.774 141.907 158.48 158.43 173.449 182.131 191.087 207.075 212.153 220.459 285.362 295.839 258.141 219.069 206.476 204.244 193.581 185.524 152.118 137.977 118.454 109.445 117.887 108.835 108.444 91.848 80.602 78.398 82.434 91.06 90.919 96.289 90.315 87.811 86.581 80.607 75.456 70.994 66.0 64.138 61.923 61.339 62.055 59.489 59.001 56.253 57.322 59.646 65.08 70.11 73.581 76.578 76.132 71.471 66.742
-9999 -9999 -9999 -9999 -9999 -9999 -9999 -9999 -9999 121.537 130.312 134.16 131.748 132.052 -9999 -9999 -9999 -9999 -9999 -9999 -9999 -9999 148.732 164.558 165.577 166.005 178.244 201.71 261.06 311.26 324.7 290.294 244.481 222.414 204.285 182.395 180.445 169.781 137.364 122.335 131.851 122.111 116.474 93.467 85.198 82.417 85.556 95.622 89.757 95.14 93.527 86.976 81.213 77.858 74.862 70.792 66.311 65.021 61.798 59.595 57.226 57.027 57.58 58.773 59.686 60.75 66.526 69.574 75.218 78.481 76.742 74.732 70.233 64.354
-9999 -9999 -9999 -9999 -9999 -9999 -9999 -9999 -9999 -9999 128.147 -9999 -9999 -9999 -9999 -9999 -9999 -9999 -9999 -9999 134.515 140.837 152.566 153.349 145.512 149.183 163.459 196.693 245.992 294.024 302.442 270.969 235.948 214.99 194.974 177.921 175.009 148.488 124.267 119.618 124.103 120.103 105.55 -9999 85.857 87.089 92.029 98.398 95.536 93.083 88.834 82.166 77.932 73.351 72.907 70.297 64.55 62.492 60.838 57.718 56.937 57.312 57.831 57.91 61.318 69.584 71.896 76.932 74.241 74.38 73.093 69.548 62.505 61.921
-9999 -9999 -9999 -9999 -9999 -9999 -9999 -9999 -9999 -9999 -9999 -9999 -9999 -9999 -9999 -9999 -9999 -9999 -9999 -9999 131.228 137.243 137.044 132.29 -9999 -9999 -9999 161.738 214.57 237.089 243.186 222.71 210.785 205.039 183.482 160.907 147.426 130.284 112.281 109.71 106.0 96.414 -9999 84.456 85.731 88.157 95.625 97.923 92.131 91.67 88.685 80.316 76.136 72.918 71.086 70.631 64.848 61.087 66.923 66.088 62.975 60.726 60.126 60.739 61.843 64.799 73.939 74.326 70.845 69.282 68.678 62.397 59.365 57.445
-9999 -9999 -9999 -9999 -9999 -9999 -9999 -9999 -9999 -9999 -9999 -9999 -9999 -9999 -9999 -9999 -9999 -9999 -9999 -9999 -9999 -9999 -9999 -9999 -9999 -9999 -9999 122.977 158.321 182.689 179.401 175.781 177.056 171.813 157.829 145.024 133.675 118.233 115.686 112.504 -9999 -9999 84.206 83.043 88.229 91.21 97.344 97.644 91.865 90.548 82.946 75.465 77.176 74.918 73.773 77.097 76.709 72.565 73.259 79.152 74.386 67.955 67.372 65.921 66.941 69.774 70.181 71.087 67.483 62.583 62.287 60.685 57.513 57.538
-9999 -9999 -9999 -9999 -9999 -9999 -9999 -9999 -9999 -9999 -9999 -9999 -9999 -9999 -9999 -9999 -9999 -9999 -9999 -9999 -9999 -9999 -9999 -9999 -9999 -9999 -9999 115.054 128.729 137.143 145.262 151.769 147.973 143.338 138.206 130.914 116.026 -9999 -9999 -9999 -9999 -9999 82.19 88.236 92.335 93.638 96.154 97.898 92.657 87.975 79.179 72.5 72.739 80.16 79.504 84.878 85.973 83.752 80.539 80.094 78.049 70.959 69.042 68.303 67.408 70.301 66.074 64.029 60.386 58.93 58.043 56.604 55.832 55.53
-9999 -9999 -9999 -9999 -9999 -9999 -9999 -9999 -9999 -9999 -9999 -9999 -9999 -9999 -9999 -9999 -9999 -9999 -9999 -9999 -9999 -9999 -9999 -9999 -9999 -9999 -9999 -9999 -9999 122.285 137.264 135.451 128.919 127.662 125.121 114.545 -9999 -9999 -9999 -9999 93.158 94.66 96.148 94.479 98.675 91.885 97.939 98.218 94.052 85.68 78.306 77.839 80.276 85.112 87.443 86.822 89.043 84.866 80.994 76.009 74.203 71.192 66.698 67.6 65.134 64.45 63.431 59.883 58.667 58.959 61.281 59.424 56.641 56.692
-9999 -9999 -9999 -9999 -9999 -9999 -9999 -9999 -9999 -9999 -9999 -9999 -9999 -9999 -9999 -9999 -9999 -9999 -9999 -9999 -9999 -9999 -9999 -9999 -9999 -9999 -9999 -9999 -9999 -9999 118.641 114.595 114.385 108.387 108.378 -9999 -9999 -9999 -9999 97.757 93.534 98.883 102.464 102.741 95.477 90.001 93.536 92.16 93.686 85.199 81.719 85.123 85.364 87.352 91.405 88.556 86.597 84.69 83.302 78.158 74.096 69.832 69.508 67.529 66.167 65.141 62.708 61.329 62.798 64.929 65.282 62.587 58.721 57.239
-9999 -9999 -9999 -9999 -9999 -9999 -9999 -9999 -9999 -9999 -9999 -9999 -9999 -9999 -9999 -9999 -9999 -9999 -9999 -9999 -9999 -9999 -9999 -9999 -9999 -9999 -9999 -9999 -9999 -9999 -9999 -9999 -9999 -9999 -9999 -9999 -9999 -9999 97.098 95.36 93.413 100.877 105.486 102.29 94.424 92.764 91.043 92.791 89.214 80.098 81.091 79.428 82.103 83.762 84.879 88.874 89.474 87.348 90.501 90.275 84.1 79.76 76.233 69.811 66.486 66.425 63.929 62.803 64.789 66.667 65.2 61.991 59.852 59.018
-9999 -9999 -9999 -9999 -9999 -9999 -9999 -9999 -9999 -9999 -9999 -9999 -9999 -9999 -9999 -9999 -9999 -9999 -9999 -9999 -9999 -9999 -9999 -9999 -9999 -9999 -9999 -9999 -9999 -9999 -9999 -9999 -9999 -9999 -9999 -9999 -9999 88.651 92.518 97.848 102.052 123.752 118.752 107.621 101.569 98.196 95.78 92.46 81.396 75.901 74.376 75.246 81.692 81.815 86.673 90.558 96.526 94.842 91.652 98.727 94.227 89.941 84.491 76.761 69.19 67.38 66.496 65.723 66.516 67.263 65.595 62.759 61.888 62.798
-9999 -9999 -9999 -9999 -9999 -9999 -9999 -9999 -9999 -9999 -9999 -9999 -9999 -9999 -9999 -9999 -9999 -9999 -9999 -9999 -9999 -9999 -9999 -9999 -9999 -9999 -9999 -9999 -9999 -9999 -9999 -9999 -9999 -9999 -9999 -9999 -9999 86.535 85.954 87.949 102.945 112.772 118.191 125.798 117.67 112.118 106.566 93.865 84.04 81.863 85.826 87.461 89.859 86.612 83.377 85.902 89.585 96.186 94.345 93.773 94.257 86.723 85.851 80.71 74.811 72.096 70.236 72.436 72.17 69.92 68.5 65.885 67.808 74.224
-9999 -9999 -9999 -9999 -9999 -9999 -9999 -9999 -9999 -9999 -9999 -9999 -9999 -9999 -9999 -9999 -9999 -9999 -9999 -9999 -9999 -9999 -9999 -9999 167.17 189.99 220.694 198.992 -9999 167.968 -9999 -9999 -9999 -9999 -9999 -9999 -9999 -9999 78.315 80.061 86.894 94.542 108.081 117.47 124.815 118.382 104.882 96.197 90.915 96.545 95.128 86.309 88.464 86.472 81.568 83.567 84.483 87.845 87.984 89.63 87.444 87.782 86.847 90.064 87.843 81.36 78.976 78.1 76.74 75.636 74.414 72.982 74.87 76.841
-9999 -9999 -9999 -9999 -9999 -9999 -9999 -9999 -9999 -9999 -9999 -9999 -9999 -9999 -9999 -9999 -9999 -9999 -9999 -9999 -9999 142.794 148.385 146.759 168.819 217.327 230.688 214.283 207.265 176.186 140.197 116.664 -9999 -9999 94.219 90.17 82.993 73.711 77.539 76.203 80.623 88.199 96.921 105.394 111.702 110.856 105.998 98.634 105.466 99.812 92.789 93.771 87.323 85.804 82.299 81.288 82.838 84.81 87.611 83.78 85.92 87.479 91.11 89.884 94.628 93.417 85.648 83.647 79.253 78.035 80.198 78.645 89.789 91.127
-9999 -9999 -9999 -9999 -9999 -9999 -9999 -9999 -9999 -9999 -9999 -9999 -9999 -9999 -9999 -9999 -9999 -9999 -9999 -9999 147.248 144.15 137.597 140.92 173.423 215.765 235.166 239.609 229.103 190.462 164.28 132.34 109.789 111.763 106.431 102.113 86.872 82.521 77.472 75.509 80.059 87.193 86.918 96.535 100.448 102.193 101.911 114.12 105.55 106.411 102.397 98.361 93.991 88.235 85.326 83.406 85.987 87.132 86.345 86.072 83.825 86.219 89.268 95.45 98.257 97.076 93.008 89.829 92.854 86.47 84.233 84.402 84.936 94.759
-9999 -9999 -9999 -9999 -9999 -9999 -9999 -9999 -9999 -9999 -9999 -9999 -9999 -9999 -9999 -9999 -9999 -9999 -9999 -9999 148.709 128.31 121.9 131.541 162.608 192.293 206.093 218.239 202.706 185.66 159.124 146.044 140.897 126.711 113.01 98.599 92.405 84.671 74.79 73.265 74.775 77.943 79.893 83.916 84.833 90.812 104.138 104.932 105.834 108.667 102.367 97.466 98.356 94.753 91.262 88.392 89.19 90.265 87.986 85.992 87.407 81.217 84.529 92.434 101.588 102.858 97.038 96.967 98.47 97.15 90.314 84.846 84.436 86.642
-9999 -9999 -9999 -9999 -9999 -9999 -9999 -9999 -9999 -9999 -9999 -9999 -9999 -9999 -9999 -9999 -9999 -9999 -9999 -9999 137.494 121.743 121.419 126.624 141.592 151.691 164.003 169.731 174.322 168.512 157.752 148.399 148.042 129.475 104.031 93.52 88.804 82.65 75.715 68.864 68.481 75.98 76.275 76.689 84.618 91.673 97.774 98.2 95.438 100.678 100.018 104.864 103.476 98.153 91.647 90.119 90.72 90.193 92.651 89.776 87.597 93.903 90.083 94.895 102.057 112.212 108.21 100.932 102.169 96.257 90.857 89.62 84.697 86.615
-9999 -9999 -9999 -9999 -9999 -9999 -9999 -9999 -9999 -9999 -9999 -9999 -9999 -9999 -9999 -9999 148.77 166.085 -9999 146.383 129.18 136.806 129.457 123.288 121.847 131.544 138.782 152.883 158.954 158.832 144.924 141.219 131.855 114.146 102.959 93.786 90.71 88.011 82.809 72.398 77.828 78.44 76.228 78.525 84.011 90.396 94.416 94.571 101.172 103.433 104.506 112.904 110.709 101.808 90.458 87.259 93.335 97.074 92.587 94.017 88.691 92.656 100.256 97.424 101.656 105.04 107.737 100.61 100.297 102.751 97.613 93.273 89.949 86.131
-9999 -9999 -9999 -9999 -9999 -9999 -9999 -9999 -9999 -9999 -9999 -9999 -9999 -9999 -9999 -9999 153.554 157.667 156.228 146.138 140.449 137.893 126.462 122.502 131.862 128.489 136.111 142.015 144.245 147.772 138.42 127.987 121.692 114.147 114.261 117.074 107.755 98.039 86.986 81.527 87.004 86.52 86.507 92.417 105.32 89.771 95.44 95.418 97.6 99.621 105.816 107.568 107.638 101.389 95.171 96.299 99.225 97.751 91.717 89.431 91.335 91.099 94.304 95.612 100.575 106.137 104.274 111.007 106.201 106.618 103.986 101.526 94.391 91.078
-9999 -9999 -9999 -9999 -9999 -9999 -9999 -9999 -9999 -9999 -9999 -9999 -9999 -9999 -9999 137.337 145.027 152.104 157.821 158.335 145.989 139.586 133.226 133.459 129.261 124.229 128.462 129.284 129.892 131.353 123.162 116.825 111.508 114.643 129.082 128.585 130.791 114.175 101.625 98.056 94.994 92.866 97.128 104.904 96.425 96.968 94.973 95.876 101.542 108.452 103.2 102.396 99.794 101.859 100.307 97.909 103.663 102.046 94.934 88.43 95.022 90.895 90.899 91.928 95.181 100.799 101.381 106.158 113.849 107.179 115.06 105.238 108.403 106.028
-9999 -9999 -9999 -9999 -9999 -9999 -9999 -9999 -9999 -9999 -9999 -9999 -9999 -9999 -9999 -9999 126.875 143.628 147.467 142.412 140.506 140.695 130.244 122.637 123.333 120.379 122.268 120.346 118.942 112.274 109.474 110.911 104.239 116.127 126.386 135.62 132.008 124.685 115.582 109.953 101.828 103.762 107.453 109.464 101.572 102.059 103.952 104.841 110.545 103.318 104.125 98.124 97.196 99.399 100.229 99.591 100.79 100.8 97.625 107.439 -9999 95.618 88.11 94.235 90.763 88.071 90.923 91.608 95.094 95.634 96.742 98.509 93.919 103.747
-9999 -9999 -9999 -9999 -9999 -9999 -9999 -9999 -9999 -9999 -9999 -9999 -9999 -9999 -9999 120.395 119.913 131.287 135.315 139.096 143.373 137.265 128.222 122.315 115.707 116.768 115.715 108.682 99.137 101.3 105.005 99.405 103.284 111.264 117.987 127.125 132.03 120.596 115.911 124.044 121.106 118.295 126.517 116.997 120.2 124.744 118.498 114.897 109.928 106.416 102.472 100.381 97.824 99.194 99.126 99.897 100.824 100.144 100.355 95.537 98.325 -9999 84.408 -9999 83.668 -9999 81.501 -9999 84.356 84.847 86.909 84.725 83.083 86.336
-9999 -9999 -9999 -9999 -9999 -9999 -9999 -9999 -9999 -9999 -9999 -9999 -9999 -9999 -9999 116.959 123.937 129.291 130.32 140.514 143.299 143.967 140.541 137.718 128.556 127.33 122.009 115.361 96.841 99.969 97.733 95.779 98.839 108.16 118.382 129.969 124.606 113.871 123.327 122.641 110.934 115.46 112.484 115.336 130.284 126.37 118.154 117.372 110.176 106.984 104.97 102.067 99.312 95.876 95.55 97.17 96.85 94.074 91.9 90.364 87.001 -9999 -9999 80.344 78.215 -9999 -9999 78.082 77.985 78.574 -9999 -9999 -9999 -9999
-9999 -9999 -9999 -9999 -9999 -9999 -9999 -9999 -9999 -9999 -9999 -9999 -9999 -9999 134.508 132.881 143.371 134.637 131.545 132.815 140.007 151.234 164.568 175.119 179.372 153.368 131.836 111.866 108.549 102.957 94.553 90.734 98.848 106.252 120.626 120.238 115.696 108.799 112.689 97.985 98.672 101.414 107.88 119.682 120.049 118.084 115.793 111.263 109.648 104.183 99.515 99.577 99.729 97.231 90.725 86.494 91.003 90.18 -9999 -9999 -9999 88.59 -9999 -9999 -9999 -9999 -9999 -9999 80.449 -9999 -9999 -9999 -9999 -9999
