Validation/Results/raw data/ReClimate_01_2024_2_Temperature-Actuals.asc
NCOLS 192
NROWS 249
XLLCENTER -225160.85627316462
YLLCENTER 29788.11610251502
CELLSIZE 5000.0
NODATA_VALUE -9999
[rows 170 to 203 of 249, columns 77 to 153 of 192]
-9999 -9999 -9999 -9999 -9999 -9999 -9999 -9999 -9999 -9999 -9999 -9999 -9999 -9999 -9999 7.509 7.468 -9999 -9999 -9999 -9999 -9999 -9999 -9999 -9999 -9999 -9999 -9999 -9999 -9999 -9999 -9999 -9999 -9999 7.53 7.703 7.627 7.601 7.419 7.465 7.501 7.559 7.594 7.723 7.788 7.741 7.466 6.966 6.069 5.207 4.429 4.678 4.681 5.197 6.33 6.803 7.055 6.694 6.685 6.954 7.248 7.27 7.296 7.298 7.297 7.264 7.159 7.138 7.236 7.235 7.055 6.527 6.537 6.539 6.881 7.093 7.115
-9999 -9999 -9999 -9999 -9999 -9999 -9999 -9999 -9999 -9999 -9999 -9999 -9999 -9999 -9999 7.288 7.195 7.355 -9999 -9999 -9999 -9999 -9999 -9999 -9999 -9999 -9999 -9999 -9999 -9999 -9999 -9999 -9999 7.779 7.745 7.699 7.661 7.49 7.65 7.541 7.541 7.561 7.61 7.648 7.618 7.518 7.411 7.073 6.417 5.316 4.464 4.945 5.456 5.52 6.145 7.158 7.297 7.066 6.638 6.844 7.234 7.317 7.271 7.23 7.269 7.269 7.179 7.035 7.102 7.165 7.086 6.74 6.476 6.584 6.769 7.096 7.201
-9999 -9999 -9999 -9999 -9999 -9999 -9999 -9999 -9999 -9999 -9999 -9999 -9999 -9999 7.553 7.312 7.121 7.307 7.622 -9999 -9999 -9999 -9999 -9999 -9999 -9999 -9999 -9999 -9999 -9999 7.459 -9999 -9999 7.795 7.485 7.688 7.692 7.729 -9999 7.406 7.365 7.36 7.442 7.392 7.429 7.282 7.218 6.796 6.13 6.498 5.326 5.578 6.098 5.391 6.258 6.733 7.178 7.132 6.859 6.936 7.162 7.298 7.346 7.303 7.325 7.292 7.2 7.014 7.017 7.149 7.099 6.963 6.649 6.497 6.574 6.967 7.178
-9999 -9999 -9999 -9999 -9999 -9999 -9999 -9999 -9999 -9999 -9999 -9999 -9999 -9999 7.633 7.376 7.299 7.369 7.59 7.62 7.693 -9999 -9999 -9999 7.263 7.532 -9999 7.511 7.497 7.506 6.75 7.014 -9999 -9999 7.651 7.59 -9999 -9999 7.528 7.36 7.536 7.708 7.574 7.427 7.235 7.13 6.921 6.28 5.492 5.848 5.734 5.466 5.634 5.531 5.704 6.892 7.045 6.955 6.71 6.93 7.075 7.2 7.261 7.279 7.334 7.331 7.24 7.072 7.033 7.189 7.169 7.094 6.894 6.656 6.425 6.582 6.937
-9999 -9999 -9999 -9999 -9999 -9999 -9999 -9999 -9999 -9999 -9999 -9999 -9999 -9999 -9999 7.568 7.423 7.467 7.669 7.669 -9999 -9999 5.369 5.377 7.05 6.503 6.655 6.767 7.376 7.247 7.071 6.722 6.796 -9999 7.661 7.663 7.613 7.614 7.312 7.136 7.514 7.818 7.706 7.415 7.233 7.015 6.794 5.996 4.952 5.075 5.402 5.689 5.959 5.755 5.922 6.599 7.057 6.967 6.771 6.899 7.011 7.072 7.135 7.208 7.305 7.352 7.283 7.066 7.062 7.25 7.243 7.182 7.054 6.841 6.691 6.562 6.595
-9999 -9999 -9999 -9999 -9999 -9999 -9999 -9999 -9999 -9999 -9999 -9999 -9999 -9999 -9999 7.619 7.523 7.79 7.868 7.845 7.553 5.981 3.711 6.305 6.956 6.069 6.53 6.152 6.655 7.27 6.986 5.978 6.642 6.976 7.446 7.678 7.635 7.503 7.282 7.166 7.372 7.594 7.553 7.423 7.217 7.006 6.671 5.654 5.025 4.706 5.134 5.267 6.071 6.219 5.911 6.283 6.758 6.81 6.807 6.906 6.947 7.013 7.081 7.137 7.344 7.334 7.322 7.254 7.118 7.289 7.327 7.283 7.204 6.999 6.676 6.679 6.852
-9999 -9999 -9999 -9999 -9999 -9999 -9999 -9999 -9999 -9999 -9999 -9999 -9999 -9999 -9999 -9999 7.741 7.937 7.816 7.203 5.966 3.074 3.904 6.081 6.126 6.343 5.682 5.492 5.858 6.304 6.524 6.703 5.973 6.817 7.33 7.494 7.61 7.567 7.355 7.259 7.319 7.461 7.501 7.318 7.13 6.938 6.432 5.783 5.137 4.961 5.438 5.271 5.546 6.572 6.228 6.268 6.638 6.617 6.738 6.926 6.957 6.97 7.035 7.132 7.357 7.384 7.374 7.223 7.184 7.293 7.362 7.351 7.267 7.168 7.051 6.934 7.043
-9999 -9999 -9999 -9999 -9999 -9999 -9999 -9999 -9999 -9999 -9999 -9999 -9999 -9999 -9999 -9999 -9999 -9999 7.244 6.116 4.75 4.066 4.634 6.383 6.644 5.832 5.062 4.928 5.058 6.059 6.909 6.46 5.757 6.393 7.096 7.423 7.669 7.561 7.363 7.17 7.264 7.335 7.331 7.261 7.089 6.744 6.099 5.753 5.541 5.069 5.414 5.284 5.215 5.901 6.634 6.518 6.891 6.717 6.534 6.793 6.962 7.117 7.177 7.26 7.382 7.412 7.411 7.396 7.195 7.276 7.344 7.363 7.344 7.298 7.259 7.205 7.174
-9999 -9999 -9999 -9999 -9999 -9999 -9999 -9999 -9999 -9999 -9999 -9999 -9999 -9999 -9999 -9999 -9999 7.773 6.811 6.12 5.611 4.559 5.844 6.631 6.214 6.0 5.307 4.764 5.201 5.372 6.306 6.104 5.535 5.933 6.608 7.442 7.583 7.545 7.22 7.058 7.128 7.231 7.278 7.207 6.934 6.383 6.149 6.293 5.842 5.253 5.554 5.613 5.753 5.995 6.202 6.745 6.849 6.795 6.747 6.749 6.981 7.027 7.278 7.4 7.436 7.421 7.422 7.199 7.196 7.293 7.379 7.373 7.377 7.369 7.346 7.276 7.232
-9999 -9999 -9999 -9999 -9999 -9999 -9999 -9999 -9999 -9999 -9999 -9999 -9999 -9999 -9999 -9999 7.671 5.899 6.584 6.104 5.414 5.703 4.574 5.028 5.468 5.359 4.704 5.291 5.094 5.687 6.206 5.408 5.018 5.761 6.624 7.411 7.655 7.546 7.159 7.162 7.255 7.257 7.276 7.06 6.668 6.597 6.487 6.02 5.711 5.537 5.388 5.962 6.181 6.403 6.647 6.689 7.01 6.905 6.97 6.964 7.028 7.293 7.172 7.382 7.46 7.395 7.366 7.167 7.082 7.328 7.363 7.372 7.378 7.383 7.356 7.312 7.278
-9999 -9999 -9999 -9999 -9999 -9999 -9999 -9999 -9999 -9999 -9999 -9999 -9999 -9999 -9999 7.54 6.034 6.845 6.964 6.53 6.638 6.029 5.78 5.293 4.87 4.564 4.648 4.845 5.15 6.032 5.594 5.645 6.429 6.625 7.17 7.316 7.553 7.42 7.21 7.205 7.203 7.238 7.019 6.663 6.761 6.691 6.493 5.969 5.91 6.356 6.202 6.15 6.423 6.54 6.716 6.855 6.897 7.069 7.142 7.288 7.36 7.465 7.479 7.345 7.387 7.372 7.332 7.143 7.077 7.336 7.387 7.337 7.346 7.333 7.337 7.318 7.328
-9999 -9999 -9999 -9999 -9999 -9999 -9999 -9999 -9999 -9999 -9999 -9999 -9999 7.329 7.563 7.239 7.326 7.602 7.634 7.334 7.557 7.096 6.191 5.431 4.726 3.79 5.279 5.447 5.956 5.87 4.971 5.338 5.872 6.742 7.064 7.19 7.308 7.242 7.124 7.05 7.132 7.033 6.77 6.646 6.572 6.817 6.5 6.126 6.238 6.404 6.543 6.613 6.667 6.789 6.941 7.138 7.098 7.132 7.407 7.587 7.657 7.55 7.485 7.44 7.363 7.275 7.264 7.031 6.944 7.224 7.376 7.353 7.321 7.312 7.311 7.353 -9999
-9999 -9999 -9999 -9999 -9999 -9999 -9999 -9999 -9999 -9999 -9999 -9999 7.188 7.272 7.389 7.576 -9999 -9999 -9999 -9999 6.814 5.769 5.599 5.339 4.467 5.437 5.541 4.901 5.386 4.747 3.49 4.484 5.527 6.021 6.829 7.268 7.192 7.12 7.083 7.065 7.051 6.969 6.778 6.694 6.582 6.718 6.534 6.461 6.486 6.574 6.804 6.895 6.921 7.1 7.141 7.323 7.463 7.394 7.475 7.586 7.62 7.55 7.433 7.329 7.169 7.078 7.076 6.984 6.879 7.043 7.277 7.36 7.343 7.312 7.321 7.364 7.406
-9999 -9999 -9999 -9999 -9999 -9999 -9999 -9999 -9999 -9999 -9999 -9999 7.197 7.049 7.68 -9999 -9999 -9999 -9999 -9999 6.41 5.695 5.366 5.681 4.982 5.152 4.708 4.186 4.446 4.111 4.227 5.799 5.868 6.493 7.117 7.339 7.237 7.122 7.032 6.912 6.876 6.922 6.824 6.68 6.69 6.638 6.753 6.733 6.828 6.602 6.574 6.692 6.943 7.177 7.289 7.359 7.332 7.351 7.341 7.327 7.339 7.188 7.175 6.94 6.745 6.694 6.836 6.906 6.905 7.038 7.21 7.36 7.371 7.37 7.367 7.376 7.405
-9999 -9999 -9999 -9999 -9999 -9999 -9999 -9999 -9999 -9999 -9999 -9999 -9999 -9999 7.821 -9999 -9999 -9999 -9999 -9999 6.302 5.486 6.023 5.772 5.432 5.394 4.068 4.421 5.397 4.609 5.544 5.902 6.199 6.897 7.319 7.395 7.115 7.068 6.95 6.892 7.041 6.978 6.948 6.881 6.755 6.811 6.916 7.024 6.938 6.895 6.786 6.69 6.942 7.023 6.854 6.996 7.112 7.096 7.25 7.183 6.999 6.77 6.651 6.825 6.668 6.569 6.635 6.791 6.88 7.014 7.191 7.347 7.38 7.4 7.424 7.425 7.434
-9999 -9999 -9999 -9999 -9999 -9999 -9999 -9999 -9999 -9999 -9999 -9999 -9999 -9999 -9999 -9999 -9999 -9999 -9999 -9999 6.701 6.173 7.297 6.555 5.741 4.392 4.646 4.848 4.914 5.758 5.831 6.003 6.972 7.25 7.507 7.358 7.249 7.103 7.092 7.123 7.153 7.155 7.085 6.967 6.906 6.863 6.94 6.92 6.749 6.978 7.14 7.071 6.992 7.13 6.841 6.645 6.86 6.792 7.006 7.236 7.016 6.884 6.754 6.753 6.839 6.682 6.622 6.81 6.968 7.064 7.184 7.335 7.385 7.426 7.455 7.482 7.507
-9999 -9999 -9999 -9999 -9999 -9999 -9999 -9999 -9999 -9999 -9999 -9999 -9999 -9999 -9999 -9999 -9999 -9999 -9999 -9999 -9999 6.876 5.676 5.288 5.207 5.467 5.39 5.185 5.993 6.079 6.524 7.06 6.9 7.407 7.374 7.038 7.07 7.136 7.244 7.343 7.287 7.136 7.037 6.82 6.79 6.833 6.949 6.777 6.553 6.726 7.102 7.223 7.169 7.077 7.012 6.805 6.688 6.48 6.541 7.113 7.212 6.953 6.759 6.542 6.533 6.728 6.705 6.857 7.06 7.247 7.289 7.38 7.417 7.453 7.482 7.515 7.544
-9999 -9999 -9999 -9999 -9999 -9999 -9999 -9999 -9999 -9999 -9999 -9999 -9999 -9999 -9999 -9999 -9999 -9999 -9999 -9999 6.797 6.297 5.911 4.989 5.985 6.074 5.47 5.848 5.973 6.001 7.038 6.963 6.905 7.149 6.086 6.759 7.103 7.094 7.054 7.289 7.06 6.604 6.609 6.802 6.965 6.883 6.974 6.858 6.758 6.775 7.049 7.185 7.211 7.14 7.009 6.956 6.773 6.731 6.761 7.049 7.154 6.92 6.635 6.392 6.374 6.674 6.899 6.992 7.192 7.354 7.445 7.483 7.514 7.526 7.539 7.583 7.602
-9999 -9999 -9999 -9999 -9999 -9999 -9999 -9999 -9999 -9999 -9999 -9999 -9999 -9999 -9999 -9999 -9999 -9999 -9999 -9999 7.04 6.624 4.962 6.587 7.114 6.361 6.138 5.791 5.261 6.057 6.977 6.934 7.215 6.747 6.758 6.755 6.622 6.64 7.104 7.088 6.81 6.761 6.803 7.088 6.995 6.903 6.976 6.904 7.001 7.016 7.079 7.175 7.193 7.194 7.14 7.059 6.951 6.776 6.921 7.103 7.018 6.688 6.358 6.377 6.424 6.56 6.874 7.119 7.183 7.357 7.422 7.474 7.571 7.612 7.621 7.655 7.691
-9999 -9999 -9999 -9999 -9999 -9999 -9999 -9999 -9999 -9999 -9999 -9999 -9999 -9999 -9999 -9999 -9999 -9999 -9999 -9999 6.91 6.223 7.287 7.103 6.792 6.438 5.883 4.971 5.395 5.779 6.623 6.955 7.335 7.154 6.695 6.017 5.699 5.972 6.711 6.521 6.736 6.713 6.972 7.214 7.045 7.019 7.024 7.024 7.159 7.045 7.011 7.161 7.203 7.017 7.123 7.155 7.069 6.984 7.053 7.126 6.991 6.734 6.539 6.503 6.665 6.836 7.035 7.105 7.202 7.329 7.534 7.507 7.596 7.646 7.65 7.69 7.716
-9999 -9999 -9999 -9999 -9999 -9999 -9999 -9999 -9999 -9999 -9999 -9999 -9999 -9999 -9999 -9999 -9999 -9999 -9999 -9999 -9999 7.65 6.521 5.838 5.18 5.155 5.213 5.565 6.011 6.855 7.079 7.269 7.106 6.988 6.694 6.252 5.905 5.927 6.252 6.6 6.605 6.483 6.864 7.135 6.977 7.177 7.111 6.969 7.328 7.367 7.19 7.237 7.288 7.01 6.87 7.152 7.085 7.034 7.088 7.072 6.897 6.799 6.818 6.932 6.944 7.064 7.115 7.104 7.249 7.405 7.481 7.524 7.631 7.685 7.668 7.676 7.711
-9999 -9999 -9999 -9999 -9999 -9999 -9999 -9999 -9999 -9999 -9999 -9999 -9999 -9999 -9999 -9999 -9999 -9999 -9999 -9999 -9999 6.865 5.825 5.063 4.493 4.423 4.953 5.913 6.736 6.932 6.591 6.026 5.664 5.749 6.328 6.656 6.186 6.179 6.401 6.545 6.015 6.327 6.693 6.838 6.904 7.213 7.137 7.187 7.125 7.3 7.362 7.308 7.329 7.145 6.962 7.102 7.154 6.97 6.881 6.842 6.734 6.748 6.918 6.841 6.896 6.942 7.13 7.068 7.209 7.369 7.352 7.462 7.628 7.676 7.645 7.595 7.566
-9999 -9999 -9999 -9999 -9999 -9999 -9999 -9999 -9999 -9999 -9999 -9999 -9999 -9999 -9999 -9999 -9999 -9999 -9999 -9999 7.503 6.85 5.849 5.04 4.644 5.002 5.529 6.026 5.662 4.915 5.332 5.243 5.386 6.268 6.655 6.447 6.357 6.614 6.716 6.133 5.926 6.174 6.637 6.813 6.919 7.306 7.205 6.969 7.161 7.009 7.153 7.15 7.194 7.136 7.106 7.252 7.201 7.083 7.001 6.826 6.788 6.638 6.76 6.813 6.857 6.984 7.043 7.209 7.303 7.307 7.274 7.421 7.64 7.652 7.641 7.572 7.492
-9999 -9999 -9999 -9999 -9999 -9999 -9999 -9999 -9999 -9999 -9999 -9999 -9999 -9999 -9999 -9999 -9999 -9999 -9999 -9999 7.179 6.506 6.05 5.723 5.213 4.59 5.014 5.254 4.958 5.136 4.908 4.852 5.424 6.243 5.866 5.927 6.658 6.496 6.972 6.401 5.778 5.895 6.855 6.843 7.316 7.397 7.174 7.008 6.552 6.821 6.879 6.974 6.996 7.046 7.2 7.32 7.284 7.162 7.159 7.132 6.829 6.69 6.618 6.681 6.811 7.129 7.226 7.317 7.38 7.31 7.265 7.399 7.497 7.595 7.604 7.592 7.524
-9999 -9999 -9999 -9999 -9999 -9999 -9999 -9999 -9999 -9999 -9999 -9999 -9999 -9999 -9999 -9999 -9999 -9999 -9999 -9999 6.718 6.709 6.817 6.113 4.974 4.41 4.942 5.154 5.426 5.027 5.205 5.508 5.801 5.701 5.878 6.637 6.687 6.831 6.518 6.738 6.319 6.68 6.745 6.856 7.307 7.493 7.294 6.835 6.906 6.802 6.77 6.858 6.902 7.063 7.144 7.182 7.153 7.13 7.175 7.131 6.862 6.648 6.779 6.935 6.856 7.1 7.243 7.418 7.423 7.313 7.389 7.52 7.584 7.644 7.724 7.667 7.647
-9999 -9999 -9999 -9999 -9999 -9999 -9999 -9999 -9999 -9999 -9999 -9999 -9999 -9999 -9999 -9999 -9999 -9999 -9999 6.925 6.605 6.175 6.327 6.051 4.958 4.888 4.586 5.161 5.928 5.951 6.1 5.718 5.655 6.171 6.232 6.251 6.672 6.66 7.125 7.124 7.026 6.977 6.845 7.161 7.434 7.477 7.409 7.278 7.135 7.129 6.981 6.974 6.942 7.032 7.17 7.167 7.177 7.27 7.21 7.047 6.887 6.8 6.986 7.124 7.117 7.123 7.38 7.347 7.409 7.333 7.318 7.477 7.626 7.652 7.71 7.703 7.73
-9999 -9999 -9999 -9999 -9999 -9999 -9999 -9999 -9999 -9999 -9999 -9999 -9999 -9999 -9999 -9999 -9999 -9999 6.721 6.631 6.131 6.549 6.554 5.294 4.628 4.572 4.966 5.555 6.148 5.995 6.102 5.746 5.241 6.102 6.062 6.725 6.879 7.137 7.185 7.019 6.826 6.894 6.821 7.26 7.387 7.675 7.635 7.443 7.348 7.3 7.258 7.067 7.032 7.175 7.266 7.194 7.143 7.156 7.126 6.978 6.898 6.875 7.028 7.263 7.359 7.424 7.285 7.227 7.248 7.299 7.338 7.475 7.511 7.483 7.478 7.535 7.668
-9999 -9999 -9999 -9999 -9999 -9999 -9999 -9999 -9999 -9999 -9999 -9999 -9999 -9999 -9999 -9999 6.426 6.514 6.447 7.075 7.019 6.826 6.051 4.975 4.591 4.542 4.507 5.489 5.944 6.468 6.113 5.492 5.512 6.157 6.729 6.907 7.217 7.226 7.223 6.787 6.655 6.687 7.085 7.528 7.691 7.735 7.625 7.409 7.379 7.429 7.367 7.174 7.201 7.268 7.391 7.134 7.005 6.87 6.728 6.742 6.8 7.006 7.106 7.239 7.199 7.31 7.287 7.287 7.265 7.289 7.368 7.521 7.616 7.406 7.343 7.416 7.64
-9999 -9999 -9999 -9999 -9999 -9999 -9999 -9999 -9999 -9999 -9999 -9999 -9999 -9999 -9999 6.395 6.291 6.06 6.498 6.877 6.786 6.46 5.349 5.357 4.836 4.735 5.265 6.104 6.708 6.613 6.427 5.8 5.205 5.915 6.59 7.142 7.119 7.133 6.82 6.947 6.701 6.772 7.28 7.62 7.871 7.844 7.532 7.501 7.319 7.355 7.422 7.333 7.281 7.277 7.16 7.185 6.943 6.898 6.79 6.574 6.593 6.724 6.916 7.032 7.069 7.167 7.321 7.234 7.44 7.491 7.5 7.576 7.542 7.422 7.312 7.447 7.651
-9999 -9999 -9999 -9999 -9999 -9999 -9999 -9999 -9999 -9999 -9999 -9999 7.664 7.234 6.873 6.675 6.243 6.311 6.536 6.919 6.862 5.701 5.722 5.712 5.933 5.061 6.012 6.274 5.829 6.419 6.628 5.099 5.819 6.521 7.455 7.403 7.153 6.604 7.327 7.172 7.092 7.093 7.182 7.6 7.82 7.889 7.697 7.622 7.444 7.306 7.422 7.397 7.385 7.205 7.081 6.747 6.914 6.994 6.962 6.758 6.716 6.824 6.974 7.127 7.097 7.171 7.232 7.377 7.455 7.566 7.518 7.59 7.609 7.5 7.54 7.6 7.687
-9999 -9999 -9999 -9999 -9999 -9999 -9999 -9999 -9999 -9999 7.045 7.26 7.425 7.334 7.213 6.826 6.914 6.727 6.997 6.707 5.666 6.164 6.241 6.317 6.424 5.88 5.789 4.951 5.53 5.986 5.879 6.24 6.723 7.331 6.619 6.871 7.173 7.381 7.484 7.454 7.322 7.312 7.481 7.45 7.732 7.966 7.834 7.698 7.591 7.525 7.519 7.258 7.37 7.374 7.075 6.867 6.713 6.997 6.972 6.788 6.707 6.758 6.885 7.168 7.316 7.348 7.31 7.288 7.48 7.436 7.384 7.526 7.644 7.599 7.596 7.606 7.588
-9999 -9999 -9999 -9999 -9999 -9999 7.106 7.155 7.124 7.093 6.554 7.363 7.229 7.332 7.126 6.834 6.872 6.884 6.774 5.907 6.251 6.642 6.216 6.809 6.515 6.054 5.114 5.329 5.759 6.096 6.02 6.681 7.181 5.952 6.043 6.872 6.978 7.45 7.458 7.508 7.364 7.146 7.415 7.288 7.899 7.97 7.863 7.576 7.446 7.526 6.966 7.17 7.305 7.375 7.115 6.788 6.796 6.943 6.964 6.946 6.86 6.869 6.959 7.188 7.3 7.378 7.419 7.296 7.309 7.396 7.384 7.586 7.761 7.626 7.305 7.285 7.202
-9999 -9999 -9999 -9999 -9999 7.47 7.146 7.171 7.055 6.157 5.896 6.128 6.497 6.933 6.411 6.275 6.471 6.482 6.08 6.511 6.613 6.291 6.868 7.12 6.692 5.981 5.419 5.741 6.076 6.243 6.625 6.91 5.716 4.473 5.828 6.653 7.283 7.229 7.358 7.163 7.256 7.443 7.503 7.757 7.871 7.863 7.857 7.572 7.343 6.972 6.645 6.478 7.07 7.226 6.774 6.659 6.761 6.925 7.022 6.962 6.96 6.965 7.119 7.123 7.172 7.281 7.182 7.109 7.269 7.364 7.417 7.581 7.688 7.476 7.199 7.034 7.063
-9999 -9999 -9999 -9999 7.713 7.26 7.115 7.171 6.75 6.185 6.319 6.617 6.954 6.536 6.473 6.421 6.925 6.421 6.296 6.712 6.782 6.974 7.514 7.02 6.157 5.681 5.965 6.242 6.292 7.117 7.496 6.923 5.037 5.02 5.819 7.193 7.032 7.148 7.029 7.426 7.539 7.436 7.606 7.718 7.822 7.844 7.94 7.697 7.371 6.872 6.412 6.557 6.908 7.0 6.711 6.417 6.675 6.899 6.966 7.048 7.037 7.087 7.128 7.164 7.037 7.113 7.233 7.129 7.219 7.216 7.105 7.359 7.549 7.377 7.139 7.124 7.139
