Validation/Results/raw data/ReClimate_01_2024_1_Precipitation-Actuals.asc
NCOLS 192
NROWS 249
XLLCENTER -225160.85627316462
YLLCENTER 29788.11610251502
CELLSIZE 5000.0
NODATA_VALUE -9999
[rows 99 to 131 of 249, columns 74 to 147 of 192]
220.935 221.951 228.309 233.254 245.129 255.733 266.976 281.879 -9999 -9999 179.201 269.543 291.434 335.566 322.214 326.258 325.726 282.553 267.13 234.036 217.372 211.826 202.719 185.435 171.646 160.61 140.365 133.56 114.858 103.298 94.273 91.81 89.881 88.307 82.388 77.225 68.128 60.511 61.929 65.945 63.457 57.606 56.779 58.076 53.311 -9999 -9999 -9999 -9999 -9999 -9999 -9999 -9999 -9999 -9999 -9999 -9999 -9999 -9999 -9999 -9999 -9999 -9999 -9999 -9999 -9999 -9999 -9999 -9999 -9999 -9999 -9999 -9999 -9999
196.965 235.183 223.314 -9999 -9999 228.468 248.367 -9999 -9999 -9999 167.457 254.362 347.591 356.251 380.801 334.718 292.967 280.611 304.955 279.915 245.259 235.94 201.782 200.913 204.393 175.853 144.695 148.043 153.502 126.405 104.403 101.145 93.556 83.743 67.856 61.825 57.236 61.469 72.707 73.464 74.545 68.59 65.733 58.809 50.988 -9999 -9999 -9999 -9999 -9999 -9999 -9999 -9999 -9999 -9999 -9999 -9999 -9999 -9999 -9999 -9999 -9999 -9999 -9999 -9999 -9999 -9999 -9999 -9999 -9999 -9999 -9999 -9999 -9999
193.321 -9999 227.721 236.946 255.08 -9999 -9999 -9999 -9999 197.311 196.418 277.156 324.124 342.151 345.693 320.873 309.852 337.405 353.936 302.6 289.626 231.488 216.589 221.915 192.894 153.35 162.334 183.832 173.389 135.525 118.059 106.96 97.181 79.24 66.411 60.092 63.584 77.632 71.872 78.702 86.468 70.058 61.715 52.926 -9999 -9999 -9999 -9999 -9999 -9999 -9999 -9999 -9999 -9999 -9999 -9999 -9999 -9999 -9999 -9999 -9999 -9999 -9999 -9999 -9999 -9999 -9999 -9999 -9999 -9999 -9999 -9999 -9999 -9999
200.072 265.736 322.88 372.804 393.496 294.247 229.895 -9999 -9999 184.846 -9999 -9999 236.387 320.34 329.458 299.419 321.188 377.451 374.365 350.417 323.847 267.052 225.645 195.583 190.225 187.819 195.781 186.828 166.497 164.535 145.034 113.436 91.661 76.203 66.894 67.106 78.015 68.392 64.197 72.221 63.041 59.939 56.226 -9999 -9999 -9999 -9999 -9999 -9999 -9999 -9999 -9999 -9999 -9999 -9999 -9999 -9999 -9999 -9999 -9999 -9999 -9999 -9999 -9999 -9999 -9999 -9999 -9999 -9999 -9999 -9999 -9999 -9999 -9999
220.486 259.567 323.263 401.097 363.052 -9999 -9999 -9999 196.897 209.096 213.917 232.771 260.728 270.847 263.172 287.828 315.922 359.155 341.364 300.754 271.19 243.659 226.551 224.154 184.682 190.964 178.699 176.805 176.747 153.504 131.162 106.3 86.694 73.476 65.89 70.074 65.482 60.507 -9999 -9999 58.476 -9999 -9999 -9999 -9999 -9999 -9999 -9999 -9999 -9999 -9999 -9999 -9999 -9999 -9999 -9999 -9999 -9999 -9999 -9999 -9999 -9999 -9999 -9999 -9999 -9999 -9999 -9999 -9999 -9999 -9999 -9999 -9999 -9999
208.29 247.768 309.79 -9999 311.787 -9999 -9999 -9999 204.374 232.036 254.765 260.243 239.468 254.557 281.674 302.171 328.552 322.387 302.69 282.184 279.055 238.618 228.198 189.631 196.341 193.575 171.791 145.908 117.55 110.834 97.754 84.151 80.152 70.802 66.063 65.287 60.85 -9999 63.371 57.78 54.403 57.169 -9999 -9999 -9999 -9999 -9999 -9999 -9999 -9999 -9999 -9999 -9999 -9999 -9999 -9999 -9999 -9999 -9999 -9999 -9999 -9999 -9999 -9999 -9999 -9999 -9999 -9999 -9999 -9999 -9999 -9999 -9999 -9999
-9999 218.69 -9999 -9999 -9999 -9999 234.945 215.505 224.937 243.871 266.735 258.629 269.022 291.776 293.632 306.151 310.646 341.436 308.699 302.527 266.908 267.456 224.664 233.976 244.375 201.457 171.048 151.619 126.532 102.836 87.22 78.98 78.045 73.077 71.764 -9999 65.343 64.038 58.529 58.12 54.306 59.766 -9999 -9999 -9999 -9999 -9999 -9999 -9999 -9999 -9999 -9999 -9999 -9999 -9999 -9999 -9999 -9999 -9999 -9999 -9999 -9999 -9999 -9999 -9999 -9999 -9999 -9999 -9999 -9999 -9999 -9999 -9999 -9999
-9999 -9999 -9999 -9999 -9999 -9999 225.572 215.457 217.964 250.213 275.889 271.564 280.656 256.073 259.961 296.333 354.442 349.137 302.567 291.956 280.577 235.878 227.42 253.204 220.031 218.479 210.886 162.927 139.351 115.359 101.674 104.761 112.571 97.356 95.877 85.769 72.387 67.241 66.183 68.655 63.582 64.87 63.472 -9999 -9999 -9999 -9999 -9999 -9999 -9999 -9999 -9999 -9999 -9999 -9999 -9999 -9999 -9999 -9999 -9999 -9999 -9999 -9999 -9999 -9999 -9999 -9999 -9999 -9999 -9999 -9999 -9999 -9999 -9999
-9999 -9999 -9999 -9999 -9999 220.816 -9999 -9999 206.924 246.956 263.405 280.215 265.45 -9999 -9999 316.673 377.299 387.459 301.694 273.954 251.914 225.612 222.03 214.156 208.979 182.02 147.294 139.017 134.828 130.031 132.21 145.414 129.558 119.401 102.493 87.823 84.483 74.038 79.473 68.47 73.492 70.502 62.301 54.579 -9999 -9999 -9999 -9999 -9999 -9999 -9999 -9999 -9999 -9999 -9999 -9999 -9999 -9999 -9999 -9999 -9999 -9999 -9999 -9999 -9999 -9999 -9999 -9999 -9999 -9999 -9999 -9999 -9999 -9999
-9999 -9999 -9999 -9999 -9999 204.464 -9999 183.111 194.642 218.116 259.595 266.61 246.649 249.093 288.479 331.046 346.685 273.416 278.627 292.45 233.644 212.956 202.042 191.086 155.276 132.71 114.291 116.958 133.206 171.508 185.041 156.051 135.056 110.464 94.494 90.7 84.397 80.979 73.329 67.309 62.781 59.276 52.929 -9999 -9999 -9999 -9999 -9999 -9999 -9999 -9999 -9999 -9999 -9999 -9999 -9999 -9999 -9999 -9999 -9999 -9999 -9999 -9999 -9999 -9999 -9999 -9999 -9999 -9999 -9999 -9999 -9999 -9999 -9999
-9999 -9999 -9999 -9999 -9999 188.114 -9999 164.483 163.765 207.135 229.279 228.54 -9999 277.579 287.69 -9999 293.732 283.44 286.38 247.235 242.267 200.934 172.296 143.79 124.313 114.507 113.595 106.756 127.292 130.145 121.261 127.92 123.439 111.307 93.454 88.106 79.916 72.588 66.574 -9999 -9999 -9999 -9999 -9999 -9999 -9999 -9999 -9999 -9999 -9999 -9999 -9999 -9999 -9999 -9999 -9999 -9999 -9999 -9999 -9999 -9999 -9999 -9999 -9999 -9999 -9999 -9999 -9999 -9999 -9999 -9999 -9999 -9999 -9999
-9999 -9999 -9999 163.141 172.995 -9999 -9999 149.598 178.404 200.256 192.046 217.641 277.562 273.07 305.682 -9999 240.541 253.496 241.616 221.483 194.512 180.806 152.925 140.318 132.638 143.277 137.562 110.403 101.55 96.041 98.533 101.488 103.408 100.092 91.791 88.831 80.717 68.466 -9999 -9999 -9999 -9999 -9999 -9999 -9999 -9999 -9999 -9999 -9999 -9999 -9999 -9999 -9999 -9999 -9999 -9999 -9999 -9999 -9999 -9999 -9999 -9999 -9999 -9999 -9999 -9999 -9999 -9999 -9999 -9999 -9999 -9999 -9999 -9999
-9999 -9999 143.662 149.542 160.393 -9999 162.698 183.592 200.513 194.401 -9999 248.257 259.855 290.368 305.136 -9999 233.738 232.177 204.736 168.429 164.186 147.37 144.083 148.392 158.132 166.096 153.414 130.291 112.387 -9999 82.474 85.792 88.715 88.767 84.726 86.617 75.601 -9999 -9999 -9999 -9999 -9999 -9999 -9999 -9999 -9999 -9999 -9999 -9999 -9999 -9999 -9999 -9999 -9999 -9999 -9999 -9999 -9999 -9999 -9999 -9999 -9999 -9999 -9999 -9999 -9999 -9999 -9999 -9999 -9999 -9999 -9999 -9999 -9999
-9999 -9999 130.067 133.287 -9999 -9999 181.605 206.008 203.312 -9999 214.789 239.828 260.474 282.075 277.271 -9999 206.489 176.771 162.415 157.095 154.809 152.963 156.967 189.117 194.813 198.776 180.436 137.907 110.415 94.308 83.074 -9999 -9999 70.196 66.073 -9999 -9999 -9999 -9999 -9999 -9999 48.441 48.346 53.589 -9999 -9999 -9999 -9999 -9999 -9999 -9999 -9999 -9999 -9999 -9999 -9999 -9999 -9999 -9999 -9999 -9999 -9999 -9999 -9999 -9999 -9999 -9999 -9999 -9999 -9999 -9999 -9999 -9999 -9999
-9999 150.372 148.134 -9999 -9999 166.629 186.248 181.989 207.641 -9999 210.917 234.056 238.078 246.735 261.079 -9999 -9999 -9999 166.333 159.088 160.33 158.755 165.209 167.944 162.864 161.11 141.598 125.207 111.904 102.116 88.27 77.852 77.164 70.298 65.053 -9999 -9999 -9999 -9999 -9999 50.542 47.613 52.66 51.022 49.055 -9999 -9999 -9999 -9999 -9999 -9999 -9999 -9999 -9999 -9999 -9999 -9999 -9999 -9999 -9999 -9999 -9999 -9999 -9999 -9999 -9999 -9999 -9999 -9999 -9999 -9999 -9999 -9999 -9999
195.592 169.975 164.077 -9999 -9999 -9999 151.119 189.217 192.731 -9999 191.097 -9999 196.988 216.471 203.637 -9999 182.401 192.643 185.901 -9999 139.965 131.12 137.434 134.043 127.611 124.956 124.618 114.252 109.606 104.916 93.877 92.21 82.722 72.756 65.36 60.022 59.213 58.019 -9999 51.326 49.711 51.191 52.422 59.688 61.191 65.87 46.151 -9999 -9999 -9999 -9999 -9999 -9999 -9999 -9999 -9999 -9999 -9999 -9999 -9999 -9999 -9999 -9999 -9999 -9999 -9999 -9999 -9999 -9999 -9999 -9999 -9999 -9999 -9999
186.278 182.135 -9999 -9999 -9999 -9999 166.821 192.115 173.718 -9999 166.661 -9999 172.06 167.774 -9999 182.163 198.93 223.896 203.295 159.094 130.499 118.662 114.834 108.842 111.574 110.014 108.409 107.085 104.946 101.802 95.012 95.998 86.242 72.32 73.705 72.65 79.993 67.4 70.623 57.019 54.064 54.686 59.42 71.53 73.937 76.778 67.163 56.806 51.807 55.494 -9999 -9999 -9999 -9999 -9999 -9999 -9999 -9999 -9999 -9999 -9999 -9999 -9999 -9999 -9999 -9999 -9999 -9999 -9999 -9999 -9999 -9999 -9999 -9999
-9999 147.105 -9999 -9999 -9999 -9999 157.189 157.703 170.381 175.918 -9999 -9999 137.209 141.697 -9999 166.617 202.753 242.328 206.962 167.418 135.508 123.037 108.63 100.772 95.271 93.301 97.518 99.521 105.196 106.985 108.339 97.729 96.974 94.563 88.919 98.706 80.725 70.098 60.421 64.053 62.412 71.673 91.7 95.845 87.396 82.753 74.772 75.501 63.604 55.996 53.151 -9999 -9999 -9999 -9999 -9999 -9999 -9999 -9999 -9999 -9999 -9999 -9999 -9999 -9999 -9999 -9999 -9999 -9999 -9999 -9999 -9999 -9999 -9999
142.063 -9999 -9999 -9999 -9999 -9999 140.749 153.579 175.722 157.816 -9999 -9999 137.913 135.387 -9999 -9999 200.631 201.981 187.447 163.065 153.023 139.006 124.741 111.31 109.071 96.257 95.393 102.363 105.902 114.491 113.444 117.343 110.713 108.65 113.04 97.752 79.361 77.316 72.131 69.73 85.445 95.768 105.724 105.424 93.936 84.499 81.607 69.23 61.537 56.057 53.336 -9999 -9999 -9999 -9999 -9999 -9999 -9999 -9999 -9999 -9999 -9999 -9999 -9999 -9999 -9999 -9999 -9999 -9999 -9999 -9999 -9999 -9999 -9999
140.059 -9999 -9999 -9999 -9999 -9999 131.462 154.957 171.682 -9999 -9999 -9999 -9999 131.591 -9999 138.083 165.13 174.848 163.437 155.252 156.86 152.221 143.223 140.272 130.255 113.637 100.521 90.523 100.123 105.632 113.199 114.341 113.927 113.412 104.914 96.495 93.913 89.964 99.155 102.761 97.806 99.626 97.559 90.068 86.061 84.888 75.173 62.8 58.804 56.494 55.344 50.546 -9999 -9999 -9999 -9999 -9999 -9999 -9999 -9999 -9999 -9999 -9999 -9999 -9999 -9999 -9999 -9999 -9999 -9999 -9999 -9999 -9999 -9999
137.699 -9999 -9999 -9999 137.405 135.368 140.123 155.32 -9999 -9999 191.455 -9999 -9999 -9999 -9999 128.019 145.281 148.069 143.039 142.594 142.494 155.804 156.34 158.264 148.014 126.979 106.781 93.117 86.239 97.325 99.486 97.368 103.159 94.521 101.517 108.902 98.595 118.724 129.581 122.176 112.694 103.446 86.824 79.323 78.438 80.665 71.654 60.41 53.973 56.277 54.279 48.468 -9999 -9999 -9999 -9999 -9999 -9999 -9999 -9999 -9999 -9999 -9999 -9999 -9999 -9999 -9999 -9999 -9999 -9999 -9999 -9999 -9999 -9999
-9999 -9999 -9999 -9999 -9999 146.752 150.091 166.886 -9999 182.018 206.942 222.701 -9999 -9999 -9999 -9999 118.45 118.689 118.735 122.321 130.29 137.18 144.625 147.438 142.521 128.672 110.296 96.513 103.437 93.09 89.089 98.034 101.363 100.984 115.88 102.291 112.886 115.972 121.611 128.949 121.065 99.918 85.774 78.139 70.885 68.5 65.953 56.287 53.541 56.544 57.442 51.83 50.341 -9999 -9999 -9999 -9999 -9999 -9999 -9999 -9999 -9999 -9999 -9999 -9999 -9999 -9999 -9999 -9999 -9999 -9999 -9999 -9999 -9999
-9999 -9999 -9999 -9999 -9999 151.208 163.914 180.72 -9999 156.633 204.51 229.234 -9999 -9999 -9999 -9999 -9999 103.101 105.048 107.241 112.164 121.89 130.002 140.013 144.562 144.738 128.977 121.357 107.205 94.623 96.464 102.268 95.833 98.333 112.091 113.499 107.633 112.302 112.174 101.769 94.808 82.741 85.605 81.094 68.917 66.23 57.749 52.755 50.152 54.03 55.721 57.822 52.988 51.409 -9999 -9999 -9999 -9999 -9999 -9999 -9999 -9999 -9999 -9999 -9999 -9999 -9999 -9999 -9999 -9999 -9999 -9999 -9999 -9999
-9999 -9999 -9999 -9999 -9999 155.311 182.143 -9999 -9999 142.79 186.129 211.799 173.063 -9999 -9999 -9999 -9999 -9999 95.987 102.121 110.5 115.819 139.788 155.048 157.13 157.277 147.137 139.51 127.243 134.006 136.99 116.034 116.232 127.663 125.128 143.724 127.05 132.492 112.628 121.733 107.206 93.489 85.203 71.535 62.158 58.433 59.554 61.914 63.898 58.277 60.019 60.172 62.317 54.348 52.539 50.655 -9999 -9999 -9999 -9999 -9999 -9999 -9999 -9999 -9999 -9999 -9999 -9999 -9999 -9999 -9999 -9999 -9999 -9999
-9999 -9999 -9999 -9999 -9999 169.075 150.319 -9999 -9999 151.724 180.403 182.916 -9999 -9999 -9999 -9999 -9999 -9999 90.162 97.182 101.136 109.782 125.605 128.065 141.786 147.906 147.073 150.22 139.451 145.615 144.611 146.859 157.85 141.509 153.65 161.793 156.911 128.32 128.535 115.743 95.379 88.421 79.565 68.782 66.536 64.918 62.13 62.112 67.077 79.829 78.066 68.769 64.588 61.117 56.071 54.592 -9999 -9999 -9999 -9999 -9999 -9999 -9999 -9999 -9999 -9999 -9999 -9999 -9999 -9999 -9999 -9999 -9999 -9999
-9999 -9999 -9999 -9999 -9999 153.638 129.067 -9999 -9999 -9999 146.505 147.099 130.53 -9999 -9999 -9999 -9999 -9999 89.176 96.765 100.072 108.125 113.74 125.099 143.911 162.001 171.672 151.436 143.382 134.084 142.155 151.413 162.656 162.649 192.252 180.621 156.404 152.435 132.173 112.049 106.353 90.007 83.541 74.295 64.155 66.131 68.613 72.991 87.056 105.512 103.024 87.202 72.903 59.993 60.407 60.243 -9999 -9999 -9999 -9999 -9999 -9999 -9999 -9999 -9999 -9999 -9999 -9999 -9999 -9999 -9999 -9999 -9999 -9999
-9999 -9999 -9999 -9999 165.784 146.586 128.12 -9999 -9999 -9999 -9999 -9999 -9999 -9999 -9999 -9999 -9999 -9999 99.911 109.268 111.79 113.051 121.755 129.682 146.057 161.75 169.952 165.963 156.135 169.133 161.491 180.487 192.401 206.248 210.458 208.646 205.942 160.839 140.584 127.422 108.456 100.228 83.141 72.061 73.089 71.281 79.159 88.431 107.817 111.827 117.844 95.648 75.019 68.008 61.901 64.773 51.751 -9999 -9999 -9999 -9999 -9999 -9999 -9999 -9999 -9999 -9999 -9999 -9999 -9999 -9999 -9999 -9999 -9999
-9999 -9999 -9999 164.848 163.03 149.805 120.22 -9999 -9999 -9999 -9999 -9999 -9999 -9999 -9999 -9999 107.027 102.173 112.085 127.432 135.869 147.231 149.747 152.664 150.505 156.689 145.377 166.347 190.383 188.975 199.758 202.742 190.457 187.578 212.32 205.656 188.104 161.998 145.514 124.985 107.174 93.509 92.796 85.296 76.935 81.606 90.943 105.948 101.06 105.133 120.309 98.003 73.031 69.586 72.583 67.338 56.911 -9999 -9999 -9999 -9999 -9999 -9999 -9999 -9999 -9999 -9999 -9999 -9999 -9999 -9999 -9999 -9999 -9999
-9999 -9999 -9999 156.846 138.554 116.858 -9999 -9999 -9999 -9999 -9999 -9999 -9999 -9999 -9999 -9999 107.588 106.306 115.562 136.852 150.025 155.743 182.499 195.12 189.462 174.146 181.163 179.137 185.873 200.44 208.482 198.528 179.219 174.531 188.012 204.377 187.231 178.703 157.519 139.238 113.394 107.903 103.213 91.229 91.617 117.999 122.612 121.789 108.124 108.464 94.049 81.342 81.406 80.243 73.612 67.73 60.81 -9999 -9999 -9999 -9999 -9999 -9999 -9999 -9999 -9999 -9999 -9999 -9999 -9999 -9999 -9999 -9999 -9999
-9999 -9999 -9999 -9999 -9999 -9999 -9999 -9999 -9999 -9999 -9999 -9999 -9999 -9999 -9999 -9999 111.674 114.99 140.076 157.657 177.479 181.164 212.806 232.071 255.369 229.176 197.611 186.802 188.591 199.179 228.885 214.028 173.821 169.711 178.182 192.958 193.431 181.895 171.158 146.983 146.07 144.732 132.919 130.207 143.691 145.585 129.467 122.805 112.75 102.632 96.002 81.05 77.184 77.551 72.15 63.652 58.468 -9999 -9999 -9999 -9999 -9999 -9999 -9999 -9999 -9999 -9999 -9999 -9999 -9999 -9999 -9999 -9999 -9999
-9999 -9999 -9999 -9999 -9999 -9999 -9999 -9999 -9999 -9999 -9999 -9999 -9999 -9999 -9999 116.974 130.369 146.539 154.385 184.743 190.635 199.019 213.032 251.316 246.969 229.056 202.669 185.802 161.722 168.344 182.555 188.385 175.834 157.978 168.795 182.284 184.737 179.489 170.032 170.012 157.343 161.558 151.867 147.355 162.554 143.641 144.302 126.229 101.546 103.375 100.232 95.714 81.481 74.212 66.948 60.561 57.394 -9999 -9999 -9999 -9999 -9999 -9999 -9999 -9999 -9999 -9999 -9999 -9999 -9999 -9999 -9999 -9999 -9999
-9999 -9999 -9999 -9999 -9999 -9999 -9999 -9999 -9999 -9999 -9999 -9999 -9999 -9999 -9999 130.705 154.006 174.18 201.503 218.932 226.024 218.713 245.313 222.454 215.622 201.655 185.916 174.136 145.978 144.611 167.166 177.023 170.828 144.31 149.297 155.231 161.869 170.462 179.302 151.474 170.333 160.629 149.338 170.111 150.9 150.214 137.218 111.001 105.368 98.988 95.946 93.915 86.865 76.79 69.86 62.107 55.418 -9999 -9999 -9999 -9999 -9999 -9999 -9999 -9999 -9999 -9999 -9999 -9999 -9999 -9999 -9999 -9999 -9999
-9999 -9999 -9999 -9999 -9999 -9999 -9999 -9999 -9999 -9999 -9999 -9999 -9999 -9999 123.036 148.452 167.006 197.857 208.961 232.803 253.208 266.688 255.25 213.554 197.594 184.898 183.85 177.692 154.222 150.781 163.15 160.089 136.273 126.805 134.444 145.006 155.586 176.405 157.732 158.482 167.324 147.494 156.516 154.588 140.366 133.803 115.398 112.687 105.964 99.301 95.037 86.206 76.185 69.095 68.454 63.921 55.382 53.616 -9999 -9999 -9999 -9999 -9999 -9999 -9999 -9999 -9999 -9999 -9999 -9999 -9999 -9999 -9999 -9999
