Validation/Results/raw data/ReClimate_10_2024_1weatherlogisticsltd.asc
NCOLS 192
NROWS 249
XLLCENTER -225160.85627316462
YLLCENTER 29788.11610251502
CELLSIZE 5000.0
NODATA_VALUE -9999
[rows 198 to 230 of 249, columns 75 to 149 of 192]
-9999 -9999 -9999 -9999 -9999 -9999 -9999 -9999 -9999 -9999 -9999 -9999 -9999 -9999 -9999 -9999 -9999 98.771 98.773 98.773 98.773 98.774 98.775 98.775 98.776 98.776 98.77 98.746 98.806 98.829 98.836 98.82 98.721 98.666 98.87 99.176 99.161 99.053 99.083 99.123 99.146 99.178 99.241 99.302 99.36 99.415 99.48 99.569 99.662 99.764 99.878 99.991 100.135 100.274 100.415 100.558 100.697 100.828 100.96 101.096 101.212 101.308 101.403 101.498 101.592 101.69 101.793 101.9 101.995 102.065 102.11 102.145 102.127 102.052 101.969
-9999 -9999 -9999 -9999 -9999 -9999 -9999 -9999 -9999 -9999 -9999 -9999 -9999 -9999 98.761 98.762 98.762 98.763 98.763 98.763 98.764 98.764 98.765 98.766 98.754 98.72 98.782 98.992 98.948 98.778 98.757 98.697 98.665 98.675 98.956 99.385 99.29 99.082 99.104 99.08 99.121 99.159 99.218 99.275 99.333 99.396 99.48 99.574 99.669 99.768 99.868 99.981 100.095 100.241 100.38 100.52 100.659 100.797 100.933 101.064 101.188 101.286 101.375 101.465 101.557 101.654 101.755 101.856 101.932 101.983 102.025 102.059 102.047 101.977 101.898
-9999 -9999 -9999 -9999 -9999 -9999 -9999 -9999 -9999 -9999 -9999 -9999 98.746 98.746 98.749 98.751 98.752 98.752 98.753 98.753 98.754 98.755 98.756 98.762 98.784 98.853 98.932 98.817 98.759 98.877 98.854 98.845 98.853 98.809 99.023 99.053 98.979 99.15 99.148 99.043 99.086 99.132 99.187 99.243 99.303 99.38 99.475 99.57 99.667 99.767 99.866 99.967 100.072 100.197 100.333 100.471 100.606 100.74 100.885 101.022 101.151 101.259 101.347 101.436 101.527 101.617 101.707 101.78 101.837 101.876 101.913 101.948 101.956 101.905 101.832
-9999 -9999 -9999 -9999 -9999 -9999 -9999 -9999 98.761 98.749 98.746 98.742 98.733 98.733 98.736 98.738 98.74 98.741 98.742 98.743 98.744 98.694 98.585 98.69 98.771 98.926 98.822 98.677 98.753 98.818 98.825 98.851 98.807 98.795 98.761 98.621 98.785 99.014 98.972 98.992 99.041 99.088 99.14 99.2 99.268 99.384 99.476 99.555 99.651 99.748 99.849 99.951 100.056 100.163 100.281 100.409 100.538 100.668 100.803 100.945 101.081 101.206 101.303 101.391 101.476 101.56 101.634 101.692 101.731 101.768 101.802 101.835 101.848 101.818 101.761
-9999 -9999 -9999 -9999 -9999 -9999 -9999 98.766 98.751 98.742 98.732 98.723 98.718 98.72 98.723 98.726 98.728 98.73 98.732 98.733 98.731 98.647 98.701 98.712 98.777 98.738 98.642 98.585 98.64 98.717 98.732 98.758 98.751 98.76 98.69 98.731 98.878 98.951 98.984 98.957 99.014 99.055 99.125 99.176 99.258 99.34 99.428 99.531 99.624 99.72 99.818 99.919 100.021 100.126 100.232 100.34 100.454 100.577 100.705 100.837 100.973 101.114 101.224 101.314 101.403 101.489 101.552 101.596 101.633 101.668 101.7 101.729 101.744 101.724 101.677
-9999 -9999 -9999 -9999 -9999 -9999 98.766 98.75 98.736 98.725 98.715 98.707 98.703 98.706 98.71 98.713 98.716 98.718 98.72 98.752 98.827 98.809 98.817 98.778 98.649 98.338 98.26 98.05 98.235 98.622 98.629 98.676 98.704 98.743 98.777 98.86 98.876 98.87 98.857 98.905 98.955 99.038 99.095 99.143 99.215 99.3 99.396 99.5 99.593 99.688 99.785 99.883 100.011 100.088 100.197 100.332 100.438 100.517 100.613 100.735 100.872 101.016 101.145 101.233 101.317 101.39 101.453 101.501 101.541 101.574 101.604 101.632 101.647 101.634 101.595
-9999 -9999 -9999 -9999 98.866 -9999 98.748 98.733 98.72 98.71 98.701 98.693 98.69 98.692 98.697 98.7 98.704 98.706 98.675 98.628 98.634 98.702 98.684 98.71 98.516 98.471 98.419 98.578 98.775 98.65 98.672 98.684 98.713 98.731 98.795 98.871 98.838 98.801 98.828 98.883 98.962 99.001 99.055 99.125 99.209 99.302 99.398 99.471 99.563 99.656 99.75 99.847 99.986 100.092 100.166 100.287 100.383 100.475 100.556 100.658 100.782 100.902 101.028 101.153 101.226 101.286 101.339 101.391 101.443 101.484 101.516 101.543 101.559 101.548 101.517
-9999 -9999 -9999 -9999 -9999 -9999 -9999 -9999 98.705 98.695 98.687 98.68 98.677 98.68 98.684 98.688 98.692 98.695 98.646 98.642 98.662 98.637 98.641 98.62 98.595 98.597 98.721 98.879 98.771 98.639 98.634 98.639 98.675 98.718 98.768 98.781 98.767 98.784 98.814 98.863 98.89 98.931 98.992 99.085 99.196 99.343 99.388 99.357 99.463 99.6 99.715 99.813 99.91 100.032 100.109 100.216 100.314 100.413 100.511 100.606 100.715 100.834 100.948 101.048 101.133 101.183 101.234 101.285 101.335 101.385 101.43 101.462 101.477 101.466 101.44
-9999 -9999 -9999 -9999 -9999 -9999 -9999 -9999 98.691 98.681 98.673 98.667 98.664 98.667 98.672 98.677 98.68 98.685 98.685 98.675 98.648 98.617 98.601 98.591 98.596 98.595 98.66 98.638 98.57 98.585 98.593 98.643 98.679 98.705 98.72 98.734 98.749 98.772 98.803 98.834 98.866 98.912 98.979 99.05 99.188 99.334 99.346 99.39 99.496 99.6 99.694 99.78 99.875 99.971 100.066 100.161 100.266 100.365 100.464 100.562 100.669 100.779 100.887 100.982 101.05 101.113 101.162 101.21 101.257 101.305 101.353 101.401 101.424 101.418 101.396
-9999 -9999 -9999 -9999 -9999 -9999 98.699 98.687 98.676 98.668 -9999 98.654 98.651 98.654 98.659 98.664 98.705 -9999 98.781 98.732 98.685 98.641 98.602 98.518 98.545 98.613 98.601 98.608 98.603 98.561 98.607 98.686 98.701 98.703 98.706 98.686 98.713 98.766 98.797 98.827 98.862 98.899 98.943 99.021 99.142 99.237 99.301 99.383 99.479 99.593 99.669 99.747 99.841 99.935 100.028 100.122 100.218 100.321 100.42 100.521 100.626 100.725 100.824 100.915 100.985 101.05 101.109 101.157 101.203 101.25 101.297 101.345 101.382 101.385 101.369
-9999 -9999 -9999 -9999 -9999 -9999 98.681 -9999 -9999 -9999 98.647 98.641 98.638 -9999 -9999 -9999 -9999 -9999 98.75 98.676 98.642 98.624 98.555 98.49 98.533 98.548 98.564 98.596 98.635 98.836 98.814 98.662 98.677 98.694 98.681 98.675 98.722 98.759 98.79 98.821 98.852 98.883 98.928 98.999 99.087 99.178 99.27 99.379 99.49 99.563 99.642 99.714 99.807 99.899 99.991 100.084 100.179 100.276 100.376 100.478 100.573 100.668 100.76 100.851 100.925 100.989 101.06 101.113 101.158 101.204 101.251 101.299 101.333 101.348 101.342
-9999 -9999 -9999 -9999 -9999 -9999 -9999 -9999 98.649 98.641 98.634 98.628 98.624 -9999 -9999 -9999 -9999 -9999 -9999 -9999 -9999 98.62 98.582 98.589 98.649 98.776 98.716 98.54 98.7 98.862 98.692 98.463 98.518 98.64 98.651 98.708 98.737 98.752 98.781 98.807 98.84 98.888 98.951 99.009 99.076 99.128 99.229 99.339 99.42 99.522 99.614 99.691 99.783 99.87 99.956 100.046 100.158 100.26 100.365 100.469 100.533 100.607 100.699 100.792 100.868 100.928 100.966 101.05 101.115 101.163 101.21 101.257 101.288 101.3 101.307
-9999 -9999 -9999 -9999 -9999 -9999 -9999 -9999 -9999 98.625 -9999 -9999 -9999 -9999 -9999 -9999 -9999 -9999 -9999 98.612 98.611 98.607 98.61 98.616 98.686 98.673 98.575 98.56 98.671 98.743 98.574 98.474 98.564 98.618 98.66 98.695 98.716 98.743 98.774 98.809 98.848 98.909 -9999 99.004 99.056 99.129 99.208 99.288 99.383 99.492 99.58 99.654 99.745 99.833 99.919 100.008 100.097 100.214 100.319 100.429 100.494 100.549 100.641 100.735 100.82 100.894 101.003 101.071 101.099 101.124 101.172 101.218 101.247 101.256 101.34
-9999 -9999 -9999 -9999 -9999 -9999 -9999 -9999 -9999 -9999 -9999 -9999 -9999 -9999 -9999 -9999 -9999 -9999 -9999 98.595 98.618 98.687 98.664 -9999 -9999 -9999 98.723 98.888 98.941 99.0 98.883 98.701 98.723 98.699 98.724 98.672 98.706 98.755 98.793 98.809 98.891 -9999 99.027 99.006 99.068 99.124 99.196 99.275 99.357 99.444 99.529 99.62 99.708 99.798 99.881 99.966 100.026 100.117 100.23 100.326 100.422 100.493 100.585 100.68 100.762 100.83 100.934 101.048 101.079 101.088 101.137 101.297 101.385 101.437 101.427
-9999 -9999 -9999 -9999 -9999 -9999 -9999 -9999 -9999 -9999 -9999 -9999 -9999 -9999 -9999 -9999 -9999 -9999 -9999 -9999 -9999 -9999 -9999 -9999 -9999 -9999 98.653 98.571 98.604 98.619 98.519 98.549 98.553 98.644 98.63 98.658 98.701 98.747 98.765 -9999 -9999 98.956 98.958 99.014 99.074 99.13 99.197 99.268 99.344 99.424 99.502 99.587 99.676 99.784 99.848 99.916 100.009 100.081 100.171 100.259 100.349 100.439 100.531 100.626 100.709 100.776 100.863 100.957 101.023 101.157 101.264 101.287 101.368 101.34 101.323
-9999 -9999 -9999 -9999 -9999 -9999 -9999 -9999 -9999 -9999 -9999 -9999 -9999 -9999 -9999 -9999 -9999 -9999 -9999 -9999 -9999 -9999 -9999 -9999 -9999 -9999 98.76 98.673 98.658 98.62 98.6 98.551 98.601 98.623 98.646 98.647 -9999 -9999 -9999 -9999 -9999 98.877 98.922 98.995 99.058 99.123 99.195 99.282 99.356 99.428 99.505 99.568 99.62 99.735 99.819 99.868 99.953 100.057 100.132 100.207 100.297 100.387 100.479 100.573 100.658 100.73 100.819 100.918 100.978 101.206 101.358 101.345 101.335 101.305 101.258
-9999 -9999 -9999 -9999 -9999 -9999 -9999 -9999 -9999 -9999 -9999 -9999 -9999 -9999 -9999 -9999 -9999 -9999 -9999 -9999 -9999 -9999 -9999 -9999 -9999 -9999 -9999 -9999 98.649 98.574 98.536 98.54 98.561 98.602 98.643 -9999 -9999 -9999 -9999 98.773 98.819 98.884 98.939 98.995 99.07 99.114 99.195 99.285 99.358 99.42 99.502 99.579 99.685 99.756 99.809 99.844 99.936 100.027 100.107 100.177 100.266 100.356 100.449 100.545 100.632 100.705 100.791 100.887 100.959 101.107 101.263 101.279 101.303 101.27 101.217
-9999 -9999 -9999 -9999 -9999 -9999 -9999 -9999 -9999 -9999 -9999 -9999 -9999 -9999 -9999 -9999 -9999 -9999 -9999 -9999 -9999 -9999 -9999 -9999 -9999 -9999 -9999 -9999 -9999 98.503 98.507 98.556 98.615 98.687 -9999 -9999 -9999 -9999 98.729 98.785 98.829 98.857 98.909 99.011 99.081 99.149 99.222 99.273 99.343 99.413 99.486 99.562 99.641 99.727 99.786 99.828 99.907 100.0 100.083 100.161 100.249 100.339 100.432 100.529 100.615 100.688 100.763 100.849 100.932 101.009 101.157 101.213 101.247 101.188 101.17
-9999 -9999 -9999 -9999 -9999 -9999 -9999 -9999 -9999 -9999 -9999 -9999 -9999 -9999 -9999 -9999 -9999 -9999 -9999 -9999 -9999 -9999 -9999 -9999 -9999 -9999 -9999 -9999 -9999 -9999 -9999 -9999 -9999 -9999 -9999 -9999 -9999 98.686 98.735 98.791 98.813 98.831 98.898 98.994 99.067 99.145 99.198 99.257 99.333 99.397 99.468 99.542 99.618 99.694 99.751 99.813 99.893 99.977 100.062 100.147 100.235 100.324 100.417 100.513 100.599 100.671 100.746 100.824 100.906 100.99 101.125 101.213 101.225 101.24 101.258
-9999 -9999 -9999 -9999 -9999 -9999 -9999 -9999 -9999 -9999 -9999 -9999 -9999 -9999 -9999 -9999 -9999 -9999 -9999 -9999 -9999 -9999 -9999 -9999 -9999 -9999 -9999 -9999 -9999 -9999 -9999 -9999 -9999 -9999 -9999 -9999 98.725 98.72 98.731 98.696 98.737 98.794 98.851 98.939 99.014 99.088 99.152 99.228 99.3 99.38 99.454 99.533 99.6 99.659 99.731 99.798 99.88 99.964 100.048 100.135 100.221 100.311 100.403 100.497 100.601 100.679 100.736 100.806 100.891 100.966 101.031 101.114 101.07 101.07 101.046
-9999 -9999 -9999 -9999 -9999 -9999 -9999 -9999 -9999 -9999 -9999 -9999 -9999 -9999 -9999 -9999 -9999 -9999 -9999 -9999 -9999 -9999 -9999 -9999 -9999 -9999 -9999 -9999 -9999 -9999 -9999 -9999 -9999 -9999 -9999 -9999 98.68 98.651 98.631 98.627 98.702 98.797 98.849 98.908 98.983 99.057 99.13 99.204 99.281 99.356 99.437 99.519 99.583 99.644 99.714 99.787 99.867 99.95 100.035 100.121 100.209 100.297 100.39 100.482 100.588 100.684 100.732 100.788 100.864 100.94 101.003 101.048 101.305 101.385 101.328
-9999 -9999 -9999 -9999 -9999 -9999 -9999 -9999 -9999 -9999 -9999 -9999 -9999 -9999 -9999 -9999 -9999 -9999 -9999 -9999 -9999 -9999 -9999 98.414 98.455 98.623 98.6 -9999 98.502 -9999 -9999 -9999 -9999 -9999 -9999 -9999 -9999 98.639 98.65 98.688 98.767 98.823 98.834 98.89 98.965 99.039 99.113 99.187 99.261 99.337 99.411 99.488 99.554 99.621 99.695 99.775 99.883 99.982 100.037 100.107 100.211 100.305 100.384 100.467 100.547 100.635 100.708 100.771 100.683 100.831 100.978 101.132 101.116 101.227 101.372
-9999 -9999 -9999 -9999 -9999 -9999 -9999 -9999 -9999 -9999 -9999 -9999 -9999 -9999 -9999 -9999 -9999 -9999 -9999 -9999 98.43 98.438 98.415 98.392 98.472 98.597 98.557 98.492 98.505 98.531 98.509 -9999 -9999 98.508 98.54 98.56 98.601 98.636 98.675 98.704 98.755 98.775 98.812 98.869 98.945 99.02 99.094 99.169 99.243 99.32 99.393 99.461 99.531 99.602 99.678 99.758 99.863 99.968 100.034 100.094 100.209 100.322 100.393 100.456 100.529 100.609 100.681 100.752 100.984 101.052 101.046 101.155 101.187 101.068 101.28
-9999 -9999 -9999 -9999 -9999 -9999 -9999 -9999 -9999 -9999 -9999 -9999 -9999 -9999 -9999 -9999 -9999 -9999 -9999 98.406 98.409 98.412 98.397 98.384 98.552 98.862 98.77 98.611 98.567 98.439 98.421 98.44 98.462 98.485 98.515 98.56 98.597 98.623 98.66 98.7 98.727 98.756 98.794 98.857 98.93 98.999 99.074 99.149 99.224 99.299 99.372 99.444 99.514 99.586 99.663 99.745 99.828 99.924 100.004 100.081 100.181 100.294 100.381 100.448 100.522 100.591 100.666 100.731 100.796 100.956 101.028 101.031 101.141 101.049 101.231
-9999 -9999 -9999 -9999 -9999 -9999 -9999 -9999 -9999 -9999 -9999 -9999 -9999 -9999 -9999 -9999 -9999 -9999 -9999 98.386 98.391 98.388 98.357 98.289 98.414 98.253 98.249 98.516 98.42 98.39 98.411 98.427 98.45 98.472 98.504 98.548 98.578 98.608 98.647 98.673 98.703 98.733 98.776 98.83 98.899 98.977 99.053 99.129 99.204 99.279 99.353 99.424 99.495 99.569 99.648 99.731 99.815 99.898 99.983 100.068 100.166 100.271 100.355 100.428 100.5 100.586 100.646 100.706 100.768 100.83 100.893 100.986 101.048 101.03 101.238
-9999 -9999 -9999 -9999 -9999 -9999 -9999 -9999 -9999 -9999 -9999 -9999 -9999 -9999 -9999 -9999 -9999 -9999 -9999 98.371 98.366 98.366 98.34 98.37 98.293 98.332 98.511 98.662 98.564 98.401 98.424 98.412 98.437 98.462 98.491 98.522 98.555 98.591 98.623 98.656 98.687 98.721 98.758 98.811 98.874 98.953 99.031 99.109 99.183 99.258 99.332 99.404 99.475 99.551 99.633 99.717 99.801 99.886 99.971 100.057 100.145 100.242 100.33 100.407 100.478 100.552 100.662 100.727 100.756 100.805 100.868 100.984 101.054 101.114 101.206
-9999 -9999 -9999 -9999 -9999 -9999 -9999 -9999 -9999 -9999 -9999 -9999 -9999 -9999 -9999 98.345 98.341 -9999 98.341 98.353 98.354 98.386 98.398 98.339 98.372 98.376 98.477 98.532 98.412 98.394 98.401 98.402 98.434 98.455 98.48 98.507 98.538 98.575 98.61 98.643 98.674 98.707 98.746 98.789 98.848 98.928 99.008 99.084 99.16 99.236 99.31 99.382 99.453 99.531 99.616 99.702 99.788 99.874 99.96 100.047 100.135 100.226 100.309 100.385 100.457 100.525 100.626 100.732 100.752 100.78 100.845 101.011 101.119 101.117 101.204
-9999 -9999 -9999 -9999 -9999 -9999 -9999 -9999 -9999 -9999 -9999 -9999 -9999 -9999 -9999 98.331 98.331 98.34 98.34 98.31 98.336 98.39 98.355 98.314 98.332 98.355 98.379 98.361 98.323 98.338 98.358 98.394 98.421 98.448 98.474 98.498 98.527 98.559 98.595 98.629 98.662 98.696 98.734 98.774 98.83 98.902 98.981 99.059 99.136 99.212 99.286 99.357 99.43 99.51 99.597 99.685 99.774 99.863 99.951 100.038 100.126 100.213 100.294 100.365 100.432 100.496 100.558 100.643 100.709 100.753 100.822 100.888 101.017 101.039 101.048
-9999 -9999 -9999 -9999 -9999 -9999 -9999 -9999 -9999 -9999 -9999 -9999 -9999 -9999 98.324 98.318 98.326 98.338 98.325 98.336 98.357 98.354 98.338 98.352 98.361 98.325 98.311 98.291 98.285 98.306 98.346 98.38 98.412 98.441 98.467 98.492 98.517 98.546 98.58 98.616 98.651 98.687 98.724 98.763 98.811 98.874 98.954 99.033 99.11 99.186 99.259 99.33 99.404 99.486 99.576 99.667 99.759 99.851 99.942 100.03 100.118 100.2 100.274 100.34 100.403 100.465 100.527 100.591 100.655 100.723 100.794 100.996 101.26 101.24 101.161
-9999 -9999 -9999 -9999 -9999 -9999 -9999 -9999 -9999 -9999 -9999 -9999 -9999 -9999 -9999 98.403 98.369 98.354 98.345 98.307 98.3 98.296 98.3 98.296 98.293 98.337 98.318 98.309 98.471 98.913 98.802 98.368 98.401 98.432 98.46 98.485 98.51 98.536 98.565 98.602 98.639 98.676 98.714 98.753 98.794 98.851 98.924 99.004 99.081 99.158 99.23 99.3 99.374 99.459 99.552 99.646 99.741 99.836 99.93 -9999 100.106 100.183 100.263 100.353 100.391 100.435 100.498 100.562 100.627 100.695 100.766 101.115 101.374 101.397 101.343
-9999 -9999 -9999 -9999 -9999 -9999 -9999 -9999 -9999 -9999 -9999 -9999 -9999 -9999 98.398 98.336 98.321 98.311 98.286 98.279 98.276 98.272 98.266 98.257 98.288 98.32 98.312 98.297 98.58 98.789 98.51 98.354 98.389 98.421 98.451 98.478 98.504 98.529 98.556 98.587 98.625 98.664 98.703 98.742 98.781 98.83 98.891 98.972 99.051 99.128 99.199 99.268 99.341 99.428 99.525 99.624 99.722 99.819 99.914 100.008 -9999 100.157 -9999 100.317 -9999 100.406 -9999 100.533 100.599 100.667 100.739 100.926 101.213 101.199 -9999
-9999 -9999 -9999 -9999 -9999 -9999 -9999 -9999 -9999 -9999 -9999 -9999 -9999 -9999 98.326 98.231 98.253 98.323 98.306 98.273 98.267 98.256 98.254 98.25 98.261 98.268 98.251 98.225 98.323 98.349 98.293 98.336 98.375 98.409 98.441 98.47 98.498 98.524 98.549 98.578 98.61 98.649 98.689 98.729 98.769 98.81 98.866 98.937 99.018 99.095 99.167 99.235 99.306 99.396 99.499 99.601 99.701 99.801 99.898 99.985 -9999 -9999 100.188 100.26 -9999 -9999 100.441 100.506 100.573 -9999 -9999 -9999 -9999 -9999 -9999
-9999 -9999 -9999 -9999 -9999 -9999 -9999 -9999 -9999 -9999 -9999 -9999 -9999 98.307 98.342 98.354 98.384 98.346 98.315 98.267 98.262 98.261 98.256 98.245 98.237 98.241 98.231 98.193 98.187 98.213 98.268 98.316 98.357 98.395 98.429 98.46 98.49 98.518 98.545 98.571 98.601 98.633 98.673 98.714 98.755 98.795 98.842 98.902 98.982 99.061 99.135 99.206 99.281 99.371 99.475 99.579 99.682 -9999 -9999 -9999 100.027 -9999 -9999 -9999 -9999 -9999 -9999 100.476 -9999 -9999 -9999 -9999 -9999 -9999 -9999
