Validation/Results/raw data/ReClimate_05_2024_1_Temperatureweatherlogisticsltd.asc
NCOLS 192
NROWS 249
XLLCENTER -225160.85627316462
YLLCENTER 29788.11610251502
CELLSIZE 5000.0
NODATA_VALUE -9999
[rows 68 to 101 of 249, columns 75 to 149 of 192]
-9999 -9999 -9999 -9999 -9999 -9999 -9999 -9999 -9999 -9999 -9999 -0.996 -0.997 -0.989 -1.011 -1.038 -1.048 -1.057 -1.073 -1.09 -1.094 -1.098 -1.124 -1.154 -1.156 -1.158 -1.172 -1.188 -1.203 -9999 -9999 -9999 -9999 -9999 -9999 -9999 -9999 -9999 -9999 -9999 -9999 -9999 -9999 -9999 -9999 -9999 -9999 -9999 -9999 -9999 -9999 -9999 -9999 -9999 -9999 -9999 -9999 -9999 -9999 -9999 -9999 -9999 -9999 -9999 -9999 -9999 -9999 -9999 -9999 -9999 -9999 -9999 -9999 -9999 -9999
-9999 -9999 -9999 -9999 -9999 -9999 -9999 -9999 -9999 -9999 -9999 -9999 -9999 -1.001 -1.018 -1.023 -1.03 -1.035 -1.061 -1.112 -1.118 -1.126 -1.144 -1.153 -1.161 -1.179 -1.192 -9999 -9999 -9999 -9999 -9999 -9999 -9999 -9999 -9999 -9999 -9999 -9999 -9999 -9999 -9999 -9999 -9999 -9999 -9999 -9999 -9999 -9999 -9999 -9999 -9999 -9999 -9999 -9999 -9999 -9999 -9999 -9999 -9999 -9999 -9999 -9999 -9999 -9999 -9999 -9999 -9999 -9999 -9999 -9999 -9999 -9999 -9999 -9999
-9999 -9999 -9999 -9999 -9999 -9999 -9999 -0.977 -9999 -9999 -0.978 -0.981 -0.998 -1.02 -1.026 -1.029 -1.035 -1.038 -1.081 -1.131 -1.139 -1.146 -1.154 -1.163 -1.178 -1.195 -1.208 -9999 -9999 -9999 -9999 -9999 -9999 -9999 -9999 -9999 -9999 -9999 -9999 -9999 -9999 -9999 -9999 -9999 -9999 -9999 -9999 -9999 -9999 -9999 -9999 -9999 -9999 -9999 -9999 -9999 -9999 -9999 -9999 -9999 -9999 -9999 -9999 -9999 -9999 -9999 -9999 -9999 -9999 -9999 -9999 -9999 -9999 -9999 -9999
-9999 -9999 -9999 -9999 -9999 -0.986 -0.981 -0.961 -0.96 -0.966 -0.962 -0.979 -1.0 -1.017 -1.03 -1.056 -1.065 -1.077 -1.107 -1.122 -1.129 -1.138 -1.145 -1.158 -1.176 -1.206 -1.219 -9999 -9999 -9999 -9999 -9999 -9999 -9999 -9999 -9999 -9999 -9999 -9999 -9999 -9999 -9999 -9999 -9999 -9999 -9999 -9999 -9999 -9999 -9999 -9999 -9999 -9999 -9999 -9999 -9999 -9999 -9999 -9999 -9999 -9999 -9999 -9999 -9999 -9999 -9999 -9999 -9999 -9999 -9999 -9999 -9999 -9999 -9999 -9999
-9999 -9999 -9999 -9999 -9999 -0.997 -0.971 -9999 -0.965 -0.969 -0.978 -0.996 -1.014 -1.028 -1.053 -1.078 -1.091 -1.103 -1.116 -1.13 -1.137 -1.144 -1.155 -1.166 -1.19 -1.218 -9999 -1.254 -9999 -9999 -9999 -9999 -9999 -9999 -9999 -9999 -9999 -9999 -9999 -9999 -9999 -9999 -9999 -9999 -9999 -9999 -9999 -9999 -9999 -9999 -9999 -9999 -9999 -9999 -9999 -9999 -9999 -9999 -9999 -9999 -9999 -9999 -9999 -9999 -9999 -9999 -9999 -9999 -9999 -9999 -9999 -9999 -9999 -9999 -9999
-9999 -9999 -9999 -9999 -9999 -9999 -0.983 -0.967 -0.964 -0.964 -0.984 -1.011 -1.024 -1.04 -1.055 -1.058 -1.074 -1.104 -1.117 -1.135 -1.146 -1.165 -1.175 -1.186 -1.206 -1.223 -1.238 -1.258 -9999 -9999 -9999 -9999 -9999 -9999 -9999 -9999 -9999 -9999 -9999 -9999 -9999 -9999 -9999 -9999 -9999 -9999 -9999 -9999 -9999 -9999 -9999 -9999 -9999 -9999 -9999 -9999 -9999 -9999 -9999 -9999 -9999 -9999 -9999 -9999 -9999 -9999 -9999 -9999 -9999 -9999 -9999 -9999 -9999 -9999 -9999
-9999 -9999 -9999 -9999 -9999 -9999 -9999 -0.979 -0.976 -0.986 -1.009 -1.032 -1.046 -1.06 -1.063 -1.065 -1.089 -1.117 -1.131 -1.148 -1.164 -1.183 -1.193 -1.204 -1.217 -1.234 -1.248 -1.266 -9999 -9999 -9999 -9999 -9999 -9999 -9999 -9999 -9999 -9999 -9999 -9999 -9999 -9999 -9999 -9999 -9999 -9999 -9999 -9999 -9999 -9999 -9999 -9999 -9999 -9999 -9999 -9999 -9999 -9999 -9999 -9999 -9999 -9999 -9999 -9999 -9999 -9999 -9999 -9999 -9999 -9999 -9999 -9999 -9999 -9999 -9999
-9999 -9999 -9999 -9999 -9999 -1.014 -1.001 -0.968 -0.983 -1.033 -1.055 -1.076 -1.086 -1.089 -1.091 -1.088 -1.107 -1.12 -1.134 -1.154 -1.167 -1.179 -1.192 -1.216 -1.229 -9999 -1.261 -9999 -9999 -9999 -9999 -9999 -9999 -1.267 -1.276 -1.279 -9999 -9999 -9999 -9999 -9999 -9999 -9999 -9999 -9999 -9999 -9999 -9999 -9999 -9999 -9999 -9999 -9999 -9999 -9999 -9999 -9999 -9999 -9999 -9999 -9999 -9999 -9999 -9999 -9999 -9999 -9999 -9999 -9999 -9999 -9999 -9999 -9999 -9999 -9999
-1.045 -9999 -9999 -9999 -9999 -9999 -0.992 -0.983 -1.022 -1.066 -1.086 -1.108 -1.111 -1.113 -1.113 -1.111 -1.122 -1.134 -1.15 -1.168 -1.178 -1.189 -1.208 -1.231 -1.244 -1.261 -9999 -9999 -9999 -9999 -1.268 -1.27 -1.272 -1.272 -1.279 -1.284 -1.286 -1.289 -1.291 -1.293 -1.309 -1.324 -1.328 -1.332 -1.331 -1.33 -1.336 -1.341 -1.343 -1.346 -1.351 -1.359 -9999 -9999 -9999 -9999 -9999 -9999 -9999 -9999 -9999 -9999 -9999 -9999 -9999 -9999 -9999 -9999 -9999 -9999 -9999 -9999 -9999 -9999 -9999
-1.065 -9999 -9999 -9999 -1.045 -9999 -1.011 -1.014 -1.04 -1.056 -1.078 -1.119 -1.124 -1.132 -1.132 -1.13 -1.138 -1.141 -1.158 -1.183 -1.195 -1.215 -1.229 -1.238 -1.245 -9999 -9999 -9999 -9999 -1.26 -1.268 -1.25 -1.253 -1.271 -1.273 -1.279 -1.279 -1.284 -1.282 -1.282 -1.29 -1.3 -1.302 -1.312 -1.308 -1.309 -1.311 -1.32 -1.32 -1.327 -1.332 -1.355 -9999 -9999 -9999 -9999 -9999 -9999 -9999 -9999 -9999 -9999 -9999 -9999 -9999 -9999 -9999 -9999 -9999 -9999 -9999 -9999 -9999 -9999 -9999
-1.083 -9999 -9999 -9999 -1.056 -1.043 -1.039 -1.044 -1.056 -1.069 -1.1 -1.137 -1.144 -1.152 -1.152 -1.151 -1.154 -1.157 -1.177 -1.2 -1.216 -1.235 -1.243 -1.252 -9999 -9999 -1.272 -1.299 -1.277 -1.26 -1.252 -1.246 -1.258 -1.274 -1.277 -1.281 -1.283 -1.285 -1.283 -1.281 -1.286 -1.293 -1.298 -1.306 -1.304 -1.302 -1.307 -1.313 -1.316 -1.32 -1.328 -1.339 -1.372 -9999 -9999 -9999 -9999 -9999 -9999 -9999 -9999 -9999 -9999 -9999 -9999 -9999 -9999 -9999 -9999 -9999 -9999 -9999 -9999 -9999 -9999
-1.091 -9999 -1.1 -9999 -1.075 -1.062 -1.061 -1.066 -1.077 -1.089 -1.11 -1.126 -1.138 -1.169 -1.164 -1.15 -1.159 -1.183 -1.196 -1.202 -1.215 -1.228 -1.241 -1.268 -9999 -1.262 -1.284 -1.275 -1.26 -1.264 -1.257 -1.25 -1.255 -1.251 -1.253 -1.26 -1.262 -1.271 -1.272 -1.282 -1.287 -1.296 -1.3 -1.307 -1.305 -1.304 -1.31 -1.321 -1.32 -1.313 -1.318 -1.327 -1.355 -9999 -9999 -9999 -9999 -9999 -9999 -9999 -9999 -9999 -9999 -9999 -9999 -9999 -9999 -9999 -9999 -9999 -9999 -9999 -9999 -9999 -9999
-9999 -1.134 -9999 -9999 -9999 -1.084 -1.086 -1.09 -1.1 -1.111 -1.123 -1.136 -1.159 -1.188 -1.176 -1.162 -1.182 -1.205 -1.209 -1.214 -1.225 -1.238 -1.259 -1.282 -1.277 -1.274 -1.274 -1.272 -1.271 -1.273 -1.266 -1.258 -1.254 -1.249 -1.253 -1.258 -1.263 -1.27 -1.277 -1.286 -1.292 -1.3 -1.304 -1.31 -1.308 -1.308 -1.315 -1.326 -1.319 -1.311 -1.316 -1.323 -1.349 -9999 -9999 -9999 -9999 -9999 -9999 -9999 -9999 -9999 -9999 -9999 -9999 -9999 -9999 -9999 -9999 -9999 -9999 -9999 -9999 -9999 -9999
-1.122 -9999 -9999 -9999 -9999 -1.11 -1.112 -1.097 -9999 -1.13 -1.138 -1.145 -1.16 -1.168 -1.163 -1.173 -1.192 -1.214 -1.222 -1.235 -1.244 -1.248 -1.261 -1.271 -1.264 -1.26 -1.253 -1.245 -1.246 -1.257 -1.251 -1.251 -1.248 -1.254 -1.261 -1.28 -1.28 -1.273 -1.281 -1.296 -1.303 -1.312 -1.314 -1.314 -1.308 -1.296 -1.304 -1.319 -1.318 -1.327 -1.332 -1.342 -1.373 -9999 -9999 -9999 -9999 -9999 -9999 -9999 -9999 -9999 -9999 -9999 -9999 -9999 -9999 -9999 -9999 -9999 -9999 -9999 -9999 -9999 -9999
-1.131 -9999 -9999 -9999 -1.121 -9999 -9999 -1.115 -1.131 -1.15 -1.156 -1.162 -1.167 -1.173 -1.181 -1.19 -1.208 -1.229 -1.242 -1.255 -1.258 -1.259 -1.265 -1.272 -1.265 -1.26 -1.25 -1.242 -1.248 -1.257 -1.256 -1.255 -1.258 -1.262 -1.276 -1.294 -1.286 -1.279 -1.29 -1.304 -1.311 -1.319 -1.318 -1.318 -1.307 -1.294 -1.305 -1.319 -1.325 -1.333 -1.338 -1.35 -9999 -9999 -9999 -9999 -9999 -9999 -9999 -9999 -9999 -9999 -9999 -9999 -9999 -9999 -9999 -9999 -9999 -9999 -9999 -9999 -9999 -9999 -9999
-1.148 -1.136 -1.126 -9999 -9999 -9999 -1.13 -1.124 -9999 -1.146 -1.153 -1.168 -1.178 -1.197 -1.203 -1.208 -1.22 -1.227 -1.241 -1.263 -1.26 -1.254 -1.261 -1.276 -1.271 -1.268 -1.254 -1.23 -1.24 -1.264 -1.258 -1.248 -1.255 -1.274 -1.282 -1.284 -1.282 -1.29 -1.299 -1.308 -1.31 -1.308 -1.308 -1.315 -1.307 -1.305 -1.313 -1.321 -1.325 -1.33 -1.344 -9999 -9999 -9999 -9999 -9999 -9999 -9999 -9999 -9999 -9999 -9999 -9999 -9999 -9999 -9999 -9999 -9999 -9999 -9999 -9999 -9999 -9999 -9999 -9999
-1.163 -1.151 -1.142 -9999 -1.131 -1.137 -1.138 -1.14 -1.148 -1.157 -1.169 -1.183 -1.199 -1.218 -1.222 -1.227 -1.232 -1.237 -1.254 -1.271 -1.265 -1.257 -1.268 -1.283 -1.28 -1.278 -1.256 -1.232 -1.25 -1.273 -1.263 -1.253 -1.268 -1.286 -1.286 -1.287 -1.292 -1.3 -1.305 -1.313 -1.31 -1.307 -1.31 -1.316 -1.314 -1.311 -1.316 -1.323 -1.325 -1.329 -1.347 -9999 -9999 -9999 -9999 -9999 -9999 -9999 -9999 -9999 -9999 -9999 -9999 -9999 -9999 -9999 -9999 -9999 -9999 -9999 -9999 -9999 -9999 -9999 -9999
-1.18 -1.174 -1.165 -1.149 -1.15 -1.177 -9999 -1.134 -1.145 -1.167 -1.18 -1.2 -1.211 -1.219 -1.226 -1.24 -1.245 -1.247 -1.256 -1.265 -1.258 -1.256 -1.267 -1.285 -1.276 -1.258 -1.24 -1.229 -1.241 -1.254 -1.254 -1.276 -1.285 -1.287 -1.285 -1.281 -1.285 -1.293 -1.297 -1.305 -1.302 -1.302 -1.302 -1.301 -1.301 -1.31 -1.317 -1.333 -1.336 -1.343 -9999 -9999 -9999 -9999 -9999 -9999 -9999 -9999 -9999 -9999 -9999 -9999 -9999 -9999 -9999 -9999 -9999 -9999 -9999 -9999 -9999 -9999 -9999 -9999 -9999
-9999 -9999 -9999 -1.166 -1.185 -9999 -1.175 -1.145 -1.162 -1.183 -1.199 -1.218 -1.224 -1.231 -1.243 -1.257 -1.26 -1.257 -1.261 -1.265 -1.262 -1.26 -1.272 -1.29 -1.273 -1.255 -1.245 -1.234 -1.242 -1.253 -1.27 -1.291 -1.292 -1.294 -1.29 -1.286 -1.29 -1.296 -1.3 -1.306 -1.304 -1.303 -1.3 -1.298 -1.303 -1.311 -1.322 -1.337 -1.341 -1.342 -9999 -9999 -9999 -9999 -9999 -9999 -9999 -9999 -9999 -9999 -9999 -9999 -9999 -9999 -9999 -9999 -9999 -9999 -9999 -9999 -9999 -9999 -9999 -9999 -9999
-9999 -9999 -1.203 -1.197 -9999 -1.19 -1.173 -9999 -1.189 -1.203 -1.215 -1.221 -1.227 -1.236 -1.244 -1.249 -1.251 -1.263 -1.263 -1.264 -1.263 -1.268 -1.279 -1.29 -1.275 -1.259 -1.254 -1.255 -1.259 -1.256 -1.27 -1.284 -1.287 -1.295 -1.289 -1.283 -1.288 -1.301 -1.295 -1.277 -1.274 -1.278 -1.28 -1.298 -1.303 -1.312 -1.311 -1.294 -1.3 -1.321 -9999 -9999 -9999 -9999 -9999 -9999 -9999 -9999 -9999 -9999 -9999 -9999 -9999 -9999 -9999 -9999 -9999 -9999 -9999 -9999 -9999 -9999 -9999 -9999 -9999
-9999 -9999 -1.224 -9999 -9999 -1.188 -1.191 -1.196 -1.208 -1.223 -1.229 -1.235 -1.242 -1.25 -1.254 -1.253 -1.259 -1.268 -1.267 -1.268 -1.271 -1.276 -1.284 -1.295 -1.281 -1.266 -1.267 -1.269 -1.266 -1.263 -1.273 -1.287 -1.293 -1.301 -1.296 -1.288 -1.296 -1.307 -1.289 -1.269 -1.269 -1.271 -1.283 -1.299 -1.304 -1.313 -1.295 -1.276 -1.291 -1.31 -9999 -9999 -9999 -9999 -9999 -9999 -9999 -9999 -9999 -9999 -9999 -9999 -9999 -9999 -9999 -9999 -9999 -9999 -9999 -9999 -9999 -9999 -9999 -9999 -9999
-9999 -9999 -9999 -9999 -9999 -9999 -1.236 -1.225 -1.234 -1.237 -1.245 -1.261 -1.266 -1.268 -1.263 -1.246 -1.252 -1.266 -1.269 -1.283 -1.286 -1.291 -1.294 -1.292 -1.278 -1.264 -1.274 -1.302 -1.295 -1.276 -1.29 -1.313 -1.312 -1.293 -1.287 -1.284 -1.289 -1.3 -1.289 -1.292 -1.286 -1.272 -1.284 -1.303 -1.307 -1.312 -1.297 -1.285 -1.296 -9999 -9999 -9999 -9999 -9999 -9999 -9999 -9999 -9999 -9999 -9999 -9999 -9999 -9999 -9999 -9999 -9999 -9999 -9999 -9999 -9999 -9999 -9999 -9999 -9999 -9999
-9999 -9999 -9999 -9999 -1.255 -1.265 -9999 -1.248 -1.251 -1.253 -1.266 -1.281 -1.281 -1.279 -1.264 -1.248 -1.257 -1.269 -1.278 -1.292 -1.295 -1.3 -1.297 -1.294 -1.281 -1.268 -1.29 -1.318 -1.302 -1.285 -1.303 -1.326 -1.312 -1.295 -1.291 -1.285 -1.29 -1.298 -1.298 -1.301 -1.287 -1.273 -1.286 -1.304 -1.306 -1.311 -1.299 -1.287 -1.295 -9999 -9999 -9999 -9999 -9999 -9999 -9999 -9999 -9999 -9999 -9999 -9999 -9999 -9999 -9999 -9999 -9999 -9999 -9999 -9999 -9999 -9999 -9999 -9999 -9999 -9999
-9999 -9999 -9999 -1.262 -1.27 -1.253 -1.25 -1.258 -1.261 -1.268 -1.277 -1.285 -1.285 -1.286 -1.277 -1.278 -1.284 -1.287 -1.291 -1.289 -1.288 -1.285 -1.284 -1.289 -1.279 -1.274 -1.292 -1.308 -1.298 -1.297 -1.306 -1.304 -1.296 -1.297 -1.295 -1.296 -1.301 -1.311 -1.308 -1.302 -1.29 -1.283 -1.292 -1.299 -1.298 -1.295 -1.287 -1.286 -9999 -9999 -9999 -9999 -9999 -9999 -9999 -9999 -9999 -9999 -9999 -9999 -9999 -9999 -9999 -9999 -9999 -9999 -9999 -9999 -9999 -9999 -9999 -9999 -9999 -9999 -9999
-9999 -9999 -9999 -1.278 -9999 -1.256 -1.262 -1.268 -1.272 -1.278 -1.284 -1.292 -1.294 -1.291 -1.291 -1.294 -1.294 -1.297 -1.293 -1.291 -1.286 -1.283 -1.286 -1.291 -1.285 -1.28 -1.291 -1.306 -1.305 -1.304 -1.3 -1.296 -1.297 -1.296 -1.298 -1.299 -1.305 -1.315 -1.307 -1.3 -1.293 -1.285 -1.289 -1.296 -1.291 -1.288 -1.285 -1.284 -9999 -9999 -9999 -9999 -9999 -9999 -9999 -9999 -9999 -9999 -9999 -9999 -9999 -9999 -9999 -9999 -9999 -9999 -9999 -9999 -9999 -9999 -9999 -9999 -9999 -9999 -9999
-9999 -9999 -9999 -9999 -9999 -1.268 -1.265 -1.252 -1.262 -1.287 -1.291 -1.294 -1.298 -1.308 -1.309 -1.31 -1.308 -1.299 -1.293 -1.281 -1.281 -1.291 -1.293 -1.295 -1.291 -1.29 -1.295 -1.295 -1.296 -1.304 -1.302 -1.304 -1.309 -1.321 -1.318 -1.301 -1.307 -1.314 -1.304 -1.291 -1.286 -1.289 -1.291 -1.292 -1.281 -1.259 -1.27 -1.31 -9999 -9999 -9999 -9999 -9999 -9999 -9999 -9999 -9999 -9999 -9999 -9999 -9999 -9999 -9999 -9999 -9999 -9999 -9999 -9999 -9999 -9999 -9999 -9999 -9999 -9999 -9999
-9999 -9999 -9999 -1.255 -1.267 -1.278 -1.266 -1.252 -1.271 -1.295 -1.297 -1.299 -9999 -1.318 -1.318 -1.32 -1.311 -1.303 -1.292 -1.281 -1.287 -1.297 -1.297 -1.299 -1.297 -1.296 -1.293 -1.292 -1.297 -1.304 -1.305 -1.307 -1.317 -1.329 -1.316 -1.3 -1.304 -1.311 -1.299 -1.286 -1.286 -1.288 -1.287 -1.288 -1.268 -1.246 -1.277 -1.317 -9999 -9999 -9999 -9999 -9999 -9999 -9999 -9999 -9999 -9999 -9999 -9999 -9999 -9999 -9999 -9999 -9999 -9999 -9999 -9999 -9999 -9999 -9999 -9999 -9999 -9999 -9999
-1.28 -1.279 -1.264 -9999 -1.268 -1.269 -1.266 -1.278 -1.287 -1.281 -1.286 -9999 -1.307 -1.315 -1.311 -1.302 -1.294 -1.292 -1.281 -1.274 -1.278 -1.283 -1.284 -1.292 -1.286 -1.276 -1.272 -1.27 -1.281 -1.312 -1.307 -1.295 -1.303 -1.316 -1.307 -1.305 -1.307 -1.304 -1.294 -1.286 -1.285 -1.285 -1.289 -1.307 -1.29 -1.271 -1.306 -9999 -9999 -9999 -9999 -9999 -9999 -9999 -9999 -9999 -9999 -9999 -9999 -9999 -9999 -9999 -9999 -9999 -9999 -9999 -9999 -9999 -9999 -9999 -9999 -9999 -9999 -9999 -9999
-1.284 -1.27 -1.27 -1.271 -9999 -1.27 -1.281 -1.293 -1.287 -1.281 -1.293 -1.304 -1.309 -1.317 -1.307 -1.298 -1.294 -1.291 -1.283 -1.275 -1.277 -1.28 -1.285 -1.292 -1.281 -1.271 -1.267 -1.263 -1.286 -1.314 -1.303 -1.289 -1.298 -1.309 -1.307 -1.305 -1.302 -1.299 -1.291 -1.284 -1.281 -1.281 -1.293 -1.31 -1.294 -9999 -9999 -9999 -9999 -9999 -9999 -9999 -9999 -9999 -9999 -9999 -9999 -9999 -9999 -9999 -9999 -9999 -9999 -9999 -9999 -9999 -9999 -9999 -9999 -9999 -9999 -9999 -9999 -9999 -9999
-9999 -9999 -1.272 -9999 -1.27 -1.28 -1.292 -1.304 -1.297 -9999 -9999 -1.277 -1.28 -1.288 -1.281 -1.282 -1.279 -1.283 -1.278 -1.28 -1.278 -1.274 -1.277 -1.283 -1.276 -1.275 -1.266 -1.249 -1.265 -1.28 -1.275 -1.286 -1.293 -1.302 -1.298 -1.292 -1.292 -1.301 -1.294 -1.288 -1.281 -1.266 -1.275 -1.288 -9999 -9999 -9999 -9999 -9999 -9999 -9999 -9999 -9999 -9999 -9999 -9999 -9999 -9999 -9999 -9999 -9999 -9999 -9999 -9999 -9999 -9999 -9999 -9999 -9999 -9999 -9999 -9999 -9999 -9999 -9999
-1.284 -9999 -1.276 -1.273 -1.277 -1.287 -1.299 -1.312 -9999 -9999 -1.286 -1.271 -1.274 -1.28 -1.279 -1.28 -1.281 -1.284 -1.283 -1.285 -1.279 -1.275 -1.278 -1.282 -1.28 -1.279 -1.264 -1.246 -1.255 -1.268 -1.275 -1.285 -1.29 -1.297 -1.291 -1.285 -1.29 -1.298 -1.291 -1.286 -1.272 -1.257 -1.265 -1.276 -1.274 -9999 -9999 -9999 -9999 -9999 -9999 -9999 -9999 -9999 -9999 -9999 -9999 -9999 -9999 -9999 -9999 -9999 -9999 -9999 -9999 -9999 -9999 -9999 -9999 -9999 -9999 -9999 -9999 -9999 -9999
-1.275 -1.267 -1.265 -1.27 -1.274 -1.287 -1.298 -9999 -9999 -1.295 -1.29 -1.304 -1.302 -1.288 -1.29 -1.298 -1.296 -1.29 -1.288 -1.284 -1.28 -1.279 -1.279 -1.275 -1.264 -1.24 -1.23 -1.236 -1.247 -1.267 -1.271 -1.273 -1.273 -1.269 -1.264 -1.269 -1.271 -1.273 -1.268 -1.271 -1.258 -1.251 -1.255 -1.261 -9999 -9999 -9999 -9999 -9999 -9999 -9999 -9999 -9999 -9999 -9999 -9999 -9999 -9999 -9999 -9999 -9999 -9999 -9999 -9999 -9999 -9999 -9999 -9999 -9999 -9999 -9999 -9999 -9999 -9999 -9999
-1.27 -1.262 -9999 -9999 -1.278 -1.289 -9999 -9999 -9999 -1.299 -1.312 -1.321 -1.308 -1.296 -1.301 -1.309 -1.302 -1.296 -1.291 -1.288 -1.285 -1.284 -1.279 -1.276 -1.254 -1.23 -1.232 -1.238 -1.252 -1.271 -1.271 -1.272 -1.267 -1.261 -1.262 -1.265 -1.264 -1.265 -1.264 -1.266 -1.257 -1.25 -1.252 -1.257 -9999 -9999 -9999 -9999 -9999 -9999 -9999 -9999 -9999 -9999 -9999 -9999 -9999 -9999 -9999 -9999 -9999 -9999 -9999 -9999 -9999 -9999 -9999 -9999 -9999 -9999 -9999 -9999 -9999 -9999 -9999
-9999 -1.247 -1.252 -1.259 -9999 -9999 -9999 -9999 -1.296 -1.293 -1.299 -1.295 -1.29 -1.303 -1.303 -1.297 -1.289 -1.281 -1.279 -1.283 -1.28 -1.279 -1.27 -1.256 -1.249 -1.269 -1.269 -1.258 -1.269 -1.276 -1.274 -1.27 -1.263 -1.253 -1.259 -1.277 -1.278 -1.285 -1.28 -1.271 -1.261 -1.251 -1.259 -9999 -9999 -9999 -9999 -9999 -9999 -9999 -9999 -9999 -9999 -9999 -9999 -9999 -9999 -9999 -9999 -9999 -9999 -9999 -9999 -9999 -9999 -9999 -9999 -9999 -9999 -9999 -9999 -9999 -9999 -9999 -9999
