Validation/Results/raw data/ReClimate_08_2024_1_Precipitation-Actuals.asc
NCOLS 192
NROWS 249
XLLCENTER -225160.85627316462
YLLCENTER 29788.11610251502
CELLSIZE 5000.0
NODATA_VALUE -9999
[rows 99 to 131 of 249, columns 75 to 149 of 192]
172.357 177.914 177.115 178.967 184.166 190.163 201.46 -9999 -9999 138.757 201.184 226.508 241.159 235.876 243.039 229.068 190.42 178.386 160.962 153.467 145.951 131.744 117.416 110.997 104.835 89.449 86.071 82.242 79.649 74.119 72.088 71.369 72.006 67.064 63.668 59.295 53.26 52.817 55.691 53.709 50.987 52.328 54.602 50.834 -9999 -9999 -9999 -9999 -9999 -9999 -9999 -9999 -9999 -9999 -9999 -9999 -9999 -9999 -9999 -9999 -9999 -9999 -9999 -9999 -9999 -9999 -9999 -9999 -9999 -9999 -9999 -9999 -9999 -9999 -9999
180.951 172.832 -9999 -9999 166.506 182.412 -9999 -9999 -9999 143.76 194.333 243.776 244.093 264.531 231.994 199.695 190.954 197.006 188.092 162.305 152.678 136.228 147.311 139.995 110.353 88.622 99.744 104.189 92.722 78.609 73.483 69.238 67.284 57.517 56.373 54.329 57.83 66.302 63.293 60.055 58.608 58.773 55.053 48.54 -9999 -9999 -9999 -9999 -9999 -9999 -9999 -9999 -9999 -9999 -9999 -9999 -9999 -9999 -9999 -9999 -9999 -9999 -9999 -9999 -9999 -9999 -9999 -9999 -9999 -9999 -9999 -9999 -9999 -9999 -9999
-9999 176.881 176.527 184.536 -9999 -9999 -9999 -9999 164.432 163.798 205.483 220.489 228.499 237.415 218.902 210.371 214.469 228.964 201.782 193.579 150.435 149.879 152.741 120.163 93.961 111.152 125.036 112.389 85.35 84.077 76.855 71.203 61.75 57.647 55.716 58.803 69.261 61.826 59.91 57.767 57.633 53.385 46.107 -9999 -9999 -9999 -9999 -9999 -9999 -9999 -9999 -9999 -9999 -9999 -9999 -9999 -9999 -9999 -9999 -9999 -9999 -9999 -9999 -9999 -9999 -9999 -9999 -9999 -9999 -9999 -9999 -9999 -9999 -9999 -9999
201.969 229.095 243.241 249.845 211.256 181.575 -9999 -9999 161.305 -9999 -9999 179.062 245.741 231.755 199.93 213.869 241.027 222.064 233.16 210.598 168.301 145.951 121.823 124.409 124.392 136.111 127.542 111.973 110.191 98.049 78.087 66.159 60.123 58.199 59.765 67.737 57.106 52.601 55.258 53.527 51.809 46.728 -9999 -9999 -9999 -9999 -9999 -9999 -9999 -9999 -9999 -9999 -9999 -9999 -9999 -9999 -9999 -9999 -9999 -9999 -9999 -9999 -9999 -9999 -9999 -9999 -9999 -9999 -9999 -9999 -9999 -9999 -9999 -9999 -9999
196.976 224.512 258.587 240.871 -9999 -9999 -9999 165.512 178.714 178.995 186.346 203.766 207.779 180.147 177.924 216.983 223.337 214.912 194.141 175.507 160.56 143.069 141.997 117.922 125.447 118.751 117.262 114.934 99.874 88.246 75.178 65.308 60.475 56.992 58.979 53.955 47.578 -9999 -9999 51.354 -9999 -9999 -9999 -9999 -9999 -9999 -9999 -9999 -9999 -9999 -9999 -9999 -9999 -9999 -9999 -9999 -9999 -9999 -9999 -9999 -9999 -9999 -9999 -9999 -9999 -9999 -9999 -9999 -9999 -9999 -9999 -9999 -9999 -9999 -9999
187.958 221.483 -9999 227.943 -9999 -9999 -9999 174.551 192.945 199.748 197.756 192.552 195.277 198.093 220.798 234.068 222.358 205.348 198.465 196.775 176.269 147.633 122.806 123.238 121.875 108.172 95.906 83.751 82.989 81.081 72.03 63.398 57.277 53.528 52.864 47.126 -9999 52.834 50.231 49.612 49.795 -9999 -9999 -9999 -9999 -9999 -9999 -9999 -9999 -9999 -9999 -9999 -9999 -9999 -9999 -9999 -9999 -9999 -9999 -9999 -9999 -9999 -9999 -9999 -9999 -9999 -9999 -9999 -9999 -9999 -9999 -9999 -9999 -9999 -9999
166.188 -9999 -9999 -9999 -9999 189.956 187.416 197.305 203.209 206.059 202.461 208.493 225.611 224.09 228.403 226.257 239.344 215.265 210.671 188.442 177.198 147.507 151.611 156.354 126.899 108.875 100.389 88.838 78.552 70.709 63.32 59.497 55.697 54.483 -9999 51.93 52.945 49.363 48.547 46.646 51.396 -9999 -9999 -9999 -9999 -9999 -9999 -9999 -9999 -9999 -9999 -9999 -9999 -9999 -9999 -9999 -9999 -9999 -9999 -9999 -9999 -9999 -9999 -9999 -9999 -9999 -9999 -9999 -9999 -9999 -9999 -9999 -9999 -9999 -9999
-9999 -9999 -9999 -9999 -9999 185.311 175.578 183.435 199.857 206.332 197.839 219.431 201.721 199.105 216.542 251.102 240.148 212.388 203.021 193.414 160.1 153.177 166.059 142.737 140.998 134.528 107.744 95.673 81.703 71.256 70.744 68.651 69.46 69.459 63.79 54.529 52.112 55.009 58.407 55.576 54.693 51.977 -9999 -9999 -9999 -9999 -9999 -9999 -9999 -9999 -9999 -9999 -9999 -9999 -9999 -9999 -9999 -9999 -9999 -9999 -9999 -9999 -9999 -9999 -9999 -9999 -9999 -9999 -9999 -9999 -9999 -9999 -9999 -9999 -9999
-9999 -9999 -9999 -9999 177.596 -9999 -9999 177.087 198.893 198.375 212.326 206.095 -9999 -9999 231.951 258.879 257.242 206.668 190.577 173.495 154.27 149.965 141.832 131.414 124.043 103.981 95.822 91.87 88.619 98.289 99.817 90.016 84.257 76.781 67.392 63.399 56.871 62.307 58.991 63.107 59.624 53.66 48.741 -9999 -9999 -9999 -9999 -9999 -9999 -9999 -9999 -9999 -9999 -9999 -9999 -9999 -9999 -9999 -9999 -9999 -9999 -9999 -9999 -9999 -9999 -9999 -9999 -9999 -9999 -9999 -9999 -9999 -9999 -9999 -9999
-9999 -9999 -9999 -9999 166.038 -9999 160.171 170.174 181.034 208.556 214.061 187.715 185.468 212.403 233.256 235.932 199.522 193.34 202.735 159.482 139.747 141.576 129.061 112.023 99.278 86.1 87.551 101.553 121.055 122.844 107.357 93.499 80.269 71.786 69.036 62.693 60.788 58.299 55.892 53.7 54.003 50.211 -9999 -9999 -9999 -9999 -9999 -9999 -9999 -9999 -9999 -9999 -9999 -9999 -9999 -9999 -9999 -9999 -9999 -9999 -9999 -9999 -9999 -9999 -9999 -9999 -9999 -9999 -9999 -9999 -9999 -9999 -9999 -9999 -9999
-9999 -9999 -9999 -9999 154.48 -9999 152.05 152.723 174.894 188.738 181.314 -9999 203.655 205.353 -9999 200.977 191.479 190.237 162.419 165.395 149.194 121.477 105.206 90.936 80.078 82.504 83.444 96.381 90.821 87.021 87.464 88.556 82.317 71.305 65.594 60.99 57.801 54.934 -9999 -9999 -9999 -9999 -9999 -9999 -9999 -9999 -9999 -9999 -9999 -9999 -9999 -9999 -9999 -9999 -9999 -9999 -9999 -9999 -9999 -9999 -9999 -9999 -9999 -9999 -9999 -9999 -9999 -9999 -9999 -9999 -9999 -9999 -9999 -9999 -9999
-9999 -9999 139.197 144.667 -9999 -9999 144.709 156.021 171.362 167.099 167.924 206.755 196.994 210.264 -9999 166.592 189.775 163.687 150.604 147.55 135.219 113.59 104.716 95.369 98.645 94.849 81.081 75.956 73.016 74.825 77.251 79.249 78.224 70.064 67.076 63.342 57.211 -9999 -9999 -9999 -9999 -9999 -9999 -9999 -9999 -9999 -9999 -9999 -9999 -9999 -9999 -9999 -9999 -9999 -9999 -9999 -9999 -9999 -9999 -9999 -9999 -9999 -9999 -9999 -9999 -9999 -9999 -9999 -9999 -9999 -9999 -9999 -9999 -9999 -9999
-9999 125.388 130.134 134.932 -9999 144.713 160.102 176.341 164.546 -9999 193.88 194.025 206.635 213.694 -9999 169.813 168.455 146.939 125.018 122.624 107.451 108.581 112.657 106.306 118.307 103.717 90.986 80.813 -9999 65.075 66.06 68.691 66.996 66.273 69.018 62.347 -9999 -9999 -9999 -9999 -9999 -9999 -9999 -9999 -9999 -9999 -9999 -9999 -9999 -9999 -9999 -9999 -9999 -9999 -9999 -9999 -9999 -9999 -9999 -9999 -9999 -9999 -9999 -9999 -9999 -9999 -9999 -9999 -9999 -9999 -9999 -9999 -9999 -9999 -9999
-9999 116.328 116.932 -9999 -9999 153.594 172.842 164.717 -9999 172.216 188.892 195.463 203.994 196.721 -9999 146.89 133.601 125.067 119.742 116.877 113.222 119.036 138.709 143.429 135.461 122.442 98.074 80.851 68.105 60.604 -9999 -9999 59.205 56.945 -9999 -9999 -9999 -9999 -9999 -9999 46.987 48.192 48.825 -9999 -9999 -9999 -9999 -9999 -9999 -9999 -9999 -9999 -9999 -9999 -9999 -9999 -9999 -9999 -9999 -9999 -9999 -9999 -9999 -9999 -9999 -9999 -9999 -9999 -9999 -9999 -9999 -9999 -9999 -9999 -9999
123.342 130.183 -9999 -9999 138.281 152.184 149.548 166.294 -9999 166.187 181.928 178.062 175.648 181.783 -9999 -9999 -9999 126.771 121.037 118.468 121.531 128.39 132.494 131.787 118.616 106.919 94.081 84.105 73.259 67.233 61.777 61.613 59.551 55.459 -9999 -9999 -9999 -9999 -9999 49.124 47.609 50.956 47.271 47.498 -9999 -9999 -9999 -9999 -9999 -9999 -9999 -9999 -9999 -9999 -9999 -9999 -9999 -9999 -9999 -9999 -9999 -9999 -9999 -9999 -9999 -9999 -9999 -9999 -9999 -9999 -9999 -9999 -9999 -9999 -9999
143.104 133.626 -9999 -9999 -9999 123.085 150.405 153.256 -9999 147.945 -9999 153.715 165.812 154.011 -9999 133.574 137.859 129.885 -9999 108.087 105.025 108.431 111.317 103.749 103.349 100.236 93.78 85.684 79.416 71.301 69.561 67.403 58.774 52.875 50.445 51.871 52.164 -9999 49.952 49.745 50.872 50.801 55.445 58.154 61.194 45.149 -9999 -9999 -9999 -9999 -9999 -9999 -9999 -9999 -9999 -9999 -9999 -9999 -9999 -9999 -9999 -9999 -9999 -9999 -9999 -9999 -9999 -9999 -9999 -9999 -9999 -9999 -9999 -9999 -9999
139.356 -9999 -9999 -9999 -9999 134.242 154.771 137.459 -9999 129.735 -9999 137.917 136.626 -9999 147.164 156.328 159.817 138.256 110.968 100.424 91.935 91.902 92.693 92.721 89.751 87.501 87.645 84.64 80.779 73.135 69.458 62.427 63.178 58.434 57.083 59.372 53.572 51.134 51.583 50.85 51.475 54.308 62.899 65.02 67.807 60.359 52.985 47.908 50.543 -9999 -9999 -9999 -9999 -9999 -9999 -9999 -9999 -9999 -9999 -9999 -9999 -9999 -9999 -9999 -9999 -9999 -9999 -9999 -9999 -9999 -9999 -9999 -9999 -9999 -9999
122.734 -9999 -9999 -9999 -9999 133.693 134.271 138.779 138.388 -9999 -9999 116.519 122.182 -9999 137.333 159.102 177.821 147.311 124.65 104.944 94.397 86.619 80.468 78.941 76.667 79.437 84.177 87.885 85.043 83.207 79.691 76.464 72.152 70.597 73.729 66.302 52.408 47.734 53.851 54.881 60.433 72.295 74.931 72.797 70.275 65.467 69.915 56.488 50.553 50.313 -9999 -9999 -9999 -9999 -9999 -9999 -9999 -9999 -9999 -9999 -9999 -9999 -9999 -9999 -9999 -9999 -9999 -9999 -9999 -9999 -9999 -9999 -9999 -9999 -9999
-9999 -9999 -9999 -9999 -9999 116.094 124.205 138.639 125.419 -9999 -9999 115.686 115.067 -9999 -9999 158.096 156.503 139.23 126.869 122.204 108.329 95.244 87.727 85.861 76.137 76.399 85.424 88.474 90.3 92.817 91.1 84.944 84.515 85.054 75.83 63.541 58.952 57.657 55.864 68.542 77.402 78.487 81.021 75.808 68.465 64.777 59.31 53.303 54.118 50.911 -9999 -9999 -9999 -9999 -9999 -9999 -9999 -9999 -9999 -9999 -9999 -9999 -9999 -9999 -9999 -9999 -9999 -9999 -9999 -9999 -9999 -9999 -9999 -9999 -9999
-9999 -9999 -9999 -9999 -9999 106.829 122.422 132.516 -9999 -9999 -9999 -9999 110.409 -9999 114.817 138.941 139.837 128.966 129.92 127.547 121.991 111.647 104.885 94.399 84.262 81.971 82.424 81.904 85.331 90.371 88.111 86.773 86.564 79.443 73.012 71.778 69.624 71.981 71.464 71.006 72.446 71.329 69.954 69.887 66.506 60.431 53.12 50.827 50.315 48.863 49.118 -9999 -9999 -9999 -9999 -9999 -9999 -9999 -9999 -9999 -9999 -9999 -9999 -9999 -9999 -9999 -9999 -9999 -9999 -9999 -9999 -9999 -9999 -9999 -9999
-9999 -9999 -9999 109.793 109.351 113.175 123.827 -9999 -9999 144.519 -9999 -9999 -9999 -9999 110.89 124.067 123.604 121.382 121.158 123.361 127.326 122.656 118.223 108.004 94.618 88.417 76.473 71.387 78.388 78.104 75.223 79.556 75.204 76.945 83.017 77.718 87.393 89.22 80.954 75.667 74.186 70.109 63.065 63.151 64.069 60.269 51.92 50.112 49.972 49.7 45.606 -9999 -9999 -9999 -9999 -9999 -9999 -9999 -9999 -9999 -9999 -9999 -9999 -9999 -9999 -9999 -9999 -9999 -9999 -9999 -9999 -9999 -9999 -9999 -9999
-9999 -9999 -9999 -9999 115.522 120.224 130.968 -9999 138.7 155.541 162.417 -9999 -9999 -9999 -9999 102.367 104.82 106.622 110.131 114.672 118.096 121.444 116.621 110.296 95.76 82.636 71.891 75.976 72.915 69.468 73.553 78.472 77.445 83.691 74.931 82.252 82.864 85.265 86.499 80.098 71.815 63.703 60.89 55.78 55.396 55.644 50.407 48.705 49.323 51.545 48.648 46.689 -9999 -9999 -9999 -9999 -9999 -9999 -9999 -9999 -9999 -9999 -9999 -9999 -9999 -9999 -9999 -9999 -9999 -9999 -9999 -9999 -9999 -9999 -9999
-9999 -9999 -9999 -9999 122.019 131.015 138.398 -9999 121.573 151.116 162.358 -9999 -9999 -9999 -9999 -9999 90.045 93.928 97.587 100.906 108.739 108.184 111.546 109.265 107.326 96.375 86.746 75.94 71.933 71.091 72.753 71.588 74.209 77.916 75.505 75.352 78.728 77.992 70.718 65.064 59.616 63.523 62.675 55.832 54.271 48.457 47.595 45.859 47.402 50.169 53.481 47.992 47.138 -9999 -9999 -9999 -9999 -9999 -9999 -9999 -9999 -9999 -9999 -9999 -9999 -9999 -9999 -9999 -9999 -9999 -9999 -9999 -9999 -9999 -9999
-9999 -9999 -9999 -9999 125.027 140.102 -9999 -9999 109.704 136.645 151.896 128.375 -9999 -9999 -9999 -9999 -9999 83.53 95.451 104.991 106.909 113.705 120.216 118.333 114.298 103.539 92.429 82.1 81.697 77.004 75.869 79.022 88.228 84.839 96.942 83.172 83.581 71.519 77.891 72.185 64.929 61.282 56.101 56.404 52.168 51.055 53.675 54.033 47.175 50.432 48.343 54.988 49.05 47.719 46.069 -9999 -9999 -9999 -9999 -9999 -9999 -9999 -9999 -9999 -9999 -9999 -9999 -9999 -9999 -9999 -9999 -9999 -9999 -9999 -9999
-9999 -9999 -9999 -9999 133.158 119.585 -9999 -9999 115.34 133.148 132.772 -9999 -9999 -9999 -9999 -9999 -9999 82.09 84.861 96.756 98.405 104.788 104.548 107.86 106.798 103.236 100.02 91.691 87.419 88.615 94.683 106.064 97.986 105.67 109.804 100.297 78.979 77.432 67.483 62.14 58.077 52.86 54.774 55.04 54.444 51.008 54.376 54.2 64.197 60.5 53.816 55.981 56.862 50.614 47.01 -9999 -9999 -9999 -9999 -9999 -9999 -9999 -9999 -9999 -9999 -9999 -9999 -9999 -9999 -9999 -9999 -9999 -9999 -9999 -9999
-9999 -9999 -9999 -9999 123.765 106.281 -9999 -9999 -9999 111.474 110.796 105.158 -9999 -9999 -9999 -9999 -9999 77.816 86.422 87.969 90.106 91.565 95.996 106.416 115.531 119.531 107.108 101.875 97.688 90.79 95.392 102.383 104.311 122.654 113.509 95.594 92.101 78.546 69.564 68.173 57.922 58.192 54.341 52.345 56.29 59.919 60.154 69.285 82.946 75.444 63.533 57.684 57.689 56.31 50.963 -9999 -9999 -9999 -9999 -9999 -9999 -9999 -9999 -9999 -9999 -9999 -9999 -9999 -9999 -9999 -9999 -9999 -9999 -9999 -9999
-9999 -9999 -9999 131.825 117.257 106.143 -9999 -9999 -9999 -9999 -9999 -9999 -9999 -9999 -9999 -9999 -9999 87.893 91.241 91.239 90.098 90.7 93.888 102.115 112.873 120.986 115.135 110.904 110.395 104.496 109.667 115.943 127.922 130.843 125.587 118.111 109.278 90.341 82.722 69.153 64.142 56.54 56.089 59.444 58.209 64.63 71.325 85.865 86.919 82.188 62.524 54.402 54.023 54.198 52.969 45.109 -9999 -9999 -9999 -9999 -9999 -9999 -9999 -9999 -9999 -9999 -9999 -9999 -9999 -9999 -9999 -9999 -9999 -9999 -9999
-9999 -9999 131.032 128.891 120.315 108.064 -9999 -9999 -9999 -9999 -9999 -9999 -9999 -9999 -9999 90.953 89.73 93.867 99.338 104.223 105.808 104.256 106.077 105.804 112.248 111.203 115.875 122.502 119.733 124.915 119.705 115.897 117.03 134.896 124.454 124.364 105.926 93.546 79.576 67.727 59.661 63.658 62.077 56.152 58.62 66.608 78.579 77.788 84.059 80.162 63.504 52.44 50.926 55.831 53.287 47.882 -9999 -9999 -9999 -9999 -9999 -9999 -9999 -9999 -9999 -9999 -9999 -9999 -9999 -9999 -9999 -9999 -9999 -9999 -9999
-9999 -9999 126.929 112.28 98.984 -9999 -9999 -9999 -9999 -9999 -9999 -9999 -9999 -9999 -9999 91.1 89.952 98.101 106.252 110.977 112.29 126.393 133.431 128.982 123.008 115.331 108.183 113.435 129.751 130.176 119.402 108.057 112.058 122.864 133.706 119.995 110.309 96.053 85.634 71.19 71.57 70.933 65.368 63.773 73.735 81.233 79.406 74.696 72.632 68.209 61.352 61.753 63.892 58.497 56.126 49.869 -9999 -9999 -9999 -9999 -9999 -9999 -9999 -9999 -9999 -9999 -9999 -9999 -9999 -9999 -9999 -9999 -9999 -9999 -9999
-9999 -9999 -9999 -9999 -9999 -9999 -9999 -9999 -9999 -9999 -9999 -9999 -9999 -9999 -9999 92.787 95.367 107.674 113.33 119.923 123.264 140.422 146.959 158.108 135.693 113.972 108.428 116.676 125.586 143.001 130.509 104.942 107.047 123.536 132.359 121.211 110.779 107.658 93.425 93.554 91.836 85.254 84.381 87.813 89.598 75.247 70.004 68.234 69.16 69.972 59.329 57.227 60.662 58.536 50.885 48.814 -9999 -9999 -9999 -9999 -9999 -9999 -9999 -9999 -9999 -9999 -9999 -9999 -9999 -9999 -9999 -9999 -9999 -9999 -9999
-9999 -9999 -9999 -9999 -9999 -9999 -9999 -9999 -9999 -9999 -9999 -9999 -9999 -9999 95.634 104.673 114.508 120.062 133.449 124.688 127.023 134.291 155.769 147.813 132.911 117.034 109.737 97.878 106.405 116.504 118.333 109.522 101.334 114.29 122.617 116.711 111.959 111.034 111.612 95.779 89.68 90.156 88.613 98.144 82.261 80.946 72.395 61.819 69.984 69.596 67.618 59.006 55.52 53.127 49.77 46.955 -9999 -9999 -9999 -9999 -9999 -9999 -9999 -9999 -9999 -9999 -9999 -9999 -9999 -9999 -9999 -9999 -9999 -9999 -9999
-9999 -9999 -9999 -9999 -9999 -9999 -9999 -9999 -9999 -9999 -9999 -9999 -9999 -9999 104.572 116.578 127.667 146.805 142.58 132.303 133.222 146.386 132.992 131.635 121.474 110.919 105.403 89.712 93.127 108.84 116.695 112.201 94.569 102.95 105.011 104.071 108.582 117.454 98.007 102.014 98.306 90.334 100.955 84.329 84.202 78.75 66.29 68.12 66.936 64.54 69.104 64.052 57.838 56.52 53.434 46.916 -9999 -9999 -9999 -9999 -9999 -9999 -9999 -9999 -9999 -9999 -9999 -9999 -9999 -9999 -9999 -9999 -9999 -9999 -9999
-9999 -9999 -9999 -9999 -9999 -9999 -9999 -9999 -9999 -9999 -9999 -9999 -9999 97.177 113.971 122.487 143.664 149.499 151.815 159.695 159.09 148.538 127.813 118.939 112.741 114.383 111.853 96.639 94.925 103.665 105.706 89.676 88.893 100.426 102.119 103.949 115.117 101.975 101.026 108.5 97.693 99.482 94.785 80.728 76.908 70.997 73.258 71.774 68.257 68.489 65.361 60.438 55.503 55.105 53.774 50.114 47.401 -9999 -9999 -9999 -9999 -9999 -9999 -9999 -9999 -9999 -9999 -9999 -9999 -9999 -9999 -9999 -9999 -9999 -9999
