Validation/Results/raw data/ReClimate_02_2024_1_Precipitation-Actualsweatherlogisticsltd.asc
NCOLS 192
NROWS 249
XLLCENTER -225160.85627316462
YLLCENTER 29788.11610251502
CELLSIZE 5000.0
NODATA_VALUE -9999
[rows 165 to 197 of 249, columns 75 to 149 of 192]
-9999 -9999 -9999 -9999 -9999 -9999 -9999 -9999 -9999 -9999 -9999 -9999 -9999 -9999 -9999 -9999 -9999 -9999 -9999 -9999 -9999 -9999 -9999 -9999 -9999 -9999 -9999 -9999 -9999 -9999 -9999 -9999 -9999 -9999 -9999 -9999 -9999 49.32 49.248 49.179 46.815 55.791 65.762 80.426 86.867 93.118 94.206 89.829 91.971 89.185 89.843 84.543 69.538 55.16 50.809 45.344 41.76 39.922 39.257 37.074 33.985 34.239 35.457 35.929 35.308 34.476 34.43 36.653 37.03 37.615 39.136 38.801 36.65 35.243 -9999
-9999 -9999 -9999 -9999 -9999 -9999 -9999 -9999 -9999 -9999 -9999 -9999 -9999 -9999 -9999 -9999 -9999 -9999 -9999 -9999 -9999 -9999 -9999 -9999 -9999 -9999 -9999 -9999 -9999 -9999 -9999 -9999 -9999 -9999 -9999 -9999 -9999 48.929 49.11 49.965 54.283 60.931 69.04 76.808 82.213 82.538 78.733 79.929 76.082 78.736 88.798 84.828 75.847 64.133 51.71 46.318 44.705 41.746 40.674 40.038 36.716 34.446 34.4 35.672 35.481 34.049 34.256 34.482 37.339 37.701 36.805 37.871 37.693 36.209 34.296
-9999 -9999 -9999 -9999 -9999 -9999 -9999 -9999 -9999 -9999 -9999 -9999 -9999 -9999 -9999 -9999 -9999 -9999 -9999 -9999 -9999 -9999 -9999 -9999 -9999 -9999 -9999 -9999 -9999 -9999 -9999 -9999 -9999 -9999 -9999 -9999 50.424 47.882 49.944 53.838 58.293 60.286 64.227 71.786 70.024 67.628 67.456 69.057 67.728 78.745 91.713 97.282 87.319 76.373 67.833 52.843 44.287 41.099 40.472 40.812 38.011 35.855 34.407 34.497 34.818 33.582 33.559 34.598 35.717 37.057 37.584 37.177 36.902 37.938 35.753
-9999 -9999 -9999 -9999 -9999 -9999 -9999 -9999 -9999 -9999 -9999 -9999 -9999 -9999 -9999 -9999 -9999 -9999 -9999 -9999 -9999 -9999 -9999 -9999 -9999 -9999 -9999 -9999 -9999 -9999 -9999 -9999 -9999 -9999 -9999 -9999 48.632 47.226 49.69 52.162 55.245 59.856 59.748 60.357 56.513 57.981 60.662 60.52 64.983 73.282 83.707 99.292 106.108 94.338 78.798 64.864 51.436 44.646 38.833 37.093 36.721 35.232 33.918 33.071 32.754 32.381 32.644 34.972 36.744 36.444 36.857 37.354 37.74 37.503 37.961
-9999 -9999 -9999 -9999 -9999 -9999 -9999 -9999 -9999 -9999 -9999 -9999 -9999 -9999 -9999 -9999 -9999 -9999 -9999 -9999 -9999 -9999 -9999 -9999 -9999 -9999 -9999 -9999 -9999 -9999 -9999 -9999 -9999 -9999 -9999 -9999 -9999 48.648 48.651 49.166 53.785 53.368 54.452 50.985 50.902 52.336 52.175 53.333 56.818 63.366 73.829 87.065 103.279 106.414 89.216 71.682 59.845 47.357 43.035 37.532 36.673 36.266 34.734 32.34 32.68 32.713 33.044 33.696 35.98 35.81 35.59 37.176 37.491 39.262 40.629
-9999 -9999 -9999 -9999 -9999 -9999 -9999 -9999 -9999 -9999 -9999 -9999 -9999 -9999 -9999 -9999 -9999 77.71 69.57 -9999 -9999 -9999 -9999 -9999 -9999 -9999 -9999 -9999 -9999 -9999 -9999 -9999 -9999 -9999 -9999 -9999 46.764 43.36 47.136 49.889 50.941 51.3 48.047 45.554 46.947 47.728 49.046 51.662 53.779 60.455 74.602 87.669 98.33 98.226 92.645 81.293 62.834 51.645 43.355 41.491 40.386 38.439 35.691 33.779 31.929 33.386 34.999 34.543 34.637 35.127 34.671 35.218 38.134 40.796 43.077
-9999 -9999 -9999 -9999 -9999 -9999 -9999 -9999 -9999 -9999 -9999 -9999 -9999 -9999 -9999 -9999 -9999 74.981 72.323 69.761 -9999 -9999 -9999 -9999 -9999 -9999 -9999 -9999 -9999 -9999 -9999 -9999 -9999 -9999 -9999 42.347 40.84 43.462 48.413 50.296 48.359 47.37 45.119 46.382 45.512 47.353 49.698 48.368 51.174 57.318 66.989 81.707 99.266 98.391 83.878 75.156 65.797 51.149 44.776 39.208 40.947 39.19 35.25 33.835 32.398 33.224 33.893 34.701 34.206 35.825 35.149 35.907 37.066 42.076 42.746
-9999 -9999 -9999 -9999 -9999 -9999 -9999 -9999 -9999 -9999 -9999 -9999 -9999 -9999 -9999 -9999 67.725 71.197 74.841 69.638 66.654 -9999 -9999 -9999 -9999 -9999 -9999 -9999 -9999 -9999 -9999 -9999 49.733 -9999 -9999 40.916 43.537 44.391 44.818 43.456 -9999 46.345 48.721 49.158 47.543 47.372 46.098 47.955 49.621 54.024 66.087 69.98 84.384 84.564 74.763 69.235 60.97 56.004 48.42 41.056 39.245 38.405 35.715 33.177 32.529 32.757 32.799 32.678 32.869 35.852 36.444 34.813 36.549 39.567 43.223
-9999 -9999 -9999 -9999 -9999 -9999 -9999 -9999 -9999 -9999 -9999 -9999 -9999 -9999 -9999 -9999 61.268 67.332 72.082 73.27 69.165 63.626 65.362 -9999 -9999 -9999 64.661 54.246 -9999 48.931 46.418 43.061 50.911 49.166 -9999 -9999 41.622 41.652 -9999 -9999 44.184 45.655 45.552 45.62 45.809 45.338 47.472 48.057 51.87 58.709 75.237 79.494 78.797 71.988 69.163 68.276 60.197 50.318 46.727 42.86 40.983 37.913 36.366 35.012 34.372 35.214 34.159 33.104 33.384 34.284 36.185 34.513 35.369 37.54 40.003
-9999 -9999 -9999 -9999 -9999 -9999 -9999 -9999 -9999 -9999 -9999 -9999 -9999 -9999 -9999 -9999 -9999 64.101 69.256 72.814 70.206 68.577 -9999 -9999 99.433 97.468 70.975 67.466 62.9 59.564 48.945 46.89 44.248 47.126 49.026 -9999 41.663 40.552 41.377 41.582 43.659 45.075 46.674 46.07 44.806 44.555 45.935 50.641 52.214 58.153 78.926 83.81 79.959 70.844 60.086 62.577 58.931 51.899 45.393 41.592 39.904 38.038 37.087 36.468 36.147 36.004 34.715 33.189 33.803 34.589 35.7 35.061 34.762 35.356 36.0
-9999 -9999 -9999 -9999 -9999 -9999 -9999 -9999 -9999 -9999 -9999 -9999 -9999 -9999 -9999 -9999 -9999 62.223 65.969 67.515 72.427 78.465 94.147 107.425 128.336 109.029 88.876 76.481 67.604 63.597 54.755 46.982 49.15 54.965 50.468 49.098 44.064 41.111 39.744 39.95 42.237 46.722 46.912 45.727 44.903 42.962 44.718 47.986 50.068 65.164 81.017 83.952 76.839 75.125 63.713 57.456 60.619 54.794 47.894 43.875 40.985 38.209 38.455 37.504 36.181 35.844 33.783 33.207 35.247 36.238 35.689 34.929 34.047 32.838 33.094
-9999 -9999 -9999 -9999 -9999 -9999 -9999 -9999 -9999 -9999 -9999 -9999 -9999 -9999 -9999 -9999 -9999 -9999 69.546 74.116 83.735 113.316 134.526 159.784 167.616 144.123 113.146 100.011 87.258 78.283 68.304 61.654 56.896 50.414 56.684 49.232 45.839 44.608 40.539 40.314 41.968 44.038 44.303 43.07 41.018 42.214 43.424 44.855 52.336 63.832 72.922 78.908 68.564 71.242 67.18 55.409 56.359 57.002 49.231 46.831 43.767 41.422 40.276 38.897 37.091 35.661 33.803 33.132 31.41 34.491 35.285 33.184 32.664 32.232 33.004
-9999 -9999 -9999 -9999 -9999 -9999 -9999 -9999 -9999 -9999 -9999 -9999 -9999 -9999 -9999 -9999 -9999 -9999 -9999 -9999 106.207 144.891 170.169 209.298 193.271 152.296 114.097 100.726 101.006 90.293 83.675 73.011 62.738 50.828 52.887 58.651 57.532 48.826 40.705 40.443 40.989 42.992 42.668 41.402 40.682 41.283 42.598 45.214 54.097 61.671 62.124 68.711 72.22 71.825 66.294 57.945 54.699 54.375 48.266 46.521 46.426 44.223 41.973 39.034 36.592 35.63 33.203 32.742 32.427 31.069 34.026 33.042 32.018 31.468 31.726
-9999 -9999 -9999 -9999 -9999 -9999 -9999 -9999 -9999 -9999 -9999 -9999 -9999 -9999 -9999 -9999 -9999 -9999 -9999 100.187 138.526 152.557 200.893 237.67 195.51 139.397 112.667 101.708 95.834 83.635 80.49 77.705 59.817 56.118 67.343 68.429 59.907 46.584 43.726 41.767 42.307 43.783 43.41 42.077 40.828 41.257 43.17 49.011 53.078 52.498 59.033 62.042 67.201 71.171 65.469 60.009 56.372 50.819 47.384 45.751 45.582 45.504 41.971 40.27 36.533 34.241 32.496 32.121 31.871 34.142 34.116 33.675 32.443 31.747 31.486
-9999 -9999 -9999 -9999 -9999 -9999 -9999 -9999 -9999 -9999 -9999 -9999 -9999 -9999 -9999 -9999 -9999 -9999 93.158 131.73 128.63 165.18 198.433 193.757 188.678 152.634 131.581 122.605 103.119 82.734 72.654 62.994 61.156 67.467 73.737 69.98 59.185 48.796 42.353 41.68 44.46 44.422 43.073 41.918 41.137 42.537 47.555 49.92 49.121 55.143 54.432 61.205 66.049 61.661 61.082 54.999 54.939 51.099 46.161 47.52 46.534 44.143 41.908 39.569 38.733 33.981 32.228 32.136 32.051 33.11 34.765 33.089 33.133 32.062 31.841
-9999 -9999 -9999 -9999 -9999 -9999 -9999 -9999 -9999 -9999 -9999 -9999 -9999 -9999 -9999 -9999 -9999 84.876 112.033 106.494 122.192 128.382 135.625 141.848 149.013 154.005 146.028 136.288 113.613 82.333 80.66 69.715 71.722 71.414 66.116 64.603 57.266 48.957 43.808 43.391 45.17 44.11 43.319 42.303 43.184 47.485 49.545 49.866 53.459 53.585 54.999 52.091 55.538 57.462 53.012 51.549 50.033 49.701 45.677 42.71 43.95 41.929 39.063 36.038 35.076 32.06 29.588 31.243 32.194 32.723 34.915 32.962 32.783 32.589 31.335
-9999 -9999 -9999 -9999 -9999 -9999 -9999 -9999 -9999 -9999 -9999 -9999 -9999 -9999 -9999 75.193 77.443 82.789 87.465 95.433 91.992 96.909 95.298 107.616 129.539 143.11 145.898 147.18 104.073 90.109 80.103 75.942 84.573 81.325 75.5 66.827 59.857 52.257 45.711 44.9 45.002 44.357 43.849 44.202 46.289 48.239 50.64 50.017 52.201 56.213 56.207 55.872 52.387 49.206 47.892 46.955 46.379 44.766 43.494 41.806 39.379 37.978 35.757 34.616 32.814 31.653 30.947 32.063 33.99 35.231 36.243 34.382 32.41 32.31 31.618
-9999 -9999 -9999 -9999 -9999 -9999 -9999 -9999 -9999 -9999 -9999 -9999 -9999 -9999 76.201 76.518 75.316 76.202 -9999 -9999 -9999 -9999 95.168 112.748 142.329 147.226 149.248 128.698 114.043 113.243 102.941 103.842 114.685 100.703 81.999 69.854 63.674 50.193 46.331 44.9 44.021 44.339 44.293 43.711 45.501 46.071 48.59 47.647 49.552 51.135 50.673 50.463 49.62 46.678 45.259 42.841 41.149 40.661 38.906 39.239 38.247 35.446 34.87 34.72 33.8 33.624 34.086 35.14 35.903 37.445 37.595 35.716 32.371 31.924 31.876
-9999 -9999 -9999 -9999 -9999 -9999 -9999 -9999 -9999 -9999 -9999 -9999 -9999 -9999 76.117 76.2 73.985 -9999 -9999 -9999 -9999 -9999 94.138 120.594 152.74 152.58 150.642 152.678 143.617 135.595 123.378 116.314 110.09 85.054 75.51 68.46 55.87 49.537 45.183 44.848 44.721 45.689 44.681 45.287 45.598 46.328 49.465 47.682 45.937 46.234 45.926 46.299 47.517 47.271 44.787 42.047 39.411 38.823 39.044 36.691 36.314 32.831 31.306 34.816 36.417 37.861 38.841 39.94 39.787 38.164 37.311 35.184 33.413 32.346 33.007
-9999 -9999 -9999 -9999 -9999 -9999 -9999 -9999 -9999 -9999 -9999 -9999 -9999 -9999 -9999 -9999 72.463 -9999 -9999 -9999 -9999 -9999 90.641 117.632 130.182 137.389 145.892 143.082 154.563 143.68 119.407 115.15 96.313 81.652 70.712 59.497 51.37 45.686 46.424 44.507 44.163 43.237 42.311 44.133 41.977 45.999 47.442 44.896 44.812 45.121 45.823 44.701 44.503 45.531 43.946 42.327 42.942 41.506 39.516 37.46 35.481 37.53 33.765 32.804 36.95 38.023 39.44 40.802 41.836 39.249 37.508 35.976 34.294 34.046 34.357
-9999 -9999 -9999 -9999 -9999 -9999 -9999 -9999 -9999 -9999 -9999 -9999 -9999 -9999 -9999 -9999 -9999 -9999 -9999 -9999 -9999 -9999 96.58 100.35 114.3 135.606 142.397 155.519 154.012 147.983 127.546 107.272 87.889 73.673 56.739 53.523 46.309 45.639 43.531 42.809 41.651 40.96 40.821 39.502 41.179 44.607 44.257 44.971 43.764 42.643 49.048 45.668 42.532 42.162 42.561 41.367 42.475 43.2 41.495 41.815 42.443 39.434 37.792 34.023 34.637 38.269 38.253 39.315 39.988 38.733 36.725 35.902 34.741 33.616 34.103
-9999 -9999 -9999 -9999 -9999 -9999 -9999 -9999 -9999 -9999 -9999 -9999 -9999 -9999 -9999 -9999 -9999 -9999 -9999 -9999 -9999 -9999 -9999 111.785 151.572 181.814 168.839 155.013 142.591 127.96 109.323 94.091 76.45 58.357 63.406 59.961 47.372 48.181 46.549 46.79 40.283 40.1 40.121 41.699 44.562 46.947 46.456 45.594 43.526 44.273 47.352 47.159 43.018 40.739 39.492 39.624 41.52 42.599 41.727 45.267 46.779 42.673 38.5 36.59 37.052 38.949 40.82 40.254 40.286 38.805 37.391 35.572 33.483 32.567 33.276
-9999 -9999 -9999 -9999 -9999 -9999 -9999 -9999 -9999 -9999 -9999 -9999 -9999 -9999 -9999 -9999 -9999 -9999 -9999 -9999 -9999 -9999 91.658 115.667 159.608 168.747 156.456 139.422 131.484 118.376 109.633 95.357 72.5 64.749 66.448 54.268 60.43 50.566 46.412 41.235 43.282 40.648 43.737 48.361 48.78 47.79 44.724 45.308 44.115 44.287 45.796 45.353 42.408 40.818 38.941 38.284 37.612 40.968 42.036 42.6 44.811 41.609 38.739 38.64 39.129 41.402 43.513 42.469 40.615 39.176 38.983 36.736 34.959 32.981 32.605
-9999 -9999 -9999 -9999 -9999 -9999 -9999 -9999 -9999 -9999 -9999 -9999 -9999 -9999 -9999 -9999 -9999 -9999 -9999 -9999 -9999 -9999 86.289 109.999 141.17 130.597 123.504 116.51 114.174 115.279 107.282 86.645 69.713 65.754 56.254 50.643 54.029 54.894 50.564 51.97 48.395 47.424 43.685 46.011 46.419 45.214 44.456 45.536 45.733 46.436 45.772 45.367 44.826 42.751 40.554 38.546 38.063 38.866 40.773 41.437 42.449 39.966 37.659 38.519 42.251 41.415 43.196 43.961 40.6 38.905 36.959 35.486 35.123 34.657 30.942
-9999 -9999 -9999 -9999 -9999 -9999 -9999 -9999 -9999 -9999 -9999 -9999 -9999 -9999 -9999 -9999 -9999 -9999 -9999 -9999 -9999 -9999 80.014 96.048 97.274 118.752 109.947 108.405 113.397 113.365 96.344 84.923 68.28 61.744 51.199 51.457 56.018 60.312 62.787 63.64 56.484 51.382 47.201 46.592 47.159 44.188 44.573 44.747 45.642 47.916 47.286 47.365 46.566 43.94 41.081 41.517 40.331 40.22 40.814 39.21 38.754 38.22 38.603 39.369 41.324 42.816 40.891 40.351 38.869 38.496 38.589 34.543 32.381 34.436 33.756
-9999 -9999 -9999 -9999 -9999 -9999 -9999 -9999 -9999 -9999 -9999 -9999 -9999 -9999 -9999 -9999 -9999 -9999 -9999 -9999 -9999 -9999 -9999 80.668 111.039 121.545 134.162 140.591 122.997 103.751 84.047 65.837 60.95 56.658 53.945 51.6 53.844 58.785 64.416 65.184 58.3 49.672 46.245 50.759 48.792 45.128 45.931 44.48 46.343 47.633 46.708 45.504 46.186 44.131 41.386 42.164 43.511 41.479 40.833 40.389 38.001 37.841 38.799 39.467 40.078 39.616 39.786 38.406 37.716 38.981 37.701 36.439 33.829 33.86 34.438
-9999 -9999 -9999 -9999 -9999 -9999 -9999 -9999 -9999 -9999 -9999 -9999 -9999 -9999 -9999 -9999 -9999 -9999 -9999 -9999 -9999 -9999 -9999 88.695 107.742 131.212 163.022 160.695 135.572 106.153 76.289 64.141 63.708 66.659 66.983 65.33 59.224 54.582 61.61 62.372 56.454 59.065 63.394 55.4 51.607 49.051 47.466 45.977 46.111 46.762 48.58 47.424 45.882 44.774 44.958 44.01 43.924 42.723 41.973 42.342 41.889 40.756 40.981 40.054 39.894 40.208 39.893 40.106 38.213 39.575 38.548 36.428 36.176 35.532 34.66
-9999 -9999 -9999 -9999 -9999 -9999 -9999 -9999 -9999 -9999 -9999 -9999 -9999 -9999 -9999 -9999 -9999 -9999 -9999 -9999 -9999 -9999 75.257 78.685 106.009 139.437 156.439 148.971 129.241 100.863 89.761 89.84 81.657 78.514 75.328 65.775 59.324 60.809 62.824 55.911 59.618 64.144 58.224 58.784 53.331 49.202 48.555 44.706 46.196 50.315 51.964 51.255 48.585 46.187 43.505 44.757 44.832 46.313 44.466 43.358 42.166 42.523 42.844 42.717 41.563 42.557 40.681 40.344 39.537 39.864 37.958 36.658 36.566 35.624 35.015
-9999 -9999 -9999 -9999 -9999 -9999 -9999 -9999 -9999 -9999 -9999 -9999 -9999 -9999 -9999 -9999 -9999 -9999 -9999 -9999 -9999 -9999 71.616 86.64 102.648 121.474 142.535 147.971 127.618 107.278 90.885 86.234 88.868 82.859 77.767 73.501 72.798 66.651 57.936 60.534 57.096 57.166 57.903 61.702 50.28 48.953 45.658 42.709 45.579 50.096 56.66 53.381 51.793 47.775 45.209 42.518 43.355 42.091 42.819 40.991 41.192 41.003 43.018 44.339 44.217 43.781 43.12 41.442 38.758 37.8 37.63 36.966 37.785 35.952 35.766
-9999 -9999 -9999 -9999 -9999 -9999 -9999 -9999 -9999 -9999 -9999 -9999 -9999 -9999 -9999 -9999 -9999 -9999 -9999 -9999 -9999 -9999 79.048 85.962 92.32 117.445 137.979 144.066 134.291 106.431 89.023 92.049 86.996 80.279 80.205 81.965 76.101 62.482 61.709 56.669 61.381 53.218 56.958 52.231 48.55 47.364 42.219 42.362 44.149 51.194 51.828 53.35 51.778 49.461 47.116 44.368 42.343 41.572 40.371 40.801 39.417 39.715 40.521 42.982 43.566 42.017 42.584 40.811 40.083 37.109 37.164 36.963 36.314 34.377 33.96
-9999 -9999 -9999 -9999 -9999 -9999 -9999 -9999 -9999 -9999 -9999 -9999 -9999 -9999 -9999 -9999 -9999 -9999 -9999 -9999 -9999 74.262 81.985 88.303 96.137 106.987 125.979 134.262 128.619 102.346 86.995 82.857 76.352 77.748 86.62 79.22 71.609 69.865 59.865 57.309 51.837 49.169 48.753 49.188 49.86 44.129 43.112 43.531 42.88 45.213 48.424 49.78 50.208 48.181 46.292 44.937 42.723 40.363 38.735 39.261 39.905 40.763 42.136 42.47 42.291 40.879 40.219 40.554 37.649 37.555 37.138 37.3 36.93 34.054 32.773
-9999 -9999 -9999 -9999 -9999 -9999 -9999 -9999 -9999 -9999 -9999 -9999 -9999 -9999 -9999 -9999 -9999 -9999 -9999 -9999 75.702 75.498 80.516 82.552 85.074 110.361 129.792 138.338 129.409 110.638 92.699 86.122 76.917 80.153 85.141 73.999 73.732 66.182 57.77 53.243 50.91 49.571 52.679 53.558 52.494 51.205 47.367 42.444 42.103 44.548 45.201 45.95 46.947 46.578 45.041 46.697 43.929 40.378 38.955 39.533 40.265 39.581 41.198 42.895 41.612 39.748 38.56 37.561 37.808 38.959 38.727 37.454 37.839 35.708 33.339
-9999 -9999 -9999 -9999 -9999 -9999 -9999 -9999 -9999 -9999 -9999 -9999 -9999 -9999 -9999 -9999 -9999 -9999 87.776 82.544 80.071 75.905 78.471 82.032 92.424 116.62 134.444 145.751 136.224 112.242 94.357 78.457 76.969 79.803 82.78 75.239 67.383 60.913 54.338 52.464 49.891 51.938 53.027 50.882 52.38 48.746 45.264 44.13 43.874 44.708 44.236 43.882 43.958 43.782 40.759 40.166 41.446 41.273 42.147 43.444 45.735 46.504 43.753 42.283 40.769 40.013 41.179 38.95 37.983 37.205 38.866 37.55 36.484 35.791 34.055
