Validation/Results/raw data/ReClimate_03_2024_2_Temperatureweatherlogisticsltd.asc
NCOLS 192
NROWS 249
XLLCENTER -225160.85627316462
YLLCENTER 29788.11610251502
CELLSIZE 5000.0
NODATA_VALUE -9999
[rows 102 to 135 of 249, columns 75 to 149 of 192]
-0.958 -0.946 -0.949 -0.952 -0.965 -0.979 -9999 -9999 -0.987 -9999 -9999 -1.029 -1.048 -1.073 -1.087 -1.102 -1.125 -1.149 -1.158 -1.166 -1.17 -1.171 -1.164 -1.153 -1.182 -1.215 -1.205 -1.191 -1.187 -1.181 -1.179 -1.175 -1.181 -1.187 -1.193 -1.2 -1.187 -1.169 -1.162 -1.151 -1.15 -1.152 -9999 -9999 -9999 -9999 -9999 -9999 -9999 -9999 -9999 -9999 -9999 -9999 -9999 -9999 -9999 -9999 -9999 -9999 -9999 -9999 -9999 -9999 -9999 -9999 -9999 -9999 -9999 -9999 -9999 -9999 -9999 -9999 -9999
-0.942 -0.947 -0.953 -0.965 -9999 -9999 -9999 -0.97 -0.978 -0.986 -1.001 -1.016 -1.031 -1.039 -1.06 -1.102 -1.121 -1.135 -1.139 -1.134 -1.142 -1.159 -1.154 -1.149 -1.166 -1.167 -1.161 -1.163 -1.165 -1.174 -1.168 -1.149 -1.154 -1.157 -1.161 -1.161 -1.155 -9999 -9999 -1.149 -9999 -9999 -9999 -9999 -9999 -9999 -9999 -9999 -9999 -9999 -9999 -9999 -9999 -9999 -9999 -9999 -9999 -9999 -9999 -9999 -9999 -9999 -9999 -9999 -9999 -9999 -9999 -9999 -9999 -9999 -9999 -9999 -9999 -9999 -9999
-0.938 -0.944 -9999 -0.966 -9999 -9999 -9999 -0.96 -0.968 -0.975 -0.989 -1.004 -1.012 -1.02 -1.053 -1.091 -1.103 -1.116 -1.114 -1.109 -1.125 -1.141 -1.139 -1.135 -1.136 -1.136 -1.139 -1.141 -1.15 -1.16 -1.146 -1.128 -1.131 -1.134 -1.134 -1.133 -9999 -1.149 -1.143 -1.135 -1.126 -9999 -9999 -9999 -9999 -9999 -9999 -9999 -9999 -9999 -9999 -9999 -9999 -9999 -9999 -9999 -9999 -9999 -9999 -9999 -9999 -9999 -9999 -9999 -9999 -9999 -9999 -9999 -9999 -9999 -9999 -9999 -9999 -9999 -9999
-0.93 -9999 -9999 -9999 -9999 -0.951 -0.946 -0.951 -0.959 -0.973 -0.987 -1.001 -1.013 -1.029 -1.054 -1.065 -1.07 -1.069 -1.075 -1.102 -1.112 -1.111 -1.114 -1.12 -1.121 -1.117 -1.118 -1.113 -1.119 -1.12 -1.11 -1.103 -1.106 -1.11 -9999 -1.118 -1.123 -1.127 -1.116 -1.096 -1.112 -9999 -9999 -9999 -9999 -9999 -9999 -9999 -9999 -9999 -9999 -9999 -9999 -9999 -9999 -9999 -9999 -9999 -9999 -9999 -9999 -9999 -9999 -9999 -9999 -9999 -9999 -9999 -9999 -9999 -9999 -9999 -9999 -9999 -9999
-9999 -9999 -9999 -9999 -9999 -0.94 -0.942 -0.942 -0.951 -0.965 -0.978 -0.991 -1.007 -1.024 -1.036 -1.046 -1.046 -1.044 -1.065 -1.089 -1.089 -1.087 -1.095 -1.102 -1.101 -1.098 -1.095 -1.09 -1.092 -1.094 -1.089 -1.082 -1.086 -1.089 -1.095 -1.101 -1.104 -1.108 -1.094 -1.077 -1.083 -1.093 -9999 -9999 -9999 -9999 -9999 -9999 -9999 -9999 -9999 -9999 -9999 -9999 -9999 -9999 -9999 -9999 -9999 -9999 -9999 -9999 -9999 -9999 -9999 -9999 -9999 -9999 -9999 -9999 -9999 -9999 -9999 -9999 -9999
-9999 -9999 -9999 -9999 -0.93 -9999 -9999 -0.926 -0.935 -0.955 -0.966 -0.974 -9999 -9999 -1.001 -1.012 -1.016 -1.024 -1.045 -1.067 -1.064 -1.054 -1.053 -1.042 -1.047 -1.069 -1.068 -1.071 -1.074 -1.077 -1.078 -1.085 -1.089 -1.089 -1.095 -1.098 -1.096 -1.082 -1.077 -1.084 -1.087 -1.083 -1.086 -9999 -9999 -9999 -9999 -9999 -9999 -9999 -9999 -9999 -9999 -9999 -9999 -9999 -9999 -9999 -9999 -9999 -9999 -9999 -9999 -9999 -9999 -9999 -9999 -9999 -9999 -9999 -9999 -9999 -9999 -9999 -9999
-9999 -9999 -9999 -9999 -0.918 -9999 -0.914 -0.916 -0.928 -0.944 -0.951 -0.959 -0.965 -0.971 -0.98 -0.99 -1.0 -1.009 -1.03 -1.052 -1.045 -1.035 -1.026 -1.014 -1.032 -1.053 -1.055 -1.057 -1.061 -1.065 -1.073 -1.081 -1.083 -1.084 -1.088 -1.091 -1.08 -1.067 -1.074 -1.082 -1.078 -1.074 -9999 -9999 -9999 -9999 -9999 -9999 -9999 -9999 -9999 -9999 -9999 -9999 -9999 -9999 -9999 -9999 -9999 -9999 -9999 -9999 -9999 -9999 -9999 -9999 -9999 -9999 -9999 -9999 -9999 -9999 -9999 -9999 -9999
-9999 -9999 -9999 -9999 -0.906 -9999 -0.902 -0.897 -0.906 -0.92 -0.926 -9999 -0.948 -0.951 -9999 -0.976 -0.983 -0.986 -1.006 -1.027 -1.024 -1.023 -1.023 -1.037 -1.042 -1.022 -1.026 -1.036 -1.036 -1.031 -1.04 -1.057 -1.057 -1.053 -1.057 -1.063 -1.055 -1.054 -9999 -9999 -9999 -9999 -9999 -9999 -9999 -9999 -9999 -9999 -9999 -9999 -9999 -9999 -9999 -9999 -9999 -9999 -9999 -9999 -9999 -9999 -9999 -9999 -9999 -9999 -9999 -9999 -9999 -9999 -9999 -9999 -9999 -9999 -9999 -9999 -9999
-9999 -9999 -0.897 -0.896 -9999 -9999 -0.891 -0.886 -0.895 -0.906 -0.915 -0.928 -0.933 -0.935 -9999 -0.963 -0.966 -0.969 -0.988 -1.008 -1.011 -1.012 -1.025 -1.04 -1.024 -1.004 -1.013 -1.023 -1.019 -1.013 -1.026 -1.042 -1.04 -1.036 -1.041 -1.046 -1.041 -9999 -9999 -9999 -9999 -9999 -9999 -9999 -9999 -9999 -9999 -9999 -9999 -9999 -9999 -9999 -9999 -9999 -9999 -9999 -9999 -9999 -9999 -9999 -9999 -9999 -9999 -9999 -9999 -9999 -9999 -9999 -9999 -9999 -9999 -9999 -9999 -9999 -9999
-9999 -0.898 -0.894 -0.893 -9999 -0.89 -0.889 -0.869 -0.883 -9999 -0.908 -0.91 -0.915 -0.93 -9999 -0.941 -0.948 -0.961 -0.979 -0.999 -1.002 -1.003 -1.014 -1.019 -1.014 -1.023 -1.025 -1.012 -9999 -1.019 -1.028 -1.028 -1.023 -1.012 -1.016 -1.021 -9999 -9999 -9999 -9999 -9999 -9999 -9999 -9999 -9999 -9999 -9999 -9999 -9999 -9999 -9999 -9999 -9999 -9999 -9999 -9999 -9999 -9999 -9999 -9999 -9999 -9999 -9999 -9999 -9999 -9999 -9999 -9999 -9999 -9999 -9999 -9999 -9999 -9999 -9999
-9999 -0.896 -0.895 -9999 -9999 -0.889 -0.876 -0.866 -9999 -0.901 -0.899 -0.898 -0.908 -0.92 -9999 -0.925 -0.938 -0.95 -0.968 -0.987 -0.99 -0.992 -0.999 -1.005 -1.014 -1.024 -1.015 -1.003 -1.01 -1.017 -9999 -9999 -1.009 -0.998 -9999 -9999 -9999 -9999 -9999 -9999 -1.027 -1.023 -1.019 -9999 -9999 -9999 -9999 -9999 -9999 -9999 -9999 -9999 -9999 -9999 -9999 -9999 -9999 -9999 -9999 -9999 -9999 -9999 -9999 -9999 -9999 -9999 -9999 -9999 -9999 -9999 -9999 -9999 -9999 -9999 -9999
-0.893 -0.885 -9999 -9999 -0.88 -0.88 -0.872 -0.877 -9999 -0.887 -0.891 -0.905 -0.908 -0.906 -9999 -9999 -9999 -0.946 -0.959 -0.967 -0.971 -0.978 -0.985 -0.992 -0.994 -0.986 -0.989 -1.013 -1.019 -1.02 -1.02 -1.012 -1.006 -0.997 -9999 -9999 -9999 -9999 -9999 -1.025 -1.018 -1.037 -1.032 -1.018 -9999 -9999 -9999 -9999 -9999 -9999 -9999 -9999 -9999 -9999 -9999 -9999 -9999 -9999 -9999 -9999 -9999 -9999 -9999 -9999 -9999 -9999 -9999 -9999 -9999 -9999 -9999 -9999 -9999 -9999 -9999
-0.883 -0.876 -9999 -9999 -9999 -0.871 -0.875 -0.879 -9999 -0.879 -9999 -0.904 -0.901 -0.897 -9999 -0.898 -0.916 -0.936 -9999 -0.951 -0.958 -0.964 -0.973 -0.98 -0.975 -0.966 -0.987 -1.012 -1.014 -1.016 -1.012 -1.006 -1.003 -0.997 -1.001 -1.007 -1.012 -9999 -1.019 -1.016 -1.029 -1.043 -1.03 -1.012 -1.001 -0.989 -9999 -9999 -9999 -9999 -9999 -9999 -9999 -9999 -9999 -9999 -9999 -9999 -9999 -9999 -9999 -9999 -9999 -9999 -9999 -9999 -9999 -9999 -9999 -9999 -9999 -9999 -9999 -9999 -9999
-0.86 -9999 -9999 -9999 -9999 -0.86 -0.86 -0.857 -9999 -0.879 -9999 -0.877 -0.88 -9999 -0.897 -0.901 -0.911 -0.914 -0.921 -0.926 -0.936 -0.952 -0.963 -0.976 -0.978 -0.985 -0.998 -0.997 -0.998 -0.995 -0.993 -0.994 -0.996 -1.007 -1.01 -1.008 -1.017 -1.035 -1.036 -1.037 -1.041 -1.03 -1.019 -1.015 -1.003 -0.987 -0.963 -0.94 -0.919 -9999 -9999 -9999 -9999 -9999 -9999 -9999 -9999 -9999 -9999 -9999 -9999 -9999 -9999 -9999 -9999 -9999 -9999 -9999 -9999 -9999 -9999 -9999 -9999 -9999 -9999
-0.856 -9999 -9999 -9999 -9999 -0.851 -0.849 -0.846 -0.859 -9999 -9999 -0.864 -0.877 -9999 -0.889 -0.9 -0.9 -0.901 -0.904 -0.909 -0.924 -0.94 -0.954 -0.967 -0.977 -0.986 -0.987 -0.99 -0.99 -0.988 -0.989 -0.99 -1.0 -1.011 -1.011 -1.009 -1.024 -1.041 -1.043 -1.039 -1.029 -1.017 -1.013 -1.008 -0.995 -0.979 -0.96 -0.936 -0.908 -0.91 -9999 -9999 -9999 -9999 -9999 -9999 -9999 -9999 -9999 -9999 -9999 -9999 -9999 -9999 -9999 -9999 -9999 -9999 -9999 -9999 -9999 -9999 -9999 -9999 -9999
-9999 -9999 -9999 -9999 -9999 -0.837 -0.834 -0.835 -0.849 -9999 -9999 -0.859 -0.87 -9999 -9999 -0.895 -0.894 -0.889 -0.893 -0.9 -0.909 -0.915 -0.929 -0.95 -0.957 -0.96 -0.971 -0.993 -0.997 -1.006 -1.008 -1.003 -1.01 -1.012 -1.014 -1.017 -1.027 -1.027 -1.024 -1.025 -1.015 -1.004 -1.0 -0.996 -0.983 -0.968 -0.949 -0.928 -0.913 -0.904 -9999 -9999 -9999 -9999 -9999 -9999 -9999 -9999 -9999 -9999 -9999 -9999 -9999 -9999 -9999 -9999 -9999 -9999 -9999 -9999 -9999 -9999 -9999 -9999 -9999
-9999 -9999 -9999 -9999 -9999 -0.826 -0.827 -0.828 -9999 -9999 -9999 -9999 -0.861 -9999 -0.878 -0.891 -0.888 -0.884 -0.889 -0.895 -0.898 -0.9 -0.916 -0.938 -0.946 -0.951 -0.972 -0.993 -1.003 -1.013 -1.012 -1.008 -1.011 -1.012 -1.017 -1.02 -1.019 -1.014 -1.013 -1.014 -1.004 -0.992 -0.988 -0.985 -0.971 -0.957 -0.942 -0.927 -0.919 -0.911 -0.884 -9999 -9999 -9999 -9999 -9999 -9999 -9999 -9999 -9999 -9999 -9999 -9999 -9999 -9999 -9999 -9999 -9999 -9999 -9999 -9999 -9999 -9999 -9999 -9999
-9999 -9999 -9999 -0.833 -0.827 -0.823 -0.822 -9999 -9999 -0.843 -9999 -9999 -9999 -9999 -0.882 -0.897 -0.896 -0.892 -0.897 -0.9 -0.907 -0.921 -0.933 -0.932 -0.94 -0.948 -0.967 -0.982 -0.994 -1.012 -1.01 -1.005 -1.009 -1.016 -1.017 -1.006 -1.003 -1.005 -1.004 -1.005 -0.996 -0.987 -0.983 -0.977 -0.968 -0.963 -0.949 -0.929 -0.916 -0.893 -0.889 -9999 -9999 -9999 -9999 -9999 -9999 -9999 -9999 -9999 -9999 -9999 -9999 -9999 -9999 -9999 -9999 -9999 -9999 -9999 -9999 -9999 -9999 -9999 -9999
-9999 -9999 -9999 -9999 -0.821 -0.817 -0.814 -9999 -0.821 -0.835 -0.84 -9999 -9999 -9999 -9999 -0.897 -0.896 -0.894 -0.897 -0.901 -0.914 -0.934 -0.936 -0.935 -0.944 -0.953 -0.967 -0.98 -0.995 -1.011 -1.009 -1.004 -1.011 -1.017 -1.009 -0.994 -0.995 -0.996 -0.997 -0.998 -0.992 -0.985 -0.981 -0.976 -0.971 -0.966 -0.949 -0.93 -0.91 -0.887 -0.876 -0.846 -9999 -9999 -9999 -9999 -9999 -9999 -9999 -9999 -9999 -9999 -9999 -9999 -9999 -9999 -9999 -9999 -9999 -9999 -9999 -9999 -9999 -9999 -9999
-9999 -9999 -9999 -9999 -0.823 -0.818 -0.817 -9999 -0.831 -0.85 -0.854 -9999 -9999 -9999 -9999 -9999 -0.881 -0.872 -0.879 -0.896 -0.906 -0.904 -0.914 -0.939 -0.953 -0.974 -0.988 -0.998 -1.01 -1.017 -1.016 -1.015 -1.021 -1.02 -1.01 -1.001 -0.998 -0.989 -0.989 -0.99 -0.987 -0.99 -0.986 -0.982 -0.975 -0.963 -0.947 -0.93 -0.912 -0.895 -0.871 -0.845 -0.801 -9999 -9999 -9999 -9999 -9999 -9999 -9999 -9999 -9999 -9999 -9999 -9999 -9999 -9999 -9999 -9999 -9999 -9999 -9999 -9999 -9999 -9999
-9999 -9999 -9999 -9999 -0.811 -0.813 -9999 -9999 -0.824 -0.852 -0.851 -0.846 -9999 -9999 -9999 -9999 -9999 -0.862 -0.877 -0.899 -0.9 -0.897 -0.92 -0.945 -0.966 -0.988 -1.0 -1.012 -1.019 -1.026 -1.027 -1.026 -1.028 -1.022 -1.014 -1.006 -0.998 -0.988 -0.988 -0.989 -0.99 -0.993 -0.989 -0.985 -0.974 -0.961 -0.947 -0.93 -0.915 -0.899 -0.873 -0.831 -0.796 -0.755 -0.708 -9999 -9999 -9999 -9999 -9999 -9999 -9999 -9999 -9999 -9999 -9999 -9999 -9999 -9999 -9999 -9999 -9999 -9999 -9999 -9999
-9999 -9999 -9999 -9999 -0.8 -0.807 -9999 -9999 -0.807 -0.818 -0.821 -9999 -9999 -9999 -9999 -9999 -9999 -0.845 -0.871 -0.91 -0.915 -0.924 -0.945 -0.958 -0.983 -1.015 -1.029 -1.038 -1.043 -1.039 -1.041 -1.04 -1.035 -1.028 -1.022 -1.018 -1.015 -1.018 -1.014 -1.002 -1.0 -0.991 -0.987 -0.985 -0.972 -0.953 -0.94 -0.929 -0.917 -0.903 -0.848 -0.793 -0.757 -0.72 -0.689 -9999 -9999 -9999 -9999 -9999 -9999 -9999 -9999 -9999 -9999 -9999 -9999 -9999 -9999 -9999 -9999 -9999 -9999 -9999 -9999
-9999 -9999 -9999 -9999 -0.793 -0.799 -9999 -9999 -9999 -0.803 -0.811 -0.824 -9999 -9999 -9999 -9999 -9999 -0.844 -0.879 -0.917 -0.929 -0.94 -0.954 -0.968 -0.998 -1.03 -1.043 -1.053 -1.053 -1.05 -1.052 -1.045 -1.038 -1.031 -1.027 -1.024 -1.026 -1.03 -1.02 -1.008 -1.0 -0.991 -0.988 -0.985 -0.969 -0.95 -0.94 -0.929 -0.915 -0.886 -0.825 -0.759 -0.723 -0.688 -0.658 -9999 -9999 -9999 -9999 -9999 -9999 -9999 -9999 -9999 -9999 -9999 -9999 -9999 -9999 -9999 -9999 -9999 -9999 -9999 -9999
-9999 -9999 -9999 -0.776 -0.78 -0.791 -9999 -9999 -9999 -9999 -9999 -9999 -9999 -9999 -9999 -9999 -9999 -0.869 -0.902 -0.933 -0.945 -0.954 -0.97 -0.986 -1.011 -1.031 -1.043 -1.05 -1.054 -1.062 -1.063 -1.063 -1.055 -1.045 -1.041 -1.035 -1.033 -1.021 -1.014 -1.011 -1.003 -0.992 -0.987 -0.978 -0.961 -0.943 -0.93 -0.908 -0.878 -0.846 -0.803 -0.748 -0.708 -0.671 -0.632 -0.621 -9999 -9999 -9999 -9999 -9999 -9999 -9999 -9999 -9999 -9999 -9999 -9999 -9999 -9999 -9999 -9999 -9999 -9999 -9999
-9999 -9999 -0.764 -0.765 -0.772 -0.783 -9999 -9999 -9999 -9999 -9999 -9999 -9999 -9999 -9999 -0.851 -0.862 -0.883 -0.912 -0.943 -0.954 -0.964 -0.981 -0.998 -1.017 -1.037 -1.047 -1.055 -1.065 -1.07 -1.071 -1.071 -1.062 -1.052 -1.046 -1.041 -1.031 -1.019 -1.016 -1.013 -1.004 -0.994 -0.985 -0.975 -0.959 -0.941 -0.921 -0.881 -0.848 -0.815 -0.773 -0.73 -0.691 -0.652 -0.614 -0.6 -9999 -9999 -9999 -9999 -9999 -9999 -9999 -9999 -9999 -9999 -9999 -9999 -9999 -9999 -9999 -9999 -9999 -9999 -9999
-9999 -9999 -0.757 -0.759 -0.767 -9999 -9999 -9999 -9999 -9999 -9999 -9999 -9999 -9999 -9999 -0.845 -0.868 -0.907 -0.931 -0.947 -0.967 -1.002 -1.022 -1.039 -1.053 -1.052 -1.059 -1.059 -1.074 -1.093 -1.082 -1.054 -1.049 -1.051 -1.043 -1.031 -1.023 -1.02 -1.018 -1.015 -1.007 -1.001 -0.988 -0.966 -0.957 -0.956 -0.919 -0.869 -0.835 -0.799 -0.752 -0.693 -0.651 -0.61 -0.572 -0.569 -9999 -9999 -9999 -9999 -9999 -9999 -9999 -9999 -9999 -9999 -9999 -9999 -9999 -9999 -9999 -9999 -9999 -9999 -9999
-9999 -9999 -9999 -9999 -9999 -9999 -9999 -9999 -9999 -9999 -9999 -9999 -9999 -9999 -9999 -0.852 -0.885 -0.92 -0.937 -0.952 -0.986 -1.022 -1.041 -1.06 -1.064 -1.063 -1.066 -1.067 -1.089 -1.103 -1.078 -1.05 -1.051 -1.053 -1.041 -1.029 -1.026 -1.023 -1.02 -1.017 -1.012 -1.006 -0.986 -0.964 -0.963 -0.949 -0.902 -0.853 -0.816 -0.781 -0.727 -0.669 -0.627 -0.584 -0.547 -0.54 -9999 -9999 -9999 -9999 -9999 -9999 -9999 -9999 -9999 -9999 -9999 -9999 -9999 -9999 -9999 -9999 -9999 -9999 -9999
-9999 -9999 -9999 -9999 -9999 -9999 -9999 -9999 -9999 -9999 -9999 -9999 -9999 -9999 -0.84 -0.863 -0.899 -0.94 -0.955 -0.962 -0.988 -1.007 -1.029 -1.059 -1.063 -1.068 -1.073 -1.077 -1.089 -1.084 -1.066 -1.06 -1.057 -1.051 -1.046 -1.053 -1.047 -1.033 -1.03 -1.027 -1.014 -0.987 -0.977 -0.982 -0.963 -0.911 -0.87 -0.841 -0.804 -0.764 -0.713 -0.658 -0.621 -0.582 -0.549 -0.509 -9999 -9999 -9999 -9999 -9999 -9999 -9999 -9999 -9999 -9999 -9999 -9999 -9999 -9999 -9999 -9999 -9999 -9999 -9999
-9999 -9999 -9999 -9999 -9999 -9999 -9999 -9999 -9999 -9999 -9999 -9999 -9999 -9999 -0.848 -0.871 -0.909 -0.951 -0.962 -0.97 -0.988 -1.006 -1.034 -1.063 -1.071 -1.076 -1.084 -1.087 -1.087 -1.08 -1.073 -1.067 -1.06 -1.053 -1.058 -1.065 -1.053 -1.039 -1.036 -1.033 -1.01 -0.982 -0.986 -0.986 -0.938 -0.886 -0.855 -0.826 -0.787 -0.748 -0.697 -0.644 -0.607 -0.572 -0.539 -0.514 -9999 -9999 -9999 -9999 -9999 -9999 -9999 -9999 -9999 -9999 -9999 -9999 -9999 -9999 -9999 -9999 -9999 -9999 -9999
-9999 -9999 -9999 -9999 -9999 -9999 -9999 -9999 -9999 -9999 -9999 -9999 -9999 -0.83 -0.855 -0.883 -0.92 -0.956 -0.977 -1.01 -1.026 -1.031 -1.052 -1.061 -1.073 -1.092 -1.099 -1.096 -1.095 -1.093 -1.084 -1.071 -1.067 -1.07 -1.066 -1.047 -1.038 -1.035 -1.032 -1.032 -1.019 -1.02 -1.011 -0.962 -0.915 -0.873 -0.842 -0.816 -0.773 -0.723 -0.684 -0.638 -0.592 -0.554 -0.517 -0.495 -0.468 -9999 -9999 -9999 -9999 -9999 -9999 -9999 -9999 -9999 -9999 -9999 -9999 -9999 -9999 -9999 -9999 -9999 -9999
-9999 -9999 -9999 -9999 -9999 -9999 -9999 -9999 -9999 -9999 -9999 -9999 -0.822 -0.836 -0.864 -0.892 -0.927 -0.963 -0.996 -1.031 -1.04 -1.045 -1.056 -1.066 -1.085 -1.104 -1.11 -1.105 -1.105 -1.103 -1.09 -1.077 -1.078 -1.08 -1.063 -1.044 -1.04 -1.037 -1.036 -1.035 -1.036 -1.037 -1.002 -0.944 -0.902 -0.859 -0.83 -0.803 -0.754 -0.704 -0.664 -0.626 -0.583 -0.541 -0.508 -0.474 -0.456 -9999 -9999 -9999 -9999 -9999 -9999 -9999 -9999 -9999 -9999 -9999 -9999 -9999 -9999 -9999 -9999 -9999 -9999
-9999 -9999 -9999 -9999 -9999 -9999 -9999 -9999 -9999 -9999 -9999 -9999 -0.823 -0.843 -0.872 -0.904 -0.934 -0.955 -0.988 -1.025 -1.041 -1.066 -1.076 -1.077 -1.1 -1.128 -1.134 -1.126 -1.128 -1.133 -1.119 -1.099 -1.094 -1.079 -1.067 -1.061 -1.056 -1.048 -1.043 -1.029 -1.027 -1.017 -0.975 -0.937 -0.894 -0.849 -0.816 -0.782 -0.736 -0.693 -0.644 -0.601 -0.568 -0.533 -0.514 -0.491 -0.451 -9999 -9999 -9999 -9999 -9999 -9999 -9999 -9999 -9999 -9999 -9999 -9999 -9999 -9999 -9999 -9999 -9999 -9999
-9999 -9999 -9999 -9999 -9999 -9999 -9999 -9999 -9999 -9999 -9999 -0.814 -0.831 -0.849 -0.881 -0.913 -0.936 -0.958 -0.992 -1.027 -1.054 -1.08 -1.085 -1.088 -1.115 -1.144 -1.149 -1.139 -1.143 -1.147 -1.13 -1.111 -1.097 -1.083 -1.077 -1.073 -1.065 -1.057 -1.045 -1.032 -1.024 -1.005 -0.964 -0.923 -0.877 -0.832 -0.796 -0.763 -0.722 -0.681 -0.632 -0.585 -0.554 -0.525 -0.507 -0.492 -0.454 -0.414 -9999 -9999 -9999 -9999 -9999 -9999 -9999 -9999 -9999 -9999 -9999 -9999 -9999 -9999 -9999 -9999 -9999
-9999 -9999 -9999 -9999 -9999 -9999 -9999 -9999 -9999 -9999 -0.797 -9999 -0.829 -0.86 -0.891 -0.922 -0.948 -0.972 -1.004 -1.028 -1.053 -1.076 -1.085 -1.096 -1.121 -1.143 -1.145 -1.133 -1.138 -1.152 -1.135 -1.118 -1.104 -1.089 -1.082 -1.074 -1.068 -1.065 -1.056 -1.05 -1.037 -1.003 -0.956 -0.903 -0.863 -0.837 -0.803 -0.769 -0.72 -0.653 -0.623 -0.587 -0.546 -0.512 -0.482 -0.459 -0.428 -0.406 -9999 -9999 -9999 -9999 -9999 -9999 -9999 -9999 -9999 -9999 -9999 -9999 -9999 -9999 -9999 -9999 -9999
