Validation/Results/raw data/ReClimate_09_2024_1weatherlogisticsltd.asc
NCOLS 192
NROWS 249
XLLCENTER -225160.85627316462
YLLCENTER 29788.11610251502
CELLSIZE 5000.0
NODATA_VALUE -9999
[rows 66 to 98 of 249, columns 74 to 147 of 192]
-9999 -9999 -9999 -9999 -9999 -9999 -9999 -9999 -9999 -9999 -9999 100.227 -9999 100.378 100.194 100.412 100.257 100.316 100.245 100.486 101.151 101.519 101.661 101.303 101.061 101.162 101.244 101.312 101.58 101.618 101.5 101.684 -9999 -9999 -9999 -9999 -9999 -9999 -9999 -9999 -9999 -9999 -9999 -9999 -9999 -9999 -9999 -9999 -9999 -9999 -9999 -9999 -9999 -9999 -9999 -9999 -9999 -9999 -9999 -9999 -9999 -9999 -9999 -9999 -9999 -9999 -9999 -9999 -9999 -9999 -9999 -9999 -9999 -9999
-9999 -9999 -9999 -9999 -9999 -9999 -9999 -9999 -9999 -9999 -9999 -9999 100.517 100.413 100.49 100.451 100.578 100.734 101.249 101.646 101.8 101.685 101.17 101.043 101.124 101.186 101.258 101.366 101.173 101.103 -9999 -9999 -9999 -9999 -9999 -9999 -9999 -9999 -9999 -9999 -9999 -9999 -9999 -9999 -9999 -9999 -9999 -9999 -9999 -9999 -9999 -9999 -9999 -9999 -9999 -9999 -9999 -9999 -9999 -9999 -9999 -9999 -9999 -9999 -9999 -9999 -9999 -9999 -9999 -9999 -9999 -9999 -9999 -9999
-9999 -9999 -9999 -9999 -9999 -9999 -9999 -9999 -9999 -9999 -9999 -9999 100.439 100.607 100.773 100.711 100.292 100.723 101.286 101.402 101.495 101.205 101.096 101.149 101.225 101.225 101.137 101.039 101.003 101.006 -9999 -9999 -9999 -9999 -9999 -9999 -9999 -9999 -9999 -9999 -9999 -9999 -9999 -9999 -9999 -9999 -9999 -9999 -9999 -9999 -9999 -9999 -9999 -9999 -9999 -9999 -9999 -9999 -9999 -9999 -9999 -9999 -9999 -9999 -9999 -9999 -9999 -9999 -9999 -9999 -9999 -9999 -9999 -9999
-9999 -9999 -9999 -9999 -9999 -9999 -9999 -9999 -9999 -9999 -9999 -9999 -9999 -9999 100.994 100.7 100.425 100.864 101.263 101.205 100.941 101.155 101.782 101.717 101.572 101.438 101.198 101.075 -9999 -9999 -9999 -9999 -9999 -9999 -9999 -9999 -9999 -9999 -9999 -9999 -9999 -9999 -9999 -9999 -9999 -9999 -9999 -9999 -9999 -9999 -9999 -9999 -9999 -9999 -9999 -9999 -9999 -9999 -9999 -9999 -9999 -9999 -9999 -9999 -9999 -9999 -9999 -9999 -9999 -9999 -9999 -9999 -9999 -9999
-9999 -9999 -9999 -9999 -9999 -9999 -9999 -9999 99.666 -9999 -9999 100.399 100.417 100.601 100.715 100.604 100.925 101.322 101.822 101.607 101.416 101.748 101.711 101.487 101.106 101.091 101.275 101.135 -9999 -9999 -9999 -9999 -9999 -9999 -9999 -9999 -9999 -9999 -9999 -9999 -9999 -9999 -9999 -9999 -9999 -9999 -9999 -9999 -9999 -9999 -9999 -9999 -9999 -9999 -9999 -9999 -9999 -9999 -9999 -9999 -9999 -9999 -9999 -9999 -9999 -9999 -9999 -9999 -9999 -9999 -9999 -9999 -9999 -9999
-9999 -9999 -9999 -9999 -9999 -9999 99.346 99.59 99.968 99.902 99.49 99.229 98.413 98.747 99.573 100.026 100.507 100.802 100.906 100.948 101.318 101.156 100.767 100.784 101.159 101.237 101.083 101.027 -9999 -9999 -9999 -9999 -9999 -9999 -9999 -9999 -9999 -9999 -9999 -9999 -9999 -9999 -9999 -9999 -9999 -9999 -9999 -9999 -9999 -9999 -9999 -9999 -9999 -9999 -9999 -9999 -9999 -9999 -9999 -9999 -9999 -9999 -9999 -9999 -9999 -9999 -9999 -9999 -9999 -9999 -9999 -9999 -9999 -9999
-9999 -9999 -9999 -9999 -9999 -9999 99.649 100.146 -9999 100.249 100.273 99.686 99.174 99.843 100.65 100.874 100.801 101.016 101.446 101.613 101.547 101.445 101.752 101.924 101.899 101.472 101.032 -9999 101.039 -9999 -9999 -9999 -9999 -9999 -9999 -9999 -9999 -9999 -9999 -9999 -9999 -9999 -9999 -9999 -9999 -9999 -9999 -9999 -9999 -9999 -9999 -9999 -9999 -9999 -9999 -9999 -9999 -9999 -9999 -9999 -9999 -9999 -9999 -9999 -9999 -9999 -9999 -9999 -9999 -9999 -9999 -9999 -9999 -9999
-9999 -9999 -9999 -9999 -9999 -9999 -9999 100.527 100.264 100.164 99.838 99.476 99.125 99.908 100.866 100.867 100.93 101.475 102.3 102.147 101.944 102.126 102.191 101.982 101.261 101.037 101.041 101.045 101.048 -9999 -9999 -9999 -9999 -9999 -9999 -9999 -9999 -9999 -9999 -9999 -9999 -9999 -9999 -9999 -9999 -9999 -9999 -9999 -9999 -9999 -9999 -9999 -9999 -9999 -9999 -9999 -9999 -9999 -9999 -9999 -9999 -9999 -9999 -9999 -9999 -9999 -9999 -9999 -9999 -9999 -9999 -9999 -9999 -9999
98.893 -9999 -9999 -9999 -9999 -9999 -9999 -9999 100.335 100.034 99.669 99.678 100.467 101.015 101.162 101.277 101.483 101.77 101.335 101.406 101.831 101.962 102.171 101.631 101.043 101.047 101.05 101.054 101.057 -9999 -9999 -9999 -9999 -9999 -9999 -9999 -9999 -9999 -9999 -9999 -9999 -9999 -9999 -9999 -9999 -9999 -9999 -9999 -9999 -9999 -9999 -9999 -9999 -9999 -9999 -9999 -9999 -9999 -9999 -9999 -9999 -9999 -9999 -9999 -9999 -9999 -9999 -9999 -9999 -9999 -9999 -9999 -9999 -9999
98.564 -9999 -9999 -9999 -9999 -9999 100.289 100.206 99.198 99.385 99.674 100.34 101.018 101.079 101.035 101.414 102.122 101.793 101.457 101.656 101.649 102.008 102.499 101.744 101.052 101.056 -9999 101.063 -9999 -9999 -9999 -9999 -9999 -9999 101.252 101.08 101.083 -9999 -9999 -9999 -9999 -9999 -9999 -9999 -9999 -9999 -9999 -9999 -9999 -9999 -9999 -9999 -9999 -9999 -9999 -9999 -9999 -9999 -9999 -9999 -9999 -9999 -9999 -9999 -9999 -9999 -9999 -9999 -9999 -9999 -9999 -9999 -9999 -9999
99.815 99.596 -9999 -9999 -9999 -9999 -9999 99.11 99.369 99.735 100.368 100.686 100.524 100.533 100.625 101.016 101.116 100.946 100.88 101.017 101.439 101.81 101.898 101.385 101.057 101.066 101.069 -9999 -9999 -9999 -9999 101.078 101.08 101.12 101.124 101.09 101.093 101.095 101.097 101.098 101.099 101.103 101.103 101.103 101.103 101.102 101.1 101.099 101.096 101.092 101.087 101.086 101.092 -9999 -9999 -9999 -9999 -9999 -9999 -9999 -9999 -9999 -9999 -9999 -9999 -9999 -9999 -9999 -9999 -9999 -9999 -9999 -9999 -9999
99.141 98.827 -9999 -9999 -9999 100.051 -9999 99.504 99.492 99.628 99.26 99.53 100.471 100.698 101.09 101.161 101.216 101.035 100.612 101.141 101.933 101.854 101.193 101.036 101.052 101.066 -9999 -9999 -9999 -9999 101.09 101.089 101.094 101.098 101.102 101.105 101.108 101.111 101.113 101.115 101.116 101.118 101.118 101.119 101.119 101.119 101.118 101.116 101.114 101.112 101.108 101.105 101.102 -9999 -9999 -9999 -9999 -9999 -9999 -9999 -9999 -9999 -9999 -9999 -9999 -9999 -9999 -9999 -9999 -9999 -9999 -9999 -9999 -9999
99.013 98.841 -9999 -9999 -9999 99.973 99.886 99.898 99.847 99.536 99.347 100.104 100.87 101.165 101.383 101.385 101.311 101.221 101.545 101.979 102.12 101.541 101.006 101.024 101.042 -9999 -9999 101.09 101.096 101.099 101.101 101.106 101.111 101.115 101.119 101.123 101.126 101.129 101.131 101.133 101.135 101.137 101.138 101.139 101.14 101.14 101.14 101.14 101.139 101.138 101.136 101.135 101.131 101.127 -9999 -9999 -9999 -9999 -9999 -9999 -9999 -9999 -9999 -9999 -9999 -9999 -9999 -9999 -9999 -9999 -9999 -9999 -9999 -9999
99.743 99.908 -9999 100.313 -9999 99.584 99.341 99.232 99.2 99.47 100.297 100.669 100.637 100.846 101.035 100.922 100.73 101.106 101.638 101.589 101.239 100.974 100.994 101.013 101.032 -9999 101.072 101.09 101.105 101.115 101.119 101.123 101.128 101.103 101.03 101.063 101.143 101.146 101.149 101.152 101.154 101.156 101.157 101.159 101.16 101.161 101.162 101.163 101.163 101.164 101.164 101.164 101.163 101.162 -9999 -9999 -9999 -9999 -9999 -9999 -9999 -9999 -9999 -9999 -9999 -9999 -9999 -9999 -9999 -9999 -9999 -9999 -9999 -9999
99.986 -9999 99.7 -9999 -9999 -9999 99.186 99.236 99.996 100.056 99.016 99.323 100.321 100.627 101.117 101.094 101.353 101.65 101.684 101.35 100.94 100.961 100.982 101.003 101.028 101.051 101.072 101.092 101.111 101.125 101.137 101.141 101.145 101.14 101.224 101.237 101.161 101.164 101.167 101.17 101.172 101.174 101.176 101.178 101.18 101.182 101.183 101.185 101.187 101.188 101.19 101.192 101.194 101.197 -9999 -9999 -9999 -9999 -9999 -9999 -9999 -9999 -9999 -9999 -9999 -9999 -9999 -9999 -9999 -9999 -9999 -9999 -9999 -9999
99.248 99.148 -9999 -9999 -9999 -9999 99.697 100.446 101.608 -9999 98.95 99.672 100.26 100.657 100.938 101.362 102.09 102.155 102.246 101.861 101.423 101.172 100.453 100.594 101.027 101.05 101.072 101.092 101.112 101.132 101.147 101.159 101.163 101.208 101.212 101.175 101.178 101.182 101.185 101.187 101.19 101.192 101.195 101.197 101.2 101.202 101.204 101.207 101.209 101.212 101.216 101.219 101.224 101.226 -9999 -9999 -9999 -9999 -9999 -9999 -9999 -9999 -9999 -9999 -9999 -9999 -9999 -9999 -9999 -9999 -9999 -9999 -9999 -9999
100.032 99.945 -9999 -9999 -9999 99.766 -9999 -9999 100.755 99.984 99.965 100.478 101.134 101.302 101.309 101.769 101.934 101.889 101.59 101.435 101.599 101.304 101.421 101.411 101.025 101.048 101.071 101.092 101.113 101.133 101.154 101.17 101.181 101.185 101.189 101.192 101.196 101.199 101.202 101.205 101.208 101.211 101.213 101.216 101.219 101.222 101.225 101.228 101.232 101.236 101.241 101.247 101.252 -9999 -9999 -9999 -9999 -9999 -9999 -9999 -9999 -9999 -9999 -9999 -9999 -9999 -9999 -9999 -9999 -9999 -9999 -9999 -9999 -9999
99.546 99.165 98.74 98.57 -9999 -9999 -9999 100.233 99.687 -9999 100.014 100.582 101.109 101.137 101.218 101.398 101.605 101.271 100.916 101.055 101.176 101.425 101.796 101.458 101.023 101.047 101.07 101.112 101.185 101.188 101.156 101.177 101.193 101.203 101.207 101.21 101.213 101.21 101.196 101.206 101.226 101.229 101.232 101.235 101.238 101.241 101.245 101.249 101.254 101.259 101.265 101.273 -9999 -9999 -9999 -9999 -9999 -9999 -9999 -9999 -9999 -9999 -9999 -9999 -9999 -9999 -9999 -9999 -9999 -9999 -9999 -9999 -9999 -9999
99.183 99.155 99.867 99.515 -9999 99.576 99.989 100.103 100.158 100.407 100.79 100.985 100.737 100.86 101.12 101.348 101.554 101.462 101.657 101.675 101.538 101.666 101.506 101.215 101.02 101.046 101.07 101.148 101.246 101.212 101.159 101.181 101.201 101.216 101.224 101.228 101.231 101.241 101.287 101.277 101.243 101.247 101.25 101.253 101.257 101.261 101.265 101.27 101.276 101.283 101.29 101.299 -9999 -9999 -9999 -9999 -9999 -9999 -9999 -9999 -9999 -9999 -9999 -9999 -9999 -9999 -9999 -9999 -9999 -9999 -9999 -9999 -9999 -9999
99.766 100.3 100.873 100.502 100.279 100.17 99.701 -9999 99.66 99.625 99.097 99.065 99.457 99.882 100.626 100.865 101.198 101.396 101.574 101.675 102.074 101.58 100.452 100.516 100.964 100.923 100.761 100.904 101.155 101.14 101.162 101.184 101.207 101.226 101.241 101.245 101.249 101.275 101.274 101.539 102.294 102.004 101.268 101.272 101.276 101.281 101.286 101.292 101.298 101.306 101.315 -9999 -9999 -9999 -9999 -9999 -9999 -9999 -9999 -9999 -9999 -9999 -9999 -9999 -9999 -9999 -9999 -9999 -9999 -9999 -9999 -9999 -9999 -9999
99.597 -9999 -9999 -9999 99.847 99.447 -9999 99.775 99.813 99.556 99.642 99.964 100.215 100.709 100.953 101.172 101.31 101.38 101.202 101.561 101.976 101.317 101.072 101.474 101.929 101.955 102.223 102.018 101.119 101.142 101.165 101.188 101.211 101.234 101.252 101.263 101.266 101.269 101.273 101.58 101.344 101.059 101.287 101.291 101.295 101.301 101.306 101.313 101.321 101.33 101.338 -9999 -9999 -9999 -9999 -9999 -9999 -9999 -9999 -9999 -9999 -9999 -9999 -9999 -9999 -9999 -9999 -9999 -9999 -9999 -9999 -9999 -9999 -9999
-9999 -9999 -9999 100.107 99.347 -9999 99.186 99.776 -9999 99.91 100.53 100.681 100.816 101.023 101.287 101.334 101.256 101.136 101.015 100.846 99.75 99.679 99.793 100.447 101.602 102.063 102.875 102.041 101.241 100.928 100.0 99.706 98.923 99.565 101.236 101.342 101.63 101.532 101.29 101.175 101.182 101.301 101.305 101.31 101.315 101.321 101.327 101.334 101.341 101.347 101.352 -9999 -9999 -9999 -9999 -9999 -9999 -9999 -9999 -9999 -9999 -9999 -9999 -9999 -9999 -9999 -9999 -9999 -9999 -9999 -9999 -9999 -9999 -9999
-9999 -9999 -9999 99.624 -9999 -9999 99.187 99.749 100.243 100.454 100.123 100.12 99.995 100.378 101.014 100.846 100.43 100.643 101.323 100.826 100.988 101.081 101.138 101.772 101.863 102.088 101.478 101.082 101.095 100.645 100.817 100.808 101.732 102.314 102.098 102.152 101.864 101.61 101.308 101.311 101.315 101.319 101.324 101.328 101.332 101.337 101.343 101.348 101.353 101.359 101.366 -9999 -9999 -9999 -9999 -9999 -9999 -9999 -9999 -9999 -9999 -9999 -9999 -9999 -9999 -9999 -9999 -9999 -9999 -9999 -9999 -9999 -9999 -9999
-9999 -9999 -9999 -9999 -9999 -9999 -9999 100.005 100.552 100.178 99.54 99.632 100.087 100.429 100.544 99.972 98.947 99.513 100.063 100.495 101.352 101.755 102.699 102.835 103.058 102.337 101.181 100.786 99.635 99.925 100.592 101.524 102.492 102.522 102.926 102.238 101.467 101.318 101.321 101.325 101.328 101.332 101.336 101.34 101.344 101.349 101.353 101.359 101.364 101.37 -9999 -9999 -9999 -9999 -9999 -9999 -9999 -9999 -9999 -9999 -9999 -9999 -9999 -9999 -9999 -9999 -9999 -9999 -9999 -9999 -9999 -9999 -9999 -9999
-9999 -9999 -9999 -9999 -9999 99.208 98.784 -9999 101.337 100.744 99.988 100.188 100.061 100.109 100.073 99.824 100.667 100.806 100.39 100.865 100.922 101.547 101.91 101.891 101.494 101.159 101.823 101.214 101.052 101.315 101.09 101.63 101.516 101.979 102.34 101.747 101.311 101.328 101.332 101.335 101.339 101.342 101.346 101.35 101.355 101.359 101.364 101.369 101.375 101.382 -9999 -9999 -9999 -9999 -9999 -9999 -9999 -9999 -9999 -9999 -9999 -9999 -9999 -9999 -9999 -9999 -9999 -9999 -9999 -9999 -9999 -9999 -9999 -9999
-9999 -9999 -9999 -9999 99.345 99.112 98.767 100.028 101.036 100.613 100.556 100.509 100.56 100.604 100.698 101.303 101.732 101.156 100.219 100.455 101.006 101.162 100.897 100.641 100.483 100.58 99.898 100.148 100.997 101.245 102.209 101.939 101.323 101.458 101.068 100.387 99.134 99.792 101.534 101.45 101.251 101.275 101.356 101.36 101.365 101.37 101.375 101.38 101.386 -9999 -9999 -9999 -9999 -9999 -9999 -9999 -9999 -9999 -9999 -9999 -9999 -9999 -9999 -9999 -9999 -9999 -9999 -9999 -9999 -9999 -9999 -9999 -9999 -9999
-9999 -9999 -9999 -9999 99.249 -9999 99.564 99.87 99.228 99.562 100.764 100.658 100.193 100.28 100.436 100.597 100.397 100.033 100.349 100.668 100.765 100.996 101.952 101.718 101.305 101.07 101.405 101.9 102.049 102.598 102.723 102.238 101.791 101.658 101.79 101.4 102.057 102.752 102.288 101.957 101.28 101.335 101.366 101.371 101.375 101.38 101.385 101.391 101.397 -9999 -9999 -9999 -9999 -9999 -9999 -9999 -9999 -9999 -9999 -9999 -9999 -9999 -9999 -9999 -9999 -9999 -9999 -9999 -9999 -9999 -9999 -9999 -9999 -9999
-9999 -9999 -9999 -9999 -9999 -9999 99.218 98.951 99.089 100.15 101.488 101.037 100.4 100.395 100.195 99.812 99.036 99.562 100.611 100.362 99.617 100.545 101.736 101.341 100.83 101.39 102.51 102.611 102.681 102.794 102.833 102.378 101.77 101.916 102.121 102.528 102.633 102.293 101.99 101.592 101.421 101.522 101.805 101.694 101.386 101.391 101.396 101.402 101.409 -9999 -9999 -9999 -9999 -9999 -9999 -9999 -9999 -9999 -9999 -9999 -9999 -9999 -9999 -9999 -9999 -9999 -9999 -9999 -9999 -9999 -9999 -9999 -9999 -9999
-9999 -9999 -9999 -9999 98.736 99.158 98.886 98.967 98.943 99.793 100.444 100.411 101.187 -9999 100.305 100.132 100.862 101.305 101.004 100.664 100.769 101.498 101.763 101.47 101.345 101.9 101.833 101.689 101.212 101.444 102.035 101.686 101.578 101.679 101.646 101.817 102.079 101.834 101.567 101.607 101.901 102.018 101.894 101.655 101.396 101.402 101.407 101.415 101.426 -9999 -9999 -9999 -9999 -9999 -9999 -9999 -9999 -9999 -9999 -9999 -9999 -9999 -9999 -9999 -9999 -9999 -9999 -9999 -9999 -9999 -9999 -9999 -9999 -9999
98.767 99.154 99.131 98.848 -9999 99.085 99.138 99.133 99.129 99.543 99.81 100.479 -9999 100.439 99.243 99.928 100.713 100.611 100.667 100.974 101.556 101.847 102.209 102.241 102.464 102.418 102.348 101.92 101.545 101.764 101.549 101.677 102.134 102.12 102.11 102.296 102.379 102.171 101.961 101.971 101.548 101.497 101.523 101.402 101.407 101.413 101.418 101.429 -9999 -9999 -9999 -9999 -9999 -9999 -9999 -9999 -9999 -9999 -9999 -9999 -9999 -9999 -9999 -9999 -9999 -9999 -9999 -9999 -9999 -9999 -9999 -9999 -9999 -9999
98.959 99.068 99.211 99.334 99.622 -9999 99.207 99.144 98.986 99.305 99.855 100.1 99.783 99.482 100.353 100.737 100.652 100.81 101.118 101.369 101.164 101.279 101.0 101.191 101.365 101.5 101.972 101.761 101.679 101.42 101.015 101.369 101.746 101.656 101.455 101.609 101.898 101.753 101.637 101.403 101.336 101.359 101.383 101.403 101.418 101.424 -9999 -9999 -9999 -9999 -9999 -9999 -9999 -9999 -9999 -9999 -9999 -9999 -9999 -9999 -9999 -9999 -9999 -9999 -9999 -9999 -9999 -9999 -9999 -9999 -9999 -9999 -9999 -9999
-9999 -9999 -9999 99.419 -9999 99.341 98.964 98.719 98.276 99.097 -9999 -9999 98.397 99.189 100.026 100.143 100.696 101.065 101.63 101.644 101.963 101.694 101.338 101.333 101.021 101.325 101.451 101.373 101.261 101.024 100.928 101.138 101.17 101.137 101.334 101.447 101.319 101.279 101.319 101.304 101.326 101.349 101.374 101.4 101.421 -9999 -9999 -9999 -9999 -9999 -9999 -9999 -9999 -9999 -9999 -9999 -9999 -9999 -9999 -9999 -9999 -9999 -9999 -9999 -9999 -9999 -9999 -9999 -9999 -9999 -9999 -9999 -9999 -9999
99.163 98.899 -9999 99.649 99.812 99.557 99.354 99.213 99.472 -9999 -9999 100.708 100.285 100.603 100.256 100.472 100.196 100.648 101.057 101.378 101.765 101.692 101.959 101.815 101.866 102.111 102.605 102.178 101.222 101.118 100.961 100.996 101.032 101.203 101.39 101.286 101.179 101.22 101.261 101.295 101.316 101.339 101.364 101.392 101.419 101.437 -9999 -9999 -9999 -9999 -9999 -9999 -9999 -9999 -9999 -9999 -9999 -9999 -9999 -9999 -9999 -9999 -9999 -9999 -9999 -9999 -9999 -9999 -9999 -9999 -9999 -9999 -9999 -9999
