Validation/Results/raw data/ReClimate_01_2024_2_Precipitation-Actualsweatherlogisticsltd.asc
NCOLS 192
NROWS 249
XLLCENTER -225160.85627316462
YLLCENTER 29788.11610251502
CELLSIZE 5000.0
NODATA_VALUE -9999
[rows 132 to 164 of 249, columns 75 to 149 of 192]
-9999 -9999 -9999 -9999 -9999 -9999 -9999 -9999 -9999 -9999 -9999 -9999 102.889 107.124 113.957 120.56 130.597 134.747 157.606 173.327 188.563 180.506 139.751 119.346 123.717 126.843 116.523 108.547 106.665 99.696 97.741 94.133 87.452 90.024 99.224 106.626 107.75 100.547 103.974 102.089 94.355 102.244 104.209 101.36 93.258 84.791 79.57 71.471 64.623 62.997 59.051 56.945 53.767 51.976 48.149 43.48 40.451 -9999 -9999 -9999 -9999 -9999 -9999 -9999 -9999 -9999 -9999 -9999 -9999 -9999 -9999 -9999 -9999 -9999 -9999
-9999 -9999 -9999 -9999 -9999 -9999 -9999 -9999 -9999 -9999 -9999 -9999 105.099 126.179 118.564 118.705 118.598 124.148 153.011 198.863 206.531 175.984 151.094 125.063 125.17 122.933 119.428 122.686 100.829 92.049 89.421 86.46 85.941 87.061 95.292 94.86 94.164 90.18 91.031 88.544 91.254 94.022 96.326 95.309 90.366 85.274 73.432 65.867 62.376 55.405 54.471 55.727 51.767 47.626 47.026 44.245 40.511 -9999 -9999 -9999 -9999 -9999 -9999 -9999 -9999 -9999 -9999 -9999 -9999 -9999 -9999 -9999 -9999 -9999 -9999
-9999 -9999 -9999 -9999 -9999 -9999 -9999 -9999 -9999 -9999 -9999 101.303 120.622 120.203 119.445 119.28 116.439 116.333 150.198 175.086 176.403 188.12 157.175 137.526 120.712 114.291 119.064 105.597 96.892 87.635 81.502 85.164 79.079 80.167 81.58 82.314 80.714 77.065 75.455 78.342 76.99 86.596 93.789 86.553 82.809 77.079 71.538 64.078 57.175 48.877 48.984 50.072 50.767 45.403 43.084 43.494 42.111 37.613 -9999 -9999 -9999 -9999 -9999 -9999 -9999 -9999 -9999 -9999 -9999 -9999 -9999 -9999 -9999 -9999 -9999
-9999 -9999 -9999 -9999 -9999 -9999 -9999 -9999 -9999 -9999 92.825 -9999 106.515 117.172 116.831 116.086 107.007 105.138 119.557 133.354 169.62 188.166 161.523 132.474 112.194 105.433 97.926 96.972 97.511 94.114 88.203 85.42 74.06 72.649 71.486 71.408 67.351 63.55 65.33 66.004 70.483 74.695 72.388 73.895 73.228 68.283 62.083 57.276 47.876 51.8 52.597 48.128 47.433 45.307 42.339 42.91 41.527 38.798 -9999 -9999 -9999 -9999 -9999 -9999 -9999 -9999 -9999 -9999 -9999 -9999 -9999 -9999 -9999 -9999 -9999
77.368 -9999 -9999 -9999 -9999 -9999 -9999 -9999 -9999 -9999 88.932 -9999 97.16 102.315 100.78 100.312 98.085 98.07 98.98 111.27 145.618 156.932 146.33 128.661 111.278 100.818 100.43 101.94 109.359 112.886 -9999 -9999 -9999 -9999 -9999 -9999 59.913 57.186 58.136 59.73 59.969 59.766 67.97 74.648 68.82 63.157 62.684 54.189 53.572 54.216 48.014 46.543 45.075 46.662 41.924 39.479 39.235 38.997 36.944 -9999 -9999 -9999 -9999 -9999 -9999 -9999 -9999 -9999 -9999 -9999 -9999 -9999 -9999 -9999 -9999
81.823 65.371 -9999 -9999 -9999 -9999 -9999 -9999 -9999 -9999 86.66 86.23 84.584 85.738 91.489 93.918 97.269 94.25 91.505 102.395 126.771 145.485 136.473 128.595 112.838 103.883 105.559 101.023 110.625 100.047 -9999 -9999 -9999 -9999 61.07 60.371 56.873 55.075 54.194 56.226 58.343 66.27 78.871 83.794 75.06 74.607 62.506 56.522 59.509 54.548 49.573 48.618 47.057 46.089 53.278 47.259 39.797 38.528 35.196 -9999 -9999 -9999 -9999 -9999 -9999 -9999 -9999 -9999 -9999 -9999 -9999 -9999 -9999 -9999 -9999
81.3 73.383 66.768 -9999 -9999 -9999 -9999 -9999 -9999 -9999 82.487 76.354 75.573 -9999 -9999 91.095 92.786 88.567 88.844 -9999 100.766 110.257 111.742 112.967 99.647 101.075 98.407 94.319 -9999 -9999 -9999 -9999 -9999 60.919 59.72 58.615 54.595 54.908 52.782 54.261 61.755 73.392 92.073 98.678 93.175 85.738 71.973 70.389 62.968 57.619 58.478 51.069 51.217 48.076 51.943 51.065 43.297 38.52 35.932 -9999 -9999 -9999 -9999 -9999 -9999 -9999 -9999 -9999 -9999 -9999 -9999 -9999 -9999 -9999 -9999
79.52 79.104 72.081 -9999 -9999 -9999 -9999 -9999 -9999 -9999 -9999 74.06 69.245 -9999 -9999 -9999 83.302 82.665 84.642 82.851 -9999 -9999 92.201 93.671 95.179 97.529 93.786 -9999 -9999 -9999 -9999 -9999 69.93 62.049 61.198 59.387 58.045 57.863 54.288 56.235 62.448 71.265 89.508 94.969 100.582 88.847 90.531 87.466 81.236 72.012 72.058 64.146 53.102 48.082 47.942 47.711 43.136 41.707 39.416 -9999 -9999 -9999 -9999 -9999 -9999 -9999 -9999 -9999 -9999 -9999 -9999 -9999 -9999 -9999 -9999
73.329 75.181 -9999 -9999 -9999 -9999 -9999 -9999 -9999 -9999 -9999 -9999 66.857 -9999 -9999 -9999 -9999 77.122 82.561 82.07 -9999 -9999 -9999 85.671 83.158 -9999 -9999 -9999 -9999 -9999 -9999 -9999 67.941 62.939 68.381 67.817 70.09 69.018 64.351 59.208 60.747 72.724 77.581 89.304 94.385 97.678 101.304 101.255 91.687 78.805 77.003 72.489 58.073 49.94 46.335 44.408 42.698 43.91 41.377 -9999 -9999 -9999 -9999 -9999 -9999 -9999 -9999 -9999 -9999 -9999 -9999 -9999 -9999 -9999 -9999
73.187 -9999 -9999 -9999 -9999 -9999 -9999 -9999 -9999 -9999 -9999 -9999 71.29 -9999 -9999 -9999 -9999 -9999 73.231 74.023 -9999 -9999 -9999 -9999 -9999 -9999 -9999 -9999 -9999 -9999 -9999 -9999 65.577 74.788 78.14 82.179 85.022 87.109 78.379 70.042 64.736 64.157 76.982 95.609 111.298 116.793 115.889 108.198 89.083 78.688 70.161 62.639 58.248 53.813 49.553 44.289 45.704 47.358 45.882 39.413 -9999 -9999 -9999 -9999 -9999 -9999 -9999 -9999 -9999 -9999 -9999 -9999 -9999 -9999 -9999
-9999 66.654 65.553 62.712 57.003 -9999 -9999 -9999 -9999 -9999 -9999 -9999 70.275 -9999 -9999 -9999 -9999 -9999 -9999 -9999 -9999 -9999 -9999 -9999 -9999 -9999 -9999 -9999 -9999 -9999 -9999 73.654 71.896 77.376 84.05 87.182 105.604 101.116 102.121 80.375 67.098 67.93 61.856 81.225 106.536 119.565 124.842 109.108 109.722 101.917 82.31 67.845 53.843 50.8 50.214 47.72 45.055 46.794 46.535 42.794 38.341 -9999 -9999 -9999 -9999 -9999 -9999 -9999 -9999 -9999 -9999 -9999 -9999 -9999 -9999
68.287 65.703 62.727 57.722 55.264 -9999 -9999 -9999 -9999 -9999 -9999 -9999 -9999 -9999 -9999 -9999 -9999 -9999 -9999 -9999 -9999 -9999 -9999 -9999 -9999 -9999 -9999 -9999 -9999 -9999 80.734 74.611 81.169 92.244 99.179 116.396 140.63 138.774 113.248 87.298 75.634 59.18 58.866 72.329 98.707 129.094 119.06 113.43 106.181 95.174 82.367 69.752 60.489 50.732 47.62 45.139 43.467 45.268 46.42 42.059 37.172 -9999 -9999 -9999 -9999 -9999 -9999 -9999 -9999 -9999 -9999 -9999 -9999 -9999 -9999
67.984 65.185 60.415 -9999 53.173 52.305 -9999 -9999 -9999 -9999 -9999 -9999 -9999 -9999 -9999 -9999 -9999 -9999 -9999 -9999 -9999 -9999 -9999 -9999 -9999 -9999 -9999 -9999 -9999 -9999 99.438 96.728 107.792 129.324 136.537 137.803 130.505 142.808 128.043 107.075 87.384 72.557 65.251 68.754 86.753 100.916 117.068 107.662 98.238 84.14 74.721 61.918 53.677 48.457 46.523 44.722 42.785 40.693 42.612 37.98 35.244 34.389 35.078 -9999 -9999 -9999 -9999 -9999 -9999 -9999 -9999 -9999 -9999 -9999 -9999
69.299 65.528 60.387 -9999 -9999 54.0 -9999 -9999 -9999 -9999 -9999 -9999 -9999 -9999 -9999 -9999 -9999 -9999 -9999 -9999 -9999 -9999 -9999 -9999 -9999 -9999 -9999 -9999 -9999 -9999 98.629 104.901 124.159 143.95 158.808 160.33 174.235 169.733 151.69 133.902 119.167 96.827 80.289 69.32 60.593 77.572 87.373 83.129 86.272 80.656 65.816 58.22 51.069 46.221 42.105 43.027 39.923 38.721 38.163 38.362 35.536 42.761 43.463 42.173 40.539 46.449 -9999 -9999 -9999 -9999 -9999 -9999 -9999 -9999 -9999
71.316 72.231 64.881 53.844 -9999 53.831 -9999 -9999 -9999 -9999 -9999 -9999 -9999 -9999 -9999 -9999 -9999 -9999 -9999 -9999 -9999 -9999 -9999 -9999 -9999 -9999 -9999 -9999 -9999 74.962 101.797 118.178 151.805 200.097 229.196 236.895 197.096 191.184 185.697 178.978 150.839 135.073 107.245 78.415 66.415 75.22 70.227 75.298 85.686 78.761 64.139 57.688 53.71 49.017 43.941 41.684 39.077 34.549 34.914 38.589 42.183 45.734 56.186 53.466 53.252 51.221 48.474 50.437 -9999 -9999 -9999 -9999 -9999 -9999 -9999
75.77 68.844 62.505 -9999 54.482 -9999 -9999 -9999 -9999 -9999 -9999 -9999 -9999 -9999 -9999 -9999 -9999 -9999 -9999 -9999 -9999 -9999 -9999 -9999 -9999 -9999 -9999 -9999 -9999 -9999 79.997 107.993 147.498 190.486 228.318 265.571 282.913 198.448 191.69 175.109 179.784 156.627 120.378 96.24 83.723 81.165 82.197 102.273 95.956 88.39 83.147 73.881 59.665 53.526 47.194 42.451 40.236 38.578 37.64 38.62 45.711 50.704 57.517 55.882 56.143 57.171 54.94 52.888 51.381 -9999 -9999 -9999 -9999 -9999 -9999
71.808 64.87 59.824 55.784 57.444 -9999 -9999 -9999 -9999 -9999 -9999 -9999 -9999 -9999 -9999 -9999 -9999 -9999 -9999 -9999 -9999 -9999 -9999 -9999 -9999 -9999 -9999 -9999 -9999 -9999 -9999 82.257 116.186 150.125 194.447 246.109 237.177 182.213 156.726 160.984 160.667 138.68 127.573 120.864 106.174 100.273 114.184 112.502 110.821 109.633 96.173 80.17 70.089 58.407 50.504 43.456 40.579 40.516 41.781 43.963 53.066 59.971 69.657 75.872 69.664 70.364 58.979 56.81 53.479 49.387 -9999 -9999 -9999 -9999 -9999
73.204 67.427 60.572 56.891 -9999 -9999 -9999 -9999 -9999 -9999 -9999 -9999 -9999 -9999 -9999 -9999 -9999 -9999 -9999 -9999 -9999 -9999 -9999 -9999 -9999 -9999 -9999 -9999 -9999 -9999 -9999 74.296 105.291 137.132 165.352 209.683 200.572 159.851 144.804 132.159 119.84 113.781 116.711 119.571 135.071 129.202 130.707 130.838 117.254 94.752 82.722 78.942 70.517 62.245 50.362 43.923 41.868 41.636 45.214 50.205 58.314 67.631 69.823 71.411 71.087 74.086 71.264 62.307 59.897 53.657 46.033 -9999 -9999 -9999 -9999
80.099 70.394 60.179 56.032 -9999 -9999 -9999 -9999 -9999 -9999 -9999 -9999 -9999 -9999 -9999 -9999 -9999 -9999 -9999 -9999 -9999 -9999 -9999 -9999 -9999 -9999 -9999 -9999 -9999 -9999 -9999 -9999 96.153 123.911 147.696 163.2 143.869 141.247 122.599 113.242 108.386 102.76 103.206 117.047 123.494 139.879 132.949 130.802 111.606 98.882 87.667 84.527 68.223 59.803 49.123 45.2 44.407 41.11 45.91 53.823 57.988 66.124 72.375 72.85 68.323 66.622 67.764 67.618 62.346 60.02 50.309 -9999 -9999 -9999 -9999
-9999 -9999 -9999 -9999 -9999 -9999 -9999 -9999 -9999 -9999 -9999 -9999 -9999 -9999 -9999 -9999 -9999 -9999 -9999 -9999 -9999 -9999 -9999 -9999 -9999 -9999 -9999 -9999 -9999 -9999 -9999 -9999 87.877 112.634 120.558 117.936 123.353 115.102 115.26 106.224 97.431 97.143 101.056 108.492 138.024 137.998 134.744 127.439 120.7 105.095 87.98 77.465 69.469 58.49 51.008 44.298 41.286 41.718 42.515 50.719 57.984 61.444 63.357 62.989 60.025 62.563 62.982 66.185 63.554 56.847 53.533 44.01 -9999 -9999 -9999
-9999 -9999 -9999 -9999 -9999 -9999 -9999 -9999 -9999 -9999 -9999 -9999 -9999 -9999 -9999 -9999 -9999 -9999 -9999 -9999 -9999 -9999 -9999 -9999 -9999 -9999 -9999 -9999 -9999 -9999 -9999 -9999 -9999 98.368 98.101 98.096 105.072 103.826 97.469 88.17 84.802 90.953 99.949 118.015 133.906 142.744 140.125 135.025 131.845 120.456 110.164 91.749 81.738 70.125 56.898 47.554 41.013 38.379 40.296 43.013 52.573 58.502 56.218 50.369 48.035 47.15 49.527 50.797 53.745 50.632 48.181 45.19 -9999 -9999 -9999
-9999 -9999 -9999 -9999 -9999 -9999 -9999 -9999 -9999 -9999 -9999 -9999 -9999 -9999 -9999 -9999 -9999 -9999 -9999 -9999 -9999 -9999 -9999 -9999 -9999 -9999 -9999 -9999 -9999 -9999 -9999 -9999 -9999 86.014 -9999 87.285 87.461 87.59 85.039 -9999 81.7 89.649 101.908 108.633 130.152 144.237 143.311 137.726 130.045 124.912 128.08 110.042 89.284 76.299 65.362 51.465 44.059 39.215 38.07 41.627 45.014 50.371 50.135 47.809 43.159 41.353 41.421 43.875 46.602 47.792 50.575 51.474 47.098 -9999 -9999
-9999 -9999 -9999 -9999 -9999 -9999 -9999 -9999 -9999 -9999 -9999 -9999 -9999 -9999 -9999 -9999 -9999 -9999 -9999 -9999 -9999 -9999 -9999 -9999 -9999 -9999 -9999 -9999 -9999 -9999 -9999 -9999 -9999 -9999 79.235 79.321 -9999 -9999 -9999 -9999 74.67 80.186 81.772 90.554 101.641 109.978 106.858 121.138 123.458 118.859 116.955 119.655 101.589 82.426 68.763 58.711 49.112 43.004 39.292 39.703 43.756 46.554 49.182 47.228 46.709 43.33 40.72 43.33 48.647 50.203 49.569 53.022 52.222 49.56 46.765
-9999 -9999 -9999 -9999 -9999 -9999 -9999 -9999 -9999 -9999 -9999 -9999 -9999 -9999 -9999 -9999 -9999 -9999 -9999 -9999 -9999 -9999 -9999 -9999 -9999 -9999 -9999 -9999 -9999 -9999 -9999 -9999 -9999 -9999 71.052 71.648 -9999 -9999 -9999 -9999 69.092 77.572 75.82 79.644 86.546 92.77 93.246 98.469 114.712 111.993 105.264 111.225 100.836 89.526 72.713 61.456 50.774 43.955 40.274 38.315 39.049 42.109 45.058 45.995 43.563 44.255 44.566 45.644 50.663 54.709 53.786 49.97 46.922 46.97 45.759
-9999 -9999 -9999 -9999 -9999 -9999 -9999 -9999 -9999 -9999 -9999 -9999 -9999 -9999 -9999 -9999 -9999 -9999 -9999 -9999 -9999 -9999 -9999 -9999 -9999 -9999 -9999 -9999 -9999 -9999 -9999 -9999 -9999 -9999 67.764 -9999 -9999 -9999 -9999 64.484 70.532 79.499 90.513 95.927 110.534 99.958 80.531 100.245 109.464 99.601 95.023 92.775 92.056 83.164 72.777 59.274 49.649 43.789 41.817 40.076 38.769 39.614 41.184 42.849 44.125 46.504 52.757 53.021 53.546 54.388 52.713 49.501 45.235 44.916 -9999
-9999 -9999 -9999 -9999 -9999 -9999 -9999 -9999 -9999 -9999 -9999 -9999 -9999 -9999 -9999 -9999 -9999 -9999 -9999 -9999 -9999 -9999 -9999 -9999 -9999 -9999 -9999 -9999 -9999 -9999 -9999 -9999 -9999 -9999 -9999 -9999 -9999 -9999 -9999 61.506 70.248 89.183 111.654 128.649 128.119 102.07 91.327 87.56 86.028 80.508 83.883 86.609 82.099 79.744 72.837 60.664 52.366 47.351 43.447 40.813 39.336 39.901 40.981 41.963 45.207 47.987 55.998 60.203 53.718 51.894 49.009 46.05 43.827 43.774 -9999
-9999 -9999 -9999 -9999 -9999 -9999 -9999 -9999 -9999 -9999 -9999 -9999 -9999 -9999 -9999 -9999 -9999 -9999 -9999 -9999 -9999 -9999 -9999 -9999 -9999 -9999 -9999 -9999 -9999 -9999 -9999 -9999 -9999 -9999 -9999 -9999 -9999 -9999 -9999 59.974 69.014 94.343 119.706 138.151 125.302 103.682 86.638 81.968 79.134 77.383 81.351 71.267 76.093 71.234 68.795 60.17 51.674 47.14 44.345 44.358 41.347 39.689 39.838 40.261 43.436 47.276 51.812 56.148 52.919 49.029 48.955 45.822 43.973 42.401 -9999
-9999 -9999 -9999 -9999 -9999 -9999 -9999 -9999 -9999 -9999 -9999 -9999 -9999 -9999 -9999 -9999 -9999 -9999 -9999 -9999 -9999 -9999 -9999 -9999 -9999 -9999 -9999 -9999 -9999 -9999 -9999 -9999 -9999 -9999 -9999 -9999 -9999 -9999 57.786 58.334 67.385 90.487 118.602 132.448 114.203 102.703 79.68 74.407 79.227 77.157 76.039 73.317 67.441 64.601 58.475 55.335 47.276 44.701 42.386 41.262 42.232 39.635 39.013 38.822 40.086 43.943 47.42 50.903 49.626 47.531 44.988 44.368 43.127 43.507 41.433
-9999 -9999 -9999 -9999 -9999 -9999 -9999 -9999 -9999 -9999 -9999 -9999 -9999 -9999 -9999 -9999 -9999 -9999 -9999 -9999 -9999 -9999 -9999 -9999 -9999 -9999 -9999 -9999 -9999 -9999 -9999 -9999 -9999 -9999 -9999 -9999 -9999 -9999 58.213 58.12 69.148 82.583 102.802 94.268 93.164 83.179 82.322 95.454 82.52 77.316 74.386 70.814 66.1 59.893 59.017 57.484 53.093 45.436 43.259 41.456 40.349 39.646 38.938 38.608 39.823 41.028 43.031 44.047 46.224 46.206 45.125 42.661 41.828 41.911 40.822
-9999 -9999 -9999 -9999 -9999 -9999 -9999 -9999 -9999 -9999 -9999 -9999 -9999 -9999 -9999 -9999 -9999 -9999 -9999 -9999 -9999 -9999 -9999 -9999 -9999 -9999 -9999 -9999 -9999 -9999 -9999 -9999 -9999 -9999 -9999 -9999 -9999 58.306 57.521 59.764 64.056 75.367 78.548 78.646 79.276 79.474 85.123 86.092 82.149 78.902 83.759 76.097 64.21 60.348 56.395 54.166 51.231 49.146 44.274 42.711 41.477 40.187 39.847 39.361 39.89 40.086 41.201 43.505 45.201 47.501 47.405 44.222 42.848 42.434 41.18
-9999 -9999 -9999 -9999 -9999 -9999 -9999 -9999 -9999 -9999 -9999 -9999 -9999 -9999 -9999 -9999 -9999 -9999 -9999 -9999 -9999 -9999 -9999 -9999 -9999 -9999 -9999 -9999 -9999 -9999 -9999 -9999 -9999 -9999 -9999 -9999 -9999 55.513 56.763 57.446 60.96 65.647 67.595 69.729 76.18 79.047 77.797 83.138 83.336 100.709 98.126 85.775 73.028 62.487 58.89 51.63 46.84 46.556 46.375 42.924 41.384 40.792 39.382 39.438 38.794 37.638 35.935 40.376 45.29 48.908 49.189 44.916 41.854 40.474 41.591
-9999 -9999 -9999 -9999 -9999 -9999 -9999 -9999 -9999 -9999 -9999 -9999 -9999 -9999 -9999 -9999 -9999 -9999 -9999 -9999 -9999 -9999 -9999 -9999 -9999 -9999 -9999 -9999 -9999 -9999 -9999 -9999 -9999 -9999 -9999 -9999 -9999 55.895 55.782 56.416 58.463 61.293 64.473 67.106 77.442 77.908 83.533 92.081 101.931 107.218 97.947 85.249 72.977 63.184 59.036 54.438 48.053 45.374 43.823 42.011 39.93 39.839 39.486 39.687 39.127 38.045 36.92 37.576 42.17 45.839 46.746 44.351 40.906 39.078 38.018
-9999 -9999 -9999 -9999 -9999 -9999 -9999 -9999 -9999 -9999 -9999 -9999 -9999 -9999 -9999 -9999 -9999 -9999 -9999 -9999 -9999 -9999 -9999 -9999 -9999 -9999 -9999 -9999 -9999 -9999 -9999 -9999 -9999 -9999 -9999 -9999 -9999 -9999 55.159 55.596 53.65 53.424 66.399 80.986 89.059 91.623 96.55 97.184 107.121 101.511 93.839 82.195 67.076 61.026 53.294 51.834 47.807 44.861 43.74 40.984 39.403 39.633 39.289 38.484 38.778 37.945 37.703 37.207 40.054 42.178 42.929 -9999 39.977 -9999 37.631
