Validation/Results/raw data/ReClimate_01_2024_2weatherlogisticsltd.asc
NCOLS 192
NROWS 249
XLLCENTER -225160.85627316462
YLLCENTER 29788.11610251502
CELLSIZE 5000.0
NODATA_VALUE -9999
[rows 198 to 230 of 249, columns 75 to 149 of 192]
-9999 -9999 -9999 -9999 -9999 -9999 -9999 -9999 -9999 -9999 -9999 -9999 -9999 -9999 -9999 -9999 -9999 106.251 106.765 105.985 105.061 104.473 104.386 104.356 103.039 101.852 102.485 102.95 104.023 104.486 105.48 106.491 105.04 103.618 105.281 108.096 108.425 107.845 107.97 108.583 108.206 107.625 108.101 108.887 108.969 108.996 108.856 108.75 108.867 108.989 109.466 109.883 110.017 110.21 110.481 110.882 111.157 111.398 111.37 111.179 111.749 112.419 112.637 112.859 113.083 113.318 113.568 113.838 114.093 114.323 114.532 114.753 114.913 115.014 115.121
-9999 -9999 -9999 -9999 -9999 -9999 -9999 -9999 -9999 -9999 -9999 -9999 -9999 -9999 105.924 99.202 100.958 106.523 105.874 104.905 104.318 103.585 103.693 103.72 103.034 102.885 103.634 105.376 105.404 104.615 105.028 104.718 104.219 104.369 106.816 109.25 108.731 108.13 108.432 108.401 108.268 108.421 108.879 108.955 108.974 108.981 108.948 109.027 109.156 109.287 109.484 109.677 109.877 110.06 110.585 111.038 111.324 111.545 111.793 111.875 112.069 112.48 112.689 112.902 113.123 113.356 113.603 113.856 114.084 114.285 114.489 114.709 114.888 114.995 115.099
-9999 -9999 -9999 -9999 -9999 -9999 -9999 -9999 -9999 -9999 -9999 -9999 106.251 106.152 103.427 103.132 106.105 106.78 106.079 105.491 104.944 104.478 104.333 103.99 104.214 104.434 105.044 104.066 104.171 105.774 105.792 106.309 106.4 106.27 107.66 107.846 107.962 109.382 109.081 108.379 108.62 108.888 108.954 109.029 109.046 109.099 109.211 109.342 109.292 108.949 109.348 109.588 109.744 110.218 110.719 111.251 111.468 111.673 111.88 112.093 112.314 112.529 112.736 112.947 113.166 113.397 113.641 113.862 114.062 114.247 114.443 114.662 114.852 114.971 115.071
-9999 -9999 -9999 -9999 -9999 -9999 -9999 -9999 105.072 106.661 106.543 106.425 106.383 101.794 101.576 101.473 102.564 104.559 103.833 102.565 102.496 103.223 103.364 103.381 104.487 107.314 106.326 104.974 106.166 107.337 107.602 107.652 107.473 107.382 105.824 100.812 103.186 108.084 107.943 108.652 108.625 108.182 108.412 109.033 109.216 109.364 109.514 109.681 109.559 109.723 109.744 109.972 110.331 110.697 111.016 111.355 111.539 111.733 111.948 112.158 112.368 112.585 112.792 112.999 113.215 113.442 113.662 113.86 114.034 114.212 114.405 114.616 114.806 114.926 115.025
-9999 -9999 -9999 -9999 -9999 -9999 -9999 106.735 105.686 106.717 106.751 106.63 105.169 106.136 105.628 104.318 105.541 105.999 104.76 103.101 103.881 105.419 105.408 105.521 106.773 105.898 105.126 104.88 105.736 106.536 106.705 107.091 107.471 108.633 106.425 107.59 109.869 108.957 109.275 108.976 108.864 109.217 109.446 109.272 109.409 109.564 109.734 109.909 110.062 110.226 110.31 110.478 110.725 111.049 111.262 111.461 111.649 111.82 112.023 112.235 112.44 112.654 112.861 113.062 113.272 113.485 113.674 113.844 114.008 114.178 114.366 114.57 114.754 114.871 114.962
-9999 -9999 -9999 -9999 -9999 -9999 107.371 105.376 106.178 107.05 107.238 107.811 108.624 109.406 108.44 107.717 107.968 107.987 106.91 106.29 107.149 107.373 107.648 108.217 106.451 102.626 102.023 100.825 101.648 102.888 103.179 103.279 104.707 107.143 108.227 109.809 108.998 108.221 108.075 108.046 108.699 109.829 109.461 108.751 108.796 108.719 109.208 110.067 110.153 110.153 110.4 110.699 110.978 111.179 111.382 111.572 111.75 111.933 112.115 112.315 112.515 112.724 112.933 113.131 113.335 113.514 113.677 113.826 113.982 114.148 114.329 114.527 114.704 114.817 114.9
-9999 -9999 -9999 -9999 107.953 -9999 106.274 105.693 106.285 106.607 106.775 106.296 107.32 109.0 108.615 108.642 108.654 108.68 107.545 105.326 105.52 105.812 106.324 106.967 104.755 104.382 104.275 106.041 106.327 105.231 105.544 106.117 107.488 107.525 108.541 108.905 108.661 109.084 109.085 109.159 109.338 108.063 108.091 109.471 109.394 109.367 109.961 110.216 110.255 110.425 110.626 110.891 111.096 111.303 111.498 111.679 111.854 112.032 112.213 112.399 112.592 112.795 113.004 113.202 113.373 113.532 113.671 113.812 113.958 114.12 114.298 114.487 114.657 114.766 114.841
-9999 -9999 -9999 -9999 -9999 -9999 -9999 -9999 106.772 108.095 107.871 107.919 108.842 108.862 108.874 108.886 108.899 108.912 107.207 105.798 105.871 105.748 105.986 105.796 105.472 105.141 106.791 109.086 107.608 105.218 105.492 105.529 105.321 104.186 105.915 110.051 110.137 109.838 110.026 110.353 108.386 104.643 106.016 107.803 108.251 109.563 109.907 110.264 110.413 110.648 110.831 111.018 111.22 111.421 111.608 111.781 111.954 112.129 112.308 112.49 112.658 112.812 113.054 113.256 113.402 113.533 113.665 113.8 113.942 114.099 114.212 114.389 114.536 114.573 114.726
-9999 -9999 -9999 -9999 -9999 -9999 -9999 -9999 108.076 108.934 108.986 109.031 109.062 109.073 109.076 109.079 109.084 108.715 106.668 105.953 105.908 106.072 106.117 106.562 106.019 104.832 105.918 105.756 104.506 104.655 104.818 105.523 104.956 105.162 107.922 109.354 109.332 109.887 110.102 110.071 107.897 107.37 108.24 108.162 109.054 109.778 110.109 110.423 110.607 110.809 110.966 111.142 111.342 111.533 111.711 111.88 112.05 112.223 112.4 112.58 112.724 112.887 113.088 113.297 113.422 113.542 113.667 113.795 113.933 114.086 114.232 114.346 114.48 114.534 114.63
-9999 -9999 -9999 -9999 -9999 -9999 108.047 107.844 108.528 109.193 -9999 108.244 108.52 109.287 109.279 109.273 109.274 -9999 108.292 108.013 107.847 107.05 107.208 106.853 106.075 105.458 105.358 105.569 105.41 104.539 105.695 108.016 107.705 106.67 107.499 107.503 108.144 109.393 109.37 109.346 108.904 108.437 108.535 109.034 109.701 110.306 110.52 110.631 110.806 110.952 111.081 110.983 111.314 111.642 111.81 111.977 112.144 112.315 112.489 112.668 112.85 112.992 113.155 113.32 113.44 113.555 113.673 113.795 113.93 114.079 113.525 113.405 114.195 114.59 114.645
-9999 -9999 -9999 -9999 -9999 -9999 108.117 -9999 -9999 -9999 108.455 107.244 108.135 -9999 -9999 -9999 -9999 -9999 109.119 108.541 107.788 106.976 106.75 106.643 106.031 105.118 105.062 104.741 105.124 107.905 108.904 108.132 107.486 107.167 107.221 107.277 108.197 108.766 108.838 108.95 108.587 108.317 108.581 108.844 109.562 110.491 110.626 110.812 110.952 111.097 111.012 110.788 111.153 111.746 111.908 112.072 112.237 112.405 112.576 112.749 112.908 113.059 113.2 113.339 113.46 113.569 113.682 113.8 113.931 114.075 113.858 113.009 113.74 114.581 114.641
-9999 -9999 -9999 -9999 -9999 -9999 -9999 -9999 109.244 109.52 108.859 108.785 109.563 -9999 -9999 -9999 -9999 -9999 -9999 -9999 -9999 108.961 108.915 108.922 108.45 108.335 107.178 104.334 106.217 107.769 106.942 105.823 106.195 107.548 107.73 108.012 108.574 109.356 108.929 107.375 107.678 108.868 109.251 109.864 110.212 109.743 110.11 110.97 111.099 111.244 111.387 111.391 111.395 111.845 112.005 112.166 112.329 112.494 112.654 112.803 112.948 113.084 113.222 113.36 113.479 113.585 113.693 113.808 113.935 114.074 114.217 114.143 114.025 114.54 114.597
-9999 -9999 -9999 -9999 -9999 -9999 -9999 -9999 -9999 109.64 -9999 -9999 -9999 -9999 -9999 -9999 -9999 -9999 -9999 109.761 109.951 109.956 109.747 109.13 109.027 108.812 106.572 104.625 105.555 106.247 105.716 106.046 107.098 107.97 108.132 108.038 108.544 108.754 107.991 108.014 108.82 109.358 -9999 109.899 109.662 109.663 110.294 111.129 111.248 111.382 111.533 111.666 111.796 111.945 112.102 112.261 112.42 112.566 112.707 112.844 112.976 113.109 113.244 113.381 113.5 113.602 113.706 113.818 113.943 114.076 114.212 114.35 114.448 114.502 114.552
-9999 -9999 -9999 -9999 -9999 -9999 -9999 -9999 -9999 -9999 -9999 -9999 -9999 -9999 -9999 -9999 -9999 -9999 -9999 110.139 110.152 110.191 109.643 -9999 -9999 -9999 109.07 108.823 109.602 110.844 110.613 109.617 110.013 109.949 110.037 110.323 110.152 109.369 109.569 110.004 110.396 -9999 110.837 110.608 110.677 110.708 111.194 111.295 111.405 111.539 111.678 111.798 111.913 112.047 112.2 112.345 112.483 112.619 112.748 112.877 113.007 113.137 113.198 113.362 113.512 113.616 113.721 113.83 113.953 114.08 114.211 114.331 114.413 114.455 114.501
-9999 -9999 -9999 -9999 -9999 -9999 -9999 -9999 -9999 -9999 -9999 -9999 -9999 -9999 -9999 -9999 -9999 -9999 -9999 -9999 -9999 -9999 -9999 -9999 -9999 -9999 109.64 107.081 107.843 108.494 107.996 108.11 108.222 108.726 108.891 108.868 108.611 109.066 109.686 -9999 -9999 110.31 110.443 111.088 111.177 111.269 111.364 111.463 111.571 111.692 111.811 111.926 112.037 112.144 112.271 112.406 112.534 112.66 112.786 112.912 113.039 113.166 113.266 113.369 113.535 113.612 113.727 113.845 113.965 114.086 114.207 114.305 114.368 114.407 114.45
-9999 -9999 -9999 -9999 -9999 -9999 -9999 -9999 -9999 -9999 -9999 -9999 -9999 -9999 -9999 -9999 -9999 -9999 -9999 -9999 -9999 -9999 -9999 -9999 -9999 -9999 110.386 109.145 109.561 109.821 109.95 110.232 110.379 110.12 109.718 108.568 -9999 -9999 -9999 -9999 -9999 109.504 109.735 109.542 110.072 111.441 111.535 111.633 111.735 111.842 111.943 112.035 112.133 112.229 112.332 112.453 112.578 112.702 112.825 112.949 113.073 113.197 113.324 113.436 113.568 113.657 113.741 113.856 113.97 114.086 114.202 114.278 114.322 114.361 114.403
-9999 -9999 -9999 -9999 -9999 -9999 -9999 -9999 -9999 -9999 -9999 -9999 -9999 -9999 -9999 -9999 -9999 -9999 -9999 -9999 -9999 -9999 -9999 -9999 -9999 -9999 -9999 -9999 110.406 109.684 109.725 109.5 109.248 109.037 109.074 -9999 -9999 -9999 -9999 110.788 110.021 110.098 109.874 109.516 110.684 111.613 111.701 111.792 111.877 111.952 112.034 112.125 112.215 112.304 112.393 112.5 112.62 112.742 112.863 112.984 113.104 113.226 113.349 113.475 113.586 113.676 113.765 113.864 113.975 114.087 114.189 114.255 114.285 114.322 114.362
-9999 -9999 -9999 -9999 -9999 -9999 -9999 -9999 -9999 -9999 -9999 -9999 -9999 -9999 -9999 -9999 -9999 -9999 -9999 -9999 -9999 -9999 -9999 -9999 -9999 -9999 -9999 -9999 -9999 110.648 110.459 110.235 110.15 110.369 -9999 -9999 -9999 -9999 110.727 110.295 109.993 108.985 109.037 109.932 110.762 111.538 111.562 111.458 111.645 112.04 112.117 112.204 112.053 112.096 112.383 112.553 112.663 112.782 112.9 113.017 112.839 112.687 113.156 113.497 113.604 113.69 113.776 113.873 113.982 114.092 114.178 114.229 114.257 114.29 114.325
-9999 -9999 -9999 -9999 -9999 -9999 -9999 -9999 -9999 -9999 -9999 -9999 -9999 -9999 -9999 -9999 -9999 -9999 -9999 -9999 -9999 -9999 -9999 -9999 -9999 -9999 -9999 -9999 -9999 -9999 -9999 -9999 -9999 -9999 -9999 -9999 -9999 110.874 110.366 109.868 109.284 109.331 109.97 110.586 111.082 111.224 111.198 111.286 111.694 112.126 112.198 112.284 111.963 111.866 112.323 112.624 112.712 112.823 112.938 113.052 113.048 112.758 113.001 113.52 113.623 113.706 113.79 113.885 113.991 114.098 114.167 114.202 114.229 114.259 114.291
-9999 -9999 -9999 -9999 -9999 -9999 -9999 -9999 -9999 -9999 -9999 -9999 -9999 -9999 -9999 -9999 -9999 -9999 -9999 -9999 -9999 -9999 -9999 -9999 -9999 -9999 -9999 -9999 -9999 -9999 -9999 -9999 -9999 -9999 -9999 -9999 111.263 111.075 110.296 108.738 108.553 108.981 109.461 109.904 110.489 111.765 111.823 111.902 112.156 112.212 112.281 112.363 112.446 112.283 112.474 112.696 112.781 112.87 112.386 111.836 112.051 112.001 112.781 113.544 113.291 113.158 112.767 112.946 113.406 112.976 113.645 114.173 114.2 114.228 114.258
-9999 -9999 -9999 -9999 -9999 -9999 -9999 -9999 -9999 -9999 -9999 -9999 -9999 -9999 -9999 -9999 -9999 -9999 -9999 -9999 -9999 -9999 -9999 -9999 -9999 -9999 -9999 -9999 -9999 -9999 -9999 -9999 -9999 -9999 -9999 -9999 111.404 111.041 110.019 109.192 109.481 109.945 110.375 111.322 112.045 112.085 112.138 112.191 112.244 112.298 112.364 112.442 112.524 112.606 112.688 112.77 112.854 112.936 112.573 111.764 111.766 111.965 112.53 113.571 113.426 113.276 113.168 113.183 113.806 113.322 112.989 114.024 114.17 114.196 114.224
-9999 -9999 -9999 -9999 -9999 -9999 -9999 -9999 -9999 -9999 -9999 -9999 -9999 -9999 -9999 -9999 -9999 -9999 -9999 -9999 -9999 -9999 -9999 102.582 102.657 108.738 108.99 -9999 110.038 -9999 -9999 -9999 -9999 -9999 -9999 -9999 -9999 111.56 111.258 111.25 111.528 111.525 112.025 112.083 112.126 112.177 112.227 112.279 112.145 111.671 112.196 112.401 112.65 112.771 112.781 112.845 112.927 113.008 113.09 112.899 112.143 111.828 111.69 112.011 112.261 112.496 112.948 113.279 113.611 112.921 111.723 113.209 114.135 114.164 114.19
-9999 -9999 -9999 -9999 -9999 -9999 -9999 -9999 -9999 -9999 -9999 -9999 -9999 -9999 -9999 -9999 -9999 -9999 -9999 -9999 109.976 109.743 106.319 101.808 103.914 108.431 108.785 109.254 109.955 110.903 111.244 -9999 -9999 111.732 111.787 111.74 111.89 111.93 111.973 112.019 112.063 112.098 112.13 112.17 112.218 112.266 112.315 112.365 111.986 111.65 112.032 112.189 112.26 112.615 112.791 112.922 113.002 113.082 113.162 113.243 112.955 112.479 112.41 112.472 112.659 112.726 112.958 113.306 113.424 113.337 112.597 112.857 114.088 114.129 114.155
-9999 -9999 -9999 -9999 -9999 -9999 -9999 -9999 -9999 -9999 -9999 -9999 -9999 -9999 -9999 -9999 -9999 -9999 -9999 110.32 110.059 111.169 107.845 104.364 107.074 109.532 109.453 108.67 108.759 107.738 107.706 106.741 107.449 109.487 110.0 111.556 111.767 112.071 112.11 112.142 112.17 112.197 112.226 112.263 112.119 111.571 111.58 111.886 111.426 110.743 111.362 111.827 111.619 111.935 112.174 112.596 112.785 112.637 112.545 112.862 113.288 113.255 112.596 112.254 112.482 112.353 111.867 111.947 112.346 112.385 112.739 113.352 114.051 114.094 114.117
-9999 -9999 -9999 -9999 -9999 -9999 -9999 -9999 -9999 -9999 -9999 -9999 -9999 -9999 -9999 -9999 -9999 -9999 -9999 110.403 111.475 110.087 107.812 106.074 107.692 109.206 108.557 108.155 107.557 107.553 107.738 109.788 110.681 109.943 111.045 111.817 112.059 112.192 112.215 112.241 112.269 112.297 112.323 112.356 111.728 110.605 110.846 111.103 110.842 111.413 111.542 112.023 112.029 112.191 112.3 112.452 112.661 112.772 112.664 112.625 113.169 113.556 113.035 112.608 112.992 113.001 112.618 112.149 112.237 112.233 112.259 113.294 114.01 114.057 114.078
-9999 -9999 -9999 -9999 -9999 -9999 -9999 -9999 -9999 -9999 -9999 -9999 -9999 -9999 -9999 -9999 -9999 -9999 -9999 110.681 110.066 108.896 108.293 108.828 110.275 112.214 111.739 111.17 110.655 109.383 110.684 111.397 111.122 111.382 111.906 112.199 112.27 112.289 112.313 112.339 112.367 112.396 112.421 112.448 111.758 111.352 111.482 111.47 111.847 112.225 111.946 111.131 111.794 112.193 112.107 112.13 112.178 112.262 112.594 112.726 112.343 112.745 112.787 112.683 112.89 112.717 112.57 112.063 111.924 111.774 112.007 113.225 113.962 114.017 114.037
-9999 -9999 -9999 -9999 -9999 -9999 -9999 -9999 -9999 -9999 -9999 -9999 -9999 -9999 -9999 109.866 110.173 -9999 111.049 110.834 110.504 110.874 110.69 109.081 109.944 109.558 109.307 109.858 109.248 109.674 110.077 110.168 110.592 111.264 111.663 112.358 112.368 112.386 112.408 112.434 112.463 112.491 112.514 112.538 112.035 111.139 111.24 111.621 111.813 111.804 112.668 111.653 111.769 112.392 112.276 112.336 112.407 112.332 112.506 113.002 112.847 112.568 112.69 112.659 112.798 112.302 112.052 112.378 112.422 112.008 111.996 113.276 113.916 113.975 113.994
-9999 -9999 -9999 -9999 -9999 -9999 -9999 -9999 -9999 -9999 -9999 -9999 -9999 -9999 -9999 107.519 108.585 110.47 109.882 108.278 109.248 111.376 109.873 107.996 108.187 109.084 109.657 110.645 110.946 111.323 111.336 111.307 110.797 108.266 108.431 108.108 109.307 112.481 112.501 112.525 112.261 111.449 111.737 112.47 111.715 110.878 111.296 111.841 111.786 111.689 112.809 112.868 111.53 111.754 111.482 111.535 112.282 112.37 112.464 113.001 113.027 112.858 112.973 113.048 112.89 112.309 111.311 111.32 112.847 113.639 113.165 113.627 113.884 113.929 113.947
-9999 -9999 -9999 -9999 -9999 -9999 -9999 -9999 -9999 -9999 -9999 -9999 -9999 -9999 110.563 108.228 109.5 110.576 109.616 109.419 110.814 111.45 110.298 109.791 110.201 109.757 110.143 109.841 110.229 111.17 111.018 110.669 109.458 109.757 109.905 110.979 112.685 112.578 112.595 112.616 112.113 111.935 112.212 111.845 111.234 110.711 111.257 111.999 111.979 112.19 112.849 112.611 111.884 111.771 111.505 111.339 112.017 112.24 112.262 112.452 111.859 111.943 112.426 112.834 112.77 112.862 112.486 111.534 112.582 113.869 113.875 113.881 113.889 113.9 113.91
-9999 -9999 -9999 -9999 -9999 -9999 -9999 -9999 -9999 -9999 -9999 -9999 -9999 -9999 -9999 111.355 111.841 111.898 111.433 110.494 110.956 111.394 111.073 110.794 110.488 110.236 110.531 111.934 112.353 112.304 112.068 112.048 112.161 111.989 112.431 112.239 111.792 110.729 110.924 111.287 111.134 110.925 110.344 109.458 109.108 108.858 109.861 111.499 111.863 112.539 112.552 112.414 112.613 112.545 112.574 112.582 112.597 112.763 112.575 -9999 112.699 112.702 113.006 113.321 113.746 113.952 114.364 113.825 113.448 113.741 113.77 113.878 113.884 113.891 113.899
-9999 -9999 -9999 -9999 -9999 -9999 -9999 -9999 -9999 -9999 -9999 -9999 -9999 -9999 112.423 110.068 110.07 110.233 109.852 110.419 110.761 111.212 110.665 109.386 109.653 110.814 112.023 113.156 113.05 112.969 112.914 112.871 112.669 112.361 112.012 111.474 110.73 110.218 110.818 112.245 112.147 112.054 111.498 111.243 111.152 111.342 112.184 112.01 112.35 112.23 112.535 112.782 112.89 112.742 112.797 113.022 113.082 112.861 112.846 112.842 -9999 112.927 -9999 112.363 -9999 112.73 -9999 112.832 112.812 112.633 113.257 113.873 113.879 113.886 -9999
-9999 -9999 -9999 -9999 -9999 -9999 -9999 -9999 -9999 -9999 -9999 -9999 -9999 -9999 110.46 107.759 108.416 110.166 110.328 110.045 109.729 108.366 107.044 105.284 107.27 111.221 112.077 112.526 112.509 112.713 112.755 113.006 112.827 112.779 112.423 112.293 111.942 111.637 112.646 113.429 113.248 112.82 112.359 111.492 111.725 112.101 112.066 112.241 112.056 111.675 112.03 112.6 113.045 112.952 113.072 113.393 113.527 113.36 113.19 113.013 -9999 -9999 112.944 112.511 -9999 -9999 113.459 113.371 113.375 -9999 -9999 -9999 -9999 -9999 -9999
-9999 -9999 -9999 -9999 -9999 -9999 -9999 -9999 -9999 -9999 -9999 -9999 -9999 112.496 110.607 110.515 111.309 110.763 110.29 109.374 108.918 110.067 109.454 110.565 112.404 111.478 112.017 112.739 112.837 112.795 112.987 113.154 113.11 113.075 112.878 112.608 112.496 112.525 112.787 112.141 111.902 111.948 111.395 111.339 111.431 111.068 111.343 111.881 111.594 111.324 111.659 111.796 112.175 111.839 112.272 113.099 113.656 -9999 -9999 -9999 113.411 -9999 -9999 -9999 -9999 -9999 -9999 113.91 -9999 -9999 -9999 -9999 -9999 -9999 -9999
