Validation/Results/raw data/ReClimate_10_2024_1_Temperature.asc
NCOLS 192
NROWS 249
XLLCENTER -225160.85627316462
YLLCENTER 29788.11610251502
CELLSIZE 5000.0
NODATA_VALUE -9999
[rows 170 to 203 of 249, columns 77 to 153 of 192]
-9999 -9999 -9999 -9999 -9999 -9999 -9999 -9999 -9999 -9999 -9999 -9999 -9999 -9999 -9999 -0.09 -0.069 -9999 -9999 -9999 -9999 -9999 -9999 -9999 -9999 -9999 -9999 -9999 -9999 -9999 -9999 -9999 -9999 -9999 0.101 0.105 0.11 0.115 0.127 0.141 0.14 0.138 0.149 0.162 0.154 0.144 0.147 0.151 0.165 0.183 0.177 0.169 0.177 0.186 0.175 0.16 0.161 0.161 0.173 0.187 0.193 0.2 0.193 0.184 0.187 0.19 0.184 0.176 0.175 0.174 0.183 0.196 0.195 0.193 0.186 0.174 0.174
-9999 -9999 -9999 -9999 -9999 -9999 -9999 -9999 -9999 -9999 -9999 -9999 -9999 -9999 -9999 -0.084 -0.063 -0.044 -9999 -9999 -9999 -9999 -9999 -9999 -9999 -9999 -9999 -9999 -9999 -9999 -9999 -9999 -9999 0.098 0.101 0.116 0.119 0.116 0.129 0.143 0.143 0.141 0.148 0.148 0.143 0.141 0.147 0.161 0.171 0.171 0.165 0.157 0.17 0.182 0.179 0.17 0.17 0.17 0.177 0.188 0.191 0.197 0.196 0.191 0.184 0.18 0.185 0.184 0.18 0.176 0.183 0.193 0.2 0.204 0.197 0.186 0.188
-9999 -9999 -9999 -9999 -9999 -9999 -9999 -9999 -9999 -9999 -9999 -9999 -9999 -9999 -0.081 -0.078 -0.058 -0.039 -0.027 -9999 -9999 -9999 -9999 -9999 -9999 -9999 -9999 -9999 -9999 -9999 0.104 -9999 -9999 0.097 0.108 0.119 0.119 0.117 -9999 0.143 0.143 0.142 0.142 0.142 0.142 0.14 0.152 0.166 0.167 0.167 0.161 0.153 0.165 0.18 0.177 0.173 0.173 0.173 0.18 0.189 0.192 0.196 0.196 0.194 0.188 0.179 0.183 0.188 0.184 0.179 0.186 0.194 0.201 0.209 0.203 0.192 0.194
-9999 -9999 -9999 -9999 -9999 -9999 -9999 -9999 -9999 -9999 -9999 -9999 -9999 -9999 -0.075 -0.062 -0.049 -0.048 -0.039 -0.037 -0.031 -9999 -9999 -9999 0.009 0.023 -9999 0.067 0.093 0.108 0.11 0.106 -9999 -9999 0.123 0.127 -9999 -9999 0.137 0.134 0.133 0.129 0.132 0.139 0.14 0.141 0.15 0.158 0.156 0.154 0.159 0.157 0.154 0.159 0.164 0.164 0.169 0.172 0.177 0.184 0.171 0.164 0.181 0.19 0.183 0.174 0.179 0.184 0.18 0.174 0.179 0.185 0.186 0.191 0.187 0.177 0.186
-9999 -9999 -9999 -9999 -9999 -9999 -9999 -9999 -9999 -9999 -9999 -9999 -9999 -9999 -9999 -0.054 -0.05 -0.05 -0.045 -0.043 -9999 -9999 -0.008 0.001 0.012 0.025 0.055 0.087 0.099 0.11 0.109 0.107 0.115 -9999 0.126 0.13 0.133 0.135 0.134 0.131 0.129 0.125 0.132 0.139 0.141 0.142 0.148 0.155 0.153 0.15 0.155 0.16 0.156 0.152 0.156 0.161 0.166 0.173 0.178 0.184 0.171 0.155 0.17 0.189 0.183 0.174 0.179 0.185 0.18 0.174 0.179 0.185 0.186 0.186 0.182 0.174 0.182
-9999 -9999 -9999 -9999 -9999 -9999 -9999 -9999 -9999 -9999 -9999 -9999 -9999 -9999 -9999 -0.051 -0.045 -0.04 -0.034 -0.027 -0.021 -0.024 -0.011 0.004 0.016 0.034 0.066 0.102 0.107 0.096 0.103 0.12 0.128 0.132 0.14 0.152 0.149 0.128 0.132 0.144 0.142 0.137 0.146 0.158 0.164 0.169 0.173 0.168 0.169 0.17 0.171 0.175 0.166 0.159 0.16 0.164 0.167 0.173 0.177 0.182 0.186 0.18 0.18 0.19 0.19 0.186 0.192 0.199 0.197 0.193 0.194 0.198 0.188 0.182 0.186 0.184 0.191
-9999 -9999 -9999 -9999 -9999 -9999 -9999 -9999 -9999 -9999 -9999 -9999 -9999 -9999 -9999 -9999 -0.042 -0.035 -0.027 -0.02 -0.02 -0.023 -0.009 0.006 0.021 0.038 0.07 0.106 0.1 0.09 0.107 0.124 0.131 0.136 0.149 0.161 0.146 0.126 0.138 0.15 0.147 0.143 0.154 0.167 0.174 0.18 0.178 0.174 0.176 0.178 0.18 0.181 0.173 0.162 0.164 0.167 0.171 0.175 0.178 0.182 0.186 0.19 0.191 0.192 0.192 0.192 0.198 0.205 0.204 0.202 0.204 0.205 0.196 0.183 0.187 0.19 0.197
-9999 -9999 -9999 -9999 -9999 -9999 -9999 -9999 -9999 -9999 -9999 -9999 -9999 -9999 -9999 -9999 -9999 -9999 -0.028 -0.01 -0.006 0.002 0.014 0.021 0.038 0.06 0.086 0.104 0.103 0.109 0.126 0.14 0.145 0.142 0.152 0.154 0.142 0.133 0.14 0.139 0.138 0.139 0.147 0.153 0.159 0.167 0.167 0.172 0.173 0.172 0.172 0.173 0.176 0.172 0.175 0.179 0.174 0.174 0.186 0.195 0.193 0.194 0.192 0.191 0.196 0.198 0.199 0.202 0.201 0.199 0.198 0.197 0.188 0.175 0.184 0.19 0.19
-9999 -9999 -9999 -9999 -9999 -9999 -9999 -9999 -9999 -9999 -9999 -9999 -9999 -9999 -9999 -9999 -9999 -0.041 -0.023 -0.005 0.004 0.012 0.02 0.028 0.047 0.069 0.085 0.102 0.11 0.116 0.131 0.146 0.146 0.143 0.148 0.151 0.145 0.136 0.136 0.135 0.137 0.139 0.143 0.148 0.155 0.162 0.166 0.172 0.171 0.17 0.171 0.171 0.173 0.178 0.181 0.185 0.182 0.176 0.187 0.201 0.2 0.198 0.196 0.193 0.198 0.203 0.203 0.204 0.203 0.201 0.2 0.198 0.188 0.176 0.184 0.193 0.193
-9999 -9999 -9999 -9999 -9999 -9999 -9999 -9999 -9999 -9999 -9999 -9999 -9999 -9999 -9999 -9999 -0.047 -0.038 -0.023 -0.012 -0.005 0.001 0.01 0.023 0.043 0.069 0.084 0.1 0.108 0.117 0.122 0.105 0.11 0.127 0.132 0.138 0.136 0.138 0.142 0.152 0.152 0.145 0.148 0.148 0.155 0.163 0.164 0.159 0.158 0.158 0.169 0.174 0.18 0.185 0.182 0.182 0.182 0.179 0.186 0.197 0.196 0.194 0.198 0.199 0.197 0.198 0.202 0.205 0.201 0.198 0.203 0.204 0.204 0.198 0.198 0.203 0.196
-9999 -9999 -9999 -9999 -9999 -9999 -9999 -9999 -9999 -9999 -9999 -9999 -9999 -9999 -9999 -0.053 -0.044 -0.036 -0.025 -0.014 -0.008 -0.003 0.009 0.022 0.045 0.07 0.084 0.098 0.107 0.117 0.106 0.089 0.104 0.12 0.127 0.132 0.136 0.139 0.149 0.159 0.155 0.148 0.149 0.149 0.156 0.164 0.16 0.155 0.155 0.156 0.165 0.177 0.183 0.19 0.187 0.183 0.183 0.182 0.19 0.198 0.197 0.195 0.199 0.204 0.202 0.2 0.204 0.208 0.205 0.201 0.206 0.21 0.21 0.209 0.21 0.209 0.202
-9999 -9999 -9999 -9999 -9999 -9999 -9999 -9999 -9999 -9999 -9999 -9999 -9999 -0.06 -0.055 -0.046 -0.035 -0.022 -0.016 -0.018 -0.011 -0.003 0.011 0.028 0.045 0.054 0.067 0.083 0.093 0.11 0.109 0.122 0.129 0.115 0.119 0.118 0.125 0.138 0.146 0.149 0.149 0.155 0.153 0.144 0.151 0.158 0.154 0.15 0.15 0.15 0.156 0.165 0.182 0.196 0.187 0.178 0.19 0.196 0.191 0.191 0.198 0.2 0.197 0.197 0.197 0.195 0.194 0.195 0.21 0.218 0.214 0.213 0.225 0.232 0.215 0.209 -9999
-9999 -9999 -9999 -9999 -9999 -9999 -9999 -9999 -9999 -9999 -9999 -9999 -0.056 -0.056 -0.048 -0.043 -9999 -9999 -9999 -9999 -0.012 -0.0 0.015 0.032 0.04 0.049 0.062 0.077 0.091 0.106 0.12 0.134 0.126 0.112 0.113 0.112 0.124 0.138 0.143 0.146 0.152 0.158 0.152 0.144 0.15 0.157 0.153 0.149 0.15 0.15 0.155 0.162 0.179 0.199 0.191 0.179 0.19 0.203 0.198 0.191 0.197 0.204 0.202 0.198 0.197 0.196 0.195 0.194 0.209 0.227 0.224 0.219 0.23 0.243 0.227 0.206 0.205
-9999 -9999 -9999 -9999 -9999 -9999 -9999 -9999 -9999 -9999 -9999 -9999 -0.058 -0.061 -0.053 -9999 -9999 -9999 -9999 -9999 -0.014 -0.006 0.017 0.054 0.06 0.057 0.063 0.056 0.07 0.089 0.099 0.104 0.102 0.112 0.117 0.126 0.134 0.13 0.141 0.162 0.161 0.144 0.143 0.15 0.153 0.149 0.151 0.162 0.16 0.152 0.16 0.169 0.174 0.187 0.195 0.193 0.181 0.18 0.191 0.193 0.204 0.215 0.207 0.2 0.2 0.2 0.198 0.196 0.197 0.207 0.222 0.227 0.226 0.23 0.226 0.212 0.199
-9999 -9999 -9999 -9999 -9999 -9999 -9999 -9999 -9999 -9999 -9999 -9999 -9999 -9999 -0.052 -9999 -9999 -9999 -9999 -9999 0.009 -0.006 0.027 0.063 0.063 0.061 0.056 0.049 0.065 0.082 0.088 0.093 0.103 0.113 0.122 0.132 0.131 0.128 0.147 0.168 0.157 0.14 0.147 0.154 0.151 0.147 0.157 0.168 0.162 0.154 0.162 0.173 0.178 0.184 0.191 0.2 0.189 0.174 0.184 0.195 0.207 0.22 0.213 0.204 0.205 0.206 0.204 0.201 0.203 0.204 0.219 0.235 0.233 0.228 0.224 0.218 0.205
-9999 -9999 -9999 -9999 -9999 -9999 -9999 -9999 -9999 -9999 -9999 -9999 -9999 -9999 -9999 -9999 -9999 -9999 -9999 -9999 0.028 0.027 0.049 0.053 0.055 0.062 0.063 0.068 0.079 0.081 0.09 0.104 0.106 0.095 0.107 0.127 0.128 0.13 0.145 0.156 0.145 0.13 0.139 0.154 0.151 0.147 0.154 0.162 0.161 0.158 0.167 0.178 0.181 0.185 0.191 0.199 0.19 0.176 0.178 0.184 0.193 0.205 0.214 0.214 0.215 0.216 0.216 0.215 0.213 0.213 0.218 0.229 0.23 0.228 0.224 0.218 0.214
-9999 -9999 -9999 -9999 -9999 -9999 -9999 -9999 -9999 -9999 -9999 -9999 -9999 -9999 -9999 -9999 -9999 -9999 -9999 -9999 -9999 0.043 0.047 0.05 0.058 0.065 0.071 0.077 0.08 0.082 0.095 0.108 0.1 0.089 0.106 0.125 0.128 0.131 0.141 0.151 0.141 0.127 0.14 0.154 0.151 0.147 0.153 0.16 0.16 0.16 0.17 0.181 0.184 0.186 0.193 0.2 0.191 0.179 0.181 0.183 0.192 0.203 0.211 0.221 0.223 0.224 0.224 0.224 0.224 0.221 0.226 0.23 0.231 0.231 0.227 0.222 0.218
-9999 -9999 -9999 -9999 -9999 -9999 -9999 -9999 -9999 -9999 -9999 -9999 -9999 -9999 -9999 -9999 -9999 -9999 -9999 -9999 0.03 0.043 0.048 0.054 0.063 0.075 0.08 0.079 0.084 0.094 0.104 0.109 0.109 0.119 0.134 0.143 0.145 0.139 0.146 0.15 0.144 0.142 0.152 0.157 0.156 0.156 0.16 0.161 0.162 0.162 0.166 0.173 0.187 0.196 0.195 0.198 0.198 0.191 0.191 0.192 0.198 0.207 0.214 0.224 0.229 0.232 0.237 0.24 0.24 0.238 0.223 0.215 0.219 0.221 0.229 0.232 0.228
-9999 -9999 -9999 -9999 -9999 -9999 -9999 -9999 -9999 -9999 -9999 -9999 -9999 -9999 -9999 -9999 -9999 -9999 -9999 -9999 0.032 0.045 0.051 0.057 0.068 0.08 0.081 0.081 0.09 0.099 0.105 0.11 0.12 0.131 0.14 0.15 0.147 0.142 0.146 0.15 0.15 0.148 0.153 0.159 0.16 0.16 0.161 0.163 0.163 0.165 0.168 0.172 0.185 0.2 0.201 0.2 0.199 0.198 0.198 0.199 0.204 0.211 0.219 0.228 0.233 0.239 0.244 0.249 0.25 0.248 0.233 0.214 0.217 0.221 0.229 0.239 0.235
-9999 -9999 -9999 -9999 -9999 -9999 -9999 -9999 -9999 -9999 -9999 -9999 -9999 -9999 -9999 -9999 -9999 -9999 -9999 -9999 0.029 0.042 0.053 0.074 0.084 0.089 0.088 0.078 0.088 0.104 0.108 0.109 0.119 0.129 0.138 0.145 0.144 0.144 0.15 0.159 0.156 0.142 0.147 0.15 0.154 0.168 0.166 0.155 0.169 0.179 0.175 0.175 0.179 0.189 0.195 0.197 0.202 0.203 0.201 0.2 0.207 0.215 0.222 0.23 0.237 0.244 0.254 0.262 0.263 0.261 0.249 0.232 0.228 0.228 0.227 0.232 0.225
-9999 -9999 -9999 -9999 -9999 -9999 -9999 -9999 -9999 -9999 -9999 -9999 -9999 -9999 -9999 -9999 -9999 -9999 -9999 -9999 -9999 0.042 0.061 0.082 0.088 0.093 0.087 0.077 0.091 0.106 0.108 0.109 0.119 0.129 0.136 0.143 0.145 0.146 0.154 0.162 0.153 0.14 0.144 0.146 0.158 0.171 0.163 0.153 0.167 0.185 0.182 0.178 0.182 0.187 0.192 0.198 0.203 0.208 0.206 0.203 0.21 0.219 0.226 0.234 0.241 0.249 0.259 0.269 0.271 0.268 0.257 0.242 0.238 0.234 0.233 0.233 0.226
-9999 -9999 -9999 -9999 -9999 -9999 -9999 -9999 -9999 -9999 -9999 -9999 -9999 -9999 -9999 -9999 -9999 -9999 -9999 -9999 -9999 0.042 0.061 0.086 0.091 0.092 0.089 0.089 0.098 0.099 0.104 0.116 0.124 0.132 0.139 0.146 0.146 0.143 0.147 0.146 0.143 0.153 0.156 0.155 0.162 0.16 0.157 0.165 0.159 0.164 0.18 0.187 0.188 0.19 0.201 0.209 0.204 0.204 0.214 0.218 0.218 0.223 0.229 0.237 0.24 0.246 0.261 0.276 0.275 0.27 0.26 0.246 0.239 0.233 0.245 0.253 0.238
-9999 -9999 -9999 -9999 -9999 -9999 -9999 -9999 -9999 -9999 -9999 -9999 -9999 -9999 -9999 -9999 -9999 -9999 -9999 -9999 0.039 0.043 0.064 0.088 0.09 0.092 0.094 0.095 0.096 0.097 0.107 0.118 0.126 0.133 0.14 0.147 0.146 0.142 0.142 0.139 0.148 0.158 0.159 0.159 0.158 0.156 0.163 0.171 0.165 0.158 0.174 0.192 0.194 0.194 0.204 0.215 0.211 0.205 0.214 0.225 0.226 0.227 0.233 0.241 0.244 0.248 0.263 0.28 0.279 0.273 0.263 0.251 0.245 0.237 0.248 0.263 0.249
-9999 -9999 -9999 -9999 -9999 -9999 -9999 -9999 -9999 -9999 -9999 -9999 -9999 -9999 -9999 -9999 -9999 -9999 -9999 -9999 0.039 0.054 0.069 0.074 0.079 0.088 0.091 0.095 0.1 0.111 0.12 0.127 0.13 0.121 0.129 0.139 0.14 0.147 0.147 0.148 0.154 0.153 0.158 0.165 0.165 0.163 0.165 0.161 0.158 0.161 0.171 0.186 0.192 0.195 0.195 0.199 0.197 0.191 0.199 0.208 0.225 0.235 0.238 0.243 0.247 0.251 0.262 0.276 0.278 0.273 0.259 0.245 0.24 0.234 0.241 0.253 0.251
-9999 -9999 -9999 -9999 -9999 -9999 -9999 -9999 -9999 -9999 -9999 -9999 -9999 -9999 -9999 -9999 -9999 -9999 -9999 -9999 0.05 0.06 0.065 0.069 0.078 0.087 0.091 0.096 0.106 0.117 0.124 0.131 0.125 0.117 0.127 0.136 0.143 0.148 0.15 0.151 0.152 0.152 0.16 0.168 0.168 0.166 0.162 0.158 0.161 0.164 0.174 0.186 0.191 0.197 0.197 0.195 0.193 0.19 0.196 0.205 0.221 0.24 0.243 0.246 0.251 0.255 0.265 0.277 0.278 0.276 0.262 0.246 0.241 0.237 0.243 0.252 0.249
-9999 -9999 -9999 -9999 -9999 -9999 -9999 -9999 -9999 -9999 -9999 -9999 -9999 -9999 -9999 -9999 -9999 -9999 -9999 0.04 0.052 0.062 0.067 0.07 0.081 0.097 0.1 0.096 0.108 0.122 0.125 0.119 0.117 0.12 0.127 0.13 0.136 0.143 0.144 0.143 0.142 0.137 0.147 0.162 0.166 0.181 0.178 0.17 0.174 0.176 0.183 0.193 0.197 0.201 0.207 0.209 0.207 0.204 0.204 0.209 0.216 0.23 0.237 0.242 0.252 0.259 0.264 0.273 0.276 0.275 0.274 0.265 0.26 0.255 0.254 0.258 0.25
-9999 -9999 -9999 -9999 -9999 -9999 -9999 -9999 -9999 -9999 -9999 -9999 -9999 -9999 -9999 -9999 -9999 -9999 0.034 0.045 0.054 0.063 0.068 0.072 0.086 0.102 0.1 0.097 0.11 0.124 0.12 0.115 0.119 0.122 0.126 0.128 0.134 0.141 0.141 0.14 0.137 0.132 0.145 0.159 0.173 0.188 0.183 0.176 0.179 0.182 0.189 0.198 0.201 0.204 0.21 0.215 0.215 0.212 0.213 0.213 0.221 0.23 0.236 0.242 0.251 0.262 0.268 0.273 0.276 0.277 0.277 0.275 0.27 0.264 0.262 0.262 0.254
-9999 -9999 -9999 -9999 -9999 -9999 -9999 -9999 -9999 -9999 -9999 -9999 -9999 -9999 -9999 -9999 0.012 0.024 0.03 0.045 0.052 0.057 0.064 0.075 0.085 0.09 0.094 0.108 0.116 0.115 0.116 0.126 0.128 0.126 0.129 0.131 0.134 0.131 0.13 0.126 0.132 0.156 0.169 0.179 0.183 0.168 0.169 0.185 0.187 0.183 0.189 0.196 0.21 0.219 0.212 0.21 0.219 0.222 0.224 0.225 0.228 0.234 0.239 0.245 0.252 0.261 0.263 0.266 0.27 0.272 0.279 0.281 0.279 0.276 0.269 0.265 0.254
-9999 -9999 -9999 -9999 -9999 -9999 -9999 -9999 -9999 -9999 -9999 -9999 -9999 -9999 -9999 0.003 0.014 0.011 0.026 0.046 0.051 0.055 0.066 0.076 0.082 0.086 0.099 0.113 0.113 0.111 0.121 0.131 0.13 0.127 0.13 0.132 0.13 0.128 0.125 0.121 0.142 0.167 0.177 0.187 0.175 0.161 0.174 0.189 0.187 0.184 0.19 0.196 0.209 0.224 0.218 0.209 0.217 0.226 0.228 0.229 0.232 0.236 0.24 0.246 0.253 0.261 0.264 0.265 0.268 0.272 0.279 0.284 0.282 0.281 0.274 0.267 0.256
-9999 -9999 -9999 -9999 -9999 -9999 -9999 -9999 -9999 -9999 -9999 -9999 -0.031 -0.014 0.0 0.014 0.016 0.01 0.028 0.049 0.055 0.062 0.077 0.1 0.103 0.096 0.105 0.108 0.11 0.117 0.124 0.126 0.124 0.121 0.125 0.132 0.128 0.119 0.119 0.122 0.138 0.15 0.162 0.182 0.176 0.176 0.18 0.167 0.18 0.185 0.193 0.201 0.206 0.216 0.222 0.221 0.219 0.221 0.228 0.232 0.228 0.228 0.23 0.233 0.248 0.26 0.261 0.262 0.267 0.271 0.27 0.27 0.273 0.275 0.268 0.261 0.255
-9999 -9999 -9999 -9999 -9999 -9999 -9999 -9999 -9999 -9999 -0.035 -0.032 -0.019 -0.006 0.006 0.02 0.018 0.012 0.031 0.051 0.059 0.066 0.087 0.109 0.107 0.101 0.104 0.107 0.113 0.119 0.121 0.123 0.122 0.119 0.125 0.132 0.125 0.116 0.12 0.124 0.133 0.144 0.161 0.18 0.181 0.182 0.171 0.158 0.17 0.186 0.194 0.203 0.208 0.213 0.219 0.225 0.223 0.219 0.226 0.232 0.229 0.225 0.227 0.228 0.242 0.258 0.259 0.259 0.263 0.269 0.27 0.266 0.269 0.273 0.267 0.259 0.253
-9999 -9999 -9999 -9999 -9999 -9999 -0.045 -0.034 -0.034 -0.033 -0.029 -0.013 -0.003 -0.001 0.012 0.026 0.028 0.033 0.045 0.042 0.058 0.088 0.1 0.096 0.094 0.096 0.101 0.106 0.109 0.107 0.106 0.1 0.104 0.12 0.123 0.123 0.118 0.113 0.12 0.133 0.141 0.146 0.159 0.168 0.17 0.173 0.165 0.161 0.176 0.192 0.197 0.204 0.213 0.221 0.22 0.222 0.221 0.218 0.228 0.238 0.229 0.221 0.231 0.238 0.242 0.252 0.254 0.255 0.262 0.269 0.268 0.264 0.27 0.276 0.269 0.261 0.259
-9999 -9999 -9999 -9999 -9999 -0.051 -0.039 -0.032 -0.024 -0.024 -0.014 -0.002 0.003 0.005 0.017 0.03 0.037 0.042 0.042 0.04 0.068 0.098 0.095 0.091 0.093 0.095 0.101 0.106 0.105 0.102 0.098 0.092 0.105 0.12 0.12 0.119 0.117 0.112 0.124 0.137 0.141 0.146 0.154 0.163 0.166 0.169 0.166 0.163 0.176 0.193 0.198 0.202 0.212 0.222 0.221 0.219 0.218 0.216 0.226 0.238 0.23 0.219 0.228 0.241 0.244 0.248 0.25 0.252 0.258 0.266 0.265 0.261 0.268 0.276 0.27 0.263 0.261
-9999 -9999 -9999 -9999 -0.06 -0.045 -0.033 -0.025 -0.019 -0.014 -0.005 0.006 0.01 0.008 0.019 0.033 0.038 0.045 0.047 0.049 0.071 0.088 0.088 0.092 0.094 0.093 0.099 0.106 0.103 0.098 0.096 0.098 0.108 0.111 0.114 0.124 0.122 0.121 0.13 0.135 0.138 0.141 0.152 0.17 0.171 0.168 0.176 0.202 0.207 0.189 0.189 0.191 0.195 0.201 0.208 0.21 0.216 0.219 0.214 0.218 0.216 0.207 0.215 0.224 0.239 0.249 0.244 0.241 0.241 0.244 0.252 0.253 0.263 0.272 0.265 0.258 0.253
