Validation/Results/raw data/ReClimate_10_2024_1weatherlogisticsltd.asc
NCOLS 192
NROWS 249
XLLCENTER -225160.85627316462
YLLCENTER 29788.11610251502
CELLSIZE 5000.0
NODATA_VALUE -9999
[rows 99 to 131 of 249, columns 75 to 149 of 192]
92.316 92.282 92.312 92.381 92.291 92.258 92.297 -9999 -9999 92.773 93.114 93.472 93.721 93.968 94.181 94.433 94.567 94.506 94.727 94.968 95.211 95.492 95.699 95.865 96.131 96.501 96.417 96.094 96.287 96.651 96.748 97.008 97.197 97.366 97.493 97.577 97.715 97.861 97.966 98.022 98.078 98.142 98.214 98.287 -9999 -9999 -9999 -9999 -9999 -9999 -9999 -9999 -9999 -9999 -9999 -9999 -9999 -9999 -9999 -9999 -9999 -9999 -9999 -9999 -9999 -9999 -9999 -9999 -9999 -9999 -9999 -9999 -9999 -9999 -9999
92.452 92.401 -9999 -9999 92.199 92.16 -9999 -9999 -9999 92.494 92.807 93.209 93.496 93.805 94.005 94.126 94.252 94.589 94.791 94.932 95.171 95.326 95.586 95.999 96.145 95.936 95.908 96.21 96.449 96.501 96.688 96.79 96.91 96.975 97.092 97.279 97.414 97.556 97.663 97.723 97.78 97.843 97.914 97.986 -9999 -9999 -9999 -9999 -9999 -9999 -9999 -9999 -9999 -9999 -9999 -9999 -9999 -9999 -9999 -9999 -9999 -9999 -9999 -9999 -9999 -9999 -9999 -9999 -9999 -9999 -9999 -9999 -9999 -9999 -9999
-9999 92.374 92.237 92.033 -9999 -9999 -9999 -9999 92.285 92.35 92.623 93.006 93.338 93.663 93.733 93.671 93.976 94.238 94.367 94.435 94.74 95.197 95.55 95.878 95.543 94.843 95.285 96.054 96.148 96.273 96.384 96.505 96.583 96.673 96.785 96.823 97.032 97.259 97.363 97.421 97.471 97.525 97.585 -9999 -9999 -9999 -9999 -9999 -9999 -9999 -9999 -9999 -9999 -9999 -9999 -9999 -9999 -9999 -9999 -9999 -9999 -9999 -9999 -9999 -9999 -9999 -9999 -9999 -9999 -9999 -9999 -9999 -9999 -9999 -9999
92.84 92.858 92.729 92.711 92.511 92.197 -9999 -9999 92.349 -9999 -9999 92.373 92.745 93.303 93.329 93.385 93.654 93.943 94.202 94.756 95.093 95.246 95.464 95.461 95.151 95.212 95.655 95.734 95.859 95.983 96.104 96.224 96.327 96.438 96.507 96.656 96.832 96.972 97.074 97.13 97.174 97.229 -9999 -9999 -9999 -9999 -9999 -9999 -9999 -9999 -9999 -9999 -9999 -9999 -9999 -9999 -9999 -9999 -9999 -9999 -9999 -9999 -9999 -9999 -9999 -9999 -9999 -9999 -9999 -9999 -9999 -9999 -9999 -9999 -9999
93.145 93.046 92.988 92.887 -9999 -9999 -9999 92.477 92.422 92.17 92.104 92.156 92.624 93.282 93.317 93.311 93.612 93.925 94.458 95.039 95.054 94.832 94.903 95.053 95.17 95.346 95.424 95.493 95.659 95.836 95.974 96.035 96.13 96.18 96.304 96.432 96.562 -9999 -9999 96.847 -9999 -9999 -9999 -9999 -9999 -9999 -9999 -9999 -9999 -9999 -9999 -9999 -9999 -9999 -9999 -9999 -9999 -9999 -9999 -9999 -9999 -9999 -9999 -9999 -9999 -9999 -9999 -9999 -9999 -9999 -9999 -9999 -9999 -9999 -9999
93.296 93.198 -9999 92.986 -9999 -9999 -9999 92.55 92.449 92.488 92.474 92.505 92.869 93.084 93.068 93.171 93.455 93.783 94.239 94.598 94.466 94.333 94.451 94.479 94.672 94.889 94.914 94.879 95.1 95.41 95.508 95.67 95.734 95.805 95.96 96.161 -9999 96.416 96.516 96.569 96.632 -9999 -9999 -9999 -9999 -9999 -9999 -9999 -9999 -9999 -9999 -9999 -9999 -9999 -9999 -9999 -9999 -9999 -9999 -9999 -9999 -9999 -9999 -9999 -9999 -9999 -9999 -9999 -9999 -9999 -9999 -9999 -9999 -9999 -9999
93.504 -9999 -9999 -9999 -9999 92.947 92.822 92.747 92.72 92.682 92.676 92.708 92.828 92.916 93.001 93.246 93.475 93.689 93.983 94.286 94.196 94.079 94.077 93.962 94.168 94.337 94.396 94.57 94.801 95.122 95.236 95.278 95.302 95.233 -9999 95.883 96.001 96.111 96.214 96.282 96.383 -9999 -9999 -9999 -9999 -9999 -9999 -9999 -9999 -9999 -9999 -9999 -9999 -9999 -9999 -9999 -9999 -9999 -9999 -9999 -9999 -9999 -9999 -9999 -9999 -9999 -9999 -9999 -9999 -9999 -9999 -9999 -9999 -9999 -9999
-9999 -9999 -9999 -9999 -9999 93.1 93.037 92.945 92.873 92.88 92.877 92.912 92.957 92.956 93.107 93.264 93.339 93.432 93.668 93.914 93.828 93.743 93.744 93.867 94.084 94.376 94.525 94.521 94.753 94.878 94.994 95.208 95.233 95.358 95.586 95.598 95.709 95.839 95.969 96.051 96.129 96.218 -9999 -9999 -9999 -9999 -9999 -9999 -9999 -9999 -9999 -9999 -9999 -9999 -9999 -9999 -9999 -9999 -9999 -9999 -9999 -9999 -9999 -9999 -9999 -9999 -9999 -9999 -9999 -9999 -9999 -9999 -9999 -9999 -9999
-9999 -9999 -9999 -9999 93.471 -9999 -9999 93.04 93.078 93.309 93.247 93.14 -9999 -9999 93.194 93.408 93.414 93.443 93.6 93.791 93.714 93.617 93.825 94.21 94.41 94.52 94.508 94.325 94.055 93.114 93.674 94.77 94.953 95.264 95.316 95.37 95.501 95.63 95.74 95.815 95.907 96.025 96.195 -9999 -9999 -9999 -9999 -9999 -9999 -9999 -9999 -9999 -9999 -9999 -9999 -9999 -9999 -9999 -9999 -9999 -9999 -9999 -9999 -9999 -9999 -9999 -9999 -9999 -9999 -9999 -9999 -9999 -9999 -9999 -9999
-9999 -9999 -9999 -9999 93.679 -9999 93.359 93.234 93.312 93.325 93.214 93.216 93.166 93.131 93.259 93.315 93.285 93.249 93.303 93.378 93.363 93.433 93.673 93.767 93.847 93.923 93.822 93.788 93.493 93.925 94.547 94.631 94.868 95.031 95.112 95.204 95.345 95.5 95.535 95.433 95.576 95.747 -9999 -9999 -9999 -9999 -9999 -9999 -9999 -9999 -9999 -9999 -9999 -9999 -9999 -9999 -9999 -9999 -9999 -9999 -9999 -9999 -9999 -9999 -9999 -9999 -9999 -9999 -9999 -9999 -9999 -9999 -9999 -9999 -9999
-9999 -9999 -9999 -9999 93.886 -9999 93.635 93.538 93.477 93.4 93.287 -9999 93.192 93.203 -9999 93.66 93.542 93.305 93.257 93.175 93.26 93.475 93.552 93.525 93.567 93.556 93.658 94.001 94.249 94.291 94.418 94.612 94.752 94.888 94.997 95.129 95.279 95.394 -9999 -9999 -9999 -9999 -9999 -9999 -9999 -9999 -9999 -9999 -9999 -9999 -9999 -9999 -9999 -9999 -9999 -9999 -9999 -9999 -9999 -9999 -9999 -9999 -9999 -9999 -9999 -9999 -9999 -9999 -9999 -9999 -9999 -9999 -9999 -9999 -9999
-9999 -9999 94.354 94.234 -9999 -9999 93.884 93.734 93.626 93.496 93.371 93.348 93.332 93.291 -9999 93.178 93.106 93.281 93.124 92.918 93.0 93.132 93.165 93.262 93.41 93.801 94.022 94.027 94.083 94.121 94.233 94.241 94.41 94.635 94.779 94.97 95.127 -9999 -9999 -9999 -9999 -9999 -9999 -9999 -9999 -9999 -9999 -9999 -9999 -9999 -9999 -9999 -9999 -9999 -9999 -9999 -9999 -9999 -9999 -9999 -9999 -9999 -9999 -9999 -9999 -9999 -9999 -9999 -9999 -9999 -9999 -9999 -9999 -9999 -9999
-9999 94.705 94.579 94.454 -9999 94.183 94.053 93.902 93.764 -9999 93.535 93.532 93.455 93.413 -9999 93.162 93.22 93.17 93.045 93.058 93.044 93.023 92.878 92.404 92.825 93.4 93.54 93.883 -9999 93.978 94.071 94.289 94.469 94.612 94.748 94.865 -9999 -9999 -9999 -9999 -9999 -9999 -9999 -9999 -9999 -9999 -9999 -9999 -9999 -9999 -9999 -9999 -9999 -9999 -9999 -9999 -9999 -9999 -9999 -9999 -9999 -9999 -9999 -9999 -9999 -9999 -9999 -9999 -9999 -9999 -9999 -9999 -9999 -9999 -9999
-9999 94.93 94.804 -9999 -9999 94.36 94.235 94.088 -9999 93.784 93.7 93.618 93.512 93.407 -9999 93.262 93.202 93.144 93.114 93.055 92.963 92.876 92.652 92.927 93.285 93.441 93.655 93.721 93.779 93.834 -9999 -9999 94.19 94.46 -9999 -9999 -9999 -9999 -9999 -9999 94.935 95.028 95.096 -9999 -9999 -9999 -9999 -9999 -9999 -9999 -9999 -9999 -9999 -9999 -9999 -9999 -9999 -9999 -9999 -9999 -9999 -9999 -9999 -9999 -9999 -9999 -9999 -9999 -9999 -9999 -9999 -9999 -9999 -9999 -9999
95.305 95.171 -9999 -9999 94.784 94.633 94.472 94.204 -9999 94.03 93.881 93.742 93.607 93.508 -9999 -9999 -9999 93.15 93.089 93.05 92.971 92.935 93.011 93.038 93.223 93.489 93.532 93.475 93.515 93.511 93.574 93.686 93.976 94.377 -9999 -9999 -9999 -9999 -9999 94.716 94.803 94.862 94.859 94.781 -9999 -9999 -9999 -9999 -9999 -9999 -9999 -9999 -9999 -9999 -9999 -9999 -9999 -9999 -9999 -9999 -9999 -9999 -9999 -9999 -9999 -9999 -9999 -9999 -9999 -9999 -9999 -9999 -9999 -9999 -9999
95.557 95.424 -9999 -9999 -9999 94.817 94.593 94.386 -9999 94.229 -9999 93.843 93.692 93.56 -9999 93.308 93.221 93.154 -9999 92.991 92.919 92.802 92.79 92.902 93.041 93.139 93.168 93.297 93.361 93.5 93.636 93.829 94.068 94.099 94.191 94.23 94.356 -9999 94.528 94.584 94.648 94.734 94.808 95.055 95.205 95.394 -9999 -9999 -9999 -9999 -9999 -9999 -9999 -9999 -9999 -9999 -9999 -9999 -9999 -9999 -9999 -9999 -9999 -9999 -9999 -9999 -9999 -9999 -9999 -9999 -9999 -9999 -9999 -9999 -9999
95.827 -9999 -9999 -9999 -9999 95.088 94.907 94.753 -9999 94.42 -9999 93.982 93.804 -9999 93.502 93.373 93.258 93.158 93.061 92.986 92.886 92.838 92.842 92.818 92.879 93.122 93.187 93.167 93.288 93.385 93.56 93.726 93.703 93.566 93.626 93.635 93.797 94.083 94.149 94.231 94.264 94.186 94.512 94.904 95.167 95.617 95.906 96.24 96.775 -9999 -9999 -9999 -9999 -9999 -9999 -9999 -9999 -9999 -9999 -9999 -9999 -9999 -9999 -9999 -9999 -9999 -9999 -9999 -9999 -9999 -9999 -9999 -9999 -9999 -9999
96.115 -9999 -9999 -9999 -9999 95.358 95.2 95.032 94.804 -9999 -9999 94.141 93.944 -9999 93.62 93.458 93.323 93.192 93.074 92.983 92.911 92.859 92.808 92.752 92.756 92.63 92.728 92.97 93.144 93.422 93.543 93.582 93.584 93.74 93.807 93.906 94.034 93.929 94.043 94.279 94.414 94.822 95.121 95.327 95.657 95.861 96.098 96.391 96.576 97.112 -9999 -9999 -9999 -9999 -9999 -9999 -9999 -9999 -9999 -9999 -9999 -9999 -9999 -9999 -9999 -9999 -9999 -9999 -9999 -9999 -9999 -9999 -9999 -9999 -9999
-9999 -9999 -9999 -9999 -9999 95.617 95.452 95.262 94.991 -9999 -9999 94.308 94.092 -9999 -9999 93.567 93.409 93.258 93.124 93.0 92.812 92.489 92.426 92.384 92.322 92.613 92.806 92.928 93.109 93.17 93.257 93.395 93.533 93.644 93.771 93.907 93.675 93.193 93.474 93.813 94.34 95.101 95.338 95.631 95.857 96.117 96.444 96.899 97.044 97.076 -9999 -9999 -9999 -9999 -9999 -9999 -9999 -9999 -9999 -9999 -9999 -9999 -9999 -9999 -9999 -9999 -9999 -9999 -9999 -9999 -9999 -9999 -9999 -9999 -9999
-9999 -9999 -9999 -9999 -9999 95.89 95.705 95.474 -9999 -9999 -9999 -9999 94.241 -9999 93.847 93.672 93.506 93.348 93.198 93.061 92.828 92.753 92.682 92.621 92.7 92.675 92.722 92.749 92.843 92.97 93.132 93.333 93.439 93.526 93.615 93.636 93.562 94.023 94.247 94.303 94.788 94.951 95.256 95.616 95.888 96.224 96.579 96.815 96.962 97.285 97.641 -9999 -9999 -9999 -9999 -9999 -9999 -9999 -9999 -9999 -9999 -9999 -9999 -9999 -9999 -9999 -9999 -9999 -9999 -9999 -9999 -9999 -9999 -9999 -9999
-9999 -9999 -9999 96.517 96.349 96.176 95.969 -9999 -9999 95.191 -9999 -9999 -9999 -9999 93.967 93.781 93.606 93.44 93.285 93.14 93.022 92.898 92.772 92.593 92.537 92.58 92.601 92.772 92.962 93.257 93.397 93.422 93.473 93.414 93.35 93.192 93.643 94.095 94.232 94.454 94.738 95.212 95.56 95.922 96.211 96.481 96.686 96.812 97.126 97.487 97.79 -9999 -9999 -9999 -9999 -9999 -9999 -9999 -9999 -9999 -9999 -9999 -9999 -9999 -9999 -9999 -9999 -9999 -9999 -9999 -9999 -9999 -9999 -9999 -9999
-9999 -9999 -9999 -9999 96.658 96.48 96.256 -9999 95.682 95.407 95.138 -9999 -9999 -9999 -9999 93.893 93.708 93.534 93.371 93.218 93.064 92.925 92.848 92.965 92.947 92.945 92.897 92.776 92.974 93.085 93.162 93.308 93.339 93.456 93.45 93.667 93.953 93.996 94.322 94.798 95.165 95.403 95.696 95.894 96.173 96.506 96.699 96.981 97.318 97.68 97.987 98.354 -9999 -9999 -9999 -9999 -9999 -9999 -9999 -9999 -9999 -9999 -9999 -9999 -9999 -9999 -9999 -9999 -9999 -9999 -9999 -9999 -9999 -9999 -9999
-9999 -9999 -9999 -9999 96.681 96.536 96.431 -9999 96.194 95.642 95.354 -9999 -9999 -9999 -9999 -9999 93.807 93.629 93.456 93.301 93.171 93.076 93.087 93.01 92.911 92.719 92.6 92.726 92.781 92.738 92.921 93.199 93.264 93.332 93.596 93.911 94.07 94.357 94.798 95.253 95.447 95.541 95.754 95.97 96.308 96.706 96.952 97.164 97.512 97.875 98.164 98.503 98.947 -9999 -9999 -9999 -9999 -9999 -9999 -9999 -9999 -9999 -9999 -9999 -9999 -9999 -9999 -9999 -9999 -9999 -9999 -9999 -9999 -9999 -9999
-9999 -9999 -9999 -9999 97.328 97.158 -9999 -9999 96.449 95.88 95.585 95.3 -9999 -9999 -9999 -9999 -9999 93.723 93.548 93.421 93.312 93.209 93.114 93.014 92.877 92.817 92.89 93.177 93.126 93.01 93.195 93.259 93.272 93.352 93.672 94.094 94.351 94.578 95.002 95.461 95.586 95.66 95.891 96.132 96.478 96.792 97.038 97.346 97.716 98.087 98.34 98.69 99.117 99.544 99.986 -9999 -9999 -9999 -9999 -9999 -9999 -9999 -9999 -9999 -9999 -9999 -9999 -9999 -9999 -9999 -9999 -9999 -9999 -9999 -9999
-9999 -9999 -9999 -9999 98.082 98.043 -9999 -9999 96.634 96.147 95.808 -9999 -9999 -9999 -9999 -9999 -9999 93.811 93.663 93.546 93.428 93.317 93.209 93.105 93.006 92.86 92.867 92.757 92.735 92.785 92.762 92.603 92.671 92.702 93.231 93.806 94.141 94.579 95.048 95.634 95.739 95.835 96.071 96.286 96.586 96.887 97.139 97.326 97.647 97.921 98.64 99.017 99.431 99.845 100.265 -9999 -9999 -9999 -9999 -9999 -9999 -9999 -9999 -9999 -9999 -9999 -9999 -9999 -9999 -9999 -9999 -9999 -9999 -9999 -9999
-9999 -9999 -9999 -9999 99.005 98.35 -9999 -9999 -9999 96.389 96.029 95.712 -9999 -9999 -9999 -9999 -9999 93.911 93.774 93.668 93.541 93.421 93.307 93.196 93.077 93.005 92.902 93.043 93.015 92.887 92.795 92.876 93.074 93.514 93.922 94.168 94.551 94.919 95.375 95.662 95.825 96.021 96.239 96.44 96.738 97.047 97.33 97.777 98.03 98.551 98.962 99.364 99.765 100.167 100.572 -9999 -9999 -9999 -9999 -9999 -9999 -9999 -9999 -9999 -9999 -9999 -9999 -9999 -9999 -9999 -9999 -9999 -9999 -9999 -9999
-9999 -9999 -9999 99.702 99.505 98.918 -9999 -9999 -9999 -9999 -9999 -9999 -9999 -9999 -9999 -9999 -9999 94.111 93.939 93.789 93.652 93.524 93.401 93.282 93.184 93.07 92.979 92.777 92.719 92.835 92.833 92.885 93.304 93.752 93.854 93.733 94.227 95.056 95.332 95.603 95.823 96.06 96.303 96.598 96.903 97.22 97.565 97.866 98.428 98.886 99.284 99.678 100.068 100.458 100.85 101.034 -9999 -9999 -9999 -9999 -9999 -9999 -9999 -9999 -9999 -9999 -9999 -9999 -9999 -9999 -9999 -9999 -9999 -9999 -9999
-9999 -9999 100.684 100.44 100.087 99.709 -9999 -9999 -9999 -9999 -9999 -9999 -9999 -9999 -9999 94.844 94.552 94.305 94.097 93.911 93.761 93.624 93.492 93.366 93.241 93.118 92.912 92.838 92.876 92.988 93.08 93.244 93.63 93.963 93.986 94.146 94.749 95.174 95.436 95.677 95.926 96.162 96.456 96.759 97.072 97.398 97.705 98.26 98.768 99.192 99.581 99.965 100.346 100.725 101.106 101.337 -9999 -9999 -9999 -9999 -9999 -9999 -9999 -9999 -9999 -9999 -9999 -9999 -9999 -9999 -9999 -9999 -9999 -9999 -9999
-9999 -9999 101.201 100.717 100.372 -9999 -9999 -9999 -9999 -9999 -9999 -9999 -9999 -9999 -9999 95.017 94.746 94.495 94.266 94.061 93.835 93.572 93.465 93.407 93.282 93.172 93.029 92.929 92.942 93.127 93.378 93.689 94.032 94.374 94.516 94.674 95.003 95.249 95.433 95.509 95.835 96.313 96.454 96.322 96.778 97.497 98.079 98.607 99.084 99.475 99.858 100.233 100.605 100.975 101.346 101.603 -9999 -9999 -9999 -9999 -9999 -9999 -9999 -9999 -9999 -9999 -9999 -9999 -9999 -9999 -9999 -9999 -9999 -9999 -9999
-9999 -9999 -9999 -9999 -9999 -9999 -9999 -9999 -9999 -9999 -9999 -9999 -9999 -9999 -9999 95.216 94.94 94.687 94.449 94.223 93.963 93.784 93.66 93.503 93.366 93.207 93.055 92.942 92.98 93.252 93.563 93.826 94.088 94.189 94.415 94.791 95.102 95.53 95.699 95.957 96.301 96.473 96.628 97.168 97.597 97.893 98.417 98.928 99.356 99.741 100.115 100.484 100.848 101.21 101.573 101.842 -9999 -9999 -9999 -9999 -9999 -9999 -9999 -9999 -9999 -9999 -9999 -9999 -9999 -9999 -9999 -9999 -9999 -9999 -9999
-9999 -9999 -9999 -9999 -9999 -9999 -9999 -9999 -9999 -9999 -9999 -9999 -9999 -9999 95.884 95.428 95.125 94.809 94.586 94.4 94.175 93.951 93.755 93.609 93.432 93.237 93.082 92.964 93.061 93.384 93.684 93.983 94.195 94.484 94.846 95.313 95.596 95.711 95.938 96.1 96.344 96.677 97.121 97.463 97.7 98.223 98.743 99.222 99.614 99.992 100.36 100.723 101.081 101.436 101.79 102.066 -9999 -9999 -9999 -9999 -9999 -9999 -9999 -9999 -9999 -9999 -9999 -9999 -9999 -9999 -9999 -9999 -9999 -9999 -9999
-9999 -9999 -9999 -9999 -9999 -9999 -9999 -9999 -9999 -9999 -9999 -9999 -9999 -9999 96.145 95.653 95.338 95.095 94.847 94.561 94.313 94.091 93.873 93.627 93.417 93.262 93.103 93.009 93.192 93.518 93.832 94.112 94.357 94.467 94.777 94.918 95.237 95.917 96.08 96.205 96.53 96.861 97.225 97.601 98.025 98.543 99.048 99.475 99.858 100.231 100.596 100.952 101.304 101.653 102.0 102.277 -9999 -9999 -9999 -9999 -9999 -9999 -9999 -9999 -9999 -9999 -9999 -9999 -9999 -9999 -9999 -9999 -9999 -9999 -9999
-9999 -9999 -9999 -9999 -9999 -9999 -9999 -9999 -9999 -9999 -9999 -9999 -9999 97.007 96.4 95.855 95.531 95.274 94.96 94.661 94.418 94.188 93.934 93.708 93.508 93.31 93.123 93.075 93.321 93.654 93.96 94.24 94.422 94.63 94.818 95.077 95.599 96.019 96.232 96.589 96.834 96.945 97.342 97.821 98.341 98.855 99.326 99.715 100.093 100.461 100.82 101.173 101.521 101.857 102.177 102.441 102.675 -9999 -9999 -9999 -9999 -9999 -9999 -9999 -9999 -9999 -9999 -9999 -9999 -9999 -9999 -9999 -9999 -9999 -9999
