Validation/Results/raw data/ReClimate_01_2024_1.asc
NCOLS 192
NROWS 249
XLLCENTER -225160.85627316462
YLLCENTER 29788.11610251502
CELLSIZE 5000.0
NODATA_VALUE -9999
[rows 99 to 131 of 249, columns 75 to 149 of 192]
94.739 93.723 93.856 94.452 93.988 93.763 94.523 -9999 -9999 95.577 94.67 93.823 94.309 94.507 94.174 94.103 94.133 93.377 93.646 93.062 93.519 94.189 95.17 97.479 98.079 98.816 98.479 96.999 96.528 96.526 97.255 98.74 99.362 100.239 100.54 100.836 100.773 100.439 100.818 101.169 101.321 101.444 101.611 101.827 -9999 -9999 -9999 -9999 -9999 -9999 -9999 -9999 -9999 -9999 -9999 -9999 -9999 -9999 -9999 -9999 -9999 -9999 -9999 -9999 -9999 -9999 -9999 -9999 -9999 -9999 -9999 -9999 -9999 -9999 -9999
95.119 94.107 -9999 -9999 93.792 93.683 -9999 -9999 -9999 96.261 95.477 94.678 94.997 95.502 95.164 94.287 94.234 95.082 94.684 94.368 94.536 93.936 95.984 98.247 98.512 98.154 97.597 98.137 97.906 97.255 98.29 98.994 99.488 99.576 99.777 99.883 99.963 100.63 100.944 101.195 101.309 101.435 101.575 101.63 -9999 -9999 -9999 -9999 -9999 -9999 -9999 -9999 -9999 -9999 -9999 -9999 -9999 -9999 -9999 -9999 -9999 -9999 -9999 -9999 -9999 -9999 -9999 -9999 -9999 -9999 -9999 -9999 -9999 -9999 -9999
-9999 94.24 93.222 90.942 -9999 -9999 -9999 -9999 91.535 91.752 92.587 96.038 96.489 96.919 95.759 93.794 94.434 94.92 94.487 93.705 94.18 96.182 97.645 98.386 97.714 96.376 96.789 97.128 96.707 96.45 97.517 99.4 99.417 99.312 99.315 99.149 99.833 100.741 100.979 101.169 101.294 101.452 101.492 -9999 -9999 -9999 -9999 -9999 -9999 -9999 -9999 -9999 -9999 -9999 -9999 -9999 -9999 -9999 -9999 -9999 -9999 -9999 -9999 -9999 -9999 -9999 -9999 -9999 -9999 -9999 -9999 -9999 -9999 -9999 -9999
95.663 95.404 94.341 94.659 93.259 91.012 -9999 -9999 90.533 -9999 -9999 91.098 92.545 95.802 94.454 93.5 94.423 96.171 95.867 96.078 97.238 97.448 97.772 97.587 97.033 97.371 97.107 95.887 96.485 98.436 99.421 99.423 99.36 99.308 99.367 99.731 100.337 100.685 100.811 100.773 100.956 101.25 -9999 -9999 -9999 -9999 -9999 -9999 -9999 -9999 -9999 -9999 -9999 -9999 -9999 -9999 -9999 -9999 -9999 -9999 -9999 -9999 -9999 -9999 -9999 -9999 -9999 -9999 -9999 -9999 -9999 -9999 -9999 -9999 -9999
94.322 95.668 96.055 96.641 -9999 -9999 -9999 92.037 91.491 87.751 87.394 89.601 92.697 96.482 95.417 93.826 95.577 97.793 97.714 97.139 96.929 95.975 96.165 96.902 97.409 98.275 97.773 98.086 99.356 100.035 99.906 99.523 99.487 99.432 99.79 100.224 100.454 -9999 -9999 100.742 -9999 -9999 -9999 -9999 -9999 -9999 -9999 -9999 -9999 -9999 -9999 -9999 -9999 -9999 -9999 -9999 -9999 -9999 -9999 -9999 -9999 -9999 -9999 -9999 -9999 -9999 -9999 -9999 -9999 -9999 -9999 -9999 -9999 -9999 -9999
94.535 94.893 -9999 94.833 -9999 -9999 -9999 91.773 90.311 90.495 91.668 91.812 94.155 95.176 94.407 94.542 95.933 96.534 96.129 95.802 95.252 95.003 95.602 96.158 96.854 97.495 97.175 95.842 96.477 97.22 97.622 99.224 99.205 99.205 99.584 99.978 -9999 100.433 100.581 100.701 100.791 -9999 -9999 -9999 -9999 -9999 -9999 -9999 -9999 -9999 -9999 -9999 -9999 -9999 -9999 -9999 -9999 -9999 -9999 -9999 -9999 -9999 -9999 -9999 -9999 -9999 -9999 -9999 -9999 -9999 -9999 -9999 -9999 -9999 -9999
95.983 -9999 -9999 -9999 -9999 92.494 90.952 91.484 91.608 91.72 91.543 90.934 92.126 93.894 93.962 93.959 94.572 95.341 95.439 96.125 95.595 94.417 94.496 93.903 94.75 96.119 95.597 96.022 96.196 95.595 96.682 97.36 97.533 97.978 -9999 99.485 99.817 100.297 100.445 100.562 100.64 -9999 -9999 -9999 -9999 -9999 -9999 -9999 -9999 -9999 -9999 -9999 -9999 -9999 -9999 -9999 -9999 -9999 -9999 -9999 -9999 -9999 -9999 -9999 -9999 -9999 -9999 -9999 -9999 -9999 -9999 -9999 -9999 -9999 -9999
-9999 -9999 -9999 -9999 -9999 93.452 92.554 91.922 92.109 92.56 92.206 92.172 92.883 92.296 92.735 93.911 94.322 94.369 94.974 95.618 94.533 93.175 93.209 94.101 95.525 97.43 97.64 97.579 97.075 96.518 97.456 99.024 99.174 98.928 99.464 99.563 99.908 100.147 100.281 100.385 100.475 100.546 -9999 -9999 -9999 -9999 -9999 -9999 -9999 -9999 -9999 -9999 -9999 -9999 -9999 -9999 -9999 -9999 -9999 -9999 -9999 -9999 -9999 -9999 -9999 -9999 -9999 -9999 -9999 -9999 -9999 -9999 -9999 -9999 -9999
-9999 -9999 -9999 -9999 93.628 -9999 -9999 92.632 93.029 93.571 93.578 93.72 -9999 -9999 92.261 94.238 94.374 94.684 95.387 96.376 95.643 95.502 96.301 97.181 98.632 99.856 99.21 97.511 95.159 89.528 92.405 98.009 98.001 98.301 98.604 99.265 99.553 99.975 100.096 100.192 100.281 100.365 100.458 -9999 -9999 -9999 -9999 -9999 -9999 -9999 -9999 -9999 -9999 -9999 -9999 -9999 -9999 -9999 -9999 -9999 -9999 -9999 -9999 -9999 -9999 -9999 -9999 -9999 -9999 -9999 -9999 -9999 -9999 -9999 -9999
-9999 -9999 -9999 -9999 93.5 -9999 92.627 91.731 92.135 92.56 92.596 92.62 91.768 91.996 93.192 93.626 93.786 93.783 94.602 95.433 95.531 95.953 96.318 96.047 96.671 96.62 95.618 95.265 92.844 94.156 97.232 97.687 97.632 97.033 97.879 99.23 99.551 99.795 99.906 99.999 100.087 100.172 -9999 -9999 -9999 -9999 -9999 -9999 -9999 -9999 -9999 -9999 -9999 -9999 -9999 -9999 -9999 -9999 -9999 -9999 -9999 -9999 -9999 -9999 -9999 -9999 -9999 -9999 -9999 -9999 -9999 -9999 -9999 -9999 -9999
-9999 -9999 -9999 -9999 93.373 -9999 92.571 93.037 93.507 94.241 93.672 -9999 92.621 93.074 -9999 95.617 95.521 95.251 95.693 95.715 96.193 96.9 96.699 96.507 96.282 95.716 95.865 96.738 98.442 101.193 100.876 99.341 98.736 97.902 98.799 99.312 99.498 99.613 -9999 -9999 -9999 -9999 -9999 -9999 -9999 -9999 -9999 -9999 -9999 -9999 -9999 -9999 -9999 -9999 -9999 -9999 -9999 -9999 -9999 -9999 -9999 -9999 -9999 -9999 -9999 -9999 -9999 -9999 -9999 -9999 -9999 -9999 -9999 -9999 -9999
-9999 -9999 93.531 93.401 -9999 -9999 94.447 93.027 93.266 92.909 92.465 93.363 93.72 94.006 -9999 93.255 93.747 95.436 95.16 94.361 95.078 96.054 95.992 96.067 96.245 97.495 97.607 96.648 97.915 97.461 96.588 96.354 96.428 97.783 98.34 99.114 99.279 -9999 -9999 -9999 -9999 -9999 -9999 -9999 -9999 -9999 -9999 -9999 -9999 -9999 -9999 -9999 -9999 -9999 -9999 -9999 -9999 -9999 -9999 -9999 -9999 -9999 -9999 -9999 -9999 -9999 -9999 -9999 -9999 -9999 -9999 -9999 -9999 -9999 -9999
-9999 92.827 92.862 92.067 -9999 95.312 95.248 93.206 92.694 -9999 92.778 94.248 94.428 94.552 -9999 94.5 95.8 96.923 96.377 95.98 96.24 95.601 94.559 91.625 93.58 97.102 96.649 96.738 -9999 97.218 97.256 97.662 98.383 98.409 98.863 98.984 -9999 -9999 -9999 -9999 -9999 -9999 -9999 -9999 -9999 -9999 -9999 -9999 -9999 -9999 -9999 -9999 -9999 -9999 -9999 -9999 -9999 -9999 -9999 -9999 -9999 -9999 -9999 -9999 -9999 -9999 -9999 -9999 -9999 -9999 -9999 -9999 -9999 -9999 -9999
-9999 92.158 91.4 -9999 -9999 96.599 95.088 92.933 -9999 92.384 93.25 93.663 93.758 93.899 -9999 95.166 95.675 95.456 95.446 95.942 95.483 95.162 93.734 94.016 96.274 97.415 97.358 97.045 97.278 97.155 -9999 -9999 98.023 98.608 -9999 -9999 -9999 -9999 -9999 -9999 99.236 99.376 99.458 -9999 -9999 -9999 -9999 -9999 -9999 -9999 -9999 -9999 -9999 -9999 -9999 -9999 -9999 -9999 -9999 -9999 -9999 -9999 -9999 -9999 -9999 -9999 -9999 -9999 -9999 -9999 -9999 -9999 -9999 -9999 -9999
93.464 90.717 -9999 -9999 93.392 95.41 93.752 92.714 -9999 94.111 94.519 95.171 95.305 95.531 -9999 -9999 -9999 94.445 95.057 96.002 96.031 96.572 96.977 97.708 98.4 98.638 97.87 96.187 96.095 95.988 96.643 97.98 98.332 98.44 -9999 -9999 -9999 -9999 -9999 98.74 98.939 99.226 99.304 99.416 -9999 -9999 -9999 -9999 -9999 -9999 -9999 -9999 -9999 -9999 -9999 -9999 -9999 -9999 -9999 -9999 -9999 -9999 -9999 -9999 -9999 -9999 -9999 -9999 -9999 -9999 -9999 -9999 -9999 -9999 -9999
94.072 92.972 -9999 -9999 -9999 93.853 93.046 92.757 -9999 94.111 -9999 94.028 94.121 94.133 -9999 96.616 95.792 95.323 -9999 95.377 96.039 97.083 96.862 95.262 95.556 96.014 95.213 95.378 95.601 96.33 97.313 98.084 98.209 98.334 98.461 98.601 98.707 -9999 98.612 98.443 98.721 99.14 99.277 99.441 99.612 99.792 -9999 -9999 -9999 -9999 -9999 -9999 -9999 -9999 -9999 -9999 -9999 -9999 -9999 -9999 -9999 -9999 -9999 -9999 -9999 -9999 -9999 -9999 -9999 -9999 -9999 -9999 -9999 -9999 -9999
95.826 -9999 -9999 -9999 -9999 94.383 94.412 94.904 -9999 95.184 -9999 95.645 95.444 -9999 93.457 94.056 94.063 94.777 94.667 94.82 95.612 96.312 95.606 95.956 96.295 96.596 96.355 95.433 95.887 96.064 96.712 97.331 97.195 96.597 97.169 98.511 98.556 98.502 98.477 98.719 99.015 99.189 99.324 99.391 99.46 99.345 99.932 98.748 97.96 -9999 -9999 -9999 -9999 -9999 -9999 -9999 -9999 -9999 -9999 -9999 -9999 -9999 -9999 -9999 -9999 -9999 -9999 -9999 -9999 -9999 -9999 -9999 -9999 -9999 -9999
94.355 -9999 -9999 -9999 -9999 94.704 94.678 93.927 93.838 -9999 -9999 94.873 94.521 -9999 94.392 92.479 93.452 95.109 95.163 95.154 95.456 95.322 95.432 95.227 95.846 97.139 96.222 94.998 95.553 96.745 97.174 97.417 97.09 96.999 97.908 98.433 98.405 98.366 98.598 98.904 99.089 99.271 99.386 99.541 99.45 99.305 99.617 100.043 98.169 99.324 -9999 -9999 -9999 -9999 -9999 -9999 -9999 -9999 -9999 -9999 -9999 -9999 -9999 -9999 -9999 -9999 -9999 -9999 -9999 -9999 -9999 -9999 -9999 -9999 -9999
-9999 -9999 -9999 -9999 -9999 96.151 96.138 96.077 95.906 -9999 -9999 94.603 95.002 -9999 -9999 93.96 95.22 96.318 95.673 93.99 93.96 94.138 94.11 94.318 95.327 96.304 95.698 95.694 96.058 95.306 95.717 96.451 96.796 97.826 97.971 97.558 96.934 95.263 96.394 98.976 99.144 99.271 99.323 99.181 99.342 99.934 100.209 100.436 99.809 99.821 -9999 -9999 -9999 -9999 -9999 -9999 -9999 -9999 -9999 -9999 -9999 -9999 -9999 -9999 -9999 -9999 -9999 -9999 -9999 -9999 -9999 -9999 -9999 -9999 -9999
-9999 -9999 -9999 -9999 -9999 96.953 97.25 97.113 -9999 -9999 -9999 -9999 94.923 -9999 94.603 93.825 94.942 96.424 95.155 94.122 94.419 95.034 95.266 95.665 96.207 96.282 96.112 95.622 94.879 93.861 94.804 96.293 97.146 97.975 97.692 97.466 96.804 97.334 98.795 99.049 99.185 99.305 99.159 98.891 99.49 100.24 100.471 100.718 100.764 100.834 101.076 -9999 -9999 -9999 -9999 -9999 -9999 -9999 -9999 -9999 -9999 -9999 -9999 -9999 -9999 -9999 -9999 -9999 -9999 -9999 -9999 -9999 -9999 -9999 -9999
-9999 -9999 -9999 93.092 93.398 93.819 94.641 -9999 -9999 95.544 -9999 -9999 -9999 -9999 95.656 95.787 96.55 96.534 95.987 95.979 95.805 94.512 94.736 94.812 94.531 93.696 93.879 95.076 94.974 96.079 96.817 96.669 97.336 97.936 97.252 95.711 96.229 96.814 97.131 97.568 98.141 99.481 99.444 99.657 100.154 100.384 100.624 100.878 100.961 101.122 100.959 -9999 -9999 -9999 -9999 -9999 -9999 -9999 -9999 -9999 -9999 -9999 -9999 -9999 -9999 -9999 -9999 -9999 -9999 -9999 -9999 -9999 -9999 -9999 -9999
-9999 -9999 -9999 -9999 94.7 94.24 95.885 -9999 95.794 94.723 93.704 -9999 -9999 -9999 -9999 96.629 96.611 96.595 96.581 96.571 95.184 93.307 93.628 94.382 93.947 93.955 94.886 95.77 96.149 95.576 95.713 96.259 96.94 97.912 96.862 96.159 96.415 96.201 96.993 98.473 99.307 99.609 99.832 100.068 100.296 100.531 100.776 101.035 101.118 101.367 101.365 101.536 -9999 -9999 -9999 -9999 -9999 -9999 -9999 -9999 -9999 -9999 -9999 -9999 -9999 -9999 -9999 -9999 -9999 -9999 -9999 -9999 -9999 -9999 -9999
-9999 -9999 -9999 -9999 96.569 96.279 96.986 -9999 96.323 95.526 94.61 -9999 -9999 -9999 -9999 -9999 96.581 96.566 96.05 94.697 94.166 95.362 95.653 95.346 94.2 91.052 92.046 93.547 93.384 93.721 94.408 95.48 95.511 94.235 94.385 95.717 95.897 96.619 97.97 99.501 99.69 99.701 99.846 99.84 100.168 100.676 100.606 99.981 100.117 100.815 101.983 101.635 102.294 -9999 -9999 -9999 -9999 -9999 -9999 -9999 -9999 -9999 -9999 -9999 -9999 -9999 -9999 -9999 -9999 -9999 -9999 -9999 -9999 -9999 -9999
-9999 -9999 -9999 -9999 96.938 97.17 -9999 -9999 96.818 95.032 94.102 94.082 -9999 -9999 -9999 -9999 -9999 96.532 95.235 93.708 94.85 96.231 96.014 95.829 93.807 92.736 93.779 94.529 95.332 97.006 97.219 96.232 94.808 92.791 94.212 96.142 96.708 97.16 98.432 99.679 99.677 99.581 99.544 99.38 99.973 100.822 100.598 100.814 100.757 100.989 102.132 102.439 102.716 103.125 103.663 -9999 -9999 -9999 -9999 -9999 -9999 -9999 -9999 -9999 -9999 -9999 -9999 -9999 -9999 -9999 -9999 -9999 -9999 -9999 -9999
-9999 -9999 -9999 -9999 97.371 97.642 -9999 -9999 97.471 96.646 95.919 -9999 -9999 -9999 -9999 -9999 -9999 96.507 95.742 95.834 96.544 96.485 96.009 94.944 94.267 93.917 94.164 93.807 95.203 96.6 94.912 91.686 90.193 88.93 90.885 93.451 94.611 97.099 98.311 99.801 99.565 98.976 99.247 100.162 100.381 99.7 99.357 98.04 97.268 97.88 102.459 102.81 103.211 103.612 104.014 -9999 -9999 -9999 -9999 -9999 -9999 -9999 -9999 -9999 -9999 -9999 -9999 -9999 -9999 -9999 -9999 -9999 -9999 -9999 -9999
-9999 -9999 -9999 -9999 97.862 94.623 -9999 -9999 -9999 97.429 96.706 95.211 -9999 -9999 -9999 -9999 -9999 96.546 96.635 96.729 96.614 96.349 95.202 93.559 93.812 94.974 94.689 94.447 95.091 94.836 93.152 93.194 92.888 93.752 95.124 95.157 96.895 98.059 99.061 99.619 99.284 99.128 99.891 100.614 100.235 100.089 99.043 97.966 98.055 102.42 102.823 103.215 103.606 103.995 104.386 -9999 -9999 -9999 -9999 -9999 -9999 -9999 -9999 -9999 -9999 -9999 -9999 -9999 -9999 -9999 -9999 -9999 -9999 -9999 -9999
-9999 -9999 -9999 97.744 97.133 94.729 -9999 -9999 -9999 -9999 -9999 -9999 -9999 -9999 -9999 -9999 -9999 93.435 93.736 94.502 94.689 95.539 94.267 93.099 94.094 95.127 94.642 93.678 93.062 91.727 92.682 95.329 95.394 94.246 94.113 93.647 95.098 97.381 98.047 99.016 99.094 99.456 100.077 100.682 99.886 97.816 97.053 97.652 102.352 102.804 103.193 103.578 103.958 104.337 104.717 104.845 -9999 -9999 -9999 -9999 -9999 -9999 -9999 -9999 -9999 -9999 -9999 -9999 -9999 -9999 -9999 -9999 -9999 -9999 -9999
-9999 -9999 97.521 98.024 96.979 95.849 -9999 -9999 -9999 -9999 -9999 -9999 -9999 -9999 -9999 95.37 93.151 93.681 94.344 95.139 95.739 96.139 95.107 93.915 93.695 91.592 92.093 94.845 94.167 94.231 95.827 96.385 95.488 94.578 94.554 95.111 96.637 97.52 98.182 98.539 99.081 99.979 100.462 100.851 99.473 98.552 98.825 102.231 102.735 103.152 103.532 103.907 104.278 104.647 105.018 105.216 -9999 -9999 -9999 -9999 -9999 -9999 -9999 -9999 -9999 -9999 -9999 -9999 -9999 -9999 -9999 -9999 -9999 -9999 -9999
-9999 -9999 97.202 98.638 98.001 -9999 -9999 -9999 -9999 -9999 -9999 -9999 -9999 -9999 -9999 95.112 93.743 90.548 91.154 91.737 92.327 93.437 91.936 89.501 88.916 90.283 93.122 96.966 96.671 95.866 96.271 96.462 96.174 96.598 96.754 96.36 96.938 97.215 97.166 96.43 97.164 97.826 96.672 92.85 94.374 100.2 102.093 102.617 103.088 103.471 103.845 104.21 104.572 104.933 105.295 105.535 -9999 -9999 -9999 -9999 -9999 -9999 -9999 -9999 -9999 -9999 -9999 -9999 -9999 -9999 -9999 -9999 -9999 -9999 -9999
-9999 -9999 -9999 -9999 -9999 -9999 -9999 -9999 -9999 -9999 -9999 -9999 -9999 -9999 -9999 94.354 92.902 92.435 93.02 93.807 94.322 94.21 93.216 93.974 94.592 94.294 96.643 97.578 97.006 96.755 96.732 96.264 95.871 94.092 94.459 96.043 96.726 98.134 97.91 98.249 98.761 99.132 97.141 97.035 100.325 101.946 102.467 102.972 103.393 103.768 104.132 104.491 104.846 105.198 105.552 105.815 -9999 -9999 -9999 -9999 -9999 -9999 -9999 -9999 -9999 -9999 -9999 -9999 -9999 -9999 -9999 -9999 -9999 -9999 -9999
-9999 -9999 -9999 -9999 -9999 -9999 -9999 -9999 -9999 -9999 -9999 -9999 -9999 -9999 94.322 95.563 93.756 89.502 91.27 94.962 94.854 94.757 95.637 97.017 96.617 95.907 96.731 97.64 97.641 98.167 97.913 97.747 96.881 96.936 97.911 98.321 98.805 98.072 98.389 98.69 99.037 99.378 99.052 98.962 101.79 102.311 102.826 103.298 103.679 104.047 104.403 104.755 105.103 105.448 105.794 106.071 -9999 -9999 -9999 -9999 -9999 -9999 -9999 -9999 -9999 -9999 -9999 -9999 -9999 -9999 -9999 -9999 -9999 -9999 -9999
-9999 -9999 -9999 -9999 -9999 -9999 -9999 -9999 -9999 -9999 -9999 -9999 -9999 -9999 95.147 96.485 93.813 92.585 94.925 96.039 95.988 95.993 96.065 94.342 94.18 94.797 95.924 97.723 97.771 97.201 97.482 98.36 98.293 97.916 98.352 98.942 98.486 98.247 98.572 98.965 99.204 99.295 98.751 100.067 102.15 102.664 103.162 103.579 103.95 104.31 104.662 105.005 105.346 105.685 106.025 106.307 -9999 -9999 -9999 -9999 -9999 -9999 -9999 -9999 -9999 -9999 -9999 -9999 -9999 -9999 -9999 -9999 -9999 -9999 -9999
-9999 -9999 -9999 -9999 -9999 -9999 -9999 -9999 -9999 -9999 -9999 -9999 -9999 93.708 94.633 93.58 93.517 95.115 95.671 95.598 95.768 96.219 95.567 96.258 96.392 95.912 97.009 97.583 97.351 97.466 98.384 99.508 99.059 98.249 98.562 98.528 98.757 99.69 99.728 99.197 99.107 98.652 99.166 101.984 102.5 103.008 103.469 103.844 104.208 104.561 104.905 105.244 105.579 105.907 106.222 106.499 106.74 -9999 -9999 -9999 -9999 -9999 -9999 -9999 -9999 -9999 -9999 -9999 -9999 -9999 -9999 -9999 -9999 -9999 -9999
