Validation/Results/raw data/ReClimate_12_2023_1_Temperature-Actuals.asc
NCOLS 192
NROWS 249
XLLCENTER -225160.85627316462
YLLCENTER 29788.11610251502
CELLSIZE 5000.0
NODATA_VALUE -9999
[rows 204 to 237 of 249, columns 77 to 153 of 192]
-9999 -9999 7.677 -9999 7.152 6.761 6.439 6.092 5.98 5.787 5.779 5.73 5.488 5.312 5.046 5.52 5.423 5.473 5.664 5.897 5.854 5.864 5.344 4.865 3.83 3.311 4.588 4.466 4.56 4.106 4.509 5.311 4.795 3.699 5.019 5.246 5.136 5.152 5.624 5.97 5.815 5.547 5.645 5.97 6.119 6.239 6.128 5.816 5.224 4.912 4.813 4.992 5.104 5.228 5.162 4.914 4.993 5.141 5.294 5.364 5.385 5.34 5.205 5.209 5.268 5.247 5.339 5.38 5.296 5.325 5.259 5.297 5.46 5.435 5.366 5.263 5.247
-9999 -9999 -9999 -9999 -9999 -9999 6.392 6.485 6.292 6.114 6.047 5.905 5.699 5.45 5.715 5.701 5.768 5.79 5.708 5.878 5.669 5.553 4.85 4.14 3.42 3.673 3.62 3.934 3.343 3.483 4.819 4.821 4.763 5.628 5.041 5.185 5.601 5.825 6.022 5.687 5.428 5.15 5.587 6.04 6.149 6.212 6.116 5.507 4.842 4.732 4.753 5.015 5.0 5.137 5.081 5.194 5.244 5.411 5.558 5.603 5.532 5.432 5.366 5.357 5.431 5.458 5.369 5.259 5.121 5.146 5.312 5.297 5.419 5.365 5.459 5.561 5.49
-9999 -9999 -9999 -9999 -9999 -9999 6.699 6.522 6.39 6.34 5.928 5.691 5.5 5.724 5.89 5.94 6.021 5.63 5.507 5.743 5.859 5.774 5.159 4.925 4.782 4.578 4.323 4.131 3.64 3.957 3.667 4.259 4.915 4.739 4.474 5.647 5.829 5.96 5.567 5.499 5.055 5.35 5.692 6.115 6.125 5.928 5.196 4.781 4.813 4.944 4.868 4.961 5.036 5.108 5.271 5.23 5.487 5.655 5.811 5.819 5.626 5.453 5.352 5.396 5.521 5.517 5.377 5.046 5.085 5.127 5.16 5.364 5.453 5.538 5.63 5.811 5.664
-9999 -9999 -9999 -9999 7.381 7.117 6.877 6.635 -9999 6.402 6.258 6.129 6.327 6.363 6.395 -9999 6.07 5.758 5.823 5.515 5.967 5.215 5.222 5.059 4.894 4.885 5.138 4.737 4.433 4.27 4.172 4.402 4.785 4.027 4.871 5.68 5.625 5.874 5.766 5.315 5.428 5.68 5.975 6.084 5.942 5.282 5.177 4.888 4.964 4.925 5.093 5.154 5.181 5.301 5.426 5.485 5.634 5.675 5.91 5.88 5.741 5.585 5.527 5.485 5.497 5.405 5.16 5.047 4.988 5.208 5.278 5.392 5.514 5.525 5.562 5.845 5.787
-9999 -9999 -9999 -9999 7.358 -9999 -9999 -9999 6.697 6.647 6.585 -9999 -9999 -9999 -9999 -9999 6.254 6.046 5.662 6.233 5.947 5.775 5.682 5.464 5.604 5.679 4.292 4.219 4.967 4.92 4.824 4.697 4.309 4.418 5.434 5.519 5.83 5.818 5.256 5.607 5.731 6.151 6.152 6.137 5.753 5.304 5.288 5.03 5.145 5.264 5.28 5.35 5.458 5.51 5.573 5.594 5.671 5.661 5.747 5.892 5.653 5.6 5.53 5.486 5.316 5.252 5.149 5.005 5.072 5.343 5.503 5.541 5.521 5.513 5.619 5.806 5.838
-9999 -9999 -9999 -9999 -9999 -9999 7.14 6.926 6.815 7.014 6.915 -9999 -9999 -9999 -9999 -9999 -9999 -9999 -9999 6.512 6.384 6.393 6.553 6.2 5.866 4.628 4.176 4.15 4.334 4.679 4.769 4.786 4.853 4.845 5.171 5.792 5.855 5.085 5.487 5.67 6.376 6.35 6.271 6.213 5.493 5.371 5.225 5.21 5.309 5.436 5.503 5.543 5.541 5.582 5.519 5.565 5.654 5.729 5.717 5.802 5.66 5.517 5.322 5.226 5.359 5.18 5.128 5.188 5.276 5.436 5.626 5.531 5.538 5.709 5.987 6.125 5.856
-9999 -9999 -9999 -9999 -9999 -9999 -9999 7.013 -9999 -9999 -9999 -9999 -9999 -9999 -9999 -9999 -9999 6.516 6.499 6.415 6.426 6.849 6.967 6.692 5.896 5.196 4.465 4.214 4.578 5.276 5.097 4.756 4.893 5.107 5.775 6.079 5.755 5.564 5.877 6.307 -9999 6.35 6.229 5.859 5.183 5.147 5.305 5.376 5.499 5.52 5.606 5.582 5.566 5.528 5.61 5.643 5.736 5.754 5.768 5.683 5.548 5.353 5.095 5.099 5.181 5.481 5.378 5.373 5.535 5.606 5.748 5.796 5.687 5.897 6.264 6.446 6.315
-9999 -9999 -9999 -9999 -9999 -9999 -9999 -9999 -9999 -9999 -9999 -9999 -9999 -9999 -9999 -9999 -9999 6.784 6.674 6.801 6.817 -9999 -9999 -9999 6.443 5.394 5.401 5.134 5.465 5.395 4.935 5.051 5.586 5.841 6.042 6.294 6.189 6.348 6.487 -9999 6.406 6.069 5.988 5.453 5.104 5.365 5.452 5.564 5.554 5.52 5.598 5.631 5.588 5.557 5.46 5.526 5.599 5.557 5.654 5.72 5.517 5.123 5.127 5.161 5.372 5.609 5.701 5.585 5.72 5.862 5.939 6.054 6.102 5.919 6.289 6.587 6.551
-9999 -9999 -9999 -9999 -9999 -9999 -9999 -9999 -9999 -9999 -9999 -9999 -9999 -9999 -9999 -9999 -9999 -9999 -9999 -9999 -9999 -9999 -9999 -9999 6.984 6.317 5.719 5.748 5.847 5.728 5.542 5.742 6.025 6.25 6.452 6.615 6.733 -9999 -9999 6.658 6.293 6.011 5.842 5.423 5.268 5.433 5.51 5.635 5.704 5.54 5.58 5.615 5.395 5.187 5.115 5.057 5.019 5.226 5.36 5.502 5.5 5.311 5.224 5.438 5.445 5.642 5.879 5.847 5.867 5.923 6.066 6.215 6.339 6.511 6.572 6.754 6.697
-9999 -9999 -9999 -9999 -9999 -9999 -9999 -9999 -9999 -9999 -9999 -9999 -9999 -9999 -9999 -9999 -9999 -9999 -9999 -9999 -9999 -9999 -9999 -9999 6.828 6.507 6.306 6.187 5.849 5.735 5.917 6.151 6.453 6.62 -9999 -9999 -9999 -9999 -9999 6.609 6.21 6.027 5.879 5.493 5.325 5.443 5.465 5.621 5.701 5.551 5.326 5.367 5.109 4.926 4.86 4.958 4.987 5.047 5.332 5.368 5.594 5.7 5.576 5.776 5.783 5.834 5.969 6.021 6.106 6.167 6.205 6.233 6.387 6.621 6.809 6.838 6.598
-9999 -9999 -9999 -9999 -9999 -9999 -9999 -9999 -9999 -9999 -9999 -9999 -9999 -9999 -9999 -9999 -9999 -9999 -9999 -9999 -9999 -9999 -9999 -9999 -9999 -9999 6.561 6.037 5.733 5.884 6.011 6.377 6.678 -9999 -9999 -9999 -9999 6.673 6.389 6.236 6.418 6.262 5.975 5.413 5.342 5.354 5.443 5.607 5.629 5.357 5.085 5.036 5.1 4.948 4.983 4.992 5.245 5.316 5.386 5.571 5.616 5.847 6.013 5.964 5.95 5.934 5.938 5.911 6.083 6.277 6.359 6.42 6.372 6.497 6.591 6.648 6.499
-9999 -9999 -9999 -9999 -9999 -9999 -9999 -9999 -9999 -9999 -9999 -9999 -9999 -9999 -9999 -9999 -9999 -9999 -9999 -9999 -9999 -9999 -9999 -9999 -9999 -9999 -9999 6.434 6.141 6.196 6.368 6.65 -9999 -9999 -9999 -9999 6.636 6.447 6.169 6.09 6.121 6.178 6.036 5.756 5.749 5.434 5.517 5.581 5.346 5.207 5.155 5.01 5.14 5.181 5.241 5.321 5.422 5.551 5.528 5.523 5.648 5.806 5.856 5.884 5.809 5.871 5.912 5.898 5.979 6.222 6.344 6.406 6.445 6.427 6.408 6.285 6.212
-9999 -9999 -9999 -9999 -9999 -9999 -9999 -9999 -9999 -9999 -9999 -9999 -9999 -9999 -9999 -9999 -9999 -9999 -9999 -9999 -9999 -9999 -9999 -9999 -9999 -9999 -9999 -9999 -9999 -9999 -9999 -9999 -9999 -9999 -9999 6.451 6.511 6.362 6.083 5.901 6.144 6.092 5.862 5.939 5.712 5.548 5.758 5.622 5.409 5.253 5.217 5.231 5.134 5.187 5.251 5.13 5.305 5.397 5.46 5.469 5.491 5.672 5.762 5.724 5.685 5.672 5.808 5.927 6.017 6.121 6.217 6.183 6.21 6.184 6.182 5.896 5.665
-9999 -9999 -9999 -9999 -9999 -9999 -9999 -9999 -9999 -9999 -9999 -9999 -9999 -9999 -9999 -9999 -9999 -9999 -9999 -9999 -9999 -9999 -9999 -9999 -9999 -9999 -9999 -9999 -9999 -9999 -9999 -9999 -9999 -9999 6.562 6.456 6.168 6.026 5.242 5.71 6.067 5.861 5.786 5.746 5.558 5.695 5.757 5.752 5.571 5.39 5.38 5.115 5.008 4.877 5.021 5.125 4.873 5.112 5.264 5.413 5.54 5.648 5.727 5.711 5.693 5.719 5.727 5.855 5.991 6.054 6.038 5.932 5.687 5.763 5.725 5.562 5.203
-9999 -9999 -9999 -9999 -9999 -9999 -9999 -9999 -9999 -9999 -9999 -9999 -9999 -9999 -9999 -9999 -9999 -9999 -9999 -9999 -9999 -9999 -9999 -9999 -9999 -9999 -9999 -9999 -9999 -9999 -9999 -9999 -9999 -9999 6.654 6.477 6.468 6.007 5.631 5.421 5.504 5.599 5.676 5.526 5.69 5.68 5.703 5.44 5.21 5.171 5.287 5.264 5.125 5.143 5.023 5.108 5.19 5.151 5.278 5.364 5.514 5.679 5.737 5.736 5.671 5.666 5.754 5.824 5.884 5.835 5.577 5.512 5.408 5.391 5.575 5.481 5.24
-9999 -9999 -9999 -9999 -9999 -9999 -9999 -9999 -9999 -9999 -9999 -9999 -9999 -9999 -9999 -9999 -9999 -9999 -9999 -9999 -9999 5.232 4.976 4.569 4.903 -9999 5.472 -9999 -9999 -9999 -9999 -9999 -9999 -9999 -9999 6.679 6.555 6.345 6.095 5.793 5.423 5.336 5.413 5.659 5.663 5.63 5.371 5.201 5.327 5.307 5.413 5.387 5.307 5.4 5.503 5.519 5.431 5.477 5.389 5.292 5.208 5.389 5.573 5.564 5.533 5.579 5.587 5.684 5.807 5.7 5.419 5.327 5.497 5.443 5.54 5.604 5.597
-9999 -9999 -9999 -9999 -9999 -9999 -9999 -9999 -9999 -9999 -9999 -9999 -9999 -9999 -9999 -9999 -9999 -9999 6.439 6.129 5.637 5.085 4.47 4.285 4.579 4.737 5.25 6.032 6.645 -9999 -9999 6.491 6.816 6.905 6.878 6.69 6.564 6.582 6.424 6.131 5.771 5.455 5.536 5.691 5.625 5.241 5.442 5.621 5.439 5.51 5.603 5.602 5.501 5.508 5.615 5.656 5.743 5.672 5.529 5.362 5.331 5.214 5.238 5.415 5.505 5.603 5.757 5.648 5.744 5.34 5.231 5.315 5.468 5.56 5.588 5.707 5.642
-9999 -9999 -9999 -9999 -9999 -9999 -9999 -9999 -9999 -9999 -9999 -9999 -9999 -9999 -9999 -9999 -9999 6.37 6.432 6.217 5.87 5.212 4.375 4.136 4.389 4.639 4.987 5.338 6.001 6.432 6.332 6.242 6.206 6.633 6.66 6.644 6.497 6.366 6.463 6.253 5.793 5.714 5.739 5.613 5.142 5.469 5.411 5.514 5.608 5.656 5.712 5.658 5.48 5.569 5.61 5.694 5.684 5.73 5.596 5.442 5.266 5.13 5.302 5.473 5.591 5.366 5.511 5.76 5.731 5.766 5.383 5.451 5.495 5.527 5.555 5.555 5.655
-9999 -9999 -9999 -9999 -9999 -9999 -9999 -9999 -9999 -9999 -9999 -9999 -9999 -9999 -9999 -9999 -9999 6.362 6.611 6.686 6.25 5.393 4.945 4.695 4.482 4.783 5.091 5.395 5.299 5.383 5.766 5.94 6.063 6.007 6.436 6.608 6.479 6.491 6.283 6.095 6.133 6.08 5.886 5.5 5.505 5.49 5.373 5.593 5.661 5.719 5.707 5.63 5.46 5.433 5.739 5.808 5.826 5.856 5.796 5.67 5.525 5.257 5.186 5.535 5.641 5.535 5.38 5.656 5.911 5.995 5.946 5.784 5.502 5.43 5.465 5.444 5.304
-9999 -9999 -9999 -9999 -9999 -9999 -9999 -9999 -9999 -9999 -9999 -9999 -9999 -9999 -9999 -9999 -9999 6.674 6.911 6.579 6.362 5.881 5.833 5.481 5.445 5.414 5.445 5.427 5.113 5.352 5.965 6.148 6.175 6.349 6.565 6.63 6.566 6.34 6.121 6.173 6.142 6.034 5.761 5.751 5.691 5.636 5.596 5.651 5.535 5.553 5.711 5.844 5.775 5.769 5.862 5.844 5.881 6.0 5.775 5.665 5.69 5.405 5.098 5.438 5.739 5.696 5.676 5.832 6.071 6.247 6.141 5.881 5.68 5.618 5.673 5.672 5.595
-9999 -9999 -9999 -9999 -9999 -9999 -9999 -9999 -9999 -9999 -9999 -9999 -9999 6.789 6.322 -9999 6.564 6.881 6.486 6.282 6.335 6.416 6.214 6.052 5.674 5.425 5.459 5.585 5.615 5.856 6.161 6.404 6.406 6.36 6.393 6.498 6.58 6.4 6.28 6.17 6.073 5.77 5.929 5.878 5.741 5.495 5.388 5.501 5.37 5.427 5.648 5.905 5.933 5.946 5.988 6.125 6.072 6.138 6.001 5.642 5.762 5.692 5.617 5.63 5.924 5.94 5.838 5.907 6.145 6.343 6.36 6.166 6.014 5.953 5.954 5.914 5.953
-9999 -9999 -9999 -9999 -9999 -9999 -9999 -9999 -9999 -9999 -9999 -9999 -9999 6.535 6.071 6.253 6.423 6.418 6.235 6.388 6.148 6.062 6.083 5.667 5.586 5.471 5.423 5.65 5.677 5.866 6.165 5.917 5.691 5.89 6.223 6.551 6.61 6.391 6.201 6.033 5.928 5.835 5.989 5.839 5.88 5.786 5.603 5.489 5.568 5.593 5.788 5.876 5.925 5.975 6.248 6.327 6.369 6.415 6.27 5.944 5.827 5.751 5.613 5.641 5.457 5.699 5.852 5.912 6.143 6.292 6.263 6.19 6.163 6.189 6.127 6.112 6.1
-9999 -9999 -9999 -9999 -9999 -9999 -9999 -9999 -9999 -9999 -9999 -9999 6.903 6.428 6.145 6.079 6.106 6.186 6.257 6.22 6.115 6.179 6.103 5.821 5.741 5.517 5.555 5.759 6.091 6.293 6.035 5.536 5.596 5.685 5.923 6.437 6.446 6.361 6.304 6.131 6.019 5.945 5.959 5.996 6.099 6.012 5.705 5.853 5.836 5.881 5.903 5.943 5.921 5.908 6.274 6.667 6.782 6.629 6.584 6.284 6.137 6.084 5.976 5.868 5.614 5.444 5.54 5.33 5.782 5.68 5.687 6.022 6.18 5.843 5.716 5.767 6.098
-9999 -9999 -9999 -9999 -9999 -9999 -9999 -9999 -9999 -9999 -9999 -9999 -9999 6.742 6.276 6.149 6.256 6.31 6.364 6.358 6.321 6.254 6.175 6.036 5.906 5.967 5.976 6.163 6.223 6.345 5.811 5.498 5.554 5.416 5.789 6.151 6.145 6.219 6.253 6.142 5.965 5.971 5.958 5.966 5.945 5.799 6.059 5.935 5.967 5.985 6.01 5.985 5.951 6.047 6.242 6.642 6.897 -9999 6.675 6.562 6.28 6.286 6.316 6.24 6.064 5.885 5.889 5.785 5.804 5.958 5.68 5.789 6.135 6.169 5.746 5.607 5.973
-9999 -9999 -9999 -9999 -9999 -9999 -9999 -9999 -9999 -9999 -9999 -9999 7.003 6.882 6.417 6.284 6.287 6.244 6.334 6.38 6.298 6.213 6.055 6.087 6.261 6.332 6.306 6.36 6.449 6.235 5.995 5.968 5.825 5.585 6.039 6.217 5.825 6.037 6.003 5.545 5.673 5.567 5.527 5.676 5.707 5.861 6.032 6.165 6.123 6.124 6.077 6.063 6.022 6.091 6.283 6.541 6.858 6.999 -9999 6.854 -9999 6.733 -9999 6.512 -9999 6.307 6.293 6.32 6.352 6.424 6.348 6.454 -9999 -9999 -9999 6.357 6.198
-9999 -9999 -9999 -9999 -9999 -9999 -9999 -9999 -9999 -9999 -9999 -9999 7.021 6.65 6.305 6.286 6.249 6.164 5.974 6.074 5.928 5.938 6.007 6.197 6.418 6.506 6.601 6.649 6.581 6.437 6.201 6.082 5.839 6.063 6.448 5.96 6.057 6.464 6.075 5.843 5.708 5.512 5.675 5.931 5.95 6.113 6.224 6.199 6.347 6.376 6.277 6.269 6.254 6.288 6.464 6.593 6.834 6.995 -9999 -9999 7.129 7.154 -9999 -9999 6.719 6.687 6.677 -9999 -9999 -9999 -9999 -9999 -9999 -9999 -9999 -9999 -9999
-9999 -9999 -9999 -9999 -9999 -9999 -9999 -9999 -9999 -9999 -9999 6.744 6.639 6.415 6.306 6.508 6.546 6.213 6.026 5.741 5.305 5.293 5.706 5.977 6.168 6.346 6.637 6.733 6.607 6.506 6.318 5.992 6.003 6.311 6.332 6.477 7.032 6.87 6.446 6.024 5.71 5.934 6.189 6.182 6.329 6.363 6.411 6.544 6.69 6.631 6.632 6.674 6.779 6.71 6.763 -9999 -9999 -9999 6.96 -9999 -9999 -9999 -9999 -9999 -9999 6.796 -9999 -9999 -9999 -9999 -9999 -9999 -9999 -9999 -9999 -9999 -9999
-9999 -9999 -9999 -9999 -9999 -9999 -9999 -9999 -9999 -9999 6.861 6.124 6.007 6.199 6.612 6.742 6.669 6.407 6.034 5.226 4.408 4.685 5.611 5.787 5.778 6.426 6.436 6.778 6.788 6.58 6.759 6.916 7.05 -9999 -9999 -9999 -9999 -9999 7.059 6.523 6.129 6.185 6.348 6.533 6.646 6.727 6.708 6.777 -9999 6.861 -9999 -9999 -9999 -9999 -9999 6.91 6.822 6.683 6.585 6.728 7.19 -9999 -9999 -9999 -9999 -9999 -9999 -9999 -9999 -9999 -9999 -9999 -9999 -9999 -9999 -9999 -9999
-9999 -9999 -9999 -9999 -9999 -9999 -9999 -9999 -9999 7.356 6.325 5.656 5.735 6.172 6.425 6.649 6.733 6.247 5.691 4.719 4.177 4.541 5.109 5.431 6.1 6.105 6.714 6.923 6.994 7.198 -9999 -9999 -9999 -9999 -9999 -9999 -9999 -9999 -9999 -9999 7.02 6.883 6.929 6.758 6.691 6.66 6.768 6.529 6.904 -9999 -9999 -9999 -9999 -9999 -9999 -9999 7.018 6.693 6.701 6.785 -9999 -9999 -9999 -9999 -9999 -9999 -9999 -9999 -9999 -9999 -9999 -9999 -9999 -9999 -9999 -9999 -9999
-9999 -9999 -9999 -9999 -9999 -9999 -9999 7.487 7.526 6.991 6.21 5.686 5.522 5.667 6.189 6.685 6.456 6.07 5.571 4.894 4.374 4.808 5.237 5.677 5.857 6.887 6.679 6.873 -9999 -9999 -9999 -9999 -9999 -9999 -9999 -9999 -9999 -9999 -9999 -9999 -9999 7.581 -9999 -9999 -9999 -9999 -9999 7.086 6.944 -9999 -9999 -9999 -9999 -9999 -9999 -9999 -9999 -9999 6.833 6.807 -9999 -9999 -9999 -9999 -9999 -9999 -9999 -9999 -9999 -9999 -9999 -9999 -9999 -9999 -9999 -9999 -9999
-9999 -9999 -9999 -9999 -9999 -9999 7.537 -9999 7.153 6.917 6.322 5.787 5.553 5.627 6.133 6.313 6.174 6.433 6.171 5.305 4.906 5.137 5.786 6.051 6.548 7.016 7.219 7.63 -9999 -9999 -9999 -9999 -9999 -9999 -9999 -9999 -9999 -9999 -9999 -9999 -9999 -9999 7.567 -9999 -9999 -9999 -9999 -9999 -9999 -9999 -9999 -9999 -9999 -9999 -9999 -9999 -9999 -9999 -9999 -9999 -9999 -9999 -9999 -9999 -9999 -9999 -9999 -9999 -9999 -9999 -9999 -9999 -9999 -9999 -9999 -9999 -9999
-9999 -9999 -9999 -9999 -9999 7.735 7.525 6.822 6.946 6.926 6.486 6.246 6.014 6.04 6.295 6.208 6.379 -9999 6.377 5.665 5.127 4.849 5.473 6.484 6.877 7.273 7.54 -9999 -9999 -9999 -9999 -9999 -9999 -9999 -9999 -9999 -9999 -9999 -9999 -9999 -9999 -9999 -9999 -9999 -9999 -9999 -9999 -9999 -9999 -9999 -9999 -9999 -9999 -9999 -9999 -9999 -9999 -9999 -9999 -9999 -9999 -9999 -9999 -9999 -9999 -9999 -9999 -9999 -9999 -9999 -9999 -9999 -9999 -9999 -9999 -9999 -9999
-9999 -9999 -9999 -9999 -9999 7.722 7.166 6.765 6.654 6.666 6.554 6.455 6.265 6.492 6.657 6.674 7.051 6.937 6.683 6.121 5.232 5.083 5.964 6.52 7.142 7.339 7.285 -9999 -9999 -9999 -9999 -9999 -9999 -9999 -9999 -9999 -9999 -9999 -9999 -9999 -9999 -9999 -9999 -9999 -9999 -9999 -9999 -9999 -9999 -9999 -9999 -9999 -9999 -9999 -9999 -9999 -9999 -9999 -9999 -9999 -9999 -9999 -9999 -9999 -9999 -9999 -9999 -9999 -9999 -9999 -9999 -9999 -9999 -9999 -9999 -9999 -9999
-9999 -9999 -9999 -9999 7.866 7.456 6.976 6.521 6.395 6.614 6.712 6.727 6.76 6.928 6.757 7.108 7.311 7.177 6.812 6.501 6.025 5.987 6.373 6.871 7.087 7.023 -9999 -9999 -9999 -9999 -9999 -9999 -9999 -9999 -9999 -9999 -9999 -9999 -9999 -9999 -9999 -9999 -9999 -9999 -9999 -9999 -9999 -9999 -9999 -9999 -9999 -9999 -9999 -9999 -9999 -9999 -9999 -9999 -9999 -9999 -9999 -9999 -9999 -9999 -9999 -9999 -9999 -9999 -9999 -9999 -9999 -9999 -9999 -9999 -9999 -9999 -9999
