Validation/Results/raw data/ReClimate_01_2024_1_Precipitation-Actualsweatherlogisticsltd.asc
NCOLS 192
NROWS 249
XLLCENTER -225160.85627316462
YLLCENTER 29788.11610251502
CELLSIZE 5000.0
NODATA_VALUE -9999
[rows 132 to 164 of 249, columns 74 to 147 of 192]
-9999 -9999 -9999 -9999 -9999 -9999 -9999 -9999 -9999 -9999 -9999 -9999 -9999 125.308 137.223 161.054 180.78 189.221 192.858 234.249 252.967 276.073 271.545 209.124 181.471 186.089 188.453 175.009 164.09 161.741 148.349 139.974 136.176 128.545 125.629 139.861 150.512 150.56 140.2 146.701 143.48 132.316 145.444 150.726 142.759 136.205 126.346 116.123 102.53 89.223 82.555 76.283 74.323 66.196 66.563 62.991 55.982 52.397 -9999 -9999 -9999 -9999 -9999 -9999 -9999 -9999 -9999 -9999 -9999 -9999 -9999 -9999 -9999 -9999
107.97 -9999 -9999 -9999 -9999 -9999 -9999 -9999 -9999 -9999 -9999 -9999 -9999 127.105 161.935 166.078 178.078 176.65 190.921 229.255 280.053 295.45 257.746 219.546 186.277 182.468 179.936 177.738 183.34 151.707 139.25 135.636 127.516 123.33 124.246 136.201 136.155 129.633 122.876 127.725 124.114 125.9 133.083 138.586 134.671 131.087 123.895 104.159 92.878 85.821 75.03 72.277 72.307 64.204 60.037 61.261 55.648 53.364 -9999 -9999 -9999 -9999 -9999 -9999 -9999 -9999 -9999 -9999 -9999 -9999 -9999 -9999 -9999 -9999
128.74 -9999 -9999 -9999 -9999 -9999 -9999 -9999 -9999 -9999 -9999 -9999 118.582 148.625 154.657 166.404 173.878 173.569 180.714 222.82 248.567 254.636 271.272 226.575 197.349 174.686 168.855 177.03 158.0 145.304 134.061 120.193 124.002 113.939 114.005 117.967 118.608 112.01 105.65 105.196 108.751 106.142 119.069 124.314 120.312 117.346 108.853 101.489 91.837 83.478 70.376 63.02 65.684 63.866 58.93 57.031 56.462 53.928 50.348 -9999 -9999 -9999 -9999 -9999 -9999 -9999 -9999 -9999 -9999 -9999 -9999 -9999 -9999 -9999
119.57 -9999 -9999 -9999 -9999 -9999 -9999 -9999 -9999 -9999 -9999 111.241 -9999 136.346 153.365 160.157 164.44 156.025 155.946 170.395 185.997 238.309 264.422 230.609 189.885 161.547 153.897 148.388 145.282 143.711 139.167 132.135 126.172 104.435 98.543 98.612 98.716 92.165 86.148 88.264 90.034 96.115 98.253 97.913 103.431 104.342 96.712 87.903 81.851 67.786 69.005 68.812 61.809 60.131 56.769 55.325 55.278 53.939 51.285 -9999 -9999 -9999 -9999 -9999 -9999 -9999 -9999 -9999 -9999 -9999 -9999 -9999 -9999 -9999
117.837 108.699 -9999 -9999 -9999 -9999 -9999 -9999 -9999 -9999 -9999 110.664 -9999 124.125 130.769 132.639 135.763 136.927 139.326 139.657 159.552 206.789 221.123 206.533 180.048 156.012 143.303 135.757 145.281 156.909 165.609 -9999 -9999 -9999 -9999 -9999 -9999 81.011 76.196 78.342 81.575 81.059 79.99 95.517 107.34 97.187 85.368 86.72 75.086 74.552 74.167 63.339 61.787 57.493 59.783 53.361 50.905 50.071 50.529 47.749 -9999 -9999 -9999 -9999 -9999 -9999 -9999 -9999 -9999 -9999 -9999 -9999 -9999 -9999
120.271 111.437 96.862 -9999 -9999 -9999 -9999 -9999 -9999 -9999 -9999 108.438 107.975 106.115 108.681 117.924 123.026 131.622 133.295 131.046 145.588 177.46 202.448 190.258 177.987 156.645 142.995 149.639 141.128 151.941 142.788 -9999 -9999 -9999 -9999 79.635 78.488 75.819 73.858 72.594 75.718 78.492 91.117 112.336 120.818 103.337 97.339 81.929 69.87 81.48 71.877 67.157 65.294 61.658 57.61 62.394 57.362 49.692 50.294 45.927 -9999 -9999 -9999 -9999 -9999 -9999 -9999 -9999 -9999 -9999 -9999 -9999 -9999 -9999
110.958 105.363 101.086 92.438 -9999 -9999 -9999 -9999 -9999 -9999 -9999 102.463 95.389 94.943 -9999 -9999 112.309 119.527 124.726 126.938 -9999 141.381 155.639 158.244 156.231 139.547 143.996 140.186 132.652 -9999 -9999 -9999 -9999 -9999 82.435 78.796 77.338 73.236 74.208 71.87 73.384 84.324 101.341 130.347 143.194 129.833 125.013 97.106 98.474 87.407 83.776 80.769 70.855 70.48 62.666 58.493 57.859 54.852 49.474 46.681 -9999 -9999 -9999 -9999 -9999 -9999 -9999 -9999 -9999 -9999 -9999 -9999 -9999 -9999
100.402 102.846 103.807 90.599 -9999 -9999 -9999 -9999 -9999 -9999 -9999 -9999 93.138 87.709 -9999 -9999 -9999 107.393 113.464 117.406 113.113 -9999 -9999 128.644 124.653 124.557 142.702 143.541 -9999 -9999 -9999 -9999 -9999 98.831 85.398 80.841 78.216 78.432 76.627 71.923 79.171 93.07 106.091 128.125 137.416 152.824 135.447 131.259 124.886 121.282 105.917 96.882 88.523 73.605 62.918 62.095 57.223 54.911 53.592 50.583 -9999 -9999 -9999 -9999 -9999 -9999 -9999 -9999 -9999 -9999 -9999 -9999 -9999 -9999
88.718 93.159 91.454 -9999 -9999 -9999 -9999 -9999 -9999 -9999 -9999 -9999 -9999 85.038 -9999 -9999 -9999 -9999 103.108 112.407 110.172 -9999 -9999 -9999 123.009 126.697 -9999 -9999 -9999 -9999 -9999 -9999 -9999 94.514 90.224 95.629 93.541 95.619 93.751 90.884 87.896 91.253 101.773 106.066 124.186 137.212 147.323 154.983 148.326 134.848 110.972 106.203 97.656 79.053 66.936 64.204 59.322 52.94 55.176 51.672 -9999 -9999 -9999 -9999 -9999 -9999 -9999 -9999 -9999 -9999 -9999 -9999 -9999 -9999
86.44 86.926 -9999 -9999 -9999 -9999 -9999 -9999 -9999 -9999 -9999 -9999 -9999 90.977 -9999 -9999 -9999 -9999 -9999 103.165 105.213 -9999 -9999 -9999 -9999 -9999 -9999 -9999 -9999 -9999 -9999 -9999 -9999 92.653 108.028 109.123 112.215 117.74 126.531 112.228 93.284 95.873 95.442 108.337 133.497 160.621 175.246 171.053 157.424 124.919 113.999 97.996 85.783 80.016 72.798 65.635 58.542 53.808 56.772 57.206 48.644 -9999 -9999 -9999 -9999 -9999 -9999 -9999 -9999 -9999 -9999 -9999 -9999 -9999
80.671 -9999 83.687 82.867 79.267 71.463 -9999 -9999 -9999 -9999 -9999 -9999 -9999 89.622 -9999 -9999 -9999 -9999 -9999 -9999 -9999 -9999 -9999 -9999 -9999 -9999 -9999 -9999 -9999 -9999 -9999 -9999 99.676 100.596 116.39 115.447 122.582 159.081 157.121 147.04 122.73 101.46 98.264 88.643 116.654 162.9 187.31 177.633 156.813 161.144 150.847 122.345 98.314 75.961 70.347 66.496 60.876 56.882 56.099 57.167 53.566 47.468 -9999 -9999 -9999 -9999 -9999 -9999 -9999 -9999 -9999 -9999 -9999 -9999
78.332 80.133 81.023 77.65 71.911 69.967 -9999 -9999 -9999 -9999 -9999 -9999 -9999 -9999 -9999 -9999 -9999 -9999 -9999 -9999 -9999 -9999 -9999 -9999 -9999 -9999 -9999 -9999 -9999 -9999 -9999 115.914 106.529 122.342 134.402 145.917 175.604 219.902 204.94 165.591 133.791 114.018 87.81 85.598 107.059 149.411 183.942 168.964 161.641 153.773 143.223 120.22 98.923 85.376 71.746 64.46 57.376 54.179 51.475 52.932 49.812 45.716 -9999 -9999 -9999 -9999 -9999 -9999 -9999 -9999 -9999 -9999 -9999 -9999
76.069 78.954 79.315 74.938 -9999 65.889 65.851 -9999 -9999 -9999 -9999 -9999 -9999 -9999 -9999 -9999 -9999 -9999 -9999 -9999 -9999 -9999 -9999 -9999 -9999 -9999 -9999 -9999 -9999 -9999 -9999 125.947 122.998 141.247 178.665 207.024 213.777 203.958 208.247 192.14 165.15 137.62 112.686 100.617 101.825 127.148 143.831 164.068 145.102 138.38 120.141 103.311 81.887 73.081 63.551 59.738 55.039 52.548 49.038 48.462 46.537 42.528 41.256 42.405 -9999 -9999 -9999 -9999 -9999 -9999 -9999 -9999 -9999 -9999
76.892 80.378 79.292 73.165 -9999 -9999 65.45 -9999 -9999 -9999 -9999 -9999 -9999 -9999 -9999 -9999 -9999 -9999 -9999 -9999 -9999 -9999 -9999 -9999 -9999 -9999 -9999 -9999 -9999 -9999 -9999 134.366 138.907 167.994 214.195 244.926 242.129 259.189 258.438 231.467 211.76 193.4 154.25 128.958 111.802 92.501 112.969 119.316 109.298 119.855 113.276 95.003 78.906 68.674 60.556 52.499 54.192 49.381 46.684 45.594 44.89 45.895 51.389 51.286 51.722 50.673 59.544 -9999 -9999 -9999 -9999 -9999 -9999 -9999
76.784 79.473 79.178 75.114 66.642 -9999 65.655 -9999 -9999 -9999 -9999 -9999 -9999 -9999 -9999 -9999 -9999 -9999 -9999 -9999 -9999 -9999 -9999 -9999 -9999 -9999 -9999 -9999 -9999 -9999 108.265 138.747 160.986 210.898 290.592 336.717 343.606 289.141 278.629 281.828 281.85 241.704 212.566 175.755 128.002 104.411 113.974 98.293 104.188 118.798 107.785 92.304 84.358 70.652 63.303 57.836 54.037 49.859 41.098 41.465 45.354 47.137 54.503 68.416 66.382 65.971 64.064 62.244 65.599 -9999 -9999 -9999 -9999 -9999
82.729 81.842 83.069 75.687 -9999 66.477 -9999 -9999 -9999 -9999 -9999 -9999 -9999 -9999 -9999 -9999 -9999 -9999 -9999 -9999 -9999 -9999 -9999 -9999 -9999 -9999 -9999 -9999 -9999 -9999 -9999 110.383 145.862 202.229 266.188 314.592 378.905 395.959 299.72 286.642 262.728 270.577 245.59 188.907 148.478 132.809 124.996 123.4 146.669 133.927 126.845 121.093 107.064 85.065 71.006 64.366 56.456 51.918 47.769 45.534 47.495 52.932 60.052 70.964 70.499 70.649 72.043 69.728 68.302 66.896 -9999 -9999 -9999 -9999
95.145 84.973 79.84 73.717 71.58 71.124 -9999 -9999 -9999 -9999 -9999 -9999 -9999 -9999 -9999 -9999 -9999 -9999 -9999 -9999 -9999 -9999 -9999 -9999 -9999 -9999 -9999 -9999 -9999 -9999 -9999 -9999 113.46 156.866 198.096 280.416 354.846 317.367 264.362 227.217 231.78 236.747 205.26 185.942 176.655 159.916 152.156 170.602 163.632 157.831 160.536 142.864 117.185 99.818 80.389 68.723 57.823 50.998 49.431 50.585 52.168 64.061 69.646 86.458 97.468 89.987 91.369 76.185 73.217 69.385 64.012 -9999 -9999 -9999
97.369 85.562 78.117 70.353 72.901 -9999 -9999 -9999 -9999 -9999 -9999 -9999 -9999 -9999 -9999 -9999 -9999 -9999 -9999 -9999 -9999 -9999 -9999 -9999 -9999 -9999 -9999 -9999 -9999 -9999 -9999 -9999 100.956 134.435 174.834 226.728 284.788 286.552 229.09 206.904 188.838 176.444 166.501 158.98 169.769 193.664 184.403 188.562 190.873 168.734 140.516 138.976 112.927 99.948 87.125 68.327 58.754 53.908 50.804 55.19 63.643 71.647 83.113 86.229 92.327 92.37 96.549 91.977 79.365 77.662 70.226 59.368 -9999 -9999
113.862 98.302 82.362 73.795 67.615 -9999 -9999 -9999 -9999 -9999 -9999 -9999 -9999 -9999 -9999 -9999 -9999 -9999 -9999 -9999 -9999 -9999 -9999 -9999 -9999 -9999 -9999 -9999 -9999 -9999 -9999 -9999 -9999 124.244 153.427 195.39 229.461 204.042 197.728 170.979 161.318 153.564 139.211 140.883 163.867 179.294 200.452 193.831 187.126 162.655 157.688 138.257 121.57 96.486 83.651 66.484 61.168 59.718 52.194 56.918 67.802 73.513 82.301 92.083 94.814 89.661 88.252 86.542 86.236 80.333 79.218 65.591 -9999 -9999
128.966 -9999 -9999 -9999 -9999 -9999 -9999 -9999 -9999 -9999 -9999 -9999 -9999 -9999 -9999 -9999 -9999 -9999 -9999 -9999 -9999 -9999 -9999 -9999 -9999 -9999 -9999 -9999 -9999 -9999 -9999 -9999 -9999 113.71 149.335 165.126 163.723 171.384 149.418 166.287 160.843 131.664 131.599 134.598 154.254 204.713 198.116 199.338 180.797 183.887 149.696 129.636 112.737 98.744 81.277 69.167 58.881 56.202 57.877 55.615 66.449 75.69 78.934 82.2 82.413 77.674 80.382 79.372 82.337 81.348 73.03 68.745 55.959 -9999
147.935 -9999 -9999 -9999 -9999 -9999 -9999 -9999 -9999 -9999 -9999 -9999 -9999 -9999 -9999 -9999 -9999 -9999 -9999 -9999 -9999 -9999 -9999 -9999 -9999 -9999 -9999 -9999 -9999 -9999 -9999 -9999 -9999 -9999 128.527 126.808 136.025 140.683 140.828 138.088 117.179 117.421 120.292 126.18 151.085 180.738 207.389 201.33 201.13 184.141 174.652 163.665 138.791 121.515 100.087 80.699 65.312 65.39 58.656 56.632 57.447 67.376 75.265 73.713 66.667 62.167 58.246 60.881 61.407 62.428 60.857 60.023 56.025 -9999
111.805 -9999 -9999 -9999 -9999 -9999 -9999 -9999 -9999 -9999 -9999 -9999 -9999 -9999 -9999 -9999 -9999 -9999 -9999 -9999 -9999 -9999 -9999 -9999 -9999 -9999 -9999 -9999 -9999 -9999 -9999 -9999 -9999 -9999 110.908 -9999 112.323 113.192 115.01 109.596 -9999 108.908 116.688 122.642 137.202 176.778 196.685 192.15 190.323 179.129 175.915 186.442 162.256 132.947 114.079 96.136 75.231 64.042 60.411 51.954 55.812 59.125 63.059 64.539 61.728 55.515 53.533 51.71 55.124 55.377 56.55 63.907 64.434 58.599
-9999 -9999 -9999 -9999 -9999 -9999 -9999 -9999 -9999 -9999 -9999 -9999 -9999 -9999 -9999 -9999 -9999 -9999 -9999 -9999 -9999 -9999 -9999 -9999 -9999 -9999 -9999 -9999 -9999 -9999 -9999 -9999 -9999 -9999 -9999 101.891 100.249 -9999 -9999 -9999 -9999 99.878 105.716 107.969 121.693 133.241 138.123 153.979 165.472 167.481 163.28 165.471 171.754 144.121 119.348 99.989 83.008 67.306 58.39 51.232 51.635 56.802 60.14 62.719 60.364 59.249 55.42 52.322 54.168 61.305 61.648 63.037 65.123 64.327
-9999 -9999 -9999 -9999 -9999 -9999 -9999 -9999 -9999 -9999 -9999 -9999 -9999 -9999 -9999 -9999 -9999 -9999 -9999 -9999 -9999 -9999 -9999 -9999 -9999 -9999 -9999 -9999 -9999 -9999 -9999 -9999 -9999 -9999 -9999 93.11 92.586 -9999 -9999 -9999 -9999 93.413 110.72 101.082 108.137 114.177 128.213 126.82 133.401 156.332 154.188 145.557 153.933 142.397 127.715 104.184 85.79 67.723 57.382 51.703 48.666 49.655 54.15 57.653 59.199 63.176 59.872 57.341 57.711 64.275 70.563 70.845 68.253 62.688
-9999 -9999 -9999 -9999 -9999 -9999 -9999 -9999 -9999 -9999 -9999 -9999 -9999 -9999 -9999 -9999 -9999 -9999 -9999 -9999 -9999 -9999 -9999 -9999 -9999 -9999 -9999 -9999 -9999 -9999 -9999 -9999 -9999 -9999 -9999 88.904 -9999 -9999 -9999 -9999 88.593 100.413 108.796 121.368 134.587 147.036 138.318 115.82 137.329 147.72 129.82 134.615 131.421 127.463 119.515 103.812 82.77 67.665 58.071 53.909 50.229 48.207 49.813 53.034 54.945 57.568 64.774 68.56 68.456 68.48 69.908 68.12 64.404 60.528
-9999 -9999 -9999 -9999 -9999 -9999 -9999 -9999 -9999 -9999 -9999 -9999 -9999 -9999 -9999 -9999 -9999 -9999 -9999 -9999 -9999 -9999 -9999 -9999 -9999 -9999 -9999 -9999 -9999 -9999 -9999 -9999 -9999 -9999 -9999 -9999 -9999 -9999 -9999 -9999 84.685 97.368 111.815 143.692 166.855 172.258 144.353 126.67 120.461 118.143 111.405 117.829 122.949 118.323 113.838 101.452 83.232 71.848 64.826 56.549 50.557 48.402 49.003 50.55 52.536 55.891 60.068 71.118 77.347 67.716 65.634 60.238 56.999 54.978
-9999 -9999 -9999 -9999 -9999 -9999 -9999 -9999 -9999 -9999 -9999 -9999 -9999 -9999 -9999 -9999 -9999 -9999 -9999 -9999 -9999 -9999 -9999 -9999 -9999 -9999 -9999 -9999 -9999 -9999 -9999 -9999 -9999 -9999 -9999 -9999 -9999 -9999 -9999 -9999 82.464 89.369 118.175 153.115 179.697 167.849 141.304 116.395 112.384 106.451 98.028 97.799 94.966 102.42 99.109 92.142 80.172 69.514 63.795 57.783 52.711 50.521 50.088 48.858 49.25 53.151 57.243 62.947 69.175 66.008 61.18 65.599 57.825 53.333
-9999 -9999 -9999 -9999 -9999 -9999 -9999 -9999 -9999 -9999 -9999 -9999 -9999 -9999 -9999 -9999 -9999 -9999 -9999 -9999 -9999 -9999 -9999 -9999 -9999 -9999 -9999 -9999 -9999 -9999 -9999 -9999 -9999 -9999 -9999 -9999 -9999 -9999 -9999 77.448 80.006 87.458 113.853 155.937 173.961 150.94 134.609 106.079 104.297 103.795 98.027 96.41 99.6 90.749 86.993 78.499 73.044 62.295 58.828 54.62 51.477 51.114 49.093 47.814 47.514 49.308 53.516 57.355 61.644 60.592 58.726 55.508 57.955 53.338
-9999 -9999 -9999 -9999 -9999 -9999 -9999 -9999 -9999 -9999 -9999 -9999 -9999 -9999 -9999 -9999 -9999 -9999 -9999 -9999 -9999 -9999 -9999 -9999 -9999 -9999 -9999 -9999 -9999 -9999 -9999 -9999 -9999 -9999 -9999 -9999 -9999 -9999 -9999 79.038 78.578 87.421 105.343 133.248 122.707 124.018 108.373 110.941 124.747 107.785 103.526 101.451 96.077 92.511 83.019 79.785 75.82 69.499 59.191 55.345 51.803 49.542 47.924 46.562 46.206 47.093 50.004 53.599 54.364 56.951 56.749 55.006 52.045 51.77
-9999 -9999 -9999 -9999 -9999 -9999 -9999 -9999 -9999 -9999 -9999 -9999 -9999 -9999 -9999 -9999 -9999 -9999 -9999 -9999 -9999 -9999 -9999 -9999 -9999 -9999 -9999 -9999 -9999 -9999 -9999 -9999 -9999 -9999 -9999 -9999 -9999 -9999 77.127 75.261 75.824 80.611 96.141 99.675 102.385 104.566 104.219 108.352 108.657 102.923 102.498 112.835 104.771 86.513 82.922 76.751 71.166 66.959 64.042 56.435 53.162 50.143 47.375 47.095 46.508 45.832 49.827 53.168 54.227 55.969 59.142 56.61 53.834 52.67
-9999 -9999 -9999 -9999 -9999 -9999 -9999 -9999 -9999 -9999 -9999 -9999 -9999 -9999 -9999 -9999 -9999 -9999 -9999 -9999 -9999 -9999 -9999 -9999 -9999 -9999 -9999 -9999 -9999 -9999 -9999 -9999 -9999 -9999 -9999 -9999 -9999 -9999 72.77 71.777 71.013 77.456 83.808 86.52 92.106 99.34 100.08 99.871 102.707 106.512 132.968 129.123 115.974 98.721 83.858 78.057 68.477 59.773 59.247 57.822 52.426 49.202 47.976 46.076 46.358 46.076 45.369 47.411 50.072 55.713 62.35 57.771 53.145 52.616
-9999 -9999 -9999 -9999 -9999 -9999 -9999 -9999 -9999 -9999 -9999 -9999 -9999 -9999 -9999 -9999 -9999 -9999 -9999 -9999 -9999 -9999 -9999 -9999 -9999 -9999 -9999 -9999 -9999 -9999 -9999 -9999 -9999 -9999 -9999 -9999 -9999 -9999 72.25 70.474 73.822 76.833 77.767 81.095 87.774 99.774 106.031 109.732 119.214 133.38 140.761 129.256 112.556 96.338 82.885 76.523 69.979 61.402 56.408 53.438 50.171 47.275 46.453 46.306 46.108 46.885 46.925 45.915 46.149 50.887 56.286 57.73 53.956 52.36
-9999 -9999 -9999 -9999 -9999 -9999 -9999 -9999 -9999 -9999 -9999 -9999 -9999 -9999 -9999 -9999 -9999 -9999 -9999 -9999 -9999 -9999 -9999 -9999 -9999 -9999 -9999 -9999 -9999 -9999 -9999 -9999 -9999 -9999 -9999 -9999 -9999 -9999 -9999 68.969 70.505 72.199 71.598 81.098 101.55 116.31 123.255 133.278 128.183 142.926 134.166 125.679 109.225 87.03 78.397 67.054 64.714 58.718 53.911 52.087 48.474 46.355 45.917 45.037 42.904 45.176 47.002 45.723 41.496 46.088 51.402 52.156 -9999 50.243
