Validation/Results/raw data/ReClimate_03_2024_1.asc
NCOLS 192
NROWS 249
XLLCENTER -225160.85627316462
YLLCENTER 29788.11610251502
CELLSIZE 5000.0
NODATA_VALUE -9999
[rows 99 to 131 of 249, columns 74 to 147 of 192]
94.421 94.418 94.415 94.412 94.41 94.446 94.56 94.746 -9999 -9999 95.295 95.524 95.853 96.185 96.507 96.821 97.127 97.428 97.724 98.018 98.311 98.59 98.837 99.062 99.284 99.504 99.722 99.94 100.155 100.363 100.57 100.779 100.992 101.209 101.432 101.664 101.906 102.162 102.434 102.657 102.818 102.985 103.169 103.374 103.598 -9999 -9999 -9999 -9999 -9999 -9999 -9999 -9999 -9999 -9999 -9999 -9999 -9999 -9999 -9999 -9999 -9999 -9999 -9999 -9999 -9999 -9999 -9999 -9999 -9999 -9999 -9999 -9999 -9999
94.478 94.469 94.457 -9999 -9999 94.429 94.512 -9999 -9999 -9999 95.213 95.463 95.8 96.133 96.455 96.769 97.076 97.377 97.674 97.968 98.261 98.542 98.79 99.017 99.24 99.459 99.666 99.87 100.071 100.271 100.474 100.68 100.891 101.107 101.33 101.562 101.805 102.063 102.337 102.569 102.741 102.912 103.1 103.31 103.539 -9999 -9999 -9999 -9999 -9999 -9999 -9999 -9999 -9999 -9999 -9999 -9999 -9999 -9999 -9999 -9999 -9999 -9999 -9999 -9999 -9999 -9999 -9999 -9999 -9999 -9999 -9999 -9999 -9999
94.584 -9999 94.553 94.532 94.511 -9999 -9999 -9999 -9999 94.97 95.135 95.398 95.744 96.078 96.402 96.717 97.024 97.325 97.623 97.917 98.211 98.492 98.74 98.964 99.171 99.372 99.57 99.768 99.967 100.168 100.371 100.577 100.789 101.006 101.231 101.464 101.71 101.969 102.244 102.48 102.654 102.822 103.004 103.207 -9999 -9999 -9999 -9999 -9999 -9999 -9999 -9999 -9999 -9999 -9999 -9999 -9999 -9999 -9999 -9999 -9999 -9999 -9999 -9999 -9999 -9999 -9999 -9999 -9999 -9999 -9999 -9999 -9999 -9999
94.699 94.684 94.665 94.644 94.619 94.591 94.619 -9999 -9999 94.962 -9999 -9999 95.686 96.023 96.347 96.663 96.97 97.272 97.57 97.865 98.159 98.435 98.666 98.87 99.071 99.27 99.467 99.665 99.864 100.064 100.268 100.475 100.688 100.907 101.133 101.37 101.618 101.879 102.157 102.397 102.574 102.739 102.903 -9999 -9999 -9999 -9999 -9999 -9999 -9999 -9999 -9999 -9999 -9999 -9999 -9999 -9999 -9999 -9999 -9999 -9999 -9999 -9999 -9999 -9999 -9999 -9999 -9999 -9999 -9999 -9999 -9999 -9999 -9999
94.809 94.793 94.773 94.751 94.725 -9999 -9999 -9999 94.845 94.957 95.084 95.329 95.645 95.962 96.289 96.607 96.916 97.218 97.516 97.809 98.093 98.347 98.565 98.768 98.968 99.166 99.364 99.561 99.76 99.961 100.165 100.373 100.587 100.807 101.036 101.275 101.526 101.792 -9999 -9999 102.497 -9999 -9999 -9999 -9999 -9999 -9999 -9999 -9999 -9999 -9999 -9999 -9999 -9999 -9999 -9999 -9999 -9999 -9999 -9999 -9999 -9999 -9999 -9999 -9999 -9999 -9999 -9999 -9999 -9999 -9999 -9999 -9999 -9999
94.916 94.899 94.878 -9999 94.829 -9999 -9999 -9999 94.841 94.96 95.105 95.334 95.631 95.934 96.235 96.543 96.856 97.161 97.456 97.733 98.002 98.25 98.463 98.665 98.865 99.062 99.259 99.457 99.655 99.857 100.061 100.27 100.485 100.707 100.938 101.179 101.433 -9999 101.988 102.238 102.421 102.544 -9999 -9999 -9999 -9999 -9999 -9999 -9999 -9999 -9999 -9999 -9999 -9999 -9999 -9999 -9999 -9999 -9999 -9999 -9999 -9999 -9999 -9999 -9999 -9999 -9999 -9999 -9999 -9999 -9999 -9999 -9999 -9999
-9999 95.003 -9999 -9999 -9999 -9999 94.877 94.847 94.887 94.982 95.122 95.342 95.63 95.915 96.201 96.491 96.784 97.085 97.369 97.644 97.911 98.152 98.359 98.561 98.759 98.956 99.153 99.35 99.549 99.751 99.956 100.166 100.382 100.605 100.837 -9999 101.335 101.606 101.895 102.142 102.318 102.398 -9999 -9999 -9999 -9999 -9999 -9999 -9999 -9999 -9999 -9999 -9999 -9999 -9999 -9999 -9999 -9999 -9999 -9999 -9999 -9999 -9999 -9999 -9999 -9999 -9999 -9999 -9999 -9999 -9999 -9999 -9999 -9999
-9999 -9999 -9999 -9999 -9999 -9999 94.981 94.953 94.953 94.999 95.133 95.344 95.624 95.901 96.175 96.447 96.722 96.988 97.262 97.535 97.804 98.044 98.253 98.453 98.651 98.848 99.045 99.242 99.441 99.643 99.849 100.059 100.276 100.499 100.732 100.976 101.232 101.501 101.775 101.983 102.119 102.233 102.308 -9999 -9999 -9999 -9999 -9999 -9999 -9999 -9999 -9999 -9999 -9999 -9999 -9999 -9999 -9999 -9999 -9999 -9999 -9999 -9999 -9999 -9999 -9999 -9999 -9999 -9999 -9999 -9999 -9999 -9999 -9999
-9999 -9999 -9999 -9999 -9999 95.114 -9999 -9999 95.032 95.056 95.138 95.337 95.612 -9999 -9999 96.406 96.655 96.904 97.156 97.416 97.678 97.909 98.118 98.323 98.526 98.728 98.929 99.13 99.331 99.533 99.739 99.95 100.164 100.383 100.607 100.84 101.08 101.329 101.571 101.748 101.869 101.981 102.087 102.2 -9999 -9999 -9999 -9999 -9999 -9999 -9999 -9999 -9999 -9999 -9999 -9999 -9999 -9999 -9999 -9999 -9999 -9999 -9999 -9999 -9999 -9999 -9999 -9999 -9999 -9999 -9999 -9999 -9999 -9999
-9999 -9999 -9999 -9999 -9999 95.219 -9999 95.162 95.134 95.122 95.157 95.323 95.591 95.855 96.111 96.355 96.593 96.827 97.062 97.302 97.541 97.761 97.97 98.174 98.377 98.578 98.778 98.978 99.178 99.38 99.584 99.79 99.999 100.212 100.43 100.653 100.883 101.12 101.344 101.502 101.618 101.729 101.836 -9999 -9999 -9999 -9999 -9999 -9999 -9999 -9999 -9999 -9999 -9999 -9999 -9999 -9999 -9999 -9999 -9999 -9999 -9999 -9999 -9999 -9999 -9999 -9999 -9999 -9999 -9999 -9999 -9999 -9999 -9999
-9999 -9999 -9999 -9999 -9999 95.323 -9999 95.266 95.237 95.21 95.208 95.314 -9999 95.819 96.064 -9999 96.528 96.752 96.974 97.197 97.413 97.612 97.816 98.018 98.217 98.415 98.613 98.811 99.009 99.208 99.408 99.611 99.816 100.024 100.237 100.456 100.679 100.91 101.116 -9999 -9999 -9999 -9999 -9999 -9999 -9999 -9999 -9999 -9999 -9999 -9999 -9999 -9999 -9999 -9999 -9999 -9999 -9999 -9999 -9999 -9999 -9999 -9999 -9999 -9999 -9999 -9999 -9999 -9999 -9999 -9999 -9999 -9999 -9999
-9999 -9999 -9999 95.483 95.455 -9999 -9999 95.371 95.341 95.312 95.284 95.352 95.523 95.774 96.011 -9999 96.46 96.675 96.887 97.096 97.286 97.47 97.662 97.86 98.057 98.253 98.448 98.643 98.839 99.035 99.232 99.431 99.632 99.836 100.044 100.257 100.475 100.701 -9999 -9999 -9999 -9999 -9999 -9999 -9999 -9999 -9999 -9999 -9999 -9999 -9999 -9999 -9999 -9999 -9999 -9999 -9999 -9999 -9999 -9999 -9999 -9999 -9999 -9999 -9999 -9999 -9999 -9999 -9999 -9999 -9999 -9999 -9999 -9999
-9999 -9999 95.623 95.593 95.564 -9999 95.506 95.476 95.445 95.415 -9999 95.404 95.527 95.72 95.953 -9999 96.387 96.595 96.798 96.992 97.164 97.333 97.511 97.701 97.896 98.09 98.283 98.476 98.669 -9999 99.055 99.25 99.447 99.647 99.85 100.058 100.27 -9999 -9999 -9999 -9999 -9999 -9999 -9999 -9999 -9999 -9999 -9999 -9999 -9999 -9999 -9999 -9999 -9999 -9999 -9999 -9999 -9999 -9999 -9999 -9999 -9999 -9999 -9999 -9999 -9999 -9999 -9999 -9999 -9999 -9999 -9999 -9999 -9999
-9999 -9999 95.733 95.703 -9999 -9999 95.612 95.581 95.55 -9999 95.487 95.482 95.548 95.707 95.887 -9999 96.31 96.51 96.704 96.882 97.041 97.2 97.366 97.542 97.733 97.926 98.117 98.308 98.498 98.688 98.878 -9999 -9999 99.457 99.655 -9999 -9999 -9999 -9999 -9999 -9999 100.754 100.804 100.907 -9999 -9999 -9999 -9999 -9999 -9999 -9999 -9999 -9999 -9999 -9999 -9999 -9999 -9999 -9999 -9999 -9999 -9999 -9999 -9999 -9999 -9999 -9999 -9999 -9999 -9999 -9999 -9999 -9999 -9999
-9999 95.881 95.848 -9999 -9999 95.752 95.721 95.688 95.656 -9999 95.589 95.563 95.599 95.718 95.864 -9999 -9999 -9999 96.604 96.764 96.916 97.068 97.224 97.391 97.569 97.761 97.951 98.14 98.327 98.514 98.701 98.888 99.076 99.266 99.459 -9999 -9999 -9999 -9999 -9999 100.602 100.597 100.67 100.765 100.881 -9999 -9999 -9999 -9999 -9999 -9999 -9999 -9999 -9999 -9999 -9999 -9999 -9999 -9999 -9999 -9999 -9999 -9999 -9999 -9999 -9999 -9999 -9999 -9999 -9999 -9999 -9999 -9999 -9999
96.033 96.0 95.967 -9999 -9999 -9999 95.832 95.798 95.763 -9999 95.69 -9999 95.671 95.752 95.866 -9999 96.146 96.326 96.495 -9999 96.788 96.933 97.085 97.242 97.413 97.595 97.784 97.971 98.155 98.339 98.521 98.713 98.936 99.172 99.406 99.651 99.915 100.087 -9999 100.365 100.445 100.544 100.66 100.807 100.974 101.141 101.312 -9999 -9999 -9999 -9999 -9999 -9999 -9999 -9999 -9999 -9999 -9999 -9999 -9999 -9999 -9999 -9999 -9999 -9999 -9999 -9999 -9999 -9999 -9999 -9999 -9999 -9999 -9999
96.161 96.126 -9999 -9999 -9999 -9999 95.946 95.91 95.873 -9999 95.791 -9999 95.739 95.787 -9999 95.997 96.121 96.246 96.379 96.521 96.657 96.796 96.945 97.099 97.259 97.429 97.616 97.8 97.983 98.188 98.437 98.692 98.949 99.201 99.448 99.692 99.907 100.055 100.189 100.316 100.444 100.598 100.785 100.969 101.148 101.324 101.5 101.691 102.021 102.528 -9999 -9999 -9999 -9999 -9999 -9999 -9999 -9999 -9999 -9999 -9999 -9999 -9999 -9999 -9999 -9999 -9999 -9999 -9999 -9999 -9999 -9999 -9999 -9999
-9999 96.259 -9999 -9999 -9999 -9999 96.064 96.025 95.985 95.94 -9999 -9999 95.812 95.833 -9999 96.021 96.118 96.212 96.303 96.402 96.528 96.663 96.811 96.961 97.11 97.272 97.448 97.659 97.926 98.208 98.48 98.743 98.999 99.249 99.495 99.731 99.912 100.055 100.19 100.336 100.536 100.741 100.938 101.131 101.32 101.509 101.698 101.897 102.104 102.327 102.825 -9999 -9999 -9999 -9999 -9999 -9999 -9999 -9999 -9999 -9999 -9999 -9999 -9999 -9999 -9999 -9999 -9999 -9999 -9999 -9999 -9999 -9999 -9999
96.434 -9999 -9999 -9999 -9999 -9999 96.186 96.145 96.099 96.047 -9999 -9999 95.898 95.895 -9999 -9999 96.129 96.201 96.27 96.352 96.436 96.541 96.681 96.824 96.966 97.135 97.385 97.692 97.985 98.267 98.537 98.799 99.054 99.303 99.548 99.765 99.916 100.064 100.234 100.459 100.676 100.887 101.092 101.293 101.493 101.693 101.896 102.104 102.326 102.573 102.852 -9999 -9999 -9999 -9999 -9999 -9999 -9999 -9999 -9999 -9999 -9999 -9999 -9999 -9999 -9999 -9999 -9999 -9999 -9999 -9999 -9999 -9999 -9999
96.581 -9999 -9999 -9999 -9999 -9999 96.313 96.268 96.216 -9999 -9999 -9999 -9999 95.945 -9999 96.056 96.13 96.198 96.265 96.33 96.398 96.486 96.579 96.694 96.881 97.163 97.458 97.756 98.049 98.33 98.6 98.861 99.114 99.363 99.599 99.774 99.933 100.128 100.366 100.595 100.817 101.033 101.246 101.456 101.666 101.878 102.097 102.334 102.587 102.855 103.142 103.394 -9999 -9999 -9999 -9999 -9999 -9999 -9999 -9999 -9999 -9999 -9999 -9999 -9999 -9999 -9999 -9999 -9999 -9999 -9999 -9999 -9999 -9999
96.75 -9999 -9999 -9999 96.537 96.492 96.446 96.395 -9999 -9999 96.211 -9999 -9999 -9999 -9999 96.058 96.127 96.193 96.257 96.321 96.387 96.456 96.55 96.742 97.006 97.265 97.534 97.825 98.118 98.399 98.668 98.929 99.182 99.426 99.629 99.797 100.009 100.259 100.499 100.732 100.959 101.182 101.402 101.624 101.855 102.089 102.334 102.586 102.849 103.126 103.422 103.622 -9999 -9999 -9999 -9999 -9999 -9999 -9999 -9999 -9999 -9999 -9999 -9999 -9999 -9999 -9999 -9999 -9999 -9999 -9999 -9999 -9999 -9999
-9999 -9999 -9999 -9999 -9999 96.633 96.584 96.527 -9999 96.388 96.324 96.262 -9999 -9999 -9999 -9999 96.12 96.184 96.247 96.309 96.372 96.467 96.68 96.936 97.187 97.435 97.691 97.954 98.225 98.49 98.749 99.004 99.257 99.483 99.656 99.876 100.138 100.388 100.632 100.874 101.115 101.353 101.59 101.831 102.074 102.321 102.573 102.832 103.103 103.389 103.688 103.896 104.134 -9999 -9999 -9999 -9999 -9999 -9999 -9999 -9999 -9999 -9999 -9999 -9999 -9999 -9999 -9999 -9999 -9999 -9999 -9999 -9999 -9999
-9999 -9999 -9999 -9999 -9999 96.785 96.73 96.663 -9999 96.512 96.442 96.374 -9999 -9999 -9999 -9999 -9999 96.168 96.231 96.291 96.387 96.623 96.885 97.141 97.391 97.638 97.883 98.134 98.392 98.65 98.902 99.15 99.382 99.561 99.777 100.047 100.307 100.561 100.811 101.06 101.306 101.552 101.799 102.046 102.295 102.549 102.808 103.075 103.354 103.648 103.941 104.139 104.357 104.676 -9999 -9999 -9999 -9999 -9999 -9999 -9999 -9999 -9999 -9999 -9999 -9999 -9999 -9999 -9999 -9999 -9999 -9999 -9999 -9999
-9999 -9999 -9999 -9999 -9999 97.006 96.9 -9999 -9999 96.641 96.566 96.49 96.422 -9999 -9999 -9999 -9999 -9999 96.21 96.304 96.552 96.826 97.09 97.346 97.597 97.844 98.088 98.334 98.586 98.841 99.088 99.321 99.503 99.703 99.977 100.241 100.498 100.751 101.002 101.253 101.504 101.755 102.006 102.26 102.516 102.776 103.042 103.317 103.603 103.905 104.189 104.377 104.611 104.922 105.223 105.531 -9999 -9999 -9999 -9999 -9999 -9999 -9999 -9999 -9999 -9999 -9999 -9999 -9999 -9999 -9999 -9999 -9999 -9999
-9999 -9999 -9999 -9999 -9999 97.215 97.097 -9999 -9999 96.787 96.693 96.597 -9999 -9999 -9999 -9999 -9999 -9999 96.215 96.461 96.752 97.028 97.295 97.553 97.806 98.054 98.298 98.541 98.789 99.041 99.276 99.462 99.645 99.911 100.176 100.432 100.685 100.936 101.189 101.443 101.699 101.956 102.215 102.475 102.738 103.005 103.279 103.56 103.854 104.163 104.451 104.747 105.014 105.317 105.614 105.908 -9999 -9999 -9999 -9999 -9999 -9999 -9999 -9999 -9999 -9999 -9999 -9999 -9999 -9999 -9999 -9999 -9999 -9999
-9999 -9999 -9999 -9999 -9999 97.424 97.315 -9999 -9999 -9999 96.805 96.697 96.622 -9999 -9999 -9999 -9999 -9999 96.357 96.656 96.951 97.232 97.502 97.764 98.019 98.269 98.515 98.757 99.004 99.242 99.43 99.605 99.846 100.113 100.368 100.616 100.864 101.116 101.372 101.632 101.895 102.16 102.426 102.693 102.964 103.238 103.518 103.807 104.108 104.447 104.823 105.135 105.434 105.728 106.016 106.302 -9999 -9999 -9999 -9999 -9999 -9999 -9999 -9999 -9999 -9999 -9999 -9999 -9999 -9999 -9999 -9999 -9999 -9999
-9999 -9999 -9999 -9999 97.76 97.654 97.535 -9999 -9999 -9999 -9999 -9999 -9999 -9999 -9999 -9999 -9999 -9999 96.609 96.859 97.152 97.438 97.713 97.979 98.238 98.491 98.74 98.985 99.219 99.406 99.577 99.785 100.058 100.313 100.555 100.794 101.038 101.291 101.554 101.824 102.096 102.369 102.643 102.918 103.196 103.477 103.764 104.06 104.393 104.841 105.22 105.519 105.811 106.096 106.376 106.654 106.667 -9999 -9999 -9999 -9999 -9999 -9999 -9999 -9999 -9999 -9999 -9999 -9999 -9999 -9999 -9999 -9999 -9999
-9999 -9999 -9999 98.068 97.978 97.882 97.757 -9999 -9999 -9999 -9999 -9999 -9999 -9999 -9999 -9999 96.691 96.669 96.885 97.117 97.363 97.649 97.93 98.202 98.465 98.723 98.974 99.204 99.389 99.563 99.749 100.01 100.271 100.513 100.741 100.968 101.206 101.465 101.74 102.021 102.304 102.587 102.869 103.152 103.437 103.725 104.018 104.345 104.797 105.247 105.582 105.871 106.154 106.43 106.702 106.972 107.064 -9999 -9999 -9999 -9999 -9999 -9999 -9999 -9999 -9999 -9999 -9999 -9999 -9999 -9999 -9999 -9999 -9999
-9999 -9999 -9999 98.301 98.208 98.088 -9999 -9999 -9999 -9999 -9999 -9999 -9999 -9999 -9999 -9999 96.809 96.976 97.191 97.402 97.634 97.877 98.155 98.434 98.704 98.961 99.184 99.376 99.558 99.735 99.963 100.241 100.492 100.72 100.932 101.14 101.371 101.643 101.937 102.233 102.527 102.819 103.109 103.399 103.689 103.983 104.304 104.738 105.217 105.624 105.917 106.2 106.471 106.738 107.002 107.264 107.404 -9999 -9999 -9999 -9999 -9999 -9999 -9999 -9999 -9999 -9999 -9999 -9999 -9999 -9999 -9999 -9999 -9999
-9999 -9999 -9999 -9999 -9999 -9999 -9999 -9999 -9999 -9999 -9999 -9999 -9999 -9999 -9999 -9999 97.051 97.281 97.503 97.721 97.936 98.168 98.41 98.674 98.933 99.155 99.359 99.553 99.737 99.936 100.21 100.482 100.726 100.945 101.143 101.328 101.545 101.848 102.161 102.468 102.771 103.069 103.365 103.66 103.956 104.27 104.678 105.154 105.607 105.948 106.231 106.502 106.767 107.026 107.281 107.535 107.702 -9999 -9999 -9999 -9999 -9999 -9999 -9999 -9999 -9999 -9999 -9999 -9999 -9999 -9999 -9999 -9999 -9999
-9999 -9999 -9999 -9999 -9999 -9999 -9999 -9999 -9999 -9999 -9999 -9999 -9999 -9999 -9999 97.184 97.36 97.595 97.825 98.05 98.273 98.491 98.706 98.908 99.111 99.333 99.542 99.74 99.93 100.168 100.469 100.738 100.98 101.198 101.396 101.584 101.828 102.118 102.426 102.735 103.04 103.342 103.641 103.939 104.245 104.619 105.093 105.559 105.966 106.255 106.528 106.789 107.045 107.296 107.543 107.789 107.972 -9999 -9999 -9999 -9999 -9999 -9999 -9999 -9999 -9999 -9999 -9999 -9999 -9999 -9999 -9999 -9999 -9999
-9999 -9999 -9999 -9999 -9999 -9999 -9999 -9999 -9999 -9999 -9999 -9999 -9999 -9999 -9999 97.443 97.677 97.921 98.158 98.386 98.593 98.787 98.969 99.149 99.339 99.529 99.734 99.939 100.151 100.44 100.741 101.012 101.258 101.483 101.695 101.911 102.157 102.435 102.731 103.034 103.337 103.638 103.938 104.238 104.577 105.039 105.502 105.941 106.274 106.549 106.811 107.065 107.31 107.552 107.791 108.029 108.22 -9999 -9999 -9999 -9999 -9999 -9999 -9999 -9999 -9999 -9999 -9999 -9999 -9999 -9999 -9999 -9999 -9999
-9999 -9999 -9999 -9999 -9999 -9999 -9999 -9999 -9999 -9999 -9999 -9999 -9999 -9999 97.586 97.749 98.004 98.231 98.454 98.661 98.859 99.05 99.237 99.419 99.598 99.783 99.968 100.154 100.399 100.724 101.029 101.305 101.558 101.795 102.023 102.257 102.508 102.78 103.067 103.362 103.66 103.959 104.257 104.573 104.993 105.456 105.905 106.293 106.568 106.831 107.083 107.325 107.563 107.797 108.022 108.236 108.434 108.579 -9999 -9999 -9999 -9999 -9999 -9999 -9999 -9999 -9999 -9999 -9999 -9999 -9999 -9999 -9999 -9999
