Validation/Results/raw data/ReClimate_04_2024_2_Precipitation-Actuals.asc
NCOLS 192
NROWS 249
XLLCENTER -225160.85627316462
YLLCENTER 29788.11610251502
CELLSIZE 5000.0
NODATA_VALUE -9999
[rows 66 to 98 of 249, columns 75 to 149 of 192]
-9999 -9999 -9999 -9999 -9999 -9999 -9999 -9999 -9999 -9999 74.422 -9999 85.251 115.821 122.921 113.714 127.372 99.913 95.071 80.416 76.215 64.096 67.31 73.515 71.891 73.502 75.988 76.974 80.939 67.15 56.674 -9999 -9999 -9999 -9999 -9999 -9999 -9999 -9999 -9999 -9999 -9999 -9999 -9999 -9999 -9999 -9999 -9999 -9999 -9999 -9999 -9999 -9999 -9999 -9999 -9999 -9999 -9999 -9999 -9999 -9999 -9999 -9999 -9999 -9999 -9999 -9999 -9999 -9999 -9999 -9999 -9999 -9999 -9999 -9999
-9999 -9999 -9999 -9999 -9999 -9999 -9999 -9999 -9999 -9999 -9999 92.604 112.597 117.074 109.36 107.456 101.231 99.52 97.018 86.224 76.524 71.131 67.363 68.945 68.83 72.236 74.661 77.955 68.104 -9999 -9999 -9999 -9999 -9999 -9999 -9999 -9999 -9999 -9999 -9999 -9999 -9999 -9999 -9999 -9999 -9999 -9999 -9999 -9999 -9999 -9999 -9999 -9999 -9999 -9999 -9999 -9999 -9999 -9999 -9999 -9999 -9999 -9999 -9999 -9999 -9999 -9999 -9999 -9999 -9999 -9999 -9999 -9999 -9999 -9999
-9999 -9999 -9999 -9999 -9999 -9999 -9999 -9999 -9999 -9999 -9999 106.294 109.761 104.099 93.132 99.811 101.603 88.978 81.324 77.827 71.665 68.447 65.476 70.823 71.125 66.982 71.681 64.712 53.972 -9999 -9999 -9999 -9999 -9999 -9999 -9999 -9999 -9999 -9999 -9999 -9999 -9999 -9999 -9999 -9999 -9999 -9999 -9999 -9999 -9999 -9999 -9999 -9999 -9999 -9999 -9999 -9999 -9999 -9999 -9999 -9999 -9999 -9999 -9999 -9999 -9999 -9999 -9999 -9999 -9999 -9999 -9999 -9999 -9999 -9999
-9999 -9999 -9999 -9999 -9999 -9999 -9999 -9999 -9999 -9999 -9999 -9999 -9999 89.829 96.269 101.529 88.365 80.885 81.036 81.586 73.863 62.821 63.362 73.957 70.441 66.695 55.406 -9999 -9999 -9999 -9999 -9999 -9999 -9999 -9999 -9999 -9999 -9999 -9999 -9999 -9999 -9999 -9999 -9999 -9999 -9999 -9999 -9999 -9999 -9999 -9999 -9999 -9999 -9999 -9999 -9999 -9999 -9999 -9999 -9999 -9999 -9999 -9999 -9999 -9999 -9999 -9999 -9999 -9999 -9999 -9999 -9999 -9999 -9999 -9999
-9999 -9999 -9999 -9999 -9999 -9999 -9999 76.758 -9999 -9999 99.506 104.529 93.549 89.091 107.619 98.601 91.963 89.822 90.777 82.923 72.748 58.735 68.097 70.703 74.406 63.79 58.511 -9999 -9999 -9999 -9999 -9999 -9999 -9999 -9999 -9999 -9999 -9999 -9999 -9999 -9999 -9999 -9999 -9999 -9999 -9999 -9999 -9999 -9999 -9999 -9999 -9999 -9999 -9999 -9999 -9999 -9999 -9999 -9999 -9999 -9999 -9999 -9999 -9999 -9999 -9999 -9999 -9999 -9999 -9999 -9999 -9999 -9999 -9999 -9999
-9999 -9999 -9999 -9999 -9999 76.131 77.475 79.545 78.754 93.501 105.18 115.144 113.744 112.384 89.942 106.18 106.786 100.323 90.76 79.463 80.278 85.166 67.396 65.922 60.321 56.171 52.932 -9999 -9999 -9999 -9999 -9999 -9999 -9999 -9999 -9999 -9999 -9999 -9999 -9999 -9999 -9999 -9999 -9999 -9999 -9999 -9999 -9999 -9999 -9999 -9999 -9999 -9999 -9999 -9999 -9999 -9999 -9999 -9999 -9999 -9999 -9999 -9999 -9999 -9999 -9999 -9999 -9999 -9999 -9999 -9999 -9999 -9999 -9999 -9999
-9999 -9999 -9999 -9999 -9999 78.839 84.225 -9999 92.428 106.161 116.394 116.097 131.201 97.023 104.384 116.131 119.076 114.791 93.298 92.224 97.499 79.916 73.833 74.613 61.346 59.152 -9999 51.712 -9999 -9999 -9999 -9999 -9999 -9999 -9999 -9999 -9999 -9999 -9999 -9999 -9999 -9999 -9999 -9999 -9999 -9999 -9999 -9999 -9999 -9999 -9999 -9999 -9999 -9999 -9999 -9999 -9999 -9999 -9999 -9999 -9999 -9999 -9999 -9999 -9999 -9999 -9999 -9999 -9999 -9999 -9999 -9999 -9999 -9999 -9999
-9999 -9999 -9999 -9999 -9999 -9999 95.254 96.836 101.601 116.346 113.528 131.217 109.709 101.909 101.262 101.748 105.577 102.869 87.942 89.006 86.34 70.888 74.347 70.005 62.7 59.85 52.449 51.039 -9999 -9999 -9999 -9999 -9999 -9999 -9999 -9999 -9999 -9999 -9999 -9999 -9999 -9999 -9999 -9999 -9999 -9999 -9999 -9999 -9999 -9999 -9999 -9999 -9999 -9999 -9999 -9999 -9999 -9999 -9999 -9999 -9999 -9999 -9999 -9999 -9999 -9999 -9999 -9999 -9999 -9999 -9999 -9999 -9999 -9999 -9999
-9999 -9999 -9999 -9999 -9999 -9999 -9999 98.482 105.135 110.916 139.6 128.278 120.808 110.111 116.218 118.096 98.175 81.929 80.265 92.692 84.733 74.533 74.211 63.845 57.666 47.82 51.163 58.143 -9999 -9999 -9999 -9999 -9999 -9999 -9999 -9999 -9999 -9999 -9999 -9999 -9999 -9999 -9999 -9999 -9999 -9999 -9999 -9999 -9999 -9999 -9999 -9999 -9999 -9999 -9999 -9999 -9999 -9999 -9999 -9999 -9999 -9999 -9999 -9999 -9999 -9999 -9999 -9999 -9999 -9999 -9999 -9999 -9999 -9999 -9999
-9999 -9999 -9999 -9999 -9999 99.526 102.122 114.253 115.301 117.778 113.815 131.109 122.96 119.42 118.612 100.274 88.26 85.985 78.327 88.41 101.411 79.203 63.165 53.506 50.718 -9999 53.657 -9999 -9999 -9999 -9999 -9999 -9999 60.684 59.619 60.657 -9999 -9999 -9999 -9999 -9999 -9999 -9999 -9999 -9999 -9999 -9999 -9999 -9999 -9999 -9999 -9999 -9999 -9999 -9999 -9999 -9999 -9999 -9999 -9999 -9999 -9999 -9999 -9999 -9999 -9999 -9999 -9999 -9999 -9999 -9999 -9999 -9999 -9999 -9999
86.06 -9999 -9999 -9999 -9999 -9999 112.971 124.275 126.411 114.432 122.685 112.83 116.987 112.798 110.374 89.549 80.753 70.318 79.648 100.429 86.275 68.279 58.408 59.951 60.148 54.104 -9999 -9999 -9999 -9999 55.521 55.193 58.826 62.024 61.51 61.851 63.875 63.405 63.05 63.928 65.204 63.71 59.275 57.668 60.436 66.226 68.395 63.711 56.941 53.301 53.919 55.0 -9999 -9999 -9999 -9999 -9999 -9999 -9999 -9999 -9999 -9999 -9999 -9999 -9999 -9999 -9999 -9999 -9999 -9999 -9999 -9999 -9999 -9999 -9999
117.203 -9999 -9999 -9999 103.824 -9999 108.269 110.831 127.593 148.432 128.235 113.324 102.725 108.559 95.92 91.455 83.055 82.313 75.646 72.688 71.451 64.134 63.445 69.826 63.012 -9999 -9999 -9999 -9999 64.135 60.515 60.409 67.55 73.637 66.361 65.86 70.471 72.307 74.482 70.318 69.086 79.545 66.698 62.529 63.339 66.233 69.21 68.102 60.924 58.092 61.956 55.809 -9999 -9999 -9999 -9999 -9999 -9999 -9999 -9999 -9999 -9999 -9999 -9999 -9999 -9999 -9999 -9999 -9999 -9999 -9999 -9999 -9999 -9999 -9999
117.65 -9999 -9999 -9999 108.316 109.175 99.879 117.613 153.979 148.119 143.58 114.067 114.564 104.283 96.102 84.655 82.152 86.449 78.055 77.875 65.135 60.427 70.872 67.617 -9999 -9999 61.946 63.326 65.768 69.125 70.06 70.787 75.557 75.833 80.942 81.763 81.103 75.187 74.347 69.624 73.088 70.738 71.604 64.858 67.76 69.703 73.715 70.736 63.845 64.607 61.186 57.956 55.754 -9999 -9999 -9999 -9999 -9999 -9999 -9999 -9999 -9999 -9999 -9999 -9999 -9999 -9999 -9999 -9999 -9999 -9999 -9999 -9999 -9999 -9999
106.165 -9999 99.249 -9999 97.491 100.763 127.326 153.421 139.794 155.894 141.18 132.56 123.77 111.111 103.163 93.974 89.734 84.46 83.272 67.832 63.306 55.253 58.961 60.35 -9999 68.001 72.428 75.41 74.41 74.135 75.681 81.673 83.952 90.422 90.092 86.567 81.851 82.324 82.213 76.795 70.887 69.439 67.026 70.679 70.967 72.222 74.478 72.135 70.838 62.745 58.473 56.997 55.377 -9999 -9999 -9999 -9999 -9999 -9999 -9999 -9999 -9999 -9999 -9999 -9999 -9999 -9999 -9999 -9999 -9999 -9999 -9999 -9999 -9999 -9999
-9999 96.786 -9999 -9999 -9999 131.278 179.703 148.713 139.176 116.711 125.864 125.415 117.377 111.606 104.419 109.619 103.365 94.563 75.729 68.381 59.86 59.714 72.849 65.426 68.174 78.488 86.571 87.691 80.871 79.462 85.202 88.323 94.501 90.44 77.929 78.014 78.486 78.447 82.598 76.274 72.886 72.371 68.889 70.592 77.166 75.531 72.701 71.032 67.093 64.616 64.079 60.525 57.851 -9999 -9999 -9999 -9999 -9999 -9999 -9999 -9999 -9999 -9999 -9999 -9999 -9999 -9999 -9999 -9999 -9999 -9999 -9999 -9999 -9999 -9999
96.737 -9999 -9999 -9999 -9999 141.232 137.557 124.095 -9999 122.441 130.829 129.534 112.799 102.026 98.183 88.447 86.407 87.827 81.064 78.816 73.647 79.748 80.579 65.382 77.237 80.866 90.975 96.928 88.973 80.263 82.469 91.285 95.251 78.944 71.996 88.017 84.013 88.542 85.275 76.181 77.456 74.45 75.167 78.362 74.139 71.529 68.95 68.88 66.961 68.798 67.978 60.969 58.596 -9999 -9999 -9999 -9999 -9999 -9999 -9999 -9999 -9999 -9999 -9999 -9999 -9999 -9999 -9999 -9999 -9999 -9999 -9999 -9999 -9999 -9999
122.908 -9999 -9999 -9999 110.799 -9999 -9999 105.167 108.75 125.908 142.839 138.676 123.748 119.299 101.27 93.742 80.688 73.014 71.166 74.281 75.442 80.579 60.821 74.049 81.019 92.907 89.645 90.497 94.526 83.99 83.264 85.453 80.659 75.779 90.234 90.701 90.804 86.126 80.505 84.698 79.254 79.121 82.098 73.857 69.705 70.178 73.637 66.942 65.793 66.901 66.93 61.644 -9999 -9999 -9999 -9999 -9999 -9999 -9999 -9999 -9999 -9999 -9999 -9999 -9999 -9999 -9999 -9999 -9999 -9999 -9999 -9999 -9999 -9999 -9999
154.124 125.476 106.101 -9999 -9999 -9999 120.826 104.584 -9999 128.286 124.526 124.559 128.972 122.449 119.79 96.498 74.847 74.128 74.901 75.389 72.914 60.83 72.805 76.358 85.264 89.932 86.172 90.478 88.331 75.641 74.704 73.516 79.154 95.696 88.185 91.825 100.866 86.263 83.493 78.371 73.304 78.075 73.424 68.364 66.745 70.354 66.691 67.111 65.741 64.712 63.014 -9999 -9999 -9999 -9999 -9999 -9999 -9999 -9999 -9999 -9999 -9999 -9999 -9999 -9999 -9999 -9999 -9999 -9999 -9999 -9999 -9999 -9999 -9999 -9999
160.804 130.869 113.12 -9999 111.06 120.264 123.607 125.004 141.546 133.488 128.424 138.863 142.603 121.462 94.823 92.069 87.346 89.737 87.387 80.496 66.886 65.565 77.61 94.158 96.763 87.207 85.364 81.826 63.011 66.706 74.427 81.545 90.387 79.83 78.391 87.674 94.427 96.008 91.064 88.553 76.104 83.449 78.068 79.6 85.932 70.267 67.741 71.309 70.592 63.511 60.697 -9999 -9999 -9999 -9999 -9999 -9999 -9999 -9999 -9999 -9999 -9999 -9999 -9999 -9999 -9999 -9999 -9999 -9999 -9999 -9999 -9999 -9999 -9999 -9999
144.804 125.226 113.579 114.866 114.25 131.201 -9999 125.942 143.437 159.371 166.527 152.418 137.543 111.488 119.218 103.743 96.028 86.333 78.332 72.683 64.718 71.279 95.297 103.441 82.693 77.087 88.336 71.43 74.914 67.348 72.886 77.094 79.526 86.693 85.47 93.406 102.658 88.92 83.24 79.129 73.722 71.18 67.876 75.58 71.97 66.492 68.594 69.687 66.063 60.882 -9999 -9999 -9999 -9999 -9999 -9999 -9999 -9999 -9999 -9999 -9999 -9999 -9999 -9999 -9999 -9999 -9999 -9999 -9999 -9999 -9999 -9999 -9999 -9999 -9999
-9999 -9999 -9999 110.995 126.476 -9999 128.278 146.111 173.727 180.668 157.514 154.743 141.269 141.873 124.179 90.757 81.806 87.586 91.043 71.562 74.894 89.819 106.199 103.331 94.529 100.909 84.237 89.162 75.972 73.807 91.949 85.871 98.122 94.342 94.458 100.826 92.039 70.972 74.722 76.02 78.558 75.208 66.967 72.491 69.867 67.931 68.455 68.43 65.268 58.536 -9999 -9999 -9999 -9999 -9999 -9999 -9999 -9999 -9999 -9999 -9999 -9999 -9999 -9999 -9999 -9999 -9999 -9999 -9999 -9999 -9999 -9999 -9999 -9999 -9999
-9999 -9999 102.968 122.55 -9999 120.98 138.29 -9999 159.269 147.858 164.685 160.513 163.205 142.063 115.019 111.552 104.84 88.986 75.907 92.295 91.846 95.717 113.067 116.529 112.803 98.712 83.612 72.405 66.004 85.441 95.206 105.994 105.472 94.482 87.529 90.785 78.509 78.792 75.871 76.286 78.885 72.694 74.254 75.716 72.305 72.4 68.698 72.209 68.36 58.815 -9999 -9999 -9999 -9999 -9999 -9999 -9999 -9999 -9999 -9999 -9999 -9999 -9999 -9999 -9999 -9999 -9999 -9999 -9999 -9999 -9999 -9999 -9999 -9999 -9999
-9999 -9999 100.585 -9999 -9999 131.011 146.006 159.238 147.342 164.014 163.813 149.278 134.295 122.155 105.642 92.549 80.42 85.417 108.988 116.723 110.503 113.158 119.688 117.899 99.815 73.157 64.421 72.637 97.958 107.831 134.518 129.569 107.522 97.407 96.913 84.04 80.958 77.068 74.715 68.068 70.699 71.481 70.656 79.318 92.074 76.0 67.202 68.094 65.224 60.91 -9999 -9999 -9999 -9999 -9999 -9999 -9999 -9999 -9999 -9999 -9999 -9999 -9999 -9999 -9999 -9999 -9999 -9999 -9999 -9999 -9999 -9999 -9999 -9999 -9999
-9999 -9999 -9999 -9999 -9999 -9999 166.258 173.784 162.383 170.764 165.515 139.341 140.091 128.878 114.89 109.442 111.448 122.257 124.264 122.581 103.908 99.786 105.043 102.292 79.804 66.388 73.86 91.846 109.523 135.097 122.304 118.093 105.027 101.163 89.56 81.777 80.585 76.683 66.309 64.432 70.569 63.878 68.375 80.674 74.178 64.767 65.22 71.25 70.548 -9999 -9999 -9999 -9999 -9999 -9999 -9999 -9999 -9999 -9999 -9999 -9999 -9999 -9999 -9999 -9999 -9999 -9999 -9999 -9999 -9999 -9999 -9999 -9999 -9999 -9999
-9999 -9999 -9999 -9999 111.116 131.453 -9999 181.945 176.018 177.881 143.467 133.194 129.575 129.014 142.999 142.038 127.91 109.037 111.242 105.703 103.055 87.539 85.277 79.77 73.408 83.668 88.419 103.857 120.733 114.951 114.356 91.302 87.548 82.29 66.679 69.525 77.26 81.686 81.449 79.564 78.037 87.985 79.674 65.895 69.025 74.933 76.778 75.85 68.784 -9999 -9999 -9999 -9999 -9999 -9999 -9999 -9999 -9999 -9999 -9999 -9999 -9999 -9999 -9999 -9999 -9999 -9999 -9999 -9999 -9999 -9999 -9999 -9999 -9999 -9999
-9999 -9999 -9999 109.481 110.984 142.781 158.619 184.582 191.333 175.393 161.621 135.901 118.306 124.161 121.454 122.661 132.645 125.699 130.492 130.544 84.713 85.17 79.242 78.157 80.759 91.019 93.909 103.073 99.514 100.702 91.033 83.078 79.785 91.085 90.451 97.423 90.977 84.663 101.137 110.334 106.895 99.69 84.574 84.617 85.596 81.607 73.008 68.236 -9999 -9999 -9999 -9999 -9999 -9999 -9999 -9999 -9999 -9999 -9999 -9999 -9999 -9999 -9999 -9999 -9999 -9999 -9999 -9999 -9999 -9999 -9999 -9999 -9999 -9999 -9999
-9999 -9999 -9999 109.351 -9999 132.526 145.203 161.735 178.01 173.586 135.95 126.969 132.636 107.56 104.079 111.545 114.231 122.688 116.388 88.743 95.938 104.762 92.34 84.554 108.82 100.624 102.188 104.978 107.462 103.615 99.777 93.005 104.187 103.959 110.431 111.881 84.284 100.425 105.661 88.456 92.964 100.124 91.812 87.899 83.494 72.524 70.992 66.494 -9999 -9999 -9999 -9999 -9999 -9999 -9999 -9999 -9999 -9999 -9999 -9999 -9999 -9999 -9999 -9999 -9999 -9999 -9999 -9999 -9999 -9999 -9999 -9999 -9999 -9999 -9999
-9999 -9999 -9999 -9999 -9999 146.425 159.306 146.853 153.815 135.702 114.656 116.258 104.548 103.471 102.132 104.506 116.026 98.575 101.872 104.431 120.131 102.164 81.641 100.979 115.95 104.888 105.7 99.889 110.431 101.367 98.851 121.66 118.982 116.394 128.802 114.382 109.995 116.484 107.157 96.002 90.515 82.966 87.964 92.114 79.121 69.138 67.025 64.219 -9999 -9999 -9999 -9999 -9999 -9999 -9999 -9999 -9999 -9999 -9999 -9999 -9999 -9999 -9999 -9999 -9999 -9999 -9999 -9999 -9999 -9999 -9999 -9999 -9999 -9999 -9999
-9999 -9999 -9999 118.957 127.247 146.396 145.706 141.064 157.582 133.913 136.173 134.192 -9999 131.575 165.482 151.937 132.481 122.544 128.184 127.493 125.014 114.219 105.587 104.315 98.295 93.055 83.85 89.663 102.171 95.477 115.345 105.713 105.499 103.689 114.232 118.582 111.213 97.988 106.788 100.785 86.061 91.88 83.899 80.373 76.613 71.614 70.654 59.027 -9999 -9999 -9999 -9999 -9999 -9999 -9999 -9999 -9999 -9999 -9999 -9999 -9999 -9999 -9999 -9999 -9999 -9999 -9999 -9999 -9999 -9999 -9999 -9999 -9999 -9999 -9999
99.67 106.68 115.368 -9999 120.55 135.6 140.576 144.434 152.082 152.979 146.583 -9999 152.049 190.11 175.974 168.885 142.463 130.317 116.962 125.986 123.23 118.9 105.163 91.037 83.55 78.914 68.157 83.734 83.742 101.625 101.269 98.751 92.652 87.137 98.812 100.028 92.091 96.595 99.428 96.042 93.269 73.969 72.727 74.153 72.163 75.215 61.672 -9999 -9999 -9999 -9999 -9999 -9999 -9999 -9999 -9999 -9999 -9999 -9999 -9999 -9999 -9999 -9999 -9999 -9999 -9999 -9999 -9999 -9999 -9999 -9999 -9999 -9999 -9999 -9999
102.52 111.594 125.852 126.885 -9999 130.607 134.992 143.478 151.744 145.966 133.777 138.093 164.134 166.544 154.357 163.886 146.577 132.264 119.567 115.856 102.753 100.335 86.151 83.828 94.547 72.977 75.035 73.51 79.961 88.756 100.619 88.477 76.985 86.297 97.258 90.176 88.274 84.397 91.452 85.526 73.346 68.913 70.428 68.647 66.376 -9999 -9999 -9999 -9999 -9999 -9999 -9999 -9999 -9999 -9999 -9999 -9999 -9999 -9999 -9999 -9999 -9999 -9999 -9999 -9999 -9999 -9999 -9999 -9999 -9999 -9999 -9999 -9999 -9999 -9999
-9999 -9999 125.288 -9999 137.921 141.011 147.604 166.134 166.338 -9999 -9999 156.076 153.106 148.247 174.766 158.732 146.591 126.916 120.3 86.67 79.259 73.692 69.696 76.861 75.837 79.171 65.248 74.682 79.093 84.772 87.966 82.994 79.004 86.273 88.267 85.648 78.911 82.487 80.104 71.67 64.34 65.475 69.281 64.492 -9999 -9999 -9999 -9999 -9999 -9999 -9999 -9999 -9999 -9999 -9999 -9999 -9999 -9999 -9999 -9999 -9999 -9999 -9999 -9999 -9999 -9999 -9999 -9999 -9999 -9999 -9999 -9999 -9999 -9999 -9999
113.72 -9999 127.318 145.051 136.457 144.867 161.377 170.441 -9999 -9999 164.537 191.418 186.965 183.248 159.144 153.856 138.736 121.762 101.946 91.999 88.864 90.735 84.518 93.504 111.833 88.979 74.768 81.181 75.276 74.196 74.459 84.208 86.449 82.694 80.721 77.678 71.326 72.406 72.201 67.435 65.098 66.651 66.506 67.124 61.34 -9999 -9999 -9999 -9999 -9999 -9999 -9999 -9999 -9999 -9999 -9999 -9999 -9999 -9999 -9999 -9999 -9999 -9999 -9999 -9999 -9999 -9999 -9999 -9999 -9999 -9999 -9999 -9999 -9999 -9999
