Validation/Results/raw data/ReClimate_08_2024_1.asc
NCOLS 192
NROWS 249
XLLCENTER -225160.85627316462
YLLCENTER 29788.11610251502
CELLSIZE 5000.0
NODATA_VALUE -9999
[rows 198 to 230 of 249, columns 74 to 147 of 192]
-9999 -9999 -9999 -9999 -9999 -9999 -9999 -9999 -9999 -9999 -9999 -9999 -9999 -9999 -9999 -9999 -9999 -9999 98.456 98.495 98.533 98.566 98.595 98.621 98.644 98.665 98.685 98.704 98.723 98.741 98.758 98.775 98.793 98.806 98.812 98.811 98.798 98.778 98.758 98.736 98.715 98.694 98.672 98.649 98.625 98.6 98.57 98.533 98.486 98.437 98.377 98.305 98.222 98.136 98.046 97.954 97.859 97.764 97.671 97.577 97.478 97.39 97.316 97.247 97.177 97.111 97.041 96.968 96.889 96.832 96.804 96.802 96.802 96.807
-9999 -9999 -9999 -9999 -9999 -9999 -9999 -9999 -9999 -9999 -9999 -9999 -9999 -9999 -9999 98.347 98.357 98.394 98.442 98.483 98.52 98.552 98.58 98.606 98.629 98.65 98.67 98.689 98.708 98.724 98.739 98.753 98.765 98.769 98.767 98.761 98.75 98.729 98.707 98.683 98.659 98.635 98.612 98.59 98.567 98.542 98.514 98.475 98.426 98.374 98.315 98.25 98.177 98.095 98.008 97.918 97.826 97.732 97.637 97.541 97.451 97.368 97.298 97.237 97.175 97.111 97.043 96.972 96.904 96.865 96.856 96.855 96.854 96.856
-9999 -9999 -9999 -9999 -9999 -9999 -9999 -9999 -9999 -9999 -9999 -9999 -9999 98.409 98.387 98.369 98.367 98.384 98.43 98.47 98.506 98.538 98.566 98.591 98.614 98.636 98.657 98.676 98.693 98.708 98.722 98.734 98.741 98.738 98.731 98.724 98.71 98.688 98.66 98.634 98.608 98.581 98.555 98.531 98.508 98.484 98.451 98.407 98.359 98.31 98.256 98.194 98.128 98.057 97.977 97.889 97.8 97.71 97.624 97.536 97.445 97.36 97.29 97.231 97.171 97.108 97.044 96.975 96.932 96.912 96.912 96.912 96.909 96.906
-9999 -9999 -9999 -9999 -9999 -9999 -9999 -9999 -9999 98.408 98.43 98.42 98.411 98.425 98.416 98.399 98.385 98.393 98.417 98.458 98.493 98.525 98.553 98.578 98.603 98.625 98.645 98.663 98.679 98.693 98.704 98.713 98.717 98.711 98.703 98.693 98.679 98.658 98.631 98.599 98.566 98.533 98.502 98.475 98.45 98.42 98.383 98.341 98.298 98.251 98.2 98.142 98.079 98.012 97.945 97.872 97.794 97.713 97.632 97.55 97.464 97.375 97.294 97.229 97.167 97.107 97.044 96.994 96.967 96.964 96.965 96.965 96.962 96.957
-9999 -9999 -9999 -9999 -9999 -9999 -9999 -9999 98.382 98.41 98.422 98.438 98.454 98.461 98.448 98.429 98.414 98.407 98.416 98.445 98.481 98.512 98.541 98.569 98.593 98.615 98.634 98.651 98.665 98.676 98.686 98.694 98.695 98.687 98.677 98.666 98.653 98.635 98.611 98.577 98.541 98.505 98.47 98.433 98.399 98.367 98.33 98.29 98.248 98.204 98.157 98.105 98.047 97.986 97.923 97.858 97.792 97.722 97.646 97.567 97.486 97.4 97.31 97.237 97.175 97.112 97.052 97.021 97.013 97.014 97.016 97.014 97.009 97.004
-9999 -9999 -9999 -9999 -9999 -9999 -9999 98.38 98.412 98.439 98.46 98.478 98.494 98.497 98.481 98.461 98.444 98.43 98.427 98.436 98.468 98.5 98.532 98.559 98.583 98.603 98.621 98.636 98.649 98.66 98.669 98.675 98.674 98.665 98.655 98.643 98.629 98.613 98.591 98.564 98.528 98.488 98.442 98.399 98.365 98.331 98.296 98.258 98.218 98.176 98.132 98.082 98.027 97.969 97.909 97.848 97.785 97.721 97.654 97.581 97.504 97.422 97.335 97.252 97.186 97.124 97.087 97.066 97.061 97.061 97.061 97.059 97.053 97.048
-9999 -9999 -9999 -9999 -9999 98.479 -9999 98.42 98.451 98.475 98.496 98.513 98.527 98.529 98.512 98.491 98.473 98.458 98.444 98.443 98.454 98.49 98.521 98.547 98.57 98.59 98.607 98.622 98.634 98.644 98.653 98.658 98.655 98.646 98.635 98.622 98.608 98.591 98.575 98.55 98.517 98.469 98.421 98.377 98.342 98.308 98.272 98.235 98.196 98.156 98.113 98.066 98.012 97.955 97.897 97.837 97.777 97.715 97.65 97.584 97.513 97.438 97.357 97.273 97.199 97.157 97.132 97.125 97.118 97.111 97.105 97.099 97.095 97.091
-9999 -9999 -9999 -9999 -9999 -9999 -9999 -9999 -9999 98.51 98.529 98.545 98.559 98.56 98.543 98.52 98.501 98.484 98.469 98.457 98.464 98.477 98.508 98.535 98.558 98.577 98.594 98.608 98.62 98.63 98.638 98.642 98.638 98.629 98.618 98.605 98.591 98.576 98.559 98.534 98.497 98.457 98.411 98.37 98.333 98.294 98.255 98.216 98.178 98.138 98.096 98.049 97.998 97.943 97.886 97.828 97.769 97.709 97.646 97.58 97.512 97.441 97.366 97.285 97.229 97.197 97.186 97.18 97.174 97.166 97.155 97.141 97.134 97.131
-9999 -9999 -9999 -9999 -9999 -9999 -9999 -9999 -9999 98.545 98.562 98.577 98.59 98.591 98.573 98.549 98.529 98.511 98.496 98.487 98.481 98.485 98.496 98.522 98.545 98.565 98.581 98.596 98.607 98.617 98.624 98.628 98.624 98.614 98.603 98.591 98.579 98.564 98.541 98.511 98.48 98.445 98.408 98.369 98.328 98.285 98.243 98.202 98.163 98.123 98.081 98.036 97.986 97.932 97.876 97.82 97.762 97.703 97.641 97.576 97.509 97.44 97.368 97.306 97.261 97.241 97.227 97.221 97.217 97.209 97.198 97.184 97.168 97.161
-9999 -9999 -9999 -9999 -9999 -9999 -9999 98.53 98.56 98.579 98.595 -9999 98.621 98.622 98.605 98.58 98.558 98.539 -9999 98.517 98.509 98.501 98.504 98.511 98.533 98.552 98.569 98.583 98.595 98.604 98.612 98.615 98.611 98.602 98.592 98.582 98.569 98.549 98.521 98.492 98.462 98.432 98.4 98.366 98.325 98.28 98.235 98.192 98.15 98.109 98.067 98.024 97.975 97.922 97.868 97.812 97.756 97.697 97.636 97.573 97.506 97.438 97.383 97.336 97.301 97.282 97.267 97.255 97.251 97.244 97.232 97.218 97.204 97.188
-9999 -9999 -9999 -9999 -9999 -9999 -9999 98.562 -9999 -9999 -9999 98.64 98.651 98.654 -9999 -9999 -9999 -9999 -9999 98.547 98.538 98.529 98.521 98.521 98.525 98.54 98.557 98.571 98.583 98.592 98.6 98.604 98.6 98.593 98.585 98.574 98.559 98.532 98.504 98.475 98.446 98.417 98.389 98.356 98.319 98.276 98.23 98.184 98.14 98.098 98.056 98.012 97.965 97.914 97.86 97.806 97.75 97.692 97.632 97.569 97.506 97.456 97.411 97.375 97.342 97.32 97.306 97.291 97.282 97.274 97.262 97.25 97.236 97.221
-9999 -9999 -9999 -9999 -9999 -9999 -9999 -9999 -9999 98.643 98.659 98.671 98.682 98.686 -9999 -9999 -9999 -9999 -9999 -9999 -9999 -9999 98.549 98.54 98.537 98.537 98.544 98.559 98.571 98.581 98.589 98.593 98.592 98.586 98.579 98.567 98.543 98.516 98.488 98.46 98.432 98.403 98.374 98.343 98.307 98.266 98.224 98.178 98.132 98.087 98.045 98.0 97.955 97.906 97.853 97.799 97.744 97.687 97.628 97.573 97.528 97.485 97.45 97.414 97.38 97.357 97.343 97.328 97.313 97.303 97.292 97.279 97.266 97.252
-9999 -9999 -9999 -9999 -9999 -9999 -9999 -9999 -9999 -9999 98.691 -9999 -9999 -9999 -9999 -9999 -9999 -9999 -9999 -9999 98.598 98.587 98.577 98.567 98.558 98.551 98.549 98.55 98.559 98.569 98.578 98.585 98.586 98.581 98.573 98.554 98.528 98.502 98.474 98.446 98.418 98.389 98.36 -9999 98.29 98.252 98.211 98.169 98.125 98.078 98.035 97.99 97.945 97.898 97.847 97.793 97.739 97.683 97.637 97.596 97.558 97.523 97.487 97.451 97.416 97.391 97.378 97.364 97.347 97.331 97.32 97.308 97.296 97.282
-9999 -9999 -9999 -9999 -9999 -9999 -9999 -9999 -9999 -9999 -9999 -9999 -9999 -9999 -9999 -9999 -9999 -9999 -9999 -9999 98.629 98.617 98.606 98.595 -9999 -9999 -9999 98.562 98.559 98.559 98.568 98.578 98.581 98.576 98.565 98.541 98.515 98.489 98.461 98.433 98.404 98.375 -9999 98.312 98.273 98.233 98.193 98.153 98.109 98.066 98.024 97.98 97.936 97.89 97.841 97.788 97.742 97.702 97.663 97.629 97.594 97.558 97.522 97.487 97.451 97.425 97.411 97.397 97.38 97.36 97.347 97.336 97.324 97.307
-9999 -9999 -9999 -9999 -9999 -9999 -9999 -9999 -9999 -9999 -9999 -9999 -9999 -9999 -9999 -9999 -9999 -9999 -9999 -9999 -9999 -9999 -9999 -9999 -9999 -9999 -9999 98.583 98.574 98.572 98.572 98.574 98.575 98.57 98.552 98.529 98.503 98.476 98.447 98.419 -9999 -9999 98.33 98.295 98.255 98.215 98.174 98.133 98.09 98.047 98.004 97.966 97.925 97.882 97.844 97.805 97.766 97.732 97.699 97.664 97.628 97.591 97.556 97.521 97.485 97.458 97.444 97.43 97.412 97.39 97.371 97.357 97.342 97.323
-9999 -9999 -9999 -9999 -9999 -9999 -9999 -9999 -9999 -9999 -9999 -9999 -9999 -9999 -9999 -9999 -9999 -9999 -9999 -9999 -9999 -9999 -9999 -9999 -9999 -9999 -9999 98.609 98.601 98.596 98.591 98.59 98.584 98.567 98.541 98.518 98.493 -9999 -9999 -9999 -9999 -9999 98.314 98.278 98.237 98.196 98.155 98.112 98.068 98.023 97.981 97.945 97.919 97.889 97.858 97.829 97.798 97.767 97.732 97.696 97.66 97.624 97.588 97.553 97.517 97.49 97.473 97.457 97.436 97.41 97.387 97.37 97.355 97.334
-9999 -9999 -9999 -9999 -9999 -9999 -9999 -9999 -9999 -9999 -9999 -9999 -9999 -9999 -9999 -9999 -9999 -9999 -9999 -9999 -9999 -9999 -9999 -9999 -9999 -9999 -9999 -9999 -9999 98.623 98.619 98.614 98.604 98.578 98.55 98.521 -9999 -9999 -9999 -9999 98.358 98.328 98.296 98.259 98.218 98.177 98.136 98.096 98.057 98.017 97.981 97.952 97.926 97.9 97.874 97.848 97.82 97.788 97.754 97.718 97.682 97.646 97.61 97.574 97.538 97.51 97.491 97.474 97.452 97.425 97.398 97.377 97.361 97.341
-9999 -9999 -9999 -9999 -9999 -9999 -9999 -9999 -9999 -9999 -9999 -9999 -9999 -9999 -9999 -9999 -9999 -9999 -9999 -9999 -9999 -9999 -9999 -9999 -9999 -9999 -9999 -9999 -9999 -9999 98.646 98.641 98.626 98.597 98.564 -9999 -9999 -9999 -9999 98.403 98.366 98.334 98.3 98.263 98.223 98.183 98.145 98.107 98.069 98.033 97.998 97.968 97.941 97.915 97.889 97.863 97.836 97.804 97.769 97.733 97.697 97.661 97.625 97.589 97.552 97.524 97.505 97.487 97.465 97.437 97.409 97.384 97.365 97.345
-9999 -9999 -9999 -9999 -9999 -9999 -9999 -9999 -9999 -9999 -9999 -9999 -9999 -9999 -9999 -9999 -9999 -9999 -9999 -9999 -9999 -9999 -9999 -9999 -9999 -9999 -9999 -9999 -9999 -9999 -9999 -9999 -9999 -9999 -9999 -9999 -9999 -9999 98.453 98.416 98.384 98.351 98.317 98.281 98.241 98.202 98.163 98.125 98.088 98.051 98.015 97.983 97.956 97.93 97.903 97.877 97.849 97.818 97.783 97.746 97.71 97.674 97.638 97.602 97.565 97.537 97.519 97.5 97.477 97.449 97.419 97.391 97.369 97.348
-9999 -9999 -9999 -9999 -9999 -9999 -9999 -9999 -9999 -9999 -9999 -9999 -9999 -9999 -9999 -9999 -9999 -9999 -9999 -9999 -9999 -9999 -9999 -9999 -9999 -9999 -9999 -9999 -9999 -9999 -9999 -9999 -9999 -9999 -9999 -9999 -9999 98.5 98.467 98.435 98.402 98.369 98.336 98.3 98.26 98.221 98.182 98.143 98.106 98.069 98.032 97.999 97.971 97.944 97.917 97.89 97.861 97.829 97.795 97.759 97.723 97.687 97.651 97.614 97.578 97.55 97.532 97.513 97.489 97.46 97.429 97.398 97.373 97.352
-9999 -9999 -9999 -9999 -9999 -9999 -9999 -9999 -9999 -9999 -9999 -9999 -9999 -9999 -9999 -9999 -9999 -9999 -9999 -9999 -9999 -9999 -9999 -9999 -9999 -9999 -9999 -9999 -9999 -9999 -9999 -9999 -9999 -9999 -9999 -9999 -9999 98.52 98.486 98.454 98.42 98.387 98.355 98.319 98.28 98.24 98.2 98.162 98.124 98.086 98.048 98.014 97.985 97.958 97.93 97.902 97.871 97.838 97.805 97.771 97.735 97.699 97.662 97.625 97.59 97.563 97.544 97.525 97.501 97.471 97.439 97.405 97.377 97.355
-9999 -9999 -9999 -9999 -9999 -9999 -9999 -9999 -9999 -9999 -9999 -9999 -9999 -9999 -9999 -9999 -9999 -9999 -9999 -9999 -9999 -9999 -9999 -9999 98.848 98.83 98.809 98.794 -9999 98.771 -9999 -9999 -9999 -9999 -9999 -9999 -9999 -9999 98.506 98.472 98.439 98.406 98.373 98.338 98.299 98.259 98.219 98.18 98.141 98.103 98.065 98.029 97.999 97.971 97.943 97.913 97.881 97.846 97.813 97.779 97.746 97.71 97.673 97.636 97.602 97.576 97.557 97.537 97.512 97.481 97.448 97.414 97.383 97.359
-9999 -9999 -9999 -9999 -9999 -9999 -9999 -9999 -9999 -9999 -9999 -9999 -9999 -9999 -9999 -9999 -9999 -9999 -9999 -9999 -9999 98.963 98.939 98.91 98.882 98.859 98.84 98.824 98.812 98.8 98.784 98.756 -9999 -9999 98.664 98.63 98.594 98.559 98.524 98.491 98.458 98.425 98.392 98.358 98.319 98.278 98.238 98.198 98.158 98.119 98.081 98.044 98.013 97.985 97.956 97.924 97.889 97.855 97.82 97.786 97.753 97.719 97.683 97.645 97.613 97.589 97.569 97.548 97.524 97.492 97.457 97.422 97.389 97.364
-9999 -9999 -9999 -9999 -9999 -9999 -9999 -9999 -9999 -9999 -9999 -9999 -9999 -9999 -9999 -9999 -9999 -9999 -9999 -9999 99.024 99.007 98.986 98.954 98.924 98.898 98.877 98.859 98.845 98.833 98.814 98.78 98.747 98.716 98.686 98.653 98.616 98.579 98.544 98.51 98.477 98.444 98.412 98.378 98.34 98.298 98.256 98.215 98.175 98.136 98.096 98.06 98.028 97.998 97.968 97.934 97.898 97.862 97.827 97.793 97.758 97.724 97.69 97.654 97.624 97.602 97.581 97.56 97.535 97.502 97.466 97.43 97.396 97.369
-9999 -9999 -9999 -9999 -9999 -9999 -9999 -9999 -9999 -9999 -9999 -9999 -9999 -9999 -9999 -9999 -9999 -9999 -9999 -9999 99.067 99.061 99.036 99.001 98.97 98.943 98.919 98.899 98.882 98.869 98.845 98.807 98.771 98.739 98.708 98.675 98.638 98.599 98.563 98.529 98.496 98.464 98.431 98.398 98.36 98.317 98.275 98.233 98.192 98.152 98.112 98.075 98.042 98.012 97.98 97.944 97.907 97.87 97.833 97.798 97.763 97.729 97.694 97.661 97.634 97.614 97.593 97.571 97.545 97.512 97.476 97.438 97.403 97.374
-9999 -9999 -9999 -9999 -9999 -9999 -9999 -9999 -9999 -9999 -9999 -9999 -9999 -9999 -9999 -9999 -9999 -9999 -9999 -9999 99.126 99.115 99.088 99.051 99.018 98.99 98.964 98.942 98.923 98.907 98.878 98.836 98.798 98.763 98.728 98.693 98.658 98.619 98.582 98.548 98.515 98.483 98.452 98.418 98.379 98.337 98.293 98.251 98.209 98.168 98.128 98.09 98.057 98.026 97.992 97.954 97.915 97.877 97.839 97.802 97.767 97.732 97.697 97.667 97.643 97.624 97.604 97.581 97.555 97.523 97.485 97.447 97.41 97.38
-9999 -9999 -9999 -9999 -9999 -9999 -9999 -9999 -9999 -9999 -9999 -9999 -9999 -9999 -9999 -9999 99.198 99.195 -9999 99.186 99.182 99.171 99.138 99.1 99.067 99.037 99.01 98.986 98.965 98.945 98.911 98.865 98.822 98.781 98.744 98.71 98.675 98.64 98.602 98.567 98.534 98.502 98.471 98.436 98.397 98.356 98.312 98.268 98.226 98.185 98.144 98.106 98.072 98.041 98.005 97.965 97.924 97.883 97.844 97.806 97.77 97.735 97.7 97.672 97.652 97.632 97.611 97.587 97.563 97.533 97.495 97.455 97.417 97.386
-9999 -9999 -9999 -9999 -9999 -9999 -9999 -9999 -9999 -9999 -9999 -9999 -9999 -9999 -9999 -9999 99.228 99.224 99.22 99.218 99.215 99.204 99.185 99.151 99.116 99.084 99.056 99.03 99.007 98.983 98.943 98.89 98.843 98.8 98.761 98.726 98.693 98.658 98.622 98.586 98.552 98.519 98.486 98.45 98.413 98.373 98.33 98.286 98.243 98.201 98.16 98.122 98.089 98.056 98.019 97.976 97.934 97.891 97.848 97.808 97.771 97.737 97.705 97.679 97.66 97.639 97.616 97.592 97.567 97.539 97.503 97.463 97.425 97.393
-9999 -9999 -9999 -9999 -9999 -9999 -9999 -9999 -9999 -9999 -9999 -9999 -9999 -9999 -9999 99.256 99.254 99.248 99.243 99.239 99.235 99.231 99.219 99.201 99.169 99.135 99.105 99.077 99.05 99.019 98.972 98.915 98.865 98.821 98.78 98.743 98.709 98.676 98.642 98.606 98.57 98.535 98.5 98.464 98.428 98.389 98.348 98.304 98.261 98.218 98.177 98.14 98.107 98.074 98.034 97.99 97.945 97.899 97.854 97.81 97.773 97.739 97.712 97.689 97.668 97.645 97.621 97.596 97.571 97.544 97.509 97.469 97.431 97.399
-9999 -9999 -9999 -9999 -9999 -9999 -9999 -9999 -9999 -9999 -9999 -9999 -9999 -9999 -9999 -9999 99.281 99.274 99.268 99.262 99.257 99.253 99.248 99.237 99.22 99.189 99.153 99.119 99.088 99.054 99.004 98.943 98.89 98.843 98.8 98.761 98.725 98.692 98.659 98.625 98.588 98.552 98.515 98.479 98.443 98.406 98.366 98.322 98.279 98.236 98.195 98.159 98.127 98.093 98.052 98.006 97.958 97.911 97.863 97.818 -9999 97.747 97.72 97.698 97.675 97.651 97.626 97.601 97.574 97.547 97.514 97.474 97.435 97.557
-9999 -9999 -9999 -9999 -9999 -9999 -9999 -9999 -9999 -9999 -9999 -9999 -9999 -9999 -9999 99.311 99.312 99.302 99.294 99.286 99.279 99.271 99.264 99.256 99.243 99.224 99.198 99.162 99.129 99.094 99.041 98.975 98.918 98.868 98.823 98.782 98.744 98.709 98.676 98.643 98.608 98.57 98.533 98.495 98.458 98.421 98.383 98.342 98.297 98.254 98.213 98.178 98.148 98.115 98.072 98.023 97.974 97.925 97.877 97.831 97.79 -9999 97.73 -9999 97.682 -9999 97.631 -9999 97.578 97.549 97.518 97.479 97.44 97.261
-9999 -9999 -9999 -9999 -9999 -9999 -9999 -9999 -9999 -9999 -9999 -9999 -9999 -9999 -9999 99.338 99.326 99.316 99.306 99.296 99.287 99.278 99.27 99.261 99.252 99.242 99.225 99.205 99.174 99.138 99.084 99.013 98.95 98.897 98.848 98.804 98.764 98.727 98.692 98.659 98.626 98.591 98.552 98.513 98.475 98.438 98.401 98.36 98.318 98.274 98.233 98.199 98.17 98.138 98.094 98.042 97.99 97.94 97.892 97.845 97.803 -9999 -9999 97.715 97.689 -9999 -9999 97.609 97.581 97.552 -9999 -9999 -9999 -9999
-9999 -9999 -9999 -9999 -9999 -9999 -9999 -9999 -9999 -9999 -9999 -9999 -9999 -9999 99.36 99.346 99.334 99.322 99.312 99.302 99.293 99.283 99.275 99.266 99.257 99.249 99.241 99.226 99.211 99.189 99.134 99.056 98.988 98.929 98.877 98.83 98.787 98.748 98.711 98.676 98.643 98.608 98.573 98.534 98.495 98.456 98.418 98.379 98.338 98.294 98.253 98.219 98.188 98.155 98.111 98.059 98.007 97.956 -9999 -9999 -9999 97.781 -9999 -9999 -9999 -9999 -9999 -9999 97.588 -9999 -9999 -9999 -9999 -9999
