Validation/Results/raw data/ReClimate_03_2024_2_Temperature-Actuals 2.asc
NCOLS 192
NROWS 249
XLLCENTER -225160.85627316462
YLLCENTER 29788.11610251502
CELLSIZE 5000.0
NODATA_VALUE -9999
[rows 170 to 203 of 249, columns 76 to 151 of 192]
-9999 -9999 -9999 -9999 -9999 -9999 -9999 -9999 -9999 -9999 -9999 -9999 -9999 -9999 -9999 -9999 11.792 11.833 -9999 -9999 -9999 -9999 -9999 -9999 -9999 -9999 -9999 -9999 -9999 -9999 -9999 -9999 -9999 -9999 -9999 12.765 12.954 12.923 12.944 12.764 12.639 12.702 12.777 12.825 12.969 13.068 13.069 12.797 12.261 11.336 10.438 9.643 9.853 9.8 10.289 11.474 12.05 12.352 11.984 11.913 12.105 12.34 12.331 12.301 12.248 12.242 12.234 12.173 12.165 12.245 12.236 12.076 11.586 11.554 11.493 11.71
-9999 -9999 -9999 -9999 -9999 -9999 -9999 -9999 -9999 -9999 -9999 -9999 -9999 -9999 -9999 -9999 11.655 11.635 11.816 -9999 -9999 -9999 -9999 -9999 -9999 -9999 -9999 -9999 -9999 -9999 -9999 -9999 -9999 -9999 12.911 12.951 12.93 12.872 12.714 12.68 12.585 12.731 12.765 12.829 12.899 12.913 12.848 12.725 12.353 11.639 10.482 9.614 10.085 10.581 10.676 11.349 12.41 12.59 12.34 11.853 11.975 12.3 12.349 12.244 12.159 12.202 12.242 12.228 12.13 12.183 12.219 12.126 11.798 11.51 11.55 11.671
-9999 -9999 -9999 -9999 -9999 -9999 -9999 -9999 -9999 -9999 -9999 -9999 -9999 -9999 -9999 11.975 11.807 11.708 11.881 12.096 -9999 -9999 -9999 -9999 -9999 -9999 -9999 -9999 -9999 -9999 -9999 12.279 -9999 -9999 12.967 12.661 12.848 12.864 12.87 -9999 12.515 12.563 12.611 12.697 12.666 12.716 12.568 12.509 12.065 11.309 11.572 10.411 10.683 11.231 10.619 11.54 12.024 12.44 12.347 12.019 12.031 12.235 12.428 12.313 12.187 12.256 12.286 12.29 12.182 12.179 12.263 12.17 12.021 11.691 11.488 11.507
-9999 -9999 -9999 -9999 -9999 -9999 -9999 -9999 -9999 -9999 -9999 -9999 -9999 -9999 -9999 12.153 12.018 11.991 12.048 12.182 12.087 12.002 -9999 -9999 -9999 11.698 11.948 -9999 12.089 12.164 12.279 11.633 11.912 -9999 -9999 12.658 12.632 -9999 -9999 12.616 12.497 12.752 12.965 12.845 12.727 12.531 12.416 12.241 11.596 10.732 10.991 10.839 10.576 10.767 10.719 10.962 12.149 12.277 12.125 11.825 11.978 12.106 12.293 12.34 12.192 12.278 12.329 12.33 12.259 12.206 12.305 12.247 12.154 11.942 11.654 11.339
-9999 -9999 -9999 -9999 -9999 -9999 -9999 -9999 -9999 -9999 -9999 -9999 -9999 -9999 -9999 -9999 12.163 12.098 12.155 12.345 12.3 -9999 -9999 9.836 9.932 11.65 11.11 11.256 11.431 12.058 12.072 12.009 11.689 11.736 -9999 12.645 12.712 12.671 12.7 12.448 12.317 12.734 13.079 12.987 12.715 12.515 12.316 12.141 11.348 10.252 10.316 10.58 10.81 11.056 10.863 11.083 11.82 12.265 12.119 11.846 11.888 11.955 12.079 12.175 12.193 12.283 12.355 12.314 12.135 12.176 12.347 12.324 12.259 12.125 11.868 11.624
-9999 -9999 -9999 -9999 -9999 -9999 -9999 -9999 -9999 -9999 -9999 -9999 -9999 -9999 -9999 -9999 12.115 12.068 12.417 12.563 12.599 12.257 10.585 8.353 10.972 11.641 10.792 11.267 10.914 11.432 12.112 11.9 10.945 11.592 11.917 12.437 12.681 12.588 12.578 12.442 12.339 12.57 12.833 12.798 12.648 12.437 12.262 11.977 10.985 10.315 9.986 10.334 10.404 11.159 11.295 11.016 11.328 11.839 11.941 11.914 11.908 11.878 11.973 12.098 12.16 12.347 12.348 12.376 12.354 12.217 12.377 12.407 12.38 12.31 12.078 11.699
-9999 -9999 -9999 -9999 -9999 -9999 -9999 -9999 -9999 -9999 -9999 -9999 -9999 -9999 -9999 -9999 -9999 12.212 12.504 12.512 12.011 10.775 7.882 8.658 10.812 10.95 11.193 10.551 10.342 10.674 11.123 11.356 11.533 10.817 11.646 12.174 12.269 12.487 12.6 12.46 12.374 12.465 12.631 12.67 12.486 12.31 12.142 11.665 11.032 10.395 10.218 10.624 10.405 10.663 11.658 11.373 11.43 11.704 11.736 11.895 12.062 11.996 11.965 12.038 12.157 12.379 12.409 12.449 12.357 12.328 12.398 12.457 12.491 12.451 12.344 12.181
-9999 -9999 -9999 -9999 -9999 -9999 -9999 -9999 -9999 -9999 -9999 -9999 -9999 -9999 -9999 -9999 -9999 -9999 -9999 11.975 10.969 9.633 8.894 9.337 11.11 11.578 10.8 9.998 9.776 9.857 10.81 11.62 11.217 10.547 11.149 11.833 12.264 12.591 12.562 12.386 12.212 12.342 12.466 12.469 12.409 12.252 11.91 11.288 10.936 10.723 10.283 10.596 10.428 10.36 11.031 11.758 11.684 12.033 11.855 11.696 11.939 12.046 12.108 12.134 12.24 12.395 12.451 12.483 12.501 12.325 12.386 12.439 12.505 12.549 12.517 12.445
-9999 -9999 -9999 -9999 -9999 -9999 -9999 -9999 -9999 -9999 -9999 -9999 -9999 -9999 -9999 -9999 -9999 -9999 12.425 11.661 11.085 10.588 9.438 10.566 11.417 11.131 10.936 10.209 9.622 10.017 10.165 11.075 10.934 10.477 10.913 11.516 12.403 12.564 12.528 12.185 12.026 12.17 12.348 12.403 12.348 12.088 11.556 11.329 11.441 10.98 10.425 10.716 10.768 10.9 11.138 11.34 11.874 11.992 11.959 11.933 11.914 12.067 12.016 12.209 12.352 12.437 12.475 12.518 12.33 12.341 12.427 12.489 12.511 12.573 12.582 12.544
-9999 -9999 -9999 -9999 -9999 -9999 -9999 -9999 -9999 -9999 -9999 -9999 -9999 -9999 -9999 -9999 -9999 12.273 10.739 11.536 11.166 10.528 10.645 9.225 9.802 10.298 10.235 9.606 10.16 9.969 10.549 11.053 10.354 10.083 10.788 11.631 12.387 12.623 12.479 12.042 12.032 12.193 12.29 12.347 12.152 11.783 11.75 11.646 11.177 10.851 10.657 10.534 11.112 11.338 11.557 11.806 11.859 12.17 12.093 12.221 12.21 12.188 12.331 12.13 12.345 12.469 12.456 12.479 12.319 12.247 12.478 12.501 12.514 12.552 12.576 12.526
-9999 -9999 -9999 -9999 -9999 -9999 -9999 -9999 -9999 -9999 -9999 -9999 -9999 -9999 -9999 -9999 12.121 10.78 11.683 11.894 11.537 11.626 10.684 10.353 10.122 9.719 9.444 9.525 9.715 10.062 10.936 10.521 10.595 11.391 11.608 12.142 12.285 12.502 12.326 12.062 12.037 12.095 12.216 12.049 11.724 11.853 11.827 11.652 11.132 11.035 11.443 11.309 11.292 11.577 11.709 11.899 12.064 12.115 12.28 12.402 12.556 12.561 12.585 12.508 12.35 12.417 12.444 12.452 12.307 12.249 12.486 12.528 12.477 12.485 12.484 12.482
-9999 -9999 -9999 -9999 -9999 -9999 -9999 -9999 -9999 -9999 -9999 -9999 -9999 -9999 11.803 12.088 11.851 12.019 12.391 12.522 12.362 12.5 11.798 11.087 10.329 9.593 8.682 10.074 10.23 10.812 10.801 9.926 10.248 10.762 11.68 12.031 12.138 12.235 12.148 12.004 11.935 12.065 12.036 11.809 11.695 11.648 11.923 11.631 11.266 11.348 11.477 11.614 11.711 11.792 11.931 12.108 12.407 12.364 12.354 12.629 12.815 12.837 12.686 12.554 12.468 12.404 12.341 12.373 12.185 12.11 12.372 12.514 12.49 12.443 12.438 12.437
-9999 -9999 -9999 -9999 -9999 -9999 -9999 -9999 -9999 -9999 -9999 -9999 -9999 11.626 11.75 11.917 12.129 -9999 -9999 -9999 -9999 11.925 10.731 10.544 10.254 9.389 10.307 10.331 9.718 10.285 9.7 8.444 9.338 10.383 11.017 11.837 12.227 12.138 12.059 12.028 12.042 12.065 12.018 11.843 11.755 11.649 11.787 11.628 11.58 11.58 11.637 11.86 11.971 12.033 12.244 12.322 12.56 12.73 12.578 12.662 12.791 12.782 12.676 12.513 12.376 12.227 12.156 12.183 12.129 12.035 12.192 12.423 12.505 12.481 12.447 12.467
-9999 -9999 -9999 -9999 -9999 -9999 -9999 -9999 -9999 -9999 -9999 -9999 -9999 11.633 11.502 12.139 -9999 -9999 -9999 -9999 -9999 11.62 10.852 10.446 10.67 9.969 10.089 9.604 9.115 9.399 9.066 9.138 10.621 10.778 11.525 12.131 12.316 12.195 12.081 12.02 11.934 11.92 12.0 11.923 11.799 11.779 11.699 11.831 11.822 11.905 11.689 11.659 11.793 12.064 12.338 12.479 12.547 12.511 12.434 12.393 12.464 12.492 12.311 12.263 12.017 11.83 11.798 11.947 12.031 12.038 12.172 12.357 12.517 12.53 12.537 12.573
-9999 -9999 -9999 -9999 -9999 -9999 -9999 -9999 -9999 -9999 -9999 -9999 -9999 -9999 -9999 12.249 -9999 -9999 -9999 -9999 -9999 11.415 10.728 11.161 10.842 10.477 10.399 9.067 9.399 10.36 9.594 10.486 10.819 11.174 11.917 12.322 12.36 12.053 12.018 11.96 11.944 12.102 12.075 12.096 12.039 11.871 11.892 11.992 12.098 12.027 11.988 11.883 11.803 12.068 12.181 12.041 12.163 12.225 12.149 12.253 12.247 12.105 11.833 11.685 11.873 11.769 11.705 11.782 11.931 12.022 12.163 12.353 12.527 12.568 12.601 12.669
-9999 -9999 -9999 -9999 -9999 -9999 -9999 -9999 -9999 -9999 -9999 -9999 -9999 -9999 -9999 -9999 -9999 -9999 -9999 -9999 -9999 11.728 11.303 12.424 11.642 10.808 9.458 9.651 9.854 9.933 10.708 10.775 10.959 11.923 12.211 12.439 12.261 12.123 12.026 12.106 12.175 12.217 12.259 12.238 12.137 12.033 11.963 12.029 12.003 11.852 12.082 12.223 12.155 12.087 12.237 11.985 11.8 11.98 11.88 12.057 12.283 12.044 11.846 11.694 11.753 11.938 11.848 11.799 11.968 12.126 12.237 12.376 12.546 12.591 12.634 12.696
-9999 -9999 -9999 -9999 -9999 -9999 -9999 -9999 -9999 -9999 -9999 -9999 -9999 -9999 -9999 -9999 -9999 -9999 -9999 -9999 -9999 -9999 11.998 10.853 10.383 10.277 10.509 10.401 10.218 10.967 11.015 11.478 12.04 11.89 12.35 12.269 11.898 11.906 12.043 12.261 12.401 12.355 12.24 12.18 11.985 11.929 11.944 12.026 11.858 11.678 11.874 12.213 12.303 12.251 12.177 12.135 11.952 11.83 11.615 11.678 12.238 12.27 11.924 11.704 11.549 11.635 11.9 11.901 12.032 12.228 12.432 12.496 12.601 12.633 12.663 12.719
-9999 -9999 -9999 -9999 -9999 -9999 -9999 -9999 -9999 -9999 -9999 -9999 -9999 -9999 -9999 -9999 -9999 -9999 -9999 -9999 -9999 11.669 11.318 10.955 10.005 10.953 11.09 10.481 10.858 10.943 10.978 12.061 12.039 11.957 12.108 11.013 11.614 11.909 11.977 12.037 12.309 12.116 11.719 11.746 11.949 12.113 12.047 12.127 12.023 11.989 12.035 12.245 12.31 12.309 12.247 12.118 12.071 11.902 11.866 11.932 12.245 12.289 11.974 11.644 11.416 11.454 11.802 12.069 12.179 12.386 12.56 12.641 12.679 12.721 12.737 12.756
-9999 -9999 -9999 -9999 -9999 -9999 -9999 -9999 -9999 -9999 -9999 -9999 -9999 -9999 -9999 -9999 -9999 -9999 -9999 -9999 -9999 11.934 11.59 10.022 11.606 12.144 11.357 11.121 10.784 10.246 11.043 12.005 12.019 12.25 11.719 11.711 11.687 11.522 11.548 12.048 12.068 11.853 11.86 11.929 12.231 12.188 12.165 12.251 12.204 12.362 12.403 12.386 12.361 12.312 12.302 12.249 12.168 12.084 11.937 12.113 12.294 12.165 11.778 11.43 11.431 11.487 11.638 11.987 12.293 12.411 12.606 12.636 12.661 12.775 12.845 12.86
-9999 -9999 -9999 -9999 -9999 -9999 -9999 -9999 -9999 -9999 -9999 -9999 -9999 -9999 -9999 -9999 -9999 -9999 -9999 -9999 -9999 11.764 11.25 12.235 12.098 11.769 11.368 10.813 9.919 10.297 10.646 11.473 11.851 12.249 12.093 11.687 11.043 10.686 10.928 11.655 11.505 11.756 11.781 12.065 12.321 12.22 12.283 12.331 12.378 12.564 12.483 12.347 12.36 12.314 12.111 12.238 12.288 12.217 12.147 12.221 12.288 12.088 11.79 11.594 11.549 11.712 11.888 12.091 12.226 12.417 12.569 12.758 12.71 12.818 12.902 12.932
-9999 -9999 -9999 -9999 -9999 -9999 -9999 -9999 -9999 -9999 -9999 -9999 -9999 -9999 -9999 -9999 -9999 -9999 -9999 -9999 -9999 -9999 12.256 11.358 10.754 10.058 9.972 10.03 10.381 10.782 11.509 11.682 11.953 11.94 11.915 11.691 11.287 10.929 10.93 11.248 11.6 11.625 11.544 11.942 12.233 12.139 12.409 12.412 12.336 12.719 12.74 12.499 12.414 12.375 12.088 12.001 12.316 12.27 12.221 12.263 12.231 12.003 11.858 11.866 11.967 11.971 12.091 12.15 12.188 12.413 12.618 12.701 12.757 12.876 12.952 12.966
-9999 -9999 -9999 -9999 -9999 -9999 -9999 -9999 -9999 -9999 -9999 -9999 -9999 -9999 -9999 -9999 -9999 -9999 -9999 -9999 -9999 -9999 11.543 10.631 9.915 9.308 9.198 9.713 10.652 11.429 11.533 11.15 10.717 10.547 10.727 11.321 11.666 11.211 11.213 11.445 11.609 11.093 11.377 11.751 11.949 12.06 12.409 12.38 12.491 12.452 12.614 12.642 12.487 12.402 12.235 12.162 12.352 12.375 12.171 12.078 12.027 11.88 11.849 11.996 11.9 11.914 11.935 12.135 12.145 12.366 12.569 12.563 12.678 12.849 12.924 12.955
-9999 -9999 -9999 -9999 -9999 -9999 -9999 -9999 -9999 -9999 -9999 -9999 -9999 -9999 -9999 -9999 -9999 -9999 -9999 -9999 -9999 11.988 11.56 10.678 9.917 9.475 9.784 10.251 10.726 10.406 9.665 10.056 10.072 10.353 11.272 11.656 11.461 11.378 11.638 11.768 11.274 11.099 11.203 11.582 11.879 12.069 12.466 12.403 12.257 12.461 12.295 12.408 12.339 12.315 12.325 12.398 12.565 12.465 12.307 12.236 12.067 11.987 11.795 11.887 11.912 11.922 12.031 12.116 12.347 12.502 12.536 12.493 12.615 12.826 12.891 12.953
-9999 -9999 -9999 -9999 -9999 -9999 -9999 -9999 -9999 -9999 -9999 -9999 -9999 -9999 -9999 -9999 -9999 -9999 -9999 -9999 -9999 11.803 11.218 10.883 10.544 10.002 9.372 9.687 9.929 9.833 9.955 9.767 9.786 10.407 11.251 10.887 10.93 11.635 11.474 11.938 11.5 11.059 11.017 11.759 11.856 12.426 12.543 12.363 12.245 11.818 12.094 12.117 12.161 12.172 12.348 12.463 12.531 12.526 12.416 12.438 12.421 12.074 11.88 11.788 11.836 11.951 12.273 12.422 12.586 12.668 12.584 12.505 12.601 12.704 12.903 12.978
-9999 -9999 -9999 -9999 -9999 -9999 -9999 -9999 -9999 -9999 -9999 -9999 -9999 -9999 -9999 -9999 -9999 -9999 -9999 -9999 -9999 11.34 11.438 11.598 10.887 9.76 9.193 9.612 9.906 10.253 9.947 10.163 10.459 10.736 10.656 10.837 11.602 11.663 11.779 11.44 11.801 11.544 11.779 11.765 11.929 12.443 12.657 12.487 12.056 12.159 12.085 12.028 12.066 12.094 12.309 12.409 12.309 12.324 12.345 12.459 12.442 12.125 11.858 11.97 12.13 12.066 12.326 12.525 12.767 12.789 12.637 12.661 12.767 12.864 13.008 13.146
-9999 -9999 -9999 -9999 -9999 -9999 -9999 -9999 -9999 -9999 -9999 -9999 -9999 -9999 -9999 -9999 -9999 -9999 -9999 -9999 11.479 11.269 10.887 11.066 10.803 9.752 9.667 9.339 9.988 10.844 10.98 11.159 10.718 10.586 11.07 11.15 11.201 11.65 11.634 12.069 12.183 12.174 12.09 11.942 12.289 12.61 12.706 12.638 12.519 12.413 12.385 12.223 12.184 12.137 12.232 12.375 12.327 12.331 12.461 12.441 12.322 12.126 12.005 12.188 12.34 12.346 12.373 12.667 12.709 12.764 12.632 12.585 12.751 12.921 12.989 13.037
-9999 -9999 -9999 -9999 -9999 -9999 -9999 -9999 -9999 -9999 -9999 -9999 -9999 -9999 -9999 -9999 -9999 -9999 -9999 11.26 11.233 10.817 11.231 11.254 10.087 9.467 9.41 9.826 10.496 11.195 11.162 11.289 10.831 10.226 11.021 10.99 11.72 11.88 12.147 12.232 12.151 12.006 12.051 11.973 12.443 12.658 13.009 12.941 12.736 12.704 12.639 12.522 12.299 12.243 12.373 12.449 12.376 12.321 12.341 12.334 12.203 12.099 12.064 12.23 12.486 12.601 12.681 12.565 12.536 12.532 12.535 12.568 12.738 12.803 12.788 12.761
-9999 -9999 -9999 -9999 -9999 -9999 -9999 -9999 -9999 -9999 -9999 -9999 -9999 -9999 -9999 -9999 -9999 10.873 11.005 10.998 11.73 11.736 11.545 10.811 9.796 9.436 9.401 9.425 10.477 11.008 11.598 11.299 10.603 10.535 11.144 11.78 12.001 12.267 12.267 12.317 11.969 11.87 11.885 12.269 12.764 13.048 13.151 12.964 12.73 12.746 12.817 12.669 12.426 12.419 12.472 12.552 12.298 12.194 12.074 11.955 11.97 11.992 12.177 12.309 12.477 12.448 12.556 12.534 12.547 12.518 12.52 12.593 12.768 12.886 12.693 12.62
-9999 -9999 -9999 -9999 -9999 -9999 -9999 -9999 -9999 -9999 -9999 -9999 -9999 -9999 -9999 -9999 10.839 10.736 10.575 11.108 11.611 11.577 11.254 10.141 10.126 9.632 9.569 10.141 11.04 11.71 11.711 11.545 10.897 10.279 10.964 11.675 12.234 12.19 12.203 11.922 12.084 11.872 11.975 12.504 12.912 13.232 13.146 12.752 12.805 12.641 12.686 12.722 12.654 12.561 12.478 12.328 12.338 12.137 12.116 12.025 11.823 11.81 11.912 12.126 12.276 12.314 12.399 12.545 12.483 12.682 12.725 12.743 12.833 12.819 12.717 12.616
-9999 -9999 -9999 -9999 -9999 -9999 -9999 -9999 -9999 -9999 -9999 -9999 -9999 12.023 11.745 11.415 11.198 10.785 10.886 11.184 11.666 11.689 10.559 10.491 10.435 10.684 9.875 10.802 11.104 10.775 11.42 11.638 10.147 10.819 11.482 12.434 12.448 12.204 11.676 12.389 12.215 12.16 12.255 12.44 12.908 13.144 13.175 12.991 12.94 12.751 12.608 12.69 12.666 12.686 12.455 12.291 11.949 12.115 12.208 12.184 11.991 11.938 12.025 12.182 12.359 12.349 12.418 12.448 12.59 12.676 12.777 12.727 12.811 12.867 12.798 12.843
-9999 -9999 -9999 -9999 -9999 -9999 -9999 -9999 -9999 -9999 -9999 11.379 11.595 11.891 11.907 11.813 11.419 11.51 11.354 11.664 11.455 10.54 11.013 11.005 11.052 11.188 10.665 10.535 9.751 10.399 10.894 10.813 11.19 11.647 12.22 11.582 11.865 12.148 12.402 12.598 12.591 12.436 12.504 12.748 12.769 13.083 13.295 13.169 13.056 12.921 12.81 12.758 12.469 12.583 12.603 12.303 12.083 11.918 12.194 12.194 12.029 11.945 11.988 12.12 12.408 12.563 12.603 12.532 12.485 12.692 12.655 12.593 12.74 12.899 12.902 12.909
-9999 -9999 -9999 -9999 -9999 -9999 -9999 11.438 11.59 11.521 11.453 10.939 11.73 11.692 11.884 11.712 11.422 11.473 11.519 11.423 10.634 11.032 11.454 11.028 11.62 11.355 10.884 9.933 10.174 10.633 10.939 10.893 11.605 12.078 10.859 10.961 11.766 11.862 12.427 12.627 12.741 12.569 12.367 12.673 12.602 13.226 13.287 13.197 12.931 12.735 12.748 12.187 12.374 12.493 12.586 12.32 11.961 11.946 12.095 12.161 12.178 12.103 12.113 12.2 12.435 12.551 12.624 12.633 12.48 12.505 12.607 12.612 12.841 13.048 12.95 12.642
-9999 -9999 -9999 -9999 -9999 -9999 11.7 11.515 11.595 11.506 10.64 10.363 10.594 10.991 11.504 11.047 10.91 11.113 11.154 10.768 11.217 11.392 11.134 11.726 12.004 11.592 10.907 10.402 10.707 10.97 11.023 11.381 11.777 10.657 9.419 10.716 11.515 12.143 12.206 12.504 12.39 12.466 12.658 12.742 13.029 13.159 13.161 13.177 12.902 12.573 12.136 11.842 11.718 12.296 12.465 12.004 11.83 11.895 12.065 12.211 12.202 12.212 12.223 12.371 12.387 12.452 12.558 12.426 12.326 12.494 12.608 12.685 12.88 13.021 12.84 12.564
-9999 -9999 -9999 -9999 -9999 11.802 11.516 11.531 11.674 11.266 10.737 10.873 11.152 11.524 11.205 11.19 11.166 11.696 11.234 11.098 11.487 11.577 11.818 12.401 11.97 11.116 10.672 10.949 11.187 11.178 11.767 11.946 11.546 9.902 9.918 10.692 12.048 11.897 12.068 12.076 12.576 12.754 12.672 12.84 12.992 13.108 13.144 13.3 13.12 12.705 12.063 11.625 11.816 12.164 12.256 11.968 11.63 11.836 12.059 12.177 12.301 12.312 12.367 12.399 12.445 12.349 12.433 12.535 12.432 12.559 12.608 12.515 12.763 12.914 12.746 12.535
