Validation/Results/raw data/ReClimate_02_2024_2_Precipitation-Actualsweatherlogisticsltd.asc
NCOLS 192
NROWS 249
XLLCENTER -225160.85627316462
YLLCENTER 29788.11610251502
CELLSIZE 5000.0
NODATA_VALUE -9999
[rows 136 to 169 of 249, columns 75 to 149 of 192]
61.205 -9999 -9999 -9999 -9999 -9999 -9999 -9999 -9999 -9999 61.758 -9999 67.463 71.888 72.477 74.362 71.497 69.0 70.327 79.445 101.678 103.629 95.455 83.172 71.114 65.989 65.906 68.977 75.989 77.906 -9999 -9999 -9999 -9999 -9999 -9999 47.257 47.065 48.521 49.827 49.296 48.051 55.552 59.845 56.636 54.912 56.813 49.997 50.628 51.235 47.609 50.748 50.238 52.082 48.371 47.189 47.841 46.908 42.56 -9999 -9999 -9999 -9999 -9999 -9999 -9999 -9999 -9999 -9999 -9999 -9999 -9999 -9999 -9999 -9999
64.626 50.611 -9999 -9999 -9999 -9999 -9999 -9999 -9999 -9999 60.074 60.277 59.021 59.578 65.879 69.089 69.295 67.614 66.22 74.943 87.626 98.799 92.133 84.445 72.638 68.321 71.593 67.941 74.939 67.443 -9999 -9999 -9999 -9999 46.687 46.89 45.331 44.619 44.647 45.656 46.373 55.263 65.642 67.351 64.057 67.195 54.931 50.898 55.232 49.478 49.154 52.768 53.14 52.304 57.546 54.788 50.47 48.225 42.011 -9999 -9999 -9999 -9999 -9999 -9999 -9999 -9999 -9999 -9999 -9999 -9999 -9999 -9999 -9999 -9999
56.797 54.732 50.036 -9999 -9999 -9999 -9999 -9999 -9999 -9999 59.531 55.775 54.931 -9999 -9999 66.378 67.804 65.431 66.201 -9999 71.907 78.655 79.796 78.252 69.822 72.145 69.128 65.429 -9999 -9999 -9999 -9999 -9999 45.606 45.42 45.733 44.191 44.327 43.312 42.948 48.064 61.636 79.407 83.263 76.573 73.072 61.904 62.124 55.583 56.276 57.097 53.617 56.372 56.012 55.247 54.681 51.704 48.986 44.325 -9999 -9999 -9999 -9999 -9999 -9999 -9999 -9999 -9999 -9999 -9999 -9999 -9999 -9999 -9999 -9999
61.415 60.971 52.575 -9999 -9999 -9999 -9999 -9999 -9999 -9999 -9999 55.022 50.84 -9999 -9999 -9999 60.865 61.379 63.268 61.158 -9999 -9999 67.617 66.12 65.688 71.055 70.173 -9999 -9999 -9999 -9999 -9999 53.094 48.461 48.255 47.195 46.772 46.319 43.348 45.234 50.493 58.469 75.643 79.958 85.881 76.177 77.803 74.956 70.929 65.119 65.01 63.456 56.575 60.222 58.825 52.558 50.169 50.11 47.51 -9999 -9999 -9999 -9999 -9999 -9999 -9999 -9999 -9999 -9999 -9999 -9999 -9999 -9999 -9999 -9999
57.321 54.002 -9999 -9999 -9999 -9999 -9999 -9999 -9999 -9999 -9999 -9999 49.819 -9999 -9999 -9999 -9999 56.687 62.076 61.191 -9999 -9999 -9999 63.428 62.594 -9999 -9999 -9999 -9999 -9999 -9999 -9999 52.509 53.741 52.179 53.989 55.63 51.307 47.345 46.35 46.956 56.961 64.571 75.619 78.591 81.141 88.39 85.828 80.069 70.057 71.156 70.453 61.193 55.33 55.849 51.844 50.151 51.169 48.231 -9999 -9999 -9999 -9999 -9999 -9999 -9999 -9999 -9999 -9999 -9999 -9999 -9999 -9999 -9999 -9999
50.95 -9999 -9999 -9999 -9999 -9999 -9999 -9999 -9999 -9999 -9999 -9999 54.775 -9999 -9999 -9999 -9999 -9999 58.968 59.289 -9999 -9999 -9999 -9999 -9999 -9999 -9999 -9999 -9999 -9999 -9999 -9999 55.649 61.028 62.654 66.903 67.042 62.896 56.722 51.261 50.236 53.387 62.148 77.704 92.498 98.245 94.836 88.503 72.219 68.919 62.623 60.17 59.886 58.912 55.56 50.329 50.1 52.651 52.443 45.031 -9999 -9999 -9999 -9999 -9999 -9999 -9999 -9999 -9999 -9999 -9999 -9999 -9999 -9999 -9999
-9999 49.413 48.463 47.134 44.088 -9999 -9999 -9999 -9999 -9999 -9999 -9999 54.986 -9999 -9999 -9999 -9999 -9999 -9999 -9999 -9999 -9999 -9999 -9999 -9999 -9999 -9999 -9999 -9999 -9999 -9999 56.163 55.756 61.174 65.316 71.252 81.66 67.765 70.17 59.177 52.513 54.098 50.208 68.722 92.645 102.047 98.587 83.327 90.023 84.537 67.88 63.324 54.43 54.843 55.614 53.678 52.102 51.732 52.841 48.897 43.589 -9999 -9999 -9999 -9999 -9999 -9999 -9999 -9999 -9999 -9999 -9999 -9999 -9999 -9999
50.472 50.962 48.361 44.994 44.033 -9999 -9999 -9999 -9999 -9999 -9999 -9999 -9999 -9999 -9999 -9999 -9999 -9999 -9999 -9999 -9999 -9999 -9999 -9999 -9999 -9999 -9999 -9999 -9999 -9999 61.289 59.353 66.305 69.759 76.938 90.888 109.61 102.25 77.081 61.578 55.853 46.871 48.465 59.322 82.749 105.647 93.155 87.809 85.413 76.601 71.149 65.216 61.651 54.784 53.632 50.547 49.302 50.501 49.697 45.407 41.909 -9999 -9999 -9999 -9999 -9999 -9999 -9999 -9999 -9999 -9999 -9999 -9999 -9999 -9999
51.67 49.471 46.046 -9999 42.133 42.505 -9999 -9999 -9999 -9999 -9999 -9999 -9999 -9999 -9999 -9999 -9999 -9999 -9999 -9999 -9999 -9999 -9999 -9999 -9999 -9999 -9999 -9999 -9999 -9999 61.218 62.556 72.655 94.268 104.528 106.462 98.491 99.046 84.336 74.143 62.776 55.404 50.486 53.505 69.358 81.581 96.382 88.658 80.587 69.765 66.201 59.614 56.522 52.14 52.415 51.383 49.004 46.667 47.02 43.97 40.718 39.492 39.701 -9999 -9999 -9999 -9999 -9999 -9999 -9999 -9999 -9999 -9999 -9999 -9999
52.393 48.426 45.399 -9999 -9999 43.316 -9999 -9999 -9999 -9999 -9999 -9999 -9999 -9999 -9999 -9999 -9999 -9999 -9999 -9999 -9999 -9999 -9999 -9999 -9999 -9999 -9999 -9999 -9999 -9999 68.689 71.446 87.192 104.416 111.931 112.262 123.691 118.49 104.492 91.029 81.969 66.154 58.922 52.859 49.05 64.642 74.949 74.612 73.429 68.404 58.53 56.924 51.953 48.983 46.808 49.902 46.871 46.591 45.319 45.135 44.932 49.148 47.549 46.28 44.391 49.798 -9999 -9999 -9999 -9999 -9999 -9999 -9999 -9999 -9999
51.776 50.83 44.83 41.946 -9999 42.981 -9999 -9999 -9999 -9999 -9999 -9999 -9999 -9999 -9999 -9999 -9999 -9999 -9999 -9999 -9999 -9999 -9999 -9999 -9999 -9999 -9999 -9999 -9999 56.873 70.158 81.841 106.509 140.86 161.474 162.692 133.52 128.872 125.12 121.536 98.235 93.896 73.866 58.061 50.914 58.904 58.799 63.953 73.869 68.879 59.473 55.74 54.09 51.318 48.002 48.171 46.459 45.132 44.771 46.086 47.995 51.102 60.653 57.725 55.101 54.775 51.232 53.656 -9999 -9999 -9999 -9999 -9999 -9999 -9999
53.64 48.902 46.194 -9999 42.936 -9999 -9999 -9999 -9999 -9999 -9999 -9999 -9999 -9999 -9999 -9999 -9999 -9999 -9999 -9999 -9999 -9999 -9999 -9999 -9999 -9999 -9999 -9999 -9999 -9999 58.398 76.248 106.267 137.3 163.248 168.511 160.403 134.22 131.596 116.809 122.58 101.392 82.5 68.038 63.182 61.108 64.731 85.626 78.869 75.002 75.669 69.186 58.599 54.55 51.072 47.742 46.567 46.072 45.194 45.092 46.86 49.93 60.149 59.971 59.248 57.977 57.061 55.432 54.874 -9999 -9999 -9999 -9999 -9999 -9999
52.686 47.968 46.016 45.192 46.203 -9999 -9999 -9999 -9999 -9999 -9999 -9999 -9999 -9999 -9999 -9999 -9999 -9999 -9999 -9999 -9999 -9999 -9999 -9999 -9999 -9999 -9999 -9999 -9999 -9999 -9999 63.171 85.182 109.814 133.844 148.795 157.93 119.36 105.092 111.525 109.378 94.879 87.999 87.103 78.561 74.722 87.588 89.148 89.27 95.132 86.211 72.991 67.523 58.638 53.221 47.61 45.766 46.354 48.074 47.566 57.881 59.612 70.07 78.276 70.951 69.336 58.485 58.46 56.602 53.18 -9999 -9999 -9999 -9999 -9999
52.78 49.338 46.629 45.863 -9999 -9999 -9999 -9999 -9999 -9999 -9999 -9999 -9999 -9999 -9999 -9999 -9999 -9999 -9999 -9999 -9999 -9999 -9999 -9999 -9999 -9999 -9999 -9999 -9999 -9999 -9999 57.396 75.023 94.166 110.366 142.531 136.902 107.325 98.862 93.093 86.036 82.624 82.229 86.106 100.821 92.46 99.392 101.72 93.68 81.524 74.068 69.365 65.975 62.214 53.42 47.892 46.267 46.608 51.1 57.869 62.988 69.715 69.924 71.23 71.256 72.677 69.396 62.643 62.258 57.49 50.323 -9999 -9999 -9999 -9999
56.571 51.062 46.202 43.198 -9999 -9999 -9999 -9999 -9999 -9999 -9999 -9999 -9999 -9999 -9999 -9999 -9999 -9999 -9999 -9999 -9999 -9999 -9999 -9999 -9999 -9999 -9999 -9999 -9999 -9999 -9999 -9999 70.769 89.835 104.914 117.747 100.492 99.57 87.041 81.001 78.609 75.13 75.759 86.848 86.739 105.225 97.269 95.386 89.447 81.389 76.66 75.874 64.31 60.477 52.572 49.106 47.496 46.489 51.811 59.777 63.431 67.961 71.64 72.187 68.602 70.148 71.328 68.708 62.108 62.451 54.639 -9999 -9999 -9999 -9999
-9999 -9999 -9999 -9999 -9999 -9999 -9999 -9999 -9999 -9999 -9999 -9999 -9999 -9999 -9999 -9999 -9999 -9999 -9999 -9999 -9999 -9999 -9999 -9999 -9999 -9999 -9999 -9999 -9999 -9999 -9999 -9999 67.621 85.565 96.22 86.563 91.711 82.889 83.247 73.627 70.776 72.718 76.671 79.781 104.006 101.707 96.491 93.835 91.818 79.483 74.499 70.98 67.649 59.551 54.693 48.567 46.311 47.587 48.798 56.813 62.851 63.507 62.945 61.061 58.511 61.794 63.966 67.044 59.802 55.416 56.364 48.355 -9999 -9999 -9999
-9999 -9999 -9999 -9999 -9999 -9999 -9999 -9999 -9999 -9999 -9999 -9999 -9999 -9999 -9999 -9999 -9999 -9999 -9999 -9999 -9999 -9999 -9999 -9999 -9999 -9999 -9999 -9999 -9999 -9999 -9999 -9999 -9999 79.696 76.74 82.489 90.826 78.846 71.073 64.823 64.389 68.761 70.906 84.447 98.522 105.578 100.935 100.188 98.298 93.194 87.313 78.392 76.169 69.053 59.133 50.803 46.365 45.353 47.251 48.914 57.259 61.324 56.931 50.669 48.932 47.843 51.929 54.2 60.866 53.653 51.223 48.468 -9999 -9999 -9999
-9999 -9999 -9999 -9999 -9999 -9999 -9999 -9999 -9999 -9999 -9999 -9999 -9999 -9999 -9999 -9999 -9999 -9999 -9999 -9999 -9999 -9999 -9999 -9999 -9999 -9999 -9999 -9999 -9999 -9999 -9999 -9999 -9999 68.929 -9999 74.27 68.564 66.052 63.386 -9999 63.275 66.762 73.755 78.199 95.012 99.989 108.181 104.646 100.232 98.786 108.23 95.002 82.073 75.064 66.951 54.961 47.748 43.446 43.632 46.995 50.124 53.59 51.724 47.444 44.685 44.326 44.49 47.432 51.437 53.873 52.314 53.473 49.661 -9999 -9999
-9999 -9999 -9999 -9999 -9999 -9999 -9999 -9999 -9999 -9999 -9999 -9999 -9999 -9999 -9999 -9999 -9999 -9999 -9999 -9999 -9999 -9999 -9999 -9999 -9999 -9999 -9999 -9999 -9999 -9999 -9999 -9999 -9999 -9999 63.616 65.666 -9999 -9999 -9999 -9999 58.555 61.774 61.415 67.718 74.457 90.827 89.802 95.846 100.824 98.39 99.041 105.538 89.505 77.731 67.431 59.475 51.961 46.67 43.111 44.195 46.147 49.172 51.675 48.786 48.388 46.336 44.417 46.627 50.679 52.672 50.792 52.133 52.214 51.089 48.882
-9999 -9999 -9999 -9999 -9999 -9999 -9999 -9999 -9999 -9999 -9999 -9999 -9999 -9999 -9999 -9999 -9999 -9999 -9999 -9999 -9999 -9999 -9999 -9999 -9999 -9999 -9999 -9999 -9999 -9999 -9999 -9999 -9999 -9999 60.703 61.004 -9999 -9999 -9999 -9999 57.794 62.77 56.681 59.834 67.979 72.553 73.155 82.194 95.007 91.137 87.206 95.32 88.811 80.996 70.116 61.74 52.664 47.741 44.556 42.71 41.497 43.467 47.386 48.712 45.908 47.212 48.526 48.92 52.584 56.468 56.088 52.32 48.197 49.052 47.609
-9999 -9999 -9999 -9999 -9999 -9999 -9999 -9999 -9999 -9999 -9999 -9999 -9999 -9999 -9999 -9999 -9999 -9999 -9999 -9999 -9999 -9999 -9999 -9999 -9999 -9999 -9999 -9999 -9999 -9999 -9999 -9999 -9999 -9999 58.779 -9999 -9999 -9999 -9999 57.137 62.508 64.512 69.813 73.469 80.7 76.162 66.542 80.99 91.918 86.782 82.03 80.692 83.94 77.596 69.719 60.497 52.332 47.423 46.211 44.479 42.82 42.272 43.875 45.388 45.899 48.399 56.573 57.016 56.269 56.063 54.406 52.17 50.592 49.59 -9999
-9999 -9999 -9999 -9999 -9999 -9999 -9999 -9999 -9999 -9999 -9999 -9999 -9999 -9999 -9999 -9999 -9999 -9999 -9999 -9999 -9999 -9999 -9999 -9999 -9999 -9999 -9999 -9999 -9999 -9999 -9999 -9999 -9999 -9999 -9999 -9999 -9999 -9999 -9999 56.473 61.067 72.153 85.533 95.76 91.289 76.272 68.864 68.927 76.436 71.209 71.24 73.844 78.208 78.129 69.423 60.185 53.637 48.422 46.586 44.995 43.503 42.896 43.163 44.182 46.5 48.932 58.613 64.005 56.778 53.985 50.148 48.615 47.118 47.209 -9999
-9999 -9999 -9999 -9999 -9999 -9999 -9999 -9999 -9999 -9999 -9999 -9999 -9999 -9999 -9999 -9999 -9999 -9999 -9999 -9999 -9999 -9999 -9999 -9999 -9999 -9999 -9999 -9999 -9999 -9999 -9999 -9999 -9999 -9999 -9999 -9999 -9999 -9999 -9999 54.426 60.722 74.964 93.02 100.611 91.325 78.209 66.292 67.392 66.845 63.789 61.854 61.935 70.871 71.116 67.343 59.528 53.223 48.88 45.04 42.74 43.217 43.066 41.836 42.404 45.317 48.319 53.701 60.063 56.481 51.044 48.768 47.835 47.193 46.739 -9999
-9999 -9999 -9999 -9999 -9999 -9999 -9999 -9999 -9999 -9999 -9999 -9999 -9999 -9999 -9999 -9999 -9999 -9999 -9999 -9999 -9999 -9999 -9999 -9999 -9999 -9999 -9999 -9999 -9999 -9999 -9999 -9999 -9999 -9999 -9999 -9999 -9999 -9999 52.696 53.923 59.867 75.931 92.676 99.456 85.701 80.056 62.309 58.18 63.285 62.537 64.383 66.742 64.054 63.013 58.91 56.232 49.767 48.672 45.798 43.639 43.268 43.507 41.534 41.631 43.191 46.313 49.423 54.478 54.292 51.503 47.62 46.223 46.786 47.418 48.402
-9999 -9999 -9999 -9999 -9999 -9999 -9999 -9999 -9999 -9999 -9999 -9999 -9999 -9999 -9999 -9999 -9999 -9999 -9999 -9999 -9999 -9999 -9999 -9999 -9999 -9999 -9999 -9999 -9999 -9999 -9999 -9999 -9999 -9999 -9999 -9999 -9999 -9999 53.043 52.845 59.756 69.976 83.277 73.73 73.898 65.997 65.415 74.15 69.633 69.236 68.665 63.891 63.274 59.581 57.49 57.955 54.82 49.538 47.553 44.927 43.389 42.914 41.974 41.63 42.362 44.21 46.485 47.538 51.023 51.399 48.796 45.424 45.473 47.156 48.388
-9999 -9999 -9999 -9999 -9999 -9999 -9999 -9999 -9999 -9999 -9999 -9999 -9999 -9999 -9999 -9999 -9999 -9999 -9999 -9999 -9999 -9999 -9999 -9999 -9999 -9999 -9999 -9999 -9999 -9999 -9999 -9999 -9999 -9999 -9999 -9999 -9999 54.359 52.819 53.651 57.268 64.803 66.227 65.996 64.829 65.654 69.883 71.736 72.831 77.964 74.223 69.447 58.826 59.895 56.141 54.66 53.698 52.978 49.049 46.432 44.043 42.298 42.142 42.197 42.054 44.154 46.22 47.491 49.736 53.175 52.028 47.883 44.653 46.097 47.469
-9999 -9999 -9999 -9999 -9999 -9999 -9999 -9999 -9999 -9999 -9999 -9999 -9999 -9999 -9999 -9999 -9999 -9999 -9999 -9999 -9999 -9999 -9999 -9999 -9999 -9999 -9999 -9999 -9999 -9999 -9999 -9999 -9999 -9999 -9999 -9999 -9999 50.244 52.557 54.654 55.948 58.272 60.038 60.705 64.115 64.668 65.346 69.843 77.263 88.732 85.51 76.947 66.648 59.792 58.598 52.871 49.251 50.378 51.175 47.61 44.401 42.886 40.589 40.972 42.136 42.153 42.775 46.016 50.715 55.472 53.78 49.818 46.869 45.108 47.215
-9999 -9999 -9999 -9999 -9999 -9999 -9999 -9999 -9999 -9999 -9999 -9999 -9999 -9999 -9999 -9999 -9999 -9999 -9999 -9999 -9999 -9999 -9999 -9999 -9999 -9999 -9999 -9999 -9999 -9999 -9999 -9999 -9999 -9999 -9999 -9999 -9999 49.79 50.596 50.544 51.442 56.628 57.405 61.549 66.625 66.455 71.769 80.517 87.909 90.404 85.939 76.677 67.609 60.044 59.04 55.685 50.507 48.615 47.925 47.196 44.91 43.361 42.412 40.625 41.94 42.567 42.613 43.434 47.425 50.56 52.03 50.397 48.136 45.462 44.962
-9999 -9999 -9999 -9999 -9999 -9999 -9999 -9999 -9999 -9999 -9999 -9999 -9999 -9999 -9999 -9999 -9999 -9999 -9999 -9999 -9999 -9999 -9999 -9999 -9999 -9999 -9999 -9999 -9999 -9999 -9999 -9999 -9999 -9999 -9999 -9999 -9999 -9999 49.332 48.985 51.823 52.274 60.671 70.859 75.074 78.958 83.887 80.761 89.214 84.544 82.869 74.45 62.116 58.656 53.957 54.507 50.537 48.539 47.896 45.169 44.667 44.226 43.494 42.781 43.028 43.341 43.144 43.735 45.043 46.647 47.628 -9999 46.159 -9999 44.171
-9999 -9999 -9999 -9999 -9999 -9999 -9999 -9999 -9999 -9999 -9999 -9999 -9999 -9999 -9999 -9999 -9999 -9999 -9999 -9999 -9999 -9999 -9999 -9999 -9999 -9999 -9999 -9999 -9999 -9999 -9999 -9999 -9999 -9999 -9999 -9999 -9999 48.726 51.02 51.075 51.174 56.487 66.347 78.503 82.665 86.662 85.098 82.156 83.154 85.109 88.011 84.379 70.465 58.903 57.374 53.483 49.807 47.384 47.991 46.272 45.114 45.051 44.151 43.865 43.81 44.257 44.0 45.428 45.992 45.688 46.96 47.077 45.251 44.13 -9999
-9999 -9999 -9999 -9999 -9999 -9999 -9999 -9999 -9999 -9999 -9999 -9999 -9999 -9999 -9999 -9999 -9999 -9999 -9999 -9999 -9999 -9999 -9999 -9999 -9999 -9999 -9999 -9999 -9999 -9999 -9999 -9999 -9999 -9999 -9999 -9999 -9999 50.417 52.834 51.924 54.099 59.299 67.152 74.319 77.728 77.429 75.617 76.902 72.718 80.304 88.155 83.844 75.091 67.194 58.761 54.731 53.562 50.097 48.624 49.256 46.664 45.532 44.516 44.094 44.054 44.666 45.088 44.459 45.727 46.122 44.011 45.559 47.052 45.636 43.904
-9999 -9999 -9999 -9999 -9999 -9999 -9999 -9999 -9999 -9999 -9999 -9999 -9999 -9999 -9999 -9999 -9999 -9999 -9999 -9999 -9999 -9999 -9999 -9999 -9999 -9999 -9999 -9999 -9999 -9999 -9999 -9999 -9999 -9999 -9999 -9999 48.548 50.223 52.039 54.497 55.764 57.359 63.206 68.878 67.923 66.956 67.238 66.116 67.428 78.035 91.899 92.753 85.0 78.949 73.599 61.254 52.231 50.301 47.393 48.28 47.681 45.652 44.554 43.521 43.721 44.749 46.828 46.452 46.137 47.05 47.636 45.849 46.911 47.259 44.596
-9999 -9999 -9999 -9999 -9999 -9999 -9999 -9999 -9999 -9999 -9999 -9999 -9999 -9999 -9999 -9999 -9999 -9999 -9999 -9999 -9999 -9999 -9999 -9999 -9999 -9999 -9999 -9999 -9999 -9999 -9999 -9999 -9999 -9999 -9999 -9999 48.38 49.867 53.437 55.333 56.704 59.845 58.486 59.714 59.891 59.789 61.064 60.912 65.104 71.434 84.065 98.97 102.779 94.355 84.481 72.818 59.687 52.796 48.218 44.71 46.666 45.629 44.029 44.214 43.82 44.112 44.875 46.585 46.258 46.569 46.782 47.745 54.449 51.237 46.238
-9999 -9999 -9999 -9999 -9999 -9999 -9999 -9999 -9999 -9999 -9999 -9999 -9999 -9999 -9999 -9999 -9999 -9999 -9999 -9999 -9999 -9999 -9999 -9999 -9999 -9999 -9999 -9999 -9999 -9999 -9999 -9999 -9999 -9999 -9999 -9999 -9999 51.923 53.877 54.16 57.202 56.107 54.957 54.455 53.803 54.708 54.393 56.103 57.418 62.956 75.97 89.707 103.891 108.256 92.657 79.919 68.105 55.249 50.403 47.531 48.237 47.983 46.068 43.61 44.724 43.878 43.395 45.025 46.525 45.907 44.62 45.68 46.488 52.292 49.136
