Validation/Results/raw data/ReClimate_06_2024_1weatherlogisticsltd.asc
NCOLS 192
NROWS 249
XLLCENTER -225160.85627316462
YLLCENTER 29788.11610251502
CELLSIZE 5000.0
NODATA_VALUE -9999
[rows 99 to 131 of 249, columns 74 to 147 of 192]
88.883 88.829 88.778 88.728 88.68 88.897 89.64 90.874 -9999 -9999 94.51 96.065 98.402 100.772 103.068 105.305 107.494 109.645 111.771 113.88 115.985 117.994 119.777 121.406 123.015 124.611 126.201 127.789 129.362 130.885 132.396 133.932 135.501 137.111 138.773 140.498 142.314 144.231 146.277 147.984 149.274 150.605 152.062 153.683 155.442 -9999 -9999 -9999 -9999 -9999 -9999 -9999 -9999 -9999 -9999 -9999 -9999 -9999 -9999 -9999 -9999 -9999 -9999 -9999 -9999 -9999 -9999 -9999 -9999 -9999 -9999 -9999 -9999 -9999
89.512 89.37 89.197 -9999 -9999 88.73 89.264 -9999 -9999 -9999 93.885 95.592 97.987 100.357 102.655 104.893 107.083 109.236 111.363 113.476 115.585 117.605 119.399 121.042 122.667 124.254 125.757 127.233 128.693 130.155 131.641 133.157 134.713 136.317 137.981 139.717 141.544 143.478 145.545 147.32 148.685 150.049 151.537 153.193 154.992 -9999 -9999 -9999 -9999 -9999 -9999 -9999 -9999 -9999 -9999 -9999 -9999 -9999 -9999 -9999 -9999 -9999 -9999 -9999 -9999 -9999 -9999 -9999 -9999 -9999 -9999 -9999 -9999 -9999
90.782 -9999 90.342 90.061 89.769 -9999 -9999 -9999 -9999 92.316 93.3 95.092 97.544 99.92 102.223 104.464 106.657 108.813 110.943 113.059 115.172 117.197 118.996 120.612 122.102 123.547 124.976 126.41 127.858 129.324 130.816 132.341 133.908 135.526 137.206 138.962 140.807 142.758 144.834 146.644 148.029 149.365 150.8 152.391 -9999 -9999 -9999 -9999 -9999 -9999 -9999 -9999 -9999 -9999 -9999 -9999 -9999 -9999 -9999 -9999 -9999 -9999 -9999 -9999 -9999 -9999 -9999 -9999 -9999 -9999 -9999 -9999 -9999 -9999
92.176 91.958 91.699 91.402 91.066 90.694 90.758 -9999 -9999 92.564 -9999 -9999 97.087 99.464 101.773 104.019 106.215 108.374 110.507 112.628 114.747 116.732 118.381 119.835 121.272 122.702 124.131 125.568 127.019 128.491 129.991 131.526 133.106 134.739 136.439 138.216 140.087 142.065 144.166 146.014 147.416 148.731 150.021 -9999 -9999 -9999 -9999 -9999 -9999 -9999 -9999 -9999 -9999 -9999 -9999 -9999 -9999 -9999 -9999 -9999 -9999 -9999 -9999 -9999 -9999 -9999 -9999 -9999 -9999 -9999 -9999 -9999 -9999 -9999
93.514 93.276 92.999 92.685 92.336 -9999 -9999 -9999 92.463 92.872 93.341 94.839 96.87 98.977 101.293 103.553 105.754 107.916 110.054 112.158 114.181 115.978 117.53 118.981 120.417 121.847 123.277 124.717 126.172 127.65 129.158 130.704 132.296 133.945 135.664 137.464 139.362 141.373 -9999 -9999 146.837 -9999 -9999 -9999 -9999 -9999 -9999 -9999 -9999 -9999 -9999 -9999 -9999 -9999 -9999 -9999 -9999 -9999 -9999 -9999 -9999 -9999 -9999 -9999 -9999 -9999 -9999 -9999 -9999 -9999 -9999 -9999 -9999 -9999
94.817 94.559 94.264 -9999 93.573 -9999 -9999 -9999 92.771 93.259 93.949 95.261 97.087 99.013 100.948 103.025 105.253 107.435 109.54 111.495 113.394 115.148 116.666 118.114 119.548 120.978 122.41 123.853 125.312 126.796 128.312 129.867 131.471 133.134 134.868 136.688 138.61 -9999 142.831 144.77 146.251 147.238 -9999 -9999 -9999 -9999 -9999 -9999 -9999 -9999 -9999 -9999 -9999 -9999 -9999 -9999 -9999 -9999 -9999 -9999 -9999 -9999 -9999 -9999 -9999 -9999 -9999 -9999 -9999 -9999 -9999 -9999 -9999 -9999
-9999 95.821 -9999 -9999 -9999 -9999 93.946 93.519 93.535 93.885 94.533 95.778 97.523 99.234 100.977 102.798 104.691 106.794 108.779 110.71 112.589 114.303 115.782 117.227 118.66 120.09 121.524 122.97 124.434 125.924 127.446 129.009 130.621 132.295 134.041 -9999 137.809 139.865 142.062 143.991 145.417 146.104 -9999 -9999 -9999 -9999 -9999 -9999 -9999 -9999 -9999 -9999 -9999 -9999 -9999 -9999 -9999 -9999 -9999 -9999 -9999 -9999 -9999 -9999 -9999 -9999 -9999 -9999 -9999 -9999 -9999 -9999 -9999 -9999
-9999 -9999 -9999 -9999 -9999 -9999 95.15 94.718 94.465 94.485 95.076 96.238 97.919 99.564 101.182 102.775 104.435 106.061 107.878 109.793 111.684 113.381 114.873 116.316 117.748 119.179 120.616 122.065 123.533 125.028 126.555 128.124 129.743 131.422 133.174 135.01 136.947 138.988 141.077 142.719 143.85 144.792 145.421 -9999 -9999 -9999 -9999 -9999 -9999 -9999 -9999 -9999 -9999 -9999 -9999 -9999 -9999 -9999 -9999 -9999 -9999 -9999 -9999 -9999 -9999 -9999 -9999 -9999 -9999 -9999 -9999 -9999 -9999 -9999
-9999 -9999 -9999 -9999 -9999 96.842 -9999 -9999 95.486 95.346 95.577 96.639 98.263 -9999 -9999 102.847 104.197 105.609 107.118 108.804 110.645 112.282 113.775 115.251 116.717 118.181 119.649 121.124 122.607 124.106 125.637 127.208 128.817 130.46 132.155 133.911 135.738 137.627 139.484 140.893 141.906 142.832 143.705 144.165 -9999 -9999 -9999 -9999 -9999 -9999 -9999 -9999 -9999 -9999 -9999 -9999 -9999 -9999 -9999 -9999 -9999 -9999 -9999 -9999 -9999 -9999 -9999 -9999 -9999 -9999 -9999 -9999 -9999 -9999
-9999 -9999 -9999 -9999 -9999 98.073 -9999 97.146 96.659 96.277 96.18 96.994 98.554 100.071 101.494 102.797 104.062 105.301 106.587 108.007 109.535 111.1 112.588 114.059 115.523 116.985 118.45 119.92 121.397 122.893 124.41 125.954 127.521 129.123 130.766 132.456 134.199 136.0 137.718 138.978 139.952 140.872 141.757 -9999 -9999 -9999 -9999 -9999 -9999 -9999 -9999 -9999 -9999 -9999 -9999 -9999 -9999 -9999 -9999 -9999 -9999 -9999 -9999 -9999 -9999 -9999 -9999 -9999 -9999 -9999 -9999 -9999 -9999 -9999
-9999 -9999 -9999 -9999 -9999 99.304 -9999 98.341 97.85 97.348 97.002 97.401 -9999 100.208 101.484 -9999 103.891 105.049 106.193 107.387 108.637 109.901 111.365 112.816 114.261 115.706 117.155 118.609 120.073 121.549 123.041 124.554 126.092 127.662 129.267 130.914 132.609 134.354 135.932 -9999 -9999 -9999 -9999 -9999 -9999 -9999 -9999 -9999 -9999 -9999 -9999 -9999 -9999 -9999 -9999 -9999 -9999 -9999 -9999 -9999 -9999 -9999 -9999 -9999 -9999 -9999 -9999 -9999 -9999 -9999 -9999 -9999 -9999 -9999
-9999 -9999 -9999 101.439 100.996 -9999 -9999 99.585 99.048 98.528 97.99 98.116 98.946 100.226 101.43 -9999 103.685 104.763 105.827 106.875 107.836 108.875 110.125 111.559 112.99 114.421 115.855 117.294 118.739 120.194 121.662 123.147 124.655 126.189 127.755 129.358 131.004 132.704 -9999 -9999 -9999 -9999 -9999 -9999 -9999 -9999 -9999 -9999 -9999 -9999 -9999 -9999 -9999 -9999 -9999 -9999 -9999 -9999 -9999 -9999 -9999 -9999 -9999 -9999 -9999 -9999 -9999 -9999 -9999 -9999 -9999 -9999 -9999 -9999
-9999 -9999 103.266 102.781 102.296 -9999 101.331 100.817 100.259 99.717 -9999 98.916 99.318 100.195 101.332 -9999 103.442 104.443 105.427 106.355 107.14 107.975 108.997 110.286 111.706 113.127 114.549 115.973 117.4 -9999 120.276 121.732 123.206 124.704 126.229 127.788 129.387 -9999 -9999 -9999 -9999 -9999 -9999 -9999 -9999 -9999 -9999 -9999 -9999 -9999 -9999 -9999 -9999 -9999 -9999 -9999 -9999 -9999 -9999 -9999 -9999 -9999 -9999 -9999 -9999 -9999 -9999 -9999 -9999 -9999 -9999 -9999 -9999 -9999
-9999 -9999 104.607 104.113 -9999 -9999 102.59 102.041 101.5 -9999 100.328 99.84 99.801 100.427 101.191 -9999 103.164 104.089 104.987 105.781 106.464 107.165 108.001 109.039 110.408 111.823 113.235 114.645 116.054 117.465 118.881 -9999 -9999 123.206 124.69 -9999 -9999 -9999 -9999 -9999 -9999 132.835 133.745 134.608 -9999 -9999 -9999 -9999 -9999 -9999 -9999 -9999 -9999 -9999 -9999 -9999 -9999 -9999 -9999 -9999 -9999 -9999 -9999 -9999 -9999 -9999 -9999 -9999 -9999 -9999 -9999 -9999 -9999 -9999
-9999 106.567 106.028 -9999 -9999 104.425 103.891 103.325 102.759 -9999 101.49 100.763 100.491 100.815 101.33 -9999 -9999 -9999 104.493 105.139 105.751 106.392 107.077 107.98 109.097 110.51 111.914 113.31 114.699 116.086 117.474 118.868 120.272 121.692 123.134 -9999 -9999 -9999 -9999 -9999 129.835 130.767 131.586 132.431 133.253 -9999 -9999 -9999 -9999 -9999 -9999 -9999 -9999 -9999 -9999 -9999 -9999 -9999 -9999 -9999 -9999 -9999 -9999 -9999 -9999 -9999 -9999 -9999 -9999 -9999 -9999 -9999 -9999 -9999
108.589 108.048 107.511 -9999 -9999 -9999 105.243 104.645 104.024 -9999 102.603 -9999 101.332 101.366 101.642 -9999 102.552 103.28 103.939 -9999 105.002 105.584 106.236 106.969 107.946 109.189 110.584 111.965 113.334 114.695 116.053 117.413 118.783 120.16 121.546 122.93 124.262 125.266 -9999 126.929 127.769 128.549 129.323 130.064 130.784 131.51 132.291 -9999 -9999 -9999 -9999 -9999 -9999 -9999 -9999 -9999 -9999 -9999 -9999 -9999 -9999 -9999 -9999 -9999 -9999 -9999 -9999 -9999 -9999 -9999 -9999 -9999 -9999 -9999
110.193 109.629 -9999 -9999 -9999 -9999 106.642 106.009 105.362 -9999 103.726 -9999 102.173 101.934 -9999 102.308 102.636 102.965 103.33 103.783 104.227 104.741 105.385 106.072 106.862 107.868 109.244 110.607 111.953 113.296 114.646 115.982 117.308 118.63 119.956 121.297 122.491 123.32 124.101 124.866 125.612 126.326 126.993 127.652 128.314 128.996 129.711 130.465 131.03 131.234 -9999 -9999 -9999 -9999 -9999 -9999 -9999 -9999 -9999 -9999 -9999 -9999 -9999 -9999 -9999 -9999 -9999 -9999 -9999 -9999 -9999 -9999 -9999 -9999
-9999 111.307 -9999 -9999 -9999 -9999 108.095 107.423 106.715 105.833 -9999 -9999 103.058 102.595 -9999 102.776 102.873 102.947 103.011 103.138 103.485 103.953 104.583 105.232 105.864 106.748 107.888 109.249 110.62 111.966 113.281 114.573 115.848 117.117 118.387 119.627 120.574 121.336 122.077 122.796 123.471 124.117 124.744 125.362 125.976 126.598 127.24 127.89 128.618 129.419 129.567 -9999 -9999 -9999 -9999 -9999 -9999 -9999 -9999 -9999 -9999 -9999 -9999 -9999 -9999 -9999 -9999 -9999 -9999 -9999 -9999 -9999 -9999 -9999
113.667 -9999 -9999 -9999 -9999 -9999 109.607 108.898 108.086 107.076 -9999 -9999 104.07 103.402 -9999 -9999 103.214 103.101 102.99 102.996 103.043 103.308 103.846 104.411 104.97 105.632 106.602 107.994 109.346 110.655 111.928 113.174 114.4 115.616 116.831 117.908 118.657 119.381 120.083 120.751 121.391 122.007 122.603 123.183 123.755 124.324 124.901 125.497 126.186 127.117 128.274 -9999 -9999 -9999 -9999 -9999 -9999 -9999 -9999 -9999 -9999 -9999 -9999 -9999 -9999 -9999 -9999 -9999 -9999 -9999 -9999 -9999 -9999 -9999
115.538 -9999 -9999 -9999 -9999 -9999 111.196 110.423 109.474 -9999 -9999 -9999 -9999 104.148 -9999 103.622 103.48 103.326 103.184 103.066 103.006 103.123 103.307 103.598 104.108 104.705 105.586 106.75 108.07 109.343 110.575 111.777 112.955 114.12 115.233 116.054 116.766 117.463 118.138 118.783 119.398 119.989 120.556 121.105 121.638 122.162 122.743 123.495 124.379 125.357 126.442 127.262 -9999 -9999 -9999 -9999 -9999 -9999 -9999 -9999 -9999 -9999 -9999 -9999 -9999 -9999 -9999 -9999 -9999 -9999 -9999 -9999 -9999 -9999
117.74 -9999 -9999 -9999 114.355 113.619 112.863 111.991 -9999 -9999 108.579 -9999 -9999 -9999 -9999 103.944 103.738 103.547 103.377 103.238 103.144 103.106 103.142 103.376 103.702 104.026 104.546 105.487 106.779 108.019 109.214 110.373 111.505 112.6 113.51 114.217 114.92 115.61 116.265 116.889 117.484 118.052 118.595 119.152 119.799 120.469 121.233 122.029 122.872 123.779 124.771 125.453 -9999 -9999 -9999 -9999 -9999 -9999 -9999 -9999 -9999 -9999 -9999 -9999 -9999 -9999 -9999 -9999 -9999 -9999 -9999 -9999 -9999 -9999
-9999 -9999 -9999 -9999 -9999 115.409 114.621 113.628 -9999 111.106 109.909 108.745 -9999 -9999 -9999 -9999 103.982 103.754 103.552 103.382 103.252 103.192 103.284 103.446 103.623 103.808 104.09 104.707 105.722 106.806 107.873 108.952 110.039 111.01 111.719 112.432 113.143 113.814 114.464 115.125 115.796 116.455 117.105 117.8 118.507 119.223 119.956 120.715 121.511 122.36 123.252 123.756 124.048 -9999 -9999 -9999 -9999 -9999 -9999 -9999 -9999 -9999 -9999 -9999 -9999 -9999 -9999 -9999 -9999 -9999 -9999 -9999 -9999 -9999
-9999 -9999 -9999 -9999 -9999 117.357 116.468 115.324 -9999 112.617 111.325 110.068 -9999 -9999 -9999 -9999 -9999 103.907 103.698 103.491 103.35 103.378 103.463 103.567 103.684 103.804 103.921 104.321 105.091 106.095 107.09 108.086 109.02 109.721 110.42 111.153 111.861 112.551 113.243 113.942 114.636 115.327 116.016 116.703 117.392 118.088 118.795 119.522 120.278 121.077 121.856 122.255 122.43 122.613 -9999 -9999 -9999 -9999 -9999 -9999 -9999 -9999 -9999 -9999 -9999 -9999 -9999 -9999 -9999 -9999 -9999 -9999 -9999 -9999
-9999 -9999 -9999 -9999 -9999 120.329 118.672 -9999 -9999 114.177 112.824 111.462 110.163 -9999 -9999 -9999 -9999 -9999 103.807 103.591 103.549 103.566 103.603 103.654 103.715 103.778 103.838 104.054 104.64 105.604 106.546 107.434 108.13 108.792 109.521 110.227 110.921 111.608 112.294 112.98 113.664 114.345 115.023 115.698 116.373 117.051 117.736 118.436 119.159 119.915 120.586 120.889 121.008 121.131 121.207 121.313 -9999 -9999 -9999 -9999 -9999 -9999 -9999 -9999 -9999 -9999 -9999 -9999 -9999 -9999 -9999 -9999 -9999 -9999
-9999 -9999 -9999 -9999 -9999 123.129 121.268 -9999 -9999 115.998 114.375 112.742 -9999 -9999 -9999 -9999 -9999 -9999 103.903 103.781 103.736 103.711 103.702 103.705 103.714 103.725 103.73 103.781 104.209 105.125 105.995 106.688 107.317 108.028 108.721 109.395 110.062 110.732 111.407 112.085 112.764 113.44 114.111 114.778 115.442 116.105 116.772 117.448 118.141 118.86 119.435 119.682 119.819 119.935 120.022 120.082 -9999 -9999 -9999 -9999 -9999 -9999 -9999 -9999 -9999 -9999 -9999 -9999 -9999 -9999 -9999 -9999 -9999 -9999
-9999 -9999 -9999 -9999 -9999 125.921 124.18 -9999 -9999 -9999 115.736 113.948 112.437 -9999 -9999 -9999 -9999 -9999 104.168 103.961 103.877 103.811 103.759 103.716 103.678 103.639 103.594 103.537 103.876 104.623 105.317 105.933 106.612 107.303 107.96 108.602 109.247 109.904 110.575 111.253 111.933 112.608 113.277 113.937 114.592 115.242 115.892 116.547 117.214 117.913 118.445 118.64 118.804 118.93 119.025 119.091 -9999 -9999 -9999 -9999 -9999 -9999 -9999 -9999 -9999 -9999 -9999 -9999 -9999 -9999 -9999 -9999 -9999 -9999
-9999 -9999 -9999 -9999 130.665 129.01 127.122 -9999 -9999 -9999 -9999 -9999 -9999 -9999 -9999 -9999 -9999 -9999 104.814 104.148 103.969 103.864 103.771 103.686 103.604 103.52 103.427 103.321 103.499 103.979 104.603 105.249 105.96 106.615 107.235 107.845 108.469 109.12 109.796 110.483 111.17 111.848 112.515 113.171 113.817 114.455 115.09 115.726 116.39 117.115 117.544 117.756 117.927 118.064 118.167 118.24 119.498 -9999 -9999 -9999 -9999 -9999 -9999 -9999 -9999 -9999 -9999 -9999 -9999 -9999 -9999 -9999 -9999 -9999
-9999 -9999 -9999 134.976 133.585 132.079 130.105 -9999 -9999 -9999 -9999 -9999 -9999 -9999 -9999 -9999 108.487 106.897 105.621 104.728 104.065 103.866 103.735 103.611 103.489 103.362 103.22 103.015 102.935 103.297 103.936 104.659 105.346 105.968 106.549 107.12 107.723 108.381 109.075 109.779 110.476 111.158 111.825 112.476 113.113 113.74 114.36 115.003 115.754 116.417 116.759 116.982 117.163 117.309 117.421 117.501 118.487 -9999 -9999 -9999 -9999 -9999 -9999 -9999 -9999 -9999 -9999 -9999 -9999 -9999 -9999 -9999 -9999 -9999
-9999 -9999 -9999 138.132 136.685 134.872 -9999 -9999 -9999 -9999 -9999 -9999 -9999 -9999 -9999 -9999 109.382 107.911 106.639 105.48 104.598 103.916 103.648 103.487 103.328 103.141 102.861 102.498 102.33 102.634 103.345 104.103 104.773 105.37 105.91 106.433 107.01 107.694 108.425 109.15 109.856 110.54 111.204 111.848 112.476 113.09 113.72 114.464 115.233 115.799 116.07 116.299 116.492 116.647 116.766 116.852 117.661 -9999 -9999 -9999 -9999 -9999 -9999 -9999 -9999 -9999 -9999 -9999 -9999 -9999 -9999 -9999 -9999 -9999
-9999 -9999 -9999 -9999 -9999 -9999 -9999 -9999 -9999 -9999 -9999 -9999 -9999 -9999 -9999 -9999 110.358 108.952 107.667 106.461 105.323 104.423 103.699 103.297 103.041 102.693 102.321 101.935 101.706 102.006 102.819 103.58 104.249 104.834 105.349 105.816 106.355 107.108 107.871 108.606 109.313 109.993 110.649 111.284 111.899 112.521 113.247 114.038 114.753 115.182 115.461 115.7 115.898 116.059 116.186 116.278 116.98 -9999 -9999 -9999 -9999 -9999 -9999 -9999 -9999 -9999 -9999 -9999 -9999 -9999 -9999 -9999 -9999 -9999
-9999 -9999 -9999 -9999 -9999 -9999 -9999 -9999 -9999 -9999 -9999 -9999 -9999 -9999 -9999 113.747 111.496 110.055 108.713 107.457 106.274 105.14 104.129 103.214 102.494 102.115 101.726 101.322 101.058 101.417 102.308 103.088 103.771 104.371 104.9 105.382 105.994 106.699 107.433 108.151 108.845 109.512 110.156 110.777 111.388 112.079 112.897 113.673 114.295 114.633 114.918 115.163 115.367 115.535 115.667 115.766 116.397 -9999 -9999 -9999 -9999 -9999 -9999 -9999 -9999 -9999 -9999 -9999 -9999 -9999 -9999 -9999 -9999 -9999
-9999 -9999 -9999 -9999 -9999 -9999 -9999 -9999 -9999 -9999 -9999 -9999 -9999 -9999 -9999 115.129 112.703 111.193 109.79 108.452 107.115 105.82 104.562 103.397 102.447 101.608 101.063 100.647 100.401 100.879 101.804 102.616 103.332 103.969 104.547 105.11 105.723 106.392 107.083 107.771 108.441 109.09 109.716 110.321 110.969 111.795 112.598 113.33 113.807 114.14 114.429 114.677 114.889 115.062 115.2 115.304 115.901 -9999 -9999 -9999 -9999 -9999 -9999 -9999 -9999 -9999 -9999 -9999 -9999 -9999 -9999 -9999 -9999 -9999
-9999 -9999 -9999 -9999 -9999 -9999 -9999 -9999 -9999 -9999 -9999 -9999 -9999 -9999 119.433 116.442 114.048 112.202 110.623 109.111 107.685 106.34 105.064 103.847 102.679 101.671 100.759 99.96 99.724 100.325 101.296 102.152 102.912 103.597 104.23 104.845 105.471 106.121 106.782 107.441 108.086 108.714 109.321 109.938 110.718 111.553 112.339 112.975 113.357 113.693 113.985 114.239 114.453 114.632 114.853 115.193 115.771 116.639 -9999 -9999 -9999 -9999 -9999 -9999 -9999 -9999 -9999 -9999 -9999 -9999 -9999 -9999 -9999 -9999
