Validation/Results/raw data/ReClimate_01_2024_2_Precipitation-Actuals.asc
NCOLS 192
NROWS 249
XLLCENTER -225160.85627316462
YLLCENTER 29788.11610251502
CELLSIZE 5000.0
NODATA_VALUE -9999
[rows 198 to 230 of 249, columns 75 to 149 of 192]
-9999 -9999 -9999 -9999 -9999 -9999 -9999 -9999 -9999 -9999 -9999 -9999 -9999 -9999 -9999 -9999 -9999 84.392 84.785 85.993 81.619 78.625 86.376 88.722 106.545 119.614 137.77 132.066 117.568 98.744 79.95 77.164 71.277 71.349 78.171 74.425 62.794 53.489 51.299 51.025 52.438 49.474 51.717 51.414 49.332 46.969 44.215 42.037 42.048 40.341 41.474 43.005 41.185 39.081 38.796 38.943 40.138 39.024 41.322 42.555 42.521 44.679 45.162 42.665 40.736 39.433 39.785 38.804 37.408 37.041 33.997 32.793 32.492 32.886 32.667
-9999 -9999 -9999 -9999 -9999 -9999 -9999 -9999 -9999 -9999 -9999 -9999 -9999 -9999 53.505 67.74 76.291 79.915 88.089 88.296 87.16 82.13 79.697 98.922 111.706 132.341 137.285 135.89 107.523 94.738 90.775 78.05 69.049 80.286 71.572 63.455 51.991 48.941 50.471 56.417 47.719 48.647 47.264 50.449 53.346 51.057 48.046 43.059 40.485 37.264 38.034 40.624 39.105 37.247 38.377 40.921 41.838 44.366 42.381 42.045 42.818 42.622 44.001 42.954 40.457 38.307 39.085 39.28 38.276 36.328 34.031 32.271 33.256 33.058 31.186
-9999 -9999 -9999 -9999 -9999 -9999 -9999 -9999 -9999 -9999 -9999 -9999 71.671 65.613 70.784 75.99 81.421 87.627 87.898 94.997 90.461 88.332 99.883 96.125 112.785 123.071 115.75 109.853 109.136 108.82 93.48 82.794 79.409 69.579 62.584 54.072 61.561 56.541 51.633 47.467 44.56 44.524 46.267 49.812 50.667 49.484 44.841 42.452 39.669 36.238 38.155 40.0 39.066 42.129 41.633 40.871 41.26 41.785 44.521 43.364 42.998 44.739 45.256 45.46 43.353 40.039 40.155 39.313 37.877 35.611 33.055 33.075 32.788 32.326 31.531
-9999 -9999 -9999 -9999 -9999 -9999 -9999 -9999 76.879 84.202 79.719 75.234 85.454 79.89 84.77 86.584 89.288 93.009 95.543 103.141 106.711 111.058 103.312 102.475 110.674 105.634 102.629 103.711 112.044 103.361 92.468 79.56 78.992 68.197 55.487 66.32 68.334 61.111 56.392 46.578 48.254 45.514 47.989 51.932 46.069 48.337 42.996 40.025 38.674 39.421 40.926 40.277 45.493 45.417 45.83 42.956 41.478 41.486 42.771 43.841 44.506 43.767 44.191 43.894 42.783 39.786 40.773 40.426 38.208 37.58 36.155 32.817 31.994 30.981 30.014
-9999 -9999 -9999 -9999 -9999 -9999 -9999 68.501 80.008 83.266 87.507 106.022 109.622 113.615 109.401 101.601 104.566 104.354 106.748 111.308 115.432 112.681 111.74 108.519 99.908 95.257 94.741 103.81 104.142 97.3 87.19 82.348 75.795 74.892 86.126 104.706 83.047 69.313 54.105 54.481 51.197 52.454 50.005 45.101 45.713 43.531 41.369 40.379 39.723 44.447 46.605 45.869 48.998 52.423 46.307 44.134 47.098 45.937 45.848 46.285 44.912 44.794 43.697 43.291 40.869 39.789 39.645 39.966 39.848 39.792 36.331 36.051 33.133 32.37 31.814
-9999 -9999 -9999 -9999 -9999 -9999 62.575 71.123 80.84 85.851 96.067 106.836 110.252 108.046 105.106 106.859 105.828 106.997 104.683 110.301 115.106 112.132 104.556 95.527 86.838 93.578 106.537 106.558 105.49 95.555 84.476 76.386 79.657 76.299 104.565 101.094 95.438 70.643 65.805 61.664 57.681 52.252 48.46 46.813 46.287 46.153 41.379 40.198 38.832 42.843 44.485 49.387 54.647 53.332 48.522 45.364 46.214 49.047 48.086 47.129 46.056 44.073 42.449 39.645 39.439 39.525 40.984 40.659 37.892 38.863 36.656 36.445 38.43 35.434 34.625
-9999 -9999 -9999 -9999 58.348 -9999 62.095 67.348 73.664 80.432 85.475 91.901 91.792 91.83 96.045 96.499 101.318 97.381 96.305 95.545 96.909 92.287 91.932 92.256 103.002 120.95 146.663 162.835 136.887 118.179 105.338 114.634 101.546 90.68 93.083 112.635 90.56 81.17 73.053 65.857 55.867 46.993 50.443 52.224 51.434 46.318 42.065 39.659 41.075 45.397 52.009 56.55 59.827 55.182 49.306 46.104 47.85 48.413 47.775 45.635 43.88 41.836 39.02 38.556 38.462 39.609 39.866 40.287 38.998 37.984 39.061 38.569 39.917 37.918 35.954
-9999 -9999 -9999 -9999 -9999 -9999 -9999 -9999 75.827 76.047 81.309 86.196 85.807 87.498 93.079 93.926 87.66 89.615 86.742 87.523 91.51 92.774 99.936 102.34 117.139 137.847 165.454 168.472 160.565 137.855 149.018 148.748 111.394 100.658 98.895 78.001 82.132 77.807 62.636 56.976 50.849 55.843 57.239 60.034 54.891 48.217 42.006 41.517 44.801 50.98 61.754 62.762 60.705 55.738 49.228 49.204 51.276 48.41 45.4 43.663 41.972 39.856 38.212 38.041 38.206 38.501 38.072 38.721 40.021 41.147 42.541 42.217 40.184 39.602 37.296
-9999 -9999 -9999 -9999 -9999 -9999 -9999 -9999 75.298 77.798 79.083 83.916 88.196 93.856 97.336 89.827 86.505 85.143 82.027 88.699 94.015 96.331 100.426 104.839 112.164 124.884 139.565 140.851 135.446 138.906 147.194 128.825 120.214 106.635 91.44 95.517 97.148 76.208 65.556 61.081 63.552 62.994 65.883 60.95 58.855 47.825 44.899 47.802 57.534 62.849 61.787 60.23 59.055 55.299 51.509 47.858 47.699 46.661 43.482 41.4 40.44 39.077 38.608 38.738 39.209 38.509 37.374 38.404 40.895 44.375 43.53 43.133 42.615 39.001 37.813
-9999 -9999 -9999 -9999 -9999 -9999 63.895 68.979 72.443 70.673 -9999 80.563 83.689 85.964 83.022 79.902 77.668 -9999 79.478 85.203 88.94 100.501 102.046 113.913 116.171 131.127 137.827 123.136 114.888 128.913 119.351 113.26 111.828 108.866 101.79 103.655 98.1 74.517 70.522 60.338 61.925 68.008 67.176 69.08 54.347 46.584 46.797 52.051 56.18 60.195 58.928 62.159 56.618 51.836 49.998 47.178 43.764 41.935 40.977 42.923 40.972 40.367 37.504 36.961 37.227 38.699 39.207 40.391 44.317 46.246 46.879 43.931 43.014 41.125 38.082
-9999 -9999 -9999 -9999 -9999 -9999 64.298 -9999 -9999 -9999 73.609 75.847 78.185 -9999 -9999 -9999 -9999 -9999 76.121 79.68 88.28 87.381 96.033 101.437 107.474 117.337 115.914 114.384 151.24 157.135 132.79 116.272 110.138 111.043 105.967 101.707 82.418 78.371 66.543 62.282 67.768 65.677 68.333 54.63 46.402 48.05 49.961 55.914 54.943 59.739 57.035 56.476 54.976 47.155 44.514 43.643 42.283 40.992 39.679 40.397 41.504 39.588 39.762 37.008 38.049 39.851 40.209 43.928 47.33 48.791 47.467 45.425 42.816 40.221 40.147
-9999 -9999 -9999 -9999 -9999 -9999 -9999 -9999 68.567 70.924 71.359 72.371 74.149 -9999 -9999 -9999 -9999 -9999 -9999 -9999 -9999 82.317 91.501 92.323 91.889 99.582 109.946 143.145 172.695 174.673 153.634 126.168 115.065 109.69 97.907 100.877 95.878 77.026 68.865 73.856 70.12 68.456 55.334 49.839 50.267 50.132 55.764 55.467 57.704 57.883 54.598 50.632 48.696 43.568 41.594 40.367 41.83 40.049 38.003 37.526 38.091 38.222 39.003 39.857 40.645 43.975 44.207 46.066 50.031 48.459 45.742 43.455 41.409 40.013 39.732
-9999 -9999 -9999 -9999 -9999 -9999 -9999 -9999 -9999 69.86 -9999 -9999 -9999 -9999 -9999 -9999 -9999 -9999 -9999 75.03 78.381 84.918 85.711 81.908 84.019 91.142 109.572 129.386 156.801 162.513 144.118 122.786 113.177 106.932 99.328 99.046 83.029 68.075 65.637 69.448 67.847 59.455 -9999 50.873 51.294 52.614 59.464 57.968 56.94 54.971 51.091 48.523 45.299 43.905 41.605 40.843 39.358 39.06 36.519 36.372 37.234 36.789 37.274 40.812 45.747 47.516 50.908 44.798 46.005 46.529 44.547 41.699 40.972 40.685 41.316
-9999 -9999 -9999 -9999 -9999 -9999 -9999 -9999 -9999 -9999 -9999 -9999 -9999 -9999 -9999 -9999 -9999 -9999 -9999 73.982 76.519 75.248 71.94 -9999 -9999 -9999 88.654 117.298 129.574 134.372 122.722 113.163 114.069 104.679 93.295 85.583 74.8 63.956 62.019 62.322 60.805 -9999 49.066 49.141 51.071 56.642 58.936 55.508 54.527 51.385 49.779 48.283 46.352 44.214 43.038 40.374 39.957 43.127 43.583 40.761 38.509 37.935 39.398 40.987 44.199 48.043 50.042 46.694 42.199 43.071 41.367 39.697 39.19 39.752 39.488
-9999 -9999 -9999 -9999 -9999 -9999 -9999 -9999 -9999 -9999 -9999 -9999 -9999 -9999 -9999 -9999 -9999 -9999 -9999 -9999 -9999 -9999 -9999 -9999 -9999 -9999 70.122 87.681 101.535 98.461 95.704 98.155 96.536 90.61 82.64 73.17 67.08 62.145 60.451 -9999 -9999 49.217 47.856 49.836 50.427 58.122 58.839 55.725 53.315 50.241 46.411 47.124 47.351 47.185 49.13 48.543 45.556 45.886 50.417 47.51 43.814 43.258 42.24 44.65 45.488 45.318 44.281 43.921 39.321 40.1 40.334 38.761 37.83 38.061 38.01
-9999 -9999 -9999 -9999 -9999 -9999 -9999 -9999 -9999 -9999 -9999 -9999 -9999 -9999 -9999 -9999 -9999 -9999 -9999 -9999 -9999 -9999 -9999 -9999 -9999 -9999 63.776 72.13 75.248 77.846 85.689 83.378 82.364 81.818 73.484 65.492 -9999 -9999 -9999 -9999 -9999 48.024 50.422 50.335 53.428 57.585 59.201 56.189 53.095 48.752 44.768 45.508 50.566 51.093 54.506 55.328 53.589 50.741 50.662 50.052 45.562 44.604 43.283 43.118 45.224 42.215 40.542 38.504 38.334 37.709 37.629 37.661 36.203 36.121 35.282
-9999 -9999 -9999 -9999 -9999 -9999 -9999 -9999 -9999 -9999 -9999 -9999 -9999 -9999 -9999 -9999 -9999 -9999 -9999 -9999 -9999 -9999 -9999 -9999 -9999 -9999 -9999 -9999 68.237 77.109 76.678 71.234 74.023 72.705 65.736 -9999 -9999 -9999 -9999 54.892 54.895 54.497 53.429 50.468 49.078 59.736 58.843 55.927 52.348 48.605 47.965 49.616 52.919 55.191 55.754 57.565 56.078 51.707 47.643 46.792 45.69 42.937 43.034 41.144 41.59 40.422 38.429 38.628 38.782 39.928 38.543 36.795 36.156 35.367 35.09
-9999 -9999 -9999 -9999 -9999 -9999 -9999 -9999 -9999 -9999 -9999 -9999 -9999 -9999 -9999 -9999 -9999 -9999 -9999 -9999 -9999 -9999 -9999 -9999 -9999 -9999 -9999 -9999 -9999 65.864 59.015 57.303 62.727 61.889 -9999 -9999 -9999 -9999 54.656 54.255 56.21 59.721 58.616 51.952 53.715 54.43 53.788 55.854 52.091 49.518 51.976 53.282 54.155 56.857 56.863 55.636 54.09 52.668 48.105 48.268 45.481 44.145 42.277 41.477 38.8 39.28 39.184 41.078 42.447 41.796 39.954 37.173 36.659 35.801 34.89
-9999 -9999 -9999 -9999 -9999 -9999 -9999 -9999 -9999 -9999 -9999 -9999 -9999 -9999 -9999 -9999 -9999 -9999 -9999 -9999 -9999 -9999 -9999 -9999 -9999 -9999 -9999 -9999 -9999 -9999 -9999 -9999 -9999 -9999 -9999 -9999 -9999 55.558 52.328 50.986 57.323 61.521 58.698 55.07 53.698 53.706 55.609 54.043 48.159 47.703 48.502 51.22 52.956 52.528 55.55 56.397 54.475 56.413 54.448 50.691 49.684 46.972 45.648 42.547 40.989 39.983 40.54 41.729 43.534 41.851 39.288 37.715 37.1 38.99 38.184
-9999 -9999 -9999 -9999 -9999 -9999 -9999 -9999 -9999 -9999 -9999 -9999 -9999 -9999 -9999 -9999 -9999 -9999 -9999 -9999 -9999 -9999 -9999 -9999 -9999 -9999 -9999 -9999 -9999 -9999 -9999 -9999 -9999 -9999 -9999 -9999 52.027 52.946 55.368 59.181 72.977 72.339 68.151 60.11 57.063 56.534 55.877 49.068 45.236 44.321 45.982 49.509 51.729 55.614 56.563 59.989 59.336 57.293 60.485 55.345 52.001 49.696 48.555 45.349 41.411 40.795 41.736 41.973 42.582 41.671 39.35 38.571 39.015 40.558 43.139
-9999 -9999 -9999 -9999 -9999 -9999 -9999 -9999 -9999 -9999 -9999 -9999 -9999 -9999 -9999 -9999 -9999 -9999 -9999 -9999 -9999 -9999 -9999 -9999 -9999 -9999 -9999 -9999 -9999 -9999 -9999 -9999 -9999 -9999 -9999 -9999 50.723 50.495 52.609 62.401 68.97 75.812 76.88 70.48 66.554 65.059 56.206 50.66 49.513 52.055 52.995 54.285 54.498 54.166 55.416 56.136 59.613 58.576 56.929 54.465 50.844 50.868 48.528 46.688 43.995 42.802 43.665 43.584 45.603 43.682 40.83 40.317 45.274 46.23 45.77
-9999 -9999 -9999 -9999 -9999 -9999 -9999 -9999 -9999 -9999 -9999 -9999 -9999 -9999 -9999 -9999 -9999 -9999 -9999 -9999 -9999 -9999 -9999 80.257 94.394 108.626 101.175 -9999 89.195 -9999 -9999 -9999 -9999 -9999 -9999 -9999 -9999 47.927 49.935 54.402 60.872 68.939 72.116 71.164 73.003 63.16 57.713 54.365 56.747 56.962 50.081 52.374 52.738 50.991 51.485 52.761 54.578 54.301 54.563 52.619 51.872 52.487 54.305 52.561 48.647 47.318 48.259 46.682 45.666 46.754 43.821 44.985 45.87 48.943 46.621
-9999 -9999 -9999 -9999 -9999 -9999 -9999 -9999 -9999 -9999 -9999 -9999 -9999 -9999 -9999 -9999 -9999 -9999 -9999 -9999 73.035 75.962 71.691 80.237 106.195 113.19 108.064 106.866 92.92 74.51 61.374 -9999 -9999 55.568 52.846 48.853 44.868 47.199 47.336 50.075 54.252 59.462 61.51 69.602 67.429 63.517 59.809 63.587 61.469 55.992 56.114 51.845 51.688 49.813 49.508 53.057 54.213 54.022 50.648 51.608 52.313 54.491 54.096 56.981 54.863 50.16 48.695 47.532 46.638 47.952 47.167 52.883 52.714 49.331 49.018
-9999 -9999 -9999 -9999 -9999 -9999 -9999 -9999 -9999 -9999 -9999 -9999 -9999 -9999 -9999 -9999 -9999 -9999 -9999 74.784 72.956 71.071 71.306 87.813 110.885 125.467 121.461 109.859 99.142 86.683 72.266 60.317 62.047 59.843 59.967 51.275 47.841 43.831 45.81 47.205 49.299 51.84 58.655 61.59 61.952 61.75 70.066 64.477 64.505 61.26 56.951 55.097 52.369 50.745 49.789 52.136 54.989 52.804 51.729 50.35 51.324 52.922 56.879 58.006 57.308 53.969 50.89 52.172 50.159 55.666 52.743 49.702 54.157 50.053 47.842
-9999 -9999 -9999 -9999 -9999 -9999 -9999 -9999 -9999 -9999 -9999 -9999 -9999 -9999 -9999 -9999 -9999 -9999 -9999 74.757 65.011 63.396 65.786 77.394 102.065 112.003 110.658 105.355 95.738 85.111 80.113 79.775 70.76 63.386 57.279 54.272 47.395 44.359 44.989 43.554 46.144 47.465 50.952 52.658 56.132 63.901 61.908 63.431 65.821 62.234 57.246 57.342 55.56 52.618 52.124 53.586 53.935 52.575 51.565 52.312 51.404 51.755 54.1 58.808 60.132 56.688 55.083 54.776 53.943 50.754 52.405 46.747 47.888 47.648 46.285
-9999 -9999 -9999 -9999 -9999 -9999 -9999 -9999 -9999 -9999 -9999 -9999 -9999 -9999 -9999 -9999 -9999 -9999 -9999 68.385 60.494 61.9 61.344 71.519 80.358 88.09 90.783 90.737 86.936 83.081 86.076 83.647 72.828 60.483 54.313 50.749 48.647 44.302 42.079 46.039 46.924 45.164 44.252 48.426 56.644 58.394 59.369 58.823 60.396 60.185 64.927 61.242 58.355 54.806 52.226 53.657 54.46 54.834 53.189 52.506 55.539 55.306 56.445 59.085 63.468 59.807 55.586 55.303 52.95 49.639 48.482 46.238 46.168 47.731 46.459
-9999 -9999 -9999 -9999 -9999 -9999 -9999 -9999 -9999 -9999 -9999 -9999 -9999 -9999 -9999 68.255 77.164 -9999 72.333 62.878 65.796 66.742 63.417 62.398 67.916 72.377 80.347 83.818 83.629 81.835 79.679 74.446 62.288 56.495 53.373 52.778 50.384 46.9 44.877 46.654 46.532 45.521 47.319 57.262 54.315 55.755 56.643 59.062 59.529 62.405 72.297 68.216 60.421 55.907 54.617 54.685 55.554 52.455 52.994 52.566 53.984 57.535 56.503 58.862 59.607 60.53 55.266 53.851 54.904 52.63 49.457 47.064 45.342 46.614 46.41
-9999 -9999 -9999 -9999 -9999 -9999 -9999 -9999 -9999 -9999 -9999 -9999 -9999 -9999 -9999 70.934 75.962 77.439 71.904 69.214 70.18 65.88 63.946 67.33 65.541 71.286 77.377 82.828 83.167 79.684 73.942 69.328 64.92 66.037 66.462 60.552 59.535 62.768 48.419 50.721 51.115 51.054 53.383 50.241 51.957 54.496 54.754 56.76 60.348 64.159 65.052 64.635 59.114 56.492 57.105 57.281 54.358 51.453 50.797 52.359 51.873 53.378 54.123 56.896 60.749 59.398 61.963 58.551 57.39 56.964 53.625 50.094 47.556 47.913 47.624
-9999 -9999 -9999 -9999 -9999 -9999 -9999 -9999 -9999 -9999 -9999 -9999 -9999 -9999 66.436 72.623 79.506 80.563 78.684 73.467 71.418 69.535 69.162 66.735 64.645 68.497 72.367 72.304 76.204 72.044 68.026 64.331 65.495 74.843 74.242 75.206 71.873 59.189 55.198 55.891 54.381 55.175 53.14 53.236 53.053 51.984 54.863 59.974 64.14 60.973 59.301 57.915 58.438 57.326 56.257 58.556 57.049 52.285 49.749 51.627 48.911 50.229 51.639 53.232 56.421 57.855 59.795 62.346 58.41 62.458 56.911 57.542 56.273 50.816 49.541
-9999 -9999 -9999 -9999 -9999 -9999 -9999 -9999 -9999 -9999 -9999 -9999 -9999 -9999 -9999 66.924 75.959 76.205 73.801 70.914 71.142 66.281 62.763 62.862 63.849 66.133 66.414 67.688 66.597 66.128 65.452 61.746 67.355 73.967 79.264 76.568 75.366 69.097 63.923 60.922 61.176 62.368 63.568 56.762 55.881 58.092 59.616 63.141 60.406 59.892 57.09 56.593 57.537 57.575 56.222 57.272 56.96 54.026 50.51 -9999 50.816 48.491 51.87 51.078 49.68 50.06 51.176 52.546 51.68 52.168 53.003 50.697 54.015 53.854 50.91
-9999 -9999 -9999 -9999 -9999 -9999 -9999 -9999 -9999 -9999 -9999 -9999 -9999 -9999 62.738 61.516 65.545 67.768 70.073 72.662 70.999 65.957 62.468 60.323 63.169 65.502 61.439 59.233 61.866 61.063 58.305 60.055 66.234 71.305 75.458 77.553 72.132 67.855 73.344 71.471 68.291 74.334 68.353 69.037 70.905 66.578 64.41 62.646 59.739 56.65 57.309 56.393 57.604 57.057 55.587 56.204 56.73 56.25 52.384 48.569 -9999 46.528 -9999 46.3 -9999 44.352 -9999 46.02 45.827 46.067 45.492 44.34 45.914 45.977 -9999
-9999 -9999 -9999 -9999 -9999 -9999 -9999 -9999 -9999 -9999 -9999 -9999 -9999 -9999 60.039 59.609 63.373 66.851 71.269 74.098 75.033 71.971 70.706 66.561 68.185 63.712 58.016 56.829 57.72 54.569 55.859 58.748 66.308 72.981 78.35 74.254 67.104 73.837 72.979 65.22 67.428 67.808 72.988 76.036 72.098 67.31 64.758 60.959 58.375 58.251 57.199 56.026 54.522 54.292 53.772 52.849 52.163 51.261 49.833 47.328 -9999 -9999 43.897 43.041 -9999 -9999 43.301 43.305 42.971 -9999 -9999 -9999 -9999 -9999 -9999
-9999 -9999 -9999 -9999 -9999 -9999 -9999 -9999 -9999 -9999 -9999 -9999 -9999 69.513 65.655 69.706 67.681 66.594 69.055 72.87 80.119 88.276 92.616 94.242 80.017 64.8 61.733 61.819 59.62 56.735 52.621 59.698 66.38 76.597 74.713 70.647 67.776 68.464 58.074 57.458 60.663 67.678 72.808 71.48 66.879 63.73 61.809 60.292 57.788 54.249 53.842 54.503 53.109 49.936 47.641 48.337 48.377 -9999 -9999 -9999 47.737 -9999 -9999 -9999 -9999 -9999 -9999 44.054 -9999 -9999 -9999 -9999 -9999 -9999 -9999
