Validation/Results/raw data/ReClimate_03_2024_2_Temperatureweatherlogisticsltd.asc
NCOLS 192
NROWS 249
XLLCENTER -225160.85627316462
YLLCENTER 29788.11610251502
CELLSIZE 5000.0
NODATA_VALUE -9999
[rows 68 to 101 of 249, columns 75 to 149 of 192]
-9999 -9999 -9999 -9999 -9999 -9999 -9999 -9999 -9999 -9999 -9999 -1.63 -1.635 -1.643 -1.649 -1.654 -1.652 -1.648 -1.644 -1.638 -1.649 -1.661 -1.664 -1.666 -1.651 -1.632 -1.637 -1.642 -1.637 -9999 -9999 -9999 -9999 -9999 -9999 -9999 -9999 -9999 -9999 -9999 -9999 -9999 -9999 -9999 -9999 -9999 -9999 -9999 -9999 -9999 -9999 -9999 -9999 -9999 -9999 -9999 -9999 -9999 -9999 -9999 -9999 -9999 -9999 -9999 -9999 -9999 -9999 -9999 -9999 -9999 -9999 -9999 -9999 -9999 -9999
-9999 -9999 -9999 -9999 -9999 -9999 -9999 -9999 -9999 -9999 -9999 -9999 -9999 -1.652 -1.655 -1.652 -1.649 -1.645 -1.646 -1.652 -1.66 -1.664 -1.667 -1.669 -1.647 -1.606 -1.608 -9999 -9999 -9999 -9999 -9999 -9999 -9999 -9999 -9999 -9999 -9999 -9999 -9999 -9999 -9999 -9999 -9999 -9999 -9999 -9999 -9999 -9999 -9999 -9999 -9999 -9999 -9999 -9999 -9999 -9999 -9999 -9999 -9999 -9999 -9999 -9999 -9999 -9999 -9999 -9999 -9999 -9999 -9999 -9999 -9999 -9999 -9999 -9999
-9999 -9999 -9999 -9999 -9999 -9999 -9999 -1.593 -9999 -9999 -1.625 -1.632 -1.642 -1.654 -1.652 -1.649 -1.647 -1.643 -1.649 -1.655 -1.66 -1.664 -1.666 -1.668 -1.636 -1.596 -1.597 -9999 -9999 -9999 -9999 -9999 -9999 -9999 -9999 -9999 -9999 -9999 -9999 -9999 -9999 -9999 -9999 -9999 -9999 -9999 -9999 -9999 -9999 -9999 -9999 -9999 -9999 -9999 -9999 -9999 -9999 -9999 -9999 -9999 -9999 -9999 -9999 -9999 -9999 -9999 -9999 -9999 -9999 -9999 -9999 -9999 -9999 -9999 -9999
-9999 -9999 -9999 -9999 -9999 -1.567 -1.578 -1.603 -1.611 -1.607 -1.617 -1.629 -1.641 -1.656 -1.654 -1.649 -1.65 -1.652 -1.661 -1.673 -1.673 -1.662 -1.658 -1.643 -1.615 -1.589 -1.592 -9999 -9999 -9999 -9999 -9999 -9999 -9999 -9999 -9999 -9999 -9999 -9999 -9999 -9999 -9999 -9999 -9999 -9999 -9999 -9999 -9999 -9999 -9999 -9999 -9999 -9999 -9999 -9999 -9999 -9999 -9999 -9999 -9999 -9999 -9999 -9999 -9999 -9999 -9999 -9999 -9999 -9999 -9999 -9999 -9999 -9999 -9999 -9999
-9999 -9999 -9999 -9999 -9999 -1.55 -1.585 -9999 -1.6 -1.598 -1.611 -1.625 -1.639 -1.654 -1.652 -1.648 -1.651 -1.654 -1.665 -1.677 -1.67 -1.66 -1.648 -1.632 -1.612 -1.586 -9999 -1.603 -9999 -9999 -9999 -9999 -9999 -9999 -9999 -9999 -9999 -9999 -9999 -9999 -9999 -9999 -9999 -9999 -9999 -9999 -9999 -9999 -9999 -9999 -9999 -9999 -9999 -9999 -9999 -9999 -9999 -9999 -9999 -9999 -9999 -9999 -9999 -9999 -9999 -9999 -9999 -9999 -9999 -9999 -9999 -9999 -9999 -9999 -9999
-9999 -9999 -9999 -9999 -9999 -9999 -1.572 -1.586 -1.59 -1.602 -1.61 -1.607 -1.62 -1.632 -1.637 -1.647 -1.655 -1.662 -1.67 -1.671 -1.664 -1.653 -1.642 -1.629 -1.61 -1.589 -1.596 -1.599 -9999 -9999 -9999 -9999 -9999 -9999 -9999 -9999 -9999 -9999 -9999 -9999 -9999 -9999 -9999 -9999 -9999 -9999 -9999 -9999 -9999 -9999 -9999 -9999 -9999 -9999 -9999 -9999 -9999 -9999 -9999 -9999 -9999 -9999 -9999 -9999 -9999 -9999 -9999 -9999 -9999 -9999 -9999 -9999 -9999 -9999 -9999
-9999 -9999 -9999 -9999 -9999 -9999 -9999 -1.566 -1.577 -1.59 -1.589 -1.587 -1.599 -1.611 -1.623 -1.635 -1.645 -1.654 -1.66 -1.665 -1.659 -1.649 -1.639 -1.627 -1.611 -1.591 -1.594 -1.6 -9999 -9999 -9999 -9999 -9999 -9999 -9999 -9999 -9999 -9999 -9999 -9999 -9999 -9999 -9999 -9999 -9999 -9999 -9999 -9999 -9999 -9999 -9999 -9999 -9999 -9999 -9999 -9999 -9999 -9999 -9999 -9999 -9999 -9999 -9999 -9999 -9999 -9999 -9999 -9999 -9999 -9999 -9999 -9999 -9999 -9999 -9999
-9999 -9999 -9999 -9999 -9999 -1.517 -1.533 -1.568 -1.586 -1.597 -1.596 -1.588 -1.595 -1.592 -1.607 -1.625 -1.63 -1.624 -1.636 -1.657 -1.654 -1.65 -1.645 -1.635 -1.628 -9999 -1.624 -9999 -9999 -9999 -9999 -9999 -9999 -1.632 -1.647 -1.656 -9999 -9999 -9999 -9999 -9999 -9999 -9999 -9999 -9999 -9999 -9999 -9999 -9999 -9999 -9999 -9999 -9999 -9999 -9999 -9999 -9999 -9999 -9999 -9999 -9999 -9999 -9999 -9999 -9999 -9999 -9999 -9999 -9999 -9999 -9999 -9999 -9999 -9999 -9999
-1.418 -9999 -9999 -9999 -9999 -9999 -1.531 -1.548 -1.568 -1.587 -1.584 -1.578 -1.577 -1.574 -1.592 -1.611 -1.608 -1.603 -1.622 -1.643 -1.644 -1.642 -1.64 -1.635 -1.64 -1.643 -9999 -9999 -9999 -9999 -1.641 -1.644 -1.64 -1.633 -1.645 -1.658 -1.644 -1.628 -1.609 -1.59 -1.582 -1.574 -1.554 -1.537 -1.544 -1.551 -1.547 -1.544 -1.547 -1.553 -1.553 -1.545 -9999 -9999 -9999 -9999 -9999 -9999 -9999 -9999 -9999 -9999 -9999 -9999 -9999 -9999 -9999 -9999 -9999 -9999 -9999 -9999 -9999 -9999 -9999
-1.405 -9999 -9999 -9999 -1.462 -9999 -1.504 -1.514 -1.534 -1.545 -1.555 -1.571 -1.57 -1.566 -1.584 -1.604 -1.607 -1.614 -1.627 -1.629 -1.634 -1.644 -1.647 -1.649 -1.658 -9999 -9999 -9999 -9999 -1.642 -1.648 -1.645 -1.646 -1.655 -1.662 -1.657 -1.646 -1.629 -1.617 -1.607 -1.597 -1.576 -1.562 -1.549 -1.552 -1.551 -1.551 -1.558 -1.559 -1.558 -1.556 -1.544 -9999 -9999 -9999 -9999 -9999 -9999 -9999 -9999 -9999 -9999 -9999 -9999 -9999 -9999 -9999 -9999 -9999 -9999 -9999 -9999 -9999 -9999 -9999
-1.372 -9999 -9999 -9999 -1.442 -1.46 -1.471 -1.484 -1.499 -1.513 -1.535 -1.555 -1.557 -1.554 -1.571 -1.591 -1.6 -1.608 -1.612 -1.614 -1.625 -1.636 -1.642 -1.646 -9999 -9999 -1.667 -1.661 -1.654 -1.649 -1.643 -1.634 -1.642 -1.653 -1.65 -1.646 -1.634 -1.618 -1.611 -1.602 -1.586 -1.566 -1.555 -1.543 -1.541 -1.54 -1.544 -1.55 -1.547 -1.545 -1.538 -1.532 -1.539 -9999 -9999 -9999 -9999 -9999 -9999 -9999 -9999 -9999 -9999 -9999 -9999 -9999 -9999 -9999 -9999 -9999 -9999 -9999 -9999 -9999 -9999
-1.342 -9999 -1.385 -9999 -1.398 -1.409 -1.429 -1.46 -1.475 -1.484 -1.506 -1.525 -1.534 -1.541 -1.555 -1.564 -1.575 -1.59 -1.597 -1.607 -1.623 -1.646 -1.65 -1.643 -9999 -1.644 -1.65 -1.636 -1.633 -1.627 -1.629 -1.649 -1.651 -1.64 -1.637 -1.633 -1.62 -1.6 -1.591 -1.577 -1.56 -1.538 -1.53 -1.526 -1.525 -1.527 -1.53 -1.535 -1.532 -1.53 -1.526 -1.52 -1.514 -9999 -9999 -9999 -9999 -9999 -9999 -9999 -9999 -9999 -9999 -9999 -9999 -9999 -9999 -9999 -9999 -9999 -9999 -9999 -9999 -9999 -9999
-9999 -1.338 -9999 -9999 -9999 -1.374 -1.404 -1.436 -1.448 -1.459 -1.479 -1.499 -1.513 -1.525 -1.536 -1.545 -1.558 -1.573 -1.584 -1.595 -1.617 -1.641 -1.638 -1.627 -1.629 -1.626 -1.62 -1.61 -1.61 -1.608 -1.625 -1.645 -1.637 -1.626 -1.623 -1.619 -1.603 -1.584 -1.573 -1.559 -1.541 -1.52 -1.515 -1.511 -1.511 -1.512 -1.515 -1.518 -1.515 -1.512 -1.507 -1.501 -1.493 -9999 -9999 -9999 -9999 -9999 -9999 -9999 -9999 -9999 -9999 -9999 -9999 -9999 -9999 -9999 -9999 -9999 -9999 -9999 -9999 -9999 -9999
-1.28 -9999 -9999 -9999 -9999 -1.368 -1.394 -1.415 -9999 -1.454 -1.468 -1.466 -1.485 -1.507 -1.525 -1.544 -1.558 -1.57 -1.585 -1.605 -1.624 -1.636 -1.63 -1.621 -1.623 -1.621 -1.619 -1.621 -1.623 -1.617 -1.624 -1.605 -1.606 -1.627 -1.625 -1.623 -1.604 -1.571 -1.561 -1.549 -1.534 -1.519 -1.514 -1.507 -1.506 -1.503 -1.504 -1.505 -1.496 -1.477 -1.467 -1.453 -1.455 -9999 -9999 -9999 -9999 -9999 -9999 -9999 -9999 -9999 -9999 -9999 -9999 -9999 -9999 -9999 -9999 -9999 -9999 -9999 -9999 -9999 -9999
-1.24 -9999 -9999 -9999 -1.32 -9999 -9999 -1.392 -1.415 -1.438 -1.441 -1.44 -1.463 -1.487 -1.511 -1.534 -1.546 -1.559 -1.578 -1.598 -1.609 -1.616 -1.611 -1.604 -1.605 -1.605 -1.609 -1.611 -1.61 -1.608 -1.597 -1.581 -1.598 -1.618 -1.617 -1.615 -1.589 -1.558 -1.548 -1.537 -1.525 -1.51 -1.504 -1.497 -1.494 -1.49 -1.489 -1.489 -1.472 -1.452 -1.438 -1.423 -9999 -9999 -9999 -9999 -9999 -9999 -9999 -9999 -9999 -9999 -9999 -9999 -9999 -9999 -9999 -9999 -9999 -9999 -9999 -9999 -9999 -9999 -9999
-1.206 -1.219 -1.241 -9999 -9999 -9999 -1.343 -1.373 -9999 -1.416 -1.43 -1.456 -1.476 -1.485 -1.506 -1.514 -1.525 -1.527 -1.552 -1.587 -1.588 -1.58 -1.58 -1.586 -1.586 -1.58 -1.586 -1.593 -1.591 -1.584 -1.574 -1.559 -1.578 -1.601 -1.595 -1.582 -1.563 -1.552 -1.542 -1.527 -1.518 -1.513 -1.501 -1.479 -1.475 -1.473 -1.468 -1.457 -1.443 -1.434 -1.419 -9999 -9999 -9999 -9999 -9999 -9999 -9999 -9999 -9999 -9999 -9999 -9999 -9999 -9999 -9999 -9999 -9999 -9999 -9999 -9999 -9999 -9999 -9999 -9999
-1.184 -1.197 -1.212 -9999 -1.258 -1.295 -1.322 -1.351 -1.373 -1.394 -1.421 -1.448 -1.46 -1.47 -1.483 -1.493 -1.503 -1.506 -1.536 -1.566 -1.56 -1.553 -1.559 -1.565 -1.563 -1.558 -1.566 -1.574 -1.569 -1.563 -1.553 -1.54 -1.562 -1.585 -1.574 -1.561 -1.552 -1.541 -1.529 -1.514 -1.51 -1.504 -1.485 -1.463 -1.46 -1.457 -1.447 -1.435 -1.426 -1.416 -1.4 -9999 -9999 -9999 -9999 -9999 -9999 -9999 -9999 -9999 -9999 -9999 -9999 -9999 -9999 -9999 -9999 -9999 -9999 -9999 -9999 -9999 -9999 -9999 -9999
-1.155 -1.173 -1.189 -1.208 -1.237 -1.264 -9999 -1.329 -1.356 -1.391 -1.417 -1.44 -1.447 -1.441 -1.461 -1.493 -1.504 -1.503 -1.523 -1.534 -1.53 -1.528 -1.535 -1.544 -1.543 -1.544 -1.551 -1.554 -1.557 -1.569 -1.561 -1.547 -1.561 -1.556 -1.544 -1.53 -1.523 -1.521 -1.505 -1.482 -1.474 -1.462 -1.451 -1.455 -1.45 -1.438 -1.428 -1.417 -1.408 -1.399 -9999 -9999 -9999 -9999 -9999 -9999 -9999 -9999 -9999 -9999 -9999 -9999 -9999 -9999 -9999 -9999 -9999 -9999 -9999 -9999 -9999 -9999 -9999 -9999 -9999
-9999 -9999 -9999 -1.187 -1.209 -9999 -1.272 -1.307 -1.34 -1.375 -1.399 -1.422 -1.422 -1.417 -1.447 -1.479 -1.487 -1.483 -1.494 -1.506 -1.506 -1.504 -1.513 -1.522 -1.525 -1.527 -1.531 -1.535 -1.547 -1.559 -1.551 -1.539 -1.538 -1.534 -1.524 -1.509 -1.507 -1.504 -1.485 -1.462 -1.45 -1.438 -1.44 -1.443 -1.433 -1.421 -1.411 -1.399 -1.391 -1.38 -9999 -9999 -9999 -9999 -9999 -9999 -9999 -9999 -9999 -9999 -9999 -9999 -9999 -9999 -9999 -9999 -9999 -9999 -9999 -9999 -9999 -9999 -9999 -9999 -9999
-9999 -9999 -1.137 -1.155 -9999 -1.221 -1.253 -9999 -1.31 -1.343 -1.364 -1.384 -1.387 -1.397 -1.419 -1.427 -1.437 -1.455 -1.467 -1.469 -1.47 -1.469 -1.481 -1.499 -1.504 -1.509 -1.511 -1.505 -1.515 -1.522 -1.527 -1.553 -1.542 -1.503 -1.499 -1.5 -1.496 -1.49 -1.47 -1.446 -1.435 -1.422 -1.423 -1.424 -1.415 -1.408 -1.397 -1.384 -1.373 -1.358 -9999 -9999 -9999 -9999 -9999 -9999 -9999 -9999 -9999 -9999 -9999 -9999 -9999 -9999 -9999 -9999 -9999 -9999 -9999 -9999 -9999 -9999 -9999 -9999 -9999
-9999 -9999 -1.11 -9999 -9999 -1.202 -1.228 -1.253 -1.283 -1.313 -1.331 -1.348 -1.359 -1.369 -1.379 -1.384 -1.405 -1.426 -1.434 -1.438 -1.439 -1.438 -1.455 -1.473 -1.48 -1.486 -1.483 -1.477 -1.485 -1.493 -1.518 -1.546 -1.519 -1.482 -1.486 -1.488 -1.482 -1.476 -1.456 -1.432 -1.42 -1.407 -1.407 -1.408 -1.402 -1.395 -1.384 -1.371 -1.357 -1.34 -9999 -9999 -9999 -9999 -9999 -9999 -9999 -9999 -9999 -9999 -9999 -9999 -9999 -9999 -9999 -9999 -9999 -9999 -9999 -9999 -9999 -9999 -9999 -9999 -9999
-9999 -9999 -9999 -9999 -9999 -9999 -1.195 -1.204 -1.231 -1.26 -1.278 -1.303 -1.312 -1.319 -1.337 -1.365 -1.382 -1.393 -1.404 -1.416 -1.419 -1.421 -1.435 -1.443 -1.447 -1.447 -1.453 -1.473 -1.48 -1.484 -1.501 -1.502 -1.484 -1.474 -1.48 -1.475 -1.465 -1.444 -1.427 -1.417 -1.406 -1.395 -1.39 -1.378 -1.369 -1.359 -1.35 -1.35 -1.335 -9999 -9999 -9999 -9999 -9999 -9999 -9999 -9999 -9999 -9999 -9999 -9999 -9999 -9999 -9999 -9999 -9999 -9999 -9999 -9999 -9999 -9999 -9999 -9999 -9999 -9999
-9999 -9999 -9999 -9999 -1.111 -1.148 -9999 -1.167 -1.194 -1.221 -1.244 -1.269 -1.278 -1.286 -1.313 -1.341 -1.353 -1.364 -1.38 -1.393 -1.397 -1.4 -1.409 -1.418 -1.419 -1.418 -1.437 -1.457 -1.462 -1.466 -1.469 -1.47 -1.466 -1.459 -1.461 -1.46 -1.446 -1.424 -1.415 -1.405 -1.395 -1.383 -1.372 -1.36 -1.349 -1.338 -1.336 -1.335 -1.315 -9999 -9999 -9999 -9999 -9999 -9999 -9999 -9999 -9999 -9999 -9999 -9999 -9999 -9999 -9999 -9999 -9999 -9999 -9999 -9999 -9999 -9999 -9999 -9999 -9999 -9999
-9999 -9999 -9999 -1.055 -1.088 -1.118 -1.131 -1.144 -1.165 -1.177 -1.197 -1.213 -1.215 -1.204 -1.23 -1.272 -1.294 -1.341 -1.359 -1.381 -1.386 -1.386 -1.395 -1.402 -1.404 -1.402 -1.414 -1.416 -1.428 -1.453 -1.449 -1.432 -1.43 -1.43 -1.431 -1.427 -1.424 -1.43 -1.424 -1.419 -1.409 -1.396 -1.38 -1.348 -1.337 -1.326 -1.32 -1.309 -9999 -9999 -9999 -9999 -9999 -9999 -9999 -9999 -9999 -9999 -9999 -9999 -9999 -9999 -9999 -9999 -9999 -9999 -9999 -9999 -9999 -9999 -9999 -9999 -9999 -9999 -9999
-9999 -9999 -9999 -1.032 -9999 -1.094 -1.111 -1.125 -1.139 -1.151 -1.166 -1.18 -1.174 -1.16 -1.194 -1.232 -1.272 -1.317 -1.34 -1.362 -1.366 -1.368 -1.375 -1.383 -1.384 -1.383 -1.386 -1.388 -1.41 -1.434 -1.421 -1.403 -1.405 -1.405 -1.404 -1.401 -1.411 -1.42 -1.419 -1.416 -1.405 -1.393 -1.367 -1.336 -1.325 -1.314 -1.303 -1.291 -9999 -9999 -9999 -9999 -9999 -9999 -9999 -9999 -9999 -9999 -9999 -9999 -9999 -9999 -9999 -9999 -9999 -9999 -9999 -9999 -9999 -9999 -9999 -9999 -9999 -9999 -9999
-9999 -9999 -9999 -9999 -9999 -1.072 -1.086 -1.092 -1.106 -1.12 -1.124 -1.112 -1.114 -1.133 -1.164 -1.194 -1.236 -1.29 -1.307 -1.319 -1.328 -1.343 -1.353 -1.367 -1.368 -1.366 -1.374 -1.387 -1.402 -1.406 -1.401 -1.406 -1.404 -1.394 -1.396 -1.401 -1.404 -1.388 -1.391 -1.4 -1.389 -1.367 -1.344 -1.322 -1.306 -1.282 -1.272 -1.265 -9999 -9999 -9999 -9999 -9999 -9999 -9999 -9999 -9999 -9999 -9999 -9999 -9999 -9999 -9999 -9999 -9999 -9999 -9999 -9999 -9999 -9999 -9999 -9999 -9999 -9999 -9999
-9999 -9999 -9999 -1.005 -1.025 -1.055 -1.064 -1.071 -1.085 -1.098 -1.09 -1.077 -9999 -1.113 -1.14 -1.169 -1.214 -1.266 -1.278 -1.29 -1.306 -1.321 -1.334 -1.348 -1.349 -1.347 -1.36 -1.373 -1.378 -1.382 -1.388 -1.393 -1.386 -1.376 -1.382 -1.388 -1.378 -1.362 -1.371 -1.381 -1.367 -1.349 -1.33 -1.308 -1.287 -1.263 -1.255 -1.247 -9999 -9999 -9999 -9999 -9999 -9999 -9999 -9999 -9999 -9999 -9999 -9999 -9999 -9999 -9999 -9999 -9999 -9999 -9999 -9999 -9999 -9999 -9999 -9999 -9999 -9999 -9999
-0.996 -0.986 -0.988 -9999 -0.995 -1.005 -1.025 -1.063 -1.076 -1.081 -1.08 -9999 -1.105 -1.127 -1.146 -1.15 -1.19 -1.231 -1.25 -1.286 -1.303 -1.32 -1.33 -1.334 -1.33 -1.314 -1.327 -1.342 -1.344 -1.344 -1.342 -1.33 -1.331 -1.349 -1.353 -1.355 -1.35 -1.35 -1.352 -1.343 -1.331 -1.317 -1.307 -1.303 -1.286 -1.272 -1.251 -9999 -9999 -9999 -9999 -9999 -9999 -9999 -9999 -9999 -9999 -9999 -9999 -9999 -9999 -9999 -9999 -9999 -9999 -9999 -9999 -9999 -9999 -9999 -9999 -9999 -9999 -9999 -9999
-0.978 -0.974 -0.972 -0.977 -9999 -0.981 -1.014 -1.052 -1.06 -1.066 -1.074 -1.079 -1.1 -1.123 -1.128 -1.133 -1.167 -1.206 -1.237 -1.272 -1.29 -1.307 -1.312 -1.316 -1.305 -1.289 -1.303 -1.318 -1.318 -1.317 -1.307 -1.294 -1.309 -1.326 -1.328 -1.33 -1.331 -1.332 -1.325 -1.316 -1.305 -1.293 -1.293 -1.292 -1.28 -9999 -9999 -9999 -9999 -9999 -9999 -9999 -9999 -9999 -9999 -9999 -9999 -9999 -9999 -9999 -9999 -9999 -9999 -9999 -9999 -9999 -9999 -9999 -9999 -9999 -9999 -9999 -9999 -9999 -9999
-9999 -9999 -0.98 -9999 -0.989 -0.984 -1.009 -1.034 -1.042 -9999 -9999 -1.08 -1.097 -1.107 -1.117 -1.133 -1.171 -1.216 -1.243 -1.261 -1.274 -1.275 -1.283 -1.299 -1.292 -1.287 -1.295 -1.293 -1.298 -1.31 -1.301 -1.287 -1.296 -1.295 -1.294 -1.289 -1.289 -1.289 -1.287 -1.294 -1.285 -1.279 -1.279 -1.276 -9999 -9999 -9999 -9999 -9999 -9999 -9999 -9999 -9999 -9999 -9999 -9999 -9999 -9999 -9999 -9999 -9999 -9999 -9999 -9999 -9999 -9999 -9999 -9999 -9999 -9999 -9999 -9999 -9999 -9999 -9999
-0.964 -9999 -0.986 -1.001 -0.99 -0.982 -0.999 -1.019 -9999 -9999 -1.054 -1.072 -1.082 -1.091 -1.107 -1.124 -1.164 -1.209 -1.227 -1.245 -1.249 -1.25 -1.265 -1.28 -1.278 -1.274 -1.274 -1.272 -1.283 -1.295 -1.285 -1.272 -1.272 -1.271 -1.267 -1.262 -1.261 -1.26 -1.267 -1.273 -1.267 -1.261 -1.259 -1.258 -1.24 -9999 -9999 -9999 -9999 -9999 -9999 -9999 -9999 -9999 -9999 -9999 -9999 -9999 -9999 -9999 -9999 -9999 -9999 -9999 -9999 -9999 -9999 -9999 -9999 -9999 -9999 -9999 -9999 -9999 -9999
-0.961 -0.974 -0.982 -0.984 -0.979 -0.99 -1.003 -9999 -9999 -1.029 -1.045 -1.078 -1.094 -1.117 -1.131 -1.134 -1.163 -1.177 -1.196 -1.222 -1.227 -1.229 -1.238 -1.237 -1.234 -1.231 -1.237 -1.253 -1.261 -1.263 -1.257 -1.254 -1.253 -1.251 -1.244 -1.231 -1.233 -1.239 -1.243 -1.241 -1.239 -1.244 -1.24 -1.228 -9999 -9999 -9999 -9999 -9999 -9999 -9999 -9999 -9999 -9999 -9999 -9999 -9999 -9999 -9999 -9999 -9999 -9999 -9999 -9999 -9999 -9999 -9999 -9999 -9999 -9999 -9999 -9999 -9999 -9999 -9999
-0.959 -0.972 -9999 -9999 -0.981 -0.99 -9999 -9999 -9999 -1.019 -1.044 -1.07 -1.093 -1.116 -1.123 -1.128 -1.141 -1.153 -1.177 -1.201 -1.207 -1.21 -1.21 -1.209 -1.207 -1.203 -1.217 -1.232 -1.235 -1.237 -1.236 -1.233 -1.232 -1.229 -1.219 -1.205 -1.211 -1.216 -1.216 -1.214 -1.217 -1.222 -1.213 -1.201 -9999 -9999 -9999 -9999 -9999 -9999 -9999 -9999 -9999 -9999 -9999 -9999 -9999 -9999 -9999 -9999 -9999 -9999 -9999 -9999 -9999 -9999 -9999 -9999 -9999 -9999 -9999 -9999 -9999 -9999 -9999
-9999 -0.956 -0.959 -0.962 -9999 -9999 -9999 -9999 -0.998 -1.007 -1.025 -1.045 -1.067 -1.093 -1.102 -1.117 -1.135 -1.159 -1.177 -1.184 -1.19 -1.191 -1.189 -1.178 -1.188 -1.221 -1.226 -1.212 -1.212 -1.205 -1.204 -1.2 -1.201 -1.208 -1.204 -1.211 -1.209 -1.192 -1.188 -1.179 -1.18 -1.181 -1.173 -9999 -9999 -9999 -9999 -9999 -9999 -9999 -9999 -9999 -9999 -9999 -9999 -9999 -9999 -9999 -9999 -9999 -9999 -9999 -9999 -9999 -9999 -9999 -9999 -9999 -9999 -9999 -9999 -9999 -9999 -9999 -9999
