Validation/Results/raw data/ReClimate_10_2024_1_Precipitation-Actualsweatherlogisticsltd.asc
NCOLS 192
NROWS 249
XLLCENTER -225160.85627316462
YLLCENTER 29788.11610251431
CELLSIZE 5000.0
NODATA_VALUE -9999
[rows 198 to 230 of 249, columns 74 to 147 of 192]
-9999 -9999 -9999 -9999 -9999 -9999 -9999 -9999 -9999 -9999 -9999 -9999 -9999 -9999 -9999 -9999 -9999 -9999 172.922 173.678 179.34 157.187 160.2 163.844 160.598 198.614 216.77 243.137 238.165 210.522 175.917 134.277 127.343 120.063 122.368 133.636 122.174 102.302 86.064 81.283 80.695 83.754 79.18 83.032 81.758 77.317 73.776 70.465 67.891 68.442 65.484 67.433 67.351 65.067 62.309 63.648 63.763 65.034 63.278 66.215 68.936 70.066 74.759 74.07 71.111 67.555 66.381 68.79 68.531 66.889 68.217 61.736 60.857 59.88
-9999 -9999 -9999 -9999 -9999 -9999 -9999 -9999 -9999 -9999 -9999 -9999 -9999 -9999 -9999 119.29 148.127 161.305 165.326 178.874 179.135 172.654 164.681 158.697 181.956 202.772 224.599 219.134 225.77 198.706 175.794 159.231 134.497 116.875 137.929 122.258 103.788 83.977 79.312 79.599 88.716 76.065 77.093 76.168 78.532 80.651 81.541 77.218 70.1 65.006 62.04 63.809 67.14 62.18 59.715 60.094 64.963 65.943 71.626 69.079 68.498 70.771 73.511 75.385 72.011 68.591 65.783 68.771 68.643 66.853 63.478 62.304 58.581 59.623
-9999 -9999 -9999 -9999 -9999 -9999 -9999 -9999 -9999 -9999 -9999 -9999 -9999 155.767 144.103 150.537 155.358 160.02 168.986 171.715 183.17 174.131 177.318 195.299 186.284 205.31 214.896 201.606 204.529 207.033 197.512 165.478 140.819 134.471 121.389 106.121 91.545 105.139 92.032 80.362 75.877 71.367 69.447 71.866 75.354 81.015 79.199 74.403 68.219 64.723 59.495 63.472 66.518 63.483 67.505 67.212 66.755 67.845 67.788 73.573 71.218 73.203 77.617 78.542 76.334 73.559 68.196 64.747 67.197 66.71 64.092 56.923 60.104 60.977
-9999 -9999 -9999 -9999 -9999 -9999 -9999 -9999 -9999 167.408 173.815 167.635 161.453 181.952 174.257 178.146 172.195 175.299 180.585 187.881 198.755 199.331 216.517 205.342 193.054 204.291 193.677 187.888 195.952 208.004 184.785 157.711 131.25 136.595 114.093 91.417 117.943 117.803 99.709 92.101 80.656 76.893 68.613 69.25 84.144 73.088 78.693 70.312 67.99 64.394 65.529 69.128 67.635 74.316 71.82 73.484 69.978 69.953 68.815 70.558 72.856 75.364 77.135 77.773 76.173 73.236 69.465 66.746 66.436 68.512 67.447 67.52 60.662 62.026
-9999 -9999 -9999 -9999 -9999 -9999 -9999 -9999 149.709 171.322 173.301 179.908 215.864 230.147 225.851 200.218 194.788 207.829 212.273 208.893 211.929 220.822 218.688 208.795 199.466 183.434 175.925 176.678 195.826 194.924 173.019 149.315 146.702 139.549 127.697 142.691 167.283 134.714 110.407 87.779 85.879 78.572 79.18 80.266 73.596 74.97 71.821 70.512 68.426 66.748 70.925 74.944 80.771 83.072 86.002 78.405 71.974 78.736 78.45 75.62 76.488 75.46 78.287 77.66 74.759 70.973 70.844 72.104 68.693 72.084 72.548 67.055 65.87 63.277
-9999 -9999 -9999 -9999 -9999 -9999 -9999 137.283 156.136 171.255 177.015 195.13 219.08 222.703 205.135 202.084 204.993 207.687 203.629 196.75 211.036 220.323 213.461 194.126 177.821 167.169 178.199 197.711 203.403 198.056 176.58 155.95 144.361 143.311 132.307 173.411 164.281 149.713 111.879 103.511 93.194 91.017 83.321 80.617 79.552 80.085 81.327 71.374 69.873 69.391 73.53 77.052 85.325 94.229 88.687 84.928 81.11 79.999 86.434 83.017 80.495 79.438 77.246 76.179 75.394 72.178 71.568 75.088 75.698 71.783 72.874 69.586 68.785 75.412
-9999 -9999 -9999 -9999 -9999 127.595 -9999 137.573 147.5 155.83 169.724 179.691 190.97 189.135 183.85 186.13 182.636 190.674 179.433 181.802 181.593 185.379 178.095 177.942 179.254 196.02 219.285 255.469 277.852 235.622 216.846 200.55 203.103 179.335 158.94 157.893 184.341 140.736 121.547 115.022 107.103 94.446 86.943 86.639 86.906 87.765 80.089 72.254 64.846 67.29 79.641 90.892 97.575 96.165 90.242 84.406 81.844 81.164 84.148 83.43 79.812 76.438 75.424 70.247 69.575 73.236 73.737 73.907 74.754 72.829 72.062 73.291 72.069 73.991
-9999 -9999 -9999 -9999 -9999 -9999 -9999 -9999 -9999 158.316 159.006 167.313 174.57 169.61 170.109 176.991 181.848 172.428 170.515 169.13 171.827 183.601 181.151 194.11 197.941 221.891 251.68 284.78 282.247 276.912 252.663 265.53 260.592 194.833 175.756 173.527 134.399 136.767 127.571 101.239 95.873 92.735 102.388 99.305 100.808 93.833 80.881 72.234 70.831 78.924 90.726 108.947 107.481 103.389 91.87 86.226 85.058 88.752 82.89 80.987 76.679 72.503 70.966 70.694 69.867 71.35 72.274 71.468 72.904 76.123 78.63 82.186 81.098 76.185
-9999 -9999 -9999 -9999 -9999 -9999 -9999 -9999 -9999 151.678 154.537 161.404 164.901 169.577 178.207 185.258 175.891 167.725 168.934 169.515 182.463 182.711 184.768 189.917 195.375 212.593 229.482 245.918 251.49 246.77 249.76 262.536 228.301 212.664 185.617 145.813 167.384 163.818 118.409 103.238 102.335 113.334 109.424 111.466 108.241 99.913 82.319 80.062 83.485 102.176 111.202 106.885 102.273 100.449 96.227 91.693 85.396 84.64 83.681 77.523 74.663 71.884 70.867 74.061 74.386 74.946 73.517 69.833 73.382 79.144 85.526 84.752 83.856 82.505
-9999 -9999 -9999 -9999 -9999 -9999 -9999 127.447 136.917 147.712 152.593 -9999 162.963 165.188 170.634 162.55 157.254 154.006 -9999 159.354 162.899 171.801 190.924 189.172 210.362 217.324 231.713 240.832 230.987 216.33 236.751 216.321 197.627 197.283 183.457 177.468 179.066 165.384 124.901 116.771 106.4 110.22 118.052 115.756 112.906 96.38 83.868 83.949 94.271 99.64 104.676 100.775 100.825 92.458 89.791 89.165 83.88 78.386 76.313 74.283 78.191 74.697 73.194 71.406 71.827 70.88 73.388 75.435 77.088 85.101 88.138 90.054 85.083 84.031
-9999 -9999 -9999 -9999 -9999 -9999 -9999 127.787 -9999 -9999 -9999 154.526 156.461 159.544 -9999 -9999 -9999 -9999 -9999 151.422 155.063 171.765 170.211 183.212 195.191 203.948 216.998 221.439 220.91 278.918 282.069 236.622 207.888 197.411 196.754 186.689 178.798 143.762 133.773 117.971 111.749 120.592 116.988 116.086 97.309 85.419 84.538 90.456 99.708 98.381 104.786 99.463 92.785 89.296 84.137 81.007 79.091 75.867 74.924 73.297 74.217 75.807 72.646 73.386 71.037 72.685 75.909 74.158 81.212 88.922 93.285 92.702 86.788 81.55
-9999 -9999 -9999 -9999 -9999 -9999 -9999 -9999 -9999 139.178 147.24 150.062 148.762 150.05 -9999 -9999 -9999 -9999 -9999 -9999 -9999 -9999 161.04 180.575 180.535 179.587 191.096 211.027 267.967 313.402 312.036 277.736 236.016 211.563 197.066 176.62 176.883 168.731 136.825 123.386 135.089 129.306 123.456 96.944 89.289 88.041 91.637 104.798 103.34 102.609 100.217 94.023 88.986 82.805 80.028 76.971 74.426 76.031 77.037 75.359 70.723 70.415 71.019 73.789 76.025 75.665 83.277 87.633 88.334 94.874 93.642 91.119 86.85 80.33
-9999 -9999 -9999 -9999 -9999 -9999 -9999 -9999 -9999 -9999 144.939 -9999 -9999 -9999 -9999 -9999 -9999 -9999 -9999 -9999 152.809 154.804 167.573 167.864 160.823 161.484 170.594 203.431 254.907 291.679 298.11 266.975 224.467 204.642 193.422 177.466 177.06 148.429 121.879 115.614 127.151 125.969 110.863 -9999 92.115 94.682 98.181 112.698 106.333 101.495 95.306 88.889 85.489 80.611 79.989 77.16 73.786 67.777 68.204 70.642 70.565 70.881 70.929 72.392 79.766 89.829 89.897 96.417 91.044 92.08 91.724 88.152 80.387 79.25
-9999 -9999 -9999 -9999 -9999 -9999 -9999 -9999 -9999 -9999 -9999 -9999 -9999 -9999 -9999 -9999 -9999 -9999 -9999 -9999 146.766 151.564 151.594 146.405 -9999 -9999 -9999 180.022 225.068 241.435 243.649 221.7 204.99 202.853 186.315 167.634 152.661 135.37 114.802 113.368 111.324 100.767 -9999 90.569 92.482 95.567 105.347 107.837 101.455 99.61 94.593 88.306 85.592 84.55 81.047 78.942 73.988 73.071 76.984 79.35 77.124 73.84 73.304 74.788 80.884 89.065 95.44 93.999 90.613 86.929 87.837 83.372 78.51 74.811
-9999 -9999 -9999 -9999 -9999 -9999 -9999 -9999 -9999 -9999 -9999 -9999 -9999 -9999 -9999 -9999 -9999 -9999 -9999 -9999 -9999 -9999 -9999 -9999 -9999 -9999 -9999 143.67 174.14 194.273 188.204 182.626 180.867 175.621 165.45 152.392 138.552 123.891 111.421 109.878 -9999 -9999 91.958 89.806 95.322 96.911 105.391 107.287 101.976 102.672 92.735 83.708 86.777 84.266 83.949 87.71 88.147 84.69 86.761 94.362 89.981 84.599 83.762 82.349 85.182 89.447 90.371 88.734 86.426 81.763 82.113 80.439 78.584 75.693
-9999 -9999 -9999 -9999 -9999 -9999 -9999 -9999 -9999 -9999 -9999 -9999 -9999 -9999 -9999 -9999 -9999 -9999 -9999 -9999 -9999 -9999 -9999 -9999 -9999 -9999 -9999 132.58 146.673 152.228 155.912 162.912 155.9 151.384 148.399 138.282 125.371 -9999 -9999 -9999 -9999 -9999 90.586 96.011 98.877 100.864 104.342 106.614 103.152 97.595 88.389 82.174 83.448 91.946 90.638 97.206 99.569 97.041 94.465 95.498 94.034 87.603 86.843 84.178 83.763 87.901 83.598 81.188 77.776 76.855 75.158 73.751 73.023 74.251
-9999 -9999 -9999 -9999 -9999 -9999 -9999 -9999 -9999 -9999 -9999 -9999 -9999 -9999 -9999 -9999 -9999 -9999 -9999 -9999 -9999 -9999 -9999 -9999 -9999 -9999 -9999 -9999 -9999 136.798 149.78 147.657 141.519 139.228 135.703 124.575 -9999 -9999 -9999 -9999 103.924 105.281 105.827 103.758 105.605 99.431 107.785 107.747 104.21 94.879 87.855 88.37 93.207 99.289 101.476 100.127 102.586 99.215 94.77 91.066 90.891 88.825 83.843 83.142 79.46 79.383 79.823 77.627 77.829 77.6 78.552 74.883 72.142 72.967
-9999 -9999 -9999 -9999 -9999 -9999 -9999 -9999 -9999 -9999 -9999 -9999 -9999 -9999 -9999 -9999 -9999 -9999 -9999 -9999 -9999 -9999 -9999 -9999 -9999 -9999 -9999 -9999 -9999 -9999 126.593 124.792 132.638 122.883 119.419 -9999 -9999 -9999 -9999 108.185 105.643 109.337 111.496 108.68 102.099 98.291 101.348 100.747 103.103 95.395 91.373 97.107 99.48 102.761 106.69 102.357 100.122 99.274 98.467 92.653 89.589 86.779 86.939 83.421 81.151 78.556 77.846 79.442 81.243 83.173 82.707 79.073 74.129 72.962
-9999 -9999 -9999 -9999 -9999 -9999 -9999 -9999 -9999 -9999 -9999 -9999 -9999 -9999 -9999 -9999 -9999 -9999 -9999 -9999 -9999 -9999 -9999 -9999 -9999 -9999 -9999 -9999 -9999 -9999 -9999 -9999 -9999 -9999 -9999 -9999 -9999 -9999 111.479 108.18 105.649 108.535 111.805 111.707 104.031 103.531 99.705 101.774 97.924 88.83 88.285 90.532 94.308 96.609 98.557 102.975 104.075 102.466 107.434 106.042 99.338 94.983 92.782 92.484 85.498 81.422 80.611 80.71 82.707 84.439 81.564 78.67 76.156 75.068
-9999 -9999 -9999 -9999 -9999 -9999 -9999 -9999 -9999 -9999 -9999 -9999 -9999 -9999 -9999 -9999 -9999 -9999 -9999 -9999 -9999 -9999 -9999 -9999 -9999 -9999 -9999 -9999 -9999 -9999 -9999 -9999 -9999 -9999 -9999 -9999 -9999 103.069 106.526 110.399 113.12 136.867 131.193 115.885 112.888 106.957 104.957 102.297 90.941 85.085 83.608 84.477 90.6 93.487 100.158 104.94 112.447 111.65 108.574 117.291 110.568 102.977 98.82 93.817 89.618 82.688 82.928 84.432 83.994 84.231 82.035 78.936 78.669 79.231
-9999 -9999 -9999 -9999 -9999 -9999 -9999 -9999 -9999 -9999 -9999 -9999 -9999 -9999 -9999 -9999 -9999 -9999 -9999 -9999 -9999 -9999 -9999 -9999 -9999 -9999 -9999 -9999 -9999 -9999 -9999 -9999 -9999 -9999 -9999 -9999 -9999 100.83 98.41 101.204 119.179 131.026 139.542 139.211 128.468 121.566 118.602 103.598 94.766 91.88 97.555 96.345 98.371 97.315 95.433 99.389 104.483 112.887 112.069 111.78 112.584 104.009 101.707 98.336 92.4 89.623 88.01 88.956 89.386 80.614 81.829 82.615 84.814 91.466
-9999 -9999 -9999 -9999 -9999 -9999 -9999 -9999 -9999 -9999 -9999 -9999 -9999 -9999 -9999 -9999 -9999 -9999 -9999 -9999 -9999 -9999 -9999 -9999 181.629 200.703 221.594 204.477 -9999 168.875 -9999 -9999 -9999 -9999 -9999 -9999 -9999 -9999 91.413 96.036 105.503 115.903 124.871 132.454 133.532 131.081 114.758 107.128 100.864 107.203 106.869 97.961 98.702 97.466 92.958 96.951 99.574 103.325 104.834 108.158 104.784 106.457 106.037 109.992 109.419 101.725 98.462 98.22 94.278 93.807 87.369 90.232 91.475 93.742
-9999 -9999 -9999 -9999 -9999 -9999 -9999 -9999 -9999 -9999 -9999 -9999 -9999 -9999 -9999 -9999 -9999 -9999 -9999 -9999 -9999 158.975 165.642 165.841 184.077 222.539 229.418 218.366 211.963 175.402 141.213 118.556 -9999 -9999 106.218 101.1 95.813 91.871 92.16 90.037 95.942 101.161 110.405 115.273 125.97 120.78 115.121 110.871 120.44 115.488 105.787 106.576 99.56 96.527 93.996 94.672 100.51 102.439 103.992 100.2 103.559 105.575 111.063 110.317 116.073 116.308 105.64 100.482 97.459 94.856 97.038 95.882 107.899 107.138
-9999 -9999 -9999 -9999 -9999 -9999 -9999 -9999 -9999 -9999 -9999 -9999 -9999 -9999 -9999 -9999 -9999 -9999 -9999 -9999 161.267 159.217 149.637 158.23 187.569 223.754 243.143 244.213 219.245 189.455 160.178 130.593 112.826 115.927 109.883 110.799 96.788 92.513 85.695 86.852 89.64 95.335 98.828 111.979 114.083 112.698 111.611 128.562 121.696 121.119 117.817 111.218 103.984 99.187 97.009 95.363 99.753 104.1 102.127 102.965 101.349 104.904 107.958 112.295 116.761 117.24 113.278 108.473 110.357 104.795 105.155 103.444 102.572 112.004
-9999 -9999 -9999 -9999 -9999 -9999 -9999 -9999 -9999 -9999 -9999 -9999 -9999 -9999 -9999 -9999 -9999 -9999 -9999 -9999 161.615 136.185 133.954 141.525 164.926 199.994 211.226 219.443 206.784 185.68 157.464 147.791 143.714 128.371 120.072 103.368 99.098 92.992 83.031 82.039 83.849 88.322 91.341 97.917 100.463 106.252 120.103 120.441 119.242 126.882 123.383 109.662 108.93 106.805 101.895 100.764 103.282 104.799 103.227 102.525 105.767 99.675 104.739 113.764 121.442 123.275 115.908 115.786 117.625 115.412 107.824 104.828 103.984 102.217
-9999 -9999 -9999 -9999 -9999 -9999 -9999 -9999 -9999 -9999 -9999 -9999 -9999 -9999 -9999 -9999 -9999 -9999 -9999 -9999 146.618 129.291 130.647 131.578 153.104 165.038 173.076 178.317 177.191 168.297 157.947 149.748 147.625 132.523 108.706 100.097 95.139 89.612 83.384 83.895 94.576 85.475 87.555 89.132 97.546 108.024 110.368 111.707 111.757 118.392 112.385 115.99 117.267 111.161 104.753 103.193 105.82 110.795 112.799 108.554 108.234 116.144 112.794 121.193 125.942 133.938 123.57 117.056 120.512 114.339 108.099 106.474 101.775 104.531
-9999 -9999 -9999 -9999 -9999 -9999 -9999 -9999 -9999 -9999 -9999 -9999 -9999 -9999 -9999 -9999 150.492 164.752 -9999 152.791 134.087 140.063 136.913 131.123 132.715 138.141 146.463 156.489 161.56 161.293 147.096 141.466 131.84 114.739 107.015 98.805 97.248 94.924 89.672 88.91 85.353 87.892 88.016 89.815 100.618 100.582 105.047 106.26 115.222 117.172 115.653 128.273 127.174 116.855 109.485 108.317 110.638 112.718 112.382 112.991 109.061 115.06 122.961 122.156 126.293 126.209 127.036 116.823 118.991 119.784 115.53 112.354 108.737 104.223
-9999 -9999 -9999 -9999 -9999 -9999 -9999 -9999 -9999 -9999 -9999 -9999 -9999 -9999 -9999 -9999 160.909 170.662 164.843 149.779 146.107 144.26 132.506 128.134 137.578 135.527 138.574 144.643 152.548 152.76 141.825 130.34 122.815 115.515 118.347 127.021 115.4 104.512 93.402 88.777 94.079 96.076 96.438 99.656 103.957 98.4 106.994 109.1 111.518 112.237 123.479 123.153 122.227 116.288 113.601 116.906 117.868 113.3 110.688 109.879 111.389 112.489 116.391 118.603 123.327 128.014 127.577 133.299 127.856 125.077 122.741 119.752 113.828 111.418
-9999 -9999 -9999 -9999 -9999 -9999 -9999 -9999 -9999 -9999 -9999 -9999 -9999 -9999 -9999 148.794 159.278 166.134 167.664 162.373 149.733 142.145 136.308 136.801 133.677 127.141 130.456 134.654 134.443 141.226 132.11 119.413 113.413 117.824 138.085 132.1 122.311 120.049 107.673 101.079 102.793 102.134 104.481 106.393 104.656 110.614 114.559 111.299 112.833 123.543 118.506 116.515 114.886 118.193 117.474 116.774 122.688 119.41 111.315 109.511 112.289 112.858 113.631 113.211 117.572 123.145 124.264 130.541 137.867 129.865 136.615 123.906 128.063 128.798
-9999 -9999 -9999 -9999 -9999 -9999 -9999 -9999 -9999 -9999 -9999 -9999 -9999 -9999 -9999 -9999 140.448 157.807 155.277 148.422 143.73 141.35 132.006 125.54 127.781 122.647 122.816 122.594 123.703 117.136 114.346 113.946 105.353 122.802 135.292 135.803 140.614 134.439 119.974 117.859 111.378 113.022 113.648 112.921 113.914 118.36 120.613 120.056 123.257 117.904 117.401 112.065 112.832 116.771 118.884 117.91 117.839 118.296 114.622 113.564 -9999 111.616 111.29 114.371 111.569 110.721 112.971 112.794 117.645 117.256 116.254 118.333 113.367 123.922
-9999 -9999 -9999 -9999 -9999 -9999 -9999 -9999 -9999 -9999 -9999 -9999 -9999 -9999 -9999 135.312 135.851 141.012 142.889 146.792 149.31 143.711 131.349 125.632 118.953 116.702 118.095 111.441 104.799 108.169 109.377 101.458 108.385 118.728 126.413 135.037 141.831 128.16 124.085 135.011 131.886 131.283 136.846 131.86 134.57 140.647 135.262 128.53 125.484 118.74 113.13 117.171 114.896 116.079 117.028 118.77 121.728 119.146 119.258 114.392 109.728 -9999 103.655 -9999 101.563 -9999 101.147 -9999 103.576 104.161 104.32 102.296 104.419 108.392
-9999 -9999 -9999 -9999 -9999 -9999 -9999 -9999 -9999 -9999 -9999 -9999 -9999 -9999 -9999 135.632 136.465 140.714 144.458 149.336 151.809 150.512 142.815 140.381 133.28 127.293 114.822 102.974 98.899 102.362 99.989 101.304 106.202 116.281 125.838 137.27 131.497 120.65 135.626 135.027 123.068 128.478 128.875 143.331 150.648 143.601 133.322 132.119 128.874 121.411 121.792 119.533 117.501 115.322 114.435 116.126 116.353 113.654 111.458 109.886 107.811 -9999 -9999 97.959 96.132 -9999 -9999 96.754 95.883 96.188 -9999 -9999 -9999 -9999
-9999 -9999 -9999 -9999 -9999 -9999 -9999 -9999 -9999 -9999 -9999 -9999 -9999 -9999 152.807 147.392 153.04 147.348 140.771 139.396 149.707 157.842 165.383 173.64 173.127 145.483 120.06 105.609 104.904 104.262 99.184 95.958 104.531 114.303 127.047 118.324 126.911 122.647 125.121 109.099 109.909 116.316 129.913 139.736 140.201 135.938 132.766 131.195 128.253 123.345 116.099 116.368 116.679 115.35 110.217 106.57 110.639 110.415 -9999 -9999 -9999 112.633 -9999 -9999 -9999 -9999 -9999 -9999 97.685 -9999 -9999 -9999 -9999 -9999
