Validation/Results/raw data/ReClimate_11_2023_2_Precipitation-Actuals.asc
NCOLS 192
NROWS 249
XLLCENTER -225160.85627316462
YLLCENTER 29788.11610251502
CELLSIZE 5000.0
NODATA_VALUE -9999
[rows 198 to 230 of 249, columns 74 to 147 of 192]
-9999 -9999 -9999 -9999 -9999 -9999 -9999 -9999 -9999 -9999 -9999 -9999 -9999 -9999 -9999 -9999 -9999 -9999 173.259 174.271 172.537 183.21 168.302 191.088 201.606 227.438 247.703 272.788 275.733 251.012 209.062 159.295 151.387 144.929 152.57 161.038 136.378 119.042 100.086 93.173 90.155 90.625 85.487 89.662 88.567 85.612 80.48 76.583 72.935 70.851 68.119 69.919 69.127 64.401 62.914 62.447 63.441 65.829 63.979 69.629 72.145 71.763 74.869 74.683 74.864 72.576 70.024 72.732 70.853 67.539 69.715 63.794 60.646 60.441
-9999 -9999 -9999 -9999 -9999 -9999 -9999 -9999 -9999 -9999 -9999 -9999 -9999 -9999 -9999 114.637 148.563 163.923 164.717 181.686 184.997 194.637 195.319 180.23 216.355 235.711 254.168 243.393 256.089 228.904 202.615 186.674 160.428 146.849 169.078 137.771 118.559 99.555 91.713 91.677 101.423 83.559 84.505 82.002 84.454 86.395 81.003 85.407 75.575 70.431 64.579 65.767 68.238 62.28 58.231 61.688 66.589 69.141 74.897 71.907 71.944 72.612 72.434 76.085 76.775 72.923 68.178 70.138 71.247 68.66 64.815 63.278 59.25 60.09
-9999 -9999 -9999 -9999 -9999 -9999 -9999 -9999 -9999 -9999 -9999 -9999 -9999 154.735 143.523 154.21 162.436 167.227 184.963 188.541 204.455 206.136 198.145 223.598 213.56 236.177 237.794 225.183 231.486 232.526 227.976 193.453 172.11 162.166 135.232 117.085 108.687 125.633 105.755 95.252 85.746 79.414 78.931 79.535 81.207 83.347 86.477 79.554 75.387 69.295 63.395 65.766 67.442 63.783 68.356 68.084 67.4 69.027 70.209 76.949 75.673 74.698 78.48 79.505 81.511 78.817 71.24 68.515 68.42 68.522 66.275 61.669 62.739 61.348
-9999 -9999 -9999 -9999 -9999 -9999 -9999 -9999 -9999 158.873 171.004 165.712 160.419 182.18 175.733 185.282 184.164 190.76 201.562 212.351 222.251 230.034 255.638 244.142 226.722 232.182 214.896 211.954 219.327 233.104 212.321 190.836 168.262 157.642 132.565 112.827 138.026 133.112 111.905 106.677 87.431 83.961 82.411 81.158 90.426 80.072 86.247 78.067 72.167 68.086 68.35 70.909 72.081 77.178 74.438 77.456 73.714 73.039 71.041 74.374 79.333 80.402 78.63 79.998 79.691 78.045 72.885 70.27 68.483 67.642 68.146 65.736 62.742 61.888
-9999 -9999 -9999 -9999 -9999 -9999 -9999 -9999 137.08 165.339 171.381 185.897 222.238 224.409 228.755 214.685 213.666 224.858 228.288 228.693 234.825 248.658 248.276 238.401 229.613 208.475 199.669 200.812 222.179 222.278 202.883 185.323 171.886 147.836 145.866 165.837 198.13 156.177 133.628 104.558 95.913 88.429 93.262 90.601 81.48 82.125 79.823 75.528 71.702 68.712 71.929 74.808 84.123 88.567 89.706 83.064 77.866 84.095 84.124 80.648 83.871 82.434 81.764 80.095 76.849 73.659 71.185 71.807 71.507 74.102 79.024 71.389 68.19 65.42
-9999 -9999 -9999 -9999 -9999 -9999 -9999 123.048 144.81 167.25 180.04 201.449 220.414 227.345 217.875 216.127 225.769 223.834 221.52 216.412 232.19 241.572 234.052 219.69 200.665 185.48 203.038 233.253 237.311 238.775 214.43 194.506 168.374 172.076 156.173 203.858 193.61 179.323 138.418 125.032 110.465 103.062 95.319 89.221 85.43 83.52 83.367 77.167 73.326 71.748 68.011 62.881 86.774 99.572 93.996 90.276 90.613 89.492 91.469 88.527 85.676 84.62 80.526 78.568 76.999 72.837 72.511 74.47 75.935 73.173 73.673 71.492 70.642 76.961
-9999 -9999 -9999 -9999 -9999 115.844 -9999 125.867 139.903 154.217 168.769 177.31 197.107 199.684 195.466 201.235 201.161 202.89 193.444 200.637 206.416 207.967 200.253 200.978 198.433 219.564 259.497 311.718 347.261 295.493 273.797 252.501 250.054 218.591 186.387 190.909 215.105 166.421 139.739 138.952 126.049 108.345 90.56 89.658 96.421 94.136 88.236 77.589 70.98 72.367 71.813 83.811 101.332 101.768 98.6 92.011 88.85 90.495 90.333 87.77 83.892 79.917 76.79 76.964 72.805 72.258 73.421 74.718 76.019 73.428 73.164 74.084 74.069 78.423
-9999 -9999 -9999 -9999 -9999 -9999 -9999 -9999 -9999 154.846 152.4 167.135 178.434 176.354 183.08 194.097 195.464 189.654 185.164 185.819 188.547 194.867 204.08 218.876 221.217 254.355 300.924 345.331 341.95 333.736 309.323 323.469 319.606 239.398 224.603 214.469 165.704 156.029 153.468 126.441 123.355 111.439 106.289 109.242 114.607 103.766 90.532 77.509 74.904 79.699 92.745 113.422 115.36 112.27 101.267 94.094 92.051 96.167 89.113 83.414 78.195 75.227 72.374 70.686 74.289 70.999 71.697 72.594 74.928 77.89 80.596 85.458 85.104 80.36
-9999 -9999 -9999 -9999 -9999 -9999 -9999 -9999 -9999 146.441 151.178 161.595 166.881 178.079 192.041 198.875 190.416 181.451 178.92 175.223 187.052 201.736 209.573 215.089 221.089 245.213 269.219 289.96 292.055 287.749 295.898 317.323 277.115 260.889 232.91 193.118 197.766 200.925 149.918 133.103 130.958 128.087 123.213 132.23 121.085 108.8 89.395 79.681 81.131 103.099 111.529 115.244 113.365 111.21 106.428 100.59 91.738 89.859 88.424 81.268 76.691 74.177 71.604 71.097 72.056 74.563 74.408 72.672 76.412 82.06 89.875 89.492 89.554 89.122
-9999 -9999 -9999 -9999 -9999 -9999 -9999 123.431 133.439 141.309 144.408 -9999 163.696 172.407 177.258 169.48 164.429 160.578 -9999 162.429 175.491 189.175 213.862 212.282 237.103 244.774 267.863 279.27 267.282 253.71 286.977 270.208 244.215 235.856 232.89 216.791 218.387 208.427 158.367 146.947 126.035 126.126 136.79 135.746 130.055 106.61 91.868 85.282 97.042 100.933 110.265 107.907 112.659 103.164 97.839 96.333 89.285 81.275 77.893 76.274 80.482 76.281 72.575 71.561 71.114 70.617 75.568 78.264 81.218 89.745 94.833 97.349 91.934 90.427
-9999 -9999 -9999 -9999 -9999 -9999 -9999 124.674 -9999 -9999 -9999 150.9 157.357 159.746 -9999 -9999 -9999 -9999 -9999 153.465 163.592 185.083 184.112 203.303 215.315 224.513 244.309 250.051 253.894 331.747 344.512 288.135 256.175 241.383 241.551 229.812 223.2 182.623 168.285 143.62 129.832 135.574 130.385 130.662 106.259 92.951 94.937 96.397 105.952 104.313 110.259 104.383 100.934 97.031 91.116 86.235 82.189 77.463 75.287 73.164 75.992 77.698 73.483 72.493 71.96 73.56 79.438 89.162 95.198 98.515 101.998 100.683 93.783 88.293
-9999 -9999 -9999 -9999 -9999 -9999 -9999 -9999 -9999 134.611 142.371 147.139 146.988 148.303 -9999 -9999 -9999 -9999 -9999 -9999 -9999 -9999 172.724 190.432 192.478 194.355 207.594 231.135 301.489 362.216 376.416 340.827 284.503 252.306 236.281 214.891 218.659 210.985 168.523 146.51 153.273 143.052 136.203 109.26 97.013 97.655 98.555 110.561 106.959 109.458 107.348 99.756 93.584 88.71 84.376 81.24 75.993 76.817 73.444 70.233 68.825 71.823 72.374 74.262 76.013 77.819 85.92 91.79 101.807 106.534 103.027 98.225 93.344 85.737
-9999 -9999 -9999 -9999 -9999 -9999 -9999 -9999 -9999 -9999 140.173 -9999 -9999 -9999 -9999 -9999 -9999 -9999 -9999 -9999 152.853 161.012 173.575 175.25 167.692 171.335 184.925 225.633 283.937 343.769 352.258 317.102 271.402 249.026 231.703 213.666 213.847 180.654 147.575 141.687 146.333 140.183 122.419 -9999 101.721 101.281 105.003 117.156 111.346 106.734 101.458 94.882 90.419 85.102 84.724 81.66 76.591 73.09 72.066 69.124 69.513 71.119 72.873 74.053 79.846 91.312 94.407 102.926 100.49 100.819 98.33 93.208 80.838 82.424
-9999 -9999 -9999 -9999 -9999 -9999 -9999 -9999 -9999 -9999 -9999 -9999 -9999 -9999 -9999 -9999 -9999 -9999 -9999 -9999 147.885 155.111 154.547 146.345 -9999 -9999 -9999 191.353 246.649 271.868 280.934 256.2 241.697 241.804 221.634 197.215 180.504 157.575 137.163 130.427 127.355 119.802 -9999 98.994 99.365 102.17 110.276 112.502 106.174 105.497 99.276 91.856 89.903 86.034 84.788 84.267 77.911 79.285 83.959 82.549 79.106 76.688 75.939 78.052 81.256 86.858 97.793 97.57 95.148 93.46 90.444 86.553 80.948 76.591
-9999 -9999 -9999 -9999 -9999 -9999 -9999 -9999 -9999 -9999 -9999 -9999 -9999 -9999 -9999 -9999 -9999 -9999 -9999 -9999 -9999 -9999 -9999 -9999 -9999 -9999 -9999 143.701 176.014 208.972 204.362 198.582 204.483 202.292 188.123 169.688 154.06 138.802 123.442 119.636 -9999 -9999 98.379 95.904 102.185 102.875 106.779 111.747 109.056 108.363 97.621 87.83 90.629 89.678 89.772 96.915 98.801 96.945 95.553 100.098 93.113 85.939 87.195 85.682 88.482 92.302 92.335 92.67 87.711 82.283 83.367 82.496 81.074 78.373
-9999 -9999 -9999 -9999 -9999 -9999 -9999 -9999 -9999 -9999 -9999 -9999 -9999 -9999 -9999 -9999 -9999 -9999 -9999 -9999 -9999 -9999 -9999 -9999 -9999 -9999 -9999 129.37 146.911 157.159 163.088 172.644 171.28 168.667 163.873 152.131 136.897 -9999 -9999 -9999 -9999 -9999 96.142 100.726 105.306 104.86 109.684 114.452 111.621 105.127 94.045 86.883 87.584 96.781 99.503 108.415 110.535 109.454 106.319 102.635 101.341 90.423 88.983 87.488 87.459 92.459 87.791 84.155 79.117 78.568 77.913 77.751 77.094 77.534
-9999 -9999 -9999 -9999 -9999 -9999 -9999 -9999 -9999 -9999 -9999 -9999 -9999 -9999 -9999 -9999 -9999 -9999 -9999 -9999 -9999 -9999 -9999 -9999 -9999 -9999 -9999 -9999 -9999 140.926 155.949 154.528 149.142 150.695 146.481 133.101 -9999 -9999 -9999 -9999 111.805 110.301 110.787 108.64 111.986 102.93 114.74 115.712 111.381 101.556 93.779 93.513 98.128 106.841 110.024 110.488 114.359 109.929 104.162 95.995 96.764 95.066 87.597 87.196 83.189 84.311 82.997 79.554 78.398 79.394 83.688 80.794 77.444 76.019
-9999 -9999 -9999 -9999 -9999 -9999 -9999 -9999 -9999 -9999 -9999 -9999 -9999 -9999 -9999 -9999 -9999 -9999 -9999 -9999 -9999 -9999 -9999 -9999 -9999 -9999 -9999 -9999 -9999 -9999 135.227 132.322 138.025 125.13 123.137 -9999 -9999 -9999 -9999 114.274 111.007 114.737 114.614 115.522 108.18 104.949 108.008 106.854 109.903 100.641 96.39 102.882 105.249 107.121 113.851 111.244 110.519 106.841 105.388 98.601 95.176 93.339 92.62 87.847 85.306 79.746 80.882 81.075 82.761 84.882 87.129 85.342 78.812 77.699
-9999 -9999 -9999 -9999 -9999 -9999 -9999 -9999 -9999 -9999 -9999 -9999 -9999 -9999 -9999 -9999 -9999 -9999 -9999 -9999 -9999 -9999 -9999 -9999 -9999 -9999 -9999 -9999 -9999 -9999 -9999 -9999 -9999 -9999 -9999 -9999 -9999 -9999 111.55 111.853 111.803 113.298 115.977 119.343 110.2 108.475 104.704 106.807 105.213 93.37 92.764 95.358 100.621 104.45 105.682 111.727 114.252 113.133 115.839 115.159 107.253 103.208 99.64 94.945 88.839 86.855 84.003 85.909 87.427 89.551 87.219 84.358 81.147 79.57
-9999 -9999 -9999 -9999 -9999 -9999 -9999 -9999 -9999 -9999 -9999 -9999 -9999 -9999 -9999 -9999 -9999 -9999 -9999 -9999 -9999 -9999 -9999 -9999 -9999 -9999 -9999 -9999 -9999 -9999 -9999 -9999 -9999 -9999 -9999 -9999 -9999 102.9 106.431 112.629 119.131 148.543 142.79 125.717 121.148 115.488 112.303 110.855 97.094 89.196 89.623 94.414 101.497 103.166 109.022 114.264 123.146 123.001 119.121 127.132 120.014 112.9 108.018 101.2 94.062 88.937 87.917 89.205 90.657 91.876 90.148 85.392 83.85 84.754
-9999 -9999 -9999 -9999 -9999 -9999 -9999 -9999 -9999 -9999 -9999 -9999 -9999 -9999 -9999 -9999 -9999 -9999 -9999 -9999 -9999 -9999 -9999 -9999 -9999 -9999 -9999 -9999 -9999 -9999 -9999 -9999 -9999 -9999 -9999 -9999 -9999 101.367 98.472 101.082 122.952 133.41 139.571 150.167 141.192 135.912 129.964 110.621 101.153 98.858 107.805 110.046 111.957 106.488 103.487 107.918 113.657 123.186 121.174 119.849 120.607 111.516 110.962 105.922 99.885 96.912 95.06 96.529 96.5 98.264 95.42 91.098 94.219 102.719
-9999 -9999 -9999 -9999 -9999 -9999 -9999 -9999 -9999 -9999 -9999 -9999 -9999 -9999 -9999 -9999 -9999 -9999 -9999 -9999 -9999 -9999 -9999 -9999 189.347 209.768 243.921 231.708 -9999 190.047 -9999 -9999 -9999 -9999 -9999 -9999 -9999 -9999 92.303 94.202 104.184 113.083 129.048 141.336 144.615 142.62 125.358 115.706 110.045 118.851 119.361 108.277 110.001 106.793 99.658 103.778 106.071 110.261 111.224 113.38 110.022 112.011 112.146 118.232 116.46 109.509 106.991 107.88 104.289 102.318 103.595 100.244 103.624 111.995
-9999 -9999 -9999 -9999 -9999 -9999 -9999 -9999 -9999 -9999 -9999 -9999 -9999 -9999 -9999 -9999 -9999 -9999 -9999 -9999 -9999 155.969 163.715 170.232 193.763 239.098 257.376 251.281 243.657 199.286 164.432 139.729 -9999 -9999 117.063 108.936 100.584 94.693 91.383 90.801 95.469 102.554 112.379 117.71 131.337 132.342 126.935 118.998 130.954 128.922 118.099 116.981 108.374 106.281 101.076 101.092 108.232 109.737 110.95 105.459 109.072 111.02 117.399 116.758 124.295 124.16 115.236 112.258 109.417 110.172 111.813 109.334 123.789 124.134
-9999 -9999 -9999 -9999 -9999 -9999 -9999 -9999 -9999 -9999 -9999 -9999 -9999 -9999 -9999 -9999 -9999 -9999 -9999 -9999 162.266 157.507 159.999 162.302 195.865 240.184 265.024 274.492 248.186 216.717 186.775 153.566 130.688 134.911 127.882 128.634 107.821 97.077 87.51 89.031 91.419 96.413 100.151 113.096 118.503 120.449 118.436 136.574 130.865 132.085 127.884 119.953 119.75 112.103 106.291 102.889 107.021 113.63 112.737 119.648 111.745 111.213 116.12 123.999 128.239 128.758 125.267 120.537 124.753 122.282 131.371 123.352 116.799 127.262
-9999 -9999 -9999 -9999 -9999 -9999 -9999 -9999 -9999 -9999 -9999 -9999 -9999 -9999 -9999 -9999 -9999 -9999 -9999 -9999 163.911 150.859 137.721 148.806 178.342 214.077 235.144 242.709 228.813 207.055 183.802 173.731 165.875 147.547 136.537 116.832 106.854 97.153 87.904 84.87 84.431 89.701 91.793 98.772 101.587 109.934 122.906 122.641 126.138 137.304 136.851 121.094 120.985 121.231 114.711 111.615 112.81 114.556 114.31 113.8 119.572 114.887 117.095 123.151 133.114 136.244 130.712 131.05 133.191 131.832 126.287 123.611 111.396 109.985
-9999 -9999 -9999 -9999 -9999 -9999 -9999 -9999 -9999 -9999 -9999 -9999 -9999 -9999 -9999 -9999 -9999 -9999 -9999 -9999 152.95 137.337 137.092 141.446 163.065 171.201 187.355 194.83 196.328 191.479 191.953 178.29 171.296 151.298 123.386 110.844 104.316 97.18 87.765 84.754 93.389 88.738 89.012 87.736 97.689 111.398 114.914 116.718 118.286 127.294 123.249 125.688 127.892 122.676 116.081 112.56 114.412 117.733 120.823 117.674 117.668 125.898 126.089 127.893 135.862 148.628 140.639 133.776 136.11 130.333 123.338 122.659 113.179 112.068
-9999 -9999 -9999 -9999 -9999 -9999 -9999 -9999 -9999 -9999 -9999 -9999 -9999 -9999 -9999 -9999 159.586 179.538 -9999 163.939 145.381 153.051 145.626 141.383 138.034 148.691 159.231 175.846 181.355 186.484 171.874 165.031 154.488 134.506 123.234 114.964 112.887 106.297 98.903 93.913 93.059 93.876 92.516 91.831 105.973 107.639 111.756 112.7 120.271 121.882 124.72 134.792 134.887 126.94 119.225 119.47 120.691 124.475 118.692 119.413 117.249 123.001 131.536 128.838 134.722 139.029 145.554 135.375 134.359 136.465 133.351 126.796 120.342 113.611
-9999 -9999 -9999 -9999 -9999 -9999 -9999 -9999 -9999 -9999 -9999 -9999 -9999 -9999 -9999 -9999 168.736 178.331 175.535 163.306 158.375 156.748 142.589 137.35 148.025 146.09 155.759 163.368 165.361 173.56 164.544 151.201 143.295 136.231 139.537 147.569 134.977 121.036 109.941 101.125 105.437 105.539 103.899 107.35 112.097 107.896 114.651 114.716 116.512 124.589 138.125 128.343 129.457 124.878 122.175 126.874 129.245 125.054 124.195 118.203 117.191 117.896 123.129 125.515 132.334 140.356 137.522 148.774 144.397 141.87 140.511 137.246 126.767 120.635
-9999 -9999 -9999 -9999 -9999 -9999 -9999 -9999 -9999 -9999 -9999 -9999 -9999 -9999 -9999 153.78 163.507 170.163 176.121 177.374 165.692 158.197 150.14 150.765 148.691 145.407 149.106 147.957 153.133 157.312 143.14 139.978 135.115 138.858 159.476 154.932 147.549 143.368 125.577 118.244 116.201 113.559 115.903 117.525 114.741 119.811 122.529 118.134 124.325 137.005 125.691 125.561 122.928 125.96 124.498 124.796 133.829 131.989 122.112 118.398 118.766 118.384 120.33 120.926 125.179 133.156 134.889 140.344 152.111 143.243 151.551 136.808 141.185 140.188
-9999 -9999 -9999 -9999 -9999 -9999 -9999 -9999 -9999 -9999 -9999 -9999 -9999 -9999 -9999 -9999 142.935 160.955 164.344 157.504 159.317 157.493 147.637 141.341 145.378 141.493 139.236 127.118 142.27 131.353 131.371 135.368 129.642 141.241 155.438 158.859 163.234 156.92 144.35 136.145 126.791 127.932 129.741 127.96 123.548 129.132 131.943 130.948 136.955 130.859 126.901 121.68 121.141 124.207 125.082 123.699 127.273 129.432 124.597 118.509 -9999 117.482 117.179 122.627 118.755 116.879 119.444 119.962 123.917 125.612 124.987 126.692 119.976 131.862
-9999 -9999 -9999 -9999 -9999 -9999 -9999 -9999 -9999 -9999 -9999 -9999 -9999 -9999 -9999 139.208 140.248 147.358 150.397 160.791 164.424 160.962 149.399 143.039 136.128 144.297 136.826 129.173 123.173 125.798 126.693 122.08 125.397 137.59 146.878 157.767 161.37 150.667 146.402 157.694 153.967 149.421 155.305 146.618 149.898 156.455 148.014 140.38 137.928 128.735 121.056 124.677 121.755 126.591 125.223 122.847 125.661 126.314 125.313 120.036 113.87 -9999 107.213 -9999 109.133 -9999 107.248 -9999 110.578 110.649 111.681 108.942 110.426 114.642
-9999 -9999 -9999 -9999 -9999 -9999 -9999 -9999 -9999 -9999 -9999 -9999 -9999 -9999 -9999 141.878 141.23 147.791 150.36 164.108 167.482 169.29 165.431 163.1 155.258 153.935 135.74 123.174 118.489 122.465 118.028 117.457 120.562 134.353 148.581 159.752 155.847 143.604 157.115 154.883 142.254 147.874 144.934 149.642 161.501 160.198 151.574 145.154 137.511 130.332 131.416 126.341 122.739 119.643 121.677 120.331 119.894 115.715 114.822 113.781 111.347 -9999 -9999 103.504 102.662 -9999 -9999 104.347 103.574 103.219 -9999 -9999 -9999 -9999
-9999 -9999 -9999 -9999 -9999 -9999 -9999 -9999 -9999 -9999 -9999 -9999 -9999 -9999 161.098 156.345 168.521 159.495 156.742 156.327 165.163 178.914 197.0 209.915 211.723 180.003 150.272 137.217 129.827 127.389 118.107 110.251 124.78 134.82 153.718 157.059 144.796 138.743 138.665 126.664 128.674 132.056 138.107 151.261 155.005 148.029 145.448 141.515 135.666 128.356 122.562 122.009 122.134 120.467 114.98 110.675 116.179 114.525 -9999 -9999 -9999 114.361 -9999 -9999 -9999 -9999 -9999 -9999 104.017 -9999 -9999 -9999 -9999 -9999
