Validation/Results/raw data/ReClimate_02_2024_2_Temperature-Actuals.asc
NCOLS 192
NROWS 249
XLLCENTER -225160.85627316462
YLLCENTER 29788.11610251502
CELLSIZE 5000.0
NODATA_VALUE -9999
[rows 102 to 135 of 249, columns 77 to 153 of 192]
5.772 5.737 7.764 8.516 -9999 -9999 7.431 -9999 -9999 7.916 5.386 5.194 6.951 5.949 3.659 5.463 4.382 4.351 4.654 5.264 6.874 5.931 5.087 4.165 4.792 5.866 5.177 5.463 6.676 7.487 7.914 7.83 7.334 6.569 7.519 7.821 7.933 8.165 8.128 8.142 -9999 -9999 -9999 -9999 -9999 -9999 -9999 -9999 -9999 -9999 -9999 -9999 -9999 -9999 -9999 -9999 -9999 -9999 -9999 -9999 -9999 -9999 -9999 -9999 -9999 -9999 -9999 -9999 -9999 -9999 -9999 -9999 -9999 -9999 -9999 -9999 -9999
6.11 7.458 -9999 -9999 -9999 8.124 7.017 7.586 7.246 7.12 6.159 8.057 7.529 5.728 5.629 6.087 6.15 6.03 5.89 5.769 4.642 5.759 5.074 5.411 5.225 4.89 5.592 6.396 7.234 7.742 7.819 7.613 6.963 7.653 8.25 -9999 -9999 8.37 -9999 -9999 -9999 -9999 -9999 -9999 -9999 -9999 -9999 -9999 -9999 -9999 -9999 -9999 -9999 -9999 -9999 -9999 -9999 -9999 -9999 -9999 -9999 -9999 -9999 -9999 -9999 -9999 -9999 -9999 -9999 -9999 -9999 -9999 -9999 -9999 -9999 -9999 -9999
-9999 7.412 -9999 -9999 -9999 7.87 7.03 6.916 6.923 7.4 8.027 7.151 5.838 5.543 6.085 6.516 6.03 5.48 6.051 5.474 6.762 5.949 5.787 6.653 7.151 7.418 7.266 7.707 7.957 7.89 8.052 8.044 7.897 8.328 -9999 8.093 8.171 8.081 8.089 -9999 -9999 -9999 -9999 -9999 -9999 -9999 -9999 -9999 -9999 -9999 -9999 -9999 -9999 -9999 -9999 -9999 -9999 -9999 -9999 -9999 -9999 -9999 -9999 -9999 -9999 -9999 -9999 -9999 -9999 -9999 -9999 -9999 -9999 -9999 -9999 -9999 -9999
-9999 -9999 -9999 8.255 7.848 6.989 7.054 6.636 7.112 6.847 5.887 5.348 5.264 6.348 6.166 6.745 5.315 6.569 5.096 6.64 5.434 4.644 6.669 7.396 7.188 7.501 8.034 8.07 8.284 8.412 8.442 8.44 -9999 8.266 8.096 8.152 8.027 8.196 7.959 -9999 -9999 -9999 -9999 -9999 -9999 -9999 -9999 -9999 -9999 -9999 -9999 -9999 -9999 -9999 -9999 -9999 -9999 -9999 -9999 -9999 -9999 -9999 -9999 -9999 -9999 -9999 -9999 -9999 -9999 -9999 -9999 -9999 -9999 -9999 -9999 -9999 -9999
-9999 -9999 -9999 8.024 8.353 7.811 6.803 6.976 7.367 6.092 6.952 6.809 6.298 5.372 6.796 6.841 5.953 5.256 6.052 6.029 4.848 6.063 5.987 5.634 6.688 7.269 7.429 7.715 7.89 7.697 7.583 7.382 7.592 8.136 8.367 8.071 7.811 7.926 7.746 7.816 -9999 -9999 -9999 -9999 -9999 -9999 -9999 -9999 -9999 -9999 -9999 -9999 -9999 -9999 -9999 -9999 -9999 -9999 -9999 -9999 -9999 -9999 -9999 -9999 -9999 -9999 -9999 -9999 -9999 -9999 -9999 -9999 -9999 -9999 -9999 -9999 -9999
-9999 -9999 8.002 -9999 -9999 7.562 6.842 7.597 6.512 6.941 -9999 -9999 5.753 5.495 6.316 6.864 5.925 6.192 6.491 6.124 6.466 7.255 6.634 6.875 7.222 7.521 7.018 6.459 6.077 6.406 6.6 7.134 7.57 7.766 8.266 7.654 7.632 7.447 7.573 7.714 7.841 -9999 -9999 -9999 -9999 -9999 -9999 -9999 -9999 -9999 -9999 -9999 -9999 -9999 -9999 -9999 -9999 -9999 -9999 -9999 -9999 -9999 -9999 -9999 -9999 -9999 -9999 -9999 -9999 -9999 -9999 -9999 -9999 -9999 -9999 -9999 -9999
-9999 -9999 8.038 -9999 8.036 7.456 7.682 6.509 6.57 7.972 8.096 6.28 5.491 6.417 8.362 6.354 5.079 7.209 7.25 6.812 7.389 7.695 7.789 7.959 7.765 6.541 5.434 5.518 6.224 6.715 7.323 7.557 7.457 7.723 7.813 7.803 8.06 8.22 8.225 8.231 -9999 -9999 -9999 -9999 -9999 -9999 -9999 -9999 -9999 -9999 -9999 -9999 -9999 -9999 -9999 -9999 -9999 -9999 -9999 -9999 -9999 -9999 -9999 -9999 -9999 -9999 -9999 -9999 -9999 -9999 -9999 -9999 -9999 -9999 -9999 -9999 -9999
-9999 -9999 8.074 -9999 7.966 8.19 7.498 7.298 7.97 -9999 6.425 6.713 -9999 6.605 6.677 6.396 7.378 6.18 7.478 7.912 8.319 8.438 8.609 8.583 8.016 6.993 7.471 7.753 7.766 7.538 7.353 7.622 7.613 7.965 8.055 8.187 -9999 -9999 -9999 -9999 -9999 -9999 -9999 -9999 -9999 -9999 -9999 -9999 -9999 -9999 -9999 -9999 -9999 -9999 -9999 -9999 -9999 -9999 -9999 -9999 -9999 -9999 -9999 -9999 -9999 -9999 -9999 -9999 -9999 -9999 -9999 -9999 -9999 -9999 -9999 -9999 -9999
7.845 7.84 -9999 -9999 8.4 8.063 7.616 8.172 8.132 6.146 6.535 5.525 -9999 7.348 6.521 7.227 7.321 7.237 7.479 8.061 7.979 7.834 7.694 7.862 8.368 8.644 8.646 8.397 7.944 7.486 7.401 7.584 7.728 7.905 8.147 -9999 -9999 -9999 -9999 -9999 -9999 -9999 -9999 -9999 -9999 -9999 -9999 -9999 -9999 -9999 -9999 -9999 -9999 -9999 -9999 -9999 -9999 -9999 -9999 -9999 -9999 -9999 -9999 -9999 -9999 -9999 -9999 -9999 -9999 -9999 -9999 -9999 -9999 -9999 -9999 -9999 -9999
7.988 8.077 -9999 8.415 7.141 7.166 8.033 -9999 6.662 6.886 5.744 5.739 -9999 7.027 6.292 7.44 8.384 8.249 8.367 8.119 7.75 7.364 6.751 7.28 8.114 8.57 -9999 8.619 8.22 7.981 7.907 7.738 7.361 7.761 -9999 -9999 -9999 -9999 -9999 -9999 -9999 -9999 -9999 -9999 -9999 -9999 -9999 -9999 -9999 -9999 -9999 -9999 -9999 -9999 -9999 -9999 -9999 -9999 -9999 -9999 -9999 -9999 -9999 -9999 -9999 -9999 -9999 -9999 -9999 -9999 -9999 -9999 -9999 -9999 -9999 -9999 -9999
8.395 -9999 -9999 7.806 6.533 7.438 -9999 7.367 7.039 6.837 6.242 6.775 -9999 7.968 7.875 8.245 8.457 8.306 8.105 7.739 6.055 5.997 6.31 6.959 7.996 8.674 8.826 8.932 -9999 -9999 8.451 8.08 -9999 -9999 -9999 -9999 -9999 -9999 8.194 8.153 8.278 -9999 -9999 -9999 -9999 -9999 -9999 -9999 -9999 -9999 -9999 -9999 -9999 -9999 -9999 -9999 -9999 -9999 -9999 -9999 -9999 -9999 -9999 -9999 -9999 -9999 -9999 -9999 -9999 -9999 -9999 -9999 -9999 -9999 -9999 -9999 -9999
-9999 -9999 7.439 7.013 7.784 7.226 -9999 7.341 6.806 7.549 7.564 6.464 -9999 -9999 -9999 8.619 8.125 7.452 7.354 7.111 7.185 7.616 7.637 7.976 8.114 8.141 8.325 8.616 8.667 8.4 8.215 8.361 -9999 -9999 -9999 -9999 -9999 8.145 8.11 8.069 8.345 8.344 -9999 -9999 -9999 -9999 -9999 -9999 -9999 -9999 -9999 -9999 -9999 -9999 -9999 -9999 -9999 -9999 -9999 -9999 -9999 -9999 -9999 -9999 -9999 -9999 -9999 -9999 -9999 -9999 -9999 -9999 -9999 -9999 -9999 -9999 -9999
-9999 -9999 -9999 8.337 7.06 7.51 -9999 7.291 -9999 7.99 6.902 7.856 -9999 8.395 7.965 7.856 -9999 8.023 8.32 8.25 8.449 8.324 8.295 8.083 7.847 7.651 7.833 8.017 7.625 7.634 8.152 8.417 8.513 8.413 8.44 -9999 8.266 8.061 8.026 8.178 7.83 7.449 7.381 8.295 -9999 -9999 -9999 -9999 -9999 -9999 -9999 -9999 -9999 -9999 -9999 -9999 -9999 -9999 -9999 -9999 -9999 -9999 -9999 -9999 -9999 -9999 -9999 -9999 -9999 -9999 -9999 -9999 -9999 -9999 -9999 -9999 -9999
-9999 -9999 -9999 7.378 6.726 7.964 -9999 8.345 -9999 8.082 8.42 -9999 8.129 7.258 6.973 7.862 8.438 8.674 8.641 8.87 8.732 8.405 8.335 7.987 7.427 7.312 7.398 7.404 7.449 7.828 7.995 7.964 7.93 7.815 8.259 8.286 7.829 7.873 7.861 7.667 6.981 6.684 6.568 7.019 7.887 8.006 7.791 -9999 -9999 -9999 -9999 -9999 -9999 -9999 -9999 -9999 -9999 -9999 -9999 -9999 -9999 -9999 -9999 -9999 -9999 -9999 -9999 -9999 -9999 -9999 -9999 -9999 -9999 -9999 -9999 -9999 -9999
-9999 -9999 -9999 7.362 8.055 7.757 7.509 -9999 -9999 8.775 8.654 -9999 8.003 6.57 6.546 7.677 8.184 8.692 8.978 8.888 8.741 8.901 8.666 8.154 7.625 7.066 7.038 7.063 7.287 7.307 7.109 6.909 6.71 7.411 8.102 7.944 7.633 7.489 7.107 6.038 5.897 6.405 6.503 6.955 7.014 7.59 7.806 7.674 -9999 -9999 -9999 -9999 -9999 -9999 -9999 -9999 -9999 -9999 -9999 -9999 -9999 -9999 -9999 -9999 -9999 -9999 -9999 -9999 -9999 -9999 -9999 -9999 -9999 -9999 -9999 -9999 -9999
-9999 -9999 -9999 7.992 8.034 7.247 8.317 -9999 -9999 8.695 8.719 -9999 -9999 6.697 7.056 7.961 7.962 7.917 8.227 8.35 8.504 8.218 8.571 8.492 7.886 7.445 6.967 6.732 6.525 6.585 6.195 6.188 6.829 7.319 7.406 7.298 7.029 6.663 6.079 5.97 5.969 6.416 6.742 7.12 7.702 7.795 7.555 7.599 -9999 -9999 -9999 -9999 -9999 -9999 -9999 -9999 -9999 -9999 -9999 -9999 -9999 -9999 -9999 -9999 -9999 -9999 -9999 -9999 -9999 -9999 -9999 -9999 -9999 -9999 -9999 -9999 -9999
-9999 -9999 -9999 8.347 7.591 7.796 -9999 -9999 -9999 -9999 8.712 -9999 8.171 7.2 8.038 8.279 7.692 7.463 7.388 7.781 7.752 7.823 7.96 8.178 8.158 7.391 6.869 6.752 6.766 6.388 6.157 6.627 6.932 6.821 6.706 6.158 6.263 6.51 6.726 6.633 6.461 6.728 6.988 7.448 7.947 7.932 7.894 7.968 7.688 -9999 -9999 -9999 -9999 -9999 -9999 -9999 -9999 -9999 -9999 -9999 -9999 -9999 -9999 -9999 -9999 -9999 -9999 -9999 -9999 -9999 -9999 -9999 -9999 -9999 -9999 -9999 -9999
-9999 7.628 7.619 7.459 7.841 -9999 -9999 7.3 -9999 -9999 -9999 -9999 8.321 8.057 8.416 8.263 7.944 7.481 7.188 7.104 6.95 6.993 7.406 7.718 7.885 7.876 7.191 7.122 6.973 6.863 7.069 6.989 6.503 6.536 5.568 5.24 5.869 6.418 6.812 7.092 6.989 7.159 7.162 7.564 8.048 8.124 8.161 8.105 8.071 -9999 -9999 -9999 -9999 -9999 -9999 -9999 -9999 -9999 -9999 -9999 -9999 -9999 -9999 -9999 -9999 -9999 -9999 -9999 -9999 -9999 -9999 -9999 -9999 -9999 -9999 -9999 -9999
-9999 -9999 7.205 7.346 8.14 -9999 7.39 6.556 7.307 -9999 -9999 -9999 -9999 8.67 8.645 8.619 8.353 7.975 7.565 7.056 6.933 7.15 7.388 7.515 7.796 7.534 7.642 7.377 7.155 6.942 6.913 6.426 7.069 6.518 6.355 6.204 5.73 6.043 6.927 7.187 7.519 7.582 7.606 7.905 8.115 8.192 8.213 8.017 8.087 7.99 -9999 -9999 -9999 -9999 -9999 -9999 -9999 -9999 -9999 -9999 -9999 -9999 -9999 -9999 -9999 -9999 -9999 -9999 -9999 -9999 -9999 -9999 -9999 -9999 -9999 -9999 -9999
-9999 -9999 7.62 7.415 7.734 -9999 7.866 6.827 7.724 -9999 -9999 -9999 -9999 -9999 8.719 8.732 8.685 8.635 8.208 7.819 7.484 7.079 6.645 6.845 7.244 7.551 7.512 7.231 7.067 7.102 6.805 6.849 7.167 6.911 6.809 6.813 7.184 7.2 7.449 7.52 7.828 7.711 7.94 8.297 8.329 8.358 8.226 8.067 7.699 7.822 7.981 -9999 -9999 -9999 -9999 -9999 -9999 -9999 -9999 -9999 -9999 -9999 -9999 -9999 -9999 -9999 -9999 -9999 -9999 -9999 -9999 -9999 -9999 -9999 -9999 -9999 -9999
-9999 -9999 7.444 6.979 -9999 -9999 8.377 7.533 7.22 8.155 -9999 -9999 -9999 -9999 -9999 8.647 8.468 8.255 8.141 7.418 6.777 6.46 6.159 6.33 6.756 7.17 6.92 7.128 7.051 6.707 6.543 6.88 5.498 6.381 6.217 7.005 6.559 7.108 7.653 7.581 7.854 8.084 8.284 8.126 7.861 7.818 7.959 7.732 7.838 7.177 7.622 7.928 8.07 -9999 -9999 -9999 -9999 -9999 -9999 -9999 -9999 -9999 -9999 -9999 -9999 -9999 -9999 -9999 -9999 -9999 -9999 -9999 -9999 -9999 -9999 -9999 -9999
-9999 -9999 7.1 7.786 -9999 -9999 7.72 6.77 6.99 -9999 -9999 -9999 -9999 -9999 -9999 8.548 8.275 8.139 7.897 7.316 7.038 6.993 6.709 6.647 6.594 6.696 6.778 6.82 5.94 5.311 6.229 5.22 4.753 5.242 6.462 6.373 7.058 7.821 7.415 7.57 7.884 7.868 7.908 7.966 7.768 7.701 7.137 6.833 7.268 7.048 6.938 7.663 8.01 -9999 -9999 -9999 -9999 -9999 -9999 -9999 -9999 -9999 -9999 -9999 -9999 -9999 -9999 -9999 -9999 -9999 -9999 -9999 -9999 -9999 -9999 -9999 -9999
-9999 -9999 7.451 8.327 -9999 -9999 -9999 7.892 7.675 7.848 -9999 -9999 -9999 -9999 -9999 8.592 8.338 8.163 7.968 7.615 7.449 6.849 6.121 5.893 6.423 6.402 6.904 6.672 5.956 5.825 6.31 4.788 5.401 6.163 5.894 6.385 7.443 7.189 7.475 7.464 7.63 7.935 7.76 7.532 7.499 7.058 5.757 5.943 6.331 6.979 6.976 7.332 7.835 -9999 -9999 -9999 -9999 -9999 -9999 -9999 -9999 -9999 -9999 -9999 -9999 -9999 -9999 -9999 -9999 -9999 -9999 -9999 -9999 -9999 -9999 -9999 -9999
-9999 7.024 7.439 8.09 -9999 -9999 -9999 -9999 -9999 -9999 -9999 -9999 -9999 -9999 -9999 8.288 8.021 7.953 7.752 7.493 7.28 6.554 6.176 6.181 6.502 6.671 6.355 6.352 5.567 5.753 5.103 4.754 5.452 6.196 5.922 6.4 6.647 7.163 7.195 7.597 7.575 7.443 7.598 7.25 7.057 5.95 5.715 5.421 6.478 7.275 7.46 7.513 7.725 8.24 -9999 -9999 -9999 -9999 -9999 -9999 -9999 -9999 -9999 -9999 -9999 -9999 -9999 -9999 -9999 -9999 -9999 -9999 -9999 -9999 -9999 -9999 -9999
6.959 6.993 7.068 8.175 -9999 -9999 -9999 -9999 -9999 -9999 -9999 -9999 -9999 8.527 8.339 8.161 7.741 7.239 6.915 7.094 7.118 7.021 6.865 7.3 6.845 6.003 6.125 6.129 6.104 6.463 5.949 5.02 6.408 6.24 6.246 6.415 6.843 7.221 7.633 7.124 7.216 7.417 7.27 6.968 6.207 6.013 5.934 5.953 6.65 7.672 7.874 7.69 7.807 8.078 -9999 -9999 -9999 -9999 -9999 -9999 -9999 -9999 -9999 -9999 -9999 -9999 -9999 -9999 -9999 -9999 -9999 -9999 -9999 -9999 -9999 -9999 -9999
6.977 7.508 8.365 -9999 -9999 -9999 -9999 -9999 -9999 -9999 -9999 -9999 -9999 8.472 8.523 8.162 7.345 6.86 6.936 6.358 6.034 6.178 6.217 6.626 6.78 6.933 6.758 6.269 6.612 7.099 6.71 6.319 5.619 6.151 5.973 6.628 6.987 7.623 7.219 7.054 7.141 7.051 6.607 5.993 5.708 6.16 6.519 6.813 7.302 7.296 7.311 7.587 7.745 8.008 -9999 -9999 -9999 -9999 -9999 -9999 -9999 -9999 -9999 -9999 -9999 -9999 -9999 -9999 -9999 -9999 -9999 -9999 -9999 -9999 -9999 -9999 -9999
-9999 -9999 -9999 -9999 -9999 -9999 -9999 -9999 -9999 -9999 -9999 -9999 -9999 8.472 8.373 7.408 7.153 6.888 6.662 5.822 5.803 5.262 5.74 6.195 6.7 6.954 6.621 5.362 5.995 7.335 7.351 5.993 5.922 6.23 6.337 6.286 7.015 6.563 6.384 6.665 6.267 5.945 5.588 6.398 6.537 6.606 6.688 6.853 7.617 7.771 7.605 7.726 8.033 8.18 -9999 -9999 -9999 -9999 -9999 -9999 -9999 -9999 -9999 -9999 -9999 -9999 -9999 -9999 -9999 -9999 -9999 -9999 -9999 -9999 -9999 -9999 -9999
-9999 -9999 -9999 -9999 -9999 -9999 -9999 -9999 -9999 -9999 -9999 -9999 8.269 7.83 7.116 7.118 6.594 6.757 6.694 6.603 5.621 5.714 5.649 6.069 6.449 7.459 6.996 6.406 6.673 7.259 7.418 6.933 6.706 6.595 6.404 6.397 5.926 6.654 6.892 6.589 6.234 5.142 6.046 5.969 6.458 6.965 6.77 6.867 6.784 7.578 7.987 8.127 8.193 8.27 -9999 -9999 -9999 -9999 -9999 -9999 -9999 -9999 -9999 -9999 -9999 -9999 -9999 -9999 -9999 -9999 -9999 -9999 -9999 -9999 -9999 -9999 -9999
-9999 -9999 -9999 -9999 -9999 -9999 -9999 -9999 -9999 -9999 -9999 -9999 7.772 7.418 7.04 6.103 6.331 6.827 6.812 6.086 6.768 6.297 6.155 6.539 7.059 8.034 7.847 7.263 6.976 7.1 7.859 7.494 7.284 7.146 6.996 6.149 7.087 6.52 6.881 6.819 5.39 6.55 6.112 6.29 6.809 6.759 7.163 6.941 6.541 7.086 7.659 7.859 8.087 8.312 -9999 -9999 -9999 -9999 -9999 -9999 -9999 -9999 -9999 -9999 -9999 -9999 -9999 -9999 -9999 -9999 -9999 -9999 -9999 -9999 -9999 -9999 -9999
-9999 -9999 -9999 -9999 -9999 -9999 -9999 -9999 -9999 -9999 -9999 8.023 7.457 7.564 6.56 6.791 6.434 5.548 6.122 6.749 7.047 6.616 6.857 7.024 7.102 7.533 7.635 7.338 7.364 8.175 8.151 7.749 7.215 7.143 6.363 7.304 6.978 6.516 7.238 6.145 6.02 6.735 6.995 7.223 6.781 6.835 6.938 6.645 6.924 7.285 7.685 7.887 8.046 8.296 8.388 -9999 -9999 -9999 -9999 -9999 -9999 -9999 -9999 -9999 -9999 -9999 -9999 -9999 -9999 -9999 -9999 -9999 -9999 -9999 -9999 -9999 -9999
-9999 -9999 -9999 -9999 -9999 -9999 -9999 -9999 -9999 -9999 7.949 7.703 7.625 7.64 7.476 7.277 6.541 6.561 6.447 6.182 7.482 7.495 7.348 7.063 7.088 7.399 7.759 8.194 8.373 8.046 8.296 7.93 7.464 7.12 7.357 7.631 7.295 7.272 7.466 6.341 6.047 6.417 6.614 6.79 6.889 7.192 7.103 6.788 7.214 7.44 7.66 7.854 8.156 8.315 8.449 -9999 -9999 -9999 -9999 -9999 -9999 -9999 -9999 -9999 -9999 -9999 -9999 -9999 -9999 -9999 -9999 -9999 -9999 -9999 -9999 -9999 -9999
-9999 -9999 -9999 -9999 -9999 -9999 -9999 -9999 -9999 -9999 7.795 6.608 7.443 7.618 7.726 7.897 7.205 5.931 6.123 7.302 7.603 7.885 7.675 7.468 7.29 7.129 8.334 8.745 8.494 8.41 8.0 8.045 7.585 7.694 7.661 7.918 7.675 7.73 7.222 6.895 6.485 6.372 6.599 6.679 7.227 7.549 7.344 7.236 7.203 7.367 7.723 8.099 8.172 8.279 8.402 -9999 -9999 -9999 -9999 -9999 -9999 -9999 -9999 -9999 -9999 -9999 -9999 -9999 -9999 -9999 -9999 -9999 -9999 -9999 -9999 -9999 -9999
-9999 -9999 -9999 -9999 -9999 -9999 -9999 -9999 -9999 7.972 6.788 7.099 7.276 7.472 7.878 8.066 7.173 6.631 7.022 7.147 7.669 7.85 7.996 7.647 7.29 7.999 8.276 8.521 8.774 8.349 8.319 8.128 8.171 8.042 8.1 8.236 8.164 7.688 7.823 7.306 6.558 6.766 6.753 6.908 7.001 7.456 7.573 7.871 7.505 7.512 7.798 8.165 8.364 8.302 8.337 8.579 -9999 -9999 -9999 -9999 -9999 -9999 -9999 -9999 -9999 -9999 -9999 -9999 -9999 -9999 -9999 -9999 -9999 -9999 -9999 -9999 -9999
-9999 -9999 -9999 -9999 -9999 -9999 -9999 -9999 8.173 -9999 7.725 7.266 7.307 7.514 8.015 8.423 8.0 7.861 7.264 6.821 7.481 8.023 8.214 8.183 8.215 8.314 8.342 8.479 8.652 8.397 8.618 8.574 8.528 8.464 8.576 8.637 8.512 8.324 8.025 7.625 7.606 7.304 7.203 7.159 7.444 7.826 8.382 7.719 7.335 7.676 7.965 8.171 8.315 8.428 8.493 8.511 -9999 -9999 -9999 -9999 -9999 -9999 -9999 -9999 -9999 -9999 -9999 -9999 -9999 -9999 -9999 -9999 -9999 -9999 -9999 -9999 -9999
