Validation/Results/raw data/ReClimate_04_2024_1_Temperature-Actuals.asc
NCOLS 192
NROWS 249
XLLCENTER -225160.85627316462
YLLCENTER 29788.11610251502
CELLSIZE 5000.0
NODATA_VALUE -9999
[rows 204 to 237 of 249, columns 76 to 151 of 192]
-9999 -9999 -9999 11.88 -9999 11.876 11.87 11.882 11.692 11.703 11.56 11.623 11.678 11.666 11.75 11.495 11.995 11.872 12.03 12.203 12.401 12.358 12.426 11.919 11.417 10.18 9.564 11.066 10.886 10.972 10.386 10.871 11.844 11.212 9.904 11.459 11.724 11.56 11.55 12.25 12.911 12.868 12.567 12.647 13.006 13.181 13.307 13.308 13.202 12.43 11.919 11.805 12.099 12.292 12.441 12.339 12.005 12.086 12.27 12.458 12.538 12.538 12.458 12.311 12.367 12.502 12.512 12.61 12.657 12.586 12.64 12.641 12.703 12.841 12.785 12.716
-9999 -9999 -9999 -9999 -9999 -9999 -9999 11.745 12.065 11.987 11.912 11.981 12.031 12.077 12.015 12.354 12.232 12.224 12.264 12.233 12.396 12.157 12.099 11.418 10.639 9.768 10.051 9.946 10.284 9.548 9.688 11.304 11.281 11.125 12.102 11.421 11.629 12.049 12.249 12.662 12.541 12.363 11.997 12.474 13.035 13.207 13.356 13.449 12.811 12.0 11.816 11.818 12.186 12.231 12.395 12.3 12.393 12.417 12.606 12.779 12.824 12.715 12.564 12.508 12.57 12.759 12.849 12.723 12.569 12.42 12.478 12.683 12.701 12.812 12.729 12.84
-9999 -9999 -9999 -9999 -9999 -9999 -9999 11.985 12.017 12.039 12.13 11.812 11.67 11.602 12.024 12.289 12.291 12.378 12.027 11.93 12.236 12.404 12.414 11.828 11.626 11.449 11.168 10.822 10.564 9.98 10.386 10.101 10.779 11.431 11.062 10.78 12.248 12.438 12.578 12.252 12.328 11.825 12.113 12.531 13.088 13.196 13.087 12.318 11.872 11.915 12.075 11.971 12.108 12.251 12.361 12.545 12.458 12.727 12.909 13.093 13.106 12.854 12.62 12.523 12.657 12.916 12.98 12.786 12.341 12.383 12.453 12.517 12.7 12.788 12.912 13.039
-9999 -9999 -9999 -9999 -9999 12.131 12.116 12.06 12.144 -9999 12.181 12.05 11.87 12.103 12.225 12.396 -9999 12.438 12.16 12.34 12.035 12.636 11.833 11.932 11.759 11.532 11.471 11.748 11.292 10.969 10.859 10.825 11.093 11.402 10.376 11.396 12.451 12.403 12.697 12.578 12.065 12.144 12.419 12.85 13.063 13.011 12.402 12.302 11.948 12.026 11.98 12.196 12.286 12.358 12.535 12.734 12.8 12.928 12.95 13.222 13.196 13.047 12.852 12.803 12.82 12.915 12.856 12.52 12.329 12.251 12.525 12.602 12.686 12.804 12.866 12.959
-9999 -9999 -9999 -9999 -9999 12.156 -9999 -9999 -9999 12.391 12.272 12.1 -9999 -9999 -9999 -9999 -9999 12.474 12.398 12.147 12.974 12.702 12.533 12.399 12.121 12.267 12.276 10.595 10.596 11.609 11.652 11.612 11.486 10.948 11.013 12.232 12.365 12.749 12.741 12.069 12.278 12.391 12.903 12.987 13.033 12.687 12.395 12.401 12.091 12.223 12.344 12.368 12.477 12.644 12.748 12.88 12.922 12.997 13.004 13.089 13.225 12.945 12.91 12.855 12.823 12.639 12.603 12.49 12.288 12.385 12.701 12.85 12.942 12.9 12.861 12.996
-9999 -9999 -9999 -9999 -9999 -9999 -9999 12.178 12.203 12.143 12.282 12.03 -9999 -9999 -9999 -9999 -9999 -9999 -9999 -9999 13.33 13.192 13.1 13.152 12.762 12.445 10.89 10.351 10.484 10.888 11.404 11.619 11.657 11.72 11.718 12.078 12.762 12.853 11.956 12.162 12.281 13.113 13.088 12.985 12.879 12.312 12.354 12.225 12.245 12.403 12.554 12.61 12.666 12.709 12.795 12.734 12.802 12.93 13.089 13.123 13.141 12.928 12.811 12.624 12.508 12.654 12.46 12.453 12.569 12.748 12.932 13.172 13.17 13.16 13.19 13.439
-9999 -9999 -9999 -9999 -9999 -9999 -9999 -9999 12.119 -9999 -9999 -9999 -9999 -9999 -9999 -9999 -9999 -9999 12.337 12.804 12.96 12.882 13.261 13.329 13.076 12.377 11.585 10.736 10.645 11.236 12.177 12.039 11.657 11.882 12.187 12.921 13.247 12.946 12.561 12.607 13.015 -9999 13.09 12.953 12.649 11.996 12.003 12.233 12.381 12.571 12.627 12.717 12.683 12.692 12.666 12.759 12.776 12.909 13.014 13.078 12.934 12.77 12.557 12.312 12.346 12.439 12.817 12.735 12.769 13.021 13.156 13.27 13.354 13.344 13.497 13.83
-9999 -9999 -9999 -9999 -9999 -9999 -9999 -9999 -9999 -9999 -9999 -9999 -9999 -9999 -9999 -9999 -9999 -9999 12.343 12.649 12.919 12.837 -9999 -9999 -9999 12.962 11.931 12.07 11.836 12.321 12.359 11.865 12.09 12.813 13.04 13.119 13.335 13.175 13.189 13.197 -9999 13.157 12.877 12.909 12.349 11.947 12.259 12.4 12.583 12.609 12.575 12.673 12.713 12.697 12.688 12.565 12.578 12.674 12.686 12.821 12.887 12.627 12.233 12.306 12.422 12.697 13.001 13.145 13.028 13.233 13.482 13.599 13.707 13.739 13.541 13.94
-9999 -9999 -9999 -9999 -9999 -9999 -9999 -9999 -9999 -9999 -9999 -9999 -9999 -9999 -9999 -9999 -9999 -9999 -9999 -9999 -9999 -9999 -9999 -9999 -9999 13.466 12.931 12.309 12.446 12.777 12.822 12.721 13.053 13.278 13.252 13.169 13.18 13.247 -9999 -9999 13.419 13.141 13.04 12.903 12.357 12.157 12.347 12.464 12.669 12.812 12.615 12.646 12.683 12.448 12.253 12.202 12.145 12.03 12.233 12.356 12.547 12.613 12.46 12.442 12.762 12.78 13.027 13.336 13.322 13.4 13.551 13.783 13.929 14.028 14.23 14.11
-9999 -9999 -9999 -9999 -9999 -9999 -9999 -9999 -9999 -9999 -9999 -9999 -9999 -9999 -9999 -9999 -9999 -9999 -9999 -9999 -9999 -9999 -9999 -9999 -9999 13.169 12.945 12.729 12.755 12.784 12.925 13.215 13.392 13.428 13.348 -9999 -9999 -9999 -9999 -9999 13.458 13.183 13.176 12.953 12.456 12.23 12.336 12.371 12.673 12.884 12.675 12.358 12.381 12.102 11.951 11.911 12.048 12.046 12.002 12.263 12.325 12.725 12.967 12.888 13.147 13.158 13.21 13.392 13.486 13.696 13.92 13.921 13.906 14.072 14.313 14.49
-9999 -9999 -9999 -9999 -9999 -9999 -9999 -9999 -9999 -9999 -9999 -9999 -9999 -9999 -9999 -9999 -9999 -9999 -9999 -9999 -9999 -9999 -9999 -9999 -9999 -9999 -9999 12.806 12.497 12.665 12.949 13.009 13.219 13.353 -9999 -9999 -9999 -9999 13.013 12.918 12.871 13.313 13.294 13.009 12.341 12.227 12.18 12.248 12.549 12.729 12.413 12.029 11.897 12.011 11.934 12.044 12.066 12.348 12.365 12.391 12.62 12.771 13.159 13.41 13.339 13.302 13.284 13.3 13.281 13.566 13.925 14.03 14.015 13.987 14.14 14.236
-9999 -9999 -9999 -9999 -9999 -9999 -9999 -9999 -9999 -9999 -9999 -9999 -9999 -9999 -9999 -9999 -9999 -9999 -9999 -9999 -9999 -9999 -9999 -9999 -9999 -9999 -9999 -9999 12.778 12.793 12.833 12.878 13.147 -9999 -9999 -9999 -9999 13.084 13.037 12.771 12.773 12.941 13.112 12.999 12.651 12.666 12.302 12.317 12.454 12.288 12.186 12.095 11.84 11.966 12.11 12.28 12.405 12.541 12.679 12.648 12.659 12.865 13.139 13.25 13.193 13.045 13.162 13.24 13.209 13.318 13.675 13.878 13.953 14.037 14.015 13.991
-9999 -9999 -9999 -9999 -9999 -9999 -9999 -9999 -9999 -9999 -9999 -9999 -9999 -9999 -9999 -9999 -9999 -9999 -9999 -9999 -9999 -9999 -9999 -9999 -9999 -9999 -9999 -9999 -9999 -9999 -9999 -9999 -9999 -9999 -9999 -9999 13.116 13.261 13.254 12.896 12.669 12.985 12.981 12.715 12.808 12.687 12.703 12.879 12.609 12.327 12.219 12.242 12.234 12.066 12.141 12.271 12.147 12.36 12.472 12.552 12.6 12.678 12.949 13.071 12.974 12.862 12.891 13.106 13.226 13.308 13.458 13.634 13.652 13.732 13.678 13.607
-9999 -9999 -9999 -9999 -9999 -9999 -9999 -9999 -9999 -9999 -9999 -9999 -9999 -9999 -9999 -9999 -9999 -9999 -9999 -9999 -9999 -9999 -9999 -9999 -9999 -9999 -9999 -9999 -9999 -9999 -9999 -9999 -9999 -9999 -9999 13.451 13.351 13.131 12.857 11.866 12.432 12.906 12.739 12.665 12.647 12.739 13.132 13.05 12.756 12.414 12.335 12.554 12.359 12.151 11.895 12.047 12.167 11.847 12.122 12.306 12.521 12.713 12.883 13.021 13.007 13.0 13.097 13.024 13.074 13.258 13.371 13.372 13.296 13.069 13.201 13.178
-9999 -9999 -9999 -9999 -9999 -9999 -9999 -9999 -9999 -9999 -9999 -9999 -9999 -9999 -9999 -9999 -9999 -9999 -9999 -9999 -9999 -9999 -9999 -9999 -9999 -9999 -9999 -9999 -9999 -9999 -9999 -9999 -9999 -9999 -9999 13.379 13.271 13.333 12.746 12.242 11.996 12.259 12.492 12.596 12.474 12.907 13.022 12.845 12.244 11.896 11.99 12.378 12.504 12.325 12.255 12.08 12.176 12.256 12.19 12.347 12.478 12.692 12.927 13.072 13.118 13.073 13.128 13.1 12.982 13.075 13.123 12.816 12.739 12.681 12.73 12.988
-9999 -9999 -9999 -9999 -9999 -9999 -9999 -9999 -9999 -9999 -9999 -9999 -9999 -9999 -9999 -9999 -9999 -9999 -9999 -9999 -9999 -9999 11.061 10.873 10.638 10.975 -9999 11.445 -9999 -9999 -9999 -9999 -9999 -9999 -9999 -9999 13.314 13.322 13.061 12.687 12.461 12.213 12.231 12.31 12.603 12.709 12.699 12.23 11.876 12.04 12.131 12.388 12.442 12.418 12.553 12.657 12.667 12.554 12.601 12.504 12.411 12.347 12.605 12.894 12.943 12.898 12.957 12.923 12.871 13.0 12.946 12.635 12.521 12.775 12.79 12.921
-9999 -9999 -9999 -9999 -9999 -9999 -9999 -9999 -9999 -9999 -9999 -9999 -9999 -9999 -9999 -9999 -9999 -9999 -9999 11.906 11.73 11.421 10.92 10.356 10.307 10.579 10.651 11.23 12.243 12.855 -9999 -9999 12.313 12.791 13.037 13.247 13.294 13.283 13.293 13.14 12.92 12.606 12.278 12.357 12.532 12.493 12.031 12.17 12.307 12.164 12.389 12.608 12.7 12.618 12.669 12.801 12.818 12.91 12.831 12.678 12.502 12.49 12.387 12.474 12.748 12.865 12.963 13.11 12.902 12.981 12.519 12.399 12.513 12.777 12.969 12.985
-9999 -9999 -9999 -9999 -9999 -9999 -9999 -9999 -9999 -9999 -9999 -9999 -9999 -9999 -9999 -9999 -9999 -9999 11.807 11.875 12.211 12.02 11.336 10.531 10.399 10.603 10.722 11.077 11.65 12.216 12.329 12.221 12.257 12.343 12.959 13.144 13.268 13.162 13.026 13.194 13.002 12.48 12.387 12.447 12.359 11.835 12.207 12.071 12.157 12.328 12.52 12.772 12.794 12.59 12.703 12.788 12.865 12.832 12.899 12.783 12.626 12.414 12.267 12.503 12.769 12.975 12.717 12.852 13.07 12.955 12.979 12.572 12.708 12.815 12.922 12.903
-9999 -9999 -9999 -9999 -9999 -9999 -9999 -9999 -9999 -9999 -9999 -9999 -9999 -9999 -9999 -9999 -9999 -9999 11.771 12.48 12.959 12.583 11.655 11.289 11.051 10.679 10.868 11.3 11.9 11.673 11.478 11.928 12.256 12.483 12.435 12.973 13.222 13.1 13.138 12.926 12.73 12.742 12.643 12.525 12.207 12.233 12.212 12.032 12.256 12.341 12.525 12.692 12.714 12.539 12.485 12.879 12.956 12.932 13.013 13.024 12.909 12.708 12.367 12.303 12.829 13.094 12.999 12.729 12.916 13.062 13.079 13.095 13.028 12.751 12.696 12.738
-9999 -9999 -9999 -9999 -9999 -9999 -9999 -9999 -9999 -9999 -9999 -9999 -9999 -9999 -9999 -9999 -9999 -9999 12.127 12.967 12.823 12.624 12.122 12.173 11.812 11.727 11.628 11.781 11.94 11.486 11.648 12.349 12.62 12.674 12.858 13.124 13.224 13.167 12.936 12.73 12.854 12.793 12.604 12.442 12.512 12.464 12.42 12.349 12.363 12.208 12.294 12.612 12.868 12.829 12.833 12.956 12.931 12.99 13.177 12.954 12.837 12.863 12.476 12.1 12.623 13.163 13.176 13.043 13.014 13.035 13.077 13.036 12.948 12.826 12.787 12.915
-9999 -9999 -9999 -9999 -9999 -9999 -9999 -9999 -9999 -9999 -9999 -9999 -9999 -9999 11.892 11.544 -9999 11.86 12.571 12.462 12.318 12.363 12.529 12.436 12.345 11.94 11.687 11.816 12.05 12.052 12.272 12.583 12.869 12.907 12.87 12.897 13.0 13.119 12.972 12.92 12.881 12.74 12.388 12.632 12.635 12.52 12.266 12.13 12.228 12.051 12.146 12.489 12.86 12.934 12.977 13.034 13.209 13.149 13.235 13.139 12.73 12.871 12.739 12.602 12.662 13.145 13.275 13.124 13.003 12.98 13.015 13.104 13.141 13.074 12.903 12.923
-9999 -9999 -9999 -9999 -9999 -9999 -9999 -9999 -9999 -9999 -9999 -9999 -9999 -9999 11.799 11.606 11.789 11.992 12.228 12.187 12.329 11.981 11.972 12.189 11.831 11.805 11.769 11.872 12.176 12.114 12.229 12.493 12.195 11.99 12.272 12.635 12.976 13.094 12.936 12.791 12.661 12.556 12.466 12.692 12.559 12.657 12.574 12.368 12.22 12.312 12.38 12.654 12.8 12.891 12.978 13.288 13.378 13.462 13.525 13.391 13.068 12.94 12.796 12.556 12.603 12.467 12.853 13.107 13.097 13.148 13.126 13.145 13.251 13.261 13.017 12.833
-9999 -9999 -9999 -9999 -9999 -9999 -9999 -9999 -9999 -9999 -9999 -9999 -9999 12.01 11.718 11.835 11.859 11.906 12.093 12.203 12.106 11.94 12.118 12.2 11.956 11.948 11.867 12.134 12.356 12.607 12.683 12.289 11.683 11.821 11.973 12.222 12.795 12.862 12.827 12.808 12.666 12.601 12.563 12.622 12.714 12.876 12.812 12.474 12.653 12.653 12.737 12.794 12.865 12.866 12.871 13.281 13.718 13.89 13.708 13.663 13.408 13.294 13.157 12.925 12.832 12.643 12.544 12.739 12.5 12.968 12.779 12.778 13.197 13.365 12.761 12.428
-9999 -9999 -9999 -9999 -9999 -9999 -9999 -9999 -9999 -9999 -9999 -9999 -9999 -9999 12.071 11.971 11.956 12.117 12.238 12.334 12.33 12.303 12.31 12.285 12.184 12.108 12.361 12.536 12.743 12.649 12.721 12.088 11.76 11.839 11.712 12.152 12.544 12.512 12.603 12.682 12.605 12.449 12.529 12.58 12.637 12.653 12.53 12.876 12.75 12.831 12.891 12.937 12.924 12.899 13.026 13.227 13.625 13.847 -9999 13.589 13.578 13.372 13.397 13.377 13.345 13.266 13.139 13.164 12.982 12.87 13.001 12.736 12.856 13.075 13.041 12.572
-9999 -9999 -9999 -9999 -9999 -9999 -9999 -9999 -9999 -9999 -9999 -9999 -9999 12.096 12.269 12.039 12.007 12.086 12.1 12.297 12.421 12.344 12.221 12.059 12.191 12.46 12.624 12.648 12.649 12.707 12.511 12.333 12.347 12.209 11.987 12.535 12.669 12.112 12.345 12.346 11.809 11.999 11.977 12.019 12.246 12.326 12.558 12.803 12.997 13.016 13.069 13.015 12.996 12.951 13.029 13.18 13.302 13.536 13.675 -9999 13.711 -9999 13.662 -9999 13.502 -9999 13.429 13.424 13.329 13.13 13.089 13.103 13.232 -9999 -9999 -9999
-9999 -9999 -9999 -9999 -9999 -9999 -9999 -9999 -9999 -9999 -9999 -9999 -9999 12.245 12.052 11.83 11.917 11.949 11.906 11.869 12.118 11.925 11.805 11.908 12.255 12.555 12.661 12.756 12.77 12.703 12.642 12.487 12.405 12.135 12.409 12.757 12.003 12.079 12.615 12.255 12.074 12.014 11.879 12.153 12.478 12.519 12.753 12.931 12.97 13.198 13.178 13.044 13.002 12.949 12.948 13.132 13.229 13.418 13.589 -9999 -9999 13.825 13.781 -9999 -9999 13.369 13.37 13.363 -9999 -9999 -9999 -9999 -9999 -9999 -9999 -9999
-9999 -9999 -9999 -9999 -9999 -9999 -9999 -9999 -9999 -9999 -9999 -9999 11.884 11.959 11.905 11.858 12.122 12.125 11.926 11.982 11.796 11.249 11.247 11.631 11.968 12.188 12.364 12.676 12.722 12.495 12.599 12.409 11.986 11.936 12.261 12.115 12.019 12.718 12.678 12.373 12.095 11.927 12.395 12.757 12.685 12.796 12.857 13.019 13.295 13.443 13.124 13.17 13.083 13.076 12.981 13.067 -9999 -9999 -9999 13.569 -9999 -9999 -9999 -9999 -9999 -9999 13.203 -9999 -9999 -9999 -9999 -9999 -9999 -9999 -9999 -9999
-9999 -9999 -9999 -9999 -9999 -9999 -9999 -9999 -9999 -9999 -9999 12.01 11.497 11.53 11.823 12.336 12.47 12.408 12.297 12.077 11.222 10.344 10.56 11.541 11.702 11.668 12.402 12.379 12.674 12.728 12.443 12.558 12.59 12.626 -9999 -9999 -9999 -9999 -9999 12.738 12.371 12.236 12.532 12.778 12.862 12.81 12.956 13.117 13.354 -9999 13.022 -9999 -9999 -9999 -9999 -9999 12.943 13.039 13.156 13.167 13.196 13.395 -9999 -9999 -9999 -9999 -9999 -9999 -9999 -9999 -9999 -9999 -9999 -9999 -9999 -9999
-9999 -9999 -9999 -9999 -9999 -9999 -9999 -9999 -9999 -9999 12.634 11.63 11.162 11.34 11.844 12.166 12.437 12.622 12.208 11.68 10.6 9.981 10.328 10.906 11.287 12.097 11.988 12.616 12.737 12.657 12.816 -9999 -9999 -9999 -9999 -9999 -9999 -9999 -9999 -9999 -9999 12.83 12.934 13.093 12.756 12.479 12.461 12.821 12.606 12.856 -9999 -9999 -9999 -9999 -9999 -9999 -9999 12.97 12.842 13.074 13.031 -9999 -9999 -9999 -9999 -9999 -9999 -9999 -9999 -9999 -9999 -9999 -9999 -9999 -9999 -9999
-9999 -9999 -9999 -9999 -9999 -9999 -9999 -9999 12.706 12.855 12.366 11.742 11.288 11.074 11.239 11.881 12.532 12.358 12.016 11.502 10.751 10.171 10.629 11.046 11.629 11.859 12.884 12.432 12.356 -9999 -9999 -9999 -9999 -9999 -9999 -9999 -9999 -9999 -9999 -9999 -9999 -9999 13.129 -9999 -9999 -9999 -9999 -9999 12.775 12.465 -9999 -9999 -9999 -9999 -9999 -9999 -9999 -9999 -9999 12.656 12.626 -9999 -9999 -9999 -9999 -9999 -9999 -9999 -9999 -9999 -9999 -9999 -9999 -9999 -9999 -9999
-9999 -9999 -9999 -9999 -9999 -9999 -9999 12.656 -9999 12.609 12.513 11.977 11.412 11.119 11.206 11.832 12.101 12.032 12.448 12.197 11.245 10.821 11.01 11.66 11.947 12.405 12.785 12.836 13.044 -9999 -9999 -9999 -9999 -9999 -9999 -9999 -9999 -9999 -9999 -9999 -9999 -9999 -9999 13.062 -9999 -9999 -9999 -9999 -9999 -9999 -9999 -9999 -9999 -9999 -9999 -9999 -9999 -9999 -9999 -9999 -9999 -9999 -9999 -9999 -9999 -9999 -9999 -9999 -9999 -9999 -9999 -9999 -9999 -9999 -9999 -9999
-9999 -9999 -9999 -9999 -9999 -9999 12.735 12.674 12.195 12.54 12.597 12.162 11.92 11.658 11.686 12.002 11.937 12.216 -9999 12.478 11.699 11.085 10.621 11.13 12.094 12.367 12.893 13.105 -9999 -9999 -9999 -9999 -9999 -9999 -9999 -9999 -9999 -9999 -9999 -9999 -9999 -9999 -9999 -9999 -9999 -9999 -9999 -9999 -9999 -9999 -9999 -9999 -9999 -9999 -9999 -9999 -9999 -9999 -9999 -9999 -9999 -9999 -9999 -9999 -9999 -9999 -9999 -9999 -9999 -9999 -9999 -9999 -9999 -9999 -9999 -9999
-9999 -9999 -9999 -9999 -9999 -9999 12.753 12.446 12.251 12.187 12.234 12.16 12.111 11.916 12.164 12.331 12.322 12.856 12.875 12.755 12.197 11.142 10.783 11.508 11.797 12.314 12.69 12.826 -9999 -9999 -9999 -9999 -9999 -9999 -9999 -9999 -9999 -9999 -9999 -9999 -9999 -9999 -9999 -9999 -9999 -9999 -9999 -9999 -9999 -9999 -9999 -9999 -9999 -9999 -9999 -9999 -9999 -9999 -9999 -9999 -9999 -9999 -9999 -9999 -9999 -9999 -9999 -9999 -9999 -9999 -9999 -9999 -9999 -9999 -9999 -9999
-9999 -9999 -9999 -9999 -9999 12.704 12.755 12.307 11.844 11.771 11.968 12.082 12.164 12.203 12.348 12.107 12.518 12.849 12.957 12.764 12.493 11.964 11.771 11.935 12.211 12.355 12.553 -9999 -9999 -9999 -9999 -9999 -9999 -9999 -9999 -9999 -9999 -9999 -9999 -9999 -9999 -9999 -9999 -9999 -9999 -9999 -9999 -9999 -9999 -9999 -9999 -9999 -9999 -9999 -9999 -9999 -9999 -9999 -9999 -9999 -9999 -9999 -9999 -9999 -9999 -9999 -9999 -9999 -9999 -9999 -9999 -9999 -9999 -9999 -9999 -9999
