Validation/Results/raw data/ReClimate_05_2024_1_Temperature-Actualsweatherlogisticsltd.asc
NCOLS 192
NROWS 249
XLLCENTER -225160.85627316462
YLLCENTER 29788.11610251502
CELLSIZE 5000.0
NODATA_VALUE -9999
[rows 102 to 135 of 249, columns 75 to 149 of 192]
10.208 9.09 9.704 9.649 11.6 12.31 -9999 -9999 11.298 -9999 -9999 12.196 9.625 9.38 11.132 10.088 7.75 9.572 8.563 8.673 8.987 9.528 11.388 10.533 9.533 8.543 9.186 10.271 9.557 9.835 11.096 11.973 12.431 12.317 11.747 10.826 11.627 11.943 12.186 12.459 12.238 12.08 -9999 -9999 -9999 -9999 -9999 -9999 -9999 -9999 -9999 -9999 -9999 -9999 -9999 -9999 -9999 -9999 -9999 -9999 -9999 -9999 -9999 -9999 -9999 -9999 -9999 -9999 -9999 -9999 -9999 -9999 -9999 -9999 -9999
10.959 10.842 10.021 11.327 -9999 -9999 -9999 12.013 10.991 11.709 11.519 11.421 10.394 12.288 11.786 9.94 9.779 10.209 10.333 10.338 10.313 10.504 9.603 10.451 9.534 9.817 9.598 9.221 9.923 10.785 11.698 12.31 12.449 12.153 11.373 11.898 12.404 -9999 -9999 12.591 -9999 -9999 -9999 -9999 -9999 -9999 -9999 -9999 -9999 -9999 -9999 -9999 -9999 -9999 -9999 -9999 -9999 -9999 -9999 -9999 -9999 -9999 -9999 -9999 -9999 -9999 -9999 -9999 -9999 -9999 -9999 -9999 -9999 -9999 -9999
11.665 10.626 -9999 11.186 -9999 -9999 -9999 11.825 11.125 11.151 11.228 11.766 12.364 11.431 10.104 9.779 10.282 10.695 10.24 9.77 10.361 9.854 11.348 10.453 10.199 11.006 11.438 11.676 11.563 12.072 12.385 12.42 12.599 12.555 12.296 12.553 -9999 12.241 12.356 12.235 12.155 -9999 -9999 -9999 -9999 -9999 -9999 -9999 -9999 -9999 -9999 -9999 -9999 -9999 -9999 -9999 -9999 -9999 -9999 -9999 -9999 -9999 -9999 -9999 -9999 -9999 -9999 -9999 -9999 -9999 -9999 -9999 -9999 -9999 -9999
12.065 -9999 -9999 -9999 -9999 12.145 11.823 11.067 11.273 10.92 11.443 11.2 10.208 9.615 9.513 10.593 10.41 11.001 9.576 10.804 9.254 11.028 9.948 9.026 11.011 11.716 11.454 11.756 12.326 12.401 12.631 12.76 12.843 12.851 -9999 12.408 12.203 12.267 12.141 12.352 12.078 -9999 -9999 -9999 -9999 -9999 -9999 -9999 -9999 -9999 -9999 -9999 -9999 -9999 -9999 -9999 -9999 -9999 -9999 -9999 -9999 -9999 -9999 -9999 -9999 -9999 -9999 -9999 -9999 -9999 -9999 -9999 -9999 -9999 -9999
-9999 -9999 -9999 -9999 -9999 11.951 12.368 11.942 11.049 11.284 11.681 10.39 11.23 11.079 10.569 9.619 11.039 11.089 10.207 9.512 10.378 10.493 9.238 10.333 10.278 9.936 10.956 11.505 11.642 11.919 12.156 11.968 11.905 11.699 11.765 12.182 12.448 12.22 11.982 12.107 11.916 11.853 -9999 -9999 -9999 -9999 -9999 -9999 -9999 -9999 -9999 -9999 -9999 -9999 -9999 -9999 -9999 -9999 -9999 -9999 -9999 -9999 -9999 -9999 -9999 -9999 -9999 -9999 -9999 -9999 -9999 -9999 -9999 -9999 -9999
-9999 -9999 -9999 -9999 11.821 -9999 -9999 11.728 11.112 11.895 10.78 11.223 -9999 -9999 10.035 9.727 10.526 11.063 10.153 10.487 10.854 10.503 10.818 11.625 10.966 11.22 11.545 11.78 11.195 10.654 10.311 10.674 10.901 11.41 11.743 11.884 12.436 11.834 11.785 11.585 11.64 11.691 11.797 -9999 -9999 -9999 -9999 -9999 -9999 -9999 -9999 -9999 -9999 -9999 -9999 -9999 -9999 -9999 -9999 -9999 -9999 -9999 -9999 -9999 -9999 -9999 -9999 -9999 -9999 -9999 -9999 -9999 -9999 -9999 -9999
-9999 -9999 -9999 -9999 11.865 -9999 12.087 11.608 11.914 10.707 10.77 12.241 12.37 10.529 9.736 10.644 12.572 10.547 9.296 11.488 11.605 11.197 11.778 12.043 12.158 12.364 12.145 10.848 9.693 9.773 10.494 10.994 11.628 11.862 11.693 11.902 11.973 11.907 12.12 12.22 12.159 12.129 -9999 -9999 -9999 -9999 -9999 -9999 -9999 -9999 -9999 -9999 -9999 -9999 -9999 -9999 -9999 -9999 -9999 -9999 -9999 -9999 -9999 -9999 -9999 -9999 -9999 -9999 -9999 -9999 -9999 -9999 -9999 -9999 -9999
-9999 -9999 -9999 -9999 11.91 -9999 11.998 12.332 11.658 11.398 12.09 -9999 10.654 10.971 -9999 10.828 10.875 10.602 11.605 10.457 11.845 12.302 12.682 12.763 12.98 13.02 12.387 11.234 11.768 12.077 12.087 11.838 11.656 11.905 11.834 12.109 12.125 12.191 -9999 -9999 -9999 -9999 -9999 -9999 -9999 -9999 -9999 -9999 -9999 -9999 -9999 -9999 -9999 -9999 -9999 -9999 -9999 -9999 -9999 -9999 -9999 -9999 -9999 -9999 -9999 -9999 -9999 -9999 -9999 -9999 -9999 -9999 -9999 -9999 -9999
-9999 -9999 11.578 11.611 -9999 -9999 12.449 12.215 11.745 12.219 12.186 10.297 10.821 9.849 -9999 11.527 10.699 11.443 11.56 11.498 11.804 12.407 12.304 12.141 12.04 12.261 12.719 12.99 12.992 12.745 12.258 11.763 11.671 11.831 11.919 12.024 12.159 -9999 -9999 -9999 -9999 -9999 -9999 -9999 -9999 -9999 -9999 -9999 -9999 -9999 -9999 -9999 -9999 -9999 -9999 -9999 -9999 -9999 -9999 -9999 -9999 -9999 -9999 -9999 -9999 -9999 -9999 -9999 -9999 -9999 -9999 -9999 -9999 -9999 -9999
-9999 12.011 11.74 11.898 -9999 12.379 11.187 11.282 12.14 -9999 10.747 11.144 10.106 10.07 -9999 11.195 10.475 11.692 12.741 12.615 12.682 12.408 12.03 11.643 11.042 11.606 12.476 12.932 -9999 12.908 12.471 12.23 12.122 11.899 11.466 11.768 -9999 -9999 -9999 -9999 -9999 -9999 -9999 -9999 -9999 -9999 -9999 -9999 -9999 -9999 -9999 -9999 -9999 -9999 -9999 -9999 -9999 -9999 -9999 -9999 -9999 -9999 -9999 -9999 -9999 -9999 -9999 -9999 -9999 -9999 -9999 -9999 -9999 -9999 -9999
-9999 12.174 12.21 -9999 -9999 11.778 10.549 11.476 -9999 11.446 11.22 11.17 10.605 11.071 -9999 12.159 12.09 12.546 12.817 12.659 12.407 12.015 10.315 10.253 10.589 11.296 12.357 12.998 13.108 13.192 -9999 -9999 12.62 12.188 -9999 -9999 -9999 -9999 -9999 -9999 12.115 12.069 12.221 -9999 -9999 -9999 -9999 -9999 -9999 -9999 -9999 -9999 -9999 -9999 -9999 -9999 -9999 -9999 -9999 -9999 -9999 -9999 -9999 -9999 -9999 -9999 -9999 -9999 -9999 -9999 -9999 -9999 -9999 -9999 -9999
12.039 11.532 -9999 -9999 11.345 10.97 11.77 11.235 -9999 11.421 11.013 11.853 11.849 10.696 -9999 -9999 -9999 12.892 12.426 11.751 11.662 11.438 11.487 11.867 11.952 12.408 12.551 12.478 12.611 12.854 12.888 12.594 12.374 12.516 -9999 -9999 -9999 -9999 -9999 12.115 12.048 12.058 12.385 12.398 -9999 -9999 -9999 -9999 -9999 -9999 -9999 -9999 -9999 -9999 -9999 -9999 -9999 -9999 -9999 -9999 -9999 -9999 -9999 -9999 -9999 -9999 -9999 -9999 -9999 -9999 -9999 -9999 -9999 -9999 -9999
11.282 11.703 -9999 -9999 -9999 12.314 11.062 11.504 -9999 11.361 -9999 12.22 11.113 12.061 -9999 12.589 12.169 12.096 -9999 12.294 12.603 12.543 12.705 12.564 12.619 12.526 12.281 11.963 12.108 12.272 11.847 11.819 12.32 12.591 12.664 12.501 12.489 -9999 12.243 12.048 12.045 12.255 11.979 11.575 11.478 12.336 -9999 -9999 -9999 -9999 -9999 -9999 -9999 -9999 -9999 -9999 -9999 -9999 -9999 -9999 -9999 -9999 -9999 -9999 -9999 -9999 -9999 -9999 -9999 -9999 -9999 -9999 -9999 -9999 -9999
11.665 -9999 -9999 -9999 -9999 11.336 10.736 11.972 -9999 12.359 -9999 12.233 12.578 -9999 12.35 11.491 11.226 12.125 12.687 12.912 12.891 13.132 12.968 12.648 12.594 12.275 11.69 11.538 11.655 11.702 11.727 12.011 12.221 12.202 12.139 11.97 12.392 12.356 11.89 11.948 11.981 11.852 11.191 10.894 10.744 11.123 11.968 12.062 11.867 -9999 -9999 -9999 -9999 -9999 -9999 -9999 -9999 -9999 -9999 -9999 -9999 -9999 -9999 -9999 -9999 -9999 -9999 -9999 -9999 -9999 -9999 -9999 -9999 -9999 -9999
12.651 -9999 -9999 -9999 -9999 11.316 12.085 11.759 11.449 -9999 -9999 12.83 12.734 -9999 12.204 10.96 10.874 11.957 12.42 12.913 13.226 13.142 13.016 13.116 12.874 12.37 11.849 11.279 11.285 11.378 11.584 11.588 11.372 11.162 10.888 11.502 12.166 12.031 11.747 11.628 11.28 10.247 10.12 10.627 10.688 11.112 11.184 11.745 11.898 11.662 -9999 -9999 -9999 -9999 -9999 -9999 -9999 -9999 -9999 -9999 -9999 -9999 -9999 -9999 -9999 -9999 -9999 -9999 -9999 -9999 -9999 -9999 -9999 -9999 -9999
-9999 -9999 -9999 -9999 -9999 11.99 12.088 11.244 12.262 -9999 -9999 12.659 12.695 -9999 -9999 11.099 11.374 12.221 12.204 12.18 12.49 12.62 12.738 12.477 12.859 12.811 12.151 11.675 11.216 11.032 10.827 10.833 10.405 10.342 10.944 11.433 11.504 11.419 11.184 10.857 10.297 10.178 10.177 10.613 10.92 11.311 11.919 12.015 11.717 11.604 -9999 -9999 -9999 -9999 -9999 -9999 -9999 -9999 -9999 -9999 -9999 -9999 -9999 -9999 -9999 -9999 -9999 -9999 -9999 -9999 -9999 -9999 -9999 -9999 -9999
-9999 -9999 -9999 -9999 -9999 12.411 11.663 11.85 -9999 -9999 -9999 -9999 12.626 -9999 12.364 11.42 12.235 12.497 11.945 11.73 11.637 12.002 11.989 12.073 12.236 12.466 12.398 11.593 11.073 10.982 10.974 10.548 10.27 10.71 11.039 10.935 10.822 10.29 10.433 10.726 10.964 10.854 10.657 10.919 11.185 11.667 12.158 12.127 12.035 11.981 11.614 -9999 -9999 -9999 -9999 -9999 -9999 -9999 -9999 -9999 -9999 -9999 -9999 -9999 -9999 -9999 -9999 -9999 -9999 -9999 -9999 -9999 -9999 -9999 -9999
-9999 -9999 -9999 11.633 11.678 11.567 11.988 -9999 -9999 11.357 -9999 -9999 -9999 -9999 12.39 12.18 12.571 12.493 12.213 11.733 11.409 11.295 11.13 11.173 11.619 11.923 12.061 12.007 11.324 11.268 11.095 10.959 11.141 11.053 10.598 10.641 9.686 9.359 10.024 10.638 11.061 11.332 11.204 11.385 11.396 11.757 12.142 12.268 12.302 12.167 11.949 -9999 -9999 -9999 -9999 -9999 -9999 -9999 -9999 -9999 -9999 -9999 -9999 -9999 -9999 -9999 -9999 -9999 -9999 -9999 -9999 -9999 -9999 -9999 -9999
-9999 -9999 -9999 -9999 11.321 11.517 12.358 -9999 11.564 10.691 11.392 -9999 -9999 -9999 -9999 12.696 12.759 12.815 12.585 12.196 11.761 11.201 11.025 11.228 11.497 11.634 11.882 11.601 11.73 11.441 11.205 10.98 10.95 10.472 11.144 10.629 10.488 10.332 9.886 10.244 11.15 11.402 11.742 11.802 11.802 11.974 12.184 12.318 12.376 12.115 11.996 11.893 -9999 -9999 -9999 -9999 -9999 -9999 -9999 -9999 -9999 -9999 -9999 -9999 -9999 -9999 -9999 -9999 -9999 -9999 -9999 -9999 -9999 -9999 -9999
-9999 -9999 -9999 -9999 11.785 11.632 11.955 -9999 12.063 11.052 11.879 -9999 -9999 -9999 -9999 -9999 12.766 12.864 12.84 12.736 12.399 11.981 11.605 11.153 10.724 10.942 11.309 11.587 11.489 11.203 11.066 11.095 10.809 10.897 11.257 11.035 10.964 10.983 11.374 11.4 11.661 11.734 12.046 11.907 12.124 12.533 12.557 12.543 12.454 12.279 11.85 11.86 11.954 -9999 -9999 -9999 -9999 -9999 -9999 -9999 -9999 -9999 -9999 -9999 -9999 -9999 -9999 -9999 -9999 -9999 -9999 -9999 -9999 -9999 -9999
-9999 -9999 -9999 -9999 11.633 11.185 -9999 -9999 12.588 11.796 11.405 12.236 -9999 -9999 -9999 -9999 -9999 12.738 12.596 12.46 12.343 11.593 10.902 10.537 10.236 10.407 10.801 11.16 10.877 11.112 11.064 10.69 10.541 10.928 9.562 10.474 10.35 11.169 10.749 11.311 11.847 11.776 12.037 12.273 12.535 12.441 12.139 12.049 12.239 12.079 12.234 11.593 11.915 12.014 12.069 -9999 -9999 -9999 -9999 -9999 -9999 -9999 -9999 -9999 -9999 -9999 -9999 -9999 -9999 -9999 -9999 -9999 -9999 -9999 -9999
-9999 -9999 -9999 -9999 11.299 11.969 -9999 -9999 11.914 11.003 11.165 -9999 -9999 -9999 -9999 -9999 -9999 12.65 12.502 12.375 12.108 11.497 11.18 11.089 10.803 10.726 10.625 10.659 10.753 10.869 9.999 9.342 10.247 9.227 8.768 9.28 10.552 10.539 11.27 12.037 11.626 11.756 12.071 12.072 12.17 12.253 12.049 11.99 11.445 11.25 11.862 11.695 11.526 12.025 12.169 -9999 -9999 -9999 -9999 -9999 -9999 -9999 -9999 -9999 -9999 -9999 -9999 -9999 -9999 -9999 -9999 -9999 -9999 -9999 -9999
-9999 -9999 -9999 -9999 11.647 12.543 -9999 -9999 -9999 12.042 11.791 11.887 -9999 -9999 -9999 -9999 -9999 12.672 12.482 12.369 12.151 11.759 11.564 10.938 10.204 9.958 10.424 10.339 10.872 10.722 10.041 9.885 10.332 8.775 9.403 10.182 9.973 10.54 11.635 11.388 11.667 11.652 11.827 12.152 11.998 11.802 11.816 11.386 10.067 10.35 10.922 11.678 11.654 11.841 12.118 -9999 -9999 -9999 -9999 -9999 -9999 -9999 -9999 -9999 -9999 -9999 -9999 -9999 -9999 -9999 -9999 -9999 -9999 -9999 -9999
-9999 -9999 -9999 11.213 11.688 12.312 -9999 -9999 -9999 -9999 -9999 -9999 -9999 -9999 -9999 -9999 -9999 12.39 12.201 12.16 11.91 11.589 11.353 10.616 10.238 10.222 10.491 10.612 10.333 10.367 9.608 9.824 9.146 8.796 9.504 10.25 10.012 10.508 10.786 11.333 11.373 11.779 11.778 11.673 11.844 11.538 11.401 10.306 10.06 9.84 11.023 11.918 12.092 12.024 12.057 12.38 -9999 -9999 -9999 -9999 -9999 -9999 -9999 -9999 -9999 -9999 -9999 -9999 -9999 -9999 -9999 -9999 -9999 -9999 -9999
-9999 -9999 11.121 11.205 11.338 12.355 -9999 -9999 -9999 -9999 -9999 -9999 -9999 -9999 -9999 12.684 12.473 12.369 11.99 11.465 11.068 11.182 11.174 11.059 10.896 11.325 10.838 9.972 10.116 10.125 10.115 10.492 9.978 9.065 10.46 10.284 10.297 10.479 10.95 11.375 11.812 11.309 11.424 11.662 11.494 11.232 10.527 10.384 10.327 10.387 11.126 12.202 12.413 12.163 12.159 12.331 -9999 -9999 -9999 -9999 -9999 -9999 -9999 -9999 -9999 -9999 -9999 -9999 -9999 -9999 -9999 -9999 -9999 -9999 -9999
-9999 -9999 11.167 11.708 12.573 -9999 -9999 -9999 -9999 -9999 -9999 -9999 -9999 -9999 -9999 12.666 12.773 12.489 11.684 11.171 11.163 10.495 10.11 10.207 10.226 10.621 10.769 10.949 10.784 10.247 10.579 11.083 10.723 10.371 9.676 10.205 10.024 10.676 11.086 11.778 11.409 11.271 11.431 11.28 10.792 10.228 10.038 10.565 10.954 11.265 11.772 11.764 11.803 12.079 12.146 12.298 -9999 -9999 -9999 -9999 -9999 -9999 -9999 -9999 -9999 -9999 -9999 -9999 -9999 -9999 -9999 -9999 -9999 -9999 -9999
-9999 -9999 -9999 -9999 -9999 -9999 -9999 -9999 -9999 -9999 -9999 -9999 -9999 -9999 -9999 12.751 12.732 11.806 11.579 11.299 10.975 9.992 9.871 9.269 9.714 10.142 10.653 10.934 10.588 9.283 9.909 11.278 11.338 10.016 9.965 10.281 10.372 10.32 11.099 10.695 10.549 10.878 10.491 10.121 9.762 10.668 10.935 11.062 11.14 11.302 12.06 12.217 12.08 12.233 12.483 12.518 -9999 -9999 -9999 -9999 -9999 -9999 -9999 -9999 -9999 -9999 -9999 -9999 -9999 -9999 -9999 -9999 -9999 -9999 -9999
-9999 -9999 -9999 -9999 -9999 -9999 -9999 -9999 -9999 -9999 -9999 -9999 -9999 -9999 12.535 12.178 11.515 11.539 11.057 11.217 11.028 10.748 9.653 9.694 9.591 9.968 10.347 11.386 10.922 10.322 10.586 11.171 11.359 10.902 10.7 10.602 10.419 10.458 10.011 10.751 11.035 10.797 10.467 9.375 10.322 10.323 10.884 11.392 11.173 11.319 11.213 12.015 12.474 12.651 12.664 12.659 -9999 -9999 -9999 -9999 -9999 -9999 -9999 -9999 -9999 -9999 -9999 -9999 -9999 -9999 -9999 -9999 -9999 -9999 -9999
-9999 -9999 -9999 -9999 -9999 -9999 -9999 -9999 -9999 -9999 -9999 -9999 -9999 -9999 12.079 11.795 11.418 10.464 10.714 11.195 11.023 10.127 10.738 10.226 10.051 10.4 10.915 11.903 11.731 11.159 10.869 10.991 11.77 11.428 11.243 11.114 11.002 10.194 11.134 10.575 11.003 11.004 9.608 10.808 10.422 10.632 11.127 11.019 11.534 11.367 10.931 11.483 12.13 12.378 12.582 12.726 -9999 -9999 -9999 -9999 -9999 -9999 -9999 -9999 -9999 -9999 -9999 -9999 -9999 -9999 -9999 -9999 -9999 -9999 -9999
-9999 -9999 -9999 -9999 -9999 -9999 -9999 -9999 -9999 -9999 -9999 -9999 -9999 12.294 11.801 11.951 10.876 11.035 10.662 9.739 10.207 10.74 10.996 10.539 10.758 10.882 10.932 11.356 11.481 11.208 11.249 12.072 12.067 11.683 11.164 11.095 10.341 11.303 10.98 10.564 11.345 10.286 10.211 10.988 11.299 11.53 11.064 11.164 11.33 11.013 11.263 11.64 12.134 12.418 12.589 12.791 12.82 -9999 -9999 -9999 -9999 -9999 -9999 -9999 -9999 -9999 -9999 -9999 -9999 -9999 -9999 -9999 -9999 -9999 -9999
-9999 -9999 -9999 -9999 -9999 -9999 -9999 -9999 -9999 -9999 -9999 -9999 12.153 12.008 11.989 11.962 11.673 11.374 10.614 10.635 10.48 10.164 11.472 11.465 11.244 10.891 10.876 11.177 11.552 12.015 12.218 11.919 12.196 11.843 11.386 11.042 11.289 11.566 11.243 11.26 11.497 10.434 10.216 10.66 10.9 11.092 11.223 11.57 11.493 11.137 11.542 11.8 12.111 12.409 12.759 12.89 12.946 -9999 -9999 -9999 -9999 -9999 -9999 -9999 -9999 -9999 -9999 -9999 -9999 -9999 -9999 -9999 -9999 -9999 -9999
-9999 -9999 -9999 -9999 -9999 -9999 -9999 -9999 -9999 -9999 -9999 -9999 12.02 10.972 11.816 11.89 11.874 11.95 11.236 9.958 10.127 11.274 11.562 11.827 11.534 11.259 11.048 10.873 12.087 12.491 12.247 12.26 11.877 11.935 11.479 11.583 11.551 11.794 11.556 11.639 11.187 10.97 10.664 10.609 10.886 11.008 11.595 11.962 11.78 11.656 11.621 11.813 12.254 12.736 12.864 12.959 12.999 -9999 -9999 -9999 -9999 -9999 -9999 -9999 -9999 -9999 -9999 -9999 -9999 -9999 -9999 -9999 -9999 -9999 -9999
-9999 -9999 -9999 -9999 -9999 -9999 -9999 -9999 -9999 -9999 -9999 12.042 11.099 11.499 11.634 11.727 12.025 12.137 11.216 10.648 10.99 11.068 11.576 11.709 11.79 11.381 11.005 11.719 12.007 12.273 12.651 12.214 12.166 11.97 12.013 11.881 11.942 12.071 12.006 11.553 11.766 11.379 10.738 11.031 11.083 11.264 11.379 11.885 12.058 12.408 12.09 12.099 12.423 12.877 13.146 13.096 13.059 13.126 -9999 -9999 -9999 -9999 -9999 -9999 -9999 -9999 -9999 -9999 -9999 -9999 -9999 -9999 -9999 -9999 -9999
-9999 -9999 -9999 -9999 -9999 -9999 -9999 -9999 -9999 -9999 12.243 -9999 12.129 11.684 11.656 11.773 12.181 12.531 12.073 11.868 11.193 10.71 11.345 11.822 11.966 11.917 11.928 12.033 12.084 12.261 12.443 12.16 12.366 12.341 12.305 12.265 12.392 12.47 12.364 12.198 11.98 11.706 11.802 11.583 11.542 11.515 11.82 12.247 12.9 12.378 12.085 12.41 12.67 12.931 13.167 13.338 13.335 13.168 -9999 -9999 -9999 -9999 -9999 -9999 -9999 -9999 -9999 -9999 -9999 -9999 -9999 -9999 -9999 -9999 -9999
