Validation/Results/raw data/ReClimate_10_2023_1_Temperature-Actuals.asc
NCOLS 192
NROWS 249
XLLCENTER -225160.85627316462
YLLCENTER 29788.11610251502
CELLSIZE 5000.0
NODATA_VALUE -9999
[rows 170 to 203 of 249, columns 77 to 153 of 192]
-9999 -9999 -9999 -9999 -9999 -9999 -9999 -9999 -9999 -9999 -9999 -9999 -9999 -9999 -9999 9.718 9.581 -9999 -9999 -9999 -9999 -9999 -9999 -9999 -9999 -9999 -9999 -9999 -9999 -9999 -9999 -9999 -9999 -9999 8.788 8.9 8.682 8.514 8.287 8.309 8.325 8.368 8.417 8.557 8.638 8.606 8.365 7.928 7.193 6.49 5.846 6.052 6.082 6.528 7.465 7.85 8.04 7.734 7.71 7.889 8.08 8.084 8.05 7.977 7.984 7.985 7.893 7.854 7.936 7.969 7.891 7.569 7.617 7.59 7.855 8.158 8.345
-9999 -9999 -9999 -9999 -9999 -9999 -9999 -9999 -9999 -9999 -9999 -9999 -9999 -9999 -9999 9.352 9.146 9.311 -9999 -9999 -9999 -9999 -9999 -9999 -9999 -9999 -9999 -9999 -9999 -9999 -9999 -9999 -9999 8.925 8.947 8.868 8.783 8.533 8.542 8.401 8.364 8.358 8.395 8.434 8.446 8.379 8.277 8.002 7.464 6.546 5.829 6.222 6.689 6.803 7.339 8.164 8.244 8.02 7.653 7.78 8.053 8.115 8.059 7.94 7.937 7.963 7.933 7.831 7.889 7.957 7.938 7.712 7.52 7.614 7.782 8.138 8.376
-9999 -9999 -9999 -9999 -9999 -9999 -9999 -9999 -9999 -9999 -9999 -9999 -9999 -9999 9.662 9.167 8.842 9.052 9.528 -9999 -9999 -9999 -9999 -9999 -9999 -9999 -9999 -9999 -9999 -9999 9.094 -9999 -9999 8.89 8.664 8.846 8.824 8.708 -9999 8.326 8.242 8.203 8.22 8.143 8.223 8.161 8.088 7.748 7.207 7.467 6.497 6.712 7.197 6.719 7.464 7.841 8.164 8.065 7.811 7.842 8.003 8.136 8.071 7.982 7.994 7.99 7.976 7.873 7.873 7.967 7.937 7.852 7.62 7.526 7.631 8.023 8.292
-9999 -9999 -9999 -9999 -9999 -9999 -9999 -9999 -9999 -9999 -9999 -9999 -9999 -9999 9.715 9.204 8.956 8.985 9.32 9.572 9.847 -9999 -9999 -9999 9.149 9.264 -9999 9.166 9.14 9.027 8.274 8.389 -9999 -9999 8.781 8.77 -9999 -9999 8.447 8.197 8.345 8.485 8.295 8.095 7.983 7.951 7.784 7.287 6.704 6.974 6.847 6.637 6.807 6.781 6.978 7.941 8.045 7.922 7.685 7.836 7.919 8.012 8.048 7.959 8.01 8.018 7.987 7.913 7.878 7.983 7.968 7.917 7.767 7.608 7.481 7.669 8.016
-9999 -9999 -9999 -9999 -9999 -9999 -9999 -9999 -9999 -9999 -9999 -9999 -9999 -9999 -9999 9.532 9.171 9.082 9.272 9.374 -9999 -9999 7.717 7.534 8.605 8.103 8.258 8.354 8.842 8.611 8.334 8.005 8.066 -9999 8.755 8.753 8.675 8.556 8.07 7.823 8.226 8.587 8.421 8.121 7.993 7.843 7.663 7.05 6.281 6.428 6.642 6.843 7.064 6.906 7.076 7.674 8.044 7.936 7.732 7.805 7.867 7.896 7.936 7.969 8.025 8.045 7.941 7.737 7.867 8.055 8.034 7.984 7.879 7.733 7.682 7.655 7.725
-9999 -9999 -9999 -9999 -9999 -9999 -9999 -9999 -9999 -9999 -9999 -9999 -9999 -9999 -9999 9.748 9.473 9.486 9.435 9.376 9.221 8.016 6.132 7.977 8.318 7.541 7.932 7.698 8.081 8.467 8.186 7.388 7.929 8.174 8.532 8.715 8.597 8.327 7.929 7.793 8.112 8.378 8.324 8.189 8.029 7.87 7.599 6.811 6.366 6.143 6.451 6.522 7.156 7.272 7.026 7.326 7.747 7.8 7.774 7.815 7.83 7.875 7.917 7.948 8.093 8.063 8.039 8.002 7.918 8.123 8.121 8.07 7.98 7.808 7.62 7.713 7.874
-9999 -9999 -9999 -9999 -9999 -9999 -9999 -9999 -9999 -9999 -9999 -9999 -9999 -9999 -9999 -9999 9.812 9.749 9.426 8.789 7.765 5.449 6.061 7.627 7.467 7.595 7.145 7.059 7.322 7.631 7.807 7.959 7.34 7.974 8.378 8.453 8.522 8.379 8.087 7.996 8.098 8.222 8.255 8.12 7.99 7.85 7.449 6.944 6.417 6.289 6.664 6.516 6.736 7.553 7.285 7.329 7.625 7.634 7.749 7.902 7.884 7.865 7.898 7.963 8.126 8.132 8.139 8.044 8.042 8.124 8.154 8.122 8.026 7.924 7.859 7.809 7.862
-9999 -9999 -9999 -9999 -9999 -9999 -9999 -9999 -9999 -9999 -9999 -9999 -9999 -9999 -9999 -9999 -9999 -9999 8.961 7.892 6.749 6.254 6.619 7.809 7.727 7.113 6.612 6.524 6.609 7.422 8.137 7.768 7.15 7.614 8.173 8.435 8.604 8.438 8.192 7.978 8.009 8.047 8.059 8.048 7.954 7.699 7.189 6.907 6.728 6.342 6.607 6.495 6.452 7.001 7.591 7.517 7.824 7.69 7.576 7.807 7.91 7.981 7.998 8.058 8.154 8.17 8.166 8.162 8.008 8.07 8.111 8.108 8.071 8.023 8.003 7.945 7.864
-9999 -9999 -9999 -9999 -9999 -9999 -9999 -9999 -9999 -9999 -9999 -9999 -9999 -9999 -9999 -9999 -9999 9.618 8.597 7.926 7.588 6.741 7.654 7.975 7.443 7.293 6.802 6.369 6.718 6.856 7.626 7.46 6.94 7.256 7.821 8.517 8.592 8.465 8.104 7.895 7.893 7.941 7.999 8.006 7.84 7.415 7.224 7.33 7.003 6.532 6.734 6.751 6.858 7.051 7.207 7.652 7.765 7.736 7.719 7.748 7.918 7.914 8.083 8.173 8.202 8.186 8.176 7.982 7.976 8.054 8.131 8.124 8.122 8.111 8.099 8.046 8.013
-9999 -9999 -9999 -9999 -9999 -9999 -9999 -9999 -9999 -9999 -9999 -9999 -9999 -9999 -9999 -9999 9.641 7.983 8.321 7.915 7.52 7.71 6.542 6.72 6.969 6.871 6.337 6.789 6.595 7.037 7.446 6.792 6.479 7.107 7.843 8.492 8.641 8.448 8.036 8.0 8.037 7.998 8.031 7.91 7.626 7.574 7.474 7.101 6.881 6.746 6.589 7.017 7.188 7.37 7.56 7.594 7.893 7.856 7.903 7.916 7.971 8.152 8.019 8.172 8.224 8.161 8.127 7.954 7.874 8.066 8.108 8.134 8.147 8.148 8.135 8.173 8.259
-9999 -9999 -9999 -9999 -9999 -9999 -9999 -9999 -9999 -9999 -9999 -9999 -9999 -9999 -9999 9.536 8.201 8.695 8.655 8.313 8.414 7.842 7.436 7.002 6.592 6.292 6.325 6.438 6.601 7.236 6.864 6.933 7.6 7.799 8.267 8.388 8.534 8.326 8.081 8.058 8.027 8.039 7.876 7.609 7.701 7.644 7.479 7.063 6.998 7.331 7.188 7.155 7.382 7.481 7.613 7.729 7.805 8.025 8.106 8.241 8.293 8.325 8.293 8.161 8.179 8.153 8.111 7.947 7.881 8.081 8.128 8.097 8.109 8.105 8.156 8.212 8.293
-9999 -9999 -9999 -9999 -9999 -9999 -9999 -9999 -9999 -9999 -9999 -9999 -9999 9.444 9.564 9.173 9.237 9.452 9.426 9.055 9.167 8.629 7.815 7.141 6.496 5.674 6.831 6.928 7.261 7.113 6.385 6.724 7.175 7.897 8.184 8.271 8.317 8.188 8.032 7.938 7.989 7.916 7.698 7.587 7.521 7.701 7.43 7.146 7.236 7.334 7.425 7.505 7.577 7.692 7.766 7.996 8.008 8.062 8.304 8.485 8.533 8.367 8.272 8.215 8.147 8.069 8.055 7.859 7.799 8.03 8.136 8.102 8.078 8.1 8.144 8.164 -9999
-9999 -9999 -9999 -9999 -9999 -9999 -9999 -9999 -9999 -9999 -9999 -9999 9.3 9.351 9.318 9.517 -9999 -9999 -9999 -9999 8.621 7.646 7.35 7.05 6.267 6.988 7.047 6.511 6.843 6.266 5.251 6.058 6.907 7.37 8.04 8.357 8.244 8.115 8.024 7.977 7.954 7.883 7.705 7.613 7.501 7.573 7.416 7.386 7.423 7.494 7.668 7.749 7.792 7.958 8.014 8.159 8.349 8.292 8.351 8.408 8.416 8.304 8.199 8.114 7.99 7.921 7.918 7.842 7.773 7.93 8.108 8.143 8.106 8.097 8.133 8.14 8.201
-9999 -9999 -9999 -9999 -9999 -9999 -9999 -9999 -9999 -9999 -9999 -9999 9.323 9.221 9.713 -9999 -9999 -9999 -9999 -9999 8.435 7.649 7.144 7.316 6.672 6.76 6.392 5.931 6.089 5.776 5.836 7.086 7.195 7.775 8.282 8.425 8.279 8.108 7.977 7.845 7.8 7.821 7.717 7.6 7.586 7.503 7.59 7.606 7.707 7.541 7.531 7.634 7.831 8.014 8.108 8.207 8.227 8.276 8.3 8.242 8.178 8.006 7.996 7.815 7.666 7.635 7.748 7.801 7.804 7.941 8.119 8.241 8.202 8.161 8.134 8.096 8.107
-9999 -9999 -9999 -9999 -9999 -9999 -9999 -9999 -9999 -9999 -9999 -9999 -9999 -9999 9.898 -9999 -9999 -9999 -9999 -9999 8.44 7.558 7.713 7.385 7.032 6.99 5.924 6.133 6.84 6.189 6.906 7.193 7.481 8.091 8.435 8.448 8.146 8.047 7.908 7.816 7.922 7.855 7.81 7.758 7.647 7.678 7.769 7.875 7.815 7.79 7.724 7.668 7.873 7.923 7.773 7.909 8.043 8.079 8.237 8.163 7.942 7.702 7.588 7.729 7.625 7.568 7.63 7.747 7.822 7.964 8.167 8.339 8.328 8.262 8.213 8.148 8.164
-9999 -9999 -9999 -9999 -9999 -9999 -9999 -9999 -9999 -9999 -9999 -9999 -9999 -9999 -9999 -9999 -9999 -9999 -9999 -9999 8.819 8.188 8.812 7.989 7.257 6.217 6.415 6.462 6.382 7.055 7.141 7.292 8.082 8.307 8.509 8.366 8.215 8.071 8.069 8.071 8.034 7.992 7.928 7.848 7.799 7.767 7.845 7.837 7.694 7.877 8.013 7.982 7.938 8.055 7.805 7.645 7.828 7.793 7.971 8.138 7.932 7.794 7.669 7.673 7.787 7.711 7.677 7.81 7.927 8.04 8.2 8.369 8.381 8.333 8.282 8.254 8.266
-9999 -9999 -9999 -9999 -9999 -9999 -9999 -9999 -9999 -9999 -9999 -9999 -9999 -9999 -9999 -9999 -9999 -9999 -9999 -9999 -9999 8.804 7.483 6.893 6.781 7.031 6.967 6.678 7.254 7.319 7.696 8.127 7.993 8.396 8.383 8.11 8.094 8.122 8.257 8.313 8.175 7.985 7.934 7.772 7.729 7.767 7.885 7.753 7.558 7.683 7.985 8.104 8.09 8.028 7.966 7.788 7.679 7.49 7.52 7.973 8.067 7.854 7.682 7.519 7.57 7.792 7.793 7.898 8.038 8.193 8.28 8.391 8.403 8.381 8.353 8.346 8.359
-9999 -9999 -9999 -9999 -9999 -9999 -9999 -9999 -9999 -9999 -9999 -9999 -9999 -9999 -9999 -9999 -9999 -9999 -9999 -9999 8.81 8.222 7.49 6.538 7.314 7.435 6.953 7.216 7.277 7.289 8.105 8.039 7.993 8.212 7.396 7.949 8.185 8.179 8.123 8.242 7.935 7.498 7.496 7.703 7.854 7.802 7.903 7.836 7.724 7.718 7.931 8.058 8.116 8.077 7.952 7.89 7.729 7.665 7.672 7.919 8.062 7.891 7.626 7.423 7.446 7.741 7.956 8.031 8.18 8.292 8.341 8.383 8.428 8.424 8.42 8.438 8.45
-9999 -9999 -9999 -9999 -9999 -9999 -9999 -9999 -9999 -9999 -9999 -9999 -9999 -9999 -9999 -9999 -9999 -9999 -9999 -9999 9.027 8.415 6.679 7.819 8.236 7.651 7.473 7.17 6.72 7.332 8.055 8.016 8.241 7.899 7.991 8.053 7.917 7.834 8.14 8.025 7.679 7.538 7.586 7.907 7.878 7.808 7.896 7.863 7.922 7.906 7.953 8.047 8.094 8.117 8.062 7.978 7.88 7.72 7.832 8.027 8.013 7.772 7.463 7.44 7.486 7.627 7.909 8.135 8.191 8.321 8.325 8.34 8.447 8.497 8.504 8.528 8.553
-9999 -9999 -9999 -9999 -9999 -9999 -9999 -9999 -9999 -9999 -9999 -9999 -9999 -9999 -9999 -9999 -9999 -9999 -9999 -9999 8.957 8.153 8.638 8.334 8.037 7.736 7.258 6.483 6.781 7.045 7.69 7.957 8.286 8.207 7.964 7.517 7.208 7.311 7.803 7.572 7.646 7.553 7.797 8.063 7.941 7.919 7.945 7.972 8.074 7.956 7.916 8.047 8.099 7.963 8.052 8.07 7.992 7.911 7.962 8.056 7.991 7.79 7.605 7.539 7.661 7.818 8.012 8.101 8.197 8.294 8.434 8.383 8.482 8.542 8.545 8.571 8.58
-9999 -9999 -9999 -9999 -9999 -9999 -9999 -9999 -9999 -9999 -9999 -9999 -9999 -9999 -9999 -9999 -9999 -9999 -9999 -9999 -9999 9.274 8.11 7.402 6.747 6.637 6.658 6.921 7.22 7.798 7.923 8.098 8.043 8.019 7.891 7.624 7.306 7.227 7.421 7.653 7.609 7.503 7.873 8.15 8.01 8.126 8.06 7.958 8.26 8.307 8.127 8.141 8.183 7.967 7.868 8.093 8.025 7.967 8.002 8.004 7.885 7.807 7.807 7.886 7.895 8.001 8.063 8.086 8.216 8.346 8.4 8.429 8.535 8.588 8.566 8.559 8.573
-9999 -9999 -9999 -9999 -9999 -9999 -9999 -9999 -9999 -9999 -9999 -9999 -9999 -9999 -9999 -9999 -9999 -9999 -9999 -9999 -9999 8.671 7.608 6.806 6.146 5.975 6.405 7.194 7.797 7.841 7.497 7.087 6.85 6.931 7.448 7.769 7.387 7.337 7.489 7.602 7.185 7.481 7.853 8.026 8.039 8.187 8.068 8.123 8.128 8.277 8.304 8.226 8.231 8.102 7.997 8.113 8.101 7.91 7.832 7.811 7.73 7.745 7.883 7.825 7.881 7.935 8.091 8.054 8.174 8.311 8.307 8.407 8.552 8.588 8.563 8.504 8.434
-9999 -9999 -9999 -9999 -9999 -9999 -9999 -9999 -9999 -9999 -9999 -9999 -9999 -9999 -9999 -9999 -9999 -9999 -9999 -9999 9.24 8.501 7.563 6.768 6.291 6.476 6.906 7.316 6.995 6.321 6.588 6.507 6.606 7.295 7.63 7.506 7.437 7.608 7.681 7.258 7.16 7.39 7.804 7.988 8.039 8.241 8.105 7.931 8.119 8.011 8.119 8.098 8.133 8.145 8.173 8.263 8.149 7.997 7.918 7.786 7.762 7.651 7.766 7.82 7.863 7.978 8.031 8.16 8.235 8.258 8.258 8.403 8.597 8.596 8.59 8.515 8.391
-9999 -9999 -9999 -9999 -9999 -9999 -9999 -9999 -9999 -9999 -9999 -9999 -9999 -9999 -9999 -9999 -9999 -9999 -9999 -9999 8.877 8.261 7.729 7.333 6.822 6.255 6.532 6.712 6.476 6.559 6.312 6.203 6.611 7.251 6.971 7.051 7.63 7.456 7.801 7.408 7.056 7.158 7.944 7.954 8.296 8.297 8.088 7.947 7.605 7.851 7.896 7.979 7.997 8.069 8.092 8.176 8.159 8.072 8.033 7.998 7.778 7.694 7.661 7.726 7.828 8.079 8.153 8.212 8.255 8.237 8.256 8.406 8.511 8.59 8.604 8.583 8.463
-9999 -9999 -9999 -9999 -9999 -9999 -9999 -9999 -9999 -9999 -9999 -9999 -9999 -9999 -9999 -9999 -9999 -9999 -9999 -9999 8.495 8.409 8.374 7.678 6.69 6.156 6.49 6.627 6.81 6.461 6.541 6.702 6.875 6.787 6.951 7.601 7.651 7.713 7.399 7.661 7.44 7.779 7.838 7.925 8.256 8.371 8.197 7.827 7.912 7.86 7.837 7.9 7.93 8.068 8.061 7.965 7.998 7.997 8.044 7.994 7.811 7.68 7.808 7.946 7.884 8.068 8.159 8.28 8.272 8.229 8.356 8.51 8.597 8.651 8.728 8.699 8.653
-9999 -9999 -9999 -9999 -9999 -9999 -9999 -9999 -9999 -9999 -9999 -9999 -9999 -9999 -9999 -9999 -9999 -9999 -9999 8.64 8.314 7.757 7.777 7.539 6.647 6.515 6.192 6.594 7.172 7.14 7.204 6.845 6.75 7.138 7.196 7.257 7.654 7.619 7.948 8.012 7.996 7.973 7.874 8.124 8.32 8.358 8.297 8.198 8.128 8.197 8.056 8.003 7.959 8.026 8.115 8.046 8.04 8.12 8.067 7.945 7.854 7.828 7.992 8.105 8.105 8.107 8.291 8.238 8.279 8.258 8.312 8.484 8.632 8.662 8.705 8.722 8.745
-9999 -9999 -9999 -9999 -9999 -9999 -9999 -9999 -9999 -9999 -9999 -9999 -9999 -9999 -9999 -9999 -9999 -9999 8.412 8.304 7.652 7.828 7.816 6.882 6.328 6.222 6.455 6.834 7.218 7.069 7.158 6.871 6.444 7.096 7.065 7.695 7.883 8.072 8.106 8.014 7.883 7.922 7.845 8.171 8.247 8.473 8.451 8.328 8.221 8.241 8.255 8.065 8.027 8.157 8.23 8.147 8.076 8.065 8.036 7.932 7.916 7.952 8.071 8.234 8.312 8.373 8.259 8.209 8.227 8.286 8.354 8.496 8.545 8.531 8.525 8.578 8.686
-9999 -9999 -9999 -9999 -9999 -9999 -9999 -9999 -9999 -9999 -9999 -9999 -9999 -9999 -9999 -9999 8.045 8.15 8.007 8.396 8.233 8.02 7.428 6.567 6.217 6.118 6.012 6.69 6.969 7.383 7.154 6.693 6.701 7.207 7.709 7.899 8.158 8.169 8.18 7.875 7.798 7.817 8.088 8.396 8.471 8.454 8.419 8.317 8.26 8.268 8.26 8.088 8.141 8.251 8.361 8.133 8.011 7.886 7.767 7.798 7.881 8.089 8.189 8.255 8.198 8.292 8.276 8.282 8.273 8.303 8.392 8.537 8.624 8.464 8.411 8.467 8.623
-9999 -9999 -9999 -9999 -9999 -9999 -9999 -9999 -9999 -9999 -9999 -9999 -9999 -9999 -9999 8.098 7.861 7.457 7.771 8.125 8.055 7.768 6.823 6.743 6.285 6.186 6.558 7.166 7.607 7.548 7.449 6.985 6.509 7.084 7.641 8.09 8.089 8.106 7.867 7.989 7.814 7.881 8.258 8.505 8.651 8.608 8.418 8.425 8.271 8.272 8.327 8.255 8.207 8.266 8.192 8.19 7.982 7.941 7.848 7.69 7.733 7.866 8.034 8.119 8.123 8.2 8.325 8.265 8.438 8.488 8.509 8.587 8.563 8.47 8.377 8.479 8.624
-9999 -9999 -9999 -9999 -9999 -9999 -9999 -9999 -9999 -9999 -9999 -9999 9.529 8.928 8.493 8.131 7.547 7.49 7.772 8.198 8.168 7.195 7.065 6.95 7.131 6.386 7.08 7.278 6.963 7.468 7.661 6.447 7.021 7.581 8.34 8.33 8.142 7.693 8.263 8.106 8.049 8.085 8.174 8.52 8.669 8.742 8.602 8.551 8.393 8.281 8.365 8.344 8.353 8.229 8.14 7.857 7.962 8.013 7.985 7.831 7.813 7.916 8.052 8.177 8.161 8.231 8.277 8.395 8.468 8.563 8.517 8.569 8.601 8.527 8.543 8.579 8.645
-9999 -9999 -9999 -9999 -9999 -9999 -9999 -9999 -9999 -9999 9.048 9.182 9.055 8.794 8.585 8.174 8.164 7.988 8.303 8.128 7.254 7.575 7.484 7.467 7.532 7.004 6.856 6.22 6.77 7.174 7.095 7.384 7.761 8.242 7.699 7.932 8.169 8.325 8.404 8.358 8.248 8.27 8.433 8.433 8.681 8.857 8.764 8.668 8.564 8.494 8.477 8.285 8.398 8.401 8.14 7.958 7.814 8.019 7.999 7.859 7.798 7.847 7.964 8.201 8.339 8.392 8.363 8.34 8.499 8.467 8.412 8.508 8.616 8.605 8.589 8.584 8.568
-9999 -9999 -9999 -9999 -9999 -9999 9.2 9.11 9.089 9.068 8.56 9.055 8.799 8.756 8.48 8.237 8.239 8.254 8.241 7.54 7.761 7.989 7.531 7.938 7.66 7.212 6.407 6.622 7.016 7.269 7.202 7.739 8.135 7.162 7.251 7.92 7.993 8.371 8.405 8.46 8.335 8.153 8.383 8.306 8.8 8.863 8.8 8.587 8.48 8.525 8.06 8.231 8.366 8.423 8.168 7.876 7.872 7.978 8.001 7.994 7.919 7.924 8.013 8.216 8.326 8.415 8.451 8.346 8.362 8.43 8.414 8.567 8.711 8.621 8.358 8.334 8.279
-9999 -9999 -9999 -9999 -9999 9.634 9.172 9.11 8.926 8.137 7.839 7.968 8.209 8.423 7.906 7.797 7.944 7.958 7.682 8.019 8.035 7.718 8.108 8.275 7.916 7.338 6.923 7.139 7.326 7.372 7.637 7.909 6.992 6.004 7.081 7.734 8.233 8.195 8.334 8.201 8.266 8.409 8.461 8.678 8.785 8.797 8.804 8.577 8.396 8.099 7.819 7.674 8.16 8.297 7.9 7.769 7.84 7.969 8.056 8.018 8.01 8.007 8.144 8.167 8.229 8.339 8.259 8.194 8.33 8.409 8.446 8.575 8.666 8.51 8.28 8.141 8.181
-9999 -9999 -9999 -9999 10.032 9.354 9.003 8.925 8.531 8.03 8.096 8.301 8.476 7.968 7.848 7.829 8.221 7.812 7.734 8.034 8.041 8.195 8.635 8.262 7.567 7.2 7.407 7.563 7.531 8.031 8.183 7.818 6.445 6.467 7.089 8.166 7.992 8.06 8.008 8.392 8.518 8.435 8.566 8.676 8.782 8.818 8.915 8.753 8.476 8.021 7.625 7.722 7.995 8.071 7.833 7.576 7.778 7.957 8.011 8.078 8.069 8.099 8.137 8.182 8.107 8.193 8.291 8.204 8.284 8.291 8.206 8.409 8.562 8.432 8.236 8.217 8.241
