Validation/Results/raw data/ReClimate_02_2024_2weatherlogisticsltd.asc
NCOLS 192
NROWS 249
XLLCENTER -225160.85627316462
YLLCENTER 29788.11610251502
CELLSIZE 5000.0
NODATA_VALUE -9999
[rows 204 to 237 of 249, columns 75 to 149 of 192]
-9999 -9999 -9999 -9999 107.032 -9999 107.423 107.491 107.548 107.594 107.634 107.668 107.707 107.758 107.809 107.855 107.898 107.938 107.933 107.897 107.792 107.699 107.617 107.544 107.479 107.421 107.368 107.32 107.275 107.235 107.198 107.172 107.153 107.137 107.123 107.111 107.104 107.108 107.109 107.109 107.105 107.103 107.096 107.095 107.151 107.233 107.32 107.413 107.512 107.617 107.739 107.886 108.041 108.204 108.374 108.551 108.735 108.93 109.136 109.353 109.583 109.828 110.087 110.357 110.574 110.755 110.882 111.014 111.153 111.287 111.418 111.551 111.678 111.782 111.873
-9999 -9999 -9999 -9999 -9999 -9999 -9999 -9999 107.607 107.651 107.689 107.722 107.761 107.809 107.858 107.902 107.943 107.981 108.02 108.023 107.995 107.895 107.807 107.73 107.662 107.601 107.546 107.496 107.452 107.411 107.375 107.349 107.33 107.314 107.301 107.294 107.297 107.303 107.307 107.302 107.317 107.32 107.31 107.326 107.4 107.48 107.566 107.659 107.758 107.863 107.983 108.122 108.277 108.438 108.606 108.78 108.963 109.155 109.359 109.577 109.811 110.067 110.346 110.577 110.762 110.899 111.028 111.159 111.296 111.43 111.561 111.694 111.819 111.92 112.006
-9999 -9999 -9999 -9999 -9999 -9999 -9999 -9999 107.666 107.707 107.743 107.775 107.811 107.857 107.904 107.946 107.984 108.023 108.074 108.121 108.122 108.095 108.0 107.918 107.846 107.782 107.724 107.673 107.628 107.586 107.551 107.525 107.505 107.49 107.483 107.484 107.486 107.492 107.476 107.422 107.412 107.523 107.516 107.555 107.634 107.714 107.799 107.892 107.992 108.097 108.214 108.348 108.501 108.661 108.826 108.998 109.179 109.37 109.572 109.787 110.02 110.276 110.508 110.702 110.845 110.979 111.115 111.254 111.391 111.524 111.655 111.789 111.908 111.998 112.071
-9999 -9999 -9999 -9999 -9999 -9999 107.622 107.677 107.723 107.763 -9999 107.827 107.861 107.904 107.948 107.988 108.027 -9999 108.126 108.173 108.215 108.214 108.193 108.11 108.033 107.965 107.904 107.851 107.804 107.762 107.726 107.699 107.68 107.672 107.669 107.668 107.67 107.675 107.656 107.634 107.702 107.708 107.722 107.78 107.86 107.939 108.024 108.116 108.216 108.323 108.436 108.567 108.717 108.875 109.037 109.208 109.387 109.576 109.777 109.991 110.221 110.425 110.61 110.765 110.899 111.033 111.172 111.314 111.451 111.581 111.71 111.842 111.959 112.043 112.11
-9999 -9999 -9999 -9999 -9999 -9999 107.703 -9999 -9999 -9999 107.849 107.878 107.91 -9999 -9999 -9999 -9999 -9999 108.175 108.221 108.262 108.3 108.301 108.286 108.223 108.151 108.087 108.031 107.981 107.938 107.901 107.874 107.863 107.857 107.852 107.85 107.85 107.853 107.857 107.864 107.873 107.884 107.913 107.991 108.079 108.158 108.243 108.335 108.435 108.542 108.656 108.781 108.926 109.081 109.242 109.411 109.589 109.778 109.978 110.187 110.36 110.522 110.668 110.813 110.95 111.084 111.225 111.368 111.503 111.631 111.76 111.889 112.0 112.081 112.147
-9999 -9999 -9999 -9999 -9999 -9999 -9999 -9999 107.836 107.871 107.902 107.929 107.957 -9999 -9999 -9999 -9999 -9999 -9999 -9999 -9999 108.343 108.376 108.384 108.377 108.341 108.273 108.214 108.161 108.115 108.079 108.059 108.047 108.039 108.033 108.028 108.026 108.026 108.029 108.034 108.042 108.052 108.094 108.184 108.278 108.37 108.458 108.549 108.649 108.756 108.871 108.993 109.13 109.282 109.441 109.609 109.787 109.976 110.153 110.306 110.45 110.576 110.713 110.859 110.999 111.133 111.275 111.419 111.554 111.683 111.812 111.94 112.044 112.117 112.182
-9999 -9999 -9999 -9999 -9999 -9999 -9999 -9999 -9999 107.936 -9999 -9999 -9999 -9999 -9999 -9999 -9999 -9999 -9999 108.314 108.351 108.385 108.416 108.446 108.465 108.463 108.45 108.4 108.345 108.298 108.265 108.245 108.231 108.221 108.211 108.204 108.199 108.197 108.198 108.202 108.21 108.22 -9999 108.364 108.461 108.558 108.658 108.761 108.861 108.968 109.084 109.204 109.333 109.48 109.638 109.805 109.98 110.124 110.257 110.381 110.497 110.621 110.757 110.903 111.044 111.179 111.321 111.466 111.603 111.735 111.866 111.992 112.089 112.154 112.196
-9999 -9999 -9999 -9999 -9999 -9999 -9999 -9999 -9999 -9999 -9999 -9999 -9999 -9999 -9999 -9999 -9999 -9999 -9999 108.359 108.394 108.426 108.456 -9999 -9999 -9999 108.541 108.54 108.529 108.489 108.456 108.432 108.416 108.401 108.387 108.377 108.37 108.367 108.367 108.371 108.378 -9999 108.441 108.536 108.633 108.734 108.84 108.946 109.059 109.178 109.295 109.412 109.536 109.676 109.833 109.967 110.086 110.21 110.315 110.424 110.539 110.662 110.797 110.944 111.086 111.221 111.364 111.508 111.649 111.786 111.922 112.044 112.118 112.149 112.171
-9999 -9999 -9999 -9999 -9999 -9999 -9999 -9999 -9999 -9999 -9999 -9999 -9999 -9999 -9999 -9999 -9999 -9999 -9999 -9999 -9999 -9999 -9999 -9999 -9999 -9999 108.593 108.616 108.621 108.634 108.639 108.623 108.601 108.58 108.562 108.549 108.541 108.537 108.537 -9999 -9999 108.561 108.614 108.706 108.803 108.903 109.008 109.12 109.238 109.359 109.486 109.613 109.737 109.838 109.941 110.053 110.151 110.251 110.354 110.461 110.576 110.699 110.833 110.979 111.123 111.258 111.402 111.546 111.689 111.823 111.948 112.051 112.109 112.121 112.122
-9999 -9999 -9999 -9999 -9999 -9999 -9999 -9999 -9999 -9999 -9999 -9999 -9999 -9999 -9999 -9999 -9999 -9999 -9999 -9999 -9999 -9999 -9999 -9999 -9999 -9999 108.626 108.65 108.681 108.712 108.729 108.742 108.753 108.753 108.737 108.712 -9999 -9999 -9999 -9999 -9999 108.734 108.784 108.876 108.971 109.071 109.176 109.287 109.405 109.527 109.639 109.717 109.812 109.905 109.991 110.087 110.188 110.288 110.389 110.495 110.609 110.732 110.865 111.011 111.151 111.279 111.413 111.545 111.673 111.806 111.933 112.037 112.075 112.073 112.065
-9999 -9999 -9999 -9999 -9999 -9999 -9999 -9999 -9999 -9999 -9999 -9999 -9999 -9999 -9999 -9999 -9999 -9999 -9999 -9999 -9999 -9999 -9999 -9999 -9999 -9999 -9999 -9999 108.721 108.751 108.78 108.806 108.824 108.831 108.827 -9999 -9999 -9999 -9999 108.891 108.899 108.909 108.955 109.046 109.14 109.235 109.324 109.415 109.507 109.595 109.67 109.747 109.825 109.905 109.988 110.081 110.181 110.283 110.384 110.491 110.604 110.725 110.854 110.994 111.129 111.253 111.381 111.507 111.627 111.753 111.872 111.961 112.005 112.004 111.995
-9999 -9999 -9999 -9999 -9999 -9999 -9999 -9999 -9999 -9999 -9999 -9999 -9999 -9999 -9999 -9999 -9999 -9999 -9999 -9999 -9999 -9999 -9999 -9999 -9999 -9999 -9999 -9999 -9999 108.791 108.819 108.842 108.857 108.873 -9999 -9999 -9999 -9999 108.933 108.973 108.986 108.992 109.034 109.12 109.206 109.287 109.368 109.448 109.522 109.596 109.671 109.745 109.821 109.899 109.98 110.064 110.157 110.255 110.356 110.462 110.573 110.692 110.819 110.955 111.085 111.205 111.329 111.451 111.567 111.686 111.79 111.862 111.9 111.912 111.911
-9999 -9999 -9999 -9999 -9999 -9999 -9999 -9999 -9999 -9999 -9999 -9999 -9999 -9999 -9999 -9999 -9999 -9999 -9999 -9999 -9999 -9999 -9999 -9999 -9999 -9999 -9999 -9999 -9999 -9999 -9999 -9999 -9999 -9999 -9999 -9999 -9999 108.956 108.994 109.01 109.017 109.02 109.06 109.139 109.22 109.3 109.378 109.45 109.523 109.596 109.668 109.741 109.815 109.891 109.97 110.05 110.133 110.225 110.323 110.427 110.536 110.653 110.777 110.909 111.035 111.152 111.272 111.389 111.5 111.611 111.699 111.757 111.793 111.811 111.818
-9999 -9999 -9999 -9999 -9999 -9999 -9999 -9999 -9999 -9999 -9999 -9999 -9999 -9999 -9999 -9999 -9999 -9999 -9999 -9999 -9999 -9999 -9999 -9999 -9999 -9999 -9999 -9999 -9999 -9999 -9999 -9999 -9999 -9999 -9999 -9999 108.993 109.01 109.027 109.037 109.041 109.043 109.079 109.152 109.232 109.309 109.381 109.452 109.523 109.594 109.665 109.735 109.807 109.881 109.958 110.034 110.112 110.194 110.288 110.389 110.496 110.61 110.732 110.86 110.981 111.094 111.211 111.324 111.429 111.525 111.602 111.652 111.687 111.709 111.721
-9999 -9999 -9999 -9999 -9999 -9999 -9999 -9999 -9999 -9999 -9999 -9999 -9999 -9999 -9999 -9999 -9999 -9999 -9999 -9999 -9999 -9999 -9999 -9999 -9999 -9999 -9999 -9999 -9999 -9999 -9999 -9999 -9999 -9999 -9999 -9999 109.031 109.046 109.058 109.062 109.065 109.067 109.097 109.163 109.239 109.311 109.382 109.451 109.521 109.59 109.66 109.728 109.798 109.869 109.942 110.016 110.089 110.167 110.252 110.348 110.453 110.565 110.684 110.807 110.923 111.033 111.147 111.256 111.356 111.438 111.502 111.55 111.584 111.608 111.624
-9999 -9999 -9999 -9999 -9999 -9999 -9999 -9999 -9999 -9999 -9999 -9999 -9999 -9999 -9999 -9999 -9999 -9999 -9999 -9999 -9999 -9999 -9999 108.818 108.832 108.854 108.883 -9999 108.94 -9999 -9999 -9999 -9999 -9999 -9999 -9999 -9999 109.08 109.084 109.088 109.091 109.093 109.115 109.168 109.241 109.312 109.381 109.449 109.517 109.585 109.652 109.719 109.713 109.724 109.757 109.869 110.032 110.14 110.22 110.307 110.407 110.516 110.633 110.751 110.862 110.969 111.08 111.186 111.274 111.347 111.402 111.449 111.483 111.509 111.527
-9999 -9999 -9999 -9999 -9999 -9999 -9999 -9999 -9999 -9999 -9999 -9999 -9999 -9999 -9999 -9999 -9999 -9999 -9999 -9999 108.851 108.854 108.858 108.861 108.874 108.898 108.927 108.956 108.985 109.009 109.025 -9999 -9999 109.062 109.077 109.092 109.104 109.107 109.111 109.115 109.117 109.116 109.126 109.169 109.241 109.31 109.378 109.445 109.512 109.578 109.644 109.709 109.651 109.627 109.657 109.671 109.918 110.11 110.187 110.27 110.361 110.465 110.58 110.693 110.799 110.903 111.011 111.112 111.191 111.252 111.305 111.351 111.385 111.412 111.432
-9999 -9999 -9999 -9999 -9999 -9999 -9999 -9999 -9999 -9999 -9999 -9999 -9999 -9999 -9999 -9999 -9999 -9999 -9999 108.912 108.91 108.912 108.913 108.916 108.929 108.951 108.976 109.005 109.034 109.057 109.069 109.08 109.092 109.105 109.118 109.129 109.132 109.135 109.139 109.14 109.139 109.136 109.136 109.167 109.238 109.306 109.373 109.439 109.505 109.57 109.634 109.697 109.612 109.543 109.754 109.862 109.916 110.078 110.152 110.232 110.321 110.417 110.525 110.633 110.734 110.836 110.942 111.033 111.103 111.159 111.21 111.255 111.29 111.317 111.337
-9999 -9999 -9999 -9999 -9999 -9999 -9999 -9999 -9999 -9999 -9999 -9999 -9999 -9999 -9999 -9999 -9999 -9999 -9999 108.971 108.974 108.975 108.974 108.977 108.991 109.011 109.033 109.058 109.088 109.109 109.118 109.128 109.139 109.15 109.156 109.157 109.158 109.159 109.16 109.16 109.16 109.157 109.151 109.175 109.233 109.3 109.366 109.431 109.496 109.56 109.622 109.684 109.624 109.51 109.71 109.919 109.979 110.043 110.114 110.192 110.278 110.374 110.474 110.573 110.668 110.769 110.864 110.95 111.014 111.068 111.118 111.161 111.196 111.224 111.245
-9999 -9999 -9999 -9999 -9999 -9999 -9999 -9999 -9999 -9999 -9999 -9999 -9999 -9999 -9999 -9999 -9999 -9999 -9999 109.036 109.038 109.041 109.038 109.042 109.057 109.076 109.095 109.119 109.145 109.164 109.17 109.179 109.185 109.183 109.181 109.179 109.178 109.178 109.179 109.18 109.181 109.179 109.164 109.127 109.128 109.291 109.357 109.421 109.485 109.548 109.61 109.669 109.692 109.67 109.741 109.891 109.947 110.007 110.074 110.149 110.234 110.329 110.426 110.519 110.609 110.699 110.784 110.862 110.926 110.979 111.027 111.07 111.105 111.132 111.154
-9999 -9999 -9999 -9999 -9999 -9999 -9999 -9999 -9999 -9999 -9999 -9999 -9999 -9999 -9999 109.092 109.093 -9999 109.097 109.1 109.104 109.102 109.099 109.105 109.122 109.14 109.158 109.179 109.201 109.215 109.218 109.216 109.209 109.204 109.2 109.198 109.196 109.196 109.197 109.198 109.2 109.198 109.168 109.095 109.18 109.278 109.344 109.409 109.472 109.535 109.596 109.654 109.664 109.675 109.779 109.864 109.914 109.969 110.031 110.104 110.189 110.285 110.378 110.467 110.553 110.633 110.706 110.776 110.84 110.892 110.939 110.981 111.015 111.042 111.064
-9999 -9999 -9999 -9999 -9999 -9999 -9999 -9999 -9999 -9999 -9999 -9999 -9999 -9999 -9999 109.157 109.156 109.156 109.157 109.159 109.161 109.161 109.159 109.166 109.183 109.2 109.218 109.237 109.255 109.258 109.247 109.237 109.229 109.223 109.219 109.216 109.214 109.213 109.213 109.213 109.132 108.899 108.965 109.173 109.209 109.26 109.283 109.195 109.257 109.52 109.581 109.639 109.62 109.595 109.722 109.837 109.882 109.93 109.986 110.058 110.145 110.239 110.331 110.415 110.493 110.566 110.598 110.682 110.763 110.813 110.855 110.894 110.927 110.954 110.975
-9999 -9999 -9999 -9999 -9999 -9999 -9999 -9999 -9999 -9999 -9999 -9999 -9999 -9999 109.228 109.227 109.222 109.219 109.218 109.218 109.22 109.221 109.223 109.231 109.246 109.263 109.278 109.289 109.294 109.286 109.27 109.259 109.25 109.243 109.238 109.234 109.231 109.229 109.228 109.226 109.043 108.893 109.067 109.2 109.204 109.237 109.17 108.982 109.183 109.503 109.565 109.623 109.603 109.552 109.673 109.813 109.854 109.894 109.94 110.013 110.106 110.198 110.283 110.36 110.432 110.499 110.564 110.607 110.693 110.743 110.783 110.819 110.849 110.873 110.892
-9999 -9999 -9999 -9999 -9999 -9999 -9999 -9999 -9999 -9999 -9999 -9999 -9999 -9999 -9999 109.302 109.294 109.288 109.284 109.282 109.282 109.284 109.287 109.298 109.308 109.315 109.319 109.324 109.326 109.314 109.294 109.282 109.272 109.263 109.257 109.252 109.248 109.245 109.242 109.239 109.15 109.152 109.221 109.211 109.203 109.225 109.144 109.115 109.401 109.466 109.545 109.606 109.427 109.333 109.588 109.793 109.832 109.872 109.918 -9999 109.98 110.049 110.182 110.293 110.37 110.436 110.511 110.568 110.621 110.672 110.715 110.75 110.779 110.802 110.82
-9999 -9999 -9999 -9999 -9999 -9999 -9999 -9999 -9999 -9999 -9999 -9999 -9999 -9999 109.375 109.383 109.371 109.361 109.352 109.344 109.337 109.332 109.33 109.335 109.345 109.351 109.354 109.359 109.36 109.346 109.323 109.306 109.295 109.285 109.277 109.271 109.265 109.261 109.257 109.252 109.246 109.24 109.231 109.222 109.211 109.218 109.185 109.262 109.353 109.459 109.525 109.589 109.383 109.154 109.473 109.767 109.813 109.861 109.912 109.978 -9999 109.985 -9999 110.237 -9999 110.375 -9999 110.456 110.537 110.609 110.65 110.685 110.712 110.734 -9999
-9999 -9999 -9999 -9999 -9999 -9999 -9999 -9999 -9999 -9999 -9999 -9999 -9999 -9999 109.449 109.431 109.415 109.401 109.389 109.377 109.367 109.359 109.354 109.36 109.372 109.382 109.391 109.395 109.344 109.183 109.221 109.333 109.32 109.308 109.299 109.291 109.284 109.278 109.272 109.266 109.254 109.227 109.217 109.234 109.223 109.215 109.207 109.254 109.364 109.435 109.502 109.568 109.628 109.517 109.562 109.762 109.8 109.853 109.907 109.963 -9999 -9999 110.091 110.198 -9999 -9999 110.376 110.419 110.467 -9999 -9999 -9999 -9999 -9999 -9999
-9999 -9999 -9999 -9999 -9999 -9999 -9999 -9999 -9999 -9999 -9999 -9999 -9999 109.506 109.483 109.463 109.445 109.429 109.415 109.403 109.392 109.383 109.377 109.382 109.395 109.408 109.419 109.43 109.291 109.103 109.203 109.365 109.347 109.334 109.322 109.312 109.304 109.296 109.289 109.282 109.246 109.154 109.143 109.247 109.237 109.226 109.214 109.242 109.327 109.401 109.472 109.54 109.602 109.655 109.701 109.746 109.794 -9999 -9999 -9999 109.988 -9999 -9999 -9999 -9999 -9999 -9999 110.38 -9999 -9999 -9999 -9999 -9999 -9999 -9999
-9999 -9999 -9999 -9999 -9999 -9999 -9999 -9999 -9999 -9999 -9999 -9999 109.585 109.544 109.518 109.496 109.476 109.459 109.444 109.43 109.418 109.408 109.402 109.406 109.418 109.431 109.444 109.458 109.37 109.361 109.432 109.401 109.378 109.361 109.348 -9999 -9999 -9999 -9999 -9999 109.29 109.221 109.256 109.206 109.228 109.241 109.223 109.244 109.282 109.36 -9999 109.503 -9999 -9999 -9999 -9999 -9999 109.819 109.866 109.905 109.948 109.995 110.046 -9999 -9999 -9999 -9999 -9999 -9999 -9999 -9999 -9999 -9999 -9999 -9999
-9999 -9999 -9999 -9999 -9999 -9999 -9999 -9999 -9999 -9999 -9999 109.683 109.624 109.585 109.557 109.532 109.51 109.491 109.474 109.459 109.446 109.435 109.427 109.429 109.441 109.454 109.467 109.481 109.496 109.493 109.466 109.437 -9999 -9999 -9999 -9999 -9999 -9999 -9999 -9999 -9999 -9999 109.29 109.267 109.269 109.258 109.247 109.239 109.255 109.291 109.384 -9999 -9999 -9999 -9999 -9999 -9999 -9999 109.82 109.863 109.904 109.949 -9999 -9999 -9999 -9999 -9999 -9999 -9999 -9999 -9999 -9999 -9999 -9999 -9999
-9999 -9999 -9999 -9999 -9999 -9999 -9999 -9999 -9999 109.728 109.751 109.721 109.676 109.63 109.598 109.571 109.547 109.525 109.507 109.49 109.476 109.463 109.453 109.454 109.466 109.478 109.471 109.424 109.456 109.52 -9999 -9999 -9999 -9999 -9999 -9999 -9999 -9999 -9999 -9999 -9999 -9999 -9999 109.3 -9999 -9999 -9999 -9999 -9999 109.27 109.325 -9999 -9999 -9999 -9999 -9999 -9999 -9999 -9999 -9999 109.72 109.902 -9999 -9999 -9999 -9999 -9999 -9999 -9999 -9999 -9999 -9999 -9999 -9999 -9999
-9999 -9999 -9999 -9999 -9999 -9999 -9999 -9999 109.769 -9999 109.78 109.756 109.722 109.682 109.644 109.613 109.586 109.563 109.542 109.524 109.508 109.494 109.482 109.481 109.491 109.503 109.457 109.391 109.472 109.548 -9999 -9999 -9999 -9999 -9999 -9999 -9999 -9999 -9999 -9999 -9999 -9999 -9999 -9999 109.321 -9999 -9999 -9999 -9999 -9999 -9999 -9999 -9999 -9999 -9999 -9999 -9999 -9999 -9999 -9999 -9999 -9999 -9999 -9999 -9999 -9999 -9999 -9999 -9999 -9999 -9999 -9999 -9999 -9999 -9999
-9999 -9999 -9999 -9999 -9999 -9999 -9999 109.806 109.836 109.818 109.799 109.781 109.756 109.728 109.695 109.66 109.63 109.604 109.581 -9999 109.543 109.527 109.514 109.51 109.518 109.53 109.5 109.517 109.571 -9999 -9999 -9999 -9999 -9999 -9999 -9999 -9999 -9999 -9999 -9999 -9999 -9999 -9999 -9999 -9999 -9999 -9999 -9999 -9999 -9999 -9999 -9999 -9999 -9999 -9999 -9999 -9999 -9999 -9999 -9999 -9999 -9999 -9999 -9999 -9999 -9999 -9999 -9999 -9999 -9999 -9999 -9999 -9999 -9999 -9999
-9999 -9999 -9999 -9999 -9999 -9999 -9999 109.873 109.855 109.837 109.819 109.8 109.782 109.76 109.737 109.714 109.68 109.65 109.624 109.602 109.582 109.565 109.549 109.543 109.547 109.559 109.572 109.585 109.6 -9999 -9999 -9999 -9999 -9999 -9999 -9999 -9999 -9999 -9999 -9999 -9999 -9999 -9999 -9999 -9999 -9999 -9999 -9999 -9999 -9999 -9999 -9999 -9999 -9999 -9999 -9999 -9999 -9999 -9999 -9999 -9999 -9999 -9999 -9999 -9999 -9999 -9999 -9999 -9999 -9999 -9999 -9999 -9999 -9999 -9999
-9999 -9999 -9999 -9999 -9999 -9999 109.911 109.893 109.874 109.856 109.838 109.819 109.801 109.783 109.768 109.753 109.736 109.703 109.674 109.648 109.626 109.606 109.589 109.579 109.579 109.591 109.603 109.617 -9999 -9999 -9999 -9999 -9999 -9999 -9999 -9999 -9999 -9999 -9999 -9999 -9999 -9999 -9999 -9999 -9999 -9999 -9999 -9999 -9999 -9999 -9999 -9999 -9999 -9999 -9999 -9999 -9999 -9999 -9999 -9999 -9999 -9999 -9999 -9999 -9999 -9999 -9999 -9999 -9999 -9999 -9999 -9999 -9999 -9999 -9999
