Validation/Results/raw data/ReClimate_12_2023_1_Precipitation-Actualsweatherlogisticsltd.asc
NCOLS 192
NROWS 249
XLLCENTER -225160.85627316462
YLLCENTER 29788.11610251502
CELLSIZE 5000.0
NODATA_VALUE -9999
[rows 66 to 98 of 249, columns 74 to 147 of 192]
-9999 -9999 -9999 -9999 -9999 -9999 -9999 -9999 -9999 -9999 -9999 161.734 -9999 174.673 217.144 262.605 263.829 282.848 243.394 236.518 200.166 167.344 131.486 147.188 162.66 149.019 145.401 147.112 145.896 145.584 115.927 95.879 -9999 -9999 -9999 -9999 -9999 -9999 -9999 -9999 -9999 -9999 -9999 -9999 -9999 -9999 -9999 -9999 -9999 -9999 -9999 -9999 -9999 -9999 -9999 -9999 -9999 -9999 -9999 -9999 -9999 -9999 -9999 -9999 -9999 -9999 -9999 -9999 -9999 -9999 -9999 -9999 -9999 -9999
-9999 -9999 -9999 -9999 -9999 -9999 -9999 -9999 -9999 -9999 -9999 -9999 162.367 213.838 221.42 237.778 244.868 237.336 234.455 225.844 197.041 171.303 156.848 150.796 141.371 127.142 132.595 138.368 141.91 119.745 -9999 -9999 -9999 -9999 -9999 -9999 -9999 -9999 -9999 -9999 -9999 -9999 -9999 -9999 -9999 -9999 -9999 -9999 -9999 -9999 -9999 -9999 -9999 -9999 -9999 -9999 -9999 -9999 -9999 -9999 -9999 -9999 -9999 -9999 -9999 -9999 -9999 -9999 -9999 -9999 -9999 -9999 -9999 -9999
-9999 -9999 -9999 -9999 -9999 -9999 -9999 -9999 -9999 -9999 -9999 -9999 206.78 225.194 213.849 201.346 219.959 231.882 208.568 187.891 177.032 161.295 153.358 141.486 138.711 130.029 116.489 119.971 107.502 85.672 -9999 -9999 -9999 -9999 -9999 -9999 -9999 -9999 -9999 -9999 -9999 -9999 -9999 -9999 -9999 -9999 -9999 -9999 -9999 -9999 -9999 -9999 -9999 -9999 -9999 -9999 -9999 -9999 -9999 -9999 -9999 -9999 -9999 -9999 -9999 -9999 -9999 -9999 -9999 -9999 -9999 -9999 -9999 -9999
-9999 -9999 -9999 -9999 -9999 -9999 -9999 -9999 -9999 -9999 -9999 -9999 -9999 -9999 191.419 202.246 219.459 204.819 190.287 188.589 182.766 165.983 142.976 135.433 137.335 119.997 105.202 85.546 -9999 -9999 -9999 -9999 -9999 -9999 -9999 -9999 -9999 -9999 -9999 -9999 -9999 -9999 -9999 -9999 -9999 -9999 -9999 -9999 -9999 -9999 -9999 -9999 -9999 -9999 -9999 -9999 -9999 -9999 -9999 -9999 -9999 -9999 -9999 -9999 -9999 -9999 -9999 -9999 -9999 -9999 -9999 -9999 -9999 -9999
-9999 -9999 -9999 -9999 -9999 -9999 -9999 -9999 186.022 -9999 -9999 218.543 235.303 210.486 200.086 236.238 224.992 217.639 216.168 210.553 185.209 156.154 122.729 122.507 117.253 116.522 95.468 87.426 -9999 -9999 -9999 -9999 -9999 -9999 -9999 -9999 -9999 -9999 -9999 -9999 -9999 -9999 -9999 -9999 -9999 -9999 -9999 -9999 -9999 -9999 -9999 -9999 -9999 -9999 -9999 -9999 -9999 -9999 -9999 -9999 -9999 -9999 -9999 -9999 -9999 -9999 -9999 -9999 -9999 -9999 -9999 -9999 -9999 -9999
-9999 -9999 -9999 -9999 -9999 -9999 197.226 189.506 193.881 191.481 215.635 240.575 262.61 261.307 260.87 216.608 246.92 255.23 248.148 224.301 185.376 169.587 160.507 116.589 108.718 96.061 84.107 73.104 -9999 -9999 -9999 -9999 -9999 -9999 -9999 -9999 -9999 -9999 -9999 -9999 -9999 -9999 -9999 -9999 -9999 -9999 -9999 -9999 -9999 -9999 -9999 -9999 -9999 -9999 -9999 -9999 -9999 -9999 -9999 -9999 -9999 -9999 -9999 -9999 -9999 -9999 -9999 -9999 -9999 -9999 -9999 -9999 -9999 -9999
-9999 -9999 -9999 -9999 -9999 -9999 195.836 202.195 -9999 218.992 251.182 273.351 276.078 313.536 249.809 259.803 275.847 287.065 296.57 250.408 226.278 224.256 173.479 145.125 136.025 103.565 85.227 -9999 62.484 -9999 -9999 -9999 -9999 -9999 -9999 -9999 -9999 -9999 -9999 -9999 -9999 -9999 -9999 -9999 -9999 -9999 -9999 -9999 -9999 -9999 -9999 -9999 -9999 -9999 -9999 -9999 -9999 -9999 -9999 -9999 -9999 -9999 -9999 -9999 -9999 -9999 -9999 -9999 -9999 -9999 -9999 -9999 -9999 -9999
-9999 -9999 -9999 -9999 -9999 -9999 -9999 219.269 232.194 246.292 282.856 277.612 319.77 288.784 272.23 259.988 255.104 270.478 272.178 229.631 221.761 216.598 168.419 149.617 120.77 99.81 84.996 64.756 60.897 -9999 -9999 -9999 -9999 -9999 -9999 -9999 -9999 -9999 -9999 -9999 -9999 -9999 -9999 -9999 -9999 -9999 -9999 -9999 -9999 -9999 -9999 -9999 -9999 -9999 -9999 -9999 -9999 -9999 -9999 -9999 -9999 -9999 -9999 -9999 -9999 -9999 -9999 -9999 -9999 -9999 -9999 -9999 -9999 -9999
215.945 -9999 -9999 -9999 -9999 -9999 -9999 -9999 235.019 258.158 279.584 343.71 332.902 327.227 301.232 299.881 301.683 265.418 215.812 197.188 218.783 196.909 169.809 145.479 106.187 90.383 70.483 65.343 66.576 -9999 -9999 -9999 -9999 -9999 -9999 -9999 -9999 -9999 -9999 -9999 -9999 -9999 -9999 -9999 -9999 -9999 -9999 -9999 -9999 -9999 -9999 -9999 -9999 -9999 -9999 -9999 -9999 -9999 -9999 -9999 -9999 -9999 -9999 -9999 -9999 -9999 -9999 -9999 -9999 -9999 -9999 -9999 -9999 -9999
232.103 -9999 -9999 -9999 -9999 -9999 225.545 236.027 269.274 284.777 302.902 308.393 351.872 333.918 318.074 313.776 274.739 241.86 225.006 191.94 197.122 213.674 168.351 115.568 87.176 71.404 -9999 70.922 -9999 -9999 -9999 -9999 -9999 -9999 61.845 59.037 57.571 -9999 -9999 -9999 -9999 -9999 -9999 -9999 -9999 -9999 -9999 -9999 -9999 -9999 -9999 -9999 -9999 -9999 -9999 -9999 -9999 -9999 -9999 -9999 -9999 -9999 -9999 -9999 -9999 -9999 -9999 -9999 -9999 -9999 -9999 -9999 -9999 -9999
234.095 220.426 -9999 -9999 -9999 -9999 -9999 256.852 278.574 306.965 309.955 346.912 325.423 319.435 301.618 301.427 258.723 222.262 180.026 185.089 208.758 174.421 131.401 102.327 87.943 79.648 73.034 -9999 -9999 -9999 -9999 53.475 54.425 55.536 58.319 59.746 57.633 56.649 56.177 63.389 69.195 70.127 64.122 60.237 64.072 70.741 76.813 78.205 76.208 73.217 71.456 73.222 76.582 -9999 -9999 -9999 -9999 -9999 -9999 -9999 -9999 -9999 -9999 -9999 -9999 -9999 -9999 -9999 -9999 -9999 -9999 -9999 -9999 -9999
277.082 277.85 -9999 -9999 -9999 231.834 -9999 245.91 257.103 306.178 363.715 344.796 320.695 286.735 293.076 265.417 251.416 219.755 204.095 175.426 150.389 137.045 111.56 94.098 92.645 78.43 -9999 -9999 -9999 -9999 59.839 57.414 58.35 60.422 64.58 58.245 60.331 63.091 64.117 79.3 77.127 75.132 67.593 65.042 70.975 71.782 73.311 76.08 77.17 73.957 75.474 83.897 76.346 -9999 -9999 -9999 -9999 -9999 -9999 -9999 -9999 -9999 -9999 -9999 -9999 -9999 -9999 -9999 -9999 -9999 -9999 -9999 -9999 -9999
281.497 278.115 -9999 -9999 -9999 235.873 238.562 241.252 310.626 371.14 362.861 368.876 313.924 313.593 288.548 263.124 232.861 217.284 217.929 181.947 165.199 125.312 95.41 95.727 78.795 -9999 -9999 64.365 61.701 62.657 63.777 65.662 66.005 69.899 74.732 79.192 83.745 78.523 76.945 76.437 74.67 73.171 73.416 80.378 72.354 71.16 74.196 79.547 78.582 82.014 91.598 81.868 76.367 78.938 -9999 -9999 -9999 -9999 -9999 -9999 -9999 -9999 -9999 -9999 -9999 -9999 -9999 -9999 -9999 -9999 -9999 -9999 -9999 -9999
263.236 264.926 -9999 239.395 -9999 213.606 219.611 299.64 364.801 344.577 385.591 367.29 349.538 330.902 311.724 305.063 261.865 244.763 219.433 200.558 155.787 123.706 87.188 74.695 72.213 -9999 80.486 78.564 70.377 66.248 65.42 68.47 81.315 85.992 88.535 98.879 93.684 83.892 84.2 85.014 84.613 79.782 77.89 75.182 78.793 74.897 76.263 81.042 86.556 92.708 86.897 80.727 74.409 76.047 -9999 -9999 -9999 -9999 -9999 -9999 -9999 -9999 -9999 -9999 -9999 -9999 -9999 -9999 -9999 -9999 -9999 -9999 -9999 -9999
261.152 -9999 244.628 -9999 -9999 -9999 292.244 397.434 344.552 336.389 289.219 313.032 318.861 315.411 331.483 309.87 304.481 274.828 247.268 197.086 156.061 112.384 93.91 99.783 85.042 84.324 94.681 98.907 100.944 88.89 77.999 89.802 96.352 103.967 103.268 88.338 84.442 79.446 79.206 88.799 81.855 76.545 70.608 75.017 80.011 82.572 79.52 83.391 84.324 79.406 79.106 78.789 78.707 78.868 -9999 -9999 -9999 -9999 -9999 -9999 -9999 -9999 -9999 -9999 -9999 -9999 -9999 -9999 -9999 -9999 -9999 -9999 -9999 -9999
274.601 261.395 -9999 -9999 -9999 -9999 314.651 314.954 297.922 -9999 292.799 315.513 324.45 314.326 315.363 311.743 268.813 244.033 234.888 202.96 171.893 139.819 131.72 121.62 87.403 96.184 95.382 112.55 127.308 111.311 88.899 82.536 103.238 114.335 95.082 86.693 95.624 84.132 97.169 94.417 83.113 81.319 73.185 80.765 94.311 83.203 83.435 82.009 81.698 76.622 78.314 82.382 76.568 76.973 -9999 -9999 -9999 -9999 -9999 -9999 -9999 -9999 -9999 -9999 -9999 -9999 -9999 -9999 -9999 -9999 -9999 -9999 -9999 -9999
337.353 336.769 -9999 -9999 -9999 255.77 -9999 -9999 244.519 257.77 299.273 349.041 360.327 345.309 348.776 314.291 290.2 235.61 201.636 178.869 167.078 153.627 148.364 92.249 95.905 98.168 120.961 120.496 124.197 126.448 94.622 91.449 99.496 94.686 88.772 101.086 98.843 100.242 102.982 98.214 105.91 94.643 89.183 95.951 86.538 82.627 84.513 89.813 82.423 77.666 79.733 81.446 75.099 -9999 -9999 -9999 -9999 -9999 -9999 -9999 -9999 -9999 -9999 -9999 -9999 -9999 -9999 -9999 -9999 -9999 -9999 -9999 -9999 -9999
391.325 392.683 324.906 267.928 -9999 -9999 -9999 273.918 236.983 -9999 303.34 323.136 340.388 355.702 343.879 344.521 283.143 205.359 190.269 181.842 178.073 163.313 125.948 121.671 111.328 126.465 124.363 120.809 130.392 116.902 90.898 91.901 86.343 88.612 110.384 103.109 111.302 127.282 106.524 106.591 109.566 92.101 84.452 84.929 84.464 78.814 85.48 86.183 86.439 80.779 80.851 78.664 -9999 -9999 -9999 -9999 -9999 -9999 -9999 -9999 -9999 -9999 -9999 -9999 -9999 -9999 -9999 -9999 -9999 -9999 -9999 -9999 -9999 -9999
384.619 382.126 332.634 287.573 -9999 268.824 282.24 283.451 290.908 335.099 339.603 348.109 378.838 385.945 341.068 287.251 260.931 233.695 223.949 214.704 192.349 157.191 136.565 136.597 159.54 157.772 135.437 131.251 120.506 82.622 83.77 91.916 92.242 100.319 89.015 98.056 114.347 119.584 122.702 129.763 127.968 98.494 100.468 94.45 98.078 106.12 88.75 85.152 91.171 96.037 88.316 73.833 -9999 -9999 -9999 -9999 -9999 -9999 -9999 -9999 -9999 -9999 -9999 -9999 -9999 -9999 -9999 -9999 -9999 -9999 -9999 -9999 -9999 -9999
341.412 341.826 308.863 277.687 268.859 263.852 291.272 -9999 292.732 351.915 407.603 448.119 419.436 385.015 325.174 331.958 293.656 262.675 224.876 195.435 179.088 142.349 135.457 170.74 190.911 163.175 155.54 156.953 118.805 118.228 94.877 89.183 82.595 85.396 102.282 103.788 120.957 132.236 122.724 119.422 110.822 95.7 84.894 76.28 90.415 86.594 79.607 82.855 88.115 86.534 74.561 -9999 -9999 -9999 -9999 -9999 -9999 -9999 -9999 -9999 -9999 -9999 -9999 -9999 -9999 -9999 -9999 -9999 -9999 -9999 -9999 -9999 -9999 -9999
331.604 -9999 -9999 -9999 247.038 268.874 -9999 278.899 335.71 423.812 480.928 455.666 466.629 421.837 389.088 342.801 274.637 247.692 235.929 226.464 173.532 158.029 179.138 218.034 223.947 214.491 209.438 164.271 164.936 134.255 116.868 132.237 113.952 136.531 132.191 135.474 133.726 118.795 98.697 102.356 98.289 99.402 92.397 83.19 89.75 86.898 82.91 81.852 85.486 83.808 77.981 -9999 -9999 -9999 -9999 -9999 -9999 -9999 -9999 -9999 -9999 -9999 -9999 -9999 -9999 -9999 -9999 -9999 -9999 -9999 -9999 -9999 -9999 -9999
-9999 -9999 -9999 252.288 246.735 -9999 244.565 281.904 -9999 408.85 411.942 464.443 464.906 458.017 396.389 325.493 306.932 283.351 236.679 197.675 207.309 202.767 230.446 267.628 267.653 250.552 212.147 166.888 129.418 111.311 130.064 141.148 159.237 167.313 157.26 138.512 130.821 112.038 108.831 97.59 98.453 100.977 87.942 92.151 98.35 92.13 87.424 81.923 89.592 90.978 79.755 -9999 -9999 -9999 -9999 -9999 -9999 -9999 -9999 -9999 -9999 -9999 -9999 -9999 -9999 -9999 -9999 -9999 -9999 -9999 -9999 -9999 -9999 -9999
-9999 -9999 -9999 238.294 -9999 -9999 247.611 288.276 353.684 376.677 448.181 466.92 424.002 393.38 356.618 303.936 259.146 235.664 231.25 257.077 264.321 270.024 289.369 292.768 272.15 225.654 155.718 121.112 127.376 163.929 193.789 232.711 235.242 208.613 187.097 173.741 142.163 119.825 104.929 98.642 86.307 86.362 89.457 95.585 105.728 120.769 99.406 89.843 87.543 86.104 78.435 -9999 -9999 -9999 -9999 -9999 -9999 -9999 -9999 -9999 -9999 -9999 -9999 -9999 -9999 -9999 -9999 -9999 -9999 -9999 -9999 -9999 -9999 -9999
-9999 -9999 -9999 -9999 -9999 -9999 -9999 309.823 331.951 347.627 447.255 447.933 403.916 402.177 363.383 314.799 301.599 307.317 313.643 297.955 299.592 271.223 254.033 246.838 231.489 178.056 127.8 128.03 155.127 196.003 241.541 229.483 227.496 209.531 195.801 171.416 144.377 125.457 113.304 96.362 84.986 92.163 87.048 92.452 112.178 102.169 95.443 89.947 91.28 87.362 -9999 -9999 -9999 -9999 -9999 -9999 -9999 -9999 -9999 -9999 -9999 -9999 -9999 -9999 -9999 -9999 -9999 -9999 -9999 -9999 -9999 -9999 -9999 -9999
-9999 -9999 -9999 -9999 -9999 215.057 246.81 -9999 329.988 376.688 475.959 433.715 382.723 358.302 343.93 363.009 370.045 341.47 283.779 290.705 282.804 265.086 222.979 200.828 173.495 154.481 172.759 178.612 196.552 230.277 220.923 208.064 160.702 165.635 155.22 126.496 122.238 122.571 134.54 126.045 115.525 113.547 121.19 117.841 101.744 114.161 118.713 108.877 98.524 88.076 -9999 -9999 -9999 -9999 -9999 -9999 -9999 -9999 -9999 -9999 -9999 -9999 -9999 -9999 -9999 -9999 -9999 -9999 -9999 -9999 -9999 -9999 -9999 -9999
-9999 -9999 -9999 -9999 207.319 207.447 275.41 322.3 378.979 448.228 464.969 433.728 367.468 323.789 333.404 331.625 324.353 331.059 315.147 331.734 327.651 241.631 230.357 194.102 187.046 192.317 217.847 220.075 223.903 214.171 212.672 173.669 154.717 153.466 167.727 164.881 160.685 151.15 148.191 168.822 179.373 168.812 155.791 141.152 146.057 144.476 125.756 102.995 94.2 -9999 -9999 -9999 -9999 -9999 -9999 -9999 -9999 -9999 -9999 -9999 -9999 -9999 -9999 -9999 -9999 -9999 -9999 -9999 -9999 -9999 -9999 -9999 -9999 -9999
-9999 -9999 -9999 -9999 199.709 -9999 280.993 322.931 368.898 441.358 443.72 349.392 323.803 333.512 286.833 267.87 281.97 291.614 315.835 307.376 248.94 252.048 253.554 230.472 215.249 257.528 253.656 256.641 246.814 244.253 228.868 205.295 184.89 195.858 198.863 205.95 205.259 166.221 189.613 197.268 165.477 166.659 169.246 154.634 147.548 135.614 109.21 102.64 89.454 -9999 -9999 -9999 -9999 -9999 -9999 -9999 -9999 -9999 -9999 -9999 -9999 -9999 -9999 -9999 -9999 -9999 -9999 -9999 -9999 -9999 -9999 -9999 -9999 -9999
-9999 -9999 -9999 -9999 -9999 -9999 309.111 346.43 363.188 408.914 361.214 297.872 296.197 270.781 244.599 254.178 274.766 313.385 294.771 299.792 282.318 289.86 257.658 226.475 245.428 269.64 262.569 257.83 232.131 239.856 216.02 207.695 236.191 230.626 230.792 253.579 237.351 233.72 232.053 203.887 183.43 169.366 146.768 142.727 141.923 115.879 98.691 94.673 81.71 -9999 -9999 -9999 -9999 -9999 -9999 -9999 -9999 -9999 -9999 -9999 -9999 -9999 -9999 -9999 -9999 -9999 -9999 -9999 -9999 -9999 -9999 -9999 -9999 -9999
-9999 -9999 -9999 -9999 244.273 259.54 292.121 313.75 337.488 374.901 330.951 339.72 342.95 -9999 304.753 378.553 397.389 376.168 359.897 360.792 341.674 322.707 300.912 274.047 254.828 243.458 228.89 199.288 196.172 206.023 188.078 222.791 213.796 212.729 206.882 234.387 245.501 227.061 195.52 194.473 181.51 154.602 154.672 128.302 113.265 100.22 93.055 92.854 60.465 -9999 -9999 -9999 -9999 -9999 -9999 -9999 -9999 -9999 -9999 -9999 -9999 -9999 -9999 -9999 -9999 -9999 -9999 -9999 -9999 -9999 -9999 -9999 -9999 -9999
231.338 206.223 207.248 238.191 -9999 262.396 290.954 306.002 308.441 341.624 354.838 353.523 -9999 354.273 408.789 423.993 459.477 402.777 370.404 337.779 347.44 325.63 308.029 270.932 236.95 214.825 188.148 156.433 168.738 159.691 189.539 193.191 197.148 188.529 182.824 198.132 200.321 183.034 181.647 173.9 157.885 148.254 117.755 105.268 95.22 90.13 97.407 68.177 -9999 -9999 -9999 -9999 -9999 -9999 -9999 -9999 -9999 -9999 -9999 -9999 -9999 -9999 -9999 -9999 -9999 -9999 -9999 -9999 -9999 -9999 -9999 -9999 -9999 -9999
201.362 204.548 225.37 266.268 280.492 -9999 301.274 314.584 339.22 346.198 335.402 315.355 321.48 378.692 398.363 405.75 427.65 397.006 364.027 333.902 309.354 265.306 252.261 230.289 220.587 228.139 165.91 162.527 143.479 150.742 162.141 181.085 168.056 152.573 162.444 182.843 173.257 168.125 150.858 152.271 130.142 105.966 97.5 95.103 89.522 86.979 -9999 -9999 -9999 -9999 -9999 -9999 -9999 -9999 -9999 -9999 -9999 -9999 -9999 -9999 -9999 -9999 -9999 -9999 -9999 -9999 -9999 -9999 -9999 -9999 -9999 -9999 -9999 -9999
-9999 -9999 -9999 259.848 -9999 303.626 323.918 352.297 382.562 375.208 -9999 -9999 375.751 383.753 393.513 436.373 417.062 400.544 353.952 319.545 243.31 216.941 203.137 200.46 224.131 211.653 186.31 154.165 150.504 144.455 154.291 159.65 155.798 144.687 156.006 158.648 154.264 137.779 132.395 119.124 101.855 83.415 81.457 90.021 83.567 -9999 -9999 -9999 -9999 -9999 -9999 -9999 -9999 -9999 -9999 -9999 -9999 -9999 -9999 -9999 -9999 -9999 -9999 -9999 -9999 -9999 -9999 -9999 -9999 -9999 -9999 -9999 -9999 -9999
217.365 226.441 -9999 267.702 313.279 315.312 339.527 370.373 387.523 -9999 -9999 364.396 421.941 442.933 455.761 421.002 423.687 388.803 341.37 285.073 252.967 238.863 250.127 247.193 262.786 262.628 218.375 183.14 170.148 149.557 142.017 138.604 150.01 149.225 142.102 135.344 123.6 106.102 101.039 93.079 86.212 78.095 78.131 81.995 79.44 78.166 -9999 -9999 -9999 -9999 -9999 -9999 -9999 -9999 -9999 -9999 -9999 -9999 -9999 -9999 -9999 -9999 -9999 -9999 -9999 -9999 -9999 -9999 -9999 -9999 -9999 -9999 -9999 -9999
