Validation/Results/raw data/ReClimate_04_2024_2_Temperature-Actualsweatherlogisticsltd.asc
NCOLS 192
NROWS 249
XLLCENTER -225160.85627316462
YLLCENTER 29788.11610251502
CELLSIZE 5000.0
NODATA_VALUE -9999
[rows 68 to 101 of 249, columns 75 to 149 of 192]
-9999 -9999 -9999 -9999 -9999 -9999 -9999 -9999 -9999 -9999 -9999 10.922 10.188 11.276 11.836 10.954 10.554 11.215 11.342 11.35 11.554 11.345 11.472 11.076 11.107 11.426 10.823 11.102 11.775 -9999 -9999 -9999 -9999 -9999 -9999 -9999 -9999 -9999 -9999 -9999 -9999 -9999 -9999 -9999 -9999 -9999 -9999 -9999 -9999 -9999 -9999 -9999 -9999 -9999 -9999 -9999 -9999 -9999 -9999 -9999 -9999 -9999 -9999 -9999 -9999 -9999 -9999 -9999 -9999 -9999 -9999 -9999 -9999 -9999 -9999
-9999 -9999 -9999 -9999 -9999 -9999 -9999 -9999 -9999 -9999 -9999 -9999 -9999 11.699 10.951 10.24 11.118 11.593 11.224 11.02 11.193 11.751 11.699 11.031 11.231 11.205 11.934 -9999 -9999 -9999 -9999 -9999 -9999 -9999 -9999 -9999 -9999 -9999 -9999 -9999 -9999 -9999 -9999 -9999 -9999 -9999 -9999 -9999 -9999 -9999 -9999 -9999 -9999 -9999 -9999 -9999 -9999 -9999 -9999 -9999 -9999 -9999 -9999 -9999 -9999 -9999 -9999 -9999 -9999 -9999 -9999 -9999 -9999 -9999 -9999
-9999 -9999 -9999 -9999 -9999 -9999 -9999 12.066 -9999 -9999 11.978 11.501 11.265 11.411 9.852 10.385 10.857 10.719 10.084 10.477 11.041 12.041 11.545 11.42 10.937 11.566 11.863 -9999 -9999 -9999 -9999 -9999 -9999 -9999 -9999 -9999 -9999 -9999 -9999 -9999 -9999 -9999 -9999 -9999 -9999 -9999 -9999 -9999 -9999 -9999 -9999 -9999 -9999 -9999 -9999 -9999 -9999 -9999 -9999 -9999 -9999 -9999 -9999 -9999 -9999 -9999 -9999 -9999 -9999 -9999 -9999 -9999 -9999 -9999 -9999
-9999 -9999 -9999 -9999 -9999 12.152 12.196 12.156 12.215 11.602 11.574 10.343 10.301 10.531 11.374 9.674 9.614 9.589 9.804 10.683 10.519 9.943 11.599 11.808 12.035 12.204 12.217 -9999 -9999 -9999 -9999 -9999 -9999 -9999 -9999 -9999 -9999 -9999 -9999 -9999 -9999 -9999 -9999 -9999 -9999 -9999 -9999 -9999 -9999 -9999 -9999 -9999 -9999 -9999 -9999 -9999 -9999 -9999 -9999 -9999 -9999 -9999 -9999 -9999 -9999 -9999 -9999 -9999 -9999 -9999 -9999 -9999 -9999 -9999 -9999
-9999 -9999 -9999 -9999 -9999 12.13 12.12 -9999 12.112 11.155 10.323 10.084 8.869 11.377 10.137 8.992 8.93 9.168 9.74 9.423 8.784 10.125 10.67 10.717 11.497 11.44 -9999 11.938 -9999 -9999 -9999 -9999 -9999 -9999 -9999 -9999 -9999 -9999 -9999 -9999 -9999 -9999 -9999 -9999 -9999 -9999 -9999 -9999 -9999 -9999 -9999 -9999 -9999 -9999 -9999 -9999 -9999 -9999 -9999 -9999 -9999 -9999 -9999 -9999 -9999 -9999 -9999 -9999 -9999 -9999 -9999 -9999 -9999 -9999 -9999
-9999 -9999 -9999 -9999 -9999 -9999 11.687 11.873 11.948 10.722 10.772 8.819 10.331 10.505 10.44 10.178 9.847 9.123 9.513 9.172 9.797 10.851 10.594 10.81 11.024 11.424 11.987 11.88 -9999 -9999 -9999 -9999 -9999 -9999 -9999 -9999 -9999 -9999 -9999 -9999 -9999 -9999 -9999 -9999 -9999 -9999 -9999 -9999 -9999 -9999 -9999 -9999 -9999 -9999 -9999 -9999 -9999 -9999 -9999 -9999 -9999 -9999 -9999 -9999 -9999 -9999 -9999 -9999 -9999 -9999 -9999 -9999 -9999 -9999 -9999
-9999 -9999 -9999 -9999 -9999 -9999 -9999 12.323 11.885 11.484 8.98 9.875 9.939 10.127 9.045 8.477 9.591 10.321 9.994 9.262 10.261 10.919 10.627 11.264 11.457 12.089 11.942 11.432 -9999 -9999 -9999 -9999 -9999 -9999 -9999 -9999 -9999 -9999 -9999 -9999 -9999 -9999 -9999 -9999 -9999 -9999 -9999 -9999 -9999 -9999 -9999 -9999 -9999 -9999 -9999 -9999 -9999 -9999 -9999 -9999 -9999 -9999 -9999 -9999 -9999 -9999 -9999 -9999 -9999 -9999 -9999 -9999 -9999 -9999 -9999
-9999 -9999 -9999 -9999 -9999 11.062 11.325 11.022 10.868 10.681 11.447 10.097 10.174 9.754 9.386 10.079 10.352 10.13 10.296 9.949 9.176 10.383 11.275 12.148 12.292 -9999 11.642 -9999 -9999 -9999 -9999 -9999 -9999 12.208 12.316 12.343 -9999 -9999 -9999 -9999 -9999 -9999 -9999 -9999 -9999 -9999 -9999 -9999 -9999 -9999 -9999 -9999 -9999 -9999 -9999 -9999 -9999 -9999 -9999 -9999 -9999 -9999 -9999 -9999 -9999 -9999 -9999 -9999 -9999 -9999 -9999 -9999 -9999 -9999 -9999
11.687 -9999 -9999 -9999 -9999 -9999 10.758 10.263 10.149 11.046 10.698 11.515 10.249 10.335 9.971 10.685 10.942 11.754 11.02 9.576 10.475 11.233 12.055 11.967 11.584 11.501 -9999 -9999 -9999 -9999 12.394 12.489 12.431 12.292 12.354 12.446 12.415 12.412 12.107 11.527 11.27 11.61 11.968 12.109 11.953 11.384 10.976 11.041 11.367 11.47 11.352 11.253 -9999 -9999 -9999 -9999 -9999 -9999 -9999 -9999 -9999 -9999 -9999 -9999 -9999 -9999 -9999 -9999 -9999 -9999 -9999 -9999 -9999 -9999 -9999
9.988 -9999 -9999 -9999 10.436 -9999 10.99 11.736 10.952 9.329 12.106 10.889 11.149 10.388 10.943 10.53 10.922 10.751 11.378 11.748 11.81 11.993 12.112 11.425 11.345 -9999 -9999 -9999 -9999 12.036 12.352 12.546 12.071 11.769 12.286 12.256 12.183 12.284 11.249 10.777 11.004 11.504 11.834 11.699 11.826 11.641 11.227 11.056 11.329 11.297 10.986 11.264 -9999 -9999 -9999 -9999 -9999 -9999 -9999 -9999 -9999 -9999 -9999 -9999 -9999 -9999 -9999 -9999 -9999 -9999 -9999 -9999 -9999 -9999 -9999
11.103 -9999 -9999 -9999 9.971 10.2 11.557 11.271 8.92 10.438 9.819 11.516 10.453 10.729 10.695 11.001 10.905 10.224 10.683 11.024 12.118 12.413 11.709 12.147 -9999 -9999 11.856 12.06 12.028 11.995 12.239 12.12 11.713 11.781 11.388 11.322 11.827 11.591 11.167 11.256 11.492 11.667 11.367 11.764 11.851 11.586 11.189 11.227 11.282 11.166 11.125 11.268 11.249 -9999 -9999 -9999 -9999 -9999 -9999 -9999 -9999 -9999 -9999 -9999 -9999 -9999 -9999 -9999 -9999 -9999 -9999 -9999 -9999 -9999 -9999
11.537 -9999 11.328 -9999 11.119 11.253 10.673 10.056 10.576 8.727 10.408 11.054 10.502 10.007 9.855 10.451 10.485 10.413 9.957 10.895 11.628 12.39 12.594 12.781 -9999 11.639 11.441 11.63 11.616 11.813 11.967 11.464 11.28 10.92 10.598 11.147 11.619 11.062 10.903 10.971 11.459 11.967 12.119 12.058 11.744 11.481 11.216 11.137 11.125 11.372 11.476 11.267 11.176 -9999 -9999 -9999 -9999 -9999 -9999 -9999 -9999 -9999 -9999 -9999 -9999 -9999 -9999 -9999 -9999 -9999 -9999 -9999 -9999 -9999 -9999
-9999 11.508 -9999 -9999 -9999 9.967 9.264 10.789 10.131 11.619 11.375 11.002 10.387 9.59 9.648 8.919 9.201 9.508 10.559 11.34 12.385 12.183 11.523 12.23 12.142 11.224 10.721 10.499 10.923 11.292 11.098 10.893 10.398 10.42 11.316 11.591 11.503 11.402 10.91 11.109 11.815 12.224 12.251 11.743 11.389 11.476 11.288 11.052 10.971 11.32 11.286 11.167 11.018 -9999 -9999 -9999 -9999 -9999 -9999 -9999 -9999 -9999 -9999 -9999 -9999 -9999 -9999 -9999 -9999 -9999 -9999 -9999 -9999 -9999 -9999
12.135 -9999 -9999 -9999 -9999 10.742 11.673 11.512 -9999 11.261 10.357 10.03 10.527 10.467 10.122 10.547 10.664 10.471 10.717 11.067 11.318 10.693 10.626 11.987 11.329 11.011 10.158 9.724 10.343 10.83 10.768 10.285 9.99 11.151 11.544 10.747 11.185 10.598 10.571 11.26 11.544 12.122 11.601 10.996 11.425 11.438 11.491 11.147 11.397 11.263 11.059 11.178 11.015 -9999 -9999 -9999 -9999 -9999 -9999 -9999 -9999 -9999 -9999 -9999 -9999 -9999 -9999 -9999 -9999 -9999 -9999 -9999 -9999 -9999 -9999
12.077 -9999 -9999 -9999 11.661 -9999 -9999 12.039 11.887 10.674 9.101 9.25 9.631 9.021 10.202 10.685 10.819 11.34 11.041 10.718 10.688 10.395 12.175 11.344 11.072 9.909 10.173 10.019 9.706 10.36 10.362 10.291 10.972 11.623 10.725 10.802 10.735 10.369 10.605 10.357 11.256 11.418 10.758 11.349 11.497 11.377 11.02 11.467 11.624 11.476 11.147 11.125 -9999 -9999 -9999 -9999 -9999 -9999 -9999 -9999 -9999 -9999 -9999 -9999 -9999 -9999 -9999 -9999 -9999 -9999 -9999 -9999 -9999 -9999 -9999
11.396 11.415 11.811 -9999 -9999 -9999 10.705 12.275 -9999 10.987 11.276 10.632 9.024 8.576 8.48 9.752 11.385 11.121 10.387 10.052 10.855 12.133 11.122 11.09 10.221 10.017 10.258 9.75 9.752 10.652 10.862 11.106 11.017 10.116 10.75 10.388 9.373 10.138 10.242 10.558 11.34 11.085 11.429 11.689 11.744 11.503 11.617 11.486 11.662 11.479 11.194 -9999 -9999 -9999 -9999 -9999 -9999 -9999 -9999 -9999 -9999 -9999 -9999 -9999 -9999 -9999 -9999 -9999 -9999 -9999 -9999 -9999 -9999 -9999 -9999
10.278 10.927 11.742 -9999 11.355 10.241 10.238 10.798 10.179 11.514 11.568 9.709 7.908 8.513 10.476 10.756 10.966 10.072 9.288 9.966 11.228 11.368 10.539 9.306 9.013 9.827 9.802 9.715 11.027 11.301 11.176 10.562 9.852 10.958 10.973 10.242 9.899 9.609 9.754 10.008 11.01 10.524 11.023 10.783 10.445 11.618 11.765 11.427 11.309 11.357 11.192 -9999 -9999 -9999 -9999 -9999 -9999 -9999 -9999 -9999 -9999 -9999 -9999 -9999 -9999 -9999 -9999 -9999 -9999 -9999 -9999 -9999 -9999 -9999 -9999
10.784 11.449 12.113 11.528 11.171 10.033 -9999 11.271 10.645 9.751 9.241 9.572 9.412 10.328 9.273 10.126 10.098 10.105 10.698 10.97 11.307 10.787 9.197 8.325 9.422 9.765 9.231 10.611 10.719 11.614 11.287 10.688 10.551 10.314 10.313 9.802 9.02 9.597 10.04 10.717 11.095 11.339 11.461 10.996 11.539 11.928 11.832 11.665 11.57 11.367 -9999 -9999 -9999 -9999 -9999 -9999 -9999 -9999 -9999 -9999 -9999 -9999 -9999 -9999 -9999 -9999 -9999 -9999 -9999 -9999 -9999 -9999 -9999 -9999 -9999
-9999 -9999 -9999 11.842 10.745 -9999 11.322 10.124 8.504 8.522 10.751 10.805 10.242 8.359 9.297 11.201 11.238 10.652 10.241 11.465 10.874 9.525 8.305 8.409 8.806 8.381 9.773 9.502 10.757 11.092 10.018 10.349 9.191 9.268 8.999 8.61 9.327 10.467 10.609 10.818 10.991 11.011 11.324 11.346 11.686 11.797 11.845 11.823 11.762 11.657 -9999 -9999 -9999 -9999 -9999 -9999 -9999 -9999 -9999 -9999 -9999 -9999 -9999 -9999 -9999 -9999 -9999 -9999 -9999 -9999 -9999 -9999 -9999 -9999 -9999
-9999 -9999 12.043 11.453 -9999 12.098 10.923 -9999 10.328 11.729 10.493 10.402 8.187 8.837 10.409 9.876 9.767 10.658 11.666 10.147 9.568 8.686 7.856 7.877 7.722 8.42 9.449 10.729 11.765 10.83 10.613 8.993 8.332 8.787 9.27 9.272 10.019 10.085 10.378 10.907 10.947 10.925 10.867 11.154 11.41 11.419 11.714 11.52 11.478 11.711 -9999 -9999 -9999 -9999 -9999 -9999 -9999 -9999 -9999 -9999 -9999 -9999 -9999 -9999 -9999 -9999 -9999 -9999 -9999 -9999 -9999 -9999 -9999 -9999 -9999
-9999 -9999 12.441 -9999 -9999 11.698 10.907 10.396 11.693 10.146 10.243 10.536 10.512 10.7 10.95 11.217 11.755 11.741 9.652 8.588 8.341 7.884 7.537 7.318 8.185 10.084 11.044 10.843 9.654 9.612 7.036 6.789 7.974 8.569 8.611 9.616 9.798 10.007 10.409 11.584 11.458 11.351 11.461 11.11 10.125 11.189 11.868 11.791 11.828 11.744 -9999 -9999 -9999 -9999 -9999 -9999 -9999 -9999 -9999 -9999 -9999 -9999 -9999 -9999 -9999 -9999 -9999 -9999 -9999 -9999 -9999 -9999 -9999 -9999 -9999
-9999 -9999 -9999 -9999 -9999 -9999 10.108 10.65 11.284 9.771 9.873 11.279 10.573 10.163 10.466 10.616 10.762 9.352 8.408 8.128 9.148 8.993 8.11 8.126 9.793 11.1 10.851 9.898 8.907 6.836 7.366 7.028 7.79 8.028 8.767 9.234 9.645 10.445 11.661 11.795 11.648 11.998 11.865 10.997 11.471 12.099 12.052 11.667 11.425 -9999 -9999 -9999 -9999 -9999 -9999 -9999 -9999 -9999 -9999 -9999 -9999 -9999 -9999 -9999 -9999 -9999 -9999 -9999 -9999 -9999 -9999 -9999 -9999 -9999 -9999
-9999 -9999 -9999 -9999 12.653 11.834 -9999 10.584 10.607 9.713 11.783 11.682 11.014 10.126 8.761 8.829 9.185 9.889 9.645 9.639 9.161 9.554 9.5 10.103 10.484 9.771 9.513 8.448 7.275 7.837 7.477 8.686 8.952 9.586 10.452 10.24 10.304 10.487 10.529 10.925 11.131 10.701 11.246 11.968 11.708 11.392 11.105 10.978 11.261 -9999 -9999 -9999 -9999 -9999 -9999 -9999 -9999 -9999 -9999 -9999 -9999 -9999 -9999 -9999 -9999 -9999 -9999 -9999 -9999 -9999 -9999 -9999 -9999 -9999 -9999
-9999 -9999 -9999 12.499 12.703 10.814 10.963 9.633 9.15 10.018 9.902 10.713 11.265 10.537 10.774 10.478 9.191 9.462 8.411 7.467 10.552 10.234 10.27 10.047 9.665 8.968 8.728 8.049 8.731 8.924 9.354 9.318 9.649 9.329 9.013 8.538 9.273 9.618 9.002 8.683 9.202 9.836 10.681 10.636 10.608 10.66 10.912 11.084 -9999 -9999 -9999 -9999 -9999 -9999 -9999 -9999 -9999 -9999 -9999 -9999 -9999 -9999 -9999 -9999 -9999 -9999 -9999 -9999 -9999 -9999 -9999 -9999 -9999 -9999 -9999
-9999 -9999 -9999 12.549 -9999 12.267 11.831 11.139 10.608 10.033 11.174 10.921 9.778 11.642 11.86 10.849 10.416 9.259 9.236 11.13 10.056 8.777 9.225 9.422 7.818 8.742 8.484 8.242 8.198 8.644 8.642 8.817 8.504 8.524 7.726 7.819 9.736 8.668 8.796 10.366 10.248 9.798 10.269 10.133 10.36 11.193 10.98 11.134 -9999 -9999 -9999 -9999 -9999 -9999 -9999 -9999 -9999 -9999 -9999 -9999 -9999 -9999 -9999 -9999 -9999 -9999 -9999 -9999 -9999 -9999 -9999 -9999 -9999 -9999 -9999
-9999 -9999 -9999 -9999 -9999 11.431 10.363 12.143 12.081 12.256 12.401 11.614 12.338 12.13 11.538 10.9 9.569 10.633 10.678 10.106 8.322 9.195 10.237 8.603 7.855 8.977 8.633 8.858 8.083 8.557 8.759 7.371 7.78 7.61 6.696 8.226 8.422 8.093 9.335 10.149 10.563 11.3 10.85 10.372 11.307 11.59 11.353 11.185 -9999 -9999 -9999 -9999 -9999 -9999 -9999 -9999 -9999 -9999 -9999 -9999 -9999 -9999 -9999 -9999 -9999 -9999 -9999 -9999 -9999 -9999 -9999 -9999 -9999 -9999 -9999
-9999 -9999 -9999 12.488 12.25 11.005 11.532 12.213 10.547 11.569 10.79 10.842 -9999 10.75 7.269 8.092 8.779 9.057 8.52 8.177 8.248 8.554 8.511 8.564 9.281 9.705 10.197 9.606 9.149 9.265 7.878 8.953 8.975 8.903 8.218 8.08 8.705 10.074 9.442 9.845 10.732 10.352 11.202 11.747 11.997 11.689 11.09 11.488 -9999 -9999 -9999 -9999 -9999 -9999 -9999 -9999 -9999 -9999 -9999 -9999 -9999 -9999 -9999 -9999 -9999 -9999 -9999 -9999 -9999 -9999 -9999 -9999 -9999 -9999 -9999
12.453 12.355 12.18 -9999 12.49 11.994 12.059 11.145 10.237 10.226 10.814 -9999 10.402 7.292 7.895 8.024 9.391 9.38 9.43 8.711 8.85 8.279 8.95 9.834 10.188 10.516 11.113 10.711 10.935 9.566 9.604 9.647 9.78 9.873 9.548 9.385 10.025 9.976 9.881 9.952 9.918 11.454 11.984 12.219 11.961 11.181 11.417 -9999 -9999 -9999 -9999 -9999 -9999 -9999 -9999 -9999 -9999 -9999 -9999 -9999 -9999 -9999 -9999 -9999 -9999 -9999 -9999 -9999 -9999 -9999 -9999 -9999 -9999 -9999 -9999
12.409 12.12 11.308 11.629 -9999 12.22 11.921 11.242 10.483 11.35 12.2 11.412 9.622 9.348 10.442 9.409 9.961 9.806 9.765 9.603 10.009 9.595 10.375 9.946 9.165 10.8 10.702 11.256 11.063 10.537 9.878 10.335 10.723 10.378 9.796 10.094 10.116 10.582 10.313 10.54 11.417 11.974 12.053 11.965 11.718 -9999 -9999 -9999 -9999 -9999 -9999 -9999 -9999 -9999 -9999 -9999 -9999 -9999 -9999 -9999 -9999 -9999 -9999 -9999 -9999 -9999 -9999 -9999 -9999 -9999 -9999 -9999 -9999 -9999 -9999
-9999 -9999 11.596 -9999 11.319 11.326 11.123 9.594 9.849 -9999 -9999 9.881 10.887 11.597 9.317 9.858 9.208 9.909 9.463 11.081 11.176 11.498 11.487 10.774 11.048 10.582 11.241 10.753 10.888 10.992 10.693 10.668 11.109 10.672 10.591 10.558 10.936 10.68 11.155 11.793 12.2 12.188 11.985 12.124 -9999 -9999 -9999 -9999 -9999 -9999 -9999 -9999 -9999 -9999 -9999 -9999 -9999 -9999 -9999 -9999 -9999 -9999 -9999 -9999 -9999 -9999 -9999 -9999 -9999 -9999 -9999 -9999 -9999 -9999 -9999
11.821 -9999 11.482 10.57 11.57 11.067 10.833 11.342 -9999 -9999 10.823 9.827 10.44 9.338 10.957 10.652 10.356 10.336 10.99 11.053 10.955 10.704 10.417 9.7 8.699 10.036 10.504 10.631 11.862 12.043 11.707 10.838 10.829 11.171 11.152 11.333 11.497 11.52 11.94 12.221 12.241 12.064 12.048 11.758 11.661 -9999 -9999 -9999 -9999 -9999 -9999 -9999 -9999 -9999 -9999 -9999 -9999 -9999 -9999 -9999 -9999 -9999 -9999 -9999 -9999 -9999 -9999 -9999 -9999 -9999 -9999 -9999 -9999 -9999 -9999
11.378 11.361 11.76 11.716 11.42 11.295 11.273 -9999 -9999 12.587 10.679 11.902 10.848 11.628 10.334 9.017 10.358 10.332 10.468 9.513 9.077 9.614 10.411 10.723 10.979 11.405 10.808 11.394 11.421 11.31 11.011 10.95 11.192 11.65 11.926 12.131 12.194 12.123 12.008 11.962 12.044 12.045 11.97 11.946 -9999 -9999 -9999 -9999 -9999 -9999 -9999 -9999 -9999 -9999 -9999 -9999 -9999 -9999 -9999 -9999 -9999 -9999 -9999 -9999 -9999 -9999 -9999 -9999 -9999 -9999 -9999 -9999 -9999 -9999 -9999
10.544 11.882 -9999 -9999 12.251 11.146 -9999 -9999 -9999 12.441 11.59 9.403 10.302 8.673 9.713 10.921 10.711 10.031 9.672 9.64 9.665 10.476 10.239 9.936 10.987 11.585 10.739 10.173 10.105 10.856 11.298 12.093 11.915 12.508 12.619 12.677 12.262 11.491 11.472 11.617 11.758 11.781 12.055 12.125 -9999 -9999 -9999 -9999 -9999 -9999 -9999 -9999 -9999 -9999 -9999 -9999 -9999 -9999 -9999 -9999 -9999 -9999 -9999 -9999 -9999 -9999 -9999 -9999 -9999 -9999 -9999 -9999 -9999 -9999 -9999
-9999 12.422 12.493 12.084 -9999 -9999 -9999 -9999 11.423 11.364 9.815 10.693 10.587 9.508 10.492 10.572 9.844 8.522 9.729 8.627 10.648 10.059 9.185 11.341 12.358 10.202 8.91 9.266 11.079 11.061 11.627 11.787 12.442 12.651 12.665 12.249 11.207 11.59 11.786 12.024 11.912 11.989 12.248 -9999 -9999 -9999 -9999 -9999 -9999 -9999 -9999 -9999 -9999 -9999 -9999 -9999 -9999 -9999 -9999 -9999 -9999 -9999 -9999 -9999 -9999 -9999 -9999 -9999 -9999 -9999 -9999 -9999 -9999 -9999 -9999
