Validation/Results/raw data/ReClimate_02_2024_2_Temperature.asc
NCOLS 192
NROWS 249
XLLCENTER -225160.85627316462
YLLCENTER 29788.11610251502
CELLSIZE 5000.0
NODATA_VALUE -9999
[rows 170 to 203 of 249, columns 77 to 153 of 192]
-9999 -9999 -9999 -9999 -9999 -9999 -9999 -9999 -9999 -9999 -9999 -9999 -9999 -9999 -9999 -0.103 -0.091 -9999 -9999 -9999 -9999 -9999 -9999 -9999 -9999 -9999 -9999 -9999 -9999 -9999 -9999 -9999 -9999 -9999 0.052 0.052 0.074 0.1 0.093 0.084 0.086 0.088 0.094 0.101 0.101 0.1 0.107 0.116 0.125 0.137 0.13 0.12 0.122 0.125 0.13 0.138 0.132 0.126 0.125 0.125 0.139 0.159 0.145 0.127 0.124 0.12 0.118 0.117 0.118 0.12 0.118 0.117 0.116 0.116 0.12 0.125 0.123
-9999 -9999 -9999 -9999 -9999 -9999 -9999 -9999 -9999 -9999 -9999 -9999 -9999 -9999 -9999 -0.098 -0.089 -0.08 -9999 -9999 -9999 -9999 -9999 -9999 -9999 -9999 -9999 -9999 -9999 -9999 -9999 -9999 -9999 0.054 0.055 0.047 0.067 0.091 0.087 0.088 0.089 0.087 0.089 0.086 0.085 0.082 0.091 0.111 0.115 0.113 0.121 0.122 0.121 0.122 0.121 0.124 0.125 0.122 0.127 0.13 0.134 0.147 0.142 0.13 0.131 0.131 0.128 0.125 0.122 0.121 0.121 0.12 0.128 0.134 0.13 0.13 0.146
-9999 -9999 -9999 -9999 -9999 -9999 -9999 -9999 -9999 -9999 -9999 -9999 -9999 -9999 -0.095 -0.089 -0.081 -0.073 -0.07 -9999 -9999 -9999 -9999 -9999 -9999 -9999 -9999 -9999 -9999 -9999 0.02 -9999 -9999 0.055 0.052 0.047 0.066 0.089 -9999 0.092 0.091 0.089 0.086 0.082 0.08 0.077 0.092 0.111 0.109 0.106 0.114 0.124 0.123 0.123 0.122 0.121 0.122 0.123 0.127 0.134 0.139 0.145 0.14 0.134 0.136 0.139 0.136 0.132 0.129 0.126 0.126 0.126 0.134 0.145 0.142 0.138 0.153
-9999 -9999 -9999 -9999 -9999 -9999 -9999 -9999 -9999 -9999 -9999 -9999 -9999 -9999 -0.089 -0.089 -0.079 -0.065 -0.06 -0.053 -0.042 -9999 -9999 -9999 -0.021 0.007 -9999 0.015 0.016 0.001 0.01 0.035 -9999 -9999 0.057 0.047 -9999 -9999 0.065 0.08 0.084 0.101 0.094 0.079 0.077 0.074 0.085 0.092 0.104 0.11 0.113 0.12 0.129 0.135 0.132 0.131 0.117 0.11 0.118 0.127 0.124 0.125 0.142 0.149 0.142 0.14 0.136 0.132 0.134 0.133 0.137 0.14 0.129 0.128 0.135 0.136 0.143
-9999 -9999 -9999 -9999 -9999 -9999 -9999 -9999 -9999 -9999 -9999 -9999 -9999 -9999 -9999 -0.082 -0.069 -0.056 -0.05 -0.044 -9999 -9999 -0.031 -0.03 -0.01 0.017 0.018 0.019 0.011 -0.002 0.018 0.042 0.053 -9999 0.06 0.05 0.051 0.053 0.064 0.078 0.091 0.107 0.095 0.08 0.079 0.077 0.081 0.088 0.099 0.113 0.116 0.12 0.129 0.14 0.138 0.136 0.123 0.108 0.116 0.128 0.124 0.121 0.137 0.157 0.151 0.144 0.14 0.136 0.137 0.14 0.144 0.149 0.139 0.128 0.134 0.142 0.149
-9999 -9999 -9999 -9999 -9999 -9999 -9999 -9999 -9999 -9999 -9999 -9999 -9999 -9999 -9999 -0.066 -0.055 -0.054 -0.049 -0.047 -0.038 -0.029 -0.031 -0.025 -0.012 -0.009 -0.005 0.01 0.007 0.019 0.034 0.042 0.052 0.064 0.055 0.042 0.048 0.064 0.073 0.078 0.085 0.086 0.081 0.089 0.089 0.088 0.091 0.09 0.103 0.125 0.119 0.117 0.125 0.135 0.131 0.127 0.129 0.123 0.12 0.125 0.129 0.131 0.126 0.133 0.136 0.133 0.136 0.136 0.147 0.156 0.144 0.14 0.138 0.132 0.14 0.149 0.149
-9999 -9999 -9999 -9999 -9999 -9999 -9999 -9999 -9999 -9999 -9999 -9999 -9999 -9999 -9999 -9999 -0.047 -0.047 -0.045 -0.043 -0.035 -0.027 -0.022 -0.018 -0.017 -0.016 -0.005 0.008 0.018 0.03 0.037 0.044 0.054 0.064 0.054 0.042 0.055 0.071 0.075 0.08 0.08 0.08 0.087 0.095 0.095 0.095 0.093 0.093 0.109 0.13 0.125 0.118 0.125 0.134 0.13 0.126 0.128 0.131 0.128 0.126 0.131 0.138 0.133 0.128 0.13 0.133 0.136 0.14 0.151 0.165 0.155 0.142 0.14 0.138 0.146 0.156 0.156
-9999 -9999 -9999 -9999 -9999 -9999 -9999 -9999 -9999 -9999 -9999 -9999 -9999 -9999 -9999 -9999 -9999 -9999 -0.035 -0.036 -0.029 -0.023 -0.025 -0.037 -0.034 -0.019 -0.016 -0.02 -0.007 0.018 0.027 0.044 0.052 0.06 0.056 0.062 0.069 0.062 0.069 0.085 0.083 0.075 0.078 0.077 0.082 0.099 0.096 0.089 0.102 0.114 0.109 0.102 0.106 0.113 0.115 0.113 0.114 0.115 0.116 0.115 0.118 0.122 0.133 0.138 0.133 0.133 0.135 0.139 0.151 0.166 0.156 0.145 0.146 0.146 0.147 0.151 0.157
-9999 -9999 -9999 -9999 -9999 -9999 -9999 -9999 -9999 -9999 -9999 -9999 -9999 -9999 -9999 -9999 -9999 -0.027 -0.027 -0.028 -0.023 -0.017 -0.027 -0.04 -0.03 -0.017 -0.022 -0.028 -0.008 0.015 0.03 0.047 0.053 0.06 0.066 0.073 0.068 0.061 0.074 0.089 0.083 0.076 0.074 0.072 0.086 0.103 0.097 0.09 0.098 0.11 0.104 0.098 0.102 0.108 0.109 0.112 0.112 0.114 0.114 0.115 0.117 0.12 0.13 0.144 0.14 0.136 0.138 0.141 0.153 0.168 0.159 0.149 0.15 0.153 0.154 0.153 0.159
-9999 -9999 -9999 -9999 -9999 -9999 -9999 -9999 -9999 -9999 -9999 -9999 -9999 -9999 -9999 -9999 -0.025 -0.019 -0.02 -0.025 -0.02 -0.012 -0.016 -0.01 -0.007 -0.019 -0.022 -0.018 -0.006 -0.007 0.009 0.033 0.042 0.062 0.063 0.055 0.052 0.055 0.068 0.086 0.084 0.087 0.083 0.075 0.091 0.115 0.109 0.1 0.103 0.097 0.104 0.105 0.097 0.095 0.103 0.109 0.11 0.111 0.108 0.106 0.113 0.118 0.122 0.132 0.135 0.135 0.137 0.14 0.137 0.142 0.15 0.149 0.147 0.147 0.149 0.151 0.164
-9999 -9999 -9999 -9999 -9999 -9999 -9999 -9999 -9999 -9999 -9999 -9999 -9999 -9999 -9999 -0.026 -0.019 -0.011 -0.015 -0.019 -0.013 -0.006 -0.0 0.007 -0.003 -0.016 -0.014 -0.01 -0.011 -0.012 0.007 0.029 0.046 0.065 0.059 0.051 0.053 0.055 0.07 0.087 0.09 0.093 0.086 0.078 0.098 0.122 0.114 0.106 0.101 0.095 0.102 0.11 0.103 0.094 0.101 0.111 0.111 0.113 0.11 0.107 0.113 0.122 0.125 0.131 0.134 0.139 0.141 0.144 0.141 0.138 0.144 0.153 0.151 0.149 0.151 0.152 0.161
-9999 -9999 -9999 -9999 -9999 -9999 -9999 -9999 -9999 -9999 -9999 -9999 -9999 -0.055 -0.038 -0.027 -0.015 0.005 0.002 -0.007 0.0 0.004 0.008 0.006 -0.003 -0.011 -0.01 -0.01 -0.01 -0.006 0.008 0.019 0.034 0.051 0.048 0.053 0.058 0.069 0.079 0.08 0.082 0.085 0.08 0.08 0.097 0.116 0.108 0.1 0.098 0.101 0.101 0.106 0.103 0.097 0.101 0.108 0.107 0.107 0.103 0.099 0.1 0.104 0.116 0.126 0.132 0.137 0.142 0.147 0.145 0.142 0.146 0.154 0.154 0.152 0.146 0.15 -9999
-9999 -9999 -9999 -9999 -9999 -9999 -9999 -9999 -9999 -9999 -9999 -9999 -0.054 -0.053 -0.041 -0.025 -9999 -9999 -9999 -9999 0.009 0.013 0.012 0.01 0.003 -0.004 -0.005 -0.006 -0.004 -0.001 0.008 0.018 0.031 0.047 0.052 0.057 0.066 0.077 0.078 0.08 0.082 0.084 0.083 0.083 0.098 0.115 0.108 0.1 0.102 0.105 0.106 0.108 0.105 0.102 0.105 0.11 0.109 0.108 0.104 0.099 0.1 0.102 0.113 0.129 0.134 0.141 0.145 0.152 0.15 0.148 0.153 0.159 0.159 0.159 0.151 0.143 0.157
-9999 -9999 -9999 -9999 -9999 -9999 -9999 -9999 -9999 -9999 -9999 -9999 -0.05 -0.059 -0.042 -9999 -9999 -9999 -9999 -9999 0.018 0.021 0.015 -0.001 -0.007 -0.013 -0.013 -0.008 -0.004 0.005 0.016 0.036 0.043 0.04 0.043 0.048 0.052 0.051 0.054 0.067 0.071 0.084 0.086 0.091 0.1 0.103 0.1 0.106 0.104 0.097 0.1 0.103 0.105 0.105 0.102 0.103 0.108 0.11 0.106 0.102 0.112 0.12 0.117 0.124 0.126 0.131 0.136 0.142 0.142 0.141 0.148 0.156 0.162 0.164 0.159 0.153 0.152
-9999 -9999 -9999 -9999 -9999 -9999 -9999 -9999 -9999 -9999 -9999 -9999 -9999 -9999 -0.038 -9999 -9999 -9999 -9999 -9999 0.013 0.027 0.014 -0.002 -0.006 -0.012 -0.008 -0.003 0.004 0.013 0.029 0.047 0.044 0.041 0.044 0.048 0.046 0.043 0.053 0.064 0.075 0.087 0.092 0.096 0.097 0.1 0.104 0.11 0.104 0.097 0.1 0.104 0.106 0.109 0.106 0.104 0.108 0.114 0.11 0.106 0.116 0.129 0.128 0.128 0.13 0.134 0.139 0.146 0.146 0.147 0.154 0.164 0.168 0.173 0.168 0.163 0.161
-9999 -9999 -9999 -9999 -9999 -9999 -9999 -9999 -9999 -9999 -9999 -9999 -9999 -9999 -9999 -9999 -9999 -9999 -9999 -9999 0.018 0.018 0.006 -0.008 -0.007 0.007 0.008 0.004 0.011 0.022 0.034 0.044 0.039 0.03 0.032 0.037 0.038 0.047 0.049 0.041 0.054 0.08 0.085 0.094 0.096 0.101 0.102 0.098 0.102 0.102 0.097 0.097 0.095 0.095 0.1 0.101 0.107 0.113 0.117 0.118 0.113 0.118 0.13 0.138 0.13 0.127 0.137 0.146 0.153 0.158 0.163 0.171 0.171 0.173 0.174 0.173 0.165
-9999 -9999 -9999 -9999 -9999 -9999 -9999 -9999 -9999 -9999 -9999 -9999 -9999 -9999 -9999 -9999 -9999 -9999 -9999 -9999 -9999 0.021 0.01 -0.004 0.007 0.02 0.016 0.012 0.02 0.03 0.038 0.047 0.039 0.03 0.033 0.037 0.044 0.052 0.045 0.037 0.057 0.081 0.088 0.096 0.099 0.103 0.099 0.095 0.1 0.106 0.102 0.097 0.095 0.093 0.097 0.104 0.109 0.117 0.121 0.128 0.124 0.12 0.132 0.148 0.142 0.132 0.142 0.155 0.161 0.17 0.176 0.182 0.181 0.181 0.182 0.185 0.177
-9999 -9999 -9999 -9999 -9999 -9999 -9999 -9999 -9999 -9999 -9999 -9999 -9999 -9999 -9999 -9999 -9999 -9999 -9999 -9999 0.01 0.015 0.004 -0.009 -0.001 0.006 0.008 0.022 0.029 0.034 0.037 0.035 0.031 0.036 0.039 0.043 0.045 0.041 0.037 0.041 0.057 0.073 0.081 0.098 0.101 0.106 0.105 0.11 0.111 0.115 0.108 0.102 0.096 0.091 0.098 0.106 0.117 0.128 0.128 0.132 0.135 0.135 0.138 0.147 0.152 0.15 0.159 0.171 0.167 0.17 0.182 0.192 0.191 0.19 0.191 0.193 0.19
-9999 -9999 -9999 -9999 -9999 -9999 -9999 -9999 -9999 -9999 -9999 -9999 -9999 -9999 -9999 -9999 -9999 -9999 -9999 -9999 0.016 0.019 0.008 -0.005 0.0 0.006 0.018 0.032 0.035 0.04 0.037 0.034 0.038 0.043 0.046 0.05 0.045 0.04 0.043 0.047 0.059 0.073 0.086 0.102 0.105 0.11 0.113 0.118 0.119 0.121 0.114 0.106 0.101 0.095 0.102 0.113 0.123 0.138 0.138 0.139 0.142 0.147 0.15 0.154 0.158 0.163 0.173 0.185 0.182 0.178 0.189 0.202 0.201 0.2 0.201 0.204 0.2
-9999 -9999 -9999 -9999 -9999 -9999 -9999 -9999 -9999 -9999 -9999 -9999 -9999 -9999 -9999 -9999 -9999 -9999 -9999 -9999 0.005 0.008 0.007 0.022 0.023 0.016 0.025 0.032 0.034 0.033 0.032 0.037 0.037 0.033 0.044 0.074 0.072 0.071 0.075 0.076 0.084 0.083 0.092 0.096 0.097 0.095 0.101 0.114 0.118 0.122 0.11 0.099 0.098 0.094 0.099 0.107 0.122 0.138 0.144 0.147 0.148 0.15 0.156 0.162 0.155 0.154 0.169 0.182 0.184 0.182 0.189 0.199 0.195 0.191 0.202 0.21 0.206
-9999 -9999 -9999 -9999 -9999 -9999 -9999 -9999 -9999 -9999 -9999 -9999 -9999 -9999 -9999 -9999 -9999 -9999 -9999 -9999 -9999 0.01 0.022 0.037 0.032 0.026 0.031 0.037 0.036 0.035 0.038 0.043 0.038 0.034 0.058 0.088 0.088 0.087 0.089 0.091 0.091 0.091 0.093 0.097 0.095 0.092 0.102 0.114 0.119 0.126 0.114 0.102 0.1 0.1 0.105 0.111 0.125 0.144 0.149 0.156 0.156 0.158 0.163 0.171 0.165 0.158 0.172 0.189 0.191 0.191 0.197 0.205 0.2 0.195 0.205 0.219 0.215
-9999 -9999 -9999 -9999 -9999 -9999 -9999 -9999 -9999 -9999 -9999 -9999 -9999 -9999 -9999 -9999 -9999 -9999 -9999 -9999 -9999 0.031 0.043 0.053 0.05 0.05 0.047 0.028 0.028 0.033 0.04 0.057 0.056 0.058 0.073 0.073 0.073 0.076 0.079 0.087 0.084 0.08 0.084 0.095 0.092 0.089 0.098 0.111 0.119 0.128 0.115 0.1 0.1 0.099 0.109 0.118 0.124 0.137 0.146 0.154 0.155 0.155 0.162 0.17 0.172 0.17 0.174 0.186 0.188 0.188 0.193 0.2 0.196 0.191 0.198 0.21 0.21
-9999 -9999 -9999 -9999 -9999 -9999 -9999 -9999 -9999 -9999 -9999 -9999 -9999 -9999 -9999 -9999 -9999 -9999 -9999 -9999 0.035 0.045 0.054 0.063 0.064 0.064 0.048 0.029 0.033 0.037 0.051 0.067 0.069 0.073 0.072 0.071 0.073 0.076 0.082 0.088 0.084 0.079 0.087 0.097 0.094 0.091 0.1 0.112 0.121 0.134 0.121 0.106 0.105 0.105 0.114 0.126 0.132 0.14 0.149 0.159 0.16 0.161 0.168 0.176 0.178 0.181 0.186 0.191 0.194 0.195 0.199 0.205 0.201 0.196 0.203 0.213 0.212
-9999 -9999 -9999 -9999 -9999 -9999 -9999 -9999 -9999 -9999 -9999 -9999 -9999 -9999 -9999 -9999 -9999 -9999 -9999 -9999 0.054 0.048 0.051 0.046 0.049 0.062 0.05 0.044 0.045 0.044 0.05 0.047 0.053 0.072 0.074 0.081 0.082 0.081 0.084 0.085 0.08 0.074 0.078 0.081 0.081 0.093 0.096 0.093 0.1 0.11 0.119 0.116 0.129 0.137 0.126 0.125 0.133 0.142 0.147 0.156 0.154 0.153 0.159 0.166 0.179 0.189 0.192 0.196 0.195 0.194 0.19 0.191 0.203 0.208 0.21 0.216 0.212
-9999 -9999 -9999 -9999 -9999 -9999 -9999 -9999 -9999 -9999 -9999 -9999 -9999 -9999 -9999 -9999 -9999 -9999 -9999 -9999 0.058 0.055 0.05 0.044 0.054 0.066 0.061 0.055 0.054 0.052 0.048 0.044 0.058 0.077 0.082 0.089 0.088 0.086 0.086 0.086 0.081 0.075 0.076 0.078 0.086 0.097 0.093 0.09 0.097 0.107 0.115 0.125 0.138 0.154 0.144 0.131 0.139 0.148 0.154 0.161 0.159 0.157 0.163 0.169 0.182 0.198 0.2 0.204 0.204 0.201 0.197 0.194 0.204 0.219 0.22 0.221 0.216
-9999 -9999 -9999 -9999 -9999 -9999 -9999 -9999 -9999 -9999 -9999 -9999 -9999 -9999 -9999 -9999 -9999 -9999 -9999 0.066 0.066 0.054 0.053 0.057 0.061 0.056 0.051 0.046 0.045 0.049 0.046 0.048 0.06 0.074 0.08 0.09 0.086 0.081 0.083 0.089 0.083 0.075 0.075 0.073 0.079 0.086 0.086 0.095 0.102 0.107 0.121 0.134 0.128 0.133 0.139 0.136 0.138 0.145 0.152 0.159 0.174 0.183 0.166 0.159 0.173 0.188 0.206 0.218 0.214 0.209 0.202 0.197 0.199 0.207 0.22 0.228 0.219
-9999 -9999 -9999 -9999 -9999 -9999 -9999 -9999 -9999 -9999 -9999 -9999 -9999 -9999 -9999 -9999 -9999 -9999 0.071 0.076 0.069 0.059 0.063 0.068 0.063 0.058 0.053 0.048 0.05 0.054 0.054 0.055 0.065 0.077 0.084 0.092 0.088 0.082 0.086 0.092 0.085 0.078 0.076 0.074 0.079 0.085 0.092 0.102 0.107 0.113 0.126 0.142 0.137 0.131 0.137 0.144 0.146 0.15 0.157 0.165 0.18 0.198 0.183 0.163 0.175 0.191 0.208 0.23 0.225 0.219 0.213 0.205 0.206 0.208 0.219 0.235 0.226
-9999 -9999 -9999 -9999 -9999 -9999 -9999 -9999 -9999 -9999 -9999 -9999 -9999 -9999 -9999 -9999 0.056 0.066 0.069 0.054 0.054 0.073 0.07 0.057 0.057 0.068 0.057 0.035 0.036 0.038 0.042 0.063 0.073 0.086 0.09 0.091 0.087 0.084 0.081 0.067 0.068 0.086 0.088 0.096 0.101 0.106 0.113 0.119 0.119 0.109 0.117 0.129 0.131 0.129 0.128 0.13 0.144 0.154 0.159 0.167 0.184 0.204 0.205 0.195 0.189 0.194 0.202 0.216 0.213 0.206 0.204 0.196 0.202 0.207 0.21 0.221 0.219
-9999 -9999 -9999 -9999 -9999 -9999 -9999 -9999 -9999 -9999 -9999 -9999 -9999 -9999 -9999 0.055 0.06 0.055 0.05 0.05 0.065 0.083 0.071 0.058 0.066 0.076 0.058 0.036 0.036 0.036 0.052 0.072 0.082 0.093 0.093 0.094 0.09 0.087 0.075 0.061 0.075 0.092 0.099 0.108 0.111 0.118 0.123 0.129 0.122 0.112 0.119 0.127 0.129 0.132 0.131 0.131 0.143 0.16 0.165 0.171 0.188 0.209 0.21 0.211 0.207 0.202 0.209 0.218 0.214 0.209 0.205 0.198 0.203 0.211 0.214 0.22 0.218
-9999 -9999 -9999 -9999 -9999 -9999 -9999 -9999 -9999 -9999 -9999 -9999 0.065 0.05 0.048 0.059 0.055 0.052 0.053 0.06 0.072 0.08 0.072 0.07 0.075 0.076 0.062 0.056 0.056 0.053 0.069 0.087 0.093 0.093 0.092 0.093 0.087 0.077 0.074 0.093 0.098 0.088 0.095 0.105 0.109 0.114 0.12 0.131 0.124 0.116 0.111 0.112 0.116 0.119 0.129 0.135 0.141 0.153 0.157 0.163 0.173 0.189 0.193 0.195 0.201 0.201 0.206 0.212 0.211 0.207 0.208 0.204 0.203 0.209 0.206 0.208 0.203
-9999 -9999 -9999 -9999 -9999 -9999 -9999 -9999 -9999 -9999 0.066 0.067 0.058 0.051 0.058 0.067 0.063 0.058 0.064 0.071 0.077 0.084 0.082 0.08 0.08 0.08 0.075 0.07 0.067 0.064 0.079 0.096 0.096 0.095 0.095 0.096 0.086 0.076 0.09 0.109 0.1 0.089 0.097 0.107 0.11 0.115 0.123 0.133 0.127 0.12 0.115 0.11 0.113 0.118 0.127 0.139 0.146 0.155 0.158 0.163 0.173 0.186 0.189 0.194 0.199 0.205 0.209 0.213 0.212 0.209 0.211 0.211 0.211 0.213 0.21 0.208 0.202
-9999 -9999 -9999 -9999 -9999 -9999 0.077 0.079 0.077 0.075 0.081 0.065 0.061 0.063 0.062 0.048 0.045 0.047 0.051 0.058 0.066 0.084 0.083 0.086 0.087 0.092 0.089 0.089 0.085 0.075 0.083 0.083 0.085 0.095 0.091 0.082 0.076 0.077 0.086 0.092 0.083 0.077 0.082 0.09 0.095 0.107 0.109 0.102 0.1 0.095 0.119 0.13 0.124 0.124 0.136 0.149 0.147 0.15 0.151 0.154 0.157 0.164 0.173 0.18 0.191 0.199 0.203 0.208 0.21 0.209 0.2 0.195 0.203 0.209 0.212 0.214 0.203
-9999 -9999 -9999 -9999 -9999 0.081 0.086 0.087 0.089 0.099 0.089 0.074 0.074 0.075 0.063 0.048 0.049 0.05 0.054 0.059 0.073 0.089 0.091 0.093 0.096 0.1 0.1 0.1 0.092 0.083 0.082 0.081 0.088 0.098 0.09 0.08 0.08 0.081 0.083 0.088 0.081 0.074 0.078 0.085 0.095 0.107 0.1 0.092 0.09 0.09 0.111 0.139 0.134 0.128 0.139 0.154 0.152 0.15 0.152 0.154 0.156 0.16 0.168 0.179 0.189 0.201 0.204 0.209 0.21 0.211 0.203 0.191 0.199 0.211 0.214 0.22 0.21
-9999 -9999 -9999 -9999 0.084 0.076 0.084 0.1 0.101 0.094 0.081 0.064 0.066 0.079 0.072 0.075 0.077 0.083 0.083 0.075 0.087 0.101 0.101 0.1 0.098 0.089 0.087 0.085 0.077 0.072 0.07 0.071 0.078 0.089 0.081 0.073 0.074 0.079 0.081 0.084 0.078 0.075 0.08 0.088 0.093 0.091 0.09 0.102 0.101 0.1 0.109 0.129 0.136 0.136 0.133 0.138 0.146 0.149 0.154 0.158 0.155 0.154 0.159 0.166 0.181 0.195 0.195 0.195 0.203 0.207 0.206 0.199 0.196 0.201 0.197 0.199 0.201
