Validation/Results/raw data/ReClimate_01_2024_1.asc
NCOLS 192
NROWS 249
XLLCENTER -225160.85627316462
YLLCENTER 29788.11610251502
CELLSIZE 5000.0
NODATA_VALUE -9999
[rows 132 to 164 of 249, columns 75 to 149 of 192]
-9999 -9999 -9999 -9999 -9999 -9999 -9999 -9999 -9999 -9999 -9999 -9999 92.791 93.56 93.28 93.936 94.558 94.058 94.377 95.347 95.939 96.905 97.191 96.978 96.68 96.557 97.033 97.731 97.784 97.681 98.413 98.672 98.124 97.669 97.812 98.195 98.565 98.196 97.983 98.101 97.913 98.69 101.814 102.335 102.844 103.33 103.731 104.098 104.454 104.801 105.139 105.463 105.777 106.083 106.381 106.672 106.947 -9999 -9999 -9999 -9999 -9999 -9999 -9999 -9999 -9999 -9999 -9999 -9999 -9999 -9999 -9999 -9999 -9999 -9999
-9999 -9999 -9999 -9999 -9999 -9999 -9999 -9999 -9999 -9999 -9999 -9999 92.362 91.456 92.523 94.532 94.573 95.484 95.806 95.297 96.247 97.456 96.859 95.521 95.852 96.921 97.235 97.342 97.629 98.478 98.685 98.779 98.325 97.62 98.183 99.113 99.132 99.652 99.856 100.178 100.089 100.98 102.167 102.68 103.178 103.614 103.986 104.345 104.69 105.022 105.332 105.64 105.937 106.225 106.508 106.786 107.063 -9999 -9999 -9999 -9999 -9999 -9999 -9999 -9999 -9999 -9999 -9999 -9999 -9999 -9999 -9999 -9999 -9999 -9999
-9999 -9999 -9999 -9999 -9999 -9999 -9999 -9999 -9999 -9999 -9999 90.497 91.715 92.734 94.006 94.625 95.296 95.913 95.441 94.875 96.016 97.401 96.652 96.503 96.966 96.691 96.777 97.111 97.958 98.963 98.963 98.723 98.09 97.272 97.9 98.232 98.484 98.371 98.658 98.927 99.472 101.998 102.525 103.034 103.496 103.87 104.225 104.565 104.89 105.202 105.503 105.792 106.076 106.353 106.624 106.891 107.156 107.399 -9999 -9999 -9999 -9999 -9999 -9999 -9999 -9999 -9999 -9999 -9999 -9999 -9999 -9999 -9999 -9999 -9999
-9999 -9999 -9999 -9999 -9999 -9999 -9999 -9999 -9999 -9999 94.309 -9999 96.605 95.584 96.065 96.512 96.945 97.33 97.058 97.161 97.846 97.727 97.645 97.622 97.492 97.515 97.629 97.716 97.955 97.037 97.199 97.89 97.778 98.561 99.003 99.675 99.732 99.981 100.184 100.291 101.624 102.378 102.89 103.363 103.741 104.094 104.431 104.753 105.063 105.363 105.65 105.931 106.205 106.472 106.734 106.991 107.245 107.485 -9999 -9999 -9999 -9999 -9999 -9999 -9999 -9999 -9999 -9999 -9999 -9999 -9999 -9999 -9999 -9999 -9999
98.928 -9999 -9999 -9999 -9999 -9999 -9999 -9999 -9999 -9999 98.131 -9999 97.133 95.05 95.363 95.596 96.297 97.718 97.868 98.203 97.774 96.761 96.914 97.357 97.412 97.514 97.519 97.665 97.552 98.416 -9999 -9999 -9999 -9999 -9999 -9999 99.175 98.938 99.099 99.325 100.465 102.747 103.221 103.608 103.96 104.295 104.616 104.924 105.222 105.511 105.791 106.061 106.326 106.585 106.838 107.086 107.332 107.568 107.734 -9999 -9999 -9999 -9999 -9999 -9999 -9999 -9999 -9999 -9999 -9999 -9999 -9999 -9999 -9999 -9999
98.508 100.015 -9999 -9999 -9999 -9999 -9999 -9999 -9999 -9999 97.976 97.494 96.426 96.519 96.442 95.923 97.064 98.18 98.334 98.357 97.838 97.859 98.077 98.028 97.976 97.675 97.841 98.32 99.153 100.055 -9999 -9999 -9999 -9999 95.443 96.838 98.655 98.677 98.987 99.934 102.604 103.08 103.473 103.825 104.159 104.478 104.785 105.082 105.369 105.647 105.917 106.181 106.44 106.692 106.938 107.178 107.415 107.646 107.873 -9999 -9999 -9999 -9999 -9999 -9999 -9999 -9999 -9999 -9999 -9999 -9999 -9999 -9999 -9999 -9999
98.818 100.308 100.213 -9999 -9999 -9999 -9999 -9999 -9999 -9999 96.783 96.597 95.785 -9999 -9999 95.135 96.465 98.516 98.503 -9999 98.113 98.046 97.911 97.599 97.496 97.652 98.014 98.517 -9999 -9999 -9999 -9999 -9999 98.088 98.689 98.712 98.935 99.422 99.56 100.634 102.939 103.335 103.689 104.023 104.341 104.646 104.94 105.226 105.503 105.773 106.037 106.293 106.545 106.792 107.033 107.267 107.496 107.724 107.952 -9999 -9999 -9999 -9999 -9999 -9999 -9999 -9999 -9999 -9999 -9999 -9999 -9999 -9999 -9999 -9999
99.688 100.162 100.121 -9999 -9999 -9999 -9999 -9999 -9999 -9999 -9999 96.571 96.238 -9999 -9999 -9999 97.687 98.7 98.541 98.163 -9999 -9999 98.542 98.479 98.252 97.434 97.747 -9999 -9999 -9999 -9999 -9999 99.589 99.292 98.647 96.737 96.911 96.61 96.592 99.296 103.19 103.55 103.885 104.202 104.506 104.799 105.083 105.358 105.627 105.89 106.145 106.396 106.643 106.886 107.123 107.353 107.575 107.794 108.018 -9999 -9999 -9999 -9999 -9999 -9999 -9999 -9999 -9999 -9999 -9999 -9999 -9999 -9999 -9999 -9999
98.111 100.267 -9999 -9999 -9999 -9999 -9999 -9999 -9999 -9999 -9999 -9999 96.545 -9999 -9999 -9999 -9999 98.895 98.48 97.963 -9999 -9999 -9999 98.784 98.27 -9999 -9999 -9999 -9999 -9999 -9999 -9999 99.082 99.985 98.832 98.29 98.331 99.228 100.803 103.029 103.403 103.744 104.063 104.366 104.657 104.94 105.214 105.481 105.742 105.997 106.247 106.491 106.733 106.971 107.205 107.434 107.649 107.861 108.078 -9999 -9999 -9999 -9999 -9999 -9999 -9999 -9999 -9999 -9999 -9999 -9999 -9999 -9999 -9999 -9999
97.617 -9999 -9999 -9999 -9999 -9999 -9999 -9999 -9999 -9999 -9999 -9999 95.137 -9999 -9999 -9999 -9999 -9999 98.809 98.813 -9999 -9999 -9999 -9999 -9999 -9999 -9999 -9999 -9999 -9999 -9999 -9999 99.332 99.167 97.532 93.682 95.69 101.162 101.813 103.238 103.596 103.92 104.224 104.515 104.796 105.069 105.335 105.594 105.848 106.096 106.338 106.578 106.814 107.046 107.275 107.499 107.713 107.922 108.137 108.347 -9999 -9999 -9999 -9999 -9999 -9999 -9999 -9999 -9999 -9999 -9999 -9999 -9999 -9999 -9999
-9999 98.259 98.573 98.913 97.04 -9999 -9999 -9999 -9999 -9999 -9999 -9999 93.988 -9999 -9999 -9999 -9999 -9999 -9999 -9999 -9999 -9999 -9999 -9999 -9999 -9999 -9999 -9999 -9999 -9999 -9999 98.3 98.814 100.18 98.214 98.219 101.064 101.91 102.81 103.425 103.77 104.079 104.37 104.651 104.922 105.186 105.443 105.694 105.941 106.183 106.419 106.651 106.878 107.101 107.32 107.535 107.745 107.954 108.167 108.389 108.616 -9999 -9999 -9999 -9999 -9999 -9999 -9999 -9999 -9999 -9999 -9999 -9999 -9999 -9999
97.059 98.005 98.443 99.13 97.157 -9999 -9999 -9999 -9999 -9999 -9999 -9999 -9999 -9999 -9999 -9999 -9999 -9999 -9999 -9999 -9999 -9999 -9999 -9999 -9999 -9999 -9999 -9999 -9999 -9999 99.383 98.959 100.308 101.929 102.021 102.203 102.403 101.665 102.362 103.588 103.919 104.218 104.499 104.769 105.031 105.285 105.533 105.774 106.01 106.24 106.467 106.687 106.909 107.127 107.344 107.558 107.767 107.974 108.186 108.405 108.633 -9999 -9999 -9999 -9999 -9999 -9999 -9999 -9999 -9999 -9999 -9999 -9999 -9999 -9999
96.299 97.522 97.789 -9999 95.547 95.513 -9999 -9999 -9999 -9999 -9999 -9999 -9999 -9999 -9999 -9999 -9999 -9999 -9999 -9999 -9999 -9999 -9999 -9999 -9999 -9999 -9999 -9999 -9999 -9999 101.569 101.342 102.293 102.495 102.683 102.86 102.435 102.254 103.069 103.729 104.049 104.34 104.613 104.875 105.127 105.371 105.607 105.836 106.06 106.28 106.496 106.708 106.921 107.132 107.343 107.555 107.769 107.983 108.201 108.42 108.622 108.784 108.888 -9999 -9999 -9999 -9999 -9999 -9999 -9999 -9999 -9999 -9999 -9999 -9999
96.155 97.315 97.366 -9999 -9999 95.853 -9999 -9999 -9999 -9999 -9999 -9999 -9999 -9999 -9999 -9999 -9999 -9999 -9999 -9999 -9999 -9999 -9999 -9999 -9999 -9999 -9999 -9999 -9999 -9999 101.835 102.235 102.394 102.438 102.227 101.294 101.474 102.177 102.828 103.855 104.166 104.45 104.717 104.971 105.213 105.446 105.671 105.89 106.104 106.314 106.52 106.725 106.93 107.134 107.338 107.544 107.754 107.968 108.19 108.417 108.593 108.725 108.836 108.951 109.074 109.102 -9999 -9999 -9999 -9999 -9999 -9999 -9999 -9999 -9999
95.999 97.11 97.611 98.252 -9999 96.732 -9999 -9999 -9999 -9999 -9999 -9999 -9999 -9999 -9999 -9999 -9999 -9999 -9999 -9999 -9999 -9999 -9999 -9999 -9999 -9999 -9999 -9999 -9999 101.284 102.0 102.395 102.523 102.693 102.305 102.502 102.835 102.677 103.368 103.971 104.274 104.553 104.813 105.057 105.289 105.512 105.728 105.937 106.143 106.345 106.544 106.74 106.937 107.134 107.333 107.534 107.739 107.949 108.167 108.355 108.515 108.643 108.765 108.884 109.003 109.126 109.253 108.977 -9999 -9999 -9999 -9999 -9999 -9999 -9999
95.083 99.207 99.308 -9999 97.986 -9999 -9999 -9999 -9999 -9999 -9999 -9999 -9999 -9999 -9999 -9999 -9999 -9999 -9999 -9999 -9999 -9999 -9999 -9999 -9999 -9999 -9999 -9999 -9999 -9999 102.059 102.572 102.758 102.917 103.069 103.13 103.16 103.418 103.777 104.077 104.377 104.649 104.9 105.135 105.358 105.572 105.779 105.98 106.177 106.371 106.561 106.752 106.942 107.134 107.327 107.523 107.724 107.93 108.118 108.276 108.405 108.531 108.663 108.798 108.922 109.043 109.168 109.286 109.072 -9999 -9999 -9999 -9999 -9999 -9999
99.234 100.433 99.881 99.223 98.626 -9999 -9999 -9999 -9999 -9999 -9999 -9999 -9999 -9999 -9999 -9999 -9999 -9999 -9999 -9999 -9999 -9999 -9999 -9999 -9999 -9999 -9999 -9999 -9999 -9999 -9999 102.472 102.403 101.934 102.183 102.72 103.089 103.688 103.887 104.181 104.473 104.736 104.979 105.205 105.42 105.626 105.825 106.018 106.207 106.394 106.579 106.762 106.946 107.132 107.32 107.512 107.709 107.893 108.046 108.173 108.292 108.415 108.544 108.678 108.819 108.949 109.072 109.192 109.302 109.102 -9999 -9999 -9999 -9999 -9999
100.039 100.698 99.884 98.583 -9999 -9999 -9999 -9999 -9999 -9999 -9999 -9999 -9999 -9999 -9999 -9999 -9999 -9999 -9999 -9999 -9999 -9999 -9999 -9999 -9999 -9999 -9999 -9999 -9999 -9999 -9999 101.856 101.06 98.44 99.94 103.306 103.652 103.694 103.917 104.276 104.559 104.815 105.049 105.268 105.476 105.674 105.865 106.052 106.234 106.414 106.593 106.769 106.948 107.129 107.312 107.5 107.678 107.825 107.95 108.062 108.178 108.298 108.424 108.554 108.69 108.832 108.965 109.083 109.194 109.287 109.058 -9999 -9999 -9999 -9999
100.683 100.837 99.517 97.851 -9999 -9999 -9999 -9999 -9999 -9999 -9999 -9999 -9999 -9999 -9999 -9999 -9999 -9999 -9999 -9999 -9999 -9999 -9999 -9999 -9999 -9999 -9999 -9999 -9999 -9999 -9999 -9999 100.117 95.587 97.957 100.119 101.647 102.039 102.745 104.362 104.638 104.886 105.113 105.325 105.526 105.717 105.902 106.081 106.257 106.431 106.602 106.775 106.948 107.124 107.304 107.473 107.613 107.734 107.841 107.952 108.065 108.183 108.304 108.431 108.562 108.697 108.836 108.969 109.083 109.177 109.244 -9999 -9999 -9999 -9999
-9999 -9999 -9999 -9999 -9999 -9999 -9999 -9999 -9999 -9999 -9999 -9999 -9999 -9999 -9999 -9999 -9999 -9999 -9999 -9999 -9999 -9999 -9999 -9999 -9999 -9999 -9999 -9999 -9999 -9999 -9999 -9999 100.058 98.746 100.361 103.108 103.341 103.392 104.247 104.44 104.708 104.95 105.171 105.377 105.571 105.756 105.934 106.108 106.278 106.445 106.611 106.778 106.948 107.12 107.277 107.41 107.525 107.629 107.734 107.842 107.953 108.068 108.186 108.308 108.434 108.564 108.698 108.836 108.968 109.061 109.128 109.188 -9999 -9999 -9999
-9999 -9999 -9999 -9999 -9999 -9999 -9999 -9999 -9999 -9999 -9999 -9999 -9999 -9999 -9999 -9999 -9999 -9999 -9999 -9999 -9999 -9999 -9999 -9999 -9999 -9999 -9999 -9999 -9999 -9999 -9999 -9999 -9999 99.172 99.805 98.583 99.592 102.677 103.92 104.509 104.772 105.007 105.223 105.423 105.611 105.79 105.963 106.13 106.295 106.457 106.619 106.781 106.948 107.09 107.213 107.322 107.422 107.524 107.627 107.733 107.842 107.954 108.069 108.187 108.309 108.434 108.563 108.696 108.831 108.94 109.007 109.067 -9999 -9999 -9999
-9999 -9999 -9999 -9999 -9999 -9999 -9999 -9999 -9999 -9999 -9999 -9999 -9999 -9999 -9999 -9999 -9999 -9999 -9999 -9999 -9999 -9999 -9999 -9999 -9999 -9999 -9999 -9999 -9999 -9999 -9999 -9999 -9999 99.315 -9999 100.267 102.197 104.097 104.397 -9999 104.829 105.059 105.27 105.464 105.647 105.821 105.988 106.15 106.309 106.466 106.624 106.779 106.908 107.023 107.124 107.221 107.319 107.419 107.521 107.625 107.731 107.84 107.952 108.067 108.185 108.307 108.432 108.561 108.686 108.799 108.883 108.948 109.01 -9999 -9999
-9999 -9999 -9999 -9999 -9999 -9999 -9999 -9999 -9999 -9999 -9999 -9999 -9999 -9999 -9999 -9999 -9999 -9999 -9999 -9999 -9999 -9999 -9999 -9999 -9999 -9999 -9999 -9999 -9999 -9999 -9999 -9999 -9999 -9999 101.478 100.387 -9999 -9999 -9999 -9999 104.88 105.106 105.311 105.501 105.679 105.848 106.01 106.167 106.321 106.475 106.624 106.726 106.835 106.93 107.026 107.122 107.22 107.318 107.418 107.52 107.624 107.73 107.839 107.95 108.065 108.182 108.304 108.43 108.545 108.648 108.749 108.828 108.892 108.958 109.031
-9999 -9999 -9999 -9999 -9999 -9999 -9999 -9999 -9999 -9999 -9999 -9999 -9999 -9999 -9999 -9999 -9999 -9999 -9999 -9999 -9999 -9999 -9999 -9999 -9999 -9999 -9999 -9999 -9999 -9999 -9999 -9999 -9999 -9999 100.737 100.856 -9999 -9999 -9999 -9999 104.936 105.152 105.35 105.532 105.704 105.867 106.025 106.178 106.324 106.451 106.549 106.65 106.745 106.84 106.934 107.029 107.125 107.222 107.32 107.42 107.522 107.625 107.73 107.838 107.949 108.062 108.18 108.296 108.404 108.5 108.599 108.701 108.775 108.84 108.91
-9999 -9999 -9999 -9999 -9999 -9999 -9999 -9999 -9999 -9999 -9999 -9999 -9999 -9999 -9999 -9999 -9999 -9999 -9999 -9999 -9999 -9999 -9999 -9999 -9999 -9999 -9999 -9999 -9999 -9999 -9999 -9999 -9999 -9999 101.103 -9999 -9999 -9999 -9999 104.838 104.987 105.193 105.382 105.557 105.721 105.878 106.021 106.138 106.25 106.358 106.462 106.564 106.66 106.753 106.846 106.939 107.034 107.129 107.225 107.323 107.422 107.523 107.626 107.73 107.837 107.948 108.061 108.167 108.263 108.355 108.452 108.555 108.651 108.722 -9999
-9999 -9999 -9999 -9999 -9999 -9999 -9999 -9999 -9999 -9999 -9999 -9999 -9999 -9999 -9999 -9999 -9999 -9999 -9999 -9999 -9999 -9999 -9999 -9999 -9999 -9999 -9999 -9999 -9999 -9999 -9999 -9999 -9999 -9999 -9999 -9999 -9999 -9999 -9999 104.929 105.047 105.229 105.409 105.569 105.701 105.824 105.931 106.046 106.16 106.267 106.369 106.468 106.566 106.663 106.758 106.851 106.944 107.038 107.133 107.229 107.326 107.425 107.525 107.627 107.731 107.838 107.943 108.04 108.128 108.218 108.311 108.41 108.517 108.602 -9999
-9999 -9999 -9999 -9999 -9999 -9999 -9999 -9999 -9999 -9999 -9999 -9999 -9999 -9999 -9999 -9999 -9999 -9999 -9999 -9999 -9999 -9999 -9999 -9999 -9999 -9999 -9999 -9999 -9999 -9999 -9999 -9999 -9999 -9999 -9999 -9999 -9999 -9999 -9999 105.0 105.076 105.2 105.355 105.485 105.606 105.725 105.846 105.965 106.075 106.178 106.277 106.371 106.465 106.561 106.659 106.758 106.855 106.949 107.043 107.137 107.233 107.33 107.428 107.527 107.629 107.733 107.828 107.916 108.0 108.086 108.176 108.272 108.375 108.484 -9999
-9999 -9999 -9999 -9999 -9999 -9999 -9999 -9999 -9999 -9999 -9999 -9999 -9999 -9999 -9999 -9999 -9999 -9999 -9999 -9999 -9999 -9999 -9999 -9999 -9999 -9999 -9999 -9999 -9999 -9999 -9999 -9999 -9999 -9999 -9999 -9999 -9999 -9999 104.963 104.985 103.625 101.184 105.248 105.384 105.517 105.644 105.771 105.887 105.993 106.093 106.187 106.279 106.369 106.46 106.556 106.654 106.757 106.859 106.955 107.049 107.143 107.238 107.334 107.432 107.531 107.626 107.715 107.795 107.877 107.961 108.048 108.14 108.239 108.345 108.438
-9999 -9999 -9999 -9999 -9999 -9999 -9999 -9999 -9999 -9999 -9999 -9999 -9999 -9999 -9999 -9999 -9999 -9999 -9999 -9999 -9999 -9999 -9999 -9999 -9999 -9999 -9999 -9999 -9999 -9999 -9999 -9999 -9999 -9999 -9999 -9999 -9999 -9999 104.924 104.946 101.221 100.305 105.153 105.302 105.438 105.572 105.697 105.81 105.915 106.012 106.104 106.19 106.276 106.364 106.457 106.555 106.655 106.758 106.863 106.962 107.057 107.15 107.245 107.34 107.434 107.521 107.602 107.68 107.76 107.841 107.925 108.014 108.109 108.212 108.311
-9999 -9999 -9999 -9999 -9999 -9999 -9999 -9999 -9999 -9999 -9999 -9999 -9999 -9999 -9999 -9999 -9999 -9999 -9999 -9999 -9999 -9999 -9999 -9999 -9999 -9999 -9999 -9999 -9999 -9999 -9999 -9999 -9999 -9999 -9999 -9999 -9999 104.864 103.803 100.785 98.712 102.347 103.132 105.223 105.364 105.501 105.624 105.736 105.839 105.934 106.023 106.107 106.188 106.272 106.364 106.462 106.561 106.661 106.764 106.868 106.971 107.066 107.159 107.252 107.338 107.418 107.494 107.57 107.648 107.727 107.808 107.894 107.985 108.084 108.191
-9999 -9999 -9999 -9999 -9999 -9999 -9999 -9999 -9999 -9999 -9999 -9999 -9999 -9999 -9999 -9999 -9999 -9999 -9999 -9999 -9999 -9999 -9999 -9999 -9999 -9999 -9999 -9999 -9999 -9999 -9999 -9999 -9999 -9999 -9999 -9999 -9999 104.831 102.041 98.661 99.527 100.276 102.336 105.146 105.295 105.431 105.553 105.664 105.765 105.86 105.948 106.031 106.11 106.192 106.281 106.377 106.473 106.571 106.67 106.772 106.876 106.981 107.077 107.161 107.241 107.316 107.39 107.465 107.54 107.617 107.696 107.779 107.866 107.96 108.064
-9999 -9999 -9999 -9999 -9999 -9999 -9999 -9999 -9999 -9999 -9999 -9999 -9999 -9999 -9999 -9999 -9999 -9999 -9999 -9999 -9999 -9999 -9999 -9999 -9999 -9999 -9999 -9999 -9999 -9999 -9999 -9999 -9999 -9999 -9999 -9999 -9999 104.799 103.034 103.075 102.391 99.339 101.007 102.557 105.225 105.361 105.482 105.592 105.694 105.788 105.876 105.96 106.041 106.122 106.208 106.299 106.392 106.487 106.583 106.681 106.782 106.886 106.987 107.071 107.145 107.219 107.291 107.364 107.438 107.512 107.588 107.668 107.752 107.842 107.941
-9999 -9999 -9999 -9999 -9999 -9999 -9999 -9999 -9999 -9999 -9999 -9999 -9999 -9999 -9999 -9999 -9999 -9999 -9999 -9999 -9999 -9999 -9999 -9999 -9999 -9999 -9999 -9999 -9999 -9999 -9999 -9999 -9999 -9999 -9999 -9999 -9999 -9999 104.68 104.862 101.835 97.816 99.082 103.62 105.155 105.29 105.411 105.521 105.623 105.717 105.806 105.891 105.974 106.056 106.14 106.227 106.316 106.407 106.5 106.595 106.693 106.789 106.884 106.976 107.053 107.125 107.196 107.268 107.339 107.411 107.485 -9999 107.642 -9999 107.828
