Validation/Results/raw data/ReClimate_05_2024_2_Temperature-Actualsweatherlogisticsltd.asc
NCOLS 192
NROWS 249
XLLCENTER -225160.85627316462
YLLCENTER 29788.11610251502
CELLSIZE 5000.0
NODATA_VALUE -9999
[rows 102 to 135 of 249, columns 75 to 149 of 192]
12.183 11.056 11.71 11.715 13.721 14.451 -9999 -9999 13.384 -9999 -9999 14.118 11.527 11.318 13.17 12.236 9.909 11.669 10.667 10.817 11.154 11.702 13.5 12.636 11.713 10.767 11.441 12.561 11.888 12.208 13.475 14.36 14.82 14.687 14.139 13.28 14.148 14.474 14.666 14.939 14.871 14.849 -9999 -9999 -9999 -9999 -9999 -9999 -9999 -9999 -9999 -9999 -9999 -9999 -9999 -9999 -9999 -9999 -9999 -9999 -9999 -9999 -9999 -9999 -9999 -9999 -9999 -9999 -9999 -9999 -9999 -9999 -9999 -9999 -9999
12.948 12.834 12.046 13.416 -9999 -9999 -9999 14.128 13.088 13.756 13.488 13.325 12.297 14.187 13.738 11.973 11.821 12.242 12.415 12.506 12.486 12.512 11.525 12.53 11.728 12.067 11.882 11.54 12.27 13.138 14.06 14.72 14.882 14.528 13.75 14.369 14.92 -9999 -9999 15.127 -9999 -9999 -9999 -9999 -9999 -9999 -9999 -9999 -9999 -9999 -9999 -9999 -9999 -9999 -9999 -9999 -9999 -9999 -9999 -9999 -9999 -9999 -9999 -9999 -9999 -9999 -9999 -9999 -9999 -9999 -9999 -9999 -9999 -9999 -9999
13.674 12.637 -9999 13.28 -9999 -9999 -9999 13.948 13.226 13.212 13.212 13.641 14.243 13.322 12.047 11.804 12.335 12.744 12.353 12.016 12.654 12.086 13.487 12.636 12.438 13.299 13.764 14.021 13.919 14.441 14.754 14.808 14.948 14.883 14.705 15.052 -9999 14.791 14.914 14.856 14.821 -9999 -9999 -9999 -9999 -9999 -9999 -9999 -9999 -9999 -9999 -9999 -9999 -9999 -9999 -9999 -9999 -9999 -9999 -9999 -9999 -9999 -9999 -9999 -9999 -9999 -9999 -9999 -9999 -9999 -9999 -9999 -9999 -9999 -9999
14.112 -9999 -9999 -9999 -9999 14.23 13.897 13.14 13.337 12.997 13.477 13.205 12.15 11.593 11.55 12.698 12.536 13.135 11.77 13.109 11.622 13.283 12.156 11.291 13.3 14.006 13.753 14.063 14.675 14.808 15.007 15.107 15.186 15.208 -9999 14.961 14.76 14.802 14.719 14.951 14.718 -9999 -9999 -9999 -9999 -9999 -9999 -9999 -9999 -9999 -9999 -9999 -9999 -9999 -9999 -9999 -9999 -9999 -9999 -9999 -9999 -9999 -9999 -9999 -9999 -9999 -9999 -9999 -9999 -9999 -9999 -9999 -9999 -9999 -9999
-9999 -9999 -9999 -9999 -9999 14.001 14.431 13.996 13.106 13.367 13.769 12.42 13.265 13.155 12.68 11.767 13.216 13.279 12.428 11.79 12.647 12.699 11.493 12.676 12.593 12.22 13.25 13.843 14.071 14.361 14.517 14.307 14.26 14.097 14.29 14.816 15.037 14.74 14.518 14.68 14.509 14.469 -9999 -9999 -9999 -9999 -9999 -9999 -9999 -9999 -9999 -9999 -9999 -9999 -9999 -9999 -9999 -9999 -9999 -9999 -9999 -9999 -9999 -9999 -9999 -9999 -9999 -9999 -9999 -9999 -9999 -9999 -9999 -9999 -9999
-9999 -9999 -9999 -9999 13.88 -9999 -9999 13.738 13.126 13.929 12.809 13.238 -9999 -9999 12.141 11.889 12.715 13.272 12.372 12.714 13.061 12.72 13.11 13.956 13.268 13.491 13.837 14.145 13.63 13.083 12.677 13.048 13.293 13.854 14.284 14.473 14.985 14.364 14.323 14.144 14.201 14.263 14.378 -9999 -9999 -9999 -9999 -9999 -9999 -9999 -9999 -9999 -9999 -9999 -9999 -9999 -9999 -9999 -9999 -9999 -9999 -9999 -9999 -9999 -9999 -9999 -9999 -9999 -9999 -9999 -9999 -9999 -9999 -9999 -9999
-9999 -9999 -9999 -9999 13.912 -9999 14.094 13.601 13.908 12.708 12.776 14.272 14.458 12.639 11.871 12.828 14.779 12.764 11.509 13.691 13.763 13.357 14.038 14.354 14.446 14.626 14.431 13.179 12.054 12.142 12.863 13.392 14.039 14.302 14.199 14.476 14.543 14.461 14.667 14.769 14.708 14.699 -9999 -9999 -9999 -9999 -9999 -9999 -9999 -9999 -9999 -9999 -9999 -9999 -9999 -9999 -9999 -9999 -9999 -9999 -9999 -9999 -9999 -9999 -9999 -9999 -9999 -9999 -9999 -9999 -9999 -9999 -9999 -9999 -9999
-9999 -9999 -9999 -9999 13.945 -9999 13.997 14.311 13.638 13.374 14.067 -9999 12.759 13.059 -9999 13.014 13.074 12.82 13.832 12.641 13.954 14.44 14.901 15.045 15.251 15.277 14.665 13.541 14.07 14.388 14.415 14.193 14.037 14.358 14.363 14.692 14.71 14.753 -9999 -9999 -9999 -9999 -9999 -9999 -9999 -9999 -9999 -9999 -9999 -9999 -9999 -9999 -9999 -9999 -9999 -9999 -9999 -9999 -9999 -9999 -9999 -9999 -9999 -9999 -9999 -9999 -9999 -9999 -9999 -9999 -9999 -9999 -9999 -9999 -9999
-9999 -9999 13.631 13.653 -9999 -9999 14.439 14.191 13.734 14.183 14.142 12.315 12.884 11.893 -9999 13.701 12.888 13.669 13.815 13.725 13.978 14.588 14.533 14.398 14.28 14.505 15.026 15.255 15.257 15.018 14.556 14.094 14.054 14.286 14.416 14.54 14.707 -9999 -9999 -9999 -9999 -9999 -9999 -9999 -9999 -9999 -9999 -9999 -9999 -9999 -9999 -9999 -9999 -9999 -9999 -9999 -9999 -9999 -9999 -9999 -9999 -9999 -9999 -9999 -9999 -9999 -9999 -9999 -9999 -9999 -9999 -9999 -9999 -9999 -9999
-9999 14.084 13.798 13.919 -9999 14.384 13.184 13.321 14.209 -9999 12.704 13.141 12.12 12.079 -9999 13.328 12.648 13.884 14.949 14.834 14.891 14.602 14.236 13.85 13.229 13.834 14.744 15.215 -9999 15.221 14.808 14.583 14.53 14.359 13.965 14.292 -9999 -9999 -9999 -9999 -9999 -9999 -9999 -9999 -9999 -9999 -9999 -9999 -9999 -9999 -9999 -9999 -9999 -9999 -9999 -9999 -9999 -9999 -9999 -9999 -9999 -9999 -9999 -9999 -9999 -9999 -9999 -9999 -9999 -9999 -9999 -9999 -9999 -9999 -9999
-9999 14.251 14.251 -9999 -9999 13.786 12.588 13.593 -9999 13.473 13.224 13.173 12.613 13.08 -9999 14.303 14.257 14.715 15.009 14.862 14.558 14.123 12.441 12.42 12.776 13.533 14.63 15.295 15.42 15.506 -9999 -9999 15.029 14.661 -9999 -9999 -9999 -9999 -9999 -9999 14.653 14.617 14.782 -9999 -9999 -9999 -9999 -9999 -9999 -9999 -9999 -9999 -9999 -9999 -9999 -9999 -9999 -9999 -9999 -9999 -9999 -9999 -9999 -9999 -9999 -9999 -9999 -9999 -9999 -9999 -9999 -9999 -9999 -9999 -9999
14.128 13.618 -9999 -9999 13.401 13.025 13.861 13.343 -9999 13.5 13.063 13.896 13.899 12.754 -9999 -9999 -9999 15.069 14.607 13.895 13.724 13.459 13.563 14.052 14.183 14.676 14.841 14.779 14.911 15.159 15.21 14.964 14.776 14.952 -9999 -9999 -9999 -9999 -9999 14.611 14.567 14.549 14.901 14.959 -9999 -9999 -9999 -9999 -9999 -9999 -9999 -9999 -9999 -9999 -9999 -9999 -9999 -9999 -9999 -9999 -9999 -9999 -9999 -9999 -9999 -9999 -9999 -9999 -9999 -9999 -9999 -9999 -9999 -9999 -9999
13.375 13.796 -9999 -9999 -9999 14.402 13.158 13.611 -9999 13.463 -9999 14.29 13.189 14.155 -9999 14.773 14.378 14.282 -9999 14.424 14.68 14.611 14.858 14.777 14.86 14.798 14.563 14.257 14.403 14.574 14.171 14.173 14.709 14.995 15.081 14.978 14.975 -9999 14.719 14.524 14.524 14.742 14.518 14.156 14.037 14.904 -9999 -9999 -9999 -9999 -9999 -9999 -9999 -9999 -9999 -9999 -9999 -9999 -9999 -9999 -9999 -9999 -9999 -9999 -9999 -9999 -9999 -9999 -9999 -9999 -9999 -9999 -9999 -9999 -9999
13.718 -9999 -9999 -9999 -9999 13.434 12.846 14.089 -9999 14.477 -9999 14.331 14.688 -9999 14.495 13.678 13.399 14.282 14.837 15.073 15.02 15.16 15.137 14.873 14.849 14.558 13.955 13.777 13.92 14.0 14.032 14.3 14.577 14.626 14.545 14.351 14.78 14.767 14.288 14.374 14.421 14.315 13.691 13.384 13.223 13.649 14.528 14.641 14.45 -9999 -9999 -9999 -9999 -9999 -9999 -9999 -9999 -9999 -9999 -9999 -9999 -9999 -9999 -9999 -9999 -9999 -9999 -9999 -9999 -9999 -9999 -9999 -9999 -9999 -9999
14.704 -9999 -9999 -9999 -9999 13.434 14.215 13.88 13.57 -9999 -9999 14.953 14.87 -9999 14.363 13.15 13.03 14.097 14.561 15.076 15.298 15.286 15.207 15.339 15.144 14.651 14.091 13.494 13.543 13.679 13.882 13.897 13.746 13.591 13.258 13.841 14.563 14.429 14.137 14.037 13.701 12.68 12.564 13.066 13.147 13.608 13.697 14.292 14.474 14.235 -9999 -9999 -9999 -9999 -9999 -9999 -9999 -9999 -9999 -9999 -9999 -9999 -9999 -9999 -9999 -9999 -9999 -9999 -9999 -9999 -9999 -9999 -9999 -9999 -9999
-9999 -9999 -9999 -9999 -9999 14.094 14.198 13.349 14.364 -9999 -9999 14.796 14.841 -9999 -9999 13.271 13.527 14.382 14.332 14.275 14.616 14.779 14.908 14.711 15.134 15.13 14.417 13.909 13.465 13.281 13.087 13.121 12.729 12.663 13.229 13.745 13.864 13.794 13.557 13.23 12.67 12.599 12.631 13.073 13.384 13.762 14.391 14.53 14.253 14.162 -9999 -9999 -9999 -9999 -9999 -9999 -9999 -9999 -9999 -9999 -9999 -9999 -9999 -9999 -9999 -9999 -9999 -9999 -9999 -9999 -9999 -9999 -9999 -9999 -9999
-9999 -9999 -9999 -9999 -9999 14.495 13.745 13.916 -9999 -9999 -9999 -9999 14.769 -9999 14.492 13.561 14.453 14.699 14.061 13.821 13.762 14.162 14.199 14.328 14.536 14.803 14.685 13.836 13.296 13.191 13.209 12.812 12.533 12.967 13.295 13.235 13.16 12.645 12.784 13.048 13.265 13.235 13.168 13.413 13.635 14.101 14.633 14.648 14.573 14.534 14.208 -9999 -9999 -9999 -9999 -9999 -9999 -9999 -9999 -9999 -9999 -9999 -9999 -9999 -9999 -9999 -9999 -9999 -9999 -9999 -9999 -9999 -9999 -9999 -9999
-9999 -9999 -9999 13.708 13.753 13.635 14.039 -9999 -9999 13.466 -9999 -9999 -9999 -9999 14.491 14.338 14.788 14.658 14.295 13.815 13.536 13.486 13.372 13.433 13.9 14.188 14.283 14.205 13.497 13.458 13.307 13.195 13.38 13.292 12.856 12.944 12.014 11.723 12.38 12.915 13.284 13.653 13.688 13.85 13.813 14.19 14.663 14.823 14.854 14.732 14.598 -9999 -9999 -9999 -9999 -9999 -9999 -9999 -9999 -9999 -9999 -9999 -9999 -9999 -9999 -9999 -9999 -9999 -9999 -9999 -9999 -9999 -9999 -9999 -9999
-9999 -9999 -9999 -9999 13.386 13.572 14.4 -9999 13.611 12.795 13.537 -9999 -9999 -9999 -9999 14.86 14.918 14.905 14.609 14.221 13.863 13.419 13.322 13.547 13.775 13.874 14.093 13.774 13.892 13.635 13.405 13.201 13.185 12.714 13.419 12.931 12.808 12.692 12.243 12.564 13.446 13.769 14.154 14.233 14.235 14.471 14.738 14.893 14.938 14.702 14.685 14.619 -9999 -9999 -9999 -9999 -9999 -9999 -9999 -9999 -9999 -9999 -9999 -9999 -9999 -9999 -9999 -9999 -9999 -9999 -9999 -9999 -9999 -9999 -9999
-9999 -9999 -9999 -9999 13.801 13.648 13.982 -9999 14.149 13.142 14.007 -9999 -9999 -9999 -9999 -9999 14.91 14.916 14.805 14.657 14.445 14.162 13.852 13.442 12.975 13.141 13.49 13.763 13.722 13.428 13.237 13.297 13.024 13.135 13.531 13.335 13.268 13.3 13.716 13.777 14.05 14.151 14.467 14.337 14.59 15.034 15.091 15.101 14.995 14.828 14.473 14.663 14.726 -9999 -9999 -9999 -9999 -9999 -9999 -9999 -9999 -9999 -9999 -9999 -9999 -9999 -9999 -9999 -9999 -9999 -9999 -9999 -9999 -9999 -9999
-9999 -9999 -9999 -9999 13.648 13.166 -9999 -9999 14.687 13.883 13.536 14.415 -9999 -9999 -9999 -9999 -9999 14.851 14.617 14.449 14.411 13.742 13.116 12.783 12.458 12.594 12.982 13.366 13.112 13.318 13.249 12.894 12.744 13.149 11.828 12.785 12.658 13.491 13.09 13.677 14.262 14.215 14.473 14.678 14.994 14.947 14.675 14.609 14.794 14.655 14.917 14.4 14.762 14.832 14.927 -9999 -9999 -9999 -9999 -9999 -9999 -9999 -9999 -9999 -9999 -9999 -9999 -9999 -9999 -9999 -9999 -9999 -9999 -9999 -9999
-9999 -9999 -9999 -9999 13.3 13.934 -9999 -9999 14.011 13.112 13.324 -9999 -9999 -9999 -9999 -9999 -9999 14.848 14.626 14.47 14.212 13.623 13.337 13.282 12.979 12.881 12.797 12.9 12.99 13.052 12.165 11.506 12.43 11.467 11.053 11.611 12.888 12.856 13.59 14.393 14.007 14.185 14.498 14.51 14.626 14.753 14.573 14.544 14.045 13.928 14.706 14.634 14.44 14.875 15.017 -9999 -9999 -9999 -9999 -9999 -9999 -9999 -9999 -9999 -9999 -9999 -9999 -9999 -9999 -9999 -9999 -9999 -9999 -9999 -9999
-9999 -9999 -9999 -9999 13.624 14.451 -9999 -9999 -9999 14.198 13.998 14.141 -9999 -9999 -9999 -9999 -9999 14.891 14.652 14.5 14.272 13.874 13.697 13.098 12.357 12.091 12.612 12.596 13.122 12.937 12.189 12.04 12.543 11.041 11.707 12.532 12.313 12.859 13.967 13.737 14.039 14.053 14.244 14.582 14.459 14.289 14.314 13.919 12.668 13.104 13.858 14.689 14.615 14.722 14.964 -9999 -9999 -9999 -9999 -9999 -9999 -9999 -9999 -9999 -9999 -9999 -9999 -9999 -9999 -9999 -9999 -9999 -9999 -9999 -9999
-9999 -9999 -9999 13.239 13.643 14.202 -9999 -9999 -9999 -9999 -9999 -9999 -9999 -9999 -9999 -9999 -9999 14.58 14.358 14.291 14.027 13.703 13.482 12.768 12.384 12.363 12.673 12.842 12.581 12.564 11.774 11.974 11.333 11.029 11.772 12.56 12.325 12.85 13.133 13.681 13.72 14.118 14.112 14.035 14.266 13.997 13.862 12.788 12.627 12.558 13.876 14.848 15.005 14.887 14.903 15.269 -9999 -9999 -9999 -9999 -9999 -9999 -9999 -9999 -9999 -9999 -9999 -9999 -9999 -9999 -9999 -9999 -9999 -9999 -9999
-9999 -9999 13.164 13.214 13.279 14.304 -9999 -9999 -9999 -9999 -9999 -9999 -9999 -9999 -9999 15.013 14.732 14.571 14.147 13.588 13.184 13.306 13.316 13.219 13.051 13.471 12.996 12.144 12.262 12.278 12.281 12.648 12.159 11.291 12.725 12.582 12.624 12.837 13.309 13.726 14.146 13.6 13.679 14.013 13.948 13.696 12.961 12.828 12.843 13.018 13.86 15.005 15.24 14.994 14.995 15.208 -9999 -9999 -9999 -9999 -9999 -9999 -9999 -9999 -9999 -9999 -9999 -9999 -9999 -9999 -9999 -9999 -9999 -9999 -9999
-9999 -9999 13.216 13.74 14.584 -9999 -9999 -9999 -9999 -9999 -9999 -9999 -9999 -9999 -9999 15.028 15.024 14.66 13.777 13.22 13.225 12.592 12.23 12.342 12.348 12.724 12.863 13.021 12.833 12.366 12.745 13.264 12.908 12.547 11.887 12.451 12.307 13.026 13.443 14.136 13.754 13.609 13.824 13.726 13.293 12.679 12.398 12.911 13.383 13.832 14.447 14.496 14.551 14.849 14.958 15.171 -9999 -9999 -9999 -9999 -9999 -9999 -9999 -9999 -9999 -9999 -9999 -9999 -9999 -9999 -9999 -9999 -9999 -9999 -9999
-9999 -9999 -9999 -9999 -9999 -9999 -9999 -9999 -9999 -9999 -9999 -9999 -9999 -9999 -9999 15.107 14.972 13.926 13.597 13.278 12.992 12.07 11.982 11.394 11.826 12.228 12.729 13.002 12.672 11.423 12.089 13.475 13.512 12.18 12.168 12.517 12.662 12.673 13.471 13.073 12.931 13.298 12.925 12.598 12.243 13.044 13.168 13.299 13.516 13.843 14.727 14.943 14.824 14.988 15.286 15.382 -9999 -9999 -9999 -9999 -9999 -9999 -9999 -9999 -9999 -9999 -9999 -9999 -9999 -9999 -9999 -9999 -9999 -9999 -9999
-9999 -9999 -9999 -9999 -9999 -9999 -9999 -9999 -9999 -9999 -9999 -9999 -9999 -9999 14.871 14.364 13.671 13.6 13.022 13.145 13.011 12.817 11.76 11.821 11.699 12.061 12.418 13.432 13.004 12.469 12.759 13.366 13.549 13.113 12.938 12.861 12.717 12.779 12.363 13.15 13.437 13.208 12.903 11.838 12.747 12.61 13.076 13.655 13.606 13.856 13.883 14.746 15.217 15.407 15.459 15.522 -9999 -9999 -9999 -9999 -9999 -9999 -9999 -9999 -9999 -9999 -9999 -9999 -9999 -9999 -9999 -9999 -9999 -9999 -9999
-9999 -9999 -9999 -9999 -9999 -9999 -9999 -9999 -9999 -9999 -9999 -9999 -9999 -9999 14.22 13.932 13.52 12.499 12.69 13.152 13.053 12.24 12.891 12.382 12.173 12.477 12.944 13.929 13.826 13.322 13.061 13.211 14.004 13.675 13.507 13.401 13.309 12.525 13.519 13.004 13.426 13.431 12.059 13.281 12.85 12.97 13.479 13.514 14.035 13.964 13.669 14.273 14.904 15.147 15.378 15.575 -9999 -9999 -9999 -9999 -9999 -9999 -9999 -9999 -9999 -9999 -9999 -9999 -9999 -9999 -9999 -9999 -9999 -9999 -9999
-9999 -9999 -9999 -9999 -9999 -9999 -9999 -9999 -9999 -9999 -9999 -9999 -9999 14.459 13.9 14.012 12.896 13.025 12.636 11.745 12.286 12.884 13.165 12.685 12.854 12.922 12.929 13.385 13.592 13.375 13.443 14.301 14.314 13.964 13.459 13.406 12.681 13.695 13.415 12.996 13.77 12.714 12.647 13.443 13.732 13.95 13.527 13.647 13.869 13.705 14.101 14.535 14.975 15.209 15.38 15.622 15.696 -9999 -9999 -9999 -9999 -9999 -9999 -9999 -9999 -9999 -9999 -9999 -9999 -9999 -9999 -9999 -9999 -9999 -9999
-9999 -9999 -9999 -9999 -9999 -9999 -9999 -9999 -9999 -9999 -9999 -9999 14.205 14.084 14.045 13.974 13.648 13.324 12.578 12.652 12.57 12.304 13.62 13.597 13.35 12.961 12.923 13.265 13.718 14.22 14.443 14.166 14.474 14.157 13.709 13.383 13.677 14.02 13.734 13.761 13.99 12.88 12.636 13.098 13.355 13.564 13.716 14.103 14.111 13.893 14.419 14.728 14.998 15.226 15.556 15.707 15.806 -9999 -9999 -9999 -9999 -9999 -9999 -9999 -9999 -9999 -9999 -9999 -9999 -9999 -9999 -9999 -9999 -9999 -9999
-9999 -9999 -9999 -9999 -9999 -9999 -9999 -9999 -9999 -9999 -9999 -9999 14.046 12.973 13.808 13.878 13.829 13.899 13.202 11.979 12.218 13.394 13.691 13.972 13.664 13.369 13.153 13.027 14.304 14.748 14.512 14.519 14.168 14.26 13.824 13.966 13.984 14.31 14.124 14.222 13.734 13.391 13.042 13.064 13.379 13.512 14.133 14.544 14.429 14.412 14.446 14.678 15.102 15.537 15.649 15.765 15.859 -9999 -9999 -9999 -9999 -9999 -9999 -9999 -9999 -9999 -9999 -9999 -9999 -9999 -9999 -9999 -9999 -9999 -9999
-9999 -9999 -9999 -9999 -9999 -9999 -9999 -9999 -9999 -9999 -9999 13.975 13.088 13.472 13.624 13.717 14.003 14.12 13.212 12.686 13.07 13.176 13.712 13.862 13.937 13.518 13.128 13.884 14.245 14.549 14.915 14.485 14.472 14.318 14.4 14.309 14.415 14.61 14.584 14.156 14.289 13.738 13.099 13.513 13.601 13.8 13.962 14.509 14.726 15.124 14.826 14.877 15.222 15.656 15.909 15.879 15.902 16.024 -9999 -9999 -9999 -9999 -9999 -9999 -9999 -9999 -9999 -9999 -9999 -9999 -9999 -9999 -9999 -9999 -9999
-9999 -9999 -9999 -9999 -9999 -9999 -9999 -9999 -9999 -9999 14.156 -9999 14.099 13.638 13.633 13.756 14.155 14.496 14.047 13.895 13.245 12.795 13.474 14.001 14.153 14.056 13.976 14.091 14.268 14.546 14.742 14.489 14.726 14.731 14.754 14.756 14.898 14.955 14.855 14.717 14.429 14.06 14.185 14.039 14.046 14.084 14.441 14.894 15.564 15.041 14.738 15.126 15.455 15.709 15.904 16.076 16.154 16.069 -9999 -9999 -9999 -9999 -9999 -9999 -9999 -9999 -9999 -9999 -9999 -9999 -9999 -9999 -9999 -9999 -9999
