Validation/Results/raw data/ReClimate_09_2024_1_Temperature-Actualsweatherlogisticsltd.asc
NCOLS 192
NROWS 249
XLLCENTER -225160.85627316462
YLLCENTER 29788.11610251502
CELLSIZE 5000.0
NODATA_VALUE -9999
[rows 170 to 203 of 249, columns 77 to 153 of 192]
-9999 -9999 -9999 -9999 -9999 -9999 -9999 -9999 -9999 -9999 -9999 -9999 -9999 -9999 -9999 11.704 11.558 -9999 -9999 -9999 -9999 -9999 -9999 -9999 -9999 -9999 -9999 -9999 -9999 -9999 -9999 -9999 -9999 -9999 11.217 11.167 11.049 10.932 10.691 10.749 10.839 10.87 10.892 11.036 11.143 11.132 10.895 10.457 9.667 8.889 8.184 8.351 8.296 8.725 9.748 10.201 10.447 10.161 10.167 10.398 10.635 10.662 10.748 10.803 10.808 10.754 10.642 10.607 10.705 10.736 10.621 10.262 10.365 10.32 10.564 10.844 11.031
-9999 -9999 -9999 -9999 -9999 -9999 -9999 -9999 -9999 -9999 -9999 -9999 -9999 -9999 -9999 11.427 11.222 11.307 -9999 -9999 -9999 -9999 -9999 -9999 -9999 -9999 -9999 -9999 -9999 -9999 -9999 -9999 -9999 11.395 11.251 11.126 11.116 10.88 10.925 10.899 10.948 10.905 10.919 10.978 11.008 10.94 10.834 10.536 9.959 8.988 8.199 8.563 8.963 9.026 9.606 10.526 10.668 10.48 10.112 10.282 10.599 10.657 10.686 10.737 10.77 10.747 10.696 10.592 10.658 10.724 10.663 10.401 10.229 10.33 10.491 10.869 11.102
-9999 -9999 -9999 -9999 -9999 -9999 -9999 -9999 -9999 -9999 -9999 -9999 -9999 -9999 11.709 11.334 11.021 11.172 11.543 -9999 -9999 -9999 -9999 -9999 -9999 -9999 -9999 -9999 -9999 -9999 11.289 -9999 -9999 11.365 11.001 11.148 11.161 11.1 -9999 10.844 10.778 10.728 10.76 10.71 10.802 10.73 10.639 10.251 9.681 10.011 8.961 9.12 9.528 8.921 9.691 10.133 10.557 10.524 10.283 10.343 10.523 10.599 10.741 10.808 10.816 10.768 10.74 10.645 10.655 10.752 10.692 10.579 10.334 10.217 10.305 10.727 11.01
-9999 -9999 -9999 -9999 -9999 -9999 -9999 -9999 -9999 -9999 -9999 -9999 -9999 -9999 11.764 11.368 11.164 11.176 11.433 11.579 11.749 -9999 -9999 -9999 11.086 11.181 -9999 11.234 11.312 11.243 10.499 10.692 -9999 -9999 11.122 11.112 -9999 -9999 10.884 10.705 10.876 11.036 10.854 10.637 10.53 10.522 10.325 9.759 9.049 9.349 9.239 8.986 9.102 9.019 9.215 10.277 10.443 10.369 10.144 10.325 10.444 10.567 10.627 10.751 10.824 10.818 10.775 10.705 10.672 10.782 10.76 10.699 10.525 10.316 10.129 10.291 10.646
-9999 -9999 -9999 -9999 -9999 -9999 -9999 -9999 -9999 -9999 -9999 -9999 -9999 -9999 -9999 11.623 11.331 11.263 11.454 11.537 -9999 -9999 9.538 9.406 10.61 10.044 10.263 10.465 11.05 10.882 10.665 10.361 10.412 -9999 11.094 11.1 11.037 10.937 10.531 10.348 10.774 11.15 10.97 10.638 10.535 10.404 10.212 9.508 8.553 8.577 8.843 9.111 9.345 9.159 9.367 10.066 10.493 10.389 10.186 10.267 10.348 10.448 10.546 10.648 10.776 10.833 10.752 10.558 10.642 10.828 10.823 10.782 10.665 10.461 10.342 10.25 10.288
-9999 -9999 -9999 -9999 -9999 -9999 -9999 -9999 -9999 -9999 -9999 -9999 -9999 -9999 -9999 11.745 11.518 11.629 11.635 11.588 11.352 9.944 7.879 9.978 10.364 9.579 10.07 9.802 10.263 10.784 10.524 9.669 10.259 10.487 10.824 11.045 10.985 10.796 10.476 10.33 10.64 10.923 10.859 10.729 10.58 10.411 10.129 9.24 8.638 8.297 8.608 8.722 9.441 9.574 9.327 9.627 10.101 10.201 10.21 10.265 10.283 10.381 10.511 10.604 10.801 10.808 10.806 10.766 10.668 10.861 10.892 10.864 10.804 10.609 10.332 10.355 10.53
-9999 -9999 -9999 -9999 -9999 -9999 -9999 -9999 -9999 -9999 -9999 -9999 -9999 -9999 -9999 -9999 11.802 11.85 11.586 10.916 9.752 7.201 7.877 9.631 9.516 9.733 9.262 9.131 9.449 9.857 10.066 10.234 9.571 10.242 10.677 10.812 10.945 10.882 10.609 10.493 10.593 10.733 10.779 10.653 10.519 10.369 9.945 9.388 8.819 8.633 8.966 8.766 9.012 9.915 9.654 9.713 9.967 10.0 10.167 10.351 10.346 10.364 10.462 10.598 10.816 10.855 10.88 10.777 10.77 10.865 10.919 10.921 10.868 10.785 10.685 10.591 10.693
-9999 -9999 -9999 -9999 -9999 -9999 -9999 -9999 -9999 -9999 -9999 -9999 -9999 -9999 -9999 -9999 -9999 -9999 11.081 9.977 8.726 8.088 8.454 9.818 9.846 9.251 8.716 8.59 8.678 9.574 10.365 9.998 9.343 9.826 10.436 10.788 11.033 10.915 10.674 10.462 10.5 10.535 10.571 10.595 10.501 10.201 9.658 9.371 9.193 8.797 9.039 8.837 8.753 9.347 9.983 9.914 10.25 10.107 9.987 10.235 10.368 10.485 10.565 10.689 10.836 10.891 10.918 10.922 10.761 10.836 10.893 10.926 10.946 10.929 10.898 10.844 10.816
-9999 -9999 -9999 -9999 -9999 -9999 -9999 -9999 -9999 -9999 -9999 -9999 -9999 -9999 -9999 -9999 -9999 11.706 10.72 10.033 9.6 8.598 9.603 10.039 9.54 9.442 8.942 8.457 8.808 8.96 9.823 9.686 9.153 9.478 10.084 10.905 11.029 10.924 10.546 10.335 10.347 10.421 10.521 10.57 10.392 9.911 9.714 9.848 9.487 8.986 9.186 9.149 9.227 9.408 9.523 9.989 10.166 10.193 10.195 10.209 10.397 10.422 10.655 10.81 10.883 10.908 10.934 10.75 10.755 10.84 10.921 10.938 10.987 11.011 11.001 10.95 10.95
-9999 -9999 -9999 -9999 -9999 -9999 -9999 -9999 -9999 -9999 -9999 -9999 -9999 -9999 -9999 -9999 11.676 10.005 10.443 9.998 9.496 9.681 8.479 8.7 8.998 8.932 8.384 8.894 8.683 9.184 9.661 9.009 8.702 9.35 10.161 10.898 11.092 10.893 10.423 10.362 10.438 10.477 10.563 10.479 10.191 10.132 10.025 9.626 9.38 9.193 8.976 9.416 9.593 9.757 9.862 9.851 10.271 10.311 10.45 10.463 10.503 10.72 10.608 10.82 10.91 10.883 10.887 10.729 10.661 10.87 10.91 10.949 10.981 11.008 11.007 11.035 11.111
-9999 -9999 -9999 -9999 -9999 -9999 -9999 -9999 -9999 -9999 -9999 -9999 -9999 -9999 -9999 11.553 10.171 10.781 10.784 10.404 10.499 9.896 9.512 9.043 8.597 8.279 8.333 8.478 8.701 9.431 9.042 9.154 9.88 10.085 10.614 10.778 10.967 10.75 10.445 10.397 10.422 10.516 10.4 10.164 10.293 10.225 10.036 9.576 9.444 9.699 9.5 9.501 9.806 9.934 10.061 10.184 10.271 10.491 10.613 10.8 10.846 10.921 10.923 10.815 10.864 10.869 10.859 10.708 10.654 10.873 10.926 10.907 10.932 10.937 10.996 11.056 11.143
-9999 -9999 -9999 -9999 -9999 -9999 -9999 -9999 -9999 -9999 -9999 -9999 -9999 11.391 11.56 11.204 11.292 11.556 11.603 11.331 11.452 10.831 9.973 9.226 8.515 7.628 8.892 9.039 9.475 9.335 8.521 8.829 9.299 10.142 10.483 10.623 10.723 10.595 10.415 10.323 10.43 10.406 10.223 10.155 10.105 10.3 10.004 9.674 9.686 9.673 9.707 9.857 10.028 10.196 10.355 10.596 10.603 10.614 10.832 11.054 11.111 10.984 10.919 10.886 10.842 10.788 10.808 10.617 10.541 10.781 10.911 10.902 10.891 10.914 10.974 11.047 -9999
-9999 -9999 -9999 -9999 -9999 -9999 -9999 -9999 -9999 -9999 -9999 -9999 11.224 11.299 11.323 11.536 -9999 -9999 -9999 -9999 10.853 9.759 9.468 9.126 8.282 9.088 9.164 8.636 9.046 8.403 7.239 8.03 8.979 9.554 10.313 10.69 10.623 10.529 10.461 10.441 10.451 10.408 10.257 10.191 10.082 10.17 10.01 9.952 9.906 9.897 10.038 10.157 10.264 10.467 10.556 10.784 10.962 10.882 10.929 11.012 11.063 10.972 10.866 10.788 10.676 10.628 10.651 10.586 10.492 10.632 10.834 10.908 10.904 10.905 10.964 11.038 11.121
-9999 -9999 -9999 -9999 -9999 -9999 -9999 -9999 -9999 -9999 -9999 -9999 11.244 11.129 11.676 -9999 -9999 -9999 -9999 -9999 10.524 9.719 9.247 9.404 8.736 8.86 8.461 8.012 8.205 7.853 7.876 9.203 9.357 10.02 10.573 10.758 10.672 10.563 10.466 10.346 10.322 10.38 10.309 10.211 10.189 10.094 10.196 10.194 10.257 10.053 9.989 10.088 10.306 10.468 10.562 10.741 10.822 10.878 10.89 10.851 10.833 10.675 10.655 10.469 10.332 10.331 10.476 10.541 10.521 10.625 10.795 10.947 10.959 10.964 10.979 11.004 11.059
-9999 -9999 -9999 -9999 -9999 -9999 -9999 -9999 -9999 -9999 -9999 -9999 -9999 -9999 11.851 -9999 -9999 -9999 -9999 -9999 10.48 9.572 9.834 9.496 9.151 9.088 7.897 8.177 9.027 8.323 9.088 9.387 9.71 10.383 10.762 10.83 10.581 10.534 10.414 10.348 10.484 10.447 10.459 10.426 10.274 10.283 10.38 10.487 10.423 10.384 10.268 10.174 10.385 10.4 10.206 10.391 10.603 10.662 10.83 10.759 10.544 10.287 10.164 10.352 10.293 10.288 10.388 10.509 10.538 10.62 10.788 10.966 11.009 11.021 11.046 11.052 11.101
-9999 -9999 -9999 -9999 -9999 -9999 -9999 -9999 -9999 -9999 -9999 -9999 -9999 -9999 -9999 -9999 -9999 -9999 -9999 -9999 10.838 10.222 11.003 10.156 9.385 8.216 8.376 8.51 8.559 9.291 9.36 9.508 10.386 10.677 10.919 10.801 10.701 10.588 10.582 10.588 10.605 10.619 10.598 10.526 10.441 10.394 10.487 10.483 10.313 10.498 10.626 10.57 10.517 10.642 10.33 10.15 10.39 10.377 10.599 10.792 10.548 10.375 10.23 10.282 10.476 10.465 10.462 10.595 10.67 10.705 10.804 10.967 11.042 11.086 11.111 11.15 11.2
-9999 -9999 -9999 -9999 -9999 -9999 -9999 -9999 -9999 -9999 -9999 -9999 -9999 -9999 -9999 -9999 -9999 -9999 -9999 -9999 -9999 10.895 9.574 8.971 8.867 9.124 9.022 8.813 9.501 9.572 9.977 10.449 10.349 10.826 10.807 10.52 10.546 10.629 10.747 10.819 10.746 10.596 10.538 10.383 10.345 10.398 10.55 10.414 10.198 10.318 10.623 10.729 10.701 10.64 10.566 10.358 10.27 10.1 10.165 10.67 10.72 10.446 10.258 10.113 10.228 10.534 10.577 10.673 10.789 10.91 10.937 11.033 11.09 11.143 11.174 11.215 11.263
-9999 -9999 -9999 -9999 -9999 -9999 -9999 -9999 -9999 -9999 -9999 -9999 -9999 -9999 -9999 -9999 -9999 -9999 -9999 -9999 10.802 10.257 9.587 8.592 9.445 9.588 9.08 9.445 9.525 9.553 10.453 10.394 10.384 10.6 9.683 10.278 10.567 10.585 10.57 10.771 10.525 10.08 10.098 10.301 10.467 10.428 10.558 10.503 10.42 10.427 10.635 10.731 10.753 10.702 10.586 10.529 10.371 10.331 10.372 10.643 10.702 10.461 10.198 10.007 10.076 10.441 10.706 10.787 10.946 11.07 11.121 11.153 11.195 11.22 11.233 11.274 11.315
-9999 -9999 -9999 -9999 -9999 -9999 -9999 -9999 -9999 -9999 -9999 -9999 -9999 -9999 -9999 -9999 -9999 -9999 -9999 -9999 11.122 10.51 8.743 10.032 10.506 9.866 9.717 9.435 8.954 9.645 10.42 10.383 10.657 10.259 10.308 10.326 10.187 10.188 10.591 10.56 10.268 10.181 10.232 10.537 10.493 10.439 10.548 10.527 10.664 10.691 10.718 10.765 10.764 10.765 10.716 10.645 10.557 10.393 10.529 10.706 10.607 10.285 9.994 10.019 10.092 10.259 10.587 10.856 10.953 11.12 11.133 11.157 11.262 11.311 11.317 11.335 11.374
-9999 -9999 -9999 -9999 -9999 -9999 -9999 -9999 -9999 -9999 -9999 -9999 -9999 -9999 -9999 -9999 -9999 -9999 -9999 -9999 11.085 10.322 10.913 10.646 10.347 10.017 9.526 8.704 9.068 9.425 10.171 10.47 10.795 10.649 10.301 9.743 9.422 9.587 10.215 10.05 10.205 10.165 10.405 10.656 10.541 10.551 10.598 10.659 10.804 10.717 10.66 10.758 10.787 10.623 10.714 10.739 10.668 10.592 10.64 10.706 10.556 10.306 10.142 10.118 10.28 10.448 10.641 10.764 10.932 11.077 11.234 11.185 11.298 11.363 11.372 11.392 11.406
-9999 -9999 -9999 -9999 -9999 -9999 -9999 -9999 -9999 -9999 -9999 -9999 -9999 -9999 -9999 -9999 -9999 -9999 -9999 -9999 -9999 11.361 10.264 9.638 8.955 8.83 8.851 9.161 9.581 10.367 10.611 10.79 10.617 10.502 10.288 9.933 9.585 9.556 9.838 10.153 10.154 10.036 10.346 10.57 10.472 10.712 10.713 10.638 10.968 10.994 10.816 10.843 10.904 10.653 10.506 10.74 10.685 10.649 10.695 10.672 10.486 10.374 10.395 10.502 10.529 10.65 10.691 10.716 10.92 11.11 11.182 11.22 11.344 11.415 11.401 11.394 11.414
-9999 -9999 -9999 -9999 -9999 -9999 -9999 -9999 -9999 -9999 -9999 -9999 -9999 -9999 -9999 -9999 -9999 -9999 -9999 -9999 -9999 10.795 9.81 8.939 8.244 8.102 8.56 9.469 10.239 10.454 10.189 9.683 9.326 9.372 9.894 10.196 9.784 9.791 10.021 10.2 9.759 9.982 10.207 10.281 10.395 10.737 10.73 10.813 10.819 10.96 10.969 10.91 10.992 10.819 10.6 10.707 10.747 10.601 10.538 10.498 10.388 10.38 10.523 10.456 10.502 10.552 10.725 10.696 10.879 11.075 11.086 11.205 11.365 11.42 11.405 11.345 11.292
-9999 -9999 -9999 -9999 -9999 -9999 -9999 -9999 -9999 -9999 -9999 -9999 -9999 -9999 -9999 -9999 -9999 -9999 -9999 -9999 11.295 10.804 9.796 8.894 8.41 8.646 9.115 9.616 9.358 8.73 9.068 8.951 9.041 9.792 10.139 9.975 9.911 10.156 10.306 9.931 9.852 9.935 10.186 10.313 10.44 10.839 10.793 10.615 10.816 10.667 10.766 10.725 10.8 10.746 10.722 10.857 10.811 10.742 10.701 10.541 10.484 10.339 10.434 10.469 10.499 10.606 10.673 10.844 10.967 11.028 11.04 11.2 11.409 11.429 11.44 11.353 11.236
-9999 -9999 -9999 -9999 -9999 -9999 -9999 -9999 -9999 -9999 -9999 -9999 -9999 -9999 -9999 -9999 -9999 -9999 -9999 -9999 11.098 10.472 10.008 9.576 9.031 8.395 8.705 8.961 8.821 8.901 8.655 8.564 9.038 9.749 9.433 9.514 10.154 9.998 10.424 10.103 9.847 9.821 10.419 10.417 10.858 10.971 10.804 10.673 10.275 10.494 10.522 10.595 10.563 10.528 10.669 10.866 10.911 10.911 10.903 10.846 10.555 10.416 10.351 10.398 10.499 10.764 10.867 10.966 11.028 11.019 11.048 11.213 11.326 11.449 11.485 11.445 11.306
-9999 -9999 -9999 -9999 -9999 -9999 -9999 -9999 -9999 -9999 -9999 -9999 -9999 -9999 -9999 -9999 -9999 -9999 -9999 -9999 10.645 10.709 10.736 9.969 8.872 8.284 8.652 8.895 9.123 8.763 8.889 9.116 9.352 9.257 9.407 10.108 10.173 10.264 9.943 10.351 10.218 10.471 10.432 10.502 10.903 11.083 10.934 10.547 10.602 10.495 10.454 10.515 10.516 10.608 10.61 10.698 10.795 10.903 10.95 10.857 10.604 10.403 10.531 10.682 10.606 10.793 10.907 11.068 11.068 11.017 11.159 11.336 11.442 11.528 11.637 11.592 11.527
-9999 -9999 -9999 -9999 -9999 -9999 -9999 -9999 -9999 -9999 -9999 -9999 -9999 -9999 -9999 -9999 -9999 -9999 -9999 10.792 10.552 10.113 10.19 9.88 8.865 8.691 8.345 8.835 9.501 9.53 9.652 9.298 9.229 9.617 9.61 9.713 10.177 10.171 10.549 10.706 10.749 10.692 10.544 10.8 11.034 11.099 11.059 10.953 10.821 10.777 10.657 10.662 10.623 10.675 10.766 10.764 10.816 11.011 10.972 10.793 10.631 10.551 10.751 10.908 10.905 10.88 11.063 11.02 11.079 11.06 11.117 11.312 11.492 11.56 11.623 11.625 11.633
-9999 -9999 -9999 -9999 -9999 -9999 -9999 -9999 -9999 -9999 -9999 -9999 -9999 -9999 -9999 -9999 -9999 -9999 10.583 10.506 9.936 10.235 10.217 9.191 8.547 8.389 8.653 9.116 9.606 9.506 9.629 9.328 8.857 9.5 9.456 10.189 10.456 10.689 10.746 10.687 10.58 10.621 10.519 10.882 11.0 11.283 11.266 11.118 11.043 10.969 10.927 10.788 10.775 10.915 10.985 10.898 10.847 10.883 10.871 10.722 10.625 10.593 10.781 11.054 11.152 11.186 11.039 10.993 11.038 11.112 11.177 11.328 11.402 11.429 11.44 11.477 11.55
-9999 -9999 -9999 -9999 -9999 -9999 -9999 -9999 -9999 -9999 -9999 -9999 -9999 -9999 -9999 -9999 10.207 10.323 10.205 10.705 10.615 10.408 9.776 8.826 8.409 8.296 8.208 8.992 9.379 9.9 9.649 9.119 9.1 9.615 10.152 10.405 10.752 10.808 10.842 10.554 10.485 10.469 10.757 11.122 11.276 11.327 11.256 11.116 11.109 11.159 11.085 10.916 10.95 11.041 11.174 10.927 10.784 10.649 10.522 10.518 10.538 10.703 10.805 10.997 10.997 11.085 11.065 11.091 11.107 11.154 11.229 11.37 11.477 11.34 11.311 11.348 11.484
-9999 -9999 -9999 -9999 -9999 -9999 -9999 -9999 -9999 -9999 -9999 -9999 -9999 -9999 -9999 10.247 10.039 9.674 10.049 10.478 10.454 10.143 9.053 8.888 8.39 8.354 8.82 9.528 10.093 10.09 9.967 9.418 8.871 9.466 10.071 10.607 10.654 10.696 10.474 10.657 10.469 10.523 10.935 11.23 11.453 11.421 11.178 11.226 11.088 11.128 11.187 11.099 11.043 11.066 10.994 11.002 10.757 10.694 10.585 10.385 10.378 10.477 10.651 10.785 10.859 10.95 11.095 11.053 11.258 11.313 11.329 11.408 11.392 11.314 11.233 11.336 11.48
-9999 -9999 -9999 -9999 -9999 -9999 -9999 -9999 -9999 -9999 -9999 -9999 11.588 11.038 10.662 10.375 9.811 9.792 10.074 10.548 10.618 9.53 9.208 8.929 9.192 8.572 9.438 9.681 9.369 9.939 10.125 8.788 9.405 10.016 10.853 10.862 10.666 10.198 10.876 10.774 10.722 10.758 10.862 11.234 11.425 11.493 11.376 11.371 11.209 11.096 11.198 11.182 11.185 11.041 10.928 10.614 10.731 10.779 10.735 10.552 10.495 10.575 10.73 10.892 10.89 10.969 11.023 11.165 11.259 11.365 11.31 11.373 11.412 11.342 11.381 11.427 11.503
-9999 -9999 -9999 -9999 -9999 -9999 -9999 -9999 -9999 -9999 11.051 11.233 11.2 10.98 10.867 10.53 10.559 10.319 10.514 10.348 9.593 9.906 9.602 9.465 9.667 9.335 9.269 8.555 9.113 9.528 9.433 9.772 10.221 10.761 10.16 10.389 10.644 10.851 10.997 11.042 10.934 10.964 11.136 11.119 11.381 11.601 11.554 11.485 11.381 11.309 11.299 11.081 11.197 11.206 10.916 10.695 10.539 10.772 10.746 10.589 10.507 10.537 10.669 10.948 11.093 11.135 11.104 11.084 11.274 11.254 11.19 11.29 11.404 11.396 11.402 11.412 11.408
-9999 -9999 -9999 -9999 -9999 -9999 11.056 11.031 11.042 11.053 10.536 11.172 10.957 11.0 10.821 10.621 10.634 10.52 10.251 9.553 9.928 10.222 9.658 10.12 9.95 9.597 8.762 8.948 9.32 9.568 9.518 10.195 10.657 9.554 9.618 10.336 10.431 10.909 11.057 11.159 11.017 10.827 11.08 10.994 11.551 11.646 11.615 11.406 11.296 11.344 10.835 11.009 11.136 11.2 10.931 10.593 10.58 10.706 10.73 10.725 10.658 10.663 10.747 10.969 11.083 11.164 11.2 11.086 11.112 11.213 11.205 11.354 11.482 11.376 11.118 11.11 11.068
-9999 -9999 -9999 -9999 -9999 11.459 11.054 11.044 10.875 10.056 9.8 10.015 10.318 10.647 10.179 10.107 10.269 10.119 9.656 10.028 10.173 9.889 10.362 10.602 10.273 9.688 9.226 9.438 9.628 9.645 9.951 10.357 9.386 8.244 9.385 10.103 10.696 10.743 10.965 10.842 10.915 11.081 11.158 11.411 11.545 11.581 11.62 11.405 11.218 10.881 10.571 10.402 10.912 11.056 10.628 10.468 10.533 10.68 10.781 10.742 10.75 10.762 10.904 10.918 10.977 11.084 10.995 10.925 11.078 11.183 11.239 11.369 11.434 11.242 11.012 10.88 10.94
-9999 -9999 -9999 -9999 11.784 11.196 10.922 10.883 10.473 9.962 10.084 10.328 10.591 10.179 10.114 10.14 10.577 10.074 9.922 10.256 10.31 10.513 11.035 10.636 9.88 9.458 9.688 9.905 9.877 10.312 10.387 10.099 8.688 8.696 9.366 10.567 10.453 10.607 10.592 11.02 11.155 11.082 11.25 11.387 11.52 11.59 11.724 11.562 11.27 10.778 10.348 10.459 10.759 10.839 10.568 10.262 10.467 10.668 10.742 10.826 10.831 10.878 10.916 10.964 10.871 10.95 11.048 10.955 11.037 11.039 10.937 11.153 11.311 11.158 10.966 10.963 11.006
