Validation/Results/raw data/ReClimate_05_2024_1_Temperature-Actualsweatherlogisticsltd.asc
NCOLS 192
NROWS 249
XLLCENTER -225160.85627316462
YLLCENTER 29788.11610251502
CELLSIZE 5000.0
NODATA_VALUE -9999
[rows 136 to 169 of 249, columns 75 to 149 of 192]
12.438 -9999 -9999 -9999 -9999 -9999 -9999 -9999 -9999 -9999 12.299 -9999 12.393 11.998 12.079 12.16 12.481 12.641 12.534 12.149 10.964 11.282 11.418 11.511 12.123 12.148 12.108 12.182 11.613 11.365 -9999 -9999 -9999 -9999 -9999 -9999 12.58 12.715 12.673 12.458 12.421 12.342 11.83 11.559 11.862 11.898 11.941 12.445 12.174 12.068 12.605 12.876 13.089 13.08 13.534 13.795 13.771 13.4 13.297 -9999 -9999 -9999 -9999 -9999 -9999 -9999 -9999 -9999 -9999 -9999 -9999 -9999 -9999 -9999 -9999
11.912 13.301 -9999 -9999 -9999 -9999 -9999 -9999 -9999 -9999 12.248 12.24 12.374 12.473 12.205 12.21 12.361 12.48 12.652 12.207 11.707 11.027 11.269 11.589 12.14 11.989 11.845 12.139 11.643 11.959 -9999 -9999 -9999 -9999 12.401 12.449 12.56 12.691 12.772 12.736 12.583 11.868 11.101 11.196 11.497 11.16 11.97 11.912 11.703 12.376 12.306 12.55 13.084 13.227 12.993 13.501 13.675 13.382 13.429 -9999 -9999 -9999 -9999 -9999 -9999 -9999 -9999 -9999 -9999 -9999 -9999 -9999 -9999 -9999 -9999
12.863 12.824 12.923 -9999 -9999 -9999 -9999 -9999 -9999 -9999 12.044 12.278 12.234 -9999 -9999 12.183 12.212 12.39 12.471 -9999 12.264 12.016 11.959 11.994 12.171 11.696 11.956 12.18 -9999 -9999 -9999 -9999 -9999 12.321 12.44 12.499 12.56 12.569 12.607 12.664 12.3 11.61 10.529 10.377 11.037 10.797 11.502 11.031 11.409 11.876 11.811 12.426 12.484 12.704 12.91 13.264 13.496 13.288 13.4 -9999 -9999 -9999 -9999 -9999 -9999 -9999 -9999 -9999 -9999 -9999 -9999 -9999 -9999 -9999 -9999
12.421 12.091 12.737 -9999 -9999 -9999 -9999 -9999 -9999 -9999 -9999 12.208 12.393 -9999 -9999 -9999 12.358 12.201 12.312 12.358 -9999 -9999 12.141 12.148 12.054 11.469 11.473 -9999 -9999 -9999 -9999 -9999 12.031 12.195 12.399 12.487 12.449 12.359 12.458 12.2 12.049 11.775 10.728 10.57 9.911 10.715 10.295 10.237 10.836 11.324 11.293 11.681 12.369 12.586 12.677 13.234 13.554 13.207 13.082 -9999 -9999 -9999 -9999 -9999 -9999 -9999 -9999 -9999 -9999 -9999 -9999 -9999 -9999 -9999 -9999
12.39 13.095 -9999 -9999 -9999 -9999 -9999 -9999 -9999 -9999 -9999 -9999 12.297 -9999 -9999 -9999 -9999 12.259 11.941 11.926 -9999 -9999 -9999 12.023 12.016 -9999 -9999 -9999 -9999 -9999 -9999 -9999 12.061 12.333 12.33 12.06 11.785 11.906 12.06 12.055 12.3 12.01 11.328 10.301 10.277 10.377 9.554 9.846 10.346 11.03 10.985 11.222 11.958 12.579 13.028 13.338 13.513 13.196 13.057 -9999 -9999 -9999 -9999 -9999 -9999 -9999 -9999 -9999 -9999 -9999 -9999 -9999 -9999 -9999 -9999
13.662 -9999 -9999 -9999 -9999 -9999 -9999 -9999 -9999 -9999 -9999 -9999 11.979 -9999 -9999 -9999 -9999 -9999 12.009 11.784 -9999 -9999 -9999 -9999 -9999 -9999 -9999 -9999 -9999 -9999 -9999 -9999 12.234 11.961 11.666 11.395 11.184 11.441 11.72 12.011 12.202 11.997 11.578 10.56 9.541 8.955 9.373 9.897 11.089 11.434 11.649 12.003 12.176 12.267 12.917 13.397 13.385 13.148 13.134 13.406 -9999 -9999 -9999 -9999 -9999 -9999 -9999 -9999 -9999 -9999 -9999 -9999 -9999 -9999 -9999
-9999 13.591 13.22 13.03 13.301 -9999 -9999 -9999 -9999 -9999 -9999 -9999 11.918 -9999 -9999 -9999 -9999 -9999 -9999 -9999 -9999 -9999 -9999 -9999 -9999 -9999 -9999 -9999 -9999 -9999 -9999 12.154 12.044 11.999 11.923 11.47 10.45 11.095 11.38 11.57 12.016 11.845 12.131 10.848 9.323 8.812 9.753 10.376 9.754 9.889 10.846 11.55 12.657 12.835 12.89 13.067 13.149 13.239 13.278 13.552 13.883 -9999 -9999 -9999 -9999 -9999 -9999 -9999 -9999 -9999 -9999 -9999 -9999 -9999 -9999
14.106 13.385 13.256 13.321 13.298 -9999 -9999 -9999 -9999 -9999 -9999 -9999 -9999 -9999 -9999 -9999 -9999 -9999 -9999 -9999 -9999 -9999 -9999 -9999 -9999 -9999 -9999 -9999 -9999 -9999 12.152 12.223 12.099 12.014 11.683 11.087 9.096 9.944 11.364 11.786 11.927 12.249 12.11 11.672 10.287 9.052 9.753 9.925 10.187 10.647 10.737 11.223 11.97 12.943 13.167 13.288 13.257 13.289 13.484 13.89 14.199 -9999 -9999 -9999 -9999 -9999 -9999 -9999 -9999 -9999 -9999 -9999 -9999 -9999 -9999
13.526 13.564 13.649 -9999 13.482 13.341 -9999 -9999 -9999 -9999 -9999 -9999 -9999 -9999 -9999 -9999 -9999 -9999 -9999 -9999 -9999 -9999 -9999 -9999 -9999 -9999 -9999 -9999 -9999 -9999 11.564 11.789 11.991 10.829 10.406 10.664 10.962 10.733 10.732 11.434 11.715 11.923 12.287 12.263 11.253 10.575 9.519 10.177 10.704 11.054 11.338 11.826 12.292 12.711 12.92 13.249 13.293 13.365 13.478 13.909 14.396 14.42 14.167 -9999 -9999 -9999 -9999 -9999 -9999 -9999 -9999 -9999 -9999 -9999 -9999
13.261 13.471 13.636 -9999 -9999 13.315 -9999 -9999 -9999 -9999 -9999 -9999 -9999 -9999 -9999 -9999 -9999 -9999 -9999 -9999 -9999 -9999 -9999 -9999 -9999 -9999 -9999 -9999 -9999 -9999 11.643 11.679 11.196 10.176 11.55 11.557 10.606 10.135 11.083 11.191 10.978 11.959 11.889 12.356 12.422 11.49 10.949 10.549 10.907 11.261 11.843 12.124 12.496 12.847 13.246 13.351 13.539 13.396 13.596 13.895 14.28 13.946 13.85 13.741 13.787 13.407 -9999 -9999 -9999 -9999 -9999 -9999 -9999 -9999 -9999
13.242 13.256 13.532 13.673 -9999 13.245 -9999 -9999 -9999 -9999 -9999 -9999 -9999 -9999 -9999 -9999 -9999 -9999 -9999 -9999 -9999 -9999 -9999 -9999 -9999 -9999 -9999 -9999 -9999 12.326 11.835 11.493 10.473 9.796 9.653 10.505 10.893 11.02 10.814 10.287 11.483 10.792 11.591 12.087 12.328 12.194 12.043 11.551 10.888 11.201 11.764 12.137 12.403 12.734 13.172 13.591 13.66 13.657 13.754 13.955 14.075 13.978 13.126 13.17 13.323 13.259 13.371 13.142 -9999 -9999 -9999 -9999 -9999 -9999 -9999
13.292 13.489 13.581 -9999 13.319 -9999 -9999 -9999 -9999 -9999 -9999 -9999 -9999 -9999 -9999 -9999 -9999 -9999 -9999 -9999 -9999 -9999 -9999 -9999 -9999 -9999 -9999 -9999 -9999 -9999 12.29 11.644 10.361 10.046 10.404 8.806 9.945 11.237 10.744 11.312 10.137 10.526 11.547 11.98 11.972 12.128 11.855 10.09 10.5 10.713 10.71 11.089 11.995 12.452 12.972 13.524 13.748 13.761 13.849 14.025 14.116 13.992 13.42 13.169 13.517 13.513 13.263 13.136 13.136 -9999 -9999 -9999 -9999 -9999 -9999
13.627 13.71 13.598 13.345 13.06 -9999 -9999 -9999 -9999 -9999 -9999 -9999 -9999 -9999 -9999 -9999 -9999 -9999 -9999 -9999 -9999 -9999 -9999 -9999 -9999 -9999 -9999 -9999 -9999 -9999 -9999 12.108 11.709 11.772 10.08 10.012 10.726 12.11 12.46 10.976 10.982 11.491 11.726 11.403 11.443 11.819 10.791 10.476 10.355 9.841 10.368 11.127 11.462 12.311 12.908 13.53 13.793 13.797 13.868 13.981 13.273 13.063 12.559 12.042 12.462 12.866 13.36 13.131 13.096 13.484 -9999 -9999 -9999 -9999 -9999
13.523 13.708 13.588 13.186 -9999 -9999 -9999 -9999 -9999 -9999 -9999 -9999 -9999 -9999 -9999 -9999 -9999 -9999 -9999 -9999 -9999 -9999 -9999 -9999 -9999 -9999 -9999 -9999 -9999 -9999 -9999 12.548 12.388 12.014 11.136 10.349 10.217 12.11 11.64 12.008 12.382 12.395 12.083 11.518 10.444 11.488 10.703 10.046 10.628 11.599 11.829 11.782 12.01 12.347 13.184 13.76 13.943 13.93 13.74 13.285 12.875 12.476 12.767 12.648 12.598 12.515 12.654 12.972 13.042 13.312 13.95 -9999 -9999 -9999 -9999
13.373 13.35 13.162 13.026 -9999 -9999 -9999 -9999 -9999 -9999 -9999 -9999 -9999 -9999 -9999 -9999 -9999 -9999 -9999 -9999 -9999 -9999 -9999 -9999 -9999 -9999 -9999 -9999 -9999 -9999 -9999 -9999 11.822 11.421 11.267 10.624 11.78 11.71 12.301 12.666 12.807 12.65 12.328 11.706 11.813 10.294 10.669 10.969 11.069 11.663 11.775 11.655 12.502 12.773 13.416 13.823 14.078 14.069 13.72 13.249 12.993 12.828 12.768 12.874 12.947 12.885 12.829 12.91 13.269 13.442 13.777 -9999 -9999 -9999 -9999
-9999 -9999 -9999 -9999 -9999 -9999 -9999 -9999 -9999 -9999 -9999 -9999 -9999 -9999 -9999 -9999 -9999 -9999 -9999 -9999 -9999 -9999 -9999 -9999 -9999 -9999 -9999 -9999 -9999 -9999 -9999 -9999 12.568 11.027 11.733 12.62 12.208 12.527 12.615 13.038 13.03 12.506 12.505 12.514 10.434 11.061 10.691 10.706 10.774 11.902 12.034 12.266 12.49 13.038 13.372 13.869 14.111 14.144 13.95 13.227 12.809 13.001 13.257 13.297 13.368 13.355 13.374 13.069 12.915 13.439 13.539 14.002 -9999 -9999 -9999
-9999 -9999 -9999 -9999 -9999 -9999 -9999 -9999 -9999 -9999 -9999 -9999 -9999 -9999 -9999 -9999 -9999 -9999 -9999 -9999 -9999 -9999 -9999 -9999 -9999 -9999 -9999 -9999 -9999 -9999 -9999 -9999 -9999 12.396 13.106 12.907 12.675 12.907 12.855 13.207 13.044 12.765 12.85 11.99 10.952 10.377 10.319 9.958 10.724 10.939 11.356 11.969 12.071 12.589 13.261 13.772 14.039 13.951 13.837 13.729 12.84 12.806 13.529 13.975 13.876 13.943 14.012 13.955 13.72 13.86 14.108 13.933 -9999 -9999 -9999
-9999 -9999 -9999 -9999 -9999 -9999 -9999 -9999 -9999 -9999 -9999 -9999 -9999 -9999 -9999 -9999 -9999 -9999 -9999 -9999 -9999 -9999 -9999 -9999 -9999 -9999 -9999 -9999 -9999 -9999 -9999 -9999 -9999 12.741 -9999 12.909 13.303 13.087 13.099 -9999 13.193 12.914 12.877 12.119 10.936 10.895 10.839 10.361 10.851 10.896 10.296 11.264 11.724 12.108 12.665 13.493 13.904 13.877 13.786 13.848 13.857 13.521 13.866 14.171 14.064 13.856 13.945 14.102 14.174 14.211 13.85 13.538 13.527 -9999 -9999
-9999 -9999 -9999 -9999 -9999 -9999 -9999 -9999 -9999 -9999 -9999 -9999 -9999 -9999 -9999 -9999 -9999 -9999 -9999 -9999 -9999 -9999 -9999 -9999 -9999 -9999 -9999 -9999 -9999 -9999 -9999 -9999 -9999 -9999 13.16 13.093 -9999 -9999 -9999 -9999 13.398 13.212 13.293 12.69 12.258 11.283 11.165 11.045 10.974 11.835 11.417 10.792 11.691 11.976 12.661 13.277 13.859 14.104 14.129 14.105 14.119 14.007 13.82 13.974 13.852 13.765 13.883 13.924 13.772 13.822 14.023 13.77 13.521 13.363 13.387
-9999 -9999 -9999 -9999 -9999 -9999 -9999 -9999 -9999 -9999 -9999 -9999 -9999 -9999 -9999 -9999 -9999 -9999 -9999 -9999 -9999 -9999 -9999 -9999 -9999 -9999 -9999 -9999 -9999 -9999 -9999 -9999 -9999 -9999 13.052 13.195 -9999 -9999 -9999 -9999 13.515 13.179 13.469 13.077 12.31 12.511 12.39 11.583 11.549 11.794 12.021 10.933 11.616 12.01 12.413 13.063 13.809 14.201 14.33 14.372 14.34 14.275 14.115 13.953 13.909 13.864 13.866 13.73 13.516 13.385 13.519 13.739 13.856 13.773 13.678
-9999 -9999 -9999 -9999 -9999 -9999 -9999 -9999 -9999 -9999 -9999 -9999 -9999 -9999 -9999 -9999 -9999 -9999 -9999 -9999 -9999 -9999 -9999 -9999 -9999 -9999 -9999 -9999 -9999 -9999 -9999 -9999 -9999 -9999 13.12 -9999 -9999 -9999 -9999 13.668 13.325 13.051 12.412 12.101 12.179 12.26 12.441 11.93 11.487 12.139 12.174 12.112 11.608 12.22 12.571 13.072 13.557 14.062 14.215 14.375 14.481 14.49 14.443 14.328 14.259 13.967 13.458 13.411 13.425 13.566 13.701 13.874 14.001 13.996 -9999
-9999 -9999 -9999 -9999 -9999 -9999 -9999 -9999 -9999 -9999 -9999 -9999 -9999 -9999 -9999 -9999 -9999 -9999 -9999 -9999 -9999 -9999 -9999 -9999 -9999 -9999 -9999 -9999 -9999 -9999 -9999 -9999 -9999 -9999 -9999 -9999 -9999 -9999 -9999 13.368 12.949 12.071 11.286 11.011 11.657 12.41 12.422 12.646 12.567 12.722 12.571 12.407 12.154 12.223 12.764 13.143 13.449 13.855 14.133 14.327 14.534 14.669 14.708 14.605 14.429 14.224 13.389 12.926 13.523 13.807 14.064 14.118 14.137 14.022 -9999
-9999 -9999 -9999 -9999 -9999 -9999 -9999 -9999 -9999 -9999 -9999 -9999 -9999 -9999 -9999 -9999 -9999 -9999 -9999 -9999 -9999 -9999 -9999 -9999 -9999 -9999 -9999 -9999 -9999 -9999 -9999 -9999 -9999 -9999 -9999 -9999 -9999 -9999 -9999 13.193 12.919 12.276 11.476 11.558 12.206 12.42 12.83 12.842 12.845 12.894 12.857 13.119 12.625 12.61 12.748 13.08 13.382 13.772 14.152 14.288 14.483 14.752 14.786 14.699 14.505 14.32 13.887 13.24 13.476 13.935 14.134 14.245 14.192 14.061 -9999
-9999 -9999 -9999 -9999 -9999 -9999 -9999 -9999 -9999 -9999 -9999 -9999 -9999 -9999 -9999 -9999 -9999 -9999 -9999 -9999 -9999 -9999 -9999 -9999 -9999 -9999 -9999 -9999 -9999 -9999 -9999 -9999 -9999 -9999 -9999 -9999 -9999 -9999 13.234 13.143 12.8 12.012 11.53 11.364 12.149 12.242 13.137 12.851 12.89 12.608 12.66 12.598 13.417 13.388 13.582 13.567 13.821 13.767 13.992 14.195 14.295 14.456 14.723 14.634 14.437 14.224 14.149 13.721 13.642 13.932 14.147 14.249 14.248 14.111 13.988
-9999 -9999 -9999 -9999 -9999 -9999 -9999 -9999 -9999 -9999 -9999 -9999 -9999 -9999 -9999 -9999 -9999 -9999 -9999 -9999 -9999 -9999 -9999 -9999 -9999 -9999 -9999 -9999 -9999 -9999 -9999 -9999 -9999 -9999 -9999 -9999 -9999 -9999 13.309 13.32 13.117 12.686 11.97 12.799 12.709 13.334 12.76 12.322 12.422 12.066 12.288 12.968 12.837 13.418 13.5 13.553 13.656 13.849 13.85 14.027 14.228 14.344 14.45 14.405 14.155 14.026 14.079 14.097 13.789 13.861 14.087 14.237 14.328 14.224 14.045
-9999 -9999 -9999 -9999 -9999 -9999 -9999 -9999 -9999 -9999 -9999 -9999 -9999 -9999 -9999 -9999 -9999 -9999 -9999 -9999 -9999 -9999 -9999 -9999 -9999 -9999 -9999 -9999 -9999 -9999 -9999 -9999 -9999 -9999 -9999 -9999 -9999 13.326 13.404 13.404 13.586 13.134 13.146 13.092 13.39 13.317 12.666 12.644 12.337 11.897 12.192 12.725 13.696 13.42 13.964 14.001 13.928 13.763 13.851 13.946 14.161 14.272 14.297 14.222 14.007 13.906 14.006 14.109 13.996 13.771 14.022 14.413 14.588 14.463 14.234
-9999 -9999 -9999 -9999 -9999 -9999 -9999 -9999 -9999 -9999 -9999 -9999 -9999 -9999 -9999 -9999 -9999 -9999 -9999 -9999 -9999 -9999 -9999 -9999 -9999 -9999 -9999 -9999 -9999 -9999 -9999 -9999 -9999 -9999 -9999 -9999 -9999 13.396 13.25 13.397 13.539 13.462 13.365 13.386 13.229 12.983 13.183 12.962 12.203 11.162 11.591 12.158 13.048 13.733 13.773 14.271 14.451 14.222 13.904 14.0 14.173 14.277 14.284 14.238 14.074 14.0 14.07 14.183 14.062 13.848 14.142 14.686 14.887 14.776 14.449
-9999 -9999 -9999 -9999 -9999 -9999 -9999 -9999 -9999 -9999 -9999 -9999 -9999 -9999 -9999 -9999 -9999 -9999 -9999 -9999 -9999 -9999 -9999 -9999 -9999 -9999 -9999 -9999 -9999 -9999 -9999 -9999 -9999 -9999 -9999 -9999 -9999 13.351 13.388 13.556 13.684 13.641 13.576 13.294 13.066 12.994 12.672 12.068 11.287 11.308 11.703 12.14 12.875 13.604 13.703 13.836 14.336 14.588 14.465 14.313 14.352 14.35 14.32 14.323 14.242 14.178 14.227 14.283 14.341 14.202 14.331 14.804 14.994 14.843 14.574
-9999 -9999 -9999 -9999 -9999 -9999 -9999 -9999 -9999 -9999 -9999 -9999 -9999 -9999 -9999 -9999 -9999 -9999 -9999 -9999 -9999 -9999 -9999 -9999 -9999 -9999 -9999 -9999 -9999 -9999 -9999 -9999 -9999 -9999 -9999 -9999 -9999 -9999 13.482 13.593 13.684 13.637 13.204 12.767 12.548 12.452 12.431 12.207 11.739 12.017 12.121 12.763 13.757 14.003 14.063 13.856 14.287 14.561 14.45 14.411 14.466 14.405 14.36 14.375 14.369 14.332 14.341 14.376 14.37 14.437 14.477 -9999 14.797 -9999 14.517
-9999 -9999 -9999 -9999 -9999 -9999 -9999 -9999 -9999 -9999 -9999 -9999 -9999 -9999 -9999 -9999 -9999 -9999 -9999 -9999 -9999 -9999 -9999 -9999 -9999 -9999 -9999 -9999 -9999 -9999 -9999 -9999 -9999 -9999 -9999 -9999 -9999 13.536 13.541 13.592 13.667 13.496 12.892 12.113 12.086 12.355 11.982 11.955 12.216 11.94 11.701 12.358 13.294 14.268 14.054 14.106 14.464 14.486 14.285 14.349 14.408 14.446 14.421 14.428 14.419 14.401 14.403 14.23 14.249 14.35 14.22 14.225 14.381 14.426 -9999
-9999 -9999 -9999 -9999 -9999 -9999 -9999 -9999 -9999 -9999 -9999 -9999 -9999 -9999 -9999 -9999 -9999 -9999 -9999 -9999 -9999 -9999 -9999 -9999 -9999 -9999 -9999 -9999 -9999 -9999 -9999 -9999 -9999 -9999 -9999 -9999 -9999 13.596 13.585 13.61 13.522 13.194 12.913 12.498 12.288 12.599 12.62 12.747 12.942 12.331 11.896 12.368 13.138 13.581 13.526 13.659 14.018 14.158 13.956 14.04 14.296 14.419 14.514 14.507 14.468 14.418 14.445 14.473 14.224 14.3 14.284 14.044 14.138 14.268 14.375
-9999 -9999 -9999 -9999 -9999 -9999 -9999 -9999 -9999 -9999 -9999 -9999 -9999 -9999 -9999 -9999 -9999 -9999 -9999 -9999 -9999 -9999 -9999 -9999 -9999 -9999 -9999 -9999 -9999 -9999 -9999 -9999 -9999 -9999 -9999 -9999 13.578 13.608 13.508 13.373 13.279 13.394 13.373 12.911 13.177 13.313 13.403 13.554 13.373 12.637 11.669 11.491 12.27 12.86 12.779 13.256 13.865 14.012 14.094 14.037 14.258 14.465 14.588 14.592 14.526 14.442 14.448 14.491 14.425 14.29 14.293 14.002 13.938 14.123 14.311
-9999 -9999 -9999 -9999 -9999 -9999 -9999 -9999 -9999 -9999 -9999 -9999 -9999 -9999 -9999 -9999 -9999 -9999 -9999 -9999 -9999 -9999 -9999 -9999 -9999 -9999 -9999 -9999 -9999 -9999 -9999 -9999 -9999 -9999 -9999 -9999 13.61 13.703 13.609 13.567 13.455 13.361 13.688 13.681 13.742 13.77 13.837 13.885 13.672 13.106 12.373 11.237 10.929 11.956 12.254 12.734 13.546 13.766 14.229 14.388 14.277 14.456 14.64 14.666 14.573 14.443 14.409 14.45 14.378 14.314 14.288 14.208 13.717 13.85 14.13
-9999 -9999 -9999 -9999 -9999 -9999 -9999 -9999 -9999 -9999 -9999 -9999 -9999 -9999 -9999 -9999 -9999 -9999 -9999 -9999 -9999 -9999 -9999 -9999 -9999 -9999 -9999 -9999 -9999 -9999 -9999 -9999 -9999 -9999 -9999 -9999 -9999 13.961 13.952 13.996 13.827 13.948 13.943 13.972 14.047 14.107 14.308 14.32 14.089 13.631 12.734 11.736 10.771 10.661 11.63 12.398 13.169 13.819 13.92 14.251 14.239 14.323 14.576 14.65 14.553 14.415 14.362 14.342 14.304 14.272 14.279 14.176 13.846 13.613 13.814
