Validation/Results/raw data/ReClimate_10_2023_2_Precipitation-Actuals.asc
NCOLS 192
NROWS 249
XLLCENTER -225160.85627316462
YLLCENTER 29788.11610251502
CELLSIZE 5000.0
NODATA_VALUE -9999
[rows 66 to 98 of 249, columns 74 to 147 of 192]
-9999 -9999 -9999 -9999 -9999 -9999 -9999 -9999 -9999 -9999 -9999 175.034 -9999 196.659 252.026 286.558 282.759 310.276 263.569 248.373 205.003 176.938 144.317 155.823 164.427 149.239 148.867 149.838 146.222 146.822 124.677 112.362 -9999 -9999 -9999 -9999 -9999 -9999 -9999 -9999 -9999 -9999 -9999 -9999 -9999 -9999 -9999 -9999 -9999 -9999 -9999 -9999 -9999 -9999 -9999 -9999 -9999 -9999 -9999 -9999 -9999 -9999 -9999 -9999 -9999 -9999 -9999 -9999 -9999 -9999 -9999 -9999 -9999 -9999
-9999 -9999 -9999 -9999 -9999 -9999 -9999 -9999 -9999 -9999 -9999 -9999 182.967 244.96 254.104 258.481 264.939 257.943 251.176 235.259 202.731 174.384 157.658 150.042 145.661 137.422 140.074 140.455 141.915 121.674 -9999 -9999 -9999 -9999 -9999 -9999 -9999 -9999 -9999 -9999 -9999 -9999 -9999 -9999 -9999 -9999 -9999 -9999 -9999 -9999 -9999 -9999 -9999 -9999 -9999 -9999 -9999 -9999 -9999 -9999 -9999 -9999 -9999 -9999 -9999 -9999 -9999 -9999 -9999 -9999 -9999 -9999 -9999 -9999
-9999 -9999 -9999 -9999 -9999 -9999 -9999 -9999 -9999 -9999 -9999 -9999 218.736 254.714 246.621 227.532 239.068 247.275 224.447 207.685 185.656 159.911 145.816 135.677 142.207 137.493 121.692 124.097 112.731 92.837 -9999 -9999 -9999 -9999 -9999 -9999 -9999 -9999 -9999 -9999 -9999 -9999 -9999 -9999 -9999 -9999 -9999 -9999 -9999 -9999 -9999 -9999 -9999 -9999 -9999 -9999 -9999 -9999 -9999 -9999 -9999 -9999 -9999 -9999 -9999 -9999 -9999 -9999 -9999 -9999 -9999 -9999 -9999 -9999
-9999 -9999 -9999 -9999 -9999 -9999 -9999 -9999 -9999 -9999 -9999 -9999 -9999 -9999 216.694 225.476 236.36 216.632 208.064 212.18 197.396 166.714 137.113 130.354 140.925 125.085 108.631 86.751 -9999 -9999 -9999 -9999 -9999 -9999 -9999 -9999 -9999 -9999 -9999 -9999 -9999 -9999 -9999 -9999 -9999 -9999 -9999 -9999 -9999 -9999 -9999 -9999 -9999 -9999 -9999 -9999 -9999 -9999 -9999 -9999 -9999 -9999 -9999 -9999 -9999 -9999 -9999 -9999 -9999 -9999 -9999 -9999 -9999 -9999
-9999 -9999 -9999 -9999 -9999 -9999 -9999 -9999 200.246 -9999 -9999 218.14 235.285 233.121 222.608 254.069 237.94 228.004 230.782 225.205 192.39 159.074 124.447 128.038 124.588 124.157 99.668 88.769 -9999 -9999 -9999 -9999 -9999 -9999 -9999 -9999 -9999 -9999 -9999 -9999 -9999 -9999 -9999 -9999 -9999 -9999 -9999 -9999 -9999 -9999 -9999 -9999 -9999 -9999 -9999 -9999 -9999 -9999 -9999 -9999 -9999 -9999 -9999 -9999 -9999 -9999 -9999 -9999 -9999 -9999 -9999 -9999 -9999 -9999
-9999 -9999 -9999 -9999 -9999 -9999 203.057 201.634 212.604 216.825 236.7 245.378 280.913 302.474 294.295 231.96 261.263 272.427 268.01 239.497 196.847 183.047 174.678 124.775 115.535 101.697 87.395 72.346 -9999 -9999 -9999 -9999 -9999 -9999 -9999 -9999 -9999 -9999 -9999 -9999 -9999 -9999 -9999 -9999 -9999 -9999 -9999 -9999 -9999 -9999 -9999 -9999 -9999 -9999 -9999 -9999 -9999 -9999 -9999 -9999 -9999 -9999 -9999 -9999 -9999 -9999 -9999 -9999 -9999 -9999 -9999 -9999 -9999 -9999
-9999 -9999 -9999 -9999 -9999 -9999 206.888 217.835 -9999 239.137 269.089 290.829 311.903 353.801 272.429 273.177 293.989 313.516 325.598 266.637 241.079 238.925 184.832 153.038 141.876 107.37 90.557 -9999 64.737 -9999 -9999 -9999 -9999 -9999 -9999 -9999 -9999 -9999 -9999 -9999 -9999 -9999 -9999 -9999 -9999 -9999 -9999 -9999 -9999 -9999 -9999 -9999 -9999 -9999 -9999 -9999 -9999 -9999 -9999 -9999 -9999 -9999 -9999 -9999 -9999 -9999 -9999 -9999 -9999 -9999 -9999 -9999 -9999 -9999
-9999 -9999 -9999 -9999 -9999 -9999 -9999 236.044 249.771 265.067 303.846 306.824 357.04 319.055 290.61 274.83 266.615 284.992 289.126 244.416 236.405 226.982 177.122 156.722 125.862 103.637 94.268 71.32 65.777 -9999 -9999 -9999 -9999 -9999 -9999 -9999 -9999 -9999 -9999 -9999 -9999 -9999 -9999 -9999 -9999 -9999 -9999 -9999 -9999 -9999 -9999 -9999 -9999 -9999 -9999 -9999 -9999 -9999 -9999 -9999 -9999 -9999 -9999 -9999 -9999 -9999 -9999 -9999 -9999 -9999 -9999 -9999 -9999 -9999
206.929 -9999 -9999 -9999 -9999 -9999 -9999 -9999 252.804 278.432 310.92 385.997 376.0 365.085 326.412 317.6 305.166 265.461 236.731 218.952 236.295 210.338 179.551 151.563 109.401 93.596 71.921 69.121 72.606 -9999 -9999 -9999 -9999 -9999 -9999 -9999 -9999 -9999 -9999 -9999 -9999 -9999 -9999 -9999 -9999 -9999 -9999 -9999 -9999 -9999 -9999 -9999 -9999 -9999 -9999 -9999 -9999 -9999 -9999 -9999 -9999 -9999 -9999 -9999 -9999 -9999 -9999 -9999 -9999 -9999 -9999 -9999 -9999 -9999
235.794 -9999 -9999 -9999 -9999 -9999 244.956 255.872 288.308 312.056 351.472 364.65 402.283 383.817 350.093 339.242 285.952 261.136 246.363 210.433 213.928 230.028 178.239 119.059 90.618 72.454 -9999 74.972 -9999 -9999 -9999 -9999 -9999 -9999 67.387 68.718 67.571 -9999 -9999 -9999 -9999 -9999 -9999 -9999 -9999 -9999 -9999 -9999 -9999 -9999 -9999 -9999 -9999 -9999 -9999 -9999 -9999 -9999 -9999 -9999 -9999 -9999 -9999 -9999 -9999 -9999 -9999 -9999 -9999 -9999 -9999 -9999 -9999 -9999
244.756 228.315 -9999 -9999 -9999 -9999 -9999 278.419 299.873 342.283 358.799 390.798 371.821 358.748 333.942 330.53 275.512 239.857 201.329 202.099 225.203 187.342 138.178 107.869 94.498 84.104 79.198 -9999 -9999 -9999 -9999 60.092 60.389 61.629 64.128 68.163 67.949 64.852 65.041 74.635 85.109 87.244 77.501 70.589 73.586 81.026 87.842 89.411 87.825 87.015 85.196 84.424 86.406 -9999 -9999 -9999 -9999 -9999 -9999 -9999 -9999 -9999 -9999 -9999 -9999 -9999 -9999 -9999 -9999 -9999 -9999 -9999 -9999 -9999
299.724 301.518 -9999 -9999 -9999 253.903 -9999 273.247 276.042 326.23 410.487 410.052 359.325 315.292 322.356 290.476 267.001 235.63 218.976 191.028 159.203 145.538 118.157 102.651 103.227 87.845 -9999 -9999 -9999 -9999 66.105 64.181 65.8 69.707 76.588 70.378 72.132 76.452 73.382 96.252 95.794 93.85 84.195 78.066 82.81 84.403 85.905 87.769 87.624 88.781 97.551 97.841 87.583 -9999 -9999 -9999 -9999 -9999 -9999 -9999 -9999 -9999 -9999 -9999 -9999 -9999 -9999 -9999 -9999 -9999 -9999 -9999 -9999 -9999
314.734 312.285 -9999 -9999 -9999 261.313 267.973 271.137 332.781 396.278 411.703 409.902 341.689 337.046 314.809 281.753 246.372 230.206 230.105 190.67 173.837 132.213 103.9 108.207 92.728 -9999 -9999 72.995 72.199 71.63 70.193 72.494 71.421 75.595 82.981 89.46 96.184 86.137 90.257 91.23 89.126 86.682 86.913 93.742 85.716 86.122 87.622 89.822 84.077 93.933 103.946 100.195 91.755 90.087 -9999 -9999 -9999 -9999 -9999 -9999 -9999 -9999 -9999 -9999 -9999 -9999 -9999 -9999 -9999 -9999 -9999 -9999 -9999 -9999
292.701 290.234 -9999 265.498 -9999 239.625 250.312 338.055 397.458 374.107 414.796 389.732 369.938 352.024 323.579 310.288 281.903 258.182 229.347 210.737 164.598 130.732 94.876 85.268 81.527 -9999 88.928 89.091 81.006 76.924 75.607 75.779 89.599 98.471 102.759 112.199 103.192 93.873 98.658 100.559 100.045 94.186 89.769 86.782 90.087 89.256 91.72 92.524 95.369 104.186 101.909 101.011 91.315 87.225 -9999 -9999 -9999 -9999 -9999 -9999 -9999 -9999 -9999 -9999 -9999 -9999 -9999 -9999 -9999 -9999 -9999 -9999 -9999 -9999
281.807 -9999 269.019 -9999 -9999 -9999 319.172 453.784 380.803 367.043 324.302 339.37 340.44 334.344 339.793 323.289 316.143 284.173 249.217 199.725 163.039 119.074 101.464 110.868 93.376 91.894 105.023 110.892 114.31 103.285 93.066 101.248 109.104 117.295 114.405 95.621 93.054 91.451 92.918 105.412 100.181 101.48 98.665 88.908 91.946 105.83 107.173 97.93 99.717 98.739 102.652 99.075 96.078 91.736 -9999 -9999 -9999 -9999 -9999 -9999 -9999 -9999 -9999 -9999 -9999 -9999 -9999 -9999 -9999 -9999 -9999 -9999 -9999 -9999
299.585 291.254 -9999 -9999 -9999 -9999 363.12 356.587 323.542 -9999 312.554 335.923 347.045 333.408 328.387 318.59 272.029 251.398 239.334 209.339 182.941 150.31 145.063 136.423 98.514 109.331 111.166 131.473 148.206 132.543 101.19 93.716 114.502 123.784 99.999 97.299 110.552 97.164 115.517 112.638 100.515 107.958 98.997 86.87 106.245 104.013 99.882 94.149 96.514 93.785 99.029 97.825 92.701 90.114 -9999 -9999 -9999 -9999 -9999 -9999 -9999 -9999 -9999 -9999 -9999 -9999 -9999 -9999 -9999 -9999 -9999 -9999 -9999 -9999
364.818 378.849 -9999 -9999 -9999 295.223 -9999 -9999 268.477 279.26 323.64 372.263 381.669 365.431 365.582 319.378 301.253 260.828 214.235 189.95 175.28 161.597 157.379 102.689 109.483 114.33 141.245 143.14 144.473 143.303 105.65 100.879 108.35 101.695 98.518 115.951 111.828 113.635 116.688 108.952 119.224 109.5 91.746 102.7 94.963 93.597 94.912 101.269 91.671 90.088 93.057 92.903 89.676 -9999 -9999 -9999 -9999 -9999 -9999 -9999 -9999 -9999 -9999 -9999 -9999 -9999 -9999 -9999 -9999 -9999 -9999 -9999 -9999 -9999
430.923 443.559 369.352 309.696 -9999 -9999 -9999 306.552 269.481 -9999 330.296 346.183 363.587 380.299 363.679 357.17 298.8 214.975 202.837 190.736 184.831 168.046 130.057 135.281 128.231 145.155 141.321 137.698 147.072 132.491 101.49 95.905 87.65 95.421 124.01 114.632 123.529 145.181 123.774 119.4 118.888 96.213 96.029 92.054 90.962 86.544 94.416 94.586 93.673 88.508 89.796 88.045 -9999 -9999 -9999 -9999 -9999 -9999 -9999 -9999 -9999 -9999 -9999 -9999 -9999 -9999 -9999 -9999 -9999 -9999 -9999 -9999 -9999 -9999
417.171 426.727 370.597 326.466 -9999 309.1 317.613 319.204 325.769 364.138 361.092 371.017 405.318 415.18 366.123 303.879 276.962 256.999 245.557 234.359 207.323 171.389 153.894 154.798 176.526 170.665 145.728 141.008 133.708 94.706 92.794 95.559 98.759 110.397 90.82 99.953 124.676 136.932 140.517 140.036 135.752 107.516 109.251 103.165 107.555 116.769 95.599 90.642 95.968 96.126 88.638 84.302 -9999 -9999 -9999 -9999 -9999 -9999 -9999 -9999 -9999 -9999 -9999 -9999 -9999 -9999 -9999 -9999 -9999 -9999 -9999 -9999 -9999 -9999
370.435 374.308 339.76 309.551 302.312 298.609 333.585 -9999 327.731 379.59 433.538 476.847 449.534 418.796 363.783 375.087 333.787 291.953 250.421 217.244 191.966 166.811 158.5 192.357 208.501 175.563 165.563 166.441 126.515 126.816 99.316 94.154 93.813 95.244 101.549 105.229 130.22 153.997 141.213 130.673 120.245 105.269 97.164 89.187 98.621 90.946 84.127 88.262 92.172 89.681 85.396 -9999 -9999 -9999 -9999 -9999 -9999 -9999 -9999 -9999 -9999 -9999 -9999 -9999 -9999 -9999 -9999 -9999 -9999 -9999 -9999 -9999 -9999 -9999
359.124 -9999 -9999 -9999 279.896 321.571 -9999 323.115 375.861 457.619 508.501 479.391 489.161 453.354 443.576 414.596 324.745 252.04 247.587 245.897 194.366 179.458 200.112 235.294 236.74 224.28 217.52 167.526 167.123 133.359 111.354 126.663 115.645 140.736 132.474 137.2 145.032 134.953 109.272 109.518 105.449 110.388 102.827 86.743 95.621 92.789 87.996 88.416 93.636 91.713 82.765 -9999 -9999 -9999 -9999 -9999 -9999 -9999 -9999 -9999 -9999 -9999 -9999 -9999 -9999 -9999 -9999 -9999 -9999 -9999 -9999 -9999 -9999 -9999
-9999 -9999 -9999 262.489 313.193 -9999 297.146 335.628 -9999 442.347 434.679 480.819 476.255 488.691 445.415 384.206 345.799 309.104 256.314 218.047 229.096 217.211 236.81 280.129 280.049 260.01 216.602 167.781 127.428 107.697 127.724 136.486 166.493 177.346 159.138 136.962 136.359 120.994 118.995 105.767 105.83 110.025 93.19 96.618 104.008 97.526 94.652 92.641 107.841 97.002 83.255 -9999 -9999 -9999 -9999 -9999 -9999 -9999 -9999 -9999 -9999 -9999 -9999 -9999 -9999 -9999 -9999 -9999 -9999 -9999 -9999 -9999 -9999 -9999
-9999 -9999 -9999 257.266 -9999 -9999 309.7 349.266 405.019 411.513 472.814 496.66 469.216 415.088 384.286 328.568 290.935 253.978 256.191 279.444 282.864 279.297 297.554 303.799 282.532 230.863 158.475 124.306 130.987 165.663 182.485 240.583 249.753 217.576 191.012 179.166 149.668 130.076 114.092 105.184 91.829 93.188 93.161 97.915 110.827 130.636 104.79 99.215 95.633 90.783 83.603 -9999 -9999 -9999 -9999 -9999 -9999 -9999 -9999 -9999 -9999 -9999 -9999 -9999 -9999 -9999 -9999 -9999 -9999 -9999 -9999 -9999 -9999 -9999
-9999 -9999 -9999 -9999 -9999 -9999 -9999 380.614 401.715 402.41 481.285 489.782 430.002 430.387 382.547 337.65 325.298 332.95 338.59 319.731 316.566 282.265 264.19 257.756 238.313 179.545 131.534 135.398 163.353 197.656 249.485 240.663 241.481 220.278 204.546 178.695 152.928 135.521 122.143 95.165 85.577 94.497 89.09 94.223 116.977 105.454 96.327 92.123 95.865 92.823 -9999 -9999 -9999 -9999 -9999 -9999 -9999 -9999 -9999 -9999 -9999 -9999 -9999 -9999 -9999 -9999 -9999 -9999 -9999 -9999 -9999 -9999 -9999 -9999
-9999 -9999 -9999 -9999 -9999 253.909 300.394 -9999 404.015 429.669 498.205 448.523 409.168 386.577 371.258 393.025 393.572 364.095 309.067 310.264 295.383 276.835 234.072 211.357 175.906 142.597 162.523 173.317 199.715 235.507 227.79 219.276 168.302 172.831 160.786 127.641 126.393 131.009 135.221 127.431 117.816 118.744 130.641 120.615 98.883 110.438 117.841 113.813 104.369 90.698 -9999 -9999 -9999 -9999 -9999 -9999 -9999 -9999 -9999 -9999 -9999 -9999 -9999 -9999 -9999 -9999 -9999 -9999 -9999 -9999 -9999 -9999 -9999 -9999
-9999 -9999 -9999 -9999 243.459 244.079 318.76 370.902 437.065 491.401 490.63 461.073 395.257 350.902 360.68 352.895 345.694 357.349 345.093 355.517 344.506 248.41 238.784 199.443 178.447 172.814 192.541 209.165 217.837 214.4 216.122 178.414 160.382 158.678 176.602 175.958 180.185 168.361 158.641 174.848 187.145 180.927 166.817 144.055 148.283 145.071 127.519 109.182 97.524 -9999 -9999 -9999 -9999 -9999 -9999 -9999 -9999 -9999 -9999 -9999 -9999 -9999 -9999 -9999 -9999 -9999 -9999 -9999 -9999 -9999 -9999 -9999 -9999 -9999
-9999 -9999 -9999 -9999 233.631 -9999 305.893 351.132 414.003 488.394 479.755 376.372 353.927 366.229 313.375 296.966 308.908 316.732 339.328 325.402 260.356 263.402 266.072 234.631 210.221 242.618 219.875 212.077 236.567 244.922 233.493 211.274 189.437 205.639 209.834 220.013 219.484 172.623 191.85 192.557 159.808 166.945 175.783 160.908 151.84 129.699 107.716 104.482 94.987 -9999 -9999 -9999 -9999 -9999 -9999 -9999 -9999 -9999 -9999 -9999 -9999 -9999 -9999 -9999 -9999 -9999 -9999 -9999 -9999 -9999 -9999 -9999 -9999 -9999
-9999 -9999 -9999 -9999 -9999 -9999 340.668 382.406 404.342 448.616 385.742 316.319 329.354 309.788 276.425 280.896 297.224 336.373 307.32 316.581 300.5 309.081 270.412 230.023 248.529 265.627 241.234 249.216 231.214 245.643 223.654 213.258 246.614 241.035 239.0 263.767 246.346 242.821 233.719 199.005 176.104 167.345 148.145 146.296 139.77 122.597 99.683 93.478 85.028 -9999 -9999 -9999 -9999 -9999 -9999 -9999 -9999 -9999 -9999 -9999 -9999 -9999 -9999 -9999 -9999 -9999 -9999 -9999 -9999 -9999 -9999 -9999 -9999 -9999
-9999 -9999 -9999 -9999 279.957 299.317 341.179 361.038 386.056 422.089 361.412 372.263 380.599 -9999 337.542 414.671 424.267 398.68 382.922 385.788 361.155 335.499 308.092 278.087 259.374 244.187 228.194 200.531 200.029 214.407 196.69 232.491 218.28 215.509 206.433 231.858 247.101 231.732 196.373 196.212 179.367 154.009 162.337 134.733 118.188 98.245 90.995 92.499 68.847 -9999 -9999 -9999 -9999 -9999 -9999 -9999 -9999 -9999 -9999 -9999 -9999 -9999 -9999 -9999 -9999 -9999 -9999 -9999 -9999 -9999 -9999 -9999 -9999 -9999
262.008 229.315 238.428 271.299 -9999 301.914 333.652 364.126 411.25 410.416 401.137 398.891 -9999 383.86 437.603 452.526 493.72 434.603 392.791 352.315 356.998 331.125 311.042 270.926 235.754 212.115 188.762 155.322 168.036 160.919 193.916 195.446 196.637 185.476 174.875 187.75 194.548 178.273 181.661 175.547 158.898 150.972 121.016 109.217 95.835 89.64 95.008 75.653 -9999 -9999 -9999 -9999 -9999 -9999 -9999 -9999 -9999 -9999 -9999 -9999 -9999 -9999 -9999 -9999 -9999 -9999 -9999 -9999 -9999 -9999 -9999 -9999 -9999 -9999
227.025 233.106 256.082 298.386 311.339 -9999 336.568 369.538 373.044 400.196 382.651 358.758 353.459 404.891 423.755 431.391 458.92 419.613 377.342 337.858 309.383 270.011 257.688 225.059 211.624 219.751 162.438 158.017 139.064 148.069 162.426 183.398 164.188 145.192 152.788 176.621 164.467 158.425 145.233 152.556 129.553 103.045 97.721 97.043 90.093 85.912 -9999 -9999 -9999 -9999 -9999 -9999 -9999 -9999 -9999 -9999 -9999 -9999 -9999 -9999 -9999 -9999 -9999 -9999 -9999 -9999 -9999 -9999 -9999 -9999 -9999 -9999 -9999 -9999
-9999 -9999 -9999 290.841 -9999 337.149 361.28 377.464 423.874 416.027 -9999 -9999 399.976 409.636 420.901 457.212 423.601 413.705 361.603 315.683 228.855 205.478 194.032 186.212 197.763 183.869 180.425 149.39 149.557 146.707 153.196 157.455 146.267 134.605 148.379 151.95 146.776 130.879 128.2 116.975 102.221 90.817 82.504 90.352 84.52 -9999 -9999 -9999 -9999 -9999 -9999 -9999 -9999 -9999 -9999 -9999 -9999 -9999 -9999 -9999 -9999 -9999 -9999 -9999 -9999 -9999 -9999 -9999 -9999 -9999 -9999 -9999 -9999 -9999
249.809 265.6 -9999 298.494 343.444 340.647 367.04 397.086 412.118 -9999 -9999 395.092 448.135 470.103 483.987 421.284 403.476 385.603 344.359 278.234 237.714 225.196 233.462 222.823 235.249 254.891 213.604 177.532 169.678 146.956 141.672 130.338 136.115 138.595 135.038 129.035 118.795 100.963 96.047 90.306 88.155 76.516 77.453 81.641 84.394 78.28 -9999 -9999 -9999 -9999 -9999 -9999 -9999 -9999 -9999 -9999 -9999 -9999 -9999 -9999 -9999 -9999 -9999 -9999 -9999 -9999 -9999 -9999 -9999 -9999 -9999 -9999 -9999 -9999
