Validation/Results/raw data/ReClimate_12_2024_1weatherlogisticsltd.asc
NCOLS 192
NROWS 249
XLLCENTER -225160.85627316462
YLLCENTER 29788.11610251502
CELLSIZE 5000.0
NODATA_VALUE -9999
[rows 132 to 164 of 249, columns 75 to 149 of 192]
-9999 -9999 -9999 -9999 -9999 -9999 -9999 -9999 -9999 -9999 -9999 -9999 94.398 94.679 94.222 94.86 95.604 94.931 95.081 96.229 97.04 98.497 99.289 99.527 98.823 98.107 98.593 99.33 99.449 99.388 99.957 100.004 98.975 97.762 97.699 98.112 98.696 98.46 98.159 98.359 97.884 98.533 102.712 103.152 103.583 103.994 104.336 104.652 104.966 105.278 105.583 105.87 106.137 106.395 106.643 106.88 107.102 -9999 -9999 -9999 -9999 -9999 -9999 -9999 -9999 -9999 -9999 -9999 -9999 -9999 -9999 -9999 -9999 -9999 -9999
-9999 -9999 -9999 -9999 -9999 -9999 -9999 -9999 -9999 -9999 -9999 -9999 93.859 92.263 93.527 95.886 95.808 96.558 96.97 96.614 97.864 99.392 98.806 96.854 97.02 98.414 98.678 98.511 99.083 100.369 100.321 100.047 99.048 97.829 98.417 99.564 99.656 100.219 100.389 100.616 100.24 101.488 103.114 103.545 103.97 104.358 104.691 105.012 105.322 105.612 105.869 106.129 106.375 106.609 106.838 107.064 107.289 -9999 -9999 -9999 -9999 -9999 -9999 -9999 -9999 -9999 -9999 -9999 -9999 -9999 -9999 -9999 -9999 -9999 -9999
-9999 -9999 -9999 -9999 -9999 -9999 -9999 -9999 -9999 -9999 -9999 92.694 92.85 93.953 95.412 96.112 96.65 97.028 96.685 96.384 97.727 99.298 98.158 97.832 98.443 97.942 97.836 98.1 99.381 100.905 100.458 99.528 98.615 97.524 98.243 98.619 98.854 98.632 98.787 98.834 99.538 103.085 103.545 103.996 104.41 104.738 105.047 105.34 105.615 105.873 106.119 106.353 106.583 106.806 107.025 107.241 107.457 107.637 -9999 -9999 -9999 -9999 -9999 -9999 -9999 -9999 -9999 -9999 -9999 -9999 -9999 -9999 -9999 -9999 -9999
-9999 -9999 -9999 -9999 -9999 -9999 -9999 -9999 -9999 -9999 96.806 -9999 98.399 97.205 97.723 98.198 98.536 98.901 98.877 99.301 99.979 99.63 99.408 99.328 99.09 99.009 99.003 98.868 99.271 98.133 97.908 98.469 98.361 99.163 99.635 100.333 100.315 100.516 100.575 100.624 102.44 103.535 103.994 104.412 104.742 105.044 105.329 105.598 105.854 106.098 106.329 106.555 106.774 106.987 107.197 107.404 107.612 107.804 -9999 -9999 -9999 -9999 -9999 -9999 -9999 -9999 -9999 -9999 -9999 -9999 -9999 -9999 -9999 -9999 -9999
102.191 -9999 -9999 -9999 -9999 -9999 -9999 -9999 -9999 -9999 100.403 -9999 98.959 96.488 96.755 96.781 97.423 98.781 99.427 100.583 99.851 98.397 98.485 98.964 98.935 98.838 98.708 98.568 98.412 99.641 -9999 -9999 -9999 -9999 -9999 -9999 99.435 98.971 99.093 99.359 100.926 103.967 104.387 104.725 105.027 105.311 105.578 105.832 106.075 106.307 106.53 106.742 106.951 107.155 107.356 107.555 107.756 107.954 108.079 -9999 -9999 -9999 -9999 -9999 -9999 -9999 -9999 -9999 -9999 -9999 -9999 -9999 -9999 -9999 -9999
101.943 103.638 -9999 -9999 -9999 -9999 -9999 -9999 -9999 -9999 100.109 99.272 98.151 98.526 98.178 97.309 98.557 100.221 100.757 100.743 99.917 99.775 99.935 99.762 99.503 98.894 98.897 99.331 100.414 101.635 -9999 -9999 -9999 -9999 96.26 97.405 98.74 98.638 99.01 100.198 103.934 104.359 104.704 105.007 105.29 105.557 105.809 106.05 106.28 106.501 106.711 106.917 107.117 107.312 107.504 107.696 107.891 108.084 108.274 -9999 -9999 -9999 -9999 -9999 -9999 -9999 -9999 -9999 -9999 -9999 -9999 -9999 -9999 -9999 -9999
102.335 103.995 103.861 -9999 -9999 -9999 -9999 -9999 -9999 -9999 98.515 97.986 97.596 -9999 -9999 96.338 98.205 101.03 100.945 -9999 99.9 99.48 99.262 98.974 98.696 98.643 98.959 99.409 -9999 -9999 -9999 -9999 -9999 99.063 98.902 98.907 99.115 99.601 99.702 101.238 104.329 104.679 104.985 105.269 105.535 105.786 106.025 106.253 106.473 106.684 106.887 107.082 107.273 107.459 107.643 107.828 108.017 108.213 108.413 -9999 -9999 -9999 -9999 -9999 -9999 -9999 -9999 -9999 -9999 -9999 -9999 -9999 -9999 -9999 -9999
103.365 104.16 103.817 -9999 -9999 -9999 -9999 -9999 -9999 -9999 -9999 98.247 98.666 -9999 -9999 -9999 99.58 101.244 100.947 100.385 -9999 -9999 100.403 100.497 100.082 98.983 99.245 -9999 -9999 -9999 -9999 -9999 100.752 100.127 99.413 97.332 97.582 97.497 97.325 100.413 104.646 104.96 105.246 105.512 105.762 106.0 106.227 106.445 106.655 106.857 107.05 107.239 107.423 107.601 107.776 107.953 108.137 108.332 108.533 -9999 -9999 -9999 -9999 -9999 -9999 -9999 -9999 -9999 -9999 -9999 -9999 -9999 -9999 -9999 -9999
102.012 104.042 -9999 -9999 -9999 -9999 -9999 -9999 -9999 -9999 -9999 -9999 99.027 -9999 -9999 -9999 -9999 101.47 100.825 100.091 -9999 -9999 -9999 101.071 100.527 -9999 -9999 -9999 -9999 -9999 -9999 -9999 100.199 101.111 99.787 99.161 99.334 100.458 102.265 104.596 104.927 105.221 105.489 105.738 105.975 106.201 106.418 106.627 106.829 107.023 107.211 107.392 107.568 107.739 107.906 108.072 108.254 108.45 108.653 -9999 -9999 -9999 -9999 -9999 -9999 -9999 -9999 -9999 -9999 -9999 -9999 -9999 -9999 -9999 -9999
101.176 -9999 -9999 -9999 -9999 -9999 -9999 -9999 -9999 -9999 -9999 -9999 97.657 -9999 -9999 -9999 -9999 -9999 100.808 100.721 -9999 -9999 -9999 -9999 -9999 -9999 -9999 -9999 -9999 -9999 -9999 -9999 100.521 100.75 98.844 94.35 96.668 103.066 103.616 104.874 105.188 105.464 105.714 105.95 106.175 106.392 106.6 106.801 106.996 107.184 107.364 107.541 107.712 107.879 108.042 108.206 108.382 108.576 108.776 108.991 -9999 -9999 -9999 -9999 -9999 -9999 -9999 -9999 -9999 -9999 -9999 -9999 -9999 -9999 -9999
-9999 102.07 102.136 102.262 100.551 -9999 -9999 -9999 -9999 -9999 -9999 -9999 96.763 -9999 -9999 -9999 -9999 -9999 -9999 -9999 -9999 -9999 -9999 -9999 -9999 -9999 -9999 -9999 -9999 -9999 -9999 99.518 100.306 101.907 99.593 99.533 102.792 103.752 104.563 105.128 105.43 105.688 105.924 106.148 106.364 106.572 106.773 106.967 107.155 107.338 107.522 107.703 107.876 108.043 108.208 108.374 108.548 108.734 108.928 109.127 109.336 -9999 -9999 -9999 -9999 -9999 -9999 -9999 -9999 -9999 -9999 -9999 -9999 -9999 -9999
100.526 101.761 101.896 102.177 100.404 -9999 -9999 -9999 -9999 -9999 -9999 -9999 -9999 -9999 -9999 -9999 -9999 -9999 -9999 -9999 -9999 -9999 -9999 -9999 -9999 -9999 -9999 -9999 -9999 -9999 100.405 99.838 101.492 103.732 103.799 103.969 104.235 103.502 104.166 105.355 105.642 105.89 106.117 106.333 106.54 106.739 106.934 107.129 107.323 107.511 107.694 107.87 108.044 108.213 108.381 108.552 108.725 108.905 109.092 109.285 109.485 -9999 -9999 -9999 -9999 -9999 -9999 -9999 -9999 -9999 -9999 -9999 -9999 -9999 -9999
99.762 101.337 101.2 -9999 98.804 98.61 -9999 -9999 -9999 -9999 -9999 -9999 -9999 -9999 -9999 -9999 -9999 -9999 -9999 -9999 -9999 -9999 -9999 -9999 -9999 -9999 -9999 -9999 -9999 -9999 103.485 102.911 104.188 104.391 104.578 104.753 104.318 104.094 104.902 105.559 105.832 106.073 106.295 106.504 106.708 106.916 107.121 107.318 107.508 107.69 107.867 108.037 108.205 108.371 108.538 108.708 108.885 109.067 109.254 109.444 109.616 109.749 109.824 -9999 -9999 -9999 -9999 -9999 -9999 -9999 -9999 -9999 -9999 -9999 -9999
99.543 100.562 100.512 -9999 -9999 98.677 -9999 -9999 -9999 -9999 -9999 -9999 -9999 -9999 -9999 -9999 -9999 -9999 -9999 -9999 -9999 -9999 -9999 -9999 -9999 -9999 -9999 -9999 -9999 -9999 103.87 104.211 104.426 104.623 104.358 103.282 103.48 104.281 104.877 105.747 106.01 106.246 106.467 106.689 106.909 107.118 107.316 107.506 107.687 107.863 108.031 108.197 108.361 108.524 108.687 108.854 109.026 109.206 109.394 109.586 109.73 109.831 109.911 109.99 110.073 110.082 -9999 -9999 -9999 -9999 -9999 -9999 -9999 -9999 -9999
99.172 100.14 101.009 102.089 -9999 99.901 -9999 -9999 -9999 -9999 -9999 -9999 -9999 -9999 -9999 -9999 -9999 -9999 -9999 -9999 -9999 -9999 -9999 -9999 -9999 -9999 -9999 -9999 -9999 103.111 104.125 104.458 104.673 104.867 104.369 104.477 104.9 104.811 105.408 105.928 106.185 106.429 106.673 106.901 107.113 107.314 107.504 107.685 107.86 108.029 108.194 108.354 108.513 108.672 108.832 108.996 109.164 109.339 109.521 109.674 109.799 109.891 109.978 110.058 110.141 110.227 110.31 110.118 -9999 -9999 -9999 -9999 -9999 -9999 -9999
98.24 102.664 102.927 -9999 101.451 -9999 -9999 -9999 -9999 -9999 -9999 -9999 -9999 -9999 -9999 -9999 -9999 -9999 -9999 -9999 -9999 -9999 -9999 -9999 -9999 -9999 -9999 -9999 -9999 -9999 103.994 104.725 104.903 105.012 105.101 105.132 105.207 105.538 105.853 106.111 106.389 106.651 106.888 107.106 107.31 107.502 107.685 107.86 108.028 108.191 108.349 108.506 108.662 108.817 108.974 109.134 109.298 109.469 109.62 109.743 109.841 109.939 110.04 110.141 110.228 110.312 110.395 110.468 110.379 -9999 -9999 -9999 -9999 -9999 -9999
102.691 104.313 103.505 102.449 102.071 -9999 -9999 -9999 -9999 -9999 -9999 -9999 -9999 -9999 -9999 -9999 -9999 -9999 -9999 -9999 -9999 -9999 -9999 -9999 -9999 -9999 -9999 -9999 -9999 -9999 -9999 104.062 104.075 104.274 104.469 104.769 105.187 105.866 106.047 106.336 106.617 106.867 107.095 107.304 107.5 107.685 107.86 108.029 108.192 108.35 108.505 108.656 108.807 108.959 109.113 109.269 109.43 109.58 109.705 109.809 109.902 110.0 110.1 110.203 110.307 110.397 110.478 110.553 110.618 110.579 -9999 -9999 -9999 -9999 -9999
103.762 104.645 103.495 101.868 -9999 -9999 -9999 -9999 -9999 -9999 -9999 -9999 -9999 -9999 -9999 -9999 -9999 -9999 -9999 -9999 -9999 -9999 -9999 -9999 -9999 -9999 -9999 -9999 -9999 -9999 -9999 102.901 101.784 99.877 101.402 105.539 105.839 105.657 106.0 106.571 106.839 107.078 107.296 107.497 107.685 107.863 108.032 108.195 108.352 108.506 108.656 108.804 108.951 109.1 109.25 109.404 109.557 109.682 109.784 109.877 109.97 110.065 110.161 110.259 110.359 110.461 110.552 110.627 110.695 110.749 110.687 -9999 -9999 -9999 -9999
104.453 104.748 103.205 101.389 -9999 -9999 -9999 -9999 -9999 -9999 -9999 -9999 -9999 -9999 -9999 -9999 -9999 -9999 -9999 -9999 -9999 -9999 -9999 -9999 -9999 -9999 -9999 -9999 -9999 -9999 -9999 -9999 100.537 96.429 99.231 101.964 103.562 103.961 104.928 106.798 107.054 107.283 107.492 107.685 107.866 108.037 108.201 108.358 108.511 108.66 108.805 108.95 109.094 109.239 109.395 109.545 109.665 109.769 109.857 109.946 110.036 110.127 110.219 110.313 110.409 110.506 110.606 110.697 110.77 110.825 110.857 -9999 -9999 -9999 -9999
-9999 -9999 -9999 -9999 -9999 -9999 -9999 -9999 -9999 -9999 -9999 -9999 -9999 -9999 -9999 -9999 -9999 -9999 -9999 -9999 -9999 -9999 -9999 -9999 -9999 -9999 -9999 -9999 -9999 -9999 -9999 -9999 101.077 99.982 101.918 105.08 105.39 105.763 106.785 107.02 107.265 107.484 107.684 107.87 108.044 108.209 108.367 108.52 108.668 108.812 108.954 109.095 109.24 109.396 109.537 109.655 109.755 109.841 109.926 110.012 110.098 110.186 110.275 110.366 110.458 110.552 110.649 110.748 110.842 110.899 110.932 110.958 -9999 -9999 -9999
-9999 -9999 -9999 -9999 -9999 -9999 -9999 -9999 -9999 -9999 -9999 -9999 -9999 -9999 -9999 -9999 -9999 -9999 -9999 -9999 -9999 -9999 -9999 -9999 -9999 -9999 -9999 -9999 -9999 -9999 -9999 -9999 -9999 100.553 101.392 100.303 101.515 105.09 106.59 107.238 107.471 107.682 107.874 108.052 108.22 108.379 108.532 108.68 108.823 108.964 109.103 109.249 109.403 109.535 109.647 109.743 109.826 109.909 109.992 110.075 110.159 110.244 110.33 110.418 110.507 110.599 110.694 110.792 110.893 110.968 111.003 111.029 -9999 -9999 -9999
-9999 -9999 -9999 -9999 -9999 -9999 -9999 -9999 -9999 -9999 -9999 -9999 -9999 -9999 -9999 -9999 -9999 -9999 -9999 -9999 -9999 -9999 -9999 -9999 -9999 -9999 -9999 -9999 -9999 -9999 -9999 -9999 -9999 100.802 -9999 102.061 104.385 106.907 107.275 -9999 107.676 107.877 108.061 108.232 108.394 108.548 108.696 108.839 108.979 109.116 109.262 109.41 109.533 109.641 109.73 109.813 109.894 109.975 110.055 110.136 110.217 110.3 110.384 110.47 110.557 110.648 110.742 110.84 110.933 111.017 111.071 111.104 111.132 -9999 -9999
-9999 -9999 -9999 -9999 -9999 -9999 -9999 -9999 -9999 -9999 -9999 -9999 -9999 -9999 -9999 -9999 -9999 -9999 -9999 -9999 -9999 -9999 -9999 -9999 -9999 -9999 -9999 -9999 -9999 -9999 -9999 -9999 -9999 -9999 103.171 102.068 -9999 -9999 -9999 -9999 107.871 108.07 108.247 108.412 108.567 108.716 108.859 108.998 109.134 109.273 109.424 109.525 109.63 109.718 109.807 109.893 109.977 110.059 110.14 110.22 110.299 110.379 110.46 110.541 110.624 110.709 110.797 110.891 110.977 111.053 111.127 111.177 111.21 111.242 111.278
-9999 -9999 -9999 -9999 -9999 -9999 -9999 -9999 -9999 -9999 -9999 -9999 -9999 -9999 -9999 -9999 -9999 -9999 -9999 -9999 -9999 -9999 -9999 -9999 -9999 -9999 -9999 -9999 -9999 -9999 -9999 -9999 -9999 -9999 102.474 102.598 -9999 -9999 -9999 -9999 108.06 108.251 108.417 108.574 108.724 108.869 109.01 109.149 109.285 109.416 109.52 109.627 109.725 109.818 109.906 109.993 110.077 110.158 110.238 110.316 110.395 110.473 110.552 110.631 110.713 110.796 110.882 110.966 111.04 111.103 111.169 111.243 111.289 111.323 111.361
-9999 -9999 -9999 -9999 -9999 -9999 -9999 -9999 -9999 -9999 -9999 -9999 -9999 -9999 -9999 -9999 -9999 -9999 -9999 -9999 -9999 -9999 -9999 -9999 -9999 -9999 -9999 -9999 -9999 -9999 -9999 -9999 -9999 -9999 102.91 -9999 -9999 -9999 -9999 108.087 108.24 108.415 108.573 108.722 108.865 109.005 109.133 109.239 109.361 109.487 109.609 109.728 109.832 109.925 110.014 110.098 110.18 110.259 110.336 110.413 110.49 110.567 110.645 110.724 110.805 110.889 110.976 111.052 111.118 111.178 111.242 111.311 111.372 111.416 -9999
-9999 -9999 -9999 -9999 -9999 -9999 -9999 -9999 -9999 -9999 -9999 -9999 -9999 -9999 -9999 -9999 -9999 -9999 -9999 -9999 -9999 -9999 -9999 -9999 -9999 -9999 -9999 -9999 -9999 -9999 -9999 -9999 -9999 -9999 -9999 -9999 -9999 -9999 -9999 108.277 108.406 108.565 108.719 108.851 108.959 109.063 109.161 109.291 109.432 109.563 109.687 109.805 109.917 110.021 110.115 110.199 110.279 110.356 110.432 110.508 110.584 110.66 110.738 110.817 110.898 110.983 111.065 111.136 111.197 111.259 111.324 111.395 111.472 111.534 -9999
-9999 -9999 -9999 -9999 -9999 -9999 -9999 -9999 -9999 -9999 -9999 -9999 -9999 -9999 -9999 -9999 -9999 -9999 -9999 -9999 -9999 -9999 -9999 -9999 -9999 -9999 -9999 -9999 -9999 -9999 -9999 -9999 -9999 -9999 -9999 -9999 -9999 -9999 -9999 108.426 108.52 108.638 108.766 108.87 108.969 109.081 109.217 109.364 109.501 109.629 109.751 109.867 109.978 110.085 110.188 110.286 110.373 110.45 110.526 110.601 110.676 110.753 110.83 110.91 110.992 111.078 111.152 111.216 111.276 111.34 111.408 111.481 111.561 111.649 -9999
-9999 -9999 -9999 -9999 -9999 -9999 -9999 -9999 -9999 -9999 -9999 -9999 -9999 -9999 -9999 -9999 -9999 -9999 -9999 -9999 -9999 -9999 -9999 -9999 -9999 -9999 -9999 -9999 -9999 -9999 -9999 -9999 -9999 -9999 -9999 -9999 -9999 -9999 107.993 108.467 107.075 104.531 108.749 108.869 108.998 109.131 109.284 109.427 109.561 109.688 109.808 109.924 110.034 110.14 110.241 110.341 110.44 110.536 110.617 110.692 110.768 110.844 110.923 111.003 111.087 111.165 111.234 111.294 111.356 111.422 111.492 111.568 111.651 111.743 111.822
-9999 -9999 -9999 -9999 -9999 -9999 -9999 -9999 -9999 -9999 -9999 -9999 -9999 -9999 -9999 -9999 -9999 -9999 -9999 -9999 -9999 -9999 -9999 -9999 -9999 -9999 -9999 -9999 -9999 -9999 -9999 -9999 -9999 -9999 -9999 -9999 -9999 -9999 107.774 108.475 104.638 103.73 108.75 108.901 109.04 109.192 109.342 109.482 109.614 109.739 109.859 109.975 110.086 110.191 110.291 110.389 110.487 110.587 110.69 110.779 110.859 110.937 111.016 111.098 111.179 111.25 111.312 111.373 111.437 111.505 111.578 111.656 111.742 111.839 111.928
-9999 -9999 -9999 -9999 -9999 -9999 -9999 -9999 -9999 -9999 -9999 -9999 -9999 -9999 -9999 -9999 -9999 -9999 -9999 -9999 -9999 -9999 -9999 -9999 -9999 -9999 -9999 -9999 -9999 -9999 -9999 -9999 -9999 -9999 -9999 -9999 -9999 108.025 106.978 102.976 100.956 105.126 106.144 108.93 109.085 109.244 109.391 109.528 109.659 109.783 109.903 110.02 110.133 110.239 110.337 110.433 110.53 110.63 110.734 110.841 110.944 111.029 111.11 111.193 111.265 111.33 111.391 111.454 111.52 111.59 111.665 111.747 111.836 111.937 112.048
-9999 -9999 -9999 -9999 -9999 -9999 -9999 -9999 -9999 -9999 -9999 -9999 -9999 -9999 -9999 -9999 -9999 -9999 -9999 -9999 -9999 -9999 -9999 -9999 -9999 -9999 -9999 -9999 -9999 -9999 -9999 -9999 -9999 -9999 -9999 -9999 -9999 108.366 104.704 100.252 101.474 102.634 105.348 108.955 109.128 109.287 109.431 109.567 109.696 109.82 109.94 110.057 110.171 110.278 110.377 110.473 110.571 110.672 110.777 110.885 110.999 111.114 111.206 111.28 111.347 111.408 111.47 111.536 111.604 111.677 111.755 111.84 111.933 112.038 112.157
-9999 -9999 -9999 -9999 -9999 -9999 -9999 -9999 -9999 -9999 -9999 -9999 -9999 -9999 -9999 -9999 -9999 -9999 -9999 -9999 -9999 -9999 -9999 -9999 -9999 -9999 -9999 -9999 -9999 -9999 -9999 -9999 -9999 -9999 -9999 -9999 -9999 108.366 106.08 106.146 105.273 100.988 103.335 105.862 109.162 109.323 109.464 109.598 109.727 109.85 109.97 110.086 110.199 110.308 110.41 110.51 110.61 110.713 110.819 110.929 111.045 111.167 111.283 111.362 111.424 111.487 111.552 111.619 111.69 111.766 111.847 111.935 112.033 112.143 112.268
-9999 -9999 -9999 -9999 -9999 -9999 -9999 -9999 -9999 -9999 -9999 -9999 -9999 -9999 -9999 -9999 -9999 -9999 -9999 -9999 -9999 -9999 -9999 -9999 -9999 -9999 -9999 -9999 -9999 -9999 -9999 -9999 -9999 -9999 -9999 -9999 -9999 -9999 108.075 108.576 104.428 98.976 100.969 107.126 109.188 109.348 109.49 109.623 109.751 109.874 109.995 110.111 110.225 110.334 110.44 110.544 110.648 110.753 110.862 110.974 111.092 111.206 111.32 111.428 111.503 111.568 111.635 111.705 111.779 111.858 111.942 -9999 112.137 -9999 112.354
