Validation/Results/raw data/ReClimate_03_2024_2_Temperature.asc
NCOLS 192
NROWS 249
XLLCENTER -225160.85627316462
YLLCENTER 29788.11610251502
CELLSIZE 5000.0
NODATA_VALUE -9999
[rows 170 to 203 of 249, columns 75 to 149 of 192]
-9999 -9999 -9999 -9999 -9999 -9999 -9999 -9999 -9999 -9999 -9999 -9999 -9999 -9999 -9999 -9999 -9999 0.001 0.0 -9999 -9999 -9999 -9999 -9999 -9999 -9999 -9999 -9999 -9999 -9999 -9999 -9999 -9999 -9999 -9999 -9999 0.038 0.038 0.042 0.047 0.041 0.032 0.035 0.039 0.032 0.024 0.023 0.023 0.025 0.028 0.019 0.008 0.019 0.032 0.028 0.023 0.041 0.064 0.057 0.048 0.052 0.057 0.065 0.075 0.078 0.081 0.072 0.059 0.07 0.082 0.087 0.093 0.102 0.111 0.111
-9999 -9999 -9999 -9999 -9999 -9999 -9999 -9999 -9999 -9999 -9999 -9999 -9999 -9999 -9999 -9999 -9999 -0.004 -0.004 0.004 -9999 -9999 -9999 -9999 -9999 -9999 -9999 -9999 -9999 -9999 -9999 -9999 -9999 -9999 -9999 0.037 0.039 0.036 0.04 0.046 0.037 0.023 0.024 0.026 0.02 0.017 0.017 0.017 0.02 0.025 0.022 0.03 0.027 0.032 0.035 0.033 0.045 0.063 0.062 0.057 0.06 0.064 0.064 0.069 0.071 0.074 0.078 0.074 0.079 0.088 0.095 0.102 0.105 0.111 0.11
-9999 -9999 -9999 -9999 -9999 -9999 -9999 -9999 -9999 -9999 -9999 -9999 -9999 -9999 -9999 -9999 0.001 -0.004 0.001 0.008 0.007 -9999 -9999 -9999 -9999 -9999 -9999 -9999 -9999 -9999 -9999 -9999 0.029 -9999 -9999 0.041 0.039 0.036 0.04 0.046 -9999 0.019 0.02 0.021 0.018 0.015 0.015 0.015 0.019 0.023 0.03 0.037 0.035 0.031 0.033 0.035 0.047 0.061 0.06 0.058 0.062 0.065 0.065 0.065 0.068 0.07 0.074 0.078 0.083 0.089 0.096 0.104 0.107 0.109 0.109
-9999 -9999 -9999 -9999 -9999 -9999 -9999 -9999 -9999 -9999 -9999 -9999 -9999 -9999 -9999 -9999 0.006 -0.008 -0.001 0.01 0.006 -0.003 -0.001 -9999 -9999 -9999 0.016 -0.004 -9999 0.012 0.029 0.028 0.024 0.028 -9999 -9999 0.029 0.041 -9999 -9999 0.029 0.028 0.027 0.019 0.02 0.027 0.025 0.02 0.024 0.03 0.028 0.031 0.033 0.033 0.028 0.026 0.035 0.048 0.051 0.051 0.056 0.061 0.067 0.07 0.063 0.059 0.069 0.076 0.086 0.094 0.096 0.101 0.103 0.105 0.114
-9999 -9999 -9999 -9999 -9999 -9999 -9999 -9999 -9999 -9999 -9999 -9999 -9999 -9999 -9999 -9999 -9999 -0.007 0.002 0.013 0.004 -0.006 -9999 -9999 0.012 0.012 0.002 -0.008 0.002 0.02 0.021 0.027 0.029 0.033 0.028 -9999 0.032 0.043 0.039 0.033 0.033 0.033 0.027 0.019 0.025 0.032 0.027 0.022 0.027 0.033 0.031 0.028 0.03 0.033 0.028 0.021 0.03 0.041 0.044 0.047 0.052 0.058 0.064 0.07 0.064 0.054 0.063 0.074 0.084 0.095 0.097 0.098 0.1 0.101 0.11
-9999 -9999 -9999 -9999 -9999 -9999 -9999 -9999 -9999 -9999 -9999 -9999 -9999 -9999 -9999 -9999 -9999 0.011 0.017 0.0 -0.006 -0.006 -0.004 -0.013 -0.01 0.011 0.001 -0.015 -0.006 0.005 0.01 0.02 0.024 0.032 0.028 0.024 0.032 0.038 0.034 0.033 0.028 0.016 0.018 0.035 0.037 0.033 0.03 0.028 0.029 0.027 0.031 0.05 0.033 0.024 0.029 0.028 0.027 0.032 0.04 0.046 0.055 0.063 0.062 0.065 0.075 0.076 0.074 0.078 0.089 0.1 0.102 0.103 0.104 0.105 0.107
-9999 -9999 -9999 -9999 -9999 -9999 -9999 -9999 -9999 -9999 -9999 -9999 -9999 -9999 -9999 -9999 -9999 -9999 0.018 -0.002 -0.003 -0.003 -0.012 -0.022 -0.006 0.013 0.0 -0.015 -0.008 0.002 0.009 0.019 0.025 0.034 0.03 0.027 0.031 0.037 0.035 0.034 0.024 0.011 0.025 0.041 0.038 0.034 0.033 0.031 0.028 0.025 0.039 0.057 0.041 0.021 0.025 0.03 0.029 0.028 0.036 0.046 0.054 0.063 0.063 0.061 0.071 0.082 0.081 0.079 0.089 0.1 0.102 0.103 0.104 0.104 0.108
-9999 -9999 -9999 -9999 -9999 -9999 -9999 -9999 -9999 -9999 -9999 -9999 -9999 -9999 -9999 -9999 -9999 -9999 -9999 -9999 0.005 -0.012 -0.02 -0.025 -0.01 0.009 -0.004 -0.019 -0.014 -0.011 -0.007 -0.004 0.004 0.021 0.016 0.009 0.015 0.03 0.029 0.03 0.022 0.015 0.026 0.036 0.034 0.038 0.034 0.027 0.026 0.027 0.036 0.038 0.04 0.03 0.038 0.046 0.045 0.045 0.048 0.055 0.054 0.057 0.07 0.077 0.073 0.076 0.081 0.083 0.09 0.1 0.101 0.102 0.095 0.09 0.097
-9999 -9999 -9999 -9999 -9999 -9999 -9999 -9999 -9999 -9999 -9999 -9999 -9999 -9999 -9999 -9999 -9999 -9999 -9999 0.019 0.004 -0.013 -0.018 -0.024 -0.009 0.009 -0.004 -0.018 -0.016 -0.012 -0.012 -0.01 0.002 0.018 0.011 0.003 0.014 0.028 0.029 0.03 0.024 0.018 0.025 0.034 0.037 0.04 0.034 0.027 0.027 0.028 0.03 0.032 0.033 0.034 0.042 0.052 0.053 0.053 0.056 0.06 0.059 0.057 0.069 0.084 0.08 0.075 0.079 0.084 0.091 0.099 0.101 0.101 0.095 0.086 0.093
-9999 -9999 -9999 -9999 -9999 -9999 -9999 -9999 -9999 -9999 -9999 -9999 -9999 -9999 -9999 -9999 -9999 -9999 0.029 0.006 -0.007 -0.017 -0.016 -0.001 0.006 -0.0 -0.009 -0.01 -0.006 0.002 -0.001 -0.013 0.001 0.024 0.019 0.014 0.022 0.026 0.027 0.03 0.023 0.013 0.018 0.021 0.023 0.029 0.024 0.022 0.021 0.017 0.018 0.021 0.034 0.042 0.046 0.054 0.07 0.08 0.071 0.068 0.078 0.084 0.079 0.084 0.08 0.074 0.081 0.087 0.099 0.109 0.111 0.112 0.111 0.107 0.116
-9999 -9999 -9999 -9999 -9999 -9999 -9999 -9999 -9999 -9999 -9999 -9999 -9999 -9999 -9999 -9999 -9999 0.039 0.024 0.003 -0.006 -0.016 -0.004 0.01 0.005 -0.001 -0.003 -0.004 0.002 0.01 0.0 -0.011 0.006 0.028 0.025 0.021 0.023 0.026 0.028 0.031 0.023 0.013 0.015 0.017 0.021 0.025 0.023 0.021 0.018 0.014 0.016 0.02 0.031 0.047 0.051 0.056 0.071 0.09 0.082 0.071 0.082 0.094 0.091 0.085 0.081 0.075 0.082 0.09 0.101 0.114 0.117 0.118 0.117 0.115 0.126
-9999 -9999 -9999 -9999 -9999 -9999 -9999 -9999 -9999 -9999 -9999 -9999 -9999 -9999 -9999 0.045 0.044 0.032 0.022 0.021 0.009 -0.015 -0.012 -0.028 -0.031 -0.022 -0.018 0.001 0.003 0.001 -0.006 -0.008 0.01 0.033 0.026 0.01 0.01 0.011 0.014 0.023 0.02 0.031 0.033 0.033 0.032 0.023 0.023 0.029 0.027 0.024 0.027 0.03 0.033 0.044 0.055 0.063 0.073 0.088 0.076 0.063 0.066 0.073 0.084 0.088 0.086 0.081 0.082 0.087 0.1 0.114 0.115 0.115 0.124 0.129 0.141
-9999 -9999 -9999 -9999 -9999 -9999 -9999 -9999 -9999 -9999 -9999 -9999 -9999 -9999 0.048 0.048 0.04 0.036 -9999 -9999 -9999 -9999 -0.014 -0.039 -0.034 -0.027 -0.012 0.005 0.002 -0.001 -0.002 -0.004 0.014 0.037 0.023 0.008 0.007 0.007 0.013 0.021 0.029 0.039 0.039 0.04 0.032 0.024 0.028 0.034 0.032 0.03 0.032 0.035 0.039 0.045 0.055 0.067 0.077 0.088 0.077 0.061 0.064 0.067 0.077 0.089 0.088 0.084 0.086 0.087 0.1 0.115 0.116 0.116 0.125 0.137 0.149
-9999 -9999 -9999 -9999 -9999 -9999 -9999 -9999 -9999 -9999 -9999 -9999 -9999 -9999 0.05 0.048 0.046 -9999 -9999 -9999 -9999 -9999 0.004 -0.007 -0.005 -0.009 -0.003 -0.01 -0.01 -0.0 -0.001 0.0 0.009 0.004 -0.003 0.005 0.01 0.025 0.028 0.022 0.029 0.039 0.039 0.039 0.036 0.036 0.04 0.04 0.039 0.04 0.043 0.045 0.047 0.051 0.052 0.058 0.058 0.063 0.065 0.057 0.071 0.081 0.083 0.091 0.09 0.087 0.094 0.098 0.098 0.106 0.109 0.11 0.119 0.129 0.139
-9999 -9999 -9999 -9999 -9999 -9999 -9999 -9999 -9999 -9999 -9999 -9999 -9999 -9999 -9999 -9999 0.056 -9999 -9999 -9999 -9999 -9999 0.005 0.009 0.005 0.001 -0.005 -0.012 -0.004 0.005 0.006 0.008 0.002 -0.003 0.002 0.01 0.022 0.037 0.032 0.026 0.032 0.04 0.04 0.041 0.042 0.043 0.044 0.044 0.045 0.046 0.048 0.051 0.053 0.055 0.056 0.057 0.057 0.056 0.057 0.058 0.071 0.087 0.09 0.093 0.092 0.091 0.098 0.106 0.107 0.107 0.111 0.114 0.123 0.133 0.142
-9999 -9999 -9999 -9999 -9999 -9999 -9999 -9999 -9999 -9999 -9999 -9999 -9999 -9999 -9999 -9999 -9999 -9999 -9999 -9999 -9999 -9999 0.018 0.01 0.008 0.009 0.0 -0.018 -0.006 0.018 0.016 0.008 0.008 0.021 0.026 0.029 0.036 0.038 0.035 0.035 0.04 0.043 0.043 0.042 0.04 0.034 0.036 0.044 0.042 0.034 0.039 0.044 0.046 0.048 0.051 0.053 0.057 0.059 0.065 0.069 0.071 0.081 0.075 0.072 0.085 0.091 0.097 0.103 0.114 0.12 0.128 0.134 0.142 0.15 0.153
-9999 -9999 -9999 -9999 -9999 -9999 -9999 -9999 -9999 -9999 -9999 -9999 -9999 -9999 -9999 -9999 -9999 -9999 -9999 -9999 -9999 -9999 -9999 0.017 0.018 0.019 0.004 -0.014 0.005 0.029 0.022 0.013 0.023 0.036 0.038 0.041 0.041 0.043 0.043 0.044 0.046 0.049 0.048 0.047 0.041 0.034 0.039 0.046 0.039 0.031 0.037 0.044 0.046 0.048 0.05 0.053 0.057 0.062 0.068 0.076 0.08 0.083 0.078 0.069 0.082 0.097 0.102 0.108 0.118 0.13 0.138 0.147 0.155 0.162 0.164
-9999 -9999 -9999 -9999 -9999 -9999 -9999 -9999 -9999 -9999 -9999 -9999 -9999 -9999 -9999 -9999 -9999 -9999 -9999 -9999 -9999 -9999 0.021 0.016 0.013 0.005 -0.001 0.011 0.022 0.022 0.018 0.023 0.034 0.051 0.05 0.043 0.045 0.052 0.049 0.04 0.043 0.049 0.047 0.047 0.042 0.041 0.043 0.043 0.039 0.042 0.048 0.056 0.055 0.056 0.059 0.062 0.059 0.061 0.073 0.085 0.09 0.096 0.088 0.079 0.086 0.097 0.11 0.12 0.129 0.14 0.15 0.159 0.168 0.176 0.185
-9999 -9999 -9999 -9999 -9999 -9999 -9999 -9999 -9999 -9999 -9999 -9999 -9999 -9999 -9999 -9999 -9999 -9999 -9999 -9999 -9999 -9999 0.032 0.021 0.014 0.005 0.015 0.027 0.025 0.024 0.027 0.031 0.044 0.061 0.055 0.048 0.053 0.06 0.052 0.044 0.048 0.053 0.052 0.051 0.05 0.048 0.047 0.046 0.048 0.051 0.055 0.063 0.062 0.061 0.064 0.067 0.067 0.065 0.078 0.092 0.098 0.105 0.098 0.088 0.095 0.102 0.115 0.13 0.139 0.149 0.158 0.169 0.177 0.185 0.194
-9999 -9999 -9999 -9999 -9999 -9999 -9999 -9999 -9999 -9999 -9999 -9999 -9999 -9999 -9999 -9999 -9999 -9999 -9999 -9999 -9999 -9999 0.046 0.036 0.03 0.026 0.033 0.037 0.036 0.034 0.037 0.038 0.047 0.05 0.045 0.044 0.05 0.06 0.054 0.05 0.053 0.056 0.055 0.054 0.052 0.05 0.048 0.047 0.046 0.042 0.051 0.059 0.058 0.056 0.058 0.061 0.07 0.075 0.084 0.097 0.098 0.102 0.101 0.096 0.101 0.107 0.115 0.126 0.139 0.151 0.166 0.178 0.192 0.202 0.205
-9999 -9999 -9999 -9999 -9999 -9999 -9999 -9999 -9999 -9999 -9999 -9999 -9999 -9999 -9999 -9999 -9999 -9999 -9999 -9999 -9999 -9999 -9999 0.047 0.043 0.039 0.042 0.046 0.045 0.043 0.044 0.045 0.047 0.05 0.049 0.047 0.054 0.064 0.061 0.057 0.059 0.061 0.061 0.06 0.058 0.056 0.054 0.052 0.048 0.044 0.053 0.064 0.06 0.059 0.061 0.064 0.073 0.083 0.092 0.103 0.104 0.105 0.105 0.104 0.109 0.115 0.122 0.13 0.143 0.157 0.171 0.187 0.199 0.212 0.215
-9999 -9999 -9999 -9999 -9999 -9999 -9999 -9999 -9999 -9999 -9999 -9999 -9999 -9999 -9999 -9999 -9999 -9999 -9999 -9999 -9999 -9999 -9999 0.04 0.038 0.04 0.045 0.055 0.052 0.047 0.042 0.029 0.032 0.041 0.039 0.039 0.048 0.066 0.065 0.069 0.069 0.066 0.063 0.059 0.056 0.055 0.054 0.055 0.054 0.059 0.061 0.069 0.069 0.069 0.068 0.07 0.078 0.088 0.087 0.09 0.1 0.106 0.111 0.113 0.121 0.129 0.128 0.131 0.15 0.169 0.185 0.201 0.206 0.214 0.219
-9999 -9999 -9999 -9999 -9999 -9999 -9999 -9999 -9999 -9999 -9999 -9999 -9999 -9999 -9999 -9999 -9999 -9999 -9999 -9999 -9999 -9999 0.052 0.042 0.044 0.045 0.053 0.063 0.058 0.053 0.041 0.028 0.034 0.043 0.041 0.041 0.054 0.071 0.074 0.079 0.075 0.071 0.067 0.063 0.061 0.059 0.06 0.061 0.065 0.069 0.072 0.076 0.077 0.079 0.078 0.077 0.085 0.094 0.093 0.091 0.1 0.111 0.116 0.121 0.129 0.139 0.139 0.137 0.156 0.178 0.193 0.21 0.215 0.219 0.223
-9999 -9999 -9999 -9999 -9999 -9999 -9999 -9999 -9999 -9999 -9999 -9999 -9999 -9999 -9999 -9999 -9999 -9999 -9999 -9999 -9999 -9999 0.048 0.037 0.031 0.016 0.023 0.038 0.034 0.036 0.027 0.023 0.031 0.047 0.049 0.061 0.068 0.064 0.069 0.078 0.074 0.071 0.072 0.083 0.077 0.06 0.064 0.075 0.075 0.069 0.073 0.084 0.077 0.073 0.081 0.084 0.083 0.088 0.099 0.104 0.105 0.11 0.121 0.13 0.144 0.158 0.169 0.175 0.182 0.197 0.2 0.209 0.218 0.224 0.236
-9999 -9999 -9999 -9999 -9999 -9999 -9999 -9999 -9999 -9999 -9999 -9999 -9999 -9999 -9999 -9999 -9999 -9999 -9999 -9999 -9999 -9999 0.044 0.041 0.027 0.011 0.021 0.034 0.034 0.036 0.031 0.027 0.039 0.053 0.062 0.074 0.07 0.067 0.074 0.082 0.079 0.076 0.084 0.095 0.082 0.065 0.074 0.085 0.079 0.073 0.082 0.092 0.086 0.078 0.084 0.093 0.091 0.091 0.101 0.114 0.115 0.115 0.125 0.138 0.152 0.169 0.181 0.193 0.201 0.208 0.212 0.213 0.221 0.229 0.241
-9999 -9999 -9999 -9999 -9999 -9999 -9999 -9999 -9999 -9999 -9999 -9999 -9999 -9999 -9999 -9999 -9999 -9999 -9999 -9999 -9999 0.057 0.051 0.023 0.015 0.019 0.026 0.031 0.031 0.034 0.033 0.041 0.05 0.055 0.063 0.071 0.067 0.062 0.069 0.082 0.081 0.084 0.087 0.084 0.072 0.063 0.07 0.08 0.074 0.072 0.084 0.105 0.088 0.073 0.082 0.091 0.1 0.104 0.105 0.112 0.122 0.127 0.134 0.145 0.151 0.163 0.178 0.192 0.206 0.217 0.221 0.223 0.232 0.241 0.247
-9999 -9999 -9999 -9999 -9999 -9999 -9999 -9999 -9999 -9999 -9999 -9999 -9999 -9999 -9999 -9999 -9999 -9999 -9999 -9999 0.061 0.058 0.042 0.023 0.025 0.028 0.031 0.036 0.037 0.039 0.045 0.053 0.057 0.063 0.068 0.076 0.07 0.065 0.074 0.086 0.088 0.091 0.087 0.083 0.076 0.067 0.074 0.083 0.08 0.078 0.094 0.115 0.099 0.078 0.086 0.097 0.105 0.116 0.115 0.116 0.126 0.137 0.144 0.153 0.159 0.166 0.18 0.196 0.209 0.224 0.228 0.23 0.239 0.248 0.255
-9999 -9999 -9999 -9999 -9999 -9999 -9999 -9999 -9999 -9999 -9999 -9999 -9999 -9999 -9999 -9999 -9999 -9999 0.061 0.061 0.062 0.06 0.049 0.043 0.044 0.042 0.043 0.041 0.044 0.052 0.056 0.058 0.061 0.066 0.071 0.075 0.072 0.076 0.082 0.086 0.087 0.087 0.085 0.09 0.083 0.075 0.082 0.093 0.092 0.093 0.103 0.103 0.117 0.115 0.108 0.11 0.116 0.125 0.124 0.123 0.138 0.152 0.159 0.166 0.178 0.188 0.19 0.199 0.214 0.229 0.232 0.235 0.24 0.246 0.25
-9999 -9999 -9999 -9999 -9999 -9999 -9999 -9999 -9999 -9999 -9999 -9999 -9999 -9999 -9999 -9999 -9999 0.063 0.061 0.064 0.065 0.067 0.063 0.058 0.056 0.054 0.051 0.049 0.055 0.064 0.064 0.066 0.069 0.074 0.077 0.08 0.082 0.085 0.087 0.091 0.09 0.089 0.092 0.097 0.091 0.084 0.091 0.103 0.103 0.104 0.106 0.107 0.12 0.136 0.131 0.123 0.129 0.137 0.136 0.135 0.148 0.165 0.171 0.178 0.189 0.202 0.205 0.206 0.219 0.235 0.238 0.24 0.244 0.248 0.252
-9999 -9999 -9999 -9999 -9999 -9999 -9999 -9999 -9999 -9999 -9999 -9999 -9999 -9999 0.08 0.07 0.065 0.066 0.062 0.057 0.057 0.058 0.056 0.062 0.058 0.054 0.056 0.069 0.072 0.067 0.068 0.073 0.075 0.078 0.078 0.074 0.078 0.093 0.092 0.088 0.091 0.105 0.105 0.1 0.093 0.084 0.093 0.105 0.108 0.116 0.114 0.114 0.119 0.13 0.134 0.132 0.139 0.147 0.151 0.152 0.158 0.17 0.177 0.184 0.192 0.202 0.213 0.219 0.223 0.23 0.238 0.242 0.245 0.247 0.25
-9999 -9999 -9999 -9999 -9999 -9999 -9999 -9999 -9999 -9999 -9999 -9999 0.087 0.086 0.081 0.075 0.076 0.075 0.069 0.062 0.061 0.061 0.064 0.069 0.065 0.061 0.071 0.083 0.079 0.074 0.077 0.081 0.082 0.085 0.081 0.076 0.087 0.101 0.096 0.092 0.102 0.116 0.11 0.105 0.098 0.091 0.101 0.113 0.12 0.128 0.126 0.124 0.129 0.136 0.139 0.142 0.15 0.158 0.162 0.166 0.171 0.179 0.186 0.193 0.201 0.209 0.219 0.229 0.232 0.234 0.24 0.248 0.25 0.25 0.252
-9999 -9999 -9999 -9999 -9999 -9999 -9999 -9999 0.087 0.09 0.09 0.09 0.083 0.079 0.075 0.076 0.075 0.072 0.069 0.075 0.075 0.079 0.081 0.081 0.08 0.084 0.089 0.085 0.083 0.086 0.086 0.083 0.083 0.084 0.078 0.071 0.083 0.104 0.1 0.098 0.107 0.115 0.112 0.116 0.113 0.114 0.123 0.13 0.135 0.137 0.142 0.143 0.146 0.152 0.155 0.159 0.162 0.168 0.166 0.166 0.176 0.185 0.196 0.206 0.21 0.217 0.225 0.234 0.244 0.251 0.247 0.249 0.254 0.256 0.264
-9999 -9999 -9999 -9999 -9999 -9999 -9999 0.085 0.09 0.092 0.093 0.076 0.079 0.084 0.083 0.083 0.081 0.078 0.082 0.087 0.089 0.093 0.092 0.092 0.095 0.1 0.096 0.091 0.093 0.096 0.092 0.088 0.088 0.088 0.081 0.073 0.089 0.109 0.107 0.105 0.111 0.119 0.121 0.126 0.127 0.129 0.135 0.142 0.144 0.146 0.151 0.156 0.159 0.163 0.166 0.17 0.174 0.178 0.176 0.172 0.182 0.193 0.204 0.216 0.221 0.225 0.233 0.24 0.25 0.261 0.258 0.255 0.259 0.262 0.27
-9999 -9999 -9999 -9999 -9999 -9999 0.074 0.082 0.084 0.084 0.078 0.08 0.086 0.093 0.09 0.083 0.081 0.081 0.084 0.086 0.085 0.082 0.081 0.087 0.091 0.105 0.103 0.106 0.102 0.089 0.087 0.094 0.093 0.092 0.079 0.055 0.076 0.119 0.117 0.113 0.115 0.116 0.117 0.12 0.127 0.151 0.152 0.142 0.147 0.158 0.158 0.149 0.157 0.163 0.165 0.168 0.173 0.177 0.179 0.178 0.189 0.201 0.222 0.242 0.244 0.246 0.247 0.251 0.256 0.264 0.269 0.27 0.282 0.29 0.274
