Validation/Results/raw data/ReClimate_12_2023_2_Temperature.asc
NCOLS 192
NROWS 249
XLLCENTER -225160.85627316462
YLLCENTER 29788.11610251502
CELLSIZE 5000.0
NODATA_VALUE -9999
[rows 204 to 237 of 249, columns 75 to 149 of 192]
-9999 -9999 -9999 -9999 -0.326 -9999 -0.308 -0.294 -0.282 -0.27 -0.26 -0.25 -0.241 -0.227 -0.201 -0.174 -0.17 -0.169 -0.164 -0.16 -0.161 -0.165 -0.151 -0.137 -0.122 -0.108 -0.106 -0.106 -0.094 -0.081 -0.077 -0.073 -0.054 -0.035 -0.035 -0.037 -0.013 0.013 0.022 0.03 0.039 0.048 0.061 0.072 0.063 0.048 0.045 0.041 0.056 0.074 0.071 0.065 0.074 0.084 0.092 0.098 0.088 0.073 0.077 0.08 0.078 0.074 0.065 0.051 0.058 0.066 0.072 0.078 0.075 0.071 0.071 0.07 0.07 0.069 0.061
-9999 -9999 -9999 -9999 -9999 -9999 -9999 -9999 -0.275 -0.251 -0.242 -0.235 -0.23 -0.23 -0.207 -0.19 -0.184 -0.176 -0.17 -0.162 -0.161 -0.16 -0.142 -0.118 -0.103 -0.087 -0.088 -0.101 -0.089 -0.079 -0.075 -0.072 -0.054 -0.036 -0.031 -0.019 -0.0 0.009 0.015 0.015 0.026 0.042 0.049 0.047 0.045 0.053 0.054 0.058 0.066 0.06 0.064 0.08 0.078 0.08 0.078 0.078 0.083 0.079 0.079 0.08 0.082 0.082 0.073 0.06 0.062 0.067 0.073 0.08 0.062 0.048 0.046 0.043 0.039 0.036 0.046
-9999 -9999 -9999 -9999 -9999 -9999 -9999 -9999 -0.266 -0.243 -0.236 -0.229 -0.231 -0.23 -0.213 -0.196 -0.187 -0.179 -0.17 -0.162 -0.159 -0.158 -0.136 -0.112 -0.096 -0.08 -0.088 -0.099 -0.089 -0.078 -0.075 -0.072 -0.055 -0.037 -0.025 -0.013 -0.003 0.005 0.007 0.007 0.022 0.037 0.037 0.034 0.044 0.052 0.058 0.062 0.059 0.053 0.067 0.083 0.081 0.075 0.073 0.067 0.072 0.077 0.077 0.077 0.079 0.08 0.072 0.06 0.061 0.063 0.069 0.076 0.059 0.036 0.033 0.029 0.025 0.02 0.028
-9999 -9999 -9999 -9999 -9999 -9999 -0.316 -0.302 -0.281 -0.251 -9999 -0.229 -0.232 -0.237 -0.219 -0.2 -0.194 -9999 -0.183 -0.171 -0.164 -0.151 -0.131 -0.111 -0.098 -0.091 -0.091 -0.08 -0.07 -0.064 -0.06 -0.059 -0.044 -0.032 -0.022 -0.016 -0.005 0.01 0.013 0.015 0.027 0.033 0.033 0.031 0.039 0.041 0.048 0.058 0.057 0.061 0.062 0.069 0.08 0.081 0.081 0.077 0.074 0.074 0.079 0.082 0.076 0.072 0.07 0.061 0.064 0.066 0.055 0.051 0.049 0.036 0.029 0.024 0.021 0.018 0.018
-9999 -9999 -9999 -9999 -9999 -9999 -0.313 -9999 -9999 -9999 -0.242 -0.228 -0.234 -9999 -9999 -9999 -9999 -9999 -0.187 -0.173 -0.161 -0.148 -0.131 -0.112 -0.104 -0.097 -0.085 -0.073 -0.066 -0.059 -0.056 -0.055 -0.043 -0.031 -0.024 -0.019 -0.005 0.01 0.014 0.016 0.023 0.029 0.03 0.028 0.032 0.034 0.044 0.054 0.059 0.063 0.063 0.062 0.071 0.079 0.079 0.077 0.074 0.069 0.074 0.079 0.074 0.065 0.062 0.058 0.06 0.063 0.052 0.038 0.036 0.032 0.026 0.018 0.016 0.013 0.013
-9999 -9999 -9999 -9999 -9999 -9999 -9999 -9999 -0.271 -0.254 -0.247 -0.246 -0.254 -9999 -9999 -9999 -9999 -9999 -9999 -9999 -9999 -0.157 -0.143 -0.131 -0.122 -0.108 -0.098 -0.089 -0.082 -0.072 -0.061 -0.035 -0.025 -0.023 -0.015 -0.009 0.002 0.005 0.009 0.01 0.016 0.021 0.027 0.039 0.043 0.044 0.053 0.058 0.064 0.072 0.073 0.072 0.07 0.072 0.077 0.079 0.088 0.091 0.075 0.067 0.065 0.059 0.061 0.06 0.048 0.042 0.033 0.019 0.026 0.028 0.03 0.027 0.037 0.043 0.038
-9999 -9999 -9999 -9999 -9999 -9999 -9999 -9999 -9999 -0.251 -9999 -9999 -9999 -9999 -9999 -9999 -9999 -9999 -9999 -0.177 -0.169 -0.16 -0.149 -0.139 -0.126 -0.113 -0.105 -0.097 -0.087 -0.078 -0.054 -0.028 -0.023 -0.021 -0.013 -0.006 -0.002 0.002 0.005 0.006 0.012 0.017 -9999 0.042 0.044 0.046 0.052 0.057 0.066 0.074 0.074 0.072 0.07 0.066 0.07 0.075 0.084 0.094 0.08 0.059 0.057 0.052 0.055 0.057 0.046 0.03 0.021 0.01 0.015 0.023 0.024 0.027 0.037 0.05 0.046
-9999 -9999 -9999 -9999 -9999 -9999 -9999 -9999 -9999 -9999 -9999 -9999 -9999 -9999 -9999 -9999 -9999 -9999 -9999 -0.177 -0.168 -0.158 -0.152 -9999 -9999 -9999 -0.105 -0.085 -0.079 -0.081 -0.061 -0.044 -0.034 -0.013 -0.003 0.009 0.014 0.017 0.018 0.008 0.014 -9999 0.037 0.046 0.052 0.062 0.069 0.072 0.079 0.076 0.077 0.075 0.069 0.062 0.07 0.076 0.07 0.07 0.082 0.078 0.066 0.057 0.047 0.042 0.036 0.023 0.023 0.016 0.017 0.021 0.024 0.027 0.04 0.055 0.045
-9999 -9999 -9999 -9999 -9999 -9999 -9999 -9999 -9999 -9999 -9999 -9999 -9999 -9999 -9999 -9999 -9999 -9999 -9999 -9999 -9999 -9999 -9999 -9999 -9999 -9999 -0.105 -0.081 -0.081 -0.082 -0.068 -0.052 -0.032 -0.012 0.001 0.013 0.018 0.022 0.016 -9999 -9999 0.027 0.037 0.045 0.056 0.066 0.072 0.076 0.077 0.075 0.075 0.072 0.066 0.058 0.065 0.073 0.067 0.058 0.068 0.08 0.07 0.055 0.046 0.033 0.027 0.018 0.017 0.015 0.016 0.017 0.019 0.023 0.036 0.052 0.043
-9999 -9999 -9999 -9999 -9999 -9999 -9999 -9999 -9999 -9999 -9999 -9999 -9999 -9999 -9999 -9999 -9999 -9999 -9999 -9999 -9999 -9999 -9999 -9999 -9999 -9999 -0.113 -0.095 -0.088 -0.066 -0.057 -0.058 -0.038 -0.013 -0.003 0.003 -9999 -9999 -9999 -9999 -9999 0.021 0.033 0.05 0.055 0.048 0.058 0.08 0.084 0.09 0.09 0.086 0.072 0.059 0.061 0.066 0.069 0.067 0.053 0.05 0.051 0.043 0.045 0.039 0.04 0.037 0.023 0.014 0.012 0.011 0.027 0.038 0.027 0.028 0.03
-9999 -9999 -9999 -9999 -9999 -9999 -9999 -9999 -9999 -9999 -9999 -9999 -9999 -9999 -9999 -9999 -9999 -9999 -9999 -9999 -9999 -9999 -9999 -9999 -9999 -9999 -9999 -9999 -0.086 -0.06 -0.06 -0.061 -0.039 -0.015 -0.014 -9999 -9999 -9999 -9999 0.001 0.008 0.017 0.033 0.05 0.046 0.039 0.058 0.079 0.087 0.092 0.091 0.087 0.074 0.056 0.058 0.059 0.063 0.065 0.053 0.035 0.035 0.035 0.037 0.037 0.039 0.04 0.027 0.01 0.008 0.005 0.021 0.041 0.03 0.017 0.017
-9999 -9999 -9999 -9999 -9999 -9999 -9999 -9999 -9999 -9999 -9999 -9999 -9999 -9999 -9999 -9999 -9999 -9999 -9999 -9999 -9999 -9999 -9999 -9999 -9999 -9999 -9999 -9999 -9999 -0.07 -0.07 -0.069 -0.051 -0.034 -9999 -9999 -9999 -9999 0.009 0.009 0.019 0.03 0.04 0.037 0.04 0.055 0.07 0.079 0.08 0.072 0.07 0.067 0.06 0.046 0.05 0.051 0.054 0.056 0.054 0.044 0.031 0.023 0.023 0.023 0.026 0.028 0.019 0.004 0.007 0.007 0.022 0.042 0.037 0.026 0.022
-9999 -9999 -9999 -9999 -9999 -9999 -9999 -9999 -9999 -9999 -9999 -9999 -9999 -9999 -9999 -9999 -9999 -9999 -9999 -9999 -9999 -9999 -9999 -9999 -9999 -9999 -9999 -9999 -9999 -9999 -9999 -9999 -9999 -9999 -9999 -9999 -9999 0.014 0.013 0.012 0.023 0.034 0.033 0.031 0.045 0.06 0.068 0.074 0.069 0.061 0.06 0.056 0.049 0.04 0.043 0.045 0.047 0.048 0.046 0.043 0.031 0.015 0.015 0.014 0.017 0.02 0.011 -0.001 0.001 0.004 0.019 0.038 0.034 0.027 0.022
-9999 -9999 -9999 -9999 -9999 -9999 -9999 -9999 -9999 -9999 -9999 -9999 -9999 -9999 -9999 -9999 -9999 -9999 -9999 -9999 -9999 -9999 -9999 -9999 -9999 -9999 -9999 -9999 -9999 -9999 -9999 -9999 -9999 -9999 -9999 -9999 -0.001 0.013 0.012 0.004 0.014 0.026 0.034 0.055 0.066 0.067 0.066 0.048 0.047 0.053 0.056 0.066 0.059 0.05 0.041 0.037 0.041 0.043 0.047 0.048 0.051 0.046 0.032 0.024 0.025 0.028 0.03 0.026 0.004 -0.007 0.008 0.027 0.023 0.017 0.005
-9999 -9999 -9999 -9999 -9999 -9999 -9999 -9999 -9999 -9999 -9999 -9999 -9999 -9999 -9999 -9999 -9999 -9999 -9999 -9999 -9999 -9999 -9999 -9999 -9999 -9999 -9999 -9999 -9999 -9999 -9999 -9999 -9999 -9999 -9999 -9999 0.005 0.012 0.007 -0.001 0.01 0.022 0.042 0.063 0.065 0.065 0.052 0.035 0.041 0.047 0.056 0.066 0.06 0.051 0.043 0.031 0.034 0.038 0.041 0.045 0.049 0.052 0.041 0.024 0.026 0.027 0.03 0.032 0.012 -0.013 0.001 0.019 0.016 0.01 -0.001
-9999 -9999 -9999 -9999 -9999 -9999 -9999 -9999 -9999 -9999 -9999 -9999 -9999 -9999 -9999 -9999 -9999 -9999 -9999 -9999 -9999 -9999 -9999 -0.111 -0.099 -0.098 -0.086 -9999 -0.064 -9999 -9999 -9999 -9999 -9999 -9999 -9999 -9999 0.021 0.019 0.019 0.027 0.028 0.042 0.047 0.05 0.056 0.05 0.051 0.051 0.037 0.054 0.068 0.062 0.053 0.048 0.04 0.041 0.043 0.039 0.038 0.037 0.037 0.04 0.033 0.026 0.022 0.019 0.018 0.018 0.006 0.003 0.011 0.021 0.024 0.004
-9999 -9999 -9999 -9999 -9999 -9999 -9999 -9999 -9999 -9999 -9999 -9999 -9999 -9999 -9999 -9999 -9999 -9999 -9999 -9999 -0.141 -0.129 -0.118 -0.106 -0.098 -0.094 -0.081 -0.069 -0.059 -0.051 -0.036 -9999 -9999 -0.014 -0.005 0.004 0.014 0.023 0.025 0.025 0.028 0.027 0.032 0.036 0.043 0.049 0.052 0.054 0.044 0.03 0.046 0.065 0.059 0.05 0.046 0.039 0.041 0.042 0.038 0.032 0.03 0.028 0.03 0.033 0.026 0.016 0.014 0.009 0.01 0.01 0.009 0.005 0.015 0.026 0.007
-9999 -9999 -9999 -9999 -9999 -9999 -9999 -9999 -9999 -9999 -9999 -9999 -9999 -9999 -9999 -9999 -9999 -9999 -9999 -0.146 -0.137 -0.114 -0.1 -0.091 -0.082 -0.077 -0.065 -0.062 -0.052 -0.044 -0.028 -0.017 -0.01 0.001 0.012 0.022 0.031 0.037 0.038 0.03 0.031 0.03 0.037 0.048 0.053 0.051 0.049 0.034 0.029 0.033 0.045 0.051 0.049 0.042 0.039 0.034 0.034 0.034 0.03 0.025 0.022 0.018 0.013 0.011 0.016 0.014 0.007 0.002 0.008 0.011 0.005 -0.002 -0.0 0.005 -0.005
-9999 -9999 -9999 -9999 -9999 -9999 -9999 -9999 -9999 -9999 -9999 -9999 -9999 -9999 -9999 -9999 -9999 -9999 -9999 -0.143 -0.127 -0.112 -0.099 -0.088 -0.079 -0.072 -0.065 -0.061 -0.051 -0.041 -0.029 -0.018 -0.006 0.006 0.016 0.026 0.033 0.039 0.035 0.028 0.028 0.027 0.038 0.049 0.05 0.048 0.037 0.023 0.027 0.031 0.037 0.042 0.04 0.036 0.033 0.029 0.028 0.027 0.024 0.019 0.016 0.011 0.006 -0.0 0.004 0.01 0.004 -0.004 0.002 0.009 0.002 -0.007 -0.006 -0.005 -0.016
-9999 -9999 -9999 -9999 -9999 -9999 -9999 -9999 -9999 -9999 -9999 -9999 -9999 -9999 -9999 -9999 -9999 -9999 -9999 -0.144 -0.13 -0.116 -0.101 -0.078 -0.068 -0.062 -0.051 -0.039 -0.029 -0.026 -0.015 -0.008 0.003 0.013 0.023 0.035 0.037 0.027 0.026 0.03 0.034 0.041 0.047 0.04 0.044 0.056 0.047 0.036 0.037 0.027 0.033 0.039 0.04 0.038 0.038 0.036 0.03 0.025 0.019 0.013 0.005 -0.003 -0.007 -0.014 -0.003 0.006 -0.005 -0.016 -0.008 -0.001 -0.001 -0.006 -0.023 -0.033 -0.03
-9999 -9999 -9999 -9999 -9999 -9999 -9999 -9999 -9999 -9999 -9999 -9999 -9999 -9999 -9999 -0.151 -0.149 -9999 -0.146 -0.143 -0.135 -0.124 -0.102 -0.079 -0.069 -0.062 -0.047 -0.033 -0.027 -0.023 -0.015 -0.009 0.001 0.01 0.022 0.033 0.027 0.018 0.023 0.027 0.035 0.043 0.039 0.032 0.044 0.056 0.049 0.039 0.032 0.022 0.029 0.035 0.036 0.035 0.035 0.035 0.029 0.022 0.016 0.008 -0.0 -0.011 -0.015 -0.022 -0.011 0.002 -0.008 -0.023 -0.016 -0.007 -0.007 -0.008 -0.024 -0.046 -0.044
-9999 -9999 -9999 -9999 -9999 -9999 -9999 -9999 -9999 -9999 -9999 -9999 -9999 -9999 -9999 -0.159 -0.158 -0.162 -0.153 -0.144 -0.133 -0.118 -0.101 -0.092 -0.079 -0.062 -0.046 -0.031 -0.022 -0.012 -0.005 -0.004 0.003 0.003 0.011 0.014 0.015 0.031 0.038 0.045 0.048 0.037 0.035 0.037 0.046 0.05 0.046 0.046 0.038 0.021 0.025 0.024 0.031 0.034 0.038 0.039 0.024 0.01 0.005 -0.002 -0.004 -0.01 -0.016 -0.023 -0.025 -0.019 -0.017 -0.023 -0.011 -0.0 -0.013 -0.022 -0.019 -0.028 -0.043
-9999 -9999 -9999 -9999 -9999 -9999 -9999 -9999 -9999 -9999 -9999 -9999 -9999 -9999 -0.176 -0.168 -0.168 -0.17 -0.159 -0.147 -0.135 -0.12 -0.113 -0.105 -0.086 -0.069 -0.052 -0.037 -0.024 -0.014 -0.009 -0.007 -0.004 -0.004 -0.0 0.002 0.016 0.032 0.04 0.049 0.041 0.03 0.033 0.035 0.04 0.044 0.046 0.046 0.034 0.018 0.019 0.017 0.023 0.03 0.034 0.038 0.023 0.003 -0.002 -0.008 -0.01 -0.013 -0.018 -0.025 -0.026 -0.028 -0.027 -0.025 -0.014 0.0 -0.012 -0.028 -0.026 -0.024 -0.037
-9999 -9999 -9999 -9999 -9999 -9999 -9999 -9999 -9999 -9999 -9999 -9999 -9999 -9999 -9999 -0.185 -0.18 -0.169 -0.157 -0.143 -0.132 -0.128 -0.118 -0.101 -0.086 -0.079 -0.065 -0.059 -0.046 -0.032 -0.023 -0.01 -0.004 0.005 0.006 -0.003 0.012 0.028 0.031 0.022 0.02 0.027 0.028 0.024 0.031 0.04 0.042 0.043 0.035 0.03 0.032 0.032 0.027 0.028 0.027 0.028 0.017 0.0 0.003 -9999 -0.006 -0.011 -0.014 -0.018 -0.032 -0.041 -0.04 -0.039 -0.035 -0.026 -0.035 -0.05 -0.043 -0.04 -0.052
-9999 -9999 -9999 -9999 -9999 -9999 -9999 -9999 -9999 -9999 -9999 -9999 -9999 -9999 -0.205 -0.197 -0.185 -0.174 -0.16 -0.146 -0.14 -0.134 -0.12 -0.103 -0.096 -0.09 -0.081 -0.075 -0.06 -0.045 -0.03 -0.016 -0.005 0.005 -0.0 -0.008 0.006 0.022 0.016 0.008 0.015 0.022 0.02 0.017 0.026 0.035 0.037 0.038 0.036 0.032 0.034 0.034 0.03 0.025 0.024 0.021 0.011 -0.003 -0.001 0.001 -9999 -0.012 -9999 -0.017 -9999 -0.047 -9999 -0.045 -0.041 -0.037 -0.046 -0.059 -0.053 -0.051 -9999
-9999 -9999 -9999 -9999 -9999 -9999 -9999 -9999 -9999 -9999 -9999 -9999 -9999 -9999 -0.212 -0.186 -0.173 -0.166 -0.151 -0.138 -0.128 -0.114 -0.107 -0.116 -0.108 -0.096 -0.087 -0.075 -0.06 -0.046 -0.03 -0.016 -0.011 -0.022 -0.021 -0.009 0.003 0.009 0.002 -0.013 -0.006 0.003 0.005 0.015 0.02 0.019 0.022 0.028 0.031 0.044 0.043 0.034 0.028 0.021 0.013 0.007 0.002 -0.01 -0.008 -0.005 -9999 -9999 -0.019 -0.024 -9999 -9999 -0.06 -0.065 -0.06 -9999 -9999 -9999 -9999 -9999 -9999
-9999 -9999 -9999 -9999 -9999 -9999 -9999 -9999 -9999 -9999 -9999 -9999 -9999 -0.222 -0.202 -0.187 -0.176 -0.168 -0.154 -0.14 -0.125 -0.111 -0.117 -0.125 -0.114 -0.103 -0.092 -0.081 -0.068 -0.054 -0.037 -0.022 -0.027 -0.037 -0.025 -0.014 -0.006 0.0 -0.01 -0.025 -0.016 -0.008 0.001 0.011 0.011 0.009 0.015 0.021 0.033 0.045 0.039 0.031 0.025 0.017 0.009 -0.001 -0.007 -9999 -9999 -9999 -0.013 -9999 -9999 -9999 -9999 -9999 -9999 -0.06 -9999 -9999 -9999 -9999 -9999 -9999 -9999
-9999 -9999 -9999 -9999 -9999 -9999 -9999 -9999 -9999 -9999 -9999 -9999 -0.253 -0.22 -0.2 -0.179 -0.167 -0.159 -0.144 -0.132 -0.121 -0.118 -0.12 -0.118 -0.103 -0.085 -0.077 -0.081 -0.066 -0.05 -0.038 -0.036 -0.036 -0.034 -0.026 -9999 -9999 -9999 -9999 -9999 -0.034 -0.026 -0.015 0.008 0.009 0.012 0.013 0.002 0.013 0.026 -9999 0.03 -9999 -9999 -9999 -9999 -9999 -0.022 -0.022 -0.027 -0.024 -0.027 -0.034 -9999 -9999 -9999 -9999 -9999 -9999 -9999 -9999 -9999 -9999 -9999 -9999
-9999 -9999 -9999 -9999 -9999 -9999 -9999 -9999 -9999 -9999 -9999 -0.292 -0.265 -0.228 -0.205 -0.183 -0.171 -0.162 -0.148 -0.136 -0.13 -0.126 -0.123 -0.12 -0.101 -0.082 -0.081 -0.084 -0.068 -0.052 -0.048 -0.047 -9999 -9999 -9999 -9999 -9999 -9999 -9999 -9999 -9999 -9999 -0.012 0.003 0.007 0.01 0.002 -0.009 0.003 0.015 0.021 -9999 -9999 -9999 -9999 -9999 -9999 -9999 -0.032 -0.034 -0.032 -0.032 -9999 -9999 -9999 -9999 -9999 -9999 -9999 -9999 -9999 -9999 -9999 -9999 -9999
-9999 -9999 -9999 -9999 -9999 -9999 -9999 -9999 -9999 -0.306 -0.306 -0.292 -0.269 -0.247 -0.222 -0.193 -0.179 -0.162 -0.156 -0.172 -0.16 -0.136 -0.128 -0.114 -0.099 -0.092 -0.088 -0.082 -0.071 -0.07 -9999 -9999 -9999 -9999 -9999 -9999 -9999 -9999 -9999 -9999 -9999 -9999 -9999 -0.016 -9999 -9999 -9999 -9999 -9999 0.013 0.011 -9999 -9999 -9999 -9999 -9999 -9999 -9999 -9999 -9999 -0.043 -0.042 -9999 -9999 -9999 -9999 -9999 -9999 -9999 -9999 -9999 -9999 -9999 -9999 -9999
-9999 -9999 -9999 -9999 -9999 -9999 -9999 -9999 -0.303 -9999 -0.302 -0.291 -0.281 -0.263 -0.236 -0.207 -0.188 -0.17 -0.179 -0.193 -0.171 -0.146 -0.133 -0.118 -0.109 -0.101 -0.093 -0.086 -0.082 -0.085 -9999 -9999 -9999 -9999 -9999 -9999 -9999 -9999 -9999 -9999 -9999 -9999 -9999 -9999 -0.016 -9999 -9999 -9999 -9999 -9999 -9999 -9999 -9999 -9999 -9999 -9999 -9999 -9999 -9999 -9999 -9999 -9999 -9999 -9999 -9999 -9999 -9999 -9999 -9999 -9999 -9999 -9999 -9999 -9999 -9999
-9999 -9999 -9999 -9999 -9999 -9999 -9999 -0.296 -0.303 -0.291 -0.284 -0.28 -0.277 -0.275 -0.255 -0.237 -0.216 -0.191 -0.192 -9999 -0.166 -0.162 -0.148 -0.132 -0.121 -0.11 -0.102 -0.101 -0.098 -9999 -9999 -9999 -9999 -9999 -9999 -9999 -9999 -9999 -9999 -9999 -9999 -9999 -9999 -9999 -9999 -9999 -9999 -9999 -9999 -9999 -9999 -9999 -9999 -9999 -9999 -9999 -9999 -9999 -9999 -9999 -9999 -9999 -9999 -9999 -9999 -9999 -9999 -9999 -9999 -9999 -9999 -9999 -9999 -9999 -9999
-9999 -9999 -9999 -9999 -9999 -9999 -9999 -0.296 -0.29 -0.283 -0.28 -0.276 -0.28 -0.282 -0.275 -0.26 -0.235 -0.21 -0.198 -0.188 -0.181 -0.176 -0.161 -0.145 -0.132 -0.119 -0.115 -0.113 -0.108 -9999 -9999 -9999 -9999 -9999 -9999 -9999 -9999 -9999 -9999 -9999 -9999 -9999 -9999 -9999 -9999 -9999 -9999 -9999 -9999 -9999 -9999 -9999 -9999 -9999 -9999 -9999 -9999 -9999 -9999 -9999 -9999 -9999 -9999 -9999 -9999 -9999 -9999 -9999 -9999 -9999 -9999 -9999 -9999 -9999 -9999
-9999 -9999 -9999 -9999 -9999 -9999 -0.294 -0.271 -0.271 -0.284 -0.281 -0.28 -0.28 -0.272 -0.271 -0.273 -0.252 -0.227 -0.218 -0.221 -0.21 -0.193 -0.179 -0.166 -0.154 -0.142 -0.134 -0.124 -9999 -9999 -9999 -9999 -9999 -9999 -9999 -9999 -9999 -9999 -9999 -9999 -9999 -9999 -9999 -9999 -9999 -9999 -9999 -9999 -9999 -9999 -9999 -9999 -9999 -9999 -9999 -9999 -9999 -9999 -9999 -9999 -9999 -9999 -9999 -9999 -9999 -9999 -9999 -9999 -9999 -9999 -9999 -9999 -9999 -9999 -9999
