Validation/Results/raw data/ReClimate_04_2024_1_Temperature.asc
NCOLS 192
NROWS 249
XLLCENTER -225160.85627316462
YLLCENTER 29788.11610251502
CELLSIZE 5000.0
NODATA_VALUE -9999
[rows 68 to 101 of 249, columns 76 to 151 of 192]
-9999 -9999 -9999 -9999 -9999 -9999 -9999 -9999 -9999 -9999 -0.077 -0.079 -0.084 -0.069 -0.054 -0.048 -0.043 -0.043 -0.046 -0.041 -0.038 -0.04 -0.044 -0.026 -0.005 0.004 0.015 0.017 -9999 -9999 -9999 -9999 -9999 -9999 -9999 -9999 -9999 -9999 -9999 -9999 -9999 -9999 -9999 -9999 -9999 -9999 -9999 -9999 -9999 -9999 -9999 -9999 -9999 -9999 -9999 -9999 -9999 -9999 -9999 -9999 -9999 -9999 -9999 -9999 -9999 -9999 -9999 -9999 -9999 -9999 -9999 -9999 -9999 -9999 -9999 -9999
-9999 -9999 -9999 -9999 -9999 -9999 -9999 -9999 -9999 -9999 -9999 -9999 -0.062 -0.05 -0.043 -0.037 -0.035 -0.032 -0.026 -0.026 -0.035 -0.031 -0.018 -0.006 -0.002 0.008 -9999 -9999 -9999 -9999 -9999 -9999 -9999 -9999 -9999 -9999 -9999 -9999 -9999 -9999 -9999 -9999 -9999 -9999 -9999 -9999 -9999 -9999 -9999 -9999 -9999 -9999 -9999 -9999 -9999 -9999 -9999 -9999 -9999 -9999 -9999 -9999 -9999 -9999 -9999 -9999 -9999 -9999 -9999 -9999 -9999 -9999 -9999 -9999 -9999 -9999
-9999 -9999 -9999 -9999 -9999 -9999 -0.116 -9999 -9999 -0.071 -0.056 -0.052 -0.048 -0.04 -0.033 -0.029 -0.027 -0.02 -0.014 -0.02 -0.028 -0.016 -0.003 0.001 0.004 0.016 -9999 -9999 -9999 -9999 -9999 -9999 -9999 -9999 -9999 -9999 -9999 -9999 -9999 -9999 -9999 -9999 -9999 -9999 -9999 -9999 -9999 -9999 -9999 -9999 -9999 -9999 -9999 -9999 -9999 -9999 -9999 -9999 -9999 -9999 -9999 -9999 -9999 -9999 -9999 -9999 -9999 -9999 -9999 -9999 -9999 -9999 -9999 -9999 -9999 -9999
-9999 -9999 -9999 -9999 -0.141 -0.122 -0.102 -0.091 -0.089 -0.071 -0.055 -0.047 -0.036 -0.03 -0.029 -0.025 -0.021 -0.015 -0.009 -0.01 -0.008 0.003 0.011 0.015 0.017 0.028 -9999 -9999 -9999 -9999 -9999 -9999 -9999 -9999 -9999 -9999 -9999 -9999 -9999 -9999 -9999 -9999 -9999 -9999 -9999 -9999 -9999 -9999 -9999 -9999 -9999 -9999 -9999 -9999 -9999 -9999 -9999 -9999 -9999 -9999 -9999 -9999 -9999 -9999 -9999 -9999 -9999 -9999 -9999 -9999 -9999 -9999 -9999 -9999 -9999 -9999
-9999 -9999 -9999 -9999 -0.129 -0.111 -9999 -0.088 -0.084 -0.065 -0.047 -0.036 -0.026 -0.023 -0.022 -0.017 -0.014 -0.007 -0.001 0.002 0.005 0.013 0.022 0.025 0.028 -9999 0.044 -9999 -9999 -9999 -9999 -9999 -9999 -9999 -9999 -9999 -9999 -9999 -9999 -9999 -9999 -9999 -9999 -9999 -9999 -9999 -9999 -9999 -9999 -9999 -9999 -9999 -9999 -9999 -9999 -9999 -9999 -9999 -9999 -9999 -9999 -9999 -9999 -9999 -9999 -9999 -9999 -9999 -9999 -9999 -9999 -9999 -9999 -9999 -9999 -9999
-9999 -9999 -9999 -9999 -9999 -0.106 -0.077 -0.073 -0.075 -0.052 -0.027 -0.016 -0.012 -0.012 -0.02 -0.013 -0.004 0.002 0.008 0.012 0.018 0.025 0.03 0.037 0.049 0.059 0.068 -9999 -9999 -9999 -9999 -9999 -9999 -9999 -9999 -9999 -9999 -9999 -9999 -9999 -9999 -9999 -9999 -9999 -9999 -9999 -9999 -9999 -9999 -9999 -9999 -9999 -9999 -9999 -9999 -9999 -9999 -9999 -9999 -9999 -9999 -9999 -9999 -9999 -9999 -9999 -9999 -9999 -9999 -9999 -9999 -9999 -9999 -9999 -9999 -9999
-9999 -9999 -9999 -9999 -9999 -9999 -0.066 -0.065 -0.065 -0.04 -0.015 -0.006 -0.001 -0.006 -0.014 -0.005 0.004 0.01 0.016 0.022 0.028 0.033 0.038 0.049 0.062 0.072 0.081 -9999 -9999 -9999 -9999 -9999 -9999 -9999 -9999 -9999 -9999 -9999 -9999 -9999 -9999 -9999 -9999 -9999 -9999 -9999 -9999 -9999 -9999 -9999 -9999 -9999 -9999 -9999 -9999 -9999 -9999 -9999 -9999 -9999 -9999 -9999 -9999 -9999 -9999 -9999 -9999 -9999 -9999 -9999 -9999 -9999 -9999 -9999 -9999 -9999
-9999 -9999 -9999 -9999 -0.113 -0.086 -0.058 -0.052 -0.046 -0.023 -0.004 0.004 0.007 0.0 -0.011 -0.005 -0.003 0.006 0.023 0.03 0.038 0.044 0.05 0.062 -9999 0.085 -9999 -9999 -9999 -9999 -9999 -9999 0.078 0.065 0.057 -9999 -9999 -9999 -9999 -9999 -9999 -9999 -9999 -9999 -9999 -9999 -9999 -9999 -9999 -9999 -9999 -9999 -9999 -9999 -9999 -9999 -9999 -9999 -9999 -9999 -9999 -9999 -9999 -9999 -9999 -9999 -9999 -9999 -9999 -9999 -9999 -9999 -9999 -9999 -9999 -9999
-9999 -9999 -9999 -9999 -9999 -0.079 -0.054 -0.043 -0.035 -0.016 0.002 0.009 0.012 0.006 -0.005 -0.003 -0.001 0.013 0.029 0.037 0.045 0.052 0.058 0.072 0.086 -9999 -9999 -9999 -9999 0.083 0.082 0.084 0.088 0.077 0.066 0.062 0.058 0.042 0.025 0.036 0.047 0.023 0.002 -0.004 -0.01 -0.006 -0.002 0.002 0.006 0.005 -0.003 -9999 -9999 -9999 -9999 -9999 -9999 -9999 -9999 -9999 -9999 -9999 -9999 -9999 -9999 -9999 -9999 -9999 -9999 -9999 -9999 -9999 -9999 -9999 -9999 -9999
-9999 -9999 -9999 -0.121 -9999 -0.081 -0.066 -0.052 -0.035 -0.014 0.009 0.014 0.015 0.013 0.011 0.01 0.003 0.015 0.025 0.037 0.059 0.064 0.064 0.081 -9999 -9999 -9999 -9999 0.086 0.086 0.08 0.082 0.083 0.076 0.072 0.065 0.05 0.036 0.021 0.025 0.022 0.007 0.002 -0.002 -0.003 -0.001 -0.003 -0.002 -0.004 -0.004 0.002 -9999 -9999 -9999 -9999 -9999 -9999 -9999 -9999 -9999 -9999 -9999 -9999 -9999 -9999 -9999 -9999 -9999 -9999 -9999 -9999 -9999 -9999 -9999 -9999 -9999
-9999 -9999 -9999 -0.118 -0.103 -0.088 -0.069 -0.051 -0.034 -0.011 0.012 0.017 0.018 0.021 0.021 0.017 0.01 0.018 0.027 0.046 0.067 0.069 0.07 -9999 -9999 0.102 0.101 0.095 0.089 0.083 0.078 0.078 0.078 0.075 0.072 0.06 0.046 0.033 0.018 0.015 0.011 0.006 0.001 0.0 -0.0 -0.002 -0.003 -0.006 -0.008 -0.007 -0.004 -0.004 -9999 -9999 -9999 -9999 -9999 -9999 -9999 -9999 -9999 -9999 -9999 -9999 -9999 -9999 -9999 -9999 -9999 -9999 -9999 -9999 -9999 -9999 -9999 -9999
-9999 -0.13 -9999 -0.115 -0.103 -0.088 -0.077 -0.056 -0.029 -0.008 0.011 0.016 0.015 0.02 0.025 0.024 0.02 0.029 0.04 0.058 0.079 0.079 0.074 -9999 0.08 0.083 0.07 0.072 0.089 0.08 0.063 0.059 0.052 0.051 0.058 0.047 0.036 0.027 0.024 0.017 0.002 -0.001 0.002 -0.0 -0.005 -0.003 0.004 0.002 -0.003 -0.002 0.0 -0.001 -9999 -9999 -9999 -9999 -9999 -9999 -9999 -9999 -9999 -9999 -9999 -9999 -9999 -9999 -9999 -9999 -9999 -9999 -9999 -9999 -9999 -9999 -9999 -9999
-0.142 -9999 -9999 -9999 -0.101 -0.089 -0.079 -0.054 -0.027 -0.009 0.009 0.014 0.015 0.022 0.028 0.029 0.028 0.038 0.049 0.066 0.086 0.083 0.076 0.068 0.061 0.055 0.055 0.069 0.086 0.072 0.055 0.048 0.04 0.045 0.052 0.042 0.032 0.029 0.026 0.013 -0.002 -0.0 0.002 -0.002 -0.006 -0.0 0.007 0.003 -0.001 -0.0 0.001 -0.0 -9999 -9999 -9999 -9999 -9999 -9999 -9999 -9999 -9999 -9999 -9999 -9999 -9999 -9999 -9999 -9999 -9999 -9999 -9999 -9999 -9999 -9999 -9999 -9999
-9999 -9999 -9999 -9999 -0.105 -0.093 -0.078 -9999 -0.045 -0.026 -0.003 0.002 0.003 0.01 0.011 0.019 0.036 0.047 0.055 0.071 0.087 0.081 0.072 0.063 0.058 0.059 0.064 0.076 0.084 0.076 0.074 0.065 0.048 0.049 0.044 0.035 0.023 0.021 0.02 0.009 0.0 -0.001 -0.007 -0.009 -0.01 -0.006 -0.005 -0.008 -0.008 -0.007 -0.004 -0.003 -9999 -9999 -9999 -9999 -9999 -9999 -9999 -9999 -9999 -9999 -9999 -9999 -9999 -9999 -9999 -9999 -9999 -9999 -9999 -9999 -9999 -9999 -9999 -9999
-9999 -9999 -9999 -0.115 -9999 -9999 -0.077 -0.064 -0.052 -0.031 -0.008 -0.004 -0.003 0.003 0.006 0.023 0.041 0.051 0.06 0.074 0.087 0.079 0.066 0.061 0.056 0.06 0.065 0.072 0.08 0.08 0.079 0.065 0.049 0.045 0.04 0.03 0.019 0.018 0.017 0.009 0.0 -0.005 -0.01 -0.011 -0.011 -0.011 -0.01 -0.01 -0.01 -0.009 -0.005 -9999 -9999 -9999 -9999 -9999 -9999 -9999 -9999 -9999 -9999 -9999 -9999 -9999 -9999 -9999 -9999 -9999 -9999 -9999 -9999 -9999 -9999 -9999 -9999 -9999
-0.143 -0.125 -9999 -9999 -9999 -0.077 -0.065 -9999 -0.046 -0.031 -0.025 -0.015 0.004 0.01 0.007 0.024 0.04 0.051 0.062 0.069 0.068 0.059 0.056 0.056 0.067 0.066 0.054 0.06 0.067 0.071 0.082 0.066 0.043 0.04 0.042 0.027 0.003 -0.001 -0.005 -0.006 0.009 0.003 -0.007 -0.009 -0.016 -0.013 -0.005 -0.007 -0.012 -0.006 -9999 -9999 -9999 -9999 -9999 -9999 -9999 -9999 -9999 -9999 -9999 -9999 -9999 -9999 -9999 -9999 -9999 -9999 -9999 -9999 -9999 -9999 -9999 -9999 -9999 -9999
-0.141 -0.134 -9999 -0.105 -0.076 -0.066 -0.061 -0.052 -0.044 -0.037 -0.031 -0.013 0.006 0.008 0.008 0.025 0.041 0.051 0.059 0.059 0.054 0.053 0.05 0.058 0.069 0.059 0.047 0.053 0.06 0.069 0.079 0.061 0.039 0.039 0.041 0.02 -0.004 -0.009 -0.014 -0.003 0.012 0.004 -0.006 -0.012 -0.018 -0.012 -0.004 -0.008 -0.014 -0.005 -9999 -9999 -9999 -9999 -9999 -9999 -9999 -9999 -9999 -9999 -9999 -9999 -9999 -9999 -9999 -9999 -9999 -9999 -9999 -9999 -9999 -9999 -9999 -9999 -9999 -9999
-0.143 -0.134 -0.123 -0.102 -0.089 -9999 -0.08 -0.067 -0.048 -0.041 -0.036 -0.019 -0.003 0.004 0.017 0.038 0.058 0.059 0.045 0.046 0.054 0.054 0.057 0.066 0.073 0.065 0.057 0.06 0.06 0.063 0.058 0.052 0.068 0.059 0.027 0.012 0.004 0.0 -0.005 0.002 0.003 -0.004 -0.011 -0.017 -0.022 -0.016 -0.011 -0.012 -0.006 -9999 -9999 -9999 -9999 -9999 -9999 -9999 -9999 -9999 -9999 -9999 -9999 -9999 -9999 -9999 -9999 -9999 -9999 -9999 -9999 -9999 -9999 -9999 -9999 -9999 -9999 -9999
-9999 -9999 -0.12 -0.109 -9999 -0.091 -0.087 -0.068 -0.049 -0.043 -0.038 -0.023 -0.007 0.006 0.02 0.042 0.061 0.05 0.033 0.039 0.047 0.05 0.053 0.061 0.07 0.065 0.058 0.058 0.058 0.053 0.046 0.06 0.077 0.051 0.02 0.013 0.007 0.002 -0.002 -0.002 -0.001 -0.007 -0.014 -0.018 -0.023 -0.019 -0.014 -0.01 -0.009 -9999 -9999 -9999 -9999 -9999 -9999 -9999 -9999 -9999 -9999 -9999 -9999 -9999 -9999 -9999 -9999 -9999 -9999 -9999 -9999 -9999 -9999 -9999 -9999 -9999 -9999 -9999
-9999 -0.129 -0.123 -9999 -0.102 -0.095 -9999 -0.075 -0.055 -0.048 -0.044 -0.029 -0.011 0.004 0.022 0.034 0.032 0.028 0.036 0.041 0.043 0.044 0.043 0.046 0.045 0.044 0.051 0.058 0.078 0.076 0.076 0.075 0.046 0.027 0.015 0.008 -0.001 0.008 0.042 0.036 0.013 0.009 0.004 -0.001 -0.011 -0.011 -0.018 -0.018 -0.025 -9999 -9999 -9999 -9999 -9999 -9999 -9999 -9999 -9999 -9999 -9999 -9999 -9999 -9999 -9999 -9999 -9999 -9999 -9999 -9999 -9999 -9999 -9999 -9999 -9999 -9999 -9999
-9999 -0.13 -9999 -9999 -0.106 -0.1 -0.095 -0.076 -0.057 -0.051 -0.047 -0.031 -0.014 0.003 0.017 0.016 0.012 0.022 0.031 0.033 0.035 0.034 0.032 0.03 0.028 0.034 0.041 0.058 0.078 0.08 0.082 0.059 0.031 0.022 0.012 0.004 -0.004 0.023 0.056 0.038 0.017 0.012 0.008 -0.001 -0.011 -0.018 -0.025 -0.03 -0.036 -9999 -9999 -9999 -9999 -9999 -9999 -9999 -9999 -9999 -9999 -9999 -9999 -9999 -9999 -9999 -9999 -9999 -9999 -9999 -9999 -9999 -9999 -9999 -9999 -9999 -9999 -9999
-9999 -9999 -9999 -9999 -9999 -0.102 -0.077 -0.062 -0.053 -0.044 -0.033 -0.018 -0.007 0.004 0.005 0.004 0.003 0.015 0.03 0.026 0.012 0.009 0.005 0.006 0.014 0.022 0.037 0.048 0.049 0.048 0.045 0.028 0.02 0.014 0.008 -0.002 -0.019 0.001 0.021 0.006 -0.004 -0.008 -0.009 -0.014 -0.014 -0.024 -0.042 -0.042 -9999 -9999 -9999 -9999 -9999 -9999 -9999 -9999 -9999 -9999 -9999 -9999 -9999 -9999 -9999 -9999 -9999 -9999 -9999 -9999 -9999 -9999 -9999 -9999 -9999 -9999 -9999 -9999
-9999 -9999 -9999 -0.126 -0.119 -9999 -0.071 -0.061 -0.052 -0.04 -0.03 -0.019 -0.011 -0.007 -0.005 -0.005 -0.007 0.009 0.024 0.012 -0.002 -0.006 -0.01 -0.004 0.003 0.016 0.03 0.031 0.032 0.028 0.024 0.018 0.011 0.007 0.001 -0.013 -0.029 -0.015 0.002 -0.007 -0.017 -0.019 -0.02 -0.02 -0.02 -0.035 -0.053 -0.048 -9999 -9999 -9999 -9999 -9999 -9999 -9999 -9999 -9999 -9999 -9999 -9999 -9999 -9999 -9999 -9999 -9999 -9999 -9999 -9999 -9999 -9999 -9999 -9999 -9999 -9999 -9999 -9999
-9999 -9999 -0.125 -0.119 -0.099 -0.08 -0.072 -0.064 -0.059 -0.047 -0.03 -0.022 -0.017 -0.016 -0.021 -0.018 -0.009 0.002 0.005 -0.005 -0.014 -0.019 -0.025 -0.02 -0.012 -0.003 0.007 0.007 0.009 0.005 0.003 -0.005 -0.017 -0.021 -0.022 -0.027 -0.018 -0.018 -0.041 -0.048 -0.045 -0.044 -0.032 -0.032 -0.032 -0.047 -0.065 -9999 -9999 -9999 -9999 -9999 -9999 -9999 -9999 -9999 -9999 -9999 -9999 -9999 -9999 -9999 -9999 -9999 -9999 -9999 -9999 -9999 -9999 -9999 -9999 -9999 -9999 -9999 -9999 -9999
-9999 -9999 -0.118 -9999 -0.093 -0.083 -0.076 -0.07 -0.067 -0.051 -0.035 -0.028 -0.025 -0.028 -0.032 -0.024 -0.014 -0.01 -0.007 -0.014 -0.023 -0.029 -0.035 -0.03 -0.023 -0.015 -0.007 -0.006 -0.005 -0.007 -0.01 -0.02 -0.032 -0.034 -0.036 -0.028 -0.018 -0.038 -0.062 -0.061 -0.06 -0.052 -0.041 -0.041 -0.042 -0.057 -0.075 -9999 -9999 -9999 -9999 -9999 -9999 -9999 -9999 -9999 -9999 -9999 -9999 -9999 -9999 -9999 -9999 -9999 -9999 -9999 -9999 -9999 -9999 -9999 -9999 -9999 -9999 -9999 -9999 -9999
-9999 -9999 -9999 -9999 -0.112 -0.102 -0.088 -0.08 -0.066 -0.051 -0.034 -0.03 -0.034 -0.037 -0.042 -0.03 -0.013 -0.011 -0.014 -0.019 -0.024 -0.028 -0.032 -0.027 -0.024 -0.022 -0.026 -0.024 -0.017 -0.019 -0.022 -0.025 -0.019 -0.021 -0.027 -0.026 -0.037 -0.053 -0.062 -0.06 -0.054 -0.051 -0.055 -0.058 -0.063 -0.074 -0.077 -9999 -9999 -9999 -9999 -9999 -9999 -9999 -9999 -9999 -9999 -9999 -9999 -9999 -9999 -9999 -9999 -9999 -9999 -9999 -9999 -9999 -9999 -9999 -9999 -9999 -9999 -9999 -9999 -9999
-9999 -9999 -0.121 -0.123 -0.122 -0.109 -0.096 -0.083 -0.07 -0.054 -0.037 -9999 -0.042 -0.045 -0.049 -0.034 -0.017 -0.019 -0.022 -0.024 -0.029 -0.031 -0.034 -0.032 -0.029 -0.033 -0.038 -0.032 -0.025 -0.028 -0.031 -0.025 -0.019 -0.023 -0.028 -0.038 -0.05 -0.058 -0.067 -0.062 -0.056 -0.061 -0.065 -0.071 -0.077 -0.08 -0.081 -9999 -9999 -9999 -9999 -9999 -9999 -9999 -9999 -9999 -9999 -9999 -9999 -9999 -9999 -9999 -9999 -9999 -9999 -9999 -9999 -9999 -9999 -9999 -9999 -9999 -9999 -9999 -9999 -9999
-0.123 -0.124 -9999 -0.121 -0.116 -0.104 -0.099 -0.084 -0.065 -0.049 -9999 -0.035 -0.046 -0.046 -0.046 -0.035 -0.03 -0.028 -0.021 -0.017 -0.008 -0.015 -0.036 -0.036 -0.04 -0.045 -0.05 -0.043 -0.03 -0.033 -0.037 -0.035 -0.036 -0.042 -0.051 -0.059 -0.062 -0.068 -0.068 -0.065 -0.065 -0.068 -0.071 -0.082 -0.104 -0.093 -9999 -9999 -9999 -9999 -9999 -9999 -9999 -9999 -9999 -9999 -9999 -9999 -9999 -9999 -9999 -9999 -9999 -9999 -9999 -9999 -9999 -9999 -9999 -9999 -9999 -9999 -9999 -9999 -9999 -9999
-0.123 -0.121 -0.121 -9999 -0.115 -0.108 -0.102 -0.085 -0.067 -0.051 -0.035 -0.041 -0.051 -0.049 -0.049 -0.044 -0.039 -0.032 -0.025 -0.014 -0.004 -0.021 -0.041 -0.044 -0.049 -0.053 -0.059 -0.048 -0.036 -0.04 -0.044 -0.045 -0.047 -0.055 -0.065 -0.068 -0.072 -0.073 -0.074 -0.074 -0.073 -0.076 -0.078 -0.097 -9999 -9999 -9999 -9999 -9999 -9999 -9999 -9999 -9999 -9999 -9999 -9999 -9999 -9999 -9999 -9999 -9999 -9999 -9999 -9999 -9999 -9999 -9999 -9999 -9999 -9999 -9999 -9999 -9999 -9999 -9999 -9999
-9999 -0.129 -9999 -0.121 -0.109 -0.098 -0.074 -0.062 -9999 -9999 -0.044 -0.05 -0.058 -0.056 -0.055 -0.052 -0.053 -0.045 -0.035 -0.029 -0.03 -0.043 -0.05 -0.051 -0.049 -0.054 -0.061 -0.051 -0.038 -0.044 -0.056 -0.054 -0.046 -0.06 -0.085 -0.088 -0.091 -0.094 -0.099 -0.097 -0.09 -0.09 -0.084 -9999 -9999 -9999 -9999 -9999 -9999 -9999 -9999 -9999 -9999 -9999 -9999 -9999 -9999 -9999 -9999 -9999 -9999 -9999 -9999 -9999 -9999 -9999 -9999 -9999 -9999 -9999 -9999 -9999 -9999 -9999 -9999 -9999
-9999 -0.13 -0.126 -0.118 -0.108 -0.088 -0.066 -9999 -9999 -0.06 -0.052 -0.057 -0.064 -0.062 -0.062 -0.061 -0.062 -0.053 -0.043 -0.043 -0.044 -0.05 -0.057 -0.055 -0.052 -0.058 -0.065 -0.055 -0.043 -0.053 -0.065 -0.059 -0.051 -0.072 -0.096 -0.1 -0.103 -0.108 -0.113 -0.108 -0.102 -0.097 -0.091 -0.105 -9999 -9999 -9999 -9999 -9999 -9999 -9999 -9999 -9999 -9999 -9999 -9999 -9999 -9999 -9999 -9999 -9999 -9999 -9999 -9999 -9999 -9999 -9999 -9999 -9999 -9999 -9999 -9999 -9999 -9999 -9999 -9999
-0.132 -0.131 -0.136 -0.125 -0.106 -0.095 -9999 -9999 -0.078 -0.07 -0.063 -0.07 -0.084 -0.076 -0.055 -0.057 -0.066 -0.058 -0.049 -0.05 -0.055 -0.056 -0.047 -0.049 -0.058 -0.065 -0.076 -0.072 -0.075 -0.082 -0.083 -0.08 -0.078 -0.093 -0.1 -0.107 -0.118 -0.12 -0.113 -0.108 -0.103 -0.102 -0.105 -9999 -9999 -9999 -9999 -9999 -9999 -9999 -9999 -9999 -9999 -9999 -9999 -9999 -9999 -9999 -9999 -9999 -9999 -9999 -9999 -9999 -9999 -9999 -9999 -9999 -9999 -9999 -9999 -9999 -9999 -9999 -9999 -9999
-0.13 -9999 -9999 -0.124 -0.106 -9999 -9999 -9999 -0.088 -0.08 -0.071 -0.081 -0.094 -0.076 -0.056 -0.062 -0.071 -0.063 -0.054 -0.058 -0.063 -0.056 -0.047 -0.055 -0.063 -0.072 -0.083 -0.086 -0.09 -0.092 -0.093 -0.093 -0.092 -0.098 -0.105 -0.115 -0.127 -0.123 -0.116 -0.112 -0.107 -0.111 -0.114 -9999 -9999 -9999 -9999 -9999 -9999 -9999 -9999 -9999 -9999 -9999 -9999 -9999 -9999 -9999 -9999 -9999 -9999 -9999 -9999 -9999 -9999 -9999 -9999 -9999 -9999 -9999 -9999 -9999 -9999 -9999 -9999 -9999
-0.131 -0.133 -0.133 -9999 -9999 -9999 -9999 -0.098 -0.092 -0.087 -0.087 -0.091 -0.086 -0.078 -0.089 -0.091 -0.086 -0.078 -0.067 -0.072 -0.082 -0.074 -0.059 -0.066 -0.072 -0.082 -0.096 -0.097 -0.093 -0.096 -0.102 -0.103 -0.104 -0.107 -0.106 -0.117 -0.133 -0.131 -0.13 -0.121 -0.1 -0.109 -9999 -9999 -9999 -9999 -9999 -9999 -9999 -9999 -9999 -9999 -9999 -9999 -9999 -9999 -9999 -9999 -9999 -9999 -9999 -9999 -9999 -9999 -9999 -9999 -9999 -9999 -9999 -9999 -9999 -9999 -9999 -9999 -9999 -9999
