Validation/Results/raw data/ReClimate_02_2024_1.asc
NCOLS 192
NROWS 249
XLLCENTER -225160.85627316462
YLLCENTER 29788.11610251502
CELLSIZE 5000.0
NODATA_VALUE -9999
[rows 136 to 169 of 249, columns 75 to 149 of 192]
96.259 -9999 -9999 -9999 -9999 -9999 -9999 -9999 -9999 -9999 95.447 -9999 95.311 95.128 95.155 95.16 95.392 95.739 95.574 95.027 94.92 94.877 95.282 95.981 96.186 96.435 96.564 96.737 96.621 96.62 -9999 -9999 -9999 -9999 -9999 -9999 97.544 97.574 97.893 98.43 98.631 98.857 99.062 99.212 99.341 99.46 99.57 99.673 99.77 99.861 99.947 100.026 100.102 100.174 100.242 100.307 100.369 100.421 100.417 -9999 -9999 -9999 -9999 -9999 -9999 -9999 -9999 -9999 -9999 -9999 -9999 -9999 -9999 -9999 -9999
96.332 96.276 -9999 -9999 -9999 -9999 -9999 -9999 -9999 -9999 95.534 95.522 95.453 95.507 95.498 95.445 95.601 95.522 95.285 95.432 95.473 95.608 96.009 96.071 96.312 96.584 96.727 96.901 96.969 97.085 -9999 -9999 -9999 -9999 96.48 97.078 97.785 97.989 98.403 98.703 98.909 99.115 99.267 99.394 99.511 99.62 99.721 99.816 99.906 99.991 100.07 100.145 100.217 100.285 100.349 100.41 100.468 100.52 100.561 -9999 -9999 -9999 -9999 -9999 -9999 -9999 -9999 -9999 -9999 -9999 -9999 -9999 -9999 -9999 -9999
96.409 96.352 96.295 -9999 -9999 -9999 -9999 -9999 -9999 -9999 95.646 95.635 95.576 -9999 -9999 95.591 95.501 95.35 95.593 -9999 95.351 95.107 95.324 95.798 96.162 96.744 96.895 97.068 -9999 -9999 -9999 -9999 -9999 96.985 97.773 97.937 98.166 98.408 98.689 98.975 99.171 99.322 99.449 99.564 99.671 99.77 99.863 99.951 100.035 100.114 100.188 100.258 100.326 100.39 100.45 100.508 100.563 100.616 100.666 -9999 -9999 -9999 -9999 -9999 -9999 -9999 -9999 -9999 -9999 -9999 -9999 -9999 -9999 -9999 -9999
96.143 96.43 96.369 -9999 -9999 -9999 -9999 -9999 -9999 -9999 -9999 95.718 95.588 -9999 -9999 -9999 95.705 95.832 96.131 96.295 -9999 -9999 95.971 96.447 96.742 96.7 96.851 -9999 -9999 -9999 -9999 -9999 97.943 98.017 98.032 97.786 97.905 97.805 98.082 98.605 99.378 99.506 99.62 99.724 99.821 99.912 99.998 100.079 100.157 100.23 100.299 100.366 100.429 100.489 100.547 100.601 100.653 100.703 100.753 -9999 -9999 -9999 -9999 -9999 -9999 -9999 -9999 -9999 -9999 -9999 -9999 -9999 -9999 -9999 -9999
95.254 96.476 -9999 -9999 -9999 -9999 -9999 -9999 -9999 -9999 -9999 -9999 95.813 -9999 -9999 -9999 -9999 96.016 96.192 96.445 -9999 -9999 -9999 96.529 96.077 -9999 -9999 -9999 -9999 -9999 -9999 -9999 98.076 98.334 98.209 98.128 98.155 98.412 98.97 99.43 99.563 99.679 99.781 99.875 99.963 100.047 100.126 100.202 100.274 100.343 100.408 100.469 100.529 100.585 100.639 100.69 100.739 100.788 100.836 -9999 -9999 -9999 -9999 -9999 -9999 -9999 -9999 -9999 -9999 -9999 -9999 -9999 -9999 -9999 -9999
96.528 -9999 -9999 -9999 -9999 -9999 -9999 -9999 -9999 -9999 -9999 -9999 95.874 -9999 -9999 -9999 -9999 -9999 96.231 96.374 -9999 -9999 -9999 -9999 -9999 -9999 -9999 -9999 -9999 -9999 -9999 -9999 98.284 97.463 97.529 97.746 98.204 99.358 99.484 99.615 99.738 99.842 99.933 100.018 100.099 100.176 100.249 100.32 100.387 100.452 100.512 100.57 100.626 100.679 100.729 100.778 100.824 100.871 100.917 100.977 -9999 -9999 -9999 -9999 -9999 -9999 -9999 -9999 -9999 -9999 -9999 -9999 -9999 -9999 -9999
-9999 96.543 96.532 96.512 96.501 -9999 -9999 -9999 -9999 -9999 -9999 -9999 95.896 -9999 -9999 -9999 -9999 -9999 -9999 -9999 -9999 -9999 -9999 -9999 -9999 -9999 -9999 -9999 -9999 -9999 -9999 98.187 97.878 97.697 98.106 98.832 99.406 99.533 99.658 99.787 99.903 99.995 100.077 100.155 100.231 100.303 100.371 100.437 100.5 100.561 100.624 100.686 100.745 100.799 100.85 100.898 100.943 100.988 101.032 101.074 101.12 -9999 -9999 -9999 -9999 -9999 -9999 -9999 -9999 -9999 -9999 -9999 -9999 -9999 -9999
96.579 96.568 96.557 96.547 96.536 -9999 -9999 -9999 -9999 -9999 -9999 -9999 -9999 -9999 -9999 -9999 -9999 -9999 -9999 -9999 -9999 -9999 -9999 -9999 -9999 -9999 -9999 -9999 -9999 -9999 98.044 98.18 98.321 98.859 99.306 99.445 99.575 99.698 99.821 99.947 100.055 100.142 100.22 100.294 100.364 100.431 100.497 100.566 100.637 100.704 100.769 100.828 100.885 100.937 100.986 101.032 101.076 101.119 101.16 101.2 101.239 -9999 -9999 -9999 -9999 -9999 -9999 -9999 -9999 -9999 -9999 -9999 -9999 -9999 -9999
96.604 96.593 96.582 -9999 96.561 96.019 -9999 -9999 -9999 -9999 -9999 -9999 -9999 -9999 -9999 -9999 -9999 -9999 -9999 -9999 -9999 -9999 -9999 -9999 -9999 -9999 -9999 -9999 -9999 -9999 98.786 98.817 99.18 99.337 99.48 99.615 99.746 99.867 99.986 100.101 100.199 100.283 100.358 100.427 100.497 100.574 100.652 100.727 100.797 100.862 100.922 100.977 101.03 101.078 101.124 101.168 101.209 101.25 101.289 101.327 101.351 101.348 101.308 -9999 -9999 -9999 -9999 -9999 -9999 -9999 -9999 -9999 -9999 -9999 -9999
96.629 96.618 96.607 -9999 -9999 95.764 -9999 -9999 -9999 -9999 -9999 -9999 -9999 -9999 -9999 -9999 -9999 -9999 -9999 -9999 -9999 -9999 -9999 -9999 -9999 -9999 -9999 -9999 -9999 -9999 98.905 99.197 99.364 99.518 99.664 99.799 99.923 100.037 100.146 100.249 100.34 100.419 100.494 100.577 100.663 100.744 100.82 100.89 100.955 101.015 101.07 101.123 101.172 101.217 101.261 101.302 101.341 101.38 101.417 101.452 101.455 101.433 101.396 101.357 101.319 101.246 -9999 -9999 -9999 -9999 -9999 -9999 -9999 -9999 -9999
96.653 96.642 96.632 96.621 -9999 96.109 -9999 -9999 -9999 -9999 -9999 -9999 -9999 -9999 -9999 -9999 -9999 -9999 -9999 -9999 -9999 -9999 -9999 -9999 -9999 -9999 -9999 -9999 -9999 97.781 99.106 99.389 99.561 99.717 99.856 99.982 100.096 100.202 100.302 100.396 100.481 100.568 100.664 100.754 100.836 100.912 100.982 101.047 101.108 101.165 101.217 101.266 101.312 101.355 101.396 101.435 101.472 101.509 101.544 101.556 101.546 101.513 101.476 101.435 101.4 101.365 101.323 101.271 -9999 -9999 -9999 -9999 -9999 -9999 -9999
96.647 96.552 96.58 -9999 96.72 -9999 -9999 -9999 -9999 -9999 -9999 -9999 -9999 -9999 -9999 -9999 -9999 -9999 -9999 -9999 -9999 -9999 -9999 -9999 -9999 -9999 -9999 -9999 -9999 -9999 98.676 99.606 99.77 99.915 100.043 100.16 100.266 100.365 100.458 100.549 100.651 100.754 100.846 100.929 101.006 101.076 101.142 101.202 101.259 101.312 101.361 101.407 101.451 101.492 101.531 101.568 101.603 101.638 101.656 101.652 101.632 101.613 101.592 101.566 101.534 101.501 101.463 101.427 101.414 -9999 -9999 -9999 -9999 -9999 -9999
96.662 96.676 96.759 96.802 96.846 -9999 -9999 -9999 -9999 -9999 -9999 -9999 -9999 -9999 -9999 -9999 -9999 -9999 -9999 -9999 -9999 -9999 -9999 -9999 -9999 -9999 -9999 -9999 -9999 -9999 -9999 98.409 98.934 100.109 100.227 100.336 100.435 100.528 100.623 100.741 100.847 100.94 101.025 101.102 101.172 101.238 101.299 101.356 101.409 101.459 101.506 101.549 101.59 101.629 101.666 101.702 101.736 101.76 101.773 101.771 101.759 101.747 101.733 101.714 101.69 101.66 101.625 101.588 101.557 101.568 -9999 -9999 -9999 -9999 -9999
96.783 96.829 96.875 96.922 -9999 -9999 -9999 -9999 -9999 -9999 -9999 -9999 -9999 -9999 -9999 -9999 -9999 -9999 -9999 -9999 -9999 -9999 -9999 -9999 -9999 -9999 -9999 -9999 -9999 -9999 -9999 97.953 98.412 98.033 98.744 100.511 100.606 100.707 100.836 100.945 101.04 101.125 101.202 101.273 101.338 101.399 101.456 101.509 101.559 101.606 101.65 101.691 101.73 101.768 101.803 101.839 101.879 101.903 101.908 101.907 101.902 101.894 101.88 101.863 101.842 101.818 101.789 101.758 101.729 101.703 101.719 -9999 -9999 -9999 -9999
96.891 96.94 96.991 97.054 -9999 -9999 -9999 -9999 -9999 -9999 -9999 -9999 -9999 -9999 -9999 -9999 -9999 -9999 -9999 -9999 -9999 -9999 -9999 -9999 -9999 -9999 -9999 -9999 -9999 -9999 -9999 -9999 97.83 96.437 97.524 98.657 100.795 100.931 101.05 101.149 101.233 101.309 101.379 101.443 101.503 101.56 101.612 101.662 101.709 101.754 101.795 101.835 101.872 101.908 101.956 102.003 102.03 102.047 102.05 102.05 102.046 102.038 102.026 102.012 101.994 101.974 101.952 101.929 101.906 101.881 101.854 -9999 -9999 -9999 -9999
-9999 -9999 -9999 -9999 -9999 -9999 -9999 -9999 -9999 -9999 -9999 -9999 -9999 -9999 -9999 -9999 -9999 -9999 -9999 -9999 -9999 -9999 -9999 -9999 -9999 -9999 -9999 -9999 -9999 -9999 -9999 -9999 98.255 98.261 98.815 100.808 100.973 101.152 101.262 101.353 101.427 101.494 101.556 101.614 101.669 101.721 101.77 101.817 101.861 101.903 101.942 101.98 102.022 102.078 102.125 102.16 102.18 102.187 102.19 102.19 102.187 102.18 102.171 102.159 102.145 102.129 102.113 102.097 102.082 102.06 102.034 102.006 -9999 -9999 -9999
-9999 -9999 -9999 -9999 -9999 -9999 -9999 -9999 -9999 -9999 -9999 -9999 -9999 -9999 -9999 -9999 -9999 -9999 -9999 -9999 -9999 -9999 -9999 -9999 -9999 -9999 -9999 -9999 -9999 -9999 -9999 -9999 -9999 98.66 99.456 100.328 100.178 99.936 101.475 101.558 101.621 101.68 101.735 101.787 101.836 101.884 101.929 101.973 102.014 102.054 102.092 102.141 102.202 102.249 102.285 102.306 102.317 102.324 102.328 102.329 102.327 102.322 102.315 102.306 102.295 102.284 102.273 102.262 102.253 102.238 102.214 102.187 -9999 -9999 -9999
-9999 -9999 -9999 -9999 -9999 -9999 -9999 -9999 -9999 -9999 -9999 -9999 -9999 -9999 -9999 -9999 -9999 -9999 -9999 -9999 -9999 -9999 -9999 -9999 -9999 -9999 -9999 -9999 -9999 -9999 -9999 -9999 -9999 99.069 -9999 100.503 100.225 101.236 101.437 -9999 101.818 101.868 101.915 101.961 102.006 102.049 102.091 102.131 102.17 102.208 102.262 102.322 102.368 102.405 102.427 102.442 102.453 102.461 102.465 102.467 102.466 102.463 102.458 102.452 102.445 102.438 102.432 102.426 102.42 102.41 102.392 102.369 102.344 -9999 -9999
-9999 -9999 -9999 -9999 -9999 -9999 -9999 -9999 -9999 -9999 -9999 -9999 -9999 -9999 -9999 -9999 -9999 -9999 -9999 -9999 -9999 -9999 -9999 -9999 -9999 -9999 -9999 -9999 -9999 -9999 -9999 -9999 -9999 -9999 100.652 100.395 -9999 -9999 -9999 -9999 102.009 102.059 102.099 102.138 102.177 102.216 102.254 102.292 102.329 102.373 102.443 102.481 102.519 102.544 102.567 102.587 102.603 102.614 102.622 102.626 102.627 102.626 102.623 102.618 102.611 102.604 102.596 102.591 102.585 102.577 102.568 102.552 102.529 102.505 102.477
-9999 -9999 -9999 -9999 -9999 -9999 -9999 -9999 -9999 -9999 -9999 -9999 -9999 -9999 -9999 -9999 -9999 -9999 -9999 -9999 -9999 -9999 -9999 -9999 -9999 -9999 -9999 -9999 -9999 -9999 -9999 -9999 -9999 -9999 100.442 100.891 -9999 -9999 -9999 -9999 102.187 102.238 102.27 102.304 102.339 102.375 102.413 102.451 102.492 102.55 102.592 102.636 102.672 102.703 102.728 102.75 102.768 102.781 102.79 102.797 102.801 102.802 102.802 102.8 102.797 102.793 102.789 102.783 102.772 102.756 102.741 102.732 102.716 102.695 102.672
-9999 -9999 -9999 -9999 -9999 -9999 -9999 -9999 -9999 -9999 -9999 -9999 -9999 -9999 -9999 -9999 -9999 -9999 -9999 -9999 -9999 -9999 -9999 -9999 -9999 -9999 -9999 -9999 -9999 -9999 -9999 -9999 -9999 -9999 100.579 -9999 -9999 -9999 -9999 101.668 102.363 102.402 102.43 102.458 102.489 102.523 102.552 102.572 102.623 102.683 102.739 102.794 102.835 102.868 102.895 102.917 102.934 102.948 102.958 102.966 102.972 102.977 102.98 102.982 102.983 102.985 102.987 102.983 102.973 102.959 102.944 102.929 102.912 102.898 -9999
-9999 -9999 -9999 -9999 -9999 -9999 -9999 -9999 -9999 -9999 -9999 -9999 -9999 -9999 -9999 -9999 -9999 -9999 -9999 -9999 -9999 -9999 -9999 -9999 -9999 -9999 -9999 -9999 -9999 -9999 -9999 -9999 -9999 -9999 -9999 -9999 -9999 -9999 -9999 100.686 101.22 102.552 102.584 102.601 102.607 102.616 102.628 102.682 102.754 102.819 102.879 102.934 102.983 103.024 103.057 103.08 103.097 103.111 103.123 103.132 103.141 103.148 103.155 103.161 103.167 103.174 103.179 103.177 103.169 103.161 103.153 103.145 103.136 103.129 -9999
-9999 -9999 -9999 -9999 -9999 -9999 -9999 -9999 -9999 -9999 -9999 -9999 -9999 -9999 -9999 -9999 -9999 -9999 -9999 -9999 -9999 -9999 -9999 -9999 -9999 -9999 -9999 -9999 -9999 -9999 -9999 -9999 -9999 -9999 -9999 -9999 -9999 -9999 -9999 99.676 100.991 102.645 102.663 102.664 102.665 102.683 102.735 102.81 102.88 102.944 103.004 103.06 103.111 103.156 103.197 103.23 103.255 103.271 103.284 103.295 103.306 103.317 103.327 103.338 103.349 103.361 103.366 103.365 103.362 103.359 103.357 103.356 103.355 103.357 -9999
-9999 -9999 -9999 -9999 -9999 -9999 -9999 -9999 -9999 -9999 -9999 -9999 -9999 -9999 -9999 -9999 -9999 -9999 -9999 -9999 -9999 -9999 -9999 -9999 -9999 -9999 -9999 -9999 -9999 -9999 -9999 -9999 -9999 -9999 -9999 -9999 -9999 -9999 100.198 99.882 100.802 101.346 102.694 102.714 102.738 102.777 102.854 102.927 102.995 103.06 103.121 103.178 103.231 103.278 103.319 103.356 103.391 103.422 103.441 103.455 103.469 103.483 103.497 103.512 103.528 103.541 103.548 103.549 103.551 103.554 103.558 103.563 103.57 103.58 103.586
-9999 -9999 -9999 -9999 -9999 -9999 -9999 -9999 -9999 -9999 -9999 -9999 -9999 -9999 -9999 -9999 -9999 -9999 -9999 -9999 -9999 -9999 -9999 -9999 -9999 -9999 -9999 -9999 -9999 -9999 -9999 -9999 -9999 -9999 -9999 -9999 -9999 -9999 100.743 99.872 99.884 101.028 102.737 102.782 102.821 102.888 102.963 103.034 103.102 103.167 103.229 103.289 103.345 103.394 103.436 103.474 103.509 103.546 103.583 103.61 103.63 103.647 103.666 103.686 103.704 103.716 103.723 103.729 103.736 103.745 103.755 103.768 103.782 103.799 103.812
-9999 -9999 -9999 -9999 -9999 -9999 -9999 -9999 -9999 -9999 -9999 -9999 -9999 -9999 -9999 -9999 -9999 -9999 -9999 -9999 -9999 -9999 -9999 -9999 -9999 -9999 -9999 -9999 -9999 -9999 -9999 -9999 -9999 -9999 -9999 -9999 -9999 101.479 100.773 100.049 100.313 102.094 102.338 102.848 102.913 102.99 103.063 103.133 103.2 103.265 103.328 103.391 103.451 103.504 103.546 103.583 103.621 103.66 103.701 103.745 103.784 103.81 103.833 103.857 103.874 103.886 103.896 103.907 103.92 103.934 103.951 103.971 103.993 104.019 104.049
-9999 -9999 -9999 -9999 -9999 -9999 -9999 -9999 -9999 -9999 -9999 -9999 -9999 -9999 -9999 -9999 -9999 -9999 -9999 -9999 -9999 -9999 -9999 -9999 -9999 -9999 -9999 -9999 -9999 -9999 -9999 -9999 -9999 -9999 -9999 -9999 -9999 101.399 100.778 100.082 100.836 101.566 102.138 102.913 103.002 103.084 103.155 103.223 103.289 103.354 103.418 103.482 103.544 103.6 103.645 103.685 103.726 103.769 103.814 103.862 103.914 103.966 104.001 104.022 104.039 104.052 104.067 104.084 104.102 104.123 104.146 104.173 104.203 104.239 104.28
-9999 -9999 -9999 -9999 -9999 -9999 -9999 -9999 -9999 -9999 -9999 -9999 -9999 -9999 -9999 -9999 -9999 -9999 -9999 -9999 -9999 -9999 -9999 -9999 -9999 -9999 -9999 -9999 -9999 -9999 -9999 -9999 -9999 -9999 -9999 -9999 -9999 101.391 101.103 101.315 101.627 101.38 102.111 102.974 103.084 103.17 103.239 103.306 103.372 103.436 103.501 103.564 103.625 103.683 103.733 103.779 103.825 103.873 103.924 103.977 104.034 104.095 104.152 104.182 104.199 104.217 104.237 104.259 104.283 104.31 104.341 104.375 104.414 104.458 104.511
-9999 -9999 -9999 -9999 -9999 -9999 -9999 -9999 -9999 -9999 -9999 -9999 -9999 -9999 -9999 -9999 -9999 -9999 -9999 -9999 -9999 -9999 -9999 -9999 -9999 -9999 -9999 -9999 -9999 -9999 -9999 -9999 -9999 -9999 -9999 -9999 -9999 -9999 101.578 101.746 101.339 100.52 101.515 103.03 103.158 103.246 103.316 103.382 103.447 103.512 103.577 103.64 103.702 103.761 103.816 103.868 103.921 103.974 104.03 104.089 104.152 104.212 104.272 104.328 104.358 104.381 104.407 104.435 104.465 104.499 104.536 -9999 104.625 -9999 104.724
-9999 -9999 -9999 -9999 -9999 -9999 -9999 -9999 -9999 -9999 -9999 -9999 -9999 -9999 -9999 -9999 -9999 -9999 -9999 -9999 -9999 -9999 -9999 -9999 -9999 -9999 -9999 -9999 -9999 -9999 -9999 -9999 -9999 -9999 -9999 -9999 -9999 101.555 101.686 101.898 101.294 100.765 101.953 103.075 103.207 103.313 103.388 103.453 103.518 103.583 103.648 103.713 103.776 103.838 103.898 103.956 104.014 104.074 104.135 104.199 104.26 104.321 104.381 104.446 104.508 104.546 104.577 104.611 104.648 104.689 104.733 104.783 104.837 104.884 -9999
-9999 -9999 -9999 -9999 -9999 -9999 -9999 -9999 -9999 -9999 -9999 -9999 -9999 -9999 -9999 -9999 -9999 -9999 -9999 -9999 -9999 -9999 -9999 -9999 -9999 -9999 -9999 -9999 -9999 -9999 -9999 -9999 -9999 -9999 -9999 -9999 -9999 101.663 101.838 101.968 101.728 101.922 102.955 103.104 103.245 103.364 103.454 103.519 103.584 103.65 103.718 103.784 103.85 103.915 103.98 104.043 104.107 104.172 104.238 104.3 104.362 104.423 104.488 104.559 104.635 104.704 104.749 104.789 104.833 104.881 104.934 104.982 105.027 105.074 105.12
-9999 -9999 -9999 -9999 -9999 -9999 -9999 -9999 -9999 -9999 -9999 -9999 -9999 -9999 -9999 -9999 -9999 -9999 -9999 -9999 -9999 -9999 -9999 -9999 -9999 -9999 -9999 -9999 -9999 -9999 -9999 -9999 -9999 -9999 -9999 -9999 101.333 101.173 101.248 101.193 101.399 102.255 102.981 103.129 103.269 103.4 103.506 103.58 103.647 103.715 103.784 103.854 103.924 103.993 104.062 104.131 104.201 104.268 104.332 104.395 104.457 104.523 104.594 104.671 104.754 104.846 104.919 104.97 105.021 105.07 105.115 105.162 105.206 105.252 105.305
-9999 -9999 -9999 -9999 -9999 -9999 -9999 -9999 -9999 -9999 -9999 -9999 -9999 -9999 -9999 -9999 -9999 -9999 -9999 -9999 -9999 -9999 -9999 -9999 -9999 -9999 -9999 -9999 -9999 -9999 -9999 -9999 -9999 -9999 -9999 -9999 100.728 100.807 100.827 100.904 101.306 102.263 102.991 103.14 103.284 103.422 103.537 103.63 103.706 103.777 103.849 103.924 103.997 104.071 104.146 104.22 104.289 104.355 104.42 104.484 104.551 104.623 104.7 104.783 104.873 104.973 105.08 105.147 105.192 105.238 105.283 105.328 105.375 105.428 105.487
-9999 -9999 -9999 -9999 -9999 -9999 -9999 -9999 -9999 -9999 -9999 -9999 -9999 -9999 -9999 -9999 -9999 -9999 -9999 -9999 -9999 -9999 -9999 -9999 -9999 -9999 -9999 -9999 -9999 -9999 -9999 -9999 -9999 -9999 -9999 -9999 -9999 101.435 101.493 101.488 101.93 102.812 102.979 103.137 103.282 103.421 103.549 103.658 103.754 103.838 103.915 103.994 104.072 104.151 104.226 104.298 104.37 104.437 104.504 104.573 104.645 104.722 104.805 104.895 104.989 105.088 105.194 105.293 105.348 105.394 105.441 105.49 105.543 105.6 105.665
