Validation/Results/raw data/ReClimate_06_2024_2_Precipitation-Actualsweatherlogisticsltd.asc
NCOLS 192
NROWS 249
XLLCENTER -225160.85627316462
YLLCENTER 29788.11610251502
CELLSIZE 5000.0
NODATA_VALUE -9999
[rows 198 to 230 of 249, columns 74 to 147 of 192]
-9999 -9999 -9999 -9999 -9999 -9999 -9999 -9999 -9999 -9999 -9999 -9999 -9999 -9999 -9999 -9999 -9999 -9999 149.274 148.83 149.776 129.233 129.023 131.51 139.067 170.941 172.673 185.258 184.141 162.029 133.801 112.417 105.473 105.642 115.176 122.992 102.562 88.738 80.8 75.592 78.052 81.737 77.704 81.08 80.632 73.542 71.576 68.447 66.062 69.518 68.892 71.003 66.857 64.482 65.487 67.133 65.586 64.392 61.662 67.107 67.496 65.756 67.34 65.663 61.945 60.416 55.631 56.435 54.955 54.007 51.909 48.706 50.708 51.289
-9999 -9999 -9999 -9999 -9999 -9999 -9999 -9999 -9999 -9999 -9999 -9999 -9999 -9999 -9999 91.983 115.161 134.421 140.78 150.799 147.106 142.115 128.564 118.78 159.141 173.781 188.953 178.904 180.85 153.554 132.89 128.457 107.668 100.268 127.345 104.197 85.298 72.633 72.699 77.192 87.976 73.997 75.233 75.005 79.007 80.186 75.351 72.931 67.147 65.262 65.758 70.084 72.961 64.024 61.893 64.172 66.183 65.719 68.683 64.955 63.614 62.905 63.816 62.853 59.924 55.019 52.168 52.57 53.315 50.919 49.562 47.238 47.347 48.05
-9999 -9999 -9999 -9999 -9999 -9999 -9999 -9999 -9999 -9999 -9999 -9999 -9999 126.13 114.593 111.117 116.681 121.516 133.396 145.161 151.226 143.733 139.125 164.742 156.443 172.489 179.426 162.487 163.004 152.21 160.848 135.25 118.109 114.24 102.074 87.445 71.04 83.489 83.01 74.774 72.186 68.552 69.384 73.378 77.624 78.76 77.854 70.319 64.694 64.873 65.112 70.179 71.872 66.102 66.6 64.26 61.429 61.238 61.191 64.25 60.865 73.171 71.436 62.636 59.621 56.589 50.667 50.508 51.567 48.259 46.34 45.57 47.611 48.963
-9999 -9999 -9999 -9999 -9999 -9999 -9999 -9999 -9999 129.59 135.131 132.156 129.181 152.304 132.746 135.854 136.673 135.888 148.612 158.121 163.484 172.4 190.619 164.629 155.617 170.397 160.185 156.9 155.324 166.031 153.316 145.799 142.14 113.44 100.781 86.603 98.843 95.871 82.994 90.562 74.987 71.832 67.14 73.67 82.375 78.32 79.201 75.239 65.293 66.19 69.513 69.615 69.64 70.543 65.301 64.855 60.427 57.967 60.954 59.607 57.459 60.607 65.5 57.761 55.705 54.218 50.348 50.519 49.678 48.751 48.256 47.515 46.578 46.777
-9999 -9999 -9999 -9999 -9999 -9999 -9999 -9999 121.789 132.61 135.198 141.805 179.848 196.384 184.309 171.646 163.403 183.709 189.275 174.426 177.321 195.796 189.697 174.137 168.066 150.065 142.918 142.209 144.354 145.669 138.919 140.869 117.788 101.416 108.912 126.609 144.595 108.313 93.254 79.245 77.961 73.804 79.663 74.063 70.657 70.377 73.335 68.725 67.957 67.765 70.878 68.397 72.462 74.012 72.51 63.964 61.695 66.33 63.231 58.922 56.176 56.899 59.213 54.483 54.414 51.403 50.828 50.158 49.189 49.846 48.287 45.063 46.777 46.345
-9999 -9999 -9999 -9999 -9999 -9999 -9999 114.943 125.827 133.082 138.204 158.892 187.663 185.2 172.924 165.645 181.581 191.961 183.119 174.312 183.77 201.164 192.5 167.517 147.439 131.578 142.944 153.07 149.144 144.172 130.097 120.566 101.917 106.112 109.11 150.588 138.024 119.106 87.993 86.605 84.354 84.933 76.312 71.669 70.618 66.623 66.805 70.188 65.959 62.598 72.348 69.589 70.367 74.483 70.707 65.43 60.477 63.546 67.906 62.871 57.545 57.192 54.17 52.772 51.986 50.842 49.816 52.166 50.711 49.155 50.355 46.187 45.673 47.858
-9999 -9999 -9999 -9999 -9999 106.156 -9999 111.971 117.289 126.135 138.903 150.152 154.429 162.003 146.544 158.576 164.609 170.925 162.682 166.607 177.716 176.488 155.177 147.181 146.761 165.005 181.154 207.267 224.298 180.276 166.278 157.508 158.75 134.5 111.403 122.317 154.465 109.069 83.821 95.673 96.499 85.03 72.319 70.456 79.319 74.804 73.952 67.922 64.502 73.719 72.262 77.877 79.383 68.242 63.882 62.428 58.773 59.524 63.722 63.033 58.19 52.984 50.596 47.898 48.059 50.012 49.613 49.063 49.426 46.719 46.539 46.404 44.712 45.971
-9999 -9999 -9999 -9999 -9999 -9999 -9999 -9999 -9999 131.668 132.836 133.769 147.699 140.628 148.786 151.193 157.226 153.395 147.956 161.417 159.783 162.819 157.571 164.97 167.395 190.937 213.978 242.415 236.647 229.66 209.72 222.402 213.387 141.154 130.926 129.854 103.931 105.485 104.125 82.377 83.204 79.278 84.578 88.919 91.572 80.039 72.385 67.65 71.412 71.652 77.684 87.203 82.093 74.555 62.825 60.778 59.958 63.509 62.547 59.902 56.017 51.664 48.271 48.721 48.323 47.403 49.005 46.851 45.626 46.408 47.815 49.102 47.429 43.623
-9999 -9999 -9999 -9999 -9999 -9999 -9999 -9999 -9999 127.709 130.072 132.031 134.646 147.421 157.107 160.198 151.339 141.1 149.445 152.9 164.741 168.861 166.463 168.029 169.413 184.131 199.247 210.915 211.444 206.889 203.267 219.629 181.836 169.545 142.196 112.381 122.48 137.42 100.277 96.728 96.502 100.157 94.897 99.743 93.432 88.112 70.658 71.525 75.43 88.204 88.996 82.62 75.827 72.87 66.23 63.469 61.315 59.825 61.183 57.934 53.719 51.7 49.113 49.014 49.686 49.328 47.805 45.809 44.446 45.568 50.639 48.491 46.763 46.18
-9999 -9999 -9999 -9999 -9999 -9999 -9999 116.171 120.825 116.429 108.975 -9999 137.547 150.474 148.216 139.103 134.507 133.363 -9999 144.174 153.311 160.588 177.82 167.625 190.072 195.75 204.34 207.494 199.478 176.289 187.369 171.217 158.267 149.954 146.076 131.198 142.947 128.474 104.947 104.421 92.502 93.684 102.483 100.56 97.177 82.602 73.551 72.324 78.591 82.634 81.992 76.186 76.561 68.869 66.346 63.895 61.844 57.9 56.298 55.398 57.056 54.036 51.989 48.684 46.23 45.702 46.038 46.054 46.491 48.996 49.645 50.119 45.661 45.667
-9999 -9999 -9999 -9999 -9999 -9999 -9999 117.295 -9999 -9999 -9999 128.661 135.437 136.295 -9999 -9999 -9999 -9999 -9999 135.865 142.909 161.919 152.729 164.33 177.021 182.442 194.58 195.514 187.878 234.595 230.019 185.416 154.911 153.942 157.129 151.19 141.235 112.631 109.568 96.816 92.573 101.292 96.808 95.281 87.339 80.538 78.586 77.097 83.89 80.252 80.991 72.148 69.787 68.53 64.126 60.585 57.974 56.521 54.451 52.49 52.945 54.348 51.235 50.415 46.262 45.072 45.383 45.494 47.966 49.872 50.114 48.359 43.307 42.698
-9999 -9999 -9999 -9999 -9999 -9999 -9999 -9999 -9999 124.978 127.819 126.945 125.521 130.076 -9999 -9999 -9999 -9999 -9999 -9999 -9999 -9999 143.674 160.716 159.175 157.804 174.37 189.036 240.214 266.922 257.402 220.045 182.525 163.746 156.601 144.188 143.621 136.313 106.771 103.006 119.407 111.683 101.548 82.152 82.783 86.289 83.972 88.799 83.424 80.343 75.651 69.68 64.974 63.485 62.195 59.387 55.0 54.524 51.324 48.103 48.613 49.283 49.154 48.972 48.819 46.437 48.534 47.681 49.614 51.727 48.867 45.829 43.685 39.922
-9999 -9999 -9999 -9999 -9999 -9999 -9999 -9999 -9999 -9999 127.547 -9999 -9999 -9999 -9999 -9999 -9999 -9999 -9999 -9999 139.068 140.456 150.282 151.284 140.61 146.066 160.693 198.35 235.319 262.497 261.23 219.635 178.772 167.855 160.624 147.214 146.007 122.402 108.834 106.192 112.697 108.189 89.101 -9999 87.431 86.793 85.765 93.973 85.071 77.376 72.057 66.906 64.238 61.485 61.445 59.707 56.171 50.495 48.789 45.753 44.964 46.886 48.319 47.994 49.025 53.129 51.036 52.868 49.657 49.782 47.839 44.994 42.948 41.457
-9999 -9999 -9999 -9999 -9999 -9999 -9999 -9999 -9999 -9999 -9999 -9999 -9999 -9999 -9999 -9999 -9999 -9999 -9999 -9999 135.285 137.64 133.96 131.044 -9999 -9999 -9999 169.456 212.281 221.01 213.738 190.436 179.023 176.55 161.656 139.305 126.481 116.766 102.955 105.939 101.722 91.413 -9999 83.949 86.107 83.34 89.778 90.249 79.582 75.844 72.645 66.593 66.161 61.957 59.446 58.841 54.713 50.068 52.019 52.542 49.031 46.028 47.074 48.872 49.408 46.624 51.522 49.534 47.251 47.101 45.488 41.419 40.186 39.886
-9999 -9999 -9999 -9999 -9999 -9999 -9999 -9999 -9999 -9999 -9999 -9999 -9999 -9999 -9999 -9999 -9999 -9999 -9999 -9999 -9999 -9999 -9999 -9999 -9999 -9999 -9999 129.369 155.344 179.92 171.792 167.783 165.327 158.432 143.624 131.626 120.562 108.904 102.42 98.587 -9999 -9999 82.828 83.967 84.904 81.444 86.048 84.011 78.099 81.901 71.153 65.354 66.96 62.266 59.872 63.228 62.666 58.008 54.589 59.741 54.814 50.915 50.615 49.492 49.767 51.132 48.27 51.633 47.309 43.177 42.858 42.437 36.969 37.693
-9999 -9999 -9999 -9999 -9999 -9999 -9999 -9999 -9999 -9999 -9999 -9999 -9999 -9999 -9999 -9999 -9999 -9999 -9999 -9999 -9999 -9999 -9999 -9999 -9999 -9999 -9999 122.99 137.855 143.726 148.608 156.335 146.645 138.63 136.221 125.352 112.742 -9999 -9999 -9999 -9999 -9999 82.066 89.666 85.933 84.281 84.504 83.504 80.557 74.1 68.101 64.464 63.158 65.577 64.512 68.64 68.433 63.835 59.2 58.493 58.056 52.358 52.001 49.703 47.519 49.982 46.807 45.485 43.724 40.877 38.819 38.365 39.114 37.31
-9999 -9999 -9999 -9999 -9999 -9999 -9999 -9999 -9999 -9999 -9999 -9999 -9999 -9999 -9999 -9999 -9999 -9999 -9999 -9999 -9999 -9999 -9999 -9999 -9999 -9999 -9999 -9999 -9999 131.427 147.01 141.207 129.341 130.841 125.496 113.69 -9999 -9999 -9999 -9999 98.93 96.426 96.056 86.23 80.256 82.971 88.856 86.028 81.832 71.581 68.501 66.824 70.351 72.627 71.374 68.14 67.857 62.799 58.589 55.807 54.714 53.645 49.802 48.643 44.726 44.666 44.247 41.783 40.452 40.216 41.115 39.595 38.854 38.373
-9999 -9999 -9999 -9999 -9999 -9999 -9999 -9999 -9999 -9999 -9999 -9999 -9999 -9999 -9999 -9999 -9999 -9999 -9999 -9999 -9999 -9999 -9999 -9999 -9999 -9999 -9999 -9999 -9999 -9999 121.614 113.787 120.08 117.012 112.994 -9999 -9999 -9999 -9999 99.058 100.866 99.841 98.561 90.509 86.881 83.08 81.176 80.623 79.067 71.64 69.207 73.744 74.115 71.659 72.808 66.887 62.549 59.494 56.269 54.964 55.23 52.076 50.834 47.071 44.727 41.853 41.65 41.698 41.846 42.407 42.16 40.446 38.637 38.213
-9999 -9999 -9999 -9999 -9999 -9999 -9999 -9999 -9999 -9999 -9999 -9999 -9999 -9999 -9999 -9999 -9999 -9999 -9999 -9999 -9999 -9999 -9999 -9999 -9999 -9999 -9999 -9999 -9999 -9999 -9999 -9999 -9999 -9999 -9999 -9999 -9999 -9999 102.241 99.159 99.582 98.606 99.525 92.098 86.305 82.966 79.269 81.182 77.595 65.318 67.161 69.621 71.073 68.681 67.957 68.048 63.141 58.251 60.134 55.77 54.92 52.261 49.752 45.745 43.637 43.719 41.831 41.364 41.755 41.342 40.44 39.15 38.687 37.683
-9999 -9999 -9999 -9999 -9999 -9999 -9999 -9999 -9999 -9999 -9999 -9999 -9999 -9999 -9999 -9999 -9999 -9999 -9999 -9999 -9999 -9999 -9999 -9999 -9999 -9999 -9999 -9999 -9999 -9999 -9999 -9999 -9999 -9999 -9999 -9999 -9999 92.695 95.595 105.667 107.777 125.049 108.229 92.067 87.036 81.177 80.618 83.464 70.138 65.072 65.665 66.353 67.138 64.522 65.443 67.23 68.047 63.526 58.774 63.257 58.202 53.989 49.321 46.929 42.699 41.08 41.415 41.492 41.1 40.825 39.865 37.859 38.193 37.879
-9999 -9999 -9999 -9999 -9999 -9999 -9999 -9999 -9999 -9999 -9999 -9999 -9999 -9999 -9999 -9999 -9999 -9999 -9999 -9999 -9999 -9999 -9999 -9999 -9999 -9999 -9999 -9999 -9999 -9999 -9999 -9999 -9999 -9999 -9999 -9999 -9999 88.322 96.129 96.524 112.095 118.226 118.113 110.689 98.819 92.297 91.74 78.377 71.156 68.499 72.205 71.238 70.69 68.377 61.736 59.999 60.175 63.349 61.412 59.451 59.333 54.787 50.646 46.361 43.261 42.249 40.704 41.89 42.247 41.314 39.128 37.695 38.251 41.926
-9999 -9999 -9999 -9999 -9999 -9999 -9999 -9999 -9999 -9999 -9999 -9999 -9999 -9999 -9999 -9999 -9999 -9999 -9999 -9999 -9999 -9999 -9999 -9999 163.209 187.446 187.854 162.169 -9999 131.223 -9999 -9999 -9999 -9999 -9999 -9999 -9999 -9999 90.827 95.861 100.712 108.132 109.928 113.27 104.271 102.32 85.789 78.451 75.388 79.688 77.664 66.801 66.495 64.252 59.32 57.546 55.534 53.404 54.579 57.781 56.356 54.866 51.906 51.868 49.9 45.317 43.025 42.804 41.973 41.751 40.933 39.207 39.637 40.459
-9999 -9999 -9999 -9999 -9999 -9999 -9999 -9999 -9999 -9999 -9999 -9999 -9999 -9999 -9999 -9999 -9999 -9999 -9999 -9999 -9999 143.35 149.909 145.112 164.14 200.209 189.411 169.156 159.057 131.084 106.725 87.479 -9999 -9999 95.01 88.151 84.138 87.548 85.5 88.969 95.934 92.991 100.486 101.342 106.046 98.122 86.733 79.335 86.747 80.12 70.387 72.372 64.803 61.941 57.149 55.164 56.347 53.569 52.769 51.84 51.104 52.105 52.713 49.4 50.461 49.897 43.957 41.987 40.538 42.786 43.398 40.887 46.052 45.007
-9999 -9999 -9999 -9999 -9999 -9999 -9999 -9999 -9999 -9999 -9999 -9999 -9999 -9999 -9999 -9999 -9999 -9999 -9999 -9999 142.638 141.922 133.849 139.843 170.766 197.027 203.997 188.76 164.002 147.739 130.826 106.219 86.295 95.34 95.757 99.51 85.881 81.428 83.588 85.95 86.047 89.551 91.508 99.958 99.279 93.71 87.207 94.305 85.439 82.585 75.419 71.338 76.754 67.783 58.745 56.784 55.804 56.102 53.556 53.185 50.225 48.953 50.497 52.57 51.744 48.676 45.687 42.802 44.887 42.897 42.939 42.153 42.049 46.22
-9999 -9999 -9999 -9999 -9999 -9999 -9999 -9999 -9999 -9999 -9999 -9999 -9999 -9999 -9999 -9999 -9999 -9999 -9999 -9999 141.309 117.665 120.772 130.714 154.839 177.965 186.985 203.266 166.583 144.326 124.348 116.178 114.935 100.186 98.413 88.817 88.576 83.731 79.638 79.879 80.613 83.341 85.2 86.164 84.902 86.88 92.054 87.665 86.42 85.31 80.328 68.243 68.185 70.505 62.199 58.681 58.001 55.757 54.273 52.279 51.276 45.993 46.209 49.549 51.309 50.99 47.077 46.376 47.093 46.644 42.905 38.693 39.15 39.393
-9999 -9999 -9999 -9999 -9999 -9999 -9999 -9999 -9999 -9999 -9999 -9999 -9999 -9999 -9999 -9999 -9999 -9999 -9999 -9999 123.28 112.739 117.532 119.029 134.419 145.756 156.891 143.377 145.439 134.781 135.084 123.568 117.7 100.637 87.391 83.396 80.746 78.899 77.084 73.38 74.772 79.606 77.91 79.165 86.456 87.467 83.525 82.748 79.529 79.366 70.388 67.27 70.076 65.845 59.515 56.987 56.828 56.754 56.386 52.686 50.673 53.438 50.067 51.71 53.725 57.659 55.731 49.42 49.825 45.658 41.868 41.418 38.883 40.089
-9999 -9999 -9999 -9999 -9999 -9999 -9999 -9999 -9999 -9999 -9999 -9999 -9999 -9999 -9999 -9999 129.372 139.778 -9999 125.456 110.838 124.122 121.784 113.007 116.668 119.486 121.355 135.625 134.574 136.129 118.261 112.554 101.68 89.596 80.592 76.94 78.691 78.915 76.714 70.837 75.346 75.091 76.56 81.596 84.737 77.513 77.454 78.978 79.928 78.755 72.702 76.548 75.06 65.973 58.627 53.917 55.166 57.634 54.468 54.957 53.055 53.854 55.724 51.775 53.331 53.661 54.539 49.385 45.257 46.352 42.115 41.841 41.613 39.405
-9999 -9999 -9999 -9999 -9999 -9999 -9999 -9999 -9999 -9999 -9999 -9999 -9999 -9999 -9999 -9999 140.838 147.011 136.874 121.772 120.892 124.211 115.557 114.071 121.45 120.87 130.41 126.369 124.465 123.74 113.981 103.461 99.929 92.215 96.381 98.306 89.731 80.403 70.743 73.777 76.271 79.714 82.449 81.012 76.382 73.837 76.013 73.61 72.876 73.618 75.427 75.562 72.65 65.13 60.455 59.974 58.102 55.562 50.665 51.563 52.6 51.829 52.753 53.305 53.196 56.219 53.563 55.814 51.04 47.379 45.858 42.537 41.187 41.156
-9999 -9999 -9999 -9999 -9999 -9999 -9999 -9999 -9999 -9999 -9999 -9999 -9999 -9999 -9999 128.998 147.553 157.393 160.733 134.838 126.228 121.779 118.085 119.757 117.186 111.263 110.405 115.662 115.277 115.352 104.168 95.484 88.559 94.229 108.6 102.87 96.249 89.932 82.526 78.997 81.868 79.493 77.922 76.306 77.161 74.734 70.901 68.605 69.504 74.192 66.491 68.492 65.089 64.961 62.709 61.079 62.995 58.215 51.449 47.3 48.906 49.113 50.886 51.451 52.369 53.464 56.266 55.27 56.113 51.361 54.362 46.312 47.051 47.593
-9999 -9999 -9999 -9999 -9999 -9999 -9999 -9999 -9999 -9999 -9999 -9999 -9999 -9999 -9999 -9999 131.721 152.488 133.812 130.838 120.994 118.085 111.721 110.865 110.694 102.303 107.253 108.322 106.421 97.869 95.362 93.638 87.863 99.009 105.239 106.058 108.668 101.567 90.951 91.29 87.225 84.564 84.745 82.992 74.652 73.898 74.227 73.121 76.144 66.86 69.073 65.19 60.288 60.663 61.406 60.778 60.329 58.541 53.091 52.775 -9999 47.9 49.426 52.255 50.691 48.197 47.253 47.709 47.247 45.582 44.243 45.788 41.801 46.215
-9999 -9999 -9999 -9999 -9999 -9999 -9999 -9999 -9999 -9999 -9999 -9999 -9999 -9999 -9999 122.167 113.638 121.987 125.371 124.595 121.829 117.787 107.908 104.52 100.142 101.945 109.052 96.247 90.246 94.44 92.685 87.043 89.89 94.773 98.073 103.377 110.525 96.504 93.811 107.292 102.599 96.599 100.924 87.228 87.593 89.65 84.24 80.281 73.771 68.129 63.858 63.132 59.943 60.772 60.027 59.346 58.474 56.73 54.582 51.528 49.498 -9999 44.941 -9999 45.657 -9999 41.318 -9999 41.794 41.127 40.541 39.526 38.559 39.328
-9999 -9999 -9999 -9999 -9999 -9999 -9999 -9999 -9999 -9999 -9999 -9999 -9999 -9999 -9999 107.158 114.529 117.743 122.751 127.169 128.274 124.547 113.156 108.86 99.385 103.925 92.478 86.957 87.326 85.642 83.129 84.506 86.801 94.129 99.781 111.105 103.182 92.434 106.552 103.628 92.339 97.967 88.269 90.662 97.51 91.904 87.376 78.527 71.667 67.391 66.423 61.989 59.042 58.381 58.903 57.445 57.318 52.244 50.83 48.867 46.087 -9999 -9999 41.695 39.88 -9999 -9999 39.04 39.402 37.722 -9999 -9999 -9999 -9999
-9999 -9999 -9999 -9999 -9999 -9999 -9999 -9999 -9999 -9999 -9999 -9999 -9999 -9999 129.16 120.408 121.314 118.601 117.713 119.033 125.163 128.883 130.325 130.05 126.091 106.227 94.283 89.487 88.335 85.059 84.733 79.806 84.951 93.68 113.875 117.935 103.527 101.618 97.029 80.798 81.88 82.43 90.731 94.661 89.164 85.671 79.732 73.375 71.791 69.853 61.35 58.448 59.368 56.93 53.878 49.722 53.353 53.648 -9999 -9999 -9999 45.073 -9999 -9999 -9999 -9999 -9999 -9999 38.765 -9999 -9999 -9999 -9999 -9999
