Validation/Results/raw data/ReClimate_02_2024_1.asc
NCOLS 192
NROWS 249
XLLCENTER -225160.85627316462
YLLCENTER 29788.11610251502
CELLSIZE 5000.0
NODATA_VALUE -9999
[rows 68 to 101 of 249, columns 75 to 149 of 192]
-9999 -9999 -9999 -9999 -9999 -9999 -9999 -9999 -9999 -9999 -9999 91.685 91.89 92.174 91.535 90.395 90.637 91.174 90.866 90.292 89.93 89.921 90.254 90.449 90.797 91.235 91.426 91.796 91.79 -9999 -9999 -9999 -9999 -9999 -9999 -9999 -9999 -9999 -9999 -9999 -9999 -9999 -9999 -9999 -9999 -9999 -9999 -9999 -9999 -9999 -9999 -9999 -9999 -9999 -9999 -9999 -9999 -9999 -9999 -9999 -9999 -9999 -9999 -9999 -9999 -9999 -9999 -9999 -9999 -9999 -9999 -9999 -9999 -9999 -9999
-9999 -9999 -9999 -9999 -9999 -9999 -9999 -9999 -9999 -9999 -9999 -9999 -9999 91.261 90.496 90.031 90.341 90.443 90.035 89.743 90.049 90.882 91.02 91.13 91.431 91.644 91.825 -9999 -9999 -9999 -9999 -9999 -9999 -9999 -9999 -9999 -9999 -9999 -9999 -9999 -9999 -9999 -9999 -9999 -9999 -9999 -9999 -9999 -9999 -9999 -9999 -9999 -9999 -9999 -9999 -9999 -9999 -9999 -9999 -9999 -9999 -9999 -9999 -9999 -9999 -9999 -9999 -9999 -9999 -9999 -9999 -9999 -9999 -9999 -9999
-9999 -9999 -9999 -9999 -9999 -9999 -9999 92.658 -9999 -9999 90.447 91.83 91.214 90.221 90.105 90.436 90.545 90.705 90.454 90.195 90.662 90.781 90.888 91.034 91.33 91.838 91.822 -9999 -9999 -9999 -9999 -9999 -9999 -9999 -9999 -9999 -9999 -9999 -9999 -9999 -9999 -9999 -9999 -9999 -9999 -9999 -9999 -9999 -9999 -9999 -9999 -9999 -9999 -9999 -9999 -9999 -9999 -9999 -9999 -9999 -9999 -9999 -9999 -9999 -9999 -9999 -9999 -9999 -9999 -9999 -9999 -9999 -9999 -9999 -9999
-9999 -9999 -9999 -9999 -9999 92.815 91.887 90.683 89.873 90.205 90.703 90.283 89.441 88.569 88.947 89.505 89.551 89.462 89.592 90.295 90.68 91.55 91.613 91.591 91.837 91.814 91.798 -9999 -9999 -9999 -9999 -9999 -9999 -9999 -9999 -9999 -9999 -9999 -9999 -9999 -9999 -9999 -9999 -9999 -9999 -9999 -9999 -9999 -9999 -9999 -9999 -9999 -9999 -9999 -9999 -9999 -9999 -9999 -9999 -9999 -9999 -9999 -9999 -9999 -9999 -9999 -9999 -9999 -9999 -9999 -9999 -9999 -9999 -9999 -9999
-9999 -9999 -9999 -9999 -9999 91.283 90.271 -9999 91.065 91.25 90.605 89.591 89.373 90.004 90.131 89.715 89.844 90.313 90.699 90.776 91.403 91.891 91.867 91.843 91.815 91.784 -9999 91.764 -9999 -9999 -9999 -9999 -9999 -9999 -9999 -9999 -9999 -9999 -9999 -9999 -9999 -9999 -9999 -9999 -9999 -9999 -9999 -9999 -9999 -9999 -9999 -9999 -9999 -9999 -9999 -9999 -9999 -9999 -9999 -9999 -9999 -9999 -9999 -9999 -9999 -9999 -9999 -9999 -9999 -9999 -9999 -9999 -9999 -9999 -9999
-9999 -9999 -9999 -9999 -9999 -9999 91.242 90.44 90.324 89.831 89.497 90.039 90.308 90.209 90.015 90.092 90.676 91.621 91.648 91.624 91.873 91.877 91.852 91.827 91.798 91.775 91.759 91.743 -9999 -9999 -9999 -9999 -9999 -9999 -9999 -9999 -9999 -9999 -9999 -9999 -9999 -9999 -9999 -9999 -9999 -9999 -9999 -9999 -9999 -9999 -9999 -9999 -9999 -9999 -9999 -9999 -9999 -9999 -9999 -9999 -9999 -9999 -9999 -9999 -9999 -9999 -9999 -9999 -9999 -9999 -9999 -9999 -9999 -9999 -9999
-9999 -9999 -9999 -9999 -9999 -9999 -9999 90.597 90.139 89.696 90.284 91.134 90.947 90.642 90.776 91.043 91.374 90.997 91.213 91.852 91.847 91.865 91.839 91.813 91.787 91.761 91.737 91.73 -9999 -9999 -9999 -9999 -9999 -9999 -9999 -9999 -9999 -9999 -9999 -9999 -9999 -9999 -9999 -9999 -9999 -9999 -9999 -9999 -9999 -9999 -9999 -9999 -9999 -9999 -9999 -9999 -9999 -9999 -9999 -9999 -9999 -9999 -9999 -9999 -9999 -9999 -9999 -9999 -9999 -9999 -9999 -9999 -9999 -9999 -9999
-9999 -9999 -9999 -9999 -9999 91.562 91.182 89.842 89.768 90.238 90.95 91.694 91.237 90.49 90.884 91.576 91.46 91.686 91.986 91.935 91.913 91.869 91.828 91.801 91.773 -9999 91.72 -9999 -9999 -9999 -9999 -9999 -9999 92.025 92.073 92.124 -9999 -9999 -9999 -9999 -9999 -9999 -9999 -9999 -9999 -9999 -9999 -9999 -9999 -9999 -9999 -9999 -9999 -9999 -9999 -9999 -9999 -9999 -9999 -9999 -9999 -9999 -9999 -9999 -9999 -9999 -9999 -9999 -9999 -9999 -9999 -9999 -9999 -9999 -9999
90.67 -9999 -9999 -9999 -9999 -9999 90.527 90.129 90.584 91.205 91.624 91.725 90.966 90.012 90.519 90.948 91.348 92.111 92.06 92.007 91.955 91.903 91.854 91.805 91.764 91.733 -9999 -9999 -9999 -9999 91.848 91.895 91.958 92.019 92.073 92.124 92.17 92.213 92.255 92.291 92.326 92.356 92.383 92.407 92.429 92.449 92.475 92.491 92.504 92.516 92.531 92.619 -9999 -9999 -9999 -9999 -9999 -9999 -9999 -9999 -9999 -9999 -9999 -9999 -9999 -9999 -9999 -9999 -9999 -9999 -9999 -9999 -9999 -9999 -9999
90.127 -9999 -9999 -9999 91.885 -9999 91.382 90.261 90.821 91.503 91.357 90.885 90.436 90.573 90.935 91.349 91.606 91.259 91.452 92.047 91.999 91.955 91.898 91.84 91.786 -9999 -9999 -9999 -9999 91.845 91.87 91.933 91.862 91.553 91.747 92.168 92.158 92.047 92.144 92.335 92.369 92.399 92.427 92.452 92.476 92.497 92.517 92.534 92.551 92.566 92.585 92.611 -9999 -9999 -9999 -9999 -9999 -9999 -9999 -9999 -9999 -9999 -9999 -9999 -9999 -9999 -9999 -9999 -9999 -9999 -9999 -9999 -9999 -9999 -9999
91.223 -9999 -9999 -9999 92.404 92.575 91.865 91.21 91.596 91.718 91.287 90.836 90.933 91.018 91.244 91.316 91.228 91.485 91.868 92.083 92.044 92.011 91.953 91.894 -9999 -9999 91.764 91.799 91.83 91.867 91.932 92.001 91.85 91.84 92.111 92.233 92.185 92.187 92.321 92.398 92.431 92.462 92.49 92.517 92.541 92.564 92.586 92.606 92.626 92.646 92.667 92.687 92.714 -9999 -9999 -9999 -9999 -9999 -9999 -9999 -9999 -9999 -9999 -9999 -9999 -9999 -9999 -9999 -9999 -9999 -9999 -9999 -9999 -9999 -9999
92.474 -9999 92.519 -9999 91.296 90.795 90.528 90.775 91.0 91.442 91.108 90.881 90.862 90.743 90.698 90.508 90.769 91.148 91.147 90.859 91.174 92.069 92.013 91.957 -9999 91.791 91.805 91.645 91.584 91.419 91.512 91.663 91.719 91.861 92.032 92.301 92.326 92.368 92.428 92.463 92.496 92.527 92.555 92.582 92.607 92.631 92.655 92.678 92.701 92.724 92.75 92.777 92.808 -9999 -9999 -9999 -9999 -9999 -9999 -9999 -9999 -9999 -9999 -9999 -9999 -9999 -9999 -9999 -9999 -9999 -9999 -9999 -9999 -9999 -9999
-9999 91.972 -9999 -9999 -9999 90.04 90.514 91.466 91.11 89.586 89.796 90.684 90.706 90.974 90.982 91.272 91.384 91.196 90.738 89.928 90.861 92.131 92.08 92.044 91.928 91.831 91.812 91.925 91.819 91.822 91.889 91.857 91.98 92.098 92.279 92.375 92.419 92.459 92.496 92.531 92.563 92.593 92.621 92.648 92.674 92.699 92.724 92.749 92.775 92.802 92.831 92.866 92.905 -9999 -9999 -9999 -9999 -9999 -9999 -9999 -9999 -9999 -9999 -9999 -9999 -9999 -9999 -9999 -9999 -9999 -9999 -9999 -9999 -9999 -9999
90.664 -9999 -9999 -9999 -9999 91.181 91.987 92.845 -9999 90.116 90.626 90.782 90.98 91.184 91.505 92.011 91.846 91.692 90.908 89.962 91.044 92.203 92.174 92.151 91.84 91.166 91.187 91.093 91.372 92.161 92.099 92.015 92.14 92.3 92.366 92.393 92.45 92.532 92.568 92.601 92.632 92.661 92.611 92.427 92.531 92.768 92.794 92.821 92.849 92.879 92.913 92.954 92.994 -9999 -9999 -9999 -9999 -9999 -9999 -9999 -9999 -9999 -9999 -9999 -9999 -9999 -9999 -9999 -9999 -9999 -9999 -9999 -9999 -9999 -9999
92.037 -9999 -9999 -9999 92.285 -9999 -9999 91.79 91.062 91.069 91.259 91.564 91.633 91.566 91.884 92.083 91.768 91.16 90.517 90.128 91.147 92.3 92.278 92.274 91.876 91.736 91.408 90.662 91.394 92.295 92.192 92.072 92.175 92.218 92.305 92.486 92.554 92.608 92.641 92.673 92.702 92.73 92.595 92.474 92.662 92.837 92.864 92.893 92.923 92.957 92.997 93.039 -9999 -9999 -9999 -9999 -9999 -9999 -9999 -9999 -9999 -9999 -9999 -9999 -9999 -9999 -9999 -9999 -9999 -9999 -9999 -9999 -9999 -9999 -9999
91.411 91.493 92.233 -9999 -9999 -9999 91.695 91.218 -9999 91.125 91.364 91.596 91.542 91.504 91.712 92.032 91.468 90.82 90.657 90.787 91.652 92.401 92.396 92.395 92.102 91.51 91.117 91.093 91.789 92.421 92.28 92.099 92.036 91.824 91.977 92.123 92.299 92.686 92.717 92.746 92.774 92.801 92.751 92.778 92.88 92.907 92.935 92.966 92.999 93.035 93.079 -9999 -9999 -9999 -9999 -9999 -9999 -9999 -9999 -9999 -9999 -9999 -9999 -9999 -9999 -9999 -9999 -9999 -9999 -9999 -9999 -9999 -9999 -9999 -9999
91.457 92.461 93.099 -9999 92.741 92.092 91.97 92.044 92.026 92.087 92.017 91.53 91.487 91.439 91.643 91.781 91.404 91.34 91.457 91.617 92.135 92.522 92.515 92.512 91.923 91.16 91.256 91.55 92.056 92.543 92.361 92.138 91.813 91.262 91.449 91.739 92.165 92.766 92.795 92.821 92.847 92.873 92.898 92.924 92.95 92.978 93.007 93.039 93.075 93.115 93.161 -9999 -9999 -9999 -9999 -9999 -9999 -9999 -9999 -9999 -9999 -9999 -9999 -9999 -9999 -9999 -9999 -9999 -9999 -9999 -9999 -9999 -9999 -9999 -9999
93.067 93.477 93.638 93.708 93.194 92.907 -9999 91.875 91.46 90.296 90.116 90.318 90.478 90.983 91.144 91.404 91.629 92.371 92.26 91.759 92.029 92.229 91.568 89.814 89.546 89.889 90.189 90.589 91.334 92.661 92.374 91.91 91.265 90.313 90.535 90.725 91.526 92.848 92.873 92.897 92.921 92.945 92.967 92.984 93.013 93.049 93.08 93.114 93.152 93.195 -9999 -9999 -9999 -9999 -9999 -9999 -9999 -9999 -9999 -9999 -9999 -9999 -9999 -9999 -9999 -9999 -9999 -9999 -9999 -9999 -9999 -9999 -9999 -9999 -9999
-9999 -9999 -9999 93.857 93.322 -9999 92.608 92.011 91.276 90.939 91.14 91.413 91.638 91.562 91.581 91.29 91.95 92.75 92.199 91.445 91.77 92.373 91.171 90.381 90.739 91.239 91.309 90.953 91.945 92.775 92.397 92.016 91.583 91.747 91.809 91.732 92.553 92.93 92.952 92.974 92.996 93.018 93.031 93.037 93.075 93.122 93.154 93.19 93.23 93.277 -9999 -9999 -9999 -9999 -9999 -9999 -9999 -9999 -9999 -9999 -9999 -9999 -9999 -9999 -9999 -9999 -9999 -9999 -9999 -9999 -9999 -9999 -9999 -9999 -9999
-9999 -9999 93.503 93.125 -9999 91.212 92.371 -9999 91.491 92.071 92.177 92.103 92.017 91.908 91.982 92.594 92.685 91.871 91.026 89.839 89.914 89.295 89.078 89.593 90.449 92.064 91.871 91.857 92.046 91.415 90.057 86.925 88.279 91.704 91.828 92.292 92.629 93.011 93.03 93.05 93.07 93.091 92.797 91.988 92.064 92.203 92.503 93.267 93.31 93.359 -9999 -9999 -9999 -9999 -9999 -9999 -9999 -9999 -9999 -9999 -9999 -9999 -9999 -9999 -9999 -9999 -9999 -9999 -9999 -9999 -9999 -9999 -9999 -9999 -9999
-9999 -9999 92.241 -9999 -9999 90.976 92.033 91.855 92.053 91.805 91.494 90.785 90.947 91.539 92.206 93.166 92.449 91.676 91.013 90.909 90.511 90.307 90.436 90.077 90.696 90.134 90.262 90.632 90.734 91.887 90.249 90.178 92.042 92.299 92.556 92.627 92.896 93.092 93.108 93.125 93.144 93.164 92.461 91.674 91.971 92.581 93.073 93.344 93.389 93.441 -9999 -9999 -9999 -9999 -9999 -9999 -9999 -9999 -9999 -9999 -9999 -9999 -9999 -9999 -9999 -9999 -9999 -9999 -9999 -9999 -9999 -9999 -9999 -9999 -9999
-9999 -9999 -9999 -9999 -9999 -9999 92.605 92.631 92.191 91.385 91.026 91.061 91.458 91.72 91.905 91.104 90.943 91.593 91.566 91.668 91.656 91.915 91.869 92.253 91.743 91.159 91.603 92.293 92.265 90.599 91.186 92.87 92.972 92.875 92.902 92.886 93.032 93.171 92.86 91.996 92.092 92.323 92.175 92.869 93.194 93.225 93.379 93.419 93.465 -9999 -9999 -9999 -9999 -9999 -9999 -9999 -9999 -9999 -9999 -9999 -9999 -9999 -9999 -9999 -9999 -9999 -9999 -9999 -9999 -9999 -9999 -9999 -9999 -9999 -9999
-9999 -9999 -9999 -9999 93.135 92.271 -9999 93.265 92.627 92.063 91.9 91.441 91.542 91.466 91.253 91.808 92.095 91.981 91.958 91.786 91.739 91.266 91.154 90.335 90.632 92.243 92.756 93.188 91.961 90.97 91.877 91.989 91.976 92.055 91.968 91.759 92.213 93.245 92.722 92.51 92.718 92.961 93.328 93.356 93.384 93.416 93.452 93.493 93.54 -9999 -9999 -9999 -9999 -9999 -9999 -9999 -9999 -9999 -9999 -9999 -9999 -9999 -9999 -9999 -9999 -9999 -9999 -9999 -9999 -9999 -9999 -9999 -9999 -9999 -9999
-9999 -9999 -9999 94.21 93.221 91.82 92.38 92.908 92.614 92.634 92.295 92.043 92.053 92.206 92.642 93.059 92.623 91.63 91.525 91.508 91.279 91.337 91.269 92.232 93.057 93.053 92.786 91.476 91.416 92.636 92.098 90.497 90.974 92.135 90.738 87.251 89.264 93.314 93.209 93.224 93.076 92.335 92.639 93.425 93.451 93.479 93.518 93.566 -9999 -9999 -9999 -9999 -9999 -9999 -9999 -9999 -9999 -9999 -9999 -9999 -9999 -9999 -9999 -9999 -9999 -9999 -9999 -9999 -9999 -9999 -9999 -9999 -9999 -9999 -9999
-9999 -9999 -9999 94.294 -9999 92.415 92.356 91.506 91.765 92.447 92.048 91.352 91.584 92.015 92.298 92.496 91.931 91.806 91.584 91.035 91.37 92.207 92.881 93.368 93.361 93.356 92.453 91.849 92.672 93.203 92.218 91.792 92.486 92.733 90.868 90.664 92.91 93.379 93.39 93.405 92.907 92.586 93.125 93.492 93.516 93.541 93.585 93.638 -9999 -9999 -9999 -9999 -9999 -9999 -9999 -9999 -9999 -9999 -9999 -9999 -9999 -9999 -9999 -9999 -9999 -9999 -9999 -9999 -9999 -9999 -9999 -9999 -9999 -9999 -9999
-9999 -9999 -9999 -9999 -9999 93.588 93.016 92.695 93.097 93.251 92.51 91.516 91.616 91.313 91.004 89.923 90.343 91.654 91.037 90.16 90.924 91.835 92.235 92.646 92.854 93.432 93.117 93.117 93.335 93.192 93.004 93.091 93.247 93.317 93.182 93.085 93.351 93.441 93.453 93.468 93.311 93.332 93.531 93.558 93.584 93.619 93.664 93.71 -9999 -9999 -9999 -9999 -9999 -9999 -9999 -9999 -9999 -9999 -9999 -9999 -9999 -9999 -9999 -9999 -9999 -9999 -9999 -9999 -9999 -9999 -9999 -9999 -9999 -9999 -9999
-9999 -9999 -9999 94.37 94.191 93.945 93.61 93.193 93.092 92.633 92.248 92.612 -9999 91.284 90.996 91.736 92.342 92.168 91.668 91.56 92.066 92.185 92.495 92.772 93.184 93.502 93.498 93.497 93.286 92.923 93.078 93.379 93.443 93.514 93.437 93.353 93.422 93.502 93.514 93.53 93.548 93.57 93.595 93.623 93.656 93.692 93.534 93.226 -9999 -9999 -9999 -9999 -9999 -9999 -9999 -9999 -9999 -9999 -9999 -9999 -9999 -9999 -9999 -9999 -9999 -9999 -9999 -9999 -9999 -9999 -9999 -9999 -9999 -9999 -9999
93.706 94.243 94.378 -9999 93.409 94.092 93.581 92.825 92.502 92.294 92.651 -9999 92.134 90.689 91.345 92.096 92.064 92.238 92.243 92.423 92.664 93.166 93.335 93.419 93.576 93.568 93.52 93.401 93.169 93.053 93.294 93.529 93.566 93.567 93.526 93.523 93.403 92.98 93.148 93.59 93.694 93.943 93.883 93.689 93.722 93.761 92.954 -9999 -9999 -9999 -9999 -9999 -9999 -9999 -9999 -9999 -9999 -9999 -9999 -9999 -9999 -9999 -9999 -9999 -9999 -9999 -9999 -9999 -9999 -9999 -9999 -9999 -9999 -9999 -9999
93.893 94.363 93.752 93.253 -9999 94.188 93.521 92.768 92.598 92.451 92.618 92.431 91.723 91.85 92.218 92.186 92.346 92.551 92.447 91.933 92.493 93.316 93.435 93.651 93.639 93.63 93.507 93.347 93.147 92.773 93.089 93.618 93.62 93.62 93.62 93.619 93.058 92.138 92.707 93.65 93.584 93.05 93.166 93.754 93.239 -9999 -9999 -9999 -9999 -9999 -9999 -9999 -9999 -9999 -9999 -9999 -9999 -9999 -9999 -9999 -9999 -9999 -9999 -9999 -9999 -9999 -9999 -9999 -9999 -9999 -9999 -9999 -9999 -9999 -9999
-9999 -9999 93.852 -9999 93.238 92.746 92.183 91.637 92.011 -9999 -9999 91.248 91.56 92.236 92.312 92.578 92.717 92.823 92.622 92.811 93.166 92.996 92.841 92.137 91.792 90.885 91.556 93.597 93.401 93.399 93.671 93.671 93.672 93.673 93.673 93.673 93.198 93.2 93.686 93.708 93.445 93.471 93.786 93.82 -9999 -9999 -9999 -9999 -9999 -9999 -9999 -9999 -9999 -9999 -9999 -9999 -9999 -9999 -9999 -9999 -9999 -9999 -9999 -9999 -9999 -9999 -9999 -9999 -9999 -9999 -9999 -9999 -9999 -9999 -9999
93.347 -9999 93.813 93.283 92.932 92.663 92.325 92.097 -9999 -9999 93.321 92.401 92.733 92.706 92.662 92.196 92.258 92.294 92.499 92.804 92.765 92.913 92.456 92.219 91.779 91.866 93.137 93.733 93.728 93.726 93.724 93.724 93.724 93.724 93.725 93.727 93.728 93.731 93.743 93.765 93.79 93.818 93.85 93.886 93.513 -9999 -9999 -9999 -9999 -9999 -9999 -9999 -9999 -9999 -9999 -9999 -9999 -9999 -9999 -9999 -9999 -9999 -9999 -9999 -9999 -9999 -9999 -9999 -9999 -9999 -9999 -9999 -9999 -9999 -9999
93.761 94.346 93.96 93.661 93.46 93.303 93.383 -9999 -9999 94.014 93.624 93.223 92.976 92.374 92.108 92.063 91.893 91.405 91.44 91.126 91.308 91.605 91.837 92.804 93.016 93.478 93.784 93.787 93.741 93.624 93.665 93.778 93.779 93.78 93.782 93.784 93.787 93.791 93.803 93.826 93.852 93.88 93.913 93.952 -9999 -9999 -9999 -9999 -9999 -9999 -9999 -9999 -9999 -9999 -9999 -9999 -9999 -9999 -9999 -9999 -9999 -9999 -9999 -9999 -9999 -9999 -9999 -9999 -9999 -9999 -9999 -9999 -9999 -9999 -9999
94.344 94.349 -9999 -9999 93.41 93.301 -9999 -9999 -9999 94.317 93.874 93.252 92.814 92.503 92.342 91.994 91.803 91.987 91.848 91.925 91.923 91.52 92.38 93.364 93.659 93.821 93.827 93.844 93.756 93.689 93.77 93.834 93.835 93.836 93.839 93.842 93.846 93.852 93.865 93.888 93.914 93.945 93.979 94.02 -9999 -9999 -9999 -9999 -9999 -9999 -9999 -9999 -9999 -9999 -9999 -9999 -9999 -9999 -9999 -9999 -9999 -9999 -9999 -9999 -9999 -9999 -9999 -9999 -9999 -9999 -9999 -9999 -9999 -9999 -9999
-9999 94.369 93.871 93.207 -9999 -9999 -9999 -9999 94.363 94.402 94.014 93.78 93.577 93.49 93.01 92.228 92.241 92.037 92.037 91.947 91.885 92.294 93.007 93.57 93.719 93.904 93.631 92.879 92.98 93.355 93.522 93.889 93.889 93.891 93.894 93.898 93.904 93.91 93.925 93.948 93.976 94.008 93.972 -9999 -9999 -9999 -9999 -9999 -9999 -9999 -9999 -9999 -9999 -9999 -9999 -9999 -9999 -9999 -9999 -9999 -9999 -9999 -9999 -9999 -9999 -9999 -9999 -9999 -9999 -9999 -9999 -9999 -9999 -9999 -9999
