Validation/Results/raw data/ReClimate_01_2024_2_Temperature-Actualsweatherlogisticsltd.asc
NCOLS 192
NROWS 249
XLLCENTER -225160.85627316462
YLLCENTER 29788.11610251502
CELLSIZE 5000.0
NODATA_VALUE -9999
[rows 102 to 135 of 249, columns 77 to 153 of 192]
4.629 4.687 6.838 7.591 -9999 -9999 6.292 -9999 -9999 6.571 4.035 3.838 5.57 4.503 2.138 3.88 2.795 2.778 3.009 3.561 5.404 4.56 3.599 2.646 3.348 4.478 3.796 4.102 5.392 6.293 6.75 6.624 6.106 5.367 6.356 6.634 6.726 6.967 6.968 7.038 -9999 -9999 -9999 -9999 -9999 -9999 -9999 -9999 -9999 -9999 -9999 -9999 -9999 -9999 -9999 -9999 -9999 -9999 -9999 -9999 -9999 -9999 -9999 -9999 -9999 -9999 -9999 -9999 -9999 -9999 -9999 -9999 -9999 -9999 -9999 -9999 -9999
4.987 6.421 -9999 -9999 -9999 7.025 5.838 6.331 5.91 5.771 4.877 6.855 6.284 4.353 4.115 4.516 4.598 4.527 4.421 4.435 3.494 4.512 3.711 4.017 3.828 3.498 4.223 5.093 6.02 6.667 6.833 6.497 5.774 6.467 7.05 -9999 -9999 7.219 -9999 -9999 -9999 -9999 -9999 -9999 -9999 -9999 -9999 -9999 -9999 -9999 -9999 -9999 -9999 -9999 -9999 -9999 -9999 -9999 -9999 -9999 -9999 -9999 -9999 -9999 -9999 -9999 -9999 -9999 -9999 -9999 -9999 -9999 -9999 -9999 -9999 -9999 -9999
-9999 6.409 -9999 -9999 -9999 6.76 5.82 5.64 5.582 6.007 6.715 5.941 4.594 4.177 4.627 5.013 4.534 4.056 4.676 4.134 5.51 4.639 4.418 5.278 5.768 6.032 5.907 6.395 6.718 6.757 6.849 6.818 6.71 7.105 -9999 6.914 7.032 7.018 7.058 -9999 -9999 -9999 -9999 -9999 -9999 -9999 -9999 -9999 -9999 -9999 -9999 -9999 -9999 -9999 -9999 -9999 -9999 -9999 -9999 -9999 -9999 -9999 -9999 -9999 -9999 -9999 -9999 -9999 -9999 -9999 -9999 -9999 -9999 -9999 -9999 -9999 -9999
-9999 -9999 -9999 7.223 6.78 5.833 5.829 5.403 5.834 5.523 4.594 4.095 3.983 4.996 4.789 5.39 3.956 5.207 3.721 5.363 4.196 3.281 5.289 6.036 5.84 6.161 6.7 6.763 7.038 7.146 7.132 7.185 -9999 6.924 6.806 6.976 6.918 7.132 6.966 -9999 -9999 -9999 -9999 -9999 -9999 -9999 -9999 -9999 -9999 -9999 -9999 -9999 -9999 -9999 -9999 -9999 -9999 -9999 -9999 -9999 -9999 -9999 -9999 -9999 -9999 -9999 -9999 -9999 -9999 -9999 -9999 -9999 -9999 -9999 -9999 -9999 -9999
-9999 -9999 -9999 6.996 7.252 6.64 5.583 5.762 6.13 4.826 5.704 5.559 4.999 4.037 5.502 5.585 4.655 3.91 4.726 4.765 3.491 4.598 4.544 4.257 5.364 5.954 6.107 6.432 6.647 6.432 6.316 6.117 6.228 6.648 6.968 6.839 6.618 6.804 6.727 6.882 -9999 -9999 -9999 -9999 -9999 -9999 -9999 -9999 -9999 -9999 -9999 -9999 -9999 -9999 -9999 -9999 -9999 -9999 -9999 -9999 -9999 -9999 -9999 -9999 -9999 -9999 -9999 -9999 -9999 -9999 -9999 -9999 -9999 -9999 -9999 -9999 -9999
-9999 -9999 7.011 -9999 -9999 6.425 5.658 6.382 5.302 5.748 -9999 -9999 4.496 4.217 5.076 5.619 4.623 4.863 5.151 4.729 5.02 5.881 5.178 5.504 5.911 6.218 5.707 5.147 4.793 5.142 5.332 5.854 6.215 6.352 6.925 6.407 6.459 6.337 6.531 6.757 6.972 -9999 -9999 -9999 -9999 -9999 -9999 -9999 -9999 -9999 -9999 -9999 -9999 -9999 -9999 -9999 -9999 -9999 -9999 -9999 -9999 -9999 -9999 -9999 -9999 -9999 -9999 -9999 -9999 -9999 -9999 -9999 -9999 -9999 -9999 -9999 -9999
-9999 -9999 7.045 -9999 6.969 6.35 6.51 5.312 5.397 6.843 6.997 5.145 4.293 5.166 7.108 5.084 3.769 5.874 5.86 5.349 5.976 6.241 6.382 6.61 6.45 5.229 4.114 4.199 4.929 5.43 6.026 6.27 6.193 6.519 6.655 6.666 6.967 7.175 7.215 7.292 -9999 -9999 -9999 -9999 -9999 -9999 -9999 -9999 -9999 -9999 -9999 -9999 -9999 -9999 -9999 -9999 -9999 -9999 -9999 -9999 -9999 -9999 -9999 -9999 -9999 -9999 -9999 -9999 -9999 -9999 -9999 -9999 -9999 -9999 -9999 -9999 -9999
-9999 -9999 7.08 -9999 6.906 7.088 6.348 6.107 6.777 -9999 5.393 5.634 -9999 5.323 5.395 5.115 6.064 4.836 6.104 6.516 6.931 7.053 7.268 7.301 6.716 5.604 6.138 6.453 6.475 6.238 6.054 6.341 6.418 6.839 6.973 7.15 -9999 -9999 -9999 -9999 -9999 -9999 -9999 -9999 -9999 -9999 -9999 -9999 -9999 -9999 -9999 -9999 -9999 -9999 -9999 -9999 -9999 -9999 -9999 -9999 -9999 -9999 -9999 -9999 -9999 -9999 -9999 -9999 -9999 -9999 -9999 -9999 -9999 -9999 -9999 -9999 -9999
6.933 6.894 -9999 -9999 7.352 6.997 6.513 6.969 6.892 5.013 5.488 4.454 -9999 6.076 5.245 5.925 5.985 5.9 6.132 6.721 6.639 6.488 6.362 6.559 7.051 7.373 7.327 7.105 6.674 6.233 6.167 6.392 6.606 6.865 7.17 -9999 -9999 -9999 -9999 -9999 -9999 -9999 -9999 -9999 -9999 -9999 -9999 -9999 -9999 -9999 -9999 -9999 -9999 -9999 -9999 -9999 -9999 -9999 -9999 -9999 -9999 -9999 -9999 -9999 -9999 -9999 -9999 -9999 -9999 -9999 -9999 -9999 -9999 -9999 -9999 -9999 -9999
7.094 7.129 -9999 7.42 6.122 6.19 7.051 -9999 5.478 5.742 4.619 4.59 -9999 5.816 5.028 6.122 7.017 6.89 7.038 6.767 6.398 5.999 5.35 5.9 6.855 7.284 -9999 7.324 6.962 6.773 6.726 6.618 6.361 6.796 -9999 -9999 -9999 -9999 -9999 -9999 -9999 -9999 -9999 -9999 -9999 -9999 -9999 -9999 -9999 -9999 -9999 -9999 -9999 -9999 -9999 -9999 -9999 -9999 -9999 -9999 -9999 -9999 -9999 -9999 -9999 -9999 -9999 -9999 -9999 -9999 -9999 -9999 -9999 -9999 -9999 -9999 -9999
7.495 -9999 -9999 6.841 5.574 6.549 -9999 6.337 5.933 5.667 5.076 5.664 -9999 6.76 6.606 6.922 7.111 6.97 6.754 6.352 4.67 4.6 4.892 5.613 6.703 7.397 7.541 7.62 -9999 -9999 7.277 7.005 -9999 -9999 -9999 -9999 -9999 -9999 7.328 7.35 7.482 -9999 -9999 -9999 -9999 -9999 -9999 -9999 -9999 -9999 -9999 -9999 -9999 -9999 -9999 -9999 -9999 -9999 -9999 -9999 -9999 -9999 -9999 -9999 -9999 -9999 -9999 -9999 -9999 -9999 -9999 -9999 -9999 -9999 -9999 -9999 -9999
-9999 -9999 6.549 6.104 6.879 6.336 -9999 6.366 5.726 6.385 6.431 5.349 -9999 -9999 -9999 7.27 6.792 6.14 5.995 5.721 5.792 6.213 6.25 6.629 6.786 6.832 7.024 7.325 7.428 7.216 7.06 7.281 -9999 -9999 -9999 -9999 -9999 7.142 7.236 7.255 7.518 7.562 -9999 -9999 -9999 -9999 -9999 -9999 -9999 -9999 -9999 -9999 -9999 -9999 -9999 -9999 -9999 -9999 -9999 -9999 -9999 -9999 -9999 -9999 -9999 -9999 -9999 -9999 -9999 -9999 -9999 -9999 -9999 -9999 -9999 -9999 -9999
-9999 -9999 -9999 7.443 6.13 6.605 -9999 6.335 -9999 6.855 5.766 6.737 -9999 7.169 6.614 6.491 -9999 6.703 6.973 6.867 7.026 6.882 6.895 6.72 6.493 6.324 6.538 6.758 6.424 6.463 7.006 7.275 7.369 7.304 7.372 -9999 7.201 7.051 7.123 7.275 6.872 6.538 6.53 7.471 -9999 -9999 -9999 -9999 -9999 -9999 -9999 -9999 -9999 -9999 -9999 -9999 -9999 -9999 -9999 -9999 -9999 -9999 -9999 -9999 -9999 -9999 -9999 -9999 -9999 -9999 -9999 -9999 -9999 -9999 -9999 -9999 -9999
-9999 -9999 -9999 6.519 5.797 7.023 -9999 7.401 -9999 6.972 7.293 -9999 7.045 6.066 5.679 6.553 7.136 7.364 7.316 7.5 7.281 6.952 6.938 6.618 6.068 5.972 6.122 6.24 6.326 6.603 6.864 6.978 6.867 6.662 7.134 7.155 6.679 6.755 6.819 6.642 5.943 5.657 5.557 6.052 6.97 7.175 6.972 -9999 -9999 -9999 -9999 -9999 -9999 -9999 -9999 -9999 -9999 -9999 -9999 -9999 -9999 -9999 -9999 -9999 -9999 -9999 -9999 -9999 -9999 -9999 -9999 -9999 -9999 -9999 -9999 -9999 -9999
-9999 -9999 -9999 6.528 7.132 6.824 6.619 -9999 -9999 7.738 7.597 -9999 6.985 5.516 5.319 6.398 6.89 7.365 7.592 7.51 7.354 7.491 7.273 6.775 6.249 5.699 5.765 5.936 6.16 6.138 6.069 5.985 5.646 6.23 6.921 6.754 6.418 6.297 5.98 4.932 4.79 5.272 5.377 5.871 5.965 6.628 6.973 6.908 -9999 -9999 -9999 -9999 -9999 -9999 -9999 -9999 -9999 -9999 -9999 -9999 -9999 -9999 -9999 -9999 -9999 -9999 -9999 -9999 -9999 -9999 -9999 -9999 -9999 -9999 -9999 -9999 -9999
-9999 -9999 -9999 7.154 7.118 6.345 7.467 -9999 -9999 7.758 7.789 -9999 -9999 5.661 5.844 6.708 6.698 6.612 6.932 7.049 7.161 6.876 7.242 7.191 6.556 6.11 5.711 5.579 5.39 5.442 5.129 5.074 5.624 6.086 6.211 6.093 5.82 5.479 4.91 4.804 4.796 5.241 5.589 5.969 6.565 6.719 6.589 6.797 -9999 -9999 -9999 -9999 -9999 -9999 -9999 -9999 -9999 -9999 -9999 -9999 -9999 -9999 -9999 -9999 -9999 -9999 -9999 -9999 -9999 -9999 -9999 -9999 -9999 -9999 -9999 -9999 -9999
-9999 -9999 -9999 7.507 6.706 6.905 -9999 -9999 -9999 -9999 7.839 -9999 7.18 6.051 6.799 7.027 6.446 6.212 6.134 6.515 6.481 6.54 6.688 6.909 6.851 6.055 5.564 5.503 5.546 5.189 4.953 5.384 5.672 5.593 5.491 4.934 5.046 5.297 5.495 5.397 5.234 5.523 5.809 6.268 6.769 6.792 6.839 7.081 6.943 -9999 -9999 -9999 -9999 -9999 -9999 -9999 -9999 -9999 -9999 -9999 -9999 -9999 -9999 -9999 -9999 -9999 -9999 -9999 -9999 -9999 -9999 -9999 -9999 -9999 -9999 -9999 -9999
-9999 6.879 6.837 6.635 6.967 -9999 -9999 6.446 -9999 -9999 -9999 -9999 7.297 6.943 7.232 7.063 6.737 6.258 5.959 5.862 5.7 5.74 6.15 6.441 6.543 6.471 5.786 5.788 5.674 5.574 5.81 5.74 5.266 5.302 4.322 3.97 4.613 5.169 5.549 5.835 5.751 5.957 5.988 6.367 6.827 6.991 7.076 7.129 7.109 -9999 -9999 -9999 -9999 -9999 -9999 -9999 -9999 -9999 -9999 -9999 -9999 -9999 -9999 -9999 -9999 -9999 -9999 -9999 -9999 -9999 -9999 -9999 -9999 -9999 -9999 -9999 -9999
-9999 -9999 6.429 6.529 7.276 -9999 6.51 5.673 6.434 -9999 -9999 -9999 -9999 7.651 7.553 7.502 7.203 6.801 6.365 5.822 5.699 5.914 6.136 6.223 6.422 6.068 6.185 5.991 5.757 5.571 5.618 5.177 5.826 5.256 5.061 4.885 4.435 4.771 5.661 5.934 6.284 6.38 6.399 6.63 6.936 7.054 7.096 6.916 6.954 7.061 -9999 -9999 -9999 -9999 -9999 -9999 -9999 -9999 -9999 -9999 -9999 -9999 -9999 -9999 -9999 -9999 -9999 -9999 -9999 -9999 -9999 -9999 -9999 -9999 -9999 -9999 -9999
-9999 -9999 6.925 6.664 6.94 -9999 6.984 5.867 6.809 -9999 -9999 -9999 -9999 -9999 7.726 7.699 7.615 7.583 7.053 6.621 6.28 5.839 5.378 5.525 5.863 6.155 6.171 5.871 5.629 5.688 5.468 5.586 5.911 5.633 5.508 5.52 5.914 5.95 6.22 6.306 6.636 6.528 6.751 7.152 7.209 7.204 7.101 6.955 6.578 6.703 7.159 -9999 -9999 -9999 -9999 -9999 -9999 -9999 -9999 -9999 -9999 -9999 -9999 -9999 -9999 -9999 -9999 -9999 -9999 -9999 -9999 -9999 -9999 -9999 -9999 -9999 -9999
-9999 -9999 6.786 6.316 -9999 -9999 7.498 6.543 6.267 7.223 -9999 -9999 -9999 -9999 -9999 7.686 7.461 7.159 6.991 6.234 5.562 5.216 4.881 5.001 5.405 5.841 5.597 5.77 5.665 5.315 5.233 5.627 4.232 5.097 4.927 5.707 5.242 5.81 6.413 6.365 6.655 6.921 7.135 7.005 6.727 6.667 6.847 6.642 6.757 6.115 6.668 7.226 7.552 -9999 -9999 -9999 -9999 -9999 -9999 -9999 -9999 -9999 -9999 -9999 -9999 -9999 -9999 -9999 -9999 -9999 -9999 -9999 -9999 -9999 -9999 -9999 -9999
-9999 -9999 6.495 7.247 -9999 -9999 6.907 5.844 6.046 -9999 -9999 -9999 -9999 -9999 -9999 7.639 7.275 7.051 6.767 6.164 5.854 5.756 5.427 5.317 5.253 5.361 5.447 5.488 4.603 3.988 4.938 3.932 3.448 3.926 5.146 5.047 5.7 6.51 6.149 6.342 6.694 6.7 6.773 6.841 6.647 6.605 6.061 5.759 6.221 6.001 5.94 6.862 7.403 -9999 -9999 -9999 -9999 -9999 -9999 -9999 -9999 -9999 -9999 -9999 -9999 -9999 -9999 -9999 -9999 -9999 -9999 -9999 -9999 -9999 -9999 -9999 -9999
-9999 -9999 6.952 7.87 -9999 -9999 -9999 7.033 6.737 6.894 -9999 -9999 -9999 -9999 -9999 7.678 7.324 7.08 6.862 6.505 6.299 5.626 4.831 4.549 5.065 5.055 5.565 5.352 4.648 4.503 4.985 3.447 4.051 4.808 4.552 5.041 6.093 5.874 6.212 6.237 6.437 6.768 6.604 6.387 6.39 5.972 4.659 4.845 5.269 5.927 5.93 6.397 7.074 -9999 -9999 -9999 -9999 -9999 -9999 -9999 -9999 -9999 -9999 -9999 -9999 -9999 -9999 -9999 -9999 -9999 -9999 -9999 -9999 -9999 -9999 -9999 -9999
-9999 6.509 6.961 7.68 -9999 -9999 -9999 -9999 -9999 -9999 -9999 -9999 -9999 -9999 -9999 7.341 6.989 6.876 6.668 6.405 6.153 5.35 4.896 4.835 5.122 5.26 4.953 4.975 4.204 4.398 3.735 3.384 4.089 4.854 4.6 5.075 5.329 5.877 5.94 6.361 6.365 6.232 6.385 6.082 5.926 4.818 4.566 4.288 5.394 6.21 6.404 6.534 6.902 7.636 -9999 -9999 -9999 -9999 -9999 -9999 -9999 -9999 -9999 -9999 -9999 -9999 -9999 -9999 -9999 -9999 -9999 -9999 -9999 -9999 -9999 -9999 -9999
6.49 6.531 6.612 7.767 -9999 -9999 -9999 -9999 -9999 -9999 -9999 -9999 -9999 7.583 7.409 7.16 6.685 6.161 5.826 5.99 5.977 5.803 5.571 5.944 5.427 4.523 4.632 4.671 4.683 5.037 4.515 3.599 5.024 4.887 4.912 5.097 5.542 5.952 6.38 5.896 6.027 6.173 5.976 5.717 4.969 4.758 4.684 4.745 5.507 6.555 6.765 6.657 6.932 7.325 -9999 -9999 -9999 -9999 -9999 -9999 -9999 -9999 -9999 -9999 -9999 -9999 -9999 -9999 -9999 -9999 -9999 -9999 -9999 -9999 -9999 -9999 -9999
6.508 7.03 7.895 -9999 -9999 -9999 -9999 -9999 -9999 -9999 -9999 -9999 -9999 7.525 7.528 7.119 6.301 5.81 5.849 5.217 4.835 4.909 4.892 5.267 5.364 5.463 5.264 4.787 5.156 5.649 5.25 4.857 4.209 4.774 4.619 5.295 5.685 6.355 5.961 5.823 5.89 5.705 5.218 4.633 4.31 4.742 5.151 5.533 6.107 6.12 6.098 6.414 6.772 7.222 -9999 -9999 -9999 -9999 -9999 -9999 -9999 -9999 -9999 -9999 -9999 -9999 -9999 -9999 -9999 -9999 -9999 -9999 -9999 -9999 -9999 -9999 -9999
-9999 -9999 -9999 -9999 -9999 -9999 -9999 -9999 -9999 -9999 -9999 -9999 -9999 7.487 7.321 6.365 6.163 5.895 5.598 4.655 4.553 3.942 4.395 4.832 5.301 5.512 5.145 3.87 4.515 5.87 5.867 4.516 4.497 4.835 4.961 4.933 5.703 5.28 5.107 5.387 4.961 4.548 4.176 4.95 4.961 5.01 5.219 5.519 6.384 6.546 6.324 6.436 6.919 7.337 -9999 -9999 -9999 -9999 -9999 -9999 -9999 -9999 -9999 -9999 -9999 -9999 -9999 -9999 -9999 -9999 -9999 -9999 -9999 -9999 -9999 -9999 -9999
-9999 -9999 -9999 -9999 -9999 -9999 -9999 -9999 -9999 -9999 -9999 -9999 7.323 6.772 6.033 6.087 5.633 5.812 5.657 5.418 4.33 4.368 4.293 4.7 5.07 6.076 5.582 4.958 5.224 5.8 5.958 5.497 5.294 5.196 5.027 5.054 4.618 5.365 5.607 5.315 4.946 3.836 4.723 4.502 4.842 5.37 5.376 5.562 5.553 6.338 6.704 6.885 7.085 7.323 -9999 -9999 -9999 -9999 -9999 -9999 -9999 -9999 -9999 -9999 -9999 -9999 -9999 -9999 -9999 -9999 -9999 -9999 -9999 -9999 -9999 -9999 -9999
-9999 -9999 -9999 -9999 -9999 -9999 -9999 -9999 -9999 -9999 -9999 -9999 6.774 6.325 5.927 5.022 5.311 5.83 5.703 4.829 5.435 4.925 4.773 5.152 5.684 6.671 6.457 5.834 5.539 5.677 6.452 6.083 5.876 5.755 5.629 4.806 5.77 5.211 5.583 5.53 4.101 5.264 4.786 4.873 5.37 5.46 5.846 5.687 5.36 5.904 6.482 6.754 7.07 7.352 -9999 -9999 -9999 -9999 -9999 -9999 -9999 -9999 -9999 -9999 -9999 -9999 -9999 -9999 -9999 -9999 -9999 -9999 -9999 -9999 -9999 -9999 -9999
-9999 -9999 -9999 -9999 -9999 -9999 -9999 -9999 -9999 -9999 -9999 7.126 6.422 6.476 5.43 5.642 5.312 4.426 4.925 5.48 5.745 5.275 5.491 5.658 5.752 6.192 6.275 5.952 5.983 6.82 6.806 6.384 5.853 5.788 5.027 5.993 5.686 5.222 5.955 4.847 4.712 5.426 5.661 5.859 5.457 5.522 5.65 5.437 5.808 6.187 6.591 6.848 7.075 7.33 7.528 -9999 -9999 -9999 -9999 -9999 -9999 -9999 -9999 -9999 -9999 -9999 -9999 -9999 -9999 -9999 -9999 -9999 -9999 -9999 -9999 -9999 -9999
-9999 -9999 -9999 -9999 -9999 -9999 -9999 -9999 -9999 -9999 7.098 6.777 6.584 6.534 6.31 6.057 5.32 5.345 5.192 4.882 6.146 6.118 5.977 5.704 5.74 6.058 6.401 6.813 7.002 6.706 6.965 6.585 6.116 5.775 6.033 6.337 6.016 6.0 6.198 5.047 4.735 5.101 5.286 5.444 5.565 5.904 5.855 5.6 6.096 6.352 6.569 6.787 7.125 7.331 7.556 -9999 -9999 -9999 -9999 -9999 -9999 -9999 -9999 -9999 -9999 -9999 -9999 -9999 -9999 -9999 -9999 -9999 -9999 -9999 -9999 -9999 -9999
-9999 -9999 -9999 -9999 -9999 -9999 -9999 -9999 -9999 -9999 6.95 5.636 6.384 6.527 6.566 6.687 5.975 4.67 4.834 5.979 6.262 6.526 6.323 6.112 5.928 5.755 6.943 7.336 7.115 7.087 6.675 6.708 6.247 6.364 6.351 6.638 6.415 6.472 5.961 5.594 5.157 5.027 5.257 5.353 5.936 6.301 6.134 6.085 6.081 6.263 6.623 7.011 7.103 7.26 7.499 -9999 -9999 -9999 -9999 -9999 -9999 -9999 -9999 -9999 -9999 -9999 -9999 -9999 -9999 -9999 -9999 -9999 -9999 -9999 -9999 -9999 -9999
-9999 -9999 -9999 -9999 -9999 -9999 -9999 -9999 -9999 7.194 5.883 6.087 6.215 6.386 6.732 6.873 5.935 5.367 5.743 5.832 6.339 6.521 6.651 6.269 5.877 6.579 6.86 7.138 7.497 7.047 6.999 6.798 6.84 6.714 6.784 6.946 6.891 6.425 6.543 5.98 5.204 5.386 5.388 5.584 5.729 6.234 6.393 6.751 6.413 6.386 6.662 7.048 7.268 7.244 7.395 7.714 -9999 -9999 -9999 -9999 -9999 -9999 -9999 -9999 -9999 -9999 -9999 -9999 -9999 -9999 -9999 -9999 -9999 -9999 -9999 -9999 -9999
-9999 -9999 -9999 -9999 -9999 -9999 -9999 -9999 7.428 -9999 6.771 6.242 6.264 6.426 6.868 7.219 6.744 6.625 6.06 5.553 6.184 6.712 6.866 6.786 6.753 6.839 6.916 7.132 7.34 7.109 7.324 7.261 7.202 7.139 7.249 7.32 7.206 7.027 6.715 6.293 6.246 5.911 5.835 5.85 6.19 6.599 7.206 6.651 6.305 6.574 6.783 7.003 7.214 7.359 7.494 7.618 -9999 -9999 -9999 -9999 -9999 -9999 -9999 -9999 -9999 -9999 -9999 -9999 -9999 -9999 -9999 -9999 -9999 -9999 -9999 -9999 -9999
