Validation/Results/raw data/ReClimate_08_2024_1.asc
NCOLS 192
NROWS 249
XLLCENTER -225160.85627316462
YLLCENTER 29788.11610251502
CELLSIZE 5000.0
NODATA_VALUE -9999
[rows 66 to 98 of 249, columns 74 to 147 of 192]
-9999 -9999 -9999 -9999 -9999 -9999 -9999 -9999 -9999 -9999 -9999 101.889 -9999 101.885 101.883 101.881 101.881 102.022 102.153 102.358 102.602 102.313 102.008 102.032 102.051 102.057 102.064 102.074 102.083 102.091 102.097 102.099 -9999 -9999 -9999 -9999 -9999 -9999 -9999 -9999 -9999 -9999 -9999 -9999 -9999 -9999 -9999 -9999 -9999 -9999 -9999 -9999 -9999 -9999 -9999 -9999 -9999 -9999 -9999 -9999 -9999 -9999 -9999 -9999 -9999 -9999 -9999 -9999 -9999 -9999 -9999 -9999 -9999 -9999
-9999 -9999 -9999 -9999 -9999 -9999 -9999 -9999 -9999 -9999 -9999 -9999 101.89 101.888 101.886 101.888 101.906 101.991 102.019 102.32 102.772 102.464 102.052 102.07 102.084 102.095 102.106 102.116 102.125 102.133 -9999 -9999 -9999 -9999 -9999 -9999 -9999 -9999 -9999 -9999 -9999 -9999 -9999 -9999 -9999 -9999 -9999 -9999 -9999 -9999 -9999 -9999 -9999 -9999 -9999 -9999 -9999 -9999 -9999 -9999 -9999 -9999 -9999 -9999 -9999 -9999 -9999 -9999 -9999 -9999 -9999 -9999 -9999 -9999
-9999 -9999 -9999 -9999 -9999 -9999 -9999 -9999 -9999 -9999 -9999 -9999 101.893 101.894 101.894 101.921 101.955 101.985 102.012 102.34 102.584 102.299 102.094 102.109 102.123 102.135 102.147 102.157 102.166 102.174 -9999 -9999 -9999 -9999 -9999 -9999 -9999 -9999 -9999 -9999 -9999 -9999 -9999 -9999 -9999 -9999 -9999 -9999 -9999 -9999 -9999 -9999 -9999 -9999 -9999 -9999 -9999 -9999 -9999 -9999 -9999 -9999 -9999 -9999 -9999 -9999 -9999 -9999 -9999 -9999 -9999 -9999 -9999 -9999
-9999 -9999 -9999 -9999 -9999 -9999 -9999 -9999 -9999 -9999 -9999 -9999 -9999 -9999 101.932 101.969 102.001 102.03 102.056 102.265 102.477 102.423 102.551 102.452 102.162 102.175 102.186 102.196 -9999 -9999 -9999 -9999 -9999 -9999 -9999 -9999 -9999 -9999 -9999 -9999 -9999 -9999 -9999 -9999 -9999 -9999 -9999 -9999 -9999 -9999 -9999 -9999 -9999 -9999 -9999 -9999 -9999 -9999 -9999 -9999 -9999 -9999 -9999 -9999 -9999 -9999 -9999 -9999 -9999 -9999 -9999 -9999 -9999 -9999
-9999 -9999 -9999 -9999 -9999 -9999 -9999 -9999 102.028 -9999 -9999 101.901 101.913 101.94 101.98 102.015 102.046 102.074 102.098 102.353 102.73 102.741 102.588 102.376 102.201 102.213 102.223 102.234 -9999 -9999 -9999 -9999 -9999 -9999 -9999 -9999 -9999 -9999 -9999 -9999 -9999 -9999 -9999 -9999 -9999 -9999 -9999 -9999 -9999 -9999 -9999 -9999 -9999 -9999 -9999 -9999 -9999 -9999 -9999 -9999 -9999 -9999 -9999 -9999 -9999 -9999 -9999 -9999 -9999 -9999 -9999 -9999 -9999 -9999
-9999 -9999 -9999 -9999 -9999 -9999 102.255 102.189 101.898 101.9 101.903 101.851 101.731 101.88 102.194 102.242 102.309 102.383 102.531 102.776 102.904 102.665 102.23 102.169 102.238 102.25 102.26 102.27 -9999 -9999 -9999 -9999 -9999 -9999 -9999 -9999 -9999 -9999 -9999 -9999 -9999 -9999 -9999 -9999 -9999 -9999 -9999 -9999 -9999 -9999 -9999 -9999 -9999 -9999 -9999 -9999 -9999 -9999 -9999 -9999 -9999 -9999 -9999 -9999 -9999 -9999 -9999 -9999 -9999 -9999 -9999 -9999 -9999 -9999
-9999 -9999 -9999 -9999 -9999 -9999 102.435 102.065 -9999 101.957 101.959 101.936 102.059 102.35 102.703 102.68 102.511 102.737 103.123 103.145 103.022 102.709 102.463 102.44 102.275 102.286 102.297 -9999 102.316 -9999 -9999 -9999 -9999 -9999 -9999 -9999 -9999 -9999 -9999 -9999 -9999 -9999 -9999 -9999 -9999 -9999 -9999 -9999 -9999 -9999 -9999 -9999 -9999 -9999 -9999 -9999 -9999 -9999 -9999 -9999 -9999 -9999 -9999 -9999 -9999 -9999 -9999 -9999 -9999 -9999 -9999 -9999 -9999 -9999
-9999 -9999 -9999 -9999 -9999 -9999 -9999 102.219 102.129 102.13 102.143 102.241 102.309 102.559 102.748 102.564 102.339 102.52 102.52 102.465 102.482 102.365 102.378 102.301 102.312 102.323 102.333 102.342 102.351 -9999 -9999 -9999 -9999 -9999 -9999 -9999 -9999 -9999 -9999 -9999 -9999 -9999 -9999 -9999 -9999 -9999 -9999 -9999 -9999 -9999 -9999 -9999 -9999 -9999 -9999 -9999 -9999 -9999 -9999 -9999 -9999 -9999 -9999 -9999 -9999 -9999 -9999 -9999 -9999 -9999 -9999 -9999 -9999 -9999
102.853 -9999 -9999 -9999 -9999 -9999 -9999 -9999 102.338 102.343 102.374 102.541 102.867 102.95 102.9 102.669 102.385 102.363 102.35 102.334 102.318 102.313 102.327 102.339 102.349 102.359 102.368 102.377 102.386 -9999 -9999 -9999 -9999 -9999 -9999 -9999 -9999 -9999 -9999 -9999 -9999 -9999 -9999 -9999 -9999 -9999 -9999 -9999 -9999 -9999 -9999 -9999 -9999 -9999 -9999 -9999 -9999 -9999 -9999 -9999 -9999 -9999 -9999 -9999 -9999 -9999 -9999 -9999 -9999 -9999 -9999 -9999 -9999 -9999
103.189 -9999 -9999 -9999 -9999 -9999 102.866 102.708 102.592 102.591 102.688 102.919 103.075 103.055 103.044 102.851 102.738 102.662 102.503 102.47 102.439 102.416 102.391 102.377 102.387 102.397 -9999 102.414 -9999 -9999 -9999 -9999 -9999 -9999 102.45 102.456 102.463 -9999 -9999 -9999 -9999 -9999 -9999 -9999 -9999 -9999 -9999 -9999 -9999 -9999 -9999 -9999 -9999 -9999 -9999 -9999 -9999 -9999 -9999 -9999 -9999 -9999 -9999 -9999 -9999 -9999 -9999 -9999 -9999 -9999 -9999 -9999 -9999 -9999
103.577 103.498 -9999 -9999 -9999 -9999 -9999 102.974 102.896 102.881 102.89 103.099 103.107 103.121 103.15 103.043 102.909 102.778 102.662 102.624 102.585 102.545 102.504 102.475 102.448 102.435 102.443 -9999 -9999 -9999 -9999 102.464 102.471 102.479 102.488 102.496 102.503 102.508 102.513 102.517 102.521 102.524 102.525 102.526 102.526 102.526 102.525 102.527 102.524 102.519 102.514 102.511 102.534 -9999 -9999 -9999 -9999 -9999 -9999 -9999 -9999 -9999 -9999 -9999 -9999 -9999 -9999 -9999 -9999 -9999 -9999 -9999 -9999 -9999
103.937 103.851 -9999 -9999 -9999 103.512 -9999 103.292 103.221 103.132 103.128 103.11 103.181 103.162 103.057 103.043 103.168 103.024 102.819 102.776 102.732 102.688 102.642 102.595 102.552 102.518 -9999 -9999 -9999 -9999 102.497 102.5 102.511 102.522 102.532 102.541 102.549 102.555 102.561 102.565 102.569 102.572 102.575 102.576 102.578 102.578 102.578 102.578 102.577 102.575 102.573 102.571 102.573 -9999 -9999 -9999 -9999 -9999 -9999 -9999 -9999 -9999 -9999 -9999 -9999 -9999 -9999 -9999 -9999 -9999 -9999 -9999 -9999 -9999
104.274 104.179 -9999 -9999 -9999 103.799 103.705 103.614 103.52 103.425 103.331 103.296 103.27 103.257 103.129 103.231 103.311 103.139 102.976 102.927 102.878 102.829 102.78 102.73 102.68 -9999 -9999 102.543 102.526 102.529 102.533 102.545 102.557 102.568 102.579 102.588 102.596 102.603 102.609 102.614 102.619 102.622 102.625 102.628 102.631 102.633 102.634 102.636 102.638 102.639 102.641 102.644 102.647 102.652 -9999 -9999 -9999 -9999 -9999 -9999 -9999 -9999 -9999 -9999 -9999 -9999 -9999 -9999 -9999 -9999 -9999 -9999 -9999 -9999
104.592 104.489 -9999 104.29 -9999 104.097 103.998 103.897 103.796 103.697 103.596 103.492 103.458 103.328 103.286 103.319 103.286 103.188 103.134 103.079 103.026 102.972 102.919 102.866 102.813 -9999 102.716 102.65 102.6 102.576 102.584 102.594 102.605 102.616 102.626 102.635 102.643 102.651 102.657 102.662 102.667 102.671 102.675 102.679 102.682 102.685 102.689 102.692 102.696 102.701 102.706 102.714 102.722 102.733 -9999 -9999 -9999 -9999 -9999 -9999 -9999 -9999 -9999 -9999 -9999 -9999 -9999 -9999 -9999 -9999 -9999 -9999 -9999 -9999
104.893 -9999 104.678 -9999 -9999 -9999 104.271 104.162 104.054 103.948 103.842 103.736 103.628 103.532 103.454 103.409 103.378 103.338 103.293 103.234 103.175 103.117 103.06 103.004 102.948 102.884 102.823 102.756 102.699 102.659 102.636 102.645 102.655 102.665 102.675 102.683 102.691 102.698 102.705 102.71 102.715 102.72 102.724 102.728 102.732 102.737 102.742 102.747 102.753 102.76 102.769 102.78 102.795 102.814 -9999 -9999 -9999 -9999 -9999 -9999 -9999 -9999 -9999 -9999 -9999 -9999 -9999 -9999 -9999 -9999 -9999 -9999 -9999 -9999
105.181 105.065 -9999 -9999 -9999 -9999 104.53 104.411 104.297 -9999 104.075 103.965 103.855 103.742 103.643 103.564 103.521 103.484 103.439 103.389 103.329 103.266 103.204 103.143 103.08 103.006 102.937 102.873 102.812 102.756 102.719 102.697 102.706 102.715 102.724 102.732 102.74 102.746 102.753 102.758 102.763 102.768 102.772 102.777 102.782 102.787 102.793 102.8 102.808 102.818 102.83 102.845 102.865 102.884 -9999 -9999 -9999 -9999 -9999 -9999 -9999 -9999 -9999 -9999 -9999 -9999 -9999 -9999 -9999 -9999 -9999 -9999 -9999 -9999
105.455 105.336 -9999 -9999 -9999 104.894 -9999 -9999 104.529 104.412 104.298 104.184 104.071 103.956 103.84 103.742 103.664 103.623 103.581 103.533 103.48 103.417 103.347 103.278 103.198 103.122 103.052 102.986 102.924 102.866 102.812 102.777 102.757 102.766 102.774 102.781 102.788 102.795 102.8 102.806 102.81 102.815 102.82 102.825 102.83 102.837 102.844 102.852 102.862 102.875 102.89 102.91 102.931 -9999 -9999 -9999 -9999 -9999 -9999 -9999 -9999 -9999 -9999 -9999 -9999 -9999 -9999 -9999 -9999 -9999 -9999 -9999 -9999 -9999
105.701 105.592 105.479 105.365 -9999 -9999 -9999 104.875 104.752 -9999 104.512 104.395 104.278 104.161 104.043 103.926 103.832 103.762 103.717 103.67 103.616 103.554 103.487 103.399 103.314 103.235 103.163 103.096 103.033 102.974 102.918 102.865 102.832 102.817 102.824 102.831 102.838 102.843 102.848 102.853 102.858 102.862 102.867 102.872 102.878 102.885 102.894 102.904 102.916 102.93 102.949 102.972 -9999 -9999 -9999 -9999 -9999 -9999 -9999 -9999 -9999 -9999 -9999 -9999 -9999 -9999 -9999 -9999 -9999 -9999 -9999 -9999 -9999 -9999
105.97 105.868 105.73 105.613 -9999 105.395 105.261 105.098 104.968 104.843 104.72 104.6 104.48 104.361 104.241 104.12 104.005 103.913 103.854 103.798 103.737 103.674 103.592 103.51 103.426 103.345 103.271 103.202 103.138 103.078 103.02 102.965 102.915 102.883 102.876 102.882 102.887 102.892 102.896 102.9 102.905 102.909 102.914 102.919 102.926 102.934 102.943 102.955 102.969 102.986 103.007 103.033 -9999 -9999 -9999 -9999 -9999 -9999 -9999 -9999 -9999 -9999 -9999 -9999 -9999 -9999 -9999 -9999 -9999 -9999 -9999 -9999 -9999 -9999
106.393 106.246 105.976 105.856 105.741 105.622 105.456 -9999 105.18 105.05 104.924 104.8 104.678 104.556 104.434 104.311 104.187 104.078 103.987 103.919 103.849 103.763 103.681 103.601 103.524 103.45 103.376 103.305 103.24 103.178 103.12 103.063 103.008 102.961 102.932 102.933 102.937 102.941 102.944 102.948 102.951 102.955 102.96 102.966 102.973 102.982 102.992 103.005 103.021 103.041 103.065 -9999 -9999 -9999 -9999 -9999 -9999 -9999 -9999 -9999 -9999 -9999 -9999 -9999 -9999 -9999 -9999 -9999 -9999 -9999 -9999 -9999 -9999 -9999
106.595 -9999 -9999 -9999 105.975 105.832 -9999 105.526 105.388 105.254 105.125 104.998 104.873 104.749 104.625 104.5 104.376 104.254 104.143 104.055 103.962 103.872 103.785 103.702 103.621 103.541 103.467 103.403 103.338 103.275 103.216 103.158 103.102 103.046 103.006 102.984 102.987 102.99 102.992 102.994 102.997 103.001 103.006 103.012 103.02 103.029 103.041 103.056 103.074 103.096 103.116 -9999 -9999 -9999 -9999 -9999 -9999 -9999 -9999 -9999 -9999 -9999 -9999 -9999 -9999 -9999 -9999 -9999 -9999 -9999 -9999 -9999 -9999 -9999
-9999 -9999 -9999 106.332 106.205 -9999 105.893 105.739 -9999 105.457 105.324 105.195 105.072 104.965 104.858 104.749 104.635 104.496 104.355 104.226 104.129 104.035 103.945 103.857 103.77 103.687 103.609 103.531 103.453 103.377 103.306 103.25 103.194 103.137 103.083 103.048 103.037 103.038 103.039 103.041 103.043 103.046 103.051 103.058 103.066 103.077 103.09 103.105 103.117 103.132 103.138 -9999 -9999 -9999 -9999 -9999 -9999 -9999 -9999 -9999 -9999 -9999 -9999 -9999 -9999 -9999 -9999 -9999 -9999 -9999 -9999 -9999 -9999 -9999
-9999 -9999 -9999 106.568 -9999 -9999 106.106 105.95 105.802 105.665 105.546 105.437 105.337 105.237 105.135 105.027 104.888 104.717 104.551 104.412 104.304 104.207 104.114 104.023 103.934 103.848 103.763 103.679 103.596 103.514 103.438 103.362 103.286 103.219 103.164 103.117 103.086 103.086 103.086 103.086 103.088 103.091 103.096 103.1 103.105 103.112 103.121 103.128 103.137 103.148 103.161 -9999 -9999 -9999 -9999 -9999 -9999 -9999 -9999 -9999 -9999 -9999 -9999 -9999 -9999 -9999 -9999 -9999 -9999 -9999 -9999 -9999 -9999 -9999
-9999 -9999 -9999 -9999 -9999 -9999 -9999 106.167 106.037 105.924 105.818 105.715 105.613 105.511 105.4 105.255 105.077 104.904 104.737 104.589 104.467 104.368 104.272 104.179 104.088 104.0 103.913 103.828 103.744 103.66 103.577 103.493 103.41 103.333 103.251 103.173 103.133 103.117 103.116 103.115 103.116 103.117 103.119 103.122 103.126 103.13 103.136 103.144 103.153 103.164 -9999 -9999 -9999 -9999 -9999 -9999 -9999 -9999 -9999 -9999 -9999 -9999 -9999 -9999 -9999 -9999 -9999 -9999 -9999 -9999 -9999 -9999 -9999 -9999
-9999 -9999 -9999 -9999 -9999 106.733 106.564 -9999 106.311 106.198 106.089 105.981 105.863 105.736 105.593 105.421 105.246 105.076 104.911 104.755 104.622 104.519 104.421 104.326 104.233 104.143 104.054 103.967 103.882 103.797 103.713 103.628 103.543 103.456 103.365 103.275 103.188 103.137 103.135 103.133 103.132 103.133 103.134 103.137 103.14 103.145 103.151 103.158 103.167 103.178 -9999 -9999 -9999 -9999 -9999 -9999 -9999 -9999 -9999 -9999 -9999 -9999 -9999 -9999 -9999 -9999 -9999 -9999 -9999 -9999 -9999 -9999 -9999 -9999
-9999 -9999 -9999 -9999 107.146 106.979 106.841 106.706 106.578 106.447 106.314 106.182 106.046 105.911 105.756 105.576 105.404 105.236 105.073 104.913 104.777 104.664 104.563 104.466 104.371 104.279 104.188 104.1 104.012 103.926 103.84 103.754 103.668 103.581 103.489 103.386 103.28 103.201 103.156 103.147 103.147 103.147 103.148 103.15 103.154 103.159 103.165 103.172 103.181 -9999 -9999 -9999 -9999 -9999 -9999 -9999 -9999 -9999 -9999 -9999 -9999 -9999 -9999 -9999 -9999 -9999 -9999 -9999 -9999 -9999 -9999 -9999 -9999 -9999
-9999 -9999 -9999 -9999 107.392 -9999 107.066 106.911 106.762 106.617 106.478 106.343 106.21 106.071 105.899 105.722 105.552 105.386 105.225 105.067 104.924 104.803 104.7 104.6 104.503 104.409 104.317 104.226 104.137 104.048 103.961 103.873 103.785 103.696 103.602 103.502 103.392 103.291 103.222 103.18 103.159 103.159 103.16 103.163 103.166 103.171 103.178 103.185 103.195 -9999 -9999 -9999 -9999 -9999 -9999 -9999 -9999 -9999 -9999 -9999 -9999 -9999 -9999 -9999 -9999 -9999 -9999 -9999 -9999 -9999 -9999 -9999 -9999 -9999
-9999 -9999 -9999 -9999 -9999 -9999 107.214 107.054 106.905 106.764 106.628 106.496 106.367 106.218 106.036 105.861 105.693 105.529 105.369 105.212 105.064 104.937 104.832 104.73 104.631 104.535 104.441 104.348 104.257 104.167 104.077 103.987 103.898 103.806 103.712 103.612 103.504 103.395 103.304 103.247 103.2 103.17 103.172 103.174 103.178 103.183 103.19 103.198 103.208 -9999 -9999 -9999 -9999 -9999 -9999 -9999 -9999 -9999 -9999 -9999 -9999 -9999 -9999 -9999 -9999 -9999 -9999 -9999 -9999 -9999 -9999 -9999 -9999 -9999
-9999 -9999 -9999 -9999 107.606 107.513 107.344 107.188 107.043 106.905 106.772 106.644 106.512 -9999 106.167 105.994 105.828 105.666 105.507 105.352 105.2 105.068 104.96 104.857 104.756 104.657 104.561 104.467 104.373 104.281 104.19 104.099 104.007 103.914 103.818 103.718 103.612 103.498 103.404 103.333 103.268 103.217 103.182 103.185 103.189 103.194 103.201 103.187 103.165 -9999 -9999 -9999 -9999 -9999 -9999 -9999 -9999 -9999 -9999 -9999 -9999 -9999 -9999 -9999 -9999 -9999 -9999 -9999 -9999 -9999 -9999 -9999 -9999 -9999
107.516 107.497 107.608 107.654 -9999 107.601 107.471 107.318 107.176 107.041 106.912 106.786 -9999 106.463 106.267 106.104 105.959 105.798 105.641 105.486 105.334 105.2 105.086 104.981 104.878 104.778 104.679 104.583 104.488 104.394 104.3 104.207 104.114 104.019 103.922 103.821 103.715 103.602 103.502 103.423 103.356 103.286 103.232 103.194 103.199 103.205 103.213 103.145 -9999 -9999 -9999 -9999 -9999 -9999 -9999 -9999 -9999 -9999 -9999 -9999 -9999 -9999 -9999 -9999 -9999 -9999 -9999 -9999 -9999 -9999 -9999 -9999 -9999 -9999
107.59 107.625 107.655 107.681 107.701 -9999 107.575 107.445 107.306 107.174 107.048 106.925 106.776 106.596 106.457 106.285 106.086 105.927 105.771 105.617 105.465 105.328 105.211 105.103 104.998 104.896 104.796 104.697 104.6 104.504 104.409 104.314 104.218 104.122 104.023 103.922 103.815 103.702 103.596 103.511 103.445 103.374 103.299 103.243 103.209 103.215 -9999 -9999 -9999 -9999 -9999 -9999 -9999 -9999 -9999 -9999 -9999 -9999 -9999 -9999 -9999 -9999 -9999 -9999 -9999 -9999 -9999 -9999 -9999 -9999 -9999 -9999 -9999 -9999
-9999 -9999 -9999 107.705 -9999 107.719 107.663 107.567 107.433 107.304 -9999 -9999 106.894 106.732 106.559 106.374 106.211 106.053 105.898 105.745 105.594 105.455 105.334 105.225 105.118 105.014 104.911 104.811 104.712 104.614 104.516 104.419 104.321 104.223 104.123 104.02 103.912 103.799 103.687 103.597 103.531 103.461 103.386 103.308 103.252 -9999 -9999 -9999 -9999 -9999 -9999 -9999 -9999 -9999 -9999 -9999 -9999 -9999 -9999 -9999 -9999 -9999 -9999 -9999 -9999 -9999 -9999 -9999 -9999 -9999 -9999 -9999 -9999 -9999
107.652 107.678 -9999 107.727 107.749 107.758 107.74 107.657 107.551 -9999 -9999 107.177 107.012 106.834 106.662 106.496 106.335 106.178 106.024 105.872 105.722 105.581 105.457 105.346 105.237 105.131 105.027 104.924 104.823 104.723 104.623 104.524 104.424 104.323 104.221 104.116 104.007 103.893 103.776 103.68 103.615 103.546 103.472 103.392 103.313 103.274 -9999 -9999 -9999 -9999 -9999 -9999 -9999 -9999 -9999 -9999 -9999 -9999 -9999 -9999 -9999 -9999 -9999 -9999 -9999 -9999 -9999 -9999 -9999 -9999 -9999 -9999 -9999 -9999
