Validation/Results/raw data/ReClimate_11_2023_1_Temperature-Actualsweatherlogisticsltd.asc
NCOLS 192
NROWS 249
XLLCENTER -225160.85627316462
YLLCENTER 29788.11610251502
CELLSIZE 5000.0
NODATA_VALUE -9999
[rows 204 to 237 of 249, columns 77 to 153 of 192]
-9999 -9999 8.776 -9999 8.187 7.733 7.339 6.964 6.883 6.697 6.664 6.593 6.362 6.204 5.949 6.39 6.303 6.33 6.44 6.541 6.427 6.464 6.105 5.729 4.742 4.218 5.331 5.123 5.196 4.828 5.255 5.997 5.459 4.402 5.591 5.763 5.579 5.521 6.023 6.492 6.408 6.137 6.209 6.504 6.622 6.695 6.654 6.503 5.926 5.59 5.498 5.682 5.823 5.946 5.862 5.604 5.682 5.831 5.971 6.03 6.057 6.011 5.885 5.894 5.982 5.999 6.083 6.11 6.019 6.005 6.014 6.084 6.192 6.134 6.085 6.011 6.017
-9999 -9999 -9999 -9999 -9999 -9999 7.27 7.24 7.095 6.985 6.898 6.738 6.54 6.312 6.556 6.548 6.623 6.627 6.464 6.477 6.216 6.197 5.726 5.118 4.397 4.563 4.46 4.708 4.197 4.347 5.577 5.554 5.421 6.127 5.565 5.696 5.963 6.07 6.346 6.196 6.016 5.729 6.129 6.573 6.674 6.72 6.708 6.174 5.55 5.45 5.482 5.751 5.757 5.878 5.805 5.884 5.923 6.083 6.219 6.256 6.196 6.1 6.039 6.04 6.123 6.172 6.101 5.999 5.874 5.894 6.047 6.089 6.197 6.13 6.196 6.284 6.254
-9999 -9999 -9999 -9999 -9999 -9999 7.572 7.296 7.193 7.15 6.775 6.551 6.381 6.6 6.741 6.788 6.876 6.495 6.287 6.394 6.475 6.511 6.064 5.871 5.672 5.42 5.158 4.993 4.581 4.847 4.534 5.057 5.597 5.306 5.073 6.162 6.239 6.287 5.99 6.011 5.616 5.873 6.206 6.634 6.669 6.484 5.82 5.46 5.508 5.648 5.59 5.7 5.786 5.847 5.985 5.928 6.156 6.309 6.455 6.458 6.284 6.125 6.036 6.087 6.214 6.219 6.102 5.804 5.85 5.905 5.948 6.149 6.244 6.311 6.364 6.513 6.411
-9999 -9999 -9999 -9999 8.463 8.152 7.822 7.548 -9999 7.223 7.091 6.98 7.184 7.22 7.217 -9999 6.86 6.564 6.57 6.251 6.686 6.08 6.129 5.96 5.748 5.685 5.916 5.596 5.343 5.15 5.04 5.255 5.528 4.726 5.503 6.266 6.168 6.336 6.213 5.825 5.951 6.171 6.448 6.578 6.462 5.857 5.774 5.545 5.641 5.61 5.773 5.844 5.884 5.993 6.125 6.174 6.284 6.313 6.545 6.521 6.395 6.255 6.218 6.196 6.233 6.164 5.916 5.803 5.752 5.967 6.07 6.199 6.309 6.278 6.278 6.549 6.551
-9999 -9999 -9999 -9999 8.438 -9999 -9999 -9999 7.587 7.508 7.454 -9999 -9999 -9999 -9999 -9999 7.036 6.825 6.449 6.967 6.735 6.625 6.542 6.311 6.374 6.372 5.094 5.078 5.797 5.745 5.653 5.536 5.108 5.137 6.08 6.187 6.441 6.38 5.885 6.117 6.25 6.598 6.586 6.575 6.208 5.85 5.872 5.694 5.833 5.932 5.94 6.011 6.121 6.174 6.247 6.27 6.307 6.265 6.37 6.523 6.306 6.266 6.222 6.219 6.118 6.081 5.94 5.76 5.821 6.083 6.267 6.317 6.297 6.233 6.171 6.345 6.529
-9999 -9999 -9999 -9999 -9999 -9999 8.178 7.923 7.768 7.92 7.84 -9999 -9999 -9999 -9999 -9999 -9999 -9999 -9999 7.262 7.176 7.208 7.362 7.007 6.604 5.376 4.954 4.969 5.187 5.516 5.605 5.603 5.619 5.584 5.885 6.45 6.465 5.74 6.056 6.25 6.879 6.8 6.665 6.528 5.936 5.908 5.828 5.869 6.009 6.128 6.163 6.192 6.206 6.255 6.208 6.254 6.306 6.342 6.329 6.417 6.293 6.191 6.043 5.997 6.18 6.046 5.944 5.925 6.004 6.196 6.407 6.323 6.33 6.49 6.632 6.692 6.534
-9999 -9999 -9999 -9999 -9999 -9999 -9999 8.03 -9999 -9999 -9999 -9999 -9999 -9999 -9999 -9999 -9999 7.38 7.309 7.227 7.276 7.686 7.8 7.505 6.66 5.928 5.214 5.03 5.41 6.07 5.907 5.573 5.676 5.858 6.46 6.69 6.306 6.129 6.474 6.901 -9999 6.843 6.639 6.271 5.727 5.75 5.913 6.009 6.156 6.201 6.266 6.229 6.23 6.211 6.302 6.34 6.412 6.401 6.399 6.296 6.144 5.988 5.821 5.861 5.985 6.297 6.174 6.118 6.28 6.397 6.571 6.619 6.502 6.697 7.042 7.148 7.042
-9999 -9999 -9999 -9999 -9999 -9999 -9999 -9999 -9999 -9999 -9999 -9999 -9999 -9999 -9999 -9999 -9999 7.692 7.549 7.679 7.759 -9999 -9999 -9999 7.238 6.181 6.167 5.938 6.248 6.18 5.752 5.852 6.337 6.588 6.785 6.96 6.79 6.96 7.15 -9999 7.037 6.66 6.514 6.028 5.743 5.983 6.066 6.176 6.191 6.166 6.242 6.265 6.244 6.242 6.159 6.214 6.309 6.291 6.368 6.375 6.15 5.805 5.859 5.924 6.126 6.36 6.456 6.337 6.484 6.653 6.753 6.863 6.91 6.735 7.09 7.377 7.33
-9999 -9999 -9999 -9999 -9999 -9999 -9999 -9999 -9999 -9999 -9999 -9999 -9999 -9999 -9999 -9999 -9999 -9999 -9999 -9999 -9999 -9999 -9999 -9999 7.816 7.128 6.565 6.569 6.628 6.492 6.308 6.487 6.775 7.038 7.257 7.373 7.453 -9999 -9999 7.388 6.967 6.638 6.445 6.057 5.908 6.049 6.121 6.246 6.322 6.172 6.21 6.235 6.04 5.893 5.846 5.794 5.775 6.029 6.189 6.27 6.192 6.011 5.964 6.186 6.193 6.371 6.605 6.591 6.636 6.72 6.862 6.998 7.125 7.222 7.335 7.553 7.487
-9999 -9999 -9999 -9999 -9999 -9999 -9999 -9999 -9999 -9999 -9999 -9999 -9999 -9999 -9999 -9999 -9999 -9999 -9999 -9999 -9999 -9999 -9999 -9999 7.737 7.394 7.183 7.019 6.662 6.514 6.649 6.871 7.199 7.44 -9999 -9999 -9999 -9999 -9999 7.336 6.879 6.676 6.515 6.143 5.969 6.059 6.091 6.276 6.362 6.197 5.976 5.998 5.766 5.643 5.621 5.713 5.75 5.845 6.16 6.175 6.336 6.422 6.325 6.509 6.523 6.57 6.717 6.784 6.899 7.003 7.035 7.026 7.184 7.443 7.609 7.678 7.441
-9999 -9999 -9999 -9999 -9999 -9999 -9999 -9999 -9999 -9999 -9999 -9999 -9999 -9999 -9999 -9999 -9999 -9999 -9999 -9999 -9999 -9999 -9999 -9999 -9999 -9999 7.523 6.987 6.709 6.722 6.753 7.157 7.607 -9999 -9999 -9999 -9999 7.44 7.124 6.892 7.057 6.907 6.617 6.085 5.994 5.976 6.074 6.262 6.286 6.015 5.752 5.686 5.755 5.648 5.724 5.743 5.98 6.055 6.142 6.31 6.348 6.579 6.753 6.694 6.673 6.694 6.719 6.694 6.882 7.111 7.21 7.236 7.178 7.324 7.444 7.504 7.345
-9999 -9999 -9999 -9999 -9999 -9999 -9999 -9999 -9999 -9999 -9999 -9999 -9999 -9999 -9999 -9999 -9999 -9999 -9999 -9999 -9999 -9999 -9999 -9999 -9999 -9999 -9999 7.551 7.26 7.118 7.149 7.603 -9999 -9999 -9999 -9999 7.262 7.082 6.815 6.728 6.762 6.795 6.665 6.432 6.391 6.04 6.13 6.232 6.011 5.871 5.818 5.665 5.787 5.846 5.937 6.03 6.123 6.229 6.207 6.217 6.362 6.543 6.621 6.595 6.474 6.606 6.697 6.666 6.761 7.035 7.191 7.249 7.27 7.265 7.282 7.174 7.049
-9999 -9999 -9999 -9999 -9999 -9999 -9999 -9999 -9999 -9999 -9999 -9999 -9999 -9999 -9999 -9999 -9999 -9999 -9999 -9999 -9999 -9999 -9999 -9999 -9999 -9999 -9999 -9999 -9999 -9999 -9999 -9999 -9999 -9999 -9999 7.092 7.018 6.918 6.71 6.544 6.755 6.689 6.505 6.61 6.345 6.104 6.33 6.267 6.073 5.916 5.885 5.887 5.795 5.849 5.929 5.833 5.986 6.04 6.077 6.106 6.188 6.398 6.491 6.447 6.361 6.339 6.54 6.653 6.754 6.883 7.008 7.001 7.036 7.028 7.053 6.814 6.553
-9999 -9999 -9999 -9999 -9999 -9999 -9999 -9999 -9999 -9999 -9999 -9999 -9999 -9999 -9999 -9999 -9999 -9999 -9999 -9999 -9999 -9999 -9999 -9999 -9999 -9999 -9999 -9999 -9999 -9999 -9999 -9999 -9999 -9999 7.357 7.066 6.745 6.671 5.957 6.364 6.671 6.484 6.431 6.384 6.135 6.219 6.318 6.357 6.211 6.049 6.067 5.837 5.731 5.6 5.741 5.85 5.601 5.785 5.897 6.054 6.225 6.367 6.455 6.436 6.4 6.417 6.432 6.565 6.718 6.807 6.788 6.692 6.482 6.594 6.61 6.472 6.116
-9999 -9999 -9999 -9999 -9999 -9999 -9999 -9999 -9999 -9999 -9999 -9999 -9999 -9999 -9999 -9999 -9999 -9999 -9999 -9999 -9999 -9999 -9999 -9999 -9999 -9999 -9999 -9999 -9999 -9999 -9999 -9999 -9999 -9999 7.348 7.147 7.122 6.704 6.316 6.08 6.148 6.234 6.299 6.141 6.248 6.224 6.27 6.07 5.884 5.844 5.961 5.954 5.83 5.847 5.747 5.838 5.909 5.847 5.947 6.036 6.212 6.39 6.457 6.463 6.387 6.367 6.455 6.522 6.606 6.593 6.338 6.248 6.164 6.2 6.432 6.372 6.127
-9999 -9999 -9999 -9999 -9999 -9999 -9999 -9999 -9999 -9999 -9999 -9999 -9999 -9999 -9999 -9999 -9999 -9999 -9999 -9999 -9999 6.105 5.847 5.476 5.675 -9999 6.406 -9999 -9999 -9999 -9999 -9999 -9999 -9999 -9999 7.347 7.208 6.986 6.715 6.428 6.08 5.99 6.058 6.275 6.258 6.212 5.988 5.859 5.997 5.975 6.056 6.021 5.966 6.084 6.182 6.204 6.136 6.174 6.089 6.002 5.941 6.121 6.311 6.32 6.269 6.282 6.297 6.391 6.499 6.413 6.156 6.052 6.242 6.245 6.364 6.432 6.423
-9999 -9999 -9999 -9999 -9999 -9999 -9999 -9999 -9999 -9999 -9999 -9999 -9999 -9999 -9999 -9999 -9999 -9999 7.416 7.098 6.525 5.931 5.359 5.142 5.331 5.563 6.129 6.928 7.552 -9999 -9999 7.34 7.594 7.59 7.511 7.308 7.172 7.161 7.011 6.738 6.402 6.108 6.184 6.321 6.242 5.868 6.053 6.225 6.077 6.154 6.228 6.247 6.159 6.186 6.286 6.323 6.424 6.368 6.236 6.082 6.057 5.952 5.993 6.169 6.238 6.291 6.437 6.348 6.433 6.053 5.96 6.042 6.215 6.345 6.375 6.461 6.418
-9999 -9999 -9999 -9999 -9999 -9999 -9999 -9999 -9999 -9999 -9999 -9999 -9999 -9999 -9999 -9999 -9999 7.303 7.484 7.1 6.686 6.013 5.247 4.953 5.099 5.434 5.849 6.229 6.842 7.208 7.098 6.979 6.914 7.273 7.254 7.206 7.061 6.943 7.03 6.836 6.429 6.387 6.408 6.26 5.804 6.087 6.025 6.129 6.24 6.293 6.345 6.293 6.142 6.238 6.291 6.379 6.38 6.426 6.298 6.152 5.991 5.86 6.009 6.153 6.241 6.014 6.158 6.414 6.407 6.442 6.112 6.196 6.256 6.315 6.366 6.34 6.481
-9999 -9999 -9999 -9999 -9999 -9999 -9999 -9999 -9999 -9999 -9999 -9999 -9999 -9999 -9999 -9999 -9999 7.371 7.576 7.492 7.028 6.192 5.768 5.451 5.257 5.647 5.972 6.233 6.144 6.2 6.521 6.629 6.734 6.66 7.025 7.151 7.031 7.043 6.839 6.662 6.742 6.754 6.558 6.175 6.152 6.113 6.011 6.245 6.316 6.362 6.339 6.258 6.111 6.097 6.409 6.493 6.537 6.55 6.482 6.358 6.229 5.981 5.894 6.131 6.144 6.043 5.964 6.277 6.539 6.623 6.608 6.499 6.271 6.249 6.349 6.363 6.294
-9999 -9999 -9999 -9999 -9999 -9999 -9999 -9999 -9999 -9999 -9999 -9999 -9999 -9999 -9999 -9999 -9999 7.819 7.804 7.386 7.138 6.67 6.598 6.231 6.229 6.253 6.274 6.256 5.961 6.164 6.69 6.824 6.851 7.004 7.171 7.2 7.129 6.902 6.68 6.714 6.701 6.672 6.445 6.414 6.321 6.239 6.214 6.282 6.183 6.206 6.344 6.462 6.397 6.403 6.513 6.521 6.576 6.687 6.466 6.359 6.421 6.19 5.906 6.152 6.264 6.167 6.222 6.431 6.66 6.811 6.749 6.569 6.404 6.377 6.528 6.625 6.631
-9999 -9999 -9999 -9999 -9999 -9999 -9999 -9999 -9999 -9999 -9999 -9999 -9999 7.537 6.961 -9999 7.812 7.968 7.387 7.09 7.1 7.164 6.961 6.795 6.456 6.243 6.271 6.382 6.404 6.622 6.881 7.083 7.083 7.029 7.03 7.092 7.15 6.965 6.839 6.714 6.62 6.376 6.574 6.51 6.346 6.102 6.007 6.116 6.007 6.071 6.273 6.513 6.543 6.565 6.626 6.777 6.745 6.807 6.676 6.345 6.502 6.497 6.435 6.437 6.612 6.514 6.434 6.522 6.724 6.884 6.928 6.815 6.671 6.541 6.599 6.723 6.856
-9999 -9999 -9999 -9999 -9999 -9999 -9999 -9999 -9999 -9999 -9999 -9999 -9999 7.286 6.895 7.354 7.639 7.5 7.142 7.162 6.91 6.826 6.85 6.461 6.389 6.287 6.233 6.421 6.442 6.613 6.901 6.688 6.455 6.594 6.864 7.137 7.199 7.03 6.836 6.593 6.481 6.426 6.594 6.465 6.495 6.412 6.248 6.101 6.168 6.195 6.397 6.497 6.555 6.62 6.875 6.963 7.021 7.064 6.918 6.61 6.56 6.567 6.474 6.481 6.267 6.411 6.553 6.619 6.809 6.917 6.91 6.897 6.857 6.712 6.596 6.778 6.894
-9999 -9999 -9999 -9999 -9999 -9999 -9999 -9999 -9999 -9999 -9999 -9999 7.847 7.334 7.053 7.094 7.173 7.17 7.112 6.997 6.875 6.942 6.914 6.681 6.542 6.332 6.35 6.517 6.808 6.998 6.805 6.373 6.38 6.397 6.577 7.022 7.073 7.075 6.966 6.717 6.585 6.52 6.552 6.603 6.705 6.632 6.327 6.427 6.401 6.443 6.482 6.547 6.544 6.558 6.91 7.283 7.4 7.271 7.231 6.939 6.853 6.887 6.823 6.715 6.429 6.22 6.312 6.143 6.564 6.462 6.469 6.833 7.045 6.62 6.408 6.518 6.901
-9999 -9999 -9999 -9999 -9999 -9999 -9999 -9999 -9999 -9999 -9999 -9999 -9999 7.638 7.125 7.016 7.137 7.183 7.191 7.16 7.124 7.08 7.038 6.855 6.703 6.711 6.7 6.861 6.902 7.029 6.561 6.268 6.3 6.162 6.493 6.787 6.817 6.93 6.899 6.719 6.532 6.549 6.546 6.558 6.552 6.439 6.665 6.53 6.544 6.556 6.55 6.525 6.519 6.641 6.867 7.274 7.559 -9999 7.398 7.295 7.032 7.079 7.141 7.065 6.879 6.692 6.7 6.632 6.661 6.808 6.544 6.665 7.077 7.111 6.66 6.553 6.887
-9999 -9999 -9999 -9999 -9999 -9999 -9999 -9999 -9999 -9999 -9999 -9999 7.965 7.729 7.187 7.029 7.07 7.067 7.154 7.199 7.143 7.093 6.933 6.908 7.009 7.019 6.973 7.001 7.083 6.899 6.69 6.673 6.545 6.338 6.758 6.874 6.488 6.676 6.6 6.133 6.249 6.167 6.137 6.283 6.343 6.507 6.651 6.749 6.699 6.686 6.611 6.571 6.56 6.663 6.886 7.193 7.556 7.728 -9999 7.641 -9999 7.563 -9999 7.346 -9999 7.154 7.171 7.225 7.263 7.335 7.233 7.332 -9999 -9999 -9999 7.364 7.178
-9999 -9999 -9999 -9999 -9999 -9999 -9999 -9999 -9999 -9999 -9999 -9999 7.943 7.488 7.077 7.045 7.047 6.98 6.809 6.898 6.786 6.842 6.89 7.023 7.151 7.148 7.212 7.275 7.218 7.071 6.862 6.747 6.517 6.724 7.056 6.564 6.653 7.032 6.647 6.391 6.262 6.088 6.256 6.531 6.582 6.737 6.819 6.784 6.926 6.94 6.846 6.843 6.84 6.906 7.102 7.261 7.571 7.788 -9999 -9999 7.978 8.036 -9999 -9999 7.599 7.577 7.599 -9999 -9999 -9999 -9999 -9999 -9999 -9999 -9999 -9999 -9999
-9999 -9999 -9999 -9999 -9999 -9999 -9999 -9999 -9999 -9999 -9999 7.768 7.555 7.257 7.104 7.275 7.319 7.019 6.849 6.56 6.161 6.205 6.583 6.804 6.904 6.983 7.238 7.343 7.234 7.144 6.985 6.697 6.687 6.904 6.883 7.07 7.598 7.46 7.04 6.597 6.275 6.472 6.732 6.767 6.924 6.952 6.996 7.126 7.287 7.25 7.251 7.32 7.436 7.386 7.459 -9999 -9999 -9999 7.802 -9999 -9999 -9999 -9999 -9999 -9999 7.748 -9999 -9999 -9999 -9999 -9999 -9999 -9999 -9999 -9999 -9999 -9999
-9999 -9999 -9999 -9999 -9999 -9999 -9999 -9999 -9999 -9999 7.912 7.167 6.967 7.08 7.434 7.545 7.47 7.248 6.899 6.101 5.367 5.611 6.45 6.588 6.529 7.073 7.066 7.395 7.42 7.265 7.48 7.644 7.736 -9999 -9999 -9999 -9999 -9999 7.723 7.186 6.769 6.783 6.935 7.129 7.256 7.317 7.295 7.38 -9999 7.538 -9999 -9999 -9999 -9999 -9999 7.697 7.634 7.492 7.424 7.609 8.117 -9999 -9999 -9999 -9999 -9999 -9999 -9999 -9999 -9999 -9999 -9999 -9999 -9999 -9999 -9999 -9999
-9999 -9999 -9999 -9999 -9999 -9999 -9999 -9999 -9999 8.396 7.342 6.686 6.726 7.096 7.296 7.475 7.564 7.149 6.616 5.672 5.145 5.453 5.971 6.281 6.879 6.794 7.341 7.59 7.693 7.929 -9999 -9999 -9999 -9999 -9999 -9999 -9999 -9999 -9999 -9999 7.703 7.53 7.546 7.405 7.371 7.33 7.417 7.212 7.617 -9999 -9999 -9999 -9999 -9999 -9999 -9999 7.867 7.558 7.557 7.7 -9999 -9999 -9999 -9999 -9999 -9999 -9999 -9999 -9999 -9999 -9999 -9999 -9999 -9999 -9999 -9999 -9999
-9999 -9999 -9999 -9999 -9999 -9999 -9999 8.522 8.563 7.978 7.217 6.727 6.562 6.667 7.12 7.551 7.355 7.009 6.525 5.819 5.302 5.714 6.117 6.562 6.705 7.561 7.363 7.62 -9999 -9999 -9999 -9999 -9999 -9999 -9999 -9999 -9999 -9999 -9999 -9999 -9999 8.327 -9999 -9999 -9999 -9999 -9999 7.81 7.74 -9999 -9999 -9999 -9999 -9999 -9999 -9999 -9999 -9999 7.793 7.789 -9999 -9999 -9999 -9999 -9999 -9999 -9999 -9999 -9999 -9999 -9999 -9999 -9999 -9999 -9999 -9999 -9999
-9999 -9999 -9999 -9999 -9999 -9999 8.567 -9999 8.143 7.898 7.359 6.863 6.611 6.652 7.092 7.255 7.146 7.407 7.097 6.199 5.814 6.031 6.618 6.869 7.319 7.731 7.952 8.392 -9999 -9999 -9999 -9999 -9999 -9999 -9999 -9999 -9999 -9999 -9999 -9999 -9999 -9999 8.328 -9999 -9999 -9999 -9999 -9999 -9999 -9999 -9999 -9999 -9999 -9999 -9999 -9999 -9999 -9999 -9999 -9999 -9999 -9999 -9999 -9999 -9999 -9999 -9999 -9999 -9999 -9999 -9999 -9999 -9999 -9999 -9999 -9999 -9999
-9999 -9999 -9999 -9999 -9999 8.767 8.554 7.838 7.929 7.928 7.537 7.296 7.04 7.01 7.226 7.162 7.349 -9999 7.301 6.565 6.046 5.769 6.276 7.124 7.43 7.887 8.293 -9999 -9999 -9999 -9999 -9999 -9999 -9999 -9999 -9999 -9999 -9999 -9999 -9999 -9999 -9999 -9999 -9999 -9999 -9999 -9999 -9999 -9999 -9999 -9999 -9999 -9999 -9999 -9999 -9999 -9999 -9999 -9999 -9999 -9999 -9999 -9999 -9999 -9999 -9999 -9999 -9999 -9999 -9999 -9999 -9999 -9999 -9999 -9999 -9999 -9999
-9999 -9999 -9999 -9999 -9999 8.753 8.186 7.755 7.658 7.69 7.585 7.472 7.25 7.407 7.554 7.591 7.958 7.834 7.58 7.001 6.148 5.96 6.657 6.99 7.446 7.795 8.111 -9999 -9999 -9999 -9999 -9999 -9999 -9999 -9999 -9999 -9999 -9999 -9999 -9999 -9999 -9999 -9999 -9999 -9999 -9999 -9999 -9999 -9999 -9999 -9999 -9999 -9999 -9999 -9999 -9999 -9999 -9999 -9999 -9999 -9999 -9999 -9999 -9999 -9999 -9999 -9999 -9999 -9999 -9999 -9999 -9999 -9999 -9999 -9999 -9999 -9999
-9999 -9999 -9999 -9999 8.878 8.382 7.899 7.498 7.447 7.655 7.729 7.724 7.732 7.869 7.718 8.052 8.236 8.09 7.702 7.376 6.892 6.781 7.025 7.32 7.472 7.681 -9999 -9999 -9999 -9999 -9999 -9999 -9999 -9999 -9999 -9999 -9999 -9999 -9999 -9999 -9999 -9999 -9999 -9999 -9999 -9999 -9999 -9999 -9999 -9999 -9999 -9999 -9999 -9999 -9999 -9999 -9999 -9999 -9999 -9999 -9999 -9999 -9999 -9999 -9999 -9999 -9999 -9999 -9999 -9999 -9999 -9999 -9999 -9999 -9999 -9999 -9999
