Validation/Results/raw data/ReClimate_06_2024_1_Temperatureweatherlogisticsltd.asc
NCOLS 192
NROWS 249
XLLCENTER -225160.85627316462
YLLCENTER 29788.11610251502
CELLSIZE 5000.0
NODATA_VALUE -9999
[rows 136 to 169 of 249, columns 76 to 151 of 192]
-9999 -9999 -9999 -9999 -9999 -9999 -9999 -9999 -9999 -0.177 -9999 -0.262 -0.311 -0.365 -0.419 -0.467 -0.513 -0.558 -0.596 -0.635 -0.675 -0.686 -0.693 -0.715 -0.736 -0.745 -0.726 -0.693 -0.663 -9999 -9999 -9999 -9999 -9999 -9999 -0.539 -0.525 -0.487 -0.443 -0.381 -0.288 -0.21 -0.139 -0.084 -0.031 0.045 0.121 0.197 0.269 0.326 0.368 0.412 0.449 0.483 0.518 0.559 0.606 0.67 -9999 -9999 -9999 -9999 -9999 -9999 -9999 -9999 -9999 -9999 -9999 -9999 -9999 -9999 -9999 -9999 -9999 -9999
0.045 -9999 -9999 -9999 -9999 -9999 -9999 -9999 -9999 -0.168 -0.202 -0.254 -0.314 -0.369 -0.417 -0.469 -0.524 -0.57 -0.61 -0.646 -0.669 -0.686 -0.713 -0.734 -0.75 -0.753 -0.722 -0.696 -0.691 -9999 -9999 -9999 -9999 -0.581 -0.552 -0.534 -0.506 -0.463 -0.42 -0.347 -0.262 -0.189 -0.122 -0.063 0.008 0.081 0.145 0.219 0.291 0.347 0.389 0.434 0.471 0.51 0.548 0.602 0.637 0.697 -9999 -9999 -9999 -9999 -9999 -9999 -9999 -9999 -9999 -9999 -9999 -9999 -9999 -9999 -9999 -9999 -9999 -9999
0.055 0.042 -9999 -9999 -9999 -9999 -9999 -9999 -9999 -0.154 -0.193 -0.251 -9999 -9999 -0.416 -0.472 -0.529 -0.577 -9999 -0.644 -0.674 -0.702 -0.729 -0.748 -0.764 -0.759 -0.723 -9999 -9999 -9999 -9999 -9999 -0.607 -0.579 -0.546 -0.513 -0.483 -0.443 -0.393 -0.316 -0.239 -0.169 -0.104 -0.037 0.038 0.104 0.167 0.241 0.309 0.363 0.404 0.447 0.485 0.526 0.569 0.623 0.677 0.718 -9999 -9999 -9999 -9999 -9999 -9999 -9999 -9999 -9999 -9999 -9999 -9999 -9999 -9999 -9999 -9999 -9999 -9999
0.082 0.06 -9999 -9999 -9999 -9999 -9999 -9999 -9999 -9999 -0.197 -0.259 -9999 -9999 -9999 -0.477 -0.517 -0.564 -0.599 -9999 -9999 -0.719 -0.748 -0.77 -0.781 -0.772 -9999 -9999 -9999 -9999 -9999 -0.616 -0.59 -0.551 -0.505 -0.471 -0.44 -0.401 -0.348 -0.267 -0.194 -0.13 -0.079 -0.014 0.051 0.119 0.185 0.257 0.319 0.381 0.429 0.465 0.501 0.55 0.599 0.638 0.68 0.739 -9999 -9999 -9999 -9999 -9999 -9999 -9999 -9999 -9999 -9999 -9999 -9999 -9999 -9999 -9999 -9999 -9999 -9999
0.085 -9999 -9999 -9999 -9999 -9999 -9999 -9999 -9999 -9999 -9999 -0.252 -9999 -9999 -9999 -9999 -0.514 -0.559 -0.596 -9999 -9999 -9999 -0.758 -0.784 -9999 -9999 -9999 -9999 -9999 -9999 -9999 -0.62 -0.571 -0.523 -0.477 -0.443 -0.412 -0.376 -0.318 -0.237 -0.167 -0.111 -0.06 0.001 0.07 0.139 0.205 0.274 0.329 0.388 0.442 0.479 0.514 0.565 0.619 0.657 0.691 0.748 -9999 -9999 -9999 -9999 -9999 -9999 -9999 -9999 -9999 -9999 -9999 -9999 -9999 -9999 -9999 -9999 -9999 -9999
-9999 -9999 -9999 -9999 -9999 -9999 -9999 -9999 -9999 -9999 -9999 -0.242 -9999 -9999 -9999 -9999 -9999 -0.58 -0.638 -9999 -9999 -9999 -9999 -9999 -9999 -9999 -9999 -9999 -9999 -9999 -9999 -0.61 -0.556 -0.511 -0.471 -0.436 -0.402 -0.363 -0.293 -0.217 -0.151 -0.086 -0.009 0.052 0.113 0.188 0.272 0.335 0.369 0.409 0.452 0.489 0.528 0.575 0.625 0.672 0.712 0.769 0.826 -9999 -9999 -9999 -9999 -9999 -9999 -9999 -9999 -9999 -9999 -9999 -9999 -9999 -9999 -9999 -9999 -9999
0.065 0.062 0.05 0.06 -9999 -9999 -9999 -9999 -9999 -9999 -9999 -0.237 -9999 -9999 -9999 -9999 -9999 -9999 -9999 -9999 -9999 -9999 -9999 -9999 -9999 -9999 -9999 -9999 -9999 -9999 -0.652 -0.595 -0.537 -0.494 -0.456 -0.42 -0.388 -0.343 -0.273 -0.202 -0.137 -0.058 0.018 0.074 0.138 0.22 0.305 0.356 0.388 0.428 0.46 0.5 0.542 0.59 0.635 0.682 0.728 0.786 0.844 0.908 -9999 -9999 -9999 -9999 -9999 -9999 -9999 -9999 -9999 -9999 -9999 -9999 -9999 -9999 -9999 -9999
0.069 0.069 0.069 0.078 -9999 -9999 -9999 -9999 -9999 -9999 -9999 -9999 -9999 -9999 -9999 -9999 -9999 -9999 -9999 -9999 -9999 -9999 -9999 -9999 -9999 -9999 -9999 -9999 -9999 -0.643 -0.615 -0.553 -0.496 -0.459 -0.437 -0.402 -0.368 -0.322 -0.253 -0.185 -0.115 -0.037 0.039 0.093 0.145 0.224 0.301 0.353 0.384 0.427 0.468 0.512 0.56 0.605 0.65 0.7 0.747 0.798 0.853 0.911 -9999 -9999 -9999 -9999 -9999 -9999 -9999 -9999 -9999 -9999 -9999 -9999 -9999 -9999 -9999 -9999
0.064 0.068 -9999 0.072 0.071 -9999 -9999 -9999 -9999 -9999 -9999 -9999 -9999 -9999 -9999 -9999 -9999 -9999 -9999 -9999 -9999 -9999 -9999 -9999 -9999 -9999 -9999 -9999 -9999 -0.616 -0.585 -0.525 -0.469 -0.44 -0.417 -0.384 -0.353 -0.306 -0.236 -0.166 -0.099 -0.024 0.052 0.101 0.154 0.23 0.306 0.354 0.384 0.43 0.471 0.514 0.564 0.61 0.653 0.706 0.759 0.813 0.864 0.918 0.967 0.982 -9999 -9999 -9999 -9999 -9999 -9999 -9999 -9999 -9999 -9999 -9999 -9999 -9999 -9999
0.064 0.065 -9999 -9999 0.068 -9999 -9999 -9999 -9999 -9999 -9999 -9999 -9999 -9999 -9999 -9999 -9999 -9999 -9999 -9999 -9999 -9999 -9999 -9999 -9999 -9999 -9999 -9999 -9999 -0.582 -0.548 -0.491 -0.447 -0.417 -0.39 -0.359 -0.335 -0.29 -0.224 -0.154 -0.09 -0.02 0.052 0.113 0.193 0.261 0.305 0.349 0.387 0.433 0.475 0.53 0.587 0.633 0.676 0.713 0.759 0.816 0.873 0.909 0.944 0.986 1.009 1.052 1.089 -9999 -9999 -9999 -9999 -9999 -9999 -9999 -9999 -9999 -9999 -9999
0.057 0.055 0.05 -9999 0.049 -9999 -9999 -9999 -9999 -9999 -9999 -9999 -9999 -9999 -9999 -9999 -9999 -9999 -9999 -9999 -9999 -9999 -9999 -9999 -9999 -9999 -9999 -9999 -0.599 -0.566 -0.522 -0.473 -0.432 -0.4 -0.372 -0.345 -0.323 -0.278 -0.21 -0.142 -0.079 -0.009 0.063 0.138 0.217 0.269 0.308 0.353 0.389 0.434 0.477 0.531 0.594 0.641 0.683 0.721 0.757 0.813 0.866 0.902 0.929 0.975 1.019 1.051 1.087 1.14 1.098 -9999 -9999 -9999 -9999 -9999 -9999 -9999 -9999 -9999
0.057 0.056 -9999 0.041 -9999 -9999 -9999 -9999 -9999 -9999 -9999 -9999 -9999 -9999 -9999 -9999 -9999 -9999 -9999 -9999 -9999 -9999 -9999 -9999 -9999 -9999 -9999 -9999 -9999 -0.557 -0.514 -0.464 -0.416 -0.385 -0.359 -0.334 -0.317 -0.266 -0.185 -0.112 -0.044 0.018 0.07 0.145 0.223 0.281 0.341 0.387 0.425 0.45 0.482 0.523 0.577 0.63 0.677 0.726 0.769 0.818 0.864 0.889 0.915 0.971 1.027 1.062 1.095 1.14 1.176 1.136 -9999 -9999 -9999 -9999 -9999 -9999 -9999 -9999
0.045 0.039 0.031 0.006 -9999 -9999 -9999 -9999 -9999 -9999 -9999 -9999 -9999 -9999 -9999 -9999 -9999 -9999 -9999 -9999 -9999 -9999 -9999 -9999 -9999 -9999 -9999 -9999 -9999 -9999 -0.504 -0.451 -0.403 -0.373 -0.346 -0.324 -0.306 -0.247 -0.162 -0.088 -0.021 0.03 0.084 0.158 0.233 0.301 0.358 0.401 0.439 0.464 0.484 0.525 0.572 0.623 0.674 0.723 0.77 0.814 0.855 0.88 0.901 0.956 1.016 1.059 1.095 1.139 1.184 1.184 1.174 -9999 -9999 -9999 -9999 -9999 -9999 -9999
0.031 0.02 -0.003 -9999 -9999 -9999 -9999 -9999 -9999 -9999 -9999 -9999 -9999 -9999 -9999 -9999 -9999 -9999 -9999 -9999 -9999 -9999 -9999 -9999 -9999 -9999 -9999 -9999 -9999 -9999 -0.502 -0.456 -0.392 -0.36 -0.335 -0.304 -0.259 -0.198 -0.134 -0.061 0.008 0.061 0.113 0.181 0.241 0.305 0.357 0.398 0.43 0.461 0.498 0.54 0.587 0.625 0.667 0.718 0.763 0.811 0.854 0.896 0.929 0.955 0.997 1.037 1.077 1.114 1.15 1.178 1.189 1.195 -9999 -9999 -9999 -9999 -9999 -9999
0.009 -0.009 -0.036 -9999 -9999 -9999 -9999 -9999 -9999 -9999 -9999 -9999 -9999 -9999 -9999 -9999 -9999 -9999 -9999 -9999 -9999 -9999 -9999 -9999 -9999 -9999 -9999 -9999 -9999 -9999 -9999 -0.448 -0.383 -0.351 -0.323 -0.276 -0.221 -0.173 -0.114 -0.042 0.028 0.082 0.132 0.192 0.25 0.311 0.358 0.396 0.428 0.466 0.503 0.546 0.593 0.633 0.666 0.711 0.755 0.8 0.846 0.888 0.93 0.957 0.981 1.019 1.057 1.098 1.133 1.163 1.183 1.21 -9999 -9999 -9999 -9999 -9999 -9999
-9999 -9999 -9999 -9999 -9999 -9999 -9999 -9999 -9999 -9999 -9999 -9999 -9999 -9999 -9999 -9999 -9999 -9999 -9999 -9999 -9999 -9999 -9999 -9999 -9999 -9999 -9999 -9999 -9999 -9999 -9999 -0.437 -0.38 -0.342 -0.294 -0.236 -0.185 -0.145 -0.099 -0.031 0.03 0.09 0.151 0.211 0.267 0.323 0.369 0.406 0.439 0.48 0.518 0.559 0.608 0.648 0.679 0.716 0.754 0.797 0.842 0.879 0.918 0.944 0.966 1.01 1.052 1.09 1.13 1.171 1.194 1.213 1.225 -9999 -9999 -9999 -9999 -9999
-9999 -9999 -9999 -9999 -9999 -9999 -9999 -9999 -9999 -9999 -9999 -9999 -9999 -9999 -9999 -9999 -9999 -9999 -9999 -9999 -9999 -9999 -9999 -9999 -9999 -9999 -9999 -9999 -9999 -9999 -9999 -9999 -0.376 -0.326 -0.266 -0.211 -0.162 -0.129 -0.087 -0.025 0.038 0.104 0.165 0.225 0.277 0.331 0.375 0.411 0.444 0.484 0.526 0.569 0.613 0.65 0.679 0.714 0.748 0.79 0.834 0.87 0.905 0.93 0.952 0.995 1.04 1.078 1.116 1.16 1.19 1.209 1.226 -9999 -9999 -9999 -9999 -9999
-9999 -9999 -9999 -9999 -9999 -9999 -9999 -9999 -9999 -9999 -9999 -9999 -9999 -9999 -9999 -9999 -9999 -9999 -9999 -9999 -9999 -9999 -9999 -9999 -9999 -9999 -9999 -9999 -9999 -9999 -9999 -9999 -0.36 -9999 -0.242 -0.197 -0.176 -0.145 -9999 -0.026 0.059 0.13 0.202 0.254 0.279 0.329 0.368 0.404 0.439 0.479 0.52 0.565 0.608 0.658 0.697 0.726 0.758 0.787 0.822 0.857 0.892 0.925 0.952 0.994 1.039 1.08 1.12 1.14 1.16 1.189 1.208 1.22 -9999 -9999 -9999 -9999
-9999 -9999 -9999 -9999 -9999 -9999 -9999 -9999 -9999 -9999 -9999 -9999 -9999 -9999 -9999 -9999 -9999 -9999 -9999 -9999 -9999 -9999 -9999 -9999 -9999 -9999 -9999 -9999 -9999 -9999 -9999 -9999 -9999 -0.296 -0.223 -9999 -9999 -9999 -9999 -0.018 0.074 0.149 0.221 0.258 0.282 0.329 0.365 0.403 0.439 0.479 0.515 0.558 0.602 0.65 0.698 0.728 0.756 0.786 0.812 0.847 0.881 0.914 0.944 0.986 1.029 1.07 1.112 1.129 1.132 1.168 1.195 1.207 1.218 1.226 -9999 -9999
-9999 -9999 -9999 -9999 -9999 -9999 -9999 -9999 -9999 -9999 -9999 -9999 -9999 -9999 -9999 -9999 -9999 -9999 -9999 -9999 -9999 -9999 -9999 -9999 -9999 -9999 -9999 -9999 -9999 -9999 -9999 -9999 -9999 -0.283 -0.222 -9999 -9999 -9999 -9999 -0.031 0.076 0.146 0.202 0.249 0.304 0.346 0.367 0.406 0.44 0.479 0.518 0.565 0.612 0.648 0.689 0.718 0.745 0.79 0.826 0.854 0.885 0.916 0.946 0.982 1.022 1.051 1.082 1.111 1.121 1.143 1.173 1.197 1.211 1.22 -9999 -9999
-9999 -9999 -9999 -9999 -9999 -9999 -9999 -9999 -9999 -9999 -9999 -9999 -9999 -9999 -9999 -9999 -9999 -9999 -9999 -9999 -9999 -9999 -9999 -9999 -9999 -9999 -9999 -9999 -9999 -9999 -9999 -9999 -9999 -0.278 -9999 -9999 -9999 -9999 -0.12 -0.039 0.061 0.122 0.178 0.24 0.296 0.331 0.352 0.391 0.426 0.47 0.516 0.565 0.614 0.65 0.683 0.712 0.739 0.782 0.826 0.854 0.881 0.912 0.941 0.976 1.012 1.041 1.061 1.085 1.103 1.126 1.149 1.182 1.203 -9999 -9999 -9999
-9999 -9999 -9999 -9999 -9999 -9999 -9999 -9999 -9999 -9999 -9999 -9999 -9999 -9999 -9999 -9999 -9999 -9999 -9999 -9999 -9999 -9999 -9999 -9999 -9999 -9999 -9999 -9999 -9999 -9999 -9999 -9999 -9999 -9999 -9999 -9999 -9999 -9999 -0.093 -0.036 0.017 0.086 0.156 0.213 0.263 0.305 0.357 0.4 0.432 0.477 0.523 0.568 0.617 0.647 0.676 0.706 0.734 0.783 0.831 0.853 0.877 0.913 0.946 0.979 1.014 1.044 1.063 1.087 1.109 1.132 1.156 1.176 1.194 -9999 -9999 -9999
-9999 -9999 -9999 -9999 -9999 -9999 -9999 -9999 -9999 -9999 -9999 -9999 -9999 -9999 -9999 -9999 -9999 -9999 -9999 -9999 -9999 -9999 -9999 -9999 -9999 -9999 -9999 -9999 -9999 -9999 -9999 -9999 -9999 -9999 -9999 -9999 -9999 -9999 -0.091 -0.063 -0.019 0.052 0.121 0.173 0.227 0.291 0.349 0.389 0.423 0.467 0.51 0.554 0.6 0.634 0.665 0.699 0.729 0.777 0.828 0.851 0.87 0.906 0.942 0.976 1.009 1.034 1.051 1.075 1.099 1.122 1.146 1.166 1.186 -9999 -9999 -9999
-9999 -9999 -9999 -9999 -9999 -9999 -9999 -9999 -9999 -9999 -9999 -9999 -9999 -9999 -9999 -9999 -9999 -9999 -9999 -9999 -9999 -9999 -9999 -9999 -9999 -9999 -9999 -9999 -9999 -9999 -9999 -9999 -9999 -9999 -9999 -9999 -9999 -0.132 -0.099 -0.07 -0.02 0.039 0.086 0.153 0.23 0.299 0.347 0.386 0.413 0.452 0.491 0.534 0.579 0.614 0.647 0.692 0.734 0.781 0.828 0.855 0.878 0.911 0.946 0.976 1.003 1.027 1.043 1.059 1.078 1.107 1.134 1.16 1.173 1.196 -9999 -9999
-9999 -9999 -9999 -9999 -9999 -9999 -9999 -9999 -9999 -9999 -9999 -9999 -9999 -9999 -9999 -9999 -9999 -9999 -9999 -9999 -9999 -9999 -9999 -9999 -9999 -9999 -9999 -9999 -9999 -9999 -9999 -9999 -9999 -9999 -9999 -9999 -9999 -0.139 -0.114 -0.08 -0.035 0.006 0.057 0.135 0.218 0.281 0.331 0.369 0.397 0.436 0.473 0.514 0.559 0.592 0.624 0.668 0.714 0.772 0.822 0.851 0.876 0.909 0.942 0.971 0.992 1.012 1.029 1.045 1.059 1.087 1.117 1.144 1.172 1.189 -9999 -9999
-9999 -9999 -9999 -9999 -9999 -9999 -9999 -9999 -9999 -9999 -9999 -9999 -9999 -9999 -9999 -9999 -9999 -9999 -9999 -9999 -9999 -9999 -9999 -9999 -9999 -9999 -9999 -9999 -9999 -9999 -9999 -9999 -9999 -9999 -9999 -9999 -0.188 -0.156 -0.123 -0.09 -0.055 -0.017 0.04 0.124 0.209 0.27 0.313 0.354 0.382 0.418 0.452 0.491 0.533 0.576 0.611 0.64 0.676 0.743 0.808 0.845 0.872 0.902 0.932 0.965 0.988 1.002 1.016 1.036 1.054 1.083 1.115 1.132 1.155 1.191 1.202 -9999
-9999 -9999 -9999 -9999 -9999 -9999 -9999 -9999 -9999 -9999 -9999 -9999 -9999 -9999 -9999 -9999 -9999 -9999 -9999 -9999 -9999 -9999 -9999 -9999 -9999 -9999 -9999 -9999 -9999 -9999 -9999 -9999 -9999 -9999 -9999 -9999 -0.209 -0.172 -0.138 -0.104 -0.07 -0.034 0.016 0.103 0.188 0.244 0.29 0.333 0.363 0.399 0.432 0.471 0.511 0.552 0.593 0.621 0.648 0.712 0.783 0.825 0.864 0.898 0.92 0.95 0.976 0.99 1.001 1.022 1.042 1.071 1.103 1.121 1.139 1.175 1.204 -9999
-9999 -9999 -9999 -9999 -9999 -9999 -9999 -9999 -9999 -9999 -9999 -9999 -9999 -9999 -9999 -9999 -9999 -9999 -9999 -9999 -9999 -9999 -9999 -9999 -9999 -9999 -9999 -9999 -9999 -9999 -9999 -9999 -9999 -9999 -9999 -9999 -0.223 -0.186 -0.141 -0.104 -0.077 -0.05 -0.008 0.075 0.156 0.217 0.282 0.325 0.35 0.395 0.434 0.463 0.496 0.528 0.564 0.603 0.636 0.679 0.737 0.786 0.83 0.883 0.913 0.941 0.968 0.983 0.996 1.016 1.036 1.057 1.084 1.104 1.121 1.159 1.194 1.207
-9999 -9999 -9999 -9999 -9999 -9999 -9999 -9999 -9999 -9999 -9999 -9999 -9999 -9999 -9999 -9999 -9999 -9999 -9999 -9999 -9999 -9999 -9999 -9999 -9999 -9999 -9999 -9999 -9999 -9999 -9999 -9999 -9999 -9999 -9999 -9999 -9999 -0.194 -0.148 -0.116 -0.088 -0.064 -0.026 0.043 0.123 0.193 0.258 0.3 0.329 0.376 0.42 0.45 0.476 0.508 0.539 0.578 0.618 0.661 0.706 0.754 0.798 0.848 0.895 0.928 0.956 0.972 0.985 1.005 1.025 1.047 -9999 1.088 -9999 1.142 1.18 1.197
-9999 -9999 -9999 -9999 -9999 -9999 -9999 -9999 -9999 -9999 -9999 -9999 -9999 -9999 -9999 -9999 -9999 -9999 -9999 -9999 -9999 -9999 -9999 -9999 -9999 -9999 -9999 -9999 -9999 -9999 -9999 -9999 -9999 -9999 -9999 -9999 -0.236 -0.197 -0.155 -0.126 -0.102 -0.072 -0.029 0.032 0.092 0.161 0.225 0.27 0.305 0.357 0.403 0.428 0.45 0.489 0.525 0.572 0.617 0.644 0.68 0.724 0.765 0.809 0.856 0.905 0.939 0.953 0.966 0.981 0.997 1.014 1.032 1.069 1.098 -9999 1.165 1.181
-9999 -9999 -9999 -9999 -9999 -9999 -9999 -9999 -9999 -9999 -9999 -9999 -9999 -9999 -9999 -9999 -9999 -9999 -9999 -9999 -9999 -9999 -9999 -9999 -9999 -9999 -9999 -9999 -9999 -9999 -9999 -9999 -9999 -9999 -9999 -9999 -0.24 -0.201 -0.162 -0.138 -0.115 -0.078 -0.035 0.012 0.065 0.128 0.192 0.24 0.279 0.335 0.382 0.408 0.429 0.467 0.508 0.554 0.603 0.63 0.652 0.694 0.733 0.776 0.821 0.873 0.92 0.939 0.951 0.966 0.98 0.997 1.012 1.046 1.084 1.117 -9999 -9999
-9999 -9999 -9999 -9999 -9999 -9999 -9999 -9999 -9999 -9999 -9999 -9999 -9999 -9999 -9999 -9999 -9999 -9999 -9999 -9999 -9999 -9999 -9999 -9999 -9999 -9999 -9999 -9999 -9999 -9999 -9999 -9999 -9999 -9999 -9999 -0.278 -0.239 -0.202 -0.169 -0.143 -0.114 -0.076 -0.031 0.016 0.072 0.125 0.168 0.222 0.275 0.322 0.364 0.395 0.418 0.454 0.493 0.528 0.569 0.612 0.642 0.672 0.707 0.753 0.799 0.834 0.878 0.913 0.93 0.952 0.969 0.993 1.013 1.039 1.071 1.098 1.136 1.167
-9999 -9999 -9999 -9999 -9999 -9999 -9999 -9999 -9999 -9999 -9999 -9999 -9999 -9999 -9999 -9999 -9999 -9999 -9999 -9999 -9999 -9999 -9999 -9999 -9999 -9999 -9999 -9999 -9999 -9999 -9999 -9999 -9999 -9999 -9999 -0.277 -0.243 -0.209 -0.176 -0.149 -0.119 -0.077 -0.035 0.012 0.064 0.103 0.14 0.197 0.254 0.301 0.341 0.375 0.402 0.438 0.476 0.509 0.54 0.58 0.62 0.649 0.679 0.725 0.773 0.808 0.842 0.888 0.916 0.938 0.96 0.984 1.01 1.035 1.062 1.089 1.117 1.152
-9999 -9999 -9999 -9999 -9999 -9999 -9999 -9999 -9999 -9999 -9999 -9999 -9999 -9999 -9999 -9999 -9999 -9999 -9999 -9999 -9999 -9999 -9999 -9999 -9999 -9999 -9999 -9999 -9999 -9999 -9999 -9999 -9999 -9999 -9999 -9999 -0.249 -0.214 -0.176 -0.147 -0.113 -0.076 -0.048 -0.001 0.053 0.09 0.129 0.18 0.235 0.283 0.314 0.356 0.387 0.428 0.465 0.491 0.516 0.554 0.593 0.623 0.652 0.697 0.745 0.783 0.82 0.863 0.904 0.945 0.977 0.988 1.006 1.035 1.064 1.077 1.097 1.151
