Validation/Results/raw data/ReClimate_08_2024_2weatherlogisticsltd.asc
NCOLS 192
NROWS 249
XLLCENTER -225160.85627316462
YLLCENTER 29788.11610251502
CELLSIZE 5000.0
NODATA_VALUE -9999
[rows 66 to 98 of 249, columns 74 to 147 of 192]
-9999 -9999 -9999 -9999 -9999 -9999 -9999 -9999 -9999 -9999 -9999 102.247 -9999 102.428 102.295 102.213 101.862 101.989 102.322 102.742 103.64 104.206 104.611 104.919 105.15 105.4 105.584 105.498 105.677 106.009 106.307 106.421 -9999 -9999 -9999 -9999 -9999 -9999 -9999 -9999 -9999 -9999 -9999 -9999 -9999 -9999 -9999 -9999 -9999 -9999 -9999 -9999 -9999 -9999 -9999 -9999 -9999 -9999 -9999 -9999 -9999 -9999 -9999 -9999 -9999 -9999 -9999 -9999 -9999 -9999 -9999 -9999 -9999 -9999
-9999 -9999 -9999 -9999 -9999 -9999 -9999 -9999 -9999 -9999 -9999 -9999 102.496 102.431 102.573 102.4 102.583 103.049 103.637 104.333 104.833 105.184 105.39 105.662 105.956 106.163 106.361 106.594 106.84 107.049 -9999 -9999 -9999 -9999 -9999 -9999 -9999 -9999 -9999 -9999 -9999 -9999 -9999 -9999 -9999 -9999 -9999 -9999 -9999 -9999 -9999 -9999 -9999 -9999 -9999 -9999 -9999 -9999 -9999 -9999 -9999 -9999 -9999 -9999 -9999 -9999 -9999 -9999 -9999 -9999 -9999 -9999 -9999 -9999
-9999 -9999 -9999 -9999 -9999 -9999 -9999 -9999 -9999 -9999 -9999 -9999 102.343 102.591 102.869 103.098 103.172 103.722 104.233 104.811 105.442 105.754 106.113 106.408 106.684 106.902 107.102 107.311 107.427 107.566 -9999 -9999 -9999 -9999 -9999 -9999 -9999 -9999 -9999 -9999 -9999 -9999 -9999 -9999 -9999 -9999 -9999 -9999 -9999 -9999 -9999 -9999 -9999 -9999 -9999 -9999 -9999 -9999 -9999 -9999 -9999 -9999 -9999 -9999 -9999 -9999 -9999 -9999 -9999 -9999 -9999 -9999 -9999 -9999
-9999 -9999 -9999 -9999 -9999 -9999 -9999 -9999 -9999 -9999 -9999 -9999 -9999 -9999 103.492 103.757 104.007 104.561 105.127 105.576 105.71 106.23 106.946 107.176 107.243 107.426 107.57 107.781 -9999 -9999 -9999 -9999 -9999 -9999 -9999 -9999 -9999 -9999 -9999 -9999 -9999 -9999 -9999 -9999 -9999 -9999 -9999 -9999 -9999 -9999 -9999 -9999 -9999 -9999 -9999 -9999 -9999 -9999 -9999 -9999 -9999 -9999 -9999 -9999 -9999 -9999 -9999 -9999 -9999 -9999 -9999 -9999 -9999 -9999
-9999 -9999 -9999 -9999 -9999 -9999 -9999 -9999 102.608 -9999 -9999 102.222 102.348 103.055 103.917 104.36 104.994 105.56 106.083 106.326 106.611 107.07 107.204 107.423 107.779 107.945 108.232 108.424 -9999 -9999 -9999 -9999 -9999 -9999 -9999 -9999 -9999 -9999 -9999 -9999 -9999 -9999 -9999 -9999 -9999 -9999 -9999 -9999 -9999 -9999 -9999 -9999 -9999 -9999 -9999 -9999 -9999 -9999 -9999 -9999 -9999 -9999 -9999 -9999 -9999 -9999 -9999 -9999 -9999 -9999 -9999 -9999 -9999 -9999
-9999 -9999 -9999 -9999 -9999 -9999 103.042 102.902 102.386 102.219 101.934 101.767 101.619 102.583 103.794 104.614 105.336 105.748 105.959 106.41 107.027 106.863 106.227 107.101 108.31 108.702 109.326 109.286 -9999 -9999 -9999 -9999 -9999 -9999 -9999 -9999 -9999 -9999 -9999 -9999 -9999 -9999 -9999 -9999 -9999 -9999 -9999 -9999 -9999 -9999 -9999 -9999 -9999 -9999 -9999 -9999 -9999 -9999 -9999 -9999 -9999 -9999 -9999 -9999 -9999 -9999 -9999 -9999 -9999 -9999 -9999 -9999 -9999 -9999
-9999 -9999 -9999 -9999 -9999 -9999 103.401 102.818 -9999 102.605 102.604 102.589 102.933 103.984 105.072 105.713 106.133 106.475 106.933 107.427 107.655 107.44 107.819 108.614 108.865 109.348 109.748 -9999 109.435 -9999 -9999 -9999 -9999 -9999 -9999 -9999 -9999 -9999 -9999 -9999 -9999 -9999 -9999 -9999 -9999 -9999 -9999 -9999 -9999 -9999 -9999 -9999 -9999 -9999 -9999 -9999 -9999 -9999 -9999 -9999 -9999 -9999 -9999 -9999 -9999 -9999 -9999 -9999 -9999 -9999 -9999 -9999 -9999 -9999
-9999 -9999 -9999 -9999 -9999 -9999 -9999 103.356 102.965 102.867 102.939 103.398 103.632 104.73 105.849 106.38 106.989 107.488 108.103 108.318 108.347 108.627 108.918 109.171 109.376 109.682 109.865 109.836 109.959 -9999 -9999 -9999 -9999 -9999 -9999 -9999 -9999 -9999 -9999 -9999 -9999 -9999 -9999 -9999 -9999 -9999 -9999 -9999 -9999 -9999 -9999 -9999 -9999 -9999 -9999 -9999 -9999 -9999 -9999 -9999 -9999 -9999 -9999 -9999 -9999 -9999 -9999 -9999 -9999 -9999 -9999 -9999 -9999 -9999
104.302 -9999 -9999 -9999 -9999 -9999 -9999 -9999 103.436 103.386 103.873 104.473 105.521 106.4 106.845 107.476 108.145 108.478 108.393 108.557 108.85 109.128 109.44 109.676 109.908 110.087 110.233 110.37 110.523 -9999 -9999 -9999 -9999 -9999 -9999 -9999 -9999 -9999 -9999 -9999 -9999 -9999 -9999 -9999 -9999 -9999 -9999 -9999 -9999 -9999 -9999 -9999 -9999 -9999 -9999 -9999 -9999 -9999 -9999 -9999 -9999 -9999 -9999 -9999 -9999 -9999 -9999 -9999 -9999 -9999 -9999 -9999 -9999 -9999
104.805 -9999 -9999 -9999 -9999 -9999 104.533 104.121 103.874 103.889 104.764 105.788 106.756 107.299 107.747 108.421 109.145 109.138 109.114 109.412 109.64 109.942 110.31 110.373 110.453 110.609 -9999 110.905 -9999 -9999 -9999 -9999 -9999 -9999 111.941 112.144 112.352 -9999 -9999 -9999 -9999 -9999 -9999 -9999 -9999 -9999 -9999 -9999 -9999 -9999 -9999 -9999 -9999 -9999 -9999 -9999 -9999 -9999 -9999 -9999 -9999 -9999 -9999 -9999 -9999 -9999 -9999 -9999 -9999 -9999 -9999 -9999 -9999 -9999
105.64 105.512 -9999 -9999 -9999 -9999 -9999 104.665 104.644 105.429 106.152 106.831 107.142 107.722 108.314 108.917 109.323 109.391 109.458 109.796 110.281 110.584 110.722 110.87 111.034 111.165 111.294 -9999 -9999 -9999 -9999 111.882 112.029 112.252 112.484 112.72 112.939 113.094 113.243 113.368 113.469 113.556 113.609 113.639 113.642 113.618 113.562 113.543 113.41 113.225 112.971 112.845 113.364 -9999 -9999 -9999 -9999 -9999 -9999 -9999 -9999 -9999 -9999 -9999 -9999 -9999 -9999 -9999 -9999 -9999 -9999 -9999 -9999 -9999
106.194 106.061 -9999 -9999 -9999 105.71 -9999 105.315 105.868 106.483 106.965 107.384 107.975 108.625 109.142 109.632 110.032 110.129 110.164 110.641 111.085 111.232 111.422 111.54 111.665 111.78 -9999 -9999 -9999 -9999 112.535 112.535 112.835 113.12 113.385 113.634 113.845 114.031 114.193 114.331 114.447 114.533 114.58 114.636 114.7 114.708 114.691 114.426 113.757 113.888 114.289 114.156 114.072 -9999 -9999 -9999 -9999 -9999 -9999 -9999 -9999 -9999 -9999 -9999 -9999 -9999 -9999 -9999 -9999 -9999 -9999 -9999 -9999 -9999
106.796 106.679 -9999 -9999 -9999 106.249 106.098 106.216 106.824 107.335 107.835 108.401 109.052 109.547 109.926 110.397 110.761 110.969 111.284 111.621 111.759 111.945 112.073 112.21 112.333 -9999 -9999 112.734 112.868 113.037 113.188 113.502 113.824 114.124 114.399 114.646 114.869 115.067 115.242 115.396 115.53 115.622 115.687 115.8 115.891 115.939 115.973 115.514 115.097 115.539 115.892 115.837 115.703 115.585 -9999 -9999 -9999 -9999 -9999 -9999 -9999 -9999 -9999 -9999 -9999 -9999 -9999 -9999 -9999 -9999 -9999 -9999 -9999 -9999
107.471 107.348 -9999 107.079 -9999 106.8 106.716 107.085 107.685 108.227 108.755 109.304 109.778 110.166 110.552 110.97 111.316 111.741 112.14 112.304 112.45 112.591 112.699 112.819 112.876 -9999 113.616 113.685 113.813 113.999 114.251 114.509 114.721 115.05 115.411 115.645 115.827 116.045 116.281 116.443 116.578 116.694 116.835 116.955 117.05 116.914 116.377 116.418 117.126 117.309 117.158 117.389 117.45 117.498 -9999 -9999 -9999 -9999 -9999 -9999 -9999 -9999 -9999 -9999 -9999 -9999 -9999 -9999 -9999 -9999 -9999 -9999 -9999 -9999
108.057 -9999 107.747 -9999 -9999 -9999 107.363 107.876 108.446 108.982 109.484 109.934 110.381 110.805 111.259 111.642 112.087 112.555 112.935 113.09 113.154 113.272 113.362 113.561 114.21 114.353 114.567 114.716 114.895 115.102 115.346 115.56 115.824 116.156 116.438 116.612 116.699 116.984 117.314 117.476 117.616 117.781 117.933 118.063 118.186 117.588 116.545 117.335 118.653 118.571 118.461 118.76 119.18 119.399 -9999 -9999 -9999 -9999 -9999 -9999 -9999 -9999 -9999 -9999 -9999 -9999 -9999 -9999 -9999 -9999 -9999 -9999 -9999 -9999
108.459 108.273 -9999 -9999 -9999 -9999 107.994 108.593 109.249 -9999 110.115 110.507 110.811 111.338 111.862 112.368 112.947 113.304 113.464 113.687 113.882 113.734 113.116 113.88 115.044 115.131 115.319 115.382 115.253 115.675 116.432 116.689 116.953 117.23 117.503 117.511 117.247 117.395 117.376 117.834 118.633 118.829 119.006 119.155 119.303 118.885 118.991 119.767 119.94 119.984 120.171 120.55 120.914 121.125 -9999 -9999 -9999 -9999 -9999 -9999 -9999 -9999 -9999 -9999 -9999 -9999 -9999 -9999 -9999 -9999 -9999 -9999 -9999 -9999
109.026 108.791 -9999 -9999 -9999 108.238 -9999 -9999 109.803 110.242 110.71 111.132 111.739 112.185 112.472 112.997 113.414 113.692 113.988 114.307 114.613 114.603 115.144 115.949 116.074 116.312 116.553 116.235 115.445 116.203 117.497 117.768 118.039 118.267 118.446 118.417 118.508 118.532 118.589 119.209 119.721 119.901 120.069 120.236 120.407 120.585 120.775 120.98 121.207 121.419 121.638 122.09 122.505 -9999 -9999 -9999 -9999 -9999 -9999 -9999 -9999 -9999 -9999 -9999 -9999 -9999 -9999 -9999 -9999 -9999 -9999 -9999 -9999 -9999
109.397 109.204 109.106 108.813 -9999 -9999 -9999 109.834 110.349 -9999 111.263 111.778 112.223 112.566 112.983 113.401 113.81 114.161 114.525 114.912 115.419 116.116 116.661 116.866 117.049 117.307 117.584 117.312 117.48 118.382 118.973 119.14 119.098 119.292 119.452 119.553 119.614 119.641 119.485 119.723 119.686 120.193 121.127 121.311 121.504 121.71 121.934 122.182 122.462 122.743 123.121 123.603 -9999 -9999 -9999 -9999 -9999 -9999 -9999 -9999 -9999 -9999 -9999 -9999 -9999 -9999 -9999 -9999 -9999 -9999 -9999 -9999 -9999 -9999
109.792 109.727 109.676 109.162 -9999 109.226 109.924 110.434 110.902 111.352 111.788 112.214 112.632 113.042 113.461 113.873 114.283 114.686 115.087 115.635 116.356 117.002 117.432 117.766 118.077 118.263 118.299 118.595 118.997 119.226 118.949 119.243 120.138 120.305 120.351 120.311 120.082 120.355 121.001 121.058 121.308 121.993 122.182 122.382 122.597 122.831 123.09 123.381 123.714 124.1 124.557 125.091 -9999 -9999 -9999 -9999 -9999 -9999 -9999 -9999 -9999 -9999 -9999 -9999 -9999 -9999 -9999 -9999 -9999 -9999 -9999 -9999 -9999 -9999
110.39 110.339 110.148 109.861 109.707 109.994 110.496 -9999 111.42 111.808 112.092 112.456 112.775 113.265 113.873 114.303 114.772 115.205 115.758 116.515 117.197 117.684 118.116 118.522 118.875 119.099 119.365 119.412 118.898 119.084 119.996 120.648 121.151 121.355 121.632 120.995 119.548 120.54 122.61 122.857 123.116 123.249 123.223 123.388 123.457 123.743 124.139 124.505 124.971 125.424 125.964 -9999 -9999 -9999 -9999 -9999 -9999 -9999 -9999 -9999 -9999 -9999 -9999 -9999 -9999 -9999 -9999 -9999 -9999 -9999 -9999 -9999 -9999 -9999
110.822 -9999 -9999 -9999 110.296 110.535 -9999 111.464 111.911 112.27 112.685 113.044 113.438 113.953 114.363 114.809 115.243 115.788 116.607 117.303 117.797 118.254 118.687 119.102 119.507 119.88 120.238 120.183 120.442 121.07 121.31 121.814 122.141 122.47 122.764 121.989 121.61 122.638 122.57 122.795 122.821 123.128 124.158 124.198 124.066 124.507 125.074 125.577 126.241 126.765 127.234 -9999 -9999 -9999 -9999 -9999 -9999 -9999 -9999 -9999 -9999 -9999 -9999 -9999 -9999 -9999 -9999 -9999 -9999 -9999 -9999 -9999 -9999 -9999
-9999 -9999 -9999 110.851 110.777 -9999 111.495 111.944 -9999 112.812 113.375 113.724 114.01 114.423 114.848 115.263 115.75 116.532 117.246 117.804 118.28 118.6 118.638 119.114 119.994 120.531 121.249 121.538 121.91 121.057 118.148 118.493 119.451 120.423 122.446 122.766 123.484 123.422 123.379 123.508 123.727 124.51 125.218 124.972 124.46 125.14 125.934 126.612 127.115 127.601 128.02 -9999 -9999 -9999 -9999 -9999 -9999 -9999 -9999 -9999 -9999 -9999 -9999 -9999 -9999 -9999 -9999 -9999 -9999 -9999 -9999 -9999 -9999 -9999
-9999 -9999 -9999 111.288 -9999 -9999 111.976 112.405 112.842 113.316 113.681 114.015 114.445 114.854 115.261 115.702 116.341 117.025 117.655 118.216 118.699 118.981 119.397 120.041 120.41 120.937 121.16 121.482 121.488 120.203 120.877 121.682 122.664 123.952 124.005 124.591 124.818 124.676 124.298 124.486 124.631 125.196 125.738 125.412 125.276 125.773 127.07 127.483 127.805 128.299 128.814 -9999 -9999 -9999 -9999 -9999 -9999 -9999 -9999 -9999 -9999 -9999 -9999 -9999 -9999 -9999 -9999 -9999 -9999 -9999 -9999 -9999 -9999 -9999
-9999 -9999 -9999 -9999 -9999 -9999 -9999 112.822 113.127 113.52 113.9 114.304 114.725 115.149 115.619 116.062 116.736 117.379 118.0 118.568 119.07 119.535 119.964 120.516 121.334 121.441 121.372 121.651 122.152 122.817 123.228 123.998 124.69 124.94 125.303 125.677 125.932 125.356 124.159 124.142 123.775 124.715 126.888 126.829 126.62 127.407 127.834 128.045 128.198 128.632 -9999 -9999 -9999 -9999 -9999 -9999 -9999 -9999 -9999 -9999 -9999 -9999 -9999 -9999 -9999 -9999 -9999 -9999 -9999 -9999 -9999 -9999 -9999 -9999
-9999 -9999 -9999 -9999 -9999 112.441 112.88 -9999 113.717 114.114 114.511 114.826 114.937 115.353 115.813 116.409 117.063 117.686 118.294 118.877 119.398 119.837 120.266 120.844 121.104 121.365 121.94 122.441 122.852 123.315 123.795 124.079 123.88 124.591 125.733 126.022 125.868 124.706 125.318 125.271 125.547 126.994 127.714 127.646 127.5 127.835 128.336 128.537 128.932 129.293 -9999 -9999 -9999 -9999 -9999 -9999 -9999 -9999 -9999 -9999 -9999 -9999 -9999 -9999 -9999 -9999 -9999 -9999 -9999 -9999 -9999 -9999 -9999 -9999
-9999 -9999 -9999 -9999 112.587 112.866 113.295 113.813 114.44 114.749 114.97 115.115 115.313 115.643 116.042 116.707 117.34 117.954 118.552 119.141 119.668 120.01 120.135 120.617 121.343 121.636 121.488 121.939 122.427 122.946 123.455 123.526 123.903 125.007 125.98 126.04 125.17 126.077 127.114 126.307 124.019 125.21 126.824 126.903 126.959 127.749 128.812 129.251 129.817 -9999 -9999 -9999 -9999 -9999 -9999 -9999 -9999 -9999 -9999 -9999 -9999 -9999 -9999 -9999 -9999 -9999 -9999 -9999 -9999 -9999 -9999 -9999 -9999 -9999
-9999 -9999 -9999 -9999 113.013 -9999 113.633 113.987 113.959 114.338 115.167 115.338 115.346 115.655 116.317 116.962 117.583 118.187 118.778 119.362 119.906 120.292 120.923 121.425 121.653 121.783 122.33 122.726 123.044 123.405 123.584 124.04 124.664 125.508 126.244 126.273 126.767 127.631 127.889 126.235 124.968 126.229 127.6 127.852 128.269 128.941 129.172 129.681 130.384 -9999 -9999 -9999 -9999 -9999 -9999 -9999 -9999 -9999 -9999 -9999 -9999 -9999 -9999 -9999 -9999 -9999 -9999 -9999 -9999 -9999 -9999 -9999 -9999 -9999
-9999 -9999 -9999 -9999 -9999 -9999 113.625 113.792 114.192 114.747 115.058 115.199 115.462 115.911 116.555 117.185 117.795 118.379 118.929 119.514 120.117 120.708 121.132 121.468 121.843 122.262 122.788 123.121 123.492 123.575 123.567 123.998 124.057 124.963 126.092 126.346 127.189 127.719 128.304 127.789 127.857 128.303 129.139 129.427 129.716 129.954 130.239 130.747 131.166 -9999 -9999 -9999 -9999 -9999 -9999 -9999 -9999 -9999 -9999 -9999 -9999 -9999 -9999 -9999 -9999 -9999 -9999 -9999 -9999 -9999 -9999 -9999 -9999 -9999
-9999 -9999 -9999 -9999 113.182 113.47 113.653 114.028 114.398 114.686 115.031 115.343 115.747 -9999 116.759 117.378 117.98 118.552 119.123 119.722 120.303 120.819 121.277 121.695 122.045 122.516 122.926 123.037 122.573 122.554 122.941 123.191 123.985 125.109 126.219 126.835 127.292 127.958 128.594 128.96 129.013 129.587 129.793 130.19 130.477 130.76 131.073 131.343 131.498 -9999 -9999 -9999 -9999 -9999 -9999 -9999 -9999 -9999 -9999 -9999 -9999 -9999 -9999 -9999 -9999 -9999 -9999 -9999 -9999 -9999 -9999 -9999 -9999 -9999
112.826 112.876 113.118 113.116 -9999 113.553 113.916 114.262 114.526 114.833 115.092 115.41 -9999 116.26 116.766 117.406 118.085 118.689 119.302 119.914 120.575 121.116 121.598 121.989 122.363 122.823 123.362 123.275 123.445 123.891 124.328 124.939 125.286 126.203 126.748 127.218 127.754 128.384 128.873 129.285 129.662 129.979 130.427 130.797 131.067 131.245 131.275 131.683 -9999 -9999 -9999 -9999 -9999 -9999 -9999 -9999 -9999 -9999 -9999 -9999 -9999 -9999 -9999 -9999 -9999 -9999 -9999 -9999 -9999 -9999 -9999 -9999 -9999 -9999
112.995 113.102 113.156 113.25 113.353 -9999 114.034 114.359 114.63 114.89 115.143 115.399 115.825 116.407 117.035 117.679 118.269 118.872 119.444 120.061 120.635 121.156 121.518 121.88 122.166 122.663 123.271 123.609 124.034 124.551 125.132 125.457 125.684 126.202 126.356 126.895 128.072 128.622 129.154 129.609 129.997 130.414 130.861 131.279 131.667 131.663 -9999 -9999 -9999 -9999 -9999 -9999 -9999 -9999 -9999 -9999 -9999 -9999 -9999 -9999 -9999 -9999 -9999 -9999 -9999 -9999 -9999 -9999 -9999 -9999 -9999 -9999 -9999 -9999
-9999 -9999 -9999 113.285 -9999 113.613 114.014 114.378 114.609 114.881 -9999 -9999 115.811 116.497 117.21 117.834 118.515 119.071 119.588 120.154 120.726 121.216 121.69 121.953 122.06 122.695 123.432 123.864 124.313 124.805 125.178 125.488 126.105 126.494 126.905 127.761 128.301 128.869 129.442 129.937 130.337 130.764 131.226 131.719 132.182 -9999 -9999 -9999 -9999 -9999 -9999 -9999 -9999 -9999 -9999 -9999 -9999 -9999 -9999 -9999 -9999 -9999 -9999 -9999 -9999 -9999 -9999 -9999 -9999 -9999 -9999 -9999 -9999 -9999
113.076 113.063 -9999 113.323 113.4 113.593 113.952 114.338 114.689 -9999 -9999 115.604 116.065 116.751 117.375 118.012 118.587 119.13 119.684 120.256 120.839 121.39 121.868 122.15 122.555 123.132 123.62 124.068 124.523 124.906 125.245 125.727 126.013 126.613 127.443 127.978 128.535 129.125 129.738 130.27 130.682 131.12 131.592 132.108 132.654 133.12 -9999 -9999 -9999 -9999 -9999 -9999 -9999 -9999 -9999 -9999 -9999 -9999 -9999 -9999 -9999 -9999 -9999 -9999 -9999 -9999 -9999 -9999 -9999 -9999 -9999 -9999 -9999 -9999
