Validation/Results/raw data/ReClimate_12_2023_1_Temperature.asc
NCOLS 192
NROWS 249
XLLCENTER -225160.85627316462
YLLCENTER 29788.11610251502
CELLSIZE 5000.0
NODATA_VALUE -9999
[rows 136 to 169 of 249, columns 75 to 149 of 192]
-0.378 -9999 -9999 -9999 -9999 -9999 -9999 -9999 -9999 -9999 -0.271 -9999 -0.229 -0.199 -0.19 -0.183 -0.151 -0.115 -0.112 -0.112 -0.116 -0.124 -0.086 -0.041 -0.03 -0.019 -0.024 -0.036 -0.05 -0.067 -9999 -9999 -9999 -9999 -9999 -9999 0.022 0.016 0.023 0.032 0.013 -0.015 -0.034 -0.056 -0.047 -0.034 -0.023 -0.008 -0.025 -0.045 -0.026 -0.002 -0.035 -0.077 -0.07 -0.059 -0.05 -0.048 -0.081 -9999 -9999 -9999 -9999 -9999 -9999 -9999 -9999 -9999 -9999 -9999 -9999 -9999 -9999 -9999 -9999
-0.377 -0.372 -9999 -9999 -9999 -9999 -9999 -9999 -9999 -9999 -0.272 -0.259 -0.23 -0.203 -0.19 -0.173 -0.144 -0.118 -0.109 -0.093 -0.097 -0.108 -0.073 -0.04 -0.025 -0.006 -0.016 -0.048 -0.06 -0.068 -9999 -9999 -9999 -9999 0.02 0.015 0.011 0.015 0.012 -0.012 -0.021 -0.009 -0.024 -0.037 -0.032 -0.032 -0.026 -0.026 -0.046 -0.07 -0.065 -0.05 -0.044 -0.062 -0.074 -0.076 -0.061 -0.042 -0.081 -9999 -9999 -9999 -9999 -9999 -9999 -9999 -9999 -9999 -9999 -9999 -9999 -9999 -9999 -9999 -9999
-0.377 -0.373 -0.372 -9999 -9999 -9999 -9999 -9999 -9999 -9999 -0.274 -0.259 -0.232 -9999 -9999 -0.169 -0.145 -0.119 -0.102 -9999 -0.092 -0.099 -0.07 -0.037 -0.018 0.001 -0.019 -0.051 -9999 -9999 -9999 -9999 -9999 0.009 0.009 0.01 0.014 0.018 -0.002 -0.026 -0.017 -0.006 -0.017 -0.028 -0.029 -0.029 -0.031 -0.032 -0.053 -0.078 -0.072 -0.065 -0.061 -0.054 -0.066 -0.079 -0.066 -0.047 -0.07 -9999 -9999 -9999 -9999 -9999 -9999 -9999 -9999 -9999 -9999 -9999 -9999 -9999 -9999 -9999 -9999
-0.367 -0.361 -0.36 -9999 -9999 -9999 -9999 -9999 -9999 -9999 -9999 -0.264 -0.241 -9999 -9999 -9999 -0.168 -0.137 -0.12 -0.102 -9999 -9999 -0.081 -0.056 -0.047 -0.055 -0.067 -9999 -9999 -9999 -9999 -9999 -0.013 0.001 0.003 0.007 0.016 0.036 0.026 0.021 0.02 -0.003 -0.009 -0.009 -0.012 -0.019 -0.023 -0.033 -0.045 -0.044 -0.054 -0.055 -0.07 -0.076 -0.06 -0.056 -0.083 -0.091 -0.084 -9999 -9999 -9999 -9999 -9999 -9999 -9999 -9999 -9999 -9999 -9999 -9999 -9999 -9999 -9999 -9999
-0.355 -0.35 -9999 -9999 -9999 -9999 -9999 -9999 -9999 -9999 -9999 -9999 -0.252 -9999 -9999 -9999 -9999 -0.143 -0.125 -0.106 -9999 -9999 -9999 -0.068 -0.073 -9999 -9999 -9999 -9999 -9999 -9999 -9999 0.001 0.001 0.005 0.009 0.026 0.045 0.045 0.041 0.021 -0.001 -0.001 -0.001 -0.007 -0.014 -0.022 -0.032 -0.031 -0.029 -0.039 -0.049 -0.064 -0.081 -0.066 -0.046 -0.071 -0.103 -0.098 -9999 -9999 -9999 -9999 -9999 -9999 -9999 -9999 -9999 -9999 -9999 -9999 -9999 -9999 -9999 -9999
-0.344 -9999 -9999 -9999 -9999 -9999 -9999 -9999 -9999 -9999 -9999 -9999 -0.25 -9999 -9999 -9999 -9999 -9999 -0.13 -0.125 -9999 -9999 -9999 -9999 -9999 -9999 -9999 -9999 -9999 -9999 -9999 -9999 0.007 0.002 0.003 -0.002 0.008 0.012 0.011 0.011 -0.008 -0.026 -0.025 -0.016 -0.025 -0.035 -0.037 -0.024 -0.025 -0.028 -0.041 -0.053 -0.055 -0.064 -0.065 -0.054 -0.082 -0.115 -0.103 -0.087 -9999 -9999 -9999 -9999 -9999 -9999 -9999 -9999 -9999 -9999 -9999 -9999 -9999 -9999 -9999
-9999 -0.336 -0.343 -0.348 -0.347 -9999 -9999 -9999 -9999 -9999 -9999 -9999 -0.248 -9999 -9999 -9999 -9999 -9999 -9999 -9999 -9999 -9999 -9999 -9999 -9999 -9999 -9999 -9999 -9999 -9999 -9999 0.013 0.012 0.005 0.002 -0.004 -0.001 0.001 0.002 0.0 -0.016 -0.034 -0.028 -0.021 -0.031 -0.041 -0.032 -0.02 -0.023 -0.026 -0.038 -0.051 -0.053 -0.054 -0.055 -0.054 -0.081 -0.114 -0.104 -0.089 -0.086 -9999 -9999 -9999 -9999 -9999 -9999 -9999 -9999 -9999 -9999 -9999 -9999 -9999 -9999
-0.345 -0.34 -0.342 -0.331 -0.334 -9999 -9999 -9999 -9999 -9999 -9999 -9999 -9999 -9999 -9999 -9999 -9999 -9999 -9999 -9999 -9999 -9999 -9999 -9999 -9999 -9999 -9999 -9999 -9999 -9999 0.009 0.019 0.01 -0.011 -0.011 -0.001 0.0 0.0 0.001 -0.001 -0.011 -0.01 -0.008 -0.014 -0.024 -0.037 -0.035 -0.043 -0.048 -0.051 -0.057 -0.05 -0.063 -0.07 -0.071 -0.071 -0.087 -0.113 -0.106 -0.094 -0.102 -9999 -9999 -9999 -9999 -9999 -9999 -9999 -9999 -9999 -9999 -9999 -9999 -9999 -9999
-0.339 -0.336 -0.328 -9999 -0.326 -0.326 -9999 -9999 -9999 -9999 -9999 -9999 -9999 -9999 -9999 -9999 -9999 -9999 -9999 -9999 -9999 -9999 -9999 -9999 -9999 -9999 -9999 -9999 -9999 -9999 0.013 0.023 0.006 -0.015 -0.007 0.003 0.002 0.002 0.003 0.001 0.0 0.001 -0.004 -0.01 -0.021 -0.032 -0.04 -0.049 -0.053 -0.056 -0.052 -0.046 -0.058 -0.072 -0.073 -0.073 -0.089 -0.108 -0.102 -0.092 -0.1 -0.108 -0.115 -9999 -9999 -9999 -9999 -9999 -9999 -9999 -9999 -9999 -9999 -9999 -9999
-0.324 -0.324 -0.315 -9999 -9999 -0.315 -9999 -9999 -9999 -9999 -9999 -9999 -9999 -9999 -9999 -9999 -9999 -9999 -9999 -9999 -9999 -9999 -9999 -9999 -9999 -9999 -9999 -9999 -9999 -9999 0.019 0.028 0.015 0.002 0.013 0.028 0.023 0.004 0.009 0.019 0.021 0.027 0.016 -0.006 -0.015 -0.022 -0.023 -0.01 -0.021 -0.05 -0.054 -0.054 -0.063 -0.076 -0.095 -0.107 -0.101 -0.108 -0.094 -0.08 -0.096 -0.109 -0.122 -0.126 -0.127 -0.128 -9999 -9999 -9999 -9999 -9999 -9999 -9999 -9999 -9999
-0.313 -0.313 -0.301 -0.286 -9999 -0.305 -9999 -9999 -9999 -9999 -9999 -9999 -9999 -9999 -9999 -9999 -9999 -9999 -9999 -9999 -9999 -9999 -9999 -9999 -9999 -9999 -9999 -9999 -9999 0.019 0.026 0.031 0.023 0.011 0.024 0.04 0.025 0.008 0.018 0.028 0.032 0.038 0.02 -0.001 -0.008 -0.015 -0.005 0.008 -0.016 -0.043 -0.048 -0.053 -0.062 -0.073 -0.091 -0.113 -0.11 -0.103 -0.09 -0.071 -0.087 -0.104 -0.118 -0.132 -0.123 -0.125 -0.133 -0.127 -9999 -9999 -9999 -9999 -9999 -9999 -9999
-0.281 -0.269 -0.267 -9999 -0.29 -9999 -9999 -9999 -9999 -9999 -9999 -9999 -9999 -9999 -9999 -9999 -9999 -9999 -9999 -9999 -9999 -9999 -9999 -9999 -9999 -9999 -9999 -9999 -9999 -9999 0.04 0.048 0.034 0.007 0.013 0.011 0.004 0.013 0.019 0.016 0.014 0.003 -0.0 0.027 0.023 0.019 0.015 -0.017 -0.035 -0.045 -0.044 -0.045 -0.054 -0.065 -0.083 -0.104 -0.091 -0.079 -0.083 -0.075 -0.054 -0.048 -0.087 -0.115 -0.124 -0.125 -0.132 -0.134 -0.121 -9999 -9999 -9999 -9999 -9999 -9999
-0.259 -0.246 -0.257 -0.27 -0.283 -9999 -9999 -9999 -9999 -9999 -9999 -9999 -9999 -9999 -9999 -9999 -9999 -9999 -9999 -9999 -9999 -9999 -9999 -9999 -9999 -9999 -9999 -9999 -9999 -9999 -9999 0.053 0.033 0.007 0.004 0.001 0.009 0.017 0.017 0.015 0.004 -0.007 0.014 0.041 0.038 0.035 0.008 -0.024 -0.032 -0.041 -0.04 -0.039 -0.047 -0.057 -0.075 -0.095 -0.083 -0.066 -0.069 -0.072 -0.051 -0.024 -0.059 -0.103 -0.111 -0.118 -0.126 -0.132 -0.125 -0.116 -9999 -9999 -9999 -9999 -9999
-0.245 -0.234 -0.242 -0.249 -9999 -9999 -9999 -9999 -9999 -9999 -9999 -9999 -9999 -9999 -9999 -9999 -9999 -9999 -9999 -9999 -9999 -9999 -9999 -9999 -9999 -9999 -9999 -9999 -9999 -9999 -9999 0.039 0.017 0.016 0.012 0.002 0.007 0.011 0.013 0.014 0.007 0.008 0.018 0.014 0.018 0.041 0.014 -0.02 -0.029 -0.042 -0.041 -0.036 -0.045 -0.054 -0.047 -0.052 -0.058 -0.051 -0.033 -0.021 -0.033 -0.025 -0.067 -0.114 -0.119 -0.126 -0.141 -0.153 -0.14 -0.119 -0.108 -9999 -9999 -9999 -9999
-0.233 -0.221 -0.227 -0.233 -9999 -9999 -9999 -9999 -9999 -9999 -9999 -9999 -9999 -9999 -9999 -9999 -9999 -9999 -9999 -9999 -9999 -9999 -9999 -9999 -9999 -9999 -9999 -9999 -9999 -9999 -9999 -9999 0.018 0.019 0.013 0.004 0.007 0.012 0.016 0.017 0.017 0.017 0.012 0.006 0.023 0.045 0.018 -0.014 -0.026 -0.039 -0.036 -0.031 -0.039 -0.049 -0.042 -0.031 -0.036 -0.041 -0.023 0.001 -0.009 -0.022 -0.061 -0.111 -0.116 -0.121 -0.136 -0.151 -0.141 -0.123 -0.112 -9999 -9999 -9999 -9999
-9999 -9999 -9999 -9999 -9999 -9999 -9999 -9999 -9999 -9999 -9999 -9999 -9999 -9999 -9999 -9999 -9999 -9999 -9999 -9999 -9999 -9999 -9999 -9999 -9999 -9999 -9999 -9999 -9999 -9999 -9999 -9999 0.021 0.016 0.014 0.02 0.023 0.017 0.019 0.015 0.015 0.019 0.015 0.013 0.021 0.017 -0.001 -0.003 -0.014 -0.03 -0.039 -0.042 -0.035 -0.035 -0.027 -0.017 -0.029 -0.039 -0.029 -0.011 -0.008 -0.013 -0.052 -0.099 -0.105 -0.109 -0.11 -0.117 -0.114 -0.102 -0.102 -0.099 -9999 -9999 -9999
-9999 -9999 -9999 -9999 -9999 -9999 -9999 -9999 -9999 -9999 -9999 -9999 -9999 -9999 -9999 -9999 -9999 -9999 -9999 -9999 -9999 -9999 -9999 -9999 -9999 -9999 -9999 -9999 -9999 -9999 -9999 -9999 -9999 0.015 0.021 0.028 0.026 0.022 0.022 0.019 0.02 0.024 0.021 0.02 0.014 0.009 0.007 0.006 -0.007 -0.022 -0.031 -0.04 -0.034 -0.025 -0.017 -0.007 -0.019 -0.033 -0.024 -0.01 -0.009 -0.006 -0.043 -0.089 -0.094 -0.098 -0.099 -0.097 -0.094 -0.088 -0.087 -0.085 -9999 -9999 -9999
-9999 -9999 -9999 -9999 -9999 -9999 -9999 -9999 -9999 -9999 -9999 -9999 -9999 -9999 -9999 -9999 -9999 -9999 -9999 -9999 -9999 -9999 -9999 -9999 -9999 -9999 -9999 -9999 -9999 -9999 -9999 -9999 -9999 0.015 -9999 0.023 0.023 0.026 0.029 -9999 0.031 0.035 0.031 0.021 0.017 0.015 0.011 0.003 -0.015 -0.045 -0.034 -0.031 -0.026 -0.018 -0.004 0.011 0.006 -0.003 -0.023 -0.028 -0.023 -0.019 -0.032 -0.063 -0.07 -0.075 -0.077 -0.077 -0.085 -0.085 -0.091 -0.093 -0.099 -9999 -9999
-9999 -9999 -9999 -9999 -9999 -9999 -9999 -9999 -9999 -9999 -9999 -9999 -9999 -9999 -9999 -9999 -9999 -9999 -9999 -9999 -9999 -9999 -9999 -9999 -9999 -9999 -9999 -9999 -9999 -9999 -9999 -9999 -9999 -9999 0.012 0.023 -9999 -9999 -9999 -9999 0.041 0.044 0.035 0.025 0.023 0.022 0.014 0.006 -0.019 -0.049 -0.038 -0.022 -0.018 -0.011 0.003 0.021 0.017 0.013 -0.005 -0.028 -0.024 -0.018 -0.031 -0.046 -0.053 -0.059 -0.062 -0.063 -0.07 -0.077 -0.084 -0.09 -0.095 -0.101 -0.093
-9999 -9999 -9999 -9999 -9999 -9999 -9999 -9999 -9999 -9999 -9999 -9999 -9999 -9999 -9999 -9999 -9999 -9999 -9999 -9999 -9999 -9999 -9999 -9999 -9999 -9999 -9999 -9999 -9999 -9999 -9999 -9999 -9999 -9999 0.017 0.022 -9999 -9999 -9999 -9999 0.054 0.04 0.04 0.057 0.039 -0.012 -0.023 -0.035 -0.052 -0.051 -0.028 -0.004 -0.006 -0.002 0.007 0.023 0.012 0.003 0.004 -0.007 -0.015 -0.016 -0.027 -0.041 -0.051 -0.06 -0.061 -0.062 -0.068 -0.076 -0.079 -0.083 -0.087 -0.089 -0.089
-9999 -9999 -9999 -9999 -9999 -9999 -9999 -9999 -9999 -9999 -9999 -9999 -9999 -9999 -9999 -9999 -9999 -9999 -9999 -9999 -9999 -9999 -9999 -9999 -9999 -9999 -9999 -9999 -9999 -9999 -9999 -9999 -9999 -9999 0.016 -9999 -9999 -9999 -9999 0.062 0.057 0.045 0.058 0.076 0.032 -0.019 -0.031 -0.043 -0.044 -0.044 -0.021 0.008 0.007 0.007 0.016 0.029 0.018 0.006 0.005 0.007 -0.001 -0.009 -0.02 -0.032 -0.042 -0.052 -0.054 -0.053 -0.06 -0.067 -0.071 -0.073 -0.077 -0.078 -9999
-9999 -9999 -9999 -9999 -9999 -9999 -9999 -9999 -9999 -9999 -9999 -9999 -9999 -9999 -9999 -9999 -9999 -9999 -9999 -9999 -9999 -9999 -9999 -9999 -9999 -9999 -9999 -9999 -9999 -9999 -9999 -9999 -9999 -9999 -9999 -9999 -9999 -9999 -9999 0.063 0.065 0.077 0.084 0.078 0.051 0.046 0.032 0.004 0.005 0.006 0.023 0.031 0.017 0.009 0.027 0.045 0.042 0.035 0.015 0.004 -0.01 -0.023 -0.024 -0.03 -0.044 -0.057 -0.045 -0.038 -0.047 -0.054 -0.058 -0.06 -0.063 -0.064 -9999
-9999 -9999 -9999 -9999 -9999 -9999 -9999 -9999 -9999 -9999 -9999 -9999 -9999 -9999 -9999 -9999 -9999 -9999 -9999 -9999 -9999 -9999 -9999 -9999 -9999 -9999 -9999 -9999 -9999 -9999 -9999 -9999 -9999 -9999 -9999 -9999 -9999 -9999 -9999 0.065 0.08 0.094 0.089 0.084 0.08 0.077 0.055 0.03 0.03 0.032 0.038 0.045 0.032 0.017 0.034 0.056 0.053 0.05 0.032 0.009 -0.005 -0.021 -0.023 -0.023 -0.036 -0.051 -0.04 -0.025 -0.034 -0.042 -0.046 -0.048 -0.05 -0.05 -9999
-9999 -9999 -9999 -9999 -9999 -9999 -9999 -9999 -9999 -9999 -9999 -9999 -9999 -9999 -9999 -9999 -9999 -9999 -9999 -9999 -9999 -9999 -9999 -9999 -9999 -9999 -9999 -9999 -9999 -9999 -9999 -9999 -9999 -9999 -9999 -9999 -9999 -9999 0.066 0.067 0.083 0.102 0.099 0.097 0.091 0.079 0.052 0.012 0.024 0.064 0.048 0.043 0.061 0.064 0.054 0.06 0.038 0.022 0.036 0.033 0.006 -0.017 -0.017 -0.016 -0.017 -0.024 -0.028 -0.022 -0.035 -0.047 -0.051 -0.054 -0.057 -0.046 -0.046
-9999 -9999 -9999 -9999 -9999 -9999 -9999 -9999 -9999 -9999 -9999 -9999 -9999 -9999 -9999 -9999 -9999 -9999 -9999 -9999 -9999 -9999 -9999 -9999 -9999 -9999 -9999 -9999 -9999 -9999 -9999 -9999 -9999 -9999 -9999 -9999 -9999 -9999 0.068 0.07 0.088 0.107 0.108 0.106 0.096 0.084 0.051 0.011 0.042 0.082 0.066 0.048 0.065 0.086 0.078 0.067 0.045 0.019 0.03 0.046 0.022 -0.009 -0.009 -0.007 -0.008 -0.008 -0.012 -0.014 -0.027 -0.041 -0.045 -0.048 -0.051 -0.053 -0.041
-9999 -9999 -9999 -9999 -9999 -9999 -9999 -9999 -9999 -9999 -9999 -9999 -9999 -9999 -9999 -9999 -9999 -9999 -9999 -9999 -9999 -9999 -9999 -9999 -9999 -9999 -9999 -9999 -9999 -9999 -9999 -9999 -9999 -9999 -9999 -9999 -9999 0.06 0.064 0.074 0.082 0.074 0.085 0.116 0.108 0.102 0.066 0.014 0.045 0.086 0.07 0.051 0.07 0.093 0.089 0.081 0.076 0.06 0.038 0.034 0.035 0.021 0.015 0.014 0.003 -0.003 -0.007 -0.01 -0.022 -0.036 -0.04 -0.043 -0.04 -0.038 -0.042
-9999 -9999 -9999 -9999 -9999 -9999 -9999 -9999 -9999 -9999 -9999 -9999 -9999 -9999 -9999 -9999 -9999 -9999 -9999 -9999 -9999 -9999 -9999 -9999 -9999 -9999 -9999 -9999 -9999 -9999 -9999 -9999 -9999 -9999 -9999 -9999 -9999 0.061 0.068 0.077 0.072 0.064 0.092 0.123 0.118 0.113 0.071 0.021 0.052 0.091 0.075 0.057 0.075 0.099 0.095 0.091 0.086 0.08 0.06 0.036 0.036 0.037 0.032 0.027 0.016 0.004 0.001 -0.002 -0.014 -0.028 -0.031 -0.033 -0.03 -0.025 -0.028
-9999 -9999 -9999 -9999 -9999 -9999 -9999 -9999 -9999 -9999 -9999 -9999 -9999 -9999 -9999 -9999 -9999 -9999 -9999 -9999 -9999 -9999 -9999 -9999 -9999 -9999 -9999 -9999 -9999 -9999 -9999 -9999 -9999 -9999 -9999 -9999 -9999 0.056 0.064 0.071 0.071 0.081 0.1 0.106 0.101 0.096 0.065 0.049 0.074 0.095 0.101 0.095 0.087 0.095 0.08 0.067 0.063 0.057 0.059 0.047 0.038 0.034 0.028 0.022 0.017 0.009 0.003 -0.001 -0.004 -0.013 -0.017 -0.02 -0.022 -0.017 -0.022
-9999 -9999 -9999 -9999 -9999 -9999 -9999 -9999 -9999 -9999 -9999 -9999 -9999 -9999 -9999 -9999 -9999 -9999 -9999 -9999 -9999 -9999 -9999 -9999 -9999 -9999 -9999 -9999 -9999 -9999 -9999 -9999 -9999 -9999 -9999 -9999 -9999 -9999 0.061 0.072 0.08 0.09 0.096 0.101 0.099 0.093 0.079 0.065 0.08 0.1 0.105 0.112 0.105 0.097 0.082 0.064 0.059 0.054 0.055 0.057 0.049 0.039 0.032 0.026 0.021 0.016 0.011 0.006 0.002 -0.001 -0.005 -9999 -0.01 -9999 -0.013
-9999 -9999 -9999 -9999 -9999 -9999 -9999 -9999 -9999 -9999 -9999 -9999 -9999 -9999 -9999 -9999 -9999 -9999 -9999 -9999 -9999 -9999 -9999 -9999 -9999 -9999 -9999 -9999 -9999 -9999 -9999 -9999 -9999 -9999 -9999 -9999 -9999 0.039 0.053 0.074 0.08 0.084 0.093 0.109 0.106 0.097 0.083 0.067 0.076 0.08 0.087 0.102 0.095 0.086 0.065 0.042 0.044 0.042 0.061 0.074 0.053 0.036 0.029 0.021 0.011 0.003 0.013 0.017 0.01 0.006 -0.005 -0.013 -0.01 -0.007 -9999
-9999 -9999 -9999 -9999 -9999 -9999 -9999 -9999 -9999 -9999 -9999 -9999 -9999 -9999 -9999 -9999 -9999 -9999 -9999 -9999 -9999 -9999 -9999 -9999 -9999 -9999 -9999 -9999 -9999 -9999 -9999 -9999 -9999 -9999 -9999 -9999 -9999 0.031 0.052 0.077 0.081 0.084 0.098 0.114 0.109 0.101 0.089 0.072 0.074 0.076 0.087 0.102 0.095 0.086 0.066 0.04 0.041 0.044 0.062 0.085 0.065 0.04 0.033 0.026 0.016 0.005 0.014 0.027 0.021 0.015 0.004 -0.008 -0.005 0.001 -0.004
-9999 -9999 -9999 -9999 -9999 -9999 -9999 -9999 -9999 -9999 -9999 -9999 -9999 -9999 -9999 -9999 -9999 -9999 -9999 -9999 -9999 -9999 -9999 -9999 -9999 -9999 -9999 -9999 -9999 -9999 -9999 -9999 -9999 -9999 -9999 -9999 0.026 0.054 0.067 0.062 0.065 0.064 0.072 0.076 0.074 0.082 0.076 0.076 0.074 0.072 0.087 0.104 0.088 0.074 0.066 0.049 0.046 0.047 0.049 0.062 0.06 0.047 0.051 0.051 0.04 0.029 0.027 0.034 0.026 0.019 0.011 0.002 0.01 0.019 0.018
-9999 -9999 -9999 -9999 -9999 -9999 -9999 -9999 -9999 -9999 -9999 -9999 -9999 -9999 -9999 -9999 -9999 -9999 -9999 -9999 -9999 -9999 -9999 -9999 -9999 -9999 -9999 -9999 -9999 -9999 -9999 -9999 -9999 -9999 -9999 -9999 0.054 0.062 0.06 0.055 0.056 0.057 0.061 0.064 0.07 0.077 0.079 0.081 0.078 0.074 0.089 0.109 0.093 0.074 0.066 0.057 0.055 0.053 0.055 0.059 0.056 0.055 0.058 0.065 0.055 0.044 0.042 0.043 0.035 0.028 0.021 0.014 0.022 0.035 0.034
-9999 -9999 -9999 -9999 -9999 -9999 -9999 -9999 -9999 -9999 -9999 -9999 -9999 -9999 -9999 -9999 -9999 -9999 -9999 -9999 -9999 -9999 -9999 -9999 -9999 -9999 -9999 -9999 -9999 -9999 -9999 -9999 -9999 -9999 -9999 -9999 -9999 0.07 0.066 0.054 0.058 0.062 0.066 0.068 0.073 0.076 0.071 0.049 0.049 0.056 0.07 0.092 0.081 0.065 0.067 0.063 0.065 0.067 0.054 0.048 0.055 0.058 0.067 0.077 0.072 0.064 0.056 0.053 0.057 0.056 0.051 0.046 0.035 0.036 0.042
