Validation/Results/raw data/ReClimate_08_2024_2_Temperature-Actuals.asc
NCOLS 192
NROWS 249
XLLCENTER -225160.85627316462
YLLCENTER 29788.11610251502
CELLSIZE 5000.0
NODATA_VALUE -9999
[rows 204 to 237 of 249, columns 77 to 153 of 192]
-9999 -9999 12.64 -9999 12.193 11.843 11.573 11.273 11.224 11.039 11.044 11.012 10.826 10.715 10.44 10.954 10.854 10.924 11.069 11.221 11.159 11.254 10.856 10.436 9.289 8.69 10.007 9.833 9.898 9.25 9.579 10.507 10.013 8.827 10.205 10.429 10.267 10.248 10.843 11.377 11.31 11.056 11.161 11.508 11.672 11.812 11.827 11.705 11.022 10.62 10.528 10.787 10.981 11.133 11.032 10.735 10.813 10.977 11.141 11.226 11.25 11.182 11.053 11.105 11.231 11.261 11.364 11.404 11.317 11.328 11.333 11.403 11.556 11.534 11.475 11.394 11.422
-9999 -9999 -9999 -9999 -9999 -9999 11.489 11.616 11.464 11.359 11.333 11.229 11.066 10.842 11.127 11.104 11.185 11.222 11.119 11.206 10.969 10.986 10.454 9.759 8.903 9.086 8.974 9.283 8.599 8.645 10.072 10.097 9.96 10.82 10.204 10.371 10.728 10.892 11.233 11.071 10.878 10.574 11.044 11.554 11.696 11.823 11.882 11.326 10.603 10.471 10.512 10.87 10.935 11.089 10.979 11.055 11.08 11.25 11.398 11.458 11.39 11.272 11.215 11.266 11.383 11.448 11.399 11.298 11.162 11.202 11.384 11.42 11.533 11.481 11.568 11.677 11.653
-9999 -9999 -9999 -9999 -9999 -9999 11.787 11.643 11.579 11.57 11.198 10.977 10.8 11.08 11.271 11.337 11.46 11.088 10.906 11.096 11.245 11.319 10.831 10.627 10.384 10.064 9.745 9.512 8.966 9.307 9.058 9.692 10.245 9.887 9.622 10.915 11.067 11.193 10.882 10.91 10.448 10.746 11.136 11.634 11.711 11.57 10.869 10.48 10.536 10.7 10.643 10.803 10.951 11.046 11.191 11.108 11.342 11.496 11.653 11.675 11.495 11.325 11.24 11.338 11.504 11.52 11.408 11.088 11.138 11.209 11.273 11.46 11.546 11.663 11.747 11.92 11.832
-9999 -9999 -9999 -9999 12.471 12.22 11.965 11.785 -9999 11.625 11.502 11.379 11.601 11.666 11.753 -9999 11.544 11.212 11.261 10.937 11.474 10.777 10.868 10.692 10.412 10.3 10.544 10.151 9.844 9.702 9.664 9.959 10.212 9.25 10.131 11.037 10.997 11.284 11.172 10.694 10.802 11.079 11.436 11.623 11.565 10.946 10.848 10.571 10.672 10.637 10.853 10.966 11.038 11.195 11.361 11.417 11.506 11.5 11.731 11.71 11.62 11.507 11.482 11.474 11.509 11.42 11.157 11.059 11.031 11.262 11.327 11.44 11.558 11.608 11.659 11.942 11.945
-9999 -9999 -9999 -9999 12.452 -9999 -9999 -9999 11.879 11.832 11.769 -9999 -9999 -9999 -9999 -9999 11.676 11.48 11.109 11.783 11.527 11.389 11.294 11.032 11.082 10.999 9.48 9.505 10.388 10.371 10.352 10.252 9.748 9.764 10.827 10.93 11.301 11.336 10.745 10.975 11.12 11.575 11.616 11.662 11.318 10.949 10.961 10.739 10.899 11.012 11.04 11.158 11.307 11.396 11.506 11.541 11.562 11.503 11.575 11.731 11.537 11.579 11.556 11.537 11.38 11.304 11.153 10.989 11.096 11.382 11.497 11.577 11.579 11.587 11.714 11.943 12.034
-9999 -9999 -9999 -9999 -9999 -9999 12.23 12.029 11.931 12.129 12.02 -9999 -9999 -9999 -9999 -9999 -9999 -9999 -9999 12.127 12.023 12.011 12.126 11.725 11.263 9.704 9.191 9.318 9.669 10.103 10.269 10.33 10.374 10.328 10.65 11.289 11.396 10.614 10.898 11.067 11.831 11.822 11.727 11.633 10.996 10.978 10.871 10.925 11.094 11.232 11.286 11.349 11.391 11.468 11.422 11.478 11.531 11.588 11.573 11.651 11.55 11.534 11.387 11.276 11.442 11.257 11.149 11.148 11.236 11.451 11.695 11.654 11.68 11.833 12.096 12.254 12.085
-9999 -9999 -9999 -9999 -9999 -9999 -9999 12.1 -9999 -9999 -9999 -9999 -9999 -9999 -9999 -9999 -9999 11.791 11.958 12.038 12.031 12.431 12.528 12.225 11.326 10.381 9.511 9.44 9.974 10.766 10.618 10.294 10.461 10.701 11.404 11.733 11.449 11.194 11.405 11.819 -9999 11.893 11.727 11.355 10.736 10.755 10.945 11.078 11.262 11.318 11.405 11.386 11.409 11.408 11.505 11.536 11.613 11.617 11.629 11.528 11.416 11.274 11.09 11.091 11.186 11.53 11.396 11.358 11.52 11.573 11.761 11.883 11.836 12.051 12.41 12.574 12.498
-9999 -9999 -9999 -9999 -9999 -9999 -9999 -9999 -9999 -9999 -9999 -9999 -9999 -9999 -9999 -9999 -9999 12.076 12.185 12.396 12.435 -9999 -9999 -9999 12.056 10.831 10.81 10.6 10.99 10.94 10.461 10.642 11.245 11.53 11.739 12.006 11.905 12.021 12.11 -9999 12.022 11.67 11.579 11.053 10.718 11.013 11.12 11.286 11.322 11.297 11.401 11.458 11.453 11.469 11.366 11.394 11.46 11.403 11.484 11.557 11.371 10.985 11.019 11.074 11.293 11.588 11.706 11.592 11.756 11.941 12.004 12.145 12.246 12.117 12.485 12.756 12.712
-9999 -9999 -9999 -9999 -9999 -9999 -9999 -9999 -9999 -9999 -9999 -9999 -9999 -9999 -9999 -9999 -9999 -9999 -9999 -9999 -9999 -9999 -9999 -9999 12.725 11.954 11.285 11.341 11.49 11.388 11.197 11.435 11.726 11.946 12.127 12.27 12.385 -9999 -9999 12.349 11.958 11.684 11.518 11.075 10.915 11.093 11.194 11.389 11.52 11.346 11.401 11.469 11.264 11.123 11.079 10.972 10.864 11.021 11.107 11.275 11.335 11.179 11.093 11.322 11.321 11.569 11.871 11.874 11.951 12.059 12.205 12.313 12.447 12.685 12.718 12.884 12.83
-9999 -9999 -9999 -9999 -9999 -9999 -9999 -9999 -9999 -9999 -9999 -9999 -9999 -9999 -9999 -9999 -9999 -9999 -9999 -9999 -9999 -9999 -9999 -9999 12.605 12.206 11.917 11.795 11.557 11.485 11.629 11.82 12.081 12.309 -9999 -9999 -9999 -9999 -9999 12.305 11.87 11.739 11.574 11.16 10.973 11.082 11.135 11.421 11.59 11.4 11.135 11.2 10.959 10.852 10.859 10.913 10.855 10.814 11.042 11.092 11.408 11.57 11.46 11.686 11.684 11.751 11.95 12.064 12.235 12.399 12.369 12.314 12.463 12.743 12.978 12.962 12.72
-9999 -9999 -9999 -9999 -9999 -9999 -9999 -9999 -9999 -9999 -9999 -9999 -9999 -9999 -9999 -9999 -9999 -9999 -9999 -9999 -9999 -9999 -9999 -9999 -9999 -9999 12.25 11.769 11.668 11.732 11.71 12.028 12.407 -9999 -9999 -9999 -9999 12.284 11.987 11.757 12.005 11.93 11.665 11.082 10.991 10.969 11.083 11.363 11.476 11.171 10.812 10.673 10.784 10.764 10.923 10.94 11.134 11.135 11.15 11.35 11.447 11.739 11.9 11.878 11.874 11.865 11.9 11.914 12.167 12.456 12.546 12.461 12.409 12.596 12.741 12.813 12.636
-9999 -9999 -9999 -9999 -9999 -9999 -9999 -9999 -9999 -9999 -9999 -9999 -9999 -9999 -9999 -9999 -9999 -9999 -9999 -9999 -9999 -9999 -9999 -9999 -9999 -9999 -9999 12.365 12.193 12.054 12.031 12.405 -9999 -9999 -9999 -9999 12.163 12.01 11.697 11.611 11.695 11.82 11.722 11.445 11.424 11.06 11.141 11.276 11.087 10.969 10.843 10.564 10.663 10.855 11.077 11.21 11.309 11.418 11.378 11.368 11.527 11.744 11.853 11.785 11.657 11.761 11.849 11.841 11.959 12.287 12.48 12.531 12.528 12.545 12.584 12.501 12.37
-9999 -9999 -9999 -9999 -9999 -9999 -9999 -9999 -9999 -9999 -9999 -9999 -9999 -9999 -9999 -9999 -9999 -9999 -9999 -9999 -9999 -9999 -9999 -9999 -9999 -9999 -9999 -9999 -9999 -9999 -9999 -9999 -9999 -9999 -9999 12.156 12.024 11.942 11.662 11.475 11.752 11.746 11.535 11.633 11.406 11.251 11.473 11.339 11.123 11.014 11.004 10.955 10.792 10.897 11.058 10.967 11.154 11.251 11.324 11.344 11.382 11.605 11.705 11.6 11.464 11.479 11.689 11.811 11.902 12.044 12.229 12.265 12.315 12.306 12.332 12.174 11.887
-9999 -9999 -9999 -9999 -9999 -9999 -9999 -9999 -9999 -9999 -9999 -9999 -9999 -9999 -9999 -9999 -9999 -9999 -9999 -9999 -9999 -9999 -9999 -9999 -9999 -9999 -9999 -9999 -9999 -9999 -9999 -9999 -9999 -9999 12.543 12.236 11.793 11.553 10.719 11.261 11.689 11.533 11.469 11.426 11.274 11.465 11.506 11.418 11.188 11.122 11.301 11.111 10.915 10.697 10.86 10.984 10.7 10.949 11.127 11.301 11.435 11.563 11.658 11.613 11.546 11.601 11.543 11.598 11.787 11.907 11.952 11.926 11.702 11.834 11.847 11.713 11.369
-9999 -9999 -9999 -9999 -9999 -9999 -9999 -9999 -9999 -9999 -9999 -9999 -9999 -9999 -9999 -9999 -9999 -9999 -9999 -9999 -9999 -9999 -9999 -9999 -9999 -9999 -9999 -9999 -9999 -9999 -9999 -9999 -9999 -9999 12.503 12.19 12.047 11.492 11.135 10.95 11.114 11.282 11.367 11.207 11.419 11.436 11.398 11.006 10.741 10.831 11.172 11.281 11.113 11.046 10.887 10.986 11.064 11.012 11.158 11.264 11.427 11.613 11.705 11.713 11.606 11.602 11.577 11.494 11.603 11.683 11.466 11.445 11.359 11.373 11.631 11.587 11.304
-9999 -9999 -9999 -9999 -9999 -9999 -9999 -9999 -9999 -9999 -9999 -9999 -9999 -9999 -9999 -9999 -9999 -9999 -9999 -9999 -9999 10.281 10.041 9.76 10.0 -9999 10.936 -9999 -9999 -9999 -9999 -9999 -9999 -9999 -9999 12.262 12.085 11.887 11.653 11.372 11.057 11.011 11.078 11.328 11.347 11.322 10.977 10.723 10.888 10.98 11.219 11.284 11.229 11.319 11.403 11.423 11.334 11.385 11.296 11.197 11.108 11.313 11.546 11.567 11.483 11.479 11.441 11.423 11.558 11.542 11.294 11.226 11.436 11.381 11.491 11.623 11.594
-9999 -9999 -9999 -9999 -9999 -9999 -9999 -9999 -9999 -9999 -9999 -9999 -9999 -9999 -9999 -9999 -9999 -9999 11.788 11.443 10.76 10.045 9.473 9.328 9.563 9.89 10.63 11.503 12.121 -9999 -9999 11.913 12.28 12.386 12.38 12.225 12.106 12.152 12.003 11.749 11.42 11.1 11.178 11.334 11.27 10.85 11.004 11.143 11.028 11.232 11.42 11.489 11.412 11.427 11.537 11.578 11.683 11.619 11.477 11.302 11.253 11.13 11.185 11.367 11.433 11.502 11.65 11.491 11.582 11.19 11.107 11.223 11.427 11.583 11.574 11.68 11.597
-9999 -9999 -9999 -9999 -9999 -9999 -9999 -9999 -9999 -9999 -9999 -9999 -9999 -9999 -9999 -9999 -9999 11.677 11.756 11.591 11.042 10.221 9.426 9.166 9.358 9.843 10.399 10.858 11.508 11.742 11.637 11.611 11.606 12.072 12.133 12.159 12.019 11.894 12.026 11.847 11.378 11.313 11.355 11.236 10.735 11.049 10.935 11.038 11.216 11.385 11.552 11.549 11.383 11.48 11.528 11.628 11.627 11.681 11.57 11.412 11.194 11.025 11.187 11.361 11.495 11.266 11.403 11.632 11.572 11.62 11.271 11.403 11.506 11.597 11.656 11.566 11.608
-9999 -9999 -9999 -9999 -9999 -9999 -9999 -9999 -9999 -9999 -9999 -9999 -9999 -9999 -9999 -9999 -9999 11.643 12.004 12.135 11.542 10.56 10.138 9.822 9.658 10.162 10.547 11.062 10.88 10.743 11.131 11.348 11.514 11.449 11.919 12.115 11.989 12.023 11.827 11.656 11.7 11.649 11.494 11.13 11.122 11.085 10.953 11.215 11.306 11.441 11.518 11.499 11.345 11.316 11.654 11.736 11.764 11.774 11.772 11.674 11.473 11.143 11.025 11.374 11.519 11.45 11.264 11.494 11.69 11.749 11.778 11.737 11.539 11.591 11.757 11.702 11.34
-9999 -9999 -9999 -9999 -9999 -9999 -9999 -9999 -9999 -9999 -9999 -9999 -9999 -9999 -9999 -9999 -9999 11.909 12.337 12.001 11.675 11.131 11.108 10.736 10.812 10.848 10.981 11.04 10.609 10.766 11.376 11.609 11.69 11.904 12.11 12.148 12.082 11.867 11.668 11.768 11.736 11.611 11.391 11.395 11.327 11.285 11.259 11.318 11.191 11.239 11.467 11.665 11.622 11.633 11.747 11.726 11.77 11.882 11.63 11.587 11.608 11.259 10.914 11.289 11.617 11.595 11.55 11.615 11.703 11.782 11.779 11.74 11.678 11.734 11.975 12.04 11.807
-9999 -9999 -9999 -9999 -9999 -9999 -9999 -9999 -9999 -9999 -9999 -9999 -9999 11.994 11.48 -9999 11.695 12.146 11.815 11.55 11.525 11.631 11.487 11.364 11.05 10.871 10.945 11.09 11.076 11.28 11.57 11.857 11.946 11.939 11.931 11.982 12.069 11.922 11.851 11.792 11.682 11.373 11.558 11.51 11.39 11.181 11.077 11.149 11.001 11.087 11.362 11.681 11.744 11.784 11.842 11.988 11.89 11.919 11.796 11.48 11.636 11.524 11.428 11.467 11.803 11.837 11.71 11.662 11.703 11.769 11.872 11.963 11.992 11.946 12.023 12.127 12.168
-9999 -9999 -9999 -9999 -9999 -9999 -9999 -9999 -9999 -9999 -9999 -9999 -9999 11.756 11.314 11.43 11.592 11.669 11.484 11.532 11.2 11.169 11.324 10.965 10.942 10.898 10.907 11.129 11.097 11.229 11.491 11.237 11.077 11.36 11.662 11.938 12.038 11.919 11.774 11.625 11.521 11.424 11.599 11.448 11.497 11.374 11.132 11.031 11.159 11.239 11.493 11.629 11.72 11.809 12.102 12.196 12.263 12.274 12.086 11.787 11.701 11.582 11.383 11.432 11.278 11.575 11.761 11.754 11.83 11.838 11.901 12.091 12.21 12.139 12.037 12.171 12.23
-9999 -9999 -9999 -9999 -9999 -9999 -9999 -9999 -9999 -9999 -9999 -9999 12.134 11.612 11.383 11.303 11.334 11.451 11.48 11.34 11.174 11.331 11.4 11.16 11.094 10.964 11.091 11.269 11.545 11.667 11.327 10.777 10.926 11.084 11.283 11.755 11.84 11.881 11.845 11.685 11.591 11.527 11.558 11.597 11.666 11.521 11.192 11.387 11.44 11.541 11.602 11.679 11.698 11.731 12.133 12.562 12.737 12.588 12.496 12.185 12.062 11.971 11.793 11.692 11.482 11.356 11.484 11.25 11.681 11.51 11.561 12.097 12.388 11.928 11.69 11.788 12.207
-9999 -9999 -9999 -9999 -9999 -9999 -9999 -9999 -9999 -9999 -9999 -9999 -9999 11.844 11.453 11.37 11.488 11.567 11.613 11.59 11.555 11.553 11.516 11.35 11.247 11.404 11.482 11.682 11.661 11.746 11.174 10.887 10.954 10.846 11.236 11.574 11.573 11.696 11.75 11.668 11.504 11.541 11.551 11.548 11.491 11.31 11.599 11.531 11.622 11.69 11.726 11.716 11.706 11.858 12.095 12.524 12.801 -9999 12.646 12.576 12.283 12.279 12.298 12.243 12.101 11.948 11.959 11.812 11.763 11.936 11.731 11.938 12.338 12.382 11.972 11.843 12.155
-9999 -9999 -9999 -9999 -9999 -9999 -9999 -9999 -9999 -9999 -9999 -9999 12.076 11.984 11.595 11.494 11.482 11.467 11.615 11.715 11.66 11.581 11.397 11.411 11.603 11.718 11.726 11.768 11.843 11.64 11.443 11.427 11.299 11.112 11.621 11.768 11.307 11.501 11.477 11.011 11.168 11.097 11.084 11.243 11.264 11.427 11.633 11.813 11.808 11.85 11.801 11.786 11.766 11.887 12.12 12.391 12.732 12.917 -9999 12.96 -9999 12.825 -9999 12.606 -9999 12.446 12.48 12.449 12.332 12.387 12.462 12.686 -9999 -9999 -9999 12.718 12.454
-9999 -9999 -9999 -9999 -9999 -9999 -9999 -9999 -9999 -9999 -9999 -9999 12.125 11.807 11.541 11.534 11.395 11.348 11.252 11.438 11.304 11.287 11.338 11.548 11.762 11.827 11.937 12.009 11.948 11.835 11.638 11.535 11.311 11.61 12.059 11.568 11.62 11.969 11.55 11.322 11.212 11.039 11.24 11.517 11.528 11.699 11.828 11.817 12.009 12.057 11.962 11.946 11.942 12.043 12.277 12.432 12.728 12.958 -9999 -9999 13.222 13.259 -9999 -9999 12.804 12.79 12.834 -9999 -9999 -9999 -9999 -9999 -9999 -9999 -9999 -9999 -9999
-9999 -9999 -9999 -9999 -9999 -9999 -9999 -9999 -9999 -9999 -9999 11.881 11.777 11.589 11.53 11.671 11.648 11.403 11.353 11.138 10.673 10.657 11.028 11.293 11.454 11.603 11.948 12.09 11.937 11.885 11.714 11.371 11.406 11.768 11.851 12.149 12.68 12.425 11.955 11.535 11.239 11.531 11.817 11.767 11.861 11.891 11.991 12.177 12.362 12.289 12.312 12.321 12.42 12.424 12.549 -9999 -9999 -9999 12.958 -9999 -9999 -9999 -9999 -9999 -9999 12.956 -9999 -9999 -9999 -9999 -9999 -9999 -9999 -9999 -9999 -9999 -9999
-9999 -9999 -9999 -9999 -9999 -9999 -9999 -9999 -9999 -9999 12.035 11.294 11.15 11.345 11.794 11.904 11.833 11.671 11.402 10.615 9.779 9.985 10.882 11.022 10.972 11.626 11.682 12.109 12.136 11.924 12.113 12.274 12.431 -9999 -9999 -9999 -9999 -9999 12.655 12.101 11.74 11.816 11.976 12.085 12.071 12.167 12.239 12.415 -9999 12.466 -9999 -9999 -9999 -9999 -9999 12.746 12.732 12.632 12.544 12.642 13.07 -9999 -9999 -9999 -9999 -9999 -9999 -9999 -9999 -9999 -9999 -9999 -9999 -9999 -9999 -9999 -9999
-9999 -9999 -9999 -9999 -9999 -9999 -9999 -9999 -9999 12.584 11.512 10.823 10.893 11.329 11.595 11.833 11.929 11.454 10.981 10.03 9.456 9.766 10.292 10.624 11.322 11.216 11.892 12.226 12.319 12.563 -9999 -9999 -9999 -9999 -9999 -9999 -9999 -9999 -9999 -9999 12.656 12.531 12.574 12.306 12.115 12.055 12.282 12.081 12.447 -9999 -9999 -9999 -9999 -9999 -9999 -9999 12.938 12.657 12.693 12.745 -9999 -9999 -9999 -9999 -9999 -9999 -9999 -9999 -9999 -9999 -9999 -9999 -9999 -9999 -9999 -9999 -9999
-9999 -9999 -9999 -9999 -9999 -9999 -9999 12.606 12.727 12.163 11.374 10.868 10.68 10.799 11.347 11.835 11.475 11.056 10.804 10.161 9.621 10.033 10.419 10.926 11.103 12.065 11.827 12.068 -9999 -9999 -9999 -9999 -9999 -9999 -9999 -9999 -9999 -9999 -9999 -9999 -9999 13.214 -9999 -9999 -9999 -9999 -9999 12.613 12.433 -9999 -9999 -9999 -9999 -9999 -9999 -9999 -9999 -9999 12.882 12.893 -9999 -9999 -9999 -9999 -9999 -9999 -9999 -9999 -9999 -9999 -9999 -9999 -9999 -9999 -9999 -9999 -9999
-9999 -9999 -9999 -9999 -9999 -9999 12.601 -9999 12.304 12.103 11.556 11.024 10.726 10.773 11.278 11.391 11.121 11.54 11.476 10.615 10.208 10.382 10.998 11.279 11.767 12.199 12.37 12.803 -9999 -9999 -9999 -9999 -9999 -9999 -9999 -9999 -9999 -9999 -9999 -9999 -9999 -9999 13.135 -9999 -9999 -9999 -9999 -9999 -9999 -9999 -9999 -9999 -9999 -9999 -9999 -9999 -9999 -9999 -9999 -9999 -9999 -9999 -9999 -9999 -9999 -9999 -9999 -9999 -9999 -9999 -9999 -9999 -9999 -9999 -9999 -9999 -9999
-9999 -9999 -9999 -9999 -9999 12.778 12.605 11.932 12.104 12.135 11.737 11.497 11.21 11.196 11.424 11.279 11.453 -9999 11.701 10.99 10.429 10.067 10.599 11.57 11.948 12.426 12.698 -9999 -9999 -9999 -9999 -9999 -9999 -9999 -9999 -9999 -9999 -9999 -9999 -9999 -9999 -9999 -9999 -9999 -9999 -9999 -9999 -9999 -9999 -9999 -9999 -9999 -9999 -9999 -9999 -9999 -9999 -9999 -9999 -9999 -9999 -9999 -9999 -9999 -9999 -9999 -9999 -9999 -9999 -9999 -9999 -9999 -9999 -9999 -9999 -9999 -9999
-9999 -9999 -9999 -9999 -9999 12.781 12.296 11.894 11.773 11.806 11.729 11.652 11.439 11.662 11.812 11.787 12.217 12.17 11.994 11.445 10.506 10.273 11.038 11.46 12.076 12.413 12.542 -9999 -9999 -9999 -9999 -9999 -9999 -9999 -9999 -9999 -9999 -9999 -9999 -9999 -9999 -9999 -9999 -9999 -9999 -9999 -9999 -9999 -9999 -9999 -9999 -9999 -9999 -9999 -9999 -9999 -9999 -9999 -9999 -9999 -9999 -9999 -9999 -9999 -9999 -9999 -9999 -9999 -9999 -9999 -9999 -9999 -9999 -9999 -9999 -9999 -9999
-9999 -9999 -9999 -9999 12.846 12.493 11.999 11.549 11.47 11.687 11.778 11.815 11.883 12.093 11.901 12.234 12.457 12.408 12.103 11.811 11.309 11.194 11.459 11.861 12.078 12.241 -9999 -9999 -9999 -9999 -9999 -9999 -9999 -9999 -9999 -9999 -9999 -9999 -9999 -9999 -9999 -9999 -9999 -9999 -9999 -9999 -9999 -9999 -9999 -9999 -9999 -9999 -9999 -9999 -9999 -9999 -9999 -9999 -9999 -9999 -9999 -9999 -9999 -9999 -9999 -9999 -9999 -9999 -9999 -9999 -9999 -9999 -9999 -9999 -9999 -9999 -9999
