Validation/Results/raw data/ReClimate_08_2024_1_Temperature-Actuals.asc
NCOLS 192
NROWS 249
XLLCENTER -225160.85627316462
YLLCENTER 29788.11610251502
CELLSIZE 5000.0
NODATA_VALUE -9999
[rows 136 to 169 of 249, columns 75 to 149 of 192]
13.146 -9999 -9999 -9999 -9999 -9999 -9999 -9999 -9999 -9999 13.177 -9999 12.873 12.488 12.591 12.676 12.949 13.11 13.122 12.903 11.877 12.141 12.281 12.449 13.047 13.087 13.095 13.194 12.756 12.669 -9999 -9999 -9999 -9999 -9999 -9999 13.747 13.841 13.802 13.591 13.47 13.27 12.696 12.368 12.62 12.691 12.771 13.215 12.901 12.722 13.157 13.387 13.59 13.613 14.066 14.314 14.292 14.121 14.313 -9999 -9999 -9999 -9999 -9999 -9999 -9999 -9999 -9999 -9999 -9999 -9999 -9999 -9999 -9999 -9999
12.504 14.018 -9999 -9999 -9999 -9999 -9999 -9999 -9999 -9999 13.085 13.046 13.103 13.23 13.014 12.954 13.012 13.112 13.391 13.096 12.695 12.054 12.243 12.525 13.061 13.008 12.955 13.289 12.948 13.421 -9999 -9999 -9999 -9999 13.688 13.728 13.768 13.842 13.888 13.811 13.59 12.831 12.046 12.071 12.304 12.015 12.762 12.679 12.428 12.973 12.88 13.085 13.55 13.677 13.512 14.011 14.211 14.02 14.379 -9999 -9999 -9999 -9999 -9999 -9999 -9999 -9999 -9999 -9999 -9999 -9999 -9999 -9999 -9999 -9999
13.231 13.457 13.839 -9999 -9999 -9999 -9999 -9999 -9999 -9999 13.045 13.278 13.24 -9999 -9999 13.223 13.119 13.219 13.34 -9999 13.391 13.151 13.025 12.96 13.133 12.903 13.287 13.582 -9999 -9999 -9999 -9999 -9999 13.749 13.717 13.699 13.735 13.721 13.716 13.718 13.308 12.581 11.521 11.313 11.859 11.633 12.265 11.804 12.103 12.484 12.406 12.949 12.981 13.167 13.37 13.732 13.999 13.921 14.215 -9999 -9999 -9999 -9999 -9999 -9999 -9999 -9999 -9999 -9999 -9999 -9999 -9999 -9999 -9999 -9999
12.742 12.749 13.602 -9999 -9999 -9999 -9999 -9999 -9999 -9999 -9999 13.34 13.539 -9999 -9999 -9999 13.491 13.231 13.325 13.529 -9999 -9999 13.474 13.39 13.406 13.161 13.226 -9999 -9999 -9999 -9999 -9999 13.565 13.591 13.579 13.612 13.576 13.468 13.525 13.255 13.049 12.732 11.684 11.439 10.776 11.474 11.082 10.987 11.503 11.938 11.897 12.247 12.853 13.039 13.134 13.639 13.931 13.74 13.829 -9999 -9999 -9999 -9999 -9999 -9999 -9999 -9999 -9999 -9999 -9999 -9999 -9999 -9999 -9999 -9999
12.757 13.618 -9999 -9999 -9999 -9999 -9999 -9999 -9999 -9999 -9999 -9999 13.527 -9999 -9999 -9999 -9999 13.493 13.175 13.317 -9999 -9999 -9999 13.669 13.885 -9999 -9999 -9999 -9999 -9999 -9999 -9999 13.588 13.607 13.463 13.197 12.927 13.004 13.116 13.069 13.244 12.921 12.18 11.125 11.02 11.08 10.324 10.573 11.025 11.634 11.575 11.783 12.442 13.002 13.426 13.704 13.828 13.591 13.658 -9999 -9999 -9999 -9999 -9999 -9999 -9999 -9999 -9999 -9999 -9999 -9999 -9999 -9999 -9999 -9999
13.924 -9999 -9999 -9999 -9999 -9999 -9999 -9999 -9999 -9999 -9999 -9999 13.239 -9999 -9999 -9999 -9999 -9999 13.491 13.407 -9999 -9999 -9999 -9999 -9999 -9999 -9999 -9999 -9999 -9999 -9999 -9999 13.633 13.199 12.852 12.584 12.359 12.538 12.735 12.924 13.066 12.868 12.38 11.273 10.229 9.722 10.111 10.595 11.687 11.967 12.124 12.422 12.576 12.672 13.288 13.735 13.699 13.474 13.573 14.025 -9999 -9999 -9999 -9999 -9999 -9999 -9999 -9999 -9999 -9999 -9999 -9999 -9999 -9999 -9999
-9999 13.956 13.938 13.948 14.189 -9999 -9999 -9999 -9999 -9999 -9999 -9999 13.208 -9999 -9999 -9999 -9999 -9999 -9999 -9999 -9999 -9999 -9999 -9999 -9999 -9999 -9999 -9999 -9999 -9999 -9999 13.653 13.373 13.179 13.086 12.652 11.673 12.189 12.35 12.415 12.822 12.795 12.948 11.482 9.921 9.506 10.444 11.009 10.525 10.551 11.326 11.891 12.888 13.06 13.156 13.38 13.463 13.516 13.569 13.969 14.518 -9999 -9999 -9999 -9999 -9999 -9999 -9999 -9999 -9999 -9999 -9999 -9999 -9999 -9999
14.034 13.693 13.788 13.953 14.064 -9999 -9999 -9999 -9999 -9999 -9999 -9999 -9999 -9999 -9999 -9999 -9999 -9999 -9999 -9999 -9999 -9999 -9999 -9999 -9999 -9999 -9999 -9999 -9999 -9999 13.503 13.508 13.292 13.134 12.85 12.317 10.432 11.125 12.328 12.593 12.773 13.186 12.943 12.243 10.828 9.763 10.389 10.606 10.914 11.243 11.214 11.533 12.199 13.115 13.324 13.5 13.533 13.573 13.726 14.129 14.589 -9999 -9999 -9999 -9999 -9999 -9999 -9999 -9999 -9999 -9999 -9999 -9999 -9999 -9999
13.583 13.699 13.951 -9999 14.144 14.242 -9999 -9999 -9999 -9999 -9999 -9999 -9999 -9999 -9999 -9999 -9999 -9999 -9999 -9999 -9999 -9999 -9999 -9999 -9999 -9999 -9999 -9999 -9999 -9999 13.193 13.231 13.222 12.069 11.693 11.903 12.086 11.833 11.776 12.311 12.594 12.803 13.018 12.854 11.89 11.271 10.236 10.875 11.308 11.558 11.725 12.089 12.508 12.947 13.144 13.452 13.554 13.67 13.773 14.127 14.615 14.819 14.796 -9999 -9999 -9999 -9999 -9999 -9999 -9999 -9999 -9999 -9999 -9999 -9999
13.343 13.638 13.921 -9999 -9999 14.17 -9999 -9999 -9999 -9999 -9999 -9999 -9999 -9999 -9999 -9999 -9999 -9999 -9999 -9999 -9999 -9999 -9999 -9999 -9999 -9999 -9999 -9999 -9999 -9999 13.316 13.191 12.54 11.517 12.714 12.666 11.738 11.289 12.086 12.095 11.86 12.687 12.564 12.985 13.057 12.15 11.595 11.194 11.484 11.769 12.274 12.568 12.98 13.294 13.562 13.602 13.801 13.724 13.919 14.155 14.451 14.173 14.163 14.108 14.31 13.8 -9999 -9999 -9999 -9999 -9999 -9999 -9999 -9999 -9999
13.409 13.515 13.84 14.055 -9999 14.102 -9999 -9999 -9999 -9999 -9999 -9999 -9999 -9999 -9999 -9999 -9999 -9999 -9999 -9999 -9999 -9999 -9999 -9999 -9999 -9999 -9999 -9999 -9999 14.248 13.5 12.985 11.869 11.158 10.948 11.676 11.964 11.995 11.737 11.211 12.218 11.504 12.204 12.692 12.944 12.776 12.57 12.092 11.485 11.757 12.264 12.689 13.02 13.329 13.594 13.862 13.919 13.952 14.054 14.219 14.293 14.132 13.281 13.19 13.208 13.261 13.683 13.432 -9999 -9999 -9999 -9999 -9999 -9999 -9999
13.463 13.702 13.909 -9999 13.951 -9999 -9999 -9999 -9999 -9999 -9999 -9999 -9999 -9999 -9999 -9999 -9999 -9999 -9999 -9999 -9999 -9999 -9999 -9999 -9999 -9999 -9999 -9999 -9999 -9999 14.134 13.25 11.85 11.394 11.619 10.082 10.991 12.013 11.537 12.061 10.922 11.194 12.098 12.546 12.577 12.69 12.391 10.764 11.105 11.262 11.307 11.728 12.621 13.022 13.392 13.787 13.98 14.028 14.137 14.322 14.404 14.238 13.573 13.17 13.337 13.301 13.199 13.323 13.369 -9999 -9999 -9999 -9999 -9999 -9999
13.633 13.866 13.948 13.866 13.803 -9999 -9999 -9999 -9999 -9999 -9999 -9999 -9999 -9999 -9999 -9999 -9999 -9999 -9999 -9999 -9999 -9999 -9999 -9999 -9999 -9999 -9999 -9999 -9999 -9999 -9999 13.863 13.169 12.987 11.317 11.18 11.684 12.764 13.06 11.713 11.674 12.079 12.282 12.018 12.072 12.399 11.435 11.1 10.917 10.411 10.929 11.676 12.024 12.787 13.259 13.75 13.988 14.032 14.15 14.306 13.677 13.434 12.838 12.192 12.448 12.755 13.217 13.093 13.245 13.801 -9999 -9999 -9999 -9999 -9999
13.684 14.007 14.039 13.796 -9999 -9999 -9999 -9999 -9999 -9999 -9999 -9999 -9999 -9999 -9999 -9999 -9999 -9999 -9999 -9999 -9999 -9999 -9999 -9999 -9999 -9999 -9999 -9999 -9999 -9999 -9999 14.396 13.898 13.281 12.3 11.522 11.267 12.89 12.414 12.683 12.972 12.947 12.663 12.154 11.169 12.099 11.356 10.691 11.139 11.981 12.196 12.158 12.392 12.703 13.43 13.904 14.07 14.096 13.987 13.654 13.316 12.888 13.025 12.78 12.634 12.496 12.595 12.89 13.03 13.501 14.416 -9999 -9999 -9999 -9999
13.814 13.913 13.767 13.674 -9999 -9999 -9999 -9999 -9999 -9999 -9999 -9999 -9999 -9999 -9999 -9999 -9999 -9999 -9999 -9999 -9999 -9999 -9999 -9999 -9999 -9999 -9999 -9999 -9999 -9999 -9999 -9999 13.51 12.845 12.455 11.736 12.699 12.612 13.091 13.34 13.396 13.212 12.905 12.319 12.398 11.02 11.341 11.544 11.54 12.023 12.113 11.998 12.773 13.025 13.59 13.931 14.161 14.171 13.882 13.506 13.303 13.114 12.971 12.982 12.977 12.866 12.799 12.88 13.26 13.479 14.116 -9999 -9999 -9999 -9999
-9999 -9999 -9999 -9999 -9999 -9999 -9999 -9999 -9999 -9999 -9999 -9999 -9999 -9999 -9999 -9999 -9999 -9999 -9999 -9999 -9999 -9999 -9999 -9999 -9999 -9999 -9999 -9999 -9999 -9999 -9999 -9999 14.254 12.543 12.869 13.503 13.081 13.365 13.397 13.718 13.635 13.118 13.075 13.026 11.125 11.72 11.382 11.33 11.291 12.232 12.353 12.562 12.758 13.246 13.536 13.971 14.195 14.215 14.013 13.369 13.017 13.196 13.394 13.381 13.383 13.272 13.263 13.126 13.198 13.702 13.801 14.513 -9999 -9999 -9999
-9999 -9999 -9999 -9999 -9999 -9999 -9999 -9999 -9999 -9999 -9999 -9999 -9999 -9999 -9999 -9999 -9999 -9999 -9999 -9999 -9999 -9999 -9999 -9999 -9999 -9999 -9999 -9999 -9999 -9999 -9999 -9999 -9999 13.833 14.163 13.805 13.513 13.636 13.56 13.893 13.711 13.385 13.394 12.544 11.581 11.076 11.026 10.664 11.259 11.376 11.734 12.284 12.365 12.82 13.416 13.872 14.108 13.975 13.825 13.74 13.003 13.034 13.695 14.064 13.937 13.89 13.874 13.921 13.907 14.097 14.286 14.295 -9999 -9999 -9999
-9999 -9999 -9999 -9999 -9999 -9999 -9999 -9999 -9999 -9999 -9999 -9999 -9999 -9999 -9999 -9999 -9999 -9999 -9999 -9999 -9999 -9999 -9999 -9999 -9999 -9999 -9999 -9999 -9999 -9999 -9999 -9999 -9999 14.33 -9999 13.907 14.127 13.8 13.807 -9999 13.922 13.571 13.41 12.641 11.535 11.493 11.426 10.945 11.325 11.318 10.753 11.623 12.035 12.382 12.877 13.611 13.966 13.891 13.755 13.837 13.941 13.743 14.086 14.336 14.244 14.127 14.159 14.229 14.321 14.358 13.987 13.804 14.011 -9999 -9999
-9999 -9999 -9999 -9999 -9999 -9999 -9999 -9999 -9999 -9999 -9999 -9999 -9999 -9999 -9999 -9999 -9999 -9999 -9999 -9999 -9999 -9999 -9999 -9999 -9999 -9999 -9999 -9999 -9999 -9999 -9999 -9999 -9999 -9999 14.515 14.197 -9999 -9999 -9999 -9999 14.171 13.87 13.795 13.164 12.719 11.807 11.655 11.473 11.346 12.099 11.716 11.165 11.978 12.247 12.872 13.416 13.944 14.17 14.165 14.127 14.175 14.17 14.058 14.192 14.092 14.074 14.24 14.269 14.099 14.069 14.152 13.924 13.861 13.99 14.322
-9999 -9999 -9999 -9999 -9999 -9999 -9999 -9999 -9999 -9999 -9999 -9999 -9999 -9999 -9999 -9999 -9999 -9999 -9999 -9999 -9999 -9999 -9999 -9999 -9999 -9999 -9999 -9999 -9999 -9999 -9999 -9999 -9999 -9999 14.574 14.506 -9999 -9999 -9999 -9999 14.33 13.846 13.992 13.553 12.794 12.946 12.768 11.933 11.857 12.048 12.249 11.295 11.926 12.283 12.663 13.256 13.924 14.292 14.404 14.393 14.338 14.324 14.26 14.16 14.143 14.156 14.244 14.174 13.976 13.761 13.755 13.892 14.098 14.297 14.519
-9999 -9999 -9999 -9999 -9999 -9999 -9999 -9999 -9999 -9999 -9999 -9999 -9999 -9999 -9999 -9999 -9999 -9999 -9999 -9999 -9999 -9999 -9999 -9999 -9999 -9999 -9999 -9999 -9999 -9999 -9999 -9999 -9999 -9999 14.635 -9999 -9999 -9999 -9999 14.575 14.186 13.8 13.092 12.71 12.705 12.733 12.812 12.263 11.822 12.397 12.427 12.379 11.946 12.498 12.812 13.267 13.7 14.162 14.283 14.368 14.424 14.457 14.474 14.432 14.417 14.209 13.836 13.871 13.881 13.924 13.951 14.058 14.248 14.52 -9999
-9999 -9999 -9999 -9999 -9999 -9999 -9999 -9999 -9999 -9999 -9999 -9999 -9999 -9999 -9999 -9999 -9999 -9999 -9999 -9999 -9999 -9999 -9999 -9999 -9999 -9999 -9999 -9999 -9999 -9999 -9999 -9999 -9999 -9999 -9999 -9999 -9999 -9999 -9999 14.47 13.93 12.943 12.106 11.753 12.245 12.866 12.826 12.986 12.888 13.035 12.893 12.696 12.468 12.536 12.997 13.329 13.612 13.991 14.215 14.327 14.476 14.598 14.643 14.581 14.517 14.42 13.722 13.353 13.905 14.122 14.317 14.352 14.462 14.574 -9999
-9999 -9999 -9999 -9999 -9999 -9999 -9999 -9999 -9999 -9999 -9999 -9999 -9999 -9999 -9999 -9999 -9999 -9999 -9999 -9999 -9999 -9999 -9999 -9999 -9999 -9999 -9999 -9999 -9999 -9999 -9999 -9999 -9999 -9999 -9999 -9999 -9999 -9999 -9999 14.332 13.894 13.139 12.284 12.248 12.735 12.892 13.259 13.241 13.23 13.286 13.227 13.407 12.922 12.913 13.028 13.3 13.573 13.946 14.286 14.369 14.511 14.703 14.72 14.645 14.553 14.494 14.141 13.582 13.822 14.243 14.441 14.55 14.574 14.596 -9999
-9999 -9999 -9999 -9999 -9999 -9999 -9999 -9999 -9999 -9999 -9999 -9999 -9999 -9999 -9999 -9999 -9999 -9999 -9999 -9999 -9999 -9999 -9999 -9999 -9999 -9999 -9999 -9999 -9999 -9999 -9999 -9999 -9999 -9999 -9999 -9999 -9999 -9999 14.441 14.296 13.885 12.969 12.374 12.093 12.728 12.81 13.618 13.327 13.354 13.079 13.09 12.977 13.662 13.626 13.819 13.798 14.031 14.02 14.265 14.43 14.455 14.56 14.74 14.661 14.555 14.453 14.404 14.03 14.005 14.323 14.558 14.662 14.678 14.654 14.712
-9999 -9999 -9999 -9999 -9999 -9999 -9999 -9999 -9999 -9999 -9999 -9999 -9999 -9999 -9999 -9999 -9999 -9999 -9999 -9999 -9999 -9999 -9999 -9999 -9999 -9999 -9999 -9999 -9999 -9999 -9999 -9999 -9999 -9999 -9999 -9999 -9999 -9999 14.397 14.357 14.041 13.54 12.8 13.451 13.329 13.88 13.322 12.891 12.964 12.633 12.804 13.371 13.19 13.685 13.758 13.8 13.906 14.145 14.224 14.398 14.48 14.517 14.607 14.579 14.428 14.367 14.4 14.405 14.168 14.312 14.579 14.715 14.767 14.738 14.754
-9999 -9999 -9999 -9999 -9999 -9999 -9999 -9999 -9999 -9999 -9999 -9999 -9999 -9999 -9999 -9999 -9999 -9999 -9999 -9999 -9999 -9999 -9999 -9999 -9999 -9999 -9999 -9999 -9999 -9999 -9999 -9999 -9999 -9999 -9999 -9999 -9999 14.497 14.433 14.411 14.416 13.944 13.9 13.79 14.015 13.896 13.254 13.198 12.921 12.533 12.774 13.218 14.052 13.771 14.223 14.225 14.155 14.054 14.23 14.332 14.432 14.507 14.555 14.508 14.375 14.323 14.394 14.465 14.378 14.228 14.502 14.843 14.977 14.885 14.815
-9999 -9999 -9999 -9999 -9999 -9999 -9999 -9999 -9999 -9999 -9999 -9999 -9999 -9999 -9999 -9999 -9999 -9999 -9999 -9999 -9999 -9999 -9999 -9999 -9999 -9999 -9999 -9999 -9999 -9999 -9999 -9999 -9999 -9999 -9999 -9999 -9999 14.532 14.387 14.434 14.44 14.313 14.17 14.113 13.906 13.622 13.731 13.486 12.805 11.857 12.232 12.72 13.487 14.074 14.056 14.478 14.645 14.457 14.234 14.361 14.473 14.522 14.576 14.554 14.46 14.429 14.502 14.597 14.496 14.333 14.618 15.092 15.27 15.186 14.938
-9999 -9999 -9999 -9999 -9999 -9999 -9999 -9999 -9999 -9999 -9999 -9999 -9999 -9999 -9999 -9999 -9999 -9999 -9999 -9999 -9999 -9999 -9999 -9999 -9999 -9999 -9999 -9999 -9999 -9999 -9999 -9999 -9999 -9999 -9999 -9999 -9999 14.555 14.48 14.534 14.588 14.511 14.382 14.042 13.779 13.661 13.299 12.706 11.975 11.973 12.317 12.697 13.32 13.919 13.961 14.057 14.536 14.789 14.725 14.621 14.656 14.635 14.619 14.644 14.611 14.59 14.646 14.704 14.768 14.678 14.843 15.276 15.455 15.338 15.108
-9999 -9999 -9999 -9999 -9999 -9999 -9999 -9999 -9999 -9999 -9999 -9999 -9999 -9999 -9999 -9999 -9999 -9999 -9999 -9999 -9999 -9999 -9999 -9999 -9999 -9999 -9999 -9999 -9999 -9999 -9999 -9999 -9999 -9999 -9999 -9999 -9999 -9999 14.531 14.568 14.602 14.507 14.039 13.555 13.312 13.199 13.148 12.88 12.395 12.611 12.68 13.222 14.086 14.29 14.324 14.124 14.517 14.796 14.749 14.735 14.787 14.728 14.691 14.719 14.732 14.715 14.719 14.745 14.749 14.861 14.973 -9999 15.357 -9999 15.129
-9999 -9999 -9999 -9999 -9999 -9999 -9999 -9999 -9999 -9999 -9999 -9999 -9999 -9999 -9999 -9999 -9999 -9999 -9999 -9999 -9999 -9999 -9999 -9999 -9999 -9999 -9999 -9999 -9999 -9999 -9999 -9999 -9999 -9999 -9999 -9999 -9999 14.634 14.577 14.601 14.625 14.395 13.745 12.929 12.845 13.078 12.725 12.64 12.835 12.576 12.346 12.892 13.67 14.581 14.434 14.457 14.74 14.828 14.733 14.764 14.784 14.809 14.781 14.793 14.79 14.773 14.744 14.567 14.602 14.761 14.743 14.821 15.028 15.097 -9999
-9999 -9999 -9999 -9999 -9999 -9999 -9999 -9999 -9999 -9999 -9999 -9999 -9999 -9999 -9999 -9999 -9999 -9999 -9999 -9999 -9999 -9999 -9999 -9999 -9999 -9999 -9999 -9999 -9999 -9999 -9999 -9999 -9999 -9999 -9999 -9999 -9999 14.679 14.634 14.66 14.536 14.132 13.73 13.215 12.992 13.306 13.268 13.352 13.511 12.97 12.582 12.988 13.644 14.039 14.053 14.173 14.446 14.61 14.529 14.577 14.731 14.809 14.885 14.88 14.849 14.792 14.772 14.744 14.54 14.707 14.781 14.594 14.72 14.916 15.039
-9999 -9999 -9999 -9999 -9999 -9999 -9999 -9999 -9999 -9999 -9999 -9999 -9999 -9999 -9999 -9999 -9999 -9999 -9999 -9999 -9999 -9999 -9999 -9999 -9999 -9999 -9999 -9999 -9999 -9999 -9999 -9999 -9999 -9999 -9999 -9999 14.728 14.779 14.682 14.514 14.348 14.336 14.144 13.572 13.814 13.949 14.008 14.102 13.933 13.258 12.385 12.221 12.896 13.44 13.409 13.855 14.371 14.5 14.626 14.563 14.703 14.859 14.961 14.972 14.928 14.85 14.83 14.832 14.793 14.733 14.8 14.56 14.511 14.713 14.933
-9999 -9999 -9999 -9999 -9999 -9999 -9999 -9999 -9999 -9999 -9999 -9999 -9999 -9999 -9999 -9999 -9999 -9999 -9999 -9999 -9999 -9999 -9999 -9999 -9999 -9999 -9999 -9999 -9999 -9999 -9999 -9999 -9999 -9999 -9999 -9999 14.843 14.813 14.743 14.64 14.443 14.252 14.415 14.307 14.356 14.392 14.438 14.456 14.239 13.705 13.042 12.007 11.7 12.615 12.906 13.354 14.067 14.24 14.661 14.805 14.696 14.85 15.022 15.059 15.003 14.897 14.859 14.879 14.818 14.805 14.825 14.779 14.354 14.488 14.733
-9999 -9999 -9999 -9999 -9999 -9999 -9999 -9999 -9999 -9999 -9999 -9999 -9999 -9999 -9999 -9999 -9999 -9999 -9999 -9999 -9999 -9999 -9999 -9999 -9999 -9999 -9999 -9999 -9999 -9999 -9999 -9999 -9999 -9999 -9999 -9999 -9999 14.948 14.895 14.863 14.653 14.712 14.625 14.608 14.671 14.719 14.883 14.868 14.63 14.22 13.41 12.485 11.575 11.438 12.311 13.009 13.687 14.233 14.288 14.597 14.621 14.732 14.974 15.062 15.021 14.907 14.855 14.836 14.798 14.788 14.833 14.769 14.476 14.336 14.561
