Validation/Results/raw data/ReClimate_12_2023_2_Temperatureweatherlogisticsltd.asc
NCOLS 192
NROWS 249
XLLCENTER -225160.85627316462
YLLCENTER 29788.11610251502
CELLSIZE 5000.0
NODATA_VALUE -9999
[rows 170 to 203 of 249, columns 77 to 153 of 192]
-9999 -9999 -9999 -9999 -9999 -9999 -9999 -9999 -9999 -9999 -9999 -9999 -9999 -9999 -9999 0.598 0.622 -9999 -9999 -9999 -9999 -9999 -9999 -9999 -9999 -9999 -9999 -9999 -9999 -9999 -9999 -9999 -9999 -9999 0.877 0.889 0.903 0.918 0.916 0.914 0.931 0.95 0.965 0.98 0.996 1.012 1.014 1.013 1.004 0.988 0.988 0.988 0.987 0.985 0.986 0.986 0.992 0.999 0.989 0.974 0.972 0.969 0.979 0.993 0.985 0.973 0.984 0.997 0.992 0.983 0.983 0.981 0.987 0.993 1.0 1.008 0.999
-9999 -9999 -9999 -9999 -9999 -9999 -9999 -9999 -9999 -9999 -9999 -9999 -9999 -9999 -9999 0.619 0.64 0.655 -9999 -9999 -9999 -9999 -9999 -9999 -9999 -9999 -9999 -9999 -9999 -9999 -9999 -9999 -9999 0.862 0.876 0.873 0.886 0.901 0.906 0.926 0.944 0.965 0.973 0.964 0.977 0.987 0.991 0.997 0.991 0.989 0.995 0.998 0.996 0.994 1.0 1.005 0.997 0.997 0.996 0.988 0.991 0.992 0.995 1.005 1.003 0.997 1.004 1.015 1.011 1.005 1.004 1.003 1.0 1.002 1.003 1.006 0.998
-9999 -9999 -9999 -9999 -9999 -9999 -9999 -9999 -9999 -9999 -9999 -9999 -9999 -9999 0.6 0.631 0.648 0.662 0.675 -9999 -9999 -9999 -9999 -9999 -9999 -9999 -9999 -9999 -9999 -9999 0.839 -9999 -9999 0.865 0.866 0.865 0.879 0.893 -9999 0.929 0.948 0.969 0.964 0.956 0.967 0.977 0.983 0.989 0.99 0.989 0.997 1.004 1.003 1.0 1.007 1.014 1.008 0.999 0.998 0.996 1.0 1.004 1.008 1.013 1.012 1.01 1.018 1.027 1.024 1.018 1.018 1.018 1.016 1.012 1.014 1.013 1.005
-9999 -9999 -9999 -9999 -9999 -9999 -9999 -9999 -9999 -9999 -9999 -9999 -9999 -9999 0.617 0.632 0.652 0.678 0.69 0.699 0.715 -9999 -9999 -9999 0.747 0.744 -9999 0.786 0.811 0.831 0.846 0.863 -9999 -9999 0.883 0.896 -9999 -9999 0.916 0.934 0.945 0.942 0.941 0.949 0.96 0.973 0.979 0.984 0.984 0.984 0.992 1.001 1.007 1.008 1.008 1.012 1.017 1.015 1.018 1.019 1.01 1.007 1.013 1.019 1.017 1.015 1.024 1.033 1.04 1.041 1.039 1.038 1.042 1.043 1.046 1.045 1.034
-9999 -9999 -9999 -9999 -9999 -9999 -9999 -9999 -9999 -9999 -9999 -9999 -9999 -9999 -9999 0.636 0.66 0.685 0.696 0.705 -9999 -9999 0.739 0.747 0.745 0.739 0.765 0.792 0.811 0.83 0.847 0.865 0.874 -9999 0.892 0.906 0.905 0.9 0.917 0.935 0.934 0.931 0.938 0.945 0.958 0.97 0.976 0.981 0.982 0.981 0.989 0.998 1.005 1.012 1.014 1.016 1.019 1.024 1.027 1.031 1.023 1.013 1.019 1.026 1.025 1.021 1.031 1.041 1.047 1.054 1.053 1.051 1.056 1.061 1.064 1.063 1.054
-9999 -9999 -9999 -9999 -9999 -9999 -9999 -9999 -9999 -9999 -9999 -9999 -9999 -9999 -9999 0.636 0.657 0.679 0.691 0.705 0.718 0.726 0.734 0.741 0.742 0.754 0.778 0.797 0.814 0.825 0.842 0.859 0.872 0.887 0.905 0.924 0.927 0.928 0.946 0.962 0.963 0.958 0.967 0.976 0.985 0.984 0.985 0.971 0.977 0.993 0.994 0.999 1.015 1.028 1.024 1.022 1.027 1.032 1.032 1.033 1.036 1.033 1.035 1.04 1.035 1.03 1.041 1.053 1.057 1.063 1.064 1.064 1.068 1.072 1.078 1.079 1.063
-9999 -9999 -9999 -9999 -9999 -9999 -9999 -9999 -9999 -9999 -9999 -9999 -9999 -9999 -9999 -9999 0.659 0.677 0.692 0.706 0.714 0.722 0.73 0.737 0.748 0.759 0.778 0.797 0.809 0.822 0.842 0.861 0.879 0.896 0.916 0.935 0.941 0.943 0.959 0.976 0.976 0.972 0.982 0.991 0.993 0.993 0.983 0.971 0.985 1.001 1.0 0.999 1.014 1.033 1.029 1.023 1.029 1.035 1.036 1.035 1.04 1.044 1.047 1.049 1.045 1.039 1.05 1.063 1.068 1.072 1.074 1.074 1.077 1.078 1.08 1.08 1.064
-9999 -9999 -9999 -9999 -9999 -9999 -9999 -9999 -9999 -9999 -9999 -9999 -9999 -9999 -9999 -9999 -9999 -9999 0.704 0.727 0.731 0.722 0.728 0.727 0.74 0.764 0.778 0.791 0.806 0.821 0.837 0.845 0.871 0.916 0.934 0.944 0.948 0.945 0.964 0.989 0.993 1.003 1.007 0.997 1.003 1.012 1.006 1.0 1.013 1.021 1.029 1.033 1.027 1.032 1.039 1.04 1.042 1.047 1.051 1.053 1.053 1.056 1.058 1.06 1.059 1.055 1.062 1.071 1.072 1.073 1.074 1.073 1.071 1.067 1.07 1.069 1.061
-9999 -9999 -9999 -9999 -9999 -9999 -9999 -9999 -9999 -9999 -9999 -9999 -9999 -9999 -9999 -9999 -9999 0.69 0.712 0.735 0.731 0.722 0.724 0.723 0.742 0.766 0.78 0.796 0.811 0.825 0.835 0.842 0.883 0.927 0.939 0.949 0.951 0.949 0.971 0.995 1.006 1.017 1.011 1.002 1.012 1.022 1.018 1.013 1.022 1.03 1.039 1.048 1.043 1.036 1.041 1.047 1.049 1.051 1.055 1.058 1.059 1.058 1.061 1.062 1.061 1.059 1.065 1.071 1.072 1.07 1.071 1.069 1.066 1.06 1.061 1.061 1.053
-9999 -9999 -9999 -9999 -9999 -9999 -9999 -9999 -9999 -9999 -9999 -9999 -9999 -9999 -9999 -9999 0.675 0.696 0.713 0.724 0.721 0.72 0.732 0.766 0.783 0.786 0.796 0.796 0.813 0.837 0.853 0.874 0.914 0.953 0.96 0.951 0.957 0.968 0.986 0.998 1.008 1.014 1.012 1.012 1.019 1.017 1.018 1.028 1.031 1.024 1.037 1.048 1.048 1.044 1.053 1.06 1.062 1.065 1.064 1.065 1.066 1.065 1.058 1.053 1.076 1.088 1.086 1.088 1.084 1.081 1.077 1.073 1.078 1.078 1.069 1.062 1.055
-9999 -9999 -9999 -9999 -9999 -9999 -9999 -9999 -9999 -9999 -9999 -9999 -9999 -9999 -9999 0.662 0.679 0.698 0.709 0.719 0.72 0.718 0.749 0.79 0.797 0.8 0.802 0.801 0.822 0.845 0.868 0.89 0.925 0.964 0.961 0.953 0.966 0.977 0.989 1.001 1.009 1.015 1.017 1.018 1.019 1.017 1.026 1.036 1.032 1.025 1.038 1.051 1.051 1.05 1.059 1.068 1.07 1.072 1.07 1.067 1.068 1.067 1.06 1.05 1.071 1.097 1.096 1.093 1.09 1.084 1.08 1.071 1.076 1.081 1.073 1.06 1.053
-9999 -9999 -9999 -9999 -9999 -9999 -9999 -9999 -9999 -9999 -9999 -9999 -9999 0.625 0.645 0.671 0.683 0.686 0.695 0.703 0.711 0.737 0.775 0.81 0.815 0.812 0.818 0.828 0.848 0.865 0.888 0.91 0.937 0.95 0.954 0.965 0.976 0.982 0.992 0.998 1.005 1.01 1.016 1.027 1.029 1.029 1.037 1.041 1.04 1.045 1.048 1.055 1.048 1.042 1.062 1.078 1.068 1.062 1.074 1.078 1.073 1.069 1.076 1.075 1.069 1.077 1.088 1.091 1.087 1.08 1.091 1.092 1.084 1.081 1.075 1.06 -9999
-9999 -9999 -9999 -9999 -9999 -9999 -9999 -9999 -9999 -9999 -9999 -9999 0.614 0.626 0.649 0.672 -9999 -9999 -9999 -9999 0.726 0.755 0.788 0.822 0.824 0.821 0.833 0.844 0.86 0.876 0.898 0.919 0.933 0.946 0.959 0.971 0.979 0.985 0.993 0.999 1.005 1.01 1.022 1.033 1.036 1.037 1.041 1.044 1.05 1.054 1.058 1.059 1.052 1.042 1.06 1.083 1.074 1.06 1.072 1.085 1.077 1.069 1.075 1.082 1.077 1.069 1.079 1.09 1.086 1.078 1.088 1.098 1.091 1.079 1.072 1.064 1.053
-9999 -9999 -9999 -9999 -9999 -9999 -9999 -9999 -9999 -9999 -9999 -9999 0.621 0.634 0.653 -9999 -9999 -9999 -9999 -9999 0.744 0.767 0.794 0.814 0.824 0.845 0.858 0.87 0.884 0.893 0.911 0.92 0.935 0.949 0.962 0.973 0.981 0.987 0.992 0.99 1.004 1.03 1.036 1.026 1.031 1.041 1.046 1.051 1.058 1.067 1.074 1.078 1.073 1.064 1.069 1.084 1.085 1.078 1.071 1.072 1.081 1.079 1.083 1.09 1.088 1.083 1.087 1.094 1.091 1.084 1.094 1.104 1.098 1.088 1.08 1.071 1.054
-9999 -9999 -9999 -9999 -9999 -9999 -9999 -9999 -9999 -9999 -9999 -9999 -9999 -9999 0.657 -9999 -9999 -9999 -9999 -9999 0.753 0.776 0.796 0.815 0.836 0.859 0.873 0.886 0.896 0.906 0.917 0.926 0.941 0.955 0.966 0.977 0.985 0.99 0.991 0.989 1.014 1.041 1.036 1.025 1.034 1.044 1.05 1.056 1.064 1.073 1.08 1.086 1.082 1.074 1.079 1.085 1.086 1.085 1.079 1.069 1.077 1.085 1.087 1.091 1.089 1.086 1.09 1.093 1.09 1.084 1.093 1.103 1.097 1.088 1.081 1.071 1.055
-9999 -9999 -9999 -9999 -9999 -9999 -9999 -9999 -9999 -9999 -9999 -9999 -9999 -9999 -9999 -9999 -9999 -9999 -9999 -9999 0.767 0.785 0.802 0.811 0.839 0.878 0.892 0.904 0.915 0.925 0.933 0.934 0.949 0.966 0.978 0.989 0.999 1.011 1.014 1.017 1.041 1.062 1.06 1.055 1.064 1.07 1.073 1.067 1.081 1.093 1.087 1.086 1.074 1.061 1.073 1.082 1.084 1.085 1.094 1.094 1.083 1.08 1.08 1.079 1.081 1.08 1.081 1.083 1.091 1.091 1.09 1.093 1.091 1.084 1.076 1.067 1.058
-9999 -9999 -9999 -9999 -9999 -9999 -9999 -9999 -9999 -9999 -9999 -9999 -9999 -9999 -9999 -9999 -9999 -9999 -9999 -9999 -9999 0.798 0.81 0.818 0.854 0.892 0.905 0.917 0.927 0.937 0.941 0.942 0.958 0.974 0.986 0.997 1.01 1.022 1.028 1.032 1.053 1.074 1.073 1.069 1.075 1.081 1.078 1.072 1.086 1.102 1.096 1.087 1.076 1.059 1.07 1.083 1.085 1.086 1.094 1.103 1.093 1.079 1.078 1.076 1.075 1.076 1.077 1.078 1.084 1.091 1.09 1.087 1.084 1.08 1.072 1.062 1.054
-9999 -9999 -9999 -9999 -9999 -9999 -9999 -9999 -9999 -9999 -9999 -9999 -9999 -9999 -9999 -9999 -9999 -9999 -9999 -9999 0.775 0.798 0.814 0.84 0.869 0.887 0.903 0.925 0.937 0.953 0.96 0.965 0.978 0.981 0.994 1.009 1.02 1.028 1.042 1.071 1.087 1.09 1.09 1.087 1.092 1.093 1.092 1.092 1.109 1.127 1.117 1.106 1.107 1.098 1.083 1.081 1.089 1.095 1.101 1.109 1.108 1.1 1.101 1.101 1.09 1.085 1.085 1.086 1.087 1.089 1.08 1.071 1.073 1.071 1.061 1.049 1.047
-9999 -9999 -9999 -9999 -9999 -9999 -9999 -9999 -9999 -9999 -9999 -9999 -9999 -9999 -9999 -9999 -9999 -9999 -9999 -9999 0.795 0.804 0.829 0.855 0.873 0.89 0.911 0.932 0.948 0.964 0.972 0.979 0.985 0.988 1.002 1.016 1.025 1.033 1.06 1.09 1.096 1.098 1.099 1.096 1.098 1.099 1.101 1.102 1.118 1.136 1.127 1.114 1.115 1.114 1.1 1.081 1.089 1.099 1.105 1.111 1.11 1.108 1.109 1.109 1.1 1.088 1.087 1.087 1.088 1.087 1.078 1.063 1.064 1.065 1.055 1.042 1.04
-9999 -9999 -9999 -9999 -9999 -9999 -9999 -9999 -9999 -9999 -9999 -9999 -9999 -9999 -9999 -9999 -9999 -9999 -9999 -9999 0.842 0.851 0.874 0.89 0.91 0.931 0.944 0.939 0.955 0.973 0.984 0.997 1.006 1.017 1.027 1.024 1.032 1.036 1.06 1.086 1.091 1.096 1.098 1.101 1.101 1.094 1.098 1.108 1.113 1.124 1.131 1.128 1.127 1.125 1.114 1.097 1.095 1.099 1.1 1.103 1.096 1.09 1.098 1.101 1.098 1.089 1.086 1.085 1.089 1.088 1.088 1.081 1.073 1.069 1.059 1.047 1.038
-9999 -9999 -9999 -9999 -9999 -9999 -9999 -9999 -9999 -9999 -9999 -9999 -9999 -9999 -9999 -9999 -9999 -9999 -9999 -9999 -9999 0.875 0.892 0.909 0.929 0.95 0.95 0.946 0.963 0.98 0.994 1.008 1.02 1.032 1.032 1.031 1.037 1.041 1.063 1.087 1.093 1.097 1.102 1.106 1.102 1.095 1.104 1.113 1.118 1.123 1.128 1.133 1.133 1.129 1.119 1.104 1.102 1.1 1.1 1.101 1.094 1.084 1.091 1.099 1.095 1.09 1.086 1.083 1.086 1.086 1.085 1.084 1.077 1.068 1.058 1.046 1.038
-9999 -9999 -9999 -9999 -9999 -9999 -9999 -9999 -9999 -9999 -9999 -9999 -9999 -9999 -9999 -9999 -9999 -9999 -9999 -9999 -9999 0.897 0.91 0.915 0.937 0.961 0.964 0.97 0.987 1.001 1.015 1.026 1.036 1.04 1.048 1.064 1.071 1.074 1.092 1.1 1.104 1.103 1.106 1.101 1.098 1.097 1.111 1.137 1.143 1.149 1.141 1.138 1.133 1.128 1.129 1.12 1.124 1.126 1.117 1.112 1.118 1.117 1.114 1.116 1.106 1.096 1.104 1.107 1.103 1.101 1.093 1.088 1.088 1.084 1.076 1.067 1.053
-9999 -9999 -9999 -9999 -9999 -9999 -9999 -9999 -9999 -9999 -9999 -9999 -9999 -9999 -9999 -9999 -9999 -9999 -9999 -9999 0.876 0.909 0.916 0.921 0.943 0.967 0.976 0.983 0.998 1.013 1.025 1.036 1.043 1.048 1.064 1.081 1.087 1.091 1.101 1.108 1.109 1.109 1.108 1.103 1.103 1.101 1.123 1.149 1.155 1.159 1.152 1.14 1.136 1.129 1.129 1.127 1.131 1.136 1.128 1.117 1.122 1.129 1.127 1.122 1.113 1.099 1.106 1.114 1.109 1.102 1.095 1.086 1.086 1.086 1.08 1.071 1.058
-9999 -9999 -9999 -9999 -9999 -9999 -9999 -9999 -9999 -9999 -9999 -9999 -9999 -9999 -9999 -9999 -9999 -9999 -9999 -9999 0.896 0.917 0.926 0.938 0.959 0.979 0.991 1.003 1.014 1.011 1.029 1.055 1.061 1.059 1.073 1.081 1.087 1.092 1.098 1.098 1.101 1.106 1.109 1.12 1.126 1.142 1.153 1.139 1.146 1.16 1.164 1.16 1.154 1.148 1.145 1.142 1.143 1.146 1.135 1.123 1.132 1.14 1.14 1.137 1.128 1.116 1.117 1.122 1.117 1.113 1.103 1.093 1.09 1.089 1.076 1.064 1.059
-9999 -9999 -9999 -9999 -9999 -9999 -9999 -9999 -9999 -9999 -9999 -9999 -9999 -9999 -9999 -9999 -9999 -9999 -9999 -9999 0.904 0.923 0.936 0.948 0.966 0.987 1.001 1.014 1.016 1.014 1.04 1.066 1.069 1.068 1.078 1.086 1.092 1.095 1.097 1.098 1.103 1.108 1.119 1.13 1.145 1.162 1.152 1.137 1.148 1.161 1.165 1.168 1.163 1.156 1.154 1.148 1.149 1.15 1.14 1.126 1.134 1.144 1.144 1.142 1.134 1.121 1.122 1.122 1.117 1.112 1.104 1.093 1.09 1.086 1.073 1.057 1.052
-9999 -9999 -9999 -9999 -9999 -9999 -9999 -9999 -9999 -9999 -9999 -9999 -9999 -9999 -9999 -9999 -9999 -9999 -9999 0.888 0.909 0.915 0.929 0.945 0.966 0.994 1.009 1.02 1.027 1.04 1.061 1.074 1.081 1.093 1.106 1.12 1.121 1.106 1.111 1.117 1.122 1.12 1.13 1.136 1.15 1.163 1.159 1.162 1.168 1.162 1.159 1.158 1.17 1.172 1.165 1.157 1.162 1.166 1.159 1.149 1.153 1.161 1.147 1.137 1.137 1.13 1.126 1.124 1.118 1.112 1.11 1.103 1.09 1.08 1.077 1.067 1.055
-9999 -9999 -9999 -9999 -9999 -9999 -9999 -9999 -9999 -9999 -9999 -9999 -9999 -9999 -9999 -9999 -9999 -9999 0.877 0.896 0.906 0.916 0.932 0.948 0.973 1.001 1.014 1.025 1.04 1.053 1.066 1.08 1.094 1.106 1.122 1.136 1.127 1.113 1.121 1.129 1.129 1.128 1.136 1.142 1.154 1.166 1.17 1.173 1.17 1.164 1.161 1.157 1.167 1.179 1.173 1.162 1.166 1.172 1.166 1.157 1.161 1.166 1.153 1.134 1.133 1.131 1.127 1.122 1.116 1.109 1.106 1.103 1.091 1.074 1.07 1.066 1.055
-9999 -9999 -9999 -9999 -9999 -9999 -9999 -9999 -9999 -9999 -9999 -9999 -9999 -9999 -9999 -9999 0.855 0.872 0.893 0.923 0.936 0.945 0.954 0.948 0.973 1.003 1.02 1.044 1.057 1.064 1.072 1.068 1.088 1.12 1.131 1.133 1.13 1.131 1.143 1.162 1.165 1.163 1.174 1.187 1.189 1.164 1.175 1.2 1.186 1.146 1.163 1.17 1.161 1.16 1.174 1.174 1.166 1.163 1.166 1.163 1.157 1.155 1.157 1.148 1.131 1.119 1.132 1.136 1.125 1.115 1.104 1.095 1.096 1.088 1.076 1.068 1.05
-9999 -9999 -9999 -9999 -9999 -9999 -9999 -9999 -9999 -9999 -9999 -9999 -9999 -9999 -9999 0.848 0.868 0.893 0.917 0.939 0.95 0.959 0.957 0.952 0.978 1.007 1.03 1.054 1.063 1.071 1.071 1.067 1.096 1.126 1.131 1.133 1.138 1.141 1.159 1.178 1.18 1.179 1.194 1.208 1.19 1.165 1.187 1.211 1.18 1.14 1.155 1.173 1.165 1.152 1.164 1.176 1.168 1.157 1.16 1.162 1.155 1.146 1.147 1.147 1.132 1.112 1.124 1.138 1.127 1.113 1.102 1.088 1.088 1.088 1.078 1.065 1.047
-9999 -9999 -9999 -9999 -9999 -9999 -9999 -9999 -9999 -9999 -9999 -9999 0.814 0.842 0.859 0.872 0.894 0.903 0.924 0.942 0.954 0.964 0.974 1.0 1.023 1.035 1.055 1.066 1.074 1.075 1.078 1.083 1.107 1.127 1.138 1.157 1.165 1.174 1.183 1.168 1.174 1.188 1.198 1.198 1.188 1.188 1.2 1.195 1.188 1.163 1.177 1.196 1.184 1.17 1.183 1.196 1.18 1.164 1.161 1.161 1.156 1.149 1.141 1.136 1.141 1.135 1.131 1.137 1.133 1.124 1.114 1.103 1.097 1.094 1.076 1.059 1.053
-9999 -9999 -9999 -9999 -9999 -9999 -9999 -9999 -9999 -9999 0.79 0.81 0.836 0.856 0.872 0.886 0.9 0.91 0.929 0.946 0.959 0.97 0.996 1.022 1.036 1.049 1.062 1.073 1.077 1.079 1.085 1.089 1.108 1.128 1.147 1.167 1.178 1.189 1.181 1.167 1.18 1.193 1.196 1.195 1.196 1.196 1.192 1.186 1.179 1.17 1.184 1.202 1.191 1.175 1.186 1.199 1.183 1.162 1.16 1.156 1.152 1.145 1.137 1.127 1.132 1.137 1.134 1.129 1.126 1.12 1.113 1.104 1.098 1.091 1.074 1.053 1.047
-9999 -9999 -9999 -9999 -9999 -9999 0.724 0.747 0.766 0.784 0.799 0.833 0.858 0.882 0.899 0.913 0.927 0.934 0.951 0.959 0.972 0.985 1.007 1.023 1.037 1.051 1.064 1.076 1.081 1.089 1.1 1.119 1.129 1.117 1.137 1.163 1.174 1.182 1.185 1.202 1.209 1.195 1.202 1.216 1.21 1.187 1.187 1.193 1.19 1.184 1.188 1.2 1.204 1.198 1.194 1.2 1.183 1.162 1.159 1.155 1.15 1.144 1.152 1.152 1.138 1.133 1.126 1.12 1.115 1.109 1.101 1.093 1.082 1.071 1.072 1.061 1.046
-9999 -9999 -9999 -9999 -9999 0.717 0.738 0.76 0.774 0.789 0.811 0.847 0.873 0.898 0.914 0.927 0.939 0.947 0.958 0.967 0.982 0.995 1.012 1.027 1.041 1.053 1.065 1.076 1.085 1.093 1.112 1.132 1.124 1.113 1.135 1.16 1.17 1.179 1.197 1.215 1.207 1.194 1.209 1.222 1.204 1.182 1.187 1.192 1.19 1.186 1.19 1.195 1.198 1.2 1.198 1.194 1.178 1.157 1.154 1.149 1.144 1.138 1.145 1.155 1.142 1.125 1.119 1.11 1.105 1.097 1.089 1.082 1.072 1.058 1.059 1.059 1.045
-9999 -9999 -9999 -9999 0.707 0.737 0.759 0.778 0.794 0.803 0.825 0.847 0.878 0.915 0.93 0.941 0.953 0.964 0.974 0.979 0.994 1.011 1.026 1.039 1.051 1.056 1.069 1.083 1.091 1.097 1.115 1.134 1.131 1.129 1.154 1.182 1.192 1.196 1.211 1.219 1.22 1.229 1.235 1.218 1.204 1.196 1.203 1.212 1.207 1.193 1.198 1.203 1.205 1.206 1.187 1.174 1.173 1.162 1.155 1.148 1.137 1.127 1.132 1.139 1.138 1.129 1.121 1.112 1.102 1.092 1.084 1.077 1.074 1.064 1.06 1.058 1.037
