Validation/Results/raw data/ReClimate_03_2024_2_Temperature-Actualsweatherlogisticsltd.asc
NCOLS 192
NROWS 249
XLLCENTER -225160.85627316462
YLLCENTER 29788.11610251502
CELLSIZE 5000.0
NODATA_VALUE -9999
[rows 170 to 203 of 249, columns 77 to 153 of 192]
-9999 -9999 -9999 -9999 -9999 -9999 -9999 -9999 -9999 -9999 -9999 -9999 -9999 -9999 -9999 10.877 10.89 -9999 -9999 -9999 -9999 -9999 -9999 -9999 -9999 -9999 -9999 -9999 -9999 -9999 -9999 -9999 -9999 -9999 11.781 11.988 11.963 11.989 11.822 11.715 11.796 11.889 11.955 12.116 12.235 12.257 12.008 11.495 10.593 9.718 8.948 9.177 9.147 9.658 10.858 11.45 11.765 11.409 11.35 11.556 11.802 11.803 11.795 11.765 11.777 11.786 11.745 11.754 11.839 11.834 11.684 11.205 11.187 11.143 11.378 11.479 11.476
-9999 -9999 -9999 -9999 -9999 -9999 -9999 -9999 -9999 -9999 -9999 -9999 -9999 -9999 -9999 10.735 10.691 10.855 -9999 -9999 -9999 -9999 -9999 -9999 -9999 -9999 -9999 -9999 -9999 -9999 -9999 -9999 -9999 11.909 11.969 11.958 11.908 11.76 11.74 11.662 11.826 11.877 11.959 12.05 12.081 12.034 11.934 11.588 10.894 9.753 8.912 9.406 9.919 10.033 10.722 11.797 11.995 11.76 11.283 11.418 11.759 11.822 11.733 11.667 11.727 11.784 11.788 11.705 11.767 11.81 11.728 11.412 11.136 11.192 11.327 11.613 11.661
-9999 -9999 -9999 -9999 -9999 -9999 -9999 -9999 -9999 -9999 -9999 -9999 -9999 -9999 11.071 10.879 10.763 10.919 11.113 -9999 -9999 -9999 -9999 -9999 -9999 -9999 -9999 -9999 -9999 -9999 11.245 -9999 -9999 11.968 11.675 11.874 11.9 11.916 -9999 11.593 11.658 11.723 11.828 11.818 11.882 11.75 11.717 11.299 10.558 10.835 9.698 9.995 10.562 9.966 10.902 11.4 11.835 11.76 11.443 11.466 11.686 11.898 11.798 11.687 11.773 11.819 11.844 11.751 11.756 11.85 11.768 11.632 11.313 11.124 11.157 11.529 11.709
-9999 -9999 -9999 -9999 -9999 -9999 -9999 -9999 -9999 -9999 -9999 -9999 -9999 -9999 11.244 11.089 11.045 11.088 11.201 11.086 10.983 -9999 -9999 -9999 10.631 10.881 -9999 11.034 11.114 11.236 10.599 10.893 -9999 -9999 11.673 11.659 -9999 -9999 11.679 11.576 11.848 12.075 11.974 11.87 11.691 11.598 11.446 10.821 9.975 10.25 10.117 9.875 10.085 10.054 10.317 11.52 11.663 11.527 11.243 11.41 11.548 11.749 11.811 11.678 11.781 11.849 11.874 11.823 11.778 11.885 11.834 11.751 11.553 11.28 10.982 11.085 11.425
-9999 -9999 -9999 -9999 -9999 -9999 -9999 -9999 -9999 -9999 -9999 -9999 -9999 -9999 -9999 11.23 11.149 11.193 11.364 11.3 -9999 -9999 8.785 8.868 10.579 10.04 10.192 10.372 11.005 11.023 10.971 10.667 10.726 -9999 11.656 11.735 11.706 11.746 11.508 11.394 11.827 12.186 12.109 11.851 11.672 11.495 11.341 10.568 9.49 9.571 9.854 10.103 10.366 10.19 10.427 11.183 11.643 11.512 11.255 11.314 11.391 11.526 11.637 11.67 11.777 11.867 11.849 11.694 11.746 11.924 11.907 11.85 11.729 11.489 11.26 11.063 11.085
-9999 -9999 -9999 -9999 -9999 -9999 -9999 -9999 -9999 -9999 -9999 -9999 -9999 -9999 -9999 11.175 11.112 11.449 11.577 11.594 11.234 9.545 7.301 9.911 10.572 9.715 10.194 9.85 10.374 11.063 10.863 9.923 10.582 10.92 11.454 11.713 11.629 11.625 11.503 11.418 11.665 11.944 11.924 11.789 11.598 11.442 11.174 10.197 9.546 9.236 9.606 9.695 10.463 10.613 10.35 10.678 11.205 11.321 11.308 11.317 11.307 11.418 11.553 11.628 11.831 11.849 11.898 11.901 11.778 11.945 11.984 11.966 11.904 11.687 11.32 11.252 11.418
-9999 -9999 -9999 -9999 -9999 -9999 -9999 -9999 -9999 -9999 -9999 -9999 -9999 -9999 -9999 -9999 11.248 11.532 11.522 11.002 9.749 6.839 7.607 9.754 9.878 10.111 9.473 9.271 9.612 10.071 10.32 10.514 9.812 10.655 11.196 11.305 11.53 11.647 11.522 11.453 11.561 11.743 11.797 11.629 11.471 11.321 10.859 10.241 9.625 9.466 9.892 9.693 9.965 10.972 10.703 10.775 11.064 11.111 11.283 11.461 11.414 11.405 11.489 11.617 11.855 11.901 11.963 11.895 11.882 11.961 12.029 12.073 12.043 11.949 11.799 11.625 11.684
-9999 -9999 -9999 -9999 -9999 -9999 -9999 -9999 -9999 -9999 -9999 -9999 -9999 -9999 -9999 -9999 -9999 -9999 10.972 9.953 8.602 7.85 8.285 10.048 10.503 9.716 8.917 8.708 8.799 9.765 10.592 10.204 9.547 10.16 10.855 11.292 11.628 11.614 11.452 11.294 11.441 11.581 11.599 11.554 11.415 11.091 10.484 10.146 9.953 9.53 9.864 9.716 9.665 10.35 11.091 11.031 11.394 11.23 11.081 11.335 11.459 11.54 11.58 11.699 11.866 11.937 11.989 12.029 11.872 11.945 12.007 12.083 12.138 12.119 12.056 11.937 11.795
-9999 -9999 -9999 -9999 -9999 -9999 -9999 -9999 -9999 -9999 -9999 -9999 -9999 -9999 -9999 -9999 -9999 11.432 10.654 10.066 9.557 8.394 9.512 10.355 10.057 9.853 9.131 8.56 8.964 9.125 10.052 9.925 9.479 9.926 10.536 11.428 11.603 11.581 11.252 11.108 11.268 11.462 11.532 11.492 11.251 10.737 10.524 10.65 10.208 9.671 9.983 10.055 10.204 10.458 10.674 11.219 11.352 11.332 11.317 11.308 11.477 11.444 11.651 11.808 11.907 11.959 12.022 11.856 11.886 11.987 12.058 12.091 12.163 12.186 12.156 12.008 11.814
-9999 -9999 -9999 -9999 -9999 -9999 -9999 -9999 -9999 -9999 -9999 -9999 -9999 -9999 -9999 -9999 11.295 9.743 10.526 10.141 9.492 9.601 8.171 8.736 9.225 9.161 8.536 9.101 8.92 9.514 10.034 9.348 9.089 9.804 10.655 11.418 11.667 11.533 11.11 11.117 11.292 11.401 11.474 11.297 10.945 10.926 10.84 10.393 10.087 9.908 9.806 10.404 10.641 10.873 11.139 11.206 11.527 11.461 11.603 11.605 11.596 11.755 11.57 11.8 11.939 11.941 11.981 11.84 11.791 12.04 12.072 12.095 12.144 12.181 12.14 12.026 11.852
-9999 -9999 -9999 -9999 -9999 -9999 -9999 -9999 -9999 -9999 -9999 -9999 -9999 -9999 -9999 11.157 9.802 10.686 10.882 10.51 10.589 9.64 9.299 9.061 8.657 8.38 8.464 8.661 9.016 9.904 9.504 9.591 10.399 10.626 11.168 11.319 11.546 11.38 11.129 11.121 11.191 11.324 11.175 10.867 11.012 11.0 10.847 10.349 10.269 10.694 10.581 10.584 10.88 11.021 11.228 11.41 11.471 11.645 11.781 11.949 11.968 12.006 11.944 11.801 11.883 11.926 11.95 11.823 11.787 12.044 12.099 12.061 12.081 12.091 12.096 12.02 11.954
-9999 -9999 -9999 -9999 -9999 -9999 -9999 -9999 -9999 -9999 -9999 -9999 -9999 10.864 11.134 10.895 11.047 11.395 11.513 11.339 11.468 10.76 10.046 9.288 8.55 7.634 9.025 9.18 9.769 9.772 8.911 9.245 9.771 10.701 11.059 11.172 11.278 11.2 11.068 11.012 11.155 11.141 10.931 10.836 10.805 11.095 10.822 10.478 10.578 10.726 10.884 11.0 11.094 11.244 11.432 11.744 11.715 11.715 12.004 12.205 12.24 12.102 11.984 11.912 11.864 11.818 11.867 11.696 11.642 11.925 12.079 12.066 12.035 12.041 12.046 12.11 -9999
-9999 -9999 -9999 -9999 -9999 -9999 -9999 -9999 -9999 -9999 -9999 -9999 10.687 10.805 10.967 11.174 -9999 -9999 -9999 -9999 10.903 9.704 9.517 9.227 8.357 9.271 9.291 8.675 9.247 8.675 7.431 8.337 9.394 10.039 10.866 11.26 11.18 11.11 11.088 11.114 11.151 11.119 10.962 10.893 10.803 10.955 10.816 10.787 10.807 10.883 11.126 11.255 11.331 11.555 11.645 11.893 12.076 11.937 12.035 12.178 12.181 12.087 11.938 11.816 11.681 11.627 11.671 11.635 11.562 11.74 11.984 12.075 12.066 12.044 12.071 12.131 12.162
-9999 -9999 -9999 -9999 -9999 -9999 -9999 -9999 -9999 -9999 -9999 -9999 10.69 10.557 11.186 -9999 -9999 -9999 -9999 -9999 10.608 9.835 9.43 9.659 8.951 9.059 8.57 8.08 8.366 8.042 8.125 9.622 9.792 10.551 11.162 11.348 11.237 11.134 11.079 10.998 11.001 11.103 11.044 10.936 10.933 10.869 11.019 11.026 11.127 10.929 10.919 11.071 11.359 11.646 11.8 11.88 11.856 11.792 11.764 11.848 11.888 11.719 11.686 11.454 11.28 11.264 11.427 11.529 11.554 11.708 11.909 12.079 12.105 12.123 12.164 12.214 12.239
-9999 -9999 -9999 -9999 -9999 -9999 -9999 -9999 -9999 -9999 -9999 -9999 -9999 -9999 11.295 -9999 -9999 -9999 -9999 -9999 10.412 9.721 10.157 9.842 9.466 9.376 8.042 8.372 9.335 8.575 9.479 9.825 10.191 10.945 11.354 11.393 11.096 11.071 11.015 11.004 11.181 11.177 11.215 11.175 11.023 11.06 11.176 11.298 11.245 11.224 11.138 11.077 11.358 11.485 11.359 11.493 11.568 11.504 11.621 11.627 11.496 11.237 11.103 11.306 11.216 11.166 11.258 11.423 11.532 11.692 11.897 12.084 12.136 12.176 12.248 12.318 12.349
-9999 -9999 -9999 -9999 -9999 -9999 -9999 -9999 -9999 -9999 -9999 -9999 -9999 -9999 -9999 -9999 -9999 -9999 -9999 -9999 10.735 10.303 11.428 10.652 9.809 8.449 8.641 8.846 8.923 9.694 9.771 9.964 10.937 11.234 11.468 11.301 11.172 11.081 11.165 11.244 11.303 11.363 11.358 11.272 11.184 11.128 11.212 11.207 11.071 11.319 11.474 11.423 11.374 11.539 11.299 11.126 11.318 11.23 11.42 11.658 11.432 11.248 11.106 11.178 11.377 11.302 11.269 11.454 11.628 11.756 11.912 12.093 12.144 12.192 12.258 12.344 12.43
-9999 -9999 -9999 -9999 -9999 -9999 -9999 -9999 -9999 -9999 -9999 -9999 -9999 -9999 -9999 -9999 -9999 -9999 -9999 -9999 -9999 11.008 9.868 9.404 9.289 9.511 9.405 9.225 9.965 10.007 10.479 11.049 10.907 11.375 11.303 10.942 10.957 11.1 11.327 11.477 11.443 11.345 11.3 11.119 11.077 11.106 11.209 11.062 10.897 11.108 11.462 11.566 11.533 11.475 11.445 11.274 11.163 10.961 11.037 11.609 11.655 11.323 11.114 10.97 11.07 11.35 11.366 11.513 11.726 11.947 12.027 12.142 12.177 12.21 12.269 12.354 12.443
-9999 -9999 -9999 -9999 -9999 -9999 -9999 -9999 -9999 -9999 -9999 -9999 -9999 -9999 -9999 -9999 -9999 -9999 -9999 -9999 10.705 10.347 9.986 9.032 9.975 10.111 9.5 9.869 9.948 9.985 11.073 11.055 10.98 11.141 10.054 10.659 10.962 11.039 11.107 11.388 11.207 10.828 10.868 11.082 11.261 11.21 11.309 11.223 11.205 11.267 11.493 11.572 11.588 11.541 11.423 11.385 11.229 11.205 11.283 11.608 11.666 11.365 11.048 10.832 10.881 11.243 11.528 11.656 11.88 12.069 12.162 12.207 12.252 12.272 12.295 12.38 12.464
-9999 -9999 -9999 -9999 -9999 -9999 -9999 -9999 -9999 -9999 -9999 -9999 -9999 -9999 -9999 -9999 -9999 -9999 -9999 -9999 10.978 10.631 9.059 10.639 11.177 10.39 10.148 9.803 9.263 10.06 11.024 11.041 11.281 10.76 10.757 10.737 10.58 10.614 11.121 11.149 10.947 10.97 11.05 11.363 11.335 11.327 11.429 11.399 11.573 11.632 11.631 11.621 11.588 11.593 11.55 11.479 11.407 11.273 11.461 11.654 11.538 11.164 10.829 10.844 10.912 11.075 11.442 11.769 11.903 12.113 12.151 12.179 12.296 12.37 12.39 12.449 12.556
-9999 -9999 -9999 -9999 -9999 -9999 -9999 -9999 -9999 -9999 -9999 -9999 -9999 -9999 -9999 -9999 -9999 -9999 -9999 -9999 10.811 10.294 11.277 11.142 10.812 10.412 9.851 8.951 9.327 9.678 10.507 10.889 11.293 11.142 10.742 10.105 9.754 9.999 10.732 10.587 10.848 10.885 11.181 11.453 11.366 11.443 11.507 11.568 11.77 11.706 11.589 11.618 11.586 11.396 11.538 11.601 11.54 11.48 11.568 11.648 11.46 11.175 10.99 10.958 11.136 11.327 11.547 11.7 11.907 12.07 12.264 12.217 12.329 12.416 12.451 12.528 12.613
-9999 -9999 -9999 -9999 -9999 -9999 -9999 -9999 -9999 -9999 -9999 -9999 -9999 -9999 -9999 -9999 -9999 -9999 -9999 -9999 -9999 11.307 10.409 9.806 9.11 9.025 9.078 9.423 9.823 10.553 10.728 11.001 10.992 10.971 10.754 10.357 10.003 10.008 10.33 10.686 10.719 10.648 11.058 11.364 11.284 11.567 11.583 11.521 11.92 11.958 11.736 11.67 11.646 11.371 11.299 11.627 11.592 11.553 11.609 11.591 11.374 11.242 11.262 11.375 11.394 11.531 11.607 11.662 11.902 12.114 12.199 12.256 12.378 12.459 12.476 12.532 12.628
-9999 -9999 -9999 -9999 -9999 -9999 -9999 -9999 -9999 -9999 -9999 -9999 -9999 -9999 -9999 -9999 -9999 -9999 -9999 -9999 -9999 10.599 9.689 8.977 8.366 8.243 8.757 9.704 10.481 10.584 10.203 9.774 9.608 9.794 10.394 10.741 10.29 10.296 10.533 10.701 10.192 10.481 10.867 11.08 11.204 11.567 11.55 11.673 11.647 11.824 11.872 11.737 11.668 11.514 11.453 11.655 11.694 11.503 11.423 11.385 11.25 11.232 11.392 11.309 11.337 11.373 11.589 11.616 11.849 12.056 12.052 12.169 12.341 12.418 12.452 12.458 12.451
-9999 -9999 -9999 -9999 -9999 -9999 -9999 -9999 -9999 -9999 -9999 -9999 -9999 -9999 -9999 -9999 -9999 -9999 -9999 -9999 11.044 10.62 9.743 8.987 8.535 8.831 9.305 9.788 9.466 8.722 9.117 9.138 9.424 10.348 10.734 10.541 10.462 10.727 10.862 10.373 10.203 10.312 10.703 11.012 11.215 11.626 11.574 11.437 11.654 11.503 11.637 11.587 11.579 11.603 11.689 11.866 11.782 11.64 11.582 11.425 11.358 11.179 11.283 11.321 11.345 11.469 11.571 11.817 11.98 12.016 11.974 12.099 12.311 12.377 12.441 12.434 12.363
-9999 -9999 -9999 -9999 -9999 -9999 -9999 -9999 -9999 -9999 -9999 -9999 -9999 -9999 -9999 -9999 -9999 -9999 -9999 -9999 10.863 10.292 9.962 9.625 9.076 8.436 8.755 8.994 8.897 9.021 8.835 8.86 9.485 10.334 9.972 10.02 10.73 10.572 11.04 10.602 10.167 10.132 10.885 10.993 11.574 11.706 11.537 11.432 11.02 11.312 11.351 11.41 11.434 11.624 11.754 11.833 11.844 11.75 11.784 11.779 11.445 11.264 11.183 11.244 11.374 11.71 11.872 12.049 12.139 12.058 11.98 12.078 12.181 12.38 12.454 12.451 12.368
-9999 -9999 -9999 -9999 -9999 -9999 -9999 -9999 -9999 -9999 -9999 -9999 -9999 -9999 -9999 -9999 -9999 -9999 -9999 -9999 10.412 10.518 10.681 9.973 8.841 8.267 8.684 8.975 9.324 9.02 9.24 9.541 9.821 9.745 9.931 10.701 10.765 10.885 10.547 10.909 10.659 10.902 10.896 11.069 11.595 11.821 11.664 11.247 11.367 11.31 11.266 11.317 11.358 11.585 11.7 11.614 11.644 11.679 11.806 11.801 11.497 11.242 11.366 11.538 11.489 11.762 11.972 12.225 12.254 12.105 12.13 12.238 12.335 12.478 12.613 12.517 12.467
-9999 -9999 -9999 -9999 -9999 -9999 -9999 -9999 -9999 -9999 -9999 -9999 -9999 -9999 -9999 -9999 -9999 -9999 -9999 10.54 10.343 9.963 10.145 9.887 8.833 8.747 8.419 9.067 9.927 10.068 10.25 9.809 9.683 10.172 10.257 10.312 10.763 10.748 11.186 11.305 11.303 11.224 11.084 11.438 11.767 11.87 11.814 11.712 11.621 11.606 11.461 11.435 11.403 11.512 11.67 11.635 11.653 11.796 11.789 11.683 11.499 11.39 11.582 11.743 11.762 11.8 12.11 12.164 12.223 12.093 12.043 12.208 12.379 12.444 12.491 12.452 12.486
-9999 -9999 -9999 -9999 -9999 -9999 -9999 -9999 -9999 -9999 -9999 -9999 -9999 -9999 -9999 -9999 -9999 -9999 10.322 10.299 9.887 10.307 10.333 9.169 8.55 8.494 8.911 9.582 10.287 10.26 10.387 9.929 9.331 10.133 10.106 10.841 11.002 11.271 11.359 11.282 11.143 11.194 11.123 11.599 11.819 12.177 12.122 11.933 11.914 11.86 11.759 11.55 11.509 11.655 11.745 11.684 11.645 11.677 11.684 11.567 11.474 11.45 11.625 11.886 12.013 12.103 12.002 11.987 11.986 11.989 12.02 12.187 12.251 12.233 12.204 12.239 12.402
-9999 -9999 -9999 -9999 -9999 -9999 -9999 -9999 -9999 -9999 -9999 -9999 -9999 -9999 -9999 -9999 9.935 10.069 10.068 10.806 10.816 10.626 9.894 8.88 8.521 8.485 8.513 9.568 10.105 10.7 10.401 9.707 9.645 10.263 10.903 11.13 11.399 11.401 11.455 11.111 11.017 11.037 11.426 11.923 12.213 12.327 12.152 11.931 11.958 12.041 11.907 11.677 11.686 11.754 11.846 11.604 11.514 11.409 11.301 11.329 11.363 11.559 11.702 11.878 11.859 11.976 11.964 11.987 11.96 11.961 12.036 12.208 12.323 12.127 12.051 12.135 12.413
-9999 -9999 -9999 -9999 -9999 -9999 -9999 -9999 -9999 -9999 -9999 -9999 -9999 -9999 -9999 9.9 9.8 9.653 10.19 10.693 10.659 10.337 9.225 9.212 8.718 8.656 9.232 10.135 10.81 10.815 10.652 10.006 9.394 10.087 10.804 11.369 11.33 11.347 11.07 11.235 11.028 11.134 11.666 12.076 12.404 12.33 11.947 12.011 11.855 11.91 11.959 11.902 11.824 11.757 11.618 11.639 11.452 11.445 11.367 11.175 11.172 11.284 11.509 11.67 11.719 11.815 11.971 11.915 12.114 12.158 12.176 12.265 12.248 12.143 12.038 12.193 12.462
-9999 -9999 -9999 -9999 -9999 -9999 -9999 -9999 -9999 -9999 -9999 -9999 11.066 10.805 10.484 10.274 9.865 9.961 10.261 10.745 10.769 9.641 9.576 9.525 9.775 8.968 9.899 10.208 9.881 10.523 10.744 9.255 9.932 10.604 11.564 11.589 11.35 10.828 11.546 11.375 11.323 11.423 11.609 12.078 12.325 12.368 12.191 12.143 11.966 11.832 11.927 11.914 11.947 11.73 11.578 11.247 11.425 11.53 11.518 11.335 11.288 11.383 11.551 11.74 11.74 11.82 11.857 12.004 12.093 12.195 12.147 12.23 12.286 12.215 12.259 12.335 12.469
-9999 -9999 -9999 -9999 -9999 -9999 -9999 -9999 -9999 -9999 10.4 10.625 10.939 10.969 10.886 10.5 10.588 10.428 10.74 10.533 9.62 10.095 10.092 10.144 10.283 9.761 9.638 8.86 9.507 9.998 9.919 10.299 10.763 11.344 10.716 11.011 11.3 11.559 11.76 11.757 11.608 11.681 11.926 11.947 12.272 12.494 12.37 12.259 12.135 12.035 11.994 11.716 11.842 11.875 11.585 11.375 11.221 11.507 11.518 11.363 11.286 11.335 11.478 11.777 11.943 11.992 11.927 11.883 12.094 12.059 12.0 12.15 12.308 12.311 12.316 12.337 12.346
-9999 -9999 -9999 -9999 -9999 -9999 10.433 10.592 10.529 10.467 9.956 10.756 10.735 10.944 10.782 10.497 10.548 10.596 10.501 9.71 10.111 10.536 10.114 10.705 10.442 9.974 9.03 9.285 9.742 10.045 10.002 10.722 11.198 9.976 10.09 10.915 11.018 11.59 11.797 11.916 11.75 11.552 11.859 11.793 12.425 12.491 12.404 12.145 11.956 11.979 11.426 11.621 11.75 11.852 11.596 11.246 11.243 11.402 11.475 11.501 11.433 11.449 11.546 11.791 11.919 12.0 12.014 11.866 11.887 11.986 11.995 12.231 12.443 12.348 12.037 12.019 11.955
-9999 -9999 -9999 -9999 -9999 10.689 10.51 10.596 10.511 9.648 9.375 9.615 10.03 10.559 10.111 9.982 10.188 10.232 9.845 10.294 10.472 10.217 10.809 11.087 10.678 9.995 9.501 9.82 10.081 10.132 10.496 10.898 9.776 8.535 9.848 10.665 11.301 11.371 11.676 11.57 11.651 11.847 11.935 12.227 12.362 12.368 12.389 12.121 11.798 11.368 11.082 10.965 11.551 11.728 11.274 11.108 11.184 11.365 11.518 11.517 11.534 11.551 11.708 11.734 11.807 11.921 11.794 11.7 11.864 11.97 12.051 12.252 12.399 12.227 11.951 11.783 11.83
-9999 -9999 -9999 -9999 10.787 10.507 10.528 10.676 10.27 9.739 9.881 10.173 10.561 10.255 10.249 10.232 10.767 10.309 10.175 10.566 10.66 10.901 11.485 11.055 10.201 9.756 10.044 10.297 10.289 10.882 11.065 10.67 9.026 9.044 9.83 11.194 11.05 11.231 11.246 11.749 11.935 11.858 12.032 12.192 12.313 12.353 12.515 12.343 11.933 11.297 10.863 11.059 11.415 11.513 11.234 10.904 11.115 11.347 11.473 11.603 11.623 11.684 11.724 11.777 11.69 11.781 11.887 11.787 11.918 11.965 11.87 12.121 12.275 12.114 11.908 11.892 11.928
