Validation/Results/raw data/ReClimate_12_2023_2_Precipitation-Actuals.asc
NCOLS 192
NROWS 249
XLLCENTER -225160.85627316462
YLLCENTER 29788.11610251502
CELLSIZE 5000.0
NODATA_VALUE -9999
[rows 99 to 131 of 249, columns 74 to 147 of 192]
218.717 220.8 231.815 237.451 250.199 260.854 271.151 285.259 -9999 -9999 177.635 267.12 292.198 335.177 319.627 322.829 322.943 280.754 266.365 233.363 217.454 210.979 200.078 181.721 166.809 156.51 137.09 130.727 113.758 102.825 94.26 91.01 87.673 85.486 78.981 73.838 64.989 57.688 59.079 62.62 60.0 54.346 53.459 54.527 49.955 -9999 -9999 -9999 -9999 -9999 -9999 -9999 -9999 -9999 -9999 -9999 -9999 -9999 -9999 -9999 -9999 -9999 -9999 -9999 -9999 -9999 -9999 -9999 -9999 -9999 -9999 -9999 -9999 -9999
193.866 234.553 226.243 -9999 -9999 232.578 251.61 -9999 -9999 -9999 162.257 250.494 348.001 354.384 376.448 331.397 290.824 278.678 301.997 277.494 243.483 232.963 198.752 196.591 198.527 171.307 142.18 145.724 149.97 124.037 103.368 99.122 90.915 80.766 64.882 59.052 54.729 58.698 69.15 69.59 70.392 64.644 61.823 55.18 47.672 -9999 -9999 -9999 -9999 -9999 -9999 -9999 -9999 -9999 -9999 -9999 -9999 -9999 -9999 -9999 -9999 -9999 -9999 -9999 -9999 -9999 -9999 -9999 -9999 -9999 -9999 -9999 -9999 -9999
189.679 -9999 227.71 240.483 266.147 -9999 -9999 -9999 -9999 198.549 194.886 277.894 324.303 340.256 342.489 318.675 309.029 335.084 349.547 298.294 284.224 226.532 211.365 215.87 188.019 150.768 161.598 182.303 172.127 135.027 117.844 105.614 93.955 76.257 63.783 57.613 60.643 73.824 68.187 74.412 81.57 65.955 57.961 49.414 -9999 -9999 -9999 -9999 -9999 -9999 -9999 -9999 -9999 -9999 -9999 -9999 -9999 -9999 -9999 -9999 -9999 -9999 -9999 -9999 -9999 -9999 -9999 -9999 -9999 -9999 -9999 -9999 -9999 -9999
197.154 264.341 324.881 379.195 400.965 298.224 233.874 -9999 -9999 187.136 -9999 -9999 241.407 324.322 328.493 299.051 320.789 374.389 367.983 343.17 316.139 260.09 219.534 190.824 186.543 185.094 192.9 184.976 167.183 164.086 141.414 109.628 88.525 73.447 64.321 64.232 74.321 64.955 60.674 68.166 59.614 56.543 52.825 -9999 -9999 -9999 -9999 -9999 -9999 -9999 -9999 -9999 -9999 -9999 -9999 -9999 -9999 -9999 -9999 -9999 -9999 -9999 -9999 -9999 -9999 -9999 -9999 -9999 -9999 -9999 -9999 -9999 -9999 -9999
222.351 263.046 326.724 405.678 367.147 -9999 -9999 -9999 201.298 213.472 222.457 242.767 268.601 274.124 261.895 286.856 316.229 355.871 334.09 294.067 266.039 239.486 224.456 222.194 182.399 188.12 174.94 173.949 173.36 148.49 125.943 102.096 83.561 70.713 63.397 67.104 62.385 57.446 -9999 -9999 55.264 -9999 -9999 -9999 -9999 -9999 -9999 -9999 -9999 -9999 -9999 -9999 -9999 -9999 -9999 -9999 -9999 -9999 -9999 -9999 -9999 -9999 -9999 -9999 -9999 -9999 -9999 -9999 -9999 -9999 -9999 -9999 -9999 -9999
211.785 251.094 313.012 -9999 315.227 -9999 -9999 -9999 210.473 240.078 262.356 266.249 244.335 256.584 282.102 302.922 328.517 318.981 297.388 278.027 275.984 237.02 227.688 188.824 195.246 191.726 169.498 143.939 117.276 109.841 96.33 82.625 77.423 68.349 63.717 62.681 58.125 -9999 60.134 54.679 51.377 53.78 -9999 -9999 -9999 -9999 -9999 -9999 -9999 -9999 -9999 -9999 -9999 -9999 -9999 -9999 -9999 -9999 -9999 -9999 -9999 -9999 -9999 -9999 -9999 -9999 -9999 -9999 -9999 -9999 -9999 -9999 -9999 -9999
-9999 219.745 -9999 -9999 -9999 -9999 239.827 222.319 232.298 251.022 274.033 265.353 275.52 296.886 296.147 307.891 311.607 340.318 305.672 299.58 263.304 263.78 220.348 231.279 246.603 202.48 170.79 151.865 126.324 102.544 87.508 78.259 76.782 71.739 70.045 -9999 62.676 61.141 55.549 55.023 51.304 56.075 -9999 -9999 -9999 -9999 -9999 -9999 -9999 -9999 -9999 -9999 -9999 -9999 -9999 -9999 -9999 -9999 -9999 -9999 -9999 -9999 -9999 -9999 -9999 -9999 -9999 -9999 -9999 -9999 -9999 -9999 -9999 -9999
-9999 -9999 -9999 -9999 -9999 -9999 230.066 220.874 224.523 257.257 282.711 277.737 286.001 259.87 264.397 299.968 355.852 348.951 301.213 289.732 277.372 231.971 222.135 251.2 221.236 217.775 207.389 160.0 136.887 113.776 100.825 102.738 108.476 93.708 92.441 82.271 69.299 64.097 62.857 65.083 60.175 60.92 59.207 -9999 -9999 -9999 -9999 -9999 -9999 -9999 -9999 -9999 -9999 -9999 -9999 -9999 -9999 -9999 -9999 -9999 -9999 -9999 -9999 -9999 -9999 -9999 -9999 -9999 -9999 -9999 -9999 -9999 -9999 -9999
-9999 -9999 -9999 -9999 -9999 224.995 -9999 -9999 213.305 253.759 269.471 285.799 269.64 -9999 -9999 319.662 376.824 385.937 300.055 271.484 248.615 221.952 218.609 211.979 205.829 177.316 141.751 134.279 131.384 129.313 138.049 147.96 125.778 115.87 99.343 84.853 81.123 70.568 74.763 64.488 69.655 66.581 58.961 51.841 -9999 -9999 -9999 -9999 -9999 -9999 -9999 -9999 -9999 -9999 -9999 -9999 -9999 -9999 -9999 -9999 -9999 -9999 -9999 -9999 -9999 -9999 -9999 -9999 -9999 -9999 -9999 -9999 -9999 -9999
-9999 -9999 -9999 -9999 -9999 208.976 -9999 189.151 202.094 225.488 267.224 273.735 252.267 254.197 292.269 332.725 346.428 273.007 278.275 291.267 231.924 211.44 200.43 189.184 154.596 131.316 113.173 115.979 130.968 171.729 184.536 152.339 131.294 107.538 92.648 88.203 81.065 77.052 69.429 63.878 59.564 56.204 49.929 -9999 -9999 -9999 -9999 -9999 -9999 -9999 -9999 -9999 -9999 -9999 -9999 -9999 -9999 -9999 -9999 -9999 -9999 -9999 -9999 -9999 -9999 -9999 -9999 -9999 -9999 -9999 -9999 -9999 -9999 -9999
-9999 -9999 -9999 -9999 -9999 192.959 -9999 169.996 168.647 212.43 234.305 233.521 -9999 282.735 291.393 -9999 292.222 282.006 285.268 245.767 240.782 199.336 170.306 142.429 122.909 113.017 111.655 104.628 125.256 126.794 115.582 121.786 118.62 107.423 90.771 84.9 76.705 69.402 63.59 -9999 -9999 -9999 -9999 -9999 -9999 -9999 -9999 -9999 -9999 -9999 -9999 -9999 -9999 -9999 -9999 -9999 -9999 -9999 -9999 -9999 -9999 -9999 -9999 -9999 -9999 -9999 -9999 -9999 -9999 -9999 -9999 -9999 -9999 -9999
-9999 -9999 -9999 167.348 177.734 -9999 -9999 151.868 183.418 205.656 197.721 223.807 283.213 277.287 309.048 -9999 241.466 254.173 240.899 221.038 195.149 180.923 152.454 139.496 131.086 140.796 134.013 108.199 100.735 94.052 96.214 99.746 101.793 98.573 89.174 85.933 77.63 65.736 -9999 -9999 -9999 -9999 -9999 -9999 -9999 -9999 -9999 -9999 -9999 -9999 -9999 -9999 -9999 -9999 -9999 -9999 -9999 -9999 -9999 -9999 -9999 -9999 -9999 -9999 -9999 -9999 -9999 -9999 -9999 -9999 -9999 -9999 -9999 -9999
-9999 -9999 147.551 153.992 161.914 -9999 163.721 184.338 204.649 199.241 -9999 254.613 263.94 293.894 307.874 -9999 235.11 232.151 203.228 167.766 163.879 146.894 144.07 149.057 161.74 167.192 150.541 128.371 110.693 -9999 81.12 84.308 86.892 86.212 82.216 83.709 72.91 -9999 -9999 -9999 -9999 -9999 -9999 -9999 -9999 -9999 -9999 -9999 -9999 -9999 -9999 -9999 -9999 -9999 -9999 -9999 -9999 -9999 -9999 -9999 -9999 -9999 -9999 -9999 -9999 -9999 -9999 -9999 -9999 -9999 -9999 -9999 -9999 -9999
-9999 -9999 134.2 134.611 -9999 -9999 180.288 205.658 204.142 -9999 221.097 245.316 265.239 286.424 280.668 -9999 207.798 177.15 163.241 157.828 155.045 153.438 157.518 190.973 195.755 196.675 176.916 135.174 108.376 92.601 81.91 -9999 -9999 68.019 63.607 -9999 -9999 -9999 -9999 -9999 -9999 46.475 46.289 51.257 -9999 -9999 -9999 -9999 -9999 -9999 -9999 -9999 -9999 -9999 -9999 -9999 -9999 -9999 -9999 -9999 -9999 -9999 -9999 -9999 -9999 -9999 -9999 -9999 -9999 -9999 -9999 -9999 -9999 -9999
-9999 153.898 155.467 -9999 -9999 168.689 188.172 182.894 206.966 -9999 215.704 238.442 241.249 249.347 263.152 -9999 -9999 -9999 167.682 159.806 160.302 158.355 163.897 165.97 160.417 157.597 138.022 122.541 110.937 101.408 87.633 76.548 74.815 67.914 62.786 -9999 -9999 -9999 -9999 -9999 48.809 45.891 50.374 48.807 47.006 -9999 -9999 -9999 -9999 -9999 -9999 -9999 -9999 -9999 -9999 -9999 -9999 -9999 -9999 -9999 -9999 -9999 -9999 -9999 -9999 -9999 -9999 -9999 -9999 -9999 -9999 -9999 -9999 -9999
198.497 174.501 169.689 -9999 -9999 -9999 155.113 190.788 191.009 -9999 195.648 -9999 200.973 220.349 207.27 -9999 181.373 192.35 186.49 -9999 140.437 130.494 135.272 132.189 127.31 124.361 123.81 114.229 109.486 104.531 92.865 90.415 80.503 70.709 63.409 58.153 57.348 56.147 -9999 49.714 48.222 49.376 50.257 57.288 58.794 63.204 44.22 -9999 -9999 -9999 -9999 -9999 -9999 -9999 -9999 -9999 -9999 -9999 -9999 -9999 -9999 -9999 -9999 -9999 -9999 -9999 -9999 -9999 -9999 -9999 -9999 -9999 -9999 -9999
187.894 183.208 -9999 -9999 -9999 -9999 170.118 193.799 175.129 -9999 169.625 -9999 174.256 169.448 -9999 185.871 201.385 226.806 204.665 160.505 132.271 119.047 114.182 108.869 111.257 109.428 107.387 106.177 104.633 101.095 94.252 94.63 84.301 70.622 72.027 70.671 77.149 64.989 68.135 55.102 52.373 52.743 57.093 68.715 70.906 73.729 64.921 54.618 50.552 54.714 -9999 -9999 -9999 -9999 -9999 -9999 -9999 -9999 -9999 -9999 -9999 -9999 -9999 -9999 -9999 -9999 -9999 -9999 -9999 -9999 -9999 -9999 -9999 -9999
-9999 146.825 -9999 -9999 -9999 -9999 159.746 160.609 174.786 179.402 -9999 -9999 139.723 142.139 -9999 169.326 207.41 246.395 208.14 168.858 137.185 123.923 109.081 101.004 95.573 92.826 95.527 98.221 105.164 106.571 107.055 96.017 94.958 92.566 86.99 96.041 78.367 67.924 58.363 61.97 60.492 69.331 88.585 92.465 84.181 79.981 72.48 73.004 61.313 55.078 51.882 -9999 -9999 -9999 -9999 -9999 -9999 -9999 -9999 -9999 -9999 -9999 -9999 -9999 -9999 -9999 -9999 -9999 -9999 -9999 -9999 -9999 -9999 -9999
145.771 -9999 -9999 -9999 -9999 -9999 140.889 154.789 177.192 156.534 -9999 -9999 140.272 135.674 -9999 -9999 204.631 204.14 188.014 164.472 156.148 141.347 125.948 111.921 108.468 94.712 93.016 100.834 105.36 113.736 113.675 116.38 107.22 105.331 110.141 95.158 77.473 74.967 68.789 66.053 79.764 90.234 101.644 101.371 90.677 81.656 78.843 66.772 59.271 54.396 51.82 -9999 -9999 -9999 -9999 -9999 -9999 -9999 -9999 -9999 -9999 -9999 -9999 -9999 -9999 -9999 -9999 -9999 -9999 -9999 -9999 -9999 -9999 -9999
142.885 -9999 -9999 -9999 -9999 -9999 128.266 152.991 167.571 -9999 -9999 -9999 -9999 133.507 -9999 140.708 168.943 177.119 163.029 156.488 159.778 154.117 143.839 139.932 129.212 112.042 98.418 89.386 99.605 105.989 114.757 113.549 110.212 110.136 102.338 94.278 91.921 87.378 96.212 98.683 93.2 95.788 93.531 86.637 83.077 81.955 72.649 60.597 56.654 54.455 53.37 48.686 -9999 -9999 -9999 -9999 -9999 -9999 -9999 -9999 -9999 -9999 -9999 -9999 -9999 -9999 -9999 -9999 -9999 -9999 -9999 -9999 -9999 -9999
136.242 -9999 -9999 -9999 141.88 138.587 143.89 156.156 -9999 -9999 192.617 -9999 -9999 -9999 -9999 129.446 146.884 148.209 143.005 143.419 143.133 156.359 158.39 159.243 147.181 126.067 106.434 93.163 86.582 97.955 99.148 95.457 100.999 92.26 97.654 105.096 96.167 115.445 125.432 117.842 108.505 99.589 83.979 76.934 76.325 78.399 69.374 58.386 52.059 54.293 52.339 46.864 -9999 -9999 -9999 -9999 -9999 -9999 -9999 -9999 -9999 -9999 -9999 -9999 -9999 -9999 -9999 -9999 -9999 -9999 -9999 -9999 -9999 -9999
-9999 -9999 -9999 -9999 -9999 149.948 153.95 168.747 -9999 183.86 210.58 225.098 -9999 -9999 -9999 -9999 118.167 118.145 117.745 121.27 129.487 138.045 147.999 149.027 141.82 128.252 109.998 96.457 103.611 92.571 88.202 96.85 99.928 98.412 111.852 99.406 110.18 112.655 117.562 124.633 117.246 96.936 83.2 75.844 68.661 66.239 63.878 54.428 51.698 54.602 55.402 50.051 48.637 -9999 -9999 -9999 -9999 -9999 -9999 -9999 -9999 -9999 -9999 -9999 -9999 -9999 -9999 -9999 -9999 -9999 -9999 -9999 -9999 -9999
-9999 -9999 -9999 -9999 -9999 151.047 164.524 180.46 -9999 157.923 206.67 229.472 -9999 -9999 -9999 -9999 -9999 102.684 104.64 107.342 113.279 123.973 130.988 139.514 143.35 144.412 131.107 122.564 106.338 93.659 95.502 101.035 94.497 96.347 109.879 111.773 106.947 110.884 109.502 99.457 92.775 80.874 83.522 79.005 67.05 64.392 55.967 51.208 49.04 52.807 54.174 55.66 51.258 49.565 -9999 -9999 -9999 -9999 -9999 -9999 -9999 -9999 -9999 -9999 -9999 -9999 -9999 -9999 -9999 -9999 -9999 -9999 -9999 -9999
-9999 -9999 -9999 -9999 -9999 155.1 181.796 -9999 -9999 143.014 187.403 212.014 172.309 -9999 -9999 -9999 -9999 -9999 95.733 102.921 112.779 116.998 139.75 154.363 155.704 157.448 148.206 138.938 125.392 132.036 135.013 114.26 114.502 125.706 123.216 142.211 126.53 131.022 110.488 119.435 105.191 91.527 83.188 69.73 60.436 56.699 57.762 60.202 62.087 56.763 58.425 57.984 59.994 52.321 50.518 48.597 -9999 -9999 -9999 -9999 -9999 -9999 -9999 -9999 -9999 -9999 -9999 -9999 -9999 -9999 -9999 -9999 -9999 -9999
-9999 -9999 -9999 -9999 -9999 168.894 150.44 -9999 -9999 151.585 180.688 182.621 -9999 -9999 -9999 -9999 -9999 -9999 90.205 97.716 100.921 109.04 125.059 127.24 141.162 148.183 148.51 150.577 138.454 144.219 142.541 145.505 158.348 142.151 154.491 162.579 155.345 126.395 126.107 113.48 93.359 86.397 77.711 66.764 63.699 62.361 60.307 60.551 66.304 79.835 78.539 66.291 62.194 58.779 53.86 52.379 -9999 -9999 -9999 -9999 -9999 -9999 -9999 -9999 -9999 -9999 -9999 -9999 -9999 -9999 -9999 -9999 -9999 -9999
-9999 -9999 -9999 -9999 -9999 153.862 130.143 -9999 -9999 -9999 146.046 147.691 132.769 -9999 -9999 -9999 -9999 -9999 89.323 96.027 97.953 106.169 112.103 123.96 144.016 162.788 172.752 151.372 142.418 132.716 140.603 150.91 162.215 162.065 191.082 178.061 153.554 149.451 129.822 109.876 104.105 88.035 81.658 71.833 61.081 63.586 66.824 71.712 86.219 104.846 99.458 84.071 70.193 57.696 58.021 57.801 -9999 -9999 -9999 -9999 -9999 -9999 -9999 -9999 -9999 -9999 -9999 -9999 -9999 -9999 -9999 -9999 -9999 -9999
-9999 -9999 -9999 -9999 165.976 147.088 130.171 -9999 -9999 -9999 -9999 -9999 -9999 -9999 -9999 -9999 -9999 -9999 102.849 110.824 110.669 111.297 117.752 127.145 145.935 161.616 169.461 165.338 156.675 169.178 160.353 178.338 187.45 201.841 208.951 206.718 203.688 158.538 137.047 124.095 105.577 97.49 80.804 69.115 68.912 68.191 77.062 87.003 106.998 108.102 113.741 92.205 72.223 65.397 59.452 62.144 49.573 -9999 -9999 -9999 -9999 -9999 -9999 -9999 -9999 -9999 -9999 -9999 -9999 -9999 -9999 -9999 -9999 -9999
-9999 -9999 -9999 165.482 163.416 151.18 122.213 -9999 -9999 -9999 -9999 -9999 -9999 -9999 -9999 -9999 108.784 105.579 115.291 128.981 135.753 145.435 146.544 151.053 149.982 156.325 146.071 167.367 190.417 188.014 197.803 198.777 185.18 184.641 210.628 203.521 185.323 158.484 141.583 121.5 104.035 90.768 90.248 82.131 73.704 79.013 88.522 103.91 97.873 101.591 116.099 94.463 70.302 66.905 69.705 64.604 54.522 -9999 -9999 -9999 -9999 -9999 -9999 -9999 -9999 -9999 -9999 -9999 -9999 -9999 -9999 -9999 -9999 -9999
-9999 -9999 -9999 158.33 138.16 117.036 -9999 -9999 -9999 -9999 -9999 -9999 -9999 -9999 -9999 -9999 109.794 109.513 122.724 143.307 153.76 157.665 181.417 194.169 187.63 172.663 179.283 176.742 182.963 197.521 207.317 196.141 176.028 172.273 185.576 201.702 185.984 176.234 152.979 134.948 109.511 104.013 98.722 87.37 88.862 113.96 117.13 118.152 104.663 104.788 90.739 78.383 78.347 77.139 70.69 64.976 58.259 -9999 -9999 -9999 -9999 -9999 -9999 -9999 -9999 -9999 -9999 -9999 -9999 -9999 -9999 -9999 -9999 -9999
-9999 -9999 -9999 -9999 -9999 -9999 -9999 -9999 -9999 -9999 -9999 -9999 -9999 -9999 -9999 -9999 114.748 119.741 146.489 162.154 180.177 181.84 212.321 230.595 252.666 226.288 194.859 183.583 184.364 196.531 227.521 211.794 171.297 167.693 177.369 192.863 193.456 179.663 166.372 142.556 141.513 139.605 127.78 125.754 139.108 139.96 125.797 119.062 109.083 99.136 92.612 78.09 74.274 74.547 69.28 61.055 56.009 -9999 -9999 -9999 -9999 -9999 -9999 -9999 -9999 -9999 -9999 -9999 -9999 -9999 -9999 -9999 -9999 -9999
-9999 -9999 -9999 -9999 -9999 -9999 -9999 -9999 -9999 -9999 -9999 -9999 -9999 -9999 -9999 120.366 131.134 150.554 166.213 193.628 190.994 198.038 209.718 247.771 245.578 227.811 202.141 184.446 159.791 167.197 181.264 186.34 173.166 156.007 166.289 179.643 182.161 175.704 167.026 166.396 152.612 156.433 147.011 143.082 158.561 139.8 140.131 122.318 98.197 99.827 96.67 92.197 78.398 71.325 64.275 58.083 54.974 -9999 -9999 -9999 -9999 -9999 -9999 -9999 -9999 -9999 -9999 -9999 -9999 -9999 -9999 -9999 -9999 -9999
-9999 -9999 -9999 -9999 -9999 -9999 -9999 -9999 -9999 -9999 -9999 -9999 -9999 -9999 -9999 132.18 154.118 179.301 210.357 222.171 225.704 216.828 242.064 221.863 218.444 204.327 187.236 174.199 143.779 142.141 163.407 172.972 168.077 141.395 145.445 151.291 157.617 166.702 176.56 148.085 165.432 155.908 144.782 165.596 147.217 146.096 133.163 107.495 101.871 95.57 92.512 90.447 83.565 73.789 67.059 59.556 53.073 -9999 -9999 -9999 -9999 -9999 -9999 -9999 -9999 -9999 -9999 -9999 -9999 -9999 -9999 -9999 -9999 -9999
-9999 -9999 -9999 -9999 -9999 -9999 -9999 -9999 -9999 -9999 -9999 -9999 -9999 -9999 127.345 151.677 172.034 204.167 212.33 233.834 252.864 265.748 254.642 214.547 198.007 184.605 183.332 175.614 151.458 147.327 158.854 156.869 134.525 124.546 131.617 141.573 150.99 172.125 154.456 154.911 164.299 144.631 153.067 151.347 136.729 130.047 111.908 109.073 102.421 95.852 91.619 83.01 73.278 66.384 65.694 61.272 53.02 51.256 -9999 -9999 -9999 -9999 -9999 -9999 -9999 -9999 -9999 -9999 -9999 -9999 -9999 -9999 -9999 -9999
