Validation/Results/raw data/ReClimate_11_2023_1_Temperature-Actualsweatherlogisticsltd.asc
NCOLS 192
NROWS 249
XLLCENTER -225160.85627316462
YLLCENTER 29788.11610251502
CELLSIZE 5000.0
NODATA_VALUE -9999
[rows 102 to 135 of 249, columns 77 to 153 of 192]
2.97 2.923 4.657 5.379 -9999 -9999 4.395 -9999 -9999 3.982 2.025 1.756 2.947 2.144 0.383 1.664 0.809 0.737 0.796 1.172 2.693 2.189 1.53 0.739 1.075 1.803 1.256 1.478 2.435 3.11 3.45 3.322 2.914 2.336 3.045 3.284 3.431 3.652 3.653 3.803 -9999 -9999 -9999 -9999 -9999 -9999 -9999 -9999 -9999 -9999 -9999 -9999 -9999 -9999 -9999 -9999 -9999 -9999 -9999 -9999 -9999 -9999 -9999 -9999 -9999 -9999 -9999 -9999 -9999 -9999 -9999 -9999 -9999 -9999 -9999 -9999 -9999
3.285 4.381 -9999 -9999 -9999 4.932 3.814 3.93 3.436 3.325 2.552 3.887 3.42 2.024 1.868 2.11 2.142 2.105 2.02 2.118 1.458 2.207 1.546 1.645 1.39 1.086 1.609 2.258 2.949 3.448 3.59 3.31 2.772 3.314 3.749 -9999 -9999 3.992 -9999 -9999 -9999 -9999 -9999 -9999 -9999 -9999 -9999 -9999 -9999 -9999 -9999 -9999 -9999 -9999 -9999 -9999 -9999 -9999 -9999 -9999 -9999 -9999 -9999 -9999 -9999 -9999 -9999 -9999 -9999 -9999 -9999 -9999 -9999 -9999 -9999 -9999 -9999
-9999 4.707 -9999 -9999 -9999 4.602 3.538 3.114 3.082 3.524 3.908 3.218 2.202 1.952 2.301 2.543 2.182 1.859 2.359 2.006 3.074 2.358 2.053 2.561 2.835 2.987 2.883 3.242 3.496 3.528 3.57 3.562 3.525 3.843 -9999 3.714 3.825 3.844 3.908 -9999 -9999 -9999 -9999 -9999 -9999 -9999 -9999 -9999 -9999 -9999 -9999 -9999 -9999 -9999 -9999 -9999 -9999 -9999 -9999 -9999 -9999 -9999 -9999 -9999 -9999 -9999 -9999 -9999 -9999 -9999 -9999 -9999 -9999 -9999 -9999 -9999 -9999
-9999 -9999 -9999 5.165 4.664 3.729 3.344 2.82 3.156 2.834 2.279 1.944 1.882 2.713 2.622 3.064 1.943 2.847 1.746 3.105 2.312 1.401 2.731 3.146 2.903 3.12 3.479 3.467 3.771 3.877 3.732 3.824 -9999 3.774 3.688 3.737 3.66 3.865 3.934 -9999 -9999 -9999 -9999 -9999 -9999 -9999 -9999 -9999 -9999 -9999 -9999 -9999 -9999 -9999 -9999 -9999 -9999 -9999 -9999 -9999 -9999 -9999 -9999 -9999 -9999 -9999 -9999 -9999 -9999 -9999 -9999 -9999 -9999 -9999 -9999 -9999 -9999
-9999 -9999 -9999 5.044 5.013 4.282 3.176 3.108 3.256 2.385 3.164 3.119 2.777 2.216 3.466 3.512 2.666 1.969 2.603 2.759 1.671 2.324 2.181 1.852 2.611 3.045 3.185 3.48 3.627 3.422 3.239 3.071 3.222 3.613 3.782 3.53 3.34 3.601 3.759 4.169 -9999 -9999 -9999 -9999 -9999 -9999 -9999 -9999 -9999 -9999 -9999 -9999 -9999 -9999 -9999 -9999 -9999 -9999 -9999 -9999 -9999 -9999 -9999 -9999 -9999 -9999 -9999 -9999 -9999 -9999 -9999 -9999 -9999 -9999 -9999 -9999 -9999
-9999 -9999 5.268 -9999 -9999 4.202 3.355 3.723 2.888 3.272 -9999 -9999 2.517 2.503 3.291 3.659 2.708 2.697 2.877 2.556 2.726 3.412 2.669 2.832 3.071 3.324 3.026 2.573 2.272 2.44 2.474 2.826 3.167 3.294 3.628 3.221 3.337 3.4 3.767 4.2 4.492 -9999 -9999 -9999 -9999 -9999 -9999 -9999 -9999 -9999 -9999 -9999 -9999 -9999 -9999 -9999 -9999 -9999 -9999 -9999 -9999 -9999 -9999 -9999 -9999 -9999 -9999 -9999 -9999 -9999 -9999 -9999 -9999 -9999 -9999 -9999 -9999
-9999 -9999 5.32 -9999 4.91 4.268 4.152 3.196 3.255 4.262 4.302 2.949 2.447 3.245 4.762 3.182 2.032 3.438 3.306 2.882 3.45 3.553 3.574 3.636 3.469 2.575 1.777 1.8 2.289 2.58 2.939 3.117 3.113 3.385 3.518 3.638 4.013 4.367 4.576 4.783 -9999 -9999 -9999 -9999 -9999 -9999 -9999 -9999 -9999 -9999 -9999 -9999 -9999 -9999 -9999 -9999 -9999 -9999 -9999 -9999 -9999 -9999 -9999 -9999 -9999 -9999 -9999 -9999 -9999 -9999 -9999 -9999 -9999 -9999 -9999 -9999 -9999
-9999 -9999 5.372 -9999 4.945 4.879 4.2 4.009 4.473 -9999 3.102 3.341 -9999 3.513 3.526 3.154 3.756 2.682 3.477 3.709 4.028 4.091 4.144 4.104 3.66 2.83 3.251 3.457 3.404 3.149 2.992 3.233 3.317 3.672 3.921 4.278 -9999 -9999 -9999 -9999 -9999 -9999 -9999 -9999 -9999 -9999 -9999 -9999 -9999 -9999 -9999 -9999 -9999 -9999 -9999 -9999 -9999 -9999 -9999 -9999 -9999 -9999 -9999 -9999 -9999 -9999 -9999 -9999 -9999 -9999 -9999 -9999 -9999 -9999 -9999 -9999 -9999
5.465 5.38 -9999 -9999 5.294 4.885 4.435 4.755 4.652 3.077 3.275 2.546 -9999 4.19 3.42 3.753 3.722 3.548 3.558 3.874 3.771 3.596 3.425 3.497 3.776 4.214 4.169 4.0 3.638 3.249 3.193 3.399 3.55 3.718 4.192 -9999 -9999 -9999 -9999 -9999 -9999 -9999 -9999 -9999 -9999 -9999 -9999 -9999 -9999 -9999 -9999 -9999 -9999 -9999 -9999 -9999 -9999 -9999 -9999 -9999 -9999 -9999 -9999 -9999 -9999 -9999 -9999 -9999 -9999 -9999 -9999 -9999 -9999 -9999 -9999 -9999 -9999
5.569 5.517 -9999 5.526 4.38 4.283 4.851 -9999 3.613 3.668 2.702 2.81 -9999 3.891 3.077 3.867 4.565 4.335 4.261 3.928 3.585 3.209 2.667 2.988 3.782 4.143 -9999 4.275 3.991 3.815 3.793 3.782 3.656 3.983 -9999 -9999 -9999 -9999 -9999 -9999 -9999 -9999 -9999 -9999 -9999 -9999 -9999 -9999 -9999 -9999 -9999 -9999 -9999 -9999 -9999 -9999 -9999 -9999 -9999 -9999 -9999 -9999 -9999 -9999 -9999 -9999 -9999 -9999 -9999 -9999 -9999 -9999 -9999 -9999 -9999 -9999 -9999
5.8 -9999 -9999 5.103 4.008 4.684 -9999 4.395 3.976 3.604 3.11 3.7 -9999 4.557 4.226 4.457 4.622 4.372 4.05 3.674 2.341 2.175 2.322 2.806 3.627 4.228 4.419 4.553 -9999 -9999 4.296 4.238 -9999 -9999 -9999 -9999 -9999 -9999 4.757 4.845 4.987 -9999 -9999 -9999 -9999 -9999 -9999 -9999 -9999 -9999 -9999 -9999 -9999 -9999 -9999 -9999 -9999 -9999 -9999 -9999 -9999 -9999 -9999 -9999 -9999 -9999 -9999 -9999 -9999 -9999 -9999 -9999 -9999 -9999 -9999 -9999 -9999
-9999 -9999 5.036 4.583 5.088 4.643 -9999 4.558 3.869 4.174 4.244 3.599 -9999 -9999 -9999 4.775 4.28 3.64 3.478 3.271 3.223 3.385 3.29 3.436 3.542 3.737 4.028 4.365 4.425 4.201 4.088 4.342 -9999 -9999 -9999 -9999 -9999 4.536 4.656 4.537 4.773 4.91 -9999 -9999 -9999 -9999 -9999 -9999 -9999 -9999 -9999 -9999 -9999 -9999 -9999 -9999 -9999 -9999 -9999 -9999 -9999 -9999 -9999 -9999 -9999 -9999 -9999 -9999 -9999 -9999 -9999 -9999 -9999 -9999 -9999 -9999 -9999
-9999 -9999 -9999 5.547 4.457 4.881 -9999 4.603 -9999 4.695 3.954 4.789 -9999 5.108 4.446 4.131 -9999 3.944 4.141 4.061 4.081 3.86 3.762 3.499 3.347 3.378 3.625 3.811 3.515 3.52 3.938 4.171 4.34 4.429 4.618 -9999 4.586 4.434 4.284 4.343 4.169 4.013 4.06 4.932 -9999 -9999 -9999 -9999 -9999 -9999 -9999 -9999 -9999 -9999 -9999 -9999 -9999 -9999 -9999 -9999 -9999 -9999 -9999 -9999 -9999 -9999 -9999 -9999 -9999 -9999 -9999 -9999 -9999 -9999 -9999 -9999 -9999
-9999 -9999 -9999 4.828 4.063 5.004 -9999 5.477 -9999 5.004 5.246 -9999 5.094 4.193 3.62 4.026 4.283 4.346 4.325 4.601 4.445 3.949 3.85 3.539 3.234 3.218 3.273 3.302 3.31 3.49 3.669 3.754 3.796 3.882 4.318 4.42 4.115 4.056 3.957 3.91 3.512 3.273 3.165 3.619 4.471 4.829 4.727 -9999 -9999 -9999 -9999 -9999 -9999 -9999 -9999 -9999 -9999 -9999 -9999 -9999 -9999 -9999 -9999 -9999 -9999 -9999 -9999 -9999 -9999 -9999 -9999 -9999 -9999 -9999 -9999 -9999 -9999
-9999 -9999 -9999 4.827 5.004 4.853 4.948 -9999 -9999 5.814 5.659 -9999 5.167 3.774 3.237 3.801 4.041 4.349 4.575 4.578 4.44 4.48 4.13 3.744 3.452 3.05 3.004 3.049 3.16 3.114 3.005 2.923 2.861 3.559 4.208 4.041 3.768 3.616 3.326 2.601 2.536 2.845 2.875 3.287 3.43 4.137 4.704 4.643 -9999 -9999 -9999 -9999 -9999 -9999 -9999 -9999 -9999 -9999 -9999 -9999 -9999 -9999 -9999 -9999 -9999 -9999 -9999 -9999 -9999 -9999 -9999 -9999 -9999 -9999 -9999 -9999 -9999
-9999 -9999 -9999 5.331 5.074 4.633 5.74 -9999 -9999 6.049 6.1 -9999 -9999 3.841 3.543 3.966 3.856 3.781 4.05 4.187 4.267 3.987 4.108 3.999 3.605 3.294 2.929 2.76 2.582 2.618 2.367 2.386 2.906 3.361 3.526 3.463 3.234 2.899 2.436 2.374 2.407 2.745 3.005 3.332 3.797 3.975 4.052 4.479 -9999 -9999 -9999 -9999 -9999 -9999 -9999 -9999 -9999 -9999 -9999 -9999 -9999 -9999 -9999 -9999 -9999 -9999 -9999 -9999 -9999 -9999 -9999 -9999 -9999 -9999 -9999 -9999 -9999
-9999 -9999 -9999 5.603 4.928 5.185 -9999 -9999 -9999 -9999 6.296 -9999 5.388 4.054 4.123 4.151 3.653 3.459 3.432 3.747 3.772 3.781 3.734 3.778 3.789 3.198 2.769 2.654 2.662 2.447 2.344 2.71 2.927 2.941 2.921 2.522 2.567 2.674 2.772 2.746 2.775 2.998 3.204 3.567 3.916 3.914 4.043 4.43 4.603 -9999 -9999 -9999 -9999 -9999 -9999 -9999 -9999 -9999 -9999 -9999 -9999 -9999 -9999 -9999 -9999 -9999 -9999 -9999 -9999 -9999 -9999 -9999 -9999 -9999 -9999 -9999 -9999
-9999 5.388 5.26 5.006 5.209 -9999 -9999 4.916 -9999 -9999 -9999 -9999 5.556 4.736 4.534 4.24 3.911 3.532 3.31 3.248 3.139 3.134 3.335 3.504 3.57 3.461 2.86 2.765 2.647 2.738 3.061 3.066 2.696 2.717 1.998 1.745 2.196 2.541 2.773 3.088 3.201 3.324 3.33 3.67 3.965 4.0 4.114 4.258 4.392 -9999 -9999 -9999 -9999 -9999 -9999 -9999 -9999 -9999 -9999 -9999 -9999 -9999 -9999 -9999 -9999 -9999 -9999 -9999 -9999 -9999 -9999 -9999 -9999 -9999 -9999 -9999 -9999
-9999 -9999 4.923 4.921 5.443 -9999 4.895 4.214 4.828 -9999 -9999 -9999 -9999 5.473 5.029 4.735 4.343 3.96 3.615 3.201 3.061 3.174 3.337 3.381 3.485 3.13 3.136 2.941 2.768 2.759 2.943 2.68 3.139 2.669 2.512 2.408 2.082 2.322 2.976 3.24 3.517 3.565 3.613 3.852 3.996 4.05 4.095 3.964 3.998 4.452 -9999 -9999 -9999 -9999 -9999 -9999 -9999 -9999 -9999 -9999 -9999 -9999 -9999 -9999 -9999 -9999 -9999 -9999 -9999 -9999 -9999 -9999 -9999 -9999 -9999 -9999 -9999
-9999 -9999 5.35 5.07 5.273 -9999 5.197 4.212 4.991 -9999 -9999 -9999 -9999 -9999 5.399 5.075 4.708 4.432 4.134 3.846 3.566 3.169 2.816 2.912 3.128 3.323 3.402 3.074 2.757 2.839 2.822 2.979 3.198 2.96 2.849 2.879 3.233 3.356 3.565 3.53 3.684 3.591 3.758 4.019 4.095 4.195 4.14 4.009 3.745 4.072 4.684 -9999 -9999 -9999 -9999 -9999 -9999 -9999 -9999 -9999 -9999 -9999 -9999 -9999 -9999 -9999 -9999 -9999 -9999 -9999 -9999 -9999 -9999 -9999 -9999 -9999 -9999
-9999 -9999 5.293 4.967 -9999 -9999 5.622 4.704 4.539 5.453 -9999 -9999 -9999 -9999 -9999 5.258 4.676 4.284 4.145 3.62 3.087 2.792 2.497 2.557 2.841 3.201 3.028 3.046 2.868 2.652 2.77 3.117 2.019 2.619 2.459 3.038 2.728 3.228 3.702 3.484 3.611 3.895 3.993 3.855 3.73 3.815 4.016 3.933 4.172 3.873 4.417 4.941 5.534 -9999 -9999 -9999 -9999 -9999 -9999 -9999 -9999 -9999 -9999 -9999 -9999 -9999 -9999 -9999 -9999 -9999 -9999 -9999 -9999 -9999 -9999 -9999 -9999
-9999 -9999 5.167 5.829 -9999 -9999 5.306 4.325 4.489 -9999 -9999 -9999 -9999 -9999 -9999 5.322 4.709 4.314 4.043 3.585 3.329 3.215 2.929 2.813 2.734 2.782 2.835 2.895 2.246 1.865 2.672 1.945 1.519 1.785 2.655 2.549 3.03 3.711 3.409 3.424 3.682 3.72 3.785 3.841 3.78 3.846 3.523 3.474 4.089 4.082 4.044 4.689 5.282 -9999 -9999 -9999 -9999 -9999 -9999 -9999 -9999 -9999 -9999 -9999 -9999 -9999 -9999 -9999 -9999 -9999 -9999 -9999 -9999 -9999 -9999 -9999 -9999
-9999 -9999 5.639 6.468 -9999 -9999 -9999 5.47 5.24 5.438 -9999 -9999 -9999 -9999 -9999 5.341 4.788 4.394 4.151 3.855 3.677 3.14 2.507 2.26 2.594 2.524 2.935 2.895 2.427 2.335 2.713 1.576 1.961 2.456 2.23 2.566 3.355 3.227 3.453 3.381 3.528 3.823 3.733 3.618 3.692 3.449 2.546 2.892 3.474 4.114 4.096 4.35 4.975 -9999 -9999 -9999 -9999 -9999 -9999 -9999 -9999 -9999 -9999 -9999 -9999 -9999 -9999 -9999 -9999 -9999 -9999 -9999 -9999 -9999 -9999 -9999 -9999
-9999 5.348 5.672 6.423 -9999 -9999 -9999 -9999 -9999 -9999 -9999 -9999 -9999 -9999 -9999 4.999 4.471 4.238 4.023 3.79 3.576 2.95 2.577 2.491 2.665 2.759 2.573 2.638 2.102 2.216 1.714 1.438 1.927 2.47 2.268 2.607 2.797 3.199 3.192 3.46 3.448 3.414 3.622 3.46 3.412 2.648 2.54 2.504 3.492 4.22 4.363 4.397 4.8 5.789 -9999 -9999 -9999 -9999 -9999 -9999 -9999 -9999 -9999 -9999 -9999 -9999 -9999 -9999 -9999 -9999 -9999 -9999 -9999 -9999 -9999 -9999 -9999
5.421 5.431 5.474 6.512 -9999 -9999 -9999 -9999 -9999 -9999 -9999 -9999 -9999 5.504 5.208 4.713 4.176 3.725 3.434 3.511 3.47 3.318 3.109 3.345 2.933 2.243 2.299 2.356 2.38 2.601 2.201 1.53 2.601 2.496 2.514 2.642 2.963 3.232 3.49 3.057 3.128 3.382 3.413 3.261 2.766 2.69 2.702 2.855 3.504 4.353 4.539 4.458 4.804 5.49 -9999 -9999 -9999 -9999 -9999 -9999 -9999 -9999 -9999 -9999 -9999 -9999 -9999 -9999 -9999 -9999 -9999 -9999 -9999 -9999 -9999 -9999 -9999
5.427 5.856 6.518 -9999 -9999 -9999 -9999 -9999 -9999 -9999 -9999 -9999 -9999 5.431 5.125 4.567 3.926 3.564 3.545 3.008 2.665 2.677 2.625 2.851 2.888 2.918 2.733 2.406 2.654 2.958 2.668 2.423 1.978 2.39 2.28 2.804 3.085 3.551 3.196 3.025 3.131 3.187 2.954 2.516 2.372 2.798 3.142 3.481 3.963 4.018 4.047 4.334 4.741 5.359 -9999 -9999 -9999 -9999 -9999 -9999 -9999 -9999 -9999 -9999 -9999 -9999 -9999 -9999 -9999 -9999 -9999 -9999 -9999 -9999 -9999 -9999 -9999
-9999 -9999 -9999 -9999 -9999 -9999 -9999 -9999 -9999 -9999 -9999 -9999 -9999 5.289 4.835 4.031 3.946 3.764 3.479 2.672 2.511 1.994 2.295 2.589 2.914 3.023 2.721 1.764 2.174 3.124 3.14 2.201 2.222 2.456 2.566 2.563 3.136 2.797 2.624 2.813 2.549 2.407 2.184 2.839 3.038 3.173 3.307 3.539 4.218 4.382 4.265 4.411 4.95 5.449 -9999 -9999 -9999 -9999 -9999 -9999 -9999 -9999 -9999 -9999 -9999 -9999 -9999 -9999 -9999 -9999 -9999 -9999 -9999 -9999 -9999 -9999 -9999
-9999 -9999 -9999 -9999 -9999 -9999 -9999 -9999 -9999 -9999 -9999 -9999 5.293 4.602 3.821 3.872 3.608 3.748 3.559 3.269 2.355 2.32 2.256 2.579 2.862 3.578 3.159 2.638 2.764 3.149 3.283 2.994 2.848 2.771 2.657 2.693 2.366 2.908 3.068 2.839 2.602 1.811 2.535 2.584 3.066 3.526 3.447 3.625 3.649 4.262 4.588 4.791 5.131 5.523 -9999 -9999 -9999 -9999 -9999 -9999 -9999 -9999 -9999 -9999 -9999 -9999 -9999 -9999 -9999 -9999 -9999 -9999 -9999 -9999 -9999 -9999 -9999
-9999 -9999 -9999 -9999 -9999 -9999 -9999 -9999 -9999 -9999 -9999 -9999 4.761 4.156 3.716 3.06 3.326 3.727 3.552 2.794 3.158 2.745 2.67 3.017 3.447 4.161 3.933 3.398 3.125 3.203 3.788 3.513 3.349 3.254 3.165 2.556 3.27 2.841 3.112 3.073 1.993 2.863 2.602 2.88 3.398 3.433 3.802 3.771 3.58 3.996 4.474 4.763 5.162 5.615 -9999 -9999 -9999 -9999 -9999 -9999 -9999 -9999 -9999 -9999 -9999 -9999 -9999 -9999 -9999 -9999 -9999 -9999 -9999 -9999 -9999 -9999 -9999
-9999 -9999 -9999 -9999 -9999 -9999 -9999 -9999 -9999 -9999 -9999 5.112 4.318 4.154 3.294 3.446 3.23 2.588 2.922 3.255 3.383 3.033 3.257 3.465 3.569 3.843 3.848 3.579 3.579 4.181 4.144 3.785 3.377 3.357 2.766 3.444 3.201 2.876 3.441 2.636 2.536 3.082 3.36 3.649 3.42 3.528 3.703 3.65 3.991 4.286 4.602 4.851 5.161 5.556 5.945 -9999 -9999 -9999 -9999 -9999 -9999 -9999 -9999 -9999 -9999 -9999 -9999 -9999 -9999 -9999 -9999 -9999 -9999 -9999 -9999 -9999 -9999
-9999 -9999 -9999 -9999 -9999 -9999 -9999 -9999 -9999 -9999 5.199 4.715 4.299 4.144 3.917 3.689 3.159 3.237 3.144 2.863 3.73 3.688 3.65 3.518 3.557 3.749 3.986 4.31 4.453 4.214 4.361 4.015 3.662 3.419 3.558 3.718 3.452 3.45 3.638 2.849 2.669 3.001 3.21 3.406 3.549 3.856 3.908 3.824 4.255 4.458 4.619 4.793 5.138 5.507 5.97 -9999 -9999 -9999 -9999 -9999 -9999 -9999 -9999 -9999 -9999 -9999 -9999 -9999 -9999 -9999 -9999 -9999 -9999 -9999 -9999 -9999 -9999
-9999 -9999 -9999 -9999 -9999 -9999 -9999 -9999 -9999 -9999 5.065 3.772 4.131 4.16 4.108 4.14 3.636 2.745 2.918 3.768 3.926 4.042 3.926 3.793 3.655 3.526 4.42 4.733 4.618 4.604 4.248 4.215 3.831 3.86 3.8 3.964 3.745 3.775 3.451 3.298 3.079 3.101 3.325 3.419 3.87 4.152 4.093 4.13 4.217 4.39 4.664 4.955 5.064 5.336 5.801 -9999 -9999 -9999 -9999 -9999 -9999 -9999 -9999 -9999 -9999 -9999 -9999 -9999 -9999 -9999 -9999 -9999 -9999 -9999 -9999 -9999 -9999
-9999 -9999 -9999 -9999 -9999 -9999 -9999 -9999 -9999 5.508 4.203 4.117 4.06 4.115 4.297 4.375 3.727 3.367 3.659 3.704 4.017 4.126 4.197 3.904 3.63 4.175 4.384 4.645 5.032 4.662 4.582 4.375 4.319 4.155 4.182 4.269 4.179 3.803 3.966 3.665 3.18 3.468 3.522 3.654 3.728 4.084 4.244 4.566 4.374 4.432 4.681 5.001 5.204 5.28 5.608 6.225 -9999 -9999 -9999 -9999 -9999 -9999 -9999 -9999 -9999 -9999 -9999 -9999 -9999 -9999 -9999 -9999 -9999 -9999 -9999 -9999 -9999
-9999 -9999 -9999 -9999 -9999 -9999 -9999 -9999 5.735 -9999 4.755 4.251 4.151 4.174 4.465 4.751 4.433 4.352 3.925 3.533 3.934 4.241 4.312 4.278 4.326 4.436 4.49 4.752 4.963 4.829 4.979 4.842 4.662 4.527 4.601 4.664 4.583 4.427 4.237 3.969 4.012 3.865 3.841 3.818 4.027 4.33 4.835 4.499 4.257 4.543 4.789 5.014 5.24 5.415 5.605 6.014 -9999 -9999 -9999 -9999 -9999 -9999 -9999 -9999 -9999 -9999 -9999 -9999 -9999 -9999 -9999 -9999 -9999 -9999 -9999 -9999 -9999
