Validation/Results/raw data/ReClimate_01_2024_1_Temperature-Actuals.asc
NCOLS 192
NROWS 249
XLLCENTER -225160.85627316462
YLLCENTER 29788.11610251502
CELLSIZE 5000.0
NODATA_VALUE -9999
[rows 204 to 237 of 249, columns 77 to 153 of 192]
-9999 -9999 6.987 -9999 6.57 6.259 6.005 5.738 5.759 5.54 5.526 5.521 5.382 5.331 5.032 5.497 5.316 5.325 5.537 5.774 5.683 5.72 5.222 4.735 3.548 2.942 4.351 4.125 4.172 3.48 3.838 4.896 4.494 3.322 4.837 5.131 5.109 5.195 5.677 5.95 5.738 5.455 5.569 5.92 6.06 6.175 6.086 5.779 5.106 4.747 4.658 4.896 5.048 5.179 5.096 4.808 4.915 5.093 5.246 5.307 5.32 5.257 5.107 5.109 5.188 5.172 5.25 5.256 5.09 5.027 4.988 5.066 5.287 5.304 5.244 5.145 5.148
-9999 -9999 -9999 -9999 -9999 -9999 5.886 6.05 5.926 5.828 5.796 5.744 5.679 5.531 5.821 5.714 5.716 5.738 5.571 5.701 5.429 5.374 4.72 3.958 3.104 3.362 3.255 3.571 2.858 2.916 4.439 4.531 4.494 5.467 4.822 5.099 5.716 6.026 6.162 5.648 5.3 4.97 5.463 5.953 6.046 6.13 6.063 5.431 4.689 4.575 4.624 4.955 4.967 5.106 5.009 5.116 5.179 5.372 5.518 5.56 5.474 5.35 5.282 5.277 5.37 5.405 5.29 5.134 4.934 4.909 5.098 5.15 5.306 5.28 5.359 5.458 5.413
-9999 -9999 -9999 -9999 -9999 -9999 6.178 6.048 6.01 5.98 5.608 5.439 5.349 5.717 5.907 5.886 5.975 5.507 5.34 5.562 5.691 5.702 5.117 4.873 4.668 4.387 4.061 3.829 3.278 3.623 3.334 4.038 4.702 4.438 4.181 5.626 5.914 6.071 5.539 5.395 4.864 5.188 5.579 6.031 6.018 5.817 5.042 4.618 4.68 4.839 4.765 4.883 4.985 5.064 5.223 5.145 5.432 5.612 5.764 5.767 5.557 5.355 5.251 5.311 5.471 5.476 5.303 4.91 4.936 4.974 5.034 5.274 5.384 5.497 5.561 5.722 5.589
-9999 -9999 -9999 -9999 6.819 6.595 6.365 6.226 -9999 6.038 5.914 5.798 6.075 6.16 6.204 -9999 5.898 5.606 5.688 5.33 5.875 5.102 5.161 4.962 4.726 4.67 4.945 4.513 4.19 4.019 3.947 4.148 4.553 3.689 4.681 5.645 5.589 5.815 5.635 5.125 5.267 5.573 5.96 6.079 5.903 5.211 5.097 4.761 4.859 4.807 5.009 5.081 5.105 5.228 5.392 5.456 5.584 5.587 5.834 5.807 5.686 5.526 5.467 5.422 5.44 5.334 5.043 4.917 4.869 5.11 5.179 5.311 5.442 5.46 5.49 5.781 5.727
-9999 -9999 -9999 -9999 6.814 -9999 -9999 -9999 6.363 6.25 6.149 -9999 -9999 -9999 -9999 -9999 5.986 5.83 5.452 6.148 5.857 5.696 5.581 5.306 5.437 5.476 3.884 3.855 4.777 4.767 4.658 4.504 4.054 4.18 5.346 5.444 5.772 5.712 5.066 5.409 5.571 6.097 6.156 6.116 5.668 5.248 5.227 4.939 5.081 5.195 5.204 5.288 5.4 5.442 5.533 5.577 5.641 5.597 5.666 5.828 5.583 5.554 5.482 5.419 5.204 5.12 5.003 4.844 4.937 5.258 5.427 5.485 5.457 5.419 5.516 5.744 5.812
-9999 -9999 -9999 -9999 -9999 -9999 6.649 6.501 6.365 6.513 6.348 -9999 -9999 -9999 -9999 -9999 -9999 -9999 -9999 6.449 6.31 6.28 6.415 6.02 5.652 4.215 3.705 3.766 4.078 4.506 4.623 4.645 4.729 4.714 5.067 5.726 5.786 4.915 5.269 5.451 6.277 6.262 6.162 6.021 5.316 5.26 5.119 5.132 5.276 5.417 5.451 5.482 5.494 5.534 5.45 5.501 5.592 5.67 5.65 5.716 5.58 5.462 5.246 5.107 5.237 5.015 4.952 4.979 5.048 5.298 5.602 5.542 5.526 5.624 5.876 6.044 5.853
-9999 -9999 -9999 -9999 -9999 -9999 -9999 6.538 -9999 -9999 -9999 -9999 -9999 -9999 -9999 -9999 -9999 6.133 6.272 6.264 6.227 6.653 6.762 6.468 5.632 4.862 4.049 3.871 4.367 5.186 4.998 4.621 4.791 5.041 5.766 6.08 5.761 5.5 5.722 6.166 -9999 6.223 6.071 5.694 5.0 5.006 5.203 5.299 5.455 5.496 5.56 5.501 5.5 5.471 5.536 5.53 5.625 5.662 5.686 5.57 5.418 5.227 4.935 4.93 5.017 5.359 5.237 5.214 5.385 5.478 5.716 5.822 5.684 5.823 6.159 6.353 6.276
-9999 -9999 -9999 -9999 -9999 -9999 -9999 -9999 -9999 -9999 -9999 -9999 -9999 -9999 -9999 -9999 -9999 6.338 6.375 6.57 6.53 -9999 -9999 -9999 6.228 5.12 5.209 4.944 5.36 5.319 4.804 4.954 5.579 5.866 6.046 6.306 6.197 6.292 6.335 -9999 6.269 5.949 5.901 5.33 4.971 5.274 5.378 5.497 5.485 5.432 5.521 5.542 5.509 5.513 5.363 5.325 5.413 5.439 5.58 5.64 5.406 4.978 4.978 5.029 5.293 5.547 5.623 5.472 5.632 5.811 5.911 6.057 6.097 5.853 6.196 6.506 6.466
-9999 -9999 -9999 -9999 -9999 -9999 -9999 -9999 -9999 -9999 -9999 -9999 -9999 -9999 -9999 -9999 -9999 -9999 -9999 -9999 -9999 -9999 -9999 -9999 6.783 6.162 5.57 5.639 5.806 5.714 5.508 5.734 6.022 6.222 6.382 6.502 6.591 -9999 -9999 6.406 6.18 5.945 5.777 5.315 5.151 5.338 5.422 5.556 5.626 5.427 5.468 5.498 5.25 5.122 5.07 4.897 4.782 5.079 5.274 5.42 5.407 5.195 5.107 5.392 5.436 5.626 5.844 5.768 5.795 5.871 6.03 6.195 6.314 6.415 6.455 6.652 6.589
-9999 -9999 -9999 -9999 -9999 -9999 -9999 -9999 -9999 -9999 -9999 -9999 -9999 -9999 -9999 -9999 -9999 -9999 -9999 -9999 -9999 -9999 -9999 -9999 6.542 6.292 6.161 6.096 5.831 5.726 5.908 6.146 6.398 6.51 -9999 -9999 -9999 -9999 -9999 6.34 6.103 5.962 5.796 5.374 5.195 5.336 5.374 5.584 5.661 5.447 5.184 5.213 4.926 4.842 4.873 4.876 4.825 4.885 5.237 5.273 5.526 5.655 5.521 5.755 5.794 5.841 5.965 5.991 6.076 6.146 6.167 6.236 6.41 6.616 6.741 6.752 6.489
-9999 -9999 -9999 -9999 -9999 -9999 -9999 -9999 -9999 -9999 -9999 -9999 -9999 -9999 -9999 -9999 -9999 -9999 -9999 -9999 -9999 -9999 -9999 -9999 -9999 -9999 6.417 5.952 5.807 5.876 5.896 6.279 6.543 -9999 -9999 -9999 -9999 6.344 6.056 6.031 6.307 6.169 5.871 5.252 5.193 5.222 5.353 5.572 5.577 5.229 4.923 4.858 4.94 4.829 4.95 4.925 5.139 5.202 5.28 5.492 5.547 5.821 6.028 5.96 5.939 5.936 5.935 5.869 6.044 6.252 6.312 6.361 6.355 6.468 6.533 6.565 6.398
-9999 -9999 -9999 -9999 -9999 -9999 -9999 -9999 -9999 -9999 -9999 -9999 -9999 -9999 -9999 -9999 -9999 -9999 -9999 -9999 -9999 -9999 -9999 -9999 -9999 -9999 -9999 6.464 6.256 6.121 6.114 6.473 -9999 -9999 -9999 -9999 6.51 6.261 5.965 5.929 5.984 6.056 5.917 5.612 5.632 5.307 5.423 5.514 5.231 5.064 5.007 4.829 4.969 5.039 5.147 5.229 5.329 5.471 5.452 5.447 5.593 5.778 5.855 5.868 5.739 5.835 5.901 5.842 5.903 6.167 6.28 6.337 6.401 6.379 6.347 6.223 6.127
-9999 -9999 -9999 -9999 -9999 -9999 -9999 -9999 -9999 -9999 -9999 -9999 -9999 -9999 -9999 -9999 -9999 -9999 -9999 -9999 -9999 -9999 -9999 -9999 -9999 -9999 -9999 -9999 -9999 -9999 -9999 -9999 -9999 -9999 -9999 6.386 6.499 6.286 5.947 5.754 6.026 5.964 5.706 5.799 5.597 5.501 5.736 5.562 5.299 5.12 5.102 5.112 4.983 5.036 5.113 4.969 5.172 5.289 5.376 5.391 5.413 5.625 5.723 5.722 5.642 5.578 5.739 5.851 5.931 6.041 6.14 6.095 6.139 6.1 6.093 5.836 5.572
-9999 -9999 -9999 -9999 -9999 -9999 -9999 -9999 -9999 -9999 -9999 -9999 -9999 -9999 -9999 -9999 -9999 -9999 -9999 -9999 -9999 -9999 -9999 -9999 -9999 -9999 -9999 -9999 -9999 -9999 -9999 -9999 -9999 -9999 6.487 6.434 6.126 5.861 4.963 5.534 5.963 5.768 5.677 5.612 5.506 5.74 5.761 5.666 5.432 5.267 5.337 5.074 4.914 4.717 4.869 4.981 4.69 4.977 5.167 5.336 5.449 5.56 5.669 5.668 5.639 5.623 5.59 5.704 5.876 5.957 5.93 5.829 5.554 5.596 5.513 5.367 5.026
-9999 -9999 -9999 -9999 -9999 -9999 -9999 -9999 -9999 -9999 -9999 -9999 -9999 -9999 -9999 -9999 -9999 -9999 -9999 -9999 -9999 -9999 -9999 -9999 -9999 -9999 -9999 -9999 -9999 -9999 -9999 -9999 -9999 -9999 6.532 6.399 6.369 5.796 5.403 5.2 5.359 5.524 5.591 5.409 5.666 5.681 5.639 5.264 5.0 4.992 5.202 5.231 5.056 5.027 4.868 4.961 5.052 5.013 5.169 5.264 5.407 5.565 5.64 5.662 5.577 5.538 5.598 5.632 5.72 5.713 5.436 5.381 5.288 5.223 5.372 5.273 5.041
-9999 -9999 -9999 -9999 -9999 -9999 -9999 -9999 -9999 -9999 -9999 -9999 -9999 -9999 -9999 -9999 -9999 -9999 -9999 -9999 -9999 4.925 4.641 4.159 4.523 -9999 5.287 -9999 -9999 -9999 -9999 -9999 -9999 -9999 -9999 6.56 6.445 6.216 5.956 5.65 5.296 5.244 5.302 5.545 5.574 5.55 5.198 4.96 5.133 5.14 5.293 5.309 5.222 5.307 5.393 5.398 5.3 5.358 5.267 5.153 5.039 5.219 5.455 5.474 5.444 5.471 5.441 5.505 5.646 5.559 5.26 5.18 5.392 5.337 5.404 5.441 5.41
-9999 -9999 -9999 -9999 -9999 -9999 -9999 -9999 -9999 -9999 -9999 -9999 -9999 -9999 -9999 -9999 -9999 -9999 5.982 5.707 5.317 4.792 4.092 3.858 4.184 4.407 5.066 6.007 6.587 -9999 -9999 6.171 6.518 6.631 6.675 6.558 6.461 6.496 6.34 6.047 5.676 5.332 5.393 5.537 5.479 5.041 5.215 5.375 5.217 5.358 5.49 5.527 5.428 5.407 5.5 5.528 5.634 5.564 5.415 5.227 5.169 5.013 5.065 5.338 5.456 5.525 5.644 5.479 5.587 5.14 5.024 5.131 5.344 5.472 5.484 5.535 5.398
-9999 -9999 -9999 -9999 -9999 -9999 -9999 -9999 -9999 -9999 -9999 -9999 -9999 -9999 -9999 -9999 -9999 5.932 6.014 5.941 5.694 5.02 4.07 3.777 4.044 4.322 4.745 5.164 5.816 6.159 6.059 5.974 5.932 6.428 6.497 6.51 6.371 6.24 6.385 6.164 5.631 5.522 5.547 5.437 4.918 5.273 5.154 5.244 5.406 5.514 5.64 5.614 5.42 5.469 5.481 5.577 5.568 5.629 5.501 5.33 5.096 4.906 5.092 5.311 5.452 5.165 5.314 5.588 5.541 5.578 5.179 5.29 5.374 5.444 5.457 5.309 5.349
-9999 -9999 -9999 -9999 -9999 -9999 -9999 -9999 -9999 -9999 -9999 -9999 -9999 -9999 -9999 -9999 -9999 5.962 6.374 6.525 6.135 5.208 4.714 4.425 4.152 4.451 4.785 5.232 5.08 5.074 5.5 5.731 5.857 5.765 6.253 6.462 6.34 6.379 6.179 5.977 5.968 5.842 5.679 5.317 5.33 5.307 5.15 5.409 5.501 5.586 5.622 5.592 5.396 5.321 5.628 5.693 5.686 5.75 5.73 5.592 5.388 5.034 4.925 5.281 5.357 5.222 5.082 5.424 5.685 5.748 5.733 5.621 5.35 5.335 5.475 5.381 5.016
-9999 -9999 -9999 -9999 -9999 -9999 -9999 -9999 -9999 -9999 -9999 -9999 -9999 -9999 -9999 -9999 -9999 6.422 6.753 6.435 6.231 5.704 5.671 5.272 5.232 5.171 5.255 5.293 4.896 5.106 5.785 5.958 5.928 6.101 6.369 6.483 6.445 6.224 6.023 6.115 6.053 5.835 5.59 5.622 5.566 5.508 5.454 5.503 5.372 5.392 5.581 5.765 5.703 5.676 5.759 5.714 5.746 5.901 5.676 5.539 5.574 5.226 4.856 5.22 5.457 5.361 5.373 5.559 5.771 5.916 5.83 5.631 5.472 5.47 5.663 5.713 5.461
-9999 -9999 -9999 -9999 -9999 -9999 -9999 -9999 -9999 -9999 -9999 -9999 -9999 6.303 5.827 -9999 6.34 6.747 6.319 6.084 6.13 6.236 6.034 5.866 5.465 5.217 5.291 5.461 5.468 5.702 6.005 6.211 6.141 6.076 6.149 6.313 6.438 6.277 6.188 6.11 5.985 5.622 5.793 5.763 5.63 5.375 5.241 5.318 5.163 5.231 5.483 5.781 5.821 5.833 5.868 6.005 5.928 5.994 5.872 5.457 5.615 5.552 5.447 5.467 5.744 5.68 5.563 5.601 5.785 5.978 6.014 5.875 5.757 5.673 5.712 5.765 5.8
-9999 -9999 -9999 -9999 -9999 -9999 -9999 -9999 -9999 -9999 -9999 -9999 -9999 6.11 5.738 6.032 6.279 6.292 6.059 6.192 5.879 5.789 5.848 5.388 5.346 5.299 5.318 5.573 5.546 5.698 6.006 5.696 5.389 5.571 5.973 6.357 6.434 6.214 6.034 5.91 5.81 5.683 5.858 5.697 5.743 5.606 5.358 5.242 5.355 5.401 5.611 5.701 5.766 5.825 6.107 6.161 6.199 6.253 6.112 5.766 5.669 5.616 5.42 5.443 5.225 5.448 5.643 5.685 5.805 5.847 5.884 5.877 5.869 5.846 5.736 5.766 5.812
-9999 -9999 -9999 -9999 -9999 -9999 -9999 -9999 -9999 -9999 -9999 -9999 6.504 6.039 5.881 5.879 5.936 6.016 6.069 5.996 5.841 5.927 5.905 5.646 5.52 5.385 5.526 5.728 6.026 6.175 5.872 5.303 5.331 5.398 5.652 6.21 6.214 6.119 6.087 5.942 5.855 5.777 5.799 5.845 5.931 5.789 5.444 5.635 5.646 5.712 5.723 5.748 5.727 5.719 6.105 6.496 6.611 6.427 6.391 6.092 5.972 5.937 5.787 5.649 5.376 5.163 5.302 5.092 5.581 5.395 5.34 5.697 5.814 5.407 5.251 5.312 5.736
-9999 -9999 -9999 -9999 -9999 -9999 -9999 -9999 -9999 -9999 -9999 -9999 -9999 6.387 6.012 5.914 6.038 6.107 6.172 6.153 6.102 6.053 6.024 5.834 5.712 5.854 5.933 6.143 6.119 6.221 5.62 5.271 5.314 5.145 5.556 5.927 5.884 5.954 6.016 5.919 5.761 5.806 5.798 5.793 5.758 5.585 5.888 5.748 5.787 5.812 5.823 5.774 5.732 5.842 6.046 6.44 6.676 -9999 6.394 6.29 6.024 6.078 6.107 6.027 5.88 5.688 5.698 5.582 5.552 5.714 5.399 5.483 5.715 5.716 5.328 5.182 5.568
-9999 -9999 -9999 -9999 -9999 -9999 -9999 -9999 -9999 -9999 -9999 -9999 6.61 6.579 6.199 6.041 6.002 5.971 6.117 6.193 6.097 5.989 5.821 5.879 6.081 6.182 6.175 6.209 6.29 6.06 5.812 5.799 5.631 5.365 5.875 6.026 5.516 5.729 5.707 5.239 5.424 5.327 5.281 5.454 5.515 5.711 5.902 6.026 5.963 5.957 5.884 5.844 5.791 5.865 6.061 6.28 6.568 6.684 -9999 6.472 -9999 6.448 -9999 6.245 -9999 6.091 6.078 6.08 6.044 6.098 6.013 6.062 -9999 -9999 -9999 5.954 5.657
-9999 -9999 -9999 -9999 -9999 -9999 -9999 -9999 -9999 -9999 -9999 -9999 6.676 6.417 6.162 6.101 5.852 5.799 5.709 5.883 5.695 5.641 5.728 5.981 6.226 6.307 6.393 6.444 6.399 6.252 6.006 5.872 5.589 5.846 6.232 5.594 5.68 6.148 5.77 5.588 5.45 5.216 5.401 5.708 5.764 5.97 6.085 6.034 6.179 6.134 6.034 6.012 5.97 5.994 6.176 6.289 6.52 6.663 -9999 -9999 6.741 6.795 -9999 -9999 6.369 6.344 6.325 -9999 -9999 -9999 -9999 -9999 -9999 -9999 -9999 -9999 -9999
-9999 -9999 -9999 -9999 -9999 -9999 -9999 -9999 -9999 -9999 -9999 6.403 6.331 6.214 6.149 6.182 6.062 5.818 5.786 5.533 5.004 4.996 5.417 5.716 5.913 6.072 6.358 6.469 6.402 6.289 6.056 5.646 5.637 5.975 5.92 5.961 6.614 6.487 6.102 5.693 5.372 5.657 5.949 5.933 6.096 6.138 6.212 6.374 6.501 6.266 6.252 6.324 6.41 6.324 6.384 -9999 -9999 -9999 6.596 -9999 -9999 -9999 -9999 -9999 -9999 6.369 -9999 -9999 -9999 -9999 -9999 -9999 -9999 -9999 -9999 -9999 -9999
-9999 -9999 -9999 -9999 -9999 -9999 -9999 -9999 -9999 -9999 6.636 5.9 5.767 5.974 6.442 6.485 6.363 6.163 5.847 4.959 4.062 4.326 5.324 5.485 5.452 6.157 6.117 6.526 6.548 6.294 6.432 6.523 6.635 -9999 -9999 -9999 -9999 -9999 6.644 6.122 5.752 5.866 6.053 6.219 6.307 6.395 6.427 6.572 -9999 6.414 -9999 -9999 -9999 -9999 -9999 6.465 6.413 6.321 6.217 6.307 6.719 -9999 -9999 -9999 -9999 -9999 -9999 -9999 -9999 -9999 -9999 -9999 -9999 -9999 -9999 -9999 -9999
-9999 -9999 -9999 -9999 -9999 -9999 -9999 -9999 -9999 7.296 6.235 5.461 5.499 5.966 6.26 6.485 6.585 6.083 5.48 4.368 3.738 4.114 4.722 5.076 5.838 5.802 6.46 6.666 6.716 6.888 -9999 -9999 -9999 -9999 -9999 -9999 -9999 -9999 -9999 -9999 6.6 6.506 6.549 6.318 6.2 6.159 6.371 6.135 6.476 -9999 -9999 -9999 -9999 -9999 -9999 -9999 6.547 6.241 6.305 6.334 -9999 -9999 -9999 -9999 -9999 -9999 -9999 -9999 -9999 -9999 -9999 -9999 -9999 -9999 -9999 -9999 -9999
-9999 -9999 -9999 -9999 -9999 -9999 -9999 7.226 7.413 6.874 6.033 5.451 5.268 5.458 6.052 6.597 6.338 5.896 5.326 4.519 3.897 4.391 4.858 5.367 5.575 6.698 6.385 6.488 -9999 -9999 -9999 -9999 -9999 -9999 -9999 -9999 -9999 -9999 -9999 -9999 -9999 7.15 -9999 -9999 -9999 -9999 -9999 6.602 6.407 -9999 -9999 -9999 -9999 -9999 -9999 -9999 -9999 -9999 6.296 6.266 -9999 -9999 -9999 -9999 -9999 -9999 -9999 -9999 -9999 -9999 -9999 -9999 -9999 -9999 -9999 -9999 -9999
-9999 -9999 -9999 -9999 -9999 -9999 7.183 -9999 6.936 6.745 6.111 5.538 5.313 5.432 5.991 6.181 6.028 6.335 6.015 4.98 4.513 4.766 5.468 5.751 6.271 6.749 6.874 7.235 -9999 -9999 -9999 -9999 -9999 -9999 -9999 -9999 -9999 -9999 -9999 -9999 -9999 -9999 7.114 -9999 -9999 -9999 -9999 -9999 -9999 -9999 -9999 -9999 -9999 -9999 -9999 -9999 -9999 -9999 -9999 -9999 -9999 -9999 -9999 -9999 -9999 -9999 -9999 -9999 -9999 -9999 -9999 -9999 -9999 -9999 -9999 -9999 -9999
-9999 -9999 -9999 -9999 -9999 7.352 7.173 6.502 6.73 6.747 6.291 6.047 5.794 5.792 6.066 5.997 6.237 -9999 6.291 5.417 4.798 4.46 5.096 6.148 6.505 6.916 7.145 -9999 -9999 -9999 -9999 -9999 -9999 -9999 -9999 -9999 -9999 -9999 -9999 -9999 -9999 -9999 -9999 -9999 -9999 -9999 -9999 -9999 -9999 -9999 -9999 -9999 -9999 -9999 -9999 -9999 -9999 -9999 -9999 -9999 -9999 -9999 -9999 -9999 -9999 -9999 -9999 -9999 -9999 -9999 -9999 -9999 -9999 -9999 -9999 -9999 -9999
-9999 -9999 -9999 -9999 -9999 7.341 6.806 6.473 6.386 6.419 6.328 6.243 5.997 6.191 6.373 6.432 6.94 6.84 6.558 5.907 4.91 4.717 5.631 6.139 6.693 6.851 6.802 -9999 -9999 -9999 -9999 -9999 -9999 -9999 -9999 -9999 -9999 -9999 -9999 -9999 -9999 -9999 -9999 -9999 -9999 -9999 -9999 -9999 -9999 -9999 -9999 -9999 -9999 -9999 -9999 -9999 -9999 -9999 -9999 -9999 -9999 -9999 -9999 -9999 -9999 -9999 -9999 -9999 -9999 -9999 -9999 -9999 -9999 -9999 -9999 -9999 -9999
-9999 -9999 -9999 -9999 7.482 7.108 6.67 6.203 6.059 6.286 6.402 6.43 6.437 6.573 6.372 6.81 7.087 6.985 6.581 6.245 5.753 5.693 6.074 6.546 6.699 6.569 -9999 -9999 -9999 -9999 -9999 -9999 -9999 -9999 -9999 -9999 -9999 -9999 -9999 -9999 -9999 -9999 -9999 -9999 -9999 -9999 -9999 -9999 -9999 -9999 -9999 -9999 -9999 -9999 -9999 -9999 -9999 -9999 -9999 -9999 -9999 -9999 -9999 -9999 -9999 -9999 -9999 -9999 -9999 -9999 -9999 -9999 -9999 -9999 -9999 -9999 -9999
