Validation/Results/raw data/ReClimate_11_2023_1_Precipitation-Actuals.asc
NCOLS 192
NROWS 249
XLLCENTER -225160.85627316462
YLLCENTER 29788.11610251502
CELLSIZE 5000.0
NODATA_VALUE -9999
[rows 132 to 164 of 249, columns 74 to 147 of 192]
-9999 -9999 -9999 -9999 -9999 -9999 -9999 -9999 -9999 -9999 -9999 -9999 -9999 209.517 228.521 262.735 284.353 300.626 310.247 358.024 396.445 434.289 426.025 330.31 282.943 285.247 298.78 276.644 255.583 248.36 230.988 215.877 206.077 189.964 205.943 229.23 246.667 246.002 232.63 246.191 243.717 229.647 247.03 240.559 229.017 212.079 193.04 178.282 153.63 134.328 124.86 112.59 106.429 97.928 97.071 90.014 81.886 77.25 -9999 -9999 -9999 -9999 -9999 -9999 -9999 -9999 -9999 -9999 -9999 -9999 -9999 -9999 -9999 -9999
152.745 -9999 -9999 -9999 -9999 -9999 -9999 -9999 -9999 -9999 -9999 -9999 -9999 215.231 273.097 267.114 275.44 277.275 276.814 331.256 439.472 461.837 403.331 349.533 295.547 295.031 288.632 281.645 290.391 237.071 216.529 210.729 193.056 194.297 198.296 222.941 222.603 213.066 205.911 209.942 203.801 212.684 218.91 221.301 213.787 198.572 190.262 164.834 142.747 130.592 111.247 107.037 103.889 91.677 85.647 87.522 83.808 77.601 -9999 -9999 -9999 -9999 -9999 -9999 -9999 -9999 -9999 -9999 -9999 -9999 -9999 -9999 -9999 -9999
180.012 -9999 -9999 -9999 -9999 -9999 -9999 -9999 -9999 -9999 -9999 -9999 206.03 252.583 256.499 266.62 275.543 269.631 255.267 314.68 388.139 391.866 408.797 358.644 315.007 280.366 271.391 286.867 254.547 231.234 210.402 193.696 196.874 181.486 187.339 195.721 193.872 183.862 178.868 175.454 183.779 180.385 194.953 203.288 191.174 177.603 171.589 159.116 139.099 121.161 102.58 98.95 95.385 90.188 82.914 81.391 81.213 79.682 71.785 -9999 -9999 -9999 -9999 -9999 -9999 -9999 -9999 -9999 -9999 -9999 -9999 -9999 -9999 -9999
155.332 -9999 -9999 -9999 -9999 -9999 -9999 -9999 -9999 -9999 -9999 187.661 -9999 222.534 249.991 257.597 261.8 246.352 223.738 266.275 292.788 362.047 408.834 359.01 297.204 257.397 247.392 239.999 239.193 229.143 221.699 206.375 198.635 170.466 164.167 168.401 164.957 155.942 146.9 149.884 151.427 159.96 163.611 160.938 161.478 160.382 151.599 137.196 121.687 97.638 105.118 105.358 91.854 87.536 81.684 79.713 78.593 77.532 72.73 -9999 -9999 -9999 -9999 -9999 -9999 -9999 -9999 -9999 -9999 -9999 -9999 -9999 -9999 -9999
163.348 167.362 -9999 -9999 -9999 -9999 -9999 -9999 -9999 -9999 -9999 180.439 -9999 202.463 215.93 219.346 225.61 220.192 211.709 221.05 250.303 326.974 351.055 324.878 282.437 248.043 231.526 229.346 234.664 249.451 256.521 -9999 -9999 -9999 -9999 -9999 -9999 141.206 134.894 137.162 140.24 141.443 138.469 154.732 169.075 152.226 137.213 135.144 113.251 110.517 109.718 92.433 90.191 83.569 84.696 74.162 68.812 70.363 73.478 69.779 -9999 -9999 -9999 -9999 -9999 -9999 -9999 -9999 -9999 -9999 -9999 -9999 -9999 -9999
169.098 163.944 142.222 -9999 -9999 -9999 -9999 -9999 -9999 -9999 -9999 176.519 175.879 174.059 179.1 195.535 206.95 207.811 204.831 207.093 239.294 286.107 322.698 299.568 279.883 248.272 234.234 241.479 220.332 229.867 219.606 -9999 -9999 -9999 -9999 148.054 145.551 137.343 133.563 130.223 134.888 137.288 151.37 182.455 193.918 166.783 162.084 131.771 113.326 122.665 105.998 95.784 94.618 88.685 82.372 91.838 81.943 72.685 73.551 65.555 -9999 -9999 -9999 -9999 -9999 -9999 -9999 -9999 -9999 -9999 -9999 -9999 -9999 -9999
161.311 144.267 139.161 127.632 -9999 -9999 -9999 -9999 -9999 -9999 -9999 166.055 155.951 156.72 -9999 -9999 199.079 203.931 199.521 206.951 -9999 232.498 253.968 257.375 254.659 223.774 233.112 228.863 209.311 -9999 -9999 -9999 -9999 -9999 146.142 144.449 143.048 136.362 133.637 130.685 132.509 143.984 169.608 212.662 231.623 208.404 196.81 157.156 149.202 126.881 116.799 117.217 97.827 101.595 92.385 87.233 85.748 78.35 74.094 68.065 -9999 -9999 -9999 -9999 -9999 -9999 -9999 -9999 -9999 -9999 -9999 -9999 -9999 -9999
148.436 156.607 147.197 129.134 -9999 -9999 -9999 -9999 -9999 -9999 -9999 -9999 151.75 144.195 -9999 -9999 -9999 184.55 185.775 197.393 191.26 -9999 -9999 210.095 197.803 192.279 232.033 228.275 -9999 -9999 -9999 -9999 -9999 166.987 148.409 141.878 151.065 146.376 140.511 138.732 144.274 157.301 174.333 212.642 224.401 244.584 212.589 206.424 190.119 169.964 145.669 134.665 119.506 100.493 104.496 96.71 83.81 80.926 79.163 74.158 -9999 -9999 -9999 -9999 -9999 -9999 -9999 -9999 -9999 -9999 -9999 -9999 -9999 -9999
134.042 132.813 127.804 -9999 -9999 -9999 -9999 -9999 -9999 -9999 -9999 -9999 -9999 139.902 -9999 -9999 -9999 -9999 170.396 190.978 188.216 -9999 -9999 -9999 196.852 199.802 -9999 -9999 -9999 -9999 -9999 -9999 -9999 164.643 157.6 174.294 175.365 180.332 172.452 162.334 148.831 153.248 172.507 177.145 205.206 218.316 234.724 242.526 226.197 199.332 161.02 150.534 137.127 110.508 93.549 92.871 83.118 77.86 81.241 74.492 -9999 -9999 -9999 -9999 -9999 -9999 -9999 -9999 -9999 -9999 -9999 -9999 -9999 -9999
131.998 123.861 -9999 -9999 -9999 -9999 -9999 -9999 -9999 -9999 -9999 -9999 -9999 149.892 -9999 -9999 -9999 -9999 -9999 187.622 189.106 -9999 -9999 -9999 -9999 -9999 -9999 -9999 -9999 -9999 -9999 -9999 -9999 164.817 192.779 200.579 224.059 231.683 224.928 185.233 139.343 160.522 153.522 181.823 224.464 268.081 286.07 272.42 243.978 192.317 166.681 146.026 124.341 114.846 104.077 91.754 80.64 78.338 82.627 82.576 70.229 -9999 -9999 -9999 -9999 -9999 -9999 -9999 -9999 -9999 -9999 -9999 -9999 -9999
122.679 -9999 120.727 114.389 110.933 102.526 -9999 -9999 -9999 -9999 -9999 -9999 -9999 148.477 -9999 -9999 -9999 -9999 -9999 -9999 -9999 -9999 -9999 -9999 -9999 -9999 -9999 -9999 -9999 -9999 -9999 -9999 177.333 176.853 205.778 217.46 233.026 289.447 299.509 245.973 211.921 168.918 167.954 153.393 198.268 263.227 291.204 288.18 242.792 241.489 219.593 170.699 139.114 106.585 100.772 93.436 86.276 83.371 82.555 84.354 78.635 70.404 -9999 -9999 -9999 -9999 -9999 -9999 -9999 -9999 -9999 -9999 -9999 -9999
117.217 117.3 117.702 111.744 104.288 100.63 -9999 -9999 -9999 -9999 -9999 -9999 -9999 -9999 -9999 -9999 -9999 -9999 -9999 -9999 -9999 -9999 -9999 -9999 -9999 -9999 -9999 -9999 -9999 -9999 -9999 204.257 188.738 208.832 235.931 267.577 314.699 397.337 364.965 294.246 215.49 197.6 151.596 145.692 176.154 242.874 307.579 270.649 250.227 230.811 204.868 172.237 136.574 113.817 96.696 89.396 80.064 77.559 76.976 79.37 74.045 66.954 -9999 -9999 -9999 -9999 -9999 -9999 -9999 -9999 -9999 -9999 -9999 -9999
111.539 115.032 112.625 108.047 -9999 96.916 96.053 -9999 -9999 -9999 -9999 -9999 -9999 -9999 -9999 -9999 -9999 -9999 -9999 -9999 -9999 -9999 -9999 -9999 -9999 -9999 -9999 -9999 -9999 -9999 -9999 209.644 207.86 238.071 311.135 360.297 378.499 358.158 374.459 328.543 284.427 234.791 192.811 167.885 173.892 215.745 242.529 269.639 238.118 217.087 180.443 153.403 120.4 104.582 91.644 88.279 79.214 75.79 72.67 73.729 71.181 64.618 62.661 65.206 -9999 -9999 -9999 -9999 -9999 -9999 -9999 -9999 -9999 -9999
113.901 114.606 109.574 102.625 -9999 -9999 97.679 -9999 -9999 -9999 -9999 -9999 -9999 -9999 -9999 -9999 -9999 -9999 -9999 -9999 -9999 -9999 -9999 -9999 -9999 -9999 -9999 -9999 -9999 -9999 -9999 220.035 226.083 268.874 334.205 411.425 426.797 473.793 461.604 401.343 355.039 317.652 255.925 214.377 187.723 157.198 187.41 200.372 181.195 188.116 170.652 138.671 116.483 96.756 85.07 77.54 79.841 71.188 70.576 71.284 70.519 68.738 78.62 77.137 77.534 75.76 86.69 -9999 -9999 -9999 -9999 -9999 -9999 -9999
112.116 112.658 110.882 100.535 92.705 -9999 95.739 -9999 -9999 -9999 -9999 -9999 -9999 -9999 -9999 -9999 -9999 -9999 -9999 -9999 -9999 -9999 -9999 -9999 -9999 -9999 -9999 -9999 -9999 -9999 189.79 236.417 268.343 339.223 472.214 559.915 605.483 520.052 492.41 481.253 467.976 402.904 347.689 287.541 210.122 171.956 186.969 161.018 168.519 184.893 168.533 137.728 119.052 102.853 91.115 82.191 77.054 71.278 67.272 65.808 69.21 74.145 82.248 100.544 95.568 96.439 93.661 90.57 92.415 -9999 -9999 -9999 -9999 -9999
124.967 117.882 109.965 99.346 -9999 95.328 -9999 -9999 -9999 -9999 -9999 -9999 -9999 -9999 -9999 -9999 -9999 -9999 -9999 -9999 -9999 -9999 -9999 -9999 -9999 -9999 -9999 -9999 -9999 -9999 -9999 194.398 248.117 339.308 449.271 546.878 629.561 657.075 520.57 491.018 448.72 449.887 396.203 306.357 244.911 221.506 205.411 198.537 233.073 210.868 194.003 183.688 157.365 120.915 102.31 91.083 77.122 72.546 70.18 70.727 69.874 77.172 82.935 98.343 99.147 100.064 102.655 100.134 97.385 92.736 -9999 -9999 -9999 -9999
126.828 117.847 106.177 102.082 100.799 102.692 -9999 -9999 -9999 -9999 -9999 -9999 -9999 -9999 -9999 -9999 -9999 -9999 -9999 -9999 -9999 -9999 -9999 -9999 -9999 -9999 -9999 -9999 -9999 -9999 -9999 -9999 203.405 270.47 350.18 454.413 552.706 560.921 458.891 392.371 392.161 394.686 340.878 307.269 289.199 264.996 247.681 275.483 259.975 247.691 243.276 207.534 169.723 143.011 112.559 95.293 81.421 73.43 73.485 74.62 76.158 94.881 103.478 121.391 136.956 124.904 126.272 105.671 102.423 96.797 90.673 -9999 -9999 -9999
133.058 118.547 108.528 102.138 101.652 -9999 -9999 -9999 -9999 -9999 -9999 -9999 -9999 -9999 -9999 -9999 -9999 -9999 -9999 -9999 -9999 -9999 -9999 -9999 -9999 -9999 -9999 -9999 -9999 -9999 -9999 -9999 187.876 244.088 329.636 393.747 477.604 478.336 382.889 340.882 322.67 297.964 282.686 264.459 279.828 313.7 298.941 304.323 298.761 263.518 214.262 187.741 161.365 142.557 120.332 90.028 78.166 75.523 74.896 80.097 85.935 100.424 119.398 122.244 128.061 127.012 132.584 126.978 109.346 105.94 97.199 87.131 -9999 -9999
142.003 131.403 115.684 102.911 97.657 -9999 -9999 -9999 -9999 -9999 -9999 -9999 -9999 -9999 -9999 -9999 -9999 -9999 -9999 -9999 -9999 -9999 -9999 -9999 -9999 -9999 -9999 -9999 -9999 -9999 -9999 -9999 -9999 222.528 310.759 368.561 396.737 353.739 334.097 293.12 269.595 257.638 228.946 232.043 265.865 277.381 322.349 308.041 293.151 253.919 227.117 197.485 178.983 140.211 115.159 88.415 78.798 75.636 74.68 84.503 95.007 100.336 114.902 126.167 128.856 124.333 124.164 121.618 117.853 107.938 106.259 93.665 -9999 -9999
167.905 -9999 -9999 -9999 -9999 -9999 -9999 -9999 -9999 -9999 -9999 -9999 -9999 -9999 -9999 -9999 -9999 -9999 -9999 -9999 -9999 -9999 -9999 -9999 -9999 -9999 -9999 -9999 -9999 -9999 -9999 -9999 -9999 207.716 273.36 289.978 281.612 294.546 261.74 266.708 248.719 219.844 217.071 224.995 252.851 340.0 317.682 311.342 276.352 264.614 222.425 192.404 165.52 145.978 116.156 94.979 81.407 74.626 73.564 77.424 92.134 104.196 108.134 110.728 111.469 105.487 111.474 112.932 115.085 106.385 95.615 93.886 82.624 -9999
190.6 -9999 -9999 -9999 -9999 -9999 -9999 -9999 -9999 -9999 -9999 -9999 -9999 -9999 -9999 -9999 -9999 -9999 -9999 -9999 -9999 -9999 -9999 -9999 -9999 -9999 -9999 -9999 -9999 -9999 -9999 -9999 -9999 -9999 232.648 228.391 241.381 252.625 241.902 222.238 198.693 193.795 193.535 211.976 255.873 295.246 326.188 314.446 308.494 278.858 259.066 234.168 189.473 169.671 141.064 109.421 89.348 75.464 68.318 69.87 76.303 94.42 102.051 94.888 86.874 84.341 81.301 87.183 89.689 98.86 88.261 83.358 79.817 -9999
150.294 -9999 -9999 -9999 -9999 -9999 -9999 -9999 -9999 -9999 -9999 -9999 -9999 -9999 -9999 -9999 -9999 -9999 -9999 -9999 -9999 -9999 -9999 -9999 -9999 -9999 -9999 -9999 -9999 -9999 -9999 -9999 -9999 -9999 201.478 -9999 203.075 201.257 193.435 182.54 -9999 173.869 189.715 204.475 225.679 282.019 304.075 304.722 295.835 276.444 266.465 274.355 229.116 187.242 158.887 131.253 98.066 79.105 68.041 63.589 71.077 80.514 85.145 79.743 78.858 75.263 73.209 72.91 77.195 83.37 86.493 79.475 84.264 81.839
-9999 -9999 -9999 -9999 -9999 -9999 -9999 -9999 -9999 -9999 -9999 -9999 -9999 -9999 -9999 -9999 -9999 -9999 -9999 -9999 -9999 -9999 -9999 -9999 -9999 -9999 -9999 -9999 -9999 -9999 -9999 -9999 -9999 -9999 -9999 181.615 179.57 -9999 -9999 -9999 -9999 165.484 175.829 177.456 202.781 221.923 246.16 261.785 262.684 266.773 253.528 246.482 253.361 210.675 167.65 136.011 109.882 88.872 76.095 67.512 67.936 76.698 81.679 82.775 78.518 80.298 74.898 71.625 75.33 84.766 88.768 82.036 78.609 86.347
-9999 -9999 -9999 -9999 -9999 -9999 -9999 -9999 -9999 -9999 -9999 -9999 -9999 -9999 -9999 -9999 -9999 -9999 -9999 -9999 -9999 -9999 -9999 -9999 -9999 -9999 -9999 -9999 -9999 -9999 -9999 -9999 -9999 -9999 -9999 166.711 165.517 -9999 -9999 -9999 -9999 158.087 175.521 167.543 183.894 196.393 218.898 201.144 211.076 245.456 235.37 217.56 228.356 209.212 179.868 141.609 114.599 89.703 78.05 71.118 66.398 67.297 72.864 77.41 79.156 77.681 77.402 76.35 77.597 87.675 96.518 96.616 90.693 84.432
-9999 -9999 -9999 -9999 -9999 -9999 -9999 -9999 -9999 -9999 -9999 -9999 -9999 -9999 -9999 -9999 -9999 -9999 -9999 -9999 -9999 -9999 -9999 -9999 -9999 -9999 -9999 -9999 -9999 -9999 -9999 -9999 -9999 -9999 -9999 158.604 -9999 -9999 -9999 -9999 153.457 165.481 178.435 212.218 228.14 251.25 228.253 185.175 216.607 228.998 199.205 193.296 185.202 181.375 163.615 139.74 112.146 93.333 78.869 74.253 70.646 66.985 67.513 71.997 75.375 77.193 82.368 91.407 91.497 92.56 94.871 92.291 89.364 84.493
-9999 -9999 -9999 -9999 -9999 -9999 -9999 -9999 -9999 -9999 -9999 -9999 -9999 -9999 -9999 -9999 -9999 -9999 -9999 -9999 -9999 -9999 -9999 -9999 -9999 -9999 -9999 -9999 -9999 -9999 -9999 -9999 -9999 -9999 -9999 -9999 -9999 -9999 -9999 -9999 154.05 176.531 197.411 253.7 290.99 296.23 247.099 217.779 188.374 179.615 166.533 168.029 173.683 165.746 154.848 138.409 114.516 95.112 81.291 73.525 70.765 67.409 67.658 68.467 71.709 77.752 82.757 97.254 104.657 92.099 88.977 81.624 78.195 78.121
-9999 -9999 -9999 -9999 -9999 -9999 -9999 -9999 -9999 -9999 -9999 -9999 -9999 -9999 -9999 -9999 -9999 -9999 -9999 -9999 -9999 -9999 -9999 -9999 -9999 -9999 -9999 -9999 -9999 -9999 -9999 -9999 -9999 -9999 -9999 -9999 -9999 -9999 -9999 -9999 152.949 159.558 206.835 258.31 302.402 279.825 240.4 190.237 178.202 165.015 152.254 154.274 143.636 150.198 137.496 128.298 112.431 94.681 80.934 71.389 68.944 67.871 69.344 68.309 67.397 73.163 80.171 88.209 96.032 90.535 82.575 75.783 73.16 77.501
-9999 -9999 -9999 -9999 -9999 -9999 -9999 -9999 -9999 -9999 -9999 -9999 -9999 -9999 -9999 -9999 -9999 -9999 -9999 -9999 -9999 -9999 -9999 -9999 -9999 -9999 -9999 -9999 -9999 -9999 -9999 -9999 -9999 -9999 -9999 -9999 -9999 -9999 -9999 139.039 143.872 159.913 200.357 261.31 286.098 250.076 223.358 183.559 183.059 163.439 155.378 149.16 144.121 134.518 123.512 108.13 100.502 83.939 77.639 70.969 68.577 68.853 67.831 65.915 65.007 67.376 73.836 79.896 86.157 84.511 80.336 75.201 71.762 74.893
-9999 -9999 -9999 -9999 -9999 -9999 -9999 -9999 -9999 -9999 -9999 -9999 -9999 -9999 -9999 -9999 -9999 -9999 -9999 -9999 -9999 -9999 -9999 -9999 -9999 -9999 -9999 -9999 -9999 -9999 -9999 -9999 -9999 -9999 -9999 -9999 -9999 -9999 -9999 138.349 139.103 157.567 187.653 223.701 205.926 208.328 181.67 189.881 201.048 173.989 161.965 154.542 140.339 131.762 115.352 105.561 104.71 94.324 78.971 74.743 70.536 67.603 66.117 63.779 62.425 62.89 66.266 72.51 78.272 82.747 79.344 74.282 71.848 72.268
-9999 -9999 -9999 -9999 -9999 -9999 -9999 -9999 -9999 -9999 -9999 -9999 -9999 -9999 -9999 -9999 -9999 -9999 -9999 -9999 -9999 -9999 -9999 -9999 -9999 -9999 -9999 -9999 -9999 -9999 -9999 -9999 -9999 -9999 -9999 -9999 -9999 -9999 133.578 132.634 141.646 156.32 171.716 175.778 178.992 178.026 173.517 182.197 180.547 166.328 160.1 172.585 153.82 122.858 117.394 99.711 96.43 92.745 87.595 76.241 72.475 68.961 65.455 64.732 63.002 61.416 62.263 68.298 74.949 79.057 79.934 68.117 67.575 69.506
-9999 -9999 -9999 -9999 -9999 -9999 -9999 -9999 -9999 -9999 -9999 -9999 -9999 -9999 -9999 -9999 -9999 -9999 -9999 -9999 -9999 -9999 -9999 -9999 -9999 -9999 -9999 -9999 -9999 -9999 -9999 -9999 -9999 -9999 -9999 -9999 -9999 -9999 126.532 131.374 139.918 147.82 153.831 155.838 159.225 169.675 170.452 165.424 174.477 172.073 206.793 196.964 171.521 139.818 116.192 109.452 92.475 83.121 82.512 79.888 71.68 67.969 65.509 63.078 62.42 61.026 60.881 63.317 69.699 76.227 80.154 76.925 68.064 69.499
-9999 -9999 -9999 -9999 -9999 -9999 -9999 -9999 -9999 -9999 -9999 -9999 -9999 -9999 -9999 -9999 -9999 -9999 -9999 -9999 -9999 -9999 -9999 -9999 -9999 -9999 -9999 -9999 -9999 -9999 -9999 -9999 -9999 -9999 -9999 -9999 -9999 -9999 125.342 126.264 130.259 134.833 145.332 150.307 162.875 165.335 165.739 176.083 190.811 208.764 215.883 195.609 168.955 140.201 115.963 104.879 97.172 83.482 76.828 73.606 69.352 64.742 63.838 62.517 60.538 61.397 61.881 61.409 64.07 69.947 74.41 75.19 70.192 68.398
-9999 -9999 -9999 -9999 -9999 -9999 -9999 -9999 -9999 -9999 -9999 -9999 -9999 -9999 -9999 -9999 -9999 -9999 -9999 -9999 -9999 -9999 -9999 -9999 -9999 -9999 -9999 -9999 -9999 -9999 -9999 -9999 -9999 -9999 -9999 -9999 -9999 -9999 -9999 122.674 124.712 140.941 160.839 156.807 172.731 184.079 191.761 197.89 198.863 215.498 206.2 191.738 162.208 128.499 112.429 95.169 90.601 81.779 75.221 72.005 66.988 63.427 63.314 61.958 60.995 61.753 63.053 61.21 59.059 64.558 69.81 70.142 -9999 66.649
