Validation/Results/raw data/ReClimate_06_2024_2weatherlogisticsltd.asc
NCOLS 192
NROWS 249
XLLCENTER -225160.85627316462
YLLCENTER 29788.11610251502
CELLSIZE 5000.0
NODATA_VALUE -9999
[rows 198 to 230 of 249, columns 74 to 147 of 192]
-9999 -9999 -9999 -9999 -9999 -9999 -9999 -9999 -9999 -9999 -9999 -9999 -9999 -9999 -9999 -9999 -9999 -9999 126.849 126.654 126.432 126.245 126.085 125.944 125.818 125.702 125.593 125.478 125.34 125.194 125.058 124.931 124.808 124.588 124.19 123.796 123.412 123.045 122.69 122.341 121.991 121.619 121.244 120.857 120.455 120.032 119.607 119.075 118.222 117.339 116.533 115.8 115.146 114.5 113.841 113.184 112.552 111.996 111.517 111.054 110.607 110.27 110.03 109.834 109.675 109.559 109.481 109.432 109.412 109.474 109.571 109.728 109.948 110.576
-9999 -9999 -9999 -9999 -9999 -9999 -9999 -9999 -9999 -9999 -9999 -9999 -9999 -9999 -9999 127.439 127.291 127.035 126.754 126.511 126.302 126.122 125.964 125.826 125.702 125.583 125.451 125.297 125.153 125.018 124.895 124.782 124.665 124.39 124.02 123.663 123.309 122.956 122.62 122.296 121.966 121.631 121.267 120.885 120.484 120.056 119.579 118.8 117.827 116.819 115.898 115.126 114.413 113.71 113.014 112.321 111.663 111.081 110.562 110.055 109.574 109.149 108.86 108.64 108.455 108.304 108.187 108.104 108.075 108.162 108.362 108.598 108.807 109.211
-9999 -9999 -9999 -9999 -9999 -9999 -9999 -9999 -9999 -9999 -9999 -9999 -9999 127.085 127.167 127.121 127.024 126.858 126.597 126.366 126.165 125.99 125.837 125.702 125.57 125.409 125.248 125.1 124.965 124.841 124.728 124.626 124.481 124.181 123.833 123.501 123.175 122.858 122.544 122.234 121.931 121.617 121.285 120.914 120.51 120.049 119.337 118.279 117.228 116.177 115.222 114.408 113.669 112.93 112.199 111.471 110.791 110.188 109.637 109.096 108.565 108.061 107.689 107.434 107.217 107.03 106.883 106.773 106.762 106.847 107.022 107.251 107.418 107.712
-9999 -9999 -9999 -9999 -9999 -9999 -9999 -9999 -9999 127.283 127.011 127.037 127.063 126.886 126.811 126.767 126.721 126.601 126.43 126.21 126.017 125.849 125.7 125.552 125.365 125.195 125.041 124.902 124.776 124.661 124.557 124.464 124.294 123.974 123.64 123.325 123.025 122.732 122.439 122.152 121.872 121.59 121.283 120.919 120.428 119.747 118.758 117.685 116.625 115.563 114.574 113.714 112.949 112.182 111.411 110.643 109.951 109.339 108.755 108.181 107.616 107.06 106.574 106.254 106.006 105.796 105.619 105.514 105.502 105.586 105.716 105.831 105.875 105.961
-9999 -9999 -9999 -9999 -9999 -9999 -9999 -9999 127.516 127.185 127.015 126.811 126.628 126.498 126.44 126.408 126.376 126.322 126.213 126.045 125.861 125.697 125.529 125.323 125.141 124.979 124.833 124.701 124.582 124.475 124.379 124.296 124.109 123.772 123.451 123.149 122.863 122.587 122.318 122.05 121.786 121.515 121.19 120.694 120.095 119.291 118.192 117.116 116.048 114.978 113.954 113.052 112.272 111.488 110.698 109.914 109.194 108.559 107.943 107.338 106.74 106.15 105.568 105.155 104.872 104.616 104.4 104.299 104.294 104.345 104.391 104.337 104.214 104.194
-9999 -9999 -9999 -9999 -9999 -9999 -9999 127.402 127.072 126.786 126.557 126.369 126.21 126.101 126.06 126.043 126.024 126.003 125.95 125.857 125.694 125.508 125.284 125.086 124.912 124.757 124.618 124.494 124.384 124.285 124.199 124.117 123.905 123.574 123.265 122.973 122.698 122.436 122.18 121.922 121.648 121.322 120.84 120.328 119.707 118.764 117.639 116.564 115.491 114.416 113.359 112.416 111.62 110.823 110.017 109.238 108.515 107.847 107.182 106.529 105.894 105.272 104.657 104.121 103.775 103.485 103.293 103.171 103.096 103.034 102.951 102.795 102.562 102.462
-9999 -9999 -9999 -9999 -9999 127.23 -9999 126.825 126.523 126.277 126.077 125.91 125.767 125.675 125.655 125.657 125.656 125.65 125.642 125.591 125.482 125.239 125.026 124.839 124.675 124.529 124.4 124.285 124.183 124.093 124.014 123.925 123.7 123.38 123.08 122.797 122.53 122.271 122.007 121.73 121.376 120.89 120.425 119.928 119.239 118.196 117.095 116.02 114.947 113.871 112.79 111.802 110.981 110.171 109.351 108.579 107.864 107.172 106.477 105.78 105.089 104.414 103.757 103.149 102.701 102.436 102.244 102.081 101.912 101.739 101.515 101.25 100.969 100.815
-9999 -9999 -9999 -9999 -9999 -9999 -9999 -9999 -9999 125.77 125.593 125.445 125.316 125.239 125.237 125.258 125.273 125.283 125.289 125.268 125.121 124.963 124.764 124.589 124.435 124.3 124.18 124.073 123.979 123.897 123.826 123.729 123.499 123.187 122.895 122.617 122.345 122.068 121.785 121.404 120.906 120.428 119.955 119.436 118.679 117.607 116.536 115.476 114.408 113.334 112.25 111.245 110.348 109.527 108.711 107.944 107.232 106.518 105.795 105.065 104.335 103.62 102.924 102.238 101.765 101.445 101.197 100.978 100.744 100.491 100.17 99.783 99.437 99.243
-9999 -9999 -9999 -9999 -9999 -9999 -9999 -9999 -9999 125.268 125.114 124.982 124.867 124.802 124.814 124.855 124.887 124.912 124.915 124.833 124.741 124.624 124.5 124.337 124.194 124.068 123.957 123.859 123.773 123.698 123.633 123.533 123.302 122.997 122.706 122.415 122.128 121.838 121.443 120.928 120.43 119.94 119.443 118.891 118.055 117.001 115.968 114.929 113.87 112.802 111.721 110.671 109.717 108.887 108.09 107.338 106.618 105.885 105.138 104.374 103.6 102.845 102.136 101.496 100.959 100.604 100.266 99.969 99.691 99.365 98.972 98.528 98.079 97.834
-9999 -9999 -9999 -9999 -9999 -9999 -9999 125.256 124.928 124.77 124.636 -9999 124.419 124.364 124.386 124.447 124.496 124.527 -9999 124.402 124.328 124.261 124.173 124.079 123.95 123.834 123.732 123.642 123.563 123.495 123.436 123.336 123.107 122.802 122.492 122.194 121.899 121.511 120.974 120.457 119.951 119.448 118.93 118.322 117.428 116.399 115.4 114.377 113.334 112.272 111.196 110.101 109.102 108.259 107.482 106.751 106.021 105.275 104.509 103.72 102.903 102.098 101.439 100.812 100.245 99.818 99.436 99.068 98.741 98.355 97.896 97.415 96.928 96.606
-9999 -9999 -9999 -9999 -9999 -9999 -9999 124.854 -9999 -9999 -9999 124.06 123.971 123.922 -9999 -9999 -9999 -9999 -9999 123.982 123.916 123.866 123.821 123.757 123.689 123.597 123.503 123.421 123.349 123.287 123.234 123.137 122.909 122.58 122.268 121.972 121.611 121.051 120.514 119.993 119.478 118.96 118.426 117.763 116.826 115.823 114.837 113.83 112.799 111.745 110.674 109.583 108.514 107.652 106.896 106.174 105.437 104.684 103.911 103.114 102.303 101.553 100.847 100.208 99.572 99.079 98.667 98.238 97.833 97.396 96.888 96.373 95.85 95.53
-9999 -9999 -9999 -9999 -9999 -9999 -9999 -9999 -9999 123.827 123.679 123.597 123.522 123.474 -9999 -9999 -9999 -9999 -9999 -9999 -9999 -9999 123.438 123.411 123.372 123.328 123.27 123.196 123.131 123.075 123.027 122.932 122.686 122.355 122.047 121.707 121.161 120.604 120.066 119.538 119.012 118.48 117.933 117.222 116.258 115.275 114.29 113.29 112.267 111.221 110.155 109.067 107.97 107.06 106.326 105.602 104.863 104.108 103.333 102.564 101.825 101.074 100.36 99.646 98.946 98.39 97.943 97.479 96.981 96.473 95.928 95.377 94.82 94.513
-9999 -9999 -9999 -9999 -9999 -9999 -9999 -9999 -9999 -9999 123.193 -9999 -9999 -9999 -9999 -9999 -9999 -9999 -9999 -9999 123.093 123.073 123.055 123.041 123.029 123.013 122.987 122.958 122.909 122.859 122.81 122.701 122.462 122.135 121.801 121.307 120.727 120.17 119.627 119.091 118.554 118.009 117.448 -9999 115.72 114.753 113.77 112.766 111.741 110.7 109.637 108.552 107.499 106.522 105.753 105.029 104.29 103.538 102.811 102.097 101.362 100.62 99.863 99.11 98.353 97.738 97.257 96.756 96.194 95.598 95.009 94.42 93.859 93.562
-9999 -9999 -9999 -9999 -9999 -9999 -9999 -9999 -9999 -9999 -9999 -9999 -9999 -9999 -9999 -9999 -9999 -9999 -9999 -9999 122.677 122.672 122.669 122.668 -9999 -9999 -9999 122.663 122.651 122.631 122.569 122.463 122.245 121.915 121.494 120.885 120.307 119.747 119.197 118.651 118.102 117.544 -9999 116.197 115.223 114.256 113.273 112.269 111.245 110.194 109.121 108.049 107.048 106.051 105.188 104.45 103.745 103.049 102.35 101.646 100.905 100.135 99.361 98.582 97.784 97.116 96.601 96.066 95.459 94.779 94.13 93.499 92.964 92.732
-9999 -9999 -9999 -9999 -9999 -9999 -9999 -9999 -9999 -9999 -9999 -9999 -9999 -9999 -9999 -9999 -9999 -9999 -9999 -9999 -9999 -9999 -9999 -9999 -9999 -9999 -9999 122.346 122.352 122.334 122.283 122.221 122.033 121.661 121.083 120.478 119.899 119.333 118.774 118.216 -9999 -9999 116.492 115.708 114.747 113.778 112.796 111.795 110.769 109.715 108.648 107.631 106.63 105.639 104.692 103.943 103.262 102.594 101.914 101.185 100.42 99.638 98.851 98.051 97.227 96.518 95.968 95.403 94.758 94.021 93.323 92.685 92.225 92.065
-9999 -9999 -9999 -9999 -9999 -9999 -9999 -9999 -9999 -9999 -9999 -9999 -9999 -9999 -9999 -9999 -9999 -9999 -9999 -9999 -9999 -9999 -9999 -9999 -9999 -9999 -9999 122.017 122.019 121.994 121.961 121.923 121.755 121.319 120.687 120.086 119.496 -9999 -9999 -9999 -9999 -9999 116.019 115.255 114.288 113.316 112.332 111.331 110.306 109.258 108.225 107.261 106.32 105.359 104.395 103.528 102.827 102.156 101.445 100.697 99.916 99.13 98.332 97.514 96.667 95.941 95.379 94.813 94.167 93.435 92.691 92.012 91.581 91.513
-9999 -9999 -9999 -9999 -9999 -9999 -9999 -9999 -9999 -9999 -9999 -9999 -9999 -9999 -9999 -9999 -9999 -9999 -9999 -9999 -9999 -9999 -9999 -9999 -9999 -9999 -9999 -9999 -9999 121.647 121.619 121.594 121.415 120.889 120.265 119.666 -9999 -9999 -9999 -9999 116.752 116.155 115.568 114.817 113.843 112.866 111.881 110.884 109.871 108.865 107.929 107.006 106.079 105.148 104.21 103.265 102.467 101.764 101.031 100.257 99.475 98.686 97.883 97.06 96.208 95.474 94.903 94.326 93.675 92.939 92.176 91.533 91.17 91.107
-9999 -9999 -9999 -9999 -9999 -9999 -9999 -9999 -9999 -9999 -9999 -9999 -9999 -9999 -9999 -9999 -9999 -9999 -9999 -9999 -9999 -9999 -9999 -9999 -9999 -9999 -9999 -9999 -9999 -9999 121.275 121.253 121.02 120.455 119.833 -9999 -9999 -9999 -9999 116.882 116.288 115.697 115.148 114.403 113.431 112.457 111.479 110.492 109.513 108.603 107.688 106.774 105.868 104.955 104.035 103.108 102.175 101.381 100.627 99.851 99.07 98.28 97.473 96.644 95.785 95.053 94.479 93.891 93.229 92.489 91.721 91.147 90.879 90.822
-9999 -9999 -9999 -9999 -9999 -9999 -9999 -9999 -9999 -9999 -9999 -9999 -9999 -9999 -9999 -9999 -9999 -9999 -9999 -9999 -9999 -9999 -9999 -9999 -9999 -9999 -9999 -9999 -9999 -9999 -9999 -9999 -9999 -9999 -9999 -9999 -9999 -9999 117.017 116.425 115.83 115.277 114.738 113.999 113.048 112.08 111.11 110.153 109.261 108.364 107.459 106.56 105.665 104.767 103.863 102.952 102.006 101.033 100.209 99.438 98.66 97.868 97.059 96.224 95.363 94.632 94.059 93.463 92.795 92.051 91.301 90.805 90.623 90.554
-9999 -9999 -9999 -9999 -9999 -9999 -9999 -9999 -9999 -9999 -9999 -9999 -9999 -9999 -9999 -9999 -9999 -9999 -9999 -9999 -9999 -9999 -9999 -9999 -9999 -9999 -9999 -9999 -9999 -9999 -9999 -9999 -9999 -9999 -9999 -9999 -9999 117.157 116.565 115.968 115.402 114.869 114.328 113.608 112.684 111.724 110.79 109.909 109.026 108.138 107.242 106.35 105.469 104.583 103.692 102.794 101.838 100.829 99.833 99.012 98.235 97.442 96.629 95.787 94.936 94.212 93.636 93.035 92.361 91.61 90.971 90.526 90.368 90.283
-9999 -9999 -9999 -9999 -9999 -9999 -9999 -9999 -9999 -9999 -9999 -9999 -9999 -9999 -9999 -9999 -9999 -9999 -9999 -9999 -9999 -9999 -9999 -9999 -9999 -9999 -9999 -9999 -9999 -9999 -9999 -9999 -9999 -9999 -9999 -9999 -9999 116.718 116.109 115.532 115.001 114.465 113.923 113.227 112.346 111.432 110.556 109.681 108.805 107.925 107.037 106.152 105.278 104.402 103.522 102.617 101.658 100.643 99.62 98.625 97.793 96.998 96.179 95.329 94.494 93.787 93.204 92.594 91.915 91.172 90.64 90.301 90.111 90.006
-9999 -9999 -9999 -9999 -9999 -9999 -9999 -9999 -9999 -9999 -9999 -9999 -9999 -9999 -9999 -9999 -9999 -9999 -9999 -9999 -9999 -9999 -9999 -9999 119.336 119.443 119.569 119.655 -9999 119.749 -9999 -9999 -9999 -9999 -9999 -9999 -9999 -9999 115.67 115.136 114.602 114.065 113.523 112.876 112.092 111.212 110.34 109.47 108.599 107.724 106.842 105.963 105.093 104.225 103.352 102.434 101.461 100.454 99.441 98.417 97.394 96.532 95.706 94.847 94.032 93.348 92.754 92.134 91.446 90.829 90.367 90.082 89.855 89.722
-9999 -9999 -9999 -9999 -9999 -9999 -9999 -9999 -9999 -9999 -9999 -9999 -9999 -9999 -9999 -9999 -9999 -9999 -9999 -9999 -9999 118.319 118.475 118.692 118.904 119.061 119.182 119.264 119.322 119.368 119.281 118.963 -9999 -9999 117.627 117.051 116.427 115.823 115.282 114.745 114.207 113.677 113.176 112.618 111.89 111.012 110.141 109.274 108.406 107.534 106.656 105.78 104.914 104.051 103.181 102.25 101.261 100.26 99.254 98.238 97.205 96.147 95.221 94.333 93.544 92.888 92.282 91.646 91.007 90.499 90.151 89.85 89.594 89.427
-9999 -9999 -9999 -9999 -9999 -9999 -9999 -9999 -9999 -9999 -9999 -9999 -9999 -9999 -9999 -9999 -9999 -9999 -9999 -9999 117.691 117.787 117.91 118.165 118.396 118.578 118.713 118.819 118.891 118.945 118.83 118.437 118.004 117.581 117.131 116.612 116.003 115.446 114.899 114.365 113.862 113.377 112.896 112.382 111.709 110.831 109.96 109.093 108.225 107.355 106.48 105.604 104.74 103.88 102.995 102.055 101.058 100.06 99.058 98.047 97.019 95.965 94.872 93.825 93.024 92.401 91.78 91.125 90.63 90.233 89.922 89.603 89.318 89.12
-9999 -9999 -9999 -9999 -9999 -9999 -9999 -9999 -9999 -9999 -9999 -9999 -9999 -9999 -9999 -9999 -9999 -9999 -9999 -9999 117.161 117.161 117.316 117.599 117.845 118.041 118.2 118.325 118.422 118.485 118.333 117.892 117.453 117.023 116.605 116.14 115.642 115.099 114.578 114.081 113.591 113.107 112.625 112.14 111.489 110.669 109.795 108.926 108.058 107.187 106.311 105.436 104.572 103.713 102.812 101.852 100.853 99.853 98.851 97.841 96.816 95.765 94.674 93.577 92.607 91.901 91.242 90.715 90.306 90.004 89.676 89.337 89.024 88.796
-9999 -9999 -9999 -9999 -9999 -9999 -9999 -9999 -9999 -9999 -9999 -9999 -9999 -9999 -9999 -9999 -9999 -9999 -9999 -9999 116.524 116.545 116.72 117.012 117.268 117.476 117.65 117.796 117.91 117.984 117.785 117.325 116.882 116.47 116.123 115.766 115.349 114.845 114.331 113.828 113.334 112.846 112.362 111.878 111.281 110.525 109.647 108.773 107.902 107.029 106.152 105.276 104.412 103.551 102.634 101.652 100.646 99.639 98.631 97.619 96.594 95.543 94.45 93.408 92.47 91.608 90.858 90.356 90.055 89.756 89.409 89.048 88.709 88.453
-9999 -9999 -9999 -9999 -9999 -9999 -9999 -9999 -9999 -9999 -9999 -9999 -9999 -9999 -9999 -9999 115.882 115.881 -9999 115.896 115.896 115.949 116.203 116.484 116.733 116.941 117.123 117.281 117.414 117.489 117.269 116.824 116.427 116.086 115.756 115.431 115.053 114.619 114.097 113.588 113.089 112.597 112.11 111.624 111.086 110.4 109.513 108.633 107.757 106.88 106.001 105.125 104.26 103.397 102.462 101.456 100.438 99.418 98.397 97.377 96.35 95.298 94.199 93.215 92.34 91.542 90.887 90.347 89.92 89.509 89.116 88.732 88.368 88.086
-9999 -9999 -9999 -9999 -9999 -9999 -9999 -9999 -9999 -9999 -9999 -9999 -9999 -9999 -9999 -9999 115.498 115.511 115.517 115.521 115.528 115.599 115.734 115.985 116.239 116.457 116.649 116.818 116.964 117.038 116.84 116.449 116.088 115.742 115.406 115.076 114.741 114.34 113.876 113.359 112.854 112.357 111.866 111.374 110.872 110.209 109.394 108.505 107.622 106.741 105.858 104.981 104.118 103.245 102.296 101.269 100.234 99.193 98.149 97.112 96.08 95.026 93.986 93.03 92.248 91.604 91.056 90.58 90.098 89.59 89.049 88.514 88.026 87.689
-9999 -9999 -9999 -9999 -9999 -9999 -9999 -9999 -9999 -9999 -9999 -9999 -9999 -9999 -9999 115.184 115.163 115.195 115.219 115.239 115.258 115.28 115.364 115.496 115.721 115.955 116.161 116.35 116.544 116.669 116.505 116.118 115.749 115.396 115.055 114.72 114.39 114.035 113.625 113.14 112.627 112.123 111.625 111.124 110.616 110.022 109.29 108.389 107.497 106.609 105.722 104.846 103.987 103.103 102.138 101.093 100.037 98.971 97.896 96.826 95.786 94.727 93.751 92.93 92.304 91.759 91.285 90.805 90.318 89.818 89.259 88.657 88.09 87.63
-9999 -9999 -9999 -9999 -9999 -9999 -9999 -9999 -9999 -9999 -9999 -9999 -9999 -9999 -9999 -9999 114.805 114.857 114.899 114.934 114.964 114.993 115.02 115.097 115.216 115.44 115.71 115.966 116.2 116.339 116.177 115.783 115.405 115.046 114.698 114.359 114.024 113.691 113.32 112.904 112.404 111.891 111.382 110.872 110.356 109.815 109.127 108.284 107.379 106.483 105.59 104.719 103.865 102.976 101.992 100.927 99.847 98.756 97.659 96.567 -9999 94.462 93.61 92.994 92.46 91.987 91.509 91.024 90.531 90.027 89.483 88.875 88.305 87.83
-9999 -9999 -9999 -9999 -9999 -9999 -9999 -9999 -9999 -9999 -9999 -9999 -9999 -9999 -9999 114.479 114.417 114.49 114.552 114.615 114.679 114.742 114.805 114.866 114.975 115.122 115.32 115.595 115.84 115.993 115.843 115.438 115.053 114.686 114.332 113.987 113.648 113.31 112.973 112.59 112.167 111.656 111.136 110.615 110.09 109.556 108.936 108.19 107.269 106.359 105.46 104.591 103.748 102.862 101.857 100.761 99.653 98.538 97.422 96.305 95.186 -9999 93.684 -9999 92.691 -9999 91.729 -9999 90.738 90.227 89.693 89.09 88.52 88.045
-9999 -9999 -9999 -9999 -9999 -9999 -9999 -9999 -9999 -9999 -9999 -9999 -9999 -9999 -9999 114.131 114.229 114.315 114.398 114.478 114.557 114.635 114.713 114.789 114.859 114.94 115.068 115.214 115.445 115.625 115.498 115.081 114.686 114.311 113.951 113.6 113.255 112.913 112.571 112.226 111.832 111.401 110.884 110.35 109.814 109.27 108.707 108.003 107.163 106.234 105.325 104.453 103.612 102.737 101.707 100.572 99.433 98.291 97.147 96.04 95.132 -9999 -9999 93.407 92.923 -9999 -9999 91.448 90.94 90.421 -9999 -9999 -9999 -9999
-9999 -9999 -9999 -9999 -9999 -9999 -9999 -9999 -9999 -9999 -9999 -9999 -9999 -9999 113.908 114.026 114.131 114.226 114.314 114.398 114.479 114.558 114.636 114.71 114.779 114.842 114.901 115.003 115.112 115.224 115.137 114.705 114.297 113.913 113.546 113.19 112.84 112.493 112.146 111.796 111.44 111.035 110.594 110.074 109.524 108.968 108.404 107.775 107.028 106.103 105.174 104.29 103.417 102.514 101.481 100.325 99.161 97.99 -9999 -9999 -9999 94.651 -9999 -9999 -9999 -9999 -9999 -9999 91.164 -9999 -9999 -9999 -9999 -9999
