Validation/Results/raw data/ReClimate_10_2023_1_Temperature-Actuals.asc
NCOLS 192
NROWS 249
XLLCENTER -225160.85627316462
YLLCENTER 29788.11610251502
CELLSIZE 5000.0
NODATA_VALUE -9999
[rows 102 to 135 of 249, columns 77 to 153 of 192]
5.416 5.333 7.17 7.993 -9999 -9999 7.11 -9999 -9999 6.856 4.794 4.556 5.884 5.082 3.264 4.694 3.795 3.773 4.013 4.51 5.863 5.037 4.31 3.591 4.077 4.916 4.34 4.559 5.553 6.243 6.607 6.527 6.131 5.58 6.448 6.692 6.746 6.927 6.986 7.192 -9999 -9999 -9999 -9999 -9999 -9999 -9999 -9999 -9999 -9999 -9999 -9999 -9999 -9999 -9999 -9999 -9999 -9999 -9999 -9999 -9999 -9999 -9999 -9999 -9999 -9999 -9999 -9999 -9999 -9999 -9999 -9999 -9999 -9999 -9999 -9999 -9999
5.743 6.892 -9999 -9999 -9999 7.685 6.57 6.789 6.302 6.15 5.383 6.88 6.414 4.951 4.85 5.162 5.198 5.169 5.127 5.156 4.33 5.075 4.419 4.622 4.433 4.149 4.697 5.331 6.016 6.483 6.601 6.419 5.925 6.55 7.056 -9999 -9999 7.267 -9999 -9999 -9999 -9999 -9999 -9999 -9999 -9999 -9999 -9999 -9999 -9999 -9999 -9999 -9999 -9999 -9999 -9999 -9999 -9999 -9999 -9999 -9999 -9999 -9999 -9999 -9999 -9999 -9999 -9999 -9999 -9999 -9999 -9999 -9999 -9999 -9999 -9999 -9999
-9999 7.242 -9999 -9999 -9999 7.389 6.388 6.06 5.966 6.302 6.82 6.172 5.101 4.851 5.271 5.575 5.187 4.808 5.333 4.925 5.966 5.223 4.981 5.625 6.008 6.218 6.073 6.386 6.582 6.563 6.679 6.712 6.693 7.094 -9999 7.01 7.109 7.115 7.203 -9999 -9999 -9999 -9999 -9999 -9999 -9999 -9999 -9999 -9999 -9999 -9999 -9999 -9999 -9999 -9999 -9999 -9999 -9999 -9999 -9999 -9999 -9999 -9999 -9999 -9999 -9999 -9999 -9999 -9999 -9999 -9999 -9999 -9999 -9999 -9999 -9999 -9999
-9999 -9999 -9999 7.859 7.411 6.537 6.27 5.783 6.102 5.852 5.182 4.812 4.734 5.62 5.536 6.026 4.826 5.767 4.571 5.812 4.798 4.09 5.671 6.243 6.088 6.358 6.731 6.684 6.831 6.883 6.986 7.032 -9999 7.036 6.967 7.039 6.97 7.148 7.176 -9999 -9999 -9999 -9999 -9999 -9999 -9999 -9999 -9999 -9999 -9999 -9999 -9999 -9999 -9999 -9999 -9999 -9999 -9999 -9999 -9999 -9999 -9999 -9999 -9999 -9999 -9999 -9999 -9999 -9999 -9999 -9999 -9999 -9999 -9999 -9999 -9999 -9999
-9999 -9999 -9999 7.715 7.793 7.132 6.064 6.065 6.33 5.378 6.15 6.045 5.65 5.023 6.34 6.405 5.522 4.769 5.351 5.295 4.275 5.154 5.084 4.84 5.732 6.203 6.291 6.496 6.486 6.283 6.27 6.178 6.399 6.873 7.058 6.809 6.616 6.854 6.954 7.367 -9999 -9999 -9999 -9999 -9999 -9999 -9999 -9999 -9999 -9999 -9999 -9999 -9999 -9999 -9999 -9999 -9999 -9999 -9999 -9999 -9999 -9999 -9999 -9999 -9999 -9999 -9999 -9999 -9999 -9999 -9999 -9999 -9999 -9999 -9999 -9999 -9999
-9999 -9999 7.881 -9999 -9999 6.991 6.183 6.665 5.834 6.22 -9999 -9999 5.328 5.295 6.131 6.551 5.589 5.614 5.769 5.422 5.635 6.175 5.622 5.876 6.187 6.427 6.041 5.523 5.075 5.305 5.508 5.968 6.36 6.512 6.882 6.463 6.594 6.606 6.955 7.381 7.666 -9999 -9999 -9999 -9999 -9999 -9999 -9999 -9999 -9999 -9999 -9999 -9999 -9999 -9999 -9999 -9999 -9999 -9999 -9999 -9999 -9999 -9999 -9999 -9999 -9999 -9999 -9999 -9999 -9999 -9999 -9999 -9999 -9999 -9999 -9999 -9999
-9999 -9999 7.935 -9999 7.629 6.983 6.926 5.95 6.03 7.098 7.138 5.72 5.204 6.061 7.709 6.074 4.925 6.498 6.378 5.952 6.383 6.546 6.598 6.745 6.615 5.66 4.767 4.758 5.232 5.595 6.075 6.285 6.265 6.528 6.683 6.854 7.252 7.594 7.794 7.992 -9999 -9999 -9999 -9999 -9999 -9999 -9999 -9999 -9999 -9999 -9999 -9999 -9999 -9999 -9999 -9999 -9999 -9999 -9999 -9999 -9999 -9999 -9999 -9999 -9999 -9999 -9999 -9999 -9999 -9999 -9999 -9999 -9999 -9999 -9999 -9999 -9999
-9999 -9999 7.99 -9999 7.597 7.55 6.858 6.669 7.166 -9999 5.812 6.099 -9999 6.259 6.341 6.066 6.812 5.735 6.594 6.843 7.133 7.175 7.265 7.248 6.823 5.995 6.384 6.582 6.521 6.294 6.149 6.377 6.445 6.833 7.12 7.498 -9999 -9999 -9999 -9999 -9999 -9999 -9999 -9999 -9999 -9999 -9999 -9999 -9999 -9999 -9999 -9999 -9999 -9999 -9999 -9999 -9999 -9999 -9999 -9999 -9999 -9999 -9999 -9999 -9999 -9999 -9999 -9999 -9999 -9999 -9999 -9999 -9999 -9999 -9999 -9999 -9999
8.024 7.952 -9999 -9999 7.934 7.483 7.063 7.389 7.286 5.694 5.986 5.241 -9999 6.944 6.23 6.728 6.815 6.684 6.675 6.994 6.87 6.689 6.519 6.625 7.028 7.441 7.36 7.176 6.802 6.407 6.327 6.515 6.707 6.959 7.452 -9999 -9999 -9999 -9999 -9999 -9999 -9999 -9999 -9999 -9999 -9999 -9999 -9999 -9999 -9999 -9999 -9999 -9999 -9999 -9999 -9999 -9999 -9999 -9999 -9999 -9999 -9999 -9999 -9999 -9999 -9999 -9999 -9999 -9999 -9999 -9999 -9999 -9999 -9999 -9999 -9999 -9999
8.142 8.102 -9999 8.152 6.933 6.898 7.579 -9999 6.185 6.324 5.353 5.502 -9999 6.709 5.953 6.855 7.606 7.39 7.388 7.06 6.708 6.32 5.747 6.115 6.956 7.337 -9999 7.456 7.155 6.957 6.908 6.89 6.803 7.227 -9999 -9999 -9999 -9999 -9999 -9999 -9999 -9999 -9999 -9999 -9999 -9999 -9999 -9999 -9999 -9999 -9999 -9999 -9999 -9999 -9999 -9999 -9999 -9999 -9999 -9999 -9999 -9999 -9999 -9999 -9999 -9999 -9999 -9999 -9999 -9999 -9999 -9999 -9999 -9999 -9999 -9999 -9999
8.393 -9999 -9999 7.69 6.54 7.355 -9999 7.039 6.613 6.261 5.773 6.43 -9999 7.46 7.193 7.448 7.623 7.418 7.148 6.794 5.386 5.221 5.375 5.889 6.783 7.447 7.642 7.722 -9999 -9999 7.428 7.354 -9999 -9999 -9999 -9999 -9999 -9999 7.948 8.034 8.171 -9999 -9999 -9999 -9999 -9999 -9999 -9999 -9999 -9999 -9999 -9999 -9999 -9999 -9999 -9999 -9999 -9999 -9999 -9999 -9999 -9999 -9999 -9999 -9999 -9999 -9999 -9999 -9999 -9999 -9999 -9999 -9999 -9999 -9999 -9999 -9999
-9999 -9999 7.618 7.146 7.703 7.272 -9999 7.22 6.511 6.87 6.963 6.282 -9999 -9999 -9999 7.768 7.293 6.656 6.528 6.333 6.299 6.5 6.406 6.579 6.718 6.943 7.206 7.552 7.618 7.386 7.257 7.52 -9999 -9999 -9999 -9999 -9999 7.709 7.831 7.697 7.939 8.079 -9999 -9999 -9999 -9999 -9999 -9999 -9999 -9999 -9999 -9999 -9999 -9999 -9999 -9999 -9999 -9999 -9999 -9999 -9999 -9999 -9999 -9999 -9999 -9999 -9999 -9999 -9999 -9999 -9999 -9999 -9999 -9999 -9999 -9999 -9999
-9999 -9999 -9999 8.195 7.045 7.501 -9999 7.259 -9999 7.397 6.61 7.518 -9999 7.951 7.302 7.07 -9999 6.986 7.197 7.118 7.198 7.007 6.907 6.641 6.501 6.534 6.783 6.982 6.683 6.684 7.121 7.361 7.51 7.6 7.809 -9999 7.755 7.592 7.435 7.487 7.256 7.076 7.156 8.077 -9999 -9999 -9999 -9999 -9999 -9999 -9999 -9999 -9999 -9999 -9999 -9999 -9999 -9999 -9999 -9999 -9999 -9999 -9999 -9999 -9999 -9999 -9999 -9999 -9999 -9999 -9999 -9999 -9999 -9999 -9999 -9999 -9999
-9999 -9999 -9999 7.433 6.656 7.668 -9999 8.166 -9999 7.701 7.976 -9999 7.859 6.951 6.435 6.956 7.308 7.421 7.357 7.548 7.541 7.082 6.97 6.655 6.338 6.342 6.425 6.489 6.526 6.649 6.821 6.812 6.866 7.018 7.475 7.575 7.259 7.188 7.087 6.986 6.512 6.269 6.199 6.682 7.556 7.837 7.643 -9999 -9999 -9999 -9999 -9999 -9999 -9999 -9999 -9999 -9999 -9999 -9999 -9999 -9999 -9999 -9999 -9999 -9999 -9999 -9999 -9999 -9999 -9999 -9999 -9999 -9999 -9999 -9999 -9999 -9999
-9999 -9999 -9999 7.44 7.676 7.509 7.58 -9999 -9999 8.539 8.399 -9999 7.904 6.415 6.012 6.726 7.057 7.422 7.575 7.609 7.465 7.583 7.252 6.852 6.551 6.145 6.129 6.238 6.373 6.316 6.062 5.871 5.852 6.614 7.228 7.13 6.88 6.709 6.387 5.572 5.481 5.846 5.927 6.35 6.461 7.13 7.629 7.543 -9999 -9999 -9999 -9999 -9999 -9999 -9999 -9999 -9999 -9999 -9999 -9999 -9999 -9999 -9999 -9999 -9999 -9999 -9999 -9999 -9999 -9999 -9999 -9999 -9999 -9999 -9999 -9999 -9999
-9999 -9999 -9999 7.955 7.728 7.247 8.349 -9999 -9999 8.766 8.835 -9999 -9999 6.48 6.38 6.943 6.901 6.855 7.073 7.162 7.319 7.074 7.272 7.201 6.743 6.392 6.023 5.91 5.733 5.722 5.367 5.356 5.932 6.363 6.524 6.472 6.257 5.939 5.43 5.343 5.378 5.755 6.056 6.373 6.844 6.99 6.993 7.369 -9999 -9999 -9999 -9999 -9999 -9999 -9999 -9999 -9999 -9999 -9999 -9999 -9999 -9999 -9999 -9999 -9999 -9999 -9999 -9999 -9999 -9999 -9999 -9999 -9999 -9999 -9999 -9999 -9999
-9999 -9999 -9999 8.21 7.506 7.745 -9999 -9999 -9999 -9999 9.04 -9999 8.11 6.859 7.149 7.21 6.721 6.53 6.445 6.747 6.793 6.861 6.878 6.957 6.925 6.268 5.836 5.761 5.772 5.501 5.358 5.736 5.965 5.944 5.893 5.453 5.529 5.66 5.727 5.69 5.738 5.98 6.211 6.576 6.971 6.98 7.038 7.346 7.469 -9999 -9999 -9999 -9999 -9999 -9999 -9999 -9999 -9999 -9999 -9999 -9999 -9999 -9999 -9999 -9999 -9999 -9999 -9999 -9999 -9999 -9999 -9999 -9999 -9999 -9999 -9999 -9999
-9999 7.859 7.76 7.514 7.734 -9999 -9999 7.435 -9999 -9999 -9999 -9999 8.341 7.68 7.612 7.304 6.977 6.569 6.309 6.231 6.124 6.138 6.399 6.594 6.647 6.522 5.915 5.883 5.771 5.808 6.091 6.052 5.665 5.698 4.914 4.629 5.117 5.478 5.669 6.005 6.164 6.321 6.343 6.688 7.074 7.182 7.171 7.225 7.312 -9999 -9999 -9999 -9999 -9999 -9999 -9999 -9999 -9999 -9999 -9999 -9999 -9999 -9999 -9999 -9999 -9999 -9999 -9999 -9999 -9999 -9999 -9999 -9999 -9999 -9999 -9999 -9999
-9999 -9999 7.375 7.395 7.963 -9999 7.371 6.697 7.414 -9999 -9999 -9999 -9999 8.446 8.056 7.775 7.397 7.013 6.638 6.165 6.005 6.139 6.344 6.409 6.52 6.143 6.188 6.058 5.937 5.878 5.96 5.604 6.109 5.634 5.472 5.334 4.979 5.235 5.901 6.19 6.508 6.596 6.644 6.908 7.226 7.242 7.166 6.963 6.972 7.313 -9999 -9999 -9999 -9999 -9999 -9999 -9999 -9999 -9999 -9999 -9999 -9999 -9999 -9999 -9999 -9999 -9999 -9999 -9999 -9999 -9999 -9999 -9999 -9999 -9999 -9999 -9999
-9999 -9999 7.781 7.513 7.759 -9999 7.743 6.744 7.612 -9999 -9999 -9999 -9999 -9999 8.381 8.084 7.78 7.579 7.184 6.805 6.5 6.103 5.749 5.876 6.111 6.318 6.415 6.158 5.977 6.056 5.882 5.93 6.158 5.913 5.802 5.82 6.189 6.303 6.523 6.543 6.744 6.645 6.824 7.169 7.264 7.289 7.164 6.981 6.683 6.979 7.457 -9999 -9999 -9999 -9999 -9999 -9999 -9999 -9999 -9999 -9999 -9999 -9999 -9999 -9999 -9999 -9999 -9999 -9999 -9999 -9999 -9999 -9999 -9999 -9999 -9999 -9999
-9999 -9999 7.71 7.363 -9999 -9999 8.201 7.276 7.121 8.094 -9999 -9999 -9999 -9999 -9999 8.231 7.72 7.337 7.152 6.539 5.974 5.679 5.386 5.469 5.77 6.153 5.975 6.094 6.018 5.784 5.706 5.972 4.827 5.501 5.346 5.964 5.621 6.144 6.675 6.536 6.701 6.937 7.069 6.957 6.792 6.804 6.968 6.857 7.117 6.76 7.2 7.617 8.173 -9999 -9999 -9999 -9999 -9999 -9999 -9999 -9999 -9999 -9999 -9999 -9999 -9999 -9999 -9999 -9999 -9999 -9999 -9999 -9999 -9999 -9999 -9999 -9999
-9999 -9999 7.556 8.291 -9999 -9999 7.832 6.821 7.001 -9999 -9999 -9999 -9999 -9999 -9999 8.273 7.693 7.288 6.994 6.491 6.228 6.115 5.828 5.723 5.629 5.675 5.72 5.778 5.146 4.716 5.491 4.669 4.258 4.593 5.551 5.453 5.943 6.595 6.325 6.456 6.723 6.732 6.79 6.851 6.734 6.746 6.377 6.344 7.011 6.964 6.803 7.337 7.881 -9999 -9999 -9999 -9999 -9999 -9999 -9999 -9999 -9999 -9999 -9999 -9999 -9999 -9999 -9999 -9999 -9999 -9999 -9999 -9999 -9999 -9999 -9999 -9999
-9999 -9999 8.067 8.94 -9999 -9999 -9999 7.988 7.744 7.982 -9999 -9999 -9999 -9999 -9999 8.261 7.695 7.317 7.073 6.755 6.577 6.014 5.359 5.109 5.454 5.375 5.772 5.667 5.223 5.142 5.522 4.294 4.74 5.302 5.089 5.468 6.258 6.06 6.359 6.367 6.52 6.804 6.691 6.536 6.554 6.247 5.283 5.684 6.314 6.958 6.836 6.977 7.561 -9999 -9999 -9999 -9999 -9999 -9999 -9999 -9999 -9999 -9999 -9999 -9999 -9999 -9999 -9999 -9999 -9999 -9999 -9999 -9999 -9999 -9999 -9999 -9999
-9999 7.718 8.065 8.888 -9999 -9999 -9999 -9999 -9999 -9999 -9999 -9999 -9999 -9999 -9999 7.888 7.352 7.129 6.92 6.69 6.473 5.801 5.418 5.325 5.496 5.571 5.331 5.427 4.856 5.021 4.499 4.209 4.74 5.318 5.118 5.489 5.662 6.095 6.134 6.447 6.436 6.371 6.546 6.3 6.184 5.312 5.191 5.176 6.253 7.003 7.076 7.013 7.361 8.363 -9999 -9999 -9999 -9999 -9999 -9999 -9999 -9999 -9999 -9999 -9999 -9999 -9999 -9999 -9999 -9999 -9999 -9999 -9999 -9999 -9999 -9999 -9999
7.777 7.788 7.846 9.005 -9999 -9999 -9999 -9999 -9999 -9999 -9999 -9999 -9999 8.137 7.983 7.6 7.043 6.574 6.286 6.391 6.349 6.18 5.964 6.221 5.769 5.025 5.122 5.183 5.209 5.507 5.112 4.394 5.508 5.367 5.38 5.515 5.858 6.159 6.462 6.025 6.101 6.32 6.264 6.043 5.45 5.297 5.29 5.463 6.163 7.06 7.198 7.043 7.346 8.042 -9999 -9999 -9999 -9999 -9999 -9999 -9999 -9999 -9999 -9999 -9999 -9999 -9999 -9999 -9999 -9999 -9999 -9999 -9999 -9999 -9999 -9999 -9999
7.791 8.246 8.987 -9999 -9999 -9999 -9999 -9999 -9999 -9999 -9999 -9999 -9999 8.007 7.915 7.439 6.774 6.41 6.412 5.844 5.489 5.52 5.469 5.717 5.764 5.824 5.667 5.303 5.573 5.903 5.654 5.496 4.921 5.318 5.178 5.7 5.992 6.48 6.131 5.985 6.072 6.046 5.726 5.229 4.995 5.357 5.699 6.061 6.577 6.611 6.62 6.889 7.28 7.877 -9999 -9999 -9999 -9999 -9999 -9999 -9999 -9999 -9999 -9999 -9999 -9999 -9999 -9999 -9999 -9999 -9999 -9999 -9999 -9999 -9999 -9999 -9999
-9999 -9999 -9999 -9999 -9999 -9999 -9999 -9999 -9999 -9999 -9999 -9999 -9999 7.853 7.597 6.837 6.783 6.615 6.321 5.475 5.336 4.802 5.12 5.434 5.79 5.931 5.634 4.624 5.064 6.091 6.314 5.388 5.205 5.389 5.473 5.437 6.028 5.648 5.493 5.716 5.398 5.17 4.892 5.53 5.604 5.647 5.799 6.061 6.789 6.952 6.813 6.952 7.49 7.964 -9999 -9999 -9999 -9999 -9999 -9999 -9999 -9999 -9999 -9999 -9999 -9999 -9999 -9999 -9999 -9999 -9999 -9999 -9999 -9999 -9999 -9999 -9999
-9999 -9999 -9999 -9999 -9999 -9999 -9999 -9999 -9999 -9999 -9999 -9999 7.804 7.29 6.525 6.649 6.398 6.568 6.381 6.105 5.178 5.164 5.069 5.387 5.681 6.459 6.05 5.53 5.689 6.207 6.537 6.128 5.82 5.667 5.52 5.559 5.187 5.754 5.941 5.702 5.429 4.563 5.288 5.192 5.527 5.944 5.915 6.096 6.132 6.796 7.124 7.316 7.643 8.046 -9999 -9999 -9999 -9999 -9999 -9999 -9999 -9999 -9999 -9999 -9999 -9999 -9999 -9999 -9999 -9999 -9999 -9999 -9999 -9999 -9999 -9999 -9999
-9999 -9999 -9999 -9999 -9999 -9999 -9999 -9999 -9999 -9999 -9999 -9999 7.445 6.841 6.436 5.784 6.088 6.531 6.376 5.623 6.074 5.639 5.497 5.804 6.237 7.018 6.827 6.303 6.056 6.217 6.889 6.542 6.293 6.153 6.042 5.383 6.125 5.649 5.944 5.911 4.761 5.681 5.33 5.477 5.909 5.948 6.29 6.214 5.999 6.456 6.967 7.252 7.644 8.105 -9999 -9999 -9999 -9999 -9999 -9999 -9999 -9999 -9999 -9999 -9999 -9999 -9999 -9999 -9999 -9999 -9999 -9999 -9999 -9999 -9999 -9999 -9999
-9999 -9999 -9999 -9999 -9999 -9999 -9999 -9999 -9999 -9999 -9999 7.759 7.014 6.867 6.006 6.206 5.985 5.307 5.702 6.139 6.326 5.921 6.087 6.244 6.339 6.695 6.751 6.48 6.507 7.19 7.174 6.789 6.314 6.22 5.58 6.312 6.024 5.648 6.251 5.383 5.274 5.839 6.061 6.269 5.962 6.023 6.164 6.05 6.37 6.684 7.054 7.337 7.641 8.036 8.427 -9999 -9999 -9999 -9999 -9999 -9999 -9999 -9999 -9999 -9999 -9999 -9999 -9999 -9999 -9999 -9999 -9999 -9999 -9999 -9999 -9999 -9999
-9999 -9999 -9999 -9999 -9999 -9999 -9999 -9999 -9999 -9999 7.901 7.429 7.013 6.884 6.688 6.479 5.915 5.993 5.923 5.668 6.59 6.525 6.476 6.301 6.352 6.617 6.897 7.238 7.411 7.179 7.354 6.991 6.563 6.241 6.393 6.57 6.251 6.216 6.41 5.558 5.347 5.66 5.825 5.967 6.074 6.36 6.368 6.21 6.62 6.826 7.027 7.261 7.623 7.983 8.439 -9999 -9999 -9999 -9999 -9999 -9999 -9999 -9999 -9999 -9999 -9999 -9999 -9999 -9999 -9999 -9999 -9999 -9999 -9999 -9999 -9999 -9999
-9999 -9999 -9999 -9999 -9999 -9999 -9999 -9999 -9999 -9999 7.784 6.455 6.86 6.899 6.888 6.964 6.42 5.442 5.646 6.59 6.754 6.884 6.769 6.628 6.5 6.385 7.34 7.663 7.565 7.578 7.201 7.142 6.698 6.719 6.65 6.796 6.532 6.554 6.204 6.026 5.756 5.716 5.903 5.956 6.425 6.734 6.625 6.58 6.609 6.771 7.075 7.42 7.545 7.809 8.264 -9999 -9999 -9999 -9999 -9999 -9999 -9999 -9999 -9999 -9999 -9999 -9999 -9999 -9999 -9999 -9999 -9999 -9999 -9999 -9999 -9999 -9999
-9999 -9999 -9999 -9999 -9999 -9999 -9999 -9999 -9999 8.215 6.907 6.843 6.783 6.837 7.071 7.184 6.472 6.061 6.405 6.503 6.841 6.958 7.047 6.747 6.463 7.056 7.273 7.559 8.039 7.63 7.516 7.263 7.194 7.011 7.02 7.09 6.981 6.574 6.738 6.392 5.832 6.062 6.065 6.183 6.294 6.701 6.821 7.098 6.854 6.873 7.127 7.476 7.694 7.747 8.045 8.677 -9999 -9999 -9999 -9999 -9999 -9999 -9999 -9999 -9999 -9999 -9999 -9999 -9999 -9999 -9999 -9999 -9999 -9999 -9999 -9999 -9999
-9999 -9999 -9999 -9999 -9999 -9999 -9999 -9999 8.443 -9999 7.525 6.969 6.861 6.906 7.24 7.553 7.217 7.143 6.686 6.259 6.715 7.088 7.195 7.159 7.168 7.27 7.35 7.681 7.907 7.743 7.876 7.719 7.513 7.351 7.428 7.519 7.428 7.238 7.001 6.686 6.684 6.468 6.411 6.4 6.666 6.994 7.472 7.014 6.736 7.002 7.249 7.49 7.699 7.85 8.006 8.441 -9999 -9999 -9999 -9999 -9999 -9999 -9999 -9999 -9999 -9999 -9999 -9999 -9999 -9999 -9999 -9999 -9999 -9999 -9999 -9999 -9999
