Validation/Results/raw data/ReClimate_03_2024_2_Temperature-Actualsweatherlogisticsltd.asc
NCOLS 192
NROWS 249
XLLCENTER -225160.85627316462
YLLCENTER 29788.11610251502
CELLSIZE 5000.0
NODATA_VALUE -9999
[rows 102 to 135 of 249, columns 77 to 153 of 192]
7.959 8.005 9.992 10.644 -9999 -9999 9.457 -9999 -9999 10.025 7.447 7.123 8.803 7.863 5.624 7.34 6.272 6.237 6.466 7.003 8.761 7.955 7.034 6.047 6.609 7.623 6.925 7.199 8.423 9.285 9.725 9.59 9.052 8.235 9.103 9.39 9.524 9.745 9.584 9.467 -9999 -9999 -9999 -9999 -9999 -9999 -9999 -9999 -9999 -9999 -9999 -9999 -9999 -9999 -9999 -9999 -9999 -9999 -9999 -9999 -9999 -9999 -9999 -9999 -9999 -9999 -9999 -9999 -9999 -9999 -9999 -9999 -9999 -9999 -9999 -9999 -9999
8.292 9.622 -9999 -9999 -9999 10.152 9.086 9.701 9.448 9.304 8.181 9.868 9.371 7.629 7.532 7.947 7.991 7.911 7.792 7.812 6.858 7.793 6.988 7.275 7.051 6.677 7.336 8.14 9.035 9.669 9.796 9.448 8.691 9.287 9.803 -9999 -9999 9.916 -9999 -9999 -9999 -9999 -9999 -9999 -9999 -9999 -9999 -9999 -9999 -9999 -9999 -9999 -9999 -9999 -9999 -9999 -9999 -9999 -9999 -9999 -9999 -9999 -9999 -9999 -9999 -9999 -9999 -9999 -9999 -9999 -9999 -9999 -9999 -9999 -9999 -9999 -9999
-9999 9.461 -9999 -9999 -9999 9.933 9.125 9.024 9.096 9.673 10.131 9.101 7.78 7.469 7.986 8.392 7.925 7.418 7.936 7.369 8.676 7.839 7.632 8.429 8.857 9.105 8.974 9.436 9.758 9.811 9.934 9.851 9.648 9.966 -9999 9.679 9.743 9.571 9.514 -9999 -9999 -9999 -9999 -9999 -9999 -9999 -9999 -9999 -9999 -9999 -9999 -9999 -9999 -9999 -9999 -9999 -9999 -9999 -9999 -9999 -9999 -9999 -9999 -9999 -9999 -9999 -9999 -9999 -9999 -9999 -9999 -9999 -9999 -9999 -9999 -9999 -9999
-9999 -9999 -9999 10.288 9.924 9.079 9.124 8.687 9.186 8.905 8.019 7.4 7.242 8.276 8.109 8.675 7.271 8.433 6.933 8.492 7.335 6.531 8.455 9.111 8.875 9.182 9.72 9.787 10.055 10.203 10.239 10.221 -9999 9.873 9.677 9.73 9.612 9.739 9.435 -9999 -9999 -9999 -9999 -9999 -9999 -9999 -9999 -9999 -9999 -9999 -9999 -9999 -9999 -9999 -9999 -9999 -9999 -9999 -9999 -9999 -9999 -9999 -9999 -9999 -9999 -9999 -9999 -9999 -9999 -9999 -9999 -9999 -9999 -9999 -9999 -9999 -9999
-9999 -9999 -9999 10.062 10.382 9.866 8.887 9.032 9.318 8.139 8.988 8.81 8.3 7.367 8.721 8.751 7.87 7.179 7.956 7.936 6.765 7.892 7.8 7.444 8.427 8.979 9.171 9.507 9.684 9.497 9.384 9.153 9.249 9.704 9.941 9.696 9.479 9.576 9.323 9.299 -9999 -9999 -9999 -9999 -9999 -9999 -9999 -9999 -9999 -9999 -9999 -9999 -9999 -9999 -9999 -9999 -9999 -9999 -9999 -9999 -9999 -9999 -9999 -9999 -9999 -9999 -9999 -9999 -9999 -9999 -9999 -9999 -9999 -9999 -9999 -9999 -9999
-9999 -9999 9.982 -9999 -9999 9.661 8.979 9.649 8.526 8.969 -9999 -9999 7.814 7.501 8.245 8.747 7.852 8.109 8.389 8.043 8.418 9.228 8.536 8.749 9.067 9.346 8.876 8.323 7.924 8.22 8.4 8.886 9.226 9.369 9.881 9.341 9.33 9.104 9.156 9.203 9.263 -9999 -9999 -9999 -9999 -9999 -9999 -9999 -9999 -9999 -9999 -9999 -9999 -9999 -9999 -9999 -9999 -9999 -9999 -9999 -9999 -9999 -9999 -9999 -9999 -9999 -9999 -9999 -9999 -9999 -9999 -9999 -9999 -9999 -9999 -9999 -9999
-9999 -9999 10.0 -9999 10.088 9.584 9.793 8.551 8.573 9.97 10.101 8.341 7.557 8.405 10.253 8.294 7.051 9.075 9.079 8.674 9.341 9.625 9.708 9.893 9.713 8.501 7.39 7.411 8.046 8.506 9.121 9.342 9.151 9.304 9.404 9.429 9.669 9.785 9.744 9.692 -9999 -9999 -9999 -9999 -9999 -9999 -9999 -9999 -9999 -9999 -9999 -9999 -9999 -9999 -9999 -9999 -9999 -9999 -9999 -9999 -9999 -9999 -9999 -9999 -9999 -9999 -9999 -9999 -9999 -9999 -9999 -9999 -9999 -9999 -9999 -9999 -9999
-9999 -9999 10.019 -9999 10.044 10.325 9.593 9.263 9.875 -9999 8.497 8.773 -9999 8.595 8.649 8.407 9.338 8.119 9.324 9.737 10.168 10.283 10.484 10.541 9.965 8.88 9.36 9.635 9.613 9.358 9.186 9.427 9.3 9.544 9.625 9.755 -9999 -9999 -9999 -9999 -9999 -9999 -9999 -9999 -9999 -9999 -9999 -9999 -9999 -9999 -9999 -9999 -9999 -9999 -9999 -9999 -9999 -9999 -9999 -9999 -9999 -9999 -9999 -9999 -9999 -9999 -9999 -9999 -9999 -9999 -9999 -9999 -9999 -9999 -9999 -9999 -9999
9.715 9.742 -9999 -9999 10.488 10.248 9.712 10.079 9.982 8.142 8.613 7.645 -9999 9.312 8.522 9.254 9.335 9.199 9.414 9.953 9.856 9.69 9.583 9.785 10.233 10.524 10.541 10.317 9.832 9.328 9.231 9.371 9.425 9.535 9.729 -9999 -9999 -9999 -9999 -9999 -9999 -9999 -9999 -9999 -9999 -9999 -9999 -9999 -9999 -9999 -9999 -9999 -9999 -9999 -9999 -9999 -9999 -9999 -9999 -9999 -9999 -9999 -9999 -9999 -9999 -9999 -9999 -9999 -9999 -9999 -9999 -9999 -9999 -9999 -9999 -9999 -9999
9.84 9.973 -9999 10.428 9.244 9.339 10.08 -9999 8.601 8.951 7.91 7.857 -9999 9.007 8.316 9.483 10.472 10.323 10.357 10.075 9.683 9.261 8.636 9.141 9.977 10.448 -9999 10.492 10.069 9.82 9.72 9.509 9.072 9.387 -9999 -9999 -9999 -9999 -9999 -9999 -9999 -9999 -9999 -9999 -9999 -9999 -9999 -9999 -9999 -9999 -9999 -9999 -9999 -9999 -9999 -9999 -9999 -9999 -9999 -9999 -9999 -9999 -9999 -9999 -9999 -9999 -9999 -9999 -9999 -9999 -9999 -9999 -9999 -9999 -9999 -9999 -9999
10.238 -9999 -9999 9.822 8.63 9.516 -9999 9.372 9.105 8.999 8.43 8.876 -9999 9.968 9.877 10.31 10.57 10.4 10.147 9.764 8.081 7.953 8.215 8.846 9.87 10.521 10.65 10.756 -9999 -9999 10.236 9.828 -9999 -9999 -9999 -9999 -9999 -9999 9.734 9.675 9.803 -9999 -9999 -9999 -9999 -9999 -9999 -9999 -9999 -9999 -9999 -9999 -9999 -9999 -9999 -9999 -9999 -9999 -9999 -9999 -9999 -9999 -9999 -9999 -9999 -9999 -9999 -9999 -9999 -9999 -9999 -9999 -9999 -9999 -9999 -9999 -9999
-9999 -9999 9.418 9.038 9.814 9.277 -9999 9.406 8.945 9.69 9.68 8.568 -9999 -9999 -9999 10.67 10.2 9.529 9.438 9.21 9.219 9.545 9.576 9.97 10.09 10.021 10.164 10.439 10.469 10.186 9.982 10.113 -9999 -9999 -9999 -9999 -9999 9.75 9.667 9.579 9.882 9.901 -9999 -9999 -9999 -9999 -9999 -9999 -9999 -9999 -9999 -9999 -9999 -9999 -9999 -9999 -9999 -9999 -9999 -9999 -9999 -9999 -9999 -9999 -9999 -9999 -9999 -9999 -9999 -9999 -9999 -9999 -9999 -9999 -9999 -9999 -9999
-9999 -9999 -9999 10.323 9.095 9.52 -9999 9.343 -9999 10.07 8.997 9.926 -9999 10.458 10.007 9.885 -9999 10.04 10.338 10.267 10.402 10.251 10.28 10.148 9.872 9.556 9.696 9.848 9.422 9.397 9.899 10.171 10.252 10.136 10.148 -9999 9.903 9.684 9.588 9.734 9.492 9.115 8.994 9.835 -9999 -9999 -9999 -9999 -9999 -9999 -9999 -9999 -9999 -9999 -9999 -9999 -9999 -9999 -9999 -9999 -9999 -9999 -9999 -9999 -9999 -9999 -9999 -9999 -9999 -9999 -9999 -9999 -9999 -9999 -9999 -9999 -9999
-9999 -9999 -9999 9.356 8.734 9.908 -9999 10.313 -9999 10.13 10.47 -9999 10.203 9.344 9.045 9.879 10.408 10.637 10.611 10.827 10.668 10.349 10.297 9.96 9.358 9.185 9.271 9.288 9.299 9.554 9.795 9.824 9.752 9.601 10.0 9.964 9.509 9.538 9.507 9.363 8.732 8.409 8.243 8.639 9.473 9.552 9.333 -9999 -9999 -9999 -9999 -9999 -9999 -9999 -9999 -9999 -9999 -9999 -9999 -9999 -9999 -9999 -9999 -9999 -9999 -9999 -9999 -9999 -9999 -9999 -9999 -9999 -9999 -9999 -9999 -9999 -9999
-9999 -9999 -9999 9.318 10.014 9.697 9.449 -9999 -9999 10.756 10.662 -9999 10.077 8.752 8.676 9.715 10.17 10.672 10.967 10.833 10.694 10.824 10.581 10.075 9.546 8.965 8.94 9.008 9.192 9.21 9.02 8.843 8.568 9.16 9.77 9.63 9.357 9.225 8.853 7.826 7.671 8.126 8.188 8.621 8.692 9.218 9.375 9.255 -9999 -9999 -9999 -9999 -9999 -9999 -9999 -9999 -9999 -9999 -9999 -9999 -9999 -9999 -9999 -9999 -9999 -9999 -9999 -9999 -9999 -9999 -9999 -9999 -9999 -9999 -9999 -9999 -9999
-9999 -9999 -9999 9.948 10.011 9.244 10.309 -9999 -9999 10.615 10.666 -9999 -9999 8.895 9.196 10.029 10.039 10.025 10.225 10.313 10.462 10.207 10.558 10.512 9.875 9.387 8.912 8.696 8.491 8.507 8.121 8.072 8.643 9.089 9.145 9.056 8.815 8.468 7.898 7.775 7.755 8.153 8.446 8.819 9.419 9.516 9.242 9.22 -9999 -9999 -9999 -9999 -9999 -9999 -9999 -9999 -9999 -9999 -9999 -9999 -9999 -9999 -9999 -9999 -9999 -9999 -9999 -9999 -9999 -9999 -9999 -9999 -9999 -9999 -9999 -9999 -9999
-9999 -9999 -9999 10.327 9.629 9.895 -9999 -9999 -9999 -9999 10.613 -9999 10.249 9.31 10.116 10.361 9.846 9.611 9.449 9.775 9.761 9.837 9.981 10.205 10.144 9.358 8.836 8.712 8.699 8.295 8.042 8.478 8.778 8.655 8.525 7.981 8.076 8.308 8.514 8.426 8.261 8.498 8.741 9.212 9.708 9.688 9.614 9.629 9.315 -9999 -9999 -9999 -9999 -9999 -9999 -9999 -9999 -9999 -9999 -9999 -9999 -9999 -9999 -9999 -9999 -9999 -9999 -9999 -9999 -9999 -9999 -9999 -9999 -9999 -9999 -9999 -9999
-9999 9.537 9.583 9.482 9.947 -9999 -9999 9.337 -9999 -9999 -9999 -9999 10.309 10.077 10.448 10.35 10.071 9.591 9.24 9.103 8.935 8.975 9.382 9.679 9.834 9.824 9.158 9.06 8.866 8.724 8.913 8.83 8.385 8.437 7.486 7.124 7.693 8.198 8.573 8.862 8.784 8.958 8.974 9.348 9.753 9.889 9.894 9.791 9.619 -9999 -9999 -9999 -9999 -9999 -9999 -9999 -9999 -9999 -9999 -9999 -9999 -9999 -9999 -9999 -9999 -9999 -9999 -9999 -9999 -9999 -9999 -9999 -9999 -9999 -9999 -9999 -9999
-9999 -9999 9.183 9.388 10.268 -9999 9.609 8.656 9.242 -9999 -9999 -9999 -9999 10.598 10.628 10.643 10.394 10.01 9.58 9.025 8.847 9.037 9.284 9.424 9.707 9.478 9.586 9.249 8.93 8.689 8.714 8.277 8.937 8.457 8.313 8.117 7.593 7.859 8.707 8.965 9.309 9.385 9.398 9.594 9.848 9.953 9.963 9.703 9.623 9.561 -9999 -9999 -9999 -9999 -9999 -9999 -9999 -9999 -9999 -9999 -9999 -9999 -9999 -9999 -9999 -9999 -9999 -9999 -9999 -9999 -9999 -9999 -9999 -9999 -9999 -9999 -9999
-9999 -9999 9.562 9.43 9.797 -9999 9.966 8.865 9.628 -9999 -9999 -9999 -9999 -9999 10.659 10.711 10.657 10.557 10.202 9.819 9.455 9.002 8.564 8.746 9.128 9.432 9.354 8.981 8.634 8.676 8.529 8.684 9.044 8.852 8.775 8.741 9.048 9.039 9.269 9.336 9.647 9.533 9.74 10.124 10.15 10.127 9.983 9.773 9.394 9.46 9.619 -9999 -9999 -9999 -9999 -9999 -9999 -9999 -9999 -9999 -9999 -9999 -9999 -9999 -9999 -9999 -9999 -9999 -9999 -9999 -9999 -9999 -9999 -9999 -9999 -9999 -9999
-9999 -9999 9.4 8.939 -9999 -9999 10.426 9.548 9.181 10.056 -9999 -9999 -9999 -9999 -9999 10.618 10.442 10.264 10.172 9.477 8.806 8.438 8.094 8.222 8.623 9.004 8.745 8.844 8.658 8.341 8.355 8.768 7.429 8.308 8.153 8.895 8.455 8.98 9.476 9.395 9.66 9.927 10.152 10.02 9.725 9.614 9.714 9.493 9.661 9.104 9.47 9.667 9.793 -9999 -9999 -9999 -9999 -9999 -9999 -9999 -9999 -9999 -9999 -9999 -9999 -9999 -9999 -9999 -9999 -9999 -9999 -9999 -9999 -9999 -9999 -9999 -9999
-9999 -9999 9.05 9.628 -9999 -9999 9.735 8.825 8.978 -9999 -9999 -9999 -9999 -9999 -9999 10.561 10.338 10.182 9.933 9.349 9.042 8.952 8.629 8.519 8.439 8.511 8.599 8.652 7.766 7.195 8.12 7.136 6.668 7.131 8.308 8.243 8.941 9.688 9.273 9.375 9.687 9.698 9.791 9.863 9.647 9.549 8.955 8.675 9.258 9.152 9.022 9.593 9.815 -9999 -9999 -9999 -9999 -9999 -9999 -9999 -9999 -9999 -9999 -9999 -9999 -9999 -9999 -9999 -9999 -9999 -9999 -9999 -9999 -9999 -9999 -9999 -9999
-9999 -9999 9.317 10.058 -9999 -9999 -9999 9.854 9.595 9.716 -9999 -9999 -9999 -9999 -9999 10.602 10.363 10.184 9.964 9.593 9.418 8.812 8.063 7.789 8.263 8.21 8.737 8.585 7.89 7.762 8.202 6.689 7.272 7.993 7.74 8.252 9.316 9.08 9.327 9.29 9.453 9.777 9.634 9.438 9.424 8.975 7.642 7.838 8.361 9.114 9.117 9.353 9.683 -9999 -9999 -9999 -9999 -9999 -9999 -9999 -9999 -9999 -9999 -9999 -9999 -9999 -9999 -9999 -9999 -9999 -9999 -9999 -9999 -9999 -9999 -9999 -9999
-9999 8.972 9.291 9.802 -9999 -9999 -9999 -9999 -9999 -9999 -9999 -9999 -9999 -9999 -9999 10.299 10.053 9.969 9.726 9.431 9.207 8.484 8.091 8.064 8.349 8.503 8.243 8.229 7.486 7.682 7.023 6.671 7.322 8.016 7.765 8.26 8.522 9.023 9.047 9.441 9.436 9.326 9.487 9.182 9.025 7.943 7.656 7.367 8.453 9.323 9.523 9.493 9.573 10.033 -9999 -9999 -9999 -9999 -9999 -9999 -9999 -9999 -9999 -9999 -9999 -9999 -9999 -9999 -9999 -9999 -9999 -9999 -9999 -9999 -9999 -9999 -9999
8.883 8.914 8.913 9.918 -9999 -9999 -9999 -9999 -9999 -9999 -9999 -9999 -9999 10.559 10.363 10.233 9.827 9.302 8.922 9.035 9.014 8.894 8.727 9.135 8.692 7.88 7.98 7.954 7.947 8.321 7.83 6.933 8.247 8.06 8.072 8.253 8.685 9.067 9.487 9.006 9.1 9.304 9.152 8.889 8.164 7.985 7.877 7.89 8.593 9.627 9.85 9.63 9.65 9.892 -9999 -9999 -9999 -9999 -9999 -9999 -9999 -9999 -9999 -9999 -9999 -9999 -9999 -9999 -9999 -9999 -9999 -9999 -9999 -9999 -9999 -9999 -9999
8.883 9.386 10.184 -9999 -9999 -9999 -9999 -9999 -9999 -9999 -9999 -9999 -9999 10.53 10.606 10.276 9.496 9.021 9.012 8.342 7.952 8.034 8.038 8.427 8.591 8.777 8.578 8.055 8.404 8.932 8.587 8.2 7.51 8.006 7.817 8.459 8.831 9.472 9.112 8.968 9.079 8.941 8.478 7.862 7.544 7.987 8.37 8.714 9.237 9.262 9.3 9.567 9.648 9.82 -9999 -9999 -9999 -9999 -9999 -9999 -9999 -9999 -9999 -9999 -9999 -9999 -9999 -9999 -9999 -9999 -9999 -9999 -9999 -9999 -9999 -9999 -9999
-9999 -9999 -9999 -9999 -9999 -9999 -9999 -9999 -9999 -9999 -9999 -9999 -9999 10.571 10.507 9.59 9.394 9.146 8.831 7.868 7.744 7.141 7.553 7.966 8.486 8.784 8.443 7.178 7.805 9.155 9.193 7.88 7.822 8.106 8.188 8.158 8.882 8.457 8.303 8.598 8.203 7.849 7.463 8.151 8.17 8.259 8.478 8.748 9.547 9.727 9.586 9.721 9.991 10.026 -9999 -9999 -9999 -9999 -9999 -9999 -9999 -9999 -9999 -9999 -9999 -9999 -9999 -9999 -9999 -9999 -9999 -9999 -9999 -9999 -9999 -9999 -9999
-9999 -9999 -9999 -9999 -9999 -9999 -9999 -9999 -9999 -9999 -9999 -9999 10.34 10.009 9.312 9.317 8.865 9.031 8.859 8.615 7.564 7.585 7.471 7.847 8.232 9.249 8.815 8.242 8.497 9.062 9.224 8.773 8.565 8.431 8.251 8.298 7.84 8.535 8.792 8.535 8.185 7.098 7.938 7.739 8.082 8.606 8.632 8.791 8.742 9.533 9.95 10.116 10.161 10.187 -9999 -9999 -9999 -9999 -9999 -9999 -9999 -9999 -9999 -9999 -9999 -9999 -9999 -9999 -9999 -9999 -9999 -9999 -9999 -9999 -9999 -9999 -9999
-9999 -9999 -9999 -9999 -9999 -9999 -9999 -9999 -9999 -9999 -9999 -9999 9.906 9.622 9.224 8.292 8.537 9.001 8.844 8.009 8.619 8.125 7.967 8.315 8.804 9.777 9.639 9.092 8.802 8.91 9.652 9.317 9.117 8.958 8.848 8.08 8.984 8.431 8.811 8.761 7.356 8.475 8.038 8.148 8.622 8.718 9.108 8.902 8.538 9.082 9.652 9.87 10.085 10.251 -9999 -9999 -9999 -9999 -9999 -9999 -9999 -9999 -9999 -9999 -9999 -9999 -9999 -9999 -9999 -9999 -9999 -9999 -9999 -9999 -9999 -9999 -9999
-9999 -9999 -9999 -9999 -9999 -9999 -9999 -9999 -9999 -9999 -9999 10.049 9.589 9.72 8.694 8.873 8.504 7.576 8.024 8.576 8.848 8.432 8.671 8.791 8.832 9.276 9.411 9.137 9.172 9.977 9.968 9.597 9.085 9.01 8.287 9.24 8.94 8.517 9.216 8.086 7.939 8.652 8.911 9.129 8.738 8.798 8.915 8.646 8.935 9.311 9.723 9.938 10.098 10.298 10.321 -9999 -9999 -9999 -9999 -9999 -9999 -9999 -9999 -9999 -9999 -9999 -9999 -9999 -9999 -9999 -9999 -9999 -9999 -9999 -9999 -9999 -9999
-9999 -9999 -9999 -9999 -9999 -9999 -9999 -9999 -9999 -9999 9.918 9.747 9.713 9.706 9.495 9.255 8.506 8.474 8.318 8.037 9.312 9.335 9.163 8.835 8.824 9.135 9.488 9.917 10.126 9.861 10.132 9.788 9.349 9.02 9.272 9.585 9.315 9.338 9.493 8.322 8.01 8.382 8.571 8.736 8.85 9.172 9.114 8.819 9.237 9.48 9.73 9.947 10.251 10.381 10.437 -9999 -9999 -9999 -9999 -9999 -9999 -9999 -9999 -9999 -9999 -9999 -9999 -9999 -9999 -9999 -9999 -9999 -9999 -9999 -9999 -9999 -9999
-9999 -9999 -9999 -9999 -9999 -9999 -9999 -9999 -9999 -9999 9.775 8.676 9.486 9.618 9.698 9.859 9.163 7.879 8.026 9.122 9.422 9.714 9.476 9.221 9.023 8.858 9.995 10.353 10.131 10.21 9.841 9.907 9.471 9.581 9.573 9.876 9.717 9.822 9.302 8.911 8.489 8.383 8.602 8.678 9.228 9.578 9.412 9.314 9.288 9.463 9.834 10.232 10.303 10.374 10.433 -9999 -9999 -9999 -9999 -9999 -9999 -9999 -9999 -9999 -9999 -9999 -9999 -9999 -9999 -9999 -9999 -9999 -9999 -9999 -9999 -9999 -9999
-9999 -9999 -9999 -9999 -9999 -9999 -9999 -9999 -9999 9.879 8.809 9.144 9.293 9.448 9.832 10.01 9.116 8.56 8.879 8.944 9.457 9.637 9.756 9.384 9.026 9.703 9.934 10.181 10.653 10.209 10.148 9.974 10.025 9.909 9.987 10.164 10.161 9.758 9.858 9.285 8.563 8.803 8.805 8.956 9.063 9.539 9.69 10.013 9.696 9.693 9.957 10.334 10.544 10.46 10.421 10.574 -9999 -9999 -9999 -9999 -9999 -9999 -9999 -9999 -9999 -9999 -9999 -9999 -9999 -9999 -9999 -9999 -9999 -9999 -9999 -9999 -9999
-9999 -9999 -9999 -9999 -9999 -9999 -9999 -9999 10.055 -9999 9.75 9.303 9.308 9.474 9.925 10.289 9.875 9.752 9.106 8.637 9.268 9.778 9.955 9.915 9.945 10.03 10.038 10.249 10.435 10.175 10.388 10.373 10.352 10.315 10.432 10.497 10.411 10.26 9.959 9.559 9.57 9.32 9.243 9.194 9.494 9.891 10.491 9.955 9.63 9.928 10.158 10.364 10.562 10.705 10.685 10.551 -9999 -9999 -9999 -9999 -9999 -9999 -9999 -9999 -9999 -9999 -9999 -9999 -9999 -9999 -9999 -9999 -9999 -9999 -9999 -9999 -9999
