Validation/Results/raw data/ReClimate_12_2023_2_Temperature.asc
NCOLS 192
NROWS 249
XLLCENTER -225160.85627316462
YLLCENTER 29788.11610251502
CELLSIZE 5000.0
NODATA_VALUE -9999
[rows 136 to 169 of 249, columns 75 to 149 of 192]
-0.264 -9999 -9999 -9999 -9999 -9999 -9999 -9999 -9999 -9999 -0.205 -9999 -0.181 -0.169 -0.167 -0.167 -0.17 -0.176 -0.157 -0.136 -0.127 -0.118 -0.113 -0.109 -0.103 -0.097 -0.073 -0.048 -0.041 -0.032 -9999 -9999 -9999 -9999 -9999 -9999 -0.069 -0.066 -0.071 -0.078 -0.069 -0.065 -0.07 -0.075 -0.105 -0.139 -0.134 -0.126 -0.136 -0.147 -0.15 -0.152 -0.146 -0.137 -0.151 -0.168 -0.171 -0.173 -0.193 -9999 -9999 -9999 -9999 -9999 -9999 -9999 -9999 -9999 -9999 -9999 -9999 -9999 -9999 -9999 -9999
-0.268 -0.26 -9999 -9999 -9999 -9999 -9999 -9999 -9999 -9999 -0.208 -0.203 -0.192 -0.181 -0.178 -0.173 -0.175 -0.175 -0.16 -0.152 -0.139 -0.119 -0.112 -0.104 -0.098 -0.095 -0.075 -0.063 -0.055 -0.043 -9999 -9999 -9999 -9999 -0.071 -0.082 -0.08 -0.074 -0.074 -0.064 -0.067 -0.088 -0.094 -0.094 -0.115 -0.125 -0.127 -0.139 -0.142 -0.131 -0.142 -0.148 -0.151 -0.147 -0.142 -0.147 -0.153 -0.162 -0.192 -9999 -9999 -9999 -9999 -9999 -9999 -9999 -9999 -9999 -9999 -9999 -9999 -9999 -9999 -9999 -9999
-0.259 -0.251 -0.257 -9999 -9999 -9999 -9999 -9999 -9999 -9999 -0.217 -0.207 -0.197 -9999 -9999 -0.176 -0.174 -0.173 -0.166 -9999 -0.137 -0.118 -0.109 -0.101 -0.096 -0.092 -0.079 -0.068 -9999 -9999 -9999 -9999 -9999 -0.074 -0.079 -0.086 -0.082 -0.076 -0.068 -0.059 -0.077 -0.099 -0.102 -0.102 -0.111 -0.12 -0.132 -0.144 -0.136 -0.124 -0.135 -0.147 -0.149 -0.151 -0.146 -0.14 -0.145 -0.151 -0.175 -9999 -9999 -9999 -9999 -9999 -9999 -9999 -9999 -9999 -9999 -9999 -9999 -9999 -9999 -9999 -9999
-0.244 -0.259 -0.259 -9999 -9999 -9999 -9999 -9999 -9999 -9999 -9999 -0.209 -0.199 -9999 -9999 -9999 -0.166 -0.159 -0.152 -0.146 -9999 -9999 -0.115 -0.106 -0.1 -0.094 -0.084 -9999 -9999 -9999 -9999 -9999 -0.048 -0.055 -0.06 -0.067 -0.067 -0.079 -0.07 -0.061 -0.079 -0.097 -0.1 -0.103 -0.113 -0.125 -0.135 -0.142 -0.14 -0.144 -0.139 -0.141 -0.126 -0.116 -0.145 -0.158 -0.151 -0.15 -0.163 -9999 -9999 -9999 -9999 -9999 -9999 -9999 -9999 -9999 -9999 -9999 -9999 -9999 -9999 -9999 -9999
-0.243 -0.255 -9999 -9999 -9999 -9999 -9999 -9999 -9999 -9999 -9999 -9999 -0.2 -9999 -9999 -9999 -9999 -0.154 -0.147 -0.141 -9999 -9999 -9999 -0.109 -0.1 -9999 -9999 -9999 -9999 -9999 -9999 -9999 -0.053 -0.047 -0.052 -0.058 -0.067 -0.079 -0.069 -0.063 -0.08 -0.097 -0.101 -0.104 -0.115 -0.127 -0.134 -0.141 -0.147 -0.152 -0.147 -0.138 -0.125 -0.106 -0.131 -0.163 -0.158 -0.15 -0.163 -9999 -9999 -9999 -9999 -9999 -9999 -9999 -9999 -9999 -9999 -9999 -9999 -9999 -9999 -9999 -9999
-0.237 -9999 -9999 -9999 -9999 -9999 -9999 -9999 -9999 -9999 -9999 -9999 -0.201 -9999 -9999 -9999 -9999 -9999 -0.154 -0.15 -9999 -9999 -9999 -9999 -9999 -9999 -9999 -9999 -9999 -9999 -9999 -9999 -0.054 -0.04 -0.047 -0.061 -0.068 -0.071 -0.062 -0.054 -0.062 -0.058 -0.074 -0.117 -0.124 -0.122 -0.133 -0.151 -0.152 -0.142 -0.138 -0.13 -0.142 -0.14 -0.136 -0.15 -0.149 -0.143 -0.158 -0.176 -9999 -9999 -9999 -9999 -9999 -9999 -9999 -9999 -9999 -9999 -9999 -9999 -9999 -9999 -9999
-9999 -0.225 -0.238 -0.253 -0.257 -9999 -9999 -9999 -9999 -9999 -9999 -9999 -0.202 -9999 -9999 -9999 -9999 -9999 -9999 -9999 -9999 -9999 -9999 -9999 -9999 -9999 -9999 -9999 -9999 -9999 -9999 -0.062 -0.051 -0.037 -0.048 -0.061 -0.064 -0.068 -0.058 -0.051 -0.05 -0.045 -0.08 -0.122 -0.122 -0.121 -0.137 -0.155 -0.148 -0.138 -0.134 -0.127 -0.138 -0.151 -0.149 -0.146 -0.144 -0.141 -0.155 -0.171 -0.187 -9999 -9999 -9999 -9999 -9999 -9999 -9999 -9999 -9999 -9999 -9999 -9999 -9999 -9999
-0.217 -0.222 -0.237 -0.255 -0.258 -9999 -9999 -9999 -9999 -9999 -9999 -9999 -9999 -9999 -9999 -9999 -9999 -9999 -9999 -9999 -9999 -9999 -9999 -9999 -9999 -9999 -9999 -9999 -9999 -9999 -0.064 -0.061 -0.05 -0.041 -0.053 -0.067 -0.066 -0.057 -0.052 -0.061 -0.059 -0.05 -0.076 -0.09 -0.098 -0.124 -0.134 -0.137 -0.13 -0.123 -0.12 -0.119 -0.124 -0.133 -0.136 -0.135 -0.14 -0.14 -0.15 -0.163 -0.177 -9999 -9999 -9999 -9999 -9999 -9999 -9999 -9999 -9999 -9999 -9999 -9999 -9999 -9999
-0.213 -0.217 -0.233 -9999 -0.252 -0.26 -9999 -9999 -9999 -9999 -9999 -9999 -9999 -9999 -9999 -9999 -9999 -9999 -9999 -9999 -9999 -9999 -9999 -9999 -9999 -9999 -9999 -9999 -9999 -9999 -0.063 -0.059 -0.051 -0.043 -0.054 -0.068 -0.061 -0.052 -0.056 -0.065 -0.062 -0.054 -0.066 -0.078 -0.1 -0.124 -0.127 -0.128 -0.123 -0.116 -0.116 -0.115 -0.12 -0.126 -0.129 -0.131 -0.136 -0.14 -0.149 -0.16 -0.173 -0.186 -0.201 -9999 -9999 -9999 -9999 -9999 -9999 -9999 -9999 -9999 -9999 -9999 -9999
-0.221 -0.224 -0.239 -9999 -9999 -0.259 -9999 -9999 -9999 -9999 -9999 -9999 -9999 -9999 -9999 -9999 -9999 -9999 -9999 -9999 -9999 -9999 -9999 -9999 -9999 -9999 -9999 -9999 -9999 -9999 -0.066 -0.061 -0.055 -0.051 -0.063 -0.078 -0.072 -0.066 -0.071 -0.083 -0.086 -0.093 -0.101 -0.094 -0.108 -0.111 -0.114 -0.12 -0.119 -0.126 -0.123 -0.12 -0.107 -0.102 -0.114 -0.121 -0.129 -0.135 -0.147 -0.159 -0.172 -0.185 -0.186 -0.201 -0.213 -0.218 -9999 -9999 -9999 -9999 -9999 -9999 -9999 -9999 -9999
-0.22 -0.223 -0.237 -0.253 -9999 -0.254 -9999 -9999 -9999 -9999 -9999 -9999 -9999 -9999 -9999 -9999 -9999 -9999 -9999 -9999 -9999 -9999 -9999 -9999 -9999 -9999 -9999 -9999 -9999 -0.088 -0.07 -0.062 -0.059 -0.056 -0.068 -0.082 -0.077 -0.071 -0.077 -0.09 -0.1 -0.108 -0.105 -0.099 -0.102 -0.104 -0.11 -0.115 -0.122 -0.129 -0.126 -0.121 -0.11 -0.094 -0.104 -0.117 -0.125 -0.133 -0.144 -0.157 -0.169 -0.183 -0.184 -0.184 -0.199 -0.21 -0.222 -0.219 -9999 -9999 -9999 -9999 -9999 -9999 -9999
-0.209 -0.221 -0.23 -9999 -0.234 -9999 -9999 -9999 -9999 -9999 -9999 -9999 -9999 -9999 -9999 -9999 -9999 -9999 -9999 -9999 -9999 -9999 -9999 -9999 -9999 -9999 -9999 -9999 -9999 -9999 -0.085 -0.077 -0.074 -0.068 -0.077 -0.084 -0.08 -0.079 -0.08 -0.077 -0.081 -0.077 -0.078 -0.089 -0.093 -0.102 -0.106 -0.107 -0.112 -0.115 -0.121 -0.121 -0.123 -0.116 -0.111 -0.116 -0.124 -0.133 -0.142 -0.153 -0.172 -0.19 -0.187 -0.184 -0.199 -0.214 -0.218 -0.223 -0.222 -9999 -9999 -9999 -9999 -9999 -9999
-0.205 -0.217 -0.219 -0.22 -0.223 -9999 -9999 -9999 -9999 -9999 -9999 -9999 -9999 -9999 -9999 -9999 -9999 -9999 -9999 -9999 -9999 -9999 -9999 -9999 -9999 -9999 -9999 -9999 -9999 -9999 -9999 -0.086 -0.08 -0.074 -0.078 -0.084 -0.083 -0.082 -0.075 -0.07 -0.069 -0.064 -0.074 -0.084 -0.091 -0.1 -0.101 -0.103 -0.106 -0.109 -0.115 -0.12 -0.122 -0.123 -0.119 -0.114 -0.123 -0.132 -0.14 -0.15 -0.168 -0.189 -0.186 -0.181 -0.196 -0.212 -0.216 -0.217 -0.222 -0.227 -9999 -9999 -9999 -9999 -9999
-0.199 -0.224 -0.227 -0.229 -9999 -9999 -9999 -9999 -9999 -9999 -9999 -9999 -9999 -9999 -9999 -9999 -9999 -9999 -9999 -9999 -9999 -9999 -9999 -9999 -9999 -9999 -9999 -9999 -9999 -9999 -9999 -0.087 -0.077 -0.075 -0.075 -0.073 -0.076 -0.087 -0.079 -0.071 -0.072 -0.073 -0.077 -0.07 -0.081 -0.102 -0.103 -0.101 -0.102 -0.098 -0.105 -0.116 -0.12 -0.122 -0.121 -0.117 -0.118 -0.123 -0.148 -0.168 -0.166 -0.175 -0.172 -0.167 -0.183 -0.2 -0.2 -0.199 -0.194 -0.211 -0.23 -9999 -9999 -9999 -9999
-0.199 -0.224 -0.227 -0.229 -9999 -9999 -9999 -9999 -9999 -9999 -9999 -9999 -9999 -9999 -9999 -9999 -9999 -9999 -9999 -9999 -9999 -9999 -9999 -9999 -9999 -9999 -9999 -9999 -9999 -9999 -9999 -9999 -0.083 -0.079 -0.074 -0.07 -0.078 -0.087 -0.077 -0.07 -0.073 -0.075 -0.071 -0.063 -0.081 -0.102 -0.101 -0.099 -0.097 -0.093 -0.102 -0.113 -0.117 -0.12 -0.119 -0.117 -0.118 -0.118 -0.141 -0.171 -0.17 -0.167 -0.164 -0.158 -0.173 -0.191 -0.19 -0.187 -0.183 -0.175 -0.214 -9999 -9999 -9999 -9999
-9999 -9999 -9999 -9999 -9999 -9999 -9999 -9999 -9999 -9999 -9999 -9999 -9999 -9999 -9999 -9999 -9999 -9999 -9999 -9999 -9999 -9999 -9999 -9999 -9999 -9999 -9999 -9999 -9999 -9999 -9999 -9999 -0.091 -0.088 -0.084 -0.082 -0.082 -0.075 -0.063 -0.055 -0.061 -0.07 -0.067 -0.064 -0.078 -0.089 -0.089 -0.09 -0.09 -0.095 -0.097 -0.104 -0.114 -0.122 -0.119 -0.115 -0.113 -0.111 -0.113 -0.127 -0.146 -0.155 -0.151 -0.145 -0.156 -0.169 -0.177 -0.178 -0.184 -0.183 -0.197 -0.225 -9999 -9999 -9999
-9999 -9999 -9999 -9999 -9999 -9999 -9999 -9999 -9999 -9999 -9999 -9999 -9999 -9999 -9999 -9999 -9999 -9999 -9999 -9999 -9999 -9999 -9999 -9999 -9999 -9999 -9999 -9999 -9999 -9999 -9999 -9999 -9999 -0.094 -0.091 -0.087 -0.078 -0.07 -0.057 -0.047 -0.057 -0.067 -0.066 -0.063 -0.072 -0.082 -0.084 -0.085 -0.089 -0.094 -0.097 -0.099 -0.109 -0.12 -0.117 -0.112 -0.11 -0.107 -0.108 -0.11 -0.127 -0.147 -0.144 -0.138 -0.147 -0.158 -0.164 -0.171 -0.177 -0.182 -0.196 -0.213 -9999 -9999 -9999
-9999 -9999 -9999 -9999 -9999 -9999 -9999 -9999 -9999 -9999 -9999 -9999 -9999 -9999 -9999 -9999 -9999 -9999 -9999 -9999 -9999 -9999 -9999 -9999 -9999 -9999 -9999 -9999 -9999 -9999 -9999 -9999 -9999 -0.094 -9999 -0.08 -0.07 -0.061 -0.047 -9999 -0.049 -0.062 -0.062 -0.061 -0.07 -0.078 -0.078 -0.072 -0.076 -0.081 -0.096 -0.106 -0.108 -0.115 -0.113 -0.108 -0.111 -0.11 -0.104 -0.1 -0.121 -0.144 -0.144 -0.14 -0.142 -0.149 -0.159 -0.169 -0.181 -0.191 -0.189 -0.195 -0.209 -9999 -9999
-9999 -9999 -9999 -9999 -9999 -9999 -9999 -9999 -9999 -9999 -9999 -9999 -9999 -9999 -9999 -9999 -9999 -9999 -9999 -9999 -9999 -9999 -9999 -9999 -9999 -9999 -9999 -9999 -9999 -9999 -9999 -9999 -9999 -9999 -0.082 -0.078 -9999 -9999 -9999 -9999 -0.046 -0.059 -0.06 -0.059 -0.067 -0.075 -0.071 -0.065 -0.07 -0.074 -0.089 -0.106 -0.108 -0.11 -0.108 -0.104 -0.107 -0.109 -0.103 -0.094 -0.114 -0.139 -0.139 -0.137 -0.14 -0.141 -0.152 -0.164 -0.176 -0.19 -0.188 -0.185 -0.197 -0.213 -0.235
-9999 -9999 -9999 -9999 -9999 -9999 -9999 -9999 -9999 -9999 -9999 -9999 -9999 -9999 -9999 -9999 -9999 -9999 -9999 -9999 -9999 -9999 -9999 -9999 -9999 -9999 -9999 -9999 -9999 -9999 -9999 -9999 -9999 -9999 -0.09 -0.083 -9999 -9999 -9999 -9999 -0.045 -0.041 -0.047 -0.064 -0.065 -0.053 -0.051 -0.054 -0.056 -0.055 -0.08 -0.103 -0.1 -0.097 -0.099 -0.098 -0.092 -0.089 -0.094 -0.093 -0.104 -0.122 -0.124 -0.123 -0.124 -0.124 -0.137 -0.15 -0.158 -0.169 -0.175 -0.177 -0.187 -0.2 -0.214
-9999 -9999 -9999 -9999 -9999 -9999 -9999 -9999 -9999 -9999 -9999 -9999 -9999 -9999 -9999 -9999 -9999 -9999 -9999 -9999 -9999 -9999 -9999 -9999 -9999 -9999 -9999 -9999 -9999 -9999 -9999 -9999 -9999 -9999 -0.092 -9999 -9999 -9999 -9999 -0.037 -0.033 -0.033 -0.047 -0.063 -0.055 -0.043 -0.045 -0.047 -0.047 -0.045 -0.07 -0.099 -0.095 -0.09 -0.092 -0.093 -0.087 -0.079 -0.084 -0.089 -0.1 -0.113 -0.114 -0.114 -0.114 -0.114 -0.126 -0.14 -0.148 -0.156 -0.162 -0.168 -0.179 -0.188 -9999
-9999 -9999 -9999 -9999 -9999 -9999 -9999 -9999 -9999 -9999 -9999 -9999 -9999 -9999 -9999 -9999 -9999 -9999 -9999 -9999 -9999 -9999 -9999 -9999 -9999 -9999 -9999 -9999 -9999 -9999 -9999 -9999 -9999 -9999 -9999 -9999 -9999 -9999 -9999 -0.034 -0.029 -0.033 -0.047 -0.064 -0.063 -0.07 -0.067 -0.051 -0.05 -0.048 -0.07 -0.093 -0.089 -0.084 -0.089 -0.093 -0.085 -0.076 -0.081 -0.086 -0.086 -0.091 -0.099 -0.102 -0.102 -0.101 -0.112 -0.125 -0.139 -0.152 -0.151 -0.154 -0.16 -0.173 -9999
-9999 -9999 -9999 -9999 -9999 -9999 -9999 -9999 -9999 -9999 -9999 -9999 -9999 -9999 -9999 -9999 -9999 -9999 -9999 -9999 -9999 -9999 -9999 -9999 -9999 -9999 -9999 -9999 -9999 -9999 -9999 -9999 -9999 -9999 -9999 -9999 -9999 -9999 -9999 -0.033 -0.03 -0.031 -0.045 -0.062 -0.069 -0.077 -0.065 -0.05 -0.048 -0.046 -0.065 -0.087 -0.083 -0.078 -0.083 -0.089 -0.082 -0.072 -0.077 -0.082 -0.082 -0.081 -0.087 -0.095 -0.095 -0.093 -0.103 -0.116 -0.129 -0.145 -0.145 -0.144 -0.15 -0.164 -9999
-9999 -9999 -9999 -9999 -9999 -9999 -9999 -9999 -9999 -9999 -9999 -9999 -9999 -9999 -9999 -9999 -9999 -9999 -9999 -9999 -9999 -9999 -9999 -9999 -9999 -9999 -9999 -9999 -9999 -9999 -9999 -9999 -9999 -9999 -9999 -9999 -9999 -9999 -0.053 -0.042 -0.042 -0.053 -0.062 -0.06 -0.066 -0.067 -0.056 -0.043 -0.049 -0.068 -0.061 -0.068 -0.072 -0.07 -0.073 -0.077 -0.063 -0.049 -0.079 -0.099 -0.077 -0.064 -0.081 -0.095 -0.099 -0.1 -0.104 -0.113 -0.111 -0.117 -0.116 -0.113 -0.127 -0.149 -0.177
-9999 -9999 -9999 -9999 -9999 -9999 -9999 -9999 -9999 -9999 -9999 -9999 -9999 -9999 -9999 -9999 -9999 -9999 -9999 -9999 -9999 -9999 -9999 -9999 -9999 -9999 -9999 -9999 -9999 -9999 -9999 -9999 -9999 -9999 -9999 -9999 -9999 -9999 -0.065 -0.046 -0.051 -0.062 -0.059 -0.057 -0.059 -0.06 -0.051 -0.038 -0.055 -0.075 -0.068 -0.058 -0.061 -0.064 -0.067 -0.069 -0.056 -0.039 -0.066 -0.101 -0.081 -0.055 -0.072 -0.092 -0.095 -0.099 -0.104 -0.109 -0.107 -0.104 -0.102 -0.099 -0.111 -0.127 -0.161
-9999 -9999 -9999 -9999 -9999 -9999 -9999 -9999 -9999 -9999 -9999 -9999 -9999 -9999 -9999 -9999 -9999 -9999 -9999 -9999 -9999 -9999 -9999 -9999 -9999 -9999 -9999 -9999 -9999 -9999 -9999 -9999 -9999 -9999 -9999 -9999 -9999 -0.093 -0.078 -0.06 -0.057 -0.042 -0.043 -0.061 -0.061 -0.056 -0.045 -0.028 -0.042 -0.054 -0.056 -0.051 -0.054 -0.056 -0.058 -0.06 -0.062 -0.054 -0.05 -0.065 -0.073 -0.064 -0.071 -0.085 -0.091 -0.095 -0.093 -0.094 -0.093 -0.089 -0.103 -0.11 -0.114 -0.124 -0.135
-9999 -9999 -9999 -9999 -9999 -9999 -9999 -9999 -9999 -9999 -9999 -9999 -9999 -9999 -9999 -9999 -9999 -9999 -9999 -9999 -9999 -9999 -9999 -9999 -9999 -9999 -9999 -9999 -9999 -9999 -9999 -9999 -9999 -9999 -9999 -9999 -9999 -0.097 -0.083 -0.066 -0.051 -0.034 -0.045 -0.061 -0.057 -0.052 -0.039 -0.022 -0.033 -0.044 -0.045 -0.046 -0.049 -0.051 -0.052 -0.054 -0.055 -0.057 -0.054 -0.05 -0.056 -0.064 -0.071 -0.08 -0.085 -0.091 -0.089 -0.086 -0.084 -0.082 -0.094 -0.11 -0.114 -0.119 -0.13
-9999 -9999 -9999 -9999 -9999 -9999 -9999 -9999 -9999 -9999 -9999 -9999 -9999 -9999 -9999 -9999 -9999 -9999 -9999 -9999 -9999 -9999 -9999 -9999 -9999 -9999 -9999 -9999 -9999 -9999 -9999 -9999 -9999 -9999 -9999 -9999 -9999 -0.07 -0.056 -0.046 -0.039 -0.047 -0.05 -0.046 -0.04 -0.034 -0.026 -0.024 -0.035 -0.051 -0.048 -0.046 -0.042 -0.041 -0.035 -0.031 -0.032 -0.032 -0.039 -0.041 -0.043 -0.048 -0.052 -0.058 -0.061 -0.064 -0.066 -0.065 -0.075 -0.079 -0.077 -0.084 -0.1 -0.112 -0.117
-9999 -9999 -9999 -9999 -9999 -9999 -9999 -9999 -9999 -9999 -9999 -9999 -9999 -9999 -9999 -9999 -9999 -9999 -9999 -9999 -9999 -9999 -9999 -9999 -9999 -9999 -9999 -9999 -9999 -9999 -9999 -9999 -9999 -9999 -9999 -9999 -9999 -9999 -0.048 -0.039 -0.044 -0.052 -0.045 -0.04 -0.032 -0.026 -0.025 -0.023 -0.036 -0.051 -0.049 -0.044 -0.04 -0.035 -0.029 -0.022 -0.021 -0.021 -0.027 -0.035 -0.037 -0.039 -0.043 -0.048 -0.05 -0.052 -0.054 -0.055 -0.064 -0.075 -0.073 -9999 -0.086 -9999 -0.104
-9999 -9999 -9999 -9999 -9999 -9999 -9999 -9999 -9999 -9999 -9999 -9999 -9999 -9999 -9999 -9999 -9999 -9999 -9999 -9999 -9999 -9999 -9999 -9999 -9999 -9999 -9999 -9999 -9999 -9999 -9999 -9999 -9999 -9999 -9999 -9999 -9999 -0.051 -0.043 -0.029 -0.033 -0.04 -0.038 -0.044 -0.034 -0.022 -0.02 -0.017 -0.028 -0.036 -0.034 -0.035 -0.026 -0.018 -0.006 0.005 -0.007 -0.014 -0.022 -0.031 -0.027 -0.026 -0.031 -0.036 -0.038 -0.039 -0.049 -0.056 -0.054 -0.059 -0.064 -0.067 -0.063 -0.069 -9999
-9999 -9999 -9999 -9999 -9999 -9999 -9999 -9999 -9999 -9999 -9999 -9999 -9999 -9999 -9999 -9999 -9999 -9999 -9999 -9999 -9999 -9999 -9999 -9999 -9999 -9999 -9999 -9999 -9999 -9999 -9999 -9999 -9999 -9999 -9999 -9999 -9999 -0.046 -0.035 -0.026 -0.03 -0.036 -0.041 -0.047 -0.034 -0.02 -0.017 -0.014 -0.021 -0.028 -0.029 -0.03 -0.021 -0.011 0.001 0.016 0.005 -0.01 -0.017 -0.027 -0.024 -0.02 -0.024 -0.03 -0.031 -0.033 -0.042 -0.053 -0.052 -0.051 -0.056 -0.062 -0.058 -0.053 -0.067
-9999 -9999 -9999 -9999 -9999 -9999 -9999 -9999 -9999 -9999 -9999 -9999 -9999 -9999 -9999 -9999 -9999 -9999 -9999 -9999 -9999 -9999 -9999 -9999 -9999 -9999 -9999 -9999 -9999 -9999 -9999 -9999 -9999 -9999 -9999 -9999 -0.058 -0.058 -0.043 -0.018 -0.019 -0.024 -0.024 -0.018 -0.007 -0.005 0.001 0.006 0.002 -0.001 -0.017 -0.027 -0.021 -0.013 -0.013 -0.006 -0.004 -0.011 -0.008 -0.011 -0.019 -0.022 -0.027 -0.034 -0.028 -0.025 -0.026 -0.031 -0.037 -0.038 -0.051 -0.06 -0.064 -0.063 -0.062
-9999 -9999 -9999 -9999 -9999 -9999 -9999 -9999 -9999 -9999 -9999 -9999 -9999 -9999 -9999 -9999 -9999 -9999 -9999 -9999 -9999 -9999 -9999 -9999 -9999 -9999 -9999 -9999 -9999 -9999 -9999 -9999 -9999 -9999 -9999 -9999 -0.074 -0.068 -0.045 -0.019 -0.019 -0.022 -0.014 -0.008 -0.005 -0.001 0.007 0.014 0.013 0.01 -0.005 -0.024 -0.019 -0.012 -0.012 -0.012 -0.011 -0.009 -0.007 -0.004 -0.011 -0.02 -0.026 -0.033 -0.028 -0.021 -0.022 -0.022 -0.026 -0.031 -0.041 -0.055 -0.058 -0.061 -0.06
-9999 -9999 -9999 -9999 -9999 -9999 -9999 -9999 -9999 -9999 -9999 -9999 -9999 -9999 -9999 -9999 -9999 -9999 -9999 -9999 -9999 -9999 -9999 -9999 -9999 -9999 -9999 -9999 -9999 -9999 -9999 -9999 -9999 -9999 -9999 -9999 -9999 -0.069 -0.048 -0.031 -0.03 -0.031 -0.019 0.002 0.006 0.008 0.019 0.034 0.034 0.025 0.008 -0.015 -0.01 -0.002 -0.005 -0.006 -0.002 0.001 0.008 0.014 -0.001 -0.014 -0.019 -0.025 -0.019 -0.011 -0.021 -0.028 -0.021 -0.02 -0.033 -0.047 -0.049 -0.052 -0.049
