Validation/Results/raw data/ReClimate_02_2024_1_Temperature.asc
NCOLS 192
NROWS 249
XLLCENTER -225160.85627316462
YLLCENTER 29788.11610251502
CELLSIZE 5000.0
NODATA_VALUE -9999
[rows 170 to 203 of 249, columns 75 to 149 of 192]
-9999 -9999 -9999 -9999 -9999 -9999 -9999 -9999 -9999 -9999 -9999 -9999 -9999 -9999 -9999 -9999 -9999 -0.283 -0.273 -9999 -9999 -9999 -9999 -9999 -9999 -9999 -9999 -9999 -9999 -9999 -9999 -9999 -9999 -9999 -9999 -9999 -0.095 -0.084 -0.097 -0.115 -0.105 -0.094 -0.084 -0.074 -0.072 -0.07 -0.064 -0.059 -0.064 -0.072 -0.083 -0.098 -0.09 -0.08 -0.081 -0.081 -0.074 -0.064 -0.058 -0.05 -0.049 -0.048 -0.048 -0.048 -0.043 -0.036 -0.04 -0.045 -0.042 -0.039 -0.041 -0.043 -0.032 -0.019 -0.021
-9999 -9999 -9999 -9999 -9999 -9999 -9999 -9999 -9999 -9999 -9999 -9999 -9999 -9999 -9999 -9999 -9999 -0.287 -0.275 -0.258 -9999 -9999 -9999 -9999 -9999 -9999 -9999 -9999 -9999 -9999 -9999 -9999 -9999 -9999 -9999 -0.113 -0.098 -0.095 -0.106 -0.116 -0.106 -0.097 -0.09 -0.085 -0.078 -0.062 -0.054 -0.044 -0.054 -0.077 -0.08 -0.068 -0.084 -0.088 -0.079 -0.073 -0.074 -0.069 -0.064 -0.057 -0.055 -0.053 -0.044 -0.038 -0.034 -0.028 -0.041 -0.051 -0.041 -0.034 -0.036 -0.039 -0.032 -0.022 -0.024
-9999 -9999 -9999 -9999 -9999 -9999 -9999 -9999 -9999 -9999 -9999 -9999 -9999 -9999 -9999 -9999 -0.28 -0.285 -0.269 -0.253 -0.24 -9999 -9999 -9999 -9999 -9999 -9999 -9999 -9999 -9999 -9999 -9999 -0.152 -9999 -9999 -0.113 -0.108 -0.101 -0.107 -0.117 -9999 -0.1 -0.095 -0.091 -0.077 -0.06 -0.05 -0.039 -0.057 -0.079 -0.069 -0.057 -0.071 -0.089 -0.08 -0.069 -0.069 -0.07 -0.065 -0.058 -0.056 -0.053 -0.044 -0.033 -0.029 -0.024 -0.036 -0.052 -0.042 -0.03 -0.032 -0.035 -0.029 -0.021 -0.023
-9999 -9999 -9999 -9999 -9999 -9999 -9999 -9999 -9999 -9999 -9999 -9999 -9999 -9999 -9999 -9999 -0.266 -0.266 -0.256 -0.257 -0.245 -0.233 -0.235 -9999 -9999 -9999 -0.205 -0.203 -9999 -0.188 -0.179 -0.146 -0.138 -0.156 -9999 -9999 -0.118 -0.103 -9999 -9999 -0.093 -0.093 -0.092 -0.098 -0.083 -0.06 -0.051 -0.045 -0.058 -0.066 -0.067 -0.062 -0.062 -0.07 -0.074 -0.07 -0.061 -0.056 -0.046 -0.035 -0.044 -0.047 -0.038 -0.027 -0.04 -0.047 -0.031 -0.03 -0.04 -0.04 -0.037 -0.037 -0.031 -0.024 -0.009
-9999 -9999 -9999 -9999 -9999 -9999 -9999 -9999 -9999 -9999 -9999 -9999 -9999 -9999 -9999 -9999 -9999 -0.257 -0.256 -0.257 -0.246 -0.234 -9999 -9999 -0.229 -0.215 -0.212 -0.206 -0.2 -0.192 -0.167 -0.138 -0.151 -0.167 -0.151 -9999 -0.119 -0.105 -0.098 -0.092 -0.091 -0.091 -0.095 -0.101 -0.083 -0.061 -0.055 -0.049 -0.054 -0.061 -0.062 -0.064 -0.064 -0.064 -0.066 -0.07 -0.061 -0.051 -0.04 -0.026 -0.033 -0.043 -0.035 -0.024 -0.037 -0.053 -0.039 -0.021 -0.03 -0.041 -0.039 -0.036 -0.03 -0.023 -0.008
-9999 -9999 -9999 -9999 -9999 -9999 -9999 -9999 -9999 -9999 -9999 -9999 -9999 -9999 -9999 -9999 -9999 -0.258 -0.255 -0.248 -0.24 -0.235 -0.249 -0.269 -0.251 -0.23 -0.225 -0.213 -0.208 -0.204 -0.185 -0.171 -0.178 -0.175 -0.165 -0.164 -0.15 -0.127 -0.119 -0.106 -0.099 -0.08 -0.083 -0.087 -0.075 -0.073 -0.065 -0.052 -0.054 -0.05 -0.058 -0.084 -0.071 -0.065 -0.061 -0.061 -0.062 -0.056 -0.044 -0.03 -0.025 -0.027 -0.033 -0.032 -0.029 -0.036 -0.038 -0.03 -0.023 -0.024 -0.032 -0.035 -0.028 -0.021 -0.008
-9999 -9999 -9999 -9999 -9999 -9999 -9999 -9999 -9999 -9999 -9999 -9999 -9999 -9999 -9999 -9999 -9999 -9999 -0.253 -0.243 -0.239 -0.235 -0.25 -0.27 -0.253 -0.234 -0.226 -0.216 -0.212 -0.208 -0.196 -0.184 -0.18 -0.177 -0.176 -0.176 -0.157 -0.135 -0.124 -0.111 -0.095 -0.077 -0.078 -0.082 -0.08 -0.078 -0.067 -0.055 -0.051 -0.046 -0.065 -0.09 -0.079 -0.065 -0.062 -0.058 -0.059 -0.059 -0.047 -0.033 -0.027 -0.021 -0.026 -0.033 -0.031 -0.028 -0.03 -0.032 -0.025 -0.017 -0.023 -0.032 -0.026 -0.018 -0.006
-9999 -9999 -9999 -9999 -9999 -9999 -9999 -9999 -9999 -9999 -9999 -9999 -9999 -9999 -9999 -9999 -9999 -9999 -9999 -9999 -0.243 -0.235 -0.244 -0.247 -0.233 -0.221 -0.216 -0.214 -0.212 -0.21 -0.198 -0.184 -0.177 -0.164 -0.161 -0.156 -0.142 -0.136 -0.121 -0.1 -0.091 -0.095 -0.089 -0.069 -0.066 -0.062 -0.053 -0.053 -0.044 -0.025 -0.043 -0.065 -0.058 -0.045 -0.043 -0.039 -0.045 -0.048 -0.041 -0.029 -0.024 -0.019 -0.02 -0.024 -0.026 -0.026 -0.031 -0.035 -0.029 -0.021 -0.022 -0.027 -0.02 -0.012 -0.005
-9999 -9999 -9999 -9999 -9999 -9999 -9999 -9999 -9999 -9999 -9999 -9999 -9999 -9999 -9999 -9999 -9999 -9999 -9999 -0.249 -0.241 -0.234 -0.235 -0.237 -0.227 -0.215 -0.214 -0.212 -0.211 -0.209 -0.197 -0.183 -0.171 -0.158 -0.153 -0.148 -0.141 -0.135 -0.116 -0.095 -0.098 -0.102 -0.085 -0.065 -0.06 -0.055 -0.054 -0.053 -0.037 -0.019 -0.035 -0.057 -0.049 -0.039 -0.036 -0.033 -0.037 -0.043 -0.036 -0.028 -0.023 -0.019 -0.02 -0.022 -0.023 -0.027 -0.031 -0.037 -0.031 -0.024 -0.025 -0.026 -0.019 -0.011 -0.004
-9999 -9999 -9999 -9999 -9999 -9999 -9999 -9999 -9999 -9999 -9999 -9999 -9999 -9999 -9999 -9999 -9999 -9999 -0.252 -0.248 -0.24 -0.23 -0.228 -0.224 -0.217 -0.219 -0.218 -0.218 -0.216 -0.209 -0.194 -0.172 -0.162 -0.157 -0.151 -0.144 -0.134 -0.116 -0.101 -0.095 -0.097 -0.102 -0.088 -0.075 -0.07 -0.061 -0.059 -0.056 -0.049 -0.057 -0.057 -0.022 -0.036 -0.039 -0.033 -0.029 -0.03 -0.034 -0.02 -0.007 -0.004 0.001 -0.011 -0.019 -0.021 -0.024 -0.022 -0.023 -0.022 -0.017 -0.006 -0.0 -0.016 -0.022 -0.013
-9999 -9999 -9999 -9999 -9999 -9999 -9999 -9999 -9999 -9999 -9999 -9999 -9999 -9999 -9999 -9999 -9999 -0.256 -0.251 -0.247 -0.237 -0.227 -0.222 -0.218 -0.218 -0.218 -0.218 -0.218 -0.213 -0.207 -0.189 -0.167 -0.162 -0.157 -0.15 -0.142 -0.126 -0.108 -0.101 -0.095 -0.098 -0.102 -0.091 -0.08 -0.072 -0.063 -0.06 -0.058 -0.064 -0.072 -0.045 -0.011 -0.022 -0.039 -0.034 -0.027 -0.028 -0.031 -0.017 -0.001 0.003 0.006 -0.004 -0.018 -0.02 -0.023 -0.021 -0.019 -0.017 -0.015 -0.004 0.009 -0.006 -0.026 -0.018
-9999 -9999 -9999 -9999 -9999 -9999 -9999 -9999 -9999 -9999 -9999 -9999 -9999 -9999 -9999 -0.262 -0.259 -0.266 -0.26 -0.25 -0.237 -0.217 -0.213 -0.213 -0.209 -0.202 -0.204 -0.212 -0.202 -0.181 -0.171 -0.177 -0.172 -0.168 -0.158 -0.141 -0.128 -0.12 -0.117 -0.12 -0.115 -0.096 -0.087 -0.079 -0.072 -0.063 -0.066 -0.081 -0.077 -0.055 -0.037 -0.037 -0.031 -0.037 -0.021 -0.007 -0.017 -0.023 -0.018 -0.007 -0.0 0.005 -0.006 -0.02 -0.021 -0.024 -0.019 -0.016 -0.016 -0.015 -0.01 -0.002 -0.003 -0.014 -0.011
-9999 -9999 -9999 -9999 -9999 -9999 -9999 -9999 -9999 -9999 -9999 -9999 -9999 -9999 -0.262 -0.262 -0.264 -0.265 -9999 -9999 -9999 -9999 -0.213 -0.209 -0.201 -0.194 -0.2 -0.208 -0.191 -0.17 -0.174 -0.18 -0.176 -0.173 -0.157 -0.14 -0.132 -0.124 -0.126 -0.129 -0.113 -0.094 -0.087 -0.079 -0.072 -0.063 -0.075 -0.089 -0.07 -0.048 -0.047 -0.046 -0.042 -0.037 -0.02 -0.001 -0.01 -0.021 -0.016 -0.01 -0.004 0.003 -0.007 -0.021 -0.022 -0.025 -0.02 -0.014 -0.014 -0.014 -0.01 -0.006 -0.007 -0.009 -0.006
-9999 -9999 -9999 -9999 -9999 -9999 -9999 -9999 -9999 -9999 -9999 -9999 -9999 -9999 -0.261 -0.253 -0.254 -9999 -9999 -9999 -9999 -9999 -0.218 -0.215 -0.21 -0.207 -0.205 -0.19 -0.177 -0.174 -0.172 -0.159 -0.16 -0.173 -0.155 -0.13 -0.125 -0.125 -0.121 -0.109 -0.097 -0.093 -0.09 -0.097 -0.093 -0.095 -0.096 -0.077 -0.062 -0.053 -0.05 -0.044 -0.043 -0.04 -0.032 -0.019 -0.012 -0.014 -0.013 -0.01 -0.001 0.008 -0.002 -0.014 -0.01 -0.008 -0.008 -0.004 -0.004 -0.004 0.005 0.013 -0.004 -0.016 -0.017
-9999 -9999 -9999 -9999 -9999 -9999 -9999 -9999 -9999 -9999 -9999 -9999 -9999 -9999 -9999 -9999 -0.244 -9999 -9999 -9999 -9999 -9999 -0.215 -0.216 -0.213 -0.21 -0.196 -0.181 -0.177 -0.173 -0.162 -0.149 -0.158 -0.171 -0.15 -0.125 -0.124 -0.125 -0.113 -0.101 -0.096 -0.092 -0.096 -0.102 -0.104 -0.107 -0.091 -0.071 -0.064 -0.055 -0.05 -0.043 -0.042 -0.042 -0.034 -0.026 -0.02 -0.013 -0.011 -0.01 -0.002 0.009 -0.0 -0.012 -0.007 -0.002 -0.001 0.0 0.001 0.002 0.011 0.022 0.006 -0.016 -0.018
-9999 -9999 -9999 -9999 -9999 -9999 -9999 -9999 -9999 -9999 -9999 -9999 -9999 -9999 -9999 -9999 -9999 -9999 -9999 -9999 -9999 -9999 -0.218 -0.213 -0.206 -0.195 -0.186 -0.189 -0.183 -0.171 -0.165 -0.166 -0.17 -0.166 -0.142 -0.109 -0.109 -0.115 -0.103 -0.089 -0.083 -0.077 -0.077 -0.075 -0.082 -0.107 -0.094 -0.085 -0.076 -0.06 -0.052 -0.045 -0.042 -0.041 -0.036 -0.03 -0.031 -0.028 -0.021 -0.017 -0.014 -0.008 0.003 0.003 -0.014 -0.021 0.002 0.015 0.017 0.019 0.016 0.019 0.014 -0.001 -0.01
-9999 -9999 -9999 -9999 -9999 -9999 -9999 -9999 -9999 -9999 -9999 -9999 -9999 -9999 -9999 -9999 -9999 -9999 -9999 -9999 -9999 -9999 -9999 -0.208 -0.197 -0.185 -0.186 -0.19 -0.179 -0.168 -0.169 -0.171 -0.166 -0.162 -0.134 -0.101 -0.105 -0.111 -0.098 -0.084 -0.077 -0.071 -0.067 -0.063 -0.082 -0.105 -0.098 -0.09 -0.077 -0.062 -0.054 -0.046 -0.043 -0.04 -0.036 -0.032 -0.032 -0.033 -0.027 -0.019 -0.016 -0.012 -0.003 0.009 -0.006 -0.026 -0.005 0.022 0.025 0.027 0.024 0.02 0.015 0.007 -0.002
-9999 -9999 -9999 -9999 -9999 -9999 -9999 -9999 -9999 -9999 -9999 -9999 -9999 -9999 -9999 -9999 -9999 -9999 -9999 -9999 -9999 -9999 -0.208 -0.203 -0.193 -0.182 -0.18 -0.173 -0.165 -0.162 -0.161 -0.158 -0.152 -0.145 -0.125 -0.118 -0.118 -0.112 -0.098 -0.076 -0.069 -0.066 -0.066 -0.076 -0.087 -0.088 -0.085 -0.092 -0.083 -0.077 -0.06 -0.046 -0.036 -0.029 -0.024 -0.018 -0.02 -0.022 -0.022 -0.018 -0.014 -0.01 -0.008 -0.002 -0.002 -0.013 -0.006 0.011 0.015 0.018 0.016 0.012 0.009 0.002 -0.0
-9999 -9999 -9999 -9999 -9999 -9999 -9999 -9999 -9999 -9999 -9999 -9999 -9999 -9999 -9999 -9999 -9999 -9999 -9999 -9999 -9999 -9999 -0.199 -0.199 -0.189 -0.179 -0.172 -0.164 -0.161 -0.158 -0.154 -0.15 -0.144 -0.137 -0.13 -0.123 -0.118 -0.112 -0.093 -0.072 -0.068 -0.064 -0.07 -0.08 -0.08 -0.08 -0.085 -0.091 -0.087 -0.083 -0.066 -0.046 -0.036 -0.026 -0.02 -0.013 -0.014 -0.017 -0.016 -0.016 -0.012 -0.008 -0.006 -0.005 -0.005 -0.006 0.001 0.009 0.013 0.016 0.015 0.012 0.008 0.002 -0.001
-9999 -9999 -9999 -9999 -9999 -9999 -9999 -9999 -9999 -9999 -9999 -9999 -9999 -9999 -9999 -9999 -9999 -9999 -9999 -9999 -9999 -9999 -0.174 -0.174 -0.172 -0.186 -0.177 -0.161 -0.159 -0.159 -0.155 -0.15 -0.142 -0.128 -0.119 -0.104 -0.104 -0.119 -0.11 -0.116 -0.107 -0.082 -0.084 -0.077 -0.075 -0.069 -0.069 -0.061 -0.058 -0.062 -0.051 -0.034 -0.024 -0.013 -0.018 -0.017 -0.013 -0.013 -0.015 -0.016 -0.012 -0.008 -0.002 0.002 0.004 0.004 0.01 0.018 0.017 0.018 0.028 0.03 0.023 0.015 0.008
-9999 -9999 -9999 -9999 -9999 -9999 -9999 -9999 -9999 -9999 -9999 -9999 -9999 -9999 -9999 -9999 -9999 -9999 -9999 -9999 -9999 -9999 -9999 -0.163 -0.173 -0.187 -0.174 -0.158 -0.157 -0.157 -0.153 -0.148 -0.137 -0.124 -0.111 -0.096 -0.106 -0.119 -0.125 -0.132 -0.112 -0.088 -0.081 -0.075 -0.07 -0.064 -0.057 -0.049 -0.05 -0.052 -0.042 -0.03 -0.02 -0.008 -0.012 -0.017 -0.013 -0.01 -0.012 -0.015 -0.011 -0.007 -0.001 0.006 0.008 0.009 0.016 0.023 0.023 0.021 0.03 0.039 0.032 0.022 0.016
-9999 -9999 -9999 -9999 -9999 -9999 -9999 -9999 -9999 -9999 -9999 -9999 -9999 -9999 -9999 -9999 -9999 -9999 -9999 -9999 -9999 -9999 -9999 -0.179 -0.187 -0.19 -0.179 -0.167 -0.162 -0.149 -0.141 -0.125 -0.122 -0.135 -0.124 -0.111 -0.114 -0.107 -0.109 -0.109 -0.092 -0.081 -0.075 -0.067 -0.063 -0.064 -0.055 -0.039 -0.037 -0.031 -0.041 -0.042 -0.03 -0.019 -0.013 -0.014 -0.007 -0.001 0.004 0.006 -0.004 -0.009 -0.003 0.004 0.009 0.011 0.012 0.016 0.033 0.042 0.036 0.036 0.031 0.022 0.026
-9999 -9999 -9999 -9999 -9999 -9999 -9999 -9999 -9999 -9999 -9999 -9999 -9999 -9999 -9999 -9999 -9999 -9999 -9999 -9999 -9999 -9999 -0.174 -0.184 -0.186 -0.189 -0.179 -0.168 -0.157 -0.144 -0.13 -0.115 -0.124 -0.137 -0.127 -0.115 -0.108 -0.1 -0.099 -0.098 -0.088 -0.078 -0.071 -0.063 -0.063 -0.063 -0.05 -0.034 -0.028 -0.022 -0.032 -0.044 -0.034 -0.021 -0.016 -0.011 -0.004 0.003 0.009 0.015 0.006 -0.007 -0.002 0.005 0.009 0.014 0.015 0.016 0.032 0.05 0.046 0.036 0.031 0.024 0.027
-9999 -9999 -9999 -9999 -9999 -9999 -9999 -9999 -9999 -9999 -9999 -9999 -9999 -9999 -9999 -9999 -9999 -9999 -9999 -9999 -9999 -9999 -0.187 -0.186 -0.182 -0.168 -0.161 -0.162 -0.151 -0.141 -0.132 -0.13 -0.131 -0.117 -0.111 -0.115 -0.107 -0.098 -0.096 -0.095 -0.089 -0.087 -0.077 -0.058 -0.054 -0.047 -0.038 -0.034 -0.03 -0.029 -0.031 -0.017 -0.016 -0.009 -0.015 -0.017 0.004 0.019 0.013 0.013 0.016 0.01 0.009 0.011 0.024 0.033 0.033 0.033 0.036 0.046 0.044 0.037 0.043 0.043 0.029
-9999 -9999 -9999 -9999 -9999 -9999 -9999 -9999 -9999 -9999 -9999 -9999 -9999 -9999 -9999 -9999 -9999 -9999 -9999 -9999 -9999 -9999 -0.188 -0.184 -0.171 -0.157 -0.157 -0.156 -0.147 -0.137 -0.135 -0.134 -0.121 -0.106 -0.109 -0.112 -0.104 -0.095 -0.093 -0.092 -0.091 -0.089 -0.073 -0.055 -0.048 -0.041 -0.037 -0.034 -0.033 -0.032 -0.019 -0.006 -0.004 -0.004 -0.009 -0.017 0.003 0.026 0.021 0.014 0.016 0.018 0.018 0.016 0.028 0.042 0.042 0.04 0.043 0.046 0.044 0.039 0.045 0.052 0.039
-9999 -9999 -9999 -9999 -9999 -9999 -9999 -9999 -9999 -9999 -9999 -9999 -9999 -9999 -9999 -9999 -9999 -9999 -9999 -9999 -9999 -0.187 -0.185 -0.171 -0.164 -0.165 -0.162 -0.153 -0.146 -0.142 -0.138 -0.128 -0.117 -0.104 -0.104 -0.103 -0.098 -0.098 -0.096 -0.091 -0.088 -0.085 -0.068 -0.045 -0.038 -0.031 -0.03 -0.034 -0.027 -0.005 0.003 0.002 -0.005 -0.009 0.001 0.002 0.01 0.025 0.025 0.021 0.022 0.022 0.025 0.025 0.037 0.05 0.056 0.058 0.052 0.049 0.049 0.045 0.043 0.044 0.044
-9999 -9999 -9999 -9999 -9999 -9999 -9999 -9999 -9999 -9999 -9999 -9999 -9999 -9999 -9999 -9999 -9999 -9999 -9999 -9999 -0.19 -0.188 -0.177 -0.163 -0.164 -0.166 -0.158 -0.149 -0.145 -0.142 -0.133 -0.124 -0.113 -0.1 -0.098 -0.098 -0.097 -0.097 -0.093 -0.088 -0.086 -0.083 -0.063 -0.041 -0.034 -0.027 -0.03 -0.034 -0.016 0.006 0.006 0.005 -0.0 -0.01 -0.0 0.01 0.018 0.027 0.027 0.026 0.026 0.026 0.028 0.03 0.042 0.054 0.06 0.065 0.06 0.051 0.051 0.049 0.046 0.043 0.042
-9999 -9999 -9999 -9999 -9999 -9999 -9999 -9999 -9999 -9999 -9999 -9999 -9999 -9999 -9999 -9999 -9999 -9999 -0.182 -0.183 -0.181 -0.166 -0.161 -0.172 -0.17 -0.163 -0.156 -0.148 -0.142 -0.131 -0.118 -0.095 -0.093 -0.11 -0.108 -0.103 -0.101 -0.095 -0.09 -0.085 -0.077 -0.058 -0.051 -0.067 -0.059 -0.043 -0.044 -0.04 -0.028 -0.024 -0.015 0.015 0.006 -0.005 0.007 0.019 0.02 0.023 0.026 0.026 0.029 0.031 0.035 0.037 0.044 0.054 0.062 0.07 0.069 0.063 0.068 0.07 0.07 0.069 0.053
-9999 -9999 -9999 -9999 -9999 -9999 -9999 -9999 -9999 -9999 -9999 -9999 -9999 -9999 -9999 -9999 -9999 -0.179 -0.176 -0.171 -0.161 -0.155 -0.162 -0.173 -0.166 -0.159 -0.152 -0.145 -0.135 -0.125 -0.105 -0.082 -0.095 -0.112 -0.108 -0.104 -0.098 -0.092 -0.087 -0.082 -0.066 -0.047 -0.06 -0.077 -0.064 -0.049 -0.045 -0.04 -0.038 -0.036 -0.011 0.018 0.01 -0.003 0.009 0.022 0.023 0.022 0.024 0.026 0.03 0.032 0.036 0.039 0.045 0.053 0.061 0.071 0.071 0.068 0.073 0.079 0.08 0.079 0.064
-9999 -9999 -9999 -9999 -9999 -9999 -9999 -9999 -9999 -9999 -9999 -9999 -9999 -9999 -0.182 -0.17 -0.173 -0.182 -0.174 -0.163 -0.16 -0.163 -0.165 -0.158 -0.151 -0.143 -0.141 -0.15 -0.141 -0.128 -0.111 -0.094 -0.104 -0.111 -0.106 -0.095 -0.09 -0.085 -0.079 -0.07 -0.063 -0.071 -0.076 -0.066 -0.054 -0.044 -0.035 -0.017 -0.019 -0.034 -0.012 0.015 0.022 0.02 0.022 0.029 0.023 0.018 0.029 0.036 0.043 0.048 0.05 0.052 0.057 0.064 0.065 0.07 0.071 0.07 0.082 0.091 0.087 0.083 0.075
-9999 -9999 -9999 -9999 -9999 -9999 -9999 -9999 -9999 -9999 -9999 -9999 -0.193 -0.186 -0.176 -0.164 -0.171 -0.18 -0.169 -0.159 -0.161 -0.164 -0.157 -0.15 -0.142 -0.134 -0.14 -0.149 -0.139 -0.127 -0.113 -0.097 -0.102 -0.11 -0.101 -0.09 -0.086 -0.081 -0.073 -0.064 -0.07 -0.078 -0.07 -0.06 -0.051 -0.041 -0.025 -0.007 -0.019 -0.033 -0.012 0.013 0.02 0.028 0.03 0.031 0.025 0.016 0.027 0.039 0.046 0.053 0.055 0.056 0.061 0.067 0.069 0.069 0.07 0.069 0.081 0.094 0.092 0.086 0.077
-9999 -9999 -9999 -9999 -9999 -9999 -9999 -9999 -0.205 -0.208 -0.202 -0.195 -0.193 -0.198 -0.188 -0.177 -0.177 -0.163 -0.151 -0.139 -0.136 -0.131 -0.129 -0.14 -0.136 -0.139 -0.144 -0.146 -0.142 -0.148 -0.137 -0.121 -0.115 -0.086 -0.083 -0.094 -0.088 -0.076 -0.063 -0.042 -0.049 -0.064 -0.053 -0.038 -0.031 -0.027 -0.019 -0.023 -0.024 -0.004 0.002 0.019 0.011 0.009 0.023 0.03 0.029 0.022 0.027 0.035 0.049 0.06 0.065 0.068 0.067 0.069 0.076 0.079 0.071 0.065 0.071 0.081 0.09 0.092 0.083
-9999 -9999 -9999 -9999 -9999 -9999 -9999 -0.208 -0.204 -0.204 -0.199 -0.199 -0.201 -0.198 -0.188 -0.178 -0.166 -0.153 -0.141 -0.128 -0.122 -0.115 -0.123 -0.133 -0.135 -0.138 -0.14 -0.142 -0.148 -0.155 -0.143 -0.129 -0.104 -0.075 -0.083 -0.095 -0.084 -0.073 -0.054 -0.033 -0.043 -0.057 -0.044 -0.03 -0.026 -0.022 -0.025 -0.03 -0.012 0.008 0.014 0.02 0.012 0.001 0.014 0.028 0.027 0.024 0.028 0.033 0.046 0.061 0.066 0.071 0.071 0.069 0.075 0.081 0.074 0.062 0.068 0.074 0.083 0.091 0.084
-9999 -9999 -9999 -9999 -9999 -9999 -0.211 -0.2 -0.199 -0.202 -0.197 -0.189 -0.179 -0.153 -0.153 -0.18 -0.17 -0.16 -0.15 -0.14 -0.136 -0.136 -0.142 -0.142 -0.138 -0.124 -0.127 -0.135 -0.134 -0.125 -0.112 -0.096 -0.079 -0.077 -0.083 -0.085 -0.076 -0.071 -0.059 -0.055 -0.058 -0.045 -0.036 -0.036 -0.029 -0.015 -0.016 -0.018 -0.007 -0.008 -0.005 -0.005 0.007 0.008 0.02 0.034 0.029 0.025 0.025 0.027 0.037 0.049 0.053 0.056 0.064 0.066 0.063 0.063 0.076 0.077 0.077 0.081 0.087 0.095 0.086
