Validation/Results/raw data/ReClimate_04_2024_2_Temperature-Actualsweatherlogisticsltd.asc
NCOLS 192
NROWS 249
XLLCENTER -225160.85627316462
YLLCENTER 29788.11610251502
CELLSIZE 5000.0
NODATA_VALUE -9999
[rows 136 to 169 of 249, columns 75 to 149 of 192]
12.374 -9999 -9999 -9999 -9999 -9999 -9999 -9999 -9999 -9999 12.299 -9999 12.427 12.048 12.16 12.274 12.602 12.765 12.7 12.357 11.206 11.562 11.738 11.875 12.478 12.491 12.445 12.497 11.934 11.698 -9999 -9999 -9999 -9999 -9999 -9999 12.848 12.98 12.927 12.697 12.627 12.502 11.949 11.64 11.916 11.927 11.951 12.441 12.143 12.012 12.53 12.785 12.968 12.928 13.365 13.613 13.575 13.188 13.056 -9999 -9999 -9999 -9999 -9999 -9999 -9999 -9999 -9999 -9999 -9999 -9999 -9999 -9999 -9999 -9999
11.832 13.213 -9999 -9999 -9999 -9999 -9999 -9999 -9999 -9999 12.248 12.273 12.432 12.559 12.323 12.345 12.518 12.676 12.875 12.417 11.952 11.304 11.57 11.898 12.449 12.316 12.171 12.465 11.969 12.284 -9999 -9999 -9999 -9999 12.667 12.711 12.822 12.961 13.022 12.955 12.762 11.99 11.193 11.28 11.555 11.192 11.979 11.889 11.65 12.287 12.202 12.432 12.942 13.058 12.796 13.284 13.44 13.147 13.183 -9999 -9999 -9999 -9999 -9999 -9999 -9999 -9999 -9999 -9999 -9999 -9999 -9999 -9999 -9999 -9999
12.77 12.726 12.828 -9999 -9999 -9999 -9999 -9999 -9999 -9999 12.059 12.314 12.301 -9999 -9999 12.326 12.394 12.615 12.695 -9999 12.515 12.294 12.245 12.287 12.48 12.021 12.29 12.512 -9999 -9999 -9999 -9999 -9999 12.578 12.695 12.754 12.816 12.832 12.842 12.867 12.453 11.71 10.615 10.455 11.087 10.822 11.495 10.993 11.337 11.767 11.688 12.291 12.324 12.522 12.7 13.027 13.241 13.02 13.134 -9999 -9999 -9999 -9999 -9999 -9999 -9999 -9999 -9999 -9999 -9999 -9999 -9999 -9999 -9999 -9999
12.324 11.993 12.637 -9999 -9999 -9999 -9999 -9999 -9999 -9999 -9999 12.237 12.447 -9999 -9999 -9999 12.531 12.41 12.532 12.603 -9999 -9999 12.434 12.449 12.369 11.786 11.789 -9999 -9999 -9999 -9999 -9999 12.305 12.451 12.65 12.738 12.696 12.599 12.67 12.375 12.183 11.885 10.819 10.634 9.945 10.72 10.269 10.179 10.753 11.233 11.171 11.537 12.205 12.403 12.476 13.013 13.309 12.947 12.799 -9999 -9999 -9999 -9999 -9999 -9999 -9999 -9999 -9999 -9999 -9999 -9999 -9999 -9999 -9999 -9999
12.296 12.993 -9999 -9999 -9999 -9999 -9999 -9999 -9999 -9999 -9999 -9999 12.344 -9999 -9999 -9999 -9999 12.462 12.174 12.185 -9999 -9999 -9999 12.326 12.334 -9999 -9999 -9999 -9999 -9999 -9999 -9999 12.329 12.582 12.573 12.302 12.016 12.13 12.256 12.213 12.432 12.118 11.406 10.353 10.297 10.367 9.514 9.774 10.263 10.939 10.863 11.068 11.784 12.389 12.821 13.115 13.269 12.934 12.773 -9999 -9999 -9999 -9999 -9999 -9999 -9999 -9999 -9999 -9999 -9999 -9999 -9999 -9999 -9999 -9999
13.531 -9999 -9999 -9999 -9999 -9999 -9999 -9999 -9999 -9999 -9999 -9999 12.023 -9999 -9999 -9999 -9999 -9999 12.236 12.05 -9999 -9999 -9999 -9999 -9999 -9999 -9999 -9999 -9999 -9999 -9999 -9999 12.492 12.185 11.877 11.592 11.38 11.661 11.909 12.151 12.316 12.091 11.641 10.59 9.552 8.971 9.351 9.818 10.996 11.323 11.504 11.825 11.989 12.072 12.697 13.157 13.13 12.88 12.849 13.089 -9999 -9999 -9999 -9999 -9999 -9999 -9999 -9999 -9999 -9999 -9999 -9999 -9999 -9999 -9999
-9999 13.435 13.073 12.901 13.173 -9999 -9999 -9999 -9999 -9999 -9999 -9999 11.961 -9999 -9999 -9999 -9999 -9999 -9999 -9999 -9999 -9999 -9999 -9999 -9999 -9999 -9999 -9999 -9999 -9999 -9999 12.416 12.275 12.206 12.111 11.643 10.639 11.308 11.556 11.696 12.12 11.929 12.18 10.864 9.337 8.832 9.722 10.291 9.649 9.765 10.687 11.356 12.454 12.631 12.661 12.814 12.881 12.962 12.985 13.239 13.537 -9999 -9999 -9999 -9999 -9999 -9999 -9999 -9999 -9999 -9999 -9999 -9999 -9999 -9999
13.993 13.245 13.119 13.178 13.154 -9999 -9999 -9999 -9999 -9999 -9999 -9999 -9999 -9999 -9999 -9999 -9999 -9999 -9999 -9999 -9999 -9999 -9999 -9999 -9999 -9999 -9999 -9999 -9999 -9999 12.395 12.452 12.307 12.221 11.87 11.255 9.275 10.136 11.527 11.919 12.039 12.34 12.167 11.693 10.296 9.035 9.694 9.841 10.085 10.532 10.588 11.034 11.76 12.724 12.924 13.022 12.973 12.994 13.18 13.571 13.863 -9999 -9999 -9999 -9999 -9999 -9999 -9999 -9999 -9999 -9999 -9999 -9999 -9999 -9999
13.421 13.433 13.511 -9999 13.336 13.206 -9999 -9999 -9999 -9999 -9999 -9999 -9999 -9999 -9999 -9999 -9999 -9999 -9999 -9999 -9999 -9999 -9999 -9999 -9999 -9999 -9999 -9999 -9999 -9999 11.785 12.0 12.193 11.029 10.586 10.825 11.13 10.913 10.892 11.564 11.823 12.011 12.341 12.282 11.245 10.539 9.456 10.088 10.6 10.939 11.186 11.636 12.081 12.484 12.67 12.976 13.001 13.059 13.162 13.581 14.054 14.065 13.809 -9999 -9999 -9999 -9999 -9999 -9999 -9999 -9999 -9999 -9999 -9999 -9999
13.156 13.356 13.518 -9999 -9999 13.182 -9999 -9999 -9999 -9999 -9999 -9999 -9999 -9999 -9999 -9999 -9999 -9999 -9999 -9999 -9999 -9999 -9999 -9999 -9999 -9999 -9999 -9999 -9999 -9999 11.826 11.847 11.357 10.35 11.704 11.697 10.751 10.295 11.221 11.302 11.072 12.056 11.945 12.356 12.396 11.447 10.879 10.454 10.795 11.132 11.684 11.932 12.27 12.596 12.967 13.047 13.24 13.099 13.288 13.575 13.95 13.604 13.5 13.381 13.391 12.98 -9999 -9999 -9999 -9999 -9999 -9999 -9999 -9999 -9999
13.144 13.149 13.425 13.567 -9999 13.116 -9999 -9999 -9999 -9999 -9999 -9999 -9999 -9999 -9999 -9999 -9999 -9999 -9999 -9999 -9999 -9999 -9999 -9999 -9999 -9999 -9999 -9999 -9999 12.505 12.007 11.639 10.622 9.958 9.797 10.634 11.028 11.167 10.941 10.385 11.575 10.885 11.631 12.071 12.293 12.142 11.965 11.448 10.766 11.063 11.597 11.94 12.173 12.472 12.882 13.273 13.346 13.359 13.446 13.636 13.747 13.64 12.778 12.812 12.953 12.88 12.92 12.737 -9999 -9999 -9999 -9999 -9999 -9999 -9999
13.211 13.387 13.475 -9999 13.188 -9999 -9999 -9999 -9999 -9999 -9999 -9999 -9999 -9999 -9999 -9999 -9999 -9999 -9999 -9999 -9999 -9999 -9999 -9999 -9999 -9999 -9999 -9999 -9999 -9999 12.441 11.772 10.485 10.168 10.515 8.928 10.061 11.334 10.821 11.37 10.18 10.555 11.531 11.934 11.904 12.039 11.747 9.979 10.369 10.559 10.538 10.896 11.786 12.221 12.693 13.206 13.426 13.448 13.522 13.684 13.767 13.636 13.065 12.809 13.144 13.127 12.864 12.689 12.735 -9999 -9999 -9999 -9999 -9999 -9999
13.548 13.609 13.481 13.211 12.925 -9999 -9999 -9999 -9999 -9999 -9999 -9999 -9999 -9999 -9999 -9999 -9999 -9999 -9999 -9999 -9999 -9999 -9999 -9999 -9999 -9999 -9999 -9999 -9999 -9999 -9999 12.22 11.815 11.878 10.188 10.129 10.821 12.185 12.52 11.01 10.995 11.488 11.692 11.339 11.356 11.712 10.676 10.357 10.213 9.677 10.187 10.931 11.251 12.089 12.64 13.21 13.468 13.477 13.538 13.637 12.922 12.705 12.205 11.689 12.095 12.483 12.964 12.723 12.673 13.069 -9999 -9999 -9999 -9999 -9999
13.428 13.61 13.473 13.05 -9999 -9999 -9999 -9999 -9999 -9999 -9999 -9999 -9999 -9999 -9999 -9999 -9999 -9999 -9999 -9999 -9999 -9999 -9999 -9999 -9999 -9999 -9999 -9999 -9999 -9999 -9999 12.656 12.493 12.098 11.228 10.454 10.307 12.195 11.701 12.032 12.38 12.368 12.031 11.46 10.366 11.395 10.593 9.901 10.465 11.431 11.64 11.568 11.776 12.098 12.905 13.439 13.627 13.628 13.425 12.956 12.546 12.145 12.428 12.306 12.245 12.144 12.259 12.558 12.637 12.901 13.525 -9999 -9999 -9999 -9999
13.274 13.247 13.04 12.884 -9999 -9999 -9999 -9999 -9999 -9999 -9999 -9999 -9999 -9999 -9999 -9999 -9999 -9999 -9999 -9999 -9999 -9999 -9999 -9999 -9999 -9999 -9999 -9999 -9999 -9999 -9999 -9999 11.905 11.491 11.347 10.72 11.869 11.789 12.35 12.681 12.791 12.607 12.274 11.646 11.735 10.202 10.544 10.81 10.901 11.489 11.577 11.432 12.259 12.512 13.126 13.504 13.766 13.777 13.416 12.931 12.674 12.51 12.444 12.54 12.605 12.53 12.449 12.503 12.867 13.056 13.357 -9999 -9999 -9999 -9999
-9999 -9999 -9999 -9999 -9999 -9999 -9999 -9999 -9999 -9999 -9999 -9999 -9999 -9999 -9999 -9999 -9999 -9999 -9999 -9999 -9999 -9999 -9999 -9999 -9999 -9999 -9999 -9999 -9999 -9999 -9999 -9999 12.633 11.072 11.784 12.674 12.255 12.579 12.64 13.033 12.993 12.44 12.424 12.418 10.324 10.949 10.551 10.542 10.6 11.719 11.828 12.035 12.235 12.765 13.077 13.55 13.794 13.841 13.648 12.919 12.503 12.696 12.932 12.955 13.021 12.998 12.991 12.656 12.49 13.02 13.122 13.572 -9999 -9999 -9999
-9999 -9999 -9999 -9999 -9999 -9999 -9999 -9999 -9999 -9999 -9999 -9999 -9999 -9999 -9999 -9999 -9999 -9999 -9999 -9999 -9999 -9999 -9999 -9999 -9999 -9999 -9999 -9999 -9999 -9999 -9999 -9999 -9999 12.425 13.134 12.931 12.701 12.94 12.867 13.19 12.994 12.686 12.752 11.876 10.832 10.254 10.173 9.789 10.542 10.747 11.143 11.735 11.815 12.315 12.968 13.46 13.729 13.647 13.533 13.427 12.542 12.511 13.214 13.635 13.532 13.592 13.637 13.551 13.304 13.439 13.688 13.517 -9999 -9999 -9999
-9999 -9999 -9999 -9999 -9999 -9999 -9999 -9999 -9999 -9999 -9999 -9999 -9999 -9999 -9999 -9999 -9999 -9999 -9999 -9999 -9999 -9999 -9999 -9999 -9999 -9999 -9999 -9999 -9999 -9999 -9999 -9999 -9999 12.764 -9999 12.934 13.322 13.088 13.084 -9999 13.127 12.831 12.772 11.991 10.795 10.735 10.66 10.176 10.651 10.68 10.071 11.028 11.477 11.851 12.382 13.185 13.596 13.573 13.482 13.547 13.556 13.221 13.555 13.84 13.714 13.493 13.58 13.718 13.766 13.788 13.437 13.134 13.125 -9999 -9999
-9999 -9999 -9999 -9999 -9999 -9999 -9999 -9999 -9999 -9999 -9999 -9999 -9999 -9999 -9999 -9999 -9999 -9999 -9999 -9999 -9999 -9999 -9999 -9999 -9999 -9999 -9999 -9999 -9999 -9999 -9999 -9999 -9999 -9999 13.179 13.108 -9999 -9999 -9999 -9999 13.327 13.124 13.179 12.554 12.101 11.106 10.978 10.851 10.762 11.607 11.184 10.56 11.451 11.731 12.391 12.979 13.562 13.81 13.833 13.812 13.826 13.712 13.515 13.655 13.515 13.406 13.523 13.558 13.386 13.416 13.621 13.381 13.134 12.98 12.979
-9999 -9999 -9999 -9999 -9999 -9999 -9999 -9999 -9999 -9999 -9999 -9999 -9999 -9999 -9999 -9999 -9999 -9999 -9999 -9999 -9999 -9999 -9999 -9999 -9999 -9999 -9999 -9999 -9999 -9999 -9999 -9999 -9999 -9999 13.046 13.177 -9999 -9999 -9999 -9999 13.438 13.069 13.339 12.942 12.158 12.358 12.221 11.387 11.336 11.571 11.792 10.705 11.371 11.753 12.165 12.807 13.538 13.923 14.046 14.088 14.049 13.979 13.82 13.653 13.6 13.54 13.538 13.401 13.157 13.0 13.142 13.374 13.479 13.391 13.295
-9999 -9999 -9999 -9999 -9999 -9999 -9999 -9999 -9999 -9999 -9999 -9999 -9999 -9999 -9999 -9999 -9999 -9999 -9999 -9999 -9999 -9999 -9999 -9999 -9999 -9999 -9999 -9999 -9999 -9999 -9999 -9999 -9999 -9999 13.113 -9999 -9999 -9999 -9999 13.596 13.234 12.939 12.289 11.971 12.043 12.123 12.277 11.743 11.289 11.935 11.964 11.896 11.376 11.969 12.328 12.841 13.312 13.8 13.948 14.103 14.2 14.202 14.157 14.043 13.968 13.666 13.156 13.108 13.097 13.207 13.349 13.533 13.645 13.632 -9999
-9999 -9999 -9999 -9999 -9999 -9999 -9999 -9999 -9999 -9999 -9999 -9999 -9999 -9999 -9999 -9999 -9999 -9999 -9999 -9999 -9999 -9999 -9999 -9999 -9999 -9999 -9999 -9999 -9999 -9999 -9999 -9999 -9999 -9999 -9999 -9999 -9999 -9999 -9999 13.303 12.872 11.976 11.183 10.901 11.54 12.284 12.273 12.477 12.395 12.556 12.396 12.22 11.961 12.018 12.541 12.919 13.219 13.614 13.867 14.046 14.253 14.383 14.407 14.296 14.142 13.946 13.112 12.652 13.23 13.49 13.74 13.795 13.812 13.69 -9999
-9999 -9999 -9999 -9999 -9999 -9999 -9999 -9999 -9999 -9999 -9999 -9999 -9999 -9999 -9999 -9999 -9999 -9999 -9999 -9999 -9999 -9999 -9999 -9999 -9999 -9999 -9999 -9999 -9999 -9999 -9999 -9999 -9999 -9999 -9999 -9999 -9999 -9999 -9999 13.135 12.851 12.197 11.389 11.466 12.103 12.312 12.703 12.697 12.703 12.757 12.708 12.958 12.458 12.439 12.557 12.869 13.164 13.549 13.905 14.015 14.208 14.477 14.496 14.391 14.218 14.06 13.63 12.988 13.208 13.646 13.841 13.946 13.893 13.754 -9999
-9999 -9999 -9999 -9999 -9999 -9999 -9999 -9999 -9999 -9999 -9999 -9999 -9999 -9999 -9999 -9999 -9999 -9999 -9999 -9999 -9999 -9999 -9999 -9999 -9999 -9999 -9999 -9999 -9999 -9999 -9999 -9999 -9999 -9999 -9999 -9999 -9999 -9999 13.182 13.104 12.756 11.966 11.475 11.301 12.07 12.138 13.021 12.732 12.769 12.479 12.526 12.455 13.272 13.241 13.404 13.361 13.615 13.559 13.769 13.952 14.03 14.178 14.447 14.35 14.164 13.972 13.897 13.471 13.389 13.666 13.88 13.98 13.963 13.829 13.694
-9999 -9999 -9999 -9999 -9999 -9999 -9999 -9999 -9999 -9999 -9999 -9999 -9999 -9999 -9999 -9999 -9999 -9999 -9999 -9999 -9999 -9999 -9999 -9999 -9999 -9999 -9999 -9999 -9999 -9999 -9999 -9999 -9999 -9999 -9999 -9999 -9999 -9999 13.266 13.294 13.091 12.658 11.936 12.76 12.645 13.247 12.669 12.228 12.318 11.954 12.17 12.846 12.712 13.293 13.346 13.365 13.466 13.663 13.646 13.806 13.986 14.079 14.184 14.141 13.901 13.786 13.84 13.859 13.549 13.617 13.843 13.993 14.071 13.949 13.774
-9999 -9999 -9999 -9999 -9999 -9999 -9999 -9999 -9999 -9999 -9999 -9999 -9999 -9999 -9999 -9999 -9999 -9999 -9999 -9999 -9999 -9999 -9999 -9999 -9999 -9999 -9999 -9999 -9999 -9999 -9999 -9999 -9999 -9999 -9999 -9999 -9999 13.294 13.383 13.396 13.568 13.088 13.102 13.058 13.336 13.248 12.592 12.568 12.254 11.816 12.102 12.627 13.579 13.293 13.832 13.851 13.776 13.612 13.674 13.745 13.937 14.023 14.044 13.971 13.757 13.666 13.77 13.875 13.77 13.548 13.795 14.183 14.354 14.218 13.97
-9999 -9999 -9999 -9999 -9999 -9999 -9999 -9999 -9999 -9999 -9999 -9999 -9999 -9999 -9999 -9999 -9999 -9999 -9999 -9999 -9999 -9999 -9999 -9999 -9999 -9999 -9999 -9999 -9999 -9999 -9999 -9999 -9999 -9999 -9999 -9999 -9999 13.38 13.242 13.402 13.522 13.421 13.335 13.368 13.196 12.936 13.13 12.906 12.146 11.107 11.525 12.083 12.954 13.62 13.655 14.148 14.329 14.101 13.755 13.822 13.971 14.049 14.05 14.003 13.84 13.772 13.845 13.962 13.85 13.645 13.936 14.475 14.674 14.559 14.214
-9999 -9999 -9999 -9999 -9999 -9999 -9999 -9999 -9999 -9999 -9999 -9999 -9999 -9999 -9999 -9999 -9999 -9999 -9999 -9999 -9999 -9999 -9999 -9999 -9999 -9999 -9999 -9999 -9999 -9999 -9999 -9999 -9999 -9999 -9999 -9999 -9999 13.357 13.391 13.537 13.656 13.629 13.569 13.281 13.047 12.978 12.643 12.011 11.227 11.248 11.646 12.082 12.811 13.527 13.605 13.726 14.222 14.473 14.317 14.131 14.161 14.14 14.104 14.106 14.031 13.974 14.024 14.083 14.145 14.013 14.148 14.622 14.809 14.656 14.382
-9999 -9999 -9999 -9999 -9999 -9999 -9999 -9999 -9999 -9999 -9999 -9999 -9999 -9999 -9999 -9999 -9999 -9999 -9999 -9999 -9999 -9999 -9999 -9999 -9999 -9999 -9999 -9999 -9999 -9999 -9999 -9999 -9999 -9999 -9999 -9999 -9999 -9999 13.484 13.575 13.678 13.645 13.208 12.768 12.555 12.463 12.417 12.165 11.693 11.969 12.075 12.725 13.713 13.954 13.994 13.764 14.191 14.462 14.322 14.245 14.289 14.221 14.17 14.183 14.182 14.154 14.163 14.199 14.196 14.267 14.315 -9999 14.638 -9999 14.359
-9999 -9999 -9999 -9999 -9999 -9999 -9999 -9999 -9999 -9999 -9999 -9999 -9999 -9999 -9999 -9999 -9999 -9999 -9999 -9999 -9999 -9999 -9999 -9999 -9999 -9999 -9999 -9999 -9999 -9999 -9999 -9999 -9999 -9999 -9999 -9999 -9999 13.552 13.547 13.604 13.69 13.534 12.924 12.135 12.117 12.394 12.001 11.958 12.209 11.911 11.677 12.352 13.263 14.222 14.001 14.036 14.378 14.388 14.174 14.211 14.26 14.289 14.252 14.252 14.251 14.244 14.255 14.087 14.107 14.21 14.083 14.094 14.263 14.315 -9999
-9999 -9999 -9999 -9999 -9999 -9999 -9999 -9999 -9999 -9999 -9999 -9999 -9999 -9999 -9999 -9999 -9999 -9999 -9999 -9999 -9999 -9999 -9999 -9999 -9999 -9999 -9999 -9999 -9999 -9999 -9999 -9999 -9999 -9999 -9999 -9999 -9999 13.616 13.611 13.64 13.565 13.252 12.963 12.538 12.34 12.661 12.671 12.783 12.956 12.324 11.898 12.387 13.133 13.55 13.487 13.612 13.954 14.076 13.861 13.931 14.179 14.294 14.377 14.356 14.324 14.286 14.322 14.362 14.115 14.192 14.179 13.942 14.047 14.192 14.286
-9999 -9999 -9999 -9999 -9999 -9999 -9999 -9999 -9999 -9999 -9999 -9999 -9999 -9999 -9999 -9999 -9999 -9999 -9999 -9999 -9999 -9999 -9999 -9999 -9999 -9999 -9999 -9999 -9999 -9999 -9999 -9999 -9999 -9999 -9999 -9999 13.602 13.613 13.523 13.407 13.328 13.46 13.43 12.956 13.231 13.375 13.453 13.581 13.381 12.63 11.665 11.498 12.27 12.842 12.758 13.231 13.819 13.946 14.022 13.956 14.163 14.361 14.475 14.468 14.406 14.33 14.342 14.396 14.334 14.202 14.207 13.919 13.858 14.051 14.234
-9999 -9999 -9999 -9999 -9999 -9999 -9999 -9999 -9999 -9999 -9999 -9999 -9999 -9999 -9999 -9999 -9999 -9999 -9999 -9999 -9999 -9999 -9999 -9999 -9999 -9999 -9999 -9999 -9999 -9999 -9999 -9999 -9999 -9999 -9999 -9999 13.617 13.704 13.627 13.604 13.508 13.434 13.753 13.735 13.805 13.843 13.895 13.924 13.696 13.114 12.384 11.255 10.938 11.957 12.251 12.729 13.522 13.721 14.18 14.334 14.212 14.379 14.555 14.573 14.485 14.362 14.33 14.379 14.31 14.247 14.223 14.145 13.658 13.794 14.068
-9999 -9999 -9999 -9999 -9999 -9999 -9999 -9999 -9999 -9999 -9999 -9999 -9999 -9999 -9999 -9999 -9999 -9999 -9999 -9999 -9999 -9999 -9999 -9999 -9999 -9999 -9999 -9999 -9999 -9999 -9999 -9999 -9999 -9999 -9999 -9999 -9999 13.972 13.981 14.046 13.892 14.028 14.022 14.052 14.13 14.18 14.37 14.372 14.136 13.688 12.789 11.78 10.792 10.666 11.63 12.395 13.164 13.804 13.895 14.219 14.19 14.259 14.509 14.577 14.48 14.344 14.304 14.295 14.25 14.214 14.225 14.126 13.799 13.57 13.778
