Validation/Results/raw data/ReClimate_06_2024_2_Temperatureweatherlogisticsltd.asc
NCOLS 192
NROWS 249
XLLCENTER -225160.85627316462
YLLCENTER 29788.11610251502
CELLSIZE 5000.0
NODATA_VALUE -9999
[rows 68 to 101 of 249, columns 75 to 149 of 192]
-9999 -9999 -9999 -9999 -9999 -9999 -9999 -9999 -9999 -9999 -9999 -0.34 -0.358 -0.38 -0.402 -0.427 -0.454 -0.48 -0.505 -0.529 -0.551 -0.572 -0.586 -0.6 -0.611 -0.62 -0.625 -0.627 -0.637 -9999 -9999 -9999 -9999 -9999 -9999 -9999 -9999 -9999 -9999 -9999 -9999 -9999 -9999 -9999 -9999 -9999 -9999 -9999 -9999 -9999 -9999 -9999 -9999 -9999 -9999 -9999 -9999 -9999 -9999 -9999 -9999 -9999 -9999 -9999 -9999 -9999 -9999 -9999 -9999 -9999 -9999 -9999 -9999 -9999 -9999
-9999 -9999 -9999 -9999 -9999 -9999 -9999 -9999 -9999 -9999 -9999 -9999 -9999 -0.397 -0.427 -0.46 -0.485 -0.506 -0.532 -0.556 -0.571 -0.568 -0.586 -0.612 -0.62 -0.623 -0.634 -9999 -9999 -9999 -9999 -9999 -9999 -9999 -9999 -9999 -9999 -9999 -9999 -9999 -9999 -9999 -9999 -9999 -9999 -9999 -9999 -9999 -9999 -9999 -9999 -9999 -9999 -9999 -9999 -9999 -9999 -9999 -9999 -9999 -9999 -9999 -9999 -9999 -9999 -9999 -9999 -9999 -9999 -9999 -9999 -9999 -9999 -9999 -9999
-9999 -9999 -9999 -9999 -9999 -9999 -9999 -0.312 -9999 -9999 -0.337 -0.355 -0.383 -0.416 -0.449 -0.481 -0.504 -0.525 -0.55 -0.575 -0.577 -0.574 -0.598 -0.623 -0.628 -0.631 -0.65 -9999 -9999 -9999 -9999 -9999 -9999 -9999 -9999 -9999 -9999 -9999 -9999 -9999 -9999 -9999 -9999 -9999 -9999 -9999 -9999 -9999 -9999 -9999 -9999 -9999 -9999 -9999 -9999 -9999 -9999 -9999 -9999 -9999 -9999 -9999 -9999 -9999 -9999 -9999 -9999 -9999 -9999 -9999 -9999 -9999 -9999 -9999 -9999
-9999 -9999 -9999 -9999 -9999 -0.325 -0.331 -0.332 -0.338 -0.335 -0.35 -0.38 -0.415 -0.444 -0.473 -0.494 -0.519 -0.548 -0.568 -0.58 -0.591 -0.615 -0.63 -0.625 -0.634 -0.648 -0.665 -9999 -9999 -9999 -9999 -9999 -9999 -9999 -9999 -9999 -9999 -9999 -9999 -9999 -9999 -9999 -9999 -9999 -9999 -9999 -9999 -9999 -9999 -9999 -9999 -9999 -9999 -9999 -9999 -9999 -9999 -9999 -9999 -9999 -9999 -9999 -9999 -9999 -9999 -9999 -9999 -9999 -9999 -9999 -9999 -9999 -9999 -9999 -9999
-9999 -9999 -9999 -9999 -9999 -0.363 -0.351 -9999 -0.347 -0.347 -0.372 -0.407 -0.437 -0.465 -0.488 -0.507 -0.536 -0.564 -0.578 -0.59 -0.614 -0.638 -0.638 -0.633 -0.647 -0.661 -9999 -0.687 -9999 -9999 -9999 -9999 -9999 -9999 -9999 -9999 -9999 -9999 -9999 -9999 -9999 -9999 -9999 -9999 -9999 -9999 -9999 -9999 -9999 -9999 -9999 -9999 -9999 -9999 -9999 -9999 -9999 -9999 -9999 -9999 -9999 -9999 -9999 -9999 -9999 -9999 -9999 -9999 -9999 -9999 -9999 -9999 -9999 -9999 -9999
-9999 -9999 -9999 -9999 -9999 -9999 -0.369 -0.343 -0.351 -0.382 -0.416 -0.448 -0.47 -0.482 -0.504 -0.531 -0.554 -0.572 -0.589 -0.612 -0.631 -0.643 -0.649 -0.66 -0.671 -0.676 -0.693 -0.712 -9999 -9999 -9999 -9999 -9999 -9999 -9999 -9999 -9999 -9999 -9999 -9999 -9999 -9999 -9999 -9999 -9999 -9999 -9999 -9999 -9999 -9999 -9999 -9999 -9999 -9999 -9999 -9999 -9999 -9999 -9999 -9999 -9999 -9999 -9999 -9999 -9999 -9999 -9999 -9999 -9999 -9999 -9999 -9999 -9999 -9999 -9999
-9999 -9999 -9999 -9999 -9999 -9999 -9999 -0.361 -0.385 -0.427 -0.458 -0.488 -0.501 -0.51 -0.535 -0.559 -0.576 -0.594 -0.612 -0.631 -0.642 -0.653 -0.666 -0.676 -0.683 -0.688 -0.708 -0.726 -9999 -9999 -9999 -9999 -9999 -9999 -9999 -9999 -9999 -9999 -9999 -9999 -9999 -9999 -9999 -9999 -9999 -9999 -9999 -9999 -9999 -9999 -9999 -9999 -9999 -9999 -9999 -9999 -9999 -9999 -9999 -9999 -9999 -9999 -9999 -9999 -9999 -9999 -9999 -9999 -9999 -9999 -9999 -9999 -9999 -9999 -9999
-9999 -9999 -9999 -9999 -9999 -0.44 -0.404 -0.421 -0.445 -0.476 -0.502 -0.52 -0.534 -0.548 -0.574 -0.603 -0.619 -0.631 -0.65 -0.674 -0.681 -0.679 -0.69 -0.703 -0.711 -9999 -0.734 -9999 -9999 -9999 -9999 -9999 -9999 -0.743 -0.754 -0.766 -9999 -9999 -9999 -9999 -9999 -9999 -9999 -9999 -9999 -9999 -9999 -9999 -9999 -9999 -9999 -9999 -9999 -9999 -9999 -9999 -9999 -9999 -9999 -9999 -9999 -9999 -9999 -9999 -9999 -9999 -9999 -9999 -9999 -9999 -9999 -9999 -9999 -9999 -9999
-0.495 -9999 -9999 -9999 -9999 -9999 -0.462 -0.476 -0.496 -0.518 -0.536 -0.551 -0.567 -0.58 -0.608 -0.636 -0.649 -0.661 -0.683 -0.705 -0.706 -0.703 -0.713 -0.722 -0.73 -0.737 -9999 -9999 -9999 -9999 -0.754 -0.766 -0.76 -0.753 -0.765 -0.779 -0.782 -0.785 -0.791 -0.797 -0.797 -0.796 -0.809 -0.821 -0.818 -0.818 -0.814 -0.81 -0.803 -0.798 -0.808 -0.821 -9999 -9999 -9999 -9999 -9999 -9999 -9999 -9999 -9999 -9999 -9999 -9999 -9999 -9999 -9999 -9999 -9999 -9999 -9999 -9999 -9999 -9999 -9999
-0.536 -9999 -9999 -9999 -0.511 -9999 -0.499 -0.532 -0.547 -0.563 -0.574 -0.587 -0.602 -0.616 -0.646 -0.679 -0.69 -0.695 -0.719 -0.747 -0.751 -0.757 -0.761 -0.755 -0.756 -9999 -9999 -9999 -9999 -0.749 -0.763 -0.755 -0.76 -0.775 -0.79 -0.801 -0.807 -0.807 -0.812 -0.807 -0.813 -0.818 -0.829 -0.832 -0.832 -0.824 -0.825 -0.826 -0.826 -0.823 -0.838 -0.84 -9999 -9999 -9999 -9999 -9999 -9999 -9999 -9999 -9999 -9999 -9999 -9999 -9999 -9999 -9999 -9999 -9999 -9999 -9999 -9999 -9999 -9999 -9999
-0.585 -9999 -9999 -9999 -0.544 -0.538 -0.551 -0.585 -0.597 -0.608 -0.614 -0.62 -0.633 -0.646 -0.678 -0.714 -0.72 -0.724 -0.75 -0.776 -0.784 -0.79 -0.787 -0.78 -9999 -9999 -0.758 -0.754 -0.755 -0.758 -0.756 -0.756 -0.772 -0.788 -0.8 -0.813 -0.816 -0.818 -0.818 -0.815 -0.822 -0.83 -0.835 -0.839 -0.836 -0.83 -0.833 -0.837 -0.838 -0.838 -0.853 -0.87 -0.873 -9999 -9999 -9999 -9999 -9999 -9999 -9999 -9999 -9999 -9999 -9999 -9999 -9999 -9999 -9999 -9999 -9999 -9999 -9999 -9999 -9999 -9999
-0.65 -9999 -0.636 -9999 -0.612 -0.605 -0.619 -0.625 -0.636 -0.648 -0.653 -0.661 -0.673 -0.695 -0.722 -0.739 -0.747 -0.754 -0.776 -0.798 -0.801 -0.797 -0.798 -0.807 -9999 -0.795 -0.785 -0.757 -0.762 -0.777 -0.782 -0.791 -0.804 -0.809 -0.815 -0.807 -0.81 -0.814 -0.815 -0.816 -0.822 -0.825 -0.834 -0.852 -0.855 -0.864 -0.868 -0.865 -0.868 -0.869 -0.879 -0.894 -0.905 -9999 -9999 -9999 -9999 -9999 -9999 -9999 -9999 -9999 -9999 -9999 -9999 -9999 -9999 -9999 -9999 -9999 -9999 -9999 -9999 -9999 -9999
-9999 -0.691 -9999 -9999 -9999 -0.659 -0.662 -0.666 -0.676 -0.687 -0.693 -0.699 -0.714 -0.732 -0.747 -0.763 -0.773 -0.78 -0.8 -0.82 -0.818 -0.813 -0.821 -0.828 -0.83 -0.822 -0.798 -0.769 -0.779 -0.792 -0.801 -0.81 -0.816 -0.822 -0.817 -0.809 -0.814 -0.817 -0.819 -0.82 -0.824 -0.827 -0.843 -0.86 -0.87 -0.88 -0.88 -0.879 -0.882 -0.884 -0.894 -0.906 -0.919 -9999 -9999 -9999 -9999 -9999 -9999 -9999 -9999 -9999 -9999 -9999 -9999 -9999 -9999 -9999 -9999 -9999 -9999 -9999 -9999 -9999 -9999
-0.743 -9999 -9999 -9999 -9999 -0.686 -0.694 -0.714 -9999 -0.727 -0.733 -0.738 -0.749 -0.762 -0.772 -0.785 -0.797 -0.81 -0.831 -0.852 -0.852 -0.852 -0.854 -0.845 -0.842 -0.835 -0.816 -0.803 -0.811 -0.82 -0.822 -0.819 -0.823 -0.825 -0.826 -0.837 -0.839 -0.83 -0.834 -0.838 -0.839 -0.832 -0.849 -0.872 -0.881 -0.886 -0.886 -0.884 -0.889 -0.896 -0.908 -0.917 -0.928 -9999 -9999 -9999 -9999 -9999 -9999 -9999 -9999 -9999 -9999 -9999 -9999 -9999 -9999 -9999 -9999 -9999 -9999 -9999 -9999 -9999 -9999
-0.783 -9999 -9999 -9999 -0.724 -9999 -9999 -0.754 -0.758 -0.763 -0.767 -0.772 -0.781 -0.791 -0.798 -0.807 -0.821 -0.834 -0.856 -0.879 -0.881 -0.879 -0.872 -0.858 -0.852 -0.847 -0.837 -0.824 -0.831 -0.838 -0.833 -0.828 -0.831 -0.831 -0.842 -0.853 -0.848 -0.84 -0.845 -0.849 -0.844 -0.837 -0.857 -0.88 -0.886 -0.891 -0.89 -0.888 -0.896 -0.904 -0.916 -0.93 -9999 -9999 -9999 -9999 -9999 -9999 -9999 -9999 -9999 -9999 -9999 -9999 -9999 -9999 -9999 -9999 -9999 -9999 -9999 -9999 -9999 -9999 -9999
-0.815 -0.807 -0.793 -9999 -9999 -9999 -0.778 -0.788 -9999 -0.809 -0.81 -0.801 -0.81 -0.818 -0.829 -0.854 -0.862 -0.866 -0.883 -0.889 -0.892 -0.895 -0.885 -0.878 -0.869 -0.854 -0.847 -0.846 -0.849 -0.847 -0.842 -0.841 -0.842 -0.846 -0.854 -0.858 -0.855 -0.853 -0.857 -0.858 -0.858 -0.862 -0.875 -0.874 -0.883 -0.9 -0.901 -0.902 -0.912 -0.923 -0.937 -9999 -9999 -9999 -9999 -9999 -9999 -9999 -9999 -9999 -9999 -9999 -9999 -9999 -9999 -9999 -9999 -9999 -9999 -9999 -9999 -9999 -9999 -9999 -9999
-0.849 -0.84 -0.826 -9999 -0.806 -0.807 -0.814 -0.82 -0.832 -0.844 -0.838 -0.83 -0.837 -0.845 -0.864 -0.887 -0.888 -0.891 -0.898 -0.901 -0.906 -0.904 -0.899 -0.892 -0.879 -0.864 -0.862 -0.862 -0.86 -0.858 -0.856 -0.853 -0.855 -0.858 -0.862 -0.866 -0.865 -0.863 -0.864 -0.865 -0.87 -0.875 -0.875 -0.875 -0.889 -0.905 -0.908 -0.91 -0.921 -0.933 -0.949 -9999 -9999 -9999 -9999 -9999 -9999 -9999 -9999 -9999 -9999 -9999 -9999 -9999 -9999 -9999 -9999 -9999 -9999 -9999 -9999 -9999 -9999 -9999 -9999
-0.895 -0.879 -0.864 -0.85 -0.841 -0.828 -9999 -0.856 -0.862 -0.864 -0.861 -0.862 -0.867 -0.87 -0.882 -0.888 -0.893 -0.91 -0.918 -0.934 -0.925 -0.9 -0.9 -0.909 -0.901 -0.896 -0.891 -0.877 -0.882 -0.897 -0.896 -0.891 -0.891 -0.885 -0.89 -0.895 -0.893 -0.886 -0.888 -0.888 -0.891 -0.889 -0.893 -0.902 -0.912 -0.915 -0.92 -0.927 -0.938 -0.947 -9999 -9999 -9999 -9999 -9999 -9999 -9999 -9999 -9999 -9999 -9999 -9999 -9999 -9999 -9999 -9999 -9999 -9999 -9999 -9999 -9999 -9999 -9999 -9999 -9999
-9999 -9999 -9999 -0.883 -0.869 -9999 -0.87 -0.887 -0.888 -0.889 -0.89 -0.891 -0.893 -0.895 -0.9 -0.905 -0.917 -0.928 -0.94 -0.949 -0.927 -0.903 -0.91 -0.919 -0.916 -0.913 -0.902 -0.889 -0.903 -0.919 -0.916 -0.913 -0.908 -0.902 -0.906 -0.91 -0.906 -0.899 -0.9 -0.9 -0.899 -0.897 -0.905 -0.915 -0.918 -0.92 -0.928 -0.936 -0.946 -0.95 -9999 -9999 -9999 -9999 -9999 -9999 -9999 -9999 -9999 -9999 -9999 -9999 -9999 -9999 -9999 -9999 -9999 -9999 -9999 -9999 -9999 -9999 -9999 -9999 -9999
-9999 -9999 -0.92 -0.917 -9999 -0.894 -0.905 -9999 -0.912 -0.92 -0.923 -0.93 -0.932 -0.929 -0.938 -0.95 -0.959 -0.966 -0.962 -0.947 -0.932 -0.927 -0.934 -0.943 -0.938 -0.928 -0.922 -0.921 -0.933 -0.943 -0.938 -0.923 -0.921 -0.918 -0.916 -0.904 -0.906 -0.921 -0.923 -0.923 -0.922 -0.917 -0.921 -0.918 -0.926 -0.941 -0.948 -0.949 -0.952 -0.94 -9999 -9999 -9999 -9999 -9999 -9999 -9999 -9999 -9999 -9999 -9999 -9999 -9999 -9999 -9999 -9999 -9999 -9999 -9999 -9999 -9999 -9999 -9999 -9999 -9999
-9999 -9999 -0.951 -9999 -9999 -0.929 -0.932 -0.935 -0.941 -0.95 -0.958 -0.968 -0.967 -0.964 -0.975 -0.982 -0.984 -0.986 -0.97 -0.953 -0.948 -0.943 -0.95 -0.959 -0.95 -0.94 -0.94 -0.94 -0.948 -0.958 -0.947 -0.932 -0.932 -0.931 -0.92 -0.906 -0.919 -0.933 -0.934 -0.934 -0.931 -0.926 -0.923 -0.919 -0.932 -0.946 -0.948 -0.949 -0.943 -0.934 -9999 -9999 -9999 -9999 -9999 -9999 -9999 -9999 -9999 -9999 -9999 -9999 -9999 -9999 -9999 -9999 -9999 -9999 -9999 -9999 -9999 -9999 -9999 -9999 -9999
-9999 -9999 -9999 -9999 -9999 -9999 -0.965 -0.972 -0.982 -0.997 -1.0 -0.995 -0.993 -0.987 -0.988 -0.981 -0.978 -0.973 -0.958 -0.948 -0.945 -0.947 -0.948 -0.944 -0.94 -0.947 -0.95 -0.956 -0.96 -0.956 -0.954 -0.967 -0.962 -0.944 -0.938 -0.94 -0.941 -0.925 -0.926 -0.928 -0.923 -0.915 -0.919 -0.935 -0.942 -0.939 -0.942 -0.946 -0.939 -9999 -9999 -9999 -9999 -9999 -9999 -9999 -9999 -9999 -9999 -9999 -9999 -9999 -9999 -9999 -9999 -9999 -9999 -9999 -9999 -9999 -9999 -9999 -9999 -9999 -9999
-9999 -9999 -9999 -9999 -1.002 -0.996 -9999 -1.009 -1.021 -1.034 -1.03 -1.021 -1.013 -1.001 -0.994 -0.987 -0.98 -0.975 -0.963 -0.953 -0.953 -0.954 -0.948 -0.943 -0.948 -0.955 -0.96 -0.966 -0.963 -0.96 -0.971 -0.983 -0.971 -0.954 -0.954 -0.952 -0.936 -0.919 -0.921 -0.922 -0.916 -0.907 -0.921 -0.936 -0.935 -0.933 -0.936 -0.94 -0.929 -9999 -9999 -9999 -9999 -9999 -9999 -9999 -9999 -9999 -9999 -9999 -9999 -9999 -9999 -9999 -9999 -9999 -9999 -9999 -9999 -9999 -9999 -9999 -9999 -9999 -9999
-9999 -9999 -9999 -1.032 -1.024 -1.038 -1.035 -1.02 -1.03 -1.046 -1.035 -1.021 -1.015 -1.015 -1.01 -1.012 -1.007 -1.002 -0.994 -0.988 -0.978 -0.95 -0.949 -0.957 -0.962 -0.967 -0.975 -0.989 -0.982 -0.967 -0.972 -0.971 -0.967 -0.976 -0.971 -0.955 -0.945 -0.949 -0.949 -0.943 -0.936 -0.922 -0.932 -0.937 -0.933 -0.923 -0.925 -0.924 -9999 -9999 -9999 -9999 -9999 -9999 -9999 -9999 -9999 -9999 -9999 -9999 -9999 -9999 -9999 -9999 -9999 -9999 -9999 -9999 -9999 -9999 -9999 -9999 -9999 -9999 -9999
-9999 -9999 -9999 -1.055 -9999 -1.067 -1.051 -1.032 -1.042 -1.055 -1.042 -1.028 -1.029 -1.025 -1.025 -1.027 -1.022 -1.018 -1.012 -1.007 -0.982 -0.954 -0.96 -0.967 -0.971 -0.975 -0.986 -1.0 -0.987 -0.971 -0.969 -0.967 -0.975 -0.983 -0.971 -0.956 -0.956 -0.959 -0.953 -0.947 -0.936 -0.923 -0.928 -0.933 -0.925 -0.915 -0.915 -0.914 -9999 -9999 -9999 -9999 -9999 -9999 -9999 -9999 -9999 -9999 -9999 -9999 -9999 -9999 -9999 -9999 -9999 -9999 -9999 -9999 -9999 -9999 -9999 -9999 -9999 -9999 -9999
-9999 -9999 -9999 -9999 -9999 -1.067 -1.058 -1.065 -1.064 -1.043 -1.039 -1.05 -1.039 -1.005 -1.011 -1.036 -1.034 -1.037 -1.027 -1.011 -0.993 -0.985 -0.984 -0.972 -0.978 -0.993 -0.999 -0.998 -0.989 -0.985 -0.978 -0.961 -0.964 -0.965 -0.959 -0.962 -0.961 -0.96 -0.956 -0.959 -0.946 -0.929 -0.928 -0.914 -0.906 -0.898 -0.902 -0.912 -9999 -9999 -9999 -9999 -9999 -9999 -9999 -9999 -9999 -9999 -9999 -9999 -9999 -9999 -9999 -9999 -9999 -9999 -9999 -9999 -9999 -9999 -9999 -9999 -9999 -9999 -9999
-9999 -9999 -9999 -1.094 -1.086 -1.073 -1.078 -1.085 -1.067 -1.046 -1.054 -1.065 -9999 -1.003 -1.021 -1.045 -1.045 -1.048 -1.033 -1.017 -1.009 -1.001 -0.99 -0.977 -0.988 -1.002 -1.001 -1.0 -0.996 -0.992 -0.977 -0.959 -0.958 -0.957 -0.96 -0.962 -0.96 -0.959 -0.96 -0.961 -0.945 -0.926 -0.915 -0.901 -0.895 -0.887 -0.897 -0.907 -9999 -9999 -9999 -9999 -9999 -9999 -9999 -9999 -9999 -9999 -9999 -9999 -9999 -9999 -9999 -9999 -9999 -9999 -9999 -9999 -9999 -9999 -9999 -9999 -9999 -9999 -9999
-1.066 -1.084 -1.096 -9999 -1.101 -1.099 -1.099 -1.088 -1.074 -1.063 -1.065 -9999 -1.037 -1.039 -1.048 -1.047 -1.045 -1.042 -1.032 -1.031 -1.022 -1.014 -1.005 -1.0 -1.003 -0.994 -0.996 -1.006 -1.002 -0.995 -0.983 -0.972 -0.969 -0.958 -0.961 -0.966 -0.964 -0.965 -0.962 -0.954 -0.938 -0.924 -0.907 -0.887 -0.889 -0.903 -0.902 -9999 -9999 -9999 -9999 -9999 -9999 -9999 -9999 -9999 -9999 -9999 -9999 -9999 -9999 -9999 -9999 -9999 -9999 -9999 -9999 -9999 -9999 -9999 -9999 -9999 -9999 -9999 -9999
-1.085 -1.096 -1.102 -1.108 -9999 -1.113 -1.106 -1.096 -1.087 -1.076 -1.069 -1.057 -1.056 -1.058 -1.054 -1.052 -1.048 -1.044 -1.041 -1.04 -1.031 -1.023 -1.017 -1.012 -1.003 -0.993 -1.001 -1.01 -1.004 -0.997 -0.988 -0.978 -0.969 -0.958 -0.961 -0.965 -0.965 -0.965 -0.957 -0.949 -0.936 -0.921 -0.9 -0.876 -0.89 -9999 -9999 -9999 -9999 -9999 -9999 -9999 -9999 -9999 -9999 -9999 -9999 -9999 -9999 -9999 -9999 -9999 -9999 -9999 -9999 -9999 -9999 -9999 -9999 -9999 -9999 -9999 -9999 -9999 -9999
-9999 -9999 -1.114 -9999 -1.13 -1.14 -1.138 -1.126 -1.113 -9999 -9999 -1.088 -1.08 -1.057 -1.059 -1.075 -1.069 -1.059 -1.054 -1.046 -1.04 -1.04 -1.034 -1.028 -1.019 -1.01 -1.015 -1.016 -1.008 -0.993 -0.989 -0.992 -0.985 -0.978 -0.977 -0.968 -0.965 -0.96 -0.953 -0.95 -0.936 -0.918 -0.899 -0.884 -9999 -9999 -9999 -9999 -9999 -9999 -9999 -9999 -9999 -9999 -9999 -9999 -9999 -9999 -9999 -9999 -9999 -9999 -9999 -9999 -9999 -9999 -9999 -9999 -9999 -9999 -9999 -9999 -9999 -9999 -9999
-1.105 -9999 -1.12 -1.128 -1.138 -1.151 -1.148 -1.142 -9999 -9999 -1.108 -1.106 -1.084 -1.062 -1.073 -1.089 -1.079 -1.069 -1.061 -1.052 -1.05 -1.05 -1.044 -1.037 -1.028 -1.019 -1.019 -1.02 -1.008 -0.993 -0.995 -0.998 -0.992 -0.984 -0.977 -0.967 -0.962 -0.955 -0.951 -0.947 -0.932 -0.914 -0.9 -0.885 -0.893 -9999 -9999 -9999 -9999 -9999 -9999 -9999 -9999 -9999 -9999 -9999 -9999 -9999 -9999 -9999 -9999 -9999 -9999 -9999 -9999 -9999 -9999 -9999 -9999 -9999 -9999 -9999 -9999 -9999 -9999
-1.11 -1.116 -1.126 -1.141 -1.148 -1.15 -1.15 -9999 -9999 -1.134 -1.133 -1.126 -1.109 -1.093 -1.097 -1.09 -1.078 -1.064 -1.061 -1.068 -1.063 -1.054 -1.047 -1.038 -1.032 -1.031 -1.029 -1.024 -1.017 -1.016 -1.015 -1.006 -0.996 -0.977 -0.972 -0.974 -0.967 -0.955 -0.949 -0.944 -0.931 -0.922 -0.909 -0.896 -9999 -9999 -9999 -9999 -9999 -9999 -9999 -9999 -9999 -9999 -9999 -9999 -9999 -9999 -9999 -9999 -9999 -9999 -9999 -9999 -9999 -9999 -9999 -9999 -9999 -9999 -9999 -9999 -9999 -9999 -9999
-1.105 -1.112 -9999 -9999 -1.148 -1.149 -9999 -9999 -9999 -1.159 -1.155 -1.139 -1.125 -1.11 -1.102 -1.095 -1.082 -1.068 -1.072 -1.079 -1.069 -1.06 -1.051 -1.042 -1.04 -1.04 -1.036 -1.031 -1.031 -1.031 -1.023 -1.015 -0.999 -0.979 -0.98 -0.981 -0.971 -0.959 -0.952 -0.946 -0.938 -0.929 -0.919 -0.907 -9999 -9999 -9999 -9999 -9999 -9999 -9999 -9999 -9999 -9999 -9999 -9999 -9999 -9999 -9999 -9999 -9999 -9999 -9999 -9999 -9999 -9999 -9999 -9999 -9999 -9999 -9999 -9999 -9999 -9999 -9999
-9999 -1.109 -1.122 -1.13 -9999 -9999 -9999 -9999 -1.157 -1.167 -1.164 -1.154 -1.142 -1.132 -1.122 -1.107 -1.099 -1.1 -1.102 -1.1 -1.09 -1.076 -1.07 -1.066 -1.063 -1.055 -1.052 -1.05 -1.05 -1.049 -1.038 -1.019 -1.008 -1.002 -0.999 -0.989 -0.976 -0.959 -0.952 -0.95 -0.945 -0.946 -0.93 -9999 -9999 -9999 -9999 -9999 -9999 -9999 -9999 -9999 -9999 -9999 -9999 -9999 -9999 -9999 -9999 -9999 -9999 -9999 -9999 -9999 -9999 -9999 -9999 -9999 -9999 -9999 -9999 -9999 -9999 -9999 -9999
