Validation/Results/raw data/ReClimate_11_2023_2_Temperature-Actualsweatherlogisticsltd.asc
NCOLS 192
NROWS 249
XLLCENTER -225160.85627316462
YLLCENTER 29788.11610251502
CELLSIZE 5000.0
NODATA_VALUE -9999
[rows 204 to 237 of 249, columns 77 to 153 of 192]
-9999 -9999 8.273 -9999 7.754 7.36 7.044 6.704 6.577 6.366 6.359 6.316 6.104 5.96 5.689 6.157 6.062 6.114 6.303 6.536 6.49 6.494 5.972 5.49 4.435 3.891 5.167 5.045 5.137 4.68 5.112 5.95 5.45 4.373 5.675 5.878 5.774 5.796 6.257 6.59 6.437 6.17 6.242 6.535 6.681 6.798 6.691 6.384 5.784 5.461 5.347 5.508 5.608 5.716 5.641 5.383 5.461 5.611 5.756 5.818 5.833 5.782 5.637 5.632 5.706 5.706 5.772 5.782 5.698 5.731 5.654 5.683 5.856 5.845 5.77 5.661 5.649
-9999 -9999 -9999 -9999 -9999 -9999 7.006 7.116 6.905 6.7 6.63 6.483 6.303 6.086 6.345 6.322 6.393 6.424 6.343 6.512 6.296 6.167 5.465 4.766 4.035 4.286 4.234 4.546 3.952 4.083 5.432 5.417 5.38 6.287 5.681 5.803 6.216 6.426 6.62 6.305 6.038 5.734 6.154 6.604 6.711 6.77 6.678 6.076 5.404 5.286 5.29 5.533 5.508 5.631 5.549 5.641 5.7 5.874 6.005 6.038 5.952 5.839 5.777 5.767 5.855 5.901 5.807 5.678 5.534 5.558 5.718 5.697 5.826 5.784 5.856 5.942 5.888
-9999 -9999 -9999 -9999 -9999 -9999 7.321 7.159 7.004 6.928 6.51 6.266 6.099 6.353 6.512 6.554 6.643 6.262 6.138 6.375 6.48 6.381 5.775 5.552 5.408 5.204 4.948 4.756 4.259 4.568 4.263 4.837 5.526 5.389 5.106 6.258 6.427 6.543 6.164 6.114 5.649 5.918 6.257 6.679 6.685 6.484 5.758 5.348 5.376 5.5 5.406 5.479 5.545 5.605 5.743 5.671 5.937 6.118 6.259 6.249 6.041 5.851 5.753 5.803 5.941 5.957 5.811 5.474 5.508 5.545 5.572 5.773 5.869 5.964 6.035 6.191 6.059
-9999 -9999 -9999 -9999 7.974 7.712 7.48 7.243 -9999 6.998 6.844 6.696 6.923 7.001 7.03 -9999 6.713 6.397 6.458 6.138 6.584 5.834 5.842 5.668 5.498 5.48 5.734 5.339 5.034 4.88 4.764 4.966 5.378 4.651 5.482 6.284 6.22 6.461 6.362 5.91 6.001 6.223 6.516 6.627 6.482 5.823 5.723 5.442 5.498 5.442 5.612 5.664 5.672 5.775 5.914 5.966 6.089 6.124 6.34 6.291 6.17 6.017 5.95 5.907 5.901 5.808 5.566 5.453 5.396 5.614 5.687 5.801 5.919 5.932 5.973 6.245 6.178
-9999 -9999 -9999 -9999 7.949 -9999 -9999 -9999 7.293 7.244 7.168 -9999 -9999 -9999 -9999 -9999 6.897 6.685 6.292 6.851 6.567 6.397 6.295 6.065 6.196 6.262 4.88 4.812 5.568 5.529 5.41 5.256 4.892 5.03 6.04 6.12 6.424 6.405 5.843 6.194 6.294 6.684 6.686 6.672 6.288 5.838 5.828 5.578 5.673 5.767 5.784 5.857 5.947 5.977 6.053 6.09 6.145 6.106 6.175 6.299 6.077 6.046 5.968 5.917 5.728 5.645 5.545 5.406 5.474 5.748 5.91 5.955 5.93 5.917 6.026 6.218 6.241
-9999 -9999 -9999 -9999 -9999 -9999 7.748 7.534 7.416 7.593 7.482 -9999 -9999 -9999 -9999 -9999 -9999 -9999 -9999 7.132 7.005 7.008 7.163 6.812 6.479 5.253 4.808 4.785 4.971 5.305 5.38 5.389 5.473 5.467 5.78 6.369 6.432 5.675 6.075 6.252 6.937 6.894 6.81 6.733 6.01 5.883 5.742 5.736 5.831 5.943 5.996 6.03 6.034 6.069 5.996 6.045 6.114 6.162 6.154 6.231 6.092 5.964 5.752 5.643 5.755 5.554 5.507 5.573 5.673 5.842 6.024 5.928 5.953 6.133 6.393 6.523 6.254
-9999 -9999 -9999 -9999 -9999 -9999 -9999 7.627 -9999 -9999 -9999 -9999 -9999 -9999 -9999 -9999 -9999 7.14 7.12 7.035 7.043 7.46 7.58 7.308 6.524 5.839 5.111 4.865 5.22 5.907 5.723 5.376 5.516 5.732 6.373 6.646 6.332 6.154 6.462 6.886 -9999 6.898 6.761 6.374 5.693 5.652 5.814 5.894 6.012 6.028 6.102 6.063 6.053 6.023 6.097 6.12 6.192 6.185 6.202 6.122 5.991 5.803 5.528 5.514 5.575 5.852 5.753 5.756 5.928 6.015 6.149 6.191 6.098 6.331 6.681 6.844 6.713
-9999 -9999 -9999 -9999 -9999 -9999 -9999 -9999 -9999 -9999 -9999 -9999 -9999 -9999 -9999 -9999 -9999 7.417 7.311 7.453 7.462 -9999 -9999 -9999 7.073 6.023 6.023 5.732 6.058 5.996 5.533 5.652 6.178 6.408 6.593 6.854 6.754 6.909 7.041 -9999 6.939 6.602 6.513 5.983 5.631 5.887 5.976 6.086 6.067 6.017 6.082 6.1 6.062 6.039 5.943 6.004 6.077 6.025 6.102 6.162 5.954 5.559 5.559 5.581 5.801 6.033 6.105 5.985 6.124 6.277 6.353 6.466 6.484 6.296 6.699 7.006 6.953
-9999 -9999 -9999 -9999 -9999 -9999 -9999 -9999 -9999 -9999 -9999 -9999 -9999 -9999 -9999 -9999 -9999 -9999 -9999 -9999 -9999 -9999 -9999 -9999 7.604 6.94 6.32 6.324 6.429 6.317 6.132 6.334 6.594 6.793 7.001 7.172 7.286 -9999 -9999 7.188 6.821 6.538 6.374 5.96 5.801 5.962 6.036 6.159 6.214 6.034 6.061 6.081 5.866 5.666 5.594 5.537 5.499 5.708 5.826 5.947 5.939 5.745 5.653 5.863 5.878 6.088 6.307 6.255 6.28 6.344 6.487 6.636 6.733 6.872 6.962 7.184 7.111
-9999 -9999 -9999 -9999 -9999 -9999 -9999 -9999 -9999 -9999 -9999 -9999 -9999 -9999 -9999 -9999 -9999 -9999 -9999 -9999 -9999 -9999 -9999 -9999 7.437 7.116 6.901 6.775 6.435 6.302 6.485 6.722 7.007 7.165 -9999 -9999 -9999 -9999 -9999 7.131 6.734 6.562 6.414 6.021 5.853 5.98 6.006 6.177 6.237 6.043 5.807 5.835 5.587 5.415 5.324 5.409 5.433 5.489 5.778 5.805 6.02 6.118 5.992 6.188 6.194 6.251 6.394 6.44 6.516 6.577 6.619 6.651 6.793 7.002 7.211 7.273 7.032
-9999 -9999 -9999 -9999 -9999 -9999 -9999 -9999 -9999 -9999 -9999 -9999 -9999 -9999 -9999 -9999 -9999 -9999 -9999 -9999 -9999 -9999 -9999 -9999 -9999 -9999 7.157 6.631 6.311 6.443 6.572 6.94 7.234 -9999 -9999 -9999 -9999 7.197 6.911 6.755 6.946 6.802 6.507 5.937 5.874 5.895 5.996 6.175 6.163 5.849 5.567 5.506 5.58 5.442 5.453 5.435 5.681 5.747 5.818 6.007 6.042 6.263 6.425 6.374 6.36 6.344 6.354 6.337 6.501 6.686 6.772 6.838 6.779 6.891 7.005 7.088 6.937
-9999 -9999 -9999 -9999 -9999 -9999 -9999 -9999 -9999 -9999 -9999 -9999 -9999 -9999 -9999 -9999 -9999 -9999 -9999 -9999 -9999 -9999 -9999 -9999 -9999 -9999 -9999 7.019 6.717 6.769 6.94 7.215 -9999 -9999 -9999 -9999 7.172 6.969 6.694 6.631 6.662 6.703 6.553 6.266 6.264 5.957 6.048 6.117 5.857 5.709 5.641 5.481 5.606 5.651 5.708 5.771 5.861 5.981 5.954 5.948 6.086 6.247 6.287 6.31 6.218 6.271 6.316 6.31 6.389 6.627 6.744 6.806 6.874 6.868 6.832 6.714 6.654
-9999 -9999 -9999 -9999 -9999 -9999 -9999 -9999 -9999 -9999 -9999 -9999 -9999 -9999 -9999 -9999 -9999 -9999 -9999 -9999 -9999 -9999 -9999 -9999 -9999 -9999 -9999 -9999 -9999 -9999 -9999 -9999 -9999 -9999 -9999 6.995 7.044 6.883 6.617 6.451 6.679 6.611 6.373 6.442 6.221 6.065 6.277 6.144 5.924 5.76 5.708 5.703 5.601 5.65 5.71 5.584 5.748 5.829 5.887 5.894 5.927 6.124 6.205 6.158 6.103 6.071 6.211 6.336 6.424 6.528 6.618 6.579 6.634 6.645 6.628 6.324 6.105
-9999 -9999 -9999 -9999 -9999 -9999 -9999 -9999 -9999 -9999 -9999 -9999 -9999 -9999 -9999 -9999 -9999 -9999 -9999 -9999 -9999 -9999 -9999 -9999 -9999 -9999 -9999 -9999 -9999 -9999 -9999 -9999 -9999 -9999 7.103 6.993 6.695 6.544 5.766 6.232 6.582 6.384 6.302 6.255 6.07 6.205 6.265 6.253 6.065 5.881 5.867 5.591 5.472 5.332 5.486 5.595 5.331 5.558 5.715 5.867 5.983 6.095 6.179 6.161 6.125 6.133 6.135 6.264 6.398 6.462 6.423 6.301 6.088 6.201 6.175 6.01 5.64
-9999 -9999 -9999 -9999 -9999 -9999 -9999 -9999 -9999 -9999 -9999 -9999 -9999 -9999 -9999 -9999 -9999 -9999 -9999 -9999 -9999 -9999 -9999 -9999 -9999 -9999 -9999 -9999 -9999 -9999 -9999 -9999 -9999 -9999 7.19 7.013 6.994 6.524 6.145 5.933 6.021 6.124 6.196 6.039 6.2 6.187 6.203 5.933 5.699 5.657 5.768 5.742 5.591 5.596 5.485 5.584 5.655 5.603 5.736 5.83 5.971 6.126 6.188 6.193 6.112 6.087 6.17 6.235 6.295 6.246 5.966 5.875 5.801 5.824 6.018 5.939 5.687
-9999 -9999 -9999 -9999 -9999 -9999 -9999 -9999 -9999 -9999 -9999 -9999 -9999 -9999 -9999 -9999 -9999 -9999 -9999 -9999 -9999 5.823 5.563 5.154 5.487 -9999 6.05 -9999 -9999 -9999 -9999 -9999 -9999 -9999 -9999 7.214 7.079 6.852 6.606 6.324 5.954 5.854 5.931 6.19 6.193 6.161 5.888 5.686 5.814 5.794 5.878 5.837 5.77 5.864 5.964 5.987 5.895 5.934 5.84 5.743 5.666 5.845 6.045 6.05 5.993 6.015 6.002 6.084 6.222 6.124 5.847 5.745 5.911 5.878 5.981 6.057 6.016
-9999 -9999 -9999 -9999 -9999 -9999 -9999 -9999 -9999 -9999 -9999 -9999 -9999 -9999 -9999 -9999 -9999 -9999 7.04 6.729 6.23 5.669 5.052 4.866 5.16 5.316 5.826 6.607 7.22 -9999 -9999 7.052 7.361 7.436 7.41 7.226 7.086 7.086 6.944 6.672 6.3 5.971 6.061 6.229 6.164 5.781 5.956 6.105 5.924 5.998 6.07 6.044 5.954 5.977 6.081 6.121 6.205 6.131 5.982 5.809 5.783 5.675 5.714 5.912 5.978 6.047 6.18 6.047 6.156 5.772 5.666 5.755 5.907 5.997 6.032 6.16 6.062
-9999 -9999 -9999 -9999 -9999 -9999 -9999 -9999 -9999 -9999 -9999 -9999 -9999 -9999 -9999 -9999 -9999 6.969 7.03 6.775 6.423 5.771 4.94 4.728 4.977 5.215 5.561 5.911 6.574 7.005 6.896 6.798 6.75 7.171 7.2 7.183 7.025 6.886 6.997 6.797 6.331 6.253 6.283 6.151 5.676 5.99 5.912 6.004 6.096 6.139 6.201 6.138 5.951 6.045 6.067 6.139 6.128 6.172 6.048 5.898 5.714 5.577 5.746 5.923 6.018 5.765 5.928 6.177 6.148 6.194 5.832 5.918 5.95 5.975 5.99 5.987 6.09
-9999 -9999 -9999 -9999 -9999 -9999 -9999 -9999 -9999 -9999 -9999 -9999 -9999 -9999 -9999 -9999 -9999 6.958 7.18 7.228 6.795 5.942 5.516 5.292 5.069 5.359 5.666 5.967 5.87 5.954 6.328 6.495 6.612 6.549 6.978 7.149 7.015 7.02 6.82 6.642 6.68 6.629 6.429 6.037 6.031 6.004 5.877 6.086 6.148 6.199 6.194 6.125 5.948 5.911 6.2 6.248 6.264 6.292 6.242 6.129 5.977 5.701 5.626 5.97 6.053 5.92 5.783 6.082 6.338 6.423 6.395 6.262 5.969 5.884 5.907 5.872 5.734
-9999 -9999 -9999 -9999 -9999 -9999 -9999 -9999 -9999 -9999 -9999 -9999 -9999 -9999 -9999 -9999 -9999 7.283 7.484 7.161 6.943 6.448 6.414 6.067 6.027 6.001 6.03 6.004 5.686 5.918 6.525 6.704 6.73 6.907 7.126 7.204 7.133 6.894 6.677 6.72 6.688 6.575 6.299 6.294 6.223 6.152 6.096 6.123 6.0 6.019 6.186 6.328 6.259 6.247 6.327 6.29 6.32 6.434 6.214 6.114 6.144 5.859 5.576 5.931 6.181 6.097 6.08 6.252 6.491 6.668 6.573 6.335 6.139 6.073 6.121 6.11 6.026
-9999 -9999 -9999 -9999 -9999 -9999 -9999 -9999 -9999 -9999 -9999 -9999 -9999 7.394 6.923 -9999 7.165 7.492 7.097 6.88 6.922 6.989 6.791 6.634 6.26 6.018 6.046 6.165 6.187 6.421 6.722 6.962 6.967 6.925 6.967 7.084 7.156 6.965 6.837 6.717 6.616 6.307 6.47 6.423 6.273 6.012 5.88 5.965 5.831 5.889 6.118 6.386 6.412 6.425 6.453 6.573 6.513 6.572 6.439 6.088 6.212 6.149 6.098 6.143 6.391 6.348 6.251 6.327 6.565 6.764 6.792 6.613 6.466 6.412 6.406 6.359 6.391
-9999 -9999 -9999 -9999 -9999 -9999 -9999 -9999 -9999 -9999 -9999 -9999 -9999 7.14 6.673 6.857 7.036 7.034 6.845 7.001 6.751 6.65 6.68 6.284 6.2 6.06 6.004 6.212 6.234 6.427 6.725 6.48 6.258 6.466 6.804 7.129 7.186 6.979 6.778 6.588 6.476 6.368 6.522 6.372 6.392 6.261 6.06 5.941 6.02 6.054 6.247 6.341 6.393 6.444 6.697 6.755 6.799 6.842 6.71 6.396 6.304 6.248 6.1 6.14 5.926 6.121 6.299 6.38 6.599 6.743 6.707 6.639 6.591 6.608 6.563 6.553 6.522
-9999 -9999 -9999 -9999 -9999 -9999 -9999 -9999 -9999 -9999 -9999 -9999 7.498 7.034 6.753 6.688 6.718 6.8 6.874 6.84 6.723 6.773 6.715 6.453 6.354 6.106 6.129 6.315 6.648 6.854 6.597 6.101 6.167 6.264 6.5 7.011 7.03 6.958 6.883 6.689 6.565 6.476 6.488 6.524 6.595 6.471 6.159 6.302 6.29 6.344 6.364 6.402 6.383 6.375 6.72 7.088 7.204 7.054 7.022 6.739 6.616 6.595 6.479 6.362 6.079 5.872 5.993 5.816 6.257 6.142 6.144 6.473 6.612 6.251 6.139 6.21 6.523
-9999 -9999 -9999 -9999 -9999 -9999 -9999 -9999 -9999 -9999 -9999 -9999 -9999 7.358 6.894 6.772 6.876 6.916 6.965 6.944 6.901 6.842 6.777 6.652 6.504 6.548 6.55 6.742 6.801 6.918 6.389 6.091 6.15 6.006 6.378 6.735 6.732 6.795 6.819 6.714 6.525 6.513 6.492 6.479 6.433 6.271 6.525 6.391 6.43 6.458 6.473 6.441 6.399 6.493 6.691 7.081 7.331 -9999 7.117 7.018 6.754 6.787 6.789 6.691 6.532 6.344 6.36 6.28 6.28 6.416 6.14 6.248 6.588 6.608 6.189 6.064 6.419
-9999 -9999 -9999 -9999 -9999 -9999 -9999 -9999 -9999 -9999 -9999 -9999 7.608 7.503 7.042 6.914 6.904 6.847 6.923 6.953 6.877 6.8 6.651 6.696 6.855 6.91 6.889 6.948 7.032 6.813 6.584 6.571 6.424 6.18 6.63 6.805 6.403 6.604 6.574 6.121 6.235 6.112 6.054 6.183 6.2 6.339 6.501 6.626 6.59 6.602 6.545 6.519 6.471 6.531 6.725 6.988 7.301 7.438 -9999 7.313 -9999 7.231 -9999 6.948 -9999 6.778 6.776 6.819 6.832 6.881 6.807 6.915 -9999 -9999 -9999 6.82 6.651
-9999 -9999 -9999 -9999 -9999 -9999 -9999 -9999 -9999 -9999 -9999 -9999 7.622 7.267 6.924 6.908 6.862 6.771 6.567 6.645 6.502 6.511 6.587 6.79 7.002 7.091 7.182 7.207 7.135 6.999 6.779 6.69 6.443 6.662 7.051 6.577 6.653 7.012 6.629 6.414 6.261 6.039 6.186 6.427 6.433 6.583 6.688 6.663 6.807 6.81 6.727 6.723 6.699 6.723 6.887 7.014 7.286 7.464 -9999 -9999 7.603 7.647 -9999 -9999 7.194 7.178 7.167 -9999 -9999 -9999 -9999 -9999 -9999 -9999 -9999 -9999 -9999
-9999 -9999 -9999 -9999 -9999 -9999 -9999 -9999 -9999 -9999 -9999 7.319 7.227 7.031 6.923 7.127 7.161 6.823 6.619 6.313 5.875 5.862 6.282 6.564 6.755 6.934 7.206 7.28 7.157 7.062 6.897 6.601 6.608 6.911 6.944 7.103 7.618 7.41 6.998 6.592 6.256 6.455 6.696 6.676 6.81 6.831 6.877 7.01 7.135 7.05 7.066 7.129 7.224 7.144 7.185 -9999 -9999 -9999 7.435 -9999 -9999 -9999 -9999 -9999 -9999 7.299 -9999 -9999 -9999 -9999 -9999 -9999 -9999 -9999 -9999 -9999 -9999
-9999 -9999 -9999 -9999 -9999 -9999 -9999 -9999 -9999 -9999 7.431 6.696 6.596 6.798 7.205 7.32 7.245 6.993 6.609 5.801 4.981 5.253 6.188 6.379 6.365 6.999 7.003 7.36 7.375 7.175 7.368 7.52 7.648 -9999 -9999 -9999 -9999 -9999 7.632 7.104 6.689 6.72 6.867 7.026 7.124 7.186 7.166 7.244 -9999 7.299 -9999 -9999 -9999 -9999 -9999 7.357 7.286 7.14 7.046 7.188 7.653 -9999 -9999 -9999 -9999 -9999 -9999 -9999 -9999 -9999 -9999 -9999 -9999 -9999 -9999 -9999 -9999
-9999 -9999 -9999 -9999 -9999 -9999 -9999 -9999 -9999 7.93 6.9 6.234 6.319 6.767 7.005 7.212 7.302 6.824 6.268 5.296 4.751 5.111 5.69 6.027 6.684 6.674 7.297 7.521 7.598 7.809 -9999 -9999 -9999 -9999 -9999 -9999 -9999 -9999 -9999 -9999 7.574 7.423 7.447 7.25 7.166 7.115 7.227 6.995 7.364 -9999 -9999 -9999 -9999 -9999 -9999 -9999 7.474 7.142 7.153 7.255 -9999 -9999 -9999 -9999 -9999 -9999 -9999 -9999 -9999 -9999 -9999 -9999 -9999 -9999 -9999 -9999 -9999
-9999 -9999 -9999 -9999 -9999 -9999 -9999 8.054 8.096 7.549 6.77 6.249 6.098 6.272 6.787 7.289 7.054 6.638 6.142 5.479 4.956 5.385 5.827 6.287 6.459 7.485 7.282 7.462 -9999 -9999 -9999 -9999 -9999 -9999 -9999 -9999 -9999 -9999 -9999 -9999 -9999 8.128 -9999 -9999 -9999 -9999 -9999 7.553 7.408 -9999 -9999 -9999 -9999 -9999 -9999 -9999 -9999 -9999 7.334 7.328 -9999 -9999 -9999 -9999 -9999 -9999 -9999 -9999 -9999 -9999 -9999 -9999 -9999 -9999 -9999 -9999 -9999
-9999 -9999 -9999 -9999 -9999 -9999 8.097 -9999 7.711 7.468 6.878 6.347 6.136 6.238 6.749 6.935 6.77 6.999 6.748 5.895 5.493 5.719 6.384 6.668 7.162 7.627 7.819 8.212 -9999 -9999 -9999 -9999 -9999 -9999 -9999 -9999 -9999 -9999 -9999 -9999 -9999 -9999 8.086 -9999 -9999 -9999 -9999 -9999 -9999 -9999 -9999 -9999 -9999 -9999 -9999 -9999 -9999 -9999 -9999 -9999 -9999 -9999 -9999 -9999 -9999 -9999 -9999 -9999 -9999 -9999 -9999 -9999 -9999 -9999 -9999 -9999 -9999
-9999 -9999 -9999 -9999 -9999 8.29 8.082 7.387 7.506 7.474 7.04 6.812 6.593 6.616 6.881 6.825 6.979 -9999 6.983 6.268 5.729 5.45 6.084 7.092 7.477 7.858 8.116 -9999 -9999 -9999 -9999 -9999 -9999 -9999 -9999 -9999 -9999 -9999 -9999 -9999 -9999 -9999 -9999 -9999 -9999 -9999 -9999 -9999 -9999 -9999 -9999 -9999 -9999 -9999 -9999 -9999 -9999 -9999 -9999 -9999 -9999 -9999 -9999 -9999 -9999 -9999 -9999 -9999 -9999 -9999 -9999 -9999 -9999 -9999 -9999 -9999 -9999
-9999 -9999 -9999 -9999 -9999 8.275 7.725 7.33 7.211 7.212 7.111 7.023 6.832 7.056 7.245 7.29 7.667 7.552 7.296 6.731 5.843 5.694 6.573 7.127 7.734 7.916 7.858 -9999 -9999 -9999 -9999 -9999 -9999 -9999 -9999 -9999 -9999 -9999 -9999 -9999 -9999 -9999 -9999 -9999 -9999 -9999 -9999 -9999 -9999 -9999 -9999 -9999 -9999 -9999 -9999 -9999 -9999 -9999 -9999 -9999 -9999 -9999 -9999 -9999 -9999 -9999 -9999 -9999 -9999 -9999 -9999 -9999 -9999 -9999 -9999 -9999 -9999
-9999 -9999 -9999 -9999 8.411 8.0 7.527 7.083 6.953 7.172 7.28 7.301 7.334 7.498 7.352 7.727 7.935 7.814 7.438 7.095 6.618 6.576 6.961 7.461 7.666 7.598 -9999 -9999 -9999 -9999 -9999 -9999 -9999 -9999 -9999 -9999 -9999 -9999 -9999 -9999 -9999 -9999 -9999 -9999 -9999 -9999 -9999 -9999 -9999 -9999 -9999 -9999 -9999 -9999 -9999 -9999 -9999 -9999 -9999 -9999 -9999 -9999 -9999 -9999 -9999 -9999 -9999 -9999 -9999 -9999 -9999 -9999 -9999 -9999 -9999 -9999 -9999
