Validation/Results/raw data/ReClimate_09_2024_1_Precipitation-Actuals.asc
NCOLS 192
NROWS 249
XLLCENTER -225160.85627316462
YLLCENTER 29788.11610251502
CELLSIZE 5000.0
NODATA_VALUE -9999
[rows 99 to 131 of 249, columns 74 to 147 of 192]
240.052 240.071 249.842 250.168 253.619 263.044 277.008 300.77 -9999 -9999 217.056 308.696 340.737 370.584 353.173 369.778 362.028 315.042 303.163 277.663 266.59 261.583 242.05 210.867 194.95 190.669 169.381 162.199 151.119 146.217 139.896 132.625 128.781 129.096 120.859 113.582 102.759 90.963 93.029 103.773 99.32 93.399 94.59 96.822 89.344 -9999 -9999 -9999 -9999 -9999 -9999 -9999 -9999 -9999 -9999 -9999 -9999 -9999 -9999 -9999 -9999 -9999 -9999 -9999 -9999 -9999 -9999 -9999 -9999 -9999 -9999 -9999 -9999 -9999
214.124 250.521 243.736 -9999 -9999 236.569 263.315 -9999 -9999 -9999 203.739 285.724 381.189 380.434 402.948 360.205 317.941 312.413 343.564 327.211 289.263 278.897 239.645 228.587 229.127 200.208 166.453 186.741 201.78 183.577 155.69 139.716 128.498 118.986 99.406 95.535 91.537 95.297 110.278 111.54 112.011 109.484 108.061 96.806 85.781 -9999 -9999 -9999 -9999 -9999 -9999 -9999 -9999 -9999 -9999 -9999 -9999 -9999 -9999 -9999 -9999 -9999 -9999 -9999 -9999 -9999 -9999 -9999 -9999 -9999 -9999 -9999 -9999 -9999
212.573 -9999 250.13 253.227 267.461 -9999 -9999 -9999 -9999 230.236 228.058 307.179 351.022 360.922 363.816 340.345 333.937 367.22 395.304 348.497 339.826 270.389 247.295 249.317 213.664 174.389 199.283 236.377 227.687 182.021 165.997 147.519 130.113 108.389 98.046 94.941 101.517 116.814 104.115 108.764 110.306 108.557 100.415 87.694 -9999 -9999 -9999 -9999 -9999 -9999 -9999 -9999 -9999 -9999 -9999 -9999 -9999 -9999 -9999 -9999 -9999 -9999 -9999 -9999 -9999 -9999 -9999 -9999 -9999 -9999 -9999 -9999 -9999 -9999
224.832 285.415 335.684 379.862 398.668 305.556 250.731 -9999 -9999 221.273 -9999 -9999 268.29 353.74 347.794 309.944 337.948 388.849 365.842 389.442 360.235 289.699 248.247 215.533 226.317 230.141 256.079 244.255 219.968 215.417 187.651 145.853 119.069 105.119 100.183 103.547 118.231 98.19 94.657 100.501 96.459 91.472 87.633 -9999 -9999 -9999 -9999 -9999 -9999 -9999 -9999 -9999 -9999 -9999 -9999 -9999 -9999 -9999 -9999 -9999 -9999 -9999 -9999 -9999 -9999 -9999 -9999 -9999 -9999 -9999 -9999 -9999 -9999 -9999
249.975 284.366 339.155 411.523 366.394 -9999 -9999 -9999 230.393 248.373 255.147 268.326 288.785 304.144 279.904 280.788 330.214 351.496 348.889 327.341 297.449 272.961 250.331 253.567 220.965 244.04 228.537 221.457 215.574 183.102 161.781 134.762 115.174 106.493 99.05 101.84 91.71 83.908 -9999 -9999 85.513 -9999 -9999 -9999 -9999 -9999 -9999 -9999 -9999 -9999 -9999 -9999 -9999 -9999 -9999 -9999 -9999 -9999 -9999 -9999 -9999 -9999 -9999 -9999 -9999 -9999 -9999 -9999 -9999 -9999 -9999 -9999 -9999 -9999
240.229 272.614 326.769 -9999 316.107 -9999 -9999 -9999 241.791 274.053 291.912 286.339 273.305 286.587 298.622 332.659 366.455 351.514 333.182 322.511 323.319 286.918 256.888 221.444 230.954 235.503 205.221 176.61 151.268 144.627 130.682 117.034 109.352 100.221 91.976 90.126 81.684 -9999 90.42 83.382 79.829 87.319 -9999 -9999 -9999 -9999 -9999 -9999 -9999 -9999 -9999 -9999 -9999 -9999 -9999 -9999 -9999 -9999 -9999 -9999 -9999 -9999 -9999 -9999 -9999 -9999 -9999 -9999 -9999 -9999 -9999 -9999 -9999 -9999
-9999 241.077 -9999 -9999 -9999 -9999 249.676 248.936 269.824 284.829 296.072 286.946 297.734 324.057 325.614 344.246 346.109 373.915 344.638 342.621 308.435 300.184 251.894 262.89 274.894 228.682 203.055 180.459 156.335 132.796 120.639 104.673 98.754 98.531 95.081 -9999 93.528 91.868 83.763 82.962 80.817 90.117 -9999 -9999 -9999 -9999 -9999 -9999 -9999 -9999 -9999 -9999 -9999 -9999 -9999 -9999 -9999 -9999 -9999 -9999 -9999 -9999 -9999 -9999 -9999 -9999 -9999 -9999 -9999 -9999 -9999 -9999 -9999 -9999
-9999 -9999 -9999 -9999 -9999 -9999 254.442 225.182 238.611 276.478 295.142 281.194 307.755 285.876 281.692 308.709 381.585 376.595 337.147 329.419 321.46 268.728 258.794 282.539 258.177 254.599 243.4 191.743 166.604 144.616 124.411 122.709 126.116 123.373 123.947 114.385 96.676 91.821 95.419 101.34 96.2 95.78 91.225 -9999 -9999 -9999 -9999 -9999 -9999 -9999 -9999 -9999 -9999 -9999 -9999 -9999 -9999 -9999 -9999 -9999 -9999 -9999 -9999 -9999 -9999 -9999 -9999 -9999 -9999 -9999 -9999 -9999 -9999 -9999
-9999 -9999 -9999 -9999 -9999 245.964 -9999 -9999 244.269 282.965 281.444 298.86 291.87 -9999 -9999 335.746 399.241 407.83 330.832 308.867 288.145 258.666 247.64 239.006 210.528 211.504 175.551 163.205 156.896 155.594 169.654 174.687 155.691 143.668 128.32 119.308 112.823 100.135 107.946 99.576 108.353 104.756 94.167 81.147 -9999 -9999 -9999 -9999 -9999 -9999 -9999 -9999 -9999 -9999 -9999 -9999 -9999 -9999 -9999 -9999 -9999 -9999 -9999 -9999 -9999 -9999 -9999 -9999 -9999 -9999 -9999 -9999 -9999 -9999
-9999 -9999 -9999 -9999 -9999 231.985 -9999 223.234 241.62 261.565 287.91 295.444 277.682 272.282 309.635 353.195 366.277 307.11 305.794 326.694 265.955 238.248 232.596 208.718 180.819 158.863 140.342 143.353 164.679 209.803 215.319 183.533 156.552 132.248 122.881 119.343 110.896 106.43 97.555 92.554 89.928 92.667 84.397 -9999 -9999 -9999 -9999 -9999 -9999 -9999 -9999 -9999 -9999 -9999 -9999 -9999 -9999 -9999 -9999 -9999 -9999 -9999 -9999 -9999 -9999 -9999 -9999 -9999 -9999 -9999 -9999 -9999 -9999 -9999
-9999 -9999 -9999 -9999 -9999 218.007 -9999 204.345 205.352 242.378 260.534 258.574 -9999 303.433 309.526 -9999 313.868 300.178 309.891 267.914 271.541 233.887 205.586 171.921 151.821 137.351 140.014 133.214 160.318 154.479 144.764 145.176 145.763 136.291 119.522 113.069 107.254 98.693 90.754 -9999 -9999 -9999 -9999 -9999 -9999 -9999 -9999 -9999 -9999 -9999 -9999 -9999 -9999 -9999 -9999 -9999 -9999 -9999 -9999 -9999 -9999 -9999 -9999 -9999 -9999 -9999 -9999 -9999 -9999 -9999 -9999 -9999 -9999 -9999
-9999 -9999 -9999 196.909 205.765 -9999 -9999 185.917 217.39 241.318 240.901 254.243 302.804 292.847 319.374 -9999 255.05 276.279 262.536 245.781 228.565 215.807 179.863 176.006 176.776 169.824 162.546 136.118 124.131 116.139 121.062 124.803 129.768 131.293 120.879 118.626 109.695 96.457 -9999 -9999 -9999 -9999 -9999 -9999 -9999 -9999 -9999 -9999 -9999 -9999 -9999 -9999 -9999 -9999 -9999 -9999 -9999 -9999 -9999 -9999 -9999 -9999 -9999 -9999 -9999 -9999 -9999 -9999 -9999 -9999 -9999 -9999 -9999 -9999
-9999 -9999 170.921 183.736 195.498 -9999 196.907 217.129 236.092 231.583 -9999 281.544 283.212 306.063 316.248 -9999 247.109 255.939 227.954 191.322 193.543 175.87 170.663 185.246 191.039 198.728 173.632 153.075 129.948 -9999 102.038 108.031 114.905 118.221 115.624 116.393 104.762 -9999 -9999 -9999 -9999 -9999 -9999 -9999 -9999 -9999 -9999 -9999 -9999 -9999 -9999 -9999 -9999 -9999 -9999 -9999 -9999 -9999 -9999 -9999 -9999 -9999 -9999 -9999 -9999 -9999 -9999 -9999 -9999 -9999 -9999 -9999 -9999 -9999
-9999 -9999 157.76 170.923 -9999 -9999 214.27 239.859 235.006 -9999 250.276 272.745 285.839 302.365 292.277 -9999 223.276 201.184 188.971 186.848 186.584 180.137 181.856 226.368 233.292 226.555 207.657 159.2 127.682 105.214 102.788 -9999 -9999 99.04 94.495 -9999 -9999 -9999 -9999 -9999 -9999 77.862 78.332 84.19 -9999 -9999 -9999 -9999 -9999 -9999 -9999 -9999 -9999 -9999 -9999 -9999 -9999 -9999 -9999 -9999 -9999 -9999 -9999 -9999 -9999 -9999 -9999 -9999 -9999 -9999 -9999 -9999 -9999 -9999
-9999 160.36 167.893 -9999 -9999 199.766 217.176 216.548 237.466 -9999 240.376 263.117 264.238 265.981 280.241 -9999 -9999 -9999 198.914 190.196 184.533 184.548 195.039 198.417 191.667 191.145 170.21 146.546 130.038 120.511 111.04 101.674 100.399 97.034 86.48 -9999 -9999 -9999 -9999 -9999 79.497 77.721 80.311 80.143 77.653 -9999 -9999 -9999 -9999 -9999 -9999 -9999 -9999 -9999 -9999 -9999 -9999 -9999 -9999 -9999 -9999 -9999 -9999 -9999 -9999 -9999 -9999 -9999 -9999 -9999 -9999 -9999 -9999 -9999
183.59 169.597 178.676 -9999 -9999 -9999 178.844 217.144 221.715 -9999 211.527 -9999 225.108 246.386 234.286 -9999 202.94 216.017 212.539 -9999 166.816 155.973 160.549 157.104 155.938 157.925 154.392 144.393 134.782 129.583 118.466 117.158 114.083 97.718 88.091 83.543 85.692 85.246 -9999 79.341 79.354 78.021 78.478 89.173 92.194 97.998 73.112 -9999 -9999 -9999 -9999 -9999 -9999 -9999 -9999 -9999 -9999 -9999 -9999 -9999 -9999 -9999 -9999 -9999 -9999 -9999 -9999 -9999 -9999 -9999 -9999 -9999 -9999 -9999
180.245 196.528 -9999 -9999 -9999 -9999 193.833 220.81 198.328 -9999 186.983 -9999 201.619 200.557 -9999 216.956 231.531 251.291 228.078 187.477 153.6 139.575 135.835 133.042 139.182 136.833 135.68 136.781 133.015 130.67 121.721 118.881 103.293 105.409 102.415 98.153 102.459 91.043 89.441 86.087 81.245 79.098 87.042 106.134 109.837 113.181 103.259 92.259 81.741 87.897 -9999 -9999 -9999 -9999 -9999 -9999 -9999 -9999 -9999 -9999 -9999 -9999 -9999 -9999 -9999 -9999 -9999 -9999 -9999 -9999 -9999 -9999 -9999 -9999
-9999 194.986 -9999 -9999 -9999 -9999 191.643 190.817 198.744 203.364 -9999 -9999 168.922 178.827 -9999 200.134 238.574 273.2 237.904 194.548 160.149 146.437 132.804 129.068 121.039 117.776 123.732 130.178 138.139 137.117 131.619 113.33 128.458 124.49 119.315 126.475 112.253 93.039 82.989 91.057 89.278 98.777 122.833 127.308 121.519 119.835 112.164 115.901 118.513 91.76 84.838 -9999 -9999 -9999 -9999 -9999 -9999 -9999 -9999 -9999 -9999 -9999 -9999 -9999 -9999 -9999 -9999 -9999 -9999 -9999 -9999 -9999 -9999 -9999
202.003 -9999 -9999 -9999 -9999 -9999 173.503 184.173 204.521 187.58 -9999 -9999 169.921 168.103 -9999 -9999 235.715 240.242 216.905 190.41 182.937 168.362 153.287 137.71 134.632 119.823 119.893 132.592 138.703 144.977 141.524 150.091 140.757 138.318 140.281 125.282 108.071 100.067 102.538 107.338 110.842 125.36 133.027 135.596 125.118 113.373 108.355 99.604 100.606 88.568 84.485 -9999 -9999 -9999 -9999 -9999 -9999 -9999 -9999 -9999 -9999 -9999 -9999 -9999 -9999 -9999 -9999 -9999 -9999 -9999 -9999 -9999 -9999 -9999
187.098 -9999 -9999 -9999 -9999 -9999 161.031 182.456 199.526 -9999 -9999 -9999 -9999 161.95 -9999 168.589 205.832 214.294 195.836 190.878 190.917 185.593 174.312 166.751 150.705 133.951 123.827 118.564 127.801 134.866 146.396 144.813 141.819 139.917 127.266 119.166 116.1 114.327 128.445 122.083 115.912 118.951 115.923 112.201 112.636 109.648 100.545 85.31 74.745 85.066 85.89 79.85 -9999 -9999 -9999 -9999 -9999 -9999 -9999 -9999 -9999 -9999 -9999 -9999 -9999 -9999 -9999 -9999 -9999 -9999 -9999 -9999 -9999 -9999
172.395 -9999 -9999 -9999 168.679 164.318 168.732 186.422 -9999 -9999 224.966 -9999 -9999 -9999 -9999 161.159 185.102 186.699 179.094 176.305 176.666 189.302 186.744 183.614 171.215 149.51 134.229 117.564 111.189 125.081 125.945 121.425 129.162 119.181 124.159 135.49 128.549 148.82 154.497 139.036 128.758 118.108 98.757 104.728 102.653 105.377 98.429 79.264 77.926 83.4 79.969 75.874 -9999 -9999 -9999 -9999 -9999 -9999 -9999 -9999 -9999 -9999 -9999 -9999 -9999 -9999 -9999 -9999 -9999 -9999 -9999 -9999 -9999 -9999
-9999 -9999 -9999 -9999 -9999 174.758 180.985 201.503 -9999 212.647 241.72 259.71 -9999 -9999 -9999 -9999 150.842 151.088 153.101 156.511 164.555 170.511 179.494 178.511 172.346 152.799 133.445 118.089 121.32 111.61 113.601 125.623 128.67 126.51 139.311 126.888 141.736 141.192 143.79 145.007 136.13 113.329 105.735 99.624 90.813 89.836 89.825 78.734 76.799 82.249 84.17 78.901 77.55 -9999 -9999 -9999 -9999 -9999 -9999 -9999 -9999 -9999 -9999 -9999 -9999 -9999 -9999 -9999 -9999 -9999 -9999 -9999 -9999 -9999
-9999 -9999 -9999 -9999 -9999 185.131 199.362 215.59 -9999 183.874 234.446 264.84 -9999 -9999 -9999 -9999 -9999 131.836 136.822 142.763 149.819 159.913 164.392 170.212 169.79 175.052 161.427 145.744 124.189 119.667 121.383 123.465 117.208 123.222 134.336 133.674 129.429 134.01 130.439 116.5 109.667 100.138 104.341 92.229 87.417 87.214 78.222 75.397 73.803 77.596 81.582 88.854 81.199 77.459 -9999 -9999 -9999 -9999 -9999 -9999 -9999 -9999 -9999 -9999 -9999 -9999 -9999 -9999 -9999 -9999 -9999 -9999 -9999 -9999
-9999 -9999 -9999 -9999 -9999 193.006 216.209 -9999 -9999 162.942 207.415 240.823 204.488 -9999 -9999 -9999 -9999 -9999 125.453 138.63 149.679 153.717 173.431 184.358 189.452 189.667 174.77 157.924 141.204 141.123 133.255 129.887 135.445 152.256 151.135 170.943 147.194 148.723 125.614 137.786 119.48 105.199 99.272 89.241 83.387 80.718 82.543 85.497 89.868 78.508 82.857 83.029 92.292 81.629 77.483 71.484 -9999 -9999 -9999 -9999 -9999 -9999 -9999 -9999 -9999 -9999 -9999 -9999 -9999 -9999 -9999 -9999 -9999 -9999
-9999 -9999 -9999 -9999 -9999 209.44 187.34 -9999 -9999 171.375 199.866 207.985 -9999 -9999 -9999 -9999 -9999 -9999 123.411 133.826 138.332 147.859 160.771 165.728 176.515 178.932 176.196 173.524 158.966 150.453 154.519 166.844 186.894 172.141 188.623 196.569 181.608 144.056 146.747 133.035 106.146 105.589 97.677 88.396 88.469 89.195 86.189 91.242 96.515 108.801 105.781 92.841 91.54 91.708 82.115 75.699 -9999 -9999 -9999 -9999 -9999 -9999 -9999 -9999 -9999 -9999 -9999 -9999 -9999 -9999 -9999 -9999 -9999 -9999
-9999 -9999 -9999 -9999 -9999 200.189 156.87 -9999 -9999 -9999 170.532 174.858 161.239 -9999 -9999 -9999 -9999 -9999 121.245 129.08 132.946 138.686 144.588 157.425 180.46 197.918 207.047 188.641 172.373 161.71 160.96 172.368 181.905 185.17 216.554 203.037 176.005 170.589 154.86 127.523 123.154 106.602 104.502 100.588 89.285 92.001 98.017 105.026 116.729 138.093 129.716 111.617 95.29 92.347 88.685 80.09 -9999 -9999 -9999 -9999 -9999 -9999 -9999 -9999 -9999 -9999 -9999 -9999 -9999 -9999 -9999 -9999 -9999 -9999
-9999 -9999 -9999 -9999 218.64 184.869 157.597 -9999 -9999 -9999 -9999 -9999 -9999 -9999 -9999 -9999 -9999 -9999 134.722 142.147 143.216 142.124 147.114 159.14 181.631 198.483 211.94 200.479 189.223 194.288 185.505 197.018 207.863 228.046 234.04 229.144 220.672 190.682 162.261 149.525 125.588 116.7 102.857 95.434 100.177 96.393 109.897 121.893 146.325 146.023 142.054 109.42 88.426 85.492 83.051 78.933 68.21 -9999 -9999 -9999 -9999 -9999 -9999 -9999 -9999 -9999 -9999 -9999 -9999 -9999 -9999 -9999 -9999 -9999
-9999 -9999 -9999 221.939 215.258 187.87 164.543 -9999 -9999 -9999 -9999 -9999 -9999 -9999 -9999 -9999 143.551 139.87 146.416 160.152 171.709 174.626 177.086 190.169 192.126 198.039 194.521 206.45 220.599 217.781 224.638 219.46 211.63 212.917 239.231 226.74 218.473 189.081 164.864 142.712 123.141 109.143 115.235 117.165 96.54 99.019 113.548 136.061 134.228 142.939 138.687 109.563 83.192 78.146 84.899 80.258 72.287 -9999 -9999 -9999 -9999 -9999 -9999 -9999 -9999 -9999 -9999 -9999 -9999 -9999 -9999 -9999 -9999 -9999
-9999 -9999 -9999 212.647 179.137 154.674 -9999 -9999 -9999 -9999 -9999 -9999 -9999 -9999 -9999 -9999 145.717 142.916 154.689 175.325 186.709 190.677 220.256 239.287 233.116 223.56 218.087 201.113 208.823 230.438 234.713 216.941 197.663 196.5 208.648 229.925 211.619 193.721 168.51 151.34 128.671 127.918 128.44 112.158 110.851 126.83 142.387 138.337 129.561 121.005 106.334 97.434 95.703 96.991 87.912 83.282 71.292 -9999 -9999 -9999 -9999 -9999 -9999 -9999 -9999 -9999 -9999 -9999 -9999 -9999 -9999 -9999 -9999 -9999
-9999 -9999 -9999 -9999 -9999 -9999 -9999 -9999 -9999 -9999 -9999 -9999 -9999 -9999 -9999 -9999 151.027 153.632 175.391 189.711 206.858 213.241 247.677 267.265 286.184 254.228 214.223 201.323 211.121 226.305 254.067 233.163 191.085 190.128 207.567 222.142 213.718 196.194 190.259 170.413 170.494 165.19 150.449 150.271 155.206 159.994 133.893 123.41 117.893 109.744 108.751 90.3 84.538 88.754 86.42 78.113 71.295 -9999 -9999 -9999 -9999 -9999 -9999 -9999 -9999 -9999 -9999 -9999 -9999 -9999 -9999 -9999 -9999 -9999
-9999 -9999 -9999 -9999 -9999 -9999 -9999 -9999 -9999 -9999 -9999 -9999 -9999 -9999 -9999 160.799 176.01 191.667 195.713 219.504 220.12 226.912 239.615 276.624 268.884 243.885 215.203 200.386 178.806 191.177 207.061 211.111 196.146 179.604 191.872 203.484 202.387 198.283 196.741 199.767 176.902 174.152 165.305 159.66 176.037 147.821 144.848 128.393 105.338 112.008 108.565 102.498 85.919 80.687 76.975 73.003 71.351 -9999 -9999 -9999 -9999 -9999 -9999 -9999 -9999 -9999 -9999 -9999 -9999 -9999 -9999 -9999 -9999 -9999
-9999 -9999 -9999 -9999 -9999 -9999 -9999 -9999 -9999 -9999 -9999 -9999 -9999 -9999 -9999 180.984 198.62 214.449 243.041 248.961 243.961 240.681 263.743 242.488 235.476 217.67 206.429 189.574 160.961 165.867 192.791 203.735 195.27 164.459 171.032 178.332 181.029 191.087 206.274 172.333 185.25 176.151 162.318 180.728 152.625 151.207 139.602 114.647 112.139 104.787 97.634 101.13 92.212 83.771 80.387 72.226 68.345 -9999 -9999 -9999 -9999 -9999 -9999 -9999 -9999 -9999 -9999 -9999 -9999 -9999 -9999 -9999 -9999 -9999
-9999 -9999 -9999 -9999 -9999 -9999 -9999 -9999 -9999 -9999 -9999 -9999 -9999 -9999 174.255 196.852 210.467 244.832 253.549 265.727 283.949 291.718 278.97 233.478 210.271 202.809 203.395 193.608 170.93 169.452 185.062 185.484 156.293 148.132 164.878 172.547 178.581 199.527 178.106 175.521 187.285 169.798 178.11 167.343 146.352 141.92 119.042 119.846 113.228 102.522 100.059 92.88 84.625 80.537 80.352 72.814 67.413 65.942 -9999 -9999 -9999 -9999 -9999 -9999 -9999 -9999 -9999 -9999 -9999 -9999 -9999 -9999 -9999 -9999
