Validation/Results/raw data/ReClimate_02_2024_1weatherlogisticsltd.asc
NCOLS 192
NROWS 249
XLLCENTER -225160.85627316462
YLLCENTER 29788.11610251502
CELLSIZE 5000.0
NODATA_VALUE -9999
[rows 170 to 203 of 249, columns 75 to 149 of 192]
-9999 -9999 -9999 -9999 -9999 -9999 -9999 -9999 -9999 -9999 -9999 -9999 -9999 -9999 -9999 -9999 -9999 105.019 104.526 -9999 -9999 -9999 -9999 -9999 -9999 -9999 -9999 -9999 -9999 -9999 -9999 -9999 -9999 -9999 -9999 -9999 98.16 97.635 97.395 97.391 98.179 99.155 99.098 99.061 99.034 99.022 98.867 98.661 98.775 98.832 99.392 99.483 99.567 99.644 99.72 99.792 99.86 99.925 99.986 100.046 100.104 100.165 100.228 100.295 100.394 100.512 100.636 100.782 100.907 101.014 101.122 101.233 101.35 101.473 101.607
-9999 -9999 -9999 -9999 -9999 -9999 -9999 -9999 -9999 -9999 -9999 -9999 -9999 -9999 -9999 -9999 -9999 105.023 104.019 102.167 -9999 -9999 -9999 -9999 -9999 -9999 -9999 -9999 -9999 -9999 -9999 -9999 -9999 -9999 -9999 98.223 97.928 97.564 97.429 97.146 98.074 99.234 99.141 98.989 98.941 98.837 98.669 98.709 98.572 98.556 98.735 99.348 99.577 99.656 99.733 99.808 99.881 99.947 100.007 100.065 100.124 100.185 100.266 100.372 100.49 100.63 100.776 100.929 101.081 101.205 101.32 101.44 101.567 101.703 101.851
-9999 -9999 -9999 -9999 -9999 -9999 -9999 -9999 -9999 -9999 -9999 -9999 -9999 -9999 -9999 -9999 105.361 104.946 103.325 101.803 100.701 -9999 -9999 -9999 -9999 -9999 -9999 -9999 -9999 -9999 -9999 -9999 98.157 -9999 -9999 98.517 98.245 98.006 97.395 96.159 -9999 99.309 99.169 99.058 98.953 98.81 98.741 98.642 98.348 97.863 98.097 98.743 99.45 99.652 99.731 99.808 99.882 99.951 100.013 100.073 100.134 100.228 100.344 100.473 100.615 100.762 100.915 101.076 101.246 101.394 101.52 101.649 101.786 101.935 102.098
-9999 -9999 -9999 -9999 -9999 -9999 -9999 -9999 -9999 -9999 -9999 -9999 -9999 -9999 -9999 -9999 105.274 104.892 103.859 103.455 102.112 100.243 99.324 -9999 -9999 -9999 99.734 98.127 -9999 98.452 99.044 97.642 97.901 98.965 -9999 -9999 97.674 99.291 -9999 -9999 98.632 99.365 99.26 99.188 98.975 98.633 98.367 97.984 97.5 96.912 97.251 98.123 99.072 99.205 99.527 99.806 99.88 99.95 100.016 100.087 100.189 100.308 100.447 100.591 100.739 100.893 101.054 101.223 101.402 101.578 101.721 101.86 102.009 102.171 102.351
-9999 -9999 -9999 -9999 -9999 -9999 -9999 -9999 -9999 -9999 -9999 -9999 -9999 -9999 -9999 -9999 -9999 104.841 104.43 104.047 102.38 100.623 -9999 -9999 100.612 101.037 100.138 99.48 99.531 100.021 99.131 98.292 98.683 98.315 98.399 -9999 99.024 99.753 98.926 97.917 98.57 99.423 99.335 99.22 98.89 98.441 98.064 97.761 97.223 96.581 97.133 98.029 98.69 98.875 98.506 98.613 99.441 99.95 100.032 100.142 100.269 100.413 100.56 100.71 100.864 101.025 101.193 101.371 101.559 101.758 101.926 102.075 102.237 102.414 102.613
-9999 -9999 -9999 -9999 -9999 -9999 -9999 -9999 -9999 -9999 -9999 -9999 -9999 -9999 -9999 -9999 -9999 104.802 104.002 102.506 100.696 98.438 96.662 92.368 93.828 97.905 97.913 98.729 98.152 96.257 96.387 98.082 97.604 96.892 97.012 97.2 98.207 99.85 99.217 98.926 99.404 99.542 99.454 99.402 98.976 98.411 98.174 98.036 97.376 96.424 97.35 98.115 98.44 98.75 98.643 98.61 98.636 98.788 99.585 100.22 100.37 100.52 100.673 100.829 100.991 101.159 101.335 101.521 101.719 101.932 102.13 102.297 102.473 102.669 102.894
-9999 -9999 -9999 -9999 -9999 -9999 -9999 -9999 -9999 -9999 -9999 -9999 -9999 -9999 -9999 -9999 -9999 -9999 103.923 101.903 100.578 100.192 97.481 96.308 98.569 99.298 99.82 100.081 98.624 97.368 98.486 99.227 98.298 96.75 96.794 97.005 98.425 99.982 99.712 99.407 99.518 99.673 99.616 99.56 99.052 98.446 98.211 97.835 97.304 97.193 97.302 97.593 98.02 98.735 98.718 98.882 98.95 98.794 99.201 100.306 100.464 100.624 100.786 100.951 101.12 101.296 101.48 101.676 101.885 102.11 102.336 102.53 102.724 102.934 103.196
-9999 -9999 -9999 -9999 -9999 -9999 -9999 -9999 -9999 -9999 -9999 -9999 -9999 -9999 -9999 -9999 -9999 -9999 -9999 -9999 101.771 97.635 96.501 95.084 96.477 99.452 99.624 99.691 98.563 97.456 97.808 97.739 96.413 95.014 95.854 98.034 99.091 99.792 99.556 99.818 99.858 99.795 99.738 99.684 99.187 98.694 98.306 97.854 97.884 98.186 98.372 98.431 98.593 99.346 99.375 99.54 99.359 99.117 99.481 100.385 100.548 100.713 100.881 101.053 101.231 101.415 101.609 101.814 102.033 102.268 102.516 102.731 102.929 103.153 103.446
-9999 -9999 -9999 -9999 -9999 -9999 -9999 -9999 -9999 -9999 -9999 -9999 -9999 -9999 -9999 -9999 -9999 -9999 -9999 104.036 100.948 98.46 97.657 97.833 99.147 98.533 98.535 98.382 97.488 96.73 96.986 97.94 96.822 95.724 97.485 99.284 99.716 99.726 99.861 100.048 99.972 99.908 99.852 99.798 99.34 98.784 98.469 98.301 98.322 97.947 98.242 98.677 99.098 99.651 99.728 99.853 99.619 99.182 99.661 100.506 100.673 100.84 101.009 101.181 101.359 101.543 101.736 101.938 102.16 102.404 102.672 102.911 103.118 103.372 103.691
-9999 -9999 -9999 -9999 -9999 -9999 -9999 -9999 -9999 -9999 -9999 -9999 -9999 -9999 -9999 -9999 -9999 -9999 104.355 100.973 99.802 99.669 100.298 102.093 100.747 98.126 97.08 94.335 94.22 94.884 95.981 97.485 96.077 93.852 95.947 99.28 99.45 99.711 99.812 100.155 100.078 100.013 99.957 99.905 99.592 99.543 99.352 99.103 98.805 98.482 98.79 99.129 99.219 99.39 99.575 99.797 100.107 100.141 100.126 100.651 100.815 100.985 101.157 101.333 101.513 101.7 101.896 102.103 102.323 102.565 102.832 103.09 103.312 103.598 103.955
-9999 -9999 -9999 -9999 -9999 -9999 -9999 -9999 -9999 -9999 -9999 -9999 -9999 -9999 -9999 -9999 -9999 104.645 102.595 100.807 99.931 97.689 98.22 97.477 96.491 98.185 96.622 96.441 96.244 94.785 95.687 96.273 95.193 95.573 97.731 98.924 99.299 99.842 100.023 100.264 100.177 100.111 100.055 100.005 99.958 99.915 99.689 99.49 99.246 99.038 99.09 99.221 99.131 99.082 99.364 99.777 100.172 100.573 100.704 100.832 100.968 101.132 101.307 101.486 101.672 101.865 102.068 102.283 102.513 102.763 103.039 103.309 103.556 103.85 104.228
-9999 -9999 -9999 -9999 -9999 -9999 -9999 -9999 -9999 -9999 -9999 -9999 -9999 -9999 -9999 105.126 104.873 104.658 103.425 102.724 101.334 100.704 99.826 98.461 99.248 99.266 98.836 98.099 96.311 93.219 93.372 92.953 93.322 94.007 95.718 98.782 99.462 100.444 100.312 99.673 99.763 100.202 100.147 100.098 100.054 100.017 99.903 99.926 99.832 99.856 99.901 99.924 99.9 99.918 100.012 100.332 100.468 100.768 100.901 101.032 101.161 101.293 101.458 101.641 101.832 102.033 102.244 102.468 102.71 102.973 103.264 103.557 103.839 104.156 104.53
-9999 -9999 -9999 -9999 -9999 -9999 -9999 -9999 -9999 -9999 -9999 -9999 -9999 -9999 104.859 105.079 104.859 104.656 -9999 -9999 -9999 -9999 100.763 99.271 99.132 99.316 98.612 97.92 96.356 96.474 96.059 95.501 96.065 96.896 98.709 99.205 99.99 100.755 100.195 99.652 99.948 100.287 100.233 100.187 100.152 100.143 100.167 100.198 100.227 100.254 100.278 100.3 100.339 100.411 100.544 100.685 100.823 100.959 101.093 101.226 101.359 101.492 101.629 101.801 101.997 102.205 102.425 102.661 102.915 103.192 103.499 103.816 104.135 104.482 104.868
-9999 -9999 -9999 -9999 -9999 -9999 -9999 -9999 -9999 -9999 -9999 -9999 -9999 -9999 105.09 103.989 104.068 -9999 -9999 -9999 -9999 -9999 99.988 98.969 99.065 99.78 98.644 96.663 96.313 95.174 95.037 95.436 96.904 99.973 99.937 99.176 99.891 100.722 100.426 100.376 100.474 100.375 100.316 100.288 100.283 100.292 100.323 100.355 100.383 100.41 100.434 100.455 100.515 100.607 100.731 100.87 101.009 101.145 101.281 101.417 101.552 101.689 101.832 101.982 102.169 102.384 102.615 102.862 103.13 103.423 103.748 104.098 104.446 104.816 105.181
-9999 -9999 -9999 -9999 -9999 -9999 -9999 -9999 -9999 -9999 -9999 -9999 -9999 -9999 -9999 -9999 104.051 -9999 -9999 -9999 -9999 -9999 101.04 98.768 99.066 99.142 97.548 96.208 95.781 96.391 96.522 96.237 98.055 98.677 98.31 98.438 99.388 100.805 100.743 100.751 100.601 100.478 100.42 100.423 100.426 100.446 100.48 100.511 100.54 100.565 100.589 100.627 100.698 100.804 100.918 101.053 101.192 101.33 101.467 101.605 101.743 101.886 102.035 102.193 102.367 102.603 102.876 103.164 103.471 103.8 104.159 104.549 104.929 105.295 105.615
-9999 -9999 -9999 -9999 -9999 -9999 -9999 -9999 -9999 -9999 -9999 -9999 -9999 -9999 -9999 -9999 -9999 -9999 -9999 -9999 -9999 -9999 101.733 100.465 100.473 100.501 98.577 95.426 96.524 98.758 98.871 99.552 99.823 99.623 99.705 99.75 100.687 101.177 101.104 100.947 100.795 100.684 100.627 100.601 100.59 100.607 100.64 100.67 100.697 100.722 100.744 100.8 100.89 100.998 101.107 101.236 101.376 101.515 101.654 101.794 101.937 102.099 102.294 102.506 102.727 102.965 103.257 103.574 103.909 104.268 104.657 105.082 105.476 105.818 106.108
-9999 -9999 -9999 -9999 -9999 -9999 -9999 -9999 -9999 -9999 -9999 -9999 -9999 -9999 -9999 -9999 -9999 -9999 -9999 -9999 -9999 -9999 -9999 101.317 101.428 102.113 99.636 97.284 98.407 98.294 98.995 99.943 99.355 97.892 98.625 100.84 101.252 101.476 101.321 101.172 101.05 100.949 100.874 100.824 100.808 100.817 100.824 100.833 100.858 100.881 100.906 100.978 101.082 101.19 101.297 101.42 101.56 101.701 101.843 102.018 102.218 102.425 102.647 102.888 103.14 103.406 103.694 104.022 104.377 104.758 105.17 105.601 106.0 106.306 106.568
-9999 -9999 -9999 -9999 -9999 -9999 -9999 -9999 -9999 -9999 -9999 -9999 -9999 -9999 -9999 -9999 -9999 -9999 -9999 -9999 -9999 -9999 100.993 100.663 100.924 101.665 100.467 100.643 100.203 99.24 99.648 99.488 98.392 97.432 99.219 101.149 101.326 101.693 101.546 101.424 101.316 101.218 101.134 101.077 101.059 101.054 101.046 101.045 101.042 101.044 101.086 101.165 101.275 101.383 101.491 101.609 101.748 101.924 102.127 102.335 102.564 102.801 103.044 103.297 103.562 103.844 104.146 104.48 104.852 105.246 105.664 106.101 106.476 106.759 106.997
-9999 -9999 -9999 -9999 -9999 -9999 -9999 -9999 -9999 -9999 -9999 -9999 -9999 -9999 -9999 -9999 -9999 -9999 -9999 -9999 -9999 -9999 100.84 99.508 98.896 97.783 98.14 98.918 98.556 99.066 98.964 99.02 98.524 98.481 99.474 99.387 100.099 101.911 101.788 101.681 101.579 101.483 101.396 101.337 101.314 101.303 101.291 101.277 101.261 101.252 101.272 101.359 101.468 101.577 101.686 101.824 102.017 102.231 102.464 102.702 102.942 103.187 103.441 103.705 103.984 104.281 104.602 104.946 105.319 105.721 106.15 106.585 106.924 107.176 107.408
-9999 -9999 -9999 -9999 -9999 -9999 -9999 -9999 -9999 -9999 -9999 -9999 -9999 -9999 -9999 -9999 -9999 -9999 -9999 -9999 -9999 -9999 104.348 102.6 101.307 99.444 99.457 98.187 98.692 99.45 99.767 100.652 100.364 99.365 98.974 97.805 99.629 102.14 102.028 101.84 101.622 101.743 101.66 101.604 101.569 101.553 101.537 101.52 101.5 101.48 101.501 101.567 101.664 101.774 101.929 102.119 102.34 102.585 102.828 103.073 103.321 103.575 103.839 104.115 104.408 104.717 105.044 105.396 105.779 106.19 106.634 107.03 107.34 107.571 107.802
-9999 -9999 -9999 -9999 -9999 -9999 -9999 -9999 -9999 -9999 -9999 -9999 -9999 -9999 -9999 -9999 -9999 -9999 -9999 -9999 -9999 -9999 -9999 104.308 102.547 100.48 99.902 100.583 100.645 99.576 99.907 99.615 99.006 98.757 98.395 99.062 100.909 102.375 102.257 102.011 101.991 101.996 101.925 101.87 101.831 101.805 101.785 101.764 101.742 101.726 101.757 101.821 101.893 102.045 102.236 102.458 102.697 102.947 103.196 103.447 103.703 103.966 104.24 104.523 104.819 105.135 105.472 105.835 106.232 106.662 107.101 107.46 107.722 107.952 108.182
-9999 -9999 -9999 -9999 -9999 -9999 -9999 -9999 -9999 -9999 -9999 -9999 -9999 -9999 -9999 -9999 -9999 -9999 -9999 -9999 -9999 -9999 -9999 101.957 100.236 98.821 99.117 99.414 99.325 100.584 99.913 98.244 97.845 97.142 98.65 101.985 102.708 102.606 102.497 102.366 102.325 102.246 102.187 102.132 102.087 102.055 102.032 102.01 101.987 101.977 102.016 102.097 102.228 102.385 102.591 102.816 103.058 103.312 103.566 103.822 104.082 104.349 104.626 104.917 105.221 105.544 105.892 106.269 106.684 107.127 107.539 107.858 108.092 108.32 108.55
-9999 -9999 -9999 -9999 -9999 -9999 -9999 -9999 -9999 -9999 -9999 -9999 -9999 -9999 -9999 -9999 -9999 -9999 -9999 -9999 -9999 -9999 103.207 100.515 99.373 98.904 98.827 98.488 99.596 100.947 100.273 100.822 100.165 99.327 101.595 103.03 102.932 102.833 102.739 102.648 102.565 102.501 102.442 102.387 102.338 102.302 102.277 102.253 102.228 102.225 102.278 102.423 102.587 102.776 102.965 103.173 103.412 103.668 103.925 104.186 104.451 104.724 105.007 105.304 105.618 105.953 106.314 106.706 107.131 107.558 107.941 108.227 108.45 108.677 108.906
-9999 -9999 -9999 -9999 -9999 -9999 -9999 -9999 -9999 -9999 -9999 -9999 -9999 -9999 -9999 -9999 -9999 -9999 -9999 -9999 -9999 -9999 100.995 99.751 100.323 102.589 101.62 99.945 100.65 100.761 101.185 101.545 100.809 100.07 101.451 103.239 103.147 103.056 102.965 102.88 102.81 102.749 102.692 102.637 102.586 102.546 102.52 102.494 102.467 102.476 102.581 102.77 102.96 103.15 103.343 103.54 103.765 104.02 104.281 104.546 104.817 105.097 105.388 105.695 106.019 106.365 106.739 107.142 107.544 107.962 108.317 108.58 108.799 109.024 109.253
-9999 -9999 -9999 -9999 -9999 -9999 -9999 -9999 -9999 -9999 -9999 -9999 -9999 -9999 -9999 -9999 -9999 -9999 -9999 -9999 -9999 -9999 100.238 101.375 102.96 103.634 101.939 100.251 100.574 101.453 101.415 100.759 100.209 99.826 101.454 103.441 103.355 103.271 103.191 103.12 103.057 102.998 102.942 102.887 102.833 102.791 102.762 102.735 102.711 102.761 102.942 103.131 103.321 103.514 103.71 103.912 104.128 104.374 104.638 104.908 105.186 105.473 105.773 106.089 106.424 106.782 107.163 107.542 107.936 108.346 108.687 108.924 109.139 109.362 109.59
-9999 -9999 -9999 -9999 -9999 -9999 -9999 -9999 -9999 -9999 -9999 -9999 -9999 -9999 -9999 -9999 -9999 -9999 -9999 -9999 -9999 101.673 101.813 102.555 102.784 102.054 101.117 101.487 102.089 102.571 102.016 101.408 101.405 102.004 103.179 103.649 103.572 103.5 103.436 103.378 103.319 103.261 103.206 103.152 103.099 103.055 103.023 102.992 102.989 103.116 103.293 103.482 103.674 103.87 104.07 104.278 104.5 104.738 104.999 105.275 105.56 105.855 106.164 106.489 106.835 107.195 107.553 107.925 108.31 108.695 109.025 109.257 109.471 109.692 109.917
-9999 -9999 -9999 -9999 -9999 -9999 -9999 -9999 -9999 -9999 -9999 -9999 -9999 -9999 -9999 -9999 -9999 -9999 -9999 -9999 102.053 101.442 101.944 102.699 102.213 101.333 101.411 101.702 102.249 103.095 102.841 103.004 103.171 102.719 103.165 103.879 103.798 103.736 103.682 103.629 103.578 103.525 103.471 103.419 103.368 103.323 103.289 103.275 103.35 103.48 103.653 103.836 104.023 104.22 104.426 104.64 104.869 105.113 105.369 105.648 105.94 106.244 106.562 106.898 107.236 107.575 107.926 108.291 108.687 109.04 109.334 109.577 109.798 110.015 110.206
-9999 -9999 -9999 -9999 -9999 -9999 -9999 -9999 -9999 -9999 -9999 -9999 -9999 -9999 -9999 -9999 -9999 -9999 105.034 103.632 102.171 104.237 103.61 100.845 100.223 99.303 99.869 101.812 103.736 104.028 104.08 103.891 103.706 103.867 104.125 103.806 103.821 103.975 103.917 103.869 103.822 103.776 103.73 103.681 103.631 103.588 103.562 103.606 103.707 103.841 104.015 104.196 104.387 104.588 104.797 105.02 105.257 105.508 105.77 106.048 106.343 106.652 106.972 107.286 107.608 107.939 108.287 108.662 109.05 109.376 109.636 109.891 110.105 110.28 110.45
-9999 -9999 -9999 -9999 -9999 -9999 -9999 -9999 -9999 -9999 -9999 -9999 -9999 -9999 -9999 -9999 -9999 104.642 105.17 103.329 104.474 105.481 103.155 100.848 100.18 99.823 101.203 103.964 104.182 104.371 104.215 103.938 104.158 104.521 104.262 104.039 104.146 104.219 104.155 104.099 104.056 104.015 103.973 103.932 103.889 103.848 103.85 103.947 104.052 104.194 104.389 104.583 104.78 104.985 105.199 105.422 105.66 105.914 106.182 106.464 106.762 107.056 107.349 107.654 107.963 108.293 108.649 109.036 109.389 109.686 109.926 110.165 110.362 110.513 110.658
-9999 -9999 -9999 -9999 -9999 -9999 -9999 -9999 -9999 -9999 -9999 -9999 -9999 -9999 104.448 105.498 105.512 106.089 105.352 105.229 104.943 102.721 101.497 101.111 101.461 103.118 104.22 104.382 104.588 104.835 104.663 104.596 104.769 104.719 104.585 104.53 104.532 104.461 104.394 104.336 104.284 104.243 104.206 104.17 104.131 104.11 104.178 104.293 104.414 104.569 104.763 104.969 105.174 105.382 105.599 105.826 106.066 106.319 106.589 106.86 107.135 107.419 107.702 107.998 108.311 108.646 109.008 109.379 109.685 109.923 110.155 110.391 110.584 110.723 110.858
-9999 -9999 -9999 -9999 -9999 -9999 -9999 -9999 -9999 -9999 -9999 -9999 106.431 106.094 106.52 106.475 106.388 106.226 106.081 105.95 104.073 102.261 101.886 102.163 104.76 104.564 104.58 104.313 104.592 105.1 105.034 104.975 104.931 104.894 104.854 104.806 104.756 104.698 104.633 104.572 104.517 104.469 104.431 104.397 104.368 104.397 104.523 104.653 104.787 104.945 105.136 105.345 105.561 105.776 105.996 106.226 106.462 106.699 106.945 107.207 107.476 107.754 108.039 108.338 108.656 108.989 109.34 109.641 109.894 110.105 110.328 110.565 110.775 110.925 111.052
-9999 -9999 -9999 -9999 -9999 -9999 -9999 -9999 106.47 106.173 106.322 106.47 106.608 106.59 106.568 106.55 106.48 106.37 106.038 105.405 103.096 100.134 102.928 105.522 105.347 105.233 104.977 104.675 104.981 105.229 105.177 105.124 105.084 105.048 105.013 104.978 104.939 104.89 104.84 104.792 104.744 104.699 104.659 104.639 104.647 104.737 104.866 104.998 105.134 105.29 105.48 105.693 105.913 106.135 106.356 106.576 106.801 107.032 107.271 107.522 107.789 108.069 108.352 108.646 108.956 109.286 109.593 109.851 110.056 110.264 110.484 110.713 110.918 111.074 111.212
-9999 -9999 -9999 -9999 -9999 -9999 -9999 106.207 106.512 106.362 106.394 106.67 106.665 106.643 106.618 106.597 106.565 106.489 105.96 105.462 103.141 103.555 104.782 105.8 105.631 105.414 105.155 104.849 105.065 105.378 105.318 105.269 105.232 105.197 105.163 105.131 105.097 105.06 105.017 104.975 104.937 104.904 104.891 104.886 104.925 105.042 105.17 105.301 105.435 105.584 105.76 105.965 106.177 106.395 106.618 106.845 107.071 107.3 107.537 107.787 108.053 108.339 108.627 108.919 109.229 109.544 109.802 110.014 110.211 110.414 110.622 110.838 111.038 111.187 111.317
-9999 -9999 -9999 -9999 -9999 -9999 106.352 106.723 106.632 106.635 106.732 106.733 106.723 106.698 106.67 106.647 106.626 106.581 106.304 106.177 105.646 105.538 105.953 105.648 105.514 105.478 104.928 103.874 104.425 105.516 105.458 105.411 105.375 105.34 105.307 105.275 105.245 105.213 105.182 105.148 105.124 105.117 105.109 105.11 105.173 105.294 105.421 105.55 105.683 105.825 105.993 106.193 106.399 106.612 106.832 107.058 107.29 107.529 107.774 108.025 108.291 108.577 108.876 109.174 109.486 109.745 109.968 110.159 110.35 110.547 110.747 110.954 111.147 111.292 111.414
