Validation/Results/raw data/ReClimate_02_2024_1_Precipitation-Actuals.asc
NCOLS 192
NROWS 249
XLLCENTER -225160.85627316462
YLLCENTER 29788.11610251502
CELLSIZE 5000.0
NODATA_VALUE -9999
[rows 66 to 98 of 249, columns 75 to 149 of 192]
-9999 -9999 -9999 -9999 -9999 -9999 -9999 -9999 -9999 -9999 105.295 -9999 120.531 149.01 182.29 185.389 187.257 164.801 156.495 132.094 115.216 95.513 98.907 102.219 93.385 92.182 92.069 88.687 89.963 84.567 84.719 -9999 -9999 -9999 -9999 -9999 -9999 -9999 -9999 -9999 -9999 -9999 -9999 -9999 -9999 -9999 -9999 -9999 -9999 -9999 -9999 -9999 -9999 -9999 -9999 -9999 -9999 -9999 -9999 -9999 -9999 -9999 -9999 -9999 -9999 -9999 -9999 -9999 -9999 -9999 -9999 -9999 -9999 -9999 -9999
-9999 -9999 -9999 -9999 -9999 -9999 -9999 -9999 -9999 -9999 -9999 106.491 146.725 154.986 171.732 170.231 161.477 156.399 148.788 126.736 109.177 99.677 93.87 88.71 81.574 84.857 85.896 85.868 75.817 -9999 -9999 -9999 -9999 -9999 -9999 -9999 -9999 -9999 -9999 -9999 -9999 -9999 -9999 -9999 -9999 -9999 -9999 -9999 -9999 -9999 -9999 -9999 -9999 -9999 -9999 -9999 -9999 -9999 -9999 -9999 -9999 -9999 -9999 -9999 -9999 -9999 -9999 -9999 -9999 -9999 -9999 -9999 -9999 -9999 -9999
-9999 -9999 -9999 -9999 -9999 -9999 -9999 -9999 -9999 -9999 -9999 139.4 152.028 147.276 140.282 149.524 154.497 139.08 121.795 108.075 94.164 88.802 82.94 85.072 83.013 77.501 79.172 70.796 57.86 -9999 -9999 -9999 -9999 -9999 -9999 -9999 -9999 -9999 -9999 -9999 -9999 -9999 -9999 -9999 -9999 -9999 -9999 -9999 -9999 -9999 -9999 -9999 -9999 -9999 -9999 -9999 -9999 -9999 -9999 -9999 -9999 -9999 -9999 -9999 -9999 -9999 -9999 -9999 -9999 -9999 -9999 -9999 -9999 -9999 -9999
-9999 -9999 -9999 -9999 -9999 -9999 -9999 -9999 -9999 -9999 -9999 -9999 -9999 128.848 135.513 145.499 137.09 127.117 119.262 110.17 96.542 81.488 78.223 84.284 78.254 74.69 63.775 -9999 -9999 -9999 -9999 -9999 -9999 -9999 -9999 -9999 -9999 -9999 -9999 -9999 -9999 -9999 -9999 -9999 -9999 -9999 -9999 -9999 -9999 -9999 -9999 -9999 -9999 -9999 -9999 -9999 -9999 -9999 -9999 -9999 -9999 -9999 -9999 -9999 -9999 -9999 -9999 -9999 -9999 -9999 -9999 -9999 -9999 -9999 -9999
-9999 -9999 -9999 -9999 -9999 -9999 -9999 116.467 -9999 -9999 149.751 162.096 139.647 130.858 151.574 145.792 142.984 140.158 132.744 115.929 99.896 75.882 76.72 73.94 73.498 64.054 59.61 -9999 -9999 -9999 -9999 -9999 -9999 -9999 -9999 -9999 -9999 -9999 -9999 -9999 -9999 -9999 -9999 -9999 -9999 -9999 -9999 -9999 -9999 -9999 -9999 -9999 -9999 -9999 -9999 -9999 -9999 -9999 -9999 -9999 -9999 -9999 -9999 -9999 -9999 -9999 -9999 -9999 -9999 -9999 -9999 -9999 -9999 -9999 -9999
-9999 -9999 -9999 -9999 -9999 118.332 116.29 122.195 124.099 143.373 164.427 175.076 171.232 168.27 137.227 153.563 160.119 154.734 139.758 121.436 112.087 103.008 74.722 65.32 57.734 51.786 46.13 -9999 -9999 -9999 -9999 -9999 -9999 -9999 -9999 -9999 -9999 -9999 -9999 -9999 -9999 -9999 -9999 -9999 -9999 -9999 -9999 -9999 -9999 -9999 -9999 -9999 -9999 -9999 -9999 -9999 -9999 -9999 -9999 -9999 -9999 -9999 -9999 -9999 -9999 -9999 -9999 -9999 -9999 -9999 -9999 -9999 -9999 -9999 -9999
-9999 -9999 -9999 -9999 -9999 119.099 125.5 -9999 141.272 162.551 178.842 179.603 199.872 158.668 158.773 166.677 175.649 180.894 154.036 141.09 137.38 108.382 88.606 81.651 62.329 51.589 -9999 41.579 -9999 -9999 -9999 -9999 -9999 -9999 -9999 -9999 -9999 -9999 -9999 -9999 -9999 -9999 -9999 -9999 -9999 -9999 -9999 -9999 -9999 -9999 -9999 -9999 -9999 -9999 -9999 -9999 -9999 -9999 -9999 -9999 -9999 -9999 -9999 -9999 -9999 -9999 -9999 -9999 -9999 -9999 -9999 -9999 -9999 -9999 -9999
-9999 -9999 -9999 -9999 -9999 -9999 139.457 140.44 153.839 179.05 179.912 205.368 184.013 168.021 157.605 154.792 165.606 168.672 142.326 136.009 133.215 106.194 93.574 74.749 61.872 50.737 41.792 38.628 -9999 -9999 -9999 -9999 -9999 -9999 -9999 -9999 -9999 -9999 -9999 -9999 -9999 -9999 -9999 -9999 -9999 -9999 -9999 -9999 -9999 -9999 -9999 -9999 -9999 -9999 -9999 -9999 -9999 -9999 -9999 -9999 -9999 -9999 -9999 -9999 -9999 -9999 -9999 -9999 -9999 -9999 -9999 -9999 -9999 -9999 -9999
-9999 -9999 -9999 -9999 -9999 -9999 -9999 150.256 165.582 183.02 222.087 213.271 205.163 185.974 182.813 180.69 161.586 136.312 124.25 136.167 123.696 107.458 90.661 65.674 55.36 42.488 41.174 43.213 -9999 -9999 -9999 -9999 -9999 -9999 -9999 -9999 -9999 -9999 -9999 -9999 -9999 -9999 -9999 -9999 -9999 -9999 -9999 -9999 -9999 -9999 -9999 -9999 -9999 -9999 -9999 -9999 -9999 -9999 -9999 -9999 -9999 -9999 -9999 -9999 -9999 -9999 -9999 -9999 -9999 -9999 -9999 -9999 -9999 -9999 -9999
-9999 -9999 -9999 -9999 -9999 145.505 149.511 171.279 187.002 205.421 206.208 223.384 209.909 197.913 195.549 171.242 150.783 141.139 121.202 123.447 133.298 106.044 72.182 55.057 44.976 -9999 44.651 -9999 -9999 -9999 -9999 -9999 -9999 43.948 40.405 40.797 -9999 -9999 -9999 -9999 -9999 -9999 -9999 -9999 -9999 -9999 -9999 -9999 -9999 -9999 -9999 -9999 -9999 -9999 -9999 -9999 -9999 -9999 -9999 -9999 -9999 -9999 -9999 -9999 -9999 -9999 -9999 -9999 -9999 -9999 -9999 -9999 -9999 -9999 -9999
135.274 -9999 -9999 -9999 -9999 -9999 165.191 181.602 206.437 210.241 224.532 207.338 194.63 188.552 187.292 158.434 138.4 114.783 116.451 127.92 108.199 81.773 65.35 57.037 52.249 47.452 -9999 -9999 -9999 -9999 40.194 38.507 38.65 40.566 40.89 40.747 40.884 40.95 46.415 52.382 53.013 47.518 43.308 44.33 48.213 52.962 55.944 56.182 54.902 51.975 49.547 49.597 -9999 -9999 -9999 -9999 -9999 -9999 -9999 -9999 -9999 -9999 -9999 -9999 -9999 -9999 -9999 -9999 -9999 -9999 -9999 -9999 -9999 -9999 -9999
174.508 -9999 -9999 -9999 151.581 -9999 162.837 167.924 198.907 242.181 237.644 199.905 178.805 182.137 166.609 156.264 135.773 124.873 106.388 89.28 83.109 69.853 61.088 60.738 52.437 -9999 -9999 -9999 -9999 42.445 42.619 40.528 42.89 46.923 42.866 44.334 46.75 46.313 57.627 57.834 57.518 52.557 47.469 48.478 49.67 52.109 57.058 61.819 60.248 59.476 55.994 50.573 -9999 -9999 -9999 -9999 -9999 -9999 -9999 -9999 -9999 -9999 -9999 -9999 -9999 -9999 -9999 -9999 -9999 -9999 -9999 -9999 -9999 -9999 -9999
183.488 -9999 -9999 -9999 157.056 161.096 163.051 202.754 238.896 245.329 241.525 200.306 193.837 179.627 167.928 145.086 133.163 130.172 108.696 99.082 76.211 60.188 61.668 52.644 -9999 -9999 43.56 42.151 43.264 44.871 45.557 45.591 48.655 52.874 55.774 58.781 55.609 55.567 55.504 55.113 53.031 52.34 54.745 49.48 50.858 52.708 61.951 67.305 61.194 59.073 58.92 53.721 51.293 -9999 -9999 -9999 -9999 -9999 -9999 -9999 -9999 -9999 -9999 -9999 -9999 -9999 -9999 -9999 -9999 -9999 -9999 -9999 -9999 -9999 -9999
171.548 -9999 159.296 -9999 143.655 149.713 205.451 244.869 229.146 249.629 236.383 222.636 206.392 195.894 190.166 164.164 148.525 131.545 122.754 100.849 75.424 55.099 49.026 47.507 -9999 53.049 52.436 52.29 48.669 46.904 48.177 56.202 59.893 61.045 67.002 64.265 60.392 60.773 60.97 59.709 55.719 53.447 50.569 52.154 51.748 53.782 62.66 60.362 54.286 55.0 57.837 54.856 50.358 -9999 -9999 -9999 -9999 -9999 -9999 -9999 -9999 -9999 -9999 -9999 -9999 -9999 -9999 -9999 -9999 -9999 -9999 -9999 -9999 -9999 -9999
-9999 158.625 -9999 -9999 -9999 191.6 270.614 235.993 222.062 189.319 202.894 203.669 197.41 203.361 190.464 185.118 162.053 142.116 116.488 91.04 66.566 59.083 62.956 54.788 54.737 61.924 67.344 69.981 63.543 56.557 60.797 65.158 68.66 67.498 57.734 57.678 56.827 57.029 62.862 57.916 53.974 50.244 50.546 53.401 54.757 53.533 59.239 55.992 57.456 59.151 58.864 55.969 51.816 -9999 -9999 -9999 -9999 -9999 -9999 -9999 -9999 -9999 -9999 -9999 -9999 -9999 -9999 -9999 -9999 -9999 -9999 -9999 -9999 -9999 -9999
166.787 -9999 -9999 -9999 -9999 214.354 213.905 198.612 -9999 195.037 203.949 204.404 194.825 191.943 189.881 164.74 142.661 134.702 115.413 98.874 83.45 81.4 76.909 57.562 64.864 66.905 79.019 86.862 77.765 61.173 59.03 68.261 72.446 59.375 56.248 64.358 59.253 68.894 67.437 59.98 59.179 52.238 56.006 60.963 54.516 56.783 56.222 56.503 55.962 58.84 57.105 50.331 49.488 -9999 -9999 -9999 -9999 -9999 -9999 -9999 -9999 -9999 -9999 -9999 -9999 -9999 -9999 -9999 -9999 -9999 -9999 -9999 -9999 -9999 -9999
216.839 -9999 -9999 -9999 177.789 -9999 -9999 160.122 170.559 193.298 218.052 221.013 210.013 208.754 187.79 169.128 139.582 115.813 102.163 96.211 89.895 88.024 57.858 60.999 68.963 84.01 84.38 82.727 81.613 64.974 62.605 64.917 61.166 58.607 66.199 65.278 68.102 71.76 68.148 72.851 63.178 58.419 62.775 55.768 54.015 56.125 58.58 53.091 53.297 54.578 52.955 47.917 -9999 -9999 -9999 -9999 -9999 -9999 -9999 -9999 -9999 -9999 -9999 -9999 -9999 -9999 -9999 -9999 -9999 -9999 -9999 -9999 -9999 -9999 -9999
254.663 214.253 185.046 -9999 -9999 -9999 180.378 163.358 -9999 195.501 203.555 210.058 215.433 204.726 200.383 164.795 118.052 107.622 105.502 104.379 93.789 73.122 74.899 76.694 86.941 82.989 81.887 83.447 74.701 60.698 58.445 54.093 57.733 70.691 65.899 71.243 85.41 78.104 74.143 73.044 59.885 56.765 54.508 53.288 51.164 55.065 54.02 53.631 52.684 50.707 47.291 -9999 -9999 -9999 -9999 -9999 -9999 -9999 -9999 -9999 -9999 -9999 -9999 -9999 -9999 -9999 -9999 -9999 -9999 -9999 -9999 -9999 -9999 -9999 -9999
248.741 220.824 198.868 -9999 185.827 190.355 191.193 195.482 219.16 220.582 220.478 233.34 233.358 204.161 171.555 152.258 132.117 130.117 129.324 114.619 92.737 82.958 85.428 99.709 95.66 83.354 79.856 74.936 54.545 54.139 56.533 57.171 63.055 56.509 60.114 70.343 80.173 83.373 83.425 80.714 62.375 62.279 59.775 62.096 67.58 55.937 52.613 56.342 57.533 51.067 45.839 -9999 -9999 -9999 -9999 -9999 -9999 -9999 -9999 -9999 -9999 -9999 -9999 -9999 -9999 -9999 -9999 -9999 -9999 -9999 -9999 -9999 -9999 -9999 -9999
225.108 206.888 190.95 184.894 181.473 199.549 -9999 198.273 232.386 259.247 276.069 258.666 236.457 201.522 200.969 172.453 150.869 131.598 119.453 113.72 88.768 86.296 102.255 110.509 95.146 90.538 90.312 69.727 69.252 57.811 54.454 48.604 52.139 65.486 65.812 73.418 86.752 82.037 76.458 69.882 60.981 56.657 49.641 57.661 54.266 49.386 51.449 53.746 52.833 49.396 -9999 -9999 -9999 -9999 -9999 -9999 -9999 -9999 -9999 -9999 -9999 -9999 -9999 -9999 -9999 -9999 -9999 -9999 -9999 -9999 -9999 -9999 -9999 -9999 -9999
-9999 -9999 -9999 172.565 189.29 -9999 193.729 223.873 271.097 296.039 282.565 291.528 262.977 243.982 216.143 162.385 142.278 137.206 135.154 104.901 97.681 108.126 125.136 125.719 120.877 117.639 91.523 89.625 73.701 64.668 70.665 63.116 79.995 79.696 79.846 82.852 78.857 64.515 63.973 61.47 63.831 59.076 53.685 56.048 53.233 50.694 50.271 52.523 52.1 47.141 -9999 -9999 -9999 -9999 -9999 -9999 -9999 -9999 -9999 -9999 -9999 -9999 -9999 -9999 -9999 -9999 -9999 -9999 -9999 -9999 -9999 -9999 -9999 -9999 -9999
-9999 -9999 175.196 184.145 -9999 176.77 197.577 -9999 260.999 257.953 289.178 289.419 280.779 247.822 203.289 185.529 166.308 136.789 114.261 121.054 118.201 129.302 147.898 146.898 137.843 116.697 91.1 70.998 60.118 70.919 76.815 87.261 93.725 90.632 81.972 78.76 68.089 68.046 61.12 59.922 61.839 55.53 56.296 59.147 56.484 53.017 50.303 57.487 53.039 45.836 -9999 -9999 -9999 -9999 -9999 -9999 -9999 -9999 -9999 -9999 -9999 -9999 -9999 -9999 -9999 -9999 -9999 -9999 -9999 -9999 -9999 -9999 -9999 -9999 -9999
-9999 -9999 168.456 -9999 -9999 180.641 205.261 243.011 248.713 276.868 282.702 251.833 238.893 219.559 187.022 162.112 143.899 138.23 149.704 151.714 151.657 160.0 160.852 148.435 122.605 83.903 65.947 67.637 86.767 101.775 126.314 128.468 114.912 105.059 98.73 81.322 71.2 63.671 59.319 50.997 51.108 52.178 54.432 61.843 71.083 57.856 54.674 52.666 49.422 45.077 -9999 -9999 -9999 -9999 -9999 -9999 -9999 -9999 -9999 -9999 -9999 -9999 -9999 -9999 -9999 -9999 -9999 -9999 -9999 -9999 -9999 -9999 -9999 -9999 -9999
-9999 -9999 -9999 -9999 -9999 -9999 229.506 262.813 259.414 284.317 273.846 244.185 243.035 221.249 194.44 185.973 189.041 188.4 174.034 170.817 152.913 142.939 137.674 126.39 97.339 71.156 71.724 87.055 107.123 129.675 122.654 121.141 112.932 107.108 93.628 79.541 70.712 64.959 54.453 45.329 48.361 47.613 51.903 64.095 58.394 52.769 51.732 53.879 51.456 -9999 -9999 -9999 -9999 -9999 -9999 -9999 -9999 -9999 -9999 -9999 -9999 -9999 -9999 -9999 -9999 -9999 -9999 -9999 -9999 -9999 -9999 -9999 -9999 -9999 -9999
-9999 -9999 -9999 -9999 151.171 176.904 -9999 270.627 276.26 308.199 277.28 237.414 221.567 212.034 221.518 223.658 205.712 172.518 171.094 160.304 147.282 125.275 112.927 94.017 84.226 96.632 102.021 108.824 124.312 117.468 108.093 81.05 87.711 82.858 65.155 63.439 66.118 71.032 66.452 61.966 64.715 72.149 65.684 55.405 60.886 64.447 63.437 57.861 51.143 -9999 -9999 -9999 -9999 -9999 -9999 -9999 -9999 -9999 -9999 -9999 -9999 -9999 -9999 -9999 -9999 -9999 -9999 -9999 -9999 -9999 -9999 -9999 -9999 -9999 -9999
-9999 -9999 -9999 145.345 141.8 186.509 229.525 270.162 296.694 299.879 274.556 229.776 202.199 204.745 200.372 198.238 200.203 189.637 192.558 181.804 128.095 124.257 107.957 103.88 107.333 127.783 126.453 123.388 115.287 113.681 89.832 79.525 80.949 89.495 86.24 84.615 80.92 81.229 93.528 102.151 101.199 94.373 80.269 81.206 79.443 70.603 59.844 54.791 -9999 -9999 -9999 -9999 -9999 -9999 -9999 -9999 -9999 -9999 -9999 -9999 -9999 -9999 -9999 -9999 -9999 -9999 -9999 -9999 -9999 -9999 -9999 -9999 -9999 -9999 -9999
-9999 -9999 -9999 135.971 -9999 183.855 213.607 243.293 281.259 276.682 216.208 203.012 208.539 178.673 170.359 173.263 176.595 186.805 177.808 139.461 138.93 146.158 131.655 120.922 147.522 148.34 147.772 134.942 132.077 123.603 109.294 97.835 105.559 107.723 110.189 109.583 89.106 105.25 112.276 89.829 93.944 97.317 88.309 85.638 76.109 61.074 58.307 53.2 -9999 -9999 -9999 -9999 -9999 -9999 -9999 -9999 -9999 -9999 -9999 -9999 -9999 -9999 -9999 -9999 -9999 -9999 -9999 -9999 -9999 -9999 -9999 -9999 -9999 -9999 -9999
-9999 -9999 -9999 -9999 -9999 204.948 227.362 234.603 258.52 222.497 182.021 189.207 175.657 158.595 157.591 165.324 184.067 172.551 173.856 161.692 168.338 151.288 131.114 141.398 154.554 150.383 142.448 126.258 130.884 118.22 112.899 129.653 127.544 127.13 138.906 128.351 126.851 130.434 113.372 101.181 93.875 82.268 82.153 81.006 67.088 56.422 53.751 48.17 -9999 -9999 -9999 -9999 -9999 -9999 -9999 -9999 -9999 -9999 -9999 -9999 -9999 -9999 -9999 -9999 -9999 -9999 -9999 -9999 -9999 -9999 -9999 -9999 -9999 -9999 -9999
-9999 -9999 -9999 167.332 177.422 199.117 207.751 218.674 240.256 208.425 215.995 218.124 -9999 191.066 233.749 239.801 223.871 211.23 210.83 198.526 186.549 173.128 160.605 150.803 138.334 125.628 109.484 106.526 113.7 104.953 123.75 118.127 118.33 115.733 130.019 134.125 124.296 108.647 109.377 100.138 85.17 88.002 74.872 65.61 57.016 53.19 53.767 37.477 -9999 -9999 -9999 -9999 -9999 -9999 -9999 -9999 -9999 -9999 -9999 -9999 -9999 -9999 -9999 -9999 -9999 -9999 -9999 -9999 -9999 -9999 -9999 -9999 -9999 -9999 -9999
138.508 141.392 162.607 -9999 176.935 193.487 200.977 209.867 224.153 232.465 233.826 -9999 230.308 272.726 271.947 285.002 249.483 221.12 199.566 201.53 187.66 178.871 160.857 141.605 119.177 105.014 85.83 91.528 87.185 103.244 105.353 107.645 102.388 97.913 108.202 108.482 99.075 99.538 95.608 87.667 83.152 66.675 58.406 51.031 50.366 54.772 40.899 -9999 -9999 -9999 -9999 -9999 -9999 -9999 -9999 -9999 -9999 -9999 -9999 -9999 -9999 -9999 -9999 -9999 -9999 -9999 -9999 -9999 -9999 -9999 -9999 -9999 -9999 -9999 -9999
137.84 152.938 177.368 184.29 -9999 195.241 201.26 207.628 224.241 224.801 214.33 212.02 246.328 251.577 257.228 272.392 241.606 215.871 193.943 177.165 158.234 152.255 134.279 121.875 119.289 91.014 89.869 79.388 79.219 85.689 98.491 89.913 79.077 86.387 99.649 93.3 90.747 81.859 84.168 73.651 59.371 54.134 51.018 48.908 47.543 -9999 -9999 -9999 -9999 -9999 -9999 -9999 -9999 -9999 -9999 -9999 -9999 -9999 -9999 -9999 -9999 -9999 -9999 -9999 -9999 -9999 -9999 -9999 -9999 -9999 -9999 -9999 -9999 -9999 -9999
-9999 -9999 173.687 -9999 197.211 206.649 215.224 236.099 238.005 -9999 -9999 243.161 236.492 238.928 266.568 242.625 229.86 202.356 181.722 136.545 123.296 113.257 110.13 108.123 96.344 100.075 91.02 89.508 78.279 82.981 86.3 81.252 75.509 83.261 85.732 83.877 76.232 73.729 68.283 59.158 51.025 46.681 49.355 46.532 -9999 -9999 -9999 -9999 -9999 -9999 -9999 -9999 -9999 -9999 -9999 -9999 -9999 -9999 -9999 -9999 -9999 -9999 -9999 -9999 -9999 -9999 -9999 -9999 -9999 -9999 -9999 -9999 -9999 -9999 -9999
151.117 -9999 176.703 201.181 197.436 211.229 228.356 236.902 -9999 -9999 229.412 268.258 275.186 278.571 247.175 236.338 218.523 195.04 162.63 140.779 131.693 137.939 134.751 133.172 139.601 120.171 103.178 93.537 83.417 78.541 70.584 77.187 77.86 76.444 73.66 68.552 58.617 57.748 54.996 51.463 45.453 44.989 46.086 47.445 44.03 -9999 -9999 -9999 -9999 -9999 -9999 -9999 -9999 -9999 -9999 -9999 -9999 -9999 -9999 -9999 -9999 -9999 -9999 -9999 -9999 -9999 -9999 -9999 -9999 -9999 -9999 -9999 -9999 -9999 -9999
