Validation/Results/raw data/ReClimate_05_2024_2_Temperature-Actuals.asc
NCOLS 192
NROWS 249
XLLCENTER -225160.85627316462
YLLCENTER 29788.11610251502
CELLSIZE 5000.0
NODATA_VALUE -9999
[rows 170 to 203 of 249, columns 75 to 149 of 192]
-9999 -9999 -9999 -9999 -9999 -9999 -9999 -9999 -9999 -9999 -9999 -9999 -9999 -9999 -9999 -9999 -9999 15.869 15.874 -9999 -9999 -9999 -9999 -9999 -9999 -9999 -9999 -9999 -9999 -9999 -9999 -9999 -9999 -9999 -9999 -9999 17.54 17.547 17.551 17.544 17.378 17.452 17.532 17.538 17.543 17.674 17.761 17.77 17.53 17.039 16.141 15.279 14.51 14.779 14.788 15.339 16.546 17.089 17.374 17.0 16.959 17.215 17.498 17.495 17.471 17.436 17.46 17.459 17.354 17.306 17.355 17.33 17.188 16.749 16.758
-9999 -9999 -9999 -9999 -9999 -9999 -9999 -9999 -9999 -9999 -9999 -9999 -9999 -9999 -9999 -9999 -9999 15.806 15.775 15.852 -9999 -9999 -9999 -9999 -9999 -9999 -9999 -9999 -9999 -9999 -9999 -9999 -9999 -9999 -9999 17.628 17.561 17.541 17.551 17.393 17.547 17.551 17.625 17.563 17.565 17.618 17.621 17.564 17.477 17.139 16.462 15.308 14.463 15.006 15.572 15.693 16.387 17.459 17.617 17.359 16.888 17.075 17.462 17.523 17.425 17.36 17.42 17.46 17.42 17.302 17.351 17.375 17.289 16.977 16.702
-9999 -9999 -9999 -9999 -9999 -9999 -9999 -9999 -9999 -9999 -9999 -9999 -9999 -9999 -9999 -9999 16.093 16.021 15.904 16.038 16.23 -9999 -9999 -9999 -9999 -9999 -9999 -9999 -9999 -9999 -9999 -9999 16.887 -9999 -9999 17.684 17.277 17.512 17.572 17.657 -9999 17.397 17.389 17.348 17.403 17.369 17.426 17.291 17.258 16.842 16.134 16.453 15.279 15.613 16.23 15.599 16.537 17.038 17.476 17.395 17.082 17.144 17.404 17.639 17.583 17.475 17.513 17.505 17.487 17.387 17.386 17.459 17.354 17.207 16.885
-9999 -9999 -9999 -9999 -9999 -9999 -9999 -9999 -9999 -9999 -9999 -9999 -9999 -9999 -9999 -9999 16.26 16.201 16.197 16.231 16.367 16.279 16.198 -9999 -9999 -9999 16.177 16.525 -9999 16.645 16.692 16.848 16.223 16.542 -9999 -9999 17.355 17.319 -9999 -9999 17.383 17.236 17.458 17.635 17.518 17.402 17.211 17.098 16.904 16.296 15.545 15.894 15.751 15.52 15.798 15.764 15.977 17.178 17.303 17.174 16.891 17.082 17.258 17.497 17.595 17.49 17.546 17.542 17.496 17.444 17.411 17.51 17.447 17.353 17.133
-9999 -9999 -9999 -9999 -9999 -9999 -9999 -9999 -9999 -9999 -9999 -9999 -9999 -9999 -9999 -9999 -9999 16.309 16.27 16.33 16.548 16.538 -9999 -9999 14.1 14.283 16.171 15.686 15.837 15.991 16.643 16.661 16.597 16.262 16.337 -9999 17.385 17.438 17.399 17.405 17.088 16.949 17.39 17.742 17.657 17.394 17.193 16.959 16.756 16.008 15.021 15.204 15.514 15.816 16.201 16.087 16.202 16.838 17.271 17.159 16.924 16.991 17.085 17.249 17.394 17.438 17.514 17.542 17.412 17.186 17.335 17.561 17.536 17.47 17.322
-9999 -9999 -9999 -9999 -9999 -9999 -9999 -9999 -9999 -9999 -9999 -9999 -9999 -9999 -9999 -9999 -9999 16.203 16.172 16.571 16.767 16.838 16.484 14.818 12.587 15.374 16.168 15.339 15.835 15.5 16.046 16.735 16.492 15.471 16.162 16.601 17.21 17.454 17.34 17.267 17.072 16.985 17.24 17.516 17.496 17.357 17.139 16.936 16.63 15.662 15.092 14.825 15.264 15.421 16.327 16.558 16.184 16.383 16.863 16.989 17.004 17.016 17.0 17.121 17.273 17.353 17.543 17.522 17.503 17.471 17.363 17.593 17.62 17.585 17.494
-9999 -9999 -9999 -9999 -9999 -9999 -9999 -9999 -9999 -9999 -9999 -9999 -9999 -9999 -9999 -9999 -9999 -9999 16.272 16.619 16.659 16.13 14.851 11.978 12.906 15.226 15.443 15.721 15.072 14.9 15.274 15.735 15.956 16.135 15.448 16.395 16.966 17.074 17.263 17.319 17.153 17.085 17.195 17.383 17.435 17.246 17.062 16.885 16.399 15.8 15.211 15.087 15.568 15.416 15.755 16.832 16.507 16.49 16.765 16.815 17.019 17.206 17.141 17.125 17.213 17.34 17.572 17.603 17.626 17.52 17.525 17.619 17.676 17.694 17.626
-9999 -9999 -9999 -9999 -9999 -9999 -9999 -9999 -9999 -9999 -9999 -9999 -9999 -9999 -9999 -9999 -9999 -9999 -9999 -9999 16.04 15.012 13.689 13.043 13.622 15.531 16.075 15.286 14.477 14.298 14.43 15.444 16.28 15.865 15.218 15.895 16.615 17.03 17.344 17.293 17.129 16.982 17.138 17.278 17.285 17.21 17.044 16.709 16.078 15.764 15.614 15.191 15.555 15.428 15.387 16.106 16.846 16.738 17.088 16.914 16.807 17.097 17.213 17.294 17.335 17.44 17.592 17.652 17.695 17.719 17.538 17.608 17.667 17.718 17.739
-9999 -9999 -9999 -9999 -9999 -9999 -9999 -9999 -9999 -9999 -9999 -9999 -9999 -9999 -9999 -9999 -9999 -9999 -9999 16.44 15.673 15.122 14.664 13.564 14.822 15.833 15.604 15.44 14.694 14.135 14.593 14.773 15.726 15.579 15.111 15.574 16.222 17.109 17.274 17.267 16.973 16.854 17.004 17.181 17.238 17.166 16.897 16.359 16.123 16.268 15.918 15.392 15.705 15.779 15.925 16.179 16.392 16.938 17.036 16.986 16.988 17.028 17.228 17.218 17.444 17.585 17.655 17.689 17.739 17.572 17.594 17.675 17.731 17.737 17.773
-9999 -9999 -9999 -9999 -9999 -9999 -9999 -9999 -9999 -9999 -9999 -9999 -9999 -9999 -9999 -9999 -9999 -9999 16.272 14.669 15.511 15.129 14.498 14.789 13.63 14.183 14.733 14.701 14.065 14.669 14.518 15.177 15.724 14.982 14.68 15.436 16.303 17.075 17.339 17.255 16.891 16.933 17.083 17.149 17.195 16.981 16.595 16.554 16.437 15.975 15.752 15.677 15.555 16.142 16.359 16.579 16.837 16.89 17.189 17.076 17.231 17.259 17.293 17.519 17.371 17.596 17.698 17.674 17.691 17.551 17.518 17.755 17.737 17.717 17.726
-9999 -9999 -9999 -9999 -9999 -9999 -9999 -9999 -9999 -9999 -9999 -9999 -9999 -9999 -9999 -9999 -9999 16.128 14.717 15.658 15.86 15.476 15.661 15.089 14.822 14.424 14.083 13.86 13.969 14.202 14.625 15.593 15.183 15.248 16.081 16.325 16.864 16.997 17.25 17.134 16.945 16.967 17.004 17.092 16.9 16.549 16.669 16.641 16.465 15.965 15.978 16.568 16.458 16.379 16.605 16.708 16.878 17.033 17.094 17.243 17.394 17.616 17.656 17.737 17.721 17.59 17.652 17.672 17.673 17.526 17.501 17.764 17.766 17.661 17.624
-9999 -9999 -9999 -9999 -9999 -9999 -9999 -9999 -9999 -9999 -9999 -9999 -9999 -9999 -9999 15.883 16.147 15.906 16.033 16.372 16.49 16.355 16.667 16.152 15.295 14.562 13.929 13.043 14.532 14.742 15.381 15.411 14.525 14.886 15.465 16.434 16.783 16.895 17.009 16.958 16.865 16.818 16.94 16.891 16.647 16.533 16.473 16.753 16.467 16.141 16.341 16.611 16.815 16.845 16.828 16.933 17.029 17.367 17.365 17.369 17.649 17.893 17.958 17.832 17.735 17.685 17.633 17.576 17.6 17.397 17.33 17.611 17.725 17.644 17.544
-9999 -9999 -9999 -9999 -9999 -9999 -9999 -9999 -9999 -9999 -9999 -9999 -9999 -9999 15.735 15.845 16.055 16.218 -9999 -9999 -9999 -9999 16.001 14.902 14.748 14.524 13.711 14.716 14.798 14.19 14.805 14.258 12.999 13.968 15.089 15.756 16.606 17.01 16.928 16.873 16.873 16.902 16.925 16.868 16.693 16.612 16.487 16.614 16.462 16.463 16.57 16.726 17.008 17.088 17.084 17.275 17.36 17.55 17.788 17.649 17.728 17.868 17.924 17.845 17.696 17.584 17.448 17.397 17.424 17.352 17.248 17.397 17.598 17.638 17.573
-9999 -9999 -9999 -9999 -9999 -9999 -9999 -9999 -9999 -9999 -9999 -9999 -9999 -9999 15.74 15.579 16.269 -9999 -9999 -9999 -9999 -9999 15.679 14.971 14.637 14.982 14.313 14.479 14.019 13.564 13.939 13.655 13.76 15.323 15.491 16.254 16.884 17.074 16.984 16.923 16.887 16.818 16.801 16.855 16.776 16.655 16.623 16.521 16.665 16.701 16.863 16.691 16.71 16.855 17.127 17.418 17.589 17.654 17.602 17.549 17.515 17.571 17.621 17.47 17.444 17.221 17.039 17.03 17.21 17.286 17.257 17.345 17.484 17.626 17.636
-9999 -9999 -9999 -9999 -9999 -9999 -9999 -9999 -9999 -9999 -9999 -9999 -9999 -9999 -9999 -9999 16.361 -9999 -9999 -9999 -9999 -9999 15.479 14.855 15.419 15.183 14.821 14.718 13.345 13.827 15.003 14.243 15.173 15.523 15.88 16.64 17.064 17.132 16.887 16.907 16.856 16.843 16.998 16.937 16.943 16.902 16.732 16.752 16.869 17.017 16.98 16.981 16.908 16.857 17.156 17.284 17.152 17.291 17.349 17.282 17.397 17.377 17.229 16.972 16.856 17.093 17.004 16.967 17.082 17.232 17.257 17.298 17.408 17.571 17.651
-9999 -9999 -9999 -9999 -9999 -9999 -9999 -9999 -9999 -9999 -9999 -9999 -9999 -9999 -9999 -9999 -9999 -9999 -9999 -9999 -9999 -9999 15.796 15.443 16.707 15.983 15.122 13.674 13.863 14.244 14.551 15.4 15.466 15.64 16.636 16.946 17.219 17.107 17.042 16.977 17.048 17.114 17.124 17.136 17.097 17.004 16.911 16.852 16.944 16.956 16.824 17.098 17.281 17.25 17.222 17.404 17.126 16.92 17.098 16.999 17.187 17.419 17.199 17.028 16.88 16.97 17.204 17.152 17.131 17.31 17.388 17.357 17.388 17.541 17.645
-9999 -9999 -9999 -9999 -9999 -9999 -9999 -9999 -9999 -9999 -9999 -9999 -9999 -9999 -9999 -9999 -9999 -9999 -9999 -9999 -9999 -9999 -9999 16.14 15.079 14.724 14.639 14.834 14.707 14.681 15.602 15.708 16.167 16.736 16.59 17.106 17.101 16.796 16.866 17.033 17.245 17.376 17.287 17.118 17.044 16.857 16.815 16.846 16.961 16.819 16.657 16.899 17.294 17.426 17.411 17.36 17.308 17.089 16.934 16.69 16.739 17.333 17.428 17.12 16.903 16.757 16.89 17.222 17.25 17.38 17.53 17.635 17.594 17.673 17.742
-9999 -9999 -9999 -9999 -9999 -9999 -9999 -9999 -9999 -9999 -9999 -9999 -9999 -9999 -9999 -9999 -9999 -9999 -9999 -9999 -9999 -9999 15.808 15.487 15.269 14.43 15.46 15.514 14.896 15.395 15.575 15.64 16.74 16.695 16.641 16.884 15.849 16.538 16.879 16.953 17.01 17.264 17.004 16.545 16.575 16.812 17.0 16.946 17.055 16.974 16.98 17.067 17.335 17.443 17.469 17.425 17.283 17.209 17.003 16.928 16.956 17.29 17.45 17.203 16.863 16.633 16.683 17.074 17.387 17.5 17.701 17.853 17.904 17.914 17.93
-9999 -9999 -9999 -9999 -9999 -9999 -9999 -9999 -9999 -9999 -9999 -9999 -9999 -9999 -9999 -9999 -9999 -9999 -9999 -9999 -9999 -9999 16.058 15.784 14.305 16.032 16.584 15.807 15.603 15.335 14.843 15.703 16.687 16.68 16.971 16.527 16.619 16.671 16.528 16.525 17.018 17.0 16.713 16.682 16.758 17.097 17.062 17.035 17.148 17.152 17.367 17.445 17.473 17.499 17.478 17.486 17.426 17.321 17.207 17.026 17.176 17.4 17.361 17.054 16.682 16.664 16.707 16.859 17.249 17.593 17.719 17.927 17.967 17.993 18.076
-9999 -9999 -9999 -9999 -9999 -9999 -9999 -9999 -9999 -9999 -9999 -9999 -9999 -9999 -9999 -9999 -9999 -9999 -9999 -9999 -9999 -9999 15.902 15.41 16.568 16.486 16.203 15.831 15.313 14.468 14.947 15.393 16.291 16.663 17.074 16.965 16.628 16.027 15.667 15.895 16.613 16.426 16.652 16.655 16.937 17.207 17.095 17.154 17.242 17.371 17.6 17.538 17.44 17.512 17.504 17.312 17.442 17.483 17.384 17.29 17.369 17.469 17.342 17.087 16.868 16.783 16.928 17.102 17.328 17.498 17.714 17.888 18.087 18.04 18.132
-9999 -9999 -9999 -9999 -9999 -9999 -9999 -9999 -9999 -9999 -9999 -9999 -9999 -9999 -9999 -9999 -9999 -9999 -9999 -9999 -9999 -9999 -9999 16.572 15.679 15.097 14.462 14.445 14.56 15.009 15.543 16.48 16.76 16.974 16.837 16.786 16.597 16.231 15.875 15.861 16.185 16.554 16.582 16.478 16.843 17.108 17.011 17.328 17.399 17.38 17.795 17.831 17.621 17.6 17.606 17.321 17.218 17.536 17.473 17.406 17.458 17.451 17.261 17.148 17.143 17.209 17.185 17.305 17.385 17.45 17.705 17.932 18.014 18.06 18.168
-9999 -9999 -9999 -9999 -9999 -9999 -9999 -9999 -9999 -9999 -9999 -9999 -9999 -9999 -9999 -9999 -9999 -9999 -9999 -9999 -9999 -9999 -9999 15.816 14.872 14.222 13.711 13.663 14.252 15.305 16.233 16.571 16.302 15.734 15.39 15.52 16.167 16.562 16.113 16.117 16.379 16.586 16.088 16.375 16.675 16.793 16.929 17.37 17.432 17.573 17.528 17.696 17.757 17.668 17.644 17.475 17.362 17.546 17.585 17.376 17.287 17.254 17.122 17.112 17.255 17.129 17.132 17.156 17.375 17.406 17.639 17.848 17.849 17.956 18.122
-9999 -9999 -9999 -9999 -9999 -9999 -9999 -9999 -9999 -9999 -9999 -9999 -9999 -9999 -9999 -9999 -9999 -9999 -9999 -9999 -9999 -9999 16.282 15.851 14.935 14.224 13.863 14.265 14.832 15.376 15.108 14.483 14.974 14.927 15.122 16.05 16.474 16.311 16.261 16.556 16.728 16.267 16.142 16.268 16.603 16.795 16.976 17.482 17.481 17.326 17.531 17.315 17.498 17.514 17.547 17.534 17.571 17.741 17.661 17.504 17.448 17.304 17.24 17.05 17.136 17.148 17.158 17.282 17.377 17.63 17.793 17.81 17.753 17.873 18.084
-9999 -9999 -9999 -9999 -9999 -9999 -9999 -9999 -9999 -9999 -9999 -9999 -9999 -9999 -9999 -9999 -9999 -9999 -9999 -9999 -9999 -9999 16.101 15.506 15.18 14.872 14.373 13.836 14.296 14.576 14.436 14.642 14.491 14.511 15.152 16.022 15.668 15.767 16.542 16.412 16.922 16.511 16.112 16.097 16.833 16.875 17.427 17.573 17.414 17.328 16.856 17.115 17.195 17.328 17.378 17.519 17.545 17.702 17.732 17.538 17.627 17.684 17.328 17.125 17.02 17.064 17.181 17.52 17.688 17.874 17.99 17.896 17.78 17.853 17.941
-9999 -9999 -9999 -9999 -9999 -9999 -9999 -9999 -9999 -9999 -9999 -9999 -9999 -9999 -9999 -9999 -9999 -9999 -9999 -9999 -9999 -9999 15.628 15.742 15.946 15.227 14.112 13.65 14.224 14.546 14.899 14.568 14.82 15.178 15.502 15.427 15.663 16.494 16.581 16.727 16.399 16.82 16.588 16.854 16.84 16.973 17.477 17.698 17.545 17.13 17.235 17.191 17.154 17.232 17.283 17.503 17.657 17.584 17.617 17.593 17.675 17.726 17.387 17.095 17.201 17.364 17.3 17.573 17.795 18.069 18.121 17.981 17.98 18.057 18.147
-9999 -9999 -9999 -9999 -9999 -9999 -9999 -9999 -9999 -9999 -9999 -9999 -9999 -9999 -9999 -9999 -9999 -9999 -9999 -9999 -9999 15.734 15.535 15.176 15.391 15.147 14.12 14.146 13.907 14.597 15.452 15.59 15.815 15.438 15.353 15.898 16.073 16.124 16.577 16.568 17.037 17.177 17.184 17.117 16.978 17.343 17.674 17.77 17.715 17.604 17.529 17.588 17.446 17.396 17.337 17.442 17.611 17.622 17.633 17.736 17.699 17.571 17.368 17.233 17.421 17.586 17.602 17.639 17.953 18.011 18.1 17.993 17.922 18.061 18.227
-9999 -9999 -9999 -9999 -9999 -9999 -9999 -9999 -9999 -9999 -9999 -9999 -9999 -9999 -9999 -9999 -9999 -9999 -9999 -9999 15.504 15.477 15.055 15.502 15.547 14.395 13.817 13.861 14.367 15.094 15.829 15.78 15.929 15.537 14.993 15.916 15.921 16.645 16.816 17.092 17.171 17.074 16.93 17.019 16.989 17.515 17.748 18.109 18.043 17.833 17.774 17.774 17.737 17.522 17.457 17.602 17.697 17.631 17.585 17.612 17.589 17.43 17.315 17.279 17.461 17.742 17.872 17.963 17.852 17.84 17.881 17.921 17.937 18.074 18.128
-9999 -9999 -9999 -9999 -9999 -9999 -9999 -9999 -9999 -9999 -9999 -9999 -9999 -9999 -9999 -9999 -9999 -9999 15.164 15.282 15.294 16.029 16.017 15.805 15.07 14.055 13.755 13.83 13.94 15.102 15.677 16.248 15.919 15.294 15.312 16.006 16.658 16.874 17.177 17.197 17.226 16.855 16.762 16.816 17.286 17.855 18.157 18.268 18.083 17.831 17.824 17.903 17.816 17.614 17.626 17.702 17.807 17.545 17.441 17.323 17.188 17.181 17.19 17.382 17.523 17.712 17.705 17.833 17.824 17.859 17.871 17.911 17.969 18.115 18.226
-9999 -9999 -9999 -9999 -9999 -9999 -9999 -9999 -9999 -9999 -9999 -9999 -9999 -9999 -9999 -9999 -9999 15.104 15.048 14.946 15.486 15.96 15.899 15.542 14.347 14.299 13.869 13.962 14.67 15.686 16.401 16.354 16.195 15.592 15.02 15.783 16.529 17.106 17.082 17.105 16.816 16.987 16.772 16.911 17.531 18.006 18.349 18.277 17.888 17.933 17.779 17.811 17.865 17.828 17.757 17.7 17.57 17.588 17.382 17.363 17.255 17.027 17.0 17.102 17.328 17.493 17.558 17.672 17.835 17.783 18.014 18.08 18.088 18.166 18.151
-9999 -9999 -9999 -9999 -9999 -9999 -9999 -9999 -9999 -9999 -9999 -9999 -9999 -9999 16.221 15.944 15.648 15.503 15.156 15.305 15.578 16.04 16.062 14.844 14.641 14.485 14.855 14.215 15.321 15.705 15.381 16.06 16.327 14.837 15.598 16.357 17.345 17.329 17.089 16.568 17.32 17.126 17.072 17.213 17.458 17.982 18.245 18.302 18.12 18.086 17.912 17.752 17.835 17.825 17.861 17.646 17.509 17.173 17.345 17.441 17.412 17.199 17.133 17.218 17.393 17.59 17.582 17.666 17.726 17.893 17.976 18.081 18.037 18.139 18.215
-9999 -9999 -9999 -9999 -9999 -9999 -9999 -9999 -9999 -9999 -9999 -9999 15.605 15.833 16.164 16.19 16.103 15.724 15.851 15.706 15.997 15.784 14.876 15.322 15.157 15.109 15.381 15.058 15.027 14.259 14.96 15.529 15.517 15.977 16.521 17.157 16.462 16.73 17.042 17.345 17.606 17.609 17.401 17.486 17.771 17.819 18.157 18.406 18.286 18.187 18.067 17.958 17.905 17.61 17.735 17.781 17.503 17.299 17.139 17.428 17.422 17.242 17.15 17.193 17.338 17.652 17.812 17.847 17.794 17.779 17.995 17.946 17.896 18.078 18.26
-9999 -9999 -9999 -9999 -9999 -9999 -9999 -9999 15.653 15.788 15.733 15.679 15.159 16.03 16.011 16.208 16.015 15.708 15.766 15.792 15.674 14.893 15.344 15.764 15.221 15.81 15.668 15.312 14.373 14.644 15.157 15.558 15.612 16.436 16.976 15.743 15.825 16.646 16.748 17.379 17.689 17.823 17.598 17.356 17.685 17.624 18.288 18.372 18.286 18.027 17.824 17.85 17.292 17.503 17.634 17.748 17.516 17.178 17.19 17.362 17.409 17.407 17.323 17.336 17.435 17.689 17.803 17.87 17.877 17.741 17.802 17.931 17.94 18.187 18.395
-9999 -9999 -9999 -9999 -9999 -9999 -9999 15.916 15.734 15.807 15.691 14.833 14.598 14.868 15.302 15.828 15.337 15.192 15.388 15.409 15.003 15.483 15.693 15.423 16.022 16.342 16.003 15.358 14.863 15.181 15.454 15.602 16.097 16.586 15.481 14.23 15.585 16.409 17.045 17.15 17.537 17.431 17.46 17.646 17.75 18.059 18.209 18.225 18.252 17.975 17.621 17.177 16.907 16.822 17.446 17.63 17.185 17.045 17.139 17.34 17.472 17.433 17.438 17.454 17.62 17.645 17.7 17.8 17.662 17.567 17.785 17.945 18.034 18.23 18.356
-9999 -9999 -9999 -9999 -9999 -9999 15.999 15.755 15.78 15.878 15.415 14.893 15.09 15.432 15.842 15.513 15.502 15.481 16.007 15.506 15.361 15.761 15.848 16.117 16.763 16.356 15.523 15.1 15.423 15.652 15.618 16.328 16.679 16.35 14.673 14.735 15.562 16.959 16.82 17.041 17.075 17.552 17.692 17.633 17.841 18.011 18.154 18.206 18.374 18.196 17.765 17.113 16.701 16.947 17.346 17.452 17.163 16.842 17.074 17.317 17.426 17.53 17.53 17.589 17.626 17.671 17.576 17.668 17.784 17.7 17.873 18.004 17.891 18.093 18.249
