Validation/Results/raw data/ReClimate_02_2024_1_Temperature.asc
NCOLS 192
NROWS 249
XLLCENTER -225160.85627316462
YLLCENTER 29788.11610251502
CELLSIZE 5000.0
NODATA_VALUE -9999
[rows 136 to 169 of 249, columns 75 to 149 of 192]
-0.347 -9999 -9999 -9999 -9999 -9999 -9999 -9999 -9999 -9999 -0.319 -9999 -0.301 -0.29 -0.274 -0.257 -0.255 -0.253 -0.239 -0.224 -0.214 -0.203 -0.197 -0.191 -0.173 -0.154 -0.151 -0.149 -0.137 -0.125 -9999 -9999 -9999 -9999 -9999 -9999 -0.1 -0.093 -0.095 -0.097 -0.091 -0.086 -0.093 -0.101 -0.1 -0.098 -0.119 -0.143 -0.128 -0.109 -0.113 -0.118 -0.106 -0.091 -0.092 -0.093 -0.098 -0.108 -0.129 -9999 -9999 -9999 -9999 -9999 -9999 -9999 -9999 -9999 -9999 -9999 -9999 -9999 -9999 -9999 -9999
-0.347 -0.348 -9999 -9999 -9999 -9999 -9999 -9999 -9999 -9999 -0.317 -0.316 -0.301 -0.278 -0.267 -0.266 -0.26 -0.245 -0.232 -0.218 -0.21 -0.212 -0.206 -0.199 -0.182 -0.161 -0.151 -0.129 -0.121 -0.12 -9999 -9999 -9999 -9999 -0.104 -0.111 -0.104 -0.093 -0.092 -0.087 -0.083 -0.082 -0.089 -0.095 -0.096 -0.1 -0.117 -0.132 -0.123 -0.123 -0.125 -0.128 -0.108 -0.088 -0.092 -0.094 -0.111 -0.117 -0.126 -9999 -9999 -9999 -9999 -9999 -9999 -9999 -9999 -9999 -9999 -9999 -9999 -9999 -9999 -9999 -9999
-0.345 -0.346 -0.343 -9999 -9999 -9999 -9999 -9999 -9999 -9999 -0.32 -0.314 -0.293 -9999 -9999 -0.266 -0.253 -0.239 -0.226 -9999 -0.211 -0.212 -0.205 -0.198 -0.179 -0.159 -0.138 -0.118 -9999 -9999 -9999 -9999 -9999 -0.105 -0.106 -0.109 -0.1 -0.089 -0.084 -0.08 -0.079 -0.08 -0.086 -0.092 -0.096 -0.1 -0.112 -0.125 -0.127 -0.127 -0.129 -0.13 -0.112 -0.087 -0.09 -0.094 -0.11 -0.131 -0.129 -9999 -9999 -9999 -9999 -9999 -9999 -9999 -9999 -9999 -9999 -9999 -9999 -9999 -9999 -9999 -9999
-0.341 -0.356 -0.347 -9999 -9999 -9999 -9999 -9999 -9999 -9999 -9999 -0.304 -0.279 -9999 -9999 -9999 -0.246 -0.245 -0.23 -0.21 -9999 -9999 -0.198 -0.191 -0.177 -0.173 -0.158 -9999 -9999 -9999 -9999 -9999 -0.101 -0.099 -0.097 -0.091 -0.083 -0.075 -0.071 -0.072 -0.075 -0.084 -0.09 -0.099 -0.105 -0.115 -0.122 -0.121 -0.117 -0.102 -0.111 -0.116 -0.103 -0.082 -0.079 -0.078 -0.099 -0.122 -0.121 -9999 -9999 -9999 -9999 -9999 -9999 -9999 -9999 -9999 -9999 -9999 -9999 -9999 -9999 -9999 -9999
-0.339 -0.353 -9999 -9999 -9999 -9999 -9999 -9999 -9999 -9999 -9999 -9999 -0.281 -9999 -9999 -9999 -9999 -0.243 -0.225 -0.205 -9999 -9999 -9999 -0.185 -0.177 -9999 -9999 -9999 -9999 -9999 -9999 -9999 -0.097 -0.093 -0.087 -0.081 -0.074 -0.066 -0.065 -0.068 -0.076 -0.084 -0.092 -0.1 -0.109 -0.119 -0.119 -0.118 -0.107 -0.092 -0.101 -0.111 -0.098 -0.08 -0.077 -0.073 -0.093 -0.118 -0.118 -9999 -9999 -9999 -9999 -9999 -9999 -9999 -9999 -9999 -9999 -9999 -9999 -9999 -9999 -9999 -9999
-0.333 -9999 -9999 -9999 -9999 -9999 -9999 -9999 -9999 -9999 -9999 -9999 -0.284 -9999 -9999 -9999 -9999 -9999 -0.203 -0.205 -9999 -9999 -9999 -9999 -9999 -9999 -9999 -9999 -9999 -9999 -9999 -9999 -0.091 -0.095 -0.089 -0.079 -0.074 -0.074 -0.075 -0.078 -0.084 -0.083 -0.09 -0.098 -0.105 -0.109 -0.104 -0.087 -0.084 -0.096 -0.101 -0.109 -0.105 -0.094 -0.09 -0.087 -0.097 -0.116 -0.121 -0.12 -9999 -9999 -9999 -9999 -9999 -9999 -9999 -9999 -9999 -9999 -9999 -9999 -9999 -9999 -9999
-9999 -0.331 -0.336 -0.337 -0.335 -9999 -9999 -9999 -9999 -9999 -9999 -9999 -0.283 -9999 -9999 -9999 -9999 -9999 -9999 -9999 -9999 -9999 -9999 -9999 -9999 -9999 -9999 -9999 -9999 -9999 -9999 -0.092 -0.092 -0.092 -0.084 -0.075 -0.075 -0.076 -0.077 -0.081 -0.082 -0.082 -0.089 -0.096 -0.101 -0.105 -0.092 -0.075 -0.086 -0.098 -0.102 -0.107 -0.104 -0.098 -0.096 -0.092 -0.102 -0.115 -0.12 -0.125 -0.133 -9999 -9999 -9999 -9999 -9999 -9999 -9999 -9999 -9999 -9999 -9999 -9999 -9999 -9999
-0.318 -0.316 -0.321 -0.326 -0.331 -9999 -9999 -9999 -9999 -9999 -9999 -9999 -9999 -9999 -9999 -9999 -9999 -9999 -9999 -9999 -9999 -9999 -9999 -9999 -9999 -9999 -9999 -9999 -9999 -9999 -0.104 -0.094 -0.091 -0.083 -0.074 -0.061 -0.064 -0.076 -0.082 -0.098 -0.097 -0.088 -0.089 -0.08 -0.082 -0.082 -0.08 -0.097 -0.105 -0.108 -0.113 -0.118 -0.107 -0.097 -0.097 -0.095 -0.09 -0.093 -0.107 -0.117 -0.116 -9999 -9999 -9999 -9999 -9999 -9999 -9999 -9999 -9999 -9999 -9999 -9999 -9999 -9999
-0.307 -0.305 -0.311 -9999 -0.327 -0.33 -9999 -9999 -9999 -9999 -9999 -9999 -9999 -9999 -9999 -9999 -9999 -9999 -9999 -9999 -9999 -9999 -9999 -9999 -9999 -9999 -9999 -9999 -9999 -9999 -0.098 -0.092 -0.085 -0.078 -0.067 -0.054 -0.064 -0.076 -0.088 -0.104 -0.099 -0.09 -0.084 -0.075 -0.075 -0.073 -0.088 -0.105 -0.109 -0.112 -0.117 -0.121 -0.111 -0.097 -0.097 -0.096 -0.092 -0.086 -0.098 -0.113 -0.112 -0.11 -0.128 -9999 -9999 -9999 -9999 -9999 -9999 -9999 -9999 -9999 -9999 -9999 -9999
-0.301 -0.294 -0.304 -9999 -9999 -0.324 -9999 -9999 -9999 -9999 -9999 -9999 -9999 -9999 -9999 -9999 -9999 -9999 -9999 -9999 -9999 -9999 -9999 -9999 -9999 -9999 -9999 -9999 -9999 -9999 -0.093 -0.087 -0.084 -0.084 -0.077 -0.07 -0.076 -0.072 -0.077 -0.076 -0.079 -0.097 -0.09 -0.079 -0.083 -0.095 -0.107 -0.11 -0.113 -0.112 -0.109 -0.109 -0.101 -0.089 -0.094 -0.096 -0.095 -0.092 -0.098 -0.109 -0.12 -0.125 -0.13 -0.137 -0.158 -0.184 -9999 -9999 -9999 -9999 -9999 -9999 -9999 -9999 -9999
-0.291 -0.285 -0.302 -0.32 -9999 -0.317 -9999 -9999 -9999 -9999 -9999 -9999 -9999 -9999 -9999 -9999 -9999 -9999 -9999 -9999 -9999 -9999 -9999 -9999 -9999 -9999 -9999 -9999 -9999 -0.1 -0.088 -0.084 -0.085 -0.087 -0.083 -0.077 -0.074 -0.07 -0.067 -0.066 -0.081 -0.099 -0.091 -0.08 -0.091 -0.103 -0.108 -0.112 -0.112 -0.112 -0.109 -0.105 -0.097 -0.086 -0.091 -0.096 -0.096 -0.094 -0.1 -0.107 -0.118 -0.129 -0.135 -0.141 -0.143 -0.148 -0.193 -0.189 -9999 -9999 -9999 -9999 -9999 -9999 -9999
-0.277 -0.292 -0.309 -9999 -0.325 -9999 -9999 -9999 -9999 -9999 -9999 -9999 -9999 -9999 -9999 -9999 -9999 -9999 -9999 -9999 -9999 -9999 -9999 -9999 -9999 -9999 -9999 -9999 -9999 -9999 -0.082 -0.076 -0.075 -0.071 -0.069 -0.073 -0.062 -0.037 -0.038 -0.056 -0.068 -0.078 -0.077 -0.09 -0.102 -0.115 -0.117 -0.114 -0.113 -0.108 -0.119 -0.123 -0.11 -0.096 -0.098 -0.102 -0.1 -0.097 -0.106 -0.114 -0.126 -0.139 -0.146 -0.153 -0.16 -0.166 -0.163 -0.191 -0.185 -9999 -9999 -9999 -9999 -9999 -9999
-0.275 -0.29 -0.307 -0.325 -0.322 -9999 -9999 -9999 -9999 -9999 -9999 -9999 -9999 -9999 -9999 -9999 -9999 -9999 -9999 -9999 -9999 -9999 -9999 -9999 -9999 -9999 -9999 -9999 -9999 -9999 -9999 -0.076 -0.071 -0.065 -0.068 -0.072 -0.05 -0.025 -0.036 -0.053 -0.061 -0.07 -0.081 -0.093 -0.105 -0.118 -0.117 -0.114 -0.111 -0.106 -0.116 -0.129 -0.116 -0.1 -0.102 -0.104 -0.102 -0.098 -0.106 -0.116 -0.127 -0.141 -0.147 -0.155 -0.162 -0.169 -0.167 -0.162 -0.182 -0.182 -9999 -9999 -9999 -9999 -9999
-0.295 -0.304 -0.315 -0.314 -9999 -9999 -9999 -9999 -9999 -9999 -9999 -9999 -9999 -9999 -9999 -9999 -9999 -9999 -9999 -9999 -9999 -9999 -9999 -9999 -9999 -9999 -9999 -9999 -9999 -9999 -9999 -0.077 -0.071 -0.072 -0.073 -0.075 -0.066 -0.074 -0.079 -0.071 -0.077 -0.077 -0.089 -0.101 -0.11 -0.112 -0.11 -0.105 -0.105 -0.111 -0.123 -0.141 -0.131 -0.117 -0.122 -0.127 -0.125 -0.123 -0.115 -0.115 -0.125 -0.138 -0.129 -0.126 -0.133 -0.14 -0.137 -0.131 -0.146 -0.174 -0.176 -9999 -9999 -9999 -9999
-0.295 -0.305 -0.306 -0.304 -9999 -9999 -9999 -9999 -9999 -9999 -9999 -9999 -9999 -9999 -9999 -9999 -9999 -9999 -9999 -9999 -9999 -9999 -9999 -9999 -9999 -9999 -9999 -9999 -9999 -9999 -9999 -9999 -0.074 -0.077 -0.077 -0.078 -0.085 -0.093 -0.085 -0.078 -0.08 -0.08 -0.091 -0.103 -0.106 -0.109 -0.105 -0.1 -0.106 -0.112 -0.126 -0.144 -0.135 -0.122 -0.128 -0.134 -0.133 -0.13 -0.123 -0.113 -0.123 -0.135 -0.126 -0.114 -0.12 -0.127 -0.124 -0.118 -0.131 -0.147 -0.168 -9999 -9999 -9999 -9999
-9999 -9999 -9999 -9999 -9999 -9999 -9999 -9999 -9999 -9999 -9999 -9999 -9999 -9999 -9999 -9999 -9999 -9999 -9999 -9999 -9999 -9999 -9999 -9999 -9999 -9999 -9999 -9999 -9999 -9999 -9999 -9999 -0.078 -0.074 -0.075 -0.084 -0.079 -0.059 -0.057 -0.071 -0.072 -0.074 -0.085 -0.099 -0.101 -0.102 -0.103 -0.112 -0.113 -0.103 -0.12 -0.139 -0.129 -0.115 -0.127 -0.136 -0.129 -0.122 -0.119 -0.112 -0.114 -0.12 -0.119 -0.11 -0.105 -0.104 -0.115 -0.118 -0.135 -0.153 -0.159 -0.168 -9999 -9999 -9999
-9999 -9999 -9999 -9999 -9999 -9999 -9999 -9999 -9999 -9999 -9999 -9999 -9999 -9999 -9999 -9999 -9999 -9999 -9999 -9999 -9999 -9999 -9999 -9999 -9999 -9999 -9999 -9999 -9999 -9999 -9999 -9999 -9999 -0.076 -0.082 -0.088 -0.069 -0.048 -0.055 -0.067 -0.07 -0.071 -0.083 -0.096 -0.097 -0.098 -0.106 -0.115 -0.108 -0.098 -0.115 -0.135 -0.125 -0.111 -0.122 -0.135 -0.128 -0.118 -0.115 -0.11 -0.112 -0.114 -0.112 -0.108 -0.102 -0.095 -0.104 -0.116 -0.132 -0.152 -0.158 -0.165 -9999 -9999 -9999
-9999 -9999 -9999 -9999 -9999 -9999 -9999 -9999 -9999 -9999 -9999 -9999 -9999 -9999 -9999 -9999 -9999 -9999 -9999 -9999 -9999 -9999 -9999 -9999 -9999 -9999 -9999 -9999 -9999 -9999 -9999 -9999 -9999 -0.078 -9999 -0.065 -0.054 -0.06 -0.064 -9999 -0.072 -0.07 -0.084 -0.106 -0.11 -0.117 -0.127 -0.139 -0.128 -0.106 -0.093 -0.094 -0.113 -0.116 -0.115 -0.12 -0.12 -0.114 -0.111 -0.107 -0.102 -0.099 -0.1 -0.099 -0.095 -0.089 -0.099 -0.11 -0.112 -0.122 -0.134 -0.144 -0.156 -9999 -9999
-9999 -9999 -9999 -9999 -9999 -9999 -9999 -9999 -9999 -9999 -9999 -9999 -9999 -9999 -9999 -9999 -9999 -9999 -9999 -9999 -9999 -9999 -9999 -9999 -9999 -9999 -9999 -9999 -9999 -9999 -9999 -9999 -9999 -9999 -0.068 -0.059 -9999 -9999 -9999 -9999 -0.067 -0.068 -0.087 -0.108 -0.116 -0.123 -0.134 -0.146 -0.129 -0.108 -0.095 -0.079 -0.096 -0.116 -0.115 -0.113 -0.112 -0.111 -0.109 -0.104 -0.099 -0.092 -0.093 -0.094 -0.091 -0.086 -0.095 -0.106 -0.108 -0.11 -0.12 -0.133 -0.144 -0.158 -0.165
-9999 -9999 -9999 -9999 -9999 -9999 -9999 -9999 -9999 -9999 -9999 -9999 -9999 -9999 -9999 -9999 -9999 -9999 -9999 -9999 -9999 -9999 -9999 -9999 -9999 -9999 -9999 -9999 -9999 -9999 -9999 -9999 -9999 -9999 -0.074 -0.065 -9999 -9999 -9999 -9999 -0.052 -0.062 -0.078 -0.096 -0.104 -0.117 -0.123 -0.122 -0.105 -0.087 -0.105 -0.109 -0.1 -0.106 -0.115 -0.119 -0.111 -0.105 -0.106 -0.104 -0.1 -0.094 -0.088 -0.084 -0.086 -0.085 -0.092 -0.101 -0.098 -0.096 -0.113 -0.13 -0.137 -0.147 -0.154
-9999 -9999 -9999 -9999 -9999 -9999 -9999 -9999 -9999 -9999 -9999 -9999 -9999 -9999 -9999 -9999 -9999 -9999 -9999 -9999 -9999 -9999 -9999 -9999 -9999 -9999 -9999 -9999 -9999 -9999 -9999 -9999 -9999 -9999 -0.078 -9999 -9999 -9999 -9999 -0.036 -0.042 -0.059 -0.073 -0.09 -0.1 -0.112 -0.112 -0.11 -0.096 -0.078 -0.096 -0.118 -0.111 -0.101 -0.109 -0.119 -0.112 -0.102 -0.102 -0.102 -0.099 -0.094 -0.088 -0.08 -0.081 -0.083 -0.09 -0.098 -0.094 -0.089 -0.106 -0.127 -0.133 -0.136 -9999
-9999 -9999 -9999 -9999 -9999 -9999 -9999 -9999 -9999 -9999 -9999 -9999 -9999 -9999 -9999 -9999 -9999 -9999 -9999 -9999 -9999 -9999 -9999 -9999 -9999 -9999 -9999 -9999 -9999 -9999 -9999 -9999 -9999 -9999 -9999 -9999 -9999 -9999 -9999 -0.05 -0.056 -0.06 -0.074 -0.092 -0.097 -0.094 -0.097 -0.108 -0.096 -0.084 -0.094 -0.09 -0.088 -0.081 -0.1 -0.116 -0.108 -0.098 -0.093 -0.088 -0.099 -0.103 -0.099 -0.092 -0.084 -0.08 -0.093 -0.105 -0.1 -0.094 -0.091 -0.098 -0.109 -0.12 -9999
-9999 -9999 -9999 -9999 -9999 -9999 -9999 -9999 -9999 -9999 -9999 -9999 -9999 -9999 -9999 -9999 -9999 -9999 -9999 -9999 -9999 -9999 -9999 -9999 -9999 -9999 -9999 -9999 -9999 -9999 -9999 -9999 -9999 -9999 -9999 -9999 -9999 -9999 -9999 -0.06 -0.059 -0.061 -0.075 -0.092 -0.09 -0.086 -0.096 -0.106 -0.097 -0.085 -0.083 -0.079 -0.077 -0.073 -0.09 -0.112 -0.105 -0.096 -0.09 -0.082 -0.092 -0.104 -0.101 -0.096 -0.088 -0.079 -0.091 -0.106 -0.101 -0.094 -0.091 -0.087 -0.096 -0.111 -9999
-9999 -9999 -9999 -9999 -9999 -9999 -9999 -9999 -9999 -9999 -9999 -9999 -9999 -9999 -9999 -9999 -9999 -9999 -9999 -9999 -9999 -9999 -9999 -9999 -9999 -9999 -9999 -9999 -9999 -9999 -9999 -9999 -9999 -9999 -9999 -9999 -9999 -9999 -0.085 -0.076 -0.079 -0.094 -0.099 -0.088 -0.087 -0.086 -0.096 -0.111 -0.111 -0.124 -0.1 -0.084 -0.086 -0.085 -0.076 -0.082 -0.088 -0.086 -0.091 -0.091 -0.087 -0.09 -0.084 -0.077 -0.081 -0.079 -0.074 -0.078 -0.093 -0.098 -0.083 -0.072 -0.084 -0.103 -0.118
-9999 -9999 -9999 -9999 -9999 -9999 -9999 -9999 -9999 -9999 -9999 -9999 -9999 -9999 -9999 -9999 -9999 -9999 -9999 -9999 -9999 -9999 -9999 -9999 -9999 -9999 -9999 -9999 -9999 -9999 -9999 -9999 -9999 -9999 -9999 -9999 -9999 -9999 -0.105 -0.083 -0.093 -0.108 -0.097 -0.087 -0.086 -0.085 -0.097 -0.111 -0.124 -0.137 -0.114 -0.085 -0.087 -0.088 -0.08 -0.07 -0.075 -0.081 -0.086 -0.092 -0.089 -0.084 -0.078 -0.069 -0.073 -0.078 -0.073 -0.067 -0.081 -0.098 -0.084 -0.066 -0.077 -0.091 -0.107
-9999 -9999 -9999 -9999 -9999 -9999 -9999 -9999 -9999 -9999 -9999 -9999 -9999 -9999 -9999 -9999 -9999 -9999 -9999 -9999 -9999 -9999 -9999 -9999 -9999 -9999 -9999 -9999 -9999 -9999 -9999 -9999 -9999 -9999 -9999 -9999 -9999 -0.109 -0.102 -0.117 -0.115 -0.089 -0.084 -0.092 -0.093 -0.1 -0.105 -0.096 -0.106 -0.117 -0.128 -0.12 -0.107 -0.101 -0.087 -0.074 -0.071 -0.072 -0.072 -0.074 -0.073 -0.069 -0.078 -0.079 -0.072 -0.07 -0.072 -0.069 -0.078 -0.091 -0.088 -0.077 -0.084 -0.095 -0.102
-9999 -9999 -9999 -9999 -9999 -9999 -9999 -9999 -9999 -9999 -9999 -9999 -9999 -9999 -9999 -9999 -9999 -9999 -9999 -9999 -9999 -9999 -9999 -9999 -9999 -9999 -9999 -9999 -9999 -9999 -9999 -9999 -9999 -9999 -9999 -9999 -9999 -0.104 -0.116 -0.131 -0.109 -0.083 -0.087 -0.093 -0.098 -0.104 -0.098 -0.089 -0.097 -0.107 -0.118 -0.13 -0.119 -0.104 -0.092 -0.075 -0.072 -0.068 -0.068 -0.067 -0.065 -0.063 -0.071 -0.081 -0.075 -0.066 -0.068 -0.069 -0.077 -0.087 -0.084 -0.08 -0.087 -0.095 -0.102
-9999 -9999 -9999 -9999 -9999 -9999 -9999 -9999 -9999 -9999 -9999 -9999 -9999 -9999 -9999 -9999 -9999 -9999 -9999 -9999 -9999 -9999 -9999 -9999 -9999 -9999 -9999 -9999 -9999 -9999 -9999 -9999 -9999 -9999 -9999 -9999 -9999 -0.116 -0.117 -0.102 -0.083 -0.068 -0.07 -0.077 -0.08 -0.084 -0.085 -0.1 -0.105 -0.102 -0.108 -0.117 -0.105 -0.088 -0.089 -0.08 -0.082 -0.081 -0.073 -0.068 -0.064 -0.061 -0.058 -0.06 -0.065 -0.063 -0.07 -0.075 -0.076 -0.082 -0.076 -0.07 -0.079 -0.088 -0.096
-9999 -9999 -9999 -9999 -9999 -9999 -9999 -9999 -9999 -9999 -9999 -9999 -9999 -9999 -9999 -9999 -9999 -9999 -9999 -9999 -9999 -9999 -9999 -9999 -9999 -9999 -9999 -9999 -9999 -9999 -9999 -9999 -9999 -9999 -9999 -9999 -9999 -9999 -0.104 -0.092 -0.078 -0.063 -0.066 -0.072 -0.072 -0.076 -0.089 -0.104 -0.102 -0.099 -0.105 -0.111 -0.098 -0.082 -0.082 -0.081 -0.083 -0.085 -0.078 -0.068 -0.064 -0.059 -0.056 -0.052 -0.056 -0.062 -0.068 -0.077 -0.077 -0.078 -0.073 -9999 -0.074 -9999 -0.09
-9999 -9999 -9999 -9999 -9999 -9999 -9999 -9999 -9999 -9999 -9999 -9999 -9999 -9999 -9999 -9999 -9999 -9999 -9999 -9999 -9999 -9999 -9999 -9999 -9999 -9999 -9999 -9999 -9999 -9999 -9999 -9999 -9999 -9999 -9999 -9999 -9999 -0.1 -0.092 -0.099 -0.087 -0.074 -0.082 -0.1 -0.098 -0.09 -0.097 -0.092 -0.09 -0.088 -0.091 -0.093 -0.092 -0.082 -0.079 -0.076 -0.07 -0.067 -0.074 -0.073 -0.069 -0.064 -0.057 -0.05 -0.055 -0.061 -0.066 -0.074 -0.074 -0.075 -0.08 -0.08 -0.073 -0.073 -9999
-9999 -9999 -9999 -9999 -9999 -9999 -9999 -9999 -9999 -9999 -9999 -9999 -9999 -9999 -9999 -9999 -9999 -9999 -9999 -9999 -9999 -9999 -9999 -9999 -9999 -9999 -9999 -9999 -9999 -9999 -9999 -9999 -9999 -9999 -9999 -9999 -9999 -0.088 -0.092 -0.102 -0.092 -0.08 -0.094 -0.112 -0.104 -0.097 -0.092 -0.087 -0.085 -0.082 -0.084 -0.086 -0.084 -0.082 -0.078 -0.073 -0.067 -0.059 -0.066 -0.074 -0.07 -0.065 -0.058 -0.049 -0.054 -0.06 -0.065 -0.072 -0.072 -0.072 -0.078 -0.084 -0.077 -0.067 -0.071
-9999 -9999 -9999 -9999 -9999 -9999 -9999 -9999 -9999 -9999 -9999 -9999 -9999 -9999 -9999 -9999 -9999 -9999 -9999 -9999 -9999 -9999 -9999 -9999 -9999 -9999 -9999 -9999 -9999 -9999 -9999 -9999 -9999 -9999 -9999 -9999 -0.094 -0.091 -0.095 -0.098 -0.089 -0.082 -0.09 -0.091 -0.085 -0.084 -0.076 -0.069 -0.068 -0.07 -0.074 -0.077 -0.083 -0.086 -0.085 -0.082 -0.061 -0.044 -0.052 -0.06 -0.063 -0.061 -0.057 -0.05 -0.054 -0.059 -0.058 -0.061 -0.076 -0.085 -0.069 -0.063 -0.065 -0.061 -0.062
-9999 -9999 -9999 -9999 -9999 -9999 -9999 -9999 -9999 -9999 -9999 -9999 -9999 -9999 -9999 -9999 -9999 -9999 -9999 -9999 -9999 -9999 -9999 -9999 -9999 -9999 -9999 -9999 -9999 -9999 -9999 -9999 -9999 -9999 -9999 -9999 -0.1 -0.095 -0.096 -0.098 -0.091 -0.083 -0.083 -0.084 -0.082 -0.079 -0.071 -0.063 -0.063 -0.065 -0.069 -0.073 -0.079 -0.086 -0.085 -0.083 -0.064 -0.039 -0.045 -0.055 -0.057 -0.059 -0.055 -0.049 -0.053 -0.058 -0.058 -0.056 -0.069 -0.086 -0.072 -0.053 -0.054 -0.057 -0.057
-9999 -9999 -9999 -9999 -9999 -9999 -9999 -9999 -9999 -9999 -9999 -9999 -9999 -9999 -9999 -9999 -9999 -9999 -9999 -9999 -9999 -9999 -9999 -9999 -9999 -9999 -9999 -9999 -9999 -9999 -9999 -9999 -9999 -9999 -9999 -9999 -9999 -0.086 -0.091 -0.109 -0.101 -0.09 -0.086 -0.076 -0.073 -0.072 -0.064 -0.059 -0.061 -0.07 -0.077 -0.092 -0.084 -0.082 -0.083 -0.083 -0.075 -0.058 -0.051 -0.052 -0.051 -0.052 -0.052 -0.049 -0.044 -0.042 -0.048 -0.049 -0.047 -0.053 -0.056 -0.047 -0.036 -0.03 -0.033
