Validation/Results/raw data/ReClimate_10_2023_2_Precipitation-Actuals.asc
NCOLS 192
NROWS 249
XLLCENTER -225160.85627316462
YLLCENTER 29788.11610251502
CELLSIZE 5000.0
NODATA_VALUE -9999
[rows 198 to 230 of 249, columns 74 to 147 of 192]
-9999 -9999 -9999 -9999 -9999 -9999 -9999 -9999 -9999 -9999 -9999 -9999 -9999 -9999 -9999 -9999 -9999 -9999 175.009 176.837 178.85 179.371 171.736 192.363 206.171 237.52 269.009 298.454 278.787 252.98 215.705 174.047 151.738 145.34 153.251 164.487 141.166 116.592 96.616 91.591 88.987 91.403 85.109 89.462 87.935 85.838 80.655 76.059 73.015 73.51 69.226 70.766 67.836 65.451 64.42 65.855 65.224 65.999 64.593 65.947 69.543 69.843 72.361 73.694 72.098 68.529 66.588 67.935 66.365 63.369 62.94 58.087 55.855 54.396
-9999 -9999 -9999 -9999 -9999 -9999 -9999 -9999 -9999 -9999 -9999 -9999 -9999 -9999 -9999 119.301 150.044 163.695 166.382 182.032 188.003 195.72 195.614 181.933 219.898 242.827 271.899 257.587 260.732 227.489 203.483 186.557 158.381 141.273 166.546 141.19 120.33 96.267 88.767 85.667 92.193 83.972 85.546 80.727 83.972 86.273 82.975 81.916 76.235 72.276 65.407 67.169 70.956 64.089 61.924 62.925 67.267 68.447 73.269 69.883 68.042 70.598 69.889 71.58 71.058 68.287 65.143 65.555 65.921 62.813 59.558 58.076 54.346 54.097
-9999 -9999 -9999 -9999 -9999 -9999 -9999 -9999 -9999 -9999 -9999 -9999 -9999 158.985 146.709 154.375 162.175 168.566 184.025 187.592 202.474 202.123 196.168 224.489 215.266 238.935 249.196 236.004 235.321 231.884 222.815 191.204 166.377 158.221 135.463 120.944 105.988 118.474 101.425 86.339 82.759 79.113 76.601 78.451 83.265 83.57 84.069 78.485 75.477 69.548 62.964 69.576 72.699 67.861 70.927 69.99 68.246 68.578 68.609 74.209 72.2 73.432 76.211 76.354 75.16 72.145 67.636 64.063 63.693 61.368 57.842 55.093 56.975 54.937
-9999 -9999 -9999 -9999 -9999 -9999 -9999 -9999 -9999 171.784 177.581 171.347 165.112 190.798 183.941 190.471 186.626 190.531 198.288 204.712 219.365 217.205 217.971 242.62 224.661 234.992 223.625 222.102 229.527 230.513 211.408 192.303 171.126 155.351 131.353 110.264 133.836 130.32 109.128 105.456 89.748 82.941 77.027 82.649 90.312 81.38 83.168 73.755 72.317 68.646 69.341 72.759 72.129 76.019 74.988 77.83 73.245 69.567 70.767 72.859 74.541 75.963 75.145 74.742 75.273 72.787 69.698 66.027 62.959 61.784 60.548 61.285 56.516 55.955
-9999 -9999 -9999 -9999 -9999 -9999 -9999 -9999 148.67 175.953 177.454 194.418 231.391 246.091 242.352 229.244 212.464 216.829 216.343 225.408 231.79 225.061 247.09 235.096 227.046 209.276 202.937 207.215 222.34 224.573 203.878 187.754 173.095 149.805 144.273 160.572 185.203 148.827 127.978 102.569 99.281 91.66 91.203 87.262 78.782 79.874 75.868 75.077 72.618 71.253 81.145 82.955 84.497 84.913 88.285 82.677 77.21 81.593 79.415 80.474 79.193 77.344 77.701 75.081 73.302 70.762 68.9 67.902 64.34 66.516 66.031 60.826 61.133 56.462
-9999 -9999 -9999 -9999 -9999 -9999 -9999 132.79 153.945 173.893 185.845 206.729 230.474 234.722 234.417 222.42 221.839 216.111 222.11 221.501 228.821 240.268 234.924 216.143 197.113 184.313 203.583 228.075 236.285 238.769 210.855 191.585 164.502 165.416 151.047 193.909 185.905 176.749 130.778 119.963 109.064 101.751 91.134 85.137 84.843 86.066 86.489 77.871 73.984 73.732 83.279 79.454 86.249 98.177 93.352 91.741 84.981 85.501 88.72 84.87 83.014 79.993 77.08 74.546 69.053 67.806 68.267 69.708 68.985 65.692 66.069 62.335 62.149 63.94
-9999 -9999 -9999 -9999 -9999 124.774 -9999 133.619 148.237 162.175 172.555 181.103 196.351 196.891 199.228 204.33 203.136 200.031 201.452 216.121 203.579 204.556 196.942 195.981 193.891 216.713 251.18 296.445 331.454 285.043 272.457 252.892 240.961 208.152 178.328 179.614 209.239 157.148 131.94 130.061 121.02 107.239 93.91 90.04 94.322 93.886 88.567 78.563 74.561 79.365 83.49 95.447 102.107 101.412 96.815 90.503 86.921 83.566 87.109 84.622 81.068 76.573 73.602 73.141 70.06 67.2 69.094 68.837 69.32 67.087 65.757 67.28 65.247 68.0
-9999 -9999 -9999 -9999 -9999 -9999 -9999 -9999 -9999 160.206 158.881 170.985 175.084 176.415 183.686 194.166 190.895 180.285 191.048 187.398 185.852 197.272 199.215 212.481 215.293 245.481 286.483 330.111 332.241 330.593 307.777 314.784 306.939 229.267 209.268 200.674 149.251 146.544 145.203 119.892 112.736 104.455 108.542 108.149 112.48 105.581 89.018 78.203 77.7 82.198 93.07 113.756 114.669 109.984 98.373 91.193 88.862 91.766 84.811 81.903 77.464 72.857 69.41 67.7 69.722 67.266 67.529 67.003 68.093 70.013 72.267 75.923 75.63 69.753
-9999 -9999 -9999 -9999 -9999 -9999 -9999 -9999 -9999 153.752 157.972 164.506 168.912 180.152 191.352 197.5 184.583 175.596 178.077 173.397 187.725 197.891 204.12 209.916 214.268 233.623 257.584 280.803 288.337 284.791 292.22 308.296 269.29 250.607 221.777 177.573 181.795 188.721 146.206 123.965 105.515 121.979 119.174 124.027 120.587 110.531 89.631 83.138 85.64 102.864 109.518 109.852 109.282 108.521 101.099 95.939 89.767 88.767 88.111 80.05 75.706 71.755 68.774 66.726 67.784 69.745 68.94 65.952 68.405 72.814 79.788 79.234 78.591 77.363
-9999 -9999 -9999 -9999 -9999 -9999 -9999 122.483 134.452 149.329 154.75 -9999 164.854 170.397 176.31 168.974 162.093 158.053 -9999 159.14 171.661 182.844 205.437 205.702 227.406 233.029 255.204 267.803 261.072 254.473 280.267 260.408 237.528 227.322 222.075 202.529 205.969 195.778 153.842 131.184 119.407 119.064 128.404 126.514 121.594 101.001 88.299 87.021 97.236 102.379 107.981 105.894 110.242 103.228 98.191 93.896 87.707 81.126 78.713 77.173 78.882 73.99 70.585 66.577 64.62 65.485 68.374 69.454 71.598 79.359 83.634 86.387 80.892 79.07
-9999 -9999 -9999 -9999 -9999 -9999 -9999 122.31 -9999 -9999 -9999 154.246 157.928 158.27 -9999 -9999 -9999 -9999 -9999 150.121 159.367 178.096 178.149 195.13 204.979 215.113 233.161 238.938 248.367 321.578 333.488 291.106 247.196 233.183 230.852 218.985 210.063 172.426 156.567 134.557 124.464 134.201 124.031 123.716 104.916 92.187 89.776 94.515 104.525 104.489 110.79 104.045 101.293 100.0 93.216 87.355 82.287 76.595 74.534 72.058 71.481 72.4 69.484 68.973 65.816 67.103 69.85 76.245 82.167 86.26 89.8 89.305 83.868 78.347
-9999 -9999 -9999 -9999 -9999 -9999 -9999 -9999 -9999 135.892 145.642 149.893 147.154 147.481 -9999 -9999 -9999 -9999 -9999 -9999 -9999 -9999 167.283 185.19 186.427 186.988 200.84 227.336 294.293 350.98 366.246 327.563 276.041 251.328 231.026 206.453 204.454 192.565 155.966 139.054 150.027 139.089 132.803 106.695 97.385 94.329 98.05 109.721 103.12 109.438 107.71 100.29 93.763 89.996 86.63 82.011 76.912 75.51 71.861 69.383 66.698 66.537 67.244 68.699 69.829 71.117 77.91 81.513 88.163 92.017 90.006 87.676 82.428 75.555
-9999 -9999 -9999 -9999 -9999 -9999 -9999 -9999 -9999 -9999 143.305 -9999 -9999 -9999 -9999 -9999 -9999 -9999 -9999 -9999 151.129 158.335 171.627 172.607 163.879 168.1 184.267 221.816 277.486 331.75 341.343 305.946 266.566 243.076 220.615 201.513 198.417 168.521 141.181 136.048 141.293 136.882 120.417 -9999 98.201 99.743 105.544 112.991 109.851 107.168 102.4 94.835 90.05 84.848 84.427 81.494 74.918 72.619 70.769 67.207 66.361 66.857 67.525 67.68 71.734 81.458 84.198 90.134 87.021 87.218 85.737 81.606 73.368 72.71
-9999 -9999 -9999 -9999 -9999 -9999 -9999 -9999 -9999 -9999 -9999 -9999 -9999 -9999 -9999 -9999 -9999 -9999 -9999 -9999 147.461 154.32 154.191 148.928 -9999 -9999 -9999 182.464 242.158 267.674 274.642 251.615 238.275 231.948 207.728 182.353 167.245 147.95 127.639 124.85 120.751 109.949 -9999 96.528 98.12 101.031 109.739 112.526 106.016 105.629 102.322 92.783 88.043 84.405 82.371 81.933 75.299 70.999 77.855 76.945 73.386 70.829 70.196 70.979 72.34 75.852 86.589 87.081 83.04 81.248 80.569 73.225 69.692 67.458
-9999 -9999 -9999 -9999 -9999 -9999 -9999 -9999 -9999 -9999 -9999 -9999 -9999 -9999 -9999 -9999 -9999 -9999 -9999 -9999 -9999 -9999 -9999 -9999 -9999 -9999 -9999 138.755 178.73 206.327 202.709 198.712 200.26 194.469 178.797 164.448 151.732 134.347 131.592 128.103 -9999 -9999 96.187 94.975 101.044 104.599 111.785 112.279 105.784 104.415 95.778 87.232 89.308 86.778 85.526 89.456 89.08 84.334 85.21 92.142 86.67 79.25 78.647 77.025 78.297 81.672 82.186 83.284 79.101 73.393 73.075 71.218 67.513 67.558
-9999 -9999 -9999 -9999 -9999 -9999 -9999 -9999 -9999 -9999 -9999 -9999 -9999 -9999 -9999 -9999 -9999 -9999 -9999 -9999 -9999 -9999 -9999 -9999 -9999 -9999 -9999 129.826 145.338 154.924 164.182 171.618 167.428 162.323 156.661 148.532 131.775 -9999 -9999 -9999 -9999 -9999 93.947 100.981 105.815 107.454 110.496 112.649 106.77 101.519 91.487 83.85 84.188 92.855 92.168 98.473 99.818 97.317 93.66 93.225 90.926 82.742 80.587 79.798 78.836 82.281 77.368 75.008 70.77 69.095 68.085 66.418 65.528 65.187
-9999 -9999 -9999 -9999 -9999 -9999 -9999 -9999 -9999 -9999 -9999 -9999 -9999 -9999 -9999 -9999 -9999 -9999 -9999 -9999 -9999 -9999 -9999 -9999 -9999 -9999 -9999 -9999 -9999 138.155 155.163 153.191 145.901 144.615 141.876 130.017 -9999 -9999 -9999 -9999 106.334 108.162 109.977 108.202 113.156 105.517 112.623 113.088 108.433 98.903 90.477 90.01 92.897 98.564 101.336 100.692 103.346 98.578 94.161 88.446 86.423 82.993 77.827 78.958 76.153 75.411 74.253 70.131 68.736 69.109 71.863 69.709 66.461 66.535
-9999 -9999 -9999 -9999 -9999 -9999 -9999 -9999 -9999 -9999 -9999 -9999 -9999 -9999 -9999 -9999 -9999 -9999 -9999 -9999 -9999 -9999 -9999 -9999 -9999 -9999 -9999 -9999 -9999 -9999 134.131 129.624 129.475 122.807 122.927 -9999 -9999 -9999 -9999 111.481 106.798 113.028 117.238 117.697 109.519 103.38 107.578 106.132 108.013 98.319 94.391 98.4 98.753 101.124 105.893 102.666 100.468 98.337 96.811 90.915 86.269 81.379 81.079 78.846 77.332 76.191 73.38 71.798 73.551 76.081 76.53 73.399 68.884 67.16
-9999 -9999 -9999 -9999 -9999 -9999 -9999 -9999 -9999 -9999 -9999 -9999 -9999 -9999 -9999 -9999 -9999 -9999 -9999 -9999 -9999 -9999 -9999 -9999 -9999 -9999 -9999 -9999 -9999 -9999 -9999 -9999 -9999 -9999 -9999 -9999 -9999 -9999 110.634 108.778 106.675 115.322 120.71 117.189 108.316 106.553 104.708 106.848 102.824 92.404 93.637 91.789 94.95 96.936 98.3 103.0 103.772 101.388 105.144 104.974 97.882 92.917 88.892 81.479 77.678 77.665 74.781 73.498 75.857 78.092 76.409 72.679 70.191 69.23
-9999 -9999 -9999 -9999 -9999 -9999 -9999 -9999 -9999 -9999 -9999 -9999 -9999 -9999 -9999 -9999 -9999 -9999 -9999 -9999 -9999 -9999 -9999 -9999 -9999 -9999 -9999 -9999 -9999 -9999 -9999 -9999 -9999 -9999 -9999 -9999 -9999 100.917 105.447 111.636 116.56 141.481 135.9 123.302 116.518 112.793 110.146 106.43 93.783 87.536 85.853 86.932 94.445 94.653 100.346 104.916 111.918 110.053 106.445 114.766 109.631 104.742 98.485 89.562 80.808 78.75 77.754 76.887 77.851 78.764 76.846 73.557 72.56 73.645
-9999 -9999 -9999 -9999 -9999 -9999 -9999 -9999 -9999 -9999 -9999 -9999 -9999 -9999 -9999 -9999 -9999 -9999 -9999 -9999 -9999 -9999 -9999 -9999 -9999 -9999 -9999 -9999 -9999 -9999 -9999 -9999 -9999 -9999 -9999 -9999 -9999 98.539 97.987 100.365 117.602 128.955 135.282 144.139 134.99 128.765 122.509 108.012 96.796 94.379 99.034 101.009 103.855 100.171 96.498 99.491 103.838 111.582 109.539 108.97 109.629 100.959 100.039 94.14 87.341 84.23 82.096 84.71 84.439 81.847 80.223 77.197 79.48 87.023
-9999 -9999 -9999 -9999 -9999 -9999 -9999 -9999 -9999 -9999 -9999 -9999 -9999 -9999 -9999 -9999 -9999 -9999 -9999 -9999 -9999 -9999 -9999 -9999 188.458 214.263 249.048 224.728 -9999 189.921 -9999 -9999 -9999 -9999 -9999 -9999 -9999 -9999 89.295 91.38 99.281 108.127 123.734 134.614 143.164 135.921 120.54 110.664 104.685 111.272 109.737 99.648 102.213 99.979 94.373 96.759 97.897 101.878 102.124 104.125 101.672 102.162 101.168 105.021 102.52 95.015 92.278 91.299 89.755 88.508 87.121 85.485 87.733 90.069
-9999 -9999 -9999 -9999 -9999 -9999 -9999 -9999 -9999 -9999 -9999 -9999 -9999 -9999 -9999 -9999 -9999 -9999 -9999 -9999 -9999 160.762 167.117 165.365 190.329 245.138 260.366 242.025 234.24 199.24 158.65 132.128 -9999 -9999 106.993 102.501 94.444 83.978 88.427 86.993 92.132 100.884 110.953 120.753 128.092 127.246 121.786 113.436 121.404 115.003 107.01 108.233 100.863 99.177 95.19 94.092 95.964 98.332 101.664 97.3 99.873 101.778 106.102 104.777 110.401 109.053 100.034 97.748 92.661 91.285 93.862 92.09 105.188 106.789
-9999 -9999 -9999 -9999 -9999 -9999 -9999 -9999 -9999 -9999 -9999 -9999 -9999 -9999 -9999 -9999 -9999 -9999 -9999 -9999 165.784 162.31 154.986 158.81 195.543 243.427 265.476 270.662 258.962 215.423 185.941 149.924 124.494 126.841 120.897 116.099 98.88 94.031 88.369 86.217 91.492 99.719 99.48 110.569 115.152 117.27 117.061 131.205 121.469 122.567 118.05 113.496 108.534 101.957 98.664 96.517 99.587 100.996 100.166 99.935 97.41 100.283 103.927 111.236 114.595 113.28 108.59 104.934 108.526 101.116 98.553 98.802 99.475 111.02
-9999 -9999 -9999 -9999 -9999 -9999 -9999 -9999 -9999 -9999 -9999 -9999 -9999 -9999 -9999 -9999 -9999 -9999 -9999 -9999 167.45 144.479 137.326 148.268 183.384 216.994 232.71 246.578 229.171 210.036 180.158 165.506 159.82 143.855 128.411 112.143 105.201 96.491 85.312 83.642 85.438 89.122 91.422 96.093 97.229 104.18 119.588 120.608 121.764 125.133 117.984 112.432 113.543 109.456 105.498 102.261 103.27 104.6 102.043 99.814 101.546 94.437 98.385 107.685 118.437 119.979 113.251 113.23 115.05 113.569 105.635 99.292 98.864 101.487
-9999 -9999 -9999 -9999 -9999 -9999 -9999 -9999 -9999 -9999 -9999 -9999 -9999 -9999 -9999 -9999 -9999 -9999 -9999 -9999 154.802 137.089 136.808 142.752 159.716 171.218 185.232 191.818 197.129 190.679 178.654 168.236 167.983 147.039 118.238 106.376 101.095 94.17 86.347 78.599 78.231 86.857 87.261 87.798 96.953 105.133 112.243 112.836 109.774 115.903 115.246 120.929 119.417 113.349 105.913 104.231 105.014 104.488 107.427 104.178 101.739 109.165 104.823 110.516 118.937 130.84 126.241 117.817 119.331 112.487 106.239 104.851 99.144 101.433
-9999 -9999 -9999 -9999 -9999 -9999 -9999 -9999 -9999 -9999 -9999 -9999 -9999 -9999 -9999 -9999 167.578 187.049 -9999 164.814 145.432 154.038 145.835 138.974 137.441 148.481 156.757 172.789 179.76 179.731 164.132 160.101 149.618 129.628 117.012 106.664 103.246 100.252 94.41 82.612 88.883 89.651 87.187 89.88 96.234 103.634 108.353 108.632 116.328 119.035 120.384 130.167 127.725 117.535 104.508 100.898 108.014 112.432 107.323 109.072 102.982 107.688 116.632 113.425 118.422 122.431 125.644 117.4 117.106 120.04 114.105 109.095 105.265 100.843
-9999 -9999 -9999 -9999 -9999 -9999 -9999 -9999 -9999 -9999 -9999 -9999 -9999 -9999 -9999 -9999 173.006 177.606 175.953 164.564 158.131 155.26 142.418 138.033 148.681 144.988 153.699 160.466 163.087 167.174 156.726 145.065 138.056 129.609 129.839 133.129 122.621 111.651 99.144 93.008 99.337 98.86 98.92 105.758 120.601 102.89 109.489 109.575 112.189 114.619 121.855 123.98 124.146 117.017 109.923 111.325 114.8 113.186 106.286 103.726 106.027 105.853 109.673 111.278 117.119 123.665 121.563 129.493 123.957 124.521 121.519 118.717 110.436 106.613
-9999 -9999 -9999 -9999 -9999 -9999 -9999 -9999 -9999 -9999 -9999 -9999 -9999 -9999 -9999 154.863 163.448 171.387 177.794 178.345 164.411 157.18 150.024 150.32 145.681 140.121 145.003 146.024 146.809 148.555 139.411 132.379 126.476 130.149 146.659 146.205 148.812 130.0 115.797 111.828 108.428 106.087 111.038 120.023 110.395 111.105 108.914 110.062 116.68 124.736 118.808 117.979 115.062 117.524 115.824 113.153 119.904 118.131 109.989 102.54 110.285 105.59 105.684 106.949 110.797 117.406 118.153 123.796 132.845 125.138 134.427 123.024 126.803 124.083
-9999 -9999 -9999 -9999 -9999 -9999 -9999 -9999 -9999 -9999 -9999 -9999 -9999 -9999 -9999 -9999 143.034 161.885 166.174 160.45 158.276 158.467 146.677 138.121 138.948 135.71 137.948 135.874 134.38 126.935 123.88 125.633 118.2 131.806 143.567 154.181 150.18 141.946 131.676 125.356 116.191 118.499 122.809 125.199 116.261 116.904 119.17 120.309 126.981 118.795 119.834 113.02 112.029 114.65 115.698 115.063 116.55 116.661 113.083 124.564 -9999 111.052 102.41 109.596 105.617 102.547 105.932 106.795 110.926 111.628 112.993 115.129 109.833 121.387
-9999 -9999 -9999 -9999 -9999 -9999 -9999 -9999 -9999 -9999 -9999 -9999 -9999 -9999 -9999 135.854 135.232 148.023 152.529 156.761 161.553 154.648 144.443 137.778 130.36 131.607 130.491 122.652 111.96 114.481 118.776 112.563 117.078 126.25 133.997 144.493 150.179 137.271 132.032 141.389 138.139 135.05 144.551 133.779 137.545 142.848 135.802 131.796 126.222 122.314 117.892 115.58 112.714 114.375 114.389 115.384 116.56 115.875 116.224 110.74 114.074 -9999 98.076 -9999 97.331 -9999 94.926 -9999 98.373 99.009 101.482 98.996 97.138 100.992
-9999 -9999 -9999 -9999 -9999 -9999 -9999 -9999 -9999 -9999 -9999 -9999 -9999 -9999 -9999 132.03 139.837 145.837 146.959 158.421 161.532 162.259 158.378 155.186 144.871 143.52 137.569 130.119 109.311 112.922 110.496 108.412 111.998 122.685 134.405 147.687 141.703 129.593 140.456 139.766 126.514 131.776 128.481 131.847 149.045 144.675 135.371 134.587 126.458 122.921 120.721 117.477 114.385 110.508 110.226 112.201 111.934 108.826 106.409 104.728 100.922 -9999 -9999 93.38 90.961 -9999 -9999 90.973 90.918 91.665 -9999 -9999 -9999 -9999
-9999 -9999 -9999 -9999 -9999 -9999 -9999 -9999 -9999 -9999 -9999 -9999 -9999 -9999 151.979 150.068 161.856 151.947 148.411 149.806 157.885 170.518 185.524 197.403 202.206 172.92 148.667 126.185 122.484 116.227 106.84 102.652 111.957 120.477 136.905 136.591 131.535 123.798 128.314 111.651 112.507 115.715 123.177 136.763 137.293 135.148 132.627 127.54 125.797 119.653 114.403 114.566 114.823 112.031 104.623 99.843 105.15 104.298 -9999 -9999 -9999 102.811 -9999 -9999 -9999 -9999 -9999 -9999 93.747 -9999 -9999 -9999 -9999 -9999
