Validation/Results/raw data/ReClimate_02_2024_2_Temperature-Actuals.asc
NCOLS 192
NROWS 249
XLLCENTER -225160.85627316462
YLLCENTER 29788.11610251502
CELLSIZE 5000.0
NODATA_VALUE -9999
[rows 170 to 203 of 249, columns 77 to 153 of 192]
-9999 -9999 -9999 -9999 -9999 -9999 -9999 -9999 -9999 -9999 -9999 -9999 -9999 -9999 -9999 8.966 8.973 -9999 -9999 -9999 -9999 -9999 -9999 -9999 -9999 -9999 -9999 -9999 -9999 -9999 -9999 -9999 -9999 -9999 9.59 9.723 9.686 9.686 9.493 9.507 9.629 9.7 9.731 9.859 9.926 9.891 9.607 9.075 8.165 7.303 6.503 6.744 6.743 7.258 8.423 8.946 9.211 8.831 8.796 9.039 9.324 9.337 9.307 9.254 9.248 9.223 9.124 9.09 9.157 9.138 8.969 8.472 8.447 8.41 8.66 8.769 8.797
-9999 -9999 -9999 -9999 -9999 -9999 -9999 -9999 -9999 -9999 -9999 -9999 -9999 -9999 -9999 8.792 8.743 8.909 -9999 -9999 -9999 -9999 -9999 -9999 -9999 -9999 -9999 -9999 -9999 -9999 -9999 -9999 -9999 9.741 9.734 9.69 9.664 9.516 9.588 9.565 9.719 9.716 9.731 9.764 9.74 9.646 9.53 9.182 8.501 7.383 6.534 7.017 7.539 7.617 8.248 9.281 9.433 9.18 8.73 8.918 9.307 9.377 9.258 9.171 9.209 9.222 9.16 9.027 9.074 9.114 9.023 8.684 8.403 8.479 8.618 8.903 8.979
-9999 -9999 -9999 -9999 -9999 -9999 -9999 -9999 -9999 -9999 -9999 -9999 -9999 -9999 9.119 8.902 8.755 8.941 9.229 -9999 -9999 -9999 -9999 -9999 -9999 -9999 -9999 -9999 -9999 -9999 9.171 -9999 -9999 9.765 9.456 9.651 9.691 9.757 -9999 9.524 9.543 9.506 9.555 9.505 9.538 9.378 9.324 8.902 8.199 8.55 7.388 7.655 8.196 7.543 8.459 8.896 9.291 9.213 8.924 9.001 9.27 9.538 9.379 9.202 9.262 9.254 9.2 9.052 9.041 9.138 9.056 8.905 8.582 8.411 8.446 8.817 9.02
-9999 -9999 -9999 -9999 -9999 -9999 -9999 -9999 -9999 -9999 -9999 -9999 -9999 -9999 9.277 9.084 9.028 9.092 9.304 9.314 9.307 -9999 -9999 -9999 8.784 9.057 -9999 9.134 9.185 9.205 8.512 8.865 -9999 -9999 9.577 9.505 -9999 -9999 9.596 9.533 9.672 9.791 9.666 9.54 9.333 9.209 9.009 8.374 7.569 7.917 7.802 7.535 7.728 7.671 7.881 9.036 9.106 8.979 8.739 8.963 9.129 9.347 9.443 9.249 9.288 9.289 9.223 9.105 9.058 9.177 9.135 9.045 8.814 8.535 8.247 8.347 8.693
-9999 -9999 -9999 -9999 -9999 -9999 -9999 -9999 -9999 -9999 -9999 -9999 -9999 -9999 -9999 9.276 9.168 9.222 9.476 9.51 -9999 -9999 7.02 7.01 8.695 8.154 8.315 8.488 9.14 9.035 8.935 8.679 8.785 -9999 9.589 9.589 9.567 9.66 9.532 9.418 9.689 9.896 9.798 9.518 9.32 9.089 8.881 8.093 7.039 7.165 7.491 7.764 8.034 7.852 8.016 8.645 9.049 8.954 8.771 8.888 8.984 9.102 9.223 9.254 9.296 9.309 9.21 8.988 9.042 9.236 9.217 9.153 8.997 8.73 8.508 8.314 8.327
-9999 -9999 -9999 -9999 -9999 -9999 -9999 -9999 -9999 -9999 -9999 -9999 -9999 -9999 -9999 9.275 9.196 9.525 9.685 9.718 9.341 7.71 5.436 8.032 8.7 7.801 8.276 7.964 8.481 9.11 8.881 7.946 8.652 8.948 9.366 9.582 9.56 9.588 9.547 9.468 9.546 9.683 9.626 9.491 9.276 9.067 8.747 7.748 7.128 6.832 7.241 7.349 8.132 8.282 7.977 8.324 8.767 8.822 8.819 8.886 8.905 9.001 9.105 9.161 9.332 9.283 9.264 9.222 9.094 9.281 9.299 9.257 9.168 8.924 8.552 8.493 8.654
-9999 -9999 -9999 -9999 -9999 -9999 -9999 -9999 -9999 -9999 -9999 -9999 -9999 -9999 -9999 -9999 9.366 9.617 9.536 8.868 7.506 4.711 5.659 7.863 7.974 8.188 7.521 7.344 7.7 8.13 8.344 8.541 7.84 8.686 9.194 9.327 9.511 9.611 9.512 9.428 9.408 9.499 9.53 9.355 9.175 8.992 8.504 7.889 7.315 7.167 7.59 7.368 7.619 8.644 8.325 8.367 8.701 8.668 8.787 8.962 8.965 8.99 9.068 9.158 9.356 9.349 9.343 9.225 9.211 9.305 9.356 9.359 9.289 9.17 9.021 8.861 8.939
-9999 -9999 -9999 -9999 -9999 -9999 -9999 -9999 -9999 -9999 -9999 -9999 -9999 -9999 -9999 -9999 -9999 -9999 8.907 7.728 6.398 5.874 6.375 8.146 8.57 7.756 6.936 6.741 6.858 7.844 8.644 8.218 7.553 8.209 8.913 9.299 9.595 9.534 9.374 9.185 9.241 9.301 9.307 9.259 9.118 8.806 8.175 7.851 7.718 7.307 7.587 7.375 7.271 7.951 8.695 8.589 8.944 8.755 8.571 8.822 8.982 9.147 9.233 9.311 9.398 9.394 9.383 9.382 9.21 9.293 9.343 9.38 9.395 9.347 9.274 9.176 9.088
-9999 -9999 -9999 -9999 -9999 -9999 -9999 -9999 -9999 -9999 -9999 -9999 -9999 -9999 -9999 -9999 -9999 9.474 8.602 7.987 7.572 6.46 7.634 8.448 8.127 7.924 7.164 6.569 7.013 7.176 8.086 7.905 7.406 7.846 8.521 9.417 9.546 9.48 9.135 8.965 9.048 9.173 9.235 9.2 8.98 8.469 8.23 8.371 7.951 7.428 7.697 7.697 7.803 8.026 8.213 8.75 8.87 8.832 8.796 8.794 9.018 9.078 9.352 9.48 9.474 9.423 9.42 9.214 9.235 9.337 9.395 9.393 9.426 9.42 9.376 9.253 9.132
-9999 -9999 -9999 -9999 -9999 -9999 -9999 -9999 -9999 -9999 -9999 -9999 -9999 -9999 -9999 -9999 9.376 7.718 8.523 8.156 7.534 7.752 6.411 6.9 7.353 7.235 6.56 7.126 6.949 7.545 8.048 7.274 6.936 7.707 8.606 9.384 9.594 9.419 8.969 8.979 9.108 9.174 9.227 9.055 8.723 8.7 8.581 8.105 7.806 7.617 7.444 8.001 8.218 8.423 8.63 8.654 9.015 8.955 9.051 9.036 9.075 9.348 9.234 9.437 9.485 9.394 9.367 9.19 9.117 9.355 9.378 9.382 9.389 9.392 9.346 9.261 9.163
-9999 -9999 -9999 -9999 -9999 -9999 -9999 -9999 -9999 -9999 -9999 -9999 -9999 -9999 -9999 9.267 7.808 8.696 8.895 8.563 8.703 7.963 7.656 7.224 6.762 6.437 6.507 6.698 7.035 7.931 7.51 7.548 8.357 8.604 9.149 9.264 9.464 9.257 8.991 8.992 9.036 9.143 8.976 8.664 8.823 8.799 8.6 8.064 7.944 8.31 8.128 8.118 8.448 8.59 8.756 8.875 8.928 9.132 9.228 9.367 9.402 9.499 9.511 9.369 9.391 9.368 9.336 9.167 9.107 9.349 9.391 9.34 9.324 9.297 9.296 9.249 9.229
-9999 -9999 -9999 -9999 -9999 -9999 -9999 -9999 -9999 -9999 -9999 -9999 -9999 9.057 9.306 9.019 9.113 9.403 9.426 9.117 9.398 9.029 8.212 7.403 6.639 5.665 7.106 7.25 7.789 7.757 6.873 7.202 7.766 8.719 9.046 9.143 9.22 9.103 8.949 8.862 8.985 8.951 8.728 8.641 8.612 8.891 8.575 8.194 8.238 8.302 8.395 8.526 8.666 8.848 9.049 9.234 9.161 9.179 9.422 9.61 9.662 9.535 9.463 9.414 9.339 9.256 9.266 9.052 8.97 9.24 9.374 9.336 9.265 9.232 9.228 9.307 -9999
-9999 -9999 -9999 -9999 -9999 -9999 -9999 -9999 -9999 -9999 -9999 -9999 8.92 9.02 9.188 9.356 -9999 -9999 -9999 -9999 8.67 7.758 7.609 7.319 6.411 7.324 7.358 6.691 7.219 6.632 5.352 6.295 7.401 8.025 8.844 9.252 9.137 9.027 8.967 8.958 8.97 8.92 8.754 8.69 8.608 8.772 8.597 8.519 8.476 8.496 8.698 8.831 8.92 9.147 9.247 9.447 9.537 9.421 9.457 9.549 9.614 9.531 9.392 9.286 9.137 9.067 9.086 9.015 8.909 9.067 9.287 9.348 9.292 9.231 9.244 9.305 9.364
-9999 -9999 -9999 -9999 -9999 -9999 -9999 -9999 -9999 -9999 -9999 -9999 8.929 8.77 9.449 -9999 -9999 -9999 -9999 -9999 8.386 7.74 7.389 7.669 6.941 7.06 6.569 6.049 6.34 6.019 6.105 7.661 7.802 8.506 9.125 9.309 9.16 9.017 8.924 8.815 8.796 8.887 8.81 8.696 8.719 8.666 8.793 8.765 8.814 8.567 8.529 8.674 8.96 9.212 9.329 9.417 9.379 9.356 9.314 9.301 9.332 9.181 9.134 8.898 8.715 8.694 8.858 8.939 8.926 9.047 9.221 9.362 9.352 9.333 9.337 9.369 9.402
-9999 -9999 -9999 -9999 -9999 -9999 -9999 -9999 -9999 -9999 -9999 -9999 -9999 -9999 9.561 -9999 -9999 -9999 -9999 -9999 8.257 7.579 8.088 7.793 7.424 7.353 6.007 6.363 7.356 6.571 7.499 7.855 8.182 8.906 9.312 9.33 8.999 8.942 8.843 8.803 8.976 8.953 8.957 8.91 8.774 8.825 8.935 9.039 8.945 8.889 8.78 8.702 8.97 9.063 8.883 9.011 9.125 9.093 9.215 9.155 8.968 8.707 8.566 8.762 8.659 8.615 8.714 8.866 8.924 9.036 9.211 9.373 9.396 9.41 9.44 9.474 9.509
-9999 -9999 -9999 -9999 -9999 -9999 -9999 -9999 -9999 -9999 -9999 -9999 -9999 -9999 -9999 -9999 -9999 -9999 -9999 -9999 8.672 8.233 9.362 8.573 7.748 6.413 6.638 6.816 6.877 7.699 7.792 7.97 8.931 9.193 9.411 9.218 9.08 8.966 8.979 8.998 9.062 9.117 9.084 9.001 8.927 8.879 8.949 8.921 8.767 9.003 9.147 9.076 8.997 9.141 8.858 8.655 8.867 8.801 9.001 9.215 8.943 8.745 8.599 8.661 8.842 8.768 8.74 8.913 9.033 9.1 9.219 9.378 9.408 9.437 9.478 9.536 9.596
-9999 -9999 -9999 -9999 -9999 -9999 -9999 -9999 -9999 -9999 -9999 -9999 -9999 -9999 -9999 -9999 -9999 -9999 -9999 -9999 -9999 8.927 7.741 7.322 7.259 7.524 7.404 7.167 7.947 8.032 8.496 9.051 8.863 9.312 9.224 8.841 8.872 8.998 9.121 9.206 9.175 9.071 9.014 8.844 8.817 8.853 8.941 8.765 8.577 8.778 9.136 9.233 9.173 9.081 9.024 8.824 8.712 8.525 8.601 9.164 9.175 8.815 8.598 8.445 8.537 8.827 8.847 8.97 9.129 9.288 9.329 9.425 9.441 9.464 9.504 9.568 9.627
-9999 -9999 -9999 -9999 -9999 -9999 -9999 -9999 -9999 -9999 -9999 -9999 -9999 -9999 -9999 -9999 -9999 -9999 -9999 -9999 8.718 8.286 7.93 7.019 8.027 8.084 7.44 7.838 7.952 7.989 9.061 8.992 8.89 9.056 7.915 8.535 8.876 8.906 8.897 9.13 8.917 8.482 8.524 8.784 8.999 8.942 9.016 8.906 8.845 8.884 9.12 9.216 9.22 9.142 9.008 8.96 8.795 8.783 8.85 9.141 9.149 8.818 8.504 8.296 8.345 8.715 9.0 9.091 9.257 9.39 9.442 9.465 9.493 9.511 9.539 9.608 9.664
-9999 -9999 -9999 -9999 -9999 -9999 -9999 -9999 -9999 -9999 -9999 -9999 -9999 -9999 -9999 -9999 -9999 -9999 -9999 -9999 9.065 8.645 6.983 8.595 9.107 8.327 8.096 7.775 7.249 8.067 9.014 8.975 9.208 8.647 8.57 8.523 8.39 8.448 8.94 8.923 8.652 8.617 8.698 9.072 9.062 9.017 9.093 9.036 9.155 9.183 9.198 9.232 9.218 9.203 9.146 9.069 8.983 8.837 8.999 9.145 8.976 8.575 8.251 8.295 8.367 8.525 8.884 9.18 9.261 9.424 9.412 9.416 9.524 9.593 9.624 9.676 9.742
-9999 -9999 -9999 -9999 -9999 -9999 -9999 -9999 -9999 -9999 -9999 -9999 -9999 -9999 -9999 -9999 -9999 -9999 -9999 -9999 8.893 8.297 9.247 9.076 8.754 8.36 7.813 6.927 7.365 7.776 8.631 8.955 9.283 9.011 8.494 7.823 7.51 7.809 8.584 8.413 8.636 8.616 8.91 9.211 9.094 9.109 9.146 9.199 9.341 9.231 9.136 9.206 9.209 9.013 9.13 9.177 9.112 9.041 9.097 9.131 8.893 8.589 8.42 8.412 8.585 8.76 8.969 9.095 9.249 9.374 9.526 9.443 9.551 9.631 9.681 9.75 9.788
-9999 -9999 -9999 -9999 -9999 -9999 -9999 -9999 -9999 -9999 -9999 -9999 -9999 -9999 -9999 -9999 -9999 -9999 -9999 -9999 -9999 9.378 8.374 7.731 7.048 6.996 7.083 7.484 7.969 8.852 9.087 9.254 9.031 8.849 8.544 8.115 7.769 7.826 8.19 8.565 8.582 8.475 8.876 9.171 9.032 9.263 9.261 9.177 9.526 9.539 9.313 9.27 9.263 8.982 8.881 9.198 9.156 9.113 9.147 9.096 8.846 8.7 8.725 8.846 8.839 8.952 9.019 9.052 9.251 9.427 9.486 9.511 9.625 9.696 9.715 9.762 9.809
-9999 -9999 -9999 -9999 -9999 -9999 -9999 -9999 -9999 -9999 -9999 -9999 -9999 -9999 -9999 -9999 -9999 -9999 -9999 -9999 -9999 8.628 7.642 6.911 6.328 6.246 6.803 7.784 8.654 8.915 8.6 8.014 7.598 7.66 8.243 8.565 8.099 8.117 8.382 8.598 8.099 8.377 8.725 8.895 8.967 9.3 9.294 9.392 9.276 9.425 9.468 9.339 9.282 9.104 9.002 9.197 9.248 9.057 8.961 8.906 8.748 8.714 8.867 8.768 8.777 8.791 8.992 8.988 9.188 9.376 9.366 9.483 9.649 9.699 9.692 9.672 9.643
-9999 -9999 -9999 -9999 -9999 -9999 -9999 -9999 -9999 -9999 -9999 -9999 -9999 -9999 -9999 -9999 -9999 -9999 -9999 -9999 9.153 8.616 7.685 6.911 6.498 6.852 7.37 7.864 7.557 6.866 7.303 7.202 7.328 8.221 8.602 8.384 8.297 8.558 8.711 8.283 8.174 8.252 8.599 8.848 8.984 9.399 9.361 9.17 9.325 9.124 9.247 9.193 9.186 9.134 9.183 9.385 9.327 9.185 9.106 8.935 8.859 8.665 8.758 8.782 8.786 8.893 8.96 9.175 9.314 9.337 9.311 9.466 9.682 9.697 9.702 9.654 9.567
-9999 -9999 -9999 -9999 -9999 -9999 -9999 -9999 -9999 -9999 -9999 -9999 -9999 -9999 -9999 -9999 -9999 -9999 -9999 -9999 8.917 8.24 7.843 7.556 7.057 6.451 6.836 7.089 6.929 7.072 6.841 6.75 7.312 8.167 7.8 7.871 8.594 8.392 8.86 8.497 8.171 8.08 8.774 8.835 9.364 9.493 9.311 9.177 8.687 8.919 8.973 9.038 9.051 9.094 9.212 9.425 9.424 9.262 9.266 9.26 8.92 8.735 8.638 8.682 8.796 9.113 9.241 9.375 9.454 9.373 9.308 9.438 9.555 9.68 9.693 9.677 9.586
-9999 -9999 -9999 -9999 -9999 -9999 -9999 -9999 -9999 -9999 -9999 -9999 -9999 -9999 -9999 -9999 -9999 -9999 -9999 -9999 8.419 8.417 8.572 7.923 6.82 6.274 6.771 7.061 7.39 7.002 7.139 7.365 7.605 7.523 7.769 8.587 8.625 8.699 8.322 8.795 8.6 8.804 8.763 8.887 9.376 9.591 9.411 8.966 9.023 8.911 8.869 8.95 8.989 9.188 9.342 9.381 9.336 9.26 9.295 9.268 8.971 8.715 8.828 8.977 8.897 9.151 9.32 9.536 9.548 9.412 9.455 9.57 9.654 9.755 9.839 9.754 9.706
-9999 -9999 -9999 -9999 -9999 -9999 -9999 -9999 -9999 -9999 -9999 -9999 -9999 -9999 -9999 -9999 -9999 -9999 -9999 8.63 8.316 7.908 8.133 7.881 6.798 6.737 6.439 7.087 7.902 7.943 8.056 7.589 7.443 7.988 8.171 8.203 8.606 8.546 8.987 9.159 9.164 9.061 8.895 9.213 9.507 9.575 9.512 9.395 9.252 9.226 9.086 9.083 9.033 9.139 9.328 9.377 9.353 9.383 9.322 9.164 9.006 8.908 9.057 9.178 9.173 9.186 9.475 9.486 9.532 9.422 9.378 9.522 9.669 9.705 9.754 9.729 9.749
-9999 -9999 -9999 -9999 -9999 -9999 -9999 -9999 -9999 -9999 -9999 -9999 -9999 -9999 -9999 -9999 -9999 -9999 8.429 8.349 7.87 8.274 8.289 7.116 6.464 6.428 6.866 7.523 8.169 8.03 8.115 7.685 7.114 8.023 8.018 8.708 8.82 9.061 9.151 9.083 8.934 8.981 8.889 9.331 9.486 9.801 9.759 9.573 9.512 9.445 9.377 9.188 9.13 9.258 9.356 9.311 9.26 9.257 9.228 9.089 9.026 9.031 9.149 9.336 9.431 9.498 9.375 9.352 9.36 9.378 9.397 9.521 9.547 9.505 9.492 9.543 9.688
-9999 -9999 -9999 -9999 -9999 -9999 -9999 -9999 -9999 -9999 -9999 -9999 -9999 -9999 -9999 -9999 8.107 8.206 8.175 8.836 8.776 8.555 7.806 6.739 6.38 6.391 6.417 7.453 7.951 8.477 8.107 7.466 7.46 8.136 8.767 8.947 9.196 9.178 9.222 8.854 8.763 8.801 9.182 9.64 9.839 9.902 9.775 9.564 9.557 9.607 9.48 9.259 9.27 9.326 9.414 9.154 9.069 8.96 8.828 8.856 8.933 9.17 9.283 9.364 9.283 9.377 9.35 9.37 9.349 9.358 9.419 9.553 9.64 9.419 9.338 9.428 9.68
-9999 -9999 -9999 -9999 -9999 -9999 -9999 -9999 -9999 -9999 -9999 -9999 -9999 -9999 -9999 8.069 7.969 7.797 8.28 8.705 8.634 8.285 7.086 7.018 6.542 6.546 7.136 8.024 8.673 8.58 8.4 7.782 7.193 7.93 8.64 9.18 9.112 9.11 8.814 8.972 8.766 8.875 9.393 9.763 10.036 9.991 9.654 9.652 9.461 9.491 9.527 9.434 9.359 9.314 9.17 9.178 8.98 8.981 8.887 8.687 8.721 8.875 9.074 9.175 9.163 9.229 9.377 9.305 9.511 9.557 9.555 9.613 9.57 9.449 9.331 9.481 9.717
-9999 -9999 -9999 -9999 -9999 -9999 -9999 -9999 -9999 -9999 -9999 -9999 9.32 8.964 8.599 8.394 7.991 8.093 8.34 8.793 8.815 7.606 7.423 7.282 7.583 6.82 7.806 8.103 7.715 8.328 8.564 7.07 7.797 8.502 9.448 9.407 9.135 8.575 9.3 9.136 9.079 9.135 9.281 9.741 9.975 10.037 9.834 9.764 9.57 9.417 9.5 9.46 9.472 9.264 9.113 8.767 8.939 9.043 9.023 8.831 8.802 8.922 9.079 9.226 9.181 9.234 9.27 9.414 9.501 9.614 9.55 9.6 9.628 9.534 9.559 9.621 9.723
-9999 -9999 -9999 -9999 -9999 -9999 -9999 -9999 -9999 -9999 8.67 8.885 9.125 9.09 8.973 8.572 8.669 8.484 8.758 8.552 7.643 8.089 7.955 7.915 8.089 7.629 7.532 6.713 7.345 7.838 7.78 8.2 8.693 9.288 8.584 8.84 9.117 9.335 9.502 9.488 9.33 9.359 9.579 9.593 9.901 10.121 9.98 9.854 9.721 9.622 9.583 9.307 9.431 9.441 9.124 8.902 8.741 9.028 9.017 8.846 8.774 8.835 8.964 9.247 9.39 9.413 9.343 9.301 9.505 9.47 9.405 9.522 9.645 9.629 9.619 9.625 9.609
-9999 -9999 -9999 -9999 -9999 -9999 8.789 8.87 8.806 8.742 8.206 8.99 8.908 9.062 8.861 8.541 8.574 8.576 8.439 7.651 8.086 8.517 7.985 8.534 8.285 7.848 6.889 7.126 7.579 7.895 7.865 8.612 9.129 7.894 7.971 8.779 8.855 9.375 9.505 9.594 9.417 9.184 9.481 9.393 10.014 10.083 9.973 9.681 9.491 9.525 8.993 9.223 9.364 9.439 9.155 8.797 8.789 8.941 8.979 8.977 8.895 8.909 9.001 9.232 9.352 9.428 9.429 9.274 9.302 9.407 9.394 9.568 9.731 9.619 9.316 9.305 9.23
-9999 -9999 -9999 -9999 -9999 9.11 8.844 8.878 8.755 7.877 7.583 7.796 8.185 8.666 8.155 7.998 8.188 8.183 7.761 8.223 8.423 8.15 8.708 8.961 8.546 7.848 7.323 7.634 7.892 7.941 8.289 8.711 7.635 6.401 7.743 8.554 9.167 9.165 9.399 9.242 9.302 9.473 9.546 9.821 9.943 9.937 9.924 9.621 9.312 8.891 8.616 8.529 9.138 9.294 8.819 8.663 8.739 8.907 9.027 8.986 8.988 8.994 9.148 9.157 9.216 9.333 9.2 9.092 9.263 9.383 9.437 9.576 9.663 9.471 9.213 9.068 9.111
-9999 -9999 -9999 -9999 9.293 8.906 8.841 8.936 8.501 7.937 8.054 8.317 8.671 8.303 8.26 8.243 8.771 8.266 8.113 8.495 8.577 8.81 9.39 8.925 8.048 7.574 7.866 8.106 8.066 8.641 8.776 8.395 6.806 6.912 7.732 9.117 8.993 9.18 9.096 9.477 9.572 9.475 9.645 9.767 9.868 9.873 9.978 9.768 9.384 8.817 8.391 8.609 8.982 9.072 8.76 8.427 8.66 8.885 8.979 9.08 9.065 9.105 9.134 9.172 9.065 9.156 9.263 9.144 9.252 9.276 9.156 9.389 9.552 9.388 9.163 9.158 9.195
