Validation/Results/raw data/ReClimate_01_2024_1_Temperatureweatherlogisticsltd.asc
NCOLS 192
NROWS 249
XLLCENTER -225160.85627316462
YLLCENTER 29788.11610251502
CELLSIZE 5000.0
NODATA_VALUE -9999
[rows 136 to 169 of 249, columns 77 to 153 of 192]
-9999 -9999 -9999 -9999 -9999 -9999 -9999 -9999 0.925 -9999 0.933 0.935 0.925 0.913 0.903 0.89 0.892 0.893 0.904 0.915 0.904 0.889 0.888 0.887 0.879 0.87 0.882 0.896 -9999 -9999 -9999 -9999 -9999 -9999 0.853 0.846 0.841 0.835 0.83 0.817 0.808 0.801 0.792 0.783 0.775 0.767 0.754 0.74 0.724 0.707 0.703 0.7 0.697 0.695 0.688 0.667 0.625 -9999 -9999 -9999 -9999 -9999 -9999 -9999 -9999 -9999 -9999 -9999 -9999 -9999 -9999 -9999 -9999 -9999 -9999 -9999 -9999
-9999 -9999 -9999 -9999 -9999 -9999 -9999 -9999 0.919 0.927 0.93 0.931 0.921 0.912 0.907 0.905 0.904 0.894 0.899 0.904 0.894 0.885 0.886 0.888 0.882 0.875 0.878 0.865 -9999 -9999 -9999 -9999 0.848 0.855 0.85 0.842 0.838 0.834 0.826 0.811 0.807 0.809 0.8 0.79 0.781 0.767 0.756 0.743 0.735 0.723 0.702 0.688 0.682 0.677 0.673 0.67 0.626 -9999 -9999 -9999 -9999 -9999 -9999 -9999 -9999 -9999 -9999 -9999 -9999 -9999 -9999 -9999 -9999 -9999 -9999 -9999 -9999
0.88 -9999 -9999 -9999 -9999 -9999 -9999 -9999 0.916 0.921 0.924 -9999 -9999 0.907 0.907 0.905 0.899 -9999 0.889 0.894 0.887 0.878 0.881 0.883 0.878 0.872 -9999 -9999 -9999 -9999 -9999 0.837 0.841 0.849 0.842 0.835 0.833 0.827 0.816 0.803 0.803 0.806 0.797 0.788 0.776 0.763 0.752 0.74 0.733 0.725 0.706 0.682 0.676 0.668 0.664 0.66 0.631 -9999 -9999 -9999 -9999 -9999 -9999 -9999 -9999 -9999 -9999 -9999 -9999 -9999 -9999 -9999 -9999 -9999 -9999 -9999 -9999
0.882 -9999 -9999 -9999 -9999 -9999 -9999 -9999 -9999 0.901 0.892 -9999 -9999 -9999 0.881 0.888 0.881 0.871 -9999 -9999 0.88 0.875 0.87 0.858 0.855 -9999 -9999 -9999 -9999 -9999 0.827 0.826 0.83 0.83 0.829 0.839 0.835 0.821 0.805 0.781 0.782 0.791 0.781 0.769 0.762 0.764 0.756 0.748 0.736 0.725 0.71 0.69 0.678 0.667 0.67 0.67 0.646 -9999 -9999 -9999 -9999 -9999 -9999 -9999 -9999 -9999 -9999 -9999 -9999 -9999 -9999 -9999 -9999 -9999 -9999 -9999 -9999
-9999 -9999 -9999 -9999 -9999 -9999 -9999 -9999 -9999 -9999 0.873 -9999 -9999 -9999 -9999 0.876 0.869 0.86 -9999 -9999 -9999 0.854 0.849 -9999 -9999 -9999 -9999 -9999 -9999 -9999 0.817 0.819 0.819 0.818 0.826 0.835 0.828 0.813 0.791 0.767 0.772 0.781 0.769 0.757 0.758 0.761 0.754 0.747 0.735 0.722 0.707 0.69 0.679 0.665 0.667 0.67 0.647 -9999 -9999 -9999 -9999 -9999 -9999 -9999 -9999 -9999 -9999 -9999 -9999 -9999 -9999 -9999 -9999 -9999 -9999 -9999 -9999
-9999 -9999 -9999 -9999 -9999 -9999 -9999 -9999 -9999 -9999 0.878 -9999 -9999 -9999 -9999 -9999 0.858 0.853 -9999 -9999 -9999 -9999 -9999 -9999 -9999 -9999 -9999 -9999 -9999 -9999 0.809 0.822 0.825 0.832 0.836 0.834 0.828 0.813 0.792 0.771 0.771 0.765 0.761 0.77 0.772 0.776 0.764 0.736 0.731 0.721 0.702 0.683 0.669 0.654 0.651 0.65 0.634 0.613 -9999 -9999 -9999 -9999 -9999 -9999 -9999 -9999 -9999 -9999 -9999 -9999 -9999 -9999 -9999 -9999 -9999 -9999 -9999
0.899 0.879 0.879 -9999 -9999 -9999 -9999 -9999 -9999 -9999 0.872 -9999 -9999 -9999 -9999 -9999 -9999 -9999 -9999 -9999 -9999 -9999 -9999 -9999 -9999 -9999 -9999 -9999 -9999 0.8 0.808 0.818 0.825 0.833 0.832 0.83 0.823 0.808 0.788 0.768 0.761 0.754 0.761 0.77 0.773 0.778 0.755 0.728 0.723 0.717 0.699 0.676 0.663 0.647 0.643 0.64 0.624 0.605 0.59 -9999 -9999 -9999 -9999 -9999 -9999 -9999 -9999 -9999 -9999 -9999 -9999 -9999 -9999 -9999 -9999 -9999 -9999
0.897 0.874 0.877 -9999 -9999 -9999 -9999 -9999 -9999 -9999 -9999 -9999 -9999 -9999 -9999 -9999 -9999 -9999 -9999 -9999 -9999 -9999 -9999 -9999 -9999 -9999 -9999 -9999 0.784 0.783 0.789 0.794 0.802 0.816 0.814 0.813 0.806 0.793 0.778 0.773 0.76 0.736 0.743 0.76 0.757 0.744 0.726 0.714 0.717 0.736 0.708 0.681 0.663 0.644 0.622 0.607 0.609 0.601 0.574 -9999 -9999 -9999 -9999 -9999 -9999 -9999 -9999 -9999 -9999 -9999 -9999 -9999 -9999 -9999 -9999 -9999 -9999
0.891 -9999 0.874 0.872 -9999 -9999 -9999 -9999 -9999 -9999 -9999 -9999 -9999 -9999 -9999 -9999 -9999 -9999 -9999 -9999 -9999 -9999 -9999 -9999 -9999 -9999 -9999 -9999 0.785 0.773 0.778 0.783 0.794 0.806 0.804 0.802 0.796 0.783 0.776 0.771 0.749 0.725 0.736 0.751 0.74 0.727 0.717 0.705 0.719 0.737 0.711 0.678 0.661 0.64 0.619 0.594 0.594 0.597 0.571 0.542 0.547 -9999 -9999 -9999 -9999 -9999 -9999 -9999 -9999 -9999 -9999 -9999 -9999 -9999 -9999 -9999 -9999
0.882 -9999 -9999 0.866 -9999 -9999 -9999 -9999 -9999 -9999 -9999 -9999 -9999 -9999 -9999 -9999 -9999 -9999 -9999 -9999 -9999 -9999 -9999 -9999 -9999 -9999 -9999 -9999 0.798 0.79 0.8 0.816 0.819 0.804 0.798 0.784 0.778 0.77 0.765 0.766 0.749 0.738 0.742 0.737 0.726 0.718 0.71 0.704 0.695 0.698 0.698 0.68 0.678 0.666 0.653 0.635 0.621 0.617 0.607 0.59 0.568 0.549 0.545 0.552 -9999 -9999 -9999 -9999 -9999 -9999 -9999 -9999 -9999 -9999 -9999 -9999 -9999
0.884 0.885 -9999 0.858 -9999 -9999 -9999 -9999 -9999 -9999 -9999 -9999 -9999 -9999 -9999 -9999 -9999 -9999 -9999 -9999 -9999 -9999 -9999 -9999 -9999 -9999 -9999 0.788 0.792 0.794 0.808 0.824 0.812 0.799 0.787 0.773 0.77 0.762 0.76 0.761 0.75 0.739 0.733 0.727 0.719 0.711 0.706 0.7 0.691 0.681 0.679 0.678 0.675 0.672 0.66 0.646 0.635 0.622 0.614 0.606 0.586 0.563 0.548 0.538 0.544 0.553 -9999 -9999 -9999 -9999 -9999 -9999 -9999 -9999 -9999 -9999 -9999
0.884 -9999 0.869 -9999 -9999 -9999 -9999 -9999 -9999 -9999 -9999 -9999 -9999 -9999 -9999 -9999 -9999 -9999 -9999 -9999 -9999 -9999 -9999 -9999 -9999 -9999 -9999 -9999 0.782 0.786 0.795 0.797 0.8 0.828 0.809 0.768 0.767 0.762 0.758 0.754 0.742 0.727 0.72 0.711 0.707 0.71 0.711 0.72 0.714 0.706 0.687 0.675 0.676 0.676 0.662 0.648 0.63 0.614 0.603 0.593 0.596 0.588 0.562 0.541 0.536 0.541 0.545 -9999 -9999 -9999 -9999 -9999 -9999 -9999 -9999 -9999 -9999
0.874 0.871 0.855 -9999 -9999 -9999 -9999 -9999 -9999 -9999 -9999 -9999 -9999 -9999 -9999 -9999 -9999 -9999 -9999 -9999 -9999 -9999 -9999 -9999 -9999 -9999 -9999 -9999 -9999 0.773 0.778 0.782 0.806 0.834 0.802 0.763 0.763 0.758 0.752 0.748 0.734 0.72 0.711 0.702 0.704 0.707 0.714 0.724 0.718 0.711 0.693 0.671 0.672 0.674 0.661 0.646 0.631 0.613 0.603 0.591 0.594 0.6 0.576 0.546 0.541 0.537 0.539 0.527 -9999 -9999 -9999 -9999 -9999 -9999 -9999 -9999 -9999
0.865 0.853 -9999 -9999 -9999 -9999 -9999 -9999 -9999 -9999 -9999 -9999 -9999 -9999 -9999 -9999 -9999 -9999 -9999 -9999 -9999 -9999 -9999 -9999 -9999 -9999 -9999 -9999 -9999 0.754 0.755 0.762 0.785 0.807 0.777 0.743 0.742 0.736 0.734 0.745 0.733 0.723 0.715 0.709 0.714 0.725 0.725 0.713 0.707 0.699 0.687 0.668 0.67 0.672 0.666 0.658 0.639 0.62 0.608 0.596 0.587 0.585 0.577 0.558 0.552 0.548 0.539 0.536 0.508 -9999 -9999 -9999 -9999 -9999 -9999 -9999 -9999
0.849 0.834 -9999 -9999 -9999 -9999 -9999 -9999 -9999 -9999 -9999 -9999 -9999 -9999 -9999 -9999 -9999 -9999 -9999 -9999 -9999 -9999 -9999 -9999 -9999 -9999 -9999 -9999 -9999 -9999 0.738 0.746 0.767 0.79 0.764 0.732 0.731 0.724 0.73 0.741 0.731 0.721 0.715 0.709 0.717 0.729 0.718 0.705 0.699 0.692 0.68 0.665 0.667 0.671 0.667 0.663 0.646 0.625 0.614 0.6 0.593 0.584 0.576 0.567 0.562 0.558 0.549 0.54 0.517 -9999 -9999 -9999 -9999 -9999 -9999 -9999 -9999
-9999 -9999 -9999 -9999 -9999 -9999 -9999 -9999 -9999 -9999 -9999 -9999 -9999 -9999 -9999 -9999 -9999 -9999 -9999 -9999 -9999 -9999 -9999 -9999 -9999 -9999 -9999 -9999 -9999 -9999 0.728 0.733 0.747 0.745 0.738 0.759 0.754 0.728 0.73 0.725 0.715 0.704 0.703 0.712 0.718 0.72 0.709 0.697 0.692 0.686 0.678 0.667 0.67 0.675 0.657 0.644 0.649 0.642 0.625 0.609 0.605 0.599 0.584 0.573 0.563 0.557 0.564 0.565 0.54 0.507 -9999 -9999 -9999 -9999 -9999 -9999 -9999
-9999 -9999 -9999 -9999 -9999 -9999 -9999 -9999 -9999 -9999 -9999 -9999 -9999 -9999 -9999 -9999 -9999 -9999 -9999 -9999 -9999 -9999 -9999 -9999 -9999 -9999 -9999 -9999 -9999 -9999 -9999 0.721 0.721 0.72 0.741 0.763 0.751 0.728 0.721 0.716 0.706 0.695 0.702 0.711 0.712 0.713 0.703 0.691 0.686 0.682 0.676 0.669 0.673 0.678 0.661 0.639 0.644 0.65 0.634 0.615 0.611 0.607 0.595 0.579 0.57 0.561 0.568 0.579 0.556 0.528 -9999 -9999 -9999 -9999 -9999 -9999 -9999
-9999 -9999 -9999 -9999 -9999 -9999 -9999 -9999 -9999 -9999 -9999 -9999 -9999 -9999 -9999 -9999 -9999 -9999 -9999 -9999 -9999 -9999 -9999 -9999 -9999 -9999 -9999 -9999 -9999 -9999 -9999 0.705 -9999 0.725 0.743 0.756 0.747 -9999 0.728 0.726 0.712 0.687 0.692 0.699 0.7 0.702 0.691 0.678 0.678 0.678 0.68 0.679 0.683 0.688 0.671 0.649 0.634 0.628 0.629 0.618 0.61 0.603 0.599 0.589 0.589 0.585 0.58 0.583 0.574 0.555 0.542 -9999 -9999 -9999 -9999 -9999 -9999
-9999 -9999 -9999 -9999 -9999 -9999 -9999 -9999 -9999 -9999 -9999 -9999 -9999 -9999 -9999 -9999 -9999 -9999 -9999 -9999 -9999 -9999 -9999 -9999 -9999 -9999 -9999 -9999 -9999 -9999 -9999 -9999 0.7 0.719 -9999 -9999 -9999 -9999 0.728 0.728 0.706 0.683 0.686 0.692 0.693 0.696 0.684 0.672 0.673 0.677 0.68 0.684 0.689 0.694 0.678 0.656 0.643 0.626 0.625 0.625 0.617 0.607 0.603 0.598 0.598 0.599 0.595 0.59 0.581 0.57 0.558 0.543 0.527 -9999 -9999 -9999 -9999
-9999 -9999 -9999 -9999 -9999 -9999 -9999 -9999 -9999 -9999 -9999 -9999 -9999 -9999 -9999 -9999 -9999 -9999 -9999 -9999 -9999 -9999 -9999 -9999 -9999 -9999 -9999 -9999 -9999 -9999 -9999 -9999 0.688 0.695 -9999 -9999 -9999 -9999 0.72 0.713 0.698 0.695 0.694 0.687 0.686 0.683 0.674 0.671 0.685 0.696 0.691 0.69 0.693 0.697 0.689 0.673 0.656 0.637 0.633 0.631 0.635 0.633 0.623 0.616 0.615 0.615 0.613 0.609 0.607 0.602 0.582 0.563 0.55 -9999 -9999 -9999 -9999
-9999 -9999 -9999 -9999 -9999 -9999 -9999 -9999 -9999 -9999 -9999 -9999 -9999 -9999 -9999 -9999 -9999 -9999 -9999 -9999 -9999 -9999 -9999 -9999 -9999 -9999 -9999 -9999 -9999 -9999 -9999 -9999 0.683 -9999 -9999 -9999 -9999 0.707 0.709 0.708 0.703 0.7 0.693 0.685 0.682 0.68 0.678 0.676 0.69 0.706 0.702 0.696 0.699 0.701 0.694 0.683 0.667 0.646 0.642 0.638 0.642 0.648 0.639 0.629 0.628 0.628 0.626 0.624 0.622 0.62 0.601 0.58 -9999 -9999 -9999 -9999 -9999
-9999 -9999 -9999 -9999 -9999 -9999 -9999 -9999 -9999 -9999 -9999 -9999 -9999 -9999 -9999 -9999 -9999 -9999 -9999 -9999 -9999 -9999 -9999 -9999 -9999 -9999 -9999 -9999 -9999 -9999 -9999 -9999 -9999 -9999 -9999 -9999 -9999 0.707 0.713 0.716 0.712 0.704 0.698 0.694 0.692 0.691 0.691 0.69 0.702 0.713 0.709 0.703 0.708 0.712 0.703 0.692 0.663 0.634 0.645 0.649 0.641 0.638 0.644 0.642 0.634 0.63 0.633 0.633 0.615 0.602 0.607 0.598 -9999 -9999 -9999 -9999 -9999
-9999 -9999 -9999 -9999 -9999 -9999 -9999 -9999 -9999 -9999 -9999 -9999 -9999 -9999 -9999 -9999 -9999 -9999 -9999 -9999 -9999 -9999 -9999 -9999 -9999 -9999 -9999 -9999 -9999 -9999 -9999 -9999 -9999 -9999 -9999 -9999 -9999 0.704 0.714 0.72 0.714 0.707 0.703 0.701 0.7 0.701 0.701 0.7 0.709 0.72 0.716 0.71 0.714 0.719 0.711 0.699 0.671 0.636 0.645 0.658 0.65 0.641 0.646 0.653 0.646 0.638 0.64 0.643 0.626 0.605 0.608 0.613 -9999 -9999 -9999 -9999 -9999
-9999 -9999 -9999 -9999 -9999 -9999 -9999 -9999 -9999 -9999 -9999 -9999 -9999 -9999 -9999 -9999 -9999 -9999 -9999 -9999 -9999 -9999 -9999 -9999 -9999 -9999 -9999 -9999 -9999 -9999 -9999 -9999 -9999 -9999 -9999 -9999 0.696 0.703 0.714 0.726 0.72 0.71 0.704 0.694 0.693 0.692 0.698 0.718 0.713 0.716 0.719 0.717 0.72 0.724 0.709 0.694 0.685 0.663 0.666 0.676 0.658 0.643 0.652 0.662 0.655 0.647 0.646 0.648 0.657 0.652 0.635 0.627 0.619 -9999 -9999 -9999 -9999
-9999 -9999 -9999 -9999 -9999 -9999 -9999 -9999 -9999 -9999 -9999 -9999 -9999 -9999 -9999 -9999 -9999 -9999 -9999 -9999 -9999 -9999 -9999 -9999 -9999 -9999 -9999 -9999 -9999 -9999 -9999 -9999 -9999 -9999 -9999 -9999 0.695 0.701 0.715 0.726 0.722 0.715 0.705 0.695 0.694 0.692 0.709 0.728 0.724 0.718 0.721 0.723 0.726 0.729 0.716 0.698 0.688 0.677 0.681 0.687 0.67 0.649 0.658 0.67 0.664 0.657 0.657 0.657 0.665 0.676 0.661 0.643 0.634 -9999 -9999 -9999 -9999
-9999 -9999 -9999 -9999 -9999 -9999 -9999 -9999 -9999 -9999 -9999 -9999 -9999 -9999 -9999 -9999 -9999 -9999 -9999 -9999 -9999 -9999 -9999 -9999 -9999 -9999 -9999 -9999 -9999 -9999 -9999 -9999 -9999 -9999 -9999 0.691 0.694 0.69 0.705 0.725 0.725 0.722 0.717 0.714 0.717 0.727 0.733 0.721 0.73 0.732 0.737 0.741 0.727 0.719 0.717 0.706 0.7 0.691 0.682 0.68 0.681 0.672 0.675 0.684 0.672 0.662 0.665 0.667 0.665 0.669 0.662 0.649 0.646 0.639 -9999 -9999 -9999
-9999 -9999 -9999 -9999 -9999 -9999 -9999 -9999 -9999 -9999 -9999 -9999 -9999 -9999 -9999 -9999 -9999 -9999 -9999 -9999 -9999 -9999 -9999 -9999 -9999 -9999 -9999 -9999 -9999 -9999 -9999 -9999 -9999 -9999 -9999 0.691 0.689 0.686 0.704 0.724 0.728 0.728 0.727 0.725 0.733 0.744 0.734 0.721 0.73 0.74 0.745 0.75 0.737 0.72 0.717 0.713 0.708 0.702 0.693 0.683 0.684 0.686 0.689 0.694 0.684 0.67 0.673 0.677 0.676 0.673 0.667 0.659 0.657 0.654 -9999 -9999 -9999
-9999 -9999 -9999 -9999 -9999 -9999 -9999 -9999 -9999 -9999 -9999 -9999 -9999 -9999 -9999 -9999 -9999 -9999 -9999 -9999 -9999 -9999 -9999 -9999 -9999 -9999 -9999 -9999 -9999 -9999 -9999 -9999 -9999 -9999 -9999 0.678 0.681 0.693 0.712 0.731 0.733 0.725 0.728 0.733 0.737 0.733 0.728 0.732 0.743 0.755 0.748 0.746 0.747 0.739 0.738 0.737 0.724 0.714 0.711 0.704 0.701 0.702 0.7 0.702 0.705 0.7 0.688 0.683 0.677 0.672 0.668 0.661 0.663 0.664 0.654 -9999 -9999
-9999 -9999 -9999 -9999 -9999 -9999 -9999 -9999 -9999 -9999 -9999 -9999 -9999 -9999 -9999 -9999 -9999 -9999 -9999 -9999 -9999 -9999 -9999 -9999 -9999 -9999 -9999 -9999 -9999 -9999 -9999 -9999 -9999 -9999 -9999 -9999 0.687 0.697 0.714 0.733 0.73 0.724 0.734 0.74 0.736 0.732 0.735 0.74 0.75 0.762 0.756 0.748 0.748 0.749 0.749 0.749 0.737 0.722 0.72 0.717 0.715 0.713 0.712 0.711 0.713 0.716 0.706 0.692 0.686 -9999 0.675 -9999 0.671 0.678 0.669 0.666 -9999
-9999 -9999 -9999 -9999 -9999 -9999 -9999 -9999 -9999 -9999 -9999 -9999 -9999 -9999 -9999 -9999 -9999 -9999 -9999 -9999 -9999 -9999 -9999 -9999 -9999 -9999 -9999 -9999 -9999 -9999 -9999 -9999 -9999 -9999 -9999 0.687 0.695 0.697 0.714 0.735 0.734 0.734 0.745 0.755 0.748 0.73 0.736 0.75 0.759 0.765 0.758 0.749 0.755 0.758 0.763 0.767 0.762 0.752 0.732 0.718 0.715 0.712 0.723 0.73 0.722 0.718 0.707 0.693 0.696 0.694 0.68 0.669 -9999 0.685 0.673 0.68 0.68
-9999 -9999 -9999 -9999 -9999 -9999 -9999 -9999 -9999 -9999 -9999 -9999 -9999 -9999 -9999 -9999 -9999 -9999 -9999 -9999 -9999 -9999 -9999 -9999 -9999 -9999 -9999 -9999 -9999 -9999 -9999 -9999 -9999 -9999 -9999 0.695 0.698 0.698 0.715 0.735 0.736 0.737 0.75 0.763 0.751 0.733 0.744 0.757 0.762 0.768 0.762 0.753 0.758 0.765 0.77 0.776 0.772 0.766 0.748 0.724 0.721 0.717 0.728 0.742 0.735 0.725 0.714 0.7 0.703 0.708 0.695 0.679 0.686 -9999 -9999 -9999 -9999
-9999 -9999 -9999 -9999 -9999 -9999 -9999 -9999 -9999 -9999 -9999 -9999 -9999 -9999 -9999 -9999 -9999 -9999 -9999 -9999 -9999 -9999 -9999 -9999 -9999 -9999 -9999 -9999 -9999 -9999 -9999 -9999 -9999 -9999 0.686 0.683 0.691 0.713 0.728 0.736 0.74 0.747 0.757 0.758 0.751 0.74 0.75 0.759 0.776 0.79 0.787 0.781 0.773 0.773 0.776 0.781 0.775 0.769 0.767 0.754 0.752 0.75 0.75 0.758 0.754 0.747 0.736 0.723 0.717 0.717 0.704 0.688 0.703 0.717 0.719 -9999 -9999
-9999 -9999 -9999 -9999 -9999 -9999 -9999 -9999 -9999 -9999 -9999 -9999 -9999 -9999 -9999 -9999 -9999 -9999 -9999 -9999 -9999 -9999 -9999 -9999 -9999 -9999 -9999 -9999 -9999 -9999 -9999 -9999 -9999 -9999 0.669 0.677 0.697 0.719 0.727 0.736 0.745 0.752 0.755 0.756 0.753 0.746 0.753 0.762 0.779 0.8 0.797 0.793 0.787 0.778 0.782 0.786 0.781 0.773 0.771 0.769 0.768 0.767 0.768 0.769 0.766 0.762 0.752 0.74 0.736 0.731 0.719 0.704 0.719 0.739 0.739 0.737 -9999
-9999 -9999 -9999 -9999 -9999 -9999 -9999 -9999 -9999 -9999 -9999 -9999 -9999 -9999 -9999 -9999 -9999 -9999 -9999 -9999 -9999 -9999 -9999 -9999 -9999 -9999 -9999 -9999 -9999 -9999 -9999 -9999 -9999 -9999 -9999 0.697 0.709 0.704 0.713 0.726 0.739 0.762 0.765 0.762 0.76 0.754 0.757 0.75 0.768 0.794 0.801 0.804 0.787 0.773 0.78 0.787 0.778 0.769 0.771 0.77 0.777 0.781 0.779 0.779 0.766 0.756 0.756 0.75 0.744 0.737 0.743 0.74 0.741 0.753 0.766 0.774 0.755
