Validation/Results/raw data/ReClimate_11_2023_2_Temperature.asc
NCOLS 192
NROWS 249
XLLCENTER -225160.85627316462
YLLCENTER 29788.11610251502
CELLSIZE 5000.0
NODATA_VALUE -9999
[rows 204 to 237 of 249, columns 77 to 153 of 192]
-9999 -9999 -0.015 -9999 -0.009 -0.002 0.011 0.024 0.017 0.006 0.012 0.024 0.039 0.052 0.06 0.065 0.081 0.098 0.105 0.11 0.126 0.142 0.136 0.128 0.134 0.14 0.155 0.172 0.173 0.174 0.201 0.231 0.247 0.264 0.26 0.254 0.27 0.288 0.295 0.3 0.306 0.309 0.299 0.284 0.298 0.315 0.308 0.3 0.304 0.309 0.307 0.305 0.303 0.299 0.301 0.304 0.298 0.29 0.297 0.307 0.312 0.319 0.31 0.3 0.3 0.303 0.288 0.271 0.278 0.29 0.284 0.28 0.287 0.299 0.297 0.298 0.299
-9999 -9999 -9999 -9999 -9999 -9999 0.008 0.023 0.016 0.009 0.011 0.015 0.033 0.058 0.065 0.069 0.081 0.093 0.104 0.126 0.135 0.13 0.127 0.129 0.139 0.156 0.171 0.184 0.189 0.199 0.212 0.2 0.224 0.274 0.264 0.237 0.251 0.267 0.276 0.295 0.3 0.308 0.301 0.294 0.303 0.306 0.303 0.308 0.309 0.304 0.304 0.302 0.302 0.299 0.288 0.283 0.29 0.29 0.291 0.297 0.289 0.287 0.289 0.285 0.297 0.306 0.301 0.291 0.285 0.289 0.291 0.292 0.29 0.295 0.291 0.289 0.294
-9999 -9999 -9999 -9999 -9999 -9999 0.013 0.026 0.021 0.014 0.013 0.016 0.04 0.064 0.07 0.074 0.084 0.094 0.114 0.134 0.132 0.127 0.13 0.132 0.148 0.165 0.178 0.192 0.201 0.211 0.202 0.19 0.231 0.279 0.259 0.234 0.247 0.261 0.277 0.294 0.301 0.309 0.306 0.3 0.303 0.306 0.31 0.315 0.311 0.306 0.306 0.304 0.303 0.301 0.291 0.279 0.285 0.294 0.295 0.297 0.288 0.278 0.279 0.282 0.293 0.309 0.305 0.301 0.295 0.291 0.293 0.298 0.296 0.295 0.291 0.288 0.292
-9999 -9999 -9999 -9999 0.013 0.018 0.023 0.013 -9999 0.035 0.032 0.029 0.054 0.081 0.091 -9999 0.116 0.118 0.132 0.14 0.136 0.128 0.129 0.126 0.141 0.156 0.168 0.181 0.192 0.209 0.202 0.196 0.229 0.255 0.243 0.244 0.255 0.262 0.275 0.285 0.288 0.285 0.284 0.29 0.296 0.309 0.313 0.319 0.313 0.307 0.309 0.308 0.297 0.289 0.296 0.294 0.29 0.292 0.287 0.285 0.297 0.298 0.286 0.281 0.276 0.281 0.291 0.296 0.289 0.284 0.286 0.291 0.29 0.29 0.29 0.289 0.276
-9999 -9999 -9999 -9999 0.013 -9999 -9999 -9999 0.029 0.047 0.041 -9999 -9999 -9999 -9999 -9999 0.127 0.13 0.138 0.145 0.139 0.131 0.13 0.127 0.14 0.155 0.167 0.179 0.193 0.21 0.206 0.201 0.222 0.247 0.25 0.251 0.258 0.264 0.274 0.283 0.281 0.277 0.283 0.288 0.3 0.313 0.318 0.323 0.318 0.311 0.311 0.311 0.301 0.288 0.294 0.303 0.299 0.295 0.289 0.283 0.293 0.308 0.297 0.284 0.278 0.273 0.282 0.296 0.289 0.283 0.285 0.291 0.289 0.29 0.29 0.292 0.279
-9999 -9999 -9999 -9999 -9999 -9999 0.041 0.04 0.05 0.049 0.043 -9999 -9999 -9999 -9999 -9999 -9999 -9999 -9999 0.148 0.146 0.151 0.154 0.162 0.176 0.185 0.195 0.196 0.206 0.211 0.214 0.225 0.242 0.251 0.251 0.244 0.255 0.275 0.284 0.294 0.291 0.282 0.286 0.285 0.293 0.296 0.301 0.308 0.304 0.296 0.299 0.298 0.301 0.297 0.29 0.291 0.288 0.283 0.292 0.294 0.295 0.305 0.297 0.287 0.276 0.268 0.269 0.276 0.276 0.273 0.268 0.269 0.278 0.284 0.278 0.275 0.274
-9999 -9999 -9999 -9999 -9999 -9999 -9999 0.052 -9999 -9999 -9999 -9999 -9999 -9999 -9999 -9999 -9999 0.135 0.144 0.152 0.157 0.162 0.17 0.179 0.189 0.199 0.202 0.204 0.209 0.214 0.226 0.237 0.246 0.254 0.25 0.244 0.261 0.281 0.291 0.3 -9999 0.287 0.287 0.287 0.29 0.292 0.299 0.306 0.301 0.294 0.295 0.296 0.298 0.303 0.296 0.289 0.285 0.282 0.289 0.3 0.302 0.306 0.298 0.29 0.28 0.269 0.269 0.272 0.271 0.272 0.267 0.264 0.271 0.284 0.277 0.271 0.27
-9999 -9999 -9999 -9999 -9999 -9999 -9999 -9999 -9999 -9999 -9999 -9999 -9999 -9999 -9999 -9999 -9999 0.143 0.156 0.176 0.179 -9999 -9999 -9999 0.186 0.192 0.193 0.19 0.196 0.204 0.214 0.226 0.228 0.217 0.221 0.244 0.256 0.259 0.271 -9999 0.286 0.286 0.285 0.281 0.285 0.293 0.3 0.311 0.309 0.306 0.298 0.295 0.293 0.294 0.299 0.298 0.293 0.289 0.286 0.29 0.29 0.293 0.287 0.278 0.291 0.294 0.281 0.276 0.275 0.277 0.273 0.271 0.253 0.248 0.259 0.263 0.258
-9999 -9999 -9999 -9999 -9999 -9999 -9999 -9999 -9999 -9999 -9999 -9999 -9999 -9999 -9999 -9999 -9999 -9999 -9999 -9999 -9999 -9999 -9999 -9999 0.184 0.191 0.19 0.188 0.195 0.202 0.213 0.225 0.217 0.205 0.225 0.247 0.25 -9999 -9999 0.288 0.289 0.288 0.285 0.281 0.288 0.296 0.306 0.317 0.315 0.312 0.305 0.297 0.295 0.294 0.298 0.304 0.298 0.293 0.291 0.289 0.289 0.291 0.284 0.277 0.288 0.305 0.293 0.28 0.279 0.281 0.277 0.276 0.258 0.239 0.248 0.262 0.257
-9999 -9999 -9999 -9999 -9999 -9999 -9999 -9999 -9999 -9999 -9999 -9999 -9999 -9999 -9999 -9999 -9999 -9999 -9999 -9999 -9999 -9999 -9999 -9999 0.184 0.189 0.191 0.195 0.2 0.204 0.211 0.213 0.209 0.213 -9999 -9999 -9999 -9999 -9999 0.272 0.277 0.294 0.291 0.284 0.294 0.312 0.319 0.318 0.313 0.306 0.301 0.294 0.291 0.289 0.28 0.277 0.284 0.285 0.295 0.301 0.286 0.278 0.274 0.267 0.269 0.278 0.28 0.275 0.264 0.259 0.271 0.278 0.254 0.23 0.236 0.248 0.242
-9999 -9999 -9999 -9999 -9999 -9999 -9999 -9999 -9999 -9999 -9999 -9999 -9999 -9999 -9999 -9999 -9999 -9999 -9999 -9999 -9999 -9999 -9999 -9999 -9999 -9999 0.192 0.201 0.204 0.208 0.21 0.211 0.218 -9999 -9999 -9999 -9999 0.261 0.266 0.268 0.282 0.299 0.294 0.288 0.304 0.322 0.322 0.318 0.313 0.305 0.301 0.296 0.292 0.29 0.281 0.27 0.276 0.284 0.294 0.308 0.293 0.276 0.272 0.267 0.268 0.271 0.272 0.276 0.265 0.255 0.265 0.281 0.258 0.231 0.236 0.246 0.239
-9999 -9999 -9999 -9999 -9999 -9999 -9999 -9999 -9999 -9999 -9999 -9999 -9999 -9999 -9999 -9999 -9999 -9999 -9999 -9999 -9999 -9999 -9999 -9999 -9999 -9999 -9999 0.191 0.197 0.207 0.213 0.223 -9999 -9999 -9999 -9999 0.246 0.262 0.267 0.277 0.287 0.289 0.286 0.284 0.299 0.317 0.312 0.299 0.296 0.3 0.295 0.29 0.291 0.291 0.291 0.287 0.279 0.279 0.278 0.284 0.288 0.282 0.286 0.287 0.275 0.27 0.277 0.284 0.272 0.261 0.25 0.252 0.258 0.248 0.232 0.228 0.236
-9999 -9999 -9999 -9999 -9999 -9999 -9999 -9999 -9999 -9999 -9999 -9999 -9999 -9999 -9999 -9999 -9999 -9999 -9999 -9999 -9999 -9999 -9999 -9999 -9999 -9999 -9999 -9999 -9999 -9999 -9999 -9999 -9999 -9999 -9999 0.23 0.245 0.265 0.274 0.284 0.286 0.288 0.287 0.285 0.3 0.315 0.305 0.293 0.296 0.3 0.295 0.29 0.291 0.293 0.293 0.295 0.288 0.279 0.278 0.278 0.281 0.287 0.29 0.296 0.285 0.273 0.279 0.29 0.278 0.266 0.255 0.245 0.249 0.257 0.242 0.226 0.232
-9999 -9999 -9999 -9999 -9999 -9999 -9999 -9999 -9999 -9999 -9999 -9999 -9999 -9999 -9999 -9999 -9999 -9999 -9999 -9999 -9999 -9999 -9999 -9999 -9999 -9999 -9999 -9999 -9999 -9999 -9999 -9999 -9999 -9999 0.247 0.245 0.263 0.284 0.289 0.284 0.286 0.287 0.29 0.301 0.307 0.3 0.296 0.302 0.303 0.297 0.292 0.287 0.285 0.285 0.289 0.292 0.287 0.28 0.284 0.287 0.286 0.29 0.283 0.281 0.279 0.272 0.275 0.283 0.259 0.238 0.236 0.229 0.245 0.259 0.262 0.257 0.248
-9999 -9999 -9999 -9999 -9999 -9999 -9999 -9999 -9999 -9999 -9999 -9999 -9999 -9999 -9999 -9999 -9999 -9999 -9999 -9999 -9999 -9999 -9999 -9999 -9999 -9999 -9999 -9999 -9999 -9999 -9999 -9999 -9999 -9999 0.246 0.256 0.274 0.294 0.291 0.287 0.288 0.289 0.298 0.307 0.302 0.296 0.301 0.308 0.304 0.299 0.294 0.289 0.286 0.285 0.288 0.294 0.288 0.283 0.286 0.292 0.292 0.293 0.286 0.279 0.276 0.275 0.277 0.283 0.26 0.232 0.228 0.227 0.241 0.263 0.265 0.27 0.263
-9999 -9999 -9999 -9999 -9999 -9999 -9999 -9999 -9999 -9999 -9999 -9999 -9999 -9999 -9999 -9999 -9999 -9999 -9999 -9999 -9999 0.171 0.176 0.177 0.187 -9999 0.198 -9999 -9999 -9999 -9999 -9999 -9999 -9999 -9999 0.262 0.271 0.268 0.271 0.291 0.288 0.274 0.287 0.312 0.308 0.305 0.305 0.295 0.293 0.288 0.27 0.256 0.266 0.271 0.284 0.295 0.288 0.282 0.277 0.277 0.286 0.292 0.294 0.291 0.285 0.282 0.272 0.27 0.277 0.268 0.268 0.27 0.251 0.252 0.264 0.274 0.259
-9999 -9999 -9999 -9999 -9999 -9999 -9999 -9999 -9999 -9999 -9999 -9999 -9999 -9999 -9999 -9999 -9999 -9999 0.153 0.165 0.168 0.17 0.175 0.178 0.188 0.197 0.202 0.207 0.216 -9999 -9999 0.231 0.235 0.24 0.252 0.267 0.264 0.26 0.277 0.294 0.283 0.27 0.29 0.314 0.313 0.31 0.301 0.291 0.289 0.287 0.269 0.248 0.256 0.269 0.281 0.297 0.291 0.284 0.279 0.274 0.282 0.294 0.295 0.298 0.292 0.287 0.278 0.268 0.274 0.284 0.285 0.288 0.271 0.251 0.262 0.278 0.263
-9999 -9999 -9999 -9999 -9999 -9999 -9999 -9999 -9999 -9999 -9999 -9999 -9999 -9999 -9999 -9999 -9999 0.139 0.151 0.128 0.133 0.146 0.159 0.193 0.203 0.21 0.217 0.229 0.232 0.224 0.23 0.245 0.246 0.244 0.257 0.273 0.273 0.276 0.289 0.301 0.294 0.29 0.304 0.306 0.306 0.309 0.301 0.292 0.29 0.285 0.287 0.279 0.272 0.276 0.27 0.276 0.281 0.28 0.283 0.282 0.278 0.281 0.289 0.295 0.27 0.253 0.269 0.273 0.276 0.283 0.279 0.278 0.27 0.255 0.245 0.247 0.256
-9999 -9999 -9999 -9999 -9999 -9999 -9999 -9999 -9999 -9999 -9999 -9999 -9999 -9999 -9999 -9999 -9999 0.137 0.122 0.114 0.125 0.138 0.167 0.201 0.21 0.218 0.229 0.241 0.236 0.229 0.242 0.256 0.254 0.25 0.262 0.276 0.279 0.282 0.293 0.305 0.302 0.299 0.301 0.303 0.307 0.31 0.303 0.295 0.292 0.287 0.289 0.292 0.287 0.281 0.276 0.271 0.275 0.281 0.284 0.288 0.284 0.279 0.285 0.295 0.272 0.244 0.258 0.277 0.28 0.285 0.281 0.277 0.268 0.259 0.249 0.239 0.246
-9999 -9999 -9999 -9999 -9999 -9999 -9999 -9999 -9999 -9999 -9999 -9999 -9999 -9999 -9999 -9999 -9999 0.141 0.123 0.144 0.153 0.151 0.177 0.196 0.205 0.213 0.224 0.235 0.235 0.244 0.257 0.27 0.269 0.268 0.281 0.297 0.296 0.282 0.288 0.29 0.29 0.296 0.299 0.303 0.304 0.299 0.293 0.287 0.283 0.277 0.286 0.292 0.295 0.294 0.286 0.28 0.276 0.277 0.285 0.292 0.28 0.27 0.283 0.297 0.28 0.258 0.264 0.279 0.277 0.279 0.272 0.266 0.269 0.268 0.249 0.234 0.241
-9999 -9999 -9999 -9999 -9999 -9999 -9999 -9999 -9999 -9999 -9999 -9999 -9999 0.105 0.108 -9999 0.122 0.138 0.149 0.154 0.156 0.156 0.175 0.194 0.204 0.212 0.223 0.233 0.242 0.25 0.262 0.275 0.276 0.275 0.289 0.305 0.295 0.282 0.284 0.285 0.29 0.296 0.3 0.304 0.301 0.296 0.292 0.286 0.282 0.277 0.284 0.295 0.297 0.301 0.294 0.286 0.282 0.278 0.285 0.296 0.284 0.269 0.282 0.3 0.284 0.266 0.272 0.281 0.279 0.279 0.271 0.264 0.267 0.273 0.255 0.235 0.241
-9999 -9999 -9999 -9999 -9999 -9999 -9999 -9999 -9999 -9999 -9999 -9999 -9999 0.093 0.099 0.113 0.126 0.132 0.14 0.158 0.162 0.167 0.186 0.203 0.213 0.217 0.225 0.225 0.234 0.247 0.258 0.267 0.272 0.285 0.296 0.301 0.296 0.296 0.298 0.297 0.297 0.288 0.29 0.292 0.286 0.274 0.273 0.28 0.279 0.281 0.273 0.274 0.281 0.286 0.283 0.276 0.279 0.279 0.294 0.309 0.31 0.304 0.297 0.304 0.292 0.277 0.27 0.272 0.265 0.26 0.262 0.26 0.245 0.239 0.258 0.26 0.251
-9999 -9999 -9999 -9999 -9999 -9999 -9999 -9999 -9999 -9999 -9999 -9999 0.079 0.085 0.099 0.114 0.12 0.127 0.141 0.159 0.162 0.168 0.186 0.204 0.212 0.217 0.219 0.219 0.232 0.245 0.254 0.264 0.276 0.289 0.294 0.299 0.301 0.302 0.302 0.302 0.295 0.285 0.287 0.288 0.279 0.267 0.273 0.281 0.283 0.285 0.278 0.27 0.275 0.284 0.28 0.276 0.278 0.282 0.297 0.316 0.316 0.318 0.313 0.307 0.296 0.283 0.277 0.272 0.264 0.257 0.258 0.261 0.246 0.23 0.247 0.271 0.263
-9999 -9999 -9999 -9999 -9999 -9999 -9999 -9999 -9999 -9999 -9999 -9999 -9999 0.095 0.11 0.124 0.127 0.121 0.129 0.126 0.131 0.146 0.164 0.187 0.197 0.213 0.22 0.233 0.246 0.249 0.263 0.286 0.294 0.292 0.296 0.298 0.3 0.303 0.309 0.323 0.315 0.296 0.295 0.288 0.28 0.272 0.276 0.277 0.279 0.281 0.284 0.283 0.281 0.284 0.289 0.29 0.287 -9999 0.285 0.293 0.307 0.316 0.299 0.286 0.291 0.287 0.284 0.28 0.272 0.264 0.262 0.266 0.26 0.251 0.247 0.257 0.246
-9999 -9999 -9999 -9999 -9999 -9999 -9999 -9999 -9999 -9999 -9999 -9999 0.075 0.096 0.111 0.125 0.123 0.118 0.116 0.113 0.123 0.136 0.154 0.175 0.191 0.208 0.222 0.237 0.245 0.25 0.271 0.294 0.294 0.293 0.296 0.297 0.301 0.304 0.317 0.331 0.318 0.302 0.296 0.289 0.283 0.276 0.277 0.278 0.28 0.283 0.285 0.29 0.288 0.287 0.291 0.298 0.295 0.293 -9999 0.288 -9999 0.317 -9999 0.281 -9999 0.291 0.288 0.285 0.278 0.27 0.268 0.27 -9999 -9999 -9999 0.255 0.244
-9999 -9999 -9999 -9999 -9999 -9999 -9999 -9999 -9999 -9999 -9999 -9999 0.069 0.088 0.101 0.11 0.11 0.111 0.11 0.109 0.118 0.127 0.144 0.164 0.182 0.208 0.214 0.2 0.212 0.234 0.26 0.301 0.299 0.29 0.296 0.306 0.305 0.294 0.308 0.329 0.316 0.297 0.294 0.293 0.29 0.29 0.29 0.286 0.284 0.27 0.267 0.268 0.278 0.283 0.277 0.28 0.288 0.292 -9999 -9999 0.3 0.313 -9999 -9999 0.295 0.305 0.298 -9999 -9999 -9999 -9999 -9999 -9999 -9999 -9999 -9999 -9999
-9999 -9999 -9999 -9999 -9999 -9999 -9999 -9999 -9999 -9999 -9999 0.037 0.057 0.081 0.091 0.101 0.104 0.106 0.106 0.105 0.113 0.123 0.14 0.158 0.181 0.206 0.195 0.182 0.204 0.226 0.262 0.302 0.296 0.288 0.298 0.309 0.301 0.29 0.308 0.327 0.313 0.295 0.296 0.297 0.297 0.297 0.295 0.292 0.281 0.268 0.265 0.262 0.271 0.284 0.278 -9999 -9999 -9999 0.299 -9999 -9999 -9999 -9999 -9999 -9999 0.31 -9999 -9999 -9999 -9999 -9999 -9999 -9999 -9999 -9999 -9999 -9999
-9999 -9999 -9999 -9999 -9999 -9999 -9999 -9999 -9999 -9999 0.009 0.014 0.038 0.062 0.071 0.075 0.079 0.081 0.089 0.108 0.119 0.135 0.151 0.162 0.181 0.193 0.192 0.21 0.231 0.247 0.277 0.294 0.292 -9999 -9999 -9999 -9999 -9999 0.306 0.318 0.306 0.293 0.294 0.292 0.291 0.289 0.291 0.3 -9999 0.276 -9999 -9999 -9999 -9999 -9999 0.289 0.296 0.298 0.299 0.306 0.309 -9999 -9999 -9999 -9999 -9999 -9999 -9999 -9999 -9999 -9999 -9999 -9999 -9999 -9999 -9999 -9999
-9999 -9999 -9999 -9999 -9999 -9999 -9999 -9999 -9999 -0.017 -0.009 0.0 0.025 0.049 0.056 0.061 0.066 0.069 0.087 0.107 0.121 0.138 0.151 0.163 0.175 0.187 0.203 0.221 0.238 0.254 -9999 -9999 -9999 -9999 -9999 -9999 -9999 -9999 -9999 -9999 0.299 0.293 0.292 0.291 0.289 0.288 0.296 0.304 0.295 -9999 -9999 -9999 -9999 -9999 -9999 -9999 0.304 0.302 0.302 0.313 -9999 -9999 -9999 -9999 -9999 -9999 -9999 -9999 -9999 -9999 -9999 -9999 -9999 -9999 -9999 -9999 -9999
-9999 -9999 -9999 -9999 -9999 -9999 -9999 -0.039 -0.034 -0.036 -0.03 -0.016 0.012 0.046 0.056 0.066 0.071 0.071 0.091 0.114 0.122 0.12 0.138 0.166 0.18 0.195 0.206 0.21 -9999 -9999 -9999 -9999 -9999 -9999 -9999 -9999 -9999 -9999 -9999 -9999 -9999 0.3 -9999 -9999 -9999 -9999 -9999 0.304 0.288 -9999 -9999 -9999 -9999 -9999 -9999 -9999 -9999 -9999 0.335 0.347 -9999 -9999 -9999 -9999 -9999 -9999 -9999 -9999 -9999 -9999 -9999 -9999 -9999 -9999 -9999 -9999 -9999
-9999 -9999 -9999 -9999 -9999 -9999 -0.044 -9999 -0.046 -0.045 -0.041 -0.03 0.003 0.038 0.051 0.063 0.067 0.069 0.09 0.113 0.112 0.11 0.136 0.165 0.181 0.196 0.201 0.199 -9999 -9999 -9999 -9999 -9999 -9999 -9999 -9999 -9999 -9999 -9999 -9999 -9999 -9999 0.284 -9999 -9999 -9999 -9999 -9999 -9999 -9999 -9999 -9999 -9999 -9999 -9999 -9999 -9999 -9999 -9999 -9999 -9999 -9999 -9999 -9999 -9999 -9999 -9999 -9999 -9999 -9999 -9999 -9999 -9999 -9999 -9999 -9999 -9999
-9999 -9999 -9999 -9999 -9999 -0.044 -0.047 -0.044 -0.048 -0.06 -0.056 -0.042 -0.015 0.015 0.031 0.05 0.059 -9999 0.09 0.099 0.101 0.109 0.13 0.146 0.16 0.171 0.176 -9999 -9999 -9999 -9999 -9999 -9999 -9999 -9999 -9999 -9999 -9999 -9999 -9999 -9999 -9999 -9999 -9999 -9999 -9999 -9999 -9999 -9999 -9999 -9999 -9999 -9999 -9999 -9999 -9999 -9999 -9999 -9999 -9999 -9999 -9999 -9999 -9999 -9999 -9999 -9999 -9999 -9999 -9999 -9999 -9999 -9999 -9999 -9999 -9999 -9999
-9999 -9999 -9999 -9999 -9999 -0.047 -0.045 -0.044 -0.054 -0.065 -0.059 -0.049 -0.031 -0.004 0.017 0.037 0.053 0.068 0.079 0.088 0.096 0.104 0.119 0.135 0.147 0.159 0.166 -9999 -9999 -9999 -9999 -9999 -9999 -9999 -9999 -9999 -9999 -9999 -9999 -9999 -9999 -9999 -9999 -9999 -9999 -9999 -9999 -9999 -9999 -9999 -9999 -9999 -9999 -9999 -9999 -9999 -9999 -9999 -9999 -9999 -9999 -9999 -9999 -9999 -9999 -9999 -9999 -9999 -9999 -9999 -9999 -9999 -9999 -9999 -9999 -9999 -9999
-9999 -9999 -9999 -9999 -0.048 -0.052 -0.051 -0.049 -0.054 -0.052 -0.047 -0.045 -0.034 -0.025 -0.006 0.02 0.04 0.065 0.074 0.073 0.079 0.083 0.098 0.117 0.129 0.137 -9999 -9999 -9999 -9999 -9999 -9999 -9999 -9999 -9999 -9999 -9999 -9999 -9999 -9999 -9999 -9999 -9999 -9999 -9999 -9999 -9999 -9999 -9999 -9999 -9999 -9999 -9999 -9999 -9999 -9999 -9999 -9999 -9999 -9999 -9999 -9999 -9999 -9999 -9999 -9999 -9999 -9999 -9999 -9999 -9999 -9999 -9999 -9999 -9999 -9999 -9999
