Validation/Results/raw data/ReClimate_02_2024_1_Temperatureweatherlogisticsltd.asc
NCOLS 192
NROWS 249
XLLCENTER -225160.85627316462
YLLCENTER 29788.11610251502
CELLSIZE 5000.0
NODATA_VALUE -9999
[rows 170 to 203 of 249, columns 77 to 153 of 192]
-9999 -9999 -9999 -9999 -9999 -9999 -9999 -9999 -9999 -9999 -9999 -9999 -9999 -9999 -9999 -0.062 -0.049 -9999 -9999 -9999 -9999 -9999 -9999 -9999 -9999 -9999 -9999 -9999 -9999 -9999 -9999 -9999 -9999 -9999 0.145 0.159 0.146 0.129 0.137 0.147 0.156 0.166 0.171 0.176 0.185 0.193 0.189 0.182 0.174 0.161 0.169 0.178 0.181 0.183 0.193 0.204 0.211 0.218 0.218 0.217 0.22 0.223 0.231 0.239 0.244 0.249 0.256 0.262 0.262 0.261 0.273 0.286 0.284 0.279 0.285 0.29 0.286
-9999 -9999 -9999 -9999 -9999 -9999 -9999 -9999 -9999 -9999 -9999 -9999 -9999 -9999 -9999 -0.059 -0.046 -0.027 -9999 -9999 -9999 -9999 -9999 -9999 -9999 -9999 -9999 -9999 -9999 -9999 -9999 -9999 -9999 0.127 0.146 0.152 0.14 0.129 0.137 0.146 0.154 0.159 0.167 0.183 0.194 0.207 0.2 0.182 0.181 0.191 0.177 0.174 0.185 0.192 0.194 0.201 0.207 0.214 0.214 0.214 0.225 0.234 0.243 0.253 0.248 0.247 0.26 0.27 0.271 0.27 0.279 0.291 0.287 0.282 0.289 0.295 0.295
-9999 -9999 -9999 -9999 -9999 -9999 -9999 -9999 -9999 -9999 -9999 -9999 -9999 -9999 -0.048 -0.051 -0.035 -0.017 -0.0 -9999 -9999 -9999 -9999 -9999 -9999 -9999 -9999 -9999 -9999 -9999 0.102 -9999 -9999 0.131 0.138 0.148 0.14 0.129 -9999 0.146 0.152 0.157 0.17 0.185 0.197 0.21 0.197 0.18 0.189 0.2 0.188 0.172 0.182 0.195 0.197 0.199 0.205 0.212 0.212 0.213 0.225 0.239 0.249 0.259 0.255 0.248 0.261 0.274 0.276 0.276 0.285 0.295 0.292 0.286 0.294 0.303 0.305
-9999 -9999 -9999 -9999 -9999 -9999 -9999 -9999 -9999 -9999 -9999 -9999 -9999 -9999 -0.029 -0.029 -0.017 -0.016 -0.001 0.017 0.017 -9999 -9999 -9999 0.057 0.055 -9999 0.072 0.083 0.107 0.113 0.101 -9999 -9999 0.133 0.148 -9999 -9999 0.156 0.151 0.154 0.151 0.166 0.188 0.196 0.198 0.189 0.19 0.19 0.195 0.195 0.187 0.186 0.191 0.201 0.207 0.22 0.231 0.226 0.224 0.233 0.245 0.241 0.242 0.264 0.273 0.268 0.272 0.279 0.282 0.289 0.298 0.31 0.315 0.315 0.32 0.319
-9999 -9999 -9999 -9999 -9999 -9999 -9999 -9999 -9999 -9999 -9999 -9999 -9999 -9999 -9999 -0.013 -0.011 -0.011 0.004 0.02 -9999 -9999 0.036 0.052 0.053 0.054 0.063 0.074 0.092 0.113 0.106 0.095 0.107 -9999 0.132 0.147 0.153 0.16 0.157 0.153 0.152 0.149 0.167 0.187 0.19 0.191 0.191 0.191 0.192 0.191 0.191 0.19 0.19 0.189 0.198 0.209 0.222 0.237 0.234 0.229 0.238 0.247 0.244 0.238 0.258 0.283 0.28 0.273 0.281 0.287 0.295 0.302 0.314 0.33 0.332 0.332 0.332
-9999 -9999 -9999 -9999 -9999 -9999 -9999 -9999 -9999 -9999 -9999 -9999 -9999 -9999 -9999 -0.008 -0.004 0.003 0.015 0.023 0.012 -0.006 0.016 0.043 0.045 0.055 0.061 0.063 0.078 0.092 0.089 0.094 0.102 0.102 0.114 0.128 0.136 0.151 0.154 0.169 0.169 0.168 0.18 0.181 0.184 0.191 0.192 0.198 0.192 0.171 0.185 0.192 0.2 0.205 0.205 0.211 0.222 0.236 0.246 0.25 0.242 0.243 0.254 0.257 0.26 0.273 0.286 0.291 0.287 0.287 0.298 0.308 0.319 0.334 0.342 0.344 0.348
-9999 -9999 -9999 -9999 -9999 -9999 -9999 -9999 -9999 -9999 -9999 -9999 -9999 -9999 -9999 -9999 0.005 0.014 0.021 0.028 0.014 -0.004 0.018 0.042 0.049 0.057 0.059 0.061 0.072 0.085 0.092 0.099 0.101 0.102 0.113 0.125 0.137 0.151 0.163 0.178 0.179 0.179 0.18 0.181 0.187 0.192 0.197 0.202 0.186 0.165 0.177 0.19 0.198 0.208 0.209 0.21 0.221 0.234 0.245 0.256 0.251 0.242 0.253 0.265 0.268 0.27 0.284 0.298 0.296 0.289 0.3 0.312 0.324 0.338 0.346 0.35 0.353
-9999 -9999 -9999 -9999 -9999 -9999 -9999 -9999 -9999 -9999 -9999 -9999 -9999 -9999 -9999 -9999 -9999 -9999 0.026 0.039 0.03 0.024 0.041 0.052 0.058 0.062 0.064 0.068 0.08 0.091 0.101 0.115 0.12 0.129 0.136 0.132 0.146 0.168 0.174 0.168 0.175 0.194 0.197 0.2 0.203 0.199 0.208 0.225 0.209 0.185 0.197 0.212 0.214 0.22 0.221 0.223 0.229 0.239 0.245 0.254 0.259 0.257 0.261 0.27 0.27 0.27 0.282 0.295 0.301 0.298 0.306 0.317 0.329 0.344 0.347 0.349 0.355
-9999 -9999 -9999 -9999 -9999 -9999 -9999 -9999 -9999 -9999 -9999 -9999 -9999 -9999 -9999 -9999 -9999 0.024 0.035 0.047 0.044 0.038 0.048 0.059 0.063 0.067 0.072 0.079 0.089 0.099 0.112 0.125 0.134 0.143 0.142 0.138 0.157 0.178 0.173 0.167 0.183 0.202 0.206 0.209 0.207 0.203 0.218 0.235 0.217 0.193 0.205 0.22 0.223 0.227 0.228 0.228 0.235 0.242 0.248 0.253 0.258 0.262 0.267 0.271 0.271 0.269 0.281 0.293 0.298 0.301 0.309 0.318 0.331 0.346 0.35 0.35 0.356
-9999 -9999 -9999 -9999 -9999 -9999 -9999 -9999 -9999 -9999 -9999 -9999 -9999 -9999 -9999 -9999 0.027 0.032 0.042 0.052 0.053 0.058 0.064 0.065 0.069 0.071 0.078 0.088 0.101 0.123 0.132 0.133 0.141 0.147 0.151 0.167 0.181 0.187 0.182 0.175 0.187 0.195 0.198 0.205 0.205 0.209 0.215 0.207 0.206 0.241 0.227 0.228 0.234 0.24 0.237 0.234 0.248 0.258 0.269 0.279 0.274 0.273 0.277 0.281 0.286 0.287 0.292 0.3 0.318 0.33 0.315 0.311 0.327 0.343 0.36 0.366 0.365
-9999 -9999 -9999 -9999 -9999 -9999 -9999 -9999 -9999 -9999 -9999 -9999 -9999 -9999 -9999 0.028 0.034 0.04 0.049 0.058 0.063 0.068 0.07 0.076 0.079 0.08 0.088 0.097 0.115 0.136 0.139 0.14 0.146 0.151 0.165 0.181 0.187 0.192 0.187 0.18 0.186 0.193 0.199 0.205 0.209 0.213 0.206 0.199 0.226 0.259 0.248 0.233 0.24 0.247 0.245 0.24 0.252 0.267 0.276 0.288 0.284 0.276 0.281 0.284 0.29 0.295 0.3 0.304 0.322 0.341 0.328 0.31 0.326 0.344 0.36 0.374 0.371
-9999 -9999 -9999 -9999 -9999 -9999 -9999 -9999 -9999 -9999 -9999 -9999 -9999 0.024 0.029 0.022 0.03 0.043 0.055 0.075 0.079 0.083 0.092 0.101 0.101 0.095 0.108 0.129 0.139 0.131 0.134 0.139 0.148 0.166 0.175 0.176 0.178 0.173 0.174 0.188 0.195 0.204 0.21 0.214 0.212 0.196 0.199 0.221 0.24 0.246 0.249 0.243 0.256 0.267 0.26 0.253 0.264 0.278 0.279 0.284 0.283 0.278 0.281 0.283 0.292 0.298 0.3 0.303 0.314 0.329 0.334 0.328 0.338 0.352 0.361 0.374 -9999
-9999 -9999 -9999 -9999 -9999 -9999 -9999 -9999 -9999 -9999 -9999 -9999 0.033 0.03 0.027 0.027 -9999 -9999 -9999 -9999 0.088 0.098 0.108 0.117 0.113 0.107 0.126 0.147 0.142 0.133 0.138 0.142 0.157 0.175 0.176 0.177 0.174 0.168 0.18 0.193 0.201 0.211 0.216 0.221 0.209 0.193 0.211 0.233 0.238 0.242 0.245 0.248 0.261 0.277 0.271 0.261 0.272 0.284 0.285 0.285 0.283 0.279 0.282 0.284 0.292 0.3 0.303 0.304 0.315 0.326 0.332 0.338 0.349 0.358 0.365 0.372 0.372
-9999 -9999 -9999 -9999 -9999 -9999 -9999 -9999 -9999 -9999 -9999 -9999 0.037 0.041 0.041 -9999 -9999 -9999 -9999 -9999 0.091 0.098 0.105 0.112 0.116 0.132 0.145 0.149 0.149 0.16 0.16 0.147 0.164 0.187 0.187 0.182 0.181 0.182 0.191 0.196 0.199 0.195 0.198 0.196 0.195 0.215 0.229 0.235 0.239 0.242 0.246 0.249 0.257 0.268 0.275 0.273 0.275 0.281 0.291 0.296 0.29 0.284 0.291 0.296 0.302 0.308 0.314 0.317 0.333 0.348 0.34 0.338 0.344 0.349 0.366 0.378 0.385
-9999 -9999 -9999 -9999 -9999 -9999 -9999 -9999 -9999 -9999 -9999 -9999 -9999 -9999 0.057 -9999 -9999 -9999 -9999 -9999 0.102 0.104 0.11 0.116 0.131 0.148 0.153 0.157 0.168 0.18 0.171 0.158 0.177 0.199 0.196 0.191 0.192 0.192 0.195 0.199 0.196 0.193 0.192 0.189 0.206 0.226 0.232 0.239 0.242 0.244 0.248 0.252 0.259 0.267 0.274 0.28 0.282 0.283 0.292 0.303 0.298 0.289 0.295 0.302 0.308 0.314 0.32 0.325 0.342 0.36 0.355 0.343 0.348 0.35 0.366 0.384 0.39
-9999 -9999 -9999 -9999 -9999 -9999 -9999 -9999 -9999 -9999 -9999 -9999 -9999 -9999 -9999 -9999 -9999 -9999 -9999 -9999 0.109 0.115 0.126 0.141 0.152 0.151 0.159 0.174 0.179 0.176 0.172 0.18 0.2 0.225 0.22 0.205 0.209 0.218 0.221 0.223 0.224 0.227 0.22 0.193 0.208 0.223 0.232 0.247 0.252 0.257 0.261 0.266 0.268 0.273 0.273 0.276 0.282 0.286 0.292 0.3 0.31 0.311 0.296 0.289 0.315 0.333 0.341 0.348 0.353 0.366 0.368 0.361 0.36 0.358 0.372 0.387 0.404
-9999 -9999 -9999 -9999 -9999 -9999 -9999 -9999 -9999 -9999 -9999 -9999 -9999 -9999 -9999 -9999 -9999 -9999 -9999 -9999 -9999 0.131 0.147 0.162 0.163 0.162 0.175 0.189 0.187 0.183 0.189 0.197 0.218 0.243 0.232 0.218 0.226 0.235 0.238 0.24 0.244 0.248 0.227 0.201 0.212 0.226 0.239 0.253 0.258 0.264 0.269 0.273 0.276 0.277 0.278 0.277 0.283 0.29 0.297 0.303 0.313 0.322 0.31 0.291 0.314 0.343 0.352 0.36 0.366 0.372 0.374 0.372 0.371 0.366 0.379 0.393 0.409
-9999 -9999 -9999 -9999 -9999 -9999 -9999 -9999 -9999 -9999 -9999 -9999 -9999 -9999 -9999 -9999 -9999 -9999 -9999 -9999 0.137 0.144 0.158 0.172 0.177 0.191 0.2 0.201 0.201 0.205 0.212 0.219 0.231 0.229 0.223 0.226 0.236 0.252 0.255 0.257 0.256 0.243 0.231 0.232 0.235 0.224 0.232 0.24 0.255 0.266 0.272 0.278 0.285 0.29 0.291 0.292 0.293 0.297 0.302 0.308 0.312 0.318 0.319 0.309 0.318 0.338 0.349 0.358 0.365 0.371 0.374 0.371 0.378 0.378 0.387 0.399 0.408
-9999 -9999 -9999 -9999 -9999 -9999 -9999 -9999 -9999 -9999 -9999 -9999 -9999 -9999 -9999 -9999 -9999 -9999 -9999 -9999 0.157 0.159 0.172 0.183 0.196 0.211 0.213 0.213 0.218 0.222 0.228 0.235 0.233 0.23 0.232 0.235 0.249 0.265 0.268 0.27 0.261 0.248 0.249 0.25 0.241 0.23 0.235 0.241 0.253 0.27 0.276 0.282 0.289 0.297 0.3 0.301 0.303 0.304 0.31 0.315 0.318 0.321 0.321 0.321 0.33 0.341 0.351 0.362 0.369 0.375 0.377 0.375 0.381 0.386 0.396 0.405 0.414
-9999 -9999 -9999 -9999 -9999 -9999 -9999 -9999 -9999 -9999 -9999 -9999 -9999 -9999 -9999 -9999 -9999 -9999 -9999 -9999 0.187 0.19 0.196 0.189 0.203 0.222 0.223 0.222 0.227 0.232 0.241 0.256 0.257 0.261 0.258 0.243 0.248 0.24 0.245 0.263 0.26 0.268 0.272 0.279 0.275 0.275 0.277 0.267 0.277 0.291 0.297 0.304 0.303 0.306 0.308 0.309 0.309 0.308 0.314 0.319 0.328 0.335 0.338 0.339 0.348 0.359 0.363 0.371 0.388 0.399 0.398 0.395 0.394 0.396 0.398 0.403 0.418
-9999 -9999 -9999 -9999 -9999 -9999 -9999 -9999 -9999 -9999 -9999 -9999 -9999 -9999 -9999 -9999 -9999 -9999 -9999 -9999 -9999 0.211 0.207 0.2 0.216 0.233 0.233 0.232 0.238 0.243 0.256 0.27 0.275 0.28 0.267 0.253 0.246 0.237 0.251 0.267 0.274 0.282 0.288 0.296 0.298 0.299 0.292 0.284 0.293 0.305 0.309 0.316 0.316 0.314 0.316 0.317 0.317 0.315 0.32 0.326 0.335 0.344 0.348 0.351 0.36 0.37 0.374 0.378 0.395 0.411 0.41 0.405 0.405 0.403 0.405 0.405 0.42
-9999 -9999 -9999 -9999 -9999 -9999 -9999 -9999 -9999 -9999 -9999 -9999 -9999 -9999 -9999 -9999 -9999 -9999 -9999 -9999 -9999 0.214 0.211 0.208 0.222 0.239 0.243 0.253 0.262 0.275 0.278 0.262 0.268 0.281 0.275 0.279 0.275 0.271 0.282 0.287 0.292 0.297 0.301 0.301 0.306 0.321 0.318 0.32 0.305 0.303 0.313 0.321 0.325 0.326 0.329 0.332 0.339 0.342 0.332 0.328 0.337 0.347 0.353 0.358 0.362 0.369 0.389 0.403 0.404 0.411 0.411 0.406 0.416 0.42 0.417 0.414 0.423
-9999 -9999 -9999 -9999 -9999 -9999 -9999 -9999 -9999 -9999 -9999 -9999 -9999 -9999 -9999 -9999 -9999 -9999 -9999 -9999 0.218 0.223 0.222 0.219 0.233 0.249 0.258 0.269 0.281 0.295 0.282 0.267 0.276 0.288 0.292 0.297 0.295 0.292 0.297 0.3 0.304 0.309 0.309 0.308 0.32 0.334 0.337 0.339 0.325 0.308 0.318 0.329 0.332 0.335 0.338 0.341 0.348 0.356 0.347 0.334 0.343 0.353 0.359 0.365 0.37 0.374 0.394 0.416 0.416 0.413 0.413 0.41 0.419 0.429 0.426 0.421 0.429
-9999 -9999 -9999 -9999 -9999 -9999 -9999 -9999 -9999 -9999 -9999 -9999 -9999 -9999 -9999 -9999 -9999 -9999 -9999 -9999 0.222 0.227 0.233 0.251 0.26 0.256 0.267 0.283 0.29 0.29 0.286 0.297 0.303 0.301 0.304 0.307 0.305 0.303 0.304 0.304 0.31 0.323 0.326 0.333 0.341 0.343 0.343 0.34 0.334 0.345 0.342 0.346 0.338 0.334 0.351 0.363 0.359 0.36 0.364 0.359 0.359 0.363 0.379 0.392 0.392 0.395 0.401 0.415 0.416 0.414 0.427 0.433 0.426 0.426 0.431 0.43 0.435
-9999 -9999 -9999 -9999 -9999 -9999 -9999 -9999 -9999 -9999 -9999 -9999 -9999 -9999 -9999 -9999 -9999 -9999 -9999 -9999 0.228 0.236 0.253 0.272 0.27 0.266 0.28 0.296 0.296 0.295 0.305 0.317 0.316 0.314 0.317 0.319 0.318 0.315 0.314 0.313 0.323 0.336 0.342 0.349 0.35 0.352 0.349 0.345 0.354 0.364 0.362 0.358 0.351 0.341 0.356 0.375 0.372 0.367 0.37 0.373 0.373 0.372 0.388 0.406 0.408 0.406 0.413 0.419 0.419 0.417 0.429 0.443 0.437 0.428 0.432 0.435 0.439
-9999 -9999 -9999 -9999 -9999 -9999 -9999 -9999 -9999 -9999 -9999 -9999 -9999 -9999 -9999 -9999 -9999 -9999 -9999 0.23 0.238 0.248 0.259 0.26 0.263 0.275 0.288 0.299 0.302 0.31 0.32 0.329 0.33 0.332 0.333 0.33 0.33 0.333 0.332 0.33 0.342 0.359 0.365 0.368 0.366 0.358 0.36 0.377 0.38 0.371 0.367 0.362 0.366 0.363 0.369 0.381 0.383 0.381 0.381 0.382 0.386 0.388 0.403 0.422 0.431 0.435 0.428 0.425 0.426 0.423 0.426 0.434 0.442 0.44 0.434 0.431 0.437
-9999 -9999 -9999 -9999 -9999 -9999 -9999 -9999 -9999 -9999 -9999 -9999 -9999 -9999 -9999 -9999 -9999 -9999 0.231 0.237 0.247 0.259 0.261 0.262 0.273 0.285 0.296 0.307 0.315 0.324 0.333 0.343 0.346 0.348 0.346 0.342 0.345 0.348 0.347 0.346 0.36 0.377 0.381 0.384 0.377 0.369 0.382 0.398 0.391 0.382 0.376 0.369 0.373 0.378 0.383 0.389 0.39 0.391 0.392 0.391 0.395 0.399 0.414 0.432 0.44 0.449 0.443 0.431 0.431 0.429 0.431 0.434 0.44 0.445 0.44 0.431 0.437
-9999 -9999 -9999 -9999 -9999 -9999 -9999 -9999 -9999 -9999 -9999 -9999 -9999 -9999 -9999 -9999 0.242 0.243 0.249 0.272 0.276 0.262 0.265 0.271 0.281 0.291 0.304 0.324 0.338 0.359 0.361 0.345 0.348 0.349 0.35 0.358 0.36 0.36 0.366 0.385 0.388 0.368 0.372 0.382 0.376 0.372 0.378 0.378 0.381 0.41 0.395 0.382 0.391 0.398 0.396 0.398 0.397 0.395 0.399 0.401 0.408 0.413 0.421 0.434 0.443 0.452 0.454 0.446 0.449 0.45 0.453 0.457 0.45 0.447 0.45 0.446 0.448
-9999 -9999 -9999 -9999 -9999 -9999 -9999 -9999 -9999 -9999 -9999 -9999 -9999 -9999 -9999 0.25 0.257 0.266 0.282 0.293 0.283 0.27 0.276 0.282 0.29 0.3 0.318 0.338 0.358 0.379 0.368 0.354 0.356 0.356 0.364 0.372 0.372 0.372 0.388 0.407 0.392 0.372 0.38 0.389 0.385 0.381 0.38 0.379 0.4 0.428 0.414 0.396 0.403 0.412 0.41 0.408 0.406 0.403 0.406 0.41 0.416 0.423 0.431 0.439 0.448 0.457 0.458 0.454 0.457 0.459 0.462 0.466 0.459 0.449 0.451 0.452 0.455
-9999 -9999 -9999 -9999 -9999 -9999 -9999 -9999 -9999 -9999 -9999 -9999 0.235 0.254 0.258 0.258 0.269 0.285 0.292 0.29 0.287 0.294 0.3 0.307 0.311 0.306 0.321 0.335 0.353 0.374 0.365 0.358 0.362 0.371 0.378 0.386 0.388 0.395 0.402 0.396 0.388 0.392 0.399 0.403 0.406 0.418 0.412 0.393 0.41 0.435 0.44 0.434 0.428 0.43 0.42 0.412 0.421 0.423 0.429 0.434 0.435 0.439 0.447 0.456 0.456 0.46 0.464 0.462 0.472 0.479 0.472 0.47 0.47 0.463 0.465 0.467 0.476
-9999 -9999 -9999 -9999 -9999 -9999 -9999 -9999 -9999 -9999 0.212 0.228 0.247 0.267 0.27 0.268 0.283 0.298 0.298 0.296 0.303 0.31 0.317 0.324 0.321 0.315 0.327 0.341 0.358 0.377 0.372 0.365 0.373 0.382 0.39 0.397 0.404 0.411 0.405 0.399 0.403 0.408 0.412 0.416 0.427 0.44 0.425 0.407 0.424 0.446 0.451 0.456 0.452 0.446 0.437 0.423 0.43 0.438 0.442 0.448 0.449 0.449 0.458 0.466 0.467 0.464 0.465 0.465 0.475 0.487 0.48 0.472 0.471 0.469 0.471 0.473 0.482
-9999 -9999 -9999 -9999 -9999 -9999 0.179 0.184 0.198 0.211 0.223 0.229 0.249 0.268 0.275 0.289 0.304 0.321 0.324 0.331 0.334 0.325 0.33 0.332 0.331 0.333 0.338 0.329 0.343 0.359 0.365 0.393 0.394 0.381 0.39 0.403 0.416 0.445 0.437 0.415 0.422 0.434 0.439 0.444 0.449 0.443 0.438 0.449 0.452 0.466 0.451 0.444 0.457 0.461 0.456 0.446 0.448 0.453 0.46 0.467 0.467 0.467 0.467 0.47 0.475 0.475 0.471 0.468 0.47 0.476 0.482 0.482 0.479 0.476 0.475 0.474 0.481
-9999 -9999 -9999 -9999 -9999 0.175 0.188 0.196 0.208 0.222 0.228 0.239 0.258 0.276 0.291 0.305 0.321 0.337 0.345 0.352 0.347 0.339 0.341 0.342 0.345 0.346 0.339 0.329 0.342 0.358 0.381 0.408 0.398 0.385 0.397 0.41 0.434 0.464 0.448 0.427 0.438 0.45 0.456 0.461 0.456 0.45 0.459 0.471 0.474 0.478 0.463 0.444 0.457 0.472 0.466 0.459 0.461 0.464 0.471 0.479 0.478 0.478 0.478 0.475 0.478 0.48 0.476 0.471 0.472 0.474 0.479 0.486 0.484 0.479 0.479 0.476 0.483
-9999 -9999 -9999 -9999 0.167 0.19 0.202 0.209 0.223 0.238 0.254 0.286 0.295 0.282 0.297 0.314 0.329 0.343 0.347 0.348 0.344 0.345 0.349 0.358 0.357 0.35 0.351 0.365 0.38 0.398 0.414 0.416 0.409 0.402 0.412 0.419 0.436 0.442 0.436 0.448 0.455 0.454 0.463 0.478 0.475 0.473 0.478 0.473 0.472 0.462 0.469 0.462 0.471 0.484 0.476 0.468 0.465 0.465 0.471 0.478 0.479 0.48 0.485 0.484 0.475 0.469 0.482 0.487 0.485 0.485 0.489 0.495 0.488 0.481 0.489 0.492 0.492
