Validation/Results/raw data/ReClimate_03_2024_1_Temperature-Actualsweatherlogisticsltd.asc
NCOLS 192
NROWS 249
XLLCENTER -225160.85627316462
YLLCENTER 29788.11610251502
CELLSIZE 5000.0
NODATA_VALUE -9999
[rows 136 to 169 of 249, columns 77 to 153 of 192]
-9999 -9999 -9999 -9999 -9999 -9999 -9999 -9999 7.603 -9999 7.452 7.075 7.201 7.333 7.706 7.909 7.842 7.522 6.374 6.654 6.756 6.857 7.484 7.532 7.504 7.532 6.982 6.792 -9999 -9999 -9999 -9999 -9999 -9999 7.895 8.008 7.956 7.72 7.633 7.485 6.893 6.565 6.844 6.874 6.923 7.413 7.037 6.788 7.275 7.638 7.934 7.891 8.249 8.444 8.429 8.251 8.334 -9999 -9999 -9999 -9999 -9999 -9999 -9999 -9999 -9999 -9999 -9999 -9999 -9999 -9999 -9999 -9999 -9999 -9999 -9999 -9999
-9999 -9999 -9999 -9999 -9999 -9999 -9999 -9999 7.45 7.44 7.551 7.678 7.456 7.482 7.651 7.791 8.021 7.637 7.161 6.435 6.606 6.877 7.437 7.347 7.238 7.563 7.117 7.506 -9999 -9999 -9999 -9999 7.828 7.789 7.862 7.977 8.043 7.972 7.763 6.997 6.175 6.24 6.511 6.152 6.941 6.829 6.523 7.106 7.028 7.367 8.006 8.11 7.733 8.148 8.312 8.15 8.433 -9999 -9999 -9999 -9999 -9999 -9999 -9999 -9999 -9999 -9999 -9999 -9999 -9999 -9999 -9999 -9999 -9999 -9999 -9999 -9999
8.08 -9999 -9999 -9999 -9999 -9999 -9999 -9999 7.29 7.555 7.521 -9999 -9999 7.569 7.574 7.75 7.868 -9999 7.753 7.462 7.307 7.246 7.424 7.066 7.435 7.72 -9999 -9999 -9999 -9999 -9999 7.857 7.864 7.831 7.857 7.848 7.865 7.884 7.468 6.734 5.616 5.432 6.049 5.775 6.427 5.883 6.171 6.568 6.53 7.259 7.422 7.621 7.713 7.97 8.163 8.022 8.318 -9999 -9999 -9999 -9999 -9999 -9999 -9999 -9999 -9999 -9999 -9999 -9999 -9999 -9999 -9999 -9999 -9999 -9999 -9999 -9999
7.747 -9999 -9999 -9999 -9999 -9999 -9999 -9999 -9999 7.54 7.768 -9999 -9999 -9999 7.801 7.596 7.707 7.816 -9999 -9999 7.578 7.503 7.454 7.007 7.076 -9999 -9999 -9999 -9999 -9999 7.584 7.696 7.783 7.794 7.732 7.648 7.728 7.44 7.244 6.917 5.812 5.586 4.863 5.618 5.162 5.044 5.547 5.977 5.992 6.483 7.23 7.446 7.499 7.997 8.26 7.932 7.925 -9999 -9999 -9999 -9999 -9999 -9999 -9999 -9999 -9999 -9999 -9999 -9999 -9999 -9999 -9999 -9999 -9999 -9999 -9999 -9999
-9999 -9999 -9999 -9999 -9999 -9999 -9999 -9999 -9999 -9999 7.703 -9999 -9999 -9999 -9999 7.683 7.334 7.384 -9999 -9999 -9999 7.552 7.648 -9999 -9999 -9999 -9999 -9999 -9999 -9999 7.611 7.71 7.613 7.339 7.074 7.212 7.359 7.332 7.538 7.195 6.415 5.261 5.128 5.205 4.401 4.677 5.142 5.781 5.719 5.99 6.763 7.39 7.846 8.129 8.238 7.904 7.837 -9999 -9999 -9999 -9999 -9999 -9999 -9999 -9999 -9999 -9999 -9999 -9999 -9999 -9999 -9999 -9999 -9999 -9999 -9999 -9999
-9999 -9999 -9999 -9999 -9999 -9999 -9999 -9999 -9999 -9999 7.342 -9999 -9999 -9999 -9999 -9999 7.479 7.335 -9999 -9999 -9999 -9999 -9999 -9999 -9999 -9999 -9999 -9999 -9999 -9999 7.65 7.252 6.928 6.676 6.497 6.756 7.011 7.25 7.419 7.222 6.692 5.445 4.276 3.762 4.241 4.767 5.962 6.25 6.389 6.721 6.913 7.021 7.67 8.147 8.097 7.829 7.817 8.157 -9999 -9999 -9999 -9999 -9999 -9999 -9999 -9999 -9999 -9999 -9999 -9999 -9999 -9999 -9999 -9999 -9999 -9999 -9999
8.032 7.863 8.209 -9999 -9999 -9999 -9999 -9999 -9999 -9999 7.255 -9999 -9999 -9999 -9999 -9999 -9999 -9999 -9999 -9999 -9999 -9999 -9999 -9999 -9999 -9999 -9999 -9999 -9999 7.661 7.353 7.231 7.19 6.799 5.808 6.443 6.661 6.746 7.203 7.212 7.372 5.692 3.958 3.557 4.642 5.235 4.698 4.729 5.608 6.244 7.316 7.475 7.533 7.734 7.825 7.895 7.886 8.162 8.598 -9999 -9999 -9999 -9999 -9999 -9999 -9999 -9999 -9999 -9999 -9999 -9999 -9999 -9999 -9999 -9999 -9999 -9999
7.96 8.118 8.139 -9999 -9999 -9999 -9999 -9999 -9999 -9999 -9999 -9999 -9999 -9999 -9999 -9999 -9999 -9999 -9999 -9999 -9999 -9999 -9999 -9999 -9999 -9999 -9999 -9999 7.653 7.618 7.314 7.233 7.009 6.497 4.521 5.364 6.679 6.93 7.161 7.667 7.364 6.517 4.946 3.839 4.532 4.773 5.12 5.487 5.501 5.929 6.622 7.543 7.729 7.885 7.891 7.932 8.095 8.447 8.792 -9999 -9999 -9999 -9999 -9999 -9999 -9999 -9999 -9999 -9999 -9999 -9999 -9999 -9999 -9999 -9999 -9999 -9999
8.295 -9999 8.252 8.226 -9999 -9999 -9999 -9999 -9999 -9999 -9999 -9999 -9999 -9999 -9999 -9999 -9999 -9999 -9999 -9999 -9999 -9999 -9999 -9999 -9999 -9999 -9999 -9999 7.072 7.172 7.265 6.117 5.792 6.088 6.393 6.165 6.05 6.625 6.978 7.232 7.432 7.18 6.085 5.416 4.314 5.061 5.57 5.871 6.105 6.543 6.979 7.369 7.524 7.842 7.923 8.024 8.136 8.507 8.947 9.039 8.889 -9999 -9999 -9999 -9999 -9999 -9999 -9999 -9999 -9999 -9999 -9999 -9999 -9999 -9999 -9999 -9999
8.242 -9999 -9999 8.165 -9999 -9999 -9999 -9999 -9999 -9999 -9999 -9999 -9999 -9999 -9999 -9999 -9999 -9999 -9999 -9999 -9999 -9999 -9999 -9999 -9999 -9999 -9999 -9999 7.161 7.117 6.527 5.508 6.913 6.923 5.981 5.49 6.355 6.421 6.203 7.154 6.998 7.346 7.328 6.343 5.764 5.362 5.726 6.089 6.66 6.961 7.35 7.661 7.943 7.978 8.193 8.088 8.286 8.541 8.829 8.463 8.387 8.303 8.443 8.005 -9999 -9999 -9999 -9999 -9999 -9999 -9999 -9999 -9999 -9999 -9999 -9999 -9999
8.138 8.301 -9999 8.1 -9999 -9999 -9999 -9999 -9999 -9999 -9999 -9999 -9999 -9999 -9999 -9999 -9999 -9999 -9999 -9999 -9999 -9999 -9999 -9999 -9999 -9999 -9999 7.897 7.286 6.862 5.783 5.127 5.019 5.883 6.231 6.277 6.014 5.479 6.66 5.944 6.685 7.104 7.26 7.045 6.839 6.334 5.699 6.045 6.619 7.047 7.345 7.648 7.954 8.254 8.316 8.344 8.433 8.587 8.64 8.467 7.556 7.51 7.621 7.629 7.908 7.687 -9999 -9999 -9999 -9999 -9999 -9999 -9999 -9999 -9999 -9999 -9999
8.197 -9999 8.057 -9999 -9999 -9999 -9999 -9999 -9999 -9999 -9999 -9999 -9999 -9999 -9999 -9999 -9999 -9999 -9999 -9999 -9999 -9999 -9999 -9999 -9999 -9999 -9999 -9999 7.824 7.056 5.674 5.394 5.876 4.341 5.325 6.387 5.833 6.408 5.255 5.63 6.605 6.969 6.885 6.981 6.658 4.879 5.297 5.524 5.574 6.015 6.937 7.347 7.756 8.184 8.37 8.4 8.488 8.648 8.706 8.536 7.881 7.527 7.787 7.769 7.601 7.609 7.649 -9999 -9999 -9999 -9999 -9999 -9999 -9999 -9999 -9999 -9999
8.267 8.096 7.871 -9999 -9999 -9999 -9999 -9999 -9999 -9999 -9999 -9999 -9999 -9999 -9999 -9999 -9999 -9999 -9999 -9999 -9999 -9999 -9999 -9999 -9999 -9999 -9999 -9999 -9999 7.549 7.064 7.193 5.724 5.728 6.209 7.253 7.516 6.036 6.054 6.542 6.739 6.364 6.355 6.694 5.633 5.283 5.142 4.628 5.188 5.996 6.331 7.129 7.634 8.152 8.375 8.386 8.479 8.607 7.889 7.646 7.07 6.459 6.81 7.169 7.683 7.511 7.557 8.028 -9999 -9999 -9999 -9999 -9999 -9999 -9999 -9999 -9999
8.306 7.993 -9999 -9999 -9999 -9999 -9999 -9999 -9999 -9999 -9999 -9999 -9999 -9999 -9999 -9999 -9999 -9999 -9999 -9999 -9999 -9999 -9999 -9999 -9999 -9999 -9999 -9999 -9999 8.064 7.819 7.462 6.78 6.089 5.692 7.369 6.813 7.102 7.431 7.408 7.065 6.465 5.359 6.377 5.569 4.882 5.418 6.364 6.603 6.557 6.776 7.067 7.821 8.297 8.451 8.461 8.299 7.887 7.51 7.088 7.298 7.096 7.02 6.914 7.027 7.351 7.437 7.793 8.56 -9999 -9999 -9999 -9999 -9999 -9999 -9999 -9999
8.039 8.021 -9999 -9999 -9999 -9999 -9999 -9999 -9999 -9999 -9999 -9999 -9999 -9999 -9999 -9999 -9999 -9999 -9999 -9999 -9999 -9999 -9999 -9999 -9999 -9999 -9999 -9999 -9999 -9999 7.29 6.855 6.78 6.149 7.169 7.04 7.539 7.79 7.862 7.666 7.323 6.673 6.745 5.215 5.576 5.837 5.862 6.41 6.514 6.39 7.209 7.429 7.987 8.304 8.528 8.539 8.219 7.786 7.57 7.411 7.298 7.336 7.39 7.318 7.239 7.309 7.679 7.861 8.324 -9999 -9999 -9999 -9999 -9999 -9999 -9999 -9999
-9999 -9999 -9999 -9999 -9999 -9999 -9999 -9999 -9999 -9999 -9999 -9999 -9999 -9999 -9999 -9999 -9999 -9999 -9999 -9999 -9999 -9999 -9999 -9999 -9999 -9999 -9999 -9999 -9999 -9999 8.05 6.422 7.077 7.919 7.486 7.796 7.808 8.154 8.085 7.532 7.532 7.526 5.406 5.999 5.621 5.597 5.583 6.624 6.749 6.974 7.175 7.672 7.919 8.328 8.537 8.584 8.42 7.725 7.332 7.539 7.786 7.793 7.825 7.744 7.727 7.497 7.451 7.98 8.087 8.653 -9999 -9999 -9999 -9999 -9999 -9999 -9999
-9999 -9999 -9999 -9999 -9999 -9999 -9999 -9999 -9999 -9999 -9999 -9999 -9999 -9999 -9999 -9999 -9999 -9999 -9999 -9999 -9999 -9999 -9999 -9999 -9999 -9999 -9999 -9999 -9999 -9999 -9999 7.771 8.34 8.053 7.8 8.037 7.967 8.305 8.123 7.825 7.954 7.083 5.979 5.336 5.246 4.857 5.53 5.677 6.073 6.676 6.753 7.234 7.832 8.261 8.51 8.446 8.343 8.23 7.357 7.349 8.074 8.509 8.4 8.384 8.377 8.373 8.248 8.411 8.635 8.551 -9999 -9999 -9999 -9999 -9999 -9999 -9999
-9999 -9999 -9999 -9999 -9999 -9999 -9999 -9999 -9999 -9999 -9999 -9999 -9999 -9999 -9999 -9999 -9999 -9999 -9999 -9999 -9999 -9999 -9999 -9999 -9999 -9999 -9999 -9999 -9999 -9999 -9999 8.183 -9999 7.931 8.29 8.156 8.207 -9999 8.293 8.019 8.017 7.243 5.982 5.85 5.734 5.203 5.634 5.652 5.02 5.965 6.417 6.782 7.287 8.05 8.429 8.418 8.339 8.372 8.379 8.08 8.442 8.745 8.663 8.522 8.559 8.617 8.671 8.704 8.325 8.084 8.202 -9999 -9999 -9999 -9999 -9999 -9999
-9999 -9999 -9999 -9999 -9999 -9999 -9999 -9999 -9999 -9999 -9999 -9999 -9999 -9999 -9999 -9999 -9999 -9999 -9999 -9999 -9999 -9999 -9999 -9999 -9999 -9999 -9999 -9999 -9999 -9999 -9999 -9999 8.451 8.14 -9999 -9999 -9999 -9999 8.482 8.288 8.384 7.773 7.252 6.199 6.02 5.854 5.756 6.599 6.153 5.491 6.378 6.662 7.302 7.865 8.397 8.595 8.621 8.606 8.623 8.55 8.394 8.558 8.458 8.42 8.55 8.503 8.282 8.316 8.5 8.269 8.126 8.092 8.266 -9999 -9999 -9999 -9999
-9999 -9999 -9999 -9999 -9999 -9999 -9999 -9999 -9999 -9999 -9999 -9999 -9999 -9999 -9999 -9999 -9999 -9999 -9999 -9999 -9999 -9999 -9999 -9999 -9999 -9999 -9999 -9999 -9999 -9999 -9999 -9999 8.443 8.412 -9999 -9999 -9999 -9999 8.564 8.145 8.447 8.047 7.233 7.405 7.244 6.399 6.343 6.573 6.773 5.655 6.303 6.686 7.066 7.675 8.372 8.706 8.803 8.839 8.806 8.762 8.643 8.513 8.493 8.48 8.49 8.318 8.057 7.905 8.053 8.292 8.446 8.467 8.528 -9999 -9999 -9999 -9999
-9999 -9999 -9999 -9999 -9999 -9999 -9999 -9999 -9999 -9999 -9999 -9999 -9999 -9999 -9999 -9999 -9999 -9999 -9999 -9999 -9999 -9999 -9999 -9999 -9999 -9999 -9999 -9999 -9999 -9999 -9999 -9999 8.495 -9999 -9999 -9999 -9999 8.676 8.315 7.999 7.333 7.017 7.08 7.152 7.301 6.763 6.313 6.949 6.939 6.837 6.308 6.896 7.231 7.703 8.154 8.613 8.722 8.844 8.926 8.93 8.898 8.816 8.784 8.532 8.053 8.003 7.999 8.114 8.263 8.473 8.641 8.724 -9999 -9999 -9999 -9999 -9999
-9999 -9999 -9999 -9999 -9999 -9999 -9999 -9999 -9999 -9999 -9999 -9999 -9999 -9999 -9999 -9999 -9999 -9999 -9999 -9999 -9999 -9999 -9999 -9999 -9999 -9999 -9999 -9999 -9999 -9999 -9999 -9999 -9999 -9999 -9999 -9999 -9999 8.465 7.95 7.015 6.192 5.919 6.545 7.279 7.274 7.507 7.418 7.542 7.34 7.119 6.849 6.91 7.431 7.796 8.094 8.472 8.69 8.83 8.985 9.068 9.081 9.002 8.896 8.76 7.968 7.526 8.129 8.405 8.662 8.739 8.824 8.78 -9999 -9999 -9999 -9999 -9999
-9999 -9999 -9999 -9999 -9999 -9999 -9999 -9999 -9999 -9999 -9999 -9999 -9999 -9999 -9999 -9999 -9999 -9999 -9999 -9999 -9999 -9999 -9999 -9999 -9999 -9999 -9999 -9999 -9999 -9999 -9999 -9999 -9999 -9999 -9999 -9999 -9999 8.339 7.963 7.217 6.401 6.473 7.091 7.291 7.701 7.715 7.698 7.72 7.632 7.826 7.3 7.284 7.416 7.739 8.044 8.427 8.767 8.852 8.992 9.152 9.151 9.078 8.95 8.854 8.461 7.837 8.097 8.568 8.776 8.886 8.879 8.826 -9999 -9999 -9999 -9999 -9999
-9999 -9999 -9999 -9999 -9999 -9999 -9999 -9999 -9999 -9999 -9999 -9999 -9999 -9999 -9999 -9999 -9999 -9999 -9999 -9999 -9999 -9999 -9999 -9999 -9999 -9999 -9999 -9999 -9999 -9999 -9999 -9999 -9999 -9999 -9999 -9999 8.417 8.353 7.947 7.053 6.513 6.315 7.073 7.147 8.026 7.727 7.747 7.442 7.444 7.306 8.066 8.03 8.233 8.208 8.475 8.456 8.695 8.867 8.914 9.027 9.17 9.078 8.953 8.821 8.754 8.327 8.281 8.608 8.848 8.944 8.943 8.852 8.785 -9999 -9999 -9999 -9999
-9999 -9999 -9999 -9999 -9999 -9999 -9999 -9999 -9999 -9999 -9999 -9999 -9999 -9999 -9999 -9999 -9999 -9999 -9999 -9999 -9999 -9999 -9999 -9999 -9999 -9999 -9999 -9999 -9999 -9999 -9999 -9999 -9999 -9999 -9999 -9999 8.424 8.473 8.218 7.727 6.987 7.791 7.677 8.271 7.651 7.171 7.269 6.962 7.13 7.705 7.501 8.049 8.123 8.155 8.269 8.539 8.616 8.8 8.914 8.978 9.053 8.989 8.815 8.731 8.747 8.729 8.446 8.567 8.832 8.976 9.021 8.932 8.829 -9999 -9999 -9999 -9999
-9999 -9999 -9999 -9999 -9999 -9999 -9999 -9999 -9999 -9999 -9999 -9999 -9999 -9999 -9999 -9999 -9999 -9999 -9999 -9999 -9999 -9999 -9999 -9999 -9999 -9999 -9999 -9999 -9999 -9999 -9999 -9999 -9999 -9999 -9999 8.352 8.421 8.499 8.628 8.148 8.157 8.1 8.367 8.243 7.529 7.468 7.172 6.84 7.066 7.479 8.391 8.095 8.585 8.564 8.477 8.392 8.594 8.716 8.837 8.945 8.984 8.902 8.738 8.66 8.72 8.779 8.664 8.465 8.745 9.095 9.202 9.072 8.915 8.818 -9999 -9999 -9999
-9999 -9999 -9999 -9999 -9999 -9999 -9999 -9999 -9999 -9999 -9999 -9999 -9999 -9999 -9999 -9999 -9999 -9999 -9999 -9999 -9999 -9999 -9999 -9999 -9999 -9999 -9999 -9999 -9999 -9999 -9999 -9999 -9999 -9999 -9999 8.379 8.32 8.486 8.593 8.511 8.396 8.394 8.207 7.911 8.064 7.806 7.102 6.059 6.439 6.907 7.745 8.427 8.402 8.816 8.978 8.8 8.575 8.726 8.872 8.945 9.002 8.947 8.812 8.751 8.808 8.895 8.763 8.531 8.777 9.273 9.435 9.334 9.063 8.894 -9999 -9999 -9999
-9999 -9999 -9999 -9999 -9999 -9999 -9999 -9999 -9999 -9999 -9999 -9999 -9999 -9999 -9999 -9999 -9999 -9999 -9999 -9999 -9999 -9999 -9999 -9999 -9999 -9999 -9999 -9999 -9999 -9999 -9999 -9999 -9999 -9999 -9999 8.381 8.412 8.567 8.72 8.713 8.612 8.291 8.051 7.944 7.586 6.969 6.175 6.19 6.526 6.881 7.548 8.247 8.321 8.401 8.871 9.148 9.076 8.96 9.024 9.035 9.02 9.024 8.962 8.917 8.97 9.026 9.077 8.906 8.965 9.369 9.534 9.413 9.206 8.948 8.814 -9999 -9999
-9999 -9999 -9999 -9999 -9999 -9999 -9999 -9999 -9999 -9999 -9999 -9999 -9999 -9999 -9999 -9999 -9999 -9999 -9999 -9999 -9999 -9999 -9999 -9999 -9999 -9999 -9999 -9999 -9999 -9999 -9999 -9999 -9999 -9999 -9999 -9999 8.445 8.549 8.704 8.692 8.246 7.803 7.587 7.443 7.402 7.171 6.67 6.905 6.928 7.464 8.382 8.609 8.679 8.461 8.839 9.121 9.057 9.035 9.116 9.093 9.062 9.082 9.087 9.071 9.099 9.148 9.142 9.188 9.176 -9999 9.416 -9999 9.21 9.032 8.808 8.835 -9999
-9999 -9999 -9999 -9999 -9999 -9999 -9999 -9999 -9999 -9999 -9999 -9999 -9999 -9999 -9999 -9999 -9999 -9999 -9999 -9999 -9999 -9999 -9999 -9999 -9999 -9999 -9999 -9999 -9999 -9999 -9999 -9999 -9999 -9999 -9999 8.571 8.515 8.566 8.686 8.536 7.966 7.264 7.251 7.423 6.973 6.925 7.152 6.825 6.497 7.066 7.918 8.846 8.664 8.73 9.029 9.084 8.953 9.0 9.057 9.124 9.114 9.131 9.138 9.144 9.18 9.023 9.051 9.156 9.019 9.002 9.153 9.2 -9999 9.144 8.981 8.762 8.894
-9999 -9999 -9999 -9999 -9999 -9999 -9999 -9999 -9999 -9999 -9999 -9999 -9999 -9999 -9999 -9999 -9999 -9999 -9999 -9999 -9999 -9999 -9999 -9999 -9999 -9999 -9999 -9999 -9999 -9999 -9999 -9999 -9999 -9999 -9999 8.641 8.591 8.632 8.544 8.233 8.038 7.786 7.609 7.65 7.67 7.724 7.881 7.216 6.711 7.117 7.795 8.208 8.187 8.35 8.67 8.829 8.703 8.769 8.983 9.102 9.199 9.202 9.185 9.163 9.218 9.266 9.027 9.124 9.127 8.87 8.95 9.09 9.169 -9999 -9999 -9999 -9999
-9999 -9999 -9999 -9999 -9999 -9999 -9999 -9999 -9999 -9999 -9999 -9999 -9999 -9999 -9999 -9999 -9999 -9999 -9999 -9999 -9999 -9999 -9999 -9999 -9999 -9999 -9999 -9999 -9999 -9999 -9999 -9999 -9999 -9999 8.649 8.66 8.571 8.405 8.288 8.438 8.492 8.182 8.391 8.467 8.439 8.5 8.284 7.492 6.449 6.226 6.974 7.552 7.495 8.0 8.573 8.708 8.825 8.763 8.947 9.142 9.253 9.258 9.222 9.176 9.216 9.281 9.234 9.121 9.143 8.846 8.741 8.898 9.091 9.165 9.095 -9999 -9999
-9999 -9999 -9999 -9999 -9999 -9999 -9999 -9999 -9999 -9999 -9999 -9999 -9999 -9999 -9999 -9999 -9999 -9999 -9999 -9999 -9999 -9999 -9999 -9999 -9999 -9999 -9999 -9999 -9999 -9999 -9999 -9999 -9999 -9999 8.661 8.652 8.626 8.545 8.412 8.351 8.729 8.803 8.87 8.849 8.818 8.81 8.558 7.929 7.132 5.955 5.649 6.698 7.011 7.5 8.278 8.46 8.917 9.076 8.959 9.128 9.294 9.306 9.253 9.183 9.191 9.25 9.194 9.157 9.142 9.067 8.552 8.63 8.874 9.084 9.084 8.949 -9999
-9999 -9999 -9999 -9999 -9999 -9999 -9999 -9999 -9999 -9999 -9999 -9999 -9999 -9999 -9999 -9999 -9999 -9999 -9999 -9999 -9999 -9999 -9999 -9999 -9999 -9999 -9999 -9999 -9999 -9999 -9999 -9999 -9999 -9999 -9999 8.827 8.832 8.829 8.649 8.81 8.861 8.963 9.057 9.09 9.243 9.236 8.952 8.446 7.511 6.488 5.506 5.415 6.4 7.16 7.906 8.504 8.561 8.894 8.896 8.99 9.227 9.281 9.238 9.168 9.166 9.168 9.126 9.102 9.119 9.016 8.658 8.413 8.597 8.803 8.853 8.759 8.828
