Validation/Results/raw data/ReClimate_04_2024_2_Temperature-Actuals 2.asc
NCOLS 192
NROWS 249
XLLCENTER -225160.85627316462
YLLCENTER 29788.11610251502
CELLSIZE 5000.0
NODATA_VALUE -9999
[rows 68 to 101 of 249, columns 75 to 149 of 192]
-9999 -9999 -9999 -9999 -9999 -9999 -9999 -9999 -9999 -9999 -9999 11.561 10.842 11.946 12.52 11.651 11.263 11.933 12.078 12.1 12.32 12.125 12.266 11.883 11.92 12.244 11.659 11.958 12.637 -9999 -9999 -9999 -9999 -9999 -9999 -9999 -9999 -9999 -9999 -9999 -9999 -9999 -9999 -9999 -9999 -9999 -9999 -9999 -9999 -9999 -9999 -9999 -9999 -9999 -9999 -9999 -9999 -9999 -9999 -9999 -9999 -9999 -9999 -9999 -9999 -9999 -9999 -9999 -9999 -9999 -9999 -9999 -9999 -9999 -9999
-9999 -9999 -9999 -9999 -9999 -9999 -9999 -9999 -9999 -9999 -9999 -9999 -9999 12.382 11.654 10.96 11.849 12.33 11.976 11.781 11.97 12.546 12.507 11.851 12.059 12.046 12.793 -9999 -9999 -9999 -9999 -9999 -9999 -9999 -9999 -9999 -9999 -9999 -9999 -9999 -9999 -9999 -9999 -9999 -9999 -9999 -9999 -9999 -9999 -9999 -9999 -9999 -9999 -9999 -9999 -9999 -9999 -9999 -9999 -9999 -9999 -9999 -9999 -9999 -9999 -9999 -9999 -9999 -9999 -9999 -9999 -9999 -9999 -9999 -9999
-9999 -9999 -9999 -9999 -9999 -9999 -9999 12.657 -9999 -9999 12.616 12.162 11.946 12.115 10.577 11.126 11.608 11.475 10.851 11.253 11.835 12.854 12.369 12.254 11.785 12.427 12.739 -9999 -9999 -9999 -9999 -9999 -9999 -9999 -9999 -9999 -9999 -9999 -9999 -9999 -9999 -9999 -9999 -9999 -9999 -9999 -9999 -9999 -9999 -9999 -9999 -9999 -9999 -9999 -9999 -9999 -9999 -9999 -9999 -9999 -9999 -9999 -9999 -9999 -9999 -9999 -9999 -9999 -9999 -9999 -9999 -9999 -9999 -9999 -9999
-9999 -9999 -9999 -9999 -9999 12.731 12.782 12.748 12.822 12.223 12.214 11.015 11.0 11.253 12.116 10.434 10.387 10.373 10.601 11.493 11.345 10.778 12.445 12.664 12.905 13.088 13.114 -9999 -9999 -9999 -9999 -9999 -9999 -9999 -9999 -9999 -9999 -9999 -9999 -9999 -9999 -9999 -9999 -9999 -9999 -9999 -9999 -9999 -9999 -9999 -9999 -9999 -9999 -9999 -9999 -9999 -9999 -9999 -9999 -9999 -9999 -9999 -9999 -9999 -9999 -9999 -9999 -9999 -9999 -9999 -9999 -9999 -9999 -9999 -9999
-9999 -9999 -9999 -9999 -9999 12.717 12.708 -9999 12.722 11.78 10.978 10.777 9.588 12.119 10.899 9.772 9.725 9.974 10.561 10.257 9.629 10.979 11.535 11.591 12.385 12.341 -9999 12.87 -9999 -9999 -9999 -9999 -9999 -9999 -9999 -9999 -9999 -9999 -9999 -9999 -9999 -9999 -9999 -9999 -9999 -9999 -9999 -9999 -9999 -9999 -9999 -9999 -9999 -9999 -9999 -9999 -9999 -9999 -9999 -9999 -9999 -9999 -9999 -9999 -9999 -9999 -9999 -9999 -9999 -9999 -9999 -9999 -9999 -9999 -9999
-9999 -9999 -9999 -9999 -9999 -9999 12.282 12.485 12.573 11.364 11.453 9.538 11.076 11.271 11.225 10.975 10.66 9.948 10.354 10.026 10.662 11.724 11.478 11.706 11.933 12.343 12.92 12.823 -9999 -9999 -9999 -9999 -9999 -9999 -9999 -9999 -9999 -9999 -9999 -9999 -9999 -9999 -9999 -9999 -9999 -9999 -9999 -9999 -9999 -9999 -9999 -9999 -9999 -9999 -9999 -9999 -9999 -9999 -9999 -9999 -9999 -9999 -9999 -9999 -9999 -9999 -9999 -9999 -9999 -9999 -9999 -9999 -9999 -9999 -9999
-9999 -9999 -9999 -9999 -9999 -9999 -9999 12.945 12.522 12.151 9.684 10.616 10.704 10.912 9.846 9.291 10.42 11.162 10.851 10.134 11.144 11.81 11.531 12.179 12.382 13.023 12.887 12.387 -9999 -9999 -9999 -9999 -9999 -9999 -9999 -9999 -9999 -9999 -9999 -9999 -9999 -9999 -9999 -9999 -9999 -9999 -9999 -9999 -9999 -9999 -9999 -9999 -9999 -9999 -9999 -9999 -9999 -9999 -9999 -9999 -9999 -9999 -9999 -9999 -9999 -9999 -9999 -9999 -9999 -9999 -9999 -9999 -9999 -9999 -9999
-9999 -9999 -9999 -9999 -9999 11.673 11.948 11.649 11.524 11.384 12.18 10.846 10.949 10.559 10.207 10.915 11.205 11.002 11.178 10.828 10.069 11.296 12.2 13.079 13.233 -9999 12.602 -9999 -9999 -9999 -9999 -9999 -9999 13.156 13.266 13.295 -9999 -9999 -9999 -9999 -9999 -9999 -9999 -9999 -9999 -9999 -9999 -9999 -9999 -9999 -9999 -9999 -9999 -9999 -9999 -9999 -9999 -9999 -9999 -9999 -9999 -9999 -9999 -9999 -9999 -9999 -9999 -9999 -9999 -9999 -9999 -9999 -9999 -9999 -9999
12.28 -9999 -9999 -9999 -9999 -9999 11.384 10.901 10.831 11.773 11.444 12.276 11.041 11.156 10.809 11.537 11.815 12.646 11.913 10.466 11.384 12.162 12.993 12.914 12.539 12.465 -9999 -9999 -9999 -9999 13.36 13.456 13.396 13.255 13.318 13.412 13.378 13.371 13.065 12.483 12.226 12.567 12.934 13.085 12.924 12.351 11.942 12.006 12.337 12.447 12.339 12.245 -9999 -9999 -9999 -9999 -9999 -9999 -9999 -9999 -9999 -9999 -9999 -9999 -9999 -9999 -9999 -9999 -9999 -9999 -9999 -9999 -9999 -9999 -9999
10.584 -9999 -9999 -9999 11.062 -9999 11.628 12.406 11.662 10.073 12.871 11.674 11.962 11.226 11.797 11.393 11.802 11.643 12.275 12.651 12.732 12.934 13.063 12.386 12.314 -9999 -9999 -9999 -9999 13.01 13.328 13.526 13.049 12.737 13.256 13.228 13.152 13.247 12.21 11.739 11.966 12.464 12.801 12.671 12.797 12.617 12.202 12.027 12.306 12.283 11.982 12.267 -9999 -9999 -9999 -9999 -9999 -9999 -9999 -9999 -9999 -9999 -9999 -9999 -9999 -9999 -9999 -9999 -9999 -9999 -9999 -9999 -9999 -9999 -9999
11.712 -9999 -9999 -9999 10.607 10.843 12.218 11.964 9.646 11.198 10.601 12.318 11.28 11.579 11.56 11.877 11.794 11.125 11.593 11.94 13.052 13.366 12.674 13.122 -9999 -9999 12.85 13.066 13.022 12.978 13.224 13.107 12.693 12.752 12.361 12.297 12.798 12.556 12.131 12.22 12.456 12.629 12.333 12.733 12.825 12.565 12.165 12.2 12.263 12.154 12.122 12.276 12.264 -9999 -9999 -9999 -9999 -9999 -9999 -9999 -9999 -9999 -9999 -9999 -9999 -9999 -9999 -9999 -9999 -9999 -9999 -9999 -9999 -9999 -9999
12.163 -9999 11.965 -9999 11.764 11.906 11.348 10.755 11.308 9.495 11.199 11.869 11.342 10.871 10.733 11.338 11.386 11.319 10.877 11.836 12.589 13.375 13.585 13.772 -9999 12.628 12.442 12.629 12.608 12.802 12.957 12.456 12.267 11.905 11.583 12.127 12.595 12.033 11.872 11.936 12.424 12.936 13.09 13.028 12.718 12.46 12.191 12.106 12.101 12.362 12.472 12.274 12.193 -9999 -9999 -9999 -9999 -9999 -9999 -9999 -9999 -9999 -9999 -9999 -9999 -9999 -9999 -9999 -9999 -9999 -9999 -9999 -9999 -9999 -9999
-9999 12.146 -9999 -9999 -9999 10.632 9.951 11.499 10.874 12.396 12.177 11.827 11.237 10.464 10.536 9.817 10.11 10.425 11.496 12.298 13.366 13.187 12.528 13.229 13.141 12.219 11.717 11.495 11.918 12.286 12.093 11.89 11.393 11.413 12.305 12.576 12.483 12.377 11.881 12.076 12.785 13.197 13.223 12.714 12.364 12.455 12.262 12.019 11.949 12.31 12.282 12.171 12.032 -9999 -9999 -9999 -9999 -9999 -9999 -9999 -9999 -9999 -9999 -9999 -9999 -9999 -9999 -9999 -9999 -9999 -9999 -9999 -9999 -9999 -9999
12.773 -9999 -9999 -9999 -9999 11.418 12.376 12.242 -9999 12.048 11.169 10.869 11.386 11.335 11.01 11.464 11.593 11.406 11.674 12.044 12.313 11.699 11.631 12.994 12.335 12.018 11.165 10.729 11.349 11.838 11.776 11.287 10.991 12.15 12.539 11.737 12.171 11.578 11.547 12.232 12.517 13.098 12.575 11.967 12.401 12.421 12.47 12.125 12.383 12.256 12.056 12.18 12.025 -9999 -9999 -9999 -9999 -9999 -9999 -9999 -9999 -9999 -9999 -9999 -9999 -9999 -9999 -9999 -9999 -9999 -9999 -9999 -9999 -9999 -9999
12.725 -9999 -9999 -9999 12.333 -9999 -9999 12.783 12.656 11.469 9.923 10.099 10.492 9.891 11.101 11.614 11.76 12.289 12.011 11.708 11.69 11.402 13.186 12.352 12.08 10.92 11.182 11.028 10.717 11.373 11.373 11.299 11.978 12.627 11.725 11.797 11.724 11.353 11.585 11.331 12.232 12.396 11.734 12.322 12.475 12.362 12.004 12.449 12.611 12.469 12.143 12.124 -9999 -9999 -9999 -9999 -9999 -9999 -9999 -9999 -9999 -9999 -9999 -9999 -9999 -9999 -9999 -9999 -9999 -9999 -9999 -9999 -9999 -9999 -9999
12.049 12.078 12.484 -9999 -9999 -9999 11.436 13.037 -9999 11.795 12.104 11.47 9.877 9.45 9.385 10.69 12.338 12.09 11.375 11.046 11.856 13.138 12.124 12.089 11.223 11.026 11.267 10.76 10.765 11.671 11.878 12.117 12.028 11.124 11.754 11.389 10.369 11.13 11.23 11.539 12.322 12.068 12.41 12.672 12.728 12.484 12.597 12.466 12.646 12.467 12.185 -9999 -9999 -9999 -9999 -9999 -9999 -9999 -9999 -9999 -9999 -9999 -9999 -9999 -9999 -9999 -9999 -9999 -9999 -9999 -9999 -9999 -9999 -9999 -9999
10.935 11.594 12.417 -9999 12.05 10.962 10.986 11.571 10.974 12.33 12.396 10.546 8.766 9.392 11.387 11.701 11.931 11.054 10.278 10.959 12.227 12.365 11.536 10.301 10.013 10.836 10.811 10.725 12.042 12.322 12.194 11.576 10.866 11.97 11.982 11.249 10.901 10.607 10.746 10.994 11.996 11.509 12.008 11.77 11.428 12.597 12.743 12.405 12.29 12.342 12.181 -9999 -9999 -9999 -9999 -9999 -9999 -9999 -9999 -9999 -9999 -9999 -9999 -9999 -9999 -9999 -9999 -9999 -9999 -9999 -9999 -9999 -9999 -9999 -9999
11.452 12.117 12.79 12.218 11.875 10.754 -9999 12.041 11.437 10.564 10.071 10.427 10.29 11.232 10.205 11.078 11.07 11.086 11.686 11.968 12.309 11.792 10.197 9.309 10.412 10.76 10.229 11.619 11.729 12.622 12.296 11.705 11.572 11.342 11.34 10.825 10.038 10.607 11.044 11.713 12.088 12.329 12.452 11.99 12.53 12.915 12.818 12.65 12.556 12.355 -9999 -9999 -9999 -9999 -9999 -9999 -9999 -9999 -9999 -9999 -9999 -9999 -9999 -9999 -9999 -9999 -9999 -9999 -9999 -9999 -9999 -9999 -9999 -9999 -9999
-9999 -9999 -9999 12.537 11.451 -9999 12.071 10.897 9.298 9.336 11.59 11.669 11.131 9.275 10.234 12.158 12.21 11.629 11.228 12.458 11.87 10.526 9.294 9.384 9.786 9.367 10.77 10.508 11.762 12.096 11.029 11.367 10.219 10.304 10.034 9.641 10.351 11.483 11.617 11.817 11.987 12.004 12.317 12.342 12.678 12.785 12.831 12.808 12.747 12.641 -9999 -9999 -9999 -9999 -9999 -9999 -9999 -9999 -9999 -9999 -9999 -9999 -9999 -9999 -9999 -9999 -9999 -9999 -9999 -9999 -9999 -9999 -9999 -9999 -9999
-9999 -9999 12.732 12.153 -9999 12.833 11.681 -9999 11.131 12.55 11.339 11.274 9.086 9.762 11.355 10.839 10.738 11.63 12.645 11.129 10.551 9.664 8.824 8.836 8.689 9.402 10.44 11.729 12.767 11.833 11.626 10.02 9.366 9.822 10.305 10.304 11.045 11.108 11.392 11.913 11.95 11.928 11.869 12.152 12.405 12.411 12.703 12.498 12.454 12.682 -9999 -9999 -9999 -9999 -9999 -9999 -9999 -9999 -9999 -9999 -9999 -9999 -9999 -9999 -9999 -9999 -9999 -9999 -9999 -9999 -9999 -9999 -9999 -9999 -9999
-9999 -9999 13.133 -9999 -9999 12.441 11.674 11.185 12.502 10.973 11.094 11.413 11.415 11.629 11.898 12.175 12.715 12.701 10.619 9.559 9.309 8.847 8.493 8.266 9.145 11.058 12.027 11.836 10.65 10.61 8.049 7.818 9.007 9.604 9.647 10.65 10.828 11.032 11.426 12.591 12.464 12.356 12.461 12.105 11.116 12.177 12.846 12.758 12.791 12.703 -9999 -9999 -9999 -9999 -9999 -9999 -9999 -9999 -9999 -9999 -9999 -9999 -9999 -9999 -9999 -9999 -9999 -9999 -9999 -9999 -9999 -9999 -9999 -9999 -9999
-9999 -9999 -9999 -9999 -9999 -9999 10.875 11.44 12.095 10.605 10.733 12.17 11.487 11.096 11.412 11.565 11.712 10.296 9.359 9.083 10.102 9.95 9.065 9.087 10.764 12.074 11.835 10.89 9.9 7.822 8.365 8.037 8.805 9.053 9.797 10.273 10.679 11.472 12.678 12.799 12.647 12.987 12.849 11.982 12.452 13.08 13.021 12.62 12.375 -9999 -9999 -9999 -9999 -9999 -9999 -9999 -9999 -9999 -9999 -9999 -9999 -9999 -9999 -9999 -9999 -9999 -9999 -9999 -9999 -9999 -9999 -9999 -9999 -9999 -9999
-9999 -9999 -9999 -9999 13.38 12.579 -9999 11.377 11.422 10.55 12.649 12.577 11.926 11.052 9.694 9.767 10.121 10.82 10.582 10.582 10.106 10.502 10.454 11.063 11.449 10.74 10.49 9.434 8.256 8.811 8.46 9.68 9.958 10.602 11.479 11.273 11.333 11.508 11.538 11.92 12.117 11.677 12.22 12.941 12.68 12.362 12.062 11.919 12.2 -9999 -9999 -9999 -9999 -9999 -9999 -9999 -9999 -9999 -9999 -9999 -9999 -9999 -9999 -9999 -9999 -9999 -9999 -9999 -9999 -9999 -9999 -9999 -9999 -9999 -9999
-9999 -9999 -9999 13.212 13.43 11.565 11.736 10.425 9.967 10.867 10.777 11.613 12.18 11.462 11.703 11.408 10.12 10.387 9.347 8.416 11.502 11.178 11.22 11.005 10.628 9.935 9.699 9.012 9.696 9.901 10.338 10.306 10.648 10.335 10.027 9.552 10.282 10.619 9.995 9.675 10.183 10.802 11.643 11.592 11.561 11.609 11.85 12.015 -9999 -9999 -9999 -9999 -9999 -9999 -9999 -9999 -9999 -9999 -9999 -9999 -9999 -9999 -9999 -9999 -9999 -9999 -9999 -9999 -9999 -9999 -9999 -9999 -9999 -9999 -9999
-9999 -9999 -9999 13.262 -9999 13.02 12.602 11.927 11.425 10.882 12.046 11.817 10.687 12.558 12.779 11.768 11.335 10.175 10.167 12.074 10.998 9.714 10.169 10.373 8.774 9.703 9.44 9.191 9.157 9.614 9.616 9.793 9.489 9.515 8.72 8.815 10.727 9.652 9.779 11.349 11.217 10.753 11.218 11.075 11.297 12.126 11.906 12.053 -9999 -9999 -9999 -9999 -9999 -9999 -9999 -9999 -9999 -9999 -9999 -9999 -9999 -9999 -9999 -9999 -9999 -9999 -9999 -9999 -9999 -9999 -9999 -9999 -9999 -9999 -9999
-9999 -9999 -9999 -9999 -9999 12.178 11.128 12.924 12.89 13.091 13.26 12.501 13.24 13.05 12.461 11.822 10.488 11.538 11.596 11.036 9.251 10.125 11.173 9.545 8.801 9.924 9.578 9.805 9.039 9.521 9.727 8.345 8.761 8.597 7.683 9.205 9.398 9.066 10.307 11.117 11.519 12.245 11.79 11.31 12.241 12.517 12.272 12.095 -9999 -9999 -9999 -9999 -9999 -9999 -9999 -9999 -9999 -9999 -9999 -9999 -9999 -9999 -9999 -9999 -9999 -9999 -9999 -9999 -9999 -9999 -9999 -9999 -9999 -9999 -9999
-9999 -9999 -9999 13.205 12.976 11.747 12.292 12.988 11.348 12.395 11.642 11.719 -9999 11.664 8.186 9.009 9.687 9.951 9.426 9.095 9.169 9.476 9.438 9.496 10.215 10.64 11.134 10.546 10.096 10.218 8.836 9.916 9.944 9.877 9.188 9.041 9.666 11.032 10.397 10.797 11.675 11.285 12.132 12.675 12.919 12.604 11.997 12.387 -9999 -9999 -9999 -9999 -9999 -9999 -9999 -9999 -9999 -9999 -9999 -9999 -9999 -9999 -9999 -9999 -9999 -9999 -9999 -9999 -9999 -9999 -9999 -9999 -9999 -9999 -9999
13.158 13.064 12.892 -9999 13.214 12.735 12.819 11.928 11.045 11.06 11.671 -9999 11.289 8.188 8.791 8.918 10.28 10.271 10.33 9.612 9.757 9.191 9.868 10.756 11.116 11.456 12.056 11.654 11.881 10.507 10.548 10.593 10.732 10.831 10.504 10.341 10.981 10.926 10.827 10.891 10.847 12.37 12.898 13.132 12.868 12.083 12.306 -9999 -9999 -9999 -9999 -9999 -9999 -9999 -9999 -9999 -9999 -9999 -9999 -9999 -9999 -9999 -9999 -9999 -9999 -9999 -9999 -9999 -9999 -9999 -9999 -9999 -9999 -9999 -9999
13.117 12.832 12.022 12.345 -9999 12.958 12.681 12.025 11.29 12.182 13.051 12.279 10.497 10.23 11.323 10.288 10.843 10.691 10.652 10.492 10.906 10.498 11.282 10.857 10.088 11.736 11.639 12.192 11.997 11.466 10.809 11.266 11.659 11.319 10.739 11.038 11.056 11.518 11.243 11.462 12.328 12.872 12.95 12.861 12.61 -9999 -9999 -9999 -9999 -9999 -9999 -9999 -9999 -9999 -9999 -9999 -9999 -9999 -9999 -9999 -9999 -9999 -9999 -9999 -9999 -9999 -9999 -9999 -9999 -9999 -9999 -9999 -9999 -9999 -9999
-9999 -9999 12.316 -9999 12.061 12.081 11.899 10.388 10.667 -9999 -9999 10.74 11.75 12.461 10.181 10.721 10.076 10.78 10.341 11.972 12.076 12.405 12.397 11.685 11.968 11.509 12.169 11.679 11.811 11.911 11.614 11.594 12.04 11.604 11.523 11.485 11.859 11.596 12.066 12.699 13.097 13.08 12.873 13.001 -9999 -9999 -9999 -9999 -9999 -9999 -9999 -9999 -9999 -9999 -9999 -9999 -9999 -9999 -9999 -9999 -9999 -9999 -9999 -9999 -9999 -9999 -9999 -9999 -9999 -9999 -9999 -9999 -9999 -9999 -9999
12.536 -9999 12.21 11.313 12.317 11.825 11.609 12.136 -9999 -9999 11.667 10.677 11.291 10.189 11.81 11.505 11.213 11.197 11.863 11.939 11.85 11.606 11.32 10.604 9.609 10.952 11.42 11.546 12.774 12.95 12.618 11.753 11.747 12.09 12.067 12.243 12.402 12.418 12.833 13.109 13.123 12.942 12.917 12.617 12.515 -9999 -9999 -9999 -9999 -9999 -9999 -9999 -9999 -9999 -9999 -9999 -9999 -9999 -9999 -9999 -9999 -9999 -9999 -9999 -9999 -9999 -9999 -9999 -9999 -9999 -9999 -9999 -9999 -9999 -9999
12.092 12.082 12.494 12.463 12.174 12.065 12.057 -9999 -9999 13.417 11.517 12.744 11.691 12.467 11.175 9.862 11.208 11.187 11.334 10.39 9.961 10.501 11.301 11.621 11.882 12.312 11.713 12.291 12.319 12.217 11.922 11.862 12.105 12.563 12.833 13.028 13.085 13.007 12.889 12.839 12.915 12.908 12.824 12.789 -9999 -9999 -9999 -9999 -9999 -9999 -9999 -9999 -9999 -9999 -9999 -9999 -9999 -9999 -9999 -9999 -9999 -9999 -9999 -9999 -9999 -9999 -9999 -9999 -9999 -9999 -9999 -9999 -9999 -9999 -9999
11.259 12.604 -9999 -9999 13.008 11.918 -9999 -9999 -9999 13.265 12.421 10.237 11.135 9.502 10.546 11.758 11.553 10.878 10.53 10.508 10.537 11.351 11.121 10.825 11.88 12.483 11.631 11.058 10.999 11.759 12.203 12.999 12.821 13.411 13.514 13.562 13.141 12.362 12.341 12.482 12.616 12.632 12.895 12.954 -9999 -9999 -9999 -9999 -9999 -9999 -9999 -9999 -9999 -9999 -9999 -9999 -9999 -9999 -9999 -9999 -9999 -9999 -9999 -9999 -9999 -9999 -9999 -9999 -9999 -9999 -9999 -9999 -9999 -9999 -9999
-9999 13.139 13.217 12.806 -9999 -9999 -9999 -9999 12.217 12.177 10.638 11.524 11.416 10.332 11.323 11.414 10.692 9.374 10.586 9.477 11.503 10.918 10.05 12.213 13.236 11.088 9.792 10.147 11.965 11.95 12.517 12.678 13.334 13.547 13.553 13.128 12.076 12.444 12.634 12.866 12.749 12.828 13.077 -9999 -9999 -9999 -9999 -9999 -9999 -9999 -9999 -9999 -9999 -9999 -9999 -9999 -9999 -9999 -9999 -9999 -9999 -9999 -9999 -9999 -9999 -9999 -9999 -9999 -9999 -9999 -9999 -9999 -9999 -9999 -9999
