Validation/Results/raw data/ReClimate_10_2023_2_Temperature-Actualsweatherlogisticsltd.asc
NCOLS 192
NROWS 249
XLLCENTER -225160.85627316462
YLLCENTER 29788.11610251502
CELLSIZE 5000.0
NODATA_VALUE -9999
[rows 170 to 203 of 249, columns 77 to 153 of 192]
-9999 -9999 -9999 -9999 -9999 -9999 -9999 -9999 -9999 -9999 -9999 -9999 -9999 -9999 -9999 7.36 7.088 -9999 -9999 -9999 -9999 -9999 -9999 -9999 -9999 -9999 -9999 -9999 -9999 -9999 -9999 -9999 -9999 -9999 5.538 5.704 5.49 5.332 5.085 5.042 5.104 5.15 5.209 5.378 5.508 5.515 5.261 4.814 4.073 3.401 2.851 3.082 3.081 3.484 4.399 4.82 5.032 4.79 4.72 4.798 4.904 4.874 4.886 4.876 4.875 4.855 4.758 4.722 4.804 4.871 4.838 4.54 4.529 4.497 4.721 4.999 5.262
-9999 -9999 -9999 -9999 -9999 -9999 -9999 -9999 -9999 -9999 -9999 -9999 -9999 -9999 -9999 7.038 6.723 6.715 -9999 -9999 -9999 -9999 -9999 -9999 -9999 -9999 -9999 -9999 -9999 -9999 -9999 -9999 -9999 5.707 5.778 5.685 5.576 5.323 5.228 5.13 5.174 5.146 5.191 5.266 5.312 5.25 5.123 4.819 4.24 3.291 2.64 3.105 3.597 3.726 4.275 5.087 5.198 4.997 4.63 4.689 4.906 4.931 4.882 4.818 4.829 4.848 4.811 4.72 4.786 4.877 4.9 4.71 4.481 4.533 4.687 5.005 5.243
-9999 -9999 -9999 -9999 -9999 -9999 -9999 -9999 -9999 -9999 -9999 -9999 -9999 -9999 7.312 6.858 6.445 6.548 6.945 -9999 -9999 -9999 -9999 -9999 -9999 -9999 -9999 -9999 -9999 -9999 6.051 -9999 -9999 5.696 5.519 5.653 5.611 5.462 -9999 5.125 5.05 5.017 5.04 4.982 5.066 5.014 4.919 4.557 3.954 4.082 3.171 3.491 4.044 3.622 4.329 4.738 5.066 4.991 4.736 4.739 4.882 5.038 4.887 4.788 4.853 4.881 4.875 4.786 4.799 4.907 4.892 4.829 4.594 4.481 4.592 4.969 5.209
-9999 -9999 -9999 -9999 -9999 -9999 -9999 -9999 -9999 -9999 -9999 -9999 -9999 -9999 7.28 6.761 6.492 6.503 6.801 7.07 7.323 -9999 -9999 -9999 6.529 6.549 -9999 6.333 6.245 6.06 5.29 5.346 -9999 -9999 5.572 5.54 -9999 -9999 5.24 5.057 5.183 5.311 5.118 4.907 4.804 4.792 4.646 4.162 3.568 3.739 3.583 3.447 3.711 3.723 3.888 4.789 4.911 4.812 4.585 4.714 4.814 4.94 4.955 4.783 4.865 4.913 4.884 4.83 4.827 4.951 4.938 4.893 4.768 4.632 4.556 4.8 5.114
-9999 -9999 -9999 -9999 -9999 -9999 -9999 -9999 -9999 -9999 -9999 -9999 -9999 -9999 -9999 7.025 6.684 6.605 6.774 6.869 -9999 -9999 5.235 5.031 5.961 5.431 5.499 5.516 5.909 5.638 5.343 5.012 5.055 -9999 5.545 5.529 5.463 5.379 4.992 4.782 5.118 5.424 5.245 4.939 4.82 4.708 4.563 3.975 3.228 3.375 3.544 3.731 4.0 3.905 4.034 4.541 4.888 4.813 4.628 4.683 4.754 4.826 4.86 4.851 4.913 4.956 4.834 4.628 4.842 5.069 5.033 4.976 4.89 4.789 4.801 4.847 4.926
-9999 -9999 -9999 -9999 -9999 -9999 -9999 -9999 -9999 -9999 -9999 -9999 -9999 -9999 -9999 7.258 6.996 6.968 6.889 6.817 6.664 5.537 3.739 5.398 5.649 4.853 5.135 4.83 5.15 5.515 5.221 4.465 4.95 5.08 5.331 5.495 5.406 5.194 4.864 4.732 4.984 5.212 5.135 4.989 4.833 4.693 4.456 3.735 3.296 3.079 3.378 3.449 4.087 4.241 4.011 4.284 4.656 4.708 4.681 4.693 4.697 4.762 4.824 4.848 4.979 4.963 4.939 4.916 4.88 5.13 5.116 5.052 4.989 4.874 4.737 4.883 5.048
-9999 -9999 -9999 -9999 -9999 -9999 -9999 -9999 -9999 -9999 -9999 -9999 -9999 -9999 -9999 -9999 7.325 7.219 6.878 6.275 5.338 3.135 3.666 5.073 4.85 4.9 4.388 4.215 4.449 4.744 4.87 4.99 4.376 4.897 5.241 5.307 5.366 5.252 4.987 4.89 4.963 5.07 5.084 4.939 4.8 4.66 4.3 3.828 3.271 3.129 3.52 3.428 3.683 4.495 4.255 4.303 4.588 4.59 4.692 4.823 4.787 4.766 4.805 4.881 5.032 5.041 5.051 4.978 5.012 5.119 5.138 5.092 5.011 4.968 4.946 4.946 5.032
-9999 -9999 -9999 -9999 -9999 -9999 -9999 -9999 -9999 -9999 -9999 -9999 -9999 -9999 -9999 -9999 -9999 -9999 6.449 5.391 4.259 3.84 4.169 5.211 5.05 4.403 3.832 3.684 3.754 4.516 5.147 4.768 4.168 4.615 5.131 5.368 5.506 5.314 5.072 4.883 4.902 4.935 4.932 4.908 4.803 4.565 4.085 3.759 3.519 3.136 3.431 3.401 3.407 3.96 4.526 4.467 4.76 4.64 4.524 4.73 4.826 4.888 4.913 4.985 5.07 5.088 5.084 5.089 4.972 5.053 5.093 5.076 5.052 5.049 5.063 5.063 5.057
-9999 -9999 -9999 -9999 -9999 -9999 -9999 -9999 -9999 -9999 -9999 -9999 -9999 -9999 -9999 -9999 -9999 7.139 6.117 5.412 5.087 4.311 5.125 5.347 4.774 4.549 3.996 3.524 3.842 3.987 4.678 4.475 3.978 4.267 4.853 5.569 5.575 5.373 5.021 4.835 4.819 4.857 4.899 4.89 4.723 4.333 4.142 4.197 3.858 3.388 3.586 3.66 3.805 4.021 4.186 4.61 4.715 4.691 4.661 4.672 4.834 4.837 5.004 5.106 5.128 5.11 5.099 4.923 4.94 5.039 5.115 5.099 5.103 5.14 5.156 5.162 5.205
-9999 -9999 -9999 -9999 -9999 -9999 -9999 -9999 -9999 -9999 -9999 -9999 -9999 -9999 -9999 -9999 7.219 5.629 5.913 5.489 5.025 5.132 4.035 4.158 4.332 4.151 3.579 3.96 3.769 4.177 4.539 3.939 3.605 4.181 4.943 5.566 5.629 5.372 4.968 4.914 4.932 4.887 4.911 4.817 4.531 4.479 4.407 4.08 3.836 3.654 3.505 3.937 4.128 4.33 4.55 4.601 4.857 4.82 4.854 4.849 4.899 5.075 4.953 5.11 5.167 5.112 5.064 4.897 4.851 5.057 5.089 5.107 5.126 5.168 5.183 5.26 5.417
-9999 -9999 -9999 -9999 -9999 -9999 -9999 -9999 -9999 -9999 -9999 -9999 -9999 -9999 -9999 7.152 5.886 6.32 6.277 5.92 5.911 5.263 4.86 4.415 3.976 3.625 3.62 3.712 3.85 4.416 4.058 4.14 4.717 4.886 5.333 5.416 5.5 5.264 5.016 4.976 4.933 4.928 4.779 4.545 4.603 4.549 4.435 4.066 3.972 4.243 4.106 4.092 4.331 4.444 4.594 4.714 4.782 5.001 5.072 5.167 5.212 5.248 5.221 5.106 5.131 5.122 5.069 4.901 4.864 5.08 5.122 5.091 5.123 5.159 5.225 5.302 5.403
-9999 -9999 -9999 -9999 -9999 -9999 -9999 -9999 -9999 -9999 -9999 -9999 -9999 7.04 7.166 6.775 6.836 7.027 6.989 6.603 6.602 6.05 5.239 4.55 3.896 3.082 4.143 4.217 4.513 4.355 3.651 3.925 4.311 4.962 5.195 5.268 5.276 5.116 4.963 4.882 4.908 4.8 4.603 4.527 4.441 4.594 4.362 4.108 4.177 4.269 4.348 4.433 4.505 4.605 4.725 4.977 4.96 5.003 5.227 5.393 5.44 5.292 5.2 5.152 5.106 5.05 5.04 4.853 4.79 5.015 5.141 5.124 5.095 5.137 5.215 5.237 -9999
-9999 -9999 -9999 -9999 -9999 -9999 -9999 -9999 -9999 -9999 -9999 -9999 6.899 6.947 6.883 7.09 -9999 -9999 -9999 -9999 6.107 5.154 4.816 4.478 3.704 4.336 4.369 3.849 4.145 3.576 2.593 3.32 4.085 4.467 5.066 5.337 5.196 5.042 4.957 4.913 4.863 4.767 4.619 4.566 4.436 4.479 4.342 4.33 4.37 4.442 4.603 4.693 4.746 4.9 4.955 5.14 5.307 5.224 5.254 5.305 5.346 5.25 5.146 5.067 4.966 4.923 4.922 4.857 4.787 4.928 5.121 5.185 5.14 5.125 5.187 5.208 5.259
-9999 -9999 -9999 -9999 -9999 -9999 -9999 -9999 -9999 -9999 -9999 -9999 6.931 6.856 7.284 -9999 -9999 -9999 -9999 -9999 5.904 5.122 4.584 4.688 4.051 4.109 3.748 3.323 3.448 3.132 3.166 4.311 4.363 4.849 5.277 5.357 5.201 5.057 4.917 4.759 4.705 4.74 4.644 4.52 4.493 4.426 4.512 4.529 4.633 4.498 4.489 4.601 4.829 5.071 5.195 5.228 5.213 5.249 5.257 5.173 5.097 4.942 4.965 4.816 4.667 4.642 4.763 4.827 4.855 5.0 5.165 5.292 5.255 5.207 5.181 5.148 5.166
-9999 -9999 -9999 -9999 -9999 -9999 -9999 -9999 -9999 -9999 -9999 -9999 -9999 -9999 7.468 -9999 -9999 -9999 -9999 -9999 5.857 5.0 5.088 4.734 4.386 4.324 3.326 3.531 4.172 3.542 4.184 4.416 4.632 5.155 5.416 5.385 5.104 5.022 4.862 4.744 4.849 4.795 4.725 4.665 4.568 4.615 4.699 4.799 4.757 4.752 4.686 4.636 4.84 4.961 4.896 4.993 5.05 5.075 5.214 5.135 4.913 4.697 4.621 4.778 4.652 4.578 4.645 4.783 4.886 5.062 5.262 5.419 5.404 5.33 5.27 5.196 5.225
-9999 -9999 -9999 -9999 -9999 -9999 -9999 -9999 -9999 -9999 -9999 -9999 -9999 -9999 -9999 -9999 -9999 -9999 -9999 -9999 6.187 5.53 6.074 5.319 4.62 3.619 3.803 3.844 3.751 4.365 4.402 4.487 5.189 5.379 5.513 5.324 5.175 5.039 5.013 4.998 4.963 4.924 4.828 4.746 4.717 4.732 4.813 4.813 4.673 4.846 4.959 4.906 4.837 4.946 4.786 4.671 4.831 4.795 4.97 5.14 4.972 4.873 4.766 4.748 4.801 4.696 4.667 4.82 4.972 5.127 5.32 5.49 5.479 5.409 5.343 5.304 5.31
-9999 -9999 -9999 -9999 -9999 -9999 -9999 -9999 -9999 -9999 -9999 -9999 -9999 -9999 -9999 -9999 -9999 -9999 -9999 -9999 -9999 6.101 4.862 4.334 4.205 4.403 4.332 4.056 4.58 4.618 4.917 5.266 5.126 5.485 5.41 5.083 5.051 5.108 5.225 5.26 5.118 4.891 4.784 4.656 4.678 4.763 4.883 4.765 4.578 4.682 4.947 5.028 4.977 4.9 4.866 4.747 4.673 4.518 4.561 5.007 5.122 4.972 4.821 4.626 4.611 4.783 4.785 4.914 5.087 5.276 5.387 5.512 5.502 5.45 5.411 5.396 5.405
-9999 -9999 -9999 -9999 -9999 -9999 -9999 -9999 -9999 -9999 -9999 -9999 -9999 -9999 -9999 -9999 -9999 -9999 -9999 -9999 6.239 5.613 4.916 4.036 4.738 4.77 4.301 4.543 4.578 4.554 5.262 5.159 5.108 5.286 4.456 4.903 5.098 5.12 5.099 5.195 4.845 4.325 4.319 4.576 4.797 4.789 4.893 4.852 4.735 4.711 4.897 4.995 5.02 4.964 4.869 4.842 4.718 4.688 4.716 4.96 5.042 4.888 4.689 4.504 4.495 4.75 4.948 5.042 5.222 5.357 5.421 5.478 5.518 5.503 5.48 5.489 5.491
-9999 -9999 -9999 -9999 -9999 -9999 -9999 -9999 -9999 -9999 -9999 -9999 -9999 -9999 -9999 -9999 -9999 -9999 -9999 -9999 6.517 5.863 4.171 5.2 5.528 4.96 4.782 4.495 4.051 4.592 5.222 5.152 5.35 5.0 5.037 5.047 4.908 4.839 5.127 4.988 4.576 4.386 4.443 4.802 4.838 4.808 4.91 4.899 4.941 4.902 4.931 5.007 5.03 5.036 4.998 4.945 4.873 4.751 4.872 5.028 4.947 4.674 4.442 4.485 4.545 4.677 4.942 5.166 5.25 5.398 5.397 5.422 5.524 5.578 5.573 5.581 5.599
-9999 -9999 -9999 -9999 -9999 -9999 -9999 -9999 -9999 -9999 -9999 -9999 -9999 -9999 -9999 -9999 -9999 -9999 -9999 -9999 6.49 5.646 6.003 5.619 5.307 4.998 4.549 3.854 4.116 4.336 4.923 5.169 5.435 5.305 5.049 4.631 4.319 4.395 4.838 4.588 4.602 4.483 4.708 4.997 4.909 4.897 4.959 5.038 5.109 4.966 4.92 5.034 5.071 4.936 5.018 5.051 4.991 4.932 4.989 5.054 4.92 4.697 4.56 4.569 4.733 4.896 5.075 5.159 5.261 5.36 5.483 5.435 5.538 5.605 5.617 5.634 5.64
-9999 -9999 -9999 -9999 -9999 -9999 -9999 -9999 -9999 -9999 -9999 -9999 -9999 -9999 -9999 -9999 -9999 -9999 -9999 -9999 -9999 6.752 5.51 4.761 4.093 3.953 3.987 4.269 4.54 5.08 5.208 5.359 5.236 5.152 5.022 4.773 4.45 4.354 4.521 4.716 4.645 4.516 4.837 5.085 4.954 5.093 5.102 5.061 5.323 5.339 5.158 5.153 5.165 4.96 4.875 5.096 5.048 5.006 5.041 5.035 4.879 4.783 4.808 4.929 4.984 5.11 5.16 5.168 5.287 5.407 5.457 5.492 5.597 5.656 5.638 5.632 5.638
-9999 -9999 -9999 -9999 -9999 -9999 -9999 -9999 -9999 -9999 -9999 -9999 -9999 -9999 -9999 -9999 -9999 -9999 -9999 -9999 -9999 6.059 5.061 4.223 3.528 3.344 3.755 4.514 5.078 5.132 4.816 4.384 4.098 4.145 4.614 4.889 4.518 4.485 4.626 4.75 4.34 4.538 4.81 4.924 4.951 5.162 5.122 5.211 5.222 5.356 5.359 5.254 5.216 5.098 5.02 5.145 5.143 4.972 4.889 4.861 4.778 4.787 4.93 4.904 4.994 5.073 5.21 5.152 5.253 5.376 5.378 5.489 5.633 5.674 5.615 5.537 5.49
-9999 -9999 -9999 -9999 -9999 -9999 -9999 -9999 -9999 -9999 -9999 -9999 -9999 -9999 -9999 -9999 -9999 -9999 -9999 -9999 6.748 5.951 5.029 4.205 3.705 3.839 4.221 4.611 4.34 3.71 3.936 3.821 3.873 4.486 4.78 4.651 4.593 4.768 4.855 4.519 4.424 4.493 4.757 4.912 4.988 5.245 5.166 5.031 5.217 5.135 5.218 5.173 5.179 5.177 5.191 5.303 5.222 5.086 5.003 4.867 4.843 4.747 4.86 4.923 4.987 5.115 5.159 5.256 5.314 5.333 5.341 5.49 5.675 5.69 5.655 5.541 5.441
-9999 -9999 -9999 -9999 -9999 -9999 -9999 -9999 -9999 -9999 -9999 -9999 -9999 -9999 -9999 -9999 -9999 -9999 -9999 -9999 6.294 5.66 5.19 4.781 4.263 3.66 3.835 4.048 3.997 3.925 3.65 3.539 3.914 4.505 4.209 4.263 4.794 4.622 4.949 4.652 4.4 4.364 4.908 4.931 5.281 5.311 5.142 5.042 4.738 4.993 5.019 5.065 5.069 5.147 5.172 5.271 5.286 5.198 5.161 5.13 4.893 4.802 4.787 4.859 4.961 5.204 5.255 5.288 5.316 5.298 5.338 5.498 5.596 5.688 5.682 5.622 5.502
-9999 -9999 -9999 -9999 -9999 -9999 -9999 -9999 -9999 -9999 -9999 -9999 -9999 -9999 -9999 -9999 -9999 -9999 -9999 -9999 5.889 5.879 5.834 5.139 4.166 3.585 3.809 4.06 4.224 3.843 3.884 4.064 4.296 4.225 4.276 4.792 4.814 4.864 4.556 4.885 4.735 4.93 4.905 4.97 5.287 5.403 5.257 4.933 5.037 5.024 4.98 5.006 5.019 5.157 5.233 5.178 5.196 5.17 5.201 5.163 4.969 4.814 4.947 5.092 5.036 5.204 5.267 5.355 5.336 5.295 5.436 5.612 5.695 5.759 5.81 5.746 5.699
-9999 -9999 -9999 -9999 -9999 -9999 -9999 -9999 -9999 -9999 -9999 -9999 -9999 -9999 -9999 -9999 -9999 -9999 -9999 6.133 5.811 5.26 5.249 4.995 4.112 3.918 3.576 4.0 4.536 4.476 4.529 4.253 4.236 4.526 4.395 4.466 4.824 4.778 5.094 5.199 5.196 5.136 5.007 5.221 5.392 5.39 5.34 5.274 5.236 5.359 5.195 5.09 5.048 5.125 5.239 5.233 5.225 5.279 5.226 5.108 5.027 4.989 5.162 5.283 5.263 5.247 5.399 5.33 5.356 5.329 5.381 5.56 5.695 5.721 5.761 5.759 5.801
-9999 -9999 -9999 -9999 -9999 -9999 -9999 -9999 -9999 -9999 -9999 -9999 -9999 -9999 -9999 -9999 -9999 -9999 5.937 5.816 5.171 5.292 5.256 4.371 3.806 3.657 3.854 4.204 4.536 4.416 4.53 4.27 3.868 4.353 4.294 4.89 5.022 5.195 5.248 5.171 5.044 5.084 5.005 5.307 5.355 5.53 5.516 5.408 5.272 5.341 5.369 5.151 5.112 5.251 5.332 5.281 5.227 5.223 5.2 5.109 5.101 5.143 5.269 5.432 5.483 5.51 5.383 5.321 5.322 5.367 5.43 5.568 5.607 5.582 5.565 5.618 5.764
-9999 -9999 -9999 -9999 -9999 -9999 -9999 -9999 -9999 -9999 -9999 -9999 -9999 -9999 -9999 -9999 5.623 5.703 5.538 5.875 5.686 5.451 4.883 4.059 3.701 3.577 3.449 4.038 4.262 4.682 4.53 4.061 4.031 4.454 4.919 5.091 5.29 5.283 5.314 5.045 4.948 4.939 5.2 5.494 5.568 5.585 5.545 5.399 5.3 5.302 5.336 5.178 5.214 5.319 5.436 5.245 5.138 5.029 4.928 4.97 5.064 5.273 5.381 5.444 5.372 5.436 5.401 5.39 5.368 5.387 5.465 5.602 5.671 5.505 5.454 5.524 5.713
-9999 -9999 -9999 -9999 -9999 -9999 -9999 -9999 -9999 -9999 -9999 -9999 -9999 -9999 -9999 5.709 5.442 5.019 5.289 5.604 5.518 5.223 4.333 4.252 3.802 3.668 3.968 4.491 4.87 4.86 4.766 4.313 3.846 4.36 4.879 5.293 5.254 5.253 5.048 5.179 4.978 5.012 5.369 5.603 5.773 5.773 5.57 5.517 5.359 5.354 5.408 5.35 5.297 5.341 5.283 5.306 5.115 5.079 5.004 4.87 4.923 5.061 5.233 5.317 5.301 5.358 5.459 5.393 5.544 5.586 5.597 5.661 5.622 5.519 5.436 5.552 5.722
-9999 -9999 -9999 -9999 -9999 -9999 -9999 -9999 -9999 -9999 -9999 -9999 7.156 6.538 6.082 5.678 5.087 5.036 5.272 5.646 5.606 4.675 4.556 4.437 4.588 3.856 4.414 4.564 4.266 4.762 4.937 3.79 4.32 4.846 5.542 5.504 5.307 4.9 5.435 5.288 5.212 5.235 5.319 5.646 5.798 5.861 5.704 5.645 5.488 5.38 5.455 5.437 5.451 5.332 5.235 4.978 5.103 5.168 5.142 5.003 4.992 5.095 5.234 5.362 5.333 5.386 5.426 5.534 5.593 5.674 5.621 5.653 5.662 5.58 5.594 5.642 5.717
-9999 -9999 -9999 -9999 -9999 -9999 -9999 -9999 -9999 -9999 6.722 6.833 6.67 6.385 6.137 5.696 5.673 5.502 5.735 5.543 4.742 5.038 4.968 4.974 5.044 4.437 4.141 3.544 4.079 4.479 4.407 4.675 5.034 5.486 4.951 5.144 5.375 5.524 5.556 5.5 5.407 5.427 5.584 5.586 5.809 5.955 5.852 5.762 5.661 5.597 5.584 5.421 5.539 5.538 5.266 5.075 4.956 5.182 5.167 5.036 4.981 5.03 5.15 5.385 5.508 5.551 5.523 5.503 5.639 5.598 5.535 5.602 5.673 5.654 5.646 5.653 5.647
-9999 -9999 -9999 -9999 -9999 -9999 6.95 6.81 6.78 6.749 6.24 6.661 6.384 6.315 6.012 5.746 5.728 5.698 5.608 4.965 5.174 5.4 5.021 5.468 5.181 4.569 3.715 3.906 4.28 4.534 4.495 5.038 5.405 4.473 4.536 5.158 5.24 5.573 5.54 5.574 5.469 5.32 5.54 5.47 5.921 5.961 5.889 5.682 5.579 5.626 5.195 5.369 5.51 5.557 5.299 4.998 4.994 5.122 5.154 5.155 5.107 5.125 5.193 5.384 5.496 5.582 5.616 5.515 5.511 5.571 5.564 5.663 5.737 5.642 5.425 5.428 5.369
-9999 -9999 -9999 -9999 -9999 7.4 6.907 6.807 6.577 5.819 5.525 5.619 5.819 5.995 5.478 5.341 5.45 5.416 5.107 5.417 5.431 5.134 5.545 5.728 5.304 4.624 4.181 4.378 4.543 4.598 4.891 5.196 4.338 3.395 4.393 5.006 5.477 5.422 5.504 5.363 5.441 5.584 5.626 5.825 5.912 5.908 5.909 5.699 5.521 5.24 4.978 4.847 5.307 5.43 5.042 4.902 4.965 5.107 5.202 5.183 5.201 5.222 5.334 5.341 5.405 5.518 5.446 5.385 5.491 5.558 5.604 5.689 5.703 5.541 5.359 5.266 5.298
-9999 -9999 -9999 -9999 7.813 7.122 6.723 6.571 6.151 5.674 5.725 5.912 6.062 5.574 5.439 5.398 5.755 5.326 5.201 5.449 5.423 5.565 5.988 5.62 4.9 4.496 4.653 4.765 4.712 5.192 5.375 5.083 3.811 3.836 4.406 5.398 5.246 5.319 5.24 5.59 5.709 5.62 5.717 5.797 5.887 5.926 6.01 5.841 5.583 5.175 4.802 4.888 5.147 5.219 4.986 4.731 4.909 5.095 5.174 5.263 5.283 5.338 5.363 5.387 5.297 5.372 5.481 5.412 5.471 5.454 5.369 5.559 5.649 5.508 5.346 5.353 5.378
