Validation/Results/raw data/ReClimate_08_2024_1_Precipitation-Actualsweatherlogisticsltd.asc
NCOLS 192
NROWS 249
XLLCENTER -225160.85627316462
YLLCENTER 29788.11610251502
CELLSIZE 5000.0
NODATA_VALUE -9999
[rows 66 to 98 of 249, columns 74 to 147 of 192]
-9999 -9999 -9999 -9999 -9999 -9999 -9999 -9999 -9999 -9999 -9999 122.29 -9999 139.537 169.414 191.275 183.411 200.248 173.603 161.166 133.798 116.113 93.186 98.614 113.059 111.428 106.498 103.97 99.177 101.871 89.287 82.431 -9999 -9999 -9999 -9999 -9999 -9999 -9999 -9999 -9999 -9999 -9999 -9999 -9999 -9999 -9999 -9999 -9999 -9999 -9999 -9999 -9999 -9999 -9999 -9999 -9999 -9999 -9999 -9999 -9999 -9999 -9999 -9999 -9999 -9999 -9999 -9999 -9999 -9999 -9999 -9999 -9999 -9999
-9999 -9999 -9999 -9999 -9999 -9999 -9999 -9999 -9999 -9999 -9999 -9999 129.095 166.598 172.473 174.869 173.263 168.642 164.163 155.144 132.944 112.972 102.694 96.534 97.578 94.994 98.095 98.396 99.118 86.252 -9999 -9999 -9999 -9999 -9999 -9999 -9999 -9999 -9999 -9999 -9999 -9999 -9999 -9999 -9999 -9999 -9999 -9999 -9999 -9999 -9999 -9999 -9999 -9999 -9999 -9999 -9999 -9999 -9999 -9999 -9999 -9999 -9999 -9999 -9999 -9999 -9999 -9999 -9999 -9999 -9999 -9999 -9999 -9999
-9999 -9999 -9999 -9999 -9999 -9999 -9999 -9999 -9999 -9999 -9999 -9999 139.994 167.243 159.709 146.021 156.883 160.176 135.795 115.18 111.275 102.335 97.882 93.008 98.103 96.791 89.016 91.683 82.223 69.595 -9999 -9999 -9999 -9999 -9999 -9999 -9999 -9999 -9999 -9999 -9999 -9999 -9999 -9999 -9999 -9999 -9999 -9999 -9999 -9999 -9999 -9999 -9999 -9999 -9999 -9999 -9999 -9999 -9999 -9999 -9999 -9999 -9999 -9999 -9999 -9999 -9999 -9999 -9999 -9999 -9999 -9999 -9999 -9999
-9999 -9999 -9999 -9999 -9999 -9999 -9999 -9999 -9999 -9999 -9999 -9999 -9999 -9999 141.628 149.225 155.686 138.1 120.119 110.031 112.59 105.541 89.979 88.737 99.256 92.716 86.238 70.807 -9999 -9999 -9999 -9999 -9999 -9999 -9999 -9999 -9999 -9999 -9999 -9999 -9999 -9999 -9999 -9999 -9999 -9999 -9999 -9999 -9999 -9999 -9999 -9999 -9999 -9999 -9999 -9999 -9999 -9999 -9999 -9999 -9999 -9999 -9999 -9999 -9999 -9999 -9999 -9999 -9999 -9999 -9999 -9999 -9999 -9999
-9999 -9999 -9999 -9999 -9999 -9999 -9999 -9999 126.483 -9999 -9999 120.453 131.811 148.192 143.364 165.788 153.4 145.394 135.309 132.605 128.363 117.466 83.289 85.237 87.597 93.051 78.865 70.557 -9999 -9999 -9999 -9999 -9999 -9999 -9999 -9999 -9999 -9999 -9999 -9999 -9999 -9999 -9999 -9999 -9999 -9999 -9999 -9999 -9999 -9999 -9999 -9999 -9999 -9999 -9999 -9999 -9999 -9999 -9999 -9999 -9999 -9999 -9999 -9999 -9999 -9999 -9999 -9999 -9999 -9999 -9999 -9999 -9999 -9999
-9999 -9999 -9999 -9999 -9999 -9999 124.721 124.932 133.837 138.643 146.716 137.052 162.922 185.897 181.44 147.601 165.683 166.654 155.344 141.079 132.787 126.547 110.495 79.924 77.554 72.644 66.873 61.389 -9999 -9999 -9999 -9999 -9999 -9999 -9999 -9999 -9999 -9999 -9999 -9999 -9999 -9999 -9999 -9999 -9999 -9999 -9999 -9999 -9999 -9999 -9999 -9999 -9999 -9999 -9999 -9999 -9999 -9999 -9999 -9999 -9999 -9999 -9999 -9999 -9999 -9999 -9999 -9999 -9999 -9999 -9999 -9999 -9999 -9999
-9999 -9999 -9999 -9999 -9999 -9999 126.344 137.949 -9999 156.31 168.308 174.052 186.997 210.427 161.158 165.022 176.129 183.907 182.041 148.335 141.058 134.298 104.569 91.88 92.028 74.734 68.235 -9999 58.052 -9999 -9999 -9999 -9999 -9999 -9999 -9999 -9999 -9999 -9999 -9999 -9999 -9999 -9999 -9999 -9999 -9999 -9999 -9999 -9999 -9999 -9999 -9999 -9999 -9999 -9999 -9999 -9999 -9999 -9999 -9999 -9999 -9999 -9999 -9999 -9999 -9999 -9999 -9999 -9999 -9999 -9999 -9999 -9999 -9999
-9999 -9999 -9999 -9999 -9999 -9999 -9999 154.658 159.949 167.774 189.496 185.978 211.963 181.486 165.687 160.877 167.296 173.508 159.319 132.597 126.456 120.527 96.996 95.521 84.95 74.879 66.006 56.01 56.233 -9999 -9999 -9999 -9999 -9999 -9999 -9999 -9999 -9999 -9999 -9999 -9999 -9999 -9999 -9999 -9999 -9999 -9999 -9999 -9999 -9999 -9999 -9999 -9999 -9999 -9999 -9999 -9999 -9999 -9999 -9999 -9999 -9999 -9999 -9999 -9999 -9999 -9999 -9999 -9999 -9999 -9999 -9999 -9999 -9999
124.113 -9999 -9999 -9999 -9999 -9999 -9999 -9999 156.119 171.644 187.605 228.22 213.365 200.939 180.665 187.235 191.342 157.93 127.956 118.973 132.212 119.301 101.985 95.225 75.901 68.639 56.327 58.503 65.888 -9999 -9999 -9999 -9999 -9999 -9999 -9999 -9999 -9999 -9999 -9999 -9999 -9999 -9999 -9999 -9999 -9999 -9999 -9999 -9999 -9999 -9999 -9999 -9999 -9999 -9999 -9999 -9999 -9999 -9999 -9999 -9999 -9999 -9999 -9999 -9999 -9999 -9999 -9999 -9999 -9999 -9999 -9999 -9999 -9999
144.08 -9999 -9999 -9999 -9999 -9999 156.643 159.379 182.35 190.989 201.936 200.095 218.992 203.011 195.72 193.566 166.242 141.795 134.259 115.322 125.285 139.65 106.693 78.449 63.927 60.241 -9999 65.042 -9999 -9999 -9999 -9999 -9999 -9999 70.839 65.463 65.438 -9999 -9999 -9999 -9999 -9999 -9999 -9999 -9999 -9999 -9999 -9999 -9999 -9999 -9999 -9999 -9999 -9999 -9999 -9999 -9999 -9999 -9999 -9999 -9999 -9999 -9999 -9999 -9999 -9999 -9999 -9999 -9999 -9999 -9999 -9999 -9999 -9999
149.481 135.23 -9999 -9999 -9999 -9999 -9999 177.43 196.543 205.636 198.104 212.178 195.102 195.193 185.288 182.373 150.526 132.099 108.971 116.87 137.971 114.796 86.744 72.152 72.27 73.45 67.078 -9999 -9999 -9999 -9999 64.111 62.499 64.224 69.682 68.293 66.034 69.473 70.957 75.593 85.038 86.446 75.338 67.322 67.223 72.815 78.529 77.698 71.132 64.469 62.756 67.172 69.745 -9999 -9999 -9999 -9999 -9999 -9999 -9999 -9999 -9999 -9999 -9999 -9999 -9999 -9999 -9999 -9999 -9999 -9999 -9999 -9999 -9999
179.134 177.949 -9999 -9999 -9999 158.663 -9999 171.947 179.702 202.916 240.378 225.398 199.4 177.147 178.698 157.294 151.195 132.255 124.036 104.656 90.353 87.996 77.888 73.779 80.569 73.423 -9999 -9999 -9999 -9999 67.907 68.128 67.316 73.385 80.645 70.271 72.2 81.068 79.456 88.905 95.004 97.466 80.912 72.879 74.033 75.298 76.525 76.868 73.887 65.061 60.894 76.579 69.642 -9999 -9999 -9999 -9999 -9999 -9999 -9999 -9999 -9999 -9999 -9999 -9999 -9999 -9999 -9999 -9999 -9999 -9999 -9999 -9999 -9999
188.481 184.766 -9999 -9999 -9999 163.159 167.31 166.426 200.999 243.385 245.206 240.98 196.51 193.12 174.381 153.885 136.591 128.293 128.939 106.872 100.728 80.876 70.251 76.417 67.994 -9999 -9999 65.673 65.851 68.083 71.925 74.019 76.031 85.71 87.58 87.624 91.771 87.887 83.549 85.045 89.624 82.965 81.445 83.83 75.109 75.025 79.558 81.469 76.209 73.162 79.38 73.049 70.996 67.543 -9999 -9999 -9999 -9999 -9999 -9999 -9999 -9999 -9999 -9999 -9999 -9999 -9999 -9999 -9999 -9999 -9999 -9999 -9999 -9999
177.497 176.987 -9999 161.732 -9999 149.937 154.213 201.061 237.695 226.642 253.465 234.593 218.873 205.005 180.462 169.599 148.759 141.964 128.364 120.214 94.441 78.427 60.914 59.405 62.953 -9999 76.5 77.903 79.709 74.686 75.465 76.78 88.554 93.683 92.843 98.531 94.225 87.901 88.965 90.649 89.488 84.598 80.727 76.624 79.16 80.699 82.389 81.694 79.995 76.581 75.04 72.276 67.913 67.872 -9999 -9999 -9999 -9999 -9999 -9999 -9999 -9999 -9999 -9999 -9999 -9999 -9999 -9999 -9999 -9999 -9999 -9999 -9999 -9999
177.963 -9999 165.674 -9999 -9999 -9999 199.365 260.067 230.095 226.087 207.387 211.788 204.587 191.201 184.152 170.331 172.54 158.427 141.359 112.31 92.038 72.141 67.702 81.656 72.641 76.047 88.731 97.335 99.035 89.334 82.958 93.193 98.298 101.95 98.318 82.791 82.698 82.793 83.216 90.667 85.736 82.629 78.204 75.679 79.084 87.675 85.175 81.111 81.911 85.38 83.914 77.125 71.638 70.414 -9999 -9999 -9999 -9999 -9999 -9999 -9999 -9999 -9999 -9999 -9999 -9999 -9999 -9999 -9999 -9999 -9999 -9999 -9999 -9999
184.508 171.8 -9999 -9999 -9999 -9999 212.084 211.128 195.741 -9999 190.338 204.883 207.18 185.978 175.496 170.97 142.633 134.565 132.158 117.34 106.619 93.332 97.075 96.607 73.636 85.06 89.726 105.575 116.528 104.17 87.15 85.908 100.365 104.462 83.797 78.743 92.44 86.399 103.36 95.834 86.004 87.889 78.612 78.045 87.654 82.464 78.857 76.873 81.989 80.58 83.939 79.899 71.393 69.209 -9999 -9999 -9999 -9999 -9999 -9999 -9999 -9999 -9999 -9999 -9999 -9999 -9999 -9999 -9999 -9999 -9999 -9999 -9999 -9999
209.196 210.871 -9999 -9999 -9999 182.238 -9999 -9999 167.064 169.618 197.275 224.969 223.072 203.177 199.203 169.588 154.328 123.786 110.161 102.176 99.784 98.574 103.537 74.959 84.686 84.437 105.679 103.872 105.283 109.233 88.95 87.011 92.33 85.862 83.055 97.307 90.941 94.146 95.801 91.414 97.055 88.121 80.409 87.751 79.69 75.752 76.58 81.176 73.557 73.478 72.685 75.427 69.763 -9999 -9999 -9999 -9999 -9999 -9999 -9999 -9999 -9999 -9999 -9999 -9999 -9999 -9999 -9999 -9999 -9999 -9999 -9999 -9999 -9999
248.798 254.698 215.39 187.957 -9999 -9999 -9999 189.251 167.016 -9999 199.07 206.411 208.48 211.487 199.737 194.597 153.4 115.378 109.734 106.941 105.612 100.574 82.47 92.933 85.528 96.281 100.096 92.005 101.662 98.835 80.53 79.833 77.218 83.383 104.632 94.171 96.312 112.044 98.556 92.936 86.289 81.984 83.255 81.152 75.173 71.902 76.536 72.22 71.383 67.863 67.632 68.606 -9999 -9999 -9999 -9999 -9999 -9999 -9999 -9999 -9999 -9999 -9999 -9999 -9999 -9999 -9999 -9999 -9999 -9999 -9999 -9999 -9999 -9999
261.589 255.859 221.165 202.451 -9999 192.003 194.046 197.663 196.51 218.713 218.16 217.497 232.293 233.101 201.599 164.599 150.829 135.357 134.337 127.73 116.775 98.576 93.471 100.649 115.937 115.503 96.036 91.869 91.942 72.76 73.27 80.12 85.374 96.132 83.604 84.114 95.818 106.432 110.404 102.137 103.165 87.185 98.901 86.774 86.519 93.442 75.19 70.051 74.646 73.947 68.005 66.533 -9999 -9999 -9999 -9999 -9999 -9999 -9999 -9999 -9999 -9999 -9999 -9999 -9999 -9999 -9999 -9999 -9999 -9999 -9999 -9999 -9999 -9999
238.86 233.853 211.057 200.436 201.23 193.962 211.377 -9999 206.927 231.686 260.163 278.696 260.42 235.71 194.851 198.58 168.972 149.67 133.043 117.481 107.539 95.147 98.319 124.142 133.047 107.497 97.97 104.083 85.147 88.04 75.104 78.402 79.762 83.502 93.869 92.317 102.54 116.624 101.752 94.365 89.577 84.696 77.864 70.521 78.254 74.411 67.183 70.156 72.718 70.673 68.245 -9999 -9999 -9999 -9999 -9999 -9999 -9999 -9999 -9999 -9999 -9999 -9999 -9999 -9999 -9999 -9999 -9999 -9999 -9999 -9999 -9999 -9999 -9999
235.626 -9999 -9999 -9999 184.556 204.056 -9999 209.589 234.86 278.088 298.407 276.069 280.255 249.933 228.995 197.177 157.327 132.762 134.418 135.045 108.292 107.309 122.435 142.178 140.016 129.737 130.209 104.265 108.405 89.117 81.522 98.429 90.649 108.069 104.191 104.237 110.016 99.927 83.528 91.423 95.057 88.655 82.266 70.05 75.304 71.999 69.406 70.561 72.027 70.674 65.937 -9999 -9999 -9999 -9999 -9999 -9999 -9999 -9999 -9999 -9999 -9999 -9999 -9999 -9999 -9999 -9999 -9999 -9999 -9999 -9999 -9999 -9999 -9999
-9999 -9999 -9999 161.935 197.813 -9999 195.807 217.063 -9999 265.387 257.894 285.681 278.654 270.856 225.858 188.978 177.012 160.88 137.758 119.732 135.09 131.75 138.211 160.398 161.436 150.652 125.36 100.597 83.864 76.405 96.414 105.034 120.382 122.017 108.071 98.069 101.18 91.287 91.573 89.751 88.027 87.18 74.391 77.707 82.568 81.691 75.367 69.269 74.41 74.147 65.151 -9999 -9999 -9999 -9999 -9999 -9999 -9999 -9999 -9999 -9999 -9999 -9999 -9999 -9999 -9999 -9999 -9999 -9999 -9999 -9999 -9999 -9999 -9999
-9999 -9999 -9999 158.901 -9999 -9999 203.305 223.734 249.648 245.733 276.499 279.922 253.185 231.454 204.528 173.971 151.442 135.602 138.128 162.137 167.799 161.215 165.837 170.001 160.106 130.22 91.505 78.056 87.067 111.617 127.116 162.585 160.684 134.252 119.484 117.502 100.928 93.353 84.394 81.385 74.599 73.639 74.795 75.042 88.685 99.583 79.597 70.303 71.433 69.685 65.775 -9999 -9999 -9999 -9999 -9999 -9999 -9999 -9999 -9999 -9999 -9999 -9999 -9999 -9999 -9999 -9999 -9999 -9999 -9999 -9999 -9999 -9999 -9999
-9999 -9999 -9999 -9999 -9999 -9999 -9999 242.794 250.89 244.048 280.679 274.021 241.977 240.936 213.577 187.813 179.91 179.354 186.23 182.176 178.676 155.225 145.063 143.936 135.602 104.055 82.114 88.584 104.649 128.107 162.683 152.131 147.402 131.895 126.053 110.388 97.71 93.934 86.699 70.614 64.758 68.834 67.208 72.896 87.946 79.106 68.415 69.365 75.673 75.465 -9999 -9999 -9999 -9999 -9999 -9999 -9999 -9999 -9999 -9999 -9999 -9999 -9999 -9999 -9999 -9999 -9999 -9999 -9999 -9999 -9999 -9999 -9999 -9999
-9999 -9999 -9999 -9999 -9999 175.309 200.005 -9999 253.703 264.931 305.383 269.246 233.535 218.696 210.533 224.94 222.212 200.941 176.778 174.726 161.264 150.359 125.969 118.388 107.377 95.535 102.887 102.887 117.012 141.137 139.894 137.844 106.693 107.747 101.651 79.531 81.407 92.298 96.013 92.162 84.725 84.029 93.154 87.658 70.732 75.302 83.183 86.211 82.095 74.243 -9999 -9999 -9999 -9999 -9999 -9999 -9999 -9999 -9999 -9999 -9999 -9999 -9999 -9999 -9999 -9999 -9999 -9999 -9999 -9999 -9999 -9999 -9999 -9999
-9999 -9999 -9999 -9999 171.538 172.6 213.824 237.633 273.252 302.372 298.167 269.201 224.667 197.63 201.305 194.078 195.855 208.142 198.714 198.843 188.276 126.022 123.728 112.771 108.149 109.141 119.243 114.597 124.546 122.963 127.255 110.659 101.133 102.039 112.966 110.134 117.519 110.201 100.026 119.382 128.92 121.977 112.689 95.881 96.096 95.961 93.728 83.959 74.46 -9999 -9999 -9999 -9999 -9999 -9999 -9999 -9999 -9999 -9999 -9999 -9999 -9999 -9999 -9999 -9999 -9999 -9999 -9999 -9999 -9999 -9999 -9999 -9999 -9999
-9999 -9999 -9999 -9999 168.831 -9999 203.761 224.6 259.937 295.86 283.333 218.071 203.344 208.357 177.112 175.357 180.826 180.885 188.26 177.55 139.042 142.083 152.37 133.125 119.128 150.563 140.847 141.739 136.727 138.532 134.031 125.181 116.473 130.096 130.97 137.36 140.027 105.349 121.685 127.609 107.969 112.431 118.171 106.037 100.047 96.036 81.584 76.969 71.125 -9999 -9999 -9999 -9999 -9999 -9999 -9999 -9999 -9999 -9999 -9999 -9999 -9999 -9999 -9999 -9999 -9999 -9999 -9999 -9999 -9999 -9999 -9999 -9999 -9999
-9999 -9999 -9999 -9999 -9999 -9999 226.513 246.754 248.651 265.806 226.771 184.785 186.191 168.483 163.177 166.452 169.034 181.257 157.74 164.726 163.791 178.326 155.69 126.364 144.052 158.77 146.308 144.53 132.162 143.784 133.83 127.543 152.027 150.385 146.928 163.346 153.24 151.212 148.793 131.896 118.9 111.556 99.734 100.658 101.579 84.909 74.97 72.603 67.626 -9999 -9999 -9999 -9999 -9999 -9999 -9999 -9999 -9999 -9999 -9999 -9999 -9999 -9999 -9999 -9999 -9999 -9999 -9999 -9999 -9999 -9999 -9999 -9999 -9999
-9999 -9999 -9999 -9999 190.891 204.844 230.69 234.154 237.413 253.798 214.865 216.359 211.729 -9999 196.361 239.983 235.753 210.625 196.934 205.268 199.523 190.233 172.526 156.003 149.645 138.111 131.584 116.338 115.972 133.802 126.871 145.42 134.919 134.252 129.346 144.962 155.922 145.191 124.334 129.27 120.991 101.5 106.208 93.407 85.682 87.519 87.879 76.901 60.914 -9999 -9999 -9999 -9999 -9999 -9999 -9999 -9999 -9999 -9999 -9999 -9999 -9999 -9999 -9999 -9999 -9999 -9999 -9999 -9999 -9999 -9999 -9999 -9999 -9999
185.23 155.805 166.285 183.096 -9999 196.205 217.102 231.625 245.42 244.477 239.704 234.198 -9999 226.408 260.754 259.544 268.152 234.975 213.838 193.445 199.567 188.566 176.444 155.709 133.58 119.42 111.926 93.642 105.455 106.903 125.275 125.497 124.623 117.895 111.788 122.337 124.877 114.569 118.496 119.1 110.767 102.881 80.165 73.395 72.151 82.319 82.848 65.638 -9999 -9999 -9999 -9999 -9999 -9999 -9999 -9999 -9999 -9999 -9999 -9999 -9999 -9999 -9999 -9999 -9999 -9999 -9999 -9999 -9999 -9999 -9999 -9999 -9999 -9999
157.735 160.601 174.423 195.41 198.189 -9999 209.092 220.934 225.053 239.458 230.077 215.166 213.693 242.372 249.514 248.141 260.23 236.481 213.879 192.625 179.192 156.189 148.667 129.996 120.284 124.146 97.171 95.837 91.164 96.876 105.988 120.945 108.732 96.578 105.749 119.606 111.012 108.784 101.404 108.24 95.731 76.717 70.429 68.566 70.394 72.506 -9999 -9999 -9999 -9999 -9999 -9999 -9999 -9999 -9999 -9999 -9999 -9999 -9999 -9999 -9999 -9999 -9999 -9999 -9999 -9999 -9999 -9999 -9999 -9999 -9999 -9999 -9999 -9999
-9999 -9999 -9999 191.71 -9999 209.712 217.957 225.712 251.706 247.54 -9999 -9999 241.392 239.056 242.61 295.752 288.813 227.323 198.269 184.694 136.728 121.92 110.937 105.941 107.34 102.243 106.098 90.626 94.987 90.216 97.01 102.627 97.421 93.919 103.517 106.81 105.232 95.52 94.65 88.437 76.745 69.092 65.658 69.413 66.103 -9999 -9999 -9999 -9999 -9999 -9999 -9999 -9999 -9999 -9999 -9999 -9999 -9999 -9999 -9999 -9999 -9999 -9999 -9999 -9999 -9999 -9999 -9999 -9999 -9999 -9999 -9999 -9999 -9999
166.532 176.243 -9999 193.665 214.652 204.384 216.647 238.627 250.404 -9999 -9999 218.267 264.045 268.782 287.113 281.543 250.427 221.79 193.006 163.045 144.47 135.356 136.941 123.542 129.833 148.678 121.835 99.668 94.982 82.888 84.937 83.387 94.171 97.121 95.73 94.081 90.573 80.052 76.422 71.608 68.229 63.589 65.543 66.836 67.931 64.782 -9999 -9999 -9999 -9999 -9999 -9999 -9999 -9999 -9999 -9999 -9999 -9999 -9999 -9999 -9999 -9999 -9999 -9999 -9999 -9999 -9999 -9999 -9999 -9999 -9999 -9999 -9999 -9999
