Validation/Results/raw data/ReClimate_04_2024_2weatherlogisticsltd.asc
NCOLS 192
NROWS 249
XLLCENTER -225160.85627316462
YLLCENTER 29788.11610251502
CELLSIZE 5000.0
NODATA_VALUE -9999
[rows 99 to 131 of 249, columns 74 to 147 of 192]
105.845 105.892 105.937 105.98 106.022 106.182 106.578 107.192 -9999 -9999 108.881 109.576 110.634 111.709 112.751 113.767 114.764 115.746 116.718 117.687 118.656 119.576 120.375 121.096 121.812 122.526 123.24 123.957 124.669 125.359 126.045 126.746 127.465 128.205 128.972 129.769 130.61 131.499 132.449 133.261 133.902 134.566 135.293 136.101 136.977 -9999 -9999 -9999 -9999 -9999 -9999 -9999 -9999 -9999 -9999 -9999 -9999 -9999 -9999 -9999 -9999 -9999 -9999 -9999 -9999 -9999 -9999 -9999 -9999 -9999 -9999 -9999 -9999 -9999
106.173 106.172 106.152 -9999 -9999 106.102 106.405 -9999 -9999 -9999 108.635 109.399 110.479 111.551 112.591 113.606 114.602 115.584 116.557 117.526 118.497 119.423 120.228 120.956 121.679 122.388 123.059 123.72 124.376 125.037 125.712 126.404 127.117 127.855 128.623 129.427 130.274 131.173 132.135 132.979 133.655 134.335 135.077 135.902 136.798 -9999 -9999 -9999 -9999 -9999 -9999 -9999 -9999 -9999 -9999 -9999 -9999 -9999 -9999 -9999 -9999 -9999 -9999 -9999 -9999 -9999 -9999 -9999 -9999 -9999 -9999 -9999 -9999 -9999
106.843 -9999 106.751 106.671 106.583 -9999 -9999 -9999 -9999 107.93 108.382 109.195 110.308 111.379 112.419 113.434 114.431 115.413 116.387 117.358 118.332 119.259 120.066 120.78 121.435 122.073 122.708 123.349 124.0 124.663 125.342 126.039 126.758 127.503 128.28 129.094 129.952 130.861 131.828 132.689 133.374 134.042 134.758 135.551 -9999 -9999 -9999 -9999 -9999 -9999 -9999 -9999 -9999 -9999 -9999 -9999 -9999 -9999 -9999 -9999 -9999 -9999 -9999 -9999 -9999 -9999 -9999 -9999 -9999 -9999 -9999 -9999 -9999 -9999
107.579 107.532 107.462 107.37 107.257 107.124 107.19 -9999 -9999 108.079 -9999 -9999 110.107 111.194 112.236 113.252 114.25 115.233 116.209 117.182 118.158 119.066 119.794 120.426 121.056 121.687 122.322 122.966 123.619 124.286 124.969 125.671 126.397 127.151 127.938 128.763 129.634 130.558 131.54 132.42 133.114 133.772 134.415 -9999 -9999 -9999 -9999 -9999 -9999 -9999 -9999 -9999 -9999 -9999 -9999 -9999 -9999 -9999 -9999 -9999 -9999 -9999 -9999 -9999 -9999 -9999 -9999 -9999 -9999 -9999 -9999 -9999 -9999 -9999
108.285 108.223 108.14 108.036 107.912 -9999 -9999 -9999 108.072 108.251 108.433 109.099 110.013 110.963 112.026 113.058 114.057 115.043 116.02 116.985 117.912 118.721 119.4 120.032 120.662 121.293 121.931 122.576 123.232 123.902 124.59 125.298 126.03 126.792 127.589 128.427 129.312 130.252 -9999 -9999 132.869 -9999 -9999 -9999 -9999 -9999 -9999 -9999 -9999 -9999 -9999 -9999 -9999 -9999 -9999 -9999 -9999 -9999 -9999 -9999 -9999 -9999 -9999 -9999 -9999 -9999 -9999 -9999 -9999 -9999 -9999 -9999 -9999 -9999
108.972 108.895 108.798 -9999 108.547 -9999 -9999 -9999 108.248 108.459 108.749 109.323 110.135 111.0 111.868 112.811 113.839 114.839 115.8 116.686 117.548 118.336 118.997 119.628 120.258 120.891 121.53 122.177 122.837 123.51 124.202 124.915 125.654 126.423 127.228 128.076 128.973 -9999 130.952 131.881 132.62 133.11 -9999 -9999 -9999 -9999 -9999 -9999 -9999 -9999 -9999 -9999 -9999 -9999 -9999 -9999 -9999 -9999 -9999 -9999 -9999 -9999 -9999 -9999 -9999 -9999 -9999 -9999 -9999 -9999 -9999 -9999 -9999 -9999
-9999 109.556 -9999 -9999 -9999 -9999 108.801 108.621 108.635 108.781 109.053 109.598 110.372 111.128 111.9 112.715 113.568 114.534 115.441 116.321 117.175 117.942 118.583 119.213 119.844 120.478 121.118 121.768 122.43 123.108 123.803 124.521 125.264 126.039 126.85 -9999 128.608 129.571 130.603 131.53 132.245 132.581 -9999 -9999 -9999 -9999 -9999 -9999 -9999 -9999 -9999 -9999 -9999 -9999 -9999 -9999 -9999 -9999 -9999 -9999 -9999 -9999 -9999 -9999 -9999 -9999 -9999 -9999 -9999 -9999 -9999 -9999 -9999 -9999
-9999 -9999 -9999 -9999 -9999 -9999 109.402 109.214 109.101 109.095 109.339 109.845 110.59 111.315 112.025 112.721 113.452 114.166 114.988 115.867 116.738 117.502 118.154 118.785 119.416 120.051 120.694 121.346 122.011 122.692 123.391 124.112 124.858 125.636 126.45 127.306 128.211 129.166 130.144 130.929 131.493 131.96 132.267 -9999 -9999 -9999 -9999 -9999 -9999 -9999 -9999 -9999 -9999 -9999 -9999 -9999 -9999 -9999 -9999 -9999 -9999 -9999 -9999 -9999 -9999 -9999 -9999 -9999 -9999 -9999 -9999 -9999 -9999 -9999
-9999 -9999 -9999 -9999 -9999 110.245 -9999 -9999 109.612 109.529 109.608 110.066 110.784 -9999 -9999 112.777 113.343 113.946 114.605 115.366 116.214 116.949 117.607 118.262 118.917 119.574 120.236 120.904 121.578 122.262 122.963 123.686 124.427 125.185 125.969 126.783 127.63 128.507 129.369 130.043 130.546 131.006 131.439 131.666 -9999 -9999 -9999 -9999 -9999 -9999 -9999 -9999 -9999 -9999 -9999 -9999 -9999 -9999 -9999 -9999 -9999 -9999 -9999 -9999 -9999 -9999 -9999 -9999 -9999 -9999 -9999 -9999 -9999 -9999
-9999 -9999 -9999 -9999 -9999 110.871 -9999 110.435 110.194 109.998 109.926 110.268 110.954 111.616 112.225 112.766 113.291 113.805 114.348 114.967 115.646 116.345 117.005 117.662 118.32 118.979 119.643 120.311 120.984 121.668 122.363 123.073 123.793 124.531 125.289 126.069 126.874 127.705 128.504 129.111 129.595 130.052 130.492 -9999 -9999 -9999 -9999 -9999 -9999 -9999 -9999 -9999 -9999 -9999 -9999 -9999 -9999 -9999 -9999 -9999 -9999 -9999 -9999 -9999 -9999 -9999 -9999 -9999 -9999 -9999 -9999 -9999 -9999 -9999
-9999 -9999 -9999 -9999 -9999 111.498 -9999 111.031 110.788 110.535 110.346 110.498 -9999 111.707 112.233 -9999 113.221 113.696 114.166 114.666 115.196 115.73 116.381 117.031 117.682 118.336 118.993 119.656 120.324 121.0 121.684 122.379 123.086 123.809 124.548 125.308 126.089 126.892 127.628 -9999 -9999 -9999 -9999 -9999 -9999 -9999 -9999 -9999 -9999 -9999 -9999 -9999 -9999 -9999 -9999 -9999 -9999 -9999 -9999 -9999 -9999 -9999 -9999 -9999 -9999 -9999 -9999 -9999 -9999 -9999 -9999 -9999 -9999 -9999
-9999 -9999 -9999 112.543 112.342 -9999 -9999 111.662 111.389 111.124 110.846 110.869 111.208 111.733 112.223 -9999 113.135 113.571 114.002 114.426 114.797 115.211 115.748 116.392 117.039 117.688 118.34 118.997 119.658 120.324 120.998 121.68 122.373 123.079 123.799 124.537 125.294 126.076 -9999 -9999 -9999 -9999 -9999 -9999 -9999 -9999 -9999 -9999 -9999 -9999 -9999 -9999 -9999 -9999 -9999 -9999 -9999 -9999 -9999 -9999 -9999 -9999 -9999 -9999 -9999 -9999 -9999 -9999 -9999 -9999 -9999 -9999 -9999 -9999
-9999 -9999 113.472 113.245 113.011 -9999 112.543 112.287 112.0 111.721 -9999 111.278 111.402 111.739 112.194 -9999 113.032 113.429 113.82 114.18 114.457 114.763 115.177 115.744 116.388 117.034 117.683 118.334 118.987 -9999 120.307 120.976 121.653 122.341 123.042 123.758 124.492 -9999 -9999 -9999 -9999 -9999 -9999 -9999 -9999 -9999 -9999 -9999 -9999 -9999 -9999 -9999 -9999 -9999 -9999 -9999 -9999 -9999 -9999 -9999 -9999 -9999 -9999 -9999 -9999 -9999 -9999 -9999 -9999 -9999 -9999 -9999 -9999 -9999
-9999 -9999 114.173 113.934 -9999 -9999 113.185 112.906 112.631 -9999 112.017 111.735 111.648 111.867 112.148 -9999 112.914 113.272 113.619 113.905 114.127 114.365 114.68 115.111 115.729 116.375 117.021 117.667 118.313 118.96 119.61 -9999 -9999 121.596 122.276 -9999 -9999 -9999 -9999 -9999 -9999 126.118 126.596 127.027 -9999 -9999 -9999 -9999 -9999 -9999 -9999 -9999 -9999 -9999 -9999 -9999 -9999 -9999 -9999 -9999 -9999 -9999 -9999 -9999 -9999 -9999 -9999 -9999 -9999 -9999 -9999 -9999 -9999 -9999
-9999 115.18 114.915 -9999 -9999 114.12 113.853 113.564 113.273 -9999 112.601 112.192 111.991 112.068 112.232 -9999 -9999 -9999 113.389 113.592 113.779 113.988 114.224 114.584 115.064 115.711 116.355 116.995 117.633 118.27 118.907 119.546 120.19 120.841 121.5 -9999 -9999 -9999 -9999 -9999 124.55 125.064 125.484 125.908 126.351 -9999 -9999 -9999 -9999 -9999 -9999 -9999 -9999 -9999 -9999 -9999 -9999 -9999 -9999 -9999 -9999 -9999 -9999 -9999 -9999 -9999 -9999 -9999 -9999 -9999 -9999 -9999 -9999 -9999
116.222 115.957 115.693 -9999 -9999 -9999 114.551 114.243 113.92 -9999 113.155 -9999 112.41 112.348 112.398 -9999 112.661 112.917 113.127 -9999 113.412 113.592 113.815 114.084 114.488 115.043 115.684 116.319 116.947 117.572 118.195 118.814 119.424 120.03 120.642 121.246 121.818 122.279 -9999 123.069 123.497 123.884 124.277 124.685 125.107 125.539 126.01 -9999 -9999 -9999 -9999 -9999 -9999 -9999 -9999 -9999 -9999 -9999 -9999 -9999 -9999 -9999 -9999 -9999 -9999 -9999 -9999 -9999 -9999 -9999 -9999 -9999 -9999 -9999
117.07 116.79 -9999 -9999 -9999 -9999 115.277 114.948 114.61 -9999 113.719 -9999 112.833 112.639 -9999 112.65 112.718 112.78 112.836 112.931 113.031 113.178 113.401 113.648 113.952 114.376 115.008 115.635 116.252 116.858 117.446 118.024 118.594 119.165 119.738 120.319 120.845 121.234 121.606 121.972 122.338 122.713 123.098 123.485 123.879 124.29 124.726 125.194 125.59 125.791 -9999 -9999 -9999 -9999 -9999 -9999 -9999 -9999 -9999 -9999 -9999 -9999 -9999 -9999 -9999 -9999 -9999 -9999 -9999 -9999 -9999 -9999 -9999 -9999
-9999 117.676 -9999 -9999 -9999 -9999 116.033 115.683 115.309 114.828 -9999 -9999 113.283 112.98 -9999 112.895 112.848 112.774 112.682 112.624 112.674 112.797 113.016 113.245 113.463 113.822 114.324 114.937 115.529 116.102 116.662 117.212 117.757 118.299 118.842 119.376 119.801 120.158 120.508 120.861 121.238 121.611 121.979 122.345 122.716 123.098 123.498 123.913 124.382 124.908 125.061 -9999 -9999 -9999 -9999 -9999 -9999 -9999 -9999 -9999 -9999 -9999 -9999 -9999 -9999 -9999 -9999 -9999 -9999 -9999 -9999 -9999 -9999 -9999
118.909 -9999 -9999 -9999 -9999 -9999 116.823 116.452 116.018 115.464 -9999 -9999 113.799 113.395 -9999 -9999 113.024 112.846 112.674 112.56 112.472 112.503 112.671 112.855 113.036 113.262 113.628 114.215 114.786 115.339 115.877 116.403 116.921 117.435 117.949 118.413 118.76 119.1 119.451 119.831 120.199 120.558 120.911 121.26 121.611 121.967 122.335 122.723 123.169 123.745 124.442 -9999 -9999 -9999 -9999 -9999 -9999 -9999 -9999 -9999 -9999 -9999 -9999 -9999 -9999 -9999 -9999 -9999 -9999 -9999 -9999 -9999 -9999 -9999
119.901 -9999 -9999 -9999 -9999 -9999 117.657 117.25 116.736 -9999 -9999 -9999 -9999 113.789 -9999 113.347 113.155 112.957 112.771 112.601 112.467 112.425 112.422 112.468 112.598 112.732 113.025 113.484 114.038 114.572 115.088 115.591 116.084 116.571 117.039 117.404 117.737 118.094 118.477 118.846 119.203 119.55 119.89 120.224 120.556 120.89 121.26 121.72 122.253 122.844 123.504 124.02 -9999 -9999 -9999 -9999 -9999 -9999 -9999 -9999 -9999 -9999 -9999 -9999 -9999 -9999 -9999 -9999 -9999 -9999 -9999 -9999 -9999 -9999
121.045 -9999 -9999 -9999 119.309 118.928 118.533 118.07 -9999 -9999 116.202 -9999 -9999 -9999 -9999 113.515 113.286 113.071 112.871 112.692 112.541 112.424 112.338 112.315 112.309 112.305 112.407 112.74 113.279 113.795 114.291 114.772 115.24 115.693 116.083 116.411 116.774 117.164 117.538 117.897 118.245 118.581 118.909 119.247 119.635 120.038 120.493 120.972 121.483 122.038 122.648 123.112 -9999 -9999 -9999 -9999 -9999 -9999 -9999 -9999 -9999 -9999 -9999 -9999 -9999 -9999 -9999 -9999 -9999 -9999 -9999 -9999 -9999 -9999
-9999 -9999 -9999 -9999 -9999 119.873 119.461 118.929 -9999 117.548 116.89 116.248 -9999 -9999 -9999 -9999 113.413 113.179 112.964 112.769 112.599 112.457 112.343 112.25 112.168 112.092 112.066 112.232 112.627 113.067 113.499 113.938 114.382 114.786 115.112 115.479 115.88 116.261 116.632 117.011 117.395 117.775 118.155 118.56 118.975 119.4 119.84 120.3 120.787 121.311 121.87 122.242 122.464 -9999 -9999 -9999 -9999 -9999 -9999 -9999 -9999 -9999 -9999 -9999 -9999 -9999 -9999 -9999 -9999 -9999 -9999 -9999 -9999 -9999
-9999 -9999 -9999 -9999 -9999 120.9 120.437 119.82 -9999 118.338 117.629 116.936 -9999 -9999 -9999 -9999 -9999 113.262 113.043 112.828 112.637 112.473 112.332 112.206 112.09 111.979 111.866 111.915 112.177 112.577 112.973 113.371 113.748 114.061 114.414 114.827 115.227 115.617 116.009 116.405 116.801 117.197 117.594 117.995 118.402 118.817 119.244 119.688 120.156 120.655 121.155 121.473 121.647 121.79 -9999 -9999 -9999 -9999 -9999 -9999 -9999 -9999 -9999 -9999 -9999 -9999 -9999 -9999 -9999 -9999 -9999 -9999 -9999 -9999
-9999 -9999 -9999 -9999 -9999 122.384 121.569 -9999 -9999 119.157 118.414 117.662 116.923 -9999 -9999 -9999 -9999 -9999 113.104 112.867 112.656 112.468 112.298 112.142 111.994 111.851 111.706 111.651 111.81 112.19 112.56 112.912 113.211 113.534 113.948 114.348 114.74 115.13 115.518 115.907 116.296 116.687 117.08 117.475 117.875 118.282 118.699 119.13 119.581 120.06 120.505 120.772 120.913 121.029 121.128 121.243 -9999 -9999 -9999 -9999 -9999 -9999 -9999 -9999 -9999 -9999 -9999 -9999 -9999 -9999 -9999 -9999 -9999 -9999
-9999 -9999 -9999 -9999 -9999 123.787 122.87 -9999 -9999 120.102 119.225 118.311 -9999 -9999 -9999 -9999 -9999 -9999 113.144 112.885 112.65 112.437 112.24 112.055 111.878 111.704 111.528 111.379 111.449 111.804 112.147 112.438 112.732 113.132 113.528 113.913 114.293 114.673 115.055 115.44 115.827 116.215 116.605 116.996 117.391 117.791 118.2 118.62 119.058 119.519 119.909 120.097 120.23 120.341 120.44 120.531 -9999 -9999 -9999 -9999 -9999 -9999 -9999 -9999 -9999 -9999 -9999 -9999 -9999 -9999 -9999 -9999 -9999 -9999
-9999 -9999 -9999 -9999 -9999 125.18 124.311 -9999 -9999 -9999 119.913 118.909 118.043 -9999 -9999 -9999 -9999 -9999 113.208 112.877 112.618 112.379 112.155 111.943 111.737 111.534 111.33 111.119 111.139 111.409 111.702 111.98 112.347 112.747 113.127 113.496 113.865 114.238 114.618 115.002 115.389 115.777 116.166 116.555 116.946 117.341 117.742 118.154 118.58 119.024 119.354 119.496 119.624 119.737 119.838 119.927 -9999 -9999 -9999 -9999 -9999 -9999 -9999 -9999 -9999 -9999 -9999 -9999 -9999 -9999 -9999 -9999 -9999 -9999
-9999 -9999 -9999 -9999 127.524 126.713 125.768 -9999 -9999 -9999 -9999 -9999 -9999 -9999 -9999 -9999 -9999 -9999 113.423 112.867 112.556 112.292 112.042 111.804 111.571 111.341 111.108 110.869 110.808 110.98 111.254 111.578 111.993 112.377 112.741 113.096 113.454 113.824 114.206 114.593 114.983 115.372 115.761 116.148 116.536 116.927 117.323 117.727 118.145 118.562 118.819 118.97 119.102 119.218 119.321 119.409 120.177 -9999 -9999 -9999 -9999 -9999 -9999 -9999 -9999 -9999 -9999 -9999 -9999 -9999 -9999 -9999 -9999 -9999
-9999 -9999 -9999 129.657 128.979 128.237 127.236 -9999 -9999 -9999 -9999 -9999 -9999 -9999 -9999 -9999 115.511 114.586 113.712 113.04 112.489 112.172 111.898 111.634 111.375 111.119 110.857 110.581 110.427 110.542 110.84 111.249 111.654 112.025 112.371 112.709 113.058 113.429 113.818 114.213 114.608 114.999 115.388 115.774 116.16 116.546 116.937 117.339 117.765 118.138 118.353 118.51 118.647 118.768 118.873 118.963 119.556 -9999 -9999 -9999 -9999 -9999 -9999 -9999 -9999 -9999 -9999 -9999 -9999 -9999 -9999 -9999 -9999 -9999
-9999 -9999 -9999 131.218 130.507 129.588 -9999 -9999 -9999 -9999 -9999 -9999 -9999 -9999 -9999 -9999 115.928 114.969 114.097 113.291 112.626 112.067 111.718 111.43 111.146 110.859 110.553 110.231 110.029 110.113 110.483 110.93 111.33 111.691 112.021 112.338 112.675 113.057 113.462 113.866 114.265 114.658 115.046 115.43 115.813 116.196 116.589 117.011 117.436 117.762 117.943 118.104 118.249 118.374 118.482 118.573 119.052 -9999 -9999 -9999 -9999 -9999 -9999 -9999 -9999 -9999 -9999 -9999 -9999 -9999 -9999 -9999 -9999 -9999
-9999 -9999 -9999 -9999 -9999 -9999 -9999 -9999 -9999 -9999 -9999 -9999 -9999 -9999 -9999 -9999 116.324 115.367 114.483 113.647 112.851 112.177 111.596 111.183 110.862 110.526 110.19 109.853 109.614 109.709 110.169 110.621 111.023 111.381 111.701 111.996 112.317 112.729 113.147 113.555 113.955 114.347 114.733 115.114 115.494 115.879 116.298 116.732 117.132 117.393 117.58 117.749 117.896 118.026 118.137 118.231 118.641 -9999 -9999 -9999 -9999 -9999 -9999 -9999 -9999 -9999 -9999 -9999 -9999 -9999 -9999 -9999 -9999 -9999
-9999 -9999 -9999 -9999 -9999 -9999 -9999 -9999 -9999 -9999 -9999 -9999 -9999 -9999 -9999 118.116 116.771 115.791 114.872 114.004 113.178 112.384 111.668 111.024 110.493 110.141 109.792 109.442 109.182 109.333 109.856 110.32 110.731 111.097 111.425 111.728 112.081 112.474 112.88 113.281 113.675 114.063 114.445 114.823 115.201 115.609 116.056 116.486 116.843 117.062 117.256 117.43 117.583 117.717 117.832 117.929 118.291 -9999 -9999 -9999 -9999 -9999 -9999 -9999 -9999 -9999 -9999 -9999 -9999 -9999 -9999 -9999 -9999 -9999
-9999 -9999 -9999 -9999 -9999 -9999 -9999 -9999 -9999 -9999 -9999 -9999 -9999 -9999 -9999 118.708 117.248 116.226 115.268 114.355 113.466 112.613 111.792 111.026 110.374 109.785 109.352 108.991 108.748 108.995 109.539 110.02 110.448 110.833 111.185 111.524 111.88 112.258 112.646 113.036 113.421 113.802 114.178 114.551 114.943 115.398 115.841 116.253 116.543 116.764 116.963 117.142 117.302 117.441 117.56 117.659 117.997 -9999 -9999 -9999 -9999 -9999 -9999 -9999 -9999 -9999 -9999 -9999 -9999 -9999 -9999 -9999 -9999 -9999
-9999 -9999 -9999 -9999 -9999 -9999 -9999 -9999 -9999 -9999 -9999 -9999 -9999 -9999 120.94 119.241 117.785 116.61 115.574 114.591 113.664 112.788 111.955 111.158 110.392 109.713 109.087 108.524 108.304 108.641 109.21 109.714 110.165 110.574 110.952 111.315 111.68 112.051 112.429 112.807 113.184 113.557 113.927 114.306 114.747 115.207 115.646 116.016 116.265 116.492 116.697 116.883 117.048 117.191 117.353 117.57 117.893 118.366 -9999 -9999 -9999 -9999 -9999 -9999 -9999 -9999 -9999 -9999 -9999 -9999 -9999 -9999 -9999 -9999
