Validation/Results/raw data/ReClimate_01_2024_1_Temperatureweatherlogisticsltd.asc
NCOLS 192
NROWS 249
XLLCENTER -225160.85627316462
YLLCENTER 29788.11610251502
CELLSIZE 5000.0
NODATA_VALUE -9999
[rows 170 to 203 of 249, columns 77 to 153 of 192]
-9999 -9999 -9999 -9999 -9999 -9999 -9999 -9999 -9999 -9999 -9999 -9999 -9999 -9999 -9999 0.491 0.507 -9999 -9999 -9999 -9999 -9999 -9999 -9999 -9999 -9999 -9999 -9999 -9999 -9999 -9999 -9999 -9999 -9999 0.691 0.705 0.703 0.698 0.709 0.721 0.742 0.766 0.766 0.765 0.763 0.757 0.753 0.747 0.769 0.795 0.802 0.81 0.794 0.774 0.781 0.79 0.782 0.772 0.774 0.775 0.782 0.791 0.79 0.789 0.778 0.763 0.764 0.764 0.759 0.751 0.757 0.764 0.767 0.771 0.785 0.8 0.784
-9999 -9999 -9999 -9999 -9999 -9999 -9999 -9999 -9999 -9999 -9999 -9999 -9999 -9999 -9999 0.506 0.519 0.52 -9999 -9999 -9999 -9999 -9999 -9999 -9999 -9999 -9999 -9999 -9999 -9999 -9999 -9999 -9999 0.673 0.692 0.692 0.693 0.698 0.708 0.717 0.734 0.744 0.742 0.733 0.736 0.749 0.748 0.751 0.768 0.776 0.776 0.778 0.786 0.779 0.785 0.794 0.785 0.775 0.773 0.772 0.783 0.793 0.804 0.81 0.784 0.761 0.768 0.772 0.781 0.783 0.779 0.781 0.776 0.775 0.796 0.815 0.808
-9999 -9999 -9999 -9999 -9999 -9999 -9999 -9999 -9999 -9999 -9999 -9999 -9999 -9999 0.502 0.516 0.521 0.523 0.551 -9999 -9999 -9999 -9999 -9999 -9999 -9999 -9999 -9999 -9999 -9999 0.637 -9999 -9999 0.68 0.683 0.687 0.693 0.699 -9999 0.716 0.726 0.736 0.73 0.721 0.733 0.747 0.75 0.753 0.761 0.771 0.772 0.771 0.777 0.785 0.792 0.8 0.792 0.781 0.779 0.777 0.788 0.801 0.811 0.824 0.801 0.77 0.777 0.785 0.794 0.805 0.802 0.798 0.794 0.79 0.81 0.834 0.828
-9999 -9999 -9999 -9999 -9999 -9999 -9999 -9999 -9999 -9999 -9999 -9999 -9999 -9999 0.514 0.527 0.529 0.523 0.553 0.589 0.588 -9999 -9999 -9999 0.623 0.616 -9999 0.621 0.622 0.625 0.638 0.664 -9999 -9999 0.701 0.708 -9999 -9999 0.719 0.723 0.729 0.727 0.73 0.745 0.753 0.748 0.754 0.763 0.768 0.775 0.775 0.775 0.781 0.788 0.789 0.794 0.794 0.789 0.797 0.802 0.797 0.801 0.798 0.802 0.803 0.787 0.793 0.801 0.809 0.819 0.819 0.816 0.822 0.824 0.827 0.84 0.845
-9999 -9999 -9999 -9999 -9999 -9999 -9999 -9999 -9999 -9999 -9999 -9999 -9999 -9999 -9999 0.533 0.531 0.524 0.557 0.594 -9999 -9999 0.605 0.623 0.619 0.61 0.614 0.613 0.619 0.622 0.645 0.671 0.686 -9999 0.708 0.715 0.717 0.717 0.722 0.727 0.727 0.725 0.74 0.755 0.753 0.749 0.758 0.768 0.773 0.778 0.778 0.776 0.784 0.793 0.795 0.797 0.797 0.798 0.807 0.817 0.814 0.808 0.806 0.802 0.803 0.802 0.809 0.817 0.825 0.835 0.835 0.834 0.841 0.849 0.854 0.856 0.861
-9999 -9999 -9999 -9999 -9999 -9999 -9999 -9999 -9999 -9999 -9999 -9999 -9999 -9999 -9999 0.522 0.529 0.557 0.58 0.585 0.593 0.623 0.631 0.604 0.602 0.607 0.616 0.633 0.64 0.645 0.664 0.676 0.693 0.712 0.717 0.71 0.719 0.742 0.743 0.734 0.737 0.742 0.75 0.745 0.747 0.757 0.766 0.774 0.78 0.788 0.795 0.799 0.796 0.799 0.807 0.813 0.809 0.806 0.808 0.813 0.82 0.821 0.824 0.824 0.821 0.82 0.833 0.846 0.843 0.845 0.856 0.863 0.857 0.859 0.87 0.876 0.886
-9999 -9999 -9999 -9999 -9999 -9999 -9999 -9999 -9999 -9999 -9999 -9999 -9999 -9999 -9999 -9999 0.534 0.571 0.578 0.582 0.61 0.641 0.621 0.595 0.6 0.605 0.622 0.639 0.646 0.653 0.668 0.683 0.702 0.722 0.719 0.713 0.733 0.756 0.75 0.742 0.748 0.754 0.75 0.745 0.755 0.765 0.773 0.781 0.788 0.795 0.801 0.809 0.806 0.803 0.81 0.819 0.817 0.812 0.815 0.817 0.825 0.833 0.836 0.84 0.838 0.835 0.848 0.865 0.864 0.86 0.871 0.884 0.879 0.869 0.878 0.885 0.893
-9999 -9999 -9999 -9999 -9999 -9999 -9999 -9999 -9999 -9999 -9999 -9999 -9999 -9999 -9999 -9999 -9999 -9999 0.553 0.563 0.584 0.599 0.59 0.598 0.607 0.625 0.64 0.655 0.662 0.657 0.674 0.693 0.713 0.734 0.729 0.712 0.731 0.753 0.747 0.74 0.748 0.759 0.759 0.761 0.772 0.784 0.789 0.79 0.796 0.795 0.804 0.813 0.811 0.808 0.811 0.818 0.819 0.817 0.823 0.827 0.832 0.84 0.84 0.842 0.847 0.848 0.857 0.87 0.879 0.882 0.875 0.877 0.881 0.877 0.886 0.892 0.896
-9999 -9999 -9999 -9999 -9999 -9999 -9999 -9999 -9999 -9999 -9999 -9999 -9999 -9999 -9999 -9999 -9999 0.537 0.546 0.555 0.569 0.582 0.591 0.599 0.614 0.633 0.65 0.668 0.668 0.664 0.682 0.7 0.721 0.742 0.731 0.715 0.734 0.754 0.75 0.743 0.754 0.765 0.768 0.771 0.783 0.794 0.796 0.797 0.799 0.799 0.808 0.818 0.817 0.815 0.818 0.821 0.822 0.822 0.828 0.833 0.838 0.843 0.844 0.844 0.849 0.853 0.862 0.872 0.881 0.89 0.885 0.876 0.879 0.881 0.889 0.897 0.9
-9999 -9999 -9999 -9999 -9999 -9999 -9999 -9999 -9999 -9999 -9999 -9999 -9999 -9999 -9999 -9999 0.519 0.564 0.57 0.565 0.577 0.588 0.597 0.606 0.622 0.636 0.653 0.673 0.675 0.681 0.702 0.728 0.747 0.762 0.753 0.736 0.751 0.758 0.759 0.769 0.772 0.76 0.767 0.78 0.793 0.81 0.809 0.801 0.804 0.808 0.817 0.827 0.835 0.84 0.83 0.826 0.842 0.852 0.855 0.86 0.858 0.859 0.858 0.858 0.858 0.861 0.866 0.874 0.881 0.889 0.892 0.889 0.888 0.888 0.896 0.904 0.901
-9999 -9999 -9999 -9999 -9999 -9999 -9999 -9999 -9999 -9999 -9999 -9999 -9999 -9999 -9999 0.5 0.533 0.575 0.573 0.569 0.579 0.59 0.6 0.615 0.629 0.642 0.66 0.678 0.685 0.691 0.716 0.741 0.757 0.773 0.763 0.748 0.756 0.763 0.772 0.782 0.774 0.762 0.774 0.787 0.802 0.819 0.814 0.807 0.811 0.815 0.825 0.835 0.843 0.853 0.845 0.833 0.849 0.868 0.87 0.872 0.871 0.867 0.867 0.865 0.866 0.866 0.872 0.878 0.885 0.891 0.894 0.896 0.896 0.893 0.901 0.907 0.907
-9999 -9999 -9999 -9999 -9999 -9999 -9999 -9999 -9999 -9999 -9999 -9999 -9999 0.506 0.501 0.519 0.542 0.543 0.546 0.561 0.581 0.627 0.634 0.618 0.633 0.65 0.662 0.663 0.676 0.703 0.722 0.731 0.741 0.744 0.738 0.739 0.749 0.764 0.774 0.788 0.785 0.79 0.796 0.791 0.801 0.804 0.805 0.816 0.818 0.814 0.823 0.834 0.846 0.857 0.864 0.862 0.853 0.857 0.868 0.873 0.871 0.867 0.866 0.864 0.87 0.873 0.877 0.882 0.891 0.899 0.898 0.897 0.897 0.894 0.9 0.907 -9999
-9999 -9999 -9999 -9999 -9999 -9999 -9999 -9999 -9999 -9999 -9999 -9999 0.516 0.509 0.522 0.526 -9999 -9999 -9999 -9999 0.594 0.649 0.64 0.624 0.641 0.657 0.66 0.661 0.684 0.711 0.721 0.729 0.733 0.735 0.738 0.739 0.753 0.767 0.779 0.793 0.799 0.804 0.801 0.797 0.8 0.802 0.812 0.823 0.821 0.817 0.827 0.837 0.849 0.862 0.869 0.877 0.869 0.858 0.867 0.879 0.874 0.869 0.868 0.866 0.872 0.879 0.883 0.886 0.895 0.905 0.905 0.902 0.901 0.897 0.902 0.907 0.91
-9999 -9999 -9999 -9999 -9999 -9999 -9999 -9999 -9999 -9999 -9999 -9999 0.515 0.524 0.527 -9999 -9999 -9999 -9999 -9999 0.605 0.637 0.635 0.645 0.658 0.66 0.669 0.688 0.705 0.71 0.718 0.721 0.727 0.734 0.737 0.738 0.755 0.779 0.78 0.759 0.771 0.799 0.805 0.823 0.82 0.801 0.808 0.811 0.815 0.832 0.843 0.856 0.856 0.861 0.862 0.864 0.877 0.879 0.886 0.895 0.887 0.879 0.879 0.878 0.873 0.873 0.879 0.884 0.889 0.895 0.904 0.906 0.91 0.909 0.911 0.915 0.908
-9999 -9999 -9999 -9999 -9999 -9999 -9999 -9999 -9999 -9999 -9999 -9999 -9999 -9999 0.529 -9999 -9999 -9999 -9999 -9999 0.617 0.636 0.647 0.657 0.662 0.666 0.685 0.705 0.711 0.716 0.722 0.725 0.733 0.74 0.743 0.743 0.764 0.788 0.771 0.75 0.774 0.801 0.819 0.836 0.823 0.805 0.808 0.81 0.824 0.841 0.852 0.866 0.867 0.865 0.865 0.864 0.876 0.89 0.897 0.904 0.897 0.887 0.885 0.884 0.88 0.873 0.879 0.885 0.889 0.892 0.9 0.908 0.911 0.912 0.915 0.919 0.913
-9999 -9999 -9999 -9999 -9999 -9999 -9999 -9999 -9999 -9999 -9999 -9999 -9999 -9999 -9999 -9999 -9999 -9999 -9999 -9999 0.631 0.65 0.657 0.652 0.666 0.695 0.71 0.717 0.717 0.706 0.713 0.725 0.736 0.752 0.758 0.766 0.783 0.794 0.788 0.795 0.812 0.815 0.83 0.844 0.836 0.835 0.839 0.839 0.841 0.851 0.854 0.862 0.872 0.875 0.872 0.869 0.878 0.89 0.882 0.878 0.892 0.894 0.893 0.89 0.897 0.898 0.893 0.893 0.902 0.91 0.919 0.927 0.917 0.91 0.913 0.917 0.916
-9999 -9999 -9999 -9999 -9999 -9999 -9999 -9999 -9999 -9999 -9999 -9999 -9999 -9999 -9999 -9999 -9999 -9999 -9999 -9999 -9999 0.664 0.664 0.659 0.685 0.713 0.721 0.727 0.72 0.709 0.72 0.732 0.747 0.762 0.771 0.78 0.791 0.802 0.81 0.819 0.823 0.826 0.839 0.851 0.851 0.851 0.853 0.854 0.856 0.858 0.861 0.864 0.874 0.883 0.88 0.875 0.883 0.894 0.884 0.872 0.884 0.898 0.897 0.895 0.9 0.907 0.903 0.897 0.906 0.916 0.925 0.932 0.922 0.908 0.91 0.914 0.914
-9999 -9999 -9999 -9999 -9999 -9999 -9999 -9999 -9999 -9999 -9999 -9999 -9999 -9999 -9999 -9999 -9999 -9999 -9999 -9999 0.637 0.66 0.663 0.67 0.692 0.711 0.721 0.733 0.729 0.729 0.74 0.75 0.765 0.779 0.789 0.801 0.815 0.835 0.838 0.827 0.833 0.84 0.848 0.85 0.853 0.86 0.863 0.867 0.881 0.891 0.887 0.886 0.885 0.888 0.878 0.868 0.878 0.889 0.894 0.89 0.895 0.905 0.899 0.894 0.898 0.904 0.907 0.905 0.911 0.919 0.92 0.923 0.915 0.903 0.889 0.882 0.904
-9999 -9999 -9999 -9999 -9999 -9999 -9999 -9999 -9999 -9999 -9999 -9999 -9999 -9999 -9999 -9999 -9999 -9999 -9999 -9999 0.653 0.665 0.674 0.68 0.698 0.716 0.728 0.74 0.742 0.742 0.753 0.763 0.776 0.79 0.802 0.814 0.833 0.853 0.847 0.837 0.844 0.85 0.853 0.855 0.862 0.869 0.872 0.877 0.889 0.905 0.903 0.898 0.898 0.894 0.884 0.87 0.878 0.889 0.894 0.899 0.904 0.909 0.904 0.895 0.9 0.905 0.906 0.908 0.914 0.92 0.92 0.917 0.91 0.9 0.887 0.87 0.89
-9999 -9999 -9999 -9999 -9999 -9999 -9999 -9999 -9999 -9999 -9999 -9999 -9999 -9999 -9999 -9999 -9999 -9999 -9999 -9999 0.682 0.694 0.702 0.705 0.72 0.732 0.743 0.752 0.759 0.774 0.783 0.783 0.795 0.801 0.815 0.834 0.846 0.843 0.841 0.847 0.855 0.864 0.867 0.866 0.871 0.874 0.881 0.895 0.893 0.899 0.9 0.896 0.901 0.901 0.897 0.886 0.882 0.886 0.895 0.903 0.894 0.89 0.898 0.898 0.895 0.896 0.905 0.913 0.913 0.913 0.91 0.904 0.907 0.904 0.909 0.904 0.909
-9999 -9999 -9999 -9999 -9999 -9999 -9999 -9999 -9999 -9999 -9999 -9999 -9999 -9999 -9999 -9999 -9999 -9999 -9999 -9999 -9999 0.712 0.717 0.72 0.731 0.743 0.753 0.762 0.776 0.792 0.795 0.796 0.804 0.81 0.828 0.848 0.847 0.844 0.85 0.856 0.866 0.875 0.875 0.875 0.878 0.881 0.894 0.908 0.905 0.902 0.901 0.899 0.903 0.906 0.902 0.895 0.892 0.888 0.896 0.906 0.898 0.886 0.893 0.901 0.898 0.895 0.903 0.915 0.915 0.91 0.905 0.898 0.901 0.904 0.908 0.915 0.921
-9999 -9999 -9999 -9999 -9999 -9999 -9999 -9999 -9999 -9999 -9999 -9999 -9999 -9999 -9999 -9999 -9999 -9999 -9999 -9999 -9999 0.698 0.705 0.718 0.732 0.752 0.763 0.773 0.79 0.811 0.817 0.824 0.828 0.82 0.835 0.845 0.849 0.863 0.873 0.886 0.893 0.896 0.897 0.894 0.9 0.909 0.923 0.938 0.916 0.9 0.909 0.911 0.928 0.94 0.924 0.91 0.902 0.895 0.91 0.924 0.912 0.899 0.899 0.903 0.9 0.896 0.897 0.902 0.91 0.911 0.909 0.905 0.898 0.895 0.899 0.904 0.907
-9999 -9999 -9999 -9999 -9999 -9999 -9999 -9999 -9999 -9999 -9999 -9999 -9999 -9999 -9999 -9999 -9999 -9999 -9999 -9999 0.708 0.698 0.71 0.722 0.74 0.76 0.772 0.783 0.802 0.823 0.832 0.839 0.836 0.83 0.84 0.849 0.863 0.876 0.889 0.901 0.905 0.909 0.908 0.906 0.915 0.925 0.938 0.954 0.932 0.904 0.911 0.919 0.935 0.954 0.94 0.918 0.911 0.9 0.914 0.931 0.92 0.905 0.906 0.906 0.903 0.898 0.899 0.899 0.903 0.91 0.908 0.906 0.899 0.891 0.894 0.898 0.9
-9999 -9999 -9999 -9999 -9999 -9999 -9999 -9999 -9999 -9999 -9999 -9999 -9999 -9999 -9999 -9999 -9999 -9999 -9999 -9999 0.699 0.715 0.73 0.75 0.768 0.786 0.8 0.814 0.828 0.83 0.837 0.841 0.842 0.847 0.856 0.861 0.873 0.882 0.889 0.891 0.902 0.928 0.931 0.934 0.938 0.932 0.943 0.952 0.938 0.934 0.926 0.925 0.921 0.926 0.925 0.911 0.923 0.926 0.922 0.929 0.926 0.917 0.91 0.906 0.909 0.909 0.9 0.895 0.894 0.896 0.892 0.888 0.894 0.893 0.898 0.902 0.882
-9999 -9999 -9999 -9999 -9999 -9999 -9999 -9999 -9999 -9999 -9999 -9999 -9999 -9999 -9999 -9999 -9999 -9999 -9999 -9999 0.715 0.726 0.745 0.766 0.782 0.801 0.816 0.83 0.835 0.838 0.843 0.847 0.854 0.859 0.866 0.872 0.881 0.889 0.891 0.892 0.915 0.941 0.946 0.949 0.946 0.94 0.947 0.955 0.952 0.947 0.94 0.931 0.926 0.92 0.917 0.912 0.923 0.937 0.934 0.93 0.927 0.923 0.917 0.908 0.911 0.913 0.905 0.894 0.891 0.89 0.886 0.881 0.886 0.893 0.897 0.9 0.881
-9999 -9999 -9999 -9999 -9999 -9999 -9999 -9999 -9999 -9999 -9999 -9999 -9999 -9999 -9999 -9999 -9999 -9999 -9999 0.717 0.725 0.741 0.758 0.773 0.788 0.801 0.819 0.842 0.845 0.839 0.85 0.87 0.871 0.856 0.864 0.875 0.885 0.899 0.903 0.907 0.923 0.929 0.935 0.943 0.938 0.931 0.939 0.952 0.948 0.941 0.942 0.937 0.935 0.931 0.929 0.923 0.925 0.934 0.933 0.931 0.923 0.917 0.925 0.926 0.919 0.916 0.91 0.9 0.889 0.883 0.883 0.881 0.872 0.869 0.873 0.876 0.859
-9999 -9999 -9999 -9999 -9999 -9999 -9999 -9999 -9999 -9999 -9999 -9999 -9999 -9999 -9999 -9999 -9999 -9999 0.71 0.726 0.74 0.752 0.767 0.781 0.793 0.806 0.828 0.852 0.85 0.845 0.864 0.884 0.875 0.86 0.872 0.882 0.895 0.908 0.914 0.918 0.924 0.93 0.938 0.946 0.94 0.933 0.943 0.955 0.95 0.943 0.943 0.943 0.941 0.939 0.936 0.931 0.932 0.935 0.934 0.933 0.926 0.917 0.924 0.932 0.926 0.917 0.911 0.902 0.892 0.88 0.879 0.88 0.87 0.858 0.86 0.864 0.847
-9999 -9999 -9999 -9999 -9999 -9999 -9999 -9999 -9999 -9999 -9999 -9999 -9999 -9999 -9999 -9999 0.683 0.702 0.722 0.756 0.767 0.769 0.78 0.785 0.8 0.825 0.842 0.85 0.851 0.852 0.868 0.884 0.882 0.891 0.894 0.879 0.896 0.923 0.932 0.946 0.953 0.958 0.964 0.96 0.957 0.953 0.965 0.982 0.978 0.973 0.969 0.967 0.946 0.932 0.939 0.939 0.944 0.949 0.937 0.93 0.918 0.906 0.915 0.925 0.92 0.912 0.915 0.912 0.908 0.9 0.89 0.885 0.868 0.85 0.838 0.833 0.828
-9999 -9999 -9999 -9999 -9999 -9999 -9999 -9999 -9999 -9999 -9999 -9999 -9999 -9999 -9999 0.675 0.694 0.717 0.744 0.772 0.777 0.781 0.787 0.791 0.813 0.837 0.846 0.855 0.858 0.86 0.874 0.888 0.899 0.907 0.897 0.883 0.907 0.933 0.947 0.961 0.968 0.975 0.974 0.972 0.97 0.966 0.979 0.995 0.991 0.985 0.981 0.976 0.957 0.931 0.936 0.942 0.947 0.954 0.942 0.927 0.915 0.9 0.908 0.919 0.914 0.909 0.911 0.914 0.91 0.905 0.895 0.883 0.866 0.845 0.833 0.819 0.814
-9999 -9999 -9999 -9999 -9999 -9999 -9999 -9999 -9999 -9999 -9999 -9999 0.658 0.673 0.687 0.714 0.732 0.737 0.757 0.766 0.773 0.782 0.799 0.839 0.855 0.854 0.859 0.855 0.861 0.872 0.881 0.881 0.89 0.901 0.9 0.912 0.929 0.933 0.944 0.953 0.961 0.974 0.976 0.979 0.978 0.974 0.985 0.996 0.99 0.983 0.983 0.98 0.979 0.966 0.966 0.969 0.952 0.945 0.937 0.924 0.914 0.9 0.897 0.9 0.906 0.907 0.908 0.91 0.894 0.881 0.87 0.857 0.871 0.87 0.852 0.836 0.818
-9999 -9999 -9999 -9999 -9999 -9999 -9999 -9999 -9999 -9999 0.635 0.651 0.668 0.682 0.708 0.735 0.744 0.75 0.76 0.769 0.778 0.787 0.823 0.863 0.865 0.865 0.864 0.86 0.871 0.88 0.881 0.88 0.891 0.901 0.914 0.927 0.932 0.937 0.945 0.954 0.966 0.978 0.983 0.985 0.982 0.978 0.986 0.997 0.991 0.983 0.983 0.981 0.981 0.979 0.979 0.978 0.961 0.94 0.931 0.921 0.911 0.898 0.895 0.891 0.895 0.901 0.901 0.902 0.887 0.867 0.856 0.845 0.857 0.874 0.858 0.838 0.821
-9999 -9999 -9999 -9999 -9999 -9999 0.595 0.605 0.618 0.631 0.64 0.652 0.674 0.705 0.723 0.726 0.737 0.75 0.765 0.788 0.8 0.815 0.84 0.848 0.856 0.877 0.879 0.883 0.887 0.877 0.883 0.896 0.905 0.912 0.922 0.924 0.93 0.936 0.947 0.961 0.969 0.969 0.974 0.984 0.983 0.985 0.993 1.002 0.997 0.99 0.976 0.967 0.975 0.978 0.96 0.947 0.956 0.95 0.932 0.916 0.914 0.907 0.895 0.886 0.883 0.884 0.885 0.886 0.879 0.865 0.861 0.855 0.845 0.847 0.837 0.82 0.828
-9999 -9999 -9999 -9999 -9999 0.587 0.603 0.614 0.626 0.631 0.64 0.659 0.69 0.721 0.726 0.728 0.743 0.756 0.778 0.801 0.816 0.832 0.84 0.847 0.866 0.885 0.89 0.894 0.888 0.879 0.892 0.905 0.912 0.919 0.923 0.925 0.932 0.939 0.952 0.966 0.967 0.966 0.976 0.984 0.986 0.987 0.994 1.003 0.997 0.99 0.977 0.96 0.967 0.974 0.956 0.933 0.94 0.95 0.933 0.912 0.908 0.906 0.895 0.88 0.877 0.873 0.873 0.875 0.867 0.858 0.853 0.851 0.842 0.831 0.822 0.81 0.816
-9999 -9999 -9999 -9999 0.581 0.603 0.617 0.624 0.636 0.648 0.662 0.68 0.71 0.74 0.744 0.742 0.757 0.772 0.794 0.816 0.83 0.842 0.849 0.855 0.868 0.87 0.876 0.887 0.882 0.878 0.887 0.891 0.906 0.937 0.938 0.931 0.939 0.946 0.96 0.977 0.983 0.993 1.0 0.997 0.995 0.985 0.987 0.981 0.977 0.981 0.975 0.963 0.958 0.957 0.954 0.941 0.936 0.939 0.93 0.914 0.902 0.895 0.889 0.877 0.875 0.872 0.87 0.871 0.846 0.827 0.812 0.803 0.827 0.836 0.83 0.822 0.82
