Validation/Results/raw data/ReClimate_07_2024_2_Temperatureweatherlogisticsltd.asc
NCOLS 192
NROWS 249
XLLCENTER -225160.85627316462
YLLCENTER 29788.11610251502
CELLSIZE 5000.0
NODATA_VALUE -9999
[rows 204 to 237 of 249, columns 76 to 151 of 192]
-9999 -9999 -9999 -0.089 -9999 -0.039 0.001 0.016 0.03 0.041 0.048 0.065 0.086 0.109 0.127 0.138 0.145 0.17 0.195 0.217 0.235 0.247 0.256 0.273 0.287 0.292 0.294 0.295 0.294 0.292 0.288 0.301 0.314 0.323 0.331 0.335 0.338 0.345 0.355 0.354 0.349 0.358 0.37 0.385 0.4 0.417 0.432 0.435 0.435 0.438 0.439 0.445 0.45 0.462 0.472 0.484 0.497 0.504 0.511 0.523 0.535 0.543 0.55 0.569 0.588 0.597 0.605 0.617 0.629 0.626 0.619 0.625 0.627 0.627 0.624 0.626
-9999 -9999 -9999 -9999 -9999 -9999 -9999 0.032 0.059 0.074 0.086 0.103 0.117 0.143 0.169 0.185 0.202 0.225 0.239 0.256 0.261 0.275 0.291 0.307 0.316 0.317 0.303 0.305 0.308 0.306 0.298 0.308 0.315 0.327 0.349 0.352 0.353 0.357 0.353 0.351 0.352 0.362 0.375 0.393 0.41 0.423 0.432 0.435 0.439 0.443 0.445 0.453 0.458 0.465 0.472 0.481 0.492 0.51 0.524 0.533 0.544 0.555 0.563 0.575 0.589 0.594 0.6 0.609 0.619 0.628 0.628 0.634 0.637 0.64 0.641 0.64
-9999 -9999 -9999 -9999 -9999 -9999 -9999 0.057 0.084 0.1 0.113 0.125 0.14 0.168 0.194 0.215 0.232 0.249 0.263 0.272 0.278 0.295 0.312 0.323 0.33 0.321 0.308 0.313 0.317 0.313 0.305 0.312 0.319 0.338 0.36 0.362 0.364 0.362 0.356 0.357 0.358 0.368 0.383 0.402 0.418 0.427 0.435 0.44 0.444 0.448 0.45 0.458 0.463 0.47 0.474 0.482 0.491 0.508 0.529 0.538 0.548 0.557 0.565 0.576 0.585 0.591 0.595 0.604 0.612 0.62 0.628 0.634 0.637 0.641 0.643 0.644
-9999 -9999 -9999 -9999 -9999 0.011 0.049 0.075 0.103 -9999 0.143 0.159 0.182 0.202 0.207 0.221 -9999 0.255 0.275 0.291 0.317 0.329 0.329 0.333 0.325 0.317 0.31 0.316 0.322 0.32 0.318 0.323 0.321 0.338 0.354 0.356 0.357 0.359 0.37 0.371 0.368 0.383 0.407 0.42 0.42 0.426 0.423 0.429 0.439 0.45 0.455 0.46 0.462 0.47 0.475 0.485 0.494 0.504 0.52 0.531 0.54 0.563 0.579 0.576 0.579 0.591 0.6 0.6 0.604 0.622 0.636 0.636 0.636 0.64 0.643 0.645
-9999 -9999 -9999 -9999 -9999 0.027 -9999 -9999 -9999 0.145 0.166 0.187 -9999 -9999 -9999 -9999 -9999 0.266 0.284 0.31 0.334 0.337 0.336 0.332 0.323 0.32 0.316 0.322 0.329 0.33 0.329 0.329 0.327 0.342 0.357 0.359 0.359 0.369 0.382 0.382 0.379 0.398 0.422 0.425 0.425 0.425 0.422 0.431 0.44 0.451 0.461 0.464 0.463 0.47 0.477 0.486 0.496 0.506 0.518 0.527 0.536 0.556 0.58 0.578 0.574 0.586 0.598 0.599 0.598 0.615 0.635 0.636 0.632 0.636 0.639 0.641
-9999 -9999 -9999 -9999 -9999 -9999 -9999 0.116 0.146 0.165 0.185 0.2 -9999 -9999 -9999 -9999 -9999 -9999 -9999 -9999 0.337 0.341 0.344 0.343 0.342 0.342 0.343 0.351 0.356 0.354 0.342 0.347 0.358 0.367 0.365 0.374 0.399 0.405 0.396 0.397 0.4 0.418 0.438 0.44 0.441 0.44 0.434 0.438 0.431 0.442 0.451 0.467 0.474 0.479 0.484 0.5 0.515 0.531 0.546 0.544 0.547 0.551 0.565 0.572 0.573 0.578 0.586 0.602 0.61 0.621 0.637 0.643 0.643 0.637 0.634 0.639
-9999 -9999 -9999 -9999 -9999 -9999 -9999 -9999 0.158 -9999 -9999 -9999 -9999 -9999 -9999 -9999 -9999 -9999 0.305 0.321 0.339 0.345 0.349 0.352 0.352 0.357 0.358 0.365 0.37 0.363 0.353 0.365 0.376 0.376 0.375 0.397 0.423 0.416 0.407 0.411 0.415 -9999 0.449 0.451 0.452 0.448 0.443 0.439 0.432 0.442 0.45 0.465 0.48 0.484 0.488 0.504 0.521 0.536 0.553 0.552 0.548 0.552 0.556 0.562 0.569 0.574 0.579 0.594 0.611 0.623 0.635 0.64 0.643 0.638 0.629 0.634
-9999 -9999 -9999 -9999 -9999 -9999 -9999 -9999 -9999 -9999 -9999 -9999 -9999 -9999 -9999 -9999 -9999 -9999 0.312 0.321 0.323 0.328 -9999 -9999 -9999 0.363 0.378 0.387 0.394 0.392 0.391 0.403 0.413 0.413 0.408 0.424 0.429 0.427 0.428 0.436 -9999 0.47 0.48 0.478 0.464 0.46 0.45 0.453 0.468 0.477 0.478 0.486 0.498 0.497 0.498 0.503 0.514 0.529 0.545 0.546 0.543 0.545 0.547 0.567 0.583 0.597 0.608 0.607 0.615 0.619 0.626 0.621 0.617 0.627 0.627 0.62
-9999 -9999 -9999 -9999 -9999 -9999 -9999 -9999 -9999 -9999 -9999 -9999 -9999 -9999 -9999 -9999 -9999 -9999 -9999 -9999 -9999 -9999 -9999 -9999 -9999 0.371 0.39 0.4 0.408 0.411 0.412 0.424 0.435 0.434 0.429 0.434 0.438 0.441 -9999 -9999 0.476 0.486 0.497 0.486 0.473 0.467 0.458 0.472 0.487 0.489 0.489 0.497 0.505 0.503 0.499 0.504 0.509 0.523 0.54 0.54 0.539 0.54 0.541 0.56 0.584 0.598 0.614 0.615 0.613 0.619 0.622 0.617 0.606 0.614 0.623 0.617
-9999 -9999 -9999 -9999 -9999 -9999 -9999 -9999 -9999 -9999 -9999 -9999 -9999 -9999 -9999 -9999 -9999 -9999 -9999 -9999 -9999 -9999 -9999 -9999 -9999 0.367 0.384 0.398 0.426 0.433 0.442 0.454 0.458 0.456 0.442 -9999 -9999 -9999 -9999 -9999 0.494 0.499 0.497 0.49 0.486 0.483 0.481 0.494 0.501 0.502 0.501 0.516 0.528 0.514 0.503 0.504 0.507 0.517 0.531 0.531 0.529 0.542 0.55 0.555 0.569 0.589 0.607 0.621 0.628 0.618 0.613 0.617 0.612 0.605 0.604 0.616
-9999 -9999 -9999 -9999 -9999 -9999 -9999 -9999 -9999 -9999 -9999 -9999 -9999 -9999 -9999 -9999 -9999 -9999 -9999 -9999 -9999 -9999 -9999 -9999 -9999 -9999 -9999 0.408 0.437 0.447 0.459 0.466 0.47 0.458 -9999 -9999 -9999 -9999 0.475 0.49 0.506 0.503 0.501 0.499 0.495 0.495 0.494 0.501 0.505 0.505 0.504 0.518 0.534 0.521 0.503 0.504 0.505 0.515 0.527 0.526 0.523 0.536 0.552 0.556 0.561 0.58 0.602 0.615 0.63 0.621 0.605 0.609 0.61 0.604 0.594 0.606
-9999 -9999 -9999 -9999 -9999 -9999 -9999 -9999 -9999 -9999 -9999 -9999 -9999 -9999 -9999 -9999 -9999 -9999 -9999 -9999 -9999 -9999 -9999 -9999 -9999 -9999 -9999 -9999 0.44 0.45 0.462 0.462 0.456 -9999 -9999 -9999 -9999 0.474 0.488 0.504 0.515 0.511 0.502 0.508 0.529 0.523 0.496 0.501 0.506 0.507 0.508 0.516 0.529 0.535 0.529 0.521 0.516 0.52 0.529 0.529 0.527 0.536 0.549 0.558 0.566 0.578 0.595 0.603 0.613 0.615 0.605 0.611 0.614 0.622 0.623 0.624
-9999 -9999 -9999 -9999 -9999 -9999 -9999 -9999 -9999 -9999 -9999 -9999 -9999 -9999 -9999 -9999 -9999 -9999 -9999 -9999 -9999 -9999 -9999 -9999 -9999 -9999 -9999 -9999 -9999 -9999 -9999 -9999 -9999 -9999 -9999 -9999 0.472 0.483 0.497 0.508 0.52 0.512 0.503 0.522 0.542 0.523 0.495 0.5 0.505 0.507 0.507 0.516 0.525 0.53 0.536 0.529 0.518 0.523 0.527 0.528 0.527 0.536 0.546 0.555 0.564 0.576 0.589 0.597 0.603 0.604 0.601 0.607 0.611 0.62 0.629 0.631
-9999 -9999 -9999 -9999 -9999 -9999 -9999 -9999 -9999 -9999 -9999 -9999 -9999 -9999 -9999 -9999 -9999 -9999 -9999 -9999 -9999 -9999 -9999 -9999 -9999 -9999 -9999 -9999 -9999 -9999 -9999 -9999 -9999 -9999 -9999 0.489 0.494 0.504 0.506 0.515 0.521 0.515 0.509 0.523 0.528 0.516 0.52 0.519 0.504 0.505 0.504 0.5 0.502 0.505 0.509 0.521 0.522 0.524 0.527 0.53 0.532 0.535 0.542 0.554 0.565 0.574 0.585 0.591 0.596 0.601 0.6 0.605 0.609 0.618 0.627 0.628
-9999 -9999 -9999 -9999 -9999 -9999 -9999 -9999 -9999 -9999 -9999 -9999 -9999 -9999 -9999 -9999 -9999 -9999 -9999 -9999 -9999 -9999 -9999 -9999 -9999 -9999 -9999 -9999 -9999 -9999 -9999 -9999 -9999 -9999 -9999 0.5 0.507 0.51 0.51 0.517 0.523 0.518 0.512 0.517 0.519 0.523 0.528 0.516 0.502 0.502 0.501 0.497 0.492 0.494 0.497 0.508 0.521 0.523 0.525 0.528 0.531 0.535 0.538 0.549 0.562 0.571 0.58 0.586 0.59 0.594 0.596 0.601 0.604 0.613 0.622 0.623
-9999 -9999 -9999 -9999 -9999 -9999 -9999 -9999 -9999 -9999 -9999 -9999 -9999 -9999 -9999 -9999 -9999 -9999 -9999 -9999 -9999 -9999 0.434 0.441 0.424 0.432 -9999 0.451 -9999 -9999 -9999 -9999 -9999 -9999 -9999 -9999 0.512 0.513 0.512 0.516 0.513 0.513 0.522 0.524 0.523 0.529 0.539 0.533 0.533 0.522 0.515 0.515 0.512 0.509 0.508 0.507 0.513 0.526 0.534 0.53 0.528 0.531 0.534 0.544 0.557 0.564 0.571 0.579 0.584 0.589 0.592 0.596 0.599 0.608 0.617 0.619
-9999 -9999 -9999 -9999 -9999 -9999 -9999 -9999 -9999 -9999 -9999 -9999 -9999 -9999 -9999 -9999 -9999 -9999 -9999 0.431 0.441 0.445 0.447 0.445 0.436 0.442 0.447 0.456 0.463 0.471 -9999 -9999 0.504 0.51 0.513 0.517 0.515 0.516 0.515 0.514 0.509 0.515 0.523 0.524 0.523 0.531 0.541 0.542 0.543 0.533 0.518 0.518 0.517 0.515 0.51 0.509 0.507 0.52 0.534 0.531 0.525 0.527 0.529 0.54 0.552 0.559 0.565 0.572 0.577 0.582 0.586 0.59 0.593 0.602 0.61 0.613
-9999 -9999 -9999 -9999 -9999 -9999 -9999 -9999 -9999 -9999 -9999 -9999 -9999 -9999 -9999 -9999 -9999 -9999 0.435 0.445 0.456 0.461 0.464 0.462 0.455 0.465 0.473 0.482 0.484 0.494 0.501 0.513 0.518 0.521 0.514 0.516 0.523 0.526 0.533 0.53 0.523 0.526 0.522 0.526 0.536 0.544 0.546 0.545 0.538 0.529 0.517 0.518 0.517 0.517 0.514 0.518 0.519 0.527 0.538 0.538 0.536 0.53 0.528 0.539 0.551 0.552 0.553 0.567 0.577 0.587 0.594 0.593 0.594 0.598 0.605 0.61
-9999 -9999 -9999 -9999 -9999 -9999 -9999 -9999 -9999 -9999 -9999 -9999 -9999 -9999 -9999 -9999 -9999 -9999 0.448 0.456 0.467 0.473 0.479 0.476 0.471 0.482 0.493 0.498 0.502 0.51 0.519 0.524 0.529 0.524 0.515 0.52 0.525 0.531 0.537 0.533 0.527 0.523 0.52 0.529 0.54 0.543 0.545 0.54 0.533 0.526 0.515 0.516 0.515 0.515 0.513 0.517 0.521 0.528 0.536 0.537 0.536 0.532 0.525 0.536 0.547 0.548 0.546 0.559 0.573 0.582 0.592 0.593 0.591 0.595 0.598 0.604
-9999 -9999 -9999 -9999 -9999 -9999 -9999 -9999 -9999 -9999 -9999 -9999 -9999 -9999 -9999 -9999 -9999 -9999 0.459 0.467 0.489 0.494 0.495 0.495 0.494 0.503 0.505 0.51 0.512 0.52 0.528 0.535 0.546 0.539 0.527 0.528 0.523 0.528 0.533 0.53 0.528 0.528 0.534 0.542 0.551 0.549 0.532 0.532 0.541 0.533 0.52 0.521 0.52 0.524 0.526 0.527 0.529 0.522 0.522 0.53 0.533 0.541 0.542 0.547 0.556 0.557 0.556 0.564 0.576 0.586 0.596 0.598 0.597 0.602 0.607 0.609
-9999 -9999 -9999 -9999 -9999 -9999 -9999 -9999 -9999 -9999 -9999 -9999 -9999 -9999 0.414 0.434 -9999 0.466 0.47 0.486 0.499 0.502 0.505 0.508 0.509 0.513 0.515 0.52 0.521 0.527 0.531 0.539 0.549 0.54 0.529 0.526 0.52 0.525 0.529 0.528 0.526 0.531 0.537 0.544 0.553 0.54 0.524 0.532 0.541 0.533 0.52 0.52 0.519 0.524 0.528 0.529 0.528 0.522 0.513 0.521 0.529 0.537 0.545 0.551 0.555 0.556 0.555 0.564 0.572 0.583 0.593 0.595 0.595 0.601 0.606 0.608
-9999 -9999 -9999 -9999 -9999 -9999 -9999 -9999 -9999 -9999 -9999 -9999 -9999 -9999 0.45 0.47 0.478 0.487 0.491 0.501 0.5 0.508 0.52 0.527 0.536 0.54 0.538 0.544 0.544 0.547 0.55 0.553 0.545 0.538 0.532 0.529 0.524 0.527 0.527 0.524 0.515 0.519 0.527 0.53 0.531 0.525 0.531 0.537 0.538 0.532 0.527 0.526 0.524 0.525 0.528 0.532 0.533 0.527 0.518 0.529 0.54 0.543 0.55 0.553 0.556 0.562 0.564 0.583 0.598 0.609 0.621 0.607 0.598 0.602 0.606 0.606
-9999 -9999 -9999 -9999 -9999 -9999 -9999 -9999 -9999 -9999 -9999 -9999 -9999 0.421 0.465 0.477 0.486 0.494 0.5 0.502 0.502 0.515 0.528 0.539 0.549 0.55 0.547 0.55 0.549 0.552 0.556 0.55 0.542 0.537 0.531 0.528 0.524 0.524 0.524 0.517 0.508 0.514 0.521 0.52 0.519 0.525 0.531 0.533 0.534 0.532 0.527 0.526 0.523 0.525 0.525 0.528 0.532 0.525 0.516 0.527 0.54 0.545 0.548 0.551 0.552 0.558 0.563 0.581 0.602 0.613 0.624 0.613 0.595 0.599 0.601 0.602
-9999 -9999 -9999 -9999 -9999 -9999 -9999 -9999 -9999 -9999 -9999 -9999 -9999 -9999 0.502 0.513 0.516 0.521 0.514 0.515 0.507 0.522 0.54 0.549 0.551 0.553 0.558 0.56 0.553 0.556 0.553 0.549 0.546 0.54 0.529 0.525 0.519 0.518 0.514 0.51 0.51 0.515 0.521 0.52 0.522 0.526 0.526 0.531 0.541 0.538 0.534 0.542 0.545 0.541 0.539 0.525 0.518 0.529 -9999 0.54 0.552 0.562 0.569 0.566 0.565 0.566 0.57 0.582 0.6 0.602 0.607 0.597 0.579 0.589 0.594 0.608
-9999 -9999 -9999 -9999 -9999 -9999 -9999 -9999 -9999 -9999 -9999 -9999 -9999 0.481 0.517 0.524 0.529 0.526 0.52 0.515 0.507 0.523 0.538 0.544 0.547 0.554 0.559 0.558 0.553 0.553 0.551 0.549 0.547 0.537 0.527 0.522 0.515 0.512 0.509 0.509 0.509 0.514 0.519 0.52 0.521 0.52 0.521 0.531 0.54 0.538 0.533 0.541 0.549 0.546 0.541 0.528 0.511 0.521 0.535 -9999 0.552 -9999 0.572 -9999 0.565 -9999 0.567 0.58 0.593 0.595 0.595 0.586 0.57 -9999 -9999 -9999
-9999 -9999 -9999 -9999 -9999 -9999 -9999 -9999 -9999 -9999 -9999 -9999 -9999 0.481 0.5 0.509 0.518 0.518 0.517 0.513 0.507 0.52 0.532 0.538 0.539 0.551 0.571 0.569 0.558 0.556 0.545 0.544 0.545 0.541 0.543 0.535 0.517 0.515 0.512 0.517 0.528 0.533 0.537 0.538 0.535 0.534 0.53 0.537 0.538 0.536 0.532 0.542 0.55 0.553 0.552 0.554 0.545 0.542 0.548 -9999 -9999 0.562 0.571 -9999 -9999 0.564 0.561 0.568 -9999 -9999 -9999 -9999 -9999 -9999 -9999 -9999
-9999 -9999 -9999 -9999 -9999 -9999 -9999 -9999 -9999 -9999 -9999 -9999 0.443 0.461 0.482 0.494 0.504 0.507 0.507 0.506 0.501 0.512 0.523 0.528 0.53 0.55 0.571 0.568 0.559 0.552 0.541 0.543 0.544 0.546 0.549 0.534 0.517 0.516 0.512 0.523 0.534 0.538 0.543 0.542 0.539 0.535 0.53 0.532 0.533 0.532 0.528 0.537 0.547 0.55 0.553 0.555 -9999 -9999 -9999 0.552 -9999 -9999 -9999 -9999 -9999 -9999 0.562 -9999 -9999 -9999 -9999 -9999 -9999 -9999 -9999 -9999
-9999 -9999 -9999 -9999 -9999 -9999 -9999 -9999 -9999 -9999 -9999 0.42 0.437 0.457 0.469 0.482 0.494 0.496 0.49 0.49 0.489 0.499 0.505 0.511 0.516 0.532 0.542 0.544 0.553 0.547 0.533 0.532 0.525 0.528 -9999 -9999 -9999 -9999 -9999 0.521 0.529 0.534 0.548 0.546 0.539 0.534 0.528 0.532 0.542 -9999 0.531 -9999 -9999 -9999 -9999 -9999 0.541 0.541 0.549 0.558 0.562 0.56 -9999 -9999 -9999 -9999 -9999 -9999 -9999 -9999 -9999 -9999 -9999 -9999 -9999 -9999
-9999 -9999 -9999 -9999 -9999 -9999 -9999 -9999 -9999 -9999 0.403 0.417 0.427 0.441 0.454 0.468 0.481 0.481 0.476 0.479 0.478 0.485 0.492 0.499 0.505 0.515 0.525 0.537 0.547 0.54 0.528 -9999 -9999 -9999 -9999 -9999 -9999 -9999 -9999 -9999 -9999 0.538 0.548 0.543 0.537 0.532 0.525 0.532 0.541 0.538 -9999 -9999 -9999 -9999 -9999 -9999 -9999 0.537 0.545 0.554 0.558 -9999 -9999 -9999 -9999 -9999 -9999 -9999 -9999 -9999 -9999 -9999 -9999 -9999 -9999 -9999
-9999 -9999 -9999 -9999 -9999 -9999 -9999 -9999 0.354 0.38 0.37 0.382 0.406 0.42 0.431 0.448 0.466 0.469 0.471 0.473 0.466 0.471 0.471 0.481 0.493 0.508 0.528 0.546 0.568 -9999 -9999 -9999 -9999 -9999 -9999 -9999 -9999 -9999 -9999 -9999 -9999 -9999 0.541 -9999 -9999 -9999 -9999 -9999 0.524 0.518 -9999 -9999 -9999 -9999 -9999 -9999 -9999 -9999 -9999 0.541 0.537 -9999 -9999 -9999 -9999 -9999 -9999 -9999 -9999 -9999 -9999 -9999 -9999 -9999 -9999 -9999
-9999 -9999 -9999 -9999 -9999 -9999 -9999 0.336 -9999 0.352 0.35 0.365 0.386 0.4 0.412 0.431 0.45 0.457 0.462 0.46 0.455 0.456 0.457 0.471 0.483 0.504 0.525 0.549 0.57 -9999 -9999 -9999 -9999 -9999 -9999 -9999 -9999 -9999 -9999 -9999 -9999 -9999 -9999 0.524 -9999 -9999 -9999 -9999 -9999 -9999 -9999 -9999 -9999 -9999 -9999 -9999 -9999 -9999 -9999 -9999 -9999 -9999 -9999 -9999 -9999 -9999 -9999 -9999 -9999 -9999 -9999 -9999 -9999 -9999 -9999 -9999
-9999 -9999 -9999 -9999 -9999 -9999 0.322 0.342 0.353 0.35 0.344 0.355 0.369 0.383 0.407 0.42 0.414 0.425 -9999 0.445 0.456 0.46 0.464 0.475 0.476 0.497 0.519 0.543 -9999 -9999 -9999 -9999 -9999 -9999 -9999 -9999 -9999 -9999 -9999 -9999 -9999 -9999 -9999 -9999 -9999 -9999 -9999 -9999 -9999 -9999 -9999 -9999 -9999 -9999 -9999 -9999 -9999 -9999 -9999 -9999 -9999 -9999 -9999 -9999 -9999 -9999 -9999 -9999 -9999 -9999 -9999 -9999 -9999 -9999 -9999 -9999
-9999 -9999 -9999 -9999 -9999 -9999 0.328 0.336 0.348 0.344 0.338 0.346 0.355 0.372 0.394 0.394 0.39 0.407 0.424 0.437 0.449 0.454 0.459 0.464 0.467 0.489 0.511 0.533 -9999 -9999 -9999 -9999 -9999 -9999 -9999 -9999 -9999 -9999 -9999 -9999 -9999 -9999 -9999 -9999 -9999 -9999 -9999 -9999 -9999 -9999 -9999 -9999 -9999 -9999 -9999 -9999 -9999 -9999 -9999 -9999 -9999 -9999 -9999 -9999 -9999 -9999 -9999 -9999 -9999 -9999 -9999 -9999 -9999 -9999 -9999 -9999
-9999 -9999 -9999 -9999 -9999 0.322 0.339 0.341 0.326 0.324 0.327 0.334 0.34 0.354 0.372 0.372 0.376 0.392 0.404 0.418 0.434 0.446 0.466 0.471 0.469 0.493 0.518 -9999 -9999 -9999 -9999 -9999 -9999 -9999 -9999 -9999 -9999 -9999 -9999 -9999 -9999 -9999 -9999 -9999 -9999 -9999 -9999 -9999 -9999 -9999 -9999 -9999 -9999 -9999 -9999 -9999 -9999 -9999 -9999 -9999 -9999 -9999 -9999 -9999 -9999 -9999 -9999 -9999 -9999 -9999 -9999 -9999 -9999 -9999 -9999 -9999
