Validation/Results/raw data/ReClimate_01_2024_2_Precipitation-Actualsweatherlogisticsltd.asc
NCOLS 192
NROWS 249
XLLCENTER -225160.85627316462
YLLCENTER 29788.11610251502
CELLSIZE 5000.0
NODATA_VALUE -9999
[rows 66 to 98 of 249, columns 75 to 149 of 192]
-9999 -9999 -9999 -9999 -9999 -9999 -9999 -9999 -9999 -9999 116.21 -9999 137.961 170.266 209.996 214.807 219.883 195.282 184.73 155.397 134.816 110.322 115.871 121.764 110.72 109.057 107.56 102.584 103.853 97.199 97.953 -9999 -9999 -9999 -9999 -9999 -9999 -9999 -9999 -9999 -9999 -9999 -9999 -9999 -9999 -9999 -9999 -9999 -9999 -9999 -9999 -9999 -9999 -9999 -9999 -9999 -9999 -9999 -9999 -9999 -9999 -9999 -9999 -9999 -9999 -9999 -9999 -9999 -9999 -9999 -9999 -9999 -9999 -9999 -9999
-9999 -9999 -9999 -9999 -9999 -9999 -9999 -9999 -9999 -9999 -9999 120.933 166.113 176.275 197.374 199.951 190.57 184.38 175.379 150.274 128.701 116.998 111.176 105.193 96.588 100.236 101.045 101.196 89.178 -9999 -9999 -9999 -9999 -9999 -9999 -9999 -9999 -9999 -9999 -9999 -9999 -9999 -9999 -9999 -9999 -9999 -9999 -9999 -9999 -9999 -9999 -9999 -9999 -9999 -9999 -9999 -9999 -9999 -9999 -9999 -9999 -9999 -9999 -9999 -9999 -9999 -9999 -9999 -9999 -9999 -9999 -9999 -9999 -9999 -9999
-9999 -9999 -9999 -9999 -9999 -9999 -9999 -9999 -9999 -9999 -9999 159.195 173.676 169.049 163.374 174.198 179.685 162.229 142.678 127.206 110.908 105.094 98.085 100.125 97.312 90.036 92.105 82.689 67.691 -9999 -9999 -9999 -9999 -9999 -9999 -9999 -9999 -9999 -9999 -9999 -9999 -9999 -9999 -9999 -9999 -9999 -9999 -9999 -9999 -9999 -9999 -9999 -9999 -9999 -9999 -9999 -9999 -9999 -9999 -9999 -9999 -9999 -9999 -9999 -9999 -9999 -9999 -9999 -9999 -9999 -9999 -9999 -9999 -9999 -9999
-9999 -9999 -9999 -9999 -9999 -9999 -9999 -9999 -9999 -9999 -9999 -9999 -9999 149.61 157.388 168.834 159.253 147.751 138.75 127.797 112.805 96.321 92.214 99.154 91.651 87.29 74.671 -9999 -9999 -9999 -9999 -9999 -9999 -9999 -9999 -9999 -9999 -9999 -9999 -9999 -9999 -9999 -9999 -9999 -9999 -9999 -9999 -9999 -9999 -9999 -9999 -9999 -9999 -9999 -9999 -9999 -9999 -9999 -9999 -9999 -9999 -9999 -9999 -9999 -9999 -9999 -9999 -9999 -9999 -9999 -9999 -9999 -9999 -9999 -9999
-9999 -9999 -9999 -9999 -9999 -9999 -9999 124.702 -9999 -9999 167.359 190.148 163.25 150.235 174.305 170.041 166.829 163.713 154.749 135.042 116.812 88.418 89.207 85.574 85.091 74.613 68.976 -9999 -9999 -9999 -9999 -9999 -9999 -9999 -9999 -9999 -9999 -9999 -9999 -9999 -9999 -9999 -9999 -9999 -9999 -9999 -9999 -9999 -9999 -9999 -9999 -9999 -9999 -9999 -9999 -9999 -9999 -9999 -9999 -9999 -9999 -9999 -9999 -9999 -9999 -9999 -9999 -9999 -9999 -9999 -9999 -9999 -9999 -9999 -9999
-9999 -9999 -9999 -9999 -9999 124.767 123.586 133.868 134.106 152.176 183.111 203.132 196.084 190.115 157.523 177.682 184.87 177.779 159.927 137.52 124.72 110.837 81.864 74.434 66.568 61.195 53.419 -9999 -9999 -9999 -9999 -9999 -9999 -9999 -9999 -9999 -9999 -9999 -9999 -9999 -9999 -9999 -9999 -9999 -9999 -9999 -9999 -9999 -9999 -9999 -9999 -9999 -9999 -9999 -9999 -9999 -9999 -9999 -9999 -9999 -9999 -9999 -9999 -9999 -9999 -9999 -9999 -9999 -9999 -9999 -9999 -9999 -9999 -9999 -9999
-9999 -9999 -9999 -9999 -9999 126.615 138.41 -9999 157.322 180.613 203.983 206.72 228.756 184.371 184.891 193.429 203.59 210.465 177.882 160.717 154.384 122.9 102.515 95.851 73.906 61.097 -9999 47.07 -9999 -9999 -9999 -9999 -9999 -9999 -9999 -9999 -9999 -9999 -9999 -9999 -9999 -9999 -9999 -9999 -9999 -9999 -9999 -9999 -9999 -9999 -9999 -9999 -9999 -9999 -9999 -9999 -9999 -9999 -9999 -9999 -9999 -9999 -9999 -9999 -9999 -9999 -9999 -9999 -9999 -9999 -9999 -9999 -9999 -9999 -9999
-9999 -9999 -9999 -9999 -9999 -9999 156.905 160.201 175.464 204.169 204.82 230.117 208.959 194.996 183.102 180.551 194.284 199.657 166.519 156.148 153.332 122.855 109.74 89.484 74.001 60.646 49.215 45.042 -9999 -9999 -9999 -9999 -9999 -9999 -9999 -9999 -9999 -9999 -9999 -9999 -9999 -9999 -9999 -9999 -9999 -9999 -9999 -9999 -9999 -9999 -9999 -9999 -9999 -9999 -9999 -9999 -9999 -9999 -9999 -9999 -9999 -9999 -9999 -9999 -9999 -9999 -9999 -9999 -9999 -9999 -9999 -9999 -9999 -9999 -9999
-9999 -9999 -9999 -9999 -9999 -9999 -9999 172.106 189.822 209.508 251.927 242.665 236.257 215.805 213.165 212.206 189.795 157.309 141.777 154.634 140.964 123.145 105.08 76.809 64.837 49.883 47.908 50.016 -9999 -9999 -9999 -9999 -9999 -9999 -9999 -9999 -9999 -9999 -9999 -9999 -9999 -9999 -9999 -9999 -9999 -9999 -9999 -9999 -9999 -9999 -9999 -9999 -9999 -9999 -9999 -9999 -9999 -9999 -9999 -9999 -9999 -9999 -9999 -9999 -9999 -9999 -9999 -9999 -9999 -9999 -9999 -9999 -9999 -9999 -9999
-9999 -9999 -9999 -9999 -9999 162.187 169.648 195.127 211.149 231.767 232.548 250.82 238.109 229.026 227.847 201.369 175.056 161.747 138.516 140.531 152.681 123.249 84.559 65.023 53.084 -9999 51.864 -9999 -9999 -9999 -9999 -9999 -9999 50.559 46.299 47.079 -9999 -9999 -9999 -9999 -9999 -9999 -9999 -9999 -9999 -9999 -9999 -9999 -9999 -9999 -9999 -9999 -9999 -9999 -9999 -9999 -9999 -9999 -9999 -9999 -9999 -9999 -9999 -9999 -9999 -9999 -9999 -9999 -9999 -9999 -9999 -9999 -9999 -9999 -9999
144.586 -9999 -9999 -9999 -9999 -9999 187.415 206.126 234.496 239.728 252.521 228.389 218.464 216.511 216.331 184.251 158.83 128.588 130.45 144.377 123.145 93.187 75.341 67.245 61.585 56.281 -9999 -9999 -9999 -9999 47.155 45.215 44.902 46.418 47.099 47.467 47.692 47.702 53.724 60.336 61.281 55.153 50.044 51.017 55.666 61.278 64.71 64.981 63.506 60.137 57.289 57.082 -9999 -9999 -9999 -9999 -9999 -9999 -9999 -9999 -9999 -9999 -9999 -9999 -9999 -9999 -9999 -9999 -9999 -9999 -9999 -9999 -9999 -9999 -9999
185.505 -9999 -9999 -9999 167.507 -9999 183.874 191.177 224.779 267.433 261.8 225.483 204.382 208.476 191.479 179.73 153.669 138.519 119.46 102.535 95.98 81.564 71.906 70.927 61.7 -9999 -9999 -9999 -9999 49.719 50.114 47.002 49.589 54.819 49.83 50.081 52.67 52.269 64.687 65.314 65.233 60.036 53.757 53.905 55.649 59.145 65.035 71.261 69.441 68.545 64.304 57.952 -9999 -9999 -9999 -9999 -9999 -9999 -9999 -9999 -9999 -9999 -9999 -9999 -9999 -9999 -9999 -9999 -9999 -9999 -9999 -9999 -9999 -9999 -9999
194.462 -9999 -9999 -9999 173.716 179.841 183.643 229.895 266.231 268.751 269.305 228.722 220.952 205.225 191.671 164.688 150.12 147.681 124.517 113.422 87.79 69.04 70.592 60.626 -9999 -9999 51.036 49.087 50.635 52.679 53.112 52.894 56.781 61.742 64.308 67.401 63.718 62.922 62.889 62.075 60.004 59.269 61.311 55.0 56.937 59.141 70.302 77.217 70.187 67.735 67.544 60.812 58.488 -9999 -9999 -9999 -9999 -9999 -9999 -9999 -9999 -9999 -9999 -9999 -9999 -9999 -9999 -9999 -9999 -9999 -9999 -9999 -9999 -9999 -9999
184.207 -9999 175.307 -9999 159.06 166.128 228.437 272.393 254.08 278.951 267.446 251.806 233.69 220.797 213.048 182.486 166.495 149.02 138.286 111.798 84.104 62.812 56.223 54.829 -9999 61.775 60.92 57.191 54.505 55.17 56.243 64.862 68.646 68.655 75.613 74.242 69.489 69.83 69.107 65.803 61.706 59.85 56.286 57.722 57.515 60.293 71.119 69.509 62.146 62.037 65.597 61.904 56.586 -9999 -9999 -9999 -9999 -9999 -9999 -9999 -9999 -9999 -9999 -9999 -9999 -9999 -9999 -9999 -9999 -9999 -9999 -9999 -9999 -9999 -9999
-9999 172.05 -9999 -9999 -9999 210.002 296.163 261.969 247.802 211.175 226.59 229.007 222.126 229.507 213.809 208.834 183.617 160.735 129.876 98.849 73.694 67.3 72.129 63.569 63.38 71.658 76.716 80.525 74.388 65.965 70.427 75.109 78.279 76.333 66.248 66.411 65.335 65.473 70.637 63.704 59.702 55.717 55.909 59.117 60.905 59.75 66.721 63.238 64.36 66.132 66.086 62.641 57.779 -9999 -9999 -9999 -9999 -9999 -9999 -9999 -9999 -9999 -9999 -9999 -9999 -9999 -9999 -9999 -9999 -9999 -9999 -9999 -9999 -9999 -9999
177.042 -9999 -9999 -9999 -9999 234.139 236.407 222.537 -9999 214.15 225.383 227.519 218.441 216.368 214.975 187.416 162.21 153.186 129.522 110.189 92.86 87.013 83.252 65.561 73.482 75.046 89.021 98.149 88.02 70.198 67.805 78.606 83.074 68.108 63.922 71.401 65.352 74.96 72.694 65.194 64.241 56.546 61.141 67.848 60.67 62.872 62.544 63.335 62.638 65.766 63.943 56.281 55.322 -9999 -9999 -9999 -9999 -9999 -9999 -9999 -9999 -9999 -9999 -9999 -9999 -9999 -9999 -9999 -9999 -9999 -9999 -9999 -9999 -9999 -9999
230.679 -9999 -9999 -9999 190.426 -9999 -9999 177.581 187.522 212.145 240.767 246.198 235.446 235.084 212.272 191.281 157.58 129.338 113.906 107.883 99.201 96.917 65.155 68.295 77.341 95.553 95.501 91.795 91.313 74.471 71.934 74.506 69.949 66.41 73.931 72.735 75.183 78.952 75.539 81.199 70.04 63.672 69.33 62.333 60.137 62.265 65.162 59.003 59.082 60.179 58.527 53.098 -9999 -9999 -9999 -9999 -9999 -9999 -9999 -9999 -9999 -9999 -9999 -9999 -9999 -9999 -9999 -9999 -9999 -9999 -9999 -9999 -9999 -9999 -9999
268.035 226.136 191.772 -9999 -9999 -9999 197.085 176.242 -9999 212.738 223.859 233.637 240.652 229.944 225.602 186.278 131.996 118.532 116.238 114.179 103.477 82.415 82.382 79.161 92.698 93.609 91.529 93.276 84.728 69.831 67.164 61.93 65.698 80.221 74.535 80.244 95.861 87.207 83.229 82.471 66.892 62.652 60.497 59.014 56.775 61.616 60.23 59.284 58.165 56.24 52.335 -9999 -9999 -9999 -9999 -9999 -9999 -9999 -9999 -9999 -9999 -9999 -9999 -9999 -9999 -9999 -9999 -9999 -9999 -9999 -9999 -9999 -9999 -9999 -9999
261.35 235.013 207.269 -9999 192.931 202.028 206.654 211.438 238.28 241.441 243.113 257.783 258.973 228.084 192.443 170.781 147.246 144.279 142.907 126.589 103.204 91.864 92.223 108.148 106.339 92.603 89.081 84.315 61.629 60.275 63.153 65.114 71.691 64.158 67.86 78.833 89.663 93.656 93.972 90.946 69.854 69.539 66.544 68.795 75.203 62.612 58.479 62.269 63.755 56.792 50.853 -9999 -9999 -9999 -9999 -9999 -9999 -9999 -9999 -9999 -9999 -9999 -9999 -9999 -9999 -9999 -9999 -9999 -9999 -9999 -9999 -9999 -9999 -9999 -9999
237.757 221.026 202.065 195.848 192.61 213.525 -9999 213.056 250.805 281.089 300.348 283.975 260.702 222.617 222.37 191.101 166.565 143.425 131.051 126.741 98.022 92.929 111.09 121.993 104.636 98.387 98.97 78.038 76.529 62.416 60.054 55.244 58.411 71.317 72.495 84.058 98.941 92.202 85.914 78.417 68.343 63.571 55.504 64.367 60.71 55.041 57.132 59.607 58.656 54.74 -9999 -9999 -9999 -9999 -9999 -9999 -9999 -9999 -9999 -9999 -9999 -9999 -9999 -9999 -9999 -9999 -9999 -9999 -9999 -9999 -9999 -9999 -9999 -9999 -9999
-9999 -9999 -9999 182.142 201.314 -9999 206.708 239.242 291.407 321.116 308.706 320.319 289.74 269.438 238.747 178.775 155.543 148.978 148.317 116.455 107.258 118.209 138.371 140.651 134.662 130.642 102.698 100.725 81.847 70.513 78.192 71.337 89.076 88.247 90.137 94.126 88.727 72.223 71.563 68.689 71.402 66.188 59.99 62.279 59.042 56.25 55.687 58.013 57.455 51.937 -9999 -9999 -9999 -9999 -9999 -9999 -9999 -9999 -9999 -9999 -9999 -9999 -9999 -9999 -9999 -9999 -9999 -9999 -9999 -9999 -9999 -9999 -9999 -9999 -9999
-9999 -9999 185.827 197.424 -9999 185.519 209.617 -9999 279.858 279.732 315.104 317.063 308.499 274.081 223.338 200.233 179.7 149.076 125.081 131.573 127.903 138.375 160.196 162.864 153.227 130.777 102.613 80.893 66.874 75.087 81.751 94.109 101.083 99.046 90.493 88.245 75.847 75.118 67.692 66.867 69.085 62.082 62.66 65.62 62.719 59.011 55.361 61.947 57.385 50.297 -9999 -9999 -9999 -9999 -9999 -9999 -9999 -9999 -9999 -9999 -9999 -9999 -9999 -9999 -9999 -9999 -9999 -9999 -9999 -9999 -9999 -9999 -9999 -9999 -9999
-9999 -9999 178.335 -9999 -9999 188.454 216.581 257.975 266.007 297.024 304.593 273.037 260.623 241.579 202.861 172.275 154.324 150.245 162.822 166.36 165.504 173.886 177.073 164.244 135.955 92.155 73.171 75.851 95.241 111.299 139.485 143.49 128.507 116.671 110.355 91.014 78.974 69.695 65.058 55.676 55.982 57.638 60.108 68.457 78.772 64.182 59.486 56.124 53.256 49.256 -9999 -9999 -9999 -9999 -9999 -9999 -9999 -9999 -9999 -9999 -9999 -9999 -9999 -9999 -9999 -9999 -9999 -9999 -9999 -9999 -9999 -9999 -9999 -9999 -9999
-9999 -9999 -9999 -9999 -9999 -9999 241.313 276.115 273.985 301.611 292.021 263.806 263.812 240.408 208.647 196.531 201.217 201.358 187.246 183.959 165.78 157.586 152.609 141.177 107.81 77.153 76.595 88.438 110.373 140.425 135.369 136.831 126.844 119.728 104.804 89.141 78.108 69.826 58.489 49.179 52.876 52.428 57.17 70.412 64.195 58.065 55.968 57.419 55.238 -9999 -9999 -9999 -9999 -9999 -9999 -9999 -9999 -9999 -9999 -9999 -9999 -9999 -9999 -9999 -9999 -9999 -9999 -9999 -9999 -9999 -9999 -9999 -9999 -9999 -9999
-9999 -9999 -9999 -9999 156.838 183.094 -9999 284.543 291.654 325.754 295.714 255.719 238.886 228.27 237.159 240.228 221.124 184.838 183.164 170.837 158.667 136.209 123.544 103.26 91.578 105.253 108.437 113.573 133.461 127.63 118.208 85.81 93.292 90.818 71.382 68.722 70.511 76.779 72.451 68.54 71.756 79.946 72.299 60.054 66.263 70.856 69.103 62.597 55.282 -9999 -9999 -9999 -9999 -9999 -9999 -9999 -9999 -9999 -9999 -9999 -9999 -9999 -9999 -9999 -9999 -9999 -9999 -9999 -9999 -9999 -9999 -9999 -9999 -9999 -9999
-9999 -9999 -9999 146.27 145.046 186.058 234.24 282.257 311.246 317.134 292.148 246.011 216.673 219.239 215.644 214.918 216.276 203.7 206.465 195.004 137.939 132.339 113.906 106.4 110.402 131.155 130.27 130.565 123.276 122.583 94.907 82.34 85.547 94.58 90.631 88.131 85.0 85.226 97.796 106.844 107.887 104.865 87.087 83.571 83.415 77.137 65.205 59.745 -9999 -9999 -9999 -9999 -9999 -9999 -9999 -9999 -9999 -9999 -9999 -9999 -9999 -9999 -9999 -9999 -9999 -9999 -9999 -9999 -9999 -9999 -9999 -9999 -9999 -9999 -9999
-9999 -9999 -9999 134.477 -9999 183.609 217.952 249.894 291.312 291.407 229.14 215.817 221.265 189.02 180.664 182.809 186.739 200.783 191.0 149.485 148.519 156.922 138.973 125.526 153.49 155.996 157.637 145.223 142.588 133.221 117.54 106.427 114.315 115.882 118.92 120.042 97.115 112.91 119.916 94.582 102.017 107.277 94.84 91.548 82.653 65.658 62.76 57.49 -9999 -9999 -9999 -9999 -9999 -9999 -9999 -9999 -9999 -9999 -9999 -9999 -9999 -9999 -9999 -9999 -9999 -9999 -9999 -9999 -9999 -9999 -9999 -9999 -9999 -9999 -9999
-9999 -9999 -9999 -9999 -9999 203.732 227.775 237.88 266.737 234.944 193.014 201.04 186.638 169.129 167.084 173.724 195.525 185.224 185.998 172.252 179.674 161.353 138.077 146.179 161.63 160.688 153.136 136.673 141.708 128.49 122.285 137.722 135.331 135.441 149.031 137.541 135.461 139.239 120.374 107.454 101.29 91.066 90.624 89.197 73.372 61.075 58.388 52.573 -9999 -9999 -9999 -9999 -9999 -9999 -9999 -9999 -9999 -9999 -9999 -9999 -9999 -9999 -9999 -9999 -9999 -9999 -9999 -9999 -9999 -9999 -9999 -9999 -9999 -9999 -9999
-9999 -9999 -9999 164.018 176.814 195.991 206.283 219.188 245.366 217.891 227.024 231.7 -9999 203.84 248.47 255.362 239.682 226.515 225.911 213.16 200.088 184.931 170.009 157.988 146.042 131.024 113.998 109.651 117.774 111.582 130.088 123.868 124.172 121.009 136.645 142.738 131.94 114.415 116.104 108.463 93.538 96.889 81.983 70.635 61.087 57.205 58.06 40.862 -9999 -9999 -9999 -9999 -9999 -9999 -9999 -9999 -9999 -9999 -9999 -9999 -9999 -9999 -9999 -9999 -9999 -9999 -9999 -9999 -9999 -9999 -9999 -9999 -9999 -9999 -9999
140.616 140.137 158.876 -9999 177.129 190.948 199.742 209.752 228.063 240.748 244.35 -9999 241.377 282.641 283.417 299.379 263.129 235.048 213.231 216.718 201.176 190.805 170.918 150.09 125.741 111.172 90.192 95.547 92.659 109.715 112.15 115.354 109.655 104.706 117.124 118.797 108.097 107.901 105.07 96.97 92.017 73.84 64.206 55.749 54.894 58.842 44.341 -9999 -9999 -9999 -9999 -9999 -9999 -9999 -9999 -9999 -9999 -9999 -9999 -9999 -9999 -9999 -9999 -9999 -9999 -9999 -9999 -9999 -9999 -9999 -9999 -9999 -9999 -9999 -9999
138.72 152.03 178.869 188.489 -9999 193.649 200.362 207.297 227.503 232.216 222.642 220.618 255.053 262.363 269.478 285.264 254.614 229.015 206.887 189.214 167.742 158.925 139.76 126.017 123.576 94.945 93.922 83.782 83.172 88.289 102.152 95.174 83.698 91.412 106.359 100.688 97.894 88.941 91.645 79.932 64.453 59.009 55.373 53.062 51.423 -9999 -9999 -9999 -9999 -9999 -9999 -9999 -9999 -9999 -9999 -9999 -9999 -9999 -9999 -9999 -9999 -9999 -9999 -9999 -9999 -9999 -9999 -9999 -9999 -9999 -9999 -9999 -9999 -9999 -9999
-9999 -9999 174.556 -9999 198.564 206.515 215.41 236.746 242.058 -9999 -9999 245.926 242.074 248.197 277.561 255.079 242.608 213.943 192.543 145.338 130.01 119.483 115.167 110.727 99.042 102.989 94.169 92.763 80.759 86.353 91.24 86.899 80.662 88.592 92.179 91.107 83.151 80.363 74.284 64.335 55.4 50.221 53.059 49.967 -9999 -9999 -9999 -9999 -9999 -9999 -9999 -9999 -9999 -9999 -9999 -9999 -9999 -9999 -9999 -9999 -9999 -9999 -9999 -9999 -9999 -9999 -9999 -9999 -9999 -9999 -9999 -9999 -9999 -9999 -9999
147.3 -9999 178.005 204.906 200.117 213.129 230.591 239.782 -9999 -9999 237.008 275.651 285.134 289.319 258.038 246.382 227.944 203.218 169.886 147.49 138.461 146.121 141.492 139.309 146.512 127.366 109.08 98.254 88.329 83.642 75.562 82.277 82.975 81.735 79.233 73.718 62.959 61.722 58.84 55.336 48.655 48.236 49.363 50.759 47.24 -9999 -9999 -9999 -9999 -9999 -9999 -9999 -9999 -9999 -9999 -9999 -9999 -9999 -9999 -9999 -9999 -9999 -9999 -9999 -9999 -9999 -9999 -9999 -9999 -9999 -9999 -9999 -9999 -9999 -9999
