Validation/Results/raw data/ReClimate_04_2024_2_Precipitation-Actualsweatherlogisticsltd.asc
NCOLS 192
NROWS 249
XLLCENTER -225160.85627316462
YLLCENTER 29788.11610251502
CELLSIZE 5000.0
NODATA_VALUE -9999
[rows 165 to 197 of 249, columns 74 to 147 of 192]
-9999 -9999 -9999 -9999 -9999 -9999 -9999 -9999 -9999 -9999 -9999 -9999 -9999 -9999 -9999 -9999 -9999 -9999 -9999 -9999 -9999 -9999 -9999 -9999 -9999 -9999 -9999 -9999 -9999 -9999 -9999 -9999 -9999 -9999 -9999 -9999 -9999 -9999 82.926 84.361 87.327 87.3 100.49 113.189 130.632 139.463 130.97 133.705 129.856 132.711 129.528 135.861 128.408 105.719 90.43 92.752 88.389 85.671 86.664 90.793 87.725 84.908 83.622 82.502 83.649 84.022 83.436 83.595 84.438 84.948 85.771 86.223 88.533 85.877
-9999 -9999 -9999 -9999 -9999 -9999 -9999 -9999 -9999 -9999 -9999 -9999 -9999 -9999 -9999 -9999 -9999 -9999 -9999 -9999 -9999 -9999 -9999 -9999 -9999 -9999 -9999 -9999 -9999 -9999 -9999 -9999 -9999 -9999 -9999 -9999 -9999 -9999 82.405 84.402 88.407 93.693 102.693 113.359 125.845 130.966 127.363 120.563 124.9 117.647 120.184 133.464 124.524 108.613 99.15 94.343 92.745 90.459 89.042 91.052 93.105 87.653 85.09 83.437 84.55 84.078 82.963 83.101 84.032 87.355 87.423 92.063 93.241 87.687
-9999 -9999 -9999 -9999 -9999 -9999 -9999 -9999 -9999 -9999 -9999 -9999 -9999 -9999 -9999 -9999 -9999 -9999 -9999 -9999 -9999 -9999 -9999 -9999 -9999 -9999 -9999 -9999 -9999 -9999 -9999 -9999 -9999 -9999 -9999 -9999 -9999 80.616 81.893 86.746 91.878 95.935 101.193 106.374 118.284 118.423 112.762 111.725 112.061 109.456 124.319 138.675 138.821 119.705 109.556 108.547 97.597 86.6 88.092 87.584 90.538 89.264 82.561 81.849 84.318 83.771 82.756 85.715 87.815 85.8 87.032 87.251 91.723 88.88
-9999 -9999 -9999 -9999 -9999 -9999 -9999 -9999 -9999 -9999 -9999 -9999 -9999 -9999 -9999 -9999 -9999 -9999 -9999 -9999 -9999 -9999 -9999 -9999 -9999 -9999 -9999 -9999 -9999 -9999 -9999 -9999 -9999 -9999 -9999 -9999 -9999 79.422 83.129 89.995 93.462 95.746 98.067 101.894 106.175 105.085 105.662 106.013 105.078 109.782 119.433 132.204 147.504 147.581 126.653 123.563 112.42 95.778 92.191 89.033 84.92 89.34 86.68 81.173 82.048 81.546 81.768 83.478 86.826 89.277 86.71 87.201 85.614 90.746
-9999 -9999 -9999 -9999 -9999 -9999 -9999 -9999 -9999 -9999 -9999 -9999 -9999 -9999 -9999 -9999 -9999 -9999 -9999 -9999 -9999 -9999 -9999 -9999 -9999 -9999 -9999 -9999 -9999 -9999 -9999 -9999 -9999 -9999 -9999 -9999 -9999 -9999 82.042 90.378 91.102 95.066 99.079 98.038 96.747 96.379 97.087 96.756 99.201 102.721 111.955 123.115 135.896 151.873 151.481 134.27 120.221 102.781 90.12 90.983 86.279 88.435 89.501 86.31 84.747 82.686 81.407 82.716 83.384 86.126 88.026 87.266 88.061 86.337
-9999 -9999 -9999 -9999 -9999 -9999 -9999 -9999 -9999 -9999 -9999 -9999 -9999 -9999 -9999 -9999 -9999 -9999 72.226 68.349 -9999 -9999 -9999 -9999 -9999 -9999 -9999 -9999 -9999 -9999 -9999 -9999 -9999 -9999 -9999 -9999 -9999 75.574 80.012 82.373 88.523 94.058 93.505 94.844 94.453 91.097 90.675 92.395 96.282 100.394 106.879 125.284 137.381 149.931 142.546 136.216 126.002 100.982 93.704 84.835 91.008 94.382 91.588 87.266 86.571 84.263 80.558 79.82 80.578 87.467 89.712 87.717 85.684 88.483
-9999 -9999 -9999 -9999 -9999 -9999 -9999 -9999 -9999 -9999 -9999 -9999 -9999 -9999 -9999 -9999 -9999 -9999 75.514 74.46 76.019 -9999 -9999 -9999 -9999 -9999 -9999 -9999 -9999 -9999 -9999 -9999 -9999 -9999 -9999 -9999 72.346 75.73 78.322 83.307 89.668 89.201 90.878 90.613 89.688 89.481 91.66 95.719 97.168 99.535 107.797 114.034 137.675 154.604 144.487 123.258 119.615 112.604 96.028 90.757 87.908 96.27 93.321 85.904 81.919 83.851 85.002 81.907 81.992 84.678 90.798 91.787 94.865 90.038
-9999 -9999 -9999 -9999 -9999 -9999 -9999 -9999 -9999 -9999 -9999 -9999 -9999 -9999 -9999 -9999 -9999 69.761 73.498 79.375 77.673 75.993 -9999 -9999 -9999 -9999 -9999 -9999 -9999 -9999 -9999 -9999 -9999 73.562 -9999 -9999 72.134 78.982 80.272 82.546 84.829 -9999 90.994 91.24 90.915 90.511 91.37 92.005 94.552 99.063 101.42 116.363 117.619 137.361 128.277 112.533 117.48 108.161 105.74 97.731 90.338 90.665 91.971 89.471 85.76 87.711 89.749 82.608 85.83 87.625 90.121 89.406 88.03 89.192
-9999 -9999 -9999 -9999 -9999 -9999 -9999 -9999 -9999 -9999 -9999 -9999 -9999 -9999 -9999 -9999 -9999 65.714 72.683 78.942 80.468 80.076 76.64 77.381 -9999 -9999 -9999 78.869 72.401 -9999 74.743 75.004 73.003 80.493 76.404 -9999 -9999 76.518 80.634 -9999 -9999 85.153 86.823 87.434 87.765 89.378 90.301 93.294 95.374 102.0 110.343 124.771 121.735 122.512 119.282 110.814 113.198 109.029 94.989 94.086 92.532 84.481 83.031 88.565 89.944 87.613 95.495 91.271 85.444 89.145 88.362 90.077 85.109 85.917
-9999 -9999 -9999 -9999 -9999 -9999 -9999 -9999 -9999 -9999 -9999 -9999 -9999 -9999 -9999 -9999 -9999 -9999 71.058 76.568 81.745 83.374 81.145 -9999 -9999 112.537 110.423 82.144 86.727 88.514 87.881 73.874 74.189 71.831 81.847 79.564 -9999 73.969 77.118 80.102 80.95 85.749 90.978 88.302 88.747 86.984 89.527 90.636 98.411 102.559 111.968 132.869 131.323 119.711 110.619 102.079 105.49 103.851 98.058 91.751 90.411 88.168 82.756 87.176 88.306 88.887 87.693 89.968 86.115 86.672 88.64 88.802 85.948 85.75
-9999 -9999 -9999 -9999 -9999 -9999 -9999 -9999 -9999 -9999 -9999 -9999 -9999 -9999 -9999 -9999 -9999 -9999 69.977 75.353 79.408 86.485 87.63 102.837 122.843 149.123 107.229 83.819 90.577 88.52 87.036 78.683 68.29 76.025 90.566 83.911 80.304 76.081 79.628 79.313 80.419 85.295 87.246 87.808 86.886 88.353 85.997 89.491 94.234 98.284 116.662 127.218 127.769 120.566 115.926 100.99 96.566 108.6 104.652 95.447 93.374 94.478 89.137 91.117 90.555 88.904 87.604 84.315 84.938 84.246 85.028 86.837 83.551 81.48
-9999 -9999 -9999 -9999 -9999 -9999 -9999 -9999 -9999 -9999 -9999 -9999 -9999 -9999 -9999 -9999 -9999 -9999 -9999 77.675 85.233 93.229 118.215 134.405 166.809 166.144 122.07 104.05 93.735 87.855 98.027 89.928 80.124 81.697 81.461 91.016 78.166 74.602 75.374 76.508 76.523 80.077 82.176 83.589 83.273 81.414 84.108 87.677 90.534 98.756 111.05 122.423 118.956 111.369 111.963 111.605 87.753 97.24 107.501 96.709 96.211 97.057 94.345 93.801 89.467 89.614 89.837 84.866 84.311 86.8 86.544 85.631 81.4 79.194
-9999 -9999 -9999 -9999 -9999 -9999 -9999 -9999 -9999 -9999 -9999 -9999 -9999 -9999 -9999 -9999 -9999 -9999 -9999 -9999 -9999 106.874 137.025 183.601 226.36 187.007 138.492 105.34 94.923 111.944 107.662 96.269 79.838 71.017 79.053 88.059 87.866 80.837 74.053 72.962 74.392 78.837 83.216 80.408 79.481 79.373 85.336 87.117 89.746 99.02 107.824 109.493 117.377 114.586 111.273 111.987 105.023 93.796 103.478 92.874 93.026 100.413 98.29 94.49 90.917 87.643 89.868 85.316 83.161 82.091 82.281 85.738 83.558 80.004
-9999 -9999 -9999 -9999 -9999 -9999 -9999 -9999 -9999 -9999 -9999 -9999 -9999 -9999 -9999 -9999 -9999 -9999 -9999 -9999 102.372 132.505 173.363 223.073 249.865 193.181 142.019 126.766 105.091 111.483 104.478 91.288 90.067 78.573 83.077 97.335 93.679 81.789 72.969 72.487 73.582 79.121 82.481 80.683 83.691 83.888 85.117 87.097 93.088 99.12 100.808 105.9 111.511 111.893 110.454 105.306 105.466 107.79 99.216 95.022 91.672 95.474 94.752 90.641 91.174 86.584 86.143 83.35 80.473 79.69 87.625 86.485 85.832 81.903
-9999 -9999 -9999 -9999 -9999 -9999 -9999 -9999 -9999 -9999 -9999 -9999 -9999 -9999 -9999 -9999 -9999 -9999 -9999 96.973 145.48 153.369 190.362 220.584 204.771 206.839 182.037 144.211 131.045 121.413 100.803 95.85 79.891 79.131 95.575 104.974 94.026 81.319 73.077 73.082 74.065 80.018 77.687 80.054 81.722 81.388 82.374 89.222 96.074 98.887 102.372 106.27 109.558 114.349 105.408 103.206 100.24 102.472 104.469 92.199 88.402 88.7 91.634 89.751 85.289 81.072 81.413 84.049 83.545 81.245 84.017 87.553 82.021 82.369
-9999 -9999 -9999 -9999 -9999 -9999 -9999 -9999 -9999 -9999 -9999 -9999 -9999 -9999 -9999 -9999 -9999 -9999 88.507 120.601 122.621 141.52 160.938 162.685 174.592 176.672 154.412 152.004 140.814 122.282 108.642 95.165 80.227 89.337 97.642 87.016 80.447 71.687 75.475 70.623 69.945 76.318 74.652 79.477 80.308 78.686 80.07 88.507 93.247 93.856 99.041 101.824 98.793 102.287 102.855 97.828 99.003 98.917 99.118 95.723 87.779 86.707 87.225 84.463 80.841 80.612 78.018 78.932 82.977 83.462 83.204 84.886 79.527 79.141
-9999 -9999 -9999 -9999 -9999 -9999 -9999 -9999 -9999 -9999 -9999 -9999 -9999 -9999 -9999 -9999 77.787 81.263 87.144 97.933 103.932 110.133 122.605 118.838 138.569 142.094 153.728 154.142 151.273 109.426 97.617 85.946 85.096 107.214 106.509 94.377 80.135 82.211 76.822 70.732 70.736 80.279 94.682 82.967 79.698 78.454 84.185 90.943 87.897 92.092 96.131 94.592 92.752 94.894 90.973 90.807 89.34 92.553 92.862 91.903 89.79 84.218 83.259 81.734 82.1 81.934 80.982 78.452 78.632 82.785 84.194 85.391 80.465 76.047
-9999 -9999 -9999 -9999 -9999 -9999 -9999 -9999 -9999 -9999 -9999 -9999 -9999 -9999 -9999 78.821 78.961 79.544 82.711 -9999 -9999 -9999 -9999 122.229 149.586 167.802 161.851 158.799 126.481 110.667 115.114 103.776 108.438 134.381 118.009 95.766 93.139 88.446 74.762 70.779 73.242 81.764 80.32 78.011 77.248 83.072 85.912 88.91 87.058 88.617 91.386 91.446 90.059 89.601 87.014 88.417 85.742 84.268 90.899 88.213 84.769 84.097 82.017 80.369 80.792 81.974 81.689 82.189 82.598 82.469 84.321 84.826 81.339 79.924
-9999 -9999 -9999 -9999 -9999 -9999 -9999 -9999 -9999 -9999 -9999 -9999 -9999 -9999 -9999 78.581 79.927 77.062 -9999 -9999 -9999 -9999 -9999 129.406 156.725 182.102 168.637 153.47 140.678 136.372 136.854 120.195 122.093 123.684 96.796 97.513 93.945 80.696 73.696 74.388 73.239 76.168 76.311 78.123 83.328 84.179 88.23 91.281 88.037 85.314 87.25 88.178 92.519 93.355 90.984 85.409 83.658 81.061 82.947 87.675 83.723 84.642 88.956 86.026 84.788 84.152 85.506 86.606 89.603 86.983 83.764 76.474 75.828 77.302
-9999 -9999 -9999 -9999 -9999 -9999 -9999 -9999 -9999 -9999 -9999 -9999 -9999 -9999 -9999 -9999 -9999 75.065 -9999 -9999 -9999 -9999 -9999 132.64 158.068 158.298 151.494 158.96 156.354 166.595 147.968 112.336 119.733 104.759 99.537 93.919 84.24 76.769 72.378 71.28 68.051 74.918 74.735 76.108 80.11 80.709 85.636 86.517 84.427 82.928 86.704 88.137 86.809 89.298 92.156 87.544 83.886 86.212 86.221 84.494 83.283 83.649 82.913 88.106 95.961 91.944 83.919 85.873 89.657 92.431 85.939 82.982 74.684 75.158
-9999 -9999 -9999 -9999 -9999 -9999 -9999 -9999 -9999 -9999 -9999 -9999 -9999 -9999 -9999 -9999 -9999 -9999 -9999 -9999 -9999 -9999 -9999 124.433 140.89 129.27 146.776 166.594 182.914 170.469 146.165 127.557 108.924 100.167 96.071 84.249 76.546 70.335 71.925 63.604 74.415 74.689 74.489 76.278 74.262 79.161 82.826 83.266 82.981 85.423 86.74 92.033 86.71 81.849 82.394 84.543 79.717 83.542 87.597 86.486 87.868 87.473 83.443 82.303 83.882 86.951 82.162 81.345 82.93 85.304 82.497 78.268 74.891 75.537
-9999 -9999 -9999 -9999 -9999 -9999 -9999 -9999 -9999 -9999 -9999 -9999 -9999 -9999 -9999 -9999 -9999 -9999 -9999 -9999 -9999 -9999 -9999 -9999 131.892 184.284 228.31 180.902 169.72 159.048 138.328 115.788 100.236 90.838 86.312 87.359 76.441 73.121 71.733 73.546 73.134 71.871 73.326 76.816 77.794 85.607 87.277 83.673 84.722 84.154 85.638 89.698 87.595 82.638 79.408 78.597 80.075 81.063 84.528 85.619 92.337 93.382 84.151 77.467 80.288 81.274 83.514 84.249 80.405 79.472 77.88 74.851 71.298 72.639
-9999 -9999 -9999 -9999 -9999 -9999 -9999 -9999 -9999 -9999 -9999 -9999 -9999 -9999 -9999 -9999 -9999 -9999 -9999 -9999 -9999 -9999 -9999 127.569 150.6 201.891 195.801 173.39 151.346 141.996 126.982 113.34 104.577 88.281 90.622 88.465 81.282 89.461 74.499 69.95 72.219 81.09 92.922 82.789 91.821 92.877 92.428 80.727 83.549 83.605 84.129 87.12 85.032 77.347 78.734 77.842 79.007 81.561 83.323 86.382 87.861 89.396 82.738 78.365 79.96 81.692 83.365 85.521 80.824 76.368 75.079 72.55 73.556 69.465
-9999 -9999 -9999 -9999 -9999 -9999 -9999 -9999 -9999 -9999 -9999 -9999 -9999 -9999 -9999 -9999 -9999 -9999 -9999 -9999 -9999 -9999 -9999 121.992 144.457 181.922 161.598 137.487 128.908 127.72 126.764 122.966 101.17 88.915 87.722 82.316 85.664 78.748 79.463 86.453 78.63 81.572 72.796 81.45 86.92 94.271 79.246 80.264 82.518 82.103 84.426 82.946 82.589 80.979 78.057 77.766 78.169 80.314 82.998 83.816 87.772 87.233 81.637 80.182 82.247 85.826 82.821 81.828 82.309 76.599 74.828 69.642 66.18 69.554
-9999 -9999 -9999 -9999 -9999 -9999 -9999 -9999 -9999 -9999 -9999 -9999 -9999 -9999 -9999 -9999 -9999 -9999 -9999 -9999 -9999 -9999 -9999 116.891 141.139 132.249 136.272 121.4 116.7 123.963 130.493 112.501 102.565 88.423 80.814 76.486 76.234 78.97 91.693 90.394 89.218 78.278 78.629 76.38 81.561 77.619 74.189 77.124 80.164 80.699 83.748 82.595 83.312 90.145 90.017 81.738 81.363 80.963 81.396 82.657 82.049 81.618 78.883 77.95 79.56 80.809 80.996 77.461 75.442 73.728 73.457 73.578 61.752 59.436
-9999 -9999 -9999 -9999 -9999 -9999 -9999 -9999 -9999 -9999 -9999 -9999 -9999 -9999 -9999 -9999 -9999 -9999 -9999 -9999 -9999 -9999 -9999 -9999 105.373 136.276 146.398 144.44 137.374 124.537 111.666 96.945 80.27 75.657 71.773 73.636 73.231 74.593 83.228 87.946 90.277 82.333 74.944 75.386 80.427 77.322 70.827 74.4 77.636 80.226 86.245 82.536 80.38 84.422 85.433 82.802 82.762 84.684 79.143 80.486 82.741 79.961 77.51 76.937 75.387 74.129 75.244 74.516 72.586 71.849 71.674 69.193 67.65 61.337
-9999 -9999 -9999 -9999 -9999 -9999 -9999 -9999 -9999 -9999 -9999 -9999 -9999 -9999 -9999 -9999 -9999 -9999 -9999 -9999 -9999 -9999 -9999 -9999 119.349 147.074 165.476 174.846 155.994 130.229 103.806 85.023 79.618 79.732 81.978 85.856 84.924 78.299 72.717 80.64 85.596 82.174 86.425 93.814 86.034 83.186 76.167 80.111 79.912 83.151 83.869 86.204 83.371 83.279 83.195 78.024 80.582 82.787 79.03 77.82 82.262 82.578 78.807 76.497 74.594 72.114 75.204 74.634 71.647 68.578 70.529 67.71 62.95 65.21
-9999 -9999 -9999 -9999 -9999 -9999 -9999 -9999 -9999 -9999 -9999 -9999 -9999 -9999 -9999 -9999 -9999 -9999 -9999 -9999 -9999 -9999 -9999 97.261 112.273 142.934 171.302 173.601 157.673 127.104 100.757 101.047 107.873 95.961 90.764 89.387 76.654 71.728 75.163 82.541 81.198 84.516 92.959 88.806 89.302 78.493 74.736 79.568 79.174 81.35 86.218 84.406 88.057 84.259 81.752 80.282 77.825 81.713 82.132 79.225 82.782 78.635 76.484 74.728 74.958 73.325 75.526 73.752 71.994 69.086 68.14 67.48 64.363 62.65
-9999 -9999 -9999 -9999 -9999 -9999 -9999 -9999 -9999 -9999 -9999 -9999 -9999 -9999 -9999 -9999 -9999 -9999 -9999 -9999 -9999 -9999 -9999 101.805 117.465 131.696 144.242 161.229 159.677 129.149 108.016 99.033 98.621 102.1 100.674 91.743 81.235 84.882 82.014 77.033 82.958 79.68 83.87 86.114 90.694 77.021 76.606 77.552 76.296 81.369 84.751 96.801 90.435 85.525 81.396 82.056 71.282 71.243 75.184 76.386 84.255 80.104 70.808 73.106 69.36 72.464 74.034 73.724 67.005 65.442 63.275 64.574 64.699 64.041
-9999 -9999 -9999 -9999 -9999 -9999 -9999 -9999 -9999 -9999 -9999 -9999 -9999 -9999 -9999 -9999 -9999 -9999 -9999 -9999 -9999 -9999 -9999 109.81 112.385 108.451 126.657 154.979 153.974 134.13 109.275 96.483 102.124 102.472 95.782 90.416 92.427 88.621 75.967 78.908 78.421 85.818 77.214 84.093 80.942 76.374 77.603 71.221 71.537 76.146 86.36 88.962 89.716 83.735 81.554 80.361 78.157 69.896 71.214 71.783 72.387 74.33 68.841 70.592 71.537 68.314 69.702 71.227 67.181 63.875 63.06 62.636 63.312 61.653
-9999 -9999 -9999 -9999 -9999 -9999 -9999 -9999 -9999 -9999 -9999 -9999 -9999 -9999 -9999 -9999 -9999 -9999 -9999 -9999 -9999 -9999 103.33 110.759 113.963 110.621 121.995 137.921 139.286 129.726 105.661 89.45 92.447 91.045 90.629 91.961 89.069 82.206 82.494 77.877 78.342 73.265 72.086 75.884 74.661 77.258 73.45 71.367 73.244 74.074 78.762 82.892 79.312 79.362 76.778 77.932 76.922 73.159 70.696 68.183 68.525 67.623 68.283 70.213 69.15 68.517 67.809 68.898 69.088 62.966 62.461 62.301 61.743 60.934
-9999 -9999 -9999 -9999 -9999 -9999 -9999 -9999 -9999 -9999 -9999 -9999 -9999 -9999 -9999 -9999 -9999 -9999 -9999 -9999 -9999 103.689 105.399 108.703 106.204 106.391 130.12 144.55 139.788 120.758 109.289 94.605 96.853 91.579 90.005 99.436 86.601 87.649 77.41 74.401 73.993 73.468 72.511 77.826 76.115 75.234 74.16 74.672 71.338 73.1 76.474 74.577 75.474 73.652 73.965 73.303 71.662 71.369 69.474 67.868 67.837 67.707 70.599 69.817 67.669 67.711 67.462 66.824 67.487 66.26 69.718 67.177 61.952 59.734
-9999 -9999 -9999 -9999 -9999 -9999 -9999 -9999 -9999 -9999 -9999 -9999 -9999 -9999 -9999 -9999 -9999 -9999 -9999 106.969 106.528 106.084 96.868 98.572 108.523 123.368 139.976 146.872 144.596 136.013 110.963 98.166 88.004 88.775 93.4 102.635 85.461 76.95 77.03 72.855 76.159 73.193 74.867 77.149 73.733 73.632 72.204 71.192 71.371 71.032 69.792 72.442 72.531 71.294 69.818 67.611 67.412 67.096 69.925 69.189 70.324 70.708 66.964 68.313 65.59 65.426 66.885 67.866 67.11 66.858 63.354 67.007 62.811 59.863
