Validation/Results/raw data/ReClimate_10_2024_2_Precipitation-Actualsweatherlogisticsltd.asc
NCOLS 192
NROWS 249
XLLCENTER -225160.85627316462
YLLCENTER 29788.11610251431
CELLSIZE 5000.0
NODATA_VALUE -9999
[rows 165 to 197 of 249, columns 74 to 147 of 192]
-9999 -9999 -9999 -9999 -9999 -9999 -9999 -9999 -9999 -9999 -9999 -9999 -9999 -9999 -9999 -9999 -9999 -9999 -9999 -9999 -9999 -9999 -9999 -9999 -9999 -9999 -9999 -9999 -9999 -9999 -9999 -9999 -9999 -9999 -9999 -9999 -9999 -9999 101.479 103.371 106.97 120.967 121.282 136.313 159.925 176.487 183.858 188.113 179.372 183.813 179.333 178.162 166.216 134.012 103.105 91.815 80.134 72.273 66.683 62.85 58.946 58.708 57.777 56.55 55.589 55.879 56.983 56.903 60.018 60.389 62.861 66.547 66.081 62.647
-9999 -9999 -9999 -9999 -9999 -9999 -9999 -9999 -9999 -9999 -9999 -9999 -9999 -9999 -9999 -9999 -9999 -9999 -9999 -9999 -9999 -9999 -9999 -9999 -9999 -9999 -9999 -9999 -9999 -9999 -9999 -9999 -9999 -9999 -9999 -9999 -9999 -9999 99.322 102.458 105.178 111.269 119.215 135.333 152.486 164.021 166.957 160.222 161.702 155.537 161.008 173.198 164.412 146.799 121.813 95.656 80.816 76.706 70.647 66.769 64.62 59.897 58.08 56.029 55.446 54.747 53.858 56.467 57.316 61.464 61.924 61.911 64.483 64.194
-9999 -9999 -9999 -9999 -9999 -9999 -9999 -9999 -9999 -9999 -9999 -9999 -9999 -9999 -9999 -9999 -9999 -9999 -9999 -9999 -9999 -9999 -9999 -9999 -9999 -9999 -9999 -9999 -9999 -9999 -9999 -9999 -9999 -9999 -9999 -9999 -9999 95.665 96.932 100.528 108.068 109.993 112.211 125.466 141.499 141.891 140.591 137.201 137.173 134.373 148.354 170.978 182.806 167.497 145.316 125.674 94.767 73.257 69.763 66.486 66.313 62.707 57.363 55.163 52.672 53.055 54.604 56.141 58.975 59.712 61.64 62.717 63.382 62.892
-9999 -9999 -9999 -9999 -9999 -9999 -9999 -9999 -9999 -9999 -9999 -9999 -9999 -9999 -9999 -9999 -9999 -9999 -9999 -9999 -9999 -9999 -9999 -9999 -9999 -9999 -9999 -9999 -9999 -9999 -9999 -9999 -9999 -9999 -9999 -9999 -9999 93.77 93.617 100.314 103.85 104.696 112.626 115.84 120.355 118.85 117.793 120.898 117.892 122.742 136.175 155.526 184.296 199.949 176.927 146.433 118.988 89.239 74.773 66.559 60.757 61.805 58.857 54.883 53.778 53.15 54.278 54.797 58.905 60.563 60.078 61.348 63.641 62.051
-9999 -9999 -9999 -9999 -9999 -9999 -9999 -9999 -9999 -9999 -9999 -9999 -9999 -9999 -9999 -9999 -9999 -9999 -9999 -9999 -9999 -9999 -9999 -9999 -9999 -9999 -9999 -9999 -9999 -9999 -9999 -9999 -9999 -9999 -9999 -9999 -9999 -9999 94.855 96.827 97.77 103.339 103.116 103.387 100.751 99.85 102.92 102.347 103.529 107.024 119.389 136.671 159.354 193.259 199.855 172.025 135.707 106.588 82.397 73.026 62.815 61.626 61.339 58.291 54.385 55.35 55.47 55.287 57.071 61.077 59.751 59.272 62.434 62.516
-9999 -9999 -9999 -9999 -9999 -9999 -9999 -9999 -9999 -9999 -9999 -9999 -9999 -9999 -9999 -9999 -9999 -9999 113.261 116.329 -9999 -9999 -9999 -9999 -9999 -9999 -9999 -9999 -9999 -9999 -9999 -9999 -9999 -9999 -9999 -9999 -9999 89.247 86.412 91.287 97.171 99.827 97.537 92.806 90.003 90.514 92.397 94.807 96.184 102.292 115.215 137.98 152.298 180.186 183.197 172.466 152.235 110.373 87.796 70.401 68.522 68.539 65.125 58.615 56.397 53.545 57.531 56.982 57.496 57.702 58.741 57.61 59.515 63.176
-9999 -9999 -9999 -9999 -9999 -9999 -9999 -9999 -9999 -9999 -9999 -9999 -9999 -9999 -9999 -9999 -9999 -9999 120.358 125.716 123.683 -9999 -9999 -9999 -9999 -9999 -9999 -9999 -9999 -9999 -9999 -9999 -9999 -9999 -9999 -9999 80.4 80.465 82.569 89.191 96.838 92.425 90.23 87.041 83.418 86.48 91.076 93.161 92.964 98.426 107.851 122.85 153.256 180.846 184.213 154.424 137.455 117.414 88.998 76.097 65.142 69.706 67.256 60.326 55.601 54.56 56.22 58.599 57.49 57.119 57.303 56.94 58.16 60.811
-9999 -9999 -9999 -9999 -9999 -9999 -9999 -9999 -9999 -9999 -9999 -9999 -9999 -9999 -9999 -9999 -9999 106.74 115.633 129.799 127.871 125.554 -9999 -9999 -9999 -9999 -9999 -9999 -9999 -9999 -9999 -9999 -9999 82.993 -9999 -9999 77.209 81.832 82.545 85.234 84.7 -9999 87.013 82.952 87.427 91.071 90.072 87.414 90.351 93.654 100.596 123.162 132.464 159.833 157.384 135.999 126.513 108.475 98.678 82.687 70.204 66.78 66.118 61.669 58.628 60.094 58.963 57.157 56.525 55.537 57.279 58.849 57.447 59.736
-9999 -9999 -9999 -9999 -9999 -9999 -9999 -9999 -9999 -9999 -9999 -9999 -9999 -9999 -9999 -9999 -9999 101.207 115.682 125.605 129.329 127.887 120.879 123.609 -9999 -9999 -9999 128.618 105.696 -9999 93.44 89.216 84.093 92.467 84.59 -9999 -9999 78.667 79.862 -9999 -9999 82.244 81.099 81.274 84.997 86.121 84.623 87.37 89.29 97.495 110.03 141.456 146.135 148.043 136.88 131.131 125.228 108.742 88.818 81.896 74.926 73.802 66.971 63.196 57.297 57.994 62.326 58.94 56.745 56.152 57.48 58.411 56.82 58.362
-9999 -9999 -9999 -9999 -9999 -9999 -9999 -9999 -9999 -9999 -9999 -9999 -9999 -9999 -9999 -9999 -9999 -9999 111.067 120.111 128.578 129.105 128.296 -9999 -9999 184.211 183.369 139.389 125.021 117.802 111.673 93.85 93.426 86.105 86.741 93.362 -9999 77.232 74.914 76.067 77.865 80.689 83.048 84.464 84.935 83.996 84.18 83.835 94.777 100.906 116.703 148.349 158.512 147.872 132.695 113.16 115.671 103.599 88.818 79.149 75.335 72.88 67.326 63.104 61.045 59.196 59.619 58.215 56.104 57.566 58.777 58.801 56.325 56.997
-9999 -9999 -9999 -9999 -9999 -9999 -9999 -9999 -9999 -9999 -9999 -9999 -9999 -9999 -9999 -9999 -9999 -9999 109.435 118.515 121.554 125.433 143.41 179.785 213.844 251.726 208.48 169.056 143.793 129.048 123.766 108.239 92.157 91.91 102.88 96.353 92.65 79.549 71.475 73.579 74.164 77.222 79.387 74.717 83.329 85.043 79.733 83.973 90.022 99.018 123.16 148.024 163.922 151.591 140.979 118.271 105.335 103.133 94.341 84.063 79.815 75.942 67.995 66.749 63.3 59.976 59.886 56.207 55.894 56.772 59.66 59.475 56.702 56.928
-9999 -9999 -9999 -9999 -9999 -9999 -9999 -9999 -9999 -9999 -9999 -9999 -9999 -9999 -9999 -9999 -9999 -9999 -9999 124.424 128.413 148.244 201.838 245.077 302.715 306.246 262.217 207.676 175.27 154.06 145.512 122.52 115.793 107.261 97.629 108.271 90.36 79.117 76.329 73.747 72.819 74.646 72.311 77.406 77.564 75.225 79.405 80.089 83.668 98.806 120.175 135.931 142.906 133.865 131.151 125.754 106.588 102.7 97.971 87.685 84.004 79.654 73.573 69.069 65.556 61.587 59.854 56.859 55.83 53.905 57.233 59.363 56.089 55.003
-9999 -9999 -9999 -9999 -9999 -9999 -9999 -9999 -9999 -9999 -9999 -9999 -9999 -9999 -9999 -9999 -9999 -9999 -9999 -9999 -9999 179.903 241.38 323.03 395.867 359.266 282.471 216.804 178.017 187.566 169.451 159.536 135.272 116.98 102.1 100.811 103.266 95.673 82.255 72.885 70.097 71.503 74.208 75.004 73.189 73.243 75.86 76.204 79.658 96.19 115.002 118.085 131.679 132.591 127.163 123.788 110.951 102.673 97.561 85.808 82.362 83.252 77.354 71.987 66.154 61.676 60.671 56.148 55.388 54.823 54.642 59.205 56.074 53.821
-9999 -9999 -9999 -9999 -9999 -9999 -9999 -9999 -9999 -9999 -9999 -9999 -9999 -9999 -9999 -9999 -9999 -9999 -9999 -9999 167.151 219.483 283.122 381.146 438.775 360.899 274.187 218.506 197.188 191.957 171.032 159.181 150.564 119.354 112.177 123.311 114.066 100.379 81.977 75.621 72.312 73.422 75.439 76.045 75.965 76.773 75.246 77.177 86.887 97.975 99.905 106.571 119.761 122.751 122.971 113.361 109.389 107.43 94.215 85.069 80.896 80.02 77.706 70.816 68.376 61.891 58.488 55.739 55.475 54.436 58.733 58.628 55.952 53.14
-9999 -9999 -9999 -9999 -9999 -9999 -9999 -9999 -9999 -9999 -9999 -9999 -9999 -9999 -9999 -9999 -9999 -9999 -9999 151.331 223.003 235.471 299.705 353.794 346.031 359.119 304.753 254.405 246.558 222.158 183.154 158.57 142.247 126.168 136.604 138.705 122.515 106.261 86.011 74.634 71.585 75.525 74.552 74.937 76.44 74.324 74.916 82.957 87.308 89.003 97.721 103.913 113.493 123.456 111.068 106.37 97.042 97.017 92.829 79.551 78.734 77.672 75.016 70.562 64.792 63.822 57.065 54.675 54.808 53.895 54.799 57.784 53.878 53.819
-9999 -9999 -9999 -9999 -9999 -9999 -9999 -9999 -9999 -9999 -9999 -9999 -9999 -9999 -9999 -9999 -9999 -9999 131.495 173.892 181.033 218.343 238.839 242.33 266.108 282.219 267.866 275.074 273.449 253.071 221.54 176.743 140.557 143.512 138.422 121.057 117.057 102.573 86.612 76.229 70.237 75.281 74.336 76.461 76.18 76.335 81.148 83.788 86.87 92.007 96.584 102.329 98.702 104.453 103.749 95.107 90.66 87.715 86.051 78.968 72.847 73.549 70.261 65.82 61.979 59.053 54.753 52.728 54.095 53.697 53.324 56.413 52.716 52.92
-9999 -9999 -9999 -9999 -9999 -9999 -9999 -9999 -9999 -9999 -9999 -9999 -9999 -9999 -9999 -9999 124.934 124.467 128.271 144.524 155.21 156.988 175.187 173.794 203.679 231.152 259.202 276.975 291.415 235.693 191.003 163.82 153.768 167.643 157.44 140.73 118.184 102.158 90.395 75.027 73.246 76.666 78.338 76.438 76.396 78.151 80.657 86.425 83.136 88.482 96.546 98.578 96.599 93.543 86.273 84.05 82.448 81.267 77.986 74.997 71.745 66.636 63.516 58.975 57.959 55.609 52.997 51.741 54.843 55.457 56.417 57.549 54.708 51.344
-9999 -9999 -9999 -9999 -9999 -9999 -9999 -9999 -9999 -9999 -9999 -9999 -9999 -9999 -9999 128.695 127.867 125.248 126.961 -9999 -9999 -9999 -9999 174.918 216.049 264.338 269.315 280.937 246.278 225.18 221.681 198.587 199.158 216.498 185.83 147.861 121.578 107.061 86.321 76.897 77.466 77.448 74.472 74.868 75.01 75.819 77.509 80.203 80.75 85.277 89.16 88.496 88.489 85.06 80.278 79.052 75.294 71.919 68.189 66.327 67.156 64.281 58.887 59.189 57.528 56.049 56.086 56.894 57.679 58.843 59.283 58.791 56.54 52.225
-9999 -9999 -9999 -9999 -9999 -9999 -9999 -9999 -9999 -9999 -9999 -9999 -9999 -9999 -9999 128.864 129.868 119.549 -9999 -9999 -9999 -9999 -9999 177.77 227.958 277.228 258.117 269.823 267.586 267.322 268.572 240.495 222.758 208.341 152.489 126.396 118.449 97.948 84.362 79.334 76.824 74.702 75.653 75.24 74.826 73.709 75.62 76.908 79.367 78.372 81.107 80.182 80.341 81.415 80.173 76.522 72.608 68.437 67.331 66.228 63.204 62.214 57.151 57.374 62.006 59.959 63.305 64.819 63.97 62.89 61.55 57.263 54.163 52.788
-9999 -9999 -9999 -9999 -9999 -9999 -9999 -9999 -9999 -9999 -9999 -9999 -9999 -9999 -9999 -9999 -9999 115.073 -9999 -9999 -9999 -9999 -9999 176.667 226.234 227.279 241.681 265.139 269.732 302.129 285.637 232.304 223.659 184.406 147.35 125.788 106.937 93.79 80.228 77.933 73.859 72.916 70.489 68.877 70.525 69.068 72.942 76.835 74.945 74.6 76.611 77.806 76.902 75.586 76.848 74.732 71.653 72.86 71.173 67.852 64.155 62.369 70.987 62.436 61.04 63.118 62.609 64.523 65.671 64.915 60.885 60.099 56.119 53.021
-9999 -9999 -9999 -9999 -9999 -9999 -9999 -9999 -9999 -9999 -9999 -9999 -9999 -9999 -9999 -9999 -9999 -9999 -9999 -9999 -9999 -9999 -9999 170.992 191.576 196.643 242.942 264.887 304.699 305.959 291.23 256.07 205.314 165.337 138.455 109.449 98.124 81.97 76.243 72.681 74.191 69.548 67.481 66.77 65.061 65.88 70.35 72.414 72.801 74.397 74.609 81.054 76.343 71.482 71.631 72.636 69.196 70.184 71.493 69.159 69.476 70.844 67.426 67.745 57.707 57.967 60.981 61.507 62.685 64.921 61.007 56.644 55.858 53.031
-9999 -9999 -9999 -9999 -9999 -9999 -9999 -9999 -9999 -9999 -9999 -9999 -9999 -9999 -9999 -9999 -9999 -9999 -9999 -9999 -9999 -9999 -9999 -9999 189.41 255.052 299.97 309.136 299.243 280.846 254.718 208.7 175.567 143.907 115.652 112.577 96.094 79.244 77.013 76.381 71.813 68.061 66.587 65.976 64.97 63.12 73.261 74.242 73.721 72.611 73.611 79.084 77.428 72.245 69.553 67.772 66.525 67.688 68.702 68.151 74.843 77.105 69.828 62.613 59.972 59.343 61.963 65.581 64.65 63.626 61.032 57.248 54.544 51.836
-9999 -9999 -9999 -9999 -9999 -9999 -9999 -9999 -9999 -9999 -9999 -9999 -9999 -9999 -9999 -9999 -9999 -9999 -9999 -9999 -9999 -9999 -9999 171.667 210.237 278.706 313.572 301.048 260.42 242.417 219.138 208.278 175.364 134.753 119.469 110.442 92.303 98.731 80.552 75.007 72.858 74.764 73.067 71.31 73.218 75.205 74.202 70.955 71.829 70.815 73.19 76.432 74.616 69.976 68.765 65.974 63.89 62.967 65.564 65.582 68.46 72.935 66.771 61.661 61.133 62.446 65.076 67.918 67.097 63.531 59.86 57.147 54.428 50.944
-9999 -9999 -9999 -9999 -9999 -9999 -9999 -9999 -9999 -9999 -9999 -9999 -9999 -9999 -9999 -9999 -9999 -9999 -9999 -9999 -9999 -9999 -9999 158.258 204.598 274.461 273.443 240.061 217.094 215.181 222.856 204.624 163.347 129.891 117.19 101.352 97.355 88.474 84.504 82.249 83.654 79.479 72.315 70.746 73.382 74.89 71.706 70.26 71.988 73.244 76.052 76.776 75.435 73.453 70.154 67.011 63.615 62.491 63.894 65.928 68.419 70.682 63.974 59.86 60.735 66.577 66.159 67.411 67.602 62.994 60.063 55.378 51.592 51.693
-9999 -9999 -9999 -9999 -9999 -9999 -9999 -9999 -9999 -9999 -9999 -9999 -9999 -9999 -9999 -9999 -9999 -9999 -9999 -9999 -9999 -9999 -9999 143.328 185.722 206.2 225.333 214.186 216.457 223.029 221.653 189.104 160.245 129.713 111.936 94.764 92.608 92.461 92.671 100.554 102.194 88.806 81.779 75.98 75.995 75.369 69.873 70.152 70.387 72.028 76.729 77.562 78.134 78.689 73.812 67.421 67.592 65.328 65.276 66.262 64.641 64.948 62.445 60.733 62.249 64.761 67.231 63.681 60.713 59.051 59.123 58.989 51.153 47.069
-9999 -9999 -9999 -9999 -9999 -9999 -9999 -9999 -9999 -9999 -9999 -9999 -9999 -9999 -9999 -9999 -9999 -9999 -9999 -9999 -9999 -9999 -9999 -9999 149.044 199.675 230.991 259.559 271.237 236.49 204.719 161.926 125.213 117.321 107.746 102.676 105.758 90.226 96.484 102.59 103.451 91.483 79.008 73.326 81.442 78.314 71.465 70.995 70.583 74.097 77.957 75.953 74.52 75.459 72.401 67.929 68.488 69.832 66.721 65.904 64.309 60.83 61.02 61.729 62.19 62.778 62.79 62.445 59.817 57.235 59.102 56.859 53.868 49.285
-9999 -9999 -9999 -9999 -9999 -9999 -9999 -9999 -9999 -9999 -9999 -9999 -9999 -9999 -9999 -9999 -9999 -9999 -9999 -9999 -9999 -9999 -9999 -9999 160.482 198.016 246.602 307.852 319.831 265.503 205.682 146.322 123.423 122.564 123.185 127.896 110.296 99.852 88.773 99.017 97.64 87.858 83.314 87.933 86.963 82.291 77.941 76.125 73.871 75.213 77.001 79.226 76.93 74.756 72.406 67.383 68.554 70.479 67.737 67.038 67.644 66.207 64.552 64.949 62.587 61.499 63.282 62.814 61.733 58.909 60.607 59.061 54.123 53.553
-9999 -9999 -9999 -9999 -9999 -9999 -9999 -9999 -9999 -9999 -9999 -9999 -9999 -9999 -9999 -9999 -9999 -9999 -9999 -9999 -9999 -9999 -9999 134.923 145.769 194.558 251.079 306.719 301.902 255.623 190.14 169.771 166.779 149.969 143.549 127.488 106.703 99.016 101.111 101.593 89.869 91.369 94.194 91.106 91.724 83.488 77.837 77.194 72.892 76.999 81.154 81.18 82.882 78.203 74.659 70.2 69.015 70.022 68.492 67.994 70.694 67.78 66.749 66.936 66.231 64.426 66.1 63.557 62.595 61.574 61.908 57.193 55.18 55.485
-9999 -9999 -9999 -9999 -9999 -9999 -9999 -9999 -9999 -9999 -9999 -9999 -9999 -9999 -9999 -9999 -9999 -9999 -9999 -9999 -9999 -9999 -9999 137.551 158.47 188.737 223.391 274.783 291.882 243.67 201.16 174.48 158.392 160.879 152.681 136.698 122.829 121.354 109.448 93.933 96.809 91.019 90.525 89.507 94.801 76.627 77.35 74.503 72.693 75.391 80.541 88.677 83.316 81.72 75.742 72.411 69.612 70.152 66.827 65.312 62.91 64.307 63.332 66.119 66.166 68.572 69.69 67.685 62.721 59.876 60.721 57.074 52.569 55.308
-9999 -9999 -9999 -9999 -9999 -9999 -9999 -9999 -9999 -9999 -9999 -9999 -9999 -9999 -9999 -9999 -9999 -9999 -9999 -9999 -9999 -9999 -9999 146.907 158.551 174.774 218.981 262.771 277.161 252.275 199.107 164.3 164.949 160.428 147.434 141.098 144.983 119.603 103.456 100.282 91.485 99.194 85.517 89.279 80.569 76.108 75.849 71.526 69.471 70.858 78.069 78.805 81.494 80.467 76.965 73.122 70.807 68.63 66.371 64.225 65.047 57.366 60.931 64.072 67.695 67.329 66.406 66.873 65.113 62.257 57.089 56.987 53.658 52.497
-9999 -9999 -9999 -9999 -9999 -9999 -9999 -9999 -9999 -9999 -9999 -9999 -9999 -9999 -9999 -9999 -9999 -9999 -9999 -9999 -9999 -9999 145.652 151.48 170.652 183.088 205.716 243.839 254.402 237.254 187.797 156.787 148.141 146.972 145.433 148.977 124.065 118.906 113.772 96.806 92.177 85.097 78.565 77.198 77.855 79.465 72.221 70.182 70.345 67.242 70.565 74.599 74.006 76.386 74.847 71.592 69.478 67.31 63.266 60.843 60.544 62.467 60.939 66.512 66.481 67.081 64.763 64.185 63.346 56.774 56.186 55.368 55.001 54.898
-9999 -9999 -9999 -9999 -9999 -9999 -9999 -9999 -9999 -9999 -9999 -9999 -9999 -9999 -9999 -9999 -9999 -9999 -9999 -9999 -9999 149.367 149.292 160.014 166.677 174.513 215.527 245.21 251.092 223.365 209.505 168.105 158.498 142.76 138.484 143.475 123.546 117.379 103.468 90.734 85.673 81.703 79.147 84.722 85.08 79.773 76.579 75.844 67.881 65.573 70.509 71.346 69.941 70.372 71.419 69.391 67.222 65.497 62.511 61.663 61.782 61.723 59.706 62.559 66.145 65.696 63.786 61.516 59.202 58.07 59.91 59.578 56.085 56.278
-9999 -9999 -9999 -9999 -9999 -9999 -9999 -9999 -9999 -9999 -9999 -9999 -9999 -9999 -9999 -9999 -9999 -9999 -9999 161.765 157.612 157.124 153.323 155.78 173.919 196.783 236.196 266.919 262.891 252.742 208.489 178.761 153.021 137.663 139.652 142.639 125.259 110.263 99.092 87.037 83.708 79.012 82.943 84.601 79.365 81.036 79.69 72.302 68.95 68.016 71.008 68.748 67.251 66.352 67.588 64.235 61.908 61.641 63.42 64.039 67.218 68.481 66.836 64.344 63.441 63.095 63.821 65.46 61.41 58.943 57.534 60.455 57.137 54.772
