Validation/Results/raw data/ReClimate_03_2024_1_Temperature-Actuals 2.asc
NCOLS 192
NROWS 249
XLLCENTER -225160.85627316462
YLLCENTER 29788.11610251502
CELLSIZE 5000.0
NODATA_VALUE -9999
[rows 102 to 135 of 249, columns 77 to 153 of 192]
5.879 5.856 7.887 8.638 -9999 -9999 7.576 -9999 -9999 8.038 5.498 5.291 7.066 6.085 3.782 5.571 4.484 4.446 4.724 5.302 6.926 5.999 5.147 4.216 4.852 5.935 5.24 5.517 6.744 7.57 7.991 7.9 7.409 6.648 7.589 7.878 7.981 8.2 8.152 8.152 -9999 -9999 -9999 -9999 -9999 -9999 -9999 -9999 -9999 -9999 -9999 -9999 -9999 -9999 -9999 -9999 -9999 -9999 -9999 -9999 -9999 -9999 -9999 -9999 -9999 -9999 -9999 -9999 -9999 -9999 -9999 -9999 -9999 -9999 -9999 -9999 -9999
6.219 7.57 -9999 -9999 -9999 8.254 7.156 7.711 7.358 7.219 6.255 8.163 7.65 5.864 5.759 6.217 6.27 6.126 5.96 5.804 4.684 5.801 5.113 5.456 5.277 4.947 5.655 6.489 7.332 7.824 7.899 7.696 7.045 7.724 8.319 -9999 -9999 8.416 -9999 -9999 -9999 -9999 -9999 -9999 -9999 -9999 -9999 -9999 -9999 -9999 -9999 -9999 -9999 -9999 -9999 -9999 -9999 -9999 -9999 -9999 -9999 -9999 -9999 -9999 -9999 -9999 -9999 -9999 -9999 -9999 -9999 -9999 -9999 -9999 -9999 -9999 -9999
-9999 7.519 -9999 -9999 -9999 7.999 7.149 7.027 7.024 7.489 8.124 7.257 5.956 5.676 6.219 6.651 6.146 5.573 6.117 5.507 6.793 5.98 5.823 6.694 7.196 7.467 7.341 7.813 8.051 7.968 8.133 8.128 7.972 8.392 -9999 8.177 8.238 8.128 8.123 -9999 -9999 -9999 -9999 -9999 -9999 -9999 -9999 -9999 -9999 -9999 -9999 -9999 -9999 -9999 -9999 -9999 -9999 -9999 -9999 -9999 -9999 -9999 -9999 -9999 -9999 -9999 -9999 -9999 -9999 -9999 -9999 -9999 -9999 -9999 -9999 -9999 -9999
-9999 -9999 -9999 8.362 7.956 7.104 7.172 6.771 7.237 6.952 5.998 5.462 5.384 6.463 6.281 6.862 5.416 6.658 5.166 6.698 5.491 4.695 6.722 7.441 7.238 7.557 8.116 8.184 8.381 8.474 8.508 8.513 -9999 8.334 8.167 8.215 8.071 8.215 7.997 -9999 -9999 -9999 -9999 -9999 -9999 -9999 -9999 -9999 -9999 -9999 -9999 -9999 -9999 -9999 -9999 -9999 -9999 -9999 -9999 -9999 -9999 -9999 -9999 -9999 -9999 -9999 -9999 -9999 -9999 -9999 -9999 -9999 -9999 -9999 -9999 -9999 -9999
-9999 -9999 -9999 8.14 8.458 7.919 6.927 7.118 7.494 6.2 7.064 6.924 6.408 5.477 6.901 6.947 6.05 5.34 6.128 6.096 4.91 6.12 6.038 5.679 6.738 7.327 7.512 7.829 7.977 7.75 7.641 7.447 7.658 8.203 8.428 8.123 7.842 7.933 7.764 7.843 -9999 -9999 -9999 -9999 -9999 -9999 -9999 -9999 -9999 -9999 -9999 -9999 -9999 -9999 -9999 -9999 -9999 -9999 -9999 -9999 -9999 -9999 -9999 -9999 -9999 -9999 -9999 -9999 -9999 -9999 -9999 -9999 -9999 -9999 -9999 -9999 -9999
-9999 -9999 8.11 -9999 -9999 7.684 6.974 7.726 6.633 7.064 -9999 -9999 5.855 5.58 6.4 6.948 6.007 6.286 6.576 6.195 6.534 7.319 6.702 6.959 7.305 7.583 7.092 6.523 6.128 6.466 6.663 7.193 7.628 7.817 8.313 7.698 7.663 7.476 7.607 7.739 7.862 -9999 -9999 -9999 -9999 -9999 -9999 -9999 -9999 -9999 -9999 -9999 -9999 -9999 -9999 -9999 -9999 -9999 -9999 -9999 -9999 -9999 -9999 -9999 -9999 -9999 -9999 -9999 -9999 -9999 -9999 -9999 -9999 -9999 -9999 -9999 -9999
-9999 -9999 8.144 -9999 8.154 7.581 7.806 6.63 6.695 8.099 8.214 6.387 5.583 6.493 8.437 6.429 5.163 7.303 7.334 6.883 7.459 7.761 7.869 8.056 7.847 6.604 5.489 5.562 6.276 6.777 7.381 7.612 7.507 7.767 7.854 7.842 8.098 8.256 8.255 8.253 -9999 -9999 -9999 -9999 -9999 -9999 -9999 -9999 -9999 -9999 -9999 -9999 -9999 -9999 -9999 -9999 -9999 -9999 -9999 -9999 -9999 -9999 -9999 -9999 -9999 -9999 -9999 -9999 -9999 -9999 -9999 -9999 -9999 -9999 -9999 -9999 -9999
-9999 -9999 8.178 -9999 8.073 8.297 7.61 7.427 8.097 -9999 6.528 6.809 -9999 6.67 6.746 6.479 7.467 6.268 7.56 7.991 8.397 8.514 8.693 8.661 8.075 7.025 7.502 7.799 7.814 7.577 7.391 7.662 7.646 7.982 8.072 8.211 -9999 -9999 -9999 -9999 -9999 -9999 -9999 -9999 -9999 -9999 -9999 -9999 -9999 -9999 -9999 -9999 -9999 -9999 -9999 -9999 -9999 -9999 -9999 -9999 -9999 -9999 -9999 -9999 -9999 -9999 -9999 -9999 -9999 -9999 -9999 -9999 -9999 -9999 -9999 -9999 -9999
7.935 7.938 -9999 -9999 8.5 8.16 7.728 8.3 8.249 6.249 6.633 5.616 -9999 7.407 6.592 7.311 7.405 7.321 7.561 8.141 8.059 7.913 7.768 7.93 8.414 8.664 8.677 8.442 7.982 7.515 7.432 7.617 7.749 7.912 8.157 -9999 -9999 -9999 -9999 -9999 -9999 -9999 -9999 -9999 -9999 -9999 -9999 -9999 -9999 -9999 -9999 -9999 -9999 -9999 -9999 -9999 -9999 -9999 -9999 -9999 -9999 -9999 -9999 -9999 -9999 -9999 -9999 -9999 -9999 -9999 -9999 -9999 -9999 -9999 -9999 -9999 -9999
8.078 8.174 -9999 8.518 7.246 7.273 8.149 -9999 6.781 7.005 5.861 5.854 -9999 7.085 6.361 7.524 8.475 8.358 8.466 8.19 7.814 7.408 6.803 7.366 8.183 8.62 -9999 8.646 8.251 8.034 7.957 7.77 7.379 7.761 -9999 -9999 -9999 -9999 -9999 -9999 -9999 -9999 -9999 -9999 -9999 -9999 -9999 -9999 -9999 -9999 -9999 -9999 -9999 -9999 -9999 -9999 -9999 -9999 -9999 -9999 -9999 -9999 -9999 -9999 -9999 -9999 -9999 -9999 -9999 -9999 -9999 -9999 -9999 -9999 -9999 -9999 -9999
8.481 -9999 -9999 7.916 6.644 7.547 -9999 7.486 7.16 6.959 6.365 6.898 -9999 8.024 7.943 8.327 8.555 8.422 8.198 7.805 6.104 6.026 6.367 7.05 8.073 8.734 8.868 8.952 -9999 -9999 8.498 8.109 -9999 -9999 -9999 -9999 -9999 -9999 8.204 8.158 8.26 -9999 -9999 -9999 -9999 -9999 -9999 -9999 -9999 -9999 -9999 -9999 -9999 -9999 -9999 -9999 -9999 -9999 -9999 -9999 -9999 -9999 -9999 -9999 -9999 -9999 -9999 -9999 -9999 -9999 -9999 -9999 -9999 -9999 -9999 -9999 -9999
-9999 -9999 7.537 7.117 7.89 7.335 -9999 7.462 6.93 7.674 7.684 6.565 -9999 -9999 -9999 8.699 8.219 7.561 7.449 7.2 7.257 7.663 7.705 8.057 8.181 8.186 8.36 8.652 8.717 8.456 8.264 8.41 -9999 -9999 -9999 -9999 -9999 8.168 8.122 8.085 8.343 8.324 -9999 -9999 -9999 -9999 -9999 -9999 -9999 -9999 -9999 -9999 -9999 -9999 -9999 -9999 -9999 -9999 -9999 -9999 -9999 -9999 -9999 -9999 -9999 -9999 -9999 -9999 -9999 -9999 -9999 -9999 -9999 -9999 -9999 -9999 -9999
-9999 -9999 -9999 8.437 7.165 7.618 -9999 7.41 -9999 8.113 7.011 7.947 -9999 8.493 8.053 7.933 -9999 8.128 8.422 8.347 8.525 8.377 8.358 8.159 7.906 7.689 7.873 8.059 7.671 7.686 8.206 8.472 8.554 8.432 8.461 -9999 8.294 8.086 8.051 8.2 7.839 7.44 7.374 8.289 -9999 -9999 -9999 -9999 -9999 -9999 -9999 -9999 -9999 -9999 -9999 -9999 -9999 -9999 -9999 -9999 -9999 -9999 -9999 -9999 -9999 -9999 -9999 -9999 -9999 -9999 -9999 -9999 -9999 -9999 -9999 -9999 -9999
-9999 -9999 -9999 7.475 6.822 8.048 -9999 8.441 -9999 8.191 8.522 -9999 8.221 7.35 7.058 7.943 8.525 8.76 8.731 8.977 8.824 8.483 8.421 8.076 7.506 7.385 7.469 7.46 7.504 7.873 8.042 8.017 7.968 7.831 8.287 8.336 7.874 7.892 7.879 7.686 6.992 6.691 6.576 7.026 7.881 8.009 7.8 -9999 -9999 -9999 -9999 -9999 -9999 -9999 -9999 -9999 -9999 -9999 -9999 -9999 -9999 -9999 -9999 -9999 -9999 -9999 -9999 -9999 -9999 -9999 -9999 -9999 -9999 -9999 -9999 -9999 -9999
-9999 -9999 -9999 7.456 8.14 7.83 7.588 -9999 -9999 8.877 8.76 -9999 8.102 6.658 6.63 7.757 8.263 8.769 9.069 8.996 8.839 8.987 8.755 8.246 7.714 7.152 7.112 7.123 7.338 7.348 7.155 6.959 6.744 7.426 8.137 8.003 7.672 7.504 7.125 6.058 5.914 6.418 6.517 6.969 7.018 7.583 7.812 7.68 -9999 -9999 -9999 -9999 -9999 -9999 -9999 -9999 -9999 -9999 -9999 -9999 -9999 -9999 -9999 -9999 -9999 -9999 -9999 -9999 -9999 -9999 -9999 -9999 -9999 -9999 -9999 -9999 -9999
-9999 -9999 -9999 8.071 8.104 7.311 8.39 -9999 -9999 8.786 8.816 -9999 -9999 6.791 7.145 8.041 8.045 8.007 8.326 8.444 8.591 8.299 8.653 8.572 7.966 7.527 7.048 6.826 6.609 6.648 6.256 6.236 6.866 7.349 7.449 7.342 7.066 6.709 6.127 6.016 6.012 6.45 6.773 7.143 7.718 7.804 7.568 7.605 -9999 -9999 -9999 -9999 -9999 -9999 -9999 -9999 -9999 -9999 -9999 -9999 -9999 -9999 -9999 -9999 -9999 -9999 -9999 -9999 -9999 -9999 -9999 -9999 -9999 -9999 -9999 -9999 -9999
-9999 -9999 -9999 8.417 7.656 7.858 -9999 -9999 -9999 -9999 8.807 -9999 8.272 7.294 8.125 8.357 7.777 7.557 7.479 7.868 7.835 7.901 8.036 8.252 8.235 7.47 6.96 6.856 6.855 6.458 6.216 6.673 6.973 6.857 6.744 6.197 6.311 6.566 6.782 6.689 6.51 6.769 7.024 7.476 7.97 7.949 7.905 7.972 7.691 -9999 -9999 -9999 -9999 -9999 -9999 -9999 -9999 -9999 -9999 -9999 -9999 -9999 -9999 -9999 -9999 -9999 -9999 -9999 -9999 -9999 -9999 -9999 -9999 -9999 -9999 -9999 -9999
-9999 7.705 7.692 7.532 7.914 -9999 -9999 7.395 -9999 -9999 -9999 -9999 8.409 8.155 8.51 8.357 8.039 7.565 7.272 7.194 7.034 7.067 7.478 7.787 7.951 7.93 7.258 7.208 7.046 6.924 7.122 7.033 6.541 6.563 5.597 5.273 5.907 6.46 6.857 7.147 7.041 7.213 7.204 7.578 8.066 8.161 8.193 8.131 8.063 -9999 -9999 -9999 -9999 -9999 -9999 -9999 -9999 -9999 -9999 -9999 -9999 -9999 -9999 -9999 -9999 -9999 -9999 -9999 -9999 -9999 -9999 -9999 -9999 -9999 -9999 -9999 -9999
-9999 -9999 7.277 7.419 8.218 -9999 7.479 6.651 7.39 -9999 -9999 -9999 -9999 8.767 8.743 8.716 8.441 8.053 7.648 7.144 7.013 7.22 7.456 7.58 7.851 7.578 7.701 7.454 7.224 6.999 6.964 6.469 7.104 6.542 6.382 6.234 5.763 6.079 6.971 7.24 7.575 7.64 7.643 7.915 8.141 8.236 8.253 8.051 8.095 7.98 -9999 -9999 -9999 -9999 -9999 -9999 -9999 -9999 -9999 -9999 -9999 -9999 -9999 -9999 -9999 -9999 -9999 -9999 -9999 -9999 -9999 -9999 -9999 -9999 -9999 -9999 -9999
-9999 -9999 7.705 7.499 7.819 -9999 7.945 6.898 7.787 -9999 -9999 -9999 -9999 -9999 8.806 8.813 8.762 8.716 8.289 7.891 7.552 7.15 6.718 6.924 7.317 7.62 7.592 7.309 7.135 7.154 6.856 6.903 7.216 6.955 6.854 6.852 7.232 7.269 7.529 7.612 7.919 7.785 8.006 8.37 8.404 8.401 8.263 8.095 7.729 7.817 7.975 -9999 -9999 -9999 -9999 -9999 -9999 -9999 -9999 -9999 -9999 -9999 -9999 -9999 -9999 -9999 -9999 -9999 -9999 -9999 -9999 -9999 -9999 -9999 -9999 -9999 -9999
-9999 -9999 7.53 7.065 -9999 -9999 8.448 7.594 7.278 8.214 -9999 -9999 -9999 -9999 -9999 8.72 8.545 8.336 8.214 7.482 6.843 6.529 6.234 6.413 6.837 7.248 6.997 7.204 7.115 6.756 6.596 6.937 5.552 6.432 6.264 7.047 6.619 7.188 7.745 7.687 7.948 8.163 8.371 8.222 7.933 7.859 7.994 7.757 7.866 7.209 7.628 7.927 8.051 -9999 -9999 -9999 -9999 -9999 -9999 -9999 -9999 -9999 -9999 -9999 -9999 -9999 -9999 -9999 -9999 -9999 -9999 -9999 -9999 -9999 -9999 -9999 -9999
-9999 -9999 7.185 7.874 -9999 -9999 7.793 6.838 7.055 -9999 -9999 -9999 -9999 -9999 -9999 8.627 8.362 8.24 7.992 7.401 7.121 7.062 6.785 6.731 6.674 6.769 6.847 6.88 5.99 5.354 6.277 5.277 4.806 5.287 6.515 6.458 7.158 7.925 7.525 7.671 7.981 7.97 8.013 8.061 7.854 7.8 7.224 6.887 7.313 7.09 6.971 7.68 8.021 -9999 -9999 -9999 -9999 -9999 -9999 -9999 -9999 -9999 -9999 -9999 -9999 -9999 -9999 -9999 -9999 -9999 -9999 -9999 -9999 -9999 -9999 -9999 -9999
-9999 -9999 7.539 8.416 -9999 -9999 -9999 7.962 7.741 7.911 -9999 -9999 -9999 -9999 -9999 8.673 8.43 8.271 8.069 7.706 7.53 6.917 6.195 5.975 6.499 6.471 6.966 6.725 6.003 5.865 6.357 4.844 5.45 6.205 5.963 6.486 7.549 7.3 7.58 7.561 7.733 8.044 7.862 7.624 7.604 7.177 5.852 6.008 6.388 7.026 7.014 7.357 7.855 -9999 -9999 -9999 -9999 -9999 -9999 -9999 -9999 -9999 -9999 -9999 -9999 -9999 -9999 -9999 -9999 -9999 -9999 -9999 -9999 -9999 -9999 -9999 -9999
-9999 7.111 7.527 8.19 -9999 -9999 -9999 -9999 -9999 -9999 -9999 -9999 -9999 -9999 -9999 8.388 8.129 8.064 7.856 7.588 7.365 6.626 6.25 6.249 6.56 6.713 6.391 6.386 5.605 5.813 5.172 4.831 5.526 6.265 6.009 6.495 6.748 7.272 7.295 7.68 7.66 7.524 7.676 7.336 7.151 6.043 5.792 5.49 6.539 7.324 7.504 7.546 7.766 8.239 -9999 -9999 -9999 -9999 -9999 -9999 -9999 -9999 -9999 -9999 -9999 -9999 -9999 -9999 -9999 -9999 -9999 -9999 -9999 -9999 -9999 -9999 -9999
7.044 7.081 7.163 8.277 -9999 -9999 -9999 -9999 -9999 -9999 -9999 -9999 -9999 8.607 8.434 8.265 7.848 7.348 7.017 7.188 7.202 7.093 6.932 7.36 6.892 6.034 6.154 6.155 6.148 6.529 6.023 5.103 6.489 6.318 6.329 6.506 6.941 7.325 7.726 7.2 7.29 7.486 7.345 7.05 6.289 6.096 6.012 6.022 6.712 7.723 7.92 7.727 7.852 8.095 -9999 -9999 -9999 -9999 -9999 -9999 -9999 -9999 -9999 -9999 -9999 -9999 -9999 -9999 -9999 -9999 -9999 -9999 -9999 -9999 -9999 -9999 -9999
7.063 7.602 8.466 -9999 -9999 -9999 -9999 -9999 -9999 -9999 -9999 -9999 -9999 8.55 8.613 8.273 7.455 6.961 7.032 6.448 6.112 6.24 6.272 6.668 6.819 6.983 6.81 6.327 6.694 7.213 6.824 6.412 5.706 6.222 6.049 6.707 7.072 7.715 7.303 7.132 7.214 7.109 6.674 6.076 5.793 6.248 6.604 6.897 7.375 7.345 7.363 7.638 7.79 8.055 -9999 -9999 -9999 -9999 -9999 -9999 -9999 -9999 -9999 -9999 -9999 -9999 -9999 -9999 -9999 -9999 -9999 -9999 -9999 -9999 -9999 -9999 -9999
-9999 -9999 -9999 -9999 -9999 -9999 -9999 -9999 -9999 -9999 -9999 -9999 -9999 8.552 8.465 7.518 7.256 6.983 6.754 5.908 5.876 5.319 5.787 6.23 6.745 7.011 6.683 5.43 6.092 7.465 7.466 6.088 6.005 6.298 6.407 6.359 7.094 6.648 6.466 6.743 6.334 5.997 5.654 6.481 6.623 6.695 6.778 6.942 7.689 7.82 7.657 7.782 8.083 8.223 -9999 -9999 -9999 -9999 -9999 -9999 -9999 -9999 -9999 -9999 -9999 -9999 -9999 -9999 -9999 -9999 -9999 -9999 -9999 -9999 -9999 -9999 -9999
-9999 -9999 -9999 -9999 -9999 -9999 -9999 -9999 -9999 -9999 -9999 -9999 8.349 7.922 7.218 7.222 6.695 6.859 6.789 6.684 5.695 5.789 5.715 6.12 6.509 7.527 7.072 6.489 6.772 7.357 7.505 7.018 6.785 6.679 6.491 6.485 6.019 6.746 6.988 6.699 6.342 5.253 6.162 6.067 6.557 7.058 6.865 6.959 6.866 7.641 8.052 8.195 8.248 8.309 -9999 -9999 -9999 -9999 -9999 -9999 -9999 -9999 -9999 -9999 -9999 -9999 -9999 -9999 -9999 -9999 -9999 -9999 -9999 -9999 -9999 -9999 -9999
-9999 -9999 -9999 -9999 -9999 -9999 -9999 -9999 -9999 -9999 -9999 -9999 7.866 7.513 7.137 6.202 6.431 6.929 6.903 6.162 6.847 6.379 6.225 6.595 7.123 8.106 7.926 7.35 7.062 7.183 7.94 7.573 7.367 7.234 7.086 6.242 7.181 6.614 6.988 6.939 5.516 6.682 6.231 6.392 6.909 6.854 7.257 7.033 6.623 7.153 7.729 7.931 8.148 8.353 -9999 -9999 -9999 -9999 -9999 -9999 -9999 -9999 -9999 -9999 -9999 -9999 -9999 -9999 -9999 -9999 -9999 -9999 -9999 -9999 -9999 -9999 -9999
-9999 -9999 -9999 -9999 -9999 -9999 -9999 -9999 -9999 -9999 -9999 8.11 7.55 7.66 6.657 6.887 6.537 5.669 6.23 6.829 7.127 6.688 6.926 7.104 7.187 7.614 7.723 7.433 7.462 8.281 8.258 7.855 7.319 7.227 6.452 7.402 7.083 6.633 7.365 6.271 6.148 6.857 7.108 7.327 6.885 6.941 7.038 6.725 7.025 7.391 7.771 7.962 8.114 8.346 8.424 -9999 -9999 -9999 -9999 -9999 -9999 -9999 -9999 -9999 -9999 -9999 -9999 -9999 -9999 -9999 -9999 -9999 -9999 -9999 -9999 -9999 -9999
-9999 -9999 -9999 -9999 -9999 -9999 -9999 -9999 -9999 -9999 8.039 7.796 7.718 7.733 7.569 7.37 6.649 6.686 6.552 6.262 7.556 7.561 7.424 7.15 7.173 7.481 7.848 8.29 8.477 8.159 8.41 8.044 7.563 7.2 7.446 7.73 7.405 7.396 7.592 6.466 6.169 6.534 6.726 6.893 6.995 7.301 7.197 6.862 7.309 7.558 7.759 7.928 8.223 8.372 8.493 -9999 -9999 -9999 -9999 -9999 -9999 -9999 -9999 -9999 -9999 -9999 -9999 -9999 -9999 -9999 -9999 -9999 -9999 -9999 -9999 -9999 -9999
-9999 -9999 -9999 -9999 -9999 -9999 -9999 -9999 -9999 -9999 7.888 6.72 7.557 7.735 7.846 8.024 7.339 6.055 6.231 7.397 7.693 7.968 7.766 7.567 7.387 7.221 8.429 8.837 8.59 8.503 8.097 8.151 7.686 7.801 7.772 8.023 7.792 7.856 7.344 7.002 6.587 6.463 6.685 6.761 7.317 7.658 7.441 7.318 7.279 7.45 7.819 8.189 8.245 8.336 8.44 -9999 -9999 -9999 -9999 -9999 -9999 -9999 -9999 -9999 -9999 -9999 -9999 -9999 -9999 -9999 -9999 -9999 -9999 -9999 -9999 -9999 -9999
-9999 -9999 -9999 -9999 -9999 -9999 -9999 -9999 -9999 8.066 6.892 7.217 7.397 7.596 8.008 8.203 7.302 6.751 7.132 7.245 7.762 7.937 8.089 7.748 7.388 8.092 8.368 8.609 8.86 8.433 8.411 8.229 8.279 8.157 8.211 8.342 8.279 7.812 7.936 7.405 6.649 6.846 6.83 6.982 7.09 7.563 7.669 7.954 7.582 7.581 7.878 8.258 8.442 8.359 8.376 8.605 -9999 -9999 -9999 -9999 -9999 -9999 -9999 -9999 -9999 -9999 -9999 -9999 -9999 -9999 -9999 -9999 -9999 -9999 -9999 -9999 -9999
-9999 -9999 -9999 -9999 -9999 -9999 -9999 -9999 8.268 -9999 7.831 7.377 7.423 7.639 8.146 8.558 8.13 7.989 7.382 6.92 7.573 8.102 8.305 8.295 8.318 8.39 8.426 8.588 8.759 8.496 8.722 8.679 8.635 8.572 8.678 8.738 8.619 8.431 8.126 7.729 7.703 7.386 7.283 7.232 7.528 7.914 8.459 7.785 7.418 7.764 8.044 8.25 8.39 8.49 8.525 8.528 -9999 -9999 -9999 -9999 -9999 -9999 -9999 -9999 -9999 -9999 -9999 -9999 -9999 -9999 -9999 -9999 -9999 -9999 -9999 -9999 -9999
