Validation/Results/raw data/ReClimate_03_2024_2_Precipitation-Actualsweatherlogisticsltd.asc
NCOLS 192
NROWS 249
XLLCENTER -225160.85627316462
YLLCENTER 29788.11610251502
CELLSIZE 5000.0
NODATA_VALUE -9999
[rows 66 to 98 of 249, columns 75 to 149 of 192]
-9999 -9999 -9999 -9999 -9999 -9999 -9999 -9999 -9999 -9999 78.138 -9999 80.913 99.073 123.63 123.931 129.52 108.889 103.265 85.425 82.582 70.983 73.041 76.111 71.133 73.778 76.797 77.491 80.506 70.835 65.563 -9999 -9999 -9999 -9999 -9999 -9999 -9999 -9999 -9999 -9999 -9999 -9999 -9999 -9999 -9999 -9999 -9999 -9999 -9999 -9999 -9999 -9999 -9999 -9999 -9999 -9999 -9999 -9999 -9999 -9999 -9999 -9999 -9999 -9999 -9999 -9999 -9999 -9999 -9999 -9999 -9999 -9999 -9999 -9999
-9999 -9999 -9999 -9999 -9999 -9999 -9999 -9999 -9999 -9999 -9999 84.817 99.38 100.836 114.208 115.156 108.691 105.276 102.917 90.818 81.153 74.719 69.233 67.359 64.093 69.633 73.802 77.512 69.624 -9999 -9999 -9999 -9999 -9999 -9999 -9999 -9999 -9999 -9999 -9999 -9999 -9999 -9999 -9999 -9999 -9999 -9999 -9999 -9999 -9999 -9999 -9999 -9999 -9999 -9999 -9999 -9999 -9999 -9999 -9999 -9999 -9999 -9999 -9999 -9999 -9999 -9999 -9999 -9999 -9999 -9999 -9999 -9999 -9999 -9999
-9999 -9999 -9999 -9999 -9999 -9999 -9999 -9999 -9999 -9999 -9999 105.969 112.181 106.456 98.71 106.06 109.887 97.925 87.782 80.64 71.393 68.797 66.0 68.365 68.108 64.306 68.877 65.158 57.067 -9999 -9999 -9999 -9999 -9999 -9999 -9999 -9999 -9999 -9999 -9999 -9999 -9999 -9999 -9999 -9999 -9999 -9999 -9999 -9999 -9999 -9999 -9999 -9999 -9999 -9999 -9999 -9999 -9999 -9999 -9999 -9999 -9999 -9999 -9999 -9999 -9999 -9999 -9999 -9999 -9999 -9999 -9999 -9999 -9999 -9999
-9999 -9999 -9999 -9999 -9999 -9999 -9999 -9999 -9999 -9999 -9999 -9999 -9999 94.145 100.811 108.277 101.875 96.295 87.509 84.384 75.545 64.498 63.774 72.048 67.436 61.362 50.788 -9999 -9999 -9999 -9999 -9999 -9999 -9999 -9999 -9999 -9999 -9999 -9999 -9999 -9999 -9999 -9999 -9999 -9999 -9999 -9999 -9999 -9999 -9999 -9999 -9999 -9999 -9999 -9999 -9999 -9999 -9999 -9999 -9999 -9999 -9999 -9999 -9999 -9999 -9999 -9999 -9999 -9999 -9999 -9999 -9999 -9999 -9999 -9999
-9999 -9999 -9999 -9999 -9999 -9999 -9999 84.108 -9999 -9999 112.503 118.27 100.653 95.156 113.933 106.157 106.519 105.048 101.693 94.686 86.228 63.801 66.046 67.868 71.792 61.312 58.136 -9999 -9999 -9999 -9999 -9999 -9999 -9999 -9999 -9999 -9999 -9999 -9999 -9999 -9999 -9999 -9999 -9999 -9999 -9999 -9999 -9999 -9999 -9999 -9999 -9999 -9999 -9999 -9999 -9999 -9999 -9999 -9999 -9999 -9999 -9999 -9999 -9999 -9999 -9999 -9999 -9999 -9999 -9999 -9999 -9999 -9999 -9999 -9999
-9999 -9999 -9999 -9999 -9999 83.232 84.715 88.149 87.15 103.81 120.267 128.04 118.977 117.649 94.84 110.458 116.67 111.364 104.766 98.445 95.437 88.235 66.466 66.507 61.96 57.313 53.257 -9999 -9999 -9999 -9999 -9999 -9999 -9999 -9999 -9999 -9999 -9999 -9999 -9999 -9999 -9999 -9999 -9999 -9999 -9999 -9999 -9999 -9999 -9999 -9999 -9999 -9999 -9999 -9999 -9999 -9999 -9999 -9999 -9999 -9999 -9999 -9999 -9999 -9999 -9999 -9999 -9999 -9999 -9999 -9999 -9999 -9999 -9999 -9999
-9999 -9999 -9999 -9999 -9999 86.309 92.658 -9999 101.721 117.523 129.494 125.013 138.889 104.236 111.966 122.096 126.041 126.106 109.003 107.113 106.675 84.884 77.866 76.917 63.373 57.722 -9999 48.515 -9999 -9999 -9999 -9999 -9999 -9999 -9999 -9999 -9999 -9999 -9999 -9999 -9999 -9999 -9999 -9999 -9999 -9999 -9999 -9999 -9999 -9999 -9999 -9999 -9999 -9999 -9999 -9999 -9999 -9999 -9999 -9999 -9999 -9999 -9999 -9999 -9999 -9999 -9999 -9999 -9999 -9999 -9999 -9999 -9999 -9999 -9999
-9999 -9999 -9999 -9999 -9999 -9999 104.019 109.353 113.003 129.427 125.285 144.252 123.347 116.895 114.427 110.325 114.37 116.054 100.788 99.891 95.797 77.431 77.572 71.465 62.451 57.819 49.995 47.094 -9999 -9999 -9999 -9999 -9999 -9999 -9999 -9999 -9999 -9999 -9999 -9999 -9999 -9999 -9999 -9999 -9999 -9999 -9999 -9999 -9999 -9999 -9999 -9999 -9999 -9999 -9999 -9999 -9999 -9999 -9999 -9999 -9999 -9999 -9999 -9999 -9999 -9999 -9999 -9999 -9999 -9999 -9999 -9999 -9999 -9999 -9999
-9999 -9999 -9999 -9999 -9999 -9999 -9999 108.846 117.365 123.333 152.767 142.141 136.951 127.526 130.47 130.847 112.041 93.9 88.481 99.207 88.728 78.801 77.524 65.491 56.978 46.984 48.607 52.105 -9999 -9999 -9999 -9999 -9999 -9999 -9999 -9999 -9999 -9999 -9999 -9999 -9999 -9999 -9999 -9999 -9999 -9999 -9999 -9999 -9999 -9999 -9999 -9999 -9999 -9999 -9999 -9999 -9999 -9999 -9999 -9999 -9999 -9999 -9999 -9999 -9999 -9999 -9999 -9999 -9999 -9999 -9999 -9999 -9999 -9999 -9999
-9999 -9999 -9999 -9999 -9999 108.434 113.504 126.258 129.115 130.861 124.738 144.896 138.17 133.726 133.026 115.324 104.316 96.265 82.988 89.194 100.67 81.69 64.464 53.394 48.006 -9999 51.605 -9999 -9999 -9999 -9999 -9999 -9999 50.364 47.829 48.907 -9999 -9999 -9999 -9999 -9999 -9999 -9999 -9999 -9999 -9999 -9999 -9999 -9999 -9999 -9999 -9999 -9999 -9999 -9999 -9999 -9999 -9999 -9999 -9999 -9999 -9999 -9999 -9999 -9999 -9999 -9999 -9999 -9999 -9999 -9999 -9999 -9999 -9999 -9999
93.177 -9999 -9999 -9999 -9999 -9999 123.705 135.017 140.077 130.445 139.935 126.794 128.166 126.06 124.019 103.574 93.404 75.931 82.644 98.804 85.158 68.933 57.836 55.954 54.366 52.27 -9999 -9999 -9999 -9999 50.463 47.914 47.708 49.551 48.765 48.814 51.975 52.636 52.535 55.152 56.892 57.727 60.225 54.454 50.897 55.207 57.118 55.69 53.714 51.698 50.069 49.422 -9999 -9999 -9999 -9999 -9999 -9999 -9999 -9999 -9999 -9999 -9999 -9999 -9999 -9999 -9999 -9999 -9999 -9999 -9999 -9999 -9999 -9999 -9999
127.43 -9999 -9999 -9999 112.876 -9999 121.052 124.003 139.932 165.767 144.955 128.763 117.413 123.065 107.838 104.329 94.352 92.716 80.898 71.67 69.684 61.989 58.251 61.986 56.416 -9999 -9999 -9999 -9999 52.421 53.054 49.007 53.443 57.625 51.528 52.39 58.511 60.862 61.674 61.46 62.342 63.189 58.529 52.592 53.037 54.522 56.45 56.748 54.855 55.362 55.232 50.577 -9999 -9999 -9999 -9999 -9999 -9999 -9999 -9999 -9999 -9999 -9999 -9999 -9999 -9999 -9999 -9999 -9999 -9999 -9999 -9999 -9999 -9999 -9999
128.74 -9999 -9999 -9999 117.536 120.326 118.219 140.42 172.333 164.538 159.531 125.751 129.462 120.149 110.118 100.426 95.859 99.017 85.32 81.157 65.201 57.779 63.512 58.655 -9999 -9999 52.073 51.399 52.055 55.014 55.839 56.904 60.345 60.66 63.612 64.514 64.024 61.288 60.589 59.657 60.551 59.922 59.639 53.556 54.023 54.93 57.401 56.19 56.023 57.381 58.176 53.389 50.337 -9999 -9999 -9999 -9999 -9999 -9999 -9999 -9999 -9999 -9999 -9999 -9999 -9999 -9999 -9999 -9999 -9999 -9999 -9999 -9999 -9999 -9999
117.342 -9999 111.104 -9999 111.233 116.468 147.017 171.648 160.324 178.127 157.506 141.977 135.639 129.992 128.018 110.013 104.521 96.861 98.505 88.031 68.648 54.623 53.902 52.782 -9999 59.31 60.182 57.339 57.531 58.334 59.585 65.255 66.912 71.297 72.338 67.359 62.94 65.971 66.211 64.538 61.393 57.99 56.346 57.529 55.721 55.935 58.02 57.757 56.674 57.359 58.747 54.504 49.561 -9999 -9999 -9999 -9999 -9999 -9999 -9999 -9999 -9999 -9999 -9999 -9999 -9999 -9999 -9999 -9999 -9999 -9999 -9999 -9999 -9999 -9999
-9999 110.335 -9999 -9999 -9999 151.41 200.65 166.352 159.919 127.698 136.809 135.177 130.458 132.383 121.121 123.616 114.086 104.872 91.391 75.672 60.456 59.032 65.096 57.999 59.934 67.419 70.123 71.017 65.726 60.608 68.155 69.808 74.814 73.296 64.441 62.358 62.626 63.953 68.321 64.943 60.92 59.082 57.138 56.648 56.365 53.528 59.939 64.585 68.549 58.674 58.945 55.584 50.669 -9999 -9999 -9999 -9999 -9999 -9999 -9999 -9999 -9999 -9999 -9999 -9999 -9999 -9999 -9999 -9999 -9999 -9999 -9999 -9999 -9999 -9999
115.412 -9999 -9999 -9999 -9999 159.872 152.668 141.132 -9999 139.951 146.319 141.848 126.104 115.898 111.829 103.185 96.182 94.918 85.856 79.06 73.247 76.156 74.291 61.872 71.207 68.458 74.394 81.653 74.048 65.796 64.795 71.899 75.791 65.27 62.504 70.834 66.873 72.417 71.479 66.007 66.591 60.768 61.294 61.886 55.607 57.471 59.434 65.266 58.096 58.347 57.394 51.881 49.259 -9999 -9999 -9999 -9999 -9999 -9999 -9999 -9999 -9999 -9999 -9999 -9999 -9999 -9999 -9999 -9999 -9999 -9999 -9999 -9999 -9999 -9999
144.9 -9999 -9999 -9999 125.314 -9999 -9999 116.899 123.803 141.401 158.917 153.084 137.135 132.394 115.617 105.244 93.318 81.59 76.455 77.62 75.887 77.488 57.932 71.64 82.362 79.398 73.982 76.778 77.954 67.509 66.353 67.747 64.684 63.115 71.675 72.212 73.404 73.625 70.429 75.911 67.987 64.233 67.75 61.211 57.735 58.351 60.864 56.497 54.934 55.683 54.302 49.655 -9999 -9999 -9999 -9999 -9999 -9999 -9999 -9999 -9999 -9999 -9999 -9999 -9999 -9999 -9999 -9999 -9999 -9999 -9999 -9999 -9999 -9999 -9999
171.414 146.301 122.962 -9999 -9999 -9999 133.433 110.998 -9999 139.926 137.527 137.854 143.149 136.396 133.173 110.37 83.698 81.696 81.155 82.16 75.473 62.315 66.72 72.008 73.054 73.95 70.981 75.79 71.671 61.828 60.999 58.737 61.597 73.743 69.649 73.938 84.849 77.698 76.825 76.991 64.897 65.002 62.027 59.042 56.411 57.413 53.962 54.033 54.913 53.654 49.303 -9999 -9999 -9999 -9999 -9999 -9999 -9999 -9999 -9999 -9999 -9999 -9999 -9999 -9999 -9999 -9999 -9999 -9999 -9999 -9999 -9999 -9999 -9999 -9999
174.685 149.896 127.828 -9999 125.392 136.158 135.129 134.445 151.044 142.876 139.423 152.164 157.563 137.595 111.059 105.266 101.752 95.842 92.47 85.627 71.761 65.069 71.072 81.452 83.656 72.784 71.948 70.579 56.455 55.197 58.387 62.167 68.971 60.934 62.525 71.251 79.266 82.597 84.066 80.764 67.55 69.629 65.389 66.799 69.775 56.768 52.395 56.883 58.305 52.074 47.751 -9999 -9999 -9999 -9999 -9999 -9999 -9999 -9999 -9999 -9999 -9999 -9999 -9999 -9999 -9999 -9999 -9999 -9999 -9999 -9999 -9999 -9999 -9999 -9999
156.403 138.448 122.643 123.526 125.283 144.076 -9999 134.274 152.963 170.99 180.26 164.644 151.521 127.703 133.556 119.39 107.054 92.309 85.648 78.272 67.741 69.312 85.324 92.921 81.577 78.193 80.044 65.994 65.074 55.103 55.504 61.303 62.213 64.045 65.755 74.343 84.814 80.667 77.017 71.693 65.555 62.173 59.077 63.197 58.067 53.423 52.981 55.581 55.079 52.029 -9999 -9999 -9999 -9999 -9999 -9999 -9999 -9999 -9999 -9999 -9999 -9999 -9999 -9999 -9999 -9999 -9999 -9999 -9999 -9999 -9999 -9999 -9999 -9999 -9999
-9999 -9999 -9999 119.625 138.349 -9999 133.465 152.805 183.507 194.918 171.354 167.855 156.085 154.28 133.754 102.544 90.869 94.875 95.143 74.616 74.079 85.733 98.534 97.993 94.173 94.509 78.3 79.942 66.929 61.215 73.573 68.17 75.694 73.195 75.202 79.912 75.968 66.702 67.306 65.989 67.462 65.334 60.611 60.494 57.571 54.864 54.541 55.262 54.795 50.862 -9999 -9999 -9999 -9999 -9999 -9999 -9999 -9999 -9999 -9999 -9999 -9999 -9999 -9999 -9999 -9999 -9999 -9999 -9999 -9999 -9999 -9999 -9999 -9999 -9999
-9999 -9999 111.673 127.154 -9999 124.102 139.892 -9999 168.705 158.227 173.429 170.03 174.809 151.373 122.806 119.35 114.223 98.089 81.458 91.462 91.004 99.345 111.779 110.073 105.072 91.549 77.503 64.785 56.811 68.325 75.268 85.306 86.811 78.68 71.726 73.406 68.243 69.329 66.022 65.026 66.163 62.308 62.55 63.428 61.462 58.981 55.046 57.657 56.402 50.125 -9999 -9999 -9999 -9999 -9999 -9999 -9999 -9999 -9999 -9999 -9999 -9999 -9999 -9999 -9999 -9999 -9999 -9999 -9999 -9999 -9999 -9999 -9999 -9999 -9999
-9999 -9999 106.233 -9999 -9999 130.546 144.757 160.786 153.176 172.313 167.311 149.146 148.483 130.574 113.451 100.127 95.9 113.556 121.442 114.458 111.755 116.695 117.1 111.416 93.714 67.404 56.512 60.917 79.356 93.025 110.586 109.674 96.039 86.966 84.727 74.146 70.058 66.824 64.139 57.507 58.192 59.133 59.719 65.613 73.536 62.364 56.303 55.84 53.999 49.905 -9999 -9999 -9999 -9999 -9999 -9999 -9999 -9999 -9999 -9999 -9999 -9999 -9999 -9999 -9999 -9999 -9999 -9999 -9999 -9999 -9999 -9999 -9999 -9999 -9999
-9999 -9999 -9999 -9999 -9999 -9999 160.032 161.834 154.608 176.678 167.881 148.038 146.438 136.057 120.708 118.378 132.269 133.349 127.911 123.25 105.493 97.023 97.689 95.837 73.751 55.993 58.621 71.586 90.702 112.17 104.588 103.4 96.178 92.293 83.047 74.384 70.047 65.803 56.478 53.614 55.855 55.222 58.028 66.123 60.712 56.195 55.422 57.454 55.69 -9999 -9999 -9999 -9999 -9999 -9999 -9999 -9999 -9999 -9999 -9999 -9999 -9999 -9999 -9999 -9999 -9999 -9999 -9999 -9999 -9999 -9999 -9999 -9999 -9999 -9999
-9999 -9999 -9999 -9999 107.827 127.381 -9999 164.05 168.538 193.585 165.638 142.303 135.086 133.261 145.208 148.288 136.447 117.638 117.408 108.899 99.588 81.884 77.773 72.551 62.443 71.032 74.811 84.125 100.137 98.52 96.695 79.881 81.48 75.608 64.062 64.374 66.98 69.017 68.029 65.525 68.54 76.779 68.001 58.544 61.326 65.12 66.6 61.75 54.496 -9999 -9999 -9999 -9999 -9999 -9999 -9999 -9999 -9999 -9999 -9999 -9999 -9999 -9999 -9999 -9999 -9999 -9999 -9999 -9999 -9999 -9999 -9999 -9999 -9999 -9999
-9999 -9999 -9999 105.052 105.653 139.679 154.616 177.16 193.236 189.166 173.641 143.76 125.136 129.149 124.709 125.278 133.5 128.906 133.453 128.182 82.711 80.205 76.345 74.189 76.202 86.878 88.078 92.689 90.001 90.855 80.344 77.411 76.685 81.445 82.092 86.328 84.883 82.238 88.473 95.001 95.365 88.536 77.359 77.112 76.165 73.154 67.182 59.055 -9999 -9999 -9999 -9999 -9999 -9999 -9999 -9999 -9999 -9999 -9999 -9999 -9999 -9999 -9999 -9999 -9999 -9999 -9999 -9999 -9999 -9999 -9999 -9999 -9999 -9999 -9999
-9999 -9999 -9999 102.879 -9999 133.998 149.135 163.863 183.341 179.923 139.896 131.904 138.572 112.991 105.405 109.966 114.732 123.313 117.535 89.036 92.882 102.48 93.014 85.406 104.976 98.471 98.674 99.724 101.45 97.288 91.703 86.81 91.826 93.178 99.824 103.536 88.298 96.668 99.176 84.819 87.284 89.441 81.768 79.581 77.955 66.535 63.629 58.865 -9999 -9999 -9999 -9999 -9999 -9999 -9999 -9999 -9999 -9999 -9999 -9999 -9999 -9999 -9999 -9999 -9999 -9999 -9999 -9999 -9999 -9999 -9999 -9999 -9999 -9999 -9999
-9999 -9999 -9999 -9999 -9999 149.006 163.754 154.117 162.867 140.895 118.15 121.664 108.032 101.733 102.762 108.422 121.401 105.293 107.224 105.897 118.449 105.815 89.562 102.252 110.648 100.998 101.903 95.756 105.584 100.08 94.479 107.238 104.699 105.437 117.429 114.097 117.422 114.586 101.896 91.986 85.755 76.405 76.186 79.498 68.904 61.247 58.494 55.858 -9999 -9999 -9999 -9999 -9999 -9999 -9999 -9999 -9999 -9999 -9999 -9999 -9999 -9999 -9999 -9999 -9999 -9999 -9999 -9999 -9999 -9999 -9999 -9999 -9999 -9999 -9999
-9999 -9999 -9999 112.038 123.661 144.973 145.402 145.287 160.033 135.498 140.278 138.132 -9999 132.259 164.719 156.008 140.296 131.944 134.706 130.684 126.277 118.411 112.485 108.186 99.919 93.617 80.567 84.443 97.291 94.813 105.138 96.781 97.192 96.256 105.939 114.999 108.763 95.217 98.181 92.322 80.722 82.668 72.457 65.907 61.092 58.366 58.695 53.105 -9999 -9999 -9999 -9999 -9999 -9999 -9999 -9999 -9999 -9999 -9999 -9999 -9999 -9999 -9999 -9999 -9999 -9999 -9999 -9999 -9999 -9999 -9999 -9999 -9999 -9999 -9999
96.258 101.296 108.329 -9999 117.23 132.941 140.862 148.364 154.398 151.37 144.215 -9999 150.029 185.113 175.873 175.624 150.281 136.293 123.64 128.48 121.24 118.653 108.512 95.839 87.277 76.913 65.586 75.553 75.663 89.506 89.34 90.205 88.323 85.184 90.711 93.831 87.69 89.273 89.557 84.463 81.992 67.84 60.787 55.637 56.887 59.619 54.904 -9999 -9999 -9999 -9999 -9999 -9999 -9999 -9999 -9999 -9999 -9999 -9999 -9999 -9999 -9999 -9999 -9999 -9999 -9999 -9999 -9999 -9999 -9999 -9999 -9999 -9999 -9999 -9999
97.352 105.99 118.816 120.158 -9999 131.149 138.839 143.593 152.925 141.356 126.382 131.206 161.281 165.774 156.735 166.081 147.878 133.626 121.775 112.821 95.415 93.63 84.414 78.417 88.864 70.125 72.266 67.24 71.252 76.349 85.598 79.818 73.498 77.612 87.152 83.272 81.42 78.213 80.723 74.326 64.641 60.237 57.79 57.082 55.734 -9999 -9999 -9999 -9999 -9999 -9999 -9999 -9999 -9999 -9999 -9999 -9999 -9999 -9999 -9999 -9999 -9999 -9999 -9999 -9999 -9999 -9999 -9999 -9999 -9999 -9999 -9999 -9999 -9999 -9999
-9999 -9999 119.466 -9999 136.943 144.465 149.761 169.552 165.498 -9999 -9999 161.496 154.619 151.654 175.612 160.866 147.081 126.794 118.422 85.477 77.259 74.7 71.278 77.452 73.005 77.587 70.852 73.836 70.253 73.458 76.178 74.324 71.209 77.347 79.135 77.064 71.68 72.438 67.292 61.734 59.735 56.244 58.2 55.874 -9999 -9999 -9999 -9999 -9999 -9999 -9999 -9999 -9999 -9999 -9999 -9999 -9999 -9999 -9999 -9999 -9999 -9999 -9999 -9999 -9999 -9999 -9999 -9999 -9999 -9999 -9999 -9999 -9999 -9999 -9999
110.226 -9999 124.411 146.627 145.823 153.103 160.058 163.242 -9999 -9999 152.662 164.914 166.06 181.285 165.636 166.363 143.343 123.182 102.906 91.313 88.195 94.104 92.193 95.109 103.882 88.627 78.229 75.019 67.102 66.458 66.486 72.88 74.45 73.207 71.954 67.611 61.387 59.464 54.75 55.39 53.308 54.4 55.407 57.029 52.71 -9999 -9999 -9999 -9999 -9999 -9999 -9999 -9999 -9999 -9999 -9999 -9999 -9999 -9999 -9999 -9999 -9999 -9999 -9999 -9999 -9999 -9999 -9999 -9999 -9999 -9999 -9999 -9999 -9999 -9999
