Validation/Results/raw data/ReClimate_01_2024_1_Precipitation-Actualsweatherlogisticsltd.asc
NCOLS 192
NROWS 249
XLLCENTER -225160.85627316462
YLLCENTER 29788.11610251502
CELLSIZE 5000.0
NODATA_VALUE -9999
[rows 198 to 230 of 249, columns 74 to 147 of 192]
-9999 -9999 -9999 -9999 -9999 -9999 -9999 -9999 -9999 -9999 -9999 -9999 -9999 -9999 -9999 -9999 -9999 -9999 124.237 126.629 139.489 131.089 120.845 129.864 125.594 154.721 178.144 205.526 202.19 183.918 156.637 120.463 109.983 109.465 116.458 123.166 108.384 92.494 78.013 71.981 69.34 71.056 66.757 69.513 68.69 65.756 62.916 59.537 57.133 56.856 54.164 55.198 53.404 50.321 50.498 51.531 51.524 53.146 52.128 55.95 57.283 57.827 64.456 64.327 60.835 59.502 57.622 61.093 60.412 59.413 60.274 54.233 52.006 51.518
-9999 -9999 -9999 -9999 -9999 -9999 -9999 -9999 -9999 -9999 -9999 -9999 -9999 -9999 -9999 79.691 94.878 110.674 121.137 138.504 143.281 140.942 136.854 119.89 140.6 159.733 184.041 185.841 193.91 169.68 151.244 137.704 117.946 109.64 127.882 106.742 94.43 77.311 70.657 69.536 75.825 65.616 66.433 62.22 64.551 66.517 64.414 65.424 60.068 57.253 51.338 52.007 54.281 49.641 47.636 49.603 52.665 54.329 59.65 58.094 57.922 59.504 65.992 68.141 62.81 59.898 56.893 57.858 60.475 59.486 56.58 54.53 51.482 54.318
-9999 -9999 -9999 -9999 -9999 -9999 -9999 -9999 -9999 -9999 -9999 -9999 -9999 106.326 98.369 102.07 109.025 116.507 127.985 138.511 148.914 143.671 136.261 148.416 145.544 164.832 175.257 166.353 165.747 164.72 168.152 143.14 127.654 123.378 103.402 93.835 81.73 91.006 80.812 72.182 66.019 61.989 60.655 61.548 63.787 64.585 65.804 61.546 61.007 55.269 49.757 52.404 54.133 51.681 55.799 55.062 53.569 54.217 54.796 60.895 60.827 62.768 66.138 70.754 68.587 64.957 59.366 57.108 59.461 59.62 57.162 56.899 56.885 53.324
-9999 -9999 -9999 -9999 -9999 -9999 -9999 -9999 -9999 107.873 118.212 114.171 110.13 128.104 117.959 125.6 129.718 128.606 138.51 150.293 165.471 168.17 155.302 154.426 158.306 169.363 158.39 152.964 154.008 167.617 155.602 139.528 123.498 118.409 104.162 87.953 102.222 104.689 87.522 82.253 72.794 67.211 63.757 67.187 71.141 64.541 67.064 62.087 56.066 53.162 53.219 54.072 52.644 59.091 58.982 62.304 59.232 57.461 56.93 59.308 62.525 64.533 66.238 64.27 65.228 64.032 59.47 58.349 57.312 56.93 57.716 57.179 55.794 52.729
-9999 -9999 -9999 -9999 -9999 -9999 -9999 -9999 92.182 112.621 117.963 124.009 158.711 163.053 163.274 154.95 175.071 160.228 163.259 165.178 177.744 169.957 165.138 167.569 166.562 150.636 141.712 142.04 156.759 156.08 146.736 134.051 126.55 110.914 108.057 123.024 150.866 117.117 101.978 83.22 78.705 73.131 73.761 69.842 62.527 64.082 62.062 58.909 56.083 53.855 57.423 58.382 64.516 68.692 71.518 65.388 62.327 66.289 65.186 64.969 66.456 65.406 67.429 66.475 62.142 60.578 60.652 61.157 58.472 60.83 61.159 57.605 56.202 52.897
-9999 -9999 -9999 -9999 -9999 -9999 -9999 84.704 100.483 114.722 121.458 141.062 159.069 165.39 151.92 168.454 161.632 162.059 159.809 156.468 172.093 175.322 168.736 159.462 143.466 128.332 135.351 159.611 162.272 164.888 154.7 140.051 119.134 118.325 109.606 147.563 143.488 138.598 107.752 98.934 92.132 80.774 72.199 67.855 66.768 67.005 69.446 59.953 55.446 50.619 55.817 58.982 67.41 80.748 76.297 68.493 66.342 67.641 71.695 70.349 69.438 68.691 67.957 66.332 62.757 60.816 61.351 63.478 63.204 59.951 62.085 59.144 59.498 63.14
-9999 -9999 -9999 -9999 -9999 82.982 -9999 90.556 100.703 110.148 115.367 124.184 136.026 142.008 140.439 141.939 139.053 146.734 137.631 146.333 149.199 151.703 145.928 143.908 137.386 146.411 173.69 215.829 244.545 213.009 196.833 179.41 178.375 156.805 138.851 139.666 163.207 133.754 118.378 109.568 97.607 82.95 70.746 73.214 75.925 76.63 69.323 61.647 53.437 55.49 63.1 71.934 81.107 90.243 84.491 72.319 66.849 68.948 71.397 70.65 68.121 65.063 65.185 61.077 59.892 61.85 63.137 62.826 62.336 61.236 61.91 63.532 62.878 65.078
-9999 -9999 -9999 -9999 -9999 -9999 -9999 -9999 -9999 108.109 103.991 113.374 126.185 126.32 132.789 136.24 141.873 140.243 136.52 133.277 137.133 147.433 144.535 151.756 152.892 170.51 198.764 240.163 247.742 240.003 216.626 227.14 226.317 176.768 161.004 152.782 120.562 121.125 117.437 94.805 85.264 76.402 83.2 85.532 89.46 81.318 72.043 60.472 54.727 59.15 70.044 86.634 92.097 91.633 85.146 73.783 72.012 76.061 71.962 69.177 64.383 61.68 60.485 59.499 58.321 60.551 61.159 60.184 60.182 61.149 64.791 70.786 72.186 66.741
-9999 -9999 -9999 -9999 -9999 -9999 -9999 -9999 -9999 103.342 104.805 109.848 117.016 127.106 139.928 144.61 141.872 135.711 130.958 124.268 137.089 142.211 145.21 148.774 153.782 165.352 179.62 203.595 211.349 203.943 205.657 220.326 197.319 187.205 166.468 142.942 147.879 151.164 117.535 97.48 81.478 95.408 95.864 101.496 95.385 88.444 70.196 56.341 52.658 74.158 85.291 86.268 88.858 89.148 81.356 76.548 72.296 72.403 72.282 67.278 64.17 60.53 58.929 57.764 59.704 63.457 62.661 58.084 59.796 64.987 71.808 73.311 75.274 74.704
-9999 -9999 -9999 -9999 -9999 -9999 -9999 95.407 100.819 101.832 99.034 -9999 118.953 132.24 131.696 126.621 124.565 120.603 -9999 118.317 125.059 132.143 148.622 147.41 161.427 165.245 192.614 207.687 192.425 180.784 196.841 183.01 173.872 166.781 168.015 158.622 161.7 155.63 120.234 103.457 93.785 95.158 103.806 106.243 107.331 80.559 67.423 60.125 69.152 75.24 81.933 82.509 91.535 85.599 79.19 75.12 71.667 66.357 63.928 62.855 66.561 62.822 60.569 59.074 58.035 58.597 60.426 63.1 65.139 73.478 78.994 80.372 75.978 75.236
-9999 -9999 -9999 -9999 -9999 -9999 -9999 97.003 -9999 -9999 -9999 109.288 117.835 119.334 -9999 -9999 -9999 -9999 -9999 113.116 116.053 129.598 129.12 139.389 144.688 158.158 178.041 178.187 179.339 231.026 236.961 199.375 180.126 172.002 171.646 164.923 163.249 136.45 125.275 107.608 98.957 108.263 101.023 106.909 84.699 70.278 69.014 70.957 77.985 78.061 83.479 80.253 83.458 83.785 74.089 69.486 66.908 63.315 61.396 60.004 61.344 63.464 60.939 60.879 59.401 59.644 61.58 62.227 72.153 79.835 83.938 82.012 79.275 74.558
-9999 -9999 -9999 -9999 -9999 -9999 -9999 -9999 -9999 101.515 103.373 103.428 107.763 112.942 -9999 -9999 -9999 -9999 -9999 -9999 -9999 -9999 123.268 134.479 137.015 140.027 147.437 162.271 207.62 253.395 261.713 241.434 207.216 186.875 174.586 154.859 158.552 150.93 123.947 109.083 118.048 109.775 107.419 87.979 76.238 73.776 72.663 80.866 78.894 82.964 84.282 78.257 73.365 73.022 68.104 64.763 62.131 63.234 61.453 59.732 57.632 57.651 58.636 60.317 61.941 63.597 69.11 74.328 79.28 86.392 83.537 79.714 75.446 72.124
-9999 -9999 -9999 -9999 -9999 -9999 -9999 -9999 -9999 -9999 102.562 -9999 -9999 -9999 -9999 -9999 -9999 -9999 -9999 -9999 114.903 118.878 126.359 127.895 122.59 122.772 130.084 154.133 193.153 232.908 243.057 226.07 198.515 185.35 170.131 155.24 151.827 130.973 113.089 108.269 109.783 106.049 94.647 -9999 76.608 75.122 78.876 87.376 82.093 81.336 79.528 72.888 70.608 67.183 67.203 64.549 63.323 60.552 58.705 56.234 54.971 56.491 56.93 58.129 64.728 74.438 77.133 84.122 79.45 80.495 79.724 75.475 67.441 67.678
-9999 -9999 -9999 -9999 -9999 -9999 -9999 -9999 -9999 -9999 -9999 -9999 -9999 -9999 -9999 -9999 -9999 -9999 -9999 -9999 111.751 114.292 112.922 107.212 -9999 -9999 -9999 132.917 170.57 187.648 199.227 186.574 178.149 177.374 160.413 141.302 131.551 120.024 106.764 104.73 96.066 89.14 -9999 75.61 76.136 76.703 82.0 83.93 79.134 79.867 72.671 62.714 68.524 67.678 66.315 65.645 61.225 67.965 68.027 64.109 60.944 58.742 59.863 62.126 67.556 72.831 79.924 80.568 78.101 73.71 73.713 70.237 66.731 63.597
-9999 -9999 -9999 -9999 -9999 -9999 -9999 -9999 -9999 -9999 -9999 -9999 -9999 -9999 -9999 -9999 -9999 -9999 -9999 -9999 -9999 -9999 -9999 -9999 -9999 -9999 -9999 101.701 121.929 144.792 147.107 146.016 150.149 147.76 138.345 128.304 118.692 107.687 99.123 92.774 -9999 -9999 73.642 72.439 76.639 76.357 81.075 83.377 79.656 75.2 69.789 63.488 68.08 69.282 70.021 74.379 73.184 68.033 74.847 78.153 70.681 66.79 69.358 68.212 70.399 74.61 74.396 73.912 70.879 64.932 66.819 67.727 64.688 63.212
-9999 -9999 -9999 -9999 -9999 -9999 -9999 -9999 -9999 -9999 -9999 -9999 -9999 -9999 -9999 -9999 -9999 -9999 -9999 -9999 -9999 -9999 -9999 -9999 -9999 -9999 -9999 93.767 103.37 110.218 115.318 125.148 122.119 122.716 123.951 116.832 104.882 -9999 -9999 -9999 -9999 -9999 70.591 74.695 79.06 79.781 83.04 87.242 81.479 80.182 73.981 67.283 66.902 75.239 76.956 83.765 85.693 83.377 79.154 80.166 79.766 70.722 71.373 70.129 69.979 73.306 68.594 66.411 62.993 61.516 60.454 62.003 62.572 62.327
-9999 -9999 -9999 -9999 -9999 -9999 -9999 -9999 -9999 -9999 -9999 -9999 -9999 -9999 -9999 -9999 -9999 -9999 -9999 -9999 -9999 -9999 -9999 -9999 -9999 -9999 -9999 -9999 -9999 98.809 108.573 107.044 102.089 107.339 110.048 99.678 -9999 -9999 -9999 -9999 77.684 82.076 81.293 80.455 84.773 80.328 88.06 90.569 89.65 80.391 74.01 71.443 74.115 80.995 85.174 86.082 89.668 86.612 81.942 76.489 72.716 72.873 69.448 68.814 65.064 64.286 63.541 61.947 62.547 62.392 65.393 65.111 61.994 60.905
-9999 -9999 -9999 -9999 -9999 -9999 -9999 -9999 -9999 -9999 -9999 -9999 -9999 -9999 -9999 -9999 -9999 -9999 -9999 -9999 -9999 -9999 -9999 -9999 -9999 -9999 -9999 -9999 -9999 -9999 97.745 95.277 93.181 89.642 89.779 -9999 -9999 -9999 -9999 79.465 77.603 80.811 90.661 94.396 83.193 79.811 83.444 84.003 86.643 78.861 72.352 76.075 79.325 82.869 87.524 86.375 85.588 83.987 81.812 76.244 76.166 71.12 72.088 68.323 64.499 61.142 60.771 61.444 63.582 66.843 68.674 67.646 62.482 60.723
-9999 -9999 -9999 -9999 -9999 -9999 -9999 -9999 -9999 -9999 -9999 -9999 -9999 -9999 -9999 -9999 -9999 -9999 -9999 -9999 -9999 -9999 -9999 -9999 -9999 -9999 -9999 -9999 -9999 -9999 -9999 -9999 -9999 -9999 -9999 -9999 -9999 -9999 82.329 79.238 76.726 87.33 96.721 89.478 83.157 81.555 80.695 84.969 82.445 70.848 66.63 69.895 75.612 79.845 81.46 85.317 86.434 84.43 88.612 87.696 82.86 81.48 77.675 75.739 68.697 65.883 64.825 63.291 65.173 68.575 67.889 66.323 63.766 62.498
-9999 -9999 -9999 -9999 -9999 -9999 -9999 -9999 -9999 -9999 -9999 -9999 -9999 -9999 -9999 -9999 -9999 -9999 -9999 -9999 -9999 -9999 -9999 -9999 -9999 -9999 -9999 -9999 -9999 -9999 -9999 -9999 -9999 -9999 -9999 -9999 -9999 77.856 79.819 82.663 87.07 108.667 105.197 101.106 93.042 87.837 85.89 84.974 73.746 64.965 65.19 70.856 75.726 78.302 83.414 87.88 94.507 92.44 90.227 95.992 89.0 84.591 83.178 79.181 74.745 66.68 65.481 67.297 68.255 70.47 68.415 65.372 65.838 66.594
-9999 -9999 -9999 -9999 -9999 -9999 -9999 -9999 -9999 -9999 -9999 -9999 -9999 -9999 -9999 -9999 -9999 -9999 -9999 -9999 -9999 -9999 -9999 -9999 -9999 -9999 -9999 -9999 -9999 -9999 -9999 -9999 -9999 -9999 -9999 -9999 -9999 76.503 73.013 74.117 89.295 98.889 106.251 112.118 110.043 103.75 100.382 86.069 74.35 70.877 81.219 79.808 82.138 79.86 77.716 80.825 86.587 93.53 91.71 90.027 87.135 82.418 85.233 83.407 78.585 74.376 70.062 72.047 73.514 76.128 72.478 67.361 69.644 79.288
-9999 -9999 -9999 -9999 -9999 -9999 -9999 -9999 -9999 -9999 -9999 -9999 -9999 -9999 -9999 -9999 -9999 -9999 -9999 -9999 -9999 -9999 -9999 -9999 151.123 172.286 176.325 168.243 -9999 144.761 -9999 -9999 -9999 -9999 -9999 -9999 -9999 -9999 70.355 71.058 79.166 86.39 97.358 107.243 104.688 112.058 98.455 89.501 81.799 89.21 89.674 82.587 80.978 79.008 72.606 75.537 77.976 82.892 83.941 86.618 83.735 84.297 86.713 89.683 86.001 80.407 78.342 73.404 75.735 78.177 77.912 73.041 77.491 81.83
-9999 -9999 -9999 -9999 -9999 -9999 -9999 -9999 -9999 -9999 -9999 -9999 -9999 -9999 -9999 -9999 -9999 -9999 -9999 -9999 -9999 115.4 121.862 128.44 154.975 188.217 185.676 182.989 182.525 153.117 125.386 106.697 -9999 -9999 89.99 84.358 71.75 63.834 67.597 68.031 71.402 79.387 87.0 86.127 98.951 99.699 94.693 93.351 101.908 97.514 90.363 90.291 82.048 78.567 73.749 73.834 79.466 82.32 83.693 80.068 81.171 84.083 89.997 88.724 92.113 91.233 84.631 84.233 77.731 80.178 82.475 79.916 92.846 95.897
-9999 -9999 -9999 -9999 -9999 -9999 -9999 -9999 -9999 -9999 -9999 -9999 -9999 -9999 -9999 -9999 -9999 -9999 -9999 -9999 119.993 116.416 109.887 123.474 156.416 178.169 193.132 200.092 183.917 163.354 146.658 122.803 101.306 102.455 96.677 91.793 76.949 72.135 64.645 67.056 73.047 77.772 78.4 87.047 92.493 91.725 92.904 107.582 102.874 101.547 97.463 90.832 87.875 82.077 77.898 76.44 79.274 83.796 82.308 86.794 84.677 83.727 88.81 92.704 95.804 97.669 94.799 88.387 92.153 88.225 86.613 85.299 86.4 97.919
-9999 -9999 -9999 -9999 -9999 -9999 -9999 -9999 -9999 -9999 -9999 -9999 -9999 -9999 -9999 -9999 -9999 -9999 -9999 -9999 121.08 100.627 100.658 110.809 131.34 158.446 171.059 180.32 167.88 158.335 142.133 132.661 130.667 114.206 102.187 90.089 82.903 74.723 67.394 64.731 65.635 71.063 72.803 77.799 78.764 83.582 99.714 98.875 99.595 105.523 102.168 92.455 92.757 89.558 84.587 82.383 83.351 83.427 82.788 84.448 89.324 84.042 86.218 92.87 99.216 103.566 99.396 96.996 96.354 97.782 94.145 86.347 85.013 85.306
-9999 -9999 -9999 -9999 -9999 -9999 -9999 -9999 -9999 -9999 -9999 -9999 -9999 -9999 -9999 -9999 -9999 -9999 -9999 -9999 114.195 100.186 101.226 102.985 118.958 128.062 140.328 142.687 142.82 143.696 142.774 136.084 134.339 120.994 97.366 85.914 79.963 74.057 68.037 62.296 65.142 70.211 70.349 69.734 74.65 86.53 91.778 92.46 91.342 99.065 96.049 100.227 96.146 92.516 86.788 84.355 84.708 87.831 91.204 87.265 86.13 90.563 89.477 93.657 100.583 111.75 106.635 98.811 97.215 93.316 90.271 89.497 84.345 86.84
-9999 -9999 -9999 -9999 -9999 -9999 -9999 -9999 -9999 -9999 -9999 -9999 -9999 -9999 -9999 -9999 118.297 131.557 -9999 122.025 108.348 113.075 109.902 103.277 100.752 107.721 115.95 125.971 135.065 139.935 131.989 128.79 124.438 108.495 95.617 88.564 85.081 80.699 74.935 68.004 72.319 73.713 73.065 71.811 77.893 82.852 88.349 87.749 94.859 98.274 98.982 106.211 102.842 95.62 89.813 87.982 88.815 92.247 88.607 89.619 88.098 90.347 95.297 96.772 100.096 103.301 109.1 99.51 98.96 101.293 96.279 91.174 88.096 85.796
-9999 -9999 -9999 -9999 -9999 -9999 -9999 -9999 -9999 -9999 -9999 -9999 -9999 -9999 -9999 -9999 124.461 132.124 130.032 125.553 125.195 119.089 108.052 102.296 111.202 107.65 116.677 123.158 123.447 133.438 126.229 118.251 115.746 105.535 103.536 113.168 105.112 92.206 81.103 76.014 79.423 80.115 79.24 82.515 89.824 85.921 89.884 89.035 92.234 97.217 103.764 100.092 101.855 96.35 92.969 93.517 93.501 92.856 91.955 89.067 90.727 89.773 90.896 92.507 99.162 104.913 106.393 112.148 105.849 104.473 101.985 96.483 92.301 89.917
-9999 -9999 -9999 -9999 -9999 -9999 -9999 -9999 -9999 -9999 -9999 -9999 -9999 -9999 -9999 115.862 123.419 130.178 137.092 138.932 127.074 120.824 112.804 114.215 112.004 111.042 115.895 113.171 115.982 120.078 111.098 108.434 103.69 103.931 122.67 121.296 118.058 106.537 95.775 88.793 87.271 85.169 87.271 90.909 89.979 92.907 94.311 91.667 96.789 102.981 96.175 96.86 95.981 97.665 100.703 96.075 96.977 98.397 94.404 90.526 91.633 89.518 86.94 88.381 92.563 98.23 103.55 107.838 112.624 106.322 111.455 101.038 104.705 104.586
-9999 -9999 -9999 -9999 -9999 -9999 -9999 -9999 -9999 -9999 -9999 -9999 -9999 -9999 -9999 -9999 111.69 126.602 129.335 125.1 123.362 120.473 111.759 109.886 117.505 110.454 116.454 114.744 110.467 103.894 102.486 105.372 99.511 109.055 119.839 124.694 123.753 119.414 110.272 102.592 93.508 95.142 97.308 96.558 94.18 97.481 100.206 101.179 103.74 98.983 97.499 93.194 92.083 93.496 94.634 97.285 95.133 96.806 95.455 91.332 -9999 90.777 86.615 91.227 89.791 86.655 88.828 92.484 93.405 93.774 90.686 92.916 90.654 99.871
-9999 -9999 -9999 -9999 -9999 -9999 -9999 -9999 -9999 -9999 -9999 -9999 -9999 -9999 -9999 108.457 107.778 113.539 117.726 122.747 127.667 124.466 114.266 114.008 108.275 114.055 109.876 101.01 94.416 95.89 99.489 95.556 96.669 105.653 112.542 120.596 124.47 115.661 110.36 115.679 112.662 110.132 114.8 110.14 113.026 118.389 113.668 108.05 105.591 100.512 94.588 96.634 93.835 94.235 93.829 91.642 95.342 96.833 96.658 91.519 86.725 -9999 81.108 -9999 83.148 -9999 79.429 -9999 84.943 81.93 80.925 77.297 80.102 84.567
-9999 -9999 -9999 -9999 -9999 -9999 -9999 -9999 -9999 -9999 -9999 -9999 -9999 -9999 -9999 108.286 110.377 112.631 113.661 123.804 128.903 129.428 128.315 127.64 121.909 115.62 106.731 99.782 96.855 99.807 94.005 91.723 93.335 104.553 116.522 124.975 117.769 108.109 115.436 112.266 102.717 106.596 108.112 117.154 124.693 123.791 120.123 111.91 108.757 104.12 99.447 95.627 95.301 92.254 91.695 90.426 89.927 91.391 89.64 86.778 83.968 -9999 -9999 77.321 76.467 -9999 -9999 76.672 76.311 77.893 -9999 -9999 -9999 -9999
-9999 -9999 -9999 -9999 -9999 -9999 -9999 -9999 -9999 -9999 -9999 -9999 -9999 -9999 122.896 117.828 120.974 118.702 116.588 119.222 125.78 137.594 151.793 159.401 160.494 140.471 119.105 107.329 112.68 108.901 99.493 89.38 96.476 107.338 120.956 115.146 111.964 105.962 106.67 90.581 88.664 93.7 106.255 117.222 121.522 117.467 112.538 108.615 106.197 97.303 92.559 93.819 94.836 92.351 86.824 84.113 86.794 86.623 -9999 -9999 -9999 86.677 -9999 -9999 -9999 -9999 -9999 -9999 78.151 -9999 -9999 -9999 -9999 -9999
