Validation/Results/raw data/ReClimate_05_2024_1_Temperature-Actuals.asc
NCOLS 192
NROWS 249
XLLCENTER -225160.85627316462
YLLCENTER 29788.11610251502
CELLSIZE 5000.0
NODATA_VALUE -9999
[rows 170 to 203 of 249, columns 75 to 149 of 192]
-9999 -9999 -9999 -9999 -9999 -9999 -9999 -9999 -9999 -9999 -9999 -9999 -9999 -9999 -9999 -9999 -9999 13.905 13.943 -9999 -9999 -9999 -9999 -9999 -9999 -9999 -9999 -9999 -9999 -9999 -9999 -9999 -9999 -9999 -9999 -9999 15.387 15.466 15.455 15.474 15.32 15.299 15.369 15.39 15.41 15.557 15.658 15.668 15.4 14.862 13.946 13.073 12.283 12.526 12.505 13.029 14.229 14.791 15.122 14.754 14.677 14.883 15.138 15.136 15.085 14.996 14.999 14.993 14.913 14.882 14.936 14.913 14.773 14.293 14.227
-9999 -9999 -9999 -9999 -9999 -9999 -9999 -9999 -9999 -9999 -9999 -9999 -9999 -9999 -9999 -9999 -9999 13.851 13.838 13.955 -9999 -9999 -9999 -9999 -9999 -9999 -9999 -9999 -9999 -9999 -9999 -9999 -9999 -9999 -9999 15.452 15.449 15.439 15.402 15.254 15.353 15.331 15.439 15.393 15.411 15.465 15.482 15.425 15.317 14.964 14.271 13.111 12.253 12.761 13.284 13.373 14.077 15.158 15.353 15.111 14.599 14.723 15.063 15.114 15.046 14.955 14.982 15.013 14.98 14.866 14.904 14.924 14.853 14.534 14.218
-9999 -9999 -9999 -9999 -9999 -9999 -9999 -9999 -9999 -9999 -9999 -9999 -9999 -9999 -9999 -9999 14.162 14.071 13.967 14.107 14.29 -9999 -9999 -9999 -9999 -9999 -9999 -9999 -9999 -9999 -9999 -9999 14.744 -9999 -9999 15.508 15.152 15.358 15.39 15.447 -9999 15.188 15.2 15.175 15.232 15.194 15.256 15.12 15.089 14.674 13.938 14.247 13.073 13.373 13.935 13.249 14.165 14.709 15.175 15.099 14.761 14.765 14.964 15.11 15.191 15.155 15.115 15.07 15.046 14.932 14.919 14.984 14.892 14.753 14.408
-9999 -9999 -9999 -9999 -9999 -9999 -9999 -9999 -9999 -9999 -9999 -9999 -9999 -9999 -9999 -9999 14.35 14.301 14.283 14.296 14.422 14.331 14.233 -9999 -9999 -9999 14.025 14.361 -9999 14.515 14.581 14.725 14.094 14.402 -9999 -9999 15.145 15.11 -9999 -9999 15.159 15.025 15.267 15.454 15.333 15.228 15.044 14.971 14.806 14.16 13.353 13.674 13.54 13.283 13.49 13.4 13.585 14.824 15.008 14.864 14.561 14.72 14.839 15.009 15.1 15.144 15.153 15.103 15.078 15.016 14.953 15.036 14.972 14.878 14.658
-9999 -9999 -9999 -9999 -9999 -9999 -9999 -9999 -9999 -9999 -9999 -9999 -9999 -9999 -9999 -9999 -9999 14.417 14.356 14.39 14.608 14.588 -9999 -9999 12.095 12.225 14.073 13.564 13.716 13.888 14.553 14.568 14.494 14.16 14.217 -9999 15.143 15.214 15.189 15.188 14.866 14.73 15.191 15.555 15.473 15.212 15.042 14.868 14.679 13.883 12.844 12.995 13.299 13.563 13.868 13.703 13.839 14.534 15.012 14.863 14.585 14.631 14.697 14.819 14.943 15.028 15.1 15.101 15.021 14.827 14.898 15.078 15.056 14.986 14.844
-9999 -9999 -9999 -9999 -9999 -9999 -9999 -9999 -9999 -9999 -9999 -9999 -9999 -9999 -9999 -9999 -9999 14.293 14.25 14.657 14.849 14.911 14.557 12.889 10.64 13.353 14.121 13.278 13.759 13.404 13.957 14.641 14.389 13.359 14.045 14.433 14.993 15.267 15.208 15.076 14.856 14.772 15.05 15.329 15.316 15.182 14.989 14.815 14.521 13.546 12.931 12.635 13.058 13.178 14.008 14.192 13.84 14.071 14.583 14.689 14.671 14.66 14.624 14.727 14.85 14.926 15.118 15.083 15.083 15.063 14.929 15.104 15.142 15.115 15.042
-9999 -9999 -9999 -9999 -9999 -9999 -9999 -9999 -9999 -9999 -9999 -9999 -9999 -9999 -9999 -9999 -9999 -9999 14.354 14.707 14.746 14.213 12.914 10.041 10.935 13.204 13.447 13.714 13.013 12.793 13.159 13.615 13.811 13.966 13.288 14.224 14.821 15.029 15.164 15.14 14.945 14.881 14.999 15.184 15.24 15.055 14.879 14.713 14.242 13.635 13.014 12.853 13.326 13.156 13.45 14.489 14.157 14.151 14.435 14.481 14.679 14.86 14.774 14.739 14.805 14.911 15.132 15.147 15.163 15.061 15.05 15.125 15.194 15.232 15.19
-9999 -9999 -9999 -9999 -9999 -9999 -9999 -9999 -9999 -9999 -9999 -9999 -9999 -9999 -9999 -9999 -9999 -9999 -9999 -9999 14.129 13.092 11.776 11.162 11.637 13.528 14.147 13.313 12.433 12.19 12.308 13.302 14.109 13.685 13.048 13.718 14.472 14.902 15.191 15.121 14.933 14.781 14.946 15.094 15.094 15.006 14.844 14.508 13.889 13.557 13.375 12.948 13.273 13.131 13.073 13.768 14.513 14.408 14.767 14.598 14.471 14.747 14.855 14.919 14.958 15.05 15.174 15.2 15.186 15.157 15.01 15.12 15.195 15.267 15.311
-9999 -9999 -9999 -9999 -9999 -9999 -9999 -9999 -9999 -9999 -9999 -9999 -9999 -9999 -9999 -9999 -9999 -9999 -9999 14.541 13.798 13.264 12.847 11.738 12.933 13.884 13.667 13.455 12.635 12.019 12.459 12.62 13.554 13.407 12.953 13.407 14.054 14.945 15.107 15.08 14.744 14.615 14.8 14.999 15.037 14.95 14.681 14.15 13.943 14.084 13.599 13.047 13.368 13.442 13.594 13.843 14.069 14.624 14.73 14.689 14.677 14.683 14.869 14.844 15.066 15.203 15.244 15.236 15.238 15.021 15.063 15.191 15.265 15.284 15.344
-9999 -9999 -9999 -9999 -9999 -9999 -9999 -9999 -9999 -9999 -9999 -9999 -9999 -9999 -9999 -9999 -9999 -9999 14.371 12.823 13.709 13.376 12.766 13.019 11.737 12.279 12.784 12.689 12.004 12.573 12.394 13.008 13.529 12.788 12.514 13.267 14.144 14.933 15.183 15.039 14.61 14.64 14.829 14.932 14.976 14.75 14.365 14.35 14.282 13.828 13.479 13.264 13.147 13.767 14.032 14.275 14.544 14.605 14.905 14.808 14.948 14.943 14.946 15.147 14.978 15.191 15.282 15.232 15.234 15.067 15.007 15.255 15.283 15.294 15.33
-9999 -9999 -9999 -9999 -9999 -9999 -9999 -9999 -9999 -9999 -9999 -9999 -9999 -9999 -9999 -9999 -9999 14.231 12.854 13.816 14.063 13.723 13.888 13.231 12.955 12.532 12.127 11.837 11.909 12.105 12.472 13.391 12.956 13.03 13.893 14.14 14.7 14.847 15.069 14.887 14.635 14.642 14.711 14.837 14.657 14.302 14.432 14.426 14.287 13.776 13.675 14.083 13.938 13.928 14.259 14.42 14.614 14.762 14.812 14.984 15.121 15.285 15.296 15.351 15.316 15.164 15.217 15.228 15.224 15.071 15.024 15.259 15.309 15.263 15.261
-9999 -9999 -9999 -9999 -9999 -9999 -9999 -9999 -9999 -9999 -9999 -9999 -9999 -9999 -9999 13.908 14.209 13.995 14.146 14.494 14.613 14.465 14.754 14.271 13.439 12.688 11.99 11.052 12.493 12.644 13.242 13.237 12.341 12.716 13.317 14.3 14.659 14.745 14.832 14.734 14.596 14.519 14.661 14.636 14.404 14.291 14.245 14.545 14.269 13.898 13.985 14.112 14.262 14.379 14.483 14.648 14.781 15.105 15.072 15.053 15.313 15.541 15.585 15.435 15.318 15.245 15.192 15.132 15.161 14.963 14.899 15.171 15.31 15.277 15.201
-9999 -9999 -9999 -9999 -9999 -9999 -9999 -9999 -9999 -9999 -9999 -9999 -9999 -9999 13.73 13.858 14.08 14.278 -9999 -9999 -9999 -9999 14.054 12.992 12.867 12.631 11.774 12.725 12.753 12.1 12.684 12.119 10.868 11.841 12.965 13.638 14.467 14.861 14.758 14.67 14.634 14.646 14.673 14.621 14.451 14.371 14.265 14.413 14.254 14.212 14.219 14.278 14.525 14.674 14.763 14.995 15.08 15.276 15.481 15.299 15.339 15.461 15.538 15.439 15.268 15.131 14.995 14.946 14.979 14.922 14.835 15.003 15.238 15.301 15.244
-9999 -9999 -9999 -9999 -9999 -9999 -9999 -9999 -9999 -9999 -9999 -9999 -9999 -9999 13.735 13.598 14.273 -9999 -9999 -9999 -9999 -9999 13.703 13.041 12.736 13.047 12.355 12.489 11.995 11.502 11.841 11.55 11.663 13.212 13.388 14.146 14.763 14.941 14.819 14.72 14.655 14.552 14.538 14.619 14.542 14.412 14.395 14.317 14.461 14.469 14.565 14.35 14.332 14.506 14.833 15.16 15.344 15.378 15.3 15.211 15.147 15.183 15.225 15.063 15.011 14.764 14.598 14.601 14.781 14.874 14.872 15.01 15.199 15.347 15.321
-9999 -9999 -9999 -9999 -9999 -9999 -9999 -9999 -9999 -9999 -9999 -9999 -9999 -9999 -9999 -9999 14.366 -9999 -9999 -9999 -9999 -9999 13.486 12.875 13.453 13.207 12.857 12.768 11.402 11.818 12.905 12.149 13.068 13.407 13.777 14.541 14.955 14.981 14.691 14.685 14.608 14.565 14.734 14.702 14.711 14.652 14.49 14.522 14.64 14.77 14.71 14.68 14.585 14.532 14.846 14.998 14.893 15.01 15.03 14.935 15.026 14.997 14.83 14.551 14.412 14.622 14.549 14.527 14.635 14.8 14.881 15.015 15.214 15.385 15.395
-9999 -9999 -9999 -9999 -9999 -9999 -9999 -9999 -9999 -9999 -9999 -9999 -9999 -9999 -9999 -9999 -9999 -9999 -9999 -9999 -9999 -9999 13.809 13.458 14.724 14.021 13.205 11.817 12.025 12.291 12.456 13.289 13.354 13.536 14.538 14.84 15.078 14.91 14.81 14.719 14.782 14.852 14.879 14.902 14.868 14.772 14.68 14.625 14.714 14.711 14.554 14.799 14.976 14.941 14.908 15.081 14.818 14.613 14.76 14.635 14.804 15.023 14.796 14.607 14.45 14.521 14.738 14.681 14.641 14.822 14.989 15.099 15.232 15.394 15.443
-9999 -9999 -9999 -9999 -9999 -9999 -9999 -9999 -9999 -9999 -9999 -9999 -9999 -9999 -9999 -9999 -9999 -9999 -9999 -9999 -9999 -9999 -9999 14.146 13.107 12.781 12.733 12.972 12.837 12.673 13.501 13.579 14.074 14.643 14.48 14.964 14.905 14.554 14.6 14.754 14.974 15.117 15.038 14.889 14.824 14.63 14.586 14.618 14.723 14.573 14.387 14.593 14.977 15.109 15.09 15.027 14.968 14.744 14.579 14.318 14.361 14.939 15.016 14.696 14.469 14.311 14.428 14.734 14.743 14.87 15.077 15.295 15.354 15.443 15.479
-9999 -9999 -9999 -9999 -9999 -9999 -9999 -9999 -9999 -9999 -9999 -9999 -9999 -9999 -9999 -9999 -9999 -9999 -9999 -9999 -9999 -9999 13.876 13.55 13.355 12.509 13.53 13.599 12.94 13.346 13.477 13.56 14.678 14.614 14.535 14.722 13.613 14.259 14.619 14.698 14.771 15.024 14.787 14.352 14.383 14.599 14.772 14.703 14.807 14.727 14.706 14.759 14.991 15.077 15.111 15.065 14.935 14.864 14.647 14.564 14.6 14.918 15.013 14.732 14.4 14.176 14.238 14.623 14.912 15.013 15.223 15.412 15.521 15.561 15.581
-9999 -9999 -9999 -9999 -9999 -9999 -9999 -9999 -9999 -9999 -9999 -9999 -9999 -9999 -9999 -9999 -9999 -9999 -9999 -9999 -9999 -9999 14.217 13.927 12.428 14.146 14.689 13.861 13.605 13.276 12.765 13.625 14.608 14.594 14.849 14.322 14.29 14.26 14.14 14.234 14.76 14.756 14.506 14.499 14.57 14.883 14.83 14.803 14.917 14.906 15.092 15.144 15.133 15.102 15.063 15.073 15.031 14.95 14.836 14.648 14.804 14.986 14.881 14.517 14.171 14.193 14.272 14.437 14.805 15.117 15.233 15.441 15.524 15.576 15.666
-9999 -9999 -9999 -9999 -9999 -9999 -9999 -9999 -9999 -9999 -9999 -9999 -9999 -9999 -9999 -9999 -9999 -9999 -9999 -9999 -9999 -9999 14.0 13.57 14.642 14.569 14.256 13.843 13.286 12.396 12.844 13.273 14.137 14.502 14.901 14.707 14.241 13.571 13.259 13.554 14.338 14.179 14.431 14.441 14.728 14.989 14.877 14.947 15.03 15.118 15.327 15.249 15.113 15.11 15.047 14.848 14.983 15.046 14.977 14.89 14.964 15.032 14.835 14.54 14.355 14.335 14.522 14.703 14.916 15.056 15.241 15.403 15.637 15.62 15.707
-9999 -9999 -9999 -9999 -9999 -9999 -9999 -9999 -9999 -9999 -9999 -9999 -9999 -9999 -9999 -9999 -9999 -9999 -9999 -9999 -9999 -9999 -9999 14.474 13.65 13.116 12.469 12.431 12.519 12.911 13.396 14.244 14.446 14.681 14.606 14.537 14.277 13.85 13.5 13.545 13.907 14.282 14.307 14.201 14.59 14.876 14.781 15.088 15.138 15.097 15.5 15.518 15.271 15.142 15.049 14.768 14.717 15.06 15.026 14.976 15.022 14.995 14.767 14.626 14.653 14.782 14.802 14.927 14.988 15.025 15.247 15.45 15.55 15.617 15.723
-9999 -9999 -9999 -9999 -9999 -9999 -9999 -9999 -9999 -9999 -9999 -9999 -9999 -9999 -9999 -9999 -9999 -9999 -9999 -9999 -9999 -9999 -9999 13.787 12.894 12.233 11.721 11.688 12.246 13.23 14.088 14.271 13.914 13.427 13.192 13.352 13.957 14.291 13.826 13.852 14.115 14.304 13.779 14.051 14.405 14.579 14.7 15.099 15.132 15.271 15.231 15.398 15.445 15.261 15.034 14.867 14.881 15.111 15.156 14.95 14.847 14.801 14.657 14.636 14.797 14.717 14.762 14.8 14.999 14.995 15.201 15.39 15.371 15.471 15.638
-9999 -9999 -9999 -9999 -9999 -9999 -9999 -9999 -9999 -9999 -9999 -9999 -9999 -9999 -9999 -9999 -9999 -9999 -9999 -9999 -9999 -9999 14.17 13.865 12.956 12.231 11.878 12.279 12.799 13.303 12.985 12.262 12.704 12.708 12.98 13.939 14.323 14.095 14.02 14.309 14.462 13.975 13.806 13.889 14.251 14.529 14.718 15.175 15.153 15.008 15.223 15.037 15.201 15.203 15.095 15.009 15.149 15.343 15.245 15.073 15.004 14.845 14.774 14.579 14.68 14.717 14.758 14.895 14.979 15.196 15.333 15.34 15.269 15.365 15.577
-9999 -9999 -9999 -9999 -9999 -9999 -9999 -9999 -9999 -9999 -9999 -9999 -9999 -9999 -9999 -9999 -9999 -9999 -9999 -9999 -9999 -9999 14.091 13.538 13.19 12.919 12.429 11.832 12.232 12.476 12.364 12.537 12.35 12.343 12.974 13.862 13.504 13.568 14.325 14.168 14.66 14.222 13.777 13.696 14.428 14.54 15.123 15.259 15.096 15.01 14.556 14.82 14.889 14.984 15.021 15.117 15.18 15.315 15.309 15.085 15.185 15.239 14.879 14.672 14.565 14.615 14.747 15.096 15.255 15.414 15.495 15.39 15.276 15.339 15.438
-9999 -9999 -9999 -9999 -9999 -9999 -9999 -9999 -9999 -9999 -9999 -9999 -9999 -9999 -9999 -9999 -9999 -9999 -9999 -9999 -9999 -9999 13.657 13.714 13.93 13.275 12.155 11.631 12.142 12.443 12.82 12.515 12.712 12.955 13.16 13.068 13.395 14.29 14.362 14.482 14.137 14.528 14.255 14.449 14.441 14.625 15.151 15.372 15.219 14.801 14.896 14.823 14.796 14.866 14.9 15.114 15.262 15.156 15.174 15.135 15.223 15.284 14.935 14.641 14.733 14.88 14.824 15.109 15.334 15.588 15.61 15.446 15.446 15.522 15.619
-9999 -9999 -9999 -9999 -9999 -9999 -9999 -9999 -9999 -9999 -9999 -9999 -9999 -9999 -9999 -9999 -9999 -9999 -9999 -9999 -9999 13.721 13.521 13.17 13.419 13.191 12.137 12.121 11.853 12.55 13.436 13.538 13.702 13.192 12.967 13.574 13.948 13.953 14.364 14.326 14.772 14.891 14.868 14.773 14.637 15.006 15.341 15.436 15.378 15.265 15.16 15.154 15.018 14.998 14.95 15.047 15.211 15.199 15.184 15.277 15.271 15.17 14.938 14.79 14.96 15.103 15.09 15.125 15.467 15.528 15.587 15.451 15.388 15.536 15.712
-9999 -9999 -9999 -9999 -9999 -9999 -9999 -9999 -9999 -9999 -9999 -9999 -9999 -9999 -9999 -9999 -9999 -9999 -9999 -9999 13.522 13.486 13.065 13.493 13.525 12.415 11.816 11.827 12.326 13.044 13.748 13.697 13.837 13.345 12.73 13.768 13.79 14.457 14.595 14.846 14.91 14.798 14.643 14.712 14.666 15.174 15.395 15.745 15.681 15.48 15.432 15.379 15.314 15.121 15.067 15.201 15.29 15.216 15.145 15.145 15.151 15.03 14.902 14.847 15.01 15.257 15.355 15.422 15.339 15.34 15.349 15.356 15.378 15.533 15.605
-9999 -9999 -9999 -9999 -9999 -9999 -9999 -9999 -9999 -9999 -9999 -9999 -9999 -9999 -9999 -9999 -9999 -9999 13.2 13.31 13.323 14.075 14.047 13.794 13.074 12.059 11.737 11.787 11.884 12.996 13.535 14.139 13.854 13.148 13.14 13.852 14.487 14.681 14.968 14.97 14.979 14.579 14.48 14.527 14.978 15.528 15.801 15.871 15.697 15.466 15.471 15.549 15.435 15.219 15.233 15.289 15.39 15.129 15.018 14.883 14.753 14.769 14.775 14.954 15.089 15.237 15.205 15.314 15.305 15.339 15.331 15.342 15.409 15.57 15.699
-9999 -9999 -9999 -9999 -9999 -9999 -9999 -9999 -9999 -9999 -9999 -9999 -9999 -9999 -9999 -9999 -9999 13.148 13.087 12.991 13.541 14.009 13.918 13.535 12.326 12.256 11.817 11.907 12.602 13.565 14.25 14.245 14.083 13.447 12.858 13.606 14.338 14.905 14.872 14.876 14.554 14.697 14.483 14.617 15.228 15.697 16.003 15.882 15.491 15.549 15.396 15.444 15.504 15.434 15.356 15.29 15.145 15.165 14.955 14.931 14.828 14.607 14.575 14.664 14.882 15.024 15.062 15.162 15.319 15.253 15.468 15.511 15.523 15.612 15.612
-9999 -9999 -9999 -9999 -9999 -9999 -9999 -9999 -9999 -9999 -9999 -9999 -9999 -9999 14.285 14.042 13.736 13.57 13.233 13.385 13.664 14.117 14.102 12.856 12.615 12.41 12.794 12.191 13.295 13.624 13.275 13.948 14.206 12.709 13.444 14.162 15.142 15.124 14.881 14.342 15.051 14.83 14.78 14.926 15.178 15.716 15.949 15.955 15.747 15.693 15.522 15.379 15.495 15.489 15.494 15.271 15.101 14.753 14.928 15.025 14.99 14.774 14.714 14.796 14.952 15.126 15.109 15.182 15.212 15.35 15.431 15.522 15.461 15.558 15.645
-9999 -9999 -9999 -9999 -9999 -9999 -9999 -9999 -9999 -9999 -9999 -9999 13.634 13.875 14.229 14.268 14.174 13.784 13.919 13.795 14.128 13.909 12.932 13.338 13.126 13.036 13.331 13.057 13.021 12.207 12.877 13.422 13.393 13.827 14.329 14.933 14.251 14.533 14.864 15.133 15.265 15.204 15.071 15.184 15.493 15.559 15.867 16.065 15.918 15.793 15.675 15.577 15.543 15.253 15.365 15.4 15.104 14.878 14.725 15.015 15.003 14.813 14.723 14.77 14.898 15.186 15.339 15.37 15.292 15.236 15.444 15.388 15.318 15.481 15.669
-9999 -9999 -9999 -9999 -9999 -9999 -9999 -9999 13.654 13.8 13.752 13.703 13.195 14.107 14.098 14.289 14.089 13.759 13.839 13.937 13.884 13.055 13.453 13.82 13.228 13.769 13.641 13.306 12.364 12.621 13.117 13.477 13.491 14.264 14.775 13.535 13.634 14.479 14.623 15.178 15.297 15.375 15.222 15.034 15.398 15.352 15.99 16.035 15.926 15.649 15.445 15.471 14.926 15.139 15.263 15.376 15.124 14.768 14.771 14.928 14.981 14.975 14.885 14.895 14.979 15.212 15.331 15.4 15.401 15.239 15.273 15.375 15.367 15.607 15.824
-9999 -9999 -9999 -9999 -9999 -9999 -9999 13.903 13.738 13.82 13.721 12.869 12.662 12.96 13.385 13.899 13.393 13.237 13.474 13.578 13.195 13.649 13.809 13.498 14.042 14.315 13.967 13.312 12.808 13.151 13.446 13.543 13.973 14.411 13.284 12.035 13.393 14.235 14.898 14.927 15.175 15.034 15.125 15.338 15.458 15.777 15.902 15.885 15.897 15.611 15.255 14.806 14.544 14.459 15.075 15.263 14.799 14.635 14.722 14.897 15.029 14.996 14.996 15.002 15.15 15.156 15.218 15.326 15.184 15.074 15.26 15.382 15.453 15.647 15.794
-9999 -9999 -9999 -9999 -9999 -9999 13.979 13.744 13.796 13.92 13.471 12.965 13.181 13.508 13.907 13.578 13.555 13.547 14.135 13.672 13.524 13.895 13.95 14.18 14.789 14.355 13.506 13.059 13.379 13.659 13.648 14.291 14.563 14.186 12.496 12.552 13.367 14.752 14.609 14.777 14.762 15.265 15.441 15.366 15.561 15.711 15.832 15.879 16.036 15.847 15.414 14.766 14.341 14.576 14.962 15.071 14.777 14.44 14.671 14.898 14.991 15.091 15.086 15.134 15.175 15.217 15.097 15.173 15.285 15.18 15.319 15.383 15.275 15.516 15.688
