Validation/Results/raw data/ReClimate_03_2024_1_Temperature.asc
NCOLS 192
NROWS 249
XLLCENTER -225160.85627316462
YLLCENTER 29788.11610251502
CELLSIZE 5000.0
NODATA_VALUE -9999
[rows 136 to 169 of 249, columns 77 to 153 of 192]
-9999 -9999 -9999 -9999 -9999 -9999 -9999 -9999 -0.003 -9999 0.013 0.024 0.035 0.045 0.064 0.084 0.092 0.1 0.105 0.108 0.115 0.12 0.136 0.152 0.151 0.146 0.164 0.185 -9999 -9999 -9999 -9999 -9999 -9999 0.169 0.168 0.169 0.17 0.175 0.18 0.18 0.177 0.17 0.16 0.166 0.174 0.154 0.13 0.144 0.16 0.155 0.149 0.146 0.144 0.128 0.118 0.149 -9999 -9999 -9999 -9999 -9999 -9999 -9999 -9999 -9999 -9999 -9999 -9999 -9999 -9999 -9999 -9999 -9999 -9999 -9999 -9999
-9999 -9999 -9999 -9999 -9999 -9999 -9999 -9999 0.001 0.014 0.025 0.033 0.043 0.053 0.067 0.073 0.084 0.103 0.106 0.106 0.115 0.125 0.138 0.148 0.15 0.151 0.165 0.172 -9999 -9999 -9999 -9999 0.174 0.173 0.17 0.161 0.164 0.171 0.177 0.184 0.184 0.187 0.18 0.169 0.172 0.17 0.159 0.158 0.149 0.151 0.165 0.17 0.166 0.163 0.141 0.116 0.148 -9999 -9999 -9999 -9999 -9999 -9999 -9999 -9999 -9999 -9999 -9999 -9999 -9999 -9999 -9999 -9999 -9999 -9999 -9999 -9999
-0.009 -9999 -9999 -9999 -9999 -9999 -9999 -9999 0.012 0.019 0.029 -9999 -9999 0.057 0.064 0.07 0.086 -9999 0.104 0.107 0.118 0.128 0.138 0.148 0.154 0.155 -9999 -9999 -9999 -9999 -9999 0.177 0.177 0.176 0.17 0.161 0.167 0.174 0.181 0.187 0.189 0.192 0.184 0.173 0.172 0.17 0.171 0.171 0.161 0.15 0.162 0.178 0.175 0.171 0.151 0.124 0.139 -9999 -9999 -9999 -9999 -9999 -9999 -9999 -9999 -9999 -9999 -9999 -9999 -9999 -9999 -9999 -9999 -9999 -9999 -9999 -9999
-0.001 -9999 -9999 -9999 -9999 -9999 -9999 -9999 -9999 0.026 0.044 -9999 -9999 -9999 0.07 0.08 0.09 0.088 -9999 -9999 0.117 0.125 0.138 0.156 0.162 -9999 -9999 -9999 -9999 -9999 0.168 0.173 0.172 0.17 0.169 0.178 0.184 0.188 0.192 0.19 0.191 0.189 0.182 0.173 0.173 0.173 0.172 0.17 0.177 0.176 0.162 0.162 0.169 0.171 0.156 0.133 0.138 -9999 -9999 -9999 -9999 -9999 -9999 -9999 -9999 -9999 -9999 -9999 -9999 -9999 -9999 -9999 -9999 -9999 -9999 -9999 -9999
-9999 -9999 -9999 -9999 -9999 -9999 -9999 -9999 -9999 -9999 0.051 -9999 -9999 -9999 -9999 0.086 0.086 0.084 -9999 -9999 -9999 0.129 0.146 -9999 -9999 -9999 -9999 -9999 -9999 -9999 0.17 0.173 0.172 0.169 0.178 0.187 0.191 0.195 0.194 0.192 0.191 0.189 0.182 0.174 0.175 0.175 0.173 0.171 0.178 0.187 0.174 0.157 0.164 0.173 0.158 0.138 0.143 -9999 -9999 -9999 -9999 -9999 -9999 -9999 -9999 -9999 -9999 -9999 -9999 -9999 -9999 -9999 -9999 -9999 -9999 -9999 -9999
-9999 -9999 -9999 -9999 -9999 -9999 -9999 -9999 -9999 -9999 0.046 -9999 -9999 -9999 -9999 -9999 0.082 0.103 -9999 -9999 -9999 -9999 -9999 -9999 -9999 -9999 -9999 -9999 -9999 -9999 0.174 0.18 0.177 0.171 0.173 0.163 0.167 0.178 0.177 0.178 0.18 0.188 0.184 0.182 0.18 0.17 0.166 0.159 0.155 0.157 0.166 0.163 0.154 0.152 0.156 0.148 0.134 0.142 -9999 -9999 -9999 -9999 -9999 -9999 -9999 -9999 -9999 -9999 -9999 -9999 -9999 -9999 -9999 -9999 -9999 -9999 -9999
0.024 0.019 0.014 -9999 -9999 -9999 -9999 -9999 -9999 -9999 0.048 -9999 -9999 -9999 -9999 -9999 -9999 -9999 -9999 -9999 -9999 -9999 -9999 -9999 -9999 -9999 -9999 -9999 -9999 0.175 0.18 0.184 0.18 0.173 0.165 0.155 0.163 0.173 0.174 0.174 0.181 0.189 0.188 0.186 0.178 0.169 0.163 0.156 0.153 0.148 0.156 0.166 0.158 0.147 0.15 0.154 0.141 0.125 0.129 -9999 -9999 -9999 -9999 -9999 -9999 -9999 -9999 -9999 -9999 -9999 -9999 -9999 -9999 -9999 -9999 -9999 -9999
0.03 0.025 0.021 -9999 -9999 -9999 -9999 -9999 -9999 -9999 -9999 -9999 -9999 -9999 -9999 -9999 -9999 -9999 -9999 -9999 -9999 -9999 -9999 -9999 -9999 -9999 -9999 -9999 0.188 0.189 0.189 0.181 0.178 0.179 0.177 0.185 0.186 0.172 0.173 0.175 0.178 0.176 0.174 0.174 0.17 0.172 0.164 0.15 0.15 0.159 0.159 0.165 0.157 0.148 0.145 0.144 0.136 0.122 0.122 -9999 -9999 -9999 -9999 -9999 -9999 -9999 -9999 -9999 -9999 -9999 -9999 -9999 -9999 -9999 -9999 -9999 -9999
0.035 -9999 0.028 0.026 -9999 -9999 -9999 -9999 -9999 -9999 -9999 -9999 -9999 -9999 -9999 -9999 -9999 -9999 -9999 -9999 -9999 -9999 -9999 -9999 -9999 -9999 -9999 -9999 0.189 0.195 0.189 0.18 0.181 0.182 0.189 0.196 0.185 0.171 0.173 0.175 0.173 0.171 0.17 0.169 0.171 0.173 0.162 0.148 0.155 0.163 0.164 0.165 0.158 0.149 0.146 0.143 0.134 0.124 0.124 0.124 0.115 -9999 -9999 -9999 -9999 -9999 -9999 -9999 -9999 -9999 -9999 -9999 -9999 -9999 -9999 -9999 -9999
0.042 -9999 -9999 0.034 -9999 -9999 -9999 -9999 -9999 -9999 -9999 -9999 -9999 -9999 -9999 -9999 -9999 -9999 -9999 -9999 -9999 -9999 -9999 -9999 -9999 -9999 -9999 -9999 0.185 0.191 0.186 0.179 0.179 0.178 0.179 0.175 0.17 0.177 0.178 0.176 0.175 0.176 0.175 0.17 0.167 0.158 0.153 0.161 0.153 0.152 0.152 0.152 0.152 0.147 0.157 0.162 0.151 0.141 0.129 0.123 0.105 0.103 0.107 0.11 -9999 -9999 -9999 -9999 -9999 -9999 -9999 -9999 -9999 -9999 -9999 -9999 -9999
0.048 0.044 -9999 0.044 -9999 -9999 -9999 -9999 -9999 -9999 -9999 -9999 -9999 -9999 -9999 -9999 -9999 -9999 -9999 -9999 -9999 -9999 -9999 -9999 -9999 -9999 -9999 0.179 0.187 0.19 0.185 0.179 0.177 0.175 0.171 0.166 0.172 0.18 0.178 0.176 0.177 0.179 0.175 0.17 0.162 0.152 0.159 0.167 0.159 0.15 0.149 0.148 0.148 0.148 0.157 0.169 0.16 0.148 0.137 0.124 0.108 0.088 0.105 0.109 0.103 0.11 -9999 -9999 -9999 -9999 -9999 -9999 -9999 -9999 -9999 -9999 -9999
0.052 -9999 0.051 -9999 -9999 -9999 -9999 -9999 -9999 -9999 -9999 -9999 -9999 -9999 -9999 -9999 -9999 -9999 -9999 -9999 -9999 -9999 -9999 -9999 -9999 -9999 -9999 -9999 0.186 0.191 0.187 0.184 0.182 0.177 0.178 0.186 0.187 0.177 0.175 0.17 0.171 0.174 0.174 0.179 0.173 0.165 0.171 0.174 0.186 0.188 0.163 0.148 0.152 0.155 0.148 0.15 0.149 0.141 0.13 0.117 0.11 0.096 0.084 0.082 0.093 0.102 0.116 -9999 -9999 -9999 -9999 -9999 -9999 -9999 -9999 -9999 -9999
0.057 0.056 0.06 -9999 -9999 -9999 -9999 -9999 -9999 -9999 -9999 -9999 -9999 -9999 -9999 -9999 -9999 -9999 -9999 -9999 -9999 -9999 -9999 -9999 -9999 -9999 -9999 -9999 -9999 0.188 0.188 0.186 0.182 0.178 0.185 0.193 0.186 0.176 0.173 0.168 0.17 0.173 0.177 0.183 0.178 0.171 0.174 0.177 0.188 0.202 0.179 0.149 0.153 0.158 0.152 0.145 0.143 0.14 0.13 0.117 0.11 0.102 0.091 0.078 0.086 0.098 0.11 0.114 -9999 -9999 -9999 -9999 -9999 -9999 -9999 -9999 -9999
0.063 0.058 -9999 -9999 -9999 -9999 -9999 -9999 -9999 -9999 -9999 -9999 -9999 -9999 -9999 -9999 -9999 -9999 -9999 -9999 -9999 -9999 -9999 -9999 -9999 -9999 -9999 -9999 -9999 0.185 0.19 0.184 0.182 0.178 0.182 0.181 0.178 0.182 0.178 0.17 0.169 0.164 0.168 0.171 0.166 0.163 0.17 0.187 0.192 0.185 0.181 0.163 0.158 0.158 0.159 0.156 0.143 0.133 0.135 0.13 0.113 0.099 0.12 0.128 0.119 0.121 0.108 0.115 0.112 -9999 -9999 -9999 -9999 -9999 -9999 -9999 -9999
0.066 0.062 -9999 -9999 -9999 -9999 -9999 -9999 -9999 -9999 -9999 -9999 -9999 -9999 -9999 -9999 -9999 -9999 -9999 -9999 -9999 -9999 -9999 -9999 -9999 -9999 -9999 -9999 -9999 -9999 0.185 0.181 0.179 0.177 0.176 0.176 0.18 0.184 0.178 0.17 0.167 0.162 0.164 0.166 0.164 0.16 0.174 0.191 0.186 0.179 0.174 0.169 0.164 0.159 0.16 0.161 0.148 0.133 0.134 0.136 0.12 0.101 0.12 0.147 0.14 0.132 0.121 0.107 0.112 -9999 -9999 -9999 -9999 -9999 -9999 -9999 -9999
-9999 -9999 -9999 -9999 -9999 -9999 -9999 -9999 -9999 -9999 -9999 -9999 -9999 -9999 -9999 -9999 -9999 -9999 -9999 -9999 -9999 -9999 -9999 -9999 -9999 -9999 -9999 -9999 -9999 -9999 0.175 0.173 0.172 0.167 0.169 0.174 0.177 0.178 0.176 0.179 0.173 0.159 0.161 0.165 0.16 0.151 0.161 0.17 0.167 0.162 0.167 0.168 0.157 0.147 0.149 0.149 0.146 0.136 0.129 0.126 0.128 0.121 0.111 0.119 0.117 0.111 0.117 0.114 0.109 0.112 -9999 -9999 -9999 -9999 -9999 -9999 -9999
-9999 -9999 -9999 -9999 -9999 -9999 -9999 -9999 -9999 -9999 -9999 -9999 -9999 -9999 -9999 -9999 -9999 -9999 -9999 -9999 -9999 -9999 -9999 -9999 -9999 -9999 -9999 -9999 -9999 -9999 -9999 0.168 0.165 0.162 0.167 0.173 0.174 0.176 0.179 0.182 0.172 0.158 0.161 0.165 0.157 0.148 0.154 0.162 0.159 0.156 0.162 0.168 0.158 0.144 0.145 0.146 0.143 0.139 0.133 0.125 0.126 0.13 0.121 0.111 0.109 0.107 0.112 0.12 0.115 0.109 -9999 -9999 -9999 -9999 -9999 -9999 -9999
-9999 -9999 -9999 -9999 -9999 -9999 -9999 -9999 -9999 -9999 -9999 -9999 -9999 -9999 -9999 -9999 -9999 -9999 -9999 -9999 -9999 -9999 -9999 -9999 -9999 -9999 -9999 -9999 -9999 -9999 -9999 0.16 -9999 0.148 0.154 0.165 0.167 -9999 0.172 0.17 0.163 0.164 0.168 0.175 0.168 0.156 0.16 0.159 0.159 0.158 0.167 0.177 0.169 0.158 0.155 0.154 0.152 0.15 0.138 0.128 0.124 0.124 0.121 0.115 0.11 0.106 0.107 0.112 0.102 0.093 0.1 -9999 -9999 -9999 -9999 -9999 -9999
-9999 -9999 -9999 -9999 -9999 -9999 -9999 -9999 -9999 -9999 -9999 -9999 -9999 -9999 -9999 -9999 -9999 -9999 -9999 -9999 -9999 -9999 -9999 -9999 -9999 -9999 -9999 -9999 -9999 -9999 -9999 -9999 0.142 0.141 -9999 -9999 -9999 -9999 0.167 0.165 0.166 0.166 0.172 0.18 0.171 0.16 0.159 0.158 0.159 0.159 0.168 0.18 0.173 0.163 0.161 0.157 0.156 0.155 0.144 0.13 0.127 0.124 0.121 0.119 0.114 0.108 0.109 0.111 0.102 0.092 0.097 0.106 0.109 -9999 -9999 -9999 -9999
-9999 -9999 -9999 -9999 -9999 -9999 -9999 -9999 -9999 -9999 -9999 -9999 -9999 -9999 -9999 -9999 -9999 -9999 -9999 -9999 -9999 -9999 -9999 -9999 -9999 -9999 -9999 -9999 -9999 -9999 -9999 -9999 0.148 0.143 -9999 -9999 -9999 -9999 0.165 0.159 0.161 0.165 0.171 0.179 0.169 0.154 0.154 0.157 0.164 0.168 0.172 0.18 0.167 0.154 0.158 0.158 0.158 0.157 0.153 0.144 0.141 0.139 0.132 0.128 0.119 0.112 0.114 0.116 0.116 0.112 0.105 0.109 0.108 -9999 -9999 -9999 -9999
-9999 -9999 -9999 -9999 -9999 -9999 -9999 -9999 -9999 -9999 -9999 -9999 -9999 -9999 -9999 -9999 -9999 -9999 -9999 -9999 -9999 -9999 -9999 -9999 -9999 -9999 -9999 -9999 -9999 -9999 -9999 -9999 0.145 -9999 -9999 -9999 -9999 0.163 0.161 0.158 0.161 0.165 0.171 0.179 0.167 0.152 0.154 0.156 0.163 0.172 0.175 0.18 0.167 0.152 0.155 0.16 0.159 0.159 0.154 0.149 0.147 0.145 0.14 0.133 0.125 0.116 0.117 0.12 0.12 0.121 0.117 0.114 -9999 -9999 -9999 -9999 -9999
-9999 -9999 -9999 -9999 -9999 -9999 -9999 -9999 -9999 -9999 -9999 -9999 -9999 -9999 -9999 -9999 -9999 -9999 -9999 -9999 -9999 -9999 -9999 -9999 -9999 -9999 -9999 -9999 -9999 -9999 -9999 -9999 -9999 -9999 -9999 -9999 -9999 0.161 0.156 0.146 0.15 0.155 0.159 0.163 0.158 0.168 0.166 0.156 0.162 0.165 0.165 0.166 0.168 0.162 0.164 0.168 0.167 0.167 0.156 0.146 0.153 0.156 0.147 0.138 0.133 0.125 0.125 0.126 0.119 0.116 0.121 0.122 -9999 -9999 -9999 -9999 -9999
-9999 -9999 -9999 -9999 -9999 -9999 -9999 -9999 -9999 -9999 -9999 -9999 -9999 -9999 -9999 -9999 -9999 -9999 -9999 -9999 -9999 -9999 -9999 -9999 -9999 -9999 -9999 -9999 -9999 -9999 -9999 -9999 -9999 -9999 -9999 -9999 -9999 0.159 0.151 0.141 0.146 0.15 0.153 0.156 0.164 0.174 0.166 0.157 0.16 0.163 0.162 0.162 0.163 0.166 0.168 0.172 0.171 0.171 0.16 0.147 0.152 0.16 0.152 0.142 0.136 0.131 0.13 0.131 0.124 0.116 0.121 0.129 -9999 -9999 -9999 -9999 -9999
-9999 -9999 -9999 -9999 -9999 -9999 -9999 -9999 -9999 -9999 -9999 -9999 -9999 -9999 -9999 -9999 -9999 -9999 -9999 -9999 -9999 -9999 -9999 -9999 -9999 -9999 -9999 -9999 -9999 -9999 -9999 -9999 -9999 -9999 -9999 -9999 0.153 0.158 0.152 0.151 0.155 0.155 0.157 0.158 0.169 0.187 0.176 0.156 0.154 0.154 0.152 0.15 0.152 0.154 0.159 0.163 0.16 0.158 0.163 0.158 0.158 0.162 0.153 0.144 0.134 0.126 0.128 0.13 0.131 0.129 0.13 0.133 0.128 -9999 -9999 -9999 -9999
-9999 -9999 -9999 -9999 -9999 -9999 -9999 -9999 -9999 -9999 -9999 -9999 -9999 -9999 -9999 -9999 -9999 -9999 -9999 -9999 -9999 -9999 -9999 -9999 -9999 -9999 -9999 -9999 -9999 -9999 -9999 -9999 -9999 -9999 -9999 -9999 0.15 0.156 0.155 0.154 0.156 0.157 0.158 0.159 0.173 0.191 0.175 0.156 0.154 0.151 0.149 0.147 0.148 0.151 0.155 0.16 0.158 0.155 0.158 0.163 0.163 0.163 0.155 0.146 0.137 0.126 0.128 0.131 0.133 0.136 0.137 0.14 0.134 -9999 -9999 -9999 -9999
-9999 -9999 -9999 -9999 -9999 -9999 -9999 -9999 -9999 -9999 -9999 -9999 -9999 -9999 -9999 -9999 -9999 -9999 -9999 -9999 -9999 -9999 -9999 -9999 -9999 -9999 -9999 -9999 -9999 -9999 -9999 -9999 -9999 -9999 -9999 0.142 0.144 0.143 0.143 0.148 0.148 0.145 0.146 0.147 0.162 0.184 0.167 0.144 0.152 0.155 0.149 0.144 0.15 0.155 0.146 0.143 0.146 0.145 0.144 0.145 0.147 0.147 0.144 0.137 0.135 0.129 0.127 0.128 0.129 0.132 0.127 0.126 0.119 0.123 -9999 -9999 -9999
-9999 -9999 -9999 -9999 -9999 -9999 -9999 -9999 -9999 -9999 -9999 -9999 -9999 -9999 -9999 -9999 -9999 -9999 -9999 -9999 -9999 -9999 -9999 -9999 -9999 -9999 -9999 -9999 -9999 -9999 -9999 -9999 -9999 -9999 -9999 0.14 0.139 0.137 0.141 0.146 0.143 0.14 0.142 0.143 0.16 0.18 0.162 0.139 0.147 0.157 0.151 0.144 0.149 0.157 0.149 0.138 0.14 0.143 0.141 0.14 0.141 0.142 0.139 0.136 0.134 0.132 0.13 0.129 0.13 0.132 0.128 0.124 0.116 0.107 -9999 -9999 -9999
-9999 -9999 -9999 -9999 -9999 -9999 -9999 -9999 -9999 -9999 -9999 -9999 -9999 -9999 -9999 -9999 -9999 -9999 -9999 -9999 -9999 -9999 -9999 -9999 -9999 -9999 -9999 -9999 -9999 -9999 -9999 -9999 -9999 -9999 -9999 0.127 0.127 0.127 0.135 0.153 0.149 0.141 0.144 0.147 0.16 0.169 0.158 0.157 0.147 0.145 0.145 0.141 0.141 0.144 0.14 0.132 0.127 0.125 0.134 0.139 0.135 0.134 0.132 0.129 0.126 0.123 0.124 0.123 0.123 0.124 0.117 0.112 0.115 0.111 0.108 -9999 -9999
-9999 -9999 -9999 -9999 -9999 -9999 -9999 -9999 -9999 -9999 -9999 -9999 -9999 -9999 -9999 -9999 -9999 -9999 -9999 -9999 -9999 -9999 -9999 -9999 -9999 -9999 -9999 -9999 -9999 -9999 -9999 -9999 -9999 -9999 -9999 -9999 0.125 0.123 0.138 0.155 0.149 0.142 0.146 0.149 0.156 0.164 0.164 0.164 0.154 0.142 0.142 0.141 0.141 0.141 0.136 0.131 0.126 0.12 0.128 0.14 0.136 0.133 0.131 0.129 0.126 0.122 0.123 0.124 0.123 -9999 0.116 -9999 0.114 0.115 0.113 0.116 -9999
-9999 -9999 -9999 -9999 -9999 -9999 -9999 -9999 -9999 -9999 -9999 -9999 -9999 -9999 -9999 -9999 -9999 -9999 -9999 -9999 -9999 -9999 -9999 -9999 -9999 -9999 -9999 -9999 -9999 -9999 -9999 -9999 -9999 -9999 -9999 0.131 0.13 0.135 0.143 0.139 0.135 0.135 0.138 0.14 0.145 0.148 0.144 0.132 0.128 0.14 0.132 0.127 0.128 0.128 0.123 0.116 0.119 0.118 0.119 0.125 0.125 0.123 0.12 0.118 0.122 0.122 0.125 0.128 0.122 0.119 0.123 0.121 -9999 0.11 0.104 0.119 0.131
-9999 -9999 -9999 -9999 -9999 -9999 -9999 -9999 -9999 -9999 -9999 -9999 -9999 -9999 -9999 -9999 -9999 -9999 -9999 -9999 -9999 -9999 -9999 -9999 -9999 -9999 -9999 -9999 -9999 -9999 -9999 -9999 -9999 -9999 -9999 0.137 0.139 0.14 0.137 0.133 0.133 0.133 0.135 0.137 0.14 0.143 0.132 0.12 0.128 0.14 0.132 0.123 0.124 0.126 0.12 0.113 0.115 0.119 0.12 0.122 0.121 0.122 0.119 0.116 0.119 0.125 0.127 0.131 0.126 0.12 0.123 0.128 0.116 -9999 -9999 -9999 -9999
-9999 -9999 -9999 -9999 -9999 -9999 -9999 -9999 -9999 -9999 -9999 -9999 -9999 -9999 -9999 -9999 -9999 -9999 -9999 -9999 -9999 -9999 -9999 -9999 -9999 -9999 -9999 -9999 -9999 -9999 -9999 -9999 -9999 -9999 0.138 0.136 0.132 0.118 0.12 0.135 0.133 0.127 0.13 0.135 0.136 0.135 0.13 0.134 0.125 0.126 0.132 0.131 0.119 0.112 0.109 0.104 0.112 0.118 0.119 0.121 0.119 0.119 0.117 0.114 0.117 0.123 0.119 0.119 0.114 0.108 0.106 0.107 0.119 0.116 0.107 -9999 -9999
-9999 -9999 -9999 -9999 -9999 -9999 -9999 -9999 -9999 -9999 -9999 -9999 -9999 -9999 -9999 -9999 -9999 -9999 -9999 -9999 -9999 -9999 -9999 -9999 -9999 -9999 -9999 -9999 -9999 -9999 -9999 -9999 -9999 -9999 0.136 0.136 0.125 0.111 0.123 0.136 0.131 0.126 0.13 0.135 0.134 0.133 0.136 0.14 0.132 0.122 0.128 0.136 0.124 0.11 0.107 0.104 0.11 0.12 0.121 0.123 0.121 0.12 0.118 0.116 0.119 0.124 0.121 0.118 0.114 0.109 0.107 0.106 0.117 0.132 0.116 0.102 -9999
-9999 -9999 -9999 -9999 -9999 -9999 -9999 -9999 -9999 -9999 -9999 -9999 -9999 -9999 -9999 -9999 -9999 -9999 -9999 -9999 -9999 -9999 -9999 -9999 -9999 -9999 -9999 -9999 -9999 -9999 -9999 -9999 -9999 -9999 -9999 0.141 0.128 0.108 0.115 0.118 0.116 0.122 0.126 0.13 0.135 0.15 0.149 0.139 0.135 0.136 0.126 0.124 0.126 0.119 0.113 0.109 0.109 0.115 0.119 0.123 0.115 0.11 0.112 0.112 0.121 0.13 0.124 0.12 0.114 0.108 0.116 0.121 0.116 0.121 0.122 0.113 0.113
