Validation/Results/raw data/ReClimate_06_2024_1weatherlogisticsltd.asc
NCOLS 192
NROWS 249
XLLCENTER -225160.85627316462
YLLCENTER 29788.11610251502
CELLSIZE 5000.0
NODATA_VALUE -9999
[rows 132 to 164 of 249, columns 74 to 147 of 192]
-9999 -9999 -9999 -9999 -9999 -9999 -9999 -9999 -9999 -9999 -9999 -9999 -9999 123.624 120.868 117.842 115.138 112.856 111.198 109.651 108.202 106.836 105.543 104.311 103.131 101.993 100.89 99.964 99.459 99.843 100.771 101.68 102.492 103.228 103.911 104.565 105.21 105.856 106.501 107.14 107.764 108.372 108.963 109.653 110.525 111.345 112.078 112.562 112.945 113.287 113.59 113.852 114.165 114.552 114.95 115.374 115.849 116.398 -9999 -9999 -9999 -9999 -9999 -9999 -9999 -9999 -9999 -9999 -9999 -9999 -9999 -9999 -9999 -9999
155.624 -9999 -9999 -9999 -9999 -9999 -9999 -9999 -9999 -9999 -9999 -9999 -9999 125.384 122.197 119.135 116.192 113.716 111.75 110.175 108.701 107.313 106.001 104.753 103.559 102.412 101.302 100.263 99.732 100.092 100.791 101.432 102.081 102.841 103.572 104.264 104.931 105.584 106.225 106.851 107.461 108.052 108.67 109.498 110.357 111.152 111.777 112.222 112.617 112.984 113.387 113.907 114.332 114.786 115.258 115.717 116.167 116.612 -9999 -9999 -9999 -9999 -9999 -9999 -9999 -9999 -9999 -9999 -9999 -9999 -9999 -9999 -9999 -9999
156.633 -9999 -9999 -9999 -9999 -9999 -9999 -9999 -9999 -9999 -9999 -9999 129.984 126.723 123.514 120.41 117.393 114.615 112.294 110.687 109.184 107.773 106.439 105.173 103.965 102.806 101.688 100.693 100.281 100.65 101.239 101.794 102.4 102.989 103.56 104.121 104.689 105.297 105.942 106.565 107.166 107.749 108.462 109.396 110.267 111.027 111.624 112.178 112.694 113.202 113.723 114.222 114.694 115.156 115.604 116.04 116.468 116.89 117.243 -9999 -9999 -9999 -9999 -9999 -9999 -9999 -9999 -9999 -9999 -9999 -9999 -9999 -9999 -9999
157.755 -9999 -9999 -9999 -9999 -9999 -9999 -9999 -9999 -9999 -9999 134.296 -9999 128.102 124.839 121.681 118.611 115.616 113.136 111.189 109.656 108.217 106.86 105.574 104.349 103.177 102.049 101.088 100.81 101.301 101.896 102.461 103.003 103.532 104.054 104.578 105.119 105.689 106.258 106.826 107.403 108.055 108.958 109.915 110.771 111.428 112.03 112.598 113.136 113.649 114.14 114.605 115.06 115.499 115.926 116.341 116.749 117.151 117.512 -9999 -9999 -9999 -9999 -9999 -9999 -9999 -9999 -9999 -9999 -9999 -9999 -9999 -9999 -9999
158.954 157.66 -9999 -9999 -9999 -9999 -9999 -9999 -9999 -9999 -9999 136.093 -9999 129.521 126.189 122.964 119.83 116.771 113.97 111.688 110.118 108.648 107.264 105.955 104.711 103.522 102.381 101.448 101.318 101.958 102.561 -9999 -9999 -9999 -9999 -9999 -9999 106.37 106.924 107.514 108.142 108.884 109.837 110.722 111.396 111.99 112.548 113.077 113.581 114.063 114.526 114.973 115.4 115.82 116.227 116.624 117.013 117.397 117.761 117.947 -9999 -9999 -9999 -9999 -9999 -9999 -9999 -9999 -9999 -9999 -9999 -9999 -9999 -9999
160.235 158.947 157.664 -9999 -9999 -9999 -9999 -9999 -9999 -9999 -9999 137.708 134.55 131.002 127.584 124.278 121.065 117.928 114.883 112.404 110.575 109.068 107.653 106.317 105.049 103.84 102.689 101.847 101.975 102.622 103.232 -9999 -9999 -9999 -9999 106.008 106.552 107.115 107.742 108.372 109.004 109.81 110.694 111.375 111.961 112.51 113.027 113.52 113.993 114.447 114.886 115.305 115.718 116.119 116.51 116.891 117.264 117.631 117.984 118.322 -9999 -9999 -9999 -9999 -9999 -9999 -9999 -9999 -9999 -9999 -9999 -9999 -9999 -9999
160.984 160.326 159.052 157.778 -9999 -9999 -9999 -9999 -9999 -9999 -9999 139.382 136.232 132.572 -9999 -9999 122.333 119.104 115.938 113.175 -9999 109.469 108.028 106.659 105.363 104.13 102.974 102.31 102.644 -9999 -9999 -9999 -9999 -9999 106.178 106.733 107.321 107.972 108.606 109.222 109.881 110.684 111.364 111.946 112.485 112.991 113.472 113.932 114.376 114.805 115.221 115.626 116.016 116.401 116.777 117.144 117.502 117.854 118.206 118.557 -9999 -9999 -9999 -9999 -9999 -9999 -9999 -9999 -9999 -9999 -9999 -9999 -9999 -9999
161.424 161.058 160.478 159.1 -9999 -9999 -9999 -9999 -9999 -9999 -9999 -9999 138.072 134.278 -9999 -9999 -9999 120.315 117.04 113.954 111.473 -9999 -9999 106.994 105.65 104.387 103.221 102.786 -9999 -9999 -9999 -9999 -9999 106.337 106.903 107.523 108.186 108.829 109.453 110.058 110.707 111.353 111.942 112.476 112.971 113.438 113.885 114.316 114.733 115.139 115.535 115.916 116.295 116.665 117.028 117.383 117.729 118.067 118.405 118.75 -9999 -9999 -9999 -9999 -9999 -9999 -9999 -9999 -9999 -9999 -9999 -9999 -9999 -9999
161.496 161.477 161.044 -9999 -9999 -9999 -9999 -9999 -9999 -9999 -9999 -9999 -9999 136.076 -9999 -9999 -9999 -9999 118.176 114.829 112.168 -9999 -9999 -9999 106.161 104.604 -9999 -9999 -9999 -9999 -9999 -9999 -9999 107.074 107.708 108.384 109.035 109.668 110.273 110.806 111.319 111.938 112.48 112.967 113.42 113.852 114.268 114.673 115.067 115.452 115.829 116.198 116.557 116.913 117.263 117.608 117.945 118.271 118.596 118.931 -9999 -9999 -9999 -9999 -9999 -9999 -9999 -9999 -9999 -9999 -9999 -9999 -9999 -9999
161.544 161.525 -9999 -9999 -9999 -9999 -9999 -9999 -9999 -9999 -9999 -9999 -9999 138.266 -9999 -9999 -9999 -9999 -9999 115.851 112.875 -9999 -9999 -9999 -9999 -9999 -9999 -9999 -9999 -9999 -9999 -9999 -9999 107.884 108.57 109.23 109.868 110.461 110.939 111.354 111.899 112.484 112.98 113.42 113.835 114.235 114.625 115.007 115.381 115.747 116.107 116.457 116.805 117.147 117.485 117.817 118.143 118.463 118.781 119.11 119.449 -9999 -9999 -9999 -9999 -9999 -9999 -9999 -9999 -9999 -9999 -9999 -9999 -9999
161.591 -9999 161.552 161.533 161.247 161.228 -9999 -9999 -9999 -9999 -9999 -9999 -9999 139.856 -9999 -9999 -9999 -9999 -9999 -9999 -9999 -9999 -9999 -9999 -9999 -9999 -9999 -9999 -9999 -9999 -9999 -9999 108.051 108.758 109.426 110.051 110.593 111.024 111.426 111.861 112.424 112.988 113.435 113.832 114.222 114.602 114.972 115.334 115.689 116.037 116.379 116.715 117.051 117.383 117.708 118.029 118.344 118.656 118.969 119.291 119.624 119.97 -9999 -9999 -9999 -9999 -9999 -9999 -9999 -9999 -9999 -9999 -9999 -9999
161.638 161.617 161.598 161.578 161.559 161.54 -9999 -9999 -9999 -9999 -9999 -9999 -9999 -9999 -9999 -9999 -9999 -9999 -9999 -9999 -9999 -9999 -9999 -9999 -9999 -9999 -9999 -9999 -9999 -9999 -9999 108.349 108.961 109.626 110.196 110.662 111.078 111.477 111.864 112.315 112.894 113.43 113.861 114.246 114.616 114.975 115.325 115.669 116.011 116.349 116.68 117.005 117.318 117.631 117.94 118.244 118.547 118.851 119.158 119.473 119.799 120.136 -9999 -9999 -9999 -9999 -9999 -9999 -9999 -9999 -9999 -9999 -9999 -9999
161.684 161.663 161.643 161.623 -9999 161.585 161.567 -9999 -9999 -9999 -9999 -9999 -9999 -9999 -9999 -9999 -9999 -9999 -9999 -9999 -9999 -9999 -9999 -9999 -9999 -9999 -9999 -9999 -9999 -9999 -9999 109.08 109.753 110.261 110.705 111.121 111.526 111.938 112.329 112.78 113.327 113.827 114.25 114.629 114.986 115.332 115.678 116.017 116.348 116.669 116.982 117.288 117.584 117.879 118.172 118.462 118.753 119.046 119.346 119.655 119.973 120.251 120.431 120.475 -9999 -9999 -9999 -9999 -9999 -9999 -9999 -9999 -9999 -9999
161.729 161.708 161.688 161.668 -9999 -9999 161.612 -9999 -9999 -9999 -9999 -9999 -9999 -9999 -9999 -9999 -9999 -9999 -9999 -9999 -9999 -9999 -9999 -9999 -9999 -9999 -9999 -9999 -9999 -9999 -9999 109.732 110.284 110.742 111.183 111.625 112.047 112.436 112.798 113.217 113.726 114.199 114.611 114.986 115.348 115.699 116.035 116.357 116.669 116.971 117.267 117.552 117.836 118.118 118.397 118.676 118.956 119.24 119.532 119.832 120.139 120.333 120.437 120.497 120.556 120.614 120.481 -9999 -9999 -9999 -9999 -9999 -9999 -9999
161.773 161.753 161.732 161.713 161.694 -9999 161.322 -9999 -9999 -9999 -9999 -9999 -9999 -9999 -9999 -9999 -9999 -9999 -9999 -9999 -9999 -9999 -9999 -9999 -9999 -9999 -9999 -9999 -9999 -9999 110.051 110.269 110.789 111.286 111.754 112.175 112.56 112.915 113.243 113.633 114.111 114.562 114.972 115.361 115.719 116.055 116.373 116.678 116.972 117.258 117.538 117.812 118.079 118.348 118.616 118.884 119.155 119.431 119.715 120.008 120.221 120.362 120.422 120.483 120.544 120.605 120.667 120.727 120.771 -9999 -9999 -9999 -9999 -9999
161.817 161.797 161.777 161.692 -9999 160.993 -9999 -9999 -9999 -9999 -9999 -9999 -9999 -9999 -9999 -9999 -9999 -9999 -9999 -9999 -9999 -9999 -9999 -9999 -9999 -9999 -9999 -9999 -9999 -9999 -9999 111.091 111.414 111.894 112.32 112.704 113.054 113.377 113.676 114.039 114.494 114.948 115.361 115.733 116.074 116.393 116.694 116.983 117.262 117.534 117.799 118.057 118.315 118.572 118.83 119.089 119.351 119.62 119.896 120.12 120.268 120.338 120.393 120.451 120.511 120.571 120.631 120.694 120.75 120.85 -9999 -9999 -9999 -9999
161.861 161.797 161.565 161.112 160.631 160.146 -9999 -9999 -9999 -9999 -9999 -9999 -9999 -9999 -9999 -9999 -9999 -9999 -9999 -9999 -9999 -9999 -9999 -9999 -9999 -9999 -9999 -9999 -9999 -9999 -9999 -9999 112.346 112.582 112.87 113.218 113.537 113.832 114.104 114.45 114.913 115.352 115.741 116.092 116.415 116.717 117.004 117.278 117.542 117.8 118.053 118.302 118.546 118.792 119.04 119.291 119.545 119.807 120.032 120.175 120.251 120.301 120.352 120.406 120.463 120.524 120.584 120.643 120.701 120.749 120.885 -9999 -9999 -9999
161.809 161.368 160.853 160.338 159.82 -9999 -9999 -9999 -9999 -9999 -9999 -9999 -9999 -9999 -9999 -9999 -9999 -9999 -9999 -9999 -9999 -9999 -9999 -9999 -9999 -9999 -9999 -9999 -9999 -9999 -9999 -9999 113.248 113.446 113.584 113.749 114.016 114.285 114.551 114.912 115.336 115.746 116.111 116.442 116.747 117.033 117.304 117.564 117.815 118.06 118.301 118.539 118.772 119.01 119.249 119.491 119.738 119.954 120.09 120.169 120.212 120.258 120.306 120.358 120.412 120.469 120.529 120.587 120.64 120.689 120.731 120.855 -9999 -9999
161.202 160.654 160.106 159.555 158.904 -9999 -9999 -9999 -9999 -9999 -9999 -9999 -9999 -9999 -9999 -9999 -9999 -9999 -9999 -9999 -9999 -9999 -9999 -9999 -9999 -9999 -9999 -9999 -9999 -9999 -9999 -9999 -9999 114.348 114.395 114.461 114.561 114.761 115.048 115.369 115.75 116.132 116.473 116.785 117.072 117.342 117.599 117.845 118.083 118.316 118.545 118.77 118.997 119.225 119.456 119.688 119.888 120.014 120.089 120.128 120.169 120.213 120.259 120.308 120.36 120.413 120.468 120.525 120.579 120.626 120.667 120.7 -9999 -9999
160.506 -9999 -9999 -9999 -9999 -9999 -9999 -9999 -9999 -9999 -9999 -9999 -9999 -9999 -9999 -9999 -9999 -9999 -9999 -9999 -9999 -9999 -9999 -9999 -9999 -9999 -9999 -9999 -9999 -9999 -9999 -9999 -9999 115.215 115.276 115.236 115.256 115.368 115.54 115.821 116.158 116.513 116.832 117.123 117.393 117.647 117.889 118.122 118.348 118.569 118.788 119.003 119.221 119.439 119.658 119.834 119.944 120.012 120.048 120.086 120.126 120.168 120.212 120.258 120.307 120.357 120.408 120.46 120.513 120.563 120.603 120.636 120.668 -9999
159.79 -9999 -9999 -9999 -9999 -9999 -9999 -9999 -9999 -9999 -9999 -9999 -9999 -9999 -9999 -9999 -9999 -9999 -9999 -9999 -9999 -9999 -9999 -9999 -9999 -9999 -9999 -9999 -9999 -9999 -9999 -9999 -9999 -9999 116.147 116.067 116.047 116.056 116.119 116.27 116.564 116.892 117.188 117.46 117.712 117.951 118.178 118.398 118.612 118.822 119.03 119.238 119.442 119.648 119.792 119.883 119.94 119.972 120.007 120.043 120.082 120.122 120.164 120.208 120.254 120.301 120.349 120.397 120.446 120.495 120.538 120.571 120.603 -9999
159.047 -9999 -9999 -9999 -9999 -9999 -9999 -9999 -9999 -9999 -9999 -9999 -9999 -9999 -9999 -9999 -9999 -9999 -9999 -9999 -9999 -9999 -9999 -9999 -9999 -9999 -9999 -9999 -9999 -9999 -9999 -9999 -9999 -9999 116.971 -9999 116.848 116.789 116.758 116.802 -9999 117.271 117.545 117.796 118.032 118.254 118.468 118.674 118.876 119.075 119.273 119.465 119.645 119.754 119.83 119.869 119.899 119.931 119.965 120.0 120.037 120.076 120.116 120.158 120.201 120.245 120.29 120.336 120.382 120.427 120.47 120.506 120.538 120.57
-9999 -9999 -9999 -9999 -9999 -9999 -9999 -9999 -9999 -9999 -9999 -9999 -9999 -9999 -9999 -9999 -9999 -9999 -9999 -9999 -9999 -9999 -9999 -9999 -9999 -9999 -9999 -9999 -9999 -9999 -9999 -9999 -9999 -9999 -9999 117.724 117.631 -9999 -9999 -9999 -9999 117.672 117.904 118.136 118.353 118.56 118.759 118.952 119.142 119.33 119.516 119.673 119.713 119.775 119.801 119.827 119.855 119.884 119.915 119.949 119.984 120.02 120.059 120.099 120.14 120.183 120.227 120.273 120.319 120.361 120.401 120.44 120.474 120.506
-9999 -9999 -9999 -9999 -9999 -9999 -9999 -9999 -9999 -9999 -9999 -9999 -9999 -9999 -9999 -9999 -9999 -9999 -9999 -9999 -9999 -9999 -9999 -9999 -9999 -9999 -9999 -9999 -9999 -9999 -9999 -9999 -9999 -9999 -9999 118.32 118.404 -9999 -9999 -9999 -9999 118.165 118.287 118.493 118.688 118.875 119.056 119.234 119.411 119.568 119.658 119.679 119.708 119.729 119.752 119.777 119.802 119.83 119.86 119.892 119.925 119.96 119.996 120.034 120.073 120.113 120.155 120.198 120.242 120.285 120.327 120.369 120.409 120.443
-9999 -9999 -9999 -9999 -9999 -9999 -9999 -9999 -9999 -9999 -9999 -9999 -9999 -9999 -9999 -9999 -9999 -9999 -9999 -9999 -9999 -9999 -9999 -9999 -9999 -9999 -9999 -9999 -9999 -9999 -9999 -9999 -9999 -9999 -9999 118.76 -9999 -9999 -9999 -9999 118.634 118.603 118.686 118.852 119.024 119.19 119.354 119.493 119.566 119.602 119.621 119.639 119.659 119.678 119.699 119.723 119.748 119.775 119.804 119.835 119.866 119.9 119.934 119.969 120.006 120.044 120.082 120.123 120.163 120.202 120.242 120.284 120.329 120.373
-9999 -9999 -9999 -9999 -9999 -9999 -9999 -9999 -9999 -9999 -9999 -9999 -9999 -9999 -9999 -9999 -9999 -9999 -9999 -9999 -9999 -9999 -9999 -9999 -9999 -9999 -9999 -9999 -9999 -9999 -9999 -9999 -9999 -9999 -9999 -9999 -9999 -9999 -9999 -9999 119.193 119.113 119.128 119.203 119.332 119.407 119.479 119.513 119.535 119.552 119.569 119.586 119.604 119.624 119.646 119.669 119.694 119.721 119.749 119.779 119.809 119.841 119.873 119.907 119.941 119.976 120.012 120.049 120.085 120.122 120.159 120.198 120.24 120.286
-9999 -9999 -9999 -9999 -9999 -9999 -9999 -9999 -9999 -9999 -9999 -9999 -9999 -9999 -9999 -9999 -9999 -9999 -9999 -9999 -9999 -9999 -9999 -9999 -9999 -9999 -9999 -9999 -9999 -9999 -9999 -9999 -9999 -9999 -9999 -9999 -9999 -9999 -9999 -9999 119.67 119.513 119.399 119.367 119.373 119.413 119.446 119.47 119.487 119.503 119.519 119.535 119.551 119.569 119.59 119.614 119.64 119.667 119.695 119.724 119.754 119.784 119.815 119.846 119.878 119.911 119.944 119.977 120.011 120.044 120.079 120.115 120.154 120.196
-9999 -9999 -9999 -9999 -9999 -9999 -9999 -9999 -9999 -9999 -9999 -9999 -9999 -9999 -9999 -9999 -9999 -9999 -9999 -9999 -9999 -9999 -9999 -9999 -9999 -9999 -9999 -9999 -9999 -9999 -9999 -9999 -9999 -9999 -9999 -9999 -9999 -9999 -9999 120.064 119.85 119.656 119.493 119.392 119.345 119.378 119.406 119.424 119.441 119.457 119.471 119.486 119.5 119.517 119.536 119.559 119.585 119.613 119.643 119.671 119.7 119.728 119.757 119.787 119.817 119.847 119.877 119.908 119.938 119.969 120.001 120.035 120.071 120.11
-9999 -9999 -9999 -9999 -9999 -9999 -9999 -9999 -9999 -9999 -9999 -9999 -9999 -9999 -9999 -9999 -9999 -9999 -9999 -9999 -9999 -9999 -9999 -9999 -9999 -9999 -9999 -9999 -9999 -9999 -9999 -9999 -9999 -9999 -9999 -9999 -9999 -9999 -9999 120.158 119.944 119.743 119.572 119.425 119.354 119.34 119.363 119.382 119.398 119.413 119.427 119.441 119.453 119.467 119.485 119.507 119.533 119.561 119.589 119.619 119.647 119.675 119.702 119.729 119.757 119.785 119.813 119.84 119.868 119.897 119.926 119.957 119.99 120.026
-9999 -9999 -9999 -9999 -9999 -9999 -9999 -9999 -9999 -9999 -9999 -9999 -9999 -9999 -9999 -9999 -9999 -9999 -9999 -9999 -9999 -9999 -9999 -9999 -9999 -9999 -9999 -9999 -9999 -9999 -9999 -9999 -9999 -9999 -9999 -9999 -9999 -9999 120.473 120.242 120.028 119.826 119.636 119.47 119.359 119.303 119.323 119.342 119.358 119.373 119.387 119.398 119.41 119.42 119.436 119.458 119.485 119.512 119.539 119.567 119.595 119.622 119.648 119.673 119.699 119.724 119.75 119.775 119.8 119.827 119.854 119.882 119.912 119.945
-9999 -9999 -9999 -9999 -9999 -9999 -9999 -9999 -9999 -9999 -9999 -9999 -9999 -9999 -9999 -9999 -9999 -9999 -9999 -9999 -9999 -9999 -9999 -9999 -9999 -9999 -9999 -9999 -9999 -9999 -9999 -9999 -9999 -9999 -9999 -9999 -9999 -9999 120.55 120.319 120.103 119.892 119.691 119.52 119.373 119.299 119.285 119.304 119.321 119.336 119.349 119.361 119.371 119.382 119.395 119.416 119.442 119.468 119.493 119.519 119.544 119.57 119.595 119.619 119.642 119.665 119.688 119.711 119.735 119.758 119.783 119.808 119.836 119.865
-9999 -9999 -9999 -9999 -9999 -9999 -9999 -9999 -9999 -9999 -9999 -9999 -9999 -9999 -9999 -9999 -9999 -9999 -9999 -9999 -9999 -9999 -9999 -9999 -9999 -9999 -9999 -9999 -9999 -9999 -9999 -9999 -9999 -9999 -9999 -9999 -9999 -9999 120.621 120.387 120.159 119.946 119.747 119.566 119.404 119.293 119.248 119.268 119.285 119.3 119.314 119.326 119.338 119.35 119.363 119.382 119.404 119.428 119.451 119.474 119.496 119.519 119.542 119.565 119.587 119.608 119.629 119.649 119.67 119.691 119.713 119.736 119.761 119.787
-9999 -9999 -9999 -9999 -9999 -9999 -9999 -9999 -9999 -9999 -9999 -9999 -9999 -9999 -9999 -9999 -9999 -9999 -9999 -9999 -9999 -9999 -9999 -9999 -9999 -9999 -9999 -9999 -9999 -9999 -9999 -9999 -9999 -9999 -9999 -9999 -9999 -9999 -9999 120.431 120.206 119.993 119.796 119.61 119.436 119.29 119.227 119.233 119.251 119.267 119.281 119.295 119.307 119.32 119.334 119.351 119.37 119.391 119.411 119.431 119.451 119.471 119.491 119.512 119.533 119.552 119.57 119.588 119.607 119.626 119.645 119.665 -9999 119.709
