Validation/Results/raw data/ReClimate_02_2024_1_Temperatureweatherlogisticsltd.asc
NCOLS 192
NROWS 249
XLLCENTER -225160.85627316462
YLLCENTER 29788.11610251502
CELLSIZE 5000.0
NODATA_VALUE -9999
[rows 102 to 135 of 249, columns 77 to 153 of 192]
0.14 0.161 0.17 0.173 -9999 -9999 0.173 -9999 -9999 0.183 0.188 0.191 0.194 0.196 0.189 0.179 0.203 0.232 0.216 0.196 0.205 0.217 0.207 0.194 0.199 0.205 0.202 0.198 0.203 0.209 0.204 0.197 0.2 0.203 0.2 0.197 0.189 0.179 0.186 0.193 -9999 -9999 -9999 -9999 -9999 -9999 -9999 -9999 -9999 -9999 -9999 -9999 -9999 -9999 -9999 -9999 -9999 -9999 -9999 -9999 -9999 -9999 -9999 -9999 -9999 -9999 -9999 -9999 -9999 -9999 -9999 -9999 -9999 -9999 -9999 -9999 -9999
0.14 0.156 -9999 -9999 -9999 0.163 0.173 0.171 0.173 0.18 0.184 0.19 0.194 0.201 0.197 0.198 0.217 0.229 0.216 0.202 0.209 0.212 0.205 0.201 0.203 0.202 0.201 0.205 0.213 0.228 0.223 0.214 0.213 0.205 0.203 -9999 -9999 0.181 -9999 -9999 -9999 -9999 -9999 -9999 -9999 -9999 -9999 -9999 -9999 -9999 -9999 -9999 -9999 -9999 -9999 -9999 -9999 -9999 -9999 -9999 -9999 -9999 -9999 -9999 -9999 -9999 -9999 -9999 -9999 -9999 -9999 -9999 -9999 -9999 -9999 -9999 -9999
-9999 0.158 -9999 -9999 -9999 0.167 0.168 0.171 0.177 0.182 0.186 0.19 0.197 0.204 0.206 0.207 0.218 0.23 0.22 0.207 0.209 0.212 0.209 0.205 0.204 0.202 0.205 0.209 0.222 0.236 0.229 0.221 0.215 0.207 -9999 0.202 0.194 0.183 0.186 -9999 -9999 -9999 -9999 -9999 -9999 -9999 -9999 -9999 -9999 -9999 -9999 -9999 -9999 -9999 -9999 -9999 -9999 -9999 -9999 -9999 -9999 -9999 -9999 -9999 -9999 -9999 -9999 -9999 -9999 -9999 -9999 -9999 -9999 -9999 -9999 -9999 -9999
-9999 -9999 -9999 0.172 0.176 0.174 0.175 0.174 0.174 0.169 0.174 0.187 0.191 0.196 0.2 0.211 0.215 0.207 0.206 0.222 0.222 0.217 0.214 0.211 0.209 0.204 0.212 0.229 0.234 0.227 0.222 0.219 -9999 0.206 0.204 0.202 0.197 0.197 0.183 -9999 -9999 -9999 -9999 -9999 -9999 -9999 -9999 -9999 -9999 -9999 -9999 -9999 -9999 -9999 -9999 -9999 -9999 -9999 -9999 -9999 -9999 -9999 -9999 -9999 -9999 -9999 -9999 -9999 -9999 -9999 -9999 -9999 -9999 -9999 -9999 -9999 -9999
-9999 -9999 -9999 0.183 0.18 0.181 0.18 0.178 0.174 0.168 0.178 0.19 0.192 0.196 0.204 0.214 0.208 0.199 0.214 0.229 0.225 0.22 0.218 0.215 0.211 0.206 0.22 0.237 0.232 0.225 0.222 0.219 0.213 0.206 0.205 0.203 0.203 0.203 0.192 0.181 -9999 -9999 -9999 -9999 -9999 -9999 -9999 -9999 -9999 -9999 -9999 -9999 -9999 -9999 -9999 -9999 -9999 -9999 -9999 -9999 -9999 -9999 -9999 -9999 -9999 -9999 -9999 -9999 -9999 -9999 -9999 -9999 -9999 -9999 -9999 -9999 -9999
-9999 -9999 0.172 -9999 -9999 0.199 0.195 0.183 0.184 0.194 -9999 -9999 0.195 0.196 0.202 0.21 0.208 0.214 0.221 0.216 0.22 0.238 0.235 0.228 0.223 0.212 0.217 0.209 0.207 0.212 0.211 0.217 0.209 0.198 0.198 0.204 0.204 0.203 0.193 0.184 0.181 -9999 -9999 -9999 -9999 -9999 -9999 -9999 -9999 -9999 -9999 -9999 -9999 -9999 -9999 -9999 -9999 -9999 -9999 -9999 -9999 -9999 -9999 -9999 -9999 -9999 -9999 -9999 -9999 -9999 -9999 -9999 -9999 -9999 -9999 -9999 -9999
-9999 -9999 0.173 -9999 0.199 0.21 0.201 0.189 0.198 0.208 0.204 0.198 0.199 0.2 0.205 0.211 0.216 0.22 0.217 0.213 0.227 0.245 0.24 0.234 0.225 0.215 0.208 0.199 0.203 0.207 0.211 0.216 0.206 0.195 0.2 0.205 0.204 0.204 0.196 0.186 -9999 -9999 -9999 -9999 -9999 -9999 -9999 -9999 -9999 -9999 -9999 -9999 -9999 -9999 -9999 -9999 -9999 -9999 -9999 -9999 -9999 -9999 -9999 -9999 -9999 -9999 -9999 -9999 -9999 -9999 -9999 -9999 -9999 -9999 -9999 -9999 -9999
-9999 -9999 0.175 -9999 0.202 0.21 0.206 0.21 0.213 -9999 0.203 0.206 -9999 0.209 0.213 0.218 0.221 0.221 0.22 0.225 0.236 0.242 0.235 0.225 0.217 0.209 0.207 0.214 0.213 0.203 0.204 0.202 0.194 0.189 0.195 0.208 -9999 -9999 -9999 -9999 -9999 -9999 -9999 -9999 -9999 -9999 -9999 -9999 -9999 -9999 -9999 -9999 -9999 -9999 -9999 -9999 -9999 -9999 -9999 -9999 -9999 -9999 -9999 -9999 -9999 -9999 -9999 -9999 -9999 -9999 -9999 -9999 -9999 -9999 -9999 -9999 -9999
0.168 0.17 -9999 -9999 0.208 0.214 0.218 0.223 0.216 0.208 0.21 0.213 -9999 0.216 0.22 0.224 0.225 0.224 0.227 0.231 0.235 0.241 0.233 0.223 0.216 0.208 0.214 0.221 0.212 0.202 0.2 0.197 0.193 0.187 0.199 -9999 -9999 -9999 -9999 -9999 -9999 -9999 -9999 -9999 -9999 -9999 -9999 -9999 -9999 -9999 -9999 -9999 -9999 -9999 -9999 -9999 -9999 -9999 -9999 -9999 -9999 -9999 -9999 -9999 -9999 -9999 -9999 -9999 -9999 -9999 -9999 -9999 -9999 -9999 -9999 -9999 -9999
0.179 0.179 -9999 0.204 0.212 0.2 0.209 -9999 0.224 0.223 0.219 0.202 -9999 0.227 0.234 0.248 0.248 0.241 0.241 0.237 0.235 0.222 0.223 0.239 0.238 0.243 -9999 0.236 0.23 0.225 0.221 0.21 0.204 0.193 -9999 -9999 -9999 -9999 -9999 -9999 -9999 -9999 -9999 -9999 -9999 -9999 -9999 -9999 -9999 -9999 -9999 -9999 -9999 -9999 -9999 -9999 -9999 -9999 -9999 -9999 -9999 -9999 -9999 -9999 -9999 -9999 -9999 -9999 -9999 -9999 -9999 -9999 -9999 -9999 -9999 -9999 -9999
0.192 -9999 -9999 0.212 0.206 0.203 -9999 0.234 0.234 0.233 0.219 0.202 -9999 0.235 0.247 0.26 0.257 0.25 0.246 0.241 0.229 0.216 0.23 0.246 0.251 0.257 0.25 0.242 -9999 -9999 0.226 0.216 -9999 -9999 -9999 -9999 -9999 -9999 0.208 0.21 0.204 -9999 -9999 -9999 -9999 -9999 -9999 -9999 -9999 -9999 -9999 -9999 -9999 -9999 -9999 -9999 -9999 -9999 -9999 -9999 -9999 -9999 -9999 -9999 -9999 -9999 -9999 -9999 -9999 -9999 -9999 -9999 -9999 -9999 -9999 -9999 -9999
-9999 -9999 0.21 0.216 0.214 0.219 -9999 0.248 0.247 0.24 0.231 0.228 -9999 -9999 -9999 0.249 0.248 0.256 0.252 0.249 0.235 0.215 0.228 0.244 0.243 0.234 0.224 0.213 0.211 0.218 0.216 0.224 -9999 -9999 -9999 -9999 -9999 0.194 0.202 0.187 0.187 0.203 -9999 -9999 -9999 -9999 -9999 -9999 -9999 -9999 -9999 -9999 -9999 -9999 -9999 -9999 -9999 -9999 -9999 -9999 -9999 -9999 -9999 -9999 -9999 -9999 -9999 -9999 -9999 -9999 -9999 -9999 -9999 -9999 -9999 -9999 -9999
-9999 -9999 -9999 0.222 0.226 0.23 -9999 0.257 -9999 0.247 0.245 0.243 -9999 0.258 0.254 0.247 -9999 0.26 0.257 0.255 0.237 0.216 0.228 0.244 0.235 0.225 0.215 0.202 0.207 0.213 0.218 0.225 0.216 0.204 0.2 -9999 0.191 0.189 0.18 0.175 0.187 0.202 0.2 0.199 -9999 -9999 -9999 -9999 -9999 -9999 -9999 -9999 -9999 -9999 -9999 -9999 -9999 -9999 -9999 -9999 -9999 -9999 -9999 -9999 -9999 -9999 -9999 -9999 -9999 -9999 -9999 -9999 -9999 -9999 -9999 -9999 -9999
-9999 -9999 -9999 0.221 0.225 0.233 -9999 0.246 -9999 0.263 0.262 -9999 0.236 0.231 0.235 0.255 0.255 0.249 0.252 0.268 0.254 0.243 0.245 0.231 0.227 0.232 0.223 0.217 0.211 0.19 0.194 0.205 0.197 0.192 0.189 0.188 0.183 0.179 0.175 0.174 0.178 0.172 0.169 0.171 0.182 0.185 0.175 -9999 -9999 -9999 -9999 -9999 -9999 -9999 -9999 -9999 -9999 -9999 -9999 -9999 -9999 -9999 -9999 -9999 -9999 -9999 -9999 -9999 -9999 -9999 -9999 -9999 -9999 -9999 -9999 -9999 -9999
-9999 -9999 -9999 0.226 0.231 0.238 0.242 -9999 -9999 0.273 0.272 -9999 0.248 0.225 0.241 0.26 0.254 0.247 0.259 0.275 0.266 0.255 0.241 0.226 0.23 0.233 0.227 0.22 0.201 0.18 0.186 0.195 0.191 0.186 0.184 0.183 0.179 0.176 0.174 0.172 0.166 0.159 0.158 0.159 0.157 0.162 0.176 0.169 -9999 -9999 -9999 -9999 -9999 -9999 -9999 -9999 -9999 -9999 -9999 -9999 -9999 -9999 -9999 -9999 -9999 -9999 -9999 -9999 -9999 -9999 -9999 -9999 -9999 -9999 -9999 -9999 -9999
-9999 -9999 -9999 0.235 0.241 0.25 0.254 -9999 -9999 0.271 0.272 -9999 -9999 0.259 0.268 0.265 0.26 0.256 0.261 0.255 0.247 0.242 0.232 0.23 0.227 0.214 0.207 0.203 0.19 0.187 0.187 0.175 0.169 0.165 0.166 0.176 0.176 0.181 0.178 0.169 0.16 0.146 0.147 0.151 0.151 0.155 0.162 0.169 -9999 -9999 -9999 -9999 -9999 -9999 -9999 -9999 -9999 -9999 -9999 -9999 -9999 -9999 -9999 -9999 -9999 -9999 -9999 -9999 -9999 -9999 -9999 -9999 -9999 -9999 -9999 -9999 -9999
-9999 -9999 -9999 0.244 0.251 0.259 -9999 -9999 -9999 -9999 0.278 -9999 0.281 0.275 0.272 0.269 0.265 0.261 0.255 0.249 0.244 0.238 0.233 0.231 0.218 0.205 0.2 0.195 0.192 0.19 0.179 0.166 0.161 0.156 0.163 0.172 0.177 0.182 0.175 0.167 0.155 0.141 0.143 0.146 0.149 0.153 0.158 0.165 0.161 -9999 -9999 -9999 -9999 -9999 -9999 -9999 -9999 -9999 -9999 -9999 -9999 -9999 -9999 -9999 -9999 -9999 -9999 -9999 -9999 -9999 -9999 -9999 -9999 -9999 -9999 -9999 -9999
-9999 0.238 0.243 0.246 0.253 -9999 -9999 0.266 -9999 -9999 -9999 -9999 0.279 0.278 0.275 0.271 0.267 0.261 0.254 0.244 0.24 0.24 0.232 0.216 0.204 0.197 0.19 0.178 0.177 0.181 0.174 0.173 0.164 0.148 0.154 0.16 0.163 0.169 0.163 0.159 0.153 0.156 0.156 0.148 0.152 0.159 0.163 0.166 0.165 -9999 -9999 -9999 -9999 -9999 -9999 -9999 -9999 -9999 -9999 -9999 -9999 -9999 -9999 -9999 -9999 -9999 -9999 -9999 -9999 -9999 -9999 -9999 -9999 -9999 -9999 -9999 -9999
-9999 -9999 0.252 0.253 0.261 -9999 0.269 0.269 0.268 -9999 -9999 -9999 -9999 0.282 0.278 0.274 0.269 0.263 0.254 0.242 0.24 0.241 0.226 0.209 0.201 0.193 0.182 0.171 0.173 0.176 0.175 0.174 0.16 0.145 0.149 0.154 0.158 0.163 0.159 0.155 0.158 0.162 0.155 0.149 0.154 0.16 0.163 0.166 0.166 0.155 -9999 -9999 -9999 -9999 -9999 -9999 -9999 -9999 -9999 -9999 -9999 -9999 -9999 -9999 -9999 -9999 -9999 -9999 -9999 -9999 -9999 -9999 -9999 -9999 -9999 -9999 -9999
-9999 -9999 0.287 0.283 0.288 -9999 0.278 0.264 0.26 -9999 -9999 -9999 -9999 -9999 0.273 0.264 0.259 0.254 0.248 0.251 0.249 0.245 0.23 0.212 0.205 0.203 0.196 0.192 0.191 0.18 0.176 0.166 0.155 0.148 0.151 0.154 0.152 0.145 0.146 0.157 0.158 0.16 0.159 0.167 0.163 0.142 0.141 0.14 0.148 0.156 0.143 -9999 -9999 -9999 -9999 -9999 -9999 -9999 -9999 -9999 -9999 -9999 -9999 -9999 -9999 -9999 -9999 -9999 -9999 -9999 -9999 -9999 -9999 -9999 -9999 -9999 -9999
-9999 -9999 0.297 0.302 -9999 -9999 0.287 0.27 0.264 0.269 -9999 -9999 -9999 -9999 -9999 0.263 0.258 0.25 0.251 0.255 0.25 0.246 0.23 0.212 0.208 0.205 0.202 0.199 0.191 0.181 0.172 0.162 0.156 0.149 0.15 0.152 0.145 0.138 0.146 0.156 0.157 0.158 0.164 0.173 0.155 0.134 0.131 0.129 0.137 0.146 0.136 0.129 0.125 -9999 -9999 -9999 -9999 -9999 -9999 -9999 -9999 -9999 -9999 -9999 -9999 -9999 -9999 -9999 -9999 -9999 -9999 -9999 -9999 -9999 -9999 -9999 -9999
-9999 -9999 0.308 0.305 -9999 -9999 0.297 0.289 0.282 -9999 -9999 -9999 -9999 -9999 -9999 0.279 0.27 0.255 0.257 0.261 0.251 0.233 0.217 0.202 0.191 0.172 0.173 0.187 0.176 0.16 0.154 0.157 0.151 0.146 0.149 0.156 0.152 0.149 0.151 0.141 0.147 0.166 0.162 0.136 0.131 0.149 0.144 0.133 0.127 0.128 0.133 0.131 0.137 -9999 -9999 -9999 -9999 -9999 -9999 -9999 -9999 -9999 -9999 -9999 -9999 -9999 -9999 -9999 -9999 -9999 -9999 -9999 -9999 -9999 -9999 -9999 -9999
-9999 -9999 0.311 0.309 -9999 -9999 -9999 0.299 0.294 0.293 -9999 -9999 -9999 -9999 -9999 0.286 0.272 0.257 0.259 0.263 0.246 0.227 0.213 0.198 0.178 0.158 0.168 0.181 0.167 0.151 0.152 0.154 0.149 0.144 0.15 0.157 0.155 0.153 0.144 0.134 0.149 0.168 0.147 0.121 0.135 0.153 0.144 0.132 0.125 0.118 0.123 0.129 0.135 -9999 -9999 -9999 -9999 -9999 -9999 -9999 -9999 -9999 -9999 -9999 -9999 -9999 -9999 -9999 -9999 -9999 -9999 -9999 -9999 -9999 -9999 -9999 -9999
-9999 0.32 0.319 0.305 -9999 -9999 -9999 -9999 -9999 -9999 -9999 -9999 -9999 -9999 -9999 0.286 0.275 0.265 0.265 0.265 0.246 0.221 0.206 0.189 0.176 0.177 0.178 0.166 0.153 0.143 0.149 0.169 0.161 0.142 0.144 0.143 0.143 0.149 0.141 0.133 0.141 0.143 0.132 0.138 0.143 0.132 0.126 0.132 0.123 0.115 0.117 0.122 0.127 0.134 -9999 -9999 -9999 -9999 -9999 -9999 -9999 -9999 -9999 -9999 -9999 -9999 -9999 -9999 -9999 -9999 -9999 -9999 -9999 -9999 -9999 -9999 -9999
0.322 0.327 0.319 0.308 -9999 -9999 -9999 -9999 -9999 -9999 -9999 -9999 -9999 0.303 0.296 0.286 0.277 0.267 0.265 0.265 0.243 0.218 0.202 0.184 0.182 0.183 0.171 0.158 0.149 0.139 0.155 0.174 0.159 0.141 0.139 0.137 0.14 0.146 0.139 0.131 0.131 0.131 0.136 0.143 0.134 0.121 0.123 0.13 0.121 0.111 0.113 0.117 0.122 0.141 -9999 -9999 -9999 -9999 -9999 -9999 -9999 -9999 -9999 -9999 -9999 -9999 -9999 -9999 -9999 -9999 -9999 -9999 -9999 -9999 -9999 -9999 -9999
0.323 0.315 0.313 -9999 -9999 -9999 -9999 -9999 -9999 -9999 -9999 -9999 -9999 0.307 0.298 0.292 0.282 0.269 0.259 0.237 0.217 0.205 0.189 0.173 0.172 0.179 0.166 0.151 0.149 0.162 0.161 0.131 0.123 0.132 0.134 0.143 0.145 0.145 0.138 0.129 0.127 0.124 0.129 0.134 0.126 0.12 0.119 0.115 0.112 0.123 0.115 0.113 0.129 0.132 -9999 -9999 -9999 -9999 -9999 -9999 -9999 -9999 -9999 -9999 -9999 -9999 -9999 -9999 -9999 -9999 -9999 -9999 -9999 -9999 -9999 -9999 -9999
-9999 -9999 -9999 -9999 -9999 -9999 -9999 -9999 -9999 -9999 -9999 -9999 -9999 0.309 0.301 0.293 0.281 0.269 0.248 0.225 0.212 0.198 0.183 0.167 0.17 0.176 0.161 0.146 0.157 0.169 0.143 0.113 0.12 0.129 0.135 0.144 0.143 0.143 0.135 0.126 0.123 0.121 0.124 0.127 0.122 0.117 0.112 0.107 0.114 0.125 0.118 0.109 0.125 0.136 -9999 -9999 -9999 -9999 -9999 -9999 -9999 -9999 -9999 -9999 -9999 -9999 -9999 -9999 -9999 -9999 -9999 -9999 -9999 -9999 -9999 -9999 -9999
-9999 -9999 -9999 -9999 -9999 -9999 -9999 -9999 -9999 -9999 -9999 -9999 0.312 0.301 0.291 0.28 0.271 0.268 0.25 0.235 0.224 0.217 0.202 0.183 0.18 0.168 0.159 0.161 0.165 0.159 0.139 0.126 0.131 0.13 0.137 0.144 0.141 0.132 0.13 0.136 0.135 0.135 0.135 0.125 0.122 0.124 0.119 0.112 0.11 0.114 0.136 0.146 0.134 0.143 -9999 -9999 -9999 -9999 -9999 -9999 -9999 -9999 -9999 -9999 -9999 -9999 -9999 -9999 -9999 -9999 -9999 -9999 -9999 -9999 -9999 -9999 -9999
-9999 -9999 -9999 -9999 -9999 -9999 -9999 -9999 -9999 -9999 -9999 -9999 0.305 0.298 0.286 0.274 0.27 0.266 0.251 0.236 0.228 0.221 0.205 0.188 0.175 0.163 0.162 0.164 0.158 0.152 0.142 0.13 0.129 0.129 0.135 0.142 0.135 0.126 0.131 0.138 0.138 0.138 0.13 0.121 0.121 0.124 0.119 0.112 0.11 0.109 0.129 0.156 0.146 0.134 -9999 -9999 -9999 -9999 -9999 -9999 -9999 -9999 -9999 -9999 -9999 -9999 -9999 -9999 -9999 -9999 -9999 -9999 -9999 -9999 -9999 -9999 -9999
-9999 -9999 -9999 -9999 -9999 -9999 -9999 -9999 -9999 -9999 -9999 0.311 0.3 0.288 0.272 0.252 0.243 0.232 0.226 0.239 0.233 0.228 0.211 0.191 0.181 0.177 0.173 0.166 0.162 0.159 0.155 0.156 0.152 0.138 0.145 0.154 0.147 0.134 0.137 0.136 0.133 0.122 0.117 0.117 0.117 0.118 0.111 0.099 0.123 0.137 0.136 0.149 0.151 0.14 0.135 -9999 -9999 -9999 -9999 -9999 -9999 -9999 -9999 -9999 -9999 -9999 -9999 -9999 -9999 -9999 -9999 -9999 -9999 -9999 -9999 -9999 -9999
-9999 -9999 -9999 -9999 -9999 -9999 -9999 -9999 -9999 -9999 0.305 0.306 0.293 0.281 0.263 0.242 0.229 0.217 0.225 0.238 0.232 0.227 0.209 0.188 0.182 0.178 0.17 0.163 0.161 0.159 0.161 0.164 0.152 0.139 0.147 0.157 0.146 0.135 0.134 0.132 0.124 0.113 0.112 0.112 0.113 0.114 0.104 0.093 0.117 0.145 0.146 0.146 0.147 0.148 0.137 -9999 -9999 -9999 -9999 -9999 -9999 -9999 -9999 -9999 -9999 -9999 -9999 -9999 -9999 -9999 -9999 -9999 -9999 -9999 -9999 -9999 -9999
-9999 -9999 -9999 -9999 -9999 -9999 -9999 -9999 -9999 -9999 0.301 0.29 0.275 0.261 0.248 0.247 0.232 0.211 0.215 0.215 0.215 0.229 0.208 0.179 0.174 0.174 0.16 0.135 0.138 0.155 0.157 0.158 0.151 0.15 0.153 0.148 0.14 0.133 0.136 0.146 0.133 0.108 0.107 0.109 0.114 0.127 0.116 0.098 0.109 0.13 0.137 0.141 0.145 0.148 0.143 -9999 -9999 -9999 -9999 -9999 -9999 -9999 -9999 -9999 -9999 -9999 -9999 -9999 -9999 -9999 -9999 -9999 -9999 -9999 -9999 -9999 -9999
-9999 -9999 -9999 -9999 -9999 -9999 -9999 -9999 -9999 0.292 0.285 0.281 0.265 0.25 0.248 0.248 0.228 0.207 0.204 0.203 0.213 0.226 0.2 0.172 0.168 0.168 0.146 0.121 0.134 0.15 0.151 0.152 0.151 0.15 0.146 0.141 0.136 0.13 0.138 0.147 0.127 0.103 0.104 0.107 0.118 0.131 0.117 0.1 0.11 0.124 0.131 0.139 0.143 0.148 0.142 0.132 -9999 -9999 -9999 -9999 -9999 -9999 -9999 -9999 -9999 -9999 -9999 -9999 -9999 -9999 -9999 -9999 -9999 -9999 -9999 -9999 -9999
-9999 -9999 -9999 -9999 -9999 -9999 -9999 -9999 0.296 -9999 0.285 0.273 0.262 0.261 0.252 0.228 0.212 0.203 0.2 0.199 0.201 0.197 0.178 0.172 0.163 0.148 0.138 0.147 0.154 0.152 0.149 0.138 0.138 0.141 0.139 0.139 0.134 0.126 0.131 0.132 0.116 0.105 0.107 0.111 0.112 0.095 0.093 0.116 0.114 0.12 0.134 0.147 0.148 0.15 0.149 0.134 -9999 -9999 -9999 -9999 -9999 -9999 -9999 -9999 -9999 -9999 -9999 -9999 -9999 -9999 -9999 -9999 -9999 -9999 -9999 -9999 -9999
