Validation/Results/raw data/ReClimate_03_2024_2.asc
NCOLS 192
NROWS 249
XLLCENTER -225160.85627316462
YLLCENTER 29788.11610251502
CELLSIZE 5000.0
NODATA_VALUE -9999
[rows 99 to 131 of 249, columns 74 to 147 of 192]
100.331 100.331 100.331 100.331 100.331 100.325 100.307 100.277 -9999 -9999 100.127 100.065 99.984 99.905 99.829 99.756 99.686 99.618 99.552 99.488 99.425 99.366 99.317 99.275 99.234 99.194 99.157 99.12 99.085 99.053 99.022 98.992 98.962 98.931 98.901 98.87 98.837 98.804 98.768 98.742 98.728 98.714 98.698 98.68 98.662 -9999 -9999 -9999 -9999 -9999 -9999 -9999 -9999 -9999 -9999 -9999 -9999 -9999 -9999 -9999 -9999 -9999 -9999 -9999 -9999 -9999 -9999 -9999 -9999 -9999 -9999 -9999 -9999 -9999
100.344 100.342 100.34 -9999 -9999 100.329 100.316 -9999 -9999 -9999 100.185 100.12 100.038 99.959 99.883 99.81 99.74 99.673 99.607 99.543 99.48 99.422 99.372 99.329 99.288 99.249 99.213 99.18 99.149 99.118 99.089 99.059 99.029 99.0 98.97 98.939 98.908 98.875 98.84 98.814 98.798 98.784 98.769 98.751 98.734 -9999 -9999 -9999 -9999 -9999 -9999 -9999 -9999 -9999 -9999 -9999 -9999 -9999 -9999 -9999 -9999 -9999 -9999 -9999 -9999 -9999 -9999 -9999 -9999 -9999 -9999 -9999 -9999 -9999
100.372 -9999 100.364 100.36 100.354 -9999 -9999 -9999 -9999 100.253 100.215 100.165 100.092 100.013 99.937 99.865 99.795 99.727 99.662 99.598 99.536 99.477 99.428 99.385 99.348 99.313 99.28 99.248 99.217 99.186 99.156 99.126 99.097 99.067 99.037 99.007 98.976 98.944 98.91 98.884 98.87 98.857 98.844 98.829 -9999 -9999 -9999 -9999 -9999 -9999 -9999 -9999 -9999 -9999 -9999 -9999 -9999 -9999 -9999 -9999 -9999 -9999 -9999 -9999 -9999 -9999 -9999 -9999 -9999 -9999 -9999 -9999 -9999 -9999
100.401 100.398 100.393 100.388 100.382 100.375 100.364 -9999 -9999 100.281 -9999 -9999 100.131 100.068 99.992 99.919 99.85 99.782 99.717 99.653 99.591 99.535 99.489 99.452 99.416 99.381 99.347 99.315 99.283 99.253 99.222 99.192 99.163 99.133 99.103 99.073 99.042 99.01 98.978 98.952 98.938 98.927 98.913 -9999 -9999 -9999 -9999 -9999 -9999 -9999 -9999 -9999 -9999 -9999 -9999 -9999 -9999 -9999 -9999 -9999 -9999 -9999 -9999 -9999 -9999 -9999 -9999 -9999 -9999 -9999 -9999 -9999 -9999 -9999
100.43 100.426 100.421 100.416 100.409 -9999 -9999 -9999 100.352 100.313 100.27 100.222 100.162 100.098 100.04 99.976 99.906 99.839 99.773 99.71 99.651 99.6 99.558 99.52 99.483 99.448 99.414 99.381 99.35 99.318 99.288 99.258 99.228 99.198 99.168 99.138 99.107 99.076 -9999 -9999 99.005 -9999 -9999 -9999 -9999 -9999 -9999 -9999 -9999 -9999 -9999 -9999 -9999 -9999 -9999 -9999 -9999 -9999 -9999 -9999 -9999 -9999 -9999 -9999 -9999 -9999 -9999 -9999 -9999 -9999 -9999 -9999 -9999 -9999
100.458 100.453 100.448 -9999 100.435 -9999 -9999 -9999 100.383 100.346 100.309 100.257 100.194 100.135 100.074 100.014 99.958 99.896 99.832 99.774 99.718 99.668 99.626 99.587 99.55 99.515 99.481 99.448 99.415 99.384 99.353 99.323 99.293 99.263 99.233 99.203 99.173 -9999 99.109 99.084 99.07 99.055 -9999 -9999 -9999 -9999 -9999 -9999 -9999 -9999 -9999 -9999 -9999 -9999 -9999 -9999 -9999 -9999 -9999 -9999 -9999 -9999 -9999 -9999 -9999 -9999 -9999 -9999 -9999 -9999 -9999 -9999 -9999 -9999
-9999 100.48 -9999 -9999 -9999 -9999 100.445 100.437 100.416 100.386 100.348 100.297 100.234 100.171 100.109 100.05 99.99 99.938 99.891 99.84 99.785 99.736 99.694 99.655 99.618 99.582 99.547 99.514 99.482 99.45 99.419 99.389 99.359 99.329 99.299 -9999 99.239 99.208 99.176 99.152 99.138 99.113 -9999 -9999 -9999 -9999 -9999 -9999 -9999 -9999 -9999 -9999 -9999 -9999 -9999 -9999 -9999 -9999 -9999 -9999 -9999 -9999 -9999 -9999 -9999 -9999 -9999 -9999 -9999 -9999 -9999 -9999 -9999 -9999
-9999 -9999 -9999 -9999 -9999 -9999 100.47 100.462 100.448 100.426 100.388 100.338 100.275 100.212 100.149 100.086 100.027 99.974 99.928 99.883 99.84 99.801 99.763 99.724 99.686 99.65 99.615 99.581 99.548 99.517 99.485 99.455 99.425 99.395 99.366 99.336 99.306 99.276 99.242 99.213 99.193 99.173 99.151 -9999 -9999 -9999 -9999 -9999 -9999 -9999 -9999 -9999 -9999 -9999 -9999 -9999 -9999 -9999 -9999 -9999 -9999 -9999 -9999 -9999 -9999 -9999 -9999 -9999 -9999 -9999 -9999 -9999 -9999 -9999
-9999 -9999 -9999 -9999 -9999 100.506 -9999 -9999 100.478 100.46 100.43 100.38 100.317 -9999 -9999 100.13 100.07 100.013 99.96 99.914 99.876 99.841 99.808 99.775 99.743 99.711 99.679 99.648 99.616 99.584 99.553 99.523 99.492 99.46 99.427 99.394 99.36 99.324 99.287 99.258 99.237 99.218 99.199 99.171 -9999 -9999 -9999 -9999 -9999 -9999 -9999 -9999 -9999 -9999 -9999 -9999 -9999 -9999 -9999 -9999 -9999 -9999 -9999 -9999 -9999 -9999 -9999 -9999 -9999 -9999 -9999 -9999 -9999 -9999
-9999 -9999 -9999 -9999 -9999 100.532 -9999 100.513 100.504 100.491 100.47 100.424 100.36 100.297 100.235 100.175 100.116 100.057 100.0 99.948 99.903 99.871 99.841 99.811 99.78 99.75 99.72 99.69 99.659 99.628 99.597 99.566 99.534 99.502 99.468 99.434 99.399 99.362 99.328 99.302 99.281 99.262 99.243 -9999 -9999 -9999 -9999 -9999 -9999 -9999 -9999 -9999 -9999 -9999 -9999 -9999 -9999 -9999 -9999 -9999 -9999 -9999 -9999 -9999 -9999 -9999 -9999 -9999 -9999 -9999 -9999 -9999 -9999 -9999
-9999 -9999 -9999 -9999 -9999 100.558 -9999 100.539 100.529 100.519 100.503 100.468 -9999 100.342 100.28 -9999 100.161 100.103 100.045 99.989 99.939 99.901 99.871 99.841 99.811 99.781 99.752 99.722 99.691 99.661 99.63 99.6 99.568 99.536 99.504 99.47 99.436 99.401 99.369 -9999 -9999 -9999 -9999 -9999 -9999 -9999 -9999 -9999 -9999 -9999 -9999 -9999 -9999 -9999 -9999 -9999 -9999 -9999 -9999 -9999 -9999 -9999 -9999 -9999 -9999 -9999 -9999 -9999 -9999 -9999 -9999 -9999 -9999 -9999
-9999 -9999 -9999 100.602 100.593 -9999 -9999 100.565 100.554 100.544 100.533 100.504 100.454 100.389 100.326 -9999 100.207 100.149 100.092 100.035 99.982 99.938 99.901 99.871 99.842 99.812 99.783 99.753 99.723 99.693 99.663 99.633 99.602 99.571 99.539 99.507 99.473 99.439 -9999 -9999 -9999 -9999 -9999 -9999 -9999 -9999 -9999 -9999 -9999 -9999 -9999 -9999 -9999 -9999 -9999 -9999 -9999 -9999 -9999 -9999 -9999 -9999 -9999 -9999 -9999 -9999 -9999 -9999 -9999 -9999 -9999 -9999 -9999 -9999
-9999 -9999 100.64 100.63 100.621 -9999 100.602 100.591 100.58 100.569 -9999 100.536 100.493 100.437 100.373 -9999 100.253 100.195 100.138 100.083 100.03 99.98 99.937 99.902 99.873 99.844 99.814 99.785 99.755 -9999 99.696 99.667 99.636 99.606 99.575 99.543 99.511 -9999 -9999 -9999 -9999 -9999 -9999 -9999 -9999 -9999 -9999 -9999 -9999 -9999 -9999 -9999 -9999 -9999 -9999 -9999 -9999 -9999 -9999 -9999 -9999 -9999 -9999 -9999 -9999 -9999 -9999 -9999 -9999 -9999 -9999 -9999 -9999 -9999
-9999 -9999 100.669 100.659 -9999 -9999 100.628 100.617 100.606 -9999 100.582 100.563 100.529 100.477 100.421 -9999 100.3 100.242 100.185 100.13 100.078 100.026 99.978 99.935 99.904 99.875 99.846 99.817 99.788 99.759 99.73 -9999 -9999 99.641 99.611 -9999 -9999 -9999 -9999 -9999 -9999 99.45 99.426 99.408 -9999 -9999 -9999 -9999 -9999 -9999 -9999 -9999 -9999 -9999 -9999 -9999 -9999 -9999 -9999 -9999 -9999 -9999 -9999 -9999 -9999 -9999 -9999 -9999 -9999 -9999 -9999 -9999 -9999 -9999
-9999 100.71 100.699 -9999 -9999 100.667 100.656 100.644 100.633 -9999 100.607 100.589 100.559 100.513 100.462 -9999 -9999 -9999 100.232 100.178 100.126 100.075 100.023 99.976 99.936 99.907 99.878 99.849 99.82 99.791 99.763 99.734 99.706 99.677 99.648 -9999 -9999 -9999 -9999 -9999 99.534 99.505 99.486 99.469 99.447 -9999 -9999 -9999 -9999 -9999 -9999 -9999 -9999 -9999 -9999 -9999 -9999 -9999 -9999 -9999 -9999 -9999 -9999 -9999 -9999 -9999 -9999 -9999 -9999 -9999 -9999 -9999 -9999 -9999
100.752 100.741 100.73 -9999 -9999 -9999 100.685 100.672 100.66 -9999 100.631 -9999 100.585 100.544 100.497 -9999 100.395 100.337 100.28 -9999 100.174 100.123 100.071 100.018 99.974 99.939 99.91 99.881 99.853 99.825 99.797 99.77 99.745 99.721 99.697 99.674 99.655 99.638 -9999 99.609 99.59 99.575 99.558 99.538 99.515 99.491 99.465 -9999 -9999 -9999 -9999 -9999 -9999 -9999 -9999 -9999 -9999 -9999 -9999 -9999 -9999 -9999 -9999 -9999 -9999 -9999 -9999 -9999 -9999 -9999 -9999 -9999 -9999 -9999
100.786 100.775 -9999 -9999 -9999 -9999 100.714 100.701 100.688 -9999 100.655 -9999 100.612 100.576 -9999 100.482 100.432 100.382 100.329 100.274 100.222 100.17 100.118 100.064 100.014 99.971 99.942 99.913 99.886 99.86 99.838 99.817 99.796 99.776 99.754 99.733 99.713 99.7 99.687 99.674 99.66 99.643 99.623 99.602 99.581 99.558 99.534 99.507 99.481 99.462 -9999 -9999 -9999 -9999 -9999 -9999 -9999 -9999 -9999 -9999 -9999 -9999 -9999 -9999 -9999 -9999 -9999 -9999 -9999 -9999 -9999 -9999 -9999 -9999
-9999 100.811 -9999 -9999 -9999 -9999 100.745 100.732 100.717 100.699 -9999 -9999 100.638 100.606 -9999 100.513 100.466 100.418 100.369 100.321 100.269 100.217 100.164 100.11 100.056 100.01 99.974 99.949 99.927 99.907 99.888 99.869 99.85 99.831 99.811 99.792 99.778 99.766 99.754 99.741 99.722 99.703 99.683 99.664 99.644 99.623 99.6 99.576 99.549 99.518 99.492 -9999 -9999 -9999 -9999 -9999 -9999 -9999 -9999 -9999 -9999 -9999 -9999 -9999 -9999 -9999 -9999 -9999 -9999 -9999 -9999 -9999 -9999 -9999
100.86 -9999 -9999 -9999 -9999 -9999 100.777 100.763 100.746 100.725 -9999 -9999 100.663 100.634 -9999 -9999 100.496 100.448 100.403 100.356 100.31 100.263 100.209 100.156 100.102 100.052 100.014 99.994 99.975 99.957 99.939 99.921 99.904 99.886 99.868 99.853 99.842 99.831 99.817 99.798 99.779 99.76 99.741 99.723 99.704 99.684 99.663 99.641 99.615 99.581 99.539 -9999 -9999 -9999 -9999 -9999 -9999 -9999 -9999 -9999 -9999 -9999 -9999 -9999 -9999 -9999 -9999 -9999 -9999 -9999 -9999 -9999 -9999 -9999
100.9 -9999 -9999 -9999 -9999 -9999 100.811 100.795 100.776 -9999 -9999 -9999 -9999 100.666 -9999 100.578 100.527 100.478 100.431 100.386 100.342 100.296 100.25 100.202 100.151 100.104 100.068 100.043 100.025 100.007 99.99 99.974 99.958 99.942 99.927 99.915 99.905 99.89 99.87 99.852 99.833 99.815 99.797 99.779 99.761 99.743 99.722 99.695 99.663 99.627 99.587 99.533 -9999 -9999 -9999 -9999 -9999 -9999 -9999 -9999 -9999 -9999 -9999 -9999 -9999 -9999 -9999 -9999 -9999 -9999 -9999 -9999 -9999 -9999
100.946 -9999 -9999 -9999 100.877 100.862 100.847 100.829 -9999 -9999 100.758 -9999 -9999 -9999 -9999 100.613 100.559 100.508 100.46 100.414 100.37 100.326 100.283 100.24 100.2 100.159 100.122 100.092 100.075 100.058 100.043 100.028 100.013 99.999 99.987 99.977 99.961 99.941 99.922 99.904 99.886 99.869 99.851 99.833 99.811 99.789 99.762 99.734 99.703 99.67 99.632 99.599 -9999 -9999 -9999 -9999 -9999 -9999 -9999 -9999 -9999 -9999 -9999 -9999 -9999 -9999 -9999 -9999 -9999 -9999 -9999 -9999 -9999 -9999
-9999 -9999 -9999 -9999 -9999 100.9 100.884 100.864 -9999 100.811 100.787 100.762 -9999 -9999 -9999 -9999 100.593 100.541 100.491 100.444 100.398 100.354 100.314 100.277 100.239 100.202 100.163 100.135 100.119 100.107 100.095 100.082 100.069 100.057 100.047 100.032 100.011 99.992 99.973 99.953 99.933 99.913 99.892 99.87 99.847 99.822 99.797 99.769 99.74 99.708 99.673 99.645 99.576 -9999 -9999 -9999 -9999 -9999 -9999 -9999 -9999 -9999 -9999 -9999 -9999 -9999 -9999 -9999 -9999 -9999 -9999 -9999 -9999 -9999
-9999 -9999 -9999 -9999 -9999 100.942 100.923 100.9 -9999 100.844 100.817 100.791 -9999 -9999 -9999 -9999 -9999 100.575 100.524 100.475 100.428 100.388 100.349 100.312 100.275 100.237 100.2 100.171 100.153 100.143 100.133 100.122 100.112 100.104 100.089 100.068 100.048 100.028 100.007 99.986 99.965 99.944 99.923 99.9 99.877 99.853 99.828 99.802 99.774 99.743 99.711 99.685 99.633 99.547 -9999 -9999 -9999 -9999 -9999 -9999 -9999 -9999 -9999 -9999 -9999 -9999 -9999 -9999 -9999 -9999 -9999 -9999 -9999 -9999
-9999 -9999 -9999 -9999 -9999 101.001 100.969 -9999 -9999 100.877 100.849 100.821 100.79 -9999 -9999 -9999 -9999 -9999 100.559 100.509 100.465 100.424 100.385 100.347 100.31 100.273 100.236 100.203 100.183 100.173 100.165 100.156 100.149 100.137 100.116 100.095 100.075 100.054 100.034 100.014 99.993 99.972 99.951 99.929 99.906 99.883 99.858 99.832 99.804 99.775 99.745 99.719 99.668 99.59 99.514 99.431 -9999 -9999 -9999 -9999 -9999 -9999 -9999 -9999 -9999 -9999 -9999 -9999 -9999 -9999 -9999 -9999 -9999 -9999
-9999 -9999 -9999 -9999 -9999 101.057 101.021 -9999 -9999 100.915 100.882 100.848 -9999 -9999 -9999 -9999 -9999 -9999 100.597 100.548 100.503 100.461 100.421 100.383 100.345 100.308 100.271 100.236 100.213 100.204 100.196 100.19 100.181 100.161 100.14 100.12 100.1 100.08 100.06 100.04 100.019 99.998 99.977 99.955 99.933 99.91 99.885 99.86 99.833 99.804 99.771 99.709 99.647 99.573 99.498 99.422 -9999 -9999 -9999 -9999 -9999 -9999 -9999 -9999 -9999 -9999 -9999 -9999 -9999 -9999 -9999 -9999 -9999 -9999
-9999 -9999 -9999 -9999 -9999 101.113 101.079 -9999 -9999 -9999 100.911 100.873 100.837 -9999 -9999 -9999 -9999 -9999 100.636 100.59 100.544 100.5 100.459 100.42 100.381 100.344 100.307 100.271 100.247 100.236 100.229 100.222 100.205 100.183 100.163 100.143 100.124 100.104 100.085 100.065 100.044 100.023 100.002 99.981 99.958 99.935 99.911 99.886 99.859 99.823 99.759 99.685 99.612 99.539 99.466 99.392 -9999 -9999 -9999 -9999 -9999 -9999 -9999 -9999 -9999 -9999 -9999 -9999 -9999 -9999 -9999 -9999 -9999 -9999
-9999 -9999 -9999 -9999 101.205 101.174 101.137 -9999 -9999 -9999 -9999 -9999 -9999 -9999 -9999 -9999 -9999 -9999 100.667 100.632 100.585 100.54 100.498 100.458 100.419 100.381 100.344 100.307 100.281 100.268 100.262 100.249 100.227 100.206 100.186 100.167 100.147 100.128 100.109 100.088 100.068 100.047 100.026 100.004 99.982 99.959 99.935 99.91 99.875 99.803 99.725 99.652 99.58 99.509 99.437 99.365 99.302 -9999 -9999 -9999 -9999 -9999 -9999 -9999 -9999 -9999 -9999 -9999 -9999 -9999 -9999 -9999 -9999 -9999
-9999 -9999 -9999 101.29 101.264 101.235 101.196 -9999 -9999 -9999 -9999 -9999 -9999 -9999 -9999 -9999 100.749 100.722 100.694 100.663 100.628 100.583 100.539 100.497 100.457 100.419 100.381 100.344 100.316 100.301 100.292 100.271 100.249 100.228 100.208 100.189 100.171 100.151 100.132 100.111 100.091 100.07 100.049 100.027 100.005 99.982 99.958 99.925 99.853 99.77 99.695 99.623 99.552 99.482 99.411 99.34 99.273 -9999 -9999 -9999 -9999 -9999 -9999 -9999 -9999 -9999 -9999 -9999 -9999 -9999 -9999 -9999 -9999 -9999
-9999 -9999 -9999 101.353 101.325 101.289 -9999 -9999 -9999 -9999 -9999 -9999 -9999 -9999 -9999 -9999 100.773 100.742 100.714 100.689 100.658 100.625 100.582 100.539 100.497 100.458 100.419 100.381 100.351 100.334 100.318 100.293 100.27 100.249 100.23 100.212 100.193 100.174 100.154 100.133 100.113 100.092 100.071 100.049 100.027 100.004 99.973 99.905 99.821 99.741 99.668 99.597 99.527 99.457 99.387 99.317 99.247 -9999 -9999 -9999 -9999 -9999 -9999 -9999 -9999 -9999 -9999 -9999 -9999 -9999 -9999 -9999 -9999 -9999
-9999 -9999 -9999 -9999 -9999 -9999 -9999 -9999 -9999 -9999 -9999 -9999 -9999 -9999 -9999 -9999 100.794 100.763 100.735 100.708 100.683 100.654 100.622 100.583 100.539 100.497 100.456 100.418 100.386 100.365 100.341 100.315 100.292 100.271 100.252 100.234 100.215 100.195 100.175 100.155 100.134 100.113 100.092 100.07 100.048 100.02 99.96 99.876 99.792 99.716 99.644 99.573 99.503 99.434 99.365 99.296 99.224 -9999 -9999 -9999 -9999 -9999 -9999 -9999 -9999 -9999 -9999 -9999 -9999 -9999 -9999 -9999 -9999 -9999
-9999 -9999 -9999 -9999 -9999 -9999 -9999 -9999 -9999 -9999 -9999 -9999 -9999 -9999 -9999 100.863 100.817 100.785 100.756 100.728 100.702 100.677 100.648 100.616 100.579 100.536 100.495 100.456 100.422 100.394 100.365 100.338 100.314 100.293 100.273 100.254 100.235 100.216 100.196 100.175 100.155 100.134 100.113 100.091 100.066 100.018 99.933 99.848 99.767 99.693 99.622 99.551 99.482 99.413 99.344 99.275 99.203 -9999 -9999 -9999 -9999 -9999 -9999 -9999 -9999 -9999 -9999 -9999 -9999 -9999 -9999 -9999 -9999 -9999
-9999 -9999 -9999 -9999 -9999 -9999 -9999 -9999 -9999 -9999 -9999 -9999 -9999 -9999 -9999 100.891 100.842 100.808 100.777 100.748 100.719 100.69 100.663 100.635 100.604 100.572 100.534 100.495 100.457 100.42 100.39 100.362 100.337 100.315 100.294 100.275 100.255 100.236 100.216 100.196 100.176 100.155 100.133 100.111 100.075 99.993 99.908 99.824 99.746 99.673 99.601 99.531 99.461 99.393 99.324 99.256 99.183 -9999 -9999 -9999 -9999 -9999 -9999 -9999 -9999 -9999 -9999 -9999 -9999 -9999 -9999 -9999 -9999 -9999
-9999 -9999 -9999 -9999 -9999 -9999 -9999 -9999 -9999 -9999 -9999 -9999 -9999 -9999 100.975 100.916 100.868 100.829 100.794 100.761 100.73 100.7 100.672 100.646 100.62 100.592 100.563 100.533 100.492 100.448 100.416 100.388 100.362 100.338 100.316 100.296 100.276 100.257 100.237 100.217 100.196 100.176 100.154 100.126 100.058 99.971 99.885 99.803 99.728 99.654 99.582 99.512 99.442 99.374 99.305 99.235 99.16 99.087 -9999 -9999 -9999 -9999 -9999 -9999 -9999 -9999 -9999 -9999 -9999 -9999 -9999 -9999 -9999 -9999
