Validation/Results/raw data/ReClimate_01_2024_2weatherlogisticsltd.asc
NCOLS 192
NROWS 249
XLLCENTER -225160.85627316462
YLLCENTER 29788.11610251502
CELLSIZE 5000.0
NODATA_VALUE -9999
[rows 132 to 164 of 249, columns 75 to 149 of 192]
-9999 -9999 -9999 -9999 -9999 -9999 -9999 -9999 -9999 -9999 -9999 -9999 98.406 97.752 96.614 95.139 95.88 95.604 94.628 95.228 96.066 97.312 98.157 97.645 97.651 97.942 97.289 97.334 97.839 97.496 99.627 100.719 99.032 98.085 97.543 97.583 98.77 99.14 98.528 98.342 98.218 99.372 103.43 103.668 103.903 104.124 104.281 104.418 104.559 104.703 104.84 104.962 105.061 105.148 105.221 105.278 105.323 -9999 -9999 -9999 -9999 -9999 -9999 -9999 -9999 -9999 -9999 -9999 -9999 -9999 -9999 -9999 -9999 -9999 -9999
-9999 -9999 -9999 -9999 -9999 -9999 -9999 -9999 -9999 -9999 -9999 -9999 98.66 98.284 97.235 96.396 96.074 95.639 96.071 96.521 97.599 98.915 97.995 96.2 96.886 98.336 98.048 97.449 97.818 99.063 99.919 100.587 99.882 99.148 99.489 100.374 100.846 101.627 101.596 101.764 101.684 102.72 103.705 103.935 104.167 104.373 104.531 104.683 104.831 104.961 105.063 105.165 105.252 105.324 105.386 105.436 105.477 -9999 -9999 -9999 -9999 -9999 -9999 -9999 -9999 -9999 -9999 -9999 -9999 -9999 -9999 -9999 -9999 -9999 -9999
-9999 -9999 -9999 -9999 -9999 -9999 -9999 -9999 -9999 -9999 -9999 99.337 99.103 99.223 98.417 97.456 96.7 95.257 95.665 96.253 97.433 98.861 98.03 98.284 98.721 97.707 97.223 97.105 98.192 99.298 99.793 100.018 99.542 99.078 99.53 99.459 100.106 100.741 100.733 100.397 100.982 103.768 104.023 104.28 104.511 104.665 104.808 104.941 105.061 105.168 105.265 105.351 105.429 105.496 105.554 105.6 105.635 105.621 -9999 -9999 -9999 -9999 -9999 -9999 -9999 -9999 -9999 -9999 -9999 -9999 -9999 -9999 -9999 -9999 -9999
-9999 -9999 -9999 -9999 -9999 -9999 -9999 -9999 -9999 -9999 100.666 -9999 100.851 100.785 100.214 100.09 99.311 99.22 99.829 100.685 100.978 99.911 100.001 99.888 99.455 99.621 99.339 99.026 98.963 97.169 97.825 99.131 99.624 101.38 101.547 102.009 102.498 102.85 102.69 102.675 103.994 104.116 104.377 104.609 104.762 104.898 105.024 105.141 105.248 105.348 105.438 105.52 105.594 105.658 105.712 105.754 105.784 105.779 -9999 -9999 -9999 -9999 -9999 -9999 -9999 -9999 -9999 -9999 -9999 -9999 -9999 -9999 -9999 -9999 -9999
102.434 -9999 -9999 -9999 -9999 -9999 -9999 -9999 -9999 -9999 101.707 -9999 101.267 100.723 100.27 99.267 99.344 99.729 99.656 98.209 97.728 98.187 98.513 99.671 99.79 99.797 99.496 99.395 98.731 99.443 -9999 -9999 -9999 -9999 -9999 -9999 102.241 101.926 101.98 102.078 102.786 104.458 104.685 104.843 104.976 105.1 105.216 105.323 105.423 105.516 105.602 105.68 105.75 105.811 105.862 105.9 105.925 105.924 105.829 -9999 -9999 -9999 -9999 -9999 -9999 -9999 -9999 -9999 -9999 -9999 -9999 -9999 -9999 -9999 -9999
102.559 101.731 -9999 -9999 -9999 -9999 -9999 -9999 -9999 -9999 101.92 101.958 101.856 102.363 101.496 100.664 100.769 100.614 99.606 98.886 99.481 100.567 101.039 100.716 100.382 99.414 99.525 100.269 101.082 102.267 -9999 -9999 -9999 -9999 101.511 102.249 102.234 101.755 102.073 102.898 104.546 104.769 104.927 105.056 105.177 105.29 105.395 105.495 105.588 105.675 105.754 105.829 105.897 105.956 106.005 106.04 106.061 106.059 106.03 -9999 -9999 -9999 -9999 -9999 -9999 -9999 -9999 -9999 -9999 -9999 -9999 -9999 -9999 -9999 -9999
103.051 103.103 102.697 -9999 -9999 -9999 -9999 -9999 -9999 -9999 102.02 101.379 101.561 -9999 -9999 100.679 100.492 100.305 99.768 -9999 98.867 98.682 98.833 99.754 99.194 98.978 99.51 100.161 -9999 -9999 -9999 -9999 -9999 101.911 102.549 102.881 102.67 102.583 102.889 103.474 104.864 105.015 105.141 105.257 105.366 105.468 105.565 105.656 105.742 105.824 105.9 105.97 106.036 106.094 106.143 106.176 106.191 106.189 106.171 -9999 -9999 -9999 -9999 -9999 -9999 -9999 -9999 -9999 -9999 -9999 -9999 -9999 -9999 -9999 -9999
104.135 102.874 103.063 -9999 -9999 -9999 -9999 -9999 -9999 -9999 -9999 101.538 101.792 -9999 -9999 -9999 101.439 101.024 100.746 100.676 -9999 -9999 99.845 100.68 100.29 99.552 99.919 -9999 -9999 -9999 -9999 -9999 101.143 101.238 101.523 101.768 101.699 101.511 101.499 102.892 105.109 105.231 105.343 105.447 105.545 105.637 105.726 105.81 105.889 105.965 106.035 106.103 106.166 106.224 106.274 106.309 106.317 106.305 106.281 -9999 -9999 -9999 -9999 -9999 -9999 -9999 -9999 -9999 -9999 -9999 -9999 -9999 -9999 -9999 -9999
101.957 103.105 -9999 -9999 -9999 -9999 -9999 -9999 -9999 -9999 -9999 -9999 101.979 -9999 -9999 -9999 -9999 101.553 101.412 101.236 -9999 -9999 -9999 100.03 98.166 -9999 -9999 -9999 -9999 -9999 -9999 -9999 101.255 101.229 101.812 103.004 103.113 103.656 103.96 105.207 105.327 105.435 105.534 105.626 105.714 105.799 105.879 105.956 106.029 106.099 106.165 106.226 106.286 106.342 106.394 106.435 106.436 106.409 106.376 -9999 -9999 -9999 -9999 -9999 -9999 -9999 -9999 -9999 -9999 -9999 -9999 -9999 -9999 -9999 -9999
103.246 -9999 -9999 -9999 -9999 -9999 -9999 -9999 -9999 -9999 -9999 -9999 101.934 -9999 -9999 -9999 -9999 -9999 101.587 101.681 -9999 -9999 -9999 -9999 -9999 -9999 -9999 -9999 -9999 -9999 -9999 -9999 101.86 98.902 99.35 98.792 100.361 104.007 104.492 105.427 105.534 105.628 105.715 105.798 105.877 105.954 106.027 106.097 106.164 106.227 106.286 106.343 106.396 106.446 106.49 106.522 106.526 106.497 106.46 106.441 -9999 -9999 -9999 -9999 -9999 -9999 -9999 -9999 -9999 -9999 -9999 -9999 -9999 -9999 -9999
-9999 103.18 103.704 103.976 103.826 -9999 -9999 -9999 -9999 -9999 -9999 -9999 101.904 -9999 -9999 -9999 -9999 -9999 -9999 -9999 -9999 -9999 -9999 -9999 -9999 -9999 -9999 -9999 -9999 -9999 -9999 102.616 101.299 100.336 100.636 102.225 104.182 104.42 105.139 105.634 105.73 105.812 105.889 105.963 106.035 106.104 106.171 106.234 106.294 106.353 106.417 106.479 106.534 106.582 106.621 106.645 106.647 106.625 106.589 106.546 106.504 -9999 -9999 -9999 -9999 -9999 -9999 -9999 -9999 -9999 -9999 -9999 -9999 -9999 -9999
103.41 103.197 103.722 104.296 103.982 -9999 -9999 -9999 -9999 -9999 -9999 -9999 -9999 -9999 -9999 -9999 -9999 -9999 -9999 -9999 -9999 -9999 -9999 -9999 -9999 -9999 -9999 -9999 -9999 -9999 100.419 100.775 100.861 102.391 102.879 101.838 102.277 103.2 104.145 105.831 105.915 105.989 106.058 106.125 106.19 106.252 106.314 106.383 106.456 106.525 106.591 106.647 106.698 106.74 106.771 106.788 106.788 106.769 106.737 106.695 106.644 -9999 -9999 -9999 -9999 -9999 -9999 -9999 -9999 -9999 -9999 -9999 -9999 -9999 -9999
103.315 102.992 103.214 -9999 102.801 103.231 -9999 -9999 -9999 -9999 -9999 -9999 -9999 -9999 -9999 -9999 -9999 -9999 -9999 -9999 -9999 -9999 -9999 -9999 -9999 -9999 -9999 -9999 -9999 -9999 103.79 103.09 103.984 104.057 103.516 103.375 103.98 104.201 105.378 106.022 106.094 106.16 106.223 106.283 106.346 106.424 106.504 106.583 106.654 106.719 106.776 106.824 106.866 106.899 106.923 106.934 106.931 106.914 106.885 106.844 106.778 106.671 106.514 -9999 -9999 -9999 -9999 -9999 -9999 -9999 -9999 -9999 -9999 -9999 -9999
103.3 103.398 103.283 -9999 -9999 103.05 -9999 -9999 -9999 -9999 -9999 -9999 -9999 -9999 -9999 -9999 -9999 -9999 -9999 -9999 -9999 -9999 -9999 -9999 -9999 -9999 -9999 -9999 -9999 -9999 103.833 104.513 104.712 105.003 104.593 103.506 103.971 104.884 105.531 106.209 106.271 106.329 106.39 106.468 106.557 106.641 106.717 106.787 106.851 106.907 106.955 106.997 107.032 107.058 107.075 107.081 107.076 107.059 107.031 106.991 106.903 106.775 106.624 106.467 106.298 106.091 -9999 -9999 -9999 -9999 -9999 -9999 -9999 -9999 -9999
103.489 103.62 103.652 103.668 -9999 103.376 -9999 -9999 -9999 -9999 -9999 -9999 -9999 -9999 -9999 -9999 -9999 -9999 -9999 -9999 -9999 -9999 -9999 -9999 -9999 -9999 -9999 -9999 -9999 100.17 104.123 104.776 105.085 105.376 104.897 105.044 105.566 105.57 106.097 106.397 106.452 106.52 106.612 106.701 106.782 106.857 106.925 106.988 107.044 107.093 107.136 107.17 107.198 107.219 107.23 107.233 107.225 107.207 107.18 107.114 107.013 106.875 106.726 106.568 106.411 106.247 106.069 105.974 -9999 -9999 -9999 -9999 -9999 -9999 -9999
102.156 104.101 103.968 -9999 103.655 -9999 -9999 -9999 -9999 -9999 -9999 -9999 -9999 -9999 -9999 -9999 -9999 -9999 -9999 -9999 -9999 -9999 -9999 -9999 -9999 -9999 -9999 -9999 -9999 -9999 102.421 105.106 105.397 105.625 105.715 105.644 105.652 105.684 106.089 106.595 106.676 106.769 106.854 106.932 107.004 107.07 107.131 107.186 107.235 107.278 107.314 107.344 107.367 107.383 107.391 107.39 107.38 107.362 107.314 107.231 107.119 107.0 106.872 106.733 106.582 106.424 106.257 106.108 106.109 -9999 -9999 -9999 -9999 -9999 -9999
103.929 103.59 103.373 103.285 103.455 -9999 -9999 -9999 -9999 -9999 -9999 -9999 -9999 -9999 -9999 -9999 -9999 -9999 -9999 -9999 -9999 -9999 -9999 -9999 -9999 -9999 -9999 -9999 -9999 -9999 -9999 100.956 102.251 105.869 105.616 104.877 105.071 105.65 106.218 106.853 106.94 107.02 107.093 107.161 107.224 107.283 107.336 107.384 107.427 107.465 107.497 107.521 107.54 107.552 107.557 107.553 107.542 107.511 107.455 107.373 107.271 107.164 107.048 106.922 106.785 106.638 106.482 106.328 106.201 106.283 -9999 -9999 -9999 -9999 -9999
103.494 103.573 103.46 103.257 -9999 -9999 -9999 -9999 -9999 -9999 -9999 -9999 -9999 -9999 -9999 -9999 -9999 -9999 -9999 -9999 -9999 -9999 -9999 -9999 -9999 -9999 -9999 -9999 -9999 -9999 -9999 101.258 105.354 104.073 104.264 105.983 106.253 106.152 106.739 107.132 107.204 107.27 107.332 107.39 107.445 107.495 107.542 107.584 107.622 107.654 107.682 107.702 107.718 107.727 107.729 107.726 107.719 107.681 107.615 107.535 107.445 107.346 107.237 107.119 106.992 106.859 106.72 106.582 106.454 106.34 106.445 -9999 -9999 -9999 -9999
102.648 103.693 103.612 103.642 -9999 -9999 -9999 -9999 -9999 -9999 -9999 -9999 -9999 -9999 -9999 -9999 -9999 -9999 -9999 -9999 -9999 -9999 -9999 -9999 -9999 -9999 -9999 -9999 -9999 -9999 -9999 -9999 104.659 101.924 102.779 103.259 104.597 105.049 105.914 107.411 107.467 107.521 107.572 107.621 107.667 107.71 107.75 107.787 107.819 107.848 107.87 107.888 107.901 107.908 107.922 107.927 107.899 107.853 107.785 107.708 107.623 107.53 107.428 107.319 107.203 107.082 106.959 106.837 106.72 106.609 106.501 -9999 -9999 -9999 -9999
-9999 -9999 -9999 -9999 -9999 -9999 -9999 -9999 -9999 -9999 -9999 -9999 -9999 -9999 -9999 -9999 -9999 -9999 -9999 -9999 -9999 -9999 -9999 -9999 -9999 -9999 -9999 -9999 -9999 -9999 -9999 -9999 103.416 104.028 104.72 107.25 107.45 107.298 108.035 107.691 107.733 107.773 107.813 107.853 107.891 107.927 107.961 107.993 108.021 108.045 108.065 108.081 108.097 108.122 108.13 108.115 108.079 108.022 107.957 107.884 107.803 107.716 107.621 107.521 107.415 107.307 107.197 107.089 106.983 106.875 106.768 106.659 -9999 -9999 -9999
-9999 -9999 -9999 -9999 -9999 -9999 -9999 -9999 -9999 -9999 -9999 -9999 -9999 -9999 -9999 -9999 -9999 -9999 -9999 -9999 -9999 -9999 -9999 -9999 -9999 -9999 -9999 -9999 -9999 -9999 -9999 -9999 -9999 104.049 104.739 103.91 104.276 105.94 106.974 107.976 108.001 108.029 108.058 108.088 108.118 108.148 108.177 108.203 108.228 108.249 108.267 108.291 108.324 108.334 108.324 108.294 108.247 108.192 108.13 108.061 107.986 107.904 107.817 107.724 107.629 107.53 107.432 107.334 107.238 107.139 107.033 106.925 -9999 -9999 -9999
-9999 -9999 -9999 -9999 -9999 -9999 -9999 -9999 -9999 -9999 -9999 -9999 -9999 -9999 -9999 -9999 -9999 -9999 -9999 -9999 -9999 -9999 -9999 -9999 -9999 -9999 -9999 -9999 -9999 -9999 -9999 -9999 -9999 104.429 -9999 106.0 106.959 107.875 108.435 -9999 108.275 108.29 108.308 108.328 108.35 108.373 108.397 108.419 108.44 108.459 108.489 108.522 108.532 108.526 108.5 108.462 108.416 108.364 108.305 108.24 108.17 108.094 108.013 107.929 107.842 107.753 107.664 107.576 107.487 107.394 107.295 107.189 107.078 -9999 -9999
-9999 -9999 -9999 -9999 -9999 -9999 -9999 -9999 -9999 -9999 -9999 -9999 -9999 -9999 -9999 -9999 -9999 -9999 -9999 -9999 -9999 -9999 -9999 -9999 -9999 -9999 -9999 -9999 -9999 -9999 -9999 -9999 -9999 -9999 107.344 107.685 -9999 -9999 -9999 -9999 108.544 108.556 108.562 108.573 108.588 108.604 108.622 108.641 108.658 108.682 108.724 108.721 108.719 108.698 108.672 108.64 108.6 108.553 108.499 108.439 108.374 108.303 108.229 108.15 108.069 107.985 107.9 107.816 107.73 107.642 107.551 107.451 107.343 107.226 107.098
-9999 -9999 -9999 -9999 -9999 -9999 -9999 -9999 -9999 -9999 -9999 -9999 -9999 -9999 -9999 -9999 -9999 -9999 -9999 -9999 -9999 -9999 -9999 -9999 -9999 -9999 -9999 -9999 -9999 -9999 -9999 -9999 -9999 -9999 106.378 107.372 -9999 -9999 -9999 -9999 108.805 108.815 108.81 108.812 108.82 108.832 108.847 108.864 108.882 108.906 108.908 108.909 108.901 108.885 108.862 108.833 108.796 108.753 108.703 108.648 108.588 108.524 108.456 108.385 108.311 108.235 108.158 108.077 107.99 107.896 107.801 107.709 107.607 107.494 107.371
-9999 -9999 -9999 -9999 -9999 -9999 -9999 -9999 -9999 -9999 -9999 -9999 -9999 -9999 -9999 -9999 -9999 -9999 -9999 -9999 -9999 -9999 -9999 -9999 -9999 -9999 -9999 -9999 -9999 -9999 -9999 -9999 -9999 -9999 106.705 -9999 -9999 -9999 -9999 106.86 109.063 109.06 109.048 109.042 109.044 109.051 109.054 109.043 109.054 109.07 109.083 109.093 109.09 109.078 109.058 109.03 108.995 108.954 108.908 108.856 108.801 108.743 108.681 108.618 108.552 108.485 108.418 108.342 108.258 108.169 108.078 107.982 107.878 107.771 -9999
-9999 -9999 -9999 -9999 -9999 -9999 -9999 -9999 -9999 -9999 -9999 -9999 -9999 -9999 -9999 -9999 -9999 -9999 -9999 -9999 -9999 -9999 -9999 -9999 -9999 -9999 -9999 -9999 -9999 -9999 -9999 -9999 -9999 -9999 -9999 -9999 -9999 -9999 -9999 107.556 108.061 109.288 109.281 109.258 109.225 109.199 109.173 109.183 109.209 109.231 109.249 109.263 109.269 109.265 109.251 109.225 109.191 109.152 109.109 109.061 109.011 108.958 108.903 108.846 108.788 108.73 108.668 108.597 108.518 108.437 108.354 108.267 108.173 108.072 -9999
-9999 -9999 -9999 -9999 -9999 -9999 -9999 -9999 -9999 -9999 -9999 -9999 -9999 -9999 -9999 -9999 -9999 -9999 -9999 -9999 -9999 -9999 -9999 -9999 -9999 -9999 -9999 -9999 -9999 -9999 -9999 -9999 -9999 -9999 -9999 -9999 -9999 -9999 -9999 106.096 107.494 109.438 109.411 109.366 109.324 109.298 109.302 109.331 109.357 109.382 109.403 109.421 109.432 109.434 109.428 109.412 109.384 109.348 109.306 109.263 109.217 109.169 109.12 109.07 109.02 108.97 108.91 108.842 108.769 108.696 108.621 108.543 108.46 108.369 -9999
-9999 -9999 -9999 -9999 -9999 -9999 -9999 -9999 -9999 -9999 -9999 -9999 -9999 -9999 -9999 -9999 -9999 -9999 -9999 -9999 -9999 -9999 -9999 -9999 -9999 -9999 -9999 -9999 -9999 -9999 -9999 -9999 -9999 -9999 -9999 -9999 -9999 -9999 106.053 106.266 107.239 107.561 109.475 109.449 109.421 109.412 109.439 109.467 109.495 109.522 109.549 109.571 109.588 109.595 109.591 109.579 109.56 109.536 109.501 109.46 109.419 109.377 109.334 109.291 109.248 109.199 109.143 109.078 109.013 108.947 108.88 108.811 108.738 108.659 108.564
-9999 -9999 -9999 -9999 -9999 -9999 -9999 -9999 -9999 -9999 -9999 -9999 -9999 -9999 -9999 -9999 -9999 -9999 -9999 -9999 -9999 -9999 -9999 -9999 -9999 -9999 -9999 -9999 -9999 -9999 -9999 -9999 -9999 -9999 -9999 -9999 -9999 -9999 106.493 106.132 105.671 106.82 109.542 109.534 109.523 109.537 109.565 109.593 109.623 109.653 109.682 109.712 109.736 109.749 109.747 109.736 109.719 109.701 109.681 109.653 109.618 109.581 109.544 109.508 109.469 109.421 109.365 109.307 109.25 109.192 109.133 109.072 109.009 108.941 108.857
-9999 -9999 -9999 -9999 -9999 -9999 -9999 -9999 -9999 -9999 -9999 -9999 -9999 -9999 -9999 -9999 -9999 -9999 -9999 -9999 -9999 -9999 -9999 -9999 -9999 -9999 -9999 -9999 -9999 -9999 -9999 -9999 -9999 -9999 -9999 -9999 -9999 107.007 106.631 106.005 105.99 108.465 108.788 109.615 109.63 109.654 109.68 109.709 109.74 109.772 109.807 109.842 109.876 109.896 109.895 109.883 109.869 109.855 109.841 109.828 109.81 109.783 109.752 109.722 109.681 109.634 109.582 109.531 109.481 109.43 109.379 109.327 109.273 109.217 109.154
-9999 -9999 -9999 -9999 -9999 -9999 -9999 -9999 -9999 -9999 -9999 -9999 -9999 -9999 -9999 -9999 -9999 -9999 -9999 -9999 -9999 -9999 -9999 -9999 -9999 -9999 -9999 -9999 -9999 -9999 -9999 -9999 -9999 -9999 -9999 -9999 -9999 106.711 106.265 105.866 106.471 106.486 107.673 109.694 109.73 109.762 109.787 109.815 109.847 109.881 109.917 109.955 109.993 110.02 110.024 110.016 110.007 109.999 109.993 109.987 109.982 109.977 109.958 109.925 109.885 109.839 109.794 109.75 109.707 109.664 109.621 109.578 109.534 109.488 109.439
-9999 -9999 -9999 -9999 -9999 -9999 -9999 -9999 -9999 -9999 -9999 -9999 -9999 -9999 -9999 -9999 -9999 -9999 -9999 -9999 -9999 -9999 -9999 -9999 -9999 -9999 -9999 -9999 -9999 -9999 -9999 -9999 -9999 -9999 -9999 -9999 -9999 107.769 107.491 107.236 107.27 107.213 107.936 107.689 109.823 109.861 109.885 109.913 109.945 109.98 110.017 110.055 110.091 110.119 110.133 110.136 110.136 110.137 110.138 110.14 110.143 110.149 110.146 110.119 110.08 110.04 110.002 109.965 109.929 109.893 109.859 109.825 109.79 109.756 109.72
-9999 -9999 -9999 -9999 -9999 -9999 -9999 -9999 -9999 -9999 -9999 -9999 -9999 -9999 -9999 -9999 -9999 -9999 -9999 -9999 -9999 -9999 -9999 -9999 -9999 -9999 -9999 -9999 -9999 -9999 -9999 -9999 -9999 -9999 -9999 -9999 -9999 -9999 107.742 107.394 106.623 104.298 104.63 109.115 109.907 109.948 109.975 110.003 110.035 110.07 110.108 110.145 110.181 110.211 110.233 110.248 110.259 110.268 110.278 110.288 110.3 110.305 110.305 110.298 110.271 110.238 110.207 110.177 110.148 110.12 110.094 -9999 110.045 -9999 109.999
