Validation/Results/raw data/ReClimate_08_2024_2weatherlogisticsltd.asc
NCOLS 192
NROWS 249
XLLCENTER -225160.85627316462
YLLCENTER 29788.11610251502
CELLSIZE 5000.0
NODATA_VALUE -9999
[rows 132 to 164 of 249, columns 74 to 147 of 192]
-9999 -9999 -9999 -9999 -9999 -9999 -9999 -9999 -9999 -9999 -9999 -9999 -9999 115.808 116.006 116.427 116.857 117.301 117.766 118.14 118.522 119.04 119.726 120.067 120.183 120.544 120.92 121.323 122.209 123.524 124.707 125.818 126.854 127.71 128.412 129.377 130.52 131.541 132.545 133.57 134.614 135.622 136.698 138.376 140.573 142.736 144.819 146.588 148.237 149.849 151.428 152.971 154.45 155.87 157.248 158.585 159.878 161.098 -9999 -9999 -9999 -9999 -9999 -9999 -9999 -9999 -9999 -9999 -9999 -9999 -9999 -9999 -9999 -9999
116.441 -9999 -9999 -9999 -9999 -9999 -9999 -9999 -9999 -9999 -9999 -9999 -9999 115.931 116.334 116.76 117.18 117.62 118.075 118.504 118.93 119.536 120.08 120.299 120.567 120.955 121.332 121.82 122.886 124.174 125.331 126.411 127.429 128.298 129.157 130.267 131.431 132.379 133.259 134.279 135.343 136.397 137.706 139.685 141.866 144.001 145.932 147.624 149.261 150.847 152.368 153.79 155.197 156.549 157.851 159.119 160.361 161.586 -9999 -9999 -9999 -9999 -9999 -9999 -9999 -9999 -9999 -9999 -9999 -9999 -9999 -9999 -9999 -9999
117.02 -9999 -9999 -9999 -9999 -9999 -9999 -9999 -9999 -9999 -9999 -9999 115.924 116.206 116.651 117.086 117.512 117.944 118.39 118.853 119.299 119.799 120.219 120.572 120.969 121.364 121.755 122.395 123.612 124.889 126.036 127.108 128.136 129.05 129.878 130.954 131.987 132.929 133.99 135.024 136.088 137.202 138.769 141.028 143.234 145.276 146.981 148.612 150.178 151.68 153.119 154.507 155.839 157.138 158.398 159.623 160.819 161.994 163.058 -9999 -9999 -9999 -9999 -9999 -9999 -9999 -9999 -9999 -9999 -9999 -9999 -9999 -9999 -9999
117.192 -9999 -9999 -9999 -9999 -9999 -9999 -9999 -9999 -9999 -9999 116.045 -9999 116.507 116.961 117.406 117.843 118.277 118.73 119.194 119.657 120.115 120.587 120.992 121.378 121.789 122.198 122.979 124.331 125.606 126.766 127.813 128.747 129.748 130.829 131.864 132.933 133.901 134.772 135.802 136.884 138.185 140.197 142.428 144.512 146.245 147.876 149.437 150.937 152.383 153.778 155.119 156.426 157.691 158.917 160.106 161.262 162.392 163.439 -9999 -9999 -9999 -9999 -9999 -9999 -9999 -9999 -9999 -9999 -9999 -9999 -9999 -9999 -9999
117.37 117.277 -9999 -9999 -9999 -9999 -9999 -9999 -9999 -9999 -9999 116.204 -9999 116.802 117.267 117.724 118.175 118.622 119.078 119.546 120.024 120.499 120.93 121.361 121.809 122.238 122.665 123.575 125.043 126.312 127.487 -9999 -9999 -9999 -9999 -9999 -9999 134.667 135.583 136.68 137.871 139.412 141.584 143.678 145.453 147.092 148.66 150.168 151.621 153.025 154.385 155.702 156.973 158.212 159.411 160.57 161.692 162.783 163.811 164.522 -9999 -9999 -9999 -9999 -9999 -9999 -9999 -9999 -9999 -9999 -9999 -9999 -9999 -9999
117.386 117.346 117.364 -9999 -9999 -9999 -9999 -9999 -9999 -9999 -9999 116.389 116.602 117.092 117.572 118.043 118.509 118.974 119.44 119.922 120.41 120.88 121.348 121.813 122.264 122.713 123.18 124.229 125.722 127.009 128.201 -9999 -9999 -9999 -9999 133.392 134.373 135.394 136.545 137.72 138.945 140.713 142.821 144.626 146.277 147.855 149.37 150.832 152.245 153.614 154.943 156.228 157.483 158.701 159.881 161.019 162.113 163.168 164.172 165.132 -9999 -9999 -9999 -9999 -9999 -9999 -9999 -9999 -9999 -9999 -9999 -9999 -9999 -9999
117.155 117.601 117.547 117.45 -9999 -9999 -9999 -9999 -9999 -9999 -9999 116.658 116.876 117.267 -9999 -9999 118.851 119.335 119.82 120.317 -9999 121.276 121.803 122.279 122.75 123.22 123.761 124.898 126.389 -9999 -9999 -9999 -9999 -9999 133.175 134.178 135.24 136.425 137.587 138.736 140.064 141.934 143.758 145.427 147.017 148.543 150.014 151.437 152.816 154.155 155.458 156.725 157.955 159.158 160.326 161.452 162.525 163.546 164.532 165.497 -9999 -9999 -9999 -9999 -9999 -9999 -9999 -9999 -9999 -9999 -9999 -9999 -9999 -9999
118.227 118.074 117.736 117.599 -9999 -9999 -9999 -9999 -9999 -9999 -9999 -9999 117.178 117.453 -9999 -9999 -9999 119.71 120.22 120.681 121.002 -9999 -9999 122.789 123.274 123.765 124.381 125.523 -9999 -9999 -9999 -9999 -9999 132.906 133.956 135.087 136.295 137.461 138.597 139.717 141.102 142.839 144.535 146.142 147.683 149.167 150.602 151.992 153.341 154.653 155.931 157.171 158.389 159.578 160.738 161.864 162.929 163.916 164.855 165.79 -9999 -9999 -9999 -9999 -9999 -9999 -9999 -9999 -9999 -9999 -9999 -9999 -9999 -9999
116.894 117.012 117.857 -9999 -9999 -9999 -9999 -9999 -9999 -9999 -9999 -9999 -9999 117.988 -9999 -9999 -9999 -9999 120.643 121.057 121.429 -9999 -9999 -9999 124.078 124.373 -9999 -9999 -9999 -9999 -9999 -9999 -9999 133.682 134.894 136.142 137.329 138.47 139.566 140.582 141.854 143.592 145.224 146.784 148.287 149.738 151.143 152.504 153.826 155.112 156.366 157.589 158.781 159.953 161.103 162.232 163.314 164.265 165.149 166.048 -9999 -9999 -9999 -9999 -9999 -9999 -9999 -9999 -9999 -9999 -9999 -9999 -9999 -9999
117.539 117.973 -9999 -9999 -9999 -9999 -9999 -9999 -9999 -9999 -9999 -9999 -9999 118.334 -9999 -9999 -9999 -9999 -9999 121.607 122.181 -9999 -9999 -9999 -9999 -9999 -9999 -9999 -9999 -9999 -9999 -9999 -9999 134.631 135.953 137.181 138.342 139.418 140.348 141.22 142.593 144.256 145.837 147.367 148.843 150.269 151.648 152.983 154.279 155.54 156.768 157.96 159.133 160.282 161.407 162.508 163.559 164.521 165.393 166.279 167.167 -9999 -9999 -9999 -9999 -9999 -9999 -9999 -9999 -9999 -9999 -9999 -9999 -9999
118.217 -9999 117.58 117.851 118.05 117.997 -9999 -9999 -9999 -9999 -9999 -9999 -9999 118.752 -9999 -9999 -9999 -9999 -9999 -9999 -9999 -9999 -9999 -9999 -9999 -9999 -9999 -9999 -9999 -9999 -9999 -9999 134.305 135.717 137.008 138.197 139.239 140.119 140.928 141.856 143.255 144.847 146.398 147.908 149.348 150.735 152.076 153.377 154.644 155.88 157.091 158.283 159.447 160.568 161.653 162.705 163.711 164.656 165.547 166.437 167.349 168.286 -9999 -9999 -9999 -9999 -9999 -9999 -9999 -9999 -9999 -9999 -9999 -9999
118.123 117.842 117.629 117.901 118.188 118.135 -9999 -9999 -9999 -9999 -9999 -9999 -9999 -9999 -9999 -9999 -9999 -9999 -9999 -9999 -9999 -9999 -9999 -9999 -9999 -9999 -9999 -9999 -9999 -9999 -9999 134.119 135.413 136.778 137.964 138.971 139.867 140.703 141.487 142.448 143.852 145.385 146.879 148.33 149.725 151.069 152.37 153.636 154.877 156.091 157.276 158.435 159.557 160.668 161.748 162.803 163.823 164.769 165.667 166.561 167.469 168.406 -9999 -9999 -9999 -9999 -9999 -9999 -9999 -9999 -9999 -9999 -9999 -9999
117.535 117.461 117.643 117.936 -9999 118.261 118.21 -9999 -9999 -9999 -9999 -9999 -9999 -9999 -9999 -9999 -9999 -9999 -9999 -9999 -9999 -9999 -9999 -9999 -9999 -9999 -9999 -9999 -9999 -9999 -9999 134.997 136.369 137.57 138.619 139.573 140.445 141.237 141.977 142.953 144.378 145.877 147.317 148.709 150.055 151.361 152.643 153.888 155.094 156.262 157.4 158.51 159.585 160.652 161.701 162.73 163.743 164.739 165.709 166.663 167.586 168.425 169.096 169.537 -9999 -9999 -9999 -9999 -9999 -9999 -9999 -9999 -9999 -9999
116.616 116.923 117.633 118.017 -9999 -9999 118.337 -9999 -9999 -9999 -9999 -9999 -9999 -9999 -9999 -9999 -9999 -9999 -9999 -9999 -9999 -9999 -9999 -9999 -9999 -9999 -9999 -9999 -9999 -9999 -9999 135.685 137.028 138.181 139.206 140.118 140.941 141.702 142.416 143.415 144.859 146.333 147.73 149.082 150.412 151.707 152.95 154.145 155.299 156.419 157.509 158.561 159.604 160.629 161.637 162.631 163.614 164.593 165.576 166.577 167.582 168.361 168.93 169.397 169.871 170.342 170.455 -9999 -9999 -9999 -9999 -9999 -9999 -9999
116.292 116.882 117.693 118.197 118.567 -9999 118.74 -9999 -9999 -9999 -9999 -9999 -9999 -9999 -9999 -9999 -9999 -9999 -9999 -9999 -9999 -9999 -9999 -9999 -9999 -9999 -9999 -9999 -9999 -9999 134.761 136.271 137.624 138.743 139.722 140.598 141.396 142.137 142.836 143.845 145.29 146.748 148.144 149.511 150.811 152.051 153.239 154.383 155.488 156.561 157.606 158.628 159.62 160.606 161.579 162.543 163.5 164.459 165.427 166.415 167.274 168.021 168.63 169.181 169.68 170.147 170.62 171.106 169.908 -9999 -9999 -9999 -9999 -9999
115.458 116.584 118.576 118.798 -9999 119.239 -9999 -9999 -9999 -9999 -9999 -9999 -9999 -9999 -9999 -9999 -9999 -9999 -9999 -9999 -9999 -9999 -9999 -9999 -9999 -9999 -9999 -9999 -9999 -9999 -9999 136.82 138.165 139.246 140.196 141.049 141.828 142.552 143.238 144.242 145.689 147.194 148.612 149.933 151.181 152.368 153.506 154.601 155.661 156.691 157.695 158.667 159.633 160.585 161.527 162.463 163.398 164.338 165.291 166.16 166.907 167.518 168.102 168.703 169.303 169.807 170.267 170.747 171.218 170.324 -9999 -9999 -9999 -9999
116.91 118.24 119.129 119.429 119.756 120.09 -9999 -9999 -9999 -9999 -9999 -9999 -9999 -9999 -9999 -9999 -9999 -9999 -9999 -9999 -9999 -9999 -9999 -9999 -9999 -9999 -9999 -9999 -9999 -9999 -9999 -9999 138.695 139.722 140.642 141.475 142.237 142.947 143.621 144.635 146.156 147.664 149.039 150.315 151.516 152.657 153.75 154.802 155.82 156.809 157.775 158.722 159.645 160.566 161.48 162.391 163.305 164.228 165.089 165.796 166.385 166.937 167.496 168.071 168.671 169.3 169.834 170.315 170.785 171.242 170.399 -9999 -9999 -9999
118.824 119.513 119.858 120.21 120.568 -9999 -9999 -9999 -9999 -9999 -9999 -9999 -9999 -9999 -9999 -9999 -9999 -9999 -9999 -9999 -9999 -9999 -9999 -9999 -9999 -9999 -9999 -9999 -9999 -9999 -9999 -9999 139.107 140.173 141.064 141.878 142.627 143.33 144.041 145.152 146.612 148.083 149.421 150.658 151.819 152.919 153.971 154.984 155.963 156.916 157.847 158.761 159.654 160.547 161.436 162.325 163.215 164.032 164.708 165.291 165.806 166.333 166.875 167.437 168.021 168.63 169.267 169.845 170.326 170.778 171.128 170.106 -9999 -9999
119.868 120.237 120.611 120.993 121.447 -9999 -9999 -9999 -9999 -9999 -9999 -9999 -9999 -9999 -9999 -9999 -9999 -9999 -9999 -9999 -9999 -9999 -9999 -9999 -9999 -9999 -9999 -9999 -9999 -9999 -9999 -9999 -9999 140.565 141.454 142.198 142.854 143.758 144.598 145.64 147.015 148.455 149.76 150.963 152.089 153.154 154.17 155.148 156.093 157.013 157.912 158.789 159.662 160.529 161.395 162.238 163.013 163.664 164.221 164.72 165.226 165.742 166.273 166.82 167.388 167.977 168.591 169.231 169.831 170.311 170.67 170.836 -9999 -9999
120.413 -9999 -9999 -9999 -9999 -9999 -9999 -9999 -9999 -9999 -9999 -9999 -9999 -9999 -9999 -9999 -9999 -9999 -9999 -9999 -9999 -9999 -9999 -9999 -9999 -9999 -9999 -9999 -9999 -9999 -9999 -9999 -9999 140.869 141.809 142.571 143.603 144.476 145.128 146.091 147.369 148.783 150.06 151.234 152.329 153.363 154.348 155.294 156.209 157.099 157.97 158.82 159.668 160.502 161.311 162.042 162.653 163.192 163.677 164.166 164.662 165.167 165.685 166.218 166.769 167.339 167.932 168.549 169.196 169.811 170.161 170.319 170.419 -9999
121.259 -9999 -9999 -9999 -9999 -9999 -9999 -9999 -9999 -9999 -9999 -9999 -9999 -9999 -9999 -9999 -9999 -9999 -9999 -9999 -9999 -9999 -9999 -9999 -9999 -9999 -9999 -9999 -9999 -9999 -9999 -9999 -9999 -9999 142.134 142.994 143.873 144.687 145.544 146.505 147.676 149.068 150.322 151.472 152.541 153.548 154.505 155.424 156.311 157.174 158.019 158.852 159.653 160.435 161.107 161.682 162.198 162.672 163.147 163.626 164.111 164.605 165.111 165.63 166.164 166.717 167.29 167.887 168.514 169.155 169.603 169.755 169.852 -9999
122.052 -9999 -9999 -9999 -9999 -9999 -9999 -9999 -9999 -9999 -9999 -9999 -9999 -9999 -9999 -9999 -9999 -9999 -9999 -9999 -9999 -9999 -9999 -9999 -9999 -9999 -9999 -9999 -9999 -9999 -9999 -9999 -9999 -9999 142.575 -9999 144.337 145.206 146.053 146.861 -9999 149.314 150.55 151.679 152.726 153.709 154.642 155.537 156.4 157.239 158.061 158.844 159.584 160.198 160.748 161.234 161.699 162.163 162.629 163.098 163.572 164.055 164.548 165.053 165.573 166.109 166.665 167.244 167.852 168.422 168.9 169.162 169.283 169.379
-9999 -9999 -9999 -9999 -9999 -9999 -9999 -9999 -9999 -9999 -9999 -9999 -9999 -9999 -9999 -9999 -9999 -9999 -9999 -9999 -9999 -9999 -9999 -9999 -9999 -9999 -9999 -9999 -9999 -9999 -9999 -9999 -9999 -9999 -9999 143.893 144.797 -9999 -9999 -9999 -9999 149.453 150.743 151.855 152.884 153.848 154.76 155.634 156.476 157.294 158.086 158.791 159.301 159.831 160.293 160.738 161.177 161.618 162.062 162.511 162.968 163.436 163.915 164.409 164.921 165.452 166.008 166.593 167.205 167.708 168.109 168.484 168.701 168.801
-9999 -9999 -9999 -9999 -9999 -9999 -9999 -9999 -9999 -9999 -9999 -9999 -9999 -9999 -9999 -9999 -9999 -9999 -9999 -9999 -9999 -9999 -9999 -9999 -9999 -9999 -9999 -9999 -9999 -9999 -9999 -9999 -9999 -9999 -9999 144.127 145.167 -9999 -9999 -9999 -9999 149.394 150.705 151.798 152.816 153.778 154.698 155.588 156.458 157.274 157.926 158.41 158.881 159.325 159.76 160.188 160.61 161.033 161.46 161.893 162.334 162.785 163.248 163.725 164.219 164.733 165.272 165.841 166.402 166.885 167.272 167.678 168.059 168.221
-9999 -9999 -9999 -9999 -9999 -9999 -9999 -9999 -9999 -9999 -9999 -9999 -9999 -9999 -9999 -9999 -9999 -9999 -9999 -9999 -9999 -9999 -9999 -9999 -9999 -9999 -9999 -9999 -9999 -9999 -9999 -9999 -9999 -9999 -9999 144.161 -9999 -9999 -9999 -9999 148.206 149.278 150.506 151.592 152.597 153.549 154.464 155.32 156.064 156.701 157.257 157.79 158.34 158.795 159.213 159.625 160.037 160.449 160.865 161.285 161.713 162.149 162.595 163.055 163.529 164.023 164.539 165.084 165.561 165.966 166.338 166.74 167.18 167.547
-9999 -9999 -9999 -9999 -9999 -9999 -9999 -9999 -9999 -9999 -9999 -9999 -9999 -9999 -9999 -9999 -9999 -9999 -9999 -9999 -9999 -9999 -9999 -9999 -9999 -9999 -9999 -9999 -9999 -9999 -9999 -9999 -9999 -9999 -9999 -9999 -9999 -9999 -9999 -9999 148.162 149.074 150.232 151.339 152.303 153.148 153.947 154.656 155.296 155.887 156.457 157.012 157.555 158.095 158.601 159.065 159.481 159.883 160.288 160.697 161.112 161.533 161.964 162.407 162.863 163.337 163.832 164.312 164.727 165.066 165.415 165.79 166.201 166.658
-9999 -9999 -9999 -9999 -9999 -9999 -9999 -9999 -9999 -9999 -9999 -9999 -9999 -9999 -9999 -9999 -9999 -9999 -9999 -9999 -9999 -9999 -9999 -9999 -9999 -9999 -9999 -9999 -9999 -9999 -9999 -9999 -9999 -9999 -9999 -9999 -9999 -9999 -9999 -9999 148.017 148.769 149.725 150.769 151.664 152.468 153.209 153.882 154.504 155.095 155.663 156.212 156.748 157.278 157.808 158.343 158.862 159.32 159.729 160.127 160.529 160.937 161.354 161.78 162.219 162.674 163.149 163.548 163.885 164.195 164.521 164.871 165.252 165.673
-9999 -9999 -9999 -9999 -9999 -9999 -9999 -9999 -9999 -9999 -9999 -9999 -9999 -9999 -9999 -9999 -9999 -9999 -9999 -9999 -9999 -9999 -9999 -9999 -9999 -9999 -9999 -9999 -9999 -9999 -9999 -9999 -9999 -9999 -9999 -9999 -9999 -9999 -9999 147.085 147.608 148.194 148.968 150.002 150.928 151.722 152.452 153.12 153.745 154.338 154.905 155.452 155.984 156.506 157.024 157.545 158.074 158.617 159.141 159.573 159.964 160.359 160.761 161.172 161.594 162.031 162.43 162.777 163.058 163.349 163.654 163.979 164.331 164.718
-9999 -9999 -9999 -9999 -9999 -9999 -9999 -9999 -9999 -9999 -9999 -9999 -9999 -9999 -9999 -9999 -9999 -9999 -9999 -9999 -9999 -9999 -9999 -9999 -9999 -9999 -9999 -9999 -9999 -9999 -9999 -9999 -9999 -9999 -9999 -9999 -9999 -9999 -9999 146.61 147.129 147.628 148.337 149.221 150.15 150.975 151.706 152.38 153.011 153.608 154.177 154.725 155.256 155.774 156.282 156.79 157.303 157.828 158.368 158.925 159.392 159.797 160.185 160.581 160.987 161.38 161.714 161.991 162.254 162.526 162.809 163.11 163.434 163.789
-9999 -9999 -9999 -9999 -9999 -9999 -9999 -9999 -9999 -9999 -9999 -9999 -9999 -9999 -9999 -9999 -9999 -9999 -9999 -9999 -9999 -9999 -9999 -9999 -9999 -9999 -9999 -9999 -9999 -9999 -9999 -9999 -9999 -9999 -9999 -9999 -9999 -9999 145.61 146.151 146.664 147.157 147.721 148.437 149.38 150.232 150.973 151.656 152.294 152.896 153.471 154.024 154.557 155.074 155.577 156.072 156.571 157.08 157.6 158.137 158.694 159.21 159.624 160.005 160.39 160.71 160.982 161.224 161.469 161.722 161.985 162.262 162.558 162.881
-9999 -9999 -9999 -9999 -9999 -9999 -9999 -9999 -9999 -9999 -9999 -9999 -9999 -9999 -9999 -9999 -9999 -9999 -9999 -9999 -9999 -9999 -9999 -9999 -9999 -9999 -9999 -9999 -9999 -9999 -9999 -9999 -9999 -9999 -9999 -9999 -9999 -9999 145.165 145.701 146.21 146.706 147.182 147.826 148.609 149.478 150.249 150.941 151.587 152.196 152.777 153.335 153.874 154.394 154.896 155.383 155.87 156.363 156.867 157.384 157.919 158.475 159.025 159.443 159.753 160.022 160.247 160.473 160.701 160.935 161.177 161.43 161.699 161.991
-9999 -9999 -9999 -9999 -9999 -9999 -9999 -9999 -9999 -9999 -9999 -9999 -9999 -9999 -9999 -9999 -9999 -9999 -9999 -9999 -9999 -9999 -9999 -9999 -9999 -9999 -9999 -9999 -9999 -9999 -9999 -9999 -9999 -9999 -9999 -9999 -9999 -9999 144.726 145.26 145.778 146.272 146.741 147.25 147.903 148.731 149.526 150.228 150.884 151.502 152.09 152.656 153.198 153.72 154.223 154.71 155.19 155.673 156.162 156.662 157.176 157.709 158.265 158.781 159.099 159.316 159.526 159.736 159.947 160.161 160.382 160.611 160.853 161.113
-9999 -9999 -9999 -9999 -9999 -9999 -9999 -9999 -9999 -9999 -9999 -9999 -9999 -9999 -9999 -9999 -9999 -9999 -9999 -9999 -9999 -9999 -9999 -9999 -9999 -9999 -9999 -9999 -9999 -9999 -9999 -9999 -9999 -9999 -9999 -9999 -9999 -9999 -9999 144.891 145.361 145.848 146.31 146.759 147.321 147.981 148.793 149.514 150.18 150.808 151.405 151.978 152.525 153.051 153.557 154.046 154.525 155.002 155.48 155.965 156.461 156.972 157.459 157.931 158.366 158.621 158.817 159.01 159.203 159.398 159.596 159.801 -9999 160.245
