Validation/Results/raw data/ReClimate_05_2024_1_Temperature.asc
NCOLS 192
NROWS 249
XLLCENTER -225160.85627316462
YLLCENTER 29788.11610251502
CELLSIZE 5000.0
NODATA_VALUE -9999
[rows 136 to 169 of 249, columns 75 to 149 of 192]
-0.089 -9999 -9999 -9999 -9999 -9999 -9999 -9999 -9999 -9999 -0.041 -9999 -0.025 -0.015 -0.016 -0.02 -0.019 -0.02 -0.022 -0.026 -0.018 -0.009 -0.014 -0.022 -0.009 0.004 0.008 0.01 -0.003 -0.02 -9999 -9999 -9999 -9999 -9999 -9999 -0.026 -0.029 -0.028 -0.029 -0.022 -0.013 -0.012 -0.014 -0.014 -0.015 -0.018 -0.023 -0.017 -0.011 -0.013 -0.017 -0.017 -0.018 -0.022 -0.029 -0.031 -0.035 -0.035 -9999 -9999 -9999 -9999 -9999 -9999 -9999 -9999 -9999 -9999 -9999 -9999 -9999 -9999 -9999 -9999
-0.088 -0.085 -9999 -9999 -9999 -9999 -9999 -9999 -9999 -9999 -0.05 -0.057 -0.048 -0.04 -0.043 -0.04 -0.04 -0.037 -0.035 -0.026 -0.021 -0.015 -0.018 -0.018 -0.011 -0.011 -0.01 -0.011 -0.02 -0.025 -9999 -9999 -9999 -9999 -0.024 -0.019 -0.021 -0.027 -0.025 -0.02 -0.011 0.002 -0.0 -0.012 -0.013 -0.02 -0.018 -0.01 -0.004 -0.002 -0.005 -0.01 -0.01 -0.011 -0.008 -0.01 -0.014 -0.025 -0.035 -9999 -9999 -9999 -9999 -9999 -9999 -9999 -9999 -9999 -9999 -9999 -9999 -9999 -9999 -9999 -9999
-0.084 -0.082 -0.079 -9999 -9999 -9999 -9999 -9999 -9999 -9999 -0.071 -0.067 -0.059 -9999 -9999 -0.051 -0.049 -0.047 -0.037 -9999 -0.028 -0.021 -0.02 -0.02 -0.02 -0.02 -0.021 -0.023 -9999 -9999 -9999 -9999 -9999 -0.021 -0.02 -0.02 -0.024 -0.029 -0.024 -0.019 -0.008 0.005 -0.003 -0.014 -0.017 -0.023 -0.015 -0.006 -0.003 -0.0 -0.003 -0.009 -0.008 -0.01 -0.007 -0.005 -0.008 -0.013 -0.025 -9999 -9999 -9999 -9999 -9999 -9999 -9999 -9999 -9999 -9999 -9999 -9999 -9999 -9999 -9999 -9999
-0.075 -0.081 -0.077 -9999 -9999 -9999 -9999 -9999 -9999 -9999 -9999 -0.075 -0.07 -9999 -9999 -9999 -0.054 -0.055 -0.049 -0.045 -9999 -9999 -0.026 -0.025 -0.024 -0.015 -0.013 -9999 -9999 -9999 -9999 -9999 -0.014 -0.011 -0.007 -0.003 -0.006 -0.015 -0.013 -0.018 -0.01 -0.009 -0.011 -0.008 -0.007 -0.005 0.004 0.009 0.006 -0.013 -0.007 -0.007 -0.012 -0.016 -0.011 -0.008 -0.009 -0.013 -0.006 -9999 -9999 -9999 -9999 -9999 -9999 -9999 -9999 -9999 -9999 -9999 -9999 -9999 -9999 -9999 -9999
-0.076 -0.08 -9999 -9999 -9999 -9999 -9999 -9999 -9999 -9999 -9999 -9999 -0.078 -9999 -9999 -9999 -9999 -0.06 -0.057 -0.054 -9999 -9999 -9999 -0.031 -0.024 -9999 -9999 -9999 -9999 -9999 -9999 -9999 -0.016 -0.01 -0.004 0.001 -0.005 -0.013 -0.016 -0.02 -0.017 -0.017 -0.012 -0.008 -0.003 0.0 0.007 0.013 -0.001 -0.02 -0.014 -0.008 -0.012 -0.02 -0.015 -0.01 -0.011 -0.014 -0.007 -9999 -9999 -9999 -9999 -9999 -9999 -9999 -9999 -9999 -9999 -9999 -9999 -9999 -9999 -9999 -9999
-0.068 -9999 -9999 -9999 -9999 -9999 -9999 -9999 -9999 -9999 -9999 -9999 -0.08 -9999 -9999 -9999 -9999 -9999 -0.063 -0.056 -9999 -9999 -9999 -9999 -9999 -9999 -9999 -9999 -9999 -9999 -9999 -9999 -0.02 0.001 0.004 -0.0 -0.006 -0.016 -0.014 -0.003 -0.001 -0.003 0.005 0.013 0.014 0.004 0.009 0.009 0.001 -0.002 -0.001 0.002 -0.008 -0.018 -0.015 -0.011 -0.005 -0.004 -0.001 -0.001 -9999 -9999 -9999 -9999 -9999 -9999 -9999 -9999 -9999 -9999 -9999 -9999 -9999 -9999 -9999
-9999 -0.057 -0.064 -0.075 -0.074 -9999 -9999 -9999 -9999 -9999 -9999 -9999 -0.08 -9999 -9999 -9999 -9999 -9999 -9999 -9999 -9999 -9999 -9999 -9999 -9999 -9999 -9999 -9999 -9999 -9999 -9999 -0.027 -0.014 0.002 0.0 -0.004 -0.011 -0.02 -0.011 0.0 0.001 -0.001 0.009 0.019 0.013 0.003 0.005 0.005 0.004 0.002 0.004 0.003 -0.006 -0.019 -0.016 -0.013 -0.007 -0.001 0.002 0.004 -0.003 -9999 -9999 -9999 -9999 -9999 -9999 -9999 -9999 -9999 -9999 -9999 -9999 -9999 -9999
-0.066 -0.053 -0.056 -0.057 -0.055 -9999 -9999 -9999 -9999 -9999 -9999 -9999 -9999 -9999 -9999 -9999 -9999 -9999 -9999 -9999 -9999 -9999 -9999 -9999 -9999 -9999 -9999 -9999 -9999 -9999 -0.012 -0.013 -0.001 0.005 0.002 -0.007 -0.011 -0.012 -0.002 0.007 0.008 0.005 0.01 0.006 0.008 0.022 0.021 0.01 0.008 0.0 -0.0 -0.007 -0.006 -0.013 -0.004 0.003 0.003 0.006 0.01 0.014 0.011 -9999 -9999 -9999 -9999 -9999 -9999 -9999 -9999 -9999 -9999 -9999 -9999 -9999 -9999
-0.065 -0.053 -0.051 -9999 -0.051 -0.062 -9999 -9999 -9999 -9999 -9999 -9999 -9999 -9999 -9999 -9999 -9999 -9999 -9999 -9999 -9999 -9999 -9999 -9999 -9999 -9999 -9999 -9999 -9999 -9999 -0.009 -0.01 -0.004 0.002 -0.003 -0.011 -0.011 -0.011 -0.003 0.008 0.007 0.005 0.003 -0.002 0.012 0.026 0.02 0.01 0.005 -0.003 -0.006 -0.012 -0.012 -0.012 -0.003 0.006 0.007 0.006 0.011 0.016 0.013 0.007 -0.006 -9999 -9999 -9999 -9999 -9999 -9999 -9999 -9999 -9999 -9999 -9999 -9999
-0.067 -0.064 -0.065 -9999 -9999 -0.06 -9999 -9999 -9999 -9999 -9999 -9999 -9999 -9999 -9999 -9999 -9999 -9999 -9999 -9999 -9999 -9999 -9999 -9999 -9999 -9999 -9999 -9999 -9999 -9999 0.01 0.012 0.013 0.001 0.0 0.004 0.005 0.003 0.007 0.003 0.002 -0.001 -0.001 0.0 0.007 0.002 -0.0 0.006 0.001 -0.005 0.0 -0.0 -0.003 -0.005 0.005 0.016 0.011 0.007 0.007 0.008 0.013 0.012 0.01 -0.007 -0.021 -0.032 -9999 -9999 -9999 -9999 -9999 -9999 -9999 -9999 -9999
-0.072 -0.069 -0.072 -0.075 -9999 -0.066 -9999 -9999 -9999 -9999 -9999 -9999 -9999 -9999 -9999 -9999 -9999 -9999 -9999 -9999 -9999 -9999 -9999 -9999 -9999 -9999 -9999 -9999 -9999 -0.007 0.004 0.016 0.008 -0.002 0.002 0.007 0.007 0.006 0.002 -0.002 -0.003 -0.006 -0.003 -0.001 -0.004 -0.01 -0.004 0.002 -0.002 -0.008 -0.003 0.002 0.0 -0.005 0.006 0.017 0.013 0.005 0.005 0.003 0.008 0.012 0.011 0.007 -0.005 -0.007 -0.032 -0.021 -9999 -9999 -9999 -9999 -9999 -9999 -9999
-0.065 -0.064 -0.064 -9999 -0.062 -9999 -9999 -9999 -9999 -9999 -9999 -9999 -9999 -9999 -9999 -9999 -9999 -9999 -9999 -9999 -9999 -9999 -9999 -9999 -9999 -9999 -9999 -9999 -9999 -9999 -0.002 0.011 0.007 0.006 0.011 0.016 0.015 0.009 0.009 0.013 0.013 0.007 0.013 0.021 0.019 0.012 0.017 0.018 0.015 0.008 0.006 0.006 0.005 0.002 0.011 0.022 0.012 0.002 0.014 0.019 0.019 0.022 0.024 0.024 0.023 0.019 0.007 -0.022 -0.008 -9999 -9999 -9999 -9999 -9999 -9999
-0.064 -0.064 -0.062 -0.061 -0.069 -9999 -9999 -9999 -9999 -9999 -9999 -9999 -9999 -9999 -9999 -9999 -9999 -9999 -9999 -9999 -9999 -9999 -9999 -9999 -9999 -9999 -9999 -9999 -9999 -9999 -9999 0.004 0.006 0.006 0.011 0.016 0.012 0.007 0.011 0.017 0.015 0.01 0.018 0.027 0.024 0.018 0.02 0.022 0.018 0.012 0.01 0.005 0.005 0.002 0.011 0.021 0.012 -0.001 0.01 0.022 0.023 0.022 0.025 0.027 0.027 0.025 0.015 -0.001 -0.008 0.004 -9999 -9999 -9999 -9999 -9999
-0.07 -0.071 -0.067 -0.059 -9999 -9999 -9999 -9999 -9999 -9999 -9999 -9999 -9999 -9999 -9999 -9999 -9999 -9999 -9999 -9999 -9999 -9999 -9999 -9999 -9999 -9999 -9999 -9999 -9999 -9999 -9999 -0.006 -0.005 0.009 0.012 0.003 0.002 0.002 0.007 0.013 0.011 0.005 0.012 0.014 0.014 0.018 0.018 0.014 0.012 0.012 0.011 0.012 0.015 0.014 0.016 0.022 0.011 -0.004 0.005 0.016 0.013 0.009 0.019 0.026 0.029 0.03 0.031 0.024 0.011 -0.0 0.016 -9999 -9999 -9999 -9999
-0.075 -0.076 -0.069 -0.063 -9999 -9999 -9999 -9999 -9999 -9999 -9999 -9999 -9999 -9999 -9999 -9999 -9999 -9999 -9999 -9999 -9999 -9999 -9999 -9999 -9999 -9999 -9999 -9999 -9999 -9999 -9999 -9999 -0.005 0.006 0.002 -0.005 -0.003 -0.002 0.003 0.009 0.006 0.0 0.004 0.007 0.011 0.015 0.012 0.008 0.009 0.009 0.011 0.012 0.015 0.016 0.019 0.02 0.009 -0.007 0.002 0.012 0.008 0.002 0.011 0.023 0.026 0.028 0.03 0.029 0.018 0.002 0.013 -9999 -9999 -9999 -9999
-9999 -9999 -9999 -9999 -9999 -9999 -9999 -9999 -9999 -9999 -9999 -9999 -9999 -9999 -9999 -9999 -9999 -9999 -9999 -9999 -9999 -9999 -9999 -9999 -9999 -9999 -9999 -9999 -9999 -9999 -9999 -9999 -0.007 0.008 0.007 0.006 0.007 0.002 0.005 0.007 0.008 0.01 0.015 0.017 0.022 0.023 0.02 0.011 0.015 0.021 0.018 0.015 0.022 0.026 0.028 0.03 0.022 0.009 0.01 0.015 0.015 0.011 0.018 0.028 0.026 0.025 0.034 0.038 0.036 0.026 0.021 0.02 -9999 -9999 -9999
-9999 -9999 -9999 -9999 -9999 -9999 -9999 -9999 -9999 -9999 -9999 -9999 -9999 -9999 -9999 -9999 -9999 -9999 -9999 -9999 -9999 -9999 -9999 -9999 -9999 -9999 -9999 -9999 -9999 -9999 -9999 -9999 -9999 0.003 0.006 0.006 0.005 -0.0 0.002 0.003 0.008 0.012 0.016 0.019 0.022 0.024 0.018 0.009 0.017 0.023 0.02 0.013 0.02 0.027 0.029 0.03 0.023 0.012 0.013 0.013 0.013 0.011 0.019 0.026 0.025 0.021 0.029 0.038 0.036 0.031 0.028 0.021 -9999 -9999 -9999
-9999 -9999 -9999 -9999 -9999 -9999 -9999 -9999 -9999 -9999 -9999 -9999 -9999 -9999 -9999 -9999 -9999 -9999 -9999 -9999 -9999 -9999 -9999 -9999 -9999 -9999 -9999 -9999 -9999 -9999 -9999 -9999 -9999 -0.01 -9999 0.003 0.002 -0.003 -0.0 -9999 0.015 0.022 0.027 0.03 0.033 0.032 0.031 0.03 0.032 0.023 0.026 0.024 0.025 0.028 0.029 0.029 0.028 0.022 0.024 0.025 0.017 0.012 0.013 0.017 0.03 0.035 0.038 0.043 0.042 0.038 0.042 0.042 0.025 -9999 -9999
-9999 -9999 -9999 -9999 -9999 -9999 -9999 -9999 -9999 -9999 -9999 -9999 -9999 -9999 -9999 -9999 -9999 -9999 -9999 -9999 -9999 -9999 -9999 -9999 -9999 -9999 -9999 -9999 -9999 -9999 -9999 -9999 -9999 -9999 -0.018 -0.002 -9999 -9999 -9999 -9999 0.017 0.023 0.028 0.031 0.033 0.033 0.034 0.035 0.029 0.019 0.023 0.025 0.026 0.025 0.026 0.025 0.024 0.022 0.024 0.026 0.019 0.009 0.01 0.011 0.023 0.037 0.04 0.042 0.041 0.037 0.041 0.045 0.031 0.011 0.012
-9999 -9999 -9999 -9999 -9999 -9999 -9999 -9999 -9999 -9999 -9999 -9999 -9999 -9999 -9999 -9999 -9999 -9999 -9999 -9999 -9999 -9999 -9999 -9999 -9999 -9999 -9999 -9999 -9999 -9999 -9999 -9999 -9999 -9999 -0.02 -0.014 -9999 -9999 -9999 -9999 0.018 0.029 0.033 0.031 0.029 0.016 0.016 0.013 0.009 0.01 0.022 0.029 0.032 0.033 0.024 0.017 0.021 0.022 0.026 0.029 0.026 0.019 0.013 0.009 0.017 0.027 0.031 0.032 0.044 0.048 0.038 0.034 0.032 0.02 0.014
-9999 -9999 -9999 -9999 -9999 -9999 -9999 -9999 -9999 -9999 -9999 -9999 -9999 -9999 -9999 -9999 -9999 -9999 -9999 -9999 -9999 -9999 -9999 -9999 -9999 -9999 -9999 -9999 -9999 -9999 -9999 -9999 -9999 -9999 -0.023 -9999 -9999 -9999 -9999 0.017 0.022 0.027 0.028 0.026 0.018 0.005 0.004 -0.0 0.002 0.002 0.014 0.027 0.03 0.031 0.023 0.011 0.015 0.018 0.023 0.026 0.024 0.02 0.014 0.006 0.013 0.02 0.023 0.025 0.036 0.047 0.039 0.026 0.025 0.02 -9999
-9999 -9999 -9999 -9999 -9999 -9999 -9999 -9999 -9999 -9999 -9999 -9999 -9999 -9999 -9999 -9999 -9999 -9999 -9999 -9999 -9999 -9999 -9999 -9999 -9999 -9999 -9999 -9999 -9999 -9999 -9999 -9999 -9999 -9999 -9999 -9999 -9999 -9999 -9999 0.01 0.017 0.029 0.029 0.019 0.014 0.01 0.009 0.008 0.009 0.006 0.015 0.021 0.016 0.012 0.02 0.018 0.016 0.015 0.023 0.029 0.03 0.027 0.034 0.034 0.019 0.014 0.023 0.028 0.03 0.036 0.03 0.02 0.018 0.014 -9999
-9999 -9999 -9999 -9999 -9999 -9999 -9999 -9999 -9999 -9999 -9999 -9999 -9999 -9999 -9999 -9999 -9999 -9999 -9999 -9999 -9999 -9999 -9999 -9999 -9999 -9999 -9999 -9999 -9999 -9999 -9999 -9999 -9999 -9999 -9999 -9999 -9999 -9999 -9999 0.003 0.013 0.025 0.021 0.012 0.011 0.007 0.008 0.007 0.006 0.003 0.009 0.014 0.009 0.001 0.009 0.017 0.015 0.011 0.019 0.027 0.028 0.026 0.033 0.04 0.027 0.008 0.017 0.026 0.027 0.028 0.022 0.014 0.012 0.01 -9999
-9999 -9999 -9999 -9999 -9999 -9999 -9999 -9999 -9999 -9999 -9999 -9999 -9999 -9999 -9999 -9999 -9999 -9999 -9999 -9999 -9999 -9999 -9999 -9999 -9999 -9999 -9999 -9999 -9999 -9999 -9999 -9999 -9999 -9999 -9999 -9999 -9999 -9999 -0.006 -0.002 0.004 0.003 -0.0 -0.002 -0.002 -0.002 0.0 0.003 0.006 0.015 0.014 0.014 0.013 0.008 0.009 0.014 0.008 0.002 0.004 0.008 0.019 0.024 0.03 0.036 0.029 0.016 0.02 0.027 0.026 0.025 0.024 0.018 0.019 0.009 0.015
-9999 -9999 -9999 -9999 -9999 -9999 -9999 -9999 -9999 -9999 -9999 -9999 -9999 -9999 -9999 -9999 -9999 -9999 -9999 -9999 -9999 -9999 -9999 -9999 -9999 -9999 -9999 -9999 -9999 -9999 -9999 -9999 -9999 -9999 -9999 -9999 -9999 -9999 -0.006 -0.008 -0.009 -0.011 -0.011 -0.013 -0.01 -0.009 -0.005 -0.003 0.007 0.016 0.014 0.01 0.009 0.006 0.008 0.008 0.003 -0.006 -0.003 -0.001 0.009 0.02 0.026 0.031 0.025 0.015 0.02 0.024 0.023 0.021 0.019 0.016 0.017 0.017 0.014
-9999 -9999 -9999 -9999 -9999 -9999 -9999 -9999 -9999 -9999 -9999 -9999 -9999 -9999 -9999 -9999 -9999 -9999 -9999 -9999 -9999 -9999 -9999 -9999 -9999 -9999 -9999 -9999 -9999 -9999 -9999 -9999 -9999 -9999 -9999 -9999 -9999 -0.009 -0.007 -0.006 -0.003 0.002 -0.002 -0.018 -0.013 -0.005 -0.001 0.001 0.009 0.011 0.012 0.009 0.008 0.005 0.002 -0.0 0.004 0.001 -0.002 -0.004 0.013 0.028 0.026 0.027 0.033 0.032 0.025 0.023 0.027 0.028 0.027 0.024 0.021 0.018 0.022
-9999 -9999 -9999 -9999 -9999 -9999 -9999 -9999 -9999 -9999 -9999 -9999 -9999 -9999 -9999 -9999 -9999 -9999 -9999 -9999 -9999 -9999 -9999 -9999 -9999 -9999 -9999 -9999 -9999 -9999 -9999 -9999 -9999 -9999 -9999 -9999 -9999 -0.014 -0.011 -0.009 -0.002 0.003 -0.009 -0.024 -0.015 -0.007 -0.003 -0.001 0.003 0.005 0.006 0.005 0.004 0.0 -0.002 -0.007 -0.003 -0.0 -0.003 -0.008 0.008 0.027 0.026 0.022 0.028 0.034 0.028 0.019 0.023 0.026 0.026 0.023 0.02 0.015 0.019
-9999 -9999 -9999 -9999 -9999 -9999 -9999 -9999 -9999 -9999 -9999 -9999 -9999 -9999 -9999 -9999 -9999 -9999 -9999 -9999 -9999 -9999 -9999 -9999 -9999 -9999 -9999 -9999 -9999 -9999 -9999 -9999 -9999 -9999 -9999 -9999 -9999 -0.02 -0.013 0.007 0.006 -0.012 -0.014 -0.002 0.003 -0.006 -0.001 0.005 0.009 0.013 0.006 0.001 -0.002 -0.006 0.002 0.003 0.004 0.005 0.013 0.015 0.013 0.021 0.028 0.03 0.03 0.032 0.031 0.025 0.027 0.029 0.032 0.033 0.029 0.022 0.014
-9999 -9999 -9999 -9999 -9999 -9999 -9999 -9999 -9999 -9999 -9999 -9999 -9999 -9999 -9999 -9999 -9999 -9999 -9999 -9999 -9999 -9999 -9999 -9999 -9999 -9999 -9999 -9999 -9999 -9999 -9999 -9999 -9999 -9999 -9999 -9999 -9999 -9999 -0.01 0.009 -0.004 -0.021 -0.009 0.003 -0.002 -0.01 -0.003 0.003 0.008 0.012 0.006 -0.005 -0.007 -0.011 -0.004 0.003 0.004 0.003 0.011 0.019 0.018 0.015 0.022 0.028 0.029 0.027 0.026 0.023 0.025 0.026 0.03 -9999 0.029 -9999 0.013
-9999 -9999 -9999 -9999 -9999 -9999 -9999 -9999 -9999 -9999 -9999 -9999 -9999 -9999 -9999 -9999 -9999 -9999 -9999 -9999 -9999 -9999 -9999 -9999 -9999 -9999 -9999 -9999 -9999 -9999 -9999 -9999 -9999 -9999 -9999 -9999 -9999 -0.026 -0.013 -0.003 -0.011 -0.016 -0.007 -0.006 -0.008 -0.005 0.001 0.005 0.009 0.011 0.003 -0.014 -0.013 -0.016 -0.009 -0.002 0.002 0.003 0.008 0.014 0.022 0.025 0.025 0.029 0.029 0.027 0.023 0.018 0.016 0.015 0.018 0.021 0.02 0.015 -9999
-9999 -9999 -9999 -9999 -9999 -9999 -9999 -9999 -9999 -9999 -9999 -9999 -9999 -9999 -9999 -9999 -9999 -9999 -9999 -9999 -9999 -9999 -9999 -9999 -9999 -9999 -9999 -9999 -9999 -9999 -9999 -9999 -9999 -9999 -9999 -9999 -9999 -0.028 -0.021 -0.011 -0.013 -0.017 -0.014 -0.013 -0.01 -0.007 -0.003 0.001 0.004 0.007 -0.004 -0.021 -0.02 -0.021 -0.015 -0.008 -0.004 -0.001 0.004 0.008 0.016 0.024 0.025 0.024 0.025 0.023 0.019 0.012 0.011 0.008 0.011 0.013 0.012 0.008 0.011
-9999 -9999 -9999 -9999 -9999 -9999 -9999 -9999 -9999 -9999 -9999 -9999 -9999 -9999 -9999 -9999 -9999 -9999 -9999 -9999 -9999 -9999 -9999 -9999 -9999 -9999 -9999 -9999 -9999 -9999 -9999 -9999 -9999 -9999 -9999 -9999 -0.034 -0.014 -0.009 -0.016 -0.02 -0.029 -0.022 -0.007 -0.005 -0.008 -0.004 -0.002 0.003 0.009 0.007 -0.003 -0.005 -0.007 -0.01 -0.009 -0.001 0.004 0.007 0.01 0.017 0.024 0.027 0.029 0.026 0.022 0.024 0.021 0.021 0.019 0.016 0.015 0.017 0.016 0.017
-9999 -9999 -9999 -9999 -9999 -9999 -9999 -9999 -9999 -9999 -9999 -9999 -9999 -9999 -9999 -9999 -9999 -9999 -9999 -9999 -9999 -9999 -9999 -9999 -9999 -9999 -9999 -9999 -9999 -9999 -9999 -9999 -9999 -9999 -9999 -9999 -0.017 -0.01 -0.014 -0.021 -0.027 -0.036 -0.023 -0.008 -0.009 -0.012 -0.009 -0.007 -0.001 0.006 0.004 -0.0 -0.001 -0.005 -0.008 -0.013 -0.005 0.002 0.005 0.007 0.013 0.02 0.023 0.025 0.023 0.018 0.02 0.02 0.021 0.021 0.019 0.016 0.018 0.019 0.021
-9999 -9999 -9999 -9999 -9999 -9999 -9999 -9999 -9999 -9999 -9999 -9999 -9999 -9999 -9999 -9999 -9999 -9999 -9999 -9999 -9999 -9999 -9999 -9999 -9999 -9999 -9999 -9999 -9999 -9999 -9999 -9999 -9999 -9999 -9999 -9999 -9999 -0.012 -0.016 -0.021 -0.023 -0.022 -0.011 -0.007 -0.006 -0.005 -0.002 -0.001 0.002 -0.0 0.001 0.008 0.011 0.011 0.009 0.006 -0.001 -0.002 0.006 0.011 0.018 0.025 0.028 0.031 0.034 0.033 0.025 0.021 0.029 0.034 0.032 0.03 0.032 0.035 0.026
