Validation/Results/raw data/ReClimate_08_2024_2_Temperature-Actuals.asc
NCOLS 192
NROWS 249
XLLCENTER -225160.85627316462
YLLCENTER 29788.11610251502
CELLSIZE 5000.0
NODATA_VALUE -9999
[rows 102 to 135 of 249, columns 77 to 153 of 192]
7.515 7.434 9.351 10.174 -9999 -9999 9.317 -9999 -9999 9.335 7.048 6.771 8.222 7.364 5.379 6.928 5.958 5.908 6.085 6.573 8.173 7.459 6.645 5.786 6.283 7.189 6.575 6.836 7.95 8.739 9.162 9.085 8.652 7.995 8.841 9.149 9.282 9.511 9.533 9.672 -9999 -9999 -9999 -9999 -9999 -9999 -9999 -9999 -9999 -9999 -9999 -9999 -9999 -9999 -9999 -9999 -9999 -9999 -9999 -9999 -9999 -9999 -9999 -9999 -9999 -9999 -9999 -9999 -9999 -9999 -9999 -9999 -9999 -9999 -9999 -9999 -9999
7.83 9.06 -9999 -9999 -9999 9.911 8.811 9.167 8.786 8.65 7.725 9.276 8.8 7.238 7.113 7.445 7.481 7.426 7.318 7.23 6.366 7.329 6.678 6.9 6.677 6.362 6.964 7.695 8.495 9.068 9.226 8.964 8.371 9.034 9.614 -9999 -9999 9.857 -9999 -9999 -9999 -9999 -9999 -9999 -9999 -9999 -9999 -9999 -9999 -9999 -9999 -9999 -9999 -9999 -9999 -9999 -9999 -9999 -9999 -9999 -9999 -9999 -9999 -9999 -9999 -9999 -9999 -9999 -9999 -9999 -9999 -9999 -9999 -9999 -9999 -9999 -9999
-9999 9.297 -9999 -9999 -9999 9.637 8.682 8.445 8.438 8.878 9.363 8.551 7.4 7.118 7.543 7.866 7.456 7.078 7.64 7.147 8.235 7.459 7.241 7.954 8.36 8.607 8.496 8.902 9.169 9.194 9.295 9.274 9.228 9.656 -9999 9.585 9.681 9.692 9.756 -9999 -9999 -9999 -9999 -9999 -9999 -9999 -9999 -9999 -9999 -9999 -9999 -9999 -9999 -9999 -9999 -9999 -9999 -9999 -9999 -9999 -9999 -9999 -9999 -9999 -9999 -9999 -9999 -9999 -9999 -9999 -9999 -9999 -9999 -9999 -9999 -9999 -9999
-9999 -9999 -9999 10.022 9.6 8.757 8.6 8.173 8.575 8.317 7.524 7.043 6.931 7.885 7.763 8.29 7.034 8.148 6.905 8.264 7.173 6.327 7.999 8.581 8.412 8.729 9.207 9.247 9.459 9.543 9.58 9.628 -9999 9.648 9.555 9.603 9.518 9.725 9.687 -9999 -9999 -9999 -9999 -9999 -9999 -9999 -9999 -9999 -9999 -9999 -9999 -9999 -9999 -9999 -9999 -9999 -9999 -9999 -9999 -9999 -9999 -9999 -9999 -9999 -9999 -9999 -9999 -9999 -9999 -9999 -9999 -9999 -9999 -9999 -9999 -9999 -9999
-9999 -9999 -9999 9.859 10.034 9.411 8.388 8.483 8.766 7.694 8.478 8.323 7.899 7.182 8.544 8.596 7.731 7.056 7.752 7.731 6.567 7.468 7.365 7.073 8.02 8.545 8.712 9.002 9.112 8.903 8.821 8.69 8.959 9.521 9.717 9.421 9.21 9.414 9.425 9.71 -9999 -9999 -9999 -9999 -9999 -9999 -9999 -9999 -9999 -9999 -9999 -9999 -9999 -9999 -9999 -9999 -9999 -9999 -9999 -9999 -9999 -9999 -9999 -9999 -9999 -9999 -9999 -9999 -9999 -9999 -9999 -9999 -9999 -9999 -9999 -9999 -9999
-9999 -9999 9.949 -9999 -9999 9.235 8.476 9.035 8.073 8.482 -9999 -9999 7.494 7.378 8.212 8.679 7.748 7.877 8.082 7.689 7.88 8.558 7.953 8.189 8.519 8.816 8.419 7.918 7.507 7.754 7.921 8.414 8.893 9.111 9.517 9.03 9.107 9.073 9.344 9.679 9.907 -9999 -9999 -9999 -9999 -9999 -9999 -9999 -9999 -9999 -9999 -9999 -9999 -9999 -9999 -9999 -9999 -9999 -9999 -9999 -9999 -9999 -9999 -9999 -9999 -9999 -9999 -9999 -9999 -9999 -9999 -9999 -9999 -9999 -9999 -9999 -9999
-9999 -9999 9.997 -9999 9.82 9.205 9.226 8.133 8.194 9.389 9.448 7.903 7.291 8.156 9.929 8.189 6.988 8.753 8.691 8.233 8.711 8.933 9.012 9.178 9.051 8.016 7.041 7.047 7.586 7.985 8.512 8.766 8.778 9.08 9.204 9.328 9.701 10.002 10.149 10.29 -9999 -9999 -9999 -9999 -9999 -9999 -9999 -9999 -9999 -9999 -9999 -9999 -9999 -9999 -9999 -9999 -9999 -9999 -9999 -9999 -9999 -9999 -9999 -9999 -9999 -9999 -9999 -9999 -9999 -9999 -9999 -9999 -9999 -9999 -9999 -9999 -9999
-9999 -9999 10.046 -9999 9.788 9.828 9.091 8.86 9.418 -9999 7.998 8.278 -9999 8.333 8.431 8.174 9.0 7.887 8.91 9.205 9.537 9.618 9.754 9.747 9.259 8.331 8.77 9.006 8.974 8.758 8.605 8.872 8.947 9.325 9.571 9.913 -9999 -9999 -9999 -9999 -9999 -9999 -9999 -9999 -9999 -9999 -9999 -9999 -9999 -9999 -9999 -9999 -9999 -9999 -9999 -9999 -9999 -9999 -9999 -9999 -9999 -9999 -9999 -9999 -9999 -9999 -9999 -9999 -9999 -9999 -9999 -9999 -9999 -9999 -9999 -9999 -9999
9.952 9.927 -9999 -9999 10.165 9.732 9.269 9.649 9.574 7.847 8.152 7.28 -9999 9.016 8.27 8.872 8.997 8.9 8.975 9.377 9.272 9.116 8.953 9.079 9.514 9.829 9.826 9.665 9.287 8.88 8.805 9.006 9.17 9.402 9.858 -9999 -9999 -9999 -9999 -9999 -9999 -9999 -9999 -9999 -9999 -9999 -9999 -9999 -9999 -9999 -9999 -9999 -9999 -9999 -9999 -9999 -9999 -9999 -9999 -9999 -9999 -9999 -9999 -9999 -9999 -9999 -9999 -9999 -9999 -9999 -9999 -9999 -9999 -9999 -9999 -9999 -9999
10.061 10.091 -9999 10.302 9.034 9.033 9.756 -9999 8.37 8.542 7.47 7.489 -9999 8.692 7.965 8.973 9.796 9.632 9.726 9.435 9.085 8.699 8.084 8.526 9.314 9.724 -9999 9.938 9.63 9.448 9.44 9.396 9.171 9.574 -9999 -9999 -9999 -9999 -9999 -9999 -9999 -9999 -9999 -9999 -9999 -9999 -9999 -9999 -9999 -9999 -9999 -9999 -9999 -9999 -9999 -9999 -9999 -9999 -9999 -9999 -9999 -9999 -9999 -9999 -9999 -9999 -9999 -9999 -9999 -9999 -9999 -9999 -9999 -9999 -9999 -9999 -9999
10.341 -9999 -9999 9.772 8.529 9.339 -9999 9.151 8.799 8.488 7.926 8.484 -9999 9.506 9.328 9.63 9.829 9.684 9.466 9.106 7.601 7.466 7.653 8.205 9.128 9.822 10.065 10.211 -9999 -9999 10.0 9.85 -9999 -9999 -9999 -9999 -9999 -9999 10.229 10.286 10.452 -9999 -9999 -9999 -9999 -9999 -9999 -9999 -9999 -9999 -9999 -9999 -9999 -9999 -9999 -9999 -9999 -9999 -9999 -9999 -9999 -9999 -9999 -9999 -9999 -9999 -9999 -9999 -9999 -9999 -9999 -9999 -9999 -9999 -9999 -9999 -9999
-9999 -9999 9.584 9.111 9.652 9.181 -9999 9.242 8.643 9.13 9.176 8.318 -9999 -9999 -9999 9.96 9.514 8.898 8.775 8.543 8.543 8.832 8.78 9.0 9.126 9.313 9.615 9.969 10.058 9.864 9.761 9.992 -9999 -9999 -9999 -9999 -9999 10.041 10.11 9.985 10.284 10.425 -9999 -9999 -9999 -9999 -9999 -9999 -9999 -9999 -9999 -9999 -9999 -9999 -9999 -9999 -9999 -9999 -9999 -9999 -9999 -9999 -9999 -9999 -9999 -9999 -9999 -9999 -9999 -9999 -9999 -9999 -9999 -9999 -9999 -9999 -9999
-9999 -9999 -9999 10.266 9.011 9.431 -9999 9.246 -9999 9.611 8.708 9.626 -9999 9.986 9.393 9.209 -9999 9.317 9.567 9.469 9.57 9.411 9.365 9.125 8.938 8.92 9.18 9.399 9.094 9.125 9.619 9.881 10.002 10.046 10.2 -9999 10.097 9.922 9.772 9.885 9.701 9.465 9.468 10.372 -9999 -9999 -9999 -9999 -9999 -9999 -9999 -9999 -9999 -9999 -9999 -9999 -9999 -9999 -9999 -9999 -9999 -9999 -9999 -9999 -9999 -9999 -9999 -9999 -9999 -9999 -9999 -9999 -9999 -9999 -9999 -9999 -9999
-9999 -9999 -9999 9.487 8.732 9.775 -9999 10.212 -9999 9.813 10.118 -9999 9.952 9.005 8.514 9.136 9.607 9.825 9.822 10.033 9.902 9.509 9.464 9.147 8.756 8.739 8.826 8.895 8.959 9.176 9.404 9.466 9.43 9.424 9.879 9.959 9.595 9.581 9.519 9.448 8.947 8.661 8.529 8.989 9.846 10.079 9.861 -9999 -9999 -9999 -9999 -9999 -9999 -9999 -9999 -9999 -9999 -9999 -9999 -9999 -9999 -9999 -9999 -9999 -9999 -9999 -9999 -9999 -9999 -9999 -9999 -9999 -9999 -9999 -9999 -9999 -9999
-9999 -9999 -9999 9.525 9.906 9.641 9.566 -9999 -9999 10.605 10.494 -9999 9.949 8.462 8.123 8.927 9.325 9.774 10.008 10.015 9.881 10.042 9.773 9.349 9.005 8.552 8.534 8.643 8.827 8.807 8.663 8.519 8.308 8.967 9.683 9.554 9.293 9.159 8.831 7.953 7.843 8.222 8.285 8.73 8.806 9.416 9.851 9.767 -9999 -9999 -9999 -9999 -9999 -9999 -9999 -9999 -9999 -9999 -9999 -9999 -9999 -9999 -9999 -9999 -9999 -9999 -9999 -9999 -9999 -9999 -9999 -9999 -9999 -9999 -9999 -9999 -9999
-9999 -9999 -9999 10.072 9.918 9.274 10.311 -9999 -9999 10.736 10.816 -9999 -9999 8.558 8.57 9.195 9.115 9.035 9.397 9.546 9.709 9.484 9.75 9.699 9.217 8.856 8.46 8.327 8.16 8.204 7.872 7.812 8.288 8.731 8.956 8.936 8.707 8.357 7.821 7.732 7.746 8.13 8.436 8.785 9.287 9.409 9.344 9.628 -9999 -9999 -9999 -9999 -9999 -9999 -9999 -9999 -9999 -9999 -9999 -9999 -9999 -9999 -9999 -9999 -9999 -9999 -9999 -9999 -9999 -9999 -9999 -9999 -9999 -9999 -9999 -9999 -9999
-9999 -9999 -9999 10.34 9.571 9.737 -9999 -9999 -9999 -9999 10.945 -9999 10.148 8.976 9.444 9.512 8.914 8.704 8.695 9.09 9.137 9.22 9.28 9.43 9.421 8.739 8.291 8.232 8.274 7.98 7.788 8.164 8.378 8.358 8.33 7.874 7.932 8.069 8.191 8.154 8.15 8.397 8.624 9.022 9.449 9.44 9.502 9.755 9.769 -9999 -9999 -9999 -9999 -9999 -9999 -9999 -9999 -9999 -9999 -9999 -9999 -9999 -9999 -9999 -9999 -9999 -9999 -9999 -9999 -9999 -9999 -9999 -9999 -9999 -9999 -9999 -9999
-9999 9.824 9.765 9.539 9.78 -9999 -9999 9.354 -9999 -9999 -9999 -9999 10.321 9.804 9.876 9.614 9.275 8.86 8.621 8.555 8.43 8.444 8.762 9.011 9.102 8.993 8.38 8.412 8.331 8.323 8.564 8.515 8.101 8.143 7.299 6.994 7.485 7.868 8.138 8.503 8.611 8.769 8.772 9.14 9.535 9.562 9.681 9.755 9.828 -9999 -9999 -9999 -9999 -9999 -9999 -9999 -9999 -9999 -9999 -9999 -9999 -9999 -9999 -9999 -9999 -9999 -9999 -9999 -9999 -9999 -9999 -9999 -9999 -9999 -9999 -9999 -9999
-9999 -9999 9.36 9.415 10.051 -9999 9.367 8.627 9.331 -9999 -9999 -9999 -9999 10.546 10.293 10.138 9.83 9.452 9.041 8.52 8.344 8.491 8.713 8.812 8.955 8.573 8.678 8.59 8.481 8.382 8.417 8.026 8.589 8.088 7.938 7.794 7.351 7.587 8.344 8.665 9.004 9.085 9.133 9.412 9.531 9.636 9.723 9.599 9.662 9.861 -9999 -9999 -9999 -9999 -9999 -9999 -9999 -9999 -9999 -9999 -9999 -9999 -9999 -9999 -9999 -9999 -9999 -9999 -9999 -9999 -9999 -9999 -9999 -9999 -9999 -9999 -9999
-9999 -9999 9.773 9.518 9.773 -9999 9.796 8.763 9.608 -9999 -9999 -9999 -9999 -9999 10.577 10.423 10.24 10.107 9.648 9.212 8.869 8.473 8.091 8.244 8.507 8.74 8.859 8.629 8.45 8.507 8.303 8.394 8.656 8.42 8.326 8.32 8.661 8.752 8.999 9.024 9.25 9.138 9.359 9.693 9.762 9.834 9.774 9.659 9.377 9.684 9.997 -9999 -9999 -9999 -9999 -9999 -9999 -9999 -9999 -9999 -9999 -9999 -9999 -9999 -9999 -9999 -9999 -9999 -9999 -9999 -9999 -9999 -9999 -9999 -9999 -9999 -9999
-9999 -9999 9.685 9.263 -9999 -9999 10.297 9.375 9.13 10.085 -9999 -9999 -9999 -9999 -9999 10.508 10.128 9.799 9.607 8.916 8.303 7.998 7.7 7.815 8.159 8.571 8.393 8.564 8.493 8.209 8.16 8.506 7.251 7.979 7.793 8.433 8.038 8.596 9.159 9.031 9.224 9.46 9.656 9.575 9.388 9.395 9.59 9.51 9.818 9.437 9.851 10.14 10.589 -9999 -9999 -9999 -9999 -9999 -9999 -9999 -9999 -9999 -9999 -9999 -9999 -9999 -9999 -9999 -9999 -9999 -9999 -9999 -9999 -9999 -9999 -9999 -9999
-9999 -9999 9.477 10.092 -9999 -9999 9.842 8.84 8.986 -9999 -9999 -9999 -9999 -9999 -9999 10.503 10.017 9.713 9.424 8.883 8.608 8.505 8.206 8.118 8.057 8.155 8.251 8.295 7.558 7.085 7.97 7.075 6.606 6.953 7.953 7.836 8.384 9.117 8.817 8.977 9.269 9.285 9.384 9.497 9.387 9.394 8.976 8.93 9.672 9.647 9.476 9.955 10.366 -9999 -9999 -9999 -9999 -9999 -9999 -9999 -9999 -9999 -9999 -9999 -9999 -9999 -9999 -9999 -9999 -9999 -9999 -9999 -9999 -9999 -9999 -9999 -9999
-9999 -9999 9.881 10.637 -9999 -9999 -9999 9.999 9.722 9.942 -9999 -9999 -9999 -9999 -9999 10.499 10.029 9.735 9.522 9.22 9.048 8.45 7.733 7.478 7.908 7.897 8.346 8.152 7.617 7.549 7.986 6.635 7.116 7.71 7.453 7.865 8.747 8.547 8.874 8.901 9.077 9.397 9.307 9.183 9.242 8.903 7.809 8.2 8.879 9.616 9.531 9.649 10.102 -9999 -9999 -9999 -9999 -9999 -9999 -9999 -9999 -9999 -9999 -9999 -9999 -9999 -9999 -9999 -9999 -9999 -9999 -9999 -9999 -9999 -9999 -9999 -9999
-9999 9.615 9.857 10.516 -9999 -9999 -9999 -9999 -9999 -9999 -9999 -9999 -9999 -9999 -9999 10.145 9.705 9.553 9.362 9.121 8.909 8.213 7.796 7.724 7.963 8.106 7.829 7.866 7.219 7.42 6.846 6.531 7.106 7.721 7.5 7.91 8.109 8.593 8.653 9.013 9.031 8.984 9.194 8.973 8.874 7.922 7.733 7.657 8.788 9.632 9.754 9.669 9.912 10.791 -9999 -9999 -9999 -9999 -9999 -9999 -9999 -9999 -9999 -9999 -9999 -9999 -9999 -9999 -9999 -9999 -9999 -9999 -9999 -9999 -9999 -9999 -9999
9.661 9.633 9.571 10.675 -9999 -9999 -9999 -9999 -9999 -9999 -9999 -9999 -9999 10.471 10.277 9.898 9.409 8.949 8.632 8.743 8.732 8.582 8.366 8.682 8.243 7.467 7.534 7.564 7.594 7.924 7.483 6.7 7.92 7.782 7.802 7.952 8.338 8.695 9.053 8.603 8.719 8.973 8.938 8.721 8.067 7.885 7.833 7.973 8.709 9.692 9.886 9.697 9.909 10.501 -9999 -9999 -9999 -9999 -9999 -9999 -9999 -9999 -9999 -9999 -9999 -9999 -9999 -9999 -9999 -9999 -9999 -9999 -9999 -9999 -9999 -9999 -9999
9.675 10.118 10.831 -9999 -9999 -9999 -9999 -9999 -9999 -9999 -9999 -9999 -9999 10.396 10.27 9.79 9.093 8.682 8.693 8.13 7.775 7.805 7.756 8.051 8.145 8.243 8.055 7.651 7.968 8.377 8.072 7.807 7.271 7.739 7.575 8.165 8.5 9.075 8.719 8.575 8.695 8.697 8.382 7.828 7.509 7.87 8.226 8.611 9.18 9.251 9.288 9.555 9.832 10.35 -9999 -9999 -9999 -9999 -9999 -9999 -9999 -9999 -9999 -9999 -9999 -9999 -9999 -9999 -9999 -9999 -9999 -9999 -9999 -9999 -9999 -9999 -9999
-9999 -9999 -9999 -9999 -9999 -9999 -9999 -9999 -9999 -9999 -9999 -9999 -9999 10.292 10.0 9.149 9.019 8.805 8.544 7.705 7.579 6.998 7.329 7.663 8.091 8.308 8.007 6.908 7.421 8.56 8.63 7.562 7.585 7.844 7.931 7.918 8.572 8.187 8.025 8.274 7.958 7.738 7.446 8.077 8.077 8.125 8.308 8.612 9.43 9.653 9.534 9.667 10.11 10.458 -9999 -9999 -9999 -9999 -9999 -9999 -9999 -9999 -9999 -9999 -9999 -9999 -9999 -9999 -9999 -9999 -9999 -9999 -9999 -9999 -9999 -9999 -9999
-9999 -9999 -9999 -9999 -9999 -9999 -9999 -9999 -9999 -9999 -9999 -9999 10.196 9.583 8.848 8.934 8.575 8.726 8.581 8.355 7.392 7.389 7.251 7.565 7.901 8.812 8.43 7.909 8.091 8.57 8.761 8.432 8.284 8.169 8.016 8.057 7.653 8.282 8.496 8.262 7.99 7.06 7.833 7.664 7.982 8.46 8.459 8.66 8.697 9.459 9.855 10.033 10.267 10.559 -9999 -9999 -9999 -9999 -9999 -9999 -9999 -9999 -9999 -9999 -9999 -9999 -9999 -9999 -9999 -9999 -9999 -9999 -9999 -9999 -9999 -9999 -9999
-9999 -9999 -9999 -9999 -9999 -9999 -9999 -9999 -9999 -9999 -9999 -9999 9.661 9.131 8.75 7.999 8.26 8.704 8.566 7.816 8.362 7.9 7.718 7.994 8.441 9.349 9.235 8.727 8.448 8.554 9.249 8.974 8.805 8.675 8.571 7.868 8.681 8.187 8.524 8.495 7.261 8.271 7.875 7.996 8.442 8.513 8.885 8.78 8.529 9.022 9.591 9.864 10.208 10.62 -9999 -9999 -9999 -9999 -9999 -9999 -9999 -9999 -9999 -9999 -9999 -9999 -9999 -9999 -9999 -9999 -9999 -9999 -9999 -9999 -9999 -9999 -9999
-9999 -9999 -9999 -9999 -9999 -9999 -9999 -9999 -9999 -9999 -9999 10.013 9.254 9.206 8.289 8.486 8.198 7.422 7.852 8.348 8.596 8.187 8.359 8.456 8.508 8.926 9.067 8.83 8.863 9.598 9.601 9.267 8.809 8.743 8.069 8.884 8.595 8.221 8.883 7.935 7.823 8.441 8.663 8.867 8.525 8.59 8.732 8.573 8.873 9.201 9.611 9.902 10.173 10.547 10.867 -9999 -9999 -9999 -9999 -9999 -9999 -9999 -9999 -9999 -9999 -9999 -9999 -9999 -9999 -9999 -9999 -9999 -9999 -9999 -9999 -9999 -9999
-9999 -9999 -9999 -9999 -9999 -9999 -9999 -9999 -9999 -9999 10.033 9.64 9.317 9.207 8.998 8.773 8.138 8.198 8.111 7.834 8.894 8.876 8.803 8.553 8.548 8.844 9.203 9.616 9.815 9.574 9.814 9.492 9.085 8.777 8.964 9.183 8.887 8.902 9.12 8.174 7.92 8.23 8.38 8.526 8.645 8.962 8.954 8.744 9.139 9.341 9.571 9.829 10.194 10.507 10.895 -9999 -9999 -9999 -9999 -9999 -9999 -9999 -9999 -9999 -9999 -9999 -9999 -9999 -9999 -9999 -9999 -9999 -9999 -9999 -9999 -9999 -9999
-9999 -9999 -9999 -9999 -9999 -9999 -9999 -9999 -9999 -9999 9.911 8.592 9.105 9.168 9.178 9.288 8.702 7.661 7.862 8.832 9.046 9.265 9.141 8.96 8.788 8.651 9.708 10.081 9.949 9.955 9.602 9.629 9.216 9.29 9.244 9.456 9.228 9.29 8.916 8.691 8.347 8.236 8.402 8.476 8.998 9.328 9.211 9.174 9.166 9.313 9.644 10.022 10.146 10.374 10.736 -9999 -9999 -9999 -9999 -9999 -9999 -9999 -9999 -9999 -9999 -9999 -9999 -9999 -9999 -9999 -9999 -9999 -9999 -9999 -9999 -9999 -9999
-9999 -9999 -9999 -9999 -9999 -9999 -9999 -9999 -9999 10.242 8.969 8.999 8.989 9.078 9.368 9.519 8.772 8.354 8.681 8.734 9.146 9.323 9.469 9.164 8.84 9.447 9.669 9.934 10.32 9.949 9.917 9.752 9.775 9.644 9.689 9.796 9.704 9.293 9.472 9.08 8.445 8.607 8.574 8.736 8.866 9.303 9.459 9.781 9.504 9.492 9.733 10.087 10.305 10.328 10.556 11.106 -9999 -9999 -9999 -9999 -9999 -9999 -9999 -9999 -9999 -9999 -9999 -9999 -9999 -9999 -9999 -9999 -9999 -9999 -9999 -9999 -9999
-9999 -9999 -9999 -9999 -9999 -9999 -9999 -9999 10.455 -9999 9.678 9.142 9.062 9.144 9.528 9.886 9.543 9.456 8.958 8.535 9.054 9.491 9.671 9.656 9.692 9.767 9.781 9.999 10.209 10.052 10.289 10.244 10.177 10.109 10.197 10.235 10.12 9.942 9.691 9.367 9.348 9.061 8.971 8.985 9.291 9.661 10.2 9.731 9.441 9.696 9.886 10.086 10.289 10.439 10.581 10.901 -9999 -9999 -9999 -9999 -9999 -9999 -9999 -9999 -9999 -9999 -9999 -9999 -9999 -9999 -9999 -9999 -9999 -9999 -9999 -9999 -9999
