Validation/Results/raw data/ReClimate_12_2023_1_Precipitation-Actualsweatherlogisticsltd.asc
NCOLS 192
NROWS 249
XLLCENTER -225160.85627316462
YLLCENTER 29788.11610251502
CELLSIZE 5000.0
NODATA_VALUE -9999
[rows 198 to 230 of 249, columns 74 to 147 of 192]
-9999 -9999 -9999 -9999 -9999 -9999 -9999 -9999 -9999 -9999 -9999 -9999 -9999 -9999 -9999 -9999 -9999 -9999 175.147 176.923 176.272 187.073 171.803 194.787 205.422 230.603 249.94 276.461 280.012 256.929 215.074 163.267 154.899 148.139 155.885 164.891 139.957 122.229 102.823 95.65 92.452 92.1 85.806 90.884 90.656 87.591 82.331 78.724 75.375 73.335 70.641 72.598 71.878 67.064 65.618 65.234 66.374 68.966 67.114 73.143 75.887 75.602 78.999 78.915 79.218 76.896 74.293 77.273 75.385 71.94 74.306 68.014 64.682 64.45
-9999 -9999 -9999 -9999 -9999 -9999 -9999 -9999 -9999 -9999 -9999 -9999 -9999 -9999 -9999 116.113 147.308 163.857 168.159 185.173 186.266 196.055 197.678 183.066 221.134 240.154 258.367 248.332 262.914 235.524 208.098 191.774 165.171 151.085 173.635 141.646 121.93 102.439 94.415 94.332 104.391 85.561 86.52 84.415 86.949 89.016 83.599 88.42 78.303 73.074 67.072 68.382 71.032 64.921 60.792 64.498 69.72 72.48 78.605 75.554 75.679 76.471 76.384 80.338 81.168 77.192 72.263 74.44 75.71 73.018 68.955 67.339 63.065 63.952
-9999 -9999 -9999 -9999 -9999 -9999 -9999 -9999 -9999 -9999 -9999 -9999 -9999 157.229 145.967 155.637 163.966 170.861 189.715 191.929 207.218 209.499 201.964 228.696 218.824 241.845 243.95 231.464 236.958 238.398 235.553 199.868 177.028 166.778 139.32 120.642 112.028 129.554 109.107 98.28 88.507 82.022 81.569 82.107 83.624 86.047 89.638 82.547 78.298 72.039 65.972 68.515 70.333 66.588 71.47 71.277 70.648 72.427 73.732 80.872 79.595 78.634 82.704 83.885 86.106 83.359 75.439 72.65 72.614 72.761 70.39 65.509 66.658 65.176
-9999 -9999 -9999 -9999 -9999 -9999 -9999 -9999 -9999 157.016 173.448 168.309 163.17 185.792 174.897 184.855 185.129 192.487 203.998 214.599 224.843 232.864 258.64 247.334 231.218 237.827 222.125 218.406 225.578 240.855 219.588 196.873 173.383 162.57 136.655 116.212 141.814 136.91 115.659 110.3 90.435 86.899 85.379 83.677 92.513 82.387 89.616 81.193 75.126 70.945 71.289 74.029 75.333 80.745 77.952 81.185 77.341 76.697 74.653 78.207 83.471 84.642 82.838 84.364 84.13 82.487 77.126 74.435 72.59 71.716 72.264 69.719 66.554 65.647
-9999 -9999 -9999 -9999 -9999 -9999 -9999 -9999 136.54 165.275 174.235 189.312 227.017 227.799 232.377 218.789 217.773 229.727 233.677 233.847 239.213 253.319 253.148 244.36 236.473 215.508 205.702 206.781 229.062 229.389 209.739 191.486 177.612 152.775 150.876 171.374 204.813 161.638 138.293 108.258 99.365 91.643 96.597 93.347 83.733 85.036 83.123 78.724 74.802 71.747 75.169 78.244 88.085 92.81 94.084 87.184 81.779 88.378 88.461 84.857 88.296 86.825 86.159 84.466 81.117 77.824 75.28 75.985 75.693 78.451 83.674 75.602 72.224 69.287
-9999 -9999 -9999 -9999 -9999 -9999 -9999 123.618 145.156 169.535 183.436 206.006 226.579 233.964 224.33 222.428 231.968 230.52 228.796 223.063 239.176 249.097 241.577 227.639 208.754 191.89 208.083 239.314 244.097 245.32 219.083 198.994 172.877 177.011 161.541 210.977 200.548 185.738 143.367 129.578 114.648 106.961 99.009 92.58 88.733 86.996 86.791 80.435 76.632 74.894 70.648 64.759 88.635 103.82 98.721 94.877 95.291 94.149 96.262 93.209 90.249 89.178 84.899 82.874 81.282 76.956 76.649 78.731 80.28 77.366 77.909 75.614 74.717 80.864
-9999 -9999 -9999 -9999 -9999 116.849 -9999 127.139 141.569 156.774 172.012 181.423 201.713 204.895 201.94 207.737 207.815 210.014 200.359 207.441 212.38 213.817 205.155 206.684 205.005 225.937 267.444 322.547 361.655 307.442 285.879 264.221 261.628 228.892 193.609 198.313 223.186 172.695 145.175 144.456 131.081 112.75 94.306 93.439 100.576 98.205 92.084 81.108 74.298 75.5 74.813 87.003 103.891 105.696 103.697 96.828 93.545 95.309 95.174 92.501 88.439 84.275 81.003 81.219 76.869 76.326 77.573 78.939 80.305 77.557 77.274 78.25 78.238 82.641
-9999 -9999 -9999 -9999 -9999 -9999 -9999 -9999 -9999 155.779 155.389 170.788 183.207 182.05 189.558 201.088 202.617 196.699 192.138 191.879 193.394 199.74 209.705 225.087 226.286 260.603 309.112 357.326 356.901 348.646 322.582 336.969 332.16 247.83 231.455 221.878 173.672 163.348 159.579 131.405 127.993 115.454 109.564 113.114 119.791 108.528 94.752 81.202 78.535 82.696 93.801 115.095 119.026 116.644 106.161 98.953 97.031 101.406 93.995 88.005 82.521 79.407 76.411 74.645 78.456 74.979 75.707 76.647 79.101 82.213 85.047 90.151 89.775 84.489
-9999 -9999 -9999 -9999 -9999 -9999 -9999 -9999 -9999 147.654 153.002 164.555 171.285 183.556 199.255 206.452 197.763 188.539 185.506 179.4 190.876 206.664 216.273 221.074 226.242 251.359 276.148 299.792 303.771 298.661 306.226 328.354 288.087 270.93 242.7 202.637 207.888 210.474 156.707 138.821 136.132 132.899 127.987 138.111 126.82 114.033 93.751 83.613 85.202 106.812 114.346 119.608 117.729 115.772 111.736 105.761 96.813 94.857 93.366 85.836 81.022 78.383 75.678 75.136 76.13 78.755 78.562 76.713 80.645 86.586 94.807 94.376 94.406 93.816
-9999 -9999 -9999 -9999 -9999 -9999 -9999 125.272 134.984 143.307 146.453 -9999 167.581 177.756 184.287 176.276 171.093 167.13 -9999 167.875 180.828 195.841 221.217 218.813 243.198 251.902 277.718 290.595 278.346 263.457 297.172 281.56 257.546 248.577 243.788 227.148 228.817 218.171 165.859 153.674 131.814 131.808 142.455 141.782 136.492 111.956 96.519 88.986 99.473 103.626 114.963 113.002 118.635 108.338 103.208 101.576 94.251 85.774 82.054 80.517 85.118 80.689 76.761 75.211 74.574 73.861 78.657 82.166 85.714 94.689 100.032 102.658 96.915 95.283
-9999 -9999 -9999 -9999 -9999 -9999 -9999 126.834 -9999 -9999 -9999 153.283 160.56 164.525 -9999 -9999 -9999 -9999 -9999 159.019 168.033 190.202 189.676 208.86 221.257 232.008 253.04 259.355 264.276 346.031 362.906 305.236 271.813 254.579 253.313 240.833 233.381 191.149 176.584 150.761 136.326 141.871 135.827 136.686 111.745 97.792 99.925 100.459 110.464 109.491 115.567 109.756 106.601 102.53 96.324 91.061 86.68 81.461 79.008 77.066 80.451 82.246 77.764 76.171 75.184 76.744 83.399 93.703 100.472 103.944 107.589 106.171 98.865 93.033
-9999 -9999 -9999 -9999 -9999 -9999 -9999 -9999 -9999 138.601 146.231 151.347 150.655 153.455 -9999 -9999 -9999 -9999 -9999 -9999 -9999 -9999 178.677 197.519 201.089 203.362 217.205 240.816 309.259 375.947 396.654 359.223 299.537 265.14 248.74 225.967 230.018 222.189 177.273 154.171 161.335 150.232 142.856 114.906 102.094 102.78 103.729 116.315 112.36 115.031 113.221 105.261 98.979 93.866 89.309 86.01 80.399 80.818 76.858 73.883 72.911 76.068 76.616 77.614 78.79 81.019 89.851 96.533 107.261 112.408 108.675 103.577 98.399 90.335
-9999 -9999 -9999 -9999 -9999 -9999 -9999 -9999 -9999 -9999 145.261 -9999 -9999 -9999 -9999 -9999 -9999 -9999 -9999 -9999 159.81 168.065 179.947 182.235 173.708 177.638 192.055 231.679 291.192 357.349 368.871 332.335 285.874 262.71 244.835 225.664 225.558 190.472 155.611 149.436 154.392 147.824 129.066 -9999 107.099 106.644 110.679 123.393 117.07 112.537 107.264 100.385 95.77 90.17 89.794 86.565 81.21 76.987 75.254 72.652 73.677 75.348 77.171 77.513 83.556 95.976 99.283 108.421 105.36 106.155 103.722 98.285 85.213 86.835
-9999 -9999 -9999 -9999 -9999 -9999 -9999 -9999 -9999 -9999 -9999 -9999 -9999 -9999 -9999 -9999 -9999 -9999 -9999 -9999 155.474 162.322 161.364 152.593 -9999 -9999 -9999 200.383 259.241 287.865 299.092 273.556 258.049 258.173 236.163 209.826 191.804 167.279 145.011 137.906 134.688 126.831 -9999 105.036 105.087 107.685 115.063 117.579 111.91 111.417 105.038 97.227 95.012 91.142 89.979 88.702 81.306 82.214 86.31 85.398 82.711 79.923 78.972 80.888 84.65 91.523 103.015 103.066 100.218 98.272 95.405 91.267 84.721 79.994
-9999 -9999 -9999 -9999 -9999 -9999 -9999 -9999 -9999 -9999 -9999 -9999 -9999 -9999 -9999 -9999 -9999 -9999 -9999 -9999 -9999 -9999 -9999 -9999 -9999 -9999 -9999 149.699 180.675 216.528 215.417 209.455 216.112 213.742 199.351 179.657 162.935 146.59 130.716 126.753 -9999 -9999 104.271 101.571 108.437 108.168 111.187 117.099 114.867 114.364 103.369 92.874 95.836 95.015 95.376 102.967 104.527 102.33 100.578 105.154 97.809 90.021 91.081 89.223 92.122 96.661 95.918 96.916 91.909 86.05 86.503 85.544 84.124 81.189
-9999 -9999 -9999 -9999 -9999 -9999 -9999 -9999 -9999 -9999 -9999 -9999 -9999 -9999 -9999 -9999 -9999 -9999 -9999 -9999 -9999 -9999 -9999 -9999 -9999 -9999 -9999 135.51 151.523 164.733 172.151 182.693 181.76 179.435 174.52 161.806 144.99 -9999 -9999 -9999 -9999 -9999 101.703 106.696 111.577 110.533 115.568 120.95 117.871 111.256 99.672 91.728 91.874 101.134 104.526 114.062 116.207 115.413 112.26 108.642 106.561 94.585 93.129 91.875 92.003 97.557 92.45 88.035 82.708 82.072 80.992 80.793 80.76 80.531
-9999 -9999 -9999 -9999 -9999 -9999 -9999 -9999 -9999 -9999 -9999 -9999 -9999 -9999 -9999 -9999 -9999 -9999 -9999 -9999 -9999 -9999 -9999 -9999 -9999 -9999 -9999 -9999 -9999 148.333 164.733 163.372 157.244 159.088 154.925 141.083 -9999 -9999 -9999 -9999 118.915 117.176 117.893 115.597 119.108 109.397 121.889 122.855 118.159 107.703 99.143 98.802 103.966 113.353 115.979 116.594 120.18 115.731 109.246 100.535 101.784 99.754 91.821 91.548 87.594 89.071 87.856 83.631 82.09 83.179 86.887 84.076 81.626 79.322
-9999 -9999 -9999 -9999 -9999 -9999 -9999 -9999 -9999 -9999 -9999 -9999 -9999 -9999 -9999 -9999 -9999 -9999 -9999 -9999 -9999 -9999 -9999 -9999 -9999 -9999 -9999 -9999 -9999 -9999 143.492 140.099 145.894 132.557 130.91 -9999 -9999 -9999 -9999 121.387 117.85 122.101 122.393 123.247 115.148 111.696 115.067 113.757 116.938 106.747 101.745 108.434 111.361 114.148 120.948 117.759 116.5 112.675 110.997 102.825 99.387 97.846 96.982 91.718 89.082 83.304 84.678 84.545 85.998 89.097 91.892 89.337 83.119 81.944
-9999 -9999 -9999 -9999 -9999 -9999 -9999 -9999 -9999 -9999 -9999 -9999 -9999 -9999 -9999 -9999 -9999 -9999 -9999 -9999 -9999 -9999 -9999 -9999 -9999 -9999 -9999 -9999 -9999 -9999 -9999 -9999 -9999 -9999 -9999 -9999 -9999 -9999 118.47 118.603 118.685 120.692 124.04 127.36 117.162 115.423 111.523 113.666 111.793 98.74 97.5 100.152 105.824 110.649 112.156 118.312 120.664 119.614 122.846 121.953 112.97 108.727 104.735 99.463 93.035 90.966 88.204 89.822 91.249 94.056 92.193 89.096 85.663 83.986
-9999 -9999 -9999 -9999 -9999 -9999 -9999 -9999 -9999 -9999 -9999 -9999 -9999 -9999 -9999 -9999 -9999 -9999 -9999 -9999 -9999 -9999 -9999 -9999 -9999 -9999 -9999 -9999 -9999 -9999 -9999 -9999 -9999 -9999 -9999 -9999 -9999 109.576 113.107 119.917 127.171 157.859 149.63 131.947 128.105 122.251 119.09 117.598 103.39 94.395 94.073 99.177 107.212 109.118 115.608 121.041 130.05 129.663 125.673 134.263 126.271 118.865 113.899 106.516 99.142 93.246 92.069 93.497 95.032 96.831 95.457 88.733 86.116 87.007
-9999 -9999 -9999 -9999 -9999 -9999 -9999 -9999 -9999 -9999 -9999 -9999 -9999 -9999 -9999 -9999 -9999 -9999 -9999 -9999 -9999 -9999 -9999 -9999 -9999 -9999 -9999 -9999 -9999 -9999 -9999 -9999 -9999 -9999 -9999 -9999 -9999 108.122 104.23 107.497 131.594 141.22 147.121 159.286 150.933 145.4 139.056 118.435 107.929 105.122 114.835 117.301 118.886 112.801 109.473 114.01 120.207 130.385 127.836 126.455 126.819 117.256 117.318 111.95 105.746 102.32 100.165 101.691 101.762 103.851 101.146 96.089 98.379 107.35
-9999 -9999 -9999 -9999 -9999 -9999 -9999 -9999 -9999 -9999 -9999 -9999 -9999 -9999 -9999 -9999 -9999 -9999 -9999 -9999 -9999 -9999 -9999 -9999 202.387 223.979 261.224 248.565 -9999 204.327 -9999 -9999 -9999 -9999 -9999 -9999 -9999 -9999 98.061 100.709 111.788 120.886 137.994 151.862 155.246 153.104 134.565 123.467 115.837 125.538 126.904 115.498 116.914 113.265 105.778 109.93 112.521 117.482 118.156 120.25 116.285 117.438 117.476 124.204 122.565 114.737 111.91 113.508 110.019 107.691 108.474 104.856 108.021 116.577
-9999 -9999 -9999 -9999 -9999 -9999 -9999 -9999 -9999 -9999 -9999 -9999 -9999 -9999 -9999 -9999 -9999 -9999 -9999 -9999 -9999 165.347 173.094 180.965 207.362 256.088 276.194 270.286 262.838 214.405 176.093 149.686 -9999 -9999 125.697 117.003 107.837 101.417 97.55 97.278 102.628 110.013 119.796 125.375 139.659 140.972 136.141 126.753 139.423 137.555 125.67 124.675 115.376 112.797 107.526 107.239 114.683 116.638 117.389 111.257 115.533 117.239 123.539 122.938 131.46 131.341 121.261 118.268 115.835 116.642 117.948 114.767 129.504 129.345
-9999 -9999 -9999 -9999 -9999 -9999 -9999 -9999 -9999 -9999 -9999 -9999 -9999 -9999 -9999 -9999 -9999 -9999 -9999 -9999 173.149 167.384 171.081 174.148 210.011 257.448 283.292 294.129 266.863 232.132 198.749 163.794 140.404 145.007 137.516 138.375 116.015 104.281 94.008 95.824 98.396 103.344 107.374 121.137 126.871 129.337 126.759 146.082 139.87 140.643 135.233 127.21 126.974 118.425 112.513 108.857 113.264 120.499 119.063 125.755 117.847 118.249 123.415 130.746 135.097 136.541 133.141 126.725 130.92 128.79 138.249 129.78 122.358 133.697
-9999 -9999 -9999 -9999 -9999 -9999 -9999 -9999 -9999 -9999 -9999 -9999 -9999 -9999 -9999 -9999 -9999 -9999 -9999 -9999 175.3 162.277 148.239 160.035 191.679 228.522 247.905 256.811 243.932 220.223 196.146 186.226 178.546 158.882 147.072 125.882 115.138 104.686 94.714 91.441 90.964 96.642 98.89 106.406 109.408 117.761 130.408 130.001 133.633 145.417 146.451 128.901 128.879 128.895 121.96 118.493 119.783 121.743 121.416 120.505 126.486 122.23 125.016 130.806 140.658 144.611 139.295 139.146 140.201 139.019 132.908 129.807 116.07 115.127
-9999 -9999 -9999 -9999 -9999 -9999 -9999 -9999 -9999 -9999 -9999 -9999 -9999 -9999 -9999 -9999 -9999 -9999 -9999 -9999 164.434 148.328 147.976 152.242 174.656 182.162 200.57 209.613 210.929 206.11 206.504 192.209 184.721 163.206 133.113 119.565 112.481 104.788 94.657 91.408 100.719 95.704 95.996 94.615 105.324 119.429 123.111 124.746 125.474 136.187 132.763 134.396 135.125 130.444 123.684 119.584 121.511 124.753 127.793 124.668 124.763 134.129 134.794 136.163 144.082 157.75 149.375 142.192 144.281 137.486 129.293 128.445 117.774 116.064
-9999 -9999 -9999 -9999 -9999 -9999 -9999 -9999 -9999 -9999 -9999 -9999 -9999 -9999 -9999 -9999 172.721 194.35 -9999 177.318 157.413 165.709 157.557 151.674 145.838 157.941 169.792 187.609 194.833 200.427 185.204 177.585 165.487 144.327 133.083 124.12 121.851 114.754 106.778 101.381 100.459 101.345 99.879 99.132 114.378 116.141 120.516 120.818 128.158 130.328 133.274 144.453 143.082 134.999 127.565 127.547 128.857 132.689 125.778 126.494 124.757 131.274 140.795 137.348 143.125 147.775 154.402 143.667 142.799 144.773 140.514 133.234 125.828 118.029
-9999 -9999 -9999 -9999 -9999 -9999 -9999 -9999 -9999 -9999 -9999 -9999 -9999 -9999 -9999 -9999 179.517 190.54 190.331 177.094 171.76 169.978 154.578 147.051 156.575 155.068 165.96 175.084 178.138 187.38 177.966 163.05 154.451 146.764 148.702 157.699 145.877 130.79 118.756 109.267 113.933 114.007 112.133 115.895 121.112 116.292 122.826 122.447 124.228 132.794 147.258 137.328 138.49 132.728 130.215 134.787 137.262 133.464 132.206 125.306 124.674 126.054 131.879 134.336 141.269 149.923 146.778 157.911 153.113 150.338 148.295 144.948 132.738 123.845
-9999 -9999 -9999 -9999 -9999 -9999 -9999 -9999 -9999 -9999 -9999 -9999 -9999 -9999 -9999 166.26 173.529 182.796 191.239 192.614 179.935 171.811 163.042 162.41 159.369 156.021 159.504 158.374 162.905 167.865 154.023 150.69 145.872 149.02 170.951 167.147 159.626 155.082 135.891 127.922 125.684 122.755 125.265 127.074 124.087 129.097 131.833 126.829 132.948 146.499 134.411 134.502 131.588 134.464 132.777 132.719 142.072 140.775 130.167 125.562 125.963 126.386 128.92 129.458 133.932 142.495 144.307 149.72 161.429 151.833 159.839 144.474 149.521 146.993
-9999 -9999 -9999 -9999 -9999 -9999 -9999 -9999 -9999 -9999 -9999 -9999 -9999 -9999 -9999 -9999 153.928 174.502 178.253 170.727 172.414 170.52 160.106 152.888 157.37 152.837 150.138 136.547 152.981 141.949 141.991 146.476 140.098 152.465 167.674 171.558 176.157 169.324 155.693 146.957 137.127 138.391 140.442 138.06 131.944 137.951 141.232 139.863 146.14 139.942 136.688 130.699 129.883 133.269 134.064 132.263 135.848 138.317 132.938 126.558 -9999 125.764 125.733 131.523 127.267 125.172 127.857 128.483 132.432 133.894 132.979 134.292 127.68 139.833
-9999 -9999 -9999 -9999 -9999 -9999 -9999 -9999 -9999 -9999 -9999 -9999 -9999 -9999 -9999 150.832 150.337 158.026 161.63 172.895 177.71 174.198 161.999 154.934 146.827 155.852 148.605 139.978 132.48 135.39 136.64 131.568 135.262 148.11 157.442 169.391 174.282 162.643 157.906 170.355 166.874 161.96 168.306 158.092 161.412 168.656 159.64 151.166 148.146 138.847 130.809 134.412 131.042 136.295 134.514 131.513 134.177 134.972 133.667 128.311 122.559 -9999 115.101 -9999 117.096 -9999 114.869 -9999 117.834 117.979 119.005 116.047 117.623 120.703
-9999 -9999 -9999 -9999 -9999 -9999 -9999 -9999 -9999 -9999 -9999 -9999 -9999 -9999 -9999 152.617 148.786 156.402 160.861 176.646 182.076 183.556 177.406 173.563 162.552 163.015 147.114 133.151 128.453 132.87 127.872 127.121 130.031 144.566 159.917 172.681 168.948 155.258 168.853 167.285 155.203 161.102 157.366 162.141 174.397 173.137 164.112 156.813 148.052 140.21 140.775 135.48 132.583 129.243 131.135 129.429 128.722 124.17 123.062 121.7 119.238 -9999 -9999 111.132 110.216 -9999 -9999 111.507 110.394 110.051 -9999 -9999 -9999 -9999
-9999 -9999 -9999 -9999 -9999 -9999 -9999 -9999 -9999 -9999 -9999 -9999 -9999 -9999 174.967 168.59 181.829 172.668 168.639 169.465 179.989 193.807 213.024 226.401 230.411 197.234 163.404 149.495 141.554 138.796 128.502 119.503 134.814 145.766 166.509 170.383 157.096 149.673 148.694 136.743 139.177 142.679 149.662 163.507 167.358 159.939 157.027 152.483 146.006 137.673 131.139 131.314 132.218 130.15 123.654 118.684 124.648 123.292 -9999 -9999 -9999 122.587 -9999 -9999 -9999 -9999 -9999 -9999 111.3 -9999 -9999 -9999 -9999 -9999
