Validation/Results/raw data/ReClimate_08_2024_2_Precipitation-Actuals.asc
NCOLS 192
NROWS 249
XLLCENTER -225160.85627316462
YLLCENTER 29788.11610251502
CELLSIZE 5000.0
NODATA_VALUE -9999
[rows 132 to 164 of 249, columns 74 to 147 of 192]
-9999 -9999 -9999 -9999 -9999 -9999 -9999 -9999 -9999 -9999 -9999 -9999 -9999 179.836 189.748 204.648 215.518 227.624 231.562 263.164 286.697 310.266 297.177 225.42 199.176 200.792 209.576 192.069 179.488 177.691 169.164 162.851 159.903 158.5 157.012 172.683 180.299 176.166 166.356 174.097 170.711 163.834 175.557 169.288 159.297 144.082 130.452 119.184 102.407 95.763 95.15 89.042 82.302 78.092 80.886 73.057 67.588 66.229 -9999 -9999 -9999 -9999 -9999 -9999 -9999 -9999 -9999 -9999 -9999 -9999 -9999 -9999 -9999 -9999
130.802 -9999 -9999 -9999 -9999 -9999 -9999 -9999 -9999 -9999 -9999 -9999 -9999 185.691 224.121 209.338 208.399 210.123 216.392 256.053 321.278 336.095 274.065 239.446 207.054 206.72 198.27 193.268 202.67 169.859 158.883 159.605 154.656 152.32 154.607 166.13 162.163 156.082 150.108 151.547 144.494 150.901 154.47 155.23 155.532 139.695 128.508 106.095 97.584 93.654 86.096 84.709 83.285 76.518 71.714 72.16 61.685 63.229 -9999 -9999 -9999 -9999 -9999 -9999 -9999 -9999 -9999 -9999 -9999 -9999 -9999 -9999 -9999 -9999
149.036 -9999 -9999 -9999 -9999 -9999 -9999 -9999 -9999 -9999 -9999 -9999 181.608 215.32 211.754 208.07 209.286 207.047 206.613 256.779 287.105 272.617 285.81 246.543 218.376 194.051 187.381 198.484 181.829 171.033 155.853 137.297 150.451 142.916 143.946 146.706 144.866 138.203 133.51 129.477 135.313 133.891 146.286 165.65 149.569 144.778 121.34 108.884 96.479 87.541 77.788 75.275 77.594 78.111 72.903 69.184 69.457 65.488 63.289 -9999 -9999 -9999 -9999 -9999 -9999 -9999 -9999 -9999 -9999 -9999 -9999 -9999 -9999 -9999
137.592 -9999 -9999 -9999 -9999 -9999 -9999 -9999 -9999 -9999 -9999 165.751 -9999 188.524 204.163 201.928 200.13 186.083 183.474 201.843 212.778 262.142 284.869 241.848 205.438 180.07 173.195 171.974 174.708 172.179 164.94 158.21 153.102 134.254 130.164 132.266 128.559 120.196 113.704 116.262 117.743 122.72 131.353 125.678 131.744 122.736 106.841 94.584 87.382 73.391 80.182 82.855 75.513 73.906 71.402 70.084 70.232 69.008 65.94 -9999 -9999 -9999 -9999 -9999 -9999 -9999 -9999 -9999 -9999 -9999 -9999 -9999 -9999 -9999
147.1 131.952 -9999 -9999 -9999 -9999 -9999 -9999 -9999 -9999 -9999 157.409 -9999 170.649 179.427 178.603 180.207 171.989 169.978 168.448 188.028 238.301 248.701 228.368 196.496 173.712 164.621 165.047 172.633 188.24 200.079 -9999 -9999 -9999 -9999 -9999 -9999 111.287 106.921 108.5 111.53 109.458 103.291 114.237 121.251 106.539 94.799 97.371 83.034 82.651 82.988 71.729 74.079 70.314 72.228 65.047 66.606 67.142 66.016 62.069 -9999 -9999 -9999 -9999 -9999 -9999 -9999 -9999 -9999 -9999 -9999 -9999 -9999 -9999
155.567 137.245 115.848 -9999 -9999 -9999 -9999 -9999 -9999 -9999 -9999 151.749 152.221 151.225 153.272 164.603 167.396 170.452 164.316 161.267 176.525 212.044 233.703 210.878 194.464 175.088 168.527 175.608 166.877 181.335 180.565 -9999 -9999 -9999 -9999 120.222 115.047 108.176 105.617 103.573 106.518 105.221 114.729 129.944 132.415 113.825 107.282 95.154 89.063 89.799 77.433 73.418 76.07 71.711 68.5 78.194 74.331 68.662 68.441 60.56 -9999 -9999 -9999 -9999 -9999 -9999 -9999 -9999 -9999 -9999 -9999 -9999 -9999 -9999
147.708 129.901 122.963 115.515 -9999 -9999 -9999 -9999 -9999 -9999 -9999 146.139 139.754 139.518 -9999 -9999 164.341 165.185 158.682 156.937 -9999 181.695 189.5 185.592 183.945 167.235 173.733 169.571 161.398 -9999 -9999 -9999 -9999 -9999 120.853 118.101 112.349 104.027 104.986 103.062 103.485 110.578 126.591 153.081 161.656 138.457 129.418 106.478 103.748 90.597 83.51 85.937 75.847 78.388 73.918 74.047 74.95 71.662 68.421 63.8 -9999 -9999 -9999 -9999 -9999 -9999 -9999 -9999 -9999 -9999 -9999 -9999 -9999 -9999
127.013 131.287 130.884 118.444 -9999 -9999 -9999 -9999 -9999 -9999 -9999 -9999 136.362 129.608 -9999 -9999 -9999 148.397 146.275 146.815 160.0 -9999 -9999 160.558 157.447 160.991 175.088 171.717 -9999 -9999 -9999 -9999 -9999 138.77 125.433 122.202 116.504 112.129 110.641 107.62 107.873 110.695 120.636 154.327 156.431 161.354 137.795 139.475 130.731 116.896 102.412 100.941 93.557 80.612 78.705 78.82 72.856 71.299 72.026 70.22 -9999 -9999 -9999 -9999 -9999 -9999 -9999 -9999 -9999 -9999 -9999 -9999 -9999 -9999
118.017 123.237 118.19 -9999 -9999 -9999 -9999 -9999 -9999 -9999 -9999 -9999 -9999 126.759 -9999 -9999 -9999 -9999 136.146 145.468 163.031 -9999 -9999 -9999 154.381 158.408 -9999 -9999 -9999 -9999 -9999 -9999 -9999 136.518 131.196 135.335 132.48 133.965 126.274 117.442 107.082 106.414 128.708 134.201 149.838 154.975 157.314 163.795 153.356 136.529 114.901 111.313 106.292 90.142 78.976 73.404 70.458 69.029 74.694 71.277 -9999 -9999 -9999 -9999 -9999 -9999 -9999 -9999 -9999 -9999 -9999 -9999 -9999 -9999
120.291 111.179 -9999 -9999 -9999 -9999 -9999 -9999 -9999 -9999 -9999 -9999 -9999 133.672 -9999 -9999 -9999 -9999 -9999 145.379 153.644 -9999 -9999 -9999 -9999 -9999 -9999 -9999 -9999 -9999 -9999 -9999 -9999 142.42 151.606 155.203 165.319 165.423 154.608 139.838 128.81 117.305 120.279 139.631 167.062 187.709 189.973 177.8 160.909 127.759 114.63 103.079 93.89 90.757 87.185 77.906 68.874 72.939 78.749 78.537 67.251 -9999 -9999 -9999 -9999 -9999 -9999 -9999 -9999 -9999 -9999 -9999 -9999 -9999
114.041 -9999 106.762 107.846 105.291 98.163 -9999 -9999 -9999 -9999 -9999 -9999 -9999 132.006 -9999 -9999 -9999 -9999 -9999 -9999 -9999 -9999 -9999 -9999 -9999 -9999 -9999 -9999 -9999 -9999 -9999 -9999 154.108 162.106 161.046 164.282 169.741 198.863 196.005 176.873 137.998 122.184 124.506 114.441 144.516 180.705 188.267 185.594 157.425 163.734 151.872 118.427 102.415 83.056 80.993 79.669 76.892 75.361 77.165 78.989 73.699 64.895 -9999 -9999 -9999 -9999 -9999 -9999 -9999 -9999 -9999 -9999 -9999 -9999
106.809 106.034 107.453 104.758 96.242 96.693 -9999 -9999 -9999 -9999 -9999 -9999 -9999 -9999 -9999 -9999 -9999 -9999 -9999 -9999 -9999 -9999 -9999 -9999 -9999 -9999 -9999 -9999 -9999 -9999 -9999 166.001 167.59 175.627 180.984 190.431 219.402 270.1 246.455 189.933 159.75 134.947 108.934 108.47 131.414 171.057 212.702 185.967 168.595 154.258 137.53 124.368 110.917 97.107 82.649 75.979 71.331 71.024 70.735 71.974 64.227 58.87 -9999 -9999 -9999 -9999 -9999 -9999 -9999 -9999 -9999 -9999 -9999 -9999
103.965 106.602 104.929 99.437 -9999 93.865 93.685 -9999 -9999 -9999 -9999 -9999 -9999 -9999 -9999 -9999 -9999 -9999 -9999 -9999 -9999 -9999 -9999 -9999 -9999 -9999 -9999 -9999 -9999 -9999 -9999 174.022 177.094 194.79 238.506 253.087 262.05 251.974 250.426 228.382 183.905 152.68 132.347 119.1 124.919 155.16 176.699 195.771 168.293 148.165 126.802 111.954 93.889 87.516 78.761 78.388 71.24 68.95 65.384 65.563 61.687 55.432 55.063 55.785 -9999 -9999 -9999 -9999 -9999 -9999 -9999 -9999 -9999 -9999
106.452 107.987 103.1 94.523 -9999 -9999 92.725 -9999 -9999 -9999 -9999 -9999 -9999 -9999 -9999 -9999 -9999 -9999 -9999 -9999 -9999 -9999 -9999 -9999 -9999 -9999 -9999 -9999 -9999 -9999 -9999 181.66 187.441 219.07 245.617 283.419 293.137 312.183 302.816 260.862 224.804 202.671 166.62 142.323 124.089 110.301 136.14 146.462 129.526 132.672 120.139 98.776 87.014 78.799 72.046 66.025 69.575 64.395 64.127 63.764 62.711 61.473 70.996 70.638 67.209 63.452 73.122 -9999 -9999 -9999 -9999 -9999 -9999 -9999
104.027 105.429 96.741 81.104 89.612 -9999 91.786 -9999 -9999 -9999 -9999 -9999 -9999 -9999 -9999 -9999 -9999 -9999 -9999 -9999 -9999 -9999 -9999 -9999 -9999 -9999 -9999 -9999 -9999 -9999 155.122 191.63 215.462 260.224 339.543 391.234 401.831 347.628 330.419 313.675 300.904 258.323 227.349 183.696 135.048 115.257 126.917 115.505 118.955 130.713 116.113 100.469 87.815 78.392 74.347 69.753 65.818 64.293 61.166 59.972 62.58 63.992 70.893 88.452 86.626 85.577 81.842 75.538 77.519 -9999 -9999 -9999 -9999 -9999
113.421 108.885 97.013 99.436 -9999 92.256 -9999 -9999 -9999 -9999 -9999 -9999 -9999 -9999 -9999 -9999 -9999 -9999 -9999 -9999 -9999 -9999 -9999 -9999 -9999 -9999 -9999 -9999 -9999 -9999 -9999 160.873 201.562 262.102 333.106 391.316 421.092 424.298 340.255 324.757 297.497 300.898 271.878 202.83 161.486 144.591 134.326 130.34 167.922 148.631 136.784 133.152 116.141 89.395 77.873 73.421 67.683 65.751 63.384 65.028 62.92 60.787 69.662 84.824 85.342 84.987 87.099 85.267 81.632 77.767 -9999 -9999 -9999 -9999
119.697 112.133 102.518 97.767 93.343 97.046 -9999 -9999 -9999 -9999 -9999 -9999 -9999 -9999 -9999 -9999 -9999 -9999 -9999 -9999 -9999 -9999 -9999 -9999 -9999 -9999 -9999 -9999 -9999 -9999 -9999 -9999 168.487 215.757 269.085 329.307 402.303 419.281 304.814 264.295 268.992 271.164 231.568 208.278 195.108 180.152 161.318 180.334 180.635 173.121 171.174 149.143 123.114 108.028 88.911 77.44 68.885 66.866 67.732 67.521 69.18 83.785 85.965 106.771 117.102 106.488 107.393 90.989 87.303 81.18 78.892 -9999 -9999 -9999
124.44 116.242 108.466 97.409 94.285 -9999 -9999 -9999 -9999 -9999 -9999 -9999 -9999 -9999 -9999 -9999 -9999 -9999 -9999 -9999 -9999 -9999 -9999 -9999 -9999 -9999 -9999 -9999 -9999 -9999 -9999 -9999 154.749 195.99 249.018 294.742 366.004 334.578 266.374 242.065 225.114 210.047 198.119 185.663 201.998 218.499 191.392 201.425 204.528 177.814 138.481 137.532 116.164 107.223 95.904 76.138 67.541 68.008 70.354 74.86 80.7 91.013 105.366 105.719 112.805 110.088 114.343 111.091 95.569 90.444 83.589 79.932 -9999 -9999
130.44 122.255 108.884 100.22 100.587 -9999 -9999 -9999 -9999 -9999 -9999 -9999 -9999 -9999 -9999 -9999 -9999 -9999 -9999 -9999 -9999 -9999 -9999 -9999 -9999 -9999 -9999 -9999 -9999 -9999 -9999 -9999 -9999 179.505 239.91 284.525 293.661 263.975 244.894 212.07 198.253 187.002 170.539 175.372 191.961 188.673 217.928 207.108 199.517 166.718 158.237 140.92 129.442 103.883 91.197 75.457 70.25 69.679 70.708 80.208 88.507 91.836 101.015 109.707 111.949 108.209 104.952 107.896 105.748 95.427 93.194 84.631 -9999 -9999
144.987 -9999 -9999 -9999 -9999 -9999 -9999 -9999 -9999 -9999 -9999 -9999 -9999 -9999 -9999 -9999 -9999 -9999 -9999 -9999 -9999 -9999 -9999 -9999 -9999 -9999 -9999 -9999 -9999 -9999 -9999 -9999 -9999 171.018 214.206 228.402 221.977 224.363 191.946 204.47 192.641 167.384 168.04 171.434 178.433 228.046 213.68 213.806 195.18 180.531 148.884 131.755 116.525 106.95 90.576 79.447 71.617 69.127 74.427 77.032 87.455 95.969 96.105 96.959 98.926 95.288 98.771 99.232 105.924 100.127 87.282 83.938 74.017 -9999
163.987 -9999 -9999 -9999 -9999 -9999 -9999 -9999 -9999 -9999 -9999 -9999 -9999 -9999 -9999 -9999 -9999 -9999 -9999 -9999 -9999 -9999 -9999 -9999 -9999 -9999 -9999 -9999 -9999 -9999 -9999 -9999 -9999 -9999 190.123 187.077 186.708 170.817 186.264 177.708 158.625 154.319 157.175 164.25 184.296 205.929 227.848 223.255 216.245 193.502 179.048 160.084 130.744 122.973 106.647 86.79 74.515 67.574 66.75 70.343 72.98 88.516 94.947 87.728 81.194 78.611 74.623 76.727 79.928 94.209 83.866 72.829 67.943 -9999
126.481 -9999 -9999 -9999 -9999 -9999 -9999 -9999 -9999 -9999 -9999 -9999 -9999 -9999 -9999 -9999 -9999 -9999 -9999 -9999 -9999 -9999 -9999 -9999 -9999 -9999 -9999 -9999 -9999 -9999 -9999 -9999 -9999 -9999 166.541 -9999 160.412 165.176 156.534 149.516 -9999 141.156 150.642 160.416 168.533 205.922 220.901 222.27 211.282 197.725 189.496 199.228 165.798 138.257 121.955 102.235 80.185 69.662 66.635 64.032 68.264 74.965 81.863 80.996 76.265 70.172 65.496 64.48 68.372 77.44 80.785 71.964 74.8 71.028
-9999 -9999 -9999 -9999 -9999 -9999 -9999 -9999 -9999 -9999 -9999 -9999 -9999 -9999 -9999 -9999 -9999 -9999 -9999 -9999 -9999 -9999 -9999 -9999 -9999 -9999 -9999 -9999 -9999 -9999 -9999 -9999 -9999 -9999 -9999 154.859 156.236 -9999 -9999 -9999 -9999 136.42 143.737 141.419 157.038 168.857 183.453 187.294 195.408 201.124 188.012 180.971 192.725 157.315 130.468 107.497 89.339 76.934 71.31 66.973 65.793 72.637 77.07 81.09 77.648 75.432 69.129 63.658 68.029 77.4 81.635 74.61 81.012 82.416
-9999 -9999 -9999 -9999 -9999 -9999 -9999 -9999 -9999 -9999 -9999 -9999 -9999 -9999 -9999 -9999 -9999 -9999 -9999 -9999 -9999 -9999 -9999 -9999 -9999 -9999 -9999 -9999 -9999 -9999 -9999 -9999 -9999 -9999 -9999 141.091 143.047 -9999 -9999 -9999 -9999 133.753 146.606 140.682 144.049 150.397 159.611 153.435 164.253 189.041 176.593 162.38 176.31 160.563 138.471 113.744 94.404 77.25 70.919 67.115 63.705 63.724 68.995 74.161 76.053 71.364 72.479 70.422 70.45 79.116 85.949 84.689 74.235 71.235
-9999 -9999 -9999 -9999 -9999 -9999 -9999 -9999 -9999 -9999 -9999 -9999 -9999 -9999 -9999 -9999 -9999 -9999 -9999 -9999 -9999 -9999 -9999 -9999 -9999 -9999 -9999 -9999 -9999 -9999 -9999 -9999 -9999 -9999 -9999 135.164 -9999 -9999 -9999 -9999 130.323 141.451 153.182 172.191 182.562 187.732 174.374 149.482 168.234 178.353 153.541 152.079 146.739 144.259 129.404 112.085 92.195 81.163 71.997 68.841 66.22 63.343 64.093 69.129 72.366 73.339 76.926 86.678 83.918 82.946 83.614 81.138 76.985 75.086
-9999 -9999 -9999 -9999 -9999 -9999 -9999 -9999 -9999 -9999 -9999 -9999 -9999 -9999 -9999 -9999 -9999 -9999 -9999 -9999 -9999 -9999 -9999 -9999 -9999 -9999 -9999 -9999 -9999 -9999 -9999 -9999 -9999 -9999 -9999 -9999 -9999 -9999 -9999 -9999 131.479 148.928 169.347 206.9 228.399 222.256 183.497 167.626 146.764 143.563 137.128 139.016 140.4 128.632 121.495 111.111 93.606 81.569 75.434 69.348 66.395 63.639 64.404 66.019 69.172 74.628 79.289 93.226 97.89 83.088 78.538 75.529 72.287 68.484
-9999 -9999 -9999 -9999 -9999 -9999 -9999 -9999 -9999 -9999 -9999 -9999 -9999 -9999 -9999 -9999 -9999 -9999 -9999 -9999 -9999 -9999 -9999 -9999 -9999 -9999 -9999 -9999 -9999 -9999 -9999 -9999 -9999 -9999 -9999 -9999 -9999 -9999 -9999 -9999 131.587 142.078 174.455 210.733 235.004 209.181 184.743 147.355 139.738 133.763 124.298 121.803 116.179 120.897 109.609 105.908 93.645 80.434 71.957 66.518 65.241 64.755 66.267 66.714 65.885 70.575 77.3 84.535 89.913 81.921 73.326 67.275 68.334 67.906
-9999 -9999 -9999 -9999 -9999 -9999 -9999 -9999 -9999 -9999 -9999 -9999 -9999 -9999 -9999 -9999 -9999 -9999 -9999 -9999 -9999 -9999 -9999 -9999 -9999 -9999 -9999 -9999 -9999 -9999 -9999 -9999 -9999 -9999 -9999 -9999 -9999 -9999 -9999 122.973 127.976 140.151 172.749 214.076 223.773 194.809 177.853 141.897 139.185 134.103 122.046 119.097 119.98 107.958 101.782 90.791 87.603 73.83 69.314 65.225 64.012 65.483 64.791 64.103 63.6 65.149 71.399 76.966 81.378 77.88 72.732 68.388 65.216 68.879
-9999 -9999 -9999 -9999 -9999 -9999 -9999 -9999 -9999 -9999 -9999 -9999 -9999 -9999 -9999 -9999 -9999 -9999 -9999 -9999 -9999 -9999 -9999 -9999 -9999 -9999 -9999 -9999 -9999 -9999 -9999 -9999 -9999 -9999 -9999 -9999 -9999 -9999 -9999 124.571 124.068 139.5 162.622 186.699 169.211 168.955 145.109 146.714 161.984 140.368 130.265 126.207 116.162 112.275 99.101 93.124 91.489 84.952 71.154 68.167 65.267 63.703 63.325 61.9 61.012 60.352 64.511 69.588 75.671 78.221 73.679 67.61 67.112 67.422
-9999 -9999 -9999 -9999 -9999 -9999 -9999 -9999 -9999 -9999 -9999 -9999 -9999 -9999 -9999 -9999 -9999 -9999 -9999 -9999 -9999 -9999 -9999 -9999 -9999 -9999 -9999 -9999 -9999 -9999 -9999 -9999 -9999 -9999 -9999 -9999 -9999 -9999 124.575 121.439 122.707 127.144 146.913 151.515 151.13 147.562 144.736 149.691 148.077 137.244 135.305 135.29 121.148 98.547 97.539 87.463 84.456 81.815 79.358 70.487 67.271 64.409 62.458 62.091 61.425 59.563 61.574 68.566 73.312 77.915 77.165 72.845 68.631 66.557
-9999 -9999 -9999 -9999 -9999 -9999 -9999 -9999 -9999 -9999 -9999 -9999 -9999 -9999 -9999 -9999 -9999 -9999 -9999 -9999 -9999 -9999 -9999 -9999 -9999 -9999 -9999 -9999 -9999 -9999 -9999 -9999 -9999 -9999 -9999 -9999 -9999 -9999 115.169 119.696 119.025 122.899 134.722 135.716 135.792 143.901 141.629 137.239 139.622 136.331 154.432 153.332 134.601 112.424 93.865 90.254 81.651 74.832 75.436 75.636 68.164 64.591 65.215 62.578 61.464 61.666 61.463 66.352 69.473 74.733 75.932 77.307 73.579 68.484
-9999 -9999 -9999 -9999 -9999 -9999 -9999 -9999 -9999 -9999 -9999 -9999 -9999 -9999 -9999 -9999 -9999 -9999 -9999 -9999 -9999 -9999 -9999 -9999 -9999 -9999 -9999 -9999 -9999 -9999 -9999 -9999 -9999 -9999 -9999 -9999 -9999 -9999 113.441 114.258 113.195 121.104 129.667 127.927 131.774 139.149 139.918 145.216 156.227 161.1 169.573 153.183 131.26 112.289 96.179 89.244 84.051 76.114 68.613 68.788 67.405 63.647 63.7 64.251 61.529 63.686 63.563 62.973 65.335 68.321 75.414 75.235 73.477 68.976
-9999 -9999 -9999 -9999 -9999 -9999 -9999 -9999 -9999 -9999 -9999 -9999 -9999 -9999 -9999 -9999 -9999 -9999 -9999 -9999 -9999 -9999 -9999 -9999 -9999 -9999 -9999 -9999 -9999 -9999 -9999 -9999 -9999 -9999 -9999 -9999 -9999 -9999 -9999 110.241 112.223 116.132 114.823 136.351 148.234 157.63 159.164 163.231 157.971 168.72 161.964 149.869 125.843 100.405 92.76 80.227 79.307 73.9 69.967 68.288 66.253 63.295 62.492 59.614 59.824 62.836 64.596 63.035 62.675 66.02 68.955 71.016 -9999 67.884
