Validation/Results/raw data/ReClimate_06_2024_2_Precipitation-Actuals.asc
NCOLS 192
NROWS 249
XLLCENTER -225160.85627316462
YLLCENTER 29788.11610251502
CELLSIZE 5000.0
NODATA_VALUE -9999
[rows 66 to 98 of 249, columns 74 to 147 of 192]
-9999 -9999 -9999 -9999 -9999 -9999 -9999 -9999 -9999 -9999 -9999 108.967 -9999 121.117 147.737 168.379 159.814 175.046 133.83 126.408 105.455 97.931 77.744 84.958 94.865 87.925 88.854 91.819 91.641 97.271 85.486 78.081 -9999 -9999 -9999 -9999 -9999 -9999 -9999 -9999 -9999 -9999 -9999 -9999 -9999 -9999 -9999 -9999 -9999 -9999 -9999 -9999 -9999 -9999 -9999 -9999 -9999 -9999 -9999 -9999 -9999 -9999 -9999 -9999 -9999 -9999 -9999 -9999 -9999 -9999 -9999 -9999 -9999 -9999
-9999 -9999 -9999 -9999 -9999 -9999 -9999 -9999 -9999 -9999 -9999 -9999 113.658 150.846 147.247 148.408 146.889 137.436 132.047 129.488 112.829 96.746 89.618 84.848 83.201 79.37 84.683 88.477 92.229 81.403 -9999 -9999 -9999 -9999 -9999 -9999 -9999 -9999 -9999 -9999 -9999 -9999 -9999 -9999 -9999 -9999 -9999 -9999 -9999 -9999 -9999 -9999 -9999 -9999 -9999 -9999 -9999 -9999 -9999 -9999 -9999 -9999 -9999 -9999 -9999 -9999 -9999 -9999 -9999 -9999 -9999 -9999 -9999 -9999
-9999 -9999 -9999 -9999 -9999 -9999 -9999 -9999 -9999 -9999 -9999 -9999 134.059 158.27 144.015 127.54 135.824 137.122 118.929 109.137 98.808 87.381 86.784 82.762 86.08 84.741 78.543 85.393 78.703 65.382 -9999 -9999 -9999 -9999 -9999 -9999 -9999 -9999 -9999 -9999 -9999 -9999 -9999 -9999 -9999 -9999 -9999 -9999 -9999 -9999 -9999 -9999 -9999 -9999 -9999 -9999 -9999 -9999 -9999 -9999 -9999 -9999 -9999 -9999 -9999 -9999 -9999 -9999 -9999 -9999 -9999 -9999 -9999 -9999
-9999 -9999 -9999 -9999 -9999 -9999 -9999 -9999 -9999 -9999 -9999 -9999 -9999 -9999 128.958 137.203 138.77 117.4 108.887 108.571 104.998 91.969 77.309 76.824 90.618 84.379 77.787 63.962 -9999 -9999 -9999 -9999 -9999 -9999 -9999 -9999 -9999 -9999 -9999 -9999 -9999 -9999 -9999 -9999 -9999 -9999 -9999 -9999 -9999 -9999 -9999 -9999 -9999 -9999 -9999 -9999 -9999 -9999 -9999 -9999 -9999 -9999 -9999 -9999 -9999 -9999 -9999 -9999 -9999 -9999 -9999 -9999 -9999 -9999
-9999 -9999 -9999 -9999 -9999 -9999 -9999 -9999 111.842 -9999 -9999 119.48 130.183 131.0 125.891 149.215 132.304 121.987 120.166 119.577 103.804 87.74 67.49 80.155 83.982 89.907 74.232 65.805 -9999 -9999 -9999 -9999 -9999 -9999 -9999 -9999 -9999 -9999 -9999 -9999 -9999 -9999 -9999 -9999 -9999 -9999 -9999 -9999 -9999 -9999 -9999 -9999 -9999 -9999 -9999 -9999 -9999 -9999 -9999 -9999 -9999 -9999 -9999 -9999 -9999 -9999 -9999 -9999 -9999 -9999 -9999 -9999 -9999 -9999
-9999 -9999 -9999 -9999 -9999 -9999 112.377 109.409 116.635 119.255 133.589 133.387 153.096 161.343 155.705 119.206 142.085 140.762 128.683 114.431 96.437 97.192 104.061 77.473 76.019 70.859 65.157 57.792 -9999 -9999 -9999 -9999 -9999 -9999 -9999 -9999 -9999 -9999 -9999 -9999 -9999 -9999 -9999 -9999 -9999 -9999 -9999 -9999 -9999 -9999 -9999 -9999 -9999 -9999 -9999 -9999 -9999 -9999 -9999 -9999 -9999 -9999 -9999 -9999 -9999 -9999 -9999 -9999 -9999 -9999 -9999 -9999 -9999 -9999
-9999 -9999 -9999 -9999 -9999 -9999 109.781 120.842 -9999 135.704 153.011 161.872 163.479 185.7 128.26 136.489 153.575 154.956 146.852 117.112 115.184 121.332 95.756 86.575 89.371 73.226 70.453 -9999 60.391 -9999 -9999 -9999 -9999 -9999 -9999 -9999 -9999 -9999 -9999 -9999 -9999 -9999 -9999 -9999 -9999 -9999 -9999 -9999 -9999 -9999 -9999 -9999 -9999 -9999 -9999 -9999 -9999 -9999 -9999 -9999 -9999 -9999 -9999 -9999 -9999 -9999 -9999 -9999 -9999 -9999 -9999 -9999 -9999 -9999
-9999 -9999 -9999 -9999 -9999 -9999 -9999 140.896 144.299 149.261 172.386 164.606 190.286 151.628 135.186 132.454 132.985 136.449 132.494 111.545 110.34 103.287 82.329 87.946 84.39 76.367 71.503 58.87 63.531 -9999 -9999 -9999 -9999 -9999 -9999 -9999 -9999 -9999 -9999 -9999 -9999 -9999 -9999 -9999 -9999 -9999 -9999 -9999 -9999 -9999 -9999 -9999 -9999 -9999 -9999 -9999 -9999 -9999 -9999 -9999 -9999 -9999 -9999 -9999 -9999 -9999 -9999 -9999 -9999 -9999 -9999 -9999 -9999 -9999
122.696 -9999 -9999 -9999 -9999 -9999 -9999 -9999 142.136 155.036 165.569 209.932 185.788 169.473 149.785 157.615 159.224 127.248 104.258 101.972 115.976 101.335 84.887 87.68 77.211 73.354 62.815 64.917 71.882 -9999 -9999 -9999 -9999 -9999 -9999 -9999 -9999 -9999 -9999 -9999 -9999 -9999 -9999 -9999 -9999 -9999 -9999 -9999 -9999 -9999 -9999 -9999 -9999 -9999 -9999 -9999 -9999 -9999 -9999 -9999 -9999 -9999 -9999 -9999 -9999 -9999 -9999 -9999 -9999 -9999 -9999 -9999 -9999 -9999
131.795 -9999 -9999 -9999 -9999 -9999 152.073 155.839 175.189 177.272 179.746 167.67 187.937 170.123 164.882 161.434 133.918 116.098 113.444 98.846 109.978 123.94 91.248 72.725 64.14 66.43 -9999 70.547 -9999 -9999 -9999 -9999 -9999 -9999 73.137 74.327 74.69 -9999 -9999 -9999 -9999 -9999 -9999 -9999 -9999 -9999 -9999 -9999 -9999 -9999 -9999 -9999 -9999 -9999 -9999 -9999 -9999 -9999 -9999 -9999 -9999 -9999 -9999 -9999 -9999 -9999 -9999 -9999 -9999 -9999 -9999 -9999 -9999 -9999
130.234 110.487 -9999 -9999 -9999 -9999 -9999 177.84 192.793 194.735 172.963 179.462 157.393 164.438 152.861 151.822 123.607 108.314 87.97 101.287 127.157 103.09 78.658 66.54 72.365 75.362 69.132 -9999 -9999 -9999 -9999 98.629 80.878 70.364 73.946 76.708 78.136 78.478 78.779 80.624 89.284 93.709 82.241 73.04 71.646 76.831 84.531 84.432 76.419 67.968 64.691 66.446 67.963 -9999 -9999 -9999 -9999 -9999 -9999 -9999 -9999 -9999 -9999 -9999 -9999 -9999 -9999 -9999 -9999 -9999 -9999 -9999 -9999 -9999
174.17 167.948 -9999 -9999 -9999 163.32 -9999 170.808 162.323 175.151 219.432 186.927 166.01 140.374 144.371 127.401 124.033 110.016 107.424 94.165 86.011 83.053 73.284 72.45 81.348 73.959 -9999 -9999 -9999 -9999 83.784 98.841 73.774 81.328 85.995 79.928 81.561 86.301 85.596 96.499 105.059 103.157 82.326 77.707 80.126 81.306 82.64 82.542 78.755 71.629 71.271 75.897 67.82 -9999 -9999 -9999 -9999 -9999 -9999 -9999 -9999 -9999 -9999 -9999 -9999 -9999 -9999 -9999 -9999 -9999 -9999 -9999 -9999 -9999
179.412 164.258 -9999 -9999 -9999 175.318 178.041 160.477 180.73 230.297 222.651 218.529 159.466 153.955 139.515 124.599 107.733 105.527 112.291 99.404 97.367 75.859 68.641 78.837 70.622 -9999 -9999 68.518 71.138 73.884 84.011 81.087 84.444 89.199 87.313 93.74 96.095 90.453 89.894 94.413 96.246 86.859 86.856 90.128 82.872 83.812 84.25 84.755 78.522 76.769 77.745 73.518 68.071 66.356 -9999 -9999 -9999 -9999 -9999 -9999 -9999 -9999 -9999 -9999 -9999 -9999 -9999 -9999 -9999 -9999 -9999 -9999 -9999 -9999
162.306 156.191 -9999 149.434 -9999 155.794 160.05 198.508 223.677 205.052 236.08 204.327 180.056 166.469 147.533 134.874 120.008 115.821 110.477 118.923 107.988 80.341 61.545 62.073 64.591 -9999 74.468 79.154 84.235 74.517 80.356 82.598 92.44 95.583 95.927 102.984 96.243 89.287 95.041 97.429 94.891 89.378 84.814 78.983 79.344 83.862 84.957 82.861 79.837 76.21 71.131 67.117 66.04 65.817 -9999 -9999 -9999 -9999 -9999 -9999 -9999 -9999 -9999 -9999 -9999 -9999 -9999 -9999 -9999 -9999 -9999 -9999 -9999 -9999
163.274 -9999 147.593 -9999 -9999 -9999 210.584 273.443 208.873 201.276 172.385 178.815 172.086 158.237 148.435 135.623 144.272 134.28 123.089 108.237 88.482 68.97 69.115 83.79 73.038 73.95 85.109 97.825 98.465 93.41 90.172 95.31 102.008 105.661 102.965 87.064 85.344 88.392 90.663 96.146 90.114 85.207 80.861 77.707 83.271 83.276 76.936 81.498 81.613 80.049 65.372 68.213 68.562 67.696 -9999 -9999 -9999 -9999 -9999 -9999 -9999 -9999 -9999 -9999 -9999 -9999 -9999 -9999 -9999 -9999 -9999 -9999 -9999 -9999
172.796 147.425 -9999 -9999 -9999 -9999 220.877 204.446 178.158 -9999 174.452 185.359 180.857 151.21 131.502 126.024 114.488 108.397 110.788 104.096 99.694 93.391 98.409 96.378 72.738 87.138 90.519 106.614 116.4 106.144 89.372 90.126 104.916 109.379 88.559 82.806 98.239 91.88 102.829 97.724 88.072 88.565 80.035 84.685 92.643 78.406 78.518 78.566 81.646 69.836 68.89 74.155 69.491 67.322 -9999 -9999 -9999 -9999 -9999 -9999 -9999 -9999 -9999 -9999 -9999 -9999 -9999 -9999 -9999 -9999 -9999 -9999 -9999 -9999
204.002 180.356 -9999 -9999 -9999 169.91 -9999 -9999 151.455 155.717 181.549 205.542 195.053 167.757 158.077 129.376 113.358 101.801 90.451 89.709 94.92 96.581 100.043 67.495 81.396 92.206 109.157 104.647 106.207 110.9 92.697 91.874 97.907 90.932 86.742 101.79 96.203 96.635 97.887 92.671 99.748 88.343 82.13 93.071 82.457 76.734 79.377 83.529 74.732 69.223 71.065 71.806 68.897 -9999 -9999 -9999 -9999 -9999 -9999 -9999 -9999 -9999 -9999 -9999 -9999 -9999 -9999 -9999 -9999 -9999 -9999 -9999 -9999 -9999
240.93 227.022 188.931 161.094 -9999 -9999 -9999 179.842 149.461 -9999 186.395 175.109 171.518 175.77 163.805 155.225 123.402 91.145 92.93 94.638 98.672 91.761 68.449 86.385 91.602 104.415 103.953 99.543 105.775 104.045 85.181 84.535 83.879 89.865 110.076 97.838 100.129 115.806 99.9 96.012 94.137 81.485 84.309 80.726 77.228 74.32 79.438 77.42 77.129 70.976 67.715 66.892 -9999 -9999 -9999 -9999 -9999 -9999 -9999 -9999 -9999 -9999 -9999 -9999 -9999 -9999 -9999 -9999 -9999 -9999 -9999 -9999 -9999 -9999
259.189 244.913 200.357 171.528 -9999 168.38 181.529 182.665 182.802 203.31 183.785 175.117 190.985 196.095 163.251 122.206 116.658 110.688 110.623 108.998 106.041 87.843 84.188 96.307 117.215 115.122 98.306 95.331 95.736 71.564 77.254 85.106 93.976 105.813 87.604 86.371 100.7 109.101 110.622 106.007 102.817 83.117 88.371 85.115 87.567 94.217 77.463 74.863 78.926 77.583 69.612 65.775 -9999 -9999 -9999 -9999 -9999 -9999 -9999 -9999 -9999 -9999 -9999 -9999 -9999 -9999 -9999 -9999 -9999 -9999 -9999 -9999 -9999 -9999
235.616 224.807 194.065 174.151 178.23 177.185 201.164 -9999 184.311 198.69 217.055 226.323 208.531 186.726 146.572 155.711 132.052 116.907 100.918 96.382 95.245 84.317 89.49 119.195 128.108 98.472 89.647 104.754 82.744 88.873 77.938 85.105 89.535 91.646 94.226 92.334 105.514 119.163 103.941 95.88 89.144 79.766 76.932 71.695 80.197 74.736 69.279 73.838 76.036 72.803 66.2 -9999 -9999 -9999 -9999 -9999 -9999 -9999 -9999 -9999 -9999 -9999 -9999 -9999 -9999 -9999 -9999 -9999 -9999 -9999 -9999 -9999 -9999 -9999
228.264 -9999 -9999 -9999 176.818 198.843 -9999 188.713 211.092 244.038 247.243 211.624 210.613 189.464 185.274 153.886 110.836 94.526 105.47 114.579 88.898 93.654 113.477 133.025 128.168 116.174 123.697 101.757 108.26 88.674 84.473 103.495 97.848 111.036 104.39 107.458 114.841 105.864 84.996 84.374 85.329 87.376 81.626 71.416 76.168 73.161 71.866 73.645 74.58 72.166 68.9 -9999 -9999 -9999 -9999 -9999 -9999 -9999 -9999 -9999 -9999 -9999 -9999 -9999 -9999 -9999 -9999 -9999 -9999 -9999 -9999 -9999 -9999 -9999
-9999 -9999 -9999 174.291 190.739 -9999 173.361 194.175 -9999 219.794 198.633 221.855 208.752 219.67 181.037 141.256 139.179 133.231 115.217 96.212 117.296 116.402 121.041 143.41 147.048 141.728 122.526 101.598 84.572 77.114 97.681 106.999 121.309 121.317 108.445 100.427 103.192 91.607 88.374 81.892 83.355 85.653 77.265 80.212 81.135 78.268 77.045 74.118 81.278 79.115 70.293 -9999 -9999 -9999 -9999 -9999 -9999 -9999 -9999 -9999 -9999 -9999 -9999 -9999 -9999 -9999 -9999 -9999 -9999 -9999 -9999 -9999 -9999 -9999
-9999 -9999 -9999 168.015 -9999 -9999 178.846 197.145 219.087 198.523 222.617 218.762 203.943 175.574 157.833 137.637 119.341 106.699 109.512 140.249 150.232 142.296 146.523 154.832 151.142 125.411 88.77 76.411 88.924 120.896 130.312 160.401 154.37 127.264 114.82 113.738 96.251 91.53 84.773 80.98 72.57 74.257 77.168 76.612 85.618 99.278 80.45 72.338 73.123 73.122 69.268 -9999 -9999 -9999 -9999 -9999 -9999 -9999 -9999 -9999 -9999 -9999 -9999 -9999 -9999 -9999 -9999 -9999 -9999 -9999 -9999 -9999 -9999 -9999
-9999 -9999 -9999 -9999 -9999 -9999 -9999 221.401 231.197 210.985 231.8 225.066 179.303 183.945 172.586 151.317 143.307 139.944 155.463 158.79 157.558 134.585 131.422 138.616 131.636 98.412 79.165 88.449 110.025 134.766 167.194 148.269 142.677 126.503 121.5 105.754 94.953 93.827 87.494 71.874 64.588 66.827 68.832 71.884 86.128 79.652 68.992 69.004 75.666 75.493 -9999 -9999 -9999 -9999 -9999 -9999 -9999 -9999 -9999 -9999 -9999 -9999 -9999 -9999 -9999 -9999 -9999 -9999 -9999 -9999 -9999 -9999 -9999 -9999
-9999 -9999 -9999 -9999 -9999 158.374 179.963 -9999 238.186 235.546 263.35 215.638 177.361 171.285 172.846 191.625 185.459 165.255 143.626 143.369 135.462 134.962 116.427 113.684 102.0 90.121 101.721 103.964 120.661 145.169 139.641 137.48 106.105 104.606 96.602 76.226 80.864 92.35 98.1 95.104 83.564 81.497 87.473 78.6 67.637 74.294 80.838 82.748 81.442 73.813 -9999 -9999 -9999 -9999 -9999 -9999 -9999 -9999 -9999 -9999 -9999 -9999 -9999 -9999 -9999 -9999 -9999 -9999 -9999 -9999 -9999 -9999 -9999 -9999
-9999 -9999 -9999 -9999 157.648 156.448 202.199 220.378 253.652 272.157 259.099 227.014 182.34 158.585 167.14 159.707 158.946 174.577 163.814 168.467 169.886 109.34 112.117 102.205 96.87 100.297 113.232 111.998 122.358 117.831 120.17 106.573 99.505 97.088 108.88 107.893 118.058 111.528 103.143 118.352 126.005 116.396 105.04 90.104 91.814 93.13 88.812 79.591 73.505 -9999 -9999 -9999 -9999 -9999 -9999 -9999 -9999 -9999 -9999 -9999 -9999 -9999 -9999 -9999 -9999 -9999 -9999 -9999 -9999 -9999 -9999 -9999 -9999 -9999
-9999 -9999 -9999 -9999 155.72 -9999 188.252 206.166 230.326 254.111 244.612 182.968 171.346 182.052 145.271 141.282 148.062 146.483 157.13 148.233 111.175 122.724 135.838 117.825 106.328 139.364 125.145 126.441 127.216 129.551 124.339 119.786 113.36 127.121 125.796 134.339 137.076 100.667 115.753 119.828 97.275 103.093 111.435 100.712 97.502 93.758 80.204 75.876 69.733 -9999 -9999 -9999 -9999 -9999 -9999 -9999 -9999 -9999 -9999 -9999 -9999 -9999 -9999 -9999 -9999 -9999 -9999 -9999 -9999 -9999 -9999 -9999 -9999 -9999
-9999 -9999 -9999 -9999 -9999 -9999 215.872 233.048 211.578 218.605 186.78 153.379 159.373 144.477 137.135 135.941 134.589 148.027 124.386 127.278 130.012 153.474 130.252 101.499 127.286 142.933 125.293 129.619 121.501 134.294 122.02 118.24 147.826 143.582 139.5 156.758 143.128 141.012 139.366 119.427 105.836 100.366 90.298 93.968 96.675 83.087 71.938 69.694 64.938 -9999 -9999 -9999 -9999 -9999 -9999 -9999 -9999 -9999 -9999 -9999 -9999 -9999 -9999 -9999 -9999 -9999 -9999 -9999 -9999 -9999 -9999 -9999 -9999 -9999
-9999 -9999 -9999 -9999 179.275 193.263 222.802 215.525 203.958 223.513 185.213 188.82 188.28 -9999 169.434 224.56 198.036 169.017 154.385 157.784 155.876 158.233 144.465 131.937 128.951 118.062 114.108 102.227 108.88 123.774 114.273 138.654 125.166 123.662 120.196 135.087 147.095 136.323 112.495 120.061 113.12 94.933 101.539 88.626 79.144 72.142 72.076 73.119 58.885 -9999 -9999 -9999 -9999 -9999 -9999 -9999 -9999 -9999 -9999 -9999 -9999 -9999 -9999 -9999 -9999 -9999 -9999 -9999 -9999 -9999 -9999 -9999 -9999 -9999
174.959 147.133 156.522 174.829 -9999 180.771 201.474 207.87 210.931 218.358 216.054 207.033 -9999 202.675 254.989 232.847 221.09 181.134 162.083 139.025 153.586 156.272 150.404 129.923 108.565 100.714 96.195 81.637 99.844 100.153 120.836 119.498 115.778 108.903 103.324 114.588 119.269 108.975 111.737 112.881 109.147 103.905 79.068 73.49 70.151 73.678 80.759 63.791 -9999 -9999 -9999 -9999 -9999 -9999 -9999 -9999 -9999 -9999 -9999 -9999 -9999 -9999 -9999 -9999 -9999 -9999 -9999 -9999 -9999 -9999 -9999 -9999 -9999 -9999
145.574 149.019 167.33 191.439 190.161 -9999 193.144 200.034 209.901 217.98 204.629 187.38 190.035 221.539 222.582 203.781 214.801 182.406 165.068 148.161 147.304 128.913 124.489 103.979 99.934 116.263 90.784 90.612 86.513 94.052 105.321 118.736 103.86 90.43 98.144 114.107 107.668 104.915 96.918 105.479 97.02 78.119 71.197 72.159 73.464 74.598 -9999 -9999 -9999 -9999 -9999 -9999 -9999 -9999 -9999 -9999 -9999 -9999 -9999 -9999 -9999 -9999 -9999 -9999 -9999 -9999 -9999 -9999 -9999 -9999 -9999 -9999 -9999 -9999
-9999 -9999 -9999 186.269 -9999 205.599 208.876 214.746 238.518 230.914 -9999 -9999 214.991 205.721 194.723 228.068 193.319 184.433 159.715 153.379 110.915 100.248 91.191 84.362 92.68 92.473 99.085 82.161 90.757 91.148 97.748 102.087 94.347 87.812 98.476 104.366 102.773 91.758 94.52 89.79 74.668 65.406 67.039 72.937 67.635 -9999 -9999 -9999 -9999 -9999 -9999 -9999 -9999 -9999 -9999 -9999 -9999 -9999 -9999 -9999 -9999 -9999 -9999 -9999 -9999 -9999 -9999 -9999 -9999 -9999 -9999 -9999 -9999 -9999
152.273 164.337 -9999 189.249 219.989 209.191 216.115 227.177 231.258 -9999 -9999 199.437 257.56 252.017 244.087 198.731 188.287 171.425 150.87 127.463 116.581 111.526 112.638 103.983 114.526 139.095 112.298 92.895 92.5 81.538 83.075 84.89 95.117 96.934 94.325 94.276 90.545 81.663 80.045 75.255 66.201 64.776 68.638 70.006 69.047 67.605 -9999 -9999 -9999 -9999 -9999 -9999 -9999 -9999 -9999 -9999 -9999 -9999 -9999 -9999 -9999 -9999 -9999 -9999 -9999 -9999 -9999 -9999 -9999 -9999 -9999 -9999 -9999 -9999
