Validation/Results/raw data/ReClimate_07_2024_1.asc
NCOLS 192
NROWS 249
XLLCENTER -225160.85627316462
YLLCENTER 29788.11610251502
CELLSIZE 5000.0
NODATA_VALUE -9999
[rows 102 to 135 of 249, columns 75 to 149 of 192]
96.729 96.723 96.717 96.711 96.707 96.683 -9999 -9999 96.507 -9999 -9999 96.184 96.046 95.928 95.795 95.662 95.418 95.223 95.248 95.222 95.109 95.017 94.936 94.854 94.77 94.684 94.595 94.504 94.41 94.312 94.21 94.103 93.991 93.873 93.748 93.616 93.474 93.323 93.183 93.065 92.951 92.843 -9999 -9999 -9999 -9999 -9999 -9999 -9999 -9999 -9999 -9999 -9999 -9999 -9999 -9999 -9999 -9999 -9999 -9999 -9999 -9999 -9999 -9999 -9999 -9999 -9999 -9999 -9999 -9999 -9999 -9999 -9999 -9999 -9999
96.709 96.703 96.698 96.694 -9999 -9999 -9999 96.596 96.533 96.468 96.354 96.203 96.061 95.922 95.785 95.669 95.512 95.394 95.327 95.214 95.111 95.022 94.942 94.86 94.776 94.69 94.601 94.509 94.414 94.316 94.212 94.105 93.991 93.871 93.744 93.608 93.463 -9999 -9999 93.041 -9999 -9999 -9999 -9999 -9999 -9999 -9999 -9999 -9999 -9999 -9999 -9999 -9999 -9999 -9999 -9999 -9999 -9999 -9999 -9999 -9999 -9999 -9999 -9999 -9999 -9999 -9999 -9999 -9999 -9999 -9999 -9999 -9999 -9999 -9999
96.69 96.685 -9999 96.678 -9999 -9999 -9999 96.62 96.559 96.492 96.381 96.234 96.087 95.944 95.805 95.669 95.545 95.429 95.322 95.215 95.113 95.029 94.949 94.867 94.784 94.697 94.608 94.516 94.421 94.321 94.217 94.108 93.993 93.872 93.743 93.604 -9999 93.296 93.146 93.02 92.941 -9999 -9999 -9999 -9999 -9999 -9999 -9999 -9999 -9999 -9999 -9999 -9999 -9999 -9999 -9999 -9999 -9999 -9999 -9999 -9999 -9999 -9999 -9999 -9999 -9999 -9999 -9999 -9999 -9999 -9999 -9999 -9999 -9999 -9999
96.671 -9999 -9999 -9999 -9999 96.663 96.662 96.633 96.585 96.518 96.394 96.209 96.082 95.979 95.839 95.707 95.57 95.438 95.322 95.215 95.118 95.039 94.959 94.877 94.782 94.665 94.587 94.525 94.429 94.329 94.224 94.112 93.997 93.875 -9999 93.605 93.455 93.293 93.142 93.019 92.979 -9999 -9999 -9999 -9999 -9999 -9999 -9999 -9999 -9999 -9999 -9999 -9999 -9999 -9999 -9999 -9999 -9999 -9999 -9999 -9999 -9999 -9999 -9999 -9999 -9999 -9999 -9999 -9999 -9999 -9999 -9999 -9999 -9999 -9999
-9999 -9999 -9999 -9999 -9999 96.649 96.65 96.639 96.612 96.547 96.427 96.3 96.174 96.02 95.89 95.767 95.627 95.485 95.363 95.241 95.136 95.05 94.971 94.889 94.807 94.766 94.675 94.536 94.44 94.339 94.237 94.137 94.017 93.881 93.75 93.609 93.461 93.311 93.191 93.102 93.032 92.994 -9999 -9999 -9999 -9999 -9999 -9999 -9999 -9999 -9999 -9999 -9999 -9999 -9999 -9999 -9999 -9999 -9999 -9999 -9999 -9999 -9999 -9999 -9999 -9999 -9999 -9999 -9999 -9999 -9999 -9999 -9999 -9999 -9999
-9999 -9999 -9999 -9999 96.631 -9999 -9999 96.638 96.623 96.586 96.492 96.346 -9999 -9999 95.939 95.973 95.778 95.487 95.379 95.303 95.198 95.108 95.045 95.029 94.99 94.978 94.793 94.518 94.429 94.35 94.25 94.14 94.045 93.987 93.845 93.662 93.533 93.407 93.308 93.232 93.163 93.097 93.074 -9999 -9999 -9999 -9999 -9999 -9999 -9999 -9999 -9999 -9999 -9999 -9999 -9999 -9999 -9999 -9999 -9999 -9999 -9999 -9999 -9999 -9999 -9999 -9999 -9999 -9999 -9999 -9999 -9999 -9999 -9999 -9999
-9999 -9999 -9999 -9999 96.615 -9999 96.622 96.627 96.631 96.618 96.527 96.38 96.222 96.092 96.02 95.814 95.581 95.391 95.348 95.381 95.281 95.187 95.118 94.985 94.929 94.824 94.635 94.539 94.469 94.416 94.313 94.209 94.142 94.06 93.906 93.762 93.642 93.525 93.435 93.362 93.293 93.227 -9999 -9999 -9999 -9999 -9999 -9999 -9999 -9999 -9999 -9999 -9999 -9999 -9999 -9999 -9999 -9999 -9999 -9999 -9999 -9999 -9999 -9999 -9999 -9999 -9999 -9999 -9999 -9999 -9999 -9999 -9999 -9999 -9999
-9999 -9999 -9999 -9999 96.6 -9999 96.609 96.614 96.624 96.62 96.557 -9999 96.294 96.167 -9999 95.882 95.741 95.655 95.596 95.437 95.349 95.273 95.163 95.075 94.974 94.873 94.777 94.68 94.607 94.508 94.407 94.305 94.227 94.153 94.016 93.869 93.752 93.645 -9999 -9999 -9999 -9999 -9999 -9999 -9999 -9999 -9999 -9999 -9999 -9999 -9999 -9999 -9999 -9999 -9999 -9999 -9999 -9999 -9999 -9999 -9999 -9999 -9999 -9999 -9999 -9999 -9999 -9999 -9999 -9999 -9999 -9999 -9999 -9999 -9999
-9999 -9999 96.579 96.581 -9999 -9999 96.593 96.6 96.607 96.615 96.574 96.479 96.348 96.223 -9999 95.987 95.908 95.847 95.669 95.462 95.399 95.361 95.272 95.178 95.081 94.987 94.892 94.796 94.699 94.601 94.502 94.401 94.334 94.276 94.134 93.977 93.863 -9999 -9999 -9999 -9999 -9999 -9999 -9999 -9999 -9999 -9999 -9999 -9999 -9999 -9999 -9999 -9999 -9999 -9999 -9999 -9999 -9999 -9999 -9999 -9999 -9999 -9999 -9999 -9999 -9999 -9999 -9999 -9999 -9999 -9999 -9999 -9999 -9999 -9999
-9999 96.556 96.559 96.563 -9999 96.572 96.578 96.586 96.594 -9999 96.585 96.513 96.406 96.282 -9999 96.051 95.967 95.858 95.697 95.605 95.538 95.434 95.236 94.859 94.871 95.059 94.966 94.876 -9999 94.695 94.604 94.523 94.441 94.321 94.193 94.086 -9999 -9999 -9999 -9999 -9999 -9999 -9999 -9999 -9999 -9999 -9999 -9999 -9999 -9999 -9999 -9999 -9999 -9999 -9999 -9999 -9999 -9999 -9999 -9999 -9999 -9999 -9999 -9999 -9999 -9999 -9999 -9999 -9999 -9999 -9999 -9999 -9999 -9999 -9999
-9999 96.536 96.54 -9999 -9999 96.556 96.563 96.57 -9999 96.588 96.583 96.539 96.446 96.345 -9999 96.117 96.009 95.904 95.808 95.721 95.609 95.469 95.293 95.372 95.412 95.282 95.159 94.98 94.889 94.79 -9999 -9999 94.501 94.401 -9999 -9999 -9999 -9999 -9999 -9999 93.83 93.755 93.689 -9999 -9999 -9999 -9999 -9999 -9999 -9999 -9999 -9999 -9999 -9999 -9999 -9999 -9999 -9999 -9999 -9999 -9999 -9999 -9999 -9999 -9999 -9999 -9999 -9999 -9999 -9999 -9999 -9999 -9999 -9999 -9999
96.509 96.515 -9999 -9999 96.532 96.539 96.546 96.554 -9999 96.574 96.58 96.55 96.475 96.388 -9999 -9999 -9999 95.981 95.894 95.811 95.7 95.611 95.69 95.818 95.688 95.548 95.345 95.074 94.979 94.886 94.793 94.698 94.603 94.506 -9999 -9999 -9999 -9999 -9999 94.061 93.979 93.913 93.847 93.769 -9999 -9999 -9999 -9999 -9999 -9999 -9999 -9999 -9999 -9999 -9999 -9999 -9999 -9999 -9999 -9999 -9999 -9999 -9999 -9999 -9999 -9999 -9999 -9999 -9999 -9999 -9999 -9999 -9999 -9999 -9999
96.487 96.492 -9999 -9999 -9999 96.52 96.528 96.538 -9999 96.559 -9999 96.55 96.494 96.421 -9999 96.254 96.154 96.062 -9999 95.901 95.819 95.73 95.752 95.657 95.551 95.489 95.292 95.166 95.074 94.983 94.892 94.804 94.717 94.629 94.543 94.462 94.394 -9999 94.276 94.209 94.15 94.085 94.007 93.92 93.829 93.728 -9999 -9999 -9999 -9999 -9999 -9999 -9999 -9999 -9999 -9999 -9999 -9999 -9999 -9999 -9999 -9999 -9999 -9999 -9999 -9999 -9999 -9999 -9999 -9999 -9999 -9999 -9999 -9999 -9999
96.462 -9999 -9999 -9999 -9999 96.5 96.509 96.519 -9999 96.543 -9999 96.55 96.512 -9999 96.372 96.296 96.221 96.146 96.068 95.993 95.913 95.823 95.729 95.634 95.556 95.461 95.352 95.261 95.172 95.088 95.006 94.925 94.844 94.762 94.679 94.603 94.545 94.49 94.465 94.49 94.391 94.227 94.144 94.059 93.97 93.874 93.769 93.658 93.568 -9999 -9999 -9999 -9999 -9999 -9999 -9999 -9999 -9999 -9999 -9999 -9999 -9999 -9999 -9999 -9999 -9999 -9999 -9999 -9999 -9999 -9999 -9999 -9999 -9999 -9999
96.435 -9999 -9999 -9999 -9999 96.479 96.489 96.5 96.512 -9999 -9999 96.548 96.524 -9999 96.394 96.329 96.268 96.211 96.152 96.081 96.002 95.911 95.817 95.724 95.63 95.537 95.448 95.363 95.282 95.203 95.125 95.048 94.971 94.894 94.818 94.756 94.702 94.65 94.614 94.48 94.377 94.354 94.273 94.19 94.103 94.011 93.913 93.802 93.675 93.607 -9999 -9999 -9999 -9999 -9999 -9999 -9999 -9999 -9999 -9999 -9999 -9999 -9999 -9999 -9999 -9999 -9999 -9999 -9999 -9999 -9999 -9999 -9999 -9999 -9999
-9999 -9999 -9999 -9999 -9999 96.456 96.467 96.479 96.493 -9999 -9999 96.536 96.526 -9999 -9999 96.355 96.304 96.256 96.202 96.148 96.08 95.993 95.903 95.813 95.723 95.636 95.553 95.473 95.395 95.319 95.245 95.171 95.098 95.025 94.959 94.907 94.855 94.794 94.683 94.603 94.554 94.475 94.396 94.314 94.23 94.14 94.045 93.937 93.809 93.661 -9999 -9999 -9999 -9999 -9999 -9999 -9999 -9999 -9999 -9999 -9999 -9999 -9999 -9999 -9999 -9999 -9999 -9999 -9999 -9999 -9999 -9999 -9999 -9999 -9999
-9999 -9999 -9999 -9999 -9999 96.432 96.444 96.458 -9999 -9999 -9999 -9999 96.534 -9999 96.443 96.387 96.335 96.286 96.238 96.188 96.127 96.062 95.989 95.905 95.822 95.741 95.661 95.583 95.508 95.435 95.364 95.294 95.225 95.159 95.105 95.054 94.988 94.906 94.825 94.746 94.668 94.591 94.512 94.432 94.349 94.259 94.155 94.04 93.912 93.769 93.644 -9999 -9999 -9999 -9999 -9999 -9999 -9999 -9999 -9999 -9999 -9999 -9999 -9999 -9999 -9999 -9999 -9999 -9999 -9999 -9999 -9999 -9999 -9999 -9999
-9999 -9999 -9999 96.384 96.394 96.406 96.419 -9999 -9999 96.467 -9999 -9999 -9999 -9999 96.476 96.421 96.406 96.457 96.369 96.217 96.164 96.108 96.044 95.98 95.916 95.847 95.77 95.695 95.651 95.658 95.562 95.418 95.354 95.298 95.247 95.178 95.094 95.013 94.933 94.855 94.778 94.701 94.621 94.534 94.443 94.344 94.238 94.125 94.002 93.866 93.756 -9999 -9999 -9999 -9999 -9999 -9999 -9999 -9999 -9999 -9999 -9999 -9999 -9999 -9999 -9999 -9999 -9999 -9999 -9999 -9999 -9999 -9999 -9999 -9999
-9999 -9999 -9999 -9999 96.366 96.378 96.393 -9999 96.428 96.445 96.462 -9999 -9999 -9999 -9999 96.457 96.461 96.424 96.315 96.249 96.197 96.144 96.09 96.035 95.979 95.918 95.856 95.792 95.769 95.702 95.602 95.544 95.487 95.436 95.367 95.28 95.197 95.116 95.034 94.951 94.868 94.785 94.697 94.606 94.513 94.415 94.312 94.201 94.082 93.954 93.856 93.769 -9999 -9999 -9999 -9999 -9999 -9999 -9999 -9999 -9999 -9999 -9999 -9999 -9999 -9999 -9999 -9999 -9999 -9999 -9999 -9999 -9999 -9999 -9999
-9999 -9999 -9999 -9999 96.335 96.348 96.365 -9999 96.403 96.422 96.44 -9999 -9999 -9999 -9999 -9999 96.444 96.407 96.355 96.323 96.261 96.183 96.13 96.075 95.939 95.659 95.686 95.85 95.781 95.699 95.658 95.641 95.593 95.527 95.438 95.352 95.268 95.185 95.1 95.016 94.931 94.845 94.758 94.668 94.576 94.479 94.377 94.269 94.153 94.033 93.945 93.869 93.782 -9999 -9999 -9999 -9999 -9999 -9999 -9999 -9999 -9999 -9999 -9999 -9999 -9999 -9999 -9999 -9999 -9999 -9999 -9999 -9999 -9999 -9999
-9999 -9999 -9999 -9999 96.299 96.317 -9999 -9999 96.377 96.396 96.416 96.435 -9999 -9999 -9999 -9999 -9999 96.43 96.398 96.376 96.301 96.225 96.181 96.152 95.984 95.935 96.0 95.951 95.891 95.86 95.812 95.723 95.665 95.575 95.488 95.404 95.32 95.237 95.154 95.071 94.986 94.901 94.814 94.724 94.632 94.537 94.436 94.33 94.216 94.105 94.024 93.952 93.872 93.794 93.71 -9999 -9999 -9999 -9999 -9999 -9999 -9999 -9999 -9999 -9999 -9999 -9999 -9999 -9999 -9999 -9999 -9999 -9999 -9999 -9999
-9999 -9999 -9999 -9999 96.264 96.284 -9999 -9999 96.348 96.37 96.398 -9999 -9999 -9999 -9999 -9999 -9999 96.476 96.437 96.384 96.346 96.367 96.343 96.334 96.238 96.06 96.006 95.933 95.899 95.867 95.812 95.792 95.705 95.618 95.534 95.451 95.369 95.287 95.205 95.121 95.037 94.952 94.865 94.776 94.684 94.588 94.489 94.383 94.271 94.166 94.084 94.009 93.932 93.856 93.779 -9999 -9999 -9999 -9999 -9999 -9999 -9999 -9999 -9999 -9999 -9999 -9999 -9999 -9999 -9999 -9999 -9999 -9999 -9999 -9999
-9999 -9999 -9999 -9999 96.23 96.249 -9999 -9999 -9999 96.352 96.383 96.406 -9999 -9999 -9999 -9999 -9999 96.521 96.473 96.419 96.403 96.349 96.309 96.232 96.197 96.37 96.31 96.255 96.156 95.948 95.916 95.834 95.744 95.659 95.578 95.497 95.416 95.334 95.252 95.169 95.084 94.998 94.911 94.822 94.73 94.635 94.535 94.431 94.317 94.209 94.13 94.053 93.978 93.903 93.829 -9999 -9999 -9999 -9999 -9999 -9999 -9999 -9999 -9999 -9999 -9999 -9999 -9999 -9999 -9999 -9999 -9999 -9999 -9999 -9999
-9999 -9999 -9999 96.175 96.193 96.214 -9999 -9999 -9999 -9999 -9999 -9999 -9999 -9999 -9999 -9999 -9999 96.537 96.51 96.425 96.384 96.37 96.306 96.261 96.391 96.515 96.403 96.183 96.058 96.027 95.935 95.763 95.705 95.7 95.62 95.541 95.461 95.379 95.296 95.212 95.127 95.041 94.953 94.864 94.772 94.676 94.577 94.469 94.344 94.244 94.165 94.089 94.015 93.942 93.87 93.728 -9999 -9999 -9999 -9999 -9999 -9999 -9999 -9999 -9999 -9999 -9999 -9999 -9999 -9999 -9999 -9999 -9999 -9999 -9999
-9999 -9999 96.125 96.14 96.157 96.181 -9999 -9999 -9999 -9999 -9999 -9999 -9999 -9999 -9999 96.484 96.519 96.54 96.539 96.568 96.523 96.431 96.384 96.338 96.374 96.309 96.228 96.329 96.252 96.085 95.97 95.917 95.858 95.739 95.662 95.584 95.504 95.422 95.337 95.252 95.167 95.08 94.991 94.901 94.809 94.713 94.61 94.484 94.363 94.273 94.195 94.119 94.046 93.974 93.903 93.781 -9999 -9999 -9999 -9999 -9999 -9999 -9999 -9999 -9999 -9999 -9999 -9999 -9999 -9999 -9999 -9999 -9999 -9999 -9999
-9999 -9999 96.088 96.105 96.129 -9999 -9999 -9999 -9999 -9999 -9999 -9999 -9999 -9999 -9999 96.478 96.505 96.527 96.569 96.571 96.537 96.495 96.361 96.081 96.112 96.307 96.342 96.305 96.203 96.131 96.05 95.959 95.855 95.777 95.703 95.627 95.545 95.461 95.375 95.289 95.202 95.115 95.026 94.935 94.842 94.742 94.62 94.491 94.38 94.298 94.22 94.144 94.071 94.0 93.93 93.822 -9999 -9999 -9999 -9999 -9999 -9999 -9999 -9999 -9999 -9999 -9999 -9999 -9999 -9999 -9999 -9999 -9999 -9999 -9999
-9999 -9999 -9999 -9999 -9999 -9999 -9999 -9999 -9999 -9999 -9999 -9999 -9999 -9999 -9999 96.468 96.492 96.514 96.535 96.554 96.558 96.55 96.488 96.696 96.682 96.388 96.351 96.315 96.263 96.165 96.064 95.972 95.888 95.812 95.741 95.667 95.582 95.495 95.408 95.321 95.234 95.146 95.057 94.965 94.869 94.752 94.622 94.497 94.401 94.319 94.24 94.164 94.091 94.021 93.952 93.852 -9999 -9999 -9999 -9999 -9999 -9999 -9999 -9999 -9999 -9999 -9999 -9999 -9999 -9999 -9999 -9999 -9999 -9999 -9999
-9999 -9999 -9999 -9999 -9999 -9999 -9999 -9999 -9999 -9999 -9999 -9999 -9999 -9999 96.425 96.454 96.479 96.501 96.523 96.543 96.561 96.569 96.755 96.892 96.658 96.461 96.424 96.387 96.316 96.201 96.098 96.005 95.92 95.842 95.77 95.692 95.608 95.523 95.436 95.35 95.262 95.174 95.084 94.991 94.882 94.751 94.621 94.505 94.418 94.336 94.257 94.181 94.108 94.037 93.969 93.875 -9999 -9999 -9999 -9999 -9999 -9999 -9999 -9999 -9999 -9999 -9999 -9999 -9999 -9999 -9999 -9999 -9999 -9999 -9999
-9999 -9999 -9999 -9999 -9999 -9999 -9999 -9999 -9999 -9999 -9999 -9999 -9999 -9999 96.41 96.44 96.465 96.489 96.511 96.531 96.549 96.566 96.658 96.649 96.562 96.539 96.501 96.456 96.357 96.239 96.133 96.038 95.95 95.869 95.792 95.713 95.631 95.547 95.461 95.375 95.288 95.2 95.11 95.009 94.878 94.747 94.621 94.52 94.433 94.35 94.27 94.194 94.121 94.05 93.982 93.892 -9999 -9999 -9999 -9999 -9999 -9999 -9999 -9999 -9999 -9999 -9999 -9999 -9999 -9999 -9999 -9999 -9999 -9999 -9999
-9999 -9999 -9999 -9999 -9999 -9999 -9999 -9999 -9999 -9999 -9999 -9999 -9999 96.363 96.396 96.425 96.452 96.476 96.497 96.517 96.536 96.553 96.565 96.58 96.588 96.587 96.579 96.522 96.402 96.28 96.171 96.072 95.981 95.896 95.815 95.734 95.652 95.569 95.485 95.399 95.312 95.224 95.129 95.007 94.874 94.743 94.626 94.534 94.446 94.362 94.281 94.204 94.13 94.056 93.976 93.888 93.786 -9999 -9999 -9999 -9999 -9999 -9999 -9999 -9999 -9999 -9999 -9999 -9999 -9999 -9999 -9999 -9999 -9999 -9999
-9999 -9999 -9999 -9999 -9999 -9999 -9999 -9999 -9999 -9999 -9999 -9999 96.316 96.348 96.38 96.41 96.437 96.462 96.484 96.504 96.523 96.541 96.557 96.572 96.587 96.601 96.6 96.553 96.445 96.326 96.212 96.109 96.014 95.925 95.841 95.758 95.675 95.592 95.508 95.423 95.336 95.246 95.139 95.003 94.869 94.742 94.64 94.547 94.458 94.372 94.29 94.207 94.122 94.039 93.956 93.873 93.789 -9999 -9999 -9999 -9999 -9999 -9999 -9999 -9999 -9999 -9999 -9999 -9999 -9999 -9999 -9999 -9999 -9999 -9999
-9999 -9999 -9999 -9999 -9999 -9999 -9999 -9999 -9999 -9999 -9999 -9999 96.299 96.333 96.365 96.395 96.423 96.448 96.471 96.492 96.511 96.529 96.546 96.562 96.576 96.59 96.593 96.536 96.434 96.332 96.238 96.147 96.05 95.957 95.87 95.784 95.701 95.617 95.532 95.447 95.36 95.264 95.135 94.999 94.866 94.749 94.649 94.555 94.463 94.371 94.275 94.186 94.099 94.012 93.929 93.849 93.772 -9999 -9999 -9999 -9999 -9999 -9999 -9999 -9999 -9999 -9999 -9999 -9999 -9999 -9999 -9999 -9999 -9999 -9999
-9999 -9999 -9999 -9999 -9999 -9999 -9999 -9999 -9999 -9999 -9999 96.25 96.284 96.318 96.349 96.38 96.409 96.435 96.458 96.48 96.5 96.518 96.535 96.551 96.566 96.581 96.571 96.5 96.402 96.308 96.221 96.133 96.048 95.968 95.889 95.81 95.729 95.644 95.559 95.473 95.384 95.273 95.129 94.989 94.859 94.748 94.642 94.54 94.44 94.341 94.246 94.155 94.068 93.983 93.903 93.825 93.751 93.685 -9999 -9999 -9999 -9999 -9999 -9999 -9999 -9999 -9999 -9999 -9999 -9999 -9999 -9999 -9999 -9999 -9999
-9999 -9999 -9999 -9999 -9999 -9999 -9999 -9999 -9999 -9999 96.204 -9999 96.269 96.303 96.335 96.365 96.394 96.421 96.446 96.468 96.488 96.507 96.525 96.541 96.557 96.571 96.551 96.466 96.365 96.271 96.182 96.099 96.019 95.942 95.866 95.79 95.711 95.631 95.549 95.463 95.364 95.228 95.081 94.943 94.826 94.715 94.608 94.504 94.404 94.308 94.215 94.124 94.038 93.955 93.876 93.801 93.73 93.667 -9999 -9999 -9999 -9999 -9999 -9999 -9999 -9999 -9999 -9999 -9999 -9999 -9999 -9999 -9999 -9999 -9999
