Validation/Results/raw data/ReClimate_05_2024_2_Temperature.asc
NCOLS 192
NROWS 249
XLLCENTER -225160.85627316462
YLLCENTER 29788.11610251502
CELLSIZE 5000.0
NODATA_VALUE -9999
[rows 136 to 169 of 249, columns 77 to 153 of 192]
-9999 -9999 -9999 -9999 -9999 -9999 -9999 -9999 -0.012 -9999 -0.013 -0.017 -0.012 -0.007 0.0 0.008 0.005 0.001 0.007 0.014 0.028 0.044 0.036 0.027 0.021 0.013 0.023 0.035 -9999 -9999 -9999 -9999 -9999 -9999 0.05 0.051 0.05 0.049 0.048 0.052 0.061 0.07 0.084 0.1 0.104 0.108 0.119 0.13 0.141 0.154 0.164 0.175 0.181 0.187 0.202 0.217 0.216 -9999 -9999 -9999 -9999 -9999 -9999 -9999 -9999 -9999 -9999 -9999 -9999 -9999 -9999 -9999 -9999 -9999 -9999 -9999 -9999
-9999 -9999 -9999 -9999 -9999 -9999 -9999 -9999 -0.009 -0.002 -0.002 0.002 0.009 0.013 0.018 0.015 0.01 0.001 0.009 0.013 0.024 0.036 0.031 0.031 0.032 0.042 0.048 0.049 -9999 -9999 -9999 -9999 0.049 0.046 0.046 0.047 0.045 0.045 0.046 0.049 0.062 0.087 0.099 0.107 0.109 0.106 0.115 0.124 0.137 0.151 0.155 0.163 0.175 0.185 0.189 0.208 0.218 -9999 -9999 -9999 -9999 -9999 -9999 -9999 -9999 -9999 -9999 -9999 -9999 -9999 -9999 -9999 -9999 -9999 -9999 -9999 -9999
-0.03 -9999 -9999 -9999 -9999 -9999 -9999 -9999 -0.001 0.001 0.006 -9999 -9999 0.022 0.021 0.019 0.012 -9999 0.013 0.015 0.024 0.034 0.035 0.035 0.045 0.055 -9999 -9999 -9999 -9999 -9999 0.045 0.045 0.046 0.046 0.047 0.045 0.046 0.048 0.051 0.072 0.097 0.104 0.113 0.111 0.108 0.116 0.124 0.137 0.151 0.155 0.16 0.171 0.185 0.19 0.194 0.209 -9999 -9999 -9999 -9999 -9999 -9999 -9999 -9999 -9999 -9999 -9999 -9999 -9999 -9999 -9999 -9999 -9999 -9999 -9999 -9999
-0.023 -9999 -9999 -9999 -9999 -9999 -9999 -9999 -9999 0.007 0.014 -9999 -9999 -9999 0.021 0.025 0.022 0.021 -9999 -9999 0.027 0.033 0.035 0.035 0.04 -9999 -9999 -9999 -9999 -9999 0.046 0.042 0.042 0.045 0.046 0.05 0.051 0.06 0.067 0.077 0.092 0.095 0.102 0.109 0.107 0.105 0.117 0.141 0.143 0.151 0.157 0.163 0.161 0.166 0.183 0.196 0.201 -9999 -9999 -9999 -9999 -9999 -9999 -9999 -9999 -9999 -9999 -9999 -9999 -9999 -9999 -9999 -9999 -9999 -9999 -9999 -9999
-9999 -9999 -9999 -9999 -9999 -9999 -9999 -9999 -9999 -9999 0.018 -9999 -9999 -9999 -9999 0.029 0.029 0.029 -9999 -9999 -9999 0.036 0.038 -9999 -9999 -9999 -9999 -9999 -9999 -9999 0.052 0.043 0.044 0.046 0.049 0.053 0.058 0.068 0.079 0.09 0.093 0.096 0.103 0.11 0.108 0.106 0.126 0.149 0.151 0.153 0.159 0.166 0.164 0.162 0.177 0.197 0.203 -9999 -9999 -9999 -9999 -9999 -9999 -9999 -9999 -9999 -9999 -9999 -9999 -9999 -9999 -9999 -9999 -9999 -9999 -9999 -9999
-9999 -9999 -9999 -9999 -9999 -9999 -9999 -9999 -9999 -9999 0.018 -9999 -9999 -9999 -9999 -9999 0.04 0.039 -9999 -9999 -9999 -9999 -9999 -9999 -9999 -9999 -9999 -9999 -9999 -9999 0.057 0.042 0.045 0.053 0.057 0.063 0.06 0.046 0.058 0.077 0.078 0.076 0.08 0.084 0.091 0.115 0.13 0.137 0.14 0.143 0.15 0.157 0.164 0.166 0.172 0.186 0.194 0.209 -9999 -9999 -9999 -9999 -9999 -9999 -9999 -9999 -9999 -9999 -9999 -9999 -9999 -9999 -9999 -9999 -9999 -9999 -9999
-0.025 -0.005 -0.015 -9999 -9999 -9999 -9999 -9999 -9999 -9999 0.018 -9999 -9999 -9999 -9999 -9999 -9999 -9999 -9999 -9999 -9999 -9999 -9999 -9999 -9999 -9999 -9999 -9999 -9999 0.071 0.061 0.044 0.05 0.058 0.062 0.068 0.054 0.04 0.056 0.074 0.073 0.07 0.074 0.077 0.097 0.121 0.127 0.134 0.138 0.141 0.149 0.157 0.163 0.171 0.177 0.184 0.192 0.202 0.216 -9999 -9999 -9999 -9999 -9999 -9999 -9999 -9999 -9999 -9999 -9999 -9999 -9999 -9999 -9999 -9999 -9999 -9999
-0.028 -0.024 -0.028 -9999 -9999 -9999 -9999 -9999 -9999 -9999 -9999 -9999 -9999 -9999 -9999 -9999 -9999 -9999 -9999 -9999 -9999 -9999 -9999 -9999 -9999 -9999 -9999 -9999 0.069 0.072 0.059 0.044 0.051 0.064 0.064 0.057 0.046 0.045 0.059 0.073 0.075 0.084 0.085 0.081 0.1 0.12 0.127 0.134 0.14 0.152 0.154 0.16 0.163 0.169 0.177 0.185 0.187 0.193 0.21 -9999 -9999 -9999 -9999 -9999 -9999 -9999 -9999 -9999 -9999 -9999 -9999 -9999 -9999 -9999 -9999 -9999 -9999
-0.033 -9999 -0.025 -0.023 -9999 -9999 -9999 -9999 -9999 -9999 -9999 -9999 -9999 -9999 -9999 -9999 -9999 -9999 -9999 -9999 -9999 -9999 -9999 -9999 -9999 -9999 -9999 -9999 0.059 0.072 0.06 0.045 0.055 0.068 0.062 0.054 0.05 0.05 0.062 0.075 0.083 0.092 0.09 0.086 0.103 0.123 0.129 0.137 0.146 0.158 0.16 0.163 0.166 0.171 0.178 0.187 0.189 0.192 0.208 0.228 0.245 -9999 -9999 -9999 -9999 -9999 -9999 -9999 -9999 -9999 -9999 -9999 -9999 -9999 -9999 -9999 -9999
-0.024 -9999 -9999 -0.023 -9999 -9999 -9999 -9999 -9999 -9999 -9999 -9999 -9999 -9999 -9999 -9999 -9999 -9999 -9999 -9999 -9999 -9999 -9999 -9999 -9999 -9999 -9999 -9999 0.031 0.04 0.034 0.046 0.053 0.057 0.054 0.057 0.056 0.061 0.071 0.077 0.085 0.094 0.098 0.109 0.121 0.123 0.132 0.148 0.141 0.142 0.159 0.17 0.166 0.165 0.168 0.174 0.189 0.198 0.208 0.223 0.227 0.25 0.279 0.295 -9999 -9999 -9999 -9999 -9999 -9999 -9999 -9999 -9999 -9999 -9999 -9999 -9999
-0.019 -0.014 -9999 -0.024 -9999 -9999 -9999 -9999 -9999 -9999 -9999 -9999 -9999 -9999 -9999 -9999 -9999 -9999 -9999 -9999 -9999 -9999 -9999 -9999 -9999 -9999 -9999 0.047 0.038 0.029 0.037 0.048 0.051 0.055 0.057 0.06 0.062 0.068 0.075 0.081 0.089 0.098 0.109 0.121 0.123 0.125 0.139 0.154 0.147 0.138 0.154 0.175 0.171 0.166 0.168 0.171 0.185 0.202 0.211 0.222 0.226 0.231 0.249 0.258 0.308 0.299 -9999 -9999 -9999 -9999 -9999 -9999 -9999 -9999 -9999 -9999 -9999
-0.024 -9999 -0.024 -9999 -9999 -9999 -9999 -9999 -9999 -9999 -9999 -9999 -9999 -9999 -9999 -9999 -9999 -9999 -9999 -9999 -9999 -9999 -9999 -9999 -9999 -9999 -9999 -9999 0.05 0.043 0.048 0.047 0.051 0.058 0.059 0.06 0.061 0.063 0.071 0.082 0.088 0.091 0.101 0.114 0.117 0.121 0.132 0.143 0.147 0.144 0.151 0.165 0.164 0.16 0.174 0.184 0.185 0.193 0.2 0.209 0.213 0.216 0.225 0.235 0.263 0.307 0.301 -9999 -9999 -9999 -9999 -9999 -9999 -9999 -9999 -9999 -9999
-0.026 -0.023 -0.025 -9999 -9999 -9999 -9999 -9999 -9999 -9999 -9999 -9999 -9999 -9999 -9999 -9999 -9999 -9999 -9999 -9999 -9999 -9999 -9999 -9999 -9999 -9999 -9999 -9999 -9999 0.048 0.049 0.049 0.055 0.062 0.062 0.063 0.062 0.065 0.075 0.086 0.089 0.091 0.102 0.114 0.118 0.122 0.131 0.141 0.144 0.148 0.155 0.164 0.162 0.16 0.173 0.19 0.191 0.191 0.197 0.205 0.208 0.211 0.219 0.228 0.253 0.284 0.303 0.297 -9999 -9999 -9999 -9999 -9999 -9999 -9999 -9999 -9999
-0.033 -0.029 -9999 -9999 -9999 -9999 -9999 -9999 -9999 -9999 -9999 -9999 -9999 -9999 -9999 -9999 -9999 -9999 -9999 -9999 -9999 -9999 -9999 -9999 -9999 -9999 -9999 -9999 -9999 0.05 0.051 0.046 0.053 0.059 0.061 0.07 0.068 0.067 0.075 0.081 0.086 0.096 0.105 0.114 0.12 0.13 0.137 0.14 0.143 0.147 0.148 0.153 0.159 0.16 0.173 0.188 0.192 0.194 0.204 0.213 0.208 0.207 0.217 0.229 0.23 0.245 0.266 0.295 0.286 -9999 -9999 -9999 -9999 -9999 -9999 -9999 -9999
-0.036 -0.033 -9999 -9999 -9999 -9999 -9999 -9999 -9999 -9999 -9999 -9999 -9999 -9999 -9999 -9999 -9999 -9999 -9999 -9999 -9999 -9999 -9999 -9999 -9999 -9999 -9999 -9999 -9999 -9999 0.049 0.045 0.052 0.059 0.066 0.076 0.072 0.071 0.076 0.082 0.091 0.1 0.108 0.116 0.125 0.135 0.138 0.141 0.144 0.148 0.15 0.152 0.156 0.162 0.174 0.188 0.191 0.195 0.204 0.216 0.212 0.205 0.215 0.228 0.23 0.231 0.25 0.272 0.284 -9999 -9999 -9999 -9999 -9999 -9999 -9999 -9999
-9999 -9999 -9999 -9999 -9999 -9999 -9999 -9999 -9999 -9999 -9999 -9999 -9999 -9999 -9999 -9999 -9999 -9999 -9999 -9999 -9999 -9999 -9999 -9999 -9999 -9999 -9999 -9999 -9999 -9999 0.049 0.048 0.053 0.055 0.06 0.056 0.054 0.061 0.066 0.07 0.079 0.093 0.102 0.118 0.128 0.14 0.139 0.13 0.136 0.142 0.149 0.154 0.154 0.157 0.168 0.182 0.185 0.189 0.198 0.209 0.212 0.21 0.218 0.23 0.227 0.226 0.236 0.252 0.269 0.284 -9999 -9999 -9999 -9999 -9999 -9999 -9999
-9999 -9999 -9999 -9999 -9999 -9999 -9999 -9999 -9999 -9999 -9999 -9999 -9999 -9999 -9999 -9999 -9999 -9999 -9999 -9999 -9999 -9999 -9999 -9999 -9999 -9999 -9999 -9999 -9999 -9999 -9999 0.049 0.051 0.055 0.054 0.051 0.055 0.06 0.065 0.068 0.079 0.092 0.106 0.121 0.131 0.143 0.136 0.128 0.134 0.141 0.148 0.157 0.156 0.156 0.167 0.18 0.183 0.187 0.196 0.207 0.209 0.212 0.22 0.229 0.227 0.224 0.233 0.243 0.259 0.279 -9999 -9999 -9999 -9999 -9999 -9999 -9999
-9999 -9999 -9999 -9999 -9999 -9999 -9999 -9999 -9999 -9999 -9999 -9999 -9999 -9999 -9999 -9999 -9999 -9999 -9999 -9999 -9999 -9999 -9999 -9999 -9999 -9999 -9999 -9999 -9999 -9999 -9999 0.049 -9999 0.048 0.049 0.051 0.052 -9999 0.055 0.067 0.077 0.086 0.097 0.109 0.116 0.12 0.121 0.138 0.133 0.134 0.143 0.152 0.157 0.16 0.164 0.173 0.181 0.188 0.196 0.206 0.212 0.218 0.214 0.216 0.217 0.216 0.223 0.231 0.234 0.245 0.27 -9999 -9999 -9999 -9999 -9999 -9999
-9999 -9999 -9999 -9999 -9999 -9999 -9999 -9999 -9999 -9999 -9999 -9999 -9999 -9999 -9999 -9999 -9999 -9999 -9999 -9999 -9999 -9999 -9999 -9999 -9999 -9999 -9999 -9999 -9999 -9999 -9999 -9999 0.047 0.047 -9999 -9999 -9999 -9999 0.056 0.07 0.078 0.086 0.096 0.106 0.11 0.113 0.127 0.143 0.139 0.133 0.141 0.152 0.156 0.162 0.166 0.171 0.178 0.188 0.195 0.205 0.211 0.218 0.215 0.21 0.211 0.213 0.219 0.226 0.229 0.233 0.255 0.284 0.294 -9999 -9999 -9999 -9999
-9999 -9999 -9999 -9999 -9999 -9999 -9999 -9999 -9999 -9999 -9999 -9999 -9999 -9999 -9999 -9999 -9999 -9999 -9999 -9999 -9999 -9999 -9999 -9999 -9999 -9999 -9999 -9999 -9999 -9999 -9999 -9999 0.048 0.049 -9999 -9999 -9999 -9999 0.052 0.077 0.082 0.082 0.094 0.113 0.119 0.129 0.138 0.139 0.138 0.134 0.137 0.144 0.155 0.164 0.167 0.171 0.171 0.175 0.184 0.194 0.206 0.217 0.21 0.203 0.2 0.198 0.199 0.201 0.226 0.243 0.247 0.265 0.277 -9999 -9999 -9999 -9999
-9999 -9999 -9999 -9999 -9999 -9999 -9999 -9999 -9999 -9999 -9999 -9999 -9999 -9999 -9999 -9999 -9999 -9999 -9999 -9999 -9999 -9999 -9999 -9999 -9999 -9999 -9999 -9999 -9999 -9999 -9999 -9999 0.046 -9999 -9999 -9999 -9999 0.033 0.055 0.082 0.082 0.082 0.098 0.117 0.126 0.135 0.136 0.137 0.136 0.135 0.138 0.142 0.152 0.165 0.168 0.172 0.171 0.171 0.179 0.19 0.201 0.215 0.208 0.2 0.196 0.192 0.191 0.191 0.215 0.244 0.25 0.253 -9999 -9999 -9999 -9999 -9999
-9999 -9999 -9999 -9999 -9999 -9999 -9999 -9999 -9999 -9999 -9999 -9999 -9999 -9999 -9999 -9999 -9999 -9999 -9999 -9999 -9999 -9999 -9999 -9999 -9999 -9999 -9999 -9999 -9999 -9999 -9999 -9999 -9999 -9999 -9999 -9999 -9999 0.035 0.05 0.061 0.067 0.083 0.098 0.116 0.123 0.127 0.128 0.133 0.133 0.135 0.144 0.153 0.151 0.156 0.163 0.169 0.168 0.167 0.174 0.183 0.184 0.191 0.206 0.211 0.198 0.188 0.198 0.204 0.206 0.223 0.233 0.243 -9999 -9999 -9999 -9999 -9999
-9999 -9999 -9999 -9999 -9999 -9999 -9999 -9999 -9999 -9999 -9999 -9999 -9999 -9999 -9999 -9999 -9999 -9999 -9999 -9999 -9999 -9999 -9999 -9999 -9999 -9999 -9999 -9999 -9999 -9999 -9999 -9999 -9999 -9999 -9999 -9999 -9999 0.038 0.045 0.054 0.069 0.084 0.099 0.116 0.12 0.123 0.127 0.131 0.133 0.134 0.144 0.156 0.155 0.153 0.16 0.168 0.167 0.166 0.172 0.18 0.181 0.182 0.196 0.213 0.202 0.186 0.195 0.207 0.21 0.213 0.223 0.237 -9999 -9999 -9999 -9999 -9999
-9999 -9999 -9999 -9999 -9999 -9999 -9999 -9999 -9999 -9999 -9999 -9999 -9999 -9999 -9999 -9999 -9999 -9999 -9999 -9999 -9999 -9999 -9999 -9999 -9999 -9999 -9999 -9999 -9999 -9999 -9999 -9999 -9999 -9999 -9999 -9999 0.043 0.064 0.071 0.079 0.09 0.089 0.099 0.103 0.105 0.109 0.113 0.12 0.126 0.13 0.139 0.151 0.148 0.146 0.153 0.161 0.164 0.166 0.164 0.167 0.175 0.18 0.186 0.198 0.196 0.187 0.193 0.203 0.206 0.21 0.22 0.233 0.238 -9999 -9999 -9999 -9999
-9999 -9999 -9999 -9999 -9999 -9999 -9999 -9999 -9999 -9999 -9999 -9999 -9999 -9999 -9999 -9999 -9999 -9999 -9999 -9999 -9999 -9999 -9999 -9999 -9999 -9999 -9999 -9999 -9999 -9999 -9999 -9999 -9999 -9999 -9999 -9999 0.061 0.077 0.082 0.091 0.092 0.091 0.095 0.098 0.101 0.104 0.109 0.117 0.122 0.128 0.137 0.149 0.146 0.143 0.149 0.157 0.161 0.166 0.164 0.162 0.169 0.179 0.185 0.192 0.189 0.186 0.192 0.201 0.204 0.207 0.217 0.23 0.232 -9999 -9999 -9999 -9999
-9999 -9999 -9999 -9999 -9999 -9999 -9999 -9999 -9999 -9999 -9999 -9999 -9999 -9999 -9999 -9999 -9999 -9999 -9999 -9999 -9999 -9999 -9999 -9999 -9999 -9999 -9999 -9999 -9999 -9999 -9999 -9999 -9999 -9999 -9999 0.041 0.051 0.061 0.064 0.067 0.072 0.091 0.094 0.092 0.092 0.088 0.095 0.109 0.121 0.131 0.133 0.14 0.149 0.153 0.153 0.157 0.165 0.173 0.166 0.16 0.169 0.178 0.173 0.173 0.178 0.178 0.181 0.187 0.191 0.195 0.194 0.199 0.213 0.228 -9999 -9999 -9999
-9999 -9999 -9999 -9999 -9999 -9999 -9999 -9999 -9999 -9999 -9999 -9999 -9999 -9999 -9999 -9999 -9999 -9999 -9999 -9999 -9999 -9999 -9999 -9999 -9999 -9999 -9999 -9999 -9999 -9999 -9999 -9999 -9999 -9999 -9999 0.04 0.048 0.057 0.058 0.059 0.073 0.091 0.092 0.091 0.087 0.082 0.093 0.107 0.118 0.132 0.134 0.137 0.145 0.157 0.157 0.156 0.164 0.174 0.168 0.159 0.168 0.178 0.173 0.166 0.17 0.175 0.177 0.181 0.185 0.19 0.188 0.187 0.199 0.214 -9999 -9999 -9999
-9999 -9999 -9999 -9999 -9999 -9999 -9999 -9999 -9999 -9999 -9999 -9999 -9999 -9999 -9999 -9999 -9999 -9999 -9999 -9999 -9999 -9999 -9999 -9999 -9999 -9999 -9999 -9999 -9999 -9999 -9999 -9999 -9999 -9999 -9999 0.045 0.051 0.049 0.056 0.077 0.083 0.079 0.082 0.091 0.091 0.096 0.105 0.11 0.117 0.128 0.129 0.131 0.135 0.142 0.15 0.155 0.148 0.148 0.159 0.161 0.16 0.164 0.165 0.162 0.158 0.157 0.161 0.165 0.17 0.174 0.179 0.182 0.192 0.205 0.211 -9999 -9999
-9999 -9999 -9999 -9999 -9999 -9999 -9999 -9999 -9999 -9999 -9999 -9999 -9999 -9999 -9999 -9999 -9999 -9999 -9999 -9999 -9999 -9999 -9999 -9999 -9999 -9999 -9999 -9999 -9999 -9999 -9999 -9999 -9999 -9999 -9999 -9999 0.051 0.048 0.065 0.085 0.08 0.075 0.083 0.092 0.097 0.102 0.106 0.111 0.118 0.127 0.128 0.13 0.133 0.137 0.145 0.154 0.147 0.138 0.148 0.161 0.16 0.159 0.16 0.161 0.156 0.151 0.154 0.159 0.163 -9999 0.172 -9999 0.188 0.199 0.205 0.218 -9999
-9999 -9999 -9999 -9999 -9999 -9999 -9999 -9999 -9999 -9999 -9999 -9999 -9999 -9999 -9999 -9999 -9999 -9999 -9999 -9999 -9999 -9999 -9999 -9999 -9999 -9999 -9999 -9999 -9999 -9999 -9999 -9999 -9999 -9999 -9999 0.053 0.054 0.052 0.065 0.073 0.074 0.086 0.091 0.094 0.097 0.094 0.098 0.104 0.112 0.125 0.129 0.133 0.132 0.134 0.136 0.142 0.141 0.135 0.136 0.143 0.144 0.145 0.147 0.148 0.151 0.15 0.154 0.159 0.159 0.162 0.168 0.174 -9999 0.193 0.199 0.21 0.231
-9999 -9999 -9999 -9999 -9999 -9999 -9999 -9999 -9999 -9999 -9999 -9999 -9999 -9999 -9999 -9999 -9999 -9999 -9999 -9999 -9999 -9999 -9999 -9999 -9999 -9999 -9999 -9999 -9999 -9999 -9999 -9999 -9999 -9999 -9999 0.057 0.058 0.056 0.063 0.07 0.08 0.092 0.094 0.096 0.094 0.092 0.096 0.101 0.111 0.125 0.129 0.134 0.134 0.134 0.135 0.137 0.136 0.135 0.135 0.136 0.137 0.139 0.141 0.143 0.146 0.15 0.153 0.159 0.159 0.16 0.164 0.171 0.176 -9999 -9999 -9999 -9999
-9999 -9999 -9999 -9999 -9999 -9999 -9999 -9999 -9999 -9999 -9999 -9999 -9999 -9999 -9999 -9999 -9999 -9999 -9999 -9999 -9999 -9999 -9999 -9999 -9999 -9999 -9999 -9999 -9999 -9999 -9999 -9999 -9999 -9999 0.052 0.05 0.056 0.074 0.078 0.074 0.08 0.081 0.087 0.103 0.102 0.103 0.105 0.099 0.105 0.115 0.115 0.118 0.125 0.129 0.127 0.126 0.129 0.129 0.127 0.126 0.131 0.135 0.139 0.143 0.138 0.137 0.139 0.143 0.149 0.153 0.155 0.161 0.169 0.182 0.192 -9999 -9999
-9999 -9999 -9999 -9999 -9999 -9999 -9999 -9999 -9999 -9999 -9999 -9999 -9999 -9999 -9999 -9999 -9999 -9999 -9999 -9999 -9999 -9999 -9999 -9999 -9999 -9999 -9999 -9999 -9999 -9999 -9999 -9999 -9999 -9999 0.043 0.046 0.063 0.082 0.08 0.076 0.078 0.079 0.091 0.107 0.108 0.109 0.104 0.099 0.105 0.112 0.112 0.113 0.119 0.127 0.125 0.122 0.124 0.127 0.125 0.122 0.127 0.134 0.137 0.142 0.138 0.132 0.135 0.139 0.145 0.153 0.156 0.16 0.168 0.18 0.189 0.198 -9999
-9999 -9999 -9999 -9999 -9999 -9999 -9999 -9999 -9999 -9999 -9999 -9999 -9999 -9999 -9999 -9999 -9999 -9999 -9999 -9999 -9999 -9999 -9999 -9999 -9999 -9999 -9999 -9999 -9999 -9999 -9999 -9999 -9999 -9999 -9999 0.042 0.055 0.068 0.068 0.073 0.074 0.075 0.084 0.091 0.092 0.095 0.092 0.097 0.097 0.089 0.092 0.094 0.095 0.099 0.101 0.099 0.113 0.122 0.117 0.113 0.109 0.109 0.119 0.127 0.136 0.139 0.137 0.138 0.137 0.141 0.146 0.151 0.159 0.169 0.175 0.182 0.18
