Validation/Results/raw data/ReClimate_10_2023_2_Temperature-Actualsweatherlogisticsltd.asc
NCOLS 192
NROWS 249
XLLCENTER -225160.85627316462
YLLCENTER 29788.11610251502
CELLSIZE 5000.0
NODATA_VALUE -9999
[rows 136 to 169 of 249, columns 77 to 153 of 192]
-9999 -9999 -9999 -9999 -9999 -9999 -9999 -9999 5.444 -9999 4.74 4.338 4.322 4.289 4.428 4.516 4.494 4.351 3.502 3.581 3.513 3.49 3.856 3.861 3.926 3.981 3.609 3.585 -9999 -9999 -9999 -9999 -9999 -9999 4.068 4.234 4.229 4.008 3.91 3.766 3.302 3.069 3.272 3.276 3.268 3.603 3.421 3.372 3.75 3.991 4.209 4.238 4.627 4.805 4.917 5.124 5.551 -9999 -9999 -9999 -9999 -9999 -9999 -9999 -9999 -9999 -9999 -9999 -9999 -9999 -9999 -9999 -9999 -9999 -9999 -9999 -9999
-9999 -9999 -9999 -9999 -9999 -9999 -9999 -9999 5.321 5.219 5.136 5.121 4.856 4.665 4.567 4.572 4.799 4.6 4.27 3.615 3.569 3.599 3.887 3.792 3.792 4.165 3.948 4.441 -9999 -9999 -9999 -9999 4.235 3.967 4.04 4.26 4.335 4.231 4.043 3.426 2.784 2.844 3.04 2.764 3.325 3.236 3.093 3.591 3.539 3.769 4.205 4.288 4.066 4.414 4.721 4.908 5.582 -9999 -9999 -9999 -9999 -9999 -9999 -9999 -9999 -9999 -9999 -9999 -9999 -9999 -9999 -9999 -9999 -9999 -9999 -9999 -9999
6.25 -9999 -9999 -9999 -9999 -9999 -9999 -9999 5.431 5.607 5.456 -9999 -9999 5.127 4.836 4.785 4.834 -9999 4.963 4.67 4.395 4.158 4.15 3.921 4.328 4.67 -9999 -9999 -9999 -9999 -9999 4.686 4.347 4.106 4.123 4.18 4.189 4.175 3.829 3.231 2.381 2.26 2.734 2.53 3.011 2.618 2.885 3.217 3.17 3.678 3.75 3.863 3.961 4.247 4.547 4.773 5.331 -9999 -9999 -9999 -9999 -9999 -9999 -9999 -9999 -9999 -9999 -9999 -9999 -9999 -9999 -9999 -9999 -9999 -9999 -9999 -9999
5.845 -9999 -9999 -9999 -9999 -9999 -9999 -9999 -9999 5.812 5.88 -9999 -9999 -9999 5.378 4.94 4.903 5.112 -9999 -9999 4.995 4.786 4.666 4.413 4.582 -9999 -9999 -9999 -9999 -9999 4.608 4.506 4.239 4.148 4.099 4.035 4.077 3.835 3.639 3.356 2.51 2.354 1.846 2.43 2.076 2.009 2.432 2.786 2.742 3.052 3.573 3.663 3.655 4.093 4.435 4.474 4.819 -9999 -9999 -9999 -9999 -9999 -9999 -9999 -9999 -9999 -9999 -9999 -9999 -9999 -9999 -9999 -9999 -9999 -9999 -9999 -9999
-9999 -9999 -9999 -9999 -9999 -9999 -9999 -9999 -9999 -9999 6.008 -9999 -9999 -9999 -9999 5.33 4.909 5.065 -9999 -9999 -9999 5.225 5.395 -9999 -9999 -9999 -9999 -9999 -9999 -9999 4.625 4.392 4.122 3.879 3.675 3.759 3.823 3.734 3.821 3.512 2.902 2.069 2.014 2.079 1.474 1.708 2.084 2.573 2.495 2.643 3.174 3.575 3.84 4.119 4.296 4.204 4.472 -9999 -9999 -9999 -9999 -9999 -9999 -9999 -9999 -9999 -9999 -9999 -9999 -9999 -9999 -9999 -9999 -9999 -9999 -9999 -9999
-9999 -9999 -9999 -9999 -9999 -9999 -9999 -9999 -9999 -9999 5.842 -9999 -9999 -9999 -9999 -9999 5.394 5.324 -9999 -9999 -9999 -9999 -9999 -9999 -9999 -9999 -9999 -9999 -9999 -9999 4.548 3.98 3.638 3.492 3.373 3.522 3.6 3.64 3.674 3.452 3.035 2.147 1.304 0.934 1.311 1.763 2.667 2.859 2.949 3.157 3.265 3.308 3.762 4.134 4.164 4.004 4.188 4.782 -9999 -9999 -9999 -9999 -9999 -9999 -9999 -9999 -9999 -9999 -9999 -9999 -9999 -9999 -9999 -9999 -9999 -9999 -9999
5.759 5.926 6.355 -9999 -9999 -9999 -9999 -9999 -9999 -9999 5.862 -9999 -9999 -9999 -9999 -9999 -9999 -9999 -9999 -9999 -9999 -9999 -9999 -9999 -9999 -9999 -9999 -9999 -9999 4.668 4.269 3.976 3.965 3.767 3.037 3.428 3.383 3.255 3.498 3.377 3.479 2.298 1.031 0.736 1.584 2.131 1.752 1.714 2.319 2.751 3.542 3.659 3.694 3.857 3.941 3.986 4.048 4.487 5.171 -9999 -9999 -9999 -9999 -9999 -9999 -9999 -9999 -9999 -9999 -9999 -9999 -9999 -9999 -9999 -9999 -9999 -9999
5.593 5.879 6.155 -9999 -9999 -9999 -9999 -9999 -9999 -9999 -9999 -9999 -9999 -9999 -9999 -9999 -9999 -9999 -9999 -9999 -9999 -9999 -9999 -9999 -9999 -9999 -9999 -9999 4.447 4.386 4.142 4.049 3.988 3.678 2.173 2.702 3.453 3.434 3.461 3.712 3.497 2.955 1.799 0.968 1.53 1.761 2.05 2.283 2.223 2.471 2.976 3.685 3.832 3.954 3.965 3.985 4.125 4.536 5.068 -9999 -9999 -9999 -9999 -9999 -9999 -9999 -9999 -9999 -9999 -9999 -9999 -9999 -9999 -9999 -9999 -9999 -9999
5.732 -9999 6.211 6.536 -9999 -9999 -9999 -9999 -9999 -9999 -9999 -9999 -9999 -9999 -9999 -9999 -9999 -9999 -9999 -9999 -9999 -9999 -9999 -9999 -9999 -9999 -9999 -9999 4.371 4.224 4.125 3.294 3.145 3.399 3.593 3.329 3.032 3.277 3.401 3.515 3.705 3.583 2.824 2.35 1.456 1.995 2.359 2.549 2.665 2.938 3.25 3.57 3.696 3.927 3.98 4.05 4.147 4.524 5.059 5.438 5.565 -9999 -9999 -9999 -9999 -9999 -9999 -9999 -9999 -9999 -9999 -9999 -9999 -9999 -9999 -9999 -9999
5.759 -9999 -9999 6.492 -9999 -9999 -9999 -9999 -9999 -9999 -9999 -9999 -9999 -9999 -9999 -9999 -9999 -9999 -9999 -9999 -9999 -9999 -9999 -9999 -9999 -9999 -9999 -9999 4.577 4.311 3.665 2.846 3.929 3.939 3.207 2.762 3.257 3.17 2.933 3.63 3.513 3.824 3.884 3.107 2.587 2.23 2.469 2.71 3.131 3.38 3.716 3.941 4.095 4.069 4.185 4.085 4.227 4.469 4.802 4.692 4.78 4.827 5.153 4.724 -9999 -9999 -9999 -9999 -9999 -9999 -9999 -9999 -9999 -9999 -9999 -9999 -9999
5.737 6.087 -9999 6.531 -9999 -9999 -9999 -9999 -9999 -9999 -9999 -9999 -9999 -9999 -9999 -9999 -9999 -9999 -9999 -9999 -9999 -9999 -9999 -9999 -9999 -9999 -9999 5.408 4.622 4.097 3.06 2.519 2.442 3.086 3.295 3.226 2.934 2.481 3.335 2.77 3.307 3.659 3.812 3.625 3.39 2.961 2.46 2.708 3.15 3.529 3.802 4.035 4.177 4.313 4.298 4.287 4.351 4.518 4.624 4.512 3.803 3.734 3.831 4.015 4.564 4.362 -9999 -9999 -9999 -9999 -9999 -9999 -9999 -9999 -9999 -9999 -9999
5.81 -9999 6.248 -9999 -9999 -9999 -9999 -9999 -9999 -9999 -9999 -9999 -9999 -9999 -9999 -9999 -9999 -9999 -9999 -9999 -9999 -9999 -9999 -9999 -9999 -9999 -9999 -9999 5.194 4.257 2.965 2.674 3.087 1.961 2.56 3.157 2.703 3.138 2.236 2.5 3.209 3.5 3.462 3.522 3.23 1.855 2.143 2.31 2.356 2.725 3.465 3.761 3.994 4.232 4.338 4.356 4.445 4.632 4.715 4.56 3.971 3.612 3.75 3.784 3.836 4.178 4.272 -9999 -9999 -9999 -9999 -9999 -9999 -9999 -9999 -9999 -9999
5.883 5.959 6.183 -9999 -9999 -9999 -9999 -9999 -9999 -9999 -9999 -9999 -9999 -9999 -9999 -9999 -9999 -9999 -9999 -9999 -9999 -9999 -9999 -9999 -9999 -9999 -9999 -9999 -9999 4.867 4.129 4.076 3.072 3.132 3.283 3.798 3.963 2.827 2.803 3.143 3.279 3.009 3.026 3.295 2.484 2.183 2.036 1.629 2.042 2.651 2.929 3.524 3.841 4.163 4.309 4.344 4.464 4.636 4.131 3.903 3.367 2.81 3.017 3.3 3.753 3.769 4.093 4.668 -9999 -9999 -9999 -9999 -9999 -9999 -9999 -9999 -9999
6.107 6.02 -9999 -9999 -9999 -9999 -9999 -9999 -9999 -9999 -9999 -9999 -9999 -9999 -9999 -9999 -9999 -9999 -9999 -9999 -9999 -9999 -9999 -9999 -9999 -9999 -9999 -9999 -9999 5.483 4.876 4.376 3.889 3.402 2.835 3.888 3.437 3.591 3.779 3.747 3.501 3.066 2.27 3.084 2.485 1.917 2.243 2.894 3.057 3.027 3.184 3.387 3.92 4.234 4.306 4.32 4.252 4.033 3.794 3.426 3.494 3.259 3.145 3.082 3.254 3.569 3.747 4.352 5.256 -9999 -9999 -9999 -9999 -9999 -9999 -9999 -9999
6.233 6.512 -9999 -9999 -9999 -9999 -9999 -9999 -9999 -9999 -9999 -9999 -9999 -9999 -9999 -9999 -9999 -9999 -9999 -9999 -9999 -9999 -9999 -9999 -9999 -9999 -9999 -9999 -9999 -9999 4.667 4.016 3.816 3.238 3.81 3.659 3.987 4.085 4.055 3.894 3.655 3.194 3.309 2.262 2.595 2.732 2.592 2.902 2.987 2.89 3.475 3.609 3.998 4.208 4.334 4.319 4.092 3.818 3.69 3.547 3.404 3.383 3.359 3.283 3.322 3.505 3.868 4.179 4.94 -9999 -9999 -9999 -9999 -9999 -9999 -9999 -9999
-9999 -9999 -9999 -9999 -9999 -9999 -9999 -9999 -9999 -9999 -9999 -9999 -9999 -9999 -9999 -9999 -9999 -9999 -9999 -9999 -9999 -9999 -9999 -9999 -9999 -9999 -9999 -9999 -9999 -9999 5.394 3.804 3.972 4.426 4.027 4.228 4.184 4.33 4.181 3.74 3.762 3.803 2.284 2.885 2.722 2.638 2.446 3.074 3.162 3.323 3.429 3.759 3.921 4.212 4.34 4.332 4.163 3.642 3.368 3.529 3.677 3.642 3.61 3.461 3.457 3.551 3.779 4.268 4.517 5.304 -9999 -9999 -9999 -9999 -9999 -9999 -9999
-9999 -9999 -9999 -9999 -9999 -9999 -9999 -9999 -9999 -9999 -9999 -9999 -9999 -9999 -9999 -9999 -9999 -9999 -9999 -9999 -9999 -9999 -9999 -9999 -9999 -9999 -9999 -9999 -9999 -9999 -9999 4.901 4.912 4.477 4.2 4.346 4.272 4.488 4.276 3.988 4.095 3.454 2.675 2.355 2.431 2.112 2.432 2.412 2.671 3.099 3.113 3.424 3.846 4.157 4.296 4.168 4.024 3.935 3.328 3.364 3.902 4.188 4.049 3.959 3.905 4.063 4.251 4.495 4.752 4.944 -9999 -9999 -9999 -9999 -9999 -9999 -9999
-9999 -9999 -9999 -9999 -9999 -9999 -9999 -9999 -9999 -9999 -9999 -9999 -9999 -9999 -9999 -9999 -9999 -9999 -9999 -9999 -9999 -9999 -9999 -9999 -9999 -9999 -9999 -9999 -9999 -9999 -9999 5.448 -9999 4.386 4.536 4.476 4.572 -9999 4.584 4.264 4.166 3.544 2.614 2.623 2.634 2.23 2.434 2.372 1.865 2.553 2.85 3.077 3.412 3.945 4.16 4.084 3.966 3.992 4.067 3.92 4.216 4.416 4.303 4.173 4.159 4.244 4.429 4.541 4.305 4.295 4.642 -9999 -9999 -9999 -9999 -9999 -9999
-9999 -9999 -9999 -9999 -9999 -9999 -9999 -9999 -9999 -9999 -9999 -9999 -9999 -9999 -9999 -9999 -9999 -9999 -9999 -9999 -9999 -9999 -9999 -9999 -9999 -9999 -9999 -9999 -9999 -9999 -9999 -9999 5.281 4.69 -9999 -9999 -9999 -9999 4.854 4.544 4.465 3.956 3.551 2.792 2.694 2.531 2.377 2.987 2.659 2.172 2.809 2.986 3.437 3.801 4.098 4.162 4.152 4.167 4.234 4.26 4.184 4.301 4.196 4.148 4.262 4.271 4.15 4.193 4.319 4.207 4.294 4.635 5.216 -9999 -9999 -9999 -9999
-9999 -9999 -9999 -9999 -9999 -9999 -9999 -9999 -9999 -9999 -9999 -9999 -9999 -9999 -9999 -9999 -9999 -9999 -9999 -9999 -9999 -9999 -9999 -9999 -9999 -9999 -9999 -9999 -9999 -9999 -9999 -9999 5.563 5.239 -9999 -9999 -9999 -9999 5.003 4.468 4.565 4.212 3.568 3.672 3.539 2.875 2.786 2.941 3.088 2.265 2.739 3.0 3.284 3.72 4.132 4.253 4.28 4.322 4.329 4.343 4.294 4.212 4.209 4.217 4.267 4.191 4.021 3.882 3.934 4.077 4.357 4.706 5.213 -9999 -9999 -9999 -9999
-9999 -9999 -9999 -9999 -9999 -9999 -9999 -9999 -9999 -9999 -9999 -9999 -9999 -9999 -9999 -9999 -9999 -9999 -9999 -9999 -9999 -9999 -9999 -9999 -9999 -9999 -9999 -9999 -9999 -9999 -9999 -9999 5.626 -9999 -9999 -9999 -9999 5.251 4.876 4.454 3.801 3.512 3.516 3.516 3.604 3.176 2.783 3.248 3.246 3.172 2.776 3.198 3.466 3.867 4.188 4.385 4.318 4.345 4.396 4.426 4.427 4.39 4.405 4.268 3.951 3.963 3.972 4.036 4.094 4.212 4.458 4.858 -9999 -9999 -9999 -9999 -9999
-9999 -9999 -9999 -9999 -9999 -9999 -9999 -9999 -9999 -9999 -9999 -9999 -9999 -9999 -9999 -9999 -9999 -9999 -9999 -9999 -9999 -9999 -9999 -9999 -9999 -9999 -9999 -9999 -9999 -9999 -9999 -9999 -9999 -9999 -9999 -9999 -9999 5.283 4.694 3.75 2.979 2.716 3.144 3.654 3.624 3.747 3.634 3.741 3.602 3.44 3.252 3.285 3.663 3.98 4.232 4.436 4.412 4.38 4.453 4.505 4.511 4.477 4.461 4.43 3.878 3.577 4.025 4.219 4.406 4.457 4.621 4.884 -9999 -9999 -9999 -9999 -9999
-9999 -9999 -9999 -9999 -9999 -9999 -9999 -9999 -9999 -9999 -9999 -9999 -9999 -9999 -9999 -9999 -9999 -9999 -9999 -9999 -9999 -9999 -9999 -9999 -9999 -9999 -9999 -9999 -9999 -9999 -9999 -9999 -9999 -9999 -9999 -9999 -9999 5.133 4.619 3.886 3.137 3.138 3.572 3.696 3.984 3.969 3.943 3.979 3.922 4.068 3.675 3.659 3.722 3.956 4.193 4.422 4.552 4.493 4.523 4.556 4.572 4.556 4.522 4.534 4.275 3.824 4.014 4.374 4.566 4.668 4.736 4.896 -9999 -9999 -9999 -9999 -9999
-9999 -9999 -9999 -9999 -9999 -9999 -9999 -9999 -9999 -9999 -9999 -9999 -9999 -9999 -9999 -9999 -9999 -9999 -9999 -9999 -9999 -9999 -9999 -9999 -9999 -9999 -9999 -9999 -9999 -9999 -9999 -9999 -9999 -9999 -9999 -9999 5.297 4.993 4.549 3.719 3.211 3.027 3.578 3.624 4.284 4.053 4.089 3.896 3.859 3.738 4.301 4.261 4.38 4.32 4.488 4.418 4.521 4.573 4.529 4.568 4.615 4.617 4.629 4.629 4.573 4.224 4.182 4.466 4.707 4.8 4.818 4.919 5.144 -9999 -9999 -9999 -9999
-9999 -9999 -9999 -9999 -9999 -9999 -9999 -9999 -9999 -9999 -9999 -9999 -9999 -9999 -9999 -9999 -9999 -9999 -9999 -9999 -9999 -9999 -9999 -9999 -9999 -9999 -9999 -9999 -9999 -9999 -9999 -9999 -9999 -9999 -9999 -9999 5.089 4.963 4.683 4.222 3.602 4.181 4.084 4.519 4.06 3.713 3.843 3.703 3.772 4.081 3.904 4.299 4.327 4.323 4.363 4.503 4.502 4.604 4.649 4.636 4.661 4.71 4.745 4.772 4.713 4.597 4.342 4.483 4.764 4.892 4.884 4.916 5.141 -9999 -9999 -9999 -9999
-9999 -9999 -9999 -9999 -9999 -9999 -9999 -9999 -9999 -9999 -9999 -9999 -9999 -9999 -9999 -9999 -9999 -9999 -9999 -9999 -9999 -9999 -9999 -9999 -9999 -9999 -9999 -9999 -9999 -9999 -9999 -9999 -9999 -9999 -9999 5.225 4.96 4.946 4.976 4.554 4.507 4.469 4.653 4.536 4.002 3.949 3.849 3.716 3.748 3.901 4.556 4.34 4.696 4.677 4.585 4.443 4.524 4.585 4.673 4.673 4.662 4.735 4.803 4.826 4.768 4.675 4.52 4.391 4.66 4.946 5.013 4.934 5.002 5.253 -9999 -9999 -9999
-9999 -9999 -9999 -9999 -9999 -9999 -9999 -9999 -9999 -9999 -9999 -9999 -9999 -9999 -9999 -9999 -9999 -9999 -9999 -9999 -9999 -9999 -9999 -9999 -9999 -9999 -9999 -9999 -9999 -9999 -9999 -9999 -9999 -9999 -9999 5.017 4.92 4.974 4.986 4.873 4.754 4.742 4.563 4.316 4.398 4.186 3.742 3.026 3.22 3.482 4.077 4.605 4.602 4.939 5.042 4.825 4.566 4.634 4.708 4.725 4.712 4.773 4.85 4.88 4.859 4.813 4.661 4.519 4.743 5.121 5.248 5.171 5.012 5.064 -9999 -9999 -9999
-9999 -9999 -9999 -9999 -9999 -9999 -9999 -9999 -9999 -9999 -9999 -9999 -9999 -9999 -9999 -9999 -9999 -9999 -9999 -9999 -9999 -9999 -9999 -9999 -9999 -9999 -9999 -9999 -9999 -9999 -9999 -9999 -9999 -9999 -9999 5.11 4.991 5.02 5.114 5.069 4.941 4.654 4.426 4.321 4.011 3.538 2.99 3.009 3.252 3.477 3.951 4.491 4.568 4.64 4.972 5.115 4.99 4.859 4.872 4.838 4.786 4.83 4.873 4.896 4.897 4.876 4.893 4.812 4.946 5.297 5.434 5.342 5.133 4.978 5.049 -9999 -9999
-9999 -9999 -9999 -9999 -9999 -9999 -9999 -9999 -9999 -9999 -9999 -9999 -9999 -9999 -9999 -9999 -9999 -9999 -9999 -9999 -9999 -9999 -9999 -9999 -9999 -9999 -9999 -9999 -9999 -9999 -9999 -9999 -9999 -9999 -9999 -9999 5.019 5.032 5.117 5.057 4.657 4.268 4.068 3.937 3.871 3.674 3.307 3.484 3.506 3.895 4.564 4.763 4.854 4.684 4.92 5.1 5.034 4.992 5.015 4.955 4.89 4.905 4.929 4.919 4.887 4.873 4.861 4.958 5.049 -9999 5.403 -9999 5.188 5.082 5.042 5.414 -9999
-9999 -9999 -9999 -9999 -9999 -9999 -9999 -9999 -9999 -9999 -9999 -9999 -9999 -9999 -9999 -9999 -9999 -9999 -9999 -9999 -9999 -9999 -9999 -9999 -9999 -9999 -9999 -9999 -9999 -9999 -9999 -9999 -9999 -9999 -9999 5.302 5.088 5.051 5.102 4.92 4.396 3.774 3.706 3.853 3.526 3.491 3.663 3.42 3.187 3.568 4.164 4.95 4.859 4.876 5.058 5.083 4.99 5.014 5.002 4.999 4.952 4.942 4.934 4.909 4.853 4.684 4.724 4.85 4.805 4.884 5.108 5.184 -9999 5.229 5.252 5.247 5.584
-9999 -9999 -9999 -9999 -9999 -9999 -9999 -9999 -9999 -9999 -9999 -9999 -9999 -9999 -9999 -9999 -9999 -9999 -9999 -9999 -9999 -9999 -9999 -9999 -9999 -9999 -9999 -9999 -9999 -9999 -9999 -9999 -9999 -9999 -9999 5.37 5.168 5.164 5.051 4.708 4.406 4.04 3.859 4.083 4.042 4.128 4.235 3.745 3.388 3.683 4.19 4.517 4.543 4.62 4.818 4.92 4.822 4.849 4.962 4.995 5.024 4.995 4.95 4.895 4.844 4.784 4.608 4.717 4.728 4.557 4.723 4.975 5.144 -9999 -9999 -9999 -9999
-9999 -9999 -9999 -9999 -9999 -9999 -9999 -9999 -9999 -9999 -9999 -9999 -9999 -9999 -9999 -9999 -9999 -9999 -9999 -9999 -9999 -9999 -9999 -9999 -9999 -9999 -9999 -9999 -9999 -9999 -9999 -9999 -9999 -9999 5.576 5.447 5.261 5.059 4.89 4.853 4.72 4.322 4.526 4.606 4.665 4.754 4.576 3.972 3.258 3.168 3.717 4.103 4.019 4.358 4.767 4.851 4.927 4.856 4.935 5.01 5.038 5.004 4.956 4.893 4.864 4.833 4.749 4.641 4.646 4.465 4.438 4.674 4.951 5.145 5.262 -9999 -9999
-9999 -9999 -9999 -9999 -9999 -9999 -9999 -9999 -9999 -9999 -9999 -9999 -9999 -9999 -9999 -9999 -9999 -9999 -9999 -9999 -9999 -9999 -9999 -9999 -9999 -9999 -9999 -9999 -9999 -9999 -9999 -9999 -9999 -9999 5.63 5.377 5.308 5.153 4.924 4.733 4.906 4.881 4.935 4.98 5.065 5.115 4.878 4.357 3.814 3.036 2.823 3.519 3.654 3.975 4.55 4.691 5.032 5.133 4.972 5.0 5.044 5.02 4.974 4.922 4.895 4.891 4.783 4.709 4.687 4.658 4.321 4.461 4.721 4.953 5.155 5.369 -9999
-9999 -9999 -9999 -9999 -9999 -9999 -9999 -9999 -9999 -9999 -9999 -9999 -9999 -9999 -9999 -9999 -9999 -9999 -9999 -9999 -9999 -9999 -9999 -9999 -9999 -9999 -9999 -9999 -9999 -9999 -9999 -9999 -9999 -9999 -9999 5.467 5.362 5.242 4.967 5.021 5.016 5.059 5.142 5.245 5.463 5.485 5.211 4.773 4.08 3.336 2.645 2.529 3.178 3.706 4.27 4.745 4.823 5.066 4.977 4.919 4.993 4.998 4.973 4.93 4.894 4.855 4.771 4.719 4.737 4.697 4.517 4.405 4.598 4.743 4.955 5.198 5.386
