Validation/Results/raw data/ReClimate_09_2024_1weatherlogisticsltd.asc
NCOLS 192
NROWS 249
XLLCENTER -225160.85627316462
YLLCENTER 29788.11610251502
CELLSIZE 5000.0
NODATA_VALUE -9999
[rows 165 to 197 of 249, columns 74 to 147 of 192]
-9999 -9999 -9999 -9999 -9999 -9999 -9999 -9999 -9999 -9999 -9999 -9999 -9999 -9999 -9999 -9999 -9999 -9999 -9999 -9999 -9999 -9999 -9999 -9999 -9999 -9999 -9999 -9999 -9999 -9999 -9999 -9999 -9999 -9999 -9999 -9999 -9999 -9999 101.321 101.314 101.297 101.327 101.352 101.368 101.375 101.405 101.449 101.511 101.561 101.604 101.64 101.673 101.702 101.73 101.758 101.786 101.816 101.848 101.879 101.912 101.944 101.976 102.009 102.041 102.072 102.101 102.126 102.147 102.165 102.181 102.193 102.202 102.208 102.214
-9999 -9999 -9999 -9999 -9999 -9999 -9999 -9999 -9999 -9999 -9999 -9999 -9999 -9999 -9999 -9999 -9999 -9999 -9999 -9999 -9999 -9999 -9999 -9999 -9999 -9999 -9999 -9999 -9999 -9999 -9999 -9999 -9999 -9999 -9999 -9999 -9999 -9999 101.28 101.261 101.261 101.263 101.277 101.292 101.299 101.31 101.336 101.379 101.431 101.475 101.513 101.546 101.576 101.603 101.629 101.654 101.68 101.707 101.733 101.76 101.789 101.817 101.845 101.872 101.898 101.921 101.941 101.958 101.971 101.981 101.987 101.989 102.003 102.027
-9999 -9999 -9999 -9999 -9999 -9999 -9999 -9999 -9999 -9999 -9999 -9999 -9999 -9999 -9999 -9999 -9999 -9999 -9999 -9999 -9999 -9999 -9999 -9999 -9999 -9999 -9999 -9999 -9999 -9999 -9999 -9999 -9999 -9999 -9999 -9999 -9999 101.266 101.258 101.25 101.242 101.238 101.234 101.226 101.23 101.235 101.245 101.265 101.303 101.348 101.387 101.42 101.449 101.475 101.499 101.522 101.544 101.566 101.589 101.613 101.638 101.663 101.687 101.708 101.728 101.745 101.758 101.769 101.777 101.781 101.791 101.811 101.839 101.879
-9999 -9999 -9999 -9999 -9999 -9999 -9999 -9999 -9999 -9999 -9999 -9999 -9999 -9999 -9999 -9999 -9999 -9999 -9999 -9999 -9999 -9999 -9999 -9999 -9999 -9999 -9999 -9999 -9999 -9999 -9999 -9999 -9999 -9999 -9999 -9999 -9999 101.25 101.245 101.24 101.235 101.227 101.216 101.204 101.191 101.179 101.173 101.179 101.191 101.223 101.262 101.295 101.323 101.348 101.369 101.389 101.408 101.427 101.448 101.469 101.491 101.512 101.531 101.548 101.562 101.572 101.579 101.581 101.594 101.622 101.655 101.693 101.734 101.779
-9999 -9999 -9999 -9999 -9999 -9999 -9999 -9999 -9999 -9999 -9999 -9999 -9999 -9999 -9999 -9999 -9999 -9999 -9999 -9999 -9999 -9999 -9999 -9999 -9999 -9999 -9999 -9999 -9999 -9999 -9999 -9999 -9999 -9999 -9999 -9999 -9999 -9999 101.234 101.231 101.226 101.221 101.211 101.196 101.179 101.163 101.148 101.127 101.113 101.114 101.136 101.168 101.196 101.219 101.238 101.257 101.274 101.291 101.309 101.328 101.346 101.363 101.378 101.39 101.398 101.409 101.424 101.449 101.48 101.519 101.564 101.609 101.653 101.697
-9999 -9999 -9999 -9999 -9999 -9999 -9999 -9999 -9999 -9999 -9999 -9999 -9999 -9999 -9999 -9999 -9999 -9999 100.485 100.582 -9999 -9999 -9999 -9999 -9999 -9999 -9999 -9999 -9999 -9999 -9999 -9999 -9999 -9999 -9999 -9999 -9999 101.227 101.225 101.222 101.219 101.215 101.205 101.193 101.179 101.164 101.146 101.121 101.093 101.069 101.055 101.051 101.07 101.09 101.111 101.128 101.143 101.156 101.171 101.187 101.205 101.225 101.243 101.26 101.275 101.299 101.332 101.366 101.405 101.447 101.491 101.534 101.576 101.618
-9999 -9999 -9999 -9999 -9999 -9999 -9999 -9999 -9999 -9999 -9999 -9999 -9999 -9999 -9999 -9999 -9999 -9999 100.486 100.58 100.666 -9999 -9999 -9999 -9999 -9999 -9999 -9999 -9999 -9999 -9999 -9999 -9999 -9999 -9999 -9999 101.221 101.218 101.217 101.215 101.213 101.209 101.2 101.189 101.178 101.165 101.151 101.132 101.101 101.062 101.027 101.005 100.993 101.007 101.023 101.037 101.048 101.058 101.071 101.089 101.107 101.126 101.143 101.167 101.199 101.232 101.271 101.308 101.344 101.38 101.42 101.462 101.502 101.543
-9999 -9999 -9999 -9999 -9999 -9999 -9999 -9999 -9999 -9999 -9999 -9999 -9999 -9999 -9999 -9999 -9999 100.42 100.5 100.588 100.668 100.743 -9999 -9999 -9999 -9999 -9999 -9999 -9999 -9999 -9999 -9999 -9999 101.209 -9999 -9999 101.21 101.21 101.21 101.209 101.208 -9999 101.196 101.185 101.175 101.164 101.153 101.138 101.111 101.073 101.036 100.999 100.963 100.951 100.957 100.968 100.978 100.987 100.997 101.012 101.029 101.044 101.072 101.106 101.143 101.181 101.218 101.252 101.285 101.316 101.352 101.391 101.431 101.47
-9999 -9999 -9999 -9999 -9999 -9999 -9999 -9999 -9999 -9999 -9999 -9999 -9999 -9999 -9999 -9999 -9999 100.435 100.509 100.593 100.67 100.742 100.81 100.874 -9999 -9999 -9999 101.09 101.125 -9999 101.163 101.181 101.198 101.21 101.211 -9999 -9999 101.211 101.211 -9999 -9999 101.205 101.197 101.187 101.177 101.167 101.157 101.143 101.117 101.085 101.049 101.013 100.978 100.943 100.914 100.906 100.911 100.92 100.929 100.94 100.956 100.984 101.017 101.057 101.096 101.132 101.166 101.198 101.228 101.256 101.286 101.322 101.361 101.4
-9999 -9999 -9999 -9999 -9999 -9999 -9999 -9999 -9999 -9999 -9999 -9999 -9999 -9999 -9999 -9999 -9999 -9999 100.518 100.597 100.671 100.74 100.805 -9999 -9999 100.982 101.035 101.085 101.118 101.142 101.16 101.18 101.198 101.209 101.214 101.216 -9999 101.217 101.216 101.216 101.214 101.209 101.2 101.19 101.18 101.17 101.159 101.145 101.122 101.093 101.061 101.026 100.991 100.957 100.923 100.89 100.866 100.856 100.859 100.873 100.9 100.935 100.975 101.013 101.05 101.084 101.117 101.147 101.174 101.199 101.223 101.255 101.293 101.332
-9999 -9999 -9999 -9999 -9999 -9999 -9999 -9999 -9999 -9999 -9999 -9999 -9999 -9999 -9999 -9999 -9999 -9999 100.524 100.601 100.672 100.738 100.801 100.861 100.918 100.973 101.027 101.075 101.113 101.137 101.157 101.177 101.195 101.206 101.213 101.217 101.217 101.215 101.214 101.212 101.209 101.204 101.195 101.186 101.176 101.166 101.154 101.139 101.119 101.094 101.066 101.036 101.004 100.97 100.937 100.904 100.873 100.843 100.826 100.829 100.854 100.893 100.932 100.969 101.004 101.037 101.068 101.096 101.122 101.144 101.163 101.189 101.228 101.267
-9999 -9999 -9999 -9999 -9999 -9999 -9999 -9999 -9999 -9999 -9999 -9999 -9999 -9999 -9999 -9999 -9999 -9999 -9999 100.603 100.672 100.736 100.796 100.854 100.91 100.963 101.016 101.065 101.106 101.134 101.154 101.174 101.19 101.196 101.201 101.204 101.206 101.207 101.205 101.204 101.202 101.198 101.189 101.18 101.17 101.159 101.147 101.132 101.113 101.09 101.065 101.04 101.01 100.98 100.949 100.918 100.887 100.862 100.854 100.857 100.869 100.888 100.909 100.931 100.958 100.989 101.019 101.047 101.071 101.092 101.11 101.132 101.167 101.206
-9999 -9999 -9999 -9999 -9999 -9999 -9999 -9999 -9999 -9999 -9999 -9999 -9999 -9999 -9999 -9999 -9999 -9999 -9999 -9999 -9999 100.732 100.791 100.847 100.9 100.952 101.004 101.054 101.098 101.13 101.148 101.163 101.173 101.178 101.183 101.188 101.193 101.196 101.198 101.197 101.196 101.192 101.184 101.175 101.165 101.154 101.142 101.127 101.107 101.085 101.062 101.038 101.012 100.984 100.955 100.927 100.901 100.892 100.895 100.906 100.918 100.931 100.946 100.962 100.979 101.001 101.024 101.047 101.069 101.092 101.116 101.143 101.185 101.238
-9999 -9999 -9999 -9999 -9999 -9999 -9999 -9999 -9999 -9999 -9999 -9999 -9999 -9999 -9999 -9999 -9999 -9999 -9999 -9999 100.668 100.728 100.785 100.839 100.892 100.944 100.993 101.042 101.087 101.116 101.132 101.145 101.155 101.16 101.166 101.173 101.179 101.185 101.19 101.192 101.191 101.188 101.181 101.171 101.161 101.15 101.138 101.122 101.103 101.081 101.059 101.037 101.013 100.986 100.96 100.934 100.926 100.931 100.945 100.959 100.972 100.987 101.003 101.021 101.039 101.059 101.08 101.101 101.124 101.149 101.178 101.212 101.258 101.318
-9999 -9999 -9999 -9999 -9999 -9999 -9999 -9999 -9999 -9999 -9999 -9999 -9999 -9999 -9999 -9999 -9999 -9999 -9999 100.605 100.664 100.722 100.778 100.831 100.883 100.933 100.98 101.024 101.062 101.092 101.114 101.128 101.138 101.144 101.151 101.159 101.166 101.174 101.181 101.185 101.187 101.185 101.178 101.169 101.159 101.147 101.135 101.119 101.099 101.078 101.056 101.035 101.017 100.995 100.97 100.957 100.958 100.974 100.991 101.01 101.027 101.044 101.062 101.082 101.103 101.125 101.149 101.174 101.201 101.23 101.262 101.299 101.347 101.41
-9999 -9999 -9999 -9999 -9999 -9999 -9999 -9999 -9999 -9999 -9999 -9999 -9999 -9999 -9999 -9999 -9999 -9999 100.548 100.597 100.658 100.715 100.77 100.822 100.872 100.92 100.96 100.998 101.035 101.068 101.094 101.112 101.122 101.13 101.138 101.146 101.154 101.163 101.171 101.178 101.183 101.183 101.177 101.168 101.158 101.146 101.133 101.116 101.096 101.077 101.058 101.041 101.023 101.004 100.988 100.986 100.999 101.016 101.034 101.054 101.075 101.098 101.119 101.141 101.165 101.191 101.218 101.248 101.28 101.314 101.352 101.395 101.446 101.523
-9999 -9999 -9999 -9999 -9999 -9999 -9999 -9999 -9999 -9999 -9999 -9999 -9999 -9999 -9999 -9999 100.451 100.501 100.544 100.593 100.65 100.706 100.76 100.811 100.858 100.898 100.936 100.977 101.021 101.045 101.073 101.093 101.107 101.115 101.124 101.134 101.143 101.153 101.162 101.171 101.178 101.181 101.177 101.168 101.157 101.145 101.131 101.115 101.098 101.081 101.064 101.047 101.03 101.013 101.011 101.02 101.037 101.055 101.074 101.095 101.117 101.143 101.172 101.199 101.227 101.256 101.288 101.322 101.359 101.399 101.444 101.494 101.552 101.643
-9999 -9999 -9999 -9999 -9999 -9999 -9999 -9999 -9999 -9999 -9999 -9999 -9999 -9999 -9999 100.469 100.459 100.502 100.543 -9999 -9999 -9999 -9999 100.792 100.837 100.875 100.913 100.955 100.987 101.02 101.05 101.074 101.09 101.102 101.112 101.122 101.132 101.143 101.153 101.164 101.173 101.179 101.178 101.17 101.158 101.145 101.133 101.119 101.103 101.086 101.07 101.054 101.038 101.03 101.036 101.055 101.074 101.093 101.113 101.134 101.157 101.184 101.216 101.253 101.288 101.323 101.359 101.398 101.44 101.486 101.537 101.594 101.659 101.767
-9999 -9999 -9999 -9999 -9999 -9999 -9999 -9999 -9999 -9999 -9999 -9999 -9999 -9999 -9999 100.436 100.459 100.501 -9999 -9999 -9999 -9999 -9999 100.77 100.815 100.853 100.89 100.926 100.96 100.995 101.026 101.053 101.071 101.086 101.099 101.11 101.121 101.133 101.144 101.156 101.167 101.176 101.179 101.172 101.16 101.151 101.139 101.123 101.107 101.091 101.076 101.06 101.045 101.047 101.066 101.089 101.109 101.13 101.151 101.173 101.196 101.223 101.259 101.301 101.347 101.389 101.431 101.475 101.522 101.574 101.632 101.697 101.777 101.897
-9999 -9999 -9999 -9999 -9999 -9999 -9999 -9999 -9999 -9999 -9999 -9999 -9999 -9999 -9999 -9999 -9999 100.484 -9999 -9999 -9999 -9999 -9999 100.748 100.793 100.83 100.866 100.901 100.932 100.963 100.992 101.017 101.036 101.052 101.067 101.081 101.094 101.107 101.121 101.136 101.151 101.167 101.177 101.176 101.166 101.155 101.142 101.126 101.111 101.096 101.081 101.066 101.059 101.068 101.095 101.121 101.143 101.166 101.189 101.213 101.238 101.268 101.305 101.35 101.399 101.454 101.504 101.552 101.603 101.66 101.723 101.794 101.887 102.019
-9999 -9999 -9999 -9999 -9999 -9999 -9999 -9999 -9999 -9999 -9999 -9999 -9999 -9999 -9999 -9999 -9999 -9999 -9999 -9999 -9999 -9999 -9999 100.717 100.77 100.789 100.783 100.822 100.888 100.916 100.945 100.971 100.992 101.009 101.026 101.043 101.059 101.074 101.09 101.106 101.123 101.141 101.158 101.163 101.16 101.154 101.143 101.128 101.114 101.099 101.085 101.072 101.074 101.094 101.122 101.151 101.177 101.201 101.226 101.253 101.282 101.315 101.355 101.401 101.452 101.509 101.571 101.627 101.682 101.743 101.811 101.887 101.99 102.126
-9999 -9999 -9999 -9999 -9999 -9999 -9999 -9999 -9999 -9999 -9999 -9999 -9999 -9999 -9999 -9999 -9999 -9999 -9999 -9999 -9999 -9999 -9999 -9999 100.73 100.772 100.884 100.894 100.842 100.87 100.898 100.925 100.948 100.967 100.985 101.004 101.022 101.039 101.056 101.072 101.089 101.11 101.128 101.139 101.143 101.139 101.131 101.124 101.115 101.102 101.09 101.078 101.09 101.118 101.149 101.181 101.21 101.237 101.265 101.294 101.327 101.363 101.404 101.451 101.503 101.562 101.627 101.697 101.76 101.825 101.897 101.977 102.082 102.22
-9999 -9999 -9999 -9999 -9999 -9999 -9999 -9999 -9999 -9999 -9999 -9999 -9999 -9999 -9999 -9999 -9999 -9999 -9999 -9999 -9999 -9999 -9999 100.646 100.687 100.763 100.785 100.77 100.797 100.825 100.853 100.881 100.905 100.926 100.944 100.963 100.983 101.001 101.02 101.038 101.058 101.079 101.097 101.111 101.118 101.117 101.113 101.11 101.105 101.1 101.093 101.093 101.11 101.142 101.175 101.209 101.242 101.272 101.302 101.335 101.37 101.408 101.451 101.5 101.554 101.615 101.682 101.758 101.835 101.907 101.98 102.057 102.165 102.304
-9999 -9999 -9999 -9999 -9999 -9999 -9999 -9999 -9999 -9999 -9999 -9999 -9999 -9999 -9999 -9999 -9999 -9999 -9999 -9999 -9999 -9999 -9999 100.605 100.645 100.673 100.7 100.727 100.754 100.781 100.809 100.837 100.862 100.885 100.905 100.924 100.943 100.962 100.981 101.004 101.028 101.049 101.067 101.083 101.092 101.093 101.092 101.09 101.089 101.089 101.086 101.102 101.13 101.164 101.2 101.237 101.273 101.306 101.339 101.374 101.411 101.452 101.497 101.548 101.604 101.667 101.737 101.816 101.903 101.98 102.053 102.131 102.24 102.383
-9999 -9999 -9999 -9999 -9999 -9999 -9999 -9999 -9999 -9999 -9999 -9999 -9999 -9999 -9999 -9999 -9999 -9999 -9999 -9999 -9999 -9999 -9999 100.565 100.604 100.632 100.659 100.686 100.712 100.739 100.767 100.794 100.82 100.843 100.865 100.884 100.903 100.922 100.945 100.97 100.994 101.016 101.037 101.054 101.064 101.069 101.07 101.07 101.071 101.073 101.075 101.101 101.146 101.186 101.224 101.264 101.303 101.339 101.374 101.411 101.451 101.494 101.542 101.595 101.653 101.718 101.789 101.866 101.951 102.041 102.12 102.2 102.312 102.456
-9999 -9999 -9999 -9999 -9999 -9999 -9999 -9999 -9999 -9999 -9999 -9999 -9999 -9999 -9999 -9999 -9999 -9999 -9999 -9999 -9999 -9999 -9999 -9999 100.565 100.592 100.619 100.645 100.672 100.699 100.725 100.752 100.778 100.802 100.825 100.846 100.864 100.885 100.911 100.936 100.959 100.982 101.003 101.021 101.035 101.044 101.048 101.05 101.053 101.056 101.063 101.096 101.147 101.201 101.247 101.29 101.332 101.371 101.408 101.448 101.49 101.535 101.585 101.64 101.698 101.761 101.831 101.908 101.994 102.09 102.183 102.268 102.381 102.525
-9999 -9999 -9999 -9999 -9999 -9999 -9999 -9999 -9999 -9999 -9999 -9999 -9999 -9999 -9999 -9999 -9999 -9999 -9999 -9999 -9999 -9999 -9999 -9999 100.532 100.553 100.58 100.606 100.632 100.659 100.685 100.712 100.737 100.761 100.784 100.805 100.827 100.852 100.877 100.902 100.925 100.948 100.968 100.985 101.002 101.014 101.023 101.028 101.034 101.04 101.053 101.093 101.146 101.202 101.26 101.313 101.36 101.402 101.441 101.483 101.526 101.572 101.621 101.675 101.734 101.797 101.868 101.946 102.033 102.132 102.239 102.333 102.446 102.588
-9999 -9999 -9999 -9999 -9999 -9999 -9999 -9999 -9999 -9999 -9999 -9999 -9999 -9999 -9999 -9999 -9999 -9999 -9999 -9999 -9999 -9999 -9999 100.479 100.499 100.518 100.541 100.567 100.593 100.62 100.646 100.672 100.697 100.721 100.743 100.766 100.791 100.819 100.844 100.868 100.892 100.914 100.932 100.95 100.967 100.982 100.994 101.003 101.01 101.018 101.038 101.083 101.141 101.199 101.259 101.322 101.38 101.426 101.467 101.509 101.553 101.6 101.651 101.705 101.765 101.83 101.902 101.982 102.071 102.172 102.286 102.393 102.505 102.646
-9999 -9999 -9999 -9999 -9999 -9999 -9999 -9999 -9999 -9999 -9999 -9999 -9999 -9999 -9999 -9999 -9999 -9999 -9999 -9999 -9999 -9999 -9999 100.451 100.466 100.482 100.501 100.524 100.552 100.58 100.607 100.633 100.658 100.681 100.703 100.727 100.757 100.785 100.812 100.836 100.859 100.879 100.897 100.916 100.933 100.95 100.965 100.976 100.985 100.995 101.019 101.071 101.13 101.191 101.253 101.318 101.385 101.443 101.487 101.53 101.576 101.625 101.677 101.733 101.794 101.861 101.934 102.016 102.107 102.21 102.326 102.444 102.559 102.697
-9999 -9999 -9999 -9999 -9999 -9999 -9999 -9999 -9999 -9999 -9999 -9999 -9999 -9999 -9999 -9999 -9999 -9999 -9999 -9999 -9999 -9999 -9999 100.418 100.434 100.449 100.465 100.485 100.509 100.537 100.564 100.59 100.616 100.641 100.664 100.691 100.722 100.751 100.778 100.803 100.823 100.842 100.861 100.88 100.899 100.918 100.935 100.948 100.96 100.971 101.001 101.057 101.119 101.181 101.245 101.311 101.38 101.449 101.503 101.55 101.598 101.648 101.702 101.759 101.822 101.89 101.965 102.048 102.141 102.246 102.364 102.488 102.607 102.742
-9999 -9999 -9999 -9999 -9999 -9999 -9999 -9999 -9999 -9999 -9999 -9999 -9999 -9999 -9999 -9999 -9999 -9999 -9999 -9999 -9999 -9999 100.37 100.387 100.403 100.418 100.434 100.451 100.472 100.494 100.521 100.547 100.573 100.597 100.623 100.654 100.682 100.71 100.736 100.759 100.78 100.8 100.819 100.838 100.858 100.878 100.896 100.913 100.928 100.945 100.981 101.042 101.106 101.17 101.236 101.304 101.375 101.445 101.513 101.568 101.618 101.67 101.725 101.784 101.848 101.917 101.994 102.079 102.174 102.279 102.396 102.521 102.647 102.78
-9999 -9999 -9999 -9999 -9999 -9999 -9999 -9999 -9999 -9999 -9999 -9999 -9999 -9999 -9999 -9999 -9999 -9999 -9999 -9999 -9999 100.315 100.339 100.356 100.373 100.389 100.405 100.421 100.438 100.458 100.478 100.502 100.525 100.548 100.575 100.606 100.636 100.664 100.689 100.712 100.734 100.755 100.776 100.795 100.815 100.835 100.855 100.874 100.892 100.914 100.954 101.02 101.088 101.158 101.227 101.297 101.369 101.441 101.51 101.581 101.637 101.69 101.747 101.807 101.872 101.944 102.022 102.108 102.204 102.31 102.425 102.548 102.676 102.811
-9999 -9999 -9999 -9999 -9999 -9999 -9999 -9999 -9999 -9999 -9999 -9999 -9999 -9999 -9999 -9999 -9999 -9999 -9999 100.238 100.264 100.289 100.308 100.326 100.343 100.359 100.375 100.391 100.408 100.423 100.439 100.455 100.472 100.495 100.526 100.557 100.587 100.615 100.641 100.665 100.688 100.71 100.731 100.752 100.773 100.794 100.814 100.834 100.856 100.88 100.924 100.991 101.062 101.135 101.21 101.287 101.363 101.436 101.507 101.581 101.651 101.708 101.766 101.828 101.895 101.968 102.049 102.136 102.232 102.338 102.451 102.57 102.698 102.828
