Validation/Results/raw data/ReClimate_12_2023_2weatherlogisticsltd.asc
NCOLS 192
NROWS 249
XLLCENTER -225160.85627316462
YLLCENTER 29788.11610251502
CELLSIZE 5000.0
NODATA_VALUE -9999
[rows 99 to 131 of 249, columns 75 to 149 of 192]
81.489 82.46 82.809 83.676 83.302 82.987 83.714 -9999 -9999 83.263 83.124 84.319 84.913 84.93 84.958 85.693 86.267 86.129 86.887 87.051 87.597 87.755 88.346 90.207 91.43 92.856 92.911 92.458 92.498 92.92 93.593 94.696 95.01 95.227 95.82 96.508 96.69 96.786 97.205 97.625 97.965 98.274 98.404 98.639 -9999 -9999 -9999 -9999 -9999 -9999 -9999 -9999 -9999 -9999 -9999 -9999 -9999 -9999 -9999 -9999 -9999 -9999 -9999 -9999 -9999 -9999 -9999 -9999 -9999 -9999 -9999 -9999 -9999 -9999 -9999
82.014 82.686 -9999 -9999 83.052 82.744 -9999 -9999 -9999 82.204 83.126 84.743 84.932 85.231 85.743 85.827 86.156 87.082 87.333 87.631 87.639 87.152 88.852 90.781 91.752 92.241 92.101 92.47 92.729 92.81 93.717 94.588 94.513 93.898 94.48 95.016 95.459 96.496 96.947 97.334 97.626 97.949 98.05 97.958 -9999 -9999 -9999 -9999 -9999 -9999 -9999 -9999 -9999 -9999 -9999 -9999 -9999 -9999 -9999 -9999 -9999 -9999 -9999 -9999 -9999 -9999 -9999 -9999 -9999 -9999 -9999 -9999 -9999 -9999 -9999
-9999 81.868 82.151 82.599 -9999 -9999 -9999 -9999 80.949 80.227 82.245 85.755 86.164 86.669 86.399 85.375 86.026 86.38 86.339 85.581 86.248 88.222 89.75 91.154 91.278 90.746 91.312 92.586 92.785 93.029 93.543 93.625 93.518 93.863 94.029 93.585 94.594 96.043 96.485 96.902 97.183 97.487 97.17 -9999 -9999 -9999 -9999 -9999 -9999 -9999 -9999 -9999 -9999 -9999 -9999 -9999 -9999 -9999 -9999 -9999 -9999 -9999 -9999 -9999 -9999 -9999 -9999 -9999 -9999 -9999 -9999 -9999 -9999 -9999 -9999
82.843 83.517 83.904 84.346 82.535 80.923 -9999 -9999 80.457 -9999 -9999 82.79 83.776 85.962 85.39 85.0 85.68 87.018 86.835 87.265 88.595 88.971 89.946 90.492 90.427 90.815 91.685 92.212 92.521 93.057 93.093 93.039 93.432 93.774 93.703 93.965 94.853 95.131 95.713 96.488 96.76 96.991 -9999 -9999 -9999 -9999 -9999 -9999 -9999 -9999 -9999 -9999 -9999 -9999 -9999 -9999 -9999 -9999 -9999 -9999 -9999 -9999 -9999 -9999 -9999 -9999 -9999 -9999 -9999 -9999 -9999 -9999 -9999 -9999 -9999
83.473 84.416 84.815 85.355 -9999 -9999 -9999 82.43 81.809 79.984 80.179 81.643 83.712 86.285 85.893 85.246 86.518 88.096 88.447 88.644 88.901 88.828 89.402 90.191 90.668 91.358 91.73 91.964 92.419 92.825 92.875 93.133 93.487 93.857 94.162 94.524 94.832 -9999 -9999 96.09 -9999 -9999 -9999 -9999 -9999 -9999 -9999 -9999 -9999 -9999 -9999 -9999 -9999 -9999 -9999 -9999 -9999 -9999 -9999 -9999 -9999 -9999 -9999 -9999 -9999 -9999 -9999 -9999 -9999 -9999 -9999 -9999 -9999 -9999 -9999
83.801 83.802 -9999 83.921 -9999 -9999 -9999 82.679 81.902 81.835 82.646 82.938 84.529 85.288 85.121 85.579 86.606 87.042 87.288 87.596 87.855 88.274 88.994 89.642 90.261 90.993 91.188 91.191 91.639 92.242 92.519 92.782 93.177 93.611 93.908 94.17 -9999 95.043 95.399 95.696 95.719 -9999 -9999 -9999 -9999 -9999 -9999 -9999 -9999 -9999 -9999 -9999 -9999 -9999 -9999 -9999 -9999 -9999 -9999 -9999 -9999 -9999 -9999 -9999 -9999 -9999 -9999 -9999 -9999 -9999 -9999 -9999 -9999 -9999 -9999
84.465 -9999 -9999 -9999 -9999 82.716 81.972 82.512 82.507 82.676 82.636 82.266 83.157 84.529 84.827 85.03 85.47 86.143 86.605 87.387 87.253 86.142 86.929 88.087 88.995 90.176 90.38 90.892 91.406 91.699 92.022 92.36 92.683 92.861 -9999 93.692 94.14 94.578 94.939 95.254 94.943 -9999 -9999 -9999 -9999 -9999 -9999 -9999 -9999 -9999 -9999 -9999 -9999 -9999 -9999 -9999 -9999 -9999 -9999 -9999 -9999 -9999 -9999 -9999 -9999 -9999 -9999 -9999 -9999 -9999 -9999 -9999 -9999 -9999 -9999
-9999 -9999 -9999 -9999 -9999 83.686 83.069 82.736 82.835 83.19 82.961 82.969 83.726 83.662 84.018 84.776 85.118 85.305 85.966 86.654 85.666 84.283 85.659 87.822 88.841 89.969 90.397 90.767 91.031 91.255 91.614 92.041 92.265 92.541 92.945 93.303 93.694 94.062 94.412 94.738 94.383 93.993 -9999 -9999 -9999 -9999 -9999 -9999 -9999 -9999 -9999 -9999 -9999 -9999 -9999 -9999 -9999 -9999 -9999 -9999 -9999 -9999 -9999 -9999 -9999 -9999 -9999 -9999 -9999 -9999 -9999 -9999 -9999 -9999 -9999
-9999 -9999 -9999 -9999 83.984 -9999 -9999 83.582 83.726 83.987 83.991 84.22 -9999 -9999 83.15 84.291 84.48 85.136 85.893 86.937 86.386 86.622 88.014 88.764 89.573 90.099 90.033 89.384 88.891 87.186 88.147 90.322 90.729 91.314 91.851 92.571 92.714 92.382 92.948 93.8 93.793 94.303 94.897 -9999 -9999 -9999 -9999 -9999 -9999 -9999 -9999 -9999 -9999 -9999 -9999 -9999 -9999 -9999 -9999 -9999 -9999 -9999 -9999 -9999 -9999 -9999 -9999 -9999 -9999 -9999 -9999 -9999 -9999 -9999 -9999
-9999 -9999 -9999 -9999 84.227 -9999 83.961 83.449 83.494 83.518 83.555 83.723 82.991 82.749 83.401 83.546 84.038 84.31 85.101 86.093 86.508 87.137 87.734 88.245 88.669 88.973 88.3 87.28 86.822 88.254 89.496 89.714 90.148 90.338 91.138 92.17 92.076 92.174 92.752 92.933 93.175 93.057 -9999 -9999 -9999 -9999 -9999 -9999 -9999 -9999 -9999 -9999 -9999 -9999 -9999 -9999 -9999 -9999 -9999 -9999 -9999 -9999 -9999 -9999 -9999 -9999 -9999 -9999 -9999 -9999 -9999 -9999 -9999 -9999 -9999
-9999 -9999 -9999 -9999 84.47 -9999 84.006 84.058 84.076 84.369 84.024 -9999 83.373 83.505 -9999 84.936 85.114 85.121 85.766 86.095 86.704 87.406 87.616 87.405 87.253 86.35 86.684 88.603 89.747 90.751 90.736 90.333 90.376 90.268 91.067 91.728 91.991 92.442 -9999 -9999 -9999 -9999 -9999 -9999 -9999 -9999 -9999 -9999 -9999 -9999 -9999 -9999 -9999 -9999 -9999 -9999 -9999 -9999 -9999 -9999 -9999 -9999 -9999 -9999 -9999 -9999 -9999 -9999 -9999 -9999 -9999 -9999 -9999 -9999 -9999
-9999 -9999 84.806 84.783 -9999 -9999 84.555 84.037 84.027 83.775 83.435 83.86 84.004 84.009 -9999 83.12 83.634 85.153 85.334 85.252 85.878 86.791 86.575 86.228 86.098 87.14 88.472 89.041 89.412 88.982 88.816 88.926 89.063 89.737 90.375 91.154 91.708 -9999 -9999 -9999 -9999 -9999 -9999 -9999 -9999 -9999 -9999 -9999 -9999 -9999 -9999 -9999 -9999 -9999 -9999 -9999 -9999 -9999 -9999 -9999 -9999 -9999 -9999 -9999 -9999 -9999 -9999 -9999 -9999 -9999 -9999 -9999 -9999 -9999 -9999
-9999 84.472 84.636 82.319 -9999 84.772 84.559 83.711 83.501 -9999 83.59 84.3 84.256 84.267 -9999 84.234 85.338 86.243 86.193 86.066 86.429 86.27 85.493 83.904 85.053 86.792 87.216 87.353 -9999 88.838 89.045 89.347 89.82 90.137 90.644 90.936 -9999 -9999 -9999 -9999 -9999 -9999 -9999 -9999 -9999 -9999 -9999 -9999 -9999 -9999 -9999 -9999 -9999 -9999 -9999 -9999 -9999 -9999 -9999 -9999 -9999 -9999 -9999 -9999 -9999 -9999 -9999 -9999 -9999 -9999 -9999 -9999 -9999 -9999 -9999
-9999 84.303 82.185 -9999 -9999 84.873 83.915 82.573 -9999 83.675 83.899 83.917 83.813 83.761 -9999 84.795 85.39 85.593 85.662 85.934 85.787 85.717 84.793 84.847 86.021 86.838 86.921 86.799 87.809 88.741 -9999 -9999 88.465 88.484 -9999 -9999 -9999 -9999 -9999 -9999 91.566 91.76 91.971 -9999 -9999 -9999 -9999 -9999 -9999 -9999 -9999 -9999 -9999 -9999 -9999 -9999 -9999 -9999 -9999 -9999 -9999 -9999 -9999 -9999 -9999 -9999 -9999 -9999 -9999 -9999 -9999 -9999 -9999 -9999 -9999
85.344 84.36 -9999 -9999 83.744 85.423 83.744 82.055 -9999 84.888 84.781 84.869 84.79 84.868 -9999 -9999 -9999 84.276 84.676 85.294 85.306 85.472 85.764 86.638 87.155 87.445 87.179 86.631 87.196 87.363 87.284 87.58 87.773 88.172 -9999 -9999 -9999 -9999 -9999 90.908 91.169 90.357 90.864 91.9 -9999 -9999 -9999 -9999 -9999 -9999 -9999 -9999 -9999 -9999 -9999 -9999 -9999 -9999 -9999 -9999 -9999 -9999 -9999 -9999 -9999 -9999 -9999 -9999 -9999 -9999 -9999 -9999 -9999 -9999 -9999
86.315 85.75 -9999 -9999 -9999 85.323 83.469 81.897 -9999 85.12 -9999 84.376 84.288 84.224 -9999 84.554 84.236 84.456 -9999 84.475 84.666 84.833 85.151 84.941 85.307 85.952 85.812 86.113 86.401 86.965 87.312 87.816 88.189 88.466 88.797 89.314 89.789 -9999 90.397 90.511 90.159 89.926 90.83 91.908 92.363 92.843 -9999 -9999 -9999 -9999 -9999 -9999 -9999 -9999 -9999 -9999 -9999 -9999 -9999 -9999 -9999 -9999 -9999 -9999 -9999 -9999 -9999 -9999 -9999 -9999 -9999 -9999 -9999 -9999 -9999
86.485 -9999 -9999 -9999 -9999 85.231 84.526 85.094 -9999 85.791 -9999 85.326 84.825 -9999 83.608 83.393 83.471 83.827 84.015 84.727 84.845 84.913 84.898 85.2 85.57 85.81 85.899 85.638 86.077 86.479 86.788 86.908 87.021 86.623 87.187 88.135 88.683 89.136 89.476 90.044 90.006 90.059 90.704 90.974 91.7 92.939 93.589 94.41 95.526 -9999 -9999 -9999 -9999 -9999 -9999 -9999 -9999 -9999 -9999 -9999 -9999 -9999 -9999 -9999 -9999 -9999 -9999 -9999 -9999 -9999 -9999 -9999 -9999 -9999 -9999
84.904 -9999 -9999 -9999 -9999 85.429 85.637 85.456 84.673 -9999 -9999 85.045 83.664 -9999 84.135 82.617 82.897 83.942 84.411 84.831 84.715 84.41 84.582 84.544 84.632 84.662 84.684 85.063 85.647 86.571 86.742 86.93 86.814 86.962 87.732 88.564 88.802 88.698 89.257 90.074 90.391 90.902 91.225 91.563 92.5 93.152 93.761 94.422 95.069 96.233 -9999 -9999 -9999 -9999 -9999 -9999 -9999 -9999 -9999 -9999 -9999 -9999 -9999 -9999 -9999 -9999 -9999 -9999 -9999 -9999 -9999 -9999 -9999 -9999 -9999
-9999 -9999 -9999 -9999 -9999 85.924 86.371 85.941 84.593 -9999 -9999 84.8 83.97 -9999 -9999 83.735 84.392 84.992 84.772 83.79 83.379 82.907 82.85 82.508 82.588 82.815 83.576 85.005 85.608 85.893 85.717 84.963 85.601 87.046 87.593 87.793 86.753 84.087 85.224 86.841 88.039 90.399 90.843 91.474 92.299 93.451 94.069 94.708 95.392 96.168 -9999 -9999 -9999 -9999 -9999 -9999 -9999 -9999 -9999 -9999 -9999 -9999 -9999 -9999 -9999 -9999 -9999 -9999 -9999 -9999 -9999 -9999 -9999 -9999 -9999
-9999 -9999 -9999 -9999 -9999 84.881 85.933 84.821 -9999 -9999 -9999 -9999 84.781 -9999 84.485 83.906 84.153 84.217 83.682 83.695 83.318 83.286 83.135 83.408 83.396 83.006 84.041 84.602 84.895 85.191 84.714 84.437 85.718 87.089 87.288 87.473 86.416 87.189 88.199 88.418 89.804 90.043 90.626 91.156 92.33 93.775 94.42 95.098 95.817 96.603 97.484 -9999 -9999 -9999 -9999 -9999 -9999 -9999 -9999 -9999 -9999 -9999 -9999 -9999 -9999 -9999 -9999 -9999 -9999 -9999 -9999 -9999 -9999 -9999 -9999
-9999 -9999 -9999 86.124 85.436 85.951 85.281 -9999 -9999 85.155 -9999 -9999 -9999 -9999 84.632 84.769 84.709 84.602 84.521 84.382 84.046 83.491 83.256 82.441 82.077 81.735 82.775 84.639 85.031 85.656 85.562 85.546 86.111 85.571 85.528 85.299 85.935 86.529 86.994 87.757 88.761 90.983 91.678 92.622 93.647 94.24 94.874 95.501 96.179 96.882 97.67 -9999 -9999 -9999 -9999 -9999 -9999 -9999 -9999 -9999 -9999 -9999 -9999 -9999 -9999 -9999 -9999 -9999 -9999 -9999 -9999 -9999 -9999 -9999 -9999
-9999 -9999 -9999 -9999 87.162 86.792 86.998 -9999 86.364 85.753 84.238 -9999 -9999 -9999 -9999 83.975 83.761 83.42 83.377 83.623 83.236 83.207 82.555 82.045 81.915 82.207 83.642 84.959 85.147 84.575 84.798 85.385 85.26 85.54 85.515 85.641 85.971 85.754 86.933 89.077 90.621 91.413 92.244 92.948 93.621 94.493 95.149 95.899 96.499 97.255 98.087 99.128 -9999 -9999 -9999 -9999 -9999 -9999 -9999 -9999 -9999 -9999 -9999 -9999 -9999 -9999 -9999 -9999 -9999 -9999 -9999 -9999 -9999 -9999 -9999
-9999 -9999 -9999 -9999 87.222 87.11 87.146 -9999 87.064 86.103 84.428 -9999 -9999 -9999 -9999 -9999 83.668 83.89 83.799 83.299 83.449 83.95 83.384 82.641 82.145 80.609 81.539 82.241 82.186 82.688 83.398 84.502 84.331 83.444 84.33 86.326 86.519 87.241 89.189 91.251 91.841 92.085 92.671 93.114 93.967 94.888 95.588 96.295 96.96 97.843 98.459 99.347 100.704 -9999 -9999 -9999 -9999 -9999 -9999 -9999 -9999 -9999 -9999 -9999 -9999 -9999 -9999 -9999 -9999 -9999 -9999 -9999 -9999 -9999 -9999
-9999 -9999 -9999 -9999 88.128 87.964 -9999 -9999 87.18 85.397 83.939 83.731 -9999 -9999 -9999 -9999 -9999 83.679 83.3 83.235 83.709 84.169 83.558 83.034 82.086 81.83 82.234 82.564 83.499 85.272 85.651 84.977 83.955 82.641 84.52 86.887 87.504 88.278 89.983 91.704 91.994 92.161 92.545 92.741 93.797 95.226 95.925 96.695 97.474 98.237 98.844 99.769 101.046 102.306 103.628 -9999 -9999 -9999 -9999 -9999 -9999 -9999 -9999 -9999 -9999 -9999 -9999 -9999 -9999 -9999 -9999 -9999 -9999 -9999 -9999
-9999 -9999 -9999 -9999 89.171 89.508 -9999 -9999 87.804 86.593 85.746 -9999 -9999 -9999 -9999 -9999 -9999 83.99 83.804 83.479 83.815 83.953 83.561 83.173 83.117 83.402 83.216 82.559 83.889 84.944 83.98 82.296 81.568 81.132 83.005 84.624 86.032 88.526 90.073 91.743 91.853 91.729 92.012 92.269 93.356 94.146 94.73 95.022 95.731 97.162 99.807 100.874 102.108 103.34 104.582 -9999 -9999 -9999 -9999 -9999 -9999 -9999 -9999 -9999 -9999 -9999 -9999 -9999 -9999 -9999 -9999 -9999 -9999 -9999 -9999
-9999 -9999 -9999 -9999 90.69 88.026 -9999 -9999 -9999 87.105 86.993 86.695 -9999 -9999 -9999 -9999 -9999 84.14 83.63 82.782 82.832 82.71 82.503 82.51 83.06 84.215 83.666 83.196 83.734 83.632 82.908 83.502 83.784 84.777 85.77 85.944 87.928 89.665 90.879 91.646 91.78 92.053 92.282 92.298 93.34 94.94 95.214 95.26 96.503 99.66 100.896 102.1 103.3 104.498 105.705 -9999 -9999 -9999 -9999 -9999 -9999 -9999 -9999 -9999 -9999 -9999 -9999 -9999 -9999 -9999 -9999 -9999 -9999 -9999 -9999
-9999 -9999 -9999 91.299 90.808 89.001 -9999 -9999 -9999 -9999 -9999 -9999 -9999 -9999 -9999 -9999 -9999 83.131 82.09 80.934 80.675 79.992 80.39 81.407 82.481 83.821 83.3 82.713 82.189 81.063 81.9 83.677 84.534 85.226 85.259 85.024 86.667 88.389 89.334 90.655 91.169 92.012 91.918 91.359 92.441 92.856 93.327 95.229 99.457 100.817 102.012 103.194 104.363 105.53 106.705 107.123 -9999 -9999 -9999 -9999 -9999 -9999 -9999 -9999 -9999 -9999 -9999 -9999 -9999 -9999 -9999 -9999 -9999 -9999 -9999
-9999 -9999 92.348 92.349 91.475 90.475 -9999 -9999 -9999 -9999 -9999 -9999 -9999 -9999 -9999 85.079 83.72 83.724 82.838 82.556 82.068 81.749 82.179 81.829 82.213 81.379 81.683 83.548 82.973 83.117 84.205 84.558 85.172 85.598 85.707 86.272 87.542 88.397 89.389 90.022 91.133 92.731 92.685 93.1 93.497 93.762 95.201 99.103 100.598 101.863 103.029 104.183 105.325 106.464 107.61 108.245 -9999 -9999 -9999 -9999 -9999 -9999 -9999 -9999 -9999 -9999 -9999 -9999 -9999 -9999 -9999 -9999 -9999 -9999 -9999
-9999 -9999 93.176 92.942 92.228 -9999 -9999 -9999 -9999 -9999 -9999 -9999 -9999 -9999 -9999 85.364 84.573 83.921 83.059 81.608 81.131 80.4 79.447 77.62 77.636 78.741 80.936 84.204 84.268 84.627 85.111 85.593 86.261 87.141 87.504 87.77 88.222 88.151 88.372 87.884 88.934 89.333 88.866 86.665 88.03 93.206 98.691 100.238 101.644 102.82 103.968 105.09 106.207 107.321 108.441 109.207 -9999 -9999 -9999 -9999 -9999 -9999 -9999 -9999 -9999 -9999 -9999 -9999 -9999 -9999 -9999 -9999 -9999 -9999 -9999
-9999 -9999 -9999 -9999 -9999 -9999 -9999 -9999 -9999 -9999 -9999 -9999 -9999 -9999 -9999 85.567 85.202 84.888 83.866 83.298 82.61 81.705 80.946 81.677 82.223 82.006 83.832 84.136 84.53 85.611 85.955 85.898 86.277 85.742 86.39 87.932 88.317 89.269 89.363 90.055 90.523 91.061 90.252 90.728 93.665 98.246 99.785 101.281 102.555 103.706 104.825 105.931 107.026 108.117 109.212 110.05 -9999 -9999 -9999 -9999 -9999 -9999 -9999 -9999 -9999 -9999 -9999 -9999 -9999 -9999 -9999 -9999 -9999 -9999 -9999
-9999 -9999 -9999 -9999 -9999 -9999 -9999 -9999 -9999 -9999 -9999 -9999 -9999 -9999 86.165 85.187 84.933 84.707 84.087 83.47 82.692 81.837 82.838 84.875 84.613 84.208 84.662 85.426 86.235 87.385 87.439 87.412 87.341 87.503 88.598 89.461 89.982 89.934 90.5 90.906 91.378 91.785 92.306 93.425 97.767 99.305 100.828 102.237 103.406 104.534 105.633 106.718 107.793 108.863 109.937 110.818 -9999 -9999 -9999 -9999 -9999 -9999 -9999 -9999 -9999 -9999 -9999 -9999 -9999 -9999 -9999 -9999 -9999 -9999 -9999
-9999 -9999 -9999 -9999 -9999 -9999 -9999 -9999 -9999 -9999 -9999 -9999 -9999 -9999 85.621 85.864 85.725 85.741 85.145 84.545 83.973 83.528 84.353 83.789 83.586 83.79 84.365 85.031 85.52 85.315 86.121 88.126 88.206 87.739 88.41 88.985 89.367 90.5 91.059 91.559 91.881 91.969 92.316 95.278 98.802 100.325 101.804 103.068 104.207 105.315 106.4 107.462 108.518 109.57 110.624 111.524 -9999 -9999 -9999 -9999 -9999 -9999 -9999 -9999 -9999 -9999 -9999 -9999 -9999 -9999 -9999 -9999 -9999 -9999 -9999
-9999 -9999 -9999 -9999 -9999 -9999 -9999 -9999 -9999 -9999 -9999 -9999 -9999 86.765 85.963 85.671 85.626 85.824 85.197 84.488 84.38 84.776 84.672 85.08 84.847 84.032 84.269 84.585 84.802 85.453 87.463 89.786 89.444 88.792 89.105 89.011 90.24 92.06 92.522 92.824 92.883 92.486 93.945 98.276 99.807 101.312 102.695 103.848 104.967 106.056 107.12 108.17 109.21 110.228 111.211 112.114 112.887 -9999 -9999 -9999 -9999 -9999 -9999 -9999 -9999 -9999 -9999 -9999 -9999 -9999 -9999 -9999 -9999 -9999 -9999
