Validation/Results/raw data/ReClimate_12_2023_2.asc
NCOLS 192
NROWS 249
XLLCENTER -225160.85627316462
YLLCENTER 29788.11610251502
CELLSIZE 5000.0
NODATA_VALUE -9999
[rows 165 to 197 of 249, columns 75 to 149 of 192]
-9999 -9999 -9999 -9999 -9999 -9999 -9999 -9999 -9999 -9999 -9999 -9999 -9999 -9999 -9999 -9999 -9999 -9999 -9999 -9999 -9999 -9999 -9999 -9999 -9999 -9999 -9999 -9999 -9999 -9999 -9999 -9999 -9999 -9999 -9999 -9999 -9999 100.47 100.549 100.62 100.072 99.275 99.949 100.967 101.075 101.181 101.286 101.376 101.461 101.54 101.616 101.69 101.761 101.83 101.899 101.969 102.039 102.111 102.185 102.261 102.336 102.412 102.487 102.565 102.64 102.69 102.731 102.773 102.815 102.858 102.901 102.947 102.995 103.048 -9999
-9999 -9999 -9999 -9999 -9999 -9999 -9999 -9999 -9999 -9999 -9999 -9999 -9999 -9999 -9999 -9999 -9999 -9999 -9999 -9999 -9999 -9999 -9999 -9999 -9999 -9999 -9999 -9999 -9999 -9999 -9999 -9999 -9999 -9999 -9999 -9999 -9999 100.451 100.527 100.604 100.052 99.794 100.743 100.943 100.923 100.812 101.232 101.324 101.41 101.491 101.569 101.644 101.716 101.787 101.856 101.926 101.997 102.068 102.141 102.213 102.285 102.357 102.431 102.508 102.589 102.661 102.709 102.751 102.793 102.835 102.878 102.925 102.974 103.027 103.085
-9999 -9999 -9999 -9999 -9999 -9999 -9999 -9999 -9999 -9999 -9999 -9999 -9999 -9999 -9999 -9999 -9999 -9999 -9999 -9999 -9999 -9999 -9999 -9999 -9999 -9999 -9999 -9999 -9999 -9999 -9999 -9999 -9999 -9999 -9999 -9999 99.946 100.436 100.397 100.14 100.088 100.683 100.821 100.903 100.837 101.134 101.212 101.271 101.359 101.442 101.521 101.598 101.671 101.743 101.814 101.884 101.955 102.025 102.095 102.164 102.234 102.305 102.379 102.455 102.535 102.619 102.685 102.73 102.772 102.815 102.861 102.914 102.975 103.04 103.107
-9999 -9999 -9999 -9999 -9999 -9999 -9999 -9999 -9999 -9999 -9999 -9999 -9999 -9999 -9999 -9999 -9999 -9999 -9999 -9999 -9999 -9999 -9999 -9999 -9999 -9999 -9999 -9999 -9999 -9999 -9999 -9999 -9999 -9999 -9999 -9999 99.954 100.421 100.149 99.727 100.15 100.726 100.763 100.715 100.831 100.952 100.936 100.895 101.306 101.391 101.472 101.551 101.626 101.7 101.772 101.843 101.912 101.979 102.047 102.115 102.185 102.256 102.329 102.405 102.485 102.568 102.654 102.713 102.766 102.825 102.885 102.947 103.014 103.085 103.159
-9999 -9999 -9999 -9999 -9999 -9999 -9999 -9999 -9999 -9999 -9999 -9999 -9999 -9999 -9999 -9999 -9999 -9999 -9999 -9999 -9999 -9999 -9999 -9999 -9999 -9999 -9999 -9999 -9999 -9999 -9999 -9999 -9999 -9999 -9999 -9999 -9999 100.068 99.954 100.225 100.579 100.716 100.737 100.824 100.936 101.042 100.98 101.191 101.26 101.338 101.422 101.504 101.581 101.656 101.728 101.797 101.865 101.932 101.999 102.068 102.138 102.209 102.283 102.359 102.439 102.524 102.625 102.726 102.795 102.862 102.93 102.999 103.069 103.143 103.22
-9999 -9999 -9999 -9999 -9999 -9999 -9999 -9999 -9999 -9999 -9999 -9999 -9999 -9999 -9999 -9999 -9999 95.165 97.004 -9999 -9999 -9999 -9999 -9999 -9999 -9999 -9999 -9999 -9999 -9999 -9999 -9999 -9999 -9999 -9999 -9999 99.874 99.24 99.67 100.445 100.565 100.703 100.797 100.885 100.968 101.005 101.074 101.177 101.237 101.303 101.375 101.457 101.534 101.609 101.681 101.75 101.818 101.885 101.953 102.023 102.094 102.167 102.243 102.32 102.413 102.517 102.626 102.747 102.842 102.913 102.983 103.054 103.127 103.202 103.283
-9999 -9999 -9999 -9999 -9999 -9999 -9999 -9999 -9999 -9999 -9999 -9999 -9999 -9999 -9999 -9999 -9999 97.713 98.859 98.99 -9999 -9999 -9999 -9999 -9999 -9999 -9999 -9999 -9999 -9999 -9999 -9999 -9999 -9999 -9999 99.798 99.217 99.127 99.792 100.483 100.59 100.689 100.782 100.871 100.934 101.016 101.112 101.173 101.229 101.288 101.359 101.427 101.494 101.569 101.641 101.711 101.779 101.847 101.917 101.987 102.06 102.134 102.218 102.314 102.415 102.528 102.644 102.766 102.883 102.966 103.038 103.111 103.186 103.264 103.348
-9999 -9999 -9999 -9999 -9999 -9999 -9999 -9999 -9999 -9999 -9999 -9999 -9999 -9999 -9999 -9999 98.731 98.735 98.864 98.997 98.542 -9999 -9999 -9999 -9999 -9999 -9999 -9999 -9999 -9999 -9999 -9999 98.976 -9999 -9999 99.588 99.574 99.563 99.95 99.981 -9999 100.674 100.766 100.855 100.941 101.025 101.102 101.169 101.226 101.283 101.257 101.377 101.512 101.533 101.607 101.678 101.747 101.816 101.886 101.958 102.031 102.119 102.217 102.322 102.433 102.547 102.665 102.788 102.918 103.02 103.095 103.17 103.248 103.329 103.417
-9999 -9999 -9999 -9999 -9999 -9999 -9999 -9999 -9999 -9999 -9999 -9999 -9999 -9999 -9999 -9999 98.768 98.83 98.936 99.003 98.756 98.815 97.806 -9999 -9999 -9999 98.133 97.945 -9999 99.182 99.855 99.624 98.909 99.149 -9999 -9999 100.083 100.161 -9999 -9999 100.567 100.658 100.75 100.838 100.925 101.009 101.09 101.161 101.223 101.28 100.567 100.786 101.478 101.508 101.575 101.646 101.717 101.788 101.859 101.934 102.025 102.123 102.23 102.34 102.453 102.569 102.688 102.814 102.945 103.069 103.155 103.232 103.312 103.397 103.489
-9999 -9999 -9999 -9999 -9999 -9999 -9999 -9999 -9999 -9999 -9999 -9999 -9999 -9999 -9999 -9999 -9999 98.876 98.945 99.009 99.068 99.124 -9999 -9999 98.604 99.3 99.184 99.075 99.323 99.899 99.789 99.66 99.837 99.984 100.08 -9999 100.249 100.327 100.4 100.468 100.543 100.632 100.723 100.811 100.899 100.987 101.074 101.15 101.214 101.277 100.842 100.634 101.28 101.506 101.563 101.624 101.689 101.76 101.838 101.93 102.03 102.139 102.249 102.36 102.474 102.592 102.714 102.841 102.975 103.114 103.218 103.297 103.38 103.468 103.565
-9999 -9999 -9999 -9999 -9999 -9999 -9999 -9999 -9999 -9999 -9999 -9999 -9999 -9999 -9999 -9999 -9999 98.52 98.731 98.704 98.492 97.799 96.506 94.504 95.935 97.901 97.569 96.838 97.093 97.392 97.852 99.305 99.411 99.476 99.699 100.141 100.168 100.106 100.219 100.415 100.489 100.577 100.666 100.755 100.844 100.934 101.023 101.102 101.159 101.183 101.225 101.343 101.296 101.507 101.566 101.624 101.683 101.752 101.837 101.937 102.047 102.157 102.268 102.381 102.497 102.617 102.741 102.871 103.008 103.154 103.278 103.364 103.45 103.544 103.651
-9999 -9999 -9999 -9999 -9999 -9999 -9999 -9999 -9999 -9999 -9999 -9999 -9999 -9999 -9999 -9999 -9999 -9999 98.527 98.652 98.291 98.288 97.175 97.011 98.159 98.442 98.145 98.426 98.515 98.314 99.216 99.57 99.557 99.416 99.775 100.085 100.092 100.167 100.298 100.353 100.426 100.513 100.602 100.69 100.779 100.869 100.958 101.04 101.084 101.14 101.243 101.357 101.43 101.504 101.569 101.629 101.695 101.777 101.871 101.972 102.077 102.183 102.292 102.404 102.522 102.643 102.769 102.902 103.042 103.191 103.333 103.434 103.525 103.625 103.761
-9999 -9999 -9999 -9999 -9999 -9999 -9999 -9999 -9999 -9999 -9999 -9999 -9999 -9999 -9999 -9999 -9999 -9999 -9999 -9999 97.971 97.036 96.643 95.773 96.463 97.962 98.179 98.392 98.298 98.352 98.576 98.689 98.789 99.254 99.587 100.023 100.043 99.948 100.065 100.293 100.366 100.451 100.539 100.627 100.715 100.806 100.894 100.976 101.042 101.124 101.22 101.303 101.381 101.462 101.545 101.628 101.719 101.815 101.918 102.021 102.124 102.23 102.337 102.447 102.563 102.684 102.81 102.944 103.086 103.238 103.395 103.515 103.613 103.724 103.883
-9999 -9999 -9999 -9999 -9999 -9999 -9999 -9999 -9999 -9999 -9999 -9999 -9999 -9999 -9999 -9999 -9999 -9999 -9999 98.467 97.843 97.464 97.065 97.222 97.871 97.45 97.561 97.559 97.749 98.253 98.483 98.976 99.264 99.338 99.681 99.961 99.908 99.861 100.057 100.236 100.306 100.39 100.477 100.564 100.653 100.743 100.831 100.912 100.992 101.075 101.161 101.248 101.33 101.411 101.494 101.599 101.72 101.846 101.958 102.062 102.166 102.272 102.38 102.492 102.608 102.73 102.859 102.997 103.142 103.298 103.466 103.604 103.708 103.842 104.02
-9999 -9999 -9999 -9999 -9999 -9999 -9999 -9999 -9999 -9999 -9999 -9999 -9999 -9999 -9999 -9999 -9999 -9999 97.641 98.519 98.328 98.335 98.665 99.338 98.727 97.623 97.315 96.449 96.561 96.172 97.128 99.111 98.654 97.213 97.988 99.722 99.782 99.986 100.117 100.18 100.248 100.329 100.416 100.503 100.591 100.681 100.769 100.849 100.93 101.013 101.099 101.188 101.274 101.357 101.454 101.568 101.699 101.834 101.972 102.095 102.205 102.311 102.419 102.53 102.646 102.769 102.899 103.038 103.189 103.352 103.532 103.693 103.809 103.965 104.167
-9999 -9999 -9999 -9999 -9999 -9999 -9999 -9999 -9999 -9999 -9999 -9999 -9999 -9999 -9999 -9999 -9999 94.897 98.565 98.564 98.383 97.847 98.062 97.651 97.136 97.31 96.984 97.353 96.87 96.133 97.474 98.339 97.692 97.975 99.072 99.541 99.746 99.989 100.058 100.124 100.191 100.269 100.355 100.442 100.53 100.62 100.706 100.786 100.867 100.951 101.037 101.126 101.217 101.309 101.417 101.544 101.678 101.814 101.953 102.096 102.234 102.35 102.458 102.569 102.684 102.807 102.937 103.077 103.229 103.396 103.582 103.762 103.916 104.095 104.318
-9999 -9999 -9999 -9999 -9999 -9999 -9999 -9999 -9999 -9999 -9999 -9999 -9999 -9999 -9999 97.796 95.166 98.849 98.862 98.91 98.652 98.704 98.276 97.67 97.775 97.809 98.1 98.364 97.717 97.028 96.971 95.574 96.312 97.928 98.583 99.696 99.818 99.772 99.826 99.848 99.973 100.209 100.226 100.121 100.277 100.558 100.643 100.723 100.805 100.889 100.975 101.064 101.156 101.266 101.388 101.52 101.655 101.793 101.934 102.078 102.225 102.374 102.495 102.607 102.723 102.846 102.977 103.119 103.273 103.443 103.633 103.823 104.003 104.209 104.455
-9999 -9999 -9999 -9999 -9999 -9999 -9999 -9999 -9999 -9999 -9999 -9999 -9999 -9999 98.845 98.066 98.091 97.307 -9999 -9999 -9999 -9999 98.383 97.735 97.825 98.021 98.247 98.482 98.135 98.207 97.448 97.452 98.445 98.8 99.488 99.73 99.683 99.589 99.672 99.847 100.018 100.148 100.05 99.904 100.176 100.497 100.58 100.661 100.743 100.827 100.913 101.002 101.105 101.226 101.361 101.495 101.631 101.771 101.914 102.06 102.208 102.357 102.512 102.642 102.762 102.886 103.019 103.163 103.321 103.495 103.689 103.889 104.091 104.315 104.567
-9999 -9999 -9999 -9999 -9999 -9999 -9999 -9999 -9999 -9999 -9999 -9999 -9999 -9999 98.834 98.896 97.539 -9999 -9999 -9999 -9999 -9999 97.79 97.472 97.846 98.598 98.656 98.463 98.004 96.622 96.922 97.827 98.517 99.913 99.97 99.731 99.64 99.493 99.67 99.884 99.985 100.08 100.049 100.136 100.349 100.437 100.518 100.599 100.681 100.765 100.852 100.941 101.054 101.19 101.331 101.466 101.604 101.746 101.891 102.041 102.192 102.339 102.491 102.655 102.797 102.927 103.063 103.21 103.372 103.551 103.751 103.968 104.186 104.423 104.662
-9999 -9999 -9999 -9999 -9999 -9999 -9999 -9999 -9999 -9999 -9999 -9999 -9999 -9999 -9999 -9999 98.334 -9999 -9999 -9999 -9999 -9999 98.2 97.218 97.763 98.167 98.124 98.287 97.5 97.355 97.856 97.985 98.911 99.417 99.22 99.001 98.93 98.922 99.25 99.833 99.915 100.016 100.112 100.201 100.291 100.376 100.456 100.537 100.619 100.703 100.79 100.888 101.008 101.152 101.296 101.435 101.574 101.716 101.863 102.013 102.164 102.314 102.466 102.631 102.812 102.96 103.095 103.239 103.397 103.574 103.772 103.998 104.228 104.46 104.681
-9999 -9999 -9999 -9999 -9999 -9999 -9999 -9999 -9999 -9999 -9999 -9999 -9999 -9999 -9999 -9999 -9999 -9999 -9999 -9999 -9999 -9999 98.199 97.906 97.671 96.404 96.765 97.53 97.602 98.02 98.262 98.817 99.243 99.667 99.504 99.357 99.367 99.379 99.726 99.81 99.886 99.965 100.048 100.141 100.231 100.314 100.394 100.475 100.557 100.641 100.727 100.835 100.967 101.112 101.259 101.4 101.54 101.683 101.829 101.978 102.129 102.279 102.43 102.589 102.763 102.953 103.104 103.246 103.403 103.578 103.774 104.003 104.23 104.443 104.645
-9999 -9999 -9999 -9999 -9999 -9999 -9999 -9999 -9999 -9999 -9999 -9999 -9999 -9999 -9999 -9999 -9999 -9999 -9999 -9999 -9999 -9999 -9999 97.95 97.387 97.689 98.051 97.919 97.753 96.657 97.297 98.338 98.626 98.786 98.884 99.368 99.437 99.6 99.681 99.763 99.831 99.902 99.983 100.075 100.163 100.244 100.328 100.412 100.494 100.577 100.665 100.783 100.923 101.068 101.217 101.362 101.503 101.645 101.791 101.936 102.081 102.228 102.379 102.537 102.707 102.894 103.09 103.248 103.405 103.58 103.775 103.996 104.219 104.411 104.596
-9999 -9999 -9999 -9999 -9999 -9999 -9999 -9999 -9999 -9999 -9999 -9999 -9999 -9999 -9999 -9999 -9999 -9999 -9999 -9999 -9999 -9999 95.753 96.161 96.962 98.755 98.742 98.898 98.265 98.115 98.681 98.779 98.845 98.785 98.939 98.63 98.941 99.562 99.619 99.645 99.504 98.976 99.278 99.999 100.085 100.171 100.254 100.339 100.425 100.512 100.61 100.733 100.877 101.023 101.172 101.32 101.462 101.603 101.743 101.885 102.027 102.172 102.322 102.481 102.651 102.837 103.043 103.241 103.409 103.58 103.767 103.982 104.193 104.373 104.546
-9999 -9999 -9999 -9999 -9999 -9999 -9999 -9999 -9999 -9999 -9999 -9999 -9999 -9999 -9999 -9999 -9999 -9999 -9999 -9999 -9999 -9999 96.535 95.832 97.054 97.806 98.02 98.384 98.22 97.978 98.168 98.61 98.677 98.956 98.85 98.993 99.377 99.516 99.554 99.611 99.133 98.552 99.192 99.925 100.011 100.094 100.176 100.261 100.348 100.436 100.549 100.683 100.827 100.974 101.124 101.273 101.414 101.553 101.691 101.83 101.971 102.116 102.267 102.426 102.597 102.783 102.987 103.214 103.405 103.574 103.757 103.964 104.161 104.329 104.497
-9999 -9999 -9999 -9999 -9999 -9999 -9999 -9999 -9999 -9999 -9999 -9999 -9999 -9999 -9999 -9999 -9999 -9999 -9999 -9999 -9999 -9999 98.201 97.765 98.215 98.35 98.56 98.601 98.503 98.587 98.857 99.0 99.14 99.123 99.231 99.306 99.406 99.467 99.393 99.081 98.931 99.371 99.767 99.792 99.887 100.015 100.097 100.18 100.266 100.355 100.477 100.627 100.775 100.923 101.072 101.221 101.362 101.498 101.636 101.774 101.916 102.061 102.213 102.373 102.544 102.729 102.929 103.15 103.38 103.564 103.745 103.936 104.121 104.281 104.448
-9999 -9999 -9999 -9999 -9999 -9999 -9999 -9999 -9999 -9999 -9999 -9999 -9999 -9999 -9999 -9999 -9999 -9999 -9999 -9999 -9999 -9999 -9999 97.786 98.062 98.629 98.731 98.951 98.991 98.976 98.973 98.791 98.768 98.744 98.918 99.299 99.357 99.42 99.247 99.209 99.503 99.664 99.691 99.732 99.833 99.934 100.015 100.097 100.182 100.274 100.401 100.554 100.713 100.866 101.016 101.165 101.307 101.443 101.58 101.719 101.861 102.007 102.16 102.319 102.489 102.671 102.869 103.087 103.329 103.548 103.73 103.905 104.073 104.233 104.399
-9999 -9999 -9999 -9999 -9999 -9999 -9999 -9999 -9999 -9999 -9999 -9999 -9999 -9999 -9999 -9999 -9999 -9999 -9999 -9999 -9999 -9999 -9999 97.858 98.216 98.382 98.398 98.111 98.317 98.919 98.25 96.664 96.885 97.568 98.155 99.249 99.291 99.297 99.324 99.439 99.551 99.609 99.634 99.635 99.721 99.822 99.909 100.014 100.096 100.192 100.325 100.478 100.636 100.798 100.956 101.107 101.251 101.387 101.525 101.664 101.806 101.952 102.104 102.263 102.432 102.613 102.809 103.025 103.265 103.516 103.704 103.864 104.021 104.182 104.349
-9999 -9999 -9999 -9999 -9999 -9999 -9999 -9999 -9999 -9999 -9999 -9999 -9999 -9999 -9999 -9999 -9999 -9999 -9999 -9999 -9999 -9999 97.877 97.731 97.952 98.335 98.021 97.561 98.128 98.821 98.055 98.293 98.589 98.429 99.06 99.207 99.226 99.262 99.359 99.441 99.498 99.552 99.572 99.611 99.684 99.746 99.839 99.935 100.016 100.114 100.251 100.404 100.561 100.722 100.887 101.047 101.194 101.331 101.468 101.608 101.75 101.896 102.048 102.207 102.375 102.556 102.752 102.967 103.204 103.459 103.662 103.812 103.966 104.128 104.296
-9999 -9999 -9999 -9999 -9999 -9999 -9999 -9999 -9999 -9999 -9999 -9999 -9999 -9999 -9999 -9999 -9999 -9999 -9999 -9999 -9999 -9999 98.029 97.416 97.913 98.745 98.326 97.838 98.377 98.858 99.0 99.055 98.921 98.819 98.888 98.867 98.985 99.262 99.32 99.356 99.44 99.488 99.535 99.594 99.646 99.698 99.773 99.857 99.936 100.038 100.179 100.334 100.49 100.649 100.811 100.979 101.135 101.274 101.412 101.552 101.563 101.755 101.984 102.151 102.32 102.5 102.696 102.909 103.137 103.384 103.602 103.753 103.906 104.069 104.239
-9999 -9999 -9999 -9999 -9999 -9999 -9999 -9999 -9999 -9999 -9999 -9999 -9999 -9999 -9999 -9999 -9999 -9999 -9999 -9999 -9999 -9999 97.71 97.841 98.42 98.807 98.405 98.011 98.438 98.921 98.929 98.87 98.75 98.605 98.692 98.965 99.144 99.229 99.227 99.198 99.106 98.756 98.948 99.393 99.346 99.252 99.701 99.777 99.856 99.962 100.11 100.264 100.419 100.577 100.738 100.903 101.067 101.216 101.356 101.496 101.431 101.359 101.801 102.096 102.265 102.446 102.64 102.845 103.067 103.307 103.531 103.69 103.84 104.005 104.176
-9999 -9999 -9999 -9999 -9999 -9999 -9999 -9999 -9999 -9999 -9999 -9999 -9999 -9999 -9999 -9999 -9999 -9999 -9999 -9999 -9999 98.46 98.267 98.168 98.344 98.257 98.059 98.097 98.462 98.778 98.792 98.918 98.743 98.51 98.769 99.077 99.139 99.177 99.168 99.211 98.956 98.747 98.934 98.781 98.674 98.899 99.134 99.701 99.775 99.889 100.039 100.193 100.347 100.504 100.664 100.828 100.991 101.151 101.298 101.439 101.582 101.604 101.739 102.041 102.151 102.297 102.526 102.705 102.771 102.894 103.258 103.44 103.69 103.933 103.959
-9999 -9999 -9999 -9999 -9999 -9999 -9999 -9999 -9999 -9999 -9999 -9999 -9999 -9999 -9999 -9999 -9999 -9999 -9999 -9999 98.658 98.585 98.495 98.348 98.302 98.301 98.146 97.652 98.062 98.754 98.834 98.873 98.594 98.198 98.543 99.062 99.096 99.123 99.162 99.205 98.99 98.695 98.547 98.346 98.471 98.779 99.222 99.63 99.703 99.814 99.964 100.118 100.274 100.431 100.59 100.753 100.915 101.074 101.235 101.382 101.526 101.673 101.826 101.987 101.958 102.08 102.386 102.613 102.647 102.711 103.042 103.399 103.567 103.849 103.866
-9999 -9999 -9999 -9999 -9999 -9999 -9999 -9999 -9999 -9999 -9999 -9999 -9999 -9999 -9999 -9999 -9999 -9999 98.68 98.689 98.718 98.386 97.712 96.03 96.287 97.011 96.725 96.623 97.273 98.369 98.518 98.891 98.453 97.845 98.16 98.297 98.504 99.04 99.075 99.103 98.979 99.073 98.983 99.032 99.219 99.271 99.431 99.264 99.328 99.414 99.633 100.012 100.187 100.354 100.514 100.676 100.835 100.993 101.154 101.313 101.46 101.608 101.762 101.92 102.087 102.143 102.379 102.619 102.805 102.921 103.052 103.289 103.451 103.409 103.417
