Validation/Results/raw data/ReClimate_04_2024_2_Precipitation-Actualsweatherlogisticsltd.asc
NCOLS 192
NROWS 249
XLLCENTER -225160.85627316462
YLLCENTER 29788.11610251502
CELLSIZE 5000.0
NODATA_VALUE -9999
[rows 99 to 131 of 249, columns 74 to 147 of 192]
126.506 123.541 126.672 124.001 129.59 136.678 144.523 157.169 -9999 -9999 121.194 174.376 183.274 199.378 181.814 193.385 191.633 157.195 149.482 138.341 139.992 137.776 125.603 109.49 103.907 107.819 98.559 103.475 106.595 104.518 100.075 102.896 107.089 106.414 99.28 96.299 92.445 86.505 89.463 95.14 94.695 90.702 90.49 89.411 84.743 -9999 -9999 -9999 -9999 -9999 -9999 -9999 -9999 -9999 -9999 -9999 -9999 -9999 -9999 -9999 -9999 -9999 -9999 -9999 -9999 -9999 -9999 -9999 -9999 -9999 -9999 -9999 -9999 -9999
112.64 132.986 118.991 -9999 -9999 119.145 137.778 -9999 -9999 -9999 119.687 154.747 209.69 200.691 221.454 192.6 162.11 157.824 168.708 162.572 144.477 138.47 117.283 114.508 123.519 111.899 93.903 117.059 125.306 113.151 99.167 103.283 98.162 99.851 89.647 91.709 88.745 92.763 105.972 104.939 100.464 97.716 95.978 86.362 81.623 -9999 -9999 -9999 -9999 -9999 -9999 -9999 -9999 -9999 -9999 -9999 -9999 -9999 -9999 -9999 -9999 -9999 -9999 -9999 -9999 -9999 -9999 -9999 -9999 -9999 -9999 -9999 -9999 -9999
112.467 -9999 119.666 121.506 132.007 -9999 -9999 -9999 -9999 128.743 130.101 173.076 181.382 187.401 199.241 181.516 174.703 186.849 203.684 172.095 173.558 130.754 128.134 136.008 111.307 89.471 122.849 147.914 139.158 107.177 102.707 100.571 100.967 91.399 89.488 89.519 94.673 110.208 99.447 97.601 95.748 97.141 90.507 80.852 -9999 -9999 -9999 -9999 -9999 -9999 -9999 -9999 -9999 -9999 -9999 -9999 -9999 -9999 -9999 -9999 -9999 -9999 -9999 -9999 -9999 -9999 -9999 -9999 -9999 -9999 -9999 -9999 -9999 -9999
118.237 150.997 173.372 185.153 191.303 149.274 129.088 -9999 -9999 126.441 -9999 -9999 140.245 204.107 195.873 163.817 181.21 219.496 193.144 200.397 183.877 155.971 138.959 119.407 117.865 130.884 151.346 143.404 125.865 130.526 122.759 103.001 92.894 89.072 90.754 96.294 109.699 93.826 87.712 93.38 91.969 89.457 82.176 -9999 -9999 -9999 -9999 -9999 -9999 -9999 -9999 -9999 -9999 -9999 -9999 -9999 -9999 -9999 -9999 -9999 -9999 -9999 -9999 -9999 -9999 -9999 -9999 -9999 -9999 -9999 -9999 -9999 -9999 -9999
137.887 148.268 168.099 198.326 172.212 -9999 -9999 -9999 128.842 138.955 136.914 143.126 160.461 173.721 147.281 148.655 187.829 195.572 179.838 159.294 151.181 141.845 135.553 136.157 116.136 130.102 126.633 129.116 134.103 116.313 110.672 99.723 92.797 91.841 91.32 97.836 89.945 80.171 -9999 -9999 88.432 -9999 -9999 -9999 -9999 -9999 -9999 -9999 -9999 -9999 -9999 -9999 -9999 -9999 -9999 -9999 -9999 -9999 -9999 -9999 -9999 -9999 -9999 -9999 -9999 -9999 -9999 -9999 -9999 -9999 -9999 -9999 -9999 -9999
130.591 142.247 169.554 -9999 160.653 -9999 -9999 -9999 135.697 147.981 150.025 147.263 143.93 149.815 161.264 186.335 200.542 188.192 169.163 167.932 164.832 132.323 130.13 114.937 122.671 125.526 113.537 104.774 94.632 101.735 103.29 98.034 92.903 88.829 86.241 87.174 80.347 -9999 89.749 87.441 87.381 86.038 -9999 -9999 -9999 -9999 -9999 -9999 -9999 -9999 -9999 -9999 -9999 -9999 -9999 -9999 -9999 -9999 -9999 -9999 -9999 -9999 -9999 -9999 -9999 -9999 -9999 -9999 -9999 -9999 -9999 -9999 -9999 -9999
-9999 126.617 -9999 -9999 -9999 -9999 133.154 138.467 153.788 152.76 154.798 150.844 158.269 179.853 185.608 193.266 188.809 196.318 174.47 187.891 158.259 160.987 134.995 148.588 161.613 128.389 110.527 107.362 103.726 95.391 92.178 87.918 86.248 86.639 85.795 -9999 87.117 89.636 86.195 85.423 82.475 88.381 -9999 -9999 -9999 -9999 -9999 -9999 -9999 -9999 -9999 -9999 -9999 -9999 -9999 -9999 -9999 -9999 -9999 -9999 -9999 -9999 -9999 -9999 -9999 -9999 -9999 -9999 -9999 -9999 -9999 -9999 -9999 -9999
-9999 -9999 -9999 -9999 -9999 -9999 136.537 124.88 134.553 150.234 150.591 139.617 167.336 158.774 158.145 172.046 212.929 196.61 178.876 179.251 176.832 145.214 140.939 163.131 140.95 145.064 144.368 120.902 110.934 100.712 97.167 99.612 104.991 100.302 102.113 98.901 89.011 87.676 95.386 97.239 92.433 91.693 86.872 -9999 -9999 -9999 -9999 -9999 -9999 -9999 -9999 -9999 -9999 -9999 -9999 -9999 -9999 -9999 -9999 -9999 -9999 -9999 -9999 -9999 -9999 -9999 -9999 -9999 -9999 -9999 -9999 -9999 -9999 -9999
-9999 -9999 -9999 -9999 -9999 131.522 -9999 -9999 136.704 151.673 140.392 155.549 155.251 -9999 -9999 191.157 221.285 218.566 171.371 160.646 155.059 141.47 143.93 140.115 134.939 130.812 116.288 112.041 105.891 107.466 127.742 135.307 120.887 113.412 105.383 99.82 99.125 92.821 99.368 95.104 100.338 97.076 88.759 80.953 -9999 -9999 -9999 -9999 -9999 -9999 -9999 -9999 -9999 -9999 -9999 -9999 -9999 -9999 -9999 -9999 -9999 -9999 -9999 -9999 -9999 -9999 -9999 -9999 -9999 -9999 -9999 -9999 -9999 -9999
-9999 -9999 -9999 -9999 -9999 125.375 -9999 125.095 136.84 140.201 153.998 156.274 143.547 138.676 171.994 199.657 198.768 158.546 160.411 177.975 143.997 138.938 136.658 129.031 113.73 106.941 100.139 101.723 122.102 145.273 150.888 133.447 119.32 106.281 100.211 102.956 98.92 96.711 91.787 86.709 84.909 87.912 83.253 -9999 -9999 -9999 -9999 -9999 -9999 -9999 -9999 -9999 -9999 -9999 -9999 -9999 -9999 -9999 -9999 -9999 -9999 -9999 -9999 -9999 -9999 -9999 -9999 -9999 -9999 -9999 -9999 -9999 -9999 -9999
-9999 -9999 -9999 -9999 -9999 119.227 -9999 122.492 123.654 136.109 142.275 137.426 -9999 160.607 166.653 -9999 166.548 156.634 164.378 145.615 162.207 136.216 115.387 103.86 91.962 86.202 90.629 97.23 112.387 110.27 107.391 102.468 99.731 101.597 100.394 100.088 92.875 90.278 86.212 -9999 -9999 -9999 -9999 -9999 -9999 -9999 -9999 -9999 -9999 -9999 -9999 -9999 -9999 -9999 -9999 -9999 -9999 -9999 -9999 -9999 -9999 -9999 -9999 -9999 -9999 -9999 -9999 -9999 -9999 -9999 -9999 -9999 -9999 -9999
-9999 -9999 -9999 114.783 116.706 -9999 -9999 115.351 119.856 134.442 131.397 131.343 166.195 158.211 176.882 -9999 136.708 153.889 146.633 140.732 138.815 130.114 109.731 103.42 95.961 105.39 103.93 89.879 84.527 86.432 93.246 93.32 96.805 102.738 100.388 98.678 93.006 87.432 -9999 -9999 -9999 -9999 -9999 -9999 -9999 -9999 -9999 -9999 -9999 -9999 -9999 -9999 -9999 -9999 -9999 -9999 -9999 -9999 -9999 -9999 -9999 -9999 -9999 -9999 -9999 -9999 -9999 -9999 -9999 -9999 -9999 -9999 -9999 -9999
-9999 -9999 102.486 107.027 109.049 -9999 112.467 127.586 133.083 128.39 -9999 158.58 155.268 170.389 175.109 -9999 138.886 152.925 135.158 112.043 113.315 103.256 107.159 115.098 116.017 122.913 108.099 96.24 87.597 -9999 80.824 84.908 90.245 93.134 95.186 98.41 91.956 -9999 -9999 -9999 -9999 -9999 -9999 -9999 -9999 -9999 -9999 -9999 -9999 -9999 -9999 -9999 -9999 -9999 -9999 -9999 -9999 -9999 -9999 -9999 -9999 -9999 -9999 -9999 -9999 -9999 -9999 -9999 -9999 -9999 -9999 -9999 -9999 -9999
-9999 -9999 94.732 93.765 -9999 -9999 118.795 133.48 126.071 -9999 138.048 152.984 156.749 165.579 157.933 -9999 123.679 118.994 112.43 109.574 108.616 105.598 111.551 139.55 141.077 134.241 124.664 102.953 87.015 78.288 79.072 -9999 -9999 82.293 81.855 -9999 -9999 -9999 -9999 -9999 -9999 76.958 79.559 80.497 -9999 -9999 -9999 -9999 -9999 -9999 -9999 -9999 -9999 -9999 -9999 -9999 -9999 -9999 -9999 -9999 -9999 -9999 -9999 -9999 -9999 -9999 -9999 -9999 -9999 -9999 -9999 -9999 -9999 -9999
-9999 102.923 110.704 -9999 -9999 114.022 124.248 112.721 124.231 -9999 133.284 150.123 142.201 142.439 156.127 -9999 -9999 -9999 112.367 111.196 112.074 113.756 118.466 118.633 116.484 115.833 109.088 95.697 88.444 86.416 83.875 81.696 83.6 82.408 83.054 -9999 -9999 -9999 -9999 -9999 78.382 78.282 84.58 80.801 79.348 -9999 -9999 -9999 -9999 -9999 -9999 -9999 -9999 -9999 -9999 -9999 -9999 -9999 -9999 -9999 -9999 -9999 -9999 -9999 -9999 -9999 -9999 -9999 -9999 -9999 -9999 -9999 -9999 -9999
111.252 127.152 115.12 -9999 -9999 -9999 102.564 122.483 116.435 -9999 122.779 -9999 126.372 141.861 130.516 -9999 109.392 116.148 115.7 -9999 100.703 94.767 96.963 96.792 96.379 100.695 99.951 97.221 94.078 91.968 87.735 87.332 86.13 79.82 78.949 80.046 81.553 81.058 -9999 76.418 79.707 83.639 82.587 86.382 91.306 94.001 77.729 -9999 -9999 -9999 -9999 -9999 -9999 -9999 -9999 -9999 -9999 -9999 -9999 -9999 -9999 -9999 -9999 -9999 -9999 -9999 -9999 -9999 -9999 -9999 -9999 -9999 -9999 -9999
114.622 122.967 -9999 -9999 -9999 -9999 119.018 134.731 111.758 -9999 106.617 -9999 117.377 114.763 -9999 122.159 131.032 138.208 120.494 95.926 85.54 82.555 84.003 83.733 87.937 88.017 88.967 93.566 93.929 91.759 87.546 86.97 84.555 78.7 83.942 83.725 85.726 80.335 76.444 81.033 82.2 83.794 84.399 95.729 95.536 105.984 99.303 87.891 80.083 82.2 -9999 -9999 -9999 -9999 -9999 -9999 -9999 -9999 -9999 -9999 -9999 -9999 -9999 -9999 -9999 -9999 -9999 -9999 -9999 -9999 -9999 -9999 -9999 -9999
-9999 101.943 -9999 -9999 -9999 -9999 115.793 113.679 118.407 118.794 -9999 -9999 99.058 105.584 -9999 115.757 140.977 152.078 121.745 101.001 85.669 82.899 78.426 77.081 74.466 75.033 81.012 88.801 95.248 93.548 90.874 89.281 89.487 93.727 94.777 98.892 90.176 82.323 82.786 82.599 79.065 93.208 112.311 110.581 106.531 107.46 103.151 106.261 92.273 82.449 82.903 -9999 -9999 -9999 -9999 -9999 -9999 -9999 -9999 -9999 -9999 -9999 -9999 -9999 -9999 -9999 -9999 -9999 -9999 -9999 -9999 -9999 -9999 -9999
105.05 -9999 -9999 -9999 -9999 -9999 98.808 106.464 122.714 107.174 -9999 -9999 98.179 99.183 -9999 -9999 138.546 134.178 115.623 103.181 101.261 92.626 84.869 78.829 80.329 74.608 76.766 87.698 92.886 97.65 99.156 102.806 100.104 103.848 109.049 101.26 92.753 90.336 90.107 84.87 92.036 108.407 110.468 111.94 105.108 100.761 95.935 89.577 83.615 86.642 84.416 -9999 -9999 -9999 -9999 -9999 -9999 -9999 -9999 -9999 -9999 -9999 -9999 -9999 -9999 -9999 -9999 -9999 -9999 -9999 -9999 -9999 -9999 -9999
101.17 -9999 -9999 -9999 -9999 -9999 92.891 109.47 116.728 -9999 -9999 -9999 -9999 93.232 -9999 99.382 121.753 119.006 107.864 109.063 109.863 107.065 99.659 93.852 87.097 81.384 78.683 79.218 88.456 95.617 99.82 98.595 101.237 104.52 99.003 94.727 96.31 97.624 104.18 95.269 91.852 94.628 95.349 96.525 96.493 95.307 86.45 79.724 89.842 83.085 80.632 82.256 -9999 -9999 -9999 -9999 -9999 -9999 -9999 -9999 -9999 -9999 -9999 -9999 -9999 -9999 -9999 -9999 -9999 -9999 -9999 -9999 -9999 -9999
98.345 -9999 -9999 -9999 103.513 103.895 107.521 112.665 -9999 -9999 125.662 -9999 -9999 -9999 -9999 94.116 106.478 105.05 102.94 105.186 109.962 113.54 110.583 106.605 99.38 88.267 82.042 77.601 76.947 87.305 87.341 86.69 91.774 87.801 92.194 102.583 102.665 119.93 120.865 102.906 93.618 87.705 79.27 85.466 88.069 91.405 84.991 83.563 78.305 80.458 80.039 75.923 -9999 -9999 -9999 -9999 -9999 -9999 -9999 -9999 -9999 -9999 -9999 -9999 -9999 -9999 -9999 -9999 -9999 -9999 -9999 -9999 -9999 -9999
-9999 -9999 -9999 -9999 -9999 113.555 116.753 119.805 -9999 127.053 140.167 133.479 -9999 -9999 -9999 -9999 86.784 90.537 90.851 95.607 99.898 105.748 110.174 105.966 100.54 88.352 80.777 73.906 78.688 73.799 79.117 87.568 89.501 90.275 98.957 91.306 103.557 106.535 106.929 106.702 98.832 83.656 81.164 78.838 80.643 82.898 82.223 75.957 77.06 80.118 83.771 77.754 77.171 -9999 -9999 -9999 -9999 -9999 -9999 -9999 -9999 -9999 -9999 -9999 -9999 -9999 -9999 -9999 -9999 -9999 -9999 -9999 -9999 -9999
-9999 -9999 -9999 -9999 -9999 120.83 128.745 130.043 -9999 116.177 141.044 138.67 -9999 -9999 -9999 -9999 -9999 82.172 83.99 82.782 82.842 94.753 94.958 100.442 100.156 101.618 94.296 86.215 74.359 75.305 80.506 82.853 79.125 85.626 87.741 86.586 90.973 97.026 96.155 85.859 83.85 79.746 79.781 73.738 78.463 80.507 75.678 75.8 74.615 77.657 80.082 86.716 78.906 77.472 -9999 -9999 -9999 -9999 -9999 -9999 -9999 -9999 -9999 -9999 -9999 -9999 -9999 -9999 -9999 -9999 -9999 -9999 -9999 -9999
-9999 -9999 -9999 -9999 -9999 128.263 144.562 -9999 -9999 105.522 128.981 141.679 114.822 -9999 -9999 -9999 -9999 -9999 77.558 81.47 91.636 93.176 101.11 107.403 108.992 110.14 105.618 93.912 81.199 82.293 80.174 80.002 86.159 93.944 89.942 109.713 96.545 100.124 87.998 97.958 87.612 77.379 79.182 77.064 75.334 76.287 80.089 81.919 84.703 78.734 83.022 80.756 89.832 81.626 78.322 70.519 -9999 -9999 -9999 -9999 -9999 -9999 -9999 -9999 -9999 -9999 -9999 -9999 -9999 -9999 -9999 -9999 -9999 -9999
-9999 -9999 -9999 -9999 -9999 143.061 124.547 -9999 -9999 115.055 133.727 130.051 -9999 -9999 -9999 -9999 -9999 -9999 75.137 81.278 86.625 88.469 96.308 100.404 100.781 105.681 107.448 99.131 89.834 85.229 88.008 99.966 113.786 101.277 113.737 120.481 111.709 90.33 97.237 94.904 76.366 83.151 80.923 76.651 79.318 82.033 79.79 84.489 88.544 101.626 96.859 86.55 88.223 89.586 82.081 75.422 -9999 -9999 -9999 -9999 -9999 -9999 -9999 -9999 -9999 -9999 -9999 -9999 -9999 -9999 -9999 -9999 -9999 -9999
-9999 -9999 -9999 -9999 -9999 136.385 103.677 -9999 -9999 -9999 112.896 113.545 106.27 -9999 -9999 -9999 -9999 -9999 72.229 78.359 80.566 82.815 87.239 91.805 103.349 116.294 117.547 102.777 94.744 87.115 88.391 96.712 102.38 103.551 127.137 116.678 100.406 101.388 100.002 88.854 91.016 83.335 85.967 87.7 81.543 84.086 89.1 90.491 100.449 117.355 109.246 96.756 85.282 83.081 83.488 78.228 -9999 -9999 -9999 -9999 -9999 -9999 -9999 -9999 -9999 -9999 -9999 -9999 -9999 -9999 -9999 -9999 -9999 -9999
-9999 -9999 -9999 -9999 147.707 131.793 112.264 -9999 -9999 -9999 -9999 -9999 -9999 -9999 -9999 -9999 -9999 -9999 79.885 82.664 82.684 83.402 84.837 89.723 101.843 110.019 112.334 105.426 100.537 104.818 99.762 107.258 111.978 127.182 130.682 123.97 113.963 110.441 103.006 99.548 89.69 89.068 84.207 80.817 88.475 85.067 92.142 97.795 114.977 114.785 113.041 90.937 80.91 79.077 78.675 79.658 68.347 -9999 -9999 -9999 -9999 -9999 -9999 -9999 -9999 -9999 -9999 -9999 -9999 -9999 -9999 -9999 -9999 -9999
-9999 -9999 -9999 150.865 149.651 142.44 124.152 -9999 -9999 -9999 -9999 -9999 -9999 -9999 -9999 -9999 82.072 82.202 83.448 88.04 93.849 94.412 91.295 89.79 93.087 98.026 92.311 104.128 119.396 117.601 117.13 114.444 113.368 120.095 136.516 119.863 119.146 108.835 102.418 94.006 87.423 82.905 90.778 95.61 82.897 84.136 92.735 105.198 102.238 107.681 104.821 86.657 76.52 75.391 81.479 79.869 72.044 -9999 -9999 -9999 -9999 -9999 -9999 -9999 -9999 -9999 -9999 -9999 -9999 -9999 -9999 -9999 -9999 -9999
-9999 -9999 -9999 152.047 143.054 123.88 -9999 -9999 -9999 -9999 -9999 -9999 -9999 -9999 -9999 -9999 83.336 82.673 85.092 92.027 91.098 95.474 109.448 117.543 114.508 106.89 103.457 102.489 108.532 119.164 122.585 113.075 105.828 114.185 123.93 135.334 121.543 116.803 106.019 99.371 88.739 93.135 96.686 88.035 85.966 96.094 106.768 105.987 97.225 95.354 91.803 84.652 86.418 88.86 82.822 79.693 75.239 -9999 -9999 -9999 -9999 -9999 -9999 -9999 -9999 -9999 -9999 -9999 -9999 -9999 -9999 -9999 -9999 -9999
-9999 -9999 -9999 -9999 -9999 -9999 -9999 -9999 -9999 -9999 -9999 -9999 -9999 -9999 -9999 -9999 86.046 86.997 97.233 93.948 102.602 108.09 126.772 133.116 143.86 121.843 104.482 101.553 110.605 122.194 141.118 126.978 101.869 103.021 122.894 133.489 128.92 120.079 118.768 104.894 108.37 111.986 104.567 105.486 108.994 112.105 97.603 93.974 90.667 92.807 93.823 80.577 77.744 81.95 80.297 72.379 72.976 -9999 -9999 -9999 -9999 -9999 -9999 -9999 -9999 -9999 -9999 -9999 -9999 -9999 -9999 -9999 -9999 -9999
-9999 -9999 -9999 -9999 -9999 -9999 -9999 -9999 -9999 -9999 -9999 -9999 -9999 -9999 -9999 93.659 99.922 108.387 101.598 104.061 107.852 110.504 117.698 141.494 133.66 120.769 107.667 105.619 97.827 107.673 118.073 116.204 103.133 99.027 113.611 126.165 125.924 123.504 121.812 123.601 113.156 115.648 110.443 109.179 122.619 104.527 104.277 94.187 84.633 92.706 92.532 90.899 79.688 73.783 72.487 72.165 68.118 -9999 -9999 -9999 -9999 -9999 -9999 -9999 -9999 -9999 -9999 -9999 -9999 -9999 -9999 -9999 -9999 -9999
-9999 -9999 -9999 -9999 -9999 -9999 -9999 -9999 -9999 -9999 -9999 -9999 -9999 -9999 -9999 105.387 113.025 121.465 130.502 127.974 113.002 112.144 128.861 116.418 119.257 113.77 108.466 98.642 85.945 91.766 108.255 111.054 104.014 95.171 108.788 118.688 117.404 120.284 130.61 110.538 123.339 116.661 108.711 124.882 105.446 106.572 100.947 89.009 90.79 87.935 86.344 94.305 86.9 80.924 78.513 75.236 70.626 -9999 -9999 -9999 -9999 -9999 -9999 -9999 -9999 -9999 -9999 -9999 -9999 -9999 -9999 -9999 -9999 -9999
-9999 -9999 -9999 -9999 -9999 -9999 -9999 -9999 -9999 -9999 -9999 -9999 -9999 -9999 106.28 115.835 119.965 140.852 143.565 142.949 145.701 139.395 126.447 111.556 107.289 106.628 103.776 98.437 91.126 93.479 103.367 100.903 90.621 92.824 102.304 117.052 117.779 130.232 114.65 115.925 125.155 113.645 122.202 117.554 101.271 98.997 99.283 97.691 95.081 90.233 93.262 88.95 84.204 82.857 83.7 78.778 73.424 69.963 -9999 -9999 -9999 -9999 -9999 -9999 -9999 -9999 -9999 -9999 -9999 -9999 -9999 -9999 -9999 -9999
