Validation/Results/raw data/ReClimate_02_2024_1_Temperature.asc
NCOLS 192
NROWS 249
XLLCENTER -225160.85627316462
YLLCENTER 29788.11610251502
CELLSIZE 5000.0
NODATA_VALUE -9999
[rows 102 to 135 of 249, columns 75 to 149 of 192]
-0.451 -0.444 -0.426 -0.404 -0.401 -0.402 -9999 -9999 -0.402 -9999 -9999 -0.383 -0.378 -0.372 -0.365 -0.358 -0.361 -0.365 -0.345 -0.321 -0.333 -0.349 -0.335 -0.319 -0.327 -0.336 -0.329 -0.321 -0.323 -0.326 -0.316 -0.304 -0.308 -0.313 -0.313 -0.313 -0.312 -0.309 -0.317 -0.326 -0.315 -0.301 -9999 -9999 -9999 -9999 -9999 -9999 -9999 -9999 -9999 -9999 -9999 -9999 -9999 -9999 -9999 -9999 -9999 -9999 -9999 -9999 -9999 -9999 -9999 -9999 -9999 -9999 -9999 -9999 -9999 -9999 -9999 -9999 -9999
-0.454 -0.447 -0.431 -0.416 -9999 -9999 -9999 -0.415 -0.405 -0.401 -0.395 -0.386 -0.381 -0.377 -0.369 -0.36 -0.359 -0.352 -0.335 -0.321 -0.33 -0.342 -0.331 -0.321 -0.327 -0.332 -0.327 -0.324 -0.322 -0.31 -0.3 -0.287 -0.291 -0.298 -0.299 -0.305 -0.304 -9999 -9999 -0.321 -9999 -9999 -9999 -9999 -9999 -9999 -9999 -9999 -9999 -9999 -9999 -9999 -9999 -9999 -9999 -9999 -9999 -9999 -9999 -9999 -9999 -9999 -9999 -9999 -9999 -9999 -9999 -9999 -9999 -9999 -9999 -9999 -9999 -9999 -9999
-0.452 -0.445 -9999 -0.418 -9999 -9999 -9999 -0.415 -0.41 -0.403 -0.395 -0.385 -0.381 -0.377 -0.368 -0.36 -0.353 -0.345 -0.332 -0.318 -0.325 -0.336 -0.329 -0.32 -0.323 -0.327 -0.325 -0.323 -0.313 -0.302 -0.291 -0.279 -0.283 -0.29 -0.294 -0.3 -9999 -0.299 -0.306 -0.316 -0.31 -9999 -9999 -9999 -9999 -9999 -9999 -9999 -9999 -9999 -9999 -9999 -9999 -9999 -9999 -9999 -9999 -9999 -9999 -9999 -9999 -9999 -9999 -9999 -9999 -9999 -9999 -9999 -9999 -9999 -9999 -9999 -9999 -9999 -9999
-0.457 -9999 -9999 -9999 -9999 -0.413 -0.412 -0.413 -0.407 -0.402 -0.398 -0.399 -0.393 -0.382 -0.375 -0.369 -0.36 -0.343 -0.337 -0.34 -0.339 -0.323 -0.317 -0.315 -0.317 -0.32 -0.319 -0.321 -0.307 -0.283 -0.279 -0.287 -0.291 -0.292 -9999 -0.299 -0.3 -0.303 -0.309 -0.312 -0.312 -9999 -9999 -9999 -9999 -9999 -9999 -9999 -9999 -9999 -9999 -9999 -9999 -9999 -9999 -9999 -9999 -9999 -9999 -9999 -9999 -9999 -9999 -9999 -9999 -9999 -9999 -9999 -9999 -9999 -9999 -9999 -9999 -9999 -9999
-9999 -9999 -9999 -9999 -9999 -0.407 -0.41 -0.41 -0.405 -0.4 -0.401 -0.403 -0.393 -0.382 -0.377 -0.37 -0.355 -0.339 -0.341 -0.345 -0.331 -0.315 -0.313 -0.31 -0.311 -0.314 -0.315 -0.317 -0.297 -0.274 -0.28 -0.288 -0.289 -0.29 -0.292 -0.295 -0.298 -0.301 -0.304 -0.307 -0.309 -0.306 -9999 -9999 -9999 -9999 -9999 -9999 -9999 -9999 -9999 -9999 -9999 -9999 -9999 -9999 -9999 -9999 -9999 -9999 -9999 -9999 -9999 -9999 -9999 -9999 -9999 -9999 -9999 -9999 -9999 -9999 -9999 -9999 -9999
-9999 -9999 -9999 -9999 -0.421 -9999 -9999 -0.399 -0.399 -0.405 -0.402 -0.392 -9999 -9999 -0.382 -0.374 -0.361 -0.347 -0.343 -0.33 -0.321 -0.318 -0.31 -0.29 -0.292 -0.298 -0.302 -0.315 -0.306 -0.312 -0.315 -0.306 -0.303 -0.289 -0.294 -0.302 -0.302 -0.296 -0.295 -0.29 -0.293 -0.301 -0.303 -9999 -9999 -9999 -9999 -9999 -9999 -9999 -9999 -9999 -9999 -9999 -9999 -9999 -9999 -9999 -9999 -9999 -9999 -9999 -9999 -9999 -9999 -9999 -9999 -9999 -9999 -9999 -9999 -9999 -9999 -9999 -9999
-9999 -9999 -9999 -9999 -0.424 -9999 -0.402 -0.393 -0.399 -0.405 -0.396 -0.385 -0.386 -0.387 -0.38 -0.372 -0.36 -0.347 -0.334 -0.321 -0.318 -0.316 -0.3 -0.281 -0.284 -0.289 -0.299 -0.311 -0.317 -0.324 -0.318 -0.31 -0.299 -0.286 -0.293 -0.301 -0.296 -0.29 -0.285 -0.28 -0.287 -0.295 -9999 -9999 -9999 -9999 -9999 -9999 -9999 -9999 -9999 -9999 -9999 -9999 -9999 -9999 -9999 -9999 -9999 -9999 -9999 -9999 -9999 -9999 -9999 -9999 -9999 -9999 -9999 -9999 -9999 -9999 -9999 -9999 -9999
-9999 -9999 -9999 -9999 -0.427 -9999 -0.404 -0.399 -0.401 -0.396 -0.393 -9999 -0.393 -0.382 -9999 -0.367 -0.354 -0.34 -0.329 -0.321 -0.316 -0.304 -0.293 -0.288 -0.291 -0.294 -0.301 -0.306 -0.306 -0.297 -0.297 -0.311 -0.304 -0.299 -0.305 -0.308 -0.299 -0.277 -9999 -9999 -9999 -9999 -9999 -9999 -9999 -9999 -9999 -9999 -9999 -9999 -9999 -9999 -9999 -9999 -9999 -9999 -9999 -9999 -9999 -9999 -9999 -9999 -9999 -9999 -9999 -9999 -9999 -9999 -9999 -9999 -9999 -9999 -9999 -9999 -9999
-9999 -9999 -0.439 -0.436 -9999 -9999 -0.404 -0.399 -0.395 -0.391 -0.395 -0.399 -0.387 -0.376 -9999 -0.361 -0.348 -0.334 -0.326 -0.319 -0.308 -0.296 -0.292 -0.288 -0.29 -0.293 -0.296 -0.301 -0.293 -0.283 -0.294 -0.308 -0.304 -0.3 -0.303 -0.307 -0.287 -9999 -9999 -9999 -9999 -9999 -9999 -9999 -9999 -9999 -9999 -9999 -9999 -9999 -9999 -9999 -9999 -9999 -9999 -9999 -9999 -9999 -9999 -9999 -9999 -9999 -9999 -9999 -9999 -9999 -9999 -9999 -9999 -9999 -9999 -9999 -9999 -9999 -9999
-9999 -0.437 -0.435 -0.434 -9999 -0.41 -0.403 -0.412 -0.404 -9999 -0.391 -0.387 -0.383 -0.392 -9999 -0.348 -0.334 -0.317 -0.311 -0.311 -0.302 -0.298 -0.299 -0.307 -0.303 -0.284 -0.281 -0.269 -9999 -0.27 -0.277 -0.28 -0.279 -0.286 -0.289 -0.293 -9999 -9999 -9999 -9999 -9999 -9999 -9999 -9999 -9999 -9999 -9999 -9999 -9999 -9999 -9999 -9999 -9999 -9999 -9999 -9999 -9999 -9999 -9999 -9999 -9999 -9999 -9999 -9999 -9999 -9999 -9999 -9999 -9999 -9999 -9999 -9999 -9999 -9999 -9999
-9999 -0.433 -0.431 -9999 -9999 -0.406 -0.41 -0.413 -9999 -0.386 -0.383 -0.379 -0.385 -0.395 -9999 -0.34 -0.325 -0.308 -0.305 -0.305 -0.301 -0.297 -0.303 -0.311 -0.296 -0.278 -0.267 -0.255 -0.258 -0.262 -9999 -9999 -0.271 -0.277 -9999 -9999 -9999 -9999 -9999 -9999 -0.263 -0.262 -0.267 -9999 -9999 -9999 -9999 -9999 -9999 -9999 -9999 -9999 -9999 -9999 -9999 -9999 -9999 -9999 -9999 -9999 -9999 -9999 -9999 -9999 -9999 -9999 -9999 -9999 -9999 -9999 -9999 -9999 -9999 -9999 -9999
-0.443 -0.441 -9999 -9999 -0.415 -0.409 -0.41 -0.404 -9999 -0.374 -0.371 -0.373 -0.374 -0.369 -9999 -9999 -9999 -0.32 -0.314 -0.3 -0.296 -0.293 -0.3 -0.314 -0.298 -0.276 -0.273 -0.281 -0.287 -0.296 -0.294 -0.28 -0.28 -0.267 -9999 -9999 -9999 -9999 -9999 -0.269 -0.264 -0.279 -0.278 -0.262 -9999 -9999 -9999 -9999 -9999 -9999 -9999 -9999 -9999 -9999 -9999 -9999 -9999 -9999 -9999 -9999 -9999 -9999 -9999 -9999 -9999 -9999 -9999 -9999 -9999 -9999 -9999 -9999 -9999 -9999 -9999
-0.453 -0.443 -9999 -9999 -9999 -0.408 -0.404 -0.399 -9999 -0.365 -9999 -0.366 -0.36 -0.355 -9999 -0.322 -0.321 -0.322 -9999 -0.296 -0.293 -0.289 -0.299 -0.311 -0.293 -0.272 -0.279 -0.288 -0.295 -0.305 -0.294 -0.282 -0.27 -0.257 -0.26 -0.264 -0.266 -9999 -0.269 -0.27 -0.276 -0.279 -0.266 -0.249 -0.246 -0.244 -9999 -9999 -9999 -9999 -9999 -9999 -9999 -9999 -9999 -9999 -9999 -9999 -9999 -9999 -9999 -9999 -9999 -9999 -9999 -9999 -9999 -9999 -9999 -9999 -9999 -9999 -9999 -9999 -9999
-0.447 -9999 -9999 -9999 -9999 -0.412 -0.408 -0.405 -9999 -0.378 -9999 -0.348 -0.342 -9999 -0.355 -0.353 -0.344 -0.318 -0.312 -0.315 -0.303 -0.273 -0.279 -0.285 -0.276 -0.286 -0.288 -0.28 -0.285 -0.287 -0.287 -0.305 -0.295 -0.277 -0.279 -0.275 -0.278 -0.277 -0.28 -0.279 -0.279 -0.274 -0.267 -0.269 -0.268 -0.265 -0.239 -0.222 -0.215 -9999 -9999 -9999 -9999 -9999 -9999 -9999 -9999 -9999 -9999 -9999 -9999 -9999 -9999 -9999 -9999 -9999 -9999 -9999 -9999 -9999 -9999 -9999 -9999 -9999 -9999
-0.44 -9999 -9999 -9999 -9999 -0.411 -0.408 -0.405 -0.394 -9999 -9999 -0.338 -0.333 -9999 -0.344 -0.361 -0.339 -0.314 -0.316 -0.319 -0.294 -0.264 -0.267 -0.272 -0.279 -0.288 -0.281 -0.272 -0.273 -0.274 -0.289 -0.307 -0.294 -0.279 -0.275 -0.273 -0.274 -0.275 -0.275 -0.272 -0.268 -0.263 -0.265 -0.267 -0.266 -0.264 -0.257 -0.241 -0.212 -0.209 -9999 -9999 -9999 -9999 -9999 -9999 -9999 -9999 -9999 -9999 -9999 -9999 -9999 -9999 -9999 -9999 -9999 -9999 -9999 -9999 -9999 -9999 -9999 -9999 -9999
-9999 -9999 -9999 -9999 -9999 -0.411 -0.407 -0.397 -0.383 -9999 -9999 -0.338 -0.332 -9999 -9999 -0.328 -0.314 -0.311 -0.31 -0.305 -0.289 -0.287 -0.289 -0.286 -0.288 -0.281 -0.278 -0.282 -0.282 -0.28 -0.289 -0.287 -0.281 -0.288 -0.287 -0.286 -0.285 -0.274 -0.268 -0.254 -0.252 -0.253 -0.257 -0.263 -0.262 -0.258 -0.25 -0.238 -0.223 -0.204 -9999 -9999 -9999 -9999 -9999 -9999 -9999 -9999 -9999 -9999 -9999 -9999 -9999 -9999 -9999 -9999 -9999 -9999 -9999 -9999 -9999 -9999 -9999 -9999 -9999
-9999 -9999 -9999 -9999 -9999 -0.41 -0.402 -0.39 -9999 -9999 -9999 -9999 -0.327 -9999 -0.313 -0.314 -0.31 -0.307 -0.302 -0.296 -0.295 -0.293 -0.291 -0.288 -0.28 -0.272 -0.275 -0.279 -0.278 -0.276 -0.274 -0.272 -0.277 -0.284 -0.284 -0.285 -0.276 -0.264 -0.253 -0.239 -0.24 -0.241 -0.247 -0.253 -0.25 -0.246 -0.238 -0.227 -0.212 -0.194 -0.198 -9999 -9999 -9999 -9999 -9999 -9999 -9999 -9999 -9999 -9999 -9999 -9999 -9999 -9999 -9999 -9999 -9999 -9999 -9999 -9999 -9999 -9999 -9999 -9999
-9999 -9999 -9999 -0.425 -0.419 -0.415 -0.406 -9999 -9999 -0.365 -9999 -9999 -9999 -9999 -0.315 -0.311 -0.308 -0.306 -0.302 -0.297 -0.297 -0.298 -0.291 -0.277 -0.273 -0.276 -0.277 -0.28 -0.281 -0.286 -0.281 -0.269 -0.27 -0.267 -0.271 -0.284 -0.275 -0.264 -0.254 -0.241 -0.241 -0.235 -0.234 -0.224 -0.224 -0.231 -0.223 -0.211 -0.199 -0.191 -0.179 -9999 -9999 -9999 -9999 -9999 -9999 -9999 -9999 -9999 -9999 -9999 -9999 -9999 -9999 -9999 -9999 -9999 -9999 -9999 -9999 -9999 -9999 -9999 -9999
-9999 -9999 -9999 -9999 -0.417 -0.415 -0.402 -9999 -0.377 -0.367 -0.359 -9999 -9999 -9999 -9999 -0.307 -0.305 -0.303 -0.299 -0.295 -0.295 -0.294 -0.282 -0.268 -0.269 -0.271 -0.271 -0.273 -0.277 -0.282 -0.272 -0.26 -0.256 -0.253 -0.263 -0.274 -0.266 -0.256 -0.246 -0.234 -0.23 -0.224 -0.216 -0.206 -0.211 -0.218 -0.208 -0.196 -0.19 -0.182 -0.174 -0.175 -9999 -9999 -9999 -9999 -9999 -9999 -9999 -9999 -9999 -9999 -9999 -9999 -9999 -9999 -9999 -9999 -9999 -9999 -9999 -9999 -9999 -9999 -9999
-9999 -9999 -9999 -9999 -0.39 -0.392 -0.381 -9999 -0.37 -0.377 -0.371 -9999 -9999 -9999 -9999 -9999 -0.306 -0.308 -0.304 -0.301 -0.294 -0.278 -0.267 -0.258 -0.258 -0.258 -0.254 -0.245 -0.245 -0.244 -0.239 -0.247 -0.247 -0.25 -0.257 -0.261 -0.253 -0.243 -0.237 -0.235 -0.229 -0.215 -0.205 -0.19 -0.187 -0.171 -0.173 -0.201 -0.197 -0.194 -0.178 -0.162 -0.172 -9999 -9999 -9999 -9999 -9999 -9999 -9999 -9999 -9999 -9999 -9999 -9999 -9999 -9999 -9999 -9999 -9999 -9999 -9999 -9999 -9999 -9999
-9999 -9999 -9999 -9999 -0.382 -0.379 -9999 -9999 -0.366 -0.376 -0.372 -0.356 -9999 -9999 -9999 -9999 -9999 -0.306 -0.303 -0.297 -0.283 -0.267 -0.258 -0.249 -0.247 -0.247 -0.237 -0.227 -0.225 -0.222 -0.227 -0.236 -0.24 -0.242 -0.245 -0.249 -0.241 -0.231 -0.23 -0.228 -0.218 -0.205 -0.192 -0.177 -0.163 -0.147 -0.168 -0.195 -0.193 -0.191 -0.175 -0.16 -0.165 -0.17 -0.17 -9999 -9999 -9999 -9999 -9999 -9999 -9999 -9999 -9999 -9999 -9999 -9999 -9999 -9999 -9999 -9999 -9999 -9999 -9999 -9999
-9999 -9999 -9999 -9999 -0.374 -0.37 -9999 -9999 -0.361 -0.362 -0.357 -9999 -9999 -9999 -9999 -9999 -9999 -0.288 -0.284 -0.285 -0.27 -0.252 -0.248 -0.255 -0.253 -0.247 -0.245 -0.256 -0.249 -0.226 -0.235 -0.246 -0.245 -0.239 -0.241 -0.242 -0.231 -0.211 -0.209 -0.207 -0.202 -0.208 -0.191 -0.16 -0.159 -0.179 -0.183 -0.155 -0.156 -0.167 -0.169 -0.162 -0.157 -0.157 -0.151 -9999 -9999 -9999 -9999 -9999 -9999 -9999 -9999 -9999 -9999 -9999 -9999 -9999 -9999 -9999 -9999 -9999 -9999 -9999 -9999
-9999 -9999 -9999 -9999 -0.366 -0.364 -9999 -9999 -9999 -0.355 -0.347 -0.335 -9999 -9999 -9999 -9999 -9999 -0.277 -0.275 -0.275 -0.259 -0.241 -0.245 -0.252 -0.246 -0.241 -0.248 -0.26 -0.242 -0.223 -0.233 -0.242 -0.237 -0.231 -0.231 -0.232 -0.216 -0.197 -0.195 -0.192 -0.196 -0.202 -0.177 -0.148 -0.164 -0.184 -0.161 -0.133 -0.141 -0.154 -0.157 -0.16 -0.155 -0.148 -0.143 -9999 -9999 -9999 -9999 -9999 -9999 -9999 -9999 -9999 -9999 -9999 -9999 -9999 -9999 -9999 -9999 -9999 -9999 -9999 -9999
-9999 -9999 -9999 -0.363 -0.36 -0.371 -9999 -9999 -9999 -9999 -9999 -9999 -9999 -9999 -9999 -9999 -9999 -0.273 -0.268 -0.262 -0.248 -0.236 -0.24 -0.249 -0.246 -0.247 -0.247 -0.235 -0.227 -0.233 -0.24 -0.242 -0.231 -0.208 -0.21 -0.219 -0.209 -0.203 -0.198 -0.185 -0.189 -0.191 -0.175 -0.169 -0.174 -0.157 -0.142 -0.14 -0.143 -0.136 -0.149 -0.157 -0.155 -0.15 -0.143 -0.145 -9999 -9999 -9999 -9999 -9999 -9999 -9999 -9999 -9999 -9999 -9999 -9999 -9999 -9999 -9999 -9999 -9999 -9999 -9999
-9999 -9999 -0.362 -0.356 -0.363 -0.369 -9999 -9999 -9999 -9999 -9999 -9999 -9999 -9999 -9999 -0.282 -0.276 -0.267 -0.259 -0.251 -0.24 -0.228 -0.234 -0.241 -0.241 -0.243 -0.231 -0.221 -0.225 -0.231 -0.233 -0.235 -0.215 -0.192 -0.199 -0.208 -0.204 -0.199 -0.189 -0.177 -0.178 -0.18 -0.176 -0.172 -0.157 -0.139 -0.138 -0.139 -0.133 -0.126 -0.138 -0.153 -0.151 -0.147 -0.141 -0.13 -9999 -9999 -9999 -9999 -9999 -9999 -9999 -9999 -9999 -9999 -9999 -9999 -9999 -9999 -9999 -9999 -9999 -9999 -9999
-9999 -9999 -0.362 -0.364 -0.367 -9999 -9999 -9999 -9999 -9999 -9999 -9999 -9999 -9999 -9999 -0.278 -0.27 -0.262 -0.254 -0.248 -0.24 -0.24 -0.242 -0.24 -0.24 -0.242 -0.23 -0.211 -0.216 -0.223 -0.217 -0.201 -0.196 -0.218 -0.219 -0.203 -0.198 -0.188 -0.179 -0.172 -0.173 -0.175 -0.171 -0.166 -0.154 -0.141 -0.14 -0.136 -0.135 -0.142 -0.147 -0.135 -0.143 -0.146 -0.132 -0.129 -9999 -9999 -9999 -9999 -9999 -9999 -9999 -9999 -9999 -9999 -9999 -9999 -9999 -9999 -9999 -9999 -9999 -9999 -9999
-9999 -9999 -9999 -9999 -9999 -9999 -9999 -9999 -9999 -9999 -9999 -9999 -9999 -9999 -9999 -0.274 -0.264 -0.256 -0.248 -0.241 -0.239 -0.238 -0.234 -0.232 -0.234 -0.237 -0.221 -0.202 -0.207 -0.213 -0.198 -0.182 -0.2 -0.222 -0.21 -0.195 -0.187 -0.177 -0.171 -0.164 -0.165 -0.166 -0.162 -0.157 -0.148 -0.138 -0.135 -0.131 -0.138 -0.145 -0.137 -0.125 -0.134 -0.143 -0.129 -0.121 -9999 -9999 -9999 -9999 -9999 -9999 -9999 -9999 -9999 -9999 -9999 -9999 -9999 -9999 -9999 -9999 -9999 -9999 -9999
-9999 -9999 -9999 -9999 -9999 -9999 -9999 -9999 -9999 -9999 -9999 -9999 -9999 -9999 -0.282 -0.279 -0.269 -0.256 -0.246 -0.231 -0.227 -0.225 -0.219 -0.211 -0.211 -0.211 -0.2 -0.199 -0.199 -0.191 -0.183 -0.183 -0.196 -0.203 -0.194 -0.189 -0.178 -0.161 -0.158 -0.16 -0.156 -0.143 -0.138 -0.132 -0.126 -0.127 -0.123 -0.115 -0.122 -0.132 -0.134 -0.13 -0.11 -0.101 -0.115 -0.112 -9999 -9999 -9999 -9999 -9999 -9999 -9999 -9999 -9999 -9999 -9999 -9999 -9999 -9999 -9999 -9999 -9999 -9999 -9999
-9999 -9999 -9999 -9999 -9999 -9999 -9999 -9999 -9999 -9999 -9999 -9999 -9999 -9999 -0.287 -0.277 -0.264 -0.251 -0.237 -0.223 -0.22 -0.218 -0.209 -0.199 -0.196 -0.195 -0.193 -0.192 -0.184 -0.177 -0.177 -0.177 -0.183 -0.189 -0.185 -0.18 -0.166 -0.149 -0.151 -0.153 -0.142 -0.128 -0.122 -0.117 -0.118 -0.119 -0.113 -0.107 -0.115 -0.123 -0.126 -0.128 -0.11 -0.086 -0.098 -0.114 -9999 -9999 -9999 -9999 -9999 -9999 -9999 -9999 -9999 -9999 -9999 -9999 -9999 -9999 -9999 -9999 -9999 -9999 -9999
-9999 -9999 -9999 -9999 -9999 -9999 -9999 -9999 -9999 -9999 -9999 -9999 -9999 -0.288 -0.283 -0.278 -0.268 -0.259 -0.249 -0.243 -0.234 -0.21 -0.198 -0.183 -0.181 -0.185 -0.177 -0.162 -0.157 -0.162 -0.161 -0.156 -0.157 -0.15 -0.15 -0.159 -0.146 -0.134 -0.136 -0.141 -0.13 -0.119 -0.117 -0.12 -0.12 -0.116 -0.112 -0.11 -0.12 -0.133 -0.113 -0.1 -0.102 -0.09 -0.092 -0.106 -0.118 -9999 -9999 -9999 -9999 -9999 -9999 -9999 -9999 -9999 -9999 -9999 -9999 -9999 -9999 -9999 -9999 -9999 -9999
-9999 -9999 -9999 -9999 -9999 -9999 -9999 -9999 -9999 -9999 -9999 -9999 -0.301 -0.288 -0.281 -0.276 -0.268 -0.26 -0.253 -0.248 -0.227 -0.204 -0.19 -0.174 -0.175 -0.178 -0.163 -0.146 -0.146 -0.151 -0.147 -0.143 -0.137 -0.13 -0.136 -0.144 -0.134 -0.122 -0.126 -0.13 -0.121 -0.11 -0.112 -0.118 -0.115 -0.111 -0.11 -0.108 -0.12 -0.134 -0.114 -0.089 -0.09 -0.091 -0.094 -0.098 -0.113 -9999 -9999 -9999 -9999 -9999 -9999 -9999 -9999 -9999 -9999 -9999 -9999 -9999 -9999 -9999 -9999 -9999 -9999
-9999 -9999 -9999 -9999 -9999 -9999 -9999 -9999 -9999 -9999 -9999 -9999 -0.303 -0.291 -0.286 -0.283 -0.27 -0.245 -0.242 -0.247 -0.229 -0.212 -0.194 -0.167 -0.17 -0.18 -0.164 -0.146 -0.15 -0.165 -0.156 -0.136 -0.132 -0.127 -0.129 -0.124 -0.119 -0.12 -0.123 -0.124 -0.112 -0.091 -0.097 -0.108 -0.107 -0.106 -0.103 -0.095 -0.109 -0.131 -0.122 -0.103 -0.1 -0.099 -0.098 -0.1 -0.108 -9999 -9999 -9999 -9999 -9999 -9999 -9999 -9999 -9999 -9999 -9999 -9999 -9999 -9999 -9999 -9999 -9999 -9999
-9999 -9999 -9999 -9999 -9999 -9999 -9999 -9999 -9999 -9999 -9999 -0.322 -0.309 -0.289 -0.285 -0.282 -0.261 -0.237 -0.239 -0.243 -0.228 -0.212 -0.189 -0.162 -0.168 -0.177 -0.161 -0.142 -0.152 -0.166 -0.15 -0.131 -0.126 -0.121 -0.116 -0.111 -0.112 -0.113 -0.114 -0.116 -0.098 -0.079 -0.089 -0.1 -0.1 -0.102 -0.096 -0.089 -0.107 -0.129 -0.12 -0.108 -0.105 -0.101 -0.101 -0.1 -0.108 -0.122 -9999 -9999 -9999 -9999 -9999 -9999 -9999 -9999 -9999 -9999 -9999 -9999 -9999 -9999 -9999 -9999 -9999
-9999 -9999 -9999 -9999 -9999 -9999 -9999 -9999 -9999 -9999 -0.324 -9999 -0.304 -0.292 -0.283 -0.266 -0.253 -0.251 -0.247 -0.232 -0.219 -0.208 -0.192 -0.185 -0.183 -0.163 -0.152 -0.15 -0.151 -0.139 -0.125 -0.114 -0.112 -0.12 -0.114 -0.108 -0.106 -0.1 -0.102 -0.105 -0.092 -0.085 -0.094 -0.101 -0.102 -0.099 -0.105 -0.129 -0.135 -0.115 -0.12 -0.116 -0.104 -0.094 -0.095 -0.095 -0.1 -0.119 -9999 -9999 -9999 -9999 -9999 -9999 -9999 -9999 -9999 -9999 -9999 -9999 -9999 -9999 -9999 -9999 -9999
