Validation/Results/raw data/ReClimate_11_2023_2_Temperature.asc
NCOLS 192
NROWS 249
XLLCENTER -225160.85627316462
YLLCENTER 29788.11610251502
CELLSIZE 5000.0
NODATA_VALUE -9999
[rows 136 to 169 of 249, columns 77 to 153 of 192]
-9999 -9999 -9999 -9999 -9999 -9999 -9999 -9999 -0.119 -9999 -0.102 -0.108 -0.082 -0.056 -0.036 -0.016 0.008 0.032 0.021 0.004 0.032 0.062 0.071 0.078 0.089 0.095 0.112 0.133 -9999 -9999 -9999 -9999 -9999 -9999 0.125 0.144 0.15 0.157 0.151 0.139 0.133 0.127 0.13 0.134 0.134 0.134 0.103 0.067 0.071 0.078 0.067 0.055 0.059 0.066 0.066 0.058 0.031 -9999 -9999 -9999 -9999 -9999 -9999 -9999 -9999 -9999 -9999 -9999 -9999 -9999 -9999 -9999 -9999 -9999 -9999 -9999 -9999
-9999 -9999 -9999 -9999 -9999 -9999 -9999 -9999 -0.122 -0.097 -0.087 -0.068 -0.047 -0.034 -0.013 0.005 0.024 0.028 0.022 0.02 0.049 0.079 0.089 0.095 0.106 0.11 0.122 0.124 -9999 -9999 -9999 -9999 0.118 0.111 0.123 0.137 0.145 0.159 0.155 0.154 0.144 0.121 0.127 0.14 0.139 0.133 0.11 0.094 0.089 0.089 0.081 0.071 0.072 0.076 0.061 0.058 0.033 -9999 -9999 -9999 -9999 -9999 -9999 -9999 -9999 -9999 -9999 -9999 -9999 -9999 -9999 -9999 -9999 -9999 -9999 -9999 -9999
-0.21 -9999 -9999 -9999 -9999 -9999 -9999 -9999 -0.118 -0.098 -0.076 -9999 -9999 -0.028 -0.008 0.012 0.021 -9999 0.033 0.028 0.056 0.087 0.096 0.103 0.113 0.116 -9999 -9999 -9999 -9999 -9999 0.124 0.118 0.112 0.123 0.136 0.148 0.16 0.161 0.159 0.141 0.12 0.13 0.143 0.138 0.132 0.12 0.105 0.1 0.094 0.086 0.077 0.079 0.081 0.066 0.048 0.037 -9999 -9999 -9999 -9999 -9999 -9999 -9999 -9999 -9999 -9999 -9999 -9999 -9999 -9999 -9999 -9999 -9999 -9999 -9999 -9999
-0.204 -9999 -9999 -9999 -9999 -9999 -9999 -9999 -9999 -0.118 -0.102 -9999 -9999 -9999 -0.026 0.015 0.03 0.05 -9999 -9999 0.067 0.095 0.108 0.126 0.137 -9999 -9999 -9999 -9999 -9999 0.13 0.132 0.132 0.137 0.149 0.161 0.168 0.162 0.151 0.125 0.117 0.131 0.14 0.149 0.138 0.113 0.104 0.102 0.096 0.089 0.082 0.073 0.072 0.071 0.066 0.054 0.037 -9999 -9999 -9999 -9999 -9999 -9999 -9999 -9999 -9999 -9999 -9999 -9999 -9999 -9999 -9999 -9999 -9999 -9999 -9999 -9999
-9999 -9999 -9999 -9999 -9999 -9999 -9999 -9999 -9999 -9999 -0.122 -9999 -9999 -9999 -9999 0.015 0.037 0.057 -9999 -9999 -9999 0.1 0.119 -9999 -9999 -9999 -9999 -9999 -9999 -9999 0.129 0.137 0.143 0.148 0.159 0.172 0.169 0.161 0.138 0.111 0.122 0.136 0.143 0.151 0.13 0.105 0.103 0.101 0.095 0.088 0.081 0.073 0.071 0.069 0.063 0.057 0.04 -9999 -9999 -9999 -9999 -9999 -9999 -9999 -9999 -9999 -9999 -9999 -9999 -9999 -9999 -9999 -9999 -9999 -9999 -9999 -9999
-9999 -9999 -9999 -9999 -9999 -9999 -9999 -9999 -9999 -9999 -0.126 -9999 -9999 -9999 -9999 -9999 0.025 0.036 -9999 -9999 -9999 -9999 -9999 -9999 -9999 -9999 -9999 -9999 -9999 -9999 0.13 0.174 0.172 0.149 0.151 0.139 0.145 0.171 0.15 0.125 0.138 0.155 0.158 0.153 0.138 0.129 0.124 0.11 0.092 0.078 0.076 0.071 0.068 0.065 0.057 0.048 0.04 0.026 -9999 -9999 -9999 -9999 -9999 -9999 -9999 -9999 -9999 -9999 -9999 -9999 -9999 -9999 -9999 -9999 -9999 -9999 -9999
-0.201 -0.212 -0.205 -9999 -9999 -9999 -9999 -9999 -9999 -9999 -0.132 -9999 -9999 -9999 -9999 -9999 -9999 -9999 -9999 -9999 -9999 -9999 -9999 -9999 -9999 -9999 -9999 -9999 -9999 0.123 0.154 0.19 0.173 0.151 0.14 0.127 0.15 0.174 0.154 0.131 0.145 0.163 0.158 0.153 0.147 0.138 0.127 0.114 0.097 0.076 0.074 0.073 0.069 0.065 0.057 0.047 0.039 0.03 0.029 -9999 -9999 -9999 -9999 -9999 -9999 -9999 -9999 -9999 -9999 -9999 -9999 -9999 -9999 -9999 -9999 -9999 -9999
-0.184 -0.175 -0.175 -9999 -9999 -9999 -9999 -9999 -9999 -9999 -9999 -9999 -9999 -9999 -9999 -9999 -9999 -9999 -9999 -9999 -9999 -9999 -9999 -9999 -9999 -9999 -9999 -9999 0.129 0.128 0.142 0.129 0.129 0.165 0.158 0.152 0.165 0.16 0.147 0.145 0.15 0.141 0.141 0.153 0.145 0.133 0.124 0.115 0.098 0.079 0.075 0.071 0.053 0.04 0.056 0.06 0.053 0.044 0.028 -9999 -9999 -9999 -9999 -9999 -9999 -9999 -9999 -9999 -9999 -9999 -9999 -9999 -9999 -9999 -9999 -9999 -9999
-0.168 -9999 -0.169 -0.194 -9999 -9999 -9999 -9999 -9999 -9999 -9999 -9999 -9999 -9999 -9999 -9999 -9999 -9999 -9999 -9999 -9999 -9999 -9999 -9999 -9999 -9999 -9999 -9999 0.133 0.132 0.122 0.107 0.137 0.171 0.168 0.163 0.161 0.155 0.153 0.151 0.142 0.132 0.141 0.153 0.144 0.133 0.125 0.117 0.101 0.082 0.078 0.073 0.056 0.034 0.048 0.067 0.06 0.052 0.036 0.018 -0.003 -9999 -9999 -9999 -9999 -9999 -9999 -9999 -9999 -9999 -9999 -9999 -9999 -9999 -9999 -9999 -9999
-0.169 -9999 -9999 -0.192 -9999 -9999 -9999 -9999 -9999 -9999 -9999 -9999 -9999 -9999 -9999 -9999 -9999 -9999 -9999 -9999 -9999 -9999 -9999 -9999 -9999 -9999 -9999 -9999 0.135 0.136 0.129 0.123 0.143 0.152 0.153 0.165 0.165 0.165 0.16 0.149 0.147 0.156 0.158 0.145 0.137 0.13 0.121 0.108 0.106 0.095 0.08 0.069 0.059 0.042 0.048 0.061 0.056 0.049 0.029 0.008 0.011 -0.009 -0.017 -0.01 -9999 -9999 -9999 -9999 -9999 -9999 -9999 -9999 -9999 -9999 -9999 -9999 -9999
-0.168 -0.164 -9999 -0.187 -9999 -9999 -9999 -9999 -9999 -9999 -9999 -9999 -9999 -9999 -9999 -9999 -9999 -9999 -9999 -9999 -9999 -9999 -9999 -9999 -9999 -9999 -9999 0.149 0.141 0.139 0.136 0.13 0.137 0.144 0.155 0.167 0.17 0.17 0.16 0.15 0.157 0.167 0.156 0.142 0.137 0.13 0.119 0.106 0.104 0.101 0.087 0.07 0.06 0.048 0.053 0.062 0.057 0.051 0.032 0.008 0.01 0.014 -0.001 -0.01 -0.015 -0.023 -9999 -9999 -9999 -9999 -9999 -9999 -9999 -9999 -9999 -9999 -9999
-0.146 -9999 -0.169 -9999 -9999 -9999 -9999 -9999 -9999 -9999 -9999 -9999 -9999 -9999 -9999 -9999 -9999 -9999 -9999 -9999 -9999 -9999 -9999 -9999 -9999 -9999 -9999 -9999 0.153 0.154 0.149 0.137 0.145 0.154 0.166 0.181 0.178 0.161 0.155 0.153 0.157 0.156 0.145 0.132 0.136 0.156 0.147 0.133 0.123 0.115 0.096 0.077 0.068 0.057 0.059 0.065 0.052 0.041 0.037 0.024 0.019 0.019 0.018 0.013 -0.012 -0.021 -0.034 -9999 -9999 -9999 -9999 -9999 -9999 -9999 -9999 -9999 -9999
-0.14 -0.155 -0.155 -9999 -9999 -9999 -9999 -9999 -9999 -9999 -9999 -9999 -9999 -9999 -9999 -9999 -9999 -9999 -9999 -9999 -9999 -9999 -9999 -9999 -9999 -9999 -9999 -9999 -9999 0.159 0.151 0.141 0.149 0.158 0.171 0.187 0.176 0.159 0.158 0.156 0.155 0.153 0.143 0.13 0.147 0.168 0.158 0.145 0.135 0.122 0.104 0.082 0.073 0.063 0.065 0.069 0.057 0.042 0.038 0.035 0.03 0.026 0.025 0.026 0.002 -0.027 -0.03 -0.032 -9999 -9999 -9999 -9999 -9999 -9999 -9999 -9999 -9999
-0.124 -0.124 -9999 -9999 -9999 -9999 -9999 -9999 -9999 -9999 -9999 -9999 -9999 -9999 -9999 -9999 -9999 -9999 -9999 -9999 -9999 -9999 -9999 -9999 -9999 -9999 -9999 -9999 -9999 0.152 0.139 0.142 0.152 0.163 0.172 0.174 0.162 0.141 0.139 0.141 0.148 0.174 0.165 0.154 0.163 0.158 0.149 0.142 0.133 0.125 0.108 0.087 0.086 0.08 0.072 0.071 0.061 0.049 0.043 0.038 0.024 0.013 0.01 0.008 -0.004 -0.025 -0.034 -0.033 -0.024 -9999 -9999 -9999 -9999 -9999 -9999 -9999 -9999
-0.106 -0.106 -9999 -9999 -9999 -9999 -9999 -9999 -9999 -9999 -9999 -9999 -9999 -9999 -9999 -9999 -9999 -9999 -9999 -9999 -9999 -9999 -9999 -9999 -9999 -9999 -9999 -9999 -9999 -9999 0.145 0.143 0.154 0.165 0.168 0.171 0.157 0.136 0.136 0.137 0.158 0.183 0.175 0.165 0.161 0.156 0.149 0.142 0.136 0.128 0.112 0.092 0.091 0.09 0.083 0.075 0.066 0.056 0.05 0.044 0.03 0.014 0.01 0.007 -0.005 -0.018 -0.026 -0.034 -0.026 -9999 -9999 -9999 -9999 -9999 -9999 -9999 -9999
-9999 -9999 -9999 -9999 -9999 -9999 -9999 -9999 -9999 -9999 -9999 -9999 -9999 -9999 -9999 -9999 -9999 -9999 -9999 -9999 -9999 -9999 -9999 -9999 -9999 -9999 -9999 -9999 -9999 -9999 0.155 0.159 0.167 0.167 0.17 0.167 0.155 0.139 0.143 0.156 0.168 0.168 0.166 0.174 0.169 0.163 0.153 0.134 0.135 0.132 0.12 0.104 0.106 0.107 0.098 0.089 0.081 0.071 0.056 0.045 0.038 0.026 0.01 -0.001 -0.012 -0.024 -0.019 -0.019 -0.021 -0.016 -9999 -9999 -9999 -9999 -9999 -9999 -9999
-9999 -9999 -9999 -9999 -9999 -9999 -9999 -9999 -9999 -9999 -9999 -9999 -9999 -9999 -9999 -9999 -9999 -9999 -9999 -9999 -9999 -9999 -9999 -9999 -9999 -9999 -9999 -9999 -9999 -9999 -9999 0.165 0.167 0.169 0.169 0.167 0.158 0.144 0.153 0.166 0.165 0.164 0.171 0.179 0.173 0.167 0.152 0.133 0.134 0.136 0.125 0.111 0.113 0.117 0.108 0.098 0.09 0.08 0.067 0.05 0.043 0.036 0.021 0.003 -0.008 -0.019 -0.015 -0.007 -0.009 -0.008 -9999 -9999 -9999 -9999 -9999 -9999 -9999
-9999 -9999 -9999 -9999 -9999 -9999 -9999 -9999 -9999 -9999 -9999 -9999 -9999 -9999 -9999 -9999 -9999 -9999 -9999 -9999 -9999 -9999 -9999 -9999 -9999 -9999 -9999 -9999 -9999 -9999 -9999 0.165 -9999 0.161 0.161 0.16 0.156 -9999 0.161 0.165 0.164 0.165 0.172 0.182 0.174 0.159 0.15 0.148 0.147 0.148 0.132 0.115 0.101 0.094 0.1 0.098 0.088 0.077 0.068 0.054 0.055 0.054 0.039 0.022 0.014 0.006 0.005 0.009 -0.009 -0.019 -0.029 -9999 -9999 -9999 -9999 -9999 -9999
-9999 -9999 -9999 -9999 -9999 -9999 -9999 -9999 -9999 -9999 -9999 -9999 -9999 -9999 -9999 -9999 -9999 -9999 -9999 -9999 -9999 -9999 -9999 -9999 -9999 -9999 -9999 -9999 -9999 -9999 -9999 -9999 0.173 0.159 -9999 -9999 -9999 -9999 0.165 0.167 0.167 0.168 0.175 0.185 0.173 0.159 0.157 0.156 0.155 0.155 0.14 0.121 0.107 0.091 0.096 0.103 0.093 0.082 0.073 0.062 0.063 0.066 0.052 0.036 0.029 0.021 0.021 0.022 0.005 -0.015 -0.025 -0.036 -0.026 -9999 -9999 -9999 -9999
-9999 -9999 -9999 -9999 -9999 -9999 -9999 -9999 -9999 -9999 -9999 -9999 -9999 -9999 -9999 -9999 -9999 -9999 -9999 -9999 -9999 -9999 -9999 -9999 -9999 -9999 -9999 -9999 -9999 -9999 -9999 -9999 0.174 0.176 -9999 -9999 -9999 -9999 0.175 0.177 0.175 0.169 0.168 0.158 0.152 0.161 0.157 0.151 0.153 0.155 0.128 0.102 0.093 0.079 0.075 0.075 0.079 0.076 0.075 0.069 0.058 0.052 0.042 0.028 0.023 0.016 0.017 0.019 0.005 -0.012 -0.006 -0.004 -0.024 -9999 -9999 -9999 -9999
-9999 -9999 -9999 -9999 -9999 -9999 -9999 -9999 -9999 -9999 -9999 -9999 -9999 -9999 -9999 -9999 -9999 -9999 -9999 -9999 -9999 -9999 -9999 -9999 -9999 -9999 -9999 -9999 -9999 -9999 -9999 -9999 0.174 -9999 -9999 -9999 -9999 0.181 0.186 0.187 0.181 0.175 0.164 0.152 0.158 0.167 0.161 0.155 0.157 0.16 0.134 0.102 0.092 0.082 0.077 0.072 0.075 0.08 0.079 0.079 0.067 0.055 0.044 0.033 0.028 0.023 0.024 0.027 0.013 -0.002 0.003 0.007 -9999 -9999 -9999 -9999 -9999
-9999 -9999 -9999 -9999 -9999 -9999 -9999 -9999 -9999 -9999 -9999 -9999 -9999 -9999 -9999 -9999 -9999 -9999 -9999 -9999 -9999 -9999 -9999 -9999 -9999 -9999 -9999 -9999 -9999 -9999 -9999 -9999 -9999 -9999 -9999 -9999 -9999 0.188 0.188 0.175 0.173 0.179 0.172 0.169 0.17 0.162 0.161 0.169 0.158 0.122 0.12 0.101 0.091 0.08 0.07 0.061 0.069 0.077 0.071 0.067 0.065 0.058 0.056 0.05 0.041 0.035 0.012 0.001 0.01 0.008 -0.001 0.002 -9999 -9999 -9999 -9999 -9999
-9999 -9999 -9999 -9999 -9999 -9999 -9999 -9999 -9999 -9999 -9999 -9999 -9999 -9999 -9999 -9999 -9999 -9999 -9999 -9999 -9999 -9999 -9999 -9999 -9999 -9999 -9999 -9999 -9999 -9999 -9999 -9999 -9999 -9999 -9999 -9999 -9999 0.193 0.187 0.176 0.18 0.186 0.183 0.181 0.174 0.166 0.172 0.18 0.151 0.116 0.113 0.109 0.099 0.087 0.076 0.064 0.071 0.083 0.076 0.07 0.068 0.066 0.065 0.064 0.056 0.047 0.026 0.001 0.009 0.021 0.012 0.007 -9999 -9999 -9999 -9999 -9999
-9999 -9999 -9999 -9999 -9999 -9999 -9999 -9999 -9999 -9999 -9999 -9999 -9999 -9999 -9999 -9999 -9999 -9999 -9999 -9999 -9999 -9999 -9999 -9999 -9999 -9999 -9999 -9999 -9999 -9999 -9999 -9999 -9999 -9999 -9999 -9999 0.194 0.203 0.203 0.205 0.204 0.189 0.185 0.18 0.176 0.177 0.176 0.162 0.147 0.12 0.123 0.124 0.114 0.103 0.1 0.093 0.101 0.113 0.091 0.076 0.07 0.067 0.07 0.072 0.066 0.058 0.038 0.014 -0.003 -0.006 -0.002 0.012 0.026 -9999 -9999 -9999 -9999
-9999 -9999 -9999 -9999 -9999 -9999 -9999 -9999 -9999 -9999 -9999 -9999 -9999 -9999 -9999 -9999 -9999 -9999 -9999 -9999 -9999 -9999 -9999 -9999 -9999 -9999 -9999 -9999 -9999 -9999 -9999 -9999 -9999 -9999 -9999 -9999 0.202 0.209 0.215 0.219 0.209 0.196 0.191 0.185 0.186 0.187 0.175 0.16 0.146 0.129 0.132 0.136 0.127 0.116 0.114 0.112 0.119 0.13 0.109 0.085 0.079 0.075 0.077 0.082 0.076 0.07 0.05 0.027 0.012 -0.006 -0.003 0.003 0.025 -9999 -9999 -9999 -9999
-9999 -9999 -9999 -9999 -9999 -9999 -9999 -9999 -9999 -9999 -9999 -9999 -9999 -9999 -9999 -9999 -9999 -9999 -9999 -9999 -9999 -9999 -9999 -9999 -9999 -9999 -9999 -9999 -9999 -9999 -9999 -9999 -9999 -9999 -9999 0.207 0.214 0.218 0.217 0.204 0.203 0.21 0.205 0.196 0.192 0.182 0.175 0.177 0.167 0.153 0.139 0.133 0.131 0.124 0.119 0.115 0.121 0.13 0.121 0.104 0.094 0.087 0.085 0.087 0.083 0.079 0.069 0.052 0.035 0.018 0.015 0.017 0.018 0.04 -9999 -9999 -9999
-9999 -9999 -9999 -9999 -9999 -9999 -9999 -9999 -9999 -9999 -9999 -9999 -9999 -9999 -9999 -9999 -9999 -9999 -9999 -9999 -9999 -9999 -9999 -9999 -9999 -9999 -9999 -9999 -9999 -9999 -9999 -9999 -9999 -9999 -9999 0.214 0.218 0.223 0.214 0.202 0.211 0.221 0.214 0.205 0.196 0.185 0.186 0.188 0.178 0.167 0.154 0.139 0.136 0.134 0.128 0.123 0.128 0.137 0.128 0.118 0.108 0.098 0.097 0.096 0.092 0.089 0.08 0.069 0.054 0.036 0.033 0.032 0.033 0.037 -9999 -9999 -9999
-9999 -9999 -9999 -9999 -9999 -9999 -9999 -9999 -9999 -9999 -9999 -9999 -9999 -9999 -9999 -9999 -9999 -9999 -9999 -9999 -9999 -9999 -9999 -9999 -9999 -9999 -9999 -9999 -9999 -9999 -9999 -9999 -9999 -9999 -9999 0.215 0.218 0.223 0.217 0.213 0.22 0.221 0.218 0.223 0.215 0.208 0.206 0.198 0.183 0.168 0.157 0.143 0.153 0.159 0.148 0.14 0.134 0.136 0.128 0.118 0.112 0.105 0.104 0.104 0.097 0.092 0.088 0.081 0.064 0.045 0.042 0.043 0.041 0.042 0.054 -9999 -9999
-9999 -9999 -9999 -9999 -9999 -9999 -9999 -9999 -9999 -9999 -9999 -9999 -9999 -9999 -9999 -9999 -9999 -9999 -9999 -9999 -9999 -9999 -9999 -9999 -9999 -9999 -9999 -9999 -9999 -9999 -9999 -9999 -9999 -9999 -9999 -9999 0.222 0.226 0.223 0.219 0.222 0.223 0.229 0.234 0.228 0.221 0.214 0.206 0.192 0.174 0.163 0.15 0.16 0.174 0.164 0.152 0.147 0.143 0.135 0.126 0.12 0.114 0.113 0.114 0.107 0.101 0.096 0.093 0.077 -9999 0.055 -9999 0.055 0.054 0.065 0.074 -9999
-9999 -9999 -9999 -9999 -9999 -9999 -9999 -9999 -9999 -9999 -9999 -9999 -9999 -9999 -9999 -9999 -9999 -9999 -9999 -9999 -9999 -9999 -9999 -9999 -9999 -9999 -9999 -9999 -9999 -9999 -9999 -9999 -9999 -9999 -9999 0.225 0.229 0.235 0.237 0.244 0.243 0.231 0.231 0.219 0.217 0.227 0.216 0.197 0.192 0.204 0.173 0.149 0.162 0.177 0.168 0.156 0.148 0.14 0.131 0.121 0.128 0.13 0.117 0.111 0.105 0.098 0.091 0.086 0.086 0.076 0.071 0.068 -9999 0.065 0.076 0.09 0.079
-9999 -9999 -9999 -9999 -9999 -9999 -9999 -9999 -9999 -9999 -9999 -9999 -9999 -9999 -9999 -9999 -9999 -9999 -9999 -9999 -9999 -9999 -9999 -9999 -9999 -9999 -9999 -9999 -9999 -9999 -9999 -9999 -9999 -9999 -9999 0.232 0.238 0.24 0.248 0.256 0.247 0.235 0.227 0.216 0.224 0.233 0.217 0.198 0.207 0.219 0.19 0.155 0.167 0.184 0.175 0.164 0.156 0.146 0.137 0.127 0.133 0.143 0.131 0.117 0.111 0.104 0.098 0.092 0.091 0.092 0.087 0.083 0.076 -9999 -9999 -9999 -9999
-9999 -9999 -9999 -9999 -9999 -9999 -9999 -9999 -9999 -9999 -9999 -9999 -9999 -9999 -9999 -9999 -9999 -9999 -9999 -9999 -9999 -9999 -9999 -9999 -9999 -9999 -9999 -9999 -9999 -9999 -9999 -9999 -9999 -9999 0.221 0.225 0.23 0.235 0.242 0.247 0.239 0.231 0.223 0.209 0.215 0.217 0.206 0.207 0.206 0.211 0.204 0.183 0.188 0.2 0.187 0.174 0.173 0.169 0.155 0.142 0.138 0.142 0.131 0.117 0.111 0.104 0.108 0.108 0.099 0.095 0.094 0.093 0.082 0.082 0.086 -9999 -9999
-9999 -9999 -9999 -9999 -9999 -9999 -9999 -9999 -9999 -9999 -9999 -9999 -9999 -9999 -9999 -9999 -9999 -9999 -9999 -9999 -9999 -9999 -9999 -9999 -9999 -9999 -9999 -9999 -9999 -9999 -9999 -9999 -9999 -9999 0.209 0.219 0.225 0.23 0.237 0.243 0.239 0.231 0.221 0.209 0.212 0.214 0.215 0.215 0.214 0.213 0.206 0.199 0.204 0.212 0.199 0.184 0.183 0.183 0.17 0.154 0.151 0.148 0.138 0.126 0.118 0.112 0.116 0.123 0.115 0.107 0.107 0.108 0.098 0.088 0.095 0.104 -9999
-9999 -9999 -9999 -9999 -9999 -9999 -9999 -9999 -9999 -9999 -9999 -9999 -9999 -9999 -9999 -9999 -9999 -9999 -9999 -9999 -9999 -9999 -9999 -9999 -9999 -9999 -9999 -9999 -9999 -9999 -9999 -9999 -9999 -9999 -9999 0.192 0.203 0.225 0.23 0.234 0.233 0.235 0.229 0.224 0.22 0.197 0.2 0.209 0.213 0.231 0.222 0.214 0.201 0.197 0.207 0.205 0.194 0.189 0.177 0.164 0.139 0.123 0.129 0.126 0.126 0.124 0.101 0.091 0.107 0.112 0.114 0.116 0.109 0.1 0.102 0.106 0.113
