Validation/Results/raw data/ReClimate_02_2024_1_Precipitation-Actualsweatherlogisticsltd.asc
NCOLS 192
NROWS 249
XLLCENTER -225160.85627316462
YLLCENTER 29788.11610251502
CELLSIZE 5000.0
NODATA_VALUE -9999
[rows 99 to 131 of 249, columns 75 to 149 of 192]
145.963 154.977 157.803 167.32 177.083 181.057 188.438 -9999 -9999 144.258 201.628 237.621 248.59 235.479 242.088 230.392 201.699 193.496 174.604 162.854 156.467 148.516 132.941 123.573 116.377 103.231 96.747 90.988 84.352 75.325 71.382 68.884 67.004 62.165 58.13 51.279 46.871 48.785 52.198 49.71 45.703 45.188 45.35 41.608 -9999 -9999 -9999 -9999 -9999 -9999 -9999 -9999 -9999 -9999 -9999 -9999 -9999 -9999 -9999 -9999 -9999 -9999 -9999 -9999 -9999 -9999 -9999 -9999 -9999 -9999 -9999 -9999 -9999 -9999 -9999
155.613 150.633 -9999 -9999 162.125 170.328 -9999 -9999 -9999 137.405 188.143 243.184 241.734 263.966 234.084 208.481 203.041 215.269 212.269 185.767 176.155 149.772 154.233 150.023 125.35 103.178 109.29 115.711 102.026 84.755 73.483 66.77 61.199 50.992 47.83 46.046 51.96 62.763 59.546 56.513 54.428 52.163 45.613 39.156 -9999 -9999 -9999 -9999 -9999 -9999 -9999 -9999 -9999 -9999 -9999 -9999 -9999 -9999 -9999 -9999 -9999 -9999 -9999 -9999 -9999 -9999 -9999 -9999 -9999 -9999 -9999 -9999 -9999 -9999 -9999
-9999 154.981 162.79 180.112 -9999 -9999 -9999 -9999 142.328 143.104 193.055 211.641 223.547 235.947 223.011 219.923 227.594 249.683 231.263 219.862 174.948 163.667 163.192 136.885 109.282 120.477 138.603 132.656 105.526 87.353 76.362 67.785 57.216 50.341 47.497 51.824 64.926 60.247 58.292 55.835 54.038 51.379 45.925 -9999 -9999 -9999 -9999 -9999 -9999 -9999 -9999 -9999 -9999 -9999 -9999 -9999 -9999 -9999 -9999 -9999 -9999 -9999 -9999 -9999 -9999 -9999 -9999 -9999 -9999 -9999 -9999 -9999 -9999 -9999 -9999
176.161 211.966 249.39 264.463 195.474 157.497 -9999 -9999 136.187 -9999 -9999 165.153 224.673 227.524 208.962 225.006 254.842 248.064 254.927 237.125 196.188 164.877 141.4 142.84 139.982 147.454 139.542 123.324 121.462 104.112 79.349 65.291 56.994 52.303 52.777 60.68 54.816 52.97 49.338 46.757 46.702 46.495 -9999 -9999 -9999 -9999 -9999 -9999 -9999 -9999 -9999 -9999 -9999 -9999 -9999 -9999 -9999 -9999 -9999 -9999 -9999 -9999 -9999 -9999 -9999 -9999 -9999 -9999 -9999 -9999 -9999 -9999 -9999 -9999 -9999
174.26 215.668 267.768 238.864 -9999 -9999 -9999 142.826 154.023 163.201 172.924 183.813 196.349 184.584 183.713 225.096 245.127 241.145 217.539 198.227 180.404 162.412 162.444 135.477 139.28 128.36 123.719 121.194 105.411 91.271 75.396 64.115 57.315 51.855 53.158 48.662 46.505 -9999 -9999 44.226 -9999 -9999 -9999 -9999 -9999 -9999 -9999 -9999 -9999 -9999 -9999 -9999 -9999 -9999 -9999 -9999 -9999 -9999 -9999 -9999 -9999 -9999 -9999 -9999 -9999 -9999 -9999 -9999 -9999 -9999 -9999 -9999 -9999 -9999 -9999
167.197 206.599 -9999 203.173 -9999 -9999 -9999 150.026 171.672 185.98 183.558 170.722 184.991 190.388 219.658 246.815 229.764 218.892 207.108 206.991 181.674 164.011 136.296 137.663 133.687 118.936 99.144 78.244 79.216 74.654 66.485 60.748 53.352 49.065 47.781 43.094 -9999 46.92 41.78 42.593 43.049 -9999 -9999 -9999 -9999 -9999 -9999 -9999 -9999 -9999 -9999 -9999 -9999 -9999 -9999 -9999 -9999 -9999 -9999 -9999 -9999 -9999 -9999 -9999 -9999 -9999 -9999 -9999 -9999 -9999 -9999 -9999 -9999 -9999 -9999
146.805 -9999 -9999 -9999 -9999 158.029 151.047 165.411 177.26 192.967 187.553 193.618 207.727 208.747 226.516 227.102 247.742 220.965 216.808 195.516 193.517 167.427 165.864 167.391 141.174 118.846 103.787 91.611 76.332 66.658 61.502 59.901 52.652 53.311 -9999 47.397 47.854 42.327 41.954 40.304 45.215 -9999 -9999 -9999 -9999 -9999 -9999 -9999 -9999 -9999 -9999 -9999 -9999 -9999 -9999 -9999 -9999 -9999 -9999 -9999 -9999 -9999 -9999 -9999 -9999 -9999 -9999 -9999 -9999 -9999 -9999 -9999 -9999 -9999 -9999
-9999 -9999 -9999 -9999 -9999 155.407 150.918 156.851 179.231 197.432 190.47 196.518 182.754 182.444 202.295 252.208 245.538 217.523 209.308 202.054 173.718 166.812 178.079 154.193 155.86 151.53 119.578 107.422 82.761 70.392 77.013 76.496 69.332 69.103 61.815 52.788 48.778 48.168 51.202 48.53 49.604 48.088 -9999 -9999 -9999 -9999 -9999 -9999 -9999 -9999 -9999 -9999 -9999 -9999 -9999 -9999 -9999 -9999 -9999 -9999 -9999 -9999 -9999 -9999 -9999 -9999 -9999 -9999 -9999 -9999 -9999 -9999 -9999 -9999 -9999
-9999 -9999 -9999 -9999 148.812 -9999 -9999 150.731 179.368 193.307 202.999 188.544 -9999 -9999 217.723 262.203 272.713 216.566 195.602 181.447 164.015 160.148 145.909 134.279 132.203 108.382 105.132 97.55 94.702 101.14 107.023 90.416 81.485 71.386 64.565 62.003 54.697 59.34 51.937 56.083 53.978 47.322 39.917 -9999 -9999 -9999 -9999 -9999 -9999 -9999 -9999 -9999 -9999 -9999 -9999 -9999 -9999 -9999 -9999 -9999 -9999 -9999 -9999 -9999 -9999 -9999 -9999 -9999 -9999 -9999 -9999 -9999 -9999 -9999 -9999
-9999 -9999 -9999 -9999 139.013 -9999 133.296 142.265 162.557 205.407 221.202 177.579 178.127 200.935 231.938 242.104 196.5 195.459 207.005 168.946 153.968 144.964 131.308 109.526 95.789 83.117 85.71 107.345 128.541 135.984 110.676 93.544 76.845 68.106 67.282 64.003 58.668 53.345 49.844 47.282 46.163 40.739 -9999 -9999 -9999 -9999 -9999 -9999 -9999 -9999 -9999 -9999 -9999 -9999 -9999 -9999 -9999 -9999 -9999 -9999 -9999 -9999 -9999 -9999 -9999 -9999 -9999 -9999 -9999 -9999 -9999 -9999 -9999 -9999 -9999
-9999 -9999 -9999 -9999 129.214 -9999 118.6 118.585 149.923 178.109 161.836 -9999 195.321 200.401 -9999 200.059 190.773 197.805 166.24 173.836 152.041 136.192 105.251 88.762 82.427 82.373 83.335 94.161 95.313 84.801 87.277 81.355 74.534 66.773 65.221 57.05 52.233 48.656 -9999 -9999 -9999 -9999 -9999 -9999 -9999 -9999 -9999 -9999 -9999 -9999 -9999 -9999 -9999 -9999 -9999 -9999 -9999 -9999 -9999 -9999 -9999 -9999 -9999 -9999 -9999 -9999 -9999 -9999 -9999 -9999 -9999 -9999 -9999 -9999 -9999
-9999 -9999 111.886 118.402 -9999 -9999 106.305 124.464 141.563 142.011 161.045 194.773 189.616 209.272 -9999 164.517 175.25 160.383 150.596 141.832 137.539 113.918 103.101 93.847 100.119 95.9 79.093 74.25 67.559 69.364 70.991 71.172 70.932 65.386 62.004 57.789 50.116 -9999 -9999 -9999 -9999 -9999 -9999 -9999 -9999 -9999 -9999 -9999 -9999 -9999 -9999 -9999 -9999 -9999 -9999 -9999 -9999 -9999 -9999 -9999 -9999 -9999 -9999 -9999 -9999 -9999 -9999 -9999 -9999 -9999 -9999 -9999 -9999 -9999 -9999
-9999 97.729 100.852 106.752 -9999 112.351 123.321 133.731 135.665 -9999 176.672 182.878 200.739 209.385 -9999 159.168 158.143 138.948 118.98 116.847 107.315 106.933 106.432 103.198 116.493 105.58 94.078 81.484 -9999 57.532 59.757 62.921 64.429 60.125 60.412 54.336 -9999 -9999 -9999 -9999 -9999 -9999 -9999 -9999 -9999 -9999 -9999 -9999 -9999 -9999 -9999 -9999 -9999 -9999 -9999 -9999 -9999 -9999 -9999 -9999 -9999 -9999 -9999 -9999 -9999 -9999 -9999 -9999 -9999 -9999 -9999 -9999 -9999 -9999 -9999
-9999 86.696 83.435 -9999 -9999 121.38 133.928 136.343 -9999 151.441 170.761 184.519 195.48 190.188 -9999 140.369 121.76 113.399 108.169 109.988 110.822 115.291 131.747 136.376 136.24 125.567 99.085 77.353 61.199 55.385 -9999 -9999 52.46 50.192 -9999 -9999 -9999 -9999 -9999 -9999 37.727 35.801 33.005 -9999 -9999 -9999 -9999 -9999 -9999 -9999 -9999 -9999 -9999 -9999 -9999 -9999 -9999 -9999 -9999 -9999 -9999 -9999 -9999 -9999 -9999 -9999 -9999 -9999 -9999 -9999 -9999 -9999 -9999 -9999 -9999
92.563 97.063 -9999 -9999 107.495 122.651 121.906 139.282 -9999 147.582 164.952 166.13 167.993 175.622 -9999 -9999 -9999 117.015 111.358 111.044 115.16 120.972 120.471 112.186 113.816 101.69 88.341 77.165 68.61 60.922 54.68 55.739 53.477 47.826 -9999 -9999 -9999 -9999 -9999 38.634 37.339 36.248 34.469 34.511 -9999 -9999 -9999 -9999 -9999 -9999 -9999 -9999 -9999 -9999 -9999 -9999 -9999 -9999 -9999 -9999 -9999 -9999 -9999 -9999 -9999 -9999 -9999 -9999 -9999 -9999 -9999 -9999 -9999 -9999 -9999
110.872 107.097 -9999 -9999 -9999 100.839 124.552 129.324 -9999 133.372 -9999 137.864 148.17 139.981 -9999 125.603 130.804 125.708 -9999 100.965 94.05 97.895 93.406 93.75 94.378 90.663 84.3 79.17 75.487 66.653 64.409 61.719 53.001 45.98 42.754 42.683 44.163 -9999 40.323 38.245 38.735 40.766 45.467 47.935 51.685 35.883 -9999 -9999 -9999 -9999 -9999 -9999 -9999 -9999 -9999 -9999 -9999 -9999 -9999 -9999 -9999 -9999 -9999 -9999 -9999 -9999 -9999 -9999 -9999 -9999 -9999 -9999 -9999 -9999 -9999
116.139 -9999 -9999 -9999 -9999 109.353 126.617 116.236 -9999 115.113 -9999 118.129 116.103 -9999 130.346 140.18 151.893 141.798 110.242 91.309 81.416 78.281 76.872 80.463 77.565 75.537 76.466 77.466 74.847 68.445 69.74 58.72 56.334 52.264 51.599 51.937 46.877 43.721 42.878 41.784 42.331 45.246 53.948 57.505 56.988 50.126 41.259 38.403 40.054 -9999 -9999 -9999 -9999 -9999 -9999 -9999 -9999 -9999 -9999 -9999 -9999 -9999 -9999 -9999 -9999 -9999 -9999 -9999 -9999 -9999 -9999 -9999 -9999 -9999 -9999
120.993 -9999 -9999 -9999 -9999 103.022 106.859 115.726 118.472 -9999 -9999 95.784 99.969 -9999 119.464 140.705 170.073 142.958 115.434 94.99 84.371 75.317 71.869 65.332 63.31 65.68 72.794 79.581 78.544 78.39 67.26 72.628 67.385 65.85 66.787 57.158 51.47 48.525 51.494 53.718 52.531 65.641 69.127 64.038 61.645 54.68 53.588 43.679 40.17 38.743 -9999 -9999 -9999 -9999 -9999 -9999 -9999 -9999 -9999 -9999 -9999 -9999 -9999 -9999 -9999 -9999 -9999 -9999 -9999 -9999 -9999 -9999 -9999 -9999 -9999
-9999 -9999 -9999 -9999 -9999 89.741 99.669 114.697 106.383 -9999 -9999 95.729 94.99 -9999 -9999 143.101 143.497 130.903 115.572 109.869 99.509 89.331 77.048 74.991 66.245 67.677 74.822 77.817 82.379 81.679 85.672 79.37 77.224 78.196 67.605 60.461 57.508 56.212 62.345 64.292 68.767 73.429 73.067 67.489 59.793 55.947 47.535 43.094 40.569 38.618 -9999 -9999 -9999 -9999 -9999 -9999 -9999 -9999 -9999 -9999 -9999 -9999 -9999 -9999 -9999 -9999 -9999 -9999 -9999 -9999 -9999 -9999 -9999 -9999 -9999
-9999 -9999 -9999 -9999 -9999 84.883 98.826 111.441 -9999 -9999 -9999 -9999 91.369 -9999 97.405 118.389 124.067 115.049 112.397 113.84 108.75 100.335 96.66 87.196 77.17 71.517 68.492 71.081 74.599 81.301 81.366 79.632 77.924 72.174 69.164 67.925 62.744 71.247 72.264 68.987 67.739 64.205 60.787 60.027 57.746 51.174 42.499 36.803 40.584 42.284 37.356 -9999 -9999 -9999 -9999 -9999 -9999 -9999 -9999 -9999 -9999 -9999 -9999 -9999 -9999 -9999 -9999 -9999 -9999 -9999 -9999 -9999 -9999 -9999 -9999
-9999 -9999 -9999 100.141 94.88 94.797 104.164 -9999 -9999 126.249 -9999 -9999 -9999 -9999 89.446 101.071 101.386 98.583 102.513 103.598 108.254 107.237 107.368 100.135 86.821 77.125 68.166 63.841 69.153 69.759 67.359 70.263 64.109 69.481 76.428 69.096 80.924 86.138 81.038 75.26 69.883 61.412 54.286 54.05 54.688 49.384 39.428 38.346 39.733 37.058 38.666 -9999 -9999 -9999 -9999 -9999 -9999 -9999 -9999 -9999 -9999 -9999 -9999 -9999 -9999 -9999 -9999 -9999 -9999 -9999 -9999 -9999 -9999 -9999 -9999
-9999 -9999 -9999 -9999 100.037 102.083 114.544 -9999 118.984 135.207 145.226 -9999 -9999 -9999 -9999 80.718 80.404 83.649 86.814 91.189 95.226 102.272 104.304 101.786 88.907 76.719 67.712 70.443 63.879 60.985 66.27 69.209 69.867 76.73 68.572 75.664 77.105 80.228 83.241 78.149 67.258 56.085 51.532 47.79 46.141 43.552 37.796 35.848 37.546 38.733 39.903 39.065 -9999 -9999 -9999 -9999 -9999 -9999 -9999 -9999 -9999 -9999 -9999 -9999 -9999 -9999 -9999 -9999 -9999 -9999 -9999 -9999 -9999 -9999 -9999
-9999 -9999 -9999 -9999 99.321 108.732 121.952 -9999 101.239 130.723 146.771 -9999 -9999 -9999 -9999 -9999 69.004 71.452 70.0 69.072 85.96 92.3 100.244 100.401 101.387 93.491 84.728 70.108 63.435 63.492 65.655 65.168 67.952 70.208 69.591 69.84 73.525 73.115 66.027 61.626 53.86 52.223 47.156 44.349 43.2 37.958 35.711 34.371 36.99 40.454 41.18 41.623 38.192 -9999 -9999 -9999 -9999 -9999 -9999 -9999 -9999 -9999 -9999 -9999 -9999 -9999 -9999 -9999 -9999 -9999 -9999 -9999 -9999 -9999 -9999
-9999 -9999 -9999 -9999 101.265 112.507 -9999 -9999 90.778 117.697 134.074 111.62 -9999 -9999 -9999 -9999 -9999 63.425 65.609 75.995 80.193 94.925 101.706 107.656 110.229 103.248 91.878 78.37 77.194 71.482 71.561 76.145 82.503 78.897 91.181 82.264 87.536 72.434 75.159 65.612 54.929 51.865 45.442 39.549 38.275 39.544 41.052 43.681 40.273 39.965 41.045 43.512 39.239 36.975 34.144 -9999 -9999 -9999 -9999 -9999 -9999 -9999 -9999 -9999 -9999 -9999 -9999 -9999 -9999 -9999 -9999 -9999 -9999 -9999 -9999
-9999 -9999 -9999 -9999 105.748 95.022 -9999 -9999 95.018 112.482 115.019 -9999 -9999 -9999 -9999 -9999 -9999 61.042 67.034 69.41 75.187 83.846 89.694 97.192 101.34 100.979 97.815 87.424 80.382 83.775 92.591 104.858 95.587 101.292 105.306 101.647 80.761 74.959 64.237 57.622 55.375 50.226 43.34 41.654 40.038 39.658 44.214 48.384 56.666 55.286 45.786 44.617 42.666 38.622 35.823 -9999 -9999 -9999 -9999 -9999 -9999 -9999 -9999 -9999 -9999 -9999 -9999 -9999 -9999 -9999 -9999 -9999 -9999 -9999 -9999
-9999 -9999 -9999 -9999 98.46 81.17 -9999 -9999 -9999 93.155 95.895 88.305 -9999 -9999 -9999 -9999 -9999 59.406 64.597 66.0 70.202 76.469 84.072 97.342 108.522 113.033 100.589 92.968 86.241 89.103 96.668 104.575 106.258 121.039 113.194 99.124 94.421 81.224 71.267 66.353 55.628 52.368 47.865 40.095 40.127 46.195 52.394 62.067 74.728 69.274 56.455 48.261 43.38 41.778 39.357 -9999 -9999 -9999 -9999 -9999 -9999 -9999 -9999 -9999 -9999 -9999 -9999 -9999 -9999 -9999 -9999 -9999 -9999 -9999 -9999
-9999 -9999 -9999 110.229 94.625 81.775 -9999 -9999 -9999 -9999 -9999 -9999 -9999 -9999 -9999 -9999 -9999 69.097 72.84 72.374 72.601 79.221 86.15 96.555 106.638 114.684 110.66 104.656 110.459 106.323 114.802 121.649 130.336 131.653 128.494 124.333 105.853 89.584 79.453 66.147 60.552 50.892 44.651 45.545 45.369 53.41 62.846 79.207 79.212 77.009 62.224 49.144 45.59 42.158 41.114 34.108 -9999 -9999 -9999 -9999 -9999 -9999 -9999 -9999 -9999 -9999 -9999 -9999 -9999 -9999 -9999 -9999 -9999 -9999 -9999
-9999 -9999 110.449 108.356 97.807 81.718 -9999 -9999 -9999 -9999 -9999 -9999 -9999 -9999 -9999 71.12 70.993 75.285 83.207 87.882 91.998 96.669 103.8 103.942 106.826 107.14 115.059 124.087 123.894 130.81 128.923 121.118 119.023 134.353 128.779 124.471 104.323 90.811 76.777 65.241 57.053 58.689 59.525 48.594 50.47 58.621 71.598 71.047 75.616 77.813 63.235 47.845 45.171 46.134 42.712 37.075 -9999 -9999 -9999 -9999 -9999 -9999 -9999 -9999 -9999 -9999 -9999 -9999 -9999 -9999 -9999 -9999 -9999 -9999 -9999
-9999 -9999 104.082 89.8 76.895 -9999 -9999 -9999 -9999 -9999 -9999 -9999 -9999 -9999 -9999 71.24 73.502 80.605 89.991 91.74 97.836 116.431 128.262 122.974 115.553 118.394 111.46 117.409 131.528 134.768 125.792 112.913 111.538 121.004 130.602 118.853 111.489 99.364 87.464 71.59 69.448 70.577 61.525 56.4 68.75 77.994 76.191 71.782 69.611 59.427 53.753 53.09 52.831 48.689 44.768 38.651 -9999 -9999 -9999 -9999 -9999 -9999 -9999 -9999 -9999 -9999 -9999 -9999 -9999 -9999 -9999 -9999 -9999 -9999 -9999
-9999 -9999 -9999 -9999 -9999 -9999 -9999 -9999 -9999 -9999 -9999 -9999 -9999 -9999 -9999 75.111 79.218 93.104 101.963 110.201 111.103 129.461 141.537 155.281 138.303 117.968 113.063 119.21 126.775 144.332 134.45 107.349 107.307 119.048 122.127 121.794 113.615 108.538 94.888 94.187 92.245 85.488 82.037 86.184 92.487 83.5 74.646 69.116 63.984 62.94 55.042 51.843 51.05 48.157 43.183 38.847 -9999 -9999 -9999 -9999 -9999 -9999 -9999 -9999 -9999 -9999 -9999 -9999 -9999 -9999 -9999 -9999 -9999 -9999 -9999
-9999 -9999 -9999 -9999 -9999 -9999 -9999 -9999 -9999 -9999 -9999 -9999 -9999 -9999 78.612 84.1 94.701 108.044 128.824 118.56 123.151 128.377 151.375 146.073 133.071 118.058 111.061 99.571 106.777 117.398 125.112 121.768 103.184 103.822 111.318 111.136 110.834 108.25 108.629 100.571 104.216 94.763 90.3 99.467 88.554 87.262 74.758 59.551 65.598 67.011 64.676 55.05 50.438 45.269 41.651 39.088 -9999 -9999 -9999 -9999 -9999 -9999 -9999 -9999 -9999 -9999 -9999 -9999 -9999 -9999 -9999 -9999 -9999 -9999 -9999
-9999 -9999 -9999 -9999 -9999 -9999 -9999 -9999 -9999 -9999 -9999 -9999 -9999 -9999 85.365 96.422 111.213 134.458 133.745 131.14 131.904 143.29 131.115 126.539 117.87 117.848 104.376 89.603 92.211 109.45 130.712 134.219 94.078 92.967 95.998 98.333 105.58 112.836 95.493 106.961 99.909 90.936 101.684 89.613 89.01 81.048 64.425 65.051 63.424 62.73 62.895 59.353 52.975 47.952 42.305 38.381 -9999 -9999 -9999 -9999 -9999 -9999 -9999 -9999 -9999 -9999 -9999 -9999 -9999 -9999 -9999 -9999 -9999 -9999 -9999
-9999 -9999 -9999 -9999 -9999 -9999 -9999 -9999 -9999 -9999 -9999 -9999 -9999 84.956 93.601 104.719 126.232 135.261 143.47 155.045 156.075 148.522 127.115 114.205 113.26 112.981 105.133 93.143 92.719 101.373 113.6 89.287 79.691 85.028 91.551 97.677 110.44 98.484 97.936 104.046 93.28 94.383 92.81 85.735 84.402 68.987 68.795 66.309 63.237 61.975 57.887 54.63 50.062 47.736 43.639 38.694 36.774 -9999 -9999 -9999 -9999 -9999 -9999 -9999 -9999 -9999 -9999 -9999 -9999 -9999 -9999 -9999 -9999 -9999 -9999
