Validation/Results/raw data/ReClimate_07_2024_1_Precipitation-Actualsweatherlogisticsltd.asc
NCOLS 192
NROWS 249
XLLCENTER -225160.85627316462
YLLCENTER 29788.11610251502
CELLSIZE 5000.0
NODATA_VALUE -9999
[rows 132 to 164 of 249, columns 74 to 147 of 192]
-9999 -9999 -9999 -9999 -9999 -9999 -9999 -9999 -9999 -9999 -9999 -9999 -9999 164.644 170.423 169.891 168.772 192.046 207.723 239.502 259.375 275.858 257.805 192.28 180.534 192.632 199.366 185.622 176.38 175.515 163.494 162.708 168.195 154.625 179.576 198.659 212.789 206.646 193.073 199.549 194.318 182.786 201.121 196.914 181.576 170.926 159.045 154.318 144.205 135.719 133.773 122.997 115.367 110.249 111.05 106.559 107.135 104.231 -9999 -9999 -9999 -9999 -9999 -9999 -9999 -9999 -9999 -9999 -9999 -9999 -9999 -9999 -9999 -9999
106.309 -9999 -9999 -9999 -9999 -9999 -9999 -9999 -9999 -9999 -9999 -9999 -9999 167.753 199.107 169.92 165.134 174.596 185.724 228.231 302.935 301.56 237.418 208.54 187.502 193.33 191.439 191.049 202.672 166.178 153.124 158.402 158.52 173.292 177.093 200.604 204.778 194.156 185.274 181.946 177.593 186.672 191.268 191.692 183.662 173.555 162.085 143.348 133.736 131.851 124.383 121.747 118.477 110.295 106.351 109.109 104.354 104.089 -9999 -9999 -9999 -9999 -9999 -9999 -9999 -9999 -9999 -9999 -9999 -9999 -9999 -9999 -9999 -9999
120.135 -9999 -9999 -9999 -9999 -9999 -9999 -9999 -9999 -9999 -9999 -9999 160.497 192.85 184.337 174.672 174.644 175.512 178.955 224.329 271.443 252.588 237.032 215.896 195.291 179.503 182.68 197.322 178.965 168.047 152.626 141.009 161.939 165.172 174.562 183.806 186.733 177.32 167.853 165.053 174.097 169.197 181.095 190.885 173.416 154.313 150.267 148.815 133.147 124.611 114.179 110.234 114.405 114.452 105.842 104.467 107.956 104.836 99.068 -9999 -9999 -9999 -9999 -9999 -9999 -9999 -9999 -9999 -9999 -9999 -9999 -9999 -9999 -9999
115.933 -9999 -9999 -9999 -9999 -9999 -9999 -9999 -9999 -9999 -9999 144.582 -9999 162.644 177.052 175.087 172.916 167.221 158.7 189.904 207.962 233.128 268.156 226.128 185.63 168.629 165.991 166.118 172.074 170.773 163.377 155.497 160.173 154.179 153.247 155.259 154.054 152.92 149.333 148.963 152.843 158.041 159.475 151.359 143.777 141.568 143.457 138.238 123.31 109.677 118.185 121.347 112.529 111.152 109.341 104.307 105.025 104.557 100.874 -9999 -9999 -9999 -9999 -9999 -9999 -9999 -9999 -9999 -9999 -9999 -9999 -9999 -9999 -9999
127.162 118.426 -9999 -9999 -9999 -9999 -9999 -9999 -9999 -9999 -9999 136.375 -9999 146.676 157.668 157.239 158.857 156.737 160.533 164.088 180.047 229.671 239.158 219.294 193.969 169.815 157.464 161.834 173.146 191.271 195.325 -9999 -9999 -9999 -9999 -9999 -9999 138.888 134.266 135.534 141.396 138.322 132.493 139.109 142.972 134.245 129.518 128.754 114.701 118.777 122.746 110.586 105.815 105.656 109.251 100.782 97.481 98.528 99.697 94.325 -9999 -9999 -9999 -9999 -9999 -9999 -9999 -9999 -9999 -9999 -9999 -9999 -9999 -9999
135.105 124.507 102.297 -9999 -9999 -9999 -9999 -9999 -9999 -9999 -9999 131.379 132.951 131.431 132.373 145.375 152.1 159.504 156.593 150.929 162.163 200.359 228.272 207.106 196.163 176.425 166.82 178.404 170.896 185.435 171.219 -9999 -9999 -9999 -9999 135.076 136.481 131.79 127.784 127.197 129.653 130.608 141.106 155.578 153.387 136.498 136.515 112.888 101.437 120.775 115.371 108.049 106.661 104.277 104.436 117.552 112.063 100.818 102.058 91.489 -9999 -9999 -9999 -9999 -9999 -9999 -9999 -9999 -9999 -9999 -9999 -9999 -9999 -9999
129.897 111.617 110.076 105.203 -9999 -9999 -9999 -9999 -9999 -9999 -9999 131.082 124.8 123.498 -9999 -9999 151.029 155.999 149.461 142.372 -9999 165.293 177.755 175.482 178.997 168.22 178.905 177.522 168.621 -9999 -9999 -9999 -9999 -9999 133.533 133.353 129.86 121.127 123.3 122.604 123.024 132.911 151.192 177.397 180.364 152.499 145.548 119.182 124.308 119.953 113.32 117.075 107.742 112.516 109.31 112.713 112.063 105.071 101.33 94.564 -9999 -9999 -9999 -9999 -9999 -9999 -9999 -9999 -9999 -9999 -9999 -9999 -9999 -9999
113.984 121.129 125.87 111.256 -9999 -9999 -9999 -9999 -9999 -9999 -9999 -9999 122.964 115.272 -9999 -9999 -9999 140.353 141.089 139.25 137.297 -9999 -9999 155.821 157.213 156.573 178.214 179.779 -9999 -9999 -9999 -9999 -9999 142.977 135.247 135.602 130.319 125.157 126.429 122.346 125.783 135.393 148.472 175.637 172.636 175.049 149.375 150.103 146.57 135.587 123.682 128.465 123.992 110.49 112.45 113.819 107.417 102.126 103.801 100.886 -9999 -9999 -9999 -9999 -9999 -9999 -9999 -9999 -9999 -9999 -9999 -9999 -9999 -9999
111.024 117.555 109.933 -9999 -9999 -9999 -9999 -9999 -9999 -9999 -9999 -9999 -9999 114.034 -9999 -9999 -9999 -9999 131.513 144.877 145.844 -9999 -9999 -9999 154.316 157.902 -9999 -9999 -9999 -9999 -9999 -9999 -9999 140.916 140.044 142.688 137.157 140.538 133.377 124.717 120.81 124.594 142.952 152.762 170.837 166.582 161.166 169.085 160.794 142.986 121.952 130.978 130.342 116.256 106.09 106.032 103.024 99.801 104.78 100.986 -9999 -9999 -9999 -9999 -9999 -9999 -9999 -9999 -9999 -9999 -9999 -9999 -9999 -9999
110.484 99.902 -9999 -9999 -9999 -9999 -9999 -9999 -9999 -9999 -9999 -9999 -9999 120.788 -9999 -9999 -9999 -9999 -9999 140.373 141.509 -9999 -9999 -9999 -9999 -9999 -9999 -9999 -9999 -9999 -9999 -9999 -9999 140.337 157.305 160.373 163.746 160.476 143.908 130.241 124.048 123.284 129.802 152.221 181.191 201.852 195.832 174.039 156.438 125.958 119.422 113.506 111.306 112.396 114.281 105.994 98.885 98.021 104.672 105.1 95.097 -9999 -9999 -9999 -9999 -9999 -9999 -9999 -9999 -9999 -9999 -9999 -9999 -9999
103.743 -9999 94.979 96.131 94.164 90.011 -9999 -9999 -9999 -9999 -9999 -9999 -9999 119.721 -9999 -9999 -9999 -9999 -9999 -9999 -9999 -9999 -9999 -9999 -9999 -9999 -9999 -9999 -9999 -9999 -9999 -9999 144.265 143.816 158.032 164.443 168.597 186.83 165.042 153.582 136.935 120.73 127.796 125.99 164.498 210.585 214.148 178.47 152.489 165.247 162.579 134.459 122.17 104.104 107.9 111.836 108.777 105.569 102.591 104.471 99.802 91.555 -9999 -9999 -9999 -9999 -9999 -9999 -9999 -9999 -9999 -9999 -9999 -9999
99.345 98.3 99.637 96.403 88.471 88.037 -9999 -9999 -9999 -9999 -9999 -9999 -9999 -9999 -9999 -9999 -9999 -9999 -9999 -9999 -9999 -9999 -9999 -9999 -9999 -9999 -9999 -9999 -9999 -9999 -9999 154.565 144.213 153.716 169.662 184.427 208.753 254.315 222.101 166.372 137.111 126.095 111.124 117.48 146.334 196.724 226.914 189.756 168.53 157.139 144.376 138.385 131.826 123.04 107.851 108.113 103.69 101.594 100.431 101.782 99.242 91.718 -9999 -9999 -9999 -9999 -9999 -9999 -9999 -9999 -9999 -9999 -9999 -9999
97.303 98.102 97.142 89.712 -9999 85.125 84.858 -9999 -9999 -9999 -9999 -9999 -9999 -9999 -9999 -9999 -9999 -9999 -9999 -9999 -9999 -9999 -9999 -9999 -9999 -9999 -9999 -9999 -9999 -9999 -9999 175.018 165.825 171.783 214.321 234.217 237.59 223.386 215.118 187.906 157.19 133.72 124.807 119.72 131.57 167.95 189.99 206.19 170.053 145.204 132.325 122.495 112.429 111.571 101.265 105.056 105.428 101.933 95.788 95.682 92.439 88.61 87.669 89.509 -9999 -9999 -9999 -9999 -9999 -9999 -9999 -9999 -9999 -9999
100.639 99.365 90.166 86.497 -9999 -9999 85.357 -9999 -9999 -9999 -9999 -9999 -9999 -9999 -9999 -9999 -9999 -9999 -9999 -9999 -9999 -9999 -9999 -9999 -9999 -9999 -9999 -9999 -9999 -9999 -9999 179.609 179.978 208.031 241.485 244.766 247.781 264.28 251.631 212.747 179.452 164.869 140.862 139.99 141.732 122.984 153.021 159.727 139.797 138.751 127.341 107.924 102.457 100.084 98.277 94.034 100.353 96.209 93.524 89.979 88.032 85.094 98.414 96.985 97.446 94.554 99.651 -9999 -9999 -9999 -9999 -9999 -9999 -9999
97.812 96.214 97.09 87.468 83.25 -9999 85.519 -9999 -9999 -9999 -9999 -9999 -9999 -9999 -9999 -9999 -9999 -9999 -9999 -9999 -9999 -9999 -9999 -9999 -9999 -9999 -9999 -9999 -9999 -9999 146.052 186.173 209.336 256.674 317.734 357.543 346.926 285.613 274.359 260.622 249.46 208.238 193.392 172.932 144.804 122.248 134.434 124.531 129.868 140.524 126.972 111.787 102.541 98.078 93.856 93.503 93.791 91.217 89.543 93.999 93.668 94.134 97.439 115.582 109.434 107.691 106.127 101.683 98.826 -9999 -9999 -9999 -9999 -9999
106.578 99.674 90.875 88.246 -9999 86.173 -9999 -9999 -9999 -9999 -9999 -9999 -9999 -9999 -9999 -9999 -9999 -9999 -9999 -9999 -9999 -9999 -9999 -9999 -9999 -9999 -9999 -9999 -9999 -9999 -9999 151.418 194.047 255.276 318.798 356.044 358.199 338.605 291.375 280.635 253.384 260.232 226.469 183.786 152.159 140.749 136.557 136.768 169.92 147.754 138.45 136.315 122.806 103.932 94.78 92.577 93.519 92.915 90.663 91.654 93.307 91.678 94.465 108.824 109.016 104.168 103.964 104.728 103.864 96.956 -9999 -9999 -9999 -9999
111.663 98.283 89.761 87.95 88.618 91.197 -9999 -9999 -9999 -9999 -9999 -9999 -9999 -9999 -9999 -9999 -9999 -9999 -9999 -9999 -9999 -9999 -9999 -9999 -9999 -9999 -9999 -9999 -9999 -9999 -9999 -9999 156.814 201.665 252.473 296.582 327.579 352.305 255.199 221.078 242.028 239.727 204.052 187.937 180.603 171.245 156.209 172.689 169.536 159.487 169.427 151.471 126.318 119.56 103.931 96.345 90.426 92.354 94.229 94.644 94.799 108.983 109.672 125.254 138.283 122.196 118.956 102.505 102.924 100.756 94.355 -9999 -9999 -9999
106.404 92.739 86.531 87.97 90.654 -9999 -9999 -9999 -9999 -9999 -9999 -9999 -9999 -9999 -9999 -9999 -9999 -9999 -9999 -9999 -9999 -9999 -9999 -9999 -9999 -9999 -9999 -9999 -9999 -9999 -9999 -9999 140.664 178.912 223.079 254.955 312.539 291.876 223.65 213.512 206.682 187.597 181.662 174.442 175.129 209.318 182.763 188.234 188.267 169.701 146.958 127.131 117.31 114.276 113.78 101.526 92.175 91.914 95.405 100.387 106.12 114.907 123.369 119.6 126.05 121.816 122.824 117.889 103.003 103.16 100.875 90.722 -9999 -9999
99.237 98.305 92.429 89.066 84.825 -9999 -9999 -9999 -9999 -9999 -9999 -9999 -9999 -9999 -9999 -9999 -9999 -9999 -9999 -9999 -9999 -9999 -9999 -9999 -9999 -9999 -9999 -9999 -9999 -9999 -9999 -9999 -9999 167.868 214.646 242.995 259.665 233.479 216.851 192.793 178.857 172.749 165.766 164.431 189.128 188.74 210.058 192.175 179.472 162.765 143.661 135.157 132.745 108.973 109.104 100.728 96.077 95.527 94.999 103.174 112.285 113.691 117.192 119.834 121.674 115.338 110.423 116.26 116.38 107.135 107.385 97.25 -9999 -9999
110.918 -9999 -9999 -9999 -9999 -9999 -9999 -9999 -9999 -9999 -9999 -9999 -9999 -9999 -9999 -9999 -9999 -9999 -9999 -9999 -9999 -9999 -9999 -9999 -9999 -9999 -9999 -9999 -9999 -9999 -9999 -9999 -9999 158.221 202.545 210.814 197.999 200.448 183.837 183.077 173.42 159.065 166.092 171.026 179.092 226.575 198.544 193.549 178.678 163.857 136.029 128.913 120.893 115.271 100.899 99.91 92.375 90.325 94.921 96.505 107.843 116.083 112.931 107.199 108.402 106.065 106.408 107.705 119.768 122.449 107.088 98.756 88.012 -9999
132.282 -9999 -9999 -9999 -9999 -9999 -9999 -9999 -9999 -9999 -9999 -9999 -9999 -9999 -9999 -9999 -9999 -9999 -9999 -9999 -9999 -9999 -9999 -9999 -9999 -9999 -9999 -9999 -9999 -9999 -9999 -9999 -9999 -9999 179.744 174.354 178.994 179.977 168.292 164.003 150.809 148.501 158.068 168.51 189.57 203.965 214.159 203.551 199.265 174.437 162.2 145.55 122.336 122.726 111.055 96.457 90.109 86.981 87.981 93.04 94.188 106.724 112.685 100.617 88.866 89.677 88.387 90.54 93.554 99.155 97.623 90.494 86.85 -9999
108.924 -9999 -9999 -9999 -9999 -9999 -9999 -9999 -9999 -9999 -9999 -9999 -9999 -9999 -9999 -9999 -9999 -9999 -9999 -9999 -9999 -9999 -9999 -9999 -9999 -9999 -9999 -9999 -9999 -9999 -9999 -9999 -9999 -9999 155.319 -9999 157.241 149.591 145.175 142.908 -9999 139.732 150.46 163.668 176.787 208.557 211.713 204.128 196.008 178.349 169.866 175.297 145.655 129.069 119.472 106.802 91.123 86.523 86.472 87.272 92.426 94.183 99.127 96.684 88.062 82.264 76.624 76.656 82.544 86.766 86.776 97.022 97.466 88.821
-9999 -9999 -9999 -9999 -9999 -9999 -9999 -9999 -9999 -9999 -9999 -9999 -9999 -9999 -9999 -9999 -9999 -9999 -9999 -9999 -9999 -9999 -9999 -9999 -9999 -9999 -9999 -9999 -9999 -9999 -9999 -9999 -9999 -9999 -9999 140.671 143.011 -9999 -9999 -9999 -9999 134.711 143.536 145.558 159.174 171.462 186.653 186.946 181.225 178.163 157.026 160.754 164.931 138.036 124.067 107.562 96.171 90.102 87.29 86.411 88.467 91.497 94.632 98.468 92.988 89.001 85.43 76.999 81.979 90.968 91.751 85.612 90.728 92.449
-9999 -9999 -9999 -9999 -9999 -9999 -9999 -9999 -9999 -9999 -9999 -9999 -9999 -9999 -9999 -9999 -9999 -9999 -9999 -9999 -9999 -9999 -9999 -9999 -9999 -9999 -9999 -9999 -9999 -9999 -9999 -9999 -9999 -9999 -9999 129.561 128.938 -9999 -9999 -9999 -9999 129.396 143.153 137.65 139.459 149.867 155.18 151.42 165.464 170.683 160.878 148.131 163.428 146.269 130.173 114.332 100.632 88.434 85.587 84.953 89.33 86.02 87.188 93.533 95.684 97.823 91.901 85.503 84.041 91.958 97.814 95.171 98.159 94.767
-9999 -9999 -9999 -9999 -9999 -9999 -9999 -9999 -9999 -9999 -9999 -9999 -9999 -9999 -9999 -9999 -9999 -9999 -9999 -9999 -9999 -9999 -9999 -9999 -9999 -9999 -9999 -9999 -9999 -9999 -9999 -9999 -9999 -9999 -9999 123.806 -9999 -9999 -9999 -9999 124.305 134.739 150.792 164.507 166.811 166.56 157.827 143.44 158.844 168.331 144.774 143.725 142.321 143.087 128.849 113.206 99.094 91.21 86.488 86.942 86.747 88.456 85.417 89.035 91.894 93.939 100.476 101.897 97.82 94.4 93.629 90.499 87.324 89.366
-9999 -9999 -9999 -9999 -9999 -9999 -9999 -9999 -9999 -9999 -9999 -9999 -9999 -9999 -9999 -9999 -9999 -9999 -9999 -9999 -9999 -9999 -9999 -9999 -9999 -9999 -9999 -9999 -9999 -9999 -9999 -9999 -9999 -9999 -9999 -9999 -9999 -9999 -9999 -9999 119.851 136.962 167.33 200.993 205.757 190.751 158.254 145.63 136.19 133.956 130.529 145.652 148.685 133.861 126.372 112.95 98.959 94.003 91.968 88.121 85.495 84.235 86.295 87.348 89.331 93.121 96.83 109.944 113.524 95.178 87.881 83.18 82.495 80.359
-9999 -9999 -9999 -9999 -9999 -9999 -9999 -9999 -9999 -9999 -9999 -9999 -9999 -9999 -9999 -9999 -9999 -9999 -9999 -9999 -9999 -9999 -9999 -9999 -9999 -9999 -9999 -9999 -9999 -9999 -9999 -9999 -9999 -9999 -9999 -9999 -9999 -9999 -9999 -9999 120.466 135.299 168.99 195.532 204.495 180.542 158.635 134.074 128.472 125.884 124.455 138.948 127.291 121.609 116.219 109.268 98.471 90.668 87.342 84.811 83.574 85.09 85.719 84.613 84.698 88.207 92.874 99.958 107.133 96.588 84.525 79.633 80.342 78.504
-9999 -9999 -9999 -9999 -9999 -9999 -9999 -9999 -9999 -9999 -9999 -9999 -9999 -9999 -9999 -9999 -9999 -9999 -9999 -9999 -9999 -9999 -9999 -9999 -9999 -9999 -9999 -9999 -9999 -9999 -9999 -9999 -9999 -9999 -9999 -9999 -9999 -9999 -9999 114.644 119.614 129.598 163.672 194.298 199.889 171.693 158.694 132.347 132.97 129.387 120.045 121.235 121.136 107.557 102.404 93.887 93.226 84.378 84.037 82.193 81.933 84.293 85.015 82.963 80.632 80.357 86.302 91.477 97.197 94.867 87.299 80.66 78.672 83.921
-9999 -9999 -9999 -9999 -9999 -9999 -9999 -9999 -9999 -9999 -9999 -9999 -9999 -9999 -9999 -9999 -9999 -9999 -9999 -9999 -9999 -9999 -9999 -9999 -9999 -9999 -9999 -9999 -9999 -9999 -9999 -9999 -9999 -9999 -9999 -9999 -9999 -9999 -9999 115.236 115.743 131.344 153.883 176.962 156.062 154.45 136.726 145.966 159.678 130.833 124.131 120.411 108.371 106.602 97.141 93.129 95.884 94.671 84.686 83.123 81.097 81.074 81.918 81.49 80.49 79.201 81.369 86.276 89.633 95.207 91.06 81.935 78.311 80.443
-9999 -9999 -9999 -9999 -9999 -9999 -9999 -9999 -9999 -9999 -9999 -9999 -9999 -9999 -9999 -9999 -9999 -9999 -9999 -9999 -9999 -9999 -9999 -9999 -9999 -9999 -9999 -9999 -9999 -9999 -9999 -9999 -9999 -9999 -9999 -9999 -9999 -9999 111.975 113.313 119.036 130.974 141.41 141.586 142.498 131.133 125.396 145.848 138.869 130.049 132.183 122.589 110.081 90.568 95.633 87.222 86.565 90.559 91.0 84.442 82.185 80.452 80.595 81.263 80.609 78.016 81.632 85.247 87.111 91.746 94.856 87.892 81.388 78.293
-9999 -9999 -9999 -9999 -9999 -9999 -9999 -9999 -9999 -9999 -9999 -9999 -9999 -9999 -9999 -9999 -9999 -9999 -9999 -9999 -9999 -9999 -9999 -9999 -9999 -9999 -9999 -9999 -9999 -9999 -9999 -9999 -9999 -9999 -9999 -9999 -9999 -9999 104.726 111.06 117.697 124.328 125.677 128.001 126.235 125.867 128.572 122.056 128.2 133.704 149.325 138.649 122.713 104.071 90.183 91.475 82.208 81.413 86.4 88.929 83.511 79.691 79.787 77.321 78.225 79.627 76.587 76.526 81.065 88.971 92.889 95.748 86.396 79.924
-9999 -9999 -9999 -9999 -9999 -9999 -9999 -9999 -9999 -9999 -9999 -9999 -9999 -9999 -9999 -9999 -9999 -9999 -9999 -9999 -9999 -9999 -9999 -9999 -9999 -9999 -9999 -9999 -9999 -9999 -9999 -9999 -9999 -9999 -9999 -9999 -9999 -9999 104.802 107.772 113.431 114.933 119.274 119.944 124.175 126.539 122.228 131.668 146.236 152.135 153.098 138.199 122.609 108.654 95.112 98.561 93.627 83.239 83.882 82.385 81.68 79.626 79.515 79.8 78.066 81.345 79.89 76.537 76.0 82.204 87.123 89.581 88.052 80.154
-9999 -9999 -9999 -9999 -9999 -9999 -9999 -9999 -9999 -9999 -9999 -9999 -9999 -9999 -9999 -9999 -9999 -9999 -9999 -9999 -9999 -9999 -9999 -9999 -9999 -9999 -9999 -9999 -9999 -9999 -9999 -9999 -9999 -9999 -9999 -9999 -9999 -9999 -9999 107.785 108.174 112.001 118.799 124.041 134.515 138.33 134.152 142.318 141.766 151.66 143.194 133.518 115.736 96.771 93.923 86.053 92.267 84.339 81.95 83.427 79.059 76.497 78.687 80.639 80.079 80.551 80.382 77.309 71.786 78.043 81.639 82.262 -9999 73.605
