Validation/Results/raw data/ReClimate_05_2024_2_Temperature-Actualsweatherlogisticsltd.asc
NCOLS 192
NROWS 249
XLLCENTER -225160.85627316462
YLLCENTER 29788.11610251502
CELLSIZE 5000.0
NODATA_VALUE -9999
[rows 204 to 237 of 249, columns 75 to 149 of 192]
-9999 -9999 -9999 -9999 15.458 -9999 15.528 15.56 15.527 15.204 15.133 15.0 15.157 15.294 15.293 15.379 15.131 15.633 15.451 15.559 15.723 15.881 15.77 15.873 15.428 14.956 13.695 13.078 14.639 14.404 14.509 14.071 14.754 15.812 15.097 13.707 15.366 15.711 15.629 15.695 16.402 16.962 16.847 16.556 16.686 17.106 17.294 17.411 17.425 17.347 16.551 16.016 15.938 16.305 16.546 16.711 16.606 16.272 16.369 16.574 16.769 16.856 16.872 16.814 16.677 16.726 16.862 16.898 17.02 17.104 17.092 17.264 17.203 17.201 17.362
-9999 -9999 -9999 -9999 -9999 -9999 -9999 -9999 15.293 15.563 15.455 15.394 15.541 15.634 15.706 15.672 16.037 15.879 15.833 15.907 15.786 15.831 15.51 15.535 14.949 14.169 13.282 13.597 13.495 13.845 13.149 13.425 15.218 15.207 14.989 16.0 15.33 15.615 16.173 16.48 16.863 16.599 16.337 15.97 16.505 17.128 17.315 17.456 17.566 16.947 16.115 15.939 15.976 16.414 16.5 16.677 16.561 16.652 16.694 16.911 17.103 17.163 17.051 16.906 16.85 16.892 17.066 17.178 17.084 16.967 16.866 16.979 17.213 17.139 17.298
-9999 -9999 -9999 -9999 -9999 -9999 -9999 -9999 15.545 15.619 15.651 15.701 15.384 15.256 15.202 15.656 15.936 15.905 16.017 15.651 15.496 15.707 15.853 15.96 15.402 15.196 15.036 14.77 14.436 14.201 13.603 14.082 13.944 14.716 15.339 14.967 14.689 16.254 16.519 16.724 16.35 16.357 15.807 16.105 16.556 17.165 17.284 17.161 16.386 15.97 16.037 16.222 16.138 16.323 16.503 16.623 16.808 16.711 17.003 17.221 17.433 17.459 17.187 16.933 16.827 16.94 17.184 17.263 17.101 16.691 16.771 16.858 16.9 17.115 17.259
-9999 -9999 -9999 -9999 -9999 -9999 15.678 15.666 15.655 15.781 -9999 15.798 15.682 15.508 15.732 15.825 15.981 -9999 16.023 15.759 15.927 15.57 16.207 15.407 15.505 15.35 15.136 15.082 15.404 14.965 14.618 14.555 14.597 14.917 15.285 14.286 15.34 16.42 16.379 16.693 16.561 16.032 16.122 16.413 16.853 17.087 17.053 16.412 16.357 16.042 16.185 16.154 16.38 16.494 16.582 16.784 17.006 17.076 17.188 17.223 17.536 17.522 17.349 17.125 17.072 17.076 17.147 17.091 16.795 16.655 16.617 16.906 16.974 17.084 17.252
-9999 -9999 -9999 -9999 -9999 -9999 15.702 -9999 -9999 -9999 16.024 15.913 15.763 -9999 -9999 -9999 -9999 -9999 16.06 16.013 15.777 16.62 16.352 16.172 16.028 15.753 15.875 15.836 14.122 14.214 15.33 15.402 15.388 15.293 14.818 14.924 16.169 16.28 16.668 16.684 16.013 16.227 16.372 16.921 17.002 17.094 16.788 16.439 16.475 16.211 16.409 16.554 16.565 16.681 16.862 16.985 17.146 17.198 17.262 17.271 17.38 17.529 17.212 17.148 17.087 17.076 16.909 16.87 16.764 16.598 16.729 17.052 17.168 17.3 17.31
-9999 -9999 -9999 -9999 -9999 -9999 -9999 -9999 15.75 15.802 15.746 15.905 15.66 -9999 -9999 -9999 -9999 -9999 -9999 -9999 -9999 17.028 16.897 16.792 16.814 16.388 15.987 14.264 13.734 14.003 14.579 15.175 15.386 15.459 15.59 15.595 15.97 16.683 16.783 15.888 16.108 16.24 17.131 17.134 17.092 17.117 16.445 16.399 16.283 16.389 16.607 16.773 16.804 16.853 16.912 17.019 16.976 17.061 17.209 17.399 17.42 17.407 17.171 17.015 16.806 16.719 16.926 16.751 16.724 16.832 17.005 17.199 17.482 17.533 17.527
-9999 -9999 -9999 -9999 -9999 -9999 -9999 -9999 -9999 15.704 -9999 -9999 -9999 -9999 -9999 -9999 -9999 -9999 -9999 16.033 16.491 16.611 16.572 16.955 16.994 16.684 15.883 14.98 14.103 14.163 14.93 15.959 15.799 15.443 15.732 16.075 16.864 17.218 16.925 16.528 16.562 16.991 -9999 17.142 17.085 16.792 16.001 15.927 16.224 16.482 16.742 16.821 16.9 16.86 16.885 16.879 16.984 17.008 17.161 17.305 17.36 17.165 17.012 16.798 16.491 16.515 16.65 17.074 16.986 17.007 17.246 17.332 17.476 17.636 17.667
-9999 -9999 -9999 -9999 -9999 -9999 -9999 -9999 -9999 -9999 -9999 -9999 -9999 -9999 -9999 -9999 -9999 -9999 -9999 15.969 16.235 16.521 16.526 -9999 -9999 -9999 16.532 15.457 15.644 15.491 16.068 16.119 15.615 15.884 16.69 17.004 17.117 17.322 17.141 17.148 17.135 -9999 17.165 16.92 16.983 16.389 15.873 16.157 16.364 16.647 16.728 16.71 16.842 16.91 16.906 16.897 16.746 16.738 16.85 16.889 17.039 17.088 16.79 16.413 16.478 16.543 16.815 17.173 17.351 17.243 17.46 17.736 17.829 17.959 18.018
-9999 -9999 -9999 -9999 -9999 -9999 -9999 -9999 -9999 -9999 -9999 -9999 -9999 -9999 -9999 -9999 -9999 -9999 -9999 -9999 -9999 -9999 -9999 -9999 -9999 -9999 17.12 16.589 15.976 16.158 16.541 16.618 16.53 16.894 17.177 17.208 17.146 17.117 17.155 -9999 -9999 17.351 17.206 17.125 16.973 16.387 16.126 16.31 16.485 16.763 16.929 16.736 16.808 16.904 16.679 16.452 16.369 16.3 16.172 16.38 16.505 16.709 16.767 16.579 16.57 16.867 16.855 17.148 17.52 17.535 17.644 17.834 18.088 18.211 18.264
-9999 -9999 -9999 -9999 -9999 -9999 -9999 -9999 -9999 -9999 -9999 -9999 -9999 -9999 -9999 -9999 -9999 -9999 -9999 -9999 -9999 -9999 -9999 -9999 -9999 -9999 16.898 16.642 16.412 16.455 16.55 16.737 17.049 17.238 17.274 17.259 -9999 -9999 -9999 -9999 -9999 17.405 17.242 17.247 16.994 16.474 16.241 16.403 16.489 16.815 17.015 16.802 16.491 16.577 16.318 16.138 16.062 16.199 16.199 16.134 16.388 16.459 16.867 17.093 17.01 17.295 17.281 17.344 17.571 17.701 17.956 18.239 18.215 18.164 18.312
-9999 -9999 -9999 -9999 -9999 -9999 -9999 -9999 -9999 -9999 -9999 -9999 -9999 -9999 -9999 -9999 -9999 -9999 -9999 -9999 -9999 -9999 -9999 -9999 -9999 -9999 -9999 -9999 16.504 16.22 16.479 16.787 16.852 17.039 17.173 -9999 -9999 -9999 -9999 16.865 16.788 16.795 17.281 17.284 17.014 16.35 16.283 16.311 16.43 16.734 16.871 16.521 16.094 15.93 16.084 16.057 16.184 16.211 16.5 16.508 16.517 16.754 16.899 17.281 17.539 17.506 17.469 17.434 17.465 17.473 17.803 18.215 18.324 18.253 18.221
-9999 -9999 -9999 -9999 -9999 -9999 -9999 -9999 -9999 -9999 -9999 -9999 -9999 -9999 -9999 -9999 -9999 -9999 -9999 -9999 -9999 -9999 -9999 -9999 -9999 -9999 -9999 -9999 -9999 16.553 16.624 16.675 16.72 16.958 -9999 -9999 -9999 -9999 16.972 16.931 16.673 16.684 16.883 17.1 17.013 16.675 16.734 16.423 16.489 16.623 16.414 16.269 16.114 15.788 15.923 16.152 16.386 16.53 16.663 16.806 16.778 16.777 16.968 17.233 17.37 17.375 17.19 17.276 17.38 17.371 17.501 17.906 18.148 18.216 18.271
-9999 -9999 -9999 -9999 -9999 -9999 -9999 -9999 -9999 -9999 -9999 -9999 -9999 -9999 -9999 -9999 -9999 -9999 -9999 -9999 -9999 -9999 -9999 -9999 -9999 -9999 -9999 -9999 -9999 -9999 -9999 -9999 -9999 -9999 -9999 -9999 -9999 17.11 17.176 17.154 16.78 16.585 16.952 16.984 16.733 16.843 16.75 16.832 17.042 16.77 16.484 16.333 16.306 16.241 16.054 16.174 16.341 16.225 16.454 16.589 16.698 16.739 16.777 17.034 17.178 17.115 17.017 16.982 17.229 17.383 17.455 17.602 17.822 17.875 17.95
-9999 -9999 -9999 -9999 -9999 -9999 -9999 -9999 -9999 -9999 -9999 -9999 -9999 -9999 -9999 -9999 -9999 -9999 -9999 -9999 -9999 -9999 -9999 -9999 -9999 -9999 -9999 -9999 -9999 -9999 -9999 -9999 -9999 -9999 -9999 -9999 17.487 17.36 16.993 16.545 15.551 16.259 16.843 16.727 16.67 16.681 16.822 17.266 17.204 16.972 16.682 16.524 16.687 16.475 16.221 15.936 16.084 16.206 15.899 16.222 16.455 16.68 16.84 16.986 17.116 17.112 17.117 17.218 17.154 17.245 17.395 17.464 17.5 17.486 17.234
-9999 -9999 -9999 -9999 -9999 -9999 -9999 -9999 -9999 -9999 -9999 -9999 -9999 -9999 -9999 -9999 -9999 -9999 -9999 -9999 -9999 -9999 -9999 -9999 -9999 -9999 -9999 -9999 -9999 -9999 -9999 -9999 -9999 -9999 -9999 -9999 17.435 17.175 17.022 16.274 15.903 15.796 16.158 16.465 16.595 16.501 16.995 17.134 16.997 16.496 16.225 16.225 16.508 16.628 16.428 16.314 16.099 16.183 16.278 16.245 16.443 16.594 16.798 17.022 17.148 17.183 17.16 17.242 17.242 17.162 17.245 17.23 16.941 16.932 16.857
-9999 -9999 -9999 -9999 -9999 -9999 -9999 -9999 -9999 -9999 -9999 -9999 -9999 -9999 -9999 -9999 -9999 -9999 -9999 -9999 -9999 -9999 -9999 13.841 13.673 13.864 14.353 -9999 15.168 -9999 -9999 -9999 -9999 -9999 -9999 -9999 -9999 17.149 16.999 16.746 16.481 16.283 16.092 16.153 16.272 16.637 16.774 16.764 16.309 16.026 16.276 16.325 16.48 16.52 16.476 16.578 16.659 16.657 16.54 16.602 16.525 16.45 16.38 16.644 16.949 16.994 16.945 17.041 17.025 16.998 17.139 17.058 16.734 16.669 16.938
-9999 -9999 -9999 -9999 -9999 -9999 -9999 -9999 -9999 -9999 -9999 -9999 -9999 -9999 -9999 -9999 -9999 -9999 -9999 -9999 15.37 15.069 14.384 13.57 13.173 13.488 13.911 14.164 14.972 16.073 16.676 -9999 -9999 16.133 16.712 17.006 17.2 17.184 17.094 17.122 16.967 16.767 16.485 16.179 16.313 16.549 16.517 16.018 16.135 16.269 16.173 16.47 16.664 16.751 16.645 16.649 16.761 16.788 16.892 16.808 16.656 16.492 16.483 16.384 16.496 16.766 16.868 16.984 17.165 16.964 17.062 16.589 16.469 16.609 16.922
-9999 -9999 -9999 -9999 -9999 -9999 -9999 -9999 -9999 -9999 -9999 -9999 -9999 -9999 -9999 -9999 -9999 -9999 -9999 15.293 15.337 15.595 14.994 14.0 13.399 13.558 13.898 14.29 14.824 15.416 16.002 16.12 16.007 16.124 16.293 16.982 17.16 17.224 17.058 16.897 17.072 16.891 16.37 16.292 16.384 16.312 15.766 16.125 15.918 15.945 16.161 16.496 16.788 16.803 16.581 16.669 16.72 16.813 16.788 16.843 16.733 16.593 16.37 16.217 16.473 16.737 16.898 16.626 16.801 17.063 16.973 17.01 16.593 16.748 16.906
-9999 -9999 -9999 -9999 -9999 -9999 -9999 -9999 -9999 -9999 -9999 -9999 -9999 -9999 -9999 -9999 -9999 -9999 -9999 15.255 16.019 16.421 15.756 14.634 14.414 14.316 14.119 14.532 15.001 15.65 15.453 15.283 15.777 16.156 16.441 16.427 16.976 17.192 17.028 17.051 16.834 16.64 16.662 16.574 16.459 16.132 16.165 16.132 15.889 16.057 16.15 16.44 16.676 16.696 16.509 16.443 16.824 16.89 16.841 16.97 16.994 16.88 16.658 16.286 16.212 16.704 16.903 16.798 16.581 16.85 17.051 17.084 17.096 17.033 16.786
-9999 -9999 -9999 -9999 -9999 -9999 -9999 -9999 -9999 -9999 -9999 -9999 -9999 -9999 -9999 -9999 -9999 -9999 -9999 15.661 16.547 16.302 15.997 15.468 15.581 15.273 15.316 15.286 15.482 15.681 15.253 15.452 16.2 16.506 16.574 16.785 17.064 17.167 17.1 16.859 16.648 16.763 16.698 16.541 16.373 16.438 16.417 16.422 16.319 16.237 16.033 16.184 16.558 16.835 16.784 16.774 16.88 16.832 16.897 17.165 16.964 16.779 16.783 16.368 15.976 16.481 16.955 16.947 16.868 16.916 17.01 17.085 17.044 16.947 16.818
-9999 -9999 -9999 -9999 -9999 -9999 -9999 -9999 -9999 -9999 -9999 -9999 -9999 -9999 -9999 15.477 15.093 -9999 15.409 16.157 16.007 15.832 15.891 16.088 16.012 15.948 15.58 15.366 15.538 15.81 15.829 16.079 16.434 16.746 16.789 16.769 16.806 16.923 17.056 16.912 16.856 16.797 16.653 16.309 16.562 16.565 16.504 16.326 16.155 16.135 15.919 16.052 16.416 16.801 16.875 16.903 16.935 17.083 16.949 16.969 16.981 16.598 16.743 16.614 16.526 16.57 17.012 17.119 16.981 16.901 16.935 17.017 17.117 17.137 17.048
-9999 -9999 -9999 -9999 -9999 -9999 -9999 -9999 -9999 -9999 -9999 -9999 -9999 -9999 -9999 15.36 15.173 15.357 15.576 15.807 15.736 15.876 15.535 15.562 15.83 15.483 15.477 15.487 15.648 15.972 15.896 16.019 16.311 16.008 15.814 16.136 16.52 16.878 17.01 16.866 16.719 16.587 16.479 16.392 16.624 16.493 16.587 16.419 16.125 16.047 16.195 16.265 16.542 16.683 16.777 16.859 17.167 17.236 17.284 17.28 17.124 16.866 16.761 16.593 16.298 16.409 16.293 16.704 16.966 16.959 17.026 17.032 17.07 17.169 17.182
-9999 -9999 -9999 -9999 -9999 -9999 -9999 -9999 -9999 -9999 -9999 -9999 -9999 -9999 15.54 15.259 15.408 15.438 15.492 15.671 15.767 15.659 15.501 15.736 15.86 15.599 15.637 15.618 15.95 16.175 16.425 16.492 16.073 15.438 15.631 15.846 16.113 16.698 16.787 16.797 16.784 16.625 16.539 16.496 16.554 16.63 16.709 16.523 16.201 16.473 16.522 16.61 16.639 16.699 16.705 16.718 17.141 17.576 17.714 17.513 17.464 17.223 17.116 16.936 16.635 16.541 16.439 16.374 16.569 16.294 16.753 16.552 16.578 17.024 17.183
-9999 -9999 -9999 -9999 -9999 -9999 -9999 -9999 -9999 -9999 -9999 -9999 -9999 -9999 -9999 15.604 15.517 15.522 15.694 15.812 15.912 15.888 15.874 15.915 15.902 15.846 15.799 16.133 16.356 16.586 16.487 16.559 15.892 15.59 15.701 15.593 16.066 16.488 16.474 16.588 16.656 16.547 16.373 16.45 16.489 16.518 16.475 16.314 16.697 16.618 16.716 16.779 16.769 16.71 16.708 16.866 17.076 17.473 17.678 -9999 17.39 17.381 17.196 17.233 17.199 17.166 17.101 16.964 16.952 16.702 16.562 16.686 16.469 16.65 16.846
-9999 -9999 -9999 -9999 -9999 -9999 -9999 -9999 -9999 -9999 -9999 -9999 -9999 -9999 15.567 15.81 15.566 15.513 15.595 15.652 15.871 15.998 15.944 15.85 15.708 15.873 16.195 16.429 16.5 16.534 16.614 16.401 16.202 16.22 16.092 15.878 16.472 16.625 16.052 16.275 16.253 15.681 15.885 15.866 15.89 16.104 16.173 16.412 16.681 16.902 16.92 16.987 16.914 16.831 16.765 16.857 17.008 17.127 17.351 17.484 -9999 17.448 -9999 17.569 -9999 17.4 -9999 17.254 17.193 17.028 16.769 16.711 16.8 17.016 -9999
-9999 -9999 -9999 -9999 -9999 -9999 -9999 -9999 -9999 -9999 -9999 -9999 -9999 -9999 15.754 15.598 15.377 15.462 15.445 15.454 15.43 15.701 15.542 15.48 15.596 15.958 16.32 16.505 16.654 16.709 16.674 16.58 16.379 16.284 15.998 16.286 16.698 15.994 16.042 16.535 16.124 15.902 15.867 15.761 16.029 16.346 16.379 16.61 16.799 16.837 17.064 17.056 16.941 16.848 16.752 16.714 16.876 17.004 17.219 17.398 -9999 -9999 17.707 17.74 -9999 -9999 17.238 17.177 17.136 -9999 -9999 -9999 -9999 -9999 -9999
-9999 -9999 -9999 -9999 -9999 -9999 -9999 -9999 -9999 -9999 -9999 -9999 -9999 15.295 15.494 15.495 15.469 15.702 15.725 15.497 15.553 15.355 14.843 14.907 15.33 15.704 15.978 16.221 16.583 16.715 16.631 16.526 16.281 15.815 15.746 16.055 15.98 16.074 16.732 16.59 16.198 15.886 15.754 16.267 16.632 16.541 16.636 16.688 16.861 17.149 17.287 16.954 17.0 16.881 16.837 16.693 16.736 -9999 -9999 -9999 17.445 -9999 -9999 -9999 -9999 -9999 -9999 16.958 -9999 -9999 -9999 -9999 -9999 -9999 -9999
-9999 -9999 -9999 -9999 -9999 -9999 -9999 -9999 -9999 -9999 -9999 -9999 15.39 14.903 15.058 15.433 15.993 16.144 16.028 15.887 15.648 14.77 13.925 14.216 15.289 15.499 15.465 16.217 16.221 16.695 16.658 16.302 16.357 16.393 16.413 -9999 -9999 -9999 -9999 -9999 16.57 16.155 16.035 16.353 16.62 16.693 16.618 16.763 16.941 17.202 -9999 16.857 -9999 -9999 -9999 -9999 -9999 16.655 16.817 16.969 17.024 17.101 17.357 -9999 -9999 -9999 -9999 -9999 -9999 -9999 -9999 -9999 -9999 -9999 -9999
-9999 -9999 -9999 -9999 -9999 -9999 -9999 -9999 -9999 -9999 -9999 16.015 15.059 14.597 14.87 15.454 15.839 16.126 16.274 15.812 15.261 14.174 13.589 14.016 14.685 15.111 15.905 15.708 16.364 16.57 16.469 16.63 -9999 -9999 -9999 -9999 -9999 -9999 -9999 -9999 -9999 -9999 16.596 16.725 16.918 16.546 16.232 16.206 16.605 16.404 16.673 -9999 -9999 -9999 -9999 -9999 -9999 -9999 16.714 16.61 16.865 16.848 -9999 -9999 -9999 -9999 -9999 -9999 -9999 -9999 -9999 -9999 -9999 -9999 -9999
-9999 -9999 -9999 -9999 -9999 -9999 -9999 -9999 -9999 16.325 16.325 15.825 15.165 14.733 14.578 14.799 15.5 16.203 15.998 15.606 15.084 14.371 13.823 14.348 14.847 15.47 15.656 16.654 16.181 16.164 -9999 -9999 -9999 -9999 -9999 -9999 -9999 -9999 -9999 -9999 -9999 -9999 -9999 16.946 -9999 -9999 -9999 -9999 -9999 16.556 16.255 -9999 -9999 -9999 -9999 -9999 -9999 -9999 -9999 -9999 16.39 16.309 -9999 -9999 -9999 -9999 -9999 -9999 -9999 -9999 -9999 -9999 -9999 -9999 -9999
-9999 -9999 -9999 -9999 -9999 -9999 -9999 -9999 16.313 -9999 16.18 16.002 15.375 14.808 14.599 14.746 15.44 15.763 15.671 16.049 15.816 14.885 14.48 14.732 15.48 15.808 16.274 16.631 16.721 16.922 -9999 -9999 -9999 -9999 -9999 -9999 -9999 -9999 -9999 -9999 -9999 -9999 -9999 -9999 16.862 -9999 -9999 -9999 -9999 -9999 -9999 -9999 -9999 -9999 -9999 -9999 -9999 -9999 -9999 -9999 -9999 -9999 -9999 -9999 -9999 -9999 -9999 -9999 -9999 -9999 -9999 -9999 -9999 -9999 -9999
-9999 -9999 -9999 -9999 -9999 -9999 -9999 16.308 16.337 15.847 16.171 16.119 15.555 15.34 15.179 15.284 15.667 15.651 15.91 -9999 16.103 15.321 14.721 14.322 14.962 16.042 16.349 16.814 16.987 -9999 -9999 -9999 -9999 -9999 -9999 -9999 -9999 -9999 -9999 -9999 -9999 -9999 -9999 -9999 -9999 -9999 -9999 -9999 -9999 -9999 -9999 -9999 -9999 -9999 -9999 -9999 -9999 -9999 -9999 -9999 -9999 -9999 -9999 -9999 -9999 -9999 -9999 -9999 -9999 -9999 -9999 -9999 -9999 -9999 -9999
-9999 -9999 -9999 -9999 -9999 -9999 -9999 16.331 16.09 15.934 15.877 15.861 15.725 15.691 15.546 15.841 16.038 16.078 16.634 16.601 16.408 15.834 14.791 14.521 15.416 15.851 16.415 16.669 16.639 -9999 -9999 -9999 -9999 -9999 -9999 -9999 -9999 -9999 -9999 -9999 -9999 -9999 -9999 -9999 -9999 -9999 -9999 -9999 -9999 -9999 -9999 -9999 -9999 -9999 -9999 -9999 -9999 -9999 -9999 -9999 -9999 -9999 -9999 -9999 -9999 -9999 -9999 -9999 -9999 -9999 -9999 -9999 -9999 -9999 -9999
-9999 -9999 -9999 -9999 -9999 -9999 16.279 16.322 15.999 15.612 15.542 15.729 15.827 15.917 15.926 16.039 15.782 16.233 16.591 16.656 16.428 16.166 15.675 15.569 15.868 16.255 16.409 16.45 -9999 -9999 -9999 -9999 -9999 -9999 -9999 -9999 -9999 -9999 -9999 -9999 -9999 -9999 -9999 -9999 -9999 -9999 -9999 -9999 -9999 -9999 -9999 -9999 -9999 -9999 -9999 -9999 -9999 -9999 -9999 -9999 -9999 -9999 -9999 -9999 -9999 -9999 -9999 -9999 -9999 -9999 -9999 -9999 -9999 -9999 -9999
