Validation/Results/raw data/ReClimate_02_2024_2_Precipitation-Actualsweatherlogisticsltd.asc
NCOLS 192
NROWS 249
XLLCENTER -225160.85627316462
YLLCENTER 29788.11610251502
CELLSIZE 5000.0
NODATA_VALUE -9999
[rows 68 to 101 of 249, columns 75 to 149 of 192]
-9999 -9999 -9999 -9999 -9999 -9999 -9999 -9999 -9999 -9999 -9999 96.99 120.825 114.549 103.996 115.339 121.647 110.804 102.772 91.57 78.823 75.963 72.205 77.13 75.571 68.664 73.924 67.598 56.841 -9999 -9999 -9999 -9999 -9999 -9999 -9999 -9999 -9999 -9999 -9999 -9999 -9999 -9999 -9999 -9999 -9999 -9999 -9999 -9999 -9999 -9999 -9999 -9999 -9999 -9999 -9999 -9999 -9999 -9999 -9999 -9999 -9999 -9999 -9999 -9999 -9999 -9999 -9999 -9999 -9999 -9999 -9999 -9999 -9999 -9999
-9999 -9999 -9999 -9999 -9999 -9999 -9999 -9999 -9999 -9999 -9999 -9999 -9999 99.178 107.213 116.536 109.796 107.707 103.589 96.929 84.142 70.355 69.087 77.629 71.005 65.069 51.884 -9999 -9999 -9999 -9999 -9999 -9999 -9999 -9999 -9999 -9999 -9999 -9999 -9999 -9999 -9999 -9999 -9999 -9999 -9999 -9999 -9999 -9999 -9999 -9999 -9999 -9999 -9999 -9999 -9999 -9999 -9999 -9999 -9999 -9999 -9999 -9999 -9999 -9999 -9999 -9999 -9999 -9999 -9999 -9999 -9999 -9999 -9999 -9999
-9999 -9999 -9999 -9999 -9999 -9999 -9999 79.185 -9999 -9999 84.881 96.464 103.792 100.457 120.678 113.793 114.79 117.053 114.181 102.076 89.906 66.13 68.446 69.185 73.588 60.818 53.37 -9999 -9999 -9999 -9999 -9999 -9999 -9999 -9999 -9999 -9999 -9999 -9999 -9999 -9999 -9999 -9999 -9999 -9999 -9999 -9999 -9999 -9999 -9999 -9999 -9999 -9999 -9999 -9999 -9999 -9999 -9999 -9999 -9999 -9999 -9999 -9999 -9999 -9999 -9999 -9999 -9999 -9999 -9999 -9999 -9999 -9999 -9999 -9999
-9999 -9999 -9999 -9999 -9999 75.669 77.858 86.226 88.46 97.812 98.225 119.076 128.464 124.155 99.305 120.516 129.546 125.876 115.226 102.21 99.284 94.904 66.304 62.864 58.914 52.653 46.049 -9999 -9999 -9999 -9999 -9999 -9999 -9999 -9999 -9999 -9999 -9999 -9999 -9999 -9999 -9999 -9999 -9999 -9999 -9999 -9999 -9999 -9999 -9999 -9999 -9999 -9999 -9999 -9999 -9999 -9999 -9999 -9999 -9999 -9999 -9999 -9999 -9999 -9999 -9999 -9999 -9999 -9999 -9999 -9999 -9999 -9999 -9999 -9999
-9999 -9999 -9999 -9999 -9999 80.062 89.412 -9999 101.011 114.584 125.005 132.683 152.157 111.533 121.465 133.825 142.275 144.201 120.482 116.477 119.506 93.431 79.879 76.741 60.269 52.251 -9999 41.579 -9999 -9999 -9999 -9999 -9999 -9999 -9999 -9999 -9999 -9999 -9999 -9999 -9999 -9999 -9999 -9999 -9999 -9999 -9999 -9999 -9999 -9999 -9999 -9999 -9999 -9999 -9999 -9999 -9999 -9999 -9999 -9999 -9999 -9999 -9999 -9999 -9999 -9999 -9999 -9999 -9999 -9999 -9999 -9999 -9999 -9999 -9999
-9999 -9999 -9999 -9999 -9999 -9999 102.95 105.186 109.487 129.821 129.094 154.999 131.7 124.344 119.998 118.371 126.646 131.031 112.069 112.552 109.307 86.114 81.264 69.236 58.969 51.146 42.203 39.155 -9999 -9999 -9999 -9999 -9999 -9999 -9999 -9999 -9999 -9999 -9999 -9999 -9999 -9999 -9999 -9999 -9999 -9999 -9999 -9999 -9999 -9999 -9999 -9999 -9999 -9999 -9999 -9999 -9999 -9999 -9999 -9999 -9999 -9999 -9999 -9999 -9999 -9999 -9999 -9999 -9999 -9999 -9999 -9999 -9999 -9999 -9999
-9999 -9999 -9999 -9999 -9999 -9999 -9999 100.433 112.391 125.206 162.652 151.368 146.006 135.124 140.257 140.879 120.536 101.711 97.924 111.984 99.188 84.555 78.244 61.269 53.159 41.959 41.675 45.478 -9999 -9999 -9999 -9999 -9999 -9999 -9999 -9999 -9999 -9999 -9999 -9999 -9999 -9999 -9999 -9999 -9999 -9999 -9999 -9999 -9999 -9999 -9999 -9999 -9999 -9999 -9999 -9999 -9999 -9999 -9999 -9999 -9999 -9999 -9999 -9999 -9999 -9999 -9999 -9999 -9999 -9999 -9999 -9999 -9999 -9999 -9999
-9999 -9999 -9999 -9999 -9999 107.575 107.835 117.041 126.356 139.766 135.128 154.848 147.149 143.771 144.788 125.389 109.821 103.927 90.543 98.246 111.368 86.351 60.765 47.56 43.044 -9999 45.03 -9999 -9999 -9999 -9999 -9999 -9999 49.344 47.757 48.533 -9999 -9999 -9999 -9999 -9999 -9999 -9999 -9999 -9999 -9999 -9999 -9999 -9999 -9999 -9999 -9999 -9999 -9999 -9999 -9999 -9999 -9999 -9999 -9999 -9999 -9999 -9999 -9999 -9999 -9999 -9999 -9999 -9999 -9999 -9999 -9999 -9999 -9999 -9999
90.123 -9999 -9999 -9999 -9999 -9999 115.875 130.924 144.739 139.846 149.497 135.166 138.734 136.381 135.739 109.741 98.441 81.009 86.814 105.846 89.566 67.394 52.915 50.088 48.052 42.826 -9999 -9999 -9999 -9999 44.389 42.27 43.854 47.834 47.209 46.514 50.044 51.2 50.33 54.737 57.73 53.143 48.23 45.768 48.851 55.383 57.211 53.789 49.816 47.754 48.519 48.656 -9999 -9999 -9999 -9999 -9999 -9999 -9999 -9999 -9999 -9999 -9999 -9999 -9999 -9999 -9999 -9999 -9999 -9999 -9999 -9999 -9999 -9999 -9999
124.761 -9999 -9999 -9999 112.23 -9999 119.133 127.879 148.573 175.97 150.735 136.03 123.764 132.098 118.836 112.316 100.327 95.979 82.306 71.504 67.873 57.484 51.72 54.744 47.669 -9999 -9999 -9999 -9999 46.84 47.812 44.999 51.717 57.691 49.043 47.913 53.702 62.8 62.049 64.471 64.036 58.358 52.388 51.183 52.652 54.969 56.306 54.956 49.722 46.697 55.581 48.77 -9999 -9999 -9999 -9999 -9999 -9999 -9999 -9999 -9999 -9999 -9999 -9999 -9999 -9999 -9999 -9999 -9999 -9999 -9999 -9999 -9999 -9999 -9999
123.117 -9999 -9999 -9999 117.444 120.963 122.893 147.179 180.25 170.326 165.906 131.388 134.98 126.27 118.026 103.051 98.949 101.43 85.349 79.955 59.925 49.604 54.312 45.035 -9999 -9999 43.76 42.905 45.556 50.264 52.875 54.087 59.733 67.245 62.5 63.708 68.44 63.628 67.003 67.376 57.984 57.387 59.486 52.699 54.225 57.151 58.321 54.781 54.169 57.258 53.346 50.027 46.376 -9999 -9999 -9999 -9999 -9999 -9999 -9999 -9999 -9999 -9999 -9999 -9999 -9999 -9999 -9999 -9999 -9999 -9999 -9999 -9999 -9999 -9999
110.736 -9999 104.978 -9999 105.822 112.642 145.707 171.377 160.151 180.685 161.048 149.756 141.747 134.45 130.166 116.644 108.403 98.458 99.986 88.249 64.075 45.037 41.015 40.939 -9999 52.621 53.832 53.836 56.613 55.002 57.572 63.008 71.464 70.752 75.868 72.181 67.655 72.28 76.244 69.209 61.724 62.646 56.054 57.502 57.51 58.5 57.815 56.548 53.806 51.833 48.961 47.743 46.309 -9999 -9999 -9999 -9999 -9999 -9999 -9999 -9999 -9999 -9999 -9999 -9999 -9999 -9999 -9999 -9999 -9999 -9999 -9999 -9999 -9999 -9999
-9999 101.56 -9999 -9999 -9999 140.633 192.853 162.931 158.665 132.809 139.846 139.109 134.741 137.245 131.251 135.262 122.374 109.482 94.029 74.455 52.548 48.73 57.014 48.979 51.743 62.694 69.351 76.126 67.255 59.613 68.706 72.817 79.424 79.585 68.451 68.069 69.931 72.833 76.62 69.098 63.785 56.945 57.25 58.257 60.797 58.587 59.823 59.151 62.9 59.006 55.211 50.759 48.784 -9999 -9999 -9999 -9999 -9999 -9999 -9999 -9999 -9999 -9999 -9999 -9999 -9999 -9999 -9999 -9999 -9999 -9999 -9999 -9999 -9999 -9999
102.355 -9999 -9999 -9999 -9999 149.275 145.513 134.349 -9999 129.814 141.525 142.518 129.72 124.811 125.968 113.86 101.968 99.072 87.567 78.091 67.844 71.041 69.646 51.831 62.92 67.645 80.919 88.392 76.882 65.168 63.766 77.494 86.91 73.786 63.817 80.452 76.375 77.083 80.122 71.613 66.294 60.955 67.983 66.003 60.51 60.305 59.146 61.988 60.524 62.214 58.843 52.006 49.299 -9999 -9999 -9999 -9999 -9999 -9999 -9999 -9999 -9999 -9999 -9999 -9999 -9999 -9999 -9999 -9999 -9999 -9999 -9999 -9999 -9999 -9999
126.358 -9999 -9999 -9999 115.613 -9999 -9999 108.653 112.739 135.118 156.563 153.361 140.571 140.196 125.388 117.363 95.947 80.799 75.064 73.157 72.169 74.608 48.373 57.173 67.483 80.62 79.338 82.341 81.652 66.412 67.002 74.446 73.94 68.201 81.186 84.668 85.0 82.9 79.613 82.507 71.124 71.509 75.348 65.452 60.824 61.259 64.286 58.123 56.238 56.651 58.163 51.948 -9999 -9999 -9999 -9999 -9999 -9999 -9999 -9999 -9999 -9999 -9999 -9999 -9999 -9999 -9999 -9999 -9999 -9999 -9999 -9999 -9999 -9999 -9999
147.012 129.718 111.638 -9999 -9999 -9999 124.912 107.112 -9999 138.31 133.928 136.57 144.816 139.392 140.449 112.475 81.394 77.036 75.995 74.55 70.939 53.593 63.302 72.073 83.163 75.534 74.587 79.728 73.281 60.549 62.312 61.681 67.999 83.738 77.764 85.956 96.111 84.916 84.338 81.047 71.087 72.2 66.007 61.86 58.637 61.887 60.899 60.231 53.594 54.714 54.83 -9999 -9999 -9999 -9999 -9999 -9999 -9999 -9999 -9999 -9999 -9999 -9999 -9999 -9999 -9999 -9999 -9999 -9999 -9999 -9999 -9999 -9999 -9999 -9999
152.597 135.302 118.371 -9999 115.102 124.393 127.987 131.529 150.559 140.121 137.779 152.558 159.108 136.717 107.601 101.546 92.326 90.536 86.322 83.148 66.542 61.824 70.886 90.527 87.393 74.104 73.259 73.723 57.512 53.02 58.542 65.476 75.748 66.275 67.758 79.11 87.28 92.26 90.694 88.492 72.976 74.437 71.005 71.677 75.881 62.588 59.213 60.188 55.835 51.45 51.406 -9999 -9999 -9999 -9999 -9999 -9999 -9999 -9999 -9999 -9999 -9999 -9999 -9999 -9999 -9999 -9999 -9999 -9999 -9999 -9999 -9999 -9999 -9999 -9999
139.411 125.066 114.01 118.574 116.558 133.653 -9999 125.22 146.706 172.179 183.641 166.364 151.419 122.508 128.273 111.095 100.332 86.583 81.557 75.842 62.246 65.665 87.469 99.32 84.763 79.525 83.085 67.557 65.252 53.427 55.292 61.727 65.301 70.749 70.777 83.976 98.617 88.531 84.02 77.731 69.738 65.662 62.363 70.669 64.06 58.11 58.322 58.142 55.358 53.198 -9999 -9999 -9999 -9999 -9999 -9999 -9999 -9999 -9999 -9999 -9999 -9999 -9999 -9999 -9999 -9999 -9999 -9999 -9999 -9999 -9999 -9999 -9999 -9999 -9999
-9999 -9999 -9999 107.448 124.791 -9999 122.275 141.452 179.023 197.258 171.97 168.792 156.629 152.73 128.321 94.588 84.415 89.742 94.033 69.963 70.614 85.866 103.924 103.88 98.741 99.465 79.475 82.428 66.847 59.554 73.825 69.259 85.07 85.46 91.247 101.314 96.882 73.391 74.22 72.684 72.559 70.944 69.434 68.049 62.458 59.287 58.643 59.181 57.489 54.066 -9999 -9999 -9999 -9999 -9999 -9999 -9999 -9999 -9999 -9999 -9999 -9999 -9999 -9999 -9999 -9999 -9999 -9999 -9999 -9999 -9999 -9999 -9999 -9999 -9999
-9999 -9999 88.755 110.459 -9999 110.859 127.755 -9999 163.924 151.694 170.9 174.555 180.799 150.983 117.851 115.559 106.229 85.932 73.109 89.141 89.644 99.862 116.54 116.414 111.532 96.168 78.858 62.568 52.805 67.27 74.84 90.899 99.487 99.94 97.927 97.686 84.231 81.6 79.488 72.74 71.287 68.52 67.631 68.622 66.072 62.886 60.438 67.486 62.45 54.854 -9999 -9999 -9999 -9999 -9999 -9999 -9999 -9999 -9999 -9999 -9999 -9999 -9999 -9999 -9999 -9999 -9999 -9999 -9999 -9999 -9999 -9999 -9999 -9999 -9999
-9999 -9999 81.545 -9999 -9999 116.357 134.901 155.179 145.069 162.609 167.886 162.008 144.689 128.123 107.918 94.03 78.907 79.695 103.185 113.783 112.607 119.15 122.934 118.695 98.699 67.575 53.96 59.442 79.625 90.221 118.081 120.336 108.73 107.038 104.201 88.144 76.452 78.689 77.367 61.66 63.266 62.686 63.175 70.401 80.916 66.226 60.979 59.796 57.377 53.831 -9999 -9999 -9999 -9999 -9999 -9999 -9999 -9999 -9999 -9999 -9999 -9999 -9999 -9999 -9999 -9999 -9999 -9999 -9999 -9999 -9999 -9999 -9999 -9999 -9999
-9999 -9999 -9999 -9999 -9999 -9999 153.543 158.291 149.936 172.113 173.02 144.353 146.694 133.381 114.717 104.825 108.986 124.197 124.691 121.998 103.82 99.975 104.687 101.329 76.02 54.039 56.759 71.883 91.419 119.275 111.451 113.141 106.149 104.774 93.368 81.051 77.78 77.752 63.231 58.322 60.698 57.799 60.19 71.401 66.111 58.394 57.009 59.424 57.635 -9999 -9999 -9999 -9999 -9999 -9999 -9999 -9999 -9999 -9999 -9999 -9999 -9999 -9999 -9999 -9999 -9999 -9999 -9999 -9999 -9999 -9999 -9999 -9999 -9999 -9999
-9999 -9999 -9999 -9999 95.877 117.287 -9999 161.023 165.572 189.032 159.468 137.515 131.202 130.914 142.465 141.423 132.181 111.054 112.024 103.022 97.731 85.375 83.16 76.009 70.538 74.228 75.184 86.356 106.377 104.476 105.109 85.219 85.212 79.727 64.11 65.593 72.507 77.422 76.691 71.933 73.032 81.137 70.975 59.391 62.924 67.762 69.92 63.044 56.137 -9999 -9999 -9999 -9999 -9999 -9999 -9999 -9999 -9999 -9999 -9999 -9999 -9999 -9999 -9999 -9999 -9999 -9999 -9999 -9999 -9999 -9999 -9999 -9999 -9999 -9999
-9999 -9999 -9999 89.453 92.161 127.59 145.538 171.098 187.875 182.383 166.747 136.7 118.553 125.531 121.71 122.282 132.029 126.3 133.548 130.114 77.576 78.487 73.567 75.035 80.177 93.515 88.557 98.069 92.963 93.773 82.677 77.243 75.486 83.244 84.552 89.999 84.129 81.031 96.333 104.252 103.301 95.902 81.881 82.199 80.824 75.86 68.034 59.94 -9999 -9999 -9999 -9999 -9999 -9999 -9999 -9999 -9999 -9999 -9999 -9999 -9999 -9999 -9999 -9999 -9999 -9999 -9999 -9999 -9999 -9999 -9999 -9999 -9999 -9999 -9999
-9999 -9999 -9999 85.74 -9999 120.294 137.805 154.496 175.285 172.207 129.524 122.129 131.212 106.295 100.365 105.965 110.63 124.461 118.735 83.679 86.727 97.471 86.709 81.191 112.762 110.145 117.988 105.158 103.406 97.364 91.964 85.581 93.288 95.206 104.202 106.174 81.794 97.638 101.914 84.889 90.042 95.211 87.902 84.964 77.189 67.325 64.519 57.797 -9999 -9999 -9999 -9999 -9999 -9999 -9999 -9999 -9999 -9999 -9999 -9999 -9999 -9999 -9999 -9999 -9999 -9999 -9999 -9999 -9999 -9999 -9999 -9999 -9999 -9999 -9999
-9999 -9999 -9999 -9999 -9999 134.185 150.269 142.478 152.571 128.603 103.6 109.332 96.594 90.741 93.033 96.115 115.456 102.833 105.895 105.062 114.467 95.345 78.542 99.276 113.978 106.679 104.254 93.837 101.943 92.63 89.717 108.953 105.817 106.823 122.145 113.707 115.629 116.216 101.502 90.643 85.791 76.527 79.276 81.919 71.712 62.27 59.453 53.967 -9999 -9999 -9999 -9999 -9999 -9999 -9999 -9999 -9999 -9999 -9999 -9999 -9999 -9999 -9999 -9999 -9999 -9999 -9999 -9999 -9999 -9999 -9999 -9999 -9999 -9999 -9999
-9999 -9999 -9999 93.161 107.664 132.303 132.865 132.695 148.34 119.328 124.444 124.82 -9999 121.12 152.464 146.069 136.864 133.568 145.591 142.644 124.72 112.672 106.371 102.162 93.297 89.48 75.625 77.711 87.562 82.592 101.409 92.039 91.88 90.648 102.81 112.532 107.188 92.015 97.717 91.736 78.913 82.894 70.417 65.902 60.79 59.514 59.445 44.409 -9999 -9999 -9999 -9999 -9999 -9999 -9999 -9999 -9999 -9999 -9999 -9999 -9999 -9999 -9999 -9999 -9999 -9999 -9999 -9999 -9999 -9999 -9999 -9999 -9999 -9999 -9999
78.584 84.483 89.456 -9999 98.188 117.168 126.368 134.135 138.728 133.262 130.17 -9999 137.984 173.589 163.087 162.644 141.557 137.161 136.825 139.623 120.653 116.841 102.943 88.024 79.353 70.871 57.63 67.182 65.422 81.985 82.213 81.823 77.371 72.508 82.466 86.849 80.151 85.352 87.056 81.637 79.685 62.159 58.049 55.994 55.089 60.214 46.285 -9999 -9999 -9999 -9999 -9999 -9999 -9999 -9999 -9999 -9999 -9999 -9999 -9999 -9999 -9999 -9999 -9999 -9999 -9999 -9999 -9999 -9999 -9999 -9999 -9999 -9999 -9999 -9999
81.092 89.176 101.772 100.572 -9999 112.267 123.795 135.967 134.823 121.591 113.165 121.384 148.348 150.993 138.452 149.233 134.942 128.77 122.358 110.742 94.202 92.943 80.018 76.248 83.548 60.116 61.895 56.202 58.665 67.63 78.042 68.679 59.122 66.031 78.67 74.052 74.225 69.667 74.839 66.569 55.682 52.774 53.342 51.398 50.994 -9999 -9999 -9999 -9999 -9999 -9999 -9999 -9999 -9999 -9999 -9999 -9999 -9999 -9999 -9999 -9999 -9999 -9999 -9999 -9999 -9999 -9999 -9999 -9999 -9999 -9999 -9999 -9999 -9999 -9999
-9999 -9999 101.261 -9999 112.902 117.195 129.56 149.74 142.763 -9999 -9999 147.217 137.608 131.219 153.927 135.35 131.335 116.307 111.654 78.793 71.746 64.909 60.935 65.766 60.395 65.527 55.617 59.753 59.953 63.625 65.587 60.223 55.96 64.889 68.291 67.041 59.392 62.944 61.295 54.795 48.355 47.545 51.625 48.032 -9999 -9999 -9999 -9999 -9999 -9999 -9999 -9999 -9999 -9999 -9999 -9999 -9999 -9999 -9999 -9999 -9999 -9999 -9999 -9999 -9999 -9999 -9999 -9999 -9999 -9999 -9999 -9999 -9999 -9999 -9999
94.517 -9999 104.498 120.651 111.189 119.386 134.681 140.568 -9999 -9999 123.5 156.682 157.296 166.083 136.398 125.559 118.534 109.994 91.38 82.062 78.548 81.19 76.433 82.979 97.341 78.106 65.346 64.464 54.86 54.327 53.069 58.946 61.211 60.322 59.62 56.02 50.688 50.932 51.727 49.489 45.762 46.958 48.292 46.764 44.888 -9999 -9999 -9999 -9999 -9999 -9999 -9999 -9999 -9999 -9999 -9999 -9999 -9999 -9999 -9999 -9999 -9999 -9999 -9999 -9999 -9999 -9999 -9999 -9999 -9999 -9999 -9999 -9999 -9999 -9999
100.002 102.962 100.202 103.204 108.627 115.9 123.606 -9999 -9999 75.619 129.031 142.757 157.463 147.897 153.024 147.494 121.941 118.341 107.688 108.796 109.335 98.984 85.175 77.206 76.364 67.414 68.545 65.024 63.577 61.03 59.738 59.646 58.319 53.546 50.463 45.836 41.323 45.152 50.134 49.125 47.044 47.285 47.564 43.762 -9999 -9999 -9999 -9999 -9999 -9999 -9999 -9999 -9999 -9999 -9999 -9999 -9999 -9999 -9999 -9999 -9999 -9999 -9999 -9999 -9999 -9999 -9999 -9999 -9999 -9999 -9999 -9999 -9999 -9999 -9999
109.896 98.581 -9999 -9999 93.172 109.219 -9999 -9999 -9999 81.207 123.163 169.07 164.077 181.253 152.442 123.215 119.585 133.377 131.168 114.835 110.337 90.592 88.622 94.031 82.629 65.492 75.897 81.444 77.782 66.078 61.862 55.397 53.067 44.185 42.335 40.04 43.988 53.613 53.495 53.256 52.983 51.891 46.287 42.713 -9999 -9999 -9999 -9999 -9999 -9999 -9999 -9999 -9999 -9999 -9999 -9999 -9999 -9999 -9999 -9999 -9999 -9999 -9999 -9999 -9999 -9999 -9999 -9999 -9999 -9999 -9999 -9999 -9999 -9999 -9999
-9999 101.871 99.406 101.515 -9999 -9999 -9999 -9999 97.967 99.638 138.734 148.2 152.157 157.74 140.077 133.594 144.667 164.172 139.85 137.54 101.727 96.551 100.425 81.625 65.532 84.831 102.592 98.401 73.574 69.462 62.0 56.868 46.984 42.726 41.232 44.402 54.64 49.692 50.644 52.031 52.958 47.726 41.197 -9999 -9999 -9999 -9999 -9999 -9999 -9999 -9999 -9999 -9999 -9999 -9999 -9999 -9999 -9999 -9999 -9999 -9999 -9999 -9999 -9999 -9999 -9999 -9999 -9999 -9999 -9999 -9999 -9999 -9999 -9999 -9999
