Validation/Results/raw data/ReClimate_08_2024_1_Precipitation-Actualsweatherlogisticsltd.asc
NCOLS 192
NROWS 249
XLLCENTER -225160.85627316462
YLLCENTER 29788.11610251502
CELLSIZE 5000.0
NODATA_VALUE -9999
[rows 99 to 131 of 249, columns 74 to 147 of 192]
185.97 185.466 191.492 190.677 192.713 198.565 205.814 219.281 -9999 -9999 153.236 223.506 253.367 271.728 267.68 277.726 263.511 220.562 207.994 188.942 181.333 173.568 157.537 141.106 134.122 127.278 109.106 105.504 101.287 98.549 92.116 90.042 89.596 90.804 84.992 81.114 75.922 68.583 68.425 72.485 70.166 66.876 68.942 72.285 67.665 -9999 -9999 -9999 -9999 -9999 -9999 -9999 -9999 -9999 -9999 -9999 -9999 -9999 -9999 -9999 -9999 -9999 -9999 -9999 -9999 -9999 -9999 -9999 -9999 -9999 -9999 -9999 -9999 -9999
167.782 194.868 186.144 -9999 -9999 179.43 197.102 -9999 -9999 -9999 158.55 215.662 272.367 274.839 299.875 264.924 229.599 221.09 229.558 220.591 191.684 181.415 162.831 176.871 168.901 133.791 107.998 122.074 128.046 114.463 97.498 91.54 86.688 84.621 72.706 71.626 69.386 74.268 85.634 82.178 78.282 76.708 77.278 72.747 64.497 -9999 -9999 -9999 -9999 -9999 -9999 -9999 -9999 -9999 -9999 -9999 -9999 -9999 -9999 -9999 -9999 -9999 -9999 -9999 -9999 -9999 -9999 -9999 -9999 -9999 -9999 -9999 -9999 -9999
166.731 -9999 190.801 190.465 199.281 -9999 -9999 -9999 -9999 180.062 180.265 227.764 246.171 257.199 268.968 249.748 241.629 248.105 266.551 236.475 228.328 178.591 179.011 183.275 144.827 113.741 135.131 152.651 137.78 105.122 104.016 95.495 88.903 77.459 72.673 70.599 74.927 88.723 79.693 77.618 75.147 75.265 70.023 60.787 -9999 -9999 -9999 -9999 -9999 -9999 -9999 -9999 -9999 -9999 -9999 -9999 -9999 -9999 -9999 -9999 -9999 -9999 -9999 -9999 -9999 -9999 -9999 -9999 -9999 -9999 -9999 -9999 -9999 -9999
174.11 218.26 247.584 262.873 269.82 228.055 196.352 -9999 -9999 176.431 -9999 -9999 199.829 276.201 262.27 228.001 245.541 278.537 258.373 273.063 248.162 199.58 174.0 145.896 149.535 150.207 165.057 155.342 136.932 135.336 120.959 96.791 82.397 75.241 73.194 75.551 86.091 72.986 67.662 71.425 69.476 67.506 61.115 -9999 -9999 -9999 -9999 -9999 -9999 -9999 -9999 -9999 -9999 -9999 -9999 -9999 -9999 -9999 -9999 -9999 -9999 -9999 -9999 -9999 -9999 -9999 -9999 -9999 -9999 -9999 -9999 -9999 -9999 -9999
191.653 213.198 242.996 279.736 260.455 -9999 -9999 -9999 180.074 195.151 196.379 205.69 226.964 233.231 203.677 202.76 248.946 257.865 249.817 227.247 206.681 190.073 170.119 169.588 141.482 151.151 143.692 142.485 140.249 122.428 108.622 92.95 81.132 75.49 71.51 74.402 68.42 60.675 -9999 -9999 66.51 -9999 -9999 -9999 -9999 -9999 -9999 -9999 -9999 -9999 -9999 -9999 -9999 -9999 -9999 -9999 -9999 -9999 -9999 -9999 -9999 -9999 -9999 -9999 -9999 -9999 -9999 -9999 -9999 -9999 -9999 -9999 -9999 -9999
181.818 203.8 240.116 -9999 246.951 -9999 -9999 -9999 189.699 210.508 218.955 218.088 214.042 218.752 223.517 251.057 268.117 256.493 238.38 231.797 231.144 208.157 175.178 146.32 147.481 146.435 130.544 116.27 101.968 101.483 99.564 88.842 78.571 71.324 67.006 66.507 59.62 -9999 67.624 64.657 64.123 64.531 -9999 -9999 -9999 -9999 -9999 -9999 -9999 -9999 -9999 -9999 -9999 -9999 -9999 -9999 -9999 -9999 -9999 -9999 -9999 -9999 -9999 -9999 -9999 -9999 -9999 -9999 -9999 -9999 -9999 -9999 -9999 -9999
-9999 180.472 -9999 -9999 -9999 -9999 206.035 203.256 214.376 221.498 225.607 223.024 231.51 252.327 252.354 259.152 258.7 275.453 249.418 245.572 221.001 208.775 174.578 180.184 186.568 152.075 131.028 121.314 107.829 95.794 86.62 77.917 73.557 69.183 68.027 -9999 65.53 67.214 63.055 62.341 60.148 66.355 -9999 -9999 -9999 -9999 -9999 -9999 -9999 -9999 -9999 -9999 -9999 -9999 -9999 -9999 -9999 -9999 -9999 -9999 -9999 -9999 -9999 -9999 -9999 -9999 -9999 -9999 -9999 -9999 -9999 -9999 -9999 -9999
-9999 -9999 -9999 -9999 -9999 -9999 201.266 190.694 199.371 217.633 225.605 217.744 243.375 225.179 223.799 245.127 286.326 275.459 245.332 235.87 226.14 188.171 180.896 196.903 169.953 168.549 161.462 129.899 115.822 99.345 87.048 86.808 84.642 86.046 86.474 79.831 68.646 65.983 70.061 74.676 71.287 70.331 66.949 -9999 -9999 -9999 -9999 -9999 -9999 -9999 -9999 -9999 -9999 -9999 -9999 -9999 -9999 -9999 -9999 -9999 -9999 -9999 -9999 -9999 -9999 -9999 -9999 -9999 -9999 -9999 -9999 -9999 -9999 -9999
-9999 -9999 -9999 -9999 -9999 193.166 -9999 -9999 192.6 216.589 216.601 233.248 227.98 -9999 -9999 262.0 294.305 293.968 237.821 220.67 202.069 180.594 176.449 167.57 155.993 147.921 124.511 115.258 110.967 107.494 119.745 122.131 110.677 104.093 95.316 84.058 79.466 71.686 78.948 75.009 80.443 76.18 68.722 62.59 -9999 -9999 -9999 -9999 -9999 -9999 -9999 -9999 -9999 -9999 -9999 -9999 -9999 -9999 -9999 -9999 -9999 -9999 -9999 -9999 -9999 -9999 -9999 -9999 -9999 -9999 -9999 -9999 -9999 -9999
-9999 -9999 -9999 -9999 -9999 180.888 -9999 174.507 185.345 197.202 227.518 234.588 207.261 206.22 237.799 262.718 267.467 227.417 221.708 233.695 184.966 162.899 165.799 151.806 132.379 117.84 102.666 104.872 122.141 146.203 149.036 130.822 114.456 98.722 88.699 85.709 78.18 76.204 73.415 70.645 68.052 68.579 63.903 -9999 -9999 -9999 -9999 -9999 -9999 -9999 -9999 -9999 -9999 -9999 -9999 -9999 -9999 -9999 -9999 -9999 -9999 -9999 -9999 -9999 -9999 -9999 -9999 -9999 -9999 -9999 -9999 -9999 -9999 -9999
-9999 -9999 -9999 -9999 -9999 168.611 -9999 165.917 166.611 190.74 205.899 198.402 -9999 225.816 229.357 -9999 227.012 217.485 217.401 186.631 190.943 173.054 141.619 123.192 106.967 94.618 97.879 99.49 115.435 109.287 105.151 106.112 107.852 100.677 87.624 80.991 75.653 72.055 68.76 -9999 -9999 -9999 -9999 -9999 -9999 -9999 -9999 -9999 -9999 -9999 -9999 -9999 -9999 -9999 -9999 -9999 -9999 -9999 -9999 -9999 -9999 -9999 -9999 -9999 -9999 -9999 -9999 -9999 -9999 -9999 -9999 -9999 -9999 -9999
-9999 -9999 -9999 152.334 158.259 -9999 -9999 158.171 170.505 187.191 182.404 183.713 227.167 217.905 234.117 -9999 187.702 214.828 186.279 172.427 169.714 156.116 131.757 121.988 111.575 115.948 111.919 96.172 90.465 87.349 89.905 93.246 96.072 95.189 85.638 82.355 78.113 70.91 -9999 -9999 -9999 -9999 -9999 -9999 -9999 -9999 -9999 -9999 -9999 -9999 -9999 -9999 -9999 -9999 -9999 -9999 -9999 -9999 -9999 -9999 -9999 -9999 -9999 -9999 -9999 -9999 -9999 -9999 -9999 -9999 -9999 -9999 -9999 -9999
-9999 -9999 137.476 142.65 147.871 -9999 158.49 175.306 192.988 179.967 -9999 212.11 213.001 228.002 237.166 -9999 190.65 190.082 166.614 142.531 140.444 123.565 125.4 130.622 123.832 138.397 121.797 107.331 95.749 -9999 77.805 79.314 82.846 81.124 80.594 84.282 76.461 -9999 -9999 -9999 -9999 -9999 -9999 -9999 -9999 -9999 -9999 -9999 -9999 -9999 -9999 -9999 -9999 -9999 -9999 -9999 -9999 -9999 -9999 -9999 -9999 -9999 -9999 -9999 -9999 -9999 -9999 -9999 -9999 -9999 -9999 -9999 -9999 -9999
-9999 -9999 127.795 128.41 -9999 -9999 168.485 189.504 180.529 -9999 188.543 206.849 214.429 224.667 217.627 -9999 164.32 150.277 141.313 135.921 133.192 129.547 136.839 160.008 166.207 157.673 143.097 115.129 95.333 80.63 72.082 -9999 -9999 71.302 68.901 -9999 -9999 -9999 -9999 -9999 -9999 58.127 59.718 60.626 -9999 -9999 -9999 -9999 -9999 -9999 -9999 -9999 -9999 -9999 -9999 -9999 -9999 -9999 -9999 -9999 -9999 -9999 -9999 -9999 -9999 -9999 -9999 -9999 -9999 -9999 -9999 -9999 -9999 -9999
-9999 135.851 143.306 -9999 -9999 152.008 167.2 164.229 182.535 -9999 182.208 199.39 195.341 193.251 200.684 -9999 -9999 -9999 142.678 136.807 134.456 138.417 146.918 152.255 152.042 137.485 124.413 109.911 98.664 86.282 79.521 73.382 73.491 71.299 66.682 -9999 -9999 -9999 -9999 -9999 60.347 58.547 62.788 58.366 58.867 -9999 -9999 -9999 -9999 -9999 -9999 -9999 -9999 -9999 -9999 -9999 -9999 -9999 -9999 -9999 -9999 -9999 -9999 -9999 -9999 -9999 -9999 -9999 -9999 -9999 -9999 -9999 -9999 -9999
147.847 157.879 147.36 -9999 -9999 -9999 135.462 165.431 168.491 -9999 162.434 -9999 168.744 182.399 169.848 -9999 148.339 153.831 145.583 -9999 122.156 119.139 123.48 127.308 119.124 119.168 116.06 109.03 100.026 93.078 83.901 82.189 79.996 70.082 63.331 60.701 62.725 63.273 -9999 60.912 60.766 62.28 62.369 68.411 72.212 76.532 56.807 -9999 -9999 -9999 -9999 -9999 -9999 -9999 -9999 -9999 -9999 -9999 -9999 -9999 -9999 -9999 -9999 -9999 -9999 -9999 -9999 -9999 -9999 -9999 -9999 -9999 -9999 -9999
146.91 154.049 -9999 -9999 -9999 -9999 148.01 170.547 151.39 -9999 142.659 -9999 151.51 150.294 -9999 162.693 173.33 177.712 154.268 124.309 112.919 103.797 104.173 105.485 105.949 102.991 100.841 101.396 98.323 94.214 85.729 81.809 73.884 75.097 69.781 68.478 71.508 64.702 61.921 62.613 61.899 62.935 66.866 77.952 81.13 85.183 76.35 67.686 61.911 66.325 -9999 -9999 -9999 -9999 -9999 -9999 -9999 -9999 -9999 -9999 -9999 -9999 -9999 -9999 -9999 -9999 -9999 -9999 -9999 -9999 -9999 -9999 -9999 -9999
-9999 135.939 -9999 -9999 -9999 -9999 147.657 148.219 153.1 152.554 -9999 -9999 128.105 134.426 -9999 151.807 176.274 197.404 163.884 139.021 117.443 106.039 97.708 91.156 89.773 87.534 91.086 96.929 101.713 98.917 97.269 93.589 90.242 85.536 84.071 88.173 79.548 63.057 57.598 65.173 66.883 74.185 89.368 93.266 91.255 88.723 83.277 89.68 73.041 66.02 66.77 -9999 -9999 -9999 -9999 -9999 -9999 -9999 -9999 -9999 -9999 -9999 -9999 -9999 -9999 -9999 -9999 -9999 -9999 -9999 -9999 -9999 -9999 -9999
134.386 -9999 -9999 -9999 -9999 -9999 128.469 137.356 153.204 138.469 -9999 -9999 127.354 126.667 -9999 -9999 175.073 173.587 154.679 141.234 136.302 121.146 106.91 98.869 97.121 86.492 87.271 98.119 102.173 104.811 108.266 106.746 100.002 99.938 101.017 90.419 75.969 70.664 69.431 67.829 83.839 95.361 97.425 101.285 95.462 86.872 82.819 76.469 69.337 71.093 67.642 -9999 -9999 -9999 -9999 -9999 -9999 -9999 -9999 -9999 -9999 -9999 -9999 -9999 -9999 -9999 -9999 -9999 -9999 -9999 -9999 -9999 -9999 -9999
126.325 -9999 -9999 -9999 -9999 -9999 118.452 135.641 146.701 -9999 -9999 -9999 -9999 121.594 -9999 126.824 153.739 154.981 143.169 144.462 142.053 136.155 124.886 117.665 106.344 95.453 93.422 94.464 94.39 98.843 105.187 103.019 101.921 102.121 94.105 86.745 85.553 83.458 86.96 87.029 87.171 89.594 88.889 87.846 88.417 84.808 77.683 68.917 66.606 66.638 65.451 66.527 -9999 -9999 -9999 -9999 -9999 -9999 -9999 -9999 -9999 -9999 -9999 -9999 -9999 -9999 -9999 -9999 -9999 -9999 -9999 -9999 -9999 -9999
119.783 -9999 -9999 -9999 122.169 121.599 125.758 137.469 -9999 -9999 159.956 -9999 -9999 -9999 -9999 122.385 137.17 136.88 134.64 134.611 137.284 141.927 137.004 132.533 121.637 107.059 100.532 87.436 82.096 90.594 90.7 87.771 93.222 88.497 90.866 98.338 92.658 105.087 108.146 98.905 93.203 92.091 87.686 79.537 80.31 82.188 78.001 67.852 66.158 66.693 67.108 62.143 -9999 -9999 -9999 -9999 -9999 -9999 -9999 -9999 -9999 -9999 -9999 -9999 -9999 -9999 -9999 -9999 -9999 -9999 -9999 -9999 -9999 -9999
-9999 -9999 -9999 -9999 -9999 128.746 133.884 145.707 -9999 153.904 172.389 179.817 -9999 -9999 -9999 -9999 113.078 115.979 118.163 122.244 127.497 131.573 135.799 130.98 124.389 108.461 94.014 82.17 87.242 84.114 80.484 85.612 91.706 90.869 98.54 88.816 98.35 99.958 103.725 106.067 99.036 89.551 80.102 77.221 71.369 71.544 72.511 66.338 64.764 66.317 70.115 66.785 64.852 -9999 -9999 -9999 -9999 -9999 -9999 -9999 -9999 -9999 -9999 -9999 -9999 -9999 -9999 -9999 -9999 -9999 -9999 -9999 -9999 -9999
-9999 -9999 -9999 -9999 -9999 136.321 146.23 154.31 -9999 135.129 167.745 180.033 -9999 -9999 -9999 -9999 -9999 99.514 103.988 108.206 112.124 121.314 121.23 125.538 123.487 121.789 109.806 99.253 87.267 83.021 82.388 84.677 83.637 87.015 91.869 89.885 90.521 95.389 95.311 87.179 80.881 74.774 80.362 79.966 71.881 70.514 63.576 63.062 61.411 64.19 68.742 73.947 67.134 66.788 -9999 -9999 -9999 -9999 -9999 -9999 -9999 -9999 -9999 -9999 -9999 -9999 -9999 -9999 -9999 -9999 -9999 -9999 -9999 -9999
-9999 -9999 -9999 -9999 -9999 140.202 156.79 -9999 -9999 122.205 151.949 168.727 142.436 -9999 -9999 -9999 -9999 -9999 92.365 105.764 116.824 119.513 127.676 135.555 133.999 129.956 118.201 105.939 94.5 94.426 89.361 88.385 92.352 103.61 100.665 115.97 100.452 101.781 87.894 96.532 90.212 81.868 77.955 72.021 73.063 68.209 67.424 71.606 72.819 64.336 69.545 67.295 77.382 69.886 68.9 67.314 -9999 -9999 -9999 -9999 -9999 -9999 -9999 -9999 -9999 -9999 -9999 -9999 -9999 -9999 -9999 -9999 -9999 -9999
-9999 -9999 -9999 -9999 -9999 149.789 134.233 -9999 -9999 128.766 148.36 147.7 -9999 -9999 -9999 -9999 -9999 -9999 90.677 94.174 107.87 110.227 117.9 118.136 122.389 121.671 118.093 114.852 105.718 101.211 102.984 110.382 124.152 115.726 126.056 132.083 121.694 96.69 95.602 84.073 78.094 73.627 67.629 70.719 71.737 71.616 67.795 73.019 73.611 88.155 83.999 75.728 79.615 81.85 73.771 69.327 -9999 -9999 -9999 -9999 -9999 -9999 -9999 -9999 -9999 -9999 -9999 -9999 -9999 -9999 -9999 -9999 -9999 -9999
-9999 -9999 -9999 -9999 -9999 139.702 119.706 -9999 -9999 -9999 124.411 123.417 116.983 -9999 -9999 -9999 -9999 -9999 86.05 96.054 98.256 101.119 103.219 108.69 120.996 131.887 136.985 123.236 117.678 113.275 105.618 111.374 120.458 123.924 147.009 137.221 116.581 113.283 97.44 87.095 86.086 73.832 74.853 70.545 68.646 74.53 80.136 81.305 94.754 114.791 105.834 90.227 82.941 83.944 82.89 75.91 -9999 -9999 -9999 -9999 -9999 -9999 -9999 -9999 -9999 -9999 -9999 -9999 -9999 -9999 -9999 -9999 -9999 -9999
-9999 -9999 -9999 -9999 149.593 132.807 119.982 -9999 -9999 -9999 -9999 -9999 -9999 -9999 -9999 -9999 -9999 -9999 97.499 101.588 102.083 101.295 102.437 106.511 116.338 129.135 138.944 132.741 128.355 128.154 121.678 128.439 137.156 152.733 157.594 152.528 144.687 134.999 112.609 104.045 87.788 82.173 73.146 73.257 78.383 77.565 87.012 97.083 118.253 121.616 116.528 89.66 79.002 79.317 80.506 79.576 68.171 -9999 -9999 -9999 -9999 -9999 -9999 -9999 -9999 -9999 -9999 -9999 -9999 -9999 -9999 -9999 -9999 -9999
-9999 -9999 -9999 149.36 146.733 136.739 122.59 -9999 -9999 -9999 -9999 -9999 -9999 -9999 -9999 -9999 101.105 99.641 104.507 110.959 116.831 119.165 117.972 120.567 120.78 128.673 127.994 133.861 141.947 139.155 145.755 140.959 137.804 140.486 163.216 151.86 152.986 131.451 117.149 100.576 86.418 76.879 82.807 81.54 74.504 78.601 90.283 107.728 108.323 118.914 114.802 91.921 76.825 75.441 83.711 80.674 72.975 -9999 -9999 -9999 -9999 -9999 -9999 -9999 -9999 -9999 -9999 -9999 -9999 -9999 -9999 -9999 -9999 -9999
-9999 -9999 -9999 145.134 128.255 112.832 -9999 -9999 -9999 -9999 -9999 -9999 -9999 -9999 -9999 -9999 101.424 100.311 109.694 119.122 124.816 126.756 143.311 151.963 147.545 141.294 132.963 125.139 131.617 151.03 152.512 141.374 129.14 135.167 149.392 163.802 148.222 137.466 120.867 108.769 91.329 92.73 92.802 86.378 85.174 99.499 110.873 109.987 105.164 103.764 98.594 89.664 91.341 95.53 88.347 85.592 76.584 -9999 -9999 -9999 -9999 -9999 -9999 -9999 -9999 -9999 -9999 -9999 -9999 -9999 -9999 -9999 -9999 -9999
-9999 -9999 -9999 -9999 -9999 -9999 -9999 -9999 -9999 -9999 -9999 -9999 -9999 -9999 -9999 -9999 103.617 106.814 120.93 127.635 135.418 139.632 159.613 167.753 181.203 156.097 131.565 125.585 135.547 146.624 168.486 155.327 126.104 129.767 150.955 162.866 150.329 138.746 136.151 119.356 120.707 119.659 112.231 112.205 118.023 121.695 103.697 98.067 97.092 99.686 101.968 87.357 85.251 91.255 88.953 78.129 75.553 -9999 -9999 -9999 -9999 -9999 -9999 -9999 -9999 -9999 -9999 -9999 -9999 -9999 -9999 -9999 -9999 -9999
-9999 -9999 -9999 -9999 -9999 -9999 -9999 -9999 -9999 -9999 -9999 -9999 -9999 -9999 -9999 107.056 117.413 128.817 135.465 150.977 141.459 144.489 153.207 178.223 169.639 153.1 135.289 127.273 113.889 124.737 138.128 141.674 132.33 123.514 140.427 151.747 145.656 141.078 141.308 143.399 124.333 117.61 119.427 118.661 132.764 112.782 112.757 102.415 88.823 101.707 102.234 100.444 88.542 84.139 81.333 76.955 73.185 -9999 -9999 -9999 -9999 -9999 -9999 -9999 -9999 -9999 -9999 -9999 -9999 -9999 -9999 -9999 -9999 -9999
-9999 -9999 -9999 -9999 -9999 -9999 -9999 -9999 -9999 -9999 -9999 -9999 -9999 -9999 -9999 117.471 131.342 144.289 166.398 162.069 150.777 152.206 167.602 152.622 151.475 140.164 128.415 122.426 104.655 109.753 129.748 140.554 136.341 115.968 127.274 130.871 130.816 137.792 150.413 126.815 133.3 129.735 120.512 136.022 115.017 116.678 110.849 94.772 98.63 98.009 95.554 103.369 96.737 88.295 87.148 83.18 73.605 -9999 -9999 -9999 -9999 -9999 -9999 -9999 -9999 -9999 -9999 -9999 -9999 -9999 -9999 -9999 -9999 -9999
-9999 -9999 -9999 -9999 -9999 -9999 -9999 -9999 -9999 -9999 -9999 -9999 -9999 -9999 109.472 128.63 138.641 163.061 170.159 173.266 182.707 182.449 170.746 147.251 137.337 130.545 132.896 130.262 113.109 112.495 124.269 128.046 109.669 109.736 125.004 128.189 131.65 147.101 131.537 131.651 142.755 129.84 133.638 128.664 111.238 107.674 100.998 105.684 104.718 100.681 102.117 98.41 91.906 85.262 85.457 84.126 79.052 75.192 -9999 -9999 -9999 -9999 -9999 -9999 -9999 -9999 -9999 -9999 -9999 -9999 -9999 -9999 -9999 -9999
