Validation/Results/raw data/ReClimate_08_2024_2_Precipitation-Actuals.asc
NCOLS 192
NROWS 249
XLLCENTER -225160.85627316462
YLLCENTER 29788.11610251502
CELLSIZE 5000.0
NODATA_VALUE -9999
[rows 99 to 131 of 249, columns 74 to 147 of 192]
244.054 244.312 252.965 252.589 254.797 264.735 279.357 302.403 -9999 -9999 219.456 310.066 340.12 370.217 352.421 369.721 362.446 314.992 303.795 278.113 267.845 262.318 241.576 209.843 193.546 188.495 166.524 160.538 150.417 145.52 139.127 131.802 127.909 128.26 120.389 113.011 101.881 90.133 92.126 102.726 98.293 92.41 93.561 95.738 88.314 -9999 -9999 -9999 -9999 -9999 -9999 -9999 -9999 -9999 -9999 -9999 -9999 -9999 -9999 -9999 -9999 -9999 -9999 -9999 -9999 -9999 -9999 -9999 -9999 -9999 -9999 -9999 -9999 -9999
218.438 254.627 246.209 -9999 -9999 238.7 265.652 -9999 -9999 -9999 208.264 288.876 380.953 379.515 401.003 359.417 319.088 312.932 341.802 326.137 289.139 278.127 239.12 227.513 226.971 197.917 165.019 185.314 199.455 181.724 154.973 139.009 127.779 118.423 98.789 94.76 90.845 94.527 109.322 110.526 110.965 108.435 106.994 95.821 84.879 -9999 -9999 -9999 -9999 -9999 -9999 -9999 -9999 -9999 -9999 -9999 -9999 -9999 -9999 -9999 -9999 -9999 -9999 -9999 -9999 -9999 -9999 -9999 -9999 -9999 -9999 -9999 -9999 -9999
216.576 -9999 254.357 258.063 274.16 -9999 -9999 -9999 -9999 235.362 234.732 310.693 349.289 358.807 362.131 340.638 336.71 368.328 395.2 349.09 341.215 271.164 247.064 248.304 212.338 174.064 200.272 235.99 224.662 180.307 165.273 146.847 129.563 107.799 97.378 94.314 100.846 115.984 103.31 107.876 109.379 107.619 99.525 86.894 -9999 -9999 -9999 -9999 -9999 -9999 -9999 -9999 -9999 -9999 -9999 -9999 -9999 -9999 -9999 -9999 -9999 -9999 -9999 -9999 -9999 -9999 -9999 -9999 -9999 -9999 -9999 -9999 -9999 -9999
228.122 288.85 337.387 381.773 399.023 307.868 256.415 -9999 -9999 227.258 -9999 -9999 272.69 358.503 348.353 312.08 341.503 391.532 366.839 390.13 358.816 288.39 248.082 215.052 225.613 229.624 254.441 241.257 217.167 213.415 186.795 145.223 118.639 104.645 99.681 103.006 117.557 97.58 94.014 99.776 95.738 90.77 86.941 -9999 -9999 -9999 -9999 -9999 -9999 -9999 -9999 -9999 -9999 -9999 -9999 -9999 -9999 -9999 -9999 -9999 -9999 -9999 -9999 -9999 -9999 -9999 -9999 -9999 -9999 -9999 -9999 -9999 -9999 -9999
253.953 286.85 339.958 410.896 364.589 -9999 -9999 -9999 234.601 253.791 263.371 277.096 296.735 308.416 279.656 282.107 334.141 354.005 349.028 325.902 294.869 271.339 249.759 252.528 219.12 240.746 223.721 217.698 214.544 182.416 160.572 133.924 114.878 106.16 98.672 101.399 91.27 83.462 -9999 -9999 84.957 -9999 -9999 -9999 -9999 -9999 -9999 -9999 -9999 -9999 -9999 -9999 -9999 -9999 -9999 -9999 -9999 -9999 -9999 -9999 -9999 -9999 -9999 -9999 -9999 -9999 -9999 -9999 -9999 -9999 -9999 -9999 -9999 -9999
243.556 275.16 329.393 -9999 318.434 -9999 -9999 -9999 246.357 279.814 297.109 290.814 278.045 288.819 300.096 335.197 368.486 352.06 333.288 321.667 321.933 286.163 256.413 220.483 229.626 232.889 201.759 175.341 151.22 144.179 130.113 116.757 109.131 99.969 91.711 89.824 81.369 -9999 89.98 82.935 79.384 86.812 -9999 -9999 -9999 -9999 -9999 -9999 -9999 -9999 -9999 -9999 -9999 -9999 -9999 -9999 -9999 -9999 -9999 -9999 -9999 -9999 -9999 -9999 -9999 -9999 -9999 -9999 -9999 -9999 -9999 -9999 -9999 -9999
-9999 242.939 -9999 -9999 -9999 -9999 254.667 255.058 275.698 290.088 300.413 291.666 303.35 329.003 328.746 346.96 348.413 376.219 346.771 343.772 307.769 299.828 252.294 263.636 276.796 229.215 202.47 180.474 156.361 132.59 120.131 104.297 98.538 98.305 94.897 -9999 93.258 91.55 83.43 82.599 80.441 89.67 -9999 -9999 -9999 -9999 -9999 -9999 -9999 -9999 -9999 -9999 -9999 -9999 -9999 -9999 -9999 -9999 -9999 -9999 -9999 -9999 -9999 -9999 -9999 -9999 -9999 -9999 -9999 -9999 -9999 -9999 -9999 -9999
-9999 -9999 -9999 -9999 -9999 -9999 258.281 230.625 245.05 282.542 299.444 285.716 312.784 289.967 286.547 313.183 385.17 380.299 340.797 331.544 321.646 269.424 260.055 284.245 258.858 253.884 240.996 189.865 164.901 143.209 123.854 122.191 125.52 122.921 123.834 114.223 96.487 91.596 95.13 100.992 95.834 95.385 90.819 -9999 -9999 -9999 -9999 -9999 -9999 -9999 -9999 -9999 -9999 -9999 -9999 -9999 -9999 -9999 -9999 -9999 -9999 -9999 -9999 -9999 -9999 -9999 -9999 -9999 -9999 -9999 -9999 -9999 -9999 -9999
-9999 -9999 -9999 -9999 -9999 249.088 -9999 -9999 249.662 287.746 285.475 302.68 294.199 -9999 -9999 340.983 403.118 411.628 333.072 309.465 287.163 258.3 248.164 238.999 210.274 209.791 172.837 161.122 156.169 156.232 172.98 177.246 155.636 143.729 128.304 119.237 112.695 99.959 107.689 99.294 108.012 104.396 93.816 80.82 -9999 -9999 -9999 -9999 -9999 -9999 -9999 -9999 -9999 -9999 -9999 -9999 -9999 -9999 -9999 -9999 -9999 -9999 -9999 -9999 -9999 -9999 -9999 -9999 -9999 -9999 -9999 -9999 -9999 -9999
-9999 -9999 -9999 -9999 -9999 234.922 -9999 227.082 245.658 265.838 293.332 299.823 280.387 276.348 314.862 357.926 370.91 310.403 308.439 328.393 266.178 238.904 233.408 209.375 181.423 158.701 140.162 143.859 165.338 211.342 215.223 182.649 156.792 132.382 122.938 119.333 110.83 106.301 97.384 92.349 89.699 92.406 84.138 -9999 -9999 -9999 -9999 -9999 -9999 -9999 -9999 -9999 -9999 -9999 -9999 -9999 -9999 -9999 -9999 -9999 -9999 -9999 -9999 -9999 -9999 -9999 -9999 -9999 -9999 -9999 -9999 -9999 -9999 -9999
-9999 -9999 -9999 -9999 -9999 220.757 -9999 207.062 207.949 245.39 262.628 260.756 -9999 308.324 313.416 -9999 315.657 301.434 311.074 268.446 272.394 234.203 204.523 171.323 152.103 137.71 140.701 133.743 160.614 153.621 143.39 144.486 145.465 135.833 118.774 112.395 106.75 98.295 90.652 -9999 -9999 -9999 -9999 -9999 -9999 -9999 -9999 -9999 -9999 -9999 -9999 -9999 -9999 -9999 -9999 -9999 -9999 -9999 -9999 -9999 -9999 -9999 -9999 -9999 -9999 -9999 -9999 -9999 -9999 -9999 -9999 -9999 -9999 -9999
-9999 -9999 -9999 199.021 208.053 -9999 -9999 188.108 220.585 243.975 242.822 257.733 307.528 296.494 322.386 -9999 258.702 279.303 263.129 246.956 230.981 217.168 180.142 176.505 176.662 169.906 162.65 136.124 124.348 116.05 120.986 124.971 130.061 131.139 119.853 117.749 109.049 96.24 -9999 -9999 -9999 -9999 -9999 -9999 -9999 -9999 -9999 -9999 -9999 -9999 -9999 -9999 -9999 -9999 -9999 -9999 -9999 -9999 -9999 -9999 -9999 -9999 -9999 -9999 -9999 -9999 -9999 -9999 -9999 -9999 -9999 -9999 -9999 -9999
-9999 -9999 172.968 185.926 197.783 -9999 199.361 220.021 240.473 235.203 -9999 285.272 286.43 309.025 319.227 -9999 250.172 257.499 228.603 192.295 193.976 176.076 171.847 186.196 192.157 199.763 174.323 153.742 130.445 -9999 102.114 108.183 115.144 117.935 115.175 116.117 104.737 -9999 -9999 -9999 -9999 -9999 -9999 -9999 -9999 -9999 -9999 -9999 -9999 -9999 -9999 -9999 -9999 -9999 -9999 -9999 -9999 -9999 -9999 -9999 -9999 -9999 -9999 -9999 -9999 -9999 -9999 -9999 -9999 -9999 -9999 -9999 -9999 -9999
-9999 -9999 159.885 173.2 -9999 -9999 217.146 243.829 239.543 -9999 254.27 276.773 289.661 306.286 295.827 -9999 225.473 202.749 190.57 187.913 187.111 181.267 183.349 227.674 233.053 226.47 208.404 159.735 128.15 105.458 102.971 -9999 -9999 99.192 94.624 -9999 -9999 -9999 -9999 -9999 -9999 77.87 78.306 84.139 -9999 -9999 -9999 -9999 -9999 -9999 -9999 -9999 -9999 -9999 -9999 -9999 -9999 -9999 -9999 -9999 -9999 -9999 -9999 -9999 -9999 -9999 -9999 -9999 -9999 -9999 -9999 -9999 -9999 -9999
-9999 162.183 170.824 -9999 -9999 201.86 219.34 219.577 241.686 -9999 243.219 265.74 266.112 267.529 281.254 -9999 -9999 -9999 201.481 192.115 185.691 185.943 196.717 198.619 189.994 190.378 170.598 146.979 130.691 121.082 111.568 102.112 100.694 97.322 86.761 -9999 -9999 -9999 -9999 -9999 79.625 77.803 80.32 80.14 77.667 -9999 -9999 -9999 -9999 -9999 -9999 -9999 -9999 -9999 -9999 -9999 -9999 -9999 -9999 -9999 -9999 -9999 -9999 -9999 -9999 -9999 -9999 -9999 -9999 -9999 -9999 -9999 -9999 -9999
185.106 171.513 181.013 -9999 -9999 -9999 180.717 220.305 225.559 -9999 213.966 -9999 228.165 249.02 236.191 -9999 204.73 218.087 213.89 -9999 168.27 157.583 162.613 158.314 157.458 159.77 155.299 145.331 135.53 130.22 118.847 117.462 114.404 98.03 88.445 83.85 85.986 85.522 -9999 79.566 79.556 78.164 78.564 89.307 92.386 98.2 73.249 -9999 -9999 -9999 -9999 -9999 -9999 -9999 -9999 -9999 -9999 -9999 -9999 -9999 -9999 -9999 -9999 -9999 -9999 -9999 -9999 -9999 -9999 -9999 -9999 -9999 -9999 -9999
181.22 198.17 -9999 -9999 -9999 -9999 196.896 224.174 199.978 -9999 188.907 -9999 203.664 201.978 -9999 220.561 235.991 255.23 230.09 189.355 155.037 140.999 136.955 134.216 140.132 137.317 136.169 137.289 133.812 131.361 122.402 119.535 103.815 105.977 102.937 98.597 102.823 91.335 89.67 86.306 81.475 79.264 87.132 106.349 110.266 113.622 103.677 92.668 82.112 88.374 -9999 -9999 -9999 -9999 -9999 -9999 -9999 -9999 -9999 -9999 -9999 -9999 -9999 -9999 -9999 -9999 -9999 -9999 -9999 -9999 -9999 -9999 -9999 -9999
-9999 196.867 -9999 -9999 -9999 -9999 194.674 193.171 201.288 206.387 -9999 -9999 170.975 180.727 -9999 203.364 243.906 277.727 239.865 196.132 161.531 147.528 133.699 129.845 121.919 118.647 124.624 131.24 139.107 138.087 132.5 114.075 129.339 125.307 120.051 127.197 112.914 93.478 83.176 91.325 89.701 99.238 123.446 128.052 122.218 120.53 112.825 116.597 119.254 92.331 85.422 -9999 -9999 -9999 -9999 -9999 -9999 -9999 -9999 -9999 -9999 -9999 -9999 -9999 -9999 -9999 -9999 -9999 -9999 -9999 -9999 -9999 -9999 -9999
202.544 -9999 -9999 -9999 -9999 -9999 175.497 186.129 207.299 190.106 -9999 -9999 172.026 170.136 -9999 -9999 239.252 242.539 218.594 192.145 185.146 170.325 154.959 139.295 136.214 121.144 120.981 133.6 139.438 145.814 142.615 151.263 141.873 139.456 141.598 126.295 108.502 100.181 102.146 107.097 110.939 125.724 133.973 136.578 126.055 114.236 109.194 100.379 101.401 89.281 85.159 -9999 -9999 -9999 -9999 -9999 -9999 -9999 -9999 -9999 -9999 -9999 -9999 -9999 -9999 -9999 -9999 -9999 -9999 -9999 -9999 -9999 -9999 -9999
187.216 -9999 -9999 -9999 -9999 -9999 163.227 184.82 202.316 -9999 -9999 -9999 -9999 163.709 -9999 170.584 208.636 216.86 197.747 193.026 193.048 187.529 175.906 168.245 151.873 134.9 124.727 119.439 129.183 136.374 147.77 146.107 142.862 141.102 128.516 120.022 116.691 114.775 129.231 122.908 116.416 119.754 116.713 113.054 113.671 110.674 101.51 86.13 75.464 85.893 86.727 80.63 -9999 -9999 -9999 -9999 -9999 -9999 -9999 -9999 -9999 -9999 -9999 -9999 -9999 -9999 -9999 -9999 -9999 -9999 -9999 -9999 -9999 -9999
172.655 -9999 -9999 -9999 170.348 166.538 171.064 188.975 -9999 -9999 226.983 -9999 -9999 -9999 -9999 162.86 186.898 188.234 180.538 177.776 178.257 190.884 188.296 185.135 172.826 150.972 135.613 118.91 112.239 126.078 126.841 122.036 129.446 119.739 125.347 136.663 129.671 150.222 155.805 140.003 129.371 118.799 99.705 105.866 103.883 106.62 99.52 80.151 78.794 84.333 80.878 76.736 -9999 -9999 -9999 -9999 -9999 -9999 -9999 -9999 -9999 -9999 -9999 -9999 -9999 -9999 -9999 -9999 -9999 -9999 -9999 -9999 -9999 -9999
-9999 -9999 -9999 -9999 -9999 176.124 182.798 203.17 -9999 214.528 244.001 262.532 -9999 -9999 -9999 -9999 152.724 152.972 155.023 158.501 166.456 172.485 181.605 180.56 173.892 154.185 134.53 118.95 122.198 112.438 114.662 126.422 129.092 127.37 140.653 128.155 143.261 142.577 145.068 146.185 137.275 114.529 106.995 100.851 91.887 90.881 90.927 79.709 77.76 83.29 85.251 79.927 78.582 -9999 -9999 -9999 -9999 -9999 -9999 -9999 -9999 -9999 -9999 -9999 -9999 -9999 -9999 -9999 -9999 -9999 -9999 -9999 -9999 -9999
-9999 -9999 -9999 -9999 -9999 186.736 201.234 217.375 -9999 185.06 236.257 266.939 -9999 -9999 -9999 -9999 -9999 133.49 138.108 144.074 151.381 161.555 165.939 171.666 171.459 176.831 163.335 147.409 125.471 121.014 122.786 124.561 118.006 124.364 135.837 135.2 130.851 135.428 131.852 117.81 110.975 101.434 105.76 93.451 88.546 88.369 79.273 76.424 74.82 78.679 82.738 90.135 82.412 78.652 -9999 -9999 -9999 -9999 -9999 -9999 -9999 -9999 -9999 -9999 -9999 -9999 -9999 -9999 -9999 -9999 -9999 -9999 -9999 -9999
-9999 -9999 -9999 -9999 -9999 194.371 217.373 -9999 -9999 164.652 211.455 245.159 206.39 -9999 -9999 -9999 -9999 -9999 126.73 140.102 151.174 155.17 175.027 186.186 191.347 191.715 176.654 159.507 142.428 142.343 134.341 130.805 136.373 153.618 153.006 173.007 148.852 150.461 127.184 139.579 121.103 106.674 100.692 90.504 84.571 81.881 83.749 86.767 91.221 79.707 84.138 84.336 93.79 83.004 78.836 72.769 -9999 -9999 -9999 -9999 -9999 -9999 -9999 -9999 -9999 -9999 -9999 -9999 -9999 -9999 -9999 -9999 -9999 -9999
-9999 -9999 -9999 -9999 -9999 210.234 187.722 -9999 -9999 172.754 203.02 209.84 -9999 -9999 -9999 -9999 -9999 -9999 124.531 134.997 139.539 149.161 162.258 167.086 177.452 180.147 178.184 175.489 160.917 152.25 156.34 168.877 189.365 174.693 191.437 199.481 184.158 146.089 148.67 134.885 107.809 107.236 99.135 89.728 89.82 90.526 87.357 92.461 97.681 110.019 106.895 94.452 93.169 93.392 83.678 77.182 -9999 -9999 -9999 -9999 -9999 -9999 -9999 -9999 -9999 -9999 -9999 -9999 -9999 -9999 -9999 -9999 -9999 -9999
-9999 -9999 -9999 -9999 -9999 200.284 157.546 -9999 -9999 -9999 172.384 176.63 164.645 -9999 -9999 -9999 -9999 -9999 122.238 130.212 134.274 140.141 146.19 158.801 181.761 199.813 209.092 190.642 174.255 163.361 162.293 174.17 184.395 187.734 219.605 205.81 178.3 172.576 156.212 128.984 125.244 108.353 106.156 102.2 90.735 93.463 99.651 106.627 118.21 139.858 132.08 113.71 97.13 94.185 90.5 81.778 -9999 -9999 -9999 -9999 -9999 -9999 -9999 -9999 -9999 -9999 -9999 -9999 -9999 -9999 -9999 -9999 -9999 -9999
-9999 -9999 -9999 -9999 218.803 184.952 158.363 -9999 -9999 -9999 -9999 -9999 -9999 -9999 -9999 -9999 -9999 -9999 136.064 143.739 144.96 143.94 149.079 161.039 183.609 200.355 213.097 201.885 191.263 196.592 188.707 200.61 211.428 231.816 237.532 232.596 224.154 193.046 163.199 151.068 127.682 118.628 104.582 97.059 101.903 98.092 111.844 123.674 148.085 148.796 144.836 111.609 90.25 87.301 84.856 80.695 69.678 -9999 -9999 -9999 -9999 -9999 -9999 -9999 -9999 -9999 -9999 -9999 -9999 -9999 -9999 -9999 -9999 -9999
-9999 -9999 -9999 221.523 214.981 187.914 164.63 -9999 -9999 -9999 -9999 -9999 -9999 -9999 -9999 -9999 144.765 141.147 147.979 161.956 173.582 176.601 179.093 192.255 194.242 199.918 196.8 208.9 222.023 219.937 227.51 222.211 214.392 215.471 241.951 229.45 221.077 190.636 165.814 144.236 125.252 111.076 117.393 119.353 98.294 100.828 115.64 138.241 136.867 145.836 141.576 111.89 85.008 79.894 86.852 82.144 73.945 -9999 -9999 -9999 -9999 -9999 -9999 -9999 -9999 -9999 -9999 -9999 -9999 -9999 -9999 -9999 -9999 -9999
-9999 -9999 -9999 211.831 178.052 153.979 -9999 -9999 -9999 -9999 -9999 -9999 -9999 -9999 -9999 -9999 146.807 144.2 156.351 177.264 188.901 192.916 222.708 242.252 236.746 227.19 221.381 203.278 210.359 232.824 237.962 219.909 200.201 198.818 210.887 232.421 213.912 195.81 170.846 153.927 131.015 130.27 130.693 114.152 112.972 129.234 145.042 141.144 132.267 123.597 108.667 99.625 97.906 99.277 90.027 85.322 73.02 -9999 -9999 -9999 -9999 -9999 -9999 -9999 -9999 -9999 -9999 -9999 -9999 -9999 -9999 -9999 -9999 -9999
-9999 -9999 -9999 -9999 -9999 -9999 -9999 -9999 -9999 -9999 -9999 -9999 -9999 -9999 -9999 -9999 152.159 155.014 177.204 191.721 208.907 215.443 250.47 270.41 288.757 256.801 217.275 203.742 213.347 229.232 257.506 236.323 193.914 193.101 211.655 226.205 216.477 199.027 193.045 172.86 172.588 167.49 153.412 153.313 158.319 163.177 136.683 126.057 120.492 112.223 111.255 92.416 86.564 90.922 88.572 80.103 73.103 -9999 -9999 -9999 -9999 -9999 -9999 -9999 -9999 -9999 -9999 -9999 -9999 -9999 -9999 -9999 -9999 -9999
-9999 -9999 -9999 -9999 -9999 -9999 -9999 -9999 -9999 -9999 -9999 -9999 -9999 -9999 -9999 161.869 177.905 194.065 198.68 222.44 222.261 229.379 242.495 278.939 269.463 245.019 216.595 201.915 181.012 193.214 208.032 212.757 199.649 183.202 195.672 206.816 205.562 201.391 199.774 202.858 180.145 177.816 168.701 162.921 179.63 150.989 148.036 131.288 107.772 114.648 111.174 105.008 88.062 82.735 78.966 74.928 73.231 -9999 -9999 -9999 -9999 -9999 -9999 -9999 -9999 -9999 -9999 -9999 -9999 -9999 -9999 -9999 -9999 -9999
-9999 -9999 -9999 -9999 -9999 -9999 -9999 -9999 -9999 -9999 -9999 -9999 -9999 -9999 -9999 182.627 200.371 216.642 245.555 251.256 246.466 243.527 267.355 244.872 237.639 219.78 207.937 191.662 163.41 167.899 195.427 207.719 199.147 167.648 174.255 181.599 184.341 194.407 209.496 175.541 189.369 180.002 165.77 184.53 155.854 154.608 142.82 117.358 114.841 107.354 100.069 103.696 94.587 85.972 82.536 74.19 70.208 -9999 -9999 -9999 -9999 -9999 -9999 -9999 -9999 -9999 -9999 -9999 -9999 -9999 -9999 -9999 -9999 -9999
-9999 -9999 -9999 -9999 -9999 -9999 -9999 -9999 -9999 -9999 -9999 -9999 -9999 -9999 175.139 198.337 212.318 246.809 254.922 267.835 287.434 295.579 282.561 236.629 213.572 205.792 206.461 197.015 173.997 172.761 188.899 189.397 159.717 151.234 168.082 175.927 182.19 203.142 180.823 178.716 191.065 173.28 182.07 171.06 149.722 145.263 121.913 122.797 116.062 105.129 102.643 95.313 86.876 82.717 82.557 74.834 69.288 67.757 -9999 -9999 -9999 -9999 -9999 -9999 -9999 -9999 -9999 -9999 -9999 -9999 -9999 -9999 -9999 -9999
