Validation/Results/raw data/ReClimate_01_2024_2.asc
NCOLS 192
NROWS 249
XLLCENTER -225160.85627316462
YLLCENTER 29788.11610251502
CELLSIZE 5000.0
NODATA_VALUE -9999
[rows 198 to 230 of 249, columns 74 to 147 of 192]
-9999 -9999 -9999 -9999 -9999 -9999 -9999 -9999 -9999 -9999 -9999 -9999 -9999 -9999 -9999 -9999 -9999 -9999 98.8 99.534 99.176 98.407 97.904 97.856 97.805 96.808 95.86 96.105 96.088 97.075 97.569 98.394 99.394 98.312 97.336 98.589 100.434 100.575 100.352 100.357 100.523 100.566 100.61 100.656 100.704 100.768 100.814 100.758 100.708 100.787 100.847 101.092 101.309 101.362 101.467 101.607 101.809 101.933 102.038 102.059 101.948 102.161 102.407 102.481 102.558 102.64 102.727 102.82 102.919 103.024 103.13 103.237 103.348 103.419
-9999 -9999 -9999 -9999 -9999 -9999 -9999 -9999 -9999 -9999 -9999 -9999 -9999 -9999 -9999 98.491 93.955 95.16 99.242 98.851 98.07 97.593 96.993 97.039 97.235 96.579 96.144 96.605 98.127 98.163 97.514 98.018 97.941 97.498 97.742 99.289 100.915 100.675 100.306 100.409 100.423 100.47 100.514 100.558 100.604 100.646 100.691 100.697 100.784 100.858 100.975 101.028 101.078 101.19 101.278 101.485 101.7 101.85 101.964 102.078 102.141 102.228 102.376 102.452 102.53 102.611 102.697 102.788 102.886 102.987 103.092 103.201 103.314 103.395
-9999 -9999 -9999 -9999 -9999 -9999 -9999 -9999 -9999 -9999 -9999 -9999 -9999 99.005 98.837 96.975 96.815 98.877 99.31 98.748 98.318 97.873 97.506 97.502 97.246 97.164 97.083 97.638 96.903 97.017 98.316 98.437 98.897 98.968 98.807 99.682 99.725 99.833 100.708 100.62 100.323 100.371 100.417 100.462 100.507 100.549 100.603 100.69 100.778 100.755 100.512 100.763 100.87 100.952 101.268 101.442 101.632 101.751 101.873 101.999 102.128 102.252 102.35 102.426 102.504 102.584 102.667 102.755 102.847 102.942 103.042 103.148 103.263 103.357
-9999 -9999 -9999 -9999 -9999 -9999 -9999 -9999 -9999 98.177 99.206 99.116 99.025 98.982 95.37 95.264 95.226 95.931 97.32 96.745 95.748 95.805 96.593 96.656 96.655 97.332 99.36 98.607 97.577 98.568 99.407 99.656 99.676 99.53 99.354 98.081 94.396 96.166 99.901 99.863 100.199 100.228 100.231 100.3 100.412 100.465 100.539 100.649 100.802 100.679 100.691 100.388 100.287 100.808 101.222 101.417 101.54 101.661 101.784 101.911 102.043 102.18 102.302 102.392 102.474 102.554 102.635 102.72 102.807 102.898 102.994 103.096 103.206 103.302
-9999 -9999 -9999 -9999 -9999 -9999 -9999 -9999 99.147 98.473 99.136 99.11 99.047 97.844 98.467 98.108 97.161 97.961 98.182 97.212 95.983 96.755 98.001 97.982 98.057 98.833 97.954 97.411 97.424 98.099 98.739 98.847 99.138 99.302 100.022 98.398 99.357 101.13 100.518 100.559 100.158 100.203 100.325 100.376 100.335 100.397 100.477 100.589 100.645 100.693 100.802 100.688 100.928 100.973 101.234 101.35 101.466 101.583 101.704 101.828 101.957 102.091 102.232 102.339 102.424 102.511 102.6 102.685 102.77 102.857 102.949 103.048 103.154 103.248
-9999 -9999 -9999 -9999 -9999 -9999 -9999 99.412 98.021 98.577 99.269 99.36 99.691 100.208 100.72 99.965 99.275 99.38 99.386 98.602 98.318 99.048 99.246 99.436 99.846 98.196 94.844 94.442 93.278 94.131 95.58 95.762 95.854 96.92 98.848 99.781 100.974 100.416 99.753 99.585 99.721 100.027 100.718 100.549 100.118 100.177 100.21 100.312 100.487 100.476 100.26 100.354 100.83 101.234 101.182 101.295 101.407 101.519 101.633 101.753 101.877 102.007 102.144 102.273 102.368 102.454 102.543 102.637 102.73 102.819 102.908 103.004 103.106 103.197
-9999 -9999 -9999 -9999 -9999 99.718 -9999 98.427 97.946 98.433 98.77 98.775 98.3 98.935 99.947 99.572 99.561 99.556 99.546 98.815 97.298 97.506 97.774 98.208 98.799 96.819 96.271 96.168 97.629 98.098 97.226 97.442 97.934 98.999 99.09 99.86 100.231 99.96 100.187 100.217 100.106 100.247 99.58 99.589 100.278 100.33 100.399 100.463 100.348 100.318 100.539 100.615 100.91 101.02 101.132 101.243 101.353 101.463 101.575 101.69 101.809 101.933 102.063 102.195 102.307 102.398 102.486 102.577 102.673 102.772 102.869 102.965 103.062 103.15
-9999 -9999 -9999 -9999 -9999 -9999 -9999 -9999 -9999 99.019 99.289 99.028 99.018 99.556 99.545 99.535 99.526 99.517 99.509 98.374 97.551 97.638 97.522 97.785 97.62 97.266 97.08 98.472 100.194 99.07 97.194 97.422 97.342 97.193 96.62 97.857 100.81 100.857 100.638 100.593 100.639 99.512 97.298 98.046 99.154 99.51 100.395 100.372 100.446 100.601 100.682 100.762 100.863 100.973 101.083 101.192 101.3 101.41 101.521 101.635 101.752 101.871 101.995 102.126 102.241 102.343 102.434 102.523 102.615 102.712 102.816 102.924 103.023 103.106
-9999 -9999 -9999 -9999 -9999 -9999 -9999 -9999 -9999 99.411 99.553 99.543 99.533 99.524 99.514 99.505 99.497 99.49 99.289 98.104 97.562 97.509 97.582 97.613 97.931 97.542 96.708 97.485 97.071 96.212 96.611 96.683 97.032 96.836 97.138 99.103 100.205 100.205 100.536 100.529 100.424 99.166 98.937 99.466 99.308 99.933 100.341 100.416 100.476 100.556 100.636 100.722 100.818 100.927 101.035 101.143 101.25 101.358 101.469 101.582 101.698 101.816 101.936 102.062 102.184 102.286 102.389 102.478 102.566 102.659 102.76 102.867 102.98 103.066
-9999 -9999 -9999 -9999 -9999 -9999 -9999 99.279 99.197 99.336 99.518 -9999 99.142 99.228 99.484 99.476 99.469 99.462 -9999 98.864 98.851 98.699 98.198 98.281 98.072 97.481 97.054 96.784 96.635 96.629 95.998 96.873 98.855 98.75 97.974 98.592 98.669 99.139 99.979 99.918 99.887 99.684 99.443 99.467 99.815 100.119 100.34 100.4 100.442 100.521 100.601 100.682 100.774 100.881 100.988 101.093 101.2 101.307 101.417 101.53 101.646 101.764 101.882 102.007 102.131 102.198 102.231 102.352 102.49 102.608 102.712 102.706 102.773 102.97
-9999 -9999 -9999 -9999 -9999 -9999 -9999 99.211 -9999 -9999 -9999 99.084 98.38 98.762 -9999 -9999 -9999 -9999 -9999 99.408 99.393 98.808 97.93 97.776 97.693 97.227 96.551 96.271 95.69 96.219 98.673 99.497 98.848 98.362 98.143 98.216 98.303 98.916 99.366 99.393 99.5 99.32 99.163 99.36 99.428 99.744 100.298 100.353 100.406 100.487 100.567 100.647 100.733 100.834 100.939 101.044 101.149 101.256 101.365 101.477 101.591 101.71 101.832 101.957 102.083 102.149 102.215 102.194 102.402 102.572 102.669 102.721 102.664 102.842
-9999 -9999 -9999 -9999 -9999 -9999 -9999 -9999 -9999 99.365 99.447 99.066 99.059 99.427 -9999 -9999 -9999 -9999 -9999 -9999 -9999 -9999 98.89 98.852 98.9 98.515 98.479 97.498 95.579 97.268 98.33 97.683 96.844 97.131 98.27 98.404 98.66 99.089 99.607 99.302 98.245 98.483 99.39 99.532 99.865 100.15 100.103 100.202 100.369 100.452 100.532 100.696 100.72 100.777 100.89 100.994 101.099 101.204 101.312 101.423 101.539 101.66 101.783 101.711 101.762 102.056 102.218 102.326 102.366 102.544 102.63 102.726 102.797 102.835
-9999 -9999 -9999 -9999 -9999 -9999 -9999 -9999 -9999 -9999 99.271 -9999 -9999 -9999 -9999 -9999 -9999 -9999 -9999 -9999 99.344 99.339 99.333 99.316 99.206 99.215 99.323 97.61 95.684 96.388 96.764 96.427 96.76 97.64 98.401 98.531 98.507 98.837 98.966 98.426 98.474 99.1 99.49 -9999 99.889 99.913 100.034 100.183 100.331 100.416 100.497 100.62 100.588 100.672 100.839 100.943 101.047 101.152 101.262 101.375 101.493 101.615 101.739 101.617 101.858 102.065 102.199 102.298 102.402 102.502 102.594 102.687 102.781 102.855
-9999 -9999 -9999 -9999 -9999 -9999 -9999 -9999 -9999 -9999 -9999 -9999 -9999 -9999 -9999 -9999 -9999 -9999 -9999 -9999 99.318 99.312 99.307 99.068 -9999 -9999 -9999 98.885 98.774 99.257 100.081 100.018 99.348 99.74 99.689 99.755 99.954 99.835 99.272 99.35 99.476 99.76 -9999 100.009 99.915 100.017 100.098 100.214 100.299 100.381 100.461 100.529 100.608 100.632 100.789 100.89 100.998 101.107 101.218 101.334 101.453 101.574 101.697 101.232 101.545 102.074 102.168 102.287 102.358 102.466 102.561 102.652 102.737 102.804
-9999 -9999 -9999 -9999 -9999 -9999 -9999 -9999 -9999 -9999 -9999 -9999 -9999 -9999 -9999 -9999 -9999 -9999 -9999 -9999 -9999 -9999 -9999 -9999 -9999 -9999 -9999 99.257 97.432 97.995 98.359 98.035 98.181 98.278 98.643 98.766 98.788 98.602 98.91 99.171 -9999 -9999 99.762 99.764 99.937 100.02 100.102 100.184 100.268 100.351 100.432 100.506 100.582 100.66 100.745 100.848 100.956 101.067 101.179 101.296 101.415 101.536 101.657 101.543 101.353 101.801 101.488 102.007 102.317 102.427 102.529 102.62 102.697 102.756
-9999 -9999 -9999 -9999 -9999 -9999 -9999 -9999 -9999 -9999 -9999 -9999 -9999 -9999 -9999 -9999 -9999 -9999 -9999 -9999 -9999 -9999 -9999 -9999 -9999 -9999 -9999 99.6 98.823 99.007 98.984 99.091 99.221 99.438 99.538 99.107 97.92 -9999 -9999 -9999 -9999 -9999 99.588 99.578 99.303 99.541 100.07 100.154 100.238 100.322 100.403 100.48 100.562 100.642 100.724 100.816 100.922 101.03 101.143 101.26 101.379 101.499 101.619 101.742 101.724 101.941 101.944 101.899 102.278 102.389 102.497 102.59 102.66 102.71
-9999 -9999 -9999 -9999 -9999 -9999 -9999 -9999 -9999 -9999 -9999 -9999 -9999 -9999 -9999 -9999 -9999 -9999 -9999 -9999 -9999 -9999 -9999 -9999 -9999 -9999 -9999 -9999 -9999 99.579 99.028 99.035 98.895 98.882 98.71 98.173 -9999 -9999 -9999 -9999 99.579 99.553 99.662 99.458 99.311 99.716 100.038 100.125 100.214 100.303 100.389 100.472 100.553 100.635 100.717 100.8 100.896 101.003 101.115 101.232 101.349 101.467 101.587 101.709 101.835 101.948 102.044 102.14 102.243 102.353 102.465 102.558 102.622 102.667
-9999 -9999 -9999 -9999 -9999 -9999 -9999 -9999 -9999 -9999 -9999 -9999 -9999 -9999 -9999 -9999 -9999 -9999 -9999 -9999 -9999 -9999 -9999 -9999 -9999 -9999 -9999 -9999 -9999 -9999 99.58 99.452 99.341 99.193 99.033 -9999 -9999 -9999 -9999 99.455 99.463 99.297 98.638 98.79 99.479 99.765 100.061 100.138 100.191 100.285 100.385 100.469 100.549 100.625 100.71 100.793 100.876 100.979 101.093 101.208 101.324 101.434 101.545 101.674 101.804 101.916 102.011 102.106 102.209 102.318 102.43 102.522 102.581 102.626
-9999 -9999 -9999 -9999 -9999 -9999 -9999 -9999 -9999 -9999 -9999 -9999 -9999 -9999 -9999 -9999 -9999 -9999 -9999 -9999 -9999 -9999 -9999 -9999 -9999 -9999 -9999 -9999 -9999 -9999 -9999 -9999 -9999 -9999 -9999 -9999 -9999 -9999 99.415 99.411 99.287 98.891 98.752 99.256 99.674 99.876 99.969 100.043 100.144 100.253 100.38 100.465 100.544 100.611 100.691 100.784 100.87 100.961 101.072 101.186 101.3 101.415 101.523 101.643 101.776 101.885 101.979 102.074 102.176 102.285 102.396 102.484 102.54 102.585
-9999 -9999 -9999 -9999 -9999 -9999 -9999 -9999 -9999 -9999 -9999 -9999 -9999 -9999 -9999 -9999 -9999 -9999 -9999 -9999 -9999 -9999 -9999 -9999 -9999 -9999 -9999 -9999 -9999 -9999 -9999 -9999 -9999 -9999 -9999 -9999 -9999 99.448 99.472 99.287 98.932 98.947 99.188 99.38 99.316 99.534 99.99 100.085 100.174 100.284 100.374 100.459 100.539 100.619 100.69 100.776 100.865 100.957 101.054 101.019 100.891 101.058 101.147 101.479 101.747 101.855 101.947 101.804 101.906 102.141 101.988 102.26 102.498 102.544
-9999 -9999 -9999 -9999 -9999 -9999 -9999 -9999 -9999 -9999 -9999 -9999 -9999 -9999 -9999 -9999 -9999 -9999 -9999 -9999 -9999 -9999 -9999 -9999 -9999 -9999 -9999 -9999 -9999 -9999 -9999 -9999 -9999 -9999 -9999 -9999 -9999 99.423 99.474 99.221 99.022 99.235 99.461 99.512 99.785 100.032 100.009 100.098 100.187 100.277 100.367 100.453 100.534 100.613 100.692 100.774 100.861 100.955 101.048 101.043 100.866 100.935 101.12 101.33 101.72 101.824 101.917 101.966 102.021 102.349 102.178 102.087 102.455 102.503
-9999 -9999 -9999 -9999 -9999 -9999 -9999 -9999 -9999 -9999 -9999 -9999 -9999 -9999 -9999 -9999 -9999 -9999 -9999 -9999 -9999 -9999 -9999 -9999 93.296 93.745 97.564 97.725 -9999 98.535 -9999 -9999 -9999 -9999 -9999 -9999 -9999 -9999 99.465 99.383 99.435 99.58 99.632 99.798 99.879 99.91 100.0 100.09 100.179 100.24 100.247 100.425 100.543 100.64 100.724 100.782 100.859 100.953 101.046 101.14 101.174 100.982 100.963 101.188 101.498 101.583 101.709 101.845 101.993 102.157 101.885 101.301 102.04 102.461
-9999 -9999 -9999 -9999 -9999 -9999 -9999 -9999 -9999 -9999 -9999 -9999 -9999 -9999 -9999 -9999 -9999 -9999 -9999 -9999 -9999 97.824 97.849 95.474 92.642 94.36 97.177 97.418 97.757 98.381 99.194 99.182 -9999 -9999 99.243 99.295 99.346 99.401 99.456 99.509 99.561 99.614 99.667 99.729 99.806 99.898 99.989 100.08 100.17 100.197 100.231 100.386 100.512 100.595 100.708 100.783 100.858 100.951 101.045 101.139 101.234 101.244 101.192 101.291 101.551 101.661 101.71 101.825 101.955 102.025 102.046 101.732 101.813 102.42
-9999 -9999 -9999 -9999 -9999 -9999 -9999 -9999 -9999 -9999 -9999 -9999 -9999 -9999 -9999 -9999 -9999 -9999 -9999 -9999 97.601 97.643 98.678 96.399 94.23 96.135 97.82 97.777 97.193 97.401 96.779 96.586 96.019 96.539 97.961 98.334 99.331 99.39 99.445 99.499 99.553 99.606 99.66 99.718 99.792 99.859 99.876 99.971 100.072 100.052 99.905 100.13 100.407 100.436 100.555 100.713 100.848 100.949 101.044 101.138 101.233 101.33 101.377 101.397 101.472 101.508 101.421 101.17 101.162 101.504 101.683 101.83 102.058 102.378
-9999 -9999 -9999 -9999 -9999 -9999 -9999 -9999 -9999 -9999 -9999 -9999 -9999 -9999 -9999 -9999 -9999 -9999 -9999 -9999 97.416 98.639 97.658 96.108 95.002 96.304 97.426 96.991 96.635 96.314 96.393 96.652 98.24 98.815 98.258 98.926 99.317 99.378 99.435 99.491 99.545 99.599 99.653 99.708 99.781 99.748 99.603 99.709 99.823 99.842 100.095 100.199 100.437 100.521 100.619 100.703 100.841 100.946 101.045 101.139 101.234 101.331 101.431 101.457 101.509 101.659 101.636 101.52 101.234 101.392 101.551 101.588 102.003 102.335
-9999 -9999 -9999 -9999 -9999 -9999 -9999 -9999 -9999 -9999 -9999 -9999 -9999 -9999 -9999 -9999 -9999 -9999 -9999 -9999 97.722 97.409 96.62 96.231 96.805 97.913 99.343 99.044 98.724 98.458 97.627 98.664 99.159 98.908 99.02 99.249 99.307 99.367 99.427 99.483 99.537 99.59 99.643 99.7 99.77 99.718 99.786 99.877 99.926 100.126 100.284 100.271 100.026 100.341 100.548 100.593 100.676 100.799 100.916 101.096 101.237 101.292 101.39 101.404 101.467 101.561 101.529 101.446 101.069 101.1 101.088 101.329 101.936 102.292
-9999 -9999 -9999 -9999 -9999 -9999 -9999 -9999 -9999 -9999 -9999 -9999 -9999 -9999 -9999 -9999 96.413 97.014 -9999 97.241 97.834 97.605 97.858 97.806 96.766 97.47 97.274 97.274 97.756 97.408 97.745 98.059 98.161 98.444 99.053 99.141 99.303 99.356 99.417 99.474 99.529 99.582 99.635 99.694 99.76 99.782 99.759 99.84 99.959 100.07 100.112 100.454 100.144 100.267 100.578 100.612 100.717 100.827 100.901 101.052 101.242 101.318 101.384 101.409 101.424 101.485 101.367 101.158 101.286 101.393 101.239 101.238 101.96 102.247
-9999 -9999 -9999 -9999 -9999 -9999 -9999 -9999 -9999 -9999 -9999 -9999 -9999 -9999 -9999 -9999 95.415 95.821 97.046 97.025 96.112 96.7 98.002 97.071 96.001 96.153 96.882 97.39 98.095 98.353 98.635 98.733 98.811 98.614 97.072 97.078 96.833 97.518 99.406 99.465 99.522 99.544 99.506 99.626 99.861 99.696 99.274 99.518 100.002 100.067 100.152 100.66 100.63 100.033 100.141 100.016 100.103 100.595 100.69 100.935 101.239 101.239 101.309 101.39 101.463 101.48 101.313 100.93 100.841 101.529 101.96 101.726 102.054 102.201
-9999 -9999 -9999 -9999 -9999 -9999 -9999 -9999 -9999 -9999 -9999 -9999 -9999 -9999 -9999 96.255 95.75 96.644 97.303 96.803 96.775 97.592 97.933 97.27 97.026 97.358 97.179 97.511 97.368 97.737 98.422 98.448 98.356 97.636 97.912 98.017 98.675 99.613 99.399 99.456 99.515 99.519 99.566 99.653 99.521 99.197 98.935 99.417 100.023 100.12 100.233 100.622 100.516 100.139 100.13 99.974 99.906 100.377 100.544 100.744 101.203 100.63 100.65 101.053 101.299 101.362 101.481 101.396 101.01 101.412 101.958 102.036 102.108 102.167
-9999 -9999 -9999 -9999 -9999 -9999 -9999 -9999 -9999 -9999 -9999 -9999 -9999 -9999 -9999 -9999 97.585 97.967 98.037 97.811 97.202 97.486 97.775 97.618 97.551 97.47 97.509 97.663 98.314 98.676 98.729 98.72 98.786 98.966 99.02 99.373 99.343 99.019 98.412 98.646 99.233 99.263 99.252 98.874 97.965 97.786 97.695 98.456 99.703 99.896 100.246 100.328 100.244 100.417 100.511 100.552 100.584 100.68 100.992 100.906 -9999 101.329 101.005 101.246 101.476 101.716 101.876 102.121 101.981 101.819 101.986 102.014 102.084 102.144
-9999 -9999 -9999 -9999 -9999 -9999 -9999 -9999 -9999 -9999 -9999 -9999 -9999 -9999 -9999 97.873 96.428 96.543 96.752 96.579 97.012 97.277 97.584 97.287 96.541 96.886 97.821 98.352 98.861 98.882 98.936 99.015 99.085 99.148 99.205 99.084 98.75 98.339 98.075 98.664 99.457 99.474 99.518 99.056 99.11 99.106 99.242 99.885 99.82 100.056 100.157 100.289 100.396 100.492 100.584 100.689 100.806 100.924 101.034 101.146 101.265 -9999 101.4 -9999 101.048 -9999 101.34 -9999 101.522 101.641 101.662 101.873 102.061 102.12
-9999 -9999 -9999 -9999 -9999 -9999 -9999 -9999 -9999 -9999 -9999 -9999 -9999 -9999 -9999 96.394 94.607 95.217 96.625 96.814 96.682 96.463 95.361 94.619 93.644 95.131 97.955 98.267 98.382 98.479 98.754 98.88 99.075 99.141 99.201 99.053 99.11 98.992 99.034 99.514 99.668 99.688 99.682 99.592 99.221 99.392 99.666 99.678 99.831 99.864 99.757 99.936 100.285 100.538 100.551 100.654 100.81 100.927 101.043 101.121 101.101 -9999 -9999 101.273 101.056 -9999 -9999 101.515 101.536 101.645 -9999 -9999 -9999 -9999
-9999 -9999 -9999 -9999 -9999 -9999 -9999 -9999 -9999 -9999 -9999 -9999 -9999 -9999 97.375 96.539 96.554 97.226 96.97 96.713 96.179 95.836 96.55 96.344 97.253 98.591 98.066 98.22 98.488 98.64 98.748 98.923 99.061 99.132 99.196 99.248 99.276 99.335 99.411 99.474 99.404 99.418 99.475 99.213 99.011 99.1 98.908 99.121 99.52 99.457 99.394 99.621 99.735 99.964 99.749 100.26 100.812 100.929 -9999 -9999 -9999 101.175 -9999 -9999 -9999 -9999 -9999 -9999 101.725 -9999 -9999 -9999 -9999 -9999
