Validation/Results/raw data/ReClimate_04_2024_1weatherlogisticsltd.asc
NCOLS 192
NROWS 249
XLLCENTER -225160.85627316462
YLLCENTER 29788.11610251502
CELLSIZE 5000.0
NODATA_VALUE -9999
[rows 198 to 230 of 249, columns 74 to 147 of 192]
-9999 -9999 -9999 -9999 -9999 -9999 -9999 -9999 -9999 -9999 -9999 -9999 -9999 -9999 -9999 -9999 -9999 -9999 117.683 117.732 117.758 117.778 117.796 117.809 117.82 116.104 114.417 115.162 117.842 117.855 117.863 117.867 117.865 117.853 117.83 117.837 117.88 117.942 118.003 118.065 118.127 118.193 118.261 118.329 118.399 118.472 118.54 118.553 118.443 118.329 118.237 118.158 118.13 118.108 118.085 118.058 118.028 118.005 117.995 117.987 117.975 117.968 117.954 117.93 117.901 117.862 117.818 117.771 117.721 117.658 117.584 117.498 117.411 117.329
-9999 -9999 -9999 -9999 -9999 -9999 -9999 -9999 -9999 -9999 -9999 -9999 -9999 -9999 -9999 117.447 117.61 117.725 117.768 117.793 117.814 117.832 117.847 117.647 117.044 116.336 116.986 117.911 117.93 117.943 117.953 117.96 117.964 117.954 117.935 117.929 117.944 118.004 118.062 118.119 118.177 118.237 118.301 118.367 118.437 118.508 118.56 118.495 118.378 118.262 118.154 118.054 117.973 117.929 117.892 117.849 117.805 117.762 117.717 117.68 117.64 117.597 117.561 117.517 117.467 117.412 117.35 117.283 117.208 117.115 117.006 116.892 116.781 116.692
-9999 -9999 -9999 -9999 -9999 -9999 -9999 -9999 -9999 -9999 -9999 -9999 -9999 117.507 117.64 117.738 117.783 117.822 117.841 117.859 117.876 117.89 117.902 117.421 117.096 117.949 117.977 118.0 118.018 118.032 118.043 118.05 118.052 118.043 118.028 118.01 118.02 118.055 118.118 118.173 118.226 118.282 118.339 118.402 118.469 118.539 118.554 118.448 118.339 118.228 118.12 118.017 117.915 117.813 117.744 117.686 117.627 117.564 117.491 117.407 117.316 117.231 117.165 117.106 117.041 116.97 116.89 116.804 116.703 116.589 116.463 116.33 116.195 116.076
-9999 -9999 -9999 -9999 -9999 -9999 -9999 -9999 -9999 117.488 116.649 116.955 117.261 117.246 116.5 116.891 117.856 117.894 117.92 117.931 117.942 117.952 117.961 117.716 118.01 118.041 118.067 118.089 118.107 118.121 118.131 118.137 118.137 118.126 118.111 118.096 118.087 118.104 118.149 118.209 118.267 118.324 118.38 118.442 118.518 118.584 118.538 118.434 118.325 118.213 118.102 117.994 117.888 117.776 117.653 117.543 117.456 117.376 117.286 117.182 117.063 116.931 116.815 116.721 116.627 116.534 116.437 116.33 116.21 116.079 115.94 115.797 115.654 115.527
-9999 -9999 -9999 -9999 -9999 -9999 -9999 -9999 117.434 117.165 116.711 116.815 116.617 116.533 117.085 117.687 117.921 117.964 117.995 118.008 118.013 118.019 118.035 118.074 118.107 118.136 118.16 118.179 118.195 118.207 118.216 118.222 118.22 118.208 118.194 118.179 118.162 118.16 118.177 118.23 118.29 118.353 118.421 118.497 118.578 118.611 118.526 118.419 118.308 118.192 118.074 117.956 117.841 117.72 117.59 117.45 117.311 117.194 117.084 116.968 116.837 116.69 116.524 116.388 116.268 116.139 116.002 115.867 115.731 115.587 115.439 115.295 115.151 115.019
-9999 -9999 -9999 -9999 -9999 -9999 -9999 117.391 117.506 117.077 116.498 116.712 117.434 117.751 117.797 117.942 117.985 118.028 118.062 117.881 117.514 118.104 118.143 118.176 118.205 118.229 118.25 118.267 118.281 118.292 118.301 118.307 118.303 118.29 118.276 118.261 118.245 118.227 118.229 118.254 118.326 118.399 118.473 118.546 118.615 118.595 118.5 118.391 118.276 118.157 118.032 117.909 117.787 117.659 117.522 117.379 117.232 117.08 116.925 116.772 116.622 116.463 116.284 116.096 115.941 115.792 115.63 115.455 115.281 115.122 114.971 114.823 114.677 114.539
-9999 -9999 -9999 -9999 -9999 117.744 -9999 117.472 117.583 117.071 116.461 117.124 117.866 117.916 117.962 118.004 118.044 118.083 118.121 117.84 118.178 118.215 118.247 118.275 118.3 118.321 118.339 118.354 118.367 118.377 118.386 118.391 118.386 118.372 118.358 118.343 118.327 118.314 118.314 118.339 118.379 118.453 118.524 118.593 118.634 118.577 118.474 118.362 118.245 118.123 117.993 117.862 117.737 117.604 117.462 117.316 117.167 117.009 116.841 116.659 116.468 116.268 116.06 115.846 115.64 115.46 115.284 115.103 114.912 114.71 114.532 114.375 114.222 114.078
-9999 -9999 -9999 -9999 -9999 -9999 -9999 -9999 -9999 117.375 117.446 117.875 117.93 117.979 118.022 118.061 118.098 118.134 118.168 118.21 118.274 118.325 118.352 118.375 118.396 118.414 118.43 118.443 118.454 118.464 118.472 118.475 118.469 118.456 118.441 118.428 118.422 118.428 118.433 118.44 118.469 118.509 118.577 118.646 118.659 118.567 118.458 118.341 118.221 118.095 117.962 117.828 117.692 117.555 117.41 117.261 117.108 116.946 116.772 116.585 116.383 116.165 115.926 115.669 115.419 115.176 114.967 114.775 114.576 114.368 114.157 113.955 113.781 113.632
-9999 -9999 -9999 -9999 -9999 -9999 -9999 -9999 -9999 117.81 117.879 117.939 117.992 118.039 118.08 118.117 118.15 118.182 118.22 118.291 118.363 118.416 118.458 118.477 118.494 118.509 118.522 118.533 118.543 118.551 118.558 118.561 118.554 118.54 118.529 118.531 118.539 118.546 118.554 118.565 118.574 118.6 118.635 118.695 118.671 118.567 118.449 118.326 118.203 118.074 117.938 117.797 117.653 117.511 117.365 117.214 117.057 116.889 116.71 116.518 116.31 116.086 115.841 115.571 115.299 115.043 114.786 114.561 114.343 114.122 113.904 113.686 113.464 113.3
-9999 -9999 -9999 -9999 -9999 -9999 -9999 117.151 117.264 117.489 117.943 -9999 117.741 117.872 118.137 118.171 118.201 118.235 -9999 118.371 118.438 118.499 118.544 118.579 118.593 118.605 118.616 118.625 118.633 118.641 118.647 118.649 118.641 118.631 118.638 118.648 118.657 118.667 118.679 118.689 118.698 118.707 118.732 118.743 118.684 118.573 118.448 118.321 118.191 118.059 117.919 117.77 117.621 117.475 117.326 117.174 117.012 116.84 116.655 116.457 116.244 116.014 115.762 115.491 115.213 114.949 114.682 114.419 114.18 113.952 113.729 113.506 113.28 113.075
-9999 -9999 -9999 -9999 -9999 -9999 -9999 117.242 -9999 -9999 -9999 117.84 117.62 117.888 -9999 -9999 -9999 -9999 -9999 118.446 118.512 118.57 118.622 118.66 118.69 118.704 118.712 118.719 118.726 118.732 118.737 118.738 118.734 118.743 118.756 118.766 118.777 118.791 118.803 118.814 118.824 118.834 118.844 118.827 118.72 118.582 118.453 118.321 118.186 118.049 117.906 117.754 117.597 117.446 117.296 117.14 116.974 116.797 116.607 116.404 116.184 115.946 115.693 115.421 115.137 114.863 114.59 114.301 114.036 113.799 113.572 113.343 113.114 112.914
-9999 -9999 -9999 -9999 -9999 -9999 -9999 -9999 -9999 117.825 118.067 117.974 118.027 118.214 -9999 -9999 -9999 -9999 -9999 -9999 -9999 -9999 118.688 118.733 118.767 118.795 118.811 118.816 118.821 118.825 118.829 118.834 118.85 118.863 118.875 118.886 118.901 118.914 118.927 118.939 118.95 118.962 118.974 118.932 118.793 118.631 118.47 118.327 118.188 118.045 117.899 117.744 117.581 117.424 117.272 117.112 116.942 116.76 116.566 116.355 116.128 115.888 115.632 115.359 115.067 114.784 114.504 114.208 113.908 113.653 113.417 113.18 112.946 112.753
-9999 -9999 -9999 -9999 -9999 -9999 -9999 -9999 -9999 -9999 118.162 -9999 -9999 -9999 -9999 -9999 -9999 -9999 -9999 -9999 118.657 118.707 118.754 118.796 118.835 118.868 118.892 118.912 118.918 118.921 118.928 118.951 118.972 118.984 118.996 119.009 119.024 119.038 119.051 119.064 119.078 119.091 119.105 -9999 118.892 118.71 118.538 118.366 118.197 118.048 117.898 117.74 117.577 117.412 117.254 117.091 116.916 116.73 116.527 116.31 116.08 115.837 115.58 115.303 115.004 114.711 114.426 114.121 113.806 113.518 113.265 113.017 112.78 112.592
-9999 -9999 -9999 -9999 -9999 -9999 -9999 -9999 -9999 -9999 -9999 -9999 -9999 -9999 -9999 -9999 -9999 -9999 -9999 -9999 118.728 118.776 118.819 118.859 -9999 -9999 -9999 118.984 119.004 119.021 119.043 119.075 119.096 119.107 119.119 119.133 119.147 119.162 119.177 119.192 119.207 119.223 -9999 119.175 118.998 118.816 118.632 118.446 118.267 118.086 117.908 117.743 117.581 117.412 117.243 117.075 116.893 116.699 116.491 116.27 116.039 115.796 115.535 115.255 114.95 114.648 114.356 114.044 113.721 113.402 113.12 112.856 112.617 112.469
-9999 -9999 -9999 -9999 -9999 -9999 -9999 -9999 -9999 -9999 -9999 -9999 -9999 -9999 -9999 -9999 -9999 -9999 -9999 -9999 -9999 -9999 -9999 -9999 -9999 -9999 -9999 119.047 119.073 119.104 119.155 119.199 119.224 119.233 119.244 119.257 119.272 119.289 119.305 119.322 -9999 -9999 119.374 119.298 119.112 118.928 118.744 118.557 118.366 118.17 117.981 117.789 117.603 117.421 117.237 117.056 116.869 116.67 116.459 116.238 116.007 115.761 115.498 115.213 114.904 114.596 114.297 113.979 113.649 113.312 113.013 112.76 112.55 112.429
-9999 -9999 -9999 -9999 -9999 -9999 -9999 -9999 -9999 -9999 -9999 -9999 -9999 -9999 -9999 -9999 -9999 -9999 -9999 -9999 -9999 -9999 -9999 -9999 -9999 -9999 -9999 119.102 119.136 119.191 119.247 119.296 119.33 119.353 119.369 119.382 119.398 -9999 -9999 -9999 -9999 -9999 119.511 119.422 119.235 119.049 118.863 118.674 118.482 118.286 118.089 117.896 117.693 117.486 117.279 117.069 116.862 116.649 116.435 116.214 115.982 115.734 115.467 115.179 114.867 114.561 114.272 113.969 113.659 113.345 113.028 112.756 112.532 112.444
-9999 -9999 -9999 -9999 -9999 -9999 -9999 -9999 -9999 -9999 -9999 -9999 -9999 -9999 -9999 -9999 -9999 -9999 -9999 -9999 -9999 -9999 -9999 -9999 -9999 -9999 -9999 -9999 -9999 119.274 119.329 119.382 119.423 119.451 119.47 119.49 -9999 -9999 -9999 -9999 119.619 119.641 119.648 119.555 119.366 119.178 118.989 118.795 118.598 118.396 118.198 117.998 117.796 117.588 117.374 117.153 116.933 116.716 116.493 116.268 116.031 115.781 115.516 115.232 114.928 114.627 114.342 114.046 113.745 113.442 113.126 112.854 112.656 112.548
-9999 -9999 -9999 -9999 -9999 -9999 -9999 -9999 -9999 -9999 -9999 -9999 -9999 -9999 -9999 -9999 -9999 -9999 -9999 -9999 -9999 -9999 -9999 -9999 -9999 -9999 -9999 -9999 -9999 -9999 119.413 119.466 119.511 119.543 119.566 -9999 -9999 -9999 -9999 119.701 119.734 119.756 119.757 119.668 119.477 119.286 119.092 118.896 118.698 118.499 118.299 118.098 117.898 117.693 117.481 117.262 117.034 116.815 116.595 116.368 116.13 115.88 115.615 115.334 115.034 114.74 114.459 114.166 113.869 113.572 113.266 113.005 112.835 112.736
-9999 -9999 -9999 -9999 -9999 -9999 -9999 -9999 -9999 -9999 -9999 -9999 -9999 -9999 -9999 -9999 -9999 -9999 -9999 -9999 -9999 -9999 -9999 -9999 -9999 -9999 -9999 -9999 -9999 -9999 -9999 -9999 -9999 -9999 -9999 -9999 -9999 -9999 119.774 119.809 119.836 119.847 119.851 119.764 119.579 119.386 119.193 118.997 118.802 118.605 118.404 118.205 118.006 117.802 117.593 117.376 117.152 116.923 116.701 116.475 116.239 115.99 115.727 115.448 115.152 114.862 114.585 114.296 114.006 113.717 113.426 113.182 113.028 112.931
-9999 -9999 -9999 -9999 -9999 -9999 -9999 -9999 -9999 -9999 -9999 -9999 -9999 -9999 -9999 -9999 -9999 -9999 -9999 -9999 -9999 -9999 -9999 -9999 -9999 -9999 -9999 -9999 -9999 -9999 -9999 -9999 -9999 -9999 -9999 -9999 -9999 119.854 119.883 119.912 119.931 119.937 119.941 119.863 119.689 119.495 119.301 119.107 118.912 118.715 118.515 118.316 118.118 117.916 117.709 117.495 117.275 117.048 116.816 116.588 116.353 116.106 115.845 115.568 115.277 114.992 114.72 114.436 114.151 113.872 113.604 113.371 113.219 113.122
-9999 -9999 -9999 -9999 -9999 -9999 -9999 -9999 -9999 -9999 -9999 -9999 -9999 -9999 -9999 -9999 -9999 -9999 -9999 -9999 -9999 -9999 -9999 -9999 -9999 -9999 -9999 -9999 -9999 -9999 -9999 -9999 -9999 -9999 -9999 -9999 -9999 119.963 119.991 120.014 120.023 120.03 120.035 119.969 119.808 119.612 119.418 119.223 119.028 118.832 118.632 118.433 118.236 118.036 117.831 117.619 117.403 117.18 116.948 116.709 116.472 116.227 115.967 115.693 115.408 115.13 114.861 114.581 114.302 114.031 113.784 113.565 113.407 113.307
-9999 -9999 -9999 -9999 -9999 -9999 -9999 -9999 -9999 -9999 -9999 -9999 -9999 -9999 -9999 -9999 -9999 -9999 -9999 -9999 -9999 -9999 -9999 -9999 119.476 119.489 119.536 119.602 -9999 119.725 -9999 -9999 -9999 -9999 -9999 -9999 -9999 -9999 120.098 120.108 120.118 120.127 120.132 120.08 119.936 119.738 119.541 119.346 119.15 118.953 118.755 118.556 118.359 118.16 117.957 117.749 117.535 117.315 117.087 116.849 116.601 116.352 116.095 115.822 115.544 115.273 115.006 114.731 114.456 114.202 113.968 113.76 113.593 113.486
-9999 -9999 -9999 -9999 -9999 -9999 -9999 -9999 -9999 -9999 -9999 -9999 -9999 -9999 -9999 -9999 -9999 -9999 -9999 -9999 -9999 119.568 119.56 119.556 119.551 119.57 119.624 119.69 119.754 119.819 119.88 119.937 -9999 -9999 120.092 120.129 120.158 120.183 120.194 120.206 120.217 120.227 120.232 120.196 120.074 119.872 119.673 119.475 119.278 119.081 118.883 118.685 118.488 118.291 118.089 117.883 117.672 117.455 117.231 116.996 116.75 116.49 116.228 115.955 115.683 115.418 115.155 114.882 114.614 114.372 114.154 113.948 113.776 113.659
-9999 -9999 -9999 -9999 -9999 -9999 -9999 -9999 -9999 -9999 -9999 -9999 -9999 -9999 -9999 -9999 -9999 -9999 -9999 -9999 119.688 119.674 119.665 119.656 119.652 119.679 119.732 119.788 119.855 119.921 119.984 120.04 120.095 120.15 120.203 120.247 120.27 120.28 120.293 120.306 120.318 120.328 120.334 120.319 120.221 120.014 119.811 119.611 119.412 119.215 119.017 118.819 118.623 118.427 118.227 118.023 117.814 117.6 117.378 117.147 116.905 116.648 116.376 116.094 115.824 115.566 115.304 115.033 114.778 114.546 114.334 114.128 113.951 113.826
-9999 -9999 -9999 -9999 -9999 -9999 -9999 -9999 -9999 -9999 -9999 -9999 -9999 -9999 -9999 -9999 -9999 -9999 -9999 -9999 119.794 119.796 119.782 119.77 119.77 119.803 119.851 119.904 119.963 120.031 120.094 120.15 120.205 120.262 120.317 120.353 120.369 120.379 120.391 120.405 120.419 120.431 120.438 120.437 120.346 120.165 119.957 119.754 119.553 119.355 119.157 118.96 118.765 118.57 118.371 118.168 117.961 117.749 117.53 117.303 117.063 116.809 116.54 116.258 115.978 115.716 115.452 115.193 114.944 114.719 114.506 114.3 114.118 113.987
-9999 -9999 -9999 -9999 -9999 -9999 -9999 -9999 -9999 -9999 -9999 -9999 -9999 -9999 -9999 -9999 -9999 -9999 -9999 -9999 119.927 119.921 119.907 119.892 119.896 119.934 119.981 120.03 120.086 120.149 120.212 120.267 120.322 120.374 120.41 120.441 120.464 120.476 120.488 120.503 120.519 120.535 120.546 120.543 120.474 120.324 120.111 119.904 119.702 119.502 119.304 119.108 118.914 118.719 118.521 118.318 118.113 117.903 117.686 117.462 117.224 116.973 116.705 116.43 116.156 115.883 115.612 115.355 115.113 114.886 114.672 114.464 114.278 114.141
-9999 -9999 -9999 -9999 -9999 -9999 -9999 -9999 -9999 -9999 -9999 -9999 -9999 -9999 -9999 -9999 120.023 120.032 -9999 120.047 120.056 120.06 120.042 120.023 120.03 120.073 120.119 120.167 120.218 120.276 120.335 120.386 120.428 120.458 120.49 120.524 120.552 120.574 120.585 120.599 120.617 120.636 120.648 120.642 120.602 120.49 120.272 120.062 119.857 119.657 119.459 119.264 119.07 118.877 118.678 118.475 118.269 118.06 117.846 117.624 117.389 117.138 116.87 116.6 116.333 116.065 115.8 115.54 115.289 115.049 114.83 114.619 114.43 114.289
-9999 -9999 -9999 -9999 -9999 -9999 -9999 -9999 -9999 -9999 -9999 -9999 -9999 -9999 -9999 -9999 120.149 120.154 120.161 120.17 120.181 120.186 120.184 120.166 120.176 120.22 120.265 120.311 120.36 120.412 120.452 120.482 120.509 120.538 120.569 120.602 120.636 120.663 120.681 120.694 120.709 120.725 120.732 120.726 120.713 120.618 120.443 120.229 120.023 119.821 119.624 119.429 119.237 119.043 118.843 118.637 118.43 118.22 118.009 117.79 117.555 117.303 117.038 116.771 116.509 116.25 115.992 115.739 115.486 115.236 115.002 114.778 114.578 114.431
-9999 -9999 -9999 -9999 -9999 -9999 -9999 -9999 -9999 -9999 -9999 -9999 -9999 -9999 -9999 120.284 120.288 120.286 120.288 120.292 120.3 120.311 120.316 120.319 120.337 120.378 120.421 120.463 120.498 120.527 120.547 120.567 120.593 120.621 120.65 120.682 120.716 120.748 120.773 120.788 120.798 120.808 120.812 120.808 120.8 120.749 120.625 120.408 120.199 119.996 119.799 119.605 119.414 119.22 119.017 118.807 118.595 118.383 118.171 117.957 117.721 117.464 117.202 116.942 116.686 116.432 116.18 115.93 115.679 115.43 115.191 114.962 114.757 114.6
-9999 -9999 -9999 -9999 -9999 -9999 -9999 -9999 -9999 -9999 -9999 -9999 -9999 -9999 -9999 -9999 120.436 120.427 120.423 120.424 120.428 120.436 120.448 120.462 120.499 120.537 120.562 120.585 120.608 120.631 120.645 120.657 120.68 120.706 120.734 120.764 120.796 120.829 120.859 120.881 120.89 120.895 120.896 120.894 120.889 120.874 120.782 120.602 120.389 120.184 119.986 119.794 119.604 119.41 119.202 118.985 118.765 118.546 118.329 118.109 -9999 117.621 117.364 117.112 116.86 116.611 116.362 116.114 115.866 115.619 115.377 115.147 114.944 114.788
-9999 -9999 -9999 -9999 -9999 -9999 -9999 -9999 -9999 -9999 -9999 -9999 -9999 -9999 -9999 120.574 120.595 120.58 120.569 120.56 120.553 120.55 120.549 120.56 120.595 120.644 120.68 120.699 120.721 120.743 120.752 120.757 120.774 120.797 120.822 120.849 120.879 120.909 120.941 120.967 120.986 120.989 120.988 120.986 120.983 120.98 120.932 120.816 120.597 120.388 120.187 119.994 119.808 119.615 119.401 119.171 118.941 118.713 118.486 118.258 118.02 -9999 117.525 -9999 117.031 -9999 116.538 -9999 116.048 115.803 115.558 115.324 115.125 114.973
-9999 -9999 -9999 -9999 -9999 -9999 -9999 -9999 -9999 -9999 -9999 -9999 -9999 -9999 -9999 120.723 120.695 120.675 120.656 120.641 120.628 120.619 120.612 120.618 120.659 120.72 120.771 120.816 120.842 120.863 120.87 120.866 120.874 120.894 120.916 120.94 120.966 120.994 121.023 121.053 121.075 121.09 121.09 121.087 121.084 121.082 121.075 120.99 120.827 120.611 120.405 120.208 120.02 119.832 119.608 119.363 119.122 118.884 118.649 118.412 118.171 -9999 -9999 117.441 117.197 -9999 -9999 116.468 116.225 115.981 -9999 -9999 -9999 -9999
-9999 -9999 -9999 -9999 -9999 -9999 -9999 -9999 -9999 -9999 -9999 -9999 -9999 -9999 120.834 120.798 120.769 120.744 120.722 120.704 120.69 120.678 120.67 120.675 120.715 120.78 120.844 120.899 120.951 120.994 121.0 120.987 120.987 120.999 121.017 121.038 121.061 121.085 121.111 121.138 121.165 121.185 121.199 121.199 121.196 121.195 121.195 121.164 121.066 120.859 120.642 120.435 120.232 120.031 119.807 119.558 119.31 119.065 -9999 -9999 -9999 118.086 -9999 -9999 -9999 -9999 -9999 -9999 116.399 -9999 -9999 -9999 -9999 -9999
