Validation/Results/raw data/ReClimate_03_2024_1_Precipitation-Actualsweatherlogisticsltd.asc
NCOLS 192
NROWS 249
XLLCENTER -225160.85627316462
YLLCENTER 29788.11610251502
CELLSIZE 5000.0
NODATA_VALUE -9999
[rows 165 to 197 of 249, columns 75 to 149 of 192]
-9999 -9999 -9999 -9999 -9999 -9999 -9999 -9999 -9999 -9999 -9999 -9999 -9999 -9999 -9999 -9999 -9999 -9999 -9999 -9999 -9999 -9999 -9999 -9999 -9999 -9999 -9999 -9999 -9999 -9999 -9999 -9999 -9999 -9999 -9999 -9999 -9999 54.075 56.899 57.225 57.432 63.424 75.275 89.962 95.365 100.646 99.423 96.591 98.264 101.088 105.003 101.144 84.824 71.21 69.657 65.186 60.95 58.219 59.204 57.314 56.101 56.231 55.311 55.16 55.287 55.975 55.749 57.661 58.481 58.201 59.934 60.2 57.987 56.693 -9999
-9999 -9999 -9999 -9999 -9999 -9999 -9999 -9999 -9999 -9999 -9999 -9999 -9999 -9999 -9999 -9999 -9999 -9999 -9999 -9999 -9999 -9999 -9999 -9999 -9999 -9999 -9999 -9999 -9999 -9999 -9999 -9999 -9999 -9999 -9999 -9999 -9999 55.88 58.827 58.099 60.616 66.654 76.348 84.994 89.404 89.638 88.036 90.045 85.627 95.057 104.818 100.154 90.096 80.978 71.101 66.503 65.35 61.359 59.797 60.8 57.807 56.605 55.54 55.216 55.378 56.335 56.984 56.288 57.997 58.6 56.018 58.112 60.153 58.49 56.434
-9999 -9999 -9999 -9999 -9999 -9999 -9999 -9999 -9999 -9999 -9999 -9999 -9999 -9999 -9999 -9999 -9999 -9999 -9999 -9999 -9999 -9999 -9999 -9999 -9999 -9999 -9999 -9999 -9999 -9999 -9999 -9999 -9999 -9999 -9999 -9999 53.418 55.591 57.82 60.65 62.289 64.563 71.701 78.586 77.917 77.252 78.013 77.1 79.08 92.018 108.887 110.408 101.642 94.831 88.777 74.192 63.523 61.423 58.083 59.384 58.842 56.534 55.367 54.28 54.736 56.242 59.031 58.664 58.367 59.633 60.499 58.343 59.82 60.401 57.138
-9999 -9999 -9999 -9999 -9999 -9999 -9999 -9999 -9999 -9999 -9999 -9999 -9999 -9999 -9999 -9999 -9999 -9999 -9999 -9999 -9999 -9999 -9999 -9999 -9999 -9999 -9999 -9999 -9999 -9999 -9999 -9999 -9999 -9999 -9999 -9999 53.165 55.116 59.214 61.469 63.301 67.271 66.276 68.021 68.56 68.792 70.612 70.773 76.044 83.914 99.272 117.405 122.502 112.957 101.586 87.935 72.358 64.247 58.878 54.785 57.379 56.291 54.505 54.932 54.641 55.219 56.399 58.701 58.389 58.877 59.249 60.58 69.212 65.248 59.018
-9999 -9999 -9999 -9999 -9999 -9999 -9999 -9999 -9999 -9999 -9999 -9999 -9999 -9999 -9999 -9999 -9999 -9999 -9999 -9999 -9999 -9999 -9999 -9999 -9999 -9999 -9999 -9999 -9999 -9999 -9999 -9999 -9999 -9999 -9999 -9999 -9999 57.166 59.535 60.129 63.852 63.144 62.198 61.955 61.515 62.846 62.752 64.998 66.825 73.662 89.379 106.049 123.414 129.193 111.047 96.184 82.28 66.988 61.33 58.031 59.09 58.975 56.818 53.974 55.565 54.725 54.339 56.575 58.573 57.882 56.345 57.775 58.894 66.373 62.478
-9999 -9999 -9999 -9999 -9999 -9999 -9999 -9999 -9999 -9999 -9999 -9999 -9999 -9999 -9999 -9999 -9999 61.403 60.434 -9999 -9999 -9999 -9999 -9999 -9999 -9999 -9999 -9999 -9999 -9999 -9999 -9999 -9999 -9999 -9999 -9999 54.347 53.009 58.37 61.069 61.816 61.161 60.171 59.789 59.159 58.582 58.99 60.664 63.568 71.833 88.539 107.408 120.227 117.629 116.123 104.924 85.65 71.549 61.41 62.201 64.026 61.089 60.047 57.079 53.898 55.667 55.251 56.128 57.311 57.497 56.147 55.633 60.565 62.22 64.702
-9999 -9999 -9999 -9999 -9999 -9999 -9999 -9999 -9999 -9999 -9999 -9999 -9999 -9999 -9999 -9999 -9999 63.697 62.067 59.04 -9999 -9999 -9999 -9999 -9999 -9999 -9999 -9999 -9999 -9999 -9999 -9999 -9999 -9999 -9999 50.001 49.649 54.796 59.854 61.986 59.162 58.825 57.658 59.783 58.65 58.903 59.678 59.306 61.3 67.093 81.552 101.04 121.044 119.596 102.806 97.491 86.843 70.723 63.775 59.359 64.16 63.242 58.438 57.985 54.478 55.054 55.596 55.893 56.005 56.104 55.455 55.726 57.187 64.314 66.499
-9999 -9999 -9999 -9999 -9999 -9999 -9999 -9999 -9999 -9999 -9999 -9999 -9999 -9999 -9999 -9999 61.726 64.666 63.842 63.622 63.709 -9999 -9999 -9999 -9999 -9999 -9999 -9999 -9999 -9999 -9999 -9999 52.28 -9999 -9999 49.826 54.311 56.336 57.633 57.498 -9999 58.854 61.958 63.071 61.268 59.546 57.801 59.428 61.223 67.995 81.848 87.085 103.921 98.523 90.168 88.963 79.567 74.531 67.447 61.573 62.67 62.987 58.204 53.476 54.119 54.863 55.463 56.258 55.507 55.501 56.385 54.789 54.618 59.283 66.823
-9999 -9999 -9999 -9999 -9999 -9999 -9999 -9999 -9999 -9999 -9999 -9999 -9999 -9999 -9999 -9999 57.571 60.607 64.493 65.333 65.141 59.357 59.567 -9999 -9999 -9999 59.674 52.557 -9999 51.26 50.694 50.136 57.719 54.211 -9999 -9999 50.892 51.717 -9999 -9999 56.204 58.477 58.79 59.264 59.031 57.869 59.273 60.626 65.702 74.404 89.902 90.76 92.403 87.713 82.249 86.847 81.477 68.538 66.362 63.53 60.408 58.449 58.374 55.785 54.407 56.993 56.124 55.715 57.198 56.872 55.587 54.206 54.146 56.155 61.275
-9999 -9999 -9999 -9999 -9999 -9999 -9999 -9999 -9999 -9999 -9999 -9999 -9999 -9999 -9999 -9999 -9999 59.993 65.714 68.511 65.743 63.452 -9999 -9999 90.778 87.315 61.137 62.297 63.516 62.57 51.794 53.481 51.579 56.215 55.619 -9999 48.377 48.483 50.562 51.829 55.221 56.318 58.705 57.764 56.517 56.887 57.936 63.933 66.521 75.218 96.953 98.945 92.017 85.373 76.782 79.39 77.826 68.535 63.349 62.935 59.907 56.188 56.889 57.229 57.184 56.865 56.003 54.603 55.375 58.211 55.628 52.187 53.069 55.03 56.152
-9999 -9999 -9999 -9999 -9999 -9999 -9999 -9999 -9999 -9999 -9999 -9999 -9999 -9999 -9999 -9999 -9999 59.567 63.922 62.983 67.433 70.282 84.488 101.293 120.326 87.371 70.329 68.259 65.846 64.862 58.32 50.472 54.625 62.897 55.451 56.834 51.255 49.743 49.982 51.352 54.019 58.478 59.046 57.315 56.685 54.504 57.712 61.909 65.375 82.93 96.345 101.689 93.653 90.658 78.776 73.819 79.152 74.918 66.471 65.073 64.142 59.508 59.968 59.309 57.478 55.807 53.568 53.914 52.965 54.958 56.418 52.218 51.659 53.635 54.828
-9999 -9999 -9999 -9999 -9999 -9999 -9999 -9999 -9999 -9999 -9999 -9999 -9999 -9999 -9999 -9999 -9999 -9999 64.689 67.084 73.504 98.709 125.682 162.081 138.898 106.84 91.696 83.771 74.069 72.941 61.297 61.237 58.768 54.132 64.966 57.585 53.264 51.973 50.045 51.921 53.411 55.446 55.459 54.416 52.225 54.351 57.137 59.779 68.319 80.164 89.647 92.761 82.951 85.902 83.488 70.466 78.281 78.507 69.979 69.094 66.459 63.525 62.521 60.685 58.561 56.197 52.768 54.793 54.486 54.547 55.159 50.508 50.046 50.491 53.05
-9999 -9999 -9999 -9999 -9999 -9999 -9999 -9999 -9999 -9999 -9999 -9999 -9999 -9999 -9999 -9999 -9999 -9999 -9999 -9999 88.37 121.799 156.942 176.122 152.982 113.081 90.143 77.92 88.874 80.315 77.988 66.923 58.653 58.309 62.777 66.509 62.629 55.709 48.692 50.144 50.996 53.209 53.309 52.004 51.828 54.281 56.323 60.224 70.235 78.901 81.353 87.209 86.111 84.891 89.769 80.762 73.177 76.504 70.923 69.668 69.501 65.835 63.069 59.814 57.037 55.724 53.005 52.919 54.617 54.203 55.426 52.357 50.016 49.816 49.454
-9999 -9999 -9999 -9999 -9999 -9999 -9999 -9999 -9999 -9999 -9999 -9999 -9999 -9999 -9999 -9999 -9999 -9999 -9999 79.603 107.833 132.573 168.019 189.533 151.674 117.155 104.87 88.664 91.504 92.588 78.624 74.932 62.455 64.153 76.029 73.087 65.809 52.457 51.162 50.773 53.021 54.35 53.992 54.085 53.309 54.454 57.332 64.749 71.141 73.012 75.657 83.64 83.609 83.807 81.057 83.415 79.784 70.968 66.477 66.708 65.84 64.181 60.572 59.408 55.401 55.571 53.352 52.491 53.163 56.837 56.071 52.779 51.152 50.515 49.009
-9999 -9999 -9999 -9999 -9999 -9999 -9999 -9999 -9999 -9999 -9999 -9999 -9999 -9999 -9999 -9999 -9999 -9999 76.661 110.257 114.609 141.3 157.041 152.714 157.644 141.096 118.286 106.91 103.123 85.308 75.36 65.453 65.677 77.494 84.169 75.081 64.629 55.124 50.421 50.539 54.451 53.403 53.657 53.589 53.556 55.786 61.86 64.311 65.194 71.827 74.805 80.325 86.134 76.808 75.564 72.854 73.716 70.621 63.545 62.139 62.68 61.788 59.635 55.131 55.849 53.907 54.085 53.239 53.292 55.186 56.552 52.612 52.446 51.165 49.714
-9999 -9999 -9999 -9999 -9999 -9999 -9999 -9999 -9999 -9999 -9999 -9999 -9999 -9999 -9999 -9999 -9999 71.105 94.845 89.361 104.105 109.683 112.734 121.706 124.27 123.039 121.13 114.2 102.572 85.775 79.616 69.38 76.876 81.684 72.354 67.107 59.369 56.413 51.025 51.037 53.322 52.812 53.804 54.149 55.794 60.408 62.098 61.49 63.9 69.881 72.874 68.884 72.844 73.027 67.475 66.886 66.452 65.283 62.403 58.657 59.525 59.541 57.149 57.276 54.421 51.466 52.116 53.678 53.453 54.362 56.993 53.751 52.96 52.619 52.368
-9999 -9999 -9999 -9999 -9999 -9999 -9999 -9999 -9999 -9999 -9999 -9999 -9999 -9999 -9999 65.305 66.074 69.882 72.078 77.402 79.077 82.451 78.74 92.964 105.215 117.375 120.536 121.082 93.267 84.313 75.395 75.251 89.012 86.48 78.649 67.233 64.082 58.025 51.991 51.66 51.964 50.604 53.372 55.885 59.05 61.179 63.421 61.414 65.735 69.622 68.73 65.538 65.47 63.201 63.01 62.0 61.167 59.057 58.587 57.812 56.062 55.417 54.552 54.189 54.355 52.766 51.355 55.246 55.312 56.648 57.708 55.508 53.095 52.041 49.586
-9999 -9999 -9999 -9999 -9999 -9999 -9999 -9999 -9999 -9999 -9999 -9999 -9999 -9999 66.138 66.396 65.305 67.45 -9999 -9999 -9999 -9999 80.135 101.236 119.535 123.265 123.785 106.951 98.597 98.583 90.091 95.49 110.91 97.386 80.712 73.387 66.183 56.577 54.607 53.247 52.058 52.953 54.256 56.053 58.563 60.256 61.348 60.469 61.807 64.498 62.596 61.922 61.562 60.068 59.406 58.466 56.549 52.307 51.992 55.0 54.376 52.94 53.281 54.793 54.457 54.474 56.072 57.231 57.68 58.655 59.539 57.073 54.042 52.301 50.082
-9999 -9999 -9999 -9999 -9999 -9999 -9999 -9999 -9999 -9999 -9999 -9999 -9999 -9999 66.183 69.384 69.455 -9999 -9999 -9999 -9999 -9999 85.232 105.945 132.714 134.542 119.743 116.941 116.992 115.801 107.055 109.048 103.176 79.936 69.752 68.799 59.858 55.474 52.442 52.819 53.496 55.857 57.484 56.248 58.004 61.384 61.812 60.488 59.203 60.206 61.447 62.015 62.491 62.128 58.875 56.544 55.898 54.252 53.154 53.05 52.841 49.081 49.362 54.994 57.638 59.89 61.128 63.735 62.403 60.379 60.438 57.798 54.387 52.131 51.41
-9999 -9999 -9999 -9999 -9999 -9999 -9999 -9999 -9999 -9999 -9999 -9999 -9999 -9999 -9999 -9999 70.603 -9999 -9999 -9999 -9999 -9999 83.552 105.163 115.155 107.32 115.002 119.026 135.519 127.024 104.606 104.128 89.397 76.846 72.629 63.794 56.869 51.986 51.07 47.352 53.168 54.242 53.791 56.782 55.345 57.159 58.643 58.424 56.79 58.272 60.488 58.602 59.034 61.345 59.26 57.7 60.085 58.613 56.54 55.686 53.381 50.713 49.701 52.831 58.098 60.241 61.811 61.951 61.951 61.204 63.374 60.331 55.377 52.99 52.254
-9999 -9999 -9999 -9999 -9999 -9999 -9999 -9999 -9999 -9999 -9999 -9999 -9999 -9999 -9999 -9999 -9999 -9999 -9999 -9999 -9999 -9999 83.778 90.887 90.444 107.616 117.308 136.729 136.034 128.711 112.193 92.0 79.117 74.976 66.455 59.551 50.29 51.043 46.883 51.52 50.025 51.093 53.467 51.543 54.545 56.239 57.649 57.669 58.541 60.908 64.073 60.649 56.342 57.421 57.501 58.216 60.829 62.799 60.394 61.344 61.859 57.141 53.127 52.473 53.42 56.159 58.574 61.223 61.692 59.776 59.711 58.328 54.967 52.35 51.864
-9999 -9999 -9999 -9999 -9999 -9999 -9999 -9999 -9999 -9999 -9999 -9999 -9999 -9999 -9999 -9999 -9999 -9999 -9999 -9999 -9999 -9999 -9999 92.147 122.972 140.84 134.082 129.533 126.567 114.347 94.624 83.651 73.895 64.782 70.414 68.064 54.219 55.033 51.75 48.645 47.106 49.282 51.859 55.165 62.522 62.158 62.312 58.277 57.69 59.357 64.285 63.119 59.898 56.976 55.059 55.414 59.65 62.264 63.193 65.971 66.545 61.091 56.169 55.058 55.774 58.714 59.902 61.011 61.532 59.633 58.284 56.004 53.925 51.804 50.777
-9999 -9999 -9999 -9999 -9999 -9999 -9999 -9999 -9999 -9999 -9999 -9999 -9999 -9999 -9999 -9999 -9999 -9999 -9999 -9999 -9999 -9999 86.303 103.569 136.059 143.029 132.179 114.493 108.171 93.62 96.555 85.759 65.564 65.338 70.416 57.938 66.937 55.803 48.775 45.08 54.217 57.831 55.436 64.54 63.56 63.951 57.501 58.477 58.3 60.236 61.052 61.355 58.082 56.675 53.785 54.157 54.546 58.112 60.557 62.624 63.622 59.415 56.073 57.066 58.826 61.9 64.416 62.822 60.579 58.805 57.617 57.509 53.772 51.374 50.68
-9999 -9999 -9999 -9999 -9999 -9999 -9999 -9999 -9999 -9999 -9999 -9999 -9999 -9999 -9999 -9999 -9999 -9999 -9999 -9999 -9999 -9999 80.635 101.443 130.436 119.676 100.675 93.818 92.388 100.605 96.877 76.511 65.9 64.87 59.755 61.935 59.734 60.146 58.932 59.573 57.704 53.494 55.054 58.697 61.044 56.963 58.062 60.561 60.836 61.584 60.206 60.572 60.048 56.31 53.525 53.355 54.236 54.593 57.189 60.197 60.758 56.929 51.632 55.289 62.928 63.78 63.844 63.995 60.551 59.409 56.101 53.992 54.667 51.682 50.879
-9999 -9999 -9999 -9999 -9999 -9999 -9999 -9999 -9999 -9999 -9999 -9999 -9999 -9999 -9999 -9999 -9999 -9999 -9999 -9999 -9999 -9999 66.498 89.891 93.318 97.021 91.769 93.488 98.757 101.297 87.442 78.825 66.947 63.111 58.921 57.666 60.885 69.415 70.452 68.991 58.689 59.071 57.333 58.352 57.647 55.705 59.41 59.751 61.252 62.579 61.618 62.648 61.315 58.223 55.1 56.575 56.074 55.567 56.845 56.121 57.238 55.734 55.888 55.109 60.798 63.166 61.323 59.973 59.267 59.214 59.618 54.095 51.404 52.157 50.862
-9999 -9999 -9999 -9999 -9999 -9999 -9999 -9999 -9999 -9999 -9999 -9999 -9999 -9999 -9999 -9999 -9999 -9999 -9999 -9999 -9999 -9999 -9999 60.406 90.406 105.937 114.764 114.647 102.891 90.884 74.845 60.847 60.284 60.385 59.402 58.367 60.599 64.928 70.379 71.069 64.913 57.0 56.96 61.602 58.489 55.108 58.537 60.226 63.146 64.053 61.431 60.504 60.366 56.158 54.78 57.388 60.294 57.602 56.779 55.679 53.999 55.528 55.288 56.561 57.783 57.733 58.63 57.923 57.53 58.408 57.397 55.839 52.827 52.061 51.135
-9999 -9999 -9999 -9999 -9999 -9999 -9999 -9999 -9999 -9999 -9999 -9999 -9999 -9999 -9999 -9999 -9999 -9999 -9999 -9999 -9999 -9999 -9999 73.529 93.661 109.915 135.208 141.0 113.053 85.719 66.294 60.057 63.579 68.511 71.28 68.655 63.758 59.267 67.02 68.624 62.269 64.685 71.115 65.242 59.785 60.12 61.465 60.829 62.266 64.091 63.835 61.527 58.849 55.302 61.4 60.572 59.595 58.802 57.622 58.669 58.032 58.122 58.31 56.257 56.597 60.244 59.807 61.077 58.025 58.762 57.331 54.742 54.817 53.464 50.92
-9999 -9999 -9999 -9999 -9999 -9999 -9999 -9999 -9999 -9999 -9999 -9999 -9999 -9999 -9999 -9999 -9999 -9999 -9999 -9999 -9999 -9999 52.984 70.767 91.049 115.19 137.747 131.43 110.693 83.836 81.121 86.161 78.985 79.038 76.984 67.952 61.417 63.466 67.031 61.343 64.177 72.247 70.851 67.29 61.531 59.275 60.798 58.836 62.396 67.049 66.334 65.425 61.845 59.349 55.841 60.491 58.704 58.05 58.163 61.018 58.411 58.725 59.203 58.695 57.952 60.185 61.154 59.487 60.542 59.107 56.955 55.332 55.497 53.416 50.143
-9999 -9999 -9999 -9999 -9999 -9999 -9999 -9999 -9999 -9999 -9999 -9999 -9999 -9999 -9999 -9999 -9999 -9999 -9999 -9999 -9999 -9999 64.386 77.586 90.006 104.838 125.58 134.418 111.289 91.33 83.967 83.493 86.07 84.587 79.534 71.912 72.58 68.76 61.534 63.241 62.713 66.302 67.511 67.998 52.391 59.195 58.146 55.159 58.842 64.616 72.269 68.168 66.094 61.361 56.726 52.336 55.205 55.482 55.778 57.806 59.209 55.944 58.74 61.941 61.266 61.064 60.45 56.236 57.439 57.515 56.425 54.771 54.706 52.75 50.498
-9999 -9999 -9999 -9999 -9999 -9999 -9999 -9999 -9999 -9999 -9999 -9999 -9999 -9999 -9999 -9999 -9999 -9999 -9999 -9999 -9999 -9999 71.832 77.165 81.31 101.481 122.484 129.518 115.628 91.921 80.987 84.449 81.74 77.893 77.532 79.712 76.284 65.567 62.762 58.318 67.461 60.883 64.998 57.732 58.588 59.247 53.535 53.243 57.287 67.511 66.39 68.663 66.901 63.904 60.601 56.106 54.576 55.768 55.034 56.324 54.988 54.579 56.194 59.808 60.83 57.99 59.754 57.703 55.349 56.087 54.816 54.895 52.101 50.021 48.802
-9999 -9999 -9999 -9999 -9999 -9999 -9999 -9999 -9999 -9999 -9999 -9999 -9999 -9999 -9999 -9999 -9999 -9999 -9999 -9999 -9999 67.427 75.299 82.404 85.34 95.517 114.789 119.102 112.056 88.85 77.16 73.183 68.538 72.947 83.908 78.62 71.668 70.814 62.029 63.175 59.143 56.323 56.357 58.011 59.702 54.234 53.834 54.888 56.585 58.554 61.733 61.282 63.066 61.94 59.958 58.082 56.236 55.088 53.699 53.12 54.266 55.723 57.274 58.148 58.009 56.573 56.647 58.04 54.611 54.723 54.746 55.059 53.431 49.48 47.574
-9999 -9999 -9999 -9999 -9999 -9999 -9999 -9999 -9999 -9999 -9999 -9999 -9999 -9999 -9999 -9999 -9999 -9999 -9999 -9999 72.595 72.723 78.922 79.684 84.375 101.883 117.048 120.611 110.319 99.537 80.452 77.185 70.651 76.8 86.498 76.884 76.614 65.942 61.253 58.601 57.386 58.174 60.967 62.231 62.02 58.911 57.466 53.021 54.637 57.503 58.095 58.46 58.099 59.434 58.063 52.271 53.811 55.533 55.392 54.978 53.869 57.968 58.063 56.983 56.44 55.767 55.114 54.397 54.355 55.578 56.017 54.471 54.369 50.524 47.235
-9999 -9999 -9999 -9999 -9999 -9999 -9999 -9999 -9999 -9999 -9999 -9999 -9999 -9999 -9999 -9999 -9999 -9999 78.614 75.943 75.6 68.378 71.122 78.739 87.095 107.432 119.776 127.667 121.844 98.043 83.227 71.806 73.04 79.649 83.3 74.785 66.044 62.562 58.066 56.778 56.187 59.703 60.845 59.992 60.308 57.993 55.039 55.151 55.201 57.229 57.705 56.3 55.969 56.723 54.883 53.476 51.77 56.653 57.087 59.636 61.615 61.532 59.62 53.612 53.045 54.748 57.075 55.163 54.712 53.847 55.858 54.71 52.547 48.155 45.638
