Validation/Results/raw data/ReClimate_05_2024_1_Precipitation-Actuals.asc
NCOLS 192
NROWS 249
XLLCENTER -225160.85627316462
YLLCENTER 29788.11610251502
CELLSIZE 5000.0
NODATA_VALUE -9999
[rows 99 to 131 of 249, columns 75 to 149 of 192]
117.298 120.663 118.91 124.917 130.785 137.485 148.719 -9999 -9999 112.448 159.702 166.202 178.271 159.43 167.256 163.842 133.337 125.318 114.752 113.941 112.042 102.813 88.848 83.781 87.37 80.84 83.97 85.159 83.455 79.95 82.046 85.63 84.595 78.413 75.533 72.036 66.904 68.634 72.546 71.86 68.479 67.942 66.727 62.817 -9999 -9999 -9999 -9999 -9999 -9999 -9999 -9999 -9999 -9999 -9999 -9999 -9999 -9999 -9999 -9999 -9999 -9999 -9999 -9999 -9999 -9999 -9999 -9999 -9999 -9999 -9999 -9999 -9999 -9999 -9999
125.381 113.336 -9999 -9999 113.494 131.371 -9999 -9999 -9999 111.07 142.241 190.824 179.74 196.163 167.802 138.191 133.837 143.888 136.279 118.506 113.379 95.138 92.66 100.367 90.954 75.251 93.513 101.534 91.325 79.316 82.744 78.76 79.655 71.039 72.188 69.375 71.982 81.61 80.262 76.444 73.964 72.247 64.612 60.64 -9999 -9999 -9999 -9999 -9999 -9999 -9999 -9999 -9999 -9999 -9999 -9999 -9999 -9999 -9999 -9999 -9999 -9999 -9999 -9999 -9999 -9999 -9999 -9999 -9999 -9999 -9999 -9999 -9999 -9999 -9999
-9999 111.226 112.168 119.766 -9999 -9999 -9999 -9999 121.155 121.094 160.496 168.867 171.007 178.646 159.014 148.388 158.053 170.326 140.975 138.911 104.398 103.672 110.305 90.769 71.428 95.317 116.94 113.727 87.136 83.372 81.529 81.333 73.17 71.16 70.707 74.232 85.804 76.787 74.851 73.045 73.738 68.339 60.682 -9999 -9999 -9999 -9999 -9999 -9999 -9999 -9999 -9999 -9999 -9999 -9999 -9999 -9999 -9999 -9999 -9999 -9999 -9999 -9999 -9999 -9999 -9999 -9999 -9999 -9999 -9999 -9999 -9999 -9999 -9999 -9999
141.032 163.221 173.114 177.865 139.858 120.329 -9999 -9999 118.166 -9999 -9999 127.527 183.074 175.346 142.571 154.154 184.997 161.883 165.401 151.513 128.672 114.434 98.263 96.307 105.544 122.212 117.557 103.047 106.768 100.518 83.797 75.097 71.546 72.413 76.307 86.307 73.268 67.912 71.826 70.354 68.096 62.252 -9999 -9999 -9999 -9999 -9999 -9999 -9999 -9999 -9999 -9999 -9999 -9999 -9999 -9999 -9999 -9999 -9999 -9999 -9999 -9999 -9999 -9999 -9999 -9999 -9999 -9999 -9999 -9999 -9999 -9999 -9999 -9999 -9999
138.138 157.444 185.666 162.078 -9999 -9999 -9999 120.787 129.588 124.142 128.603 143.636 156.078 134.119 131.198 160.079 166.657 154.8 135.836 127.824 119.237 112.312 112.236 95.578 107.475 105.24 107.206 111.101 96.081 90.929 81.438 75.296 74.038 73.108 77.765 70.986 62.786 -9999 -9999 67.827 -9999 -9999 -9999 -9999 -9999 -9999 -9999 -9999 -9999 -9999 -9999 -9999 -9999 -9999 -9999 -9999 -9999 -9999 -9999 -9999 -9999 -9999 -9999 -9999 -9999 -9999 -9999 -9999 -9999 -9999 -9999 -9999 -9999 -9999 -9999
131.322 155.66 -9999 148.435 -9999 -9999 -9999 126.603 136.366 137.035 134.211 130.0 136.193 146.028 164.649 174.007 163.682 146.617 144.158 140.208 110.771 107.074 94.469 101.008 103.636 93.926 86.829 78.957 84.374 85.173 80.355 75.652 71.869 69.276 69.55 63.627 -9999 69.946 67.627 67.198 65.928 -9999 -9999 -9999 -9999 -9999 -9999 -9999 -9999 -9999 -9999 -9999 -9999 -9999 -9999 -9999 -9999 -9999 -9999 -9999 -9999 -9999 -9999 -9999 -9999 -9999 -9999 -9999 -9999 -9999 -9999 -9999 -9999 -9999 -9999
117.005 -9999 -9999 -9999 -9999 122.133 127.669 142.145 140.534 141.723 136.727 140.542 159.713 165.635 170.372 164.77 170.418 150.329 160.73 134.927 135.157 110.745 121.303 130.639 103.915 89.997 87.853 85.543 78.548 76.293 72.324 70.485 70.366 69.187 -9999 69.243 70.666 67.385 66.291 63.643 68.033 -9999 -9999 -9999 -9999 -9999 -9999 -9999 -9999 -9999 -9999 -9999 -9999 -9999 -9999 -9999 -9999 -9999 -9999 -9999 -9999 -9999 -9999 -9999 -9999 -9999 -9999 -9999 -9999 -9999 -9999 -9999 -9999 -9999 -9999
-9999 -9999 -9999 -9999 -9999 125.088 113.82 122.885 137.285 138.044 126.003 149.038 141.112 138.799 150.264 186.046 170.701 153.372 153.185 150.964 121.888 116.21 133.497 115.059 119.326 120.331 100.792 92.454 83.947 80.78 82.303 86.198 81.792 82.708 79.528 71.01 69.387 74.899 75.901 71.8 70.954 67.055 -9999 -9999 -9999 -9999 -9999 -9999 -9999 -9999 -9999 -9999 -9999 -9999 -9999 -9999 -9999 -9999 -9999 -9999 -9999 -9999 -9999 -9999 -9999 -9999 -9999 -9999 -9999 -9999 -9999 -9999 -9999 -9999 -9999
-9999 -9999 -9999 -9999 120.102 -9999 -9999 124.913 138.759 127.33 140.26 139.753 -9999 -9999 166.167 193.462 189.9 147.743 138.535 134.018 120.792 121.344 118.243 114.415 111.628 99.682 95.285 88.391 88.547 102.644 108.918 98.968 92.396 85.696 80.626 79.526 73.862 78.497 74.728 78.53 75.704 68.985 62.779 -9999 -9999 -9999 -9999 -9999 -9999 -9999 -9999 -9999 -9999 -9999 -9999 -9999 -9999 -9999 -9999 -9999 -9999 -9999 -9999 -9999 -9999 -9999 -9999 -9999 -9999 -9999 -9999 -9999 -9999 -9999 -9999
-9999 -9999 -9999 -9999 114.171 -9999 114.155 125.256 127.42 138.348 140.391 128.313 121.896 149.714 173.949 172.142 136.629 137.776 152.988 123.768 118.748 117.059 110.736 97.41 91.687 85.781 85.894 102.362 119.961 123.647 110.044 98.315 87.292 81.961 83.623 79.841 77.48 73.044 68.622 66.926 69.063 65.191 -9999 -9999 -9999 -9999 -9999 -9999 -9999 -9999 -9999 -9999 -9999 -9999 -9999 -9999 -9999 -9999 -9999 -9999 -9999 -9999 -9999 -9999 -9999 -9999 -9999 -9999 -9999 -9999 -9999 -9999 -9999 -9999 -9999
-9999 -9999 -9999 -9999 108.24 -9999 112.016 113.67 124.433 130.101 124.817 -9999 141.155 145.655 -9999 146.809 137.452 142.917 126.592 140.514 118.216 100.468 90.287 79.875 74.637 78.079 83.06 95.513 93.017 90.104 85.803 83.109 84.249 82.628 81.828 75.417 72.8 69.115 -9999 -9999 -9999 -9999 -9999 -9999 -9999 -9999 -9999 -9999 -9999 -9999 -9999 -9999 -9999 -9999 -9999 -9999 -9999 -9999 -9999 -9999 -9999 -9999 -9999 -9999 -9999 -9999 -9999 -9999 -9999 -9999 -9999 -9999 -9999 -9999 -9999
-9999 -9999 103.73 105.422 -9999 -9999 105.208 108.991 122.391 119.889 118.222 148.175 140.335 155.867 -9999 118.165 133.169 129.15 123.158 120.493 113.282 95.784 90.252 84.027 91.861 90.451 77.687 72.61 73.78 79.162 78.749 81.046 85.506 83.14 81.221 76.055 70.977 -9999 -9999 -9999 -9999 -9999 -9999 -9999 -9999 -9999 -9999 -9999 -9999 -9999 -9999 -9999 -9999 -9999 -9999 -9999 -9999 -9999 -9999 -9999 -9999 -9999 -9999 -9999 -9999 -9999 -9999 -9999 -9999 -9999 -9999 -9999 -9999 -9999 -9999
-9999 92.303 96.282 98.027 -9999 101.263 114.854 119.447 115.49 -9999 142.637 139.543 152.581 156.32 -9999 120.902 135.213 121.455 99.791 100.427 91.542 93.999 100.634 100.079 105.923 93.263 82.708 75.311 -9999 68.993 72.012 76.044 78.098 79.318 81.517 75.709 -9999 -9999 -9999 -9999 -9999 -9999 -9999 -9999 -9999 -9999 -9999 -9999 -9999 -9999 -9999 -9999 -9999 -9999 -9999 -9999 -9999 -9999 -9999 -9999 -9999 -9999 -9999 -9999 -9999 -9999 -9999 -9999 -9999 -9999 -9999 -9999 -9999 -9999 -9999
-9999 84.857 83.917 -9999 -9999 105.798 118.772 112.173 -9999 122.817 136.412 140.02 147.786 140.786 -9999 108.591 105.803 100.31 97.586 96.938 93.453 97.506 121.758 124.116 117.676 108.467 89.351 75.299 67.536 67.938 -9999 -9999 69.449 68.629 -9999 -9999 -9999 -9999 -9999 -9999 62.475 64.319 64.856 -9999 -9999 -9999 -9999 -9999 -9999 -9999 -9999 -9999 -9999 -9999 -9999 -9999 -9999 -9999 -9999 -9999 -9999 -9999 -9999 -9999 -9999 -9999 -9999 -9999 -9999 -9999 -9999 -9999 -9999 -9999 -9999
90.912 96.701 -9999 -9999 101.042 110.377 99.942 109.998 -9999 118.011 133.816 127.984 128.271 140.587 -9999 -9999 -9999 99.759 99.077 100.635 101.415 104.443 105.676 104.745 103.36 96.796 84.427 77.107 75.027 72.54 70.228 71.447 70.039 70.151 -9999 -9999 -9999 -9999 -9999 64.46 64.109 69.004 65.693 64.256 -9999 -9999 -9999 -9999 -9999 -9999 -9999 -9999 -9999 -9999 -9999 -9999 -9999 -9999 -9999 -9999 -9999 -9999 -9999 -9999 -9999 -9999 -9999 -9999 -9999 -9999 -9999 -9999 -9999 -9999 -9999
110.635 100.713 -9999 -9999 -9999 90.146 107.638 102.664 -9999 107.774 -9999 112.772 126.976 116.925 -9999 97.05 103.083 102.987 -9999 90.203 84.41 86.198 86.675 86.186 89.657 88.81 85.719 82.694 80.456 76.344 75.557 74.092 68.268 67.131 67.696 68.608 67.92 -9999 63.578 66.094 69.111 68.013 70.869 74.628 76.473 62.934 -9999 -9999 -9999 -9999 -9999 -9999 -9999 -9999 -9999 -9999 -9999 -9999 -9999 -9999 -9999 -9999 -9999 -9999 -9999 -9999 -9999 -9999 -9999 -9999 -9999 -9999 -9999 -9999 -9999
105.493 -9999 -9999 -9999 -9999 103.908 118.203 98.88 -9999 93.999 -9999 106.15 103.872 -9999 107.837 114.595 121.437 106.874 85.483 77.151 74.467 76.021 75.752 79.409 79.32 79.659 83.409 83.133 80.782 76.653 75.729 73.267 67.8 71.94 71.354 72.695 67.896 64.39 68.034 68.779 69.872 70.083 79.174 78.712 86.94 81.168 71.508 64.78 66.245 -9999 -9999 -9999 -9999 -9999 -9999 -9999 -9999 -9999 -9999 -9999 -9999 -9999 -9999 -9999 -9999 -9999 -9999 -9999 -9999 -9999 -9999 -9999 -9999 -9999 -9999
85.785 -9999 -9999 -9999 -9999 100.648 99.289 103.574 103.733 -9999 -9999 88.999 94.829 -9999 102.639 123.52 134.347 108.767 90.989 77.69 75.372 71.376 70.029 67.468 67.783 72.982 79.494 84.844 82.925 80.225 78.356 78.116 81.355 81.805 84.948 77.141 70.195 70.35 69.974 66.677 78.336 94.042 92.229 88.465 88.856 84.962 87.115 75.309 66.888 67.016 -9999 -9999 -9999 -9999 -9999 -9999 -9999 -9999 -9999 -9999 -9999 -9999 -9999 -9999 -9999 -9999 -9999 -9999 -9999 -9999 -9999 -9999 -9999 -9999 -9999
-9999 -9999 -9999 -9999 -9999 86.168 92.951 106.749 93.47 -9999 -9999 87.612 89.134 -9999 -9999 123.733 120.913 104.771 93.452 90.584 83.053 76.235 70.757 72.229 67.235 69.509 79.003 83.298 87.112 87.861 90.628 87.854 90.692 94.795 87.647 80.027 77.702 77.22 72.456 78.216 91.744 93.124 94.039 87.949 83.956 79.625 73.96 68.752 70.836 68.523 -9999 -9999 -9999 -9999 -9999 -9999 -9999 -9999 -9999 -9999 -9999 -9999 -9999 -9999 -9999 -9999 -9999 -9999 -9999 -9999 -9999 -9999 -9999 -9999 -9999
-9999 -9999 -9999 -9999 -9999 80.972 94.664 100.419 -9999 -9999 -9999 -9999 83.508 -9999 89.298 109.123 107.026 97.158 97.828 98.894 96.749 90.562 85.356 79.195 74.225 71.659 71.823 79.757 85.671 88.915 87.475 89.467 91.946 86.68 82.662 83.785 84.617 89.942 81.9 78.589 80.661 80.934 81.639 81.328 80.007 72.304 66.304 74.326 68.288 65.827 66.762 -9999 -9999 -9999 -9999 -9999 -9999 -9999 -9999 -9999 -9999 -9999 -9999 -9999 -9999 -9999 -9999 -9999 -9999 -9999 -9999 -9999 -9999 -9999 -9999
-9999 -9999 -9999 86.254 87.342 90.998 95.392 -9999 -9999 109.485 -9999 -9999 -9999 -9999 84.737 96.293 95.222 93.463 95.715 100.111 103.617 100.625 96.883 89.866 80.043 74.777 70.561 69.793 78.808 78.518 77.589 81.748 77.83 81.372 90.28 89.992 104.666 105.074 89.102 80.692 75.311 67.768 72.779 74.685 77.169 71.43 69.82 65.071 66.465 65.703 61.98 -9999 -9999 -9999 -9999 -9999 -9999 -9999 -9999 -9999 -9999 -9999 -9999 -9999 -9999 -9999 -9999 -9999 -9999 -9999 -9999 -9999 -9999 -9999 -9999
-9999 -9999 -9999 -9999 95.614 98.579 101.636 -9999 108.795 121.065 115.406 -9999 -9999 -9999 -9999 78.812 82.23 82.266 86.638 90.576 95.856 100.104 96.106 91.255 80.532 73.823 67.599 71.813 67.065 71.616 78.913 80.346 80.651 88.057 80.907 91.337 93.525 93.506 92.964 85.722 72.25 69.78 67.454 68.673 70.252 69.366 63.742 64.312 66.47 69.09 63.836 63.117 -9999 -9999 -9999 -9999 -9999 -9999 -9999 -9999 -9999 -9999 -9999 -9999 -9999 -9999 -9999 -9999 -9999 -9999 -9999 -9999 -9999 -9999 -9999
-9999 -9999 -9999 -9999 100.256 107.686 109.3 -9999 100.064 122.065 120.146 -9999 -9999 -9999 -9999 -9999 74.694 76.284 75.287 75.489 86.49 86.633 91.603 91.106 92.388 85.207 78.188 67.827 68.481 73.112 74.952 71.324 76.893 78.524 77.082 80.625 85.614 84.45 75.048 72.993 69.1 68.843 63.315 67.072 68.487 64.068 63.849 62.509 64.677 66.313 71.54 64.913 63.495 -9999 -9999 -9999 -9999 -9999 -9999 -9999 -9999 -9999 -9999 -9999 -9999 -9999 -9999 -9999 -9999 -9999 -9999 -9999 -9999 -9999 -9999
-9999 -9999 -9999 -9999 105.289 120.456 -9999 -9999 90.483 110.81 121.677 99.375 -9999 -9999 -9999 -9999 -9999 70.592 74.333 83.779 85.109 92.128 97.747 99.144 100.069 96.329 86.011 74.282 75.132 73.043 72.634 77.991 84.738 80.709 98.064 85.843 88.654 77.559 85.965 76.555 67.258 68.551 66.397 64.597 65.112 68.031 69.24 71.231 65.824 69.024 66.898 74.213 67.238 64.315 57.726 -9999 -9999 -9999 -9999 -9999 -9999 -9999 -9999 -9999 -9999 -9999 -9999 -9999 -9999 -9999 -9999 -9999 -9999 -9999 -9999
-9999 -9999 -9999 -9999 116.907 103.545 -9999 -9999 98.151 114.636 112.173 -9999 -9999 -9999 -9999 -9999 -9999 68.337 74.099 79.107 80.749 88.033 91.804 92.182 96.828 98.314 90.812 82.2 77.772 80.051 90.792 103.387 91.539 102.028 107.724 99.651 80.205 85.937 83.518 66.903 72.51 70.257 66.239 68.225 70.227 67.965 71.6 74.658 85.249 80.857 71.969 73.139 74.045 67.649 61.982 -9999 -9999 -9999 -9999 -9999 -9999 -9999 -9999 -9999 -9999 -9999 -9999 -9999 -9999 -9999 -9999 -9999 -9999 -9999 -9999
-9999 -9999 -9999 -9999 111.045 85.257 -9999 -9999 -9999 96.541 97.902 92.231 -9999 -9999 -9999 -9999 -9999 65.607 71.368 73.523 75.717 79.903 84.113 94.655 106.573 107.989 94.579 87.182 79.867 80.63 88.214 93.219 93.726 114.506 104.767 89.813 90.292 88.656 78.423 79.975 72.867 74.835 76.003 70.312 72.173 76.113 76.913 84.889 98.676 91.419 80.7 70.895 68.864 69.001 64.479 -9999 -9999 -9999 -9999 -9999 -9999 -9999 -9999 -9999 -9999 -9999 -9999 -9999 -9999 -9999 -9999 -9999 -9999 -9999 -9999
-9999 -9999 -9999 117.137 105.873 90.938 -9999 -9999 -9999 -9999 -9999 -9999 -9999 -9999 -9999 -9999 -9999 72.316 75.162 75.288 76.055 77.395 81.943 93.228 100.996 103.404 97.165 92.449 95.583 89.12 96.286 101.744 115.147 118.193 111.692 102.218 98.622 91.576 88.082 78.998 78.085 73.46 70.178 76.489 73.164 78.875 83.304 97.413 96.662 94.81 76.012 67.42 65.7 65.18 65.816 56.09 -9999 -9999 -9999 -9999 -9999 -9999 -9999 -9999 -9999 -9999 -9999 -9999 -9999 -9999 -9999 -9999 -9999 -9999 -9999
-9999 -9999 118.131 117.896 113.003 99.23 -9999 -9999 -9999 -9999 -9999 -9999 -9999 -9999 -9999 72.816 73.573 75.301 79.855 85.515 86.156 83.417 82.147 85.102 89.721 84.241 95.352 110.241 107.465 106.116 104.198 103.185 109.095 123.785 108.231 107.15 97.431 91.264 83.377 77.163 72.826 79.39 83.218 71.809 72.514 79.535 89.763 86.719 90.798 88.088 72.583 63.888 62.761 67.634 66.131 59.304 -9999 -9999 -9999 -9999 -9999 -9999 -9999 -9999 -9999 -9999 -9999 -9999 -9999 -9999 -9999 -9999 -9999 -9999 -9999
-9999 -9999 117.742 111.262 97.163 -9999 -9999 -9999 -9999 -9999 -9999 -9999 -9999 -9999 -9999 73.628 73.716 76.453 83.161 82.543 86.39 97.961 104.796 101.043 95.024 94.425 94.461 100.866 110.151 112.36 103.455 96.73 104.031 112.609 122.442 109.269 104.61 94.692 88.336 78.496 81.971 84.698 76.76 74.594 82.984 91.736 90.538 82.536 80.511 77.252 71.022 72.263 74.095 68.875 66.097 62.087 -9999 -9999 -9999 -9999 -9999 -9999 -9999 -9999 -9999 -9999 -9999 -9999 -9999 -9999 -9999 -9999 -9999 -9999 -9999
-9999 -9999 -9999 -9999 -9999 -9999 -9999 -9999 -9999 -9999 -9999 -9999 -9999 -9999 -9999 75.767 77.248 86.959 84.465 92.686 97.359 114.166 119.803 130.266 111.744 96.313 94.344 103.257 113.516 130.361 116.869 93.317 94.032 111.851 120.938 116.202 107.854 106.282 93.391 96.019 98.754 91.761 92.138 94.729 96.964 83.901 80.285 77.01 78.49 79.08 67.694 65.103 68.431 66.865 60.116 60.333 -9999 -9999 -9999 -9999 -9999 -9999 -9999 -9999 -9999 -9999 -9999 -9999 -9999 -9999 -9999 -9999 -9999 -9999 -9999
-9999 -9999 -9999 -9999 -9999 -9999 -9999 -9999 -9999 -9999 -9999 -9999 -9999 -9999 80.964 87.543 95.504 89.473 92.195 95.663 98.629 105.948 128.742 123.432 112.0 100.169 98.712 91.638 100.453 109.543 107.329 94.795 90.643 103.555 114.53 113.846 111.177 109.127 110.208 100.358 102.106 97.033 95.444 106.708 90.462 89.684 80.505 71.919 78.487 78.085 76.442 66.817 61.683 60.43 60.006 56.395 -9999 -9999 -9999 -9999 -9999 -9999 -9999 -9999 -9999 -9999 -9999 -9999 -9999 -9999 -9999 -9999 -9999 -9999 -9999
-9999 -9999 -9999 -9999 -9999 -9999 -9999 -9999 -9999 -9999 -9999 -9999 -9999 -9999 90.674 98.557 106.324 114.854 112.948 99.679 99.948 115.932 106.484 110.471 105.947 101.407 92.523 80.785 85.933 100.737 102.785 95.807 87.228 99.277 107.877 106.259 108.344 117.115 98.624 109.527 103.114 95.607 109.324 91.819 92.206 86.8 76.081 77.247 74.526 72.919 79.388 72.934 67.71 65.516 62.62 58.543 -9999 -9999 -9999 -9999 -9999 -9999 -9999 -9999 -9999 -9999 -9999 -9999 -9999 -9999 -9999 -9999 -9999 -9999 -9999
-9999 -9999 -9999 -9999 -9999 -9999 -9999 -9999 -9999 -9999 -9999 -9999 -9999 89.464 99.052 104.041 123.166 126.517 126.032 127.986 124.013 114.101 102.027 99.321 99.312 97.208 92.685 85.952 87.743 96.398 93.539 83.57 85.178 93.436 106.467 106.649 117.39 102.878 103.493 111.236 100.531 107.559 103.007 88.174 85.624 85.356 83.521 80.974 76.554 78.833 74.948 70.723 69.381 69.881 65.551 60.851 57.7 -9999 -9999 -9999 -9999 -9999 -9999 -9999 -9999 -9999 -9999 -9999 -9999 -9999 -9999 -9999 -9999 -9999 -9999
