Validation/Results/raw data/ReClimate_11_2023_1_Temperatureweatherlogisticsltd.asc
NCOLS 192
NROWS 249
XLLCENTER -225160.85627316462
YLLCENTER 29788.11610251502
CELLSIZE 5000.0
NODATA_VALUE -9999
[rows 198 to 230 of 249, columns 76 to 151 of 192]
-9999 -9999 -9999 -9999 -9999 -9999 -9999 -9999 -9999 -9999 -9999 -9999 -9999 -9999 -9999 -9999 0.286 0.299 0.323 0.337 0.354 0.355 0.354 0.369 0.384 0.381 0.377 0.382 0.387 0.378 0.366 0.384 0.405 0.396 0.382 0.397 0.413 0.412 0.409 0.422 0.436 0.435 0.432 0.45 0.47 0.458 0.445 0.468 0.494 0.501 0.506 0.505 0.5 0.514 0.529 0.541 0.55 0.574 0.601 0.619 0.636 0.641 0.645 0.657 0.67 0.675 0.678 0.685 0.687 0.683 0.674 0.688 0.7 0.696 0.688 0.686
-9999 -9999 -9999 -9999 -9999 -9999 -9999 -9999 -9999 -9999 -9999 -9999 -9999 0.273 0.286 0.291 0.291 0.306 0.311 0.33 0.358 0.36 0.362 0.372 0.373 0.372 0.371 0.376 0.382 0.382 0.394 0.41 0.418 0.412 0.404 0.412 0.407 0.412 0.428 0.442 0.457 0.453 0.436 0.448 0.452 0.448 0.452 0.469 0.478 0.503 0.52 0.536 0.543 0.548 0.559 0.568 0.577 0.593 0.615 0.623 0.634 0.641 0.646 0.663 0.678 0.684 0.688 0.69 0.691 0.691 0.686 0.692 0.699 0.707 0.708 0.7
-9999 -9999 -9999 -9999 -9999 -9999 -9999 -9999 -9999 -9999 -9999 0.269 0.273 0.282 0.29 0.293 0.294 0.301 0.306 0.331 0.358 0.361 0.364 0.367 0.369 0.369 0.368 0.374 0.38 0.391 0.404 0.413 0.422 0.418 0.411 0.409 0.404 0.419 0.435 0.449 0.465 0.453 0.437 0.441 0.445 0.451 0.455 0.464 0.473 0.497 0.525 0.541 0.558 0.565 0.569 0.579 0.586 0.602 0.618 0.627 0.632 0.64 0.646 0.663 0.68 0.686 0.688 0.69 0.687 0.688 0.687 0.696 0.7 0.708 0.716 0.709
-9999 -9999 -9999 -9999 -9999 -9999 -9999 0.26 0.26 0.264 0.268 0.275 0.275 0.285 0.298 0.308 0.331 0.333 0.317 0.335 0.342 0.354 0.381 0.386 0.389 0.391 0.387 0.388 0.373 0.386 0.405 0.414 0.422 0.418 0.413 0.413 0.412 0.421 0.422 0.434 0.443 0.44 0.451 0.456 0.463 0.469 0.474 0.484 0.497 0.506 0.524 0.534 0.546 0.562 0.571 0.588 0.601 0.616 0.632 0.633 0.635 0.632 0.632 0.645 0.66 0.681 0.692 0.694 0.694 0.701 0.704 0.703 0.704 0.707 0.711 0.705
-9999 -9999 -9999 -9999 -9999 -9999 0.26 0.261 0.262 0.265 0.278 0.276 0.275 0.287 0.301 0.322 0.346 0.336 0.321 0.328 0.335 0.36 0.387 0.392 0.396 0.396 0.393 0.383 0.368 0.384 0.403 0.412 0.419 0.417 0.412 0.413 0.413 0.414 0.415 0.424 0.433 0.444 0.455 0.461 0.469 0.475 0.48 0.492 0.505 0.514 0.522 0.53 0.538 0.553 0.568 0.584 0.602 0.617 0.632 0.634 0.632 0.631 0.625 0.637 0.65 0.669 0.689 0.692 0.692 0.7 0.707 0.707 0.702 0.706 0.708 0.704
-9999 -9999 -9999 -9999 -9999 0.266 0.271 0.271 0.266 0.276 0.287 0.289 0.298 0.314 0.331 0.35 0.363 0.36 0.363 0.366 0.352 0.368 0.369 0.377 0.393 0.394 0.397 0.391 0.389 0.404 0.414 0.416 0.405 0.404 0.403 0.408 0.419 0.42 0.418 0.431 0.449 0.455 0.446 0.46 0.489 0.494 0.496 0.513 0.537 0.544 0.54 0.544 0.548 0.57 0.589 0.591 0.601 0.611 0.623 0.629 0.631 0.652 0.659 0.655 0.658 0.676 0.695 0.699 0.7 0.7 0.703 0.715 0.718 0.703 0.694 0.698
-9999 -9999 -9999 0.26 -9999 0.273 0.275 0.271 0.267 0.277 0.289 0.296 0.306 0.324 0.342 0.355 0.368 0.373 0.378 0.369 0.357 0.359 0.36 0.374 0.389 0.393 0.396 0.397 0.396 0.405 0.415 0.408 0.398 0.399 0.398 0.409 0.42 0.42 0.418 0.435 0.453 0.448 0.441 0.466 0.494 0.498 0.5 0.522 0.547 0.547 0.544 0.548 0.549 0.57 0.592 0.596 0.596 0.606 0.615 0.621 0.626 0.648 0.668 0.666 0.658 0.674 0.693 0.697 0.699 0.701 0.699 0.71 0.721 0.708 0.687 0.691
-9999 -9999 -9999 -9999 -9999 -9999 -9999 0.276 0.267 0.277 0.29 0.301 0.32 0.334 0.339 0.351 0.361 0.366 0.372 0.362 0.347 0.351 0.357 0.374 0.397 0.396 0.381 0.377 0.364 0.374 0.39 0.397 0.43 0.426 0.404 0.418 0.434 0.433 0.424 0.438 0.448 0.446 0.446 0.469 0.489 0.492 0.489 0.506 0.518 0.523 0.54 0.559 0.569 0.573 0.584 0.596 0.602 0.606 0.611 0.628 0.639 0.651 0.666 0.673 0.672 0.676 0.687 0.689 0.689 0.694 0.695 0.69 0.691 0.701 0.694 0.693
-9999 -9999 -9999 -9999 -9999 -9999 -9999 0.276 0.267 0.278 0.29 0.304 0.324 0.331 0.336 0.346 0.356 0.362 0.367 0.357 0.342 0.349 0.354 0.375 0.397 0.387 0.373 0.363 0.35 0.363 0.378 0.407 0.44 0.425 0.405 0.421 0.437 0.432 0.425 0.433 0.442 0.444 0.446 0.465 0.484 0.484 0.482 0.492 0.503 0.519 0.536 0.554 0.573 0.577 0.578 0.589 0.599 0.604 0.606 0.622 0.638 0.651 0.66 0.667 0.672 0.677 0.68 0.682 0.682 0.687 0.689 0.686 0.677 0.685 0.693 0.694
-9999 -9999 -9999 -9999 -9999 0.279 0.282 0.279 0.286 -9999 0.285 0.296 0.307 0.305 0.292 0.298 -9999 0.312 0.323 0.32 0.334 0.348 0.375 0.389 0.39 0.381 0.369 0.367 0.377 0.387 0.387 0.413 0.438 0.422 0.392 0.405 0.419 0.418 0.425 0.435 0.45 0.453 0.454 0.474 0.495 0.495 0.491 0.501 0.509 0.519 0.533 0.542 0.554 0.568 0.575 0.577 0.582 0.594 0.599 0.622 0.642 0.645 0.649 0.659 0.666 0.696 0.714 0.696 0.685 0.678 0.674 0.682 0.681 0.688 0.696 0.695
-9999 -9999 -9999 -9999 -9999 0.281 -9999 -9999 -9999 0.288 0.283 0.29 -9999 -9999 -9999 -9999 -9999 0.298 0.305 0.317 0.33 0.355 0.382 0.384 0.385 0.376 0.365 0.375 0.386 0.388 0.388 0.41 0.435 0.413 0.384 0.396 0.409 0.415 0.422 0.436 0.45 0.452 0.455 0.474 0.495 0.495 0.492 0.5 0.509 0.519 0.529 0.537 0.543 0.556 0.57 0.573 0.572 0.583 0.593 0.614 0.637 0.64 0.639 0.65 0.658 0.688 0.721 0.706 0.682 0.676 0.665 0.673 0.679 0.686 0.693 0.693
-9999 -9999 -9999 -9999 -9999 -9999 -9999 0.287 0.29 0.287 0.288 0.295 -9999 -9999 -9999 -9999 -9999 -9999 -9999 -9999 0.331 0.349 0.36 0.362 0.365 0.361 0.366 0.372 0.37 0.371 0.374 0.389 0.396 0.384 0.389 0.401 0.414 0.419 0.417 0.432 0.454 0.457 0.462 0.478 0.488 0.491 0.496 0.505 0.511 0.528 0.541 0.545 0.55 0.556 0.565 0.579 0.586 0.596 0.607 0.609 0.621 0.635 0.641 0.665 0.681 0.697 0.723 0.705 0.682 0.69 0.688 0.698 0.707 0.698 0.696 0.703
-9999 -9999 -9999 -9999 -9999 -9999 -9999 -9999 0.292 -9999 -9999 -9999 -9999 -9999 -9999 -9999 -9999 -9999 0.324 0.328 0.33 0.34 0.35 0.353 0.355 0.36 0.365 0.364 0.361 0.364 0.367 0.372 0.378 0.384 0.389 0.401 0.414 0.414 0.412 0.431 0.453 -9999 0.462 0.472 0.482 0.489 0.495 0.503 0.509 0.526 0.542 0.546 0.548 0.554 0.559 0.572 0.586 0.596 0.606 0.609 0.61 0.623 0.636 0.66 0.683 0.7 0.718 0.702 0.677 0.686 0.693 0.703 0.712 0.706 0.693 0.7
-9999 -9999 -9999 -9999 -9999 -9999 -9999 -9999 -9999 -9999 -9999 -9999 -9999 -9999 -9999 -9999 -9999 -9999 0.316 0.319 0.326 0.33 -9999 -9999 -9999 0.374 0.374 0.377 0.385 0.387 0.379 0.388 0.4 0.407 0.414 0.423 0.423 0.428 0.439 0.454 -9999 0.473 0.48 0.489 0.494 0.5 0.499 0.507 0.513 0.528 0.538 0.542 0.544 0.555 0.563 0.566 0.574 0.591 0.604 0.611 0.614 0.625 0.637 0.643 0.654 0.658 0.666 0.68 0.673 0.685 0.694 0.691 0.691 0.713 0.718 0.712
-9999 -9999 -9999 -9999 -9999 -9999 -9999 -9999 -9999 -9999 -9999 -9999 -9999 -9999 -9999 -9999 -9999 -9999 -9999 -9999 -9999 -9999 -9999 -9999 -9999 0.385 0.376 0.385 0.394 0.389 0.383 0.394 0.406 0.413 0.421 0.423 0.424 0.436 -9999 -9999 0.469 0.476 0.484 0.49 0.495 0.498 0.498 0.505 0.512 0.523 0.533 0.537 0.538 0.548 0.559 0.562 0.564 0.581 0.599 0.605 0.61 0.621 0.632 0.638 0.639 0.641 0.642 0.655 0.668 0.68 0.691 0.688 0.679 0.699 0.722 0.717
-9999 -9999 -9999 -9999 -9999 -9999 -9999 -9999 -9999 -9999 -9999 -9999 -9999 -9999 -9999 -9999 -9999 -9999 -9999 -9999 -9999 -9999 -9999 -9999 -9999 0.393 0.399 0.401 0.392 0.392 0.395 0.405 0.409 0.419 0.43 -9999 -9999 -9999 -9999 -9999 0.45 0.462 0.486 0.494 0.503 0.505 0.503 0.512 0.519 0.53 0.538 0.537 0.535 0.537 0.541 0.56 0.57 0.584 0.601 0.603 0.606 0.624 0.639 0.642 0.643 0.654 0.661 0.667 0.677 0.699 0.717 0.712 0.703 0.709 0.724 0.726
-9999 -9999 -9999 -9999 -9999 -9999 -9999 -9999 -9999 -9999 -9999 -9999 -9999 -9999 -9999 -9999 -9999 -9999 -9999 -9999 -9999 -9999 -9999 -9999 -9999 -9999 -9999 0.4 0.39 0.395 0.399 0.404 0.409 0.423 -9999 -9999 -9999 -9999 0.443 0.442 0.44 0.46 0.484 0.493 0.502 0.503 0.502 0.511 0.518 0.527 0.535 0.534 0.53 0.531 0.53 0.548 0.567 0.582 0.596 0.599 0.599 0.616 0.635 0.639 0.638 0.65 0.662 0.669 0.674 0.696 0.718 0.716 0.706 0.713 0.718 0.721
-9999 -9999 -9999 -9999 -9999 -9999 -9999 -9999 -9999 -9999 -9999 -9999 -9999 -9999 -9999 -9999 -9999 -9999 -9999 -9999 -9999 -9999 -9999 -9999 -9999 -9999 -9999 -9999 0.392 0.399 0.415 0.415 0.411 -9999 -9999 -9999 -9999 0.445 0.451 0.45 0.442 0.456 0.463 0.48 0.517 0.515 0.499 0.511 0.533 0.536 0.522 0.526 0.525 0.536 0.54 0.553 0.57 0.578 0.589 0.596 0.599 0.608 0.621 0.633 0.638 0.644 0.653 0.664 0.671 0.688 0.706 0.71 0.707 0.698 0.694 0.722
-9999 -9999 -9999 -9999 -9999 -9999 -9999 -9999 -9999 -9999 -9999 -9999 -9999 -9999 -9999 -9999 -9999 -9999 -9999 -9999 -9999 -9999 -9999 -9999 -9999 -9999 -9999 -9999 -9999 -9999 -9999 -9999 -9999 -9999 -9999 -9999 0.449 0.452 0.452 0.448 0.44 0.445 0.451 0.483 0.519 0.509 0.493 0.513 0.535 0.527 0.513 0.517 0.519 0.529 0.539 0.552 0.565 0.574 0.581 0.588 0.593 0.602 0.61 0.622 0.631 0.638 0.643 0.654 0.663 0.679 0.694 0.698 0.699 0.692 0.68 0.706
-9999 -9999 -9999 -9999 -9999 -9999 -9999 -9999 -9999 -9999 -9999 -9999 -9999 -9999 -9999 -9999 -9999 -9999 -9999 -9999 -9999 -9999 -9999 -9999 -9999 -9999 -9999 -9999 -9999 -9999 -9999 -9999 -9999 -9999 -9999 0.439 0.45 0.449 0.438 0.439 0.45 0.456 0.462 0.486 0.497 0.492 0.495 0.508 0.512 0.508 0.51 0.513 0.515 0.536 0.554 0.558 0.567 0.575 0.583 0.587 0.591 0.608 0.62 0.624 0.63 0.634 0.638 0.656 0.67 0.686 0.702 0.705 0.706 0.692 0.677 0.682
-9999 -9999 -9999 -9999 -9999 -9999 -9999 -9999 -9999 -9999 -9999 -9999 -9999 -9999 -9999 -9999 -9999 -9999 -9999 -9999 -9999 -9999 -9999 -9999 -9999 -9999 -9999 -9999 -9999 -9999 -9999 -9999 -9999 -9999 -9999 0.44 0.448 0.441 0.43 0.44 0.451 0.457 0.464 0.474 0.484 0.488 0.491 0.495 0.498 0.502 0.505 0.508 0.508 0.53 0.554 0.559 0.561 0.57 0.578 0.582 0.584 0.601 0.618 0.622 0.622 0.627 0.63 0.647 0.665 0.681 0.697 0.701 0.701 0.689 0.67 0.675
-9999 -9999 -9999 -9999 -9999 -9999 -9999 -9999 -9999 -9999 -9999 -9999 -9999 -9999 -9999 -9999 -9999 -9999 -9999 -9999 -9999 -9999 0.382 0.395 0.398 0.406 -9999 0.409 -9999 -9999 -9999 -9999 -9999 -9999 -9999 -9999 0.443 0.44 0.444 0.453 0.457 0.461 0.462 0.473 0.486 0.486 0.474 0.485 0.51 0.511 0.512 0.519 0.523 0.531 0.547 0.553 0.556 0.565 0.573 0.581 0.585 0.596 0.61 0.615 0.616 0.618 0.619 0.641 0.662 0.651 0.651 0.661 0.664 0.676 0.671 0.665
-9999 -9999 -9999 -9999 -9999 -9999 -9999 -9999 -9999 -9999 -9999 -9999 -9999 -9999 -9999 -9999 -9999 -9999 -9999 0.374 0.382 0.386 0.389 0.396 0.399 0.407 0.412 0.412 0.409 0.414 -9999 -9999 0.422 0.426 0.431 0.435 0.439 0.443 0.447 0.452 0.456 0.456 0.457 0.47 0.483 0.475 0.464 0.486 0.511 0.511 0.509 0.516 0.523 0.531 0.539 0.545 0.548 0.557 0.565 0.572 0.578 0.59 0.6 0.605 0.607 0.609 0.609 0.63 0.653 0.644 0.628 0.637 0.645 0.655 0.666 0.661
-9999 -9999 -9999 -9999 -9999 -9999 -9999 -9999 -9999 -9999 -9999 -9999 -9999 -9999 -9999 -9999 -9999 -9999 0.37 0.379 0.398 0.404 0.405 0.412 0.414 0.424 0.428 0.428 0.42 0.429 0.437 0.437 0.419 0.426 0.434 0.434 0.424 0.432 0.451 0.454 0.454 0.456 0.463 0.469 0.459 0.459 0.475 0.493 0.505 0.507 0.509 0.503 0.501 0.52 0.534 0.549 0.559 0.558 0.562 0.56 0.56 0.571 0.579 0.593 0.6 0.619 0.63 0.621 0.626 0.638 0.635 0.633 0.634 0.649 0.663 0.685
-9999 -9999 -9999 -9999 -9999 -9999 -9999 -9999 -9999 -9999 -9999 -9999 -9999 -9999 -9999 -9999 -9999 -9999 0.375 0.387 0.401 0.405 0.408 0.414 0.419 0.426 0.433 0.43 0.424 0.434 0.445 0.433 0.417 0.425 0.433 0.426 0.415 0.431 0.449 0.451 0.45 0.456 0.463 0.456 0.445 0.46 0.475 0.486 0.498 0.502 0.504 0.499 0.489 0.507 0.526 0.541 0.556 0.557 0.554 0.553 0.548 0.558 0.565 0.578 0.59 0.61 0.631 0.623 0.609 0.621 0.631 0.63 0.625 0.64 0.656 0.678
-9999 -9999 -9999 -9999 -9999 -9999 -9999 -9999 -9999 -9999 -9999 -9999 -9999 -9999 -9999 -9999 -9999 -9999 0.369 0.382 0.388 0.396 0.411 0.415 0.413 0.421 0.43 0.43 0.431 0.441 0.45 0.438 0.421 0.425 0.419 0.417 0.421 0.432 0.433 0.438 0.453 0.457 0.457 0.449 0.436 0.448 0.458 0.469 0.48 0.488 0.503 0.508 0.505 0.51 0.522 0.53 0.542 0.545 0.545 0.551 0.552 0.571 0.585 0.578 0.579 0.597 0.617 0.624 0.62 0.625 0.632 0.64 0.641 0.635 0.639 0.663
-9999 -9999 -9999 -9999 -9999 -9999 -9999 -9999 -9999 -9999 -9999 -9999 -9999 -9999 0.364 0.366 -9999 0.369 0.367 0.371 0.379 0.393 0.408 0.409 0.408 0.418 0.427 0.43 0.432 0.44 0.449 0.436 0.42 0.417 0.411 0.416 0.421 0.423 0.424 0.437 0.451 0.452 0.451 0.441 0.429 0.438 0.448 0.458 0.468 0.483 0.498 0.502 0.505 0.511 0.515 0.523 0.53 0.533 0.535 0.542 0.548 0.566 0.585 0.579 0.569 0.587 0.606 0.612 0.617 0.623 0.627 0.635 0.64 0.637 0.628 0.651
-9999 -9999 -9999 -9999 -9999 -9999 -9999 -9999 -9999 -9999 -9999 -9999 -9999 -9999 0.377 0.379 0.371 0.377 0.388 0.388 0.369 0.381 0.393 0.395 0.397 0.412 0.439 0.441 0.434 0.437 0.43 0.423 0.422 0.419 0.413 0.42 0.431 0.439 0.455 0.459 0.439 0.439 0.437 0.433 0.44 0.451 0.459 0.466 0.466 0.477 0.483 0.505 0.518 0.525 0.53 0.527 0.529 0.526 0.524 0.524 0.525 0.542 0.558 0.565 0.562 0.582 0.603 0.603 0.604 0.621 0.63 0.643 0.653 0.659 0.657 0.642
-9999 -9999 -9999 -9999 -9999 -9999 -9999 -9999 -9999 -9999 -9999 -9999 -9999 0.371 0.381 0.377 0.371 0.383 0.397 0.382 0.364 0.372 0.383 0.387 0.389 0.413 0.44 0.437 0.43 0.426 0.419 0.42 0.42 0.417 0.411 0.421 0.433 0.448 0.464 0.45 0.431 0.43 0.428 0.434 0.441 0.45 0.459 0.461 0.461 0.468 0.473 0.494 0.518 0.524 0.53 0.528 0.522 0.519 0.514 0.515 0.512 0.527 0.543 0.549 0.554 0.574 0.596 0.597 0.594 0.61 0.626 0.639 0.652 0.658 0.663 0.65
-9999 -9999 -9999 -9999 -9999 -9999 -9999 -9999 -9999 -9999 -9999 -9999 -9999 -9999 0.355 0.356 0.366 0.381 0.405 0.398 0.401 0.408 0.408 0.408 0.397 0.412 0.411 0.408 0.405 0.405 0.412 0.415 0.419 0.416 0.41 0.415 0.412 0.426 0.445 0.431 0.413 0.418 0.433 0.438 0.442 0.453 0.471 0.476 0.484 0.481 0.482 0.475 0.483 0.499 0.509 0.52 0.522 0.524 -9999 0.53 0.532 0.526 0.529 0.563 0.584 0.587 0.6 0.602 0.601 0.61 0.623 0.63 0.637 0.645 0.648 0.655
-9999 -9999 -9999 -9999 -9999 -9999 -9999 -9999 -9999 -9999 -9999 -9999 -9999 0.355 0.343 0.352 0.362 0.383 0.405 0.41 0.415 0.415 0.415 0.407 0.395 0.396 0.395 0.395 0.392 0.399 0.407 0.411 0.416 0.413 0.407 0.405 0.401 0.417 0.434 0.42 0.403 0.417 0.432 0.435 0.439 0.453 0.471 0.48 0.488 0.486 0.48 0.475 0.466 0.481 0.497 0.507 0.517 0.521 0.523 -9999 0.534 -9999 0.52 -9999 0.59 -9999 0.596 0.599 0.598 0.608 0.616 0.624 0.625 -9999 -9999 -9999
-9999 -9999 -9999 -9999 -9999 -9999 -9999 -9999 -9999 -9999 -9999 -9999 -9999 0.357 0.378 0.381 0.367 0.384 0.398 0.402 0.404 0.406 0.412 0.408 0.411 0.403 0.373 0.389 0.435 0.434 0.408 0.407 0.393 0.391 0.393 0.392 0.393 0.41 0.436 0.421 0.398 0.409 0.416 0.426 0.45 0.459 0.46 0.469 0.477 0.479 0.485 0.489 0.487 0.492 0.503 0.517 0.527 0.524 0.523 -9999 -9999 0.528 0.519 -9999 -9999 0.561 0.559 0.573 -9999 -9999 -9999 -9999 -9999 -9999 -9999 -9999
-9999 -9999 -9999 -9999 -9999 -9999 -9999 -9999 -9999 -9999 -9999 -9999 0.381 0.39 0.389 0.379 0.366 0.378 0.391 0.394 0.396 0.402 0.408 0.412 0.416 0.392 0.362 0.402 0.448 0.43 0.406 0.395 0.381 0.383 0.385 0.387 0.387 0.409 0.434 0.416 0.393 0.4 0.407 0.428 0.451 0.451 0.451 0.459 0.467 0.474 0.481 0.486 0.49 0.496 0.5 0.515 -9999 -9999 -9999 0.529 -9999 -9999 -9999 -9999 -9999 -9999 0.546 -9999 -9999 -9999 -9999 -9999 -9999 -9999 -9999 -9999
