Validation/Results/raw data/ReClimate_04_2024_2_Temperature-Actuals 2.asc
NCOLS 192
NROWS 249
XLLCENTER -225160.85627316462
YLLCENTER 29788.11610251502
CELLSIZE 5000.0
NODATA_VALUE -9999
[rows 204 to 237 of 249, columns 75 to 149 of 192]
-9999 -9999 -9999 -9999 14.112 -9999 14.235 14.308 14.345 14.083 13.992 13.884 14.066 14.191 14.134 14.151 13.899 14.471 14.396 14.555 14.727 14.875 14.743 14.828 14.389 13.924 12.661 12.034 13.611 13.429 13.532 13.02 13.641 14.665 13.95 12.572 14.212 14.533 14.405 14.424 15.141 15.757 15.655 15.341 15.46 15.869 16.048 16.14 16.143 16.094 15.283 14.733 14.642 14.983 15.21 15.375 15.257 14.906 14.998 15.19 15.372 15.442 15.446 15.373 15.21 15.245 15.365 15.366 15.455 15.491 15.42 15.496 15.464 15.503 15.667
-9999 -9999 -9999 -9999 -9999 -9999 -9999 -9999 14.177 14.508 14.394 14.3 14.438 14.476 14.469 14.369 14.746 14.694 14.777 14.876 14.78 14.802 14.472 14.491 13.925 13.166 12.27 12.556 12.467 12.842 12.124 12.344 14.097 14.067 13.848 14.836 14.15 14.421 14.917 15.169 15.581 15.378 15.146 14.778 15.303 15.912 16.103 16.237 16.351 15.69 14.852 14.672 14.695 15.111 15.169 15.335 15.216 15.294 15.343 15.556 15.717 15.751 15.634 15.482 15.402 15.436 15.58 15.648 15.553 15.407 15.251 15.309 15.513 15.497 15.653
-9999 -9999 -9999 -9999 -9999 -9999 -9999 -9999 14.433 14.553 14.567 14.627 14.268 14.08 13.963 14.363 14.66 14.764 14.985 14.676 14.475 14.663 14.809 14.918 14.393 14.209 14.019 13.717 13.387 13.165 12.568 13.019 12.832 13.562 14.2 13.793 13.512 15.069 15.287 15.446 15.089 15.13 14.606 14.916 15.363 15.96 16.084 15.961 15.153 14.708 14.766 14.95 14.86 15.031 15.187 15.288 15.463 15.356 15.655 15.875 16.057 16.049 15.778 15.528 15.405 15.508 15.721 15.745 15.585 15.177 15.222 15.281 15.319 15.528 15.661
-9999 -9999 -9999 -9999 -9999 -9999 14.399 14.438 14.475 14.647 -9999 14.695 14.551 14.344 14.525 14.577 14.746 -9999 14.883 14.69 14.864 14.513 15.147 14.356 14.486 14.344 14.097 14.006 14.325 13.909 13.583 13.52 13.563 13.846 14.175 13.127 14.176 15.248 15.183 15.477 15.327 14.806 14.917 15.219 15.677 15.904 15.816 15.156 15.097 14.776 14.873 14.844 15.088 15.207 15.279 15.455 15.655 15.709 15.818 15.849 16.141 16.098 15.918 15.691 15.629 15.625 15.694 15.602 15.312 15.19 15.137 15.395 15.441 15.542 15.698
-9999 -9999 -9999 -9999 -9999 -9999 14.427 -9999 -9999 -9999 14.87 14.776 14.623 -9999 -9999 -9999 -9999 -9999 14.846 14.888 14.685 15.541 15.273 15.1 14.98 14.711 14.796 14.711 12.995 13.123 14.27 14.378 14.356 14.233 13.707 13.788 15.023 15.126 15.508 15.511 14.839 15.004 15.157 15.712 15.813 15.859 15.486 15.165 15.212 14.917 15.056 15.2 15.253 15.394 15.565 15.662 15.799 15.831 15.891 15.893 15.984 16.11 15.783 15.708 15.633 15.618 15.449 15.398 15.299 15.147 15.27 15.571 15.663 15.761 15.765
-9999 -9999 -9999 -9999 -9999 -9999 -9999 -9999 14.48 14.559 14.523 14.715 14.478 -9999 -9999 -9999 -9999 -9999 -9999 -9999 -9999 15.92 15.787 15.692 15.732 15.291 14.855 13.091 12.561 12.882 13.501 14.127 14.353 14.409 14.505 14.501 14.861 15.554 15.645 14.749 14.913 15.02 15.909 15.909 15.828 15.769 15.159 15.186 15.069 15.085 15.245 15.418 15.494 15.575 15.63 15.716 15.674 15.751 15.883 16.058 16.06 16.026 15.775 15.61 15.37 15.273 15.485 15.305 15.277 15.359 15.496 15.71 16.018 16.058 15.992
-9999 -9999 -9999 -9999 -9999 -9999 -9999 -9999 -9999 14.439 -9999 -9999 -9999 -9999 -9999 -9999 -9999 -9999 -9999 14.838 15.334 15.495 15.437 15.82 15.862 15.56 14.749 13.814 12.928 13.044 13.848 14.902 14.767 14.399 14.665 15.001 15.771 16.101 15.799 15.387 15.383 15.785 -9999 15.908 15.806 15.531 14.84 14.842 15.091 15.24 15.437 15.508 15.616 15.596 15.616 15.592 15.697 15.726 15.865 15.985 16.017 15.796 15.622 15.396 15.076 15.085 15.236 15.652 15.563 15.567 15.778 15.877 16.034 16.164 16.158
-9999 -9999 -9999 -9999 -9999 -9999 -9999 -9999 -9999 -9999 -9999 -9999 -9999 -9999 -9999 -9999 -9999 -9999 -9999 14.749 15.066 15.358 15.321 -9999 -9999 -9999 15.435 14.356 14.543 14.419 14.999 15.051 14.564 14.834 15.622 15.909 16.009 16.21 16.008 15.981 15.957 -9999 15.971 15.705 15.768 15.215 14.79 15.113 15.269 15.454 15.488 15.468 15.59 15.647 15.631 15.62 15.457 15.443 15.551 15.575 15.697 15.716 15.427 15.044 15.097 15.162 15.457 15.804 15.945 15.81 16.006 16.272 16.377 16.48 16.517
-9999 -9999 -9999 -9999 -9999 -9999 -9999 -9999 -9999 -9999 -9999 -9999 -9999 -9999 -9999 -9999 -9999 -9999 -9999 -9999 -9999 -9999 -9999 -9999 -9999 -9999 15.991 15.489 14.917 15.117 15.471 15.524 15.446 15.815 16.072 16.076 16.019 15.985 16.001 -9999 -9999 16.201 16.002 15.922 15.785 15.23 15.018 15.222 15.35 15.558 15.716 15.524 15.571 15.625 15.375 15.199 15.129 14.971 14.842 15.065 15.169 15.346 15.415 15.251 15.229 15.519 15.525 15.802 16.133 16.11 16.196 16.367 16.619 16.757 16.811
-9999 -9999 -9999 -9999 -9999 -9999 -9999 -9999 -9999 -9999 -9999 -9999 -9999 -9999 -9999 -9999 -9999 -9999 -9999 -9999 -9999 -9999 -9999 -9999 -9999 -9999 15.668 15.48 15.321 15.39 15.461 15.633 15.939 16.106 16.117 16.115 -9999 -9999 -9999 -9999 -9999 16.274 16.074 16.087 15.839 15.305 15.082 15.226 15.274 15.579 15.789 15.581 15.257 15.297 15.009 14.885 14.906 14.951 14.868 14.82 15.063 15.118 15.533 15.78 15.703 15.968 15.952 15.999 16.2 16.306 16.533 16.793 16.777 16.739 16.896
-9999 -9999 -9999 -9999 -9999 -9999 -9999 -9999 -9999 -9999 -9999 -9999 -9999 -9999 -9999 -9999 -9999 -9999 -9999 -9999 -9999 -9999 -9999 -9999 -9999 -9999 -9999 -9999 15.366 15.116 15.379 15.661 15.697 15.88 16.037 -9999 -9999 -9999 -9999 15.729 15.657 15.665 16.169 16.17 15.869 15.175 15.091 15.09 15.183 15.481 15.633 15.301 14.886 14.733 14.856 14.806 14.977 14.998 15.212 15.209 15.206 15.43 15.58 15.973 16.244 16.193 16.136 16.078 16.091 16.093 16.401 16.786 16.898 16.847 16.812
-9999 -9999 -9999 -9999 -9999 -9999 -9999 -9999 -9999 -9999 -9999 -9999 -9999 -9999 -9999 -9999 -9999 -9999 -9999 -9999 -9999 -9999 -9999 -9999 -9999 -9999 -9999 -9999 -9999 15.416 15.492 15.495 15.495 15.783 -9999 -9999 -9999 -9999 15.912 15.848 15.552 15.57 15.778 15.98 15.875 15.539 15.582 15.226 15.261 15.377 15.187 15.08 14.943 14.644 14.791 14.979 15.174 15.3 15.404 15.526 15.484 15.474 15.662 15.92 15.995 16.051 15.878 15.927 16.007 15.998 16.127 16.512 16.737 16.799 16.858
-9999 -9999 -9999 -9999 -9999 -9999 -9999 -9999 -9999 -9999 -9999 -9999 -9999 -9999 -9999 -9999 -9999 -9999 -9999 -9999 -9999 -9999 -9999 -9999 -9999 -9999 -9999 -9999 -9999 -9999 -9999 -9999 -9999 -9999 -9999 -9999 -9999 16.006 16.184 16.111 15.683 15.474 15.833 15.851 15.603 15.723 15.619 15.678 15.853 15.532 15.244 15.132 15.119 15.07 14.905 15.014 15.145 14.998 15.206 15.317 15.41 15.442 15.478 15.724 15.85 15.737 15.691 15.649 15.883 16.031 16.105 16.245 16.438 16.464 16.536
-9999 -9999 -9999 -9999 -9999 -9999 -9999 -9999 -9999 -9999 -9999 -9999 -9999 -9999 -9999 -9999 -9999 -9999 -9999 -9999 -9999 -9999 -9999 -9999 -9999 -9999 -9999 -9999 -9999 -9999 -9999 -9999 -9999 -9999 -9999 -9999 16.314 16.259 15.965 15.517 14.503 15.186 15.745 15.602 15.555 15.577 15.725 16.157 16.046 15.715 15.377 15.266 15.474 15.269 15.029 14.753 14.895 15.002 14.668 14.961 15.18 15.4 15.567 15.713 15.821 15.797 15.792 15.892 15.838 15.928 16.071 16.131 16.133 16.071 15.817
-9999 -9999 -9999 -9999 -9999 -9999 -9999 -9999 -9999 -9999 -9999 -9999 -9999 -9999 -9999 -9999 -9999 -9999 -9999 -9999 -9999 -9999 -9999 -9999 -9999 -9999 -9999 -9999 -9999 -9999 -9999 -9999 -9999 -9999 -9999 -9999 16.249 16.079 15.974 15.252 14.856 14.73 15.071 15.36 15.496 15.41 15.897 16.018 15.817 15.199 14.869 14.929 15.28 15.416 15.219 15.113 14.906 14.989 15.064 14.999 15.187 15.334 15.545 15.776 15.892 15.907 15.867 15.931 15.941 15.863 15.932 15.897 15.56 15.502 15.421
-9999 -9999 -9999 -9999 -9999 -9999 -9999 -9999 -9999 -9999 -9999 -9999 -9999 -9999 -9999 -9999 -9999 -9999 -9999 -9999 -9999 -9999 -9999 13.149 12.968 12.76 13.092 -9999 14.004 -9999 -9999 -9999 -9999 -9999 -9999 -9999 -9999 16.067 15.962 15.708 15.425 15.224 15.021 15.078 15.192 15.524 15.645 15.628 15.144 14.809 15.011 15.08 15.275 15.317 15.278 15.388 15.474 15.468 15.35 15.402 15.31 15.227 15.156 15.422 15.722 15.757 15.705 15.779 15.738 15.699 15.823 15.72 15.369 15.257 15.535
-9999 -9999 -9999 -9999 -9999 -9999 -9999 -9999 -9999 -9999 -9999 -9999 -9999 -9999 -9999 -9999 -9999 -9999 -9999 -9999 14.28 14.05 13.588 12.953 12.398 12.341 12.647 12.954 13.808 14.958 15.58 -9999 -9999 14.984 15.547 15.843 16.07 16.093 16.037 16.069 15.915 15.704 15.408 15.091 15.202 15.412 15.378 14.893 15.053 15.216 15.077 15.307 15.489 15.564 15.458 15.47 15.582 15.592 15.687 15.614 15.464 15.289 15.283 15.18 15.285 15.557 15.662 15.773 15.924 15.684 15.758 15.262 15.122 15.24 15.533
-9999 -9999 -9999 -9999 -9999 -9999 -9999 -9999 -9999 -9999 -9999 -9999 -9999 -9999 -9999 -9999 -9999 -9999 -9999 14.215 14.235 14.598 14.256 13.447 12.629 12.416 12.671 13.119 13.708 14.327 14.893 15.011 14.915 15.03 15.188 15.855 16.051 16.14 15.996 15.833 16.0 15.801 15.263 15.176 15.264 15.193 14.656 15.043 14.924 15.024 15.205 15.41 15.636 15.636 15.424 15.51 15.547 15.603 15.562 15.646 15.537 15.376 15.17 15.031 15.295 15.581 15.8 15.541 15.656 15.836 15.707 15.72 15.28 15.413 15.539
-9999 -9999 -9999 -9999 -9999 -9999 -9999 -9999 -9999 -9999 -9999 -9999 -9999 -9999 -9999 -9999 -9999 -9999 -9999 14.166 14.922 15.416 14.939 13.925 13.517 13.223 12.992 13.433 13.889 14.554 14.362 14.202 14.712 15.127 15.429 15.406 15.935 16.138 15.961 15.967 15.738 15.525 15.527 15.424 15.334 15.034 15.05 15.024 14.859 15.106 15.208 15.405 15.551 15.545 15.36 15.297 15.652 15.692 15.645 15.767 15.793 15.658 15.451 15.108 15.064 15.662 15.99 15.906 15.562 15.678 15.808 15.812 15.806 15.722 15.438
-9999 -9999 -9999 -9999 -9999 -9999 -9999 -9999 -9999 -9999 -9999 -9999 -9999 -9999 -9999 -9999 -9999 -9999 -9999 14.522 15.447 15.274 15.051 14.534 14.563 14.194 14.235 14.209 14.416 14.613 14.189 14.383 15.163 15.556 15.764 16.04 16.205 16.171 16.039 15.772 15.546 15.636 15.566 15.43 15.311 15.371 15.284 15.209 15.155 15.183 15.054 15.18 15.487 15.728 15.668 15.655 15.743 15.678 15.728 15.971 15.763 15.599 15.592 15.176 14.785 15.37 16.021 16.064 15.882 15.777 15.762 15.787 15.737 15.643 15.502
-9999 -9999 -9999 -9999 -9999 -9999 -9999 -9999 -9999 -9999 -9999 -9999 -9999 -9999 -9999 14.432 14.161 -9999 14.238 15.019 14.924 14.793 14.872 15.055 14.93 14.831 14.479 14.285 14.462 14.742 14.769 15.025 15.415 15.851 16.098 16.114 15.986 15.911 15.972 15.815 15.746 15.673 15.544 15.241 15.503 15.481 15.314 15.04 14.911 14.998 14.875 15.021 15.362 15.727 15.787 15.807 15.832 15.975 15.86 15.896 15.861 15.458 15.578 15.408 15.272 15.331 15.88 16.071 15.905 15.745 15.687 15.703 15.796 15.849 15.783
-9999 -9999 -9999 -9999 -9999 -9999 -9999 -9999 -9999 -9999 -9999 -9999 -9999 -9999 -9999 14.364 14.156 14.229 14.425 14.696 14.675 14.852 14.53 14.53 14.708 14.305 14.332 14.388 14.555 14.892 14.845 14.99 15.295 15.052 14.972 15.327 15.547 15.769 15.876 15.754 15.613 15.473 15.381 15.293 15.52 15.355 15.391 15.238 14.991 14.913 15.092 15.185 15.479 15.624 15.714 15.786 16.094 16.171 16.225 16.221 16.063 15.764 15.619 15.417 15.121 15.195 15.099 15.552 15.833 15.809 15.831 15.784 15.815 15.95 15.985
-9999 -9999 -9999 -9999 -9999 -9999 -9999 -9999 -9999 -9999 -9999 -9999 -9999 -9999 14.392 14.185 14.328 14.318 14.373 14.58 14.71 14.634 14.493 14.679 14.725 14.468 14.483 14.505 14.838 15.079 15.361 15.454 15.031 14.403 14.643 14.821 14.985 15.509 15.613 15.672 15.664 15.505 15.427 15.381 15.429 15.482 15.565 15.412 15.08 15.343 15.406 15.518 15.59 15.673 15.673 15.669 16.083 16.528 16.687 16.465 16.392 16.129 15.992 15.789 15.488 15.387 15.256 15.202 15.427 15.176 15.639 15.42 15.425 15.882 16.065
-9999 -9999 -9999 -9999 -9999 -9999 -9999 -9999 -9999 -9999 -9999 -9999 -9999 -9999 -9999 14.474 14.418 14.433 14.607 14.728 14.844 14.847 14.84 14.844 14.816 14.705 14.68 15.023 15.246 15.489 15.411 15.484 14.828 14.527 14.635 14.473 14.873 15.265 15.292 15.454 15.53 15.431 15.268 15.347 15.375 15.38 15.344 15.194 15.572 15.492 15.599 15.677 15.717 15.697 15.668 15.789 15.997 16.407 16.624 -9999 16.299 16.263 16.054 16.063 16.013 15.966 15.894 15.769 15.796 15.596 15.492 15.606 15.349 15.492 15.699
-9999 -9999 -9999 -9999 -9999 -9999 -9999 -9999 -9999 -9999 -9999 -9999 -9999 -9999 14.406 14.672 14.492 14.476 14.539 14.567 14.79 14.93 14.887 14.804 14.648 14.776 15.09 15.322 15.394 15.436 15.507 15.291 15.117 15.149 14.997 14.725 15.268 15.416 14.89 15.14 15.136 14.587 14.797 14.774 14.787 14.985 15.06 15.307 15.572 15.789 15.807 15.868 15.798 15.752 15.693 15.756 15.905 16.036 16.268 16.394 -9999 16.307 -9999 16.361 -9999 16.158 -9999 16.038 16.005 15.886 15.679 15.618 15.657 15.833 -9999
-9999 -9999 -9999 -9999 -9999 -9999 -9999 -9999 -9999 -9999 -9999 -9999 -9999 -9999 14.592 14.485 14.312 14.405 14.388 14.387 14.37 14.649 14.503 14.44 14.552 14.891 15.233 15.403 15.555 15.609 15.546 15.45 15.271 15.171 14.88 15.153 15.531 14.798 14.873 15.419 15.032 14.813 14.771 14.655 14.924 15.263 15.307 15.54 15.715 15.722 15.948 15.952 15.805 15.711 15.627 15.585 15.748 15.873 16.078 16.242 -9999 -9999 16.498 16.481 -9999 -9999 15.956 15.918 15.887 -9999 -9999 -9999 -9999 -9999 -9999
-9999 -9999 -9999 -9999 -9999 -9999 -9999 -9999 -9999 -9999 -9999 -9999 -9999 14.146 14.354 14.375 14.37 14.619 14.627 14.422 14.489 14.321 13.809 13.782 14.249 14.619 14.885 15.123 15.491 15.598 15.434 15.385 15.142 14.671 14.631 14.988 14.866 14.798 15.51 15.451 15.095 14.78 14.647 15.163 15.548 15.482 15.59 15.642 15.782 16.029 16.169 15.853 15.896 15.74 15.688 15.546 15.6 -9999 -9999 -9999 16.253 -9999 -9999 -9999 -9999 -9999 -9999 15.688 -9999 -9999 -9999 -9999 -9999 -9999 -9999
-9999 -9999 -9999 -9999 -9999 -9999 -9999 -9999 -9999 -9999 -9999 -9999 14.224 13.781 13.93 14.281 14.851 15.017 14.931 14.81 14.576 13.709 12.776 13.071 14.173 14.397 14.388 15.169 15.162 15.521 15.497 15.154 15.209 15.233 15.287 -9999 -9999 -9999 -9999 -9999 15.396 15.006 14.902 15.232 15.509 15.599 15.534 15.669 15.832 16.093 -9999 15.729 -9999 -9999 -9999 -9999 -9999 15.458 15.614 15.788 15.816 15.857 16.079 -9999 -9999 -9999 -9999 -9999 -9999 -9999 -9999 -9999 -9999 -9999 -9999
-9999 -9999 -9999 -9999 -9999 -9999 -9999 -9999 -9999 -9999 -9999 14.821 13.898 13.483 13.721 14.269 14.676 14.995 15.169 14.74 14.184 13.08 12.474 12.895 13.559 13.981 14.823 14.756 15.386 15.421 15.29 15.45 -9999 -9999 -9999 -9999 -9999 -9999 -9999 -9999 -9999 -9999 15.441 15.58 15.767 15.413 15.11 15.083 15.491 15.298 15.539 -9999 -9999 -9999 -9999 -9999 -9999 -9999 15.505 15.415 15.665 15.596 -9999 -9999 -9999 -9999 -9999 -9999 -9999 -9999 -9999 -9999 -9999 -9999 -9999
-9999 -9999 -9999 -9999 -9999 -9999 -9999 -9999 -9999 15.032 15.086 14.627 13.999 13.57 13.409 13.615 14.343 15.07 14.908 14.537 14.004 13.304 12.752 13.256 13.719 14.309 14.547 15.634 15.154 15.017 -9999 -9999 -9999 -9999 -9999 -9999 -9999 -9999 -9999 -9999 -9999 -9999 -9999 15.695 -9999 -9999 -9999 -9999 -9999 15.43 15.115 -9999 -9999 -9999 -9999 -9999 -9999 -9999 -9999 -9999 15.138 15.053 -9999 -9999 -9999 -9999 -9999 -9999 -9999 -9999 -9999 -9999 -9999 -9999 -9999
-9999 -9999 -9999 -9999 -9999 -9999 -9999 -9999 14.997 -9999 14.919 14.759 14.125 13.586 13.401 13.562 14.277 14.627 14.577 14.982 14.739 13.821 13.42 13.646 14.348 14.645 15.102 15.48 15.545 15.729 -9999 -9999 -9999 -9999 -9999 -9999 -9999 -9999 -9999 -9999 -9999 -9999 -9999 -9999 15.642 -9999 -9999 -9999 -9999 -9999 -9999 -9999 -9999 -9999 -9999 -9999 -9999 -9999 -9999 -9999 -9999 -9999 -9999 -9999 -9999 -9999 -9999 -9999 -9999 -9999 -9999 -9999 -9999 -9999 -9999
-9999 -9999 -9999 -9999 -9999 -9999 -9999 15.002 15.015 14.574 14.911 14.845 14.29 14.121 13.985 14.09 14.488 14.488 14.765 -9999 14.956 14.244 13.653 13.222 13.819 14.874 15.164 15.629 15.792 -9999 -9999 -9999 -9999 -9999 -9999 -9999 -9999 -9999 -9999 -9999 -9999 -9999 -9999 -9999 -9999 -9999 -9999 -9999 -9999 -9999 -9999 -9999 -9999 -9999 -9999 -9999 -9999 -9999 -9999 -9999 -9999 -9999 -9999 -9999 -9999 -9999 -9999 -9999 -9999 -9999 -9999 -9999 -9999 -9999 -9999
-9999 -9999 -9999 -9999 -9999 -9999 -9999 15.02 14.784 14.666 14.608 14.588 14.473 14.474 14.329 14.607 14.813 14.879 15.442 15.414 15.253 14.726 13.687 13.387 14.236 14.656 15.243 15.496 15.432 -9999 -9999 -9999 -9999 -9999 -9999 -9999 -9999 -9999 -9999 -9999 -9999 -9999 -9999 -9999 -9999 -9999 -9999 -9999 -9999 -9999 -9999 -9999 -9999 -9999 -9999 -9999 -9999 -9999 -9999 -9999 -9999 -9999 -9999 -9999 -9999 -9999 -9999 -9999 -9999 -9999 -9999 -9999 -9999 -9999 -9999
-9999 -9999 -9999 -9999 -9999 -9999 14.941 15.003 14.688 14.327 14.276 14.432 14.547 14.674 14.667 14.744 14.494 14.975 15.354 15.41 15.206 14.994 14.512 14.386 14.646 15.032 15.201 15.249 -9999 -9999 -9999 -9999 -9999 -9999 -9999 -9999 -9999 -9999 -9999 -9999 -9999 -9999 -9999 -9999 -9999 -9999 -9999 -9999 -9999 -9999 -9999 -9999 -9999 -9999 -9999 -9999 -9999 -9999 -9999 -9999 -9999 -9999 -9999 -9999 -9999 -9999 -9999 -9999 -9999 -9999 -9999 -9999 -9999 -9999 -9999
