Validation/Results/raw data/ReClimate_10_2023_2_Precipitation-Actuals.asc
NCOLS 192
NROWS 249
XLLCENTER -225160.85627316462
YLLCENTER 29788.11610251502
CELLSIZE 5000.0
NODATA_VALUE -9999
[rows 99 to 131 of 249, columns 74 to 147 of 192]
281.214 282.618 297.9 303.239 317.529 338.008 345.949 357.265 -9999 -9999 259.134 376.296 418.417 457.837 437.646 454.047 431.439 378.86 365.051 327.155 304.605 297.152 281.253 245.042 227.606 218.592 194.236 188.939 176.745 162.137 144.34 135.857 129.667 125.381 114.813 106.723 92.958 81.418 83.835 94.38 88.777 80.086 79.386 81.026 74.315 -9999 -9999 -9999 -9999 -9999 -9999 -9999 -9999 -9999 -9999 -9999 -9999 -9999 -9999 -9999 -9999 -9999 -9999 -9999 -9999 -9999 -9999 -9999 -9999 -9999 -9999 -9999 -9999 -9999
252.771 300.525 289.529 -9999 -9999 313.364 325.695 -9999 -9999 -9999 240.463 349.352 471.008 465.687 499.762 439.203 385.316 377.979 405.059 399.539 337.645 326.216 277.758 270.763 274.316 239.246 197.892 210.844 213.041 180.144 151.563 147.267 137.069 117.912 94.44 87.784 80.22 86.05 105.7 102.999 98.968 95.558 91.694 79.754 69.707 -9999 -9999 -9999 -9999 -9999 -9999 -9999 -9999 -9999 -9999 -9999 -9999 -9999 -9999 -9999 -9999 -9999 -9999 -9999 -9999 -9999 -9999 -9999 -9999 -9999 -9999 -9999 -9999 -9999
251.624 -9999 290.728 302.816 342.03 -9999 -9999 -9999 -9999 301.701 297.477 383.587 426.325 438.972 448.967 416.99 409.203 425.025 479.752 437.665 403.901 322.319 301.635 309.607 258.834 210.395 229.847 255.689 230.392 170.192 170.691 154.641 135.471 108.024 93.616 86.74 91.727 110.476 98.574 96.205 93.801 93.416 84.944 73.216 -9999 -9999 -9999 -9999 -9999 -9999 -9999 -9999 -9999 -9999 -9999 -9999 -9999 -9999 -9999 -9999 -9999 -9999 -9999 -9999 -9999 -9999 -9999 -9999 -9999 -9999 -9999 -9999 -9999 -9999
262.963 336.694 395.79 443.619 467.008 380.793 313.36 -9999 -9999 291.377 -9999 -9999 328.306 442.434 437.402 396.989 424.887 488.167 480.415 500.972 461.191 374.834 308.254 245.877 270.154 268.891 281.471 262.918 231.636 227.865 198.561 152.645 122.594 105.403 96.215 97.014 110.391 92.511 88.555 87.37 84.315 81.296 77.81 -9999 -9999 -9999 -9999 -9999 -9999 -9999 -9999 -9999 -9999 -9999 -9999 -9999 -9999 -9999 -9999 -9999 -9999 -9999 -9999 -9999 -9999 -9999 -9999 -9999 -9999 -9999 -9999 -9999 -9999 -9999
294.419 333.52 394.819 470.471 436.783 -9999 -9999 -9999 280.04 310.638 308.829 327.161 356.797 380.111 354.487 369.283 433.216 459.604 454.804 426.142 383.967 346.052 304.03 308.509 258.55 269.338 240.031 238.751 229.412 191.162 172.447 139.487 118.891 107.869 94.844 97.66 87.768 81.208 -9999 -9999 81.905 -9999 -9999 -9999 -9999 -9999 -9999 -9999 -9999 -9999 -9999 -9999 -9999 -9999 -9999 -9999 -9999 -9999 -9999 -9999 -9999 -9999 -9999 -9999 -9999 -9999 -9999 -9999 -9999 -9999 -9999 -9999 -9999 -9999
281.475 320.027 386.212 -9999 397.682 -9999 -9999 -9999 288.452 325.736 347.336 345.317 338.141 354.003 370.888 416.07 464.966 444.063 424.441 403.851 404.721 364.469 341.306 263.237 266.956 258.421 227.245 197.425 156.819 153.277 128.359 110.249 111.343 100.636 91.664 91.073 85.195 -9999 89.513 81.063 79.842 81.452 -9999 -9999 -9999 -9999 -9999 -9999 -9999 -9999 -9999 -9999 -9999 -9999 -9999 -9999 -9999 -9999 -9999 -9999 -9999 -9999 -9999 -9999 -9999 -9999 -9999 -9999 -9999 -9999 -9999 -9999 -9999 -9999
-9999 280.194 -9999 -9999 -9999 -9999 316.328 307.869 321.422 341.418 363.96 364.758 378.786 405.044 402.512 430.158 440.227 474.965 424.22 419.046 376.308 386.605 317.303 317.77 330.869 267.645 225.823 201.825 176.338 141.191 121.195 102.674 98.357 102.736 103.388 -9999 89.003 89.344 79.772 79.003 76.18 85.656 -9999 -9999 -9999 -9999 -9999 -9999 -9999 -9999 -9999 -9999 -9999 -9999 -9999 -9999 -9999 -9999 -9999 -9999 -9999 -9999 -9999 -9999 -9999 -9999 -9999 -9999 -9999 -9999 -9999 -9999 -9999 -9999
-9999 -9999 -9999 -9999 -9999 -9999 307.56 283.283 295.844 340.805 373.11 363.444 388.283 355.908 364.6 412.867 484.298 467.568 415.762 402.82 392.318 331.355 317.935 353.534 291.373 293.263 279.98 216.889 185.247 160.759 137.853 130.145 130.017 130.123 133.71 118.453 96.369 87.602 90.631 96.635 90.085 91.852 88.975 -9999 -9999 -9999 -9999 -9999 -9999 -9999 -9999 -9999 -9999 -9999 -9999 -9999 -9999 -9999 -9999 -9999 -9999 -9999 -9999 -9999 -9999 -9999 -9999 -9999 -9999 -9999 -9999 -9999 -9999 -9999
-9999 -9999 -9999 -9999 -9999 299.036 -9999 -9999 288.822 339.993 350.794 375.83 362.445 -9999 -9999 450.991 508.902 524.968 409.127 370.77 343.568 309.629 310.603 275.709 256.7 245.426 197.201 182.748 185.407 182.45 196.2 197.283 172.018 161.883 145.068 125.322 115.92 102.211 110.276 95.293 103.167 98.963 87.524 78.066 -9999 -9999 -9999 -9999 -9999 -9999 -9999 -9999 -9999 -9999 -9999 -9999 -9999 -9999 -9999 -9999 -9999 -9999 -9999 -9999 -9999 -9999 -9999 -9999 -9999 -9999 -9999 -9999 -9999 -9999
-9999 -9999 -9999 -9999 -9999 278.889 -9999 257.356 275.587 307.31 351.632 367.476 343.391 339.369 403.105 453.703 465.397 379.417 372.797 392.022 317.306 293.744 274.127 246.482 210.484 184.848 159.332 171.337 199.151 241.302 245.007 208.151 181.026 152.26 133.695 124.772 112.389 109.999 97.695 90.926 85.136 82.259 74.055 -9999 -9999 -9999 -9999 -9999 -9999 -9999 -9999 -9999 -9999 -9999 -9999 -9999 -9999 -9999 -9999 -9999 -9999 -9999 -9999 -9999 -9999 -9999 -9999 -9999 -9999 -9999 -9999 -9999 -9999 -9999
-9999 -9999 -9999 -9999 -9999 258.744 -9999 227.239 226.646 278.316 307.625 313.397 -9999 359.848 378.884 -9999 390.645 372.471 368.666 317.866 324.977 271.092 237.968 193.971 169.277 157.48 161.712 158.173 182.028 171.628 158.21 165.123 163.843 149.207 126.959 116.458 108.025 97.244 88.328 -9999 -9999 -9999 -9999 -9999 -9999 -9999 -9999 -9999 -9999 -9999 -9999 -9999 -9999 -9999 -9999 -9999 -9999 -9999 -9999 -9999 -9999 -9999 -9999 -9999 -9999 -9999 -9999 -9999 -9999 -9999 -9999 -9999 -9999 -9999
-9999 -9999 -9999 234.672 243.626 -9999 -9999 201.268 243.603 272.195 268.82 294.681 365.897 350.715 396.791 -9999 327.143 333.699 310.729 291.549 268.346 254.04 210.414 194.727 183.642 193.733 187.434 154.902 143.621 131.292 132.19 140.888 142.88 140.815 127.384 122.841 111.269 93.982 -9999 -9999 -9999 -9999 -9999 -9999 -9999 -9999 -9999 -9999 -9999 -9999 -9999 -9999 -9999 -9999 -9999 -9999 -9999 -9999 -9999 -9999 -9999 -9999 -9999 -9999 -9999 -9999 -9999 -9999 -9999 -9999 -9999 -9999 -9999 -9999
-9999 -9999 216.084 218.652 230.233 -9999 219.253 242.423 270.974 263.409 -9999 336.107 343.725 381.428 408.845 -9999 298.497 305.907 268.201 227.189 222.429 204.006 202.194 212.02 224.204 228.666 197.589 177.545 154.617 -9999 115.473 119.771 124.771 126.725 122.616 122.78 106.394 -9999 -9999 -9999 -9999 -9999 -9999 -9999 -9999 -9999 -9999 -9999 -9999 -9999 -9999 -9999 -9999 -9999 -9999 -9999 -9999 -9999 -9999 -9999 -9999 -9999 -9999 -9999 -9999 -9999 -9999 -9999 -9999 -9999 -9999 -9999 -9999 -9999
-9999 -9999 200.063 194.668 -9999 -9999 240.479 272.307 270.632 -9999 289.173 322.64 344.392 375.49 371.467 -9999 269.728 236.956 221.672 212.348 212.847 212.347 218.402 270.211 271.939 262.318 240.834 191.018 151.408 121.069 109.588 -9999 -9999 105.361 103.821 -9999 -9999 -9999 -9999 -9999 -9999 67.791 66.811 65.002 -9999 -9999 -9999 -9999 -9999 -9999 -9999 -9999 -9999 -9999 -9999 -9999 -9999 -9999 -9999 -9999 -9999 -9999 -9999 -9999 -9999 -9999 -9999 -9999 -9999 -9999 -9999 -9999 -9999 -9999
-9999 226.764 241.032 -9999 -9999 226.706 247.221 242.728 275.059 -9999 278.133 308.176 310.04 321.031 345.985 -9999 -9999 -9999 228.968 218.086 215.007 217.299 231.141 234.629 222.056 219.342 196.395 172.795 151.288 135.816 119.605 105.932 107.465 103.825 91.22 -9999 -9999 -9999 -9999 -9999 72.297 68.472 73.94 68.51 68.239 -9999 -9999 -9999 -9999 -9999 -9999 -9999 -9999 -9999 -9999 -9999 -9999 -9999 -9999 -9999 -9999 -9999 -9999 -9999 -9999 -9999 -9999 -9999 -9999 -9999 -9999 -9999 -9999 -9999
246.573 289.261 250.074 -9999 -9999 -9999 202.647 251.295 256.43 -9999 247.236 -9999 260.891 292.969 276.961 -9999 238.779 253.042 248.145 -9999 194.131 181.746 190.765 184.949 180.596 179.077 176.102 162.8 153.365 145.739 128.082 125.626 117.238 101.494 90.126 82.177 82.827 79.824 -9999 73.582 72.974 76.921 80.672 88.465 90.628 95.96 67.858 -9999 -9999 -9999 -9999 -9999 -9999 -9999 -9999 -9999 -9999 -9999 -9999 -9999 -9999 -9999 -9999 -9999 -9999 -9999 -9999 -9999 -9999 -9999 -9999 -9999 -9999 -9999
251.075 254.304 -9999 -9999 -9999 -9999 224.243 261.916 234.978 -9999 212.971 -9999 227.674 227.274 -9999 252.321 272.993 303.402 283.075 216.522 181.377 165.269 162.262 156.937 156.283 151.464 147.786 147.788 146.552 140.545 127.29 126.615 116.116 108.948 102.443 97.722 101.496 89.245 86.098 81.709 80.024 82.099 87.249 107.743 109.308 114.054 99.351 83.431 76.88 83.801 -9999 -9999 -9999 -9999 -9999 -9999 -9999 -9999 -9999 -9999 -9999 -9999 -9999 -9999 -9999 -9999 -9999 -9999 -9999 -9999 -9999 -9999 -9999 -9999
-9999 216.972 -9999 -9999 -9999 -9999 215.172 223.656 237.938 234.812 -9999 -9999 184.633 195.736 -9999 230.866 276.736 335.896 282.279 234.024 192.283 173.284 157.161 146.161 139.126 130.606 136.09 140.127 148.526 148.264 142.731 127.163 138.974 131.782 124.795 132.1 112.091 91.571 82.785 89.729 88.42 102.65 133.047 141.052 130.238 123.306 109.23 113.386 92.907 83.997 80.075 -9999 -9999 -9999 -9999 -9999 -9999 -9999 -9999 -9999 -9999 -9999 -9999 -9999 -9999 -9999 -9999 -9999 -9999 -9999 -9999 -9999 -9999 -9999
222.417 -9999 -9999 -9999 -9999 -9999 182.617 203.326 233.251 213.717 -9999 -9999 185.265 182.706 -9999 -9999 269.122 273.938 253.971 226.061 219.02 198.519 175.483 160.609 152.566 135.934 133.02 147.44 151.635 160.228 157.998 168.644 156.51 152.753 155.794 136.725 115.198 109.744 105.849 102.866 118.716 141.522 151.509 153.45 139.731 121.727 111.828 98.78 89.286 86.886 80.056 -9999 -9999 -9999 -9999 -9999 -9999 -9999 -9999 -9999 -9999 -9999 -9999 -9999 -9999 -9999 -9999 -9999 -9999 -9999 -9999 -9999 -9999 -9999
206.794 -9999 -9999 -9999 -9999 -9999 170.576 200.976 226.469 -9999 -9999 -9999 -9999 176.107 -9999 183.775 225.666 239.46 222.621 219.344 221.68 212.764 200.067 195.14 180.565 159.36 149.45 139.633 144.389 152.358 167.259 165.924 160.731 156.994 143.928 134.057 126.974 125.478 142.285 138.035 133.732 136.905 131.595 125.668 124.983 119.375 104.637 85.787 83.152 82.557 81.701 75.755 -9999 -9999 -9999 -9999 -9999 -9999 -9999 -9999 -9999 -9999 -9999 -9999 -9999 -9999 -9999 -9999 -9999 -9999 -9999 -9999 -9999 -9999
191.666 -9999 -9999 -9999 194.619 188.863 192.273 212.949 -9999 -9999 262.167 -9999 -9999 -9999 -9999 170.38 198.177 203.893 198.557 199.416 201.629 219.182 225.755 221.97 210.014 184.686 165.524 145.934 140.318 145.179 145.661 138.012 144.128 130.752 142.792 156.129 145.429 169.833 181.022 166.446 152.388 134.311 106.952 116.16 112.293 114.633 101.814 87.006 81.318 81.545 77.661 74.098 -9999 -9999 -9999 -9999 -9999 -9999 -9999 -9999 -9999 -9999 -9999 -9999 -9999 -9999 -9999 -9999 -9999 -9999 -9999 -9999 -9999 -9999
-9999 -9999 -9999 -9999 -9999 202.741 210.75 237.471 -9999 245.893 282.876 304.598 -9999 -9999 -9999 -9999 159.443 164.127 168.361 174.984 186.038 197.828 210.67 214.693 211.127 187.985 163.84 148.528 148.153 131.445 127.337 131.998 143.613 143.486 164.132 150.553 168.25 168.68 172.742 173.962 160.872 129.429 119.608 110.83 100.119 97.011 96.079 84.951 79.976 81.192 81.397 79.449 77.079 -9999 -9999 -9999 -9999 -9999 -9999 -9999 -9999 -9999 -9999 -9999 -9999 -9999 -9999 -9999 -9999 -9999 -9999 -9999 -9999 -9999
-9999 -9999 -9999 -9999 -9999 213.873 234.825 259.343 -9999 208.848 275.426 312.114 -9999 -9999 -9999 -9999 -9999 145.925 148.392 154.514 160.888 179.698 188.326 202.361 203.869 212.696 199.77 181.914 151.123 141.107 132.691 137.329 135.743 140.963 159.149 161.863 162.644 166.946 162.873 142.92 129.994 117.635 115.492 101.061 95.509 95.249 85.336 80.557 76.021 78.859 85.821 91.186 81.888 78.615 -9999 -9999 -9999 -9999 -9999 -9999 -9999 -9999 -9999 -9999 -9999 -9999 -9999 -9999 -9999 -9999 -9999 -9999 -9999 -9999
-9999 -9999 -9999 -9999 -9999 216.591 251.501 -9999 -9999 185.841 247.74 287.993 235.025 -9999 -9999 -9999 -9999 -9999 144.134 150.11 165.227 171.503 198.195 211.208 224.732 232.997 219.997 199.449 174.232 168.958 153.142 152.696 159.809 184.643 184.646 219.744 191.193 197.493 166.771 175.555 147.043 120.267 116.405 101.847 90.371 87.384 90.915 93.416 95.723 84.6 90.83 90.205 95.429 83.516 80.167 73.01 -9999 -9999 -9999 -9999 -9999 -9999 -9999 -9999 -9999 -9999 -9999 -9999 -9999 -9999 -9999 -9999 -9999 -9999
-9999 -9999 -9999 -9999 -9999 229.654 206.252 -9999 -9999 197.116 236.589 242.259 -9999 -9999 -9999 -9999 -9999 -9999 134.957 144.32 150.483 163.151 180.051 189.134 207.274 218.04 219.97 218.148 196.154 181.775 186.598 202.945 231.988 216.788 242.513 252.564 237.732 191.169 196.996 185.01 131.984 129.185 115.687 100.207 99.087 99.758 94.223 98.089 101.326 117.213 115.867 100.659 96.704 93.028 84.815 78.693 -9999 -9999 -9999 -9999 -9999 -9999 -9999 -9999 -9999 -9999 -9999 -9999 -9999 -9999 -9999 -9999 -9999 -9999
-9999 -9999 -9999 -9999 -9999 208.145 171.43 -9999 -9999 -9999 191.458 194.464 181.514 -9999 -9999 -9999 -9999 -9999 129.237 141.023 146.299 156.127 165.373 181.504 212.369 239.576 253.587 226.893 214.15 204.207 202.073 212.506 228.998 240.167 282.561 263.805 229.12 220.893 203.173 159.384 152.893 129.592 122.815 112.516 99.99 104.97 111.687 117.158 130.464 158.391 146.611 125.004 107.143 97.481 93.353 85.904 -9999 -9999 -9999 -9999 -9999 -9999 -9999 -9999 -9999 -9999 -9999 -9999 -9999 -9999 -9999 -9999 -9999 -9999
-9999 -9999 -9999 -9999 221.717 203.723 182.737 -9999 -9999 -9999 -9999 -9999 -9999 -9999 -9999 -9999 -9999 -9999 151.792 163.15 163.745 164.11 175.278 190.64 215.2 239.924 257.077 247.224 235.668 244.782 234.819 252.167 267.788 295.398 304.997 288.276 256.772 242.512 207.848 190.344 157.895 144.96 122.657 109.034 114.773 112.681 129.095 141.492 167.711 164.732 163.506 129.238 105.223 96.916 91.591 87.066 71.791 -9999 -9999 -9999 -9999 -9999 -9999 -9999 -9999 -9999 -9999 -9999 -9999 -9999 -9999 -9999 -9999 -9999
-9999 -9999 -9999 218.157 219.981 220.937 190.644 -9999 -9999 -9999 -9999 -9999 -9999 -9999 -9999 -9999 155.972 156.304 169.634 189.22 202.797 212.633 223.064 242.215 232.292 242.714 242.049 257.536 267.511 264.772 290.815 285.21 268.847 267.649 315.716 283.923 286.328 243.98 217.542 185.75 157.467 137.217 137.105 130.232 116.288 123.993 142.523 162.084 149.662 154.386 160.987 129.41 100.33 93.027 98.567 91.34 78.933 -9999 -9999 -9999 -9999 -9999 -9999 -9999 -9999 -9999 -9999 -9999 -9999 -9999 -9999 -9999 -9999 -9999
-9999 -9999 -9999 211.61 197.278 173.377 -9999 -9999 -9999 -9999 -9999 -9999 -9999 -9999 -9999 -9999 159.467 163.485 184.112 213.069 232.191 238.581 283.503 299.934 286.629 276.258 281.206 261.791 260.571 291.84 302.787 280.501 254.237 261.106 279.988 304.925 273.822 259.218 232.68 206.955 174.086 163.382 157.112 143.64 143.556 170.971 182.908 172.551 153.697 149.531 129.253 115.256 111.23 110.32 100.634 94.719 79.638 -9999 -9999 -9999 -9999 -9999 -9999 -9999 -9999 -9999 -9999 -9999 -9999 -9999 -9999 -9999 -9999 -9999
-9999 -9999 -9999 -9999 -9999 -9999 -9999 -9999 -9999 -9999 -9999 -9999 -9999 -9999 -9999 -9999 169.357 180.188 214.166 237.35 257.338 271.159 314.564 333.727 359.947 324.546 281.85 264.501 270.579 289.685 323.113 299.54 254.036 253.916 266.322 284.664 278.464 262.541 252.208 224.277 220.65 213.725 197.616 198.106 209.011 213.692 179.024 165.268 153.765 139.892 136.813 115.348 104.911 103.586 98.015 84.398 80.662 -9999 -9999 -9999 -9999 -9999 -9999 -9999 -9999 -9999 -9999 -9999 -9999 -9999 -9999 -9999 -9999 -9999
-9999 -9999 -9999 -9999 -9999 -9999 -9999 -9999 -9999 -9999 -9999 -9999 -9999 -9999 -9999 176.322 197.098 224.265 245.881 284.671 280.323 291.704 308.178 355.202 341.937 313.819 279.811 259.668 229.4 241.868 258.523 265.66 252.21 226.323 241.244 258.555 260.721 256.743 252.801 258.676 231.699 228.645 221.035 216.451 237.868 199.259 196.651 171.441 136.567 144.668 142.831 132.632 109.554 97.957 87.784 79.68 75.656 -9999 -9999 -9999 -9999 -9999 -9999 -9999 -9999 -9999 -9999 -9999 -9999 -9999 -9999 -9999 -9999 -9999
-9999 -9999 -9999 -9999 -9999 -9999 -9999 -9999 -9999 -9999 -9999 -9999 -9999 -9999 -9999 197.412 228.893 263.034 307.051 315.988 318.868 315.703 344.152 320.111 307.687 285.972 276.16 247.188 207.582 208.778 240.385 252.479 239.194 201.697 210.6 220.154 228.457 243.533 265.669 224.906 245.954 236.245 220.349 248.345 214.726 208.208 190.448 151.066 146.961 138.848 131.35 128.232 116.355 102.591 93.17 81.55 72.37 -9999 -9999 -9999 -9999 -9999 -9999 -9999 -9999 -9999 -9999 -9999 -9999 -9999 -9999 -9999 -9999 -9999
-9999 -9999 -9999 -9999 -9999 -9999 -9999 -9999 -9999 -9999 -9999 -9999 -9999 -9999 187.135 223.162 249.853 294.191 305.127 330.886 362.83 368.006 357.573 308.194 278.071 266.478 266.218 251.172 218.76 214.51 231.199 224.683 188.649 179.629 190.878 209.42 223.417 256.406 229.792 231.141 250.752 229.106 237.895 228.475 200.993 196.502 161.489 158.7 148.665 139.336 130.736 116.857 105.787 96.457 92.1 84.146 74.665 74.172 -9999 -9999 -9999 -9999 -9999 -9999 -9999 -9999 -9999 -9999 -9999 -9999 -9999 -9999 -9999 -9999
