Validation/Results/raw data/ReClimate_07_2024_1_Temperature.asc
NCOLS 192
NROWS 249
XLLCENTER -225160.85627316462
YLLCENTER 29788.11610251502
CELLSIZE 5000.0
NODATA_VALUE -9999
[rows 136 to 169 of 249, columns 75 to 149 of 192]
-0.42 -9999 -9999 -9999 -9999 -9999 -9999 -9999 -9999 -9999 -0.455 -9999 -0.458 -0.461 -0.464 -0.469 -0.462 -0.453 -0.452 -0.452 -0.454 -0.457 -0.458 -0.458 -0.45 -0.441 -0.437 -0.43 -0.435 -0.443 -9999 -9999 -9999 -9999 -9999 -9999 -0.384 -0.377 -0.37 -0.362 -0.347 -0.327 -0.328 -0.333 -0.322 -0.31 -0.298 -0.285 -0.265 -0.243 -0.227 -0.21 -0.202 -0.195 -0.181 -0.166 -0.151 -0.141 -0.153 -9999 -9999 -9999 -9999 -9999 -9999 -9999 -9999 -9999 -9999 -9999 -9999 -9999 -9999 -9999 -9999
-0.416 -0.41 -9999 -9999 -9999 -9999 -9999 -9999 -9999 -9999 -0.458 -0.464 -0.467 -0.472 -0.468 -0.452 -0.448 -0.452 -0.451 -0.452 -0.453 -0.454 -0.452 -0.446 -0.439 -0.435 -0.432 -0.432 -0.433 -0.43 -9999 -9999 -9999 -9999 -0.389 -0.387 -0.382 -0.378 -0.368 -0.352 -0.337 -0.322 -0.323 -0.326 -0.312 -0.294 -0.286 -0.288 -0.268 -0.244 -0.225 -0.206 -0.2 -0.194 -0.187 -0.176 -0.158 -0.14 -0.149 -9999 -9999 -9999 -9999 -9999 -9999 -9999 -9999 -9999 -9999 -9999 -9999 -9999 -9999 -9999 -9999
-0.418 -0.412 -0.423 -9999 -9999 -9999 -9999 -9999 -9999 -9999 -0.466 -0.467 -0.471 -9999 -9999 -0.445 -0.447 -0.451 -0.45 -9999 -0.45 -0.451 -0.446 -0.439 -0.436 -0.431 -0.431 -0.43 -9999 -9999 -9999 -9999 -9999 -0.388 -0.385 -0.383 -0.378 -0.375 -0.361 -0.344 -0.331 -0.317 -0.317 -0.32 -0.303 -0.285 -0.286 -0.288 -0.267 -0.244 -0.225 -0.204 -0.198 -0.194 -0.187 -0.181 -0.163 -0.144 -0.139 -9999 -9999 -9999 -9999 -9999 -9999 -9999 -9999 -9999 -9999 -9999 -9999 -9999 -9999 -9999 -9999
-0.433 -0.446 -0.448 -9999 -9999 -9999 -9999 -9999 -9999 -9999 -9999 -0.464 -0.461 -9999 -9999 -9999 -0.453 -0.445 -0.444 -0.444 -9999 -9999 -0.455 -0.454 -0.447 -0.43 -0.428 -9999 -9999 -9999 -9999 -9999 -0.393 -0.385 -0.379 -0.369 -0.366 -0.37 -0.358 -0.346 -0.333 -0.32 -0.321 -0.328 -0.314 -0.301 -0.298 -0.289 -0.268 -0.24 -0.229 -0.213 -0.204 -0.197 -0.179 -0.166 -0.158 -0.145 -0.138 -9999 -9999 -9999 -9999 -9999 -9999 -9999 -9999 -9999 -9999 -9999 -9999 -9999 -9999 -9999 -9999
-0.447 -0.458 -9999 -9999 -9999 -9999 -9999 -9999 -9999 -9999 -9999 -9999 -0.456 -9999 -9999 -9999 -9999 -0.441 -0.441 -0.441 -9999 -9999 -9999 -0.447 -0.437 -9999 -9999 -9999 -9999 -9999 -9999 -9999 -0.386 -0.381 -0.37 -0.359 -0.361 -0.364 -0.355 -0.343 -0.331 -0.318 -0.322 -0.328 -0.317 -0.305 -0.297 -0.288 -0.265 -0.237 -0.227 -0.217 -0.207 -0.199 -0.181 -0.162 -0.154 -0.147 -0.14 -9999 -9999 -9999 -9999 -9999 -9999 -9999 -9999 -9999 -9999 -9999 -9999 -9999 -9999 -9999 -9999
-0.456 -9999 -9999 -9999 -9999 -9999 -9999 -9999 -9999 -9999 -9999 -9999 -0.461 -9999 -9999 -9999 -9999 -9999 -0.443 -0.437 -9999 -9999 -9999 -9999 -9999 -9999 -9999 -9999 -9999 -9999 -9999 -9999 -0.38 -0.377 -0.37 -0.369 -0.367 -0.359 -0.353 -0.346 -0.336 -0.329 -0.328 -0.317 -0.313 -0.32 -0.308 -0.284 -0.262 -0.238 -0.234 -0.228 -0.21 -0.197 -0.184 -0.167 -0.158 -0.15 -0.134 -0.132 -9999 -9999 -9999 -9999 -9999 -9999 -9999 -9999 -9999 -9999 -9999 -9999 -9999 -9999 -9999
-9999 -0.44 -0.437 -0.435 -0.438 -9999 -9999 -9999 -9999 -9999 -9999 -9999 -0.462 -9999 -9999 -9999 -9999 -9999 -9999 -9999 -9999 -9999 -9999 -9999 -9999 -9999 -9999 -9999 -9999 -9999 -9999 -0.377 -0.373 -0.371 -0.369 -0.369 -0.362 -0.355 -0.35 -0.343 -0.337 -0.331 -0.321 -0.31 -0.316 -0.324 -0.304 -0.28 -0.26 -0.238 -0.234 -0.231 -0.214 -0.196 -0.183 -0.169 -0.16 -0.151 -0.136 -0.12 -0.119 -9999 -9999 -9999 -9999 -9999 -9999 -9999 -9999 -9999 -9999 -9999 -9999 -9999 -9999
-0.431 -0.432 -0.433 -0.442 -0.444 -9999 -9999 -9999 -9999 -9999 -9999 -9999 -9999 -9999 -9999 -9999 -9999 -9999 -9999 -9999 -9999 -9999 -9999 -9999 -9999 -9999 -9999 -9999 -9999 -9999 -0.364 -0.359 -0.359 -0.368 -0.363 -0.351 -0.351 -0.366 -0.356 -0.333 -0.325 -0.319 -0.305 -0.284 -0.289 -0.3 -0.286 -0.283 -0.264 -0.243 -0.236 -0.224 -0.2 -0.177 -0.163 -0.148 -0.141 -0.134 -0.132 -0.124 -0.118 -9999 -9999 -9999 -9999 -9999 -9999 -9999 -9999 -9999 -9999 -9999 -9999 -9999 -9999
-0.429 -0.429 -0.437 -9999 -0.447 -0.44 -9999 -9999 -9999 -9999 -9999 -9999 -9999 -9999 -9999 -9999 -9999 -9999 -9999 -9999 -9999 -9999 -9999 -9999 -9999 -9999 -9999 -9999 -9999 -9999 -0.363 -0.349 -0.355 -0.364 -0.353 -0.341 -0.352 -0.366 -0.348 -0.325 -0.318 -0.312 -0.293 -0.272 -0.278 -0.287 -0.284 -0.281 -0.263 -0.243 -0.232 -0.22 -0.197 -0.171 -0.156 -0.141 -0.134 -0.129 -0.127 -0.127 -0.121 -0.117 -0.11 -9999 -9999 -9999 -9999 -9999 -9999 -9999 -9999 -9999 -9999 -9999 -9999
-0.433 -0.437 -0.442 -9999 -9999 -0.439 -9999 -9999 -9999 -9999 -9999 -9999 -9999 -9999 -9999 -9999 -9999 -9999 -9999 -9999 -9999 -9999 -9999 -9999 -9999 -9999 -9999 -9999 -9999 -9999 -0.368 -0.356 -0.359 -0.359 -0.35 -0.344 -0.348 -0.342 -0.33 -0.327 -0.318 -0.305 -0.29 -0.28 -0.282 -0.277 -0.272 -0.266 -0.249 -0.23 -0.206 -0.185 -0.168 -0.145 -0.151 -0.148 -0.144 -0.14 -0.126 -0.118 -0.121 -0.122 -0.106 -0.1 -0.09 -0.076 -9999 -9999 -9999 -9999 -9999 -9999 -9999 -9999 -9999
-0.437 -0.441 -0.442 -0.443 -9999 -0.435 -9999 -9999 -9999 -9999 -9999 -9999 -9999 -9999 -9999 -9999 -9999 -9999 -9999 -9999 -9999 -9999 -9999 -9999 -9999 -9999 -9999 -9999 -9999 -0.365 -0.362 -0.356 -0.354 -0.352 -0.347 -0.341 -0.335 -0.33 -0.328 -0.325 -0.313 -0.3 -0.29 -0.28 -0.275 -0.27 -0.264 -0.258 -0.242 -0.224 -0.2 -0.172 -0.156 -0.137 -0.142 -0.151 -0.147 -0.145 -0.131 -0.118 -0.12 -0.127 -0.111 -0.093 -0.088 -0.081 -0.067 -0.08 -9999 -9999 -9999 -9999 -9999 -9999 -9999
-0.419 -0.416 -0.419 -9999 -0.427 -9999 -9999 -9999 -9999 -9999 -9999 -9999 -9999 -9999 -9999 -9999 -9999 -9999 -9999 -9999 -9999 -9999 -9999 -9999 -9999 -9999 -9999 -9999 -9999 -9999 -0.353 -0.347 -0.342 -0.336 -0.339 -0.361 -0.349 -0.317 -0.313 -0.307 -0.3 -0.303 -0.294 -0.286 -0.278 -0.263 -0.258 -0.256 -0.244 -0.235 -0.214 -0.189 -0.173 -0.156 -0.149 -0.151 -0.136 -0.126 -0.12 -0.11 -0.116 -0.124 -0.116 -0.103 -0.091 -0.08 -0.074 -0.061 -0.073 -9999 -9999 -9999 -9999 -9999 -9999
-0.412 -0.408 -0.415 -0.423 -0.428 -9999 -9999 -9999 -9999 -9999 -9999 -9999 -9999 -9999 -9999 -9999 -9999 -9999 -9999 -9999 -9999 -9999 -9999 -9999 -9999 -9999 -9999 -9999 -9999 -9999 -9999 -0.34 -0.333 -0.326 -0.343 -0.366 -0.34 -0.309 -0.304 -0.297 -0.298 -0.3 -0.293 -0.285 -0.272 -0.257 -0.254 -0.253 -0.246 -0.238 -0.217 -0.194 -0.18 -0.164 -0.157 -0.152 -0.137 -0.121 -0.114 -0.109 -0.114 -0.124 -0.116 -0.109 -0.097 -0.084 -0.077 -0.07 -0.063 -0.071 -9999 -9999 -9999 -9999 -9999
-0.405 -0.404 -0.413 -0.428 -9999 -9999 -9999 -9999 -9999 -9999 -9999 -9999 -9999 -9999 -9999 -9999 -9999 -9999 -9999 -9999 -9999 -9999 -9999 -9999 -9999 -9999 -9999 -9999 -9999 -9999 -9999 -0.334 -0.321 -0.317 -0.329 -0.341 -0.323 -0.314 -0.306 -0.292 -0.291 -0.288 -0.28 -0.271 -0.262 -0.261 -0.257 -0.251 -0.24 -0.221 -0.203 -0.19 -0.18 -0.167 -0.15 -0.138 -0.13 -0.119 -0.124 -0.126 -0.11 -0.106 -0.101 -0.095 -0.094 -0.089 -0.091 -0.092 -0.071 -0.063 -0.076 -9999 -9999 -9999 -9999
-0.405 -0.405 -0.416 -0.431 -9999 -9999 -9999 -9999 -9999 -9999 -9999 -9999 -9999 -9999 -9999 -9999 -9999 -9999 -9999 -9999 -9999 -9999 -9999 -9999 -9999 -9999 -9999 -9999 -9999 -9999 -9999 -9999 -0.318 -0.311 -0.318 -0.328 -0.321 -0.311 -0.3 -0.286 -0.283 -0.281 -0.271 -0.262 -0.26 -0.259 -0.253 -0.248 -0.231 -0.212 -0.2 -0.187 -0.178 -0.169 -0.152 -0.133 -0.126 -0.12 -0.125 -0.133 -0.118 -0.101 -0.096 -0.092 -0.091 -0.093 -0.095 -0.101 -0.082 -0.061 -0.068 -9999 -9999 -9999 -9999
-9999 -9999 -9999 -9999 -9999 -9999 -9999 -9999 -9999 -9999 -9999 -9999 -9999 -9999 -9999 -9999 -9999 -9999 -9999 -9999 -9999 -9999 -9999 -9999 -9999 -9999 -9999 -9999 -9999 -9999 -9999 -9999 -0.32 -0.314 -0.315 -0.309 -0.298 -0.288 -0.283 -0.287 -0.282 -0.274 -0.266 -0.262 -0.263 -0.269 -0.265 -0.259 -0.242 -0.218 -0.203 -0.187 -0.183 -0.176 -0.151 -0.128 -0.123 -0.118 -0.12 -0.126 -0.117 -0.104 -0.096 -0.09 -0.092 -0.095 -0.09 -0.09 -0.088 -0.077 -0.073 -0.072 -9999 -9999 -9999
-9999 -9999 -9999 -9999 -9999 -9999 -9999 -9999 -9999 -9999 -9999 -9999 -9999 -9999 -9999 -9999 -9999 -9999 -9999 -9999 -9999 -9999 -9999 -9999 -9999 -9999 -9999 -9999 -9999 -9999 -9999 -9999 -9999 -0.313 -0.306 -0.297 -0.286 -0.276 -0.279 -0.283 -0.275 -0.268 -0.263 -0.259 -0.264 -0.27 -0.266 -0.261 -0.242 -0.22 -0.204 -0.186 -0.182 -0.178 -0.155 -0.128 -0.123 -0.119 -0.12 -0.125 -0.116 -0.107 -0.099 -0.092 -0.094 -0.098 -0.093 -0.089 -0.086 -0.085 -0.081 -0.078 -9999 -9999 -9999
-9999 -9999 -9999 -9999 -9999 -9999 -9999 -9999 -9999 -9999 -9999 -9999 -9999 -9999 -9999 -9999 -9999 -9999 -9999 -9999 -9999 -9999 -9999 -9999 -9999 -9999 -9999 -9999 -9999 -9999 -9999 -9999 -9999 -0.308 -9999 -0.302 -0.291 -0.278 -0.275 -9999 -0.258 -0.258 -0.254 -0.25 -0.248 -0.238 -0.236 -0.241 -0.226 -0.214 -0.207 -0.193 -0.187 -0.183 -0.157 -0.128 -0.123 -0.119 -0.117 -0.118 -0.12 -0.117 -0.105 -0.094 -0.091 -0.091 -0.08 -0.071 -0.077 -0.081 -0.075 -0.07 -0.061 -9999 -9999
-9999 -9999 -9999 -9999 -9999 -9999 -9999 -9999 -9999 -9999 -9999 -9999 -9999 -9999 -9999 -9999 -9999 -9999 -9999 -9999 -9999 -9999 -9999 -9999 -9999 -9999 -9999 -9999 -9999 -9999 -9999 -9999 -9999 -9999 -0.295 -0.301 -9999 -9999 -9999 -9999 -0.252 -0.252 -0.247 -0.244 -0.234 -0.224 -0.227 -0.231 -0.222 -0.211 -0.203 -0.195 -0.19 -0.185 -0.16 -0.129 -0.124 -0.12 -0.117 -0.117 -0.118 -0.121 -0.11 -0.097 -0.093 -0.091 -0.079 -0.067 -0.072 -0.082 -0.075 -0.069 -0.06 -0.052 -0.053
-9999 -9999 -9999 -9999 -9999 -9999 -9999 -9999 -9999 -9999 -9999 -9999 -9999 -9999 -9999 -9999 -9999 -9999 -9999 -9999 -9999 -9999 -9999 -9999 -9999 -9999 -9999 -9999 -9999 -9999 -9999 -9999 -9999 -9999 -0.29 -0.286 -9999 -9999 -9999 -9999 -0.253 -0.244 -0.24 -0.237 -0.229 -0.221 -0.221 -0.217 -0.209 -0.202 -0.191 -0.18 -0.16 -0.144 -0.133 -0.11 -0.114 -0.114 -0.101 -0.093 -0.09 -0.09 -0.087 -0.078 -0.074 -0.071 -0.073 -0.068 -0.065 -0.068 -0.066 -0.061 -0.05 -0.043 -0.043
-9999 -9999 -9999 -9999 -9999 -9999 -9999 -9999 -9999 -9999 -9999 -9999 -9999 -9999 -9999 -9999 -9999 -9999 -9999 -9999 -9999 -9999 -9999 -9999 -9999 -9999 -9999 -9999 -9999 -9999 -9999 -9999 -9999 -9999 -0.285 -9999 -9999 -9999 -9999 -0.256 -0.248 -0.239 -0.236 -0.233 -0.226 -0.219 -0.215 -0.212 -0.206 -0.199 -0.187 -0.174 -0.154 -0.13 -0.118 -0.104 -0.107 -0.113 -0.1 -0.086 -0.083 -0.081 -0.076 -0.073 -0.068 -0.066 -0.066 -0.07 -0.067 -0.065 -0.062 -0.061 -0.049 -0.042 -9999
-9999 -9999 -9999 -9999 -9999 -9999 -9999 -9999 -9999 -9999 -9999 -9999 -9999 -9999 -9999 -9999 -9999 -9999 -9999 -9999 -9999 -9999 -9999 -9999 -9999 -9999 -9999 -9999 -9999 -9999 -9999 -9999 -9999 -9999 -9999 -9999 -9999 -9999 -9999 -0.226 -0.218 -0.216 -0.218 -0.235 -0.228 -0.217 -0.208 -0.186 -0.178 -0.174 -0.163 -0.154 -0.156 -0.145 -0.133 -0.12 -0.117 -0.12 -0.103 -0.086 -0.081 -0.078 -0.072 -0.068 -0.063 -0.06 -0.062 -0.067 -0.05 -0.039 -0.045 -0.049 -0.051 -0.05 -9999
-9999 -9999 -9999 -9999 -9999 -9999 -9999 -9999 -9999 -9999 -9999 -9999 -9999 -9999 -9999 -9999 -9999 -9999 -9999 -9999 -9999 -9999 -9999 -9999 -9999 -9999 -9999 -9999 -9999 -9999 -9999 -9999 -9999 -9999 -9999 -9999 -9999 -9999 -9999 -0.214 -0.211 -0.208 -0.22 -0.236 -0.227 -0.217 -0.198 -0.175 -0.169 -0.164 -0.156 -0.148 -0.148 -0.151 -0.14 -0.127 -0.124 -0.123 -0.106 -0.087 -0.083 -0.079 -0.073 -0.068 -0.063 -0.059 -0.062 -0.067 -0.051 -0.032 -0.037 -0.046 -0.048 -0.056 -9999
-9999 -9999 -9999 -9999 -9999 -9999 -9999 -9999 -9999 -9999 -9999 -9999 -9999 -9999 -9999 -9999 -9999 -9999 -9999 -9999 -9999 -9999 -9999 -9999 -9999 -9999 -9999 -9999 -9999 -9999 -9999 -9999 -9999 -9999 -9999 -9999 -9999 -9999 -0.222 -0.215 -0.214 -0.217 -0.221 -0.216 -0.204 -0.188 -0.173 -0.17 -0.167 -0.171 -0.156 -0.144 -0.131 -0.124 -0.118 -0.108 -0.102 -0.097 -0.072 -0.047 -0.058 -0.063 -0.071 -0.074 -0.067 -0.062 -0.047 -0.042 -0.044 -0.036 -0.032 -0.035 -0.038 -0.053 -0.049
-9999 -9999 -9999 -9999 -9999 -9999 -9999 -9999 -9999 -9999 -9999 -9999 -9999 -9999 -9999 -9999 -9999 -9999 -9999 -9999 -9999 -9999 -9999 -9999 -9999 -9999 -9999 -9999 -9999 -9999 -9999 -9999 -9999 -9999 -9999 -9999 -9999 -9999 -0.224 -0.217 -0.219 -0.222 -0.215 -0.208 -0.193 -0.176 -0.172 -0.168 -0.17 -0.175 -0.16 -0.143 -0.131 -0.117 -0.11 -0.103 -0.097 -0.09 -0.065 -0.035 -0.044 -0.059 -0.066 -0.078 -0.071 -0.065 -0.051 -0.035 -0.036 -0.039 -0.035 -0.033 -0.036 -0.042 -0.047
-9999 -9999 -9999 -9999 -9999 -9999 -9999 -9999 -9999 -9999 -9999 -9999 -9999 -9999 -9999 -9999 -9999 -9999 -9999 -9999 -9999 -9999 -9999 -9999 -9999 -9999 -9999 -9999 -9999 -9999 -9999 -9999 -9999 -9999 -9999 -9999 -9999 -0.196 -0.19 -0.191 -0.192 -0.196 -0.191 -0.195 -0.18 -0.169 -0.162 -0.152 -0.156 -0.166 -0.149 -0.131 -0.123 -0.111 -0.108 -0.104 -0.093 -0.085 -0.074 -0.053 -0.054 -0.063 -0.061 -0.067 -0.069 -0.068 -0.044 -0.022 -0.032 -0.041 -0.03 -0.023 -0.017 -0.016 -0.025
-9999 -9999 -9999 -9999 -9999 -9999 -9999 -9999 -9999 -9999 -9999 -9999 -9999 -9999 -9999 -9999 -9999 -9999 -9999 -9999 -9999 -9999 -9999 -9999 -9999 -9999 -9999 -9999 -9999 -9999 -9999 -9999 -9999 -9999 -9999 -9999 -9999 -0.185 -0.183 -0.183 -0.184 -0.186 -0.187 -0.19 -0.178 -0.167 -0.157 -0.147 -0.154 -0.164 -0.147 -0.128 -0.12 -0.111 -0.108 -0.106 -0.096 -0.085 -0.074 -0.063 -0.063 -0.066 -0.064 -0.064 -0.066 -0.071 -0.047 -0.02 -0.029 -0.044 -0.033 -0.022 -0.015 -0.009 -0.017
-9999 -9999 -9999 -9999 -9999 -9999 -9999 -9999 -9999 -9999 -9999 -9999 -9999 -9999 -9999 -9999 -9999 -9999 -9999 -9999 -9999 -9999 -9999 -9999 -9999 -9999 -9999 -9999 -9999 -9999 -9999 -9999 -9999 -9999 -9999 -9999 -9999 -0.195 -0.191 -0.175 -0.179 -0.192 -0.191 -0.186 -0.175 -0.167 -0.152 -0.127 -0.133 -0.147 -0.138 -0.123 -0.114 -0.105 -0.104 -0.102 -0.088 -0.074 -0.072 -0.066 -0.056 -0.053 -0.042 -0.036 -0.039 -0.043 -0.05 -0.04 -0.035 -0.04 -0.031 -0.02 -0.009 -0.003 -0.015
-9999 -9999 -9999 -9999 -9999 -9999 -9999 -9999 -9999 -9999 -9999 -9999 -9999 -9999 -9999 -9999 -9999 -9999 -9999 -9999 -9999 -9999 -9999 -9999 -9999 -9999 -9999 -9999 -9999 -9999 -9999 -9999 -9999 -9999 -9999 -9999 -9999 -9999 -0.189 -0.174 -0.183 -0.196 -0.191 -0.186 -0.177 -0.169 -0.146 -0.12 -0.129 -0.142 -0.133 -0.123 -0.114 -0.104 -0.103 -0.103 -0.089 -0.073 -0.07 -0.069 -0.06 -0.052 -0.04 -0.029 -0.031 -0.036 -0.041 -0.049 -0.045 -0.041 -0.032 -9999 -0.01 -9999 -0.015
-9999 -9999 -9999 -9999 -9999 -9999 -9999 -9999 -9999 -9999 -9999 -9999 -9999 -9999 -9999 -9999 -9999 -9999 -9999 -9999 -9999 -9999 -9999 -9999 -9999 -9999 -9999 -9999 -9999 -9999 -9999 -9999 -9999 -9999 -9999 -9999 -9999 -0.198 -0.187 -0.183 -0.185 -0.18 -0.178 -0.184 -0.176 -0.169 -0.15 -0.135 -0.137 -0.129 -0.127 -0.139 -0.12 -0.106 -0.099 -0.096 -0.083 -0.068 -0.062 -0.059 -0.056 -0.051 -0.047 -0.04 -0.032 -0.031 -0.039 -0.05 -0.042 -0.036 -0.026 -0.016 -0.013 -0.007 -9999
-9999 -9999 -9999 -9999 -9999 -9999 -9999 -9999 -9999 -9999 -9999 -9999 -9999 -9999 -9999 -9999 -9999 -9999 -9999 -9999 -9999 -9999 -9999 -9999 -9999 -9999 -9999 -9999 -9999 -9999 -9999 -9999 -9999 -9999 -9999 -9999 -9999 -0.197 -0.192 -0.188 -0.181 -0.175 -0.179 -0.184 -0.177 -0.17 -0.156 -0.142 -0.134 -0.126 -0.134 -0.146 -0.128 -0.108 -0.101 -0.096 -0.083 -0.069 -0.063 -0.058 -0.055 -0.054 -0.05 -0.047 -0.039 -0.032 -0.039 -0.051 -0.043 -0.035 -0.026 -0.016 -0.013 -0.012 -0.011
-9999 -9999 -9999 -9999 -9999 -9999 -9999 -9999 -9999 -9999 -9999 -9999 -9999 -9999 -9999 -9999 -9999 -9999 -9999 -9999 -9999 -9999 -9999 -9999 -9999 -9999 -9999 -9999 -9999 -9999 -9999 -9999 -9999 -9999 -9999 -9999 -0.204 -0.213 -0.203 -0.182 -0.176 -0.171 -0.17 -0.167 -0.161 -0.161 -0.153 -0.158 -0.147 -0.125 -0.13 -0.14 -0.125 -0.106 -0.101 -0.096 -0.076 -0.058 -0.055 -0.051 -0.046 -0.044 -0.044 -0.042 -0.04 -0.035 -0.029 -0.032 -0.025 -0.017 -0.009 0.0 0.0 0.0 0.003
-9999 -9999 -9999 -9999 -9999 -9999 -9999 -9999 -9999 -9999 -9999 -9999 -9999 -9999 -9999 -9999 -9999 -9999 -9999 -9999 -9999 -9999 -9999 -9999 -9999 -9999 -9999 -9999 -9999 -9999 -9999 -9999 -9999 -9999 -9999 -9999 -0.224 -0.22 -0.202 -0.182 -0.176 -0.171 -0.165 -0.161 -0.159 -0.159 -0.161 -0.166 -0.148 -0.127 -0.132 -0.139 -0.124 -0.107 -0.102 -0.097 -0.078 -0.057 -0.054 -0.052 -0.047 -0.043 -0.042 -0.044 -0.04 -0.039 -0.032 -0.027 -0.019 -0.012 -0.002 0.007 0.008 0.006 0.01
-9999 -9999 -9999 -9999 -9999 -9999 -9999 -9999 -9999 -9999 -9999 -9999 -9999 -9999 -9999 -9999 -9999 -9999 -9999 -9999 -9999 -9999 -9999 -9999 -9999 -9999 -9999 -9999 -9999 -9999 -9999 -9999 -9999 -9999 -9999 -9999 -9999 -0.211 -0.192 -0.172 -0.165 -0.157 -0.152 -0.15 -0.147 -0.147 -0.153 -0.174 -0.153 -0.123 -0.122 -0.113 -0.113 -0.105 -0.093 -0.083 -0.079 -0.067 -0.057 -0.051 -0.045 -0.041 -0.041 -0.042 -0.029 -0.021 -0.019 -0.016 -0.009 -0.003 0.002 0.008 0.011 0.01 0.023
