Validation/Results/raw data/ReClimate_10_2024_1weatherlogisticsltd.asc
NCOLS 192
NROWS 249
XLLCENTER -225160.85627316462
YLLCENTER 29788.11610251502
CELLSIZE 5000.0
NODATA_VALUE -9999
[rows 66 to 98 of 249, columns 75 to 149 of 192]
-9999 -9999 -9999 -9999 -9999 -9999 -9999 -9999 -9999 -9999 103.99 -9999 103.985 103.981 103.987 103.982 103.964 103.856 103.758 103.686 103.722 103.649 103.604 103.566 103.359 103.23 103.241 103.292 103.259 103.232 103.217 -9999 -9999 -9999 -9999 -9999 -9999 -9999 -9999 -9999 -9999 -9999 -9999 -9999 -9999 -9999 -9999 -9999 -9999 -9999 -9999 -9999 -9999 -9999 -9999 -9999 -9999 -9999 -9999 -9999 -9999 -9999 -9999 -9999 -9999 -9999 -9999 -9999 -9999 -9999 -9999 -9999 -9999 -9999 -9999
-9999 -9999 -9999 -9999 -9999 -9999 -9999 -9999 -9999 -9999 -9999 103.994 103.99 103.986 103.978 103.93 103.834 103.77 103.681 103.571 103.524 103.528 103.516 103.56 103.412 103.22 103.226 103.191 103.176 -9999 -9999 -9999 -9999 -9999 -9999 -9999 -9999 -9999 -9999 -9999 -9999 -9999 -9999 -9999 -9999 -9999 -9999 -9999 -9999 -9999 -9999 -9999 -9999 -9999 -9999 -9999 -9999 -9999 -9999 -9999 -9999 -9999 -9999 -9999 -9999 -9999 -9999 -9999 -9999 -9999 -9999 -9999 -9999 -9999 -9999
-9999 -9999 -9999 -9999 -9999 -9999 -9999 -9999 -9999 -9999 -9999 104.001 103.987 103.975 103.895 103.783 103.695 103.612 103.523 103.462 103.464 103.495 103.476 103.387 103.249 103.166 103.13 103.095 103.102 -9999 -9999 -9999 -9999 -9999 -9999 -9999 -9999 -9999 -9999 -9999 -9999 -9999 -9999 -9999 -9999 -9999 -9999 -9999 -9999 -9999 -9999 -9999 -9999 -9999 -9999 -9999 -9999 -9999 -9999 -9999 -9999 -9999 -9999 -9999 -9999 -9999 -9999 -9999 -9999 -9999 -9999 -9999 -9999 -9999 -9999
-9999 -9999 -9999 -9999 -9999 -9999 -9999 -9999 -9999 -9999 -9999 -9999 -9999 103.881 103.764 103.661 103.57 103.491 103.422 103.357 103.392 103.466 103.353 103.22 103.144 103.073 103.037 -9999 -9999 -9999 -9999 -9999 -9999 -9999 -9999 -9999 -9999 -9999 -9999 -9999 -9999 -9999 -9999 -9999 -9999 -9999 -9999 -9999 -9999 -9999 -9999 -9999 -9999 -9999 -9999 -9999 -9999 -9999 -9999 -9999 -9999 -9999 -9999 -9999 -9999 -9999 -9999 -9999 -9999 -9999 -9999 -9999 -9999 -9999 -9999
-9999 -9999 -9999 -9999 -9999 -9999 -9999 104.005 -9999 -9999 104.017 103.974 103.882 103.758 103.648 103.551 103.464 103.387 103.318 103.255 103.284 103.272 103.137 102.972 102.935 102.982 102.947 -9999 -9999 -9999 -9999 -9999 -9999 -9999 -9999 -9999 -9999 -9999 -9999 -9999 -9999 -9999 -9999 -9999 -9999 -9999 -9999 -9999 -9999 -9999 -9999 -9999 -9999 -9999 -9999 -9999 -9999 -9999 -9999 -9999 -9999 -9999 -9999 -9999 -9999 -9999 -9999 -9999 -9999 -9999 -9999 -9999 -9999 -9999 -9999
-9999 -9999 -9999 -9999 -9999 103.601 103.701 103.989 103.977 103.939 103.93 103.888 103.751 103.639 103.533 103.44 103.299 103.077 103.069 103.147 103.01 102.696 102.723 102.913 102.923 102.894 102.86 -9999 -9999 -9999 -9999 -9999 -9999 -9999 -9999 -9999 -9999 -9999 -9999 -9999 -9999 -9999 -9999 -9999 -9999 -9999 -9999 -9999 -9999 -9999 -9999 -9999 -9999 -9999 -9999 -9999 -9999 -9999 -9999 -9999 -9999 -9999 -9999 -9999 -9999 -9999 -9999 -9999 -9999 -9999 -9999 -9999 -9999 -9999 -9999
-9999 -9999 -9999 -9999 -9999 103.137 103.656 -9999 103.888 103.875 103.839 103.704 103.61 103.522 103.42 103.33 103.247 103.377 103.311 103.061 102.928 103.065 103.135 103.076 102.966 102.807 -9999 102.742 -9999 -9999 -9999 -9999 -9999 -9999 -9999 -9999 -9999 -9999 -9999 -9999 -9999 -9999 -9999 -9999 -9999 -9999 -9999 -9999 -9999 -9999 -9999 -9999 -9999 -9999 -9999 -9999 -9999 -9999 -9999 -9999 -9999 -9999 -9999 -9999 -9999 -9999 -9999 -9999 -9999 -9999 -9999 -9999 -9999 -9999 -9999
-9999 -9999 -9999 -9999 -9999 -9999 103.388 103.509 103.501 103.44 103.261 103.015 103.032 103.166 103.13 103.106 103.195 103.174 103.054 103.1 103.151 103.14 103.039 102.851 102.753 102.721 102.69 102.659 -9999 -9999 -9999 -9999 -9999 -9999 -9999 -9999 -9999 -9999 -9999 -9999 -9999 -9999 -9999 -9999 -9999 -9999 -9999 -9999 -9999 -9999 -9999 -9999 -9999 -9999 -9999 -9999 -9999 -9999 -9999 -9999 -9999 -9999 -9999 -9999 -9999 -9999 -9999 -9999 -9999 -9999 -9999 -9999 -9999 -9999 -9999
-9999 -9999 -9999 -9999 -9999 -9999 -9999 103.036 103.004 102.886 102.747 102.803 102.825 102.729 102.733 102.748 102.772 102.781 102.862 102.917 102.933 102.89 102.768 102.696 102.664 102.635 102.606 102.575 -9999 -9999 -9999 -9999 -9999 -9999 -9999 -9999 -9999 -9999 -9999 -9999 -9999 -9999 -9999 -9999 -9999 -9999 -9999 -9999 -9999 -9999 -9999 -9999 -9999 -9999 -9999 -9999 -9999 -9999 -9999 -9999 -9999 -9999 -9999 -9999 -9999 -9999 -9999 -9999 -9999 -9999 -9999 -9999 -9999 -9999 -9999
-9999 -9999 -9999 -9999 -9999 102.117 102.353 102.387 102.478 102.411 102.438 102.472 102.371 102.286 102.311 102.344 102.384 102.432 102.533 102.666 102.688 102.661 102.634 102.602 102.573 -9999 102.519 -9999 -9999 -9999 -9999 -9999 -9999 102.3 102.242 102.203 -9999 -9999 -9999 -9999 -9999 -9999 -9999 -9999 -9999 -9999 -9999 -9999 -9999 -9999 -9999 -9999 -9999 -9999 -9999 -9999 -9999 -9999 -9999 -9999 -9999 -9999 -9999 -9999 -9999 -9999 -9999 -9999 -9999 -9999 -9999 -9999 -9999 -9999 -9999
100.767 -9999 -9999 -9999 -9999 -9999 101.674 101.769 101.854 101.968 101.955 101.929 101.867 101.867 101.899 101.95 102.006 102.068 102.179 102.266 102.307 102.355 102.408 102.458 102.477 102.453 -9999 -9999 -9999 -9999 102.334 102.304 102.257 102.207 102.159 102.119 102.092 102.062 102.036 102.015 101.996 101.983 101.991 102.0 101.985 101.979 101.978 101.998 102.027 102.067 102.086 101.991 -9999 -9999 -9999 -9999 -9999 -9999 -9999 -9999 -9999 -9999 -9999 -9999 -9999 -9999 -9999 -9999 -9999 -9999 -9999 -9999 -9999 -9999 -9999
99.714 -9999 -9999 -9999 100.846 -9999 101.139 101.077 101.19 101.175 101.305 101.483 101.471 101.468 101.541 101.707 101.733 101.689 101.827 102.036 102.073 102.04 102.131 102.216 102.282 -9999 -9999 -9999 -9999 102.225 102.222 102.164 101.877 101.202 101.211 101.379 101.375 101.372 101.446 101.527 101.593 101.809 101.805 101.797 101.784 101.784 101.789 101.799 101.816 101.841 101.861 101.871 -9999 -9999 -9999 -9999 -9999 -9999 -9999 -9999 -9999 -9999 -9999 -9999 -9999 -9999 -9999 -9999 -9999 -9999 -9999 -9999 -9999 -9999 -9999
99.172 -9999 -9999 -9999 100.297 100.464 100.538 100.576 100.631 100.683 100.914 101.096 101.085 101.088 101.189 101.271 101.297 101.395 101.576 101.745 101.714 101.723 101.821 101.922 -9999 -9999 102.166 102.175 102.142 102.113 102.053 101.99 101.544 101.288 101.405 101.533 101.475 101.413 101.424 101.36 101.502 101.613 101.596 101.582 101.571 101.562 101.557 101.555 101.557 101.564 101.57 101.589 101.604 -9999 -9999 -9999 -9999 -9999 -9999 -9999 -9999 -9999 -9999 -9999 -9999 -9999 -9999 -9999 -9999 -9999 -9999 -9999 -9999 -9999 -9999
98.791 -9999 99.16 -9999 99.537 99.716 99.83 99.974 100.12 100.372 100.54 100.553 100.66 100.731 100.782 100.833 100.917 101.033 101.203 101.349 101.373 101.403 101.508 101.61 -9999 101.745 101.868 101.638 101.574 101.241 101.282 101.482 101.331 101.328 101.399 101.478 101.375 101.251 101.227 101.274 101.35 101.418 101.391 101.353 101.343 101.347 101.333 101.32 101.309 101.299 101.284 101.276 101.269 -9999 -9999 -9999 -9999 -9999 -9999 -9999 -9999 -9999 -9999 -9999 -9999 -9999 -9999 -9999 -9999 -9999 -9999 -9999 -9999 -9999 -9999
-9999 98.348 -9999 -9999 -9999 99.08 99.244 99.404 99.55 99.526 99.704 100.062 100.24 100.402 100.422 100.47 100.566 100.691 100.83 100.923 100.987 101.076 101.18 101.261 101.355 101.446 101.449 101.569 101.417 101.275 101.386 101.396 101.381 101.38 101.357 101.207 101.115 101.059 101.091 101.14 101.181 101.216 101.179 101.145 101.137 101.137 101.115 101.092 101.068 101.043 101.015 100.976 100.936 -9999 -9999 -9999 -9999 -9999 -9999 -9999 -9999 -9999 -9999 -9999 -9999 -9999 -9999 -9999 -9999 -9999 -9999 -9999 -9999 -9999 -9999
97.562 -9999 -9999 -9999 -9999 98.471 98.706 99.039 -9999 98.969 99.285 99.586 99.853 100.143 100.216 100.136 100.257 100.428 100.464 100.463 100.494 100.38 100.535 100.857 100.909 100.859 100.967 101.065 101.084 101.166 101.247 101.265 101.288 101.378 101.178 100.864 100.85 100.886 100.864 100.764 100.802 100.875 100.868 100.913 100.914 100.931 100.9 100.868 100.833 100.793 100.747 100.685 100.646 -9999 -9999 -9999 -9999 -9999 -9999 -9999 -9999 -9999 -9999 -9999 -9999 -9999 -9999 -9999 -9999 -9999 -9999 -9999 -9999 -9999 -9999
97.037 -9999 -9999 -9999 97.775 -9999 -9999 98.43 98.49 98.664 98.915 99.131 99.495 99.954 99.95 99.819 99.906 99.936 99.98 100.1 100.121 100.28 100.471 100.541 100.598 100.749 100.757 100.585 100.773 101.105 101.144 101.041 101.061 101.003 100.821 100.798 100.828 100.868 100.811 100.809 100.814 100.738 100.768 100.798 100.781 100.727 100.689 100.648 100.601 100.547 100.478 100.412 -9999 -9999 -9999 -9999 -9999 -9999 -9999 -9999 -9999 -9999 -9999 -9999 -9999 -9999 -9999 -9999 -9999 -9999 -9999 -9999 -9999 -9999 -9999
96.445 96.833 97.007 -9999 -9999 -9999 97.721 97.789 -9999 98.298 98.534 98.802 99.128 99.328 99.364 99.44 99.499 99.514 99.606 99.668 99.833 100.058 100.024 99.759 100.043 100.521 100.488 100.564 100.816 100.993 100.986 100.946 100.905 100.763 100.725 100.66 100.597 100.409 100.478 100.668 100.616 100.587 100.589 100.567 100.538 100.543 100.493 100.43 100.372 100.304 100.218 -9999 -9999 -9999 -9999 -9999 -9999 -9999 -9999 -9999 -9999 -9999 -9999 -9999 -9999 -9999 -9999 -9999 -9999 -9999 -9999 -9999 -9999 -9999 -9999
95.972 96.442 96.554 -9999 96.782 97.0 97.246 97.472 97.706 97.877 98.138 98.396 98.595 98.806 98.946 99.053 99.18 99.313 99.396 99.495 99.627 99.715 99.646 99.804 100.113 100.21 100.325 100.457 100.56 100.54 100.606 100.745 100.67 100.496 100.403 100.25 100.212 100.418 100.536 100.599 100.545 100.459 100.431 100.395 100.401 100.423 100.338 100.212 100.143 100.061 99.966 -9999 -9999 -9999 -9999 -9999 -9999 -9999 -9999 -9999 -9999 -9999 -9999 -9999 -9999 -9999 -9999 -9999 -9999 -9999 -9999 -9999 -9999 -9999 -9999
95.622 96.012 96.096 96.121 96.317 96.594 -9999 97.04 97.112 96.994 97.26 97.6 97.887 98.292 98.447 98.638 98.833 98.951 99.081 99.256 99.265 99.12 99.255 99.417 99.518 99.616 99.794 100.045 100.038 100.007 100.18 100.404 100.297 100.09 99.913 99.615 99.935 100.547 100.564 100.531 100.431 100.304 100.281 100.258 100.244 100.176 100.075 99.993 99.913 99.817 -9999 -9999 -9999 -9999 -9999 -9999 -9999 -9999 -9999 -9999 -9999 -9999 -9999 -9999 -9999 -9999 -9999 -9999 -9999 -9999 -9999 -9999 -9999 -9999 -9999
-9999 -9999 -9999 95.637 95.891 -9999 96.374 96.594 96.683 96.97 97.291 97.601 97.841 97.845 97.967 97.978 98.259 98.689 98.832 98.913 98.902 98.985 99.147 99.334 99.484 99.687 99.824 99.828 99.819 99.773 99.94 100.09 100.088 100.249 100.09 99.927 100.214 100.146 100.131 100.127 100.074 100.123 100.098 100.053 99.994 99.932 99.856 99.772 99.679 99.595 -9999 -9999 -9999 -9999 -9999 -9999 -9999 -9999 -9999 -9999 -9999 -9999 -9999 -9999 -9999 -9999 -9999 -9999 -9999 -9999 -9999 -9999 -9999 -9999 -9999
-9999 -9999 95.11 95.213 -9999 95.561 95.925 -9999 96.445 96.73 97.063 97.414 97.413 97.384 97.387 97.361 97.82 98.317 98.329 98.058 98.127 98.092 98.368 98.88 99.269 99.938 99.913 99.798 99.522 98.745 98.767 98.641 99.02 99.787 99.842 100.033 99.961 99.863 99.903 100.009 100.014 99.984 99.885 99.677 99.659 99.695 99.628 99.576 99.504 99.455 -9999 -9999 -9999 -9999 -9999 -9999 -9999 -9999 -9999 -9999 -9999 -9999 -9999 -9999 -9999 -9999 -9999 -9999 -9999 -9999 -9999 -9999 -9999 -9999 -9999
-9999 -9999 94.611 -9999 -9999 95.113 95.48 95.72 95.981 96.197 96.523 96.886 96.887 96.865 96.841 96.803 97.302 97.783 97.814 98.101 98.133 98.162 98.501 98.656 98.993 98.896 98.915 99.037 98.668 98.753 98.881 99.369 99.753 99.789 99.94 99.936 99.826 99.667 99.698 99.638 99.656 99.738 99.583 99.448 99.507 99.633 99.563 99.449 99.386 99.313 -9999 -9999 -9999 -9999 -9999 -9999 -9999 -9999 -9999 -9999 -9999 -9999 -9999 -9999 -9999 -9999 -9999 -9999 -9999 -9999 -9999 -9999 -9999 -9999 -9999
-9999 -9999 -9999 -9999 -9999 -9999 94.916 94.848 95.141 95.54 95.906 96.349 96.359 96.375 96.403 96.455 96.888 97.287 97.607 97.874 97.998 98.192 98.437 98.835 98.713 98.52 98.368 97.694 97.867 98.224 98.869 99.795 99.847 99.855 99.859 99.807 99.661 99.403 99.385 99.476 99.53 99.518 99.46 99.486 99.534 99.484 99.392 99.306 99.248 -9999 -9999 -9999 -9999 -9999 -9999 -9999 -9999 -9999 -9999 -9999 -9999 -9999 -9999 -9999 -9999 -9999 -9999 -9999 -9999 -9999 -9999 -9999 -9999 -9999 -9999
-9999 -9999 -9999 -9999 94.006 94.285 -9999 94.483 94.856 95.187 95.481 95.603 95.755 96.025 96.205 96.541 96.849 97.028 97.306 97.513 97.703 97.865 98.119 98.18 98.217 98.524 98.18 98.063 98.29 98.371 98.885 98.923 99.016 99.155 99.188 99.273 99.432 99.411 99.48 99.555 99.543 99.525 99.5 99.365 99.342 99.355 99.288 99.231 99.164 -9999 -9999 -9999 -9999 -9999 -9999 -9999 -9999 -9999 -9999 -9999 -9999 -9999 -9999 -9999 -9999 -9999 -9999 -9999 -9999 -9999 -9999 -9999 -9999 -9999 -9999
-9999 -9999 -9999 93.237 93.526 93.766 93.969 94.201 94.554 94.914 95.1 95.34 95.573 95.72 96.065 96.429 96.592 96.692 96.951 97.209 97.355 97.418 97.536 97.666 97.838 97.758 97.645 97.395 97.698 98.336 98.447 98.656 98.623 98.259 98.059 97.562 97.98 98.951 99.214 99.163 99.191 99.273 99.161 99.034 99.106 99.264 99.203 99.119 -9999 -9999 -9999 -9999 -9999 -9999 -9999 -9999 -9999 -9999 -9999 -9999 -9999 -9999 -9999 -9999 -9999 -9999 -9999 -9999 -9999 -9999 -9999 -9999 -9999 -9999 -9999
-9999 -9999 -9999 92.758 -9999 93.352 93.634 93.906 94.265 94.617 94.802 94.837 95.06 95.441 95.745 95.96 96.172 96.521 96.77 96.926 97.092 97.338 97.442 97.502 97.529 97.703 97.638 97.758 98.163 98.321 98.525 98.747 98.553 98.499 98.297 98.581 99.094 99.156 99.143 99.086 99.143 99.205 99.123 99.085 99.147 99.092 99.036 99.002 -9999 -9999 -9999 -9999 -9999 -9999 -9999 -9999 -9999 -9999 -9999 -9999 -9999 -9999 -9999 -9999 -9999 -9999 -9999 -9999 -9999 -9999 -9999 -9999 -9999 -9999 -9999
-9999 -9999 -9999 -9999 -9999 93.091 93.381 93.654 93.958 94.222 94.364 94.621 94.892 95.083 95.351 95.678 95.979 96.226 96.377 96.452 96.727 97.016 97.073 97.038 97.247 97.597 97.744 97.933 98.112 98.31 98.34 98.073 98.13 98.321 98.534 98.716 98.784 98.87 98.818 98.75 99.117 99.316 99.253 99.15 99.085 99.002 98.958 98.89 -9999 -9999 -9999 -9999 -9999 -9999 -9999 -9999 -9999 -9999 -9999 -9999 -9999 -9999 -9999 -9999 -9999 -9999 -9999 -9999 -9999 -9999 -9999 -9999 -9999 -9999 -9999
-9999 -9999 -9999 92.397 92.556 92.862 93.145 93.41 93.663 93.907 94.208 94.586 -9999 94.894 95.181 95.445 95.693 95.934 96.108 96.372 96.648 96.854 96.89 96.918 97.143 97.198 97.362 97.459 97.639 97.948 97.752 97.559 97.652 97.608 97.853 98.259 98.376 98.424 98.477 98.884 99.084 99.217 99.121 99.016 98.954 98.911 98.848 98.782 -9999 -9999 -9999 -9999 -9999 -9999 -9999 -9999 -9999 -9999 -9999 -9999 -9999 -9999 -9999 -9999 -9999 -9999 -9999 -9999 -9999 -9999 -9999 -9999 -9999 -9999 -9999
92.727 92.441 92.344 -9999 92.356 92.592 92.863 93.118 93.377 93.657 93.968 -9999 94.393 94.522 94.822 95.168 95.441 95.746 95.987 96.166 96.417 96.679 96.757 96.832 96.982 97.26 97.363 97.327 97.56 97.713 97.716 97.908 97.923 97.988 98.256 98.394 98.5 98.58 98.78 98.834 98.948 98.976 98.954 98.906 98.86 98.801 98.735 -9999 -9999 -9999 -9999 -9999 -9999 -9999 -9999 -9999 -9999 -9999 -9999 -9999 -9999 -9999 -9999 -9999 -9999 -9999 -9999 -9999 -9999 -9999 -9999 -9999 -9999 -9999 -9999
92.451 92.38 92.311 92.301 -9999 92.359 92.564 92.767 93.071 93.413 93.653 93.901 94.135 94.463 94.752 94.941 95.266 95.629 95.795 95.901 96.139 96.289 96.427 96.622 96.824 96.949 97.033 97.21 97.355 97.472 97.53 97.532 97.592 97.646 97.896 98.274 98.402 98.539 98.627 98.672 98.724 98.778 98.806 98.805 98.751 -9999 -9999 -9999 -9999 -9999 -9999 -9999 -9999 -9999 -9999 -9999 -9999 -9999 -9999 -9999 -9999 -9999 -9999 -9999 -9999 -9999 -9999 -9999 -9999 -9999 -9999 -9999 -9999 -9999 -9999
-9999 -9999 92.271 -9999 92.171 92.131 92.243 92.433 92.805 -9999 -9999 93.458 93.844 94.311 94.548 94.827 95.185 95.559 95.649 95.664 95.857 96.044 96.205 96.294 96.365 96.334 96.559 96.918 97.071 97.222 97.326 97.555 97.607 97.646 97.905 98.062 98.2 98.337 98.431 98.475 98.524 98.578 98.632 98.655 -9999 -9999 -9999 -9999 -9999 -9999 -9999 -9999 -9999 -9999 -9999 -9999 -9999 -9999 -9999 -9999 -9999 -9999 -9999 -9999 -9999 -9999 -9999 -9999 -9999 -9999 -9999 -9999 -9999 -9999 -9999
92.303 -9999 92.291 92.308 92.201 92.168 92.253 92.388 -9999 -9999 93.393 93.622 93.988 94.21 94.447 94.614 94.922 95.145 95.253 95.432 95.643 95.833 95.985 96.198 96.294 96.502 96.738 96.753 96.911 97.021 97.171 97.209 97.328 97.557 97.709 97.853 97.995 98.139 98.239 98.281 98.327 98.378 98.433 98.482 98.479 -9999 -9999 -9999 -9999 -9999 -9999 -9999 -9999 -9999 -9999 -9999 -9999 -9999 -9999 -9999 -9999 -9999 -9999 -9999 -9999 -9999 -9999 -9999 -9999 -9999 -9999 -9999 -9999 -9999 -9999
