Validation/Results/raw data/ReClimate_03_2024_1_Temperature-Actualsweatherlogisticsltd.asc
NCOLS 192
NROWS 249
XLLCENTER -225160.85627316462
YLLCENTER 29788.11610251502
CELLSIZE 5000.0
NODATA_VALUE -9999
[rows 170 to 203 of 249, columns 77 to 153 of 192]
-9999 -9999 -9999 -9999 -9999 -9999 -9999 -9999 -9999 -9999 -9999 -9999 -9999 -9999 -9999 8.277 8.27 -9999 -9999 -9999 -9999 -9999 -9999 -9999 -9999 -9999 -9999 -9999 -9999 -9999 -9999 -9999 -9999 -9999 8.889 9.041 8.983 8.954 8.785 8.828 8.967 9.055 9.106 9.255 9.356 9.356 9.076 8.548 7.659 6.817 6.043 6.309 6.33 6.865 8.043 8.574 8.865 8.511 8.503 8.776 9.065 9.078 9.087 9.078 9.118 9.145 9.061 9.028 9.096 9.073 8.924 8.448 8.429 8.398 8.652 8.754 8.785
-9999 -9999 -9999 -9999 -9999 -9999 -9999 -9999 -9999 -9999 -9999 -9999 -9999 -9999 -9999 8.1 8.035 8.177 -9999 -9999 -9999 -9999 -9999 -9999 -9999 -9999 -9999 -9999 -9999 -9999 -9999 -9999 -9999 9.019 9.031 9.003 8.963 8.804 8.893 8.883 9.056 9.078 9.114 9.165 9.174 9.114 9.001 8.643 7.983 6.893 6.061 6.562 7.107 7.207 7.847 8.887 9.077 8.858 8.409 8.611 9.029 9.114 9.02 8.969 9.044 9.102 9.076 8.955 9.013 9.058 8.981 8.66 8.381 8.46 8.606 8.887 8.95
-9999 -9999 -9999 -9999 -9999 -9999 -9999 -9999 -9999 -9999 -9999 -9999 -9999 -9999 8.447 8.202 8.033 8.198 8.482 -9999 -9999 -9999 -9999 -9999 -9999 -9999 -9999 -9999 -9999 -9999 8.428 -9999 -9999 9.042 8.749 8.96 8.995 9.051 -9999 8.839 8.882 8.87 8.937 8.905 8.968 8.843 8.784 8.351 7.673 8.048 6.901 7.181 7.745 7.116 8.041 8.483 8.915 8.879 8.593 8.669 8.965 9.262 9.129 8.98 9.075 9.106 9.091 8.97 8.972 9.08 9.011 8.874 8.555 8.384 8.425 8.796 8.985
-9999 -9999 -9999 -9999 -9999 -9999 -9999 -9999 -9999 -9999 -9999 -9999 -9999 -9999 8.605 8.399 8.314 8.333 8.542 8.552 8.525 -9999 -9999 -9999 7.978 8.223 -9999 8.328 8.398 8.449 7.764 8.114 -9999 -9999 8.854 8.808 -9999 -9999 8.92 8.849 9.008 9.136 9.028 8.92 8.741 8.65 8.454 7.842 7.058 7.428 7.315 7.053 7.252 7.208 7.442 8.609 8.722 8.64 8.405 8.629 8.826 9.078 9.191 9.019 9.092 9.132 9.085 8.99 8.969 9.104 9.072 8.993 8.784 8.518 8.235 8.333 8.683
-9999 -9999 -9999 -9999 -9999 -9999 -9999 -9999 -9999 -9999 -9999 -9999 -9999 -9999 -9999 8.591 8.444 8.453 8.706 8.741 -9999 -9999 6.215 6.207 7.865 7.301 7.473 7.662 8.342 8.272 8.169 7.909 8.024 -9999 8.858 8.883 8.875 8.981 8.849 8.73 9.012 9.228 9.147 8.885 8.715 8.515 8.327 7.561 6.528 6.674 7.003 7.272 7.547 7.367 7.553 8.203 8.649 8.602 8.425 8.544 8.671 8.824 8.963 9.011 9.088 9.138 9.059 8.852 8.937 9.152 9.143 9.088 8.953 8.71 8.494 8.297 8.313
-9999 -9999 -9999 -9999 -9999 -9999 -9999 -9999 -9999 -9999 -9999 -9999 -9999 -9999 -9999 8.565 8.45 8.766 8.924 8.953 8.558 6.915 4.644 7.229 7.883 6.996 7.475 7.148 7.685 8.312 8.084 7.156 7.869 8.163 8.612 8.877 8.864 8.893 8.85 8.776 8.864 9.007 8.966 8.841 8.651 8.47 8.173 7.212 6.601 6.291 6.731 6.853 7.638 7.787 7.512 7.886 8.357 8.452 8.459 8.53 8.566 8.687 8.84 8.932 9.128 9.112 9.119 9.1 8.986 9.182 9.222 9.196 9.123 8.901 8.54 8.481 8.645
-9999 -9999 -9999 -9999 -9999 -9999 -9999 -9999 -9999 -9999 -9999 -9999 -9999 -9999 -9999 -9999 8.618 8.858 8.773 8.103 6.73 3.924 4.863 7.058 7.172 7.397 6.718 6.528 6.884 7.314 7.536 7.742 7.043 7.888 8.438 8.618 8.804 8.904 8.81 8.73 8.719 8.817 8.859 8.694 8.538 8.381 7.925 7.346 6.763 6.602 7.054 6.865 7.118 8.141 7.851 7.926 8.289 8.286 8.414 8.593 8.613 8.655 8.779 8.923 9.147 9.166 9.187 9.096 9.103 9.195 9.266 9.293 9.241 9.142 9.003 8.846 8.929
-9999 -9999 -9999 -9999 -9999 -9999 -9999 -9999 -9999 -9999 -9999 -9999 -9999 -9999 -9999 -9999 -9999 -9999 8.136 6.962 5.626 5.102 5.596 7.357 7.781 6.968 6.141 5.958 6.077 7.056 7.865 7.438 6.771 7.412 8.153 8.569 8.869 8.817 8.658 8.465 8.536 8.621 8.642 8.611 8.487 8.175 7.575 7.28 7.145 6.743 7.05 6.869 6.777 7.463 8.226 8.148 8.531 8.373 8.211 8.475 8.653 8.837 8.94 9.053 9.179 9.21 9.211 9.227 9.085 9.174 9.257 9.325 9.356 9.328 9.263 9.166 9.071
-9999 -9999 -9999 -9999 -9999 -9999 -9999 -9999 -9999 -9999 -9999 -9999 -9999 -9999 -9999 -9999 -9999 8.697 7.828 7.218 6.803 5.692 6.858 7.663 7.338 7.133 6.38 5.8 6.24 6.399 7.311 7.129 6.621 7.047 7.749 8.675 8.812 8.755 8.406 8.232 8.339 8.49 8.569 8.552 8.337 7.826 7.615 7.785 7.374 6.859 7.156 7.184 7.302 7.536 7.744 8.303 8.451 8.442 8.427 8.447 8.69 8.769 9.062 9.206 9.239 9.231 9.24 9.042 9.095 9.213 9.303 9.338 9.388 9.402 9.364 9.241 9.113
-9999 -9999 -9999 -9999 -9999 -9999 -9999 -9999 -9999 -9999 -9999 -9999 -9999 -9999 -9999 -9999 8.609 6.941 7.75 7.394 6.769 6.976 5.627 6.11 6.561 6.445 5.766 6.32 6.146 6.762 7.264 6.478 6.137 6.911 7.839 8.656 8.87 8.687 8.233 8.236 8.389 8.482 8.554 8.401 8.07 8.037 7.942 7.49 7.208 7.053 6.885 7.459 7.71 7.938 8.161 8.205 8.583 8.545 8.668 8.677 8.737 9.03 8.944 9.17 9.245 9.191 9.177 9.009 8.986 9.257 9.296 9.328 9.352 9.372 9.336 9.249 9.135
-9999 -9999 -9999 -9999 -9999 -9999 -9999 -9999 -9999 -9999 -9999 -9999 -9999 -9999 -9999 8.515 7.043 7.917 8.123 7.802 7.932 7.181 6.868 6.436 5.974 5.649 5.702 5.877 6.228 7.143 6.716 6.742 7.555 7.805 8.385 8.538 8.733 8.518 8.247 8.242 8.31 8.443 8.296 8.003 8.157 8.124 7.946 7.432 7.342 7.741 7.564 7.559 7.921 8.1 8.283 8.418 8.488 8.707 8.83 8.997 9.053 9.17 9.209 9.096 9.144 9.149 9.131 8.97 8.96 9.249 9.315 9.281 9.284 9.273 9.28 9.235 9.21
-9999 -9999 -9999 -9999 -9999 -9999 -9999 -9999 -9999 -9999 -9999 -9999 -9999 8.353 8.575 8.27 8.35 8.628 8.658 8.359 8.635 8.273 7.452 6.622 5.858 4.877 6.307 6.449 6.993 6.96 6.069 6.386 6.966 7.956 8.311 8.423 8.493 8.358 8.198 8.106 8.249 8.233 8.03 7.967 7.932 8.196 7.901 7.544 7.617 7.716 7.829 7.975 8.132 8.341 8.559 8.761 8.717 8.759 9.037 9.26 9.33 9.223 9.16 9.13 9.084 9.03 9.069 8.876 8.833 9.147 9.29 9.264 9.215 9.198 9.214 9.294 -9999
-9999 -9999 -9999 -9999 -9999 -9999 -9999 -9999 -9999 -9999 -9999 -9999 8.215 8.312 8.462 8.604 -9999 -9999 -9999 -9999 7.903 7.016 6.852 6.543 5.63 6.538 6.568 5.899 6.42 5.83 4.542 5.473 6.612 7.273 8.108 8.531 8.403 8.275 8.21 8.195 8.223 8.191 8.046 8.006 7.915 8.065 7.913 7.858 7.846 7.898 8.12 8.277 8.384 8.628 8.745 8.962 9.081 8.994 9.066 9.197 9.282 9.216 9.087 8.989 8.868 8.828 8.876 8.836 8.77 8.964 9.199 9.261 9.228 9.183 9.217 9.297 9.354
-9999 -9999 -9999 -9999 -9999 -9999 -9999 -9999 -9999 -9999 -9999 -9999 8.223 8.068 8.721 -9999 -9999 -9999 -9999 -9999 7.595 6.953 6.596 6.891 6.165 6.297 5.798 5.263 5.547 5.221 5.307 6.876 7.047 7.773 8.401 8.575 8.419 8.276 8.176 8.058 8.051 8.151 8.09 7.983 8.006 7.97 8.114 8.093 8.171 7.952 7.931 8.097 8.408 8.68 8.831 8.947 8.932 8.938 8.911 8.924 8.961 8.821 8.816 8.605 8.444 8.449 8.643 8.756 8.783 8.944 9.133 9.278 9.283 9.276 9.288 9.335 9.384
-9999 -9999 -9999 -9999 -9999 -9999 -9999 -9999 -9999 -9999 -9999 -9999 -9999 -9999 8.83 -9999 -9999 -9999 -9999 -9999 7.475 6.777 7.297 7.015 6.658 6.6 5.242 5.582 6.566 5.776 6.717 7.086 7.433 8.179 8.58 8.59 8.26 8.202 8.094 8.044 8.223 8.211 8.222 8.181 8.063 8.131 8.249 8.359 8.291 8.264 8.171 8.111 8.402 8.52 8.373 8.539 8.677 8.669 8.807 8.759 8.579 8.322 8.221 8.463 8.383 8.362 8.491 8.675 8.773 8.925 9.116 9.282 9.318 9.337 9.377 9.418 9.47
-9999 -9999 -9999 -9999 -9999 -9999 -9999 -9999 -9999 -9999 -9999 -9999 -9999 -9999 -9999 -9999 -9999 -9999 -9999 -9999 7.889 7.443 8.58 7.798 6.981 5.65 5.862 6.026 6.082 6.911 7.013 7.195 8.173 8.453 8.671 8.482 8.341 8.213 8.227 8.269 8.334 8.377 8.356 8.287 8.226 8.181 8.263 8.251 8.104 8.358 8.533 8.487 8.44 8.615 8.346 8.169 8.399 8.352 8.569 8.798 8.558 8.381 8.251 8.344 8.565 8.524 8.517 8.717 8.868 8.969 9.116 9.284 9.323 9.355 9.407 9.473 9.543
-9999 -9999 -9999 -9999 -9999 -9999 -9999 -9999 -9999 -9999 -9999 -9999 -9999 -9999 -9999 -9999 -9999 -9999 -9999 -9999 -9999 8.145 6.964 6.551 6.492 6.76 6.628 6.376 7.159 7.249 7.718 8.276 8.102 8.568 8.485 8.106 8.127 8.24 8.381 8.489 8.448 8.331 8.289 8.133 8.112 8.15 8.255 8.096 7.915 8.121 8.51 8.641 8.61 8.554 8.512 8.326 8.23 8.059 8.154 8.734 8.777 8.453 8.253 8.117 8.248 8.582 8.623 8.768 8.957 9.145 9.213 9.321 9.345 9.369 9.42 9.492 9.561
-9999 -9999 -9999 -9999 -9999 -9999 -9999 -9999 -9999 -9999 -9999 -9999 -9999 -9999 -9999 -9999 -9999 -9999 -9999 -9999 7.963 7.525 7.178 6.282 7.287 7.326 6.672 7.062 7.175 7.209 8.285 8.224 8.133 8.302 7.163 7.783 8.124 8.175 8.18 8.417 8.19 7.734 7.788 8.054 8.273 8.217 8.307 8.218 8.159 8.2 8.463 8.589 8.629 8.588 8.478 8.45 8.303 8.307 8.396 8.706 8.733 8.429 8.151 7.971 8.046 8.453 8.76 8.873 9.084 9.254 9.326 9.355 9.38 9.394 9.441 9.525 9.595
-9999 -9999 -9999 -9999 -9999 -9999 -9999 -9999 -9999 -9999 -9999 -9999 -9999 -9999 -9999 -9999 -9999 -9999 -9999 -9999 8.32 7.896 6.246 7.873 8.371 7.575 7.338 7.009 6.477 7.29 8.243 8.211 8.448 7.89 7.814 7.766 7.649 7.728 8.223 8.211 7.921 7.865 7.953 8.332 8.325 8.281 8.375 8.337 8.458 8.488 8.527 8.588 8.607 8.634 8.602 8.552 8.484 8.354 8.538 8.705 8.555 8.171 7.882 7.966 8.065 8.251 8.635 8.955 9.08 9.287 9.29 9.295 9.399 9.461 9.509 9.579 9.659
-9999 -9999 -9999 -9999 -9999 -9999 -9999 -9999 -9999 -9999 -9999 -9999 -9999 -9999 -9999 -9999 -9999 -9999 -9999 -9999 8.174 7.574 8.524 8.331 8.003 7.616 7.062 6.162 6.595 7.002 7.862 8.192 8.53 8.281 7.753 7.045 6.745 7.057 7.832 7.659 7.873 7.87 8.173 8.49 8.376 8.392 8.442 8.502 8.649 8.541 8.464 8.558 8.597 8.446 8.582 8.652 8.598 8.538 8.611 8.662 8.454 8.175 8.045 8.08 8.283 8.49 8.728 8.878 9.075 9.236 9.39 9.3 9.419 9.501 9.568 9.657 9.703
-9999 -9999 -9999 -9999 -9999 -9999 -9999 -9999 -9999 -9999 -9999 -9999 -9999 -9999 -9999 -9999 -9999 -9999 -9999 -9999 -9999 8.668 7.645 6.979 6.303 6.258 6.335 6.723 7.203 8.083 8.322 8.495 8.29 8.13 7.797 7.332 6.996 7.064 7.425 7.797 7.826 7.731 8.144 8.455 8.319 8.55 8.555 8.477 8.831 8.848 8.64 8.618 8.649 8.414 8.333 8.668 8.637 8.601 8.65 8.614 8.394 8.279 8.344 8.51 8.534 8.681 8.778 8.838 9.078 9.283 9.339 9.351 9.476 9.559 9.595 9.661 9.716
-9999 -9999 -9999 -9999 -9999 -9999 -9999 -9999 -9999 -9999 -9999 -9999 -9999 -9999 -9999 -9999 -9999 -9999 -9999 -9999 -9999 7.923 6.92 6.171 5.587 5.489 6.048 7.056 7.922 8.178 7.859 7.252 6.847 6.909 7.478 7.811 7.353 7.372 7.633 7.842 7.356 7.655 8.012 8.186 8.261 8.594 8.59 8.682 8.569 8.721 8.802 8.71 8.675 8.533 8.449 8.661 8.74 8.567 8.487 8.448 8.323 8.326 8.5 8.436 8.48 8.529 8.765 8.794 9.021 9.226 9.215 9.322 9.503 9.568 9.56 9.548 9.534
-9999 -9999 -9999 -9999 -9999 -9999 -9999 -9999 -9999 -9999 -9999 -9999 -9999 -9999 -9999 -9999 -9999 -9999 -9999 -9999 8.438 7.914 6.969 6.178 5.752 6.09 6.63 7.151 6.84 6.144 6.563 6.442 6.568 7.459 7.85 7.643 7.559 7.822 7.97 7.534 7.443 7.541 7.891 8.143 8.28 8.695 8.652 8.455 8.614 8.415 8.576 8.571 8.589 8.562 8.629 8.847 8.817 8.703 8.641 8.486 8.444 8.288 8.403 8.449 8.488 8.632 8.734 8.983 9.146 9.177 9.148 9.296 9.528 9.558 9.564 9.513 9.441
-9999 -9999 -9999 -9999 -9999 -9999 -9999 -9999 -9999 -9999 -9999 -9999 -9999 -9999 -9999 -9999 -9999 -9999 -9999 -9999 8.206 7.517 7.114 6.836 6.33 5.723 6.122 6.372 6.211 6.357 6.118 6.033 6.586 7.411 7.05 7.119 7.847 7.653 8.122 7.768 7.456 7.374 8.072 8.141 8.666 8.786 8.604 8.48 7.995 8.233 8.298 8.395 8.432 8.499 8.65 8.888 8.916 8.784 8.818 8.835 8.517 8.363 8.287 8.353 8.489 8.837 9.004 9.175 9.288 9.221 9.149 9.27 9.389 9.522 9.541 9.526 9.448
-9999 -9999 -9999 -9999 -9999 -9999 -9999 -9999 -9999 -9999 -9999 -9999 -9999 -9999 -9999 -9999 -9999 -9999 -9999 -9999 7.689 7.685 7.847 7.207 6.104 5.559 6.055 6.342 6.675 6.291 6.434 6.667 6.883 6.774 7.017 7.833 7.878 7.961 7.593 8.076 7.889 8.101 8.066 8.197 8.677 8.882 8.709 8.277 8.341 8.235 8.206 8.302 8.364 8.585 8.772 8.845 8.829 8.784 8.847 8.851 8.577 8.344 8.478 8.648 8.591 8.864 9.072 9.327 9.371 9.254 9.29 9.394 9.481 9.582 9.672 9.591 9.556
-9999 -9999 -9999 -9999 -9999 -9999 -9999 -9999 -9999 -9999 -9999 -9999 -9999 -9999 -9999 -9999 -9999 -9999 -9999 7.908 7.584 7.213 7.442 7.18 6.101 6.043 5.747 6.398 7.215 7.249 7.367 6.902 6.735 7.246 7.431 7.471 7.878 7.813 8.262 8.44 8.454 8.364 8.204 8.524 8.811 8.877 8.822 8.718 8.582 8.557 8.436 8.452 8.436 8.572 8.779 8.856 8.86 8.919 8.878 8.746 8.6 8.517 8.704 8.855 8.878 8.915 9.225 9.263 9.336 9.242 9.211 9.356 9.505 9.542 9.578 9.546 9.592
-9999 -9999 -9999 -9999 -9999 -9999 -9999 -9999 -9999 -9999 -9999 -9999 -9999 -9999 -9999 -9999 -9999 -9999 7.705 7.622 7.164 7.592 7.601 6.42 5.773 5.74 6.184 6.845 7.487 7.342 7.429 7.003 6.407 7.286 7.29 7.988 8.097 8.334 8.428 8.365 8.227 8.288 8.199 8.643 8.796 9.108 9.075 8.901 8.845 8.78 8.732 8.566 8.54 8.703 8.822 8.795 8.773 8.798 8.79 8.671 8.619 8.634 8.787 9.012 9.134 9.228 9.127 9.118 9.147 9.181 9.213 9.35 9.378 9.337 9.314 9.347 9.516
-9999 -9999 -9999 -9999 -9999 -9999 -9999 -9999 -9999 -9999 -9999 -9999 -9999 -9999 -9999 -9999 7.401 7.493 7.456 8.121 8.073 7.852 7.103 6.052 5.695 5.704 5.738 6.785 7.281 7.805 7.429 6.765 6.737 7.396 8.036 8.228 8.475 8.453 8.505 8.151 8.062 8.085 8.469 8.933 9.129 9.19 9.072 8.877 8.879 8.956 8.847 8.652 8.687 8.773 8.889 8.652 8.591 8.509 8.39 8.434 8.522 8.767 8.902 9.012 8.98 9.115 9.105 9.133 9.134 9.162 9.241 9.39 9.487 9.27 9.178 9.252 9.518
-9999 -9999 -9999 -9999 -9999 -9999 -9999 -9999 -9999 -9999 -9999 -9999 -9999 -9999 -9999 7.369 7.267 7.088 7.572 7.993 7.921 7.572 6.385 6.332 5.856 5.859 6.459 7.359 8.008 7.914 7.716 7.074 6.47 7.19 7.911 8.462 8.394 8.391 8.106 8.277 8.059 8.151 8.674 9.049 9.32 9.276 8.95 8.96 8.79 8.844 8.9 8.83 8.779 8.759 8.642 8.679 8.505 8.528 8.449 8.258 8.303 8.463 8.683 8.804 8.842 8.964 9.128 9.06 9.286 9.354 9.37 9.444 9.412 9.3 9.173 9.305 9.557
-9999 -9999 -9999 -9999 -9999 -9999 -9999 -9999 -9999 -9999 -9999 -9999 8.575 8.224 7.873 7.662 7.266 7.392 7.638 8.093 8.112 6.891 6.719 6.587 6.889 6.128 7.122 7.427 7.039 7.654 7.872 6.354 7.074 7.783 8.736 8.689 8.421 7.873 8.595 8.393 8.335 8.418 8.567 9.03 9.264 9.33 9.139 9.081 8.907 8.777 8.881 8.865 8.904 8.723 8.587 8.264 8.46 8.588 8.591 8.414 8.396 8.524 8.704 8.875 8.854 8.946 9.012 9.17 9.28 9.418 9.368 9.433 9.457 9.363 9.393 9.449 9.563
-9999 -9999 -9999 -9999 -9999 -9999 -9999 -9999 -9999 -9999 7.914 8.136 8.385 8.35 8.233 7.827 7.945 7.782 8.059 7.855 6.938 7.373 7.247 7.215 7.391 6.933 6.843 6.03 6.665 7.161 7.085 7.483 7.98 8.58 7.872 8.123 8.411 8.642 8.78 8.729 8.594 8.648 8.87 8.888 9.199 9.423 9.291 9.177 9.063 8.986 8.966 8.714 8.864 8.9 8.599 8.39 8.253 8.564 8.577 8.425 8.366 8.437 8.59 8.897 9.065 9.106 9.061 9.041 9.269 9.261 9.215 9.346 9.467 9.442 9.438 9.445 9.442
-9999 -9999 -9999 -9999 -9999 -9999 8.001 8.09 8.033 7.977 7.446 8.264 8.187 8.345 8.153 7.849 7.895 7.893 7.76 6.974 7.398 7.805 7.283 7.845 7.595 7.149 6.194 6.435 6.894 7.226 7.181 7.914 8.431 7.185 7.263 8.079 8.161 8.673 8.787 8.874 8.716 8.491 8.791 8.71 9.334 9.397 9.298 9.023 8.845 8.898 8.364 8.604 8.769 8.869 8.609 8.269 8.292 8.472 8.536 8.556 8.493 8.521 8.638 8.895 9.027 9.113 9.14 9.01 9.054 9.181 9.19 9.383 9.548 9.43 9.126 9.114 9.056
-9999 -9999 -9999 -9999 -9999 8.311 8.054 8.096 7.979 7.104 6.831 7.072 7.467 7.953 7.461 7.324 7.513 7.506 7.088 7.552 7.734 7.438 8.008 8.275 7.853 7.146 6.625 6.938 7.21 7.273 7.612 8.021 6.937 5.692 7.042 7.862 8.47 8.46 8.696 8.539 8.609 8.789 8.868 9.152 9.271 9.259 9.26 8.973 8.676 8.269 7.992 7.903 8.533 8.713 8.257 8.123 8.229 8.43 8.574 8.558 8.58 8.603 8.784 8.819 8.886 9.003 8.895 8.815 9.001 9.137 9.213 9.371 9.461 9.268 9.014 8.865 8.924
-9999 -9999 -9999 -9999 8.48 8.104 8.044 8.134 7.711 7.172 7.309 7.594 7.952 7.576 7.55 7.542 8.074 7.572 7.424 7.82 7.885 8.099 8.688 8.228 7.35 6.884 7.186 7.445 7.416 7.996 8.124 7.736 6.141 6.239 7.06 8.427 8.301 8.494 8.411 8.786 8.89 8.794 8.965 9.077 9.183 9.216 9.326 9.104 8.734 8.193 7.774 7.994 8.383 8.494 8.206 7.897 8.154 8.409 8.511 8.628 8.638 8.698 8.756 8.816 8.716 8.807 8.936 8.842 8.96 8.997 8.892 9.138 9.335 9.188 8.963 8.956 9.008
