Validation/Results/raw data/ReClimate_05_2024_1_Precipitation-Actualsweatherlogisticsltd.asc
NCOLS 192
NROWS 249
XLLCENTER -225160.85627316462
YLLCENTER 29788.11610251502
CELLSIZE 5000.0
NODATA_VALUE -9999
[rows 66 to 98 of 249, columns 74 to 147 of 192]
-9999 -9999 -9999 -9999 -9999 -9999 -9999 -9999 -9999 -9999 -9999 94.091 -9999 107.882 146.708 155.471 141.891 160.269 126.045 119.523 101.926 97.642 82.583 87.142 95.553 93.772 97.021 101.336 103.922 109.83 91.571 77.354 -9999 -9999 -9999 -9999 -9999 -9999 -9999 -9999 -9999 -9999 -9999 -9999 -9999 -9999 -9999 -9999 -9999 -9999 -9999 -9999 -9999 -9999 -9999 -9999 -9999 -9999 -9999 -9999 -9999 -9999 -9999 -9999 -9999 -9999 -9999 -9999 -9999 -9999 -9999 -9999 -9999 -9999
-9999 -9999 -9999 -9999 -9999 -9999 -9999 -9999 -9999 -9999 -9999 -9999 117.699 143.411 149.449 138.407 134.798 127.613 126.024 123.786 111.159 98.891 91.634 87.252 89.99 90.868 96.527 100.604 105.589 92.56 -9999 -9999 -9999 -9999 -9999 -9999 -9999 -9999 -9999 -9999 -9999 -9999 -9999 -9999 -9999 -9999 -9999 -9999 -9999 -9999 -9999 -9999 -9999 -9999 -9999 -9999 -9999 -9999 -9999 -9999 -9999 -9999 -9999 -9999 -9999 -9999 -9999 -9999 -9999 -9999 -9999 -9999 -9999 -9999
-9999 -9999 -9999 -9999 -9999 -9999 -9999 -9999 -9999 -9999 -9999 -9999 134.969 139.749 132.87 117.896 124.989 127.513 111.816 103.316 100.338 92.576 89.102 85.699 92.905 94.117 89.394 96.208 87.68 73.256 -9999 -9999 -9999 -9999 -9999 -9999 -9999 -9999 -9999 -9999 -9999 -9999 -9999 -9999 -9999 -9999 -9999 -9999 -9999 -9999 -9999 -9999 -9999 -9999 -9999 -9999 -9999 -9999 -9999 -9999 -9999 -9999 -9999 -9999 -9999 -9999 -9999 -9999 -9999 -9999 -9999 -9999 -9999 -9999
-9999 -9999 -9999 -9999 -9999 -9999 -9999 -9999 -9999 -9999 -9999 -9999 -9999 -9999 115.193 122.396 127.829 111.404 101.977 103.287 104.72 95.802 82.953 83.898 98.285 94.158 89.434 74.758 -9999 -9999 -9999 -9999 -9999 -9999 -9999 -9999 -9999 -9999 -9999 -9999 -9999 -9999 -9999 -9999 -9999 -9999 -9999 -9999 -9999 -9999 -9999 -9999 -9999 -9999 -9999 -9999 -9999 -9999 -9999 -9999 -9999 -9999 -9999 -9999 -9999 -9999 -9999 -9999 -9999 -9999 -9999 -9999 -9999 -9999
-9999 -9999 -9999 -9999 -9999 -9999 -9999 -9999 94.215 -9999 -9999 122.392 132.192 118.608 112.303 135.407 125.345 117.057 114.439 116.348 106.963 94.795 77.021 89.826 94.198 99.527 85.835 78.922 -9999 -9999 -9999 -9999 -9999 -9999 -9999 -9999 -9999 -9999 -9999 -9999 -9999 -9999 -9999 -9999 -9999 -9999 -9999 -9999 -9999 -9999 -9999 -9999 -9999 -9999 -9999 -9999 -9999 -9999 -9999 -9999 -9999 -9999 -9999 -9999 -9999 -9999 -9999 -9999 -9999 -9999 -9999 -9999 -9999 -9999
-9999 -9999 -9999 -9999 -9999 -9999 93.763 95.148 98.477 96.154 112.562 129.143 143.388 140.453 136.96 111.624 133.937 134.62 125.992 114.734 101.497 102.497 108.573 87.394 87.879 80.825 75.595 71.366 -9999 -9999 -9999 -9999 -9999 -9999 -9999 -9999 -9999 -9999 -9999 -9999 -9999 -9999 -9999 -9999 -9999 -9999 -9999 -9999 -9999 -9999 -9999 -9999 -9999 -9999 -9999 -9999 -9999 -9999 -9999 -9999 -9999 -9999 -9999 -9999 -9999 -9999 -9999 -9999 -9999 -9999 -9999 -9999 -9999 -9999
-9999 -9999 -9999 -9999 -9999 -9999 97.713 105.16 -9999 115.242 131.872 145.083 143.501 161.358 120.85 131.49 147.048 151.001 146.53 119.583 117.755 124.909 103.95 97.742 99.929 82.408 79.547 -9999 69.761 -9999 -9999 -9999 -9999 -9999 -9999 -9999 -9999 -9999 -9999 -9999 -9999 -9999 -9999 -9999 -9999 -9999 -9999 -9999 -9999 -9999 -9999 -9999 -9999 -9999 -9999 -9999 -9999 -9999 -9999 -9999 -9999 -9999 -9999 -9999 -9999 -9999 -9999 -9999 -9999 -9999 -9999 -9999 -9999 -9999
-9999 -9999 -9999 -9999 -9999 -9999 -9999 120.927 122.103 127.588 145.216 140.776 161.834 136.531 128.319 128.232 129.715 135.494 133.083 113.398 113.97 111.651 92.63 98.409 93.864 84.185 80.427 70.587 68.786 -9999 -9999 -9999 -9999 -9999 -9999 -9999 -9999 -9999 -9999 -9999 -9999 -9999 -9999 -9999 -9999 -9999 -9999 -9999 -9999 -9999 -9999 -9999 -9999 -9999 -9999 -9999 -9999 -9999 -9999 -9999 -9999 -9999 -9999 -9999 -9999 -9999 -9999 -9999 -9999 -9999 -9999 -9999 -9999 -9999
102.337 -9999 -9999 -9999 -9999 -9999 -9999 -9999 125.028 132.486 138.218 174.242 162.678 153.753 139.723 148.676 152.835 126.731 103.539 101.552 118.667 109.087 96.548 97.49 85.378 77.234 64.221 68.806 78.278 -9999 -9999 -9999 -9999 -9999 -9999 -9999 -9999 -9999 -9999 -9999 -9999 -9999 -9999 -9999 -9999 -9999 -9999 -9999 -9999 -9999 -9999 -9999 -9999 -9999 -9999 -9999 -9999 -9999 -9999 -9999 -9999 -9999 -9999 -9999 -9999 -9999 -9999 -9999 -9999 -9999 -9999 -9999 -9999 -9999
112.701 -9999 -9999 -9999 -9999 -9999 128.639 131.214 144.226 144.294 146.405 143.862 168.158 157.127 151.714 152.551 131.017 113.379 108.435 99.953 114.114 131.503 103.766 83.722 71.582 67.98 -9999 72.116 -9999 -9999 -9999 -9999 -9999 -9999 81.899 80.371 81.774 -9999 -9999 -9999 -9999 -9999 -9999 -9999 -9999 -9999 -9999 -9999 -9999 -9999 -9999 -9999 -9999 -9999 -9999 -9999 -9999 -9999 -9999 -9999 -9999 -9999 -9999 -9999 -9999 -9999 -9999 -9999 -9999 -9999 -9999 -9999 -9999 -9999
121.439 110.212 -9999 -9999 -9999 -9999 -9999 144.472 159.297 161.485 145.595 156.649 142.838 147.795 143.479 141.413 114.781 102.103 87.642 100.919 130.354 112.727 89.756 77.329 80.079 80.431 72.552 -9999 -9999 -9999 -9999 74.661 74.253 79.219 83.613 82.899 83.344 86.128 85.527 85.085 86.299 88.049 86.059 80.096 77.949 81.713 89.563 92.506 86.194 77.056 72.151 73.006 74.397 -9999 -9999 -9999 -9999 -9999 -9999 -9999 -9999 -9999 -9999 -9999 -9999 -9999 -9999 -9999 -9999 -9999 -9999 -9999 -9999 -9999
148.775 149.006 -9999 -9999 -9999 136.388 -9999 140.791 143.846 164.035 187.713 161.664 143.209 130.71 139.13 122.773 116.684 105.108 103.329 97.367 96.192 95.043 85.556 84.975 93.542 84.463 -9999 -9999 -9999 -9999 86.126 81.288 81.194 90.858 99.088 89.313 88.678 94.923 97.43 100.397 94.817 93.191 107.323 90.02 84.418 85.536 89.47 93.511 92.031 82.349 78.537 83.781 75.485 -9999 -9999 -9999 -9999 -9999 -9999 -9999 -9999 -9999 -9999 -9999 -9999 -9999 -9999 -9999 -9999 -9999 -9999 -9999 -9999 -9999
155.431 150.575 -9999 -9999 -9999 143.579 144.565 131.423 152.103 197.221 189.917 184.65 147.044 147.922 134.61 123.383 107.655 104.855 112.291 103.027 103.702 86.889 80.589 94.712 90.85 -9999 -9999 83.109 84.953 88.232 92.749 94.048 95.071 101.528 101.938 108.845 109.995 109.149 101.229 100.131 93.797 98.505 95.359 96.547 87.478 91.412 94.055 99.488 95.483 86.193 87.237 82.625 78.267 75.292 -9999 -9999 -9999 -9999 -9999 -9999 -9999 -9999 -9999 -9999 -9999 -9999 -9999 -9999 -9999 -9999 -9999 -9999 -9999 -9999
141.929 139.076 -9999 131.505 -9999 128.3 132.138 164.073 194.064 178.719 204.066 184.613 171.69 159.974 142.839 131.581 118.728 115.232 110.484 109.682 90.257 84.317 73.894 79.234 81.373 -9999 91.5 97.312 101.085 99.692 99.415 101.533 109.616 112.722 121.461 121.062 116.372 110.067 110.741 110.629 103.367 95.445 93.526 90.295 95.238 95.646 97.358 100.415 97.266 95.527 84.619 78.859 76.865 74.67 -9999 -9999 -9999 -9999 -9999 -9999 -9999 -9999 -9999 -9999 -9999 -9999 -9999 -9999 -9999 -9999 -9999 -9999 -9999 -9999
135.69 -9999 127.128 -9999 -9999 -9999 171.103 232.413 193.893 182.62 150.476 161.933 163.416 152.408 144.49 134.695 142.404 135.437 124.348 99.983 90.086 79.276 80.122 98.016 88.452 91.996 105.71 116.367 117.709 108.47 106.494 114.235 118.468 126.802 121.4 104.648 104.799 105.468 105.45 111.061 102.587 98.056 97.388 92.727 95.04 103.906 101.722 97.924 95.686 90.383 87.043 86.315 81.514 77.893 -9999 -9999 -9999 -9999 -9999 -9999 -9999 -9999 -9999 -9999 -9999 -9999 -9999 -9999 -9999 -9999 -9999 -9999 -9999 -9999
145.32 125.812 -9999 -9999 -9999 -9999 186.327 183.325 167.593 -9999 157.17 169.936 170.596 148.122 133.289 128.911 116.935 114.436 116.272 106.887 103.159 96.91 105.332 107.032 88.526 104.194 108.428 121.859 129.863 119.114 107.614 110.506 122.367 127.727 105.895 96.615 118.146 112.752 118.718 114.4 102.366 104.108 100.106 101.091 105.412 99.749 96.249 92.787 92.697 90.115 92.582 91.464 82.014 78.798 -9999 -9999 -9999 -9999 -9999 -9999 -9999 -9999 -9999 -9999 -9999 -9999 -9999 -9999 -9999 -9999 -9999 -9999 -9999 -9999
184.259 163.577 -9999 -9999 -9999 147.263 -9999 -9999 141.405 143.357 165.058 189.395 186.228 165.325 158.187 134.553 124.073 106.266 94.66 92.334 97.643 99.827 107.867 82.339 100.411 109.472 125.454 120.594 120.652 126.176 112.71 111.608 114.48 108.095 101.583 121.006 121.67 121.781 115.564 108.16 113.911 106.57 106.309 110.331 99.273 93.707 94.351 99.008 90.008 88.46 89.941 89.959 82.828 -9999 -9999 -9999 -9999 -9999 -9999 -9999 -9999 -9999 -9999 -9999 -9999 -9999 -9999 -9999 -9999 -9999 -9999 -9999 -9999 -9999
217.328 202.622 160.516 136.853 -9999 -9999 -9999 161.618 138.95 -9999 169.999 166.811 168.233 173.154 163.795 159.734 128.295 97.963 95.017 96.984 98.484 96.671 82.408 98.449 102.647 114.867 121.78 116.015 121.308 118.723 101.623 100.196 98.503 106.011 128.202 118.224 123.272 135.34 115.443 111.941 105.311 98.459 104.832 98.605 91.821 89.659 94.515 89.596 90.157 88.308 86.912 84.607 -9999 -9999 -9999 -9999 -9999 -9999 -9999 -9999 -9999 -9999 -9999 -9999 -9999 -9999 -9999 -9999 -9999 -9999 -9999 -9999 -9999 -9999
224.342 213.122 174.782 151.772 -9999 148.303 160.346 165.512 167.876 190.302 180.271 173.695 186.707 191.251 162.935 126.779 122.493 115.18 118.37 115.648 106.604 89.481 87.856 104.061 127.42 130.989 117.517 114.865 110.274 84.863 89.725 99.936 109.319 121.045 106.885 104.969 117.194 126.169 128.923 122.506 119.34 102.384 111.966 104.764 106.833 115.342 94.324 90.934 95.717 94.743 85.22 81.419 -9999 -9999 -9999 -9999 -9999 -9999 -9999 -9999 -9999 -9999 -9999 -9999 -9999 -9999 -9999 -9999 -9999 -9999 -9999 -9999 -9999 -9999
205.523 197.628 171.122 154.507 155.527 153.984 176.324 -9999 170.14 192.759 210.686 219.01 198.825 180.271 148.777 158.416 137.31 127.466 115.393 104.626 96.83 85.774 93.138 125.997 138.738 110.628 103.037 118.178 95.916 100.571 90.696 97.965 103.422 106.471 115.808 114.127 124.878 137.797 119.865 112.211 106.451 98.896 95.448 91.032 101.38 96.539 89.193 92.011 93.468 88.59 81.62 -9999 -9999 -9999 -9999 -9999 -9999 -9999 -9999 -9999 -9999 -9999 -9999 -9999 -9999 -9999 -9999 -9999 -9999 -9999 -9999 -9999 -9999 -9999
200.149 -9999 -9999 -9999 150.835 170.958 -9999 174.759 199.675 234.615 241.779 208.926 202.834 187.523 190.742 165.981 119.433 108.461 116.907 120.971 94.372 98.553 119.372 142.297 138.946 127.139 135.851 113.524 120.0 102.364 99.496 123.752 115.323 131.489 126.35 126.455 134.91 123.367 94.91 99.995 101.852 105.246 100.779 89.753 97.166 93.654 91.059 91.756 91.71 87.452 78.427 -9999 -9999 -9999 -9999 -9999 -9999 -9999 -9999 -9999 -9999 -9999 -9999 -9999 -9999 -9999 -9999 -9999 -9999 -9999 -9999 -9999 -9999 -9999
-9999 -9999 -9999 140.627 166.434 -9999 163.99 189.609 -9999 213.808 199.477 220.349 213.213 218.283 190.728 152.83 146.861 138.658 118.301 99.868 119.725 119.987 125.701 149.139 155.419 151.079 133.577 113.092 98.082 89.336 115.284 127.593 140.029 139.376 125.678 116.622 121.593 104.966 105.098 101.43 102.284 105.747 97.355 99.458 101.425 96.859 96.984 92.024 96.735 91.587 78.835 -9999 -9999 -9999 -9999 -9999 -9999 -9999 -9999 -9999 -9999 -9999 -9999 -9999 -9999 -9999 -9999 -9999 -9999 -9999 -9999 -9999 -9999 -9999
-9999 -9999 -9999 137.453 -9999 -9999 178.867 198.849 215.792 199.221 219.219 217.727 197.44 178.074 162.342 139.415 121.478 106.072 113.343 144.396 156.987 148.382 150.223 159.869 157.908 134.072 97.494 86.026 97.393 131.358 145.732 180.515 173.579 143.973 129.601 129.185 112.216 108.008 102.839 99.873 91.049 94.55 95.68 94.599 106.216 123.319 101.809 90.043 91.261 87.439 81.677 -9999 -9999 -9999 -9999 -9999 -9999 -9999 -9999 -9999 -9999 -9999 -9999 -9999 -9999 -9999 -9999 -9999 -9999 -9999 -9999 -9999 -9999 -9999
-9999 -9999 -9999 -9999 -9999 -9999 -9999 228.185 235.575 217.861 226.64 219.525 185.98 187.578 173.604 152.771 141.172 144.486 159.429 164.822 166.184 140.123 134.297 142.03 139.638 108.114 88.37 98.027 120.485 144.797 181.211 164.455 160.085 141.505 135.508 119.87 109.321 107.697 102.496 88.633 86.042 94.345 85.524 91.57 108.068 99.393 86.807 87.439 95.549 94.634 -9999 -9999 -9999 -9999 -9999 -9999 -9999 -9999 -9999 -9999 -9999 -9999 -9999 -9999 -9999 -9999 -9999 -9999 -9999 -9999 -9999 -9999 -9999 -9999
-9999 -9999 -9999 -9999 -9999 154.653 181.532 -9999 249.718 239.379 239.512 193.073 177.443 173.585 174.169 191.329 192.202 172.05 144.001 148.951 141.677 137.655 116.454 114.457 107.595 98.328 112.611 118.28 138.622 162.292 154.594 154.257 122.703 117.244 110.159 89.191 92.962 103.114 109.288 108.999 106.626 104.628 117.862 106.757 88.32 92.543 100.492 102.994 101.778 92.323 -9999 -9999 -9999 -9999 -9999 -9999 -9999 -9999 -9999 -9999 -9999 -9999 -9999 -9999 -9999 -9999 -9999 -9999 -9999 -9999 -9999 -9999 -9999 -9999
-9999 -9999 -9999 -9999 154.516 155.574 198.937 220.919 257.252 264.724 241.076 220.905 184.941 161.542 169.164 166.941 169.965 181.174 167.572 174.162 174.571 112.851 112.855 105.207 103.539 107.075 120.087 124.377 137.649 133.274 135.736 122.334 111.42 106.785 121.424 119.992 127.817 119.806 112.357 134.006 146.259 142.107 133.083 113.075 113.48 114.825 109.504 97.994 91.617 -9999 -9999 -9999 -9999 -9999 -9999 -9999 -9999 -9999 -9999 -9999 -9999 -9999 -9999 -9999 -9999 -9999 -9999 -9999 -9999 -9999 -9999 -9999 -9999 -9999
-9999 -9999 -9999 -9999 155.438 -9999 187.578 203.54 222.062 243.958 239.725 186.962 173.826 181.089 146.133 141.739 151.432 153.227 165.668 156.58 118.01 127.981 141.738 124.106 111.825 143.828 133.889 136.482 140.327 144.211 139.535 134.274 125.54 140.053 139.426 147.311 149.458 112.572 133.299 140.13 117.139 123.647 133.758 122.953 117.949 112.071 97.377 95.349 89.335 -9999 -9999 -9999 -9999 -9999 -9999 -9999 -9999 -9999 -9999 -9999 -9999 -9999 -9999 -9999 -9999 -9999 -9999 -9999 -9999 -9999 -9999 -9999 -9999 -9999
-9999 -9999 -9999 -9999 -9999 -9999 206.385 221.439 201.922 213.183 189.682 159.025 159.086 142.359 139.88 136.428 136.194 153.101 133.419 136.034 136.687 159.229 137.884 108.601 131.788 152.38 140.481 141.778 134.642 149.014 136.599 133.31 163.917 160.247 157.205 173.764 154.014 147.342 155.522 142.994 128.137 121.144 111.253 118.102 123.682 106.269 92.888 90.077 86.334 -9999 -9999 -9999 -9999 -9999 -9999 -9999 -9999 -9999 -9999 -9999 -9999 -9999 -9999 -9999 -9999 -9999 -9999 -9999 -9999 -9999 -9999 -9999 -9999 -9999
-9999 -9999 -9999 -9999 167.203 179.318 205.254 202.603 194.072 217.7 184.967 187.694 186.744 -9999 179.186 223.854 205.896 180.751 165.709 171.856 170.549 168.775 154.647 141.256 137.497 130.695 123.205 111.231 119.067 135.698 127.919 154.753 142.621 142.573 140.405 154.345 159.901 149.429 131.323 143.001 135.187 115.55 123.38 112.687 107.987 102.968 96.279 95.018 79.409 -9999 -9999 -9999 -9999 -9999 -9999 -9999 -9999 -9999 -9999 -9999 -9999 -9999 -9999 -9999 -9999 -9999 -9999 -9999 -9999 -9999 -9999 -9999 -9999 -9999
164.305 139.747 150.434 162.024 -9999 168.978 190.483 196.478 201.443 211.613 210.959 203.392 -9999 208.636 255.688 237.235 228.374 191.466 174.346 157.022 170.746 167.326 161.81 141.937 121.548 111.571 106.167 91.997 113.485 114.125 138.136 138.069 134.252 126.0 118.208 133.753 135.129 124.055 129.579 133.468 129.097 125.349 99.412 97.751 99.697 97.053 101.189 82.996 -9999 -9999 -9999 -9999 -9999 -9999 -9999 -9999 -9999 -9999 -9999 -9999 -9999 -9999 -9999 -9999 -9999 -9999 -9999 -9999 -9999 -9999 -9999 -9999 -9999 -9999
140.966 144.044 156.887 176.991 179.018 -9999 183.037 189.417 202.188 212.198 202.694 185.555 189.66 223.41 228.792 211.029 221.229 197.558 178.986 162.245 156.853 138.957 134.642 114.528 110.252 125.24 98.578 102.159 101.264 109.883 121.666 137.672 120.772 104.856 117.275 131.844 121.742 118.816 113.426 122.894 115.092 98.695 92.714 94.75 92.362 89.331 -9999 -9999 -9999 -9999 -9999 -9999 -9999 -9999 -9999 -9999 -9999 -9999 -9999 -9999 -9999 -9999 -9999 -9999 -9999 -9999 -9999 -9999 -9999 -9999 -9999 -9999 -9999 -9999
-9999 -9999 -9999 176.625 -9999 194.296 195.523 204.755 229.249 229.891 -9999 -9999 208.804 207.315 203.869 238.737 217.219 201.055 174.882 165.441 119.236 108.201 99.958 93.576 101.38 101.239 106.051 88.185 101.332 107.461 116.386 120.534 113.484 107.78 117.411 119.774 115.967 106.632 111.177 107.936 96.563 86.677 88.193 93.307 86.854 -9999 -9999 -9999 -9999 -9999 -9999 -9999 -9999 -9999 -9999 -9999 -9999 -9999 -9999 -9999 -9999 -9999 -9999 -9999 -9999 -9999 -9999 -9999 -9999 -9999 -9999 -9999 -9999 -9999
151.18 159.621 -9999 180.442 206.927 192.765 202.868 225.308 237.466 -9999 -9999 231.511 265.473 260.253 253.473 219.421 210.284 189.812 166.561 139.452 126.28 121.691 124.503 114.863 126.031 151.149 121.289 101.813 110.114 102.83 102.033 102.154 115.303 118.13 112.726 109.799 105.434 96.574 97.801 97.403 90.968 87.807 89.886 89.676 90.496 82.702 -9999 -9999 -9999 -9999 -9999 -9999 -9999 -9999 -9999 -9999 -9999 -9999 -9999 -9999 -9999 -9999 -9999 -9999 -9999 -9999 -9999 -9999 -9999 -9999 -9999 -9999 -9999 -9999
