Validation/Results/raw data/ReClimate_03_2024_1_Precipitation-Actuals.asc
NCOLS 192
NROWS 249
XLLCENTER -225160.85627316462
YLLCENTER 29788.11610251502
CELLSIZE 5000.0
NODATA_VALUE -9999
[rows 198 to 230 of 249, columns 75 to 149 of 192]
-9999 -9999 -9999 -9999 -9999 -9999 -9999 -9999 -9999 -9999 -9999 -9999 -9999 -9999 -9999 -9999 -9999 79.665 81.058 82.759 77.915 74.841 80.292 83.337 102.412 110.062 125.798 126.322 111.558 92.817 76.058 73.825 73.77 80.454 88.214 78.354 66.167 57.621 57.191 58.47 63.078 61.357 61.719 60.543 59.042 57.843 55.288 53.48 55.283 54.189 55.643 54.382 52.014 50.135 50.917 51.382 52.18 51.545 53.781 55.519 55.229 57.429 55.216 51.727 49.982 50.031 50.783 49.497 48.32 48.855 45.503 45.627 44.89 42.792 40.967
-9999 -9999 -9999 -9999 -9999 -9999 -9999 -9999 -9999 -9999 -9999 -9999 -9999 -9999 52.496 65.037 72.35 75.438 82.111 83.766 82.894 78.738 75.323 94.302 104.715 117.606 115.499 118.299 102.953 93.901 89.102 75.905 71.765 88.241 76.486 67.724 55.01 53.609 55.662 62.097 57.964 57.636 55.07 57.908 60.756 57.892 59.206 54.848 52.712 51.524 52.878 55.357 51.563 49.595 47.461 51.202 53.03 56.397 54.234 53.748 54.653 55.482 56.958 54.118 52.394 50.307 51.466 50.899 49.447 48.156 45.928 42.678 44.782 43.614 41.155
-9999 -9999 -9999 -9999 -9999 -9999 -9999 -9999 -9999 -9999 -9999 -9999 68.876 63.403 66.399 69.116 72.136 77.724 79.773 87.263 85.269 84.845 95.999 92.095 104.859 109.479 102.95 104.959 104.063 107.944 91.436 81.654 79.989 71.845 67.517 60.571 69.01 62.989 56.387 54.213 52.843 52.904 55.138 58.551 58.242 61.061 56.745 53.007 51.94 50.543 51.954 53.612 52.826 55.663 52.867 50.305 52.742 52.842 55.773 53.524 53.693 56.846 57.93 59.386 56.416 51.965 49.501 48.645 49.577 48.509 46.593 45.499 44.325 43.283 42.46
-9999 -9999 -9999 -9999 -9999 -9999 -9999 -9999 74.833 77.614 74.457 71.298 79.855 75.698 80.005 79.463 81.278 85.447 87.947 92.775 95.456 107.129 98.51 95.747 103.925 97.185 97.422 99.948 108.095 99.472 90.553 83.09 77.828 71.991 64.931 80.621 79.105 65.947 65.084 53.895 55.875 54.354 56.367 61.717 58.667 61.987 59.312 51.112 50.746 53.413 55.16 53.989 61.829 59.258 56.934 52.374 55.585 53.58 53.269 55.629 55.991 56.789 59.525 57.399 54.864 52.223 50.637 48.972 48.497 50.001 48.457 45.469 43.554 41.722 40.559
-9999 -9999 -9999 -9999 -9999 -9999 -9999 66.038 76.177 76.867 86.015 96.415 99.571 104.688 96.652 91.559 95.919 98.97 98.202 98.735 107.929 107.415 102.81 101.651 92.457 88.981 91.482 97.752 96.915 91.817 85.68 78.699 72.535 74.598 90.833 108.752 85.309 73.929 58.672 58.656 55.549 59.469 56.977 52.757 55.318 56.979 52.6 51.158 50.867 54.439 56.986 59.845 65.039 66.796 57.663 52.034 56.965 58.995 57.075 58.1 55.803 56.945 57.162 55.438 51.786 52.142 53.166 50.227 51.639 53.993 50.611 47.302 44.569 43.158 42.924
-9999 -9999 -9999 -9999 -9999 -9999 60.335 69.829 76.724 80.783 87.2 95.486 100.621 95.682 94.532 96.419 96.24 99.901 99.225 100.341 108.383 106.206 97.007 88.958 81.495 89.572 102.201 103.045 99.19 89.546 82.796 73.066 75.493 76.353 105.004 103.332 96.323 72.535 67.241 61.221 64.692 60.32 54.917 55.034 53.882 54.251 52.467 52.313 51.795 51.519 58.056 66.719 71.569 65.829 59.198 57.669 58.338 62.166 59.385 59.199 57.422 54.352 54.899 54.79 51.422 51.233 54.167 53.484 50.846 51.725 52.03 49.345 49.545 48.359 46.306
-9999 -9999 -9999 -9999 56.112 -9999 60.646 64.94 67.884 75.395 78.332 83.296 82.795 85.598 90.122 91.097 91.164 91.256 93.561 88.218 89.62 85.85 84.979 84.814 95.466 109.17 130.374 141.066 118.202 107.422 100.331 107.967 95.205 84.999 92.816 113.371 90.316 81.816 74.017 70.789 64.922 62.657 57.714 60.425 58.101 55.343 52.518 52.535 53.435 59.083 63.463 72.215 78.814 69.123 59.527 57.651 58.83 61.134 59.492 57.47 54.473 54.082 53.142 51.326 51.757 51.034 51.695 52.831 51.161 50.484 52.207 51.625 51.494 48.468 46.755
-9999 -9999 -9999 -9999 -9999 -9999 -9999 -9999 70.121 67.186 71.353 75.92 77.41 80.658 86.829 86.011 79.991 84.121 83.525 82.434 84.535 85.971 91.394 93.691 108.988 126.53 143.787 143.58 141.113 127.436 137.826 137.583 105.038 99.534 100.001 82.604 86.967 80.293 64.501 62.185 63.631 67.546 68.724 68.909 59.166 54.04 51.611 52.467 56.759 64.073 73.476 73.069 74.954 70.014 61.033 59.395 61.892 59.05 56.761 53.607 54.105 52.671 51.732 51.136 49.868 50.897 50.271 50.721 52.208 53.549 55.913 55.761 52.623 51.799 47.983
-9999 -9999 -9999 -9999 -9999 -9999 -9999 -9999 66.8 67.441 68.545 74.056 80.193 85.46 89.083 82.311 77.945 79.529 78.641 83.778 88.876 88.725 90.452 95.054 104.997 114.76 125.68 125.941 123.072 124.928 134.705 120.064 116.395 103.095 87.293 98.231 99.861 73.103 64.769 62.333 73.363 73.587 80.266 73.571 62.806 54.653 55.509 60.635 69.16 73.216 73.37 70.604 70.631 71.179 66.694 60.116 57.475 56.751 54.569 53.982 52.469 52.531 50.053 50.76 52.078 51.562 49.923 50.357 53.325 57.258 56.548 56.096 54.693 51.169 48.729
-9999 -9999 -9999 -9999 -9999 -9999 59.428 62.589 65.336 64.111 -9999 72.148 73.213 79.167 76.051 73.456 71.674 -9999 75.023 83.276 84.405 93.562 91.292 104.062 106.646 123.698 130.264 114.91 105.584 116.162 109.761 107.059 109.357 101.478 99.058 104.786 96.492 75.06 69.361 65.908 70.231 77.553 78.82 80.718 64.208 54.379 56.418 61.975 65.21 71.025 69.418 70.748 64.769 63.123 64.481 59.371 54.399 52.237 52.613 56.283 54.395 52.441 51.077 49.715 50.5 52.052 51.476 52.458 56.585 59.02 59.247 55.956 54.698 52.424 48.833
-9999 -9999 -9999 -9999 -9999 -9999 60.364 -9999 -9999 -9999 68.212 69.45 71.832 -9999 -9999 -9999 -9999 -9999 72.249 78.524 84.739 81.209 88.507 92.649 99.903 111.509 109.432 107.885 137.634 137.582 116.671 107.084 103.498 105.373 104.18 101.673 82.747 77.584 68.708 67.561 74.914 73.504 77.276 60.845 52.163 50.915 56.791 64.345 63.921 68.785 65.516 63.755 63.672 59.195 57.399 55.97 53.097 52.058 51.381 52.891 54.494 52.648 52.752 52.079 52.177 53.734 55.117 58.226 60.254 60.656 59.571 56.032 54.46 51.563 50.836
-9999 -9999 -9999 -9999 -9999 -9999 -9999 -9999 63.075 65.289 66.691 66.284 67.693 -9999 -9999 -9999 -9999 -9999 -9999 -9999 -9999 76.042 82.687 84.441 84.196 90.592 101.839 133.738 155.651 154.644 136.636 115.806 107.303 102.2 94.642 98.287 94.224 75.747 71.265 81.136 80.165 77.255 60.201 55.423 52.597 55.039 64.084 63.347 65.702 63.585 60.695 58.158 57.491 56.648 55.229 53.646 53.962 51.195 49.815 50.275 51.104 51.828 53.069 54.756 54.508 57.284 56.979 59.52 63.338 60.203 57.14 54.815 51.452 51.174 50.371
-9999 -9999 -9999 -9999 -9999 -9999 -9999 -9999 -9999 64.744 -9999 -9999 -9999 -9999 -9999 -9999 -9999 -9999 -9999 68.869 72.159 77.805 79.491 75.184 74.786 81.055 100.24 127.473 149.135 151.511 133.199 116.051 108.604 101.723 97.111 97.552 81.908 71.579 69.643 76.146 76.749 66.788 -9999 61.66 58.52 60.668 68.767 66.023 62.328 60.139 58.098 57.252 55.401 55.742 54.466 53.463 54.368 53.62 49.631 48.453 50.431 51.311 51.841 55.901 62.251 61.122 62.5 57.571 59.231 58.601 55.01 51.804 51.024 50.771 51.706
-9999 -9999 -9999 -9999 -9999 -9999 -9999 -9999 -9999 -9999 -9999 -9999 -9999 -9999 -9999 -9999 -9999 -9999 -9999 68.759 71.217 70.035 67.789 -9999 -9999 -9999 87.422 112.48 120.775 122.965 113.801 109.848 109.23 100.896 90.896 84.344 76.726 69.502 73.182 68.989 64.94 -9999 58.993 57.048 58.886 65.059 66.311 62.042 61.715 60.255 56.668 58.517 57.232 55.865 55.027 53.505 57.821 58.923 55.97 54.383 51.945 52.119 54.948 59.217 66.944 66.366 61.564 57.577 54.848 54.126 51.335 48.957 48.746 49.394 48.879
-9999 -9999 -9999 -9999 -9999 -9999 -9999 -9999 -9999 -9999 -9999 -9999 -9999 -9999 -9999 -9999 -9999 -9999 -9999 -9999 -9999 -9999 -9999 -9999 -9999 -9999 68.681 83.192 96.847 94.512 94.644 95.754 93.674 86.674 80.844 75.693 70.523 69.998 66.488 -9999 -9999 57.494 55.676 59.656 61.911 66.439 66.914 64.2 67.141 58.203 55.042 58.591 58.142 58.061 61.636 61.405 59.996 62.653 63.957 61.668 57.223 56.646 57.39 59.337 61.27 63.15 57.427 54.766 51.406 51.058 49.534 48.385 47.564 48.55 47.825
-9999 -9999 -9999 -9999 -9999 -9999 -9999 -9999 -9999 -9999 -9999 -9999 -9999 -9999 -9999 -9999 -9999 -9999 -9999 -9999 -9999 -9999 -9999 -9999 -9999 -9999 65.345 72.617 74.549 78.773 83.281 81.728 79.52 77.807 73.716 69.325 -9999 -9999 -9999 -9999 -9999 57.083 59.528 61.438 62.918 65.931 66.773 66.542 62.064 57.607 54.345 56.499 62.411 62.196 67.263 68.855 67.062 64.263 64.144 63.871 58.894 58.003 57.677 57.207 58.452 53.886 52.699 50.61 49.713 48.372 46.71 47.069 47.054 46.744 45.921
-9999 -9999 -9999 -9999 -9999 -9999 -9999 -9999 -9999 -9999 -9999 -9999 -9999 -9999 -9999 -9999 -9999 -9999 -9999 -9999 -9999 -9999 -9999 -9999 -9999 -9999 -9999 -9999 67.726 76.502 75.825 72.534 73.461 71.603 66.768 -9999 -9999 -9999 -9999 60.869 64.699 63.835 60.928 62.785 60.992 67.935 66.463 64.144 61.834 57.69 57.324 61.332 68.218 68.952 67.269 69.574 67.11 63.924 59.672 62.108 60.328 56.526 57.275 54.471 53.971 52.365 49.704 50.88 50.876 51.297 48.942 46.695 46.38 46.555 45.511
-9999 -9999 -9999 -9999 -9999 -9999 -9999 -9999 -9999 -9999 -9999 -9999 -9999 -9999 -9999 -9999 -9999 -9999 -9999 -9999 -9999 -9999 -9999 -9999 -9999 -9999 -9999 -9999 -9999 65.197 62.153 62.046 62.729 61.654 -9999 -9999 -9999 -9999 60.145 62.168 65.009 67.784 66.728 61.43 61.981 65.602 63.089 66.766 62.285 58.781 62.608 64.921 68.135 71.683 67.288 65.914 64.953 63.438 59.848 57.162 57.197 57.174 56.197 54.862 54.637 53.18 50.993 53.556 55.586 53.93 50.925 47.123 45.861 45.377 44.857
-9999 -9999 -9999 -9999 -9999 -9999 -9999 -9999 -9999 -9999 -9999 -9999 -9999 -9999 -9999 -9999 -9999 -9999 -9999 -9999 -9999 -9999 -9999 -9999 -9999 -9999 -9999 -9999 -9999 -9999 -9999 -9999 -9999 -9999 -9999 -9999 -9999 63.437 60.512 62.494 67.87 69.902 65.767 62.348 63.589 63.38 65.795 65.055 56.626 56.247 59.685 62.572 63.921 64.989 66.937 66.52 65.946 68.002 65.682 62.62 59.965 58.797 58.586 55.836 54.361 53.59 52.368 53.558 54.631 53.409 50.995 48.651 46.582 48.227 47.138
-9999 -9999 -9999 -9999 -9999 -9999 -9999 -9999 -9999 -9999 -9999 -9999 -9999 -9999 -9999 -9999 -9999 -9999 -9999 -9999 -9999 -9999 -9999 -9999 -9999 -9999 -9999 -9999 -9999 -9999 -9999 -9999 -9999 -9999 -9999 -9999 58.544 60.948 67.67 72.077 85.224 77.574 66.711 67.776 67.014 66.518 66.354 58.112 54.172 55.822 57.206 60.683 61.293 64.341 67.411 71.822 70.126 67.936 72.059 67.713 64.54 61.784 60.72 57.995 54.557 54.016 53.453 53.431 54.046 53.815 50.935 49.704 48.915 49.752 52.88
-9999 -9999 -9999 -9999 -9999 -9999 -9999 -9999 -9999 -9999 -9999 -9999 -9999 -9999 -9999 -9999 -9999 -9999 -9999 -9999 -9999 -9999 -9999 -9999 -9999 -9999 -9999 -9999 -9999 -9999 -9999 -9999 -9999 -9999 -9999 -9999 58.575 60.188 61.89 72.681 80.301 81.838 84.962 79.651 74.933 74.665 65.138 60.139 59.739 62.937 62.462 64.271 63.847 61.688 62.747 65.301 69.612 69.676 67.712 66.505 62.989 63.521 61.145 59.098 56.618 55.005 55.662 55.242 52.41 52.101 52.27 53.595 56.12 54.954 54.771
-9999 -9999 -9999 -9999 -9999 -9999 -9999 -9999 -9999 -9999 -9999 -9999 -9999 -9999 -9999 -9999 -9999 -9999 -9999 -9999 -9999 -9999 -9999 90.138 98.017 102.733 100.425 -9999 84.705 -9999 -9999 -9999 -9999 -9999 -9999 -9999 -9999 56.584 59.661 65.408 73.805 80.968 86.293 87.853 83.202 72.719 67.325 65.359 70.997 68.268 61.743 61.332 60.959 59.48 59.108 59.683 60.487 62.97 65.593 62.56 63.636 64.481 67.586 64.701 59.896 58.742 60.538 58.519 57.821 55.18 54.267 56.732 59.2 58.463 54.919
-9999 -9999 -9999 -9999 -9999 -9999 -9999 -9999 -9999 -9999 -9999 -9999 -9999 -9999 -9999 -9999 -9999 -9999 -9999 -9999 75.641 79.302 83.336 92.754 105.51 109.34 105.488 97.839 88.453 74.846 64.606 -9999 -9999 62.445 60.465 57.917 55.2 56.532 55.911 59.142 64.386 70.871 77.199 80.934 77.907 73.08 68.542 75.602 70.665 66.443 66.711 60.574 58.56 57.11 57.917 61.975 61.928 60.677 59.923 61.364 62.947 66.078 65.866 69.056 66.125 60.82 59.499 58.978 56.106 57.949 56.344 63.332 64.186 59.743 57.801
-9999 -9999 -9999 -9999 -9999 -9999 -9999 -9999 -9999 -9999 -9999 -9999 -9999 -9999 -9999 -9999 -9999 -9999 -9999 77.92 75.893 76.499 77.701 89.976 106.386 119.369 113.778 108.074 97.077 87.402 77.356 67.29 71.374 71.473 70.804 59.536 56.396 54.237 54.112 56.028 59.113 63.298 72.907 73.813 73.06 71.879 79.715 73.291 74.097 71.588 66.487 59.976 58.539 58.573 58.097 60.209 64.686 61.232 60.999 59.968 61.435 63.145 66.323 69.278 67.759 63.847 60.89 62.919 60.801 59.956 58.994 58.42 64.278 60.281 57.229
-9999 -9999 -9999 -9999 -9999 -9999 -9999 -9999 -9999 -9999 -9999 -9999 -9999 -9999 -9999 -9999 -9999 -9999 -9999 78.219 71.182 65.881 70.741 85.424 98.187 101.875 106.839 102.507 94.867 87.368 86.43 85.686 77.039 72.307 66.668 63.452 57.197 52.193 53.844 53.299 56.215 59.803 61.104 61.102 67.033 74.163 70.551 72.708 76.939 75.492 67.635 64.396 61.578 61.93 60.873 61.749 62.168 61.933 60.442 61.296 61.142 61.582 63.944 68.825 70.778 65.334 65.013 66.775 65.765 61.153 57.535 56.949 56.527 59.131 56.441
-9999 -9999 -9999 -9999 -9999 -9999 -9999 -9999 -9999 -9999 -9999 -9999 -9999 -9999 -9999 -9999 -9999 -9999 -9999 71.181 64.518 65.211 66.824 74.815 78.56 85.321 87.223 87.628 88.614 93.51 90.846 87.721 76.73 67.515 62.58 59.167 56.76 53.032 51.514 55.315 55.027 55.014 54.351 61.761 67.505 67.79 68.654 68.433 72.209 69.908 70.846 69.71 64.794 59.808 60.932 61.415 63.054 65.082 63.704 62.215 65.837 65.737 64.88 69.443 76.205 71.605 65.61 64.754 64.521 61.249 59.595 55.789 55.949 55.749 56.714
-9999 -9999 -9999 -9999 -9999 -9999 -9999 -9999 -9999 -9999 -9999 -9999 -9999 -9999 -9999 72.532 81.718 -9999 75.122 66.439 71.264 69.593 65.878 64.637 69.863 74.442 80.246 84.107 88.844 85.088 83.062 78.389 69.981 64.517 59.753 60.073 58.476 55.838 53.476 53.988 55.505 56.572 58.089 63.027 62.927 65.294 66.753 70.442 71.886 70.495 75.099 73.751 67.816 63.41 62.268 62.971 63.698 63.123 64.22 61.584 63.853 68.725 66.888 68.708 70.392 71.273 65.773 66.159 64.7 63.523 61.32 58.959 56.418 55.906 55.428
-9999 -9999 -9999 -9999 -9999 -9999 -9999 -9999 -9999 -9999 -9999 -9999 -9999 -9999 -9999 76.352 81.262 80.919 76.028 75.85 74.282 68.581 67.427 69.986 69.668 76.476 78.392 82.444 84.086 78.701 75.553 73.486 70.535 74.04 75.577 70.172 63.81 57.57 54.986 57.482 58.964 59.32 60.89 63.802 62.655 65.853 65.219 67.907 72.489 72.886 71.335 70.674 66.919 65.379 67.488 66.608 62.16 59.182 60.576 61.973 61.76 64.101 64.953 67.681 71.566 68.608 71.795 69.146 68.062 66.481 65.372 62.77 60.688 58.319 55.512
-9999 -9999 -9999 -9999 -9999 -9999 -9999 -9999 -9999 -9999 -9999 -9999 -9999 -9999 72.612 78.237 83.353 84.415 82.862 76.446 73.934 72.589 72.411 68.4 67.232 68.192 74.131 75.598 78.813 75.662 70.031 68.025 72.993 83.143 80.198 77.591 74.069 64.669 61.571 59.884 61.054 62.834 63.719 64.591 65.157 65.142 63.168 67.814 71.832 69.087 67.253 67.017 67.704 68.691 67.893 69.011 65.982 60.642 58.404 61.446 60.219 61.572 62.305 64.021 67.459 67.485 69.507 73.269 68.71 73.316 67.543 71.104 69.171 62.409 56.951
-9999 -9999 -9999 -9999 -9999 -9999 -9999 -9999 -9999 -9999 -9999 -9999 -9999 -9999 -9999 71.77 80.21 79.752 75.285 73.801 74.543 70.207 64.448 67.94 64.6 67.313 69.382 69.956 67.181 64.411 73.263 76.322 74.814 81.261 82.813 85.95 80.531 72.519 69.063 66.383 67.042 68.868 72.792 66.009 66.223 67.746 67.575 70.204 66.614 66.824 65.825 69.568 69.062 66.313 66.769 65.311 64.875 62.646 59.359 -9999 60.514 59.696 64.222 63.007 61.883 61.429 60.792 62.965 62.187 60.975 63.102 61.161 65.978 62.065 57.547
-9999 -9999 -9999 -9999 -9999 -9999 -9999 -9999 -9999 -9999 -9999 -9999 -9999 -9999 69.672 67.0 71.869 73.213 76.043 76.965 74.079 68.638 66.811 63.901 65.367 67.151 63.288 60.424 61.93 65.931 69.144 66.72 72.759 76.614 82.026 86.36 75.731 73.969 81.398 77.028 73.988 83.936 77.292 78.046 80.386 77.934 74.395 67.29 65.663 61.301 65.251 65.145 67.191 65.295 63.86 65.896 65.421 64.96 62.381 58.137 -9999 55.753 -9999 57.705 -9999 55.584 -9999 57.195 56.164 55.994 54.947 54.196 54.615 52.662 -9999
-9999 -9999 -9999 -9999 -9999 -9999 -9999 -9999 -9999 -9999 -9999 -9999 -9999 -9999 66.93 66.493 71.674 76.23 77.68 78.525 79.273 75.864 74.808 70.38 70.349 63.458 57.602 59.414 61.717 61.817 62.049 66.3 72.054 77.701 85.277 78.915 72.178 82.308 81.442 70.215 74.551 73.991 79.787 86.255 81.715 75.322 71.69 68.657 64.651 66.321 65.372 64.507 62.366 62.445 62.966 63.253 65.504 63.25 60.042 57.567 -9999 -9999 52.101 51.779 -9999 -9999 52.78 52.91 53.508 -9999 -9999 -9999 -9999 -9999 -9999
-9999 -9999 -9999 -9999 -9999 -9999 -9999 -9999 -9999 -9999 -9999 -9999 -9999 78.741 72.542 75.731 75.204 72.359 73.247 78.54 82.836 88.854 92.963 92.08 80.231 67.901 64.879 65.527 59.779 58.086 60.622 64.611 69.443 79.857 80.52 76.247 74.39 75.395 64.274 64.973 70.43 74.053 83.115 81.404 73.985 72.128 69.68 68.425 66.313 62.022 61.722 63.914 61.834 59.425 58.589 61.172 60.252 -9999 -9999 -9999 57.071 -9999 -9999 -9999 -9999 -9999 -9999 53.957 -9999 -9999 -9999 -9999 -9999 -9999 -9999
