Validation/Results/raw data/ReClimate_12_2023_1_Precipitation-Actualsweatherlogisticsltd.asc
NCOLS 192
NROWS 249
XLLCENTER -225160.85627316462
YLLCENTER 29788.11610251502
CELLSIZE 5000.0
NODATA_VALUE -9999
[rows 132 to 164 of 249, columns 74 to 147 of 192]
-9999 -9999 -9999 -9999 -9999 -9999 -9999 -9999 -9999 -9999 -9999 -9999 -9999 170.072 181.12 203.241 224.033 233.2 233.321 273.564 306.489 339.252 328.722 251.485 213.152 218.226 225.585 207.559 191.574 187.929 175.638 165.212 157.086 147.171 150.157 169.006 185.624 189.211 177.333 186.038 182.244 173.061 189.326 192.545 193.576 185.205 164.392 150.652 133.342 118.03 112.872 103.623 97.039 90.296 91.766 83.318 74.618 72.287 -9999 -9999 -9999 -9999 -9999 -9999 -9999 -9999 -9999 -9999 -9999 -9999 -9999 -9999 -9999 -9999
134.53 -9999 -9999 -9999 -9999 -9999 -9999 -9999 -9999 -9999 -9999 -9999 -9999 173.964 209.162 208.964 218.048 213.682 216.662 260.932 332.605 348.889 311.635 266.269 225.44 221.547 214.541 208.698 213.371 178.456 167.301 164.231 148.947 143.577 145.968 161.953 162.547 163.241 155.799 157.997 152.918 158.263 169.107 176.644 176.361 165.201 160.502 140.435 122.396 113.487 98.703 96.361 95.509 86.347 80.401 80.744 74.151 70.504 -9999 -9999 -9999 -9999 -9999 -9999 -9999 -9999 -9999 -9999 -9999 -9999 -9999 -9999 -9999 -9999
157.905 -9999 -9999 -9999 -9999 -9999 -9999 -9999 -9999 -9999 -9999 -9999 166.422 197.06 199.285 207.676 214.836 209.44 199.986 245.012 288.709 298.523 322.431 275.957 240.504 210.614 201.833 208.724 186.682 174.147 161.467 140.542 145.648 133.013 134.362 138.249 143.508 141.941 133.464 130.623 137.27 140.054 154.576 163.8 154.801 152.906 146.911 134.35 119.355 107.219 92.012 85.252 85.997 84.69 80.025 75.109 73.807 72.305 69.212 -9999 -9999 -9999 -9999 -9999 -9999 -9999 -9999 -9999 -9999 -9999 -9999 -9999 -9999 -9999
143.457 -9999 -9999 -9999 -9999 -9999 -9999 -9999 -9999 -9999 -9999 151.717 -9999 176.194 196.203 200.444 204.301 189.626 175.941 202.661 219.655 282.632 318.63 270.61 225.22 192.133 181.667 174.355 174.074 170.294 161.053 153.115 148.396 124.74 119.388 122.15 125.101 116.869 110.257 111.9 118.179 128.415 129.699 128.711 134.606 135.657 125.944 113.177 105.847 87.174 89.831 91.329 82.612 79.9 75.052 65.814 68.481 72.823 69.393 -9999 -9999 -9999 -9999 -9999 -9999 -9999 -9999 -9999 -9999 -9999 -9999 -9999 -9999 -9999
147.188 133.876 -9999 -9999 -9999 -9999 -9999 -9999 -9999 -9999 -9999 144.865 -9999 159.979 167.804 168.279 175.295 169.727 163.769 169.363 192.031 251.957 264.696 242.471 202.741 177.416 169.815 167.576 172.762 182.329 185.49 -9999 -9999 -9999 -9999 -9999 -9999 104.593 99.966 102.528 108.845 110.246 111.547 124.401 138.079 126.226 111.649 114.645 98.504 96.677 98.023 83.517 83.739 78.214 80.461 70.791 63.154 69.144 70.019 67.928 -9999 -9999 -9999 -9999 -9999 -9999 -9999 -9999 -9999 -9999 -9999 -9999 -9999 -9999
150.492 138.332 120.654 -9999 -9999 -9999 -9999 -9999 -9999 -9999 -9999 141.436 140.817 137.511 138.047 149.812 158.379 159.682 157.336 159.04 181.518 217.137 240.963 215.311 195.3 174.996 170.916 176.295 162.73 169.777 156.712 -9999 -9999 -9999 -9999 105.629 105.668 99.643 98.762 98.191 102.875 108.428 121.116 146.051 155.098 133.358 128.777 112.081 98.577 110.609 99.939 88.412 88.797 84.165 78.818 86.404 80.244 71.662 69.893 64.07 -9999 -9999 -9999 -9999 -9999 -9999 -9999 -9999 -9999 -9999 -9999 -9999 -9999 -9999
140.757 128.334 124.452 114.711 -9999 -9999 -9999 -9999 -9999 -9999 -9999 135.064 125.374 123.558 -9999 -9999 150.256 153.5 151.016 157.84 -9999 176.533 187.319 183.917 183.635 170.575 169.94 165.262 153.183 -9999 -9999 -9999 -9999 -9999 101.772 101.399 103.447 98.36 100.038 99.18 102.098 115.074 136.58 171.093 186.408 173.47 164.039 136.716 130.626 117.152 109.277 109.251 94.456 94.753 86.238 81.884 81.873 77.392 70.088 65.731 -9999 -9999 -9999 -9999 -9999 -9999 -9999 -9999 -9999 -9999 -9999 -9999 -9999 -9999
120.041 126.829 126.016 111.986 -9999 -9999 -9999 -9999 -9999 -9999 -9999 -9999 121.693 112.331 -9999 -9999 -9999 137.507 138.157 145.974 146.778 -9999 -9999 155.083 157.337 155.788 158.158 160.948 -9999 -9999 -9999 -9999 -9999 118.329 106.981 110.514 109.38 108.139 106.267 105.507 111.647 124.886 140.603 168.562 181.469 197.542 180.542 175.895 166.0 151.613 138.434 131.347 119.191 98.701 93.974 89.497 80.628 77.942 75.309 71.216 -9999 -9999 -9999 -9999 -9999 -9999 -9999 -9999 -9999 -9999 -9999 -9999 -9999 -9999
112.149 114.412 113.154 -9999 -9999 -9999 -9999 -9999 -9999 -9999 -9999 -9999 -9999 107.955 -9999 -9999 -9999 -9999 126.426 138.251 143.298 -9999 -9999 -9999 144.304 141.095 -9999 -9999 -9999 -9999 -9999 -9999 -9999 116.614 118.904 127.789 129.038 135.337 134.773 128.53 119.467 123.036 139.306 141.925 167.99 185.103 196.235 211.846 200.285 183.208 151.229 143.725 133.493 108.902 93.784 87.405 80.663 75.806 77.16 71.465 -9999 -9999 -9999 -9999 -9999 -9999 -9999 -9999 -9999 -9999 -9999 -9999 -9999 -9999
122.121 110.429 -9999 -9999 -9999 -9999 -9999 -9999 -9999 -9999 -9999 -9999 -9999 118.722 -9999 -9999 -9999 -9999 -9999 135.79 139.867 -9999 -9999 -9999 -9999 -9999 -9999 -9999 -9999 -9999 -9999 -9999 -9999 120.118 139.02 146.207 166.439 174.915 173.448 153.918 132.073 133.685 132.415 153.531 186.503 219.477 242.537 239.318 216.737 170.938 152.861 135.404 118.034 110.749 102.017 92.75 79.227 74.056 76.955 77.881 66.865 -9999 -9999 -9999 -9999 -9999 -9999 -9999 -9999 -9999 -9999 -9999 -9999 -9999
108.903 -9999 106.505 106.603 101.827 92.915 -9999 -9999 -9999 -9999 -9999 -9999 -9999 118.383 -9999 -9999 -9999 -9999 -9999 -9999 -9999 -9999 -9999 -9999 -9999 -9999 -9999 -9999 -9999 -9999 -9999 -9999 126.602 126.697 141.287 159.269 175.746 221.184 230.007 204.262 170.432 141.914 141.353 126.821 161.481 213.185 243.577 262.702 216.495 219.429 201.759 158.691 133.763 104.808 95.911 94.285 88.777 82.119 77.301 78.869 73.24 65.068 -9999 -9999 -9999 -9999 -9999 -9999 -9999 -9999 -9999 -9999 -9999 -9999
104.045 102.99 105.061 101.662 92.935 92.1 -9999 -9999 -9999 -9999 -9999 -9999 -9999 -9999 -9999 -9999 -9999 -9999 -9999 -9999 -9999 -9999 -9999 -9999 -9999 -9999 -9999 -9999 -9999 -9999 -9999 136.114 130.504 146.766 176.021 198.202 238.337 303.709 277.874 225.491 185.444 164.217 127.276 123.094 148.894 197.851 268.198 240.584 226.767 210.874 189.252 161.212 135.833 117.244 93.064 86.536 82.058 76.285 74.23 75.123 67.759 60.577 -9999 -9999 -9999 -9999 -9999 -9999 -9999 -9999 -9999 -9999 -9999 -9999
99.805 103.659 103.074 98.585 -9999 88.606 88.013 -9999 -9999 -9999 -9999 -9999 -9999 -9999 -9999 -9999 -9999 -9999 -9999 -9999 -9999 -9999 -9999 -9999 -9999 -9999 -9999 -9999 -9999 -9999 -9999 141.433 142.711 183.015 233.133 273.977 292.584 278.066 285.111 263.181 229.21 194.684 161.684 143.255 145.072 182.47 209.687 238.412 210.448 195.697 164.91 144.03 114.696 101.807 92.44 85.441 79.436 74.642 68.622 69.285 64.045 57.721 56.822 59.751 -9999 -9999 -9999 -9999 -9999 -9999 -9999 -9999 -9999 -9999
101.018 104.446 102.287 94.993 -9999 -9999 87.03 -9999 -9999 -9999 -9999 -9999 -9999 -9999 -9999 -9999 -9999 -9999 -9999 -9999 -9999 -9999 -9999 -9999 -9999 -9999 -9999 -9999 -9999 -9999 -9999 163.157 172.284 214.852 278.885 316.375 329.004 356.977 359.002 318.2 290.91 269.738 218.313 177.625 147.7 131.98 162.892 181.238 177.387 173.594 156.69 131.372 110.969 95.933 83.57 77.385 76.797 69.257 66.659 66.13 64.682 60.58 72.932 74.285 74.194 71.941 84.87 -9999 -9999 -9999 -9999 -9999 -9999 -9999
99.305 101.772 96.779 86.949 86.33 -9999 86.465 -9999 -9999 -9999 -9999 -9999 -9999 -9999 -9999 -9999 -9999 -9999 -9999 -9999 -9999 -9999 -9999 -9999 -9999 -9999 -9999 -9999 -9999 -9999 137.827 177.047 205.257 274.423 367.139 436.185 454.583 395.723 388.616 384.526 380.843 327.461 293.965 225.769 173.415 146.791 162.428 149.609 153.66 165.46 149.68 130.293 115.923 103.108 91.078 80.669 75.083 68.833 63.105 61.134 64.166 68.125 76.916 98.379 95.044 95.77 92.475 88.65 93.539 -9999 -9999 -9999 -9999 -9999
104.793 103.629 103.001 97.049 -9999 87.04 -9999 -9999 -9999 -9999 -9999 -9999 -9999 -9999 -9999 -9999 -9999 -9999 -9999 -9999 -9999 -9999 -9999 -9999 -9999 -9999 -9999 -9999 -9999 -9999 -9999 144.39 188.409 257.339 346.64 418.019 451.43 452.629 407.524 393.032 357.607 365.507 313.953 254.723 207.909 187.432 176.842 176.505 208.101 185.653 177.425 169.048 147.959 119.198 102.16 89.224 77.84 72.589 67.612 68.69 67.751 69.665 82.822 102.263 102.075 103.739 105.131 101.372 98.003 95.425 -9999 -9999 -9999 -9999
124.406 115.011 104.623 96.511 90.025 91.493 -9999 -9999 -9999 -9999 -9999 -9999 -9999 -9999 -9999 -9999 -9999 -9999 -9999 -9999 -9999 -9999 -9999 -9999 -9999 -9999 -9999 -9999 -9999 -9999 -9999 -9999 149.278 200.612 270.463 348.284 396.753 423.812 360.347 317.013 322.978 319.546 282.279 257.008 240.852 225.368 212.687 233.961 230.588 220.317 228.641 201.391 162.253 139.411 111.835 94.836 81.084 73.586 72.269 73.163 77.432 96.246 102.089 127.583 142.615 131.95 133.521 111.461 106.794 99.668 90.48 -9999 -9999 -9999
129.649 115.131 104.94 93.667 87.203 -9999 -9999 -9999 -9999 -9999 -9999 -9999 -9999 -9999 -9999 -9999 -9999 -9999 -9999 -9999 -9999 -9999 -9999 -9999 -9999 -9999 -9999 -9999 -9999 -9999 -9999 -9999 140.558 184.239 250.698 303.998 374.565 381.209 310.22 284.978 266.441 244.4 233.123 217.099 232.945 270.514 255.949 269.816 270.043 241.162 200.948 185.564 157.012 139.702 120.665 92.706 80.409 76.398 74.155 79.608 88.274 103.879 124.341 128.472 138.722 136.282 139.415 133.364 115.234 109.499 98.866 82.739 -9999 -9999
144.8 132.835 110.631 92.017 86.321 -9999 -9999 -9999 -9999 -9999 -9999 -9999 -9999 -9999 -9999 -9999 -9999 -9999 -9999 -9999 -9999 -9999 -9999 -9999 -9999 -9999 -9999 -9999 -9999 -9999 -9999 -9999 -9999 170.947 232.967 277.811 320.056 291.557 275.205 242.752 224.155 214.553 191.501 193.97 228.403 245.877 283.718 277.681 270.696 241.02 218.088 191.583 174.265 138.603 117.248 92.264 82.984 80.296 74.544 82.823 96.253 103.811 120.297 134.173 136.556 131.506 125.32 124.647 122.575 110.37 107.158 91.14 -9999 -9999
173.457 -9999 -9999 -9999 -9999 -9999 -9999 -9999 -9999 -9999 -9999 -9999 -9999 -9999 -9999 -9999 -9999 -9999 -9999 -9999 -9999 -9999 -9999 -9999 -9999 -9999 -9999 -9999 -9999 -9999 -9999 -9999 -9999 162.472 210.93 239.697 238.148 242.23 207.324 227.916 221.846 185.665 185.421 191.217 214.913 290.114 283.62 281.445 268.72 255.955 212.864 185.04 162.737 145.697 117.681 98.171 84.424 78.048 77.384 77.933 93.164 106.659 112.736 117.65 118.424 111.581 114.838 114.027 118.593 105.319 95.031 95.551 79.855 -9999
189.806 -9999 -9999 -9999 -9999 -9999 -9999 -9999 -9999 -9999 -9999 -9999 -9999 -9999 -9999 -9999 -9999 -9999 -9999 -9999 -9999 -9999 -9999 -9999 -9999 -9999 -9999 -9999 -9999 -9999 -9999 -9999 -9999 -9999 190.033 190.141 203.845 207.068 199.895 192.226 168.107 167.582 170.356 186.324 220.48 257.703 284.312 279.824 281.222 264.94 250.14 229.455 187.278 170.56 143.408 112.495 92.185 85.793 77.107 74.202 78.692 95.907 106.94 103.494 94.168 88.873 83.687 88.885 91.511 99.197 87.262 86.817 81.952 -9999
141.443 -9999 -9999 -9999 -9999 -9999 -9999 -9999 -9999 -9999 -9999 -9999 -9999 -9999 -9999 -9999 -9999 -9999 -9999 -9999 -9999 -9999 -9999 -9999 -9999 -9999 -9999 -9999 -9999 -9999 -9999 -9999 -9999 -9999 161.875 -9999 167.027 164.78 160.368 152.652 -9999 154.129 166.929 178.46 196.25 242.496 264.09 280.152 278.788 261.817 252.587 259.605 218.187 184.101 161.483 134.427 102.277 85.906 79.065 69.941 75.361 82.627 90.086 89.742 86.596 78.671 75.332 74.087 80.038 85.123 89.37 92.488 94.518 87.257
-9999 -9999 -9999 -9999 -9999 -9999 -9999 -9999 -9999 -9999 -9999 -9999 -9999 -9999 -9999 -9999 -9999 -9999 -9999 -9999 -9999 -9999 -9999 -9999 -9999 -9999 -9999 -9999 -9999 -9999 -9999 -9999 -9999 -9999 -9999 147.993 148.38 -9999 -9999 -9999 -9999 141.407 147.758 153.159 173.795 193.008 222.45 232.122 244.533 247.673 229.339 231.264 239.338 204.5 171.61 142.656 115.94 93.828 80.895 71.656 71.507 79.985 85.057 88.505 84.396 83.776 78.061 73.996 78.268 89.264 91.406 90.262 91.553 90.207
-9999 -9999 -9999 -9999 -9999 -9999 -9999 -9999 -9999 -9999 -9999 -9999 -9999 -9999 -9999 -9999 -9999 -9999 -9999 -9999 -9999 -9999 -9999 -9999 -9999 -9999 -9999 -9999 -9999 -9999 -9999 -9999 -9999 -9999 -9999 134.398 133.942 -9999 -9999 -9999 -9999 131.927 145.837 141.68 156.989 175.173 194.549 185.424 199.614 224.323 219.775 206.555 217.481 201.852 181.197 147.354 120.366 95.29 80.828 73.14 68.745 69.324 76.247 81.208 82.526 81.158 81.858 81.67 83.193 92.955 101.479 99.977 88.561 77.09
-9999 -9999 -9999 -9999 -9999 -9999 -9999 -9999 -9999 -9999 -9999 -9999 -9999 -9999 -9999 -9999 -9999 -9999 -9999 -9999 -9999 -9999 -9999 -9999 -9999 -9999 -9999 -9999 -9999 -9999 -9999 -9999 -9999 -9999 -9999 127.828 -9999 -9999 -9999 -9999 127.628 137.109 149.471 174.425 191.475 215.358 201.773 171.305 199.188 211.973 184.483 183.938 178.068 175.563 163.583 141.85 113.417 94.303 80.586 76.005 72.435 68.616 69.702 74.64 77.764 79.92 86.679 97.992 97.785 98.005 99.508 96.431 90.827 81.276
-9999 -9999 -9999 -9999 -9999 -9999 -9999 -9999 -9999 -9999 -9999 -9999 -9999 -9999 -9999 -9999 -9999 -9999 -9999 -9999 -9999 -9999 -9999 -9999 -9999 -9999 -9999 -9999 -9999 -9999 -9999 -9999 -9999 -9999 -9999 -9999 -9999 -9999 -9999 -9999 122.67 133.732 164.198 210.119 246.87 247.637 209.583 192.026 175.875 175.02 161.271 163.196 168.742 156.768 149.917 137.468 112.977 95.622 83.168 76.065 72.716 68.969 69.411 71.099 74.321 80.552 86.01 102.248 110.663 95.969 92.616 86.275 81.106 77.098
-9999 -9999 -9999 -9999 -9999 -9999 -9999 -9999 -9999 -9999 -9999 -9999 -9999 -9999 -9999 -9999 -9999 -9999 -9999 -9999 -9999 -9999 -9999 -9999 -9999 -9999 -9999 -9999 -9999 -9999 -9999 -9999 -9999 -9999 -9999 -9999 -9999 -9999 -9999 -9999 117.681 132.068 173.57 224.786 260.262 241.424 211.768 171.394 167.1 157.779 144.86 144.182 138.506 143.909 132.145 125.446 109.375 93.502 82.374 73.538 69.858 69.744 70.838 69.807 70.204 76.519 83.524 91.431 99.397 93.858 85.445 79.552 76.546 75.908
-9999 -9999 -9999 -9999 -9999 -9999 -9999 -9999 -9999 -9999 -9999 -9999 -9999 -9999 -9999 -9999 -9999 -9999 -9999 -9999 -9999 -9999 -9999 -9999 -9999 -9999 -9999 -9999 -9999 -9999 -9999 -9999 -9999 -9999 -9999 -9999 -9999 -9999 -9999 113.223 119.671 137.002 173.232 230.425 246.729 216.15 195.452 155.737 148.878 152.89 143.327 139.623 142.184 129.504 119.967 106.819 99.367 83.334 77.605 71.65 69.724 69.637 69.308 67.21 67.195 70.065 77.198 82.855 88.345 86.088 82.472 78.027 74.742 75.761
-9999 -9999 -9999 -9999 -9999 -9999 -9999 -9999 -9999 -9999 -9999 -9999 -9999 -9999 -9999 -9999 -9999 -9999 -9999 -9999 -9999 -9999 -9999 -9999 -9999 -9999 -9999 -9999 -9999 -9999 -9999 -9999 -9999 -9999 -9999 -9999 -9999 -9999 -9999 113.233 116.711 130.749 161.35 190.261 175.862 177.605 158.041 156.931 179.287 160.52 150.874 146.485 136.542 126.957 110.61 104.602 103.868 93.677 78.049 74.206 70.651 68.44 66.915 64.717 64.598 67.655 71.207 74.826 77.524 81.335 80.155 76.104 72.951 73.909
-9999 -9999 -9999 -9999 -9999 -9999 -9999 -9999 -9999 -9999 -9999 -9999 -9999 -9999 -9999 -9999 -9999 -9999 -9999 -9999 -9999 -9999 -9999 -9999 -9999 -9999 -9999 -9999 -9999 -9999 -9999 -9999 -9999 -9999 -9999 -9999 -9999 -9999 110.199 109.477 114.386 124.268 141.132 146.099 147.81 152.054 151.266 159.484 163.307 152.389 148.734 162.59 148.045 119.002 112.418 99.721 94.26 90.794 85.248 74.494 71.914 68.878 65.406 64.74 64.233 66.204 69.434 72.27 75.436 79.51 83.416 80.647 76.412 72.76
-9999 -9999 -9999 -9999 -9999 -9999 -9999 -9999 -9999 -9999 -9999 -9999 -9999 -9999 -9999 -9999 -9999 -9999 -9999 -9999 -9999 -9999 -9999 -9999 -9999 -9999 -9999 -9999 -9999 -9999 -9999 -9999 -9999 -9999 -9999 -9999 -9999 -9999 100.067 105.222 110.581 116.211 123.734 126.881 132.945 144.775 147.563 146.896 155.321 156.365 186.434 183.615 162.378 134.188 112.147 106.427 89.836 79.431 79.151 76.505 69.987 68.666 66.096 63.012 62.197 62.109 63.038 63.401 68.498 77.112 85.656 85.604 79.199 74.7
-9999 -9999 -9999 -9999 -9999 -9999 -9999 -9999 -9999 -9999 -9999 -9999 -9999 -9999 -9999 -9999 -9999 -9999 -9999 -9999 -9999 -9999 -9999 -9999 -9999 -9999 -9999 -9999 -9999 -9999 -9999 -9999 -9999 -9999 -9999 -9999 -9999 -9999 98.705 99.985 100.77 104.99 115.235 119.548 130.239 144.628 149.982 161.023 179.302 189.631 199.775 182.083 156.569 131.163 110.297 101.045 94.084 80.478 71.267 69.069 67.103 63.25 63.645 62.023 58.905 61.201 63.659 62.223 63.408 70.59 78.52 81.813 77.024 73.057
-9999 -9999 -9999 -9999 -9999 -9999 -9999 -9999 -9999 -9999 -9999 -9999 -9999 -9999 -9999 -9999 -9999 -9999 -9999 -9999 -9999 -9999 -9999 -9999 -9999 -9999 -9999 -9999 -9999 -9999 -9999 -9999 -9999 -9999 -9999 -9999 -9999 -9999 -9999 96.238 96.801 101.769 104.81 124.25 147.689 166.003 178.651 193.17 182.673 199.929 189.508 176.933 150.704 118.846 105.554 89.219 85.896 78.136 71.775 66.821 63.755 60.944 61.541 61.058 60.543 60.798 64.176 62.479 58.61 65.357 71.771 73.641 -9999 69.882
