Validation/Results/raw data/ReClimate_10_2024_1.asc
NCOLS 192
NROWS 249
XLLCENTER -225160.85627316462
YLLCENTER 29788.11610251502
CELLSIZE 5000.0
NODATA_VALUE -9999
[rows 132 to 164 of 249, columns 74 to 147 of 192]
-9999 -9999 -9999 -9999 -9999 -9999 -9999 -9999 -9999 -9999 -9999 -9999 -9999 100.02 100.134 100.227 100.337 100.494 100.536 100.597 100.71 100.795 100.927 100.948 100.924 100.978 101.032 101.074 101.134 101.197 101.225 101.247 101.27 101.235 101.122 101.201 101.357 101.405 101.461 101.612 101.701 101.625 101.624 101.738 101.828 101.92 102.011 102.095 102.176 102.256 102.336 102.418 102.488 102.548 102.603 102.652 102.692 102.716 -9999 -9999 -9999 -9999 -9999 -9999 -9999 -9999 -9999 -9999 -9999 -9999 -9999 -9999 -9999 -9999
99.193 -9999 -9999 -9999 -9999 -9999 -9999 -9999 -9999 -9999 -9999 -9999 -9999 99.865 99.896 100.078 100.358 100.446 100.533 100.629 100.698 100.891 101.202 101.128 100.937 100.993 101.048 101.108 101.192 101.26 101.309 101.355 101.395 101.348 101.374 101.5 101.62 101.634 101.588 101.654 101.705 101.723 101.801 101.883 101.971 102.058 102.136 102.208 102.281 102.353 102.416 102.46 102.513 102.56 102.6 102.64 102.679 102.717 -9999 -9999 -9999 -9999 -9999 -9999 -9999 -9999 -9999 -9999 -9999 -9999 -9999 -9999 -9999 -9999
99.107 -9999 -9999 -9999 -9999 -9999 -9999 -9999 -9999 -9999 -9999 -9999 99.685 99.554 99.911 100.147 100.341 100.458 100.558 100.598 100.576 100.839 101.086 100.984 100.953 101.01 101.066 101.134 101.225 101.299 101.358 101.413 101.459 101.502 101.545 101.63 101.661 101.663 101.718 101.764 101.815 101.872 101.94 102.018 102.097 102.168 102.222 102.275 102.328 102.378 102.422 102.466 102.508 102.549 102.589 102.627 102.664 102.7 102.737 -9999 -9999 -9999 -9999 -9999 -9999 -9999 -9999 -9999 -9999 -9999 -9999 -9999 -9999 -9999
99.05 -9999 -9999 -9999 -9999 -9999 -9999 -9999 -9999 -9999 -9999 99.667 -9999 99.96 100.287 100.384 100.321 100.447 100.554 100.593 100.665 100.857 100.999 100.987 100.97 101.028 101.086 101.163 101.259 101.329 101.389 101.445 101.498 101.549 101.598 101.641 101.689 101.743 101.792 101.843 101.896 101.949 102.011 102.077 102.141 102.189 102.236 102.282 102.327 102.371 102.415 102.458 102.5 102.541 102.58 102.617 102.653 102.687 102.719 -9999 -9999 -9999 -9999 -9999 -9999 -9999 -9999 -9999 -9999 -9999 -9999 -9999 -9999 -9999
98.978 99.016 -9999 -9999 -9999 -9999 -9999 -9999 -9999 -9999 -9999 99.64 -9999 99.939 99.925 100.015 100.301 100.43 100.55 100.651 100.725 100.833 100.893 100.919 100.989 101.049 101.108 101.193 101.292 101.358 101.419 -9999 -9999 -9999 -9999 -9999 -9999 101.781 101.831 101.878 101.921 101.97 102.031 102.091 102.14 102.186 102.232 102.277 102.321 102.365 102.408 102.451 102.493 102.533 102.573 102.61 102.644 102.677 102.705 102.724 -9999 -9999 -9999 -9999 -9999 -9999 -9999 -9999 -9999 -9999 -9999 -9999 -9999 -9999
99.046 99.055 99.013 -9999 -9999 -9999 -9999 -9999 -9999 -9999 -9999 99.595 99.714 99.782 99.925 100.145 100.281 100.414 100.545 100.654 100.739 100.807 100.876 100.946 101.01 101.084 101.176 101.257 101.32 101.387 101.449 -9999 -9999 -9999 -9999 101.712 101.764 101.812 101.852 101.891 101.932 101.984 102.042 102.091 102.137 102.182 102.227 102.271 102.315 102.358 102.401 102.444 102.486 102.527 102.566 102.604 102.638 102.668 102.695 102.72 -9999 -9999 -9999 -9999 -9999 -9999 -9999 -9999 -9999 -9999 -9999 -9999 -9999 -9999
99.119 99.048 98.968 99.006 -9999 -9999 -9999 -9999 -9999 -9999 -9999 99.554 99.673 99.827 -9999 -9999 100.26 100.398 100.534 100.656 -9999 100.829 100.9 100.968 101.034 101.094 101.103 101.2 101.347 -9999 -9999 -9999 -9999 -9999 101.694 101.743 101.791 101.827 101.863 101.901 101.943 101.995 102.044 102.089 102.133 102.177 102.221 102.264 102.308 102.351 102.394 102.436 102.478 102.52 102.561 102.599 102.633 102.662 102.687 102.708 -9999 -9999 -9999 -9999 -9999 -9999 -9999 -9999 -9999 -9999 -9999 -9999 -9999 -9999
98.953 98.903 98.922 98.963 -9999 -9999 -9999 -9999 -9999 -9999 -9999 -9999 99.63 99.787 -9999 -9999 -9999 100.382 100.524 100.659 100.772 -9999 -9999 100.993 101.061 101.09 101.139 101.256 -9999 -9999 -9999 -9999 -9999 101.675 101.725 101.75 101.73 101.742 101.712 101.791 101.951 101.996 102.04 102.084 102.128 102.171 102.214 102.257 102.3 102.342 102.385 102.427 102.47 102.512 102.554 102.594 102.63 102.657 102.678 102.696 -9999 -9999 -9999 -9999 -9999 -9999 -9999 -9999 -9999 -9999 -9999 -9999 -9999 -9999
98.883 98.886 98.9 -9999 -9999 -9999 -9999 -9999 -9999 -9999 -9999 -9999 -9999 99.745 -9999 -9999 -9999 -9999 100.514 100.661 100.782 -9999 -9999 -9999 101.088 101.163 -9999 -9999 -9999 -9999 -9999 -9999 -9999 101.703 101.747 101.77 101.853 101.921 102.057 101.914 101.948 101.992 102.035 102.078 102.121 102.164 102.206 102.248 102.291 102.333 102.375 102.417 102.459 102.501 102.544 102.586 102.626 102.651 102.666 102.682 -9999 -9999 -9999 -9999 -9999 -9999 -9999 -9999 -9999 -9999 -9999 -9999 -9999 -9999
98.876 98.879 -9999 -9999 -9999 -9999 -9999 -9999 -9999 -9999 -9999 -9999 -9999 99.693 -9999 -9999 -9999 -9999 -9999 100.66 100.794 -9999 -9999 -9999 -9999 -9999 -9999 -9999 -9999 -9999 -9999 -9999 -9999 101.723 101.758 101.67 101.296 101.572 101.883 101.908 101.944 101.986 102.029 102.071 102.114 102.156 102.197 102.239 102.28 102.321 102.363 102.404 102.445 102.486 102.528 102.569 102.606 102.633 102.649 102.663 102.671 -9999 -9999 -9999 -9999 -9999 -9999 -9999 -9999 -9999 -9999 -9999 -9999 -9999
98.869 -9999 98.875 98.878 98.888 98.891 -9999 -9999 -9999 -9999 -9999 -9999 -9999 99.663 -9999 -9999 -9999 -9999 -9999 -9999 -9999 -9999 -9999 -9999 -9999 -9999 -9999 -9999 -9999 -9999 -9999 -9999 101.698 101.734 101.768 101.587 101.616 101.853 101.876 101.902 101.938 101.979 102.021 102.063 102.104 102.144 102.185 102.225 102.265 102.306 102.346 102.383 102.421 102.458 102.495 102.531 102.563 102.589 102.607 102.624 102.642 102.659 -9999 -9999 -9999 -9999 -9999 -9999 -9999 -9999 -9999 -9999 -9999 -9999
98.863 98.866 98.869 98.871 98.874 98.877 -9999 -9999 -9999 -9999 -9999 -9999 -9999 -9999 -9999 -9999 -9999 -9999 -9999 -9999 -9999 -9999 -9999 -9999 -9999 -9999 -9999 -9999 -9999 -9999 -9999 101.643 101.708 101.743 101.773 101.799 101.823 101.846 101.869 101.895 101.929 101.968 102.008 102.048 102.087 102.126 102.165 102.203 102.239 102.273 102.308 102.342 102.376 102.411 102.446 102.48 102.511 102.536 102.557 102.576 102.595 102.615 -9999 -9999 -9999 -9999 -9999 -9999 -9999 -9999 -9999 -9999 -9999 -9999
98.856 98.859 98.862 98.865 -9999 98.87 98.873 -9999 -9999 -9999 -9999 -9999 -9999 -9999 -9999 -9999 -9999 -9999 -9999 -9999 -9999 -9999 -9999 -9999 -9999 -9999 -9999 -9999 -9999 -9999 -9999 101.642 101.711 101.74 101.767 101.791 101.814 101.835 101.855 101.88 101.916 101.954 101.992 102.03 102.068 102.104 102.137 102.167 102.197 102.228 102.259 102.292 102.324 102.357 102.389 102.421 102.451 102.479 102.504 102.527 102.548 102.566 102.58 102.588 -9999 -9999 -9999 -9999 -9999 -9999 -9999 -9999 -9999 -9999
98.85 98.853 98.856 98.858 -9999 -9999 98.866 -9999 -9999 -9999 -9999 -9999 -9999 -9999 -9999 -9999 -9999 -9999 -9999 -9999 -9999 -9999 -9999 -9999 -9999 -9999 -9999 -9999 -9999 -9999 -9999 101.641 101.702 101.731 101.756 101.778 101.798 101.817 101.837 101.863 101.9 101.938 101.975 102.011 102.041 102.069 102.096 102.124 102.153 102.182 102.212 102.241 102.272 102.303 102.333 102.363 102.392 102.419 102.445 102.471 102.496 102.515 102.527 102.536 102.547 102.556 102.551 -9999 -9999 -9999 -9999 -9999 -9999 -9999
98.843 98.846 98.849 98.852 98.855 -9999 98.876 -9999 -9999 -9999 -9999 -9999 -9999 -9999 -9999 -9999 -9999 -9999 -9999 -9999 -9999 -9999 -9999 -9999 -9999 -9999 -9999 -9999 -9999 -9999 101.509 101.625 101.689 101.715 101.737 101.759 101.779 101.798 101.817 101.844 101.882 101.919 101.952 101.978 102.003 102.029 102.055 102.082 102.109 102.136 102.164 102.193 102.221 102.25 102.278 102.307 102.334 102.361 102.387 102.414 102.436 102.455 102.47 102.484 102.496 102.505 102.514 102.526 102.358 -9999 -9999 -9999 -9999 -9999
98.837 98.84 98.843 98.849 -9999 98.887 -9999 -9999 -9999 -9999 -9999 -9999 -9999 -9999 -9999 -9999 -9999 -9999 -9999 -9999 -9999 -9999 -9999 -9999 -9999 -9999 -9999 -9999 -9999 -9999 -9999 101.591 101.668 101.693 101.716 101.738 101.758 101.778 101.797 101.824 101.86 101.89 101.915 101.939 101.964 101.988 102.013 102.039 102.064 102.091 102.117 102.143 102.17 102.198 102.225 102.252 102.278 102.305 102.331 102.355 102.375 102.389 102.4 102.411 102.424 102.434 102.443 102.454 102.467 102.325 -9999 -9999 -9999 -9999
98.831 98.836 98.849 98.873 98.899 98.924 -9999 -9999 -9999 -9999 -9999 -9999 -9999 -9999 -9999 -9999 -9999 -9999 -9999 -9999 -9999 -9999 -9999 -9999 -9999 -9999 -9999 -9999 -9999 -9999 -9999 -9999 101.625 101.663 101.694 101.716 101.736 101.756 101.775 101.799 101.824 101.85 101.875 101.899 101.923 101.947 101.971 101.995 102.02 102.045 102.07 102.095 102.12 102.146 102.172 102.198 102.224 102.25 102.273 102.288 102.298 102.308 102.317 102.327 102.339 102.352 102.364 102.376 102.389 102.402 102.276 -9999 -9999 -9999
98.829 98.853 98.88 98.907 98.934 -9999 -9999 -9999 -9999 -9999 -9999 -9999 -9999 -9999 -9999 -9999 -9999 -9999 -9999 -9999 -9999 -9999 -9999 -9999 -9999 -9999 -9999 -9999 -9999 -9999 -9999 -9999 101.575 101.619 101.657 101.69 101.712 101.732 101.746 101.758 101.782 101.809 101.834 101.858 101.882 101.905 101.928 101.952 101.975 101.998 102.022 102.046 102.07 102.095 102.12 102.145 102.169 102.187 102.199 102.209 102.215 102.223 102.231 102.242 102.253 102.267 102.282 102.297 102.31 102.322 102.333 102.203 -9999 -9999
98.855 98.884 98.913 98.942 98.977 -9999 -9999 -9999 -9999 -9999 -9999 -9999 -9999 -9999 -9999 -9999 -9999 -9999 -9999 -9999 -9999 -9999 -9999 -9999 -9999 -9999 -9999 -9999 -9999 -9999 -9999 -9999 -9999 101.568 101.612 101.65 101.682 101.701 101.704 101.715 101.738 101.766 101.792 101.816 101.84 101.862 101.885 101.907 101.929 101.952 101.974 101.997 102.02 102.044 102.068 102.086 102.101 102.112 102.118 102.124 102.131 102.139 102.148 102.159 102.17 102.184 102.198 102.214 102.23 102.242 102.253 102.26 -9999 -9999
98.886 -9999 -9999 -9999 -9999 -9999 -9999 -9999 -9999 -9999 -9999 -9999 -9999 -9999 -9999 -9999 -9999 -9999 -9999 -9999 -9999 -9999 -9999 -9999 -9999 -9999 -9999 -9999 -9999 -9999 -9999 -9999 -9999 101.514 101.559 101.602 101.635 101.651 101.661 101.671 101.693 101.722 101.748 101.773 101.796 101.818 101.84 101.862 101.883 101.904 101.926 101.948 101.97 101.99 102.005 102.017 102.024 102.03 102.036 102.042 102.049 102.058 102.067 102.077 102.089 102.102 102.115 102.13 102.146 102.161 102.17 102.177 102.184 -9999
98.918 -9999 -9999 -9999 -9999 -9999 -9999 -9999 -9999 -9999 -9999 -9999 -9999 -9999 -9999 -9999 -9999 -9999 -9999 -9999 -9999 -9999 -9999 -9999 -9999 -9999 -9999 -9999 -9999 -9999 -9999 -9999 -9999 -9999 101.506 101.547 101.572 101.593 101.61 101.625 101.646 101.676 101.703 101.728 101.751 101.773 101.795 101.815 101.836 101.856 101.877 101.898 101.914 101.926 101.935 101.94 101.945 101.95 101.955 101.962 101.97 101.978 101.987 101.998 102.009 102.02 102.033 102.046 102.06 102.075 102.086 102.093 102.099 -9999
98.951 -9999 -9999 -9999 -9999 -9999 -9999 -9999 -9999 -9999 -9999 -9999 -9999 -9999 -9999 -9999 -9999 -9999 -9999 -9999 -9999 -9999 -9999 -9999 -9999 -9999 -9999 -9999 -9999 -9999 -9999 -9999 -9999 -9999 101.44 -9999 101.507 101.532 101.553 101.572 -9999 101.628 101.656 101.681 101.705 101.727 101.748 101.768 101.788 101.808 101.827 101.841 101.85 101.855 101.858 101.861 101.866 101.871 101.877 101.884 101.891 101.9 101.909 101.919 101.929 101.94 101.951 101.963 101.976 101.988 101.999 102.008 102.013 102.018
-9999 -9999 -9999 -9999 -9999 -9999 -9999 -9999 -9999 -9999 -9999 -9999 -9999 -9999 -9999 -9999 -9999 -9999 -9999 -9999 -9999 -9999 -9999 -9999 -9999 -9999 -9999 -9999 -9999 -9999 -9999 -9999 -9999 -9999 -9999 101.416 101.443 -9999 -9999 -9999 -9999 101.575 101.607 101.633 101.657 101.679 101.7 101.72 101.739 101.758 101.774 101.778 101.777 101.779 101.78 101.781 101.782 101.785 101.79 101.795 101.802 101.81 101.819 101.829 101.84 101.852 101.864 101.878 101.891 101.902 101.911 101.921 101.927 101.931
-9999 -9999 -9999 -9999 -9999 -9999 -9999 -9999 -9999 -9999 -9999 -9999 -9999 -9999 -9999 -9999 -9999 -9999 -9999 -9999 -9999 -9999 -9999 -9999 -9999 -9999 -9999 -9999 -9999 -9999 -9999 -9999 -9999 -9999 -9999 101.363 101.379 -9999 -9999 -9999 -9999 101.512 101.551 101.578 101.603 101.626 101.647 101.667 101.687 101.703 101.705 101.7 101.695 101.692 101.69 101.69 101.69 101.693 101.697 101.702 101.708 101.715 101.723 101.732 101.742 101.753 101.765 101.777 101.79 101.804 101.816 101.829 101.839 101.843
-9999 -9999 -9999 -9999 -9999 -9999 -9999 -9999 -9999 -9999 -9999 -9999 -9999 -9999 -9999 -9999 -9999 -9999 -9999 -9999 -9999 -9999 -9999 -9999 -9999 -9999 -9999 -9999 -9999 -9999 -9999 -9999 -9999 -9999 -9999 101.33 -9999 -9999 -9999 -9999 101.416 101.452 101.492 101.521 101.546 101.569 101.591 101.611 101.625 101.625 101.617 101.61 101.605 101.6 101.597 101.596 101.597 101.6 101.604 101.609 101.615 101.621 101.629 101.637 101.645 101.654 101.664 101.674 101.685 101.696 101.708 101.721 101.736 101.748
-9999 -9999 -9999 -9999 -9999 -9999 -9999 -9999 -9999 -9999 -9999 -9999 -9999 -9999 -9999 -9999 -9999 -9999 -9999 -9999 -9999 -9999 -9999 -9999 -9999 -9999 -9999 -9999 -9999 -9999 -9999 -9999 -9999 -9999 -9999 -9999 -9999 -9999 -9999 -9999 101.356 101.389 101.429 101.464 101.49 101.511 101.531 101.544 101.541 101.531 101.522 101.516 101.51 101.507 101.506 101.506 101.507 101.51 101.514 101.519 101.524 101.53 101.536 101.543 101.55 101.557 101.565 101.573 101.581 101.591 101.601 101.611 101.622 101.634
-9999 -9999 -9999 -9999 -9999 -9999 -9999 -9999 -9999 -9999 -9999 -9999 -9999 -9999 -9999 -9999 -9999 -9999 -9999 -9999 -9999 -9999 -9999 -9999 -9999 -9999 -9999 -9999 -9999 -9999 -9999 -9999 -9999 -9999 -9999 -9999 -9999 -9999 -9999 -9999 101.299 101.328 101.364 101.401 101.429 101.449 101.461 101.459 101.449 101.44 101.433 101.426 101.421 101.417 101.416 101.416 101.419 101.422 101.426 101.431 101.435 101.441 101.446 101.451 101.457 101.462 101.468 101.474 101.481 101.488 101.495 101.503 101.51 101.519
-9999 -9999 -9999 -9999 -9999 -9999 -9999 -9999 -9999 -9999 -9999 -9999 -9999 -9999 -9999 -9999 -9999 -9999 -9999 -9999 -9999 -9999 -9999 -9999 -9999 -9999 -9999 -9999 -9999 -9999 -9999 -9999 -9999 -9999 -9999 -9999 -9999 -9999 -9999 101.224 101.244 101.267 101.297 101.337 101.365 101.377 101.381 101.372 101.364 101.356 101.349 101.342 101.337 101.332 101.33 101.331 101.333 101.336 101.341 101.345 101.349 101.353 101.357 101.361 101.365 101.368 101.372 101.377 101.382 101.387 101.392 101.397 101.401 101.406
-9999 -9999 -9999 -9999 -9999 -9999 -9999 -9999 -9999 -9999 -9999 -9999 -9999 -9999 -9999 -9999 -9999 -9999 -9999 -9999 -9999 -9999 -9999 -9999 -9999 -9999 -9999 -9999 -9999 -9999 -9999 -9999 -9999 -9999 -9999 -9999 -9999 -9999 -9999 101.172 101.193 101.212 101.238 101.266 101.288 101.301 101.298 101.291 101.284 101.277 101.271 101.264 101.258 101.252 101.249 101.249 101.252 101.255 101.258 101.261 101.264 101.267 101.27 101.272 101.274 101.276 101.279 101.282 101.286 101.288 101.291 101.292 101.294 101.294
-9999 -9999 -9999 -9999 -9999 -9999 -9999 -9999 -9999 -9999 -9999 -9999 -9999 -9999 -9999 -9999 -9999 -9999 -9999 -9999 -9999 -9999 -9999 -9999 -9999 -9999 -9999 -9999 -9999 -9999 -9999 -9999 -9999 -9999 -9999 -9999 -9999 -9999 101.1 101.124 101.146 101.163 101.174 101.188 101.213 101.225 101.22 101.215 101.209 101.203 101.197 101.191 101.184 101.177 101.173 101.173 101.175 101.177 101.179 101.181 101.182 101.183 101.184 101.184 101.185 101.186 101.188 101.189 101.191 101.191 101.191 101.189 101.187 101.184
-9999 -9999 -9999 -9999 -9999 -9999 -9999 -9999 -9999 -9999 -9999 -9999 -9999 -9999 -9999 -9999 -9999 -9999 -9999 -9999 -9999 -9999 -9999 -9999 -9999 -9999 -9999 -9999 -9999 -9999 -9999 -9999 -9999 -9999 -9999 -9999 -9999 -9999 101.055 101.08 101.1 101.108 101.111 101.123 101.139 101.147 101.146 101.143 101.139 101.134 101.128 101.122 101.115 101.108 101.103 101.102 101.103 101.104 101.104 101.104 101.103 101.101 101.099 101.097 101.097 101.097 101.098 101.098 101.097 101.095 101.092 101.087 101.082 101.075
-9999 -9999 -9999 -9999 -9999 -9999 -9999 -9999 -9999 -9999 -9999 -9999 -9999 -9999 -9999 -9999 -9999 -9999 -9999 -9999 -9999 -9999 -9999 -9999 -9999 -9999 -9999 -9999 -9999 -9999 -9999 -9999 -9999 -9999 -9999 -9999 -9999 -9999 101.013 101.037 101.048 101.054 101.058 101.063 101.068 101.073 101.076 101.075 101.072 101.068 101.063 101.057 101.051 101.045 101.04 101.037 101.036 101.034 101.032 101.03 101.027 101.022 101.017 101.013 101.011 101.01 101.009 101.007 101.004 100.999 100.993 100.986 100.977 100.966
-9999 -9999 -9999 -9999 -9999 -9999 -9999 -9999 -9999 -9999 -9999 -9999 -9999 -9999 -9999 -9999 -9999 -9999 -9999 -9999 -9999 -9999 -9999 -9999 -9999 -9999 -9999 -9999 -9999 -9999 -9999 -9999 -9999 -9999 -9999 -9999 -9999 -9999 -9999 100.992 100.997 101.004 101.009 101.01 101.005 101.003 101.009 101.009 101.007 101.004 101.0 100.996 100.99 100.984 100.979 100.974 100.971 100.967 100.963 100.958 100.952 100.945 100.939 100.933 100.928 100.924 100.921 100.917 100.911 100.904 100.895 100.884 -9999 100.856
