Validation/Results/raw data/ReClimate_11_2023_1_Temperatureweatherlogisticsltd.asc
NCOLS 192
NROWS 249
XLLCENTER -225160.85627316462
YLLCENTER 29788.11610251502
CELLSIZE 5000.0
NODATA_VALUE -9999
[rows 165 to 197 of 249, columns 76 to 151 of 192]
-9999 -9999 -9999 -9999 -9999 -9999 -9999 -9999 -9999 -9999 -9999 -9999 -9999 -9999 -9999 -9999 -9999 -9999 -9999 -9999 -9999 -9999 -9999 -9999 -9999 -9999 -9999 -9999 -9999 -9999 -9999 -9999 -9999 -9999 -9999 -9999 0.255 0.259 0.267 0.26 0.257 0.272 0.287 0.288 0.288 0.286 0.282 0.291 0.302 0.303 0.292 0.323 0.352 0.343 0.32 0.315 0.321 0.323 0.327 0.334 0.335 0.326 0.32 0.319 0.315 0.321 0.317 0.31 0.314 0.317 0.318 0.319 0.317 -9999 0.306 0.297
-9999 -9999 -9999 -9999 -9999 -9999 -9999 -9999 -9999 -9999 -9999 -9999 -9999 -9999 -9999 -9999 -9999 -9999 -9999 -9999 -9999 -9999 -9999 -9999 -9999 -9999 -9999 -9999 -9999 -9999 -9999 -9999 -9999 -9999 -9999 -9999 0.246 0.254 0.267 0.266 0.263 0.275 0.289 0.293 0.294 0.293 0.289 0.298 0.309 0.301 0.291 0.319 0.355 0.346 0.334 0.33 0.324 0.325 0.326 0.332 0.339 0.331 0.32 0.32 0.319 0.324 0.329 0.325 0.318 0.321 0.324 0.324 0.324 0.321 -9999 -9999
-9999 -9999 -9999 -9999 -9999 -9999 -9999 -9999 -9999 -9999 -9999 -9999 -9999 -9999 -9999 -9999 -9999 -9999 -9999 -9999 -9999 -9999 -9999 -9999 -9999 -9999 -9999 -9999 -9999 -9999 -9999 -9999 -9999 -9999 -9999 0.246 0.258 0.269 0.274 0.277 0.283 0.293 0.294 0.3 0.308 0.306 0.299 0.306 0.306 0.313 0.311 0.313 0.332 0.339 0.336 0.335 0.331 0.331 0.331 0.332 0.336 0.342 0.339 0.335 0.332 0.33 0.331 0.329 0.324 0.339 0.349 0.341 0.336 0.337 0.33 0.333
-9999 -9999 -9999 -9999 -9999 -9999 -9999 -9999 -9999 -9999 -9999 -9999 -9999 -9999 -9999 -9999 -9999 -9999 -9999 -9999 -9999 -9999 -9999 -9999 -9999 -9999 -9999 -9999 -9999 -9999 -9999 -9999 -9999 -9999 -9999 0.264 0.265 0.272 0.277 0.284 0.291 0.294 0.296 0.304 0.313 0.31 0.304 0.306 0.307 0.313 0.32 0.322 0.325 0.331 0.338 0.337 0.334 0.334 0.333 0.335 0.337 0.342 0.348 0.345 0.339 0.338 0.335 0.333 0.331 0.346 0.363 0.357 0.347 0.348 0.348 0.349
-9999 -9999 -9999 -9999 -9999 -9999 -9999 -9999 -9999 -9999 -9999 -9999 -9999 -9999 -9999 -9999 -9999 -9999 -9999 -9999 -9999 -9999 -9999 -9999 -9999 -9999 -9999 -9999 -9999 -9999 -9999 -9999 -9999 -9999 -9999 -9999 0.281 0.286 0.288 0.295 0.301 0.306 0.314 0.32 0.319 0.321 0.326 0.326 0.317 0.32 0.315 0.317 0.319 0.333 0.344 0.342 0.34 0.339 0.338 0.338 0.339 0.364 0.383 0.369 0.359 0.356 0.354 0.367 0.374 0.369 0.375 0.371 0.363 0.364 0.364 0.374
-9999 -9999 -9999 -9999 -9999 -9999 -9999 -9999 -9999 -9999 -9999 -9999 -9999 -9999 -9999 -9999 0.183 0.19 -9999 -9999 -9999 -9999 -9999 -9999 -9999 -9999 -9999 -9999 -9999 -9999 -9999 -9999 -9999 -9999 -9999 0.286 0.287 0.29 0.291 0.297 0.304 0.312 0.32 0.321 0.321 0.327 0.333 0.329 0.322 0.32 0.316 0.317 0.318 0.331 0.347 0.345 0.343 0.342 0.341 0.342 0.342 0.366 0.395 0.384 0.368 0.367 0.364 0.378 0.394 0.39 0.384 0.38 0.374 0.376 0.376 0.387
-9999 -9999 -9999 -9999 -9999 -9999 -9999 -9999 -9999 -9999 -9999 -9999 -9999 -9999 -9999 -9999 0.202 0.208 0.211 -9999 -9999 -9999 -9999 -9999 -9999 -9999 -9999 -9999 -9999 -9999 -9999 -9999 -9999 -9999 0.292 0.291 0.303 0.307 0.307 0.308 0.296 0.307 0.327 0.324 0.309 0.312 0.309 0.312 0.329 0.335 0.354 0.339 0.331 0.336 0.346 0.349 0.349 0.346 0.344 0.345 0.346 0.359 0.381 0.379 0.369 0.369 0.366 0.364 0.37 0.378 0.377 0.388 0.391 0.394 0.396 0.393
-9999 -9999 -9999 -9999 -9999 -9999 -9999 -9999 -9999 -9999 -9999 -9999 -9999 -9999 -9999 0.188 0.209 0.214 0.218 0.226 -9999 -9999 -9999 -9999 -9999 -9999 -9999 -9999 -9999 -9999 -9999 0.279 -9999 -9999 0.302 0.308 0.309 0.312 0.313 -9999 0.293 0.31 0.329 0.319 0.305 0.302 0.299 0.314 0.33 0.347 0.367 0.354 0.336 0.342 0.347 0.35 0.352 0.35 0.346 0.348 0.35 0.363 0.378 0.376 0.373 0.372 0.37 0.37 0.367 0.373 0.38 0.391 0.403 0.407 0.41 0.408
-9999 -9999 -9999 -9999 -9999 -9999 -9999 -9999 -9999 -9999 -9999 -9999 -9999 -9999 -9999 0.195 0.218 0.225 0.233 0.238 0.238 0.247 -9999 -9999 -9999 0.266 0.279 -9999 0.281 0.278 0.303 0.304 0.297 -9999 -9999 0.32 0.319 -9999 -9999 0.305 0.302 0.319 0.337 0.333 0.335 0.336 0.334 0.342 0.332 0.338 0.35 0.345 0.332 0.328 0.328 0.342 0.352 0.348 0.343 0.361 0.373 0.372 0.379 0.385 0.388 0.384 0.38 0.378 0.374 0.381 0.388 0.398 0.41 0.417 0.423 0.437
-9999 -9999 -9999 -9999 -9999 -9999 -9999 -9999 -9999 -9999 -9999 -9999 -9999 -9999 -9999 -9999 0.221 0.23 0.237 0.24 0.242 -9999 -9999 0.256 0.262 0.269 0.278 0.284 0.281 0.297 0.312 0.307 0.301 0.313 -9999 0.322 0.321 0.316 0.308 0.307 0.305 0.321 0.339 0.343 0.347 0.348 0.348 0.342 0.333 0.339 0.343 0.338 0.33 0.327 0.322 0.337 0.354 0.35 0.345 0.363 0.384 0.384 0.382 0.389 0.396 0.394 0.388 0.387 0.383 0.39 0.397 0.407 0.419 0.427 0.434 0.449
-9999 -9999 -9999 -9999 -9999 -9999 -9999 -9999 -9999 -9999 -9999 -9999 -9999 -9999 -9999 -9999 0.226 0.234 0.236 0.242 0.254 0.259 0.265 0.271 0.27 0.275 0.274 0.279 0.282 0.294 0.306 0.303 0.299 0.314 0.334 0.335 0.329 0.329 0.332 0.328 0.31 0.321 0.326 0.332 0.343 0.346 0.348 0.347 0.353 0.356 0.352 0.345 0.337 0.343 0.344 0.349 0.362 0.363 0.361 0.381 0.404 0.4 0.396 0.401 0.407 0.417 0.42 0.416 0.412 0.42 0.429 0.445 0.461 0.459 0.463 0.461
-9999 -9999 -9999 -9999 -9999 -9999 -9999 -9999 -9999 -9999 -9999 -9999 -9999 -9999 -9999 -9999 -9999 0.24 0.235 0.246 0.258 0.264 0.27 0.272 0.273 0.272 0.27 0.276 0.279 0.29 0.301 0.301 0.298 0.318 0.341 0.339 0.334 0.339 0.344 0.331 0.314 0.318 0.322 0.332 0.344 0.348 0.35 0.356 0.362 0.36 0.356 0.349 0.34 0.346 0.352 0.358 0.365 0.367 0.367 0.388 0.412 0.41 0.405 0.41 0.415 0.424 0.435 0.432 0.427 0.437 0.446 0.463 0.482 0.481 0.476 0.474
-9999 -9999 -9999 -9999 -9999 -9999 -9999 -9999 -9999 -9999 -9999 -9999 -9999 -9999 -9999 -9999 -9999 -9999 -9999 0.265 0.273 0.285 0.304 0.297 0.267 0.272 0.291 0.298 0.308 0.316 0.316 0.318 0.319 0.334 0.338 0.341 0.351 0.355 0.353 0.343 0.332 0.336 0.338 0.348 0.359 0.359 0.351 0.358 0.371 0.365 0.348 0.361 0.363 0.363 0.366 0.358 0.356 0.375 0.386 0.407 0.431 0.417 0.406 0.411 0.415 0.43 0.444 0.448 0.447 0.453 0.461 0.469 0.483 0.48 0.474 0.473
-9999 -9999 -9999 -9999 -9999 -9999 -9999 -9999 -9999 -9999 -9999 -9999 -9999 -9999 -9999 -9999 -9999 -9999 0.261 0.269 0.278 0.296 0.315 0.293 0.263 0.279 0.297 0.308 0.319 0.321 0.322 0.326 0.328 0.334 0.337 0.347 0.357 0.358 0.357 0.35 0.341 0.343 0.345 0.355 0.365 0.36 0.352 0.363 0.375 0.363 0.347 0.359 0.373 0.374 0.374 0.366 0.356 0.373 0.394 0.415 0.439 0.426 0.407 0.412 0.415 0.43 0.446 0.45 0.453 0.46 0.465 0.474 0.483 0.48 0.473 0.472
-9999 -9999 -9999 -9999 -9999 -9999 -9999 -9999 -9999 -9999 -9999 -9999 -9999 -9999 -9999 -9999 -9999 0.251 0.244 0.254 0.271 0.292 0.325 0.312 0.308 0.323 0.328 0.329 0.308 0.31 0.318 0.326 0.341 0.343 0.334 0.346 0.361 0.36 0.353 0.351 0.354 0.354 0.347 0.357 0.367 0.364 0.363 0.376 0.394 0.385 0.377 0.38 0.388 0.381 0.377 0.376 0.37 0.382 0.4 0.422 0.447 0.444 0.432 0.426 0.424 0.443 0.463 0.469 0.474 0.482 0.489 0.488 0.491 0.49 0.486 0.481
-9999 -9999 -9999 -9999 -9999 -9999 -9999 -9999 -9999 -9999 -9999 -9999 -9999 -9999 -9999 -9999 0.243 0.241 0.237 0.251 0.267 0.294 0.326 0.326 0.327 0.334 0.34 0.324 0.303 0.309 0.317 0.332 0.346 0.342 0.334 0.348 0.363 0.359 0.353 0.357 0.36 0.356 0.349 0.358 0.368 0.369 0.368 0.383 0.402 0.397 0.389 0.393 0.396 0.39 0.381 0.381 0.379 0.391 0.405 0.425 0.45 0.448 0.442 0.437 0.428 0.447 0.469 0.476 0.482 0.49 0.497 0.498 0.494 0.494 0.49 0.486
-9999 -9999 -9999 -9999 -9999 -9999 -9999 -9999 -9999 -9999 -9999 -9999 -9999 -9999 0.228 0.238 0.258 0.256 0.254 0.259 0.251 0.278 0.32 0.325 0.33 0.329 0.311 0.302 0.306 0.311 0.313 0.323 0.327 0.33 0.346 0.358 0.367 0.367 0.372 0.376 0.375 0.373 0.37 0.38 0.388 0.392 0.398 0.409 0.409 0.407 0.408 0.403 0.401 0.396 0.387 0.403 0.412 0.412 0.42 0.427 0.443 0.448 0.447 0.453 0.452 0.457 0.472 0.485 0.496 0.493 0.493 0.512 0.52 0.505 0.492 0.486
-9999 -9999 -9999 -9999 -9999 -9999 -9999 -9999 -9999 -9999 -9999 -9999 -9999 0.212 0.234 0.249 0.262 -9999 -9999 -9999 -9999 0.267 0.319 0.326 0.331 0.318 0.3 0.304 0.309 0.311 0.312 0.317 0.32 0.335 0.351 0.36 0.368 0.374 0.379 0.381 0.381 0.381 0.379 0.388 0.396 0.404 0.411 0.412 0.412 0.414 0.415 0.411 0.404 0.4 0.392 0.407 0.426 0.427 0.427 0.435 0.443 0.446 0.449 0.455 0.46 0.467 0.473 0.487 0.502 0.499 0.492 0.511 0.53 0.517 0.494 0.487
-9999 -9999 -9999 -9999 -9999 -9999 -9999 -9999 -9999 -9999 -9999 -9999 -9999 0.225 0.243 0.253 -9999 -9999 -9999 -9999 -9999 0.264 0.29 0.302 0.329 0.321 0.317 0.317 0.303 0.306 0.311 0.318 0.329 0.343 0.356 0.363 0.364 0.371 0.377 0.375 0.366 0.367 0.371 0.378 0.386 0.392 0.4 0.403 0.411 0.415 0.422 0.422 0.418 0.427 0.428 0.414 0.414 0.433 0.444 0.447 0.452 0.459 0.463 0.454 0.451 0.461 0.469 0.47 0.478 0.505 0.517 0.53 0.546 0.544 0.53 0.512
-9999 -9999 -9999 -9999 -9999 -9999 -9999 -9999 -9999 -9999 -9999 -9999 -9999 -9999 -9999 0.255 -9999 -9999 -9999 -9999 -9999 0.279 0.279 0.302 0.328 0.327 0.324 0.315 0.301 0.307 0.312 0.322 0.332 0.344 0.357 0.36 0.362 0.369 0.375 0.369 0.361 0.365 0.369 0.376 0.382 0.389 0.396 0.403 0.411 0.418 0.426 0.426 0.424 0.433 0.442 0.429 0.411 0.43 0.451 0.455 0.456 0.463 0.47 0.461 0.45 0.46 0.471 0.474 0.475 0.501 0.532 0.546 0.559 0.556 0.548 0.53
-9999 -9999 -9999 -9999 -9999 -9999 -9999 -9999 -9999 -9999 -9999 -9999 -9999 -9999 -9999 -9999 -9999 -9999 -9999 -9999 -9999 0.294 0.298 0.313 0.31 0.311 0.319 0.319 0.335 0.337 0.328 0.337 0.342 0.351 0.356 0.36 0.365 0.37 0.367 0.365 0.367 0.376 0.394 0.396 0.385 0.396 0.414 0.417 0.408 0.424 0.437 0.44 0.44 0.434 0.433 0.45 0.452 0.451 0.462 0.468 0.473 0.466 0.465 0.462 0.454 0.469 0.483 0.504 0.517 0.523 0.542 0.56 0.575 0.577 0.572 0.56
-9999 -9999 -9999 -9999 -9999 -9999 -9999 -9999 -9999 -9999 -9999 -9999 -9999 -9999 -9999 -9999 -9999 -9999 -9999 -9999 -9999 -9999 0.307 0.306 0.302 0.309 0.317 0.332 0.349 0.343 0.335 0.341 0.346 0.351 0.355 0.361 0.366 0.366 0.363 0.367 0.369 0.386 0.403 0.397 0.386 0.403 0.422 0.416 0.408 0.423 0.441 0.444 0.446 0.441 0.431 0.448 0.467 0.467 0.467 0.475 0.482 0.477 0.467 0.467 0.463 0.477 0.494 0.515 0.538 0.547 0.552 0.57 0.586 0.587 0.585 0.574
-9999 -9999 -9999 -9999 -9999 -9999 -9999 -9999 -9999 -9999 -9999 -9999 -9999 -9999 -9999 -9999 -9999 -9999 -9999 -9999 -9999 0.272 0.286 0.29 0.308 0.314 0.317 0.332 0.348 0.346 0.348 0.35 0.342 0.351 0.365 0.371 0.377 0.377 0.375 0.382 0.39 0.398 0.39 0.389 0.398 0.41 0.411 0.411 0.42 0.433 0.45 0.459 0.465 0.47 0.468 0.468 0.479 0.485 0.489 0.496 0.504 0.507 0.504 0.502 0.499 0.497 0.504 0.519 0.539 0.559 0.572 0.576 0.583 0.591 0.593 0.59
-9999 -9999 -9999 -9999 -9999 -9999 -9999 -9999 -9999 -9999 -9999 -9999 -9999 -9999 -9999 -9999 -9999 -9999 -9999 -9999 -9999 0.276 0.277 0.293 0.31 0.314 0.317 0.331 0.347 0.35 0.353 0.348 0.341 0.354 0.368 0.375 0.381 0.381 0.38 0.389 0.398 0.393 0.385 0.393 0.402 0.405 0.406 0.415 0.425 0.438 0.453 0.463 0.472 0.477 0.481 0.485 0.488 0.495 0.501 0.509 0.516 0.52 0.521 0.521 0.518 0.517 0.514 0.529 0.545 0.565 0.585 0.588 0.586 0.593 0.6 0.597
-9999 -9999 -9999 -9999 -9999 -9999 -9999 -9999 -9999 -9999 -9999 -9999 -9999 -9999 -9999 -9999 -9999 -9999 -9999 -9999 -9999 0.297 0.298 0.308 0.307 0.316 0.334 0.352 0.377 0.378 0.371 0.364 0.347 0.356 0.357 0.37 0.398 0.395 0.382 0.392 0.403 0.4 0.396 0.403 0.406 0.414 0.431 0.437 0.433 0.44 0.452 0.465 0.477 0.488 0.496 0.5 0.503 0.51 0.517 0.529 0.539 0.534 0.531 0.543 0.548 0.538 0.529 0.541 0.556 0.577 0.596 0.605 0.606 0.611 0.617 0.611
-9999 -9999 -9999 -9999 -9999 -9999 -9999 -9999 -9999 -9999 -9999 -9999 -9999 -9999 -9999 -9999 -9999 -9999 -9999 -9999 -9999 -9999 0.306 0.307 0.306 0.322 0.34 0.362 0.387 0.383 0.377 0.365 0.349 0.352 0.353 0.377 0.405 0.396 0.384 0.394 0.405 0.404 0.4 0.404 0.407 0.422 0.44 0.439 0.437 0.444 0.451 0.465 0.481 0.493 0.504 0.51 0.512 0.52 0.526 0.538 0.551 0.547 0.539 0.552 0.564 0.555 0.541 0.553 0.566 0.587 0.605 0.612 0.617 0.622 0.627 0.622
-9999 -9999 -9999 -9999 -9999 -9999 -9999 -9999 -9999 -9999 -9999 -9999 -9999 -9999 -9999 -9999 -9999 -9999 -9999 -9999 -9999 -9999 0.322 0.326 0.329 0.339 0.336 0.357 0.382 0.384 0.394 0.389 0.386 0.384 0.365 0.379 0.374 0.373 0.389 0.397 0.402 0.4 0.397 0.405 0.422 0.436 0.447 0.448 0.45 0.454 0.461 0.475 0.492 0.493 0.497 0.512 0.52 0.525 0.53 0.54 0.551 0.547 0.539 0.562 0.58 0.583 0.577 0.58 0.588 0.608 0.625 0.626 0.629 0.629 0.63 0.631
-9999 -9999 -9999 -9999 -9999 -9999 -9999 -9999 -9999 -9999 -9999 -9999 -9999 -9999 -9999 -9999 -9999 -9999 -9999 -9999 -9999 0.313 0.328 0.333 0.338 0.336 0.334 0.355 0.379 0.389 0.4 0.401 0.401 0.388 0.371 0.368 0.362 0.376 0.392 0.397 0.4 0.399 0.396 0.411 0.429 0.438 0.449 0.452 0.455 0.46 0.466 0.482 0.499 0.501 0.498 0.513 0.527 0.532 0.535 0.545 0.555 0.551 0.544 0.566 0.591 0.594 0.596 0.6 0.601 0.619 0.636 0.637 0.636 0.636 0.634 0.635
-9999 -9999 -9999 -9999 -9999 -9999 -9999 -9999 -9999 -9999 -9999 -9999 -9999 -9999 -9999 -9999 -9999 -9999 -9999 -9999 -9999 0.326 0.33 0.341 0.361 0.36 0.352 0.373 0.392 0.4 0.402 0.4 0.391 0.377 0.358 0.36 0.372 0.383 0.388 0.394 0.401 0.404 0.412 0.428 0.445 0.453 0.458 0.459 0.452 0.461 0.479 0.484 0.494 0.505 0.509 0.521 0.534 0.527 0.523 0.547 0.564 0.576 0.579 0.595 0.616 0.619 0.621 0.627 0.63 0.635 0.644 0.647 0.648 0.653 0.654 0.663
-9999 -9999 -9999 -9999 -9999 -9999 -9999 -9999 -9999 -9999 -9999 -9999 -9999 -9999 -9999 -9999 -9999 -9999 -9999 -9999 -9999 0.328 0.33 0.348 0.369 0.365 0.359 0.377 0.397 0.4 0.402 0.395 0.386 0.372 0.353 0.365 0.377 0.383 0.387 0.394 0.402 0.41 0.418 0.434 0.451 0.456 0.461 0.457 0.452 0.469 0.486 0.492 0.495 0.505 0.515 0.529 0.541 0.535 0.524 0.546 0.572 0.584 0.597 0.613 0.63 0.634 0.633 0.64 0.643 0.649 0.65 0.654 0.655 0.66 0.664 0.673
-9999 -9999 -9999 -9999 -9999 -9999 -9999 -9999 -9999 -9999 -9999 -9999 -9999 -9999 -9999 -9999 -9999 -9999 -9999 -9999 0.331 0.33 0.358 0.372 0.377 0.376 0.377 0.387 0.38 0.385 0.394 0.39 0.389 0.379 0.368 0.378 0.382 0.387 0.39 0.399 0.408 0.417 0.426 0.441 0.458 0.459 0.453 0.45 0.452 0.468 0.487 0.504 0.515 0.52 0.527 0.53 0.537 0.557 0.562 0.574 0.593 0.601 0.611 0.631 0.649 0.654 0.655 0.664 0.67 0.653 0.64 0.654 0.662 0.67 0.676 0.664
-9999 -9999 -9999 -9999 -9999 -9999 -9999 -9999 -9999 -9999 -9999 -9999 -9999 -9999 -9999 -9999 -9999 -9999 -9999 0.328 0.337 0.354 0.368 0.374 0.379 0.381 0.382 0.379 0.373 0.382 0.39 0.391 0.391 0.385 0.375 0.38 0.384 0.389 0.392 0.401 0.411 0.42 0.429 0.444 0.46 0.456 0.45 0.452 0.454 0.471 0.49 0.507 0.524 0.53 0.533 0.538 0.539 0.56 0.581 0.593 0.605 0.614 0.621 0.64 0.659 0.664 0.666 0.675 0.682 0.666 0.64 0.654 0.668 0.674 0.681 0.669
-9999 -9999 -9999 -9999 -9999 -9999 -9999 -9999 -9999 -9999 -9999 -9999 -9999 -9999 -9999 -9999 -9999 0.298 0.314 0.332 0.351 0.36 0.359 0.368 0.384 0.384 0.379 0.379 0.383 0.386 0.373 0.38 0.401 0.394 0.381 0.389 0.405 0.408 0.404 0.415 0.429 0.435 0.431 0.447 0.467 0.46 0.444 0.455 0.482 0.496 0.501 0.5 0.505 0.521 0.53 0.541 0.546 0.571 0.595 0.612 0.627 0.634 0.64 0.652 0.668 0.672 0.673 0.68 0.684 0.68 0.664 0.677 0.691 0.686 0.686 0.683
