Validation/Results/raw data/ReClimate_05_2024_1_Precipitation-Actualsweatherlogisticsltd.asc
NCOLS 192
NROWS 249
XLLCENTER -225160.85627316462
YLLCENTER 29788.11610251502
CELLSIZE 5000.0
NODATA_VALUE -9999
[rows 132 to 164 of 249, columns 74 to 147 of 192]
-9999 -9999 -9999 -9999 -9999 -9999 -9999 -9999 -9999 -9999 -9999 -9999 -9999 140.955 144.648 149.045 149.808 161.456 168.428 183.131 189.281 194.385 183.987 138.318 130.364 134.749 138.471 130.161 124.243 124.224 116.787 114.917 119.551 111.552 127.379 139.115 148.33 144.214 134.026 138.605 138.108 132.188 144.641 141.501 128.998 125.808 116.969 116.301 109.737 105.642 110.883 101.878 92.851 92.164 96.005 90.648 85.726 81.018 -9999 -9999 -9999 -9999 -9999 -9999 -9999 -9999 -9999 -9999 -9999 -9999 -9999 -9999 -9999 -9999
122.305 -9999 -9999 -9999 -9999 -9999 -9999 -9999 -9999 -9999 -9999 -9999 -9999 145.843 175.578 151.761 144.85 148.763 154.236 181.807 228.188 227.911 171.122 150.377 133.699 137.282 135.651 134.838 143.425 117.912 108.226 112.282 112.574 121.687 123.673 134.95 135.215 132.893 126.887 129.124 127.691 134.013 137.695 139.846 134.082 128.252 120.335 107.49 101.522 103.084 99.216 97.747 95.667 90.906 87.892 89.928 87.471 81.537 -9999 -9999 -9999 -9999 -9999 -9999 -9999 -9999 -9999 -9999 -9999 -9999 -9999 -9999 -9999 -9999
147.596 -9999 -9999 -9999 -9999 -9999 -9999 -9999 -9999 -9999 -9999 -9999 145.151 173.467 163.98 153.13 149.686 147.148 147.31 183.525 207.721 185.816 181.828 157.676 141.236 129.334 130.83 140.081 126.328 118.537 108.892 105.19 115.796 116.177 120.228 121.393 123.538 120.894 116.597 116.603 123.134 120.004 127.415 132.989 129.921 116.787 109.519 106.564 100.801 94.414 82.692 92.675 93.853 93.619 88.278 87.284 89.219 87.546 77.653 -9999 -9999 -9999 -9999 -9999 -9999 -9999 -9999 -9999 -9999 -9999 -9999 -9999 -9999 -9999
136.87 -9999 -9999 -9999 -9999 -9999 -9999 -9999 -9999 -9999 -9999 136.173 -9999 149.802 160.112 153.622 149.333 137.91 132.209 147.476 154.607 177.885 193.848 164.375 134.306 121.311 119.495 118.487 118.447 118.319 117.172 112.528 114.78 110.132 110.801 108.907 109.172 104.663 99.387 104.742 107.302 113.088 116.255 114.342 112.451 109.375 101.073 94.266 95.115 82.396 95.302 98.711 93.453 92.135 90.082 89.032 90.173 88.0 82.241 -9999 -9999 -9999 -9999 -9999 -9999 -9999 -9999 -9999 -9999 -9999 -9999 -9999 -9999 -9999
153.643 133.108 -9999 -9999 -9999 -9999 -9999 -9999 -9999 -9999 -9999 130.862 -9999 136.013 142.862 140.54 138.506 128.829 125.186 126.451 137.316 170.695 176.014 159.214 137.018 118.569 112.28 111.721 118.732 131.186 136.558 -9999 -9999 -9999 -9999 -9999 -9999 98.404 96.183 98.808 102.601 106.937 109.406 109.256 112.29 104.006 96.961 101.244 92.572 95.976 94.985 86.996 93.778 91.914 91.9 84.767 83.984 85.371 84.031 78.667 -9999 -9999 -9999 -9999 -9999 -9999 -9999 -9999 -9999 -9999 -9999 -9999 -9999 -9999
164.112 142.324 116.106 -9999 -9999 -9999 -9999 -9999 -9999 -9999 -9999 126.715 125.053 121.533 121.162 131.473 132.179 129.276 122.553 117.823 131.355 152.65 169.654 150.483 136.649 120.313 115.381 120.199 114.339 125.211 119.156 -9999 -9999 -9999 -9999 96.211 98.983 95.53 96.461 96.979 98.658 104.091 109.938 120.528 118.026 108.797 110.733 97.271 96.056 99.699 89.858 87.385 94.054 93.958 92.592 99.792 92.47 87.718 85.355 76.943 -9999 -9999 -9999 -9999 -9999 -9999 -9999 -9999 -9999 -9999 -9999 -9999 -9999 -9999
152.646 134.843 130.433 122.746 -9999 -9999 -9999 -9999 -9999 -9999 -9999 125.827 117.751 114.624 -9999 -9999 129.587 127.32 118.029 117.151 -9999 127.678 133.106 128.805 128.022 118.631 120.175 113.373 106.364 -9999 -9999 -9999 -9999 -9999 91.994 94.238 96.131 92.668 96.474 96.974 95.776 101.441 118.332 137.376 141.412 124.351 116.678 105.461 102.848 96.406 93.426 97.815 90.032 96.421 97.284 98.919 95.271 87.675 86.607 80.452 -9999 -9999 -9999 -9999 -9999 -9999 -9999 -9999 -9999 -9999 -9999 -9999 -9999 -9999
126.276 145.995 148.797 130.487 -9999 -9999 -9999 -9999 -9999 -9999 -9999 -9999 116.765 106.995 -9999 -9999 -9999 115.232 112.375 110.913 111.74 -9999 -9999 115.695 117.461 117.348 117.117 115.069 -9999 -9999 -9999 -9999 -9999 103.121 98.331 104.428 98.569 95.426 98.249 99.347 98.343 105.644 117.645 135.908 136.185 136.919 120.089 120.422 118.163 111.261 104.816 105.685 100.806 93.123 98.977 101.293 94.122 87.754 89.743 87.132 -9999 -9999 -9999 -9999 -9999 -9999 -9999 -9999 -9999 -9999 -9999 -9999 -9999 -9999
134.56 144.623 133.777 -9999 -9999 -9999 -9999 -9999 -9999 -9999 -9999 -9999 -9999 105.864 -9999 -9999 -9999 -9999 106.157 109.942 111.873 -9999 -9999 -9999 110.255 107.76 -9999 -9999 -9999 -9999 -9999 -9999 -9999 101.705 108.415 106.792 105.384 110.071 111.761 105.607 95.363 98.857 110.988 118.285 133.276 131.365 124.008 133.06 128.311 120.943 106.876 109.515 108.234 98.321 93.331 96.551 91.875 87.247 91.201 87.117 -9999 -9999 -9999 -9999 -9999 -9999 -9999 -9999 -9999 -9999 -9999 -9999 -9999 -9999
132.613 124.749 -9999 -9999 -9999 -9999 -9999 -9999 -9999 -9999 -9999 -9999 -9999 115.85 -9999 -9999 -9999 -9999 -9999 106.854 106.544 -9999 -9999 -9999 -9999 -9999 -9999 -9999 -9999 -9999 -9999 -9999 -9999 107.513 117.58 120.354 125.636 128.613 120.773 105.328 98.844 98.009 101.559 117.236 139.654 152.865 150.429 137.412 128.197 104.44 102.27 101.11 96.431 96.356 99.467 94.447 89.183 86.026 92.037 91.991 83.3 -9999 -9999 -9999 -9999 -9999 -9999 -9999 -9999 -9999 -9999 -9999 -9999 -9999
129.268 -9999 118.766 124.025 120.134 108.678 -9999 -9999 -9999 -9999 -9999 -9999 -9999 116.555 -9999 -9999 -9999 -9999 -9999 -9999 -9999 -9999 -9999 -9999 -9999 -9999 -9999 -9999 -9999 -9999 -9999 -9999 105.711 109.947 117.955 122.125 126.574 148.911 139.43 118.049 105.682 94.758 98.021 96.608 124.345 152.573 155.463 143.028 121.953 134.091 133.672 112.036 104.688 89.665 91.329 95.141 94.3 92.492 91.763 94.642 89.55 84.051 -9999 -9999 -9999 -9999 -9999 -9999 -9999 -9999 -9999 -9999 -9999 -9999
124.344 118.937 121.764 121.404 109.171 107.651 -9999 -9999 -9999 -9999 -9999 -9999 -9999 -9999 -9999 -9999 -9999 -9999 -9999 -9999 -9999 -9999 -9999 -9999 -9999 -9999 -9999 -9999 -9999 -9999 -9999 107.091 107.53 116.319 126.708 134.356 151.197 190.428 165.533 123.973 105.245 97.034 86.341 89.759 107.61 141.746 171.374 147.757 133.516 128.828 118.888 116.467 108.687 100.83 90.305 91.507 89.327 91.535 90.98 91.658 88.729 83.837 -9999 -9999 -9999 -9999 -9999 -9999 -9999 -9999 -9999 -9999 -9999 -9999
119.889 122.265 119.165 110.59 -9999 105.533 102.984 -9999 -9999 -9999 -9999 -9999 -9999 -9999 -9999 -9999 -9999 -9999 -9999 -9999 -9999 -9999 -9999 -9999 -9999 -9999 -9999 -9999 -9999 -9999 -9999 110.197 112.538 136.343 160.607 169.4 168.145 159.481 156.848 134.754 119.262 103.246 96.357 89.92 97.944 125.0 142.684 161.519 145.199 126.277 112.664 107.395 100.918 97.059 93.352 93.514 90.615 90.424 89.973 88.882 87.154 84.537 83.006 83.035 -9999 -9999 -9999 -9999 -9999 -9999 -9999 -9999 -9999 -9999
124.825 123.775 114.934 106.735 -9999 -9999 103.252 -9999 -9999 -9999 -9999 -9999 -9999 -9999 -9999 -9999 -9999 -9999 -9999 -9999 -9999 -9999 -9999 -9999 -9999 -9999 -9999 -9999 -9999 -9999 -9999 128.99 135.923 151.94 165.356 175.635 176.497 192.283 180.423 159.399 135.972 125.889 104.738 99.134 98.058 90.457 114.57 131.418 125.857 119.644 110.843 96.845 94.159 91.913 88.263 85.497 89.432 88.4 90.247 89.171 90.154 90.727 101.257 101.609 93.955 90.504 97.568 -9999 -9999 -9999 -9999 -9999 -9999 -9999
119.515 118.168 117.351 108.8 99.968 -9999 102.342 -9999 -9999 -9999 -9999 -9999 -9999 -9999 -9999 -9999 -9999 -9999 -9999 -9999 -9999 -9999 -9999 -9999 -9999 -9999 -9999 -9999 -9999 -9999 105.764 132.894 151.625 181.624 229.928 254.956 251.17 203.664 195.269 189.029 182.775 151.107 143.473 122.275 103.904 89.79 103.29 103.682 109.886 122.656 113.962 102.871 95.853 94.065 93.035 89.683 87.1 87.984 88.73 90.352 94.02 96.337 104.638 120.341 114.611 109.385 103.918 100.927 99.331 -9999 -9999 -9999 -9999 -9999
125.77 117.103 108.312 103.58 -9999 101.8 -9999 -9999 -9999 -9999 -9999 -9999 -9999 -9999 -9999 -9999 -9999 -9999 -9999 -9999 -9999 -9999 -9999 -9999 -9999 -9999 -9999 -9999 -9999 -9999 -9999 111.448 143.488 190.495 230.283 261.767 273.538 267.211 206.776 208.657 187.059 196.849 172.057 138.768 118.976 111.743 106.346 109.51 146.283 133.385 125.442 126.388 116.094 100.71 96.227 93.327 90.457 89.287 90.371 95.646 95.862 94.575 105.246 118.416 111.019 104.125 105.256 104.172 104.377 98.876 -9999 -9999 -9999 -9999
130.883 113.582 103.05 101.171 102.522 105.788 -9999 -9999 -9999 -9999 -9999 -9999 -9999 -9999 -9999 -9999 -9999 -9999 -9999 -9999 -9999 -9999 -9999 -9999 -9999 -9999 -9999 -9999 -9999 -9999 -9999 -9999 119.26 150.185 186.15 219.882 258.855 256.093 189.689 167.656 185.109 187.027 162.612 149.463 141.654 138.511 125.733 142.929 148.206 143.094 149.363 139.482 118.97 113.314 102.804 96.276 88.673 86.255 90.638 94.552 104.541 115.751 115.34 132.118 134.613 120.032 116.734 102.206 103.195 102.418 99.326 -9999 -9999 -9999
128.761 112.629 105.768 100.84 102.954 -9999 -9999 -9999 -9999 -9999 -9999 -9999 -9999 -9999 -9999 -9999 -9999 -9999 -9999 -9999 -9999 -9999 -9999 -9999 -9999 -9999 -9999 -9999 -9999 -9999 -9999 -9999 105.873 132.434 161.566 188.39 233.191 216.708 167.615 162.748 160.876 149.683 145.748 141.357 155.48 173.881 147.1 157.738 163.746 146.917 127.35 121.438 108.944 107.647 107.972 96.991 89.442 89.925 92.544 97.987 101.87 118.599 126.929 123.356 124.384 120.479 123.772 119.012 105.743 107.303 104.254 99.218 -9999 -9999
131.663 120.489 109.566 101.175 92.931 -9999 -9999 -9999 -9999 -9999 -9999 -9999 -9999 -9999 -9999 -9999 -9999 -9999 -9999 -9999 -9999 -9999 -9999 -9999 -9999 -9999 -9999 -9999 -9999 -9999 -9999 -9999 -9999 124.371 156.282 179.796 190.911 167.699 163.509 148.935 141.183 138.621 135.249 142.805 160.423 156.289 176.011 164.206 157.757 141.675 131.959 125.438 122.969 104.524 103.915 97.058 94.125 94.444 95.814 103.752 109.904 112.433 119.004 122.578 122.639 119.663 120.768 120.361 117.901 109.96 111.126 104.149 -9999 -9999
142.81 -9999 -9999 -9999 -9999 -9999 -9999 -9999 -9999 -9999 -9999 -9999 -9999 -9999 -9999 -9999 -9999 -9999 -9999 -9999 -9999 -9999 -9999 -9999 -9999 -9999 -9999 -9999 -9999 -9999 -9999 -9999 -9999 119.168 151.091 158.8 141.979 152.594 146.177 145.3 137.454 131.487 139.222 145.397 149.975 189.111 168.364 169.384 168.096 148.303 122.27 120.3 116.512 111.748 101.332 99.301 94.225 92.984 96.952 99.786 110.18 118.432 117.002 110.821 110.403 108.196 113.547 117.344 121.445 116.85 104.286 105.174 96.225 -9999
166.185 -9999 -9999 -9999 -9999 -9999 -9999 -9999 -9999 -9999 -9999 -9999 -9999 -9999 -9999 -9999 -9999 -9999 -9999 -9999 -9999 -9999 -9999 -9999 -9999 -9999 -9999 -9999 -9999 -9999 -9999 -9999 -9999 -9999 137.213 129.585 136.726 155.747 136.484 133.081 126.387 125.983 135.664 143.641 166.47 175.801 182.159 177.051 165.954 156.576 150.521 139.695 123.438 125.516 116.36 102.576 93.883 90.537 91.768 96.135 98.369 113.412 120.183 108.868 94.816 94.798 95.189 99.977 103.939 111.359 102.037 96.22 95.55 -9999
134.668 -9999 -9999 -9999 -9999 -9999 -9999 -9999 -9999 -9999 -9999 -9999 -9999 -9999 -9999 -9999 -9999 -9999 -9999 -9999 -9999 -9999 -9999 -9999 -9999 -9999 -9999 -9999 -9999 -9999 -9999 -9999 -9999 -9999 119.352 -9999 131.666 122.45 120.945 120.234 -9999 122.53 137.097 148.115 157.007 181.125 183.647 179.966 172.42 163.978 159.057 170.086 145.726 132.918 126.499 115.31 98.832 92.143 89.389 91.156 97.076 99.256 109.879 107.917 99.404 93.022 94.883 94.934 97.092 100.546 99.27 105.608 108.837 98.528
-9999 -9999 -9999 -9999 -9999 -9999 -9999 -9999 -9999 -9999 -9999 -9999 -9999 -9999 -9999 -9999 -9999 -9999 -9999 -9999 -9999 -9999 -9999 -9999 -9999 -9999 -9999 -9999 -9999 -9999 -9999 -9999 -9999 -9999 -9999 110.469 114.696 -9999 -9999 -9999 -9999 115.336 124.892 127.258 140.155 153.944 171.293 142.124 165.087 167.313 152.332 153.792 163.729 138.519 131.328 117.628 108.785 101.325 95.401 91.438 94.137 99.177 103.162 110.061 104.697 102.369 99.042 95.279 98.22 102.427 101.976 100.621 115.137 110.631
-9999 -9999 -9999 -9999 -9999 -9999 -9999 -9999 -9999 -9999 -9999 -9999 -9999 -9999 -9999 -9999 -9999 -9999 -9999 -9999 -9999 -9999 -9999 -9999 -9999 -9999 -9999 -9999 -9999 -9999 -9999 -9999 -9999 -9999 -9999 104.327 106.198 -9999 -9999 -9999 -9999 113.4 120.254 119.365 125.061 138.222 124.4 136.117 150.657 163.26 153.405 142.676 157.961 143.039 132.53 122.647 113.051 103.951 97.81 92.691 88.293 92.14 98.537 103.227 105.936 106.675 103.876 99.792 100.005 105.16 108.5 105.679 107.829 105.929
-9999 -9999 -9999 -9999 -9999 -9999 -9999 -9999 -9999 -9999 -9999 -9999 -9999 -9999 -9999 -9999 -9999 -9999 -9999 -9999 -9999 -9999 -9999 -9999 -9999 -9999 -9999 -9999 -9999 -9999 -9999 -9999 -9999 -9999 -9999 101.123 -9999 -9999 -9999 -9999 108.81 117.558 128.848 142.705 142.818 146.476 142.485 130.586 150.348 162.786 143.292 141.485 137.599 136.908 129.477 121.035 109.442 101.664 96.276 94.61 90.737 85.8 92.928 97.154 99.835 103.901 110.987 116.25 113.124 110.307 107.318 104.788 100.72 98.195
-9999 -9999 -9999 -9999 -9999 -9999 -9999 -9999 -9999 -9999 -9999 -9999 -9999 -9999 -9999 -9999 -9999 -9999 -9999 -9999 -9999 -9999 -9999 -9999 -9999 -9999 -9999 -9999 -9999 -9999 -9999 -9999 -9999 -9999 -9999 -9999 -9999 -9999 -9999 -9999 110.872 127.02 148.287 174.399 184.064 168.917 140.589 133.885 132.975 135.024 130.449 138.798 141.972 130.178 128.785 122.449 110.184 103.483 98.57 95.082 92.169 90.186 93.38 99.079 100.078 103.595 109.153 123.79 128.371 110.689 103.44 98.777 98.307 94.927
-9999 -9999 -9999 -9999 -9999 -9999 -9999 -9999 -9999 -9999 -9999 -9999 -9999 -9999 -9999 -9999 -9999 -9999 -9999 -9999 -9999 -9999 -9999 -9999 -9999 -9999 -9999 -9999 -9999 -9999 -9999 -9999 -9999 -9999 -9999 -9999 -9999 -9999 -9999 -9999 111.754 123.321 152.146 180.739 186.295 162.583 145.354 127.966 128.001 128.844 122.796 125.707 123.329 127.259 122.742 120.182 111.67 103.139 97.465 93.218 90.73 92.196 93.061 96.67 98.12 99.863 105.421 114.413 122.327 112.38 101.216 100.295 97.75 94.064
-9999 -9999 -9999 -9999 -9999 -9999 -9999 -9999 -9999 -9999 -9999 -9999 -9999 -9999 -9999 -9999 -9999 -9999 -9999 -9999 -9999 -9999 -9999 -9999 -9999 -9999 -9999 -9999 -9999 -9999 -9999 -9999 -9999 -9999 -9999 -9999 -9999 -9999 -9999 103.744 105.853 120.023 153.716 186.236 184.788 162.061 152.678 130.553 133.842 130.344 123.317 122.47 124.904 117.11 115.531 106.431 105.752 98.796 98.221 94.819 92.752 93.558 95.965 95.062 94.704 94.157 99.734 106.277 113.516 111.183 103.568 97.983 97.058 95.283
-9999 -9999 -9999 -9999 -9999 -9999 -9999 -9999 -9999 -9999 -9999 -9999 -9999 -9999 -9999 -9999 -9999 -9999 -9999 -9999 -9999 -9999 -9999 -9999 -9999 -9999 -9999 -9999 -9999 -9999 -9999 -9999 -9999 -9999 -9999 -9999 -9999 -9999 -9999 103.813 104.832 120.216 146.465 165.573 149.97 148.309 132.613 143.065 154.033 135.289 130.347 127.154 116.468 117.481 113.746 111.261 112.61 111.683 101.56 98.553 95.347 93.153 93.739 94.355 94.119 93.614 96.259 99.502 104.492 111.527 107.961 100.481 95.04 96.178
-9999 -9999 -9999 -9999 -9999 -9999 -9999 -9999 -9999 -9999 -9999 -9999 -9999 -9999 -9999 -9999 -9999 -9999 -9999 -9999 -9999 -9999 -9999 -9999 -9999 -9999 -9999 -9999 -9999 -9999 -9999 -9999 -9999 -9999 -9999 -9999 -9999 -9999 99.636 101.783 106.427 114.992 133.544 139.986 141.202 133.759 135.687 147.099 142.116 136.034 141.3 130.237 119.902 105.244 114.689 109.866 108.998 109.145 108.032 100.282 96.651 92.461 91.58 90.942 92.447 94.872 96.108 99.02 101.904 107.23 110.023 107.667 99.355 98.63
-9999 -9999 -9999 -9999 -9999 -9999 -9999 -9999 -9999 -9999 -9999 -9999 -9999 -9999 -9999 -9999 -9999 -9999 -9999 -9999 -9999 -9999 -9999 -9999 -9999 -9999 -9999 -9999 -9999 -9999 -9999 -9999 -9999 -9999 -9999 -9999 -9999 -9999 97.15 103.688 105.513 112.981 124.808 129.363 130.283 137.604 137.502 129.292 134.681 140.39 152.836 147.369 136.028 120.726 113.314 115.039 101.826 97.017 101.892 105.081 99.068 92.634 91.437 90.275 91.028 94.973 94.441 93.225 97.533 104.391 104.785 106.51 102.164 97.153
-9999 -9999 -9999 -9999 -9999 -9999 -9999 -9999 -9999 -9999 -9999 -9999 -9999 -9999 -9999 -9999 -9999 -9999 -9999 -9999 -9999 -9999 -9999 -9999 -9999 -9999 -9999 -9999 -9999 -9999 -9999 -9999 -9999 -9999 -9999 -9999 -9999 -9999 98.784 102.131 104.439 111.967 121.641 124.64 127.735 131.132 131.966 137.821 146.675 157.03 158.417 149.226 137.021 124.963 115.413 113.62 108.67 99.899 98.633 99.309 98.936 95.49 93.458 93.847 94.947 97.082 97.16 95.055 94.165 98.636 103.963 103.216 103.505 97.898
-9999 -9999 -9999 -9999 -9999 -9999 -9999 -9999 -9999 -9999 -9999 -9999 -9999 -9999 -9999 -9999 -9999 -9999 -9999 -9999 -9999 -9999 -9999 -9999 -9999 -9999 -9999 -9999 -9999 -9999 -9999 -9999 -9999 -9999 -9999 -9999 -9999 -9999 -9999 101.618 104.193 106.253 106.388 129.625 140.107 151.556 154.234 144.766 150.342 158.041 150.861 147.732 134.064 114.166 112.016 106.615 107.678 104.113 102.492 101.717 97.116 96.004 96.226 96.185 96.08 97.935 97.269 96.834 92.708 95.542 97.865 100.298 -9999 99.26
