Validation/Results/raw data/ReClimate_03_2024_1_Temperatureweatherlogisticsltd.asc
NCOLS 192
NROWS 249
XLLCENTER -225160.85627316462
YLLCENTER 29788.11610251502
CELLSIZE 5000.0
NODATA_VALUE -9999
[rows 136 to 169 of 249, columns 75 to 149 of 192]
-0.604 -9999 -9999 -9999 -9999 -9999 -9999 -9999 -9999 -9999 -0.594 -9999 -0.611 -0.625 -0.64 -0.655 -0.66 -0.665 -0.686 -0.71 -0.733 -0.758 -0.782 -0.807 -0.82 -0.832 -0.853 -0.862 -0.833 -0.802 -9999 -9999 -9999 -9999 -9999 -9999 -0.791 -0.792 -0.777 -0.757 -0.724 -0.675 -0.644 -0.616 -0.588 -0.562 -0.526 -0.491 -0.486 -0.487 -0.445 -0.396 -0.367 -0.337 -0.307 -0.279 -0.269 -0.256 -0.199 -9999 -9999 -9999 -9999 -9999 -9999 -9999 -9999 -9999 -9999 -9999 -9999 -9999 -9999 -9999 -9999
-0.612 -0.616 -9999 -9999 -9999 -9999 -9999 -9999 -9999 -9999 -0.6 -0.597 -0.612 -0.63 -0.646 -0.66 -0.672 -0.693 -0.711 -0.723 -0.75 -0.779 -0.802 -0.821 -0.837 -0.857 -0.873 -0.867 -0.844 -0.828 -9999 -9999 -9999 -9999 -0.799 -0.802 -0.802 -0.801 -0.78 -0.752 -0.711 -0.654 -0.618 -0.579 -0.552 -0.532 -0.502 -0.485 -0.471 -0.446 -0.424 -0.386 -0.336 -0.296 -0.273 -0.247 -0.243 -0.244 -0.188 -9999 -9999 -9999 -9999 -9999 -9999 -9999 -9999 -9999 -9999 -9999 -9999 -9999 -9999 -9999 -9999
-0.626 -0.63 -0.621 -9999 -9999 -9999 -9999 -9999 -9999 -9999 -0.6 -0.604 -0.622 -9999 -9999 -0.671 -0.691 -0.713 -0.724 -9999 -0.77 -0.797 -0.816 -0.836 -0.857 -0.876 -0.884 -0.876 -9999 -9999 -9999 -9999 -9999 -0.81 -0.809 -0.807 -0.801 -0.799 -0.775 -0.744 -0.695 -0.638 -0.597 -0.558 -0.534 -0.514 -0.493 -0.475 -0.449 -0.422 -0.397 -0.372 -0.324 -0.273 -0.249 -0.228 -0.222 -0.224 -0.184 -9999 -9999 -9999 -9999 -9999 -9999 -9999 -9999 -9999 -9999 -9999 -9999 -9999 -9999 -9999 -9999
-0.639 -0.641 -0.63 -9999 -9999 -9999 -9999 -9999 -9999 -9999 -9999 -0.61 -0.619 -9999 -9999 -9999 -0.699 -0.72 -0.738 -0.77 -9999 -9999 -0.835 -0.857 -0.875 -0.885 -0.889 -9999 -9999 -9999 -9999 -9999 -0.838 -0.827 -0.82 -0.808 -0.794 -0.768 -0.747 -0.725 -0.677 -0.636 -0.595 -0.551 -0.525 -0.502 -0.479 -0.454 -0.426 -0.4 -0.36 -0.327 -0.311 -0.279 -0.245 -0.218 -0.204 -0.199 -0.172 -9999 -9999 -9999 -9999 -9999 -9999 -9999 -9999 -9999 -9999 -9999 -9999 -9999 -9999 -9999 -9999
-0.651 -0.651 -9999 -9999 -9999 -9999 -9999 -9999 -9999 -9999 -9999 -9999 -0.624 -9999 -9999 -9999 -9999 -0.733 -0.76 -0.791 -9999 -9999 -9999 -0.875 -0.888 -9999 -9999 -9999 -9999 -9999 -9999 -9999 -0.847 -0.83 -0.815 -0.804 -0.778 -0.752 -0.737 -0.711 -0.67 -0.63 -0.586 -0.542 -0.515 -0.492 -0.465 -0.439 -0.412 -0.385 -0.345 -0.304 -0.286 -0.273 -0.24 -0.207 -0.193 -0.183 -0.156 -9999 -9999 -9999 -9999 -9999 -9999 -9999 -9999 -9999 -9999 -9999 -9999 -9999 -9999 -9999 -9999
-0.651 -9999 -9999 -9999 -9999 -9999 -9999 -9999 -9999 -9999 -9999 -9999 -0.647 -9999 -9999 -9999 -9999 -9999 -0.781 -0.792 -9999 -9999 -9999 -9999 -9999 -9999 -9999 -9999 -9999 -9999 -9999 -9999 -0.845 -0.816 -0.802 -0.797 -0.779 -0.77 -0.754 -0.721 -0.684 -0.648 -0.597 -0.53 -0.506 -0.489 -0.461 -0.438 -0.411 -0.383 -0.357 -0.323 -0.283 -0.257 -0.236 -0.211 -0.183 -0.163 -0.151 -0.125 -9999 -9999 -9999 -9999 -9999 -9999 -9999 -9999 -9999 -9999 -9999 -9999 -9999 -9999 -9999
-9999 -0.654 -0.653 -0.655 -0.659 -9999 -9999 -9999 -9999 -9999 -9999 -9999 -0.667 -9999 -9999 -9999 -9999 -9999 -9999 -9999 -9999 -9999 -9999 -9999 -9999 -9999 -9999 -9999 -9999 -9999 -9999 -0.861 -0.831 -0.806 -0.795 -0.789 -0.779 -0.77 -0.751 -0.718 -0.685 -0.649 -0.586 -0.52 -0.499 -0.482 -0.455 -0.431 -0.404 -0.376 -0.348 -0.321 -0.282 -0.242 -0.222 -0.205 -0.177 -0.148 -0.135 -0.126 -0.095 -9999 -9999 -9999 -9999 -9999 -9999 -9999 -9999 -9999 -9999 -9999 -9999 -9999 -9999
-0.684 -0.671 -0.671 -0.672 -0.673 -9999 -9999 -9999 -9999 -9999 -9999 -9999 -9999 -9999 -9999 -9999 -9999 -9999 -9999 -9999 -9999 -9999 -9999 -9999 -9999 -9999 -9999 -9999 -9999 -9999 -0.855 -0.843 -0.818 -0.804 -0.785 -0.759 -0.74 -0.714 -0.702 -0.703 -0.669 -0.632 -0.579 -0.541 -0.515 -0.478 -0.453 -0.425 -0.398 -0.375 -0.339 -0.295 -0.266 -0.232 -0.209 -0.19 -0.166 -0.142 -0.122 -0.107 -0.081 -9999 -9999 -9999 -9999 -9999 -9999 -9999 -9999 -9999 -9999 -9999 -9999 -9999 -9999
-0.698 -0.685 -0.685 -9999 -0.685 -0.68 -9999 -9999 -9999 -9999 -9999 -9999 -9999 -9999 -9999 -9999 -9999 -9999 -9999 -9999 -9999 -9999 -9999 -9999 -9999 -9999 -9999 -9999 -9999 -9999 -0.85 -0.831 -0.81 -0.795 -0.766 -0.74 -0.713 -0.685 -0.689 -0.687 -0.651 -0.616 -0.579 -0.543 -0.507 -0.471 -0.443 -0.414 -0.389 -0.366 -0.323 -0.28 -0.253 -0.225 -0.202 -0.182 -0.157 -0.134 -0.112 -0.092 -0.068 -0.047 -0.038 -9999 -9999 -9999 -9999 -9999 -9999 -9999 -9999 -9999 -9999 -9999 -9999
-0.706 -0.7 -0.699 -9999 -9999 -0.689 -9999 -9999 -9999 -9999 -9999 -9999 -9999 -9999 -9999 -9999 -9999 -9999 -9999 -9999 -9999 -9999 -9999 -9999 -9999 -9999 -9999 -9999 -9999 -9999 -0.848 -0.829 -0.803 -0.775 -0.75 -0.737 -0.714 -0.697 -0.691 -0.659 -0.625 -0.597 -0.561 -0.526 -0.493 -0.471 -0.446 -0.419 -0.387 -0.344 -0.318 -0.284 -0.259 -0.233 -0.205 -0.182 -0.141 -0.107 -0.087 -0.065 -0.05 -0.036 -0.035 -0.023 -0.003 0.01 -9999 -9999 -9999 -9999 -9999 -9999 -9999 -9999 -9999
-0.719 -0.713 -0.712 -0.712 -9999 -0.697 -9999 -9999 -9999 -9999 -9999 -9999 -9999 -9999 -9999 -9999 -9999 -9999 -9999 -9999 -9999 -9999 -9999 -9999 -9999 -9999 -9999 -9999 -9999 -0.831 -0.834 -0.82 -0.787 -0.759 -0.741 -0.729 -0.711 -0.695 -0.673 -0.64 -0.609 -0.579 -0.543 -0.507 -0.483 -0.463 -0.439 -0.411 -0.37 -0.329 -0.303 -0.28 -0.255 -0.232 -0.205 -0.179 -0.139 -0.095 -0.074 -0.058 -0.042 -0.031 -0.028 -0.031 0.003 0.027 0.035 0.043 -9999 -9999 -9999 -9999 -9999 -9999 -9999
-0.74 -0.731 -0.729 -9999 -0.716 -9999 -9999 -9999 -9999 -9999 -9999 -9999 -9999 -9999 -9999 -9999 -9999 -9999 -9999 -9999 -9999 -9999 -9999 -9999 -9999 -9999 -9999 -9999 -9999 -9999 -0.819 -0.805 -0.773 -0.749 -0.729 -0.708 -0.688 -0.667 -0.649 -0.629 -0.595 -0.563 -0.528 -0.496 -0.469 -0.437 -0.413 -0.387 -0.348 -0.313 -0.27 -0.236 -0.232 -0.22 -0.193 -0.167 -0.146 -0.114 -0.087 -0.067 -0.052 -0.04 -0.022 -0.013 -0.005 0.012 0.04 0.059 0.076 -9999 -9999 -9999 -9999 -9999 -9999
-0.754 -0.746 -0.741 -0.736 -0.729 -9999 -9999 -9999 -9999 -9999 -9999 -9999 -9999 -9999 -9999 -9999 -9999 -9999 -9999 -9999 -9999 -9999 -9999 -9999 -9999 -9999 -9999 -9999 -9999 -9999 -9999 -0.791 -0.762 -0.738 -0.714 -0.693 -0.671 -0.649 -0.636 -0.611 -0.576 -0.546 -0.513 -0.482 -0.45 -0.419 -0.396 -0.369 -0.335 -0.301 -0.259 -0.216 -0.21 -0.211 -0.185 -0.16 -0.138 -0.119 -0.094 -0.07 -0.056 -0.043 -0.026 -0.01 0.004 0.01 0.038 0.066 0.087 0.089 -9999 -9999 -9999 -9999 -9999
-0.768 -0.756 -0.754 -0.756 -9999 -9999 -9999 -9999 -9999 -9999 -9999 -9999 -9999 -9999 -9999 -9999 -9999 -9999 -9999 -9999 -9999 -9999 -9999 -9999 -9999 -9999 -9999 -9999 -9999 -9999 -9999 -0.784 -0.75 -0.734 -0.711 -0.689 -0.67 -0.654 -0.631 -0.593 -0.561 -0.536 -0.506 -0.479 -0.449 -0.419 -0.389 -0.358 -0.322 -0.28 -0.245 -0.224 -0.204 -0.197 -0.18 -0.16 -0.131 -0.108 -0.096 -0.079 -0.052 -0.031 -0.023 -0.012 0.03 0.059 0.072 0.091 0.097 0.106 0.091 -9999 -9999 -9999 -9999
-0.779 -0.767 -0.769 -0.771 -9999 -9999 -9999 -9999 -9999 -9999 -9999 -9999 -9999 -9999 -9999 -9999 -9999 -9999 -9999 -9999 -9999 -9999 -9999 -9999 -9999 -9999 -9999 -9999 -9999 -9999 -9999 -9999 -0.747 -0.728 -0.704 -0.681 -0.662 -0.64 -0.612 -0.576 -0.547 -0.523 -0.495 -0.469 -0.441 -0.407 -0.376 -0.347 -0.307 -0.265 -0.243 -0.222 -0.204 -0.187 -0.17 -0.155 -0.129 -0.103 -0.091 -0.082 -0.055 -0.028 -0.019 -0.013 0.027 0.072 0.09 0.102 0.11 0.111 0.108 -9999 -9999 -9999 -9999
-9999 -9999 -9999 -9999 -9999 -9999 -9999 -9999 -9999 -9999 -9999 -9999 -9999 -9999 -9999 -9999 -9999 -9999 -9999 -9999 -9999 -9999 -9999 -9999 -9999 -9999 -9999 -9999 -9999 -9999 -9999 -9999 -0.749 -0.73 -0.706 -0.681 -0.655 -0.63 -0.604 -0.573 -0.539 -0.501 -0.477 -0.462 -0.431 -0.39 -0.363 -0.34 -0.305 -0.272 -0.248 -0.226 -0.199 -0.176 -0.168 -0.16 -0.137 -0.114 -0.091 -0.075 -0.057 -0.035 -0.007 0.011 0.026 0.054 0.073 0.087 0.112 0.12 0.113 0.106 -9999 -9999 -9999
-9999 -9999 -9999 -9999 -9999 -9999 -9999 -9999 -9999 -9999 -9999 -9999 -9999 -9999 -9999 -9999 -9999 -9999 -9999 -9999 -9999 -9999 -9999 -9999 -9999 -9999 -9999 -9999 -9999 -9999 -9999 -9999 -9999 -0.726 -0.7 -0.668 -0.64 -0.615 -0.592 -0.563 -0.522 -0.485 -0.466 -0.452 -0.416 -0.376 -0.352 -0.33 -0.3 -0.269 -0.245 -0.221 -0.194 -0.167 -0.16 -0.158 -0.137 -0.116 -0.094 -0.072 -0.054 -0.037 -0.01 0.018 0.034 0.046 0.064 0.08 0.105 0.124 0.117 0.105 -9999 -9999 -9999
-9999 -9999 -9999 -9999 -9999 -9999 -9999 -9999 -9999 -9999 -9999 -9999 -9999 -9999 -9999 -9999 -9999 -9999 -9999 -9999 -9999 -9999 -9999 -9999 -9999 -9999 -9999 -9999 -9999 -9999 -9999 -9999 -9999 -0.711 -9999 -0.661 -0.632 -0.599 -0.575 -9999 -0.506 -0.484 -0.461 -0.431 -0.394 -0.35 -0.328 -0.313 -0.285 -0.26 -0.235 -0.21 -0.177 -0.148 -0.137 -0.132 -0.116 -0.098 -0.076 -0.053 -0.045 -0.032 -0.012 0.013 0.034 0.051 0.066 0.082 0.099 0.115 0.109 0.097 0.107 -9999 -9999
-9999 -9999 -9999 -9999 -9999 -9999 -9999 -9999 -9999 -9999 -9999 -9999 -9999 -9999 -9999 -9999 -9999 -9999 -9999 -9999 -9999 -9999 -9999 -9999 -9999 -9999 -9999 -9999 -9999 -9999 -9999 -9999 -9999 -9999 -0.675 -0.649 -9999 -9999 -9999 -9999 -0.5 -0.476 -0.445 -0.415 -0.377 -0.332 -0.314 -0.3 -0.275 -0.25 -0.224 -0.201 -0.17 -0.14 -0.128 -0.119 -0.103 -0.089 -0.067 -0.045 -0.036 -0.03 -0.01 0.011 0.032 0.052 0.068 0.082 0.097 0.106 0.105 0.096 0.105 0.117 0.119
-9999 -9999 -9999 -9999 -9999 -9999 -9999 -9999 -9999 -9999 -9999 -9999 -9999 -9999 -9999 -9999 -9999 -9999 -9999 -9999 -9999 -9999 -9999 -9999 -9999 -9999 -9999 -9999 -9999 -9999 -9999 -9999 -9999 -9999 -0.662 -0.632 -9999 -9999 -9999 -9999 -0.496 -0.475 -0.443 -0.409 -0.372 -0.331 -0.314 -0.302 -0.274 -0.242 -0.208 -0.179 -0.157 -0.132 -0.126 -0.121 -0.1 -0.084 -0.062 -0.04 -0.023 -0.011 0.008 0.028 0.047 0.066 0.075 0.083 0.097 0.105 0.116 0.12 0.117 0.12 0.124
-9999 -9999 -9999 -9999 -9999 -9999 -9999 -9999 -9999 -9999 -9999 -9999 -9999 -9999 -9999 -9999 -9999 -9999 -9999 -9999 -9999 -9999 -9999 -9999 -9999 -9999 -9999 -9999 -9999 -9999 -9999 -9999 -9999 -9999 -0.658 -9999 -9999 -9999 -9999 -0.516 -0.496 -0.478 -0.444 -0.41 -0.376 -0.336 -0.322 -0.31 -0.278 -0.245 -0.207 -0.168 -0.145 -0.125 -0.119 -0.117 -0.098 -0.079 -0.059 -0.037 -0.02 -0.004 0.015 0.034 0.053 0.07 0.08 0.081 0.093 0.101 0.112 0.124 0.127 0.125 -9999
-9999 -9999 -9999 -9999 -9999 -9999 -9999 -9999 -9999 -9999 -9999 -9999 -9999 -9999 -9999 -9999 -9999 -9999 -9999 -9999 -9999 -9999 -9999 -9999 -9999 -9999 -9999 -9999 -9999 -9999 -9999 -9999 -9999 -9999 -9999 -9999 -9999 -9999 -9999 -0.525 -0.511 -0.494 -0.459 -0.428 -0.397 -0.366 -0.343 -0.301 -0.271 -0.252 -0.216 -0.186 -0.159 -0.136 -0.111 -0.098 -0.079 -0.059 -0.041 -0.021 -0.013 -0.002 0.025 0.05 0.064 0.079 0.09 0.094 0.101 0.109 0.111 0.117 0.131 0.133 -9999
-9999 -9999 -9999 -9999 -9999 -9999 -9999 -9999 -9999 -9999 -9999 -9999 -9999 -9999 -9999 -9999 -9999 -9999 -9999 -9999 -9999 -9999 -9999 -9999 -9999 -9999 -9999 -9999 -9999 -9999 -9999 -9999 -9999 -9999 -9999 -9999 -9999 -9999 -9999 -0.532 -0.52 -0.506 -0.473 -0.442 -0.415 -0.385 -0.344 -0.3 -0.278 -0.259 -0.229 -0.199 -0.173 -0.149 -0.121 -0.093 -0.07 -0.05 -0.032 -0.014 -0.006 -0.001 0.026 0.056 0.07 0.082 0.09 0.093 0.101 0.108 0.111 0.112 0.125 0.138 -9999
-9999 -9999 -9999 -9999 -9999 -9999 -9999 -9999 -9999 -9999 -9999 -9999 -9999 -9999 -9999 -9999 -9999 -9999 -9999 -9999 -9999 -9999 -9999 -9999 -9999 -9999 -9999 -9999 -9999 -9999 -9999 -9999 -9999 -9999 -9999 -9999 -9999 -9999 -0.561 -0.548 -0.535 -0.513 -0.48 -0.45 -0.421 -0.387 -0.343 -0.296 -0.277 -0.266 -0.241 -0.214 -0.19 -0.167 -0.136 -0.107 -0.077 -0.049 -0.034 -0.02 0.001 0.014 0.037 0.064 0.078 0.086 0.089 0.085 0.097 0.106 0.117 0.125 0.136 0.139 0.14
-9999 -9999 -9999 -9999 -9999 -9999 -9999 -9999 -9999 -9999 -9999 -9999 -9999 -9999 -9999 -9999 -9999 -9999 -9999 -9999 -9999 -9999 -9999 -9999 -9999 -9999 -9999 -9999 -9999 -9999 -9999 -9999 -9999 -9999 -9999 -9999 -9999 -9999 -0.576 -0.557 -0.541 -0.52 -0.49 -0.458 -0.426 -0.39 -0.346 -0.299 -0.285 -0.274 -0.249 -0.225 -0.201 -0.178 -0.149 -0.119 -0.09 -0.06 -0.038 -0.022 -0.0 0.021 0.044 0.067 0.08 0.084 0.085 0.08 0.09 0.101 0.113 0.125 0.138 0.151 0.147
-9999 -9999 -9999 -9999 -9999 -9999 -9999 -9999 -9999 -9999 -9999 -9999 -9999 -9999 -9999 -9999 -9999 -9999 -9999 -9999 -9999 -9999 -9999 -9999 -9999 -9999 -9999 -9999 -9999 -9999 -9999 -9999 -9999 -9999 -9999 -9999 -9999 -0.618 -0.598 -0.573 -0.555 -0.529 -0.502 -0.473 -0.44 -0.407 -0.366 -0.317 -0.304 -0.294 -0.254 -0.221 -0.2 -0.18 -0.152 -0.123 -0.106 -0.083 -0.055 -0.03 -0.008 0.011 0.034 0.057 0.07 0.075 0.082 0.082 0.089 0.097 0.109 0.122 0.129 0.138 0.14
-9999 -9999 -9999 -9999 -9999 -9999 -9999 -9999 -9999 -9999 -9999 -9999 -9999 -9999 -9999 -9999 -9999 -9999 -9999 -9999 -9999 -9999 -9999 -9999 -9999 -9999 -9999 -9999 -9999 -9999 -9999 -9999 -9999 -9999 -9999 -9999 -9999 -0.63 -0.607 -0.583 -0.559 -0.534 -0.51 -0.483 -0.45 -0.418 -0.377 -0.33 -0.317 -0.307 -0.268 -0.227 -0.205 -0.187 -0.16 -0.132 -0.115 -0.098 -0.072 -0.044 -0.018 0.006 0.032 0.051 0.061 0.066 0.074 0.079 0.086 0.093 0.104 0.117 0.124 0.131 0.134
-9999 -9999 -9999 -9999 -9999 -9999 -9999 -9999 -9999 -9999 -9999 -9999 -9999 -9999 -9999 -9999 -9999 -9999 -9999 -9999 -9999 -9999 -9999 -9999 -9999 -9999 -9999 -9999 -9999 -9999 -9999 -9999 -9999 -9999 -9999 -9999 -9999 -0.639 -0.616 -0.594 -0.564 -0.522 -0.504 -0.486 -0.454 -0.427 -0.387 -0.35 -0.33 -0.299 -0.278 -0.248 -0.219 -0.197 -0.173 -0.148 -0.128 -0.11 -0.09 -0.066 -0.031 0.002 0.028 0.044 0.053 0.059 0.066 0.071 0.08 0.088 0.098 0.109 0.112 0.116 0.13
-9999 -9999 -9999 -9999 -9999 -9999 -9999 -9999 -9999 -9999 -9999 -9999 -9999 -9999 -9999 -9999 -9999 -9999 -9999 -9999 -9999 -9999 -9999 -9999 -9999 -9999 -9999 -9999 -9999 -9999 -9999 -9999 -9999 -9999 -9999 -9999 -9999 -9999 -0.62 -0.599 -0.561 -0.52 -0.506 -0.488 -0.462 -0.434 -0.401 -0.365 -0.334 -0.303 -0.282 -0.264 -0.235 -0.208 -0.184 -0.161 -0.141 -0.121 -0.101 -0.081 -0.046 -0.012 0.013 0.034 0.045 0.052 0.06 0.065 0.075 0.083 0.093 -9999 0.107 -9999 0.124
-9999 -9999 -9999 -9999 -9999 -9999 -9999 -9999 -9999 -9999 -9999 -9999 -9999 -9999 -9999 -9999 -9999 -9999 -9999 -9999 -9999 -9999 -9999 -9999 -9999 -9999 -9999 -9999 -9999 -9999 -9999 -9999 -9999 -9999 -9999 -9999 -9999 -0.636 -0.617 -0.59 -0.559 -0.538 -0.524 -0.504 -0.479 -0.451 -0.42 -0.386 -0.36 -0.344 -0.317 -0.275 -0.25 -0.224 -0.202 -0.18 -0.163 -0.146 -0.118 -0.094 -0.066 -0.037 -0.013 0.01 0.032 0.042 0.057 0.067 0.078 0.088 0.092 0.099 0.113 0.121 -9999
-9999 -9999 -9999 -9999 -9999 -9999 -9999 -9999 -9999 -9999 -9999 -9999 -9999 -9999 -9999 -9999 -9999 -9999 -9999 -9999 -9999 -9999 -9999 -9999 -9999 -9999 -9999 -9999 -9999 -9999 -9999 -9999 -9999 -9999 -9999 -9999 -9999 -0.633 -0.609 -0.586 -0.567 -0.548 -0.53 -0.512 -0.487 -0.462 -0.433 -0.402 -0.383 -0.367 -0.328 -0.286 -0.261 -0.236 -0.215 -0.193 -0.176 -0.161 -0.134 -0.108 -0.083 -0.058 -0.035 -0.012 0.013 0.032 0.05 0.066 0.076 0.087 0.092 0.095 0.108 0.123 0.122
-9999 -9999 -9999 -9999 -9999 -9999 -9999 -9999 -9999 -9999 -9999 -9999 -9999 -9999 -9999 -9999 -9999 -9999 -9999 -9999 -9999 -9999 -9999 -9999 -9999 -9999 -9999 -9999 -9999 -9999 -9999 -9999 -9999 -9999 -9999 -9999 -0.647 -0.619 -0.606 -0.61 -0.588 -0.552 -0.536 -0.523 -0.498 -0.468 -0.444 -0.418 -0.396 -0.361 -0.343 -0.313 -0.278 -0.246 -0.231 -0.214 -0.195 -0.18 -0.15 -0.123 -0.101 -0.076 -0.054 -0.031 -0.008 0.017 0.046 0.066 0.07 0.076 0.08 0.082 0.091 0.101 0.122
-9999 -9999 -9999 -9999 -9999 -9999 -9999 -9999 -9999 -9999 -9999 -9999 -9999 -9999 -9999 -9999 -9999 -9999 -9999 -9999 -9999 -9999 -9999 -9999 -9999 -9999 -9999 -9999 -9999 -9999 -9999 -9999 -9999 -9999 -9999 -9999 -0.631 -0.613 -0.614 -0.618 -0.589 -0.553 -0.54 -0.528 -0.501 -0.473 -0.452 -0.431 -0.401 -0.366 -0.347 -0.331 -0.295 -0.257 -0.24 -0.227 -0.21 -0.196 -0.169 -0.14 -0.118 -0.094 -0.072 -0.049 -0.026 -0.002 0.037 0.063 0.068 0.07 0.074 0.076 0.084 0.091 0.111
-9999 -9999 -9999 -9999 -9999 -9999 -9999 -9999 -9999 -9999 -9999 -9999 -9999 -9999 -9999 -9999 -9999 -9999 -9999 -9999 -9999 -9999 -9999 -9999 -9999 -9999 -9999 -9999 -9999 -9999 -9999 -9999 -9999 -9999 -9999 -9999 -9999 -0.616 -0.616 -0.618 -0.595 -0.574 -0.559 -0.539 -0.513 -0.483 -0.459 -0.422 -0.401 -0.385 -0.36 -0.328 -0.309 -0.281 -0.256 -0.239 -0.221 -0.207 -0.187 -0.162 -0.135 -0.108 -0.09 -0.069 -0.044 -0.019 0.025 0.065 0.07 0.071 0.072 0.072 0.09 0.105 0.11
