Validation/Results/raw data/ReClimate_07_2024_1_Precipitation-Actuals.asc
NCOLS 192
NROWS 249
XLLCENTER -225160.85627316462
YLLCENTER 29788.11610251502
CELLSIZE 5000.0
NODATA_VALUE -9999
[rows 66 to 98 of 249, columns 74 to 147 of 192]
-9999 -9999 -9999 -9999 -9999 -9999 -9999 -9999 -9999 -9999 -9999 107.383 -9999 119.317 145.518 165.825 157.245 172.278 131.658 124.353 103.851 96.444 76.565 83.822 93.587 86.609 87.565 90.459 90.267 95.812 84.198 76.909 -9999 -9999 -9999 -9999 -9999 -9999 -9999 -9999 -9999 -9999 -9999 -9999 -9999 -9999 -9999 -9999 -9999 -9999 -9999 -9999 -9999 -9999 -9999 -9999 -9999 -9999 -9999 -9999 -9999 -9999 -9999 -9999 -9999 -9999 -9999 -9999 -9999 -9999 -9999 -9999 -9999 -9999
-9999 -9999 -9999 -9999 -9999 -9999 -9999 -9999 -9999 -9999 -9999 -9999 111.857 148.461 145.018 146.09 144.622 135.393 130.287 127.781 111.138 95.241 88.074 83.487 82.113 78.354 83.618 87.31 90.853 80.185 -9999 -9999 -9999 -9999 -9999 -9999 -9999 -9999 -9999 -9999 -9999 -9999 -9999 -9999 -9999 -9999 -9999 -9999 -9999 -9999 -9999 -9999 -9999 -9999 -9999 -9999 -9999 -9999 -9999 -9999 -9999 -9999 -9999 -9999 -9999 -9999 -9999 -9999 -9999 -9999 -9999 -9999 -9999 -9999
-9999 -9999 -9999 -9999 -9999 -9999 -9999 -9999 -9999 -9999 -9999 -9999 131.905 155.778 141.822 125.571 133.606 134.969 117.102 107.386 97.337 86.036 85.547 81.719 85.025 83.644 77.328 84.018 77.535 64.412 -9999 -9999 -9999 -9999 -9999 -9999 -9999 -9999 -9999 -9999 -9999 -9999 -9999 -9999 -9999 -9999 -9999 -9999 -9999 -9999 -9999 -9999 -9999 -9999 -9999 -9999 -9999 -9999 -9999 -9999 -9999 -9999 -9999 -9999 -9999 -9999 -9999 -9999 -9999 -9999 -9999 -9999 -9999 -9999
-9999 -9999 -9999 -9999 -9999 -9999 -9999 -9999 -9999 -9999 -9999 -9999 -9999 -9999 127.004 135.074 136.611 115.584 107.203 106.959 103.442 90.653 76.206 75.75 89.345 83.09 76.584 63.018 -9999 -9999 -9999 -9999 -9999 -9999 -9999 -9999 -9999 -9999 -9999 -9999 -9999 -9999 -9999 -9999 -9999 -9999 -9999 -9999 -9999 -9999 -9999 -9999 -9999 -9999 -9999 -9999 -9999 -9999 -9999 -9999 -9999 -9999 -9999 -9999 -9999 -9999 -9999 -9999 -9999 -9999 -9999 -9999 -9999 -9999
-9999 -9999 -9999 -9999 -9999 -9999 -9999 -9999 110.23 -9999 -9999 117.671 128.192 129.019 124.001 146.986 130.336 120.179 118.391 117.831 102.339 86.493 66.499 78.979 82.751 88.589 73.145 64.841 -9999 -9999 -9999 -9999 -9999 -9999 -9999 -9999 -9999 -9999 -9999 -9999 -9999 -9999 -9999 -9999 -9999 -9999 -9999 -9999 -9999 -9999 -9999 -9999 -9999 -9999 -9999 -9999 -9999 -9999 -9999 -9999 -9999 -9999 -9999 -9999 -9999 -9999 -9999 -9999 -9999 -9999 -9999 -9999 -9999 -9999
-9999 -9999 -9999 -9999 -9999 -9999 110.92 107.921 114.941 117.496 131.59 131.369 150.785 158.707 152.686 117.101 139.943 138.615 126.64 112.652 94.976 95.496 101.816 75.96 74.911 69.826 64.208 56.95 -9999 -9999 -9999 -9999 -9999 -9999 -9999 -9999 -9999 -9999 -9999 -9999 -9999 -9999 -9999 -9999 -9999 -9999 -9999 -9999 -9999 -9999 -9999 -9999 -9999 -9999 -9999 -9999 -9999 -9999 -9999 -9999 -9999 -9999 -9999 -9999 -9999 -9999 -9999 -9999 -9999 -9999 -9999 -9999 -9999 -9999
-9999 -9999 -9999 -9999 -9999 -9999 108.448 119.192 -9999 133.727 150.75 159.466 161.052 182.71 126.394 134.615 151.383 152.828 145.12 115.69 113.567 119.365 94.267 85.382 88.078 72.166 69.434 -9999 59.518 -9999 -9999 -9999 -9999 -9999 -9999 -9999 -9999 -9999 -9999 -9999 -9999 -9999 -9999 -9999 -9999 -9999 -9999 -9999 -9999 -9999 -9999 -9999 -9999 -9999 -9999 -9999 -9999 -9999 -9999 -9999 -9999 -9999 -9999 -9999 -9999 -9999 -9999 -9999 -9999 -9999 -9999 -9999 -9999 -9999
-9999 -9999 -9999 -9999 -9999 -9999 -9999 139.091 142.297 147.165 169.967 162.233 187.356 149.406 133.329 130.628 131.259 134.915 131.215 110.291 108.873 101.907 81.176 86.682 83.178 75.269 70.475 58.009 62.564 -9999 -9999 -9999 -9999 -9999 -9999 -9999 -9999 -9999 -9999 -9999 -9999 -9999 -9999 -9999 -9999 -9999 -9999 -9999 -9999 -9999 -9999 -9999 -9999 -9999 -9999 -9999 -9999 -9999 -9999 -9999 -9999 -9999 -9999 -9999 -9999 -9999 -9999 -9999 -9999 -9999 -9999 -9999 -9999 -9999
121.629 -9999 -9999 -9999 -9999 -9999 -9999 -9999 140.286 152.983 163.322 207.087 183.56 167.508 148.064 155.965 157.797 126.027 102.883 100.55 114.486 99.975 83.677 86.43 76.11 72.306 61.917 63.969 70.852 -9999 -9999 -9999 -9999 -9999 -9999 -9999 -9999 -9999 -9999 -9999 -9999 -9999 -9999 -9999 -9999 -9999 -9999 -9999 -9999 -9999 -9999 -9999 -9999 -9999 -9999 -9999 -9999 -9999 -9999 -9999 -9999 -9999 -9999 -9999 -9999 -9999 -9999 -9999 -9999 -9999 -9999 -9999 -9999 -9999
130.861 -9999 -9999 -9999 -9999 -9999 150.658 154.19 172.915 174.608 177.305 165.681 186.036 168.368 163.064 160.065 133.48 115.263 111.994 97.631 108.665 122.408 90.047 71.838 63.603 65.792 -9999 69.544 -9999 -9999 -9999 -9999 -9999 -9999 72.45 73.839 74.304 -9999 -9999 -9999 -9999 -9999 -9999 -9999 -9999 -9999 -9999 -9999 -9999 -9999 -9999 -9999 -9999 -9999 -9999 -9999 -9999 -9999 -9999 -9999 -9999 -9999 -9999 -9999 -9999 -9999 -9999 -9999 -9999 -9999 -9999 -9999 -9999 -9999
129.557 109.84 -9999 -9999 -9999 -9999 -9999 176.071 190.78 192.761 171.14 177.804 155.524 162.454 151.131 150.532 122.722 107.134 86.776 100.0 125.757 101.891 77.657 65.868 71.829 74.546 68.159 -9999 -9999 -9999 -9999 97.328 79.772 69.569 73.286 76.193 77.769 77.799 77.764 79.619 88.207 92.822 81.675 72.316 70.753 75.876 83.484 83.39 75.476 67.129 63.891 65.626 67.148 -9999 -9999 -9999 -9999 -9999 -9999 -9999 -9999 -9999 -9999 -9999 -9999 -9999 -9999 -9999 -9999 -9999 -9999 -9999 -9999 -9999
173.546 167.264 -9999 -9999 -9999 162.294 -9999 169.416 161.003 173.383 216.827 184.573 164.254 138.96 142.965 126.291 123.06 108.854 105.802 93.077 85.647 82.706 72.944 72.025 80.486 73.14 -9999 -9999 -9999 -9999 82.908 97.653 72.783 80.34 84.961 79.076 80.695 85.204 84.518 95.306 103.771 102.142 81.841 77.031 79.151 80.364 81.803 81.677 77.842 70.792 70.416 74.987 67.009 -9999 -9999 -9999 -9999 -9999 -9999 -9999 -9999 -9999 -9999 -9999 -9999 -9999 -9999 -9999 -9999 -9999 -9999 -9999 -9999 -9999
179.005 163.823 -9999 -9999 -9999 174.417 177.0 159.464 179.492 228.257 220.435 216.528 158.037 152.616 138.392 123.575 106.673 104.306 111.221 98.889 97.208 75.532 67.827 77.759 69.793 -9999 -9999 68.183 70.857 73.426 83.248 80.245 83.336 88.044 86.197 92.555 94.893 89.331 88.789 93.26 95.079 86.051 86.253 89.286 81.892 82.944 83.541 83.945 77.638 75.892 76.844 72.668 67.288 65.596 -9999 -9999 -9999 -9999 -9999 -9999 -9999 -9999 -9999 -9999 -9999 -9999 -9999 -9999 -9999 -9999 -9999 -9999 -9999 -9999
162.182 155.994 -9999 149.038 -9999 155.193 159.344 197.366 221.875 203.472 234.779 203.118 178.644 165.171 146.4 133.476 118.077 114.396 109.855 118.293 107.048 79.393 60.74 61.373 63.949 -9999 73.839 78.611 82.95 73.431 79.433 81.5 91.127 94.254 94.663 101.664 95.089 88.224 93.906 96.408 94.256 88.878 84.33 78.345 78.432 83.055 84.338 82.126 78.944 75.356 70.338 66.373 65.312 65.098 -9999 -9999 -9999 -9999 -9999 -9999 -9999 -9999 -9999 -9999 -9999 -9999 -9999 -9999 -9999 -9999 -9999 -9999 -9999 -9999
163.396 -9999 147.507 -9999 -9999 -9999 209.935 272.283 207.93 200.387 171.066 177.316 170.926 157.115 147.344 134.444 143.362 133.806 122.685 107.55 87.609 68.253 68.35 83.004 72.629 73.313 84.272 96.695 97.637 92.672 89.401 94.421 101.001 104.878 102.673 86.61 84.342 87.357 89.609 95.323 89.629 84.729 80.356 77.022 82.342 82.394 75.969 80.427 80.726 79.184 64.671 67.488 67.841 66.992 -9999 -9999 -9999 -9999 -9999 -9999 -9999 -9999 -9999 -9999 -9999 -9999 -9999 -9999 -9999 -9999 -9999 -9999 -9999 -9999
173.175 147.644 -9999 -9999 -9999 -9999 220.436 203.993 177.645 -9999 173.208 184.231 179.873 150.301 130.747 125.573 114.546 108.397 110.584 103.583 98.795 92.507 97.431 95.548 72.097 86.156 89.264 105.394 115.335 105.2 88.787 89.483 104.137 108.938 88.425 82.098 96.733 90.565 101.577 96.714 87.271 87.748 79.358 83.84 91.64 77.46 77.493 77.663 80.786 69.109 68.179 73.399 68.792 66.654 -9999 -9999 -9999 -9999 -9999 -9999 -9999 -9999 -9999 -9999 -9999 -9999 -9999 -9999 -9999 -9999 -9999 -9999 -9999 -9999
204.728 180.885 -9999 -9999 -9999 169.92 -9999 -9999 151.169 155.23 180.94 204.879 194.384 167.131 157.482 129.129 113.263 101.482 89.795 88.876 94.13 95.747 99.141 66.863 80.603 91.398 108.698 104.046 104.974 109.835 92.253 91.319 97.124 90.34 86.181 100.738 95.188 95.755 97.135 91.967 98.816 87.511 81.243 92.044 81.592 75.917 78.588 82.728 73.973 68.529 70.36 71.104 68.235 -9999 -9999 -9999 -9999 -9999 -9999 -9999 -9999 -9999 -9999 -9999 -9999 -9999 -9999 -9999 -9999 -9999 -9999 -9999 -9999 -9999
242.061 227.988 189.589 161.531 -9999 -9999 -9999 179.848 149.349 -9999 186.24 174.802 170.989 175.161 163.123 154.569 122.84 90.442 91.82 93.666 97.937 91.042 67.89 85.416 89.927 103.438 104.437 99.513 105.007 103.527 84.688 83.863 83.02 88.98 109.059 96.901 99.112 114.701 98.968 95.049 93.198 80.62 83.417 79.9 76.444 73.596 78.672 76.655 76.375 70.291 67.071 66.268 -9999 -9999 -9999 -9999 -9999 -9999 -9999 -9999 -9999 -9999 -9999 -9999 -9999 -9999 -9999 -9999 -9999 -9999 -9999 -9999 -9999 -9999
260.697 246.226 201.293 172.203 -9999 168.805 181.834 182.873 182.872 203.492 184.259 175.196 190.544 195.52 162.653 121.667 116.124 110.002 110.111 108.515 105.335 87.233 83.559 95.378 116.461 115.039 98.061 94.87 95.522 71.246 76.602 84.254 92.986 104.709 86.659 85.429 99.646 107.971 109.487 104.926 101.777 82.281 87.49 84.273 86.708 93.302 76.716 74.149 78.184 76.864 68.979 65.188 -9999 -9999 -9999 -9999 -9999 -9999 -9999 -9999 -9999 -9999 -9999 -9999 -9999 -9999 -9999 -9999 -9999 -9999 -9999 -9999 -9999 -9999
237.253 226.279 195.204 175.041 179.028 177.843 201.756 -9999 184.577 198.938 216.791 225.76 208.029 186.22 146.265 155.259 131.532 116.512 100.626 95.925 94.676 83.779 88.88 118.534 127.345 97.76 88.968 104.185 82.56 88.4 77.184 84.253 88.641 90.592 92.845 91.117 104.451 117.971 102.909 94.933 88.271 78.99 76.189 71.008 79.435 74.034 68.636 73.161 75.348 72.156 65.624 -9999 -9999 -9999 -9999 -9999 -9999 -9999 -9999 -9999 -9999 -9999 -9999 -9999 -9999 -9999 -9999 -9999 -9999 -9999 -9999 -9999 -9999 -9999
230.079 -9999 -9999 -9999 177.817 199.79 -9999 189.367 211.697 244.354 247.312 211.651 210.594 189.484 185.293 153.729 110.497 94.218 105.054 114.033 88.431 93.122 112.781 132.155 127.286 115.336 122.756 101.376 108.545 88.567 83.647 102.494 96.938 110.061 104.109 107.046 113.726 104.842 84.182 83.57 84.523 86.558 80.867 70.757 75.471 72.5 71.223 72.996 73.934 71.554 68.328 -9999 -9999 -9999 -9999 -9999 -9999 -9999 -9999 -9999 -9999 -9999 -9999 -9999 -9999 -9999 -9999 -9999 -9999 -9999 -9999 -9999 -9999 -9999
-9999 -9999 -9999 175.602 192.044 -9999 174.272 195.048 -9999 220.408 199.047 222.228 208.954 219.868 181.202 141.192 138.947 132.903 114.828 95.833 116.784 115.837 120.391 142.586 146.15 140.805 121.689 101.249 84.274 76.425 96.603 105.652 119.361 119.87 107.778 99.488 102.228 90.757 87.56 81.14 82.594 84.877 76.572 79.498 80.42 77.588 76.384 73.492 80.603 78.468 69.728 -9999 -9999 -9999 -9999 -9999 -9999 -9999 -9999 -9999 -9999 -9999 -9999 -9999 -9999 -9999 -9999 -9999 -9999 -9999 -9999 -9999 -9999 -9999
-9999 -9999 -9999 169.482 -9999 -9999 179.976 198.216 220.12 199.316 223.336 219.341 204.327 175.865 158.023 137.653 119.24 106.528 109.255 139.82 149.699 141.726 145.861 154.065 150.335 124.689 88.222 75.915 88.317 119.96 129.232 158.928 153.315 126.986 113.834 112.734 95.389 90.713 84.021 80.265 71.932 73.61 76.5 75.955 84.892 98.445 79.783 71.745 72.533 72.543 68.729 -9999 -9999 -9999 -9999 -9999 -9999 -9999 -9999 -9999 -9999 -9999 -9999 -9999 -9999 -9999 -9999 -9999 -9999 -9999 -9999 -9999 -9999 -9999
-9999 -9999 -9999 -9999 -9999 -9999 -9999 222.664 231.904 211.653 232.823 225.935 179.87 184.421 172.927 151.492 143.347 139.855 155.234 158.431 157.112 134.135 130.919 138.026 131.028 97.923 78.737 87.694 108.325 132.959 166.07 147.343 142.024 125.526 120.521 104.868 94.139 93.018 86.742 71.26 64.038 66.262 68.254 71.285 85.417 79.002 68.436 68.456 75.074 74.912 -9999 -9999 -9999 -9999 -9999 -9999 -9999 -9999 -9999 -9999 -9999 -9999 -9999 -9999 -9999 -9999 -9999 -9999 -9999 -9999 -9999 -9999 -9999 -9999
-9999 -9999 -9999 -9999 -9999 159.878 181.495 -9999 239.675 237.037 264.831 216.721 178.105 171.871 173.305 191.979 185.65 165.275 143.519 143.15 135.174 134.616 116.066 113.278 101.595 89.733 101.242 103.217 119.992 144.74 138.912 136.682 105.381 103.859 95.881 75.625 80.199 91.575 97.281 94.315 82.874 80.827 86.759 77.963 67.094 73.705 80.204 82.109 80.823 73.263 -9999 -9999 -9999 -9999 -9999 -9999 -9999 -9999 -9999 -9999 -9999 -9999 -9999 -9999 -9999 -9999 -9999 -9999 -9999 -9999 -9999 -9999 -9999 -9999
-9999 -9999 -9999 -9999 159.473 158.108 204.184 222.337 255.766 274.185 260.805 228.351 183.264 159.253 167.699 160.09 159.196 174.735 163.829 168.351 169.662 109.126 111.849 101.914 96.553 99.924 112.77 111.668 121.963 117.261 119.548 105.951 98.892 96.454 108.143 107.118 117.155 110.636 102.304 117.393 124.99 115.464 104.204 89.394 91.097 92.411 88.134 78.993 72.962 -9999 -9999 -9999 -9999 -9999 -9999 -9999 -9999 -9999 -9999 -9999 -9999 -9999 -9999 -9999 -9999 -9999 -9999 -9999 -9999 -9999 -9999 -9999 -9999 -9999
-9999 -9999 -9999 -9999 157.703 -9999 190.277 207.956 231.51 255.434 246.391 184.147 172.326 182.964 145.861 141.733 148.393 146.692 157.241 148.21 111.096 122.563 135.605 117.568 106.044 138.939 124.713 125.951 126.68 128.96 123.727 119.155 112.728 126.363 125.001 133.433 136.1 99.907 114.853 118.885 96.509 102.287 110.571 99.938 96.761 93.053 79.61 75.323 69.234 -9999 -9999 -9999 -9999 -9999 -9999 -9999 -9999 -9999 -9999 -9999 -9999 -9999 -9999 -9999 -9999 -9999 -9999 -9999 -9999 -9999 -9999 -9999 -9999 -9999
-9999 -9999 -9999 -9999 -9999 -9999 218.326 235.186 213.206 220.493 188.264 154.47 160.374 145.284 137.771 136.444 134.924 148.296 124.554 127.364 130.003 153.371 130.1 101.333 127.012 142.579 124.927 129.191 121.047 133.751 121.482 117.673 147.076 142.802 138.688 155.781 142.186 140.019 138.34 118.535 105.034 99.6 89.615 93.264 95.96 82.479 71.42 69.201 64.488 -9999 -9999 -9999 -9999 -9999 -9999 -9999 -9999 -9999 -9999 -9999 -9999 -9999 -9999 -9999 -9999 -9999 -9999 -9999 -9999 -9999 -9999 -9999 -9999 -9999
-9999 -9999 -9999 -9999 181.687 195.739 225.429 217.899 206.014 225.603 186.802 190.302 189.622 -9999 170.32 225.578 198.786 169.545 154.7 157.995 155.956 158.224 144.391 131.805 128.748 117.832 113.833 101.944 108.528 123.337 113.829 138.062 124.582 123.044 119.546 134.304 146.188 135.422 111.711 119.208 112.304 94.238 100.791 87.98 78.574 71.63 71.573 72.617 58.499 -9999 -9999 -9999 -9999 -9999 -9999 -9999 -9999 -9999 -9999 -9999 -9999 -9999 -9999 -9999 -9999 -9999 -9999 -9999 -9999 -9999 -9999 -9999 -9999 -9999
177.184 149.035 158.641 177.214 -9999 183.145 203.955 210.273 213.168 220.524 218.033 208.769 -9999 204.053 256.473 234.032 222.041 181.758 162.506 139.279 153.755 156.348 150.399 129.862 108.457 100.57 96.018 81.451 99.575 99.847 120.421 119.05 115.299 108.415 102.818 113.977 118.586 108.309 111.012 112.122 108.404 103.18 78.51 72.969 69.66 73.171 80.212 63.368 -9999 -9999 -9999 -9999 -9999 -9999 -9999 -9999 -9999 -9999 -9999 -9999 -9999 -9999 -9999 -9999 -9999 -9999 -9999 -9999 -9999 -9999 -9999 -9999 -9999 -9999
147.514 151.037 169.603 194.042 192.745 -9999 195.604 202.449 212.253 220.26 206.621 189.069 191.58 223.137 224.008 204.894 215.828 183.131 165.609 148.522 147.558 129.044 124.549 103.983 99.887 116.166 90.667 90.456 86.327 93.811 105.008 118.348 103.478 90.064 97.708 113.56 107.104 104.32 96.33 104.813 96.395 77.607 70.72 71.67 72.964 74.093 -9999 -9999 -9999 -9999 -9999 -9999 -9999 -9999 -9999 -9999 -9999 -9999 -9999 -9999 -9999 -9999 -9999 -9999 -9999 -9999 -9999 -9999 -9999 -9999 -9999 -9999 -9999 -9999
-9999 -9999 -9999 188.794 -9999 208.364 211.603 217.438 241.335 233.592 -9999 -9999 216.876 207.321 196.075 229.462 194.344 185.291 160.411 153.916 111.166 100.406 91.283 84.409 92.678 92.436 99.008 82.058 90.608 90.963 97.502 101.799 94.047 87.497 98.08 103.91 102.281 91.28 93.986 89.259 74.217 65.004 66.616 72.468 67.195 -9999 -9999 -9999 -9999 -9999 -9999 -9999 -9999 -9999 -9999 -9999 -9999 -9999 -9999 -9999 -9999 -9999 -9999 -9999 -9999 -9999 -9999 -9999 -9999 -9999 -9999 -9999 -9999 -9999
154.323 166.499 -9999 191.808 222.967 212.004 218.971 230.084 234.097 -9999 -9999 201.615 259.964 254.143 245.921 200.052 189.384 172.317 151.496 127.884 116.917 111.773 112.824 104.101 114.599 139.121 112.273 92.827 92.392 81.411 82.908 84.685 94.856 96.633 93.99 93.902 90.152 81.271 79.625 74.84 65.828 64.404 68.233 69.584 68.624 67.189 -9999 -9999 -9999 -9999 -9999 -9999 -9999 -9999 -9999 -9999 -9999 -9999 -9999 -9999 -9999 -9999 -9999 -9999 -9999 -9999 -9999 -9999 -9999 -9999 -9999 -9999 -9999 -9999
