Validation/Results/raw data/ReClimate_05_2024_1_Temperature-Actualsweatherlogisticsltd.asc
NCOLS 192
NROWS 249
XLLCENTER -225160.85627316462
YLLCENTER 29788.11610251502
CELLSIZE 5000.0
NODATA_VALUE -9999
[rows 204 to 237 of 249, columns 75 to 149 of 192]
-9999 -9999 -9999 -9999 13.362 -9999 13.456 13.521 13.559 13.298 13.223 13.133 13.303 13.415 13.391 13.447 13.195 13.766 13.685 13.833 13.977 14.096 13.961 14.044 13.59 13.108 11.837 11.202 12.77 12.578 12.673 12.151 12.766 13.787 13.051 11.65 13.287 13.606 13.478 13.495 14.21 14.825 14.721 14.401 14.499 14.885 15.067 15.164 15.139 15.057 14.25 13.71 13.61 13.94 14.164 14.324 14.208 13.858 13.94 14.12 14.292 14.349 14.347 14.27 14.124 14.176 14.288 14.277 14.38 14.434 14.367 14.447 14.431 14.494 14.657
-9999 -9999 -9999 -9999 -9999 -9999 -9999 -9999 13.427 13.741 13.635 13.533 13.675 13.745 13.764 13.673 14.052 14.002 14.074 14.134 14.028 14.056 13.722 13.733 13.149 12.36 11.459 11.746 11.651 12.02 11.3 11.52 13.274 13.245 13.004 13.953 13.26 13.508 14.007 14.273 14.679 14.459 14.222 13.842 14.351 14.953 15.143 15.27 15.359 14.674 13.833 13.639 13.651 14.055 14.12 14.29 14.166 14.243 14.269 14.461 14.616 14.64 14.534 14.386 14.314 14.36 14.517 14.589 14.469 14.317 14.174 14.241 14.472 14.484 14.631
-9999 -9999 -9999 -9999 -9999 -9999 -9999 -9999 13.687 13.791 13.799 13.851 13.52 13.364 13.257 13.666 13.967 14.073 14.267 13.922 13.733 13.935 14.072 14.173 13.623 13.41 13.22 12.92 12.585 12.359 11.765 12.217 12.032 12.765 13.374 12.931 12.632 14.164 14.391 14.564 14.192 14.215 13.683 13.981 14.42 15.01 15.127 14.996 14.168 13.699 13.744 13.913 13.812 13.969 14.132 14.242 14.413 14.302 14.578 14.77 14.944 14.929 14.666 14.429 14.312 14.423 14.649 14.689 14.506 14.069 14.126 14.199 14.262 14.504 14.629
-9999 -9999 -9999 -9999 -9999 -9999 13.653 13.696 13.725 13.903 -9999 13.924 13.8 13.606 13.794 13.857 14.028 -9999 14.152 13.961 14.145 13.791 14.422 13.623 13.727 13.556 13.313 13.237 13.551 13.124 12.799 12.732 12.776 13.057 13.36 12.285 13.318 14.374 14.31 14.589 14.428 13.903 14.004 14.291 14.74 14.955 14.855 14.173 14.099 13.775 13.854 13.807 14.043 14.151 14.237 14.429 14.613 14.656 14.774 14.796 15.082 15.033 14.844 14.621 14.557 14.558 14.627 14.543 14.238 14.093 14.045 14.314 14.374 14.501 14.653
-9999 -9999 -9999 -9999 -9999 -9999 13.688 -9999 -9999 -9999 14.115 14.004 13.862 -9999 -9999 -9999 -9999 -9999 14.119 14.164 13.962 14.817 14.549 14.373 14.229 13.93 14.027 13.956 12.232 12.35 13.495 13.599 13.575 13.449 12.902 12.956 14.178 14.266 14.634 14.621 13.945 14.106 14.246 14.787 14.876 14.911 14.517 14.174 14.216 13.919 14.039 14.162 14.206 14.338 14.524 14.64 14.762 14.776 14.844 14.857 14.94 15.06 14.725 14.641 14.566 14.551 14.383 14.331 14.218 14.048 14.177 14.484 14.59 14.706 14.706
-9999 -9999 -9999 -9999 -9999 -9999 -9999 -9999 13.711 13.793 13.752 13.963 13.73 -9999 -9999 -9999 -9999 -9999 -9999 -9999 -9999 15.2 15.07 14.975 15.002 14.553 14.119 12.339 11.8 12.111 12.724 13.332 13.551 13.595 13.676 13.669 14.016 14.697 14.772 13.856 14.016 14.122 14.995 14.97 14.88 14.816 14.19 14.205 14.082 14.087 14.224 14.373 14.444 14.519 14.564 14.654 14.596 14.653 14.79 14.97 14.985 14.952 14.7 14.529 14.298 14.206 14.423 14.245 14.201 14.263 14.392 14.604 14.923 14.98 14.941
-9999 -9999 -9999 -9999 -9999 -9999 -9999 -9999 -9999 13.662 -9999 -9999 -9999 -9999 -9999 -9999 -9999 -9999 -9999 14.099 14.601 14.773 14.717 15.102 15.143 14.835 14.016 13.065 12.171 12.278 13.068 14.105 13.958 13.576 13.838 14.17 14.928 15.245 14.925 14.493 14.486 14.886 -9999 14.964 14.856 14.576 13.874 13.865 14.104 14.241 14.415 14.459 14.562 14.539 14.549 14.514 14.602 14.609 14.75 14.875 14.916 14.709 14.533 14.305 13.991 14.012 14.168 14.588 14.484 14.466 14.67 14.759 14.926 15.072 15.092
-9999 -9999 -9999 -9999 -9999 -9999 -9999 -9999 -9999 -9999 -9999 -9999 -9999 -9999 -9999 -9999 -9999 -9999 -9999 14.015 14.337 14.634 14.6 -9999 -9999 -9999 14.673 13.597 13.778 13.644 14.215 14.267 13.778 14.056 14.835 15.099 15.184 15.359 15.141 15.101 15.072 -9999 15.064 14.778 14.832 14.261 13.826 14.14 14.285 14.456 14.473 14.443 14.538 14.579 14.563 14.546 14.375 14.346 14.452 14.479 14.592 14.614 14.333 13.955 14.006 14.076 14.375 14.725 14.869 14.726 14.92 15.18 15.284 15.398 15.44
-9999 -9999 -9999 -9999 -9999 -9999 -9999 -9999 -9999 -9999 -9999 -9999 -9999 -9999 -9999 -9999 -9999 -9999 -9999 -9999 -9999 -9999 -9999 -9999 -9999 -9999 15.223 14.721 14.145 14.338 14.697 14.75 14.68 15.055 15.294 15.276 15.195 15.136 15.14 -9999 -9999 15.316 15.101 15.001 14.848 14.276 14.056 14.251 14.366 14.56 14.708 14.506 14.527 14.55 14.297 14.12 14.042 13.876 13.745 13.968 14.064 14.233 14.31 14.157 14.132 14.422 14.431 14.711 15.045 15.025 15.11 15.28 15.534 15.672 15.734
-9999 -9999 -9999 -9999 -9999 -9999 -9999 -9999 -9999 -9999 -9999 -9999 -9999 -9999 -9999 -9999 -9999 -9999 -9999 -9999 -9999 -9999 -9999 -9999 -9999 -9999 14.905 14.713 14.554 14.637 14.716 14.897 15.204 15.352 15.343 15.315 -9999 -9999 -9999 -9999 -9999 15.396 15.182 15.178 14.913 14.36 14.126 14.252 14.289 14.583 14.78 14.551 14.214 14.231 13.933 13.805 13.825 13.866 13.774 13.722 13.967 14.019 14.419 14.663 14.574 14.832 14.826 14.879 15.088 15.198 15.434 15.698 15.683 15.645 15.823
-9999 -9999 -9999 -9999 -9999 -9999 -9999 -9999 -9999 -9999 -9999 -9999 -9999 -9999 -9999 -9999 -9999 -9999 -9999 -9999 -9999 -9999 -9999 -9999 -9999 -9999 -9999 -9999 14.598 14.368 14.642 14.935 14.956 15.12 15.258 -9999 -9999 -9999 -9999 14.859 14.783 14.79 15.281 15.265 14.947 14.233 14.132 14.113 14.195 14.48 14.614 14.261 13.833 13.667 13.779 13.72 13.89 13.912 14.118 14.105 14.104 14.331 14.467 14.843 15.102 15.039 14.99 14.943 14.963 14.971 15.288 15.686 15.799 15.746 15.732
-9999 -9999 -9999 -9999 -9999 -9999 -9999 -9999 -9999 -9999 -9999 -9999 -9999 -9999 -9999 -9999 -9999 -9999 -9999 -9999 -9999 -9999 -9999 -9999 -9999 -9999 -9999 -9999 -9999 14.645 14.728 14.732 14.722 15.017 -9999 -9999 -9999 -9999 15.045 14.968 14.668 14.683 14.879 15.071 14.949 14.597 14.627 14.262 14.285 14.39 14.178 14.037 13.884 13.57 13.701 13.875 14.078 14.21 14.313 14.431 14.379 14.365 14.561 14.816 14.873 14.916 14.74 14.793 14.876 14.872 15.009 15.406 15.641 15.707 15.787
-9999 -9999 -9999 -9999 -9999 -9999 -9999 -9999 -9999 -9999 -9999 -9999 -9999 -9999 -9999 -9999 -9999 -9999 -9999 -9999 -9999 -9999 -9999 -9999 -9999 -9999 -9999 -9999 -9999 -9999 -9999 -9999 -9999 -9999 -9999 -9999 -9999 15.142 15.308 15.221 14.788 14.575 14.925 14.933 14.67 14.775 14.662 14.713 14.877 14.545 14.228 14.082 14.054 13.99 13.809 13.901 14.036 13.9 14.108 14.22 14.303 14.323 14.367 14.623 14.733 14.603 14.555 14.511 14.748 14.899 14.982 15.134 15.337 15.372 15.464
-9999 -9999 -9999 -9999 -9999 -9999 -9999 -9999 -9999 -9999 -9999 -9999 -9999 -9999 -9999 -9999 -9999 -9999 -9999 -9999 -9999 -9999 -9999 -9999 -9999 -9999 -9999 -9999 -9999 -9999 -9999 -9999 -9999 -9999 -9999 -9999 15.453 15.382 15.073 14.606 13.591 14.282 14.834 14.684 14.62 14.62 14.76 15.189 15.064 14.706 14.347 14.23 14.417 14.193 13.942 13.654 13.797 13.91 13.571 13.863 14.067 14.273 14.438 14.588 14.704 14.677 14.663 14.756 14.705 14.799 14.944 15.012 15.025 14.973 14.752
-9999 -9999 -9999 -9999 -9999 -9999 -9999 -9999 -9999 -9999 -9999 -9999 -9999 -9999 -9999 -9999 -9999 -9999 -9999 -9999 -9999 -9999 -9999 -9999 -9999 -9999 -9999 -9999 -9999 -9999 -9999 -9999 -9999 -9999 -9999 -9999 15.369 15.19 15.069 14.327 13.937 13.818 14.154 14.435 14.552 14.444 14.927 15.044 14.821 14.177 13.84 13.893 14.224 14.336 14.129 14.016 13.81 13.894 13.963 13.893 14.068 14.198 14.407 14.636 14.759 14.786 14.739 14.792 14.804 14.73 14.804 14.772 14.446 14.399 14.35
-9999 -9999 -9999 -9999 -9999 -9999 -9999 -9999 -9999 -9999 -9999 -9999 -9999 -9999 -9999 -9999 -9999 -9999 -9999 -9999 -9999 -9999 -9999 12.403 12.216 11.983 12.322 -9999 13.23 -9999 -9999 -9999 -9999 -9999 -9999 -9999 -9999 15.188 15.066 14.788 14.505 14.298 14.091 14.144 14.238 14.549 14.664 14.635 14.125 13.756 13.952 14.014 14.209 14.239 14.2 14.309 14.37 14.35 14.238 14.29 14.195 14.102 14.031 14.298 14.586 14.62 14.57 14.64 14.616 14.59 14.717 14.617 14.283 14.186 14.466
-9999 -9999 -9999 -9999 -9999 -9999 -9999 -9999 -9999 -9999 -9999 -9999 -9999 -9999 -9999 -9999 -9999 -9999 -9999 -9999 13.512 13.278 12.827 12.203 11.637 11.565 11.879 12.195 13.028 14.145 14.762 -9999 -9999 14.141 14.683 14.954 15.183 15.213 15.137 15.146 14.985 14.767 14.469 14.148 14.24 14.429 14.383 13.887 14.017 14.146 14.0 14.226 14.406 14.48 14.376 14.393 14.48 14.461 14.56 14.495 14.34 14.161 14.154 14.054 14.149 14.408 14.515 14.629 14.798 14.581 14.659 14.164 14.041 14.176 14.474
-9999 -9999 -9999 -9999 -9999 -9999 -9999 -9999 -9999 -9999 -9999 -9999 -9999 -9999 -9999 -9999 -9999 -9999 -9999 13.455 13.466 13.804 13.471 12.669 11.848 11.649 11.91 12.355 12.933 13.548 14.099 14.172 14.064 14.16 14.303 14.96 15.158 15.248 15.086 14.904 15.064 14.859 14.32 14.235 14.306 14.218 13.672 14.05 13.898 13.949 14.127 14.334 14.547 14.541 14.323 14.409 14.439 14.476 14.444 14.54 14.416 14.244 14.044 13.913 14.17 14.446 14.655 14.393 14.537 14.747 14.623 14.638 14.217 14.37 14.5
-9999 -9999 -9999 -9999 -9999 -9999 -9999 -9999 -9999 -9999 -9999 -9999 -9999 -9999 -9999 -9999 -9999 -9999 -9999 13.405 14.13 14.612 14.141 13.133 12.737 12.457 12.224 12.663 13.122 13.784 13.555 13.352 13.845 14.242 14.537 14.505 15.033 15.237 15.042 15.031 14.794 14.575 14.578 14.478 14.373 14.058 14.066 14.03 13.825 14.025 14.127 14.326 14.46 14.441 14.25 14.181 14.528 14.561 14.523 14.658 14.67 14.519 14.318 13.985 13.935 14.525 14.846 14.753 14.438 14.588 14.725 14.732 14.745 14.682 14.404
-9999 -9999 -9999 -9999 -9999 -9999 -9999 -9999 -9999 -9999 -9999 -9999 -9999 -9999 -9999 -9999 -9999 -9999 -9999 13.756 14.655 14.516 14.295 13.764 13.802 13.436 13.475 13.444 13.647 13.824 13.372 13.551 14.316 14.688 14.88 15.117 15.282 15.26 15.112 14.829 14.601 14.699 14.626 14.471 14.341 14.392 14.296 14.212 14.125 14.127 13.99 14.091 14.394 14.629 14.563 14.546 14.637 14.572 14.612 14.858 14.647 14.472 14.465 14.055 13.664 14.245 14.897 14.939 14.772 14.693 14.676 14.7 14.657 14.575 14.469
-9999 -9999 -9999 -9999 -9999 -9999 -9999 -9999 -9999 -9999 -9999 -9999 -9999 -9999 -9999 13.679 13.41 -9999 13.485 14.246 14.167 14.051 14.12 14.291 14.168 14.073 13.715 13.516 13.68 13.938 13.952 14.195 14.567 14.984 15.199 15.176 15.056 14.992 15.038 14.865 14.801 14.736 14.592 14.272 14.528 14.496 14.32 14.037 13.885 13.947 13.803 13.925 14.261 14.624 14.678 14.693 14.722 14.871 14.747 14.774 14.735 14.328 14.45 14.283 14.148 14.208 14.76 14.953 14.801 14.658 14.599 14.608 14.708 14.766 14.735
-9999 -9999 -9999 -9999 -9999 -9999 -9999 -9999 -9999 -9999 -9999 -9999 -9999 -9999 -9999 13.59 13.393 13.491 13.681 13.947 13.929 14.094 13.761 13.748 13.929 13.531 13.554 13.607 13.766 14.1 14.038 14.159 14.451 14.201 14.095 14.427 14.654 14.875 14.969 14.829 14.685 14.528 14.424 14.329 14.55 14.373 14.396 14.22 13.955 13.87 14.033 14.118 14.395 14.532 14.62 14.69 14.979 15.048 15.109 15.105 14.938 14.633 14.492 14.297 13.999 14.073 13.984 14.441 14.745 14.743 14.758 14.703 14.755 14.905 14.926
-9999 -9999 -9999 -9999 -9999 -9999 -9999 -9999 -9999 -9999 -9999 -9999 -9999 -9999 13.65 13.404 13.567 13.581 13.633 13.837 13.954 13.865 13.713 13.885 13.935 13.683 13.696 13.714 14.05 14.288 14.547 14.617 14.187 13.554 13.774 13.93 14.095 14.621 14.71 14.753 14.728 14.55 14.466 14.414 14.453 14.497 14.559 14.382 14.043 14.299 14.352 14.455 14.513 14.58 14.579 14.573 14.968 15.391 15.555 15.343 15.262 14.992 14.86 14.667 14.366 14.264 14.141 14.092 14.339 14.116 14.573 14.344 14.369 14.848 15.019
-9999 -9999 -9999 -9999 -9999 -9999 -9999 -9999 -9999 -9999 -9999 -9999 -9999 -9999 -9999 13.704 13.655 13.66 13.835 13.972 14.082 14.091 14.071 14.058 14.031 13.915 13.891 14.239 14.464 14.7 14.6 14.652 13.988 13.677 13.769 13.593 13.988 14.362 14.375 14.52 14.583 14.482 14.313 14.382 14.404 14.403 14.35 14.183 14.547 14.44 14.549 14.625 14.655 14.623 14.585 14.7 14.896 15.289 15.492 -9999 15.164 15.126 14.938 14.965 14.916 14.868 14.812 14.698 14.747 14.573 14.447 14.543 14.257 14.39 14.643
-9999 -9999 -9999 -9999 -9999 -9999 -9999 -9999 -9999 -9999 -9999 -9999 -9999 -9999 13.657 13.907 13.716 13.688 13.762 13.805 14.032 14.178 14.119 14.02 13.859 13.982 14.3 14.537 14.609 14.643 14.692 14.455 14.271 14.293 14.127 13.842 14.369 14.502 13.961 14.194 14.186 13.635 13.836 13.805 13.812 14.006 14.067 14.297 14.539 14.729 14.748 14.813 14.735 14.68 14.611 14.663 14.801 14.919 15.138 15.252 -9999 15.169 -9999 15.27 -9999 15.067 -9999 14.98 14.968 14.874 14.647 14.557 14.57 14.719 -9999
-9999 -9999 -9999 -9999 -9999 -9999 -9999 -9999 -9999 -9999 -9999 -9999 -9999 -9999 13.849 13.732 13.545 13.62 13.612 13.621 13.602 13.869 13.709 13.635 13.748 14.106 14.452 14.629 14.776 14.807 14.726 14.622 14.434 14.323 14.02 14.278 14.641 13.891 13.95 14.469 14.084 13.881 13.832 13.704 13.966 14.29 14.319 14.531 14.692 14.702 14.927 14.922 14.775 14.678 14.567 14.504 14.654 14.762 14.958 15.116 -9999 -9999 15.374 15.374 -9999 -9999 14.894 14.867 14.833 -9999 -9999 -9999 -9999 -9999 -9999
-9999 -9999 -9999 -9999 -9999 -9999 -9999 -9999 -9999 -9999 -9999 -9999 -9999 13.431 13.625 13.63 13.607 13.838 13.851 13.655 13.711 13.529 13.007 12.967 13.448 13.835 14.106 14.35 14.704 14.789 14.612 14.554 14.3 13.82 13.766 14.108 13.972 13.887 14.577 14.492 14.148 13.85 13.707 14.212 14.584 14.503 14.594 14.626 14.767 15.017 15.149 14.823 14.866 14.712 14.635 14.462 14.502 -9999 -9999 -9999 15.126 -9999 -9999 -9999 -9999 -9999 -9999 14.626 -9999 -9999 -9999 -9999 -9999 -9999 -9999
-9999 -9999 -9999 -9999 -9999 -9999 -9999 -9999 -9999 -9999 -9999 -9999 13.541 13.099 13.233 13.566 14.119 14.265 14.181 14.059 13.815 12.938 11.994 12.274 13.387 13.621 13.617 14.404 14.389 14.74 14.695 14.317 14.364 14.39 14.424 -9999 -9999 -9999 -9999 -9999 14.439 14.055 13.943 14.275 14.54 14.621 14.542 14.664 14.827 15.081 -9999 14.682 -9999 -9999 -9999 -9999 -9999 14.341 14.497 14.693 14.723 14.759 14.966 -9999 -9999 -9999 -9999 -9999 -9999 -9999 -9999 -9999 -9999 -9999 -9999
-9999 -9999 -9999 -9999 -9999 -9999 -9999 -9999 -9999 -9999 -9999 14.167 13.242 12.818 13.038 13.569 13.957 14.257 14.427 13.995 13.431 12.318 11.698 12.104 12.775 13.206 14.054 13.992 14.62 14.648 14.484 14.606 -9999 -9999 -9999 -9999 -9999 -9999 -9999 -9999 -9999 -9999 14.472 14.61 14.79 14.427 14.113 14.074 14.475 14.276 14.497 -9999 -9999 -9999 -9999 -9999 -9999 -9999 14.404 14.328 14.581 14.516 -9999 -9999 -9999 -9999 -9999 -9999 -9999 -9999 -9999 -9999 -9999 -9999 -9999
-9999 -9999 -9999 -9999 -9999 -9999 -9999 -9999 -9999 14.402 14.45 13.988 13.354 12.911 12.726 12.9 13.618 14.355 14.189 13.812 13.274 12.575 12.014 12.511 12.976 13.551 13.792 14.876 14.391 14.234 -9999 -9999 -9999 -9999 -9999 -9999 -9999 -9999 -9999 -9999 -9999 -9999 -9999 14.713 -9999 -9999 -9999 -9999 -9999 14.374 14.048 -9999 -9999 -9999 -9999 -9999 -9999 -9999 -9999 -9999 14.059 13.993 -9999 -9999 -9999 -9999 -9999 -9999 -9999 -9999 -9999 -9999 -9999 -9999 -9999
-9999 -9999 -9999 -9999 -9999 -9999 -9999 -9999 14.386 -9999 14.292 14.129 13.485 12.932 12.717 12.845 13.565 13.924 13.867 14.266 14.022 13.105 12.699 12.919 13.609 13.892 14.346 14.72 14.774 14.936 -9999 -9999 -9999 -9999 -9999 -9999 -9999 -9999 -9999 -9999 -9999 -9999 -9999 -9999 14.645 -9999 -9999 -9999 -9999 -9999 -9999 -9999 -9999 -9999 -9999 -9999 -9999 -9999 -9999 -9999 -9999 -9999 -9999 -9999 -9999 -9999 -9999 -9999 -9999 -9999 -9999 -9999 -9999 -9999 -9999
-9999 -9999 -9999 -9999 -9999 -9999 -9999 14.415 14.413 13.953 14.291 14.235 13.67 13.481 13.32 13.399 13.797 13.792 14.063 -9999 14.248 13.523 12.927 12.494 13.081 14.128 14.41 14.856 15.007 -9999 -9999 -9999 -9999 -9999 -9999 -9999 -9999 -9999 -9999 -9999 -9999 -9999 -9999 -9999 -9999 -9999 -9999 -9999 -9999 -9999 -9999 -9999 -9999 -9999 -9999 -9999 -9999 -9999 -9999 -9999 -9999 -9999 -9999 -9999 -9999 -9999 -9999 -9999 -9999 -9999 -9999 -9999 -9999 -9999 -9999
-9999 -9999 -9999 -9999 -9999 -9999 -9999 14.442 14.19 14.05 14.0 13.989 13.86 13.843 13.68 13.932 14.129 14.188 14.748 14.719 14.545 14.004 12.96 12.657 13.499 13.912 14.481 14.714 14.638 -9999 -9999 -9999 -9999 -9999 -9999 -9999 -9999 -9999 -9999 -9999 -9999 -9999 -9999 -9999 -9999 -9999 -9999 -9999 -9999 -9999 -9999 -9999 -9999 -9999 -9999 -9999 -9999 -9999 -9999 -9999 -9999 -9999 -9999 -9999 -9999 -9999 -9999 -9999 -9999 -9999 -9999 -9999 -9999 -9999 -9999
-9999 -9999 -9999 -9999 -9999 -9999 14.379 14.447 14.111 13.72 13.682 13.867 13.967 14.069 14.046 14.096 13.84 14.324 14.698 14.742 14.524 14.298 13.803 13.645 13.901 14.293 14.444 14.468 -9999 -9999 -9999 -9999 -9999 -9999 -9999 -9999 -9999 -9999 -9999 -9999 -9999 -9999 -9999 -9999 -9999 -9999 -9999 -9999 -9999 -9999 -9999 -9999 -9999 -9999 -9999 -9999 -9999 -9999 -9999 -9999 -9999 -9999 -9999 -9999 -9999 -9999 -9999 -9999 -9999 -9999 -9999 -9999 -9999 -9999 -9999
