Validation/Results/raw data/ReClimate_04_2024_2weatherlogisticsltd.asc
NCOLS 192
NROWS 249
XLLCENTER -225160.85627316462
YLLCENTER 29788.11610251502
CELLSIZE 5000.0
NODATA_VALUE -9999
[rows 66 to 98 of 249, columns 74 to 147 of 192]
-9999 -9999 -9999 -9999 -9999 -9999 -9999 -9999 -9999 -9999 -9999 106.352 -9999 106.56 106.666 106.766 106.889 107.152 107.689 108.196 108.653 109.066 109.442 109.783 110.095 110.38 110.642 110.884 111.108 111.317 111.492 111.582 -9999 -9999 -9999 -9999 -9999 -9999 -9999 -9999 -9999 -9999 -9999 -9999 -9999 -9999 -9999 -9999 -9999 -9999 -9999 -9999 -9999 -9999 -9999 -9999 -9999 -9999 -9999 -9999 -9999 -9999 -9999 -9999 -9999 -9999 -9999 -9999 -9999 -9999 -9999 -9999 -9999 -9999
-9999 -9999 -9999 -9999 -9999 -9999 -9999 -9999 -9999 -9999 -9999 -9999 106.447 106.558 106.663 106.827 107.233 107.831 108.367 108.85 109.286 109.68 110.039 110.366 110.665 110.94 111.195 111.431 111.652 111.862 -9999 -9999 -9999 -9999 -9999 -9999 -9999 -9999 -9999 -9999 -9999 -9999 -9999 -9999 -9999 -9999 -9999 -9999 -9999 -9999 -9999 -9999 -9999 -9999 -9999 -9999 -9999 -9999 -9999 -9999 -9999 -9999 -9999 -9999 -9999 -9999 -9999 -9999 -9999 -9999 -9999 -9999 -9999 -9999
-9999 -9999 -9999 -9999 -9999 -9999 -9999 -9999 -9999 -9999 -9999 -9999 106.442 106.601 106.75 107.288 107.926 108.497 109.009 109.471 109.888 110.266 110.61 110.923 111.212 111.477 111.724 111.956 112.175 112.374 -9999 -9999 -9999 -9999 -9999 -9999 -9999 -9999 -9999 -9999 -9999 -9999 -9999 -9999 -9999 -9999 -9999 -9999 -9999 -9999 -9999 -9999 -9999 -9999 -9999 -9999 -9999 -9999 -9999 -9999 -9999 -9999 -9999 -9999 -9999 -9999 -9999 -9999 -9999 -9999 -9999 -9999 -9999 -9999
-9999 -9999 -9999 -9999 -9999 -9999 -9999 -9999 -9999 -9999 -9999 -9999 -9999 -9999 107.286 107.974 108.587 109.134 109.625 110.067 110.467 110.829 111.159 111.461 111.738 111.995 112.236 112.463 -9999 -9999 -9999 -9999 -9999 -9999 -9999 -9999 -9999 -9999 -9999 -9999 -9999 -9999 -9999 -9999 -9999 -9999 -9999 -9999 -9999 -9999 -9999 -9999 -9999 -9999 -9999 -9999 -9999 -9999 -9999 -9999 -9999 -9999 -9999 -9999 -9999 -9999 -9999 -9999 -9999 -9999 -9999 -9999 -9999 -9999
-9999 -9999 -9999 -9999 -9999 -9999 -9999 -9999 106.145 -9999 -9999 106.315 106.639 107.222 107.972 108.634 109.223 109.749 110.22 110.645 111.029 111.377 111.694 111.984 112.251 112.499 112.732 112.954 -9999 -9999 -9999 -9999 -9999 -9999 -9999 -9999 -9999 -9999 -9999 -9999 -9999 -9999 -9999 -9999 -9999 -9999 -9999 -9999 -9999 -9999 -9999 -9999 -9999 -9999 -9999 -9999 -9999 -9999 -9999 -9999 -9999 -9999 -9999 -9999 -9999 -9999 -9999 -9999 -9999 -9999 -9999 -9999 -9999 -9999
-9999 -9999 -9999 -9999 -9999 -9999 106.035 106.101 106.158 106.205 106.252 106.424 107.086 107.913 108.637 109.275 109.843 110.349 110.803 111.211 111.58 111.914 112.218 112.497 112.753 112.992 113.217 113.433 -9999 -9999 -9999 -9999 -9999 -9999 -9999 -9999 -9999 -9999 -9999 -9999 -9999 -9999 -9999 -9999 -9999 -9999 -9999 -9999 -9999 -9999 -9999 -9999 -9999 -9999 -9999 -9999 -9999 -9999 -9999 -9999 -9999 -9999 -9999 -9999 -9999 -9999 -9999 -9999 -9999 -9999 -9999 -9999 -9999 -9999
-9999 -9999 -9999 -9999 -9999 -9999 106.058 106.129 -9999 106.239 106.355 106.903 107.785 108.585 109.288 109.905 110.452 110.94 111.378 111.771 112.125 112.446 112.738 113.005 113.25 113.479 113.695 -9999 114.112 -9999 -9999 -9999 -9999 -9999 -9999 -9999 -9999 -9999 -9999 -9999 -9999 -9999 -9999 -9999 -9999 -9999 -9999 -9999 -9999 -9999 -9999 -9999 -9999 -9999 -9999 -9999 -9999 -9999 -9999 -9999 -9999 -9999 -9999 -9999 -9999 -9999 -9999 -9999 -9999 -9999 -9999 -9999 -9999 -9999
-9999 -9999 -9999 -9999 -9999 -9999 -9999 106.161 106.249 106.316 106.693 107.604 108.444 109.205 109.879 110.481 111.022 111.512 111.95 112.33 112.671 112.98 113.259 113.514 113.748 113.965 114.17 114.37 114.565 -9999 -9999 -9999 -9999 -9999 -9999 -9999 -9999 -9999 -9999 -9999 -9999 -9999 -9999 -9999 -9999 -9999 -9999 -9999 -9999 -9999 -9999 -9999 -9999 -9999 -9999 -9999 -9999 -9999 -9999 -9999 -9999 -9999 -9999 -9999 -9999 -9999 -9999 -9999 -9999 -9999 -9999 -9999 -9999 -9999
105.688 -9999 -9999 -9999 -9999 -9999 -9999 -9999 106.31 106.53 107.372 108.241 109.042 109.771 110.422 111.003 111.53 112.011 112.442 112.838 113.2 113.519 113.787 114.03 114.252 114.456 114.648 114.835 115.024 -9999 -9999 -9999 -9999 -9999 -9999 -9999 -9999 -9999 -9999 -9999 -9999 -9999 -9999 -9999 -9999 -9999 -9999 -9999 -9999 -9999 -9999 -9999 -9999 -9999 -9999 -9999 -9999 -9999 -9999 -9999 -9999 -9999 -9999 -9999 -9999 -9999 -9999 -9999 -9999 -9999 -9999 -9999 -9999 -9999
105.701 -9999 -9999 -9999 -9999 -9999 106.141 106.254 106.43 107.075 107.985 108.817 109.587 110.294 110.933 111.492 112.001 112.466 112.896 113.293 113.66 113.988 114.293 114.56 114.77 114.961 -9999 115.316 -9999 -9999 -9999 -9999 -9999 -9999 116.486 116.689 116.895 -9999 -9999 -9999 -9999 -9999 -9999 -9999 -9999 -9999 -9999 -9999 -9999 -9999 -9999 -9999 -9999 -9999 -9999 -9999 -9999 -9999 -9999 -9999 -9999 -9999 -9999 -9999 -9999 -9999 -9999 -9999 -9999 -9999 -9999 -9999 -9999 -9999
105.72 105.812 -9999 -9999 -9999 -9999 -9999 106.292 106.657 107.625 108.532 109.342 110.084 110.776 111.404 111.964 112.458 112.911 113.331 113.72 114.084 114.424 114.742 115.022 115.278 115.49 115.651 -9999 -9999 -9999 -9999 116.312 116.469 116.721 116.986 117.217 117.428 117.596 117.756 117.891 118.002 118.099 118.162 118.201 118.214 118.199 118.153 118.146 118.024 117.849 117.607 117.488 117.974 -9999 -9999 -9999 -9999 -9999 -9999 -9999 -9999 -9999 -9999 -9999 -9999 -9999 -9999 -9999 -9999 -9999 -9999 -9999 -9999 -9999
105.736 105.826 -9999 -9999 -9999 106.121 -9999 106.295 107.128 108.085 108.975 109.802 110.542 111.216 111.842 112.409 112.905 113.35 113.763 114.147 114.508 114.847 115.165 115.466 115.742 115.984 -9999 -9999 -9999 -9999 116.92 116.925 117.236 117.543 117.82 118.069 118.291 118.487 118.659 118.807 118.933 119.037 119.12 119.181 119.222 119.239 119.232 119.196 119.128 119.02 118.862 118.739 118.663 -9999 -9999 -9999 -9999 -9999 -9999 -9999 -9999 -9999 -9999 -9999 -9999 -9999 -9999 -9999 -9999 -9999 -9999 -9999 -9999 -9999
105.748 105.837 -9999 -9999 -9999 106.146 106.223 106.595 107.545 108.464 109.341 110.167 110.935 111.623 112.243 112.817 113.338 113.786 114.194 114.578 114.938 115.279 115.601 115.907 116.197 -9999 -9999 117.012 117.191 117.377 117.533 117.857 118.191 118.502 118.786 119.044 119.276 119.484 119.669 119.832 119.975 120.099 120.205 120.294 120.367 120.423 120.462 120.483 120.483 120.459 120.405 120.354 120.225 120.11 -9999 -9999 -9999 -9999 -9999 -9999 -9999 -9999 -9999 -9999 -9999 -9999 -9999 -9999 -9999 -9999 -9999 -9999 -9999 -9999
105.759 105.845 -9999 106.004 -9999 106.152 106.296 106.967 107.904 108.792 109.642 110.464 111.244 111.969 112.613 113.193 113.728 114.215 114.63 115.014 115.378 115.725 116.055 116.372 116.698 -9999 117.567 117.793 118.044 118.302 118.565 118.868 119.181 119.482 119.765 120.025 120.261 120.476 120.67 120.844 121.001 121.142 121.268 121.382 121.484 121.575 121.656 121.727 121.789 121.841 121.882 121.947 121.971 121.98 -9999 -9999 -9999 -9999 -9999 -9999 -9999 -9999 -9999 -9999 -9999 -9999 -9999 -9999 -9999 -9999 -9999 -9999 -9999 -9999
105.766 -9999 105.932 -9999 -9999 -9999 106.461 107.308 108.215 109.077 109.905 110.708 111.492 112.24 112.933 113.537 114.089 114.596 115.063 115.46 115.831 116.187 116.53 116.916 117.463 117.944 118.347 118.661 118.988 119.305 119.629 119.907 120.197 120.484 120.758 121.014 121.251 121.468 121.667 121.849 122.016 122.171 122.314 122.449 122.578 122.701 122.82 122.939 123.058 123.18 123.309 123.447 123.645 123.839 -9999 -9999 -9999 -9999 -9999 -9999 -9999 -9999 -9999 -9999 -9999 -9999 -9999 -9999 -9999 -9999 -9999 -9999 -9999 -9999
105.772 105.857 -9999 -9999 -9999 -9999 106.664 107.601 108.484 -9999 110.135 110.923 111.694 112.456 113.181 113.849 114.415 114.949 115.443 115.902 116.298 116.679 117.136 117.801 118.389 118.792 119.163 119.52 119.879 120.254 120.614 120.96 121.232 121.504 121.766 122.015 122.248 122.464 122.664 122.851 123.025 123.191 123.349 123.503 123.655 123.808 123.964 124.127 124.3 124.488 124.698 124.94 125.267 125.452 -9999 -9999 -9999 -9999 -9999 -9999 -9999 -9999 -9999 -9999 -9999 -9999 -9999 -9999 -9999 -9999 -9999 -9999 -9999 -9999
105.777 105.86 -9999 -9999 -9999 106.221 -9999 -9999 108.716 109.54 110.336 111.112 111.874 112.629 113.381 114.085 114.731 115.268 115.793 116.286 116.777 117.348 118.076 118.725 119.188 119.596 119.984 120.364 120.745 121.14 121.552 121.933 122.278 122.536 122.786 123.026 123.252 123.464 123.663 123.851 124.031 124.205 124.377 124.548 124.722 124.903 125.093 125.298 125.523 125.775 126.064 126.435 126.788 -9999 -9999 -9999 -9999 -9999 -9999 -9999 -9999 -9999 -9999 -9999 -9999 -9999 -9999 -9999 -9999 -9999 -9999 -9999 -9999 -9999
105.784 105.862 105.941 106.017 -9999 -9999 -9999 108.053 108.915 -9999 110.511 111.279 112.035 112.785 113.535 114.283 114.967 115.578 116.112 116.671 117.376 118.238 118.995 119.515 119.961 120.382 120.788 121.188 121.591 122.003 122.43 122.865 123.252 123.577 123.816 124.046 124.263 124.469 124.665 124.852 125.035 125.217 125.4 125.587 125.782 125.99 126.214 126.46 126.736 127.051 127.417 127.885 -9999 -9999 -9999 -9999 -9999 -9999 -9999 -9999 -9999 -9999 -9999 -9999 -9999 -9999 -9999 -9999 -9999 -9999 -9999 -9999 -9999 -9999
105.79 105.863 105.942 106.018 -9999 106.476 107.364 108.25 109.084 109.885 110.662 111.424 112.176 112.925 113.675 114.431 115.174 115.852 116.455 117.203 118.146 119.008 119.663 120.227 120.713 121.149 121.573 121.993 122.416 122.846 123.288 123.741 124.185 124.567 124.854 125.073 125.282 125.479 125.669 125.855 126.04 126.227 126.421 126.624 126.84 127.075 127.332 127.62 127.947 128.324 128.769 129.286 -9999 -9999 -9999 -9999 -9999 -9999 -9999 -9999 -9999 -9999 -9999 -9999 -9999 -9999 -9999 -9999 -9999 -9999 -9999 -9999 -9999 -9999
105.795 105.863 105.942 106.018 106.11 106.62 107.538 -9999 109.225 110.019 110.791 111.549 112.3 113.05 113.803 114.564 115.339 116.091 116.938 117.927 118.832 119.552 120.205 120.803 121.358 121.879 122.339 122.779 123.221 123.67 124.127 124.594 125.069 125.511 125.877 126.107 126.305 126.493 126.677 126.86 127.046 127.239 127.443 127.662 127.9 128.162 128.454 128.784 129.163 129.605 130.13 -9999 -9999 -9999 -9999 -9999 -9999 -9999 -9999 -9999 -9999 -9999 -9999 -9999 -9999 -9999 -9999 -9999 -9999 -9999 -9999 -9999 -9999 -9999
105.804 -9999 -9999 -9999 106.163 106.762 -9999 108.517 109.342 110.13 110.899 111.656 112.408 113.16 113.918 114.687 115.469 116.372 117.532 118.494 119.237 119.933 120.594 121.231 121.851 122.436 122.991 123.516 124.006 124.474 124.949 125.433 125.922 126.413 126.827 127.145 127.332 127.51 127.686 127.865 128.053 128.253 128.469 128.705 128.966 129.257 129.585 129.96 130.394 130.903 131.366 -9999 -9999 -9999 -9999 -9999 -9999 -9999 -9999 -9999 -9999 -9999 -9999 -9999 -9999 -9999 -9999 -9999 -9999 -9999 -9999 -9999 -9999 -9999
-9999 -9999 -9999 106.018 106.224 -9999 107.751 108.61 -9999 110.219 110.987 111.745 112.49 113.211 113.935 114.672 115.499 116.681 117.783 118.676 119.407 120.104 120.773 121.424 122.063 122.692 123.311 123.919 124.521 125.136 125.735 126.256 126.763 127.269 127.753 128.125 128.36 128.527 128.695 128.873 129.064 129.272 129.502 129.757 130.043 130.365 130.732 131.124 131.486 131.886 132.155 -9999 -9999 -9999 -9999 -9999 -9999 -9999 -9999 -9999 -9999 -9999 -9999 -9999 -9999 -9999 -9999 -9999 -9999 -9999 -9999 -9999 -9999 -9999
-9999 -9999 -9999 106.017 -9999 -9999 107.846 108.696 109.504 110.281 111.021 111.738 112.436 113.134 113.839 114.599 115.626 116.754 117.81 118.728 119.493 120.189 120.863 121.521 122.168 122.812 123.457 124.108 124.771 125.448 126.099 126.756 127.418 128.042 128.594 129.06 129.388 129.542 129.704 129.882 130.079 130.299 130.535 130.768 131.019 131.292 131.593 131.884 132.199 132.55 132.952 -9999 -9999 -9999 -9999 -9999 -9999 -9999 -9999 -9999 -9999 -9999 -9999 -9999 -9999 -9999 -9999 -9999 -9999 -9999 -9999 -9999 -9999 -9999
-9999 -9999 -9999 -9999 -9999 -9999 -9999 108.738 109.515 110.248 110.953 111.646 112.333 113.021 113.704 114.525 115.656 116.74 117.787 118.733 119.55 120.249 120.927 121.591 122.246 122.899 123.553 124.214 124.885 125.571 126.273 126.995 127.724 128.431 129.12 129.72 130.084 130.311 130.473 130.647 130.835 131.039 131.244 131.462 131.695 131.944 132.215 132.51 132.836 133.202 -9999 -9999 -9999 -9999 -9999 -9999 -9999 -9999 -9999 -9999 -9999 -9999 -9999 -9999 -9999 -9999 -9999 -9999 -9999 -9999 -9999 -9999 -9999 -9999
-9999 -9999 -9999 -9999 -9999 107.026 107.909 -9999 109.449 110.164 110.858 111.537 112.193 112.828 113.513 114.546 115.647 116.707 117.736 118.718 119.58 120.282 120.965 121.635 122.298 122.958 123.621 124.289 124.968 125.66 126.369 127.097 127.847 128.614 129.364 130.006 130.543 130.925 131.082 131.251 131.433 131.626 131.833 132.054 132.291 132.546 132.824 133.129 133.468 133.845 -9999 -9999 -9999 -9999 -9999 -9999 -9999 -9999 -9999 -9999 -9999 -9999 -9999 -9999 -9999 -9999 -9999 -9999 -9999 -9999 -9999 -9999 -9999 -9999
-9999 -9999 -9999 -9999 106.301 107.0 107.852 108.628 109.36 110.051 110.709 111.345 111.959 112.579 113.417 114.539 115.615 116.656 117.671 118.668 119.543 120.291 120.979 121.655 122.324 122.991 123.66 124.335 125.019 125.715 126.426 127.155 127.903 128.669 129.406 130.088 130.744 131.264 131.616 131.819 132.004 132.202 132.413 132.638 132.881 133.143 133.43 133.745 134.097 -9999 -9999 -9999 -9999 -9999 -9999 -9999 -9999 -9999 -9999 -9999 -9999 -9999 -9999 -9999 -9999 -9999 -9999 -9999 -9999 -9999 -9999 -9999 -9999 -9999
-9999 -9999 -9999 -9999 106.275 -9999 107.756 108.505 109.204 109.863 110.496 111.109 111.71 112.391 113.412 114.508 115.564 116.589 117.592 118.58 119.489 120.278 120.97 121.652 122.327 123.0 123.674 124.353 125.04 125.737 126.446 127.169 127.905 128.645 129.364 130.06 130.775 131.43 131.923 132.283 132.566 132.77 132.987 133.219 133.469 133.739 134.035 134.363 134.728 -9999 -9999 -9999 -9999 -9999 -9999 -9999 -9999 -9999 -9999 -9999 -9999 -9999 -9999 -9999 -9999 -9999 -9999 -9999 -9999 -9999 -9999 -9999 -9999 -9999
-9999 -9999 -9999 -9999 -9999 -9999 107.619 108.341 109.016 109.657 110.274 110.874 111.466 112.259 113.38 114.455 115.494 116.507 117.5 118.481 119.419 120.242 120.939 121.626 122.307 122.985 123.664 124.347 125.036 125.732 126.438 127.153 127.875 128.597 129.312 130.026 130.762 131.496 132.129 132.57 132.983 133.337 133.561 133.801 134.058 134.338 134.644 134.984 135.365 -9999 -9999 -9999 -9999 -9999 -9999 -9999 -9999 -9999 -9999 -9999 -9999 -9999 -9999 -9999 -9999 -9999 -9999 -9999 -9999 -9999 -9999 -9999 -9999 -9999
-9999 -9999 -9999 -9999 106.18 106.707 107.466 108.167 108.824 109.449 110.051 110.638 111.266 -9999 113.323 114.381 115.407 116.41 117.396 118.372 119.332 120.18 120.888 121.58 122.266 122.95 123.633 124.319 125.01 125.706 126.41 127.119 127.834 128.551 129.27 129.999 130.754 131.545 132.223 132.757 133.265 133.728 134.139 134.386 134.653 134.942 135.259 135.613 135.795 -9999 -9999 -9999 -9999 -9999 -9999 -9999 -9999 -9999 -9999 -9999 -9999 -9999 -9999 -9999 -9999 -9999 -9999 -9999 -9999 -9999 -9999 -9999 -9999 -9999
105.848 105.903 105.952 105.989 -9999 106.571 107.303 107.986 108.627 109.236 109.825 110.4 -9999 112.165 113.245 114.289 115.304 116.299 117.28 118.252 119.221 120.082 120.818 121.516 122.207 122.895 123.583 124.273 124.966 125.664 126.368 127.077 127.792 128.512 129.24 129.984 130.756 131.572 132.308 132.909 133.445 134.015 134.526 134.98 135.255 135.555 135.885 136.258 -9999 -9999 -9999 -9999 -9999 -9999 -9999 -9999 -9999 -9999 -9999 -9999 -9999 -9999 -9999 -9999 -9999 -9999 -9999 -9999 -9999 -9999 -9999 -9999 -9999 -9999
105.852 105.901 105.943 105.985 106.059 -9999 107.132 107.798 108.424 109.02 109.596 110.167 110.974 112.082 113.147 114.18 115.187 116.177 117.153 118.123 119.091 119.972 120.731 121.434 122.131 122.824 123.517 124.212 124.909 125.611 126.318 127.031 127.751 128.48 129.221 129.982 130.773 131.606 132.404 133.066 133.612 134.2 134.828 135.386 135.87 136.18 -9999 -9999 -9999 -9999 -9999 -9999 -9999 -9999 -9999 -9999 -9999 -9999 -9999 -9999 -9999 -9999 -9999 -9999 -9999 -9999 -9999 -9999 -9999 -9999 -9999 -9999 -9999 -9999
-9999 -9999 -9999 105.983 -9999 106.348 106.955 107.603 108.215 108.799 -9999 -9999 110.883 111.976 113.031 114.055 115.057 116.043 117.017 117.986 118.953 119.851 120.627 121.336 122.039 122.738 123.437 124.138 124.841 125.55 126.263 126.985 127.714 128.456 129.213 129.993 130.803 131.657 132.512 133.23 133.788 134.384 135.031 135.715 136.322 -9999 -9999 -9999 -9999 -9999 -9999 -9999 -9999 -9999 -9999 -9999 -9999 -9999 -9999 -9999 -9999 -9999 -9999 -9999 -9999 -9999 -9999 -9999 -9999 -9999 -9999 -9999 -9999 -9999
105.848 105.894 -9999 105.982 106.023 106.267 106.77 107.401 108.0 -9999 -9999 109.824 110.77 111.851 112.898 113.917 114.916 115.899 116.872 117.84 118.808 119.718 120.509 121.223 121.932 122.639 123.345 124.053 124.764 125.481 126.204 126.937 127.681 128.438 129.215 130.015 130.846 131.724 132.634 133.403 133.975 134.581 135.233 135.949 136.693 137.27 -9999 -9999 -9999 -9999 -9999 -9999 -9999 -9999 -9999 -9999 -9999 -9999 -9999 -9999 -9999 -9999 -9999 -9999 -9999 -9999 -9999 -9999 -9999 -9999 -9999 -9999 -9999 -9999
