Validation/Results/raw data/ReClimate_01_2024_1_Precipitation-Actuals.asc
NCOLS 192
NROWS 249
XLLCENTER -225160.85627316462
YLLCENTER 29788.11610251502
CELLSIZE 5000.0
NODATA_VALUE -9999
[rows 198 to 230 of 249, columns 74 to 147 of 192]
-9999 -9999 -9999 -9999 -9999 -9999 -9999 -9999 -9999 -9999 -9999 -9999 -9999 -9999 -9999 -9999 -9999 -9999 120.905 123.699 134.944 126.794 116.864 126.148 122.707 150.983 173.442 200.0 196.433 178.53 151.969 116.835 106.783 106.051 112.404 118.848 104.572 89.231 75.251 69.425 66.866 68.503 64.343 66.979 66.169 63.322 60.567 57.294 54.949 54.652 52.036 53.169 51.618 48.602 48.718 49.698 49.653 51.159 50.12 53.86 55.218 55.644 61.861 61.721 58.381 57.057 55.182 58.52 57.886 56.785 57.502 51.784 49.704 49.15
-9999 -9999 -9999 -9999 -9999 -9999 -9999 -9999 -9999 -9999 -9999 -9999 -9999 -9999 -9999 77.637 94.773 109.637 118.429 134.765 138.691 136.649 133.115 116.935 137.549 155.79 178.637 180.237 188.071 164.44 146.399 133.756 115.753 106.707 123.239 102.86 90.987 74.485 68.069 67.073 73.33 63.32 63.971 59.985 62.47 64.396 62.397 63.277 57.714 54.975 49.265 49.88 52.139 47.793 45.879 47.827 50.803 52.288 57.332 55.62 55.37 56.994 63.19 65.406 60.408 57.548 54.552 55.488 58.071 57.017 54.226 52.081 49.05 51.756
-9999 -9999 -9999 -9999 -9999 -9999 -9999 -9999 -9999 -9999 -9999 -9999 -9999 104.344 96.393 100.889 107.911 114.137 125.028 134.671 144.063 139.347 132.438 144.528 141.959 160.007 169.609 161.076 160.713 159.506 162.42 139.013 124.202 119.217 99.504 90.295 78.64 87.556 77.745 69.628 63.745 59.704 58.349 59.44 61.946 62.726 63.833 59.372 58.538 52.997 47.682 50.19 51.822 49.587 53.698 53.01 51.644 52.159 52.572 58.291 58.021 59.924 63.238 67.774 65.949 62.43 57.019 54.905 57.25 57.303 54.766 54.376 54.11 50.73
-9999 -9999 -9999 -9999 -9999 -9999 -9999 -9999 -9999 106.927 115.821 111.89 107.959 125.283 116.313 123.887 127.749 126.147 135.507 146.128 159.437 162.146 149.658 149.133 153.897 164.158 152.97 147.897 149.078 161.994 150.143 134.83 119.319 114.081 100.095 84.61 98.664 101.063 84.098 79.108 69.983 64.586 61.266 64.728 68.527 62.121 64.483 59.563 53.877 51.097 51.268 52.279 51.031 57.443 57.29 59.859 56.654 55.544 55.131 56.866 59.638 61.592 63.249 61.646 62.98 61.774 57.315 56.229 55.212 54.808 55.446 54.71 53.225 50.464
-9999 -9999 -9999 -9999 -9999 -9999 -9999 -9999 90.155 111.082 115.492 121.327 154.746 159.275 159.346 150.93 170.159 155.565 158.77 159.56 170.881 163.309 158.653 161.699 161.148 145.452 136.947 137.322 151.545 150.718 141.508 129.276 122.06 106.698 103.693 118.213 145.065 112.407 97.876 79.876 75.544 70.191 70.792 67.018 59.974 61.43 59.448 56.504 53.915 51.815 55.376 56.521 62.342 66.432 69.476 62.958 59.406 63.558 63.093 62.386 63.315 62.364 64.351 63.833 60.225 58.695 58.503 58.91 56.164 58.377 58.876 55.283 53.691 50.719
-9999 -9999 -9999 -9999 -9999 -9999 -9999 82.143 98.682 112.433 119.502 138.093 154.442 160.418 147.046 162.984 156.264 156.575 153.791 150.163 165.16 168.26 161.904 153.343 138.116 123.675 130.783 154.148 156.12 158.542 148.738 134.725 114.825 113.991 105.902 142.382 137.53 132.845 103.288 94.841 88.313 77.548 69.653 65.32 63.951 64.139 66.427 57.388 53.046 48.6 54.141 57.5 65.53 77.439 72.933 65.987 63.7 64.643 68.624 67.383 66.268 65.52 64.827 63.29 60.066 58.315 58.723 61.16 60.993 57.386 59.285 56.695 56.94 61.082
-9999 -9999 -9999 -9999 -9999 80.185 -9999 88.18 98.271 107.979 113.748 121.362 132.154 137.554 134.982 136.417 133.598 140.647 131.89 140.215 142.948 145.318 139.759 138.046 132.065 141.004 167.689 208.081 235.189 204.613 188.622 172.107 171.362 150.839 134.076 134.086 156.225 128.039 113.318 104.884 93.425 79.709 68.391 70.465 72.618 73.25 66.221 58.852 50.981 53.331 61.17 69.615 78.331 86.429 80.375 69.176 64.43 66.069 68.089 67.398 65.015 62.075 62.193 58.327 57.172 58.943 60.204 60.332 60.457 58.86 58.956 60.576 60.021 62.432
-9999 -9999 -9999 -9999 -9999 -9999 -9999 -9999 -9999 105.837 101.514 110.139 122.33 121.614 127.15 130.431 135.806 134.222 130.642 127.718 132.036 141.858 138.439 145.475 146.361 163.916 193.02 232.36 237.692 230.585 209.783 219.86 218.0 170.434 155.701 147.01 115.254 115.779 112.247 90.641 81.574 73.454 80.431 82.345 85.947 77.928 68.725 57.882 53.029 57.438 67.839 83.673 87.86 87.318 80.904 70.087 68.635 72.477 68.391 65.763 61.217 58.804 57.813 57.015 55.869 57.851 58.377 57.667 58.148 59.307 62.504 67.704 68.799 63.95
-9999 -9999 -9999 -9999 -9999 -9999 -9999 -9999 -9999 100.551 101.983 106.58 113.264 122.345 133.77 138.234 135.607 129.704 125.415 119.996 132.241 136.714 138.954 142.197 146.782 159.163 174.537 196.685 203.685 197.72 200.186 213.516 189.752 180.409 160.605 137.164 141.117 144.251 112.15 93.11 78.041 91.703 92.208 97.525 91.462 84.547 66.869 54.205 51.618 72.572 82.19 82.388 84.383 84.631 77.209 72.63 68.586 68.682 68.563 63.822 60.887 57.616 56.296 55.326 57.201 60.698 59.929 55.829 57.54 62.635 69.436 70.379 71.645 71.429
-9999 -9999 -9999 -9999 -9999 -9999 -9999 92.185 97.617 98.583 95.824 -9999 114.996 127.112 125.707 120.86 118.894 115.208 -9999 113.666 120.465 127.08 143.211 141.906 155.415 159.639 185.803 200.091 185.157 174.301 190.017 175.676 166.316 159.739 160.998 151.621 154.716 148.914 114.737 98.78 89.482 90.965 99.618 101.777 102.47 76.656 64.135 57.952 68.385 73.311 78.849 78.801 86.817 81.161 75.066 71.197 67.918 62.99 60.758 59.698 63.244 59.792 57.845 56.398 55.368 56.056 58.141 60.271 62.047 70.057 75.524 77.343 72.964 72.02
-9999 -9999 -9999 -9999 -9999 -9999 -9999 93.66 -9999 -9999 -9999 105.546 113.751 114.456 -9999 -9999 -9999 -9999 -9999 108.49 111.848 125.182 124.867 134.703 139.456 152.187 171.215 171.25 172.391 222.087 226.616 190.232 171.64 164.097 163.972 157.638 156.186 130.28 119.445 102.483 94.109 103.282 96.788 102.174 80.514 66.775 65.554 68.265 75.401 75.005 80.365 76.676 79.06 79.35 70.152 65.787 63.34 60.08 58.421 57.062 58.274 60.41 58.131 58.061 56.58 57.057 59.265 59.559 68.357 75.774 79.892 78.393 76.428 71.727
-9999 -9999 -9999 -9999 -9999 -9999 -9999 -9999 -9999 98.07 99.868 99.761 103.748 108.145 -9999 -9999 -9999 -9999 -9999 -9999 -9999 -9999 117.736 128.217 130.649 133.469 140.697 155.384 200.755 244.132 250.368 230.491 196.901 177.711 166.018 147.521 151.547 144.117 118.103 103.77 112.086 104.481 102.466 83.717 72.65 70.203 68.921 77.134 75.675 79.467 80.16 74.419 69.419 69.075 64.414 61.248 58.752 59.949 58.442 56.732 54.658 54.766 55.831 57.473 58.998 60.646 66.171 70.924 75.092 81.945 79.412 75.74 71.882 68.871
-9999 -9999 -9999 -9999 -9999 -9999 -9999 -9999 -9999 -9999 98.884 -9999 -9999 -9999 -9999 -9999 -9999 -9999 -9999 -9999 109.3 112.818 119.901 121.34 116.292 116.522 123.635 147.838 186.748 224.028 232.765 215.609 188.275 175.771 161.315 147.714 145.071 124.932 107.696 102.878 104.076 100.694 89.95 -9999 73.072 71.439 74.707 83.206 78.707 77.447 75.229 68.915 66.734 63.477 63.488 60.976 59.811 57.353 55.823 53.405 52.089 53.637 54.174 55.347 61.502 70.763 73.393 79.913 75.251 76.336 75.795 71.719 64.024 64.287
-9999 -9999 -9999 -9999 -9999 -9999 -9999 -9999 -9999 -9999 -9999 -9999 -9999 -9999 -9999 -9999 -9999 -9999 -9999 -9999 105.92 108.317 107.008 101.585 -9999 -9999 -9999 127.494 163.729 179.225 189.248 176.628 168.676 167.927 151.848 134.077 124.795 113.764 101.176 99.131 90.928 84.51 -9999 71.846 72.176 72.799 78.564 80.614 75.356 75.696 68.657 59.225 64.673 63.865 62.578 61.941 57.772 64.135 64.297 60.872 57.913 55.879 57.069 59.299 64.3 69.118 75.897 76.455 74.084 69.914 69.998 66.886 63.326 60.218
-9999 -9999 -9999 -9999 -9999 -9999 -9999 -9999 -9999 -9999 -9999 -9999 -9999 -9999 -9999 -9999 -9999 -9999 -9999 -9999 -9999 -9999 -9999 -9999 -9999 -9999 -9999 97.495 117.483 138.938 140.391 138.979 141.93 139.658 130.737 121.243 112.163 101.766 93.676 87.674 -9999 -9999 70.015 68.671 72.397 72.715 77.926 79.695 75.646 71.188 65.847 59.865 64.184 65.305 66.006 70.116 68.996 64.149 70.588 73.851 67.056 63.436 65.98 64.943 67.042 70.886 70.732 70.272 67.44 61.81 63.329 64.088 61.311 59.761
-9999 -9999 -9999 -9999 -9999 -9999 -9999 -9999 -9999 -9999 -9999 -9999 -9999 -9999 -9999 -9999 -9999 -9999 -9999 -9999 -9999 -9999 -9999 -9999 -9999 -9999 -9999 89.471 99.291 105.378 110.044 118.85 115.783 116.175 116.94 110.216 98.96 -9999 -9999 -9999 -9999 -9999 67.558 71.107 74.572 75.58 78.718 82.361 76.781 75.471 69.716 63.465 63.326 70.979 72.489 78.904 80.731 78.561 74.597 75.763 75.708 67.221 67.888 66.619 66.41 69.536 65.088 63.055 59.833 58.908 57.665 58.639 59.106 58.895
-9999 -9999 -9999 -9999 -9999 -9999 -9999 -9999 -9999 -9999 -9999 -9999 -9999 -9999 -9999 -9999 -9999 -9999 -9999 -9999 -9999 -9999 -9999 -9999 -9999 -9999 -9999 -9999 -9999 94.008 103.569 101.978 97.148 101.708 103.691 94.033 -9999 -9999 -9999 -9999 73.175 77.848 77.702 76.274 79.842 75.652 82.928 85.2 84.259 75.623 69.682 67.443 70.118 76.431 80.182 81.034 84.416 81.553 77.173 72.299 68.976 69.228 66.033 65.377 61.745 61.015 60.286 58.774 59.315 59.58 62.58 61.676 58.535 57.528
-9999 -9999 -9999 -9999 -9999 -9999 -9999 -9999 -9999 -9999 -9999 -9999 -9999 -9999 -9999 -9999 -9999 -9999 -9999 -9999 -9999 -9999 -9999 -9999 -9999 -9999 -9999 -9999 -9999 -9999 92.254 89.968 88.365 84.713 84.936 -9999 -9999 -9999 -9999 75.183 73.758 76.888 85.547 88.832 78.376 75.186 78.633 79.075 81.466 74.319 68.608 72.338 75.298 78.407 82.686 82.056 81.624 79.722 77.57 72.353 72.451 67.555 68.501 65.269 61.834 58.656 58.232 58.987 61.061 63.894 65.774 64.206 58.976 57.338
-9999 -9999 -9999 -9999 -9999 -9999 -9999 -9999 -9999 -9999 -9999 -9999 -9999 -9999 -9999 -9999 -9999 -9999 -9999 -9999 -9999 -9999 -9999 -9999 -9999 -9999 -9999 -9999 -9999 -9999 -9999 -9999 -9999 -9999 -9999 -9999 -9999 -9999 77.755 75.431 73.069 82.598 90.894 84.169 78.303 76.818 76.038 79.971 77.496 66.969 63.527 66.571 71.938 75.685 77.072 81.219 82.946 80.63 84.042 83.215 78.676 77.335 73.656 72.12 65.776 63.185 62.203 60.878 62.754 65.702 64.837 63.033 60.169 58.996
-9999 -9999 -9999 -9999 -9999 -9999 -9999 -9999 -9999 -9999 -9999 -9999 -9999 -9999 -9999 -9999 -9999 -9999 -9999 -9999 -9999 -9999 -9999 -9999 -9999 -9999 -9999 -9999 -9999 -9999 -9999 -9999 -9999 -9999 -9999 -9999 -9999 73.874 75.823 78.473 82.337 102.596 99.643 95.604 87.393 82.619 81.062 80.21 69.774 61.595 61.497 66.82 71.396 74.026 78.904 82.837 89.266 87.868 85.676 91.509 85.099 80.449 78.81 74.831 70.646 63.641 62.943 64.384 65.088 67.696 66.084 62.622 62.473 63.369
-9999 -9999 -9999 -9999 -9999 -9999 -9999 -9999 -9999 -9999 -9999 -9999 -9999 -9999 -9999 -9999 -9999 -9999 -9999 -9999 -9999 -9999 -9999 -9999 -9999 -9999 -9999 -9999 -9999 -9999 -9999 -9999 -9999 -9999 -9999 -9999 -9999 72.359 69.527 70.269 84.209 93.525 100.693 105.783 103.211 97.546 94.629 81.316 70.536 66.884 76.262 74.946 77.138 75.26 73.546 76.199 81.327 88.227 87.046 85.726 83.475 78.583 80.692 78.764 73.934 70.586 67.16 68.779 69.724 72.614 69.968 65.068 66.173 75.215
-9999 -9999 -9999 -9999 -9999 -9999 -9999 -9999 -9999 -9999 -9999 -9999 -9999 -9999 -9999 -9999 -9999 -9999 -9999 -9999 -9999 -9999 -9999 -9999 141.282 161.239 166.299 158.295 -9999 135.599 -9999 -9999 -9999 -9999 -9999 -9999 -9999 -9999 66.383 66.77 74.274 81.264 91.957 101.05 98.861 105.922 92.571 84.365 77.188 84.007 84.52 77.849 76.397 74.915 69.2 72.144 74.104 78.226 79.268 81.848 79.34 80.034 82.09 85.604 82.405 76.899 75.185 70.485 72.526 74.931 75.305 71.069 73.989 77.216
-9999 -9999 -9999 -9999 -9999 -9999 -9999 -9999 -9999 -9999 -9999 -9999 -9999 -9999 -9999 -9999 -9999 -9999 -9999 -9999 -9999 108.381 114.673 120.503 144.739 176.403 174.904 171.829 170.789 143.418 117.609 100.002 -9999 -9999 84.234 78.962 67.278 59.834 63.475 63.755 66.744 74.556 82.318 81.703 94.318 94.606 88.991 87.793 95.837 91.792 85.199 85.14 77.456 74.624 70.447 70.633 76.118 78.113 78.971 75.591 76.582 79.396 85.08 84.348 88.196 87.277 80.862 80.619 74.526 76.994 79.369 77.251 88.662 90.41
-9999 -9999 -9999 -9999 -9999 -9999 -9999 -9999 -9999 -9999 -9999 -9999 -9999 -9999 -9999 -9999 -9999 -9999 -9999 -9999 112.269 109.147 103.369 115.766 146.026 166.986 181.382 187.769 172.95 153.694 137.961 115.335 94.956 96.097 90.827 86.287 72.383 67.877 60.848 62.992 68.436 73.208 73.863 82.215 87.397 86.239 87.491 101.335 96.822 95.73 92.056 85.644 82.495 78.122 74.889 73.151 75.711 80.036 78.455 82.346 79.969 78.771 83.506 87.81 91.368 92.501 89.379 84.645 89.407 84.274 81.958 81.614 82.601 92.421
-9999 -9999 -9999 -9999 -9999 -9999 -9999 -9999 -9999 -9999 -9999 -9999 -9999 -9999 -9999 -9999 -9999 -9999 -9999 -9999 113.096 94.48 94.792 103.851 122.467 148.224 160.667 169.749 158.086 149.014 133.513 124.417 122.267 106.992 95.963 84.621 77.929 70.272 63.469 60.822 61.569 66.761 68.559 73.247 74.096 78.715 93.956 93.14 93.849 99.546 96.291 86.923 86.892 84.704 81.192 78.83 79.464 79.557 78.951 80.18 84.4 79.097 80.887 87.694 94.337 97.899 93.299 92.153 93.183 93.666 88.545 81.962 81.29 80.721
-9999 -9999 -9999 -9999 -9999 -9999 -9999 -9999 -9999 -9999 -9999 -9999 -9999 -9999 -9999 -9999 -9999 -9999 -9999 -9999 106.903 94.16 95.79 96.971 111.815 120.554 131.558 133.84 133.971 134.621 133.575 127.16 125.573 113.232 91.169 80.464 74.891 69.434 63.879 58.422 61.104 65.884 65.838 65.479 70.888 82.005 86.204 86.865 85.859 93.137 90.4 94.46 91.216 87.275 82.151 80.434 80.935 83.208 85.988 82.939 82.23 86.864 85.38 89.051 95.876 105.572 100.036 94.089 94.185 90.458 87.159 86.393 80.524 82.015
-9999 -9999 -9999 -9999 -9999 -9999 -9999 -9999 -9999 -9999 -9999 -9999 -9999 -9999 -9999 -9999 109.762 122.034 -9999 113.503 101.613 106.341 103.307 97.112 95.234 101.359 108.498 118.06 126.896 131.216 123.155 120.236 116.269 101.437 89.475 82.855 79.57 75.538 70.161 63.664 67.744 68.901 68.169 67.628 74.15 78.29 82.881 82.334 89.022 92.374 93.277 100.29 97.75 90.562 84.569 83.356 84.676 87.334 83.151 84.803 84.071 86.407 91.247 92.283 95.438 97.724 102.318 94.699 95.663 97.873 93.418 88.73 84.288 80.777
-9999 -9999 -9999 -9999 -9999 -9999 -9999 -9999 -9999 -9999 -9999 -9999 -9999 -9999 -9999 -9999 117.615 124.412 120.475 116.629 116.316 110.809 100.925 95.725 104.074 100.349 108.545 114.882 115.685 124.786 118.029 110.611 108.279 98.8 97.049 106.057 98.143 86.139 76.046 71.274 74.549 75.077 74.11 77.489 84.225 80.316 84.112 83.345 86.403 91.201 97.394 94.066 95.734 90.838 87.477 88.848 89.443 87.828 86.134 83.623 85.68 85.452 86.883 87.726 93.715 99.302 100.359 106.343 101.299 100.736 99.264 94.002 88.442 84.996
-9999 -9999 -9999 -9999 -9999 -9999 -9999 -9999 -9999 -9999 -9999 -9999 -9999 -9999 -9999 107.697 117.139 122.022 126.912 128.596 117.603 112.189 105.189 106.381 104.125 103.051 107.402 105.275 108.516 112.415 103.991 101.597 97.386 97.559 114.909 113.339 109.977 99.483 89.656 83.169 81.825 79.729 81.598 84.88 83.908 86.722 88.124 85.703 90.552 96.394 90.049 90.695 89.877 91.614 94.667 90.993 92.742 93.108 88.33 84.904 86.168 85.015 83.54 84.084 87.236 92.684 97.775 102.157 107.241 102.005 108.688 98.428 100.139 98.941
-9999 -9999 -9999 -9999 -9999 -9999 -9999 -9999 -9999 -9999 -9999 -9999 -9999 -9999 -9999 -9999 104.908 118.07 120.409 116.283 114.077 111.799 104.135 102.07 108.736 102.159 107.767 106.635 103.225 97.048 95.703 98.637 93.329 101.979 111.628 116.033 115.22 111.248 102.473 95.623 87.769 89.221 91.19 90.386 88.057 91.16 93.614 94.567 96.994 92.547 91.109 87.136 86.123 87.579 88.827 91.201 89.498 91.124 89.321 85.531 -9999 85.229 81.881 86.274 84.438 81.487 83.587 87.123 88.311 89.166 87.15 89.748 86.298 94.183
-9999 -9999 -9999 -9999 -9999 -9999 -9999 -9999 -9999 -9999 -9999 -9999 -9999 -9999 -9999 101.109 101.121 106.474 110.368 114.463 117.967 115.421 106.405 105.751 100.044 105.394 101.565 93.806 88.145 89.505 92.839 89.35 90.625 98.614 104.423 112.016 115.816 107.435 102.309 107.767 105.583 103.115 107.365 102.944 105.638 110.587 106.103 100.889 98.633 93.85 88.276 90.235 87.667 88.195 88.022 85.832 89.121 90.545 90.412 85.673 81.267 -9999 76.209 -9999 78.183 -9999 74.739 -9999 80.462 78.309 78.157 74.672 76.256 79.631
-9999 -9999 -9999 -9999 -9999 -9999 -9999 -9999 -9999 -9999 -9999 -9999 -9999 -9999 -9999 101.115 103.943 105.929 106.561 115.535 120.268 120.764 118.774 117.929 112.621 106.794 98.585 92.396 89.752 92.589 87.571 85.616 87.255 97.311 108.051 116.062 109.481 100.363 107.017 104.518 95.844 99.439 100.926 109.38 116.404 115.499 111.998 104.299 101.17 96.892 92.718 89.21 88.962 86.105 85.699 84.535 83.967 85.38 83.775 81.206 78.716 -9999 -9999 72.659 71.941 -9999 -9999 72.067 71.839 73.378 -9999 -9999 -9999 -9999
-9999 -9999 -9999 -9999 -9999 -9999 -9999 -9999 -9999 -9999 -9999 -9999 -9999 -9999 113.881 110.055 113.454 111.11 109.14 111.625 117.975 128.253 140.241 147.269 148.26 129.733 109.976 99.096 104.034 100.864 92.592 83.258 90.021 99.821 112.097 106.81 103.901 98.275 98.914 84.256 82.816 87.551 99.244 109.454 113.316 109.476 104.831 101.01 98.577 90.482 86.217 87.449 88.46 86.135 80.993 78.471 80.966 80.816 -9999 -9999 -9999 81.168 -9999 -9999 -9999 -9999 -9999 -9999 73.432 -9999 -9999 -9999 -9999 -9999
