Validation/Results/raw data/ReClimate_03_2024_2_Temperature-Actuals 2.asc
NCOLS 192
NROWS 249
XLLCENTER -225160.85627316462
YLLCENTER 29788.11610251502
CELLSIZE 5000.0
NODATA_VALUE -9999
[rows 102 to 135 of 249, columns 76 to 151 of 192]
8.118 8.72 8.768 10.769 11.436 -9999 -9999 10.283 -9999 -9999 10.879 8.313 8.004 9.698 8.772 6.556 8.296 7.229 7.193 7.427 7.966 9.733 8.938 8.031 7.062 7.619 8.626 7.932 8.21 9.433 10.292 10.734 10.6 10.067 9.255 10.119 10.4 10.53 10.747 10.582 10.464 -9999 -9999 -9999 -9999 -9999 -9999 -9999 -9999 -9999 -9999 -9999 -9999 -9999 -9999 -9999 -9999 -9999 -9999 -9999 -9999 -9999 -9999 -9999 -9999 -9999 -9999 -9999 -9999 -9999 -9999 -9999 -9999 -9999 -9999 -9999
9.825 9.059 10.404 -9999 -9999 -9999 10.954 9.902 10.528 10.283 10.147 9.038 10.743 10.259 8.53 8.451 8.88 8.927 8.854 8.739 8.756 7.812 8.761 7.966 8.259 8.033 7.661 8.323 9.128 10.021 10.655 10.783 10.433 9.678 10.274 10.788 -9999 -9999 10.893 -9999 -9999 -9999 -9999 -9999 -9999 -9999 -9999 -9999 -9999 -9999 -9999 -9999 -9999 -9999 -9999 -9999 -9999 -9999 -9999 -9999 -9999 -9999 -9999 -9999 -9999 -9999 -9999 -9999 -9999 -9999 -9999 -9999 -9999 -9999 -9999 -9999
9.637 -9999 10.249 -9999 -9999 -9999 10.726 9.929 9.839 9.921 10.507 10.98 9.968 8.657 8.355 8.884 9.304 8.845 8.343 8.863 8.294 9.613 8.789 8.586 9.388 9.82 10.07 9.94 10.401 10.724 10.777 10.899 10.814 10.611 10.928 -9999 10.645 10.702 10.523 10.464 -9999 -9999 -9999 -9999 -9999 -9999 -9999 -9999 -9999 -9999 -9999 -9999 -9999 -9999 -9999 -9999 -9999 -9999 -9999 -9999 -9999 -9999 -9999 -9999 -9999 -9999 -9999 -9999 -9999 -9999 -9999 -9999 -9999 -9999 -9999 -9999
-9999 -9999 -9999 -9999 11.068 10.701 9.861 9.916 9.492 10.001 9.731 8.859 8.253 8.104 9.148 8.99 9.562 8.166 9.339 7.844 9.411 8.263 7.464 9.393 10.052 9.817 10.121 10.661 10.73 10.999 11.148 11.183 11.164 -9999 10.811 10.617 10.673 10.546 10.658 10.365 -9999 -9999 -9999 -9999 -9999 -9999 -9999 -9999 -9999 -9999 -9999 -9999 -9999 -9999 -9999 -9999 -9999 -9999 -9999 -9999 -9999 -9999 -9999 -9999 -9999 -9999 -9999 -9999 -9999 -9999 -9999 -9999 -9999 -9999 -9999 -9999
-9999 -9999 -9999 -9999 10.843 11.155 10.639 9.668 9.825 10.124 8.956 9.816 9.651 9.151 8.227 9.588 9.624 8.751 8.068 8.853 8.84 7.675 8.807 8.718 8.365 9.348 9.896 10.091 10.43 10.608 10.422 10.308 10.076 10.17 10.622 10.861 10.619 10.393 10.479 10.228 10.212 -9999 -9999 -9999 -9999 -9999 -9999 -9999 -9999 -9999 -9999 -9999 -9999 -9999 -9999 -9999 -9999 -9999 -9999 -9999 -9999 -9999 -9999 -9999 -9999 -9999 -9999 -9999 -9999 -9999 -9999 -9999 -9999 -9999 -9999 -9999
-9999 -9999 -9999 10.757 -9999 -9999 10.436 9.758 10.43 9.321 9.78 -9999 -9999 8.645 8.346 9.099 9.61 8.724 8.99 9.276 8.933 9.309 10.114 9.426 9.647 9.964 10.246 9.779 9.227 8.83 9.129 9.309 9.791 10.133 10.279 10.793 10.251 10.234 10.007 10.06 10.108 10.175 -9999 -9999 -9999 -9999 -9999 -9999 -9999 -9999 -9999 -9999 -9999 -9999 -9999 -9999 -9999 -9999 -9999 -9999 -9999 -9999 -9999 -9999 -9999 -9999 -9999 -9999 -9999 -9999 -9999 -9999 -9999 -9999 -9999 -9999
-9999 -9999 -9999 10.771 -9999 10.861 10.359 10.565 9.322 9.359 10.773 10.905 9.146 8.376 9.237 11.095 9.146 7.915 9.948 9.955 9.553 10.217 10.495 10.585 10.777 10.599 9.389 8.28 8.302 8.941 9.406 10.019 10.236 10.05 10.209 10.307 10.329 10.569 10.684 10.642 10.59 -9999 -9999 -9999 -9999 -9999 -9999 -9999 -9999 -9999 -9999 -9999 -9999 -9999 -9999 -9999 -9999 -9999 -9999 -9999 -9999 -9999 -9999 -9999 -9999 -9999 -9999 -9999 -9999 -9999 -9999 -9999 -9999 -9999 -9999 -9999
-9999 -9999 -9999 10.784 -9999 10.81 11.089 10.356 10.034 10.654 -9999 9.289 9.573 -9999 9.424 9.487 9.252 10.193 8.978 10.188 10.606 11.037 11.158 11.359 11.402 10.828 9.747 10.228 10.506 10.491 10.25 10.074 10.308 10.186 10.434 10.515 10.648 -9999 -9999 -9999 -9999 -9999 -9999 -9999 -9999 -9999 -9999 -9999 -9999 -9999 -9999 -9999 -9999 -9999 -9999 -9999 -9999 -9999 -9999 -9999 -9999 -9999 -9999 -9999 -9999 -9999 -9999 -9999 -9999 -9999 -9999 -9999 -9999 -9999 -9999 -9999
-9999 10.474 10.502 -9999 -9999 11.246 11.005 10.474 10.847 10.752 8.915 9.396 8.436 -9999 10.133 9.351 10.09 10.177 10.046 10.268 10.812 10.721 10.562 10.444 10.633 11.084 11.378 11.397 11.175 10.702 10.212 10.109 10.242 10.3 10.414 10.612 -9999 -9999 -9999 -9999 -9999 -9999 -9999 -9999 -9999 -9999 -9999 -9999 -9999 -9999 -9999 -9999 -9999 -9999 -9999 -9999 -9999 -9999 -9999 -9999 -9999 -9999 -9999 -9999 -9999 -9999 -9999 -9999 -9999 -9999 -9999 -9999 -9999 -9999 -9999 -9999
10.867 10.595 10.73 -9999 11.183 9.998 10.093 10.836 -9999 9.358 9.715 8.679 8.638 -9999 9.816 9.133 10.309 11.304 11.157 11.197 10.918 10.531 10.115 9.486 9.991 10.83 11.299 -9999 11.352 10.936 10.69 10.587 10.377 9.943 10.261 -9999 -9999 -9999 -9999 -9999 -9999 -9999 -9999 -9999 -9999 -9999 -9999 -9999 -9999 -9999 -9999 -9999 -9999 -9999 -9999 -9999 -9999 -9999 -9999 -9999 -9999 -9999 -9999 -9999 -9999 -9999 -9999 -9999 -9999 -9999 -9999 -9999 -9999 -9999 -9999 -9999
10.988 10.991 -9999 -9999 10.573 9.381 10.266 -9999 10.122 9.858 9.757 9.193 9.646 -9999 10.766 10.684 11.126 11.39 11.223 10.973 10.594 8.917 8.795 9.059 9.693 10.716 11.365 11.5 11.612 -9999 -9999 11.097 10.691 -9999 -9999 -9999 -9999 -9999 -9999 10.605 10.543 10.669 -9999 -9999 -9999 -9999 -9999 -9999 -9999 -9999 -9999 -9999 -9999 -9999 -9999 -9999 -9999 -9999 -9999 -9999 -9999 -9999 -9999 -9999 -9999 -9999 -9999 -9999 -9999 -9999 -9999 -9999 -9999 -9999 -9999 -9999
10.3 -9999 -9999 10.168 9.787 10.563 10.024 -9999 10.154 9.698 10.446 10.439 9.335 -9999 -9999 -9999 11.475 11.009 10.343 10.253 10.024 10.041 10.376 10.41 10.806 10.928 10.864 11.011 11.287 11.319 11.036 10.834 10.966 -9999 -9999 -9999 -9999 -9999 10.625 10.536 10.446 10.746 10.763 -9999 -9999 -9999 -9999 -9999 -9999 -9999 -9999 -9999 -9999 -9999 -9999 -9999 -9999 -9999 -9999 -9999 -9999 -9999 -9999 -9999 -9999 -9999 -9999 -9999 -9999 -9999 -9999 -9999 -9999 -9999 -9999 -9999
10.341 -9999 -9999 -9999 11.07 9.84 10.263 -9999 10.091 -9999 10.824 9.756 10.69 -9999 11.23 10.79 10.679 -9999 10.843 11.14 11.069 11.214 11.072 11.104 10.974 10.703 10.394 10.535 10.689 10.264 10.241 10.747 11.023 11.111 11.002 11.017 -9999 10.776 10.556 10.459 10.604 10.359 9.976 9.844 10.674 -9999 -9999 -9999 -9999 -9999 -9999 -9999 -9999 -9999 -9999 -9999 -9999 -9999 -9999 -9999 -9999 -9999 -9999 -9999 -9999 -9999 -9999 -9999 -9999 -9999 -9999 -9999 -9999 -9999 -9999 -9999
-9999 -9999 -9999 -9999 10.101 9.476 10.646 -9999 11.072 -9999 10.886 11.23 -9999 10.969 10.112 9.815 10.647 11.183 11.422 11.398 11.621 11.473 11.167 11.121 10.789 10.189 10.013 10.102 10.124 10.138 10.396 10.644 10.681 10.614 10.464 10.867 10.838 10.384 10.414 10.382 10.236 9.598 9.261 9.087 9.478 10.291 10.346 10.108 -9999 -9999 -9999 -9999 -9999 -9999 -9999 -9999 -9999 -9999 -9999 -9999 -9999 -9999 -9999 -9999 -9999 -9999 -9999 -9999 -9999 -9999 -9999 -9999 -9999 -9999 -9999 -9999
-9999 -9999 -9999 -9999 10.06 10.752 10.431 10.196 -9999 -9999 11.512 11.42 -9999 10.846 9.516 9.437 10.471 10.931 11.443 11.745 11.619 11.491 11.634 11.399 10.901 10.37 9.79 9.771 9.846 10.034 10.054 9.873 9.705 9.433 10.025 10.642 10.509 10.237 10.102 9.727 8.698 8.531 8.973 9.03 9.458 9.508 10.011 10.14 10.029 -9999 -9999 -9999 -9999 -9999 -9999 -9999 -9999 -9999 -9999 -9999 -9999 -9999 -9999 -9999 -9999 -9999 -9999 -9999 -9999 -9999 -9999 -9999 -9999 -9999 -9999 -9999
-9999 -9999 -9999 -9999 10.683 10.744 9.978 11.056 -9999 -9999 11.373 11.428 -9999 -9999 9.658 9.955 10.782 10.796 10.784 10.988 11.081 11.242 10.997 11.358 11.323 10.693 10.216 9.748 9.538 9.337 9.353 8.973 8.926 9.501 9.956 10.016 9.928 9.682 9.326 8.755 8.635 8.606 8.997 9.282 9.643 10.222 10.3 10.011 9.988 -9999 -9999 -9999 -9999 -9999 -9999 -9999 -9999 -9999 -9999 -9999 -9999 -9999 -9999 -9999 -9999 -9999 -9999 -9999 -9999 -9999 -9999 -9999 -9999 -9999 -9999 -9999
-9999 -9999 -9999 -9999 11.057 10.36 10.628 -9999 -9999 -9999 -9999 11.379 -9999 11.017 10.073 10.874 11.114 10.6 10.366 10.206 10.534 10.528 10.617 10.776 11.014 10.965 10.19 9.677 9.559 9.548 9.144 8.894 9.332 9.64 9.525 9.395 8.848 8.935 9.158 9.366 9.281 9.109 9.339 9.571 10.029 10.511 10.477 10.401 10.416 10.082 -9999 -9999 -9999 -9999 -9999 -9999 -9999 -9999 -9999 -9999 -9999 -9999 -9999 -9999 -9999 -9999 -9999 -9999 -9999 -9999 -9999 -9999 -9999 -9999 -9999 -9999
-9999 -9999 10.257 10.302 10.201 10.669 -9999 -9999 10.083 -9999 -9999 -9999 -9999 11.077 10.844 11.211 11.107 10.829 10.349 10.0 9.867 9.709 9.759 10.179 10.487 10.654 10.652 9.993 9.901 9.71 9.572 9.768 9.697 9.256 9.302 8.344 7.971 8.535 9.045 9.42 9.711 9.627 9.797 9.805 10.177 10.571 10.695 10.694 10.576 10.406 -9999 -9999 -9999 -9999 -9999 -9999 -9999 -9999 -9999 -9999 -9999 -9999 -9999 -9999 -9999 -9999 -9999 -9999 -9999 -9999 -9999 -9999 -9999 -9999 -9999 -9999
-9999 -9999 -9999 9.897 10.101 10.986 -9999 10.34 9.394 9.986 -9999 -9999 -9999 -9999 11.367 11.392 11.402 11.153 10.771 10.345 9.8 9.632 9.832 10.09 10.241 10.533 10.31 10.424 10.092 9.778 9.54 9.577 9.152 9.807 9.317 9.164 8.956 8.435 8.705 9.555 9.816 10.158 10.231 10.241 10.434 10.678 10.771 10.768 10.494 10.412 10.329 -9999 -9999 -9999 -9999 -9999 -9999 -9999 -9999 -9999 -9999 -9999 -9999 -9999 -9999 -9999 -9999 -9999 -9999 -9999 -9999 -9999 -9999 -9999 -9999 -9999
-9999 -9999 -9999 10.276 10.142 10.516 -9999 10.697 9.596 10.367 -9999 -9999 -9999 -9999 -9999 11.423 11.469 11.417 11.32 10.976 10.601 10.248 9.811 9.385 9.577 9.969 10.281 10.206 9.832 9.491 9.544 9.407 9.566 9.916 9.707 9.623 9.589 9.901 9.899 10.131 10.201 10.509 10.39 10.593 10.969 10.986 10.955 10.801 10.584 10.188 10.241 10.366 -9999 -9999 -9999 -9999 -9999 -9999 -9999 -9999 -9999 -9999 -9999 -9999 -9999 -9999 -9999 -9999 -9999 -9999 -9999 -9999 -9999 -9999 -9999 -9999
-9999 -9999 -9999 10.11 9.65 -9999 -9999 11.154 10.276 9.919 10.802 -9999 -9999 -9999 -9999 -9999 11.376 11.204 11.038 10.956 10.269 9.614 9.261 8.929 9.068 9.48 9.87 9.612 9.71 9.534 9.228 9.246 9.658 8.306 9.168 9.013 9.754 9.32 9.852 10.35 10.272 10.531 10.794 11.012 10.873 10.57 10.451 10.545 10.317 10.467 9.878 10.225 10.392 10.479 -9999 -9999 -9999 -9999 -9999 -9999 -9999 -9999 -9999 -9999 -9999 -9999 -9999 -9999 -9999 -9999 -9999 -9999 -9999 -9999 -9999 -9999
-9999 -9999 -9999 9.758 10.343 -9999 -9999 10.46 9.551 9.711 -9999 -9999 -9999 -9999 -9999 -9999 11.317 11.107 10.967 10.728 10.153 9.861 9.784 9.476 9.387 9.316 9.392 9.482 9.535 8.659 8.099 9.022 8.036 7.558 8.02 9.195 9.123 9.825 10.57 10.157 10.261 10.569 10.577 10.662 10.723 10.503 10.405 9.801 9.499 10.046 9.902 9.741 10.285 10.484 -9999 -9999 -9999 -9999 -9999 -9999 -9999 -9999 -9999 -9999 -9999 -9999 -9999 -9999 -9999 -9999 -9999 -9999 -9999 -9999 -9999 -9999
-9999 -9999 -9999 10.029 10.774 -9999 -9999 -9999 10.578 10.321 10.444 -9999 -9999 -9999 -9999 -9999 11.365 11.143 10.981 10.772 10.411 10.249 9.657 8.928 8.674 9.155 9.107 9.636 9.485 8.8 8.677 9.114 7.598 8.179 8.899 8.641 9.146 10.209 9.972 10.221 10.186 10.345 10.666 10.513 10.305 10.291 9.843 8.491 8.652 9.132 9.843 9.816 10.021 10.328 -9999 -9999 -9999 -9999 -9999 -9999 -9999 -9999 -9999 -9999 -9999 -9999 -9999 -9999 -9999 -9999 -9999 -9999 -9999 -9999 -9999 -9999
-9999 -9999 9.676 9.999 10.516 -9999 -9999 -9999 -9999 -9999 -9999 -9999 -9999 -9999 -9999 -9999 11.073 10.844 10.777 10.545 10.26 10.05 9.342 8.967 8.956 9.251 9.415 9.159 9.146 8.408 8.6 7.937 7.582 8.232 8.93 8.672 9.159 9.42 9.924 9.948 10.341 10.331 10.216 10.368 10.052 9.892 8.8 8.484 8.17 9.218 10.048 10.218 10.159 10.209 10.661 -9999 -9999 -9999 -9999 -9999 -9999 -9999 -9999 -9999 -9999 -9999 -9999 -9999 -9999 -9999 -9999 -9999 -9999 -9999 -9999 -9999
-9999 9.586 9.617 9.618 10.63 -9999 -9999 -9999 -9999 -9999 -9999 -9999 -9999 -9999 11.316 11.127 11.017 10.629 10.121 9.754 9.878 9.872 9.767 9.616 10.04 9.609 8.808 8.912 8.886 8.877 9.246 8.752 7.851 9.167 8.983 8.987 9.159 9.593 9.978 10.395 9.913 10.002 10.2 10.039 9.766 9.031 8.827 8.694 8.681 9.347 10.342 10.536 10.287 10.278 10.503 -9999 -9999 -9999 -9999 -9999 -9999 -9999 -9999 -9999 -9999 -9999 -9999 -9999 -9999 -9999 -9999 -9999 -9999 -9999 -9999 -9999
-9999 9.587 10.092 10.892 -9999 -9999 -9999 -9999 -9999 -9999 -9999 -9999 -9999 -9999 11.286 11.379 11.072 10.31 9.851 9.857 9.201 8.827 8.924 8.943 9.346 9.522 9.718 9.527 9.01 9.35 9.863 9.516 9.133 8.443 8.939 8.743 9.38 9.752 10.389 10.026 9.881 9.985 9.837 9.368 8.75 8.408 8.815 9.171 9.49 9.976 9.965 9.97 10.207 10.264 10.419 -9999 -9999 -9999 -9999 -9999 -9999 -9999 -9999 -9999 -9999 -9999 -9999 -9999 -9999 -9999 -9999 -9999 -9999 -9999 -9999 -9999
-9999 -9999 -9999 -9999 -9999 -9999 -9999 -9999 -9999 -9999 -9999 -9999 -9999 -9999 11.332 11.292 10.396 10.219 9.987 9.69 8.742 8.634 8.049 8.475 8.901 9.432 9.742 9.412 8.148 8.761 10.095 10.135 8.825 8.765 9.048 9.126 9.092 9.812 9.381 9.226 9.52 9.115 8.75 8.363 9.038 9.022 9.075 9.267 9.511 10.274 10.418 10.245 10.348 10.594 10.615 -9999 -9999 -9999 -9999 -9999 -9999 -9999 -9999 -9999 -9999 -9999 -9999 -9999 -9999 -9999 -9999 -9999 -9999 -9999 -9999 -9999
-9999 -9999 -9999 -9999 -9999 -9999 -9999 -9999 -9999 -9999 -9999 -9999 -9999 11.092 10.778 10.104 10.13 9.697 9.878 9.724 9.5 8.467 8.506 8.404 8.792 9.189 10.218 9.789 9.211 9.455 10.012 10.175 9.727 9.517 9.381 9.197 9.241 8.78 9.469 9.721 9.456 9.099 8.009 8.836 8.609 8.919 9.416 9.414 9.546 9.463 10.218 10.603 10.737 10.759 10.765 -9999 -9999 -9999 -9999 -9999 -9999 -9999 -9999 -9999 -9999 -9999 -9999 -9999 -9999 -9999 -9999 -9999 -9999 -9999 -9999 -9999
-9999 -9999 -9999 -9999 -9999 -9999 -9999 -9999 -9999 -9999 -9999 -9999 -9999 10.662 10.4 10.025 9.115 9.378 9.859 9.722 8.906 9.535 9.059 8.915 9.275 9.778 10.761 10.623 10.07 9.772 9.872 10.615 10.283 10.08 9.919 9.806 9.035 9.934 9.376 9.748 9.688 8.281 9.392 8.927 9.006 9.453 9.52 9.882 9.648 9.25 9.759 10.297 10.482 10.674 10.825 -9999 -9999 -9999 -9999 -9999 -9999 -9999 -9999 -9999 -9999 -9999 -9999 -9999 -9999 -9999 -9999 -9999 -9999 -9999 -9999 -9999
-9999 -9999 -9999 -9999 -9999 -9999 -9999 -9999 -9999 -9999 -9999 -9999 10.796 10.356 10.506 9.505 9.712 9.364 8.455 8.92 9.482 9.77 9.366 9.622 9.765 9.82 10.274 10.405 10.123 10.151 10.949 10.939 10.566 10.051 9.974 9.249 10.204 9.898 9.467 10.159 9.026 8.871 9.56 9.789 9.98 9.561 9.596 9.682 9.379 9.633 9.974 10.356 10.542 10.677 10.86 10.863 -9999 -9999 -9999 -9999 -9999 -9999 -9999 -9999 -9999 -9999 -9999 -9999 -9999 -9999 -9999 -9999 -9999 -9999 -9999 -9999
-9999 -9999 -9999 -9999 -9999 -9999 -9999 -9999 -9999 -9999 -9999 10.658 10.501 10.489 10.502 10.32 10.109 9.381 9.37 9.226 8.955 10.243 10.277 10.128 9.824 9.828 10.148 10.496 10.917 11.119 10.847 11.114 10.768 10.326 9.995 10.247 10.561 10.284 10.298 10.45 9.274 8.946 9.284 9.445 9.581 9.668 9.964 9.871 9.541 9.923 10.131 10.351 10.542 10.823 10.931 10.97 -9999 -9999 -9999 -9999 -9999 -9999 -9999 -9999 -9999 -9999 -9999 -9999 -9999 -9999 -9999 -9999 -9999 -9999 -9999 -9999
-9999 -9999 -9999 -9999 -9999 -9999 -9999 -9999 -9999 -9999 -9999 10.518 9.439 10.271 10.428 10.534 10.719 10.045 8.786 8.945 10.05 10.365 10.674 10.459 10.228 10.044 9.88 11.013 11.368 11.14 11.213 10.839 10.899 10.46 10.568 10.559 10.863 10.695 10.79 10.266 9.867 9.418 9.281 9.469 9.514 10.031 10.346 10.146 10.02 9.962 10.106 10.447 10.819 10.867 10.917 10.951 -9999 -9999 -9999 -9999 -9999 -9999 -9999 -9999 -9999 -9999 -9999 -9999 -9999 -9999 -9999 -9999 -9999 -9999 -9999 -9999
-9999 -9999 -9999 -9999 -9999 -9999 -9999 -9999 -9999 -9999 10.615 9.561 9.916 10.091 10.271 10.679 10.88 10.011 9.479 9.811 9.885 10.416 10.613 10.756 10.408 10.061 10.737 10.965 11.209 11.675 11.226 11.159 10.979 11.028 10.911 10.988 11.165 11.153 10.739 10.834 10.246 9.489 9.693 9.662 9.78 9.849 10.29 10.41 10.706 10.357 10.326 10.561 10.913 11.101 10.996 10.933 11.069 -9999 -9999 -9999 -9999 -9999 -9999 -9999 -9999 -9999 -9999 -9999 -9999 -9999 -9999 -9999 -9999 -9999 -9999 -9999
-9999 -9999 -9999 -9999 -9999 -9999 -9999 -9999 -9999 10.782 -9999 10.505 10.082 10.113 10.306 10.782 11.172 10.783 10.681 10.05 9.595 10.245 10.773 10.972 10.951 10.991 11.075 11.08 11.29 11.47 11.205 11.413 11.395 11.371 11.33 11.445 11.506 11.411 11.254 10.944 10.52 10.491 10.198 10.087 10.01 10.274 10.634 11.202 10.628 10.274 10.544 10.752 10.938 11.111 11.232 11.191 11.034 -9999 -9999 -9999 -9999 -9999 -9999 -9999 -9999 -9999 -9999 -9999 -9999 -9999 -9999 -9999 -9999 -9999 -9999 -9999
