Validation/Results/raw data/ReClimate_06_2024_2.asc
NCOLS 192
NROWS 249
XLLCENTER -225160.85627316462
YLLCENTER 29788.11610251502
CELLSIZE 5000.0
NODATA_VALUE -9999
[rows 102 to 135 of 249, columns 75 to 149 of 192]
95.833 95.827 95.822 95.818 95.816 95.8 -9999 -9999 95.692 -9999 -9999 95.508 95.431 95.384 95.335 95.284 95.231 95.176 95.117 95.056 94.996 94.949 94.905 94.859 94.809 94.757 94.701 94.641 94.578 94.511 94.44 94.364 94.283 94.196 94.103 94.003 93.895 93.78 93.667 93.565 93.464 93.371 -9999 -9999 -9999 -9999 -9999 -9999 -9999 -9999 -9999 -9999 -9999 -9999 -9999 -9999 -9999 -9999 -9999 -9999 -9999 -9999 -9999 -9999 -9999 -9999 -9999 -9999 -9999 -9999 -9999 -9999 -9999 -9999 -9999
95.794 95.789 95.786 95.783 -9999 -9999 -9999 95.725 95.694 95.665 95.596 95.502 95.422 95.338 95.272 95.221 95.168 95.112 95.054 94.994 94.94 94.896 94.853 94.807 94.758 94.706 94.65 94.591 94.527 94.459 94.387 94.31 94.228 94.139 94.044 93.941 93.83 -9999 -9999 93.486 -9999 -9999 -9999 -9999 -9999 -9999 -9999 -9999 -9999 -9999 -9999 -9999 -9999 -9999 -9999 -9999 -9999 -9999 -9999 -9999 -9999 -9999 -9999 -9999 -9999 -9999 -9999 -9999 -9999 -9999 -9999 -9999 -9999 -9999 -9999
95.757 95.753 -9999 95.75 -9999 -9999 -9999 95.727 95.696 95.661 95.598 95.509 95.419 95.333 95.252 95.17 95.104 95.049 94.995 94.939 94.887 94.846 94.804 94.759 94.71 94.658 94.602 94.542 94.478 94.41 94.337 94.259 94.175 94.085 93.987 93.882 -9999 93.643 93.521 93.41 93.347 -9999 -9999 -9999 -9999 -9999 -9999 -9999 -9999 -9999 -9999 -9999 -9999 -9999 -9999 -9999 -9999 -9999 -9999 -9999 -9999 -9999 -9999 -9999 -9999 -9999 -9999 -9999 -9999 -9999 -9999 -9999 -9999 -9999 -9999
95.72 -9999 -9999 -9999 -9999 95.727 95.73 95.717 95.694 95.66 95.598 95.512 95.427 95.342 95.255 95.171 95.088 95.009 94.941 94.885 94.836 94.798 94.756 94.712 94.663 94.611 94.555 94.495 94.431 94.362 94.288 94.209 94.124 94.033 -9999 93.827 93.71 93.583 93.459 93.352 93.333 -9999 -9999 -9999 -9999 -9999 -9999 -9999 -9999 -9999 -9999 -9999 -9999 -9999 -9999 -9999 -9999 -9999 -9999 -9999 -9999 -9999 -9999 -9999 -9999 -9999 -9999 -9999 -9999 -9999 -9999 -9999 -9999 -9999 -9999
-9999 -9999 -9999 -9999 -9999 95.698 95.703 95.701 95.692 95.66 95.601 95.517 95.434 95.353 95.272 95.19 95.109 95.025 94.946 94.867 94.8 94.751 94.711 94.666 94.618 94.566 94.51 94.45 94.385 94.315 94.241 94.161 94.075 93.982 93.882 93.774 93.658 93.545 93.454 93.385 93.334 93.315 -9999 -9999 -9999 -9999 -9999 -9999 -9999 -9999 -9999 -9999 -9999 -9999 -9999 -9999 -9999 -9999 -9999 -9999 -9999 -9999 -9999 -9999 -9999 -9999 -9999 -9999 -9999 -9999 -9999 -9999 -9999 -9999 -9999
-9999 -9999 -9999 -9999 95.658 -9999 -9999 95.682 95.679 95.662 95.607 95.524 -9999 -9999 95.288 95.216 95.141 95.064 94.982 94.897 94.828 94.771 94.714 94.655 94.594 94.532 94.468 94.405 94.339 94.269 94.194 94.116 94.038 93.956 93.87 93.779 93.687 93.6 93.529 93.473 93.422 93.374 93.353 -9999 -9999 -9999 -9999 -9999 -9999 -9999 -9999 -9999 -9999 -9999 -9999 -9999 -9999 -9999 -9999 -9999 -9999 -9999 -9999 -9999 -9999 -9999 -9999 -9999 -9999 -9999 -9999 -9999 -9999 -9999 -9999
-9999 -9999 -9999 -9999 95.626 -9999 95.643 95.655 95.663 95.659 95.614 95.534 95.455 95.38 95.308 95.239 95.17 95.1 95.026 94.952 94.885 94.822 94.758 94.695 94.63 94.565 94.5 94.434 94.367 94.297 94.225 94.153 94.079 94.003 93.925 93.844 93.761 93.68 93.615 93.561 93.51 93.461 -9999 -9999 -9999 -9999 -9999 -9999 -9999 -9999 -9999 -9999 -9999 -9999 -9999 -9999 -9999 -9999 -9999 -9999 -9999 -9999 -9999 -9999 -9999 -9999 -9999 -9999 -9999 -9999 -9999 -9999 -9999 -9999 -9999
-9999 -9999 -9999 -9999 95.594 -9999 95.615 95.627 95.64 95.647 95.619 -9999 95.47 95.398 -9999 95.264 95.198 95.133 95.066 95.001 94.944 94.882 94.819 94.756 94.691 94.626 94.561 94.494 94.427 94.359 94.289 94.218 94.145 94.071 93.995 93.916 93.836 93.761 -9999 -9999 -9999 -9999 -9999 -9999 -9999 -9999 -9999 -9999 -9999 -9999 -9999 -9999 -9999 -9999 -9999 -9999 -9999 -9999 -9999 -9999 -9999 -9999 -9999 -9999 -9999 -9999 -9999 -9999 -9999 -9999 -9999 -9999 -9999 -9999 -9999
-9999 -9999 95.547 95.553 -9999 -9999 95.583 95.597 95.611 95.627 95.611 95.561 95.488 95.419 -9999 95.29 95.228 95.166 95.104 95.051 95.001 94.943 94.881 94.817 94.753 94.688 94.623 94.557 94.49 94.422 94.353 94.284 94.213 94.14 94.066 93.99 93.911 -9999 -9999 -9999 -9999 -9999 -9999 -9999 -9999 -9999 -9999 -9999 -9999 -9999 -9999 -9999 -9999 -9999 -9999 -9999 -9999 -9999 -9999 -9999 -9999 -9999 -9999 -9999 -9999 -9999 -9999 -9999 -9999 -9999 -9999 -9999 -9999 -9999 -9999
-9999 95.499 95.508 95.518 -9999 95.539 95.551 95.567 95.582 -9999 95.599 95.565 95.508 95.441 -9999 95.317 95.258 95.199 95.144 95.1 95.055 95.003 94.944 94.88 94.815 94.75 94.685 94.619 -9999 94.486 94.418 94.35 94.28 94.21 94.137 94.064 -9999 -9999 -9999 -9999 -9999 -9999 -9999 -9999 -9999 -9999 -9999 -9999 -9999 -9999 -9999 -9999 -9999 -9999 -9999 -9999 -9999 -9999 -9999 -9999 -9999 -9999 -9999 -9999 -9999 -9999 -9999 -9999 -9999 -9999 -9999 -9999 -9999 -9999 -9999
-9999 95.46 95.47 -9999 -9999 95.506 95.52 95.535 -9999 95.57 95.58 95.564 95.517 95.465 -9999 95.346 95.29 95.235 95.188 95.148 95.107 95.06 95.007 94.943 94.878 94.813 94.748 94.682 94.617 94.551 -9999 -9999 94.349 94.28 -9999 -9999 -9999 -9999 -9999 -9999 93.848 93.816 93.766 -9999 -9999 -9999 -9999 -9999 -9999 -9999 -9999 -9999 -9999 -9999 -9999 -9999 -9999 -9999 -9999 -9999 -9999 -9999 -9999 -9999 -9999 -9999 -9999 -9999 -9999 -9999 -9999 -9999 -9999 -9999 -9999
95.406 95.419 -9999 -9999 95.457 95.471 95.486 95.502 -9999 95.54 95.559 95.554 95.52 95.478 -9999 -9999 -9999 95.273 95.235 95.198 95.159 95.116 95.065 95.008 94.942 94.876 94.811 94.746 94.681 94.616 94.551 94.485 94.419 94.351 -9999 -9999 -9999 -9999 -9999 93.92 93.905 93.866 93.818 93.753 -9999 -9999 -9999 -9999 -9999 -9999 -9999 -9999 -9999 -9999 -9999 -9999 -9999 -9999 -9999 -9999 -9999 -9999 -9999 -9999 -9999 -9999 -9999 -9999 -9999 -9999 -9999 -9999 -9999 -9999 -9999
95.363 95.375 -9999 -9999 -9999 95.433 95.45 95.468 -9999 95.51 -9999 95.536 95.515 95.483 -9999 95.406 95.357 95.315 -9999 95.25 95.212 95.17 95.122 95.068 95.005 94.94 94.874 94.81 94.745 94.682 94.615 94.538 94.457 94.377 94.294 94.203 94.136 -9999 94.018 93.977 93.929 93.872 93.792 93.696 93.597 93.493 -9999 -9999 -9999 -9999 -9999 -9999 -9999 -9999 -9999 -9999 -9999 -9999 -9999 -9999 -9999 -9999 -9999 -9999 -9999 -9999 -9999 -9999 -9999 -9999 -9999 -9999 -9999 -9999 -9999
95.315 -9999 -9999 -9999 -9999 95.394 95.412 95.431 -9999 95.478 -9999 95.517 95.51 -9999 95.451 95.418 95.387 95.36 95.331 95.302 95.267 95.223 95.176 95.125 95.069 95.003 94.938 94.873 94.802 94.717 94.63 94.543 94.457 94.374 94.291 94.215 94.153 94.095 94.04 93.981 93.904 93.803 93.701 93.6 93.497 93.391 93.273 93.089 92.842 -9999 -9999 -9999 -9999 -9999 -9999 -9999 -9999 -9999 -9999 -9999 -9999 -9999 -9999 -9999 -9999 -9999 -9999 -9999 -9999 -9999 -9999 -9999 -9999 -9999 -9999
95.264 -9999 -9999 -9999 -9999 95.352 95.372 95.393 95.418 -9999 -9999 95.496 95.499 -9999 95.449 95.425 95.406 95.392 95.376 95.351 95.317 95.272 95.225 95.179 95.126 95.066 94.992 94.9 94.804 94.712 94.622 94.536 94.451 94.368 94.287 94.218 94.158 94.1 94.033 93.931 93.823 93.717 93.611 93.505 93.396 93.284 93.163 93.032 92.885 92.67 -9999 -9999 -9999 -9999 -9999 -9999 -9999 -9999 -9999 -9999 -9999 -9999 -9999 -9999 -9999 -9999 -9999 -9999 -9999 -9999 -9999 -9999 -9999 -9999 -9999
-9999 -9999 -9999 -9999 -9999 95.308 95.329 95.353 95.382 -9999 -9999 95.468 95.48 -9999 -9999 95.427 95.418 95.41 95.397 95.383 95.356 95.316 95.272 95.229 95.176 95.094 94.99 94.89 94.794 94.702 94.613 94.527 94.443 94.36 94.283 94.221 94.158 94.079 93.964 93.852 93.742 93.632 93.522 93.411 93.297 93.178 93.052 92.917 92.772 92.614 -9999 -9999 -9999 -9999 -9999 -9999 -9999 -9999 -9999 -9999 -9999 -9999 -9999 -9999 -9999 -9999 -9999 -9999 -9999 -9999 -9999 -9999 -9999 -9999 -9999
-9999 -9999 -9999 -9999 -9999 95.261 95.285 95.312 -9999 -9999 -9999 -9999 95.465 -9999 95.447 95.435 95.426 95.418 95.409 95.397 95.376 95.35 95.316 95.259 95.171 95.076 94.977 94.877 94.782 94.69 94.602 94.516 94.432 94.352 94.284 94.216 94.125 94.005 93.888 93.774 93.66 93.547 93.434 93.317 93.198 93.073 92.942 92.804 92.656 92.495 92.365 -9999 -9999 -9999 -9999 -9999 -9999 -9999 -9999 -9999 -9999 -9999 -9999 -9999 -9999 -9999 -9999 -9999 -9999 -9999 -9999 -9999 -9999 -9999 -9999
-9999 -9999 -9999 95.168 95.189 95.212 95.238 -9999 -9999 95.333 -9999 -9999 -9999 -9999 95.453 95.444 95.435 95.426 95.416 95.404 95.388 95.363 95.305 95.223 95.142 95.057 94.962 94.863 94.767 94.676 94.588 94.503 94.42 94.346 94.276 94.176 94.052 93.931 93.812 93.696 93.579 93.463 93.344 93.223 93.099 92.97 92.836 92.695 92.544 92.38 92.259 -9999 -9999 -9999 -9999 -9999 -9999 -9999 -9999 -9999 -9999 -9999 -9999 -9999 -9999 -9999 -9999 -9999 -9999 -9999 -9999 -9999 -9999 -9999 -9999
-9999 -9999 -9999 -9999 95.135 95.158 95.188 -9999 95.259 95.293 95.326 -9999 -9999 -9999 -9999 95.453 95.444 95.435 95.425 95.413 95.389 95.326 95.248 95.171 95.094 95.015 94.93 94.838 94.747 94.659 94.572 94.487 94.408 94.336 94.234 94.104 93.979 93.857 93.736 93.616 93.496 93.375 93.253 93.129 93.001 92.87 92.733 92.589 92.434 92.271 92.148 92.05 -9999 -9999 -9999 -9999 -9999 -9999 -9999 -9999 -9999 -9999 -9999 -9999 -9999 -9999 -9999 -9999 -9999 -9999 -9999 -9999 -9999 -9999 -9999
-9999 -9999 -9999 -9999 95.076 95.102 95.135 -9999 95.212 95.249 95.285 -9999 -9999 -9999 -9999 -9999 95.456 95.446 95.436 95.414 95.345 95.266 95.189 95.112 95.037 94.962 94.882 94.796 94.708 94.622 94.538 94.458 94.385 94.287 94.153 94.025 93.9 93.776 93.654 93.532 93.41 93.287 93.162 93.036 92.906 92.771 92.631 92.484 92.326 92.166 92.049 91.95 91.834 -9999 -9999 -9999 -9999 -9999 -9999 -9999 -9999 -9999 -9999 -9999 -9999 -9999 -9999 -9999 -9999 -9999 -9999 -9999 -9999 -9999 -9999
-9999 -9999 -9999 -9999 95.002 95.041 -9999 -9999 95.162 95.201 95.241 95.282 -9999 -9999 -9999 -9999 -9999 95.46 95.438 95.367 95.286 95.207 95.13 95.055 94.98 94.906 94.83 94.747 94.66 94.576 94.496 94.425 94.335 94.199 94.069 93.943 93.818 93.695 93.572 93.449 93.325 93.2 93.073 92.943 92.811 92.673 92.53 92.379 92.219 92.064 91.954 91.85 91.733 91.618 91.502 -9999 -9999 -9999 -9999 -9999 -9999 -9999 -9999 -9999 -9999 -9999 -9999 -9999 -9999 -9999 -9999 -9999 -9999 -9999 -9999
-9999 -9999 -9999 -9999 94.932 94.974 -9999 -9999 95.108 95.153 95.205 -9999 -9999 -9999 -9999 -9999 -9999 95.466 95.396 95.311 95.229 95.15 95.072 94.997 94.922 94.849 94.775 94.696 94.61 94.529 94.457 94.378 94.247 94.115 93.988 93.863 93.74 93.616 93.492 93.367 93.241 93.113 92.983 92.851 92.715 92.575 92.428 92.274 92.11 91.959 91.837 91.729 91.615 91.503 91.391 -9999 -9999 -9999 -9999 -9999 -9999 -9999 -9999 -9999 -9999 -9999 -9999 -9999 -9999 -9999 -9999 -9999 -9999 -9999 -9999
-9999 -9999 -9999 -9999 94.863 94.903 -9999 -9999 -9999 95.115 95.173 95.22 -9999 -9999 -9999 -9999 -9999 95.428 95.342 95.255 95.172 95.092 95.014 94.938 94.864 94.79 94.718 94.64 94.559 94.486 94.412 94.296 94.161 94.033 93.91 93.787 93.664 93.54 93.413 93.286 93.157 93.026 92.893 92.757 92.618 92.475 92.325 92.168 91.997 91.836 91.72 91.609 91.499 91.39 91.282 -9999 -9999 -9999 -9999 -9999 -9999 -9999 -9999 -9999 -9999 -9999 -9999 -9999 -9999 -9999 -9999 -9999 -9999 -9999 -9999
-9999 -9999 -9999 94.749 94.787 94.832 -9999 -9999 -9999 -9999 -9999 -9999 -9999 -9999 -9999 -9999 -9999 95.353 95.287 95.201 95.117 95.035 94.956 94.879 94.804 94.73 94.658 94.583 94.512 94.442 94.346 94.207 94.078 93.955 93.835 93.714 93.591 93.464 93.335 93.203 93.071 92.937 92.801 92.662 92.519 92.373 92.22 92.054 91.866 91.719 91.608 91.499 91.392 91.288 91.184 91.148 -9999 -9999 -9999 -9999 -9999 -9999 -9999 -9999 -9999 -9999 -9999 -9999 -9999 -9999 -9999 -9999 -9999 -9999 -9999
-9999 -9999 94.645 94.677 94.713 94.761 -9999 -9999 -9999 -9999 -9999 -9999 -9999 -9999 -9999 95.29 95.318 95.268 95.21 95.145 95.061 94.978 94.897 94.819 94.742 94.668 94.598 94.533 94.465 94.385 94.254 94.12 93.995 93.877 93.762 93.644 93.519 93.388 93.254 93.119 92.982 92.845 92.705 92.563 92.417 92.267 92.106 91.918 91.738 91.611 91.503 91.397 91.294 91.193 91.092 91.041 -9999 -9999 -9999 -9999 -9999 -9999 -9999 -9999 -9999 -9999 -9999 -9999 -9999 -9999 -9999 -9999 -9999 -9999 -9999
-9999 -9999 94.569 94.603 94.652 -9999 -9999 -9999 -9999 -9999 -9999 -9999 -9999 -9999 -9999 95.255 95.222 95.173 95.124 95.065 95.0 94.92 94.837 94.757 94.68 94.609 94.545 94.482 94.413 94.305 94.162 94.031 93.911 93.799 93.691 93.576 93.446 93.308 93.169 93.029 92.889 92.748 92.605 92.46 92.311 92.154 91.971 91.779 91.619 91.509 91.403 91.302 91.202 91.104 91.006 90.946 -9999 -9999 -9999 -9999 -9999 -9999 -9999 -9999 -9999 -9999 -9999 -9999 -9999 -9999 -9999 -9999 -9999 -9999 -9999
-9999 -9999 -9999 -9999 -9999 -9999 -9999 -9999 -9999 -9999 -9999 -9999 -9999 -9999 -9999 95.18 95.127 95.076 95.025 94.975 94.916 94.851 94.775 94.696 94.623 94.556 94.491 94.428 94.346 94.208 94.067 93.939 93.822 93.715 93.615 93.505 93.364 93.22 93.076 92.933 92.789 92.645 92.5 92.352 92.198 92.022 91.831 91.651 91.519 91.412 91.31 91.211 91.114 91.019 90.925 90.86 -9999 -9999 -9999 -9999 -9999 -9999 -9999 -9999 -9999 -9999 -9999 -9999 -9999 -9999 -9999 -9999 -9999 -9999 -9999
-9999 -9999 -9999 -9999 -9999 -9999 -9999 -9999 -9999 -9999 -9999 -9999 -9999 -9999 95.123 95.085 95.031 94.977 94.924 94.871 94.819 94.763 94.705 94.642 94.569 94.5 94.435 94.37 94.264 94.109 93.968 93.841 93.725 93.618 93.517 93.396 93.26 93.116 92.972 92.827 92.682 92.536 92.389 92.237 92.069 91.88 91.694 91.533 91.423 91.319 91.22 91.124 91.03 90.937 90.847 90.78 -9999 -9999 -9999 -9999 -9999 -9999 -9999 -9999 -9999 -9999 -9999 -9999 -9999 -9999 -9999 -9999 -9999 -9999 -9999
-9999 -9999 -9999 -9999 -9999 -9999 -9999 -9999 -9999 -9999 -9999 -9999 -9999 -9999 95.046 94.988 94.931 94.876 94.821 94.769 94.719 94.671 94.621 94.566 94.509 94.444 94.376 94.299 94.162 94.006 93.864 93.736 93.617 93.505 93.393 93.272 93.139 93.0 92.857 92.712 92.567 92.42 92.271 92.111 91.925 91.74 91.564 91.435 91.33 91.229 91.132 91.039 90.948 90.859 90.771 90.703 -9999 -9999 -9999 -9999 -9999 -9999 -9999 -9999 -9999 -9999 -9999 -9999 -9999 -9999 -9999 -9999 -9999 -9999 -9999
-9999 -9999 -9999 -9999 -9999 -9999 -9999 -9999 -9999 -9999 -9999 -9999 -9999 94.99 94.951 94.889 94.833 94.779 94.726 94.675 94.625 94.575 94.526 94.477 94.424 94.369 94.312 94.217 94.057 93.899 93.756 93.624 93.5 93.382 93.264 93.14 93.009 92.872 92.731 92.588 92.443 92.295 92.142 91.966 91.781 91.601 91.447 91.341 91.239 91.142 91.048 90.957 90.868 90.784 90.705 90.638 90.587 -9999 -9999 -9999 -9999 -9999 -9999 -9999 -9999 -9999 -9999 -9999 -9999 -9999 -9999 -9999 -9999 -9999 -9999
-9999 -9999 -9999 -9999 -9999 -9999 -9999 -9999 -9999 -9999 -9999 -9999 94.918 94.912 94.854 94.798 94.742 94.688 94.634 94.582 94.53 94.478 94.427 94.377 94.326 94.275 94.218 94.11 93.946 93.788 93.642 93.506 93.378 93.254 93.13 93.004 92.873 92.737 92.598 92.455 92.311 92.163 92.0 91.816 91.637 91.47 91.351 91.249 91.15 91.055 90.963 90.877 90.796 90.72 90.647 90.58 90.518 -9999 -9999 -9999 -9999 -9999 -9999 -9999 -9999 -9999 -9999 -9999 -9999 -9999 -9999 -9999 -9999 -9999 -9999
-9999 -9999 -9999 -9999 -9999 -9999 -9999 -9999 -9999 -9999 -9999 -9999 94.878 94.828 94.77 94.712 94.654 94.597 94.542 94.487 94.434 94.381 94.328 94.275 94.222 94.168 94.103 93.975 93.812 93.659 93.517 93.382 93.249 93.12 92.993 92.863 92.731 92.596 92.457 92.315 92.171 92.019 91.844 91.666 91.495 91.357 91.252 91.152 91.057 90.967 90.886 90.806 90.731 90.661 90.594 90.531 90.47 -9999 -9999 -9999 -9999 -9999 -9999 -9999 -9999 -9999 -9999 -9999 -9999 -9999 -9999 -9999 -9999 -9999 -9999
-9999 -9999 -9999 -9999 -9999 -9999 -9999 -9999 -9999 -9999 -9999 94.831 94.809 94.748 94.687 94.626 94.565 94.505 94.448 94.392 94.336 94.281 94.226 94.17 94.115 94.058 93.976 93.831 93.669 93.518 93.376 93.239 93.107 92.977 92.848 92.718 92.585 92.448 92.31 92.168 92.024 91.863 91.682 91.507 91.355 91.252 91.155 91.063 90.976 90.894 90.817 90.744 90.673 90.607 90.544 90.484 90.427 90.385 -9999 -9999 -9999 -9999 -9999 -9999 -9999 -9999 -9999 -9999 -9999 -9999 -9999 -9999 -9999 -9999 -9999
-9999 -9999 -9999 -9999 -9999 -9999 -9999 -9999 -9999 -9999 94.764 -9999 94.734 94.67 94.607 94.542 94.477 94.413 94.352 94.294 94.237 94.179 94.121 94.063 94.004 93.945 93.847 93.686 93.523 93.371 93.227 93.09 92.956 92.825 92.694 92.562 92.429 92.293 92.155 92.013 91.861 91.688 91.514 91.359 91.255 91.16 91.071 90.986 90.905 90.828 90.756 90.685 90.618 90.555 90.495 90.439 90.386 90.345 -9999 -9999 -9999 -9999 -9999 -9999 -9999 -9999 -9999 -9999 -9999 -9999 -9999 -9999 -9999 -9999 -9999
