Validation/Results/raw data/ReClimate_12_2023_1_Temperature-Actuals.asc
NCOLS 192
NROWS 249
XLLCENTER -225160.85627316462
YLLCENTER 29788.11610251502
CELLSIZE 5000.0
NODATA_VALUE -9999
[rows 170 to 203 of 249, columns 77 to 153 of 192]
-9999 -9999 -9999 -9999 -9999 -9999 -9999 -9999 -9999 -9999 -9999 -9999 -9999 -9999 -9999 6.875 6.647 -9999 -9999 -9999 -9999 -9999 -9999 -9999 -9999 -9999 -9999 -9999 -9999 -9999 -9999 -9999 -9999 -9999 5.979 6.16 5.956 5.787 5.561 5.619 5.744 5.765 5.793 5.932 6.012 5.967 5.701 5.23 4.462 3.744 3.086 3.287 3.295 3.729 4.693 5.114 5.321 5.0 4.935 5.075 5.255 5.259 5.246 5.191 5.152 5.116 5.027 5.002 5.078 5.117 5.047 4.665 4.597 4.573 4.846 5.111 5.28
-9999 -9999 -9999 -9999 -9999 -9999 -9999 -9999 -9999 -9999 -9999 -9999 -9999 -9999 -9999 6.603 6.34 6.338 -9999 -9999 -9999 -9999 -9999 -9999 -9999 -9999 -9999 -9999 -9999 -9999 -9999 -9999 -9999 6.079 6.172 6.144 6.045 5.787 5.786 5.754 5.843 5.769 5.783 5.837 5.846 5.755 5.623 5.296 4.722 3.765 3.037 3.44 3.897 3.992 4.552 5.407 5.504 5.279 4.868 4.947 5.191 5.213 5.144 5.049 5.041 5.066 5.05 4.958 5.02 5.098 5.094 4.847 4.571 4.618 4.775 5.088 5.292
-9999 -9999 -9999 -9999 -9999 -9999 -9999 -9999 -9999 -9999 -9999 -9999 -9999 -9999 6.875 6.49 6.11 6.242 6.655 -9999 -9999 -9999 -9999 -9999 -9999 -9999 -9999 -9999 -9999 -9999 6.197 -9999 -9999 6.062 5.893 6.109 6.08 5.956 -9999 5.704 5.642 5.591 5.616 5.553 5.621 5.534 5.427 5.039 4.448 4.678 3.694 3.925 4.404 3.88 4.619 5.036 5.369 5.276 5.002 4.995 5.117 5.208 5.072 4.975 5.024 5.071 5.098 5.007 5.001 5.092 5.055 4.96 4.693 4.559 4.643 5.004 5.236
-9999 -9999 -9999 -9999 -9999 -9999 -9999 -9999 -9999 -9999 -9999 -9999 -9999 -9999 6.891 6.445 6.222 6.241 6.56 6.803 7.068 -9999 -9999 -9999 6.425 6.593 -9999 6.394 6.274 6.169 5.436 5.578 -9999 -9999 5.973 5.953 -9999 -9999 5.728 5.529 5.705 5.867 5.688 5.511 5.381 5.322 5.135 4.601 3.966 4.204 4.064 3.853 4.038 3.989 4.144 5.081 5.179 5.076 4.869 5.026 5.096 5.138 5.092 4.957 5.044 5.112 5.124 5.068 5.005 5.086 5.065 5.01 4.846 4.671 4.548 4.75 5.074
-9999 -9999 -9999 -9999 -9999 -9999 -9999 -9999 -9999 -9999 -9999 -9999 -9999 -9999 -9999 6.701 6.408 6.364 6.551 6.619 -9999 -9999 4.968 4.812 5.969 5.503 5.576 5.562 6.0 5.784 5.552 5.248 5.308 -9999 5.93 5.933 5.885 5.828 5.396 5.162 5.583 5.957 5.808 5.526 5.376 5.207 5.019 4.373 3.556 3.686 3.892 4.082 4.32 4.183 4.285 4.757 5.091 5.043 4.912 5.03 5.106 5.103 5.053 5.028 5.099 5.156 5.078 4.881 4.969 5.127 5.108 5.063 4.953 4.804 4.772 4.767 4.832
-9999 -9999 -9999 -9999 -9999 -9999 -9999 -9999 -9999 -9999 -9999 -9999 -9999 -9999 -9999 6.876 6.672 6.762 6.72 6.644 6.514 5.323 3.413 5.32 5.709 4.907 5.219 4.889 5.254 5.691 5.441 4.634 5.167 5.38 5.701 5.874 5.777 5.6 5.248 5.112 5.435 5.713 5.667 5.525 5.346 5.181 4.899 4.08 3.606 3.402 3.698 3.751 4.403 4.544 4.266 4.546 4.889 4.93 4.95 5.034 5.052 5.073 5.062 5.045 5.185 5.164 5.14 5.084 4.985 5.165 5.174 5.126 5.042 4.88 4.702 4.816 4.97
-9999 -9999 -9999 -9999 -9999 -9999 -9999 -9999 -9999 -9999 -9999 -9999 -9999 -9999 -9999 -9999 6.983 7.015 6.75 6.182 5.208 2.797 3.347 4.984 4.883 4.99 4.441 4.269 4.543 4.899 5.1 5.259 4.614 5.204 5.556 5.575 5.691 5.635 5.377 5.289 5.409 5.552 5.58 5.426 5.274 5.117 4.693 4.152 3.601 3.491 3.879 3.724 3.957 4.796 4.505 4.523 4.842 4.814 4.925 5.09 5.078 5.043 5.043 5.082 5.232 5.229 5.219 5.102 5.083 5.165 5.197 5.161 5.058 4.967 4.915 4.883 4.948
-9999 -9999 -9999 -9999 -9999 -9999 -9999 -9999 -9999 -9999 -9999 -9999 -9999 -9999 -9999 -9999 -9999 -9999 6.287 5.285 4.125 3.511 3.871 5.14 5.177 4.503 3.881 3.731 3.83 4.682 5.428 5.04 4.398 4.87 5.397 5.613 5.809 5.707 5.486 5.3 5.362 5.402 5.4 5.361 5.225 4.933 4.393 4.083 3.883 3.483 3.785 3.697 3.653 4.204 4.796 4.709 5.009 4.863 4.729 4.956 5.068 5.139 5.138 5.177 5.259 5.262 5.245 5.222 5.054 5.119 5.159 5.146 5.102 5.056 5.036 4.999 4.945
-9999 -9999 -9999 -9999 -9999 -9999 -9999 -9999 -9999 -9999 -9999 -9999 -9999 -9999 -9999 -9999 -9999 6.848 5.873 5.219 4.815 3.934 4.861 5.301 4.849 4.651 4.047 3.561 3.928 4.105 4.891 4.69 4.145 4.474 5.039 5.703 5.811 5.747 5.424 5.248 5.259 5.302 5.344 5.311 5.085 4.618 4.403 4.491 4.187 3.71 3.924 3.968 4.077 4.254 4.4 4.843 4.94 4.891 4.862 4.884 5.063 5.064 5.22 5.291 5.303 5.272 5.248 5.036 5.016 5.099 5.176 5.156 5.142 5.136 5.12 5.077 5.057
-9999 -9999 -9999 -9999 -9999 -9999 -9999 -9999 -9999 -9999 -9999 -9999 -9999 -9999 -9999 -9999 6.822 5.2 5.591 5.18 4.708 4.849 3.656 3.989 4.302 4.16 3.571 4.011 3.841 4.342 4.748 4.052 3.7 4.339 5.062 5.699 5.879 5.735 5.368 5.341 5.374 5.341 5.352 5.174 4.839 4.778 4.658 4.254 4.064 3.989 3.834 4.269 4.431 4.591 4.749 4.765 5.054 4.982 5.036 5.056 5.121 5.314 5.158 5.289 5.321 5.238 5.188 4.993 4.897 5.097 5.144 5.16 5.162 5.167 5.15 5.174 5.247
-9999 -9999 -9999 -9999 -9999 -9999 -9999 -9999 -9999 -9999 -9999 -9999 -9999 -9999 -9999 6.687 5.376 5.918 5.913 5.565 5.617 4.908 4.591 4.253 3.864 3.563 3.605 3.737 3.942 4.613 4.214 4.244 4.875 5.059 5.506 5.617 5.782 5.624 5.414 5.388 5.355 5.357 5.159 4.845 4.913 4.858 4.678 4.244 4.23 4.661 4.526 4.454 4.652 4.739 4.859 4.949 4.993 5.148 5.217 5.371 5.436 5.491 5.442 5.279 5.273 5.225 5.168 4.988 4.909 5.109 5.157 5.123 5.131 5.132 5.165 5.203 5.268
-9999 -9999 -9999 -9999 -9999 -9999 -9999 -9999 -9999 -9999 -9999 -9999 -9999 6.582 6.706 6.332 6.407 6.611 6.577 6.209 6.29 5.81 5.069 4.389 3.755 2.971 4.182 4.29 4.642 4.502 3.735 4.008 4.44 5.167 5.423 5.503 5.567 5.475 5.342 5.25 5.297 5.212 4.966 4.826 4.753 4.956 4.689 4.395 4.525 4.693 4.815 4.852 4.864 4.967 5.073 5.269 5.242 5.267 5.519 5.675 5.689 5.541 5.441 5.358 5.266 5.166 5.126 4.913 4.828 5.045 5.155 5.123 5.088 5.106 5.151 5.165 -9999
-9999 -9999 -9999 -9999 -9999 -9999 -9999 -9999 -9999 -9999 -9999 -9999 6.452 6.494 6.473 6.656 -9999 -9999 -9999 -9999 5.765 4.856 4.592 4.295 3.544 4.318 4.409 3.867 4.199 3.606 2.538 3.317 4.182 4.618 5.259 5.567 5.477 5.381 5.309 5.262 5.243 5.167 4.972 4.868 4.768 4.873 4.716 4.673 4.727 4.833 5.025 5.085 5.078 5.219 5.299 5.45 5.594 5.529 5.619 5.706 5.623 5.491 5.371 5.264 5.113 5.023 4.995 4.895 4.797 4.923 5.098 5.145 5.107 5.089 5.129 5.149 5.192
-9999 -9999 -9999 -9999 -9999 -9999 -9999 -9999 -9999 -9999 -9999 -9999 6.467 6.344 6.832 -9999 -9999 -9999 -9999 -9999 5.556 4.843 4.371 4.555 3.947 4.082 3.729 3.262 3.399 3.065 3.115 4.379 4.46 4.987 5.458 5.606 5.492 5.354 5.248 5.14 5.096 5.101 4.983 4.871 4.875 4.812 4.899 4.887 4.989 4.829 4.82 4.91 5.089 5.251 5.338 5.444 5.465 5.514 5.534 5.497 5.395 5.175 5.146 4.939 4.767 4.721 4.821 4.853 4.832 4.93 5.07 5.188 5.168 5.14 5.12 5.096 5.114
-9999 -9999 -9999 -9999 -9999 -9999 -9999 -9999 -9999 -9999 -9999 -9999 -9999 -9999 6.999 -9999 -9999 -9999 -9999 -9999 5.47 4.689 4.902 4.613 4.32 4.325 3.273 3.466 4.122 3.454 4.186 4.47 4.718 5.288 5.609 5.638 5.355 5.279 5.181 5.128 5.225 5.13 5.073 5.031 4.927 4.972 5.051 5.136 5.073 5.05 4.968 4.884 5.059 5.117 4.976 5.104 5.253 5.305 5.462 5.376 5.126 4.851 4.719 4.838 4.711 4.642 4.693 4.797 4.838 4.929 5.08 5.225 5.236 5.208 5.183 5.132 5.154
-9999 -9999 -9999 -9999 -9999 -9999 -9999 -9999 -9999 -9999 -9999 -9999 -9999 -9999 -9999 -9999 -9999 -9999 -9999 -9999 5.824 5.233 5.95 5.263 4.594 3.552 3.776 3.777 3.627 4.317 4.391 4.532 5.307 5.52 5.714 5.583 5.427 5.271 5.296 5.326 5.317 5.276 5.186 5.109 5.065 5.033 5.102 5.095 4.939 5.113 5.226 5.139 5.05 5.152 4.937 4.806 5.009 4.982 5.156 5.317 5.11 4.968 4.821 4.785 4.863 4.77 4.724 4.852 4.941 4.994 5.104 5.251 5.264 5.251 5.227 5.208 5.22
-9999 -9999 -9999 -9999 -9999 -9999 -9999 -9999 -9999 -9999 -9999 -9999 -9999 -9999 -9999 -9999 -9999 -9999 -9999 -9999 -9999 5.828 4.654 4.258 4.172 4.39 4.307 3.954 4.507 4.558 4.928 5.352 5.214 5.617 5.596 5.316 5.279 5.302 5.446 5.534 5.458 5.294 5.201 5.037 4.998 5.021 5.139 5.012 4.799 4.91 5.19 5.251 5.18 5.101 5.05 4.91 4.829 4.644 4.669 5.114 5.206 5.023 4.837 4.618 4.626 4.834 4.828 4.924 5.049 5.167 5.201 5.295 5.303 5.291 5.282 5.279 5.29
-9999 -9999 -9999 -9999 -9999 -9999 -9999 -9999 -9999 -9999 -9999 -9999 -9999 -9999 -9999 -9999 -9999 -9999 -9999 -9999 5.911 5.351 4.833 4.005 4.776 4.82 4.27 4.483 4.521 4.51 5.314 5.239 5.196 5.397 4.546 5.082 5.312 5.317 5.294 5.486 5.276 4.886 4.888 5.046 5.127 5.037 5.142 5.081 4.963 4.947 5.145 5.227 5.223 5.157 5.052 5.015 4.862 4.804 4.808 5.021 5.032 4.844 4.64 4.445 4.46 4.757 4.96 5.019 5.167 5.273 5.324 5.359 5.375 5.356 5.355 5.376 5.378
-9999 -9999 -9999 -9999 -9999 -9999 -9999 -9999 -9999 -9999 -9999 -9999 -9999 -9999 -9999 -9999 -9999 -9999 -9999 -9999 6.101 5.591 4.023 5.282 5.673 5.018 4.774 4.43 3.952 4.545 5.257 5.215 5.437 5.063 5.108 5.133 5.003 4.964 5.335 5.312 5.069 5.021 5.058 5.278 5.137 5.028 5.121 5.099 5.164 5.143 5.179 5.237 5.236 5.226 5.175 5.107 5.003 4.834 4.925 5.001 4.836 4.503 4.29 4.368 4.455 4.602 4.875 5.094 5.16 5.298 5.315 5.343 5.419 5.442 5.446 5.47 5.487
-9999 -9999 -9999 -9999 -9999 -9999 -9999 -9999 -9999 -9999 -9999 -9999 -9999 -9999 -9999 -9999 -9999 -9999 -9999 -9999 5.902 5.245 5.826 5.615 5.337 5.006 4.496 3.721 4.007 4.249 4.895 5.17 5.491 5.386 5.078 4.569 4.277 4.448 5.015 4.843 5.004 4.982 5.192 5.356 5.172 5.139 5.171 5.203 5.304 5.179 5.133 5.236 5.245 5.078 5.163 5.189 5.1 5.001 5.014 4.996 4.758 4.496 4.39 4.439 4.627 4.807 4.981 5.062 5.159 5.256 5.391 5.34 5.438 5.492 5.501 5.528 5.534
-9999 -9999 -9999 -9999 -9999 -9999 -9999 -9999 -9999 -9999 -9999 -9999 -9999 -9999 -9999 -9999 -9999 -9999 -9999 -9999 -9999 6.097 5.093 4.521 3.928 3.838 3.873 4.156 4.445 5.018 5.145 5.327 5.268 5.227 5.042 4.727 4.426 4.397 4.64 4.914 4.914 4.815 5.113 5.318 5.175 5.332 5.288 5.19 5.484 5.514 5.327 5.3 5.288 5.054 4.96 5.199 5.132 5.063 5.064 4.991 4.756 4.624 4.663 4.805 4.842 4.959 5.01 5.024 5.166 5.294 5.346 5.369 5.477 5.543 5.53 5.53 5.542
-9999 -9999 -9999 -9999 -9999 -9999 -9999 -9999 -9999 -9999 -9999 -9999 -9999 -9999 -9999 -9999 -9999 -9999 -9999 -9999 -9999 5.642 4.655 3.915 3.316 3.152 3.597 4.398 5.011 5.078 4.733 4.307 4.078 4.168 4.663 4.964 4.581 4.555 4.742 4.899 4.49 4.727 5.003 5.114 5.161 5.402 5.317 5.353 5.333 5.481 5.518 5.397 5.294 5.157 5.064 5.192 5.205 5.019 4.916 4.848 4.71 4.682 4.819 4.763 4.802 4.83 4.974 4.947 5.106 5.258 5.266 5.37 5.514 5.562 5.527 5.477 5.443
-9999 -9999 -9999 -9999 -9999 -9999 -9999 -9999 -9999 -9999 -9999 -9999 -9999 -9999 -9999 -9999 -9999 -9999 -9999 -9999 6.096 5.675 4.668 3.899 3.455 3.636 4.066 4.493 4.205 3.549 3.812 3.734 3.855 4.561 4.889 4.748 4.671 4.851 4.957 4.606 4.54 4.645 4.937 5.099 5.189 5.481 5.358 5.159 5.336 5.238 5.348 5.345 5.286 5.179 5.211 5.342 5.271 5.133 5.038 4.872 4.81 4.667 4.759 4.791 4.808 4.902 4.931 5.067 5.17 5.21 5.217 5.362 5.549 5.56 5.551 5.485 5.407
-9999 -9999 -9999 -9999 -9999 -9999 -9999 -9999 -9999 -9999 -9999 -9999 -9999 -9999 -9999 -9999 -9999 -9999 -9999 -9999 6.028 5.434 4.945 4.525 3.988 3.4 3.678 3.906 3.765 3.797 3.538 3.442 3.884 4.545 4.247 4.318 4.886 4.691 5.048 4.757 4.529 4.495 5.097 5.112 5.492 5.528 5.324 5.196 4.844 5.089 5.118 5.17 5.163 5.123 5.24 5.378 5.345 5.237 5.189 5.139 4.873 4.752 4.694 4.737 4.821 5.063 5.121 5.173 5.214 5.19 5.213 5.361 5.447 5.538 5.558 5.544 5.468
-9999 -9999 -9999 -9999 -9999 -9999 -9999 -9999 -9999 -9999 -9999 -9999 -9999 -9999 -9999 -9999 -9999 -9999 -9999 -9999 5.666 5.695 5.661 4.896 3.854 3.302 3.645 3.858 4.056 3.706 3.783 3.978 4.219 4.15 4.269 4.883 4.907 4.941 4.607 4.998 4.858 5.08 5.062 5.129 5.472 5.601 5.437 5.064 5.129 5.054 5.024 5.067 5.075 5.19 5.256 5.296 5.241 5.175 5.204 5.146 4.932 4.762 4.875 4.998 4.924 5.097 5.164 5.265 5.245 5.184 5.314 5.476 5.545 5.598 5.673 5.632 5.611
-9999 -9999 -9999 -9999 -9999 -9999 -9999 -9999 -9999 -9999 -9999 -9999 -9999 -9999 -9999 -9999 -9999 -9999 -9999 5.733 5.56 5.054 5.067 4.782 3.834 3.673 3.358 3.816 4.423 4.384 4.446 4.138 4.115 4.505 4.469 4.507 4.896 4.847 5.178 5.313 5.31 5.24 5.119 5.371 5.568 5.585 5.519 5.399 5.284 5.306 5.177 5.152 5.113 5.175 5.291 5.298 5.272 5.293 5.221 5.081 4.992 4.953 5.101 5.196 5.162 5.137 5.309 5.242 5.266 5.228 5.268 5.439 5.574 5.59 5.618 5.616 5.667
-9999 -9999 -9999 -9999 -9999 -9999 -9999 -9999 -9999 -9999 -9999 -9999 -9999 -9999 -9999 -9999 -9999 -9999 5.566 5.496 4.9 5.102 5.081 4.127 3.525 3.387 3.645 4.07 4.467 4.299 4.388 4.133 3.746 4.382 4.318 4.929 5.128 5.314 5.344 5.245 5.08 5.121 5.078 5.435 5.51 5.721 5.682 5.523 5.385 5.366 5.376 5.228 5.199 5.315 5.384 5.317 5.246 5.22 5.179 5.067 5.062 5.111 5.204 5.332 5.378 5.405 5.275 5.22 5.22 5.261 5.317 5.447 5.48 5.444 5.412 5.45 5.612
-9999 -9999 -9999 -9999 -9999 -9999 -9999 -9999 -9999 -9999 -9999 -9999 -9999 -9999 -9999 -9999 5.161 5.285 5.169 5.611 5.476 5.256 4.665 3.788 3.411 3.3 3.209 3.908 4.198 4.621 4.379 3.929 3.954 4.451 4.921 5.104 5.396 5.427 5.419 5.051 4.917 4.945 5.279 5.624 5.723 5.744 5.678 5.513 5.431 5.443 5.444 5.304 5.332 5.401 5.495 5.264 5.141 5.012 4.891 4.924 5.035 5.269 5.336 5.348 5.274 5.353 5.317 5.314 5.286 5.299 5.365 5.496 5.566 5.378 5.301 5.359 5.558
-9999 -9999 -9999 -9999 -9999 -9999 -9999 -9999 -9999 -9999 -9999 -9999 -9999 -9999 -9999 5.196 4.978 4.61 4.956 5.34 5.288 4.993 4.036 3.956 3.489 3.383 3.761 4.379 4.836 4.777 4.674 4.218 3.74 4.308 4.845 5.302 5.328 5.368 5.113 5.202 4.981 5.033 5.449 5.717 5.905 5.889 5.661 5.629 5.47 5.477 5.54 5.475 5.408 5.409 5.312 5.31 5.098 5.054 4.962 4.807 4.874 5.033 5.177 5.212 5.196 5.271 5.383 5.311 5.471 5.509 5.51 5.563 5.523 5.405 5.292 5.394 5.569
-9999 -9999 -9999 -9999 -9999 -9999 -9999 -9999 -9999 -9999 -9999 -9999 6.619 6.035 5.602 5.244 4.683 4.663 4.954 5.407 5.413 4.422 4.268 4.12 4.312 3.576 4.288 4.503 4.172 4.668 4.877 3.68 4.266 4.819 5.568 5.551 5.378 4.942 5.53 5.394 5.311 5.321 5.397 5.729 5.903 5.993 5.828 5.748 5.586 5.473 5.543 5.509 5.519 5.377 5.247 4.945 5.057 5.11 5.086 4.934 4.929 5.048 5.184 5.289 5.232 5.284 5.317 5.427 5.492 5.575 5.534 5.58 5.594 5.496 5.498 5.529 5.597
-9999 -9999 -9999 -9999 -9999 -9999 -9999 -9999 -9999 -9999 6.136 6.271 6.181 5.937 5.724 5.3 5.307 5.153 5.453 5.293 4.48 4.812 4.678 4.629 4.711 4.199 4.074 3.435 3.96 4.362 4.317 4.655 5.044 5.511 4.939 5.17 5.425 5.596 5.689 5.665 5.534 5.53 5.662 5.631 5.883 6.086 5.968 5.841 5.737 5.674 5.631 5.387 5.5 5.527 5.248 5.035 4.884 5.099 5.086 4.95 4.896 4.954 5.071 5.31 5.42 5.445 5.408 5.375 5.526 5.483 5.432 5.549 5.656 5.619 5.576 5.554 5.524
-9999 -9999 -9999 -9999 -9999 -9999 6.347 6.24 6.204 6.168 5.659 6.17 5.927 5.904 5.623 5.348 5.354 5.356 5.309 4.652 4.921 5.18 4.708 5.133 4.851 4.396 3.603 3.812 4.199 4.477 4.45 5.03 5.438 4.432 4.505 5.184 5.273 5.669 5.699 5.746 5.606 5.397 5.603 5.499 6.011 6.091 6.004 5.772 5.653 5.7 5.21 5.334 5.441 5.51 5.269 4.96 4.939 5.046 5.071 5.07 5.009 5.025 5.095 5.29 5.4 5.478 5.515 5.404 5.405 5.474 5.466 5.651 5.815 5.7 5.364 5.288 5.217
-9999 -9999 -9999 -9999 -9999 6.764 6.316 6.236 6.036 5.259 4.966 5.083 5.334 5.578 5.053 4.914 5.053 5.052 4.759 5.128 5.189 4.884 5.293 5.46 5.057 4.427 3.985 4.249 4.502 4.568 4.854 5.166 4.268 3.258 4.349 5.018 5.534 5.504 5.634 5.483 5.53 5.654 5.689 5.892 6.01 6.035 6.03 5.791 5.6 5.285 4.98 4.79 5.251 5.378 4.981 4.853 4.915 5.037 5.124 5.092 5.1 5.111 5.228 5.23 5.291 5.407 5.328 5.261 5.385 5.46 5.511 5.672 5.791 5.61 5.303 5.089 5.103
-9999 -9999 -9999 -9999 7.133 6.516 6.182 6.075 5.649 5.149 5.222 5.443 5.636 5.137 5.022 5.002 5.41 4.991 4.899 5.223 5.266 5.419 5.83 5.397 4.65 4.251 4.471 4.72 4.731 5.22 5.357 5.01 3.674 3.718 4.368 5.482 5.343 5.442 5.355 5.683 5.762 5.668 5.797 5.908 6.03 6.08 6.143 5.893 5.616 5.205 4.792 4.851 5.093 5.16 4.918 4.658 4.841 5.016 5.093 5.18 5.189 5.24 5.256 5.273 5.161 5.23 5.344 5.265 5.344 5.348 5.243 5.447 5.616 5.471 5.244 5.176 5.169
