Validation/Results/raw data/ReClimate_02_2024_1_Temperature-Actuals.asc
NCOLS 192
NROWS 249
XLLCENTER -225160.85627316462
YLLCENTER 29788.11610251502
CELLSIZE 5000.0
NODATA_VALUE -9999
[rows 102 to 135 of 249, columns 77 to 153 of 192]
3.717 3.796 5.936 6.672 -9999 -9999 5.35 -9999 -9999 5.632 3.1 2.908 4.639 3.571 1.196 2.928 1.867 1.878 2.071 2.579 4.428 3.592 2.635 1.686 2.386 3.515 2.837 3.148 4.431 5.326 5.765 5.618 5.109 4.384 5.376 5.661 5.738 5.962 5.978 6.071 -9999 -9999 -9999 -9999 -9999 -9999 -9999 -9999 -9999 -9999 -9999 -9999 -9999 -9999 -9999 -9999 -9999 -9999 -9999 -9999 -9999 -9999 -9999 -9999 -9999 -9999 -9999 -9999 -9999 -9999 -9999 -9999 -9999 -9999 -9999 -9999 -9999
4.058 5.509 -9999 -9999 -9999 6.067 4.884 5.369 4.942 4.793 3.902 5.884 5.316 3.403 3.155 3.546 3.646 3.591 3.457 3.457 2.525 3.556 2.752 3.039 2.852 2.535 3.258 4.118 5.039 5.685 5.836 5.491 4.776 5.481 6.067 -9999 -9999 6.224 -9999 -9999 -9999 -9999 -9999 -9999 -9999 -9999 -9999 -9999 -9999 -9999 -9999 -9999 -9999 -9999 -9999 -9999 -9999 -9999 -9999 -9999 -9999 -9999 -9999 -9999 -9999 -9999 -9999 -9999 -9999 -9999 -9999 -9999 -9999 -9999 -9999 -9999 -9999
-9999 5.485 -9999 -9999 -9999 5.793 4.848 4.666 4.598 5.014 5.724 4.955 3.621 3.22 3.66 4.037 3.57 3.106 3.714 3.158 4.545 3.689 3.453 4.294 4.794 5.07 4.936 5.413 5.734 5.77 5.854 5.814 5.714 6.119 -9999 5.937 6.05 6.03 6.073 -9999 -9999 -9999 -9999 -9999 -9999 -9999 -9999 -9999 -9999 -9999 -9999 -9999 -9999 -9999 -9999 -9999 -9999 -9999 -9999 -9999 -9999 -9999 -9999 -9999 -9999 -9999 -9999 -9999 -9999 -9999 -9999 -9999 -9999 -9999 -9999 -9999 -9999
-9999 -9999 -9999 6.278 5.826 4.866 4.85 4.399 4.823 4.512 3.589 3.105 3.004 4.026 3.808 4.398 2.967 4.216 2.727 4.383 3.222 2.311 4.31 5.057 4.866 5.184 5.716 5.777 6.046 6.143 6.122 6.171 -9999 5.919 5.804 5.981 5.919 6.129 5.973 -9999 -9999 -9999 -9999 -9999 -9999 -9999 -9999 -9999 -9999 -9999 -9999 -9999 -9999 -9999 -9999 -9999 -9999 -9999 -9999 -9999 -9999 -9999 -9999 -9999 -9999 -9999 -9999 -9999 -9999 -9999 -9999 -9999 -9999 -9999 -9999 -9999 -9999
-9999 -9999 -9999 6.033 6.29 5.67 4.592 4.746 5.112 3.808 4.696 4.566 4.014 3.061 4.518 4.59 3.656 2.906 3.732 3.784 2.512 3.621 3.568 3.282 4.386 4.972 5.123 5.446 5.651 5.425 5.305 5.102 5.214 5.638 5.962 5.84 5.617 5.801 5.723 5.887 -9999 -9999 -9999 -9999 -9999 -9999 -9999 -9999 -9999 -9999 -9999 -9999 -9999 -9999 -9999 -9999 -9999 -9999 -9999 -9999 -9999 -9999 -9999 -9999 -9999 -9999 -9999 -9999 -9999 -9999 -9999 -9999 -9999 -9999 -9999 -9999 -9999
-9999 -9999 6.039 -9999 -9999 5.437 4.655 5.37 4.291 4.74 -9999 -9999 3.491 3.209 4.065 4.615 3.617 3.856 4.153 3.746 4.042 4.917 4.213 4.536 4.936 5.225 4.71 4.144 3.783 4.128 4.316 4.841 5.2 5.331 5.909 5.4 5.452 5.34 5.533 5.763 5.974 -9999 -9999 -9999 -9999 -9999 -9999 -9999 -9999 -9999 -9999 -9999 -9999 -9999 -9999 -9999 -9999 -9999 -9999 -9999 -9999 -9999 -9999 -9999 -9999 -9999 -9999 -9999 -9999 -9999 -9999 -9999 -9999 -9999 -9999 -9999 -9999
-9999 -9999 6.058 -9999 5.973 5.353 5.507 4.301 4.388 5.839 5.988 4.131 3.276 4.145 6.094 4.077 2.764 4.87 4.866 4.368 5.006 5.284 5.423 5.649 5.474 4.235 3.115 3.194 3.921 4.418 5.016 5.263 5.18 5.5 5.641 5.661 5.968 6.184 6.225 6.304 -9999 -9999 -9999 -9999 -9999 -9999 -9999 -9999 -9999 -9999 -9999 -9999 -9999 -9999 -9999 -9999 -9999 -9999 -9999 -9999 -9999 -9999 -9999 -9999 -9999 -9999 -9999 -9999 -9999 -9999 -9999 -9999 -9999 -9999 -9999 -9999 -9999
-9999 -9999 6.077 -9999 5.9 6.075 5.33 5.088 5.757 -9999 4.366 4.605 -9999 4.322 4.396 4.108 5.058 3.828 5.104 5.517 5.941 6.074 6.283 6.304 5.71 4.603 5.137 5.461 5.472 5.212 5.033 5.335 5.402 5.811 5.958 6.167 -9999 -9999 -9999 -9999 -9999 -9999 -9999 -9999 -9999 -9999 -9999 -9999 -9999 -9999 -9999 -9999 -9999 -9999 -9999 -9999 -9999 -9999 -9999 -9999 -9999 -9999 -9999 -9999 -9999 -9999 -9999 -9999 -9999 -9999 -9999 -9999 -9999 -9999 -9999 -9999 -9999
5.921 5.882 -9999 -9999 6.333 5.975 5.49 5.946 5.864 3.982 4.456 3.419 -9999 5.083 4.246 4.918 4.977 4.893 5.127 5.718 5.644 5.504 5.367 5.552 6.046 6.374 6.335 6.122 5.671 5.207 5.152 5.391 5.593 5.84 6.177 -9999 -9999 -9999 -9999 -9999 -9999 -9999 -9999 -9999 -9999 -9999 -9999 -9999 -9999 -9999 -9999 -9999 -9999 -9999 -9999 -9999 -9999 -9999 -9999 -9999 -9999 -9999 -9999 -9999 -9999 -9999 -9999 -9999 -9999 -9999 -9999 -9999 -9999 -9999 -9999 -9999 -9999
6.073 6.1 -9999 6.397 5.096 5.128 5.994 -9999 4.44 4.733 3.598 3.538 -9999 4.802 4.016 5.125 6.016 5.876 6.03 5.771 5.403 4.994 4.34 4.899 5.865 6.321 -9999 6.363 5.99 5.797 5.751 5.624 5.363 5.805 -9999 -9999 -9999 -9999 -9999 -9999 -9999 -9999 -9999 -9999 -9999 -9999 -9999 -9999 -9999 -9999 -9999 -9999 -9999 -9999 -9999 -9999 -9999 -9999 -9999 -9999 -9999 -9999 -9999 -9999 -9999 -9999 -9999 -9999 -9999 -9999 -9999 -9999 -9999 -9999 -9999 -9999 -9999
6.459 -9999 -9999 5.811 4.521 5.479 -9999 5.284 4.903 4.666 4.049 4.606 -9999 5.738 5.598 5.929 6.108 5.955 5.75 5.36 3.67 3.591 3.889 4.619 5.73 6.451 6.593 6.672 -9999 -9999 6.308 6.019 -9999 -9999 -9999 -9999 -9999 -9999 6.37 6.397 6.528 -9999 -9999 -9999 -9999 -9999 -9999 -9999 -9999 -9999 -9999 -9999 -9999 -9999 -9999 -9999 -9999 -9999 -9999 -9999 -9999 -9999 -9999 -9999 -9999 -9999 -9999 -9999 -9999 -9999 -9999 -9999 -9999 -9999 -9999 -9999 -9999
-9999 -9999 5.509 5.064 5.826 5.284 -9999 5.339 4.71 5.361 5.392 4.31 -9999 -9999 -9999 6.264 5.779 5.123 4.986 4.715 4.78 5.194 5.241 5.641 5.811 5.862 6.049 6.342 6.444 6.243 6.083 6.32 -9999 -9999 -9999 -9999 -9999 6.166 6.273 6.26 6.526 6.595 -9999 -9999 -9999 -9999 -9999 -9999 -9999 -9999 -9999 -9999 -9999 -9999 -9999 -9999 -9999 -9999 -9999 -9999 -9999 -9999 -9999 -9999 -9999 -9999 -9999 -9999 -9999 -9999 -9999 -9999 -9999 -9999 -9999 -9999 -9999
-9999 -9999 -9999 6.398 5.084 5.56 -9999 5.316 -9999 5.821 4.733 5.704 -9999 6.152 5.599 5.48 -9999 5.687 5.96 5.858 6.013 5.863 5.892 5.738 5.514 5.349 5.554 5.765 5.438 5.488 6.045 6.329 6.419 6.352 6.409 -9999 6.22 6.069 6.127 6.273 5.888 5.578 5.579 6.526 -9999 -9999 -9999 -9999 -9999 -9999 -9999 -9999 -9999 -9999 -9999 -9999 -9999 -9999 -9999 -9999 -9999 -9999 -9999 -9999 -9999 -9999 -9999 -9999 -9999 -9999 -9999 -9999 -9999 -9999 -9999 -9999 -9999
-9999 -9999 -9999 5.449 4.729 5.966 -9999 6.341 -9999 5.949 6.268 -9999 6.009 5.033 4.649 5.532 6.105 6.314 6.279 6.504 6.285 5.958 5.953 5.624 5.077 4.987 5.132 5.252 5.337 5.6 5.873 6.005 5.89 5.689 6.152 6.179 5.691 5.756 5.817 5.647 4.961 4.684 4.582 5.063 6.031 6.243 6.038 -9999 -9999 -9999 -9999 -9999 -9999 -9999 -9999 -9999 -9999 -9999 -9999 -9999 -9999 -9999 -9999 -9999 -9999 -9999 -9999 -9999 -9999 -9999 -9999 -9999 -9999 -9999 -9999 -9999 -9999
-9999 -9999 -9999 5.446 6.058 5.76 5.548 -9999 -9999 6.717 6.571 -9999 5.95 4.477 4.285 5.373 5.848 6.303 6.563 6.52 6.368 6.509 6.286 5.78 5.259 4.717 4.785 4.958 5.17 5.133 5.077 5.01 4.671 5.256 5.95 5.787 5.439 5.304 4.991 3.95 3.813 4.303 4.393 4.87 4.981 5.677 6.041 5.979 -9999 -9999 -9999 -9999 -9999 -9999 -9999 -9999 -9999 -9999 -9999 -9999 -9999 -9999 -9999 -9999 -9999 -9999 -9999 -9999 -9999 -9999 -9999 -9999 -9999 -9999 -9999 -9999 -9999
-9999 -9999 -9999 6.069 6.038 5.269 6.396 -9999 -9999 6.727 6.756 -9999 -9999 4.628 4.813 5.666 5.65 5.573 5.914 6.034 6.15 5.877 6.237 6.174 5.545 5.107 4.709 4.58 4.385 4.443 4.138 4.085 4.634 5.097 5.23 5.134 4.853 4.513 3.943 3.828 3.818 4.254 4.595 4.983 5.591 5.756 5.637 5.875 -9999 -9999 -9999 -9999 -9999 -9999 -9999 -9999 -9999 -9999 -9999 -9999 -9999 -9999 -9999 -9999 -9999 -9999 -9999 -9999 -9999 -9999 -9999 -9999 -9999 -9999 -9999 -9999 -9999
-9999 -9999 -9999 6.416 5.619 5.824 -9999 -9999 -9999 -9999 6.801 -9999 6.148 5.022 5.763 5.981 5.409 5.184 5.108 5.492 5.467 5.538 5.681 5.892 5.841 5.052 4.563 4.505 4.553 4.202 3.967 4.4 4.687 4.608 4.523 3.987 4.099 4.351 4.54 4.432 4.26 4.539 4.831 5.298 5.804 5.834 5.904 6.173 6.019 -9999 -9999 -9999 -9999 -9999 -9999 -9999 -9999 -9999 -9999 -9999 -9999 -9999 -9999 -9999 -9999 -9999 -9999 -9999 -9999 -9999 -9999 -9999 -9999 -9999 -9999 -9999 -9999
-9999 5.771 5.733 5.532 5.868 -9999 -9999 5.387 -9999 -9999 -9999 -9999 6.26 5.896 6.18 6.009 5.693 5.228 4.935 4.849 4.698 4.746 5.151 5.432 5.538 5.462 4.779 4.784 4.676 4.592 4.831 4.769 4.288 4.306 3.344 3.021 3.659 4.205 4.576 4.855 4.77 4.995 5.034 5.425 5.884 6.037 6.137 6.202 6.197 -9999 -9999 -9999 -9999 -9999 -9999 -9999 -9999 -9999 -9999 -9999 -9999 -9999 -9999 -9999 -9999 -9999 -9999 -9999 -9999 -9999 -9999 -9999 -9999 -9999 -9999 -9999 -9999
-9999 -9999 5.318 5.416 6.174 -9999 5.431 4.606 5.359 -9999 -9999 -9999 -9999 6.598 6.499 6.446 6.16 5.772 5.348 4.82 4.706 4.929 5.146 5.225 5.424 5.066 5.185 4.994 4.772 4.6 4.653 4.22 4.854 4.266 4.093 3.944 3.485 3.81 4.692 4.957 5.322 5.436 5.464 5.708 6.004 6.11 6.16 5.99 6.03 6.145 -9999 -9999 -9999 -9999 -9999 -9999 -9999 -9999 -9999 -9999 -9999 -9999 -9999 -9999 -9999 -9999 -9999 -9999 -9999 -9999 -9999 -9999 -9999 -9999 -9999 -9999 -9999
-9999 -9999 5.805 5.543 5.826 -9999 5.882 4.769 5.696 -9999 -9999 -9999 -9999 -9999 6.662 6.626 6.552 6.529 6.017 5.614 5.288 4.873 4.415 4.573 4.909 5.187 5.204 4.899 4.665 4.724 4.509 4.63 4.944 4.658 4.543 4.547 4.933 4.97 5.236 5.333 5.676 5.588 5.82 6.235 6.281 6.263 6.154 5.985 5.627 5.787 6.24 -9999 -9999 -9999 -9999 -9999 -9999 -9999 -9999 -9999 -9999 -9999 -9999 -9999 -9999 -9999 -9999 -9999 -9999 -9999 -9999 -9999 -9999 -9999 -9999 -9999 -9999
-9999 -9999 5.661 5.19 -9999 -9999 6.382 5.431 5.14 6.112 -9999 -9999 -9999 -9999 -9999 6.608 6.391 6.102 5.96 5.232 4.583 4.264 3.94 4.072 4.471 4.896 4.648 4.817 4.713 4.363 4.283 4.68 3.279 4.137 3.959 4.731 4.264 4.831 5.441 5.401 5.706 5.991 6.215 6.099 5.809 5.735 5.895 5.665 5.799 5.181 5.746 6.304 6.612 -9999 -9999 -9999 -9999 -9999 -9999 -9999 -9999 -9999 -9999 -9999 -9999 -9999 -9999 -9999 -9999 -9999 -9999 -9999 -9999 -9999 -9999 -9999 -9999
-9999 -9999 5.365 6.086 -9999 -9999 5.777 4.722 4.927 -9999 -9999 -9999 -9999 -9999 -9999 6.585 6.231 6.013 5.755 5.18 4.888 4.797 4.478 4.379 4.305 4.392 4.482 4.545 3.661 3.048 4.006 3.02 2.528 2.99 4.205 4.103 4.749 5.538 5.18 5.373 5.741 5.773 5.846 5.901 5.711 5.707 5.146 4.823 5.273 5.059 5.007 5.937 6.491 -9999 -9999 -9999 -9999 -9999 -9999 -9999 -9999 -9999 -9999 -9999 -9999 -9999 -9999 -9999 -9999 -9999 -9999 -9999 -9999 -9999 -9999 -9999 -9999
-9999 -9999 5.79 6.696 -9999 -9999 -9999 5.908 5.638 5.825 -9999 -9999 -9999 -9999 -9999 6.638 6.292 6.054 5.863 5.534 5.336 4.67 3.885 3.613 4.116 4.085 4.614 4.421 3.719 3.577 4.074 2.556 3.147 3.89 3.631 4.118 5.153 4.915 5.251 5.276 5.495 5.851 5.674 5.443 5.475 5.095 3.767 3.935 4.348 4.993 5.004 5.483 6.172 -9999 -9999 -9999 -9999 -9999 -9999 -9999 -9999 -9999 -9999 -9999 -9999 -9999 -9999 -9999 -9999 -9999 -9999 -9999 -9999 -9999 -9999 -9999 -9999
-9999 5.366 5.798 6.497 -9999 -9999 -9999 -9999 -9999 -9999 -9999 -9999 -9999 -9999 -9999 6.303 5.96 5.859 5.674 5.431 5.185 4.387 3.939 3.877 4.169 4.343 4.044 4.057 3.282 3.463 2.819 2.502 3.188 3.918 3.66 4.133 4.377 4.93 4.995 5.425 5.442 5.316 5.461 5.158 5.024 3.934 3.674 3.396 4.483 5.282 5.477 5.615 5.994 6.74 -9999 -9999 -9999 -9999 -9999 -9999 -9999 -9999 -9999 -9999 -9999 -9999 -9999 -9999 -9999 -9999 -9999 -9999 -9999 -9999 -9999 -9999 -9999
5.34 5.377 5.445 6.582 -9999 -9999 -9999 -9999 -9999 -9999 -9999 -9999 -9999 6.531 6.363 6.128 5.664 5.152 4.836 5.02 5.013 4.843 4.612 4.985 4.501 3.633 3.736 3.765 3.767 4.107 3.611 2.727 4.124 3.953 3.974 4.156 4.604 5.019 5.454 4.978 5.113 5.266 5.068 4.809 4.073 3.88 3.807 3.868 4.611 5.638 5.849 5.746 6.03 6.459 -9999 -9999 -9999 -9999 -9999 -9999 -9999 -9999 -9999 -9999 -9999 -9999 -9999 -9999 -9999 -9999 -9999 -9999 -9999 -9999 -9999 -9999 -9999
5.348 5.866 6.722 -9999 -9999 -9999 -9999 -9999 -9999 -9999 -9999 -9999 -9999 6.472 6.487 6.085 5.279 4.803 4.858 4.241 3.868 3.958 3.936 4.292 4.419 4.556 4.357 3.889 4.248 4.73 4.343 3.945 3.278 3.845 3.69 4.376 4.766 5.433 5.04 4.896 4.972 4.81 4.32 3.731 3.417 3.856 4.264 4.647 5.208 5.224 5.204 5.527 5.888 6.35 -9999 -9999 -9999 -9999 -9999 -9999 -9999 -9999 -9999 -9999 -9999 -9999 -9999 -9999 -9999 -9999 -9999 -9999 -9999 -9999 -9999 -9999 -9999
-9999 -9999 -9999 -9999 -9999 -9999 -9999 -9999 -9999 -9999 -9999 -9999 -9999 6.436 6.283 5.335 5.148 4.894 4.611 3.683 3.596 3.001 3.441 3.859 4.36 4.606 4.25 2.983 3.619 4.964 4.955 3.596 3.578 3.917 4.049 4.03 4.797 4.372 4.192 4.466 4.057 3.666 3.29 4.06 4.075 4.129 4.337 4.637 5.502 5.666 5.446 5.565 6.051 6.478 -9999 -9999 -9999 -9999 -9999 -9999 -9999 -9999 -9999 -9999 -9999 -9999 -9999 -9999 -9999 -9999 -9999 -9999 -9999 -9999 -9999 -9999 -9999
-9999 -9999 -9999 -9999 -9999 -9999 -9999 -9999 -9999 -9999 -9999 -9999 6.255 5.704 4.981 5.061 4.619 4.803 4.663 4.438 3.367 3.427 3.346 3.759 4.145 5.139 4.659 4.06 4.318 4.889 5.037 4.564 4.36 4.268 4.11 4.164 3.721 4.454 4.696 4.421 4.059 2.946 3.831 3.618 3.959 4.485 4.49 4.683 4.674 5.461 5.846 6.042 6.238 6.477 -9999 -9999 -9999 -9999 -9999 -9999 -9999 -9999 -9999 -9999 -9999 -9999 -9999 -9999 -9999 -9999 -9999 -9999 -9999 -9999 -9999 -9999 -9999
-9999 -9999 -9999 -9999 -9999 -9999 -9999 -9999 -9999 -9999 -9999 -9999 5.687 5.254 4.882 4.003 4.299 4.825 4.712 3.854 4.48 3.991 3.847 4.232 4.757 5.731 5.54 4.941 4.639 4.772 5.535 5.153 4.948 4.832 4.727 3.931 4.882 4.308 4.691 4.655 3.221 4.38 3.907 4.0 4.495 4.581 4.97 4.817 4.49 5.035 5.631 5.928 6.24 6.521 -9999 -9999 -9999 -9999 -9999 -9999 -9999 -9999 -9999 -9999 -9999 -9999 -9999 -9999 -9999 -9999 -9999 -9999 -9999 -9999 -9999 -9999 -9999
-9999 -9999 -9999 -9999 -9999 -9999 -9999 -9999 -9999 -9999 -9999 6.03 5.333 5.38 4.357 4.596 4.275 3.4 3.917 4.501 4.786 4.336 4.559 4.732 4.828 5.283 5.378 5.048 5.074 5.911 5.894 5.487 4.954 4.876 4.131 5.11 4.795 4.336 5.08 3.983 3.843 4.552 4.793 4.999 4.592 4.644 4.772 4.556 4.945 5.339 5.74 6.01 6.247 6.506 6.697 -9999 -9999 -9999 -9999 -9999 -9999 -9999 -9999 -9999 -9999 -9999 -9999 -9999 -9999 -9999 -9999 -9999 -9999 -9999 -9999 -9999 -9999
-9999 -9999 -9999 -9999 -9999 -9999 -9999 -9999 -9999 -9999 5.982 5.672 5.482 5.435 5.234 5.007 4.282 4.319 4.192 3.909 5.193 5.185 5.052 4.785 4.837 5.171 5.51 5.914 6.102 5.805 6.076 5.711 5.231 4.877 5.144 5.46 5.142 5.131 5.336 4.196 3.879 4.24 4.431 4.598 4.708 5.033 4.98 4.722 5.237 5.517 5.732 5.95 6.297 6.516 6.735 -9999 -9999 -9999 -9999 -9999 -9999 -9999 -9999 -9999 -9999 -9999 -9999 -9999 -9999 -9999 -9999 -9999 -9999 -9999 -9999 -9999 -9999
-9999 -9999 -9999 -9999 -9999 -9999 -9999 -9999 -9999 -9999 5.825 4.541 5.289 5.422 5.486 5.641 4.941 3.648 3.832 4.991 5.297 5.6 5.401 5.189 5.024 4.876 6.053 6.419 6.201 6.189 5.788 5.836 5.368 5.484 5.473 5.754 5.535 5.601 5.102 4.764 4.324 4.193 4.428 4.525 5.099 5.458 5.275 5.186 5.204 5.413 5.779 6.171 6.269 6.437 6.677 -9999 -9999 -9999 -9999 -9999 -9999 -9999 -9999 -9999 -9999 -9999 -9999 -9999 -9999 -9999 -9999 -9999 -9999 -9999 -9999 -9999 -9999
-9999 -9999 -9999 -9999 -9999 -9999 -9999 -9999 -9999 6.048 4.763 5.003 5.125 5.288 5.663 5.836 4.911 4.354 4.744 4.847 5.387 5.607 5.737 5.354 4.986 5.711 5.972 6.223 6.594 6.158 6.122 5.936 5.977 5.85 5.914 6.07 6.02 5.563 5.702 5.168 4.39 4.571 4.573 4.768 4.908 5.408 5.532 5.85 5.534 5.536 5.817 6.212 6.438 6.423 6.574 6.892 -9999 -9999 -9999 -9999 -9999 -9999 -9999 -9999 -9999 -9999 -9999 -9999 -9999 -9999 -9999 -9999 -9999 -9999 -9999 -9999 -9999
-9999 -9999 -9999 -9999 -9999 -9999 -9999 -9999 6.277 -9999 5.643 5.126 5.155 5.349 5.808 6.16 5.704 5.62 5.072 4.586 5.236 5.759 5.924 5.881 5.864 5.951 6.023 6.266 6.481 6.249 6.476 6.416 6.357 6.289 6.4 6.473 6.362 6.179 5.884 5.479 5.433 5.104 5.023 5.029 5.355 5.736 6.324 5.779 5.424 5.703 5.939 6.18 6.391 6.543 6.677 6.8 -9999 -9999 -9999 -9999 -9999 -9999 -9999 -9999 -9999 -9999 -9999 -9999 -9999 -9999 -9999 -9999 -9999 -9999 -9999 -9999 -9999
