Validation/Results/raw data/ReClimate_08_2024_2_Temperature-Actuals.asc
NCOLS 192
NROWS 249
XLLCENTER -225160.85627316462
YLLCENTER 29788.11610251502
CELLSIZE 5000.0
NODATA_VALUE -9999
[rows 170 to 203 of 249, columns 77 to 153 of 192]
-9999 -9999 -9999 -9999 -9999 -9999 -9999 -9999 -9999 -9999 -9999 -9999 -9999 -9999 -9999 12.037 11.891 -9999 -9999 -9999 -9999 -9999 -9999 -9999 -9999 -9999 -9999 -9999 -9999 -9999 -9999 -9999 -9999 -9999 11.629 11.612 11.477 11.339 11.111 11.184 11.278 11.315 11.345 11.499 11.619 11.624 11.364 10.899 10.125 9.367 8.655 8.815 8.751 9.173 10.198 10.654 10.876 10.561 10.557 10.778 11.016 11.05 11.11 11.136 11.155 11.124 11.009 10.973 11.069 11.101 10.97 10.595 10.701 10.664 10.899 11.173 11.359
-9999 -9999 -9999 -9999 -9999 -9999 -9999 -9999 -9999 -9999 -9999 -9999 -9999 -9999 -9999 11.737 11.533 11.635 -9999 -9999 -9999 -9999 -9999 -9999 -9999 -9999 -9999 -9999 -9999 -9999 -9999 -9999 -9999 11.734 11.65 11.564 11.544 11.31 11.356 11.309 11.365 11.342 11.357 11.408 11.449 11.398 11.273 10.962 10.403 9.456 8.659 9.014 9.406 9.46 10.048 10.975 11.091 10.871 10.497 10.658 10.968 11.026 11.053 11.09 11.126 11.116 11.057 10.948 11.011 11.077 11.021 10.754 10.579 10.684 10.83 11.197 11.425
-9999 -9999 -9999 -9999 -9999 -9999 -9999 -9999 -9999 -9999 -9999 -9999 -9999 -9999 12.02 11.639 11.338 11.504 11.874 -9999 -9999 -9999 -9999 -9999 -9999 -9999 -9999 -9999 -9999 -9999 11.549 -9999 -9999 11.701 11.371 11.58 11.595 11.536 -9999 11.242 11.191 11.159 11.183 11.125 11.229 11.172 11.07 10.671 10.12 10.475 9.418 9.569 9.968 9.352 10.129 10.581 10.98 10.916 10.667 10.722 10.895 10.967 11.106 11.174 11.185 11.143 11.108 11.004 11.011 11.108 11.052 10.947 10.7 10.582 10.658 11.067 11.346
-9999 -9999 -9999 -9999 -9999 -9999 -9999 -9999 -9999 -9999 -9999 -9999 -9999 -9999 12.089 11.682 11.485 11.498 11.754 11.907 12.072 -9999 -9999 -9999 11.417 11.541 -9999 11.539 11.579 11.521 10.789 10.99 -9999 -9999 11.479 11.471 -9999 -9999 11.287 11.083 11.263 11.428 11.257 11.091 10.988 10.966 10.76 10.185 9.496 9.823 9.7 9.435 9.544 9.452 9.64 10.703 10.857 10.761 10.535 10.714 10.832 10.953 11.007 11.13 11.184 11.171 11.13 11.057 11.025 11.137 11.11 11.053 10.892 10.692 10.491 10.639 10.997
-9999 -9999 -9999 -9999 -9999 -9999 -9999 -9999 -9999 -9999 -9999 -9999 -9999 -9999 -9999 11.946 11.654 11.585 11.78 11.867 -9999 -9999 9.862 9.734 10.956 10.417 10.605 10.763 11.353 11.177 10.967 10.671 10.73 -9999 11.429 11.434 11.408 11.354 10.926 10.719 11.147 11.527 11.388 11.106 10.993 10.849 10.648 9.935 9.001 9.052 9.306 9.558 9.786 9.593 9.794 10.485 10.901 10.784 10.58 10.663 10.743 10.845 10.938 11.036 11.146 11.184 11.104 10.914 10.999 11.19 11.181 11.139 11.034 10.85 10.718 10.611 10.653
-9999 -9999 -9999 -9999 -9999 -9999 -9999 -9999 -9999 -9999 -9999 -9999 -9999 -9999 -9999 12.083 11.855 11.953 11.973 11.962 11.729 10.337 8.254 10.282 10.674 9.887 10.36 10.108 10.564 11.079 10.829 9.991 10.583 10.804 11.139 11.364 11.329 11.157 10.827 10.696 11.004 11.28 11.242 11.125 10.969 10.807 10.52 9.641 9.057 8.735 9.045 9.148 9.859 9.983 9.737 10.034 10.513 10.609 10.606 10.656 10.669 10.765 10.887 10.974 11.167 11.164 11.157 11.119 11.007 11.195 11.249 11.236 11.172 10.988 10.711 10.728 10.889
-9999 -9999 -9999 -9999 -9999 -9999 -9999 -9999 -9999 -9999 -9999 -9999 -9999 -9999 -9999 -9999 12.143 12.179 11.945 11.311 10.163 7.629 8.247 9.93 9.808 10.019 9.557 9.44 9.753 10.153 10.374 10.557 9.885 10.547 10.983 11.121 11.265 11.217 10.955 10.853 10.945 11.078 11.131 11.014 10.885 10.741 10.322 9.773 9.219 9.052 9.384 9.182 9.421 10.314 10.053 10.115 10.373 10.413 10.57 10.743 10.734 10.748 10.838 10.967 11.181 11.218 11.24 11.135 11.116 11.198 11.273 11.307 11.251 11.167 11.065 10.972 11.062
-9999 -9999 -9999 -9999 -9999 -9999 -9999 -9999 -9999 -9999 -9999 -9999 -9999 -9999 -9999 -9999 -9999 -9999 11.434 10.345 9.115 8.523 8.83 10.12 10.134 9.514 8.988 8.884 8.966 9.855 10.651 10.285 9.636 10.157 10.76 11.084 11.337 11.229 10.996 10.794 10.829 10.872 10.911 10.932 10.851 10.585 10.044 9.754 9.583 9.184 9.432 9.233 9.138 9.721 10.368 10.307 10.636 10.493 10.384 10.633 10.75 10.856 10.93 11.048 11.191 11.244 11.272 11.277 11.114 11.181 11.25 11.307 11.315 11.291 11.259 11.206 11.175
-9999 -9999 -9999 -9999 -9999 -9999 -9999 -9999 -9999 -9999 -9999 -9999 -9999 -9999 -9999 -9999 -9999 12.044 11.068 10.393 9.995 9.037 9.983 10.348 9.826 9.701 9.21 8.74 9.087 9.232 10.094 9.957 9.454 9.816 10.4 11.195 11.324 11.228 10.856 10.653 10.671 10.753 10.849 10.895 10.744 10.296 10.096 10.226 9.861 9.355 9.561 9.531 9.598 9.767 9.896 10.379 10.55 10.57 10.582 10.61 10.783 10.791 11.018 11.168 11.237 11.26 11.288 11.108 11.111 11.193 11.287 11.322 11.358 11.371 11.359 11.31 11.307
-9999 -9999 -9999 -9999 -9999 -9999 -9999 -9999 -9999 -9999 -9999 -9999 -9999 -9999 -9999 -9999 12.027 10.336 10.784 10.359 9.881 10.084 8.843 9.055 9.337 9.26 8.703 9.168 8.952 9.449 9.933 9.304 9.017 9.672 10.463 11.184 11.381 11.186 10.724 10.682 10.759 10.795 10.878 10.794 10.529 10.493 10.384 9.994 9.744 9.555 9.334 9.776 9.943 10.095 10.204 10.203 10.626 10.663 10.815 10.844 10.879 11.085 10.958 11.159 11.272 11.26 11.242 11.075 11.008 11.216 11.257 11.307 11.347 11.372 11.364 11.394 11.472
-9999 -9999 -9999 -9999 -9999 -9999 -9999 -9999 -9999 -9999 -9999 -9999 -9999 -9999 -9999 11.913 10.519 11.113 11.131 10.768 10.876 10.288 9.896 9.414 8.959 8.634 8.647 8.748 8.966 9.693 9.322 9.457 10.187 10.397 10.912 11.06 11.251 11.037 10.745 10.714 10.736 10.827 10.709 10.473 10.619 10.572 10.389 9.936 9.801 10.054 9.851 9.849 10.146 10.263 10.393 10.52 10.609 10.833 10.97 11.175 11.216 11.287 11.275 11.15 11.221 11.257 11.228 11.055 11.001 11.222 11.276 11.261 11.292 11.308 11.36 11.416 11.506
-9999 -9999 -9999 -9999 -9999 -9999 -9999 -9999 -9999 -9999 -9999 -9999 -9999 11.731 11.912 11.55 11.627 11.881 11.943 11.684 11.82 11.215 10.345 9.589 8.862 7.947 9.176 9.297 9.732 9.596 8.806 9.155 9.62 10.439 10.768 10.903 11.008 10.891 10.717 10.619 10.722 10.697 10.514 10.451 10.411 10.611 10.32 9.999 10.007 9.993 10.035 10.189 10.339 10.488 10.68 10.943 10.938 10.945 11.183 11.429 11.483 11.353 11.282 11.239 11.197 11.16 11.175 10.971 10.895 11.137 11.277 11.278 11.245 11.262 11.324 11.406 -9999
-9999 -9999 -9999 -9999 -9999 -9999 -9999 -9999 -9999 -9999 -9999 -9999 11.559 11.636 11.659 11.881 -9999 -9999 -9999 -9999 11.201 10.136 9.836 9.486 8.616 9.393 9.445 8.892 9.304 8.664 7.532 8.363 9.291 9.842 10.596 10.968 10.91 10.826 10.753 10.727 10.734 10.689 10.541 10.48 10.373 10.466 10.311 10.26 10.213 10.202 10.35 10.481 10.567 10.745 10.864 11.132 11.3 11.208 11.274 11.382 11.436 11.344 11.233 11.15 11.041 10.999 11.016 10.947 10.853 10.995 11.208 11.298 11.273 11.25 11.311 11.391 11.486
-9999 -9999 -9999 -9999 -9999 -9999 -9999 -9999 -9999 -9999 -9999 -9999 11.58 11.473 12.025 -9999 -9999 -9999 -9999 -9999 10.853 10.051 9.579 9.764 9.068 9.153 8.739 8.293 8.484 8.126 8.171 9.512 9.648 10.298 10.84 11.003 10.928 10.847 10.749 10.634 10.606 10.656 10.585 10.483 10.468 10.395 10.499 10.496 10.553 10.334 10.282 10.395 10.623 10.781 10.846 11.028 11.13 11.191 11.219 11.204 11.182 11.022 11.003 10.813 10.671 10.668 10.815 10.879 10.879 10.996 11.16 11.315 11.339 11.341 11.332 11.347 11.405
-9999 -9999 -9999 -9999 -9999 -9999 -9999 -9999 -9999 -9999 -9999 -9999 -9999 -9999 12.201 -9999 -9999 -9999 -9999 -9999 10.786 9.885 10.167 9.855 9.478 9.377 8.185 8.468 9.309 8.6 9.373 9.683 9.995 10.655 11.014 11.06 10.831 10.81 10.695 10.635 10.764 10.719 10.726 10.688 10.553 10.583 10.679 10.785 10.708 10.656 10.551 10.472 10.693 10.723 10.504 10.656 10.886 10.97 11.154 11.106 10.886 10.623 10.505 10.694 10.629 10.619 10.719 10.842 10.89 10.997 11.159 11.33 11.385 11.413 11.417 11.399 11.451
-9999 -9999 -9999 -9999 -9999 -9999 -9999 -9999 -9999 -9999 -9999 -9999 -9999 -9999 -9999 -9999 -9999 -9999 -9999 -9999 11.122 10.502 11.307 10.508 9.704 8.499 8.668 8.831 8.865 9.566 9.641 9.795 10.663 10.948 11.17 11.028 10.938 10.82 10.819 10.844 10.859 10.886 10.858 10.776 10.707 10.678 10.761 10.731 10.575 10.763 10.88 10.824 10.772 10.903 10.627 10.452 10.685 10.681 10.889 11.085 10.842 10.665 10.532 10.592 10.809 10.807 10.804 10.939 11.011 11.057 11.162 11.325 11.395 11.445 11.468 11.493 11.547
-9999 -9999 -9999 -9999 -9999 -9999 -9999 -9999 -9999 -9999 -9999 -9999 -9999 -9999 -9999 -9999 -9999 -9999 -9999 -9999 -9999 11.161 9.876 9.319 9.183 9.405 9.326 9.146 9.806 9.846 10.254 10.73 10.624 11.095 11.055 10.746 10.765 10.843 10.973 11.061 10.998 10.86 10.792 10.627 10.604 10.675 10.803 10.64 10.44 10.581 10.875 10.968 10.938 10.877 10.837 10.672 10.579 10.402 10.454 10.944 10.994 10.721 10.543 10.411 10.551 10.884 10.926 11.025 11.137 11.257 11.29 11.394 11.446 11.494 11.522 11.561 11.612
-9999 -9999 -9999 -9999 -9999 -9999 -9999 -9999 -9999 -9999 -9999 -9999 -9999 -9999 -9999 -9999 -9999 -9999 -9999 -9999 11.174 10.595 9.946 8.942 9.774 9.904 9.399 9.731 9.785 9.792 10.695 10.652 10.636 10.853 9.917 10.495 10.778 10.796 10.79 10.997 10.753 10.304 10.323 10.552 10.727 10.69 10.803 10.738 10.651 10.667 10.879 10.972 10.993 10.943 10.839 10.81 10.66 10.62 10.655 10.916 10.988 10.756 10.486 10.299 10.366 10.743 11.03 11.124 11.267 11.38 11.448 11.493 11.538 11.562 11.576 11.617 11.655
-9999 -9999 -9999 -9999 -9999 -9999 -9999 -9999 -9999 -9999 -9999 -9999 -9999 -9999 -9999 -9999 -9999 -9999 -9999 -9999 11.472 10.877 9.102 10.383 10.847 10.195 10.018 9.702 9.202 9.872 10.654 10.63 10.903 10.505 10.538 10.539 10.398 10.397 10.803 10.778 10.481 10.388 10.458 10.788 10.745 10.693 10.794 10.764 10.897 10.922 10.953 11.006 11.004 11.007 10.969 10.914 10.832 10.677 10.808 10.979 10.893 10.588 10.292 10.31 10.381 10.547 10.896 11.192 11.274 11.423 11.451 11.495 11.602 11.655 11.662 11.682 11.718
-9999 -9999 -9999 -9999 -9999 -9999 -9999 -9999 -9999 -9999 -9999 -9999 -9999 -9999 -9999 -9999 -9999 -9999 -9999 -9999 11.339 10.595 11.177 10.919 10.614 10.294 9.787 8.977 9.326 9.674 10.415 10.691 11.013 10.867 10.501 9.924 9.607 9.797 10.428 10.271 10.421 10.374 10.624 10.87 10.758 10.783 10.825 10.889 11.038 10.955 10.892 10.99 11.026 10.868 10.96 10.996 10.929 10.859 10.91 10.974 10.826 10.585 10.432 10.411 10.562 10.725 10.937 11.083 11.252 11.389 11.55 11.514 11.627 11.696 11.697 11.713 11.736
-9999 -9999 -9999 -9999 -9999 -9999 -9999 -9999 -9999 -9999 -9999 -9999 -9999 -9999 -9999 -9999 -9999 -9999 -9999 -9999 -9999 11.597 10.503 9.882 9.204 9.088 9.116 9.437 9.848 10.626 10.847 11.001 10.825 10.708 10.476 10.101 9.771 9.765 10.053 10.375 10.37 10.245 10.549 10.768 10.679 10.932 10.935 10.863 11.198 11.233 11.049 11.071 11.139 10.897 10.753 10.991 10.94 10.911 10.959 10.94 10.755 10.647 10.677 10.798 10.816 10.926 10.987 11.034 11.239 11.431 11.506 11.551 11.675 11.75 11.727 11.713 11.739
-9999 -9999 -9999 -9999 -9999 -9999 -9999 -9999 -9999 -9999 -9999 -9999 -9999 -9999 -9999 -9999 -9999 -9999 -9999 -9999 -9999 11.025 10.06 9.245 8.544 8.366 8.824 9.723 10.484 10.696 10.413 9.902 9.536 9.569 10.079 10.383 9.98 9.987 10.219 10.401 9.953 10.172 10.392 10.465 10.59 10.952 10.945 11.026 11.031 11.177 11.178 11.111 11.195 11.027 10.834 10.958 10.999 10.858 10.805 10.773 10.644 10.627 10.779 10.724 10.789 10.844 11.001 10.973 11.165 11.364 11.385 11.513 11.689 11.754 11.729 11.659 11.593
-9999 -9999 -9999 -9999 -9999 -9999 -9999 -9999 -9999 -9999 -9999 -9999 -9999 -9999 -9999 -9999 -9999 -9999 -9999 -9999 11.558 11.036 10.072 9.226 8.713 8.915 9.372 9.862 9.597 8.964 9.296 9.173 9.248 9.985 10.331 10.169 10.102 10.346 10.495 10.122 10.039 10.117 10.366 10.492 10.633 11.051 11.002 10.823 11.023 10.875 10.967 10.917 10.994 10.943 10.942 11.109 11.065 10.999 10.968 10.82 10.746 10.58 10.684 10.731 10.777 10.908 10.959 11.111 11.243 11.31 11.331 11.506 11.729 11.77 11.77 11.672 11.542
-9999 -9999 -9999 -9999 -9999 -9999 -9999 -9999 -9999 -9999 -9999 -9999 -9999 -9999 -9999 -9999 -9999 -9999 -9999 -9999 11.358 10.711 10.281 9.878 9.316 8.685 8.983 9.22 9.076 9.153 8.897 8.79 9.252 9.959 9.633 9.689 10.333 10.196 10.622 10.304 10.04 9.995 10.593 10.598 11.043 11.149 10.98 10.856 10.462 10.7 10.726 10.795 10.755 10.718 10.872 11.094 11.146 11.151 11.167 11.131 10.83 10.674 10.617 10.677 10.782 11.062 11.151 11.233 11.305 11.303 11.343 11.523 11.64 11.777 11.811 11.766 11.619
-9999 -9999 -9999 -9999 -9999 -9999 -9999 -9999 -9999 -9999 -9999 -9999 -9999 -9999 -9999 -9999 -9999 -9999 -9999 -9999 10.911 10.953 11.001 10.259 9.167 8.584 8.935 9.16 9.384 9.022 9.132 9.343 9.573 9.475 9.602 10.277 10.354 10.463 10.143 10.555 10.406 10.642 10.607 10.682 11.075 11.246 11.1 10.72 10.789 10.701 10.658 10.718 10.712 10.796 10.812 10.919 11.023 11.139 11.209 11.145 10.882 10.67 10.806 10.97 10.899 11.093 11.194 11.339 11.35 11.307 11.459 11.653 11.763 11.857 11.965 11.921 11.85
-9999 -9999 -9999 -9999 -9999 -9999 -9999 -9999 -9999 -9999 -9999 -9999 -9999 -9999 -9999 -9999 -9999 -9999 -9999 11.089 10.826 10.342 10.443 10.169 9.156 8.985 8.626 9.106 9.762 9.767 9.879 9.53 9.452 9.824 9.802 9.905 10.374 10.361 10.735 10.878 10.908 10.843 10.697 10.961 11.185 11.241 11.207 11.121 11.003 10.979 10.843 10.837 10.788 10.831 10.929 10.941 11.021 11.236 11.208 11.049 10.891 10.805 11.007 11.17 11.171 11.15 11.339 11.29 11.356 11.344 11.397 11.598 11.782 11.858 11.94 11.955 11.966
-9999 -9999 -9999 -9999 -9999 -9999 -9999 -9999 -9999 -9999 -9999 -9999 -9999 -9999 -9999 -9999 -9999 -9999 10.895 10.81 10.208 10.461 10.47 9.477 8.836 8.679 8.936 9.39 9.859 9.735 9.859 9.563 9.077 9.704 9.659 10.392 10.65 10.877 10.92 10.847 10.731 10.763 10.666 11.035 11.144 11.416 11.412 11.284 11.224 11.169 11.112 10.954 10.931 11.061 11.137 11.062 11.036 11.106 11.104 10.969 10.874 10.845 11.034 11.311 11.412 11.45 11.307 11.266 11.317 11.397 11.46 11.608 11.686 11.722 11.752 11.815 11.891
-9999 -9999 -9999 -9999 -9999 -9999 -9999 -9999 -9999 -9999 -9999 -9999 -9999 -9999 -9999 -9999 10.498 10.622 10.523 11.006 10.892 10.685 10.069 9.112 8.693 8.571 8.475 9.251 9.609 10.084 9.84 9.336 9.304 9.808 10.343 10.596 10.935 10.984 11.005 10.709 10.629 10.6 10.889 11.253 11.4 11.454 11.388 11.249 11.252 11.311 11.231 11.048 11.101 11.198 11.327 11.086 10.963 10.857 10.739 10.747 10.771 10.94 11.054 11.253 11.266 11.365 11.342 11.37 11.383 11.431 11.516 11.663 11.763 11.628 11.609 11.666 11.811
-9999 -9999 -9999 -9999 -9999 -9999 -9999 -9999 -9999 -9999 -9999 -9999 -9999 -9999 -9999 10.534 10.326 10.0 10.362 10.775 10.751 10.441 9.345 9.173 8.667 8.623 9.082 9.782 10.307 10.259 10.153 9.629 9.072 9.656 10.259 10.796 10.833 10.868 10.637 10.812 10.61 10.651 11.059 11.352 11.576 11.546 11.3 11.348 11.216 11.264 11.317 11.222 11.183 11.23 11.155 11.162 10.937 10.899 10.798 10.609 10.607 10.711 10.896 11.043 11.131 11.239 11.382 11.337 11.539 11.593 11.622 11.713 11.691 11.608 11.536 11.653 11.804
-9999 -9999 -9999 -9999 -9999 -9999 -9999 -9999 -9999 -9999 -9999 -9999 11.929 11.374 10.964 10.651 10.096 10.081 10.357 10.846 10.915 9.826 9.497 9.21 9.466 8.84 9.7 9.937 9.592 10.134 10.334 9.003 9.601 10.18 11.014 11.025 10.82 10.347 11.018 10.921 10.854 10.873 10.974 11.351 11.542 11.612 11.492 11.485 11.337 11.238 11.335 11.314 11.313 11.178 11.093 10.796 10.909 10.968 10.932 10.759 10.72 10.813 10.971 11.142 11.153 11.248 11.306 11.448 11.526 11.622 11.589 11.668 11.711 11.641 11.688 11.748 11.826
-9999 -9999 -9999 -9999 -9999 -9999 -9999 -9999 -9999 -9999 11.373 11.549 11.513 11.308 11.169 10.804 10.832 10.594 10.799 10.647 9.889 10.202 9.89 9.745 9.941 9.603 9.532 8.812 9.347 9.737 9.645 9.991 10.41 10.917 10.314 10.545 10.791 10.992 11.139 11.188 11.063 11.076 11.25 11.238 11.5 11.722 11.67 11.599 11.509 11.457 11.441 11.219 11.331 11.337 11.074 10.888 10.728 10.957 10.94 10.793 10.728 10.78 10.915 11.198 11.356 11.415 11.387 11.371 11.546 11.508 11.467 11.589 11.705 11.703 11.716 11.738 11.737
-9999 -9999 -9999 -9999 -9999 -9999 11.437 11.401 11.394 11.388 10.878 11.457 11.245 11.294 11.104 10.923 10.925 10.777 10.511 9.81 10.19 10.513 9.94 10.39 10.215 9.864 9.022 9.2 9.554 9.792 9.74 10.404 10.848 9.747 9.797 10.475 10.556 11.01 11.154 11.258 11.104 10.921 11.177 11.103 11.655 11.739 11.708 11.515 11.4 11.454 10.954 11.13 11.261 11.327 11.085 10.78 10.769 10.895 10.927 10.932 10.858 10.869 10.965 11.195 11.339 11.445 11.479 11.365 11.408 11.512 11.5 11.657 11.804 11.714 11.454 11.453 11.391
-9999 -9999 -9999 -9999 -9999 11.844 11.432 11.409 11.237 10.44 10.146 10.296 10.598 10.93 10.476 10.422 10.554 10.371 9.902 10.27 10.436 10.179 10.64 10.869 10.538 9.955 9.485 9.689 9.87 9.878 10.172 10.564 9.594 8.455 9.562 10.24 10.81 10.832 11.051 10.927 11.001 11.172 11.256 11.521 11.645 11.669 11.719 11.519 11.325 10.984 10.682 10.524 11.038 11.189 10.786 10.66 10.726 10.877 10.986 10.956 10.958 10.962 11.113 11.143 11.228 11.371 11.278 11.205 11.374 11.5 11.554 11.677 11.76 11.594 11.364 11.233 11.276
-9999 -9999 -9999 -9999 12.173 11.572 11.295 11.265 10.861 10.35 10.442 10.681 10.937 10.5 10.437 10.444 10.856 10.337 10.167 10.462 10.531 10.753 11.276 10.912 10.161 9.755 9.966 10.14 10.106 10.544 10.601 10.281 8.876 8.906 9.543 10.705 10.571 10.712 10.687 11.096 11.235 11.183 11.353 11.483 11.608 11.674 11.822 11.688 11.391 10.893 10.466 10.585 10.897 10.989 10.728 10.446 10.646 10.844 10.937 11.037 11.054 11.104 11.133 11.182 11.108 11.216 11.329 11.244 11.34 11.362 11.274 11.491 11.646 11.507 11.31 11.307 11.348
