Validation/Results/raw data/ReClimate_05_2024_2weatherlogisticsltd.asc
NCOLS 192
NROWS 249
XLLCENTER -225160.85627316462
YLLCENTER 29788.11610251502
CELLSIZE 5000.0
NODATA_VALUE -9999
[rows 132 to 164 of 249, columns 74 to 147 of 192]
-9999 -9999 -9999 -9999 -9999 -9999 -9999 -9999 -9999 -9999 -9999 -9999 -9999 152.076 150.404 148.425 146.695 145.188 144.011 142.906 141.863 140.873 139.928 139.023 138.149 137.304 136.48 135.678 134.976 134.612 134.501 134.401 134.306 134.212 134.115 134.01 133.893 133.762 133.624 133.478 133.328 133.177 133.029 133.007 133.217 133.426 133.643 133.891 134.15 134.429 134.728 135.015 135.306 135.58 135.849 136.115 136.38 136.675 -9999 -9999 -9999 -9999 -9999 -9999 -9999 -9999 -9999 -9999 -9999 -9999 -9999 -9999 -9999 -9999
166.271 -9999 -9999 -9999 -9999 -9999 -9999 -9999 -9999 -9999 -9999 -9999 -9999 152.648 150.686 148.758 146.897 145.281 143.936 142.806 141.74 140.729 139.763 138.838 137.945 137.08 136.237 135.405 134.694 134.357 134.229 134.108 133.995 133.893 133.79 133.679 133.559 133.43 133.293 133.149 133.002 132.854 132.753 132.895 133.122 133.381 133.726 134.074 134.41 134.745 135.066 135.377 135.671 135.954 136.228 136.493 136.752 137.006 -9999 -9999 -9999 -9999 -9999 -9999 -9999 -9999 -9999 -9999 -9999 -9999 -9999 -9999 -9999 -9999
166.752 -9999 -9999 -9999 -9999 -9999 -9999 -9999 -9999 -9999 -9999 -9999 154.942 153.074 151.052 149.09 147.178 145.392 143.85 142.693 141.601 140.565 139.577 138.629 137.715 136.828 135.964 135.103 134.407 134.113 133.975 133.843 133.72 133.599 133.476 133.349 133.216 133.081 132.945 132.803 132.659 132.517 132.547 132.893 133.259 133.658 134.067 134.45 134.81 135.15 135.474 135.78 136.069 136.348 136.616 136.877 137.134 137.388 137.57 -9999 -9999 -9999 -9999 -9999 -9999 -9999 -9999 -9999 -9999 -9999 -9999 -9999 -9999 -9999
167.286 -9999 -9999 -9999 -9999 -9999 -9999 -9999 -9999 -9999 -9999 156.992 -9999 153.493 151.429 149.425 147.47 145.555 143.915 142.564 141.444 140.381 139.367 138.394 137.456 136.545 135.657 134.766 134.101 133.869 133.728 133.592 133.459 133.327 133.194 133.058 132.92 132.78 132.637 132.493 132.381 132.416 132.76 133.201 133.623 134.054 134.46 134.84 135.197 135.533 135.85 136.148 136.433 136.705 136.968 137.224 137.478 137.732 137.96 -9999 -9999 -9999 -9999 -9999 -9999 -9999 -9999 -9999 -9999 -9999 -9999 -9999 -9999 -9999
167.854 167.265 -9999 -9999 -9999 -9999 -9999 -9999 -9999 -9999 -9999 157.804 -9999 153.939 151.823 149.768 147.763 145.796 143.967 142.419 141.266 140.173 139.13 138.13 137.164 136.227 135.312 134.391 133.772 133.62 133.476 -9999 -9999 -9999 -9999 -9999 -9999 132.497 132.376 132.345 132.433 132.652 133.101 133.55 134.0 134.427 134.826 135.201 135.554 135.885 136.197 136.491 136.768 137.034 137.29 137.541 137.792 138.046 138.301 138.508 -9999 -9999 -9999 -9999 -9999 -9999 -9999 -9999 -9999 -9999 -9999 -9999 -9999 -9999
168.461 167.873 167.288 -9999 -9999 -9999 -9999 -9999 -9999 -9999 -9999 158.475 156.674 154.421 152.242 150.126 148.06 146.033 144.05 142.377 141.066 139.939 138.864 137.832 136.836 135.869 134.923 134.006 133.517 133.365 133.219 -9999 -9999 -9999 -9999 132.509 132.362 132.27 132.36 132.485 132.617 132.943 133.42 133.894 134.344 134.767 135.164 135.536 135.886 136.215 136.523 136.811 137.084 137.342 137.59 137.834 138.08 138.335 138.592 138.843 -9999 -9999 -9999 -9999 -9999 -9999 -9999 -9999 -9999 -9999 -9999 -9999 -9999 -9999
168.161 168.523 167.941 167.359 -9999 -9999 -9999 -9999 -9999 -9999 -9999 159.085 157.281 154.948 -9999 -9999 148.366 146.268 144.197 142.345 -9999 139.658 138.562 137.496 136.466 135.466 134.484 133.633 133.257 -9999 -9999 -9999 -9999 -9999 132.378 132.25 132.213 132.371 132.511 132.637 132.823 133.233 133.735 134.211 134.66 135.083 135.48 135.853 136.203 136.53 136.835 137.121 137.386 137.637 137.876 138.109 138.348 138.604 138.876 139.158 -9999 -9999 -9999 -9999 -9999 -9999 -9999 -9999 -9999 -9999 -9999 -9999 -9999 -9999
169.06 168.884 168.611 167.982 -9999 -9999 -9999 -9999 -9999 -9999 -9999 -9999 157.933 155.543 -9999 -9999 -9999 146.506 144.35 142.292 140.57 -9999 -9999 137.112 136.046 135.008 133.987 133.254 -9999 -9999 -9999 -9999 -9999 132.252 132.137 132.176 132.364 132.524 132.662 132.786 133.034 133.527 134.028 134.504 134.956 135.382 135.783 136.159 136.51 136.836 137.14 137.422 137.684 137.928 138.156 138.374 138.601 138.859 139.145 139.442 -9999 -9999 -9999 -9999 -9999 -9999 -9999 -9999 -9999 -9999 -9999 -9999 -9999 -9999
169.125 169.104 168.897 -9999 -9999 -9999 -9999 -9999 -9999 -9999 -9999 -9999 -9999 156.16 -9999 -9999 -9999 -9999 144.495 142.26 140.415 -9999 -9999 -9999 135.158 134.015 -9999 -9999 -9999 -9999 -9999 -9999 -9999 132.026 132.118 132.341 132.528 132.684 132.819 132.957 133.283 133.799 134.297 134.779 135.24 135.674 136.081 136.461 136.814 137.141 137.445 137.726 137.985 138.223 138.443 138.646 138.848 139.113 139.421 139.732 -9999 -9999 -9999 -9999 -9999 -9999 -9999 -9999 -9999 -9999 -9999 -9999 -9999 -9999
169.179 169.157 -9999 -9999 -9999 -9999 -9999 -9999 -9999 -9999 -9999 -9999 -9999 156.941 -9999 -9999 -9999 -9999 -9999 142.271 140.215 -9999 -9999 -9999 -9999 -9999 -9999 -9999 -9999 -9999 -9999 -9999 -9999 132.017 132.295 132.519 132.705 132.864 133.017 133.189 133.552 134.048 134.549 135.048 135.523 135.968 136.382 136.766 137.121 137.451 137.755 138.036 138.294 138.533 138.753 138.958 139.168 139.419 139.727 140.041 140.451 -9999 -9999 -9999 -9999 -9999 -9999 -9999 -9999 -9999 -9999 -9999 -9999 -9999
169.232 -9999 169.188 169.166 169.025 169.004 -9999 -9999 -9999 -9999 -9999 -9999 -9999 157.374 -9999 -9999 -9999 -9999 -9999 -9999 -9999 -9999 -9999 -9999 -9999 -9999 -9999 -9999 -9999 -9999 -9999 -9999 131.875 132.213 132.487 132.717 132.921 133.108 133.265 133.455 133.818 134.284 134.803 135.326 135.803 136.245 136.656 137.039 137.396 137.73 138.047 138.397 138.719 139.005 139.262 139.503 139.742 140.002 140.291 140.588 140.88 141.199 -9999 -9999 -9999 -9999 -9999 -9999 -9999 -9999 -9999 -9999 -9999 -9999
169.284 169.261 169.239 169.217 169.196 169.175 -9999 -9999 -9999 -9999 -9999 -9999 -9999 -9999 -9999 -9999 -9999 -9999 -9999 -9999 -9999 -9999 -9999 -9999 -9999 -9999 -9999 -9999 -9999 -9999 -9999 132.136 132.077 132.419 132.717 132.981 133.207 133.394 133.547 133.745 134.094 134.545 135.045 135.546 136.016 136.453 136.862 137.255 137.666 138.084 138.478 138.857 139.207 139.532 139.832 140.121 140.406 140.68 140.957 141.238 141.518 141.79 -9999 -9999 -9999 -9999 -9999 -9999 -9999 -9999 -9999 -9999 -9999 -9999
169.336 169.313 169.29 169.268 -9999 169.225 169.205 -9999 -9999 -9999 -9999 -9999 -9999 -9999 -9999 -9999 -9999 -9999 -9999 -9999 -9999 -9999 -9999 -9999 -9999 -9999 -9999 -9999 -9999 -9999 -9999 132.403 132.32 132.7 133.023 133.293 133.51 133.66 133.785 133.989 134.371 134.826 135.301 135.774 136.227 136.68 137.179 137.675 138.152 138.589 138.993 139.367 139.714 140.041 140.352 140.655 140.958 141.268 141.576 141.879 142.157 142.414 142.65 142.853 -9999 -9999 -9999 -9999 -9999 -9999 -9999 -9999 -9999 -9999
169.387 169.363 169.34 169.319 -9999 -9999 169.256 -9999 -9999 -9999 -9999 -9999 -9999 -9999 -9999 -9999 -9999 -9999 -9999 -9999 -9999 -9999 -9999 -9999 -9999 -9999 -9999 -9999 -9999 -9999 -9999 132.649 132.644 133.029 133.333 133.553 133.723 133.87 134.001 134.241 134.659 135.117 135.573 136.05 136.594 137.173 137.717 138.218 138.68 139.107 139.503 139.871 140.216 140.542 140.855 141.16 141.463 141.77 142.085 142.407 142.728 143.011 143.24 143.439 143.608 143.715 143.848 -9999 -9999 -9999 -9999 -9999 -9999 -9999
169.437 169.413 169.391 169.369 169.348 -9999 168.726 -9999 -9999 -9999 -9999 -9999 -9999 -9999 -9999 -9999 -9999 -9999 -9999 -9999 -9999 -9999 -9999 -9999 -9999 -9999 -9999 -9999 -9999 -9999 133.073 132.961 132.974 133.296 133.541 133.749 133.928 134.088 134.235 134.502 134.94 135.414 135.945 136.579 137.186 137.75 138.272 138.756 139.205 139.622 140.01 140.374 140.715 141.04 141.352 141.657 141.958 142.26 142.567 142.88 143.185 143.482 143.76 143.99 144.174 144.303 144.411 144.517 144.572 -9999 -9999 -9999 -9999 -9999
169.486 169.38 169.171 169.183 -9999 168.119 -9999 -9999 -9999 -9999 -9999 -9999 -9999 -9999 -9999 -9999 -9999 -9999 -9999 -9999 -9999 -9999 -9999 -9999 -9999 -9999 -9999 -9999 -9999 -9999 -9999 133.076 133.19 133.487 133.738 133.953 134.143 134.316 134.479 134.763 135.251 135.896 136.575 137.2 137.781 138.321 138.823 139.291 139.728 140.135 140.516 140.874 141.213 141.536 141.846 142.149 142.447 142.745 143.044 143.338 143.622 143.876 144.106 144.332 144.545 144.687 144.785 144.88 144.963 145.033 -9999 -9999 -9999 -9999
169.535 169.318 168.983 168.276 167.455 166.628 -9999 -9999 -9999 -9999 -9999 -9999 -9999 -9999 -9999 -9999 -9999 -9999 -9999 -9999 -9999 -9999 -9999 -9999 -9999 -9999 -9999 -9999 -9999 -9999 -9999 -9999 133.232 133.631 133.94 134.164 134.365 134.551 134.728 135.085 135.824 136.55 137.205 137.807 138.366 138.885 139.371 139.825 140.249 140.648 141.023 141.376 141.711 142.031 142.339 142.639 142.933 143.226 143.506 143.739 143.946 144.151 144.345 144.536 144.732 144.932 145.065 145.155 145.232 145.302 145.314 -9999 -9999 -9999
169.419 168.671 167.793 166.914 166.029 -9999 -9999 -9999 -9999 -9999 -9999 -9999 -9999 -9999 -9999 -9999 -9999 -9999 -9999 -9999 -9999 -9999 -9999 -9999 -9999 -9999 -9999 -9999 -9999 -9999 -9999 -9999 133.21 133.622 133.856 134.204 134.591 134.799 135.091 135.745 136.478 137.183 137.819 138.401 138.94 139.443 139.914 140.355 140.77 141.161 141.53 141.879 142.21 142.528 142.833 143.13 143.413 143.649 143.85 144.039 144.204 144.371 144.541 144.714 144.892 145.075 145.265 145.411 145.495 145.56 145.558 145.451 -9999 -9999
168.347 167.412 166.476 165.536 164.453 -9999 -9999 -9999 -9999 -9999 -9999 -9999 -9999 -9999 -9999 -9999 -9999 -9999 -9999 -9999 -9999 -9999 -9999 -9999 -9999 -9999 -9999 -9999 -9999 -9999 -9999 -9999 -9999 133.524 133.63 134.029 134.454 135.179 135.782 136.413 137.112 137.798 138.416 138.982 139.506 139.995 140.453 140.884 141.291 141.675 142.039 142.384 142.713 143.027 143.33 143.582 143.794 143.981 144.137 144.286 144.435 144.585 144.738 144.894 145.056 145.223 145.398 145.583 145.739 145.821 145.824 145.694 -9999 -9999
167.12 -9999 -9999 -9999 -9999 -9999 -9999 -9999 -9999 -9999 -9999 -9999 -9999 -9999 -9999 -9999 -9999 -9999 -9999 -9999 -9999 -9999 -9999 -9999 -9999 -9999 -9999 -9999 -9999 -9999 -9999 -9999 -9999 133.526 133.822 134.242 135.027 135.804 136.459 137.064 137.728 138.397 139.0 139.552 140.063 140.54 140.989 141.412 141.812 142.191 142.551 142.893 143.219 143.514 143.752 143.955 144.116 144.261 144.397 144.531 144.665 144.799 144.936 145.077 145.223 145.375 145.536 145.709 145.897 146.061 146.053 145.917 145.726 -9999
165.86 -9999 -9999 -9999 -9999 -9999 -9999 -9999 -9999 -9999 -9999 -9999 -9999 -9999 -9999 -9999 -9999 -9999 -9999 -9999 -9999 -9999 -9999 -9999 -9999 -9999 -9999 -9999 -9999 -9999 -9999 -9999 -9999 -9999 133.884 134.517 135.522 136.34 137.05 137.699 138.327 138.982 139.571 140.111 140.611 141.079 141.52 141.937 142.332 142.708 143.066 143.407 143.694 143.928 144.119 144.27 144.408 144.535 144.657 144.777 144.895 145.015 145.136 145.262 145.393 145.532 145.68 145.841 146.018 146.201 146.25 146.103 145.911 -9999
164.554 -9999 -9999 -9999 -9999 -9999 -9999 -9999 -9999 -9999 -9999 -9999 -9999 -9999 -9999 -9999 -9999 -9999 -9999 -9999 -9999 -9999 -9999 -9999 -9999 -9999 -9999 -9999 -9999 -9999 -9999 -9999 -9999 -9999 134.317 -9999 135.967 136.804 137.565 138.246 -9999 139.554 140.132 140.661 141.153 141.613 142.048 142.461 142.853 143.228 143.585 143.874 144.108 144.288 144.439 144.572 144.694 144.809 144.918 145.023 145.127 145.232 145.339 145.45 145.567 145.693 145.829 145.979 146.146 146.281 146.347 146.264 146.084 145.874
-9999 -9999 -9999 -9999 -9999 -9999 -9999 -9999 -9999 -9999 -9999 -9999 -9999 -9999 -9999 -9999 -9999 -9999 -9999 -9999 -9999 -9999 -9999 -9999 -9999 -9999 -9999 -9999 -9999 -9999 -9999 -9999 -9999 -9999 -9999 135.448 136.386 -9999 -9999 -9999 -9999 140.024 140.682 141.203 141.687 142.142 142.572 142.983 143.374 143.749 144.083 144.296 144.459 144.614 144.742 144.842 144.928 145.009 145.088 145.167 145.248 145.335 145.429 145.532 145.646 145.776 145.922 146.09 146.271 146.364 146.376 146.365 146.242 146.033
-9999 -9999 -9999 -9999 -9999 -9999 -9999 -9999 -9999 -9999 -9999 -9999 -9999 -9999 -9999 -9999 -9999 -9999 -9999 -9999 -9999 -9999 -9999 -9999 -9999 -9999 -9999 -9999 -9999 -9999 -9999 -9999 -9999 -9999 -9999 135.68 136.737 -9999 -9999 -9999 -9999 140.236 140.98 141.499 141.992 142.466 142.926 143.376 143.816 144.215 144.456 144.605 144.725 144.828 144.922 145.001 145.065 145.124 145.18 145.238 145.3 145.368 145.445 145.533 145.635 145.753 145.892 146.053 146.209 146.306 146.328 146.361 146.353 146.183
-9999 -9999 -9999 -9999 -9999 -9999 -9999 -9999 -9999 -9999 -9999 -9999 -9999 -9999 -9999 -9999 -9999 -9999 -9999 -9999 -9999 -9999 -9999 -9999 -9999 -9999 -9999 -9999 -9999 -9999 -9999 -9999 -9999 -9999 -9999 135.634 -9999 -9999 -9999 -9999 139.637 140.419 141.098 141.638 142.141 142.629 143.107 143.576 144.005 144.288 144.481 144.661 144.865 144.978 145.052 145.115 145.167 145.212 145.253 145.295 145.34 145.392 145.452 145.523 145.609 145.711 145.833 145.978 146.072 146.114 146.134 146.175 146.239 146.238
-9999 -9999 -9999 -9999 -9999 -9999 -9999 -9999 -9999 -9999 -9999 -9999 -9999 -9999 -9999 -9999 -9999 -9999 -9999 -9999 -9999 -9999 -9999 -9999 -9999 -9999 -9999 -9999 -9999 -9999 -9999 -9999 -9999 -9999 -9999 -9999 -9999 -9999 -9999 -9999 139.671 140.397 141.104 141.729 142.234 142.719 143.193 143.616 143.886 144.09 144.302 144.518 144.736 144.944 145.109 145.22 145.273 145.302 145.327 145.352 145.38 145.415 145.458 145.514 145.583 145.669 145.774 145.87 145.917 145.91 145.912 145.936 145.984 146.06
-9999 -9999 -9999 -9999 -9999 -9999 -9999 -9999 -9999 -9999 -9999 -9999 -9999 -9999 -9999 -9999 -9999 -9999 -9999 -9999 -9999 -9999 -9999 -9999 -9999 -9999 -9999 -9999 -9999 -9999 -9999 -9999 -9999 -9999 -9999 -9999 -9999 -9999 -9999 -9999 139.62 140.329 141.056 141.719 142.273 142.743 143.144 143.429 143.639 143.86 144.09 144.323 144.558 144.777 144.979 145.162 145.307 145.38 145.399 145.406 145.417 145.435 145.463 145.502 145.556 145.626 145.715 145.747 145.732 145.702 145.689 145.695 145.725 145.78
-9999 -9999 -9999 -9999 -9999 -9999 -9999 -9999 -9999 -9999 -9999 -9999 -9999 -9999 -9999 -9999 -9999 -9999 -9999 -9999 -9999 -9999 -9999 -9999 -9999 -9999 -9999 -9999 -9999 -9999 -9999 -9999 -9999 -9999 -9999 -9999 -9999 -9999 -9999 138.875 139.554 140.231 140.937 141.646 142.232 142.615 142.945 143.162 143.389 143.629 143.878 144.138 144.389 144.625 144.834 145.009 145.162 145.307 145.424 145.455 145.449 145.451 145.463 145.487 145.525 145.58 145.606 145.594 145.535 145.489 145.461 145.451 145.462 145.498
-9999 -9999 -9999 -9999 -9999 -9999 -9999 -9999 -9999 -9999 -9999 -9999 -9999 -9999 -9999 -9999 -9999 -9999 -9999 -9999 -9999 -9999 -9999 -9999 -9999 -9999 -9999 -9999 -9999 -9999 -9999 -9999 -9999 -9999 -9999 -9999 -9999 -9999 -9999 138.802 139.467 140.123 140.804 141.457 141.979 142.402 142.658 142.887 143.131 143.389 143.657 143.932 144.218 144.483 144.704 144.867 144.997 145.119 145.249 145.392 145.453 145.46 145.457 145.466 145.489 145.506 145.476 145.405 145.33 145.27 145.226 145.2 145.194 145.212
-9999 -9999 -9999 -9999 -9999 -9999 -9999 -9999 -9999 -9999 -9999 -9999 -9999 -9999 -9999 -9999 -9999 -9999 -9999 -9999 -9999 -9999 -9999 -9999 -9999 -9999 -9999 -9999 -9999 -9999 -9999 -9999 -9999 -9999 -9999 -9999 -9999 -9999 138.03 138.705 139.363 139.996 140.569 141.126 141.697 142.124 142.355 142.6 142.859 143.132 143.417 143.72 144.026 144.333 144.578 144.721 144.82 144.922 145.036 145.165 145.314 145.424 145.444 145.439 145.442 145.393 145.309 145.207 145.118 145.042 144.983 144.941 144.918 144.918
-9999 -9999 -9999 -9999 -9999 -9999 -9999 -9999 -9999 -9999 -9999 -9999 -9999 -9999 -9999 -9999 -9999 -9999 -9999 -9999 -9999 -9999 -9999 -9999 -9999 -9999 -9999 -9999 -9999 -9999 -9999 -9999 -9999 -9999 -9999 -9999 -9999 -9999 137.922 138.589 139.223 139.766 140.272 140.816 141.362 141.748 142.038 142.295 142.566 142.852 143.15 143.46 143.782 144.102 144.366 144.516 144.606 144.702 144.81 144.932 145.07 145.226 145.375 145.404 145.338 145.241 145.114 144.998 144.894 144.804 144.729 144.671 144.632 144.615
-9999 -9999 -9999 -9999 -9999 -9999 -9999 -9999 -9999 -9999 -9999 -9999 -9999 -9999 -9999 -9999 -9999 -9999 -9999 -9999 -9999 -9999 -9999 -9999 -9999 -9999 -9999 -9999 -9999 -9999 -9999 -9999 -9999 -9999 -9999 -9999 -9999 -9999 137.797 138.441 138.986 139.486 139.986 140.498 140.972 141.363 141.703 141.97 142.252 142.546 142.852 143.167 143.481 143.783 144.044 144.225 144.346 144.457 144.571 144.692 144.824 144.97 145.135 145.256 145.196 145.05 144.908 144.778 144.659 144.553 144.463 144.389 144.334 144.3
-9999 -9999 -9999 -9999 -9999 -9999 -9999 -9999 -9999 -9999 -9999 -9999 -9999 -9999 -9999 -9999 -9999 -9999 -9999 -9999 -9999 -9999 -9999 -9999 -9999 -9999 -9999 -9999 -9999 -9999 -9999 -9999 -9999 -9999 -9999 -9999 -9999 -9999 -9999 138.175 138.708 139.202 139.695 140.169 140.571 140.96 141.33 141.624 141.914 142.215 142.525 142.839 143.148 143.439 143.694 143.898 144.057 144.194 144.322 144.447 144.576 144.713 144.82 144.907 144.957 144.845 144.689 144.543 144.408 144.287 144.181 144.092 -9999 143.97
