Validation/Results/raw data/ReClimate_08_2024_2_Temperature.asc
NCOLS 192
NROWS 249
XLLCENTER -225160.85627316462
YLLCENTER 29788.11610251502
CELLSIZE 5000.0
NODATA_VALUE -9999
[rows 204 to 237 of 249, columns 75 to 149 of 192]
-9999 -9999 -9999 -9999 -0.377 -9999 -0.38 -0.382 -0.367 -0.35 -0.349 -0.349 -0.346 -0.343 -0.322 -0.297 -0.293 -0.288 -0.294 -0.301 -0.323 -0.351 -0.333 -0.312 -0.298 -0.281 -0.284 -0.287 -0.286 -0.284 -0.281 -0.276 -0.292 -0.31 -0.297 -0.28 -0.29 -0.302 -0.307 -0.313 -0.317 -0.321 -0.311 -0.298 -0.298 -0.298 -0.298 -0.297 -0.285 -0.27 -0.277 -0.285 -0.28 -0.272 -0.259 -0.242 -0.241 -0.239 -0.234 -0.227 -0.215 -0.199 -0.181 -0.159 -0.172 -0.19 -0.177 -0.159 -0.159 -0.157 -0.156 -0.155 -0.156 -0.157 -0.154
-9999 -9999 -9999 -9999 -9999 -9999 -9999 -9999 -0.36 -0.351 -0.349 -0.345 -0.336 -0.312 -0.297 -0.29 -0.293 -0.308 -0.312 -0.311 -0.329 -0.339 -0.322 -0.3 -0.285 -0.265 -0.269 -0.277 -0.277 -0.277 -0.273 -0.266 -0.272 -0.264 -0.258 -0.269 -0.279 -0.29 -0.293 -0.294 -0.3 -0.312 -0.305 -0.297 -0.294 -0.286 -0.285 -0.283 -0.277 -0.278 -0.281 -0.276 -0.273 -0.267 -0.257 -0.242 -0.232 -0.224 -0.225 -0.222 -0.213 -0.199 -0.2 -0.192 -0.181 -0.185 -0.203 -0.205 -0.179 -0.163 -0.15 -0.142 -0.155 -0.163 -0.159
-9999 -9999 -9999 -9999 -9999 -9999 -9999 -9999 -0.357 -0.347 -0.344 -0.34 -0.32 -0.297 -0.291 -0.285 -0.298 -0.313 -0.312 -0.312 -0.319 -0.329 -0.312 -0.291 -0.275 -0.256 -0.262 -0.269 -0.27 -0.271 -0.266 -0.259 -0.251 -0.242 -0.251 -0.26 -0.27 -0.28 -0.281 -0.281 -0.292 -0.303 -0.298 -0.291 -0.284 -0.275 -0.274 -0.272 -0.274 -0.275 -0.272 -0.266 -0.264 -0.26 -0.25 -0.237 -0.227 -0.214 -0.215 -0.215 -0.206 -0.194 -0.197 -0.2 -0.192 -0.18 -0.197 -0.218 -0.194 -0.162 -0.151 -0.136 -0.148 -0.163 -0.16
-9999 -9999 -9999 -9999 -9999 -9999 -0.36 -0.358 -0.352 -0.36 -9999 -0.337 -0.316 -0.286 -0.291 -0.32 -0.328 -9999 -0.327 -0.323 -0.323 -0.311 -0.295 -0.28 -0.268 -0.259 -0.27 -0.288 -0.282 -0.258 -0.257 -0.263 -0.256 -0.245 -0.257 -0.279 -0.283 -0.275 -0.278 -0.286 -0.296 -0.303 -0.296 -0.278 -0.27 -0.259 -0.263 -0.274 -0.276 -0.274 -0.276 -0.274 -0.264 -0.256 -0.247 -0.235 -0.228 -0.217 -0.212 -0.209 -0.212 -0.21 -0.203 -0.201 -0.204 -0.2 -0.198 -0.206 -0.203 -0.185 -0.171 -0.155 -0.155 -0.164 -0.164
-9999 -9999 -9999 -9999 -9999 -9999 -0.358 -9999 -9999 -9999 -0.348 -0.333 -0.308 -9999 -9999 -9999 -9999 -9999 -0.327 -0.323 -0.312 -0.299 -0.287 -0.271 -0.265 -0.258 -0.273 -0.291 -0.272 -0.249 -0.255 -0.261 -0.252 -0.242 -0.26 -0.282 -0.276 -0.268 -0.275 -0.283 -0.29 -0.297 -0.285 -0.268 -0.259 -0.248 -0.258 -0.27 -0.27 -0.269 -0.27 -0.271 -0.262 -0.249 -0.241 -0.229 -0.222 -0.213 -0.209 -0.203 -0.207 -0.212 -0.206 -0.198 -0.201 -0.204 -0.202 -0.199 -0.195 -0.19 -0.177 -0.16 -0.161 -0.162 -0.162
-9999 -9999 -9999 -9999 -9999 -9999 -9999 -9999 -0.345 -0.347 -0.332 -0.321 -0.3 -9999 -9999 -9999 -9999 -9999 -9999 -9999 -9999 -0.3 -0.29 -0.283 -0.283 -0.293 -0.303 -0.298 -0.283 -0.267 -0.273 -0.275 -0.267 -0.256 -0.269 -0.274 -0.267 -0.256 -0.268 -0.292 -0.297 -0.297 -0.282 -0.257 -0.254 -0.257 -0.262 -0.256 -0.257 -0.259 -0.261 -0.262 -0.257 -0.247 -0.239 -0.228 -0.221 -0.212 -0.212 -0.209 -0.214 -0.219 -0.21 -0.2 -0.203 -0.206 -0.195 -0.186 -0.179 -0.171 -0.169 -0.159 -0.154 -0.151 -0.158
-9999 -9999 -9999 -9999 -9999 -9999 -9999 -9999 -9999 -0.34 -9999 -9999 -9999 -9999 -9999 -9999 -9999 -9999 -9999 -0.312 -0.304 -0.296 -0.291 -0.284 -0.293 -0.304 -0.301 -0.296 -0.285 -0.27 -0.273 -0.276 -0.267 -0.257 -0.261 -0.267 -0.258 -0.247 -0.267 -0.289 -0.29 -0.291 -9999 -0.248 -0.252 -0.256 -0.252 -0.245 -0.248 -0.251 -0.252 -0.252 -0.248 -0.241 -0.233 -0.223 -0.216 -0.208 -0.208 -0.209 -0.213 -0.219 -0.21 -0.198 -0.201 -0.203 -0.193 -0.179 -0.172 -0.161 -0.159 -0.157 -0.152 -0.146 -0.152
-9999 -9999 -9999 -9999 -9999 -9999 -9999 -9999 -9999 -9999 -9999 -9999 -9999 -9999 -9999 -9999 -9999 -9999 -9999 -0.314 -0.309 -0.309 -0.293 -9999 -9999 -9999 -0.303 -0.307 -0.294 -0.27 -0.272 -0.271 -0.26 -0.242 -0.246 -0.252 -0.252 -0.267 -0.282 -0.289 -0.283 -9999 -0.258 -0.254 -0.256 -0.252 -0.246 -0.235 -0.235 -0.229 -0.23 -0.234 -0.231 -0.225 -0.216 -0.206 -0.2 -0.191 -0.207 -0.216 -0.21 -0.209 -0.198 -0.185 -0.194 -0.2 -0.193 -0.18 -0.172 -0.16 -0.156 -0.152 -0.16 -0.163 -0.151
-9999 -9999 -9999 -9999 -9999 -9999 -9999 -9999 -9999 -9999 -9999 -9999 -9999 -9999 -9999 -9999 -9999 -9999 -9999 -9999 -9999 -9999 -9999 -9999 -9999 -9999 -0.306 -0.307 -0.289 -0.266 -0.265 -0.264 -0.25 -0.232 -0.236 -0.241 -0.254 -0.27 -0.277 -9999 -9999 -0.257 -0.255 -0.251 -0.249 -0.246 -0.238 -0.227 -0.222 -0.215 -0.219 -0.223 -0.22 -0.215 -0.207 -0.197 -0.191 -0.183 -0.198 -0.216 -0.211 -0.203 -0.192 -0.178 -0.186 -0.196 -0.189 -0.178 -0.17 -0.158 -0.154 -0.149 -0.158 -0.168 -0.157
-9999 -9999 -9999 -9999 -9999 -9999 -9999 -9999 -9999 -9999 -9999 -9999 -9999 -9999 -9999 -9999 -9999 -9999 -9999 -9999 -9999 -9999 -9999 -9999 -9999 -9999 -0.297 -0.306 -0.288 -0.275 -0.273 -0.267 -0.253 -0.234 -0.236 -0.235 -9999 -9999 -9999 -9999 -9999 -0.27 -0.264 -0.244 -0.242 -0.238 -0.232 -0.228 -0.221 -0.207 -0.212 -0.22 -0.214 -0.207 -0.204 -0.196 -0.197 -0.194 -0.198 -0.21 -0.206 -0.199 -0.197 -0.188 -0.182 -0.183 -0.185 -0.181 -0.174 -0.163 -0.16 -0.156 -0.155 -0.16 -0.164
-9999 -9999 -9999 -9999 -9999 -9999 -9999 -9999 -9999 -9999 -9999 -9999 -9999 -9999 -9999 -9999 -9999 -9999 -9999 -9999 -9999 -9999 -9999 -9999 -9999 -9999 -9999 -9999 -0.291 -0.274 -0.27 -0.264 -0.25 -0.232 -0.235 -9999 -9999 -9999 -9999 -0.246 -0.255 -0.27 -0.256 -0.237 -0.235 -0.231 -0.228 -0.224 -0.214 -0.201 -0.208 -0.216 -0.21 -0.202 -0.199 -0.193 -0.195 -0.196 -0.2 -0.205 -0.202 -0.196 -0.194 -0.19 -0.184 -0.176 -0.178 -0.18 -0.173 -0.163 -0.161 -0.157 -0.157 -0.155 -0.159
-9999 -9999 -9999 -9999 -9999 -9999 -9999 -9999 -9999 -9999 -9999 -9999 -9999 -9999 -9999 -9999 -9999 -9999 -9999 -9999 -9999 -9999 -9999 -9999 -9999 -9999 -9999 -9999 -9999 -0.277 -0.268 -0.254 -0.245 -0.247 -9999 -9999 -9999 -9999 -0.254 -0.253 -0.262 -0.266 -0.252 -0.232 -0.233 -0.239 -0.234 -0.221 -0.215 -0.216 -0.219 -0.215 -0.209 -0.201 -0.202 -0.2 -0.201 -0.203 -0.201 -0.202 -0.204 -0.203 -0.197 -0.192 -0.192 -0.189 -0.181 -0.177 -0.172 -0.165 -0.164 -0.162 -0.156 -0.151 -0.162
-9999 -9999 -9999 -9999 -9999 -9999 -9999 -9999 -9999 -9999 -9999 -9999 -9999 -9999 -9999 -9999 -9999 -9999 -9999 -9999 -9999 -9999 -9999 -9999 -9999 -9999 -9999 -9999 -9999 -9999 -9999 -9999 -9999 -9999 -9999 -9999 -9999 -0.263 -0.258 -0.253 -0.256 -0.26 -0.245 -0.227 -0.232 -0.239 -0.229 -0.216 -0.217 -0.219 -0.216 -0.211 -0.206 -0.198 -0.199 -0.199 -0.201 -0.203 -0.201 -0.199 -0.201 -0.203 -0.198 -0.19 -0.191 -0.191 -0.184 -0.174 -0.17 -0.163 -0.163 -0.163 -0.157 -0.149 -0.159
-9999 -9999 -9999 -9999 -9999 -9999 -9999 -9999 -9999 -9999 -9999 -9999 -9999 -9999 -9999 -9999 -9999 -9999 -9999 -9999 -9999 -9999 -9999 -9999 -9999 -9999 -9999 -9999 -9999 -9999 -9999 -9999 -9999 -9999 -9999 -9999 -0.247 -0.252 -0.247 -0.242 -0.245 -0.247 -0.238 -0.234 -0.235 -0.227 -0.224 -0.232 -0.234 -0.234 -0.23 -0.223 -0.222 -0.219 -0.219 -0.22 -0.213 -0.21 -0.209 -0.207 -0.201 -0.198 -0.196 -0.19 -0.198 -0.203 -0.187 -0.172 -0.18 -0.182 -0.175 -0.172 -0.154 -0.139 -0.156
-9999 -9999 -9999 -9999 -9999 -9999 -9999 -9999 -9999 -9999 -9999 -9999 -9999 -9999 -9999 -9999 -9999 -9999 -9999 -9999 -9999 -9999 -9999 -9999 -9999 -9999 -9999 -9999 -9999 -9999 -9999 -9999 -9999 -9999 -9999 -9999 -0.253 -0.243 -0.239 -0.234 -0.236 -0.238 -0.236 -0.233 -0.227 -0.219 -0.226 -0.235 -0.236 -0.236 -0.23 -0.223 -0.223 -0.222 -0.224 -0.225 -0.218 -0.209 -0.209 -0.207 -0.202 -0.194 -0.192 -0.188 -0.195 -0.204 -0.19 -0.17 -0.177 -0.187 -0.182 -0.174 -0.158 -0.135 -0.151
-9999 -9999 -9999 -9999 -9999 -9999 -9999 -9999 -9999 -9999 -9999 -9999 -9999 -9999 -9999 -9999 -9999 -9999 -9999 -9999 -9999 -9999 -9999 -0.264 -0.272 -0.27 -0.268 -9999 -0.269 -9999 -9999 -9999 -9999 -9999 -9999 -9999 -9999 -0.268 -0.26 -0.238 -0.242 -0.25 -0.251 -0.253 -0.247 -0.237 -0.243 -0.243 -0.241 -0.229 -0.23 -0.227 -0.228 -0.228 -0.226 -0.226 -0.219 -0.211 -0.211 -0.21 -0.21 -0.205 -0.203 -0.2 -0.212 -0.224 -0.218 -0.204 -0.188 -0.184 -0.189 -0.188 -0.185 -0.172 -0.164
-9999 -9999 -9999 -9999 -9999 -9999 -9999 -9999 -9999 -9999 -9999 -9999 -9999 -9999 -9999 -9999 -9999 -9999 -9999 -9999 -0.285 -0.284 -0.275 -0.265 -0.267 -0.265 -0.261 -0.256 -0.273 -0.296 -0.291 -9999 -9999 -0.282 -0.281 -0.273 -0.277 -0.274 -0.257 -0.236 -0.243 -0.25 -0.253 -0.256 -0.25 -0.241 -0.242 -0.242 -0.233 -0.222 -0.223 -0.224 -0.226 -0.226 -0.225 -0.222 -0.217 -0.208 -0.209 -0.208 -0.208 -0.207 -0.205 -0.202 -0.214 -0.228 -0.223 -0.214 -0.2 -0.181 -0.187 -0.192 -0.189 -0.184 -0.178
-9999 -9999 -9999 -9999 -9999 -9999 -9999 -9999 -9999 -9999 -9999 -9999 -9999 -9999 -9999 -9999 -9999 -9999 -9999 -0.286 -0.283 -0.289 -0.284 -0.275 -0.277 -0.278 -0.277 -0.272 -0.283 -0.272 -0.274 -0.283 -0.285 -0.286 -0.291 -0.297 -0.293 -0.279 -0.266 -0.252 -0.254 -0.246 -0.248 -0.246 -0.243 -0.246 -0.249 -0.253 -0.243 -0.222 -0.224 -0.225 -0.229 -0.231 -0.23 -0.228 -0.224 -0.217 -0.216 -0.215 -0.222 -0.226 -0.218 -0.212 -0.224 -0.238 -0.207 -0.183 -0.2 -0.201 -0.201 -0.204 -0.202 -0.199 -0.174
-9999 -9999 -9999 -9999 -9999 -9999 -9999 -9999 -9999 -9999 -9999 -9999 -9999 -9999 -9999 -9999 -9999 -9999 -9999 -0.283 -0.288 -0.289 -0.283 -0.275 -0.278 -0.281 -0.278 -0.274 -0.267 -0.258 -0.266 -0.276 -0.279 -0.282 -0.29 -0.3 -0.289 -0.276 -0.267 -0.254 -0.248 -0.239 -0.239 -0.237 -0.241 -0.244 -0.249 -0.254 -0.238 -0.218 -0.22 -0.222 -0.225 -0.228 -0.228 -0.226 -0.223 -0.217 -0.217 -0.215 -0.222 -0.23 -0.223 -0.213 -0.225 -0.239 -0.209 -0.171 -0.187 -0.206 -0.207 -0.207 -0.206 -0.202 -0.18
-9999 -9999 -9999 -9999 -9999 -9999 -9999 -9999 -9999 -9999 -9999 -9999 -9999 -9999 -9999 -9999 -9999 -9999 -9999 -0.285 -0.285 -0.274 -0.272 -0.277 -0.286 -0.307 -0.298 -0.272 -0.274 -0.294 -0.299 -0.293 -0.293 -0.283 -0.291 -0.296 -0.288 -0.281 -0.273 -0.262 -0.256 -0.243 -0.243 -0.242 -0.248 -0.259 -0.264 -0.267 -0.251 -0.225 -0.229 -0.235 -0.236 -0.238 -0.235 -0.233 -0.228 -0.222 -0.216 -0.211 -0.222 -0.232 -0.235 -0.231 -0.226 -0.229 -0.214 -0.185 -0.195 -0.211 -0.22 -0.225 -0.204 -0.189 -0.193
-9999 -9999 -9999 -9999 -9999 -9999 -9999 -9999 -9999 -9999 -9999 -9999 -9999 -9999 -9999 -0.325 -0.309 -9999 -0.285 -0.286 -0.276 -0.263 -0.268 -0.273 -0.291 -0.312 -0.291 -0.266 -0.282 -0.302 -0.299 -0.294 -0.288 -0.279 -0.284 -0.289 -0.285 -0.279 -0.271 -0.261 -0.252 -0.241 -0.24 -0.239 -0.25 -0.26 -0.264 -0.268 -0.249 -0.225 -0.229 -0.235 -0.236 -0.237 -0.235 -0.231 -0.228 -0.221 -0.215 -0.207 -0.217 -0.229 -0.232 -0.234 -0.23 -0.223 -0.208 -0.188 -0.199 -0.211 -0.22 -0.229 -0.21 -0.183 -0.186
-9999 -9999 -9999 -9999 -9999 -9999 -9999 -9999 -9999 -9999 -9999 -9999 -9999 -9999 -9999 -0.308 -0.293 -0.28 -0.279 -0.267 -0.267 -0.289 -0.295 -0.299 -0.309 -0.304 -0.285 -0.264 -0.28 -0.299 -0.3 -0.302 -0.297 -0.291 -0.292 -0.282 -0.279 -0.273 -0.262 -0.239 -0.235 -0.24 -0.241 -0.246 -0.252 -0.251 -0.246 -0.225 -0.22 -0.243 -0.245 -0.239 -0.235 -0.231 -0.227 -0.222 -0.219 -0.212 -0.203 -0.192 -0.219 -0.24 -0.239 -0.239 -0.244 -0.244 -0.221 -0.196 -0.209 -0.222 -0.207 -0.201 -0.19 -0.167 -0.18
-9999 -9999 -9999 -9999 -9999 -9999 -9999 -9999 -9999 -9999 -9999 -9999 -9999 -9999 -0.318 -0.297 -0.287 -0.276 -0.267 -0.256 -0.273 -0.295 -0.299 -0.303 -0.299 -0.294 -0.278 -0.258 -0.274 -0.293 -0.297 -0.299 -0.296 -0.29 -0.284 -0.274 -0.271 -0.267 -0.249 -0.227 -0.231 -0.235 -0.24 -0.244 -0.244 -0.243 -0.225 -0.204 -0.223 -0.246 -0.242 -0.236 -0.232 -0.225 -0.221 -0.214 -0.211 -0.206 -0.197 -0.184 -0.209 -0.24 -0.239 -0.238 -0.243 -0.249 -0.227 -0.197 -0.21 -0.224 -0.209 -0.189 -0.178 -0.161 -0.173
-9999 -9999 -9999 -9999 -9999 -9999 -9999 -9999 -9999 -9999 -9999 -9999 -9999 -9999 -9999 -0.336 -0.321 -0.286 -0.276 -0.259 -0.266 -0.259 -0.264 -0.277 -0.281 -0.303 -0.292 -0.282 -0.292 -0.287 -0.29 -0.294 -0.292 -0.292 -0.287 -0.283 -0.28 -0.271 -0.256 -0.239 -0.24 -0.232 -0.236 -0.241 -0.239 -0.234 -0.225 -0.229 -0.237 -0.223 -0.218 -0.211 -0.206 -0.199 -0.208 -0.208 -0.209 -0.206 -0.212 -9999 -0.203 -0.216 -0.232 -0.24 -0.22 -0.209 -0.206 -0.187 -0.192 -0.201 -0.193 -0.176 -0.185 -0.179 -0.179
-9999 -9999 -9999 -9999 -9999 -9999 -9999 -9999 -9999 -9999 -9999 -9999 -9999 -9999 -0.335 -0.347 -0.32 -0.287 -0.273 -0.257 -0.25 -0.242 -0.253 -0.264 -0.281 -0.302 -0.296 -0.287 -0.284 -0.28 -0.282 -0.285 -0.287 -0.287 -0.285 -0.282 -0.276 -0.268 -0.256 -0.24 -0.234 -0.227 -0.231 -0.235 -0.232 -0.226 -0.231 -0.235 -0.224 -0.21 -0.205 -0.198 -0.193 -0.186 -0.193 -0.202 -0.203 -0.202 -0.208 -0.213 -9999 -0.204 -9999 -0.237 -9999 -0.193 -9999 -0.182 -0.186 -0.191 -0.183 -0.171 -0.179 -0.184 -9999
-9999 -9999 -9999 -9999 -9999 -9999 -9999 -9999 -9999 -9999 -9999 -9999 -9999 -9999 -0.33 -0.312 -0.291 -0.28 -0.269 -0.26 -0.258 -0.263 -0.268 -0.262 -0.271 -0.269 -0.27 -0.292 -0.282 -0.26 -0.264 -0.275 -0.275 -0.273 -0.27 -0.266 -0.262 -0.262 -0.248 -0.225 -0.222 -0.223 -0.228 -0.235 -0.231 -0.224 -0.229 -0.233 -0.228 -0.233 -0.221 -0.188 -0.191 -0.188 -0.199 -0.21 -0.209 -0.206 -0.208 -0.213 -9999 -9999 -0.229 -0.249 -9999 -9999 -0.198 -0.199 -0.195 -9999 -9999 -9999 -9999 -9999 -9999
-9999 -9999 -9999 -9999 -9999 -9999 -9999 -9999 -9999 -9999 -9999 -9999 -9999 -0.315 -0.303 -0.297 -0.288 -0.277 -0.269 -0.26 -0.264 -0.269 -0.265 -0.259 -0.256 -0.252 -0.269 -0.289 -0.269 -0.246 -0.255 -0.265 -0.264 -0.262 -0.259 -0.254 -0.255 -0.255 -0.237 -0.215 -0.217 -0.217 -0.224 -0.231 -0.226 -0.22 -0.224 -0.227 -0.233 -0.239 -0.213 -0.182 -0.184 -0.186 -0.196 -0.208 -0.208 -9999 -9999 -9999 -0.212 -9999 -9999 -9999 -9999 -9999 -9999 -0.201 -9999 -9999 -9999 -9999 -9999 -9999 -9999
-9999 -9999 -9999 -9999 -9999 -9999 -9999 -9999 -9999 -9999 -9999 -9999 -0.322 -0.313 -0.309 -0.307 -0.298 -0.29 -0.28 -0.263 -0.263 -0.258 -0.255 -0.254 -0.257 -0.274 -0.286 -0.291 -0.271 -0.245 -0.257 -0.277 -0.272 -0.256 -0.254 -9999 -9999 -9999 -9999 -9999 -0.219 -0.222 -0.23 -0.247 -0.241 -0.226 -0.227 -0.22 -0.22 -0.21 -9999 -0.194 -9999 -9999 -9999 -9999 -9999 -0.187 -0.195 -0.217 -0.215 -0.21 -0.199 -9999 -9999 -9999 -9999 -9999 -9999 -9999 -9999 -9999 -9999 -9999 -9999
-9999 -9999 -9999 -9999 -9999 -9999 -9999 -9999 -9999 -9999 -9999 -0.338 -0.329 -0.316 -0.313 -0.31 -0.303 -0.295 -0.28 -0.263 -0.258 -0.253 -0.252 -0.251 -0.263 -0.279 -0.283 -0.288 -0.267 -0.242 -0.258 -0.277 -9999 -9999 -9999 -9999 -9999 -9999 -9999 -9999 -9999 -9999 -0.235 -0.248 -0.238 -0.224 -0.219 -0.212 -0.204 -0.195 -0.2 -9999 -9999 -9999 -9999 -9999 -9999 -9999 -0.202 -0.217 -0.215 -0.212 -9999 -9999 -9999 -9999 -9999 -9999 -9999 -9999 -9999 -9999 -9999 -9999 -9999
-9999 -9999 -9999 -9999 -9999 -9999 -9999 -9999 -9999 -0.341 -0.342 -0.343 -0.334 -0.319 -0.321 -0.337 -0.329 -0.318 -0.301 -0.272 -0.273 -0.284 -0.281 -0.266 -0.274 -0.275 -0.28 -0.291 -0.273 -0.254 -9999 -9999 -9999 -9999 -9999 -9999 -9999 -9999 -9999 -9999 -9999 -9999 -9999 -0.243 -9999 -9999 -9999 -9999 -9999 -0.198 -0.194 -9999 -9999 -9999 -9999 -9999 -9999 -9999 -9999 -9999 -0.228 -0.222 -9999 -9999 -9999 -9999 -9999 -9999 -9999 -9999 -9999 -9999 -9999 -9999 -9999
-9999 -9999 -9999 -9999 -9999 -9999 -9999 -9999 -0.344 -9999 -0.342 -0.343 -0.334 -0.321 -0.332 -0.347 -0.337 -0.326 -0.303 -0.275 -0.284 -0.296 -0.285 -0.271 -0.271 -0.271 -0.279 -0.289 -0.274 -0.254 -9999 -9999 -9999 -9999 -9999 -9999 -9999 -9999 -9999 -9999 -9999 -9999 -9999 -9999 -0.228 -9999 -9999 -9999 -9999 -9999 -9999 -9999 -9999 -9999 -9999 -9999 -9999 -9999 -9999 -9999 -9999 -9999 -9999 -9999 -9999 -9999 -9999 -9999 -9999 -9999 -9999 -9999 -9999 -9999 -9999
-9999 -9999 -9999 -9999 -9999 -9999 -9999 -0.353 -0.347 -0.345 -0.347 -0.348 -0.342 -0.331 -0.337 -0.33 -0.329 -0.346 -0.328 -9999 -0.318 -0.317 -0.299 -0.261 -0.26 -0.262 -0.263 -0.257 -0.247 -9999 -9999 -9999 -9999 -9999 -9999 -9999 -9999 -9999 -9999 -9999 -9999 -9999 -9999 -9999 -9999 -9999 -9999 -9999 -9999 -9999 -9999 -9999 -9999 -9999 -9999 -9999 -9999 -9999 -9999 -9999 -9999 -9999 -9999 -9999 -9999 -9999 -9999 -9999 -9999 -9999 -9999 -9999 -9999 -9999 -9999
-9999 -9999 -9999 -9999 -9999 -9999 -9999 -0.355 -0.351 -0.345 -0.347 -0.348 -0.343 -0.335 -0.332 -0.325 -0.337 -0.354 -0.341 -0.326 -0.325 -0.324 -0.293 -0.256 -0.256 -0.257 -0.249 -0.241 -0.243 -9999 -9999 -9999 -9999 -9999 -9999 -9999 -9999 -9999 -9999 -9999 -9999 -9999 -9999 -9999 -9999 -9999 -9999 -9999 -9999 -9999 -9999 -9999 -9999 -9999 -9999 -9999 -9999 -9999 -9999 -9999 -9999 -9999 -9999 -9999 -9999 -9999 -9999 -9999 -9999 -9999 -9999 -9999 -9999 -9999 -9999
-9999 -9999 -9999 -9999 -9999 -9999 -0.359 -0.365 -0.359 -0.347 -0.344 -0.331 -0.332 -0.343 -0.338 -0.323 -0.336 -0.356 -0.347 -0.348 -0.337 -0.306 -0.284 -0.274 -0.271 -0.259 -0.249 -0.236 -9999 -9999 -9999 -9999 -9999 -9999 -9999 -9999 -9999 -9999 -9999 -9999 -9999 -9999 -9999 -9999 -9999 -9999 -9999 -9999 -9999 -9999 -9999 -9999 -9999 -9999 -9999 -9999 -9999 -9999 -9999 -9999 -9999 -9999 -9999 -9999 -9999 -9999 -9999 -9999 -9999 -9999 -9999 -9999 -9999 -9999 -9999
