Validation/Results/raw data/ReClimate_11_2023_2_Precipitation-Actuals.asc
NCOLS 192
NROWS 249
XLLCENTER -225160.85627316462
YLLCENTER 29788.11610251502
CELLSIZE 5000.0
NODATA_VALUE -9999
[rows 66 to 98 of 249, columns 74 to 147 of 192]
-9999 -9999 -9999 -9999 -9999 -9999 -9999 -9999 -9999 -9999 -9999 174.914 -9999 187.377 231.379 281.569 286.07 305.525 262.568 254.088 212.849 178.13 140.072 156.556 172.518 158.444 155.901 157.942 155.659 155.233 123.981 102.374 -9999 -9999 -9999 -9999 -9999 -9999 -9999 -9999 -9999 -9999 -9999 -9999 -9999 -9999 -9999 -9999 -9999 -9999 -9999 -9999 -9999 -9999 -9999 -9999 -9999 -9999 -9999 -9999 -9999 -9999 -9999 -9999 -9999 -9999 -9999 -9999 -9999 -9999 -9999 -9999 -9999 -9999
-9999 -9999 -9999 -9999 -9999 -9999 -9999 -9999 -9999 -9999 -9999 -9999 176.278 230.609 235.678 255.13 264.155 255.327 251.452 240.663 209.198 181.829 166.417 159.833 149.942 135.507 141.392 146.923 150.461 127.134 -9999 -9999 -9999 -9999 -9999 -9999 -9999 -9999 -9999 -9999 -9999 -9999 -9999 -9999 -9999 -9999 -9999 -9999 -9999 -9999 -9999 -9999 -9999 -9999 -9999 -9999 -9999 -9999 -9999 -9999 -9999 -9999 -9999 -9999 -9999 -9999 -9999 -9999 -9999 -9999 -9999 -9999 -9999 -9999
-9999 -9999 -9999 -9999 -9999 -9999 -9999 -9999 -9999 -9999 -9999 -9999 223.912 242.254 227.496 215.86 238.576 250.787 224.009 200.931 187.975 171.137 162.569 150.034 147.115 137.886 123.411 127.019 113.913 90.766 -9999 -9999 -9999 -9999 -9999 -9999 -9999 -9999 -9999 -9999 -9999 -9999 -9999 -9999 -9999 -9999 -9999 -9999 -9999 -9999 -9999 -9999 -9999 -9999 -9999 -9999 -9999 -9999 -9999 -9999 -9999 -9999 -9999 -9999 -9999 -9999 -9999 -9999 -9999 -9999 -9999 -9999 -9999 -9999
-9999 -9999 -9999 -9999 -9999 -9999 -9999 -9999 -9999 -9999 -9999 -9999 -9999 -9999 204.735 217.979 237.617 220.689 204.194 201.5 194.927 176.698 151.723 143.643 145.458 127.083 111.56 90.734 -9999 -9999 -9999 -9999 -9999 -9999 -9999 -9999 -9999 -9999 -9999 -9999 -9999 -9999 -9999 -9999 -9999 -9999 -9999 -9999 -9999 -9999 -9999 -9999 -9999 -9999 -9999 -9999 -9999 -9999 -9999 -9999 -9999 -9999 -9999 -9999 -9999 -9999 -9999 -9999 -9999 -9999 -9999 -9999 -9999 -9999
-9999 -9999 -9999 -9999 -9999 -9999 -9999 -9999 198.788 -9999 -9999 234.377 251.968 225.384 215.094 254.22 241.255 232.561 230.103 223.96 197.048 165.809 130.148 130.076 125.3 124.492 101.346 92.733 -9999 -9999 -9999 -9999 -9999 -9999 -9999 -9999 -9999 -9999 -9999 -9999 -9999 -9999 -9999 -9999 -9999 -9999 -9999 -9999 -9999 -9999 -9999 -9999 -9999 -9999 -9999 -9999 -9999 -9999 -9999 -9999 -9999 -9999 -9999 -9999 -9999 -9999 -9999 -9999 -9999 -9999 -9999 -9999 -9999 -9999
-9999 -9999 -9999 -9999 -9999 -9999 209.413 202.157 209.195 205.762 229.949 257.075 282.359 281.434 280.981 232.063 263.201 272.482 267.216 240.916 197.273 180.586 171.338 124.62 116.016 102.038 89.057 77.388 -9999 -9999 -9999 -9999 -9999 -9999 -9999 -9999 -9999 -9999 -9999 -9999 -9999 -9999 -9999 -9999 -9999 -9999 -9999 -9999 -9999 -9999 -9999 -9999 -9999 -9999 -9999 -9999 -9999 -9999 -9999 -9999 -9999 -9999 -9999 -9999 -9999 -9999 -9999 -9999 -9999 -9999 -9999 -9999 -9999 -9999
-9999 -9999 -9999 -9999 -9999 -9999 209.073 217.635 -9999 234.331 267.944 292.938 297.045 336.85 266.579 276.43 293.133 305.908 315.123 265.19 240.214 238.38 184.437 154.114 144.409 109.776 90.283 -9999 66.204 -9999 -9999 -9999 -9999 -9999 -9999 -9999 -9999 -9999 -9999 -9999 -9999 -9999 -9999 -9999 -9999 -9999 -9999 -9999 -9999 -9999 -9999 -9999 -9999 -9999 -9999 -9999 -9999 -9999 -9999 -9999 -9999 -9999 -9999 -9999 -9999 -9999 -9999 -9999 -9999 -9999 -9999 -9999 -9999 -9999
-9999 -9999 -9999 -9999 -9999 -9999 -9999 235.79 250.831 264.902 302.45 298.059 345.279 310.101 290.154 276.504 270.703 286.108 286.929 242.57 235.235 229.886 178.829 158.919 128.53 106.129 90.222 68.818 64.934 -9999 -9999 -9999 -9999 -9999 -9999 -9999 -9999 -9999 -9999 -9999 -9999 -9999 -9999 -9999 -9999 -9999 -9999 -9999 -9999 -9999 -9999 -9999 -9999 -9999 -9999 -9999 -9999 -9999 -9999 -9999 -9999 -9999 -9999 -9999 -9999 -9999 -9999 -9999 -9999 -9999 -9999 -9999 -9999 -9999
228.533 -9999 -9999 -9999 -9999 -9999 -9999 -9999 254.411 278.055 299.579 369.439 357.529 349.957 321.238 319.185 320.661 281.737 230.029 210.321 232.709 209.347 180.268 154.53 112.729 95.865 74.739 69.4 70.79 -9999 -9999 -9999 -9999 -9999 -9999 -9999 -9999 -9999 -9999 -9999 -9999 -9999 -9999 -9999 -9999 -9999 -9999 -9999 -9999 -9999 -9999 -9999 -9999 -9999 -9999 -9999 -9999 -9999 -9999 -9999 -9999 -9999 -9999 -9999 -9999 -9999 -9999 -9999 -9999 -9999 -9999 -9999 -9999 -9999
254.118 -9999 -9999 -9999 -9999 -9999 243.845 256.202 290.901 307.213 327.564 332.544 377.482 357.694 340.533 334.541 290.358 256.605 240.36 204.532 209.783 227.291 179.264 122.872 92.467 75.71 -9999 75.196 -9999 -9999 -9999 -9999 -9999 -9999 66.409 63.41 61.777 -9999 -9999 -9999 -9999 -9999 -9999 -9999 -9999 -9999 -9999 -9999 -9999 -9999 -9999 -9999 -9999 -9999 -9999 -9999 -9999 -9999 -9999 -9999 -9999 -9999 -9999 -9999 -9999 -9999 -9999 -9999 -9999 -9999 -9999 -9999 -9999 -9999
256.597 239.158 -9999 -9999 -9999 -9999 -9999 278.263 301.474 332.435 335.094 373.749 350.029 343.777 325.224 323.009 275.189 237.275 192.754 197.82 222.471 185.833 139.742 108.639 93.31 84.49 77.501 -9999 -9999 -9999 -9999 56.67 57.589 59.253 62.777 64.235 61.887 60.356 59.321 67.427 74.064 74.893 68.358 63.832 67.557 74.577 80.968 82.431 80.319 77.518 75.97 77.461 80.642 -9999 -9999 -9999 -9999 -9999 -9999 -9999 -9999 -9999 -9999 -9999 -9999 -9999 -9999 -9999 -9999 -9999 -9999 -9999 -9999 -9999
309.44 308.842 -9999 -9999 -9999 251.919 -9999 267.338 278.459 331.8 395.348 373.407 345.044 308.759 315.868 284.443 268.192 235.34 220.508 188.339 159.543 145.315 118.637 99.964 98.333 83.214 -9999 -9999 -9999 -9999 63.66 60.949 63.2 66.387 72.478 64.995 66.465 69.26 70.383 86.906 83.914 81.538 73.174 70.233 76.74 77.409 78.689 81.873 83.626 79.899 80.302 89.08 80.715 -9999 -9999 -9999 -9999 -9999 -9999 -9999 -9999 -9999 -9999 -9999 -9999 -9999 -9999 -9999 -9999 -9999 -9999 -9999 -9999 -9999
316.48 311.748 -9999 -9999 -9999 257.395 260.682 262.933 337.513 403.858 394.84 399.364 337.911 337.444 310.084 282.154 250.054 233.787 233.147 193.509 175.421 133.22 101.59 101.809 83.712 -9999 -9999 68.563 65.866 66.869 67.937 70.473 71.049 76.317 81.861 86.029 90.395 84.904 83.759 82.968 81.315 79.484 79.57 87.021 78.139 76.766 80.243 86.408 85.721 88.299 96.915 87.207 81.776 83.377 -9999 -9999 -9999 -9999 -9999 -9999 -9999 -9999 -9999 -9999 -9999 -9999 -9999 -9999 -9999 -9999 -9999 -9999 -9999 -9999
294.701 295.146 -9999 264.768 -9999 236.279 243.035 330.213 398.882 376.145 420.058 398.522 377.972 356.696 334.57 327.758 281.772 262.353 234.634 213.997 165.6 131.581 92.957 79.557 76.875 -9999 85.894 83.902 79.029 73.664 71.242 75.025 90.023 95.244 97.713 108.31 101.223 91.029 91.799 92.89 92.677 86.985 83.984 80.925 84.767 80.989 83.23 88.061 92.317 98.192 92.428 85.721 79.171 80.466 -9999 -9999 -9999 -9999 -9999 -9999 -9999 -9999 -9999 -9999 -9999 -9999 -9999 -9999 -9999 -9999 -9999 -9999 -9999 -9999
292.598 -9999 273.098 -9999 -9999 -9999 325.735 440.331 377.101 368.511 319.622 344.077 346.106 340.485 355.639 332.495 326.043 293.806 264.147 210.037 166.124 119.743 100.277 106.459 90.657 90.04 101.23 107.053 108.666 95.211 84.183 97.553 104.932 112.761 111.776 95.279 91.786 86.721 86.856 97.272 89.338 82.999 76.287 80.868 85.876 89.17 86.658 89.551 89.212 84.564 85.344 84.639 83.44 83.222 -9999 -9999 -9999 -9999 -9999 -9999 -9999 -9999 -9999 -9999 -9999 -9999 -9999 -9999 -9999 -9999 -9999 -9999 -9999 -9999
309.514 294.832 -9999 -9999 -9999 -9999 351.117 348.01 325.647 -9999 326.66 347.563 352.391 339.292 339.169 334.281 287.159 260.479 250.561 216.615 184.173 150.266 142.771 131.679 94.249 103.782 102.911 121.019 136.658 119.679 95.448 88.744 110.907 122.298 101.105 93.537 105.344 93.625 109.944 106.252 92.051 89.63 79.639 87.133 100.415 88.923 89.046 86.898 86.649 81.822 83.851 87.524 81.117 80.962 -9999 -9999 -9999 -9999 -9999 -9999 -9999 -9999 -9999 -9999 -9999 -9999 -9999 -9999 -9999 -9999 -9999 -9999 -9999 -9999
379.084 379.542 -9999 -9999 -9999 288.508 -9999 -9999 269.806 286.065 331.876 382.364 389.971 372.457 375.605 337.156 310.336 252.25 217.315 192.836 179.432 165.276 159.115 98.972 103.687 105.723 129.319 129.112 134.081 135.91 100.567 97.456 106.743 101.301 95.135 109.688 107.44 110.12 113.475 106.978 114.577 101.755 95.658 102.122 91.783 87.543 89.46 95.077 87.367 82.445 84.865 86.567 79.506 -9999 -9999 -9999 -9999 -9999 -9999 -9999 -9999 -9999 -9999 -9999 -9999 -9999 -9999 -9999 -9999 -9999 -9999 -9999 -9999 -9999
440.553 444.285 370.479 308.255 -9999 -9999 -9999 304.87 263.157 -9999 332.768 351.239 368.513 384.304 370.459 369.877 302.962 220.957 206.491 196.499 191.357 174.995 134.824 130.719 120.084 135.465 132.303 128.906 139.025 123.821 96.11 97.517 91.748 94.633 118.878 111.392 120.675 138.551 117.181 116.103 117.803 98.983 90.937 91.175 90.431 84.278 91.098 91.757 91.597 85.524 85.178 82.991 -9999 -9999 -9999 -9999 -9999 -9999 -9999 -9999 -9999 -9999 -9999 -9999 -9999 -9999 -9999 -9999 -9999 -9999 -9999 -9999 -9999 -9999
434.505 433.272 376.535 329.006 -9999 304.693 314.98 315.855 323.115 369.48 371.417 379.208 411.536 418.175 368.267 309.266 281.437 252.642 242.067 231.3 206.875 168.766 146.311 146.408 170.661 168.122 144.075 139.397 127.784 87.603 89.076 97.575 97.509 107.158 96.635 106.734 124.672 130.535 132.512 138.665 135.17 104.452 107.255 100.788 104.764 113.082 94.366 90.277 96.44 101.167 92.606 77.529 -9999 -9999 -9999 -9999 -9999 -9999 -9999 -9999 -9999 -9999 -9999 -9999 -9999 -9999 -9999 -9999 -9999 -9999 -9999 -9999 -9999 -9999
387.569 387.54 348.936 315.313 305.565 297.782 329.421 -9999 324.981 388.211 447.278 490.51 457.788 419.975 356.571 363.574 320.953 286.28 244.002 211.211 192.322 152.967 146.564 184.346 205.702 175.271 165.984 167.324 126.753 126.288 101.511 94.987 87.386 91.526 110.851 112.87 132.192 142.746 129.912 125.522 116.129 100.786 89.707 80.773 95.813 91.456 83.782 87.102 92.619 90.714 78.142 -9999 -9999 -9999 -9999 -9999 -9999 -9999 -9999 -9999 -9999 -9999 -9999 -9999 -9999 -9999 -9999 -9999 -9999 -9999 -9999 -9999 -9999 -9999
376.92 -9999 -9999 -9999 279.663 305.631 -9999 313.439 373.525 468.65 527.362 498.636 510.249 462.089 427.172 375.907 301.835 270.949 256.616 244.993 186.458 170.301 193.504 234.602 239.307 228.396 222.806 174.516 174.968 142.413 124.111 139.877 120.274 144.666 140.041 144.21 143.377 126.219 105.298 108.736 104.077 105.234 97.364 87.837 94.996 91.644 86.929 85.801 89.589 87.818 81.691 -9999 -9999 -9999 -9999 -9999 -9999 -9999 -9999 -9999 -9999 -9999 -9999 -9999 -9999 -9999 -9999 -9999 -9999 -9999 -9999 -9999 -9999 -9999
-9999 -9999 -9999 287.066 281.526 -9999 280.747 317.619 -9999 454.326 451.71 509.287 510.283 502.407 432.755 356.448 338.821 310.827 257.24 214.292 225.706 220.409 249.593 288.438 286.605 267.486 225.334 176.867 136.676 118.484 141.192 153.738 173.101 180.756 166.913 147.305 138.991 119.525 116.816 104.22 104.229 106.544 92.6 97.197 103.824 97.147 92.515 86.657 94.916 96.082 83.477 -9999 -9999 -9999 -9999 -9999 -9999 -9999 -9999 -9999 -9999 -9999 -9999 -9999 -9999 -9999 -9999 -9999 -9999 -9999 -9999 -9999 -9999 -9999
-9999 -9999 -9999 273.059 -9999 -9999 284.967 327.039 398.539 419.227 493.178 514.59 468.555 432.601 389.607 334.561 288.882 260.153 251.775 279.417 285.395 290.394 309.919 312.648 291.017 240.531 165.966 128.859 135.701 175.576 206.406 247.175 249.237 219.452 197.061 182.897 149.921 127.139 112.245 105.137 92.115 91.905 94.678 101.048 111.344 127.275 104.703 94.932 93.039 90.824 82.05 -9999 -9999 -9999 -9999 -9999 -9999 -9999 -9999 -9999 -9999 -9999 -9999 -9999 -9999 -9999 -9999 -9999 -9999 -9999 -9999 -9999 -9999 -9999
-9999 -9999 -9999 -9999 -9999 -9999 -9999 354.227 379.273 391.898 500.142 500.488 446.638 442.924 399.593 347.153 330.938 335.411 343.298 323.589 322.836 290.763 270.872 262.866 245.187 188.71 136.368 136.931 166.764 209.739 257.352 243.324 239.943 220.769 205.668 179.658 150.921 132.263 121.445 103.347 90.93 98.151 92.354 97.691 117.967 107.413 100.315 94.954 96.778 92.02 -9999 -9999 -9999 -9999 -9999 -9999 -9999 -9999 -9999 -9999 -9999 -9999 -9999 -9999 -9999 -9999 -9999 -9999 -9999 -9999 -9999 -9999 -9999 -9999
-9999 -9999 -9999 -9999 -9999 248.258 286.447 -9999 378.786 427.4 534.83 483.803 423.828 396.155 380.012 398.592 402.224 371.579 309.317 314.842 305.194 285.241 239.84 215.241 186.175 165.947 184.069 190.597 209.841 245.35 235.314 221.095 171.435 176.179 164.4 133.759 129.642 130.43 142.32 132.978 121.549 119.244 127.218 123.59 106.96 119.818 124.156 114.242 103.771 92.275 -9999 -9999 -9999 -9999 -9999 -9999 -9999 -9999 -9999 -9999 -9999 -9999 -9999 -9999 -9999 -9999 -9999 -9999 -9999 -9999 -9999 -9999 -9999 -9999
-9999 -9999 -9999 -9999 241.984 241.36 318.72 370.31 433.35 507.383 520.987 483.678 408.138 358.811 368.357 363.119 352.476 360.63 345.261 361.626 354.902 261.432 249.444 210.157 202.543 206.643 232.426 234.845 239.299 228.414 225.896 185.261 166.619 164.314 178.394 177.34 177.709 164.718 156.914 177.772 187.767 177.43 165.724 150.819 157.217 154.063 131.436 107.872 98.734 -9999 -9999 -9999 -9999 -9999 -9999 -9999 -9999 -9999 -9999 -9999 -9999 -9999 -9999 -9999 -9999 -9999 -9999 -9999 -9999 -9999 -9999 -9999 -9999 -9999
-9999 -9999 -9999 -9999 235.086 -9999 323.281 370.258 422.896 500.965 497.574 390.544 362.054 372.266 319.203 296.521 311.232 322.067 346.072 334.997 270.661 273.42 273.744 248.765 232.528 276.548 270.617 273.733 262.745 259.444 243.114 218.663 196.745 207.718 210.762 220.239 217.779 174.671 200.192 207.289 173.142 175.523 178.465 163.912 156.75 142.596 114.755 107.834 93.801 -9999 -9999 -9999 -9999 -9999 -9999 -9999 -9999 -9999 -9999 -9999 -9999 -9999 -9999 -9999 -9999 -9999 -9999 -9999 -9999 -9999 -9999 -9999 -9999 -9999
-9999 -9999 -9999 -9999 -9999 -9999 359.279 401.097 415.826 462.541 403.026 332.641 332.103 303.319 274.0 284.215 306.585 347.167 323.377 328.213 308.498 315.248 278.914 245.124 265.623 290.172 280.146 274.796 247.512 255.974 231.103 221.94 252.166 245.737 245.165 268.256 250.752 246.934 244.66 214.802 193.908 178.42 153.804 149.701 148.731 121.357 103.328 99.012 85.428 -9999 -9999 -9999 -9999 -9999 -9999 -9999 -9999 -9999 -9999 -9999 -9999 -9999 -9999 -9999 -9999 -9999 -9999 -9999 -9999 -9999 -9999 -9999 -9999 -9999
-9999 -9999 -9999 -9999 288.067 303.494 343.581 365.536 387.944 426.543 372.944 382.408 383.351 -9999 342.443 422.749 437.339 412.097 394.794 394.536 371.796 349.735 325.173 296.012 275.602 261.82 245.425 213.912 211.019 222.528 204.81 241.335 229.073 227.613 221.583 250.052 259.947 239.899 206.381 205.527 191.424 162.302 161.898 134.192 118.347 104.676 97.166 96.945 63.138 -9999 -9999 -9999 -9999 -9999 -9999 -9999 -9999 -9999 -9999 -9999 -9999 -9999 -9999 -9999 -9999 -9999 -9999 -9999 -9999 -9999 -9999 -9999 -9999 -9999
269.297 239.921 243.96 281.242 -9999 307.976 341.441 355.527 354.501 390.043 403.4 398.81 -9999 397.665 462.928 473.865 507.358 443.686 405.871 368.169 376.882 352.138 332.372 292.21 255.396 231.344 203.134 168.92 181.693 172.503 204.291 206.5 209.838 200.509 194.07 209.645 212.783 193.89 191.387 183.102 166.46 155.936 123.816 110.148 99.431 94.093 101.666 71.131 -9999 -9999 -9999 -9999 -9999 -9999 -9999 -9999 -9999 -9999 -9999 -9999 -9999 -9999 -9999 -9999 -9999 -9999 -9999 -9999 -9999 -9999 -9999 -9999 -9999 -9999
234.412 239.034 264.751 311.434 325.873 -9999 350.879 363.415 388.56 395.315 382.37 357.444 363.906 429.1 446.712 450.795 473.407 437.209 398.596 363.934 336.218 287.831 274.18 249.932 238.515 246.921 179.428 175.34 154.478 162.26 175.212 194.825 179.482 162.636 172.97 194.726 183.315 177.319 159.227 160.586 136.851 111.344 102.052 99.333 93.437 90.82 -9999 -9999 -9999 -9999 -9999 -9999 -9999 -9999 -9999 -9999 -9999 -9999 -9999 -9999 -9999 -9999 -9999 -9999 -9999 -9999 -9999 -9999 -9999 -9999 -9999 -9999 -9999 -9999
-9999 -9999 -9999 302.651 -9999 351.988 376.463 406.973 439.536 429.802 -9999 -9999 432.626 436.506 442.394 487.252 460.054 439.858 387.391 348.596 264.259 235.98 221.824 218.045 242.596 229.076 202.041 166.774 162.431 156.02 166.164 170.843 165.76 153.8 165.789 167.923 163.233 145.653 139.511 125.055 106.471 87.141 85.251 94.086 87.238 -9999 -9999 -9999 -9999 -9999 -9999 -9999 -9999 -9999 -9999 -9999 -9999 -9999 -9999 -9999 -9999 -9999 -9999 -9999 -9999 -9999 -9999 -9999 -9999 -9999 -9999 -9999 -9999 -9999
252.46 265.237 -9999 310.52 361.831 364.782 392.401 426.273 444.385 -9999 -9999 413.464 478.85 498.821 511.56 467.95 467.445 427.72 374.75 311.899 275.981 261.096 274.256 269.433 283.881 283.539 235.317 197.217 183.5 160.882 152.522 148.12 159.925 158.963 151.22 143.855 131.04 112.154 106.574 97.898 90.833 82.246 81.895 85.796 82.97 81.542 -9999 -9999 -9999 -9999 -9999 -9999 -9999 -9999 -9999 -9999 -9999 -9999 -9999 -9999 -9999 -9999 -9999 -9999 -9999 -9999 -9999 -9999 -9999 -9999 -9999 -9999 -9999 -9999
