Validation/Results/raw data/ReClimate_01_2024_2_Temperature-Actuals.asc
NCOLS 192
NROWS 249
XLLCENTER -225160.85627316462
YLLCENTER 29788.11610251502
CELLSIZE 5000.0
NODATA_VALUE -9999
[rows 136 to 169 of 249, columns 77 to 153 of 192]
-9999 -9999 -9999 -9999 -9999 -9999 -9999 -9999 6.454 -9999 6.223 5.858 5.977 6.067 6.4 6.578 6.545 6.354 5.284 5.548 5.661 5.782 6.389 6.392 6.325 6.409 5.91 5.765 -9999 -9999 -9999 -9999 -9999 -9999 6.893 7.007 6.947 6.701 6.59 6.388 5.752 5.385 5.66 5.708 5.757 6.228 5.904 5.758 6.239 6.412 6.522 6.47 6.926 7.114 7.147 7.111 7.204 -9999 -9999 -9999 -9999 -9999 -9999 -9999 -9999 -9999 -9999 -9999 -9999 -9999 -9999 -9999 -9999 -9999 -9999 -9999 -9999
-9999 -9999 -9999 -9999 -9999 -9999 -9999 -9999 6.336 6.355 6.501 6.639 6.378 6.319 6.414 6.518 6.805 6.527 6.1 5.397 5.6 5.866 6.401 6.264 6.169 6.517 6.118 6.578 -9999 -9999 -9999 -9999 6.881 6.807 6.872 6.993 7.041 6.952 6.706 5.871 5.007 5.038 5.299 4.942 5.729 5.617 5.325 5.932 5.829 5.991 6.432 6.522 6.296 6.767 7.038 6.946 7.287 -9999 -9999 -9999 -9999 -9999 -9999 -9999 -9999 -9999 -9999 -9999 -9999 -9999 -9999 -9999 -9999 -9999 -9999 -9999 -9999
6.992 -9999 -9999 -9999 -9999 -9999 -9999 -9999 6.265 6.58 6.593 -9999 -9999 6.529 6.443 6.578 6.732 -9999 6.779 6.533 6.43 6.393 6.56 6.176 6.527 6.822 -9999 -9999 -9999 -9999 -9999 7.001 6.937 6.859 6.878 6.869 6.861 6.852 6.379 5.567 4.406 4.198 4.811 4.521 5.159 4.574 4.799 5.163 5.101 5.786 5.795 5.992 6.211 6.59 6.881 6.848 7.121 -9999 -9999 -9999 -9999 -9999 -9999 -9999 -9999 -9999 -9999 -9999 -9999 -9999 -9999 -9999 -9999 -9999 -9999 -9999 -9999
6.642 -9999 -9999 -9999 -9999 -9999 -9999 -9999 -9999 6.574 6.855 -9999 -9999 -9999 6.779 6.548 6.688 6.88 -9999 -9999 6.842 6.804 6.722 6.239 6.343 -9999 -9999 -9999 -9999 -9999 6.783 6.857 6.862 6.839 6.767 6.638 6.688 6.37 6.104 5.72 4.563 4.311 3.6 4.334 3.818 3.605 4.023 4.422 4.439 4.947 5.687 5.911 6.009 6.554 6.871 6.642 6.674 -9999 -9999 -9999 -9999 -9999 -9999 -9999 -9999 -9999 -9999 -9999 -9999 -9999 -9999 -9999 -9999 -9999 -9999 -9999 -9999
-9999 -9999 -9999 -9999 -9999 -9999 -9999 -9999 -9999 -9999 6.775 -9999 -9999 -9999 -9999 6.763 6.453 6.597 -9999 -9999 -9999 6.908 7.024 -9999 -9999 -9999 -9999 -9999 -9999 -9999 6.82 6.831 6.674 6.392 6.105 6.195 6.307 6.22 6.35 5.932 5.089 3.933 3.839 3.891 2.998 3.173 3.575 4.195 4.131 4.429 5.247 5.904 6.357 6.646 6.781 6.482 6.488 -9999 -9999 -9999 -9999 -9999 -9999 -9999 -9999 -9999 -9999 -9999 -9999 -9999 -9999 -9999 -9999 -9999 -9999 -9999 -9999
-9999 -9999 -9999 -9999 -9999 -9999 -9999 -9999 -9999 -9999 6.4 -9999 -9999 -9999 -9999 -9999 6.715 6.628 -9999 -9999 -9999 -9999 -9999 -9999 -9999 -9999 -9999 -9999 -9999 -9999 6.829 6.323 5.966 5.723 5.534 5.777 5.976 6.121 6.207 5.906 5.297 4.082 2.975 2.416 2.804 3.239 4.378 4.647 4.823 5.197 5.402 5.521 6.196 6.694 6.634 6.354 6.391 6.821 -9999 -9999 -9999 -9999 -9999 -9999 -9999 -9999 -9999 -9999 -9999 -9999 -9999 -9999 -9999 -9999 -9999 -9999 -9999
7.102 7.094 7.302 -9999 -9999 -9999 -9999 -9999 -9999 -9999 6.32 -9999 -9999 -9999 -9999 -9999 -9999 -9999 -9999 -9999 -9999 -9999 -9999 -9999 -9999 -9999 -9999 -9999 -9999 6.875 6.54 6.326 6.246 5.851 4.868 5.5 5.631 5.619 5.996 5.828 5.894 4.299 2.654 2.195 3.166 3.68 3.115 3.127 4.049 4.739 5.782 5.883 5.969 6.241 6.34 6.381 6.399 6.766 7.281 -9999 -9999 -9999 -9999 -9999 -9999 -9999 -9999 -9999 -9999 -9999 -9999 -9999 -9999 -9999 -9999 -9999 -9999
6.989 7.143 7.197 -9999 -9999 -9999 -9999 -9999 -9999 -9999 -9999 -9999 -9999 -9999 -9999 -9999 -9999 -9999 -9999 -9999 -9999 -9999 -9999 -9999 -9999 -9999 -9999 -9999 6.802 6.81 6.551 6.354 6.077 5.543 3.58 4.401 5.629 5.812 5.929 6.244 5.877 5.148 3.613 2.401 3.001 3.213 3.551 3.935 3.989 4.43 5.089 5.907 6.067 6.294 6.36 6.413 6.57 6.957 7.372 -9999 -9999 -9999 -9999 -9999 -9999 -9999 -9999 -9999 -9999 -9999 -9999 -9999 -9999 -9999 -9999 -9999 -9999
7.205 -9999 7.297 7.354 -9999 -9999 -9999 -9999 -9999 -9999 -9999 -9999 -9999 -9999 -9999 -9999 -9999 -9999 -9999 -9999 -9999 -9999 -9999 -9999 -9999 -9999 -9999 -9999 6.314 6.414 6.433 5.219 4.843 5.121 5.422 5.164 4.977 5.486 5.721 5.858 6.054 5.847 4.727 3.971 2.808 3.506 4.017 4.338 4.587 5.033 5.453 5.762 5.863 6.213 6.361 6.513 6.614 6.945 7.398 7.537 7.453 -9999 -9999 -9999 -9999 -9999 -9999 -9999 -9999 -9999 -9999 -9999 -9999 -9999 -9999 -9999 -9999
7.204 -9999 -9999 7.305 -9999 -9999 -9999 -9999 -9999 -9999 -9999 -9999 -9999 -9999 -9999 -9999 -9999 -9999 -9999 -9999 -9999 -9999 -9999 -9999 -9999 -9999 -9999 -9999 6.412 6.347 5.684 4.575 5.934 5.942 4.985 4.447 5.255 5.248 4.963 5.866 5.684 6.021 5.984 4.924 4.295 3.872 4.215 4.557 5.114 5.368 5.707 5.999 6.27 6.334 6.59 6.535 6.743 6.938 7.178 6.82 6.792 6.718 6.915 6.416 -9999 -9999 -9999 -9999 -9999 -9999 -9999 -9999 -9999 -9999 -9999 -9999 -9999
7.153 7.358 -9999 7.322 -9999 -9999 -9999 -9999 -9999 -9999 -9999 -9999 -9999 -9999 -9999 -9999 -9999 -9999 -9999 -9999 -9999 -9999 -9999 -9999 -9999 -9999 -9999 7.024 6.395 5.99 4.833 4.097 3.958 4.824 5.133 5.108 4.799 4.245 5.407 4.661 5.363 5.758 5.9 5.639 5.393 4.866 4.194 4.514 5.061 5.41 5.653 5.929 6.252 6.587 6.681 6.736 6.831 6.919 6.894 6.695 5.812 5.762 5.803 5.846 6.259 6.018 -9999 -9999 -9999 -9999 -9999 -9999 -9999 -9999 -9999 -9999 -9999
7.251 -9999 7.293 -9999 -9999 -9999 -9999 -9999 -9999 -9999 -9999 -9999 -9999 -9999 -9999 -9999 -9999 -9999 -9999 -9999 -9999 -9999 -9999 -9999 -9999 -9999 -9999 -9999 6.874 6.049 4.586 4.261 4.716 3.151 4.085 5.072 4.496 5.087 3.942 4.31 5.25 5.61 5.516 5.567 5.213 3.393 3.774 3.972 3.974 4.347 5.235 5.642 6.057 6.508 6.732 6.772 6.813 6.892 6.886 6.7 6.051 5.703 5.951 5.933 5.815 5.875 5.906 -9999 -9999 -9999 -9999 -9999 -9999 -9999 -9999 -9999 -9999
7.366 7.26 7.12 -9999 -9999 -9999 -9999 -9999 -9999 -9999 -9999 -9999 -9999 -9999 -9999 -9999 -9999 -9999 -9999 -9999 -9999 -9999 -9999 -9999 -9999 -9999 -9999 -9999 -9999 6.538 5.947 6.003 4.477 4.459 4.901 5.885 6.12 4.647 4.688 5.179 5.359 4.977 4.955 5.271 4.188 3.795 3.605 3.049 3.563 4.328 4.64 5.443 5.951 6.48 6.715 6.726 6.759 6.8 6.032 5.778 5.209 4.607 4.963 5.328 5.831 5.677 5.767 6.306 -9999 -9999 -9999 -9999 -9999 -9999 -9999 -9999 -9999
7.456 7.226 -9999 -9999 -9999 -9999 -9999 -9999 -9999 -9999 -9999 -9999 -9999 -9999 -9999 -9999 -9999 -9999 -9999 -9999 -9999 -9999 -9999 -9999 -9999 -9999 -9999 -9999 -9999 7.08 6.712 6.274 5.518 4.802 4.415 6.111 5.502 5.745 6.076 6.046 5.684 5.06 3.946 4.976 4.151 3.396 3.862 4.762 4.967 4.906 5.103 5.392 6.156 6.639 6.771 6.756 6.558 6.081 5.657 5.221 5.44 5.25 5.158 5.033 5.114 5.403 5.542 6.006 6.906 -9999 -9999 -9999 -9999 -9999 -9999 -9999 -9999
7.214 7.127 -9999 -9999 -9999 -9999 -9999 -9999 -9999 -9999 -9999 -9999 -9999 -9999 -9999 -9999 -9999 -9999 -9999 -9999 -9999 -9999 -9999 -9999 -9999 -9999 -9999 -9999 -9999 -9999 6.216 5.685 5.524 4.873 5.951 5.84 6.295 6.512 6.574 6.346 5.937 5.234 5.317 3.819 4.193 4.392 4.304 4.777 4.869 4.735 5.544 5.755 6.324 6.647 6.845 6.816 6.461 5.992 5.739 5.559 5.444 5.486 5.521 5.414 5.304 5.347 5.747 6.001 6.606 -9999 -9999 -9999 -9999 -9999 -9999 -9999 -9999
-9999 -9999 -9999 -9999 -9999 -9999 -9999 -9999 -9999 -9999 -9999 -9999 -9999 -9999 -9999 -9999 -9999 -9999 -9999 -9999 -9999 -9999 -9999 -9999 -9999 -9999 -9999 -9999 -9999 -9999 6.99 5.284 5.844 6.677 6.269 6.576 6.599 6.956 6.84 6.239 6.114 6.024 3.926 4.596 4.283 4.219 4.08 4.991 5.109 5.333 5.517 6.004 6.26 6.677 6.871 6.876 6.653 5.916 5.514 5.722 5.942 5.928 5.966 5.859 5.81 5.598 5.591 6.138 6.237 7.048 -9999 -9999 -9999 -9999 -9999 -9999 -9999
-9999 -9999 -9999 -9999 -9999 -9999 -9999 -9999 -9999 -9999 -9999 -9999 -9999 -9999 -9999 -9999 -9999 -9999 -9999 -9999 -9999 -9999 -9999 -9999 -9999 -9999 -9999 -9999 -9999 -9999 -9999 6.623 7.098 6.791 6.531 6.778 6.755 7.176 7.118 6.651 6.43 5.469 4.408 3.875 3.889 3.49 4.025 4.064 4.438 5.036 5.092 5.556 6.159 6.592 6.817 6.708 6.548 6.391 5.524 5.541 6.248 6.648 6.553 6.531 6.481 6.48 6.389 6.548 6.767 6.812 -9999 -9999 -9999 -9999 -9999 -9999 -9999
-9999 -9999 -9999 -9999 -9999 -9999 -9999 -9999 -9999 -9999 -9999 -9999 -9999 -9999 -9999 -9999 -9999 -9999 -9999 -9999 -9999 -9999 -9999 -9999 -9999 -9999 -9999 -9999 -9999 -9999 -9999 7.04 -9999 6.644 6.985 6.858 6.96 -9999 7.207 6.677 6.403 5.57 4.345 4.31 4.262 3.702 4.048 4.013 3.361 4.303 4.738 5.082 5.571 6.313 6.663 6.629 6.524 6.526 6.538 6.272 6.638 6.92 6.841 6.723 6.738 6.75 6.786 6.817 6.47 6.371 6.692 -9999 -9999 -9999 -9999 -9999 -9999
-9999 -9999 -9999 -9999 -9999 -9999 -9999 -9999 -9999 -9999 -9999 -9999 -9999 -9999 -9999 -9999 -9999 -9999 -9999 -9999 -9999 -9999 -9999 -9999 -9999 -9999 -9999 -9999 -9999 -9999 -9999 -9999 7.145 6.833 -9999 -9999 -9999 -9999 7.227 6.838 6.799 6.134 5.62 4.597 4.418 4.197 4.047 4.876 4.433 3.785 4.668 4.938 5.562 6.086 6.561 6.705 6.719 6.723 6.756 6.716 6.576 6.737 6.639 6.61 6.729 6.623 6.353 6.395 6.623 6.475 6.448 6.511 6.675 -9999 -9999 -9999 -9999
-9999 -9999 -9999 -9999 -9999 -9999 -9999 -9999 -9999 -9999 -9999 -9999 -9999 -9999 -9999 -9999 -9999 -9999 -9999 -9999 -9999 -9999 -9999 -9999 -9999 -9999 -9999 -9999 -9999 -9999 -9999 -9999 7.19 7.117 -9999 -9999 -9999 -9999 7.211 6.698 6.945 6.502 5.656 5.8 5.597 4.689 4.596 4.809 5.01 3.903 4.563 4.944 5.329 5.923 6.557 6.809 6.873 6.923 6.899 6.87 6.765 6.64 6.637 6.63 6.619 6.401 6.092 5.945 6.129 6.406 6.657 6.771 6.853 -9999 -9999 -9999 -9999
-9999 -9999 -9999 -9999 -9999 -9999 -9999 -9999 -9999 -9999 -9999 -9999 -9999 -9999 -9999 -9999 -9999 -9999 -9999 -9999 -9999 -9999 -9999 -9999 -9999 -9999 -9999 -9999 -9999 -9999 -9999 -9999 7.242 -9999 -9999 -9999 -9999 7.252 6.914 6.6 5.887 5.528 5.541 5.562 5.659 5.06 4.557 5.18 5.172 5.069 4.552 5.149 5.505 6.002 6.442 6.815 6.838 6.923 6.985 6.994 6.973 6.896 6.886 6.649 6.156 6.073 6.04 6.149 6.316 6.546 6.763 6.957 -9999 -9999 -9999 -9999 -9999
-9999 -9999 -9999 -9999 -9999 -9999 -9999 -9999 -9999 -9999 -9999 -9999 -9999 -9999 -9999 -9999 -9999 -9999 -9999 -9999 -9999 -9999 -9999 -9999 -9999 -9999 -9999 -9999 -9999 -9999 -9999 -9999 -9999 -9999 -9999 -9999 -9999 7.224 6.701 5.632 4.774 4.45 5.021 5.713 5.664 5.827 5.69 5.811 5.612 5.399 5.133 5.19 5.715 6.108 6.415 6.744 6.867 6.941 7.052 7.117 7.131 7.06 6.976 6.857 6.059 5.6 6.192 6.46 6.731 6.823 6.925 6.907 -9999 -9999 -9999 -9999 -9999
-9999 -9999 -9999 -9999 -9999 -9999 -9999 -9999 -9999 -9999 -9999 -9999 -9999 -9999 -9999 -9999 -9999 -9999 -9999 -9999 -9999 -9999 -9999 -9999 -9999 -9999 -9999 -9999 -9999 -9999 -9999 -9999 -9999 -9999 -9999 -9999 -9999 7.183 6.702 5.876 4.978 4.992 5.56 5.726 6.105 6.067 6.017 6.029 5.943 6.153 5.626 5.594 5.708 6.033 6.343 6.686 6.969 7.006 7.099 7.193 7.212 7.153 7.039 6.959 6.564 5.925 6.176 6.645 6.862 6.978 6.959 6.813 -9999 -9999 -9999 -9999 -9999
-9999 -9999 -9999 -9999 -9999 -9999 -9999 -9999 -9999 -9999 -9999 -9999 -9999 -9999 -9999 -9999 -9999 -9999 -9999 -9999 -9999 -9999 -9999 -9999 -9999 -9999 -9999 -9999 -9999 -9999 -9999 -9999 -9999 -9999 -9999 -9999 7.264 7.198 6.75 5.734 5.091 4.823 5.542 5.597 6.45 6.105 6.097 5.769 5.768 5.652 6.418 6.369 6.539 6.484 6.739 6.693 6.889 7.033 7.045 7.121 7.234 7.187 7.109 7.012 6.928 6.463 6.394 6.723 6.952 7.03 6.984 6.766 6.572 -9999 -9999 -9999 -9999
-9999 -9999 -9999 -9999 -9999 -9999 -9999 -9999 -9999 -9999 -9999 -9999 -9999 -9999 -9999 -9999 -9999 -9999 -9999 -9999 -9999 -9999 -9999 -9999 -9999 -9999 -9999 -9999 -9999 -9999 -9999 -9999 -9999 -9999 -9999 -9999 7.223 7.228 6.887 6.337 5.549 6.302 6.16 6.734 6.081 5.576 5.655 5.264 5.426 6.043 5.843 6.373 6.411 6.402 6.496 6.752 6.805 6.967 7.063 7.095 7.155 7.164 7.096 7.057 7.018 6.915 6.578 6.696 6.963 7.071 7.034 6.768 6.499 -9999 -9999 -9999 -9999
-9999 -9999 -9999 -9999 -9999 -9999 -9999 -9999 -9999 -9999 -9999 -9999 -9999 -9999 -9999 -9999 -9999 -9999 -9999 -9999 -9999 -9999 -9999 -9999 -9999 -9999 -9999 -9999 -9999 -9999 -9999 -9999 -9999 -9999 -9999 7.204 7.204 7.22 7.261 6.728 6.707 6.626 6.868 6.713 5.958 5.886 5.58 5.122 5.35 5.785 6.709 6.402 6.85 6.79 6.693 6.6 6.794 6.905 7.03 7.101 7.114 7.122 7.093 7.068 7.055 7.006 6.813 6.587 6.86 7.183 7.229 6.899 6.516 6.479 -9999 -9999 -9999
-9999 -9999 -9999 -9999 -9999 -9999 -9999 -9999 -9999 -9999 -9999 -9999 -9999 -9999 -9999 -9999 -9999 -9999 -9999 -9999 -9999 -9999 -9999 -9999 -9999 -9999 -9999 -9999 -9999 -9999 -9999 -9999 -9999 -9999 -9999 7.138 7.102 7.216 7.231 7.087 6.958 6.932 6.712 6.378 6.466 6.186 5.426 4.376 4.756 5.207 6.041 6.72 6.647 7.032 7.184 6.992 6.764 6.918 7.062 7.121 7.143 7.144 7.132 7.116 7.124 7.12 6.921 6.663 6.901 7.373 7.51 7.283 6.787 6.557 -9999 -9999 -9999
-9999 -9999 -9999 -9999 -9999 -9999 -9999 -9999 -9999 -9999 -9999 -9999 -9999 -9999 -9999 -9999 -9999 -9999 -9999 -9999 -9999 -9999 -9999 -9999 -9999 -9999 -9999 -9999 -9999 -9999 -9999 -9999 -9999 -9999 -9999 7.163 7.177 7.282 7.365 7.304 7.187 6.842 6.56 6.396 5.978 5.331 4.527 4.518 4.854 5.198 5.839 6.513 6.546 6.587 7.027 7.286 7.24 7.141 7.203 7.204 7.164 7.181 7.178 7.163 7.182 7.183 7.202 7.03 7.107 7.508 7.659 7.481 7.144 6.836 6.802 -9999 -9999
-9999 -9999 -9999 -9999 -9999 -9999 -9999 -9999 -9999 -9999 -9999 -9999 -9999 -9999 -9999 -9999 -9999 -9999 -9999 -9999 -9999 -9999 -9999 -9999 -9999 -9999 -9999 -9999 -9999 -9999 -9999 -9999 -9999 -9999 -9999 -9999 7.192 7.27 7.36 7.29 6.815 6.331 6.068 5.885 5.815 5.548 5.025 5.247 5.269 5.791 6.686 6.886 6.915 6.636 6.929 7.197 7.215 7.233 7.296 7.262 7.216 7.223 7.238 7.219 7.21 7.213 7.192 7.269 7.297 -9999 7.562 -9999 7.266 7.084 6.951 6.901 -9999
-9999 -9999 -9999 -9999 -9999 -9999 -9999 -9999 -9999 -9999 -9999 -9999 -9999 -9999 -9999 -9999 -9999 -9999 -9999 -9999 -9999 -9999 -9999 -9999 -9999 -9999 -9999 -9999 -9999 -9999 -9999 -9999 -9999 -9999 -9999 7.268 7.224 7.282 7.359 7.153 6.513 5.712 5.644 5.835 5.379 5.315 5.543 5.215 4.881 5.422 6.238 7.175 6.929 6.904 7.129 7.195 7.131 7.213 7.25 7.296 7.273 7.272 7.266 7.25 7.229 7.025 7.045 7.198 7.114 7.131 7.3 7.332 -9999 7.262 7.186 6.958 6.911
-9999 -9999 -9999 -9999 -9999 -9999 -9999 -9999 -9999 -9999 -9999 -9999 -9999 -9999 -9999 -9999 -9999 -9999 -9999 -9999 -9999 -9999 -9999 -9999 -9999 -9999 -9999 -9999 -9999 -9999 -9999 -9999 -9999 -9999 -9999 7.301 7.276 7.35 7.247 6.855 6.532 6.115 5.911 6.117 6.063 6.128 6.282 5.618 5.111 5.508 6.189 6.577 6.486 6.558 6.842 7.001 6.915 6.972 7.175 7.276 7.355 7.341 7.307 7.258 7.252 7.231 6.997 7.16 7.212 6.965 7.076 7.221 7.299 -9999 -9999 -9999 -9999
-9999 -9999 -9999 -9999 -9999 -9999 -9999 -9999 -9999 -9999 -9999 -9999 -9999 -9999 -9999 -9999 -9999 -9999 -9999 -9999 -9999 -9999 -9999 -9999 -9999 -9999 -9999 -9999 -9999 -9999 -9999 -9999 -9999 -9999 7.341 7.357 7.277 7.149 7.022 7.068 6.978 6.493 6.746 6.829 6.827 6.898 6.68 5.878 4.846 4.625 5.363 5.927 5.825 6.251 6.805 6.925 7.048 6.973 7.121 7.291 7.399 7.396 7.355 7.29 7.285 7.294 7.254 7.179 7.225 6.968 6.909 7.066 7.212 7.288 7.288 -9999 -9999
-9999 -9999 -9999 -9999 -9999 -9999 -9999 -9999 -9999 -9999 -9999 -9999 -9999 -9999 -9999 -9999 -9999 -9999 -9999 -9999 -9999 -9999 -9999 -9999 -9999 -9999 -9999 -9999 -9999 -9999 -9999 -9999 -9999 -9999 7.414 7.301 7.312 7.261 7.097 6.955 7.227 7.196 7.241 7.224 7.229 7.235 6.96 6.31 5.522 4.358 4.044 5.065 5.346 5.787 6.537 6.696 7.132 7.283 7.135 7.266 7.429 7.441 7.394 7.323 7.297 7.318 7.26 7.252 7.273 7.245 6.78 6.818 7.0 7.177 7.253 7.231 -9999
-9999 -9999 -9999 -9999 -9999 -9999 -9999 -9999 -9999 -9999 -9999 -9999 -9999 -9999 -9999 -9999 -9999 -9999 -9999 -9999 -9999 -9999 -9999 -9999 -9999 -9999 -9999 -9999 -9999 -9999 -9999 -9999 -9999 -9999 -9999 7.446 7.478 7.491 7.284 7.413 7.404 7.445 7.509 7.534 7.692 7.653 7.349 6.848 5.919 4.887 3.906 3.79 4.756 5.492 6.185 6.74 6.765 7.089 7.079 7.153 7.383 7.43 7.411 7.357 7.316 7.275 7.227 7.227 7.287 7.232 6.841 6.561 6.727 6.942 7.122 7.165 7.075
