Validation/Results/raw data/ReClimate_07_2024_2_Temperature.asc
NCOLS 192
NROWS 249
XLLCENTER -225160.85627316462
YLLCENTER 29788.11610251502
CELLSIZE 5000.0
NODATA_VALUE -9999
[rows 170 to 203 of 249, columns 75 to 149 of 192]
-9999 -9999 -9999 -9999 -9999 -9999 -9999 -9999 -9999 -9999 -9999 -9999 -9999 -9999 -9999 -9999 -9999 -0.156 -0.161 -9999 -9999 -9999 -9999 -9999 -9999 -9999 -9999 -9999 -9999 -9999 -9999 -9999 -9999 -9999 -9999 -9999 -0.084 -0.071 -0.084 -0.1 -0.101 -0.102 -0.097 -0.091 -0.088 -0.085 -0.074 -0.063 -0.074 -0.088 -0.095 -0.105 -0.093 -0.078 -0.081 -0.085 -0.088 -0.093 -0.092 -0.091 -0.087 -0.082 -0.074 -0.064 -0.076 -0.092 -0.078 -0.061 -0.054 -0.046 -0.043 -0.041 -0.042 -0.045 -0.048
-9999 -9999 -9999 -9999 -9999 -9999 -9999 -9999 -9999 -9999 -9999 -9999 -9999 -9999 -9999 -9999 -9999 -0.15 -0.148 -0.14 -9999 -9999 -9999 -9999 -9999 -9999 -9999 -9999 -9999 -9999 -9999 -9999 -9999 -9999 -9999 -0.1 -0.086 -0.067 -0.077 -0.088 -0.09 -0.096 -0.09 -0.083 -0.084 -0.096 -0.09 -0.09 -0.101 -0.111 -0.11 -0.09 -0.089 -0.082 -0.087 -0.094 -0.094 -0.097 -0.085 -0.077 -0.086 -0.09 -0.081 -0.071 -0.069 -0.076 -0.067 -0.053 -0.055 -0.053 -0.043 -0.037 -0.039 -0.042 -0.043
-9999 -9999 -9999 -9999 -9999 -9999 -9999 -9999 -9999 -9999 -9999 -9999 -9999 -9999 -9999 -9999 -0.142 -0.146 -0.137 -0.129 -0.126 -9999 -9999 -9999 -9999 -9999 -9999 -9999 -9999 -9999 -9999 -9999 -0.103 -9999 -9999 -0.102 -0.087 -0.065 -0.073 -0.083 -9999 -0.093 -0.086 -0.079 -0.088 -0.1 -0.1 -0.101 -0.109 -0.12 -0.104 -0.084 -0.084 -0.084 -0.089 -0.097 -0.098 -0.099 -0.087 -0.073 -0.081 -0.093 -0.083 -0.073 -0.071 -0.07 -0.061 -0.05 -0.052 -0.055 -0.046 -0.035 -0.037 -0.041 -0.041
-9999 -9999 -9999 -9999 -9999 -9999 -9999 -9999 -9999 -9999 -9999 -9999 -9999 -9999 -9999 -9999 -0.146 -0.131 -0.124 -0.123 -0.118 -0.11 -0.11 -9999 -9999 -9999 -0.119 -0.121 -9999 -0.107 -0.1 -0.103 -0.105 -0.111 -9999 -9999 -0.082 -0.079 -9999 -9999 -0.094 -0.094 -0.087 -0.076 -0.082 -0.085 -0.088 -0.101 -0.104 -0.099 -0.107 -0.102 -0.104 -0.106 -0.096 -0.095 -0.089 -0.086 -0.077 -0.065 -0.068 -0.075 -0.074 -0.069 -0.066 -0.064 -0.063 -0.057 -0.053 -0.053 -0.042 -0.03 -0.028 -0.029 -0.028
-9999 -9999 -9999 -9999 -9999 -9999 -9999 -9999 -9999 -9999 -9999 -9999 -9999 -9999 -9999 -9999 -9999 -0.125 -0.122 -0.12 -0.112 -0.103 -9999 -9999 -0.106 -0.107 -0.11 -0.119 -0.107 -0.097 -0.099 -0.103 -0.107 -0.112 -0.101 -9999 -0.087 -0.084 -0.089 -0.095 -0.094 -0.094 -0.085 -0.075 -0.076 -0.079 -0.088 -0.101 -0.096 -0.09 -0.098 -0.108 -0.11 -0.114 -0.105 -0.094 -0.088 -0.081 -0.073 -0.062 -0.064 -0.068 -0.067 -0.067 -0.064 -0.062 -0.06 -0.059 -0.055 -0.052 -0.041 -0.028 -0.026 -0.024 -0.023
-9999 -9999 -9999 -9999 -9999 -9999 -9999 -9999 -9999 -9999 -9999 -9999 -9999 -9999 -9999 -9999 -9999 -0.126 -0.123 -0.111 -0.106 -0.107 -0.102 -0.097 -0.096 -0.09 -0.096 -0.106 -0.099 -0.101 -0.103 -0.101 -0.106 -0.113 -0.103 -0.095 -0.094 -0.097 -0.097 -0.088 -0.088 -0.091 -0.086 -0.088 -0.086 -0.078 -0.085 -0.088 -0.084 -0.083 -0.089 -0.097 -0.093 -0.092 -0.094 -0.09 -0.074 -0.061 -0.062 -0.057 -0.062 -0.068 -0.062 -0.059 -0.057 -0.056 -0.057 -0.058 -0.047 -0.038 -0.035 -0.027 -0.021 -0.018 -0.011
-9999 -9999 -9999 -9999 -9999 -9999 -9999 -9999 -9999 -9999 -9999 -9999 -9999 -9999 -9999 -9999 -9999 -9999 -0.114 -0.107 -0.107 -0.109 -0.104 -0.1 -0.092 -0.085 -0.091 -0.101 -0.102 -0.104 -0.102 -0.1 -0.105 -0.112 -0.104 -0.096 -0.097 -0.101 -0.093 -0.084 -0.086 -0.088 -0.089 -0.091 -0.085 -0.077 -0.079 -0.082 -0.08 -0.079 -0.084 -0.092 -0.088 -0.084 -0.085 -0.087 -0.073 -0.054 -0.054 -0.055 -0.06 -0.067 -0.062 -0.055 -0.054 -0.053 -0.054 -0.057 -0.046 -0.033 -0.029 -0.026 -0.02 -0.015 -0.007
-9999 -9999 -9999 -9999 -9999 -9999 -9999 -9999 -9999 -9999 -9999 -9999 -9999 -9999 -9999 -9999 -9999 -9999 -9999 -9999 -0.089 -0.089 -0.085 -0.086 -0.084 -0.095 -0.098 -0.096 -0.1 -0.109 -0.11 -0.115 -0.115 -0.104 -0.099 -0.099 -0.097 -0.086 -0.081 -0.079 -0.083 -0.09 -0.09 -0.088 -0.083 -0.08 -0.084 -0.093 -0.089 -0.077 -0.08 -0.079 -0.089 -0.093 -0.081 -0.075 -0.064 -0.047 -0.052 -0.055 -0.057 -0.062 -0.059 -0.055 -0.052 -0.05 -0.046 -0.046 -0.04 -0.03 -0.028 -0.025 -0.014 -0.005 0.001
-9999 -9999 -9999 -9999 -9999 -9999 -9999 -9999 -9999 -9999 -9999 -9999 -9999 -9999 -9999 -9999 -9999 -9999 -9999 -0.084 -0.083 -0.082 -0.081 -0.081 -0.088 -0.099 -0.097 -0.095 -0.101 -0.109 -0.114 -0.119 -0.11 -0.1 -0.099 -0.1 -0.09 -0.08 -0.078 -0.077 -0.083 -0.09 -0.088 -0.086 -0.083 -0.08 -0.087 -0.097 -0.087 -0.075 -0.074 -0.074 -0.083 -0.095 -0.084 -0.069 -0.058 -0.044 -0.048 -0.054 -0.056 -0.059 -0.056 -0.053 -0.05 -0.048 -0.044 -0.041 -0.035 -0.028 -0.025 -0.023 -0.012 -0.0 0.006
-9999 -9999 -9999 -9999 -9999 -9999 -9999 -9999 -9999 -9999 -9999 -9999 -9999 -9999 -9999 -9999 -9999 -9999 -0.09 -0.083 -0.082 -0.082 -0.079 -0.075 -0.078 -0.077 -0.08 -0.097 -0.103 -0.111 -0.11 -0.098 -0.096 -0.109 -0.106 -0.098 -0.09 -0.081 -0.081 -0.083 -0.086 -0.087 -0.083 -0.076 -0.074 -0.075 -0.079 -0.082 -0.079 -0.09 -0.088 -0.081 -0.085 -0.094 -0.077 -0.059 -0.052 -0.04 -0.053 -0.065 -0.066 -0.068 -0.055 -0.046 -0.037 -0.031 -0.028 -0.024 -0.018 -0.012 -0.003 0.003 -0.005 -0.004 0.009
-9999 -9999 -9999 -9999 -9999 -9999 -9999 -9999 -9999 -9999 -9999 -9999 -9999 -9999 -9999 -9999 -9999 -0.091 -0.087 -0.083 -0.082 -0.082 -0.078 -0.074 -0.071 -0.068 -0.081 -0.097 -0.103 -0.111 -0.1 -0.089 -0.098 -0.111 -0.104 -0.097 -0.089 -0.081 -0.082 -0.084 -0.084 -0.084 -0.078 -0.072 -0.072 -0.072 -0.072 -0.074 -0.084 -0.095 -0.089 -0.083 -0.086 -0.091 -0.074 -0.054 -0.046 -0.038 -0.05 -0.067 -0.068 -0.07 -0.057 -0.042 -0.034 -0.024 -0.02 -0.017 -0.011 -0.004 0.005 0.014 0.007 -0.004 0.009
-9999 -9999 -9999 -9999 -9999 -9999 -9999 -9999 -9999 -9999 -9999 -9999 -9999 -9999 -9999 -0.102 -0.093 -0.084 -0.085 -0.091 -0.091 -0.09 -0.086 -0.077 -0.07 -0.059 -0.07 -0.083 -0.087 -0.095 -0.086 -0.081 -0.092 -0.111 -0.105 -0.1 -0.093 -0.083 -0.08 -0.071 -0.073 -0.08 -0.077 -0.081 -0.078 -0.067 -0.069 -0.073 -0.08 -0.083 -0.08 -0.08 -0.069 -0.064 -0.066 -0.056 -0.055 -0.051 -0.044 -0.049 -0.053 -0.057 -0.048 -0.034 -0.029 -0.022 -0.022 -0.022 -0.015 -0.008 0.003 0.014 0.018 0.014 0.018
-9999 -9999 -9999 -9999 -9999 -9999 -9999 -9999 -9999 -9999 -9999 -9999 -9999 -9999 -0.099 -0.095 -0.088 -0.081 -9999 -9999 -9999 -9999 -0.08 -0.077 -0.067 -0.056 -0.065 -0.077 -0.081 -0.088 -0.083 -0.078 -0.091 -0.109 -0.105 -0.101 -0.092 -0.082 -0.075 -0.066 -0.07 -0.077 -0.08 -0.083 -0.075 -0.064 -0.067 -0.071 -0.074 -0.077 -0.077 -0.078 -0.067 -0.053 -0.054 -0.056 -0.055 -0.054 -0.048 -0.041 -0.044 -0.05 -0.041 -0.03 -0.025 -0.02 -0.02 -0.022 -0.015 -0.008 0.003 0.015 0.019 0.023 0.027
-9999 -9999 -9999 -9999 -9999 -9999 -9999 -9999 -9999 -9999 -9999 -9999 -9999 -9999 -0.095 -0.089 -0.083 -9999 -9999 -9999 -9999 -9999 -0.068 -0.059 -0.056 -0.067 -0.071 -0.069 -0.074 -0.084 -0.079 -0.075 -0.089 -0.106 -0.101 -0.092 -0.086 -0.084 -0.079 -0.077 -0.079 -0.074 -0.074 -0.069 -0.067 -0.079 -0.082 -0.082 -0.08 -0.071 -0.071 -0.073 -0.069 -0.06 -0.059 -0.059 -0.053 -0.05 -0.05 -0.047 -0.044 -0.046 -0.035 -0.023 -0.019 -0.014 -0.014 -0.014 -0.008 -0.001 0.004 0.012 0.013 0.014 0.035
-9999 -9999 -9999 -9999 -9999 -9999 -9999 -9999 -9999 -9999 -9999 -9999 -9999 -9999 -9999 -9999 -0.078 -9999 -9999 -9999 -9999 -9999 -0.056 -0.052 -0.06 -0.071 -0.068 -0.065 -0.072 -0.081 -0.077 -0.073 -0.086 -0.103 -0.095 -0.087 -0.085 -0.084 -0.082 -0.081 -0.077 -0.072 -0.067 -0.062 -0.072 -0.084 -0.084 -0.084 -0.076 -0.067 -0.068 -0.069 -0.066 -0.061 -0.06 -0.059 -0.053 -0.047 -0.047 -0.047 -0.045 -0.043 -0.032 -0.018 -0.015 -0.011 -0.009 -0.009 -0.002 0.005 0.01 0.015 0.016 0.015 0.034
-9999 -9999 -9999 -9999 -9999 -9999 -9999 -9999 -9999 -9999 -9999 -9999 -9999 -9999 -9999 -9999 -9999 -9999 -9999 -9999 -9999 -9999 -0.044 -0.035 -0.043 -0.06 -0.059 -0.066 -0.072 -0.077 -0.073 -0.07 -0.082 -0.097 -0.088 -0.075 -0.075 -0.079 -0.079 -0.082 -0.079 -0.076 -0.072 -0.067 -0.076 -0.085 -0.081 -0.067 -0.062 -0.062 -0.057 -0.055 -0.054 -0.05 -0.051 -0.052 -0.043 -0.034 -0.038 -0.04 -0.037 -0.034 -0.025 -0.013 -0.008 -0.003 0.005 0.01 0.017 0.025 0.033 0.041 0.037 0.033 0.046
-9999 -9999 -9999 -9999 -9999 -9999 -9999 -9999 -9999 -9999 -9999 -9999 -9999 -9999 -9999 -9999 -9999 -9999 -9999 -9999 -9999 -9999 -9999 -0.028 -0.039 -0.055 -0.059 -0.066 -0.069 -0.074 -0.071 -0.068 -0.079 -0.093 -0.082 -0.07 -0.072 -0.076 -0.078 -0.081 -0.078 -0.076 -0.071 -0.067 -0.074 -0.084 -0.073 -0.059 -0.059 -0.058 -0.054 -0.048 -0.046 -0.045 -0.046 -0.048 -0.039 -0.028 -0.031 -0.035 -0.032 -0.028 -0.019 -0.008 -0.003 0.003 0.011 0.02 0.028 0.036 0.045 0.053 0.05 0.042 0.054
-9999 -9999 -9999 -9999 -9999 -9999 -9999 -9999 -9999 -9999 -9999 -9999 -9999 -9999 -9999 -9999 -9999 -9999 -9999 -9999 -9999 -9999 -0.038 -0.028 -0.037 -0.047 -0.05 -0.052 -0.055 -0.06 -0.066 -0.092 -0.095 -0.084 -0.076 -0.074 -0.074 -0.067 -0.066 -0.064 -0.062 -0.062 -0.062 -0.071 -0.069 -0.051 -0.044 -0.048 -0.048 -0.051 -0.057 -0.057 -0.053 -0.051 -0.047 -0.046 -0.038 -0.028 -0.023 -0.022 -0.014 -0.007 -0.008 -0.004 0.003 0.01 0.017 0.025 0.033 0.042 0.052 0.062 0.067 0.066 0.069
-9999 -9999 -9999 -9999 -9999 -9999 -9999 -9999 -9999 -9999 -9999 -9999 -9999 -9999 -9999 -9999 -9999 -9999 -9999 -9999 -9999 -9999 -0.039 -0.029 -0.035 -0.044 -0.044 -0.047 -0.049 -0.054 -0.075 -0.1 -0.09 -0.079 -0.077 -0.075 -0.069 -0.062 -0.059 -0.056 -0.055 -0.055 -0.062 -0.071 -0.055 -0.037 -0.039 -0.043 -0.044 -0.046 -0.052 -0.059 -0.055 -0.051 -0.048 -0.044 -0.035 -0.025 -0.02 -0.015 -0.006 0.003 0.003 0.001 0.008 0.016 0.022 0.03 0.038 0.046 0.057 0.067 0.072 0.076 0.079
-9999 -9999 -9999 -9999 -9999 -9999 -9999 -9999 -9999 -9999 -9999 -9999 -9999 -9999 -9999 -9999 -9999 -9999 -9999 -9999 -9999 -9999 -0.044 -0.034 -0.036 -0.032 -0.031 -0.032 -0.039 -0.059 -0.068 -0.061 -0.052 -0.05 -0.052 -0.068 -0.066 -0.071 -0.07 -0.074 -0.064 -0.033 -0.039 -0.053 -0.043 -0.041 -0.044 -0.048 -0.048 -0.046 -0.051 -0.057 -0.049 -0.043 -0.037 -0.031 -0.022 -0.012 -0.012 -0.01 -0.001 0.008 0.013 0.015 0.023 0.031 0.036 0.042 0.049 0.057 0.072 0.085 0.089 0.093 0.094
-9999 -9999 -9999 -9999 -9999 -9999 -9999 -9999 -9999 -9999 -9999 -9999 -9999 -9999 -9999 -9999 -9999 -9999 -9999 -9999 -9999 -9999 -9999 -0.036 -0.032 -0.028 -0.026 -0.026 -0.041 -0.06 -0.053 -0.044 -0.041 -0.038 -0.05 -0.065 -0.068 -0.073 -0.076 -0.079 -0.054 -0.023 -0.032 -0.045 -0.043 -0.042 -0.045 -0.049 -0.046 -0.044 -0.049 -0.055 -0.047 -0.037 -0.031 -0.024 -0.015 -0.005 -0.004 -0.005 0.003 0.013 0.018 0.022 0.03 0.039 0.044 0.048 0.056 0.063 0.078 0.093 0.097 0.1 0.102
-9999 -9999 -9999 -9999 -9999 -9999 -9999 -9999 -9999 -9999 -9999 -9999 -9999 -9999 -9999 -9999 -9999 -9999 -9999 -9999 -9999 -9999 -9999 -0.028 -0.027 -0.034 -0.029 -0.018 -0.033 -0.054 -0.05 -0.054 -0.055 -0.059 -0.069 -0.076 -0.076 -0.07 -0.07 -0.066 -0.046 -0.034 -0.042 -0.048 -0.048 -0.05 -0.049 -0.041 -0.037 -0.031 -0.04 -0.048 -0.041 -0.032 -0.021 -0.012 -0.023 -0.025 -0.004 0.007 0.011 0.018 0.026 0.033 0.039 0.046 0.056 0.064 0.069 0.076 0.08 0.088 0.103 0.113 0.113
-9999 -9999 -9999 -9999 -9999 -9999 -9999 -9999 -9999 -9999 -9999 -9999 -9999 -9999 -9999 -9999 -9999 -9999 -9999 -9999 -9999 -9999 -0.037 -0.026 -0.03 -0.036 -0.026 -0.015 -0.031 -0.051 -0.054 -0.058 -0.062 -0.067 -0.072 -0.079 -0.073 -0.067 -0.063 -0.059 -0.049 -0.038 -0.043 -0.049 -0.05 -0.052 -0.045 -0.037 -0.031 -0.025 -0.033 -0.043 -0.036 -0.027 -0.017 -0.005 -0.016 -0.03 -0.011 0.013 0.017 0.021 0.029 0.038 0.044 0.05 0.06 0.071 0.077 0.082 0.086 0.087 0.102 0.118 0.119
-9999 -9999 -9999 -9999 -9999 -9999 -9999 -9999 -9999 -9999 -9999 -9999 -9999 -9999 -9999 -9999 -9999 -9999 -9999 -9999 -9999 -9999 -0.031 -0.033 -0.029 -0.013 -0.009 -0.023 -0.033 -0.035 -0.041 -0.054 -0.058 -0.063 -0.066 -0.069 -0.062 -0.053 -0.047 -0.038 -0.032 -0.036 -0.035 -0.027 -0.028 -0.034 -0.027 -0.024 -0.02 -0.02 -0.026 -0.033 -0.03 -0.024 -0.027 -0.023 -0.012 -0.013 -0.008 0.006 0.02 0.029 0.031 0.035 0.048 0.058 0.066 0.076 0.086 0.094 0.096 0.096 0.111 0.128 0.129
-9999 -9999 -9999 -9999 -9999 -9999 -9999 -9999 -9999 -9999 -9999 -9999 -9999 -9999 -9999 -9999 -9999 -9999 -9999 -9999 -9999 -9999 -0.038 -0.036 -0.02 -0.004 -0.013 -0.026 -0.027 -0.029 -0.039 -0.052 -0.056 -0.06 -0.062 -0.064 -0.056 -0.046 -0.037 -0.028 -0.031 -0.034 -0.027 -0.018 -0.021 -0.026 -0.022 -0.018 -0.018 -0.016 -0.021 -0.028 -0.025 -0.022 -0.023 -0.027 -0.017 -0.005 0.0 0.006 0.019 0.034 0.036 0.036 0.049 0.063 0.071 0.079 0.089 0.099 0.102 0.1 0.115 0.132 0.134
-9999 -9999 -9999 -9999 -9999 -9999 -9999 -9999 -9999 -9999 -9999 -9999 -9999 -9999 -9999 -9999 -9999 -9999 -9999 -9999 -9999 -0.033 -0.036 -0.007 0.0 -0.01 -0.019 -0.03 -0.031 -0.033 -0.04 -0.043 -0.044 -0.042 -0.048 -0.069 -0.059 -0.045 -0.038 -0.033 -0.03 -0.02 -0.018 -0.028 -0.028 -0.022 -0.02 -0.023 -0.021 -0.018 -0.021 -0.024 -0.017 -0.011 -0.004 -0.002 -0.005 -0.0 0.006 0.012 0.019 0.03 0.043 0.05 0.056 0.066 0.073 0.08 0.088 0.096 0.101 0.101 0.118 0.136 0.138
-9999 -9999 -9999 -9999 -9999 -9999 -9999 -9999 -9999 -9999 -9999 -9999 -9999 -9999 -9999 -9999 -9999 -9999 -9999 -9999 -0.031 -0.032 -0.015 0.003 -0.003 -0.013 -0.021 -0.032 -0.033 -0.034 -0.036 -0.039 -0.036 -0.033 -0.049 -0.069 -0.057 -0.043 -0.038 -0.034 -0.024 -0.013 -0.021 -0.031 -0.025 -0.019 -0.021 -0.023 -0.02 -0.016 -0.018 -0.02 -0.013 -0.005 0.001 0.008 0.007 0.004 0.01 0.017 0.024 0.031 0.043 0.058 0.063 0.069 0.076 0.082 0.089 0.096 0.1 0.102 0.119 0.138 0.139
-9999 -9999 -9999 -9999 -9999 -9999 -9999 -9999 -9999 -9999 -9999 -9999 -9999 -9999 -9999 -9999 -9999 -9999 -0.014 -0.02 -0.03 -0.02 -0.008 -0.004 -0.012 -0.024 -0.029 -0.031 -0.029 -0.026 -0.027 -0.029 -0.028 -0.03 -0.04 -0.044 -0.033 -0.022 -0.021 -0.029 -0.023 -0.023 -0.029 -0.032 -0.027 -0.023 -0.023 -0.018 -0.017 -0.019 -0.02 -0.02 0.001 0.018 0.011 0.011 0.011 0.009 0.016 0.023 0.033 0.043 0.059 0.075 0.075 0.078 0.084 0.091 0.101 0.109 0.12 0.128 0.131 0.142 0.147
-9999 -9999 -9999 -9999 -9999 -9999 -9999 -9999 -9999 -9999 -9999 -9999 -9999 -9999 -9999 -9999 -9999 -0.011 -0.01 -0.03 -0.022 -0.016 -0.011 -0.007 -0.016 -0.029 -0.029 -0.03 -0.026 -0.022 -0.023 -0.024 -0.025 -0.027 -0.03 -0.034 -0.024 -0.013 -0.019 -0.027 -0.026 -0.026 -0.028 -0.032 -0.028 -0.024 -0.02 -0.015 -0.016 -0.019 -0.018 -0.018 0.002 0.027 0.022 0.013 0.013 0.012 0.019 0.026 0.037 0.048 0.063 0.08 0.082 0.081 0.088 0.095 0.105 0.114 0.125 0.137 0.141 0.142 0.147
-9999 -9999 -9999 -9999 -9999 -9999 -9999 -9999 -9999 -9999 -9999 -9999 -9999 -9999 -0.044 -0.019 -0.006 -0.009 -0.015 -0.025 -0.022 -0.029 -0.026 -0.024 -0.024 -0.007 -0.013 -0.035 -0.028 -0.017 -0.018 -0.022 -0.022 -0.02 -0.018 -0.012 -0.008 -0.017 -0.02 -0.021 -0.018 -0.012 -0.015 -0.025 -0.019 -0.008 -0.004 -0.003 -0.007 -0.02 -0.016 -0.015 -0.001 0.019 0.023 0.02 0.02 0.019 0.029 0.039 0.037 0.041 0.057 0.075 0.086 0.092 0.098 0.105 0.113 0.121 0.128 0.137 0.141 0.142 0.144
-9999 -9999 -9999 -9999 -9999 -9999 -9999 -9999 -9999 -9999 -9999 -9999 -0.035 -0.035 -0.02 -0.007 -0.007 -0.009 -0.014 -0.023 -0.027 -0.034 -0.032 -0.031 -0.016 0.001 -0.015 -0.036 -0.025 -0.014 -0.017 -0.021 -0.019 -0.017 -0.01 -0.003 -0.01 -0.018 -0.017 -0.017 -0.012 -0.006 -0.013 -0.022 -0.012 -0.001 0.001 0.003 -0.007 -0.018 -0.015 -0.012 0.002 0.018 0.021 0.024 0.025 0.023 0.033 0.044 0.043 0.04 0.055 0.073 0.084 0.096 0.102 0.107 0.114 0.121 0.128 0.135 0.139 0.141 0.143
-9999 -9999 -9999 -9999 -9999 -9999 -9999 -9999 -0.029 -0.033 -0.033 -0.032 -0.039 -0.029 -0.018 -0.009 -0.011 -0.016 -0.019 -0.021 -0.021 -0.017 -0.015 -0.018 -0.008 -0.009 -0.016 -0.008 -0.0 0.001 -0.001 -0.004 -0.001 0.001 0.001 -0.014 -0.016 -0.009 -0.009 -0.012 -0.006 0.0 -0.002 0.001 0.004 -0.006 -0.004 -0.001 -0.006 -0.004 -0.01 -0.011 -0.002 0.011 0.016 0.019 0.016 0.013 0.028 0.043 0.048 0.049 0.063 0.08 0.089 0.1 0.106 0.11 0.121 0.13 0.129 0.13 0.129 0.128 0.128
-9999 -9999 -9999 -9999 -9999 -9999 -9999 -0.031 -0.027 -0.03 -0.025 -0.047 -0.039 -0.027 -0.019 -0.01 -0.013 -0.019 -0.018 -0.02 -0.014 -0.01 -0.01 -0.012 -0.012 -0.014 -0.006 0.003 0.005 0.006 0.005 0.002 0.005 0.008 -0.004 -0.019 -0.012 -0.005 -0.007 -0.009 -0.004 0.002 0.006 0.009 0.002 -0.007 -0.005 -0.002 -0.0 0.002 -0.003 -0.011 -0.002 0.009 0.013 0.017 0.014 0.009 0.024 0.042 0.047 0.051 0.065 0.081 0.091 0.1 0.105 0.109 0.12 0.131 0.129 0.125 0.124 0.12 0.12
-9999 -9999 -9999 -9999 -9999 -9999 -0.03 -0.011 -0.008 -0.013 -0.019 -0.03 -0.023 -0.024 -0.018 -0.014 -0.018 -0.026 -0.022 -0.012 -0.006 0.0 0.0 -0.003 0.001 0.011 0.018 0.022 0.022 0.012 0.009 -0.0 0.004 0.01 0.006 0.013 0.018 0.015 0.016 0.014 0.017 0.009 0.013 0.018 0.015 0.013 0.017 0.022 0.023 0.018 0.012 0.002 -0.001 0.002 0.006 0.009 0.02 0.024 0.026 0.036 0.048 0.057 0.073 0.09 0.098 0.107 0.109 0.111 0.12 0.13 0.127 0.122 0.126 0.126 0.127
