Validation/Results/raw data/ReClimate_10_2024_2_Precipitation-Actuals.asc
NCOLS 192
NROWS 249
XLLCENTER -225160.85627316462
YLLCENTER 29788.11610251431
CELLSIZE 5000.0
NODATA_VALUE -9999
[rows 99 to 131 of 249, columns 74 to 147 of 192]
287.656 289.101 304.741 310.209 324.835 345.69 353.499 364.569 -9999 -9999 263.133 381.435 423.066 461.652 440.092 455.432 431.629 378.02 363.358 324.83 301.683 293.58 277.302 241.134 223.511 214.283 190.075 184.559 172.345 157.832 140.276 131.791 125.545 121.185 110.758 102.748 89.322 78.051 80.18 90.102 84.624 76.218 75.416 76.826 70.311 -9999 -9999 -9999 -9999 -9999 -9999 -9999 -9999 -9999 -9999 -9999 -9999 -9999 -9999 -9999 -9999 -9999 -9999 -9999 -9999 -9999 -9999 -9999 -9999 -9999 -9999 -9999 -9999 -9999
258.502 307.357 296.135 -9999 -9999 320.57 332.982 -9999 -9999 -9999 244.509 354.491 476.744 469.992 503.041 440.857 385.774 377.41 403.478 397.048 334.639 322.562 274.049 266.668 269.671 234.772 193.824 206.18 208.015 175.603 147.48 143.072 132.923 114.141 91.233 84.634 77.187 82.612 101.247 98.457 94.454 91.055 87.217 75.714 66.03 -9999 -9999 -9999 -9999 -9999 -9999 -9999 -9999 -9999 -9999 -9999 -9999 -9999 -9999 -9999 -9999 -9999 -9999 -9999 -9999 -9999 -9999 -9999 -9999 -9999 -9999 -9999 -9999 -9999
257.184 -9999 297.205 309.612 349.746 -9999 -9999 -9999 -9999 307.474 302.813 389.546 431.842 443.297 452.277 418.932 410.076 424.767 478.291 435.295 400.703 318.991 297.848 305.17 254.685 206.7 225.448 250.401 225.293 166.133 166.34 150.442 131.561 104.721 90.576 83.753 88.376 106.214 94.535 92.073 89.623 89.119 80.902 69.606 -9999 -9999 -9999 -9999 -9999 -9999 -9999 -9999 -9999 -9999 -9999 -9999 -9999 -9999 -9999 -9999 -9999 -9999 -9999 -9999 -9999 -9999 -9999 -9999 -9999 -9999 -9999 -9999 -9999 -9999
268.586 343.93 404.335 453.27 477.254 389.22 320.244 -9999 -9999 297.015 -9999 -9999 332.722 447.265 441.051 399.138 426.101 488.334 479.334 498.642 457.974 371.341 304.757 242.654 266.27 264.584 276.516 257.855 226.845 222.784 193.81 148.719 119.223 102.316 93.216 93.797 106.502 89.051 85.034 83.725 80.658 77.652 74.215 -9999 -9999 -9999 -9999 -9999 -9999 -9999 -9999 -9999 -9999 -9999 -9999 -9999 -9999 -9999 -9999 -9999 -9999 -9999 -9999 -9999 -9999 -9999 -9999 -9999 -9999 -9999 -9999 -9999 -9999 -9999
300.534 340.503 403.139 480.453 446.118 -9999 -9999 -9999 285.77 316.766 314.626 332.74 361.878 384.52 357.71 371.621 434.802 460.182 454.189 424.463 381.582 343.251 301.097 305.006 255.158 265.391 236.125 234.493 224.96 187.112 168.546 136.097 115.788 104.863 92.01 94.538 84.787 78.269 -9999 -9999 78.451 -9999 -9999 -9999 -9999 -9999 -9999 -9999 -9999 -9999 -9999 -9999 -9999 -9999 -9999 -9999 -9999 -9999 -9999 -9999 -9999 -9999 -9999 -9999 -9999 -9999 -9999 -9999 -9999 -9999 -9999 -9999 -9999 -9999
287.142 326.519 394.117 -9999 405.962 -9999 -9999 -9999 294.432 332.233 353.902 351.26 343.117 358.356 374.557 419.125 467.209 445.051 424.367 402.861 402.898 362.079 338.493 260.645 263.878 255.069 223.914 194.189 153.998 150.261 125.622 107.705 108.585 97.971 89.05 88.3 82.422 -9999 86.198 77.869 76.562 78.023 -9999 -9999 -9999 -9999 -9999 -9999 -9999 -9999 -9999 -9999 -9999 -9999 -9999 -9999 -9999 -9999 -9999 -9999 -9999 -9999 -9999 -9999 -9999 -9999 -9999 -9999 -9999 -9999 -9999 -9999 -9999 -9999
-9999 285.726 -9999 -9999 -9999 -9999 322.906 314.348 328.083 348.278 370.916 371.123 384.488 410.232 406.7 433.602 442.701 476.579 424.714 418.627 375.106 384.675 315.202 315.152 327.633 264.59 222.881 198.89 173.48 138.656 118.823 100.465 96.056 100.164 100.599 -9999 86.229 86.349 76.91 76.003 73.155 82.192 -9999 -9999 -9999 -9999 -9999 -9999 -9999 -9999 -9999 -9999 -9999 -9999 -9999 -9999 -9999 -9999 -9999 -9999 -9999 -9999 -9999 -9999 -9999 -9999 -9999 -9999 -9999 -9999 -9999 -9999 -9999 -9999
-9999 -9999 -9999 -9999 -9999 -9999 313.812 289.094 301.924 347.707 380.336 369.862 394.26 360.573 368.535 416.445 487.453 469.771 416.798 403.041 391.676 330.212 316.285 351.16 288.935 290.379 276.802 214.045 182.531 158.128 135.369 127.579 127.207 127.062 130.321 115.22 93.516 84.814 87.528 93.168 86.709 88.301 85.463 -9999 -9999 -9999 -9999 -9999 -9999 -9999 -9999 -9999 -9999 -9999 -9999 -9999 -9999 -9999 -9999 -9999 -9999 -9999 -9999 -9999 -9999 -9999 -9999 -9999 -9999 -9999 -9999 -9999 -9999 -9999
-9999 -9999 -9999 -9999 -9999 304.915 -9999 -9999 294.676 346.846 357.686 382.629 368.202 -9999 -9999 455.241 512.73 528.122 410.704 371.452 343.542 309.075 309.477 274.309 254.944 243.33 195.221 180.607 182.959 179.745 192.969 193.71 168.581 158.333 141.606 122.098 112.711 99.149 106.732 92.068 99.551 95.379 84.257 75.093 -9999 -9999 -9999 -9999 -9999 -9999 -9999 -9999 -9999 -9999 -9999 -9999 -9999 -9999 -9999 -9999 -9999 -9999 -9999 -9999 -9999 -9999 -9999 -9999 -9999 -9999 -9999 -9999 -9999 -9999
-9999 -9999 -9999 -9999 -9999 284.216 -9999 262.364 281.041 313.451 358.6 374.303 349.001 344.165 407.968 458.416 469.312 381.999 374.679 393.366 317.763 293.687 273.62 245.652 209.42 183.625 158.009 169.621 196.846 238.136 241.374 204.707 177.708 149.186 130.745 121.773 109.48 106.915 94.776 88.052 82.335 79.469 71.462 -9999 -9999 -9999 -9999 -9999 -9999 -9999 -9999 -9999 -9999 -9999 -9999 -9999 -9999 -9999 -9999 -9999 -9999 -9999 -9999 -9999 -9999 -9999 -9999 -9999 -9999 -9999 -9999 -9999 -9999 -9999
-9999 -9999 -9999 -9999 -9999 263.519 -9999 231.538 231.02 283.781 313.702 319.313 -9999 365.214 383.766 -9999 394.424 375.457 370.949 319.315 325.965 271.484 237.921 193.627 168.697 156.7 160.665 156.855 180.194 169.591 156.074 162.644 161.134 146.489 124.407 113.895 105.443 94.721 85.884 -9999 -9999 -9999 -9999 -9999 -9999 -9999 -9999 -9999 -9999 -9999 -9999 -9999 -9999 -9999 -9999 -9999 -9999 -9999 -9999 -9999 -9999 -9999 -9999 -9999 -9999 -9999 -9999 -9999 -9999 -9999 -9999 -9999 -9999 -9999
-9999 -9999 -9999 238.705 247.888 -9999 -9999 204.943 248.166 277.39 274.056 300.254 372.351 356.251 402.337 -9999 330.594 336.716 313.074 293.232 269.53 254.833 210.748 194.747 183.368 193.121 186.584 153.903 142.471 130.026 130.677 139.033 140.758 138.512 125.075 120.395 108.857 91.749 -9999 -9999 -9999 -9999 -9999 -9999 -9999 -9999 -9999 -9999 -9999 -9999 -9999 -9999 -9999 -9999 -9999 -9999 -9999 -9999 -9999 -9999 -9999 -9999 -9999 -9999 -9999 -9999 -9999 -9999 -9999 -9999 -9999 -9999 -9999 -9999
-9999 -9999 219.609 222.279 234.114 -9999 223.059 246.699 275.899 268.296 -9999 342.471 349.947 387.785 414.981 -9999 301.991 309.029 270.552 228.82 223.717 204.94 202.833 212.386 224.253 228.336 197.024 176.747 153.669 -9999 114.36 118.428 123.149 124.885 120.621 120.576 104.305 -9999 -9999 -9999 -9999 -9999 -9999 -9999 -9999 -9999 -9999 -9999 -9999 -9999 -9999 -9999 -9999 -9999 -9999 -9999 -9999 -9999 -9999 -9999 -9999 -9999 -9999 -9999 -9999 -9999 -9999 -9999 -9999 -9999 -9999 -9999 -9999 -9999
-9999 -9999 203.182 197.771 -9999 -9999 244.53 277.001 275.394 -9999 294.521 328.693 350.747 381.976 377.412 -9999 273.201 239.633 223.89 214.194 214.437 213.68 219.454 271.165 272.48 262.427 240.57 190.496 150.743 120.352 108.743 -9999 -9999 104.029 102.331 -9999 -9999 -9999 -9999 -9999 -9999 66.161 65.144 63.312 -9999 -9999 -9999 -9999 -9999 -9999 -9999 -9999 -9999 -9999 -9999 -9999 -9999 -9999 -9999 -9999 -9999 -9999 -9999 -9999 -9999 -9999 -9999 -9999 -9999 -9999 -9999 -9999 -9999 -9999
-9999 230.025 244.594 -9999 -9999 230.315 251.249 246.778 279.746 -9999 283.146 313.902 315.789 326.711 351.774 -9999 -9999 -9999 231.569 220.299 216.922 219.003 232.609 235.795 222.821 219.751 196.477 172.618 150.902 135.268 118.932 105.16 106.511 102.737 90.122 -9999 -9999 -9999 -9999 -9999 70.784 66.995 72.266 66.89 66.534 -9999 -9999 -9999 -9999 -9999 -9999 -9999 -9999 -9999 -9999 -9999 -9999 -9999 -9999 -9999 -9999 -9999 -9999 -9999 -9999 -9999 -9999 -9999 -9999 -9999 -9999 -9999 -9999 -9999
249.879 293.247 253.602 -9999 -9999 -9999 205.819 255.34 260.653 -9999 251.589 -9999 265.701 298.221 281.727 -9999 242.429 256.578 251.313 -9999 196.151 183.429 192.296 186.201 181.553 179.755 176.499 162.92 153.239 145.409 127.6 124.955 116.418 100.604 89.186 81.172 81.66 78.596 -9999 72.276 71.615 75.403 78.995 86.5 88.473 93.497 66.003 -9999 -9999 -9999 -9999 -9999 -9999 -9999 -9999 -9999 -9999 -9999 -9999 -9999 -9999 -9999 -9999 -9999 -9999 -9999 -9999 -9999 -9999 -9999 -9999 -9999 -9999 -9999
254.268 257.616 -9999 -9999 -9999 -9999 227.601 265.948 238.696 -9999 216.621 -9999 231.846 231.394 -9999 256.549 277.344 308.0 287.11 219.382 183.583 167.078 163.833 158.251 157.38 152.301 148.372 148.162 146.692 140.476 126.992 126.104 115.453 108.141 101.514 96.668 100.249 88.041 84.839 80.422 78.671 80.598 85.497 105.415 106.77 111.205 96.714 81.029 74.452 80.923 -9999 -9999 -9999 -9999 -9999 -9999 -9999 -9999 -9999 -9999 -9999 -9999 -9999 -9999 -9999 -9999 -9999 -9999 -9999 -9999 -9999 -9999 -9999 -9999
-9999 219.619 -9999 -9999 -9999 -9999 218.258 226.953 241.561 238.533 -9999 -9999 187.988 199.309 -9999 234.787 281.267 341.22 286.594 237.455 194.922 175.475 158.946 147.623 140.343 131.565 136.886 140.727 148.891 148.373 142.585 126.792 138.354 130.975 123.822 130.863 110.893 90.477 81.7 88.458 87.009 100.842 130.479 138.1 127.284 120.297 106.367 110.187 90.106 81.256 77.239 -9999 -9999 -9999 -9999 -9999 -9999 -9999 -9999 -9999 -9999 -9999 -9999 -9999 -9999 -9999 -9999 -9999 -9999 -9999 -9999 -9999 -9999 -9999
224.839 -9999 -9999 -9999 -9999 -9999 185.092 206.184 236.662 217.0 -9999 -9999 188.554 186.032 -9999 -9999 273.628 278.41 258.012 229.536 222.273 201.31 177.75 162.482 154.172 137.175 133.991 148.239 152.16 160.498 158.01 168.365 155.986 152.0 154.773 135.631 114.146 108.63 104.615 101.477 116.895 139.103 148.651 150.309 136.63 118.806 108.949 96.025 86.624 84.088 77.265 -9999 -9999 -9999 -9999 -9999 -9999 -9999 -9999 -9999 -9999 -9999 -9999 -9999 -9999 -9999 -9999 -9999 -9999 -9999 -9999 -9999 -9999 -9999
208.853 -9999 -9999 -9999 -9999 -9999 172.756 203.653 229.634 -9999 -9999 -9999 -9999 179.299 -9999 187.025 229.551 243.479 226.262 222.832 225.105 215.913 202.89 197.716 182.721 160.992 150.69 140.521 145.033 152.761 167.42 165.824 160.372 156.394 143.158 133.188 125.992 124.314 140.715 136.255 131.743 134.634 129.168 123.129 122.254 116.549 101.981 83.412 80.659 79.877 78.842 72.908 -9999 -9999 -9999 -9999 -9999 -9999 -9999 -9999 -9999 -9999 -9999 -9999 -9999 -9999 -9999 -9999 -9999 -9999 -9999 -9999 -9999 -9999
193.357 -9999 -9999 -9999 196.753 191.018 194.563 215.623 -9999 -9999 266.116 -9999 -9999 -9999 -9999 173.472 201.679 207.408 201.895 202.678 204.831 222.557 229.089 224.996 212.583 186.681 167.066 147.022 141.096 145.72 145.957 138.06 143.968 130.404 142.225 155.348 144.452 168.348 179.109 164.391 150.213 132.164 105.031 113.864 109.859 111.922 99.207 84.582 78.863 78.875 74.92 71.324 -9999 -9999 -9999 -9999 -9999 -9999 -9999 -9999 -9999 -9999 -9999 -9999 -9999 -9999 -9999 -9999 -9999 -9999 -9999 -9999 -9999 -9999
-9999 -9999 -9999 -9999 -9999 204.878 213.079 240.256 -9999 249.252 287.004 309.288 -9999 -9999 -9999 -9999 162.34 167.036 171.273 177.937 189.088 200.948 213.763 217.559 213.682 190.012 165.385 149.701 149.097 132.055 127.744 132.195 143.64 143.299 163.712 149.91 167.198 167.275 170.97 171.867 158.625 127.381 117.476 108.635 97.931 94.681 93.583 82.554 77.533 78.51 78.495 76.463 74.019 -9999 -9999 -9999 -9999 -9999 -9999 -9999 -9999 -9999 -9999 -9999 -9999 -9999 -9999 -9999 -9999 -9999 -9999 -9999 -9999 -9999
-9999 -9999 -9999 -9999 -9999 215.916 237.211 262.166 -9999 211.581 279.301 316.758 -9999 -9999 -9999 -9999 -9999 148.603 151.042 157.208 163.598 182.51 191.026 205.001 206.272 214.947 201.644 183.376 152.121 141.818 133.17 137.608 135.842 140.873 158.827 161.178 161.627 165.575 161.21 141.169 128.15 115.731 113.403 99.026 93.395 92.939 83.083 78.254 73.664 76.219 82.729 87.739 78.637 75.31 -9999 -9999 -9999 -9999 -9999 -9999 -9999 -9999 -9999 -9999 -9999 -9999 -9999 -9999 -9999 -9999 -9999 -9999 -9999 -9999
-9999 -9999 -9999 -9999 -9999 218.32 253.782 -9999 -9999 188.117 251.078 292.105 238.556 -9999 -9999 -9999 -9999 -9999 146.806 152.804 167.992 174.132 200.982 213.912 227.326 235.407 222.012 201.037 175.38 169.827 153.714 153.053 160.003 184.605 184.182 218.798 189.947 195.842 165.027 173.392 144.947 118.288 114.268 99.767 88.332 85.228 88.476 90.702 92.729 81.728 87.528 86.769 91.621 80.002 76.615 69.62 -9999 -9999 -9999 -9999 -9999 -9999 -9999 -9999 -9999 -9999 -9999 -9999 -9999 -9999 -9999 -9999 -9999 -9999
-9999 -9999 -9999 -9999 -9999 231.177 207.861 -9999 -9999 199.368 239.596 245.59 -9999 -9999 -9999 -9999 -9999 -9999 137.537 146.894 152.96 165.607 182.53 191.5 209.613 220.247 221.937 219.86 197.441 182.704 187.309 203.479 232.311 216.653 241.812 251.38 236.142 189.506 194.877 182.678 130.045 127.022 113.518 98.118 96.812 97.258 91.648 95.178 98.081 113.175 111.61 96.72 92.742 89.014 80.972 74.968 -9999 -9999 -9999 -9999 -9999 -9999 -9999 -9999 -9999 -9999 -9999 -9999 -9999 -9999 -9999 -9999 -9999 -9999
-9999 -9999 -9999 -9999 -9999 209.199 172.519 -9999 -9999 -9999 193.772 197.042 184.074 -9999 -9999 -9999 -9999 -9999 131.703 143.517 148.678 158.45 167.617 183.736 214.723 241.958 255.824 228.638 215.542 205.256 202.872 213.082 229.209 239.884 281.674 262.472 227.517 218.921 200.951 157.312 150.605 127.371 120.46 110.125 97.636 102.276 108.575 113.625 126.193 152.808 141.047 119.984 102.604 93.146 89.01 81.734 -9999 -9999 -9999 -9999 -9999 -9999 -9999 -9999 -9999 -9999 -9999 -9999 -9999 -9999 -9999 -9999 -9999 -9999
-9999 -9999 -9999 -9999 222.284 204.419 183.591 -9999 -9999 -9999 -9999 -9999 -9999 -9999 -9999 -9999 -9999 -9999 154.571 166.009 166.388 166.525 177.627 192.949 217.543 242.249 259.297 249.087 237.171 246.078 235.795 252.831 267.911 294.93 303.938 286.756 254.909 240.286 205.522 187.816 155.463 142.423 120.24 106.649 112.019 109.712 125.406 137.117 162.104 158.677 157.079 123.894 100.64 92.501 87.228 82.749 68.114 -9999 -9999 -9999 -9999 -9999 -9999 -9999 -9999 -9999 -9999 -9999 -9999 -9999 -9999 -9999 -9999 -9999
-9999 -9999 -9999 218.234 220.215 221.389 191.239 -9999 -9999 -9999 -9999 -9999 -9999 -9999 -9999 -9999 158.532 159.031 172.567 192.384 206.037 215.745 226.022 245.128 234.792 245.033 244.083 259.442 269.229 266.188 292.011 285.796 268.833 267.07 314.51 282.32 284.199 241.671 215.024 183.206 154.962 134.728 134.33 127.307 113.417 120.641 138.341 156.932 144.424 148.467 154.453 123.91 95.849 88.68 93.751 86.718 74.818 -9999 -9999 -9999 -9999 -9999 -9999 -9999 -9999 -9999 -9999 -9999 -9999 -9999 -9999 -9999 -9999 -9999
-9999 -9999 -9999 211.39 197.196 173.498 -9999 -9999 -9999 -9999 -9999 -9999 -9999 -9999 -9999 -9999 162.013 166.127 187.053 216.415 235.706 242.006 287.223 303.498 289.675 278.864 283.561 263.727 262.251 293.401 303.909 280.896 254.093 260.425 278.789 303.124 271.709 256.691 229.89 204.02 171.225 160.319 153.822 140.312 139.892 166.227 177.386 166.808 148.059 143.605 123.843 110.202 106.117 105.029 95.624 89.838 75.405 -9999 -9999 -9999 -9999 -9999 -9999 -9999 -9999 -9999 -9999 -9999 -9999 -9999 -9999 -9999 -9999 -9999
-9999 -9999 -9999 -9999 -9999 -9999 -9999 -9999 -9999 -9999 -9999 -9999 -9999 -9999 -9999 -9999 171.925 182.873 217.298 240.755 260.948 274.823 318.589 337.631 363.743 327.599 284.212 266.46 272.331 291.158 324.091 299.775 253.715 253.125 265.033 282.87 276.23 259.835 249.03 220.922 216.855 209.57 193.315 193.354 203.503 207.576 173.346 159.468 147.871 134.178 130.938 110.171 99.981 98.534 93.053 79.969 76.294 -9999 -9999 -9999 -9999 -9999 -9999 -9999 -9999 -9999 -9999 -9999 -9999 -9999 -9999 -9999 -9999 -9999
-9999 -9999 -9999 -9999 -9999 -9999 -9999 -9999 -9999 -9999 -9999 -9999 -9999 -9999 -9999 178.698 199.822 227.306 249.138 288.361 283.865 295.309 311.84 359.211 345.539 316.779 282.158 261.592 230.877 242.975 259.069 265.653 251.699 225.444 239.894 256.71 258.366 253.857 249.373 254.597 227.488 223.98 216.021 211.025 231.38 193.257 190.073 165.153 131.122 138.586 136.537 126.52 104.297 93.077 83.248 75.421 71.481 -9999 -9999 -9999 -9999 -9999 -9999 -9999 -9999 -9999 -9999 -9999 -9999 -9999 -9999 -9999 -9999 -9999
-9999 -9999 -9999 -9999 -9999 -9999 -9999 -9999 -9999 -9999 -9999 -9999 -9999 -9999 -9999 199.863 231.75 266.233 310.694 319.636 322.457 319.167 347.846 323.451 310.731 288.627 278.482 249.026 208.885 209.601 240.721 252.256 238.513 200.722 209.208 218.309 226.101 240.493 261.795 221.09 241.234 231.184 215.103 241.885 208.589 201.558 183.74 145.257 140.938 132.857 125.413 122.187 110.662 97.371 88.262 77.113 68.304 -9999 -9999 -9999 -9999 -9999 -9999 -9999 -9999 -9999 -9999 -9999 -9999 -9999 -9999 -9999 -9999 -9999
-9999 -9999 -9999 -9999 -9999 -9999 -9999 -9999 -9999 -9999 -9999 -9999 -9999 -9999 189.061 225.573 252.613 297.385 308.352 334.288 366.448 371.583 360.939 311.015 280.537 268.725 268.325 253.02 220.065 215.197 231.345 224.293 187.919 178.567 189.384 207.391 220.803 252.885 226.147 226.934 245.648 223.924 231.958 222.252 194.87 189.883 155.5 152.358 142.401 133.174 124.69 111.24 100.503 91.46 87.164 79.486 70.4 69.828 -9999 -9999 -9999 -9999 -9999 -9999 -9999 -9999 -9999 -9999 -9999 -9999 -9999 -9999 -9999 -9999
