Validation/Results/raw data/ReClimate_03_2024_1weatherlogisticsltd.asc
NCOLS 192
NROWS 249
XLLCENTER -225160.85627316462
YLLCENTER 29788.11610251502
CELLSIZE 5000.0
NODATA_VALUE -9999
[rows 132 to 164 of 249, columns 75 to 149 of 192]
-9999 -9999 -9999 -9999 -9999 -9999 -9999 -9999 -9999 -9999 -9999 -9999 87.082 87.787 88.664 89.4 90.007 90.419 90.808 91.178 91.53 91.868 92.194 92.51 92.818 93.119 93.453 94.092 94.996 95.785 96.517 97.194 97.829 98.44 99.043 99.653 100.28 100.929 101.6 102.294 103.011 103.764 104.818 106.381 107.922 109.414 110.713 111.936 113.139 114.324 115.483 116.595 117.658 118.69 119.69 120.654 121.571 -9999 -9999 -9999 -9999 -9999 -9999 -9999 -9999 -9999 -9999 -9999 -9999 -9999 -9999 -9999 -9999 -9999 -9999
-9999 -9999 -9999 -9999 -9999 -9999 -9999 -9999 -9999 -9999 -9999 -9999 86.814 87.673 88.522 89.343 90.019 90.535 90.933 91.311 91.672 92.018 92.353 92.677 92.993 93.302 93.688 94.465 95.354 96.121 96.832 97.505 98.161 98.795 99.418 100.042 100.679 101.333 102.007 102.705 103.428 104.286 105.684 107.241 108.778 110.205 111.478 112.711 113.91 115.058 116.13 117.189 118.206 119.183 120.133 121.062 121.975 -9999 -9999 -9999 -9999 -9999 -9999 -9999 -9999 -9999 -9999 -9999 -9999 -9999 -9999 -9999 -9999 -9999 -9999
-9999 -9999 -9999 -9999 -9999 -9999 -9999 -9999 -9999 -9999 -9999 85.812 86.616 87.509 88.379 89.232 90.015 90.655 91.063 91.451 91.821 92.177 92.52 92.853 93.179 93.497 93.991 94.872 95.743 96.504 97.215 97.894 98.546 99.179 99.806 100.437 101.08 101.741 102.422 103.125 103.866 104.958 106.596 108.204 109.715 111.009 112.245 113.432 114.569 115.658 116.707 117.713 118.692 119.64 120.56 121.456 122.335 123.119 -9999 -9999 -9999 -9999 -9999 -9999 -9999 -9999 -9999 -9999 -9999 -9999 -9999 -9999 -9999 -9999 -9999
-9999 -9999 -9999 -9999 -9999 -9999 -9999 -9999 -9999 -9999 84.896 -9999 86.419 87.338 88.233 89.111 89.975 90.673 91.2 91.599 91.979 92.345 92.699 93.042 93.378 93.707 94.301 95.271 96.132 96.903 97.624 98.306 98.962 99.602 100.234 100.87 101.516 102.175 102.855 103.58 104.491 105.959 107.601 109.142 110.458 111.7 112.888 114.029 115.127 116.186 117.202 118.191 119.147 120.071 120.965 121.833 122.681 123.461 -9999 -9999 -9999 -9999 -9999 -9999 -9999 -9999 -9999 -9999 -9999 -9999 -9999 -9999 -9999 -9999 -9999
80.633 -9999 -9999 -9999 -9999 -9999 -9999 -9999 -9999 -9999 84.473 -9999 86.209 87.158 88.083 88.99 89.883 90.698 91.345 91.756 92.148 92.525 92.89 93.245 93.592 93.933 94.618 95.664 96.511 97.293 -9999 -9999 -9999 -9999 -9999 -9999 101.954 102.629 103.382 104.229 105.346 106.95 108.504 109.852 111.105 112.305 113.456 114.566 115.636 116.671 117.672 118.636 119.573 120.479 121.353 122.198 123.018 123.789 124.327 -9999 -9999 -9999 -9999 -9999 -9999 -9999 -9999 -9999 -9999 -9999 -9999 -9999 -9999 -9999 -9999
80.216 80.489 -9999 -9999 -9999 -9999 -9999 -9999 -9999 -9999 84.141 84.965 85.981 86.965 87.926 88.866 89.793 90.701 91.421 91.924 92.329 92.719 93.096 93.463 93.823 94.192 94.972 96.018 96.88 97.674 -9999 -9999 -9999 -9999 101.093 101.741 102.424 103.24 104.083 104.964 106.262 107.832 109.207 110.475 111.688 112.852 113.974 115.057 116.105 117.119 118.098 119.052 119.975 120.867 121.726 122.552 123.346 124.101 124.819 -9999 -9999 -9999 -9999 -9999 -9999 -9999 -9999 -9999 -9999 -9999 -9999 -9999 -9999 -9999 -9999
79.781 80.059 80.335 -9999 -9999 -9999 -9999 -9999 -9999 -9999 83.841 84.671 85.73 -9999 -9999 88.739 89.705 90.662 91.488 -9999 92.532 92.929 93.32 93.701 94.075 94.496 95.328 96.361 -9999 -9999 -9999 -9999 -9999 100.864 101.53 102.254 103.108 103.944 104.768 105.732 107.124 108.518 109.806 111.034 112.214 113.35 114.447 115.508 116.537 117.534 118.501 119.438 120.351 121.235 122.086 122.897 123.667 124.411 125.138 -9999 -9999 -9999 -9999 -9999 -9999 -9999 -9999 -9999 -9999 -9999 -9999 -9999 -9999 -9999 -9999
79.192 79.389 79.884 -9999 -9999 -9999 -9999 -9999 -9999 -9999 -9999 84.364 85.449 -9999 -9999 -9999 89.617 90.62 91.568 92.309 -9999 -9999 93.569 93.962 94.352 94.825 95.645 -9999 -9999 -9999 -9999 -9999 100.599 101.298 102.088 102.966 103.807 104.624 105.428 106.448 107.781 109.092 110.34 111.538 112.692 113.806 114.883 115.926 116.937 117.918 118.868 119.796 120.7 121.579 122.43 123.234 123.981 124.692 125.399 -9999 -9999 -9999 -9999 -9999 -9999 -9999 -9999 -9999 -9999 -9999 -9999 -9999 -9999 -9999 -9999
78.67 79.282 -9999 -9999 -9999 -9999 -9999 -9999 -9999 -9999 -9999 -9999 85.163 -9999 -9999 -9999 -9999 90.584 91.633 92.443 -9999 -9999 -9999 94.398 94.666 -9999 -9999 -9999 -9999 -9999 -9999 -9999 101.023 101.888 102.803 103.666 104.49 105.279 106.019 106.991 108.331 109.6 110.82 111.997 113.134 114.23 115.29 116.316 117.31 118.276 119.214 120.125 121.017 121.889 122.741 123.557 124.278 124.952 125.634 -9999 -9999 -9999 -9999 -9999 -9999 -9999 -9999 -9999 -9999 -9999 -9999 -9999 -9999 -9999 -9999
78.516 -9999 -9999 -9999 -9999 -9999 -9999 -9999 -9999 -9999 -9999 -9999 84.806 -9999 -9999 -9999 -9999 -9999 91.671 92.6 -9999 -9999 -9999 -9999 -9999 -9999 -9999 -9999 -9999 -9999 -9999 -9999 101.622 102.608 103.511 104.359 105.146 105.826 106.484 107.531 108.814 110.052 111.259 112.426 113.549 114.632 115.676 116.685 117.663 118.611 119.528 120.426 121.301 122.156 122.988 123.783 124.511 125.176 125.85 126.538 -9999 -9999 -9999 -9999 -9999 -9999 -9999 -9999 -9999 -9999 -9999 -9999 -9999 -9999 -9999
-9999 78.41 78.599 78.842 79.045 -9999 -9999 -9999 -9999 -9999 -9999 -9999 84.574 -9999 -9999 -9999 -9999 -9999 -9999 -9999 -9999 -9999 -9999 -9999 -9999 -9999 -9999 -9999 -9999 -9999 -9999 101.297 102.363 103.327 104.209 104.989 105.652 106.262 106.959 108.021 109.245 110.471 111.677 112.821 113.919 114.975 115.996 116.986 117.947 118.887 119.815 120.717 121.58 122.411 123.212 123.977 124.695 125.374 126.049 126.737 127.446 -9999 -9999 -9999 -9999 -9999 -9999 -9999 -9999 -9999 -9999 -9999 -9999 -9999 -9999
78.36 78.425 78.558 78.582 78.758 -9999 -9999 -9999 -9999 -9999 -9999 -9999 -9999 -9999 -9999 -9999 -9999 -9999 -9999 -9999 -9999 -9999 -9999 -9999 -9999 -9999 -9999 -9999 -9999 -9999 101.151 102.049 103.089 103.996 104.774 105.466 106.104 106.697 107.419 108.48 109.663 110.847 112.005 113.117 114.184 115.212 116.209 117.189 118.149 119.082 119.991 120.868 121.73 122.564 123.375 124.157 124.879 125.562 126.238 126.923 127.625 -9999 -9999 -9999 -9999 -9999 -9999 -9999 -9999 -9999 -9999 -9999 -9999 -9999 -9999
78.245 78.323 78.347 -9999 78.527 78.719 -9999 -9999 -9999 -9999 -9999 -9999 -9999 -9999 -9999 -9999 -9999 -9999 -9999 -9999 -9999 -9999 -9999 -9999 -9999 -9999 -9999 -9999 -9999 -9999 101.776 102.717 103.668 104.498 105.246 105.921 106.523 107.081 107.818 108.906 110.07 111.207 112.314 113.384 114.425 115.454 116.452 117.417 118.347 119.246 120.119 120.961 121.791 122.604 123.399 124.178 124.943 125.685 126.411 127.108 127.74 128.253 128.603 -9999 -9999 -9999 -9999 -9999 -9999 -9999 -9999 -9999 -9999 -9999 -9999
77.78 78.054 78.112 -9999 -9999 78.495 -9999 -9999 -9999 -9999 -9999 -9999 -9999 -9999 -9999 -9999 -9999 -9999 -9999 -9999 -9999 -9999 -9999 -9999 -9999 -9999 -9999 -9999 -9999 -9999 102.276 103.223 104.147 104.959 105.67 106.303 106.885 107.43 108.194 109.308 110.456 111.556 112.631 113.702 114.753 115.759 116.721 117.646 118.538 119.401 120.231 121.049 121.848 122.63 123.399 124.157 124.909 125.663 126.428 127.193 127.794 128.237 128.604 128.976 129.36 129.507 -9999 -9999 -9999 -9999 -9999 -9999 -9999 -9999 -9999
77.552 77.817 77.983 78.123 -9999 78.623 -9999 -9999 -9999 -9999 -9999 -9999 -9999 -9999 -9999 -9999 -9999 -9999 -9999 -9999 -9999 -9999 -9999 -9999 -9999 -9999 -9999 -9999 -9999 101.411 102.731 103.69 104.582 105.351 106.036 106.657 107.231 107.772 108.552 109.674 110.815 111.924 113.032 114.09 115.096 116.057 116.978 117.864 118.72 119.549 120.356 121.135 121.905 122.662 123.408 124.147 124.884 125.626 126.38 127.044 127.628 128.113 128.547 128.935 129.314 129.702 130.093 129.578 -9999 -9999 -9999 -9999 -9999 -9999 -9999
77.147 76.951 77.339 -9999 78.725 -9999 -9999 -9999 -9999 -9999 -9999 -9999 -9999 -9999 -9999 -9999 -9999 -9999 -9999 -9999 -9999 -9999 -9999 -9999 -9999 -9999 -9999 -9999 -9999 -9999 102.912 104.097 104.96 105.713 106.386 106.998 107.566 108.103 108.887 110.021 111.224 112.373 113.445 114.458 115.42 116.34 117.223 118.073 118.895 119.692 120.461 121.221 121.965 122.699 123.424 124.146 124.869 125.599 126.268 126.852 127.355 127.853 128.364 128.866 129.282 129.663 130.051 130.431 130.187 -9999 -9999 -9999 -9999 -9999 -9999
76.925 77.064 77.995 78.86 79.411 -9999 -9999 -9999 -9999 -9999 -9999 -9999 -9999 -9999 -9999 -9999 -9999 -9999 -9999 -9999 -9999 -9999 -9999 -9999 -9999 -9999 -9999 -9999 -9999 -9999 -9999 103.948 104.81 106.057 106.72 107.325 107.888 108.423 109.229 110.46 111.679 112.792 113.826 114.8 115.724 116.607 117.455 118.272 119.063 119.831 120.58 121.307 122.028 122.74 123.447 124.153 124.862 125.531 126.118 126.632 127.115 127.608 128.112 128.63 129.163 129.609 130.002 130.381 130.756 130.54 -9999 -9999 -9999 -9999 -9999
77.195 77.591 78.509 79.518 -9999 -9999 -9999 -9999 -9999 -9999 -9999 -9999 -9999 -9999 -9999 -9999 -9999 -9999 -9999 -9999 -9999 -9999 -9999 -9999 -9999 -9999 -9999 -9999 -9999 -9999 -9999 104.064 104.774 105.616 106.375 107.639 108.204 108.787 109.715 110.902 112.092 113.175 114.177 115.117 116.008 116.859 117.675 118.462 119.224 119.965 120.689 121.394 122.094 122.787 123.476 124.17 124.84 125.424 125.939 126.416 126.896 127.381 127.876 128.382 128.902 129.44 129.922 130.321 130.696 130.986 130.623 -9999 -9999 -9999 -9999
77.733 78.28 79.254 80.263 -9999 -9999 -9999 -9999 -9999 -9999 -9999 -9999 -9999 -9999 -9999 -9999 -9999 -9999 -9999 -9999 -9999 -9999 -9999 -9999 -9999 -9999 -9999 -9999 -9999 -9999 -9999 -9999 104.968 105.332 106.196 107.115 108.574 109.304 110.18 111.303 112.467 113.523 114.498 115.41 116.272 117.094 117.882 118.642 119.379 120.096 120.791 121.481 122.161 122.837 123.526 124.186 124.759 125.277 125.747 126.216 126.687 127.163 127.648 128.143 128.652 129.177 129.722 130.232 130.64 130.942 131.07 -9999 -9999 -9999 -9999
-9999 -9999 -9999 -9999 -9999 -9999 -9999 -9999 -9999 -9999 -9999 -9999 -9999 -9999 -9999 -9999 -9999 -9999 -9999 -9999 -9999 -9999 -9999 -9999 -9999 -9999 -9999 -9999 -9999 -9999 -9999 -9999 105.772 106.496 107.014 107.716 108.635 109.798 110.614 111.663 112.806 113.84 114.792 115.679 116.516 117.313 118.076 118.813 119.527 120.222 120.898 121.568 122.239 122.923 123.56 124.126 124.636 125.101 125.562 126.023 126.485 126.953 127.428 127.914 128.413 128.927 129.462 130.023 130.558 130.857 130.98 131.052 -9999 -9999 -9999
-9999 -9999 -9999 -9999 -9999 -9999 -9999 -9999 -9999 -9999 -9999 -9999 -9999 -9999 -9999 -9999 -9999 -9999 -9999 -9999 -9999 -9999 -9999 -9999 -9999 -9999 -9999 -9999 -9999 -9999 -9999 -9999 -9999 107.172 107.331 107.137 108.039 109.503 111.019 111.986 113.112 114.127 115.059 115.926 116.741 117.517 118.259 118.974 119.668 120.344 121.007 121.673 122.353 122.963 123.514 124.013 124.475 124.931 125.384 125.836 126.291 126.751 127.218 127.695 128.185 128.691 129.218 129.771 130.339 130.73 130.851 130.922 -9999 -9999 -9999
-9999 -9999 -9999 -9999 -9999 -9999 -9999 -9999 -9999 -9999 -9999 -9999 -9999 -9999 -9999 -9999 -9999 -9999 -9999 -9999 -9999 -9999 -9999 -9999 -9999 -9999 -9999 -9999 -9999 -9999 -9999 -9999 -9999 107.563 -9999 108.522 109.545 110.657 111.37 -9999 113.386 114.387 115.302 116.151 116.949 117.705 118.429 119.127 119.803 120.462 121.13 121.793 122.379 122.919 123.405 123.866 124.319 124.767 125.212 125.657 126.104 126.556 127.016 127.486 127.969 128.468 128.989 129.537 130.049 130.472 130.697 130.796 130.871 -9999 -9999
-9999 -9999 -9999 -9999 -9999 -9999 -9999 -9999 -9999 -9999 -9999 -9999 -9999 -9999 -9999 -9999 -9999 -9999 -9999 -9999 -9999 -9999 -9999 -9999 -9999 -9999 -9999 -9999 -9999 -9999 -9999 -9999 -9999 -9999 108.485 109.555 -9999 -9999 -9999 -9999 113.562 114.619 115.52 116.355 117.138 117.879 118.588 119.27 119.931 120.589 121.26 121.793 122.328 122.808 123.277 123.734 124.182 124.623 125.061 125.498 125.937 126.38 126.831 127.292 127.767 128.259 128.775 129.32 129.773 130.132 130.468 130.66 130.747 130.826 130.914
-9999 -9999 -9999 -9999 -9999 -9999 -9999 -9999 -9999 -9999 -9999 -9999 -9999 -9999 -9999 -9999 -9999 -9999 -9999 -9999 -9999 -9999 -9999 -9999 -9999 -9999 -9999 -9999 -9999 -9999 -9999 -9999 -9999 -9999 108.96 109.891 -9999 -9999 -9999 -9999 113.542 114.625 115.514 116.345 117.131 117.885 118.615 119.328 120.02 120.673 121.214 121.745 122.242 122.718 123.179 123.628 124.067 124.499 124.929 125.357 125.787 126.222 126.664 127.116 127.582 128.066 128.574 129.066 129.481 129.799 130.135 130.473 130.625 130.704 130.79
-9999 -9999 -9999 -9999 -9999 -9999 -9999 -9999 -9999 -9999 -9999 -9999 -9999 -9999 -9999 -9999 -9999 -9999 -9999 -9999 -9999 -9999 -9999 -9999 -9999 -9999 -9999 -9999 -9999 -9999 -9999 -9999 -9999 -9999 109.043 -9999 -9999 -9999 -9999 112.258 113.469 114.477 115.365 116.189 116.973 117.727 118.44 119.091 119.762 120.408 121.029 121.655 122.175 122.643 123.095 123.533 123.963 124.386 124.806 125.227 125.649 126.076 126.51 126.955 127.414 127.891 128.392 128.818 129.165 129.472 129.802 130.161 130.46 130.574 -9999
-9999 -9999 -9999 -9999 -9999 -9999 -9999 -9999 -9999 -9999 -9999 -9999 -9999 -9999 -9999 -9999 -9999 -9999 -9999 -9999 -9999 -9999 -9999 -9999 -9999 -9999 -9999 -9999 -9999 -9999 -9999 -9999 -9999 -9999 -9999 -9999 -9999 -9999 -9999 112.055 112.949 114.258 115.172 115.97 116.682 117.359 118.002 118.705 119.412 120.083 120.724 121.34 121.941 122.497 122.999 123.442 123.863 124.278 124.691 125.104 125.52 125.941 126.369 126.808 127.261 127.732 128.183 128.562 128.859 129.161 129.483 129.833 130.22 130.429 -9999
-9999 -9999 -9999 -9999 -9999 -9999 -9999 -9999 -9999 -9999 -9999 -9999 -9999 -9999 -9999 -9999 -9999 -9999 -9999 -9999 -9999 -9999 -9999 -9999 -9999 -9999 -9999 -9999 -9999 -9999 -9999 -9999 -9999 -9999 -9999 -9999 -9999 -9999 -9999 111.704 112.669 113.873 114.751 115.51 116.207 116.903 117.634 118.377 119.074 119.736 120.368 120.976 121.569 122.149 122.724 123.274 123.754 124.176 124.583 124.991 125.401 125.817 126.24 126.674 127.123 127.59 127.973 128.287 128.569 128.866 129.182 129.524 129.9 130.291 -9999
-9999 -9999 -9999 -9999 -9999 -9999 -9999 -9999 -9999 -9999 -9999 -9999 -9999 -9999 -9999 -9999 -9999 -9999 -9999 -9999 -9999 -9999 -9999 -9999 -9999 -9999 -9999 -9999 -9999 -9999 -9999 -9999 -9999 -9999 -9999 -9999 -9999 -9999 111.079 111.337 112.067 112.872 114.191 115.009 115.776 116.525 117.313 118.049 118.74 119.397 120.024 120.629 121.215 121.786 122.349 122.913 123.485 124.033 124.483 124.886 125.292 125.704 126.124 126.555 127.0 127.401 127.744 128.015 128.294 128.587 128.898 129.232 129.599 129.994 130.262
-9999 -9999 -9999 -9999 -9999 -9999 -9999 -9999 -9999 -9999 -9999 -9999 -9999 -9999 -9999 -9999 -9999 -9999 -9999 -9999 -9999 -9999 -9999 -9999 -9999 -9999 -9999 -9999 -9999 -9999 -9999 -9999 -9999 -9999 -9999 -9999 -9999 -9999 110.778 110.96 111.389 112.393 113.673 114.57 115.383 116.201 116.986 117.718 118.407 119.061 119.688 120.293 120.877 121.442 121.995 122.547 123.107 123.68 124.271 124.766 125.193 125.602 126.02 126.448 126.862 127.207 127.491 127.758 128.034 128.323 128.629 128.957 129.315 129.712 130.054
-9999 -9999 -9999 -9999 -9999 -9999 -9999 -9999 -9999 -9999 -9999 -9999 -9999 -9999 -9999 -9999 -9999 -9999 -9999 -9999 -9999 -9999 -9999 -9999 -9999 -9999 -9999 -9999 -9999 -9999 -9999 -9999 -9999 -9999 -9999 -9999 -9999 109.918 110.264 110.701 111.237 112.286 113.069 114.134 115.016 115.868 116.65 117.38 118.068 118.724 119.354 119.961 120.55 121.114 121.658 122.198 122.749 123.313 123.895 124.499 125.061 125.512 125.928 126.349 126.696 126.989 127.249 127.514 127.788 128.073 128.374 128.697 129.048 129.436 129.859
-9999 -9999 -9999 -9999 -9999 -9999 -9999 -9999 -9999 -9999 -9999 -9999 -9999 -9999 -9999 -9999 -9999 -9999 -9999 -9999 -9999 -9999 -9999 -9999 -9999 -9999 -9999 -9999 -9999 -9999 -9999 -9999 -9999 -9999 -9999 -9999 -9999 109.403 109.895 110.468 111.198 111.903 112.72 113.7 114.651 115.52 116.302 117.032 117.722 118.38 119.012 119.624 120.216 120.784 121.325 121.861 122.406 122.964 123.538 124.134 124.757 125.375 125.848 126.199 126.504 126.76 127.019 127.283 127.555 127.837 128.134 128.452 128.796 129.175 129.602
-9999 -9999 -9999 -9999 -9999 -9999 -9999 -9999 -9999 -9999 -9999 -9999 -9999 -9999 -9999 -9999 -9999 -9999 -9999 -9999 -9999 -9999 -9999 -9999 -9999 -9999 -9999 -9999 -9999 -9999 -9999 -9999 -9999 -9999 -9999 -9999 -9999 109.477 110.041 110.634 111.18 111.366 112.181 113.324 114.271 115.156 115.939 116.671 117.365 118.027 118.664 119.277 119.87 120.441 120.99 121.53 122.075 122.63 123.201 123.791 124.406 125.052 125.652 126.027 126.287 126.543 126.801 127.064 127.334 127.614 127.908 128.221 128.559 128.931 129.348
-9999 -9999 -9999 -9999 -9999 -9999 -9999 -9999 -9999 -9999 -9999 -9999 -9999 -9999 -9999 -9999 -9999 -9999 -9999 -9999 -9999 -9999 -9999 -9999 -9999 -9999 -9999 -9999 -9999 -9999 -9999 -9999 -9999 -9999 -9999 -9999 -9999 -9999 110.003 110.58 110.799 110.839 111.74 113.045 113.87 114.764 115.559 116.296 116.994 117.661 118.305 118.923 119.52 120.096 120.655 121.204 121.754 122.311 122.88 123.466 124.076 124.659 125.229 125.758 126.08 126.337 126.595 126.857 127.126 127.403 127.694 -9999 128.336 -9999 129.129
