Validation/Results/raw data/ReClimate_01_2024_1_Precipitation-Actualsweatherlogisticsltd.asc
NCOLS 192
NROWS 249
XLLCENTER -225160.85627316462
YLLCENTER 29788.11610251502
CELLSIZE 5000.0
NODATA_VALUE -9999
[rows 165 to 197 of 249, columns 74 to 147 of 192]
-9999 -9999 -9999 -9999 -9999 -9999 -9999 -9999 -9999 -9999 -9999 -9999 -9999 -9999 -9999 -9999 -9999 -9999 -9999 -9999 -9999 -9999 -9999 -9999 -9999 -9999 -9999 -9999 -9999 -9999 -9999 -9999 -9999 -9999 -9999 -9999 -9999 -9999 66.98 68.832 73.906 71.996 76.859 91.511 110.405 121.125 136.933 137.857 132.744 131.536 128.17 131.028 125.652 103.673 82.039 72.496 63.859 57.869 52.292 51.097 48.561 46.656 45.945 44.889 44.008 42.984 44.955 44.964 47.469 46.117 48.986 52.615 51.705 48.898
-9999 -9999 -9999 -9999 -9999 -9999 -9999 -9999 -9999 -9999 -9999 -9999 -9999 -9999 -9999 -9999 -9999 -9999 -9999 -9999 -9999 -9999 -9999 -9999 -9999 -9999 -9999 -9999 -9999 -9999 -9999 -9999 -9999 -9999 -9999 -9999 -9999 -9999 66.844 72.717 73.489 74.664 83.233 93.403 102.847 111.952 114.37 116.59 115.116 111.349 118.932 126.859 120.783 109.08 93.738 76.917 67.822 64.172 56.666 52.196 52.057 48.255 46.462 44.796 44.343 43.604 42.239 43.44 43.207 45.208 46.977 43.663 47.671 50.439
-9999 -9999 -9999 -9999 -9999 -9999 -9999 -9999 -9999 -9999 -9999 -9999 -9999 -9999 -9999 -9999 -9999 -9999 -9999 -9999 -9999 -9999 -9999 -9999 -9999 -9999 -9999 -9999 -9999 -9999 -9999 -9999 -9999 -9999 -9999 -9999 -9999 64.032 66.62 70.147 73.633 76.796 79.836 90.261 99.083 96.992 99.361 96.996 98.316 99.225 109.662 127.425 145.567 130.145 112.845 99.522 77.485 63.751 58.107 51.378 51.055 49.901 48.184 45.642 41.504 41.81 43.413 45.858 46.452 44.885 46.814 50.599 47.172 49.001
-9999 -9999 -9999 -9999 -9999 -9999 -9999 -9999 -9999 -9999 -9999 -9999 -9999 -9999 -9999 -9999 -9999 -9999 -9999 -9999 -9999 -9999 -9999 -9999 -9999 -9999 -9999 -9999 -9999 -9999 -9999 -9999 -9999 -9999 -9999 -9999 -9999 64.647 64.752 69.572 72.09 74.234 81.565 83.21 84.333 80.877 81.025 82.976 81.363 88.883 99.965 115.132 138.552 157.352 134.599 117.107 97.164 74.631 63.779 53.699 46.844 49.237 48.405 46.049 43.754 41.296 42.606 44.279 49.855 50.542 48.384 49.424 51.478 48.697
-9999 -9999 -9999 -9999 -9999 -9999 -9999 -9999 -9999 -9999 -9999 -9999 -9999 -9999 -9999 -9999 -9999 -9999 -9999 -9999 -9999 -9999 -9999 -9999 -9999 -9999 -9999 -9999 -9999 -9999 -9999 -9999 -9999 -9999 -9999 -9999 -9999 -9999 65.135 68.198 69.956 75.895 80.663 75.259 71.553 71.677 73.878 72.997 76.05 77.78 87.373 100.395 118.011 146.197 153.588 134.805 110.143 87.586 68.768 59.449 50.798 50.172 50.309 48.051 43.651 44.452 43.421 43.686 45.886 50.281 49.157 47.912 49.786 50.556
-9999 -9999 -9999 -9999 -9999 -9999 -9999 -9999 -9999 -9999 -9999 -9999 -9999 -9999 -9999 -9999 -9999 -9999 69.78 78.076 -9999 -9999 -9999 -9999 -9999 -9999 -9999 -9999 -9999 -9999 -9999 -9999 -9999 -9999 -9999 -9999 -9999 60.975 59.923 67.51 70.288 74.103 70.43 66.034 62.994 65.991 68.151 70.113 69.749 72.424 78.253 101.214 118.599 134.046 138.521 136.607 122.332 89.249 73.624 60.427 56.586 55.661 52.844 51.892 48.04 42.289 43.376 42.061 45.06 48.06 48.304 46.762 48.569 48.476
-9999 -9999 -9999 -9999 -9999 -9999 -9999 -9999 -9999 -9999 -9999 -9999 -9999 -9999 -9999 -9999 -9999 -9999 81.636 86.668 85.528 -9999 -9999 -9999 -9999 -9999 -9999 -9999 -9999 -9999 -9999 -9999 -9999 -9999 -9999 -9999 56.714 55.115 59.531 66.55 69.351 65.429 63.912 60.577 61.28 63.604 67.374 67.113 67.302 67.989 77.136 90.941 114.836 139.951 137.534 122.096 113.504 95.669 74.108 63.11 54.088 56.562 53.705 48.667 46.441 42.6 43.63 45.346 44.849 46.394 47.399 47.354 49.618 50.74
-9999 -9999 -9999 -9999 -9999 -9999 -9999 -9999 -9999 -9999 -9999 -9999 -9999 -9999 -9999 -9999 -9999 77.081 82.962 87.725 83.802 85.079 -9999 -9999 -9999 -9999 -9999 -9999 -9999 -9999 -9999 -9999 -9999 61.875 -9999 -9999 54.902 58.523 59.987 62.468 61.61 -9999 61.582 62.709 65.274 67.135 65.264 64.357 66.283 67.817 75.374 91.426 95.378 122.526 122.56 108.388 102.453 88.698 81.736 69.086 57.329 54.849 52.76 47.219 45.259 43.1 43.631 44.692 42.054 42.828 46.107 47.624 47.596 49.559
-9999 -9999 -9999 -9999 -9999 -9999 -9999 -9999 -9999 -9999 -9999 -9999 -9999 -9999 -9999 -9999 -9999 71.842 78.019 82.887 84.105 84.161 85.124 88.97 -9999 -9999 -9999 86.762 70.714 -9999 65.18 62.171 58.125 66.055 61.552 -9999 -9999 56.493 57.516 -9999 -9999 56.151 57.134 59.435 62.312 63.052 62.609 65.815 67.601 71.693 78.873 103.832 104.237 115.95 109.057 103.583 102.764 87.994 73.728 68.417 61.485 58.406 52.054 48.794 46.7 47.39 46.914 45.987 45.439 43.159 46.177 47.159 46.784 47.759
-9999 -9999 -9999 -9999 -9999 -9999 -9999 -9999 -9999 -9999 -9999 -9999 -9999 -9999 -9999 -9999 -9999 -9999 74.248 80.555 83.114 85.611 90.296 -9999 -9999 135.106 132.676 97.278 92.211 84.781 80.395 65.02 63.274 57.325 61.139 65.989 -9999 56.804 54.231 55.1 54.416 55.558 57.857 61.976 61.874 60.948 60.772 62.578 69.635 70.307 78.029 107.583 122.447 114.887 107.338 91.217 94.246 86.243 75.104 66.998 60.932 58.325 53.673 50.07 49.13 49.436 48.757 46.675 44.774 46.105 46.373 47.582 46.598 47.382
-9999 -9999 -9999 -9999 -9999 -9999 -9999 -9999 -9999 -9999 -9999 -9999 -9999 -9999 -9999 -9999 -9999 -9999 72.338 77.085 77.544 82.587 87.093 107.176 128.475 162.035 143.708 122.803 108.967 92.379 86.391 73.908 61.31 65.389 74.082 68.204 67.323 59.484 54.859 53.944 53.3 54.751 61.055 62.42 61.296 61.413 57.814 61.245 66.559 68.442 86.538 104.371 117.098 117.764 108.604 92.131 84.782 87.078 78.649 70.115 65.005 60.38 56.762 54.071 51.26 48.964 48.553 45.7 44.778 45.676 47.975 48.294 47.871 46.644
-9999 -9999 -9999 -9999 -9999 -9999 -9999 -9999 -9999 -9999 -9999 -9999 -9999 -9999 -9999 -9999 -9999 -9999 -9999 80.761 85.97 96.109 130.169 163.024 206.357 219.089 189.013 158.456 138.5 121.265 107.5 91.2 80.205 76.891 69.786 77.7 67.169 62.249 59.967 54.853 54.367 54.968 57.392 57.839 57.267 54.327 56.51 59.16 62.332 72.074 86.544 101.001 101.723 102.362 103.939 97.3 82.276 85.578 82.258 71.075 69.943 64.53 59.79 56.372 51.927 49.769 48.494 45.574 42.248 44.044 47.232 47.713 45.538 45.378
-9999 -9999 -9999 -9999 -9999 -9999 -9999 -9999 -9999 -9999 -9999 -9999 -9999 -9999 -9999 -9999 -9999 -9999 -9999 -9999 -9999 118.749 163.946 207.471 260.517 257.079 224.305 159.316 139.118 139.269 124.643 112.592 88.568 73.4 71.34 71.222 76.318 73.101 68.076 54.522 52.031 52.782 55.701 55.584 53.845 53.585 54.925 56.48 61.016 73.66 89.75 94.385 104.664 105.913 104.659 104.383 91.284 82.706 82.559 69.801 67.381 63.139 58.261 57.416 53.877 49.959 48.999 45.713 44.371 42.086 41.73 45.956 45.774 44.33
-9999 -9999 -9999 -9999 -9999 -9999 -9999 -9999 -9999 -9999 -9999 -9999 -9999 -9999 -9999 -9999 -9999 -9999 -9999 -9999 110.138 147.378 183.584 252.406 301.295 266.151 199.929 176.374 148.917 139.234 127.036 111.64 101.701 83.332 76.513 88.523 86.504 80.944 62.017 57.355 56.787 59.45 56.313 55.47 54.999 54.425 54.109 55.793 64.925 75.401 79.323 85.072 95.879 98.906 100.407 94.558 90.203 87.247 77.237 68.174 64.26 62.719 59.804 56.722 56.311 51.388 48.949 46.326 44.785 43.782 47.218 45.464 47.478 44.506
-9999 -9999 -9999 -9999 -9999 -9999 -9999 -9999 -9999 -9999 -9999 -9999 -9999 -9999 -9999 -9999 -9999 -9999 -9999 105.396 148.873 160.496 208.415 255.908 246.246 237.52 210.339 190.573 171.231 152.69 125.23 108.353 93.914 81.593 87.645 95.064 91.677 79.075 65.888 57.361 56.636 58.114 55.051 54.727 54.951 53.722 54.763 61.769 67.13 68.658 76.052 80.164 89.888 98.748 87.575 86.588 78.915 78.332 77.703 65.16 62.335 63.383 61.359 57.797 50.488 48.343 46.099 46.039 44.991 43.904 45.55 47.629 43.612 45.434
-9999 -9999 -9999 -9999 -9999 -9999 -9999 -9999 -9999 -9999 -9999 -9999 -9999 -9999 -9999 -9999 -9999 -9999 95.588 125.338 123.869 148.245 171.561 176.242 175.132 188.655 201.677 195.601 189.416 166.945 133.524 121.782 96.164 97.727 97.377 90.612 85.843 74.609 66.174 55.76 52.937 55.702 53.554 56.378 55.447 56.708 62.439 64.503 66.771 71.994 74.009 77.753 74.741 80.297 81.258 75.254 72.413 70.193 69.116 64.149 58.912 59.943 58.778 54.4 51.399 47.167 43.74 42.122 43.923 44.497 44.925 48.434 45.171 44.88
-9999 -9999 -9999 -9999 -9999 -9999 -9999 -9999 -9999 -9999 -9999 -9999 -9999 -9999 -9999 -9999 91.799 90.765 96.614 100.562 114.834 120.549 129.321 118.292 140.999 172.664 188.015 199.629 207.802 159.49 139.914 118.949 106.108 116.541 112.178 104.361 91.468 81.883 68.861 56.265 55.535 57.413 59.464 57.342 57.814 61.838 63.429 67.169 65.73 69.181 74.816 73.512 72.074 71.277 68.256 67.107 66.13 65.727 63.204 60.078 58.237 55.737 53.789 49.594 48.642 46.902 44.31 43.207 43.787 46.409 48.236 48.92 46.751 43.92
-9999 -9999 -9999 -9999 -9999 -9999 -9999 -9999 -9999 -9999 -9999 -9999 -9999 -9999 -9999 95.401 94.432 92.976 90.237 -9999 -9999 -9999 -9999 118.571 149.179 184.7 197.485 208.88 187.173 171.037 170.675 152.698 155.103 161.628 139.209 115.428 95.952 82.543 66.008 59.339 58.028 57.802 57.219 56.942 57.487 60.488 61.185 63.33 63.075 65.663 67.485 65.769 64.846 65.855 63.923 63.085 59.2 57.925 56.574 54.373 55.1 53.207 49.819 48.097 48.256 47.395 45.59 46.555 48.274 49.515 51.956 51.667 48.738 44.982
-9999 -9999 -9999 -9999 -9999 -9999 -9999 -9999 -9999 -9999 -9999 -9999 -9999 -9999 -9999 95.085 96.101 88.932 -9999 -9999 -9999 -9999 -9999 119.094 151.255 199.41 210.157 212.341 228.576 217.78 207.329 190.158 168.164 158.085 119.413 99.08 89.754 72.966 63.168 59.362 58.079 57.456 58.822 57.892 57.071 56.175 60.249 61.946 61.006 59.384 60.625 61.368 62.403 63.236 63.726 60.691 56.74 53.265 54.39 54.42 51.971 50.843 46.45 45.133 49.618 50.899 51.638 51.83 53.937 53.944 53.694 53.049 49.3 45.951
-9999 -9999 -9999 -9999 -9999 -9999 -9999 -9999 -9999 -9999 -9999 -9999 -9999 -9999 -9999 -9999 -9999 86.684 -9999 -9999 -9999 -9999 -9999 121.015 146.849 165.85 172.104 199.532 202.853 229.221 226.807 182.517 173.464 143.105 113.767 96.917 80.571 68.823 59.535 59.139 57.418 57.534 55.204 52.798 53.992 52.995 56.085 57.778 57.236 57.594 59.077 59.893 58.387 58.519 60.216 58.729 56.32 56.935 56.222 55.494 53.386 50.778 51.526 46.591 49.428 53.969 53.16 53.885 54.177 54.825 53.878 52.487 50.109 46.672
-9999 -9999 -9999 -9999 -9999 -9999 -9999 -9999 -9999 -9999 -9999 -9999 -9999 -9999 -9999 -9999 -9999 -9999 -9999 -9999 -9999 -9999 -9999 114.965 128.509 136.344 174.566 189.154 218.349 228.882 222.222 191.333 159.43 127.858 106.75 83.388 71.35 60.963 59.13 58.433 59.448 54.315 52.148 51.405 47.287 51.179 53.459 55.019 56.617 58.198 59.563 63.032 59.576 55.716 56.099 56.602 54.263 55.449 57.049 55.948 57.073 59.071 55.775 51.629 46.612 49.441 51.802 51.48 52.65 52.815 51.189 51.087 49.408 46.901
-9999 -9999 -9999 -9999 -9999 -9999 -9999 -9999 -9999 -9999 -9999 -9999 -9999 -9999 -9999 -9999 -9999 -9999 -9999 -9999 -9999 -9999 -9999 -9999 121.77 182.046 230.995 232.571 218.563 208.27 190.262 163.459 139.874 113.349 90.327 83.637 69.644 60.947 59.916 61.048 57.57 51.084 50.843 50.386 51.193 55.411 58.921 57.748 57.179 56.569 56.914 61.388 60.824 56.933 55.293 53.832 52.977 53.85 55.197 55.788 62.083 65.212 60.511 54.056 50.591 50.41 53.187 55.039 53.309 53.598 51.193 50.507 48.956 46.504
-9999 -9999 -9999 -9999 -9999 -9999 -9999 -9999 -9999 -9999 -9999 -9999 -9999 -9999 -9999 -9999 -9999 -9999 -9999 -9999 -9999 -9999 -9999 131.523 149.475 197.82 227.784 214.586 194.27 183.814 167.312 159.742 141.007 108.419 93.078 84.482 72.341 78.494 64.931 59.215 54.525 56.238 55.652 55.005 62.921 63.489 63.816 56.403 56.774 55.677 57.743 60.552 59.985 56.738 55.043 52.938 51.737 51.142 52.612 54.549 57.614 62.295 58.512 54.216 53.242 53.32 56.709 58.685 56.133 54.14 52.152 49.279 47.482 46.116
-9999 -9999 -9999 -9999 -9999 -9999 -9999 -9999 -9999 -9999 -9999 -9999 -9999 -9999 -9999 -9999 -9999 -9999 -9999 -9999 -9999 -9999 -9999 121.087 148.092 192.497 177.725 166.258 155.237 154.841 161.978 154.591 125.729 102.099 92.829 82.244 87.292 74.873 71.284 70.504 66.615 59.862 50.783 57.138 59.885 62.912 57.232 55.834 57.857 58.464 59.987 59.382 60.134 60.142 57.387 54.652 52.005 51.431 50.393 53.347 57.57 60.742 57.039 52.154 53.612 59.109 57.828 60.571 60.358 55.487 53.734 49.32 45.62 46.523
-9999 -9999 -9999 -9999 -9999 -9999 -9999 -9999 -9999 -9999 -9999 -9999 -9999 -9999 -9999 -9999 -9999 -9999 -9999 -9999 -9999 -9999 -9999 104.092 132.866 138.564 155.642 151.342 152.353 158.539 163.743 139.774 123.564 99.343 87.888 81.737 75.494 73.262 76.933 79.646 81.057 65.693 64.637 60.267 61.058 60.747 55.89 55.901 56.047 57.717 60.719 60.724 61.495 61.356 59.38 55.637 56.181 54.678 54.755 55.186 55.06 54.975 55.004 54.766 54.805 57.616 60.544 57.875 57.141 54.762 53.799 53.894 47.603 43.678
-9999 -9999 -9999 -9999 -9999 -9999 -9999 -9999 -9999 -9999 -9999 -9999 -9999 -9999 -9999 -9999 -9999 -9999 -9999 -9999 -9999 -9999 -9999 -9999 109.821 145.683 165.497 188.469 196.413 180.131 156.814 124.597 95.117 86.301 71.588 76.433 79.087 72.935 77.237 82.104 82.653 73.3 60.847 57.935 65.567 62.628 58.025 57.043 55.211 58.175 59.821 58.793 59.014 60.232 58.09 55.999 56.909 59.328 57.258 56.531 56.019 52.65 53.195 55.143 55.542 55.722 55.42 56.18 54.461 53.239 53.783 52.389 50.17 46.35
-9999 -9999 -9999 -9999 -9999 -9999 -9999 -9999 -9999 -9999 -9999 -9999 -9999 -9999 -9999 -9999 -9999 -9999 -9999 -9999 -9999 -9999 -9999 -9999 111.488 135.218 169.908 219.837 243.801 199.496 158.791 112.099 94.866 89.218 92.386 97.511 91.882 83.096 73.543 80.687 79.847 70.021 66.063 72.11 71.988 69.682 63.742 60.458 58.564 58.513 59.557 61.331 60.679 59.768 58.743 56.501 57.347 59.74 58.71 58.362 58.56 57.366 56.201 57.867 56.652 55.269 56.225 55.416 55.622 53.831 55.817 54.035 50.423 49.605
-9999 -9999 -9999 -9999 -9999 -9999 -9999 -9999 -9999 -9999 -9999 -9999 -9999 -9999 -9999 -9999 -9999 -9999 -9999 -9999 -9999 -9999 -9999 99.976 95.492 130.72 176.965 222.907 211.188 200.048 147.673 130.8 132.091 117.964 113.454 105.655 90.505 83.502 83.595 83.161 72.732 72.559 75.875 75.475 77.684 69.61 63.614 62.092 57.898 60.579 66.167 66.199 66.02 63.233 62.051 59.127 58.988 62.515 64.104 61.424 60.235 57.833 58.531 60.086 61.48 59.242 59.755 55.954 54.748 55.387 56.511 54.124 51.997 51.385
-9999 -9999 -9999 -9999 -9999 -9999 -9999 -9999 -9999 -9999 -9999 -9999 -9999 -9999 -9999 -9999 -9999 -9999 -9999 -9999 -9999 -9999 -9999 93.621 108.907 134.199 160.092 197.859 227.337 189.809 158.265 138.446 129.163 129.52 120.708 109.796 102.103 100.641 90.125 77.746 79.259 73.356 73.796 74.786 80.114 66.032 64.361 59.602 54.709 60.257 64.763 71.299 68.134 68.081 63.934 62.021 60.632 56.324 57.4 60.181 61.973 59.734 56.305 59.614 61.958 63.509 63.007 60.771 53.933 53.491 54.331 53.879 52.93 53.346
-9999 -9999 -9999 -9999 -9999 -9999 -9999 -9999 -9999 -9999 -9999 -9999 -9999 -9999 -9999 -9999 -9999 -9999 -9999 -9999 -9999 -9999 -9999 103.542 111.926 119.372 142.746 191.139 211.243 194.26 158.664 135.361 136.408 126.99 112.84 109.849 116.929 103.114 85.204 82.777 76.124 80.293 68.719 74.196 67.46 62.913 61.512 55.885 55.756 56.77 64.26 65.212 66.243 66.942 65.931 64.355 61.922 60.128 54.737 56.769 57.258 58.451 54.896 54.701 58.703 61.084 60.055 60.861 56.716 53.711 53.811 53.907 53.649 51.835
-9999 -9999 -9999 -9999 -9999 -9999 -9999 -9999 -9999 -9999 -9999 -9999 -9999 -9999 -9999 -9999 -9999 -9999 -9999 -9999 -9999 -9999 107.546 107.991 125.025 123.982 136.56 165.994 189.727 186.435 149.814 131.73 124.99 112.004 108.686 117.077 105.746 93.914 91.929 79.985 75.114 67.561 64.898 63.195 61.767 62.822 56.505 56.073 57.281 55.47 58.142 61.883 61.567 63.344 63.314 62.821 61.72 58.574 55.033 52.983 53.168 54.285 55.901 58.054 58.258 58.849 58.06 57.874 58.89 54.154 55.078 54.866 54.553 53.917
-9999 -9999 -9999 -9999 -9999 -9999 -9999 -9999 -9999 -9999 -9999 -9999 -9999 -9999 -9999 -9999 -9999 -9999 -9999 -9999 -9999 112.031 110.232 117.638 120.415 121.278 147.993 178.97 201.292 197.372 164.479 139.462 125.894 110.842 110.316 116.797 100.034 97.196 81.576 75.699 70.885 67.297 66.597 66.954 67.241 64.985 61.291 61.125 55.48 54.818 57.713 58.082 58.541 59.517 60.743 59.267 58.696 57.041 54.332 53.059 53.714 53.599 51.048 54.911 59.489 57.954 56.183 58.146 56.02 55.869 58.984 58.719 55.318 55.366
-9999 -9999 -9999 -9999 -9999 -9999 -9999 -9999 -9999 -9999 -9999 -9999 -9999 -9999 -9999 -9999 -9999 -9999 -9999 122.555 118.848 122.108 116.776 113.732 117.974 131.999 165.549 193.998 214.211 197.967 167.421 137.51 107.671 111.299 115.745 115.602 101.614 89.368 83.317 73.484 68.701 65.562 67.269 67.338 64.825 66.118 63.927 58.765 56.987 56.398 57.182 56.785 55.297 55.657 56.28 53.43 52.487 51.811 53.998 55.047 57.375 60.548 61.295 56.783 56.834 55.964 56.504 59.693 57.957 55.934 55.11 58.279 55.595 53.634
