Validation/Results/raw data/ReClimate_09_2024_1.asc
NCOLS 192
NROWS 249
XLLCENTER -225160.85627316462
YLLCENTER 29788.11610251502
CELLSIZE 5000.0
NODATA_VALUE -9999
[rows 204 to 237 of 249, columns 75 to 149 of 192]
-9999 -9999 -9999 -9999 94.385 -9999 94.304 94.273 94.244 94.22 94.2 94.182 94.141 94.063 93.98 93.907 93.842 93.784 93.732 93.718 93.608 93.529 93.468 93.41 93.356 93.311 93.273 93.299 93.245 93.131 93.075 93.008 92.957 92.907 92.858 92.808 92.756 92.698 92.635 92.569 92.496 92.425 92.361 92.305 92.249 92.197 92.155 92.112 92.069 92.026 91.992 91.975 91.959 91.943 91.936 91.941 91.95 91.96 91.971 91.981 91.991 92.0 92.01 92.031 92.06 92.093 92.135 92.181 92.23 92.274 92.313 92.353 92.394 92.428 92.465
-9999 -9999 -9999 -9999 -9999 -9999 -9999 -9999 94.223 94.2 94.181 94.164 94.124 94.048 93.965 93.892 93.827 93.768 93.715 93.64 93.562 93.496 93.435 93.378 93.329 93.283 93.343 93.491 93.346 93.123 93.057 92.98 92.93 92.881 92.832 92.779 92.719 92.66 92.6 92.534 92.469 92.401 92.339 92.281 92.218 92.165 92.12 92.078 92.036 91.993 91.958 91.935 91.919 91.906 91.903 91.91 91.919 91.929 91.939 91.949 91.959 91.969 91.978 92.002 92.041 92.08 92.118 92.159 92.203 92.248 92.29 92.329 92.365 92.395 92.422
-9999 -9999 -9999 -9999 -9999 -9999 -9999 -9999 94.202 94.181 94.162 94.146 94.108 94.035 93.952 93.879 93.814 93.751 93.674 93.6 93.53 93.465 93.405 93.348 93.295 93.241 93.296 93.246 93.115 93.097 93.026 92.953 92.905 92.855 92.8 92.741 92.683 92.623 92.562 92.502 92.441 92.381 92.321 92.258 92.193 92.138 92.088 92.045 92.003 91.961 91.923 91.895 91.879 91.87 91.871 91.879 91.888 91.897 91.907 91.917 91.926 91.933 91.946 91.969 92.008 92.05 92.089 92.127 92.167 92.205 92.245 92.288 92.323 92.349 92.371
-9999 -9999 -9999 -9999 -9999 -9999 94.226 94.207 94.183 94.162 -9999 94.129 94.095 94.026 93.942 93.869 93.801 -9999 93.643 93.569 93.501 93.437 93.376 93.319 93.266 93.223 93.195 93.21 93.162 93.069 93.001 92.928 92.879 92.822 92.764 92.706 92.647 92.586 92.527 92.469 92.413 92.357 92.3 92.235 92.17 92.113 92.061 92.014 91.972 91.93 91.887 91.855 91.839 91.835 91.84 91.848 91.856 91.865 91.874 91.883 91.892 91.904 91.917 91.939 91.973 92.013 92.052 92.089 92.123 92.156 92.191 92.23 92.269 92.296 92.316
-9999 -9999 -9999 -9999 -9999 -9999 94.183 -9999 -9999 -9999 94.128 94.113 94.083 -9999 -9999 -9999 -9999 -9999 93.624 93.542 93.474 93.41 93.35 93.293 93.241 93.184 93.178 93.157 93.12 93.173 93.072 92.903 92.845 92.786 92.729 92.671 92.61 92.551 92.493 92.437 92.382 92.329 92.272 92.209 92.148 92.09 92.035 91.984 91.94 91.898 91.856 91.818 91.803 91.802 91.809 91.816 91.823 91.831 91.839 91.848 91.862 91.876 91.891 91.91 91.94 91.976 92.015 92.05 92.08 92.108 92.139 92.174 92.208 92.239 92.263
-9999 -9999 -9999 -9999 -9999 -9999 -9999 -9999 94.145 94.128 94.111 94.097 94.073 -9999 -9999 -9999 -9999 -9999 -9999 -9999 -9999 93.387 93.327 93.269 93.216 93.175 93.13 93.055 93.067 93.038 92.927 92.871 92.811 92.752 92.695 92.635 92.575 92.517 92.46 92.404 92.35 92.297 92.24 92.179 92.121 92.066 92.009 91.956 91.909 91.866 91.824 91.784 91.767 91.77 91.776 91.783 91.789 91.796 91.805 91.819 91.834 91.85 91.865 91.881 91.907 91.941 91.977 92.012 92.039 92.063 92.09 92.121 92.151 92.178 92.208
-9999 -9999 -9999 -9999 -9999 -9999 -9999 -9999 -9999 94.099 -9999 -9999 -9999 -9999 -9999 -9999 -9999 -9999 -9999 93.547 93.46 93.366 93.306 93.249 93.198 93.141 93.073 93.018 92.984 92.948 92.895 92.839 92.779 92.718 92.659 92.599 92.54 92.483 92.426 92.37 92.316 92.263 -9999 92.145 92.09 92.036 91.982 91.928 91.877 91.834 91.791 91.758 91.736 91.737 91.742 91.748 91.754 91.765 91.779 91.794 91.81 91.825 91.839 91.853 91.876 91.908 91.941 91.974 92.0 92.021 92.044 92.071 92.097 92.122 92.147
-9999 -9999 -9999 -9999 -9999 -9999 -9999 -9999 -9999 -9999 -9999 -9999 -9999 -9999 -9999 -9999 -9999 -9999 -9999 93.494 93.41 93.347 93.287 -9999 -9999 -9999 93.065 93.015 92.998 93.017 92.94 92.828 92.762 92.684 92.624 92.564 92.506 92.448 92.391 92.335 92.281 -9999 92.169 92.11 92.055 92.001 91.948 91.893 91.844 91.799 91.76 91.733 91.711 91.703 91.707 91.716 91.728 91.741 91.757 91.772 91.786 91.8 91.813 91.826 91.846 91.877 91.908 91.937 91.962 91.982 92.001 92.023 92.042 92.061 92.084
-9999 -9999 -9999 -9999 -9999 -9999 -9999 -9999 -9999 -9999 -9999 -9999 -9999 -9999 -9999 -9999 -9999 -9999 -9999 -9999 -9999 -9999 -9999 -9999 -9999 -9999 93.054 93.003 92.987 92.921 92.832 92.779 92.71 92.648 92.589 92.53 92.47 92.412 92.354 -9999 -9999 92.188 92.131 92.074 92.018 91.964 91.91 91.856 91.805 91.759 91.733 91.711 91.691 91.677 91.681 91.693 91.707 91.721 91.736 91.749 91.763 91.775 91.787 91.799 91.818 91.847 91.876 91.903 91.926 91.944 91.957 91.969 91.984 92.002 92.023
-9999 -9999 -9999 -9999 -9999 -9999 -9999 -9999 -9999 -9999 -9999 -9999 -9999 -9999 -9999 -9999 -9999 -9999 -9999 -9999 -9999 -9999 -9999 -9999 -9999 -9999 93.04 92.985 92.918 92.853 92.794 92.734 92.672 92.613 92.555 92.493 -9999 -9999 -9999 -9999 -9999 92.147 92.093 92.035 91.979 91.925 91.87 91.816 91.762 91.721 91.702 91.69 91.677 91.664 91.661 91.672 91.687 91.701 91.714 91.727 91.739 91.751 91.763 91.774 91.791 91.817 91.844 91.867 91.886 91.902 91.912 91.916 91.928 91.948 91.969
-9999 -9999 -9999 -9999 -9999 -9999 -9999 -9999 -9999 -9999 -9999 -9999 -9999 -9999 -9999 -9999 -9999 -9999 -9999 -9999 -9999 -9999 -9999 -9999 -9999 -9999 -9999 -9999 92.892 92.826 92.764 92.702 92.639 92.579 92.518 -9999 -9999 -9999 -9999 92.214 92.157 92.105 92.052 91.994 91.938 91.883 91.831 91.779 91.731 91.705 91.687 91.676 91.664 91.654 91.643 91.646 91.659 91.673 91.686 91.699 91.711 91.722 91.732 91.741 91.757 91.782 91.807 91.829 91.846 91.862 91.873 91.878 91.885 91.903 91.922
-9999 -9999 -9999 -9999 -9999 -9999 -9999 -9999 -9999 -9999 -9999 -9999 -9999 -9999 -9999 -9999 -9999 -9999 -9999 -9999 -9999 -9999 -9999 -9999 -9999 -9999 -9999 -9999 -9999 92.799 92.735 92.671 92.606 92.544 -9999 -9999 -9999 -9999 92.235 92.176 92.12 92.071 92.019 91.962 91.906 91.853 91.802 91.755 91.723 91.695 91.676 91.665 91.654 91.643 91.633 91.623 91.629 91.643 91.655 91.667 91.678 91.688 91.698 91.706 91.722 91.746 91.771 91.792 91.809 91.826 91.838 91.845 91.852 91.865 91.881
-9999 -9999 -9999 -9999 -9999 -9999 -9999 -9999 -9999 -9999 -9999 -9999 -9999 -9999 -9999 -9999 -9999 -9999 -9999 -9999 -9999 -9999 -9999 -9999 -9999 -9999 -9999 -9999 -9999 -9999 -9999 -9999 -9999 -9999 -9999 -9999 -9999 92.26 92.199 92.141 92.089 92.041 91.989 91.933 91.879 91.827 91.78 91.747 91.715 91.685 91.664 91.653 91.642 91.632 91.622 91.612 91.603 91.611 91.624 91.635 91.646 91.655 91.664 91.672 91.687 91.712 91.736 91.757 91.775 91.792 91.806 91.813 91.821 91.832 91.844
-9999 -9999 -9999 -9999 -9999 -9999 -9999 -9999 -9999 -9999 -9999 -9999 -9999 -9999 -9999 -9999 -9999 -9999 -9999 -9999 -9999 -9999 -9999 -9999 -9999 -9999 -9999 -9999 -9999 -9999 -9999 -9999 -9999 -9999 -9999 -9999 92.282 92.221 92.161 92.106 92.057 92.009 91.958 91.903 91.85 91.804 91.77 91.737 91.705 91.675 91.653 91.641 91.63 91.62 91.61 91.601 91.591 91.584 91.592 91.603 91.613 91.622 91.63 91.638 91.654 91.679 91.703 91.724 91.742 91.759 91.773 91.782 91.79 91.799 91.809
-9999 -9999 -9999 -9999 -9999 -9999 -9999 -9999 -9999 -9999 -9999 -9999 -9999 -9999 -9999 -9999 -9999 -9999 -9999 -9999 -9999 -9999 -9999 -9999 -9999 -9999 -9999 -9999 -9999 -9999 -9999 -9999 -9999 -9999 -9999 -9999 92.24 92.18 92.123 92.072 92.022 91.975 91.925 91.873 91.829 91.793 91.758 91.726 91.694 91.664 91.641 91.628 91.618 91.608 91.599 91.59 91.581 91.571 91.564 91.57 91.58 91.589 91.596 91.605 91.622 91.647 91.671 91.692 91.71 91.726 91.741 91.751 91.758 91.766 91.775
-9999 -9999 -9999 -9999 -9999 -9999 -9999 -9999 -9999 -9999 -9999 -9999 -9999 -9999 -9999 -9999 -9999 -9999 -9999 -9999 -9999 -9999 -9999 93.148 93.088 92.999 92.91 -9999 92.753 -9999 -9999 -9999 -9999 -9999 -9999 -9999 -9999 92.138 92.086 92.035 91.985 91.938 91.893 91.854 91.816 91.78 91.746 91.714 91.682 91.652 91.628 91.615 91.605 91.596 91.587 91.579 91.57 91.561 91.552 91.543 91.547 91.555 91.562 91.572 91.59 91.615 91.639 91.66 91.678 91.693 91.707 91.718 91.726 91.733 91.74
-9999 -9999 -9999 -9999 -9999 -9999 -9999 -9999 -9999 -9999 -9999 -9999 -9999 -9999 -9999 -9999 -9999 -9999 -9999 -9999 93.331 93.273 93.205 93.138 93.065 92.973 92.885 92.803 92.723 92.645 92.567 -9999 -9999 92.347 92.28 92.216 92.154 92.1 92.046 91.995 91.947 91.909 91.874 91.839 91.801 91.766 91.732 91.7 91.669 91.639 91.615 91.601 91.592 91.583 91.575 91.568 91.56 91.552 91.543 91.533 91.522 91.522 91.527 91.539 91.559 91.583 91.606 91.628 91.645 91.659 91.673 91.685 91.693 91.699 91.706
-9999 -9999 -9999 -9999 -9999 -9999 -9999 -9999 -9999 -9999 -9999 -9999 -9999 -9999 -9999 -9999 -9999 -9999 -9999 93.367 93.322 93.27 93.198 93.127 93.042 92.948 92.86 92.777 92.694 92.611 92.529 92.451 92.376 92.304 92.235 92.171 92.114 92.059 92.007 91.963 91.924 91.889 91.856 91.822 91.785 91.751 91.718 91.686 91.655 91.625 91.6 91.586 91.578 91.57 91.563 91.556 91.549 91.542 91.534 91.525 91.514 91.501 91.494 91.504 91.527 91.55 91.574 91.594 91.611 91.625 91.639 91.651 91.659 91.665 91.67
-9999 -9999 -9999 -9999 -9999 -9999 -9999 -9999 -9999 -9999 -9999 -9999 -9999 -9999 -9999 -9999 -9999 -9999 -9999 93.358 93.324 93.262 93.187 93.11 93.017 92.921 92.831 92.745 92.658 92.573 92.488 92.408 92.331 92.258 92.191 92.132 92.079 92.029 91.985 91.943 91.904 91.868 91.836 91.804 91.769 91.735 91.702 91.67 91.639 91.609 91.585 91.571 91.563 91.556 91.55 91.544 91.539 91.533 91.525 91.517 91.506 91.493 91.482 91.479 91.495 91.517 91.539 91.56 91.576 91.59 91.604 91.616 91.624 91.629 91.634
-9999 -9999 -9999 -9999 -9999 -9999 -9999 -9999 -9999 -9999 -9999 -9999 -9999 -9999 -9999 -9999 -9999 -9999 -9999 93.362 93.32 93.244 93.171 93.089 92.99 92.891 92.798 92.707 92.619 92.531 92.444 92.363 92.288 92.224 92.164 92.11 92.06 92.013 91.967 91.924 91.882 91.845 91.814 91.785 91.753 91.719 91.686 91.654 91.622 91.592 91.568 91.554 91.547 91.541 91.536 91.532 91.528 91.523 91.517 91.509 91.498 91.486 91.477 91.476 91.481 91.489 91.504 91.523 91.54 91.554 91.568 91.58 91.587 91.592 91.596
-9999 -9999 -9999 -9999 -9999 -9999 -9999 -9999 -9999 -9999 -9999 -9999 -9999 -9999 -9999 93.503 93.467 -9999 93.398 93.364 93.315 93.243 93.167 93.078 92.972 92.869 92.773 92.68 92.591 92.502 92.416 92.34 92.273 92.211 92.152 92.097 92.045 91.997 91.95 91.905 91.863 91.824 91.794 91.767 91.737 91.703 91.669 91.636 91.605 91.574 91.549 91.537 91.53 91.525 91.521 91.519 91.516 91.513 91.509 91.501 91.49 91.477 91.472 91.475 91.48 91.484 91.488 91.495 91.504 91.517 91.53 91.542 91.549 91.553 91.556
-9999 -9999 -9999 -9999 -9999 -9999 -9999 -9999 -9999 -9999 -9999 -9999 -9999 -9999 -9999 93.49 93.453 93.419 93.385 93.351 93.305 93.249 93.175 93.08 92.969 92.864 92.765 92.67 92.579 92.49 92.408 92.334 92.266 92.202 92.142 92.085 92.032 91.982 91.935 91.89 91.847 91.81 91.778 91.75 91.72 91.687 91.652 91.618 91.586 91.554 91.529 91.517 91.511 91.506 91.505 91.504 91.504 91.503 91.501 91.494 91.482 91.472 91.468 91.473 91.477 91.481 91.485 91.489 91.492 91.495 91.499 91.504 91.508 91.512 91.514
-9999 -9999 -9999 -9999 -9999 -9999 -9999 -9999 -9999 -9999 -9999 -9999 -9999 -9999 93.523 93.474 93.437 93.401 93.365 93.329 93.291 93.242 93.182 93.087 92.972 92.864 92.762 92.667 92.577 92.489 92.405 92.329 92.259 92.194 92.133 92.075 92.02 91.968 91.921 91.876 91.835 91.797 91.764 91.734 91.703 91.671 91.635 91.6 91.565 91.532 91.507 91.496 91.49 91.486 91.486 91.487 91.489 91.492 91.493 91.485 91.472 91.465 91.466 91.47 91.474 91.478 91.482 91.487 91.491 91.494 91.494 91.494 91.49 91.487 91.484
-9999 -9999 -9999 -9999 -9999 -9999 -9999 -9999 -9999 -9999 -9999 -9999 -9999 -9999 -9999 93.459 93.42 93.382 93.345 93.307 93.268 93.227 93.173 93.089 92.98 92.871 92.769 92.674 92.582 92.491 92.404 92.325 92.253 92.187 92.124 92.065 92.009 91.956 91.907 91.863 91.822 91.784 91.749 91.717 91.686 91.653 91.617 91.58 91.544 91.509 91.485 91.473 91.466 91.464 91.465 91.468 91.472 91.475 91.477 -9999 91.461 91.457 91.461 91.466 91.47 91.475 91.479 91.484 91.489 91.493 91.495 91.494 91.49 91.485 91.479
-9999 -9999 -9999 -9999 -9999 -9999 -9999 -9999 -9999 -9999 -9999 -9999 -9999 -9999 93.494 93.444 93.403 93.364 93.325 93.287 93.248 93.208 93.16 93.083 92.987 92.887 92.782 92.683 92.589 92.495 92.404 92.323 92.248 92.18 92.116 92.056 91.999 91.946 91.896 91.849 91.807 91.769 91.733 91.699 91.667 91.633 91.598 91.559 91.521 91.485 91.461 91.449 91.44 91.438 91.442 91.447 91.451 91.454 91.454 91.449 -9999 91.449 -9999 91.46 -9999 91.47 -9999 91.481 91.487 91.492 91.496 91.495 91.491 91.485 -9999
-9999 -9999 -9999 -9999 -9999 -9999 -9999 -9999 -9999 -9999 -9999 -9999 -9999 -9999 93.48 93.433 93.391 93.351 93.312 93.273 93.234 93.194 93.146 93.073 92.982 92.889 92.796 92.696 92.598 92.501 92.406 92.321 92.244 92.174 92.109 92.047 91.99 91.936 91.884 91.836 91.792 91.752 91.715 91.68 91.645 91.612 91.575 91.537 91.497 91.461 91.44 91.425 91.413 91.412 91.418 91.424 91.428 91.43 91.429 91.429 -9999 -9999 91.447 91.454 -9999 -9999 91.472 91.478 91.484 -9999 -9999 -9999 -9999 -9999 -9999
-9999 -9999 -9999 -9999 -9999 -9999 -9999 -9999 -9999 -9999 -9999 -9999 -9999 93.523 93.471 93.425 93.382 93.341 93.301 93.262 93.222 93.182 93.133 93.06 92.97 92.882 92.792 92.702 92.611 92.51 92.411 92.321 92.241 92.169 92.102 92.039 91.98 91.925 91.873 91.823 91.777 91.734 91.695 91.658 91.622 91.587 91.551 91.513 91.472 91.437 91.419 91.405 91.394 91.391 91.396 91.4 91.404 -9999 -9999 -9999 91.42 -9999 -9999 -9999 -9999 -9999 -9999 91.668 -9999 -9999 -9999 -9999 -9999 -9999 -9999
-9999 -9999 -9999 -9999 -9999 -9999 -9999 -9999 -9999 -9999 -9999 -9999 93.549 93.519 93.467 93.419 93.375 93.333 93.292 93.252 93.197 93.114 93.081 93.051 92.958 92.869 92.782 92.696 92.606 92.514 92.418 92.324 92.24 92.164 92.095 -9999 -9999 -9999 -9999 -9999 91.761 91.716 91.673 91.633 91.596 91.559 91.522 91.484 91.444 91.413 -9999 91.385 -9999 -9999 -9999 -9999 -9999 91.377 91.378 91.394 91.408 91.42 91.43 -9999 -9999 -9999 -9999 -9999 -9999 -9999 -9999 -9999 -9999 -9999 -9999
-9999 -9999 -9999 -9999 -9999 -9999 -9999 -9999 -9999 -9999 -9999 93.551 93.553 93.518 93.465 93.416 93.37 93.327 93.285 93.244 93.185 93.158 93.133 93.056 92.958 92.857 92.768 92.681 92.594 92.505 92.41 92.32 -9999 -9999 -9999 -9999 -9999 -9999 -9999 -9999 -9999 -9999 91.65 91.607 91.566 91.527 91.489 91.451 91.413 91.391 91.377 -9999 -9999 -9999 -9999 -9999 -9999 -9999 91.371 91.382 91.397 91.612 -9999 -9999 -9999 -9999 -9999 -9999 -9999 -9999 -9999 -9999 -9999 -9999 -9999
-9999 -9999 -9999 -9999 -9999 -9999 -9999 -9999 -9999 93.459 93.502 93.534 93.544 93.521 93.465 93.415 93.368 93.323 93.28 93.237 93.203 93.162 93.121 93.072 92.962 92.847 92.756 92.666 92.578 92.487 -9999 -9999 -9999 -9999 -9999 -9999 -9999 -9999 -9999 -9999 -9999 -9999 -9999 92.566 -9999 -9999 -9999 -9999 -9999 91.364 91.353 -9999 -9999 -9999 -9999 -9999 -9999 -9999 -9999 -9999 91.909 92.423 -9999 -9999 -9999 -9999 -9999 -9999 -9999 -9999 -9999 -9999 -9999 -9999 -9999
-9999 -9999 -9999 -9999 -9999 -9999 -9999 -9999 93.383 -9999 93.467 93.501 93.528 93.517 93.47 93.417 93.368 93.321 93.277 93.233 93.19 93.148 93.12 93.066 92.952 92.84 92.745 92.652 92.562 92.47 -9999 -9999 -9999 -9999 -9999 -9999 -9999 -9999 -9999 -9999 -9999 -9999 -9999 -9999 92.187 -9999 -9999 -9999 -9999 -9999 -9999 -9999 -9999 -9999 -9999 -9999 -9999 -9999 -9999 -9999 -9999 -9999 -9999 -9999 -9999 -9999 -9999 -9999 -9999 -9999 -9999 -9999 -9999 -9999 -9999
-9999 -9999 -9999 -9999 -9999 -9999 -9999 93.305 93.352 93.389 93.427 93.464 93.499 93.506 93.478 93.423 93.371 93.323 93.276 -9999 93.187 93.143 93.107 93.039 92.936 92.834 92.736 92.64 92.546 -9999 -9999 -9999 -9999 -9999 -9999 -9999 -9999 -9999 -9999 -9999 -9999 -9999 -9999 -9999 -9999 -9999 -9999 -9999 -9999 -9999 -9999 -9999 -9999 -9999 -9999 -9999 -9999 -9999 -9999 -9999 -9999 -9999 -9999 -9999 -9999 -9999 -9999 -9999 -9999 -9999 -9999 -9999 -9999 -9999 -9999
-9999 -9999 -9999 -9999 -9999 -9999 -9999 93.274 93.312 93.349 93.387 93.425 93.462 93.488 93.483 93.433 93.379 93.328 93.279 93.232 93.186 93.14 93.095 93.031 92.939 92.832 92.729 92.628 92.53 -9999 -9999 -9999 -9999 -9999 -9999 -9999 -9999 -9999 -9999 -9999 -9999 -9999 -9999 -9999 -9999 -9999 -9999 -9999 -9999 -9999 -9999 -9999 -9999 -9999 -9999 -9999 -9999 -9999 -9999 -9999 -9999 -9999 -9999 -9999 -9999 -9999 -9999 -9999 -9999 -9999 -9999 -9999 -9999 -9999 -9999
-9999 -9999 -9999 -9999 -9999 -9999 93.197 93.234 93.272 93.31 93.348 93.385 93.423 93.46 93.467 93.441 93.391 93.337 93.286 93.236 93.187 93.14 93.093 93.033 92.946 92.833 92.723 92.618 -9999 -9999 -9999 -9999 -9999 -9999 -9999 -9999 -9999 -9999 -9999 -9999 -9999 -9999 -9999 -9999 -9999 -9999 -9999 -9999 -9999 -9999 -9999 -9999 -9999 -9999 -9999 -9999 -9999 -9999 -9999 -9999 -9999 -9999 -9999 -9999 -9999 -9999 -9999 -9999 -9999 -9999 -9999 -9999 -9999 -9999 -9999
