Validation/Results/raw data/ReClimate_11_2023_1_Temperature-Actualsweatherlogisticsltd.asc
NCOLS 192
NROWS 249
XLLCENTER -225160.85627316462
YLLCENTER 29788.11610251502
CELLSIZE 5000.0
NODATA_VALUE -9999
[rows 170 to 203 of 249, columns 77 to 153 of 192]
-9999 -9999 -9999 -9999 -9999 -9999 -9999 -9999 -9999 -9999 -9999 -9999 -9999 -9999 -9999 7.815 7.585 -9999 -9999 -9999 -9999 -9999 -9999 -9999 -9999 -9999 -9999 -9999 -9999 -9999 -9999 -9999 -9999 -9999 6.485 6.671 6.453 6.285 6.051 6.015 6.081 6.127 6.18 6.336 6.463 6.462 6.203 5.746 5.002 4.324 3.757 3.965 3.979 4.399 5.303 5.706 5.91 5.656 5.578 5.642 5.768 5.761 5.739 5.682 5.665 5.623 5.526 5.492 5.553 5.59 5.544 5.229 5.198 5.137 5.345 5.605 5.834
-9999 -9999 -9999 -9999 -9999 -9999 -9999 -9999 -9999 -9999 -9999 -9999 -9999 -9999 -9999 7.52 7.246 7.264 -9999 -9999 -9999 -9999 -9999 -9999 -9999 -9999 -9999 -9999 -9999 -9999 -9999 -9999 -9999 6.622 6.709 6.651 6.544 6.293 6.202 6.08 6.134 6.123 6.159 6.206 6.253 6.186 6.058 5.757 5.181 4.24 3.569 4.011 4.498 4.634 5.185 5.989 6.087 5.871 5.494 5.539 5.754 5.788 5.724 5.625 5.615 5.609 5.554 5.454 5.508 5.576 5.592 5.389 5.15 5.181 5.289 5.568 5.791
-9999 -9999 -9999 -9999 -9999 -9999 -9999 -9999 -9999 -9999 -9999 -9999 -9999 -9999 7.766 7.346 6.966 7.098 7.529 -9999 -9999 -9999 -9999 -9999 -9999 -9999 -9999 -9999 -9999 -9999 6.906 -9999 -9999 6.605 6.449 6.606 6.571 6.425 -9999 6.055 5.996 5.98 5.986 5.903 5.991 5.937 5.846 5.488 4.893 5.029 4.101 4.395 4.945 4.517 5.226 5.635 5.951 5.857 5.593 5.579 5.719 5.87 5.703 5.582 5.626 5.626 5.601 5.49 5.491 5.582 5.561 5.488 5.244 5.117 5.183 5.502 5.726
-9999 -9999 -9999 -9999 -9999 -9999 -9999 -9999 -9999 -9999 -9999 -9999 -9999 -9999 7.757 7.288 7.047 7.065 7.384 7.645 7.939 -9999 -9999 -9999 7.248 7.298 -9999 7.13 7.062 6.927 6.179 6.254 -9999 -9999 6.536 6.515 -9999 -9999 6.189 5.99 6.132 6.271 6.071 5.862 5.764 5.745 5.597 5.088 4.501 4.678 4.502 4.34 4.586 4.582 4.766 5.677 5.784 5.663 5.447 5.572 5.65 5.759 5.773 5.589 5.639 5.653 5.608 5.533 5.508 5.612 5.595 5.541 5.39 5.23 5.136 5.34 5.631
-9999 -9999 -9999 -9999 -9999 -9999 -9999 -9999 -9999 -9999 -9999 -9999 -9999 -9999 -9999 7.562 7.236 7.163 7.335 7.425 -9999 -9999 5.912 5.723 6.672 6.164 6.27 6.31 6.741 6.504 6.234 5.924 5.991 -9999 6.504 6.5 6.425 6.324 5.93 5.705 6.053 6.37 6.197 5.895 5.777 5.662 5.5 4.891 4.149 4.3 4.45 4.61 4.862 4.743 4.889 5.414 5.745 5.646 5.47 5.534 5.583 5.627 5.66 5.648 5.679 5.681 5.542 5.314 5.506 5.708 5.668 5.604 5.494 5.36 5.353 5.375 5.433
-9999 -9999 -9999 -9999 -9999 -9999 -9999 -9999 -9999 -9999 -9999 -9999 -9999 -9999 -9999 7.779 7.538 7.539 7.468 7.4 7.292 6.196 4.423 6.109 6.385 5.611 5.928 5.646 5.995 6.367 6.095 5.352 5.872 6.049 6.311 6.468 6.379 6.172 5.832 5.667 5.928 6.155 6.085 5.944 5.793 5.657 5.408 4.663 4.232 4.018 4.295 4.34 4.969 5.107 4.878 5.16 5.517 5.548 5.54 5.569 5.547 5.583 5.626 5.638 5.763 5.723 5.672 5.622 5.565 5.797 5.772 5.7 5.596 5.44 5.281 5.403 5.546
-9999 -9999 -9999 -9999 -9999 -9999 -9999 -9999 -9999 -9999 -9999 -9999 -9999 -9999 -9999 -9999 7.871 7.787 7.458 6.861 5.955 3.782 4.344 5.783 5.584 5.657 5.173 5.028 5.275 5.576 5.718 5.849 5.283 5.857 6.203 6.265 6.334 6.227 5.942 5.815 5.89 5.996 6.017 5.878 5.747 5.613 5.239 4.746 4.196 4.058 4.43 4.312 4.56 5.359 5.121 5.166 5.437 5.419 5.54 5.693 5.633 5.579 5.601 5.654 5.799 5.799 5.784 5.676 5.69 5.78 5.791 5.732 5.614 5.519 5.477 5.453 5.518
-9999 -9999 -9999 -9999 -9999 -9999 -9999 -9999 -9999 -9999 -9999 -9999 -9999 -9999 -9999 -9999 -9999 -9999 7.043 6.01 4.915 4.536 4.893 5.945 5.816 5.207 4.659 4.511 4.593 5.358 6.009 5.65 5.082 5.528 6.053 6.306 6.459 6.287 6.026 5.804 5.824 5.851 5.856 5.838 5.733 5.472 4.995 4.703 4.459 4.041 4.338 4.295 4.291 4.833 5.385 5.314 5.614 5.487 5.383 5.608 5.668 5.691 5.695 5.742 5.826 5.837 5.82 5.801 5.658 5.718 5.74 5.704 5.646 5.596 5.583 5.557 5.536
-9999 -9999 -9999 -9999 -9999 -9999 -9999 -9999 -9999 -9999 -9999 -9999 -9999 -9999 -9999 -9999 -9999 7.707 6.714 6.035 5.751 5.017 5.846 6.08 5.544 5.358 4.81 4.339 4.668 4.816 5.531 5.35 4.857 5.145 5.75 6.483 6.511 6.331 5.957 5.741 5.723 5.755 5.806 5.803 5.621 5.208 5.047 5.137 4.774 4.27 4.47 4.542 4.679 4.88 5.032 5.436 5.547 5.529 5.511 5.536 5.664 5.621 5.769 5.844 5.865 5.844 5.821 5.628 5.621 5.694 5.752 5.712 5.682 5.674 5.665 5.642 5.671
-9999 -9999 -9999 -9999 -9999 -9999 -9999 -9999 -9999 -9999 -9999 -9999 -9999 -9999 -9999 -9999 7.734 6.166 6.48 6.09 5.676 5.854 4.776 4.913 5.121 4.967 4.391 4.744 4.573 5.01 5.388 4.781 4.452 5.03 5.82 6.486 6.566 6.311 5.9 5.851 5.867 5.806 5.826 5.696 5.403 5.353 5.302 4.981 4.725 4.549 4.392 4.816 4.993 5.176 5.385 5.417 5.681 5.651 5.69 5.695 5.725 5.865 5.713 5.84 5.893 5.835 5.789 5.618 5.546 5.726 5.741 5.737 5.719 5.716 5.711 5.76 5.898
-9999 -9999 -9999 -9999 -9999 -9999 -9999 -9999 -9999 -9999 -9999 -9999 -9999 -9999 -9999 7.624 6.376 6.837 6.828 6.504 6.559 5.98 5.595 5.163 4.751 4.427 4.401 4.466 4.636 5.235 4.878 4.954 5.538 5.709 6.197 6.322 6.414 6.181 5.944 5.912 5.861 5.842 5.667 5.397 5.462 5.41 5.302 4.937 4.848 5.123 4.98 4.951 5.176 5.268 5.406 5.51 5.584 5.811 5.889 5.99 6.015 6.025 5.97 5.818 5.841 5.826 5.777 5.613 5.553 5.741 5.767 5.712 5.71 5.7 5.747 5.802 5.891
-9999 -9999 -9999 -9999 -9999 -9999 -9999 -9999 -9999 -9999 -9999 -9999 -9999 7.478 7.616 7.269 7.348 7.555 7.538 7.158 7.212 6.728 5.939 5.284 4.648 3.835 4.885 4.961 5.283 5.136 4.44 4.731 5.134 5.813 6.077 6.157 6.181 6.051 5.906 5.811 5.835 5.727 5.507 5.396 5.322 5.492 5.262 4.995 5.067 5.15 5.221 5.293 5.361 5.447 5.557 5.795 5.771 5.813 6.027 6.191 6.228 6.058 5.962 5.893 5.822 5.752 5.742 5.557 5.472 5.669 5.779 5.742 5.684 5.687 5.74 5.734 -9999
-9999 -9999 -9999 -9999 -9999 -9999 -9999 -9999 -9999 -9999 -9999 -9999 7.318 7.384 7.354 7.587 -9999 -9999 -9999 -9999 6.694 5.801 5.496 5.191 4.422 5.055 5.092 4.575 4.885 4.326 3.363 4.107 4.901 5.313 5.924 6.204 6.092 5.968 5.881 5.824 5.779 5.684 5.512 5.425 5.312 5.373 5.229 5.206 5.241 5.304 5.459 5.534 5.584 5.73 5.776 5.948 6.109 6.016 6.037 6.075 6.108 5.998 5.89 5.806 5.683 5.611 5.611 5.545 5.453 5.565 5.742 5.786 5.714 5.667 5.709 5.704 5.74
-9999 -9999 -9999 -9999 -9999 -9999 -9999 -9999 -9999 -9999 -9999 -9999 7.353 7.289 7.743 -9999 -9999 -9999 -9999 -9999 6.492 5.759 5.255 5.398 4.769 4.837 4.478 4.036 4.174 3.868 3.925 5.097 5.177 5.685 6.132 6.236 6.099 5.949 5.811 5.649 5.595 5.615 5.506 5.386 5.37 5.297 5.38 5.397 5.498 5.357 5.341 5.442 5.674 5.915 6.01 6.019 6.01 6.044 6.044 5.951 5.878 5.72 5.7 5.521 5.37 5.329 5.425 5.473 5.496 5.621 5.782 5.898 5.842 5.771 5.721 5.662 5.658
-9999 -9999 -9999 -9999 -9999 -9999 -9999 -9999 -9999 -9999 -9999 -9999 -9999 -9999 7.923 -9999 -9999 -9999 -9999 -9999 6.452 5.619 5.743 5.428 5.092 5.042 4.034 4.224 4.877 4.256 4.924 5.183 5.422 5.967 6.254 6.248 5.968 5.882 5.728 5.61 5.708 5.635 5.572 5.517 5.419 5.46 5.546 5.647 5.603 5.591 5.52 5.458 5.668 5.79 5.7 5.761 5.824 5.854 5.989 5.902 5.683 5.469 5.356 5.458 5.33 5.25 5.292 5.399 5.495 5.662 5.857 6.011 5.982 5.892 5.811 5.708 5.718
-9999 -9999 -9999 -9999 -9999 -9999 -9999 -9999 -9999 -9999 -9999 -9999 -9999 -9999 -9999 -9999 -9999 -9999 -9999 -9999 6.791 6.167 6.733 5.97 5.286 4.308 4.493 4.548 4.466 5.078 5.142 5.254 5.976 6.177 6.337 6.17 6.025 5.893 5.877 5.866 5.831 5.786 5.693 5.597 5.564 5.564 5.641 5.621 5.5 5.681 5.793 5.733 5.651 5.753 5.602 5.475 5.618 5.577 5.739 5.899 5.723 5.619 5.489 5.43 5.482 5.374 5.336 5.469 5.594 5.73 5.904 6.065 6.059 5.985 5.904 5.84 5.82
-9999 -9999 -9999 -9999 -9999 -9999 -9999 -9999 -9999 -9999 -9999 -9999 -9999 -9999 -9999 -9999 -9999 -9999 -9999 -9999 -9999 6.73 5.488 4.952 4.845 5.066 5.011 4.75 5.278 5.315 5.64 6.016 5.889 6.259 6.206 5.901 5.877 5.938 6.064 6.105 5.968 5.74 5.627 5.487 5.501 5.574 5.68 5.542 5.374 5.498 5.762 5.839 5.779 5.685 5.659 5.549 5.461 5.285 5.316 5.746 5.853 5.69 5.517 5.29 5.276 5.445 5.441 5.558 5.706 5.865 5.96 6.073 6.068 6.023 5.971 5.936 5.919
-9999 -9999 -9999 -9999 -9999 -9999 -9999 -9999 -9999 -9999 -9999 -9999 -9999 -9999 -9999 -9999 -9999 -9999 -9999 -9999 6.786 6.2 5.511 4.658 5.382 5.428 4.977 5.237 5.281 5.268 5.997 5.901 5.867 6.064 5.255 5.717 5.919 5.937 5.932 6.047 5.702 5.173 5.163 5.405 5.617 5.584 5.683 5.639 5.537 5.531 5.724 5.825 5.845 5.779 5.665 5.631 5.496 5.448 5.47 5.701 5.779 5.617 5.396 5.183 5.161 5.406 5.597 5.681 5.846 5.958 5.994 6.03 6.073 6.061 6.034 6.029 6.025
-9999 -9999 -9999 -9999 -9999 -9999 -9999 -9999 -9999 -9999 -9999 -9999 -9999 -9999 -9999 -9999 -9999 -9999 -9999 -9999 7.051 6.419 4.754 5.812 6.155 5.601 5.443 5.175 4.746 5.298 5.937 5.874 6.093 5.764 5.817 5.842 5.704 5.631 5.939 5.82 5.409 5.212 5.263 5.611 5.632 5.582 5.686 5.677 5.733 5.708 5.744 5.826 5.846 5.844 5.79 5.712 5.629 5.491 5.607 5.753 5.669 5.389 5.138 5.152 5.201 5.314 5.574 5.788 5.86 5.994 5.968 5.964 6.07 6.123 6.114 6.114 6.127
-9999 -9999 -9999 -9999 -9999 -9999 -9999 -9999 -9999 -9999 -9999 -9999 -9999 -9999 -9999 -9999 -9999 -9999 -9999 -9999 7.038 6.216 6.599 6.236 5.947 5.669 5.239 4.554 4.832 5.062 5.649 5.865 6.153 6.045 5.803 5.392 5.082 5.161 5.622 5.385 5.404 5.288 5.511 5.789 5.699 5.704 5.762 5.81 5.888 5.754 5.715 5.833 5.867 5.724 5.799 5.814 5.741 5.667 5.72 5.779 5.632 5.396 5.259 5.253 5.376 5.505 5.681 5.761 5.859 5.951 6.067 6.0 6.105 6.173 6.17 6.174 6.167
-9999 -9999 -9999 -9999 -9999 -9999 -9999 -9999 -9999 -9999 -9999 -9999 -9999 -9999 -9999 -9999 -9999 -9999 -9999 -9999 -9999 7.316 6.096 5.369 4.732 4.623 4.67 4.964 5.25 5.801 5.91 6.033 5.931 5.868 5.748 5.506 5.188 5.096 5.276 5.483 5.42 5.295 5.613 5.852 5.739 5.896 5.884 5.815 6.084 6.103 5.929 5.927 5.935 5.721 5.63 5.84 5.78 5.721 5.754 5.742 5.574 5.46 5.485 5.604 5.621 5.696 5.745 5.751 5.868 5.988 6.033 6.058 6.165 6.224 6.193 6.166 6.162
-9999 -9999 -9999 -9999 -9999 -9999 -9999 -9999 -9999 -9999 -9999 -9999 -9999 -9999 -9999 -9999 -9999 -9999 -9999 -9999 -9999 6.642 5.668 4.855 4.18 3.99 4.415 5.186 5.771 5.855 5.533 5.108 4.83 4.852 5.333 5.619 5.255 5.224 5.373 5.491 5.088 5.292 5.573 5.711 5.752 5.961 5.905 5.97 5.981 6.114 6.125 6.025 5.962 5.823 5.74 5.853 5.854 5.676 5.592 5.561 5.457 5.443 5.595 5.572 5.643 5.688 5.805 5.737 5.842 5.968 5.958 6.056 6.194 6.229 6.186 6.105 6.027
-9999 -9999 -9999 -9999 -9999 -9999 -9999 -9999 -9999 -9999 -9999 -9999 -9999 -9999 -9999 -9999 -9999 -9999 -9999 -9999 7.285 6.531 5.633 4.833 4.333 4.463 4.859 5.262 5.021 4.42 4.657 4.551 4.587 5.177 5.483 5.365 5.312 5.489 5.576 5.232 5.146 5.222 5.511 5.692 5.771 6.027 5.933 5.779 5.963 5.875 5.965 5.924 5.907 5.872 5.882 5.984 5.906 5.77 5.686 5.548 5.504 5.381 5.502 5.574 5.623 5.73 5.757 5.832 5.895 5.92 5.918 6.05 6.229 6.232 6.213 6.114 5.985
-9999 -9999 -9999 -9999 -9999 -9999 -9999 -9999 -9999 -9999 -9999 -9999 -9999 -9999 -9999 -9999 -9999 -9999 -9999 -9999 6.845 6.245 5.797 5.408 4.894 4.297 4.489 4.714 4.691 4.641 4.376 4.261 4.618 5.175 4.893 4.964 5.5 5.329 5.662 5.379 5.136 5.1 5.668 5.705 6.06 6.09 5.907 5.78 5.473 5.716 5.743 5.79 5.796 5.857 5.862 5.944 5.949 5.853 5.811 5.774 5.555 5.46 5.437 5.511 5.6 5.826 5.874 5.894 5.917 5.902 5.927 6.068 6.163 6.247 6.265 6.227 6.087
-9999 -9999 -9999 -9999 -9999 -9999 -9999 -9999 -9999 -9999 -9999 -9999 -9999 -9999 -9999 -9999 -9999 -9999 -9999 -9999 6.444 6.456 6.43 5.754 4.789 4.214 4.454 4.719 4.906 4.547 4.591 4.768 4.977 4.875 4.942 5.474 5.499 5.548 5.256 5.601 5.456 5.653 5.645 5.725 6.046 6.165 6.001 5.651 5.749 5.724 5.682 5.704 5.72 5.855 5.916 5.834 5.841 5.799 5.826 5.778 5.602 5.468 5.596 5.733 5.666 5.818 5.879 5.96 5.94 5.894 6.023 6.176 6.257 6.315 6.39 6.353 6.29
-9999 -9999 -9999 -9999 -9999 -9999 -9999 -9999 -9999 -9999 -9999 -9999 -9999 -9999 -9999 -9999 -9999 -9999 -9999 6.655 6.353 5.853 5.861 5.618 4.745 4.56 4.228 4.645 5.201 5.153 5.21 4.933 4.901 5.178 5.054 5.114 5.476 5.439 5.77 5.887 5.887 5.83 5.717 5.946 6.128 6.142 6.076 5.982 5.94 6.058 5.907 5.809 5.747 5.811 5.909 5.878 5.879 5.929 5.874 5.753 5.669 5.641 5.804 5.915 5.899 5.876 6.024 5.951 5.954 5.912 5.972 6.143 6.287 6.316 6.337 6.338 6.385
-9999 -9999 -9999 -9999 -9999 -9999 -9999 -9999 -9999 -9999 -9999 -9999 -9999 -9999 -9999 -9999 -9999 -9999 6.436 6.336 5.724 5.881 5.859 4.987 4.434 4.293 4.489 4.831 5.177 5.068 5.187 4.927 4.519 4.992 4.927 5.511 5.652 5.833 5.897 5.83 5.707 5.749 5.687 6.003 6.069 6.26 6.229 6.095 5.958 6.022 6.064 5.86 5.804 5.917 5.982 5.907 5.862 5.866 5.845 5.754 5.745 5.784 5.901 6.05 6.105 6.134 6.004 5.936 5.918 5.936 6.006 6.148 6.197 6.181 6.149 6.179 6.329
-9999 -9999 -9999 -9999 -9999 -9999 -9999 -9999 -9999 -9999 -9999 -9999 -9999 -9999 -9999 -9999 6.073 6.176 6.043 6.412 6.253 6.035 5.485 4.679 4.331 4.206 4.075 4.655 4.885 5.301 5.162 4.718 4.685 5.1 5.562 5.726 5.936 5.936 5.973 5.696 5.607 5.606 5.888 6.209 6.284 6.263 6.221 6.099 5.997 5.983 6.005 5.845 5.882 5.972 6.08 5.869 5.776 5.682 5.588 5.635 5.726 5.932 6.03 6.08 6.002 6.062 6.025 6.011 5.981 5.98 6.064 6.205 6.273 6.11 6.049 6.099 6.278
-9999 -9999 -9999 -9999 -9999 -9999 -9999 -9999 -9999 -9999 -9999 -9999 -9999 -9999 -9999 6.133 5.891 5.512 5.805 6.14 6.073 5.796 4.925 4.863 4.417 4.284 4.58 5.092 5.47 5.455 5.384 4.956 4.488 4.995 5.512 5.92 5.891 5.899 5.691 5.813 5.622 5.664 6.047 6.309 6.451 6.413 6.234 6.204 6.037 6.015 6.059 5.983 5.931 5.972 5.905 5.914 5.739 5.723 5.655 5.528 5.58 5.713 5.875 5.944 5.924 5.972 6.073 6.005 6.151 6.18 6.198 6.264 6.226 6.118 6.026 6.124 6.286
-9999 -9999 -9999 -9999 -9999 -9999 -9999 -9999 -9999 -9999 -9999 -9999 7.563 6.969 6.527 6.138 5.574 5.513 5.778 6.195 6.176 5.262 5.161 5.05 5.204 4.467 5.027 5.185 4.888 5.383 5.582 4.456 4.982 5.486 6.184 6.142 5.954 5.544 6.086 5.958 5.884 5.885 5.983 6.304 6.444 6.515 6.372 6.302 6.16 6.051 6.128 6.103 6.106 5.978 5.881 5.619 5.733 5.802 5.78 5.644 5.64 5.743 5.882 6.002 5.963 6.005 6.039 6.143 6.202 6.275 6.231 6.267 6.281 6.199 6.207 6.242 6.312
-9999 -9999 -9999 -9999 -9999 -9999 -9999 -9999 -9999 -9999 7.127 7.245 7.092 6.818 6.585 6.162 6.14 5.964 6.237 6.088 5.305 5.619 5.561 5.576 5.646 5.035 4.75 4.161 4.7 5.1 5.049 5.337 5.684 6.116 5.582 5.774 6.006 6.153 6.206 6.171 6.063 6.062 6.216 6.21 6.443 6.598 6.489 6.39 6.303 6.251 6.243 6.081 6.189 6.172 5.904 5.714 5.587 5.799 5.789 5.658 5.61 5.663 5.783 6.015 6.13 6.16 6.129 6.1 6.237 6.192 6.139 6.212 6.288 6.271 6.257 6.253 6.244
-9999 -9999 -9999 -9999 -9999 -9999 7.34 7.186 7.165 7.145 6.653 7.091 6.827 6.773 6.488 6.249 6.232 6.187 6.126 5.488 5.724 5.993 5.627 6.081 5.8 5.195 4.346 4.523 4.908 5.181 5.154 5.686 6.045 5.104 5.17 5.791 5.873 6.197 6.178 6.213 6.103 5.959 6.179 6.108 6.568 6.61 6.538 6.335 6.225 6.273 5.842 6.015 6.156 6.193 5.936 5.637 5.632 5.752 5.777 5.772 5.709 5.717 5.798 5.993 6.111 6.193 6.226 6.119 6.126 6.189 6.171 6.264 6.349 6.257 6.025 6.011 5.954
-9999 -9999 -9999 -9999 -9999 7.778 7.289 7.183 6.967 6.232 5.949 6.051 6.267 6.458 5.962 5.85 5.952 5.907 5.607 5.921 5.975 5.721 6.143 6.334 5.921 5.249 4.8 4.984 5.17 5.244 5.532 5.827 4.966 4.015 5.016 5.628 6.096 6.033 6.118 5.977 6.062 6.211 6.256 6.454 6.546 6.545 6.552 6.347 6.163 5.869 5.609 5.474 5.935 6.054 5.668 5.529 5.592 5.729 5.818 5.786 5.79 5.788 5.912 5.93 6.001 6.12 6.048 5.981 6.098 6.174 6.21 6.276 6.3 6.146 5.951 5.834 5.867
-9999 -9999 -9999 -9999 8.186 7.524 7.129 6.968 6.569 6.104 6.166 6.363 6.532 6.064 5.947 5.922 6.282 5.872 5.755 5.99 5.992 6.133 6.571 6.226 5.515 5.109 5.267 5.385 5.349 5.834 6.012 5.705 4.429 4.441 5.02 6.031 5.873 5.925 5.856 6.22 6.343 6.244 6.353 6.455 6.547 6.572 6.667 6.515 6.251 5.825 5.447 5.529 5.79 5.863 5.619 5.357 5.529 5.71 5.785 5.863 5.884 5.925 5.94 5.964 5.892 5.98 6.08 5.999 6.06 6.046 5.967 6.15 6.231 6.087 5.926 5.92 5.946
