Validation/Results/raw data/ReClimate_05_2024_1weatherlogisticsltd.asc
NCOLS 192
NROWS 249
XLLCENTER -225160.85627316462
YLLCENTER 29788.11610251502
CELLSIZE 5000.0
NODATA_VALUE -9999
[rows 198 to 230 of 249, columns 74 to 147 of 192]
-9999 -9999 -9999 -9999 -9999 -9999 -9999 -9999 -9999 -9999 -9999 -9999 -9999 -9999 -9999 -9999 -9999 -9999 127.397 127.522 127.536 127.549 127.563 127.578 127.594 127.613 127.637 127.665 127.702 127.744 127.788 127.832 127.876 127.907 127.911 127.901 127.873 127.839 127.805 127.772 127.739 127.707 127.671 127.66 127.65 127.653 127.711 127.755 127.756 127.746 127.718 127.666 127.606 127.539 127.461 127.377 127.283 127.176 127.06 126.94 126.812 126.677 126.536 126.387 126.228 126.056 125.871 125.666 125.439 125.2 124.945 124.724 124.563 124.503
-9999 -9999 -9999 -9999 -9999 -9999 -9999 -9999 -9999 -9999 -9999 -9999 -9999 -9999 -9999 127.489 127.533 127.497 127.573 127.586 127.598 127.611 127.625 127.64 127.656 127.677 127.703 127.738 127.775 127.814 127.856 127.899 127.942 127.962 127.966 127.961 127.945 127.912 127.88 127.848 127.816 127.782 127.748 127.708 127.663 127.641 127.611 127.557 127.516 127.482 127.435 127.378 127.314 127.236 127.15 127.057 126.953 126.834 126.701 126.566 126.426 126.281 126.133 125.978 125.813 125.635 125.443 125.232 125.002 124.826 124.699 124.575 124.467 124.441
-9999 -9999 -9999 -9999 -9999 -9999 -9999 -9999 -9999 -9999 -9999 -9999 -9999 127.479 127.49 127.548 127.589 127.617 127.633 127.646 127.658 127.671 127.685 127.699 127.718 127.745 127.776 127.809 127.844 127.882 127.921 127.962 127.995 128.004 128.005 128.007 127.998 127.982 127.954 127.925 127.894 127.862 127.827 127.789 127.744 127.686 127.597 127.486 127.382 127.275 127.173 127.095 127.026 126.948 126.858 126.756 126.642 126.512 126.369 126.216 126.053 125.888 125.729 125.569 125.399 125.216 125.057 124.919 124.793 124.673 124.594 124.523 124.444 124.404
-9999 -9999 -9999 -9999 -9999 -9999 -9999 -9999 -9999 127.688 127.628 127.597 127.565 127.521 127.55 127.602 127.642 127.671 127.691 127.704 127.717 127.729 127.743 127.76 127.787 127.815 127.845 127.876 127.91 127.945 127.979 128.013 128.036 128.039 128.04 128.042 128.043 128.036 128.017 127.994 127.969 127.943 127.911 127.871 127.815 127.731 127.61 127.478 127.346 127.213 127.092 126.959 126.844 126.727 126.606 126.478 126.344 126.204 126.054 125.893 125.729 125.564 125.412 125.279 125.15 125.023 124.893 124.791 124.705 124.634 124.564 124.489 124.411 124.364
-9999 -9999 -9999 -9999 -9999 -9999 -9999 -9999 127.798 127.733 127.683 127.634 127.591 127.572 127.608 127.655 127.694 127.724 127.747 127.762 127.774 127.787 127.804 127.829 127.855 127.883 127.911 127.939 127.966 127.995 128.024 128.055 128.073 128.072 128.072 128.074 128.078 128.078 128.072 128.054 128.035 128.015 127.986 127.93 127.854 127.754 127.619 127.485 127.351 127.217 127.082 126.947 126.812 126.677 126.542 126.403 126.258 126.109 125.957 125.801 125.641 125.481 125.318 125.182 125.065 124.95 124.837 124.746 124.671 124.601 124.534 124.463 124.385 124.335
-9999 -9999 -9999 -9999 -9999 -9999 -9999 127.911 127.838 127.777 127.726 127.682 127.642 127.631 127.664 127.708 127.745 127.775 127.8 127.819 127.832 127.848 127.873 127.895 127.917 127.94 127.963 127.986 128.011 128.037 128.065 128.094 128.106 128.102 128.101 128.103 128.107 128.112 128.113 128.11 128.095 128.072 128.024 127.965 127.883 127.759 127.619 127.483 127.348 127.213 127.078 126.942 126.807 126.672 126.536 126.396 126.25 126.101 125.949 125.796 125.64 125.483 125.322 125.165 125.037 124.92 124.817 124.722 124.642 124.574 124.508 124.438 124.362 124.311
-9999 -9999 -9999 -9999 -9999 128.539 -9999 127.948 127.876 127.816 127.765 127.721 127.68 127.669 127.703 127.747 127.783 127.814 127.84 127.861 127.882 127.905 127.926 127.946 127.966 127.986 128.007 128.029 128.052 128.076 128.103 128.128 128.135 128.131 128.129 128.129 128.132 128.138 128.148 128.15 128.134 128.088 128.043 127.988 127.894 127.755 127.612 127.476 127.34 127.206 127.07 126.935 126.8 126.665 126.528 126.387 126.24 126.09 125.939 125.787 125.633 125.478 125.32 125.161 125.014 124.9 124.805 124.723 124.643 124.563 124.487 124.412 124.337 124.285
-9999 -9999 -9999 -9999 -9999 -9999 -9999 -9999 -9999 127.851 127.798 127.752 127.71 127.699 127.73 127.774 127.81 127.84 127.866 127.893 127.925 127.953 127.972 127.991 128.01 128.028 128.048 128.068 128.09 128.113 128.137 128.159 128.163 128.157 128.153 128.153 128.157 128.164 128.171 128.162 128.128 128.091 128.044 127.982 127.882 127.74 127.6 127.464 127.33 127.196 127.062 126.927 126.792 126.657 126.519 126.377 126.229 126.079 125.927 125.774 125.62 125.466 125.311 125.152 125.013 124.892 124.804 124.727 124.65 124.57 124.483 124.391 124.31 124.26
-9999 -9999 -9999 -9999 -9999 -9999 -9999 -9999 -9999 127.888 127.833 127.785 127.742 127.727 127.754 127.797 127.833 127.863 127.891 127.928 127.963 127.992 128.017 128.034 128.052 128.069 128.087 128.106 128.126 128.147 128.169 128.188 128.189 128.181 128.177 128.177 128.181 128.184 128.172 128.141 128.11 128.074 128.031 127.964 127.858 127.721 127.584 127.449 127.317 127.185 127.052 126.918 126.783 126.648 126.509 126.365 126.217 126.067 125.915 125.761 125.604 125.449 125.297 125.152 125.021 124.913 124.812 124.732 124.657 124.576 124.488 124.393 124.295 124.239
-9999 -9999 -9999 -9999 -9999 -9999 -9999 128.07 127.995 127.927 127.87 -9999 127.775 127.756 127.778 127.82 127.855 127.886 -9999 127.962 127.996 128.028 128.054 128.076 128.092 128.108 128.125 128.142 128.16 128.179 128.199 128.215 128.214 128.204 128.2 128.2 128.201 128.188 128.151 128.117 128.084 128.049 128.004 127.942 127.833 127.702 127.568 127.435 127.303 127.173 127.041 126.908 126.774 126.639 126.499 126.353 126.206 126.056 125.904 125.749 125.59 125.431 125.291 125.161 125.041 124.936 124.834 124.74 124.662 124.581 124.492 124.399 124.302 124.234
-9999 -9999 -9999 -9999 -9999 -9999 -9999 128.108 -9999 -9999 -9999 127.856 127.81 127.785 -9999 -9999 -9999 -9999 -9999 127.993 128.028 128.058 128.086 128.11 128.131 128.147 128.161 128.176 128.192 128.209 128.228 128.241 128.238 128.228 128.223 128.221 128.209 128.168 128.13 128.093 128.056 128.018 127.975 127.91 127.807 127.685 127.555 127.422 127.29 127.16 127.03 126.899 126.765 126.628 126.487 126.342 126.195 126.047 125.896 125.742 125.586 125.438 125.303 125.182 125.064 124.957 124.857 124.754 124.665 124.583 124.494 124.402 124.307 124.247
-9999 -9999 -9999 -9999 -9999 -9999 -9999 -9999 -9999 128.017 127.95 127.896 127.848 127.815 -9999 -9999 -9999 -9999 -9999 -9999 -9999 -9999 128.114 128.14 128.161 128.181 128.197 128.21 128.224 128.239 128.255 128.266 128.264 128.252 128.245 128.233 128.192 128.149 128.109 128.07 128.03 127.989 127.943 127.876 127.774 127.66 127.541 127.411 127.28 127.149 127.021 126.89 126.756 126.617 126.475 126.331 126.186 126.039 125.89 125.742 125.596 125.457 125.329 125.208 125.087 124.978 124.878 124.775 124.671 124.581 124.493 124.402 124.309 124.257
-9999 -9999 -9999 -9999 -9999 -9999 -9999 -9999 -9999 -9999 128.015 -9999 -9999 -9999 -9999 -9999 -9999 -9999 -9999 -9999 128.087 128.115 128.141 128.165 128.188 128.208 128.226 128.243 128.256 128.268 128.282 128.293 128.29 128.275 128.261 128.223 128.174 128.131 128.089 128.048 128.007 127.963 127.915 -9999 127.739 127.632 127.517 127.397 127.271 127.14 127.012 126.883 126.747 126.606 126.463 126.321 126.177 126.032 125.89 125.749 125.612 125.482 125.356 125.233 125.11 124.998 124.898 124.794 124.684 124.581 124.49 124.4 124.313 124.269
-9999 -9999 -9999 -9999 -9999 -9999 -9999 -9999 -9999 -9999 -9999 -9999 -9999 -9999 -9999 -9999 -9999 -9999 -9999 -9999 128.115 128.143 128.168 128.19 -9999 -9999 -9999 128.267 128.283 128.297 128.311 128.322 128.318 128.298 128.266 128.208 128.159 128.114 128.072 128.03 127.986 127.94 -9999 127.814 127.709 127.602 127.49 127.374 127.251 127.127 127.004 126.875 126.737 126.595 126.453 126.311 126.171 126.033 125.895 125.761 125.63 125.503 125.379 125.256 125.131 125.017 124.915 124.811 124.7 124.584 124.486 124.396 124.319 124.282
-9999 -9999 -9999 -9999 -9999 -9999 -9999 -9999 -9999 -9999 -9999 -9999 -9999 -9999 -9999 -9999 -9999 -9999 -9999 -9999 -9999 -9999 -9999 -9999 -9999 -9999 -9999 128.287 128.304 128.319 128.337 128.351 128.347 128.316 128.254 128.194 128.145 128.101 128.058 128.014 -9999 -9999 127.868 127.789 127.684 127.576 127.464 127.348 127.228 127.106 126.982 126.857 126.724 126.585 126.445 126.307 126.171 126.036 125.903 125.773 125.646 125.522 125.398 125.275 125.15 125.034 124.931 124.827 124.714 124.593 124.481 124.386 124.317 124.292
-9999 -9999 -9999 -9999 -9999 -9999 -9999 -9999 -9999 -9999 -9999 -9999 -9999 -9999 -9999 -9999 -9999 -9999 -9999 -9999 -9999 -9999 -9999 -9999 -9999 -9999 -9999 128.305 128.322 128.34 128.358 128.373 128.369 128.323 128.247 128.182 128.137 -9999 -9999 -9999 -9999 -9999 127.85 127.771 127.664 127.554 127.442 127.326 127.205 127.081 126.955 126.825 126.697 126.567 126.433 126.3 126.17 126.04 125.911 125.784 125.66 125.537 125.414 125.291 125.166 125.049 124.943 124.836 124.721 124.596 124.474 124.371 124.312 124.3
-9999 -9999 -9999 -9999 -9999 -9999 -9999 -9999 -9999 -9999 -9999 -9999 -9999 -9999 -9999 -9999 -9999 -9999 -9999 -9999 -9999 -9999 -9999 -9999 -9999 -9999 -9999 -9999 -9999 128.361 128.377 128.392 128.384 128.321 128.244 128.186 -9999 -9999 -9999 -9999 127.946 127.893 127.838 127.758 127.649 127.538 127.424 127.306 127.185 127.058 126.925 126.796 126.67 126.542 126.413 126.283 126.154 126.028 125.904 125.781 125.66 125.538 125.417 125.293 125.168 125.051 124.944 124.837 124.721 124.595 124.467 124.368 124.32 124.315
-9999 -9999 -9999 -9999 -9999 -9999 -9999 -9999 -9999 -9999 -9999 -9999 -9999 -9999 -9999 -9999 -9999 -9999 -9999 -9999 -9999 -9999 -9999 -9999 -9999 -9999 -9999 -9999 -9999 -9999 128.399 128.413 128.395 128.325 128.252 -9999 -9999 -9999 -9999 127.988 127.934 127.88 127.826 127.745 127.635 127.522 127.407 127.289 127.166 127.032 126.898 126.769 126.644 126.519 126.392 126.264 126.135 126.01 125.889 125.769 125.649 125.53 125.409 125.287 125.162 125.045 124.94 124.833 124.718 124.593 124.465 124.374 124.34 124.337
-9999 -9999 -9999 -9999 -9999 -9999 -9999 -9999 -9999 -9999 -9999 -9999 -9999 -9999 -9999 -9999 -9999 -9999 -9999 -9999 -9999 -9999 -9999 -9999 -9999 -9999 -9999 -9999 -9999 -9999 -9999 -9999 -9999 -9999 -9999 -9999 -9999 -9999 128.031 127.978 127.923 127.87 127.815 127.733 127.623 127.51 127.393 127.272 127.141 127.008 126.874 126.744 126.621 126.497 126.371 126.245 126.118 125.992 125.872 125.754 125.636 125.518 125.398 125.277 125.153 125.038 124.934 124.828 124.714 124.59 124.466 124.386 124.364 124.361
-9999 -9999 -9999 -9999 -9999 -9999 -9999 -9999 -9999 -9999 -9999 -9999 -9999 -9999 -9999 -9999 -9999 -9999 -9999 -9999 -9999 -9999 -9999 -9999 -9999 -9999 -9999 -9999 -9999 -9999 -9999 -9999 -9999 -9999 -9999 -9999 -9999 128.084 128.029 127.973 127.918 127.864 127.807 127.726 127.617 127.501 127.38 127.251 127.12 126.987 126.852 126.722 126.599 126.476 126.351 126.226 126.101 125.977 125.855 125.737 125.62 125.503 125.384 125.264 125.142 125.029 124.927 124.821 124.708 124.584 124.48 124.407 124.388 124.385
-9999 -9999 -9999 -9999 -9999 -9999 -9999 -9999 -9999 -9999 -9999 -9999 -9999 -9999 -9999 -9999 -9999 -9999 -9999 -9999 -9999 -9999 -9999 -9999 -9999 -9999 -9999 -9999 -9999 -9999 -9999 -9999 -9999 -9999 -9999 -9999 -9999 128.096 128.03 127.973 127.918 127.861 127.802 127.722 127.615 127.491 127.363 127.233 127.102 126.968 126.833 126.703 126.578 126.455 126.331 126.207 126.084 125.961 125.839 125.718 125.601 125.485 125.367 125.248 125.128 125.018 124.916 124.812 124.699 124.579 124.492 124.437 124.412 124.409
-9999 -9999 -9999 -9999 -9999 -9999 -9999 -9999 -9999 -9999 -9999 -9999 -9999 -9999 -9999 -9999 -9999 -9999 -9999 -9999 -9999 -9999 -9999 -9999 128.434 128.442 128.447 128.462 -9999 128.493 -9999 -9999 -9999 -9999 -9999 -9999 -9999 -9999 128.036 127.978 127.921 127.862 127.801 127.721 127.608 127.479 127.349 127.218 127.086 126.952 126.816 126.684 126.559 126.436 126.312 126.188 126.065 125.944 125.823 125.702 125.58 125.463 125.347 125.228 125.111 125.004 124.902 124.798 124.686 124.588 124.514 124.469 124.439 124.433
-9999 -9999 -9999 -9999 -9999 -9999 -9999 -9999 -9999 -9999 -9999 -9999 -9999 -9999 -9999 -9999 -9999 -9999 -9999 -9999 -9999 128.47 128.466 128.465 128.463 128.466 128.473 128.488 128.504 128.521 128.518 128.478 -9999 -9999 128.315 128.248 128.177 128.108 128.047 127.987 127.928 127.866 127.796 127.711 127.601 127.47 127.338 127.206 127.072 126.937 126.801 126.667 126.54 126.417 126.293 126.169 126.047 125.925 125.804 125.684 125.563 125.441 125.323 125.204 125.09 124.986 124.885 124.782 124.679 124.599 124.546 124.5 124.467 124.458
-9999 -9999 -9999 -9999 -9999 -9999 -9999 -9999 -9999 -9999 -9999 -9999 -9999 -9999 -9999 -9999 -9999 -9999 -9999 -9999 128.527 128.511 128.509 128.505 128.501 128.502 128.508 128.517 128.534 128.551 128.543 128.488 128.43 128.377 128.325 128.266 128.192 128.124 128.06 127.997 127.93 127.859 127.786 127.705 127.599 127.465 127.331 127.196 127.06 126.924 126.786 126.651 126.523 126.399 126.274 126.149 126.027 125.904 125.783 125.663 125.543 125.422 125.3 125.177 125.066 124.965 124.865 124.761 124.683 124.622 124.576 124.53 124.495 124.482
-9999 -9999 -9999 -9999 -9999 -9999 -9999 -9999 -9999 -9999 -9999 -9999 -9999 -9999 -9999 -9999 -9999 -9999 -9999 -9999 128.568 128.551 128.553 128.547 128.543 128.543 128.546 128.553 128.565 128.583 128.566 128.5 128.439 128.384 128.335 128.277 128.213 128.138 128.065 127.993 127.923 127.852 127.778 127.699 127.593 127.463 127.325 127.188 127.05 126.912 126.773 126.637 126.508 126.382 126.256 126.13 126.006 125.882 125.759 125.639 125.519 125.399 125.278 125.157 125.042 124.941 124.84 124.758 124.695 124.651 124.605 124.559 124.522 124.507
-9999 -9999 -9999 -9999 -9999 -9999 -9999 -9999 -9999 -9999 -9999 -9999 -9999 -9999 -9999 -9999 -9999 -9999 -9999 -9999 128.593 128.589 128.594 128.588 128.584 128.585 128.587 128.591 128.601 128.614 128.587 128.515 128.45 128.389 128.334 128.278 128.214 128.137 128.06 127.987 127.916 127.846 127.773 127.691 127.587 127.462 127.321 127.181 127.041 126.902 126.761 126.624 126.494 126.367 126.239 126.111 125.984 125.858 125.733 125.611 125.491 125.372 125.252 125.136 125.026 124.921 124.829 124.763 124.721 124.68 124.633 124.586 124.548 124.531
-9999 -9999 -9999 -9999 -9999 -9999 -9999 -9999 -9999 -9999 -9999 -9999 -9999 -9999 -9999 -9999 128.746 128.71 -9999 128.65 128.625 128.609 128.606 128.606 128.607 128.611 128.615 128.619 128.625 128.63 128.59 128.511 128.44 128.375 128.316 128.261 128.201 128.134 128.055 127.98 127.908 127.839 127.765 127.68 127.58 127.461 127.317 127.175 127.033 126.892 126.75 126.612 126.482 126.353 126.224 126.094 125.963 125.832 125.704 125.579 125.459 125.341 125.223 125.112 125.008 124.914 124.843 124.791 124.75 124.707 124.66 124.613 124.573 124.556
-9999 -9999 -9999 -9999 -9999 -9999 -9999 -9999 -9999 -9999 -9999 -9999 -9999 -9999 -9999 -9999 128.788 128.75 128.715 128.682 128.649 128.624 128.606 128.604 128.609 128.614 128.619 128.624 128.629 128.627 128.577 128.495 128.422 128.355 128.294 128.237 128.183 128.12 128.049 127.971 127.897 127.824 127.746 127.658 127.565 127.449 127.313 127.169 127.026 126.883 126.741 126.602 126.472 126.343 126.211 126.078 125.943 125.807 125.672 125.542 125.422 125.307 125.195 125.088 124.996 124.927 124.873 124.831 124.79 124.746 124.695 124.642 124.599 124.581
-9999 -9999 -9999 -9999 -9999 -9999 -9999 -9999 -9999 -9999 -9999 -9999 -9999 -9999 -9999 128.904 128.834 128.792 128.753 128.717 128.682 128.647 128.621 128.602 128.602 128.609 128.615 128.621 128.627 128.621 128.567 128.479 128.403 128.334 128.27 128.212 128.156 128.1 128.036 127.961 127.882 127.803 127.721 127.633 127.54 127.434 127.31 127.164 127.019 126.875 126.732 126.594 126.466 126.335 126.202 126.065 125.926 125.784 125.641 125.502 125.382 125.271 125.166 125.074 125.008 124.954 124.913 124.872 124.83 124.789 124.739 124.685 124.64 124.619
-9999 -9999 -9999 -9999 -9999 -9999 -9999 -9999 -9999 -9999 -9999 -9999 -9999 -9999 -9999 -9999 128.882 128.837 128.795 128.755 128.718 128.681 128.645 128.618 128.602 128.601 128.609 128.617 128.624 128.617 128.558 128.462 128.383 128.311 128.246 128.184 128.127 128.072 128.013 127.946 127.866 127.782 127.697 127.607 127.514 127.416 127.297 127.159 127.012 126.867 126.723 126.589 126.462 126.332 126.197 126.057 125.913 125.767 125.621 125.479 -9999 125.243 125.152 125.088 125.036 124.994 124.953 124.911 124.87 124.829 124.784 124.729 124.687 124.667
-9999 -9999 -9999 -9999 -9999 -9999 -9999 -9999 -9999 -9999 -9999 -9999 -9999 -9999 -9999 129.0 128.935 128.886 128.84 128.798 128.757 128.719 128.682 128.647 128.622 128.607 128.602 128.61 128.618 128.613 128.551 128.449 128.363 128.288 128.219 128.155 128.095 128.037 127.981 127.918 127.848 127.762 127.673 127.581 127.487 127.39 127.28 127.155 127.006 126.859 126.715 126.583 126.46 126.332 126.195 126.05 125.902 125.754 125.607 125.466 125.333 -9999 125.172 -9999 125.077 -9999 124.993 -9999 124.91 124.868 124.826 124.774 124.734 124.717
-9999 -9999 -9999 -9999 -9999 -9999 -9999 -9999 -9999 -9999 -9999 -9999 -9999 -9999 -9999 129.056 128.991 128.937 128.888 128.843 128.8 128.76 128.722 128.686 128.655 128.63 128.615 128.605 128.609 128.607 128.547 128.437 128.342 128.263 128.191 128.124 128.061 128.0 127.941 127.882 127.814 127.74 127.65 127.555 127.459 127.361 127.259 127.138 127.0 126.85 126.706 126.576 126.455 126.332 126.191 126.04 125.889 125.739 125.592 125.455 125.35 -9999 -9999 125.166 125.12 -9999 -9999 124.991 124.949 124.907 -9999 -9999 -9999 -9999
-9999 -9999 -9999 -9999 -9999 -9999 -9999 -9999 -9999 -9999 -9999 -9999 -9999 -9999 129.189 129.114 129.05 128.993 128.94 128.892 128.847 128.805 128.765 128.728 128.695 128.667 128.641 128.624 128.612 128.6 128.545 128.425 128.322 128.237 128.161 128.091 128.024 127.96 127.897 127.835 127.772 127.701 127.622 127.529 127.431 127.33 127.227 127.116 126.989 126.84 126.695 126.565 126.439 126.311 126.173 126.021 125.869 125.718 -9999 -9999 -9999 125.32 -9999 -9999 -9999 -9999 -9999 -9999 125.002 -9999 -9999 -9999 -9999 -9999
