Validation/Results/raw data/ReClimate_07_2024_1_Temperature-Actualsweatherlogisticsltd.asc
NCOLS 192
NROWS 249
XLLCENTER -225160.85627316462
YLLCENTER 29788.11610251502
CELLSIZE 5000.0
NODATA_VALUE -9999
[rows 102 to 135 of 249, columns 75 to 149 of 192]
12.648 11.475 12.009 11.941 13.887 14.654 -9999 -9999 13.826 -9999 -9999 14.396 11.893 11.636 13.35 12.434 10.2 11.905 10.903 11.007 11.369 11.954 13.583 12.613 11.732 10.902 11.613 12.723 12.076 12.391 13.659 14.561 15.035 14.945 14.449 13.645 14.506 14.81 14.962 15.194 15.078 15.035 -9999 -9999 -9999 -9999 -9999 -9999 -9999 -9999 -9999 -9999 -9999 -9999 -9999 -9999 -9999 -9999 -9999 -9999 -9999 -9999 -9999 -9999 -9999 -9999 -9999 -9999 -9999 -9999 -9999 -9999 -9999 -9999 -9999
13.357 13.177 12.351 13.627 -9999 -9999 -9999 14.483 13.451 14.028 13.735 13.625 12.619 14.404 13.938 12.23 12.091 12.479 12.6 12.662 12.657 12.648 11.653 12.6 11.871 12.238 12.095 11.772 12.48 13.347 14.272 14.935 15.13 14.84 14.126 14.715 15.257 -9999 -9999 15.416 -9999 -9999 -9999 -9999 -9999 -9999 -9999 -9999 -9999 -9999 -9999 -9999 -9999 -9999 -9999 -9999 -9999 -9999 -9999 -9999 -9999 -9999 -9999 -9999 -9999 -9999 -9999 -9999 -9999 -9999 -9999 -9999 -9999 -9999 -9999
14.092 13.061 -9999 13.614 -9999 -9999 -9999 14.271 13.466 13.337 13.382 13.933 14.482 13.581 12.335 12.081 12.579 12.964 12.564 12.204 12.811 12.268 13.626 12.815 12.635 13.485 13.952 14.217 14.131 14.64 14.961 15.033 15.177 15.151 15.02 15.367 -9999 15.142 15.231 15.155 15.117 -9999 -9999 -9999 -9999 -9999 -9999 -9999 -9999 -9999 -9999 -9999 -9999 -9999 -9999 -9999 -9999 -9999 -9999 -9999 -9999 -9999 -9999 -9999 -9999 -9999 -9999 -9999 -9999 -9999 -9999 -9999 -9999 -9999 -9999
14.612 -9999 -9999 -9999 -9999 14.52 14.173 13.415 13.452 13.008 13.489 13.214 12.398 11.903 11.847 12.929 12.778 13.366 12.032 13.303 11.88 13.517 12.445 11.576 13.509 14.198 13.989 14.318 14.894 14.992 15.193 15.293 15.459 15.5 -9999 15.301 15.128 15.156 15.047 15.261 15.062 -9999 -9999 -9999 -9999 -9999 -9999 -9999 -9999 -9999 -9999 -9999 -9999 -9999 -9999 -9999 -9999 -9999 -9999 -9999 -9999 -9999 -9999 -9999 -9999 -9999 -9999 -9999 -9999 -9999 -9999 -9999 -9999 -9999 -9999
-9999 -9999 -9999 -9999 -9999 14.332 14.695 14.202 13.212 13.348 13.655 12.503 13.44 13.373 12.927 12.069 13.497 13.56 12.709 12.064 12.911 13.005 11.81 12.914 12.845 12.514 13.532 14.1 14.293 14.596 14.691 14.499 14.515 14.406 14.634 15.196 15.405 15.065 14.837 15.004 14.876 14.921 -9999 -9999 -9999 -9999 -9999 -9999 -9999 -9999 -9999 -9999 -9999 -9999 -9999 -9999 -9999 -9999 -9999 -9999 -9999 -9999 -9999 -9999 -9999 -9999 -9999 -9999 -9999 -9999 -9999 -9999 -9999 -9999 -9999
-9999 -9999 -9999 -9999 14.277 -9999 -9999 13.986 13.294 13.997 12.933 13.434 -9999 -9999 12.446 12.227 13.052 13.583 12.692 12.995 13.326 12.979 13.321 14.173 13.553 13.785 14.119 14.391 13.901 13.348 12.907 13.273 13.559 14.133 14.586 14.791 15.266 14.679 14.679 14.553 14.692 14.823 14.938 -9999 -9999 -9999 -9999 -9999 -9999 -9999 -9999 -9999 -9999 -9999 -9999 -9999 -9999 -9999 -9999 -9999 -9999 -9999 -9999 -9999 -9999 -9999 -9999 -9999 -9999 -9999 -9999 -9999 -9999 -9999 -9999
-9999 -9999 -9999 -9999 14.329 -9999 14.425 13.888 14.101 12.926 13.016 14.487 14.674 12.94 12.205 13.116 15.019 13.095 11.879 13.957 13.981 13.559 14.239 14.599 14.711 14.894 14.708 13.5 12.404 12.447 13.106 13.624 14.28 14.551 14.432 14.633 14.736 14.795 15.092 15.285 15.306 15.323 -9999 -9999 -9999 -9999 -9999 -9999 -9999 -9999 -9999 -9999 -9999 -9999 -9999 -9999 -9999 -9999 -9999 -9999 -9999 -9999 -9999 -9999 -9999 -9999 -9999 -9999 -9999 -9999 -9999 -9999 -9999 -9999 -9999
-9999 -9999 -9999 -9999 14.381 -9999 14.359 14.596 13.882 13.595 14.238 -9999 13.055 13.385 -9999 13.293 13.378 13.147 14.124 12.964 14.19 14.627 15.109 15.28 15.495 15.546 14.97 13.906 14.411 14.69 14.692 14.476 14.341 14.632 14.573 14.865 15.001 15.182 -9999 -9999 -9999 -9999 -9999 -9999 -9999 -9999 -9999 -9999 -9999 -9999 -9999 -9999 -9999 -9999 -9999 -9999 -9999 -9999 -9999 -9999 -9999 -9999 -9999 -9999 -9999 -9999 -9999 -9999 -9999 -9999 -9999 -9999 -9999 -9999 -9999
-9999 -9999 14.134 14.144 -9999 -9999 14.794 14.466 13.977 14.355 14.27 12.549 13.173 12.247 -9999 13.98 13.216 13.968 14.103 14.019 14.252 14.814 14.778 14.675 14.597 14.82 15.311 15.622 15.599 15.369 14.917 14.464 14.418 14.628 14.74 14.9 15.155 -9999 -9999 -9999 -9999 -9999 -9999 -9999 -9999 -9999 -9999 -9999 -9999 -9999 -9999 -9999 -9999 -9999 -9999 -9999 -9999 -9999 -9999 -9999 -9999 -9999 -9999 -9999 -9999 -9999 -9999 -9999 -9999 -9999 -9999 -9999 -9999 -9999 -9999
-9999 14.554 14.273 14.38 -9999 14.785 13.562 13.59 14.387 -9999 12.903 13.359 12.405 12.403 -9999 13.626 12.977 14.185 15.239 15.128 15.153 14.857 14.524 14.196 13.625 14.177 15.07 15.533 -9999 15.589 15.198 14.989 14.951 14.82 14.491 14.821 -9999 -9999 -9999 -9999 -9999 -9999 -9999 -9999 -9999 -9999 -9999 -9999 -9999 -9999 -9999 -9999 -9999 -9999 -9999 -9999 -9999 -9999 -9999 -9999 -9999 -9999 -9999 -9999 -9999 -9999 -9999 -9999 -9999 -9999 -9999 -9999 -9999 -9999 -9999
-9999 14.693 14.668 -9999 -9999 14.199 12.958 13.847 -9999 13.719 13.467 13.398 12.875 13.385 -9999 14.585 14.522 14.987 15.311 15.164 14.848 14.42 12.822 12.823 13.158 13.857 14.919 15.612 15.783 15.888 -9999 -9999 15.477 15.191 -9999 -9999 -9999 -9999 -9999 -9999 15.249 15.235 15.382 -9999 -9999 -9999 -9999 -9999 -9999 -9999 -9999 -9999 -9999 -9999 -9999 -9999 -9999 -9999 -9999 -9999 -9999 -9999 -9999 -9999 -9999 -9999 -9999 -9999 -9999 -9999 -9999 -9999 -9999 -9999 -9999
14.53 14.033 -9999 -9999 13.83 13.433 14.174 13.651 -9999 13.796 13.341 14.116 14.147 13.091 -9999 -9999 -9999 15.323 14.905 14.229 14.06 13.788 13.89 14.356 14.455 14.885 15.059 15.083 15.28 15.569 15.622 15.372 15.218 15.445 -9999 -9999 -9999 -9999 -9999 15.18 15.163 15.159 15.474 15.487 -9999 -9999 -9999 -9999 -9999 -9999 -9999 -9999 -9999 -9999 -9999 -9999 -9999 -9999 -9999 -9999 -9999 -9999 -9999 -9999 -9999 -9999 -9999 -9999 -9999 -9999 -9999 -9999 -9999 -9999 -9999
13.719 14.137 -9999 -9999 -9999 14.744 13.509 13.946 -9999 13.788 -9999 14.549 13.511 14.475 -9999 15.065 14.612 14.532 -9999 14.722 14.972 14.891 15.114 15.029 15.096 15.003 14.797 14.566 14.763 14.969 14.573 14.573 15.119 15.424 15.511 15.438 15.481 -9999 15.273 15.094 15.082 15.297 15.055 14.679 14.586 15.481 -9999 -9999 -9999 -9999 -9999 -9999 -9999 -9999 -9999 -9999 -9999 -9999 -9999 -9999 -9999 -9999 -9999 -9999 -9999 -9999 -9999 -9999 -9999 -9999 -9999 -9999 -9999 -9999 -9999
14.03 -9999 -9999 -9999 -9999 13.863 13.254 14.449 -9999 14.827 -9999 14.636 14.988 -9999 14.818 13.964 13.661 14.534 15.089 15.322 15.273 15.472 15.416 15.109 15.105 14.813 14.245 14.108 14.273 14.36 14.4 14.698 14.932 14.908 14.896 14.846 15.276 15.277 14.859 14.916 14.951 14.876 14.272 13.94 13.786 14.215 15.091 15.222 15.012 -9999 -9999 -9999 -9999 -9999 -9999 -9999 -9999 -9999 -9999 -9999 -9999 -9999 -9999 -9999 -9999 -9999 -9999 -9999 -9999 -9999 -9999 -9999 -9999 -9999 -9999
15.016 -9999 -9999 -9999 -9999 13.883 14.578 14.277 14.025 -9999 -9999 15.298 15.225 -9999 14.727 13.436 13.309 14.356 14.819 15.319 15.57 15.56 15.503 15.615 15.398 14.913 14.387 13.835 13.894 14.03 14.249 14.274 14.057 13.852 13.663 14.339 14.988 14.903 14.665 14.555 14.239 13.279 13.152 13.594 13.661 14.121 14.215 14.811 15.044 14.797 -9999 -9999 -9999 -9999 -9999 -9999 -9999 -9999 -9999 -9999 -9999 -9999 -9999 -9999 -9999 -9999 -9999 -9999 -9999 -9999 -9999 -9999 -9999 -9999 -9999
-9999 -9999 -9999 -9999 -9999 14.504 14.557 13.778 14.815 -9999 -9999 15.22 15.292 -9999 -9999 13.58 13.815 14.625 14.596 14.568 14.888 15.081 15.239 15.038 15.433 15.418 14.747 14.264 13.849 13.688 13.509 13.546 13.139 13.1 13.709 14.18 14.304 14.269 14.062 13.757 13.234 13.153 13.155 13.557 13.862 14.266 14.875 15.005 14.76 14.709 -9999 -9999 -9999 -9999 -9999 -9999 -9999 -9999 -9999 -9999 -9999 -9999 -9999 -9999 -9999 -9999 -9999 -9999 -9999 -9999 -9999 -9999 -9999 -9999 -9999
-9999 -9999 -9999 -9999 -9999 14.865 14.132 14.332 -9999 -9999 -9999 -9999 15.261 -9999 14.859 13.902 14.738 14.947 14.358 14.15 14.095 14.511 14.566 14.706 14.893 15.133 15.023 14.213 13.71 13.626 13.645 13.277 13.041 13.484 13.792 13.717 13.642 13.153 13.3 13.587 13.83 13.774 13.653 13.882 14.115 14.595 15.107 15.107 15.027 14.994 14.731 -9999 -9999 -9999 -9999 -9999 -9999 -9999 -9999 -9999 -9999 -9999 -9999 -9999 -9999 -9999 -9999 -9999 -9999 -9999 -9999 -9999 -9999 -9999 -9999
-9999 -9999 -9999 14.111 14.143 14.019 14.408 -9999 -9999 13.879 -9999 -9999 -9999 -9999 14.891 14.709 15.111 14.966 14.645 14.194 13.922 13.859 13.751 13.82 14.268 14.551 14.643 14.562 13.897 13.903 13.769 13.681 13.889 13.81 13.377 13.447 12.537 12.239 12.885 13.472 13.886 14.215 14.182 14.323 14.307 14.703 15.162 15.276 15.297 15.177 15.054 -9999 -9999 -9999 -9999 -9999 -9999 -9999 -9999 -9999 -9999 -9999 -9999 -9999 -9999 -9999 -9999 -9999 -9999 -9999 -9999 -9999 -9999 -9999 -9999
-9999 -9999 -9999 -9999 13.758 13.928 14.728 -9999 14.014 13.179 13.891 -9999 -9999 -9999 -9999 15.292 15.311 15.298 15.037 14.672 14.282 13.782 13.641 13.849 14.123 14.249 14.461 14.131 14.266 14.102 13.93 13.741 13.713 13.251 13.913 13.425 13.295 13.161 12.744 13.101 13.983 14.287 14.634 14.683 14.712 14.979 15.202 15.346 15.379 15.145 15.119 15.047 -9999 -9999 -9999 -9999 -9999 -9999 -9999 -9999 -9999 -9999 -9999 -9999 -9999 -9999 -9999 -9999 -9999 -9999 -9999 -9999 -9999 -9999 -9999
-9999 -9999 -9999 -9999 14.166 14.001 14.33 -9999 14.48 13.445 14.299 -9999 -9999 -9999 -9999 -9999 15.379 15.403 15.342 15.264 14.906 14.55 14.22 13.788 13.375 13.575 13.917 14.195 14.241 13.991 13.826 13.868 13.587 13.664 14.018 13.809 13.734 13.75 14.158 14.237 14.514 14.604 14.899 14.798 15.064 15.458 15.523 15.544 15.422 15.23 14.864 15.01 15.114 -9999 -9999 -9999 -9999 -9999 -9999 -9999 -9999 -9999 -9999 -9999 -9999 -9999 -9999 -9999 -9999 -9999 -9999 -9999 -9999 -9999 -9999
-9999 -9999 -9999 -9999 14.012 13.566 -9999 -9999 14.994 14.146 13.828 14.75 -9999 -9999 -9999 -9999 -9999 15.351 15.154 14.949 14.859 14.191 13.554 13.213 12.906 13.062 13.457 13.877 13.657 13.859 13.78 13.446 13.299 13.657 12.363 13.266 13.126 13.904 13.52 14.109 14.688 14.63 14.888 15.131 15.415 15.354 15.102 15.04 15.175 14.977 15.177 14.657 15.035 15.171 15.298 -9999 -9999 -9999 -9999 -9999 -9999 -9999 -9999 -9999 -9999 -9999 -9999 -9999 -9999 -9999 -9999 -9999 -9999 -9999 -9999
-9999 -9999 -9999 -9999 13.683 14.332 -9999 -9999 14.366 13.453 13.678 -9999 -9999 -9999 -9999 -9999 -9999 15.309 15.053 14.872 14.623 14.052 13.769 13.703 13.419 13.345 13.282 13.385 13.466 13.467 12.643 12.063 12.955 11.995 11.588 12.111 13.318 13.268 13.973 14.762 14.415 14.603 14.92 14.942 15.056 15.178 15.007 14.962 14.401 14.162 14.834 14.77 14.631 15.131 15.327 -9999 -9999 -9999 -9999 -9999 -9999 -9999 -9999 -9999 -9999 -9999 -9999 -9999 -9999 -9999 -9999 -9999 -9999 -9999 -9999
-9999 -9999 -9999 -9999 14.011 14.836 -9999 -9999 -9999 14.584 14.417 14.595 -9999 -9999 -9999 -9999 -9999 15.304 15.008 14.861 14.656 14.28 14.113 13.533 12.828 12.594 13.093 13.086 13.539 13.248 12.656 12.555 13.023 11.562 12.197 12.972 12.75 13.27 14.335 14.13 14.451 14.481 14.67 15.009 14.896 14.722 14.736 14.318 13.008 13.282 13.927 14.743 14.741 14.938 15.269 -9999 -9999 -9999 -9999 -9999 -9999 -9999 -9999 -9999 -9999 -9999 -9999 -9999 -9999 -9999 -9999 -9999 -9999 -9999 -9999
-9999 -9999 -9999 13.615 13.988 14.602 -9999 -9999 -9999 -9999 -9999 -9999 -9999 -9999 -9999 -9999 -9999 14.957 14.7 14.639 14.412 14.124 13.916 13.223 12.862 12.855 13.152 13.319 12.966 12.984 12.245 12.477 11.859 11.545 12.245 12.978 12.756 13.267 13.549 14.091 14.145 14.547 14.556 14.494 14.702 14.407 14.259 13.188 12.939 12.768 13.994 14.948 15.15 15.118 15.247 15.638 -9999 -9999 -9999 -9999 -9999 -9999 -9999 -9999 -9999 -9999 -9999 -9999 -9999 -9999 -9999 -9999 -9999 -9999 -9999
-9999 -9999 13.542 13.577 13.625 14.701 -9999 -9999 -9999 -9999 -9999 -9999 -9999 -9999 -9999 15.159 15.011 14.869 14.456 13.947 13.592 13.73 13.742 13.649 13.499 13.915 13.466 12.654 12.778 12.763 12.747 13.125 12.653 11.802 13.166 13.011 13.052 13.258 13.722 14.13 14.544 14.044 14.143 14.447 14.351 14.082 13.359 13.193 13.144 13.263 14.087 15.221 15.471 15.257 15.336 15.573 -9999 -9999 -9999 -9999 -9999 -9999 -9999 -9999 -9999 -9999 -9999 -9999 -9999 -9999 -9999 -9999 -9999 -9999 -9999
-9999 -9999 13.575 14.09 14.917 -9999 -9999 -9999 -9999 -9999 -9999 -9999 -9999 -9999 -9999 15.109 15.208 14.887 14.085 13.586 13.614 13.011 12.668 12.781 12.807 13.205 13.368 13.57 13.406 12.899 13.216 13.681 13.353 13.067 12.427 12.939 12.787 13.46 13.858 14.516 14.156 14.019 14.198 14.101 13.674 13.071 12.769 13.237 13.667 14.105 14.735 14.845 14.933 15.209 15.326 15.594 -9999 -9999 -9999 -9999 -9999 -9999 -9999 -9999 -9999 -9999 -9999 -9999 -9999 -9999 -9999 -9999 -9999 -9999 -9999
-9999 -9999 -9999 -9999 -9999 -9999 -9999 -9999 -9999 -9999 -9999 -9999 -9999 -9999 -9999 15.117 15.074 14.163 13.911 13.629 13.364 12.49 12.423 11.858 12.305 12.743 13.267 13.565 13.245 12.005 12.589 13.881 13.986 12.79 12.741 13.021 13.139 13.132 13.883 13.486 13.347 13.681 13.308 12.99 12.646 13.373 13.433 13.552 13.791 14.137 15.044 15.323 15.24 15.387 15.679 15.779 -9999 -9999 -9999 -9999 -9999 -9999 -9999 -9999 -9999 -9999 -9999 -9999 -9999 -9999 -9999 -9999 -9999 -9999 -9999
-9999 -9999 -9999 -9999 -9999 -9999 -9999 -9999 -9999 -9999 -9999 -9999 -9999 -9999 14.903 14.509 13.836 13.849 13.345 13.485 13.373 13.228 12.227 12.286 12.206 12.603 12.996 14.01 13.589 13.031 13.275 13.849 14.099 13.713 13.496 13.379 13.221 13.267 12.839 13.557 13.827 13.589 13.281 12.251 13.119 12.943 13.338 13.904 13.922 14.171 14.225 15.12 15.625 15.822 15.9 15.931 -9999 -9999 -9999 -9999 -9999 -9999 -9999 -9999 -9999 -9999 -9999 -9999 -9999 -9999 -9999 -9999 -9999 -9999 -9999
-9999 -9999 -9999 -9999 -9999 -9999 -9999 -9999 -9999 -9999 -9999 -9999 -9999 -9999 14.435 14.094 13.716 12.795 13.018 13.484 13.417 12.672 13.309 12.831 12.681 13.04 13.55 14.533 14.403 13.875 13.611 13.76 14.556 14.244 14.05 13.923 13.808 13.025 13.939 13.403 13.801 13.799 12.465 13.623 13.203 13.312 13.809 13.9 14.367 14.266 13.973 14.567 15.269 15.586 15.849 16.051 -9999 -9999 -9999 -9999 -9999 -9999 -9999 -9999 -9999 -9999 -9999 -9999 -9999 -9999 -9999 -9999 -9999 -9999 -9999
-9999 -9999 -9999 -9999 -9999 -9999 -9999 -9999 -9999 -9999 -9999 -9999 -9999 14.669 14.116 14.206 13.172 13.334 12.98 12.125 12.672 13.279 13.563 13.125 13.355 13.502 13.572 14.029 14.189 13.955 14.022 14.853 14.868 14.501 13.993 13.907 13.173 14.12 13.802 13.381 14.132 13.119 13.052 13.8 14.071 14.295 13.911 14.014 14.202 13.996 14.303 14.704 15.23 15.597 15.845 16.084 16.141 -9999 -9999 -9999 -9999 -9999 -9999 -9999 -9999 -9999 -9999 -9999 -9999 -9999 -9999 -9999 -9999 -9999 -9999
-9999 -9999 -9999 -9999 -9999 -9999 -9999 -9999 -9999 -9999 -9999 -9999 14.587 14.354 14.257 14.208 13.934 13.654 12.942 13.011 12.95 12.704 13.953 13.953 13.819 13.537 13.558 13.897 14.308 14.784 15.008 14.747 15.022 14.678 14.22 13.869 14.115 14.398 14.063 14.066 14.307 13.287 13.073 13.493 13.72 13.917 14.061 14.434 14.425 14.159 14.584 14.845 15.171 15.526 15.938 16.137 16.263 -9999 -9999 -9999 -9999 -9999 -9999 -9999 -9999 -9999 -9999 -9999 -9999 -9999 -9999 -9999 -9999 -9999 -9999
-9999 -9999 -9999 -9999 -9999 -9999 -9999 -9999 -9999 -9999 -9999 -9999 14.426 13.291 14.057 14.129 14.115 14.215 13.557 12.378 12.616 13.75 14.039 14.347 14.147 13.939 13.777 13.663 14.881 15.294 15.081 15.099 14.736 14.79 14.337 14.44 14.415 14.645 14.393 14.459 14.036 13.824 13.516 13.457 13.716 13.839 14.446 14.857 14.737 14.683 14.661 14.854 15.301 15.803 15.972 16.121 16.254 -9999 -9999 -9999 -9999 -9999 -9999 -9999 -9999 -9999 -9999 -9999 -9999 -9999 -9999 -9999 -9999 -9999 -9999
-9999 -9999 -9999 -9999 -9999 -9999 -9999 -9999 -9999 -9999 -9999 14.545 13.46 13.765 13.889 13.99 14.294 14.435 13.578 13.077 13.461 13.576 14.105 14.308 14.45 14.105 13.775 14.511 14.829 15.103 15.479 15.068 15.038 14.853 14.894 14.775 14.832 14.955 14.865 14.411 14.621 14.235 13.602 13.871 13.903 14.11 14.292 14.835 15.039 15.415 15.112 15.139 15.478 15.937 16.21 16.182 16.215 16.432 -9999 -9999 -9999 -9999 -9999 -9999 -9999 -9999 -9999 -9999 -9999 -9999 -9999 -9999 -9999 -9999 -9999
-9999 -9999 -9999 -9999 -9999 -9999 -9999 -9999 -9999 -9999 14.742 -9999 14.389 13.928 13.922 14.057 14.474 14.841 14.426 14.294 13.711 13.275 13.94 14.474 14.668 14.643 14.666 14.8 14.899 15.118 15.312 15.073 15.292 15.261 15.228 15.194 15.318 15.385 15.267 15.1 14.871 14.575 14.641 14.395 14.356 14.396 14.772 15.222 15.865 15.371 15.084 15.443 15.752 16.016 16.234 16.39 16.423 16.385 -9999 -9999 -9999 -9999 -9999 -9999 -9999 -9999 -9999 -9999 -9999 -9999 -9999 -9999 -9999 -9999 -9999
