Validation/Results/raw data/ReClimate_04_2024_1weatherlogisticsltd.asc
NCOLS 192
NROWS 249
XLLCENTER -225160.85627316462
YLLCENTER 29788.11610251502
CELLSIZE 5000.0
NODATA_VALUE -9999
[rows 99 to 131 of 249, columns 74 to 147 of 192]
105.82 105.814 105.809 105.804 105.799 105.921 106.298 106.91 -9999 -9999 108.633 109.339 110.367 111.409 112.42 113.405 114.371 115.323 116.264 117.201 118.136 119.028 119.815 120.53 121.239 121.943 122.645 123.348 124.044 124.717 125.385 126.063 126.755 127.464 128.194 128.951 129.746 130.585 131.481 132.232 132.803 133.397 134.051 134.784 135.582 -9999 -9999 -9999 -9999 -9999 -9999 -9999 -9999 -9999 -9999 -9999 -9999 -9999 -9999 -9999 -9999 -9999 -9999 -9999 -9999 -9999 -9999 -9999 -9999 -9999 -9999 -9999 -9999 -9999
106.178 106.121 106.045 -9999 -9999 105.837 106.113 -9999 -9999 -9999 108.369 109.138 110.189 111.23 112.24 113.226 114.192 115.143 116.085 117.021 117.958 118.854 119.644 120.365 121.079 121.777 122.438 123.088 123.731 124.374 125.028 125.696 126.379 127.083 127.812 128.572 129.37 130.215 131.119 131.898 132.503 133.112 133.782 134.531 135.349 -9999 -9999 -9999 -9999 -9999 -9999 -9999 -9999 -9999 -9999 -9999 -9999 -9999 -9999 -9999 -9999 -9999 -9999 -9999 -9999 -9999 -9999 -9999 -9999 -9999 -9999 -9999 -9999 -9999
106.906 -9999 106.7 106.561 106.416 -9999 -9999 -9999 -9999 107.641 108.099 108.915 109.998 111.041 112.052 113.039 114.005 114.957 115.899 116.836 117.774 118.671 119.462 120.169 120.82 121.452 122.078 122.707 123.342 123.986 124.641 125.311 125.998 126.706 127.44 128.206 129.011 129.862 130.768 131.561 132.173 132.77 133.417 134.139 -9999 -9999 -9999 -9999 -9999 -9999 -9999 -9999 -9999 -9999 -9999 -9999 -9999 -9999 -9999 -9999 -9999 -9999 -9999 -9999 -9999 -9999 -9999 -9999 -9999 -9999 -9999 -9999 -9999 -9999
107.707 107.604 107.477 107.327 107.156 106.963 106.99 -9999 -9999 107.822 -9999 -9999 109.786 110.843 111.856 112.844 113.811 114.763 115.706 116.644 117.583 118.461 119.182 119.813 120.439 121.063 121.688 122.318 122.953 123.598 124.255 124.928 125.619 126.332 127.074 127.848 128.662 129.523 130.438 131.245 131.862 132.45 133.034 -9999 -9999 -9999 -9999 -9999 -9999 -9999 -9999 -9999 -9999 -9999 -9999 -9999 -9999 -9999 -9999 -9999 -9999 -9999 -9999 -9999 -9999 -9999 -9999 -9999 -9999 -9999 -9999 -9999 -9999 -9999
108.474 108.359 108.22 108.06 107.879 -9999 -9999 -9999 107.887 108.036 108.196 108.838 109.701 110.606 111.638 112.639 113.608 114.561 115.504 116.434 117.329 118.118 118.793 119.423 120.048 120.671 121.296 121.925 122.561 123.208 123.868 124.543 125.239 125.958 126.707 127.49 128.315 129.188 -9999 -9999 131.569 -9999 -9999 -9999 -9999 -9999 -9999 -9999 -9999 -9999 -9999 -9999 -9999 -9999 -9999 -9999 -9999 -9999 -9999 -9999 -9999 -9999 -9999 -9999 -9999 -9999 -9999 -9999 -9999 -9999 -9999 -9999 -9999 -9999
109.222 109.093 108.943 -9999 108.582 -9999 -9999 -9999 108.102 108.294 108.576 109.113 109.863 110.673 111.488 112.388 113.382 114.348 115.275 116.135 116.971 117.74 118.399 119.027 119.65 120.272 120.897 121.527 122.165 122.813 123.475 124.154 124.854 125.579 126.334 127.125 127.959 -9999 129.79 130.63 131.276 131.716 -9999 -9999 -9999 -9999 -9999 -9999 -9999 -9999 -9999 -9999 -9999 -9999 -9999 -9999 -9999 -9999 -9999 -9999 -9999 -9999 -9999 -9999 -9999 -9999 -9999 -9999 -9999 -9999 -9999 -9999 -9999 -9999
-9999 109.816 -9999 -9999 -9999 -9999 108.811 108.58 108.558 108.687 108.946 109.45 110.158 110.848 111.557 112.313 113.111 114.043 114.925 115.78 116.607 117.356 117.996 118.622 119.244 119.866 120.491 121.122 121.761 122.411 123.076 123.758 124.461 125.19 125.95 -9999 127.586 128.478 129.43 130.267 130.889 131.18 -9999 -9999 -9999 -9999 -9999 -9999 -9999 -9999 -9999 -9999 -9999 -9999 -9999 -9999 -9999 -9999 -9999 -9999 -9999 -9999 -9999 -9999 -9999 -9999 -9999 -9999 -9999 -9999 -9999 -9999 -9999 -9999
-9999 -9999 -9999 -9999 -9999 -9999 109.489 109.253 109.099 109.068 109.298 109.762 110.437 111.093 111.735 112.36 113.034 113.701 114.489 115.341 116.183 116.932 117.581 118.206 118.828 119.45 120.076 120.708 121.348 122.0 122.667 123.351 124.057 124.789 125.551 126.349 127.191 128.076 128.979 129.683 130.169 130.577 130.852 -9999 -9999 -9999 -9999 -9999 -9999 -9999 -9999 -9999 -9999 -9999 -9999 -9999 -9999 -9999 -9999 -9999 -9999 -9999 -9999 -9999 -9999 -9999 -9999 -9999 -9999 -9999 -9999 -9999 -9999 -9999
-9999 -9999 -9999 -9999 -9999 110.445 -9999 -9999 109.686 109.575 109.633 110.049 110.693 -9999 -9999 112.479 112.984 113.531 114.139 114.859 115.68 116.403 117.057 117.703 118.346 118.988 119.631 120.277 120.925 121.579 122.248 122.933 123.633 124.346 125.08 125.839 126.627 127.439 128.234 128.837 129.272 129.673 130.054 130.248 -9999 -9999 -9999 -9999 -9999 -9999 -9999 -9999 -9999 -9999 -9999 -9999 -9999 -9999 -9999 -9999 -9999 -9999 -9999 -9999 -9999 -9999 -9999 -9999 -9999 -9999 -9999 -9999 -9999 -9999
-9999 -9999 -9999 -9999 -9999 111.143 -9999 110.623 110.346 110.117 110.019 110.317 110.927 111.515 112.056 112.536 113.0 113.451 113.933 114.497 115.137 115.827 116.482 117.129 117.773 118.416 119.059 119.704 120.35 121.004 121.666 122.338 123.019 123.712 124.422 125.15 125.9 126.673 127.41 127.95 128.37 128.767 129.152 -9999 -9999 -9999 -9999 -9999 -9999 -9999 -9999 -9999 -9999 -9999 -9999 -9999 -9999 -9999 -9999 -9999 -9999 -9999 -9999 -9999 -9999 -9999 -9999 -9999 -9999 -9999 -9999 -9999 -9999 -9999
-9999 -9999 -9999 -9999 -9999 111.84 -9999 111.296 111.016 110.728 110.51 110.61 -9999 111.672 112.135 -9999 112.998 113.409 113.813 114.247 114.729 115.244 115.888 116.527 117.163 117.799 118.435 119.074 119.715 120.36 121.011 121.67 122.338 123.017 123.711 124.421 125.15 125.9 126.577 -9999 -9999 -9999 -9999 -9999 -9999 -9999 -9999 -9999 -9999 -9999 -9999 -9999 -9999 -9999 -9999 -9999 -9999 -9999 -9999 -9999 -9999 -9999 -9999 -9999 -9999 -9999 -9999 -9999 -9999 -9999 -9999 -9999 -9999 -9999
-9999 -9999 -9999 113.043 112.797 -9999 -9999 112.0 111.691 111.392 111.081 111.052 111.315 111.771 112.194 -9999 112.978 113.349 113.714 114.07 114.391 114.772 115.287 115.919 116.55 117.18 117.81 118.442 119.076 119.712 120.353 120.999 121.654 122.319 122.995 123.687 124.395 125.125 -9999 -9999 -9999 -9999 -9999 -9999 -9999 -9999 -9999 -9999 -9999 -9999 -9999 -9999 -9999 -9999 -9999 -9999 -9999 -9999 -9999 -9999 -9999 -9999 -9999 -9999 -9999 -9999 -9999 -9999 -9999 -9999 -9999 -9999 -9999 -9999
-9999 -9999 114.082 113.811 113.537 -9999 112.991 112.698 112.376 112.063 -9999 111.537 111.592 111.849 112.236 -9999 112.942 113.273 113.597 113.894 114.121 114.383 114.761 115.305 115.931 116.558 117.183 117.809 118.435 -9999 119.692 120.326 120.966 121.615 122.274 122.946 123.634 -9999 -9999 -9999 -9999 -9999 -9999 -9999 -9999 -9999 -9999 -9999 -9999 -9999 -9999 -9999 -9999 -9999 -9999 -9999 -9999 -9999 -9999 -9999 -9999 -9999 -9999 -9999 -9999 -9999 -9999 -9999 -9999 -9999 -9999 -9999 -9999 -9999
-9999 -9999 114.85 114.571 -9999 -9999 113.706 113.39 113.079 -9999 112.399 112.077 111.926 112.057 112.26 -9999 112.889 113.181 113.461 113.69 113.866 114.052 114.32 114.711 115.307 115.932 116.554 117.174 117.792 118.409 119.028 -9999 -9999 120.906 121.547 -9999 -9999 -9999 -9999 -9999 -9999 125.033 125.443 125.812 -9999 -9999 -9999 -9999 -9999 -9999 -9999 -9999 -9999 -9999 -9999 -9999 -9999 -9999 -9999 -9999 -9999 -9999 -9999 -9999 -9999 -9999 -9999 -9999 -9999 -9999 -9999 -9999 -9999 -9999
-9999 115.969 115.663 -9999 -9999 114.75 114.446 114.12 113.793 -9999 113.055 112.615 112.358 112.344 112.422 -9999 -9999 -9999 113.299 113.452 113.591 113.749 113.928 114.238 114.678 115.302 115.921 116.535 117.145 117.752 118.358 118.965 119.575 120.189 120.812 -9999 -9999 -9999 -9999 -9999 123.603 124.043 124.4 124.761 125.119 -9999 -9999 -9999 -9999 -9999 -9999 -9999 -9999 -9999 -9999 -9999 -9999 -9999 -9999 -9999 -9999 -9999 -9999 -9999 -9999 -9999 -9999 -9999 -9999 -9999 -9999 -9999 -9999 -9999
117.126 116.819 116.514 -9999 -9999 -9999 115.216 114.871 114.512 -9999 113.682 -9999 112.857 112.714 112.672 -9999 112.769 112.955 113.107 -9999 113.298 113.426 113.59 113.796 114.15 114.668 115.284 115.892 116.493 117.089 117.682 118.272 118.854 119.433 120.015 120.591 121.135 121.554 -9999 122.246 122.614 122.945 123.274 123.595 123.913 124.234 124.578 -9999 -9999 -9999 -9999 -9999 -9999 -9999 -9999 -9999 -9999 -9999 -9999 -9999 -9999 -9999 -9999 -9999 -9999 -9999 -9999 -9999 -9999 -9999 -9999 -9999 -9999 -9999
118.048 117.727 -9999 -9999 -9999 -9999 116.015 115.649 115.274 -9999 114.317 -9999 113.36 113.098 -9999 112.92 112.904 112.89 112.889 112.938 112.991 113.085 113.245 113.423 113.663 114.037 114.643 115.243 115.834 116.415 116.982 117.54 118.089 118.637 119.187 119.742 120.237 120.581 120.906 121.224 121.535 121.839 122.129 122.417 122.706 123.004 123.318 123.645 123.864 123.891 -9999 -9999 -9999 -9999 -9999 -9999 -9999 -9999 -9999 -9999 -9999 -9999 -9999 -9999 -9999 -9999 -9999 -9999 -9999 -9999 -9999 -9999 -9999 -9999
-9999 118.692 -9999 -9999 -9999 -9999 116.846 116.457 116.046 115.53 -9999 -9999 113.887 113.525 -9999 113.256 113.117 112.968 112.816 112.702 112.703 112.771 112.924 113.083 113.229 113.532 113.993 114.584 115.16 115.718 116.262 116.795 117.322 117.844 118.367 118.877 119.267 119.581 119.887 120.186 120.477 120.756 121.028 121.295 121.561 121.829 122.106 122.384 122.695 123.037 123.102 -9999 -9999 -9999 -9999 -9999 -9999 -9999 -9999 -9999 -9999 -9999 -9999 -9999 -9999 -9999 -9999 -9999 -9999 -9999 -9999 -9999 -9999 -9999
120.047 -9999 -9999 -9999 -9999 -9999 117.712 117.301 116.828 116.238 -9999 -9999 114.473 114.018 -9999 -9999 113.384 113.133 112.892 112.716 112.568 112.533 112.636 112.751 112.86 113.021 113.344 113.919 114.478 115.018 115.543 116.055 116.557 117.055 117.551 117.991 118.299 118.596 118.888 119.178 119.455 119.721 119.978 120.227 120.471 120.713 120.957 121.208 121.506 121.931 122.479 -9999 -9999 -9999 -9999 -9999 -9999 -9999 -9999 -9999 -9999 -9999 -9999 -9999 -9999 -9999 -9999 -9999 -9999 -9999 -9999 -9999 -9999 -9999
121.126 -9999 -9999 -9999 -9999 -9999 118.623 118.175 117.622 -9999 -9999 -9999 -9999 114.498 -9999 113.89 113.613 113.338 113.079 112.839 112.636 112.525 112.45 112.423 112.486 112.559 112.811 113.248 113.793 114.316 114.821 115.312 115.792 116.265 116.716 117.051 117.343 117.637 117.931 118.21 118.475 118.729 118.971 119.204 119.428 119.648 119.898 120.24 120.653 121.115 121.629 122.152 -9999 -9999 -9999 -9999 -9999 -9999 -9999 -9999 -9999 -9999 -9999 -9999 -9999 -9999 -9999 -9999 -9999 -9999 -9999 -9999 -9999 -9999
122.37 -9999 -9999 -9999 120.442 120.017 119.58 119.074 -9999 -9999 117.081 -9999 -9999 -9999 -9999 114.162 113.845 113.548 113.27 113.017 112.793 112.602 112.442 112.352 112.283 112.215 112.263 112.565 113.097 113.605 114.092 114.563 115.022 115.463 115.831 116.121 116.419 116.721 117.005 117.275 117.531 117.773 118.003 118.242 118.531 118.833 119.186 119.558 119.953 120.381 120.852 121.196 -9999 -9999 -9999 -9999 -9999 -9999 -9999 -9999 -9999 -9999 -9999 -9999 -9999 -9999 -9999 -9999 -9999 -9999 -9999 -9999 -9999 -9999
-9999 -9999 -9999 -9999 -9999 121.047 120.591 120.014 -9999 118.541 117.841 117.159 -9999 -9999 -9999 -9999 114.077 113.756 113.458 113.185 112.939 112.723 112.542 112.386 112.24 112.1 112.014 112.139 112.519 112.948 113.371 113.803 114.24 114.629 114.921 115.225 115.538 115.831 116.114 116.405 116.703 116.995 117.284 117.599 117.923 118.252 118.592 118.946 119.319 119.72 120.145 120.407 120.871 -9999 -9999 -9999 -9999 -9999 -9999 -9999 -9999 -9999 -9999 -9999 -9999 -9999 -9999 -9999 -9999 -9999 -9999 -9999 -9999 -9999
-9999 -9999 -9999 -9999 -9999 122.165 121.654 120.988 -9999 119.408 118.653 117.917 -9999 -9999 -9999 -9999 -9999 113.943 113.637 113.34 113.071 112.839 112.633 112.444 112.266 112.091 111.916 111.919 112.158 112.549 112.938 113.329 113.697 113.98 114.277 114.602 114.916 115.222 115.53 115.842 116.153 116.464 116.774 117.087 117.401 117.721 118.049 118.388 118.743 119.121 119.495 119.71 120.03 120.585 -9999 -9999 -9999 -9999 -9999 -9999 -9999 -9999 -9999 -9999 -9999 -9999 -9999 -9999 -9999 -9999 -9999 -9999 -9999 -9999
-9999 -9999 -9999 -9999 -9999 123.788 122.891 -9999 -9999 120.304 119.513 118.716 117.939 -9999 -9999 -9999 -9999 -9999 113.805 113.483 113.197 112.94 112.704 112.484 112.274 112.069 111.864 111.757 111.887 112.261 112.625 112.97 113.247 113.523 113.848 114.163 114.473 114.779 115.085 115.391 115.696 116.002 116.308 116.614 116.922 117.234 117.551 117.878 118.217 118.576 118.902 119.086 119.391 119.871 120.327 120.831 -9999 -9999 -9999 -9999 -9999 -9999 -9999 -9999 -9999 -9999 -9999 -9999 -9999 -9999 -9999 -9999 -9999 -9999
-9999 -9999 -9999 -9999 -9999 125.323 124.316 -9999 -9999 121.338 120.403 119.443 -9999 -9999 -9999 -9999 -9999 -9999 113.96 113.616 113.304 113.019 112.754 112.504 112.264 112.029 111.794 111.59 111.626 111.975 112.312 112.585 112.842 113.158 113.468 113.77 114.068 114.366 114.667 114.969 115.272 115.574 115.877 116.179 116.481 116.786 117.095 117.41 117.737 118.078 118.397 118.813 119.197 119.657 120.108 120.556 -9999 -9999 -9999 -9999 -9999 -9999 -9999 -9999 -9999 -9999 -9999 -9999 -9999 -9999 -9999 -9999 -9999 -9999
-9999 -9999 -9999 -9999 -9999 126.849 125.897 -9999 -9999 -9999 121.176 120.125 119.215 -9999 -9999 -9999 -9999 -9999 114.142 113.73 113.39 113.076 112.782 112.503 112.234 111.97 111.706 111.437 111.423 111.681 111.953 112.202 112.498 112.81 113.106 113.394 113.683 113.975 114.273 114.574 114.876 115.178 115.478 115.777 116.075 116.374 116.675 116.982 117.296 117.677 118.197 118.683 119.151 119.606 120.052 120.492 -9999 -9999 -9999 -9999 -9999 -9999 -9999 -9999 -9999 -9999 -9999 -9999 -9999 -9999 -9999 -9999 -9999 -9999
-9999 -9999 -9999 -9999 129.422 128.528 127.495 -9999 -9999 -9999 -9999 -9999 -9999 -9999 -9999 -9999 -9999 -9999 114.453 113.845 113.452 113.109 112.786 112.479 112.181 111.889 111.597 111.3 111.198 111.335 111.584 111.857 112.179 112.477 112.759 113.034 113.313 113.603 113.902 114.205 114.51 114.812 115.111 115.407 115.701 115.995 116.289 116.588 116.954 117.584 118.167 118.65 119.115 119.566 120.007 120.443 121.112 -9999 -9999 -9999 -9999 -9999 -9999 -9999 -9999 -9999 -9999 -9999 -9999 -9999 -9999 -9999 -9999 -9999
-9999 -9999 -9999 131.768 131.015 130.196 129.11 -9999 -9999 -9999 -9999 -9999 -9999 -9999 -9999 -9999 116.688 115.733 114.827 114.114 113.513 113.118 112.766 112.43 112.105 111.784 111.462 111.121 110.902 110.976 111.238 111.561 111.875 112.161 112.427 112.687 112.958 113.249 113.555 113.864 114.171 114.474 114.773 115.066 115.357 115.646 115.934 116.287 116.925 117.607 118.145 118.625 119.087 119.535 119.973 120.404 121.042 -9999 -9999 -9999 -9999 -9999 -9999 -9999 -9999 -9999 -9999 -9999 -9999 -9999 -9999 -9999 -9999 -9999
-9999 -9999 -9999 133.48 132.694 131.695 -9999 -9999 -9999 -9999 -9999 -9999 -9999 -9999 -9999 -9999 117.183 116.187 115.283 114.451 113.747 113.141 112.718 112.354 112.001 111.645 111.263 110.857 110.586 110.624 110.93 111.277 111.586 111.863 112.114 112.356 112.617 112.917 113.235 113.552 113.862 114.166 114.462 114.753 115.04 115.323 115.66 116.269 116.994 117.629 118.129 118.607 119.067 119.513 119.948 120.376 120.99 -9999 -9999 -9999 -9999 -9999 -9999 -9999 -9999 -9999 -9999 -9999 -9999 -9999 -9999 -9999 -9999 -9999
-9999 -9999 -9999 -9999 -9999 -9999 -9999 -9999 -9999 -9999 -9999 -9999 -9999 -9999 -9999 -9999 117.653 116.658 115.742 114.878 114.057 113.347 112.722 112.243 111.839 111.411 110.986 110.565 110.254 110.289 110.654 111.004 111.314 111.587 111.83 112.052 112.298 112.624 112.954 113.273 113.583 113.884 114.178 114.465 114.747 115.065 115.617 116.349 117.05 117.62 118.117 118.594 119.052 119.497 119.931 120.357 120.956 -9999 -9999 -9999 -9999 -9999 -9999 -9999 -9999 -9999 -9999 -9999 -9999 -9999 -9999 -9999 -9999 -9999
-9999 -9999 -9999 -9999 -9999 -9999 -9999 -9999 -9999 -9999 -9999 -9999 -9999 -9999 -9999 119.597 118.18 117.161 116.207 115.308 114.455 113.635 112.878 112.173 111.565 111.117 110.677 110.241 109.907 109.971 110.379 110.739 111.056 111.337 111.587 111.815 112.089 112.397 112.715 113.027 113.332 113.628 113.917 114.199 114.492 114.96 115.705 116.432 117.09 117.614 118.11 118.586 119.044 119.487 119.92 120.345 120.933 -9999 -9999 -9999 -9999 -9999 -9999 -9999 -9999 -9999 -9999 -9999 -9999 -9999 -9999 -9999 -9999 -9999
-9999 -9999 -9999 -9999 -9999 -9999 -9999 -9999 -9999 -9999 -9999 -9999 -9999 -9999 -9999 120.282 118.744 117.679 116.683 115.733 114.798 113.897 113.027 112.211 111.498 110.845 110.329 109.881 109.55 109.678 110.103 110.478 110.809 111.106 111.375 111.635 111.91 112.205 112.507 112.808 113.104 113.392 113.675 113.951 114.329 115.053 115.794 116.502 117.093 117.612 118.107 118.581 119.039 119.482 119.915 120.338 120.923 -9999 -9999 -9999 -9999 -9999 -9999 -9999 -9999 -9999 -9999 -9999 -9999 -9999 -9999 -9999 -9999 -9999
-9999 -9999 -9999 -9999 -9999 -9999 -9999 -9999 -9999 -9999 -9999 -9999 -9999 -9999 122.706 120.895 119.373 118.129 117.037 115.996 115.013 114.084 113.2 112.356 111.544 110.811 110.128 109.504 109.18 109.374 109.82 110.214 110.565 110.881 111.173 111.453 111.735 112.022 112.314 112.605 112.891 113.172 113.448 113.767 114.386 115.145 115.881 116.547 117.092 117.61 118.105 118.58 119.038 119.481 119.942 120.448 121.01 121.683 -9999 -9999 -9999 -9999 -9999 -9999 -9999 -9999 -9999 -9999 -9999 -9999 -9999 -9999 -9999 -9999
