Validation/Results/raw data/ReClimate_03_2024_1_Temperature-Actualsweatherlogisticsltd.asc
NCOLS 192
NROWS 249
XLLCENTER -225160.85627316462
YLLCENTER 29788.11610251502
CELLSIZE 5000.0
NODATA_VALUE -9999
[rows 204 to 237 of 249, columns 77 to 153 of 192]
-9999 -9999 8.665 -9999 8.564 8.483 8.409 8.157 8.168 8.004 8.053 8.093 8.009 8.014 7.752 8.309 8.202 8.33 8.511 8.69 8.57 8.62 8.117 7.613 6.341 5.704 7.263 7.07 7.172 6.57 7.029 8.073 7.479 6.145 7.768 8.124 8.162 8.288 8.83 9.154 8.947 8.632 8.724 9.084 9.241 9.332 9.262 9.078 8.349 7.949 7.908 8.26 8.49 8.66 8.557 8.232 8.345 8.56 8.745 8.826 8.848 8.782 8.647 8.702 8.828 8.844 8.964 9.018 8.922 8.956 8.935 9.005 9.219 9.23 9.157 9.043 9.076
-9999 -9999 -9999 -9999 -9999 -9999 8.251 8.532 8.441 8.338 8.385 8.399 8.375 8.26 8.618 8.536 8.591 8.653 8.554 8.625 8.301 8.273 7.63 6.837 5.921 6.182 6.089 6.456 5.745 5.905 7.567 7.58 7.436 8.439 7.737 8.063 8.788 9.148 9.324 8.816 8.45 8.072 8.567 9.136 9.304 9.398 9.369 8.676 7.898 7.82 7.918 8.358 8.419 8.589 8.486 8.589 8.631 8.845 9.02 9.077 9.011 8.885 8.832 8.875 9.019 9.096 9.006 8.882 8.729 8.774 9.012 9.049 9.199 9.159 9.28 9.394 9.329
-9999 -9999 -9999 -9999 -9999 -9999 8.495 8.474 8.469 8.529 8.182 8.017 7.922 8.333 8.594 8.648 8.804 8.431 8.252 8.467 8.601 8.661 8.084 7.856 7.638 7.318 6.982 6.764 6.198 6.623 6.336 7.049 7.749 7.387 7.086 8.663 9.017 9.215 8.683 8.548 7.945 8.215 8.613 9.181 9.285 9.11 8.248 7.783 7.893 8.12 8.076 8.271 8.425 8.516 8.704 8.631 8.916 9.107 9.29 9.311 9.108 8.916 8.825 8.928 9.126 9.163 9.017 8.635 8.709 8.792 8.886 9.131 9.239 9.363 9.474 9.691 9.52
-9999 -9999 -9999 -9999 8.812 8.731 8.609 8.62 -9999 8.573 8.432 8.258 8.523 8.668 8.816 -9999 8.785 8.5 8.638 8.261 8.868 8.061 8.153 7.982 7.727 7.65 7.958 7.508 7.203 7.111 7.076 7.309 7.677 6.652 7.664 8.688 8.668 9.002 8.831 8.252 8.291 8.499 8.879 9.089 9.043 8.414 8.299 7.948 8.084 8.067 8.315 8.439 8.518 8.698 8.882 8.952 9.08 9.09 9.378 9.366 9.252 9.107 9.071 9.063 9.106 9.021 8.739 8.634 8.616 8.896 8.982 9.126 9.262 9.295 9.366 9.715 9.655
-9999 -9999 -9999 -9999 8.826 -9999 -9999 -9999 8.838 8.697 8.526 -9999 -9999 -9999 -9999 -9999 8.82 8.73 8.444 9.23 8.927 8.741 8.616 8.341 8.445 8.411 6.69 6.739 7.85 7.949 7.862 7.691 7.161 7.238 8.421 8.457 8.869 8.943 8.277 8.495 8.543 8.965 8.969 8.991 8.647 8.427 8.44 8.153 8.34 8.477 8.502 8.634 8.803 8.909 9.032 9.067 9.135 9.12 9.21 9.384 9.132 9.134 9.097 9.105 8.969 8.909 8.759 8.582 8.711 9.052 9.22 9.318 9.291 9.247 9.384 9.701 9.813
-9999 -9999 -9999 -9999 -9999 -9999 8.76 8.733 8.644 8.779 8.528 -9999 -9999 -9999 -9999 -9999 -9999 -9999 -9999 9.608 9.429 9.346 9.437 9.006 8.563 6.872 6.33 6.543 7.082 7.665 7.814 7.841 7.928 7.886 8.201 8.85 8.977 8.135 8.42 8.511 9.287 9.142 8.932 8.76 8.264 8.393 8.305 8.367 8.548 8.705 8.751 8.817 8.864 8.954 8.904 8.971 9.093 9.232 9.238 9.283 9.114 9.02 8.829 8.77 9.035 8.872 8.771 8.786 8.908 9.15 9.452 9.443 9.432 9.499 9.773 10.013 9.918
-9999 -9999 -9999 -9999 -9999 -9999 -9999 8.671 -9999 -9999 -9999 -9999 -9999 -9999 -9999 -9999 -9999 8.865 9.214 9.267 9.176 9.566 9.643 9.339 8.459 7.564 6.698 6.686 7.403 8.392 8.205 7.816 8.043 8.328 9.063 9.341 9.013 8.695 8.811 9.22 -9999 9.157 8.929 8.609 8.031 8.123 8.375 8.523 8.714 8.767 8.853 8.822 8.848 8.845 8.944 8.962 9.093 9.189 9.238 9.091 8.943 8.763 8.511 8.567 8.759 9.191 9.051 9.004 9.21 9.316 9.493 9.588 9.557 9.745 10.109 10.34 10.306
-9999 -9999 -9999 -9999 -9999 -9999 -9999 -9999 -9999 -9999 -9999 -9999 -9999 -9999 -9999 -9999 -9999 8.869 9.068 9.311 9.225 -9999 -9999 -9999 9.072 7.967 8.149 7.97 8.497 8.49 7.966 8.218 8.953 9.235 9.351 9.537 9.32 9.356 9.375 -9999 9.306 8.957 8.932 8.369 8.032 8.404 8.539 8.696 8.711 8.686 8.806 8.863 8.833 8.842 8.71 8.691 8.807 8.854 9.0 9.065 8.816 8.414 8.505 8.64 8.963 9.287 9.406 9.256 9.44 9.677 9.782 9.895 9.943 9.766 10.154 10.484 10.458
-9999 -9999 -9999 -9999 -9999 -9999 -9999 -9999 -9999 -9999 -9999 -9999 -9999 -9999 -9999 -9999 -9999 -9999 -9999 -9999 -9999 -9999 -9999 -9999 9.656 9.105 8.544 8.707 8.967 8.936 8.815 9.158 9.423 9.485 9.495 9.484 9.491 -9999 -9999 9.501 9.288 9.108 8.936 8.405 8.247 8.477 8.581 8.76 8.902 8.71 8.762 8.82 8.556 8.4 8.368 8.238 8.115 8.388 8.538 8.726 8.793 8.629 8.607 8.974 9.045 9.288 9.576 9.545 9.606 9.74 9.955 10.098 10.198 10.398 10.39 10.61 10.576
-9999 -9999 -9999 -9999 -9999 -9999 -9999 -9999 -9999 -9999 -9999 -9999 -9999 -9999 -9999 -9999 -9999 -9999 -9999 -9999 -9999 -9999 -9999 -9999 9.41 9.19 9.054 9.061 8.96 9.009 9.297 9.522 9.639 9.624 -9999 -9999 -9999 -9999 -9999 9.492 9.283 9.217 8.984 8.491 8.295 8.424 8.461 8.767 8.957 8.731 8.432 8.48 8.192 8.098 8.145 8.206 8.146 8.137 8.437 8.501 8.89 9.118 9.026 9.315 9.367 9.433 9.612 9.71 9.88 10.05 10.055 10.07 10.257 10.513 10.725 10.723 10.485
-9999 -9999 -9999 -9999 -9999 -9999 -9999 -9999 -9999 -9999 -9999 -9999 -9999 -9999 -9999 -9999 -9999 -9999 -9999 -9999 -9999 -9999 -9999 -9999 -9999 -9999 9.129 8.749 8.799 9.042 9.125 9.412 9.588 -9999 -9999 -9999 -9999 9.169 9.027 9.035 9.42 9.344 9.036 8.361 8.276 8.253 8.347 8.645 8.793 8.454 8.099 8.011 8.129 8.065 8.241 8.259 8.486 8.508 8.546 8.787 8.927 9.311 9.575 9.509 9.474 9.448 9.477 9.49 9.769 10.08 10.165 10.146 10.152 10.335 10.462 10.544 10.363
-9999 -9999 -9999 -9999 -9999 -9999 -9999 -9999 -9999 -9999 -9999 -9999 -9999 -9999 -9999 -9999 -9999 -9999 -9999 -9999 -9999 -9999 -9999 -9999 -9999 -9999 -9999 9.069 9.005 9.015 9.091 9.379 -9999 -9999 -9999 -9999 9.191 9.12 8.92 8.917 9.036 9.178 9.057 8.751 8.759 8.343 8.391 8.545 8.353 8.247 8.168 7.947 8.115 8.268 8.449 8.581 8.692 8.835 8.809 8.809 9.008 9.28 9.4 9.355 9.205 9.306 9.388 9.394 9.531 9.88 10.049 10.114 10.219 10.235 10.192 10.1 10.032
-9999 -9999 -9999 -9999 -9999 -9999 -9999 -9999 -9999 -9999 -9999 -9999 -9999 -9999 -9999 -9999 -9999 -9999 -9999 -9999 -9999 -9999 -9999 -9999 -9999 -9999 -9999 -9999 -9999 -9999 -9999 -9999 -9999 -9999 -9999 9.137 9.235 9.271 8.998 8.779 9.086 9.062 8.817 8.948 8.756 8.684 8.908 8.7 8.44 8.312 8.321 8.319 8.18 8.28 8.41 8.288 8.509 8.639 8.746 8.777 8.824 9.089 9.222 9.153 9.031 9.039 9.245 9.402 9.525 9.687 9.838 9.832 9.935 9.913 9.832 9.599 9.392
-9999 -9999 -9999 -9999 -9999 -9999 -9999 -9999 -9999 -9999 -9999 -9999 -9999 -9999 -9999 -9999 -9999 -9999 -9999 -9999 -9999 -9999 -9999 -9999 -9999 -9999 -9999 -9999 -9999 -9999 -9999 -9999 -9999 -9999 9.446 9.294 9.08 8.944 7.966 8.529 9.0 8.814 8.752 8.737 8.737 9.09 9.069 8.9 8.64 8.496 8.664 8.451 8.232 7.986 8.143 8.276 7.969 8.282 8.509 8.718 8.878 9.029 9.16 9.152 9.121 9.186 9.14 9.235 9.469 9.607 9.615 9.549 9.295 9.412 9.38 9.186 8.809
-9999 -9999 -9999 -9999 -9999 -9999 -9999 -9999 -9999 -9999 -9999 -9999 -9999 -9999 -9999 -9999 -9999 -9999 -9999 -9999 -9999 -9999 -9999 -9999 -9999 -9999 -9999 -9999 -9999 -9999 -9999 -9999 -9999 -9999 9.408 9.282 9.416 8.888 8.367 8.09 8.318 8.538 8.652 8.522 8.915 8.997 8.902 8.452 8.182 8.198 8.485 8.588 8.399 8.331 8.149 8.251 8.351 8.311 8.499 8.634 8.834 9.048 9.16 9.2 9.129 9.153 9.173 9.124 9.256 9.338 9.082 9.052 8.989 8.983 9.208 9.141 8.825
-9999 -9999 -9999 -9999 -9999 -9999 -9999 -9999 -9999 -9999 -9999 -9999 -9999 -9999 -9999 -9999 -9999 -9999 -9999 -9999 -9999 7.332 7.07 6.495 6.744 -9999 7.713 -9999 -9999 -9999 -9999 -9999 -9999 -9999 -9999 9.414 9.448 9.219 8.833 8.547 8.234 8.23 8.333 8.657 8.742 8.728 8.319 8.061 8.282 8.321 8.493 8.505 8.477 8.619 8.724 8.742 8.639 8.697 8.613 8.519 8.428 8.667 8.966 9.019 8.982 9.032 8.997 8.995 9.156 9.134 8.878 8.84 9.119 9.112 9.207 9.283 9.224
-9999 -9999 -9999 -9999 -9999 -9999 -9999 -9999 -9999 -9999 -9999 -9999 -9999 -9999 -9999 -9999 -9999 -9999 8.238 8.014 7.713 7.178 6.412 6.042 6.294 6.646 7.485 8.502 9.106 -9999 -9999 8.622 9.068 9.262 9.416 9.409 9.405 9.45 9.274 8.984 8.612 8.267 8.377 8.583 8.541 8.065 8.229 8.397 8.267 8.506 8.698 8.785 8.691 8.72 8.83 8.893 9.02 8.928 8.769 8.589 8.556 8.427 8.528 8.851 8.976 9.071 9.214 9.012 9.125 8.683 8.612 8.78 9.066 9.263 9.298 9.442 9.325
-9999 -9999 -9999 -9999 -9999 -9999 -9999 -9999 -9999 -9999 -9999 -9999 -9999 -9999 -9999 -9999 -9999 8.192 8.205 8.385 8.216 7.493 6.455 6.015 6.228 6.724 7.319 7.9 8.528 8.663 8.534 8.518 8.549 9.169 9.308 9.378 9.266 9.137 9.286 9.037 8.461 8.361 8.443 8.382 7.845 8.221 8.056 8.11 8.28 8.562 8.838 8.862 8.697 8.773 8.787 8.943 8.965 8.993 8.859 8.706 8.472 8.301 8.544 8.824 9.015 8.739 8.908 9.174 9.107 9.164 8.785 8.956 9.084 9.211 9.264 9.286 9.437
-9999 -9999 -9999 -9999 -9999 -9999 -9999 -9999 -9999 -9999 -9999 -9999 -9999 -9999 -9999 -9999 -9999 8.156 8.712 9.096 8.734 7.752 7.21 6.804 6.553 7.049 7.571 8.183 7.955 7.734 8.173 8.437 8.617 8.556 9.089 9.318 9.188 9.229 8.991 8.75 8.731 8.61 8.52 8.233 8.258 8.227 7.997 8.152 8.225 8.498 8.744 8.79 8.636 8.587 8.927 9.019 9.005 9.077 9.094 8.987 8.776 8.417 8.347 8.832 9.023 8.915 8.716 9.013 9.248 9.308 9.341 9.288 9.032 9.032 9.124 9.11 8.962
-9999 -9999 -9999 -9999 -9999 -9999 -9999 -9999 -9999 -9999 -9999 -9999 -9999 -9999 -9999 -9999 -9999 8.539 9.189 9.001 8.826 8.288 8.26 7.83 7.839 7.834 8.007 8.182 7.705 7.858 8.54 8.711 8.681 8.872 9.164 9.298 9.256 9.01 8.774 8.874 8.8 8.596 8.471 8.566 8.526 8.523 8.406 8.288 8.089 8.243 8.65 8.956 8.925 8.929 9.029 8.991 9.052 9.222 9.024 8.916 8.947 8.573 8.213 8.698 9.11 9.077 9.026 9.125 9.274 9.389 9.351 9.239 9.108 9.114 9.311 9.366 9.253
-9999 -9999 -9999 -9999 -9999 -9999 -9999 -9999 -9999 -9999 -9999 -9999 -9999 8.495 8.158 -9999 8.344 8.955 8.731 8.595 8.682 8.835 8.674 8.542 8.129 7.875 8.008 8.257 8.255 8.464 8.739 8.926 8.869 8.827 8.908 9.087 9.22 9.044 8.948 8.876 8.738 8.399 8.668 8.685 8.61 8.437 8.243 8.192 7.985 8.125 8.516 8.934 9.024 9.061 9.111 9.273 9.205 9.3 9.209 8.796 8.957 8.872 8.803 8.859 9.245 9.286 9.162 9.137 9.241 9.366 9.467 9.457 9.375 9.264 9.326 9.435 9.544
-9999 -9999 -9999 -9999 -9999 -9999 -9999 -9999 -9999 -9999 -9999 -9999 -9999 8.326 8.054 8.214 8.42 8.586 8.484 8.667 8.351 8.318 8.493 8.092 8.041 7.974 8.037 8.346 8.296 8.409 8.661 8.294 8.02 8.27 8.71 9.112 9.201 8.981 8.794 8.672 8.573 8.486 8.724 8.576 8.672 8.53 8.229 8.11 8.248 8.348 8.647 8.815 8.935 9.035 9.361 9.442 9.496 9.559 9.425 9.091 8.996 8.898 8.66 8.754 8.587 8.924 9.196 9.241 9.373 9.429 9.456 9.526 9.524 9.408 9.276 9.384 9.488
-9999 -9999 -9999 -9999 -9999 -9999 -9999 -9999 -9999 -9999 -9999 -9999 8.511 8.103 8.152 8.166 8.23 8.39 8.494 8.435 8.296 8.463 8.524 8.254 8.212 8.063 8.267 8.504 8.779 8.865 8.456 7.806 7.917 8.076 8.359 8.951 8.965 8.854 8.835 8.712 8.646 8.593 8.626 8.676 8.764 8.617 8.282 8.505 8.56 8.69 8.755 8.84 8.866 8.9 9.34 9.783 9.921 9.718 9.677 9.402 9.302 9.21 8.994 8.889 8.709 8.58 8.797 8.588 9.097 8.924 8.936 9.354 9.491 8.968 8.723 8.824 9.358
-9999 -9999 -9999 -9999 -9999 -9999 -9999 -9999 -9999 -9999 -9999 -9999 -9999 8.364 8.169 8.116 8.297 8.445 8.57 8.593 8.576 8.587 8.568 8.463 8.349 8.545 8.673 8.886 8.81 8.887 8.231 7.895 7.976 7.842 8.289 8.67 8.588 8.652 8.749 8.694 8.533 8.564 8.538 8.492 8.396 8.202 8.589 8.551 8.728 8.84 8.879 8.862 8.853 9.012 9.243 9.656 9.898 -9999 9.62 9.573 9.339 9.396 9.403 9.365 9.3 9.165 9.19 9.036 8.978 9.133 8.834 8.963 9.194 9.183 8.819 8.707 9.12
-9999 -9999 -9999 -9999 -9999 -9999 -9999 -9999 -9999 -9999 -9999 -9999 8.442 8.53 8.173 8.054 8.146 8.252 8.492 8.631 8.566 8.468 8.308 8.43 8.691 8.838 8.844 8.849 8.901 8.677 8.479 8.497 8.354 8.113 8.655 8.787 8.21 8.435 8.444 7.933 8.114 8.003 7.915 7.972 7.824 7.896 8.24 8.709 8.909 9.015 8.954 8.923 8.89 8.995 9.19 9.353 9.624 9.778 -9999 9.699 -9999 9.672 -9999 9.539 -9999 9.482 9.472 9.405 9.284 9.297 9.262 9.368 -9999 -9999 -9999 9.374 9.1
-9999 -9999 -9999 -9999 -9999 -9999 -9999 -9999 -9999 -9999 -9999 -9999 8.584 8.31 8.012 8.038 8.044 8.102 8.049 8.303 8.128 8.027 8.137 8.485 8.781 8.894 9.011 9.029 8.893 8.791 8.612 8.53 8.27 8.586 9.006 8.333 8.375 8.817 8.419 8.244 8.134 7.898 8.043 8.158 7.884 7.914 8.265 8.685 9.142 9.129 9.008 8.985 8.93 8.944 9.169 9.296 9.501 9.675 -9999 -9999 9.856 9.85 -9999 -9999 9.494 9.491 9.494 -9999 -9999 -9999 -9999 -9999 -9999 -9999 -9999 -9999 -9999
-9999 -9999 -9999 -9999 -9999 -9999 -9999 -9999 -9999 -9999 -9999 8.268 8.285 8.184 8.1 8.312 8.416 8.155 8.143 7.957 7.425 7.348 7.822 8.177 8.374 8.568 8.988 9.065 8.659 8.734 8.531 8.117 8.12 8.53 8.511 8.585 9.209 9.006 8.606 8.268 8.031 8.421 8.699 8.492 8.451 8.393 8.607 9.151 9.428 9.144 9.162 9.132 9.152 9.042 9.153 -9999 -9999 -9999 9.617 -9999 -9999 -9999 -9999 -9999 -9999 9.383 -9999 -9999 -9999 -9999 -9999 -9999 -9999 -9999 -9999 -9999 -9999
-9999 -9999 -9999 -9999 -9999 -9999 -9999 -9999 -9999 -9999 8.517 7.85 7.809 8.101 8.592 8.745 8.659 8.471 8.19 7.327 6.369 6.663 7.752 7.908 7.786 8.464 8.547 8.899 8.917 8.598 8.733 8.806 8.916 -9999 -9999 -9999 -9999 -9999 9.056 8.594 8.374 8.605 8.825 8.911 8.872 8.921 9.051 9.306 -9999 9.078 -9999 -9999 -9999 -9999 -9999 9.129 9.184 9.226 9.204 9.24 9.518 -9999 -9999 -9999 -9999 -9999 -9999 -9999 -9999 -9999 -9999 -9999 -9999 -9999 -9999 -9999 -9999
-9999 -9999 -9999 -9999 -9999 -9999 -9999 -9999 -9999 9.21 8.245 7.489 7.615 8.152 8.435 8.672 8.802 8.294 7.757 6.69 6.094 6.511 7.136 7.496 8.168 7.749 8.376 8.869 8.886 8.997 -9999 -9999 -9999 -9999 -9999 -9999 -9999 -9999 -9999 -9999 9.066 9.119 9.263 8.922 8.656 8.573 8.844 8.609 8.909 -9999 -9999 -9999 -9999 -9999 -9999 -9999 9.146 8.957 9.157 9.134 -9999 -9999 -9999 -9999 -9999 -9999 -9999 -9999 -9999 -9999 -9999 -9999 -9999 -9999 -9999 -9999 -9999
-9999 -9999 -9999 -9999 -9999 -9999 -9999 9.252 9.377 8.892 8.057 7.478 7.351 7.566 8.183 8.762 8.424 7.957 7.65 6.974 6.428 6.92 7.339 7.89 7.942 8.66 8.191 8.537 -9999 -9999 -9999 -9999 -9999 -9999 -9999 -9999 -9999 -9999 -9999 -9999 -9999 9.447 -9999 -9999 -9999 -9999 -9999 8.854 8.586 -9999 -9999 -9999 -9999 -9999 -9999 -9999 -9999 -9999 8.877 8.871 -9999 -9999 -9999 -9999 -9999 -9999 -9999 -9999 -9999 -9999 -9999 -9999 -9999 -9999 -9999 -9999 -9999
-9999 -9999 -9999 -9999 -9999 -9999 9.193 -9999 9.008 8.788 8.069 7.489 7.347 7.53 8.134 8.34 8.085 8.528 8.447 7.52 7.122 7.339 7.993 8.266 8.657 8.859 9.022 9.337 -9999 -9999 -9999 -9999 -9999 -9999 -9999 -9999 -9999 -9999 -9999 -9999 -9999 -9999 9.308 -9999 -9999 -9999 -9999 -9999 -9999 -9999 -9999 -9999 -9999 -9999 -9999 -9999 -9999 -9999 -9999 -9999 -9999 -9999 -9999 -9999 -9999 -9999 -9999 -9999 -9999 -9999 -9999 -9999 -9999 -9999 -9999 -9999 -9999
-9999 -9999 -9999 -9999 -9999 9.256 9.19 8.59 8.869 8.824 8.252 8.044 7.909 7.998 8.323 8.253 8.478 -9999 8.72 7.92 7.346 6.93 7.499 8.529 8.847 9.226 9.364 -9999 -9999 -9999 -9999 -9999 -9999 -9999 -9999 -9999 -9999 -9999 -9999 -9999 -9999 -9999 -9999 -9999 -9999 -9999 -9999 -9999 -9999 -9999 -9999 -9999 -9999 -9999 -9999 -9999 -9999 -9999 -9999 -9999 -9999 -9999 -9999 -9999 -9999 -9999 -9999 -9999 -9999 -9999 -9999 -9999 -9999 -9999 -9999 -9999 -9999
-9999 -9999 -9999 -9999 -9999 9.253 8.847 8.596 8.515 8.532 8.408 8.369 8.213 8.484 8.672 8.713 9.271 9.201 8.982 8.389 7.366 7.103 7.948 8.385 9.0 9.18 9.039 -9999 -9999 -9999 -9999 -9999 -9999 -9999 -9999 -9999 -9999 -9999 -9999 -9999 -9999 -9999 -9999 -9999 -9999 -9999 -9999 -9999 -9999 -9999 -9999 -9999 -9999 -9999 -9999 -9999 -9999 -9999 -9999 -9999 -9999 -9999 -9999 -9999 -9999 -9999 -9999 -9999 -9999 -9999 -9999 -9999 -9999 -9999 -9999 -9999 -9999
-9999 -9999 -9999 -9999 9.247 9.214 8.674 8.183 8.143 8.373 8.486 8.573 8.589 8.717 8.471 8.926 9.262 9.29 9.017 8.732 8.223 8.098 8.368 8.782 8.949 8.864 -9999 -9999 -9999 -9999 -9999 -9999 -9999 -9999 -9999 -9999 -9999 -9999 -9999 -9999 -9999 -9999 -9999 -9999 -9999 -9999 -9999 -9999 -9999 -9999 -9999 -9999 -9999 -9999 -9999 -9999 -9999 -9999 -9999 -9999 -9999 -9999 -9999 -9999 -9999 -9999 -9999 -9999 -9999 -9999 -9999 -9999 -9999 -9999 -9999 -9999 -9999
