Validation/Results/raw data/ReClimate_01_2024_2weatherlogisticsltd.asc
NCOLS 192
NROWS 249
XLLCENTER -225160.85627316462
YLLCENTER 29788.11610251502
CELLSIZE 5000.0
NODATA_VALUE -9999
[rows 165 to 197 of 249, columns 75 to 149 of 192]
-9999 -9999 -9999 -9999 -9999 -9999 -9999 -9999 -9999 -9999 -9999 -9999 -9999 -9999 -9999 -9999 -9999 -9999 -9999 -9999 -9999 -9999 -9999 -9999 -9999 -9999 -9999 -9999 -9999 -9999 -9999 -9999 -9999 -9999 -9999 -9999 -9999 107.955 107.579 107.688 106.068 104.486 106.546 108.219 108.738 110.026 110.059 110.086 110.118 110.154 110.193 110.232 110.27 110.304 110.333 110.357 110.378 110.397 110.415 110.433 110.443 110.449 110.45 110.453 110.453 110.434 110.409 110.386 110.365 110.346 110.328 110.312 110.298 110.286 -9999
-9999 -9999 -9999 -9999 -9999 -9999 -9999 -9999 -9999 -9999 -9999 -9999 -9999 -9999 -9999 -9999 -9999 -9999 -9999 -9999 -9999 -9999 -9999 -9999 -9999 -9999 -9999 -9999 -9999 -9999 -9999 -9999 -9999 -9999 -9999 -9999 -9999 107.791 107.81 107.846 107.301 107.823 108.317 107.241 107.842 108.213 110.137 110.163 110.196 110.234 110.275 110.317 110.358 110.397 110.434 110.466 110.496 110.524 110.549 110.564 110.575 110.582 110.589 110.6 110.615 110.622 110.61 110.594 110.581 110.57 110.562 110.555 110.549 110.547 110.548
-9999 -9999 -9999 -9999 -9999 -9999 -9999 -9999 -9999 -9999 -9999 -9999 -9999 -9999 -9999 -9999 -9999 -9999 -9999 -9999 -9999 -9999 -9999 -9999 -9999 -9999 -9999 -9999 -9999 -9999 -9999 -9999 -9999 -9999 -9999 -9999 107.609 108.562 108.487 108.136 108.63 109.35 108.894 109.095 109.153 110.582 110.556 110.236 110.27 110.31 110.355 110.401 110.447 110.493 110.536 110.577 110.616 110.647 110.669 110.686 110.697 110.71 110.725 110.743 110.766 110.794 110.807 110.803 110.798 110.794 110.793 110.803 110.824 110.848 110.878
-9999 -9999 -9999 -9999 -9999 -9999 -9999 -9999 -9999 -9999 -9999 -9999 -9999 -9999 -9999 -9999 -9999 -9999 -9999 -9999 -9999 -9999 -9999 -9999 -9999 -9999 -9999 -9999 -9999 -9999 -9999 -9999 -9999 -9999 -9999 -9999 108.587 108.853 108.596 108.299 108.846 109.432 109.527 109.402 109.483 108.875 108.94 109.667 110.341 110.385 110.433 110.485 110.537 110.59 110.641 110.69 110.728 110.758 110.781 110.799 110.817 110.836 110.858 110.884 110.915 110.952 110.996 111.01 111.023 111.047 111.074 111.104 111.143 111.189 111.241
-9999 -9999 -9999 -9999 -9999 -9999 -9999 -9999 -9999 -9999 -9999 -9999 -9999 -9999 -9999 -9999 -9999 -9999 -9999 -9999 -9999 -9999 -9999 -9999 -9999 -9999 -9999 -9999 -9999 -9999 -9999 -9999 -9999 -9999 -9999 -9999 -9999 108.36 108.236 108.229 108.806 109.598 109.609 109.764 109.467 109.486 109.85 110.3 110.391 110.459 110.513 110.571 110.629 110.688 110.741 110.789 110.831 110.863 110.889 110.911 110.934 110.959 110.987 111.021 111.06 111.107 111.175 111.247 111.286 111.328 111.374 111.423 111.477 111.537 111.606
-9999 -9999 -9999 -9999 -9999 -9999 -9999 -9999 -9999 -9999 -9999 -9999 -9999 -9999 -9999 -9999 -9999 105.863 104.813 -9999 -9999 -9999 -9999 -9999 -9999 -9999 -9999 -9999 -9999 -9999 -9999 -9999 -9999 -9999 -9999 -9999 108.213 107.104 107.31 107.984 108.56 109.039 109.248 109.493 109.59 109.79 109.882 109.903 109.923 109.941 110.596 110.659 110.717 110.772 110.828 110.88 110.928 110.967 110.996 111.022 111.048 111.077 111.112 111.151 111.214 111.292 111.379 111.484 111.563 111.619 111.676 111.737 111.804 111.879 111.964
-9999 -9999 -9999 -9999 -9999 -9999 -9999 -9999 -9999 -9999 -9999 -9999 -9999 -9999 -9999 -9999 -9999 105.932 105.165 104.732 -9999 -9999 -9999 -9999 -9999 -9999 -9999 -9999 -9999 -9999 -9999 -9999 -9999 -9999 -9999 108.42 107.28 108.113 108.478 108.592 108.935 109.173 109.39 109.546 109.621 109.44 109.607 110.041 109.914 110.018 110.264 110.751 110.787 110.843 110.901 110.959 111.019 111.064 111.095 111.122 111.153 111.188 111.239 111.308 111.389 111.487 111.594 111.712 111.828 111.906 111.974 112.047 112.127 112.216 112.319
-9999 -9999 -9999 -9999 -9999 -9999 -9999 -9999 -9999 -9999 -9999 -9999 -9999 -9999 -9999 -9999 105.885 105.973 105.704 105.589 105.311 -9999 -9999 -9999 -9999 -9999 -9999 -9999 -9999 -9999 -9999 -9999 107.59 -9999 -9999 108.119 108.558 108.664 108.705 108.578 -9999 109.286 109.453 109.615 109.505 109.367 109.707 109.914 109.661 109.088 109.269 110.476 110.923 110.908 110.968 111.03 111.09 111.143 111.181 111.215 111.252 111.312 111.387 111.475 111.575 111.684 111.803 111.934 112.077 112.188 112.27 112.355 112.447 112.552 112.672
-9999 -9999 -9999 -9999 -9999 -9999 -9999 -9999 -9999 -9999 -9999 -9999 -9999 -9999 -9999 -9999 105.773 105.465 105.392 105.42 104.946 104.056 103.583 -9999 -9999 -9999 107.711 102.657 -9999 104.918 107.49 106.182 106.496 107.778 -9999 -9999 108.51 108.658 -9999 -9999 109.074 109.239 109.412 109.597 109.537 109.495 109.536 109.287 109.036 108.999 108.669 109.5 111.004 109.753 110.335 111.096 111.156 111.211 111.258 111.306 111.373 111.451 111.546 111.648 111.758 111.878 112.009 112.152 112.31 112.461 112.566 112.663 112.768 112.888 113.027
-9999 -9999 -9999 -9999 -9999 -9999 -9999 -9999 -9999 -9999 -9999 -9999 -9999 -9999 -9999 -9999 -9999 104.146 104.474 105.362 104.66 103.988 -9999 -9999 107.628 109.019 106.539 105.343 105.469 107.263 106.887 107.114 107.854 107.967 108.146 -9999 108.463 108.607 108.743 108.873 109.015 109.178 109.332 109.431 109.355 109.118 109.02 109.02 109.148 109.076 108.953 109.533 109.777 108.439 108.205 109.582 110.628 111.282 111.343 111.419 111.505 111.603 111.707 111.819 111.939 112.069 112.212 112.369 112.541 112.725 112.864 112.972 113.09 113.227 113.387
-9999 -9999 -9999 -9999 -9999 -9999 -9999 -9999 -9999 -9999 -9999 -9999 -9999 -9999 -9999 -9999 -9999 103.272 104.035 105.142 103.255 99.027 97.312 91.972 95.285 101.235 100.721 101.045 101.989 104.319 105.028 106.548 106.713 106.936 107.413 108.256 108.405 108.545 108.676 108.802 108.943 109.104 109.231 109.385 109.346 109.498 109.612 109.732 109.619 108.626 109.322 109.783 109.518 108.052 108.237 110.001 110.311 111.319 111.435 111.543 111.648 111.756 111.869 111.989 112.119 112.26 112.414 112.584 112.771 112.978 113.157 113.283 113.417 113.573 113.758
-9999 -9999 -9999 -9999 -9999 -9999 -9999 -9999 -9999 -9999 -9999 -9999 -9999 -9999 -9999 -9999 -9999 -9999 103.544 105.179 103.019 103.182 100.071 99.268 102.771 103.866 104.086 104.237 105.729 106.373 107.364 107.787 107.574 106.651 107.355 108.193 108.344 108.48 108.608 108.732 108.87 109.029 109.18 109.323 109.497 109.666 109.827 109.977 109.523 109.123 108.954 108.837 108.239 107.961 108.55 110.609 110.79 111.304 111.448 111.597 111.737 111.876 112.02 112.16 112.301 112.452 112.617 112.799 113.0 113.222 113.438 113.598 113.751 113.915 114.092
-9999 -9999 -9999 -9999 -9999 -9999 -9999 -9999 -9999 -9999 -9999 -9999 -9999 -9999 -9999 -9999 -9999 -9999 -9999 -9999 102.745 99.563 98.505 96.697 98.723 102.869 103.328 104.235 104.472 104.398 105.205 106.737 106.593 107.424 107.695 107.118 107.534 108.421 108.551 108.665 108.8 108.956 109.105 109.267 109.429 109.589 109.747 109.894 109.573 108.982 109.213 109.033 108.357 108.138 108.589 110.055 110.607 110.854 111.237 111.6 111.752 111.905 112.062 112.224 112.387 112.557 112.738 112.933 113.142 113.367 113.57 113.744 113.907 114.073 114.244
-9999 -9999 -9999 -9999 -9999 -9999 -9999 -9999 -9999 -9999 -9999 -9999 -9999 -9999 -9999 -9999 -9999 -9999 -9999 104.625 102.38 100.979 100.266 101.005 102.431 100.362 101.025 101.398 101.53 102.212 104.084 107.043 107.592 107.717 107.584 107.988 108.47 108.428 108.532 108.6 108.732 108.884 109.041 109.196 109.353 109.512 109.667 109.81 108.965 107.321 107.69 108.689 108.57 107.937 108.342 109.255 110.015 110.774 111.037 111.615 111.768 111.923 112.08 112.243 112.412 112.589 112.776 112.974 113.186 113.415 113.635 113.781 113.967 114.159 114.325
-9999 -9999 -9999 -9999 -9999 -9999 -9999 -9999 -9999 -9999 -9999 -9999 -9999 -9999 -9999 -9999 -9999 -9999 104.372 101.213 101.395 103.618 104.863 107.383 105.03 101.643 100.346 96.0 97.6 101.009 103.946 107.578 107.044 105.246 106.126 108.115 108.169 108.31 108.415 108.538 108.666 108.813 108.968 109.122 109.278 109.436 109.367 108.892 107.961 107.598 108.312 109.508 109.958 109.755 109.546 110.459 110.499 111.148 111.25 111.632 111.79 111.946 112.104 112.267 112.437 112.614 112.802 113.0 113.213 113.443 113.694 113.901 114.048 114.245 114.438
-9999 -9999 -9999 -9999 -9999 -9999 -9999 -9999 -9999 -9999 -9999 -9999 -9999 -9999 -9999 -9999 -9999 102.605 102.422 101.482 102.059 100.304 101.597 101.659 100.396 102.424 100.045 99.859 101.538 101.309 104.072 106.654 105.936 106.461 107.652 107.922 108.071 108.213 108.348 108.473 108.6 108.742 108.895 109.048 109.203 109.36 109.032 108.768 108.537 108.415 108.701 109.214 109.432 109.48 110.103 110.889 111.071 111.253 111.437 111.623 111.806 111.971 112.13 112.294 112.465 112.644 112.832 113.033 113.247 113.48 113.735 113.975 114.158 114.338 114.541
-9999 -9999 -9999 -9999 -9999 -9999 -9999 -9999 -9999 -9999 -9999 -9999 -9999 -9999 -9999 105.139 103.209 105.5 105.067 105.301 104.452 104.537 103.91 101.85 103.025 103.463 102.923 101.798 101.151 99.425 100.937 101.331 102.137 103.944 104.909 107.069 107.443 108.145 108.279 108.407 108.534 108.67 108.822 108.974 109.128 109.283 109.213 109.352 109.347 109.475 109.73 109.786 109.87 110.14 110.235 110.869 111.05 111.231 111.414 111.599 111.788 111.983 112.157 112.323 112.496 112.676 112.867 113.07 113.288 113.524 113.784 114.039 114.243 114.434 114.647
-9999 -9999 -9999 -9999 -9999 -9999 -9999 -9999 -9999 -9999 -9999 -9999 -9999 -9999 105.887 105.345 105.853 105.402 -9999 -9999 -9999 -9999 104.568 102.097 102.467 103.136 102.092 100.953 100.739 102.628 102.984 103.219 104.781 106.735 107.78 107.394 107.865 108.078 108.211 108.339 108.463 108.598 108.748 108.899 109.056 109.22 109.374 109.523 109.672 109.822 109.889 109.754 110.095 110.48 110.669 110.849 111.03 111.211 111.393 111.577 111.766 111.961 112.167 112.352 112.53 112.713 112.907 113.113 113.336 113.577 113.844 114.111 114.333 114.534 114.753
-9999 -9999 -9999 -9999 -9999 -9999 -9999 -9999 -9999 -9999 -9999 -9999 -9999 -9999 105.989 105.307 104.922 -9999 -9999 -9999 -9999 -9999 103.277 102.011 102.366 102.882 101.419 99.121 100.352 100.968 101.467 102.343 104.976 109.614 109.164 108.409 108.406 108.012 108.144 108.27 108.393 108.527 108.675 108.834 109.006 109.17 109.32 109.469 109.617 109.765 109.795 109.946 110.09 110.45 110.648 110.83 111.01 111.191 111.373 111.558 111.746 111.94 112.145 112.365 112.565 112.755 112.953 113.164 113.391 113.639 113.809 113.917 114.311 114.64 114.84
-9999 -9999 -9999 -9999 -9999 -9999 -9999 -9999 -9999 -9999 -9999 -9999 -9999 -9999 -9999 -9999 104.667 -9999 -9999 -9999 -9999 -9999 104.569 101.662 101.638 100.978 99.372 98.408 99.554 102.138 102.731 102.867 106.029 107.929 107.606 107.723 107.671 107.969 108.095 108.216 108.332 108.46 108.616 108.789 108.961 109.12 109.268 109.415 109.562 109.71 109.858 110.02 110.206 110.418 110.624 110.81 110.99 111.171 111.354 111.539 111.728 111.923 112.128 112.349 112.587 112.803 113.008 113.224 113.457 113.709 113.878 113.977 114.291 114.73 114.905
-9999 -9999 -9999 -9999 -9999 -9999 -9999 -9999 -9999 -9999 -9999 -9999 -9999 -9999 -9999 -9999 -9999 -9999 -9999 -9999 -9999 -9999 105.192 103.834 102.16 98.487 98.463 99.839 101.948 104.092 104.571 105.675 107.184 108.443 108.272 107.585 107.809 107.939 108.061 108.178 108.294 108.432 108.588 108.757 108.919 109.068 109.216 109.362 109.509 109.655 109.803 109.975 110.174 110.386 110.597 110.79 110.97 111.152 111.335 111.521 111.711 111.91 112.122 112.347 112.589 112.85 113.076 113.296 113.531 113.786 114.067 114.295 114.498 114.794 114.947
-9999 -9999 -9999 -9999 -9999 -9999 -9999 -9999 -9999 -9999 -9999 -9999 -9999 -9999 -9999 -9999 -9999 -9999 -9999 -9999 -9999 -9999 -9999 104.905 103.016 103.552 103.925 102.765 103.618 102.74 103.686 104.731 105.506 105.571 105.825 107.668 107.787 107.912 108.033 108.152 108.284 108.422 108.573 108.737 108.889 109.029 109.169 109.31 109.455 109.601 109.75 109.933 110.142 110.354 110.569 110.768 110.95 111.132 111.316 111.509 111.709 111.915 112.131 112.359 112.602 112.864 113.137 113.374 113.612 113.87 114.154 114.444 114.686 114.846 114.973
-9999 -9999 -9999 -9999 -9999 -9999 -9999 -9999 -9999 -9999 -9999 -9999 -9999 -9999 -9999 -9999 -9999 -9999 -9999 -9999 -9999 -9999 102.949 103.484 104.474 106.857 106.243 106.274 105.456 104.529 105.164 105.554 105.41 104.65 106.36 108.474 108.177 107.256 107.578 108.144 108.192 108.066 108.294 108.717 108.86 108.996 109.131 109.268 109.406 109.547 109.708 109.897 110.109 110.322 110.537 110.743 110.929 111.119 111.316 111.515 111.72 111.931 112.149 112.378 112.621 112.883 113.168 113.449 113.7 113.961 114.245 114.53 114.748 114.888 114.995
-9999 -9999 -9999 -9999 -9999 -9999 -9999 -9999 -9999 -9999 -9999 -9999 -9999 -9999 -9999 -9999 -9999 -9999 -9999 -9999 -9999 -9999 101.616 101.121 101.933 101.382 101.959 103.571 103.419 104.427 104.838 105.591 105.401 105.747 106.074 103.652 104.242 107.809 108.128 108.146 108.201 108.488 108.698 108.691 108.832 108.964 109.096 109.229 109.363 109.5 109.663 109.863 110.075 110.289 110.506 110.721 110.926 111.124 111.327 111.531 111.738 111.951 112.17 112.401 112.645 112.908 113.194 113.508 113.791 114.056 114.341 114.617 114.802 114.916 115.017
-9999 -9999 -9999 -9999 -9999 -9999 -9999 -9999 -9999 -9999 -9999 -9999 -9999 -9999 -9999 -9999 -9999 -9999 -9999 -9999 -9999 -9999 104.503 103.881 103.306 102.447 102.761 101.122 102.442 104.722 105.763 107.553 107.626 107.246 105.337 103.283 105.892 107.974 108.041 108.165 108.377 108.49 108.538 108.668 108.801 108.932 109.062 109.191 109.32 109.456 109.625 109.828 110.041 110.256 110.485 110.718 110.934 111.14 111.344 111.55 111.759 111.973 112.195 112.427 112.673 112.938 113.226 113.54 113.87 114.155 114.443 114.682 114.84 114.939 115.039
-9999 -9999 -9999 -9999 -9999 -9999 -9999 -9999 -9999 -9999 -9999 -9999 -9999 -9999 -9999 -9999 -9999 -9999 -9999 -9999 -9999 -9999 -9999 103.216 102.796 103.371 102.929 104.31 105.338 104.747 105.673 105.413 105.649 106.873 105.935 106.22 107.5 107.948 108.072 108.193 108.311 108.429 108.541 108.651 108.767 108.897 109.025 109.15 109.28 109.418 109.594 109.798 110.009 110.241 110.481 110.726 110.95 111.157 111.364 111.571 111.782 111.998 112.223 112.459 112.709 112.976 113.265 113.579 113.927 114.254 114.534 114.74 114.862 114.961 115.061
-9999 -9999 -9999 -9999 -9999 -9999 -9999 -9999 -9999 -9999 -9999 -9999 -9999 -9999 -9999 -9999 -9999 -9999 -9999 -9999 -9999 -9999 -9999 102.697 102.589 101.675 101.976 101.497 102.023 104.373 103.985 102.896 103.388 102.952 103.481 104.667 105.634 107.21 107.522 108.222 108.14 107.67 107.943 108.652 108.763 108.877 108.997 109.117 109.242 109.382 109.563 109.772 110.0 110.239 110.489 110.738 110.967 111.176 111.384 111.596 111.811 112.032 112.26 112.498 112.751 113.02 113.309 113.625 113.972 114.332 114.605 114.78 114.882 114.981 115.083
-9999 -9999 -9999 -9999 -9999 -9999 -9999 -9999 -9999 -9999 -9999 -9999 -9999 -9999 -9999 -9999 -9999 -9999 -9999 -9999 -9999 -9999 103.236 101.581 101.167 101.831 100.904 99.407 101.464 103.896 104.181 106.498 106.045 105.323 105.907 105.95 107.024 107.547 108.013 108.251 108.007 107.926 108.41 108.666 108.767 108.872 108.984 109.101 109.222 109.363 109.549 109.776 110.012 110.258 110.507 110.761 110.994 111.206 111.418 111.632 111.849 112.072 112.303 112.544 112.798 113.068 113.359 113.675 114.02 114.372 114.649 114.802 114.9 115.0 115.103
-9999 -9999 -9999 -9999 -9999 -9999 -9999 -9999 -9999 -9999 -9999 -9999 -9999 -9999 -9999 -9999 -9999 -9999 -9999 -9999 -9999 -9999 102.899 102.259 103.329 105.126 103.649 102.047 103.424 103.8 105.665 106.989 106.444 106.118 105.734 104.733 105.536 107.054 107.233 107.214 107.768 108.399 108.58 108.679 108.778 108.877 108.975 109.091 109.195 109.281 109.464 109.802 110.044 110.289 110.537 110.791 111.029 111.244 111.458 111.674 111.893 112.118 112.35 112.593 112.848 113.12 113.413 113.728 114.048 114.385 114.665 114.817 114.914 115.016 115.12
-9999 -9999 -9999 -9999 -9999 -9999 -9999 -9999 -9999 -9999 -9999 -9999 -9999 -9999 -9999 -9999 -9999 -9999 -9999 -9999 -9999 -9999 103.363 105.281 105.728 104.046 102.938 102.551 103.26 104.977 105.719 105.469 105.337 105.519 105.222 105.929 106.822 107.164 107.097 107.006 107.592 108.503 108.6 108.697 108.795 108.885 108.977 109.08 109.153 109.215 109.517 109.836 110.078 110.322 110.57 110.823 111.065 111.284 111.5 111.718 111.939 112.165 112.4 112.644 112.902 113.177 113.468 113.761 114.068 114.39 114.671 114.828 114.925 115.027 115.133
-9999 -9999 -9999 -9999 -9999 -9999 -9999 -9999 -9999 -9999 -9999 -9999 -9999 -9999 -9999 -9999 -9999 -9999 -9999 -9999 -9999 104.647 105.879 105.34 104.431 104.199 104.003 104.317 105.367 106.104 106.084 106.103 106.121 105.883 106.525 107.537 107.762 107.967 107.872 107.919 108.449 108.546 108.642 108.737 108.833 108.922 108.958 108.919 109.045 109.321 109.599 109.868 110.11 110.354 110.602 110.857 111.098 111.322 111.544 111.764 111.987 112.216 112.453 112.7 112.96 113.23 113.502 113.784 114.078 114.377 114.649 114.826 114.931 115.034 115.142
-9999 -9999 -9999 -9999 -9999 -9999 -9999 -9999 -9999 -9999 -9999 -9999 -9999 -9999 -9999 -9999 -9999 -9999 -9999 -9999 105.418 105.387 104.972 104.402 104.404 104.406 104.453 104.451 105.258 106.649 106.688 106.523 106.012 104.694 105.589 107.078 107.445 108.257 108.339 108.423 108.508 108.597 108.691 108.785 108.88 108.969 108.947 108.961 109.15 109.328 109.62 109.908 110.143 110.386 110.635 110.89 111.131 111.357 111.587 111.812 112.038 112.27 112.509 112.759 113.011 113.264 113.525 113.798 114.091 114.366 114.61 114.807 114.932 115.035 115.144
-9999 -9999 -9999 -9999 -9999 -9999 -9999 -9999 -9999 -9999 -9999 -9999 -9999 -9999 -9999 -9999 -9999 -9999 106.559 106.104 105.559 103.685 103.361 103.29 102.805 101.108 101.418 102.736 104.342 106.091 106.42 107.473 106.138 104.164 105.358 106.968 107.783 108.715 108.695 108.501 108.414 108.003 108.208 108.832 108.938 109.063 108.997 108.809 108.955 109.132 109.46 109.909 110.207 110.414 110.663 110.907 111.103 111.255 111.053 111.142 111.865 112.341 112.577 112.809 113.045 113.287 113.542 113.815 114.098 114.351 114.571 114.782 114.925 115.028 115.137
