Validation/Results/raw data/ReClimate_06_2024_2_Precipitation-Actualsweatherlogisticsltd.asc
NCOLS 192
NROWS 249
XLLCENTER -225160.85627316462
YLLCENTER 29788.11610251502
CELLSIZE 5000.0
NODATA_VALUE -9999
[rows 132 to 164 of 249, columns 74 to 147 of 192]
-9999 -9999 -9999 -9999 -9999 -9999 -9999 -9999 -9999 -9999 -9999 -9999 -9999 158.671 159.29 153.278 146.633 162.15 171.351 193.143 205.127 213.731 196.397 143.542 132.218 138.68 141.121 129.411 121.728 121.37 114.09 114.551 119.267 110.47 129.152 143.651 154.765 151.112 141.931 147.557 144.372 136.478 150.914 148.571 138.405 131.474 123.409 120.561 113.345 107.293 106.323 98.238 92.66 89.102 90.307 87.198 88.261 86.546 -9999 -9999 -9999 -9999 -9999 -9999 -9999 -9999 -9999 -9999 -9999 -9999 -9999 -9999 -9999 -9999
141.637 -9999 -9999 -9999 -9999 -9999 -9999 -9999 -9999 -9999 -9999 -9999 -9999 164.706 188.54 155.106 144.999 148.479 153.781 184.391 240.312 234.329 180.981 156.075 137.587 139.324 135.658 133.063 139.826 114.766 106.421 110.757 111.418 122.641 126.301 143.922 147.767 140.91 135.2 133.5 130.942 138.279 142.509 144.042 139.389 132.965 125.335 111.729 104.98 104.205 98.982 97.684 95.708 89.72 87.121 89.993 86.625 86.949 -9999 -9999 -9999 -9999 -9999 -9999 -9999 -9999 -9999 -9999 -9999 -9999 -9999 -9999 -9999 -9999
161.558 -9999 -9999 -9999 -9999 -9999 -9999 -9999 -9999 -9999 -9999 -9999 165.198 191.22 176.111 160.846 154.999 150.308 148.795 181.562 215.51 196.584 180.821 161.699 143.555 129.437 129.494 137.568 123.74 116.379 106.203 98.579 113.811 116.647 123.908 131.097 133.771 127.685 121.546 120.152 127.375 124.369 134.159 143.032 131.488 118.374 116.443 116.375 105.052 99.149 91.608 89.15 93.194 93.913 87.425 86.869 90.318 88.251 83.65 -9999 -9999 -9999 -9999 -9999 -9999 -9999 -9999 -9999 -9999 -9999 -9999 -9999 -9999 -9999
157.302 -9999 -9999 -9999 -9999 -9999 -9999 -9999 -9999 -9999 -9999 155.169 -9999 162.881 170.979 162.693 154.935 144.239 132.649 154.266 165.321 181.484 205.025 169.508 136.556 121.679 117.631 115.863 119.222 118.729 114.132 109.139 112.906 109.142 108.931 110.818 110.44 110.142 108.056 108.297 111.688 116.32 118.853 114.366 110.003 109.517 112.132 109.083 98.167 88.088 95.699 99.002 92.434 91.924 90.998 87.377 88.491 88.611 85.824 -9999 -9999 -9999 -9999 -9999 -9999 -9999 -9999 -9999 -9999 -9999 -9999 -9999 -9999 -9999
174.071 160.266 -9999 -9999 -9999 -9999 -9999 -9999 -9999 -9999 -9999 148.279 -9999 148.515 153.845 147.437 143.636 136.492 135.049 133.795 143.41 178.895 182.819 164.42 142.741 122.606 111.596 112.865 120.183 133.493 136.971 -9999 -9999 -9999 -9999 -9999 -9999 100.398 97.535 99.068 104.183 102.958 100.018 106.406 110.595 104.92 102.236 102.547 92.159 96.201 100.163 90.888 87.548 88.014 91.587 84.968 82.668 84.037 85.426 80.992 -9999 -9999 -9999 -9999 -9999 -9999 -9999 -9999 -9999 -9999 -9999 -9999 -9999 -9999
186.98 170.428 138.288 -9999 -9999 -9999 -9999 -9999 -9999 -9999 -9999 145.09 142.803 134.929 130.522 137.823 138.831 140.133 132.609 123.646 129.355 156.209 174.646 155.177 144.236 127.305 118.085 124.505 119.045 129.882 120.54 -9999 -9999 -9999 -9999 97.235 98.679 95.78 93.623 93.993 96.631 98.498 107.861 120.307 119.839 107.731 108.711 90.664 82.197 98.598 94.875 89.464 88.958 87.46 88.14 99.805 95.681 86.518 88.056 79.19 -9999 -9999 -9999 -9999 -9999 -9999 -9999 -9999 -9999 -9999 -9999 -9999 -9999 -9999
179.907 154.372 150.621 142.218 -9999 -9999 -9999 -9999 -9999 -9999 -9999 146.85 135.864 128.834 -9999 -9999 139.212 138.327 127.525 117.279 -9999 129.126 135.903 131.314 131.407 121.134 126.403 123.962 117.86 -9999 -9999 -9999 -9999 -9999 96.115 96.442 94.477 88.955 91.349 91.594 92.766 101.464 116.825 138.571 142.215 121.432 116.898 96.544 101.485 98.656 93.884 97.632 90.419 95.0 92.852 96.262 96.166 90.663 87.936 82.447 -9999 -9999 -9999 -9999 -9999 -9999 -9999 -9999 -9999 -9999 -9999 -9999 -9999 -9999
157.737 167.33 173.744 152.036 -9999 -9999 -9999 -9999 -9999 -9999 -9999 -9999 135.998 121.997 -9999 -9999 -9999 125.512 121.244 115.238 109.89 -9999 -9999 116.582 115.236 112.419 125.609 125.578 -9999 -9999 -9999 -9999 -9999 102.831 97.812 98.807 95.88 92.936 94.688 92.391 95.912 104.439 115.827 138.419 137.375 140.506 120.963 122.529 120.56 112.313 103.168 107.866 104.754 93.871 96.076 97.759 92.709 88.63 90.559 88.462 -9999 -9999 -9999 -9999 -9999 -9999 -9999 -9999 -9999 -9999 -9999 -9999 -9999 -9999
153.294 162.627 151.973 -9999 -9999 -9999 -9999 -9999 -9999 -9999 -9999 -9999 -9999 122.549 -9999 -9999 -9999 -9999 113.793 120.416 117.172 -9999 -9999 -9999 112.928 113.091 -9999 -9999 -9999 -9999 -9999 -9999 -9999 101.887 102.121 105.122 102.041 105.486 100.954 95.13 93.009 97.06 112.509 121.434 137.059 134.786 131.518 139.034 133.203 119.256 102.414 110.692 110.775 99.347 91.176 91.564 89.403 87.071 91.899 89.015 -9999 -9999 -9999 -9999 -9999 -9999 -9999 -9999 -9999 -9999 -9999 -9999 -9999 -9999
152.438 138.162 -9999 -9999 -9999 -9999 -9999 -9999 -9999 -9999 -9999 -9999 -9999 132.273 -9999 -9999 -9999 -9999 -9999 117.33 113.969 -9999 -9999 -9999 -9999 -9999 -9999 -9999 -9999 -9999 -9999 -9999 -9999 102.299 116.001 119.477 123.15 121.726 109.991 100.269 96.405 96.877 103.05 122.0 146.554 164.598 160.955 144.132 130.477 105.782 100.946 96.488 95.131 96.654 98.814 92.071 86.315 85.986 92.315 93.148 84.819 -9999 -9999 -9999 -9999 -9999 -9999 -9999 -9999 -9999 -9999 -9999 -9999 -9999
143.164 -9999 131.717 133.479 130.527 124.912 -9999 -9999 -9999 -9999 -9999 -9999 -9999 132.362 -9999 -9999 -9999 -9999 -9999 -9999 -9999 -9999 -9999 -9999 -9999 -9999 -9999 -9999 -9999 -9999 -9999 -9999 105.063 106.067 117.841 123.823 128.143 143.057 127.273 119.305 107.358 95.675 102.229 101.758 134.085 173.027 177.273 148.819 128.103 139.731 138.319 115.164 105.312 90.209 94.003 97.913 95.755 93.371 91.189 93.295 89.588 82.609 -9999 -9999 -9999 -9999 -9999 -9999 -9999 -9999 -9999 -9999 -9999 -9999
137.463 136.074 137.697 133.482 122.911 122.418 -9999 -9999 -9999 -9999 -9999 -9999 -9999 -9999 -9999 -9999 -9999 -9999 -9999 -9999 -9999 -9999 -9999 -9999 -9999 -9999 -9999 -9999 -9999 -9999 -9999 113.075 106.3 114.665 127.93 140.289 160.175 196.513 172.738 130.359 108.466 100.736 89.641 95.61 120.138 162.832 189.146 159.306 142.524 133.851 123.854 119.508 114.546 107.513 94.816 95.498 92.053 90.609 90.04 91.7 89.841 83.408 -9999 -9999 -9999 -9999 -9999 -9999 -9999 -9999 -9999 -9999 -9999 -9999
134.295 135.318 134.108 124.191 -9999 118.203 117.943 -9999 -9999 -9999 -9999 -9999 -9999 -9999 -9999 -9999 -9999 -9999 -9999 -9999 -9999 -9999 -9999 -9999 -9999 -9999 -9999 -9999 -9999 -9999 -9999 129.545 123.597 129.523 163.195 179.833 183.806 174.134 168.835 148.564 125.455 107.753 101.487 98.186 108.788 139.972 159.71 174.679 145.188 124.867 114.559 106.723 98.485 98.294 89.694 93.587 94.394 91.731 86.625 86.944 84.379 81.218 80.606 82.374 -9999 -9999 -9999 -9999 -9999 -9999 -9999 -9999 -9999 -9999
139.088 137.417 124.776 119.867 -9999 -9999 118.493 -9999 -9999 -9999 -9999 -9999 -9999 -9999 -9999 -9999 -9999 -9999 -9999 -9999 -9999 -9999 -9999 -9999 -9999 -9999 -9999 -9999 -9999 -9999 -9999 134.541 135.561 158.377 185.589 189.775 193.637 207.956 199.263 169.699 144.517 133.966 115.474 115.758 118.174 103.486 129.875 136.635 120.519 120.452 111.257 94.811 90.568 88.964 87.802 84.468 90.555 87.241 85.224 82.416 81.018 78.589 91.093 89.844 90.394 87.688 92.339 -9999 -9999 -9999 -9999 -9999 -9999 -9999
135.209 133.067 134.349 121.094 115.315 -9999 118.086 -9999 -9999 -9999 -9999 -9999 -9999 -9999 -9999 -9999 -9999 -9999 -9999 -9999 -9999 -9999 -9999 -9999 -9999 -9999 -9999 -9999 -9999 -9999 110.522 140.9 159.307 197.49 246.776 279.983 273.583 226.784 219.231 209.8 202.592 170.698 159.962 144.483 122.114 104.016 115.28 107.609 113.041 123.119 111.946 99.143 91.46 87.905 84.556 84.664 85.331 83.371 82.251 86.781 86.795 87.478 90.707 107.712 102.092 100.496 99.037 94.875 92.376 -9999 -9999 -9999 -9999 -9999
147.145 137.691 125.594 121.84 -9999 118.003 -9999 -9999 -9999 -9999 -9999 -9999 -9999 -9999 -9999 -9999 -9999 -9999 -9999 -9999 -9999 -9999 -9999 -9999 -9999 -9999 -9999 -9999 -9999 -9999 -9999 115.936 149.259 198.404 249.963 281.432 285.211 271.304 234.883 227.834 207.704 215.554 189.533 155.304 129.747 121.023 118.314 119.427 149.297 130.654 123.181 121.978 110.491 93.934 86.121 84.509 85.779 85.616 83.942 85.184 86.958 85.59 88.297 101.85 102.098 97.601 97.408 98.112 97.299 91.223 -9999 -9999 -9999 -9999
153.986 135.538 123.544 120.242 120.223 123.328 -9999 -9999 -9999 -9999 -9999 -9999 -9999 -9999 -9999 -9999 -9999 -9999 -9999 -9999 -9999 -9999 -9999 -9999 -9999 -9999 -9999 -9999 -9999 -9999 -9999 -9999 122.277 158.485 199.936 236.604 263.275 284.829 207.509 181.222 200.699 200.965 172.811 160.654 155.698 148.78 136.731 152.171 150.368 142.357 152.083 136.693 114.549 108.993 95.237 88.667 83.611 85.776 87.876 88.478 88.75 102.154 102.884 117.61 129.922 114.903 111.872 96.379 96.744 94.697 89.173 -9999 -9999 -9999
146.272 126.982 117.647 118.867 122.024 -9999 -9999 -9999 -9999 -9999 -9999 -9999 -9999 -9999 -9999 -9999 -9999 -9999 -9999 -9999 -9999 -9999 -9999 -9999 -9999 -9999 -9999 -9999 -9999 -9999 -9999 -9999 111.524 142.497 178.734 205.426 253.443 238.191 183.799 177.306 173.531 159.197 155.631 150.714 152.647 183.741 161.568 167.516 168.57 152.805 133.054 115.759 107.277 105.093 105.097 94.216 85.921 85.99 89.452 94.253 99.715 108.051 116.061 112.599 118.716 114.807 115.846 111.224 97.181 97.297 95.087 85.897 -9999 -9999
135.35 133.145 124.296 119.286 112.962 -9999 -9999 -9999 -9999 -9999 -9999 -9999 -9999 -9999 -9999 -9999 -9999 -9999 -9999 -9999 -9999 -9999 -9999 -9999 -9999 -9999 -9999 -9999 -9999 -9999 -9999 -9999 -9999 135.765 174.148 198.095 212.689 192.613 180.665 162.237 152.103 148.363 143.672 143.709 166.477 167.429 187.536 172.641 162.223 147.959 131.338 124.182 122.531 101.098 101.63 94.219 90.173 89.856 89.45 97.214 105.859 107.232 110.584 113.142 114.934 109.011 104.417 110.009 110.181 101.423 101.584 91.818 -9999 -9999
149.835 -9999 -9999 -9999 -9999 -9999 -9999 -9999 -9999 -9999 -9999 -9999 -9999 -9999 -9999 -9999 -9999 -9999 -9999 -9999 -9999 -9999 -9999 -9999 -9999 -9999 -9999 -9999 -9999 -9999 -9999 -9999 -9999 129.824 166.553 174.029 164.3 167.805 155.297 156.113 149.298 138.259 145.607 151.094 159.451 202.985 179.063 175.597 163.061 150.33 125.444 119.381 112.6 107.792 94.759 94.105 87.162 85.314 89.704 91.251 102.006 109.845 106.903 101.506 102.68 100.508 100.887 102.185 113.713 116.327 101.648 93.53 83.13 -9999
176.956 -9999 -9999 -9999 -9999 -9999 -9999 -9999 -9999 -9999 -9999 -9999 -9999 -9999 -9999 -9999 -9999 -9999 -9999 -9999 -9999 -9999 -9999 -9999 -9999 -9999 -9999 -9999 -9999 -9999 -9999 -9999 -9999 -9999 149.813 145.979 151.072 153.07 144.2 141.653 131.448 130.595 140.154 150.519 170.478 184.671 195.094 186.537 183.619 161.646 151.061 136.227 114.995 115.752 105.029 91.336 85.398 82.479 83.459 88.283 89.394 101.319 107.0 95.559 84.419 85.216 84.026 86.113 89.037 94.428 92.928 85.947 82.266 -9999
144.174 -9999 -9999 -9999 -9999 -9999 -9999 -9999 -9999 -9999 -9999 -9999 -9999 -9999 -9999 -9999 -9999 -9999 -9999 -9999 -9999 -9999 -9999 -9999 -9999 -9999 -9999 -9999 -9999 -9999 -9999 -9999 -9999 -9999 131.263 -9999 134.861 129.217 126.232 125.146 -9999 124.346 134.929 147.804 160.721 190.776 194.81 188.9 182.362 166.806 159.691 165.5 137.973 122.535 113.558 101.589 86.722 82.367 82.339 83.112 88.032 89.717 94.42 92.103 83.911 78.405 73.044 73.109 78.775 82.825 82.793 92.387 92.578 84.119
-9999 -9999 -9999 -9999 -9999 -9999 -9999 -9999 -9999 -9999 -9999 -9999 -9999 -9999 -9999 -9999 -9999 -9999 -9999 -9999 -9999 -9999 -9999 -9999 -9999 -9999 -9999 -9999 -9999 -9999 -9999 -9999 -9999 -9999 -9999 121.615 124.702 -9999 -9999 -9999 -9999 121.207 130.178 132.905 146.209 158.462 173.508 174.734 170.317 168.271 148.968 152.999 157.153 131.721 118.443 102.712 91.832 86.037 83.341 82.489 84.441 87.324 90.314 93.983 88.765 84.988 81.617 73.617 78.443 87.024 87.68 81.704 86.387 87.762
-9999 -9999 -9999 -9999 -9999 -9999 -9999 -9999 -9999 -9999 -9999 -9999 -9999 -9999 -9999 -9999 -9999 -9999 -9999 -9999 -9999 -9999 -9999 -9999 -9999 -9999 -9999 -9999 -9999 -9999 -9999 -9999 -9999 -9999 -9999 113.054 114.116 -9999 -9999 -9999 -9999 117.606 131.046 126.81 129.259 139.715 145.497 142.791 156.932 162.738 153.763 141.688 156.387 140.009 124.621 109.452 96.311 84.609 81.852 81.217 85.373 82.186 83.285 89.34 91.399 93.467 87.844 81.786 80.437 88.006 93.532 90.932 93.664 90.195
-9999 -9999 -9999 -9999 -9999 -9999 -9999 -9999 -9999 -9999 -9999 -9999 -9999 -9999 -9999 -9999 -9999 -9999 -9999 -9999 -9999 -9999 -9999 -9999 -9999 -9999 -9999 -9999 -9999 -9999 -9999 -9999 -9999 -9999 -9999 108.741 -9999 -9999 -9999 -9999 113.341 123.597 139.126 152.679 155.728 156.394 149.033 136.202 151.493 160.906 138.543 137.684 136.507 137.283 123.615 108.577 95.006 87.406 82.838 83.227 82.996 84.591 81.657 85.095 87.819 89.782 96.057 97.472 93.566 90.236 89.43 86.385 83.315 85.172
-9999 -9999 -9999 -9999 -9999 -9999 -9999 -9999 -9999 -9999 -9999 -9999 -9999 -9999 -9999 -9999 -9999 -9999 -9999 -9999 -9999 -9999 -9999 -9999 -9999 -9999 -9999 -9999 -9999 -9999 -9999 -9999 -9999 -9999 -9999 -9999 -9999 -9999 -9999 -9999 110.273 126.617 155.513 187.788 193.265 179.985 150.025 138.572 129.873 127.883 124.776 139.421 142.523 128.491 121.402 108.535 95.055 90.234 88.216 84.463 81.886 80.628 82.555 83.529 85.405 89.023 92.582 105.121 108.494 90.861 83.813 79.262 78.559 76.494
-9999 -9999 -9999 -9999 -9999 -9999 -9999 -9999 -9999 -9999 -9999 -9999 -9999 -9999 -9999 -9999 -9999 -9999 -9999 -9999 -9999 -9999 -9999 -9999 -9999 -9999 -9999 -9999 -9999 -9999 -9999 -9999 -9999 -9999 -9999 -9999 -9999 -9999 -9999 -9999 111.578 125.813 157.778 183.346 192.522 170.656 150.448 127.401 122.236 119.938 118.782 132.847 121.882 116.625 111.589 105.021 94.69 87.164 83.897 81.386 80.127 81.514 82.06 80.955 81.003 84.341 88.804 95.512 102.263 92.075 80.476 75.743 76.354 74.567
-9999 -9999 -9999 -9999 -9999 -9999 -9999 -9999 -9999 -9999 -9999 -9999 -9999 -9999 -9999 -9999 -9999 -9999 -9999 -9999 -9999 -9999 -9999 -9999 -9999 -9999 -9999 -9999 -9999 -9999 -9999 -9999 -9999 -9999 -9999 -9999 -9999 -9999 -9999 106.093 111.075 120.8 153.107 182.418 188.282 162.195 150.254 125.471 126.246 123.03 114.377 115.736 115.869 103.053 98.253 90.165 89.583 81.115 80.796 78.964 78.626 80.81 81.432 79.409 77.135 76.844 82.471 87.323 92.636 90.281 82.968 76.57 74.61 79.525
-9999 -9999 -9999 -9999 -9999 -9999 -9999 -9999 -9999 -9999 -9999 -9999 -9999 -9999 -9999 -9999 -9999 -9999 -9999 -9999 -9999 -9999 -9999 -9999 -9999 -9999 -9999 -9999 -9999 -9999 -9999 -9999 -9999 -9999 -9999 -9999 -9999 -9999 -9999 106.782 107.609 122.556 144.089 166.142 146.832 145.669 129.13 138.036 151.231 124.149 118.049 114.766 103.525 102.066 93.147 89.371 92.038 90.887 81.318 79.85 77.868 77.772 78.501 78.022 77.011 75.719 77.688 82.237 85.283 90.439 86.377 77.622 74.102 76.047
-9999 -9999 -9999 -9999 -9999 -9999 -9999 -9999 -9999 -9999 -9999 -9999 -9999 -9999 -9999 -9999 -9999 -9999 -9999 -9999 -9999 -9999 -9999 -9999 -9999 -9999 -9999 -9999 -9999 -9999 -9999 -9999 -9999 -9999 -9999 -9999 -9999 -9999 103.527 105.088 110.76 122.251 132.312 132.698 133.82 123.35 118.115 137.598 131.217 123.134 125.435 116.623 105.008 86.626 91.651 83.63 82.992 86.812 87.236 80.966 78.838 77.181 77.256 77.817 77.121 74.533 77.833 81.12 82.732 86.981 89.789 83.077 76.826 73.827
-9999 -9999 -9999 -9999 -9999 -9999 -9999 -9999 -9999 -9999 -9999 -9999 -9999 -9999 -9999 -9999 -9999 -9999 -9999 -9999 -9999 -9999 -9999 -9999 -9999 -9999 -9999 -9999 -9999 -9999 -9999 -9999 -9999 -9999 -9999 -9999 -9999 -9999 96.885 103.045 109.527 115.897 117.346 119.733 118.285 118.025 120.716 114.816 120.807 126.276 141.355 131.566 116.792 99.331 86.262 87.557 78.663 77.892 82.663 85.095 79.938 76.326 76.457 74.046 74.784 75.974 72.904 72.697 76.839 84.172 87.726 90.279 81.349 75.159
-9999 -9999 -9999 -9999 -9999 -9999 -9999 -9999 -9999 -9999 -9999 -9999 -9999 -9999 -9999 -9999 -9999 -9999 -9999 -9999 -9999 -9999 -9999 -9999 -9999 -9999 -9999 -9999 -9999 -9999 -9999 -9999 -9999 -9999 -9999 -9999 -9999 -9999 96.973 99.978 105.387 106.904 111.11 111.93 116.02 118.294 114.373 123.443 137.354 143.251 144.504 130.797 116.348 103.376 90.674 94.047 89.357 79.448 80.07 78.661 78.014 76.086 76.032 76.323 74.536 77.473 75.905 72.548 71.876 77.591 82.08 84.248 82.687 75.153
-9999 -9999 -9999 -9999 -9999 -9999 -9999 -9999 -9999 -9999 -9999 -9999 -9999 -9999 -9999 -9999 -9999 -9999 -9999 -9999 -9999 -9999 -9999 -9999 -9999 -9999 -9999 -9999 -9999 -9999 -9999 -9999 -9999 -9999 -9999 -9999 -9999 -9999 -9999 99.76 100.262 103.929 110.392 115.435 125.24 128.857 125.109 132.987 132.751 142.342 134.708 125.938 109.445 91.733 89.207 81.828 87.81 80.286 78.035 79.464 75.326 72.92 75.013 76.863 76.283 76.569 76.213 73.117 67.741 73.469 76.705 77.146 -9999 68.803
