Validation/Results/raw data/ReClimate_01_2024_1_Temperature.asc
NCOLS 192
NROWS 249
XLLCENTER -225160.85627316462
YLLCENTER 29788.11610251502
CELLSIZE 5000.0
NODATA_VALUE -9999
[rows 204 to 237 of 249, columns 77 to 153 of 192]
-9999 -9999 -0.238 -9999 -0.227 -0.213 -0.206 -0.201 -0.194 -0.187 -0.18 -0.17 -0.149 -0.128 -0.133 -0.143 -0.134 -0.126 -0.109 -0.093 -0.082 -0.072 -0.064 -0.058 -0.047 -0.035 -0.037 -0.041 -0.043 -0.047 -0.045 -0.046 -0.017 0.016 0.01 0.002 0.009 0.017 0.029 0.042 0.057 0.071 0.076 0.078 0.076 0.071 0.076 0.08 0.088 0.097 0.101 0.103 0.102 0.098 0.102 0.105 0.106 0.105 0.104 0.101 0.096 0.087 0.086 0.084 0.088 0.094 0.1 0.107 0.091 0.072 0.064 0.054 0.073 0.096 0.091 0.083 0.084
-9999 -9999 -9999 -9999 -9999 -9999 -0.192 -0.192 -0.19 -0.198 -0.185 -0.156 -0.137 -0.127 -0.131 -0.139 -0.132 -0.128 -0.112 -0.09 -0.079 -0.068 -0.06 -0.052 -0.042 -0.035 -0.037 -0.043 -0.038 -0.023 -0.014 0.002 0.019 0.011 0.011 0.017 0.026 0.033 0.043 0.045 0.06 0.077 0.078 0.068 0.071 0.087 0.094 0.102 0.104 0.089 0.097 0.102 0.104 0.101 0.099 0.1 0.11 0.116 0.12 0.121 0.103 0.087 0.087 0.085 0.083 0.084 0.091 0.097 0.096 0.085 0.087 0.084 0.089 0.106 0.086 0.069 0.076
-9999 -9999 -9999 -9999 -9999 -9999 -0.188 -0.188 -0.193 -0.201 -0.179 -0.15 -0.137 -0.126 -0.13 -0.136 -0.131 -0.128 -0.11 -0.09 -0.078 -0.067 -0.058 -0.05 -0.043 -0.036 -0.039 -0.044 -0.029 -0.014 0.003 0.02 0.016 0.009 0.016 0.023 0.031 0.039 0.042 0.044 0.06 0.077 0.071 0.061 0.076 0.091 0.1 0.109 0.098 0.085 0.092 0.099 0.1 0.099 0.098 0.095 0.105 0.117 0.121 0.124 0.108 0.084 0.084 0.083 0.081 0.078 0.083 0.09 0.089 0.086 0.088 0.091 0.097 0.105 0.087 0.062 0.067
-9999 -9999 -9999 -9999 -0.199 -0.184 -0.18 -0.172 -9999 -0.19 -0.166 -0.134 -0.135 -0.157 -0.161 -9999 -0.152 -0.128 -0.11 -0.085 -0.073 -0.055 -0.049 -0.051 -0.042 -0.032 -0.033 -0.035 -0.027 -0.031 -0.014 0.012 0.016 0.032 0.04 0.045 0.051 0.046 0.051 0.059 0.074 0.085 0.083 0.079 0.092 0.097 0.101 0.096 0.096 0.088 0.092 0.096 0.096 0.094 0.096 0.096 0.098 0.104 0.117 0.125 0.115 0.097 0.093 0.09 0.082 0.076 0.087 0.097 0.099 0.1 0.092 0.089 0.097 0.106 0.097 0.08 0.07
-9999 -9999 -9999 -9999 -0.195 -9999 -9999 -9999 -0.173 -0.184 -0.159 -9999 -9999 -9999 -9999 -9999 -0.147 -0.127 -0.106 -0.083 -0.068 -0.051 -0.051 -0.053 -0.042 -0.031 -0.03 -0.032 -0.035 -0.039 -0.016 0.008 0.024 0.04 0.047 0.053 0.051 0.047 0.056 0.064 0.075 0.087 0.087 0.085 0.092 0.098 0.094 0.089 0.089 0.087 0.09 0.092 0.091 0.09 0.092 0.093 0.095 0.097 0.108 0.121 0.111 0.098 0.094 0.089 0.082 0.073 0.083 0.095 0.098 0.101 0.094 0.084 0.092 0.101 0.094 0.083 0.075
-9999 -9999 -9999 -9999 -9999 -9999 -0.183 -0.173 -0.178 -0.174 -0.156 -9999 -9999 -9999 -9999 -9999 -9999 -9999 -9999 -0.081 -0.07 -0.065 -0.062 -0.054 -0.039 -0.018 -0.014 -0.008 -0.011 -0.019 0.001 0.016 0.028 0.034 0.034 0.022 0.028 0.049 0.058 0.064 0.07 0.067 0.067 0.07 0.075 0.077 0.076 0.081 0.092 0.097 0.089 0.084 0.085 0.084 0.078 0.074 0.074 0.074 0.072 0.075 0.092 0.094 0.09 0.085 0.085 0.08 0.079 0.084 0.078 0.075 0.082 0.081 0.079 0.082 0.083 0.078 0.085
-9999 -9999 -9999 -9999 -9999 -9999 -9999 -0.179 -9999 -9999 -9999 -9999 -9999 -9999 -9999 -9999 -9999 -0.097 -0.086 -0.08 -0.075 -0.071 -0.062 -0.054 -0.035 -0.014 -0.007 -0.0 -0.004 -0.011 0.004 0.018 0.025 0.03 0.022 0.009 0.028 0.049 0.056 0.062 -9999 0.057 0.061 0.063 0.065 0.066 0.072 0.077 0.088 0.098 0.09 0.078 0.079 0.079 0.073 0.064 0.064 0.062 0.06 0.056 0.07 0.089 0.086 0.081 0.08 0.079 0.078 0.077 0.071 0.063 0.068 0.076 0.074 0.072 0.073 0.073 0.081
-9999 -9999 -9999 -9999 -9999 -9999 -9999 -9999 -9999 -9999 -9999 -9999 -9999 -9999 -9999 -9999 -9999 -0.108 -0.096 -0.072 -0.068 -9999 -9999 -9999 -0.018 -0.004 -0.001 -0.01 -0.008 0.003 0.015 0.022 0.031 0.042 0.036 0.029 0.045 0.052 0.058 -9999 0.071 0.085 0.085 0.074 0.074 0.066 0.072 0.079 0.088 0.091 0.095 0.092 0.087 0.084 0.074 0.064 0.07 0.072 0.076 0.077 0.08 0.092 0.093 0.092 0.078 0.069 0.064 0.06 0.062 0.059 0.057 0.059 0.077 0.087 0.077 0.072 0.063
-9999 -9999 -9999 -9999 -9999 -9999 -9999 -9999 -9999 -9999 -9999 -9999 -9999 -9999 -9999 -9999 -9999 -9999 -9999 -9999 -9999 -9999 -9999 -9999 -0.012 -0.001 -0.006 -0.015 -0.004 0.007 0.015 0.022 0.034 0.046 0.042 0.036 0.045 -9999 -9999 0.066 0.08 0.094 0.087 0.077 0.072 0.064 0.072 0.079 0.082 0.085 0.089 0.093 0.089 0.082 0.074 0.062 0.067 0.072 0.077 0.082 0.085 0.089 0.091 0.092 0.08 0.063 0.058 0.052 0.053 0.055 0.053 0.051 0.068 0.089 0.08 0.068 0.06
-9999 -9999 -9999 -9999 -9999 -9999 -9999 -9999 -9999 -9999 -9999 -9999 -9999 -9999 -9999 -9999 -9999 -9999 -9999 -9999 -9999 -9999 -9999 -9999 -0.007 0.006 -0.0 -0.007 -0.003 -0.014 -0.003 0.017 0.025 0.03 -9999 -9999 -9999 -9999 -9999 0.071 0.079 0.077 0.074 0.077 0.078 0.085 0.094 0.1 0.1 0.089 0.092 0.096 0.089 0.081 0.069 0.055 0.069 0.08 0.084 0.089 0.091 0.094 0.089 0.086 0.085 0.075 0.066 0.057 0.06 0.064 0.062 0.06 0.066 0.081 0.077 0.068 0.071
-9999 -9999 -9999 -9999 -9999 -9999 -9999 -9999 -9999 -9999 -9999 -9999 -9999 -9999 -9999 -9999 -9999 -9999 -9999 -9999 -9999 -9999 -9999 -9999 -9999 -9999 0.001 -0.004 -0.012 -0.022 -0.005 0.014 0.019 -9999 -9999 -9999 -9999 0.062 0.066 0.071 0.07 0.068 0.072 0.076 0.084 0.091 0.1 0.105 0.098 0.088 0.091 0.094 0.087 0.078 0.066 0.05 0.063 0.079 0.083 0.088 0.09 0.093 0.088 0.081 0.08 0.077 0.069 0.057 0.06 0.064 0.063 0.061 0.067 0.075 0.071 0.065 0.068
-9999 -9999 -9999 -9999 -9999 -9999 -9999 -9999 -9999 -9999 -9999 -9999 -9999 -9999 -9999 -9999 -9999 -9999 -9999 -9999 -9999 -9999 -9999 -9999 -9999 -9999 -9999 -0.008 -0.009 0.006 0.019 0.025 -9999 -9999 -9999 -9999 0.058 0.039 0.051 0.076 0.076 0.07 0.076 0.083 0.09 0.094 0.098 0.095 0.088 0.074 0.074 0.075 0.074 0.068 0.063 0.051 0.058 0.07 0.077 0.083 0.084 0.086 0.087 0.084 0.084 0.082 0.074 0.063 0.064 0.067 0.066 0.065 0.064 0.068 0.075 0.077 0.065
-9999 -9999 -9999 -9999 -9999 -9999 -9999 -9999 -9999 -9999 -9999 -9999 -9999 -9999 -9999 -9999 -9999 -9999 -9999 -9999 -9999 -9999 -9999 -9999 -9999 -9999 -9999 -9999 -9999 -9999 -9999 -9999 -9999 -9999 -9999 0.055 0.045 0.031 0.053 0.077 0.075 0.07 0.077 0.084 0.089 0.091 0.091 0.089 0.08 0.067 0.067 0.066 0.065 0.063 0.057 0.05 0.056 0.063 0.07 0.078 0.079 0.08 0.081 0.081 0.082 0.081 0.073 0.062 0.064 0.065 0.064 0.063 0.063 0.062 0.069 0.078 0.067
-9999 -9999 -9999 -9999 -9999 -9999 -9999 -9999 -9999 -9999 -9999 -9999 -9999 -9999 -9999 -9999 -9999 -9999 -9999 -9999 -9999 -9999 -9999 -9999 -9999 -9999 -9999 -9999 -9999 -9999 -9999 -9999 -9999 -9999 0.052 0.059 0.054 0.049 0.068 0.08 0.083 0.092 0.096 0.087 0.089 0.086 0.083 0.073 0.067 0.065 0.061 0.058 0.061 0.061 0.057 0.051 0.058 0.065 0.067 0.071 0.067 0.064 0.067 0.069 0.054 0.044 0.049 0.046 0.044 0.042 0.042 0.041 0.045 0.045 0.053 0.061 0.063
-9999 -9999 -9999 -9999 -9999 -9999 -9999 -9999 -9999 -9999 -9999 -9999 -9999 -9999 -9999 -9999 -9999 -9999 -9999 -9999 -9999 -9999 -9999 -9999 -9999 -9999 -9999 -9999 -9999 -9999 -9999 -9999 -9999 -9999 0.05 0.06 0.059 0.056 0.068 0.08 0.09 0.1 0.094 0.084 0.084 0.081 0.074 0.064 0.064 0.062 0.058 0.054 0.056 0.058 0.054 0.049 0.055 0.063 0.065 0.066 0.061 0.055 0.058 0.061 0.047 0.028 0.032 0.038 0.035 0.032 0.032 0.031 0.034 0.037 0.044 0.053 0.054
-9999 -9999 -9999 -9999 -9999 -9999 -9999 -9999 -9999 -9999 -9999 -9999 -9999 -9999 -9999 -9999 -9999 -9999 -9999 -9999 -9999 -0.055 -0.04 -0.024 -0.012 -9999 0.002 -9999 -9999 -9999 -9999 -9999 -9999 -9999 -9999 0.062 0.061 0.057 0.067 0.074 0.084 0.096 0.086 0.067 0.069 0.079 0.074 0.067 0.063 0.059 0.071 0.076 0.058 0.049 0.048 0.045 0.045 0.048 0.052 0.054 0.053 0.048 0.061 0.07 0.071 0.063 0.056 0.055 0.046 0.04 0.026 0.017 0.012 0.01 0.018 0.026 0.022
-9999 -9999 -9999 -9999 -9999 -9999 -9999 -9999 -9999 -9999 -9999 -9999 -9999 -9999 -9999 -9999 -9999 -9999 -0.088 -0.077 -0.066 -0.054 -0.04 -0.026 -0.013 -0.001 0.007 0.014 0.016 -9999 -9999 0.052 0.047 0.04 0.05 0.061 0.06 0.057 0.063 0.069 0.079 0.09 0.076 0.057 0.066 0.076 0.072 0.066 0.063 0.056 0.067 0.082 0.065 0.044 0.043 0.041 0.041 0.041 0.043 0.047 0.045 0.043 0.055 0.07 0.072 0.072 0.067 0.059 0.051 0.041 0.027 0.01 0.005 -0.001 0.005 0.014 0.01
-9999 -9999 -9999 -9999 -9999 -9999 -9999 -9999 -9999 -9999 -9999 -9999 -9999 -9999 -9999 -9999 -9999 -0.096 -0.087 -0.089 -0.075 -0.059 -0.041 -0.018 -0.005 -0.0 0.008 0.012 0.018 0.03 0.051 0.071 0.066 0.053 0.059 0.054 0.053 0.053 0.058 0.062 0.067 0.064 0.058 0.07 0.078 0.083 0.076 0.06 0.058 0.059 0.071 0.086 0.061 0.035 0.042 0.045 0.049 0.052 0.044 0.041 0.036 0.031 0.039 0.051 0.053 0.054 0.052 0.046 0.038 0.027 0.023 0.011 0.014 0.014 0.013 0.018 0.019
-9999 -9999 -9999 -9999 -9999 -9999 -9999 -9999 -9999 -9999 -9999 -9999 -9999 -9999 -9999 -9999 -9999 -0.094 -0.102 -0.095 -0.079 -0.062 -0.04 -0.015 -0.007 -0.001 0.005 0.01 0.023 0.036 0.056 0.078 0.069 0.057 0.054 0.048 0.049 0.048 0.053 0.057 0.054 0.05 0.06 0.072 0.077 0.083 0.071 0.055 0.057 0.057 0.07 0.085 0.061 0.03 0.036 0.044 0.049 0.054 0.047 0.038 0.032 0.024 0.031 0.041 0.042 0.044 0.042 0.039 0.031 0.02 0.016 0.009 0.013 0.017 0.018 0.018 0.019
-9999 -9999 -9999 -9999 -9999 -9999 -9999 -9999 -9999 -9999 -9999 -9999 -9999 -9999 -9999 -9999 -9999 -0.103 -0.105 -0.077 -0.062 -0.052 -0.033 -0.021 -0.01 0.002 0.012 0.025 0.037 0.044 0.059 0.064 0.058 0.053 0.05 0.046 0.046 0.043 0.047 0.05 0.05 0.055 0.065 0.073 0.073 0.062 0.056 0.06 0.061 0.056 0.049 0.052 0.055 0.04 0.038 0.042 0.041 0.043 0.035 0.026 0.038 0.042 0.035 0.036 0.034 0.034 0.035 0.033 0.027 0.018 0.018 0.014 0.014 0.016 0.01 0.006 0.001
-9999 -9999 -9999 -9999 -9999 -9999 -9999 -9999 -9999 -9999 -9999 -9999 -9999 -0.149 -0.131 -9999 -0.106 -0.112 -0.094 -0.073 -0.062 -0.051 -0.038 -0.026 -0.012 0.001 0.015 0.029 0.037 0.044 0.05 0.054 0.052 0.048 0.046 0.042 0.041 0.038 0.042 0.044 0.049 0.054 0.062 0.07 0.062 0.051 0.056 0.061 0.058 0.053 0.047 0.038 0.04 0.041 0.041 0.039 0.038 0.036 0.029 0.02 0.031 0.046 0.04 0.032 0.031 0.029 0.029 0.029 0.023 0.015 0.015 0.014 0.014 0.014 0.007 -0.0 -0.005
-9999 -9999 -9999 -9999 -9999 -9999 -9999 -9999 -9999 -9999 -9999 -9999 -9999 -0.139 -0.125 -0.121 -0.117 -0.11 -0.092 -0.067 -0.057 -0.053 -0.041 -0.033 -0.013 0.021 0.033 0.036 0.041 0.036 0.045 0.06 0.056 0.042 0.042 0.044 0.039 0.021 0.027 0.04 0.046 0.051 0.057 0.059 0.056 0.059 0.062 0.059 0.058 0.055 0.034 0.016 0.022 0.026 0.03 0.032 0.032 0.032 0.033 0.029 0.031 0.04 0.033 0.024 0.026 0.026 0.026 0.026 0.022 0.016 0.003 -0.006 0.004 0.009 0.002 -0.006 -0.007
-9999 -9999 -9999 -9999 -9999 -9999 -9999 -9999 -9999 -9999 -9999 -9999 -0.163 -0.139 -0.133 -0.128 -0.12 -0.112 -0.091 -0.067 -0.063 -0.058 -0.048 -0.04 -0.009 0.024 0.03 0.034 0.033 0.029 0.044 0.058 0.05 0.037 0.04 0.042 0.029 0.011 0.023 0.037 0.042 0.047 0.05 0.052 0.056 0.06 0.059 0.057 0.056 0.054 0.033 0.007 0.012 0.019 0.023 0.027 0.027 0.028 0.029 0.031 0.033 0.036 0.029 0.02 0.022 0.023 0.023 0.023 0.02 0.015 0.002 -0.014 -0.006 0.005 -0.002 -0.01 -0.012
-9999 -9999 -9999 -9999 -9999 -9999 -9999 -9999 -9999 -9999 -9999 -9999 -9999 -0.133 -0.132 -0.143 -0.13 -0.107 -0.089 -0.076 -0.07 -0.058 -0.049 -0.041 -0.019 -0.009 -0.003 0.008 0.012 0.023 0.037 0.05 0.045 0.044 0.045 0.04 0.035 0.038 0.045 0.036 0.047 0.068 0.069 0.061 0.061 0.052 0.049 0.043 0.032 0.023 0.024 0.01 0.012 0.017 0.017 0.019 0.023 -9999 0.021 0.019 0.027 0.032 0.027 0.019 0.023 0.026 0.027 0.027 0.019 0.011 0.002 -0.012 -0.009 -0.001 -0.01 -0.019 -0.011
-9999 -9999 -9999 -9999 -9999 -9999 -9999 -9999 -9999 -9999 -9999 -9999 -0.153 -0.135 -0.142 -0.152 -0.131 -0.108 -0.095 -0.083 -0.073 -0.061 -0.054 -0.047 -0.037 -0.028 -0.017 -0.007 0.005 0.017 0.03 0.043 0.044 0.044 0.041 0.037 0.042 0.047 0.041 0.033 0.052 0.074 0.069 0.062 0.055 0.046 0.042 0.036 0.025 0.011 0.01 0.01 0.012 0.015 0.015 0.014 0.018 0.022 -9999 0.014 -9999 0.029 -9999 0.018 -9999 0.026 0.027 0.027 0.019 0.008 -0.0 -0.009 -9999 -9999 -9999 -0.023 -0.015
-9999 -9999 -9999 -9999 -9999 -9999 -9999 -9999 -9999 -9999 -9999 -9999 -0.16 -0.147 -0.147 -0.14 -0.121 -0.108 -0.093 -0.074 -0.064 -0.053 -0.047 -0.047 -0.037 -0.028 -0.013 0.01 0.019 0.015 0.024 0.024 0.027 0.033 0.034 0.039 0.044 0.047 0.044 0.041 0.055 0.058 0.055 0.052 0.046 0.038 0.034 0.031 0.02 0.003 0.003 0.002 0.013 0.022 0.015 0.011 0.011 0.013 -9999 -9999 0.02 0.024 -9999 -9999 0.008 0.008 0.006 -9999 -9999 -9999 -9999 -9999 -9999 -9999 -9999 -9999 -9999
-9999 -9999 -9999 -9999 -9999 -9999 -9999 -9999 -9999 -9999 -9999 -0.186 -0.172 -0.156 -0.147 -0.139 -0.126 -0.112 -0.094 -0.075 -0.065 -0.053 -0.05 -0.05 -0.041 -0.033 -0.012 0.012 0.013 0.01 0.013 0.013 0.02 0.026 0.032 0.037 0.041 0.045 0.044 0.042 0.046 0.049 0.048 0.046 0.04 0.032 0.031 0.027 0.015 -0.0 -0.001 -0.003 0.008 0.022 0.016 -9999 -9999 -9999 0.02 -9999 -9999 -9999 -9999 -9999 -9999 0.002 -9999 -9999 -9999 -9999 -9999 -9999 -9999 -9999 -9999 -9999 -9999
-9999 -9999 -9999 -9999 -9999 -9999 -9999 -9999 -9999 -9999 -0.195 -0.148 -0.141 -0.165 -0.154 -0.141 -0.125 -0.106 -0.088 -0.07 -0.059 -0.047 -0.045 -0.052 -0.04 -0.025 -0.01 -0.006 -0.002 0.005 0.005 -0.008 -0.003 -9999 -9999 -9999 -9999 -9999 0.028 0.03 0.035 0.048 0.046 0.038 0.033 0.026 0.03 0.046 -9999 0.016 -9999 -9999 -9999 -9999 -9999 0.02 0.022 0.032 0.031 0.038 0.037 -9999 -9999 -9999 -9999 -9999 -9999 -9999 -9999 -9999 -9999 -9999 -9999 -9999 -9999 -9999 -9999
-9999 -9999 -9999 -9999 -9999 -9999 -9999 -9999 -9999 -0.196 -0.166 -0.139 -0.153 -0.175 -0.16 -0.146 -0.128 -0.109 -0.091 -0.072 -0.061 -0.05 -0.051 -0.056 -0.04 -0.025 -0.02 -0.016 -0.008 -0.0 -9999 -9999 -9999 -9999 -9999 -9999 -9999 -9999 -9999 -9999 0.035 0.045 0.04 0.032 0.028 0.021 0.035 0.05 0.042 -9999 -9999 -9999 -9999 -9999 -9999 -9999 0.032 0.038 0.038 0.035 -9999 -9999 -9999 -9999 -9999 -9999 -9999 -9999 -9999 -9999 -9999 -9999 -9999 -9999 -9999 -9999 -9999
-9999 -9999 -9999 -9999 -9999 -9999 -9999 -0.217 -0.208 -0.202 -0.184 -0.164 -0.168 -0.162 -0.148 -0.139 -0.124 -0.121 -0.107 -0.097 -0.083 -0.06 -0.063 -0.072 -0.055 -0.034 -0.029 -0.024 -9999 -9999 -9999 -9999 -9999 -9999 -9999 -9999 -9999 -9999 -9999 -9999 -9999 0.026 -9999 -9999 -9999 -9999 -9999 0.04 0.04 -9999 -9999 -9999 -9999 -9999 -9999 -9999 -9999 -9999 0.028 0.023 -9999 -9999 -9999 -9999 -9999 -9999 -9999 -9999 -9999 -9999 -9999 -9999 -9999 -9999 -9999 -9999 -9999
-9999 -9999 -9999 -9999 -9999 -9999 -0.226 -9999 -0.218 -0.208 -0.199 -0.182 -0.172 -0.165 -0.152 -0.142 -0.136 -0.132 -0.122 -0.113 -0.093 -0.07 -0.074 -0.082 -0.063 -0.042 -0.035 -0.03 -9999 -9999 -9999 -9999 -9999 -9999 -9999 -9999 -9999 -9999 -9999 -9999 -9999 -9999 0.019 -9999 -9999 -9999 -9999 -9999 -9999 -9999 -9999 -9999 -9999 -9999 -9999 -9999 -9999 -9999 -9999 -9999 -9999 -9999 -9999 -9999 -9999 -9999 -9999 -9999 -9999 -9999 -9999 -9999 -9999 -9999 -9999 -9999 -9999
-9999 -9999 -9999 -9999 -9999 -0.232 -0.228 -0.212 -0.209 -0.215 -0.208 -0.197 -0.192 -0.187 -0.176 -0.168 -0.158 -9999 -0.131 -0.124 -0.101 -0.069 -0.072 -0.081 -0.066 -0.061 -0.05 -9999 -9999 -9999 -9999 -9999 -9999 -9999 -9999 -9999 -9999 -9999 -9999 -9999 -9999 -9999 -9999 -9999 -9999 -9999 -9999 -9999 -9999 -9999 -9999 -9999 -9999 -9999 -9999 -9999 -9999 -9999 -9999 -9999 -9999 -9999 -9999 -9999 -9999 -9999 -9999 -9999 -9999 -9999 -9999 -9999 -9999 -9999 -9999 -9999 -9999
-9999 -9999 -9999 -9999 -9999 -0.235 -0.224 -0.207 -0.212 -0.217 -0.213 -0.205 -0.208 -0.206 -0.195 -0.186 -0.169 -0.151 -0.142 -0.134 -0.107 -0.075 -0.079 -0.086 -0.079 -0.073 -0.055 -9999 -9999 -9999 -9999 -9999 -9999 -9999 -9999 -9999 -9999 -9999 -9999 -9999 -9999 -9999 -9999 -9999 -9999 -9999 -9999 -9999 -9999 -9999 -9999 -9999 -9999 -9999 -9999 -9999 -9999 -9999 -9999 -9999 -9999 -9999 -9999 -9999 -9999 -9999 -9999 -9999 -9999 -9999 -9999 -9999 -9999 -9999 -9999 -9999 -9999
-9999 -9999 -9999 -9999 -0.23 -0.226 -0.217 -0.217 -0.218 -0.213 -0.214 -0.225 -0.227 -0.215 -0.209 -0.201 -0.18 -0.155 -0.146 -0.144 -0.121 -0.106 -0.105 -0.096 -0.087 -0.076 -9999 -9999 -9999 -9999 -9999 -9999 -9999 -9999 -9999 -9999 -9999 -9999 -9999 -9999 -9999 -9999 -9999 -9999 -9999 -9999 -9999 -9999 -9999 -9999 -9999 -9999 -9999 -9999 -9999 -9999 -9999 -9999 -9999 -9999 -9999 -9999 -9999 -9999 -9999 -9999 -9999 -9999 -9999 -9999 -9999 -9999 -9999 -9999 -9999 -9999 -9999
