Validation/Results/raw data/ReClimate_05_2024_2_Temperature-Actuals.asc
NCOLS 192
NROWS 249
XLLCENTER -225160.85627316462
YLLCENTER 29788.11610251502
CELLSIZE 5000.0
NODATA_VALUE -9999
[rows 102 to 135 of 249, columns 75 to 149 of 192]
12.825 11.7 12.353 12.358 14.362 15.092 -9999 -9999 14.038 -9999 -9999 14.818 12.235 12.037 13.901 12.98 10.665 12.438 11.445 11.603 11.951 12.513 14.325 13.476 12.552 11.602 12.287 13.418 12.741 13.054 14.331 15.226 15.687 15.553 14.998 14.131 14.993 15.312 15.495 15.755 15.673 15.639 -9999 -9999 -9999 -9999 -9999 -9999 -9999 -9999 -9999 -9999 -9999 -9999 -9999 -9999 -9999 -9999 -9999 -9999 -9999 -9999 -9999 -9999 -9999 -9999 -9999 -9999 -9999 -9999 -9999 -9999 -9999 -9999 -9999
13.579 13.464 12.675 14.042 -9999 -9999 -9999 14.768 13.739 14.421 14.171 14.024 13.005 14.9 14.462 12.71 12.572 13.008 13.188 13.284 13.279 13.321 12.345 13.354 12.553 12.896 12.722 12.391 13.12 13.99 14.917 15.576 15.737 15.379 14.597 15.213 15.756 -9999 -9999 15.931 -9999 -9999 -9999 -9999 -9999 -9999 -9999 -9999 -9999 -9999 -9999 -9999 -9999 -9999 -9999 -9999 -9999 -9999 -9999 -9999 -9999 -9999 -9999 -9999 -9999 -9999 -9999 -9999 -9999 -9999 -9999 -9999 -9999 -9999 -9999
14.296 13.259 -9999 13.898 -9999 -9999 -9999 14.584 13.874 13.874 13.891 14.337 14.946 14.034 12.77 12.536 13.081 13.506 13.123 12.793 13.447 12.895 14.301 13.454 13.261 14.126 14.602 14.869 14.77 15.294 15.606 15.66 15.797 15.727 15.547 15.892 -9999 15.61 15.723 15.651 15.611 -9999 -9999 -9999 -9999 -9999 -9999 -9999 -9999 -9999 -9999 -9999 -9999 -9999 -9999 -9999 -9999 -9999 -9999 -9999 -9999 -9999 -9999 -9999 -9999 -9999 -9999 -9999 -9999 -9999 -9999 -9999 -9999 -9999 -9999
14.727 -9999 -9999 -9999 -9999 14.853 14.527 13.772 13.982 13.66 14.155 13.892 12.845 12.294 12.26 13.417 13.267 13.882 12.527 13.882 12.412 14.093 12.972 12.11 14.125 14.84 14.598 14.919 15.534 15.667 15.864 15.959 16.036 16.056 -9999 15.806 15.595 15.623 15.529 15.747 15.509 -9999 -9999 -9999 -9999 -9999 -9999 -9999 -9999 -9999 -9999 -9999 -9999 -9999 -9999 -9999 -9999 -9999 -9999 -9999 -9999 -9999 -9999 -9999 -9999 -9999 -9999 -9999 -9999 -9999 -9999 -9999 -9999 -9999 -9999
-9999 -9999 -9999 -9999 -9999 14.619 15.056 14.625 13.749 14.028 14.441 13.101 13.952 13.848 13.383 12.481 13.949 14.028 13.19 12.566 13.44 13.511 12.31 13.496 13.422 13.057 14.098 14.702 14.932 15.222 15.375 15.159 15.111 14.947 15.139 15.664 15.874 15.564 15.333 15.484 15.306 15.265 -9999 -9999 -9999 -9999 -9999 -9999 -9999 -9999 -9999 -9999 -9999 -9999 -9999 -9999 -9999 -9999 -9999 -9999 -9999 -9999 -9999 -9999 -9999 -9999 -9999 -9999 -9999 -9999 -9999 -9999 -9999 -9999 -9999
-9999 -9999 -9999 -9999 14.49 -9999 -9999 14.363 13.762 14.579 13.471 13.913 -9999 -9999 12.847 12.606 13.448 14.015 13.134 13.504 13.865 13.532 13.927 14.78 14.101 14.332 14.686 14.998 14.485 13.939 13.53 13.899 14.143 14.701 15.13 15.319 15.823 15.195 15.145 14.951 15.001 15.056 15.165 -9999 -9999 -9999 -9999 -9999 -9999 -9999 -9999 -9999 -9999 -9999 -9999 -9999 -9999 -9999 -9999 -9999 -9999 -9999 -9999 -9999 -9999 -9999 -9999 -9999 -9999 -9999 -9999 -9999 -9999 -9999 -9999
-9999 -9999 -9999 -9999 14.52 -9999 14.713 14.225 14.54 13.351 13.432 14.941 15.14 13.335 12.579 13.547 15.511 13.508 12.282 14.494 14.574 14.176 14.863 15.186 15.286 15.475 15.284 14.035 12.912 13.002 13.721 14.249 14.894 15.154 15.051 15.329 15.391 15.303 15.497 15.584 15.515 15.499 -9999 -9999 -9999 -9999 -9999 -9999 -9999 -9999 -9999 -9999 -9999 -9999 -9999 -9999 -9999 -9999 -9999 -9999 -9999 -9999 -9999 -9999 -9999 -9999 -9999 -9999 -9999 -9999 -9999 -9999 -9999 -9999 -9999
-9999 -9999 -9999 -9999 14.55 -9999 14.615 14.933 14.267 14.015 14.718 -9999 13.435 13.76 -9999 13.74 13.816 13.578 14.618 13.45 14.774 15.267 15.734 15.881 16.095 16.13 15.521 14.4 14.935 15.264 15.291 15.067 14.907 15.222 15.226 15.548 15.565 15.607 -9999 -9999 -9999 -9999 -9999 -9999 -9999 -9999 -9999 -9999 -9999 -9999 -9999 -9999 -9999 -9999 -9999 -9999 -9999 -9999 -9999 -9999 -9999 -9999 -9999 -9999 -9999 -9999 -9999 -9999 -9999 -9999 -9999 -9999 -9999 -9999 -9999
-9999 -9999 14.225 14.252 -9999 -9999 15.053 14.81 14.362 14.822 14.788 12.97 13.564 12.597 -9999 14.433 13.636 14.433 14.604 14.538 14.806 15.426 15.375 15.243 15.133 15.365 15.889 16.121 16.134 15.906 15.443 14.98 14.936 15.161 15.287 15.406 15.576 -9999 -9999 -9999 -9999 -9999 -9999 -9999 -9999 -9999 -9999 -9999 -9999 -9999 -9999 -9999 -9999 -9999 -9999 -9999 -9999 -9999 -9999 -9999 -9999 -9999 -9999 -9999 -9999 -9999 -9999 -9999 -9999 -9999 -9999 -9999 -9999 -9999 -9999
-9999 14.661 14.382 14.51 -9999 14.989 13.795 13.934 14.832 -9999 13.346 13.799 12.799 12.784 -9999 14.063 13.401 14.657 15.743 15.644 15.719 15.446 15.088 14.715 14.099 14.704 15.617 16.089 -9999 16.107 15.695 15.478 15.42 15.244 14.847 15.175 -9999 -9999 -9999 -9999 -9999 -9999 -9999 -9999 -9999 -9999 -9999 -9999 -9999 -9999 -9999 -9999 -9999 -9999 -9999 -9999 -9999 -9999 -9999 -9999 -9999 -9999 -9999 -9999 -9999 -9999 -9999 -9999 -9999 -9999 -9999 -9999 -9999 -9999 -9999
-9999 14.817 14.824 -9999 -9999 14.388 13.194 14.201 -9999 14.104 13.868 13.834 13.295 13.786 -9999 15.042 15.015 15.493 15.805 15.674 15.389 14.972 13.307 13.299 13.655 14.412 15.512 16.179 16.307 16.397 -9999 -9999 15.929 15.557 -9999 -9999 -9999 -9999 -9999 -9999 15.518 15.47 15.626 -9999 -9999 -9999 -9999 -9999 -9999 -9999 -9999 -9999 -9999 -9999 -9999 -9999 -9999 -9999 -9999 -9999 -9999 -9999 -9999 -9999 -9999 -9999 -9999 -9999 -9999 -9999 -9999 -9999 -9999 -9999 -9999
14.675 14.166 -9999 -9999 13.985 13.616 14.456 13.944 -9999 14.124 13.706 14.558 14.58 13.454 -9999 -9999 -9999 15.852 15.407 14.712 14.561 14.316 14.435 14.931 15.063 15.557 15.725 15.672 15.81 16.07 16.125 15.879 15.688 15.858 -9999 -9999 -9999 -9999 -9999 15.51 15.451 15.424 15.767 15.813 -9999 -9999 -9999 -9999 -9999 -9999 -9999 -9999 -9999 -9999 -9999 -9999 -9999 -9999 -9999 -9999 -9999 -9999 -9999 -9999 -9999 -9999 -9999 -9999 -9999 -9999 -9999 -9999 -9999 -9999 -9999
13.905 14.332 -9999 -9999 -9999 14.984 13.746 14.206 -9999 14.087 -9999 14.955 13.873 14.857 -9999 15.52 15.144 15.069 -9999 15.246 15.522 15.473 15.733 15.662 15.748 15.686 15.458 15.16 15.316 15.499 15.097 15.103 15.639 15.924 16.012 15.913 15.91 -9999 15.647 15.444 15.437 15.647 15.409 15.028 14.886 15.728 -9999 -9999 -9999 -9999 -9999 -9999 -9999 -9999 -9999 -9999 -9999 -9999 -9999 -9999 -9999 -9999 -9999 -9999 -9999 -9999 -9999 -9999 -9999 -9999 -9999 -9999 -9999 -9999 -9999
14.248 -9999 -9999 -9999 -9999 14.006 13.425 14.677 -9999 15.1 -9999 15.001 15.378 -9999 15.217 14.421 14.161 15.067 15.644 15.907 15.871 16.022 16.014 15.765 15.748 15.458 14.862 14.688 14.843 14.939 14.98 15.261 15.541 15.592 15.516 15.324 15.751 15.73 15.248 15.329 15.367 15.246 14.603 14.273 14.089 14.488 15.344 15.427 15.214 -9999 -9999 -9999 -9999 -9999 -9999 -9999 -9999 -9999 -9999 -9999 -9999 -9999 -9999 -9999 -9999 -9999 -9999 -9999 -9999 -9999 -9999 -9999 -9999 -9999 -9999
15.229 -9999 -9999 -9999 -9999 13.997 14.787 14.463 14.171 -9999 -9999 15.627 15.565 -9999 15.087 13.895 13.795 14.884 15.374 15.915 16.152 16.151 16.089 16.238 16.052 15.564 15.011 14.424 14.489 14.644 14.859 14.889 14.743 14.592 14.264 14.847 15.565 15.425 15.128 15.014 14.663 13.627 13.49 13.968 14.026 14.46 14.529 15.1 15.246 14.987 -9999 -9999 -9999 -9999 -9999 -9999 -9999 -9999 -9999 -9999 -9999 -9999 -9999 -9999 -9999 -9999 -9999 -9999 -9999 -9999 -9999 -9999 -9999 -9999 -9999
-9999 -9999 -9999 -9999 -9999 14.648 14.762 13.927 14.963 -9999 -9999 15.472 15.539 -9999 -9999 14.024 14.302 15.179 15.15 15.11 15.466 15.649 15.794 15.612 16.048 16.056 15.358 14.866 14.44 14.278 14.096 14.142 13.758 13.702 14.273 14.789 14.903 14.823 14.569 14.223 13.646 13.554 13.567 13.993 14.28 14.631 15.238 15.348 15.041 14.915 -9999 -9999 -9999 -9999 -9999 -9999 -9999 -9999 -9999 -9999 -9999 -9999 -9999 -9999 -9999 -9999 -9999 -9999 -9999 -9999 -9999 -9999 -9999 -9999 -9999
-9999 -9999 -9999 -9999 -9999 15.039 14.3 14.489 -9999 -9999 -9999 -9999 15.465 -9999 15.227 14.32 15.235 15.503 14.882 14.658 14.617 15.037 15.089 15.238 15.468 15.751 15.653 14.822 14.302 14.218 14.248 13.864 13.595 14.04 14.371 14.309 14.223 13.688 13.809 14.054 14.251 14.201 14.117 14.346 14.544 14.983 15.491 15.482 15.377 15.304 14.935 -9999 -9999 -9999 -9999 -9999 -9999 -9999 -9999 -9999 -9999 -9999 -9999 -9999 -9999 -9999 -9999 -9999 -9999 -9999 -9999 -9999 -9999 -9999 -9999
-9999 -9999 -9999 14.225 14.278 14.168 14.585 -9999 -9999 14.083 -9999 -9999 -9999 -9999 15.233 15.097 15.571 15.467 15.121 14.657 14.398 14.373 14.28 14.363 14.856 15.174 15.292 15.23 14.539 14.508 14.37 14.272 14.468 14.387 13.949 14.026 13.077 12.767 13.408 13.93 14.282 14.637 14.654 14.794 14.733 15.084 15.534 15.672 15.676 15.527 15.357 -9999 -9999 -9999 -9999 -9999 -9999 -9999 -9999 -9999 -9999 -9999 -9999 -9999 -9999 -9999 -9999 -9999 -9999 -9999 -9999 -9999 -9999 -9999 -9999
-9999 -9999 -9999 -9999 13.9 14.093 14.938 -9999 14.202 13.412 14.177 -9999 -9999 -9999 -9999 15.622 15.706 15.72 15.441 15.069 14.737 14.325 14.253 14.5 14.76 14.892 15.135 14.834 14.962 14.715 14.498 14.309 14.302 13.832 14.527 14.02 13.878 13.744 13.282 13.59 14.459 14.767 15.132 15.19 15.169 15.378 15.624 15.756 15.778 15.516 15.467 15.338 -9999 -9999 -9999 -9999 -9999 -9999 -9999 -9999 -9999 -9999 -9999 -9999 -9999 -9999 -9999 -9999 -9999 -9999 -9999 -9999 -9999 -9999 -9999
-9999 -9999 -9999 -9999 14.299 14.155 14.508 -9999 14.728 13.753 14.638 -9999 -9999 -9999 -9999 -9999 15.694 15.72 15.631 15.516 15.338 15.09 14.808 14.43 13.994 14.188 14.564 14.862 14.832 14.546 14.368 14.435 14.165 14.273 14.651 14.436 14.353 14.37 14.775 14.828 15.084 15.158 15.456 15.309 15.541 15.964 15.999 15.979 15.849 15.655 15.272 15.41 15.4 -9999 -9999 -9999 -9999 -9999 -9999 -9999 -9999 -9999 -9999 -9999 -9999 -9999 -9999 -9999 -9999 -9999 -9999 -9999 -9999 -9999 -9999
-9999 -9999 -9999 -9999 14.126 13.66 -9999 -9999 15.257 14.487 14.16 15.065 -9999 -9999 -9999 -9999 -9999 15.656 15.453 15.329 15.327 14.694 14.1 13.801 13.504 13.669 14.09 14.502 14.258 14.473 14.413 14.059 13.908 14.3 12.961 13.899 13.758 14.576 14.167 14.747 15.307 15.234 15.476 15.664 15.961 15.894 15.596 15.5 15.66 15.495 15.729 15.164 15.457 15.46 15.481 -9999 -9999 -9999 -9999 -9999 -9999 -9999 -9999 -9999 -9999 -9999 -9999 -9999 -9999 -9999 -9999 -9999 -9999 -9999 -9999
-9999 -9999 -9999 -9999 13.761 14.408 -9999 -9999 14.57 13.703 13.941 -9999 -9999 -9999 -9999 -9999 -9999 15.667 15.487 15.373 15.149 14.59 14.34 14.325 14.054 13.988 13.938 14.063 14.163 14.234 13.352 12.695 13.606 12.629 12.195 12.729 13.994 13.959 14.68 15.464 15.058 15.222 15.517 15.509 15.603 15.704 15.498 15.444 14.921 14.781 15.505 15.377 15.116 15.485 15.559 -9999 -9999 -9999 -9999 -9999 -9999 -9999 -9999 -9999 -9999 -9999 -9999 -9999 -9999 -9999 -9999 -9999 -9999 -9999 -9999
-9999 -9999 -9999 -9999 14.063 14.908 -9999 -9999 -9999 14.784 14.616 14.792 -9999 -9999 -9999 -9999 -9999 15.73 15.536 15.428 15.232 14.865 14.727 14.169 13.461 13.229 13.781 13.789 14.327 14.145 13.4 13.244 13.731 12.216 12.859 13.66 13.435 13.977 15.066 14.817 15.105 15.104 15.275 15.592 15.445 15.248 15.249 14.828 13.551 13.941 14.632 15.401 15.261 15.302 15.481 -9999 -9999 -9999 -9999 -9999 -9999 -9999 -9999 -9999 -9999 -9999 -9999 -9999 -9999 -9999 -9999 -9999 -9999 -9999 -9999
-9999 -9999 -9999 13.647 14.062 14.647 -9999 -9999 -9999 -9999 -9999 -9999 -9999 -9999 -9999 -9999 -9999 15.446 15.271 15.245 15.015 14.724 14.543 13.868 13.518 13.53 13.87 14.059 13.807 13.794 13.004 13.194 12.537 12.215 12.939 13.709 13.465 13.977 14.243 14.775 14.798 15.18 15.154 15.06 15.266 14.972 14.812 13.703 13.489 13.356 14.61 15.518 15.618 15.439 15.398 15.713 -9999 -9999 -9999 -9999 -9999 -9999 -9999 -9999 -9999 -9999 -9999 -9999 -9999 -9999 -9999 -9999 -9999 -9999 -9999
-9999 -9999 13.542 13.602 13.684 14.734 -9999 -9999 -9999 -9999 -9999 -9999 -9999 -9999 -9999 15.811 15.57 15.459 15.082 14.57 14.201 14.358 14.407 14.351 14.216 14.67 14.221 13.385 13.514 13.53 13.525 13.883 13.376 12.49 13.907 13.748 13.776 13.975 14.432 14.833 15.236 14.673 14.734 15.049 14.96 14.683 13.915 13.722 13.672 13.785 14.564 15.646 15.823 15.52 15.468 15.629 -9999 -9999 -9999 -9999 -9999 -9999 -9999 -9999 -9999 -9999 -9999 -9999 -9999 -9999 -9999 -9999 -9999 -9999 -9999
-9999 -9999 13.576 14.112 14.975 -9999 -9999 -9999 -9999 -9999 -9999 -9999 -9999 -9999 -9999 15.832 15.878 15.561 14.731 14.228 14.275 13.678 13.353 13.498 13.539 13.953 14.115 14.295 14.118 13.642 14.004 14.501 14.132 13.77 13.093 13.637 13.478 14.176 14.575 15.249 14.849 14.685 14.885 14.776 14.319 13.675 13.336 13.779 14.186 14.572 15.126 15.115 15.113 15.357 15.413 15.575 -9999 -9999 -9999 -9999 -9999 -9999 -9999 -9999 -9999 -9999 -9999 -9999 -9999 -9999 -9999 -9999 -9999 -9999 -9999
-9999 -9999 -9999 -9999 -9999 -9999 -9999 -9999 -9999 -9999 -9999 -9999 -9999 -9999 -9999 15.925 15.841 14.845 14.572 14.31 14.069 13.189 13.138 12.58 13.046 13.482 14.01 14.306 13.982 12.716 13.358 14.722 14.754 13.42 13.39 13.719 13.845 13.834 14.613 14.195 14.035 14.382 13.997 13.659 13.276 14.027 14.081 14.143 14.295 14.56 15.383 15.54 15.365 15.478 15.725 15.769 -9999 -9999 -9999 -9999 -9999 -9999 -9999 -9999 -9999 -9999 -9999 -9999 -9999 -9999 -9999 -9999 -9999 -9999 -9999
-9999 -9999 -9999 -9999 -9999 -9999 -9999 -9999 -9999 -9999 -9999 -9999 -9999 -9999 15.643 15.193 14.556 14.547 14.027 14.208 14.121 13.966 12.947 13.041 12.95 13.339 13.727 14.772 14.342 13.772 14.042 14.637 14.81 14.357 14.165 14.071 13.909 13.957 13.52 14.283 14.553 14.308 13.987 12.899 13.768 13.567 13.963 14.473 14.363 14.556 14.521 15.323 15.739 15.878 15.881 15.892 -9999 -9999 -9999 -9999 -9999 -9999 -9999 -9999 -9999 -9999 -9999 -9999 -9999 -9999 -9999 -9999 -9999 -9999 -9999
-9999 -9999 -9999 -9999 -9999 -9999 -9999 -9999 -9999 -9999 -9999 -9999 -9999 -9999 14.998 14.777 14.429 13.471 13.72 14.238 14.181 13.406 14.097 13.625 13.45 13.783 14.284 15.299 15.18 14.641 14.364 14.502 15.276 14.929 14.744 14.621 14.515 13.717 14.688 14.149 14.556 14.545 13.152 14.341 13.848 13.904 14.343 14.311 14.773 14.646 14.288 14.831 15.408 15.601 15.785 15.929 -9999 -9999 -9999 -9999 -9999 -9999 -9999 -9999 -9999 -9999 -9999 -9999 -9999 -9999 -9999 -9999 -9999 -9999 -9999
-9999 -9999 -9999 -9999 -9999 -9999 -9999 -9999 -9999 -9999 -9999 -9999 -9999 15.182 14.689 14.875 13.822 14.01 13.676 12.841 13.424 14.065 14.388 13.948 14.156 14.264 14.309 14.779 14.966 14.725 14.773 15.608 15.6 15.228 14.706 14.64 13.897 14.887 14.589 14.159 14.916 13.841 13.748 14.492 14.712 14.857 14.369 14.431 14.592 14.366 14.701 15.076 15.465 15.652 15.773 15.961 15.976 -9999 -9999 -9999 -9999 -9999 -9999 -9999 -9999 -9999 -9999 -9999 -9999 -9999 -9999 -9999 -9999 -9999 -9999
-9999 -9999 -9999 -9999 -9999 -9999 -9999 -9999 -9999 -9999 -9999 -9999 14.873 14.813 14.847 14.844 14.583 14.319 13.629 13.758 13.722 13.5 14.858 14.875 14.672 14.327 14.323 14.679 15.116 15.594 15.791 15.49 15.775 15.434 14.972 14.632 14.903 15.221 14.923 14.939 15.149 14.02 13.737 14.132 14.315 14.451 14.543 14.872 14.814 14.533 14.997 15.247 15.469 15.651 15.932 16.03 16.07 -9999 -9999 -9999 -9999 -9999 -9999 -9999 -9999 -9999 -9999 -9999 -9999 -9999 -9999 -9999 -9999 -9999 -9999
-9999 -9999 -9999 -9999 -9999 -9999 -9999 -9999 -9999 -9999 -9999 -9999 14.704 13.713 14.619 14.752 14.77 14.899 14.258 13.09 13.376 14.601 14.94 15.262 14.995 14.736 14.555 14.442 15.701 16.12 15.86 15.845 15.472 15.55 15.096 15.218 15.212 15.512 15.314 15.406 14.9 14.535 14.124 14.075 14.315 14.374 14.932 15.285 15.106 15.025 15.002 15.181 15.551 15.938 16.003 16.064 16.102 -9999 -9999 -9999 -9999 -9999 -9999 -9999 -9999 -9999 -9999 -9999 -9999 -9999 -9999 -9999 -9999 -9999 -9999
-9999 -9999 -9999 -9999 -9999 -9999 -9999 -9999 -9999 -9999 -9999 14.56 13.746 14.215 14.435 14.594 14.949 15.128 14.277 13.806 14.24 14.396 14.975 15.166 15.28 14.897 14.541 15.303 15.644 15.923 16.267 15.814 15.786 15.62 15.683 15.573 15.655 15.823 15.788 15.352 15.468 14.88 14.161 14.497 14.507 14.631 14.731 15.22 15.372 15.708 15.355 15.359 15.651 16.035 16.239 16.155 16.122 16.194 -9999 -9999 -9999 -9999 -9999 -9999 -9999 -9999 -9999 -9999 -9999 -9999 -9999 -9999 -9999 -9999 -9999
-9999 -9999 -9999 -9999 -9999 -9999 -9999 -9999 -9999 -9999 14.68 -9999 14.745 14.367 14.434 14.635 15.106 15.516 15.125 15.02 14.421 14.024 14.747 15.317 15.508 15.452 15.403 15.521 15.671 15.918 16.092 15.819 16.043 16.036 16.04 16.021 16.146 16.194 16.081 15.918 15.601 15.168 15.21 14.985 14.917 14.886 15.18 15.572 16.177 15.59 15.235 15.578 15.864 16.07 16.214 16.329 16.35 16.217 -9999 -9999 -9999 -9999 -9999 -9999 -9999 -9999 -9999 -9999 -9999 -9999 -9999 -9999 -9999 -9999 -9999
