Validation/Results/raw data/ReClimate_05_2024_2weatherlogisticsltd.asc
NCOLS 192
NROWS 249
XLLCENTER -225160.85627316462
YLLCENTER 29788.11610251502
CELLSIZE 5000.0
NODATA_VALUE -9999
[rows 99 to 131 of 249, columns 74 to 147 of 192]
143.657 143.842 144.068 144.229 144.424 144.461 144.438 144.407 -9999 -9999 143.798 143.42 142.956 142.501 142.063 141.645 141.244 140.862 140.495 140.144 139.807 139.474 139.136 138.804 138.491 138.251 137.974 137.284 136.044 136.156 136.889 136.703 136.502 136.298 136.097 135.898 135.696 135.487 135.268 135.166 135.2 135.246 135.289 135.332 135.379 -9999 -9999 -9999 -9999 -9999 -9999 -9999 -9999 -9999 -9999 -9999 -9999 -9999 -9999 -9999 -9999 -9999 -9999 -9999 -9999 -9999 -9999 -9999 -9999 -9999 -9999 -9999 -9999 -9999
143.824 144.001 144.161 -9999 -9999 144.545 144.571 -9999 -9999 -9999 144.094 143.695 143.212 142.744 142.298 141.873 141.469 141.083 140.716 140.365 140.029 139.697 139.358 139.025 138.711 138.416 138.138 137.272 136.769 137.125 137.164 136.952 136.757 136.558 136.363 136.17 135.975 135.775 135.564 135.458 135.483 135.529 135.573 135.615 135.663 -9999 -9999 -9999 -9999 -9999 -9999 -9999 -9999 -9999 -9999 -9999 -9999 -9999 -9999 -9999 -9999 -9999 -9999 -9999 -9999 -9999 -9999 -9999 -9999 -9999 -9999 -9999 -9999 -9999
144.212 -9999 144.495 144.61 144.719 -9999 -9999 -9999 -9999 144.511 144.257 143.915 143.479 142.983 142.521 142.092 141.685 141.298 140.93 140.579 140.244 139.912 139.572 139.239 138.925 138.361 137.249 136.953 137.731 137.629 137.406 137.202 137.001 136.805 136.615 136.426 136.238 136.046 135.846 135.741 135.766 135.817 135.864 135.91 -9999 -9999 -9999 -9999 -9999 -9999 -9999 -9999 -9999 -9999 -9999 -9999 -9999 -9999 -9999 -9999 -9999 -9999 -9999 -9999 -9999 -9999 -9999 -9999 -9999 -9999 -9999 -9999 -9999 -9999
144.645 144.779 144.896 145.015 145.132 144.601 144.235 -9999 -9999 144.769 -9999 -9999 143.554 143.068 142.734 142.302 141.893 141.505 141.138 140.788 140.454 140.121 139.776 139.442 139.132 138.444 137.98 138.277 138.079 137.852 137.636 137.429 137.231 137.039 136.852 136.668 136.485 136.301 136.11 136.011 136.041 136.096 136.132 -9999 -9999 -9999 -9999 -9999 -9999 -9999 -9999 -9999 -9999 -9999 -9999 -9999 -9999 -9999 -9999 -9999 -9999 -9999 -9999 -9999 -9999 -9999 -9999 -9999 -9999 -9999 -9999 -9999 -9999 -9999
145.014 145.135 145.232 145.392 145.659 -9999 -9999 -9999 145.327 145.029 144.626 144.208 143.658 143.236 142.897 142.505 142.096 141.708 141.341 140.99 140.652 140.312 139.965 139.634 139.328 139.015 138.753 138.524 138.287 138.063 137.85 137.646 137.45 137.261 137.077 136.897 136.718 136.54 -9999 -9999 136.31 -9999 -9999 -9999 -9999 -9999 -9999 -9999 -9999 -9999 -9999 -9999 -9999 -9999 -9999 -9999 -9999 -9999 -9999 -9999 -9999 -9999 -9999 -9999 -9999 -9999 -9999 -9999 -9999 -9999 -9999 -9999 -9999 -9999
145.421 145.486 145.504 -9999 145.596 -9999 -9999 -9999 145.592 145.292 144.933 144.481 143.951 143.493 143.021 142.605 142.268 141.908 141.537 141.174 140.832 140.492 140.145 139.817 139.514 139.232 138.968 138.72 138.487 138.265 138.055 137.853 137.66 137.473 137.291 137.114 136.938 -9999 136.588 136.511 136.569 136.587 -9999 -9999 -9999 -9999 -9999 -9999 -9999 -9999 -9999 -9999 -9999 -9999 -9999 -9999 -9999 -9999 -9999 -9999 -9999 -9999 -9999 -9999 -9999 -9999 -9999 -9999 -9999 -9999 -9999 -9999 -9999 -9999
-9999 145.89 -9999 -9999 -9999 -9999 145.615 145.513 145.866 145.597 145.242 144.799 144.287 143.764 143.256 142.783 142.336 142.0 141.673 141.343 141.005 140.666 140.316 139.992 139.693 139.414 139.154 138.909 138.679 138.46 138.252 138.053 137.862 137.677 137.497 -9999 137.147 136.975 136.801 136.735 136.805 136.784 -9999 -9999 -9999 -9999 -9999 -9999 -9999 -9999 -9999 -9999 -9999 -9999 -9999 -9999 -9999 -9999 -9999 -9999 -9999 -9999 -9999 -9999 -9999 -9999 -9999 -9999 -9999 -9999 -9999 -9999 -9999 -9999
-9999 -9999 -9999 -9999 -9999 -9999 146.132 146.177 146.135 145.918 145.56 145.121 144.61 144.09 143.562 143.023 142.526 142.051 141.687 141.39 141.107 140.806 140.48 140.16 139.865 139.59 139.333 139.092 138.865 138.649 138.443 138.247 138.057 137.874 137.696 137.521 137.348 137.174 136.99 136.911 136.945 136.959 136.936 -9999 -9999 -9999 -9999 -9999 -9999 -9999 -9999 -9999 -9999 -9999 -9999 -9999 -9999 -9999 -9999 -9999 -9999 -9999 -9999 -9999 -9999 -9999 -9999 -9999 -9999 -9999 -9999 -9999 -9999 -9999
-9999 -9999 -9999 -9999 -9999 146.517 -9999 -9999 146.394 146.144 145.702 145.306 144.939 -9999 -9999 143.326 142.744 142.212 141.742 141.375 141.112 140.822 140.521 140.24 139.976 139.728 139.492 139.266 139.046 138.833 138.63 138.435 138.244 137.937 137.448 137.245 137.037 137.2 137.083 137.011 137.031 137.046 137.056 136.964 -9999 -9999 -9999 -9999 -9999 -9999 -9999 -9999 -9999 -9999 -9999 -9999 -9999 -9999 -9999 -9999 -9999 -9999 -9999 -9999 -9999 -9999 -9999 -9999 -9999 -9999 -9999 -9999 -9999 -9999
-9999 -9999 -9999 -9999 -9999 146.862 -9999 146.765 146.634 146.343 145.919 145.609 145.281 144.747 144.185 143.595 143.015 142.443 141.907 141.447 141.069 140.783 140.504 140.243 139.997 139.763 139.539 139.322 139.112 138.908 138.709 138.514 138.319 137.753 137.018 136.92 137.284 137.2 137.149 137.1 137.119 137.135 137.148 -9999 -9999 -9999 -9999 -9999 -9999 -9999 -9999 -9999 -9999 -9999 -9999 -9999 -9999 -9999 -9999 -9999 -9999 -9999 -9999 -9999 -9999 -9999 -9999 -9999 -9999 -9999 -9999 -9999 -9999 -9999
-9999 -9999 -9999 -9999 -9999 147.208 -9999 147.016 146.882 146.65 146.41 146.166 -9999 145.069 144.458 -9999 143.279 142.706 142.142 141.609 141.138 140.735 140.467 140.216 139.979 139.754 139.539 139.33 139.128 138.93 138.736 138.543 138.352 137.865 137.689 137.689 137.507 137.364 137.21 -9999 -9999 -9999 -9999 -9999 -9999 -9999 -9999 -9999 -9999 -9999 -9999 -9999 -9999 -9999 -9999 -9999 -9999 -9999 -9999 -9999 -9999 -9999 -9999 -9999 -9999 -9999 -9999 -9999 -9999 -9999 -9999 -9999 -9999 -9999
-9999 -9999 -9999 147.692 147.621 -9999 -9999 147.315 147.144 146.976 146.786 146.47 146.005 145.363 144.739 -9999 143.541 142.964 142.397 141.835 141.269 140.782 140.424 140.184 139.957 139.741 139.534 139.333 139.137 138.944 138.755 138.566 138.379 138.19 137.999 137.804 137.604 137.394 -9999 -9999 -9999 -9999 -9999 -9999 -9999 -9999 -9999 -9999 -9999 -9999 -9999 -9999 -9999 -9999 -9999 -9999 -9999 -9999 -9999 -9999 -9999 -9999 -9999 -9999 -9999 -9999 -9999 -9999 -9999 -9999 -9999 -9999 -9999 -9999
-9999 -9999 148.176 148.09 147.982 -9999 147.753 147.61 147.422 147.238 -9999 146.751 146.263 145.675 145.032 -9999 143.807 143.22 142.647 142.069 141.459 140.897 140.447 140.147 139.93 139.724 139.524 139.33 139.14 -9999 138.768 138.584 138.399 138.213 138.023 137.829 137.629 -9999 -9999 -9999 -9999 -9999 -9999 -9999 -9999 -9999 -9999 -9999 -9999 -9999 -9999 -9999 -9999 -9999 -9999 -9999 -9999 -9999 -9999 -9999 -9999 -9999 -9999 -9999 -9999 -9999 -9999 -9999 -9999 -9999 -9999 -9999 -9999 -9999
-9999 -9999 148.574 148.461 -9999 -9999 148.069 147.897 147.704 -9999 147.292 146.964 146.502 145.937 145.344 -9999 144.081 143.479 142.892 142.286 141.662 141.064 140.544 140.132 139.901 139.703 139.512 139.324 139.14 138.958 138.777 -9999 -9999 138.229 138.041 -9999 -9999 -9999 -9999 -9999 -9999 137.469 137.538 137.565 -9999 -9999 -9999 -9999 -9999 -9999 -9999 -9999 -9999 -9999 -9999 -9999 -9999 -9999 -9999 -9999 -9999 -9999 -9999 -9999 -9999 -9999 -9999 -9999 -9999 -9999 -9999 -9999 -9999 -9999
-9999 149.128 148.995 -9999 -9999 148.563 148.41 148.209 147.969 -9999 147.548 147.166 146.712 146.176 145.604 -9999 -9999 -9999 143.13 142.482 141.852 141.256 140.684 140.221 139.87 139.681 139.497 139.316 139.137 138.959 138.782 138.603 138.424 138.241 138.053 -9999 -9999 -9999 -9999 -9999 137.361 137.477 137.523 137.556 137.581 -9999 -9999 -9999 -9999 -9999 -9999 -9999 -9999 -9999 -9999 -9999 -9999 -9999 -9999 -9999 -9999 -9999 -9999 -9999 -9999 -9999 -9999 -9999 -9999 -9999 -9999 -9999 -9999 -9999
149.716 149.581 149.444 -9999 -9999 -9999 148.782 148.538 148.274 -9999 147.776 -9999 146.917 146.393 145.841 -9999 144.668 144.029 143.361 -9999 142.033 141.435 140.871 140.338 139.927 139.659 139.481 139.306 139.131 138.957 138.782 138.599 138.387 138.161 137.934 137.692 137.454 137.368 -9999 137.331 137.369 137.389 137.401 137.395 137.383 137.377 137.383 -9999 -9999 -9999 -9999 -9999 -9999 -9999 -9999 -9999 -9999 -9999 -9999 -9999 -9999 -9999 -9999 -9999 -9999 -9999 -9999 -9999 -9999 -9999 -9999 -9999 -9999 -9999
150.226 150.077 -9999 -9999 -9999 -9999 149.178 148.937 148.705 -9999 148.02 -9999 147.145 146.629 -9999 145.494 144.905 144.291 143.586 142.876 142.211 141.605 141.054 140.513 140.021 139.642 139.466 139.294 139.121 138.929 138.696 138.456 138.211 137.969 137.728 137.485 137.304 137.272 137.259 137.252 137.245 137.225 137.186 137.152 137.127 137.111 137.107 137.107 137.004 136.716 -9999 -9999 -9999 -9999 -9999 -9999 -9999 -9999 -9999 -9999 -9999 -9999 -9999 -9999 -9999 -9999 -9999 -9999 -9999 -9999 -9999 -9999 -9999 -9999
-9999 150.613 -9999 -9999 -9999 -9999 149.601 149.364 149.1 148.721 -9999 -9999 147.393 146.879 -9999 145.735 145.126 144.473 143.78 143.101 142.416 141.8 141.256 140.715 140.162 139.738 139.449 139.255 139.01 138.75 138.496 138.248 138.003 137.759 137.515 137.285 137.184 137.161 137.143 137.121 137.066 137.009 136.96 136.917 136.881 136.852 136.833 136.819 136.82 136.834 136.452 -9999 -9999 -9999 -9999 -9999 -9999 -9999 -9999 -9999 -9999 -9999 -9999 -9999 -9999 -9999 -9999 -9999 -9999 -9999 -9999 -9999 -9999 -9999
151.352 -9999 -9999 -9999 -9999 -9999 150.052 149.798 149.479 149.037 -9999 -9999 147.66 147.14 -9999 -9999 145.329 144.627 143.953 143.284 142.65 142.069 141.495 140.933 140.366 139.82 139.348 139.066 138.798 138.537 138.283 138.034 137.787 137.54 137.293 137.109 137.076 137.046 137.004 136.93 136.861 136.798 136.741 136.689 136.642 136.603 136.569 136.544 136.521 136.487 136.433 -9999 -9999 -9999 -9999 -9999 -9999 -9999 -9999 -9999 -9999 -9999 -9999 -9999 -9999 -9999 -9999 -9999 -9999 -9999 -9999 -9999 -9999 -9999
151.967 -9999 -9999 -9999 -9999 -9999 150.537 150.254 149.865 -9999 -9999 -9999 -9999 147.447 -9999 146.233 145.505 144.795 144.116 143.47 142.859 142.275 141.719 141.156 140.522 139.8 139.237 138.85 138.58 138.319 138.063 137.811 137.562 137.313 137.086 137.002 136.962 136.902 136.817 136.737 136.663 136.593 136.528 136.467 136.411 136.359 136.307 136.244 136.175 136.105 136.037 136.099 -9999 -9999 -9999 -9999 -9999 -9999 -9999 -9999 -9999 -9999 -9999 -9999 -9999 -9999 -9999 -9999 -9999 -9999 -9999 -9999 -9999 -9999
152.71 -9999 -9999 -9999 151.562 151.318 151.057 150.727 -9999 -9999 149.261 -9999 -9999 -9999 -9999 146.461 145.705 144.985 144.3 143.65 143.034 142.45 141.867 141.204 140.482 139.764 139.117 138.627 138.355 138.091 137.833 137.579 137.327 137.086 136.938 136.891 136.818 136.723 136.634 136.549 136.469 136.392 136.319 136.247 136.168 136.089 136.004 135.919 135.834 135.749 135.663 135.608 -9999 -9999 -9999 -9999 -9999 -9999 -9999 -9999 -9999 -9999 -9999 -9999 -9999 -9999 -9999 -9999 -9999 -9999 -9999 -9999 -9999 -9999
-9999 -9999 -9999 -9999 -9999 151.89 151.615 151.228 -9999 150.153 149.631 149.113 -9999 -9999 -9999 -9999 145.924 145.192 144.496 143.835 143.205 142.574 141.851 141.107 140.378 139.652 138.936 138.402 138.093 137.839 137.588 137.336 137.081 136.883 136.829 136.749 136.646 136.548 136.454 136.36 136.266 136.173 136.082 135.988 135.894 135.8 135.705 135.61 135.513 135.415 135.315 135.235 135.448 -9999 -9999 -9999 -9999 -9999 -9999 -9999 -9999 -9999 -9999 -9999 -9999 -9999 -9999 -9999 -9999 -9999 -9999 -9999 -9999 -9999
-9999 -9999 -9999 -9999 -9999 152.525 152.209 151.753 -9999 150.604 150.044 149.49 -9999 -9999 -9999 -9999 -9999 145.405 144.7 144.023 143.34 142.544 141.752 140.987 140.239 139.498 138.757 138.165 137.776 137.527 137.278 137.028 136.81 136.737 136.658 136.549 136.443 136.34 136.237 136.134 136.032 135.93 135.828 135.727 135.625 135.523 135.42 135.315 135.208 135.097 134.988 134.901 135.012 135.325 -9999 -9999 -9999 -9999 -9999 -9999 -9999 -9999 -9999 -9999 -9999 -9999 -9999 -9999 -9999 -9999 -9999 -9999 -9999 -9999
-9999 -9999 -9999 -9999 -9999 153.577 152.942 -9999 -9999 151.079 150.495 149.895 149.241 -9999 -9999 -9999 -9999 -9999 144.912 144.175 143.311 142.456 141.641 140.854 140.086 139.328 138.571 137.899 137.433 137.184 136.938 136.717 136.624 136.553 136.44 136.332 136.225 136.119 136.012 135.905 135.798 135.691 135.583 135.474 135.366 135.256 135.144 135.031 134.914 134.793 134.677 134.6 134.706 134.965 135.22 135.512 -9999 -9999 -9999 -9999 -9999 -9999 -9999 -9999 -9999 -9999 -9999 -9999 -9999 -9999 -9999 -9999 -9999 -9999
-9999 -9999 -9999 -9999 -9999 154.557 153.832 -9999 -9999 151.655 150.959 150.213 -9999 -9999 -9999 -9999 -9999 -9999 145.093 144.167 143.235 142.355 141.515 140.706 139.916 139.138 138.365 137.619 137.085 136.83 136.609 136.507 136.443 136.336 136.228 136.121 136.015 135.907 135.797 135.685 135.572 135.458 135.344 135.229 135.113 134.996 134.876 134.755 134.629 134.498 134.408 134.554 134.724 134.969 135.219 135.477 -9999 -9999 -9999 -9999 -9999 -9999 -9999 -9999 -9999 -9999 -9999 -9999 -9999 -9999 -9999 -9999 -9999 -9999
-9999 -9999 -9999 -9999 -9999 155.53 154.263 -9999 -9999 -9999 151.294 150.475 149.698 -9999 -9999 -9999 -9999 -9999 145.123 144.108 143.147 142.24 141.374 140.539 139.726 138.927 138.134 137.342 136.773 136.487 136.386 136.328 136.235 136.127 136.023 135.919 135.813 135.703 135.589 135.471 135.351 135.231 135.109 134.987 134.864 134.74 134.613 134.484 134.35 134.252 134.354 134.592 134.831 135.073 135.32 135.574 -9999 -9999 -9999 -9999 -9999 -9999 -9999 -9999 -9999 -9999 -9999 -9999 -9999 -9999 -9999 -9999 -9999 -9999
-9999 -9999 -9999 -9999 157.256 156.472 155.577 -9999 -9999 -9999 -9999 -9999 -9999 -9999 -9999 -9999 -9999 -9999 145.033 144.034 143.047 142.108 141.213 140.351 139.513 138.69 137.876 137.064 136.467 136.263 136.207 136.132 136.024 135.923 135.825 135.725 135.62 135.506 135.386 135.26 135.133 135.004 134.876 134.746 134.617 134.485 134.352 134.215 134.12 134.229 134.444 134.679 134.916 135.156 135.401 135.654 135.885 -9999 -9999 -9999 -9999 -9999 -9999 -9999 -9999 -9999 -9999 -9999 -9999 -9999 -9999 -9999 -9999 -9999
-9999 -9999 -9999 158.758 158.284 157.713 156.918 -9999 -9999 -9999 -9999 -9999 -9999 -9999 -9999 -9999 146.784 145.992 144.917 143.906 142.927 141.959 141.031 140.139 139.272 138.423 137.591 136.809 136.299 136.076 136.014 135.915 135.814 135.72 135.63 135.537 135.433 135.314 135.184 135.049 134.913 134.776 134.64 134.504 134.368 134.231 134.091 133.992 134.099 134.289 134.513 134.747 134.983 135.223 135.467 135.718 135.983 -9999 -9999 -9999 -9999 -9999 -9999 -9999 -9999 -9999 -9999 -9999 -9999 -9999 -9999 -9999 -9999 -9999
-9999 -9999 -9999 159.832 159.369 158.64 -9999 -9999 -9999 -9999 -9999 -9999 -9999 -9999 -9999 -9999 146.913 145.837 144.767 143.748 142.751 141.781 140.824 139.898 139.0 138.141 137.371 136.684 136.138 135.879 135.799 135.694 135.599 135.514 135.434 135.352 135.252 135.123 134.979 134.832 134.687 134.543 134.4 134.258 134.116 133.972 133.865 133.951 134.13 134.332 134.566 134.8 135.036 135.276 135.52 135.771 136.058 -9999 -9999 -9999 -9999 -9999 -9999 -9999 -9999 -9999 -9999 -9999 -9999 -9999 -9999 -9999 -9999 -9999
-9999 -9999 -9999 -9999 -9999 -9999 -9999 -9999 -9999 -9999 -9999 -9999 -9999 -9999 -9999 -9999 146.859 145.697 144.602 143.553 142.541 141.549 140.578 139.632 138.751 137.973 137.242 136.54 135.958 135.664 135.564 135.464 135.375 135.296 135.226 135.159 135.067 134.916 134.757 134.602 134.449 134.299 134.151 134.004 133.857 133.736 133.78 133.96 134.148 134.37 134.604 134.84 135.077 135.317 135.563 135.815 136.115 -9999 -9999 -9999 -9999 -9999 -9999 -9999 -9999 -9999 -9999 -9999 -9999 -9999 -9999 -9999 -9999 -9999
-9999 -9999 -9999 -9999 -9999 -9999 -9999 -9999 -9999 -9999 -9999 -9999 -9999 -9999 -9999 148.276 146.737 145.55 144.42 143.338 142.293 141.285 140.329 139.45 138.628 137.84 137.089 136.367 135.754 135.429 135.32 135.222 135.136 135.058 134.988 134.92 134.81 134.666 134.492 134.305 134.196 134.043 133.891 133.74 133.601 133.584 133.767 133.953 134.157 134.393 134.63 134.868 135.107 135.349 135.596 135.85 136.159 -9999 -9999 -9999 -9999 -9999 -9999 -9999 -9999 -9999 -9999 -9999 -9999 -9999 -9999 -9999 -9999 -9999
-9999 -9999 -9999 -9999 -9999 -9999 -9999 -9999 -9999 -9999 -9999 -9999 -9999 -9999 -9999 148.359 146.615 145.386 144.217 143.109 142.079 141.11 140.201 139.329 138.49 137.682 136.907 136.164 135.521 135.169 135.062 134.966 134.878 134.797 134.718 134.632 134.52 134.373 134.18 134.08 133.925 133.771 133.618 133.465 133.385 133.548 133.739 133.936 134.164 134.404 134.644 134.885 135.128 135.373 135.622 135.878 136.196 -9999 -9999 -9999 -9999 -9999 -9999 -9999 -9999 -9999 -9999 -9999 -9999 -9999 -9999 -9999 -9999 -9999
-9999 -9999 -9999 -9999 -9999 -9999 -9999 -9999 -9999 -9999 -9999 -9999 -9999 -9999 150.256 148.386 146.564 145.247 144.079 142.992 141.97 141.0 140.074 139.186 138.33 137.503 136.702 135.927 135.255 134.896 134.79 134.692 134.601 134.514 134.425 134.327 134.213 134.065 133.936 133.788 133.636 133.482 133.329 133.209 133.297 133.495 133.695 133.912 134.16 134.405 134.649 134.895 135.14 135.389 135.645 135.914 136.282 136.599 -9999 -9999 -9999 -9999 -9999 -9999 -9999 -9999 -9999 -9999 -9999 -9999 -9999 -9999 -9999 -9999
