Validation/Results/raw data/ReClimate_07_2024_1_Temperatureweatherlogisticsltd.asc
NCOLS 192
NROWS 249
XLLCENTER -225160.85627316462
YLLCENTER 29788.11610251502
CELLSIZE 5000.0
NODATA_VALUE -9999
[rows 132 to 164 of 249, columns 76 to 151 of 192]
-9999 -9999 -9999 -9999 -9999 -9999 -9999 -9999 -9999 -9999 -9999 -0.174 -0.19 -0.206 -0.222 -0.246 -0.271 -0.3 -0.333 -0.332 -0.329 -0.351 -0.374 -0.389 -0.405 -0.419 -0.423 -0.414 -0.4 -0.382 -0.363 -0.355 -0.347 -0.344 -0.342 -0.316 -0.285 -0.276 -0.268 -0.259 -0.249 -0.215 -0.155 -0.098 -0.041 0.005 0.06 0.118 0.175 0.219 0.254 0.285 0.317 0.367 0.421 0.452 -9999 -9999 -9999 -9999 -9999 -9999 -9999 -9999 -9999 -9999 -9999 -9999 -9999 -9999 -9999 -9999 -9999 -9999 -9999 -9999
-9999 -9999 -9999 -9999 -9999 -9999 -9999 -9999 -9999 -9999 -9999 -0.172 -0.188 -0.209 -0.235 -0.258 -0.276 -0.306 -0.338 -0.341 -0.348 -0.363 -0.367 -0.382 -0.401 -0.414 -0.418 -0.41 -0.404 -0.388 -0.374 -0.363 -0.349 -0.342 -0.332 -0.311 -0.3 -0.293 -0.291 -0.276 -0.246 -0.203 -0.164 -0.107 -0.041 0.013 0.073 0.134 0.202 0.237 0.268 0.308 0.346 0.391 0.439 0.48 -9999 -9999 -9999 -9999 -9999 -9999 -9999 -9999 -9999 -9999 -9999 -9999 -9999 -9999 -9999 -9999 -9999 -9999 -9999 -9999
-9999 -9999 -9999 -9999 -9999 -9999 -9999 -9999 -9999 -9999 -0.156 -0.171 -0.189 -0.215 -0.243 -0.263 -0.282 -0.311 -0.343 -0.351 -0.36 -0.366 -0.37 -0.388 -0.406 -0.419 -0.419 -0.414 -0.408 -0.395 -0.381 -0.368 -0.355 -0.345 -0.335 -0.324 -0.313 -0.309 -0.307 -0.283 -0.243 -0.199 -0.159 -0.097 -0.028 0.03 0.088 0.155 0.218 0.249 0.276 0.318 0.362 0.406 0.45 0.49 0.513 -9999 -9999 -9999 -9999 -9999 -9999 -9999 -9999 -9999 -9999 -9999 -9999 -9999 -9999 -9999 -9999 -9999 -9999 -9999
-9999 -9999 -9999 -9999 -9999 -9999 -9999 -9999 -9999 -0.132 -9999 -0.159 -0.19 -0.215 -0.241 -0.259 -0.271 -0.296 -0.317 -0.332 -0.357 -0.367 -0.382 -0.397 -0.407 -0.416 -0.408 -0.406 -0.416 -0.402 -0.387 -0.373 -0.357 -0.347 -0.335 -0.323 -0.306 -0.3 -0.29 -0.261 -0.212 -0.168 -0.135 -0.075 -0.014 0.044 0.1 0.166 0.228 0.266 0.298 0.33 0.37 0.423 0.472 0.515 0.53 -9999 -9999 -9999 -9999 -9999 -9999 -9999 -9999 -9999 -9999 -9999 -9999 -9999 -9999 -9999 -9999 -9999 -9999 -9999
-9999 -9999 -9999 -9999 -9999 -9999 -9999 -9999 -9999 -0.118 -9999 -0.161 -0.192 -0.216 -0.242 -0.257 -0.271 -0.292 -0.313 -0.338 -0.361 -0.378 -0.393 -0.405 -0.415 -0.42 -0.409 -0.414 -0.422 -9999 -9999 -9999 -9999 -9999 -9999 -0.325 -0.307 -0.294 -0.279 -0.245 -0.188 -0.149 -0.116 -0.062 0.001 0.057 0.112 0.176 0.234 0.271 0.309 0.343 0.376 0.429 0.483 0.525 0.558 0.568 -9999 -9999 -9999 -9999 -9999 -9999 -9999 -9999 -9999 -9999 -9999 -9999 -9999 -9999 -9999 -9999 -9999 -9999
-0.052 -9999 -9999 -9999 -9999 -9999 -9999 -9999 -9999 -0.119 -0.137 -0.167 -0.195 -0.215 -0.227 -0.245 -0.269 -0.294 -0.319 -0.344 -0.368 -0.38 -0.382 -0.394 -0.409 -0.415 -0.415 -0.415 -0.414 -9999 -9999 -9999 -9999 -0.351 -0.347 -0.333 -0.316 -0.296 -0.267 -0.227 -0.175 -0.133 -0.093 -0.036 0.027 0.08 0.121 0.182 0.238 0.276 0.315 0.35 0.383 0.427 0.475 0.522 0.565 0.589 -9999 -9999 -9999 -9999 -9999 -9999 -9999 -9999 -9999 -9999 -9999 -9999 -9999 -9999 -9999 -9999 -9999 -9999
-0.053 -0.064 -9999 -9999 -9999 -9999 -9999 -9999 -9999 -0.124 -0.14 -0.169 -9999 -9999 -0.224 -0.247 -0.274 -0.302 -9999 -0.352 -0.379 -0.384 -0.386 -0.401 -0.415 -0.426 -0.423 -9999 -9999 -9999 -9999 -9999 -0.363 -0.357 -0.351 -0.333 -0.315 -0.29 -0.258 -0.213 -0.163 -0.118 -0.076 -0.018 0.045 0.091 0.13 0.188 0.241 0.279 0.32 0.355 0.389 0.433 0.475 0.521 0.565 0.604 -9999 -9999 -9999 -9999 -9999 -9999 -9999 -9999 -9999 -9999 -9999 -9999 -9999 -9999 -9999 -9999 -9999 -9999
-0.086 -0.087 -9999 -9999 -9999 -9999 -9999 -9999 -9999 -9999 -0.14 -0.165 -9999 -9999 -9999 -0.262 -0.274 -0.303 -0.332 -9999 -9999 -0.41 -0.421 -0.434 -0.434 -0.439 -9999 -9999 -9999 -9999 -9999 -0.373 -0.361 -0.349 -0.332 -0.316 -0.307 -0.284 -0.253 -0.202 -0.148 -0.107 -0.074 -0.014 0.051 0.097 0.14 0.194 0.25 0.284 0.324 0.358 0.39 0.443 0.491 0.536 0.58 0.61 -9999 -9999 -9999 -9999 -9999 -9999 -9999 -9999 -9999 -9999 -9999 -9999 -9999 -9999 -9999 -9999 -9999 -9999
-0.099 -9999 -9999 -9999 -9999 -9999 -9999 -9999 -9999 -9999 -9999 -0.163 -9999 -9999 -9999 -9999 -0.279 -0.311 -0.341 -9999 -9999 -9999 -0.438 -0.446 -9999 -9999 -9999 -9999 -9999 -9999 -9999 -0.376 -0.359 -0.339 -0.322 -0.31 -0.301 -0.282 -0.246 -0.191 -0.137 -0.103 -0.067 -0.004 0.059 0.107 0.147 0.2 0.255 0.291 0.328 0.363 0.394 0.446 0.499 0.544 0.585 0.616 -9999 -9999 -9999 -9999 -9999 -9999 -9999 -9999 -9999 -9999 -9999 -9999 -9999 -9999 -9999 -9999 -9999 -9999
-9999 -9999 -9999 -9999 -9999 -9999 -9999 -9999 -9999 -9999 -9999 -0.169 -9999 -9999 -9999 -9999 -9999 -0.327 -0.352 -9999 -9999 -9999 -9999 -9999 -9999 -9999 -9999 -9999 -9999 -9999 -9999 -0.375 -0.357 -0.341 -0.334 -0.32 -0.302 -0.285 -0.253 -0.203 -0.157 -0.115 -0.054 -0.0 0.039 0.092 0.158 0.207 0.254 0.296 0.336 0.38 0.417 0.459 0.505 0.543 0.581 0.626 0.651 -9999 -9999 -9999 -9999 -9999 -9999 -9999 -9999 -9999 -9999 -9999 -9999 -9999 -9999 -9999 -9999 -9999
-0.078 -0.072 -0.067 -0.069 -9999 -9999 -9999 -9999 -9999 -9999 -9999 -0.175 -9999 -9999 -9999 -9999 -9999 -9999 -9999 -9999 -9999 -9999 -9999 -9999 -9999 -9999 -9999 -9999 -9999 -9999 -0.392 -0.37 -0.354 -0.343 -0.334 -0.316 -0.298 -0.283 -0.25 -0.205 -0.161 -0.105 -0.044 -0.002 0.034 0.1 0.164 0.207 0.254 0.298 0.343 0.386 0.428 0.469 0.509 0.546 0.579 0.624 0.669 0.702 -9999 -9999 -9999 -9999 -9999 -9999 -9999 -9999 -9999 -9999 -9999 -9999 -9999 -9999 -9999 -9999
-0.071 -0.07 -0.08 -0.081 -9999 -9999 -9999 -9999 -9999 -9999 -9999 -9999 -9999 -9999 -9999 -9999 -9999 -9999 -9999 -9999 -9999 -9999 -9999 -9999 -9999 -9999 -9999 -9999 -9999 -0.385 -0.371 -0.355 -0.356 -0.338 -0.315 -0.302 -0.304 -0.281 -0.23 -0.184 -0.136 -0.077 -0.006 0.034 0.064 0.121 0.157 0.203 0.257 0.304 0.353 0.408 0.459 0.501 0.543 0.573 0.602 0.629 0.664 0.703 -9999 -9999 -9999 -9999 -9999 -9999 -9999 -9999 -9999 -9999 -9999 -9999 -9999 -9999 -9999 -9999
-0.071 -0.078 -9999 -0.088 -0.076 -9999 -9999 -9999 -9999 -9999 -9999 -9999 -9999 -9999 -9999 -9999 -9999 -9999 -9999 -9999 -9999 -9999 -9999 -9999 -9999 -9999 -9999 -9999 -9999 -0.385 -0.361 -0.352 -0.351 -0.325 -0.302 -0.299 -0.301 -0.267 -0.214 -0.166 -0.12 -0.057 0.013 0.049 0.079 0.121 0.156 0.205 0.26 0.307 0.354 0.408 0.465 0.507 0.549 0.581 0.608 0.637 0.662 0.7 0.733 0.773 -9999 -9999 -9999 -9999 -9999 -9999 -9999 -9999 -9999 -9999 -9999 -9999 -9999 -9999
-0.081 -0.087 -9999 -9999 -0.078 -9999 -9999 -9999 -9999 -9999 -9999 -9999 -9999 -9999 -9999 -9999 -9999 -9999 -9999 -9999 -9999 -9999 -9999 -9999 -9999 -9999 -9999 -9999 -9999 -0.39 -0.367 -0.353 -0.338 -0.317 -0.306 -0.297 -0.279 -0.247 -0.201 -0.151 -0.097 -0.04 0.014 0.054 0.094 0.136 0.173 0.221 0.274 0.328 0.381 0.427 0.48 0.51 0.545 0.576 0.602 0.642 0.675 0.702 0.728 0.772 0.811 0.848 0.882 -9999 -9999 -9999 -9999 -9999 -9999 -9999 -9999 -9999 -9999 -9999
-0.087 -0.088 -0.091 -9999 -0.079 -9999 -9999 -9999 -9999 -9999 -9999 -9999 -9999 -9999 -9999 -9999 -9999 -9999 -9999 -9999 -9999 -9999 -9999 -9999 -9999 -9999 -9999 -9999 -0.388 -0.382 -0.364 -0.344 -0.328 -0.313 -0.303 -0.284 -0.265 -0.237 -0.191 -0.135 -0.081 -0.033 0.023 0.065 0.104 0.146 0.181 0.227 0.279 0.333 0.388 0.435 0.481 0.512 0.538 0.569 0.594 0.634 0.671 0.698 0.72 0.765 0.812 0.846 0.884 0.922 0.921 -9999 -9999 -9999 -9999 -9999 -9999 -9999 -9999 -9999
-0.074 -0.076 -9999 -0.083 -9999 -9999 -9999 -9999 -9999 -9999 -9999 -9999 -9999 -9999 -9999 -9999 -9999 -9999 -9999 -9999 -9999 -9999 -9999 -9999 -9999 -9999 -9999 -9999 -9999 -0.374 -0.355 -0.33 -0.302 -0.299 -0.323 -0.294 -0.241 -0.213 -0.169 -0.116 -0.074 -0.025 0.024 0.07 0.122 0.156 0.181 0.222 0.26 0.308 0.362 0.412 0.459 0.5 0.531 0.578 0.613 0.645 0.678 0.693 0.709 0.75 0.795 0.835 0.874 0.911 0.95 0.956 -9999 -9999 -9999 -9999 -9999 -9999 -9999 -9999
-0.075 -0.083 -0.091 -0.097 -9999 -9999 -9999 -9999 -9999 -9999 -9999 -9999 -9999 -9999 -9999 -9999 -9999 -9999 -9999 -9999 -9999 -9999 -9999 -9999 -9999 -9999 -9999 -9999 -9999 -9999 -0.35 -0.317 -0.288 -0.302 -0.326 -0.279 -0.227 -0.2 -0.154 -0.107 -0.063 -0.015 0.03 0.082 0.131 0.158 0.182 0.216 0.251 0.299 0.351 0.398 0.448 0.487 0.524 0.569 0.613 0.644 0.673 0.687 0.697 0.737 0.778 0.82 0.862 0.899 0.935 0.973 0.965 -9999 -9999 -9999 -9999 -9999 -9999 -9999
-0.088 -0.099 -0.117 -9999 -9999 -9999 -9999 -9999 -9999 -9999 -9999 -9999 -9999 -9999 -9999 -9999 -9999 -9999 -9999 -9999 -9999 -9999 -9999 -9999 -9999 -9999 -9999 -9999 -9999 -9999 -0.344 -0.305 -0.283 -0.287 -0.292 -0.255 -0.231 -0.196 -0.138 -0.091 -0.048 0.005 0.055 0.1 0.13 0.157 0.184 0.22 0.267 0.316 0.36 0.4 0.444 0.488 0.527 0.561 0.598 0.624 0.649 0.686 0.709 0.74 0.776 0.813 0.856 0.885 0.914 0.954 0.986 0.957 -9999 -9999 -9999 -9999 -9999 -9999
-0.103 -0.119 -0.139 -9999 -9999 -9999 -9999 -9999 -9999 -9999 -9999 -9999 -9999 -9999 -9999 -9999 -9999 -9999 -9999 -9999 -9999 -9999 -9999 -9999 -9999 -9999 -9999 -9999 -9999 -9999 -9999 -0.302 -0.28 -0.274 -0.274 -0.25 -0.222 -0.182 -0.126 -0.082 -0.034 0.02 0.068 0.103 0.131 0.159 0.185 0.227 0.275 0.318 0.362 0.401 0.44 0.483 0.525 0.556 0.586 0.611 0.633 0.668 0.704 0.735 0.766 0.801 0.839 0.871 0.897 0.937 0.972 0.978 -9999 -9999 -9999 -9999 -9999 -9999
-9999 -9999 -9999 -9999 -9999 -9999 -9999 -9999 -9999 -9999 -9999 -9999 -9999 -9999 -9999 -9999 -9999 -9999 -9999 -9999 -9999 -9999 -9999 -9999 -9999 -9999 -9999 -9999 -9999 -9999 -9999 -0.306 -0.276 -0.262 -0.244 -0.214 -0.192 -0.157 -0.118 -0.07 -0.017 0.033 0.071 0.102 0.125 0.152 0.184 0.226 0.264 0.314 0.362 0.394 0.429 0.482 0.528 0.551 0.575 0.606 0.631 0.664 0.698 0.727 0.756 0.781 0.812 0.846 0.876 0.911 0.939 0.955 0.968 -9999 -9999 -9999 -9999 -9999
-9999 -9999 -9999 -9999 -9999 -9999 -9999 -9999 -9999 -9999 -9999 -9999 -9999 -9999 -9999 -9999 -9999 -9999 -9999 -9999 -9999 -9999 -9999 -9999 -9999 -9999 -9999 -9999 -9999 -9999 -9999 -9999 -0.274 -0.25 -0.225 -0.198 -0.174 -0.148 -0.112 -0.061 -0.007 0.037 0.073 0.101 0.123 0.153 0.186 0.223 0.259 0.307 0.361 0.393 0.423 0.473 0.523 0.545 0.564 0.594 0.623 0.655 0.686 0.716 0.744 0.767 0.791 0.824 0.856 0.892 0.917 0.931 0.942 -9999 -9999 -9999 -9999 -9999
-9999 -9999 -9999 -9999 -9999 -9999 -9999 -9999 -9999 -9999 -9999 -9999 -9999 -9999 -9999 -9999 -9999 -9999 -9999 -9999 -9999 -9999 -9999 -9999 -9999 -9999 -9999 -9999 -9999 -9999 -9999 -9999 -0.267 -9999 -0.23 -0.201 -0.17 -0.14 -9999 -0.04 0.002 0.044 0.077 0.111 0.146 0.175 0.2 0.231 0.26 0.302 0.351 0.389 0.42 0.468 0.515 0.544 0.566 0.589 0.614 0.641 0.668 0.702 0.733 0.76 0.786 0.825 0.862 0.885 0.906 0.929 0.944 0.961 -9999 -9999 -9999 -9999
-9999 -9999 -9999 -9999 -9999 -9999 -9999 -9999 -9999 -9999 -9999 -9999 -9999 -9999 -9999 -9999 -9999 -9999 -9999 -9999 -9999 -9999 -9999 -9999 -9999 -9999 -9999 -9999 -9999 -9999 -9999 -9999 -9999 -0.231 -0.228 -9999 -9999 -9999 -9999 -0.036 0.007 0.047 0.08 0.12 0.155 0.18 0.204 0.231 0.26 0.303 0.345 0.381 0.415 0.461 0.508 0.536 0.562 0.585 0.606 0.631 0.655 0.688 0.722 0.748 0.775 0.813 0.852 0.874 0.886 0.913 0.933 0.952 0.97 0.987 -9999 -9999
-9999 -9999 -9999 -9999 -9999 -9999 -9999 -9999 -9999 -9999 -9999 -9999 -9999 -9999 -9999 -9999 -9999 -9999 -9999 -9999 -9999 -9999 -9999 -9999 -9999 -9999 -9999 -9999 -9999 -9999 -9999 -9999 -9999 -0.217 -0.194 -9999 -9999 -9999 -9999 -0.038 0.006 0.045 0.081 0.122 0.157 0.183 0.206 0.236 0.274 0.311 0.353 0.403 0.445 0.487 0.532 0.544 0.562 0.598 0.628 0.652 0.676 0.702 0.733 0.755 0.779 0.8 0.826 0.858 0.876 0.9 0.926 0.953 0.971 0.982 -9999 -9999
-9999 -9999 -9999 -9999 -9999 -9999 -9999 -9999 -9999 -9999 -9999 -9999 -9999 -9999 -9999 -9999 -9999 -9999 -9999 -9999 -9999 -9999 -9999 -9999 -9999 -9999 -9999 -9999 -9999 -9999 -9999 -9999 -9999 -0.208 -9999 -9999 -9999 -9999 -0.073 -0.041 0.001 0.042 0.078 0.118 0.154 0.178 0.201 0.236 0.275 0.314 0.355 0.405 0.454 0.495 0.536 0.549 0.558 0.593 0.63 0.654 0.677 0.704 0.73 0.752 0.773 0.795 0.807 0.834 0.86 0.884 0.908 0.94 0.96 -9999 -9999 -9999
-9999 -9999 -9999 -9999 -9999 -9999 -9999 -9999 -9999 -9999 -9999 -9999 -9999 -9999 -9999 -9999 -9999 -9999 -9999 -9999 -9999 -9999 -9999 -9999 -9999 -9999 -9999 -9999 -9999 -9999 -9999 -9999 -9999 -9999 -9999 -9999 -9999 -9999 -0.057 -0.027 0.018 0.056 0.074 0.112 0.149 0.182 0.227 0.265 0.3 0.339 0.375 0.403 0.44 0.476 0.513 0.536 0.549 0.591 0.631 0.653 0.675 0.703 0.73 0.749 0.769 0.796 0.811 0.844 0.875 0.885 0.902 0.92 0.938 -9999 -9999 -9999
-9999 -9999 -9999 -9999 -9999 -9999 -9999 -9999 -9999 -9999 -9999 -9999 -9999 -9999 -9999 -9999 -9999 -9999 -9999 -9999 -9999 -9999 -9999 -9999 -9999 -9999 -9999 -9999 -9999 -9999 -9999 -9999 -9999 -9999 -9999 -9999 -9999 -9999 -0.051 -0.023 0.016 0.045 0.064 0.103 0.142 0.189 0.236 0.27 0.305 0.341 0.376 0.403 0.426 0.462 0.499 0.522 0.542 0.583 0.625 0.647 0.668 0.696 0.724 0.743 0.761 0.784 0.801 0.833 0.867 0.879 0.887 0.906 0.919 -9999 -9999 -9999
-9999 -9999 -9999 -9999 -9999 -9999 -9999 -9999 -9999 -9999 -9999 -9999 -9999 -9999 -9999 -9999 -9999 -9999 -9999 -9999 -9999 -9999 -9999 -9999 -9999 -9999 -9999 -9999 -9999 -9999 -9999 -9999 -9999 -9999 -9999 -9999 -9999 -0.069 -0.047 -0.032 -0.011 0.027 0.074 0.122 0.172 0.214 0.238 0.269 0.295 0.339 0.379 0.419 0.449 0.482 0.518 0.545 0.57 0.615 0.661 0.668 0.681 0.69 0.707 0.736 0.755 0.794 0.82 0.824 0.841 0.865 0.881 0.898 0.906 0.926 -9999 -9999
-9999 -9999 -9999 -9999 -9999 -9999 -9999 -9999 -9999 -9999 -9999 -9999 -9999 -9999 -9999 -9999 -9999 -9999 -9999 -9999 -9999 -9999 -9999 -9999 -9999 -9999 -9999 -9999 -9999 -9999 -9999 -9999 -9999 -9999 -9999 -9999 -9999 -0.064 -0.049 -0.043 -0.025 0.022 0.075 0.129 0.181 0.211 0.234 0.261 0.287 0.33 0.374 0.413 0.449 0.482 0.515 0.543 0.569 0.617 0.666 0.676 0.68 0.69 0.696 0.723 0.745 0.779 0.815 0.82 0.821 0.844 0.867 0.884 0.9 0.913 -9999 -9999
-9999 -9999 -9999 -9999 -9999 -9999 -9999 -9999 -9999 -9999 -9999 -9999 -9999 -9999 -9999 -9999 -9999 -9999 -9999 -9999 -9999 -9999 -9999 -9999 -9999 -9999 -9999 -9999 -9999 -9999 -9999 -9999 -9999 -9999 -9999 -9999 -0.053 -0.037 -0.032 -0.02 0.002 0.04 0.078 0.135 0.186 0.219 0.25 0.275 0.293 0.336 0.38 0.415 0.45 0.479 0.509 0.54 0.568 0.598 0.638 0.66 0.671 0.691 0.702 0.716 0.731 0.774 0.816 0.813 0.808 0.837 0.864 0.891 0.913 0.924 0.922 -9999
-9999 -9999 -9999 -9999 -9999 -9999 -9999 -9999 -9999 -9999 -9999 -9999 -9999 -9999 -9999 -9999 -9999 -9999 -9999 -9999 -9999 -9999 -9999 -9999 -9999 -9999 -9999 -9999 -9999 -9999 -9999 -9999 -9999 -9999 -9999 -9999 -0.044 -0.034 -0.026 -0.007 0.014 0.041 0.073 0.132 0.184 0.22 0.25 0.272 0.291 0.332 0.375 0.409 0.442 0.471 0.498 0.528 0.559 0.588 0.617 0.641 0.661 0.683 0.696 0.709 0.717 0.758 0.806 0.804 0.794 0.822 0.852 0.879 0.907 0.919 0.922 -9999
-9999 -9999 -9999 -9999 -9999 -9999 -9999 -9999 -9999 -9999 -9999 -9999 -9999 -9999 -9999 -9999 -9999 -9999 -9999 -9999 -9999 -9999 -9999 -9999 -9999 -9999 -9999 -9999 -9999 -9999 -9999 -9999 -9999 -9999 -9999 -9999 -0.054 -0.042 -0.018 0.003 0.015 0.039 0.079 0.134 0.181 0.223 0.268 0.289 0.304 0.334 0.369 0.407 0.442 0.46 0.481 0.516 0.548 0.575 0.602 0.635 0.661 0.696 0.718 0.729 0.738 0.739 0.762 0.782 0.786 0.813 0.842 0.873 0.9 0.909 0.914 0.923
-9999 -9999 -9999 -9999 -9999 -9999 -9999 -9999 -9999 -9999 -9999 -9999 -9999 -9999 -9999 -9999 -9999 -9999 -9999 -9999 -9999 -9999 -9999 -9999 -9999 -9999 -9999 -9999 -9999 -9999 -9999 -9999 -9999 -9999 -9999 -9999 -9999 -0.036 -0.012 0.004 0.016 0.045 0.082 0.126 0.174 0.223 0.269 0.287 0.303 0.333 0.36 0.396 0.433 0.452 0.467 0.501 0.536 0.563 0.589 0.62 0.65 0.683 0.714 0.728 0.736 0.74 0.739 0.757 0.775 0.801 -9999 0.86 -9999 0.895 0.901 0.912
