Validation/Results/raw data/ReClimate_06_2024_1_Temperatureweatherlogisticsltd.asc
NCOLS 192
NROWS 249
XLLCENTER -225160.85627316462
YLLCENTER 29788.11610251502
CELLSIZE 5000.0
NODATA_VALUE -9999
[rows 204 to 237 of 249, columns 76 to 151 of 192]
-9999 -9999 -9999 -0.557 -9999 -0.527 -0.51 -0.509 -0.508 -0.514 -0.521 -0.523 -0.523 -0.502 -0.479 -0.47 -0.462 -0.463 -0.468 -0.467 -0.467 -0.465 -0.464 -0.462 -0.461 -0.453 -0.445 -0.447 -0.45 -0.445 -0.44 -0.433 -0.425 -0.438 -0.456 -0.434 -0.408 -0.407 -0.408 -0.404 -0.403 -0.393 -0.386 -0.372 -0.358 -0.362 -0.368 -0.374 -0.382 -0.381 -0.376 -0.347 -0.315 -0.298 -0.283 -0.278 -0.278 -0.253 -0.226 -0.208 -0.193 -0.17 -0.149 -0.132 -0.118 -0.095 -0.071 -0.065 -0.063 -0.052 -0.041 -0.025 -0.012 0.008 0.036 0.062
-9999 -9999 -9999 -9999 -9999 -9999 -9999 -0.517 -0.508 -0.512 -0.517 -0.515 -0.507 -0.495 -0.502 -0.492 -0.475 -0.474 -0.471 -0.463 -0.445 -0.444 -0.449 -0.453 -0.472 -0.47 -0.474 -0.468 -0.443 -0.445 -0.463 -0.459 -0.457 -0.461 -0.446 -0.425 -0.406 -0.405 -0.4 -0.401 -0.404 -0.396 -0.394 -0.382 -0.374 -0.377 -0.384 -0.385 -0.38 -0.379 -0.379 -0.357 -0.331 -0.315 -0.3 -0.285 -0.278 -0.264 -0.244 -0.225 -0.208 -0.202 -0.194 -0.175 -0.163 -0.148 -0.13 -0.111 -0.102 -0.094 -0.087 -0.075 -0.064 -0.043 -0.016 -0.016
-9999 -9999 -9999 -9999 -9999 -9999 -9999 -0.521 -0.512 -0.515 -0.519 -0.513 -0.504 -0.508 -0.515 -0.5 -0.484 -0.479 -0.476 -0.458 -0.439 -0.441 -0.445 -0.46 -0.479 -0.482 -0.487 -0.467 -0.443 -0.456 -0.474 -0.473 -0.472 -0.458 -0.443 -0.426 -0.408 -0.405 -0.402 -0.406 -0.412 -0.408 -0.406 -0.397 -0.389 -0.392 -0.398 -0.392 -0.387 -0.39 -0.392 -0.37 -0.349 -0.334 -0.32 -0.305 -0.292 -0.278 -0.266 -0.249 -0.231 -0.226 -0.229 -0.214 -0.2 -0.187 -0.175 -0.159 -0.143 -0.136 -0.131 -0.119 -0.11 -0.089 -0.065 -0.066
-9999 -9999 -9999 -9999 -9999 -0.568 -0.557 -0.546 -0.52 -9999 -0.511 -0.507 -0.504 -0.508 -0.513 -0.505 -9999 -0.503 -0.49 -0.467 -0.434 -0.442 -0.469 -0.475 -0.467 -0.47 -0.479 -0.455 -0.422 -0.43 -0.437 -0.434 -0.434 -0.427 -0.438 -0.422 -0.404 -0.397 -0.386 -0.391 -0.402 -0.405 -0.418 -0.409 -0.404 -0.404 -0.4 -0.398 -0.404 -0.408 -0.411 -0.385 -0.361 -0.351 -0.341 -0.327 -0.315 -0.305 -0.296 -0.279 -0.264 -0.252 -0.25 -0.235 -0.22 -0.212 -0.204 -0.193 -0.182 -0.171 -0.163 -0.162 -0.16 -0.139 -0.117 -0.114
-9999 -9999 -9999 -9999 -9999 -0.568 -9999 -9999 -9999 -0.52 -0.512 -0.511 -9999 -9999 -9999 -9999 -9999 -0.512 -0.498 -0.469 -0.437 -0.456 -0.481 -0.473 -0.464 -0.469 -0.477 -0.449 -0.416 -0.419 -0.425 -0.422 -0.42 -0.428 -0.439 -0.424 -0.406 -0.395 -0.384 -0.391 -0.403 -0.414 -0.429 -0.424 -0.419 -0.414 -0.41 -0.413 -0.42 -0.423 -0.428 -0.405 -0.378 -0.369 -0.361 -0.349 -0.338 -0.328 -0.321 -0.307 -0.294 -0.284 -0.277 -0.262 -0.249 -0.239 -0.234 -0.224 -0.216 -0.206 -0.197 -0.197 -0.202 -0.182 -0.161 -0.162
-9999 -9999 -9999 -9999 -9999 -9999 -9999 -0.577 -0.564 -0.553 -0.527 -0.528 -9999 -9999 -9999 -9999 -9999 -9999 -9999 -9999 -0.467 -0.48 -0.485 -0.48 -0.485 -0.48 -0.452 -0.438 -0.449 -0.451 -0.446 -0.442 -0.433 -0.437 -0.435 -0.424 -0.42 -0.413 -0.411 -0.414 -0.409 -0.417 -0.419 -0.418 -0.422 -0.419 -0.42 -0.423 -0.43 -0.436 -0.444 -0.431 -0.41 -0.392 -0.381 -0.374 -0.367 -0.35 -0.34 -0.327 -0.316 -0.3 -0.288 -0.289 -0.285 -0.265 -0.252 -0.247 -0.241 -0.237 -0.231 -0.23 -0.233 -0.223 -0.208 -0.201
-9999 -9999 -9999 -9999 -9999 -9999 -9999 -9999 -0.58 -9999 -9999 -9999 -9999 -9999 -9999 -9999 -9999 -9999 -0.518 -0.503 -0.484 -0.486 -0.49 -0.492 -0.496 -0.472 -0.445 -0.453 -0.465 -0.46 -0.456 -0.448 -0.441 -0.438 -0.437 -0.433 -0.429 -0.427 -0.426 -0.421 -0.416 -9999 -0.418 -0.422 -0.427 -0.429 -0.432 -0.436 -0.442 -0.449 -0.458 -0.449 -0.433 -0.417 -0.401 -0.395 -0.392 -0.377 -0.363 -0.351 -0.341 -0.326 -0.311 -0.311 -0.317 -0.299 -0.279 -0.274 -0.272 -0.268 -0.266 -0.265 -0.267 -0.255 -0.241 -0.233
-9999 -9999 -9999 -9999 -9999 -9999 -9999 -9999 -9999 -9999 -9999 -9999 -9999 -9999 -9999 -9999 -9999 -9999 -0.516 -0.505 -0.501 -0.497 -9999 -9999 -9999 -0.469 -0.457 -0.462 -0.465 -0.456 -0.439 -0.434 -0.437 -0.431 -0.416 -0.419 -0.442 -0.44 -0.437 -0.434 -9999 -0.421 -0.411 -0.415 -0.424 -0.423 -0.417 -0.424 -0.438 -0.442 -0.447 -0.45 -0.444 -0.434 -0.422 -0.417 -0.415 -0.406 -0.395 -0.37 -0.352 -0.343 -0.332 -0.32 -0.318 -0.31 -0.296 -0.301 -0.304 -0.305 -0.306 -0.301 -0.298 -0.296 -0.289 -0.276
-9999 -9999 -9999 -9999 -9999 -9999 -9999 -9999 -9999 -9999 -9999 -9999 -9999 -9999 -9999 -9999 -9999 -9999 -9999 -9999 -9999 -9999 -9999 -9999 -9999 -0.478 -0.466 -0.466 -0.467 -0.451 -0.434 -0.435 -0.439 -0.426 -0.411 -0.429 -0.451 -0.447 -9999 -9999 -0.431 -0.422 -0.411 -0.417 -0.425 -0.42 -0.414 -0.425 -0.438 -0.444 -0.451 -0.455 -0.459 -0.453 -0.445 -0.441 -0.44 -0.43 -0.422 -0.399 -0.373 -0.364 -0.357 -0.346 -0.337 -0.328 -0.321 -0.325 -0.334 -0.333 -0.334 -0.328 -0.322 -0.319 -0.319 -0.307
-9999 -9999 -9999 -9999 -9999 -9999 -9999 -9999 -9999 -9999 -9999 -9999 -9999 -9999 -9999 -9999 -9999 -9999 -9999 -9999 -9999 -9999 -9999 -9999 -9999 -0.481 -0.474 -0.469 -0.452 -0.439 -0.433 -0.435 -0.441 -0.43 -0.422 -9999 -9999 -9999 -9999 -9999 -0.438 -0.424 -0.401 -0.41 -0.433 -0.432 -0.44 -0.449 -0.455 -0.459 -0.459 -0.452 -0.452 -0.463 -0.465 -0.457 -0.453 -0.44 -0.429 -0.416 -0.397 -0.39 -0.384 -0.377 -0.37 -0.365 -0.36 -0.355 -0.358 -0.356 -0.357 -0.341 -0.328 -0.341 -0.35 -0.331
-9999 -9999 -9999 -9999 -9999 -9999 -9999 -9999 -9999 -9999 -9999 -9999 -9999 -9999 -9999 -9999 -9999 -9999 -9999 -9999 -9999 -9999 -9999 -9999 -9999 -9999 -9999 -0.471 -0.449 -0.443 -0.437 -0.44 -0.446 -0.439 -9999 -9999 -9999 -9999 -0.448 -0.447 -0.444 -0.423 -0.4 -0.417 -0.44 -0.446 -0.454 -0.459 -0.465 -0.465 -0.465 -0.46 -0.453 -0.466 -0.479 -0.472 -0.467 -0.454 -0.442 -0.429 -0.417 -0.409 -0.404 -0.397 -0.392 -0.388 -0.385 -0.38 -0.377 -0.374 -0.374 -0.359 -0.341 -0.353 -0.372 -0.353
-9999 -9999 -9999 -9999 -9999 -9999 -9999 -9999 -9999 -9999 -9999 -9999 -9999 -9999 -9999 -9999 -9999 -9999 -9999 -9999 -9999 -9999 -9999 -9999 -9999 -9999 -9999 -9999 -0.468 -0.462 -0.452 -0.455 -0.453 -9999 -9999 -9999 -9999 -0.454 -0.428 -0.425 -0.427 -0.415 -0.419 -0.431 -0.438 -0.441 -0.444 -0.45 -0.464 -0.46 -0.452 -0.448 -0.442 -0.454 -0.469 -0.471 -0.468 -0.457 -0.446 -0.434 -0.421 -0.408 -0.399 -0.407 -0.411 -0.402 -0.396 -0.387 -0.381 -0.379 -0.379 -0.365 -0.349 -0.362 -0.381 -0.368
-9999 -9999 -9999 -9999 -9999 -9999 -9999 -9999 -9999 -9999 -9999 -9999 -9999 -9999 -9999 -9999 -9999 -9999 -9999 -9999 -9999 -9999 -9999 -9999 -9999 -9999 -9999 -9999 -9999 -9999 -9999 -9999 -9999 -9999 -9999 -9999 -0.46 -0.444 -0.424 -0.424 -0.425 -0.428 -0.431 -0.435 -0.442 -0.443 -0.445 -0.455 -0.467 -0.46 -0.452 -0.448 -0.444 -0.454 -0.469 -0.475 -0.478 -0.467 -0.457 -0.445 -0.433 -0.42 -0.408 -0.414 -0.428 -0.419 -0.411 -0.402 -0.393 -0.39 -0.391 -0.376 -0.361 -0.374 -0.393 -0.381
-9999 -9999 -9999 -9999 -9999 -9999 -9999 -9999 -9999 -9999 -9999 -9999 -9999 -9999 -9999 -9999 -9999 -9999 -9999 -9999 -9999 -9999 -9999 -9999 -9999 -9999 -9999 -9999 -9999 -9999 -9999 -9999 -9999 -9999 -9999 -0.431 -0.433 -0.419 -0.415 -0.417 -0.427 -0.431 -0.441 -0.441 -0.434 -0.437 -0.446 -0.452 -0.456 -0.454 -0.464 -0.469 -0.47 -0.466 -0.472 -0.48 -0.488 -0.473 -0.46 -0.452 -0.443 -0.429 -0.416 -0.415 -0.423 -0.426 -0.424 -0.416 -0.408 -0.403 -0.401 -0.385 -0.37 -0.375 -0.39 -0.385
-9999 -9999 -9999 -9999 -9999 -9999 -9999 -9999 -9999 -9999 -9999 -9999 -9999 -9999 -9999 -9999 -9999 -9999 -9999 -9999 -9999 -9999 -9999 -9999 -9999 -9999 -9999 -9999 -9999 -9999 -9999 -9999 -9999 -9999 -9999 -0.433 -0.425 -0.421 -0.417 -0.423 -0.432 -0.439 -0.449 -0.443 -0.436 -0.442 -0.45 -0.452 -0.456 -0.463 -0.472 -0.477 -0.485 -0.481 -0.478 -0.485 -0.495 -0.486 -0.471 -0.463 -0.457 -0.444 -0.431 -0.43 -0.433 -0.435 -0.44 -0.432 -0.424 -0.418 -0.415 -0.399 -0.384 -0.389 -0.398 -0.393
-9999 -9999 -9999 -9999 -9999 -9999 -9999 -9999 -9999 -9999 -9999 -9999 -9999 -9999 -9999 -9999 -9999 -9999 -9999 -9999 -9999 -9999 -0.507 -0.503 -0.499 -0.488 -9999 -0.472 -9999 -9999 -9999 -9999 -9999 -9999 -9999 -9999 -0.412 -0.412 -0.423 -0.426 -0.425 -0.432 -0.444 -0.442 -0.449 -0.454 -0.459 -0.462 -0.468 -0.459 -0.459 -0.462 -0.467 -0.468 -0.466 -0.464 -0.467 -0.478 -0.48 -0.472 -0.465 -0.468 -0.464 -0.452 -0.449 -0.444 -0.446 -0.438 -0.43 -0.41 -0.397 -0.405 -0.403 -0.386 -0.383 -0.376
-9999 -9999 -9999 -9999 -9999 -9999 -9999 -9999 -9999 -9999 -9999 -9999 -9999 -9999 -9999 -9999 -9999 -9999 -9999 -0.535 -0.529 -0.52 -0.511 -0.506 -0.499 -0.487 -0.476 -0.47 -0.467 -0.452 -9999 -9999 -0.447 -0.449 -0.451 -0.434 -0.412 -0.42 -0.43 -0.428 -0.427 -0.435 -0.447 -0.451 -0.458 -0.461 -0.466 -0.47 -0.476 -0.468 -0.458 -0.461 -0.465 -0.466 -0.467 -0.464 -0.462 -0.472 -0.485 -0.484 -0.479 -0.481 -0.488 -0.477 -0.467 -0.462 -0.459 -0.451 -0.443 -0.423 -0.402 -0.408 -0.42 -0.405 -0.388 -0.381
-9999 -9999 -9999 -9999 -9999 -9999 -9999 -9999 -9999 -9999 -9999 -9999 -9999 -9999 -9999 -9999 -9999 -9999 -0.543 -0.538 -0.511 -0.499 -0.489 -0.485 -0.494 -0.481 -0.473 -0.465 -0.46 -0.443 -0.429 -0.429 -0.431 -0.436 -0.455 -0.44 -0.43 -0.433 -0.431 -0.43 -0.431 -0.437 -0.443 -0.447 -0.457 -0.458 -0.455 -0.462 -0.477 -0.471 -0.468 -0.467 -0.47 -0.468 -0.467 -0.467 -0.466 -0.47 -0.479 -0.48 -0.481 -0.49 -0.498 -0.491 -0.482 -0.48 -0.478 -0.467 -0.458 -0.434 -0.41 -0.404 -0.407 -0.417 -0.415 -0.414
-9999 -9999 -9999 -9999 -9999 -9999 -9999 -9999 -9999 -9999 -9999 -9999 -9999 -9999 -9999 -9999 -9999 -9999 -0.546 -0.521 -0.509 -0.497 -0.485 -0.489 -0.496 -0.486 -0.476 -0.467 -0.461 -0.447 -0.431 -0.43 -0.429 -0.442 -0.459 -0.45 -0.441 -0.438 -0.436 -0.436 -0.438 -0.44 -0.445 -0.452 -0.461 -0.458 -0.455 -0.466 -0.481 -0.478 -0.476 -0.476 -0.476 -0.474 -0.472 -0.472 -0.473 -0.477 -0.483 -0.483 -0.485 -0.496 -0.511 -0.506 -0.5 -0.497 -0.496 -0.485 -0.475 -0.452 -0.425 -0.418 -0.414 -0.422 -0.437 -0.436
-9999 -9999 -9999 -9999 -9999 -9999 -9999 -9999 -9999 -9999 -9999 -9999 -9999 -9999 -9999 -9999 -9999 -9999 -0.545 -0.528 -0.503 -0.493 -0.488 -0.489 -0.49 -0.479 -0.47 -0.461 -0.455 -0.442 -0.431 -0.429 -0.43 -0.439 -0.445 -0.438 -0.437 -0.436 -0.441 -0.443 -0.449 -0.445 -0.429 -0.436 -0.447 -0.447 -0.454 -0.459 -0.459 -0.459 -0.47 -0.469 -0.468 -0.473 -0.475 -0.484 -0.491 -0.491 -0.495 -0.498 -0.502 -0.502 -0.512 -0.505 -0.5 -0.503 -0.504 -0.491 -0.478 -0.471 -0.454 -0.447 -0.443 -0.431 -0.433 -0.439
-9999 -9999 -9999 -9999 -9999 -9999 -9999 -9999 -9999 -9999 -9999 -9999 -9999 -9999 -0.584 -0.574 -9999 -0.554 -0.542 -0.527 -0.506 -0.5 -0.495 -0.492 -0.493 -0.482 -0.472 -0.463 -0.457 -0.447 -0.436 -0.435 -0.435 -0.438 -0.444 -0.441 -0.44 -0.443 -0.447 -0.451 -0.458 -0.443 -0.428 -0.435 -0.446 -0.451 -0.457 -0.455 -0.454 -0.461 -0.472 -0.471 -0.47 -0.474 -0.481 -0.49 -0.502 -0.504 -0.505 -0.508 -0.513 -0.514 -0.516 -0.509 -0.501 -0.507 -0.515 -0.505 -0.492 -0.484 -0.477 -0.471 -0.466 -0.455 -0.444 -0.449
-9999 -9999 -9999 -9999 -9999 -9999 -9999 -9999 -9999 -9999 -9999 -9999 -9999 -9999 -0.574 -0.565 -0.564 -0.555 -0.55 -0.538 -0.529 -0.521 -0.503 -0.494 -0.477 -0.468 -0.468 -0.46 -0.456 -0.451 -0.454 -0.455 -0.459 -0.458 -0.449 -0.447 -0.447 -0.455 -0.472 -0.471 -0.458 -0.448 -0.447 -0.451 -0.45 -0.453 -0.455 -0.454 -0.456 -0.46 -0.463 -0.47 -0.474 -0.475 -0.48 -0.488 -0.5 -0.5 -0.5 -0.497 -0.497 -0.521 -0.537 -0.531 -0.524 -0.509 -0.505 -0.503 -0.497 -0.513 -0.522 -0.505 -0.494 -0.497 -0.495 -0.485
-9999 -9999 -9999 -9999 -9999 -9999 -9999 -9999 -9999 -9999 -9999 -9999 -9999 -0.584 -0.571 -0.568 -0.566 -0.56 -0.554 -0.549 -0.542 -0.529 -0.511 -0.493 -0.476 -0.472 -0.472 -0.464 -0.461 -0.462 -0.465 -0.468 -0.472 -0.464 -0.456 -0.455 -0.455 -0.469 -0.486 -0.475 -0.462 -0.46 -0.459 -0.457 -0.456 -0.457 -0.458 -0.459 -0.46 -0.461 -0.464 -0.471 -0.48 -0.481 -0.484 -0.493 -0.504 -0.505 -0.504 -0.5 -0.496 -0.518 -0.547 -0.541 -0.535 -0.521 -0.504 -0.502 -0.499 -0.515 -0.538 -0.525 -0.51 -0.514 -0.523 -0.516
-9999 -9999 -9999 -9999 -9999 -9999 -9999 -9999 -9999 -9999 -9999 -9999 -9999 -9999 -0.574 -0.574 -0.579 -0.569 -0.548 -0.544 -0.546 -0.533 -0.515 -0.5 -0.488 -0.484 -0.481 -0.472 -0.466 -0.464 -0.457 -0.459 -0.463 -0.457 -0.458 -0.457 -0.461 -0.474 -0.491 -0.484 -0.487 -0.48 -0.463 -0.46 -0.454 -0.455 -0.459 -0.459 -0.463 -0.474 -0.483 -0.475 -0.476 -0.485 -0.493 -0.493 -0.5 -0.523 -9999 -0.53 -0.525 -0.528 -0.545 -0.526 -0.512 -0.525 -0.525 -0.53 -0.533 -0.533 -0.546 -0.538 -0.528 -0.519 -0.52 -0.528
-9999 -9999 -9999 -9999 -9999 -9999 -9999 -9999 -9999 -9999 -9999 -9999 -9999 -0.578 -0.577 -0.581 -0.586 -0.568 -0.548 -0.548 -0.549 -0.536 -0.519 -0.509 -0.498 -0.493 -0.49 -0.479 -0.472 -0.465 -0.459 -0.46 -0.464 -0.463 -0.463 -0.464 -0.467 -0.48 -0.496 -0.497 -0.5 -0.485 -0.468 -0.463 -0.458 -0.46 -0.463 -0.465 -0.468 -0.479 -0.494 -0.486 -0.478 -0.487 -0.5 -0.501 -0.502 -0.524 -0.551 -9999 -0.537 -9999 -0.545 -9999 -0.507 -9999 -0.535 -0.54 -0.547 -0.548 -0.55 -0.543 -0.535 -9999 -9999 -9999
-9999 -9999 -9999 -9999 -9999 -9999 -9999 -9999 -9999 -9999 -9999 -9999 -9999 -0.58 -0.58 -0.585 -0.597 -0.578 -0.55 -0.556 -0.574 -0.557 -0.524 -0.518 -0.52 -0.513 -0.498 -0.49 -0.49 -0.487 -0.491 -0.49 -0.481 -0.476 -0.465 -0.467 -0.472 -0.483 -0.496 -0.501 -0.513 -0.496 -0.469 -0.469 -0.478 -0.477 -0.468 -0.47 -0.476 -0.484 -0.487 -0.486 -0.483 -0.489 -0.5 -0.509 -0.517 -0.522 -0.537 -9999 -9999 -0.54 -0.547 -9999 -9999 -0.546 -0.561 -0.567 -9999 -9999 -9999 -9999 -9999 -9999 -9999 -9999
-9999 -9999 -9999 -9999 -9999 -9999 -9999 -9999 -9999 -9999 -9999 -9999 -0.579 -0.579 -0.582 -0.591 -0.602 -0.579 -0.553 -0.567 -0.586 -0.56 -0.527 -0.528 -0.531 -0.518 -0.505 -0.502 -0.502 -0.504 -0.509 -0.5 -0.492 -0.482 -0.471 -0.473 -0.478 -0.487 -0.5 -0.509 -0.521 -0.5 -0.474 -0.481 -0.49 -0.483 -0.475 -0.479 -0.484 -0.486 -0.49 -0.489 -0.489 -0.496 -0.505 -0.513 -9999 -9999 -9999 -0.528 -9999 -9999 -9999 -9999 -9999 -9999 -0.577 -9999 -9999 -9999 -9999 -9999 -9999 -9999 -9999 -9999
-9999 -9999 -9999 -9999 -9999 -9999 -9999 -9999 -9999 -9999 -9999 -0.569 -0.566 -0.571 -0.588 -0.593 -0.591 -0.571 -0.552 -0.562 -0.57 -0.558 -0.569 -0.559 -0.525 -0.514 -0.508 -0.503 -0.5 -0.503 -0.508 -0.503 -0.506 -0.497 -9999 -9999 -9999 -9999 -9999 -0.501 -0.505 -0.493 -0.494 -0.5 -0.507 -0.5 -0.491 -0.49 -0.48 -9999 -0.497 -9999 -9999 -9999 -9999 -9999 -0.54 -0.54 -0.532 -0.522 -0.516 -0.522 -9999 -9999 -9999 -9999 -9999 -9999 -9999 -9999 -9999 -9999 -9999 -9999 -9999 -9999
-9999 -9999 -9999 -9999 -9999 -9999 -9999 -9999 -9999 -9999 -0.553 -0.555 -0.562 -0.575 -0.592 -0.59 -0.588 -0.572 -0.554 -0.558 -0.565 -0.576 -0.588 -0.558 -0.524 -0.517 -0.51 -0.504 -0.5 -0.504 -0.51 -9999 -9999 -9999 -9999 -9999 -9999 -9999 -9999 -9999 -9999 -0.508 -0.506 -0.511 -0.518 -0.511 -0.503 -0.494 -0.484 -0.493 -9999 -9999 -9999 -9999 -9999 -9999 -9999 -0.539 -0.533 -0.524 -0.518 -9999 -9999 -9999 -9999 -9999 -9999 -9999 -9999 -9999 -9999 -9999 -9999 -9999 -9999 -9999
-9999 -9999 -9999 -9999 -9999 -9999 -9999 -9999 -0.571 -0.56 -0.576 -0.582 -0.583 -0.589 -0.584 -0.583 -0.587 -0.578 -0.579 -0.57 -0.534 -0.545 -0.566 -0.54 -0.52 -0.512 -0.505 -0.5 -0.5 -9999 -9999 -9999 -9999 -9999 -9999 -9999 -9999 -9999 -9999 -9999 -9999 -9999 -0.502 -9999 -9999 -9999 -9999 -9999 -0.5 -0.507 -9999 -9999 -9999 -9999 -9999 -9999 -9999 -9999 -9999 -0.543 -0.542 -9999 -9999 -9999 -9999 -9999 -9999 -9999 -9999 -9999 -9999 -9999 -9999 -9999 -9999 -9999
-9999 -9999 -9999 -9999 -9999 -9999 -9999 -0.574 -9999 -0.582 -0.588 -0.591 -0.594 -0.588 -0.582 -0.584 -0.588 -0.589 -0.591 -0.56 -0.523 -0.54 -0.558 -0.54 -0.52 -0.513 -0.505 -0.502 -0.499 -9999 -9999 -9999 -9999 -9999 -9999 -9999 -9999 -9999 -9999 -9999 -9999 -9999 -9999 -0.507 -9999 -9999 -9999 -9999 -9999 -9999 -9999 -9999 -9999 -9999 -9999 -9999 -9999 -9999 -9999 -9999 -9999 -9999 -9999 -9999 -9999 -9999 -9999 -9999 -9999 -9999 -9999 -9999 -9999 -9999 -9999 -9999
-9999 -9999 -9999 -9999 -9999 -9999 -0.566 -0.572 -0.564 -0.572 -0.591 -0.593 -0.59 -0.586 -0.581 -0.579 -0.571 -0.566 -9999 -0.53 -0.521 -0.537 -0.557 -0.536 -0.509 -0.497 -0.482 -0.48 -9999 -9999 -9999 -9999 -9999 -9999 -9999 -9999 -9999 -9999 -9999 -9999 -9999 -9999 -9999 -9999 -9999 -9999 -9999 -9999 -9999 -9999 -9999 -9999 -9999 -9999 -9999 -9999 -9999 -9999 -9999 -9999 -9999 -9999 -9999 -9999 -9999 -9999 -9999 -9999 -9999 -9999 -9999 -9999 -9999 -9999 -9999 -9999
-9999 -9999 -9999 -9999 -9999 -9999 -0.564 -0.561 -0.56 -0.575 -0.593 -0.592 -0.59 -0.587 -0.583 -0.575 -0.566 -0.554 -0.54 -0.532 -0.523 -0.539 -0.558 -0.534 -0.507 -0.491 -0.475 -0.478 -9999 -9999 -9999 -9999 -9999 -9999 -9999 -9999 -9999 -9999 -9999 -9999 -9999 -9999 -9999 -9999 -9999 -9999 -9999 -9999 -9999 -9999 -9999 -9999 -9999 -9999 -9999 -9999 -9999 -9999 -9999 -9999 -9999 -9999 -9999 -9999 -9999 -9999 -9999 -9999 -9999 -9999 -9999 -9999 -9999 -9999 -9999 -9999
-9999 -9999 -9999 -9999 -9999 -0.561 -0.559 -0.556 -0.55 -0.565 -0.587 -0.589 -0.599 -0.597 -0.591 -0.579 -0.557 -0.545 -0.535 -0.529 -0.527 -0.537 -0.54 -0.522 -0.51 -0.495 -0.48 -9999 -9999 -9999 -9999 -9999 -9999 -9999 -9999 -9999 -9999 -9999 -9999 -9999 -9999 -9999 -9999 -9999 -9999 -9999 -9999 -9999 -9999 -9999 -9999 -9999 -9999 -9999 -9999 -9999 -9999 -9999 -9999 -9999 -9999 -9999 -9999 -9999 -9999 -9999 -9999 -9999 -9999 -9999 -9999 -9999 -9999 -9999 -9999 -9999
