Validation/Results/raw data/ReClimate_05_2024_2_Precipitation-Actuals.asc
NCOLS 192
NROWS 249
XLLCENTER -225160.85627316462
YLLCENTER 29788.11610251502
CELLSIZE 5000.0
NODATA_VALUE -9999
[rows 165 to 197 of 249, columns 74 to 147 of 192]
-9999 -9999 -9999 -9999 -9999 -9999 -9999 -9999 -9999 -9999 -9999 -9999 -9999 -9999 -9999 -9999 -9999 -9999 -9999 -9999 -9999 -9999 -9999 -9999 -9999 -9999 -9999 -9999 -9999 -9999 -9999 -9999 -9999 -9999 -9999 -9999 -9999 -9999 69.923 78.501 68.311 72.731 81.36 90.968 106.54 110.099 107.917 106.595 105.026 102.232 100.147 102.668 94.068 75.92 64.222 64.126 59.683 56.589 56.634 57.259 54.867 51.288 54.31 55.338 56.273 57.684 59.496 59.888 59.93 60.754 57.185 57.777 58.25 55.648
-9999 -9999 -9999 -9999 -9999 -9999 -9999 -9999 -9999 -9999 -9999 -9999 -9999 -9999 -9999 -9999 -9999 -9999 -9999 -9999 -9999 -9999 -9999 -9999 -9999 -9999 -9999 -9999 -9999 -9999 -9999 -9999 -9999 -9999 -9999 -9999 -9999 -9999 77.745 81.728 73.393 75.925 87.512 92.555 99.353 101.446 97.159 96.786 98.132 94.561 105.894 101.613 96.737 81.63 70.344 62.765 57.513 57.79 57.756 58.37 58.414 55.427 53.414 55.717 56.561 57.768 62.35 61.44 58.265 58.828 58.079 52.053 54.808 56.923
-9999 -9999 -9999 -9999 -9999 -9999 -9999 -9999 -9999 -9999 -9999 -9999 -9999 -9999 -9999 -9999 -9999 -9999 -9999 -9999 -9999 -9999 -9999 -9999 -9999 -9999 -9999 -9999 -9999 -9999 -9999 -9999 -9999 -9999 -9999 -9999 -9999 69.026 73.824 72.945 74.987 79.775 79.297 84.245 93.564 90.59 86.567 87.58 86.761 91.46 97.398 107.056 104.007 90.24 76.723 73.038 62.81 58.747 58.274 56.982 58.932 57.596 55.935 55.605 50.763 54.208 59.362 65.203 61.366 57.553 59.59 62.052 58.861 58.381
-9999 -9999 -9999 -9999 -9999 -9999 -9999 -9999 -9999 -9999 -9999 -9999 -9999 -9999 -9999 -9999 -9999 -9999 -9999 -9999 -9999 -9999 -9999 -9999 -9999 -9999 -9999 -9999 -9999 -9999 -9999 -9999 -9999 -9999 -9999 -9999 -9999 65.807 68.416 73.931 75.254 76.73 80.572 81.974 83.537 79.275 81.378 83.337 82.141 86.721 94.053 101.982 114.593 109.753 88.419 73.066 67.36 60.691 62.038 56.237 55.194 57.105 55.406 54.786 54.397 51.48 56.785 58.326 60.888 59.239 58.374 60.483 60.634 61.974
-9999 -9999 -9999 -9999 -9999 -9999 -9999 -9999 -9999 -9999 -9999 -9999 -9999 -9999 -9999 -9999 -9999 -9999 -9999 -9999 -9999 -9999 -9999 -9999 -9999 -9999 -9999 -9999 -9999 -9999 -9999 -9999 -9999 -9999 -9999 -9999 -9999 -9999 70.102 74.716 73.929 76.186 74.737 78.925 73.211 73.218 75.569 75.949 76.945 79.237 84.68 97.163 106.08 116.689 113.855 97.453 76.327 64.878 62.912 64.243 58.11 57.508 56.85 54.842 54.96 55.536 57.444 60.017 60.353 60.882 59.865 59.117 60.158 58.594
-9999 -9999 -9999 -9999 -9999 -9999 -9999 -9999 -9999 -9999 -9999 -9999 -9999 -9999 -9999 -9999 -9999 -9999 66.947 66.772 -9999 -9999 -9999 -9999 -9999 -9999 -9999 -9999 -9999 -9999 -9999 -9999 -9999 -9999 -9999 -9999 -9999 65.074 68.259 70.445 76.984 74.864 74.818 70.261 70.077 69.354 70.308 73.018 74.655 78.55 88.4 98.664 101.988 109.226 102.25 93.755 86.9 66.292 60.582 60.871 63.548 62.186 57.916 56.878 56.82 56.834 60.421 61.066 58.323 57.34 58.909 58.118 58.694 59.973
-9999 -9999 -9999 -9999 -9999 -9999 -9999 -9999 -9999 -9999 -9999 -9999 -9999 -9999 -9999 -9999 -9999 -9999 70.327 71.666 67.047 -9999 -9999 -9999 -9999 -9999 -9999 -9999 -9999 -9999 -9999 -9999 -9999 -9999 -9999 -9999 60.473 64.129 65.525 77.482 78.082 71.543 68.528 66.613 69.257 67.325 68.971 69.92 70.134 78.649 85.517 94.218 105.873 112.654 106.154 85.262 77.291 70.916 58.072 57.855 60.096 64.635 60.598 55.832 62.636 59.621 58.053 57.664 57.403 56.195 58.04 58.491 58.294 59.692
-9999 -9999 -9999 -9999 -9999 -9999 -9999 -9999 -9999 -9999 -9999 -9999 -9999 -9999 -9999 -9999 -9999 65.719 69.428 75.017 72.976 70.209 -9999 -9999 -9999 -9999 -9999 -9999 -9999 -9999 -9999 -9999 -9999 65.924 -9999 -9999 60.67 64.758 69.566 70.783 69.466 -9999 68.618 72.097 69.112 67.045 68.052 66.881 72.202 74.786 80.724 90.792 91.406 104.927 90.226 77.977 77.89 65.301 62.225 59.758 59.047 61.959 61.183 57.318 56.3 59.675 57.182 60.922 61.226 58.606 58.902 60.537 58.346 59.214
-9999 -9999 -9999 -9999 -9999 -9999 -9999 -9999 -9999 -9999 -9999 -9999 -9999 -9999 -9999 -9999 -9999 61.519 69.744 76.538 77.07 76.267 73.466 74.686 -9999 -9999 -9999 72.555 64.002 -9999 60.656 59.309 62.29 68.918 65.561 -9999 -9999 61.113 63.176 -9999 -9999 61.712 64.355 66.033 65.586 67.145 67.008 71.301 72.621 76.25 84.566 98.468 92.143 90.394 84.832 77.313 78.798 71.236 56.776 58.038 59.905 64.985 61.313 58.121 53.244 55.294 58.46 57.999 59.298 60.043 58.579 59.948 57.683 57.884
-9999 -9999 -9999 -9999 -9999 -9999 -9999 -9999 -9999 -9999 -9999 -9999 -9999 -9999 -9999 -9999 -9999 -9999 69.531 78.734 81.695 81.444 79.777 -9999 -9999 105.878 103.083 73.586 75.236 73.059 69.424 62.419 64.717 63.103 69.939 66.196 -9999 57.397 58.698 61.377 60.124 60.135 61.647 66.076 68.066 66.119 65.618 69.505 74.595 78.173 86.932 105.506 100.369 85.763 78.918 74.404 75.708 67.913 57.793 54.648 58.311 61.2 60.412 57.491 56.31 54.584 56.849 57.9 57.336 60.469 61.284 59.458 57.376 55.917
-9999 -9999 -9999 -9999 -9999 -9999 -9999 -9999 -9999 -9999 -9999 -9999 -9999 -9999 -9999 -9999 -9999 -9999 70.757 78.749 83.737 100.842 90.513 102.188 115.742 138.881 93.598 69.637 77.293 76.039 74.812 68.01 60.307 66.993 81.961 74.471 65.523 58.95 59.852 59.484 60.155 60.913 70.52 82.295 68.395 71.195 65.617 68.224 72.137 77.747 94.153 100.362 99.981 87.882 82.856 73.391 70.133 67.223 61.891 55.568 58.52 58.865 55.274 58.417 58.422 57.796 58.628 56.297 57.718 58.225 61.5 60.585 57.521 55.815
-9999 -9999 -9999 -9999 -9999 -9999 -9999 -9999 -9999 -9999 -9999 -9999 -9999 -9999 -9999 -9999 -9999 -9999 -9999 81.64 92.479 92.694 119.715 134.711 178.498 153.142 107.955 93.278 93.18 90.361 80.763 63.924 70.328 72.434 72.197 78.7 63.069 57.984 61.721 61.096 65.901 61.684 70.954 63.647 66.423 61.466 63.041 66.388 69.536 77.702 87.91 95.258 91.601 81.836 80.009 76.028 81.464 76.182 64.144 58.712 62.941 63.644 57.704 56.143 57.234 57.193 58.813 57.083 57.794 59.848 60.24 59.729 55.104 52.819
-9999 -9999 -9999 -9999 -9999 -9999 -9999 -9999 -9999 -9999 -9999 -9999 -9999 -9999 -9999 -9999 -9999 -9999 -9999 -9999 -9999 109.405 139.238 190.368 220.527 172.361 114.013 96.574 94.265 107.007 88.54 83.412 73.661 67.25 70.334 76.792 71.269 65.651 58.565 63.026 57.929 61.541 62.309 61.39 60.636 60.541 64.853 64.894 66.927 76.6 85.811 88.1 86.613 80.472 79.359 83.01 69.387 73.156 64.284 57.778 59.887 64.384 60.114 58.117 56.195 55.177 59.58 57.966 57.182 57.185 57.523 57.232 54.017 50.985
-9999 -9999 -9999 -9999 -9999 -9999 -9999 -9999 -9999 -9999 -9999 -9999 -9999 -9999 -9999 -9999 -9999 -9999 -9999 -9999 103.938 135.824 171.972 222.0 246.586 181.153 131.611 119.214 106.736 107.034 102.549 82.448 84.72 68.77 74.398 83.65 75.326 64.069 59.324 59.303 63.845 66.612 62.68 62.846 66.307 64.378 64.109 63.938 70.915 77.263 79.373 80.497 88.081 80.818 77.71 75.916 74.154 68.052 63.16 63.426 62.876 64.18 64.311 60.923 59.027 54.799 57.046 57.581 54.903 54.72 56.269 55.326 53.631 51.646
-9999 -9999 -9999 -9999 -9999 -9999 -9999 -9999 -9999 -9999 -9999 -9999 -9999 -9999 -9999 -9999 -9999 -9999 -9999 96.351 147.084 153.683 186.772 215.222 199.682 205.11 179.32 141.457 124.322 118.702 96.308 90.064 76.356 77.852 86.185 87.481 75.879 64.407 57.423 59.946 67.246 66.137 61.078 63.517 64.724 65.088 64.359 69.244 72.581 76.222 74.484 76.753 82.907 89.102 75.488 71.181 68.25 67.245 65.983 61.006 65.654 64.209 63.487 63.294 60.38 57.083 55.428 58.168 57.193 54.802 54.934 53.964 51.503 52.896
-9999 -9999 -9999 -9999 -9999 -9999 -9999 -9999 -9999 -9999 -9999 -9999 -9999 -9999 -9999 -9999 -9999 -9999 83.777 115.196 115.923 136.88 156.862 158.461 173.846 181.309 168.842 152.964 133.067 115.271 104.783 89.194 76.145 82.074 84.372 68.063 64.822 60.13 60.868 61.023 58.127 60.763 56.893 63.965 67.95 69.322 73.351 69.103 71.512 71.289 75.465 75.544 70.251 75.844 74.116 67.603 65.66 66.564 66.89 64.058 60.844 62.929 62.503 62.103 61.705 59.234 56.095 60.826 59.971 57.08 55.477 55.077 51.534 53.149
-9999 -9999 -9999 -9999 -9999 -9999 -9999 -9999 -9999 -9999 -9999 -9999 -9999 -9999 -9999 -9999 79.407 77.361 82.389 91.701 100.509 115.542 118.835 115.883 135.242 144.375 154.027 148.848 139.425 103.064 89.341 80.751 79.978 97.534 90.036 75.871 64.732 66.673 64.493 57.983 59.51 61.01 62.974 64.634 65.358 68.845 68.797 69.613 66.12 70.483 76.111 70.421 70.082 69.566 66.225 68.637 70.446 67.017 64.411 64.033 63.426 59.609 59.309 59.589 59.345 58.931 57.463 60.209 60.803 57.449 56.231 57.546 54.791 52.984
-9999 -9999 -9999 -9999 -9999 -9999 -9999 -9999 -9999 -9999 -9999 -9999 -9999 -9999 -9999 82.4 80.138 74.801 79.951 -9999 -9999 -9999 -9999 122.116 150.582 164.121 152.389 147.848 119.877 103.644 108.329 98.002 100.433 121.005 100.132 76.621 75.448 72.303 62.254 63.634 64.953 63.383 63.233 63.329 62.625 63.487 63.715 67.584 65.406 68.911 68.845 64.964 63.344 64.747 59.743 59.064 63.784 65.02 59.046 58.331 59.906 59.606 57.53 57.054 57.905 58.278 60.132 62.323 61.303 56.409 57.349 57.694 57.31 57.885
-9999 -9999 -9999 -9999 -9999 -9999 -9999 -9999 -9999 -9999 -9999 -9999 -9999 -9999 -9999 82.149 84.003 74.396 -9999 -9999 -9999 -9999 -9999 130.485 156.564 170.71 151.245 144.481 136.511 131.698 129.604 110.398 106.993 109.229 78.523 75.943 76.378 68.066 68.187 65.25 62.601 64.819 62.581 63.5 63.018 62.904 60.362 60.905 64.4 63.098 63.623 61.784 62.052 62.994 62.138 58.451 57.245 58.835 59.964 59.152 58.184 60.528 62.056 60.96 59.347 59.785 62.117 64.991 63.05 58.126 55.872 55.513 55.094 55.825
-9999 -9999 -9999 -9999 -9999 -9999 -9999 -9999 -9999 -9999 -9999 -9999 -9999 -9999 -9999 -9999 -9999 72.749 -9999 -9999 -9999 -9999 -9999 144.353 157.28 148.826 136.855 145.995 148.353 161.077 140.31 100.865 108.403 93.051 86.35 80.11 72.531 66.939 65.2 69.326 76.948 66.995 62.892 59.88 63.221 58.249 59.732 64.167 62.104 61.764 63.309 60.932 57.874 57.602 60.543 60.011 59.117 61.744 61.374 59.459 57.849 57.071 59.836 60.311 61.601 60.58 59.306 60.618 60.635 55.739 55.734 59.393 56.305 55.542
-9999 -9999 -9999 -9999 -9999 -9999 -9999 -9999 -9999 -9999 -9999 -9999 -9999 -9999 -9999 -9999 -9999 -9999 -9999 -9999 -9999 -9999 -9999 135.143 152.309 121.549 136.999 152.968 174.356 169.221 136.837 117.643 96.08 88.028 84.593 68.909 67.516 63.635 65.106 75.363 70.325 66.205 61.131 59.381 58.309 59.315 61.635 60.464 61.344 62.896 61.056 64.138 56.626 52.23 55.504 59.38 58.343 60.802 63.887 61.649 61.882 62.258 59.107 58.303 58.532 57.878 56.715 56.686 57.69 58.627 55.232 56.404 55.594 56.916
-9999 -9999 -9999 -9999 -9999 -9999 -9999 -9999 -9999 -9999 -9999 -9999 -9999 -9999 -9999 -9999 -9999 -9999 -9999 -9999 -9999 -9999 -9999 -9999 127.069 162.709 179.643 174.042 165.633 147.327 134.115 103.878 79.896 70.107 68.085 73.57 63.343 64.223 70.008 67.577 67.063 60.538 58.562 59.154 60.323 61.178 62.036 60.726 62.636 60.313 65.514 70.276 60.052 59.79 55.966 56.202 57.542 59.596 62.894 63.27 66.849 67.457 60.548 56.366 58.249 59.345 59.519 60.773 58.809 58.196 56.567 55.231 54.622 56.494
-9999 -9999 -9999 -9999 -9999 -9999 -9999 -9999 -9999 -9999 -9999 -9999 -9999 -9999 -9999 -9999 -9999 -9999 -9999 -9999 -9999 -9999 -9999 121.318 142.981 169.531 182.157 163.188 144.113 142.051 121.048 100.723 83.604 67.918 73.48 73.913 69.49 77.41 64.98 63.09 63.662 63.298 59.749 62.355 65.866 65.567 60.934 60.368 62.135 61.572 63.813 65.526 60.719 54.631 56.918 54.163 55.634 56.297 60.502 61.669 61.894 63.862 58.406 56.682 59.746 60.423 61.977 67.18 62.219 57.56 56.369 56.767 55.719 56.554
-9999 -9999 -9999 -9999 -9999 -9999 -9999 -9999 -9999 -9999 -9999 -9999 -9999 -9999 -9999 -9999 -9999 -9999 -9999 -9999 -9999 -9999 -9999 108.272 131.628 166.912 147.222 130.982 129.542 125.467 121.155 110.275 83.76 72.424 74.485 68.536 64.762 66.088 63.473 58.89 67.217 60.707 59.547 61.508 63.131 64.608 59.64 59.693 64.496 64.459 63.122 59.122 58.776 58.102 54.484 52.904 53.977 55.523 57.327 59.765 61.764 62.894 58.929 60.404 61.665 64.617 63.526 63.462 65.597 59.327 57.534 53.627 52.939 53.114
-9999 -9999 -9999 -9999 -9999 -9999 -9999 -9999 -9999 -9999 -9999 -9999 -9999 -9999 -9999 -9999 -9999 -9999 -9999 -9999 -9999 -9999 -9999 96.775 126.246 123.027 132.861 116.548 113.401 119.511 120.445 98.915 90.47 79.146 69.701 62.343 65.286 67.488 68.813 78.361 75.417 64.653 64.282 60.745 61.953 59.803 57.344 62.393 64.201 64.879 64.428 61.025 59.818 61.161 59.371 54.276 55.935 56.743 55.352 57.101 56.163 57.356 58.219 57.695 62.65 62.612 64.475 61.462 58.178 57.071 56.727 55.114 53.559 52.9
-9999 -9999 -9999 -9999 -9999 -9999 -9999 -9999 -9999 -9999 -9999 -9999 -9999 -9999 -9999 -9999 -9999 -9999 -9999 -9999 -9999 -9999 -9999 -9999 83.059 130.078 141.343 141.152 135.594 115.12 98.675 83.504 71.72 65.457 65.204 67.264 69.888 61.608 70.556 75.663 75.19 67.854 62.906 59.919 62.867 60.35 57.708 60.439 62.13 64.336 66.735 60.383 57.51 58.333 56.769 54.533 56.864 60.13 56.326 54.39 55.621 54.972 57.048 60.12 59.335 59.802 58.858 58.844 56.02 54.509 55.518 53.686 52.546 53.385
-9999 -9999 -9999 -9999 -9999 -9999 -9999 -9999 -9999 -9999 -9999 -9999 -9999 -9999 -9999 -9999 -9999 -9999 -9999 -9999 -9999 -9999 -9999 -9999 112.135 143.78 159.083 172.585 156.28 120.496 94.661 76.197 70.513 71.568 73.763 79.944 71.552 65.119 61.325 69.13 70.485 67.87 68.305 72.209 65.681 64.639 60.762 63.992 62.564 64.821 63.446 62.526 58.662 56.448 57.982 51.041 54.985 60.922 59.328 57.352 59.551 59.902 60.146 61.005 59.887 57.962 60.577 59.502 59.265 54.151 54.534 52.344 48.921 50.262
-9999 -9999 -9999 -9999 -9999 -9999 -9999 -9999 -9999 -9999 -9999 -9999 -9999 -9999 -9999 -9999 -9999 -9999 -9999 -9999 -9999 -9999 -9999 75.187 110.57 142.158 165.775 172.629 153.781 120.026 92.588 94.904 100.429 88.879 85.019 76.999 63.363 58.389 63.154 68.759 66.579 68.929 72.98 67.64 69.456 61.421 61.524 65.591 62.667 64.367 65.021 58.632 61.4 58.455 56.998 57.191 54.822 60.032 69.558 65.65 65.538 61.255 60.338 62.085 63.385 60.059 59.741 58.164 56.808 56.22 52.583 51.175 50.729 52.969
-9999 -9999 -9999 -9999 -9999 -9999 -9999 -9999 -9999 -9999 -9999 -9999 -9999 -9999 -9999 -9999 -9999 -9999 -9999 -9999 -9999 -9999 -9999 96.923 114.647 132.514 145.273 160.668 154.181 121.671 100.185 93.343 89.386 95.421 91.846 82.149 67.977 70.352 66.87 61.824 68.168 65.04 67.978 68.736 69.352 58.01 62.107 63.024 60.461 63.931 66.709 68.56 63.529 61.279 59.611 57.558 54.989 56.273 54.884 61.544 54.354 60.236 58.549 62.093 63.061 61.944 58.949 55.381 52.49 53.708 53.919 51.751 49.388 50.864
-9999 -9999 -9999 -9999 -9999 -9999 -9999 -9999 -9999 -9999 -9999 -9999 -9999 -9999 -9999 -9999 -9999 -9999 -9999 -9999 -9999 -9999 -9999 103.273 107.295 110.937 135.969 152.758 146.398 119.431 92.819 80.225 90.472 92.009 87.165 81.034 81.089 72.253 59.484 64.976 63.899 72.227 62.865 66.448 62.276 61.031 64.253 59.858 58.748 63.279 65.08 62.177 61.624 60.773 59.124 59.137 56.553 54.421 53.347 53.53 56.341 51.503 56.829 58.901 62.654 60.114 55.262 56.031 53.706 52.738 50.828 50.513 49.748 47.652
-9999 -9999 -9999 -9999 -9999 -9999 -9999 -9999 -9999 -9999 -9999 -9999 -9999 -9999 -9999 -9999 -9999 -9999 -9999 -9999 -9999 -9999 95.746 104.811 108.529 112.818 123.202 144.941 132.113 112.4 84.043 76.4 78.702 83.429 84.264 85.766 75.722 68.855 67.208 63.181 67.665 63.939 59.713 62.35 62.361 64.861 61.717 58.457 58.124 57.696 59.076 61.862 61.64 61.842 60.912 59.33 59.591 56.946 54.947 52.452 53.584 55.317 56.18 59.099 58.375 57.659 54.241 53.375 52.483 48.36 47.456 47.628 48.243 47.968
-9999 -9999 -9999 -9999 -9999 -9999 -9999 -9999 -9999 -9999 -9999 -9999 -9999 -9999 -9999 -9999 -9999 -9999 -9999 -9999 -9999 99.746 101.982 106.931 99.87 100.197 129.239 141.318 135.174 115.972 92.185 78.596 87.533 85.153 85.247 88.522 71.876 66.516 61.672 60.936 61.422 61.045 61.353 66.625 65.423 68.585 65.961 60.103 55.619 54.102 59.074 62.615 61.263 61.478 62.68 61.582 62.689 60.591 56.117 53.355 53.559 54.21 57.814 57.525 55.9 53.945 49.682 49.866 50.714 48.98 51.135 50.742 48.753 47.945
-9999 -9999 -9999 -9999 -9999 -9999 -9999 -9999 -9999 -9999 -9999 -9999 -9999 -9999 -9999 -9999 -9999 -9999 -9999 103.067 102.548 100.968 93.487 95.983 98.716 108.925 131.727 138.261 141.886 121.046 95.048 83.833 73.823 82.479 84.037 81.737 67.446 61.251 61.981 58.088 60.079 57.661 63.948 64.667 62.418 65.056 60.405 57.384 56.752 57.906 62.251 61.39 63.804 62.27 64.814 60.738 57.244 58.878 58.434 56.217 56.955 58.118 54.798 54.608 51.672 51.261 49.663 49.212 48.998 49.13 48.648 52.048 50.167 47.895
