Validation/Results/raw data/ReClimate_06_2024_2_Precipitation-Actualsweatherlogisticsltd.asc
NCOLS 192
NROWS 249
XLLCENTER -225160.85627316462
YLLCENTER 29788.11610251502
CELLSIZE 5000.0
NODATA_VALUE -9999
[rows 66 to 98 of 249, columns 74 to 147 of 192]
-9999 -9999 -9999 -9999 -9999 -9999 -9999 -9999 -9999 -9999 -9999 111.153 -9999 122.774 148.696 170.134 162.196 178.152 137.433 130.838 110.163 102.848 81.829 89.864 100.844 93.665 94.92 98.563 98.896 105.166 92.55 84.688 -9999 -9999 -9999 -9999 -9999 -9999 -9999 -9999 -9999 -9999 -9999 -9999 -9999 -9999 -9999 -9999 -9999 -9999 -9999 -9999 -9999 -9999 -9999 -9999 -9999 -9999 -9999 -9999 -9999 -9999 -9999 -9999 -9999 -9999 -9999 -9999 -9999 -9999 -9999 -9999 -9999 -9999
-9999 -9999 -9999 -9999 -9999 -9999 -9999 -9999 -9999 -9999 -9999 -9999 115.584 152.739 148.806 150.572 150.158 141.794 137.419 135.862 119.257 102.618 95.146 90.585 89.398 85.562 91.646 96.203 100.545 88.937 -9999 -9999 -9999 -9999 -9999 -9999 -9999 -9999 -9999 -9999 -9999 -9999 -9999 -9999 -9999 -9999 -9999 -9999 -9999 -9999 -9999 -9999 -9999 -9999 -9999 -9999 -9999 -9999 -9999 -9999 -9999 -9999 -9999 -9999 -9999 -9999 -9999 -9999 -9999 -9999 -9999 -9999 -9999 -9999
-9999 -9999 -9999 -9999 -9999 -9999 -9999 -9999 -9999 -9999 -9999 -9999 136.262 160.947 146.476 130.821 140.462 142.881 124.727 115.445 105.554 93.636 93.376 89.536 93.49 92.351 85.872 93.675 86.471 72.036 -9999 -9999 -9999 -9999 -9999 -9999 -9999 -9999 -9999 -9999 -9999 -9999 -9999 -9999 -9999 -9999 -9999 -9999 -9999 -9999 -9999 -9999 -9999 -9999 -9999 -9999 -9999 -9999 -9999 -9999 -9999 -9999 -9999 -9999 -9999 -9999 -9999 -9999 -9999 -9999 -9999 -9999 -9999 -9999
-9999 -9999 -9999 -9999 -9999 -9999 -9999 -9999 -9999 -9999 -9999 -9999 -9999 -9999 133.067 142.563 144.58 123.379 115.649 116.38 113.366 99.732 84.274 84.033 99.348 92.815 85.754 70.718 -9999 -9999 -9999 -9999 -9999 -9999 -9999 -9999 -9999 -9999 -9999 -9999 -9999 -9999 -9999 -9999 -9999 -9999 -9999 -9999 -9999 -9999 -9999 -9999 -9999 -9999 -9999 -9999 -9999 -9999 -9999 -9999 -9999 -9999 -9999 -9999 -9999 -9999 -9999 -9999 -9999 -9999 -9999 -9999 -9999 -9999
-9999 -9999 -9999 -9999 -9999 -9999 -9999 -9999 114.456 -9999 -9999 122.142 133.473 135.361 131.61 156.783 139.662 130.096 129.338 129.56 113.154 96.028 73.974 88.131 92.733 99.658 82.724 73.526 -9999 -9999 -9999 -9999 -9999 -9999 -9999 -9999 -9999 -9999 -9999 -9999 -9999 -9999 -9999 -9999 -9999 -9999 -9999 -9999 -9999 -9999 -9999 -9999 -9999 -9999 -9999 -9999 -9999 -9999 -9999 -9999 -9999 -9999 -9999 -9999 -9999 -9999 -9999 -9999 -9999 -9999 -9999 -9999 -9999 -9999
-9999 -9999 -9999 -9999 -9999 -9999 114.862 111.872 119.353 121.803 135.865 135.095 154.567 165.471 163.95 126.255 151.021 150.934 139.208 124.637 106.016 106.957 114.146 85.422 84.786 79.372 73.2 65.091 -9999 -9999 -9999 -9999 -9999 -9999 -9999 -9999 -9999 -9999 -9999 -9999 -9999 -9999 -9999 -9999 -9999 -9999 -9999 -9999 -9999 -9999 -9999 -9999 -9999 -9999 -9999 -9999 -9999 -9999 -9999 -9999 -9999 -9999 -9999 -9999 -9999 -9999 -9999 -9999 -9999 -9999 -9999 -9999 -9999 -9999
-9999 -9999 -9999 -9999 -9999 -9999 112.028 123.537 -9999 138.379 155.953 164.685 166.975 193.785 136.799 146.186 165.106 168.142 160.869 129.257 127.827 134.732 106.752 97.251 100.723 82.753 79.83 -9999 68.783 -9999 -9999 -9999 -9999 -9999 -9999 -9999 -9999 -9999 -9999 -9999 -9999 -9999 -9999 -9999 -9999 -9999 -9999 -9999 -9999 -9999 -9999 -9999 -9999 -9999 -9999 -9999 -9999 -9999 -9999 -9999 -9999 -9999 -9999 -9999 -9999 -9999 -9999 -9999 -9999 -9999 -9999 -9999 -9999 -9999
-9999 -9999 -9999 -9999 -9999 -9999 -9999 143.813 147.375 152.048 175.827 169.453 197.693 160.503 145.14 143.003 144.325 149.765 147.013 124.413 123.54 116.119 92.95 99.615 95.9 87.002 81.67 67.417 72.895 -9999 -9999 -9999 -9999 -9999 -9999 -9999 -9999 -9999 -9999 -9999 -9999 -9999 -9999 -9999 -9999 -9999 -9999 -9999 -9999 -9999 -9999 -9999 -9999 -9999 -9999 -9999 -9999 -9999 -9999 -9999 -9999 -9999 -9999 -9999 -9999 -9999 -9999 -9999 -9999 -9999 -9999 -9999 -9999 -9999
124.824 -9999 -9999 -9999 -9999 -9999 -9999 -9999 144.92 157.837 170.211 218.455 196.602 181.694 162.151 171.991 175.14 141.35 116.656 114.701 131.027 115.037 96.743 100.197 88.486 84.258 72.326 74.93 83.173 -9999 -9999 -9999 -9999 -9999 -9999 -9999 -9999 -9999 -9999 -9999 -9999 -9999 -9999 -9999 -9999 -9999 -9999 -9999 -9999 -9999 -9999 -9999 -9999 -9999 -9999 -9999 -9999 -9999 -9999 -9999 -9999 -9999 -9999 -9999 -9999 -9999 -9999 -9999 -9999 -9999 -9999 -9999 -9999 -9999
133.764 -9999 -9999 -9999 -9999 -9999 154.379 158.379 178.136 180.788 186.362 177.019 201.34 184.197 179.943 177.815 148.926 130.031 127.656 111.837 125.118 141.644 104.832 83.837 74.124 76.973 -9999 82.027 -9999 -9999 -9999 -9999 -9999 -9999 86.7 88.695 89.415 -9999 -9999 -9999 -9999 -9999 -9999 -9999 -9999 -9999 -9999 -9999 -9999 -9999 -9999 -9999 -9999 -9999 -9999 -9999 -9999 -9999 -9999 -9999 -9999 -9999 -9999 -9999 -9999 -9999 -9999 -9999 -9999 -9999 -9999 -9999 -9999 -9999
131.735 111.813 -9999 -9999 -9999 -9999 -9999 180.428 196.259 201.527 181.69 191.006 169.842 179.102 167.926 168.369 138.265 121.846 99.469 115.219 145.479 118.617 91.013 77.313 84.368 88.101 80.959 -9999 -9999 -9999 -9999 116.684 95.803 83.683 88.3 91.987 93.991 94.55 95.134 97.545 108.222 113.769 99.903 88.746 87.056 93.335 102.623 102.448 92.531 81.966 77.628 79.662 82.16 -9999 -9999 -9999 -9999 -9999 -9999 -9999 -9999 -9999 -9999 -9999 -9999 -9999 -9999 -9999 -9999 -9999 -9999 -9999 -9999 -9999
175.66 169.44 -9999 -9999 -9999 165.015 -9999 172.912 166.703 182.929 232.038 200.218 179.457 153.528 159.706 142.39 139.792 124.695 122.269 107.837 99.163 96.287 85.352 84.759 95.521 87.137 -9999 -9999 -9999 -9999 100.074 117.828 88.515 98.04 104.086 97.067 99.396 105.483 104.892 118.531 129.249 127.098 101.554 95.921 98.981 100.396 101.99 101.838 97.112 88.132 87.449 92.945 82.947 -9999 -9999 -9999 -9999 -9999 -9999 -9999 -9999 -9999 -9999 -9999 -9999 -9999 -9999 -9999 -9999 -9999 -9999 -9999 -9999 -9999
180.513 165.293 -9999 -9999 -9999 176.792 179.653 162.901 186.525 241.306 236.844 235.032 173.719 169.519 155.259 140.077 122.21 120.456 128.901 114.842 113.062 88.522 80.495 92.833 83.511 -9999 -9999 82.122 85.344 88.946 101.236 98.298 102.866 109.127 107.329 115.686 118.957 112.316 111.851 117.739 120.237 108.778 108.995 113.219 104.189 105.463 106.058 106.713 98.876 96.652 97.659 92.251 85.36 83.056 -9999 -9999 -9999 -9999 -9999 -9999 -9999 -9999 -9999 -9999 -9999 -9999 -9999 -9999 -9999 -9999 -9999 -9999 -9999 -9999
162.869 156.79 -9999 150.201 -9999 156.771 161.381 202.446 231.702 215.813 251.96 220.899 197.08 184.342 164.824 152.151 136.526 132.861 127.759 138.314 126.255 94.385 72.649 73.624 76.978 -9999 90.136 96.111 102.516 90.987 98.502 101.721 114.398 118.807 119.691 129.02 120.975 112.61 120.204 123.535 120.6 113.781 108.103 100.867 101.464 107.411 108.926 106.38 102.568 97.971 91.497 86.386 85.063 84.802 -9999 -9999 -9999 -9999 -9999 -9999 -9999 -9999 -9999 -9999 -9999 -9999 -9999 -9999 -9999 -9999 -9999 -9999 -9999 -9999
163.408 -9999 147.899 -9999 -9999 -9999 212.678 279.618 217.165 212.348 184.669 193.985 189.063 175.856 166.697 153.74 165.118 155.065 143.241 126.688 104.14 81.622 82.242 100.232 88.084 89.914 104.131 120.183 121.651 115.938 112.475 119.327 128.247 133.44 130.471 110.713 108.93 113.152 116.392 123.767 116.286 110.226 104.81 100.924 108.327 108.517 100.39 106.578 106.941 105.098 85.942 89.921 90.667 89.763 -9999 -9999 -9999 -9999 -9999 -9999 -9999 -9999 -9999 -9999 -9999 -9999 -9999 -9999 -9999 -9999 -9999 -9999 -9999 -9999
172.5 147.28 -9999 -9999 -9999 -9999 223.491 209.957 185.861 -9999 187.195 201.525 198.997 168.573 148.185 143.69 131.747 125.885 129.628 122.688 118.212 111.364 118.174 116.806 89.001 107.108 111.455 132.153 145.744 133.634 113.096 114.652 134.003 140.267 114.02 107.002 127.391 119.514 134.119 127.798 115.438 116.373 105.393 111.772 122.532 103.952 104.273 104.596 108.922 93.519 92.502 99.955 94.099 91.453 -9999 -9999 -9999 -9999 -9999 -9999 -9999 -9999 -9999 -9999 -9999 -9999 -9999 -9999 -9999 -9999 -9999 -9999 -9999 -9999
203.166 179.736 -9999 -9999 -9999 170.049 -9999 -9999 158.338 165.259 195.241 223.917 214.97 187.312 178.549 147.878 130.936 118.647 106.343 106.304 113.331 116.353 121.702 82.999 100.785 114.782 136.67 131.975 134.714 141.559 119.053 118.638 127.015 118.447 113.49 133.53 126.649 127.542 129.553 123.054 132.765 117.883 109.841 124.729 110.801 103.382 107.253 113.196 101.586 94.474 97.34 98.891 95.431 -9999 -9999 -9999 -9999 -9999 -9999 -9999 -9999 -9999 -9999 -9999 -9999 -9999 -9999 -9999 -9999 -9999 -9999 -9999 -9999 -9999
239.452 225.722 188.017 160.454 -9999 -9999 -9999 185.426 156.591 -9999 200.665 191.166 189.498 196.61 185.428 177.775 142.861 106.652 109.682 112.735 118.823 111.898 84.562 107.537 114.811 131.71 131.991 127.028 135.456 134.064 110.831 110.705 110.477 118.98 146.23 130.348 133.878 155.304 134.296 129.344 127.161 110.131 113.533 109.245 105.431 101.749 109.069 106.736 106.77 98.687 94.643 94.137 -9999 -9999 -9999 -9999 -9999 -9999 -9999 -9999 -9999 -9999 -9999 -9999 -9999 -9999 -9999 -9999 -9999 -9999 -9999 -9999 -9999 -9999
257.083 243.044 198.98 170.492 -9999 168.595 184.868 188.723 191.788 216.255 198.007 191.277 211.241 219.462 184.954 140.357 135.403 129.962 131.141 130.795 129.114 108.378 104.995 121.23 148.643 146.901 126.252 123.057 124.056 93.651 101.835 112.973 125.608 142.068 118.12 116.834 136.521 148.471 151.001 145.041 141.062 113.841 121.169 117.456 121.45 130.984 108.158 104.936 111.216 109.918 99.247 94.409 -9999 -9999 -9999 -9999 -9999 -9999 -9999 -9999 -9999 -9999 -9999 -9999 -9999 -9999 -9999 -9999 -9999 -9999 -9999 -9999 -9999 -9999
233.236 222.636 192.339 172.754 176.984 177.636 204.877 -9999 193.654 211.67 234.157 247.218 230.853 209.195 166.277 178.798 153.542 137.612 120.423 116.871 117.115 104.88 112.543 151.219 163.681 126.855 116.337 136.673 109.014 117.826 104.032 114.355 121.159 124.893 129.093 126.904 145.375 164.567 143.905 132.977 124.086 111.093 107.47 100.55 112.711 105.596 98.324 105.253 108.965 105.016 96.202 -9999 -9999 -9999 -9999 -9999 -9999 -9999 -9999 -9999 -9999 -9999 -9999 -9999 -9999 -9999 -9999 -9999 -9999 -9999 -9999 -9999 -9999 -9999
225.543 -9999 -9999 -9999 175.423 199.547 -9999 195.57 221.807 259.963 266.848 231.457 233.242 212.424 210.362 176.848 129.077 111.767 127.013 139.903 109.973 117.167 143.485 169.767 165.153 151.115 162.122 134.637 144.244 118.97 114.213 140.868 134.165 153.303 145.017 149.945 160.58 148.37 119.446 118.782 120.554 123.784 115.994 101.778 108.931 105.065 103.668 106.795 108.806 106.071 101.986 -9999 -9999 -9999 -9999 -9999 -9999 -9999 -9999 -9999 -9999 -9999 -9999 -9999 -9999 -9999 -9999 -9999 -9999 -9999 -9999 -9999 -9999 -9999
-9999 -9999 -9999 172.196 189.048 -9999 176.693 201.186 -9999 234.222 214.629 242.62 231.338 246.19 205.365 162.208 161.891 157.856 139.146 117.95 145.375 145.911 153.476 183.633 190.109 185.034 161.434 135.132 113.533 104.494 133.514 146.796 165.898 167.469 152.211 141.864 146.452 130.337 126.065 117.005 119.402 123.031 111.401 116.038 117.841 114.199 112.959 109.264 120.434 117.846 105.114 -9999 -9999 -9999 -9999 -9999 -9999 -9999 -9999 -9999 -9999 -9999 -9999 -9999 -9999 -9999 -9999 -9999 -9999 -9999 -9999 -9999 -9999 -9999
-9999 -9999 -9999 165.662 -9999 -9999 182.336 204.237 230.089 211.404 240.279 238.864 225.563 196.526 178.606 157.805 139.289 126.788 132.31 171.975 186.415 178.529 185.916 198.525 195.684 163.977 117.274 101.944 119.92 164.438 179.156 221.701 215.432 180.126 163.476 163.073 138.697 132.089 122.659 117.414 105.444 108.248 112.852 112.378 126.086 146.734 119.363 107.712 109.352 109.869 104.594 -9999 -9999 -9999 -9999 -9999 -9999 -9999 -9999 -9999 -9999 -9999 -9999 -9999 -9999 -9999 -9999 -9999 -9999 -9999 -9999 -9999 -9999 -9999
-9999 -9999 -9999 -9999 -9999 -9999 -9999 229.155 242.368 224.322 249.597 245.002 197.67 205.183 194.64 172.996 166.93 166.085 187.641 194.726 195.653 169.086 166.958 177.951 170.621 128.78 104.746 118.138 148.627 183.822 230.264 206.576 200.894 179.765 174.333 153.052 138.142 136.922 127.924 105.332 94.864 98.411 101.651 106.46 127.901 118.699 103.209 103.639 114.139 114.424 -9999 -9999 -9999 -9999 -9999 -9999 -9999 -9999 -9999 -9999 -9999 -9999 -9999 -9999 -9999 -9999 -9999 -9999 -9999 -9999 -9999 -9999 -9999 -9999
-9999 -9999 -9999 -9999 -9999 158.465 183.231 -9999 249.092 249.749 282.592 234.013 194.939 190.449 194.509 219.29 215.994 195.99 173.321 175.793 168.355 169.506 147.935 146.014 132.344 118.101 134.671 139.026 163.078 198.268 192.625 191.616 149.597 149.122 139.092 110.788 118.387 135.884 144.68 140.583 123.797 121.03 130.252 117.328 101.273 111.647 121.937 125.302 123.861 112.818 -9999 -9999 -9999 -9999 -9999 -9999 -9999 -9999 -9999 -9999 -9999 -9999 -9999 -9999 -9999 -9999 -9999 -9999 -9999 -9999 -9999 -9999 -9999 -9999
-9999 -9999 -9999 -9999 155.309 156.222 205.071 227.148 264.613 287.611 277.108 245.37 199.373 175.504 187.754 182.991 185.448 206.764 197.301 206.221 210.657 137.452 142.413 131.24 125.684 131.565 149.958 149.922 165.433 161.041 165.964 148.671 140.293 138.551 156.763 156.875 173.201 164.809 153.147 176.256 188.115 174.162 157.6 135.62 138.608 141.048 134.995 121.47 112.708 -9999 -9999 -9999 -9999 -9999 -9999 -9999 -9999 -9999 -9999 -9999 -9999 -9999 -9999 -9999 -9999 -9999 -9999 -9999 -9999 -9999 -9999 -9999 -9999 -9999
-9999 -9999 -9999 -9999 153.067 -9999 190.41 211.811 239.765 267.605 260.509 197.181 186.653 200.507 163.043 161.529 172.541 173.648 189.107 181.446 137.892 154.238 172.42 151.164 138.044 182.644 165.729 169.249 172.008 176.965 171.644 167.117 159.804 181.202 181.114 195.379 201.098 149.13 172.587 179.407 146.172 155.372 168.439 152.674 148.293 143.082 122.884 116.75 107.796 -9999 -9999 -9999 -9999 -9999 -9999 -9999 -9999 -9999 -9999 -9999 -9999 -9999 -9999 -9999 -9999 -9999 -9999 -9999 -9999 -9999 -9999 -9999 -9999 -9999
-9999 -9999 -9999 -9999 -9999 -9999 217.706 238.114 219.343 229.394 198.018 164.547 173.005 158.863 153.867 155.261 156.508 174.947 149.542 155.292 161.116 192.623 165.294 130.246 165.277 187.263 165.985 173.418 164.407 183.453 168.413 165.078 208.306 204.427 200.684 227.805 209.933 208.992 208.323 179.529 159.97 152.347 137.485 143.534 148.154 127.788 111.077 108.101 101.217 -9999 -9999 -9999 -9999 -9999 -9999 -9999 -9999 -9999 -9999 -9999 -9999 -9999 -9999 -9999 -9999 -9999 -9999 -9999 -9999 -9999 -9999 -9999 -9999 -9999
-9999 -9999 -9999 -9999 175.833 191.583 224.244 219.501 210.589 233.269 195.516 201.473 203.115 -9999 190.049 255.577 229.61 199.122 185.14 192.046 192.915 198.352 183.074 169.031 167.229 154.635 151.119 136.717 147.326 169.015 157.698 193.316 176.42 176.005 172.933 196.341 215.869 202.163 168.461 180.985 171.555 144.927 155.795 136.377 122.209 111.837 112.207 114.323 92.299 -9999 -9999 -9999 -9999 -9999 -9999 -9999 -9999 -9999 -9999 -9999 -9999 -9999 -9999 -9999 -9999 -9999 -9999 -9999 -9999 -9999 -9999 -9999 -9999 -9999
171.358 144.035 153.062 170.936 -9999 178.644 202.103 210.927 217.008 226.991 227.111 220.077 -9999 222.261 285.227 265.089 255.922 213.154 193.985 169.148 189.75 195.668 190.52 166.3 140.604 131.827 127.217 109.16 134.931 136.751 166.709 166.436 162.999 154.825 148.509 166.483 175.099 161.656 167.437 170.531 165.962 159.13 121.912 113.968 109.18 115.135 126.713 100.591 -9999 -9999 -9999 -9999 -9999 -9999 -9999 -9999 -9999 -9999 -9999 -9999 -9999 -9999 -9999 -9999 -9999 -9999 -9999 -9999 -9999 -9999 -9999 -9999 -9999 -9999
142.416 145.723 163.616 187.182 186.044 -9999 193.03 202.247 214.957 225.702 214.18 198.239 204.287 242.922 248.341 231.896 248.114 214.317 196.887 179.784 181.464 161.187 157.518 132.97 129.323 151.86 119.892 120.968 116.758 128.286 145.256 165.23 146.098 128.559 141.037 165.59 158.029 155.714 145.453 159.644 147.869 119.941 110.229 112.509 115.245 117.464 -9999 -9999 -9999 -9999 -9999 -9999 -9999 -9999 -9999 -9999 -9999 -9999 -9999 -9999 -9999 -9999 -9999 -9999 -9999 -9999 -9999 -9999 -9999 -9999 -9999 -9999 -9999 -9999
-9999 -9999 -9999 182.131 -9999 202.067 207.799 216.285 243.06 237.769 -9999 -9999 230.26 224.976 216.894 258.463 222.902 216.205 190.275 185.519 136.372 125.078 115.218 107.734 119.828 120.788 130.669 109.603 122.338 124.11 134.692 142.013 132.583 124.753 141.516 151.508 150.851 136.274 142.038 136.17 114.064 100.686 104.087 114.192 106.69 -9999 -9999 -9999 -9999 -9999 -9999 -9999 -9999 -9999 -9999 -9999 -9999 -9999 -9999 -9999 -9999 -9999 -9999 -9999 -9999 -9999 -9999 -9999 -9999 -9999 -9999 -9999 -9999 -9999
148.917 160.706 -9999 185.049 215.096 205.389 214.188 227.922 234.707 -9999 -9999 210.035 275.076 274.418 270.922 224.667 216.583 200.347 179.383 153.82 142.884 138.696 141.84 132.459 147.614 181.154 147.768 123.713 124.522 110.932 114.302 118.094 133.635 137.6 135.462 136.927 132.954 121.4 120.501 114.382 101.377 99.968 106.83 109.95 109.441 107.96 -9999 -9999 -9999 -9999 -9999 -9999 -9999 -9999 -9999 -9999 -9999 -9999 -9999 -9999 -9999 -9999 -9999 -9999 -9999 -9999 -9999 -9999 -9999 -9999 -9999 -9999 -9999 -9999
