Validation/Results/raw data/ReClimate_01_2024_2_Temperature-Actuals.asc
NCOLS 192
NROWS 249
XLLCENTER -225160.85627316462
YLLCENTER 29788.11610251502
CELLSIZE 5000.0
NODATA_VALUE -9999
[rows 204 to 237 of 249, columns 77 to 153 of 192]
-9999 -9999 8.01 -9999 7.797 7.623 7.459 7.2 7.232 7.015 7.029 7.059 6.961 6.956 6.645 7.113 6.938 7.069 7.297 7.579 7.526 7.525 6.896 6.325 5.082 4.468 6.053 5.872 6.069 5.836 6.541 7.305 6.337 4.893 6.524 6.839 6.736 6.754 7.338 7.769 7.583 7.263 7.373 7.731 7.864 7.974 7.893 7.621 6.905 6.542 6.483 6.779 6.976 7.132 7.031 6.712 6.824 7.017 7.181 7.244 7.255 7.184 7.039 7.069 7.16 7.153 7.259 7.289 7.164 7.166 7.117 7.198 7.409 7.391 7.318 7.209 7.213
-9999 -9999 -9999 -9999 -9999 -9999 7.264 7.528 7.429 7.363 7.361 7.31 7.29 7.175 7.486 7.321 7.28 7.343 7.308 7.521 7.269 7.121 6.262 5.423 4.566 4.916 4.867 5.253 4.598 4.935 6.639 6.44 6.179 7.177 6.481 6.734 7.272 7.525 7.795 7.43 7.107 6.74 7.256 7.78 7.878 7.95 7.902 7.223 6.448 6.377 6.459 6.855 6.897 7.054 6.937 7.042 7.078 7.273 7.429 7.473 7.413 7.296 7.225 7.234 7.343 7.394 7.301 7.163 6.981 6.991 7.2 7.218 7.379 7.324 7.424 7.535 7.484
-9999 -9999 -9999 -9999 -9999 -9999 7.509 7.471 7.483 7.532 7.134 6.928 6.848 7.268 7.497 7.417 7.46 7.064 6.981 7.305 7.462 7.36 6.641 6.405 6.253 6.023 5.726 5.493 4.879 5.317 5.032 5.728 6.423 6.1 5.808 7.327 7.555 7.701 7.265 7.223 6.65 6.964 7.385 7.884 7.858 7.634 6.798 6.342 6.453 6.671 6.61 6.763 6.896 6.976 7.143 7.061 7.343 7.512 7.677 7.68 7.491 7.317 7.208 7.271 7.44 7.457 7.303 6.917 6.972 7.022 7.08 7.305 7.412 7.534 7.615 7.798 7.665
-9999 -9999 -9999 -9999 7.902 7.748 7.609 7.591 -9999 7.556 7.396 7.221 7.505 7.637 7.735 -9999 7.515 7.194 7.337 6.982 7.558 6.653 6.706 6.546 6.35 6.342 6.681 6.208 5.83 5.689 5.621 5.872 6.29 5.315 6.358 7.39 7.324 7.638 7.525 6.961 7.036 7.329 7.783 7.95 7.736 6.982 6.865 6.537 6.684 6.662 6.876 6.96 6.994 7.132 7.306 7.379 7.501 7.487 7.747 7.714 7.613 7.49 7.455 7.417 7.424 7.317 7.019 6.905 6.874 7.129 7.197 7.321 7.445 7.472 7.512 7.827 7.792
-9999 -9999 -9999 -9999 7.897 -9999 -9999 -9999 7.814 7.703 7.546 -9999 -9999 -9999 -9999 -9999 7.64 7.49 7.115 7.852 7.502 7.269 7.151 6.91 7.115 7.213 5.539 5.509 6.489 6.484 6.377 6.217 5.733 5.844 7.085 7.186 7.574 7.566 6.85 7.216 7.32 7.871 7.988 7.979 7.484 7.024 7.024 6.754 6.948 7.091 7.086 7.172 7.298 7.348 7.453 7.499 7.548 7.482 7.554 7.723 7.493 7.519 7.482 7.454 7.248 7.157 7.013 6.839 6.953 7.282 7.447 7.526 7.479 7.427 7.546 7.813 7.916
-9999 -9999 -9999 -9999 -9999 -9999 7.837 7.786 7.687 7.847 7.614 -9999 -9999 -9999 -9999 -9999 -9999 -9999 -9999 8.153 7.924 7.832 7.966 7.588 7.288 5.808 5.295 5.376 5.7 6.136 6.22 6.272 6.42 6.425 6.814 7.548 7.633 6.665 7.051 7.201 8.062 8.067 7.989 7.862 7.136 7.081 6.946 6.987 7.153 7.306 7.341 7.377 7.404 7.459 7.393 7.46 7.545 7.617 7.591 7.662 7.507 7.421 7.226 7.111 7.275 7.048 6.98 7.035 7.164 7.392 7.663 7.609 7.587 7.667 7.928 8.121 7.975
-9999 -9999 -9999 -9999 -9999 -9999 -9999 7.76 -9999 -9999 -9999 -9999 -9999 -9999 -9999 -9999 -9999 7.654 7.88 7.845 7.72 8.11 8.221 7.977 7.21 6.45 5.64 5.465 5.975 6.796 6.54 6.187 6.482 6.808 7.614 7.961 7.576 7.234 7.433 7.9 -9999 8.019 7.888 7.538 6.792 6.778 7.008 7.147 7.326 7.362 7.44 7.394 7.411 7.399 7.496 7.519 7.62 7.647 7.664 7.524 7.355 7.16 6.895 6.906 7.003 7.375 7.251 7.252 7.473 7.576 7.76 7.848 7.73 7.88 8.232 8.429 8.369
-9999 -9999 -9999 -9999 -9999 -9999 -9999 -9999 -9999 -9999 -9999 -9999 -9999 -9999 -9999 -9999 -9999 7.764 7.843 8.013 7.877 -9999 -9999 -9999 7.756 6.692 6.864 6.595 7.023 6.93 6.356 6.614 7.382 7.7 7.882 8.11 7.893 7.956 8.011 -9999 8.001 7.689 7.697 7.119 6.71 7.046 7.175 7.33 7.331 7.287 7.388 7.428 7.423 7.444 7.307 7.308 7.402 7.41 7.536 7.569 7.295 6.864 6.922 6.977 7.256 7.546 7.652 7.516 7.695 7.898 7.983 8.105 8.136 7.897 8.257 8.578 8.557
-9999 -9999 -9999 -9999 -9999 -9999 -9999 -9999 -9999 -9999 -9999 -9999 -9999 -9999 -9999 -9999 -9999 -9999 -9999 -9999 -9999 -9999 -9999 -9999 8.28 7.748 7.187 7.317 7.518 7.424 7.248 7.57 7.873 8.006 8.097 8.146 8.176 -9999 -9999 8.12 7.911 7.717 7.579 7.085 6.907 7.122 7.223 7.391 7.499 7.294 7.346 7.394 7.158 7.023 6.969 6.811 6.703 7.018 7.217 7.346 7.302 7.069 7.003 7.308 7.355 7.598 7.869 7.813 7.845 7.936 8.108 8.244 8.347 8.517 8.51 8.713 8.691
-9999 -9999 -9999 -9999 -9999 -9999 -9999 -9999 -9999 -9999 -9999 -9999 -9999 -9999 -9999 -9999 -9999 -9999 -9999 -9999 -9999 -9999 -9999 -9999 7.978 7.793 7.724 7.755 7.558 7.532 7.772 8.003 8.186 8.205 -9999 -9999 -9999 -9999 -9999 8.082 7.865 7.787 7.607 7.142 6.949 7.09 7.134 7.409 7.546 7.319 7.033 7.084 6.802 6.707 6.752 6.791 6.716 6.776 7.157 7.179 7.421 7.53 7.384 7.648 7.703 7.781 7.951 8.01 8.107 8.187 8.193 8.232 8.408 8.643 8.828 8.815 8.585
-9999 -9999 -9999 -9999 -9999 -9999 -9999 -9999 -9999 -9999 -9999 -9999 -9999 -9999 -9999 -9999 -9999 -9999 -9999 -9999 -9999 -9999 -9999 -9999 -9999 -9999 7.864 7.486 7.445 7.64 7.687 8.003 8.191 -9999 -9999 -9999 -9999 7.87 7.683 7.693 8.036 7.951 7.654 6.992 6.922 6.93 7.064 7.345 7.418 7.06 6.709 6.617 6.738 6.658 6.829 6.854 7.061 7.096 7.178 7.392 7.433 7.707 7.88 7.836 7.853 7.844 7.863 7.834 8.036 8.257 8.3 8.316 8.32 8.475 8.589 8.652 8.486
-9999 -9999 -9999 -9999 -9999 -9999 -9999 -9999 -9999 -9999 -9999 -9999 -9999 -9999 -9999 -9999 -9999 -9999 -9999 -9999 -9999 -9999 -9999 -9999 -9999 -9999 -9999 7.864 7.738 7.7 7.739 8.039 -9999 -9999 -9999 -9999 7.965 7.875 7.654 7.61 7.699 7.819 7.689 7.363 7.371 6.992 7.11 7.252 7.006 6.879 6.794 6.572 6.728 6.857 7.028 7.163 7.271 7.403 7.367 7.343 7.489 7.692 7.76 7.729 7.646 7.739 7.806 7.78 7.848 8.12 8.239 8.3 8.393 8.393 8.391 8.301 8.221
-9999 -9999 -9999 -9999 -9999 -9999 -9999 -9999 -9999 -9999 -9999 -9999 -9999 -9999 -9999 -9999 -9999 -9999 -9999 -9999 -9999 -9999 -9999 -9999 -9999 -9999 -9999 -9999 -9999 -9999 -9999 -9999 -9999 -9999 -9999 7.872 8.02 7.984 7.672 7.459 7.765 7.728 7.461 7.56 7.317 7.162 7.446 7.333 7.115 6.958 6.919 6.902 6.766 6.85 6.98 6.861 7.082 7.206 7.288 7.287 7.303 7.527 7.635 7.568 7.485 7.481 7.657 7.8 7.878 7.984 8.1 8.072 8.142 8.097 8.068 7.876 7.643
-9999 -9999 -9999 -9999 -9999 -9999 -9999 -9999 -9999 -9999 -9999 -9999 -9999 -9999 -9999 -9999 -9999 -9999 -9999 -9999 -9999 -9999 -9999 -9999 -9999 -9999 -9999 -9999 -9999 -9999 -9999 -9999 -9999 -9999 8.115 8.008 7.744 7.494 6.54 7.19 7.69 7.491 7.401 7.341 7.171 7.403 7.495 7.532 7.375 7.164 7.206 6.922 6.74 6.529 6.699 6.841 6.534 6.844 7.059 7.238 7.374 7.498 7.616 7.598 7.543 7.567 7.547 7.675 7.869 7.955 7.931 7.845 7.564 7.624 7.541 7.378 7.057
-9999 -9999 -9999 -9999 -9999 -9999 -9999 -9999 -9999 -9999 -9999 -9999 -9999 -9999 -9999 -9999 -9999 -9999 -9999 -9999 -9999 -9999 -9999 -9999 -9999 -9999 -9999 -9999 -9999 -9999 -9999 -9999 -9999 -9999 8.16 7.988 7.979 7.364 6.969 6.789 7.01 7.214 7.307 7.105 7.349 7.368 7.418 7.169 6.957 6.9 7.044 7.056 6.877 6.855 6.692 6.794 6.898 6.858 7.039 7.153 7.329 7.518 7.601 7.625 7.525 7.499 7.567 7.601 7.712 7.72 7.44 7.394 7.304 7.239 7.412 7.312 7.053
-9999 -9999 -9999 -9999 -9999 -9999 -9999 -9999 -9999 -9999 -9999 -9999 -9999 -9999 -9999 -9999 -9999 -9999 -9999 -9999 -9999 6.501 6.231 5.66 5.982 -9999 6.701 -9999 -9999 -9999 -9999 -9999 -9999 -9999 -9999 8.164 8.06 7.837 7.567 7.275 6.939 6.902 6.992 7.28 7.306 7.289 7.008 6.862 7.07 7.043 7.12 7.059 7.005 7.156 7.277 7.293 7.189 7.249 7.145 7.029 6.928 7.151 7.396 7.414 7.377 7.403 7.382 7.45 7.612 7.537 7.253 7.202 7.453 7.396 7.464 7.521 7.491
-9999 -9999 -9999 -9999 -9999 -9999 -9999 -9999 -9999 -9999 -9999 -9999 -9999 -9999 -9999 -9999 -9999 -9999 7.306 7.092 6.849 6.414 5.671 5.354 5.639 5.834 6.507 7.467 8.058 -9999 -9999 7.593 8.041 8.219 8.31 8.206 8.114 8.162 7.993 7.703 7.317 6.952 7.061 7.264 7.217 6.785 7.083 7.35 7.159 7.255 7.336 7.36 7.248 7.278 7.398 7.447 7.564 7.474 7.296 7.087 7.052 6.923 6.99 7.253 7.376 7.462 7.605 7.427 7.543 7.076 6.98 7.128 7.378 7.533 7.547 7.652 7.538
-9999 -9999 -9999 -9999 -9999 -9999 -9999 -9999 -9999 -9999 -9999 -9999 -9999 -9999 -9999 -9999 -9999 7.232 7.332 7.465 7.378 6.746 5.71 5.298 5.53 5.824 6.277 6.731 7.41 7.694 7.545 7.477 7.502 8.098 8.194 8.209 8.047 7.892 8.039 7.8 7.223 7.132 7.199 7.104 6.587 7.044 7.053 7.268 7.424 7.449 7.494 7.442 7.291 7.375 7.376 7.5 7.481 7.502 7.364 7.188 6.963 6.8 7.031 7.271 7.432 7.139 7.295 7.569 7.518 7.57 7.151 7.287 7.375 7.458 7.489 7.428 7.533
-9999 -9999 -9999 -9999 -9999 -9999 -9999 -9999 -9999 -9999 -9999 -9999 -9999 -9999 -9999 -9999 -9999 7.255 7.837 8.147 7.845 6.901 6.34 5.959 5.655 5.986 6.373 6.918 6.736 6.657 7.093 7.349 7.553 7.496 8.003 8.192 8.017 8.024 7.779 7.544 7.547 7.45 7.299 6.944 7.009 7.069 7.028 7.398 7.517 7.554 7.491 7.404 7.242 7.211 7.525 7.591 7.554 7.594 7.591 7.468 7.264 6.916 6.832 7.279 7.428 7.291 7.09 7.405 7.673 7.747 7.739 7.629 7.331 7.292 7.397 7.347 7.097
-9999 -9999 -9999 -9999 -9999 -9999 -9999 -9999 -9999 -9999 -9999 -9999 -9999 -9999 -9999 -9999 -9999 7.766 8.28 8.029 7.859 7.318 7.275 6.849 6.824 6.768 6.897 6.971 6.533 6.742 7.463 7.721 7.833 8.074 8.259 8.248 8.13 7.85 7.594 7.667 7.598 7.419 7.207 7.261 7.264 7.297 7.313 7.408 7.314 7.321 7.471 7.629 7.558 7.55 7.632 7.575 7.615 7.772 7.548 7.424 7.451 7.082 6.701 7.156 7.533 7.464 7.414 7.551 7.752 7.899 7.819 7.63 7.458 7.433 7.61 7.654 7.472
-9999 -9999 -9999 -9999 -9999 -9999 -9999 -9999 -9999 -9999 -9999 -9999 -9999 7.45 7.007 -9999 7.634 8.179 7.826 7.614 7.671 7.801 7.61 7.456 7.056 6.823 6.925 7.118 7.121 7.364 7.705 8.046 8.18 8.159 8.08 8.06 8.114 7.905 7.777 7.673 7.531 7.176 7.411 7.416 7.363 7.154 7.034 7.147 7.015 7.094 7.335 7.643 7.681 7.683 7.705 7.84 7.75 7.828 7.73 7.312 7.482 7.391 7.267 7.32 7.716 7.721 7.579 7.589 7.758 7.921 7.985 7.889 7.771 7.676 7.719 7.76 7.804
-9999 -9999 -9999 -9999 -9999 -9999 -9999 -9999 -9999 -9999 -9999 -9999 -9999 7.3 7.036 7.401 7.694 7.786 7.575 7.686 7.347 7.28 7.38 6.932 6.904 6.869 6.942 7.243 7.188 7.321 7.63 7.361 7.187 7.482 7.766 8.046 8.104 7.864 7.653 7.483 7.367 7.266 7.501 7.386 7.506 7.381 7.123 7.024 7.165 7.222 7.459 7.567 7.62 7.662 7.929 7.956 7.991 8.061 7.936 7.608 7.526 7.458 7.273 7.306 7.101 7.39 7.615 7.663 7.847 7.946 7.939 7.947 7.93 7.876 7.763 7.783 7.801
-9999 -9999 -9999 -9999 -9999 -9999 -9999 -9999 -9999 -9999 -9999 -9999 7.664 7.265 7.265 7.336 7.426 7.547 7.58 7.463 7.304 7.418 7.398 7.107 7.054 6.947 7.186 7.416 7.686 7.786 7.408 6.794 6.952 7.084 7.293 7.854 7.86 7.747 7.704 7.554 7.469 7.41 7.471 7.566 7.7 7.562 7.206 7.419 7.435 7.512 7.547 7.609 7.576 7.532 7.899 8.267 8.382 8.188 8.171 7.903 7.811 7.776 7.637 7.525 7.241 7.039 7.204 6.975 7.501 7.338 7.331 7.746 7.909 7.395 7.162 7.235 7.686
-9999 -9999 -9999 -9999 -9999 -9999 -9999 -9999 -9999 -9999 -9999 -9999 -9999 7.657 7.419 7.41 7.564 7.622 7.681 7.657 7.608 7.551 7.488 7.34 7.238 7.478 7.629 7.844 7.753 7.813 7.16 6.812 6.899 6.732 7.159 7.564 7.478 7.516 7.604 7.572 7.422 7.454 7.467 7.502 7.492 7.336 7.682 7.552 7.606 7.652 7.668 7.643 7.598 7.688 7.851 8.201 8.383 -9999 8.095 8.032 7.795 7.87 7.92 7.88 7.745 7.558 7.565 7.423 7.396 7.545 7.207 7.324 7.644 7.584 7.072 6.928 7.385
-9999 -9999 -9999 -9999 -9999 -9999 -9999 -9999 -9999 -9999 -9999 -9999 7.805 7.893 7.624 7.544 7.495 7.449 7.624 7.724 7.63 7.497 7.309 7.392 7.644 7.799 7.804 7.806 7.849 7.607 7.388 7.391 7.229 6.953 7.508 7.666 7.072 7.286 7.311 6.892 7.098 6.959 6.913 7.119 7.215 7.462 7.692 7.831 7.769 7.791 7.709 7.673 7.622 7.686 7.849 7.991 8.214 8.307 -9999 8.143 -9999 8.135 -9999 8.004 -9999 7.876 7.85 7.82 7.772 7.797 7.699 7.795 -9999 -9999 -9999 7.55 7.3
-9999 -9999 -9999 -9999 -9999 -9999 -9999 -9999 -9999 -9999 -9999 -9999 7.944 7.781 7.596 7.538 7.273 7.247 7.181 7.405 7.219 7.134 7.214 7.506 7.782 7.875 7.946 7.945 7.861 7.763 7.556 7.456 7.175 7.449 7.849 7.098 7.17 7.691 7.352 7.266 7.139 6.882 7.068 7.393 7.483 7.74 7.873 7.79 7.923 7.901 7.778 7.741 7.687 7.685 7.872 7.97 8.169 8.293 -9999 -9999 8.357 8.373 -9999 -9999 8.006 7.982 7.97 -9999 -9999 -9999 -9999 -9999 -9999 -9999 -9999 -9999 -9999
-9999 -9999 -9999 -9999 -9999 -9999 -9999 -9999 -9999 -9999 -9999 7.617 7.667 7.628 7.573 7.602 7.504 7.271 7.27 7.037 6.494 6.508 6.923 7.23 7.413 7.571 7.88 7.948 7.772 7.742 7.527 7.1 7.096 7.493 7.385 7.302 8.017 7.929 7.612 7.278 7.001 7.334 7.643 7.604 7.781 7.851 7.949 8.095 8.19 7.96 7.949 7.941 7.991 7.87 7.939 -9999 -9999 -9999 8.238 -9999 -9999 -9999 -9999 -9999 -9999 7.924 -9999 -9999 -9999 -9999 -9999 -9999 -9999 -9999 -9999 -9999 -9999
-9999 -9999 -9999 -9999 -9999 -9999 -9999 -9999 -9999 -9999 7.73 7.081 7.1 7.42 7.887 7.914 7.811 7.618 7.31 6.388 5.503 5.787 6.83 6.975 6.864 7.554 7.542 7.974 7.989 7.688 7.814 7.91 8.032 -9999 -9999 -9999 -9999 -9999 8.039 7.577 7.266 7.447 7.668 7.818 7.871 8.008 8.074 8.196 -9999 7.972 -9999 -9999 -9999 -9999 -9999 7.904 7.911 7.896 7.836 7.878 8.198 -9999 -9999 -9999 -9999 -9999 -9999 -9999 -9999 -9999 -9999 -9999 -9999 -9999 -9999 -9999 -9999
-9999 -9999 -9999 -9999 -9999 -9999 -9999 -9999 -9999 8.329 7.201 6.637 6.86 7.423 7.679 7.888 8.016 7.499 6.878 5.733 5.12 5.532 6.169 6.536 7.262 7.004 7.68 8.053 8.095 8.266 -9999 -9999 -9999 -9999 -9999 -9999 -9999 -9999 -9999 -9999 7.995 7.973 8.066 7.787 7.618 7.605 7.862 7.562 7.848 -9999 -9999 -9999 -9999 -9999 -9999 -9999 7.932 7.684 7.834 7.819 -9999 -9999 -9999 -9999 -9999 -9999 -9999 -9999 -9999 -9999 -9999 -9999 -9999 -9999 -9999 -9999 -9999
-9999 -9999 -9999 -9999 -9999 -9999 -9999 8.455 8.558 7.988 7.233 6.742 6.623 6.83 7.429 7.996 7.722 7.273 6.701 5.914 5.318 5.837 6.319 6.898 7.023 7.951 7.55 7.757 -9999 -9999 -9999 -9999 -9999 -9999 -9999 -9999 -9999 -9999 -9999 -9999 -9999 8.454 -9999 -9999 -9999 -9999 -9999 7.912 7.617 -9999 -9999 -9999 -9999 -9999 -9999 -9999 -9999 -9999 7.625 7.595 -9999 -9999 -9999 -9999 -9999 -9999 -9999 -9999 -9999 -9999 -9999 -9999 -9999 -9999 -9999 -9999 -9999
-9999 -9999 -9999 -9999 -9999 -9999 8.441 -9999 8.247 8.079 7.459 6.869 6.643 6.774 7.351 7.533 7.343 7.685 7.437 6.413 5.965 6.22 6.947 7.25 7.689 8.028 8.168 8.515 -9999 -9999 -9999 -9999 -9999 -9999 -9999 -9999 -9999 -9999 -9999 -9999 -9999 -9999 8.386 -9999 -9999 -9999 -9999 -9999 -9999 -9999 -9999 -9999 -9999 -9999 -9999 -9999 -9999 -9999 -9999 -9999 -9999 -9999 -9999 -9999 -9999 -9999 -9999 -9999 -9999 -9999 -9999 -9999 -9999 -9999 -9999 -9999 -9999
-9999 -9999 -9999 -9999 -9999 8.557 8.431 7.812 8.119 8.158 7.674 7.415 7.159 7.167 7.441 7.324 7.521 -9999 7.628 6.832 6.222 5.817 6.436 7.493 7.79 8.241 8.459 -9999 -9999 -9999 -9999 -9999 -9999 -9999 -9999 -9999 -9999 -9999 -9999 -9999 -9999 -9999 -9999 -9999 -9999 -9999 -9999 -9999 -9999 -9999 -9999 -9999 -9999 -9999 -9999 -9999 -9999 -9999 -9999 -9999 -9999 -9999 -9999 -9999 -9999 -9999 -9999 -9999 -9999 -9999 -9999 -9999 -9999 -9999 -9999 -9999 -9999
-9999 -9999 -9999 -9999 -9999 8.547 8.061 7.805 7.742 7.781 7.683 7.606 7.363 7.574 7.741 7.76 8.248 8.15 7.923 7.316 6.269 6.0 6.894 7.336 7.861 8.1 8.124 -9999 -9999 -9999 -9999 -9999 -9999 -9999 -9999 -9999 -9999 -9999 -9999 -9999 -9999 -9999 -9999 -9999 -9999 -9999 -9999 -9999 -9999 -9999 -9999 -9999 -9999 -9999 -9999 -9999 -9999 -9999 -9999 -9999 -9999 -9999 -9999 -9999 -9999 -9999 -9999 -9999 -9999 -9999 -9999 -9999 -9999 -9999 -9999 -9999 -9999
-9999 -9999 -9999 -9999 8.624 8.406 7.988 7.516 7.352 7.555 7.677 7.732 7.736 7.847 7.611 8.061 8.342 8.267 7.941 7.654 7.13 7.016 7.344 7.75 7.891 7.889 -9999 -9999 -9999 -9999 -9999 -9999 -9999 -9999 -9999 -9999 -9999 -9999 -9999 -9999 -9999 -9999 -9999 -9999 -9999 -9999 -9999 -9999 -9999 -9999 -9999 -9999 -9999 -9999 -9999 -9999 -9999 -9999 -9999 -9999 -9999 -9999 -9999 -9999 -9999 -9999 -9999 -9999 -9999 -9999 -9999 -9999 -9999 -9999 -9999 -9999 -9999
