Validation/Results/raw data/ReClimate_06_2024_2_Temperatureweatherlogisticsltd.asc
NCOLS 192
NROWS 249
XLLCENTER -225160.85627316462
YLLCENTER 29788.11610251502
CELLSIZE 5000.0
NODATA_VALUE -9999
[rows 170 to 203 of 249, columns 75 to 149 of 192]
-9999 -9999 -9999 -9999 -9999 -9999 -9999 -9999 -9999 -9999 -9999 -9999 -9999 -9999 -9999 -9999 -9999 -1.039 -1.044 -9999 -9999 -9999 -9999 -9999 -9999 -9999 -9999 -9999 -9999 -9999 -9999 -9999 -9999 -9999 -9999 -9999 -0.716 -0.675 -0.639 -0.604 -0.571 -0.531 -0.473 -0.416 -0.392 -0.373 -0.338 -0.303 -0.272 -0.236 -0.184 -0.123 -0.079 -0.035 0.021 0.076 0.106 0.128 0.157 0.185 0.221 0.26 0.291 0.326 0.363 0.407 0.468 0.536 0.572 0.595 0.62 0.646 0.658 0.669 0.706
-9999 -9999 -9999 -9999 -9999 -9999 -9999 -9999 -9999 -9999 -9999 -9999 -9999 -9999 -9999 -9999 -9999 -1.057 -1.057 -1.047 -9999 -9999 -9999 -9999 -9999 -9999 -9999 -9999 -9999 -9999 -9999 -9999 -9999 -9999 -9999 -0.762 -0.715 -0.678 -0.645 -0.614 -0.582 -0.542 -0.489 -0.44 -0.41 -0.374 -0.342 -0.318 -0.286 -0.244 -0.2 -0.155 -0.102 -0.053 -0.016 0.029 0.076 0.105 0.14 0.172 0.208 0.247 0.281 0.319 0.36 0.405 0.458 0.52 0.568 0.596 0.62 0.646 0.668 0.685 0.711
-9999 -9999 -9999 -9999 -9999 -9999 -9999 -9999 -9999 -9999 -9999 -9999 -9999 -9999 -9999 -9999 -1.045 -1.061 -1.055 -1.046 -1.058 -9999 -9999 -9999 -9999 -9999 -9999 -9999 -9999 -9999 -9999 -9999 -0.92 -9999 -9999 -0.759 -0.719 -0.678 -0.648 -0.618 -9999 -0.546 -0.497 -0.449 -0.411 -0.374 -0.348 -0.323 -0.287 -0.249 -0.213 -0.173 -0.126 -0.075 -0.036 -0.001 0.047 0.088 0.124 0.161 0.196 0.237 0.273 0.313 0.354 0.401 0.453 0.51 0.563 0.601 0.626 0.652 0.673 0.696 0.723
-9999 -9999 -9999 -9999 -9999 -9999 -9999 -9999 -9999 -9999 -9999 -9999 -9999 -9999 -9999 -9999 -1.043 -1.053 -1.052 -1.061 -1.068 -1.065 -1.074 -9999 -9999 -9999 -1.077 -1.047 -9999 -1.004 -0.988 -0.951 -0.914 -0.866 -9999 -9999 -0.741 -0.703 -9999 -9999 -0.605 -0.53 -0.49 -0.469 -0.429 -0.382 -0.353 -0.328 -0.293 -0.26 -0.206 -0.152 -0.127 -0.095 -0.054 -0.015 0.04 0.088 0.12 0.154 0.19 0.234 0.271 0.312 0.356 0.403 0.444 0.494 0.544 0.59 0.624 0.652 0.677 0.702 0.732
-9999 -9999 -9999 -9999 -9999 -9999 -9999 -9999 -9999 -9999 -9999 -9999 -9999 -9999 -9999 -9999 -9999 -1.047 -1.055 -1.064 -1.063 -1.061 -9999 -9999 -1.088 -1.087 -1.077 -1.048 -1.035 -1.021 -0.987 -0.957 -0.918 -0.867 -0.83 -9999 -0.755 -0.718 -0.691 -0.665 -0.605 -0.531 -0.504 -0.484 -0.437 -0.389 -0.358 -0.331 -0.297 -0.264 -0.21 -0.147 -0.12 -0.1 -0.066 -0.028 0.023 0.077 0.114 0.147 0.185 0.228 0.267 0.307 0.353 0.401 0.443 0.486 0.537 0.588 0.629 0.66 0.684 0.711 0.741
-9999 -9999 -9999 -9999 -9999 -9999 -9999 -9999 -9999 -9999 -9999 -9999 -9999 -9999 -9999 -9999 -9999 -1.05 -1.056 -1.053 -1.052 -1.052 -1.066 -1.082 -1.085 -1.09 -1.086 -1.076 -1.057 -1.02 -0.996 -0.983 -0.935 -0.868 -0.829 -0.79 -0.758 -0.741 -0.709 -0.668 -0.617 -0.569 -0.536 -0.488 -0.442 -0.401 -0.371 -0.348 -0.312 -0.27 -0.219 -0.165 -0.132 -0.107 -0.064 -0.022 0.021 0.07 0.105 0.138 0.164 0.196 0.249 0.298 0.344 0.391 0.431 0.473 0.519 0.569 0.629 0.667 0.686 0.71 0.743
-9999 -9999 -9999 -9999 -9999 -9999 -9999 -9999 -9999 -9999 -9999 -9999 -9999 -9999 -9999 -9999 -9999 -9999 -1.05 -1.046 -1.047 -1.047 -1.06 -1.074 -1.081 -1.087 -1.093 -1.09 -1.061 -1.026 -1.012 -0.997 -0.935 -0.869 -0.828 -0.79 -0.768 -0.752 -0.713 -0.672 -0.635 -0.59 -0.543 -0.495 -0.453 -0.412 -0.383 -0.359 -0.319 -0.277 -0.232 -0.178 -0.142 -0.111 -0.068 -0.021 0.024 0.073 0.109 0.139 0.164 0.186 0.234 0.292 0.338 0.385 0.426 0.467 0.513 0.561 0.627 0.676 0.696 0.719 0.753
-9999 -9999 -9999 -9999 -9999 -9999 -9999 -9999 -9999 -9999 -9999 -9999 -9999 -9999 -9999 -9999 -9999 -9999 -9999 -9999 -1.044 -1.049 -1.057 -1.058 -1.063 -1.069 -1.077 -1.081 -1.064 -1.038 -1.017 -0.981 -0.926 -0.886 -0.843 -0.795 -0.772 -0.75 -0.712 -0.675 -0.64 -0.599 -0.553 -0.504 -0.464 -0.428 -0.395 -0.359 -0.32 -0.281 -0.235 -0.18 -0.149 -0.118 -0.074 -0.024 0.027 0.08 0.113 0.14 0.168 0.192 0.235 0.289 0.337 0.385 0.428 0.471 0.522 0.574 0.628 0.674 0.703 0.732 0.765
-9999 -9999 -9999 -9999 -9999 -9999 -9999 -9999 -9999 -9999 -9999 -9999 -9999 -9999 -9999 -9999 -9999 -9999 -9999 -1.038 -1.043 -1.048 -1.049 -1.049 -1.054 -1.059 -1.069 -1.077 -1.066 -1.041 -1.012 -0.975 -0.932 -0.893 -0.847 -0.8 -0.775 -0.753 -0.717 -0.68 -0.648 -0.608 -0.563 -0.515 -0.477 -0.44 -0.401 -0.364 -0.326 -0.287 -0.242 -0.187 -0.155 -0.128 -0.083 -0.032 0.023 0.082 0.118 0.141 0.17 0.196 0.239 0.291 0.338 0.389 0.432 0.479 0.531 0.585 0.644 0.686 0.717 0.752 0.786
-9999 -9999 -9999 -9999 -9999 -9999 -9999 -9999 -9999 -9999 -9999 -9999 -9999 -9999 -9999 -9999 -9999 -9999 -1.039 -1.04 -1.04 -1.027 -1.025 -1.022 -1.03 -1.046 -1.052 -1.056 -1.047 -1.029 -0.991 -0.928 -0.892 -0.877 -0.836 -0.808 -0.78 -0.747 -0.716 -0.694 -0.662 -0.621 -0.58 -0.54 -0.497 -0.441 -0.401 -0.365 -0.332 -0.309 -0.272 -0.244 -0.19 -0.15 -0.104 -0.052 0.005 0.066 0.117 0.15 0.181 0.21 0.242 0.286 0.334 0.386 0.43 0.477 0.528 0.583 0.654 0.712 0.737 0.767 0.805
-9999 -9999 -9999 -9999 -9999 -9999 -9999 -9999 -9999 -9999 -9999 -9999 -9999 -9999 -9999 -9999 -9999 -1.045 -1.044 -1.039 -1.029 -1.016 -1.014 -1.01 -1.023 -1.032 -1.034 -1.038 -1.034 -1.021 -0.975 -0.911 -0.888 -0.872 -0.842 -0.815 -0.782 -0.749 -0.726 -0.703 -0.671 -0.633 -0.596 -0.557 -0.504 -0.448 -0.409 -0.372 -0.346 -0.323 -0.298 -0.273 -0.222 -0.165 -0.118 -0.064 -0.008 0.053 0.106 0.15 0.185 0.216 0.25 0.286 0.332 0.384 0.428 0.475 0.525 0.579 0.651 0.721 0.757 0.788 0.828
-9999 -9999 -9999 -9999 -9999 -9999 -9999 -9999 -9999 -9999 -9999 -9999 -9999 -9999 -9999 -1.037 -1.043 -1.051 -1.05 -1.057 -1.045 -1.025 -1.02 -1.008 -1.013 -1.02 -1.023 -1.027 -1.016 -0.98 -0.943 -0.907 -0.886 -0.88 -0.85 -0.819 -0.79 -0.768 -0.744 -0.719 -0.689 -0.653 -0.615 -0.571 -0.519 -0.468 -0.435 -0.411 -0.381 -0.342 -0.312 -0.275 -0.24 -0.184 -0.137 -0.086 -0.038 0.018 0.081 0.132 0.175 0.213 0.247 0.281 0.328 0.381 0.423 0.468 0.523 0.58 0.642 0.708 0.76 0.801 0.846
-9999 -9999 -9999 -9999 -9999 -9999 -9999 -9999 -9999 -9999 -9999 -9999 -9999 -9999 -1.02 -1.037 -1.043 -1.051 -9999 -9999 -9999 -9999 -1.021 -0.998 -1.002 -1.009 -1.012 -1.016 -0.992 -0.959 -0.939 -0.905 -0.893 -0.887 -0.854 -0.824 -0.801 -0.779 -0.755 -0.731 -0.702 -0.668 -0.628 -0.584 -0.535 -0.485 -0.458 -0.435 -0.396 -0.356 -0.319 -0.283 -0.247 -0.198 -0.146 -0.097 -0.051 0.001 0.064 0.123 0.165 0.207 0.245 0.281 0.327 0.38 0.422 0.466 0.521 0.581 0.644 0.706 0.76 0.809 0.856
-9999 -9999 -9999 -9999 -9999 -9999 -9999 -9999 -9999 -9999 -9999 -9999 -9999 -9999 -1.027 -1.039 -1.044 -9999 -9999 -9999 -9999 -9999 -1.019 -1.012 -1.014 -1.009 -1.01 -1.005 -0.994 -0.997 -0.981 -0.944 -0.927 -0.895 -0.866 -0.842 -0.816 -0.787 -0.762 -0.735 -0.711 -0.688 -0.646 -0.595 -0.548 -0.507 -0.479 -0.452 -0.414 -0.379 -0.342 -0.308 -0.269 -0.222 -0.167 -0.117 -0.062 -0.005 0.055 0.112 0.15 0.186 0.222 0.262 0.315 0.369 0.419 0.468 0.523 0.583 0.643 0.705 0.772 0.826 0.867
-9999 -9999 -9999 -9999 -9999 -9999 -9999 -9999 -9999 -9999 -9999 -9999 -9999 -9999 -9999 -9999 -1.041 -9999 -9999 -9999 -9999 -9999 -1.033 -1.011 -1.007 -1.003 -0.999 -0.994 -1.0 -1.006 -0.988 -0.955 -0.927 -0.899 -0.875 -0.852 -0.823 -0.794 -0.768 -0.741 -0.723 -0.702 -0.657 -0.605 -0.564 -0.523 -0.493 -0.465 -0.43 -0.395 -0.358 -0.321 -0.282 -0.235 -0.182 -0.129 -0.076 -0.015 0.046 0.101 0.139 0.174 0.209 0.247 0.304 0.362 0.408 0.459 0.511 0.568 0.626 0.685 0.752 0.81 0.845
-9999 -9999 -9999 -9999 -9999 -9999 -9999 -9999 -9999 -9999 -9999 -9999 -9999 -9999 -9999 -9999 -9999 -9999 -9999 -9999 -9999 -9999 -1.044 -1.036 -1.03 -1.012 -1.002 -0.978 -0.986 -1.0 -0.981 -0.94 -0.918 -0.906 -0.885 -0.863 -0.832 -0.796 -0.769 -0.743 -0.728 -0.715 -0.671 -0.615 -0.573 -0.532 -0.503 -0.478 -0.445 -0.416 -0.383 -0.344 -0.305 -0.262 -0.201 -0.142 -0.092 -0.037 0.023 0.082 0.132 0.173 0.202 0.234 0.278 0.336 0.374 0.415 0.467 0.524 0.594 0.66 0.714 0.76 0.794
-9999 -9999 -9999 -9999 -9999 -9999 -9999 -9999 -9999 -9999 -9999 -9999 -9999 -9999 -9999 -9999 -9999 -9999 -9999 -9999 -9999 -9999 -9999 -1.037 -1.023 -1.007 -0.988 -0.964 -0.976 -0.99 -0.968 -0.931 -0.917 -0.907 -0.886 -0.866 -0.835 -0.8 -0.774 -0.747 -0.734 -0.722 -0.678 -0.624 -0.584 -0.545 -0.516 -0.49 -0.46 -0.432 -0.398 -0.358 -0.317 -0.276 -0.218 -0.153 -0.104 -0.053 0.003 0.062 0.111 0.156 0.186 0.215 0.252 0.3 0.346 0.383 0.434 0.491 0.56 0.631 0.682 0.715 0.742
-9999 -9999 -9999 -9999 -9999 -9999 -9999 -9999 -9999 -9999 -9999 -9999 -9999 -9999 -9999 -9999 -9999 -9999 -9999 -9999 -9999 -9999 -0.986 -0.996 -0.986 -0.985 -0.974 -0.977 -0.98 -0.968 -0.954 -0.94 -0.924 -0.896 -0.879 -0.869 -0.842 -0.816 -0.794 -0.777 -0.757 -0.723 -0.685 -0.648 -0.613 -0.581 -0.549 -0.507 -0.482 -0.466 -0.428 -0.386 -0.339 -0.297 -0.243 -0.179 -0.123 -0.071 -0.022 0.034 0.084 0.127 0.154 0.181 0.228 0.274 0.322 0.37 0.413 0.465 0.514 0.572 0.63 0.665 0.687
-9999 -9999 -9999 -9999 -9999 -9999 -9999 -9999 -9999 -9999 -9999 -9999 -9999 -9999 -9999 -9999 -9999 -9999 -9999 -9999 -9999 -9999 -0.979 -0.972 -0.97 -0.97 -0.972 -0.975 -0.965 -0.953 -0.95 -0.939 -0.917 -0.891 -0.878 -0.868 -0.845 -0.82 -0.805 -0.79 -0.76 -0.726 -0.697 -0.664 -0.634 -0.604 -0.565 -0.524 -0.505 -0.49 -0.448 -0.401 -0.355 -0.31 -0.259 -0.199 -0.145 -0.093 -0.048 0.002 0.051 0.099 0.128 0.155 0.201 0.251 0.293 0.346 0.394 0.44 0.488 0.532 0.581 0.619 0.64
-9999 -9999 -9999 -9999 -9999 -9999 -9999 -9999 -9999 -9999 -9999 -9999 -9999 -9999 -9999 -9999 -9999 -9999 -9999 -9999 -9999 -9999 -0.992 -0.985 -0.982 -0.973 -0.977 -0.982 -0.973 -0.963 -0.961 -0.95 -0.929 -0.899 -0.885 -0.867 -0.847 -0.835 -0.818 -0.793 -0.769 -0.749 -0.724 -0.69 -0.664 -0.634 -0.6 -0.569 -0.543 -0.502 -0.455 -0.403 -0.367 -0.329 -0.282 -0.226 -0.18 -0.133 -0.086 -0.039 0.009 0.059 0.105 0.139 0.167 0.206 0.242 0.287 0.357 0.414 0.465 0.501 0.544 0.578 0.594
-9999 -9999 -9999 -9999 -9999 -9999 -9999 -9999 -9999 -9999 -9999 -9999 -9999 -9999 -9999 -9999 -9999 -9999 -9999 -9999 -9999 -9999 -9999 -0.983 -0.976 -0.967 -0.972 -0.977 -0.969 -0.96 -0.957 -0.948 -0.926 -0.899 -0.883 -0.865 -0.852 -0.839 -0.816 -0.792 -0.775 -0.757 -0.732 -0.705 -0.682 -0.654 -0.625 -0.596 -0.558 -0.517 -0.469 -0.415 -0.376 -0.344 -0.3 -0.251 -0.207 -0.165 -0.118 -0.07 -0.026 0.023 0.073 0.119 0.148 0.177 0.212 0.251 0.318 0.39 0.437 0.468 0.501 0.535 0.552
-9999 -9999 -9999 -9999 -9999 -9999 -9999 -9999 -9999 -9999 -9999 -9999 -9999 -9999 -9999 -9999 -9999 -9999 -9999 -9999 -9999 -9999 -9999 -0.994 -0.976 -0.931 -0.943 -0.972 -0.966 -0.961 -0.955 -0.937 -0.92 -0.902 -0.886 -0.867 -0.849 -0.828 -0.808 -0.797 -0.778 -0.755 -0.736 -0.719 -0.698 -0.67 -0.644 -0.617 -0.583 -0.548 -0.5 -0.447 -0.398 -0.357 -0.304 -0.255 -0.226 -0.189 -0.143 -0.095 -0.047 0.005 0.05 0.094 0.127 0.158 0.198 0.239 0.294 0.363 0.412 0.439 0.458 0.486 0.505
-9999 -9999 -9999 -9999 -9999 -9999 -9999 -9999 -9999 -9999 -9999 -9999 -9999 -9999 -9999 -9999 -9999 -9999 -9999 -9999 -9999 -9999 -0.964 -0.992 -0.955 -0.911 -0.935 -0.964 -0.959 -0.954 -0.943 -0.927 -0.916 -0.898 -0.882 -0.864 -0.844 -0.822 -0.809 -0.797 -0.776 -0.754 -0.739 -0.724 -0.703 -0.679 -0.655 -0.63 -0.601 -0.567 -0.519 -0.469 -0.423 -0.376 -0.321 -0.265 -0.24 -0.213 -0.166 -0.119 -0.073 -0.021 0.026 0.071 0.105 0.139 0.178 0.221 0.274 0.331 0.375 0.401 0.419 0.441 0.461
-9999 -9999 -9999 -9999 -9999 -9999 -9999 -9999 -9999 -9999 -9999 -9999 -9999 -9999 -9999 -9999 -9999 -9999 -9999 -9999 -9999 -9999 -0.972 -0.956 -0.929 -0.918 -0.932 -0.931 -0.928 -0.93 -0.922 -0.919 -0.914 -0.91 -0.89 -0.857 -0.841 -0.831 -0.815 -0.795 -0.777 -0.761 -0.747 -0.734 -0.716 -0.694 -0.674 -0.643 -0.616 -0.581 -0.539 -0.5 -0.442 -0.388 -0.348 -0.299 -0.266 -0.241 -0.19 -0.138 -0.102 -0.059 -0.008 0.044 0.082 0.115 0.149 0.188 0.238 0.291 0.332 0.355 0.365 0.382 0.408
-9999 -9999 -9999 -9999 -9999 -9999 -9999 -9999 -9999 -9999 -9999 -9999 -9999 -9999 -9999 -9999 -9999 -9999 -9999 -9999 -9999 -9999 -0.938 -0.935 -0.926 -0.916 -0.913 -0.911 -0.912 -0.914 -0.911 -0.909 -0.912 -0.911 -0.882 -0.849 -0.84 -0.83 -0.813 -0.794 -0.779 -0.763 -0.751 -0.738 -0.721 -0.702 -0.68 -0.655 -0.627 -0.595 -0.559 -0.521 -0.464 -0.404 -0.365 -0.325 -0.288 -0.26 -0.215 -0.16 -0.124 -0.088 -0.04 0.014 0.057 0.094 0.126 0.158 0.205 0.256 0.294 0.316 0.326 0.338 0.361
-9999 -9999 -9999 -9999 -9999 -9999 -9999 -9999 -9999 -9999 -9999 -9999 -9999 -9999 -9999 -9999 -9999 -9999 -9999 -9999 -9999 -0.933 -0.926 -0.936 -0.929 -0.923 -0.914 -0.893 -0.897 -0.909 -0.911 -0.918 -0.922 -0.914 -0.883 -0.843 -0.833 -0.823 -0.807 -0.788 -0.773 -0.761 -0.748 -0.734 -0.719 -0.71 -0.698 -0.691 -0.665 -0.62 -0.58 -0.527 -0.495 -0.45 -0.402 -0.358 -0.319 -0.287 -0.248 -0.199 -0.155 -0.114 -0.069 -0.018 0.014 0.049 0.094 0.13 0.164 0.205 0.256 0.289 0.297 0.309 0.319
-9999 -9999 -9999 -9999 -9999 -9999 -9999 -9999 -9999 -9999 -9999 -9999 -9999 -9999 -9999 -9999 -9999 -9999 -9999 -9999 -0.925 -0.918 -0.923 -0.931 -0.926 -0.919 -0.901 -0.88 -0.889 -0.901 -0.907 -0.914 -0.913 -0.907 -0.874 -0.836 -0.825 -0.816 -0.8 -0.782 -0.771 -0.76 -0.746 -0.733 -0.723 -0.714 -0.711 -0.708 -0.679 -0.639 -0.591 -0.539 -0.508 -0.477 -0.432 -0.383 -0.346 -0.31 -0.271 -0.228 -0.186 -0.14 -0.096 -0.048 -0.018 0.007 0.055 0.101 0.134 0.162 0.208 0.252 0.263 0.273 0.283
-9999 -9999 -9999 -9999 -9999 -9999 -9999 -9999 -9999 -9999 -9999 -9999 -9999 -9999 -9999 -9999 -9999 -9999 -0.945 -0.932 -0.918 -0.9 -0.905 -0.91 -0.906 -0.904 -0.891 -0.881 -0.887 -0.888 -0.896 -0.916 -0.912 -0.897 -0.877 -0.863 -0.847 -0.818 -0.804 -0.793 -0.782 -0.766 -0.754 -0.739 -0.73 -0.722 -0.715 -0.701 -0.676 -0.642 -0.602 -0.565 -0.513 -0.471 -0.453 -0.422 -0.37 -0.326 -0.298 -0.265 -0.227 -0.182 -0.14 -0.097 -0.056 -0.021 0.021 0.067 0.112 0.144 0.17 0.206 0.221 0.23 0.238
-9999 -9999 -9999 -9999 -9999 -9999 -9999 -9999 -9999 -9999 -9999 -9999 -9999 -9999 -9999 -9999 -9999 -0.947 -0.938 -0.922 -0.907 -0.889 -0.892 -0.896 -0.894 -0.893 -0.885 -0.876 -0.875 -0.875 -0.89 -0.908 -0.898 -0.884 -0.879 -0.87 -0.844 -0.816 -0.804 -0.793 -0.779 -0.764 -0.753 -0.741 -0.734 -0.726 -0.712 -0.699 -0.678 -0.648 -0.623 -0.59 -0.541 -0.488 -0.47 -0.456 -0.406 -0.354 -0.327 -0.299 -0.267 -0.23 -0.193 -0.154 -0.116 -0.074 -0.03 0.02 0.069 0.107 0.131 0.159 0.176 0.187 0.195
-9999 -9999 -9999 -9999 -9999 -9999 -9999 -9999 -9999 -9999 -9999 -9999 -9999 -9999 -0.976 -0.963 -0.951 -0.937 -0.926 -0.91 -0.896 -0.883 -0.884 -0.884 -0.884 -0.886 -0.876 -0.861 -0.861 -0.862 -0.875 -0.888 -0.878 -0.872 -0.873 -0.878 -0.854 -0.826 -0.815 -0.803 -0.789 -0.774 -0.766 -0.761 -0.755 -0.745 -0.735 -0.724 -0.701 -0.663 -0.639 -0.612 -0.587 -0.548 -0.517 -0.495 -0.444 -0.392 -0.363 -0.336 -0.307 -0.28 -0.256 -0.224 -0.178 -0.133 -0.093 -0.049 -0.007 0.032 0.063 0.092 0.112 0.125 0.147
-9999 -9999 -9999 -9999 -9999 -9999 -9999 -9999 -9999 -9999 -9999 -9999 -0.98 -0.98 -0.966 -0.952 -0.94 -0.928 -0.914 -0.9 -0.889 -0.876 -0.875 -0.874 -0.875 -0.876 -0.864 -0.849 -0.85 -0.851 -0.861 -0.873 -0.867 -0.861 -0.869 -0.875 -0.854 -0.827 -0.815 -0.803 -0.789 -0.774 -0.769 -0.765 -0.757 -0.751 -0.743 -0.735 -0.709 -0.674 -0.653 -0.628 -0.609 -0.587 -0.558 -0.529 -0.48 -0.429 -0.402 -0.375 -0.347 -0.323 -0.303 -0.281 -0.241 -0.192 -0.153 -0.118 -0.084 -0.051 -0.018 0.017 0.046 0.066 0.088
-9999 -9999 -9999 -9999 -9999 -9999 -9999 -9999 -0.989 -0.958 -0.964 -0.971 -0.973 -0.962 -0.949 -0.942 -0.927 -0.907 -0.895 -0.883 -0.873 -0.863 -0.865 -0.874 -0.869 -0.853 -0.848 -0.858 -0.853 -0.835 -0.848 -0.872 -0.867 -0.857 -0.862 -0.863 -0.85 -0.841 -0.828 -0.811 -0.796 -0.778 -0.771 -0.76 -0.754 -0.746 -0.741 -0.741 -0.718 -0.69 -0.671 -0.647 -0.625 -0.606 -0.587 -0.565 -0.524 -0.478 -0.447 -0.418 -0.397 -0.373 -0.352 -0.331 -0.303 -0.266 -0.233 -0.203 -0.162 -0.125 -0.096 -0.066 -0.034 -0.003 0.027
-9999 -9999 -9999 -9999 -9999 -9999 -9999 -0.987 -0.974 -0.955 -0.955 -0.958 -0.955 -0.949 -0.94 -0.933 -0.914 -0.894 -0.883 -0.872 -0.863 -0.853 -0.859 -0.868 -0.854 -0.839 -0.846 -0.856 -0.841 -0.824 -0.843 -0.867 -0.859 -0.85 -0.851 -0.851 -0.849 -0.844 -0.829 -0.813 -0.796 -0.779 -0.768 -0.759 -0.751 -0.744 -0.743 -0.744 -0.724 -0.698 -0.683 -0.66 -0.64 -0.619 -0.605 -0.591 -0.556 -0.515 -0.486 -0.455 -0.435 -0.414 -0.392 -0.371 -0.344 -0.315 -0.292 -0.269 -0.235 -0.194 -0.172 -0.149 -0.121 -0.094 -0.063
-9999 -9999 -9999 -9999 -9999 -9999 -0.978 -0.981 -0.968 -0.955 -0.956 -0.952 -0.951 -0.944 -0.934 -0.923 -0.908 -0.899 -0.886 -0.866 -0.857 -0.846 -0.852 -0.857 -0.846 -0.837 -0.845 -0.856 -0.843 -0.83 -0.845 -0.853 -0.849 -0.851 -0.846 -0.829 -0.833 -0.847 -0.835 -0.815 -0.801 -0.789 -0.778 -0.765 -0.755 -0.738 -0.739 -0.744 -0.723 -0.69 -0.677 -0.659 -0.66 -0.652 -0.634 -0.621 -0.587 -0.55 -0.528 -0.501 -0.474 -0.451 -0.411 -0.38 -0.367 -0.35 -0.331 -0.312 -0.292 -0.263 -0.239 -0.218 -0.204 -0.188 -0.171
