Validation/Results/raw data/ReClimate_04_2024_1_Temperature-Actualsweatherlogisticsltd.asc
NCOLS 192
NROWS 249
XLLCENTER -225160.85627316462
YLLCENTER 29788.11610251502
CELLSIZE 5000.0
NODATA_VALUE -9999
[rows 204 to 237 of 249, columns 77 to 153 of 192]
-9999 -9999 10.613 -9999 10.583 10.567 10.578 10.39 10.399 10.254 10.316 10.378 10.382 10.48 10.239 10.752 10.628 10.783 10.959 11.16 11.127 11.205 10.703 10.206 8.98 8.377 9.873 9.685 9.781 9.203 9.691 10.666 10.045 8.749 10.302 10.565 10.415 10.421 11.124 11.788 11.751 11.453 11.534 11.892 12.069 12.199 12.206 12.106 11.338 10.833 10.724 11.024 11.218 11.367 11.274 10.951 11.038 11.23 11.425 11.514 11.524 11.453 11.316 11.381 11.52 11.534 11.637 11.688 11.621 11.68 11.68 11.742 11.882 11.83 11.762 11.647 11.682
-9999 -9999 -9999 -9999 -9999 -9999 10.433 10.743 10.662 10.585 10.658 10.73 10.793 10.745 11.092 10.967 10.961 11.007 10.981 11.151 10.92 10.871 10.194 9.421 8.559 8.849 8.741 9.08 8.354 8.508 10.128 10.109 9.96 10.938 10.257 10.468 10.899 11.108 11.525 11.414 11.241 10.879 11.357 11.913 12.09 12.249 12.347 11.714 10.907 10.724 10.731 11.103 11.146 11.309 11.22 11.322 11.352 11.547 11.728 11.782 11.687 11.545 11.497 11.566 11.76 11.855 11.733 11.582 11.435 11.496 11.701 11.72 11.831 11.75 11.863 11.978 11.94
-9999 -9999 -9999 -9999 -9999 -9999 10.657 10.681 10.7 10.788 10.482 10.362 10.31 10.747 11.012 11.011 11.105 10.761 10.672 10.985 11.161 11.179 10.598 10.402 10.231 9.957 9.613 9.356 8.785 9.204 8.923 9.607 10.26 9.892 9.613 11.082 11.279 11.427 11.107 11.191 10.692 10.986 11.403 11.959 12.076 11.976 11.211 10.771 10.815 10.977 10.877 11.019 11.16 11.267 11.457 11.377 11.651 11.838 12.03 12.052 11.812 11.59 11.5 11.641 11.905 11.975 11.784 11.341 11.385 11.457 11.521 11.707 11.794 11.918 12.046 12.262 12.133
-9999 -9999 -9999 -9999 10.802 10.777 10.714 10.793 -9999 10.819 10.697 10.537 10.787 10.926 11.102 -9999 11.161 10.893 11.08 10.776 11.39 10.608 10.71 10.531 10.311 10.258 10.539 10.088 9.774 9.668 9.638 9.911 10.223 9.198 10.222 11.283 11.239 11.532 11.417 10.909 10.99 11.27 11.701 11.913 11.873 11.284 11.188 10.838 10.915 10.868 11.085 11.178 11.255 11.433 11.636 11.708 11.84 11.866 12.146 12.129 11.998 11.818 11.774 11.796 11.9 11.849 11.515 11.324 11.242 11.516 11.594 11.682 11.803 11.867 11.954 12.299 12.256
-9999 -9999 -9999 -9999 10.822 -9999 -9999 -9999 11.02 10.895 10.731 -9999 -9999 -9999 -9999 -9999 11.189 11.126 10.878 11.707 11.455 11.307 11.171 10.888 11.042 11.058 9.383 9.39 10.408 10.455 10.42 10.298 9.762 9.829 11.052 11.191 11.575 11.565 10.897 11.11 11.224 11.74 11.824 11.869 11.542 11.27 11.279 10.974 11.104 11.223 11.248 11.358 11.529 11.639 11.776 11.823 11.901 11.912 12.004 12.149 11.885 11.869 11.819 11.791 11.616 11.59 11.48 11.277 11.371 11.683 11.834 11.93 11.891 11.855 11.984 12.272 12.371
-9999 -9999 -9999 -9999 -9999 -9999 10.811 10.83 10.767 10.906 10.659 -9999 -9999 -9999 -9999 -9999 -9999 -9999 -9999 12.051 11.931 11.857 11.91 11.528 11.217 9.665 9.132 9.271 9.679 10.197 10.416 10.459 10.525 10.526 10.888 11.571 11.664 10.771 10.981 11.106 11.937 11.908 11.809 11.711 11.159 11.211 11.086 11.108 11.269 11.421 11.479 11.538 11.583 11.673 11.618 11.692 11.828 11.994 12.038 12.067 11.866 11.764 11.584 11.472 11.625 11.439 11.433 11.548 11.727 11.907 12.152 12.156 12.143 12.173 12.421 12.629 12.484
-9999 -9999 -9999 -9999 -9999 -9999 -9999 10.738 -9999 -9999 -9999 -9999 -9999 -9999 -9999 -9999 -9999 11.038 11.51 11.671 11.609 12.006 12.082 11.837 11.142 10.354 9.51 9.426 10.02 10.963 10.829 10.451 10.68 10.986 11.72 12.045 11.749 11.367 11.419 11.833 -9999 11.901 11.772 11.477 10.833 10.849 11.082 11.231 11.425 11.485 11.578 11.547 11.559 11.536 11.634 11.658 11.798 11.913 11.987 11.856 11.704 11.504 11.265 11.303 11.404 11.788 11.707 11.741 11.993 12.126 12.244 12.336 12.324 12.475 12.807 13.016 12.951
-9999 -9999 -9999 -9999 -9999 -9999 -9999 -9999 -9999 -9999 -9999 -9999 -9999 -9999 -9999 -9999 -9999 11.036 11.349 11.625 11.559 -9999 -9999 -9999 11.707 10.68 10.825 10.594 11.085 11.135 10.646 10.876 11.598 11.824 11.905 12.13 11.971 11.982 11.996 -9999 11.959 11.686 11.726 11.173 10.776 11.089 11.233 11.422 11.451 11.423 11.528 11.574 11.558 11.551 11.432 11.45 11.553 11.574 11.721 11.8 11.546 11.162 11.244 11.365 11.646 11.956 12.107 11.994 12.202 12.451 12.573 12.688 12.721 12.523 12.919 13.225 13.168
-9999 -9999 -9999 -9999 -9999 -9999 -9999 -9999 -9999 -9999 -9999 -9999 -9999 -9999 -9999 -9999 -9999 -9999 -9999 -9999 -9999 -9999 -9999 -9999 12.199 11.669 11.051 11.192 11.535 11.591 11.495 11.83 12.053 12.025 11.95 11.969 12.033 -9999 -9999 12.213 11.939 11.844 11.715 11.177 10.978 11.168 11.291 11.501 11.648 11.456 11.493 11.538 11.303 11.108 11.061 11.008 10.9 11.112 11.246 11.451 11.524 11.377 11.368 11.694 11.718 11.969 12.287 12.282 12.364 12.52 12.759 12.911 13.01 13.212 13.089 13.318 13.302
-9999 -9999 -9999 -9999 -9999 -9999 -9999 -9999 -9999 -9999 -9999 -9999 -9999 -9999 -9999 -9999 -9999 -9999 -9999 -9999 -9999 -9999 -9999 -9999 11.896 11.676 11.464 11.488 11.527 11.677 11.973 12.159 12.196 12.121 -9999 -9999 -9999 -9999 -9999 12.249 11.978 11.977 11.761 11.27 11.047 11.158 11.199 11.502 11.716 11.511 11.199 11.23 10.953 10.802 10.763 10.904 10.908 10.872 11.141 11.215 11.623 11.873 11.803 12.071 12.087 12.144 12.334 12.437 12.659 12.895 12.898 12.885 13.049 13.288 13.462 13.374 13.188
-9999 -9999 -9999 -9999 -9999 -9999 -9999 -9999 -9999 -9999 -9999 -9999 -9999 -9999 -9999 -9999 -9999 -9999 -9999 -9999 -9999 -9999 -9999 -9999 -9999 -9999 11.535 11.221 11.399 11.691 11.76 11.979 12.12 -9999 -9999 -9999 -9999 11.784 11.697 11.657 12.103 12.091 11.812 11.15 11.042 11.0 11.07 11.372 11.556 11.244 10.865 10.741 10.856 10.781 10.892 10.917 11.204 11.229 11.262 11.502 11.661 12.058 12.318 12.256 12.225 12.211 12.235 12.226 12.523 12.896 13.006 12.991 12.961 13.11 13.203 13.242 13.067
-9999 -9999 -9999 -9999 -9999 -9999 -9999 -9999 -9999 -9999 -9999 -9999 -9999 -9999 -9999 -9999 -9999 -9999 -9999 -9999 -9999 -9999 -9999 -9999 -9999 -9999 -9999 11.508 11.532 11.576 11.63 11.905 -9999 -9999 -9999 -9999 11.845 11.793 11.534 11.543 11.715 11.894 11.79 11.458 11.478 11.115 11.132 11.265 11.105 11.009 10.923 10.675 10.8 10.943 11.118 11.248 11.39 11.535 11.51 11.529 11.742 12.025 12.147 12.099 11.958 12.08 12.164 12.141 12.258 12.628 12.836 12.913 13.0 12.977 12.949 12.851 12.743
-9999 -9999 -9999 -9999 -9999 -9999 -9999 -9999 -9999 -9999 -9999 -9999 -9999 -9999 -9999 -9999 -9999 -9999 -9999 -9999 -9999 -9999 -9999 -9999 -9999 -9999 -9999 -9999 -9999 -9999 -9999 -9999 -9999 -9999 -9999 11.866 12.01 12.002 11.649 11.429 11.749 11.752 11.501 11.61 11.492 11.509 11.684 11.413 11.138 11.036 11.064 11.064 10.893 10.966 11.101 10.982 11.202 11.322 11.408 11.463 11.547 11.826 11.959 11.872 11.767 11.801 12.022 12.148 12.239 12.398 12.58 12.602 12.686 12.635 12.56 12.35 12.111
-9999 -9999 -9999 -9999 -9999 -9999 -9999 -9999 -9999 -9999 -9999 -9999 -9999 -9999 -9999 -9999 -9999 -9999 -9999 -9999 -9999 -9999 -9999 -9999 -9999 -9999 -9999 -9999 -9999 -9999 -9999 -9999 -9999 -9999 12.187 12.087 11.87 11.609 10.623 11.193 11.668 11.498 11.437 11.43 11.525 11.921 11.844 11.565 11.229 11.153 11.371 11.18 10.978 10.725 10.876 10.998 10.686 10.97 11.157 11.377 11.577 11.756 11.898 11.891 11.89 11.993 11.924 11.981 12.173 12.297 12.303 12.232 12.009 12.145 12.12 11.908 11.525
-9999 -9999 -9999 -9999 -9999 -9999 -9999 -9999 -9999 -9999 -9999 -9999 -9999 -9999 -9999 -9999 -9999 -9999 -9999 -9999 -9999 -9999 -9999 -9999 -9999 -9999 -9999 -9999 -9999 -9999 -9999 -9999 -9999 -9999 12.107 11.999 12.072 11.496 10.996 10.755 11.013 11.243 11.357 11.245 11.683 11.802 11.638 11.051 10.709 10.806 11.192 11.318 11.145 11.083 10.907 11.002 11.089 11.032 11.192 11.326 11.549 11.794 11.943 11.992 11.953 12.014 11.99 11.879 11.981 12.039 11.738 11.666 11.612 11.666 11.923 11.838 11.5
-9999 -9999 -9999 -9999 -9999 -9999 -9999 -9999 -9999 -9999 -9999 -9999 -9999 -9999 -9999 -9999 -9999 -9999 -9999 -9999 -9999 9.683 9.504 9.287 9.639 -9999 10.133 -9999 -9999 -9999 -9999 -9999 -9999 -9999 -9999 12.034 12.049 11.793 11.422 11.202 10.952 10.979 11.066 11.363 11.476 11.479 11.019 10.668 10.838 10.933 11.19 11.243 11.222 11.362 11.466 11.475 11.369 11.425 11.335 11.249 11.196 11.465 11.757 11.808 11.768 11.832 11.805 11.762 11.901 11.856 11.551 11.443 11.701 11.721 11.853 11.917 11.838
-9999 -9999 -9999 -9999 -9999 -9999 -9999 -9999 -9999 -9999 -9999 -9999 -9999 -9999 -9999 -9999 -9999 -9999 10.474 10.308 10.014 9.527 8.978 8.947 9.233 9.317 9.91 10.934 11.548 -9999 -9999 11.025 11.507 11.755 11.964 12.008 12.001 12.015 11.866 11.651 11.342 11.021 11.105 11.285 11.257 10.808 10.95 11.09 10.953 11.182 11.401 11.493 11.413 11.466 11.598 11.615 11.714 11.643 11.497 11.331 11.33 11.238 11.329 11.604 11.726 11.83 11.984 11.787 11.876 11.423 11.309 11.43 11.699 11.895 11.913 11.971 11.824
-9999 -9999 -9999 -9999 -9999 -9999 -9999 -9999 -9999 -9999 -9999 -9999 -9999 -9999 -9999 -9999 -9999 10.353 10.426 10.773 10.597 9.927 9.138 9.023 9.241 9.375 9.745 10.335 10.902 11.015 10.914 10.955 11.043 11.661 11.848 11.982 11.877 11.74 11.911 11.722 11.203 11.116 11.181 11.1 10.588 10.974 10.842 10.929 11.105 11.299 11.552 11.576 11.373 11.489 11.576 11.654 11.63 11.706 11.593 11.442 11.244 11.111 11.346 11.611 11.825 11.576 11.719 11.945 11.837 11.867 11.471 11.616 11.728 11.841 11.819 11.698 11.768
-9999 -9999 -9999 -9999 -9999 -9999 -9999 -9999 -9999 -9999 -9999 -9999 -9999 -9999 -9999 -9999 -9999 10.302 11.011 11.505 11.145 10.231 9.883 9.662 9.307 9.511 9.961 10.577 10.353 10.157 10.612 10.945 11.174 11.128 11.675 11.933 11.81 11.846 11.638 11.445 11.459 11.364 11.253 10.94 10.98 10.973 10.795 11.022 11.11 11.295 11.464 11.489 11.314 11.263 11.658 11.738 11.721 11.813 11.827 11.716 11.529 11.203 11.137 11.661 11.935 11.851 11.59 11.785 11.937 11.959 11.985 11.93 11.658 11.609 11.65 11.55 11.333
-9999 -9999 -9999 -9999 -9999 -9999 -9999 -9999 -9999 -9999 -9999 -9999 -9999 -9999 -9999 -9999 -9999 10.633 11.48 11.347 11.164 10.678 10.75 10.41 10.341 10.255 10.426 10.601 10.151 10.319 11.025 11.301 11.359 11.548 11.82 11.922 11.865 11.638 11.439 11.575 11.513 11.317 11.16 11.236 11.201 11.171 11.106 11.131 10.978 11.06 11.377 11.635 11.598 11.604 11.728 11.705 11.775 11.976 11.751 11.636 11.667 11.29 10.922 11.448 11.995 12.018 11.896 11.875 11.904 11.953 11.92 11.841 11.722 11.688 11.818 11.839 11.699
-9999 -9999 -9999 -9999 -9999 -9999 -9999 -9999 -9999 -9999 -9999 -9999 -9999 10.378 10.031 -9999 10.346 11.055 10.952 10.826 10.887 11.07 11.0 10.931 10.542 10.302 10.449 10.7 10.709 10.936 11.253 11.544 11.588 11.556 11.585 11.69 11.814 11.67 11.629 11.603 11.455 11.095 11.343 11.353 11.251 11.011 10.885 10.993 10.816 10.908 11.25 11.621 11.696 11.742 11.799 11.975 11.926 12.027 11.931 11.522 11.667 11.539 11.41 11.482 11.973 12.111 11.97 11.859 11.844 11.888 11.985 12.029 11.966 11.798 11.82 11.94 12.045
-9999 -9999 -9999 -9999 -9999 -9999 -9999 -9999 -9999 -9999 -9999 -9999 -9999 10.271 10.08 10.267 10.468 10.703 10.667 10.817 10.484 10.497 10.738 10.405 10.394 10.374 10.495 10.816 10.762 10.881 11.153 10.863 10.664 10.952 11.319 11.664 11.786 11.633 11.495 11.366 11.256 11.168 11.396 11.268 11.377 11.304 11.107 10.97 11.061 11.129 11.403 11.549 11.645 11.735 12.043 12.133 12.231 12.311 12.171 11.843 11.722 11.584 11.354 11.413 11.29 11.686 11.95 11.95 12.006 11.991 12.016 12.128 12.148 11.912 11.726 11.929 12.081
-9999 -9999 -9999 -9999 -9999 -9999 -9999 -9999 -9999 -9999 -9999 -9999 10.481 10.184 10.306 10.335 10.381 10.567 10.677 10.585 10.429 10.628 10.736 10.518 10.526 10.462 10.749 10.988 11.246 11.327 10.942 10.345 10.489 10.648 10.902 11.48 11.552 11.521 11.503 11.361 11.298 11.261 11.32 11.415 11.587 11.532 11.204 11.393 11.395 11.478 11.535 11.607 11.612 11.622 12.03 12.464 12.648 12.485 12.435 12.172 12.066 11.938 11.717 11.637 11.46 11.374 11.58 11.351 11.824 11.64 11.644 12.069 12.246 11.654 11.321 11.447 11.995
-9999 -9999 -9999 -9999 -9999 -9999 -9999 -9999 -9999 -9999 -9999 -9999 -9999 10.523 10.43 10.427 10.589 10.714 10.81 10.801 10.782 10.805 10.802 10.722 10.666 10.941 11.134 11.352 11.266 11.352 10.729 10.414 10.5 10.379 10.824 11.221 11.195 11.292 11.369 11.289 11.137 11.222 11.273 11.331 11.356 11.244 11.599 11.476 11.561 11.62 11.666 11.653 11.629 11.758 11.961 12.36 12.591 -9999 12.354 12.343 12.15 12.188 12.173 12.149 12.082 11.967 12.005 11.833 11.725 11.859 11.605 11.733 11.953 11.926 11.463 11.342 11.772
-9999 -9999 -9999 -9999 -9999 -9999 -9999 -9999 -9999 -9999 -9999 -9999 10.545 10.714 10.494 10.475 10.558 10.578 10.771 10.891 10.822 10.713 10.565 10.712 11.005 11.192 11.231 11.243 11.315 11.132 10.967 10.994 10.863 10.647 11.2 11.34 10.79 11.028 11.028 10.487 10.683 10.668 10.708 10.935 11.022 11.266 11.517 11.715 11.736 11.791 11.736 11.718 11.673 11.752 11.904 12.03 12.274 12.427 -9999 12.474 -9999 12.455 -9999 12.304 -9999 12.255 12.262 12.18 11.984 11.945 11.969 12.109 -9999 -9999 -9999 11.94 11.741
-9999 -9999 -9999 -9999 -9999 -9999 -9999 -9999 -9999 -9999 -9999 -9999 10.691 10.5 10.286 10.375 10.412 10.377 10.34 10.595 10.407 10.294 10.409 10.77 11.088 11.214 11.331 11.373 11.32 11.269 11.124 11.044 10.782 11.064 11.421 10.677 10.757 11.293 10.933 10.752 10.696 10.562 10.834 11.155 11.202 11.447 11.632 11.68 11.914 11.903 11.77 11.728 11.674 11.674 11.857 11.959 12.148 12.328 -9999 -9999 12.593 12.564 -9999 -9999 12.181 12.195 12.201 -9999 -9999 -9999 -9999 -9999 -9999 -9999 -9999 -9999 -9999
-9999 -9999 -9999 -9999 -9999 -9999 -9999 -9999 -9999 -9999 -9999 10.333 10.411 10.359 10.314 10.579 10.588 10.398 10.459 10.278 9.734 9.739 10.135 10.483 10.717 10.908 11.246 11.321 11.106 11.222 11.037 10.616 10.576 10.91 10.775 10.69 11.391 11.35 11.048 10.77 10.604 11.073 11.433 11.356 11.472 11.54 11.712 11.997 12.155 11.846 11.893 11.806 11.799 11.704 11.79 -9999 -9999 -9999 12.31 -9999 -9999 -9999 -9999 -9999 -9999 12.035 -9999 -9999 -9999 -9999 -9999 -9999 -9999 -9999 -9999 -9999 -9999
-9999 -9999 -9999 -9999 -9999 -9999 -9999 -9999 -9999 -9999 10.46 9.938 9.975 10.279 10.794 10.927 10.871 10.764 10.55 9.707 8.834 9.064 10.056 10.223 10.198 10.935 10.937 11.258 11.322 11.051 11.172 11.21 11.258 -9999 -9999 -9999 -9999 -9999 11.404 11.039 10.907 11.205 11.45 11.534 11.486 11.645 11.809 12.044 -9999 11.729 -9999 -9999 -9999 -9999 -9999 11.67 11.771 11.893 11.915 11.954 12.155 -9999 -9999 -9999 -9999 -9999 -9999 -9999 -9999 -9999 -9999 -9999 -9999 -9999 -9999 -9999 -9999
-9999 -9999 -9999 -9999 -9999 -9999 -9999 -9999 -9999 11.086 10.074 9.601 9.789 10.303 10.626 10.897 11.086 10.675 10.157 9.088 8.478 8.838 9.425 9.812 10.627 10.521 11.173 11.318 11.248 11.416 -9999 -9999 -9999 -9999 -9999 -9999 -9999 -9999 -9999 -9999 11.496 11.601 11.761 11.425 11.156 11.148 11.504 11.283 11.54 -9999 -9999 -9999 -9999 -9999 -9999 -9999 11.704 11.58 11.822 11.795 -9999 -9999 -9999 -9999 -9999 -9999 -9999 -9999 -9999 -9999 -9999 -9999 -9999 -9999 -9999 -9999 -9999
-9999 -9999 -9999 -9999 -9999 -9999 -9999 11.193 11.321 10.822 10.19 9.739 9.532 9.699 10.344 11.002 10.835 10.509 9.999 9.239 8.666 9.137 9.562 10.15 10.387 11.421 10.989 10.926 -9999 -9999 -9999 -9999 -9999 -9999 -9999 -9999 -9999 -9999 -9999 -9999 -9999 11.797 -9999 -9999 -9999 -9999 -9999 11.45 11.144 -9999 -9999 -9999 -9999 -9999 -9999 -9999 -9999 -9999 11.414 11.403 -9999 -9999 -9999 -9999 -9999 -9999 -9999 -9999 -9999 -9999 -9999 -9999 -9999 -9999 -9999 -9999 -9999
-9999 -9999 -9999 -9999 -9999 -9999 11.162 -9999 11.083 10.976 10.435 9.87 9.579 9.668 10.3 10.577 10.52 10.952 10.695 9.734 9.317 9.518 10.175 10.468 10.936 11.326 11.39 11.613 -9999 -9999 -9999 -9999 -9999 -9999 -9999 -9999 -9999 -9999 -9999 -9999 -9999 -9999 11.724 -9999 -9999 -9999 -9999 -9999 -9999 -9999 -9999 -9999 -9999 -9999 -9999 -9999 -9999 -9999 -9999 -9999 -9999 -9999 -9999 -9999 -9999 -9999 -9999 -9999 -9999 -9999 -9999 -9999 -9999 -9999 -9999 -9999 -9999
-9999 -9999 -9999 -9999 -9999 11.261 11.178 10.688 11.023 11.07 10.627 10.376 10.114 10.148 10.472 10.417 10.706 -9999 10.97 10.191 9.583 9.131 9.649 10.627 10.91 11.441 11.667 -9999 -9999 -9999 -9999 -9999 -9999 -9999 -9999 -9999 -9999 -9999 -9999 -9999 -9999 -9999 -9999 -9999 -9999 -9999 -9999 -9999 -9999 -9999 -9999 -9999 -9999 -9999 -9999 -9999 -9999 -9999 -9999 -9999 -9999 -9999 -9999 -9999 -9999 -9999 -9999 -9999 -9999 -9999 -9999 -9999 -9999 -9999 -9999 -9999 -9999
-9999 -9999 -9999 -9999 -9999 11.276 10.959 10.753 10.68 10.718 10.632 10.572 10.375 10.628 10.804 10.805 11.343 11.368 11.249 10.691 9.643 9.294 10.031 10.335 10.86 11.242 11.393 -9999 -9999 -9999 -9999 -9999 -9999 -9999 -9999 -9999 -9999 -9999 -9999 -9999 -9999 -9999 -9999 -9999 -9999 -9999 -9999 -9999 -9999 -9999 -9999 -9999 -9999 -9999 -9999 -9999 -9999 -9999 -9999 -9999 -9999 -9999 -9999 -9999 -9999 -9999 -9999 -9999 -9999 -9999 -9999 -9999 -9999 -9999 -9999 -9999 -9999
-9999 -9999 -9999 -9999 11.246 11.301 10.841 10.358 10.273 10.45 10.552 10.624 10.659 10.805 10.569 10.989 11.323 11.434 11.244 10.983 10.459 10.269 10.446 10.747 10.903 11.118 -9999 -9999 -9999 -9999 -9999 -9999 -9999 -9999 -9999 -9999 -9999 -9999 -9999 -9999 -9999 -9999 -9999 -9999 -9999 -9999 -9999 -9999 -9999 -9999 -9999 -9999 -9999 -9999 -9999 -9999 -9999 -9999 -9999 -9999 -9999 -9999 -9999 -9999 -9999 -9999 -9999 -9999 -9999 -9999 -9999 -9999 -9999 -9999 -9999 -9999 -9999
