Validation/Results/raw data/ReClimate_07_2024_2_Temperatureweatherlogisticsltd.asc
NCOLS 192
NROWS 249
XLLCENTER -225160.85627316462
YLLCENTER 29788.11610251502
CELLSIZE 5000.0
NODATA_VALUE -9999
[rows 136 to 169 of 249, columns 76 to 151 of 192]
-9999 -9999 -9999 -9999 -9999 -9999 -9999 -9999 -9999 0.101 -9999 0.068 0.048 0.021 -0.006 -0.04 -0.076 -0.096 -0.11 -0.133 -0.159 -0.159 -0.158 -0.17 -0.182 -0.194 -0.199 -0.194 -0.191 -9999 -9999 -9999 -9999 -9999 -9999 -0.14 -0.133 -0.132 -0.131 -0.127 -0.113 -0.076 -0.035 -0.004 0.021 0.048 0.076 0.098 0.123 0.146 0.161 0.188 0.211 0.226 0.238 0.26 0.268 0.256 -9999 -9999 -9999 -9999 -9999 -9999 -9999 -9999 -9999 -9999 -9999 -9999 -9999 -9999 -9999 -9999 -9999 -9999
0.13 -9999 -9999 -9999 -9999 -9999 -9999 -9999 -9999 0.101 0.101 0.079 0.052 0.018 -0.02 -0.048 -0.064 -0.085 -0.118 -0.141 -0.162 -0.164 -0.166 -0.178 -0.187 -0.198 -0.198 -0.196 -0.204 -9999 -9999 -9999 -9999 -0.163 -0.139 -0.132 -0.126 -0.124 -0.128 -0.118 -0.104 -0.062 -0.008 0.016 0.023 0.05 0.08 0.104 0.132 0.152 0.166 0.194 0.219 0.236 0.249 0.257 0.272 0.267 -9999 -9999 -9999 -9999 -9999 -9999 -9999 -9999 -9999 -9999 -9999 -9999 -9999 -9999 -9999 -9999 -9999 -9999
0.132 0.125 -9999 -9999 -9999 -9999 -9999 -9999 -9999 0.114 0.102 0.077 -9999 -9999 -0.03 -0.049 -0.062 -0.094 -9999 -0.146 -0.17 -0.174 -0.177 -0.188 -0.198 -0.206 -0.204 -9999 -9999 -9999 -9999 -9999 -0.173 -0.157 -0.139 -0.131 -0.124 -0.125 -0.125 -0.112 -0.097 -0.048 0.004 0.019 0.026 0.054 0.086 0.112 0.141 0.16 0.171 0.198 0.223 0.24 0.255 0.263 0.266 0.274 -9999 -9999 -9999 -9999 -9999 -9999 -9999 -9999 -9999 -9999 -9999 -9999 -9999 -9999 -9999 -9999 -9999 -9999
0.147 0.134 -9999 -9999 -9999 -9999 -9999 -9999 -9999 -9999 0.086 0.054 -9999 -9999 -9999 -0.06 -0.092 -0.114 -0.117 -9999 -9999 -0.188 -0.197 -0.215 -0.24 -0.245 -9999 -9999 -9999 -9999 -9999 -0.179 -0.169 -0.155 -0.146 -0.138 -0.13 -0.13 -0.121 -0.097 -0.065 -0.021 0.018 0.036 0.054 0.077 0.089 0.116 0.142 0.169 0.184 0.201 0.22 0.232 0.243 0.259 0.267 0.285 -9999 -9999 -9999 -9999 -9999 -9999 -9999 -9999 -9999 -9999 -9999 -9999 -9999 -9999 -9999 -9999 -9999 -9999
0.148 -9999 -9999 -9999 -9999 -9999 -9999 -9999 -9999 -9999 -9999 0.04 -9999 -9999 -9999 -9999 -0.108 -0.117 -0.121 -9999 -9999 -9999 -0.223 -0.247 -9999 -9999 -9999 -9999 -9999 -9999 -9999 -0.181 -0.169 -0.159 -0.15 -0.141 -0.134 -0.13 -0.117 -0.083 -0.051 -0.014 0.025 0.047 0.067 0.08 0.094 0.122 0.145 0.169 0.191 0.207 0.221 0.233 0.241 0.257 0.269 0.286 -9999 -9999 -9999 -9999 -9999 -9999 -9999 -9999 -9999 -9999 -9999 -9999 -9999 -9999 -9999 -9999 -9999 -9999
-9999 -9999 -9999 -9999 -9999 -9999 -9999 -9999 -9999 -9999 -9999 0.04 -9999 -9999 -9999 -9999 -9999 -0.114 -0.134 -9999 -9999 -9999 -9999 -9999 -9999 -9999 -9999 -9999 -9999 -9999 -9999 -0.184 -0.162 -0.153 -0.15 -0.143 -0.141 -0.134 -0.116 -0.078 -0.028 0.004 0.013 0.035 0.053 0.072 0.098 0.126 0.147 0.176 0.2 0.22 0.238 0.248 0.257 0.276 0.292 0.299 0.306 -9999 -9999 -9999 -9999 -9999 -9999 -9999 -9999 -9999 -9999 -9999 -9999 -9999 -9999 -9999 -9999 -9999
0.132 0.128 0.116 0.122 -9999 -9999 -9999 -9999 -9999 -9999 -9999 0.031 -9999 -9999 -9999 -9999 -9999 -9999 -9999 -9999 -9999 -9999 -9999 -9999 -9999 -9999 -9999 -9999 -9999 -9999 -0.196 -0.178 -0.16 -0.154 -0.15 -0.145 -0.142 -0.132 -0.114 -0.068 -0.017 0.001 0.011 0.032 0.05 0.075 0.102 0.129 0.151 0.178 0.204 0.225 0.244 0.255 0.263 0.282 0.299 0.308 0.315 0.322 -9999 -9999 -9999 -9999 -9999 -9999 -9999 -9999 -9999 -9999 -9999 -9999 -9999 -9999 -9999 -9999
0.134 0.133 0.134 0.14 -9999 -9999 -9999 -9999 -9999 -9999 -9999 -9999 -9999 -9999 -9999 -9999 -9999 -9999 -9999 -9999 -9999 -9999 -9999 -9999 -9999 -9999 -9999 -9999 -9999 -0.216 -0.2 -0.176 -0.145 -0.139 -0.141 -0.133 -0.124 -0.115 -0.101 -0.059 -0.015 -0.001 0.004 0.027 0.046 0.071 0.101 0.132 0.167 0.189 0.204 0.222 0.24 0.258 0.27 0.288 0.304 0.313 0.32 0.346 -9999 -9999 -9999 -9999 -9999 -9999 -9999 -9999 -9999 -9999 -9999 -9999 -9999 -9999 -9999 -9999
0.13 0.133 -9999 0.137 0.13 -9999 -9999 -9999 -9999 -9999 -9999 -9999 -9999 -9999 -9999 -9999 -9999 -9999 -9999 -9999 -9999 -9999 -9999 -9999 -9999 -9999 -9999 -9999 -9999 -0.217 -0.2 -0.169 -0.137 -0.135 -0.137 -0.126 -0.117 -0.109 -0.093 -0.055 -0.014 -0.003 0.004 0.026 0.044 0.071 0.1 0.138 0.171 0.187 0.201 0.219 0.236 0.253 0.269 0.288 0.304 0.315 0.323 0.347 0.372 0.355 -9999 -9999 -9999 -9999 -9999 -9999 -9999 -9999 -9999 -9999 -9999 -9999 -9999 -9999
0.149 0.147 -9999 -9999 0.127 -9999 -9999 -9999 -9999 -9999 -9999 -9999 -9999 -9999 -9999 -9999 -9999 -9999 -9999 -9999 -9999 -9999 -9999 -9999 -9999 -9999 -9999 -9999 -9999 -0.22 -0.205 -0.175 -0.147 -0.14 -0.125 -0.115 -0.112 -0.102 -0.083 -0.047 -0.009 0.007 0.03 0.051 0.065 0.093 0.12 0.153 0.174 0.191 0.207 0.224 0.241 0.264 0.285 0.293 0.304 0.317 0.328 0.347 0.369 0.373 0.361 0.376 0.391 -9999 -9999 -9999 -9999 -9999 -9999 -9999 -9999 -9999 -9999 -9999
0.151 0.14 0.126 -9999 0.118 -9999 -9999 -9999 -9999 -9999 -9999 -9999 -9999 -9999 -9999 -9999 -9999 -9999 -9999 -9999 -9999 -9999 -9999 -9999 -9999 -9999 -9999 -9999 -0.204 -0.21 -0.204 -0.178 -0.152 -0.136 -0.12 -0.114 -0.11 -0.098 -0.078 -0.043 -0.005 0.021 0.042 0.06 0.075 0.1 0.128 0.154 0.174 0.19 0.206 0.224 0.24 0.263 0.287 0.297 0.3 0.313 0.325 0.345 0.364 0.37 0.373 0.374 0.385 0.409 0.405 -9999 -9999 -9999 -9999 -9999 -9999 -9999 -9999 -9999
0.124 0.12 -9999 0.117 -9999 -9999 -9999 -9999 -9999 -9999 -9999 -9999 -9999 -9999 -9999 -9999 -9999 -9999 -9999 -9999 -9999 -9999 -9999 -9999 -9999 -9999 -9999 -9999 -9999 -0.19 -0.18 -0.166 -0.176 -0.161 -0.141 -0.138 -0.14 -0.123 -0.084 -0.047 -0.006 0.019 0.039 0.058 0.079 0.107 0.133 0.16 0.185 0.202 0.215 0.225 0.236 0.262 0.286 0.296 0.3 0.318 0.332 0.348 0.367 0.371 0.375 0.387 0.397 0.407 0.422 0.419 -9999 -9999 -9999 -9999 -9999 -9999 -9999 -9999
0.104 0.105 0.106 0.099 -9999 -9999 -9999 -9999 -9999 -9999 -9999 -9999 -9999 -9999 -9999 -9999 -9999 -9999 -9999 -9999 -9999 -9999 -9999 -9999 -9999 -9999 -9999 -9999 -9999 -9999 -0.173 -0.176 -0.185 -0.167 -0.149 -0.148 -0.151 -0.124 -0.083 -0.043 -0.004 0.019 0.039 0.061 0.083 0.109 0.135 0.163 0.191 0.207 0.217 0.227 0.233 0.258 0.283 0.292 0.297 0.314 0.33 0.346 0.363 0.368 0.37 0.385 0.399 0.41 0.419 0.43 0.441 -9999 -9999 -9999 -9999 -9999 -9999 -9999
0.075 0.075 0.077 -9999 -9999 -9999 -9999 -9999 -9999 -9999 -9999 -9999 -9999 -9999 -9999 -9999 -9999 -9999 -9999 -9999 -9999 -9999 -9999 -9999 -9999 -9999 -9999 -9999 -9999 -9999 -0.182 -0.185 -0.17 -0.153 -0.14 -0.137 -0.136 -0.11 -0.077 -0.039 0.003 0.023 0.038 0.065 0.097 0.124 0.148 0.172 0.179 0.193 0.208 0.227 0.24 0.257 0.276 0.284 0.289 0.312 0.332 0.341 0.354 0.358 0.36 0.378 0.397 0.417 0.431 0.439 0.443 0.462 -9999 -9999 -9999 -9999 -9999 -9999
0.051 0.052 0.05 -9999 -9999 -9999 -9999 -9999 -9999 -9999 -9999 -9999 -9999 -9999 -9999 -9999 -9999 -9999 -9999 -9999 -9999 -9999 -9999 -9999 -9999 -9999 -9999 -9999 -9999 -9999 -9999 -0.177 -0.165 -0.15 -0.136 -0.13 -0.126 -0.104 -0.074 -0.032 0.007 0.024 0.039 0.071 0.103 0.129 0.153 0.167 0.172 0.188 0.203 0.222 0.24 0.257 0.271 0.278 0.283 0.304 0.328 0.338 0.346 0.35 0.352 0.369 0.39 0.411 0.432 0.442 0.446 0.464 -9999 -9999 -9999 -9999 -9999 -9999
-9999 -9999 -9999 -9999 -9999 -9999 -9999 -9999 -9999 -9999 -9999 -9999 -9999 -9999 -9999 -9999 -9999 -9999 -9999 -9999 -9999 -9999 -9999 -9999 -9999 -9999 -9999 -9999 -9999 -9999 -9999 -0.171 -0.155 -0.144 -0.143 -0.133 -0.125 -0.1 -0.057 -0.022 0.005 0.024 0.043 0.075 0.108 0.138 0.172 0.179 0.181 0.201 0.219 0.236 0.255 0.258 0.263 0.275 0.283 0.304 0.328 0.334 0.339 0.354 0.361 0.372 0.389 0.415 0.44 0.462 0.473 0.478 0.476 -9999 -9999 -9999 -9999 -9999
-9999 -9999 -9999 -9999 -9999 -9999 -9999 -9999 -9999 -9999 -9999 -9999 -9999 -9999 -9999 -9999 -9999 -9999 -9999 -9999 -9999 -9999 -9999 -9999 -9999 -9999 -9999 -9999 -9999 -9999 -9999 -9999 -0.153 -0.149 -0.144 -0.131 -0.122 -0.091 -0.051 -0.021 0.005 0.026 0.046 0.077 0.11 0.145 0.174 0.18 0.184 0.203 0.222 0.241 0.258 0.261 0.257 0.268 0.28 0.301 0.324 0.33 0.333 0.347 0.36 0.371 0.384 0.409 0.436 0.46 0.478 0.483 0.486 -9999 -9999 -9999 -9999 -9999
-9999 -9999 -9999 -9999 -9999 -9999 -9999 -9999 -9999 -9999 -9999 -9999 -9999 -9999 -9999 -9999 -9999 -9999 -9999 -9999 -9999 -9999 -9999 -9999 -9999 -9999 -9999 -9999 -9999 -9999 -9999 -9999 -0.152 -9999 -0.134 -0.118 -0.097 -0.072 -9999 -0.013 0.021 0.044 0.063 0.089 0.107 0.136 0.152 0.166 0.182 0.203 0.223 0.241 0.258 0.269 0.27 0.277 0.285 0.294 0.31 0.324 0.332 0.34 0.35 0.369 0.386 0.4 0.42 0.44 0.458 0.47 0.475 0.471 -9999 -9999 -9999 -9999
-9999 -9999 -9999 -9999 -9999 -9999 -9999 -9999 -9999 -9999 -9999 -9999 -9999 -9999 -9999 -9999 -9999 -9999 -9999 -9999 -9999 -9999 -9999 -9999 -9999 -9999 -9999 -9999 -9999 -9999 -9999 -9999 -9999 -0.155 -0.13 -9999 -9999 -9999 -9999 -0.006 0.026 0.049 0.068 0.087 0.105 0.126 0.144 0.164 0.18 0.202 0.22 0.238 0.255 0.265 0.272 0.28 0.285 0.295 0.303 0.316 0.33 0.338 0.344 0.362 0.383 0.396 0.409 0.427 0.442 0.456 0.467 0.463 0.456 0.45 -9999 -9999
-9999 -9999 -9999 -9999 -9999 -9999 -9999 -9999 -9999 -9999 -9999 -9999 -9999 -9999 -9999 -9999 -9999 -9999 -9999 -9999 -9999 -9999 -9999 -9999 -9999 -9999 -9999 -9999 -9999 -9999 -9999 -9999 -9999 -0.128 -0.114 -9999 -9999 -9999 -9999 0.003 0.025 0.046 0.06 0.081 0.11 0.127 0.133 0.156 0.179 0.203 0.225 0.231 0.238 0.253 0.261 0.279 0.291 0.295 0.3 0.31 0.321 0.331 0.338 0.355 0.375 0.397 0.414 0.424 0.434 0.447 0.461 0.463 0.458 0.456 -9999 -9999
-9999 -9999 -9999 -9999 -9999 -9999 -9999 -9999 -9999 -9999 -9999 -9999 -9999 -9999 -9999 -9999 -9999 -9999 -9999 -9999 -9999 -9999 -9999 -9999 -9999 -9999 -9999 -9999 -9999 -9999 -9999 -9999 -9999 -0.124 -9999 -9999 -9999 -9999 -0.009 0.006 0.025 0.043 0.056 0.083 0.111 0.121 0.126 0.153 0.178 0.203 0.226 0.233 0.233 0.246 0.257 0.273 0.291 0.296 0.297 0.307 0.316 0.326 0.335 0.351 0.37 0.392 0.413 0.421 0.426 0.439 0.453 0.458 0.458 -9999 -9999 -9999
-9999 -9999 -9999 -9999 -9999 -9999 -9999 -9999 -9999 -9999 -9999 -9999 -9999 -9999 -9999 -9999 -9999 -9999 -9999 -9999 -9999 -9999 -9999 -9999 -9999 -9999 -9999 -9999 -9999 -9999 -9999 -9999 -9999 -9999 -9999 -9999 -9999 -9999 -0.016 -0.001 0.018 0.04 0.066 0.093 0.12 0.132 0.15 0.177 0.187 0.212 0.236 0.251 0.257 0.266 0.276 0.283 0.295 0.298 0.299 0.301 0.304 0.321 0.334 0.351 0.37 0.39 0.408 0.411 0.414 0.427 0.441 0.454 0.46 -9999 -9999 -9999
-9999 -9999 -9999 -9999 -9999 -9999 -9999 -9999 -9999 -9999 -9999 -9999 -9999 -9999 -9999 -9999 -9999 -9999 -9999 -9999 -9999 -9999 -9999 -9999 -9999 -9999 -9999 -9999 -9999 -9999 -9999 -9999 -9999 -9999 -9999 -9999 -9999 -9999 -0.016 -0.004 0.011 0.04 0.066 0.092 0.121 0.142 0.163 0.181 0.191 0.215 0.237 0.252 0.263 0.273 0.281 0.289 0.295 0.298 0.298 0.3 0.299 0.315 0.332 0.349 0.369 0.387 0.402 0.404 0.405 0.418 0.432 0.445 0.459 -9999 -9999 -9999
-9999 -9999 -9999 -9999 -9999 -9999 -9999 -9999 -9999 -9999 -9999 -9999 -9999 -9999 -9999 -9999 -9999 -9999 -9999 -9999 -9999 -9999 -9999 -9999 -9999 -9999 -9999 -9999 -9999 -9999 -9999 -9999 -9999 -9999 -9999 -9999 -9999 -0.035 -0.031 -0.016 0.007 0.037 0.067 0.095 0.122 0.143 0.16 0.18 0.198 0.222 0.245 0.252 0.258 0.27 0.279 0.287 0.294 0.295 0.294 0.304 0.308 0.322 0.338 0.35 0.364 0.372 0.38 0.406 0.421 0.431 0.444 0.445 0.452 0.466 -9999 -9999
-9999 -9999 -9999 -9999 -9999 -9999 -9999 -9999 -9999 -9999 -9999 -9999 -9999 -9999 -9999 -9999 -9999 -9999 -9999 -9999 -9999 -9999 -9999 -9999 -9999 -9999 -9999 -9999 -9999 -9999 -9999 -9999 -9999 -9999 -9999 -9999 -9999 -0.043 -0.035 -0.017 0.005 0.035 0.069 0.096 0.123 0.142 0.158 0.182 0.2 0.223 0.246 0.252 0.254 0.266 0.276 0.284 0.291 0.293 0.291 0.301 0.311 0.325 0.339 0.35 0.36 0.366 0.37 0.394 0.422 0.433 0.444 0.446 0.445 0.462 -9999 -9999
-9999 -9999 -9999 -9999 -9999 -9999 -9999 -9999 -9999 -9999 -9999 -9999 -9999 -9999 -9999 -9999 -9999 -9999 -9999 -9999 -9999 -9999 -9999 -9999 -9999 -9999 -9999 -9999 -9999 -9999 -9999 -9999 -9999 -9999 -9999 -9999 -0.053 -0.045 -0.044 -0.027 -0.003 0.026 0.061 0.091 0.125 0.144 0.164 0.188 0.208 0.216 0.229 0.248 0.255 0.263 0.271 0.284 0.295 0.293 0.291 0.306 0.318 0.331 0.345 0.358 0.368 0.364 0.363 0.388 0.416 0.418 0.423 0.436 0.442 0.464 0.474 -9999
-9999 -9999 -9999 -9999 -9999 -9999 -9999 -9999 -9999 -9999 -9999 -9999 -9999 -9999 -9999 -9999 -9999 -9999 -9999 -9999 -9999 -9999 -9999 -9999 -9999 -9999 -9999 -9999 -9999 -9999 -9999 -9999 -9999 -9999 -9999 -9999 -0.052 -0.048 -0.046 -0.024 -0.001 0.027 0.056 0.091 0.124 0.145 0.165 0.189 0.209 0.217 0.221 0.238 0.253 0.261 0.266 0.28 0.293 0.293 0.289 0.304 0.319 0.333 0.345 0.357 0.368 0.365 0.359 0.382 0.41 0.412 0.412 0.425 0.438 0.46 0.48 -9999
-9999 -9999 -9999 -9999 -9999 -9999 -9999 -9999 -9999 -9999 -9999 -9999 -9999 -9999 -9999 -9999 -9999 -9999 -9999 -9999 -9999 -9999 -9999 -9999 -9999 -9999 -9999 -9999 -9999 -9999 -9999 -9999 -9999 -9999 -9999 -9999 -0.049 -0.044 -0.032 -0.006 0.022 0.046 0.073 0.107 0.136 0.152 0.157 0.182 0.207 0.224 0.234 0.244 0.256 0.264 0.272 0.281 0.293 0.306 0.311 0.31 0.317 0.333 0.346 0.354 0.363 0.376 0.381 0.387 0.404 0.412 0.416 0.422 0.432 0.459 0.485 0.488
-9999 -9999 -9999 -9999 -9999 -9999 -9999 -9999 -9999 -9999 -9999 -9999 -9999 -9999 -9999 -9999 -9999 -9999 -9999 -9999 -9999 -9999 -9999 -9999 -9999 -9999 -9999 -9999 -9999 -9999 -9999 -9999 -9999 -9999 -9999 -9999 -9999 -0.035 -0.021 0.006 0.034 0.056 0.082 0.109 0.138 0.147 0.151 0.179 0.203 0.22 0.235 0.246 0.253 0.262 0.27 0.281 0.291 0.303 0.316 0.317 0.313 0.328 0.343 0.351 0.358 0.371 0.385 0.393 0.399 0.407 -9999 0.421 -9999 0.456 0.483 0.488
-9999 -9999 -9999 -9999 -9999 -9999 -9999 -9999 -9999 -9999 -9999 -9999 -9999 -9999 -9999 -9999 -9999 -9999 -9999 -9999 -9999 -9999 -9999 -9999 -9999 -9999 -9999 -9999 -9999 -9999 -9999 -9999 -9999 -9999 -9999 -9999 -0.048 -0.032 0.008 0.029 0.037 0.06 0.087 0.109 0.127 0.142 0.162 0.185 0.195 0.217 0.24 0.249 0.255 0.266 0.275 0.282 0.291 0.302 0.314 0.327 0.33 0.336 0.347 0.355 0.362 0.377 0.394 0.402 0.409 0.415 0.421 0.432 0.441 -9999 0.479 0.487
-9999 -9999 -9999 -9999 -9999 -9999 -9999 -9999 -9999 -9999 -9999 -9999 -9999 -9999 -9999 -9999 -9999 -9999 -9999 -9999 -9999 -9999 -9999 -9999 -9999 -9999 -9999 -9999 -9999 -9999 -9999 -9999 -9999 -9999 -9999 -9999 -0.046 -0.012 0.023 0.033 0.041 0.065 0.091 0.106 0.122 0.142 0.162 0.178 0.189 0.215 0.239 0.247 0.253 0.264 0.273 0.282 0.288 0.3 0.31 0.322 0.333 0.339 0.345 0.354 0.361 0.376 0.394 0.402 0.41 0.416 0.421 0.432 0.442 0.46 -9999 -9999
-9999 -9999 -9999 -9999 -9999 -9999 -9999 -9999 -9999 -9999 -9999 -9999 -9999 -9999 -9999 -9999 -9999 -9999 -9999 -9999 -9999 -9999 -9999 -9999 -9999 -9999 -9999 -9999 -9999 -9999 -9999 -9999 -9999 -9999 -9999 -0.062 0.001 0.026 0.022 0.036 0.057 0.077 0.092 0.109 0.132 0.154 0.183 0.195 0.189 0.213 0.235 0.245 0.252 0.264 0.275 0.279 0.282 0.296 0.308 0.312 0.319 0.338 0.35 0.364 0.375 0.384 0.397 0.398 0.4 0.415 0.425 0.437 0.449 0.461 0.475 0.489
-9999 -9999 -9999 -9999 -9999 -9999 -9999 -9999 -9999 -9999 -9999 -9999 -9999 -9999 -9999 -9999 -9999 -9999 -9999 -9999 -9999 -9999 -9999 -9999 -9999 -9999 -9999 -9999 -9999 -9999 -9999 -9999 -9999 -9999 -9999 -0.008 0.022 0.026 0.023 0.043 0.064 0.08 0.094 0.114 0.136 0.161 0.189 0.189 0.185 0.209 0.229 0.24 0.248 0.261 0.273 0.277 0.277 0.29 0.303 0.308 0.311 0.329 0.349 0.362 0.376 0.387 0.396 0.397 0.395 0.409 0.424 0.436 0.448 0.46 0.473 0.486
-9999 -9999 -9999 -9999 -9999 -9999 -9999 -9999 -9999 -9999 -9999 -9999 -9999 -9999 -9999 -9999 -9999 -9999 -9999 -9999 -9999 -9999 -9999 -9999 -9999 -9999 -9999 -9999 -9999 -9999 -9999 -9999 -9999 -9999 -9999 -9999 0.03 0.033 0.035 0.053 0.065 0.083 0.103 0.124 0.145 0.17 0.198 0.199 0.2 0.216 0.216 0.24 0.257 0.266 0.275 0.278 0.278 0.289 0.301 0.309 0.314 0.33 0.349 0.344 0.346 0.368 0.384 0.394 0.398 0.413 0.428 0.431 0.437 0.448 0.46 0.486
