Validation/Results/raw data/ReClimate_08_2024_1_Precipitation-Actuals.asc
NCOLS 192
NROWS 249
XLLCENTER -225160.85627316462
YLLCENTER 29788.11610251502
CELLSIZE 5000.0
NODATA_VALUE -9999
[rows 132 to 164 of 249, columns 75 to 149 of 192]
-9999 -9999 -9999 -9999 -9999 -9999 -9999 -9999 -9999 -9999 -9999 -9999 99.278 104.346 116.005 121.035 128.08 130.73 149.566 159.349 167.144 157.516 121.095 111.453 111.743 118.43 107.565 99.492 97.393 93.157 90.456 88.462 87.293 91.571 99.715 104.12 101.648 95.609 99.649 98.424 92.027 99.817 97.155 88.23 81.68 76.558 74.597 68.687 63.91 64.931 62.445 59.368 56.391 56.265 53.337 50.422 47.617 -9999 -9999 -9999 -9999 -9999 -9999 -9999 -9999 -9999 -9999 -9999 -9999 -9999 -9999 -9999 -9999 -9999 -9999
-9999 -9999 -9999 -9999 -9999 -9999 -9999 -9999 -9999 -9999 -9999 -9999 102.804 129.117 118.176 115.612 114.49 116.779 139.497 183.007 188.601 145.807 128.416 112.836 114.268 111.239 108.642 112.855 93.785 87.088 87.273 83.492 86.304 86.739 92.594 90.021 92.75 89.518 89.758 85.47 89.58 94.721 95.445 91.84 84.066 78.752 69.049 63.52 61.948 59.419 59.674 60.724 56.241 53.536 54.313 50.235 48.223 -9999 -9999 -9999 -9999 -9999 -9999 -9999 -9999 -9999 -9999 -9999 -9999 -9999 -9999 -9999 -9999 -9999 -9999
-9999 -9999 -9999 -9999 -9999 -9999 -9999 -9999 -9999 -9999 -9999 105.045 125.515 122.517 118.577 118.159 113.912 108.952 134.101 164.459 153.051 151.113 131.835 117.391 106.121 104.491 111.227 100.637 93.219 84.067 76.142 83.107 80.052 81.034 80.016 82.491 83.961 81.65 80.228 82.958 82.833 90.763 99.074 89.127 85.26 76.707 72.141 63.626 61.11 57.014 54.166 56.035 55.651 55.876 54.328 52.435 49.677 45.58 -9999 -9999 -9999 -9999 -9999 -9999 -9999 -9999 -9999 -9999 -9999 -9999 -9999 -9999 -9999 -9999 -9999
-9999 -9999 -9999 -9999 -9999 -9999 -9999 -9999 -9999 -9999 98.853 -9999 110.73 118.563 117.371 116.152 106.99 96.03 110.44 120.576 142.121 158.235 134.754 110.144 98.141 95.753 95.455 96.073 91.992 85.616 81.189 81.584 74.963 73.238 74.42 76.239 74.134 72.844 70.85 73.564 77.461 81.418 76.971 78.817 75.568 71.827 66.718 59.22 52.348 55.872 59.183 54.315 53.78 52.554 54.156 52.215 50.286 47.199 -9999 -9999 -9999 -9999 -9999 -9999 -9999 -9999 -9999 -9999 -9999 -9999 -9999 -9999 -9999 -9999 -9999
82.086 -9999 -9999 -9999 -9999 -9999 -9999 -9999 -9999 -9999 95.291 -9999 100.82 106.015 105.996 104.823 98.641 93.178 93.766 102.967 130.987 138.345 124.068 107.029 95.181 89.236 89.066 94.009 99.769 100.914 -9999 -9999 -9999 -9999 -9999 -9999 68.026 65.318 66.652 69.746 69.651 67.525 72.979 77.494 69.293 65.752 64.955 55.747 56.45 58.415 52.755 52.7 50.957 53.418 49.144 47.323 48.064 47.45 44.705 -9999 -9999 -9999 -9999 -9999 -9999 -9999 -9999 -9999 -9999 -9999 -9999 -9999 -9999 -9999 -9999
88.479 72.851 -9999 -9999 -9999 -9999 -9999 -9999 -9999 -9999 92.947 92.438 89.556 90.764 97.637 99.422 96.618 91.546 89.737 100.231 117.473 130.381 120.573 109.404 96.282 91.205 95.317 89.676 93.601 91.353 -9999 -9999 -9999 -9999 70.805 68.558 65.787 64.262 63.607 65.462 66.843 72.797 84.22 86.344 74.253 72.69 60.64 55.13 59.274 53.578 52.298 53.802 51.922 50.926 57.972 55.246 49.241 48.632 43.534 -9999 -9999 -9999 -9999 -9999 -9999 -9999 -9999 -9999 -9999 -9999 -9999 -9999 -9999 -9999 -9999
84.255 78.654 73.568 -9999 -9999 -9999 -9999 -9999 -9999 -9999 90.488 85.22 82.802 -9999 -9999 95.83 94.514 89.081 89.733 -9999 97.909 107.151 107.775 105.088 93.425 95.449 91.859 84.618 -9999 -9999 -9999 -9999 -9999 71.075 70.032 66.755 63.193 64.215 62.46 62.588 68.739 79.382 97.045 100.286 87.229 82.26 70.376 64.556 59.951 59.356 60.596 52.277 54.649 51.846 52.739 54.581 51.515 48.338 45.215 -9999 -9999 -9999 -9999 -9999 -9999 -9999 -9999 -9999 -9999 -9999 -9999 -9999 -9999 -9999 -9999
89.272 85.542 76.348 -9999 -9999 -9999 -9999 -9999 -9999 -9999 -9999 83.319 76.605 -9999 -9999 -9999 85.139 82.547 83.575 81.604 -9999 -9999 90.704 88.158 89.855 94.118 94.645 -9999 -9999 -9999 -9999 -9999 75.649 72.243 71.897 67.461 66.496 65.229 60.912 63.093 67.398 74.839 93.95 95.556 99.213 87.841 85.467 81.806 75.078 67.775 67.004 61.762 53.89 49.194 50.924 51.251 50.48 50.255 48.247 -9999 -9999 -9999 -9999 -9999 -9999 -9999 -9999 -9999 -9999 -9999 -9999 -9999 -9999 -9999 -9999
84.096 77.272 -9999 -9999 -9999 -9999 -9999 -9999 -9999 -9999 -9999 -9999 74.539 -9999 -9999 -9999 -9999 76.341 80.612 81.569 -9999 -9999 -9999 84.635 87.017 -9999 -9999 -9999 -9999 -9999 -9999 -9999 74.74 77.255 76.488 75.612 75.493 68.075 63.781 60.912 61.839 74.98 78.41 89.564 92.87 94.459 100.245 93.5 83.721 70.642 70.104 67.943 59.528 53.442 47.376 48.933 48.473 51.424 48.751 -9999 -9999 -9999 -9999 -9999 -9999 -9999 -9999 -9999 -9999 -9999 -9999 -9999 -9999 -9999 -9999
73.795 -9999 -9999 -9999 -9999 -9999 -9999 -9999 -9999 -9999 -9999 -9999 79.733 -9999 -9999 -9999 -9999 -9999 80.149 80.549 -9999 -9999 -9999 -9999 -9999 -9999 -9999 -9999 -9999 -9999 -9999 -9999 80.345 86.733 88.931 91.811 89.869 81.738 72.837 65.752 65.777 68.099 81.146 99.65 113.384 114.005 104.435 94.702 75.866 70.263 64.063 59.399 58.321 58.523 53.482 47.72 46.551 50.753 52.224 45.174 -9999 -9999 -9999 -9999 -9999 -9999 -9999 -9999 -9999 -9999 -9999 -9999 -9999 -9999 -9999
-9999 70.682 70.555 68.17 63.614 -9999 -9999 -9999 -9999 -9999 -9999 -9999 78.846 -9999 -9999 -9999 -9999 -9999 -9999 -9999 -9999 -9999 -9999 -9999 -9999 -9999 -9999 -9999 -9999 -9999 -9999 81.601 87.439 90.401 92.486 93.806 104.845 100.161 89.037 73.887 65.711 68.299 64.994 88.369 113.506 119.236 109.868 91.881 97.334 91.617 71.931 63.668 52.719 53.296 55.058 52.624 51.028 49.692 52.431 48.604 42.864 -9999 -9999 -9999 -9999 -9999 -9999 -9999 -9999 -9999 -9999 -9999 -9999 -9999 -9999
71.254 72.808 69.723 64.986 64.563 -9999 -9999 -9999 -9999 -9999 -9999 -9999 -9999 -9999 -9999 -9999 -9999 -9999 -9999 -9999 -9999 -9999 -9999 -9999 -9999 -9999 -9999 -9999 -9999 -9999 84.391 83.815 88.552 99.057 104.366 115.141 141.278 128.723 96.545 81.001 70.697 58.765 62.062 79.455 106.835 128.575 111.31 100.216 91.363 80.709 75.187 66.588 59.858 52.803 51.771 50.226 49.514 49.805 50.798 47.499 42.441 -9999 -9999 -9999 -9999 -9999 -9999 -9999 -9999 -9999 -9999 -9999 -9999 -9999 -9999
72.374 70.487 66.322 -9999 62.876 63.097 -9999 -9999 -9999 -9999 -9999 -9999 -9999 -9999 -9999 -9999 -9999 -9999 -9999 -9999 -9999 -9999 -9999 -9999 -9999 -9999 -9999 -9999 -9999 -9999 91.499 89.862 105.526 128.573 132.088 133.848 133.067 127.418 115.06 92.787 77.744 68.939 65.602 72.062 91.394 104.862 116.386 99.63 86.808 75.899 66.876 57.359 54.832 50.026 51.935 48.965 48.295 46.889 47.757 45.477 42.154 40.802 41.128 -9999 -9999 -9999 -9999 -9999 -9999 -9999 -9999 -9999 -9999 -9999 -9999
72.937 68.09 64.207 -9999 -9999 62.996 -9999 -9999 -9999 -9999 -9999 -9999 -9999 -9999 -9999 -9999 -9999 -9999 -9999 -9999 -9999 -9999 -9999 -9999 -9999 -9999 -9999 -9999 -9999 -9999 99.223 103.021 120.946 134.424 146.265 153.097 157.057 150.362 129.492 111.109 100.899 84.21 76.32 71.858 63.998 82.108 90.278 83.756 81.035 71.278 59.186 52.863 51.325 49.848 45.86 48.678 45.11 45.329 45.551 46.198 45.375 52.636 54.475 50.502 47.862 54.982 -9999 -9999 -9999 -9999 -9999 -9999 -9999 -9999 -9999
68.606 65.956 63.21 60.612 -9999 62.972 -9999 -9999 -9999 -9999 -9999 -9999 -9999 -9999 -9999 -9999 -9999 -9999 -9999 -9999 -9999 -9999 -9999 -9999 -9999 -9999 -9999 -9999 -9999 80.855 101.655 116.405 142.686 182.03 208.802 211.354 174.54 166.342 159.843 154.29 130.948 116.735 96.72 75.931 65.266 75.252 72.531 74.342 79.802 70.672 58.984 53.552 50.813 48.549 47.499 45.825 44.803 44.258 45.47 47.302 50.471 53.882 66.173 65.792 64.579 61.416 57.094 56.882 -9999 -9999 -9999 -9999 -9999 -9999 -9999
69.09 66.093 65.798 -9999 62.88 -9999 -9999 -9999 -9999 -9999 -9999 -9999 -9999 -9999 -9999 -9999 -9999 -9999 -9999 -9999 -9999 -9999 -9999 -9999 -9999 -9999 -9999 -9999 -9999 -9999 83.25 106.205 140.044 178.679 208.616 216.836 212.09 175.253 169.148 155.754 158.83 139.15 109.274 89.085 82.782 77.793 75.878 99.107 86.415 78.792 75.28 67.426 55.39 50.096 47.549 46.024 45.667 45.981 47.388 47.761 47.515 53.89 62.721 61.964 61.048 63.695 62.779 60.613 56.529 -9999 -9999 -9999 -9999 -9999 -9999
75.837 66.845 65.485 62.364 65.717 -9999 -9999 -9999 -9999 -9999 -9999 -9999 -9999 -9999 -9999 -9999 -9999 -9999 -9999 -9999 -9999 -9999 -9999 -9999 -9999 -9999 -9999 -9999 -9999 -9999 -9999 88.186 118.16 144.884 175.786 196.471 203.351 155.721 136.332 143.3 147.452 129.001 117.185 111.404 102.961 92.05 104.046 103.481 96.86 98.097 85.59 71.077 66.065 56.055 50.272 45.745 45.295 47.581 50.098 49.469 61.33 64.18 76.566 82.578 73.44 74.306 63.807 62.596 59.293 55.974 -9999 -9999 -9999 -9999 -9999
75.609 69.058 62.289 63.207 -9999 -9999 -9999 -9999 -9999 -9999 -9999 -9999 -9999 -9999 -9999 -9999 -9999 -9999 -9999 -9999 -9999 -9999 -9999 -9999 -9999 -9999 -9999 -9999 -9999 -9999 -9999 80.607 104.937 132.489 150.165 183.527 173.597 137.124 125.151 120.903 116.418 113.024 107.156 112.645 127.319 114.075 116.999 117.096 100.427 78.846 81.451 68.464 65.104 61.134 50.687 45.883 46.768 48.443 53.625 58.873 64.81 74.355 73.764 76.237 74.275 77.514 75.648 66.572 63.843 59.478 54.754 -9999 -9999 -9999 -9999
77.922 69.178 62.587 58.144 -9999 -9999 -9999 -9999 -9999 -9999 -9999 -9999 -9999 -9999 -9999 -9999 -9999 -9999 -9999 -9999 -9999 -9999 -9999 -9999 -9999 -9999 -9999 -9999 -9999 -9999 -9999 -9999 97.283 126.526 149.44 152.662 135.461 127.712 113.667 107.595 104.949 99.075 101.923 115.564 118.192 129.051 122.476 114.511 93.095 91.424 82.719 76.307 62.105 58.157 50.157 48.525 50.134 47.359 53.836 62.555 64.68 69.99 74.338 75.628 71.257 69.479 72.006 72.186 66.11 64.117 58.262 -9999 -9999 -9999 -9999
-9999 -9999 -9999 -9999 -9999 -9999 -9999 -9999 -9999 -9999 -9999 -9999 -9999 -9999 -9999 -9999 -9999 -9999 -9999 -9999 -9999 -9999 -9999 -9999 -9999 -9999 -9999 -9999 -9999 -9999 -9999 -9999 92.015 116.374 121.808 112.255 113.214 105.808 107.626 105.529 96.05 98.604 104.715 115.466 137.235 125.085 126.893 120.057 104.65 84.692 76.545 69.861 65.05 56.807 51.998 46.96 46.358 49.281 49.32 57.601 64.196 64.808 65.153 66.893 64.766 66.009 66.784 72.0 69.015 59.367 58.403 51.66 -9999 -9999 -9999
-9999 -9999 -9999 -9999 -9999 -9999 -9999 -9999 -9999 -9999 -9999 -9999 -9999 -9999 -9999 -9999 -9999 -9999 -9999 -9999 -9999 -9999 -9999 -9999 -9999 -9999 -9999 -9999 -9999 -9999 -9999 -9999 -9999 103.343 99.668 96.654 92.493 98.769 97.751 91.413 92.229 93.056 101.812 111.778 124.708 133.896 136.387 135.194 112.367 102.332 92.048 78.441 74.82 65.731 54.357 46.885 43.217 43.267 46.111 47.758 58.194 63.771 59.018 54.604 53.733 50.443 52.911 54.771 56.34 53.078 51.188 49.994 -9999 -9999 -9999
-9999 -9999 -9999 -9999 -9999 -9999 -9999 -9999 -9999 -9999 -9999 -9999 -9999 -9999 -9999 -9999 -9999 -9999 -9999 -9999 -9999 -9999 -9999 -9999 -9999 -9999 -9999 -9999 -9999 -9999 -9999 -9999 -9999 90.447 -9999 85.59 89.007 87.416 86.53 -9999 83.419 92.609 97.44 106.297 127.861 134.925 138.135 125.603 114.743 108.131 111.053 94.469 81.058 73.523 63.219 50.122 43.947 42.101 41.965 46.198 49.506 55.643 55.734 52.544 48.71 46.13 44.785 48.021 50.016 49.365 65.549 61.793 50.035 -9999 -9999
-9999 -9999 -9999 -9999 -9999 -9999 -9999 -9999 -9999 -9999 -9999 -9999 -9999 -9999 -9999 -9999 -9999 -9999 -9999 -9999 -9999 -9999 -9999 -9999 -9999 -9999 -9999 -9999 -9999 -9999 -9999 -9999 -9999 -9999 84.753 85.287 -9999 -9999 -9999 -9999 81.377 87.274 87.851 97.023 105.294 113.029 109.027 116.769 118.054 104.239 102.462 107.558 88.703 77.527 66.336 55.716 49.112 46.233 43.586 44.265 48.625 51.934 55.599 53.705 51.318 47.808 44.239 47.014 53.446 53.602 52.286 58.073 50.632 50.433 49.462
-9999 -9999 -9999 -9999 -9999 -9999 -9999 -9999 -9999 -9999 -9999 -9999 -9999 -9999 -9999 -9999 -9999 -9999 -9999 -9999 -9999 -9999 -9999 -9999 -9999 -9999 -9999 -9999 -9999 -9999 -9999 -9999 -9999 -9999 76.602 77.681 -9999 -9999 -9999 -9999 81.874 87.362 83.657 86.118 92.42 93.094 91.283 98.15 108.988 101.58 93.77 103.155 93.361 81.55 69.86 59.018 48.882 46.365 44.265 42.538 42.998 46.536 50.781 52.523 50.654 49.669 48.016 48.022 53.74 57.525 54.714 54.37 48.691 48.135 48.646
-9999 -9999 -9999 -9999 -9999 -9999 -9999 -9999 -9999 -9999 -9999 -9999 -9999 -9999 -9999 -9999 -9999 -9999 -9999 -9999 -9999 -9999 -9999 -9999 -9999 -9999 -9999 -9999 -9999 -9999 -9999 -9999 -9999 -9999 73.714 -9999 -9999 -9999 -9999 79.907 86.509 91.59 101.109 104.894 104.797 97.807 84.863 98.426 103.995 87.37 87.252 86.481 85.995 77.755 68.161 57.656 51.35 46.538 45.358 43.469 41.831 43.083 46.866 49.391 50.639 53.654 58.366 56.298 55.007 54.934 53.168 49.507 47.941 45.971 -9999
-9999 -9999 -9999 -9999 -9999 -9999 -9999 -9999 -9999 -9999 -9999 -9999 -9999 -9999 -9999 -9999 -9999 -9999 -9999 -9999 -9999 -9999 -9999 -9999 -9999 -9999 -9999 -9999 -9999 -9999 -9999 -9999 -9999 -9999 -9999 -9999 -9999 -9999 -9999 79.155 85.426 101.807 121.741 128.094 122.664 101.3 90.955 84.368 83.563 79.877 81.34 82.434 78.175 73.987 67.67 58.161 52.866 49.51 45.882 43.957 42.202 42.698 44.631 47.072 50.751 53.942 62.621 65.229 54.956 50.586 46.782 46.014 44.294 44.705 -9999
-9999 -9999 -9999 -9999 -9999 -9999 -9999 -9999 -9999 -9999 -9999 -9999 -9999 -9999 -9999 -9999 -9999 -9999 -9999 -9999 -9999 -9999 -9999 -9999 -9999 -9999 -9999 -9999 -9999 -9999 -9999 -9999 -9999 -9999 -9999 -9999 -9999 -9999 -9999 76.543 84.902 104.315 123.117 132.757 117.725 102.076 84.363 80.77 78.279 73.252 71.201 69.438 72.703 67.575 65.407 58.425 51.459 47.142 44.494 45.155 43.753 41.88 42.326 43.492 47.004 51.629 56.733 60.361 53.868 46.651 46.357 44.618 43.335 43.466 -9999
-9999 -9999 -9999 -9999 -9999 -9999 -9999 -9999 -9999 -9999 -9999 -9999 -9999 -9999 -9999 -9999 -9999 -9999 -9999 -9999 -9999 -9999 -9999 -9999 -9999 -9999 -9999 -9999 -9999 -9999 -9999 -9999 -9999 -9999 -9999 -9999 -9999 -9999 73.039 76.699 83.908 102.055 125.146 128.526 110.315 102.764 82.242 78.862 72.171 69.572 69.804 71.68 65.078 62.579 56.029 53.945 46.915 45.214 43.08 42.441 44.182 43.479 42.283 41.717 42.637 47.087 51.104 54.288 51.59 47.455 43.579 44.706 44.228 43.394 43.199
-9999 -9999 -9999 -9999 -9999 -9999 -9999 -9999 -9999 -9999 -9999 -9999 -9999 -9999 -9999 -9999 -9999 -9999 -9999 -9999 -9999 -9999 -9999 -9999 -9999 -9999 -9999 -9999 -9999 -9999 -9999 -9999 -9999 -9999 -9999 -9999 -9999 -9999 73.415 74.082 81.886 96.07 109.568 98.001 97.66 84.593 86.191 91.431 79.258 75.566 74.767 68.36 65.618 60.785 57.855 56.27 52.493 45.53 44.403 42.847 42.028 42.186 41.994 41.47 41.948 44.022 45.399 46.501 49.042 48.146 46.054 43.866 44.253 44.539 42.781
-9999 -9999 -9999 -9999 -9999 -9999 -9999 -9999 -9999 -9999 -9999 -9999 -9999 -9999 -9999 -9999 -9999 -9999 -9999 -9999 -9999 -9999 -9999 -9999 -9999 -9999 -9999 -9999 -9999 -9999 -9999 -9999 -9999 -9999 -9999 -9999 -9999 72.25 71.638 74.266 78.684 87.467 89.467 88.809 84.856 82.212 87.722 85.325 79.461 78.38 76.718 70.103 56.769 58.136 55.1 52.37 51.713 49.813 45.178 43.575 42.239 41.131 40.843 41.172 42.01 43.696 45.664 45.798 47.51 49.882 48.017 45.367 43.556 44.452 43.582
-9999 -9999 -9999 -9999 -9999 -9999 -9999 -9999 -9999 -9999 -9999 -9999 -9999 -9999 -9999 -9999 -9999 -9999 -9999 -9999 -9999 -9999 -9999 -9999 -9999 -9999 -9999 -9999 -9999 -9999 -9999 -9999 -9999 -9999 -9999 -9999 -9999 68.762 72.301 74.152 76.136 79.803 80.215 79.604 82.714 82.12 78.974 80.097 80.74 92.441 87.587 77.588 65.298 55.917 54.892 49.048 45.336 47.268 48.033 44.256 40.548 40.689 41.022 41.157 41.278 40.853 41.195 43.351 46.582 50.997 48.886 45.326 44.164 42.657 41.791
-9999 -9999 -9999 -9999 -9999 -9999 -9999 -9999 -9999 -9999 -9999 -9999 -9999 -9999 -9999 -9999 -9999 -9999 -9999 -9999 -9999 -9999 -9999 -9999 -9999 -9999 -9999 -9999 -9999 -9999 -9999 -9999 -9999 -9999 -9999 -9999 -9999 69.549 70.149 69.875 71.89 74.877 74.501 76.081 80.552 80.94 84.599 91.359 95.701 98.04 89.126 77.898 67.436 57.909 53.205 50.822 46.117 45.443 44.471 43.583 41.114 39.927 41.188 41.453 41.619 41.397 40.594 41.133 43.475 46.177 47.837 44.464 44.227 42.989 42.217
-9999 -9999 -9999 -9999 -9999 -9999 -9999 -9999 -9999 -9999 -9999 -9999 -9999 -9999 -9999 -9999 -9999 -9999 -9999 -9999 -9999 -9999 -9999 -9999 -9999 -9999 -9999 -9999 -9999 -9999 -9999 -9999 -9999 -9999 -9999 -9999 -9999 -9999 67.426 67.313 70.743 70.178 76.664 85.02 91.599 94.828 97.172 91.92 97.799 94.115 88.456 74.911 60.603 56.342 49.409 48.363 46.082 44.202 44.407 41.782 40.851 40.562 41.037 40.646 40.921 41.118 41.349 43.202 43.877 43.236 43.639 -9999 44.401 -9999 41.691
