Validation/Results/raw data/ReClimate_10_2024_2_Temperatureweatherlogisticsltd.asc
NCOLS 192
NROWS 249
XLLCENTER -225160.85627316462
YLLCENTER 29788.11610251502
CELLSIZE 5000.0
NODATA_VALUE -9999
[rows 136 to 169 of 249, columns 75 to 149 of 192]
-0.583 -9999 -9999 -9999 -9999 -9999 -9999 -9999 -9999 -9999 -0.758 -9999 -0.796 -0.814 -0.799 -0.777 -0.792 -0.807 -0.827 -0.849 -0.861 -0.872 -0.869 -0.864 -0.88 -0.895 -0.893 -0.881 -0.871 -0.859 -9999 -9999 -9999 -9999 -9999 -9999 -0.82 -0.819 -0.808 -0.794 -0.777 -0.753 -0.734 -0.715 -0.711 -0.709 -0.706 -0.702 -0.682 -0.656 -0.643 -0.627 -0.617 -0.603 -0.577 -0.543 -0.537 -0.524 -0.503 -9999 -9999 -9999 -9999 -9999 -9999 -9999 -9999 -9999 -9999 -9999 -9999 -9999 -9999 -9999 -9999
-0.585 -0.562 -9999 -9999 -9999 -9999 -9999 -9999 -9999 -9999 -0.742 -0.748 -0.766 -0.787 -0.776 -0.783 -0.792 -0.788 -0.808 -0.829 -0.84 -0.863 -0.859 -0.843 -0.855 -0.866 -0.866 -0.867 -0.86 -0.856 -9999 -9999 -9999 -9999 -0.805 -0.815 -0.813 -0.809 -0.8 -0.792 -0.777 -0.759 -0.737 -0.698 -0.693 -0.684 -0.681 -0.678 -0.663 -0.654 -0.646 -0.633 -0.63 -0.623 -0.601 -0.573 -0.556 -0.533 -0.505 -9999 -9999 -9999 -9999 -9999 -9999 -9999 -9999 -9999 -9999 -9999 -9999 -9999 -9999 -9999 -9999
-0.581 -0.558 -0.574 -9999 -9999 -9999 -9999 -9999 -9999 -9999 -0.713 -0.73 -0.75 -9999 -9999 -0.778 -0.777 -0.774 -0.793 -9999 -0.827 -0.851 -0.841 -0.826 -0.836 -0.845 -0.851 -0.851 -9999 -9999 -9999 -9999 -9999 -0.792 -0.793 -0.797 -0.794 -0.79 -0.784 -0.776 -0.763 -0.749 -0.718 -0.68 -0.672 -0.663 -0.661 -0.657 -0.651 -0.643 -0.635 -0.624 -0.622 -0.619 -0.599 -0.573 -0.559 -0.539 -0.512 -9999 -9999 -9999 -9999 -9999 -9999 -9999 -9999 -9999 -9999 -9999 -9999 -9999 -9999 -9999 -9999
-0.571 -0.57 -0.584 -9999 -9999 -9999 -9999 -9999 -9999 -9999 -9999 -0.72 -0.738 -9999 -9999 -9999 -0.762 -0.765 -0.78 -0.788 -9999 -9999 -0.827 -0.819 -0.824 -0.83 -0.833 -9999 -9999 -9999 -9999 -9999 -0.811 -0.8 -0.802 -0.796 -0.79 -0.777 -0.77 -0.759 -0.746 -0.728 -0.705 -0.69 -0.68 -0.66 -0.658 -0.655 -0.646 -0.628 -0.627 -0.62 -0.612 -0.605 -0.592 -0.57 -0.555 -0.536 -0.526 -9999 -9999 -9999 -9999 -9999 -9999 -9999 -9999 -9999 -9999 -9999 -9999 -9999 -9999 -9999 -9999
-0.578 -0.577 -9999 -9999 -9999 -9999 -9999 -9999 -9999 -9999 -9999 -9999 -0.726 -9999 -9999 -9999 -9999 -0.754 -0.762 -0.771 -9999 -9999 -9999 -0.796 -0.808 -9999 -9999 -9999 -9999 -9999 -9999 -9999 -0.804 -0.791 -0.786 -0.781 -0.77 -0.758 -0.75 -0.74 -0.725 -0.708 -0.696 -0.682 -0.667 -0.649 -0.646 -0.643 -0.629 -0.612 -0.611 -0.609 -0.601 -0.59 -0.577 -0.559 -0.545 -0.526 -0.517 -9999 -9999 -9999 -9999 -9999 -9999 -9999 -9999 -9999 -9999 -9999 -9999 -9999 -9999 -9999 -9999
-0.577 -9999 -9999 -9999 -9999 -9999 -9999 -9999 -9999 -9999 -9999 -9999 -0.718 -9999 -9999 -9999 -9999 -9999 -0.744 -0.76 -9999 -9999 -9999 -9999 -9999 -9999 -9999 -9999 -9999 -9999 -9999 -9999 -0.79 -0.783 -0.774 -0.758 -0.748 -0.737 -0.735 -0.734 -0.721 -0.707 -0.693 -0.672 -0.655 -0.631 -0.625 -0.611 -0.605 -0.611 -0.613 -0.613 -0.599 -0.584 -0.58 -0.568 -0.551 -0.531 -0.518 -0.49 -9999 -9999 -9999 -9999 -9999 -9999 -9999 -9999 -9999 -9999 -9999 -9999 -9999 -9999 -9999
-9999 -0.59 -0.583 -0.575 -0.581 -9999 -9999 -9999 -9999 -9999 -9999 -9999 -0.711 -9999 -9999 -9999 -9999 -9999 -9999 -9999 -9999 -9999 -9999 -9999 -9999 -9999 -9999 -9999 -9999 -9999 -9999 -0.803 -0.787 -0.765 -0.75 -0.736 -0.728 -0.719 -0.721 -0.72 -0.708 -0.695 -0.678 -0.657 -0.638 -0.615 -0.603 -0.589 -0.595 -0.602 -0.603 -0.603 -0.591 -0.572 -0.568 -0.561 -0.545 -0.524 -0.512 -0.494 -0.464 -9999 -9999 -9999 -9999 -9999 -9999 -9999 -9999 -9999 -9999 -9999 -9999 -9999 -9999
-0.592 -0.607 -0.602 -0.596 -0.598 -9999 -9999 -9999 -9999 -9999 -9999 -9999 -9999 -9999 -9999 -9999 -9999 -9999 -9999 -9999 -9999 -9999 -9999 -9999 -9999 -9999 -9999 -9999 -9999 -9999 -0.81 -0.811 -0.784 -0.736 -0.727 -0.725 -0.72 -0.716 -0.715 -0.705 -0.696 -0.689 -0.674 -0.654 -0.636 -0.613 -0.61 -0.616 -0.617 -0.607 -0.604 -0.591 -0.59 -0.58 -0.575 -0.57 -0.55 -0.527 -0.501 -0.477 -0.473 -9999 -9999 -9999 -9999 -9999 -9999 -9999 -9999 -9999 -9999 -9999 -9999 -9999 -9999
-0.6 -0.615 -0.612 -9999 -0.602 -0.607 -9999 -9999 -9999 -9999 -9999 -9999 -9999 -9999 -9999 -9999 -9999 -9999 -9999 -9999 -9999 -9999 -9999 -9999 -9999 -9999 -9999 -9999 -9999 -9999 -0.778 -0.798 -0.759 -0.714 -0.712 -0.71 -0.707 -0.704 -0.698 -0.688 -0.683 -0.676 -0.662 -0.644 -0.625 -0.603 -0.609 -0.617 -0.609 -0.6 -0.59 -0.577 -0.576 -0.573 -0.57 -0.564 -0.545 -0.519 -0.495 -0.463 -0.46 -0.456 -0.47 -9999 -9999 -9999 -9999 -9999 -9999 -9999 -9999 -9999 -9999 -9999 -9999
-0.625 -0.64 -0.631 -9999 -9999 -0.617 -9999 -9999 -9999 -9999 -9999 -9999 -9999 -9999 -9999 -9999 -9999 -9999 -9999 -9999 -9999 -9999 -9999 -9999 -9999 -9999 -9999 -9999 -9999 -9999 -0.738 -0.754 -0.727 -0.719 -0.718 -0.719 -0.713 -0.695 -0.691 -0.684 -0.677 -0.664 -0.65 -0.631 -0.62 -0.617 -0.62 -0.615 -0.609 -0.601 -0.595 -0.585 -0.574 -0.566 -0.557 -0.55 -0.532 -0.506 -0.502 -0.483 -0.476 -0.473 -0.472 -0.475 -0.468 -0.457 -9999 -9999 -9999 -9999 -9999 -9999 -9999 -9999 -9999
-0.636 -0.65 -0.633 -0.612 -9999 -0.618 -9999 -9999 -9999 -9999 -9999 -9999 -9999 -9999 -9999 -9999 -9999 -9999 -9999 -9999 -9999 -9999 -9999 -9999 -9999 -9999 -9999 -9999 -9999 -0.74 -0.729 -0.724 -0.717 -0.709 -0.71 -0.712 -0.698 -0.681 -0.678 -0.672 -0.661 -0.648 -0.634 -0.617 -0.615 -0.613 -0.609 -0.604 -0.599 -0.592 -0.586 -0.578 -0.569 -0.554 -0.547 -0.536 -0.519 -0.494 -0.49 -0.484 -0.48 -0.473 -0.473 -0.469 -0.456 -0.451 -0.452 -0.438 -9999 -9999 -9999 -9999 -9999 -9999 -9999
-0.651 -0.636 -0.628 -9999 -0.626 -9999 -9999 -9999 -9999 -9999 -9999 -9999 -9999 -9999 -9999 -9999 -9999 -9999 -9999 -9999 -9999 -9999 -9999 -9999 -9999 -9999 -9999 -9999 -9999 -9999 -0.733 -0.735 -0.728 -0.72 -0.713 -0.688 -0.684 -0.696 -0.69 -0.673 -0.665 -0.657 -0.646 -0.633 -0.629 -0.613 -0.612 -0.61 -0.604 -0.59 -0.58 -0.57 -0.57 -0.564 -0.563 -0.558 -0.536 -0.51 -0.504 -0.5 -0.5 -0.497 -0.479 -0.466 -0.465 -0.458 -0.455 -0.444 -0.426 -9999 -9999 -9999 -9999 -9999 -9999
-0.646 -0.626 -0.628 -0.63 -0.606 -9999 -9999 -9999 -9999 -9999 -9999 -9999 -9999 -9999 -9999 -9999 -9999 -9999 -9999 -9999 -9999 -9999 -9999 -9999 -9999 -9999 -9999 -9999 -9999 -9999 -9999 -0.72 -0.717 -0.713 -0.693 -0.669 -0.678 -0.69 -0.679 -0.662 -0.656 -0.649 -0.64 -0.63 -0.618 -0.604 -0.604 -0.603 -0.593 -0.58 -0.57 -0.557 -0.558 -0.557 -0.558 -0.556 -0.536 -0.508 -0.503 -0.495 -0.496 -0.495 -0.478 -0.455 -0.453 -0.449 -0.448 -0.446 -0.428 -0.408 -9999 -9999 -9999 -9999 -9999
-0.653 -0.636 -0.63 -0.613 -9999 -9999 -9999 -9999 -9999 -9999 -9999 -9999 -9999 -9999 -9999 -9999 -9999 -9999 -9999 -9999 -9999 -9999 -9999 -9999 -9999 -9999 -9999 -9999 -9999 -9999 -9999 -0.688 -0.683 -0.697 -0.683 -0.665 -0.674 -0.683 -0.674 -0.664 -0.653 -0.63 -0.624 -0.623 -0.613 -0.602 -0.603 -0.605 -0.598 -0.591 -0.578 -0.554 -0.553 -0.552 -0.542 -0.534 -0.535 -0.521 -0.517 -0.512 -0.498 -0.488 -0.474 -0.454 -0.448 -0.441 -0.431 -0.423 -0.42 -0.406 -0.387 -9999 -9999 -9999 -9999
-0.647 -0.631 -0.614 -0.595 -9999 -9999 -9999 -9999 -9999 -9999 -9999 -9999 -9999 -9999 -9999 -9999 -9999 -9999 -9999 -9999 -9999 -9999 -9999 -9999 -9999 -9999 -9999 -9999 -9999 -9999 -9999 -9999 -0.662 -0.676 -0.666 -0.652 -0.66 -0.667 -0.661 -0.653 -0.634 -0.612 -0.611 -0.61 -0.602 -0.592 -0.594 -0.596 -0.592 -0.585 -0.567 -0.544 -0.543 -0.541 -0.53 -0.515 -0.515 -0.514 -0.512 -0.507 -0.494 -0.476 -0.462 -0.444 -0.438 -0.429 -0.419 -0.404 -0.4 -0.395 -0.385 -9999 -9999 -9999 -9999
-9999 -9999 -9999 -9999 -9999 -9999 -9999 -9999 -9999 -9999 -9999 -9999 -9999 -9999 -9999 -9999 -9999 -9999 -9999 -9999 -9999 -9999 -9999 -9999 -9999 -9999 -9999 -9999 -9999 -9999 -9999 -9999 -0.645 -0.658 -0.648 -0.628 -0.635 -0.639 -0.639 -0.649 -0.635 -0.622 -0.615 -0.591 -0.587 -0.586 -0.59 -0.598 -0.594 -0.586 -0.57 -0.549 -0.543 -0.537 -0.527 -0.514 -0.509 -0.506 -0.498 -0.491 -0.491 -0.481 -0.478 -0.467 -0.444 -0.425 -0.411 -0.395 -0.4 -0.401 -0.393 -0.37 -9999 -9999 -9999
-9999 -9999 -9999 -9999 -9999 -9999 -9999 -9999 -9999 -9999 -9999 -9999 -9999 -9999 -9999 -9999 -9999 -9999 -9999 -9999 -9999 -9999 -9999 -9999 -9999 -9999 -9999 -9999 -9999 -9999 -9999 -9999 -9999 -0.636 -0.623 -0.604 -0.61 -0.615 -0.627 -0.637 -0.627 -0.616 -0.597 -0.575 -0.575 -0.574 -0.581 -0.589 -0.584 -0.576 -0.56 -0.539 -0.533 -0.524 -0.515 -0.503 -0.499 -0.492 -0.486 -0.475 -0.475 -0.473 -0.47 -0.464 -0.443 -0.414 -0.401 -0.382 -0.387 -0.393 -0.386 -0.374 -9999 -9999 -9999
-9999 -9999 -9999 -9999 -9999 -9999 -9999 -9999 -9999 -9999 -9999 -9999 -9999 -9999 -9999 -9999 -9999 -9999 -9999 -9999 -9999 -9999 -9999 -9999 -9999 -9999 -9999 -9999 -9999 -9999 -9999 -9999 -9999 -0.608 -9999 -0.615 -0.616 -0.597 -0.6 -9999 -0.589 -0.6 -0.587 -0.577 -0.58 -0.585 -0.583 -0.56 -0.556 -0.554 -0.547 -0.531 -0.527 -0.52 -0.511 -0.501 -0.495 -0.489 -0.481 -0.47 -0.469 -0.467 -0.458 -0.448 -0.437 -0.415 -0.414 -0.404 -0.397 -0.397 -0.376 -0.357 -0.358 -9999 -9999
-9999 -9999 -9999 -9999 -9999 -9999 -9999 -9999 -9999 -9999 -9999 -9999 -9999 -9999 -9999 -9999 -9999 -9999 -9999 -9999 -9999 -9999 -9999 -9999 -9999 -9999 -9999 -9999 -9999 -9999 -9999 -9999 -9999 -9999 -0.603 -0.606 -9999 -9999 -9999 -9999 -0.574 -0.584 -0.577 -0.569 -0.574 -0.58 -0.562 -0.539 -0.539 -0.535 -0.526 -0.517 -0.513 -0.509 -0.5 -0.487 -0.482 -0.474 -0.466 -0.454 -0.453 -0.451 -0.442 -0.428 -0.418 -0.404 -0.404 -0.401 -0.396 -0.39 -0.368 -0.341 -0.341 -0.34 -0.324
-9999 -9999 -9999 -9999 -9999 -9999 -9999 -9999 -9999 -9999 -9999 -9999 -9999 -9999 -9999 -9999 -9999 -9999 -9999 -9999 -9999 -9999 -9999 -9999 -9999 -9999 -9999 -9999 -9999 -9999 -9999 -9999 -9999 -9999 -0.577 -0.583 -9999 -9999 -9999 -9999 -0.56 -0.571 -0.567 -0.565 -0.571 -0.575 -0.555 -0.522 -0.52 -0.515 -0.513 -0.506 -0.506 -0.503 -0.495 -0.484 -0.481 -0.475 -0.473 -0.466 -0.45 -0.44 -0.443 -0.437 -0.419 -0.401 -0.396 -0.393 -0.387 -0.381 -0.372 -0.351 -0.331 -0.315 -0.321
-9999 -9999 -9999 -9999 -9999 -9999 -9999 -9999 -9999 -9999 -9999 -9999 -9999 -9999 -9999 -9999 -9999 -9999 -9999 -9999 -9999 -9999 -9999 -9999 -9999 -9999 -9999 -9999 -9999 -9999 -9999 -9999 -9999 -9999 -0.565 -9999 -9999 -9999 -9999 -0.54 -0.546 -0.553 -0.553 -0.551 -0.556 -0.56 -0.535 -0.506 -0.502 -0.493 -0.49 -0.487 -0.487 -0.487 -0.479 -0.468 -0.465 -0.46 -0.458 -0.454 -0.441 -0.421 -0.423 -0.424 -0.407 -0.384 -0.38 -0.375 -0.37 -0.362 -0.354 -0.341 -0.323 -0.307 -9999
-9999 -9999 -9999 -9999 -9999 -9999 -9999 -9999 -9999 -9999 -9999 -9999 -9999 -9999 -9999 -9999 -9999 -9999 -9999 -9999 -9999 -9999 -9999 -9999 -9999 -9999 -9999 -9999 -9999 -9999 -9999 -9999 -9999 -9999 -9999 -9999 -9999 -9999 -9999 -0.557 -0.563 -0.556 -0.56 -0.563 -0.566 -0.562 -0.543 -0.518 -0.511 -0.502 -0.498 -0.491 -0.481 -0.476 -0.474 -0.467 -0.459 -0.452 -0.444 -0.437 -0.429 -0.413 -0.411 -0.41 -0.396 -0.375 -0.366 -0.358 -0.368 -0.37 -0.352 -0.334 -0.337 -0.318 -9999
-9999 -9999 -9999 -9999 -9999 -9999 -9999 -9999 -9999 -9999 -9999 -9999 -9999 -9999 -9999 -9999 -9999 -9999 -9999 -9999 -9999 -9999 -9999 -9999 -9999 -9999 -9999 -9999 -9999 -9999 -9999 -9999 -9999 -9999 -9999 -9999 -9999 -9999 -9999 -0.551 -0.55 -0.546 -0.554 -0.559 -0.557 -0.55 -0.531 -0.505 -0.498 -0.491 -0.484 -0.476 -0.469 -0.458 -0.456 -0.452 -0.446 -0.436 -0.428 -0.416 -0.408 -0.396 -0.394 -0.39 -0.376 -0.357 -0.349 -0.338 -0.347 -0.357 -0.341 -0.317 -0.318 -0.311 -9999
-9999 -9999 -9999 -9999 -9999 -9999 -9999 -9999 -9999 -9999 -9999 -9999 -9999 -9999 -9999 -9999 -9999 -9999 -9999 -9999 -9999 -9999 -9999 -9999 -9999 -9999 -9999 -9999 -9999 -9999 -9999 -9999 -9999 -9999 -9999 -9999 -9999 -9999 -0.529 -0.555 -0.556 -0.553 -0.557 -0.546 -0.54 -0.532 -0.515 -0.505 -0.5 -0.492 -0.482 -0.473 -0.472 -0.467 -0.455 -0.446 -0.442 -0.434 -0.429 -0.42 -0.397 -0.377 -0.371 -0.364 -0.36 -0.347 -0.346 -0.341 -0.341 -0.347 -0.337 -0.319 -0.305 -0.29 -0.271
-9999 -9999 -9999 -9999 -9999 -9999 -9999 -9999 -9999 -9999 -9999 -9999 -9999 -9999 -9999 -9999 -9999 -9999 -9999 -9999 -9999 -9999 -9999 -9999 -9999 -9999 -9999 -9999 -9999 -9999 -9999 -9999 -9999 -9999 -9999 -9999 -9999 -9999 -0.532 -0.547 -0.548 -0.544 -0.538 -0.524 -0.52 -0.509 -0.5 -0.492 -0.485 -0.479 -0.469 -0.457 -0.457 -0.456 -0.445 -0.43 -0.426 -0.419 -0.414 -0.407 -0.385 -0.356 -0.35 -0.341 -0.336 -0.33 -0.33 -0.327 -0.328 -0.328 -0.318 -0.304 -0.291 -0.272 -0.259
-9999 -9999 -9999 -9999 -9999 -9999 -9999 -9999 -9999 -9999 -9999 -9999 -9999 -9999 -9999 -9999 -9999 -9999 -9999 -9999 -9999 -9999 -9999 -9999 -9999 -9999 -9999 -9999 -9999 -9999 -9999 -9999 -9999 -9999 -9999 -9999 -9999 -0.574 -0.582 -0.564 -0.562 -0.543 -0.531 -0.506 -0.505 -0.505 -0.496 -0.48 -0.479 -0.485 -0.471 -0.457 -0.452 -0.449 -0.445 -0.435 -0.429 -0.421 -0.407 -0.394 -0.383 -0.361 -0.35 -0.338 -0.334 -0.329 -0.329 -0.327 -0.323 -0.32 -0.318 -0.309 -0.291 -0.27 -0.256
-9999 -9999 -9999 -9999 -9999 -9999 -9999 -9999 -9999 -9999 -9999 -9999 -9999 -9999 -9999 -9999 -9999 -9999 -9999 -9999 -9999 -9999 -9999 -9999 -9999 -9999 -9999 -9999 -9999 -9999 -9999 -9999 -9999 -9999 -9999 -9999 -9999 -0.586 -0.576 -0.559 -0.546 -0.527 -0.509 -0.486 -0.488 -0.49 -0.478 -0.463 -0.469 -0.475 -0.461 -0.444 -0.439 -0.433 -0.429 -0.423 -0.418 -0.409 -0.395 -0.375 -0.365 -0.349 -0.338 -0.323 -0.32 -0.316 -0.315 -0.312 -0.309 -0.302 -0.3 -0.295 -0.277 -0.252 -0.238
-9999 -9999 -9999 -9999 -9999 -9999 -9999 -9999 -9999 -9999 -9999 -9999 -9999 -9999 -9999 -9999 -9999 -9999 -9999 -9999 -9999 -9999 -9999 -9999 -9999 -9999 -9999 -9999 -9999 -9999 -9999 -9999 -9999 -9999 -9999 -9999 -9999 -0.563 -0.552 -0.548 -0.535 -0.517 -0.507 -0.498 -0.496 -0.48 -0.471 -0.462 -0.463 -0.453 -0.443 -0.427 -0.432 -0.431 -0.42 -0.411 -0.406 -0.398 -0.398 -0.388 -0.357 -0.331 -0.33 -0.323 -0.314 -0.307 -0.306 -0.303 -0.299 -0.292 -0.278 -0.266 -0.258 -0.237 -0.219
-9999 -9999 -9999 -9999 -9999 -9999 -9999 -9999 -9999 -9999 -9999 -9999 -9999 -9999 -9999 -9999 -9999 -9999 -9999 -9999 -9999 -9999 -9999 -9999 -9999 -9999 -9999 -9999 -9999 -9999 -9999 -9999 -9999 -9999 -9999 -9999 -9999 -9999 -0.535 -0.528 -0.516 -0.501 -0.498 -0.489 -0.477 -0.463 -0.457 -0.45 -0.442 -0.433 -0.423 -0.409 -0.414 -0.418 -0.408 -0.394 -0.389 -0.381 -0.38 -0.378 -0.349 -0.312 -0.311 -0.31 -0.301 -0.289 -0.288 -0.285 -0.28 -0.272 -0.258 -9999 -0.231 -9999 -0.2
-9999 -9999 -9999 -9999 -9999 -9999 -9999 -9999 -9999 -9999 -9999 -9999 -9999 -9999 -9999 -9999 -9999 -9999 -9999 -9999 -9999 -9999 -9999 -9999 -9999 -9999 -9999 -9999 -9999 -9999 -9999 -9999 -9999 -9999 -9999 -9999 -9999 -0.526 -0.516 -0.521 -0.512 -0.502 -0.498 -0.484 -0.476 -0.47 -0.459 -0.432 -0.427 -0.426 -0.421 -0.42 -0.418 -0.42 -0.409 -0.396 -0.389 -0.38 -0.369 -0.361 -0.354 -0.331 -0.317 -0.308 -0.297 -0.285 -0.278 -0.271 -0.256 -0.242 -0.239 -0.227 -0.218 -0.207 -9999
-9999 -9999 -9999 -9999 -9999 -9999 -9999 -9999 -9999 -9999 -9999 -9999 -9999 -9999 -9999 -9999 -9999 -9999 -9999 -9999 -9999 -9999 -9999 -9999 -9999 -9999 -9999 -9999 -9999 -9999 -9999 -9999 -9999 -9999 -9999 -9999 -9999 -0.508 -0.505 -0.504 -0.499 -0.49 -0.482 -0.47 -0.466 -0.461 -0.44 -0.414 -0.413 -0.413 -0.413 -0.412 -0.411 -0.408 -0.398 -0.384 -0.377 -0.367 -0.356 -0.342 -0.336 -0.326 -0.313 -0.295 -0.284 -0.269 -0.262 -0.251 -0.236 -0.217 -0.213 -0.208 -0.2 -0.188 -0.16
-9999 -9999 -9999 -9999 -9999 -9999 -9999 -9999 -9999 -9999 -9999 -9999 -9999 -9999 -9999 -9999 -9999 -9999 -9999 -9999 -9999 -9999 -9999 -9999 -9999 -9999 -9999 -9999 -9999 -9999 -9999 -9999 -9999 -9999 -9999 -9999 -0.484 -0.505 -0.507 -0.505 -0.502 -0.49 -0.479 -0.456 -0.451 -0.442 -0.427 -0.416 -0.416 -0.416 -0.401 -0.391 -0.394 -0.393 -0.392 -0.385 -0.37 -0.355 -0.341 -0.325 -0.326 -0.321 -0.311 -0.295 -0.284 -0.27 -0.248 -0.23 -0.228 -0.217 -0.205 -0.195 -0.193 -0.186 -0.171
-9999 -9999 -9999 -9999 -9999 -9999 -9999 -9999 -9999 -9999 -9999 -9999 -9999 -9999 -9999 -9999 -9999 -9999 -9999 -9999 -9999 -9999 -9999 -9999 -9999 -9999 -9999 -9999 -9999 -9999 -9999 -9999 -9999 -9999 -9999 -9999 -0.481 -0.489 -0.49 -0.491 -0.486 -0.477 -0.46 -0.439 -0.433 -0.424 -0.417 -0.406 -0.406 -0.406 -0.391 -0.372 -0.374 -0.375 -0.375 -0.372 -0.359 -0.34 -0.326 -0.307 -0.308 -0.308 -0.297 -0.282 -0.271 -0.257 -0.235 -0.209 -0.206 -0.202 -0.189 -0.174 -0.171 -0.167 -0.152
-9999 -9999 -9999 -9999 -9999 -9999 -9999 -9999 -9999 -9999 -9999 -9999 -9999 -9999 -9999 -9999 -9999 -9999 -9999 -9999 -9999 -9999 -9999 -9999 -9999 -9999 -9999 -9999 -9999 -9999 -9999 -9999 -9999 -9999 -9999 -9999 -9999 -0.482 -0.48 -0.466 -0.466 -0.465 -0.453 -0.441 -0.435 -0.423 -0.414 -0.399 -0.397 -0.394 -0.386 -0.386 -0.372 -0.365 -0.364 -0.362 -0.351 -0.335 -0.326 -0.31 -0.3 -0.294 -0.294 -0.287 -0.267 -0.249 -0.234 -0.211 -0.199 -0.19 -0.174 -0.156 -0.151 -0.145 -0.127
