Validation/Results/raw data/ReClimate_04_2024_1_Temperature.asc
NCOLS 192
NROWS 249
XLLCENTER -225160.85627316462
YLLCENTER 29788.11610251502
CELLSIZE 5000.0
NODATA_VALUE -9999
[rows 136 to 169 of 249, columns 76 to 151 of 192]
-9999 -9999 -9999 -9999 -9999 -9999 -9999 -9999 -9999 -0.002 -9999 -0.014 -0.031 -0.018 -0.004 -0.004 -0.004 -0.007 -0.012 -0.012 -0.012 -0.015 -0.019 -0.009 0.003 0.002 0.001 0.005 0.01 -9999 -9999 -9999 -9999 -9999 -9999 0.02 0.013 0.021 0.031 0.034 0.039 0.045 0.049 0.058 0.068 0.061 0.052 0.059 0.068 0.073 0.078 0.091 0.107 0.113 0.12 0.121 0.125 0.141 -9999 -9999 -9999 -9999 -9999 -9999 -9999 -9999 -9999 -9999 -9999 -9999 -9999 -9999 -9999 -9999 -9999 -9999
-0.024 -9999 -9999 -9999 -9999 -9999 -9999 -9999 -9999 -0.001 0.002 -0.008 -0.016 -0.008 -0.003 -0.004 -0.007 -0.006 0.002 -0.001 -0.009 -0.005 0.011 0.016 0.007 0.008 0.012 0.016 0.016 -9999 -9999 -9999 -9999 0.022 0.026 0.022 0.017 0.023 0.028 0.032 0.041 0.048 0.059 0.071 0.087 0.082 0.075 0.082 0.086 0.084 0.085 0.098 0.113 0.125 0.135 0.139 0.134 0.137 -9999 -9999 -9999 -9999 -9999 -9999 -9999 -9999 -9999 -9999 -9999 -9999 -9999 -9999 -9999 -9999 -9999 -9999
-0.021 -0.016 -9999 -9999 -9999 -9999 -9999 -9999 -9999 0.002 0.004 -0.002 -9999 -9999 -0.002 -0.004 -0.008 -0.0 -9999 0.0 -0.008 0.006 0.023 0.017 0.009 0.013 0.017 -9999 -9999 -9999 -9999 -9999 0.019 0.022 0.027 0.024 0.019 0.023 0.027 0.035 0.042 0.053 0.064 0.078 0.094 0.091 0.085 0.089 0.093 0.091 0.088 0.101 0.115 0.127 0.139 0.144 0.148 0.147 -9999 -9999 -9999 -9999 -9999 -9999 -9999 -9999 -9999 -9999 -9999 -9999 -9999 -9999 -9999 -9999 -9999 -9999
-0.016 -0.009 -9999 -9999 -9999 -9999 -9999 -9999 -9999 -9999 0.003 0.002 -9999 -9999 -9999 -0.002 0.0 0.004 0.004 -9999 -9999 0.003 0.014 0.011 0.017 0.02 -9999 -9999 -9999 -9999 -9999 0.017 0.018 0.02 0.019 0.016 0.015 0.02 0.033 0.04 0.047 0.058 0.07 0.081 0.087 0.087 0.092 0.094 0.092 0.095 0.095 0.107 0.12 0.12 0.126 0.128 0.13 0.14 -9999 -9999 -9999 -9999 -9999 -9999 -9999 -9999 -9999 -9999 -9999 -9999 -9999 -9999 -9999 -9999 -9999 -9999
-0.011 -9999 -9999 -9999 -9999 -9999 -9999 -9999 -9999 -9999 -9999 0.002 -9999 -9999 -9999 -9999 0.004 0.004 0.004 -9999 -9999 -9999 0.01 0.015 -9999 -9999 -9999 -9999 -9999 -9999 -9999 0.021 0.019 0.018 0.017 0.016 0.014 0.023 0.036 0.043 0.049 0.061 0.073 0.078 0.083 0.089 0.094 0.094 0.091 0.095 0.098 0.109 0.122 0.122 0.12 0.122 0.124 0.133 -9999 -9999 -9999 -9999 -9999 -9999 -9999 -9999 -9999 -9999 -9999 -9999 -9999 -9999 -9999 -9999 -9999 -9999
-9999 -9999 -9999 -9999 -9999 -9999 -9999 -9999 -9999 -9999 -9999 -0.005 -9999 -9999 -9999 -9999 -9999 0.009 0.008 -9999 -9999 -9999 -9999 -9999 -9999 -9999 -9999 -9999 -9999 -9999 -9999 0.025 0.036 0.037 0.037 0.038 0.036 0.042 0.045 0.049 0.046 0.058 0.073 0.075 0.071 0.081 0.102 0.101 0.097 0.1 0.103 0.109 0.117 0.127 0.132 0.125 0.121 0.133 0.149 -9999 -9999 -9999 -9999 -9999 -9999 -9999 -9999 -9999 -9999 -9999 -9999 -9999 -9999 -9999 -9999 -9999
0.009 0.002 -0.007 -0.006 -9999 -9999 -9999 -9999 -9999 -9999 -9999 -0.01 -9999 -9999 -9999 -9999 -9999 -9999 -9999 -9999 -9999 -9999 -9999 -9999 -9999 -9999 -9999 -9999 -9999 -9999 0.034 0.04 0.044 0.045 0.046 0.045 0.044 0.045 0.049 0.048 0.045 0.058 0.072 0.07 0.067 0.084 0.104 0.103 0.099 0.102 0.105 0.11 0.116 0.125 0.136 0.129 0.12 0.132 0.145 0.183 -9999 -9999 -9999 -9999 -9999 -9999 -9999 -9999 -9999 -9999 -9999 -9999 -9999 -9999 -9999 -9999
-0.016 -0.016 -0.001 -0.001 -9999 -9999 -9999 -9999 -9999 -9999 -9999 -9999 -9999 -9999 -9999 -9999 -9999 -9999 -9999 -9999 -9999 -9999 -9999 -9999 -9999 -9999 -9999 -9999 -9999 0.048 0.049 0.052 0.051 0.053 0.053 0.052 0.046 0.046 0.046 0.048 0.052 0.062 0.068 0.069 0.075 0.088 0.096 0.097 0.102 0.108 0.116 0.12 0.126 0.118 0.118 0.13 0.132 0.142 0.155 0.157 -9999 -9999 -9999 -9999 -9999 -9999 -9999 -9999 -9999 -9999 -9999 -9999 -9999 -9999 -9999 -9999
-0.025 -0.013 -9999 0.0 0.003 -9999 -9999 -9999 -9999 -9999 -9999 -9999 -9999 -9999 -9999 -9999 -9999 -9999 -9999 -9999 -9999 -9999 -9999 -9999 -9999 -9999 -9999 -9999 -9999 0.05 0.054 0.054 0.053 0.055 0.055 0.051 0.046 0.044 0.045 0.05 0.055 0.06 0.065 0.072 0.078 0.085 0.092 0.097 0.103 0.11 0.118 0.123 0.128 0.121 0.111 0.122 0.136 0.146 0.157 0.16 0.16 0.173 -9999 -9999 -9999 -9999 -9999 -9999 -9999 -9999 -9999 -9999 -9999 -9999 -9999 -9999
-0.014 -0.005 -9999 -9999 0.006 -9999 -9999 -9999 -9999 -9999 -9999 -9999 -9999 -9999 -9999 -9999 -9999 -9999 -9999 -9999 -9999 -9999 -9999 -9999 -9999 -9999 -9999 -9999 -9999 0.057 0.061 0.064 0.069 0.07 0.066 0.06 0.045 0.05 0.066 0.069 0.063 0.071 0.08 0.084 0.083 0.091 0.102 0.106 0.105 0.117 0.127 0.134 0.14 0.136 0.128 0.127 0.134 0.146 0.158 0.166 0.17 0.172 0.175 0.2 0.229 -9999 -9999 -9999 -9999 -9999 -9999 -9999 -9999 -9999 -9999 -9999
-0.009 -0.005 -0.0 -9999 0.009 -9999 -9999 -9999 -9999 -9999 -9999 -9999 -9999 -9999 -9999 -9999 -9999 -9999 -9999 -9999 -9999 -9999 -9999 -9999 -9999 -9999 -9999 -9999 0.062 0.061 0.063 0.068 0.074 0.072 0.069 0.058 0.044 0.057 0.073 0.071 0.066 0.075 0.085 0.086 0.085 0.094 0.105 0.105 0.105 0.116 0.129 0.136 0.142 0.139 0.133 0.133 0.132 0.144 0.157 0.164 0.171 0.174 0.176 0.187 0.196 0.242 0.206 -9999 -9999 -9999 -9999 -9999 -9999 -9999 -9999 -9999
0.0 0.004 -9999 0.009 -9999 -9999 -9999 -9999 -9999 -9999 -9999 -9999 -9999 -9999 -9999 -9999 -9999 -9999 -9999 -9999 -9999 -9999 -9999 -9999 -9999 -9999 -9999 -9999 -9999 0.072 0.077 0.079 0.073 0.071 0.067 0.059 0.053 0.063 0.073 0.076 0.085 0.089 0.079 0.082 0.089 0.097 0.103 0.105 0.11 0.11 0.116 0.128 0.137 0.127 0.117 0.126 0.129 0.14 0.151 0.163 0.173 0.175 0.177 0.174 0.177 0.193 0.234 0.194 -9999 -9999 -9999 -9999 -9999 -9999 -9999 -9999
0.003 0.005 0.007 0.009 -9999 -9999 -9999 -9999 -9999 -9999 -9999 -9999 -9999 -9999 -9999 -9999 -9999 -9999 -9999 -9999 -9999 -9999 -9999 -9999 -9999 -9999 -9999 -9999 -9999 -9999 0.08 0.076 0.071 0.068 0.065 0.061 0.055 0.062 0.072 0.082 0.091 0.085 0.076 0.083 0.09 0.096 0.101 0.106 0.111 0.111 0.111 0.121 0.133 0.124 0.111 0.119 0.127 0.136 0.147 0.158 0.17 0.172 0.173 0.171 0.167 0.181 0.199 0.208 0.19 -9999 -9999 -9999 -9999 -9999 -9999 -9999
0.001 0.003 0.007 -9999 -9999 -9999 -9999 -9999 -9999 -9999 -9999 -9999 -9999 -9999 -9999 -9999 -9999 -9999 -9999 -9999 -9999 -9999 -9999 -9999 -9999 -9999 -9999 -9999 -9999 -9999 0.073 0.07 0.069 0.066 0.061 0.057 0.053 0.061 0.073 0.081 0.085 0.08 0.074 0.081 0.09 0.1 0.12 0.123 0.118 0.121 0.126 0.125 0.13 0.128 0.12 0.122 0.126 0.144 0.16 0.164 0.172 0.171 0.171 0.172 0.17 0.184 0.2 0.2 0.197 0.182 -9999 -9999 -9999 -9999 -9999 -9999
-0.001 0.003 0.006 -9999 -9999 -9999 -9999 -9999 -9999 -9999 -9999 -9999 -9999 -9999 -9999 -9999 -9999 -9999 -9999 -9999 -9999 -9999 -9999 -9999 -9999 -9999 -9999 -9999 -9999 -9999 -9999 0.068 0.066 0.063 0.058 0.055 0.052 0.061 0.073 0.078 0.082 0.078 0.072 0.081 0.089 0.106 0.126 0.124 0.12 0.125 0.129 0.129 0.128 0.126 0.122 0.123 0.124 0.141 0.161 0.165 0.169 0.169 0.167 0.168 0.168 0.181 0.196 0.197 0.195 0.189 -9999 -9999 -9999 -9999 -9999 -9999
-9999 -9999 -9999 -9999 -9999 -9999 -9999 -9999 -9999 -9999 -9999 -9999 -9999 -9999 -9999 -9999 -9999 -9999 -9999 -9999 -9999 -9999 -9999 -9999 -9999 -9999 -9999 -9999 -9999 -9999 -9999 0.065 0.065 0.065 0.066 0.065 0.061 0.069 0.079 0.087 0.097 0.095 0.087 0.094 0.096 0.109 0.115 0.113 0.111 0.12 0.127 0.128 0.126 0.129 0.128 0.134 0.138 0.134 0.142 0.153 0.161 0.165 0.165 0.165 0.165 0.185 0.204 0.207 0.207 0.194 0.183 -9999 -9999 -9999 -9999 -9999
-9999 -9999 -9999 -9999 -9999 -9999 -9999 -9999 -9999 -9999 -9999 -9999 -9999 -9999 -9999 -9999 -9999 -9999 -9999 -9999 -9999 -9999 -9999 -9999 -9999 -9999 -9999 -9999 -9999 -9999 -9999 -9999 0.063 0.066 0.068 0.067 0.064 0.07 0.079 0.091 0.102 0.098 0.092 0.095 0.097 0.103 0.109 0.108 0.106 0.115 0.125 0.125 0.124 0.126 0.128 0.134 0.14 0.138 0.133 0.143 0.155 0.158 0.161 0.162 0.161 0.179 0.202 0.206 0.207 0.195 0.179 -9999 -9999 -9999 -9999 -9999
-9999 -9999 -9999 -9999 -9999 -9999 -9999 -9999 -9999 -9999 -9999 -9999 -9999 -9999 -9999 -9999 -9999 -9999 -9999 -9999 -9999 -9999 -9999 -9999 -9999 -9999 -9999 -9999 -9999 -9999 -9999 -9999 0.06 -9999 0.064 0.066 0.073 0.076 -9999 0.081 0.077 0.076 0.082 0.087 0.097 0.1 0.098 0.097 0.099 0.109 0.119 0.125 0.127 0.125 0.125 0.127 0.131 0.135 0.135 0.14 0.149 0.152 0.155 0.163 0.167 0.17 0.182 0.197 0.205 0.204 0.195 0.202 -9999 -9999 -9999 -9999
-9999 -9999 -9999 -9999 -9999 -9999 -9999 -9999 -9999 -9999 -9999 -9999 -9999 -9999 -9999 -9999 -9999 -9999 -9999 -9999 -9999 -9999 -9999 -9999 -9999 -9999 -9999 -9999 -9999 -9999 -9999 -9999 -9999 0.055 0.061 -9999 -9999 -9999 -9999 0.07 0.066 0.071 0.077 0.086 0.095 0.094 0.092 0.094 0.095 0.105 0.115 0.12 0.125 0.124 0.121 0.124 0.125 0.129 0.132 0.137 0.143 0.146 0.149 0.157 0.165 0.169 0.172 0.185 0.199 0.2 0.198 0.205 0.213 0.213 -9999 -9999
-9999 -9999 -9999 -9999 -9999 -9999 -9999 -9999 -9999 -9999 -9999 -9999 -9999 -9999 -9999 -9999 -9999 -9999 -9999 -9999 -9999 -9999 -9999 -9999 -9999 -9999 -9999 -9999 -9999 -9999 -9999 -9999 -9999 0.062 0.065 -9999 -9999 -9999 -9999 0.063 0.084 0.089 0.087 0.092 0.087 0.089 0.096 0.101 0.106 0.101 0.102 0.099 0.098 0.108 0.111 0.114 0.116 0.112 0.111 0.131 0.145 0.15 0.154 0.159 0.166 0.174 0.179 0.186 0.197 0.202 0.204 0.214 0.221 0.223 -9999 -9999
-9999 -9999 -9999 -9999 -9999 -9999 -9999 -9999 -9999 -9999 -9999 -9999 -9999 -9999 -9999 -9999 -9999 -9999 -9999 -9999 -9999 -9999 -9999 -9999 -9999 -9999 -9999 -9999 -9999 -9999 -9999 -9999 -9999 0.061 -9999 -9999 -9999 -9999 0.06 0.072 0.088 0.089 0.089 0.086 0.081 0.088 0.096 0.101 0.107 0.102 0.095 0.092 0.087 0.095 0.104 0.107 0.11 0.107 0.101 0.119 0.142 0.147 0.151 0.157 0.162 0.17 0.177 0.184 0.191 0.196 0.201 0.211 0.218 -9999 -9999 -9999
-9999 -9999 -9999 -9999 -9999 -9999 -9999 -9999 -9999 -9999 -9999 -9999 -9999 -9999 -9999 -9999 -9999 -9999 -9999 -9999 -9999 -9999 -9999 -9999 -9999 -9999 -9999 -9999 -9999 -9999 -9999 -9999 -9999 -9999 -9999 -9999 -9999 -9999 0.068 0.072 0.063 0.069 0.083 0.081 0.079 0.088 0.101 0.104 0.1 0.094 0.084 0.098 0.104 0.097 0.097 0.104 0.11 0.121 0.126 0.128 0.142 0.15 0.156 0.156 0.159 0.153 0.151 0.172 0.187 0.19 0.194 0.198 0.204 -9999 -9999 -9999
-9999 -9999 -9999 -9999 -9999 -9999 -9999 -9999 -9999 -9999 -9999 -9999 -9999 -9999 -9999 -9999 -9999 -9999 -9999 -9999 -9999 -9999 -9999 -9999 -9999 -9999 -9999 -9999 -9999 -9999 -9999 -9999 -9999 -9999 -9999 -9999 -9999 -9999 0.069 0.061 0.05 0.064 0.078 0.077 0.075 0.086 0.099 0.097 0.093 0.087 0.078 0.09 0.106 0.1 0.092 0.099 0.107 0.118 0.131 0.135 0.138 0.146 0.154 0.155 0.153 0.147 0.138 0.157 0.18 0.183 0.186 0.19 0.193 -9999 -9999 -9999
-9999 -9999 -9999 -9999 -9999 -9999 -9999 -9999 -9999 -9999 -9999 -9999 -9999 -9999 -9999 -9999 -9999 -9999 -9999 -9999 -9999 -9999 -9999 -9999 -9999 -9999 -9999 -9999 -9999 -9999 -9999 -9999 -9999 -9999 -9999 -9999 -9999 0.066 0.072 0.067 0.066 0.073 0.066 0.07 0.081 0.087 0.082 0.083 0.089 0.089 0.083 0.081 0.086 0.098 0.1 0.105 0.113 0.117 0.125 0.143 0.155 0.148 0.148 0.151 0.151 0.156 0.155 0.161 0.176 0.176 0.177 0.187 0.188 0.194 -9999 -9999
-9999 -9999 -9999 -9999 -9999 -9999 -9999 -9999 -9999 -9999 -9999 -9999 -9999 -9999 -9999 -9999 -9999 -9999 -9999 -9999 -9999 -9999 -9999 -9999 -9999 -9999 -9999 -9999 -9999 -9999 -9999 -9999 -9999 -9999 -9999 -9999 -9999 0.07 0.071 0.07 0.07 0.065 0.058 0.069 0.08 0.077 0.072 0.078 0.084 0.084 0.082 0.08 0.076 0.087 0.1 0.105 0.111 0.115 0.12 0.137 0.157 0.152 0.142 0.145 0.146 0.151 0.156 0.163 0.169 0.17 0.169 0.178 0.188 0.188 -9999 -9999
-9999 -9999 -9999 -9999 -9999 -9999 -9999 -9999 -9999 -9999 -9999 -9999 -9999 -9999 -9999 -9999 -9999 -9999 -9999 -9999 -9999 -9999 -9999 -9999 -9999 -9999 -9999 -9999 -9999 -9999 -9999 -9999 -9999 -9999 -9999 -9999 0.059 0.059 0.054 0.055 0.059 0.055 0.057 0.063 0.06 0.063 0.075 0.079 0.079 0.08 0.079 0.092 0.097 0.094 0.098 0.099 0.102 0.11 0.116 0.129 0.146 0.151 0.149 0.146 0.145 0.152 0.159 0.162 0.167 0.173 0.176 0.184 0.194 0.193 0.187 -9999
-9999 -9999 -9999 -9999 -9999 -9999 -9999 -9999 -9999 -9999 -9999 -9999 -9999 -9999 -9999 -9999 -9999 -9999 -9999 -9999 -9999 -9999 -9999 -9999 -9999 -9999 -9999 -9999 -9999 -9999 -9999 -9999 -9999 -9999 -9999 -9999 0.054 0.051 0.046 0.049 0.052 0.053 0.054 0.053 0.05 0.061 0.073 0.074 0.074 0.075 0.075 0.087 0.101 0.099 0.094 0.096 0.096 0.103 0.111 0.123 0.138 0.143 0.147 0.145 0.141 0.148 0.155 0.158 0.161 0.167 0.174 0.182 0.19 0.19 0.188 -9999
-9999 -9999 -9999 -9999 -9999 -9999 -9999 -9999 -9999 -9999 -9999 -9999 -9999 -9999 -9999 -9999 -9999 -9999 -9999 -9999 -9999 -9999 -9999 -9999 -9999 -9999 -9999 -9999 -9999 -9999 -9999 -9999 -9999 -9999 -9999 -9999 0.047 0.048 0.058 0.058 0.053 0.055 0.059 0.057 0.048 0.063 0.084 0.086 0.086 0.083 0.08 0.084 0.094 0.097 0.096 0.1 0.103 0.104 0.108 0.115 0.126 0.135 0.141 0.139 0.134 0.137 0.142 0.152 0.159 0.163 0.168 0.175 0.182 0.184 0.184 0.194
-9999 -9999 -9999 -9999 -9999 -9999 -9999 -9999 -9999 -9999 -9999 -9999 -9999 -9999 -9999 -9999 -9999 -9999 -9999 -9999 -9999 -9999 -9999 -9999 -9999 -9999 -9999 -9999 -9999 -9999 -9999 -9999 -9999 -9999 -9999 -9999 -9999 0.051 0.06 0.057 0.051 0.055 0.059 0.053 0.045 0.064 0.085 0.087 0.088 0.085 0.079 0.083 0.088 0.09 0.093 0.098 0.102 0.103 0.103 0.11 0.118 0.126 0.135 0.133 0.128 0.131 0.133 0.142 0.153 0.157 -9999 0.168 -9999 0.176 0.177 0.186
-9999 -9999 -9999 -9999 -9999 -9999 -9999 -9999 -9999 -9999 -9999 -9999 -9999 -9999 -9999 -9999 -9999 -9999 -9999 -9999 -9999 -9999 -9999 -9999 -9999 -9999 -9999 -9999 -9999 -9999 -9999 -9999 -9999 -9999 -9999 -9999 0.044 0.05 0.056 0.053 0.049 0.049 0.045 0.041 0.042 0.058 0.071 0.075 0.084 0.084 0.087 0.088 0.091 0.099 0.105 0.107 0.111 0.105 0.101 0.107 0.113 0.124 0.134 0.136 0.134 0.137 0.14 0.146 0.155 0.167 0.176 0.169 0.168 -9999 0.173 0.174
-9999 -9999 -9999 -9999 -9999 -9999 -9999 -9999 -9999 -9999 -9999 -9999 -9999 -9999 -9999 -9999 -9999 -9999 -9999 -9999 -9999 -9999 -9999 -9999 -9999 -9999 -9999 -9999 -9999 -9999 -9999 -9999 -9999 -9999 -9999 -9999 0.044 0.048 0.052 0.049 0.046 0.042 0.038 0.038 0.039 0.05 0.063 0.071 0.079 0.083 0.086 0.088 0.089 0.097 0.106 0.108 0.11 0.105 0.097 0.102 0.107 0.118 0.129 0.132 0.133 0.136 0.138 0.145 0.151 0.163 0.176 0.17 0.16 0.166 -9999 -9999
-9999 -9999 -9999 -9999 -9999 -9999 -9999 -9999 -9999 -9999 -9999 -9999 -9999 -9999 -9999 -9999 -9999 -9999 -9999 -9999 -9999 -9999 -9999 -9999 -9999 -9999 -9999 -9999 -9999 -9999 -9999 -9999 -9999 -9999 -9999 0.04 0.054 0.053 0.041 0.044 0.061 0.058 0.052 0.056 0.061 0.069 0.069 0.076 0.081 0.096 0.107 0.101 0.098 0.102 0.108 0.111 0.113 0.112 0.107 0.112 0.117 0.119 0.126 0.129 0.131 0.128 0.127 0.149 0.165 0.165 0.172 0.178 0.176 0.175 0.172 0.178
-9999 -9999 -9999 -9999 -9999 -9999 -9999 -9999 -9999 -9999 -9999 -9999 -9999 -9999 -9999 -9999 -9999 -9999 -9999 -9999 -9999 -9999 -9999 -9999 -9999 -9999 -9999 -9999 -9999 -9999 -9999 -9999 -9999 -9999 -9999 0.052 0.057 0.047 0.035 0.049 0.065 0.062 0.057 0.062 0.068 0.068 0.068 0.073 0.078 0.093 0.11 0.105 0.097 0.102 0.106 0.108 0.109 0.109 0.107 0.112 0.116 0.119 0.12 0.123 0.125 0.123 0.119 0.14 0.165 0.167 0.167 0.173 0.178 0.178 0.177 0.18
-9999 -9999 -9999 -9999 -9999 -9999 -9999 -9999 -9999 -9999 -9999 -9999 -9999 -9999 -9999 -9999 -9999 -9999 -9999 -9999 -9999 -9999 -9999 -9999 -9999 -9999 -9999 -9999 -9999 -9999 -9999 -9999 -9999 -9999 -9999 -9999 0.039 0.033 0.034 0.042 0.043 0.039 0.038 0.044 0.055 0.056 0.062 0.062 0.055 0.07 0.09 0.096 0.094 0.098 0.102 0.102 0.102 0.104 0.104 0.107 0.111 0.121 0.127 0.131 0.135 0.133 0.13 0.134 0.148 0.155 0.158 0.167 0.174 0.17 0.166 0.18
