Validation/Results/raw data/ReClimate_02_2024_1weatherlogisticsltd.asc
NCOLS 192
NROWS 249
XLLCENTER -225160.85627316462
YLLCENTER 29788.11610251502
CELLSIZE 5000.0
NODATA_VALUE -9999
[rows 68 to 101 of 249, columns 75 to 149 of 192]
-9999 -9999 -9999 -9999 -9999 -9999 -9999 -9999 -9999 -9999 -9999 91.078 91.562 92.427 91.724 90.54 90.696 91.105 90.858 90.385 90.107 90.154 90.256 90.228 90.408 90.532 90.628 90.926 91.229 -9999 -9999 -9999 -9999 -9999 -9999 -9999 -9999 -9999 -9999 -9999 -9999 -9999 -9999 -9999 -9999 -9999 -9999 -9999 -9999 -9999 -9999 -9999 -9999 -9999 -9999 -9999 -9999 -9999 -9999 -9999 -9999 -9999 -9999 -9999 -9999 -9999 -9999 -9999 -9999 -9999 -9999 -9999 -9999 -9999 -9999
-9999 -9999 -9999 -9999 -9999 -9999 -9999 -9999 -9999 -9999 -9999 -9999 -9999 91.511 90.673 90.098 90.333 90.434 90.088 89.829 90.094 90.763 90.793 90.902 91.059 91.287 91.413 -9999 -9999 -9999 -9999 -9999 -9999 -9999 -9999 -9999 -9999 -9999 -9999 -9999 -9999 -9999 -9999 -9999 -9999 -9999 -9999 -9999 -9999 -9999 -9999 -9999 -9999 -9999 -9999 -9999 -9999 -9999 -9999 -9999 -9999 -9999 -9999 -9999 -9999 -9999 -9999 -9999 -9999 -9999 -9999 -9999 -9999 -9999 -9999
-9999 -9999 -9999 -9999 -9999 -9999 -9999 92.853 -9999 -9999 90.549 91.825 91.394 90.527 90.291 90.394 90.49 90.64 90.412 90.164 90.492 90.48 90.588 90.739 91.062 91.63 91.601 -9999 -9999 -9999 -9999 -9999 -9999 -9999 -9999 -9999 -9999 -9999 -9999 -9999 -9999 -9999 -9999 -9999 -9999 -9999 -9999 -9999 -9999 -9999 -9999 -9999 -9999 -9999 -9999 -9999 -9999 -9999 -9999 -9999 -9999 -9999 -9999 -9999 -9999 -9999 -9999 -9999 -9999 -9999 -9999 -9999 -9999 -9999 -9999
-9999 -9999 -9999 -9999 -9999 92.627 91.871 91.06 89.955 89.457 90.036 90.033 89.356 88.841 89.008 89.426 89.473 89.418 89.495 90.048 90.377 91.299 91.356 91.314 91.552 91.433 91.439 -9999 -9999 -9999 -9999 -9999 -9999 -9999 -9999 -9999 -9999 -9999 -9999 -9999 -9999 -9999 -9999 -9999 -9999 -9999 -9999 -9999 -9999 -9999 -9999 -9999 -9999 -9999 -9999 -9999 -9999 -9999 -9999 -9999 -9999 -9999 -9999 -9999 -9999 -9999 -9999 -9999 -9999 -9999 -9999 -9999 -9999 -9999 -9999
-9999 -9999 -9999 -9999 -9999 90.799 90.366 -9999 90.748 90.478 90.051 89.101 89.116 90.002 90.028 89.557 89.691 90.146 90.423 90.42 91.086 91.625 91.584 91.545 91.386 91.164 -9999 91.416 -9999 -9999 -9999 -9999 -9999 -9999 -9999 -9999 -9999 -9999 -9999 -9999 -9999 -9999 -9999 -9999 -9999 -9999 -9999 -9999 -9999 -9999 -9999 -9999 -9999 -9999 -9999 -9999 -9999 -9999 -9999 -9999 -9999 -9999 -9999 -9999 -9999 -9999 -9999 -9999 -9999 -9999 -9999 -9999 -9999 -9999 -9999
-9999 -9999 -9999 -9999 -9999 -9999 90.949 90.319 90.027 89.558 89.045 88.99 89.574 89.873 89.697 89.841 90.414 91.279 91.224 91.066 91.382 91.55 91.51 91.471 91.328 91.315 91.308 91.127 -9999 -9999 -9999 -9999 -9999 -9999 -9999 -9999 -9999 -9999 -9999 -9999 -9999 -9999 -9999 -9999 -9999 -9999 -9999 -9999 -9999 -9999 -9999 -9999 -9999 -9999 -9999 -9999 -9999 -9999 -9999 -9999 -9999 -9999 -9999 -9999 -9999 -9999 -9999 -9999 -9999 -9999 -9999 -9999 -9999 -9999 -9999
-9999 -9999 -9999 -9999 -9999 -9999 -9999 90.1 89.697 89.275 89.453 89.988 90.07 89.961 90.166 90.496 90.745 90.198 90.401 91.04 91.235 91.477 91.436 91.397 91.359 91.323 91.209 91.139 -9999 -9999 -9999 -9999 -9999 -9999 -9999 -9999 -9999 -9999 -9999 -9999 -9999 -9999 -9999 -9999 -9999 -9999 -9999 -9999 -9999 -9999 -9999 -9999 -9999 -9999 -9999 -9999 -9999 -9999 -9999 -9999 -9999 -9999 -9999 -9999 -9999 -9999 -9999 -9999 -9999 -9999 -9999 -9999 -9999 -9999 -9999
-9999 -9999 -9999 -9999 -9999 90.037 89.946 88.986 88.875 88.964 89.518 90.29 90.01 89.493 89.95 90.704 90.551 90.88 91.169 91.007 91.183 91.377 91.364 91.325 91.287 -9999 91.214 -9999 -9999 -9999 -9999 -9999 -9999 91.412 91.426 91.454 -9999 -9999 -9999 -9999 -9999 -9999 -9999 -9999 -9999 -9999 -9999 -9999 -9999 -9999 -9999 -9999 -9999 -9999 -9999 -9999 -9999 -9999 -9999 -9999 -9999 -9999 -9999 -9999 -9999 -9999 -9999 -9999 -9999 -9999 -9999 -9999 -9999 -9999 -9999
87.978 -9999 -9999 -9999 -9999 -9999 88.903 88.753 89.055 89.544 89.948 89.965 89.424 88.748 89.324 89.867 90.343 91.16 91.015 90.795 91.005 91.229 91.232 91.232 91.216 91.177 -9999 -9999 -9999 -9999 91.203 91.261 91.299 91.33 91.356 91.384 91.411 91.437 91.465 91.49 91.514 91.538 91.563 91.587 91.613 91.64 91.669 91.702 91.739 91.782 91.81 91.838 -9999 -9999 -9999 -9999 -9999 -9999 -9999 -9999 -9999 -9999 -9999 -9999 -9999 -9999 -9999 -9999 -9999 -9999 -9999 -9999 -9999 -9999 -9999
86.987 -9999 -9999 -9999 89.128 -9999 89.1 88.298 88.791 89.264 89.273 89.163 88.873 89.059 89.494 89.973 90.201 89.687 89.956 90.811 90.964 91.057 91.014 90.87 90.947 -9999 -9999 -9999 -9999 91.013 91.095 91.158 90.84 89.974 90.389 91.32 91.116 90.482 90.663 91.416 91.433 91.445 91.483 91.505 91.528 91.552 91.578 91.606 91.637 91.673 91.71 91.747 -9999 -9999 -9999 -9999 -9999 -9999 -9999 -9999 -9999 -9999 -9999 -9999 -9999 -9999 -9999 -9999 -9999 -9999 -9999 -9999 -9999 -9999 -9999
87.497 -9999 -9999 -9999 89.069 89.402 88.99 88.661 88.973 89.037 88.981 88.912 89.099 89.241 89.521 89.67 89.474 89.699 90.282 90.601 90.741 90.887 90.722 90.502 -9999 -9999 90.904 90.849 90.845 90.905 90.978 91.106 90.59 90.423 90.99 91.261 90.89 90.644 91.117 91.349 91.361 91.381 91.388 91.426 91.445 91.465 91.485 91.508 91.532 91.56 91.589 91.627 91.67 -9999 -9999 -9999 -9999 -9999 -9999 -9999 -9999 -9999 -9999 -9999 -9999 -9999 -9999 -9999 -9999 -9999 -9999 -9999 -9999 -9999 -9999
88.082 -9999 88.519 -9999 87.704 87.42 87.374 87.676 87.976 88.558 88.565 88.567 88.686 88.608 88.572 88.343 88.628 89.115 89.269 89.235 89.708 90.72 90.612 90.66 -9999 90.808 90.808 89.635 89.818 90.058 90.07 89.883 89.879 90.163 90.484 91.136 91.076 91.14 91.268 91.286 91.303 91.31 91.336 91.351 91.367 91.383 91.399 91.415 91.433 91.453 91.472 91.498 91.529 -9999 -9999 -9999 -9999 -9999 -9999 -9999 -9999 -9999 -9999 -9999 -9999 -9999 -9999 -9999 -9999 -9999 -9999 -9999 -9999 -9999 -9999
-9999 87.434 -9999 -9999 -9999 86.348 86.904 87.878 87.743 86.505 86.928 88.006 88.172 88.538 88.564 88.889 89.062 88.908 88.695 88.115 89.173 90.551 90.591 90.628 90.665 90.712 90.317 90.413 90.559 90.538 90.36 90.103 90.316 90.507 90.927 91.085 91.142 91.195 91.211 91.227 91.242 91.255 91.269 91.281 91.293 91.305 91.316 91.328 91.339 91.352 91.365 91.377 91.393 -9999 -9999 -9999 -9999 -9999 -9999 -9999 -9999 -9999 -9999 -9999 -9999 -9999 -9999 -9999 -9999 -9999 -9999 -9999 -9999 -9999 -9999
85.518 -9999 -9999 -9999 -9999 87.196 88.051 88.867 -9999 86.561 87.277 87.671 88.074 88.496 88.925 89.47 89.341 89.246 88.557 87.56 88.876 90.379 90.423 90.478 90.139 89.105 89.136 89.221 89.692 90.909 90.685 90.289 90.487 90.845 90.757 90.289 90.589 91.144 91.158 91.171 91.183 91.194 91.205 91.214 91.222 91.23 91.237 91.244 91.25 91.255 91.26 91.261 91.28 -9999 -9999 -9999 -9999 -9999 -9999 -9999 -9999 -9999 -9999 -9999 -9999 -9999 -9999 -9999 -9999 -9999 -9999 -9999 -9999 -9999 -9999
86.337 -9999 -9999 -9999 87.585 -9999 -9999 87.65 87.063 87.114 87.524 88.067 88.382 88.558 89.008 89.292 89.021 88.407 87.753 87.397 88.733 90.202 90.264 90.363 89.781 89.552 89.285 88.374 89.472 90.888 90.593 90.194 90.4 90.473 90.26 90.416 90.811 91.096 91.108 91.119 91.128 91.136 91.143 91.149 91.154 91.158 91.161 91.163 91.163 91.162 91.156 91.156 -9999 -9999 -9999 -9999 -9999 -9999 -9999 -9999 -9999 -9999 -9999 -9999 -9999 -9999 -9999 -9999 -9999 -9999 -9999 -9999 -9999 -9999 -9999
85.212 85.407 86.395 -9999 -9999 -9999 86.927 86.554 -9999 86.762 87.241 87.717 87.92 88.185 88.568 89.069 88.535 87.831 87.68 87.809 88.971 90.033 90.143 90.254 90.025 89.648 89.257 89.326 90.271 90.8 90.535 90.266 90.204 89.861 89.941 89.87 90.215 91.051 91.006 90.89 90.99 91.08 91.084 91.087 91.088 91.089 91.087 91.084 91.079 91.071 91.057 -9999 -9999 -9999 -9999 -9999 -9999 -9999 -9999 -9999 -9999 -9999 -9999 -9999 -9999 -9999 -9999 -9999 -9999 -9999 -9999 -9999 -9999 -9999 -9999
84.757 85.878 86.844 -9999 87.092 86.665 86.622 86.921 87.096 87.364 87.541 87.279 87.529 87.804 88.229 88.576 88.249 88.168 88.305 88.528 89.311 89.941 90.04 90.147 89.784 89.288 89.482 89.81 90.236 90.714 90.479 90.163 89.775 89.118 89.103 89.074 89.838 91.007 90.926 90.939 91.013 91.024 91.026 91.025 91.023 91.02 91.014 91.007 90.996 90.981 90.964 -9999 -9999 -9999 -9999 -9999 -9999 -9999 -9999 -9999 -9999 -9999 -9999 -9999 -9999 -9999 -9999 -9999 -9999 -9999 -9999 -9999 -9999 -9999 -9999
85.829 86.47 86.955 87.339 86.955 86.516 -9999 86.392 86.201 85.307 85.364 85.854 86.285 87.004 87.292 87.55 87.983 88.991 88.977 88.63 89.228 89.881 89.266 87.461 87.282 87.498 87.859 88.339 89.14 90.631 90.214 89.489 88.782 87.72 88.126 89.097 90.088 90.964 90.95 90.965 90.971 90.97 90.903 90.717 90.765 90.952 90.942 90.929 90.913 90.892 -9999 -9999 -9999 -9999 -9999 -9999 -9999 -9999 -9999 -9999 -9999 -9999 -9999 -9999 -9999 -9999 -9999 -9999 -9999 -9999 -9999 -9999 -9999 -9999 -9999
-9999 -9999 -9999 87.09 86.349 -9999 86.264 86.16 85.681 85.601 86.078 86.594 87.046 87.197 87.249 87.018 88.017 89.089 88.706 88.157 88.866 89.802 88.581 87.754 88.057 88.529 88.706 88.412 89.567 90.549 89.943 89.229 88.815 89.307 89.904 90.083 90.635 90.921 90.922 90.921 90.919 90.916 90.694 90.338 90.561 90.884 90.87 90.852 90.83 90.82 -9999 -9999 -9999 -9999 -9999 -9999 -9999 -9999 -9999 -9999 -9999 -9999 -9999 -9999 -9999 -9999 -9999 -9999 -9999 -9999 -9999 -9999 -9999 -9999 -9999
-9999 -9999 85.876 85.478 -9999 84.509 85.684 -9999 85.6 86.386 86.733 86.916 87.041 87.167 87.203 87.638 88.189 87.979 87.428 86.544 86.866 86.408 86.197 86.696 87.557 89.192 89.083 89.146 89.345 88.413 86.837 83.714 85.21 88.702 89.291 90.342 90.581 90.878 90.876 90.872 90.867 90.861 90.147 88.712 88.98 89.224 89.693 90.794 90.789 90.806 -9999 -9999 -9999 -9999 -9999 -9999 -9999 -9999 -9999 -9999 -9999 -9999 -9999 -9999 -9999 -9999 -9999 -9999 -9999 -9999 -9999 -9999 -9999 -9999 -9999
-9999 -9999 84.481 -9999 -9999 83.93 85.031 85.364 85.791 85.75 85.688 85.272 85.634 86.412 86.914 87.698 87.621 87.499 87.154 87.266 87.017 86.951 87.124 86.86 87.581 87.233 87.378 87.66 87.586 88.605 87.027 87.177 89.093 89.348 90.087 90.462 90.666 90.834 90.829 90.822 90.814 90.806 89.559 88.129 88.44 89.534 90.319 90.785 90.788 90.792 -9999 -9999 -9999 -9999 -9999 -9999 -9999 -9999 -9999 -9999 -9999 -9999 -9999 -9999 -9999 -9999 -9999 -9999 -9999 -9999 -9999 -9999 -9999 -9999 -9999
-9999 -9999 -9999 -9999 -9999 -9999 85.163 85.493 85.362 84.937 84.84 85.132 85.689 86.096 86.278 85.66 85.972 86.917 87.172 87.459 87.594 87.973 88.067 88.635 88.328 87.933 88.386 89.131 89.123 87.468 88.234 90.011 90.13 90.072 90.355 90.364 90.572 90.82 90.618 90.091 90.157 90.288 89.717 89.989 90.522 90.545 90.783 90.784 90.786 -9999 -9999 -9999 -9999 -9999 -9999 -9999 -9999 -9999 -9999 -9999 -9999 -9999 -9999 -9999 -9999 -9999 -9999 -9999 -9999 -9999 -9999 -9999 -9999 -9999 -9999
-9999 -9999 -9999 -9999 84.703 83.936 -9999 85.722 85.443 85.166 85.276 85.119 85.396 85.507 85.492 86.291 86.864 87.02 87.233 87.247 87.303 86.893 87.08 86.732 87.128 88.704 89.312 89.844 88.686 87.764 88.649 88.544 88.646 89.127 89.164 88.978 89.6 90.821 90.496 90.376 90.474 90.569 90.76 90.786 90.783 90.782 90.781 90.782 90.784 -9999 -9999 -9999 -9999 -9999 -9999 -9999 -9999 -9999 -9999 -9999 -9999 -9999 -9999 -9999 -9999 -9999 -9999 -9999 -9999 -9999 -9999 -9999 -9999 -9999 -9999
-9999 -9999 -9999 85.352 84.489 83.402 84.344 85.098 85.099 85.393 85.353 85.388 85.603 85.961 86.677 87.393 87.236 86.564 86.613 86.607 86.625 86.989 87.221 88.277 89.146 89.261 89.092 87.865 87.878 89.162 88.536 86.901 87.421 88.13 87.044 84.222 86.495 90.683 90.59 90.74 90.594 90.055 90.218 90.725 90.636 90.267 90.447 90.78 -9999 -9999 -9999 -9999 -9999 -9999 -9999 -9999 -9999 -9999 -9999 -9999 -9999 -9999 -9999 -9999 -9999 -9999 -9999 -9999 -9999 -9999 -9999 -9999 -9999 -9999 -9999
-9999 -9999 -9999 85.137 -9999 83.828 84.057 83.494 84.018 84.997 84.907 84.517 84.924 85.533 86.107 86.563 86.315 86.521 86.366 85.895 86.556 87.694 88.488 89.105 89.222 89.339 88.524 87.998 88.895 89.509 88.561 88.209 88.585 88.623 87.267 87.514 90.003 90.528 90.661 90.802 90.43 90.141 90.476 90.774 90.39 89.907 90.267 90.776 -9999 -9999 -9999 -9999 -9999 -9999 -9999 -9999 -9999 -9999 -9999 -9999 -9999 -9999 -9999 -9999 -9999 -9999 -9999 -9999 -9999 -9999 -9999 -9999 -9999 -9999 -9999
-9999 -9999 -9999 -9999 -9999 84.52 84.252 84.247 84.966 85.554 85.149 84.501 84.817 84.832 84.763 83.86 84.514 85.969 85.448 84.696 85.77 86.972 87.438 87.749 88.158 89.204 88.99 89.109 89.373 89.216 89.007 88.889 89.063 89.419 89.527 89.573 90.049 90.35 90.555 90.757 90.654 90.643 90.716 90.558 90.346 90.44 90.718 90.745 -9999 -9999 -9999 -9999 -9999 -9999 -9999 -9999 -9999 -9999 -9999 -9999 -9999 -9999 -9999 -9999 -9999 -9999 -9999 -9999 -9999 -9999 -9999 -9999 -9999 -9999 -9999
-9999 -9999 -9999 84.933 84.748 84.561 84.535 84.398 84.684 84.719 84.64 85.278 -9999 84.655 84.528 85.343 86.138 86.168 85.834 85.923 86.727 87.068 87.367 87.64 88.436 89.069 89.189 89.308 89.048 88.533 88.568 88.885 89.191 89.502 89.51 89.62 89.969 90.354 90.511 90.673 90.735 90.778 90.541 90.156 90.334 90.621 90.424 90.215 -9999 -9999 -9999 -9999 -9999 -9999 -9999 -9999 -9999 -9999 -9999 -9999 -9999 -9999 -9999 -9999 -9999 -9999 -9999 -9999 -9999 -9999 -9999 -9999 -9999 -9999 -9999
84.215 84.71 84.841 -9999 83.827 84.506 84.307 83.86 83.954 84.187 84.778 -9999 84.753 83.495 84.335 85.351 85.584 86.046 86.264 86.626 87.142 87.893 88.16 88.42 88.81 88.935 88.846 88.41 88.192 88.192 88.628 89.401 89.6 89.616 89.739 89.937 90.029 89.633 89.963 90.551 90.709 90.957 90.735 90.569 90.67 90.507 89.907 -9999 -9999 -9999 -9999 -9999 -9999 -9999 -9999 -9999 -9999 -9999 -9999 -9999 -9999 -9999 -9999 -9999 -9999 -9999 -9999 -9999 -9999 -9999 -9999 -9999 -9999 -9999 -9999
84.239 84.804 84.181 83.667 -9999 84.487 84.105 83.633 83.866 84.15 84.507 84.52 84.029 84.426 85.054 85.241 85.689 86.166 86.255 85.909 86.767 87.827 88.133 88.541 88.668 88.801 88.363 87.78 87.677 87.156 87.959 89.517 89.544 89.49 89.627 89.867 89.403 88.615 89.252 90.137 90.207 89.836 90.055 90.755 90.146 -9999 -9999 -9999 -9999 -9999 -9999 -9999 -9999 -9999 -9999 -9999 -9999 -9999 -9999 -9999 -9999 -9999 -9999 -9999 -9999 -9999 -9999 -9999 -9999 -9999 -9999 -9999 -9999 -9999 -9999
-9999 -9999 84.257 -9999 83.574 83.221 82.872 82.582 83.275 -9999 -9999 83.191 83.785 84.725 85.017 85.525 85.92 86.277 86.284 86.749 87.361 87.39 87.36 86.672 86.637 86.303 86.673 88.55 88.356 88.265 88.945 88.757 88.997 89.523 89.704 89.828 89.49 89.615 90.134 90.273 90.095 90.117 90.537 90.643 -9999 -9999 -9999 -9999 -9999 -9999 -9999 -9999 -9999 -9999 -9999 -9999 -9999 -9999 -9999 -9999 -9999 -9999 -9999 -9999 -9999 -9999 -9999 -9999 -9999 -9999 -9999 -9999 -9999 -9999 -9999
83.849 -9999 84.2 83.632 83.334 83.155 82.986 82.948 -9999 -9999 84.821 84.164 84.766 85.001 85.205 84.965 85.276 85.563 86.034 86.601 86.795 87.14 86.724 86.515 86.498 86.868 88.087 88.776 88.821 88.842 88.652 88.225 88.768 89.502 89.625 89.751 89.884 90.02 90.097 90.045 90.121 90.218 90.345 90.525 90.247 -9999 -9999 -9999 -9999 -9999 -9999 -9999 -9999 -9999 -9999 -9999 -9999 -9999 -9999 -9999 -9999 -9999 -9999 -9999 -9999 -9999 -9999 -9999 -9999 -9999 -9999 -9999 -9999 -9999 -9999
84.209 84.741 84.296 83.88 83.734 83.741 83.955 -9999 -9999 85.149 84.954 84.777 84.806 84.499 84.471 84.69 84.782 84.549 84.831 84.74 85.086 85.407 85.76 86.907 87.356 87.976 88.429 88.639 88.438 87.869 87.864 88.272 88.829 89.319 89.439 89.564 89.695 89.835 89.883 89.984 90.093 90.196 90.354 90.491 -9999 -9999 -9999 -9999 -9999 -9999 -9999 -9999 -9999 -9999 -9999 -9999 -9999 -9999 -9999 -9999 -9999 -9999 -9999 -9999 -9999 -9999 -9999 -9999 -9999 -9999 -9999 -9999 -9999 -9999 -9999
84.706 84.72 -9999 -9999 83.631 83.704 -9999 -9999 -9999 85.281 85.015 84.603 84.456 84.403 84.53 84.469 84.522 84.919 85.0 85.303 85.392 85.073 86.111 87.311 87.735 87.93 88.153 88.457 88.018 87.71 88.011 88.105 88.581 89.116 89.234 89.358 89.488 89.626 89.747 89.846 89.947 90.059 90.186 90.324 -9999 -9999 -9999 -9999 -9999 -9999 -9999 -9999 -9999 -9999 -9999 -9999 -9999 -9999 -9999 -9999 -9999 -9999 -9999 -9999 -9999 -9999 -9999 -9999 -9999 -9999 -9999 -9999 -9999 -9999 -9999
-9999 84.52 83.902 83.104 -9999 -9999 -9999 -9999 85.079 85.259 84.987 84.943 85.014 85.191 84.975 84.413 84.647 84.646 84.828 84.849 85.032 85.692 86.587 87.305 87.567 87.919 87.912 87.468 87.485 88.052 88.11 88.166 88.612 88.918 89.036 89.159 89.287 89.423 89.543 89.64 89.736 89.842 89.892 -9999 -9999 -9999 -9999 -9999 -9999 -9999 -9999 -9999 -9999 -9999 -9999 -9999 -9999 -9999 -9999 -9999 -9999 -9999 -9999 -9999 -9999 -9999 -9999 -9999 -9999 -9999 -9999 -9999 -9999 -9999 -9999
