Validation/Results/raw data/ReClimate_02_2024_1weatherlogisticsltd.asc
NCOLS 192
NROWS 249
XLLCENTER -225160.85627316462
YLLCENTER 29788.11610251502
CELLSIZE 5000.0
NODATA_VALUE -9999
[rows 204 to 237 of 249, columns 75 to 149 of 192]
-9999 -9999 -9999 -9999 106.506 -9999 106.784 106.788 106.79 106.79 106.79 106.789 106.778 106.75 106.72 106.694 106.671 106.651 106.598 106.524 106.395 106.279 105.913 105.405 105.443 105.661 105.016 104.893 105.507 105.653 105.597 105.551 105.515 105.48 105.447 105.416 105.387 105.367 105.345 105.33 105.323 105.316 105.31 105.322 105.405 105.518 105.644 105.773 105.906 106.044 106.205 106.401 106.605 106.817 107.033 107.255 107.484 107.723 107.973 108.234 108.51 108.803 109.111 109.422 109.681 109.908 110.09 110.277 110.473 110.669 110.865 111.067 111.255 111.396 111.51
-9999 -9999 -9999 -9999 -9999 -9999 -9999 -9999 106.85 106.848 106.845 106.843 106.83 106.801 106.769 106.741 106.716 106.693 106.673 106.624 106.532 106.345 106.009 105.928 105.535 103.973 104.38 105.805 105.454 104.265 104.008 103.408 103.989 105.617 105.585 105.557 105.536 105.518 105.511 105.513 105.512 105.505 105.498 105.528 105.624 105.734 105.855 105.984 106.117 106.255 106.414 106.597 106.8 107.009 107.223 107.442 107.669 107.904 108.151 108.411 108.688 108.988 109.313 109.594 109.831 110.021 110.201 110.385 110.577 110.776 110.978 111.18 111.363 111.498 111.606
-9999 -9999 -9999 -9999 -9999 -9999 -9999 -9999 106.911 106.906 106.902 106.897 106.883 106.853 106.818 106.788 106.76 106.737 106.721 106.705 106.601 106.464 106.355 106.304 104.893 103.239 104.517 106.054 104.98 103.762 103.298 102.982 104.344 105.754 105.726 105.703 105.683 105.675 105.679 105.684 105.685 105.686 105.684 105.736 105.835 105.942 106.058 106.187 106.32 106.458 106.61 106.784 106.986 107.193 107.404 107.62 107.844 108.078 108.322 108.578 108.852 109.15 109.434 109.685 109.885 110.077 110.263 110.45 110.642 110.838 111.038 111.246 111.422 111.545 111.639
-9999 -9999 -9999 -9999 -9999 -9999 106.962 106.982 106.973 106.965 -9999 106.952 106.938 106.907 106.869 106.836 106.807 -9999 106.769 106.753 106.661 106.495 106.478 106.458 105.269 104.428 105.475 106.194 105.405 105.039 104.923 105.19 105.924 105.895 105.87 105.848 105.835 105.837 105.84 105.844 105.85 105.854 105.872 105.941 106.041 106.145 106.259 106.382 106.516 106.654 106.799 106.967 107.165 107.369 107.577 107.792 108.014 108.245 108.487 108.741 109.012 109.265 109.507 109.725 109.916 110.106 110.298 110.488 110.678 110.869 111.064 111.266 111.443 111.562 111.649
-9999 -9999 -9999 -9999 -9999 -9999 106.986 -9999 -9999 -9999 107.016 107.008 106.993 -9999 -9999 -9999 -9999 -9999 106.817 106.799 106.675 106.532 106.562 106.603 105.804 104.811 105.476 106.335 106.067 105.876 106.015 106.099 106.067 106.039 106.013 105.995 105.994 105.994 105.996 106.0 106.007 106.016 106.047 106.134 106.24 106.345 106.455 106.575 106.707 106.846 106.991 107.15 107.338 107.539 107.745 107.958 108.178 108.409 108.65 108.899 109.122 109.339 109.546 109.754 109.947 110.135 110.33 110.522 110.71 110.897 111.088 111.284 111.449 111.568 111.658
-9999 -9999 -9999 -9999 -9999 -9999 -9999 -9999 107.089 107.086 107.075 107.065 107.051 -9999 -9999 -9999 -9999 -9999 -9999 -9999 -9999 106.741 106.772 106.736 106.214 106.146 106.56 106.481 106.347 106.273 106.058 105.377 105.575 106.181 106.157 106.151 106.149 106.148 106.15 106.154 106.16 106.17 106.214 106.313 106.424 106.537 106.648 106.766 106.894 107.034 107.18 107.332 107.507 107.705 107.909 108.12 108.34 108.57 108.792 108.995 109.194 109.38 109.577 109.784 109.979 110.164 110.357 110.555 110.744 110.929 111.117 111.308 111.46 111.565 111.661
-9999 -9999 -9999 -9999 -9999 -9999 -9999 -9999 -9999 107.08 -9999 -9999 -9999 -9999 -9999 -9999 -9999 -9999 -9999 106.896 106.875 106.854 106.834 106.815 106.789 106.749 106.702 106.63 106.554 106.486 105.902 105.339 105.832 106.324 106.31 106.304 106.301 106.299 106.301 106.305 106.312 106.323 -9999 106.481 106.596 106.711 106.831 106.954 107.081 107.22 107.366 107.516 107.678 107.867 108.07 108.281 108.498 108.692 108.877 109.057 109.231 109.414 109.608 109.814 110.01 110.193 110.384 110.583 110.778 110.964 111.151 111.333 111.474 111.567 111.64
-9999 -9999 -9999 -9999 -9999 -9999 -9999 -9999 -9999 -9999 -9999 -9999 -9999 -9999 -9999 -9999 -9999 -9999 -9999 106.947 106.923 106.901 106.879 -9999 -9999 -9999 106.782 106.745 106.701 106.637 106.242 106.04 106.341 106.472 106.462 106.455 106.45 106.449 106.45 106.455 106.463 -9999 106.532 106.642 106.756 106.875 106.998 107.124 107.259 107.404 107.551 107.699 107.853 108.03 108.231 108.414 108.587 108.764 108.926 109.093 109.265 109.445 109.637 109.842 110.038 110.22 110.41 110.608 110.808 111.0 111.187 111.359 111.472 111.531 111.585
-9999 -9999 -9999 -9999 -9999 -9999 -9999 -9999 -9999 -9999 -9999 -9999 -9999 -9999 -9999 -9999 -9999 -9999 -9999 -9999 -9999 -9999 -9999 -9999 -9999 -9999 106.835 106.814 106.782 106.754 106.499 106.068 106.269 106.625 106.613 106.604 106.599 106.597 106.536 -9999 -9999 106.628 106.689 106.8 106.914 107.032 107.155 107.284 107.421 107.566 107.721 107.876 108.03 108.168 108.322 108.488 108.643 108.801 108.961 109.125 109.295 109.475 109.665 109.868 110.064 110.245 110.434 110.63 110.833 111.023 111.199 111.344 111.435 111.476 111.51
-9999 -9999 -9999 -9999 -9999 -9999 -9999 -9999 -9999 -9999 -9999 -9999 -9999 -9999 -9999 -9999 -9999 -9999 -9999 -9999 -9999 -9999 -9999 -9999 -9999 -9999 106.874 106.854 106.838 106.812 106.555 106.58 106.774 106.774 106.763 106.746 -9999 -9999 -9999 -9999 -9999 106.783 106.845 106.955 107.069 107.187 107.31 107.439 107.575 107.719 107.861 107.978 108.11 108.239 108.37 108.521 108.678 108.834 108.992 109.154 109.323 109.501 109.69 109.891 110.083 110.256 110.435 110.619 110.807 110.998 111.175 111.313 111.379 111.407 111.431
-9999 -9999 -9999 -9999 -9999 -9999 -9999 -9999 -9999 -9999 -9999 -9999 -9999 -9999 -9999 -9999 -9999 -9999 -9999 -9999 -9999 -9999 -9999 -9999 -9999 -9999 -9999 -9999 106.878 106.84 106.829 106.841 106.848 106.853 106.754 -9999 -9999 -9999 -9999 106.91 106.922 106.938 106.999 107.109 107.222 107.337 107.449 107.563 107.679 107.795 107.907 108.023 108.14 108.26 108.381 108.522 108.677 108.834 108.991 109.153 109.32 109.495 109.679 109.874 110.06 110.228 110.4 110.577 110.757 110.943 111.11 111.23 111.294 111.322 111.344
-9999 -9999 -9999 -9999 -9999 -9999 -9999 -9999 -9999 -9999 -9999 -9999 -9999 -9999 -9999 -9999 -9999 -9999 -9999 -9999 -9999 -9999 -9999 -9999 -9999 -9999 -9999 -9999 -9999 106.891 106.891 106.885 106.802 106.547 -9999 -9999 -9999 -9999 106.959 106.994 106.997 106.971 107.033 107.191 107.298 107.402 107.508 107.613 107.715 107.82 107.929 108.043 108.158 108.275 108.395 108.519 108.663 108.816 108.971 109.131 109.296 109.468 109.648 109.838 110.017 110.181 110.349 110.521 110.696 110.875 111.025 111.124 111.182 111.219 111.246
-9999 -9999 -9999 -9999 -9999 -9999 -9999 -9999 -9999 -9999 -9999 -9999 -9999 -9999 -9999 -9999 -9999 -9999 -9999 -9999 -9999 -9999 -9999 -9999 -9999 -9999 -9999 -9999 -9999 -9999 -9999 -9999 -9999 -9999 -9999 -9999 -9999 106.994 107.026 107.043 107.029 107.014 107.114 107.229 107.333 107.437 107.54 107.639 107.739 107.841 107.948 108.06 108.174 108.289 108.407 108.527 108.651 108.796 108.948 109.105 109.267 109.436 109.613 109.798 109.972 110.13 110.294 110.461 110.63 110.799 110.931 111.012 111.068 111.11 111.142
-9999 -9999 -9999 -9999 -9999 -9999 -9999 -9999 -9999 -9999 -9999 -9999 -9999 -9999 -9999 -9999 -9999 -9999 -9999 -9999 -9999 -9999 -9999 -9999 -9999 -9999 -9999 -9999 -9999 -9999 -9999 -9999 -9999 -9999 -9999 -9999 106.952 107.054 107.071 107.049 106.979 107.107 107.166 107.261 107.365 107.466 107.564 107.662 107.761 107.861 107.966 108.076 108.188 108.302 108.418 108.535 108.653 108.778 108.923 109.077 109.236 109.402 109.575 109.755 109.923 110.077 110.236 110.398 110.561 110.709 110.828 110.901 110.955 110.999 111.035
-9999 -9999 -9999 -9999 -9999 -9999 -9999 -9999 -9999 -9999 -9999 -9999 -9999 -9999 -9999 -9999 -9999 -9999 -9999 -9999 -9999 -9999 -9999 -9999 -9999 -9999 -9999 -9999 -9999 -9999 -9999 -9999 -9999 -9999 -9999 -9999 107.079 107.1 107.115 107.071 107.142 107.156 107.203 107.29 107.39 107.488 107.585 107.682 107.78 107.879 107.982 108.09 108.2 108.312 108.426 108.54 108.656 108.775 108.901 109.047 109.204 109.366 109.537 109.71 109.872 110.022 110.176 110.334 110.491 110.619 110.718 110.791 110.844 110.889 110.928
-9999 -9999 -9999 -9999 -9999 -9999 -9999 -9999 -9999 -9999 -9999 -9999 -9999 -9999 -9999 -9999 -9999 -9999 -9999 -9999 -9999 -9999 -9999 104.218 104.108 105.841 106.222 -9999 106.98 -9999 -9999 -9999 -9999 -9999 -9999 -9999 -9999 107.145 107.157 107.17 107.183 107.198 107.236 107.312 107.41 107.507 107.603 107.7 107.797 107.894 107.995 108.102 108.211 108.321 108.433 108.544 108.657 108.774 108.894 109.021 109.17 109.33 109.497 109.664 109.818 109.965 110.116 110.27 110.406 110.52 110.607 110.681 110.735 110.78 110.82
-9999 -9999 -9999 -9999 -9999 -9999 -9999 -9999 -9999 -9999 -9999 -9999 -9999 -9999 -9999 -9999 -9999 -9999 -9999 -9999 107.183 107.451 105.957 103.91 104.374 105.665 106.227 106.918 107.03 107.147 107.139 -9999 -9999 107.114 107.123 107.165 107.177 107.187 107.199 107.211 107.225 107.236 107.264 107.328 107.426 107.523 107.619 107.715 107.811 107.908 108.008 108.113 108.22 108.329 108.438 108.547 108.658 108.772 108.889 109.013 109.143 109.293 109.457 109.616 109.764 109.907 110.055 110.2 110.319 110.414 110.499 110.572 110.627 110.673 110.713
-9999 -9999 -9999 -9999 -9999 -9999 -9999 -9999 -9999 -9999 -9999 -9999 -9999 -9999 -9999 -9999 -9999 -9999 -9999 106.47 107.0 107.174 105.612 103.841 104.467 105.284 105.61 105.514 105.504 105.322 105.774 106.902 106.946 107.194 107.201 107.211 107.22 107.23 107.24 107.251 107.261 107.271 107.289 107.341 107.439 107.535 107.631 107.727 107.823 107.919 108.018 108.122 108.228 108.335 108.442 108.549 108.657 108.769 108.884 109.005 109.132 109.268 109.419 109.568 109.709 109.85 109.995 110.119 110.223 110.309 110.392 110.465 110.521 110.566 110.607
-9999 -9999 -9999 -9999 -9999 -9999 -9999 -9999 -9999 -9999 -9999 -9999 -9999 -9999 -9999 -9999 -9999 -9999 -9999 106.272 107.333 106.934 105.636 104.162 104.44 104.705 104.647 104.815 104.78 104.998 105.931 106.873 107.112 107.247 107.25 107.254 107.261 107.268 107.276 107.285 107.295 107.306 107.317 107.364 107.448 107.545 107.641 107.736 107.832 107.928 108.026 108.129 108.235 108.34 108.445 108.549 108.656 108.765 108.878 108.997 109.123 109.256 109.394 109.526 109.655 109.793 109.92 110.031 110.121 110.205 110.287 110.359 110.415 110.461 110.501
-9999 -9999 -9999 -9999 -9999 -9999 -9999 -9999 -9999 -9999 -9999 -9999 -9999 -9999 -9999 -9999 -9999 -9999 -9999 107.173 107.266 107.166 106.107 104.804 105.236 106.165 106.164 106.007 106.245 106.684 106.854 106.032 106.428 107.296 107.293 107.293 107.297 107.303 107.31 107.319 107.329 107.34 107.35 107.385 107.454 107.551 107.647 107.743 107.839 107.934 108.033 108.135 108.24 108.344 108.447 108.55 108.654 108.761 108.872 108.989 109.113 109.246 109.377 109.5 109.617 109.732 109.838 109.932 110.019 110.103 110.182 110.254 110.31 110.355 110.395
-9999 -9999 -9999 -9999 -9999 -9999 -9999 -9999 -9999 -9999 -9999 -9999 -9999 -9999 -9999 106.573 105.814 -9999 105.663 107.711 107.602 107.407 106.29 104.762 105.266 105.423 105.348 105.667 106.249 107.333 106.43 105.148 106.097 107.336 107.331 107.329 107.331 107.337 107.344 107.353 107.363 107.373 107.383 107.403 107.455 107.554 107.651 107.747 107.843 107.939 108.038 108.14 108.244 108.347 108.448 108.55 108.652 108.757 108.866 108.981 109.105 109.238 109.363 109.478 109.587 109.682 109.764 109.841 109.92 110.0 110.079 110.15 110.206 110.25 110.289
-9999 -9999 -9999 -9999 -9999 -9999 -9999 -9999 -9999 -9999 -9999 -9999 -9999 -9999 -9999 106.723 106.329 106.959 107.856 107.829 107.67 107.516 106.459 105.675 105.65 105.088 105.295 105.543 106.151 106.309 105.916 106.726 107.385 107.376 107.37 107.367 107.367 107.371 107.377 107.385 107.395 107.404 107.414 107.425 107.472 107.553 107.651 107.748 107.845 107.941 108.04 108.143 108.247 108.349 108.449 108.55 108.651 108.753 108.86 108.975 109.099 109.226 109.348 109.454 109.545 109.627 109.7 109.772 109.843 109.914 109.984 110.047 110.101 110.144 110.183
-9999 -9999 -9999 -9999 -9999 -9999 -9999 -9999 -9999 -9999 -9999 -9999 -9999 -9999 106.809 106.918 107.367 107.901 107.867 107.831 107.692 107.519 106.983 106.578 106.082 105.28 105.269 104.94 105.088 105.523 106.355 107.438 107.426 107.416 107.409 107.405 107.404 107.406 107.411 107.418 107.426 107.436 107.446 107.457 107.486 107.547 107.648 107.747 107.844 107.942 108.041 108.145 108.249 108.351 108.451 108.551 108.651 108.752 108.855 108.97 109.097 109.219 109.327 109.415 109.495 109.567 109.639 109.709 109.779 109.847 109.912 109.97 110.016 110.053 110.087
-9999 -9999 -9999 -9999 -9999 -9999 -9999 -9999 -9999 -9999 -9999 -9999 -9999 -9999 -9999 107.671 107.888 107.695 107.572 107.322 107.107 106.843 106.852 107.523 107.092 107.015 106.819 106.75 106.936 106.929 107.499 107.482 107.468 107.458 107.45 107.445 107.442 107.442 107.445 107.451 107.459 107.468 107.478 107.489 107.505 107.554 107.64 107.741 107.841 107.939 108.041 108.146 108.25 108.352 108.453 108.553 108.654 108.756 108.861 -9999 109.004 109.121 109.273 109.369 109.44 109.51 109.58 109.649 109.716 109.783 109.848 109.904 109.948 109.982 110.013
-9999 -9999 -9999 -9999 -9999 -9999 -9999 -9999 -9999 -9999 -9999 -9999 -9999 -9999 107.761 108.006 107.8 107.499 107.252 107.063 106.806 106.532 107.137 107.825 107.787 107.739 107.691 107.642 107.599 107.568 107.546 107.528 107.513 107.501 107.492 107.486 107.482 107.481 107.482 107.486 107.493 107.502 107.511 107.522 107.535 107.567 107.628 107.732 107.834 107.935 108.039 108.146 108.25 108.353 108.455 108.558 108.661 108.765 108.874 108.99 -9999 109.119 -9999 109.318 -9999 109.455 -9999 109.59 109.656 109.722 109.785 109.84 109.882 109.916 -9999
-9999 -9999 -9999 -9999 -9999 -9999 -9999 -9999 -9999 -9999 -9999 -9999 -9999 -9999 107.931 108.022 107.859 107.812 107.705 107.68 107.362 106.886 107.374 107.837 107.682 107.322 107.473 107.697 107.652 107.619 107.597 107.577 107.56 107.547 107.537 107.529 107.525 107.522 107.522 107.525 107.529 107.537 107.547 107.558 107.57 107.586 107.636 107.718 107.823 107.927 108.035 108.144 108.25 108.355 108.46 108.565 108.671 108.779 108.888 108.983 -9999 -9999 109.202 109.269 -9999 -9999 109.468 109.534 109.598 -9999 -9999 -9999 -9999 -9999 -9999
-9999 -9999 -9999 -9999 -9999 -9999 -9999 -9999 -9999 -9999 -9999 -9999 -9999 107.627 108.056 108.03 108.006 107.982 107.959 107.937 107.561 107.162 107.474 107.844 107.501 107.182 107.446 107.744 107.712 107.676 107.652 107.631 107.612 107.596 107.584 107.576 107.57 107.566 107.565 107.566 107.57 107.576 107.585 107.595 107.607 107.621 107.649 107.706 107.807 107.917 108.03 108.143 108.252 108.359 108.467 108.575 108.685 -9999 -9999 -9999 109.027 -9999 -9999 -9999 -9999 -9999 -9999 109.481 -9999 -9999 -9999 -9999 -9999 -9999 -9999
-9999 -9999 -9999 -9999 -9999 -9999 -9999 -9999 -9999 -9999 -9999 -9999 107.687 108.096 108.066 108.039 108.014 107.99 107.967 107.944 107.744 107.686 107.183 105.232 105.804 107.635 107.79 107.771 107.745 107.727 107.713 107.69 107.669 107.651 107.637 -9999 -9999 -9999 -9999 -9999 107.614 107.619 107.626 107.636 107.648 107.661 107.676 107.718 107.787 107.902 -9999 108.137 -9999 -9999 -9999 -9999 -9999 108.772 108.857 108.92 108.982 109.045 109.108 -9999 -9999 -9999 -9999 -9999 -9999 -9999 -9999 -9999 -9999 -9999 -9999
-9999 -9999 -9999 -9999 -9999 -9999 -9999 -9999 -9999 -9999 -9999 108.07 108.139 108.109 108.078 108.05 108.024 107.999 107.976 107.953 107.93 107.907 106.576 105.967 107.221 107.821 107.802 107.784 107.767 107.755 107.745 107.738 -9999 -9999 -9999 -9999 -9999 -9999 -9999 -9999 -9999 -9999 107.673 107.682 107.692 107.706 107.721 107.741 107.794 107.886 108.011 -9999 -9999 -9999 -9999 -9999 -9999 -9999 108.803 108.873 108.935 108.996 -9999 -9999 -9999 -9999 -9999 -9999 -9999 -9999 -9999 -9999 -9999 -9999 -9999
-9999 -9999 -9999 -9999 -9999 -9999 -9999 -9999 -9999 108.045 108.14 108.163 108.092 107.896 107.946 108.064 107.783 107.025 107.245 107.964 107.941 107.919 107.5 107.46 107.824 107.834 107.815 107.797 107.781 107.769 -9999 -9999 -9999 -9999 -9999 -9999 -9999 -9999 -9999 -9999 -9999 -9999 -9999 107.735 -9999 -9999 -9999 -9999 -9999 107.888 107.985 -9999 -9999 -9999 -9999 -9999 -9999 -9999 -9999 -9999 108.883 108.945 -9999 -9999 -9999 -9999 -9999 -9999 -9999 -9999 -9999 -9999 -9999 -9999 -9999
-9999 -9999 -9999 -9999 -9999 -9999 -9999 -9999 107.967 -9999 108.111 108.142 107.985 107.781 107.916 108.082 107.502 107.016 107.562 107.979 107.956 107.933 107.826 107.71 107.788 107.849 107.83 107.813 107.796 107.784 -9999 -9999 -9999 -9999 -9999 -9999 -9999 -9999 -9999 -9999 -9999 -9999 -9999 -9999 107.816 -9999 -9999 -9999 -9999 -9999 -9999 -9999 -9999 -9999 -9999 -9999 -9999 -9999 -9999 -9999 -9999 -9999 -9999 -9999 -9999 -9999 -9999 -9999 -9999 -9999 -9999 -9999 -9999 -9999 -9999
-9999 -9999 -9999 -9999 -9999 -9999 -9999 107.886 107.99 108.029 108.069 108.109 108.023 108.045 108.137 108.105 107.829 107.81 108.022 -9999 107.974 107.95 107.681 107.164 107.31 107.866 107.847 107.83 107.814 -9999 -9999 -9999 -9999 -9999 -9999 -9999 -9999 -9999 -9999 -9999 -9999 -9999 -9999 -9999 -9999 -9999 -9999 -9999 -9999 -9999 -9999 -9999 -9999 -9999 -9999 -9999 -9999 -9999 -9999 -9999 -9999 -9999 -9999 -9999 -9999 -9999 -9999 -9999 -9999 -9999 -9999 -9999 -9999 -9999 -9999
-9999 -9999 -9999 -9999 -9999 -9999 -9999 107.908 107.948 107.987 108.027 108.067 108.106 108.135 108.147 108.134 108.103 108.074 108.047 108.021 107.996 107.972 107.491 106.865 107.308 107.886 107.867 107.85 107.833 -9999 -9999 -9999 -9999 -9999 -9999 -9999 -9999 -9999 -9999 -9999 -9999 -9999 -9999 -9999 -9999 -9999 -9999 -9999 -9999 -9999 -9999 -9999 -9999 -9999 -9999 -9999 -9999 -9999 -9999 -9999 -9999 -9999 -9999 -9999 -9999 -9999 -9999 -9999 -9999 -9999 -9999 -9999 -9999 -9999 -9999
-9999 -9999 -9999 -9999 -9999 -9999 107.826 107.866 107.906 107.946 107.784 107.275 107.561 108.104 108.132 108.142 108.137 108.106 108.077 108.05 108.024 107.999 107.682 107.63 107.931 107.91 107.891 107.873 -9999 -9999 -9999 -9999 -9999 -9999 -9999 -9999 -9999 -9999 -9999 -9999 -9999 -9999 -9999 -9999 -9999 -9999 -9999 -9999 -9999 -9999 -9999 -9999 -9999 -9999 -9999 -9999 -9999 -9999 -9999 -9999 -9999 -9999 -9999 -9999 -9999 -9999 -9999 -9999 -9999 -9999 -9999 -9999 -9999 -9999 -9999
