Validation/Results/raw data/ReClimate_08_2024_1_Temperature-Actuals.asc
NCOLS 192
NROWS 249
XLLCENTER -225160.85627316462
YLLCENTER 29788.11610251502
CELLSIZE 5000.0
NODATA_VALUE -9999
[rows 204 to 237 of 249, columns 75 to 149 of 192]
-9999 -9999 -9999 -9999 15.099 -9999 14.85 14.642 14.443 14.124 14.063 13.908 13.986 14.027 13.895 13.833 13.555 14.033 13.925 14.073 14.26 14.407 14.274 14.363 13.972 13.541 12.39 11.805 13.197 13.013 13.164 12.783 13.331 14.152 13.338 11.992 13.506 13.902 13.911 13.994 14.605 15.105 15.013 14.756 14.901 15.305 15.484 15.594 15.538 15.335 14.674 14.294 14.227 14.548 14.775 14.918 14.804 14.475 14.548 14.725 14.889 14.946 14.927 14.804 14.707 14.827 14.957 14.97 15.1 15.179 15.151 15.259 15.24 15.272 15.422
-9999 -9999 -9999 -9999 -9999 -9999 -9999 -9999 14.324 14.509 14.366 14.261 14.29 14.233 14.157 14.013 14.317 14.234 14.265 14.331 14.295 14.351 14.041 14.066 13.549 12.813 11.963 12.207 12.122 12.472 11.844 12.055 13.61 13.474 13.155 14.011 13.44 13.823 14.422 14.694 15.019 14.797 14.57 14.241 14.762 15.351 15.528 15.654 15.659 15.006 14.274 14.166 14.245 14.663 14.755 14.905 14.766 14.821 14.844 15.027 15.179 15.212 15.134 14.98 14.895 14.977 15.157 15.246 15.163 15.061 14.949 15.028 15.27 15.263 15.373
-9999 -9999 -9999 -9999 -9999 -9999 -9999 -9999 14.609 14.508 14.451 14.494 14.121 13.91 13.802 14.158 14.389 14.405 14.509 14.19 14.049 14.256 14.372 14.458 13.944 13.71 13.502 13.228 12.94 12.722 12.159 12.567 12.389 13.021 13.509 13.076 12.877 14.417 14.727 14.917 14.581 14.603 14.103 14.379 14.806 15.387 15.519 15.386 14.619 14.186 14.243 14.421 14.386 14.585 14.76 14.851 14.993 14.878 15.12 15.292 15.459 15.462 15.263 15.076 14.957 15.044 15.27 15.339 15.191 14.817 14.878 14.952 15.057 15.261 15.343
-9999 -9999 -9999 -9999 -9999 -9999 15.133 14.962 14.752 14.677 -9999 14.55 14.384 14.213 14.488 14.654 14.793 -9999 14.685 14.37 14.472 14.12 14.664 13.921 13.994 13.815 13.582 13.543 13.823 13.387 13.07 13.01 13.039 13.234 13.508 12.578 13.566 14.593 14.611 14.936 14.835 14.348 14.427 14.661 15.03 15.261 15.273 14.691 14.603 14.314 14.441 14.403 14.611 14.727 14.816 14.988 15.174 15.214 15.299 15.302 15.569 15.548 15.416 15.267 15.233 15.222 15.276 15.216 14.943 14.813 14.775 15.02 15.093 15.21 15.337
-9999 -9999 -9999 -9999 -9999 -9999 15.133 -9999 -9999 -9999 14.801 14.701 14.542 -9999 -9999 -9999 -9999 -9999 14.842 14.694 14.345 15.051 14.773 14.592 14.463 14.191 14.308 14.282 12.694 12.721 13.7 13.776 13.722 13.577 13.107 13.21 14.369 14.502 14.903 14.941 14.323 14.586 14.7 15.121 15.141 15.225 14.95 14.668 14.705 14.502 14.707 14.819 14.81 14.903 15.064 15.168 15.301 15.331 15.357 15.319 15.412 15.565 15.319 15.315 15.289 15.267 15.092 15.029 14.907 14.749 14.86 15.154 15.281 15.384 15.383
-9999 -9999 -9999 -9999 -9999 -9999 -9999 -9999 14.942 14.81 14.713 14.864 14.654 -9999 -9999 -9999 -9999 -9999 -9999 -9999 -9999 15.448 15.324 15.257 15.306 14.896 14.504 12.924 12.396 12.567 13.021 13.524 13.677 13.721 13.827 13.829 14.194 14.873 15.01 14.213 14.487 14.654 15.428 15.357 15.249 15.19 14.629 14.652 14.572 14.68 14.899 15.035 15.058 15.09 15.137 15.228 15.187 15.248 15.329 15.433 15.452 15.496 15.324 15.263 15.12 15.008 15.135 14.924 14.856 14.916 15.058 15.261 15.543 15.559 15.562
-9999 -9999 -9999 -9999 -9999 -9999 -9999 -9999 -9999 14.826 -9999 -9999 -9999 -9999 -9999 -9999 -9999 -9999 -9999 14.905 15.168 15.275 15.261 15.627 15.677 15.365 14.548 13.623 12.735 12.715 13.347 14.213 14.051 13.717 13.946 14.241 14.983 15.348 15.14 14.874 15.004 15.405 -9999 15.43 15.283 14.958 14.336 14.352 14.587 14.784 15.013 15.072 15.142 15.101 15.122 15.122 15.227 15.256 15.358 15.406 15.449 15.323 15.175 14.999 14.804 14.819 14.876 15.206 15.094 15.094 15.301 15.354 15.553 15.736 15.713
-9999 -9999 -9999 -9999 -9999 -9999 -9999 -9999 -9999 -9999 -9999 -9999 -9999 -9999 -9999 -9999 -9999 -9999 -9999 15.081 15.252 15.514 15.546 -9999 -9999 -9999 15.309 14.134 14.163 13.958 14.416 14.399 13.91 14.122 14.806 15.094 15.284 15.61 15.574 15.657 15.671 -9999 15.579 15.253 15.21 14.668 14.296 14.587 14.732 14.943 15.01 14.996 15.095 15.14 15.127 15.133 15.028 15.048 15.163 15.143 15.223 15.283 15.052 14.663 14.72 14.787 15.0 15.286 15.424 15.319 15.51 15.712 15.804 15.994 16.071
-9999 -9999 -9999 -9999 -9999 -9999 -9999 -9999 -9999 -9999 -9999 -9999 -9999 -9999 -9999 -9999 -9999 -9999 -9999 -9999 -9999 -9999 -9999 -9999 -9999 -9999 15.987 15.299 14.638 14.71 14.933 14.886 14.719 15.005 15.33 15.473 15.577 15.732 15.87 -9999 -9999 15.875 15.546 15.329 15.168 14.683 14.494 14.672 14.8 15.03 15.2 15.023 15.063 15.122 14.903 14.713 14.668 14.628 14.541 14.711 14.775 14.938 15.001 14.828 14.774 15.025 15.004 15.255 15.583 15.591 15.693 15.819 16.008 16.14 16.248
-9999 -9999 -9999 -9999 -9999 -9999 -9999 -9999 -9999 -9999 -9999 -9999 -9999 -9999 -9999 -9999 -9999 -9999 -9999 -9999 -9999 -9999 -9999 -9999 -9999 -9999 15.853 15.516 15.227 15.153 15.024 15.028 15.204 15.38 15.581 15.771 -9999 -9999 -9999 -9999 -9999 15.884 15.509 15.4 15.21 14.761 14.555 14.667 14.728 15.047 15.274 15.081 14.776 14.829 14.569 14.409 14.38 14.525 14.54 14.475 14.68 14.73 15.073 15.245 15.136 15.377 15.369 15.426 15.642 15.768 15.993 16.219 16.164 16.095 16.246
-9999 -9999 -9999 -9999 -9999 -9999 -9999 -9999 -9999 -9999 -9999 -9999 -9999 -9999 -9999 -9999 -9999 -9999 -9999 -9999 -9999 -9999 -9999 -9999 -9999 -9999 -9999 -9999 15.501 15.087 15.117 15.241 15.213 15.456 15.835 -9999 -9999 -9999 -9999 15.661 15.447 15.298 15.602 15.535 15.27 14.656 14.559 14.527 14.623 14.926 15.116 14.815 14.405 14.222 14.337 14.311 14.472 14.515 14.786 14.786 14.78 14.989 15.1 15.409 15.604 15.56 15.53 15.509 15.547 15.573 15.878 16.225 16.332 16.186 16.144
-9999 -9999 -9999 -9999 -9999 -9999 -9999 -9999 -9999 -9999 -9999 -9999 -9999 -9999 -9999 -9999 -9999 -9999 -9999 -9999 -9999 -9999 -9999 -9999 -9999 -9999 -9999 -9999 -9999 15.619 15.535 15.431 15.395 15.762 -9999 -9999 -9999 -9999 15.617 15.491 15.202 15.16 15.266 15.397 15.312 15.04 15.026 14.624 14.678 14.835 14.698 14.596 14.426 14.087 14.187 14.412 14.67 14.824 14.927 15.025 14.975 14.983 15.17 15.398 15.491 15.433 15.249 15.347 15.469 15.482 15.626 15.992 16.215 16.26 16.26
-9999 -9999 -9999 -9999 -9999 -9999 -9999 -9999 -9999 -9999 -9999 -9999 -9999 -9999 -9999 -9999 -9999 -9999 -9999 -9999 -9999 -9999 -9999 -9999 -9999 -9999 -9999 -9999 -9999 -9999 -9999 -9999 -9999 -9999 -9999 -9999 -9999 15.671 15.587 15.512 15.206 15.03 15.319 15.306 15.106 15.234 15.014 14.871 15.096 14.972 14.791 14.674 14.629 14.533 14.346 14.464 14.654 14.564 14.74 14.796 14.853 14.904 14.987 15.234 15.341 15.219 15.074 15.035 15.29 15.449 15.541 15.68 15.894 15.949 16.024
-9999 -9999 -9999 -9999 -9999 -9999 -9999 -9999 -9999 -9999 -9999 -9999 -9999 -9999 -9999 -9999 -9999 -9999 -9999 -9999 -9999 -9999 -9999 -9999 -9999 -9999 -9999 -9999 -9999 -9999 -9999 -9999 -9999 -9999 -9999 -9999 16.05 15.788 15.355 15.028 14.153 14.758 15.231 15.089 15.045 15.014 14.914 15.166 15.218 15.201 15.049 14.89 15.019 14.814 14.576 14.318 14.468 14.586 14.272 14.489 14.632 14.832 15.026 15.189 15.31 15.268 15.192 15.235 15.172 15.25 15.428 15.518 15.545 15.527 15.347
-9999 -9999 -9999 -9999 -9999 -9999 -9999 -9999 -9999 -9999 -9999 -9999 -9999 -9999 -9999 -9999 -9999 -9999 -9999 -9999 -9999 -9999 -9999 -9999 -9999 -9999 -9999 -9999 -9999 -9999 -9999 -9999 -9999 -9999 -9999 -9999 15.984 15.675 15.506 14.876 14.521 14.376 14.616 14.831 14.933 14.787 15.069 15.125 15.135 14.86 14.663 14.641 14.876 14.974 14.794 14.693 14.505 14.586 14.659 14.582 14.702 14.808 15.017 15.246 15.378 15.402 15.272 15.249 15.227 15.14 15.248 15.297 15.032 14.982 14.946
-9999 -9999 -9999 -9999 -9999 -9999 -9999 -9999 -9999 -9999 -9999 -9999 -9999 -9999 -9999 -9999 -9999 -9999 -9999 -9999 -9999 -9999 -9999 13.873 13.624 13.131 13.353 -9999 14.163 -9999 -9999 -9999 -9999 -9999 -9999 -9999 -9999 15.751 15.567 15.315 15.069 14.829 14.574 14.566 14.652 14.925 14.984 14.989 14.688 14.51 14.734 14.75 14.86 14.892 14.874 14.982 15.058 15.069 14.972 15.012 14.9 14.787 14.717 14.961 15.257 15.313 15.21 15.188 15.115 15.069 15.212 15.187 14.921 14.84 15.044
-9999 -9999 -9999 -9999 -9999 -9999 -9999 -9999 -9999 -9999 -9999 -9999 -9999 -9999 -9999 -9999 -9999 -9999 -9999 -9999 14.809 14.61 14.259 13.715 13.021 12.715 12.923 13.167 13.894 14.921 15.544 -9999 -9999 15.159 15.597 15.746 15.828 15.744 15.616 15.623 15.465 15.235 14.935 14.628 14.724 14.901 14.865 14.457 14.645 14.825 14.715 14.908 15.034 15.109 15.047 15.076 15.181 15.239 15.366 15.279 15.108 14.909 14.87 14.763 14.872 15.092 15.153 15.213 15.336 15.12 15.216 14.805 14.718 14.843 15.056
-9999 -9999 -9999 -9999 -9999 -9999 -9999 -9999 -9999 -9999 -9999 -9999 -9999 -9999 -9999 -9999 -9999 -9999 -9999 14.703 14.783 14.834 14.634 13.976 13.039 12.636 12.806 13.141 13.651 14.226 14.823 14.98 14.885 14.932 15.008 15.555 15.667 15.71 15.553 15.398 15.533 15.341 14.862 14.799 14.863 14.773 14.285 14.645 14.541 14.651 14.838 15.023 15.208 15.205 15.026 15.124 15.169 15.323 15.364 15.387 15.254 15.089 14.84 14.661 14.866 15.081 15.158 14.878 15.054 15.284 15.207 15.248 14.881 15.023 15.114
-9999 -9999 -9999 -9999 -9999 -9999 -9999 -9999 -9999 -9999 -9999 -9999 -9999 -9999 -9999 -9999 -9999 -9999 -9999 14.674 15.116 15.417 15.055 14.151 13.646 13.267 12.986 13.35 13.818 14.382 14.201 14.053 14.484 14.762 15.006 14.984 15.477 15.673 15.525 15.537 15.313 15.116 15.162 15.117 14.98 14.641 14.667 14.661 14.521 14.763 14.869 15.042 15.152 15.138 14.978 14.936 15.305 15.407 15.445 15.487 15.482 15.374 15.138 14.757 14.657 15.055 15.161 15.016 14.848 15.118 15.307 15.346 15.373 15.331 15.094
-9999 -9999 -9999 -9999 -9999 -9999 -9999 -9999 -9999 -9999 -9999 -9999 -9999 -9999 -9999 -9999 -9999 -9999 -9999 14.983 15.501 15.258 15.061 14.56 14.528 14.146 14.122 14.087 14.252 14.41 13.998 14.166 14.82 15.083 15.215 15.462 15.686 15.73 15.644 15.381 15.144 15.214 15.178 15.086 14.904 14.947 14.917 14.916 14.872 14.866 14.745 14.828 15.101 15.322 15.268 15.275 15.4 15.381 15.452 15.615 15.387 15.286 15.279 14.871 14.497 14.911 15.246 15.17 15.134 15.22 15.304 15.372 15.332 15.27 15.19
-9999 -9999 -9999 -9999 -9999 -9999 -9999 -9999 -9999 -9999 -9999 -9999 -9999 -9999 -9999 14.999 14.572 -9999 14.747 15.287 15.013 14.825 14.883 15.011 14.86 14.747 14.368 14.136 14.276 14.506 14.502 14.715 15.021 15.325 15.449 15.478 15.506 15.586 15.658 15.451 15.331 15.233 15.124 14.83 15.079 15.073 14.996 14.821 14.681 14.703 14.555 14.664 14.974 15.322 15.385 15.416 15.471 15.613 15.496 15.501 15.454 15.131 15.269 15.117 15.003 15.046 15.396 15.403 15.285 15.245 15.269 15.325 15.408 15.461 15.431
-9999 -9999 -9999 -9999 -9999 -9999 -9999 -9999 -9999 -9999 -9999 -9999 -9999 -9999 -9999 14.762 14.39 14.517 14.714 14.835 14.722 14.909 14.624 14.573 14.687 14.303 14.272 14.232 14.333 14.62 14.559 14.671 14.924 14.654 14.527 14.877 15.269 15.607 15.677 15.439 15.245 15.074 14.972 14.903 15.128 15.006 15.078 14.914 14.651 14.605 14.751 14.823 15.083 15.225 15.314 15.391 15.687 15.766 15.81 15.794 15.661 15.423 15.333 15.185 14.986 15.049 14.847 15.114 15.33 15.339 15.373 15.352 15.412 15.567 15.634
-9999 -9999 -9999 -9999 -9999 -9999 -9999 -9999 -9999 -9999 -9999 -9999 -9999 -9999 15.058 14.53 14.437 14.41 14.468 14.616 14.742 14.716 14.591 14.708 14.694 14.431 14.421 14.336 14.574 14.793 15.036 15.111 14.727 14.143 14.341 14.577 14.882 15.461 15.481 15.375 15.335 15.16 15.058 15.009 15.071 15.142 15.199 15.014 14.72 14.973 15.017 15.111 15.17 15.242 15.258 15.273 15.678 16.102 16.247 16.066 16.035 15.801 15.689 15.579 15.393 15.315 15.058 14.863 15.008 14.752 15.133 14.937 15.02 15.562 15.869
-9999 -9999 -9999 -9999 -9999 -9999 -9999 -9999 -9999 -9999 -9999 -9999 -9999 -9999 -9999 14.829 14.537 14.456 14.624 14.734 14.851 14.849 14.837 14.823 14.766 14.676 14.607 14.835 14.991 15.191 15.115 15.179 14.589 14.317 14.406 14.326 14.797 15.199 15.146 15.19 15.234 15.108 14.942 15.014 15.046 15.062 15.006 14.832 15.158 15.059 15.134 15.19 15.232 15.216 15.222 15.373 15.616 16.044 16.301 -9999 16.093 16.06 15.836 15.87 15.851 15.793 15.64 15.421 15.402 15.168 14.982 15.113 15.056 15.323 15.713
-9999 -9999 -9999 -9999 -9999 -9999 -9999 -9999 -9999 -9999 -9999 -9999 -9999 -9999 14.995 14.995 14.595 14.481 14.56 14.605 14.788 14.899 14.871 14.816 14.677 14.771 14.989 15.13 15.157 15.176 15.233 15.036 14.872 14.882 14.757 14.574 15.127 15.288 14.738 14.883 14.843 14.356 14.55 14.519 14.521 14.699 14.741 14.926 15.131 15.292 15.276 15.305 15.244 15.224 15.214 15.34 15.568 15.822 16.144 16.307 -9999 16.299 -9999 16.344 -9999 16.066 -9999 15.836 15.841 15.715 15.421 15.4 15.639 15.992 -9999
-9999 -9999 -9999 -9999 -9999 -9999 -9999 -9999 -9999 -9999 -9999 -9999 -9999 -9999 15.078 14.718 14.396 14.469 14.486 14.472 14.401 14.629 14.514 14.493 14.595 14.849 15.092 15.219 15.332 15.354 15.265 15.184 15.007 14.908 14.688 15.01 15.433 14.841 14.852 15.205 14.807 14.615 14.557 14.43 14.652 14.935 14.947 15.144 15.294 15.304 15.478 15.445 15.317 15.262 15.282 15.376 15.608 15.781 16.076 16.294 -9999 -9999 16.616 16.699 -9999 -9999 16.116 16.07 16.082 -9999 -9999 -9999 -9999 -9999 -9999
-9999 -9999 -9999 -9999 -9999 -9999 -9999 -9999 -9999 -9999 -9999 -9999 -9999 14.811 14.696 14.512 14.445 14.71 14.779 14.524 14.507 14.33 13.862 13.788 14.235 14.543 14.758 14.97 15.331 15.406 15.117 15.177 14.975 14.593 14.641 15.045 15.061 15.186 15.743 15.518 15.105 14.736 14.524 14.911 15.219 15.13 15.196 15.243 15.405 15.652 15.779 15.555 15.624 15.541 15.605 15.617 15.737 -9999 -9999 -9999 16.302 -9999 -9999 -9999 -9999 -9999 -9999 16.142 -9999 -9999 -9999 -9999 -9999 -9999 -9999
-9999 -9999 -9999 -9999 -9999 -9999 -9999 -9999 -9999 -9999 -9999 -9999 15.063 14.34 14.165 14.353 14.835 15.013 14.968 14.818 14.568 13.773 12.857 13.098 14.098 14.302 14.281 14.97 15.025 15.327 15.377 15.15 15.274 15.346 15.516 -9999 -9999 -9999 -9999 -9999 15.709 15.223 14.967 15.152 15.339 15.382 15.29 15.401 15.548 15.768 -9999 15.644 -9999 -9999 -9999 -9999 -9999 15.832 15.906 15.943 15.893 15.97 16.312 -9999 -9999 -9999 -9999 -9999 -9999 -9999 -9999 -9999 -9999 -9999 -9999
-9999 -9999 -9999 -9999 -9999 -9999 -9999 -9999 -9999 -9999 -9999 15.718 14.722 13.904 13.894 14.327 14.633 14.919 15.088 14.674 14.169 13.146 12.539 12.892 13.51 13.923 14.657 14.493 15.132 15.398 15.47 15.733 -9999 -9999 -9999 -9999 -9999 -9999 -9999 -9999 -9999 -9999 15.782 15.769 15.856 15.504 15.212 15.141 15.448 15.252 15.581 -9999 -9999 -9999 -9999 -9999 -9999 -9999 16.045 15.871 15.97 15.99 -9999 -9999 -9999 -9999 -9999 -9999 -9999 -9999 -9999 -9999 -9999 -9999 -9999
-9999 -9999 -9999 -9999 -9999 -9999 -9999 -9999 -9999 15.673 15.836 15.309 14.473 13.862 13.619 13.77 14.391 15.019 14.829 14.451 14.011 13.341 12.772 13.202 13.675 14.259 14.44 15.375 15.029 15.174 -9999 -9999 -9999 -9999 -9999 -9999 -9999 -9999 -9999 -9999 -9999 -9999 -9999 16.291 -9999 -9999 -9999 -9999 -9999 15.656 15.427 -9999 -9999 -9999 -9999 -9999 -9999 -9999 -9999 -9999 16.019 16.01 -9999 -9999 -9999 -9999 -9999 -9999 -9999 -9999 -9999 -9999 -9999 -9999 -9999
-9999 -9999 -9999 -9999 -9999 -9999 -9999 -9999 15.576 -9999 15.364 15.14 14.502 13.927 13.662 13.754 14.365 14.638 14.507 14.848 14.688 13.818 13.381 13.57 14.266 14.589 15.063 15.461 15.583 15.901 -9999 -9999 -9999 -9999 -9999 -9999 -9999 -9999 -9999 -9999 -9999 -9999 -9999 -9999 16.164 -9999 -9999 -9999 -9999 -9999 -9999 -9999 -9999 -9999 -9999 -9999 -9999 -9999 -9999 -9999 -9999 -9999 -9999 -9999 -9999 -9999 -9999 -9999 -9999 -9999 -9999 -9999 -9999 -9999 -9999
-9999 -9999 -9999 -9999 -9999 -9999 -9999 15.611 15.594 14.974 15.181 15.148 14.676 14.442 14.204 14.23 14.561 14.533 14.735 -9999 14.935 14.238 13.639 13.236 13.839 14.86 15.214 15.658 15.844 -9999 -9999 -9999 -9999 -9999 -9999 -9999 -9999 -9999 -9999 -9999 -9999 -9999 -9999 -9999 -9999 -9999 -9999 -9999 -9999 -9999 -9999 -9999 -9999 -9999 -9999 -9999 -9999 -9999 -9999 -9999 -9999 -9999 -9999 -9999 -9999 -9999 -9999 -9999 -9999 -9999 -9999 -9999 -9999 -9999 -9999
-9999 -9999 -9999 -9999 -9999 -9999 -9999 15.629 15.267 14.937 14.833 14.846 14.743 14.679 14.489 14.74 14.954 14.999 15.455 15.409 15.248 14.711 13.714 13.455 14.326 14.799 15.351 15.576 15.554 -9999 -9999 -9999 -9999 -9999 -9999 -9999 -9999 -9999 -9999 -9999 -9999 -9999 -9999 -9999 -9999 -9999 -9999 -9999 -9999 -9999 -9999 -9999 -9999 -9999 -9999 -9999 -9999 -9999 -9999 -9999 -9999 -9999 -9999 -9999 -9999 -9999 -9999 -9999 -9999 -9999 -9999 -9999 -9999 -9999 -9999
-9999 -9999 -9999 -9999 -9999 -9999 15.597 15.414 14.941 14.509 14.494 14.71 14.793 14.842 14.903 15.094 14.928 15.353 15.62 15.598 15.311 15.004 14.5 14.433 14.798 15.232 15.393 15.321 -9999 -9999 -9999 -9999 -9999 -9999 -9999 -9999 -9999 -9999 -9999 -9999 -9999 -9999 -9999 -9999 -9999 -9999 -9999 -9999 -9999 -9999 -9999 -9999 -9999 -9999 -9999 -9999 -9999 -9999 -9999 -9999 -9999 -9999 -9999 -9999 -9999 -9999 -9999 -9999 -9999 -9999 -9999 -9999 -9999 -9999 -9999
