Validation/Results/raw data/ReClimate_05_2024_2weatherlogisticsltd.asc
NCOLS 192
NROWS 249
XLLCENTER -225160.85627316462
YLLCENTER 29788.11610251502
CELLSIZE 5000.0
NODATA_VALUE -9999
[rows 198 to 230 of 249, columns 74 to 147 of 192]
-9999 -9999 -9999 -9999 -9999 -9999 -9999 -9999 -9999 -9999 -9999 -9999 -9999 -9999 -9999 -9999 -9999 -9999 125.305 125.456 125.604 125.735 125.854 125.963 126.065 126.163 126.258 126.351 126.443 126.534 126.624 126.713 126.8 126.885 126.962 127.024 127.064 127.097 127.13 127.164 127.199 127.24 127.278 127.345 127.415 127.502 127.641 127.755 127.834 127.904 127.946 127.947 127.939 127.925 127.901 127.872 127.835 127.778 127.698 127.611 127.517 127.403 127.271 127.128 126.974 126.806 126.624 126.419 126.19 125.94 125.656 125.393 125.189 125.086
-9999 -9999 -9999 -9999 -9999 -9999 -9999 -9999 -9999 -9999 -9999 -9999 -9999 -9999 -9999 124.893 125.072 125.255 125.43 125.586 125.726 125.852 125.967 126.073 126.173 126.269 126.36 126.448 126.535 126.622 126.708 126.794 126.88 126.959 127.026 127.081 127.127 127.161 127.193 127.223 127.257 127.29 127.327 127.363 127.393 127.453 127.501 127.52 127.548 127.581 127.595 127.592 127.581 127.556 127.523 127.486 127.438 127.372 127.292 127.2 127.096 126.977 126.841 126.691 126.53 126.355 126.165 125.956 125.728 125.548 125.415 125.275 125.148 125.095
-9999 -9999 -9999 -9999 -9999 -9999 -9999 -9999 -9999 -9999 -9999 -9999 -9999 124.535 124.912 125.082 125.243 125.404 125.568 125.715 125.849 125.97 126.081 126.184 126.281 126.371 126.457 126.541 126.625 126.707 126.79 126.871 126.946 127.009 127.068 127.126 127.176 127.22 127.256 127.288 127.319 127.351 127.382 127.416 127.446 127.466 127.447 127.399 127.354 127.307 127.264 127.24 127.225 127.204 127.169 127.124 127.065 126.988 126.895 126.793 126.68 126.551 126.41 126.256 126.09 125.909 125.755 125.622 125.497 125.374 125.29 125.215 125.146 125.115
-9999 -9999 -9999 -9999 -9999 -9999 -9999 -9999 -9999 123.155 123.103 123.65 124.196 124.983 125.111 125.273 125.419 125.565 125.708 125.848 125.974 126.089 126.196 126.295 126.385 126.47 126.553 126.633 126.712 126.789 126.861 126.927 126.989 127.048 127.105 127.162 127.217 127.267 127.308 127.345 127.382 127.415 127.447 127.473 127.485 127.466 127.415 127.342 127.266 127.192 127.13 127.048 126.985 126.922 126.857 126.787 126.706 126.616 126.517 126.406 126.296 126.185 126.068 125.947 125.825 125.703 125.579 125.48 125.395 125.321 125.247 125.177 125.113 125.088
-9999 -9999 -9999 -9999 -9999 -9999 -9999 -9999 124.316 123.151 123.313 123.406 125.116 125.17 125.307 125.46 125.598 125.728 125.856 125.983 126.102 126.212 126.312 126.402 126.487 126.568 126.646 126.718 126.785 126.848 126.91 126.97 127.029 127.084 127.139 127.194 127.25 127.303 127.352 127.394 127.435 127.476 127.506 127.502 127.477 127.444 127.381 127.303 127.224 127.148 127.071 126.989 126.904 126.822 126.741 126.659 126.57 126.471 126.371 126.267 126.16 126.056 125.95 125.842 125.733 125.623 125.516 125.426 125.348 125.276 125.206 125.146 125.093 125.068
-9999 -9999 -9999 -9999 -9999 -9999 -9999 124.739 123.267 123.56 124.657 125.277 125.305 125.37 125.501 125.646 125.776 125.896 126.011 126.108 126.193 126.335 126.425 126.506 126.581 126.651 126.716 126.778 126.837 126.895 126.953 127.011 127.065 127.117 127.17 127.223 127.277 127.332 127.386 127.439 127.486 127.52 127.517 127.501 127.467 127.408 127.337 127.254 127.173 127.095 127.018 126.938 126.852 126.769 126.687 126.603 126.513 126.417 126.32 126.222 126.122 126.019 125.915 125.808 125.7 125.591 125.489 125.392 125.308 125.238 125.176 125.122 125.075 125.052
-9999 -9999 -9999 -9999 -9999 125.964 -9999 123.869 123.329 124.283 125.417 125.447 125.471 125.535 125.664 125.805 125.93 126.043 126.147 126.226 126.342 126.431 126.511 126.583 126.65 126.713 126.773 126.83 126.886 126.94 126.994 127.048 127.099 127.148 127.198 127.248 127.3 127.356 127.418 127.475 127.51 127.506 127.504 127.491 127.443 127.369 127.284 127.2 127.118 127.04 126.963 126.884 126.799 126.716 126.634 126.547 126.454 126.359 126.265 126.172 126.077 125.979 125.878 125.772 125.665 125.564 125.468 125.383 125.299 125.217 125.152 125.101 125.056 125.034
-9999 -9999 -9999 -9999 -9999 -9999 -9999 -9999 -9999 123.961 125.578 125.602 125.622 125.682 125.805 125.94 126.059 126.166 126.264 126.354 126.435 126.511 126.584 126.651 126.713 126.772 126.827 126.88 126.932 126.983 127.033 127.083 127.13 127.176 127.222 127.271 127.324 127.385 127.442 127.476 127.477 127.478 127.472 127.45 127.398 127.318 127.229 127.141 127.06 126.982 126.906 126.827 126.746 126.663 126.579 126.491 126.396 126.302 126.209 126.117 126.024 125.929 125.832 125.729 125.63 125.539 125.456 125.375 125.297 125.22 125.147 125.083 125.034 125.015
-9999 -9999 -9999 -9999 -9999 -9999 -9999 -9999 -9999 124.595 125.739 125.757 125.773 125.825 125.937 126.066 126.179 126.281 126.372 126.452 126.524 126.592 126.657 126.719 126.776 126.83 126.881 126.93 126.977 127.024 127.07 127.116 127.159 127.2 127.245 127.296 127.353 127.406 127.435 127.434 127.435 127.433 127.424 127.398 127.344 127.264 127.171 127.079 127.0 126.923 126.847 126.771 126.692 126.609 126.523 126.432 126.338 126.245 126.153 126.061 125.97 125.876 125.78 125.683 125.593 125.512 125.436 125.361 125.286 125.214 125.146 125.081 125.015 124.991
-9999 -9999 -9999 -9999 -9999 -9999 -9999 123.389 122.94 124.101 125.901 -9999 125.924 125.967 126.066 126.189 126.297 126.392 -9999 126.547 126.613 126.674 126.731 126.786 126.838 126.887 126.934 126.978 127.021 127.063 127.105 127.146 127.185 127.224 127.273 127.324 127.375 127.403 127.395 127.39 127.386 127.381 127.368 127.343 127.288 127.21 127.113 127.021 126.937 126.861 126.787 126.713 126.636 126.554 126.465 126.371 126.278 126.186 126.095 126.004 125.914 125.822 125.731 125.643 125.561 125.485 125.412 125.339 125.267 125.2 125.138 125.077 125.013 124.976
-9999 -9999 -9999 -9999 -9999 -9999 -9999 123.418 -9999 -9999 -9999 126.07 126.077 126.107 -9999 -9999 -9999 -9999 -9999 126.636 126.7 126.755 126.806 126.855 126.901 126.944 126.986 127.025 127.064 127.101 127.139 127.175 127.211 127.255 127.301 127.349 127.38 127.366 127.355 127.345 127.336 127.326 127.311 127.282 127.23 127.152 127.058 126.963 126.875 126.799 126.725 126.653 126.579 126.494 126.404 126.31 126.217 126.126 126.035 125.945 125.856 125.77 125.688 125.607 125.53 125.456 125.385 125.315 125.246 125.183 125.125 125.067 125.007 124.978
-9999 -9999 -9999 -9999 -9999 -9999 -9999 -9999 -9999 123.041 123.906 124.508 126.231 126.248 -9999 -9999 -9999 -9999 -9999 -9999 -9999 -9999 126.881 126.924 126.964 127.002 127.038 127.073 127.106 127.139 127.171 127.205 127.245 127.285 127.327 127.36 127.347 127.329 127.314 127.301 127.287 127.272 127.253 127.222 127.167 127.088 127.001 126.907 126.817 126.735 126.663 126.591 126.517 126.433 126.34 126.247 126.155 126.064 125.974 125.886 125.801 125.722 125.646 125.571 125.496 125.424 125.356 125.288 125.222 125.163 125.108 125.054 124.997 124.977
-9999 -9999 -9999 -9999 -9999 -9999 -9999 -9999 -9999 -9999 123.342 -9999 -9999 -9999 -9999 -9999 -9999 -9999 -9999 -9999 126.87 126.915 126.955 126.993 127.027 127.06 127.091 127.121 127.149 127.176 127.205 127.241 127.279 127.314 127.344 127.339 127.313 127.293 127.275 127.258 127.24 127.221 127.198 -9999 127.101 127.022 126.937 126.849 126.759 126.673 126.599 126.528 126.45 126.366 126.274 126.182 126.09 126.0 125.913 125.83 125.751 125.677 125.605 125.532 125.459 125.389 125.324 125.258 125.196 125.14 125.088 125.037 124.988 124.976
-9999 -9999 -9999 -9999 -9999 -9999 -9999 -9999 -9999 -9999 -9999 -9999 -9999 -9999 -9999 -9999 -9999 -9999 -9999 -9999 126.955 126.994 127.029 127.062 -9999 -9999 -9999 127.168 127.192 127.215 127.245 127.281 127.312 127.34 127.345 127.309 127.281 127.258 127.237 127.217 127.195 127.172 -9999 127.104 127.033 126.953 126.871 126.785 126.694 126.61 126.535 126.463 126.38 126.295 126.206 126.114 126.026 125.94 125.856 125.778 125.703 125.632 125.562 125.491 125.419 125.352 125.289 125.226 125.167 125.114 125.065 125.017 124.98 124.976
-9999 -9999 -9999 -9999 -9999 -9999 -9999 -9999 -9999 -9999 -9999 -9999 -9999 -9999 -9999 -9999 -9999 -9999 -9999 -9999 -9999 -9999 -9999 -9999 -9999 -9999 -9999 127.214 127.235 127.258 127.29 127.321 127.347 127.358 127.321 127.28 127.25 127.226 127.202 127.178 -9999 -9999 127.097 127.046 126.968 126.887 126.804 126.718 126.629 126.541 126.46 126.385 126.305 126.222 126.138 126.052 125.966 125.882 125.802 125.726 125.654 125.585 125.516 125.447 125.378 125.312 125.251 125.191 125.135 125.086 125.038 124.991 124.966 124.973
-9999 -9999 -9999 -9999 -9999 -9999 -9999 -9999 -9999 -9999 -9999 -9999 -9999 -9999 -9999 -9999 -9999 -9999 -9999 -9999 -9999 -9999 -9999 -9999 -9999 -9999 -9999 127.259 127.281 127.308 127.336 127.361 127.38 127.361 127.301 127.253 127.226 -9999 -9999 -9999 -9999 -9999 127.048 126.985 126.905 126.823 126.739 126.651 126.561 126.469 126.382 126.3 126.223 126.146 126.067 125.987 125.905 125.824 125.747 125.674 125.604 125.536 125.469 125.401 125.333 125.268 125.209 125.151 125.097 125.05 125.003 124.959 124.948 124.968
-9999 -9999 -9999 -9999 -9999 -9999 -9999 -9999 -9999 -9999 -9999 -9999 -9999 -9999 -9999 -9999 -9999 -9999 -9999 -9999 -9999 -9999 -9999 -9999 -9999 -9999 -9999 -9999 -9999 127.357 127.382 127.404 127.408 127.356 127.291 127.248 -9999 -9999 -9999 -9999 127.078 127.043 126.997 126.927 126.845 126.761 126.675 126.587 126.496 126.401 126.304 126.22 126.144 126.068 125.991 125.915 125.836 125.758 125.684 125.614 125.546 125.479 125.413 125.347 125.28 125.217 125.16 125.104 125.053 125.008 124.963 124.929 124.928 124.959
-9999 -9999 -9999 -9999 -9999 -9999 -9999 -9999 -9999 -9999 -9999 -9999 -9999 -9999 -9999 -9999 -9999 -9999 -9999 -9999 -9999 -9999 -9999 -9999 -9999 -9999 -9999 -9999 -9999 -9999 127.431 127.449 127.431 127.359 127.295 -9999 -9999 -9999 -9999 127.087 127.045 127.002 126.944 126.872 126.788 126.703 126.616 126.528 126.434 126.33 126.23 126.143 126.067 125.991 125.915 125.839 125.763 125.688 125.617 125.549 125.482 125.416 125.351 125.286 125.221 125.161 125.106 125.053 125.005 124.962 124.919 124.9 124.912 124.947
-9999 -9999 -9999 -9999 -9999 -9999 -9999 -9999 -9999 -9999 -9999 -9999 -9999 -9999 -9999 -9999 -9999 -9999 -9999 -9999 -9999 -9999 -9999 -9999 -9999 -9999 -9999 -9999 -9999 -9999 -9999 -9999 -9999 -9999 -9999 -9999 -9999 -9999 127.102 127.058 127.014 126.957 126.894 126.82 126.735 126.649 126.561 126.469 126.366 126.262 126.159 126.067 125.992 125.916 125.84 125.763 125.688 125.617 125.549 125.481 125.415 125.351 125.287 125.223 125.159 125.102 125.05 124.999 124.953 124.913 124.874 124.869 124.897 124.933
-9999 -9999 -9999 -9999 -9999 -9999 -9999 -9999 -9999 -9999 -9999 -9999 -9999 -9999 -9999 -9999 -9999 -9999 -9999 -9999 -9999 -9999 -9999 -9999 -9999 -9999 -9999 -9999 -9999 -9999 -9999 -9999 -9999 -9999 -9999 -9999 -9999 127.131 127.084 127.035 126.978 126.912 126.846 126.771 126.685 126.597 126.503 126.402 126.299 126.195 126.089 125.996 125.918 125.841 125.764 125.687 125.613 125.544 125.478 125.411 125.346 125.282 125.219 125.157 125.095 125.04 124.991 124.941 124.897 124.859 124.838 124.845 124.881 124.919
-9999 -9999 -9999 -9999 -9999 -9999 -9999 -9999 -9999 -9999 -9999 -9999 -9999 -9999 -9999 -9999 -9999 -9999 -9999 -9999 -9999 -9999 -9999 -9999 -9999 -9999 -9999 -9999 -9999 -9999 -9999 -9999 -9999 -9999 -9999 -9999 -9999 127.132 127.069 127.008 126.939 126.869 126.8 126.723 126.636 126.54 126.439 126.338 126.235 126.13 126.022 125.926 125.845 125.768 125.689 125.612 125.538 125.47 125.403 125.338 125.273 125.21 125.148 125.087 125.028 124.975 124.928 124.881 124.838 124.804 124.801 124.827 124.865 124.905
-9999 -9999 -9999 -9999 -9999 -9999 -9999 -9999 -9999 -9999 -9999 -9999 -9999 -9999 -9999 -9999 -9999 -9999 -9999 -9999 -9999 -9999 -9999 -9999 127.738 127.711 127.663 127.651 -9999 127.654 -9999 -9999 -9999 -9999 -9999 -9999 -9999 -9999 127.051 126.975 126.9 126.828 126.755 126.675 126.579 126.478 126.377 126.275 126.171 126.065 125.957 125.857 125.774 125.695 125.614 125.537 125.463 125.394 125.326 125.26 125.197 125.134 125.073 125.013 124.957 124.907 124.863 124.817 124.775 124.761 124.772 124.809 124.848 124.891
-9999 -9999 -9999 -9999 -9999 -9999 -9999 -9999 -9999 -9999 -9999 -9999 -9999 -9999 -9999 -9999 -9999 -9999 -9999 -9999 -9999 128.083 127.992 127.911 127.827 127.767 127.725 127.715 127.713 127.713 127.687 127.61 -9999 -9999 127.339 127.258 127.185 127.107 127.022 126.942 126.864 126.786 126.703 126.615 126.52 126.418 126.317 126.214 126.109 126.002 125.893 125.79 125.703 125.623 125.54 125.461 125.388 125.316 125.246 125.179 125.115 125.053 124.994 124.935 124.882 124.836 124.793 124.749 124.717 124.721 124.752 124.791 124.832 124.876
-9999 -9999 -9999 -9999 -9999 -9999 -9999 -9999 -9999 -9999 -9999 -9999 -9999 -9999 -9999 -9999 -9999 -9999 -9999 -9999 128.356 128.229 128.141 128.043 127.949 127.873 127.822 127.787 127.78 127.778 127.74 127.639 127.534 127.439 127.351 127.267 127.179 127.084 126.995 126.908 126.82 126.731 126.644 126.556 126.462 126.36 126.258 126.154 126.049 125.941 125.83 125.725 125.635 125.552 125.468 125.387 125.311 125.236 125.163 125.094 125.029 124.968 124.909 124.852 124.803 124.762 124.721 124.678 124.668 124.69 124.732 124.773 124.815 124.861
-9999 -9999 -9999 -9999 -9999 -9999 -9999 -9999 -9999 -9999 -9999 -9999 -9999 -9999 -9999 -9999 -9999 -9999 -9999 -9999 128.503 128.39 128.296 128.184 128.084 128.002 127.932 127.883 127.852 127.847 127.794 127.674 127.562 127.46 127.365 127.266 127.161 127.058 126.958 126.86 126.766 126.674 126.584 126.497 126.403 126.303 126.2 126.095 125.989 125.88 125.768 125.66 125.569 125.483 125.397 125.314 125.233 125.153 125.076 125.004 124.938 124.877 124.82 124.767 124.721 124.684 124.645 124.626 124.63 124.667 124.711 124.754 124.799 124.847
-9999 -9999 -9999 -9999 -9999 -9999 -9999 -9999 -9999 -9999 -9999 -9999 -9999 -9999 -9999 -9999 -9999 -9999 -9999 -9999 128.637 128.541 128.437 128.323 128.218 128.132 128.055 127.988 127.942 127.917 127.846 127.713 127.593 127.478 127.357 127.241 127.128 127.017 126.911 126.81 126.712 126.617 126.525 126.437 126.345 126.247 126.143 126.038 125.93 125.82 125.706 125.598 125.505 125.417 125.328 125.242 125.155 125.069 124.986 124.91 124.842 124.782 124.727 124.679 124.639 124.603 124.581 124.582 124.605 124.644 124.69 124.735 124.782 124.832
-9999 -9999 -9999 -9999 -9999 -9999 -9999 -9999 -9999 -9999 -9999 -9999 -9999 -9999 -9999 -9999 129.359 129.194 -9999 128.908 128.782 128.661 128.546 128.435 128.333 128.246 128.165 128.09 128.027 127.976 127.881 127.734 127.593 127.453 127.323 127.201 127.085 126.974 126.865 126.761 126.66 126.562 126.468 126.379 126.289 126.192 126.087 125.981 125.872 125.761 125.646 125.538 125.444 125.353 125.262 125.172 125.078 124.984 124.892 124.809 124.74 124.682 124.63 124.589 124.555 124.532 124.534 124.554 124.585 124.622 124.668 124.716 124.765 124.818
-9999 -9999 -9999 -9999 -9999 -9999 -9999 -9999 -9999 -9999 -9999 -9999 -9999 -9999 -9999 -9999 129.552 129.375 129.214 129.063 128.918 128.781 128.649 128.531 128.428 128.338 128.253 128.174 128.099 128.026 127.891 127.72 127.562 127.418 127.284 127.16 127.042 126.929 126.819 126.712 126.61 126.51 126.415 126.324 126.232 126.135 126.031 125.923 125.814 125.702 125.586 125.479 125.387 125.295 125.201 125.106 125.005 124.9 124.795 124.702 124.632 124.579 124.536 124.5 124.48 124.484 124.504 124.536 124.568 124.603 124.648 124.697 124.748 124.803
-9999 -9999 -9999 -9999 -9999 -9999 -9999 -9999 -9999 -9999 -9999 -9999 -9999 -9999 -9999 130.046 129.773 129.577 129.399 129.232 129.074 128.919 128.772 128.635 128.522 128.427 128.338 128.251 128.16 128.051 127.885 127.692 127.53 127.382 127.246 127.118 126.998 126.883 126.772 126.664 126.56 126.459 126.363 126.268 126.174 126.076 125.973 125.864 125.754 125.641 125.526 125.421 125.334 125.242 125.146 125.045 124.937 124.822 124.702 124.591 124.522 124.478 124.444 124.426 124.433 124.454 124.487 124.52 124.552 124.585 124.628 124.678 124.731 124.788
-9999 -9999 -9999 -9999 -9999 -9999 -9999 -9999 -9999 -9999 -9999 -9999 -9999 -9999 -9999 -9999 130.014 129.798 129.601 129.418 129.246 129.08 128.918 128.766 128.631 128.51 128.4 128.291 128.187 128.067 127.882 127.665 127.498 127.346 127.206 127.075 126.952 126.836 126.723 126.614 126.509 126.406 126.307 126.21 126.113 126.014 125.911 125.802 125.691 125.578 125.464 125.367 125.285 125.195 125.096 124.991 124.876 124.755 124.632 124.518 -9999 124.394 124.376 124.385 124.408 124.441 124.474 124.506 124.539 124.572 124.61 124.66 124.714 124.773
-9999 -9999 -9999 -9999 -9999 -9999 -9999 -9999 -9999 -9999 -9999 -9999 -9999 -9999 -9999 130.52 130.28 130.041 129.823 129.618 129.423 129.235 129.052 128.876 128.712 128.564 128.43 128.316 128.208 128.085 127.887 127.653 127.466 127.309 127.165 127.031 126.905 126.786 126.672 126.561 126.454 126.349 126.248 126.147 126.047 125.947 125.843 125.735 125.623 125.51 125.398 125.31 125.236 125.152 125.051 124.939 124.819 124.697 124.577 124.468 124.379 -9999 124.35 -9999 124.401 -9999 124.464 -9999 124.528 124.56 124.595 124.641 124.696 124.757
-9999 -9999 -9999 -9999 -9999 -9999 -9999 -9999 -9999 -9999 -9999 -9999 -9999 -9999 -9999 130.78 130.477 130.22 129.982 129.759 129.549 129.347 129.152 128.964 128.789 128.628 128.481 128.344 128.228 128.105 127.904 127.645 127.432 127.271 127.123 126.985 126.855 126.733 126.616 126.504 126.394 126.288 126.183 126.079 125.977 125.873 125.768 125.659 125.546 125.432 125.325 125.244 125.178 125.104 125.001 124.881 124.758 124.637 124.52 124.42 124.362 -9999 -9999 124.374 124.399 -9999 -9999 124.487 124.518 124.549 -9999 -9999 -9999 -9999
-9999 -9999 -9999 -9999 -9999 -9999 -9999 -9999 -9999 -9999 -9999 -9999 -9999 -9999 131.299 130.952 130.65 130.376 130.124 129.889 129.667 129.456 129.253 129.058 128.877 128.709 128.548 128.4 128.261 128.126 127.926 127.641 127.409 127.231 127.077 126.935 126.802 126.676 126.556 126.441 126.329 126.219 126.111 126.004 125.898 125.792 125.683 125.573 125.459 125.342 125.238 125.165 125.094 125.015 124.92 124.804 124.684 124.565 -9999 -9999 -9999 124.356 -9999 -9999 -9999 -9999 -9999 -9999 124.529 -9999 -9999 -9999 -9999 -9999
