Validation/Results/raw data/ReClimate_10_2024_2_Temperature-Actuals.asc
NCOLS 192
NROWS 249
XLLCENTER -225160.85627316462
YLLCENTER 29788.11610251431
CELLSIZE 5000.0
NODATA_VALUE -9999
[rows 204 to 237 of 249, columns 77 to 153 of 192]
-9999 -9999 8.123 -9999 7.507 7.045 6.665 6.305 6.223 6.035 6.001 5.931 5.693 5.525 5.26 5.693 5.6 5.624 5.753 5.879 5.774 5.823 5.453 5.065 4.088 3.578 4.687 4.476 4.549 4.185 4.629 5.393 4.87 3.831 5.007 5.167 5.0 4.962 5.45 5.904 5.824 5.559 5.609 5.879 5.998 6.077 6.018 5.849 5.281 4.962 4.87 5.061 5.193 5.312 5.232 4.985 5.06 5.213 5.348 5.408 5.426 5.377 5.253 5.271 5.337 5.332 5.424 5.467 5.37 5.356 5.354 5.417 5.531 5.487 5.434 5.359 5.36
-9999 -9999 -9999 -9999 -9999 -9999 6.601 6.571 6.425 6.32 6.23 6.074 5.873 5.654 5.887 5.864 5.931 5.923 5.782 5.831 5.574 5.557 5.079 4.474 3.765 3.953 3.855 4.124 3.613 3.758 4.987 4.934 4.815 5.547 4.972 5.088 5.364 5.478 5.749 5.617 5.438 5.152 5.533 5.965 6.069 6.124 6.099 5.556 4.938 4.838 4.845 5.104 5.118 5.242 5.169 5.256 5.283 5.438 5.571 5.608 5.549 5.454 5.388 5.392 5.467 5.501 5.437 5.348 5.217 5.236 5.387 5.426 5.524 5.46 5.509 5.589 5.55
-9999 -9999 -9999 -9999 -9999 -9999 6.911 6.634 6.534 6.494 6.119 5.897 5.734 5.962 6.089 6.121 6.198 5.805 5.623 5.764 5.844 5.881 5.435 5.246 5.063 4.832 4.587 4.444 4.027 4.289 3.949 4.441 4.999 4.732 4.484 5.559 5.637 5.691 5.406 5.445 5.048 5.304 5.626 6.042 6.082 5.906 5.233 4.866 4.91 5.05 4.968 5.053 5.144 5.22 5.357 5.306 5.52 5.664 5.806 5.811 5.635 5.483 5.388 5.437 5.555 5.555 5.442 5.157 5.196 5.249 5.289 5.494 5.578 5.639 5.675 5.809 5.696
-9999 -9999 -9999 -9999 7.809 7.499 7.166 6.868 -9999 6.58 6.452 6.357 6.584 6.655 6.645 -9999 6.266 5.953 5.973 5.643 6.072 5.452 5.5 5.335 5.134 5.084 5.324 5.009 4.754 4.573 4.437 4.63 4.925 4.169 4.933 5.684 5.583 5.743 5.623 5.229 5.353 5.583 5.846 5.963 5.855 5.276 5.185 4.953 5.05 5.021 5.171 5.225 5.247 5.355 5.493 5.551 5.646 5.663 5.866 5.825 5.722 5.6 5.552 5.525 5.534 5.446 5.223 5.132 5.09 5.312 5.407 5.536 5.628 5.585 5.588 5.856 5.834
-9999 -9999 -9999 -9999 7.782 -9999 -9999 -9999 6.932 6.881 6.837 -9999 -9999 -9999 -9999 -9999 6.476 6.256 5.871 6.379 6.132 6.007 5.924 5.695 5.766 5.775 4.498 4.485 5.21 5.169 5.057 4.917 4.524 4.596 5.527 5.623 5.866 5.796 5.292 5.517 5.655 6.01 5.984 5.959 5.609 5.275 5.292 5.111 5.25 5.354 5.349 5.41 5.503 5.54 5.618 5.654 5.676 5.621 5.698 5.82 5.623 5.616 5.559 5.549 5.419 5.352 5.232 5.087 5.155 5.434 5.61 5.658 5.62 5.54 5.479 5.662 5.824
-9999 -9999 -9999 -9999 -9999 -9999 7.552 7.287 7.151 7.3 7.237 -9999 -9999 -9999 -9999 -9999 -9999 -9999 -9999 6.672 6.582 6.627 6.78 6.419 6.021 4.797 4.372 4.375 4.604 4.96 5.037 5.033 5.069 5.033 5.325 5.888 5.893 5.157 5.46 5.64 6.27 6.195 6.051 5.922 5.337 5.308 5.226 5.282 5.404 5.518 5.546 5.567 5.579 5.621 5.564 5.612 5.66 5.688 5.671 5.743 5.608 5.521 5.353 5.294 5.469 5.316 5.232 5.244 5.315 5.512 5.705 5.61 5.62 5.775 5.917 5.983 5.818
-9999 -9999 -9999 -9999 -9999 -9999 -9999 7.412 -9999 -9999 -9999 -9999 -9999 -9999 -9999 -9999 -9999 6.813 6.737 6.647 6.706 7.13 7.238 6.937 6.094 5.366 4.641 4.445 4.844 5.53 5.366 5.033 5.132 5.311 5.909 6.138 5.743 5.554 5.884 6.296 -9999 6.24 6.038 5.677 5.128 5.149 5.319 5.427 5.558 5.587 5.644 5.604 5.601 5.584 5.665 5.697 5.764 5.752 5.744 5.64 5.48 5.319 5.132 5.156 5.27 5.575 5.468 5.442 5.594 5.707 5.863 5.895 5.778 5.981 6.325 6.437 6.323
-9999 -9999 -9999 -9999 -9999 -9999 -9999 -9999 -9999 -9999 -9999 -9999 -9999 -9999 -9999 -9999 -9999 7.138 6.994 7.117 7.212 -9999 -9999 -9999 6.659 5.591 5.566 5.334 5.658 5.611 5.181 5.285 5.76 5.999 6.193 6.376 6.192 6.354 6.539 -9999 6.421 6.051 5.902 5.407 5.118 5.363 5.448 5.562 5.563 5.536 5.61 5.632 5.602 5.597 5.528 5.59 5.657 5.625 5.693 5.696 5.467 5.118 5.181 5.246 5.441 5.67 5.755 5.647 5.78 5.939 6.053 6.165 6.187 6.004 6.36 6.651 6.605
-9999 -9999 -9999 -9999 -9999 -9999 -9999 -9999 -9999 -9999 -9999 -9999 -9999 -9999 -9999 -9999 -9999 -9999 -9999 -9999 -9999 -9999 -9999 -9999 7.225 6.536 5.967 5.967 6.038 5.92 5.736 5.918 6.192 6.441 6.662 6.784 6.852 -9999 -9999 6.777 6.359 6.036 5.832 5.434 5.285 5.429 5.499 5.626 5.696 5.545 5.58 5.607 5.404 5.251 5.215 5.185 5.139 5.364 5.516 5.592 5.508 5.326 5.286 5.526 5.527 5.702 5.925 5.903 5.933 6.006 6.158 6.316 6.42 6.493 6.606 6.831 6.765
-9999 -9999 -9999 -9999 -9999 -9999 -9999 -9999 -9999 -9999 -9999 -9999 -9999 -9999 -9999 -9999 -9999 -9999 -9999 -9999 -9999 -9999 -9999 -9999 7.14 6.786 6.58 6.426 6.076 5.937 6.067 6.282 6.601 6.848 -9999 -9999 -9999 -9999 -9999 6.739 6.275 6.047 5.876 5.505 5.334 5.442 5.467 5.644 5.723 5.557 5.33 5.352 5.127 5.007 4.975 5.073 5.098 5.174 5.482 5.492 5.644 5.727 5.631 5.828 5.813 5.842 6.003 6.075 6.161 6.242 6.291 6.305 6.454 6.695 6.856 6.927 6.688
-9999 -9999 -9999 -9999 -9999 -9999 -9999 -9999 -9999 -9999 -9999 -9999 -9999 -9999 -9999 -9999 -9999 -9999 -9999 -9999 -9999 -9999 -9999 -9999 -9999 -9999 6.93 6.407 6.132 6.151 6.173 6.568 7.021 -9999 -9999 -9999 -9999 6.842 6.536 6.309 6.451 6.276 5.981 5.45 5.369 5.367 5.455 5.634 5.651 5.38 5.11 5.043 5.116 5.022 5.088 5.1 5.324 5.389 5.469 5.635 5.663 5.889 6.063 6.013 5.964 5.955 5.99 5.986 6.145 6.345 6.457 6.51 6.44 6.578 6.692 6.751 6.59
-9999 -9999 -9999 -9999 -9999 -9999 -9999 -9999 -9999 -9999 -9999 -9999 -9999 -9999 -9999 -9999 -9999 -9999 -9999 -9999 -9999 -9999 -9999 -9999 -9999 -9999 -9999 6.981 6.691 6.527 6.56 7.025 -9999 -9999 -9999 -9999 6.657 6.472 6.203 6.119 6.14 6.178 6.036 5.777 5.745 5.414 5.492 5.587 5.366 5.244 5.182 5.027 5.134 5.193 5.277 5.363 5.452 5.551 5.528 5.538 5.676 5.854 5.927 5.907 5.776 5.89 5.97 5.947 6.029 6.284 6.431 6.5 6.524 6.52 6.519 6.402 6.307
-9999 -9999 -9999 -9999 -9999 -9999 -9999 -9999 -9999 -9999 -9999 -9999 -9999 -9999 -9999 -9999 -9999 -9999 -9999 -9999 -9999 -9999 -9999 -9999 -9999 -9999 -9999 -9999 -9999 -9999 -9999 -9999 -9999 -9999 -9999 6.477 6.405 6.309 6.099 5.934 6.147 6.088 5.878 5.957 5.704 5.48 5.696 5.625 5.44 5.301 5.262 5.26 5.153 5.196 5.267 5.167 5.313 5.367 5.402 5.435 5.51 5.718 5.807 5.765 5.67 5.641 5.832 5.939 6.026 6.147 6.264 6.255 6.291 6.292 6.3 6.045 5.811
-9999 -9999 -9999 -9999 -9999 -9999 -9999 -9999 -9999 -9999 -9999 -9999 -9999 -9999 -9999 -9999 -9999 -9999 -9999 -9999 -9999 -9999 -9999 -9999 -9999 -9999 -9999 -9999 -9999 -9999 -9999 -9999 -9999 -9999 6.746 6.439 6.126 6.08 5.357 5.741 6.05 5.871 5.797 5.736 5.491 5.575 5.669 5.72 5.581 5.426 5.436 5.201 5.075 4.927 5.066 5.174 4.919 5.1 5.212 5.373 5.534 5.672 5.749 5.727 5.691 5.706 5.694 5.809 5.954 6.035 6.019 5.927 5.729 5.854 5.865 5.719 5.369
-9999 -9999 -9999 -9999 -9999 -9999 -9999 -9999 -9999 -9999 -9999 -9999 -9999 -9999 -9999 -9999 -9999 -9999 -9999 -9999 -9999 -9999 -9999 -9999 -9999 -9999 -9999 -9999 -9999 -9999 -9999 -9999 -9999 -9999 6.736 6.525 6.521 6.129 5.72 5.461 5.532 5.625 5.676 5.503 5.606 5.58 5.632 5.443 5.259 5.226 5.334 5.323 5.179 5.176 5.073 5.168 5.231 5.168 5.266 5.36 5.526 5.698 5.754 5.753 5.675 5.66 5.721 5.761 5.836 5.82 5.566 5.485 5.412 5.468 5.694 5.633 5.394
-9999 -9999 -9999 -9999 -9999 -9999 -9999 -9999 -9999 -9999 -9999 -9999 -9999 -9999 -9999 -9999 -9999 -9999 -9999 -9999 -9999 5.53 5.257 4.899 5.092 -9999 5.832 -9999 -9999 -9999 -9999 -9999 -9999 -9999 -9999 6.734 6.608 6.395 6.11 5.823 5.473 5.371 5.427 5.642 5.621 5.577 5.35 5.207 5.349 5.335 5.407 5.365 5.305 5.41 5.499 5.52 5.45 5.488 5.394 5.306 5.237 5.41 5.58 5.575 5.547 5.576 5.559 5.623 5.743 5.666 5.405 5.308 5.481 5.487 5.619 5.696 5.665
-9999 -9999 -9999 -9999 -9999 -9999 -9999 -9999 -9999 -9999 -9999 -9999 -9999 -9999 -9999 -9999 -9999 -9999 6.8 6.475 5.92 5.35 4.778 4.568 4.754 4.988 5.553 6.356 6.977 -9999 -9999 6.746 6.995 6.989 6.909 6.706 6.574 6.572 6.419 6.148 5.799 5.493 5.564 5.699 5.618 5.246 5.414 5.571 5.427 5.515 5.579 5.592 5.496 5.521 5.611 5.644 5.742 5.689 5.548 5.389 5.354 5.244 5.264 5.423 5.51 5.595 5.709 5.588 5.684 5.327 5.229 5.314 5.47 5.587 5.627 5.734 5.67
-9999 -9999 -9999 -9999 -9999 -9999 -9999 -9999 -9999 -9999 -9999 -9999 -9999 -9999 -9999 -9999 -9999 6.683 6.86 6.459 6.056 5.409 4.639 4.349 4.49 4.837 5.248 5.643 6.242 6.594 6.474 6.376 6.298 6.651 6.635 6.608 6.461 6.336 6.421 6.231 5.808 5.749 5.769 5.64 5.178 5.453 5.375 5.465 5.577 5.636 5.699 5.652 5.486 5.574 5.595 5.663 5.673 5.727 5.611 5.471 5.296 5.159 5.302 5.437 5.504 5.284 5.43 5.673 5.656 5.7 5.376 5.467 5.522 5.573 5.606 5.582 5.726
-9999 -9999 -9999 -9999 -9999 -9999 -9999 -9999 -9999 -9999 -9999 -9999 -9999 -9999 -9999 -9999 -9999 6.743 6.95 6.851 6.403 5.587 5.161 4.842 4.653 5.051 5.38 5.648 5.541 5.577 5.908 6.031 6.125 6.039 6.417 6.561 6.432 6.437 6.232 6.058 6.121 6.114 5.929 5.563 5.53 5.483 5.365 5.585 5.655 5.706 5.693 5.631 5.469 5.444 5.723 5.773 5.825 5.854 5.794 5.69 5.548 5.291 5.199 5.436 5.429 5.31 5.232 5.552 5.805 5.884 5.874 5.779 5.544 5.521 5.604 5.603 5.535
-9999 -9999 -9999 -9999 -9999 -9999 -9999 -9999 -9999 -9999 -9999 -9999 -9999 -9999 -9999 -9999 -9999 7.207 7.19 6.768 6.527 6.055 5.98 5.616 5.617 5.642 5.668 5.66 5.346 5.537 6.072 6.223 6.24 6.393 6.565 6.594 6.519 6.304 6.077 6.104 6.078 6.044 5.828 5.815 5.714 5.631 5.59 5.64 5.536 5.548 5.685 5.813 5.743 5.741 5.841 5.828 5.87 5.986 5.762 5.666 5.721 5.484 5.212 5.467 5.56 5.446 5.484 5.689 5.929 6.088 6.008 5.828 5.66 5.632 5.766 5.847 5.842
-9999 -9999 -9999 -9999 -9999 -9999 -9999 -9999 -9999 -9999 -9999 -9999 -9999 6.895 6.321 -9999 7.184 7.367 6.789 6.489 6.494 6.553 6.35 6.185 5.847 5.635 5.67 5.789 5.798 6.001 6.271 6.488 6.484 6.43 6.426 6.486 6.55 6.377 6.242 6.11 6.008 5.76 5.971 5.923 5.756 5.511 5.398 5.49 5.368 5.421 5.622 5.865 5.889 5.91 5.959 6.103 6.06 6.115 5.98 5.652 5.802 5.795 5.743 5.766 5.922 5.807 5.711 5.784 5.995 6.174 6.202 6.075 5.927 5.799 5.838 5.946 6.067
-9999 -9999 -9999 -9999 -9999 -9999 -9999 -9999 -9999 -9999 -9999 -9999 -9999 6.624 6.232 6.705 6.994 6.855 6.504 6.56 6.302 6.212 6.237 5.86 5.778 5.648 5.602 5.81 5.822 6.001 6.295 6.088 5.851 5.991 6.253 6.517 6.574 6.389 6.192 5.973 5.858 5.809 5.985 5.863 5.885 5.792 5.615 5.472 5.528 5.551 5.74 5.836 5.879 5.935 6.188 6.274 6.345 6.396 6.244 5.938 5.873 5.875 5.795 5.823 5.584 5.708 5.852 5.915 6.083 6.191 6.178 6.156 6.111 5.967 5.853 6.03 6.131
-9999 -9999 -9999 -9999 -9999 -9999 -9999 -9999 -9999 -9999 -9999 -9999 7.184 6.668 6.395 6.445 6.519 6.511 6.481 6.401 6.273 6.333 6.312 6.09 5.926 5.688 5.721 5.905 6.2 6.397 6.206 5.779 5.783 5.8 5.968 6.403 6.437 6.42 6.327 6.1 5.97 5.91 5.945 6.003 6.093 6.008 5.702 5.804 5.772 5.81 5.835 5.89 5.871 5.872 6.221 6.597 6.727 6.619 6.574 6.283 6.183 6.207 6.156 6.07 5.761 5.527 5.621 5.461 5.861 5.738 5.739 6.101 6.308 5.882 5.671 5.788 6.157
-9999 -9999 -9999 -9999 -9999 -9999 -9999 -9999 -9999 -9999 -9999 -9999 -9999 6.98 6.472 6.368 6.479 6.504 6.528 6.505 6.467 6.442 6.41 6.252 6.088 6.108 6.11 6.278 6.321 6.449 5.977 5.671 5.697 5.556 5.877 6.171 6.188 6.301 6.285 6.122 5.927 5.919 5.916 5.929 5.912 5.798 6.016 5.87 5.888 5.903 5.906 5.883 5.866 5.978 6.189 6.592 6.886 -9999 6.726 6.616 6.364 6.415 6.444 6.361 6.183 5.987 5.994 5.932 5.951 6.086 5.822 5.952 6.358 6.396 5.93 5.82 6.126
-9999 -9999 -9999 -9999 -9999 -9999 -9999 -9999 -9999 -9999 -9999 -9999 7.299 7.078 6.54 6.387 6.409 6.386 6.475 6.526 6.483 6.449 6.307 6.307 6.417 6.44 6.399 6.436 6.517 6.335 6.112 6.083 5.947 5.735 6.151 6.266 5.877 6.065 6.001 5.551 5.643 5.537 5.504 5.65 5.705 5.866 5.997 6.082 6.036 6.034 5.966 5.942 5.921 6.017 6.225 6.521 6.892 7.081 -9999 6.962 -9999 6.912 -9999 6.631 -9999 6.454 6.47 6.526 6.555 6.621 6.519 6.639 -9999 -9999 -9999 6.638 6.425
-9999 -9999 -9999 -9999 -9999 -9999 -9999 -9999 -9999 -9999 -9999 -9999 7.276 6.793 6.393 6.393 6.38 6.302 6.134 6.228 6.131 6.209 6.267 6.398 6.541 6.572 6.627 6.652 6.603 6.489 6.275 6.179 5.945 6.153 6.484 5.997 6.073 6.421 6.045 5.804 5.657 5.475 5.631 5.879 5.931 6.106 6.18 6.149 6.289 6.287 6.189 6.192 6.19 6.254 6.432 6.585 6.894 7.12 -9999 -9999 7.303 7.375 -9999 -9999 6.925 6.922 6.936 -9999 -9999 -9999 -9999 -9999 -9999 -9999 -9999 -9999 -9999
-9999 -9999 -9999 -9999 -9999 -9999 -9999 -9999 -9999 -9999 -9999 7.065 6.848 6.548 6.42 6.622 6.657 6.347 6.181 5.898 5.516 5.582 5.958 6.176 6.302 6.413 6.637 6.704 6.62 6.562 6.415 6.145 6.133 6.352 6.333 6.526 7.025 6.857 6.444 6.015 5.684 5.873 6.107 6.115 6.285 6.333 6.378 6.513 6.658 6.606 6.601 6.67 6.785 6.74 6.795 -9999 -9999 -9999 7.13 -9999 -9999 -9999 -9999 -9999 -9999 7.111 -9999 -9999 -9999 -9999 -9999 -9999 -9999 -9999 -9999 -9999 -9999
-9999 -9999 -9999 -9999 -9999 -9999 -9999 -9999 -9999 -9999 7.187 6.435 6.239 6.361 6.727 6.831 6.753 6.546 6.208 5.444 4.72 4.967 5.815 5.99 5.948 6.498 6.473 6.804 6.851 6.715 6.94 7.111 7.203 -9999 -9999 -9999 -9999 -9999 7.15 6.609 6.177 6.15 6.281 6.467 6.604 6.676 6.654 6.744 -9999 6.895 -9999 -9999 -9999 -9999 -9999 7.037 6.971 6.808 6.741 6.934 7.448 -9999 -9999 -9999 -9999 -9999 -9999 -9999 -9999 -9999 -9999 -9999 -9999 -9999 -9999 -9999 -9999
-9999 -9999 -9999 -9999 -9999 -9999 -9999 -9999 -9999 7.653 6.603 5.944 5.994 6.375 6.568 6.74 6.839 6.438 5.932 5.022 4.496 4.805 5.352 5.698 6.301 6.221 6.771 7.023 7.142 7.397 -9999 -9999 -9999 -9999 -9999 -9999 -9999 -9999 -9999 -9999 7.097 6.89 6.896 6.747 6.718 6.687 6.775 6.575 6.976 -9999 -9999 -9999 -9999 -9999 -9999 -9999 7.21 6.878 6.876 7.034 -9999 -9999 -9999 -9999 -9999 -9999 -9999 -9999 -9999 -9999 -9999 -9999 -9999 -9999 -9999 -9999 -9999
-9999 -9999 -9999 -9999 -9999 -9999 -9999 7.748 7.798 7.197 6.433 5.953 5.803 5.935 6.39 6.838 6.645 6.286 5.835 5.182 4.668 5.082 5.509 5.974 6.124 6.994 6.796 7.05 -9999 -9999 -9999 -9999 -9999 -9999 -9999 -9999 -9999 -9999 -9999 -9999 -9999 7.715 -9999 -9999 -9999 -9999 -9999 7.19 7.111 -9999 -9999 -9999 -9999 -9999 -9999 -9999 -9999 -9999 7.149 7.166 -9999 -9999 -9999 -9999 -9999 -9999 -9999 -9999 -9999 -9999 -9999 -9999 -9999 -9999 -9999 -9999 -9999
-9999 -9999 -9999 -9999 -9999 -9999 7.774 -9999 7.349 7.103 6.564 6.073 5.847 5.914 6.371 6.552 6.433 6.682 6.415 5.57 5.188 5.41 6.012 6.283 6.743 7.169 7.386 7.822 -9999 -9999 -9999 -9999 -9999 -9999 -9999 -9999 -9999 -9999 -9999 -9999 -9999 -9999 7.715 -9999 -9999 -9999 -9999 -9999 -9999 -9999 -9999 -9999 -9999 -9999 -9999 -9999 -9999 -9999 -9999 -9999 -9999 -9999 -9999 -9999 -9999 -9999 -9999 -9999 -9999 -9999 -9999 -9999 -9999 -9999 -9999 -9999 -9999
-9999 -9999 -9999 -9999 -9999 7.953 7.749 7.017 7.103 7.101 6.711 6.491 6.255 6.256 6.494 6.463 6.647 -9999 6.636 5.921 5.405 5.133 5.649 6.498 6.816 7.295 7.7 -9999 -9999 -9999 -9999 -9999 -9999 -9999 -9999 -9999 -9999 -9999 -9999 -9999 -9999 -9999 -9999 -9999 -9999 -9999 -9999 -9999 -9999 -9999 -9999 -9999 -9999 -9999 -9999 -9999 -9999 -9999 -9999 -9999 -9999 -9999 -9999 -9999 -9999 -9999 -9999 -9999 -9999 -9999 -9999 -9999 -9999 -9999 -9999 -9999 -9999
-9999 -9999 -9999 -9999 -9999 7.929 7.357 6.927 6.827 6.857 6.762 6.664 6.46 6.643 6.821 6.892 7.265 7.146 6.91 6.352 5.503 5.319 6.017 6.35 6.824 7.193 7.514 -9999 -9999 -9999 -9999 -9999 -9999 -9999 -9999 -9999 -9999 -9999 -9999 -9999 -9999 -9999 -9999 -9999 -9999 -9999 -9999 -9999 -9999 -9999 -9999 -9999 -9999 -9999 -9999 -9999 -9999 -9999 -9999 -9999 -9999 -9999 -9999 -9999 -9999 -9999 -9999 -9999 -9999 -9999 -9999 -9999 -9999 -9999 -9999 -9999 -9999
-9999 -9999 -9999 -9999 8.047 7.542 7.063 6.678 6.632 6.863 6.942 6.928 6.947 7.097 6.973 7.347 7.543 7.416 7.035 6.694 6.215 6.118 6.371 6.693 6.858 7.072 -9999 -9999 -9999 -9999 -9999 -9999 -9999 -9999 -9999 -9999 -9999 -9999 -9999 -9999 -9999 -9999 -9999 -9999 -9999 -9999 -9999 -9999 -9999 -9999 -9999 -9999 -9999 -9999 -9999 -9999 -9999 -9999 -9999 -9999 -9999 -9999 -9999 -9999 -9999 -9999 -9999 -9999 -9999 -9999 -9999 -9999 -9999 -9999 -9999 -9999 -9999
