Validation/Results/raw data/ReClimate_01_2024_2_Temperature-Actualsweatherlogisticsltd.asc
NCOLS 192
NROWS 249
XLLCENTER -225160.85627316462
YLLCENTER 29788.11610251502
CELLSIZE 5000.0
NODATA_VALUE -9999
[rows 136 to 169 of 249, columns 77 to 153 of 192]
-9999 -9999 -9999 -9999 -9999 -9999 -9999 -9999 7.359 -9999 7.088 6.7 6.795 6.864 7.172 7.327 7.27 7.056 5.964 6.207 6.303 6.407 6.995 6.977 6.895 6.971 6.466 6.314 -9999 -9999 -9999 -9999 -9999 -9999 7.431 7.545 7.484 7.235 7.121 6.916 6.277 5.907 6.186 6.238 6.293 6.772 6.45 6.305 6.792 6.971 7.085 7.036 7.492 7.678 7.71 7.674 7.767 -9999 -9999 -9999 -9999 -9999 -9999 -9999 -9999 -9999 -9999 -9999 -9999 -9999 -9999 -9999 -9999 -9999 -9999 -9999 -9999
-9999 -9999 -9999 -9999 -9999 -9999 -9999 -9999 7.241 7.245 7.366 7.483 7.198 7.117 7.185 7.261 7.523 7.221 6.772 6.048 6.231 6.476 6.991 6.836 6.725 7.066 6.663 7.123 -9999 -9999 -9999 -9999 7.417 7.339 7.404 7.525 7.571 7.481 7.232 6.393 5.529 5.56 5.825 5.47 6.261 6.154 5.864 6.474 6.374 6.542 6.993 7.088 6.865 7.336 7.604 7.508 7.852 -9999 -9999 -9999 -9999 -9999 -9999 -9999 -9999 -9999 -9999 -9999 -9999 -9999 -9999 -9999 -9999 -9999 -9999 -9999 -9999
7.96 -9999 -9999 -9999 -9999 -9999 -9999 -9999 7.17 7.468 7.458 -9999 -9999 7.324 7.209 7.314 7.444 -9999 7.444 7.176 7.05 6.991 7.139 6.736 7.072 7.363 -9999 -9999 -9999 -9999 -9999 7.537 7.469 7.386 7.405 7.396 7.386 7.376 6.9 6.088 4.928 4.72 5.335 5.047 5.688 5.108 5.335 5.702 5.645 6.334 6.352 6.559 6.78 7.161 7.449 7.411 7.687 -9999 -9999 -9999 -9999 -9999 -9999 -9999 -9999 -9999 -9999 -9999 -9999 -9999 -9999 -9999 -9999 -9999 -9999 -9999 -9999
7.599 -9999 -9999 -9999 -9999 -9999 -9999 -9999 -9999 7.462 7.721 -9999 -9999 -9999 7.539 7.285 7.398 7.559 -9999 -9999 7.447 7.385 7.285 6.787 6.877 -9999 -9999 -9999 -9999 -9999 7.314 7.386 7.389 7.366 7.293 7.16 7.209 6.89 6.625 6.243 5.087 4.836 4.128 4.868 4.353 4.136 4.558 4.965 4.985 5.498 6.241 6.471 6.571 7.118 7.438 7.208 7.242 -9999 -9999 -9999 -9999 -9999 -9999 -9999 -9999 -9999 -9999 -9999 -9999 -9999 -9999 -9999 -9999 -9999 -9999 -9999 -9999
-9999 -9999 -9999 -9999 -9999 -9999 -9999 -9999 -9999 -9999 7.638 -9999 -9999 -9999 -9999 7.496 7.156 7.268 -9999 -9999 -9999 7.478 7.577 -9999 -9999 -9999 -9999 -9999 -9999 -9999 7.345 7.355 7.197 6.917 6.625 6.712 6.823 6.739 6.87 6.455 5.614 4.459 4.369 4.427 3.532 3.703 4.112 4.739 4.678 4.98 5.801 6.462 6.916 7.208 7.346 7.048 7.057 -9999 -9999 -9999 -9999 -9999 -9999 -9999 -9999 -9999 -9999 -9999 -9999 -9999 -9999 -9999 -9999 -9999 -9999 -9999 -9999
-9999 -9999 -9999 -9999 -9999 -9999 -9999 -9999 -9999 -9999 7.258 -9999 -9999 -9999 -9999 -9999 7.407 7.291 -9999 -9999 -9999 -9999 -9999 -9999 -9999 -9999 -9999 -9999 -9999 -9999 7.349 6.838 6.48 6.236 6.044 6.287 6.486 6.632 6.722 6.429 5.822 4.612 3.511 2.953 3.339 3.77 4.915 5.187 5.367 5.744 5.954 6.077 6.753 7.254 7.195 6.915 6.959 7.391 -9999 -9999 -9999 -9999 -9999 -9999 -9999 -9999 -9999 -9999 -9999 -9999 -9999 -9999 -9999 -9999 -9999 -9999 -9999
8.039 8.028 8.237 -9999 -9999 -9999 -9999 -9999 -9999 -9999 7.17 -9999 -9999 -9999 -9999 -9999 -9999 -9999 -9999 -9999 -9999 -9999 -9999 -9999 -9999 -9999 -9999 -9999 -9999 7.39 7.052 6.833 6.753 6.358 5.375 6.007 6.138 6.128 6.51 6.349 6.421 4.831 3.189 2.732 3.702 4.212 3.651 3.666 4.592 5.284 6.331 6.437 6.525 6.798 6.899 6.94 6.965 7.339 7.848 -9999 -9999 -9999 -9999 -9999 -9999 -9999 -9999 -9999 -9999 -9999 -9999 -9999 -9999 -9999 -9999 -9999 -9999
7.909 8.065 8.121 -9999 -9999 -9999 -9999 -9999 -9999 -9999 -9999 -9999 -9999 -9999 -9999 -9999 -9999 -9999 -9999 -9999 -9999 -9999 -9999 -9999 -9999 -9999 -9999 -9999 7.316 7.323 7.059 6.858 6.583 6.05 4.088 4.907 6.135 6.321 6.444 6.766 6.404 5.681 4.147 2.936 3.535 3.749 4.091 4.475 4.532 4.973 5.639 6.464 6.626 6.854 6.922 6.976 7.133 7.524 7.937 -9999 -9999 -9999 -9999 -9999 -9999 -9999 -9999 -9999 -9999 -9999 -9999 -9999 -9999 -9999 -9999 -9999 -9999
8.114 -9999 8.211 8.276 -9999 -9999 -9999 -9999 -9999 -9999 -9999 -9999 -9999 -9999 -9999 -9999 -9999 -9999 -9999 -9999 -9999 -9999 -9999 -9999 -9999 -9999 -9999 -9999 6.818 6.923 6.939 5.721 5.348 5.629 5.929 5.669 5.485 5.998 6.238 6.381 6.582 6.38 5.261 4.505 3.344 4.044 4.556 4.879 5.129 5.576 6.002 6.318 6.422 6.774 6.923 7.077 7.178 7.509 7.96 8.097 8.018 -9999 -9999 -9999 -9999 -9999 -9999 -9999 -9999 -9999 -9999 -9999 -9999 -9999 -9999 -9999 -9999
8.102 -9999 -9999 8.218 -9999 -9999 -9999 -9999 -9999 -9999 -9999 -9999 -9999 -9999 -9999 -9999 -9999 -9999 -9999 -9999 -9999 -9999 -9999 -9999 -9999 -9999 -9999 -9999 6.899 6.837 6.174 5.072 6.434 6.444 5.488 4.956 5.766 5.763 5.482 6.385 6.209 6.553 6.519 5.466 4.837 4.408 4.753 5.097 5.661 5.92 6.261 6.558 6.831 6.897 7.148 7.09 7.301 7.498 7.742 7.385 7.358 7.286 7.489 6.996 -9999 -9999 -9999 -9999 -9999 -9999 -9999 -9999 -9999 -9999 -9999 -9999 -9999
8.04 8.247 -9999 8.221 -9999 -9999 -9999 -9999 -9999 -9999 -9999 -9999 -9999 -9999 -9999 -9999 -9999 -9999 -9999 -9999 -9999 -9999 -9999 -9999 -9999 -9999 -9999 7.526 6.883 6.472 5.321 4.593 4.457 5.325 5.639 5.619 5.312 4.762 5.926 5.18 5.888 6.29 6.438 6.185 5.935 5.402 4.732 5.054 5.607 5.965 6.21 6.488 6.813 7.149 7.239 7.288 7.386 7.477 7.456 7.262 6.379 6.33 6.374 6.42 6.841 6.609 -9999 -9999 -9999 -9999 -9999 -9999 -9999 -9999 -9999 -9999 -9999
8.128 -9999 8.168 -9999 -9999 -9999 -9999 -9999 -9999 -9999 -9999 -9999 -9999 -9999 -9999 -9999 -9999 -9999 -9999 -9999 -9999 -9999 -9999 -9999 -9999 -9999 -9999 -9999 7.366 6.535 5.079 4.762 5.218 3.65 4.588 5.581 5.009 5.604 4.461 4.828 5.775 6.144 6.055 6.11 5.752 3.925 4.307 4.507 4.514 4.892 5.788 6.2 6.617 7.07 7.293 7.329 7.369 7.447 7.45 7.273 6.619 6.267 6.52 6.508 6.392 6.459 6.501 -9999 -9999 -9999 -9999 -9999 -9999 -9999 -9999 -9999 -9999
8.224 8.113 7.972 -9999 -9999 -9999 -9999 -9999 -9999 -9999 -9999 -9999 -9999 -9999 -9999 -9999 -9999 -9999 -9999 -9999 -9999 -9999 -9999 -9999 -9999 -9999 -9999 -9999 -9999 7.027 6.443 6.507 4.979 4.958 5.405 6.395 6.633 5.165 5.206 5.698 5.886 5.512 5.493 5.814 4.726 4.327 4.138 3.582 4.101 4.87 5.189 6.0 6.51 7.042 7.276 7.286 7.317 7.356 6.597 6.354 5.78 5.172 5.533 5.904 6.41 6.257 6.357 6.903 -9999 -9999 -9999 -9999 -9999 -9999 -9999 -9999 -9999
8.297 8.058 -9999 -9999 -9999 -9999 -9999 -9999 -9999 -9999 -9999 -9999 -9999 -9999 -9999 -9999 -9999 -9999 -9999 -9999 -9999 -9999 -9999 -9999 -9999 -9999 -9999 -9999 -9999 7.574 7.215 6.775 6.02 5.308 4.926 6.629 6.023 6.269 6.601 6.568 6.212 5.595 4.485 5.519 4.69 3.933 4.4 5.299 5.508 5.448 5.654 5.952 6.716 7.199 7.335 7.321 7.125 6.649 6.224 5.795 6.016 5.823 5.731 5.608 5.696 5.99 6.135 6.604 7.507 -9999 -9999 -9999 -9999 -9999 -9999 -9999 -9999
8.033 7.937 -9999 -9999 -9999 -9999 -9999 -9999 -9999 -9999 -9999 -9999 -9999 -9999 -9999 -9999 -9999 -9999 -9999 -9999 -9999 -9999 -9999 -9999 -9999 -9999 -9999 -9999 -9999 -9999 6.72 6.186 6.029 5.383 6.466 6.361 6.818 7.039 7.1 6.87 6.466 5.77 5.856 4.363 4.734 4.931 4.843 5.316 5.41 5.277 6.095 6.317 6.885 7.208 7.409 7.384 7.032 6.564 6.312 6.132 6.019 6.064 6.098 5.991 5.887 5.937 6.344 6.606 7.208 -9999 -9999 -9999 -9999 -9999 -9999 -9999 -9999
-9999 -9999 -9999 -9999 -9999 -9999 -9999 -9999 -9999 -9999 -9999 -9999 -9999 -9999 -9999 -9999 -9999 -9999 -9999 -9999 -9999 -9999 -9999 -9999 -9999 -9999 -9999 -9999 -9999 -9999 7.493 5.789 6.354 7.191 6.787 7.095 7.12 7.482 7.366 6.769 6.648 6.558 4.463 5.135 4.821 4.759 4.621 5.534 5.65 5.874 6.071 6.57 6.824 7.239 7.438 7.449 7.225 6.488 6.085 6.292 6.518 6.508 6.55 6.445 6.397 6.189 6.186 6.74 6.839 7.651 -9999 -9999 -9999 -9999 -9999 -9999 -9999
-9999 -9999 -9999 -9999 -9999 -9999 -9999 -9999 -9999 -9999 -9999 -9999 -9999 -9999 -9999 -9999 -9999 -9999 -9999 -9999 -9999 -9999 -9999 -9999 -9999 -9999 -9999 -9999 -9999 -9999 -9999 7.131 7.61 7.307 7.048 7.297 7.277 7.701 7.647 7.184 6.964 6.003 4.944 4.412 4.428 4.03 4.568 4.609 4.981 5.577 5.646 6.125 6.726 7.156 7.386 7.282 7.123 6.965 6.096 6.111 6.824 7.231 7.14 7.12 7.073 7.073 6.987 7.149 7.368 7.414 -9999 -9999 -9999 -9999 -9999 -9999 -9999
-9999 -9999 -9999 -9999 -9999 -9999 -9999 -9999 -9999 -9999 -9999 -9999 -9999 -9999 -9999 -9999 -9999 -9999 -9999 -9999 -9999 -9999 -9999 -9999 -9999 -9999 -9999 -9999 -9999 -9999 -9999 7.549 -9999 7.157 7.5 7.377 7.482 -9999 7.737 7.208 6.937 6.111 4.886 4.845 4.798 4.239 4.587 4.556 3.906 4.849 5.286 5.638 6.137 6.884 7.236 7.206 7.106 7.111 7.118 6.848 7.218 7.504 7.43 7.317 7.334 7.347 7.387 7.421 7.077 6.979 7.303 -9999 -9999 -9999 -9999 -9999 -9999
-9999 -9999 -9999 -9999 -9999 -9999 -9999 -9999 -9999 -9999 -9999 -9999 -9999 -9999 -9999 -9999 -9999 -9999 -9999 -9999 -9999 -9999 -9999 -9999 -9999 -9999 -9999 -9999 -9999 -9999 -9999 -9999 7.653 7.345 -9999 -9999 -9999 -9999 7.757 7.369 7.336 6.677 6.16 5.131 4.953 4.732 4.585 5.417 4.979 4.334 5.219 5.491 6.125 6.661 7.138 7.285 7.304 7.313 7.343 7.297 7.16 7.323 7.231 7.207 7.327 7.223 6.956 7.001 7.231 7.086 7.062 7.128 7.295 -9999 -9999 -9999 -9999
-9999 -9999 -9999 -9999 -9999 -9999 -9999 -9999 -9999 -9999 -9999 -9999 -9999 -9999 -9999 -9999 -9999 -9999 -9999 -9999 -9999 -9999 -9999 -9999 -9999 -9999 -9999 -9999 -9999 -9999 -9999 -9999 7.705 7.632 -9999 -9999 -9999 -9999 7.741 7.234 7.485 7.046 6.198 6.34 6.135 5.22 5.13 5.351 5.556 4.452 5.119 5.506 5.898 6.503 7.139 7.393 7.457 7.509 7.489 7.46 7.356 7.232 7.23 7.226 7.222 7.008 6.702 6.557 6.742 7.021 7.273 7.39 7.475 -9999 -9999 -9999 -9999
-9999 -9999 -9999 -9999 -9999 -9999 -9999 -9999 -9999 -9999 -9999 -9999 -9999 -9999 -9999 -9999 -9999 -9999 -9999 -9999 -9999 -9999 -9999 -9999 -9999 -9999 -9999 -9999 -9999 -9999 -9999 -9999 7.76 -9999 -9999 -9999 -9999 7.782 7.447 7.137 6.427 6.073 6.084 6.105 6.196 5.589 5.094 5.724 5.72 5.62 5.111 5.716 6.08 6.586 7.028 7.402 7.426 7.509 7.576 7.589 7.57 7.492 7.484 7.248 6.761 6.684 6.654 6.765 6.933 7.164 7.382 7.577 -9999 -9999 -9999 -9999 -9999
-9999 -9999 -9999 -9999 -9999 -9999 -9999 -9999 -9999 -9999 -9999 -9999 -9999 -9999 -9999 -9999 -9999 -9999 -9999 -9999 -9999 -9999 -9999 -9999 -9999 -9999 -9999 -9999 -9999 -9999 -9999 -9999 -9999 -9999 -9999 -9999 -9999 7.749 7.23 6.168 5.311 4.985 5.559 6.26 6.209 6.374 6.245 6.37 6.173 5.962 5.701 5.766 6.292 6.691 7.001 7.331 7.456 7.529 7.643 7.713 7.727 7.656 7.577 7.46 6.667 6.213 6.806 7.075 7.351 7.445 7.547 7.531 -9999 -9999 -9999 -9999 -9999
-9999 -9999 -9999 -9999 -9999 -9999 -9999 -9999 -9999 -9999 -9999 -9999 -9999 -9999 -9999 -9999 -9999 -9999 -9999 -9999 -9999 -9999 -9999 -9999 -9999 -9999 -9999 -9999 -9999 -9999 -9999 -9999 -9999 -9999 -9999 -9999 -9999 7.706 7.23 6.411 5.513 5.524 6.101 6.276 6.659 6.624 6.578 6.596 6.512 6.722 6.2 6.174 6.29 6.618 6.929 7.275 7.559 7.597 7.694 7.791 7.81 7.751 7.641 7.567 7.176 6.54 6.792 7.262 7.484 7.604 7.586 7.44 -9999 -9999 -9999 -9999 -9999
-9999 -9999 -9999 -9999 -9999 -9999 -9999 -9999 -9999 -9999 -9999 -9999 -9999 -9999 -9999 -9999 -9999 -9999 -9999 -9999 -9999 -9999 -9999 -9999 -9999 -9999 -9999 -9999 -9999 -9999 -9999 -9999 -9999 -9999 -9999 -9999 7.788 7.731 7.287 6.27 5.626 5.358 6.085 6.153 7.012 6.674 6.669 6.338 6.337 6.221 6.991 6.946 7.122 7.071 7.325 7.28 7.481 7.628 7.644 7.725 7.836 7.789 7.717 7.625 7.542 7.078 7.012 7.343 7.574 7.656 7.616 7.398 7.205 -9999 -9999 -9999 -9999
-9999 -9999 -9999 -9999 -9999 -9999 -9999 -9999 -9999 -9999 -9999 -9999 -9999 -9999 -9999 -9999 -9999 -9999 -9999 -9999 -9999 -9999 -9999 -9999 -9999 -9999 -9999 -9999 -9999 -9999 -9999 -9999 -9999 -9999 -9999 -9999 7.754 7.766 7.424 6.873 6.085 6.839 6.707 7.294 6.648 6.152 6.229 5.836 5.997 6.613 6.417 6.951 6.994 6.991 7.085 7.34 7.398 7.565 7.666 7.703 7.762 7.769 7.707 7.674 7.635 7.532 7.198 7.319 7.589 7.7 7.668 7.408 7.137 -9999 -9999 -9999 -9999
-9999 -9999 -9999 -9999 -9999 -9999 -9999 -9999 -9999 -9999 -9999 -9999 -9999 -9999 -9999 -9999 -9999 -9999 -9999 -9999 -9999 -9999 -9999 -9999 -9999 -9999 -9999 -9999 -9999 -9999 -9999 -9999 -9999 -9999 -9999 7.73 7.736 7.762 7.804 7.277 7.255 7.169 7.42 7.27 6.521 6.454 6.15 5.702 5.93 6.363 7.293 6.991 7.438 7.38 7.284 7.19 7.389 7.505 7.634 7.709 7.727 7.737 7.71 7.688 7.678 7.63 7.439 7.216 7.489 7.813 7.864 7.539 7.16 7.123 -9999 -9999 -9999
-9999 -9999 -9999 -9999 -9999 -9999 -9999 -9999 -9999 -9999 -9999 -9999 -9999 -9999 -9999 -9999 -9999 -9999 -9999 -9999 -9999 -9999 -9999 -9999 -9999 -9999 -9999 -9999 -9999 -9999 -9999 -9999 -9999 -9999 -9999 7.664 7.636 7.759 7.78 7.643 7.51 7.479 7.265 6.935 7.029 6.753 6.001 4.96 5.34 5.79 6.629 7.314 7.241 7.623 7.776 7.585 7.361 7.519 7.668 7.732 7.758 7.763 7.753 7.74 7.75 7.749 7.552 7.296 7.535 8.007 8.148 7.926 7.434 7.207 -9999 -9999 -9999
-9999 -9999 -9999 -9999 -9999 -9999 -9999 -9999 -9999 -9999 -9999 -9999 -9999 -9999 -9999 -9999 -9999 -9999 -9999 -9999 -9999 -9999 -9999 -9999 -9999 -9999 -9999 -9999 -9999 -9999 -9999 -9999 -9999 -9999 -9999 7.697 7.717 7.824 7.914 7.86 7.74 7.393 7.117 6.958 6.543 5.897 5.101 5.103 5.44 5.783 6.429 7.109 7.142 7.182 7.626 7.887 7.843 7.749 7.812 7.816 7.782 7.803 7.801 7.787 7.811 7.815 7.833 7.663 7.745 8.15 8.302 8.128 7.795 7.492 7.461 -9999 -9999
-9999 -9999 -9999 -9999 -9999 -9999 -9999 -9999 -9999 -9999 -9999 -9999 -9999 -9999 -9999 -9999 -9999 -9999 -9999 -9999 -9999 -9999 -9999 -9999 -9999 -9999 -9999 -9999 -9999 -9999 -9999 -9999 -9999 -9999 -9999 -9999 7.732 7.813 7.91 7.848 7.371 6.885 6.628 6.451 6.382 6.115 5.602 5.834 5.857 6.379 7.279 7.485 7.513 7.233 7.53 7.802 7.823 7.844 7.909 7.875 7.835 7.847 7.864 7.846 7.841 7.848 7.827 7.903 7.937 -9999 8.211 -9999 7.922 7.744 7.615 7.569 -9999
-9999 -9999 -9999 -9999 -9999 -9999 -9999 -9999 -9999 -9999 -9999 -9999 -9999 -9999 -9999 -9999 -9999 -9999 -9999 -9999 -9999 -9999 -9999 -9999 -9999 -9999 -9999 -9999 -9999 -9999 -9999 -9999 -9999 -9999 -9999 7.804 7.763 7.824 7.907 7.707 7.065 6.264 6.203 6.401 5.948 5.887 6.124 5.804 5.47 6.012 6.831 7.773 7.528 7.502 7.728 7.797 7.738 7.825 7.866 7.914 7.896 7.9 7.894 7.879 7.865 7.666 7.692 7.848 7.764 7.785 7.956 7.991 -9999 7.925 7.857 7.633 7.591
-9999 -9999 -9999 -9999 -9999 -9999 -9999 -9999 -9999 -9999 -9999 -9999 -9999 -9999 -9999 -9999 -9999 -9999 -9999 -9999 -9999 -9999 -9999 -9999 -9999 -9999 -9999 -9999 -9999 -9999 -9999 -9999 -9999 -9999 -9999 7.835 7.813 7.893 7.795 7.409 7.086 6.669 6.471 6.684 6.634 6.704 6.865 6.209 5.703 6.1 6.784 7.176 7.085 7.158 7.443 7.603 7.522 7.585 7.792 7.897 7.981 7.97 7.938 7.89 7.891 7.877 7.649 7.818 7.871 7.625 7.738 7.886 7.965 -9999 -9999 -9999 -9999
-9999 -9999 -9999 -9999 -9999 -9999 -9999 -9999 -9999 -9999 -9999 -9999 -9999 -9999 -9999 -9999 -9999 -9999 -9999 -9999 -9999 -9999 -9999 -9999 -9999 -9999 -9999 -9999 -9999 -9999 -9999 -9999 -9999 -9999 7.882 7.905 7.827 7.701 7.576 7.627 7.538 7.054 7.314 7.4 7.403 7.48 7.268 6.47 5.439 5.218 5.96 6.528 6.423 6.848 7.405 7.527 7.659 7.593 7.747 7.922 8.028 8.026 7.988 7.925 7.926 7.942 7.906 7.837 7.884 7.628 7.577 7.739 7.884 7.961 7.964 -9999 -9999
-9999 -9999 -9999 -9999 -9999 -9999 -9999 -9999 -9999 -9999 -9999 -9999 -9999 -9999 -9999 -9999 -9999 -9999 -9999 -9999 -9999 -9999 -9999 -9999 -9999 -9999 -9999 -9999 -9999 -9999 -9999 -9999 -9999 -9999 7.972 7.859 7.871 7.82 7.657 7.518 7.792 7.762 7.812 7.798 7.809 7.821 7.55 6.905 6.117 4.952 4.643 5.668 5.946 6.385 7.137 7.298 7.744 7.905 7.764 7.902 8.063 8.073 8.028 7.96 7.941 7.969 7.915 7.913 7.936 7.91 7.452 7.498 7.68 7.856 7.935 7.918 -9999
-9999 -9999 -9999 -9999 -9999 -9999 -9999 -9999 -9999 -9999 -9999 -9999 -9999 -9999 -9999 -9999 -9999 -9999 -9999 -9999 -9999 -9999 -9999 -9999 -9999 -9999 -9999 -9999 -9999 -9999 -9999 -9999 -9999 -9999 -9999 8.015 8.047 8.06 7.853 7.983 7.974 8.014 8.082 8.113 8.276 8.237 7.938 7.447 6.518 5.487 4.507 4.392 5.362 6.098 6.794 7.353 7.376 7.703 7.706 7.791 8.017 8.062 8.046 7.995 7.961 7.926 7.886 7.892 7.955 7.902 7.514 7.239 7.411 7.629 7.81 7.857 7.779
