Validation/Results/raw data/ReClimate_05_2024_1.asc
NCOLS 192
NROWS 249
XLLCENTER -225160.85627316462
YLLCENTER 29788.11610251502
CELLSIZE 5000.0
NODATA_VALUE -9999
[rows 66 to 98 of 249, columns 74 to 147 of 192]
-9999 -9999 -9999 -9999 -9999 -9999 -9999 -9999 -9999 -9999 -9999 97.492 -9999 96.928 96.755 96.191 94.554 95.132 95.57 94.864 95.053 96.083 96.424 96.657 96.829 97.07 98.009 98.414 98.914 99.369 99.804 99.806 -9999 -9999 -9999 -9999 -9999 -9999 -9999 -9999 -9999 -9999 -9999 -9999 -9999 -9999 -9999 -9999 -9999 -9999 -9999 -9999 -9999 -9999 -9999 -9999 -9999 -9999 -9999 -9999 -9999 -9999 -9999 -9999 -9999 -9999 -9999 -9999 -9999 -9999 -9999 -9999 -9999 -9999
-9999 -9999 -9999 -9999 -9999 -9999 -9999 -9999 -9999 -9999 -9999 -9999 97.587 97.494 97.485 96.267 95.277 95.61 95.883 96.237 96.907 96.91 96.447 96.781 97.425 98.24 99.124 99.438 99.59 99.823 -9999 -9999 -9999 -9999 -9999 -9999 -9999 -9999 -9999 -9999 -9999 -9999 -9999 -9999 -9999 -9999 -9999 -9999 -9999 -9999 -9999 -9999 -9999 -9999 -9999 -9999 -9999 -9999 -9999 -9999 -9999 -9999 -9999 -9999 -9999 -9999 -9999 -9999 -9999 -9999 -9999 -9999 -9999 -9999
-9999 -9999 -9999 -9999 -9999 -9999 -9999 -9999 -9999 -9999 -9999 -9999 97.549 97.485 97.448 96.454 95.158 95.237 95.065 95.849 97.006 96.963 97.467 97.853 97.995 98.566 98.875 99.167 99.732 99.783 -9999 -9999 -9999 -9999 -9999 -9999 -9999 -9999 -9999 -9999 -9999 -9999 -9999 -9999 -9999 -9999 -9999 -9999 -9999 -9999 -9999 -9999 -9999 -9999 -9999 -9999 -9999 -9999 -9999 -9999 -9999 -9999 -9999 -9999 -9999 -9999 -9999 -9999 -9999 -9999 -9999 -9999 -9999 -9999
-9999 -9999 -9999 -9999 -9999 -9999 -9999 -9999 -9999 -9999 -9999 -9999 -9999 -9999 97.858 96.81 95.778 95.623 95.434 96.229 96.755 97.535 98.91 99.008 99.066 99.26 99.35 99.701 -9999 -9999 -9999 -9999 -9999 -9999 -9999 -9999 -9999 -9999 -9999 -9999 -9999 -9999 -9999 -9999 -9999 -9999 -9999 -9999 -9999 -9999 -9999 -9999 -9999 -9999 -9999 -9999 -9999 -9999 -9999 -9999 -9999 -9999 -9999 -9999 -9999 -9999 -9999 -9999 -9999 -9999 -9999 -9999 -9999 -9999
-9999 -9999 -9999 -9999 -9999 -9999 -9999 -9999 95.366 -9999 -9999 94.887 97.407 97.175 96.152 95.918 96.682 96.554 96.46 96.88 97.268 98.069 98.321 98.583 99.195 99.425 99.911 99.98 -9999 -9999 -9999 -9999 -9999 -9999 -9999 -9999 -9999 -9999 -9999 -9999 -9999 -9999 -9999 -9999 -9999 -9999 -9999 -9999 -9999 -9999 -9999 -9999 -9999 -9999 -9999 -9999 -9999 -9999 -9999 -9999 -9999 -9999 -9999 -9999 -9999 -9999 -9999 -9999 -9999 -9999 -9999 -9999 -9999 -9999
-9999 -9999 -9999 -9999 -9999 -9999 95.569 95.22 96.553 94.935 93.598 95.277 96.326 95.17 93.484 94.492 96.108 95.817 95.165 95.644 96.38 96.381 96.035 97.162 99.321 99.684 99.985 99.97 -9999 -9999 -9999 -9999 -9999 -9999 -9999 -9999 -9999 -9999 -9999 -9999 -9999 -9999 -9999 -9999 -9999 -9999 -9999 -9999 -9999 -9999 -9999 -9999 -9999 -9999 -9999 -9999 -9999 -9999 -9999 -9999 -9999 -9999 -9999 -9999 -9999 -9999 -9999 -9999 -9999 -9999 -9999 -9999 -9999 -9999
-9999 -9999 -9999 -9999 -9999 -9999 95.742 97.075 -9999 96.846 96.413 96.578 95.615 94.903 95.316 96.251 96.515 96.298 96.597 96.84 96.478 96.687 97.706 99.165 100.102 100.186 99.996 -9999 100.013 -9999 -9999 -9999 -9999 -9999 -9999 -9999 -9999 -9999 -9999 -9999 -9999 -9999 -9999 -9999 -9999 -9999 -9999 -9999 -9999 -9999 -9999 -9999 -9999 -9999 -9999 -9999 -9999 -9999 -9999 -9999 -9999 -9999 -9999 -9999 -9999 -9999 -9999 -9999 -9999 -9999 -9999 -9999 -9999 -9999
-9999 -9999 -9999 -9999 -9999 -9999 -9999 98.261 97.496 97.019 96.365 95.656 95.07 95.597 96.434 96.741 97.217 97.551 98.067 97.592 96.82 97.625 98.369 99.279 100.418 100.242 100.03 100.038 100.046 -9999 -9999 -9999 -9999 -9999 -9999 -9999 -9999 -9999 -9999 -9999 -9999 -9999 -9999 -9999 -9999 -9999 -9999 -9999 -9999 -9999 -9999 -9999 -9999 -9999 -9999 -9999 -9999 -9999 -9999 -9999 -9999 -9999 -9999 -9999 -9999 -9999 -9999 -9999 -9999 -9999 -9999 -9999 -9999 -9999
99.185 -9999 -9999 -9999 -9999 -9999 -9999 -9999 97.492 96.737 95.668 95.812 96.971 97.27 96.911 97.499 98.425 97.846 95.648 95.68 96.856 97.363 97.734 98.771 99.973 99.919 100.064 100.071 100.079 -9999 -9999 -9999 -9999 -9999 -9999 -9999 -9999 -9999 -9999 -9999 -9999 -9999 -9999 -9999 -9999 -9999 -9999 -9999 -9999 -9999 -9999 -9999 -9999 -9999 -9999 -9999 -9999 -9999 -9999 -9999 -9999 -9999 -9999 -9999 -9999 -9999 -9999 -9999 -9999 -9999 -9999 -9999 -9999 -9999
98.024 -9999 -9999 -9999 -9999 -9999 98.729 98.083 96.556 95.637 95.021 96.217 97.793 97.375 96.735 97.711 99.047 97.245 95.481 96.475 97.541 98.003 98.774 99.625 100.306 100.304 -9999 100.105 -9999 -9999 -9999 -9999 -9999 -9999 100.166 100.057 100.069 -9999 -9999 -9999 -9999 -9999 -9999 -9999 -9999 -9999 -9999 -9999 -9999 -9999 -9999 -9999 -9999 -9999 -9999 -9999 -9999 -9999 -9999 -9999 -9999 -9999 -9999 -9999 -9999 -9999 -9999 -9999 -9999 -9999 -9999 -9999 -9999 -9999
98.641 98.026 -9999 -9999 -9999 -9999 -9999 97.293 97.461 96.964 96.515 96.932 96.13 95.995 96.486 97.14 97.049 95.611 94.214 95.629 97.95 98.507 98.966 99.58 100.341 100.195 100.134 -9999 -9999 -9999 -9999 100.166 100.175 100.189 100.204 100.191 100.203 100.234 100.243 100.252 100.258 100.262 100.264 100.266 100.266 100.264 100.26 100.247 100.239 100.228 100.213 100.207 100.227 -9999 -9999 -9999 -9999 -9999 -9999 -9999 -9999 -9999 -9999 -9999 -9999 -9999 -9999 -9999 -9999 -9999 -9999 -9999 -9999 -9999
97.851 96.931 -9999 -9999 -9999 99.198 -9999 98.391 98.121 97.049 94.789 94.694 95.59 96.154 96.966 96.717 96.163 95.219 94.635 96.886 99.715 99.999 100.143 100.459 100.3 100.226 -9999 -9999 -9999 -9999 100.208 100.209 100.226 100.244 100.26 100.274 100.286 100.297 100.306 100.314 100.321 100.326 100.33 100.333 100.335 100.335 100.334 100.331 100.326 100.32 100.31 100.302 100.297 -9999 -9999 -9999 -9999 -9999 -9999 -9999 -9999 -9999 -9999 -9999 -9999 -9999 -9999 -9999 -9999 -9999 -9999 -9999 -9999 -9999
97.771 96.863 -9999 -9999 -9999 99.6 99.538 98.844 97.406 96.015 95.379 96.12 96.879 97.219 97.279 96.596 95.523 95.819 97.416 99.183 100.036 100.059 99.94 100.019 100.466 -9999 -9999 100.24 100.233 100.243 100.251 100.27 100.289 100.307 100.323 100.337 100.351 100.362 100.372 100.381 100.389 100.396 100.401 100.406 100.409 100.412 100.414 100.415 100.415 100.413 100.41 100.407 100.4 100.394 -9999 -9999 -9999 -9999 -9999 -9999 -9999 -9999 -9999 -9999 -9999 -9999 -9999 -9999 -9999 -9999 -9999 -9999 -9999 -9999
98.927 98.768 -9999 99.477 -9999 98.563 98.213 96.571 94.217 94.967 97.826 97.931 97.122 96.999 96.648 95.818 95.068 96.537 98.244 98.961 99.721 99.769 100.078 100.471 100.924 -9999 100.406 100.354 100.077 100.129 100.318 100.335 100.353 100.371 100.387 100.402 100.415 100.427 100.438 100.447 100.456 100.464 100.471 100.477 100.482 100.487 100.492 100.496 100.499 100.503 100.506 100.51 100.513 100.516 -9999 -9999 -9999 -9999 -9999 -9999 -9999 -9999 -9999 -9999 -9999 -9999 -9999 -9999 -9999 -9999 -9999 -9999 -9999 -9999
99.193 -9999 98.359 -9999 -9999 -9999 97.434 96.268 96.411 97.377 96.056 96.123 97.356 97.104 96.928 96.652 97.235 98.263 98.647 98.916 98.613 99.155 100.195 100.61 101.119 100.843 100.52 100.487 100.732 100.687 100.387 100.403 100.419 100.436 100.451 100.466 100.479 100.492 100.503 100.513 100.522 100.531 100.539 100.546 100.553 100.56 100.567 100.574 100.582 100.59 100.598 100.607 100.621 100.636 -9999 -9999 -9999 -9999 -9999 -9999 -9999 -9999 -9999 -9999 -9999 -9999 -9999 -9999 -9999 -9999 -9999 -9999 -9999 -9999
97.516 97.197 -9999 -9999 -9999 -9999 98.43 98.988 100.292 -9999 95.734 96.878 98.24 97.958 97.383 97.968 98.779 98.931 98.802 98.445 97.901 98.479 98.618 99.422 100.88 100.587 100.255 100.426 100.572 100.417 100.483 100.471 100.487 100.502 100.517 100.527 100.53 100.546 100.568 100.578 100.588 100.597 100.606 100.615 100.623 100.632 100.642 100.651 100.662 100.674 100.688 100.704 100.726 100.74 -9999 -9999 -9999 -9999 -9999 -9999 -9999 -9999 -9999 -9999 -9999 -9999 -9999 -9999 -9999 -9999 -9999 -9999 -9999 -9999
99.257 98.61 -9999 -9999 -9999 98.268 -9999 -9999 99.572 97.928 97.427 98.57 99.755 99.197 98.454 98.776 98.574 97.908 96.317 96.602 98.096 98.642 99.921 100.723 100.873 100.788 101.048 100.789 99.92 100.114 100.587 100.564 100.554 100.569 100.583 100.605 100.653 100.657 100.633 100.643 100.653 100.663 100.673 100.683 100.693 100.703 100.715 100.727 100.741 100.757 100.776 100.8 100.824 -9999 -9999 -9999 -9999 -9999 -9999 -9999 -9999 -9999 -9999 -9999 -9999 -9999 -9999 -9999 -9999 -9999 -9999 -9999 -9999 -9999
98.474 96.87 95.016 95.283 -9999 -9999 -9999 98.831 98.154 -9999 98.093 99.061 100.026 99.492 99.106 98.923 98.734 97.122 95.231 96.324 97.191 98.642 100.749 100.575 99.934 100.402 101.325 100.776 100.526 100.744 100.701 100.663 100.642 100.637 100.65 100.682 100.694 100.682 100.679 100.719 100.81 100.832 100.874 100.848 100.761 100.774 100.787 100.802 100.82 100.84 100.863 100.894 -9999 -9999 -9999 -9999 -9999 -9999 -9999 -9999 -9999 -9999 -9999 -9999 -9999 -9999 -9999 -9999 -9999 -9999 -9999 -9999 -9999 -9999
98.132 97.487 98.283 98.543 -9999 97.791 97.862 98.591 98.862 99.071 99.445 99.798 99.434 99.209 99.158 98.94 98.584 97.574 97.529 98.02 98.153 99.31 99.489 99.57 100.676 101.043 100.79 100.741 100.98 100.913 100.812 100.772 100.737 100.717 100.718 100.73 100.742 100.769 100.841 100.935 101.058 101.107 101.178 101.053 100.829 100.844 100.859 100.877 100.898 100.922 100.95 100.984 -9999 -9999 -9999 -9999 -9999 -9999 -9999 -9999 -9999 -9999 -9999 -9999 -9999 -9999 -9999 -9999 -9999 -9999 -9999 -9999 -9999 -9999
100.079 100.513 100.51 99.843 99.265 98.773 98.702 -9999 99.331 98.679 96.467 96.016 95.335 96.189 98.539 98.229 97.865 98.11 98.874 98.841 98.586 98.258 97.155 98.387 100.172 99.986 99.847 100.143 100.633 100.613 100.718 100.732 100.839 100.807 100.79 100.797 100.808 100.901 101.049 101.066 100.938 100.98 100.992 100.932 101.078 101.046 100.931 100.952 100.976 101.004 101.038 -9999 -9999 -9999 -9999 -9999 -9999 -9999 -9999 -9999 -9999 -9999 -9999 -9999 -9999 -9999 -9999 -9999 -9999 -9999 -9999 -9999 -9999 -9999
100.386 -9999 -9999 -9999 99.467 98.973 -9999 99.635 100.185 98.469 96.974 96.223 95.183 97.114 99.043 98.338 96.98 97.707 98.637 98.239 97.548 97.434 98.675 99.791 100.34 100.338 100.541 100.81 100.864 100.88 100.802 100.877 100.943 100.903 100.876 100.865 100.875 100.939 100.907 100.861 100.914 100.925 100.937 101.042 101.122 101.048 101.004 101.027 101.055 101.087 101.116 -9999 -9999 -9999 -9999 -9999 -9999 -9999 -9999 -9999 -9999 -9999 -9999 -9999 -9999 -9999 -9999 -9999 -9999 -9999 -9999 -9999 -9999 -9999
-9999 -9999 -9999 99.756 99.09 -9999 98.512 100.024 -9999 97.126 97.66 96.873 96.234 97.362 97.727 96.932 96.692 97.361 97.898 97.119 96.048 96.923 97.581 98.31 99.529 100.014 101.058 101.185 101.47 101.326 101.07 100.948 100.542 100.574 100.731 100.799 101.041 100.928 100.666 100.865 101.331 101.247 101.003 101.051 101.068 101.055 101.077 101.102 101.123 101.148 101.162 -9999 -9999 -9999 -9999 -9999 -9999 -9999 -9999 -9999 -9999 -9999 -9999 -9999 -9999 -9999 -9999 -9999 -9999 -9999 -9999 -9999 -9999 -9999
-9999 -9999 -9999 99.201 -9999 -9999 98.903 98.657 97.798 97.615 96.43 95.944 95.548 95.846 96.152 96.05 96.115 96.701 97.573 97.55 99.019 99.141 98.592 99.358 99.755 100.02 99.315 99.691 100.323 100.465 101.224 101.019 101.057 101.068 100.859 100.98 101.035 100.869 100.783 101.031 101.055 100.968 101.069 101.082 101.097 101.112 101.13 101.147 101.165 101.186 101.209 -9999 -9999 -9999 -9999 -9999 -9999 -9999 -9999 -9999 -9999 -9999 -9999 -9999 -9999 -9999 -9999 -9999 -9999 -9999 -9999 -9999 -9999 -9999
-9999 -9999 -9999 -9999 -9999 -9999 -9999 99.203 97.509 96.518 95.54 95.57 96.215 96.812 97.992 97.181 94.964 95.603 96.139 97.713 99.945 99.697 99.821 100.385 101.376 100.491 99.114 99.068 98.091 98.985 100.358 100.645 101.398 101.244 101.139 101.125 101.063 101.011 101.019 100.968 100.799 100.908 101.062 101.088 101.136 101.15 101.166 101.183 101.201 101.223 -9999 -9999 -9999 -9999 -9999 -9999 -9999 -9999 -9999 -9999 -9999 -9999 -9999 -9999 -9999 -9999 -9999 -9999 -9999 -9999 -9999 -9999 -9999 -9999
-9999 -9999 -9999 -9999 -9999 100.501 99.784 -9999 98.418 97.589 96.761 96.747 95.844 97.018 98.552 97.806 98.895 98.61 97.147 98.416 98.779 98.758 98.562 99.295 99.916 99.446 100.111 99.676 99.882 100.589 100.61 101.06 101.256 101.19 101.178 101.124 101.123 101.099 101.107 101.118 101.383 101.399 101.225 101.229 101.17 101.185 101.2 101.218 101.237 101.259 -9999 -9999 -9999 -9999 -9999 -9999 -9999 -9999 -9999 -9999 -9999 -9999 -9999 -9999 -9999 -9999 -9999 -9999 -9999 -9999 -9999 -9999 -9999 -9999
-9999 -9999 -9999 -9999 101.344 100.955 100.594 100.234 99.796 99.085 98.378 98.074 98.544 99.301 99.225 100.143 101.129 99.661 97.793 98.102 98.472 98.258 97.991 98.238 98.068 98.316 98.087 98.614 99.767 100.058 100.831 100.991 101.169 101.173 101.218 101.163 101.043 100.984 100.895 101.042 101.204 101.142 101.215 101.191 101.204 101.219 101.235 101.253 101.273 -9999 -9999 -9999 -9999 -9999 -9999 -9999 -9999 -9999 -9999 -9999 -9999 -9999 -9999 -9999 -9999 -9999 -9999 -9999 -9999 -9999 -9999 -9999 -9999 -9999
-9999 -9999 -9999 -9999 101.797 -9999 101.925 100.672 98.006 97.945 98.791 99.131 99.415 99.186 98.689 99.045 98.669 98.028 98.924 98.725 97.722 98.151 99.708 99.115 97.786 97.946 98.716 99.427 99.765 100.284 100.627 100.893 101.381 101.383 101.338 101.26 101.223 101.112 100.972 101.048 101.055 101.125 101.211 101.223 101.237 101.252 101.269 101.287 101.308 -9999 -9999 -9999 -9999 -9999 -9999 -9999 -9999 -9999 -9999 -9999 -9999 -9999 -9999 -9999 -9999 -9999 -9999 -9999 -9999 -9999 -9999 -9999 -9999 -9999
-9999 -9999 -9999 -9999 -9999 -9999 101.356 99.514 98.329 99.126 100.109 99.917 99.044 98.587 98.056 96.869 94.254 95.849 98.899 97.772 96.178 97.613 99.347 98.048 96.43 97.485 99.273 99.707 100.428 100.605 100.627 101.05 101.532 101.486 101.436 101.395 101.34 101.239 101.203 101.196 101.191 101.231 101.243 101.256 101.27 101.286 101.303 101.322 101.344 -9999 -9999 -9999 -9999 -9999 -9999 -9999 -9999 -9999 -9999 -9999 -9999 -9999 -9999 -9999 -9999 -9999 -9999 -9999 -9999 -9999 -9999 -9999 -9999 -9999
-9999 -9999 -9999 -9999 100.559 101.066 100.685 99.559 98.234 98.782 98.913 98.971 100.349 -9999 98.678 97.333 97.387 98.904 98.782 97.978 98.065 99.085 99.465 98.307 97.469 98.264 97.945 98.377 98.561 98.949 99.983 100.598 101.606 101.557 101.508 101.457 101.402 101.345 101.306 101.29 101.28 101.275 101.275 101.288 101.303 101.319 101.337 101.357 101.372 -9999 -9999 -9999 -9999 -9999 -9999 -9999 -9999 -9999 -9999 -9999 -9999 -9999 -9999 -9999 -9999 -9999 -9999 -9999 -9999 -9999 -9999 -9999 -9999 -9999
100.755 101.188 101.278 100.554 -9999 100.444 100.786 100.136 100.268 100.005 99.156 100.041 -9999 99.41 97.894 97.827 97.611 97.419 97.106 97.702 99.206 99.529 99.911 99.173 98.381 98.597 99.645 99.965 100.596 101.098 101.036 101.548 101.545 101.53 101.573 101.522 101.468 101.411 101.368 101.345 101.335 101.325 101.32 101.321 101.336 101.353 101.372 101.393 -9999 -9999 -9999 -9999 -9999 -9999 -9999 -9999 -9999 -9999 -9999 -9999 -9999 -9999 -9999 -9999 -9999 -9999 -9999 -9999 -9999 -9999 -9999 -9999 -9999 -9999
101.159 101.268 101.054 100.971 101.098 -9999 100.423 100.734 101.375 100.656 99.94 99.864 99.014 98.662 99.853 99.083 97.362 97.379 97.889 98.746 98.99 98.947 98.341 97.623 96.817 98.051 99.941 100.644 101.687 101.522 101.184 101.256 101.471 101.528 101.636 101.585 101.532 101.476 101.428 101.4 101.391 101.381 101.37 101.366 101.37 101.388 -9999 -9999 -9999 -9999 -9999 -9999 -9999 -9999 -9999 -9999 -9999 -9999 -9999 -9999 -9999 -9999 -9999 -9999 -9999 -9999 -9999 -9999 -9999 -9999 -9999 -9999 -9999 -9999
-9999 -9999 -9999 101.123 -9999 100.899 99.31 99.334 98.45 98.888 -9999 -9999 95.809 97.113 98.983 98.216 98.584 99.189 100.138 100.33 100.539 100.045 99.598 98.646 97.236 98.39 98.894 99.679 100.364 100.573 101.63 101.729 101.716 101.748 101.697 101.646 101.594 101.538 101.486 101.455 101.446 101.437 101.427 101.417 101.415 -9999 -9999 -9999 -9999 -9999 -9999 -9999 -9999 -9999 -9999 -9999 -9999 -9999 -9999 -9999 -9999 -9999 -9999 -9999 -9999 -9999 -9999 -9999 -9999 -9999 -9999 -9999 -9999 -9999
101.046 100.942 -9999 101.675 102.367 101.194 100.188 99.559 99.043 -9999 -9999 100.788 98.717 99.533 99.167 99.079 98.373 99.039 99.542 99.814 100.283 100.18 100.56 99.597 98.997 99.536 100.314 100.589 100.401 101.193 101.881 101.865 101.859 101.808 101.757 101.706 101.654 101.599 101.543 101.508 101.501 101.492 101.483 101.473 101.465 101.47 -9999 -9999 -9999 -9999 -9999 -9999 -9999 -9999 -9999 -9999 -9999 -9999 -9999 -9999 -9999 -9999 -9999 -9999 -9999 -9999 -9999 -9999 -9999 -9999 -9999 -9999 -9999 -9999
