Validation/Results/raw data/ReClimate_04_2024_1_Temperature.asc
NCOLS 192
NROWS 249
XLLCENTER -225160.85627316462
YLLCENTER 29788.11610251502
CELLSIZE 5000.0
NODATA_VALUE -9999
[rows 204 to 237 of 249, columns 76 to 151 of 192]
-9999 -9999 -9999 0.06 -9999 0.052 0.052 0.062 0.072 0.085 0.098 0.09 0.078 0.094 0.114 0.117 0.12 0.116 0.11 0.104 0.096 0.099 0.103 0.11 0.118 0.125 0.132 0.132 0.131 0.122 0.112 0.116 0.12 0.136 0.155 0.145 0.132 0.138 0.145 0.144 0.141 0.15 0.162 0.161 0.158 0.163 0.168 0.174 0.18 0.187 0.195 0.199 0.202 0.2 0.196 0.197 0.196 0.203 0.209 0.216 0.223 0.229 0.235 0.238 0.239 0.241 0.242 0.252 0.263 0.271 0.278 0.283 0.286 0.282 0.277 0.272
-9999 -9999 -9999 -9999 -9999 -9999 -9999 0.077 0.075 0.086 0.094 0.096 0.112 0.125 0.129 0.131 0.132 0.121 0.091 0.093 0.11 0.11 0.103 0.109 0.117 0.124 0.135 0.132 0.124 0.122 0.131 0.137 0.145 0.158 0.165 0.155 0.139 0.147 0.16 0.159 0.155 0.163 0.169 0.17 0.174 0.179 0.184 0.189 0.187 0.193 0.195 0.194 0.193 0.2 0.201 0.209 0.213 0.207 0.206 0.215 0.223 0.225 0.229 0.24 0.245 0.259 0.268 0.264 0.267 0.271 0.276 0.279 0.28 0.275 0.268 0.285
-9999 -9999 -9999 -9999 -9999 -9999 -9999 0.081 0.079 0.087 0.095 0.111 0.128 0.132 0.136 0.138 0.138 0.114 0.085 0.101 0.119 0.113 0.106 0.112 0.119 0.127 0.137 0.131 0.123 0.131 0.141 0.148 0.157 0.163 0.169 0.158 0.144 0.155 0.168 0.166 0.163 0.167 0.174 0.178 0.182 0.187 0.192 0.193 0.192 0.194 0.196 0.195 0.192 0.198 0.204 0.212 0.22 0.215 0.207 0.215 0.224 0.226 0.226 0.236 0.247 0.261 0.277 0.274 0.268 0.272 0.275 0.278 0.278 0.272 0.264 0.28
-9999 -9999 -9999 -9999 -9999 0.082 0.089 0.09 0.089 -9999 0.099 0.112 0.121 0.125 0.136 0.134 -9999 0.112 0.103 0.116 0.126 0.124 0.126 0.128 0.119 0.126 0.132 0.127 0.123 0.13 0.139 0.145 0.151 0.154 0.154 0.149 0.157 0.167 0.176 0.176 0.177 0.181 0.184 0.186 0.181 0.183 0.18 0.182 0.19 0.189 0.189 0.191 0.189 0.196 0.203 0.211 0.219 0.231 0.233 0.238 0.245 0.252 0.256 0.262 0.271 0.277 0.288 0.278 0.269 0.266 0.264 0.276 0.282 0.283 0.279 0.29
-9999 -9999 -9999 -9999 -9999 0.082 -9999 -9999 -9999 0.099 0.103 0.112 -9999 -9999 -9999 -9999 -9999 0.122 0.113 0.121 0.131 0.134 0.137 0.13 0.122 0.127 0.132 0.129 0.125 0.131 0.139 0.144 0.15 0.149 0.149 0.156 0.164 0.172 0.18 0.182 0.184 0.187 0.189 0.187 0.183 0.18 0.176 0.183 0.19 0.19 0.189 0.19 0.19 0.197 0.204 0.212 0.22 0.231 0.243 0.248 0.252 0.259 0.265 0.272 0.279 0.285 0.291 0.282 0.269 0.266 0.26 0.271 0.282 0.284 0.284 0.295
-9999 -9999 -9999 -9999 -9999 -9999 -9999 0.112 0.115 0.119 0.119 0.125 -9999 -9999 -9999 -9999 -9999 -9999 -9999 -9999 0.134 0.134 0.13 0.129 0.139 0.145 0.151 0.152 0.156 0.156 0.14 0.141 0.136 0.139 0.153 0.157 0.158 0.164 0.17 0.175 0.187 0.189 0.188 0.184 0.174 0.173 0.176 0.181 0.185 0.191 0.193 0.198 0.2 0.203 0.208 0.208 0.211 0.212 0.216 0.241 0.256 0.256 0.258 0.272 0.283 0.283 0.285 0.283 0.274 0.282 0.283 0.272 0.269 0.3 0.319 0.322
-9999 -9999 -9999 -9999 -9999 -9999 -9999 -9999 0.122 -9999 -9999 -9999 -9999 -9999 -9999 -9999 -9999 -9999 0.13 0.134 0.137 0.133 0.128 0.137 0.147 0.154 0.161 0.166 0.171 0.158 0.143 0.138 0.133 0.143 0.156 0.157 0.158 0.162 0.167 0.178 0.19 -9999 0.189 0.182 0.173 0.175 0.177 0.181 0.185 0.191 0.196 0.201 0.205 0.209 0.211 0.211 0.209 0.208 0.206 0.229 0.256 0.256 0.255 0.268 0.283 0.284 0.282 0.28 0.276 0.283 0.291 0.28 0.264 0.293 0.328 0.332
-9999 -9999 -9999 -9999 -9999 -9999 -9999 -9999 -9999 -9999 -9999 -9999 -9999 -9999 -9999 -9999 -9999 -9999 0.143 0.147 0.154 0.149 -9999 -9999 -9999 0.146 0.142 0.146 0.151 0.146 0.155 0.152 0.148 0.155 0.154 0.155 0.156 0.162 0.173 0.181 -9999 0.191 0.197 0.189 0.177 0.18 0.183 0.189 0.196 0.201 0.203 0.207 0.211 0.218 0.223 0.23 0.234 0.234 0.233 0.242 0.261 0.265 0.267 0.274 0.285 0.283 0.28 0.286 0.287 0.29 0.294 0.294 0.285 0.298 0.324 0.331
-9999 -9999 -9999 -9999 -9999 -9999 -9999 -9999 -9999 -9999 -9999 -9999 -9999 -9999 -9999 -9999 -9999 -9999 -9999 -9999 -9999 -9999 -9999 -9999 -9999 0.141 0.136 0.14 0.144 0.152 0.162 0.159 0.157 0.156 0.155 0.156 0.158 0.167 -9999 -9999 0.191 0.196 0.201 0.192 0.18 0.184 0.187 0.194 0.202 0.205 0.207 0.211 0.215 0.221 0.227 0.234 0.242 0.243 0.242 0.252 0.262 0.266 0.27 0.277 0.285 0.283 0.278 0.284 0.29 0.293 0.293 0.293 0.29 0.303 0.319 0.326
-9999 -9999 -9999 -9999 -9999 -9999 -9999 -9999 -9999 -9999 -9999 -9999 -9999 -9999 -9999 -9999 -9999 -9999 -9999 -9999 -9999 -9999 -9999 -9999 -9999 0.144 0.142 0.145 0.148 0.158 0.172 0.168 0.158 0.157 0.154 -9999 -9999 -9999 -9999 -9999 0.189 0.193 0.198 0.196 0.205 0.207 0.202 0.209 0.212 0.215 0.216 0.219 0.222 0.228 0.234 0.238 0.244 0.241 0.239 0.245 0.252 0.263 0.27 0.268 0.27 0.279 0.28 0.279 0.28 0.293 0.299 0.309 0.313 0.304 0.306 0.315
-9999 -9999 -9999 -9999 -9999 -9999 -9999 -9999 -9999 -9999 -9999 -9999 -9999 -9999 -9999 -9999 -9999 -9999 -9999 -9999 -9999 -9999 -9999 -9999 -9999 -9999 -9999 0.151 0.151 0.162 0.176 0.169 0.159 0.162 -9999 -9999 -9999 -9999 0.18 0.184 0.19 0.194 0.198 0.206 0.215 0.213 0.209 0.213 0.215 0.217 0.218 0.221 0.224 0.229 0.235 0.239 0.243 0.241 0.236 0.242 0.248 0.257 0.268 0.267 0.264 0.271 0.279 0.278 0.275 0.287 0.298 0.308 0.318 0.311 0.299 0.307
-9999 -9999 -9999 -9999 -9999 -9999 -9999 -9999 -9999 -9999 -9999 -9999 -9999 -9999 -9999 -9999 -9999 -9999 -9999 -9999 -9999 -9999 -9999 -9999 -9999 -9999 -9999 -9999 0.163 0.171 0.176 0.174 0.182 -9999 -9999 -9999 -9999 0.176 0.179 0.184 0.187 0.19 0.192 0.196 0.196 0.198 0.214 0.218 0.225 0.225 0.218 0.227 0.233 0.222 0.217 0.227 0.233 0.246 0.251 0.259 0.266 0.269 0.276 0.274 0.272 0.284 0.296 0.292 0.288 0.29 0.295 0.298 0.305 0.306 0.301 0.306
-9999 -9999 -9999 -9999 -9999 -9999 -9999 -9999 -9999 -9999 -9999 -9999 -9999 -9999 -9999 -9999 -9999 -9999 -9999 -9999 -9999 -9999 -9999 -9999 -9999 -9999 -9999 -9999 -9999 -9999 -9999 -9999 -9999 -9999 -9999 -9999 0.173 0.176 0.179 0.183 0.186 0.188 0.19 0.189 0.187 0.2 0.214 0.221 0.228 0.224 0.218 0.226 0.236 0.226 0.21 0.219 0.228 0.241 0.255 0.263 0.271 0.274 0.277 0.276 0.273 0.286 0.3 0.297 0.29 0.292 0.292 0.295 0.297 0.298 0.298 0.304
-9999 -9999 -9999 -9999 -9999 -9999 -9999 -9999 -9999 -9999 -9999 -9999 -9999 -9999 -9999 -9999 -9999 -9999 -9999 -9999 -9999 -9999 -9999 -9999 -9999 -9999 -9999 -9999 -9999 -9999 -9999 -9999 -9999 -9999 -9999 0.185 0.182 0.183 0.18 0.186 0.198 0.199 0.199 0.198 0.194 0.207 0.224 0.227 0.224 0.221 0.216 0.218 0.224 0.222 0.213 0.216 0.222 0.23 0.241 0.247 0.253 0.256 0.257 0.271 0.277 0.287 0.3 0.295 0.287 0.293 0.294 0.291 0.291 0.298 0.301 0.302
-9999 -9999 -9999 -9999 -9999 -9999 -9999 -9999 -9999 -9999 -9999 -9999 -9999 -9999 -9999 -9999 -9999 -9999 -9999 -9999 -9999 -9999 -9999 -9999 -9999 -9999 -9999 -9999 -9999 -9999 -9999 -9999 -9999 -9999 -9999 0.184 0.186 0.184 0.18 0.19 0.202 0.202 0.203 0.2 0.196 0.21 0.226 0.225 0.222 0.219 0.215 0.217 0.219 0.217 0.213 0.217 0.22 0.227 0.234 0.24 0.246 0.248 0.249 0.262 0.277 0.287 0.297 0.293 0.284 0.289 0.293 0.29 0.286 0.292 0.299 0.3
-9999 -9999 -9999 -9999 -9999 -9999 -9999 -9999 -9999 -9999 -9999 -9999 -9999 -9999 -9999 -9999 -9999 -9999 -9999 -9999 -9999 -9999 0.182 0.18 0.165 0.17 -9999 0.177 -9999 -9999 -9999 -9999 -9999 -9999 -9999 -9999 0.186 0.184 0.182 0.19 0.195 0.199 0.209 0.206 0.199 0.211 0.221 0.221 0.223 0.212 0.202 0.201 0.199 0.213 0.218 0.222 0.225 0.224 0.226 0.23 0.235 0.246 0.253 0.256 0.264 0.267 0.273 0.289 0.292 0.292 0.294 0.295 0.293 0.286 0.286 0.286
-9999 -9999 -9999 -9999 -9999 -9999 -9999 -9999 -9999 -9999 -9999 -9999 -9999 -9999 -9999 -9999 -9999 -9999 -9999 0.165 0.166 0.175 0.186 0.18 0.169 0.176 0.186 0.176 0.163 0.176 -9999 -9999 0.197 0.192 0.185 0.186 0.185 0.184 0.183 0.187 0.192 0.2 0.21 0.206 0.2 0.208 0.218 0.22 0.223 0.212 0.197 0.196 0.192 0.205 0.22 0.224 0.227 0.226 0.224 0.227 0.23 0.241 0.253 0.256 0.259 0.261 0.263 0.276 0.292 0.292 0.291 0.293 0.293 0.287 0.278 0.278
-9999 -9999 -9999 -9999 -9999 -9999 -9999 -9999 -9999 -9999 -9999 -9999 -9999 -9999 -9999 -9999 -9999 -9999 0.167 0.168 0.152 0.159 0.165 0.164 0.176 0.183 0.186 0.181 0.185 0.196 0.194 0.192 0.183 0.177 0.167 0.169 0.179 0.18 0.184 0.189 0.194 0.199 0.201 0.201 0.209 0.218 0.225 0.225 0.218 0.207 0.193 0.205 0.211 0.208 0.213 0.226 0.235 0.241 0.243 0.244 0.247 0.248 0.255 0.259 0.261 0.265 0.267 0.282 0.298 0.294 0.29 0.295 0.298 0.29 0.281 0.274
-9999 -9999 -9999 -9999 -9999 -9999 -9999 -9999 -9999 -9999 -9999 -9999 -9999 -9999 -9999 -9999 -9999 -9999 0.17 0.156 0.149 0.153 0.158 0.168 0.18 0.183 0.187 0.19 0.195 0.195 0.194 0.187 0.178 0.17 0.16 0.167 0.176 0.18 0.184 0.189 0.194 0.195 0.196 0.204 0.212 0.219 0.227 0.222 0.216 0.206 0.192 0.204 0.217 0.215 0.211 0.223 0.237 0.244 0.25 0.252 0.253 0.255 0.256 0.259 0.261 0.264 0.266 0.28 0.298 0.294 0.287 0.292 0.297 0.289 0.279 0.272
-9999 -9999 -9999 -9999 -9999 -9999 -9999 -9999 -9999 -9999 -9999 -9999 -9999 -9999 -9999 -9999 -9999 -9999 0.172 0.16 0.179 0.18 0.172 0.181 0.192 0.193 0.188 0.19 0.189 0.191 0.195 0.192 0.192 0.182 0.165 0.171 0.175 0.178 0.181 0.189 0.206 0.202 0.186 0.194 0.209 0.218 0.231 0.228 0.223 0.21 0.185 0.188 0.196 0.206 0.209 0.217 0.229 0.235 0.241 0.242 0.241 0.254 0.262 0.269 0.274 0.274 0.274 0.275 0.283 0.287 0.284 0.284 0.286 0.292 0.29 0.294
-9999 -9999 -9999 -9999 -9999 -9999 -9999 -9999 -9999 -9999 -9999 -9999 -9999 -9999 0.128 0.147 -9999 0.175 0.172 0.184 0.192 0.186 0.178 0.187 0.198 0.194 0.189 0.188 0.187 0.191 0.195 0.196 0.196 0.183 0.167 0.17 0.174 0.177 0.179 0.193 0.209 0.197 0.181 0.193 0.206 0.218 0.232 0.229 0.225 0.207 0.183 0.186 0.189 0.198 0.209 0.217 0.226 0.232 0.238 0.238 0.237 0.249 0.264 0.271 0.277 0.277 0.275 0.276 0.276 0.278 0.28 0.28 0.279 0.285 0.291 0.295
-9999 -9999 -9999 -9999 -9999 -9999 -9999 -9999 -9999 -9999 -9999 -9999 -9999 -9999 0.126 0.146 0.171 0.173 0.177 0.184 0.19 0.184 0.177 0.188 0.205 0.199 0.186 0.186 0.189 0.191 0.191 0.194 0.201 0.192 0.186 0.188 0.185 0.189 0.194 0.201 0.197 0.192 0.198 0.205 0.203 0.213 0.222 0.22 0.218 0.209 0.214 0.211 0.211 0.213 0.219 0.224 0.231 0.245 0.256 0.255 0.253 0.254 0.262 0.267 0.273 0.277 0.278 0.283 0.286 0.297 0.304 0.291 0.283 0.285 0.289 0.289
-9999 -9999 -9999 -9999 -9999 -9999 -9999 -9999 -9999 -9999 -9999 -9999 -9999 0.127 0.125 0.145 0.169 0.172 0.176 0.183 0.189 0.185 0.178 0.192 0.208 0.198 0.185 0.186 0.188 0.189 0.189 0.196 0.203 0.199 0.194 0.192 0.19 0.194 0.2 0.196 0.192 0.198 0.204 0.203 0.201 0.209 0.217 0.217 0.215 0.22 0.224 0.223 0.219 0.221 0.223 0.228 0.233 0.247 0.263 0.262 0.259 0.26 0.259 0.264 0.269 0.273 0.277 0.282 0.288 0.298 0.31 0.298 0.282 0.284 0.286 0.286
-9999 -9999 -9999 -9999 -9999 -9999 -9999 -9999 -9999 -9999 -9999 -9999 -9999 -9999 0.143 0.155 0.153 0.162 0.184 0.191 0.199 0.2 0.206 0.213 0.207 0.196 0.184 0.183 0.181 0.184 0.192 0.194 0.188 0.188 0.195 0.193 0.188 0.191 0.19 0.189 0.191 0.196 0.199 0.201 0.211 0.216 0.212 0.212 0.214 0.218 0.223 0.237 0.244 0.24 0.24 0.236 0.235 0.239 -9999 0.261 0.266 0.274 0.278 0.282 0.288 0.297 0.306 0.311 0.317 0.308 0.308 0.294 0.275 0.289 0.297 0.292
-9999 -9999 -9999 -9999 -9999 -9999 -9999 -9999 -9999 -9999 -9999 -9999 -9999 0.141 0.15 0.149 0.146 0.165 0.186 0.193 0.201 0.208 0.215 0.211 0.205 0.195 0.183 0.179 0.177 0.185 0.193 0.188 0.182 0.188 0.195 0.192 0.188 0.187 0.186 0.188 0.191 0.194 0.196 0.205 0.215 0.213 0.209 0.211 0.213 0.217 0.221 0.235 0.251 0.249 0.245 0.242 0.236 0.239 0.242 -9999 0.267 -9999 0.282 -9999 0.292 -9999 0.313 0.319 0.324 0.316 0.304 0.291 0.275 -9999 -9999 -9999
-9999 -9999 -9999 -9999 -9999 -9999 -9999 -9999 -9999 -9999 -9999 -9999 -9999 0.141 0.147 0.147 0.147 0.161 0.17 0.176 0.184 0.193 0.208 0.206 0.203 0.195 0.186 0.186 0.195 0.199 0.194 0.191 0.191 0.196 0.198 0.191 0.178 0.176 0.176 0.183 0.204 0.202 0.188 0.192 0.19 0.191 0.202 0.208 0.225 0.228 0.227 0.232 0.244 0.249 0.249 0.254 0.253 0.259 0.265 -9999 -9999 0.268 0.275 -9999 -9999 0.292 0.303 0.306 -9999 -9999 -9999 -9999 -9999 -9999 -9999 -9999
-9999 -9999 -9999 -9999 -9999 -9999 -9999 -9999 -9999 -9999 -9999 -9999 0.131 0.136 0.142 0.144 0.145 0.153 0.161 0.167 0.174 0.188 0.203 0.202 0.2 0.194 0.186 0.192 0.201 0.199 0.194 0.195 0.195 0.196 0.198 0.187 0.174 0.173 0.172 0.189 0.209 0.198 0.184 0.183 0.18 0.189 0.198 0.213 0.229 0.229 0.228 0.234 0.241 0.245 0.249 0.255 -9999 -9999 -9999 0.262 -9999 -9999 -9999 -9999 -9999 -9999 0.294 -9999 -9999 -9999 -9999 -9999 -9999 -9999 -9999 -9999
-9999 -9999 -9999 -9999 -9999 -9999 -9999 -9999 -9999 -9999 -9999 0.115 0.137 0.146 0.158 0.157 0.145 0.151 0.153 0.161 0.173 0.183 0.187 0.183 0.175 0.174 0.184 0.19 0.197 0.197 0.198 0.196 0.186 0.188 -9999 -9999 -9999 -9999 -9999 0.18 0.192 0.184 0.183 0.183 0.187 0.198 0.217 0.225 0.219 -9999 0.226 -9999 -9999 -9999 -9999 -9999 0.25 0.255 0.264 0.278 0.279 0.266 -9999 -9999 -9999 -9999 -9999 -9999 -9999 -9999 -9999 -9999 -9999 -9999 -9999 -9999
-9999 -9999 -9999 -9999 -9999 -9999 -9999 -9999 -9999 -9999 0.096 0.114 0.136 0.148 0.161 0.153 0.142 0.145 0.148 0.159 0.17 0.175 0.178 0.171 0.163 0.171 0.181 0.185 0.192 0.196 0.199 -9999 -9999 -9999 -9999 -9999 -9999 -9999 -9999 -9999 -9999 0.183 0.183 0.187 0.19 0.206 0.225 0.22 0.214 0.219 -9999 -9999 -9999 -9999 -9999 -9999 -9999 0.252 0.259 0.273 0.283 -9999 -9999 -9999 -9999 -9999 -9999 -9999 -9999 -9999 -9999 -9999 -9999 -9999 -9999 -9999
-9999 -9999 -9999 -9999 -9999 -9999 -9999 -9999 0.091 0.09 0.09 0.106 0.122 0.132 0.139 0.136 0.14 0.148 0.164 0.166 0.148 0.152 0.157 0.152 0.153 0.162 0.175 0.173 0.163 -9999 -9999 -9999 -9999 -9999 -9999 -9999 -9999 -9999 -9999 -9999 -9999 -9999 0.157 -9999 -9999 -9999 -9999 -9999 0.211 0.211 -9999 -9999 -9999 -9999 -9999 -9999 -9999 -9999 -9999 0.252 0.259 -9999 -9999 -9999 -9999 -9999 -9999 -9999 -9999 -9999 -9999 -9999 -9999 -9999 -9999 -9999
-9999 -9999 -9999 -9999 -9999 -9999 -9999 0.09 -9999 0.089 0.086 0.098 0.112 0.12 0.126 0.131 0.136 0.151 0.167 0.154 0.136 0.142 0.146 0.147 0.147 0.157 0.17 0.16 0.152 -9999 -9999 -9999 -9999 -9999 -9999 -9999 -9999 -9999 -9999 -9999 -9999 -9999 -9999 0.169 -9999 -9999 -9999 -9999 -9999 -9999 -9999 -9999 -9999 -9999 -9999 -9999 -9999 -9999 -9999 -9999 -9999 -9999 -9999 -9999 -9999 -9999 -9999 -9999 -9999 -9999 -9999 -9999 -9999 -9999 -9999 -9999
-9999 -9999 -9999 -9999 -9999 -9999 0.088 0.089 0.088 0.087 0.088 0.092 0.086 0.095 0.112 0.116 0.118 0.132 -9999 0.138 0.132 0.139 0.149 0.151 0.155 0.165 0.173 0.165 -9999 -9999 -9999 -9999 -9999 -9999 -9999 -9999 -9999 -9999 -9999 -9999 -9999 -9999 -9999 -9999 -9999 -9999 -9999 -9999 -9999 -9999 -9999 -9999 -9999 -9999 -9999 -9999 -9999 -9999 -9999 -9999 -9999 -9999 -9999 -9999 -9999 -9999 -9999 -9999 -9999 -9999 -9999 -9999 -9999 -9999 -9999 -9999
-9999 -9999 -9999 -9999 -9999 -9999 0.087 0.087 0.085 0.087 0.088 0.081 0.074 0.086 0.101 0.104 0.107 0.121 0.136 0.133 0.128 0.137 0.147 0.152 0.156 0.164 0.172 0.165 -9999 -9999 -9999 -9999 -9999 -9999 -9999 -9999 -9999 -9999 -9999 -9999 -9999 -9999 -9999 -9999 -9999 -9999 -9999 -9999 -9999 -9999 -9999 -9999 -9999 -9999 -9999 -9999 -9999 -9999 -9999 -9999 -9999 -9999 -9999 -9999 -9999 -9999 -9999 -9999 -9999 -9999 -9999 -9999 -9999 -9999 -9999 -9999
-9999 -9999 -9999 -9999 -9999 0.081 0.086 0.081 0.07 0.072 0.078 0.069 0.056 0.068 0.088 0.094 0.11 0.12 0.12 0.116 0.107 0.119 0.138 0.145 0.157 0.162 0.16 -9999 -9999 -9999 -9999 -9999 -9999 -9999 -9999 -9999 -9999 -9999 -9999 -9999 -9999 -9999 -9999 -9999 -9999 -9999 -9999 -9999 -9999 -9999 -9999 -9999 -9999 -9999 -9999 -9999 -9999 -9999 -9999 -9999 -9999 -9999 -9999 -9999 -9999 -9999 -9999 -9999 -9999 -9999 -9999 -9999 -9999 -9999 -9999 -9999
