Validation/Results/raw data/ReClimate_03_2024_1weatherlogisticsltd.asc
NCOLS 192
NROWS 249
XLLCENTER -225160.85627316462
YLLCENTER 29788.11610251502
CELLSIZE 5000.0
NODATA_VALUE -9999
[rows 99 to 131 of 249, columns 75 to 149 of 192]
88.623 88.62 88.616 88.613 88.67 88.847 89.136 -9999 -9999 90.059 90.447 90.992 91.539 92.068 92.582 93.082 93.571 94.053 94.528 94.999 95.446 95.841 96.199 96.549 96.895 97.236 97.575 97.908 98.231 98.549 98.869 99.194 99.525 99.864 100.214 100.581 100.967 101.378 101.706 101.932 102.164 102.419 102.705 103.015 -9999 -9999 -9999 -9999 -9999 -9999 -9999 -9999 -9999 -9999 -9999 -9999 -9999 -9999 -9999 -9999 -9999 -9999 -9999 -9999 -9999 -9999 -9999 -9999 -9999 -9999 -9999 -9999 -9999 -9999 -9999
88.614 88.618 -9999 -9999 88.651 88.779 -9999 -9999 -9999 89.896 90.315 90.873 91.423 91.953 92.468 92.969 93.459 93.94 94.416 94.887 95.337 95.733 96.094 96.447 96.791 97.117 97.435 97.748 98.058 98.371 98.687 99.008 99.337 99.675 100.026 100.393 100.781 101.194 101.535 101.776 102.014 102.275 102.567 102.884 -9999 -9999 -9999 -9999 -9999 -9999 -9999 -9999 -9999 -9999 -9999 -9999 -9999 -9999 -9999 -9999 -9999 -9999 -9999 -9999 -9999 -9999 -9999 -9999 -9999 -9999 -9999 -9999 -9999 -9999 -9999
-9999 88.571 88.581 88.592 -9999 -9999 -9999 -9999 89.465 89.765 90.19 90.753 91.305 91.837 92.353 92.855 93.346 93.828 94.304 94.776 95.226 95.623 95.979 96.309 96.628 96.94 97.25 97.56 97.87 98.183 98.5 98.822 99.152 99.493 99.846 100.215 100.604 101.017 101.364 101.609 101.841 102.092 102.372 -9999 -9999 -9999 -9999 -9999 -9999 -9999 -9999 -9999 -9999 -9999 -9999 -9999 -9999 -9999 -9999 -9999 -9999 -9999 -9999 -9999 -9999 -9999 -9999 -9999 -9999 -9999 -9999 -9999 -9999 -9999 -9999
88.499 88.51 88.522 88.536 88.552 88.634 -9999 -9999 89.326 -9999 -9999 90.647 91.186 91.72 92.237 92.74 93.232 93.714 94.191 94.664 95.106 95.478 95.806 96.127 96.442 96.754 97.064 97.373 97.684 97.997 98.315 98.639 98.971 99.314 99.671 100.043 100.436 100.851 101.203 101.45 101.678 101.905 -9999 -9999 -9999 -9999 -9999 -9999 -9999 -9999 -9999 -9999 -9999 -9999 -9999 -9999 -9999 -9999 -9999 -9999 -9999 -9999 -9999 -9999 -9999 -9999 -9999 -9999 -9999 -9999 -9999 -9999 -9999 -9999 -9999
88.439 88.452 88.467 88.484 -9999 -9999 -9999 88.885 89.178 89.51 89.965 90.531 91.086 91.607 92.12 92.624 93.116 93.599 94.073 94.531 94.942 95.296 95.623 95.943 96.257 96.568 96.878 97.187 97.498 97.812 98.132 98.457 98.792 99.138 99.497 99.874 100.271 -9999 -9999 101.299 -9999 -9999 -9999 -9999 -9999 -9999 -9999 -9999 -9999 -9999 -9999 -9999 -9999 -9999 -9999 -9999 -9999 -9999 -9999 -9999 -9999 -9999 -9999 -9999 -9999 -9999 -9999 -9999 -9999 -9999 -9999 -9999 -9999 -9999 -9999
88.381 88.397 -9999 88.435 -9999 -9999 -9999 88.741 89.029 89.351 89.81 90.379 90.933 91.482 92.009 92.506 92.997 93.476 93.928 94.366 94.768 95.113 95.439 95.758 96.071 96.382 96.691 97.001 97.312 97.627 97.947 98.275 98.611 98.96 99.322 99.703 -9999 100.531 100.894 101.149 101.324 -9999 -9999 -9999 -9999 -9999 -9999 -9999 -9999 -9999 -9999 -9999 -9999 -9999 -9999 -9999 -9999 -9999 -9999 -9999 -9999 -9999 -9999 -9999 -9999 -9999 -9999 -9999 -9999 -9999 -9999 -9999 -9999 -9999 -9999
88.324 -9999 -9999 -9999 -9999 88.452 88.481 88.625 88.867 89.185 89.635 90.196 90.756 91.31 91.854 92.385 92.87 93.324 93.767 94.2 94.593 94.929 95.253 95.571 95.884 96.194 96.503 96.813 97.125 97.44 97.761 98.09 98.428 98.778 -9999 99.525 99.929 100.359 100.718 100.961 101.086 -9999 -9999 -9999 -9999 -9999 -9999 -9999 -9999 -9999 -9999 -9999 -9999 -9999 -9999 -9999 -9999 -9999 -9999 -9999 -9999 -9999 -9999 -9999 -9999 -9999 -9999 -9999 -9999 -9999 -9999 -9999 -9999 -9999 -9999
-9999 -9999 -9999 -9999 -9999 88.414 88.447 88.529 88.696 89.009 89.449 90.005 90.557 91.109 91.663 92.195 92.701 93.167 93.601 94.027 94.408 94.742 95.065 95.381 95.693 96.003 96.312 96.622 96.934 97.251 97.572 97.902 98.241 98.591 98.957 99.34 99.741 100.153 100.462 100.657 100.822 100.938 -9999 -9999 -9999 -9999 -9999 -9999 -9999 -9999 -9999 -9999 -9999 -9999 -9999 -9999 -9999 -9999 -9999 -9999 -9999 -9999 -9999 -9999 -9999 -9999 -9999 -9999 -9999 -9999 -9999 -9999 -9999 -9999 -9999
-9999 -9999 -9999 -9999 88.326 -9999 -9999 88.454 88.588 88.821 89.249 89.803 -9999 -9999 91.438 91.97 92.484 92.976 93.433 93.844 94.208 94.538 94.861 95.179 95.493 95.805 96.117 96.428 96.741 97.057 97.379 97.707 98.04 98.383 98.736 99.102 99.48 99.85 100.115 100.291 100.454 100.608 100.826 -9999 -9999 -9999 -9999 -9999 -9999 -9999 -9999 -9999 -9999 -9999 -9999 -9999 -9999 -9999 -9999 -9999 -9999 -9999 -9999 -9999 -9999 -9999 -9999 -9999 -9999 -9999 -9999 -9999 -9999 -9999 -9999
-9999 -9999 -9999 -9999 88.279 -9999 88.364 88.415 88.495 88.655 89.035 89.587 90.134 90.675 91.207 91.729 92.244 92.746 93.224 93.655 94.001 94.327 94.646 94.96 95.272 95.581 95.89 96.199 96.51 96.823 97.14 97.46 97.787 98.12 98.463 98.815 99.178 99.52 99.755 99.925 100.086 100.241 -9999 -9999 -9999 -9999 -9999 -9999 -9999 -9999 -9999 -9999 -9999 -9999 -9999 -9999 -9999 -9999 -9999 -9999 -9999 -9999 -9999 -9999 -9999 -9999 -9999 -9999 -9999 -9999 -9999 -9999 -9999 -9999 -9999
-9999 -9999 -9999 -9999 88.232 -9999 88.327 88.379 88.434 88.54 88.826 -9999 89.906 90.449 -9999 91.487 91.991 92.492 92.984 93.426 93.794 94.113 94.426 94.735 95.042 95.347 95.652 95.957 96.263 96.571 96.882 97.197 97.517 97.843 98.178 98.521 98.875 99.188 -9999 -9999 -9999 -9999 -9999 -9999 -9999 -9999 -9999 -9999 -9999 -9999 -9999 -9999 -9999 -9999 -9999 -9999 -9999 -9999 -9999 -9999 -9999 -9999 -9999 -9999 -9999 -9999 -9999 -9999 -9999 -9999 -9999 -9999 -9999 -9999 -9999
-9999 -9999 88.104 88.142 -9999 -9999 88.28 88.339 88.398 88.462 88.692 89.107 89.673 90.214 -9999 91.243 91.739 92.23 92.715 93.159 93.549 93.897 94.205 94.51 94.812 95.113 95.414 95.714 96.016 96.318 96.624 96.933 97.246 97.566 97.892 98.227 98.574 -9999 -9999 -9999 -9999 -9999 -9999 -9999 -9999 -9999 -9999 -9999 -9999 -9999 -9999 -9999 -9999 -9999 -9999 -9999 -9999 -9999 -9999 -9999 -9999 -9999 -9999 -9999 -9999 -9999 -9999 -9999 -9999 -9999 -9999 -9999 -9999 -9999 -9999
-9999 87.996 88.04 88.086 -9999 88.181 88.235 88.297 88.359 -9999 88.583 88.942 89.425 89.969 -9999 90.994 91.485 91.967 92.435 92.869 93.279 93.654 93.982 94.283 94.582 94.879 95.176 95.472 -9999 96.066 96.366 96.668 96.975 97.287 97.606 97.933 -9999 -9999 -9999 -9999 -9999 -9999 -9999 -9999 -9999 -9999 -9999 -9999 -9999 -9999 -9999 -9999 -9999 -9999 -9999 -9999 -9999 -9999 -9999 -9999 -9999 -9999 -9999 -9999 -9999 -9999 -9999 -9999 -9999 -9999 -9999 -9999 -9999 -9999 -9999
-9999 87.932 87.98 -9999 -9999 88.131 88.19 88.25 -9999 88.388 88.527 88.807 89.243 89.709 -9999 90.737 91.226 91.701 92.151 92.572 92.987 93.383 93.747 94.054 94.35 94.645 94.938 95.23 95.522 95.814 -9999 -9999 96.703 97.008 -9999 -9999 -9999 -9999 -9999 -9999 98.593 98.731 98.88 -9999 -9999 -9999 -9999 -9999 -9999 -9999 -9999 -9999 -9999 -9999 -9999 -9999 -9999 -9999 -9999 -9999 -9999 -9999 -9999 -9999 -9999 -9999 -9999 -9999 -9999 -9999 -9999 -9999 -9999 -9999 -9999
87.812 87.863 -9999 -9999 88.022 88.077 88.137 88.2 -9999 88.353 88.481 88.72 89.098 89.519 -9999 -9999 -9999 91.428 91.862 92.277 92.685 93.094 93.475 93.823 94.118 94.41 94.699 94.987 95.274 95.56 95.848 96.137 96.43 96.727 -9999 -9999 -9999 -9999 -9999 98.116 98.24 98.373 98.516 98.793 -9999 -9999 -9999 -9999 -9999 -9999 -9999 -9999 -9999 -9999 -9999 -9999 -9999 -9999 -9999 -9999 -9999 -9999 -9999 -9999 -9999 -9999 -9999 -9999 -9999 -9999 -9999 -9999 -9999 -9999 -9999
87.736 87.788 -9999 -9999 -9999 88.016 88.08 88.149 -9999 88.328 -9999 88.664 88.99 89.369 -9999 90.203 90.682 91.144 -9999 91.982 92.385 92.789 93.194 93.562 93.884 94.173 94.459 94.743 95.024 95.305 95.589 95.886 96.188 96.491 96.799 97.101 97.306 -9999 97.624 97.763 97.9 98.094 98.451 98.913 99.401 99.927 -9999 -9999 -9999 -9999 -9999 -9999 -9999 -9999 -9999 -9999 -9999 -9999 -9999 -9999 -9999 -9999 -9999 -9999 -9999 -9999 -9999 -9999 -9999 -9999 -9999 -9999 -9999 -9999 -9999
87.652 -9999 -9999 -9999 -9999 87.95 88.018 88.09 -9999 88.299 -9999 88.6 88.879 -9999 89.627 90.026 90.428 90.849 91.278 91.686 92.084 92.487 92.896 93.291 93.648 93.935 94.218 94.497 94.783 95.086 95.388 95.69 95.989 96.288 96.589 96.85 97.013 97.163 97.307 97.484 97.788 98.259 98.742 99.233 99.738 100.267 100.856 101.766 102.959 -9999 -9999 -9999 -9999 -9999 -9999 -9999 -9999 -9999 -9999 -9999 -9999 -9999 -9999 -9999 -9999 -9999 -9999 -9999 -9999 -9999 -9999 -9999 -9999 -9999 -9999
87.56 -9999 -9999 -9999 -9999 87.88 87.951 88.03 88.141 -9999 -9999 88.536 88.779 -9999 89.505 89.88 90.249 90.616 90.985 91.389 91.788 92.19 92.596 93.007 93.374 93.696 93.987 94.298 94.612 94.917 95.216 95.509 95.801 96.091 96.373 96.574 96.724 96.868 97.08 97.535 98.035 98.532 99.034 99.546 100.074 100.63 101.23 101.889 102.635 103.798 -9999 -9999 -9999 -9999 -9999 -9999 -9999 -9999 -9999 -9999 -9999 -9999 -9999 -9999 -9999 -9999 -9999 -9999 -9999 -9999 -9999 -9999 -9999 -9999 -9999
-9999 -9999 -9999 -9999 -9999 87.803 87.878 87.971 88.097 -9999 -9999 88.488 88.7 -9999 -9999 89.754 90.107 90.444 90.794 91.134 91.491 91.893 92.296 92.703 93.107 93.499 93.831 94.149 94.457 94.755 95.047 95.333 95.617 95.9 96.143 96.295 96.461 96.735 97.259 97.775 98.287 98.8 99.32 99.853 100.405 100.987 101.608 102.285 103.04 103.886 -9999 -9999 -9999 -9999 -9999 -9999 -9999 -9999 -9999 -9999 -9999 -9999 -9999 -9999 -9999 -9999 -9999 -9999 -9999 -9999 -9999 -9999 -9999 -9999 -9999
-9999 -9999 -9999 -9999 -9999 87.72 87.802 87.912 -9999 -9999 -9999 -9999 88.59 -9999 89.241 89.615 89.971 90.312 90.639 90.959 91.297 91.635 91.997 92.425 92.904 93.328 93.688 94.002 94.304 94.596 94.881 95.161 95.437 95.698 95.875 96.056 96.403 96.948 97.482 98.009 98.534 99.064 99.602 100.156 100.733 101.346 102.01 102.727 103.504 104.358 105.327 -9999 -9999 -9999 -9999 -9999 -9999 -9999 -9999 -9999 -9999 -9999 -9999 -9999 -9999 -9999 -9999 -9999 -9999 -9999 -9999 -9999 -9999 -9999 -9999
-9999 -9999 -9999 87.483 87.555 87.631 87.724 -9999 -9999 88.131 -9999 -9999 -9999 -9999 89.083 89.464 89.825 90.17 90.502 90.824 91.141 91.47 91.866 92.302 92.737 93.157 93.545 93.854 94.152 94.439 94.718 94.99 95.253 95.462 95.651 96.04 96.605 97.156 97.699 98.237 98.777 99.324 99.886 100.477 101.092 101.742 102.427 103.159 103.95 104.815 105.556 -9999 -9999 -9999 -9999 -9999 -9999 -9999 -9999 -9999 -9999 -9999 -9999 -9999 -9999 -9999 -9999 -9999 -9999 -9999 -9999 -9999 -9999 -9999 -9999
-9999 -9999 -9999 -9999 87.456 87.534 87.641 -9999 87.933 88.076 88.219 -9999 -9999 -9999 -9999 89.299 89.667 90.018 90.356 90.683 91.022 91.423 91.844 92.261 92.677 93.102 93.468 93.759 94.027 94.29 94.555 94.821 95.053 95.243 95.641 96.229 96.799 97.359 97.919 98.483 99.051 99.627 100.222 100.835 101.47 102.133 102.834 103.58 104.385 105.252 106.001 107.151 -9999 -9999 -9999 -9999 -9999 -9999 -9999 -9999 -9999 -9999 -9999 -9999 -9999 -9999 -9999 -9999 -9999 -9999 -9999 -9999 -9999 -9999 -9999
-9999 -9999 -9999 -9999 87.337 87.431 87.554 -9999 87.863 88.014 88.165 -9999 -9999 -9999 -9999 -9999 89.497 89.855 90.199 90.554 90.983 91.417 91.84 92.257 92.671 93.085 93.452 93.753 94.006 94.257 94.507 94.739 94.922 95.29 95.897 96.485 97.061 97.633 98.206 98.782 99.364 99.957 100.564 101.189 101.838 102.517 103.232 103.994 104.814 105.671 106.401 107.404 108.857 -9999 -9999 -9999 -9999 -9999 -9999 -9999 -9999 -9999 -9999 -9999 -9999 -9999 -9999 -9999 -9999 -9999 -9999 -9999 -9999 -9999 -9999
-9999 -9999 -9999 -9999 86.956 87.236 -9999 -9999 87.789 87.945 88.104 88.274 -9999 -9999 -9999 -9999 -9999 89.678 90.054 90.511 90.969 91.409 91.836 92.256 92.67 93.083 93.468 93.787 94.033 94.274 94.499 94.669 94.97 95.591 96.19 96.774 97.35 97.924 98.5 99.083 99.674 100.278 100.898 101.537 102.201 102.895 103.627 104.406 105.242 106.084 106.81 107.846 109.219 110.586 112.02 -9999 -9999 -9999 -9999 -9999 -9999 -9999 -9999 -9999 -9999 -9999 -9999 -9999 -9999 -9999 -9999 -9999 -9999 -9999 -9999
-9999 -9999 -9999 -9999 86.616 86.934 -9999 -9999 87.67 87.873 88.049 -9999 -9999 -9999 -9999 -9999 -9999 89.507 89.991 90.484 90.951 91.399 91.833 92.256 92.673 93.086 93.488 93.823 94.065 94.288 94.452 94.684 95.273 95.882 96.47 97.048 97.622 98.198 98.781 99.372 99.976 100.592 101.226 101.881 102.561 103.272 104.022 104.818 105.672 106.563 107.747 108.91 110.235 111.567 112.917 -9999 -9999 -9999 -9999 -9999 -9999 -9999 -9999 -9999 -9999 -9999 -9999 -9999 -9999 -9999 -9999 -9999 -9999 -9999 -9999
-9999 -9999 -9999 -9999 86.268 86.551 -9999 -9999 -9999 87.812 87.998 88.195 -9999 -9999 -9999 -9999 -9999 89.432 89.946 90.452 90.93 91.388 91.829 92.259 92.68 93.095 93.508 93.848 94.092 94.257 94.444 94.934 95.559 96.154 96.732 97.303 97.877 98.459 99.051 99.655 100.272 100.904 101.554 102.225 102.923 103.652 104.419 105.234 106.201 107.489 108.799 110.082 111.369 112.661 113.969 -9999 -9999 -9999 -9999 -9999 -9999 -9999 -9999 -9999 -9999 -9999 -9999 -9999 -9999 -9999 -9999 -9999 -9999 -9999 -9999
-9999 -9999 -9999 85.577 85.857 86.163 -9999 -9999 -9999 -9999 -9999 -9999 -9999 -9999 -9999 -9999 -9999 89.478 89.906 90.414 90.906 91.375 91.826 92.263 92.691 93.111 93.527 93.868 94.068 94.221 94.565 95.217 95.828 96.41 96.976 97.542 98.118 98.709 99.315 99.935 100.568 101.217 101.884 102.573 103.288 104.036 104.824 105.763 107.191 108.601 109.869 111.129 112.382 113.639 114.91 115.459 -9999 -9999 -9999 -9999 -9999 -9999 -9999 -9999 -9999 -9999 -9999 -9999 -9999 -9999 -9999 -9999 -9999 -9999 -9999
-9999 -9999 84.978 85.205 85.45 85.76 -9999 -9999 -9999 -9999 -9999 -9999 -9999 -9999 -9999 89.0 89.191 89.566 89.963 90.382 90.877 91.36 91.823 92.271 92.707 93.131 93.531 93.829 94.029 94.259 94.849 95.49 96.087 96.652 97.204 97.764 98.347 98.955 99.579 100.217 100.868 101.535 102.22 102.927 103.662 104.43 105.339 106.758 108.281 109.606 110.845 112.077 113.302 114.528 115.766 116.503 -9999 -9999 -9999 -9999 -9999 -9999 -9999 -9999 -9999 -9999 -9999 -9999 -9999 -9999 -9999 -9999 -9999 -9999 -9999
-9999 -9999 84.549 84.782 85.058 -9999 -9999 -9999 -9999 -9999 -9999 -9999 -9999 -9999 -9999 88.979 89.333 89.706 90.063 90.455 90.866 91.343 91.821 92.282 92.721 93.12 93.479 93.786 94.017 94.437 95.126 95.757 96.341 96.889 97.421 97.971 98.572 99.205 99.852 100.51 101.179 101.863 102.566 103.292 104.046 104.921 106.271 107.834 109.279 110.524 111.746 112.948 114.147 115.347 116.556 117.405 -9999 -9999 -9999 -9999 -9999 -9999 -9999 -9999 -9999 -9999 -9999 -9999 -9999 -9999 -9999 -9999 -9999 -9999 -9999
-9999 -9999 -9999 -9999 -9999 -9999 -9999 -9999 -9999 -9999 -9999 -9999 -9999 -9999 -9999 89.065 89.469 89.852 90.22 90.576 90.962 91.365 91.816 92.273 92.683 93.066 93.43 93.748 94.079 94.712 95.399 96.026 96.603 97.138 97.644 98.18 98.819 99.48 100.146 100.82 101.505 102.206 102.926 103.67 104.505 105.747 107.298 108.819 110.15 111.373 112.57 113.756 114.934 116.111 117.295 118.202 -9999 -9999 -9999 -9999 -9999 -9999 -9999 -9999 -9999 -9999 -9999 -9999 -9999 -9999 -9999 -9999 -9999 -9999 -9999
-9999 -9999 -9999 -9999 -9999 -9999 -9999 -9999 -9999 -9999 -9999 -9999 -9999 -9999 88.57 89.196 89.609 90.005 90.385 90.754 91.111 91.475 91.835 92.208 92.623 93.016 93.388 93.727 94.223 94.983 95.673 96.303 96.883 97.422 97.934 98.507 99.137 99.797 100.47 101.154 101.852 102.566 103.301 104.088 105.182 106.73 108.272 109.721 110.96 112.166 113.346 114.514 115.674 116.831 117.993 118.934 -9999 -9999 -9999 -9999 -9999 -9999 -9999 -9999 -9999 -9999 -9999 -9999 -9999 -9999 -9999 -9999 -9999 -9999 -9999
-9999 -9999 -9999 -9999 -9999 -9999 -9999 -9999 -9999 -9999 -9999 -9999 -9999 -9999 88.589 89.328 89.757 90.166 90.556 90.92 91.265 91.589 91.909 92.249 92.59 92.968 93.35 93.769 94.482 95.252 95.951 96.591 97.185 97.745 98.296 98.878 99.501 100.153 100.825 101.514 102.219 102.945 103.694 104.634 106.13 107.67 109.18 110.505 111.722 112.912 114.082 115.233 116.377 117.517 118.66 119.613 -9999 -9999 -9999 -9999 -9999 -9999 -9999 -9999 -9999 -9999 -9999 -9999 -9999 -9999 -9999 -9999 -9999 -9999 -9999
-9999 -9999 -9999 -9999 -9999 -9999 -9999 -9999 -9999 -9999 -9999 -9999 -9999 87.812 88.629 89.414 89.896 90.306 90.688 91.05 91.395 91.726 92.044 92.353 92.675 92.998 93.328 93.873 94.735 95.519 96.232 96.889 97.502 98.089 98.669 99.264 99.886 100.534 101.204 101.895 102.607 103.342 104.177 105.494 107.041 108.573 110.005 111.239 112.442 113.62 114.776 115.918 117.05 118.154 119.21 120.168 120.975 -9999 -9999 -9999 -9999 -9999 -9999 -9999 -9999 -9999 -9999 -9999 -9999 -9999 -9999 -9999 -9999 -9999 -9999
