Validation/Results/raw data/ReClimate_04_2024_2_Temperatureweatherlogisticsltd.asc
NCOLS 192
NROWS 249
XLLCENTER -225160.85627316462
YLLCENTER 29788.11610251502
CELLSIZE 5000.0
NODATA_VALUE -9999
[rows 170 to 203 of 249, columns 75 to 149 of 192]
-9999 -9999 -9999 -9999 -9999 -9999 -9999 -9999 -9999 -9999 -9999 -9999 -9999 -9999 -9999 -9999 -9999 -1.391 -1.4 -9999 -9999 -9999 -9999 -9999 -9999 -9999 -9999 -9999 -9999 -9999 -9999 -9999 -9999 -9999 -9999 -9999 -1.359 -1.349 -1.337 -1.325 -1.305 -1.28 -1.262 -1.245 -1.237 -1.232 -1.213 -1.192 -1.16 -1.124 -1.096 -1.068 -1.049 -1.035 -1.006 -0.978 -0.965 -0.956 -0.937 -0.918 -0.9 -0.883 -0.868 -0.854 -0.828 -0.8 -0.773 -0.743 -0.729 -0.724 -0.71 -0.695 -0.674 -0.652 -0.641
-9999 -9999 -9999 -9999 -9999 -9999 -9999 -9999 -9999 -9999 -9999 -9999 -9999 -9999 -9999 -9999 -9999 -1.367 -1.376 -1.393 -9999 -9999 -9999 -9999 -9999 -9999 -9999 -9999 -9999 -9999 -9999 -9999 -9999 -9999 -9999 -1.359 -1.35 -1.33 -1.32 -1.315 -1.296 -1.278 -1.257 -1.232 -1.227 -1.232 -1.219 -1.213 -1.184 -1.156 -1.124 -1.074 -1.049 -1.03 -1.006 -0.979 -0.987 -0.99 -0.963 -0.94 -0.917 -0.898 -0.882 -0.868 -0.833 -0.8 -0.772 -0.742 -0.736 -0.735 -0.721 -0.707 -0.685 -0.662 -0.657
-9999 -9999 -9999 -9999 -9999 -9999 -9999 -9999 -9999 -9999 -9999 -9999 -9999 -9999 -9999 -9999 -1.346 -1.357 -1.374 -1.389 -1.411 -9999 -9999 -9999 -9999 -9999 -9999 -9999 -9999 -9999 -9999 -9999 -1.372 -9999 -9999 -1.345 -1.33 -1.321 -1.314 -1.309 -9999 -1.275 -1.251 -1.226 -1.227 -1.232 -1.227 -1.221 -1.196 -1.171 -1.128 -1.082 -1.06 -1.038 -1.013 -0.989 -0.995 -1.01 -0.983 -0.955 -0.933 -0.91 -0.894 -0.879 -0.845 -0.808 -0.779 -0.749 -0.74 -0.742 -0.728 -0.714 -0.693 -0.67 -0.665
-9999 -9999 -9999 -9999 -9999 -9999 -9999 -9999 -9999 -9999 -9999 -9999 -9999 -9999 -9999 -9999 -1.354 -1.37 -1.38 -1.374 -1.396 -1.419 -1.428 -9999 -9999 -9999 -1.456 -1.427 -9999 -1.398 -1.392 -1.375 -1.367 -1.36 -9999 -9999 -1.324 -1.314 -9999 -9999 -1.269 -1.251 -1.232 -1.224 -1.218 -1.207 -1.199 -1.19 -1.171 -1.166 -1.151 -1.122 -1.109 -1.096 -1.063 -1.035 -1.012 -1.01 -0.984 -0.955 -0.926 -0.898 -0.879 -0.861 -0.849 -0.825 -0.801 -0.774 -0.76 -0.755 -0.726 -0.706 -0.699 -0.684 -0.666
-9999 -9999 -9999 -9999 -9999 -9999 -9999 -9999 -9999 -9999 -9999 -9999 -9999 -9999 -9999 -9999 -9999 -1.376 -1.374 -1.368 -1.389 -1.411 -9999 -9999 -1.434 -1.439 -1.432 -1.416 -1.409 -1.404 -1.392 -1.377 -1.373 -1.365 -1.349 -9999 -1.325 -1.315 -1.297 -1.28 -1.263 -1.245 -1.234 -1.226 -1.211 -1.197 -1.188 -1.178 -1.17 -1.164 -1.15 -1.137 -1.125 -1.116 -1.087 -1.057 -1.037 -1.018 -0.991 -0.963 -0.932 -0.901 -0.88 -0.861 -0.848 -0.838 -0.814 -0.789 -0.775 -0.763 -0.733 -0.705 -0.698 -0.692 -0.674
-9999 -9999 -9999 -9999 -9999 -9999 -9999 -9999 -9999 -9999 -9999 -9999 -9999 -9999 -9999 -9999 -9999 -1.375 -1.381 -1.4 -1.415 -1.412 -1.424 -1.443 -1.445 -1.435 -1.431 -1.418 -1.407 -1.387 -1.376 -1.372 -1.367 -1.364 -1.348 -1.334 -1.321 -1.309 -1.296 -1.292 -1.273 -1.244 -1.231 -1.217 -1.202 -1.186 -1.178 -1.175 -1.171 -1.176 -1.162 -1.149 -1.131 -1.117 -1.085 -1.053 -1.053 -1.047 -1.001 -0.96 -0.933 -0.904 -0.9 -0.891 -0.861 -0.841 -0.812 -0.784 -0.77 -0.756 -0.737 -0.718 -0.703 -0.691 -0.672
-9999 -9999 -9999 -9999 -9999 -9999 -9999 -9999 -9999 -9999 -9999 -9999 -9999 -9999 -9999 -9999 -9999 -9999 -1.394 -1.412 -1.413 -1.411 -1.429 -1.449 -1.442 -1.432 -1.429 -1.42 -1.404 -1.383 -1.378 -1.372 -1.365 -1.36 -1.344 -1.33 -1.317 -1.306 -1.299 -1.296 -1.271 -1.243 -1.228 -1.214 -1.197 -1.181 -1.176 -1.174 -1.175 -1.179 -1.165 -1.152 -1.135 -1.118 -1.087 -1.052 -1.051 -1.055 -1.011 -0.959 -0.934 -0.909 -0.906 -0.908 -0.879 -0.848 -0.819 -0.789 -0.774 -0.76 -0.737 -0.725 -0.711 -0.693 -0.673
-9999 -9999 -9999 -9999 -9999 -9999 -9999 -9999 -9999 -9999 -9999 -9999 -9999 -9999 -9999 -9999 -9999 -9999 -9999 -9999 -1.422 -1.434 -1.448 -1.451 -1.445 -1.434 -1.435 -1.433 -1.428 -1.423 -1.42 -1.419 -1.401 -1.357 -1.336 -1.304 -1.297 -1.305 -1.292 -1.269 -1.253 -1.25 -1.233 -1.213 -1.198 -1.184 -1.18 -1.18 -1.178 -1.172 -1.155 -1.135 -1.124 -1.11 -1.106 -1.089 -1.045 -1.023 -0.998 -0.959 -0.938 -0.916 -0.898 -0.891 -0.859 -0.826 -0.809 -0.785 -0.761 -0.742 -0.72 -0.705 -0.699 -0.686 -0.671
-9999 -9999 -9999 -9999 -9999 -9999 -9999 -9999 -9999 -9999 -9999 -9999 -9999 -9999 -9999 -9999 -9999 -9999 -9999 -1.415 -1.428 -1.441 -1.446 -1.449 -1.443 -1.434 -1.437 -1.437 -1.439 -1.434 -1.434 -1.434 -1.395 -1.354 -1.324 -1.293 -1.296 -1.303 -1.282 -1.259 -1.256 -1.253 -1.234 -1.214 -1.2 -1.186 -1.183 -1.183 -1.175 -1.169 -1.149 -1.129 -1.116 -1.106 -1.102 -1.101 -1.059 -1.012 -0.987 -0.961 -0.94 -0.919 -0.902 -0.885 -0.854 -0.819 -0.801 -0.783 -0.759 -0.734 -0.71 -0.695 -0.687 -0.678 -0.663
-9999 -9999 -9999 -9999 -9999 -9999 -9999 -9999 -9999 -9999 -9999 -9999 -9999 -9999 -9999 -9999 -9999 -9999 -1.405 -1.414 -1.428 -1.439 -1.444 -1.445 -1.445 -1.449 -1.447 -1.433 -1.436 -1.435 -1.432 -1.417 -1.383 -1.355 -1.326 -1.295 -1.295 -1.293 -1.277 -1.271 -1.267 -1.262 -1.238 -1.203 -1.188 -1.176 -1.164 -1.143 -1.142 -1.162 -1.144 -1.128 -1.114 -1.104 -1.075 -1.058 -1.045 -1.014 -0.987 -0.96 -0.956 -0.946 -0.914 -0.889 -0.86 -0.827 -0.803 -0.781 -0.758 -0.733 -0.709 -0.691 -0.681 -0.672 -0.648
-9999 -9999 -9999 -9999 -9999 -9999 -9999 -9999 -9999 -9999 -9999 -9999 -9999 -9999 -9999 -9999 -9999 -1.402 -1.406 -1.412 -1.424 -1.435 -1.439 -1.441 -1.447 -1.447 -1.437 -1.424 -1.429 -1.431 -1.423 -1.408 -1.381 -1.354 -1.325 -1.295 -1.291 -1.289 -1.282 -1.276 -1.271 -1.266 -1.234 -1.2 -1.186 -1.173 -1.151 -1.129 -1.141 -1.161 -1.145 -1.13 -1.115 -1.103 -1.075 -1.044 -1.029 -1.016 -0.989 -0.961 -0.956 -0.956 -0.925 -0.891 -0.863 -0.833 -0.809 -0.785 -0.762 -0.738 -0.712 -0.692 -0.678 -0.666 -0.641
-9999 -9999 -9999 -9999 -9999 -9999 -9999 -9999 -9999 -9999 -9999 -9999 -9999 -9999 -9999 -1.366 -1.386 -1.401 -1.408 -1.429 -1.439 -1.44 -1.447 -1.454 -1.454 -1.45 -1.443 -1.433 -1.433 -1.416 -1.406 -1.386 -1.357 -1.328 -1.311 -1.317 -1.306 -1.283 -1.276 -1.271 -1.264 -1.252 -1.225 -1.204 -1.185 -1.157 -1.137 -1.123 -1.126 -1.118 -1.103 -1.096 -1.081 -1.065 -1.049 -1.025 -1.013 -1.001 -0.987 -0.966 -0.96 -0.959 -0.919 -0.88 -0.857 -0.83 -0.816 -0.797 -0.766 -0.738 -0.722 -0.705 -0.684 -0.667 -0.664
-9999 -9999 -9999 -9999 -9999 -9999 -9999 -9999 -9999 -9999 -9999 -9999 -9999 -9999 -1.345 -1.365 -1.379 -1.399 -9999 -9999 -9999 -9999 -1.434 -1.449 -1.447 -1.444 -1.438 -1.43 -1.42 -1.405 -1.393 -1.374 -1.347 -1.317 -1.319 -1.325 -1.304 -1.282 -1.275 -1.27 -1.26 -1.249 -1.228 -1.207 -1.181 -1.153 -1.138 -1.124 -1.113 -1.104 -1.094 -1.086 -1.07 -1.054 -1.036 -1.02 -1.007 -0.997 -0.982 -0.969 -0.962 -0.96 -0.921 -0.877 -0.855 -0.831 -0.817 -0.804 -0.774 -0.741 -0.724 -0.712 -0.689 -0.669 -0.664
-9999 -9999 -9999 -9999 -9999 -9999 -9999 -9999 -9999 -9999 -9999 -9999 -9999 -9999 -1.351 -1.359 -1.377 -9999 -9999 -9999 -9999 -9999 -1.403 -1.41 -1.401 -1.383 -1.38 -1.39 -1.385 -1.391 -1.384 -1.377 -1.357 -1.341 -1.333 -1.308 -1.289 -1.277 -1.27 -1.266 -1.254 -1.237 -1.216 -1.191 -1.178 -1.191 -1.17 -1.132 -1.12 -1.108 -1.095 -1.079 -1.069 -1.056 -1.039 -1.023 -1.009 -0.997 -0.981 -0.967 -0.944 -0.932 -0.917 -0.887 -0.872 -0.854 -0.826 -0.804 -0.79 -0.767 -0.733 -0.71 -0.684 -0.662 -0.647
-9999 -9999 -9999 -9999 -9999 -9999 -9999 -9999 -9999 -9999 -9999 -9999 -9999 -9999 -9999 -9999 -1.372 -9999 -9999 -9999 -9999 -9999 -1.385 -1.388 -1.372 -1.353 -1.361 -1.369 -1.374 -1.379 -1.379 -1.373 -1.36 -1.347 -1.325 -1.3 -1.287 -1.275 -1.269 -1.264 -1.25 -1.234 -1.213 -1.188 -1.195 -1.209 -1.175 -1.137 -1.124 -1.112 -1.096 -1.079 -1.069 -1.06 -1.042 -1.027 -1.012 -1.0 -0.984 -0.97 -0.947 -0.927 -0.911 -0.895 -0.879 -0.864 -0.836 -0.805 -0.79 -0.775 -0.743 -0.709 -0.681 -0.659 -0.647
-9999 -9999 -9999 -9999 -9999 -9999 -9999 -9999 -9999 -9999 -9999 -9999 -9999 -9999 -9999 -9999 -9999 -9999 -9999 -9999 -9999 -9999 -1.369 -1.366 -1.353 -1.343 -1.344 -1.336 -1.337 -1.336 -1.339 -1.349 -1.345 -1.359 -1.334 -1.296 -1.287 -1.288 -1.275 -1.251 -1.237 -1.222 -1.2 -1.175 -1.186 -1.212 -1.18 -1.146 -1.139 -1.146 -1.107 -1.076 -1.068 -1.06 -1.041 -1.024 -1.004 -0.987 -0.995 -0.996 -0.97 -0.948 -0.913 -0.885 -0.864 -0.843 -0.828 -0.806 -0.774 -0.749 -0.716 -0.681 -0.667 -0.656 -0.634
-9999 -9999 -9999 -9999 -9999 -9999 -9999 -9999 -9999 -9999 -9999 -9999 -9999 -9999 -9999 -9999 -9999 -9999 -9999 -9999 -9999 -9999 -9999 -1.351 -1.343 -1.333 -1.326 -1.318 -1.315 -1.313 -1.325 -1.335 -1.345 -1.359 -1.328 -1.292 -1.291 -1.292 -1.27 -1.246 -1.232 -1.217 -1.197 -1.172 -1.19 -1.214 -1.185 -1.152 -1.155 -1.162 -1.123 -1.079 -1.069 -1.063 -1.044 -1.026 -1.006 -0.987 -0.994 -1.008 -0.982 -0.956 -0.922 -0.883 -0.861 -0.837 -0.819 -0.805 -0.773 -0.739 -0.705 -0.67 -0.655 -0.657 -0.639
-9999 -9999 -9999 -9999 -9999 -9999 -9999 -9999 -9999 -9999 -9999 -9999 -9999 -9999 -9999 -9999 -9999 -9999 -9999 -9999 -9999 -9999 -1.354 -1.35 -1.345 -1.34 -1.334 -1.322 -1.328 -1.346 -1.356 -1.353 -1.356 -1.342 -1.321 -1.313 -1.304 -1.276 -1.259 -1.249 -1.231 -1.205 -1.196 -1.206 -1.208 -1.181 -1.154 -1.137 -1.142 -1.159 -1.123 -1.08 -1.066 -1.058 -1.036 -1.016 -1.007 -0.993 -0.989 -0.996 -0.966 -0.936 -0.915 -0.884 -0.862 -0.839 -0.815 -0.794 -0.765 -0.731 -0.701 -0.668 -0.658 -0.662 -0.644
-9999 -9999 -9999 -9999 -9999 -9999 -9999 -9999 -9999 -9999 -9999 -9999 -9999 -9999 -9999 -9999 -9999 -9999 -9999 -9999 -9999 -9999 -1.335 -1.344 -1.342 -1.338 -1.33 -1.32 -1.335 -1.354 -1.356 -1.356 -1.344 -1.332 -1.324 -1.318 -1.294 -1.267 -1.258 -1.25 -1.227 -1.201 -1.21 -1.222 -1.197 -1.169 -1.152 -1.134 -1.144 -1.16 -1.125 -1.083 -1.07 -1.059 -1.037 -1.016 -1.004 -0.996 -0.991 -0.991 -0.961 -0.93 -0.907 -0.885 -0.863 -0.84 -0.816 -0.79 -0.759 -0.726 -0.696 -0.667 -0.661 -0.669 -0.652
-9999 -9999 -9999 -9999 -9999 -9999 -9999 -9999 -9999 -9999 -9999 -9999 -9999 -9999 -9999 -9999 -9999 -9999 -9999 -9999 -9999 -9999 -1.282 -1.292 -1.291 -1.298 -1.294 -1.3 -1.313 -1.328 -1.327 -1.319 -1.304 -1.284 -1.286 -1.315 -1.297 -1.288 -1.283 -1.28 -1.25 -1.195 -1.207 -1.227 -1.203 -1.174 -1.166 -1.174 -1.178 -1.169 -1.126 -1.08 -1.07 -1.061 -1.041 -1.02 -1.002 -0.99 -0.971 -0.961 -0.938 -0.91 -0.89 -0.868 -0.852 -0.831 -0.829 -0.816 -0.764 -0.72 -0.692 -0.67 -0.662 -0.669 -0.662
-9999 -9999 -9999 -9999 -9999 -9999 -9999 -9999 -9999 -9999 -9999 -9999 -9999 -9999 -9999 -9999 -9999 -9999 -9999 -9999 -9999 -9999 -9999 -1.267 -1.272 -1.278 -1.283 -1.288 -1.299 -1.312 -1.308 -1.3 -1.282 -1.261 -1.283 -1.31 -1.302 -1.294 -1.291 -1.289 -1.244 -1.192 -1.208 -1.228 -1.206 -1.178 -1.183 -1.192 -1.184 -1.175 -1.133 -1.084 -1.072 -1.063 -1.042 -1.021 -1.003 -0.989 -0.969 -0.951 -0.927 -0.904 -0.883 -0.863 -0.845 -0.827 -0.823 -0.823 -0.773 -0.716 -0.69 -0.674 -0.671 -0.673 -0.666
-9999 -9999 -9999 -9999 -9999 -9999 -9999 -9999 -9999 -9999 -9999 -9999 -9999 -9999 -9999 -9999 -9999 -9999 -9999 -9999 -9999 -9999 -9999 -1.275 -1.28 -1.289 -1.288 -1.271 -1.282 -1.301 -1.297 -1.293 -1.277 -1.259 -1.277 -1.296 -1.285 -1.268 -1.26 -1.246 -1.214 -1.203 -1.207 -1.192 -1.183 -1.196 -1.194 -1.178 -1.166 -1.15 -1.145 -1.119 -1.101 -1.088 -1.048 -1.018 -1.005 -0.994 -0.968 -0.946 -0.928 -0.908 -0.884 -0.862 -0.841 -0.82 -0.805 -0.797 -0.764 -0.718 -0.689 -0.675 -0.67 -0.669 -0.663
-9999 -9999 -9999 -9999 -9999 -9999 -9999 -9999 -9999 -9999 -9999 -9999 -9999 -9999 -9999 -9999 -9999 -9999 -9999 -9999 -9999 -9999 -1.274 -1.277 -1.282 -1.29 -1.277 -1.26 -1.275 -1.292 -1.289 -1.286 -1.273 -1.255 -1.269 -1.287 -1.272 -1.255 -1.241 -1.227 -1.217 -1.206 -1.192 -1.176 -1.188 -1.203 -1.188 -1.173 -1.157 -1.14 -1.136 -1.131 -1.113 -1.095 -1.057 -1.015 -1.002 -0.994 -0.969 -0.943 -0.925 -0.908 -0.885 -0.861 -0.84 -0.817 -0.801 -0.786 -0.753 -0.721 -0.696 -0.681 -0.676 -0.673 -0.666
-9999 -9999 -9999 -9999 -9999 -9999 -9999 -9999 -9999 -9999 -9999 -9999 -9999 -9999 -9999 -9999 -9999 -9999 -9999 -9999 -9999 -9999 -1.283 -1.294 -1.286 -1.254 -1.249 -1.266 -1.277 -1.286 -1.283 -1.278 -1.266 -1.251 -1.26 -1.263 -1.256 -1.262 -1.245 -1.217 -1.203 -1.185 -1.18 -1.193 -1.198 -1.194 -1.181 -1.166 -1.15 -1.131 -1.125 -1.123 -1.095 -1.072 -1.05 -1.017 -1.007 -1.001 -0.976 -0.951 -0.915 -0.888 -0.877 -0.859 -0.838 -0.815 -0.784 -0.761 -0.753 -0.738 -0.714 -0.701 -0.688 -0.68 -0.67
-9999 -9999 -9999 -9999 -9999 -9999 -9999 -9999 -9999 -9999 -9999 -9999 -9999 -9999 -9999 -9999 -9999 -9999 -9999 -9999 -9999 -9999 -1.298 -1.3 -1.272 -1.239 -1.251 -1.265 -1.272 -1.28 -1.275 -1.27 -1.26 -1.247 -1.247 -1.25 -1.255 -1.261 -1.238 -1.211 -1.195 -1.177 -1.186 -1.198 -1.193 -1.189 -1.177 -1.165 -1.148 -1.127 -1.12 -1.117 -1.09 -1.062 -1.04 -1.018 -1.006 -1.002 -0.977 -0.952 -0.918 -0.88 -0.867 -0.857 -0.835 -0.812 -0.782 -0.754 -0.748 -0.747 -0.726 -0.713 -0.701 -0.688 -0.678
-9999 -9999 -9999 -9999 -9999 -9999 -9999 -9999 -9999 -9999 -9999 -9999 -9999 -9999 -9999 -9999 -9999 -9999 -9999 -9999 -9999 -1.287 -1.297 -1.266 -1.249 -1.251 -1.259 -1.267 -1.267 -1.26 -1.252 -1.24 -1.239 -1.254 -1.256 -1.262 -1.259 -1.239 -1.223 -1.218 -1.205 -1.195 -1.2 -1.199 -1.194 -1.188 -1.178 -1.166 -1.149 -1.126 -1.116 -1.105 -1.075 -1.045 -1.029 -1.011 -0.985 -0.97 -0.961 -0.945 -0.916 -0.882 -0.862 -0.848 -0.818 -0.791 -0.768 -0.744 -0.738 -0.738 -0.731 -0.725 -0.707 -0.69 -0.681
-9999 -9999 -9999 -9999 -9999 -9999 -9999 -9999 -9999 -9999 -9999 -9999 -9999 -9999 -9999 -9999 -9999 -9999 -9999 -9999 -1.293 -1.292 -1.273 -1.252 -1.253 -1.254 -1.26 -1.266 -1.258 -1.248 -1.237 -1.225 -1.239 -1.255 -1.26 -1.266 -1.249 -1.229 -1.225 -1.22 -1.212 -1.203 -1.201 -1.2 -1.195 -1.189 -1.179 -1.167 -1.149 -1.126 -1.112 -1.101 -1.07 -1.038 -1.022 -1.007 -0.982 -0.959 -0.947 -0.94 -0.912 -0.882 -0.862 -0.842 -0.815 -0.787 -0.765 -0.745 -0.738 -0.739 -0.734 -0.736 -0.717 -0.696 -0.689
-9999 -9999 -9999 -9999 -9999 -9999 -9999 -9999 -9999 -9999 -9999 -9999 -9999 -9999 -9999 -9999 -9999 -9999 -1.282 -1.283 -1.282 -1.249 -1.237 -1.237 -1.244 -1.268 -1.271 -1.27 -1.262 -1.255 -1.241 -1.222 -1.238 -1.26 -1.26 -1.247 -1.228 -1.205 -1.201 -1.204 -1.194 -1.181 -1.185 -1.202 -1.196 -1.189 -1.175 -1.152 -1.137 -1.128 -1.11 -1.086 -1.042 -1.002 -1.01 -1.01 -0.989 -0.967 -0.944 -0.928 -0.902 -0.872 -0.852 -0.833 -0.812 -0.787 -0.766 -0.746 -0.724 -0.717 -0.725 -0.731 -0.723 -0.71 -0.709
-9999 -9999 -9999 -9999 -9999 -9999 -9999 -9999 -9999 -9999 -9999 -9999 -9999 -9999 -9999 -9999 -9999 -1.273 -1.273 -1.269 -1.25 -1.232 -1.231 -1.23 -1.249 -1.272 -1.272 -1.272 -1.266 -1.258 -1.241 -1.222 -1.238 -1.26 -1.251 -1.239 -1.219 -1.195 -1.195 -1.196 -1.184 -1.172 -1.185 -1.203 -1.196 -1.189 -1.17 -1.144 -1.136 -1.128 -1.109 -1.087 -1.045 -0.998 -1.004 -1.019 -0.997 -0.977 -0.954 -0.931 -0.904 -0.878 -0.86 -0.842 -0.822 -0.801 -0.778 -0.754 -0.732 -0.716 -0.723 -0.735 -0.727 -0.722 -0.722
-9999 -9999 -9999 -9999 -9999 -9999 -9999 -9999 -9999 -9999 -9999 -9999 -9999 -9999 -1.25 -1.248 -1.252 -1.247 -1.252 -1.277 -1.271 -1.275 -1.273 -1.263 -1.265 -1.237 -1.246 -1.277 -1.273 -1.27 -1.257 -1.244 -1.251 -1.241 -1.234 -1.231 -1.215 -1.205 -1.2 -1.186 -1.177 -1.176 -1.186 -1.192 -1.182 -1.166 -1.147 -1.131 -1.125 -1.123 -1.108 -1.09 -1.073 -1.041 -1.021 -1.02 -1.001 -0.982 -0.932 -0.893 -0.907 -0.905 -0.876 -0.853 -0.839 -0.822 -0.799 -0.775 -0.761 -0.747 -0.742 -0.746 -0.734 -0.727 -0.725
-9999 -9999 -9999 -9999 -9999 -9999 -9999 -9999 -9999 -9999 -9999 -9999 -1.273 -1.261 -1.255 -1.252 -1.244 -1.238 -1.258 -1.282 -1.286 -1.292 -1.284 -1.276 -1.253 -1.225 -1.249 -1.279 -1.278 -1.276 -1.266 -1.255 -1.245 -1.234 -1.232 -1.229 -1.22 -1.209 -1.196 -1.182 -1.179 -1.178 -1.181 -1.187 -1.173 -1.156 -1.143 -1.13 -1.127 -1.125 -1.112 -1.097 -1.082 -1.065 -1.047 -1.029 -1.012 -0.996 -0.949 -0.894 -0.904 -0.926 -0.899 -0.868 -0.854 -0.841 -0.818 -0.797 -0.786 -0.778 -0.771 -0.768 -0.75 -0.737 -0.733
-9999 -9999 -9999 -9999 -9999 -9999 -9999 -9999 -1.298 -1.298 -1.288 -1.277 -1.278 -1.26 -1.251 -1.238 -1.241 -1.269 -1.285 -1.295 -1.295 -1.284 -1.278 -1.276 -1.267 -1.277 -1.291 -1.284 -1.279 -1.266 -1.264 -1.277 -1.264 -1.241 -1.238 -1.233 -1.223 -1.207 -1.193 -1.181 -1.177 -1.179 -1.181 -1.186 -1.181 -1.181 -1.168 -1.149 -1.145 -1.136 -1.113 -1.093 -1.098 -1.096 -1.073 -1.054 -1.023 -0.999 -0.968 -0.923 -0.9 -0.899 -0.89 -0.87 -0.855 -0.84 -0.824 -0.807 -0.828 -0.84 -0.807 -0.789 -0.78 -0.768 -0.748
-9999 -9999 -9999 -9999 -9999 -9999 -9999 -1.295 -1.295 -1.292 -1.29 -1.295 -1.284 -1.262 -1.249 -1.235 -1.255 -1.282 -1.29 -1.3 -1.291 -1.281 -1.28 -1.278 -1.287 -1.299 -1.293 -1.286 -1.276 -1.263 -1.273 -1.286 -1.267 -1.245 -1.241 -1.237 -1.224 -1.209 -1.197 -1.184 -1.183 -1.184 -1.186 -1.192 -1.195 -1.194 -1.179 -1.161 -1.153 -1.145 -1.124 -1.099 -1.104 -1.114 -1.095 -1.074 -1.046 -1.014 -0.983 -0.949 -0.927 -0.904 -0.891 -0.884 -0.867 -0.852 -0.837 -0.825 -0.845 -0.875 -0.846 -0.813 -0.804 -0.798 -0.778
-9999 -9999 -9999 -9999 -9999 -9999 -1.304 -1.282 -1.281 -1.284 -1.287 -1.294 -1.28 -1.266 -1.265 -1.29 -1.304 -1.308 -1.308 -1.296 -1.288 -1.28 -1.282 -1.293 -1.297 -1.291 -1.289 -1.293 -1.28 -1.258 -1.267 -1.279 -1.266 -1.26 -1.247 -1.216 -1.209 -1.211 -1.203 -1.197 -1.195 -1.197 -1.2 -1.207 -1.204 -1.191 -1.18 -1.178 -1.168 -1.149 -1.134 -1.124 -1.105 -1.1 -1.088 -1.071 -1.067 -1.049 -1.028 -1.0 -0.965 -0.935 -0.898 -0.875 -0.868 -0.859 -0.848 -0.838 -0.831 -0.843 -0.835 -0.815 -0.803 -0.795 -0.783
