Validation/Results/raw data/ReClimate_06_2024_2.asc
NCOLS 192
NROWS 249
XLLCENTER -225160.85627316462
YLLCENTER 29788.11610251502
CELLSIZE 5000.0
NODATA_VALUE -9999
[rows 68 to 101 of 249, columns 75 to 149 of 192]
-9999 -9999 -9999 -9999 -9999 -9999 -9999 -9999 -9999 -9999 -9999 101.313 101.293 101.274 101.151 101.0 100.865 100.744 100.636 100.538 100.45 100.371 100.298 100.232 100.172 100.116 100.064 100.015 99.972 -9999 -9999 -9999 -9999 -9999 -9999 -9999 -9999 -9999 -9999 -9999 -9999 -9999 -9999 -9999 -9999 -9999 -9999 -9999 -9999 -9999 -9999 -9999 -9999 -9999 -9999 -9999 -9999 -9999 -9999 -9999 -9999 -9999 -9999 -9999 -9999 -9999 -9999 -9999 -9999 -9999 -9999 -9999 -9999 -9999 -9999
-9999 -9999 -9999 -9999 -9999 -9999 -9999 -9999 -9999 -9999 -9999 -9999 -9999 101.136 100.973 100.828 100.698 100.583 100.479 100.386 100.302 100.225 100.156 100.092 100.034 99.98 99.928 -9999 -9999 -9999 -9999 -9999 -9999 -9999 -9999 -9999 -9999 -9999 -9999 -9999 -9999 -9999 -9999 -9999 -9999 -9999 -9999 -9999 -9999 -9999 -9999 -9999 -9999 -9999 -9999 -9999 -9999 -9999 -9999 -9999 -9999 -9999 -9999 -9999 -9999 -9999 -9999 -9999 -9999 -9999 -9999 -9999 -9999 -9999 -9999
-9999 -9999 -9999 -9999 -9999 -9999 -9999 101.329 -9999 -9999 101.331 101.268 101.136 100.958 100.801 100.662 100.538 100.427 100.327 100.238 100.157 100.084 100.017 99.956 99.9 99.847 99.797 -9999 -9999 -9999 -9999 -9999 -9999 -9999 -9999 -9999 -9999 -9999 -9999 -9999 -9999 -9999 -9999 -9999 -9999 -9999 -9999 -9999 -9999 -9999 -9999 -9999 -9999 -9999 -9999 -9999 -9999 -9999 -9999 -9999 -9999 -9999 -9999 -9999 -9999 -9999 -9999 -9999 -9999 -9999 -9999 -9999 -9999 -9999 -9999
-9999 -9999 -9999 -9999 -9999 101.139 101.189 101.331 101.333 101.335 101.307 101.153 100.957 100.785 100.634 100.5 100.381 100.274 100.179 100.093 100.016 99.946 99.882 99.823 99.769 99.718 99.669 -9999 -9999 -9999 -9999 -9999 -9999 -9999 -9999 -9999 -9999 -9999 -9999 -9999 -9999 -9999 -9999 -9999 -9999 -9999 -9999 -9999 -9999 -9999 -9999 -9999 -9999 -9999 -9999 -9999 -9999 -9999 -9999 -9999 -9999 -9999 -9999 -9999 -9999 -9999 -9999 -9999 -9999 -9999 -9999 -9999 -9999 -9999 -9999
-9999 -9999 -9999 -9999 -9999 100.922 101.168 -9999 101.276 101.264 101.145 100.945 100.772 100.616 100.47 100.341 100.226 100.124 100.032 99.95 99.875 99.808 99.747 99.692 99.64 99.591 -9999 99.497 -9999 -9999 -9999 -9999 -9999 -9999 -9999 -9999 -9999 -9999 -9999 -9999 -9999 -9999 -9999 -9999 -9999 -9999 -9999 -9999 -9999 -9999 -9999 -9999 -9999 -9999 -9999 -9999 -9999 -9999 -9999 -9999 -9999 -9999 -9999 -9999 -9999 -9999 -9999 -9999 -9999 -9999 -9999 -9999 -9999 -9999 -9999
-9999 -9999 -9999 -9999 -9999 -9999 101.015 101.092 101.091 101.017 100.812 100.633 100.479 100.347 100.234 100.136 100.052 99.972 99.885 99.806 99.735 99.671 99.613 99.56 99.511 99.465 99.42 99.376 -9999 -9999 -9999 -9999 -9999 -9999 -9999 -9999 -9999 -9999 -9999 -9999 -9999 -9999 -9999 -9999 -9999 -9999 -9999 -9999 -9999 -9999 -9999 -9999 -9999 -9999 -9999 -9999 -9999 -9999 -9999 -9999 -9999 -9999 -9999 -9999 -9999 -9999 -9999 -9999 -9999 -9999 -9999 -9999 -9999 -9999 -9999
-9999 -9999 -9999 -9999 -9999 -9999 -9999 100.875 100.839 100.654 100.466 100.301 100.161 100.05 99.958 99.881 99.815 99.75 99.694 99.645 99.593 99.532 99.477 99.427 99.381 99.338 99.297 99.253 -9999 -9999 -9999 -9999 -9999 -9999 -9999 -9999 -9999 -9999 -9999 -9999 -9999 -9999 -9999 -9999 -9999 -9999 -9999 -9999 -9999 -9999 -9999 -9999 -9999 -9999 -9999 -9999 -9999 -9999 -9999 -9999 -9999 -9999 -9999 -9999 -9999 -9999 -9999 -9999 -9999 -9999 -9999 -9999 -9999 -9999 -9999
-9999 -9999 -9999 -9999 -9999 100.387 100.521 100.604 100.513 100.319 100.147 99.994 99.863 99.756 99.677 99.611 99.555 99.508 99.469 99.435 99.4 99.37 99.337 99.29 99.248 -9999 99.169 -9999 -9999 -9999 -9999 -9999 -9999 98.867 98.813 98.759 -9999 -9999 -9999 -9999 -9999 -9999 -9999 -9999 -9999 -9999 -9999 -9999 -9999 -9999 -9999 -9999 -9999 -9999 -9999 -9999 -9999 -9999 -9999 -9999 -9999 -9999 -9999 -9999 -9999 -9999 -9999 -9999 -9999 -9999 -9999 -9999 -9999 -9999 -9999
99.8 -9999 -9999 -9999 -9999 -9999 100.256 100.265 100.131 99.999 99.849 99.708 99.583 99.481 99.404 99.348 99.301 99.262 99.23 99.204 99.184 99.169 99.149 99.132 99.108 99.073 -9999 -9999 -9999 -9999 98.907 98.866 98.8 98.73 98.669 98.614 98.57 98.528 98.493 98.464 98.438 98.422 98.411 98.408 98.411 98.423 98.424 98.455 98.499 98.561 98.591 98.456 -9999 -9999 -9999 -9999 -9999 -9999 -9999 -9999 -9999 -9999 -9999 -9999 -9999 -9999 -9999 -9999 -9999 -9999 -9999 -9999 -9999 -9999 -9999
99.463 -9999 -9999 -9999 99.759 -9999 99.949 99.859 99.76 99.657 99.555 99.439 99.323 99.222 99.143 99.089 99.051 99.019 98.993 98.973 98.957 98.947 98.941 98.936 98.929 -9999 -9999 -9999 -9999 98.746 98.743 98.662 98.581 98.508 98.443 98.385 98.333 98.288 98.249 98.216 98.189 98.167 98.151 98.14 98.136 98.137 98.146 98.163 98.19 98.23 98.261 98.279 -9999 -9999 -9999 -9999 -9999 -9999 -9999 -9999 -9999 -9999 -9999 -9999 -9999 -9999 -9999 -9999 -9999 -9999 -9999 -9999 -9999 -9999 -9999
99.148 -9999 -9999 -9999 99.478 99.559 99.58 99.488 99.403 99.327 99.249 99.168 99.075 98.979 98.898 98.836 98.802 98.777 98.757 98.741 98.729 98.722 98.718 98.718 -9999 -9999 98.696 98.67 98.622 98.582 98.497 98.409 98.327 98.252 98.185 98.124 98.069 98.021 97.978 97.941 97.908 97.88 97.857 97.838 97.823 97.812 97.806 97.806 97.811 97.824 97.835 97.866 97.893 -9999 -9999 -9999 -9999 -9999 -9999 -9999 -9999 -9999 -9999 -9999 -9999 -9999 -9999 -9999 -9999 -9999 -9999 -9999 -9999 -9999 -9999
98.851 -9999 99.023 -9999 99.191 99.263 99.233 99.15 99.076 99.011 98.952 98.892 98.826 98.748 98.667 98.602 98.554 98.533 98.518 98.506 98.498 98.492 98.489 98.483 -9999 98.399 98.417 98.411 98.376 98.308 98.229 98.147 98.067 97.993 97.925 97.863 97.807 97.756 97.71 97.669 97.633 97.6 97.57 97.543 97.519 97.497 97.478 97.461 97.447 97.435 97.416 97.407 97.4 -9999 -9999 -9999 -9999 -9999 -9999 -9999 -9999 -9999 -9999 -9999 -9999 -9999 -9999 -9999 -9999 -9999 -9999 -9999 -9999 -9999 -9999
-9999 98.659 -9999 -9999 -9999 98.968 98.91 98.839 98.776 98.719 98.667 98.621 98.572 98.517 98.449 98.38 98.327 98.287 98.274 98.266 98.26 98.256 98.24 98.185 98.146 98.119 98.118 98.104 98.074 98.026 97.953 97.877 97.802 97.73 97.663 97.601 97.544 97.492 97.444 97.401 97.36 97.323 97.288 97.254 97.222 97.19 97.159 97.127 97.094 97.059 97.021 96.966 96.912 -9999 -9999 -9999 -9999 -9999 -9999 -9999 -9999 -9999 -9999 -9999 -9999 -9999 -9999 -9999 -9999 -9999 -9999 -9999 -9999 -9999 -9999
98.298 -9999 -9999 -9999 -9999 98.678 98.61 98.55 -9999 98.446 98.401 98.36 98.322 98.28 98.232 98.17 98.11 98.064 98.03 98.019 98.013 97.986 97.91 97.85 97.835 97.823 97.81 97.793 97.768 97.727 97.673 97.602 97.531 97.462 97.397 97.336 97.28 97.228 97.179 97.134 97.091 97.049 97.009 96.97 96.93 96.889 96.846 96.8 96.749 96.693 96.628 96.539 96.487 -9999 -9999 -9999 -9999 -9999 -9999 -9999 -9999 -9999 -9999 -9999 -9999 -9999 -9999 -9999 -9999 -9999 -9999 -9999 -9999 -9999 -9999
98.038 -9999 -9999 -9999 98.41 -9999 -9999 98.279 98.232 98.189 98.15 98.113 98.079 98.047 98.008 97.963 97.906 97.852 97.809 97.771 97.722 97.639 97.572 97.551 97.538 97.525 97.509 97.488 97.461 97.428 97.381 97.325 97.257 97.192 97.129 97.07 97.015 96.963 96.914 96.868 96.822 96.778 96.733 96.688 96.641 96.591 96.537 96.477 96.41 96.333 96.234 96.139 -9999 -9999 -9999 -9999 -9999 -9999 -9999 -9999 -9999 -9999 -9999 -9999 -9999 -9999 -9999 -9999 -9999 -9999 -9999 -9999 -9999 -9999 -9999
97.786 97.889 97.987 -9999 -9999 -9999 98.071 98.023 -9999 97.945 97.91 97.878 97.846 97.817 97.787 97.749 97.703 97.65 97.592 97.507 97.389 97.299 97.275 97.262 97.249 97.234 97.215 97.192 97.163 97.128 97.088 97.038 96.981 96.918 96.858 96.802 96.749 96.698 96.649 96.602 96.555 96.508 96.459 96.408 96.354 96.295 96.231 96.158 96.075 95.977 95.853 -9999 -9999 -9999 -9999 -9999 -9999 -9999 -9999 -9999 -9999 -9999 -9999 -9999 -9999 -9999 -9999 -9999 -9999 -9999 -9999 -9999 -9999 -9999 -9999
97.54 97.646 97.747 -9999 97.893 97.857 97.815 97.778 97.744 97.712 97.681 97.651 97.623 97.594 97.566 97.535 97.497 97.442 97.348 97.214 97.098 97.04 97.002 96.981 96.967 96.951 96.929 96.903 96.872 96.835 96.795 96.75 96.699 96.643 96.586 96.532 96.481 96.432 96.384 96.336 96.288 96.238 96.185 96.129 96.068 96.001 95.925 95.839 95.739 95.621 95.484 -9999 -9999 -9999 -9999 -9999 -9999 -9999 -9999 -9999 -9999 -9999 -9999 -9999 -9999 -9999 -9999 -9999 -9999 -9999 -9999 -9999 -9999 -9999 -9999
97.301 97.409 97.512 97.608 97.639 97.605 -9999 97.544 97.515 97.487 97.46 97.432 97.406 97.378 97.351 97.322 97.283 97.204 97.066 96.948 96.88 96.824 96.777 96.735 96.698 96.674 96.651 96.623 96.589 96.55 96.508 96.463 96.415 96.365 96.312 96.261 96.212 96.165 96.118 96.07 96.021 95.968 95.912 95.85 95.782 95.705 95.619 95.519 95.402 95.263 -9999 -9999 -9999 -9999 -9999 -9999 -9999 -9999 -9999 -9999 -9999 -9999 -9999 -9999 -9999 -9999 -9999 -9999 -9999 -9999 -9999 -9999 -9999 -9999 -9999
-9999 -9999 -9999 97.371 97.392 -9999 97.344 97.317 97.293 97.268 97.244 97.219 97.194 97.167 97.139 97.109 97.051 96.922 96.81 96.746 96.688 96.633 96.579 96.527 96.481 96.435 96.389 96.35 96.314 96.273 96.228 96.18 96.133 96.084 96.036 95.988 95.943 95.898 95.852 95.804 95.753 95.698 95.637 95.569 95.493 95.408 95.309 95.195 95.061 94.939 -9999 -9999 -9999 -9999 -9999 -9999 -9999 -9999 -9999 -9999 -9999 -9999 -9999 -9999 -9999 -9999 -9999 -9999 -9999 -9999 -9999 -9999 -9999 -9999 -9999
-9999 -9999 97.051 97.135 -9999 97.137 97.117 -9999 97.075 97.054 97.033 97.009 96.982 96.953 96.923 96.877 96.771 96.681 96.62 96.562 96.506 96.452 96.4 96.347 96.293 96.236 96.181 96.127 96.068 96.008 95.954 95.904 95.853 95.805 95.759 95.715 95.673 95.631 95.586 95.538 95.484 95.425 95.359 95.285 95.202 95.106 95.003 94.909 94.804 94.735 -9999 -9999 -9999 -9999 -9999 -9999 -9999 -9999 -9999 -9999 -9999 -9999 -9999 -9999 -9999 -9999 -9999 -9999 -9999 -9999 -9999 -9999 -9999 -9999 -9999
-9999 -9999 96.824 -9999 -9999 96.91 96.894 96.879 96.861 96.841 96.818 96.793 96.767 96.739 96.703 96.633 96.565 96.506 96.448 96.393 96.34 96.287 96.235 96.182 96.127 96.07 96.009 95.945 95.877 95.809 95.74 95.669 95.6 95.539 95.486 95.443 95.405 95.364 95.32 95.27 95.214 95.153 95.094 95.03 94.959 94.881 94.806 94.724 94.633 94.528 -9999 -9999 -9999 -9999 -9999 -9999 -9999 -9999 -9999 -9999 -9999 -9999 -9999 -9999 -9999 -9999 -9999 -9999 -9999 -9999 -9999 -9999 -9999 -9999 -9999
-9999 -9999 -9999 -9999 -9999 -9999 96.675 96.662 96.645 96.626 96.606 96.584 96.56 96.545 96.527 96.465 96.406 96.349 96.294 96.24 96.189 96.137 96.085 96.032 95.977 95.919 95.857 95.792 95.723 95.649 95.572 95.491 95.412 95.339 95.282 95.241 95.202 95.162 95.119 95.072 95.021 94.969 94.913 94.854 94.79 94.721 94.644 94.56 94.465 -9999 -9999 -9999 -9999 -9999 -9999 -9999 -9999 -9999 -9999 -9999 -9999 -9999 -9999 -9999 -9999 -9999 -9999 -9999 -9999 -9999 -9999 -9999 -9999 -9999 -9999
-9999 -9999 -9999 -9999 96.472 96.463 -9999 96.446 96.434 96.42 96.406 96.404 96.414 96.424 96.38 96.321 96.264 96.209 96.154 96.101 96.051 96.0 95.949 95.896 95.84 95.782 95.72 95.655 95.585 95.51 95.432 95.349 95.263 95.183 95.126 95.084 95.042 95.004 94.962 94.917 94.869 94.817 94.761 94.7 94.635 94.563 94.485 94.397 94.299 -9999 -9999 -9999 -9999 -9999 -9999 -9999 -9999 -9999 -9999 -9999 -9999 -9999 -9999 -9999 -9999 -9999 -9999 -9999 -9999 -9999 -9999 -9999 -9999 -9999 -9999
-9999 -9999 -9999 96.227 96.26 96.245 96.244 96.243 96.25 96.264 96.28 96.302 96.321 96.307 96.248 96.192 96.137 96.082 96.028 95.975 95.925 95.875 95.824 95.771 95.716 95.657 95.596 95.53 95.461 95.387 95.309 95.227 95.141 95.065 95.007 94.957 94.908 94.86 94.816 94.77 94.72 94.667 94.61 94.548 94.481 94.408 94.326 94.235 -9999 -9999 -9999 -9999 -9999 -9999 -9999 -9999 -9999 -9999 -9999 -9999 -9999 -9999 -9999 -9999 -9999 -9999 -9999 -9999 -9999 -9999 -9999 -9999 -9999 -9999 -9999
-9999 -9999 -9999 96.016 -9999 96.082 96.103 96.126 96.152 96.176 96.198 96.219 96.227 96.186 96.13 96.075 96.022 95.968 95.913 95.86 95.809 95.76 95.709 95.657 95.601 95.543 95.482 95.417 95.349 95.277 95.201 95.123 95.044 94.972 94.909 94.849 94.79 94.733 94.678 94.625 94.574 94.519 94.461 94.397 94.328 94.252 94.168 94.073 -9999 -9999 -9999 -9999 -9999 -9999 -9999 -9999 -9999 -9999 -9999 -9999 -9999 -9999 -9999 -9999 -9999 -9999 -9999 -9999 -9999 -9999 -9999 -9999 -9999 -9999 -9999
-9999 -9999 -9999 -9999 -9999 95.996 96.025 96.051 96.076 96.099 96.121 96.141 96.132 96.076 96.022 95.969 95.916 95.863 95.809 95.754 95.702 95.654 95.604 95.551 95.496 95.439 95.378 95.314 95.247 95.177 95.104 95.03 94.955 94.884 94.817 94.751 94.684 94.617 94.555 94.491 94.429 94.372 94.312 94.246 94.174 94.096 94.008 93.91 -9999 -9999 -9999 -9999 -9999 -9999 -9999 -9999 -9999 -9999 -9999 -9999 -9999 -9999 -9999 -9999 -9999 -9999 -9999 -9999 -9999 -9999 -9999 -9999 -9999 -9999 -9999
-9999 -9999 -9999 95.89 95.895 95.926 95.955 95.981 96.005 96.028 96.049 96.062 -9999 95.976 95.924 95.872 95.82 95.767 95.712 95.656 95.603 95.555 95.505 95.454 95.399 95.342 95.282 95.219 95.153 95.085 95.014 94.942 94.869 94.798 94.727 94.656 94.582 94.51 94.44 94.368 94.296 94.225 94.162 94.094 94.02 93.938 93.847 93.768 -9999 -9999 -9999 -9999 -9999 -9999 -9999 -9999 -9999 -9999 -9999 -9999 -9999 -9999 -9999 -9999 -9999 -9999 -9999 -9999 -9999 -9999 -9999 -9999 -9999 -9999 -9999
96.029 95.917 95.89 -9999 95.864 95.861 95.889 95.914 95.938 95.96 95.98 -9999 95.936 95.885 95.834 95.782 95.731 95.678 95.623 95.566 95.513 95.464 95.414 95.363 95.308 95.252 95.192 95.13 95.065 94.997 94.928 94.857 94.785 94.712 94.638 94.562 94.483 94.404 94.328 94.252 94.171 94.09 94.01 93.94 93.863 93.778 93.682 -9999 -9999 -9999 -9999 -9999 -9999 -9999 -9999 -9999 -9999 -9999 -9999 -9999 -9999 -9999 -9999 -9999 -9999 -9999 -9999 -9999 -9999 -9999 -9999 -9999 -9999 -9999 -9999
95.922 95.905 95.892 95.877 -9999 95.818 95.825 95.85 95.873 95.894 95.913 95.901 95.85 95.8 95.75 95.699 95.648 95.595 95.54 95.482 95.427 95.378 95.329 95.277 95.223 95.167 95.108 95.046 94.981 94.914 94.845 94.773 94.7 94.626 94.549 94.469 94.385 94.3 94.218 94.139 94.053 93.962 93.872 93.783 93.703 -9999 -9999 -9999 -9999 -9999 -9999 -9999 -9999 -9999 -9999 -9999 -9999 -9999 -9999 -9999 -9999 -9999 -9999 -9999 -9999 -9999 -9999 -9999 -9999 -9999 -9999 -9999 -9999 -9999 -9999
-9999 -9999 95.894 -9999 95.846 95.801 95.775 95.788 95.811 -9999 -9999 95.82 95.77 95.721 95.672 95.622 95.57 95.517 95.461 95.404 95.347 95.297 95.248 95.197 95.143 95.086 95.027 94.965 94.901 94.833 94.764 94.691 94.617 94.54 94.459 94.376 94.287 94.195 94.107 94.025 93.937 93.841 93.739 93.638 -9999 -9999 -9999 -9999 -9999 -9999 -9999 -9999 -9999 -9999 -9999 -9999 -9999 -9999 -9999 -9999 -9999 -9999 -9999 -9999 -9999 -9999 -9999 -9999 -9999 -9999 -9999 -9999 -9999 -9999 -9999
95.923 -9999 95.896 95.883 95.854 95.802 95.758 95.735 -9999 -9999 95.773 95.744 95.696 95.647 95.598 95.548 95.497 95.443 95.387 95.329 95.272 95.22 95.171 95.12 95.066 95.01 94.95 94.888 94.823 94.755 94.684 94.61 94.533 94.453 94.37 94.282 94.188 94.09 93.996 93.91 93.819 93.721 93.613 93.498 93.391 -9999 -9999 -9999 -9999 -9999 -9999 -9999 -9999 -9999 -9999 -9999 -9999 -9999 -9999 -9999 -9999 -9999 -9999 -9999 -9999 -9999 -9999 -9999 -9999 -9999 -9999 -9999 -9999 -9999 -9999
95.925 95.911 95.897 95.884 95.862 95.819 95.759 -9999 -9999 95.725 95.714 95.672 95.625 95.578 95.529 95.479 95.427 95.373 95.317 95.257 95.199 95.147 95.098 95.047 94.993 94.936 94.876 94.814 94.749 94.683 94.613 94.539 94.462 94.381 94.295 94.204 94.107 94.003 93.904 93.812 93.715 93.61 93.493 93.365 -9999 -9999 -9999 -9999 -9999 -9999 -9999 -9999 -9999 -9999 -9999 -9999 -9999 -9999 -9999 -9999 -9999 -9999 -9999 -9999 -9999 -9999 -9999 -9999 -9999 -9999 -9999 -9999 -9999 -9999 -9999
95.91 95.9 -9999 -9999 95.87 95.835 -9999 -9999 -9999 95.665 95.648 95.605 95.558 95.511 95.462 95.412 95.36 95.306 95.249 95.189 95.129 95.077 95.028 94.977 94.923 94.868 94.81 94.751 94.688 94.622 94.552 94.478 94.4 94.317 94.229 94.135 94.035 93.927 93.823 93.726 93.627 93.519 93.399 93.267 -9999 -9999 -9999 -9999 -9999 -9999 -9999 -9999 -9999 -9999 -9999 -9999 -9999 -9999 -9999 -9999 -9999 -9999 -9999 -9999 -9999 -9999 -9999 -9999 -9999 -9999 -9999 -9999 -9999 -9999 -9999
-9999 95.866 95.86 95.855 -9999 -9999 -9999 -9999 95.69 95.657 95.605 95.54 95.494 95.447 95.398 95.348 95.295 95.24 95.183 95.122 95.062 95.009 94.961 94.913 94.863 94.81 94.754 94.695 94.632 94.565 94.494 94.42 94.34 94.255 94.165 94.068 93.964 93.853 93.744 93.646 93.545 93.438 93.319 -9999 -9999 -9999 -9999 -9999 -9999 -9999 -9999 -9999 -9999 -9999 -9999 -9999 -9999 -9999 -9999 -9999 -9999 -9999 -9999 -9999 -9999 -9999 -9999 -9999 -9999 -9999 -9999 -9999 -9999 -9999 -9999
