Validation/Results/raw data/ReClimate_04_2024_1_Precipitation-Actuals.asc
NCOLS 192
NROWS 249
XLLCENTER -225160.85627316462
YLLCENTER 29788.11610251502
CELLSIZE 5000.0
NODATA_VALUE -9999
[rows 132 to 164 of 249, columns 75 to 149 of 192]
-9999 -9999 -9999 -9999 -9999 -9999 -9999 -9999 -9999 -9999 -9999 -9999 78.065 83.429 93.455 98.034 101.203 103.365 117.139 124.71 130.112 127.233 100.17 91.836 96.05 101.979 98.15 92.56 90.0 95.471 87.737 83.842 78.737 84.648 91.618 98.297 97.371 88.772 90.649 89.464 88.515 95.788 92.427 85.819 80.394 76.046 72.701 65.153 61.19 62.208 60.052 56.269 54.852 60.562 54.309 49.887 46.744 -9999 -9999 -9999 -9999 -9999 -9999 -9999 -9999 -9999 -9999 -9999 -9999 -9999 -9999 -9999 -9999 -9999 -9999
-9999 -9999 -9999 -9999 -9999 -9999 -9999 -9999 -9999 -9999 -9999 -9999 79.984 100.892 95.24 93.734 91.654 93.121 109.83 142.21 146.453 121.491 107.015 94.914 96.517 96.723 97.231 102.017 86.672 81.661 80.681 79.088 81.744 82.846 90.983 92.431 86.537 81.29 82.394 80.792 83.199 83.66 85.012 85.608 81.747 77.986 68.473 62.587 59.77 57.771 56.773 56.204 53.234 51.699 52.582 49.893 47.356 -9999 -9999 -9999 -9999 -9999 -9999 -9999 -9999 -9999 -9999 -9999 -9999 -9999 -9999 -9999 -9999 -9999 -9999
-9999 -9999 -9999 -9999 -9999 -9999 -9999 -9999 -9999 -9999 -9999 78.034 95.446 94.79 93.54 90.179 86.972 88.301 108.731 126.87 123.711 128.703 111.007 100.421 91.679 91.156 97.395 89.37 85.618 79.653 75.04 79.607 77.62 79.876 82.597 83.256 78.76 74.459 73.395 75.887 72.781 77.561 84.445 79.569 75.106 72.848 69.543 63.103 60.65 57.146 51.864 53.676 55.077 50.047 49.492 50.664 48.833 46.307 -9999 -9999 -9999 -9999 -9999 -9999 -9999 -9999 -9999 -9999 -9999 -9999 -9999 -9999 -9999 -9999 -9999
-9999 -9999 -9999 -9999 -9999 -9999 -9999 -9999 -9999 -9999 72.89 -9999 83.743 92.082 89.927 86.532 81.506 78.823 88.941 95.53 116.216 127.827 113.281 96.747 85.892 82.504 80.498 81.426 84.185 84.329 80.801 79.714 72.639 70.259 69.689 69.565 68.034 65.016 66.154 66.473 68.383 71.685 69.196 68.371 68.907 67.381 63.358 59.219 53.801 54.321 56.583 53.207 53.833 52.89 50.754 51.456 49.5 47.629 -9999 -9999 -9999 -9999 -9999 -9999 -9999 -9999 -9999 -9999 -9999 -9999 -9999 -9999 -9999 -9999 -9999
77.089 -9999 -9999 -9999 -9999 -9999 -9999 -9999 -9999 -9999 70.999 -9999 76.244 80.502 79.362 77.477 76.5 78.491 76.781 84.623 106.025 112.642 108.485 101.079 87.096 77.292 78.046 81.576 90.691 94.982 -9999 -9999 -9999 -9999 -9999 -9999 63.041 60.778 61.83 63.957 65.387 64.826 67.841 71.724 65.997 62.707 63.536 56.977 56.562 57.013 52.183 52.716 52.0 53.038 49.576 49.527 49.017 48.052 46.707 -9999 -9999 -9999 -9999 -9999 -9999 -9999 -9999 -9999 -9999 -9999 -9999 -9999 -9999 -9999 -9999
81.223 65.233 -9999 -9999 -9999 -9999 -9999 -9999 -9999 -9999 70.13 69.195 66.874 67.217 73.029 74.356 77.598 75.262 71.517 77.778 93.063 105.769 102.089 101.181 89.019 79.876 81.507 77.971 84.494 80.193 -9999 -9999 -9999 -9999 62.513 62.993 61.434 59.85 60.147 61.032 62.708 67.933 78.568 80.506 70.856 70.34 63.056 62.76 62.157 58.184 53.69 55.06 54.345 53.65 58.393 54.773 50.082 49.608 47.08 -9999 -9999 -9999 -9999 -9999 -9999 -9999 -9999 -9999 -9999 -9999 -9999 -9999 -9999 -9999 -9999
75.753 69.137 63.238 -9999 -9999 -9999 -9999 -9999 -9999 -9999 68.989 63.831 61.964 -9999 -9999 76.095 75.841 71.129 69.308 -9999 76.404 83.159 86.247 87.72 76.195 78.919 76.074 71.971 -9999 -9999 -9999 -9999 -9999 62.838 62.197 61.404 59.222 59.871 58.553 58.216 63.545 73.041 89.136 91.998 82.788 78.022 69.038 66.284 61.35 60.788 62.501 55.373 58.511 57.404 58.431 57.563 53.262 50.67 48.721 -9999 -9999 -9999 -9999 -9999 -9999 -9999 -9999 -9999 -9999 -9999 -9999 -9999 -9999 -9999 -9999
78.924 76.862 67.55 -9999 -9999 -9999 -9999 -9999 -9999 -9999 -9999 63.417 58.213 -9999 -9999 -9999 69.133 67.408 68.321 64.17 -9999 -9999 73.367 73.79 75.054 75.815 75.719 -9999 -9999 -9999 -9999 -9999 67.206 63.631 62.794 61.946 61.261 60.865 58.33 60.291 64.785 70.742 84.021 87.137 92.541 82.649 79.396 75.587 71.554 69.338 68.777 63.797 57.359 58.89 58.285 55.069 52.064 52.759 52.034 -9999 -9999 -9999 -9999 -9999 -9999 -9999 -9999 -9999 -9999 -9999 -9999 -9999 -9999 -9999 -9999
72.796 69.616 -9999 -9999 -9999 -9999 -9999 -9999 -9999 -9999 -9999 -9999 57.709 -9999 -9999 -9999 -9999 62.633 69.026 66.081 -9999 -9999 -9999 69.885 67.824 -9999 -9999 -9999 -9999 -9999 -9999 -9999 66.052 64.563 65.939 67.217 69.087 66.523 63.154 61.76 63.557 68.305 70.593 83.215 86.742 84.244 90.524 85.333 79.752 70.31 70.883 69.642 61.976 57.077 55.166 52.123 50.682 52.57 51.289 -9999 -9999 -9999 -9999 -9999 -9999 -9999 -9999 -9999 -9999 -9999 -9999 -9999 -9999 -9999 -9999
65.72 -9999 -9999 -9999 -9999 -9999 -9999 -9999 -9999 -9999 -9999 -9999 62.958 -9999 -9999 -9999 -9999 -9999 65.119 62.589 -9999 -9999 -9999 -9999 -9999 -9999 -9999 -9999 -9999 -9999 -9999 -9999 68.013 72.425 75.139 79.735 80.459 78.419 72.236 67.792 63.978 63.069 71.641 86.038 97.479 102.541 96.809 86.748 71.557 68.873 65.15 61.574 60.078 59.042 55.492 50.668 50.247 52.986 53.755 48.967 -9999 -9999 -9999 -9999 -9999 -9999 -9999 -9999 -9999 -9999 -9999 -9999 -9999 -9999 -9999
-9999 64.403 64.225 62.015 57.26 -9999 -9999 -9999 -9999 -9999 -9999 -9999 63.466 -9999 -9999 -9999 -9999 -9999 -9999 -9999 -9999 -9999 -9999 -9999 -9999 -9999 -9999 -9999 -9999 -9999 -9999 70.258 75.765 74.215 76.809 80.54 94.315 91.197 85.243 71.457 64.961 65.206 60.812 76.613 97.311 105.904 100.779 84.882 89.976 86.898 73.094 66.726 56.668 54.651 55.445 54.189 52.791 52.321 53.808 51.838 47.469 -9999 -9999 -9999 -9999 -9999 -9999 -9999 -9999 -9999 -9999 -9999 -9999 -9999 -9999
64.198 65.968 63.415 58.306 56.27 -9999 -9999 -9999 -9999 -9999 -9999 -9999 -9999 -9999 -9999 -9999 -9999 -9999 -9999 -9999 -9999 -9999 -9999 -9999 -9999 -9999 -9999 -9999 -9999 -9999 69.543 71.975 76.764 78.743 84.422 99.011 122.681 113.779 92.254 79.892 69.924 59.981 59.865 68.609 88.863 109.219 96.825 90.871 86.356 77.164 73.963 68.388 62.457 52.881 52.318 51.209 50.489 50.523 50.668 46.854 44.406 -9999 -9999 -9999 -9999 -9999 -9999 -9999 -9999 -9999 -9999 -9999 -9999 -9999 -9999
65.794 64.4 61.075 -9999 53.86 54.554 -9999 -9999 -9999 -9999 -9999 -9999 -9999 -9999 -9999 -9999 -9999 -9999 -9999 -9999 -9999 -9999 -9999 -9999 -9999 -9999 -9999 -9999 -9999 -9999 80.754 80.376 85.485 103.85 113.626 115.466 111.139 114.353 107.484 90.016 77.95 68.955 61.886 63.713 78.503 88.535 99.04 91.194 81.431 71.404 67.128 60.278 57.306 54.238 52.316 51.201 49.483 47.481 47.482 43.89 41.971 42.753 43.157 -9999 -9999 -9999 -9999 -9999 -9999 -9999 -9999 -9999 -9999 -9999 -9999
67.141 64.268 60.115 -9999 -9999 56.848 -9999 -9999 -9999 -9999 -9999 -9999 -9999 -9999 -9999 -9999 -9999 -9999 -9999 -9999 -9999 -9999 -9999 -9999 -9999 -9999 -9999 -9999 -9999 -9999 84.358 87.121 98.171 109.5 121.986 125.301 134.841 137.065 121.26 107.621 98.25 78.718 67.305 59.42 60.681 73.318 78.414 74.712 74.661 69.393 60.101 56.052 52.403 50.551 50.095 49.616 47.091 45.754 46.263 47.614 46.476 51.038 51.162 48.264 46.265 50.637 -9999 -9999 -9999 -9999 -9999 -9999 -9999 -9999 -9999
66.758 64.344 57.281 56.799 -9999 56.185 -9999 -9999 -9999 -9999 -9999 -9999 -9999 -9999 -9999 -9999 -9999 -9999 -9999 -9999 -9999 -9999 -9999 -9999 -9999 -9999 -9999 -9999 -9999 68.206 85.07 97.437 116.417 152.208 173.141 174.625 148.417 144.395 141.428 138.452 115.31 104.943 82.154 65.696 63.137 67.425 62.4 66.854 72.933 67.505 60.227 56.075 52.749 50.544 48.731 48.059 46.298 45.167 45.445 47.905 48.558 50.715 59.145 58.424 55.615 55.775 51.275 52.365 -9999 -9999 -9999 -9999 -9999 -9999 -9999
68.198 60.757 58.541 -9999 56.264 -9999 -9999 -9999 -9999 -9999 -9999 -9999 -9999 -9999 -9999 -9999 -9999 -9999 -9999 -9999 -9999 -9999 -9999 -9999 -9999 -9999 -9999 -9999 -9999 -9999 70.66 88.319 117.662 148.75 173.694 192.797 193.079 147.857 145.563 131.646 136.522 119.644 92.306 80.269 75.996 70.275 71.097 86.439 76.79 73.343 73.704 67.952 58.692 53.961 51.219 48.15 47.207 46.468 47.945 48.109 46.902 46.84 54.41 56.352 55.364 55.664 55.772 53.785 52.598 -9999 -9999 -9999 -9999 -9999 -9999
67.715 62.082 59.374 58.627 59.29 -9999 -9999 -9999 -9999 -9999 -9999 -9999 -9999 -9999 -9999 -9999 -9999 -9999 -9999 -9999 -9999 -9999 -9999 -9999 -9999 -9999 -9999 -9999 -9999 -9999 -9999 75.317 94.879 117.668 151.311 178.779 161.711 129.707 114.663 121.465 120.426 100.946 94.32 95.358 89.183 82.228 91.746 89.519 86.054 90.284 81.72 71.246 66.765 59.577 54.145 49.354 47.793 47.946 48.301 51.099 57.075 56.77 62.993 69.071 64.403 63.492 56.46 55.502 53.891 53.548 -9999 -9999 -9999 -9999 -9999
73.184 67.364 58.931 58.983 -9999 -9999 -9999 -9999 -9999 -9999 -9999 -9999 -9999 -9999 -9999 -9999 -9999 -9999 -9999 -9999 -9999 -9999 -9999 -9999 -9999 -9999 -9999 -9999 -9999 -9999 -9999 69.224 81.682 97.465 116.354 148.428 145.241 116.146 109.057 103.483 93.663 90.087 89.513 95.557 107.658 98.336 100.955 101.356 92.825 80.859 72.371 68.167 65.152 61.521 53.202 48.812 48.236 48.68 50.7 54.001 59.625 63.751 63.16 64.638 64.338 65.943 63.691 57.728 56.76 55.287 54.701 -9999 -9999 -9999 -9999
76.517 65.915 60.512 57.73 -9999 -9999 -9999 -9999 -9999 -9999 -9999 -9999 -9999 -9999 -9999 -9999 -9999 -9999 -9999 -9999 -9999 -9999 -9999 -9999 -9999 -9999 -9999 -9999 -9999 -9999 -9999 -9999 78.416 87.238 103.716 123.101 107.032 109.128 97.404 91.364 87.962 83.035 85.0 95.361 98.739 108.448 100.297 97.268 89.581 81.944 76.04 73.304 62.121 58.13 51.727 49.512 48.933 49.102 52.597 56.577 57.978 61.679 64.312 64.738 61.825 60.322 61.229 60.714 57.191 58.079 56.44 -9999 -9999 -9999 -9999
-9999 -9999 -9999 -9999 -9999 -9999 -9999 -9999 -9999 -9999 -9999 -9999 -9999 -9999 -9999 -9999 -9999 -9999 -9999 -9999 -9999 -9999 -9999 -9999 -9999 -9999 -9999 -9999 -9999 -9999 -9999 -9999 74.717 89.503 97.085 87.985 96.25 91.411 95.06 93.238 81.696 82.517 83.32 88.649 114.302 101.341 99.361 95.729 93.132 79.809 74.741 68.87 63.835 56.89 53.244 49.426 48.218 48.117 49.254 54.973 59.603 59.524 59.547 58.961 57.478 57.962 57.586 60.686 58.669 54.15 53.848 51.768 -9999 -9999 -9999
-9999 -9999 -9999 -9999 -9999 -9999 -9999 -9999 -9999 -9999 -9999 -9999 -9999 -9999 -9999 -9999 -9999 -9999 -9999 -9999 -9999 -9999 -9999 -9999 -9999 -9999 -9999 -9999 -9999 -9999 -9999 -9999 -9999 82.858 78.493 76.398 78.131 85.017 85.368 75.871 74.126 78.711 80.715 93.336 105.806 109.123 102.848 94.281 97.254 93.333 86.496 75.614 72.985 66.145 57.589 51.673 48.119 46.48 46.141 48.339 57.048 60.495 56.845 52.209 50.684 50.321 50.151 50.735 53.284 50.188 47.87 47.009 -9999 -9999 -9999
-9999 -9999 -9999 -9999 -9999 -9999 -9999 -9999 -9999 -9999 -9999 -9999 -9999 -9999 -9999 -9999 -9999 -9999 -9999 -9999 -9999 -9999 -9999 -9999 -9999 -9999 -9999 -9999 -9999 -9999 -9999 -9999 -9999 73.452 -9999 72.628 74.878 72.682 69.301 -9999 71.06 75.611 79.149 89.11 105.704 109.483 101.026 103.227 99.589 97.853 102.337 89.458 79.711 73.531 65.908 55.367 50.265 48.469 45.738 46.996 50.916 55.035 54.42 52.306 48.937 45.119 44.924 47.237 48.588 47.837 51.929 52.608 49.223 -9999 -9999
-9999 -9999 -9999 -9999 -9999 -9999 -9999 -9999 -9999 -9999 -9999 -9999 -9999 -9999 -9999 -9999 -9999 -9999 -9999 -9999 -9999 -9999 -9999 -9999 -9999 -9999 -9999 -9999 -9999 -9999 -9999 -9999 -9999 -9999 69.565 73.229 -9999 -9999 -9999 -9999 67.37 69.674 69.675 80.273 86.348 96.678 104.282 99.077 100.712 95.02 93.532 99.278 86.457 76.273 67.683 59.752 52.607 50.22 48.572 47.695 50.488 52.879 54.958 53.548 52.548 49.643 45.687 47.739 49.945 50.007 49.606 58.605 57.874 53.083 49.597
-9999 -9999 -9999 -9999 -9999 -9999 -9999 -9999 -9999 -9999 -9999 -9999 -9999 -9999 -9999 -9999 -9999 -9999 -9999 -9999 -9999 -9999 -9999 -9999 -9999 -9999 -9999 -9999 -9999 -9999 -9999 -9999 -9999 -9999 63.871 65.845 -9999 -9999 -9999 -9999 66.053 67.554 67.916 70.907 78.025 86.671 78.422 83.963 95.886 90.99 86.138 93.649 87.548 79.606 69.726 62.076 53.505 49.63 48.836 48.325 51.644 51.983 52.266 53.424 54.538 52.957 50.613 50.524 51.672 52.972 53.043 55.51 58.213 52.444 47.657
-9999 -9999 -9999 -9999 -9999 -9999 -9999 -9999 -9999 -9999 -9999 -9999 -9999 -9999 -9999 -9999 -9999 -9999 -9999 -9999 -9999 -9999 -9999 -9999 -9999 -9999 -9999 -9999 -9999 -9999 -9999 -9999 -9999 -9999 61.926 -9999 -9999 -9999 -9999 64.998 66.967 70.095 80.725 86.536 88.32 83.71 75.598 86.872 91.75 81.745 82.33 79.338 80.514 76.129 68.982 60.925 54.364 50.311 50.115 48.489 47.81 50.238 49.619 50.426 51.91 55.209 57.585 56.124 55.005 53.735 53.566 51.53 52.118 48.41 -9999
-9999 -9999 -9999 -9999 -9999 -9999 -9999 -9999 -9999 -9999 -9999 -9999 -9999 -9999 -9999 -9999 -9999 -9999 -9999 -9999 -9999 -9999 -9999 -9999 -9999 -9999 -9999 -9999 -9999 -9999 -9999 -9999 -9999 -9999 -9999 -9999 -9999 -9999 -9999 63.388 67.198 82.94 96.63 102.944 98.054 87.201 82.052 76.295 76.406 73.851 74.668 77.419 75.541 74.607 69.416 61.711 57.039 53.083 50.979 49.238 47.412 48.266 49.343 49.968 51.548 53.537 59.919 62.499 54.686 52.668 51.654 50.25 48.615 47.55 -9999
-9999 -9999 -9999 -9999 -9999 -9999 -9999 -9999 -9999 -9999 -9999 -9999 -9999 -9999 -9999 -9999 -9999 -9999 -9999 -9999 -9999 -9999 -9999 -9999 -9999 -9999 -9999 -9999 -9999 -9999 -9999 -9999 -9999 -9999 -9999 -9999 -9999 -9999 -9999 62.802 70.824 84.584 101.518 108.554 99.342 88.189 75.263 73.411 71.58 68.03 68.675 67.81 72.275 69.856 68.337 62.501 57.178 53.437 50.785 50.412 48.48 48.96 49.845 49.653 51.103 52.582 56.033 60.411 56.803 52.333 52.793 50.917 48.689 46.845 -9999
-9999 -9999 -9999 -9999 -9999 -9999 -9999 -9999 -9999 -9999 -9999 -9999 -9999 -9999 -9999 -9999 -9999 -9999 -9999 -9999 -9999 -9999 -9999 -9999 -9999 -9999 -9999 -9999 -9999 -9999 -9999 -9999 -9999 -9999 -9999 -9999 -9999 -9999 61.513 63.765 72.726 86.101 101.963 109.132 94.117 87.304 75.229 73.088 68.229 68.123 68.61 70.817 67.056 65.701 60.803 58.983 53.784 52.58 50.479 49.208 49.561 48.294 48.824 49.283 50.183 51.006 52.301 56.282 55.853 53.499 51.038 50.199 51.476 47.672 44.695
-9999 -9999 -9999 -9999 -9999 -9999 -9999 -9999 -9999 -9999 -9999 -9999 -9999 -9999 -9999 -9999 -9999 -9999 -9999 -9999 -9999 -9999 -9999 -9999 -9999 -9999 -9999 -9999 -9999 -9999 -9999 -9999 -9999 -9999 -9999 -9999 -9999 -9999 62.754 63.574 68.97 79.134 93.783 84.328 80.61 75.133 79.489 82.022 74.995 73.02 71.835 68.197 66.65 63.927 63.139 61.512 58.789 53.665 52.482 50.757 49.045 48.525 47.955 47.42 45.497 46.418 49.072 52.081 54.482 53.627 51.841 49.478 49.254 50.042 44.913
-9999 -9999 -9999 -9999 -9999 -9999 -9999 -9999 -9999 -9999 -9999 -9999 -9999 -9999 -9999 -9999 -9999 -9999 -9999 -9999 -9999 -9999 -9999 -9999 -9999 -9999 -9999 -9999 -9999 -9999 -9999 -9999 -9999 -9999 -9999 -9999 -9999 62.547 61.81 61.861 65.621 74.582 77.95 77.352 73.849 74.807 78.684 77.19 74.45 73.645 76.363 71.505 62.593 61.727 59.847 59.074 58.955 58.002 53.717 51.688 49.347 48.24 48.09 47.325 44.234 42.637 46.294 50.41 52.996 53.958 51.913 49.854 49.527 49.818 48.148
-9999 -9999 -9999 -9999 -9999 -9999 -9999 -9999 -9999 -9999 -9999 -9999 -9999 -9999 -9999 -9999 -9999 -9999 -9999 -9999 -9999 -9999 -9999 -9999 -9999 -9999 -9999 -9999 -9999 -9999 -9999 -9999 -9999 -9999 -9999 -9999 -9999 58.559 60.85 61.422 64.562 68.887 71.779 71.997 73.937 74.911 73.402 74.648 74.609 87.672 85.39 76.933 68.492 60.882 60.836 56.558 53.897 55.604 55.561 51.893 48.377 48.243 49.127 47.955 47.213 45.465 45.635 48.265 51.95 53.965 53.792 51.048 49.726 48.196 47.947
-9999 -9999 -9999 -9999 -9999 -9999 -9999 -9999 -9999 -9999 -9999 -9999 -9999 -9999 -9999 -9999 -9999 -9999 -9999 -9999 -9999 -9999 -9999 -9999 -9999 -9999 -9999 -9999 -9999 -9999 -9999 -9999 -9999 -9999 -9999 -9999 -9999 58.71 59.573 61.624 63.413 65.405 68.011 71.419 74.163 74.602 79.265 89.296 89.505 91.366 84.251 76.195 68.614 61.916 61.717 60.954 55.676 53.741 52.034 51.204 49.639 48.723 49.469 47.083 49.039 49.99 48.33 47.762 49.308 52.003 53.051 51.876 49.784 47.891 46.82
-9999 -9999 -9999 -9999 -9999 -9999 -9999 -9999 -9999 -9999 -9999 -9999 -9999 -9999 -9999 -9999 -9999 -9999 -9999 -9999 -9999 -9999 -9999 -9999 -9999 -9999 -9999 -9999 -9999 -9999 -9999 -9999 -9999 -9999 -9999 -9999 -9999 -9999 59.523 60.675 59.16 58.139 69.002 78.964 84.709 87.93 95.685 86.805 91.497 85.981 82.78 74.064 63.343 60.527 55.063 58.155 55.675 53.132 52.767 50.353 50.275 50.402 50.123 49.259 49.549 52.013 49.565 46.59 47.502 48.577 50.198 -9999 48.959 -9999 46.77
