Validation/Results/raw data/ReClimate_01_2024_2_Precipitation-Actuals.asc
NCOLS 192
NROWS 249
XLLCENTER -225160.85627316462
YLLCENTER 29788.11610251502
CELLSIZE 5000.0
NODATA_VALUE -9999
[rows 66 to 98 of 249, columns 75 to 149 of 192]
-9999 -9999 -9999 -9999 -9999 -9999 -9999 -9999 -9999 -9999 108.603 -9999 130.08 160.75 197.556 201.065 205.481 182.472 172.86 145.454 126.296 103.48 108.647 114.136 103.852 102.332 101.143 96.572 97.906 91.757 92.424 -9999 -9999 -9999 -9999 -9999 -9999 -9999 -9999 -9999 -9999 -9999 -9999 -9999 -9999 -9999 -9999 -9999 -9999 -9999 -9999 -9999 -9999 -9999 -9999 -9999 -9999 -9999 -9999 -9999 -9999 -9999 -9999 -9999 -9999 -9999 -9999 -9999 -9999 -9999 -9999 -9999 -9999 -9999 -9999
-9999 -9999 -9999 -9999 -9999 -9999 -9999 -9999 -9999 -9999 -9999 114.28 157.209 165.826 185.026 186.726 178.051 172.376 164.117 140.699 120.668 109.991 104.444 98.765 90.687 94.205 95.026 95.127 83.777 -9999 -9999 -9999 -9999 -9999 -9999 -9999 -9999 -9999 -9999 -9999 -9999 -9999 -9999 -9999 -9999 -9999 -9999 -9999 -9999 -9999 -9999 -9999 -9999 -9999 -9999 -9999 -9999 -9999 -9999 -9999 -9999 -9999 -9999 -9999 -9999 -9999 -9999 -9999 -9999 -9999 -9999 -9999 -9999 -9999 -9999
-9999 -9999 -9999 -9999 -9999 -9999 -9999 -9999 -9999 -9999 -9999 150.38 163.693 158.297 152.725 163.39 168.73 151.991 133.811 119.495 104.285 98.831 92.227 94.278 91.715 84.991 86.937 77.911 63.522 -9999 -9999 -9999 -9999 -9999 -9999 -9999 -9999 -9999 -9999 -9999 -9999 -9999 -9999 -9999 -9999 -9999 -9999 -9999 -9999 -9999 -9999 -9999 -9999 -9999 -9999 -9999 -9999 -9999 -9999 -9999 -9999 -9999 -9999 -9999 -9999 -9999 -9999 -9999 -9999 -9999 -9999 -9999 -9999 -9999 -9999
-9999 -9999 -9999 -9999 -9999 -9999 -9999 -9999 -9999 -9999 -9999 -9999 -9999 140.172 147.822 158.854 149.714 138.812 130.584 120.468 106.26 90.666 86.806 93.349 86.363 82.35 70.253 -9999 -9999 -9999 -9999 -9999 -9999 -9999 -9999 -9999 -9999 -9999 -9999 -9999 -9999 -9999 -9999 -9999 -9999 -9999 -9999 -9999 -9999 -9999 -9999 -9999 -9999 -9999 -9999 -9999 -9999 -9999 -9999 -9999 -9999 -9999 -9999 -9999 -9999 -9999 -9999 -9999 -9999 -9999 -9999 -9999 -9999 -9999 -9999
-9999 -9999 -9999 -9999 -9999 -9999 -9999 116.368 -9999 -9999 155.621 177.957 152.906 141.759 164.764 159.91 156.894 153.922 145.702 127.231 110.12 83.566 84.292 80.855 80.454 70.437 64.887 -9999 -9999 -9999 -9999 -9999 -9999 -9999 -9999 -9999 -9999 -9999 -9999 -9999 -9999 -9999 -9999 -9999 -9999 -9999 -9999 -9999 -9999 -9999 -9999 -9999 -9999 -9999 -9999 -9999 -9999 -9999 -9999 -9999 -9999 -9999 -9999 -9999 -9999 -9999 -9999 -9999 -9999 -9999 -9999 -9999 -9999 -9999 -9999
-9999 -9999 -9999 -9999 -9999 116.575 115.52 126.116 125.8 142.553 172.195 191.546 185.899 180.832 148.675 167.399 174.351 167.794 151.107 130.143 118.557 106.021 77.842 70.537 62.931 57.618 50.097 -9999 -9999 -9999 -9999 -9999 -9999 -9999 -9999 -9999 -9999 -9999 -9999 -9999 -9999 -9999 -9999 -9999 -9999 -9999 -9999 -9999 -9999 -9999 -9999 -9999 -9999 -9999 -9999 -9999 -9999 -9999 -9999 -9999 -9999 -9999 -9999 -9999 -9999 -9999 -9999 -9999 -9999 -9999 -9999 -9999 -9999 -9999 -9999
-9999 -9999 -9999 -9999 -9999 119.124 130.668 -9999 147.879 169.667 192.193 196.028 217.482 173.577 173.99 182.314 192.05 198.42 167.912 152.194 146.654 116.412 96.879 90.523 69.62 57.566 -9999 44.107 -9999 -9999 -9999 -9999 -9999 -9999 -9999 -9999 -9999 -9999 -9999 -9999 -9999 -9999 -9999 -9999 -9999 -9999 -9999 -9999 -9999 -9999 -9999 -9999 -9999 -9999 -9999 -9999 -9999 -9999 -9999 -9999 -9999 -9999 -9999 -9999 -9999 -9999 -9999 -9999 -9999 -9999 -9999 -9999 -9999 -9999 -9999
-9999 -9999 -9999 -9999 -9999 -9999 148.367 152.122 166.229 193.046 194.692 220.244 198.771 184.363 173.043 170.565 183.268 187.844 156.956 147.565 144.986 116.192 103.627 84.219 69.66 57.096 46.283 42.452 -9999 -9999 -9999 -9999 -9999 -9999 -9999 -9999 -9999 -9999 -9999 -9999 -9999 -9999 -9999 -9999 -9999 -9999 -9999 -9999 -9999 -9999 -9999 -9999 -9999 -9999 -9999 -9999 -9999 -9999 -9999 -9999 -9999 -9999 -9999 -9999 -9999 -9999 -9999 -9999 -9999 -9999 -9999 -9999 -9999 -9999 -9999
-9999 -9999 -9999 -9999 -9999 -9999 -9999 164.046 180.471 199.108 240.601 231.297 224.564 204.735 202.053 200.79 179.139 148.461 133.984 146.436 133.59 116.823 99.514 72.668 61.317 47.169 45.25 47.097 -9999 -9999 -9999 -9999 -9999 -9999 -9999 -9999 -9999 -9999 -9999 -9999 -9999 -9999 -9999 -9999 -9999 -9999 -9999 -9999 -9999 -9999 -9999 -9999 -9999 -9999 -9999 -9999 -9999 -9999 -9999 -9999 -9999 -9999 -9999 -9999 -9999 -9999 -9999 -9999 -9999 -9999 -9999 -9999 -9999 -9999 -9999
-9999 -9999 -9999 -9999 -9999 155.273 162.748 187.783 203.029 221.691 222.098 239.206 226.843 217.913 216.42 190.718 165.897 153.62 131.46 133.497 145.225 116.902 80.007 61.419 50.161 -9999 48.877 -9999 -9999 -9999 -9999 -9999 -9999 48.41 44.057 44.61 -9999 -9999 -9999 -9999 -9999 -9999 -9999 -9999 -9999 -9999 -9999 -9999 -9999 -9999 -9999 -9999 -9999 -9999 -9999 -9999 -9999 -9999 -9999 -9999 -9999 -9999 -9999 -9999 -9999 -9999 -9999 -9999 -9999 -9999 -9999 -9999 -9999 -9999 -9999
141.056 -9999 -9999 -9999 -9999 -9999 181.057 199.198 225.63 229.036 241.538 218.625 208.918 206.922 206.529 175.53 151.452 122.817 124.627 137.845 117.397 88.844 71.611 63.668 58.292 53.185 -9999 -9999 -9999 -9999 44.497 42.69 42.73 44.592 44.99 45.028 45.282 45.331 51.297 57.866 58.758 52.813 47.796 48.636 53.078 58.434 61.711 61.959 60.533 57.292 54.57 54.486 -9999 -9999 -9999 -9999 -9999 -9999 -9999 -9999 -9999 -9999 -9999 -9999 -9999 -9999 -9999 -9999 -9999 -9999 -9999 -9999 -9999 -9999 -9999
183.043 -9999 -9999 -9999 162.218 -9999 177.982 184.943 216.426 257.188 251.912 216.875 196.308 200.319 183.688 172.145 147.362 133.156 114.475 97.934 91.637 77.572 68.336 67.666 58.649 -9999 -9999 -9999 -9999 47.024 47.388 44.935 47.515 52.224 47.555 48.491 51.191 51.021 63.334 63.225 62.993 57.609 51.632 52.067 53.669 56.869 62.455 68.175 66.426 65.558 61.554 55.519 -9999 -9999 -9999 -9999 -9999 -9999 -9999 -9999 -9999 -9999 -9999 -9999 -9999 -9999 -9999 -9999 -9999 -9999 -9999 -9999 -9999 -9999 -9999
192.344 -9999 -9999 -9999 169.141 174.981 178.138 222.922 257.789 259.762 260.261 220.522 213.167 197.9 184.636 158.555 144.52 141.847 119.466 109.045 84.095 66.141 67.791 58.186 -9999 -9999 48.644 46.76 48.128 49.915 50.61 50.615 54.133 58.784 61.65 64.926 61.528 61.313 60.953 60.227 57.94 57.054 59.266 53.372 55.157 57.227 67.786 74.187 67.433 65.079 65.07 58.804 56.298 -9999 -9999 -9999 -9999 -9999 -9999 -9999 -9999 -9999 -9999 -9999 -9999 -9999 -9999 -9999 -9999 -9999 -9999 -9999 -9999 -9999 -9999
182.579 -9999 172.733 -9999 156.161 162.968 224.281 266.998 248.148 271.662 260.075 244.46 226.613 214.331 206.983 177.143 161.111 143.903 133.866 108.652 81.423 60.39 54.008 52.578 -9999 59.285 58.465 55.058 52.161 52.424 53.793 62.667 66.38 66.572 73.317 71.154 66.777 67.167 66.761 64.173 60.013 58.079 54.793 56.333 56.058 58.649 68.884 66.954 59.986 60.202 63.639 60.127 54.867 -9999 -9999 -9999 -9999 -9999 -9999 -9999 -9999 -9999 -9999 -9999 -9999 -9999 -9999 -9999 -9999 -9999 -9999 -9999 -9999 -9999 -9999
-9999 171.757 -9999 -9999 -9999 208.73 294.714 257.2 242.962 207.727 222.497 223.341 216.355 223.184 207.833 202.433 177.85 155.863 126.331 96.699 71.566 64.931 69.54 61.089 61.003 69.104 74.043 77.556 71.287 62.906 67.6 72.469 75.745 74.15 63.813 63.784 62.812 63.005 68.501 62.268 58.304 54.383 54.662 57.876 59.584 58.404 65.019 61.577 62.86 64.619 64.547 61.172 56.347 -9999 -9999 -9999 -9999 -9999 -9999 -9999 -9999 -9999 -9999 -9999 -9999 -9999 -9999 -9999 -9999 -9999 -9999 -9999 -9999 -9999 -9999
178.984 -9999 -9999 -9999 -9999 233.441 233.415 217.706 -9999 212.477 222.366 223.224 213.423 210.754 208.903 181.796 157.407 148.64 126.215 107.82 90.697 85.608 81.719 63.386 71.261 73.118 86.689 95.446 85.341 67.709 65.423 75.802 80.328 65.855 61.913 69.708 63.688 72.84 71.003 63.84 62.952 55.439 59.919 66.312 59.379 61.888 61.466 62.07 61.42 64.566 62.793 55.317 54.116 -9999 -9999 -9999 -9999 -9999 -9999 -9999 -9999 -9999 -9999 -9999 -9999 -9999 -9999 -9999 -9999 -9999 -9999 -9999 -9999 -9999 -9999
233.594 -9999 -9999 -9999 189.016 -9999 -9999 175.527 186.166 210.537 238.035 242.034 230.605 229.666 206.985 186.457 153.527 126.303 111.506 105.691 97.337 94.984 63.322 66.467 75.41 93.055 93.029 89.842 89.189 72.001 69.466 72.054 67.795 64.686 72.329 71.115 73.409 77.081 73.857 79.467 68.614 62.58 68.006 60.956 59.051 61.353 64.176 58.128 58.275 59.478 57.874 52.472 -9999 -9999 -9999 -9999 -9999 -9999 -9999 -9999 -9999 -9999 -9999 -9999 -9999 -9999 -9999 -9999 -9999 -9999 -9999 -9999 -9999 -9999 -9999
274.488 230.492 192.866 -9999 -9999 -9999 196.89 175.69 -9999 211.745 221.587 230.227 236.523 225.127 220.603 181.737 129.046 116.425 114.322 112.546 101.631 80.458 80.83 78.729 91.691 91.494 89.691 91.542 82.72 67.841 65.221 60.03 63.975 78.434 72.811 78.346 93.65 85.191 81.292 80.455 65.468 61.682 59.463 57.972 55.812 60.468 59.238 58.624 57.546 55.554 51.717 -9999 -9999 -9999 -9999 -9999 -9999 -9999 -9999 -9999 -9999 -9999 -9999 -9999 -9999 -9999 -9999 -9999 -9999 -9999 -9999 -9999 -9999 -9999 -9999
268.246 238.823 208.305 -9999 191.825 201.592 207.081 211.141 237.746 240.369 241.176 255.479 255.861 224.209 188.67 167.333 144.489 141.973 140.798 124.715 101.425 90.369 91.216 106.967 104.652 91.148 87.648 82.811 60.336 59.204 61.891 63.413 70.074 63.009 66.608 77.202 87.836 91.643 91.878 88.872 68.52 68.419 65.494 67.844 74.093 61.49 57.706 61.719 63.151 56.162 50.298 -9999 -9999 -9999 -9999 -9999 -9999 -9999 -9999 -9999 -9999 -9999 -9999 -9999 -9999 -9999 -9999 -9999 -9999 -9999 -9999 -9999 -9999 -9999 -9999
243.13 224.698 203.993 197.093 193.595 215.647 -9999 213.947 251.78 282.003 301.055 283.697 259.357 220.421 220.046 189.185 164.698 141.798 129.466 125.068 96.797 92.254 110.242 120.781 103.672 97.805 98.262 77.01 75.684 61.789 59.089 54.015 57.425 70.545 71.449 82.319 96.866 90.315 84.155 76.894 67.131 62.444 54.616 63.465 59.785 54.257 56.474 58.975 58.022 54.223 -9999 -9999 -9999 -9999 -9999 -9999 -9999 -9999 -9999 -9999 -9999 -9999 -9999 -9999 -9999 -9999 -9999 -9999 -9999 -9999 -9999 -9999 -9999 -9999 -9999
-9999 -9999 -9999 185.113 204.158 -9999 209.047 241.726 294.058 322.773 309.394 320.306 288.69 267.763 237.305 177.825 154.456 147.88 147.148 115.344 106.385 117.319 137.166 139.062 133.32 129.548 101.507 99.666 80.996 69.899 77.359 70.095 87.85 87.196 88.7 92.353 87.108 70.973 70.362 67.592 70.269 65.134 59.168 61.668 58.479 55.662 55.18 57.634 57.148 51.685 -9999 -9999 -9999 -9999 -9999 -9999 -9999 -9999 -9999 -9999 -9999 -9999 -9999 -9999 -9999 -9999 -9999 -9999 -9999 -9999 -9999 -9999 -9999 -9999 -9999
-9999 -9999 189.845 200.511 -9999 187.62 213.061 -9999 283.087 281.123 316.316 317.998 308.798 273.268 222.791 200.051 179.331 148.745 124.629 131.367 127.7 138.544 160.217 162.143 152.331 129.436 101.466 79.842 66.181 74.992 81.67 94.074 101.015 98.278 89.538 87.215 75.022 74.429 67.011 66.109 68.213 61.073 61.89 65.102 62.271 58.745 55.322 62.29 57.616 50.214 -9999 -9999 -9999 -9999 -9999 -9999 -9999 -9999 -9999 -9999 -9999 -9999 -9999 -9999 -9999 -9999 -9999 -9999 -9999 -9999 -9999 -9999 -9999 -9999 -9999
-9999 -9999 182.361 -9999 -9999 191.662 221.287 262.842 269.747 300.388 308.109 276.365 262.807 242.187 203.389 172.841 154.783 150.676 163.162 166.122 165.394 173.99 176.785 163.86 135.361 91.94 72.869 75.576 95.288 110.961 139.071 142.758 127.608 115.891 109.53 90.267 78.433 69.399 64.772 55.486 55.664 57.277 59.838 68.097 78.461 63.942 59.647 56.702 53.595 49.343 -9999 -9999 -9999 -9999 -9999 -9999 -9999 -9999 -9999 -9999 -9999 -9999 -9999 -9999 -9999 -9999 -9999 -9999 -9999 -9999 -9999 -9999 -9999 -9999 -9999
-9999 -9999 -9999 -9999 -9999 -9999 247.358 283.043 279.962 308.098 298.336 268.036 267.006 242.599 210.667 199.261 203.786 203.418 188.377 184.845 166.174 157.388 152.263 140.517 107.507 77.256 76.849 89.475 111.45 140.948 135.238 136.168 126.277 119.241 104.369 88.797 77.885 69.638 58.363 49.073 52.832 52.642 57.301 70.41 64.212 58.092 56.276 57.878 55.545 -9999 -9999 -9999 -9999 -9999 -9999 -9999 -9999 -9999 -9999 -9999 -9999 -9999 -9999 -9999 -9999 -9999 -9999 -9999 -9999 -9999 -9999 -9999 -9999 -9999 -9999
-9999 -9999 -9999 -9999 161.843 189.134 -9999 292.666 299.496 334.381 302.395 260.505 242.65 231.505 240.723 243.051 223.374 186.591 184.748 172.352 159.68 136.774 123.885 103.653 92.083 105.572 109.094 114.585 134.277 128.193 118.366 85.838 93.37 90.796 71.337 68.735 70.532 76.696 72.378 68.427 71.607 79.353 71.971 60.31 66.553 71.114 69.501 63.11 55.699 -9999 -9999 -9999 -9999 -9999 -9999 -9999 -9999 -9999 -9999 -9999 -9999 -9999 -9999 -9999 -9999 -9999 -9999 -9999 -9999 -9999 -9999 -9999 -9999 -9999 -9999
-9999 -9999 -9999 151.092 150.614 193.366 242.486 291.62 320.914 325.578 299.205 251.328 220.65 222.89 218.581 217.443 219.037 206.531 209.524 198.139 139.389 133.71 115.174 107.769 111.599 132.731 131.853 131.967 124.228 123.044 95.27 82.779 85.891 94.922 90.999 88.577 85.258 85.411 98.128 107.27 107.923 104.67 87.411 84.466 84.198 77.701 65.776 60.346 -9999 -9999 -9999 -9999 -9999 -9999 -9999 -9999 -9999 -9999 -9999 -9999 -9999 -9999 -9999 -9999 -9999 -9999 -9999 -9999 -9999 -9999 -9999 -9999 -9999 -9999 -9999
-9999 -9999 -9999 139.863 -9999 191.206 226.535 260.161 302.308 299.972 235.196 221.621 226.806 192.676 183.824 185.855 189.923 203.919 194.266 152.174 150.782 158.666 140.575 127.082 155.485 157.756 159.303 146.583 143.594 134.003 118.271 107.052 114.944 116.489 119.552 120.55 97.424 113.39 120.481 95.054 102.322 107.491 95.459 92.467 83.434 66.335 63.485 58.222 -9999 -9999 -9999 -9999 -9999 -9999 -9999 -9999 -9999 -9999 -9999 -9999 -9999 -9999 -9999 -9999 -9999 -9999 -9999 -9999 -9999 -9999 -9999 -9999 -9999 -9999 -9999
-9999 -9999 -9999 -9999 -9999 213.587 238.662 248.326 276.611 241.636 198.306 206.753 191.267 172.91 171.06 178.928 200.877 188.344 189.527 175.77 182.799 163.731 140.119 148.635 164.129 162.501 154.742 137.914 142.906 129.437 123.164 138.757 136.339 136.484 150.112 138.461 136.362 140.233 121.255 108.237 101.953 91.743 91.448 89.922 73.997 61.578 58.911 53.028 -9999 -9999 -9999 -9999 -9999 -9999 -9999 -9999 -9999 -9999 -9999 -9999 -9999 -9999 -9999 -9999 -9999 -9999 -9999 -9999 -9999 -9999 -9999 -9999 -9999 -9999 -9999
-9999 -9999 -9999 171.679 185.974 206.31 216.48 229.349 255.581 225.649 234.651 238.197 -9999 209.4 255.953 262.547 245.076 230.909 230.371 217.173 203.515 188.049 172.885 160.693 148.225 133.121 115.678 111.111 119.36 113.031 131.704 125.019 125.369 122.221 137.977 144.02 133.139 115.492 117.188 109.414 94.443 98.03 82.894 71.519 61.873 57.994 58.86 41.342 -9999 -9999 -9999 -9999 -9999 -9999 -9999 -9999 -9999 -9999 -9999 -9999 -9999 -9999 -9999 -9999 -9999 -9999 -9999 -9999 -9999 -9999 -9999 -9999 -9999 -9999 -9999
147.747 147.177 166.185 -9999 186.829 201.622 210.462 220.6 239.059 251.168 253.467 -9999 249.388 293.836 293.496 308.678 270.488 241.0 217.921 220.68 204.727 194.183 173.871 152.658 127.882 113.023 91.531 96.95 93.922 111.179 113.436 116.637 110.903 105.906 118.381 119.957 109.203 109.118 106.187 97.981 93.079 74.691 65.026 56.534 55.688 59.708 44.997 -9999 -9999 -9999 -9999 -9999 -9999 -9999 -9999 -9999 -9999 -9999 -9999 -9999 -9999 -9999 -9999 -9999 -9999 -9999 -9999 -9999 -9999 -9999 -9999 -9999 -9999 -9999 -9999
146.318 160.133 188.745 198.294 -9999 204.668 211.547 218.708 239.091 242.744 231.473 228.584 265.056 271.742 278.282 294.426 262.203 235.359 211.716 193.198 171.225 162.469 142.849 128.911 126.403 96.762 95.628 85.12 84.414 89.594 103.672 96.468 84.84 92.709 107.817 101.935 99.179 90.173 92.907 81.022 65.338 59.87 56.233 53.92 52.241 -9999 -9999 -9999 -9999 -9999 -9999 -9999 -9999 -9999 -9999 -9999 -9999 -9999 -9999 -9999 -9999 -9999 -9999 -9999 -9999 -9999 -9999 -9999 -9999 -9999 -9999 -9999 -9999 -9999 -9999
-9999 -9999 184.389 -9999 209.564 217.848 227.179 249.517 253.982 -9999 -9999 255.991 251.169 257.184 287.607 263.816 250.422 220.076 197.595 148.576 132.995 122.273 117.915 113.442 101.284 105.343 96.117 94.477 82.188 87.861 92.777 88.271 81.925 89.971 93.492 92.225 84.259 81.61 75.429 65.323 56.266 50.99 53.896 50.796 -9999 -9999 -9999 -9999 -9999 -9999 -9999 -9999 -9999 -9999 -9999 -9999 -9999 -9999 -9999 -9999 -9999 -9999 -9999 -9999 -9999 -9999 -9999 -9999 -9999 -9999 -9999 -9999 -9999 -9999 -9999
154.328 -9999 187.922 215.927 210.654 224.265 242.634 252.014 -9999 -9999 246.832 286.854 296.334 300.399 267.809 256.602 236.573 209.766 174.848 151.326 142.074 150.115 145.297 142.863 150.208 130.313 111.374 100.204 90.036 85.234 76.924 83.771 84.456 83.134 80.492 74.886 64.043 62.839 59.909 56.357 49.534 49.05 50.232 51.697 48.163 -9999 -9999 -9999 -9999 -9999 -9999 -9999 -9999 -9999 -9999 -9999 -9999 -9999 -9999 -9999 -9999 -9999 -9999 -9999 -9999 -9999 -9999 -9999 -9999 -9999 -9999 -9999 -9999 -9999 -9999
