Validation/Results/raw data/ReClimate_10_2023_2_Precipitation-Actuals.asc
NCOLS 192
NROWS 249
XLLCENTER -225160.85627316462
YLLCENTER 29788.11610251502
CELLSIZE 5000.0
NODATA_VALUE -9999
[rows 165 to 197 of 249, columns 74 to 147 of 192]
-9999 -9999 -9999 -9999 -9999 -9999 -9999 -9999 -9999 -9999 -9999 -9999 -9999 -9999 -9999 -9999 -9999 -9999 -9999 -9999 -9999 -9999 -9999 -9999 -9999 -9999 -9999 -9999 -9999 -9999 -9999 -9999 -9999 -9999 -9999 -9999 -9999 -9999 107.982 109.864 113.559 128.168 128.306 143.927 168.501 185.503 192.764 196.748 187.139 191.378 186.343 184.801 172.089 138.518 106.39 94.573 82.403 74.188 68.326 64.281 60.174 59.818 58.764 57.412 56.332 56.526 57.57 57.427 60.506 60.818 63.242 66.88 66.345 62.829
-9999 -9999 -9999 -9999 -9999 -9999 -9999 -9999 -9999 -9999 -9999 -9999 -9999 -9999 -9999 -9999 -9999 -9999 -9999 -9999 -9999 -9999 -9999 -9999 -9999 -9999 -9999 -9999 -9999 -9999 -9999 -9999 -9999 -9999 -9999 -9999 -9999 -9999 105.703 108.928 111.668 117.971 126.207 142.968 160.734 172.538 175.207 167.768 168.921 162.133 167.491 179.854 170.426 151.906 125.832 98.65 83.199 78.825 72.476 68.37 66.054 61.121 59.161 56.971 56.275 55.461 54.468 57.036 57.834 61.953 62.353 62.277 64.789 64.414
-9999 -9999 -9999 -9999 -9999 -9999 -9999 -9999 -9999 -9999 -9999 -9999 -9999 -9999 -9999 -9999 -9999 -9999 -9999 -9999 -9999 -9999 -9999 -9999 -9999 -9999 -9999 -9999 -9999 -9999 -9999 -9999 -9999 -9999 -9999 -9999 -9999 101.891 103.116 106.818 114.712 116.625 118.81 132.601 149.236 149.356 147.687 143.825 143.499 140.26 154.53 177.765 189.713 173.529 150.283 129.752 97.678 75.375 71.652 68.17 67.877 64.079 58.516 56.172 53.539 53.824 55.29 56.757 59.555 60.236 62.112 63.12 63.713 63.144
-9999 -9999 -9999 -9999 -9999 -9999 -9999 -9999 -9999 -9999 -9999 -9999 -9999 -9999 -9999 -9999 -9999 -9999 -9999 -9999 -9999 -9999 -9999 -9999 -9999 -9999 -9999 -9999 -9999 -9999 -9999 -9999 -9999 -9999 -9999 -9999 -9999 99.812 99.529 106.535 110.182 110.972 119.234 122.413 126.958 125.153 123.823 126.853 123.473 128.29 142.021 161.882 191.487 207.378 183.191 151.357 122.778 91.933 76.898 68.341 62.277 63.242 60.123 55.964 54.737 53.997 55.038 55.453 59.522 61.128 60.575 61.785 64.021 62.351
-9999 -9999 -9999 -9999 -9999 -9999 -9999 -9999 -9999 -9999 -9999 -9999 -9999 -9999 -9999 -9999 -9999 -9999 -9999 -9999 -9999 -9999 -9999 -9999 -9999 -9999 -9999 -9999 -9999 -9999 -9999 -9999 -9999 -9999 -9999 -9999 -9999 -9999 100.792 102.782 103.682 109.486 109.108 109.213 106.261 105.141 108.201 107.441 108.518 111.988 124.682 142.433 165.768 200.669 207.16 178.016 140.209 109.946 84.857 75.081 64.474 63.142 62.741 59.516 55.428 56.3 56.31 56.009 57.712 61.685 60.284 59.738 62.859 62.877
-9999 -9999 -9999 -9999 -9999 -9999 -9999 -9999 -9999 -9999 -9999 -9999 -9999 -9999 -9999 -9999 -9999 -9999 121.824 125.055 -9999 -9999 -9999 -9999 -9999 -9999 -9999 -9999 -9999 -9999 -9999 -9999 -9999 -9999 -9999 -9999 -9999 94.888 91.775 96.857 103.005 105.718 103.152 97.992 94.886 95.282 97.123 99.519 100.833 107.083 120.426 143.976 158.625 187.323 190.138 178.689 157.485 114.009 90.534 72.482 70.414 70.309 66.686 59.906 57.527 54.514 58.459 57.789 58.193 58.315 59.303 58.104 59.966 63.592
-9999 -9999 -9999 -9999 -9999 -9999 -9999 -9999 -9999 -9999 -9999 -9999 -9999 -9999 -9999 -9999 -9999 -9999 129.437 135.113 132.849 -9999 -9999 -9999 -9999 -9999 -9999 -9999 -9999 -9999 -9999 -9999 -9999 -9999 -9999 -9999 85.547 85.512 87.657 94.595 102.615 97.837 95.379 91.866 87.909 91.004 95.707 97.765 97.432 103.023 112.74 128.221 159.733 188.157 191.355 160.147 142.323 121.385 91.86 78.408 66.993 71.556 68.912 61.697 56.76 55.593 57.18 59.489 58.249 57.766 57.883 57.464 58.64 61.259
-9999 -9999 -9999 -9999 -9999 -9999 -9999 -9999 -9999 -9999 -9999 -9999 -9999 -9999 -9999 -9999 -9999 114.801 124.295 139.441 137.292 134.737 -9999 -9999 -9999 -9999 -9999 -9999 -9999 -9999 -9999 -9999 -9999 88.548 -9999 -9999 82.105 86.93 87.599 90.366 89.721 -9999 91.942 87.515 92.101 95.804 94.623 91.706 94.668 98.002 105.131 128.563 138.096 166.387 163.591 141.12 131.06 112.203 101.895 85.24 72.234 68.583 67.782 63.113 59.894 61.284 60.026 58.08 57.326 56.212 57.889 59.422 57.958 60.217
-9999 -9999 -9999 -9999 -9999 -9999 -9999 -9999 -9999 -9999 -9999 -9999 -9999 -9999 -9999 -9999 -9999 108.802 124.299 134.882 138.806 137.19 129.615 132.489 -9999 -9999 -9999 137.651 113.061 -9999 99.848 95.283 89.764 98.645 90.138 -9999 -9999 83.539 84.727 -9999 -9999 87.0 85.666 85.718 89.515 90.574 88.876 91.639 93.528 102.002 114.962 147.609 152.307 154.111 142.322 136.117 129.79 112.522 91.749 84.453 77.12 75.834 68.702 64.72 58.582 59.19 63.5 59.943 57.599 56.885 58.125 59.008 57.356 58.871
-9999 -9999 -9999 -9999 -9999 -9999 -9999 -9999 -9999 -9999 -9999 -9999 -9999 -9999 -9999 -9999 -9999 -9999 119.288 128.929 137.948 138.45 137.523 -9999 -9999 197.244 196.294 149.162 133.722 125.928 119.32 100.225 99.726 91.839 92.392 99.324 -9999 81.995 79.457 80.609 82.445 85.344 87.717 89.079 89.446 88.331 88.398 87.909 99.251 105.542 121.904 154.767 165.17 153.89 137.925 117.464 119.913 107.233 91.779 81.645 77.579 74.931 69.111 64.67 62.459 60.462 60.791 59.253 56.995 58.365 59.474 59.426 56.886 57.532
-9999 -9999 -9999 -9999 -9999 -9999 -9999 -9999 -9999 -9999 -9999 -9999 -9999 -9999 -9999 -9999 -9999 -9999 117.478 127.162 130.362 134.463 153.673 192.584 228.992 269.483 223.127 180.879 153.788 137.945 132.236 115.593 98.37 97.999 109.56 102.486 98.458 84.46 75.818 77.989 78.548 81.697 83.874 78.817 87.782 89.462 83.75 88.074 94.287 103.573 128.649 154.402 170.757 157.709 146.474 122.726 109.152 106.721 97.488 86.742 82.235 78.126 69.841 68.449 64.813 61.305 61.111 57.256 56.828 57.609 60.411 60.136 57.297 57.501
-9999 -9999 -9999 -9999 -9999 -9999 -9999 -9999 -9999 -9999 -9999 -9999 -9999 -9999 -9999 -9999 -9999 -9999 -9999 133.441 137.664 158.858 216.215 262.446 324.074 327.766 280.573 222.159 187.436 164.676 155.468 130.845 123.594 114.367 103.974 115.198 96.048 84.027 80.999 78.199 77.156 79.007 76.434 81.698 81.745 79.167 83.445 84.04 87.67 103.386 125.569 141.831 148.891 139.264 136.222 130.437 110.399 106.223 101.204 90.462 86.553 81.963 75.6 70.871 67.168 62.997 61.127 57.968 56.816 54.754 58.011 60.073 56.72 55.604
-9999 -9999 -9999 -9999 -9999 -9999 -9999 -9999 -9999 -9999 -9999 -9999 -9999 -9999 -9999 -9999 -9999 -9999 -9999 -9999 -9999 192.719 258.49 345.873 423.878 384.642 302.492 232.03 190.342 200.485 181.054 170.419 144.429 124.775 108.769 107.296 109.813 101.652 87.322 77.313 74.3 75.714 78.471 79.203 77.176 77.118 79.757 80.003 83.508 100.695 120.222 123.254 137.246 137.976 132.11 128.389 114.885 106.156 100.745 88.5 84.834 85.644 79.475 73.863 67.787 63.106 61.986 57.273 56.401 55.727 55.436 59.96 56.735 54.433
-9999 -9999 -9999 -9999 -9999 -9999 -9999 -9999 -9999 -9999 -9999 -9999 -9999 -9999 -9999 -9999 -9999 -9999 -9999 -9999 179.056 235.039 303.096 408.123 469.999 386.549 293.61 233.808 210.819 205.209 182.807 170.111 160.813 127.342 119.553 131.297 121.342 106.693 87.06 80.249 76.679 77.781 79.813 80.342 80.145 80.881 79.152 81.065 91.138 102.62 104.493 111.297 124.877 127.793 127.806 117.62 113.298 111.083 97.277 87.709 83.301 82.298 79.819 72.651 70.054 63.327 59.76 56.867 56.505 55.356 59.616 59.409 56.629 53.757
-9999 -9999 -9999 -9999 -9999 -9999 -9999 -9999 -9999 -9999 -9999 -9999 -9999 -9999 -9999 -9999 -9999 -9999 -9999 162.103 238.803 252.075 320.751 378.859 370.856 384.783 325.948 272.038 263.728 237.628 195.862 169.527 151.952 134.67 145.749 147.868 130.383 112.995 91.383 79.232 75.938 80.045 78.915 79.21 80.686 78.34 78.845 87.18 91.627 93.27 102.259 108.576 118.385 128.578 115.485 110.408 100.56 100.369 95.879 82.023 81.057 79.862 77.038 72.378 66.378 65.303 58.312 55.792 55.844 54.829 55.653 58.585 54.549 54.458
-9999 -9999 -9999 -9999 -9999 -9999 -9999 -9999 -9999 -9999 -9999 -9999 -9999 -9999 -9999 -9999 -9999 -9999 140.841 186.204 193.791 233.666 255.533 259.399 284.899 301.755 286.433 294.264 292.725 270.964 237.31 189.184 150.201 153.246 147.693 128.986 124.618 109.115 92.062 80.964 74.537 79.824 78.729 80.868 80.458 80.504 85.453 88.102 91.219 96.473 101.116 106.968 103.01 108.838 107.916 98.765 93.995 90.79 88.92 81.46 75.014 75.609 72.139 67.504 63.492 60.425 55.958 53.817 55.137 54.653 54.185 57.229 53.402 53.573
-9999 -9999 -9999 -9999 -9999 -9999 -9999 -9999 -9999 -9999 -9999 -9999 -9999 -9999 -9999 -9999 133.822 133.292 137.336 154.7 166.094 167.951 187.375 185.847 217.774 247.218 277.347 296.549 312.161 252.523 204.643 175.379 164.359 179.025 167.976 150.015 125.872 108.718 96.126 79.724 77.768 81.333 83.016 80.89 80.732 82.465 84.981 90.931 87.338 92.819 101.126 103.095 100.862 97.51 89.783 87.329 85.523 84.159 80.627 77.399 73.912 68.531 65.212 60.474 59.369 56.903 54.169 52.822 55.918 56.468 57.359 58.418 55.454 52.011
-9999 -9999 -9999 -9999 -9999 -9999 -9999 -9999 -9999 -9999 -9999 -9999 -9999 -9999 -9999 137.594 136.911 134.077 135.885 -9999 -9999 -9999 -9999 187.055 231.033 282.811 288.319 300.87 263.752 241.219 237.57 212.666 212.932 231.271 198.33 157.673 129.537 113.984 91.832 81.746 82.289 82.206 78.964 79.277 79.314 80.053 81.703 84.429 84.877 89.5 93.432 92.595 92.437 88.714 83.587 82.179 78.148 74.522 70.534 68.483 69.215 66.137 60.49 60.699 58.928 57.355 57.333 58.097 58.829 59.94 60.303 59.714 57.343 52.936
-9999 -9999 -9999 -9999 -9999 -9999 -9999 -9999 -9999 -9999 -9999 -9999 -9999 -9999 -9999 137.86 139.016 127.937 -9999 -9999 -9999 -9999 -9999 190.13 243.811 296.665 276.404 288.955 286.502 286.3 287.652 257.444 238.216 222.62 162.793 134.823 126.246 104.323 89.786 84.374 81.647 79.334 80.265 79.724 79.166 77.867 79.757 80.999 83.47 82.296 85.038 83.937 83.969 84.957 83.527 79.6 75.406 70.955 69.684 68.42 65.176 64.038 58.739 58.879 63.536 61.366 64.724 66.206 65.267 64.088 62.64 58.194 54.966 53.541
-9999 -9999 -9999 -9999 -9999 -9999 -9999 -9999 -9999 -9999 -9999 -9999 -9999 -9999 -9999 -9999 -9999 123.103 -9999 -9999 -9999 -9999 -9999 188.955 241.965 243.195 258.703 283.806 288.793 323.554 306.041 248.756 239.195 197.06 157.336 134.203 114.006 99.921 85.41 82.913 78.526 77.472 74.826 73.021 74.652 72.995 76.974 80.966 78.861 78.377 80.37 81.495 80.422 78.922 80.115 77.79 74.46 75.588 73.713 70.15 66.206 64.248 73.011 64.136 62.603 64.629 64.032 65.926 67.03 66.186 62.001 61.115 56.999 53.828
-9999 -9999 -9999 -9999 -9999 -9999 -9999 -9999 -9999 -9999 -9999 -9999 -9999 -9999 -9999 -9999 -9999 -9999 -9999 -9999 -9999 -9999 -9999 182.875 204.906 210.365 259.908 283.451 326.17 327.584 311.713 273.981 219.559 176.67 147.84 116.783 104.626 87.343 81.186 77.343 78.902 73.917 71.658 70.815 68.898 69.657 74.278 76.348 76.647 78.21 78.311 84.944 79.889 74.687 74.729 75.659 71.96 72.868 74.104 71.562 71.763 73.056 69.427 69.655 59.249 59.421 62.402 62.87 64.012 66.228 62.165 57.646 56.784 53.898
-9999 -9999 -9999 -9999 -9999 -9999 -9999 -9999 -9999 -9999 -9999 -9999 -9999 -9999 -9999 -9999 -9999 -9999 -9999 -9999 -9999 -9999 -9999 -9999 202.55 272.749 320.793 330.734 320.347 300.565 272.499 223.258 187.735 153.769 123.49 120.132 102.478 84.453 82.024 81.299 76.389 72.344 70.718 69.99 68.829 66.765 77.394 78.321 77.658 76.379 77.307 82.928 81.076 75.537 72.614 70.646 69.237 70.333 71.273 70.585 77.384 79.603 71.982 64.448 61.639 60.899 63.482 67.077 66.053 64.944 62.23 58.303 55.503 52.748
-9999 -9999 -9999 -9999 -9999 -9999 -9999 -9999 -9999 -9999 -9999 -9999 -9999 -9999 -9999 -9999 -9999 -9999 -9999 -9999 -9999 -9999 -9999 183.507 224.755 297.959 335.244 321.974 278.542 259.244 234.379 222.76 187.48 143.99 127.57 117.861 98.443 105.242 85.811 79.853 77.51 79.477 77.612 75.663 77.599 79.591 78.425 74.891 75.707 74.533 76.915 80.204 78.186 73.218 71.847 68.827 66.55 65.486 68.077 67.988 70.858 75.376 68.903 63.536 62.9 64.154 66.747 69.541 68.596 64.881 61.074 58.247 55.442 51.907
-9999 -9999 -9999 -9999 -9999 -9999 -9999 -9999 -9999 -9999 -9999 -9999 -9999 -9999 -9999 -9999 -9999 -9999 -9999 -9999 -9999 -9999 -9999 169.12 218.66 293.332 292.259 256.601 232.078 230.062 238.301 218.808 174.641 138.793 125.144 108.171 103.839 94.318 90.035 87.572 89.004 84.497 76.821 75.081 77.796 79.294 75.827 74.198 75.92 77.137 79.975 80.623 79.102 76.915 73.356 69.967 66.321 65.045 66.401 68.408 70.882 73.12 66.085 61.744 62.555 68.468 67.935 69.1 69.171 64.374 61.326 56.493 52.607 52.742
-9999 -9999 -9999 -9999 -9999 -9999 -9999 -9999 -9999 -9999 -9999 -9999 -9999 -9999 -9999 -9999 -9999 -9999 -9999 -9999 -9999 -9999 -9999 153.122 198.429 220.315 240.768 228.877 231.333 238.394 236.961 202.193 171.321 138.606 119.544 101.147 98.791 98.581 98.743 107.069 108.743 94.426 86.89 80.661 80.597 79.844 73.927 74.127 74.274 75.901 80.741 81.508 81.996 82.465 77.246 70.452 70.519 68.054 67.893 68.814 67.032 67.251 64.567 62.705 64.179 66.67 69.108 65.354 62.203 60.396 60.412 60.227 52.217 48.086
-9999 -9999 -9999 -9999 -9999 -9999 -9999 -9999 -9999 -9999 -9999 -9999 -9999 -9999 -9999 -9999 -9999 -9999 -9999 -9999 -9999 -9999 -9999 -9999 159.193 213.277 246.739 277.282 289.795 252.72 218.811 173.11 133.85 125.365 115.078 109.606 112.841 96.208 102.811 109.24 110.089 97.282 83.954 77.858 86.409 83.015 75.656 75.066 74.531 78.135 82.095 79.877 78.268 79.145 75.828 71.035 71.507 72.801 69.452 68.5 66.745 63.044 63.15 63.794 64.182 64.696 64.614 64.16 61.362 58.606 60.438 58.102 55.048 50.418
-9999 -9999 -9999 -9999 -9999 -9999 -9999 -9999 -9999 -9999 -9999 -9999 -9999 -9999 -9999 -9999 -9999 -9999 -9999 -9999 -9999 -9999 -9999 -9999 171.36 211.445 263.341 328.785 341.623 283.654 219.791 156.395 131.928 130.975 131.579 136.546 117.7 106.484 94.602 105.447 103.916 93.44 88.547 93.394 92.298 87.267 82.565 80.542 78.057 79.368 81.148 83.387 80.864 78.468 75.888 70.515 71.628 73.53 70.565 69.733 70.264 68.677 66.868 67.187 64.656 63.443 65.19 64.612 63.402 60.397 62.034 60.407 55.373 54.854
-9999 -9999 -9999 -9999 -9999 -9999 -9999 -9999 -9999 -9999 -9999 -9999 -9999 -9999 -9999 -9999 -9999 -9999 -9999 -9999 -9999 -9999 -9999 143.998 155.601 207.689 268.043 327.488 322.399 273.04 203.147 181.43 178.26 160.275 153.346 136.13 113.871 105.603 107.766 108.21 95.657 97.19 100.134 96.789 97.381 88.571 82.497 81.727 77.075 81.313 85.591 85.512 87.183 82.145 78.303 73.517 72.164 73.11 71.408 70.787 73.494 70.372 69.206 69.308 68.485 66.528 68.162 65.446 64.354 63.202 63.44 58.556 56.521 56.9
-9999 -9999 -9999 -9999 -9999 -9999 -9999 -9999 -9999 -9999 -9999 -9999 -9999 -9999 -9999 -9999 -9999 -9999 -9999 -9999 -9999 -9999 -9999 146.763 169.089 201.394 238.388 293.274 311.599 260.207 214.881 186.44 169.288 171.941 163.123 145.984 131.092 129.442 116.67 100.066 103.066 96.841 96.261 95.116 100.683 81.322 82.022 78.935 76.919 79.673 85.008 93.481 87.699 85.895 79.496 75.887 72.845 73.302 69.727 68.051 65.458 66.82 65.72 68.521 68.48 70.873 71.932 69.763 64.55 61.531 62.303 58.503 53.909 56.78
-9999 -9999 -9999 -9999 -9999 -9999 -9999 -9999 -9999 -9999 -9999 -9999 -9999 -9999 -9999 -9999 -9999 -9999 -9999 -9999 -9999 -9999 -9999 156.686 169.109 186.419 233.588 280.356 295.795 269.321 212.631 175.521 176.273 171.458 157.536 150.688 154.753 127.588 110.299 106.852 97.421 105.574 90.964 94.904 85.596 80.8 80.469 75.822 73.568 74.941 82.454 83.116 85.835 84.633 80.834 76.687 74.151 71.767 69.304 66.97 67.733 59.659 63.277 66.455 70.118 69.65 68.601 68.987 67.08 64.05 58.651 58.484 55.084 53.949
-9999 -9999 -9999 -9999 -9999 -9999 -9999 -9999 -9999 -9999 -9999 -9999 -9999 -9999 -9999 -9999 -9999 -9999 -9999 -9999 -9999 -9999 155.283 161.506 181.954 195.228 219.381 260.095 271.441 253.22 200.5 167.455 158.278 157.059 155.394 159.102 132.432 126.854 121.312 103.168 98.181 90.593 83.592 82.089 82.738 84.395 76.649 74.433 74.544 71.172 74.577 78.731 77.998 80.392 78.664 75.135 72.812 70.44 66.112 63.49 63.092 65.009 63.334 69.038 68.915 69.446 66.958 66.275 65.324 58.473 57.793 56.899 56.522 56.473
-9999 -9999 -9999 -9999 -9999 -9999 -9999 -9999 -9999 -9999 -9999 -9999 -9999 -9999 -9999 -9999 -9999 -9999 -9999 -9999 -9999 159.17 159.111 170.551 177.666 186.038 229.794 261.496 267.842 238.339 223.616 179.471 169.221 152.512 148.08 153.378 131.878 125.233 110.338 96.715 91.276 87.005 84.238 90.122 90.447 84.752 81.306 80.473 71.969 69.438 74.563 75.348 73.759 74.111 75.11 72.875 70.498 68.591 65.371 64.39 64.427 64.28 62.099 64.979 68.615 68.065 66.003 63.577 61.109 59.864 61.696 61.309 57.701 57.945
-9999 -9999 -9999 -9999 -9999 -9999 -9999 -9999 -9999 -9999 -9999 -9999 -9999 -9999 -9999 -9999 -9999 -9999 -9999 172.274 167.879 167.382 163.352 165.987 185.331 209.725 251.774 284.583 280.351 269.568 222.372 190.739 163.326 147.044 149.237 152.323 133.703 117.648 105.689 92.793 89.205 84.161 88.304 90.024 84.401 86.126 84.64 76.742 73.123 72.05 75.129 72.646 70.967 69.921 71.122 67.5 64.962 64.589 66.358 66.912 70.135 71.36 69.556 66.876 65.858 65.419 66.093 67.71 63.444 60.822 59.314 62.285 58.846 56.44
