Validation/Results/raw data/ReClimate_05_2024_1_Precipitation-Actualsweatherlogisticsltd.asc
NCOLS 192
NROWS 249
XLLCENTER -225160.85627316462
YLLCENTER 29788.11610251502
CELLSIZE 5000.0
NODATA_VALUE -9999
[rows 99 to 131 of 249, columns 74 to 147 of 192]
171.733 168.342 173.457 171.153 180.135 188.895 198.559 215.21 -9999 -9999 161.696 229.842 239.118 255.861 228.193 238.741 233.193 188.373 175.536 160.454 159.192 156.114 142.875 123.214 115.915 120.619 111.283 115.326 116.747 114.305 109.459 111.98 116.503 114.875 106.255 102.127 97.205 90.071 92.17 97.307 96.373 91.832 91.1 89.453 84.194 -9999 -9999 -9999 -9999 -9999 -9999 -9999 -9999 -9999 -9999 -9999 -9999 -9999 -9999 -9999 -9999 -9999 -9999 -9999 -9999 -9999 -9999 -9999 -9999 -9999 -9999 -9999 -9999 -9999
151.438 180.036 163.078 -9999 -9999 163.974 189.834 -9999 -9999 -9999 160.101 205.183 275.317 258.489 281.382 239.834 196.934 189.162 201.969 191.027 165.929 158.346 132.458 128.815 139.367 125.895 103.782 128.691 139.392 125.269 108.739 113.148 107.368 108.386 96.459 97.818 93.815 97.131 109.878 107.902 102.745 99.405 97.085 86.811 81.455 -9999 -9999 -9999 -9999 -9999 -9999 -9999 -9999 -9999 -9999 -9999 -9999 -9999 -9999 -9999 -9999 -9999 -9999 -9999 -9999 -9999 -9999 -9999 -9999 -9999 -9999 -9999 -9999 -9999
150.611 -9999 160.458 162.16 173.792 -9999 -9999 -9999 -9999 175.151 174.778 231.458 242.58 245.364 256.275 227.498 211.885 224.431 241.392 199.433 196.249 146.758 144.628 153.651 126.346 99.201 132.191 162.06 157.791 120.433 114.406 111.617 111.103 99.757 96.816 96.009 100.583 116.027 103.588 100.839 98.383 99.314 92.037 81.714 -9999 -9999 -9999 -9999 -9999 -9999 -9999 -9999 -9999 -9999 -9999 -9999 -9999 -9999 -9999 -9999 -9999 -9999 -9999 -9999 -9999 -9999 -9999 -9999 -9999 -9999 -9999 -9999 -9999 -9999
158.733 203.364 236.063 251.049 258.688 203.496 174.934 -9999 -9999 171.13 -9999 -9999 182.566 262.174 251.956 204.263 220.403 263.883 230.15 234.687 214.44 181.097 159.961 137.225 134.409 146.931 169.687 163.422 143.701 148.103 138.156 114.915 102.772 97.716 98.704 103.809 117.173 99.269 91.799 96.969 94.957 91.911 84.016 -9999 -9999 -9999 -9999 -9999 -9999 -9999 -9999 -9999 -9999 -9999 -9999 -9999 -9999 -9999 -9999 -9999 -9999 -9999 -9999 -9999 -9999 -9999 -9999 -9999 -9999 -9999 -9999 -9999 -9999 -9999
183.764 199.828 228.623 270.217 236.133 -9999 -9999 -9999 175.5 188.03 179.645 185.404 205.861 224.0 192.172 187.849 229.397 237.74 219.037 191.987 180.505 167.641 157.445 157.071 133.484 149.625 145.985 148.808 154.116 132.501 125.164 111.874 103.224 101.301 99.824 105.966 96.544 85.221 -9999 -9999 91.736 -9999 -9999 -9999 -9999 -9999 -9999 -9999 -9999 -9999 -9999 -9999 -9999 -9999 -9999 -9999 -9999 -9999 -9999 -9999 -9999 -9999 -9999 -9999 -9999 -9999 -9999 -9999 -9999 -9999 -9999 -9999 -9999 -9999
174.281 190.634 226.861 -9999 216.814 -9999 -9999 -9999 184.259 198.15 198.713 193.968 187.007 195.459 208.989 235.745 249.7 233.12 207.222 203.607 198.08 156.027 150.33 132.385 141.297 144.497 130.461 120.391 109.299 116.548 117.422 110.563 103.88 98.496 94.746 94.943 86.688 -9999 94.917 91.649 91.065 89.337 -9999 -9999 -9999 -9999 -9999 -9999 -9999 -9999 -9999 -9999 -9999 -9999 -9999 -9999 -9999 -9999 -9999 -9999 -9999 -9999 -9999 -9999 -9999 -9999 -9999 -9999 -9999 -9999 -9999 -9999 -9999 -9999
-9999 170.07 -9999 -9999 -9999 -9999 178.548 186.46 207.324 204.677 205.785 198.226 203.899 230.962 238.494 245.148 236.383 243.149 213.203 227.921 191.541 191.327 155.865 170.417 183.292 145.271 125.454 122.269 118.931 108.84 105.336 99.662 96.933 96.508 94.47 -9999 94.5 96.242 91.587 89.997 86.405 92.341 -9999 -9999 -9999 -9999 -9999 -9999 -9999 -9999 -9999 -9999 -9999 -9999 -9999 -9999 -9999 -9999 -9999 -9999 -9999 -9999 -9999 -9999 -9999 -9999 -9999 -9999 -9999 -9999 -9999 -9999 -9999 -9999
-9999 -9999 -9999 -9999 -9999 -9999 183.134 166.503 179.579 200.256 200.841 183.495 216.971 204.681 200.654 216.534 267.308 243.985 217.78 217.631 214.779 172.682 163.763 187.801 161.526 167.027 167.903 140.391 128.492 116.334 111.72 113.605 118.751 112.394 113.588 109.069 97.062 94.651 101.962 103.211 97.62 96.452 91.118 -9999 -9999 -9999 -9999 -9999 -9999 -9999 -9999 -9999 -9999 -9999 -9999 -9999 -9999 -9999 -9999 -9999 -9999 -9999 -9999 -9999 -9999 -9999 -9999 -9999 -9999 -9999 -9999 -9999 -9999 -9999
-9999 -9999 -9999 -9999 -9999 176.035 -9999 -9999 182.905 202.966 186.183 204.895 203.667 -9999 -9999 240.009 278.01 271.699 210.264 197.003 190.13 170.741 170.916 166.124 160.197 155.869 138.861 132.51 122.778 122.81 142.28 150.656 136.52 127.272 117.822 110.565 108.843 100.856 106.96 101.727 106.885 103.021 93.86 85.375 -9999 -9999 -9999 -9999 -9999 -9999 -9999 -9999 -9999 -9999 -9999 -9999 -9999 -9999 -9999 -9999 -9999 -9999 -9999 -9999 -9999 -9999 -9999 -9999 -9999 -9999 -9999 -9999 -9999 -9999
-9999 -9999 -9999 -9999 -9999 167.518 -9999 167.439 183.685 186.895 202.83 205.507 187.381 177.578 217.573 251.65 247.69 195.709 196.482 217.567 175.44 167.797 164.821 155.409 136.269 128.034 119.684 119.619 142.201 166.449 171.349 152.14 135.628 120.215 112.705 114.75 109.346 105.875 99.624 93.512 91.185 94.084 88.796 -9999 -9999 -9999 -9999 -9999 -9999 -9999 -9999 -9999 -9999 -9999 -9999 -9999 -9999 -9999 -9999 -9999 -9999 -9999 -9999 -9999 -9999 -9999 -9999 -9999 -9999 -9999 -9999 -9999 -9999 -9999
-9999 -9999 -9999 -9999 -9999 159.0 -9999 164.45 166.775 182.593 190.868 183.066 -9999 206.384 211.926 -9999 211.446 197.146 204.191 180.21 199.403 166.997 141.285 126.609 111.749 104.389 109.248 115.846 132.824 129.15 124.898 118.657 114.602 116.028 113.688 112.36 103.34 99.537 94.345 -9999 -9999 -9999 -9999 -9999 -9999 -9999 -9999 -9999 -9999 -9999 -9999 -9999 -9999 -9999 -9999 -9999 -9999 -9999 -9999 -9999 -9999 -9999 -9999 -9999 -9999 -9999 -9999 -9999 -9999 -9999 -9999 -9999 -9999 -9999
-9999 -9999 -9999 152.583 155.07 -9999 -9999 154.658 160.074 179.76 176.119 173.867 217.895 205.43 227.212 -9999 170.452 191.43 184.903 175.554 171.104 160.077 134.61 126.542 117.55 128.475 126.488 108.363 101.122 102.553 109.814 109.037 112.158 118.123 114.452 111.593 104.281 97.098 -9999 -9999 -9999 -9999 -9999 -9999 -9999 -9999 -9999 -9999 -9999 -9999 -9999 -9999 -9999 -9999 -9999 -9999 -9999 -9999 -9999 -9999 -9999 -9999 -9999 -9999 -9999 -9999 -9999 -9999 -9999 -9999 -9999 -9999 -9999 -9999
-9999 -9999 136.538 142.188 144.673 -9999 149.231 169.229 175.646 169.891 -9999 210.005 204.952 223.166 227.514 -9999 174.662 194.46 173.878 142.273 142.446 129.155 132.131 141.085 140.035 148.111 130.337 115.421 104.994 -9999 95.733 99.826 105.219 107.824 109.468 112.256 103.861 -9999 -9999 -9999 -9999 -9999 -9999 -9999 -9999 -9999 -9999 -9999 -9999 -9999 -9999 -9999 -9999 -9999 -9999 -9999 -9999 -9999 -9999 -9999 -9999 -9999 -9999 -9999 -9999 -9999 -9999 -9999 -9999 -9999 -9999 -9999 -9999 -9999
-9999 -9999 126.146 124.559 -9999 -9999 156.276 175.324 165.563 -9999 181.073 200.919 205.802 216.251 205.08 -9999 157.103 152.273 143.823 139.234 137.542 132.026 137.096 170.663 173.675 164.525 151.55 124.689 104.93 93.917 94.308 -9999 -9999 95.949 94.643 -9999 -9999 -9999 -9999 -9999 -9999 85.484 88.019 88.745 -9999 -9999 -9999 -9999 -9999 -9999 -9999 -9999 -9999 -9999 -9999 -9999 -9999 -9999 -9999 -9999 -9999 -9999 -9999 -9999 -9999 -9999 -9999 -9999 -9999 -9999 -9999 -9999 -9999 -9999
-9999 135.484 143.544 -9999 -9999 149.541 163.223 147.932 162.78 -9999 174.19 197.235 188.241 187.871 205.204 -9999 -9999 -9999 143.054 141.352 142.878 143.403 146.982 148.224 146.506 144.405 135.017 117.632 107.351 104.299 100.733 97.341 98.85 96.725 96.686 -9999 -9999 -9999 -9999 -9999 88.227 87.778 94.484 89.946 87.993 -9999 -9999 -9999 -9999 -9999 -9999 -9999 -9999 -9999 -9999 -9999 -9999 -9999 -9999 -9999 -9999 -9999 -9999 -9999 -9999 -9999 -9999 -9999 -9999 -9999 -9999 -9999 -9999 -9999
144.432 164.618 149.668 -9999 -9999 -9999 133.594 159.624 152.379 -9999 159.277 -9999 166.077 186.288 170.975 -9999 140.677 148.716 147.835 -9999 128.197 119.489 121.544 121.695 120.583 125.188 123.898 119.453 115.069 111.836 106.039 104.754 102.52 94.261 92.494 93.07 94.118 93.091 -9999 87.076 90.521 94.642 93.135 97.067 102.254 104.837 86.323 -9999 -9999 -9999 -9999 -9999 -9999 -9999 -9999 -9999 -9999 -9999 -9999 -9999 -9999 -9999 -9999 -9999 -9999 -9999 -9999 -9999 -9999 -9999 -9999 -9999 -9999 -9999
146.042 157.19 -9999 -9999 -9999 -9999 154.212 175.422 146.704 -9999 139.037 -9999 156.277 152.502 -9999 157.427 166.656 175.847 153.818 122.444 110.042 105.703 107.433 106.584 111.289 110.881 111.155 116.232 115.705 112.292 106.353 104.86 101.279 93.517 99.035 98.01 99.681 93.059 88.227 93.2 94.222 95.721 95.995 108.457 107.912 119.249 111.396 98.225 89.052 91.114 -9999 -9999 -9999 -9999 -9999 -9999 -9999 -9999 -9999 -9999 -9999 -9999 -9999 -9999 -9999 -9999 -9999 -9999 -9999 -9999 -9999 -9999 -9999 -9999
-9999 128.434 -9999 -9999 -9999 -9999 149.708 147.625 153.835 153.926 -9999 -9999 131.149 139.5 -9999 150.11 179.931 194.791 156.798 130.628 111.064 107.242 101.177 98.844 94.85 95.013 102.105 110.985 118.039 115.118 111.112 108.332 107.82 112.078 112.503 116.591 105.765 96.207 96.387 95.861 91.361 107.434 129.205 126.695 121.348 121.943 116.667 119.715 103.578 92.101 92.261 -9999 -9999 -9999 -9999 -9999 -9999 -9999 -9999 -9999 -9999 -9999 -9999 -9999 -9999 -9999 -9999 -9999 -9999 -9999 -9999 -9999 -9999 -9999
129.589 -9999 -9999 -9999 -9999 -9999 128.973 138.924 158.838 139.046 -9999 -9999 129.428 131.434 -9999 -9999 180.58 175.497 151.058 134.192 129.552 118.338 108.24 100.068 101.783 94.403 97.315 110.212 115.829 120.929 121.91 125.479 121.27 124.925 130.236 120.214 109.716 106.412 105.513 99.083 107.21 125.903 127.829 129.005 120.7 115.278 109.394 101.687 94.601 97.536 94.406 -9999 -9999 -9999 -9999 -9999 -9999 -9999 -9999 -9999 -9999 -9999 -9999 -9999 -9999 -9999 -9999 -9999 -9999 -9999 -9999 -9999 -9999 -9999
124.908 -9999 -9999 -9999 -9999 -9999 121.843 142.21 150.163 -9999 -9999 -9999 -9999 123.623 -9999 131.262 159.577 155.519 140.192 140.547 141.499 137.92 128.639 120.79 111.596 104.143 100.231 100.092 110.904 118.992 123.3 120.952 123.321 126.443 118.976 113.369 114.867 115.983 123.578 112.544 107.769 110.636 111.04 112.047 111.667 109.908 99.378 91.174 102.244 93.984 90.647 92.009 -9999 -9999 -9999 -9999 -9999 -9999 -9999 -9999 -9999 -9999 -9999 -9999 -9999 -9999 -9999 -9999 -9999 -9999 -9999 -9999 -9999 -9999
124.264 -9999 -9999 -9999 130.151 131.704 137.26 143.46 -9999 -9999 163.497 -9999 -9999 -9999 -9999 124.585 140.853 138.407 135.077 137.686 143.359 147.807 142.997 137.065 126.5 112.2 104.403 98.177 96.938 109.22 108.483 106.912 112.426 106.848 111.644 123.817 123.403 143.626 144.028 121.971 110.219 102.993 93.018 99.927 102.571 106.014 98.151 95.972 89.476 91.433 90.43 85.37 -9999 -9999 -9999 -9999 -9999 -9999 -9999 -9999 -9999 -9999 -9999 -9999 -9999 -9999 -9999 -9999 -9999 -9999 -9999 -9999 -9999 -9999
-9999 -9999 -9999 -9999 -9999 144.523 148.847 153.208 -9999 163.168 181.103 172.221 -9999 -9999 -9999 -9999 115.346 119.701 119.168 124.885 129.889 136.864 142.222 135.829 128.335 112.746 102.891 93.902 99.598 92.745 98.815 108.648 110.35 110.642 120.817 110.983 125.294 128.138 127.917 127.099 117.459 99.163 95.779 92.6 94.288 96.476 95.279 87.581 88.396 91.401 95.049 87.881 86.983 -9999 -9999 -9999 -9999 -9999 -9999 -9999 -9999 -9999 -9999 -9999 -9999 -9999 -9999 -9999 -9999 -9999 -9999 -9999 -9999 -9999
-9999 -9999 -9999 -9999 -9999 152.272 163.242 165.48 -9999 150.784 183.755 180.365 -9999 -9999 -9999 -9999 -9999 108.96 110.723 108.717 108.433 123.557 123.053 129.412 128.059 129.255 118.648 108.439 93.771 94.505 100.778 103.066 97.858 105.479 107.712 105.737 110.599 117.336 115.71 102.969 100.163 94.806 94.46 86.886 92.055 94.015 87.969 87.693 85.882 88.898 91.193 98.444 89.407 87.552 -9999 -9999 -9999 -9999 -9999 -9999 -9999 -9999 -9999 -9999 -9999 -9999 -9999 -9999 -9999 -9999 -9999 -9999 -9999 -9999
-9999 -9999 -9999 -9999 -9999 160.908 183.259 -9999 -9999 137.046 168.269 183.857 148.574 -9999 -9999 -9999 -9999 -9999 102.592 107.477 120.402 121.57 130.845 138.064 139.222 139.807 133.869 118.978 102.4 103.446 100.466 99.7 106.97 116.201 110.676 134.476 117.722 121.577 106.363 117.924 105.053 92.247 94.025 91.08 88.624 89.346 93.373 95.057 97.821 90.434 94.881 92.023 102.173 92.66 88.732 79.726 -9999 -9999 -9999 -9999 -9999 -9999 -9999 -9999 -9999 -9999 -9999 -9999 -9999 -9999 -9999 -9999 -9999 -9999
-9999 -9999 -9999 -9999 -9999 179.408 158.25 -9999 -9999 148.656 173.607 168.562 -9999 -9999 -9999 -9999 -9999 -9999 99.418 107.105 113.673 115.323 125.014 129.65 129.46 135.212 136.45 125.543 113.502 107.209 110.214 124.797 141.718 125.569 140.251 148.023 136.611 109.954 117.813 114.531 91.72 99.411 96.327 90.827 93.562 96.326 93.245 98.259 102.488 117.069 111.093 98.969 100.666 102.011 93.295 85.57 -9999 -9999 -9999 -9999 -9999 -9999 -9999 -9999 -9999 -9999 -9999 -9999 -9999 -9999 -9999 -9999 -9999 -9999
-9999 -9999 -9999 -9999 -9999 171.249 131.066 -9999 -9999 -9999 145.881 147.258 138.159 -9999 -9999 -9999 -9999 -9999 95.461 103.151 105.61 108.104 113.407 118.738 132.96 148.746 149.625 130.565 120.001 109.76 110.894 121.022 127.722 128.583 157.177 143.632 123.082 123.739 121.497 107.471 109.598 99.86 102.561 104.17 96.385 98.951 104.376 105.502 116.487 135.457 125.574 110.946 97.558 94.851 95.135 88.99 -9999 -9999 -9999 -9999 -9999 -9999 -9999 -9999 -9999 -9999 -9999 -9999 -9999 -9999 -9999 -9999 -9999 -9999
-9999 -9999 -9999 -9999 182.346 164.259 140.68 -9999 -9999 -9999 -9999 -9999 -9999 -9999 -9999 -9999 -9999 -9999 105.211 108.7 108.292 108.759 110.116 115.873 131.006 140.885 143.318 134.157 127.58 131.637 122.205 132.065 139.974 158.241 161.931 153.006 140.034 135.107 125.451 120.661 108.213 106.964 100.633 96.144 104.802 100.267 108.116 114.218 133.615 132.662 130.212 104.485 92.76 90.476 89.848 90.815 77.507 -9999 -9999 -9999 -9999 -9999 -9999 -9999 -9999 -9999 -9999 -9999 -9999 -9999 -9999 -9999 -9999 -9999
-9999 -9999 -9999 185.106 184.337 176.255 154.289 -9999 -9999 -9999 -9999 -9999 -9999 -9999 -9999 -9999 107.035 107.653 109.425 115.371 122.796 123.025 118.471 115.961 119.629 125.324 117.047 132.051 151.877 147.423 145.127 142.869 141.905 149.642 169.494 148.213 146.739 133.427 124.973 114.165 105.651 99.711 108.698 113.951 98.341 99.326 108.969 123.022 118.913 124.594 120.961 99.756 87.886 86.415 93.217 91.228 81.92 -9999 -9999 -9999 -9999 -9999 -9999 -9999 -9999 -9999 -9999 -9999 -9999 -9999 -9999 -9999 -9999 -9999
-9999 -9999 -9999 185.308 174.851 152.148 -9999 -9999 -9999 -9999 -9999 -9999 -9999 -9999 -9999 -9999 108.282 107.695 110.961 120.023 118.571 123.182 138.339 147.262 141.368 132.552 132.047 130.911 138.36 150.867 154.495 142.264 132.679 142.491 154.121 167.707 149.964 143.472 129.605 120.891 107.416 112.171 115.906 105.05 102.098 113.604 125.62 124.039 113.146 110.454 106.071 97.597 99.398 102.009 94.907 91.165 85.74 -9999 -9999 -9999 -9999 -9999 -9999 -9999 -9999 -9999 -9999 -9999 -9999 -9999 -9999 -9999 -9999 -9999
-9999 -9999 -9999 -9999 -9999 -9999 -9999 -9999 -9999 -9999 -9999 -9999 -9999 -9999 -9999 -9999 111.339 112.691 126.047 121.762 132.956 138.295 160.775 167.788 181.528 155.633 134.028 130.041 141.37 155.589 178.826 160.145 127.868 128.74 153.007 165.678 159.381 147.701 145.383 127.731 131.313 135.049 125.489 126.015 129.579 132.667 114.849 109.962 105.545 107.658 108.559 93.009 89.535 94.195 92.125 82.905 83.302 -9999 -9999 -9999 -9999 -9999 -9999 -9999 -9999 -9999 -9999 -9999 -9999 -9999 -9999 -9999 -9999 -9999
-9999 -9999 -9999 -9999 -9999 -9999 -9999 -9999 -9999 -9999 -9999 -9999 -9999 -9999 -9999 119.959 128.498 139.458 130.519 133.08 136.232 139.418 148.939 180.088 172.038 155.59 138.449 135.576 125.341 137.317 149.735 146.68 129.579 123.868 141.557 156.683 155.731 151.992 149.163 150.622 137.153 139.536 132.611 130.452 145.871 123.705 122.71 110.221 98.544 107.637 107.175 105.021 91.878 84.898 83.252 82.747 77.855 -9999 -9999 -9999 -9999 -9999 -9999 -9999 -9999 -9999 -9999 -9999 -9999 -9999 -9999 -9999 -9999 -9999
-9999 -9999 -9999 -9999 -9999 -9999 -9999 -9999 -9999 -9999 -9999 -9999 -9999 -9999 -9999 134.265 144.478 155.269 166.892 162.184 141.5 141.107 162.89 148.97 153.91 146.852 139.843 126.963 110.38 117.224 137.449 140.27 130.773 119.096 135.581 147.348 145.141 147.98 159.944 134.676 149.557 140.8 130.557 149.309 125.435 126.036 118.718 104.129 105.813 102.183 100.074 109.051 100.277 93.188 90.253 86.345 80.811 -9999 -9999 -9999 -9999 -9999 -9999 -9999 -9999 -9999 -9999 -9999 -9999 -9999 -9999 -9999 -9999 -9999
-9999 -9999 -9999 -9999 -9999 -9999 -9999 -9999 -9999 -9999 -9999 -9999 -9999 -9999 133.832 146.652 152.359 179.291 183.045 181.213 184.063 176.801 161.726 143.495 138.244 137.504 133.896 127.034 117.308 119.574 131.399 127.533 113.962 116.181 127.469 145.258 145.511 160.167 140.355 141.191 151.749 137.147 146.754 140.562 120.383 116.979 116.688 114.272 110.888 104.937 108.17 102.936 97.229 95.481 96.258 90.376 84.018 79.741 -9999 -9999 -9999 -9999 -9999 -9999 -9999 -9999 -9999 -9999 -9999 -9999 -9999 -9999 -9999 -9999
