Validation/Results/raw data/ReClimate_07_2024_1_Temperature-Actualsweatherlogisticsltd.asc
NCOLS 192
NROWS 249
XLLCENTER -225160.85627316462
YLLCENTER 29788.11610251502
CELLSIZE 5000.0
NODATA_VALUE -9999
[rows 204 to 237 of 249, columns 75 to 149 of 192]
-9999 -9999 -9999 -9999 15.995 -9999 16.016 16.01 15.91 15.496 15.362 15.263 15.457 15.588 15.522 15.518 15.272 15.853 15.747 15.827 16.039 16.238 16.134 16.256 15.885 15.476 14.275 13.684 15.218 15.074 15.224 14.746 15.326 16.307 15.575 14.208 15.826 16.225 16.23 16.33 16.996 17.544 17.458 17.189 17.329 17.738 17.925 18.029 18.033 17.996 17.309 16.918 16.879 17.237 17.491 17.676 17.591 17.285 17.398 17.606 17.802 17.888 17.915 17.849 17.723 17.805 17.963 18.003 18.137 18.218 18.19 18.303 18.32 18.381 18.536
-9999 -9999 -9999 -9999 -9999 -9999 -9999 -9999 15.692 15.927 15.793 15.665 15.813 15.885 15.845 15.679 16.054 16.054 16.137 16.215 16.116 16.206 15.898 15.97 15.489 14.738 13.868 14.168 14.104 14.491 13.826 14.057 15.752 15.713 15.454 16.375 15.772 16.155 16.784 17.096 17.446 17.202 16.975 16.644 17.178 17.789 17.995 18.147 18.25 17.61 16.878 16.8 16.896 17.349 17.464 17.66 17.559 17.66 17.704 17.915 18.104 18.168 18.091 17.959 17.905 17.978 18.172 18.286 18.215 18.115 18.007 18.101 18.337 18.351 18.484
-9999 -9999 -9999 -9999 -9999 -9999 -9999 -9999 15.951 15.933 15.895 15.986 15.687 15.551 15.403 15.744 16.039 16.198 16.412 16.054 15.899 16.119 16.271 16.438 15.95 15.733 15.554 15.292 14.994 14.787 14.231 14.698 14.526 15.233 15.826 15.391 15.178 16.786 17.112 17.32 16.95 16.974 16.468 16.777 17.224 17.835 18.006 17.912 17.133 16.715 16.832 17.072 17.046 17.265 17.472 17.61 17.8 17.718 17.999 18.196 18.401 18.435 18.223 18.019 17.923 18.043 18.283 18.361 18.236 17.873 17.961 18.048 18.124 18.334 18.45
-9999 -9999 -9999 -9999 -9999 -9999 16.267 16.204 16.1 16.133 -9999 16.107 15.994 15.82 16.021 16.116 16.323 -9999 16.46 16.206 16.352 15.992 16.62 15.902 16.021 15.87 15.653 15.615 15.936 15.529 15.233 15.185 15.244 15.573 15.861 14.815 15.863 16.957 16.964 17.285 17.169 16.675 16.778 17.061 17.473 17.742 17.797 17.209 17.153 16.873 17.024 17.035 17.299 17.45 17.563 17.778 17.996 18.07 18.203 18.232 18.527 18.522 18.385 18.215 18.184 18.195 18.261 18.206 17.955 17.869 17.87 18.135 18.205 18.33 18.466
-9999 -9999 -9999 -9999 -9999 -9999 16.302 -9999 -9999 -9999 16.394 16.282 16.118 -9999 -9999 -9999 -9999 -9999 16.538 16.496 16.226 17.024 16.78 16.63 16.507 16.241 16.369 16.336 14.681 14.789 15.892 16.007 16.027 15.935 15.411 15.473 16.702 16.853 17.267 17.287 16.646 16.893 17.041 17.548 17.617 17.764 17.542 17.225 17.289 17.068 17.279 17.441 17.491 17.64 17.839 17.974 18.136 18.192 18.279 18.307 18.403 18.548 18.274 18.246 18.211 18.234 18.119 18.071 17.949 17.811 17.972 18.285 18.388 18.521 18.525
-9999 -9999 -9999 -9999 -9999 -9999 -9999 -9999 16.264 16.253 16.194 16.357 16.112 -9999 -9999 -9999 -9999 -9999 -9999 -9999 -9999 17.458 17.346 17.258 17.284 16.875 16.48 14.771 14.252 14.541 15.121 15.719 15.93 16.004 16.124 16.154 16.533 17.231 17.351 16.491 16.755 16.92 17.786 17.79 17.765 17.837 17.213 17.237 17.157 17.26 17.488 17.675 17.74 17.821 17.907 18.03 17.995 18.078 18.22 18.404 18.448 18.454 18.259 18.151 17.979 17.934 18.19 18.033 17.948 18.017 18.193 18.39 18.671 18.712 18.71
-9999 -9999 -9999 -9999 -9999 -9999 -9999 -9999 -9999 16.207 -9999 -9999 -9999 -9999 -9999 -9999 -9999 -9999 -9999 16.611 17.014 17.153 17.131 17.501 17.545 17.251 16.442 15.488 14.607 14.696 15.454 16.44 16.292 15.961 16.263 16.619 17.375 17.686 17.365 17.042 17.198 17.675 -9999 17.847 17.802 17.524 16.853 16.881 17.163 17.386 17.638 17.732 17.838 17.825 17.882 17.91 18.022 18.041 18.186 18.312 18.389 18.239 18.102 17.922 17.67 17.71 17.882 18.304 18.194 18.188 18.413 18.465 18.66 18.877 18.858
-9999 -9999 -9999 -9999 -9999 -9999 -9999 -9999 -9999 -9999 -9999 -9999 -9999 -9999 -9999 -9999 -9999 -9999 -9999 16.647 16.907 17.215 17.237 -9999 -9999 -9999 17.184 16.05 16.166 16.019 16.575 16.621 16.134 16.404 17.189 17.514 17.647 17.833 17.636 17.718 17.845 -9999 17.894 17.625 17.682 17.155 16.772 17.134 17.323 17.565 17.642 17.645 17.776 17.848 17.879 17.931 17.822 17.793 17.902 17.951 18.107 18.176 17.942 17.586 17.621 17.657 17.921 18.298 18.5 18.411 18.63 18.872 18.962 19.155 19.227
-9999 -9999 -9999 -9999 -9999 -9999 -9999 -9999 -9999 -9999 -9999 -9999 -9999 -9999 -9999 -9999 -9999 -9999 -9999 -9999 -9999 -9999 -9999 -9999 -9999 -9999 17.825 17.212 16.566 16.719 17.074 17.133 17.03 17.367 17.662 17.765 17.79 17.792 17.862 -9999 -9999 18.201 17.88 17.76 17.653 17.155 16.997 17.246 17.405 17.652 17.827 17.663 17.733 17.812 17.617 17.496 17.495 17.449 17.288 17.485 17.627 17.823 17.898 17.74 17.685 17.919 17.908 18.22 18.631 18.685 18.809 18.981 19.209 19.336 19.428
-9999 -9999 -9999 -9999 -9999 -9999 -9999 -9999 -9999 -9999 -9999 -9999 -9999 -9999 -9999 -9999 -9999 -9999 -9999 -9999 -9999 -9999 -9999 -9999 -9999 -9999 17.622 17.33 17.066 17.06 17.131 17.308 17.565 17.722 17.829 17.905 -9999 -9999 -9999 -9999 -9999 18.256 17.891 17.885 17.701 17.244 17.077 17.253 17.33 17.661 17.888 17.705 17.404 17.468 17.244 17.168 17.208 17.371 17.362 17.27 17.537 17.609 17.97 18.17 18.081 18.344 18.349 18.444 18.699 18.856 19.117 19.389 19.362 19.3 19.459
-9999 -9999 -9999 -9999 -9999 -9999 -9999 -9999 -9999 -9999 -9999 -9999 -9999 -9999 -9999 -9999 -9999 -9999 -9999 -9999 -9999 -9999 -9999 -9999 -9999 -9999 -9999 -9999 17.275 16.952 17.214 17.465 17.46 17.656 17.887 -9999 -9999 -9999 -9999 17.83 17.696 17.536 17.961 17.979 17.746 17.127 17.082 17.11 17.228 17.552 17.735 17.431 17.028 16.861 17.032 17.07 17.288 17.353 17.628 17.616 17.635 17.87 17.989 18.325 18.546 18.544 18.551 18.57 18.631 18.647 18.976 19.373 19.502 19.403 19.357
-9999 -9999 -9999 -9999 -9999 -9999 -9999 -9999 -9999 -9999 -9999 -9999 -9999 -9999 -9999 -9999 -9999 -9999 -9999 -9999 -9999 -9999 -9999 -9999 -9999 -9999 -9999 -9999 -9999 17.448 17.507 17.47 17.447 17.764 -9999 -9999 -9999 -9999 17.844 17.787 17.46 17.416 17.605 17.828 17.769 17.48 17.542 17.225 17.299 17.462 17.312 17.218 17.068 16.742 16.881 17.142 17.442 17.629 17.76 17.88 17.847 17.86 18.059 18.313 18.456 18.455 18.27 18.402 18.567 18.562 18.697 19.099 19.354 19.422 19.419
-9999 -9999 -9999 -9999 -9999 -9999 -9999 -9999 -9999 -9999 -9999 -9999 -9999 -9999 -9999 -9999 -9999 -9999 -9999 -9999 -9999 -9999 -9999 -9999 -9999 -9999 -9999 -9999 -9999 -9999 -9999 -9999 -9999 -9999 -9999 -9999 -9999 17.903 18.008 17.975 17.582 17.346 17.692 17.734 17.524 17.667 17.546 17.533 17.772 17.613 17.418 17.308 17.274 17.193 17.026 17.163 17.381 17.316 17.535 17.642 17.736 17.793 17.869 18.14 18.284 18.217 18.106 18.061 18.363 18.53 18.606 18.751 18.996 19.071 19.124
-9999 -9999 -9999 -9999 -9999 -9999 -9999 -9999 -9999 -9999 -9999 -9999 -9999 -9999 -9999 -9999 -9999 -9999 -9999 -9999 -9999 -9999 -9999 -9999 -9999 -9999 -9999 -9999 -9999 -9999 -9999 -9999 -9999 -9999 -9999 -9999 18.248 18.131 17.872 17.557 16.505 17.102 17.625 17.504 17.475 17.484 17.503 17.843 17.883 17.85 17.68 17.53 17.669 17.448 17.233 16.989 17.159 17.31 17.003 17.284 17.497 17.73 17.928 18.104 18.246 18.239 18.205 18.279 18.238 18.332 18.51 18.601 18.643 18.656 18.431
-9999 -9999 -9999 -9999 -9999 -9999 -9999 -9999 -9999 -9999 -9999 -9999 -9999 -9999 -9999 -9999 -9999 -9999 -9999 -9999 -9999 -9999 -9999 -9999 -9999 -9999 -9999 -9999 -9999 -9999 -9999 -9999 -9999 -9999 -9999 -9999 18.207 18.053 18.043 17.308 16.811 16.656 16.962 17.229 17.372 17.269 17.653 17.757 17.764 17.463 17.263 17.263 17.517 17.627 17.46 17.38 17.195 17.298 17.393 17.34 17.521 17.673 17.901 18.149 18.294 18.339 18.27 18.3 18.296 18.213 18.323 18.372 18.118 18.11 18.043
-9999 -9999 -9999 -9999 -9999 -9999 -9999 -9999 -9999 -9999 -9999 -9999 -9999 -9999 -9999 -9999 -9999 -9999 -9999 -9999 -9999 -9999 -9999 14.581 14.411 14.483 14.898 -9999 16.035 -9999 -9999 -9999 -9999 -9999 -9999 -9999 -9999 18.095 17.99 17.654 17.344 17.154 16.927 16.941 17.068 17.412 17.525 17.551 17.239 17.055 17.312 17.352 17.493 17.565 17.541 17.645 17.748 17.784 17.697 17.754 17.672 17.594 17.539 17.816 18.132 18.199 18.126 18.161 18.126 18.083 18.235 18.215 17.952 17.901 18.11
-9999 -9999 -9999 -9999 -9999 -9999 -9999 -9999 -9999 -9999 -9999 -9999 -9999 -9999 -9999 -9999 -9999 -9999 -9999 -9999 16.344 16.003 15.188 14.304 13.87 14.047 14.439 14.868 15.825 16.92 17.533 -9999 -9999 17.116 17.651 17.916 18.084 18.076 17.997 17.987 17.838 17.648 17.347 17.037 17.165 17.384 17.37 16.956 17.175 17.378 17.272 17.502 17.657 17.765 17.705 17.707 17.836 17.945 18.101 18.01 17.852 17.683 17.673 17.586 17.709 17.965 18.055 18.14 18.31 18.108 18.212 17.787 17.706 17.854 18.113
-9999 -9999 -9999 -9999 -9999 -9999 -9999 -9999 -9999 -9999 -9999 -9999 -9999 -9999 -9999 -9999 -9999 -9999 -9999 16.263 16.298 16.396 15.716 14.716 14.068 14.078 14.404 14.991 15.682 16.304 16.933 17.052 16.963 17.069 17.206 17.843 17.998 18.071 17.932 17.768 17.942 17.777 17.307 17.282 17.342 17.222 16.715 17.132 17.03 17.12 17.313 17.577 17.805 17.818 17.64 17.743 17.804 18.031 18.097 18.097 17.955 17.806 17.587 17.436 17.679 17.931 18.076 17.809 17.991 18.25 18.18 18.237 17.858 18.016 18.138
-9999 -9999 -9999 -9999 -9999 -9999 -9999 -9999 -9999 -9999 -9999 -9999 -9999 -9999 -9999 -9999 -9999 -9999 -9999 16.212 16.824 17.163 16.476 15.373 15.088 14.909 14.79 15.342 15.829 16.574 16.406 16.213 16.704 17.057 17.329 17.314 17.835 18.042 17.891 17.907 17.701 17.542 17.66 17.665 17.462 17.028 17.103 17.133 16.964 17.167 17.291 17.547 17.718 17.721 17.566 17.538 17.949 18.084 18.101 18.15 18.18 18.086 17.868 17.509 17.429 17.888 18.065 17.968 17.784 18.062 18.276 18.331 18.367 18.322 18.073
-9999 -9999 -9999 -9999 -9999 -9999 -9999 -9999 -9999 -9999 -9999 -9999 -9999 -9999 -9999 -9999 -9999 -9999 -9999 16.518 17.316 17.088 16.778 16.241 16.314 16.007 16.116 16.124 16.379 16.612 16.201 16.388 17.108 17.404 17.539 17.791 18.017 18.068 17.978 17.726 17.517 17.653 17.692 17.558 17.244 17.303 17.344 17.394 17.329 17.284 17.156 17.308 17.637 17.889 17.851 17.876 18.019 18.008 18.088 18.24 18.046 17.971 17.985 17.582 17.202 17.685 18.127 18.119 18.077 18.154 18.239 18.314 18.298 18.239 18.16
-9999 -9999 -9999 -9999 -9999 -9999 -9999 -9999 -9999 -9999 -9999 -9999 -9999 -9999 -9999 16.55 16.164 -9999 16.224 16.94 16.819 16.671 16.741 16.914 16.816 16.752 16.42 16.237 16.419 16.702 16.732 16.978 17.314 17.661 17.821 17.84 17.819 17.855 17.937 17.769 17.698 17.655 17.587 17.221 17.443 17.454 17.427 17.297 17.148 17.134 16.99 17.15 17.496 17.871 17.957 18.008 18.069 18.23 18.12 18.145 18.112 17.786 17.954 17.807 17.691 17.764 18.22 18.32 18.208 18.155 18.18 18.238 18.355 18.432 18.435
-9999 -9999 -9999 -9999 -9999 -9999 -9999 -9999 -9999 -9999 -9999 -9999 -9999 -9999 -9999 16.401 16.115 16.156 16.33 16.581 16.564 16.765 16.465 16.461 16.68 16.319 16.325 16.345 16.494 16.828 16.776 16.896 17.179 16.936 16.826 17.173 17.493 17.781 17.882 17.738 17.589 17.475 17.387 17.302 17.522 17.377 17.461 17.284 16.985 16.983 17.194 17.295 17.6 17.765 17.879 17.979 18.285 18.356 18.419 18.447 18.322 18.083 18.002 17.85 17.644 17.722 17.583 17.962 18.194 18.186 18.25 18.245 18.339 18.525 18.62
-9999 -9999 -9999 -9999 -9999 -9999 -9999 -9999 -9999 -9999 -9999 -9999 -9999 -9999 16.609 16.203 16.243 16.199 16.25 16.466 16.619 16.575 16.441 16.641 16.736 16.489 16.496 16.469 16.775 17.016 17.271 17.336 16.946 16.367 16.581 16.785 17.024 17.569 17.655 17.675 17.67 17.531 17.452 17.403 17.45 17.495 17.538 17.328 17.046 17.373 17.478 17.599 17.676 17.777 17.812 17.848 18.261 18.682 18.83 18.668 18.661 18.448 18.368 18.25 18.044 17.978 17.774 17.663 17.817 17.523 17.953 17.763 17.864 18.435 18.707
-9999 -9999 -9999 -9999 -9999 -9999 -9999 -9999 -9999 -9999 -9999 -9999 -9999 -9999 -9999 16.473 16.319 16.296 16.482 16.64 16.78 16.812 16.813 16.845 16.835 16.741 16.69 16.983 17.195 17.436 17.34 17.395 16.777 16.506 16.615 16.502 16.957 17.348 17.352 17.505 17.591 17.488 17.314 17.382 17.404 17.397 17.333 17.154 17.543 17.514 17.645 17.734 17.77 17.76 17.771 17.939 18.192 18.61 18.838 -9999 18.631 18.641 18.453 18.496 18.489 18.464 18.384 18.236 18.199 17.924 17.764 17.901 17.754 18.004 18.352
-9999 -9999 -9999 -9999 -9999 -9999 -9999 -9999 -9999 -9999 -9999 -9999 -9999 -9999 16.536 16.655 16.377 16.318 16.425 16.516 16.764 16.931 16.896 16.816 16.67 16.792 17.075 17.279 17.347 17.383 17.44 17.234 17.074 17.116 16.988 16.779 17.352 17.493 16.99 17.281 17.27 16.68 16.863 16.831 16.835 17.017 17.069 17.293 17.567 17.801 17.831 17.908 17.866 17.835 17.801 17.912 18.126 18.328 18.595 18.761 -9999 18.79 -9999 18.856 -9999 18.647 -9999 18.553 18.502 18.325 18.049 18.017 18.17 18.457 -9999
-9999 -9999 -9999 -9999 -9999 -9999 -9999 -9999 -9999 -9999 -9999 -9999 -9999 -9999 16.687 16.448 16.207 16.298 16.323 16.356 16.362 16.667 16.528 16.471 16.576 16.888 17.198 17.339 17.462 17.49 17.462 17.414 17.239 17.134 16.873 17.182 17.602 16.968 17.066 17.56 17.145 16.905 16.853 16.722 16.968 17.271 17.301 17.538 17.731 17.757 17.988 18.008 17.914 17.862 17.813 17.834 18.039 18.207 18.463 18.672 -9999 -9999 19.032 19.057 -9999 -9999 18.56 18.526 18.498 -9999 -9999 -9999 -9999 -9999 -9999
-9999 -9999 -9999 -9999 -9999 -9999 -9999 -9999 -9999 -9999 -9999 -9999 -9999 16.382 16.397 16.312 16.279 16.54 16.606 16.401 16.481 16.333 15.834 15.908 16.289 16.611 16.838 17.042 17.357 17.424 17.361 17.392 17.145 16.694 16.676 17.01 16.985 17.172 17.811 17.664 17.272 16.947 16.77 17.222 17.567 17.472 17.56 17.628 17.805 18.077 18.241 17.984 18.076 17.992 17.986 17.907 17.999 -9999 -9999 -9999 18.714 -9999 -9999 -9999 -9999 -9999 -9999 18.361 -9999 -9999 -9999 -9999 -9999 -9999 -9999
-9999 -9999 -9999 -9999 -9999 -9999 -9999 -9999 -9999 -9999 -9999 -9999 16.633 16.003 15.932 16.216 16.751 16.927 16.87 16.763 16.566 15.748 14.954 15.202 16.189 16.352 16.311 17.043 17.024 17.452 17.51 17.233 17.302 17.343 17.418 -9999 -9999 -9999 -9999 -9999 17.7 17.273 17.091 17.343 17.574 17.633 17.545 17.696 17.888 18.174 -9999 17.946 -9999 -9999 -9999 -9999 -9999 17.995 18.136 18.249 18.264 18.345 18.644 -9999 -9999 -9999 -9999 -9999 -9999 -9999 -9999 -9999 -9999 -9999 -9999
-9999 -9999 -9999 -9999 -9999 -9999 -9999 -9999 -9999 -9999 -9999 17.311 16.394 15.632 15.684 16.194 16.564 16.87 17.059 16.658 16.154 15.128 14.556 14.931 15.54 15.926 16.703 16.531 17.181 17.472 17.475 17.629 -9999 -9999 -9999 -9999 -9999 -9999 -9999 -9999 -9999 -9999 17.724 17.785 17.928 17.577 17.28 17.249 17.655 17.495 17.797 -9999 -9999 -9999 -9999 -9999 -9999 -9999 18.119 17.999 18.191 18.178 -9999 -9999 -9999 -9999 -9999 -9999 -9999 -9999 -9999 -9999 -9999 -9999 -9999
-9999 -9999 -9999 -9999 -9999 -9999 -9999 -9999 -9999 17.263 17.449 17.006 16.205 15.593 15.359 15.54 16.23 16.93 16.769 16.422 15.946 15.267 14.729 15.232 15.69 16.269 16.455 17.413 17.016 17.135 -9999 -9999 -9999 -9999 -9999 -9999 -9999 -9999 -9999 -9999 -9999 -9999 -9999 18.147 -9999 -9999 -9999 -9999 -9999 17.754 17.486 -9999 -9999 -9999 -9999 -9999 -9999 -9999 -9999 -9999 17.9 17.844 -9999 -9999 -9999 -9999 -9999 -9999 -9999 -9999 -9999 -9999 -9999 -9999 -9999
-9999 -9999 -9999 -9999 -9999 -9999 -9999 -9999 17.189 -9999 17.09 16.901 16.229 15.63 15.379 15.494 16.176 16.496 16.415 16.809 16.64 15.755 15.375 15.619 16.314 16.623 17.093 17.453 17.586 17.856 -9999 -9999 -9999 -9999 -9999 -9999 -9999 -9999 -9999 -9999 -9999 -9999 -9999 -9999 18.064 -9999 -9999 -9999 -9999 -9999 -9999 -9999 -9999 -9999 -9999 -9999 -9999 -9999 -9999 -9999 -9999 -9999 -9999 -9999 -9999 -9999 -9999 -9999 -9999 -9999 -9999 -9999 -9999 -9999 -9999
-9999 -9999 -9999 -9999 -9999 -9999 -9999 17.258 17.225 16.69 16.971 16.921 16.395 16.18 15.967 16.025 16.394 16.366 16.612 -9999 16.865 16.166 15.614 15.224 15.826 16.904 17.252 17.698 17.871 -9999 -9999 -9999 -9999 -9999 -9999 -9999 -9999 -9999 -9999 -9999 -9999 -9999 -9999 -9999 -9999 -9999 -9999 -9999 -9999 -9999 -9999 -9999 -9999 -9999 -9999 -9999 -9999 -9999 -9999 -9999 -9999 -9999 -9999 -9999 -9999 -9999 -9999 -9999 -9999 -9999 -9999 -9999 -9999 -9999 -9999
-9999 -9999 -9999 -9999 -9999 -9999 -9999 17.294 16.978 16.738 16.633 16.616 16.507 16.473 16.295 16.567 16.775 16.806 17.327 17.315 17.169 16.639 15.655 15.403 16.283 16.776 17.386 17.625 17.564 -9999 -9999 -9999 -9999 -9999 -9999 -9999 -9999 -9999 -9999 -9999 -9999 -9999 -9999 -9999 -9999 -9999 -9999 -9999 -9999 -9999 -9999 -9999 -9999 -9999 -9999 -9999 -9999 -9999 -9999 -9999 -9999 -9999 -9999 -9999 -9999 -9999 -9999 -9999 -9999 -9999 -9999 -9999 -9999 -9999 -9999
-9999 -9999 -9999 -9999 -9999 -9999 17.268 17.247 16.868 16.435 16.29 16.45 16.551 16.634 16.664 16.812 16.608 17.063 17.387 17.418 17.178 16.92 16.459 16.384 16.712 17.173 17.365 17.382 -9999 -9999 -9999 -9999 -9999 -9999 -9999 -9999 -9999 -9999 -9999 -9999 -9999 -9999 -9999 -9999 -9999 -9999 -9999 -9999 -9999 -9999 -9999 -9999 -9999 -9999 -9999 -9999 -9999 -9999 -9999 -9999 -9999 -9999 -9999 -9999 -9999 -9999 -9999 -9999 -9999 -9999 -9999 -9999 -9999 -9999 -9999
