Validation/Results/raw data/ReClimate_08_2024_2weatherlogisticsltd.asc
NCOLS 192
NROWS 249
XLLCENTER -225160.85627316462
YLLCENTER 29788.11610251502
CELLSIZE 5000.0
NODATA_VALUE -9999
[rows 99 to 131 of 249, columns 74 to 147 of 192]
113.107 113.139 113.275 113.352 113.419 113.559 113.854 114.29 -9999 -9999 115.24 115.62 116.238 116.873 117.472 118.093 118.774 119.27 119.627 120.219 120.803 121.301 121.625 122.123 122.638 123.152 123.751 124.099 124.283 124.575 124.716 125.307 126.176 126.964 127.888 128.337 128.624 129.227 129.87 130.431 130.888 131.362 131.879 132.452 133.079 -9999 -9999 -9999 -9999 -9999 -9999 -9999 -9999 -9999 -9999 -9999 -9999 -9999 -9999 -9999 -9999 -9999 -9999 -9999 -9999 -9999 -9999 -9999 -9999 -9999 -9999 -9999 -9999 -9999
113.155 113.225 113.319 -9999 -9999 113.533 113.766 -9999 -9999 -9999 115.256 115.699 116.356 116.971 117.576 118.213 118.796 119.277 119.879 120.439 120.969 121.41 121.829 122.42 123.143 123.598 123.842 124.136 124.623 124.818 125.149 125.813 126.218 126.834 127.113 127.676 128.657 129.271 129.927 130.513 130.995 131.482 132.011 132.598 133.243 -9999 -9999 -9999 -9999 -9999 -9999 -9999 -9999 -9999 -9999 -9999 -9999 -9999 -9999 -9999 -9999 -9999 -9999 -9999 -9999 -9999 -9999 -9999 -9999 -9999 -9999 -9999 -9999 -9999
113.214 -9999 113.316 113.32 113.22 -9999 -9999 -9999 -9999 114.814 115.175 115.714 116.396 117.07 117.816 118.306 118.644 119.253 119.885 120.295 120.482 121.19 122.001 122.64 123.241 123.497 123.676 124.023 124.709 125.062 125.518 125.859 126.116 126.467 126.83 127.743 128.692 129.316 129.983 130.586 131.078 131.561 132.079 132.654 -9999 -9999 -9999 -9999 -9999 -9999 -9999 -9999 -9999 -9999 -9999 -9999 -9999 -9999 -9999 -9999 -9999 -9999 -9999 -9999 -9999 -9999 -9999 -9999 -9999 -9999 -9999 -9999 -9999 -9999
113.282 113.341 113.428 113.453 113.621 113.532 113.501 -9999 -9999 114.693 -9999 -9999 116.383 117.173 117.843 118.23 118.604 119.231 119.932 120.386 121.273 121.944 122.229 122.749 123.159 123.47 123.75 124.279 124.67 125.107 125.559 125.794 126.029 126.478 127.005 127.856 128.724 129.363 130.044 130.665 131.167 131.648 132.107 -9999 -9999 -9999 -9999 -9999 -9999 -9999 -9999 -9999 -9999 -9999 -9999 -9999 -9999 -9999 -9999 -9999 -9999 -9999 -9999 -9999 -9999 -9999 -9999 -9999 -9999 -9999 -9999 -9999 -9999 -9999
113.339 113.442 113.571 113.736 113.902 -9999 -9999 -9999 114.199 114.558 114.942 115.525 116.257 117.029 117.779 118.28 118.785 119.462 120.181 121.019 121.918 122.16 122.113 122.542 123.043 123.471 123.956 124.415 125.009 125.501 126.176 126.296 126.265 126.81 127.424 128.137 128.749 129.402 -9999 -9999 131.26 -9999 -9999 -9999 -9999 -9999 -9999 -9999 -9999 -9999 -9999 -9999 -9999 -9999 -9999 -9999 -9999 -9999 -9999 -9999 -9999 -9999 -9999 -9999 -9999 -9999 -9999 -9999 -9999 -9999 -9999 -9999 -9999 -9999
113.393 113.48 113.507 -9999 113.732 -9999 -9999 -9999 114.072 114.421 114.808 115.382 116.141 116.921 117.65 118.323 119.011 119.71 120.308 121.067 121.723 121.872 122.008 122.495 122.949 123.374 123.811 124.232 124.389 124.899 125.204 125.462 126.091 126.753 127.556 128.139 128.761 -9999 130.145 130.806 131.343 131.671 -9999 -9999 -9999 -9999 -9999 -9999 -9999 -9999 -9999 -9999 -9999 -9999 -9999 -9999 -9999 -9999 -9999 -9999 -9999 -9999 -9999 -9999 -9999 -9999 -9999 -9999 -9999 -9999 -9999 -9999 -9999 -9999
-9999 113.489 -9999 -9999 -9999 -9999 113.726 113.735 113.992 114.285 114.678 115.212 115.827 116.613 117.509 118.243 118.926 119.61 120.307 120.976 121.605 121.84 121.984 122.388 122.789 123.313 123.716 123.917 124.11 124.606 125.279 125.82 126.326 126.983 127.539 -9999 128.757 129.431 130.158 130.819 131.329 131.502 -9999 -9999 -9999 -9999 -9999 -9999 -9999 -9999 -9999 -9999 -9999 -9999 -9999 -9999 -9999 -9999 -9999 -9999 -9999 -9999 -9999 -9999 -9999 -9999 -9999 -9999 -9999 -9999 -9999 -9999 -9999 -9999
-9999 -9999 -9999 -9999 -9999 -9999 113.805 113.844 113.943 114.172 114.64 115.123 115.778 116.513 117.009 117.765 118.614 119.314 119.949 120.63 121.341 121.651 121.827 122.241 122.876 123.292 123.752 123.986 124.5 125.034 125.438 125.919 126.422 126.951 127.51 128.103 128.735 129.404 130.079 130.591 130.908 131.229 131.419 -9999 -9999 -9999 -9999 -9999 -9999 -9999 -9999 -9999 -9999 -9999 -9999 -9999 -9999 -9999 -9999 -9999 -9999 -9999 -9999 -9999 -9999 -9999 -9999 -9999 -9999 -9999 -9999 -9999 -9999 -9999
-9999 -9999 -9999 -9999 -9999 113.803 -9999 -9999 113.923 114.126 114.428 114.935 115.683 -9999 -9999 117.332 118.372 119.031 119.784 120.483 121.079 121.422 121.784 122.309 122.738 123.205 123.605 124.069 124.512 124.928 125.392 125.873 126.37 126.874 127.396 127.94 128.509 129.093 129.658 129.965 129.973 130.35 130.812 131.11 -9999 -9999 -9999 -9999 -9999 -9999 -9999 -9999 -9999 -9999 -9999 -9999 -9999 -9999 -9999 -9999 -9999 -9999 -9999 -9999 -9999 -9999 -9999 -9999 -9999 -9999 -9999 -9999 -9999 -9999
-9999 -9999 -9999 -9999 -9999 113.839 -9999 113.915 113.954 114.038 114.198 114.68 115.416 115.888 116.447 117.282 117.905 118.615 119.217 119.888 120.67 121.118 121.562 122.001 122.439 122.877 123.317 123.758 124.168 124.563 125.11 125.578 126.053 126.538 127.036 127.548 128.078 128.624 129.147 129.212 129.027 129.45 130.11 -9999 -9999 -9999 -9999 -9999 -9999 -9999 -9999 -9999 -9999 -9999 -9999 -9999 -9999 -9999 -9999 -9999 -9999 -9999 -9999 -9999 -9999 -9999 -9999 -9999 -9999 -9999 -9999 -9999 -9999 -9999
-9999 -9999 -9999 -9999 -9999 113.875 -9999 113.951 113.99 114.024 114.117 114.445 -9999 115.692 116.366 -9999 118.127 118.672 119.08 119.783 120.305 120.772 121.209 121.643 122.076 122.509 122.945 123.383 123.778 124.269 124.72 125.177 125.643 126.118 126.605 127.094 127.583 128.129 128.63 -9999 -9999 -9999 -9999 -9999 -9999 -9999 -9999 -9999 -9999 -9999 -9999 -9999 -9999 -9999 -9999 -9999 -9999 -9999 -9999 -9999 -9999 -9999 -9999 -9999 -9999 -9999 -9999 -9999 -9999 -9999 -9999 -9999 -9999 -9999
-9999 -9999 -9999 113.827 113.872 -9999 -9999 113.99 114.027 114.065 114.103 114.359 114.944 115.65 116.287 -9999 117.245 117.868 118.848 119.412 119.927 120.4 120.85 121.289 121.733 122.139 122.571 123.004 123.44 123.88 124.324 124.773 125.23 125.695 126.17 126.629 127.103 127.674 -9999 -9999 -9999 -9999 -9999 -9999 -9999 -9999 -9999 -9999 -9999 -9999 -9999 -9999 -9999 -9999 -9999 -9999 -9999 -9999 -9999 -9999 -9999 -9999 -9999 -9999 -9999 -9999 -9999 -9999 -9999 -9999 -9999 -9999 -9999 -9999
-9999 -9999 113.831 113.874 113.913 -9999 113.991 114.029 114.065 114.102 -9999 114.351 114.814 115.42 116.171 -9999 117.084 117.882 118.473 119.032 119.532 120.009 120.471 120.924 121.338 121.765 122.194 122.624 123.055 -9999 123.925 124.403 124.943 125.382 125.84 126.271 126.714 -9999 -9999 -9999 -9999 -9999 -9999 -9999 -9999 -9999 -9999 -9999 -9999 -9999 -9999 -9999 -9999 -9999 -9999 -9999 -9999 -9999 -9999 -9999 -9999 -9999 -9999 -9999 -9999 -9999 -9999 -9999 -9999 -9999 -9999 -9999 -9999 -9999
-9999 -9999 113.879 113.917 -9999 -9999 114.031 113.994 113.963 -9999 114.179 114.294 114.547 115.135 115.768 -9999 116.947 117.554 118.13 118.658 119.13 119.603 120.072 120.531 120.962 121.389 121.815 122.241 122.667 123.095 123.524 -9999 -9999 124.401 124.771 -9999 -9999 -9999 -9999 -9999 -9999 127.733 128.063 128.335 -9999 -9999 -9999 -9999 -9999 -9999 -9999 -9999 -9999 -9999 -9999 -9999 -9999 -9999 -9999 -9999 -9999 -9999 -9999 -9999 -9999 -9999 -9999 -9999 -9999 -9999 -9999 -9999 -9999 -9999
-9999 113.887 113.925 -9999 -9999 114.035 114.072 113.988 114.072 -9999 114.222 114.272 114.51 114.991 115.499 -9999 -9999 -9999 117.781 118.267 118.726 119.188 119.66 120.127 120.582 121.009 121.434 121.833 122.194 122.532 122.71 122.899 123.058 123.636 124.642 -9999 -9999 -9999 -9999 -9999 127.038 127.347 127.399 127.721 128.311 -9999 -9999 -9999 -9999 -9999 -9999 -9999 -9999 -9999 -9999 -9999 -9999 -9999 -9999 -9999 -9999 -9999 -9999 -9999 -9999 -9999 -9999 -9999 -9999 -9999 -9999 -9999 -9999 -9999
113.898 113.936 113.973 -9999 -9999 -9999 114.115 114.103 114.083 -9999 114.271 -9999 114.528 114.894 115.339 -9999 116.321 116.887 117.412 -9999 118.318 118.769 119.237 119.718 120.185 120.628 121.05 121.418 121.79 122.084 122.543 122.837 123.316 124.089 124.528 124.963 125.416 125.815 -9999 126.427 126.652 126.792 126.984 127.658 128.569 129.322 130.131 -9999 -9999 -9999 -9999 -9999 -9999 -9999 -9999 -9999 -9999 -9999 -9999 -9999 -9999 -9999 -9999 -9999 -9999 -9999 -9999 -9999 -9999 -9999 -9999 -9999 -9999 -9999
113.95 113.986 -9999 -9999 -9999 -9999 114.159 114.164 114.198 -9999 114.321 -9999 114.51 114.796 -9999 115.66 116.122 116.576 117.02 117.473 117.907 118.347 118.817 119.303 119.784 120.289 120.833 121.168 121.416 121.821 122.197 122.704 123.251 123.713 124.239 124.614 124.817 125.158 125.341 125.616 125.947 126.317 126.812 127.719 129.129 129.91 130.725 131.581 133.031 134.857 -9999 -9999 -9999 -9999 -9999 -9999 -9999 -9999 -9999 -9999 -9999 -9999 -9999 -9999 -9999 -9999 -9999 -9999 -9999 -9999 -9999 -9999 -9999 -9999
-9999 114.035 -9999 -9999 -9999 -9999 114.204 114.237 114.272 114.319 -9999 -9999 114.5 114.724 -9999 115.546 115.963 116.349 116.714 117.083 117.504 117.942 118.414 118.895 119.379 119.869 120.212 120.578 121.123 121.644 122.331 122.804 123.132 123.616 124.061 124.397 124.809 124.895 124.737 125.142 126.085 126.797 127.618 128.76 129.677 130.496 131.353 132.214 133.17 134.431 136.137 -9999 -9999 -9999 -9999 -9999 -9999 -9999 -9999 -9999 -9999 -9999 -9999 -9999 -9999 -9999 -9999 -9999 -9999 -9999 -9999 -9999 -9999 -9999
114.039 -9999 -9999 -9999 -9999 -9999 114.25 114.283 114.321 114.371 -9999 -9999 114.51 114.693 -9999 -9999 115.827 116.22 116.678 116.959 117.179 117.566 118.026 118.494 118.967 119.411 119.949 120.52 121.037 121.585 121.931 122.332 122.825 123.314 123.886 124.307 124.605 124.288 123.573 124.591 125.724 126.804 128.272 129.193 130.216 131.058 131.929 132.886 133.933 135.117 136.378 -9999 -9999 -9999 -9999 -9999 -9999 -9999 -9999 -9999 -9999 -9999 -9999 -9999 -9999 -9999 -9999 -9999 -9999 -9999 -9999 -9999 -9999 -9999
114.108 -9999 -9999 -9999 -9999 -9999 114.299 114.331 114.374 -9999 -9999 -9999 -9999 114.611 -9999 115.289 115.658 116.064 116.355 116.625 116.967 117.324 117.693 118.102 118.621 119.253 119.854 120.408 120.921 121.275 121.564 122.075 122.643 123.18 123.681 124.007 124.34 124.313 125.097 125.998 126.461 127.624 128.454 129.532 130.753 131.599 132.502 133.57 134.674 135.836 137.11 138.481 -9999 -9999 -9999 -9999 -9999 -9999 -9999 -9999 -9999 -9999 -9999 -9999 -9999 -9999 -9999 -9999 -9999 -9999 -9999 -9999 -9999 -9999
114.231 -9999 -9999 -9999 114.289 114.319 114.349 114.383 -9999 -9999 114.529 -9999 -9999 -9999 -9999 115.107 115.476 115.81 116.147 116.484 116.805 117.129 117.488 117.978 118.557 119.133 119.706 120.272 120.78 121.2 121.727 122.225 122.655 123.077 123.306 123.604 124.189 124.918 125.571 126.065 126.368 127.482 129.066 130.196 131.334 132.207 133.163 134.249 135.346 136.529 137.82 138.89 -9999 -9999 -9999 -9999 -9999 -9999 -9999 -9999 -9999 -9999 -9999 -9999 -9999 -9999 -9999 -9999 -9999 -9999 -9999 -9999 -9999 -9999
-9999 -9999 -9999 -9999 -9999 114.372 114.402 114.438 -9999 114.534 114.583 114.54 -9999 -9999 -9999 -9999 115.279 115.635 115.975 116.305 116.63 116.991 117.496 118.051 118.601 119.15 119.711 120.235 120.709 121.182 121.579 122.022 122.509 122.828 123.124 123.756 124.607 125.277 125.83 126.434 127.425 128.734 129.653 130.659 131.501 132.443 133.441 134.634 136.003 137.207 138.499 139.58 141.129 -9999 -9999 -9999 -9999 -9999 -9999 -9999 -9999 -9999 -9999 -9999 -9999 -9999 -9999 -9999 -9999 -9999 -9999 -9999 -9999 -9999
-9999 -9999 -9999 -9999 -9999 114.436 114.459 114.497 -9999 114.592 114.64 114.6 -9999 -9999 -9999 -9999 -9999 115.425 115.774 116.11 116.482 117.024 117.591 118.146 118.692 119.192 119.615 120.169 120.752 120.999 120.968 121.586 122.435 122.741 123.302 124.196 124.991 125.76 126.791 127.728 128.633 129.512 130.343 131.26 132.293 133.253 134.302 135.507 136.65 137.877 139.149 140.197 141.563 143.518 -9999 -9999 -9999 -9999 -9999 -9999 -9999 -9999 -9999 -9999 -9999 -9999 -9999 -9999 -9999 -9999 -9999 -9999 -9999 -9999
-9999 -9999 -9999 -9999 -9999 114.675 114.562 -9999 -9999 114.654 114.701 114.643 114.57 -9999 -9999 -9999 -9999 -9999 115.552 115.941 116.514 117.107 117.68 118.237 118.783 119.264 119.806 120.381 120.847 121.023 121.414 122.068 122.454 122.898 123.734 124.491 125.405 126.403 127.456 128.343 129.237 130.045 130.84 131.883 132.977 133.981 135.028 136.129 137.299 138.546 139.791 140.824 142.238 144.092 145.935 147.862 -9999 -9999 -9999 -9999 -9999 -9999 -9999 -9999 -9999 -9999 -9999 -9999 -9999 -9999 -9999 -9999 -9999 -9999
-9999 -9999 -9999 -9999 -9999 114.874 114.719 -9999 -9999 114.735 114.759 114.684 -9999 -9999 -9999 -9999 -9999 -9999 115.351 115.944 116.58 117.183 117.763 118.326 118.875 119.396 119.868 120.338 120.717 121.114 121.435 121.851 122.498 123.141 123.309 124.067 125.183 126.513 127.899 128.828 129.827 130.581 131.28 132.334 133.305 134.223 135.037 136.088 137.029 138.059 139.314 142.15 143.73 145.522 147.318 149.136 -9999 -9999 -9999 -9999 -9999 -9999 -9999 -9999 -9999 -9999 -9999 -9999 -9999 -9999 -9999 -9999 -9999 -9999
-9999 -9999 -9999 -9999 -9999 115.047 114.914 -9999 -9999 -9999 114.787 114.795 114.842 -9999 -9999 -9999 -9999 -9999 115.331 115.986 116.636 117.252 117.843 118.413 118.967 119.51 120.122 120.573 121.006 121.347 121.561 122.062 122.901 123.522 124.272 125.214 126.07 127.271 128.325 129.312 130.32 131.058 131.834 132.816 133.839 134.736 135.83 136.689 137.381 138.695 141.843 143.621 145.36 147.1 148.842 150.603 -9999 -9999 -9999 -9999 -9999 -9999 -9999 -9999 -9999 -9999 -9999 -9999 -9999 -9999 -9999 -9999 -9999 -9999
-9999 -9999 -9999 -9999 115.469 115.345 115.114 -9999 -9999 -9999 -9999 -9999 -9999 -9999 -9999 -9999 -9999 -9999 115.518 115.939 116.33 117.055 117.899 118.445 118.915 119.539 120.192 120.614 120.868 121.174 121.544 122.194 123.374 124.285 125.172 125.98 126.857 127.762 128.502 129.553 130.664 131.485 132.357 133.429 134.572 135.578 136.47 137.029 137.853 141.441 143.392 145.112 146.818 148.512 150.207 151.917 152.621 -9999 -9999 -9999 -9999 -9999 -9999 -9999 -9999 -9999 -9999 -9999 -9999 -9999 -9999 -9999 -9999 -9999
-9999 -9999 -9999 115.692 115.71 115.546 115.307 -9999 -9999 -9999 -9999 -9999 -9999 -9999 -9999 -9999 115.27 115.348 115.765 116.123 116.708 117.443 118.001 118.583 119.236 119.819 120.26 120.659 121.063 121.443 121.859 122.865 123.835 124.743 125.604 126.451 127.309 128.055 128.848 129.966 131.087 132.017 133.019 134.118 135.211 136.145 137.051 137.913 140.84 142.979 144.795 146.476 148.142 149.796 151.449 153.114 154.078 -9999 -9999 -9999 -9999 -9999 -9999 -9999 -9999 -9999 -9999 -9999 -9999 -9999 -9999 -9999 -9999 -9999
-9999 -9999 -9999 115.782 115.711 115.542 -9999 -9999 -9999 -9999 -9999 -9999 -9999 -9999 -9999 -9999 115.317 115.675 115.785 116.267 116.89 117.224 117.455 118.055 118.581 119.277 120.298 120.809 121.241 121.613 122.284 123.33 124.292 125.185 126.033 126.85 127.712 128.447 129.148 130.068 130.643 131.924 133.63 134.709 135.805 136.534 137.228 140.168 142.376 144.391 146.081 147.737 149.36 150.979 152.594 154.22 155.339 -9999 -9999 -9999 -9999 -9999 -9999 -9999 -9999 -9999 -9999 -9999 -9999 -9999 -9999 -9999 -9999 -9999
-9999 -9999 -9999 -9999 -9999 -9999 -9999 -9999 -9999 -9999 -9999 -9999 -9999 -9999 -9999 -9999 115.548 115.879 116.286 116.783 117.189 117.428 117.818 118.426 119.249 119.991 120.373 120.838 121.223 121.744 122.762 123.807 124.759 125.632 126.417 127.181 128.008 128.865 129.93 130.759 131.871 133.236 134.212 135.303 136.425 137.221 139.454 141.646 143.787 145.616 147.275 148.893 150.494 152.081 153.664 155.254 156.454 -9999 -9999 -9999 -9999 -9999 -9999 -9999 -9999 -9999 -9999 -9999 -9999 -9999 -9999 -9999 -9999 -9999
-9999 -9999 -9999 -9999 -9999 -9999 -9999 -9999 -9999 -9999 -9999 -9999 -9999 -9999 -9999 115.506 115.865 116.247 116.488 116.893 117.276 117.679 118.184 118.843 119.626 120.039 120.412 120.873 121.33 122.167 123.567 124.584 125.266 126.149 126.974 127.742 128.624 129.603 130.589 131.655 132.692 133.713 134.815 135.851 136.897 138.694 140.882 143.057 145.077 146.761 148.392 149.985 151.56 153.12 154.674 156.233 157.479 -9999 -9999 -9999 -9999 -9999 -9999 -9999 -9999 -9999 -9999 -9999 -9999 -9999 -9999 -9999 -9999 -9999
-9999 -9999 -9999 -9999 -9999 -9999 -9999 -9999 -9999 -9999 -9999 -9999 -9999 -9999 -9999 115.753 116.185 116.561 117.015 117.409 117.758 118.252 118.75 119.245 119.508 119.896 120.456 120.952 121.517 122.633 123.711 124.669 125.852 126.727 127.386 128.238 129.176 130.132 131.19 132.212 133.256 134.343 135.453 136.391 137.736 140.084 142.255 144.373 146.193 147.84 149.448 151.025 152.572 154.109 155.638 157.168 158.431 -9999 -9999 -9999 -9999 -9999 -9999 -9999 -9999 -9999 -9999 -9999 -9999 -9999 -9999 -9999 -9999 -9999
-9999 -9999 -9999 -9999 -9999 -9999 -9999 -9999 -9999 -9999 -9999 -9999 -9999 -9999 115.743 116.088 116.528 116.998 117.459 117.819 118.139 118.619 119.042 119.387 119.825 120.242 120.613 121.011 121.733 122.959 124.147 125.331 126.341 127.15 127.967 128.882 129.846 130.849 131.913 132.881 133.941 134.983 135.969 137.117 139.249 141.428 143.581 145.57 147.24 148.865 150.452 152.006 153.54 155.057 156.535 157.948 159.2 160.268 -9999 -9999 -9999 -9999 -9999 -9999 -9999 -9999 -9999 -9999 -9999 -9999 -9999 -9999 -9999 -9999
