Validation/Results/raw data/ReClimate_12_2023_1_Temperature-Actuals.asc
NCOLS 192
NROWS 249
XLLCENTER -225160.85627316462
YLLCENTER 29788.11610251502
CELLSIZE 5000.0
NODATA_VALUE -9999
[rows 136 to 169 of 249, columns 77 to 153 of 192]
-9999 -9999 -9999 -9999 -9999 -9999 -9999 -9999 5.469 -9999 4.98 4.641 4.663 4.66 4.894 5.041 5.051 4.951 4.065 4.175 4.172 4.227 4.694 4.705 4.697 4.76 4.36 4.308 -9999 -9999 -9999 -9999 -9999 -9999 5.04 5.222 5.22 4.973 4.797 4.56 3.992 3.664 3.894 3.935 3.965 4.353 4.104 4.002 4.418 4.69 4.883 4.825 5.16 5.301 5.374 5.457 5.8 -9999 -9999 -9999 -9999 -9999 -9999 -9999 -9999 -9999 -9999 -9999 -9999 -9999 -9999 -9999 -9999 -9999 -9999 -9999 -9999
-9999 -9999 -9999 -9999 -9999 -9999 -9999 -9999 5.346 5.29 5.308 5.383 5.138 5.019 5.013 5.068 5.352 5.189 4.841 4.162 4.186 4.285 4.667 4.582 4.556 4.907 4.648 5.147 -9999 -9999 -9999 -9999 5.119 4.911 4.999 5.236 5.312 5.161 4.897 4.189 3.439 3.439 3.654 3.356 3.977 3.876 3.67 4.175 4.138 4.428 4.935 4.976 4.628 4.931 5.204 5.298 5.844 -9999 -9999 -9999 -9999 -9999 -9999 -9999 -9999 -9999 -9999 -9999 -9999 -9999 -9999 -9999 -9999 -9999 -9999 -9999 -9999
6.043 -9999 -9999 -9999 -9999 -9999 -9999 -9999 5.386 5.623 5.557 -9999 -9999 5.424 5.218 5.243 5.359 -9999 5.509 5.22 4.98 4.803 4.866 4.598 5.008 5.337 -9999 -9999 -9999 -9999 -9999 5.464 5.197 5.005 5.045 5.117 5.114 5.054 4.65 3.982 3.006 2.814 3.313 3.075 3.58 3.129 3.359 3.673 3.65 4.288 4.427 4.529 4.532 4.737 5.02 5.177 5.629 -9999 -9999 -9999 -9999 -9999 -9999 -9999 -9999 -9999 -9999 -9999 -9999 -9999 -9999 -9999 -9999 -9999 -9999 -9999 -9999
5.696 -9999 -9999 -9999 -9999 -9999 -9999 -9999 -9999 5.775 5.931 -9999 -9999 -9999 5.681 5.325 5.361 5.592 -9999 -9999 5.519 5.376 5.254 4.862 5.04 -9999 -9999 -9999 -9999 -9999 5.36 5.301 5.095 5.013 4.978 4.934 4.975 4.697 4.465 4.114 3.16 2.962 2.386 2.971 2.554 2.428 2.822 3.172 3.152 3.557 4.153 4.236 4.2 4.598 4.875 4.832 5.12 -9999 -9999 -9999 -9999 -9999 -9999 -9999 -9999 -9999 -9999 -9999 -9999 -9999 -9999 -9999 -9999 -9999 -9999 -9999 -9999
-9999 -9999 -9999 -9999 -9999 -9999 -9999 -9999 -9999 -9999 6.002 -9999 -9999 -9999 -9999 5.654 5.285 5.47 -9999 -9999 -9999 5.665 5.785 -9999 -9999 -9999 -9999 -9999 -9999 -9999 5.392 5.208 4.949 4.686 4.481 4.595 4.676 4.579 4.649 4.284 3.612 2.687 2.589 2.604 1.898 2.09 2.433 2.936 2.878 3.07 3.662 4.085 4.383 4.626 4.718 4.543 4.776 -9999 -9999 -9999 -9999 -9999 -9999 -9999 -9999 -9999 -9999 -9999 -9999 -9999 -9999 -9999 -9999 -9999 -9999 -9999 -9999
-9999 -9999 -9999 -9999 -9999 -9999 -9999 -9999 -9999 -9999 5.792 -9999 -9999 -9999 -9999 -9999 5.702 5.655 -9999 -9999 -9999 -9999 -9999 -9999 -9999 -9999 -9999 -9999 -9999 -9999 5.314 4.751 4.392 4.21 4.096 4.271 4.376 4.444 4.47 4.227 3.775 2.799 1.853 1.352 1.69 2.149 3.06 3.252 3.372 3.619 3.733 3.761 4.246 4.635 4.567 4.344 4.536 5.124 -9999 -9999 -9999 -9999 -9999 -9999 -9999 -9999 -9999 -9999 -9999 -9999 -9999 -9999 -9999 -9999 -9999 -9999 -9999
5.532 5.627 6.132 -9999 -9999 -9999 -9999 -9999 -9999 -9999 5.799 -9999 -9999 -9999 -9999 -9999 -9999 -9999 -9999 -9999 -9999 -9999 -9999 -9999 -9999 -9999 -9999 -9999 -9999 5.429 4.964 4.672 4.685 4.473 3.681 4.111 4.104 3.999 4.264 4.155 4.27 2.991 1.605 1.171 1.948 2.565 2.237 2.074 2.712 3.187 4.012 4.098 4.136 4.304 4.342 4.351 4.44 4.909 5.545 -9999 -9999 -9999 -9999 -9999 -9999 -9999 -9999 -9999 -9999 -9999 -9999 -9999 -9999 -9999 -9999 -9999 -9999
5.485 5.804 6.03 -9999 -9999 -9999 -9999 -9999 -9999 -9999 -9999 -9999 -9999 -9999 -9999 -9999 -9999 -9999 -9999 -9999 -9999 -9999 -9999 -9999 -9999 -9999 -9999 -9999 5.241 5.17 4.78 4.663 4.663 4.368 2.701 3.268 4.144 4.159 4.214 4.526 4.289 3.696 2.417 1.343 1.844 2.189 2.583 2.735 2.631 2.892 3.402 4.106 4.257 4.403 4.394 4.391 4.543 4.967 5.463 -9999 -9999 -9999 -9999 -9999 -9999 -9999 -9999 -9999 -9999 -9999 -9999 -9999 -9999 -9999 -9999 -9999 -9999
5.756 -9999 6.119 6.387 -9999 -9999 -9999 -9999 -9999 -9999 -9999 -9999 -9999 -9999 -9999 -9999 -9999 -9999 -9999 -9999 -9999 -9999 -9999 -9999 -9999 -9999 -9999 -9999 4.951 4.875 4.746 3.816 3.739 4.048 4.217 3.922 3.652 3.952 4.122 4.267 4.457 4.31 3.437 2.821 1.807 2.464 2.84 3.0 3.099 3.387 3.702 3.996 4.11 4.374 4.428 4.491 4.584 4.936 5.418 5.688 5.741 -9999 -9999 -9999 -9999 -9999 -9999 -9999 -9999 -9999 -9999 -9999 -9999 -9999 -9999 -9999 -9999
5.788 -9999 -9999 6.381 -9999 -9999 -9999 -9999 -9999 -9999 -9999 -9999 -9999 -9999 -9999 -9999 -9999 -9999 -9999 -9999 -9999 -9999 -9999 -9999 -9999 -9999 -9999 -9999 5.084 4.887 4.194 3.339 4.594 4.656 3.836 3.321 3.887 3.83 3.597 4.359 4.217 4.52 4.565 3.695 3.114 2.724 2.955 3.159 3.581 3.806 4.123 4.352 4.508 4.484 4.633 4.533 4.701 4.919 5.184 4.968 5.007 5.037 5.3 4.897 -9999 -9999 -9999 -9999 -9999 -9999 -9999 -9999 -9999 -9999 -9999 -9999 -9999
5.767 6.107 -9999 6.461 -9999 -9999 -9999 -9999 -9999 -9999 -9999 -9999 -9999 -9999 -9999 -9999 -9999 -9999 -9999 -9999 -9999 -9999 -9999 -9999 -9999 -9999 -9999 5.948 5.166 4.637 3.555 2.982 2.953 3.696 3.902 3.803 3.516 3.062 4.017 3.426 3.979 4.314 4.475 4.265 3.99 3.506 2.918 3.134 3.58 3.94 4.192 4.423 4.583 4.728 4.73 4.734 4.816 4.966 5.003 4.83 4.067 4.028 4.158 4.288 4.729 4.492 -9999 -9999 -9999 -9999 -9999 -9999 -9999 -9999 -9999 -9999 -9999
5.895 -9999 6.283 -9999 -9999 -9999 -9999 -9999 -9999 -9999 -9999 -9999 -9999 -9999 -9999 -9999 -9999 -9999 -9999 -9999 -9999 -9999 -9999 -9999 -9999 -9999 -9999 -9999 5.798 4.878 3.505 3.156 3.582 2.328 3.012 3.729 3.256 3.743 2.809 3.104 3.851 4.174 4.122 4.159 3.815 2.271 2.546 2.693 2.721 3.086 3.863 4.174 4.427 4.68 4.801 4.819 4.893 5.056 5.131 4.96 4.297 3.915 4.093 4.11 4.091 4.323 4.379 -9999 -9999 -9999 -9999 -9999 -9999 -9999 -9999 -9999 -9999
6.021 6.063 6.169 -9999 -9999 -9999 -9999 -9999 -9999 -9999 -9999 -9999 -9999 -9999 -9999 -9999 -9999 -9999 -9999 -9999 -9999 -9999 -9999 -9999 -9999 -9999 -9999 -9999 -9999 5.476 4.723 4.634 3.446 3.46 3.72 4.398 4.582 3.375 3.38 3.754 3.914 3.631 3.625 3.882 2.955 2.584 2.406 1.945 2.378 3.023 3.307 3.943 4.281 4.622 4.779 4.802 4.902 5.04 4.487 4.272 3.667 3.031 3.262 3.539 3.969 3.927 4.205 4.777 -9999 -9999 -9999 -9999 -9999 -9999 -9999 -9999 -9999
6.25 6.084 -9999 -9999 -9999 -9999 -9999 -9999 -9999 -9999 -9999 -9999 -9999 -9999 -9999 -9999 -9999 -9999 -9999 -9999 -9999 -9999 -9999 -9999 -9999 -9999 -9999 -9999 -9999 6.045 5.467 4.938 4.313 3.736 3.276 4.542 4.046 4.219 4.433 4.388 4.124 3.637 2.749 3.611 2.909 2.26 2.625 3.331 3.496 3.441 3.6 3.811 4.388 4.721 4.799 4.807 4.734 4.469 4.159 3.768 3.81 3.511 3.374 3.259 3.354 3.621 3.825 4.447 5.369 -9999 -9999 -9999 -9999 -9999 -9999 -9999 -9999
6.217 6.336 -9999 -9999 -9999 -9999 -9999 -9999 -9999 -9999 -9999 -9999 -9999 -9999 -9999 -9999 -9999 -9999 -9999 -9999 -9999 -9999 -9999 -9999 -9999 -9999 -9999 -9999 -9999 -9999 5.194 4.539 4.282 3.667 4.425 4.311 4.668 4.772 4.732 4.537 4.259 3.734 3.835 2.66 2.948 3.081 2.991 3.351 3.418 3.287 3.914 4.053 4.471 4.694 4.831 4.814 4.586 4.295 4.115 3.93 3.737 3.657 3.62 3.507 3.459 3.548 3.926 4.275 5.039 -9999 -9999 -9999 -9999 -9999 -9999 -9999 -9999
-9999 -9999 -9999 -9999 -9999 -9999 -9999 -9999 -9999 -9999 -9999 -9999 -9999 -9999 -9999 -9999 -9999 -9999 -9999 -9999 -9999 -9999 -9999 -9999 -9999 -9999 -9999 -9999 -9999 -9999 5.877 4.266 4.484 5.029 4.66 4.904 4.87 5.045 4.881 4.387 4.377 4.369 2.689 3.262 3.009 2.947 2.811 3.547 3.608 3.751 3.871 4.231 4.405 4.715 4.838 4.829 4.668 4.116 3.81 3.965 4.086 3.988 3.933 3.774 3.743 3.686 3.799 4.351 4.621 5.438 -9999 -9999 -9999 -9999 -9999 -9999 -9999
-9999 -9999 -9999 -9999 -9999 -9999 -9999 -9999 -9999 -9999 -9999 -9999 -9999 -9999 -9999 -9999 -9999 -9999 -9999 -9999 -9999 -9999 -9999 -9999 -9999 -9999 -9999 -9999 -9999 -9999 -9999 5.371 5.48 5.093 4.843 5.023 4.965 5.203 4.965 4.643 4.709 3.972 3.095 2.675 2.699 2.366 2.783 2.798 3.063 3.499 3.521 3.869 4.329 4.663 4.808 4.672 4.539 4.447 3.774 3.807 4.349 4.597 4.411 4.306 4.252 4.323 4.39 4.626 4.926 5.114 -9999 -9999 -9999 -9999 -9999 -9999 -9999
-9999 -9999 -9999 -9999 -9999 -9999 -9999 -9999 -9999 -9999 -9999 -9999 -9999 -9999 -9999 -9999 -9999 -9999 -9999 -9999 -9999 -9999 -9999 -9999 -9999 -9999 -9999 -9999 -9999 -9999 -9999 5.851 -9999 5.012 5.228 5.136 5.235 -9999 5.225 4.897 4.764 4.067 3.045 3.018 2.985 2.519 2.765 2.693 2.165 2.902 3.236 3.497 3.881 4.477 4.722 4.637 4.491 4.5 4.566 4.397 4.693 4.858 4.685 4.48 4.468 4.542 4.668 4.761 4.512 4.496 4.847 -9999 -9999 -9999 -9999 -9999 -9999
-9999 -9999 -9999 -9999 -9999 -9999 -9999 -9999 -9999 -9999 -9999 -9999 -9999 -9999 -9999 -9999 -9999 -9999 -9999 -9999 -9999 -9999 -9999 -9999 -9999 -9999 -9999 -9999 -9999 -9999 -9999 -9999 5.693 5.268 -9999 -9999 -9999 -9999 5.476 5.169 5.075 4.503 4.064 3.232 3.084 2.878 2.702 3.34 2.992 2.478 3.181 3.39 3.902 4.332 4.687 4.78 4.739 4.688 4.73 4.745 4.637 4.726 4.568 4.456 4.546 4.534 4.375 4.412 4.562 4.438 4.503 4.768 5.245 -9999 -9999 -9999 -9999
-9999 -9999 -9999 -9999 -9999 -9999 -9999 -9999 -9999 -9999 -9999 -9999 -9999 -9999 -9999 -9999 -9999 -9999 -9999 -9999 -9999 -9999 -9999 -9999 -9999 -9999 -9999 -9999 -9999 -9999 -9999 -9999 5.908 5.699 -9999 -9999 -9999 -9999 5.608 5.071 5.187 4.816 4.101 4.162 3.979 3.21 3.104 3.268 3.453 2.585 3.104 3.401 3.726 4.226 4.703 4.871 4.902 4.875 4.817 4.817 4.761 4.648 4.596 4.544 4.552 4.435 4.22 4.07 4.16 4.334 4.594 4.882 5.286 -9999 -9999 -9999 -9999
-9999 -9999 -9999 -9999 -9999 -9999 -9999 -9999 -9999 -9999 -9999 -9999 -9999 -9999 -9999 -9999 -9999 -9999 -9999 -9999 -9999 -9999 -9999 -9999 -9999 -9999 -9999 -9999 -9999 -9999 -9999 -9999 5.949 -9999 -9999 -9999 -9999 5.804 5.446 5.034 4.369 4.065 4.022 3.976 4.03 3.516 3.083 3.581 3.606 3.557 3.129 3.593 3.897 4.34 4.686 4.923 4.862 4.858 4.861 4.895 4.921 4.868 4.832 4.61 4.219 4.191 4.173 4.24 4.327 4.475 4.702 5.049 -9999 -9999 -9999 -9999 -9999
-9999 -9999 -9999 -9999 -9999 -9999 -9999 -9999 -9999 -9999 -9999 -9999 -9999 -9999 -9999 -9999 -9999 -9999 -9999 -9999 -9999 -9999 -9999 -9999 -9999 -9999 -9999 -9999 -9999 -9999 -9999 -9999 -9999 -9999 -9999 -9999 -9999 5.882 5.317 4.299 3.515 3.211 3.638 4.189 4.127 4.205 4.078 4.186 4.049 3.87 3.64 3.665 4.1 4.457 4.716 4.94 4.907 4.845 4.908 5.008 5.067 5.009 4.914 4.791 4.154 3.797 4.272 4.48 4.673 4.725 4.886 5.054 -9999 -9999 -9999 -9999 -9999
-9999 -9999 -9999 -9999 -9999 -9999 -9999 -9999 -9999 -9999 -9999 -9999 -9999 -9999 -9999 -9999 -9999 -9999 -9999 -9999 -9999 -9999 -9999 -9999 -9999 -9999 -9999 -9999 -9999 -9999 -9999 -9999 -9999 -9999 -9999 -9999 -9999 5.778 5.257 4.501 3.688 3.66 4.11 4.245 4.527 4.469 4.443 4.468 4.39 4.544 4.096 4.05 4.135 4.415 4.662 4.902 5.029 4.946 4.986 5.103 5.155 5.103 4.984 4.893 4.574 4.07 4.269 4.656 4.836 4.914 4.961 5.011 -9999 -9999 -9999 -9999 -9999
-9999 -9999 -9999 -9999 -9999 -9999 -9999 -9999 -9999 -9999 -9999 -9999 -9999 -9999 -9999 -9999 -9999 -9999 -9999 -9999 -9999 -9999 -9999 -9999 -9999 -9999 -9999 -9999 -9999 -9999 -9999 -9999 -9999 -9999 -9999 -9999 5.858 5.674 5.241 4.353 3.781 3.542 4.117 4.152 4.838 4.553 4.592 4.382 4.308 4.169 4.799 4.751 4.85 4.783 4.94 4.841 4.965 5.03 4.957 4.981 5.139 5.12 5.058 4.968 4.881 4.504 4.448 4.742 4.974 5.039 5.003 4.974 5.018 -9999 -9999 -9999 -9999
-9999 -9999 -9999 -9999 -9999 -9999 -9999 -9999 -9999 -9999 -9999 -9999 -9999 -9999 -9999 -9999 -9999 -9999 -9999 -9999 -9999 -9999 -9999 -9999 -9999 -9999 -9999 -9999 -9999 -9999 -9999 -9999 -9999 -9999 -9999 -9999 5.666 5.615 5.335 4.859 4.181 4.774 4.643 5.102 4.583 4.177 4.317 4.117 4.165 4.499 4.331 4.775 4.775 4.736 4.758 4.88 4.886 5.016 5.051 5.008 5.057 5.107 5.068 5.042 4.986 4.885 4.611 4.743 5.016 5.122 5.058 4.92 4.956 -9999 -9999 -9999 -9999
-9999 -9999 -9999 -9999 -9999 -9999 -9999 -9999 -9999 -9999 -9999 -9999 -9999 -9999 -9999 -9999 -9999 -9999 -9999 -9999 -9999 -9999 -9999 -9999 -9999 -9999 -9999 -9999 -9999 -9999 -9999 -9999 -9999 -9999 -9999 5.742 5.568 5.577 5.638 5.177 5.125 5.063 5.243 5.126 4.527 4.429 4.298 4.092 4.126 4.287 5.014 4.797 5.147 5.085 4.983 4.829 4.896 4.959 5.055 5.073 5.068 5.096 5.086 5.067 5.027 4.965 4.805 4.645 4.917 5.199 5.216 4.97 4.833 5.035 -9999 -9999 -9999
-9999 -9999 -9999 -9999 -9999 -9999 -9999 -9999 -9999 -9999 -9999 -9999 -9999 -9999 -9999 -9999 -9999 -9999 -9999 -9999 -9999 -9999 -9999 -9999 -9999 -9999 -9999 -9999 -9999 -9999 -9999 -9999 -9999 -9999 -9999 5.579 5.517 5.596 5.617 5.494 5.37 5.341 5.138 4.878 4.932 4.663 4.159 3.387 3.571 3.823 4.476 5.053 4.955 5.263 5.4 5.204 4.936 4.996 5.091 5.119 5.116 5.13 5.14 5.131 5.124 5.105 4.944 4.761 4.985 5.376 5.475 5.287 4.96 4.936 -9999 -9999 -9999
-9999 -9999 -9999 -9999 -9999 -9999 -9999 -9999 -9999 -9999 -9999 -9999 -9999 -9999 -9999 -9999 -9999 -9999 -9999 -9999 -9999 -9999 -9999 -9999 -9999 -9999 -9999 -9999 -9999 -9999 -9999 -9999 -9999 -9999 -9999 5.634 5.547 5.623 5.739 5.697 5.569 5.244 4.981 4.844 4.481 3.964 3.379 3.383 3.621 3.836 4.32 4.824 4.729 4.721 5.189 5.436 5.372 5.253 5.252 5.207 5.159 5.181 5.19 5.185 5.2 5.199 5.213 5.09 5.183 5.528 5.65 5.499 5.21 5.01 5.09 -9999 -9999
-9999 -9999 -9999 -9999 -9999 -9999 -9999 -9999 -9999 -9999 -9999 -9999 -9999 -9999 -9999 -9999 -9999 -9999 -9999 -9999 -9999 -9999 -9999 -9999 -9999 -9999 -9999 -9999 -9999 -9999 -9999 -9999 -9999 -9999 -9999 -9999 5.537 5.596 5.72 5.667 5.245 4.815 4.571 4.392 4.31 4.103 3.718 3.9 3.892 4.29 4.994 5.127 5.016 4.732 5.084 5.37 5.386 5.396 5.396 5.298 5.234 5.243 5.254 5.238 5.227 5.231 5.21 5.275 5.315 -9999 5.6 -9999 5.317 5.188 5.148 5.341 -9999
-9999 -9999 -9999 -9999 -9999 -9999 -9999 -9999 -9999 -9999 -9999 -9999 -9999 -9999 -9999 -9999 -9999 -9999 -9999 -9999 -9999 -9999 -9999 -9999 -9999 -9999 -9999 -9999 -9999 -9999 -9999 -9999 -9999 -9999 -9999 5.7 5.57 5.614 5.71 5.526 4.978 4.319 4.234 4.347 3.953 3.908 4.116 3.833 3.539 3.947 4.577 5.39 5.205 5.085 5.28 5.347 5.299 5.401 5.386 5.352 5.294 5.277 5.259 5.235 5.219 5.058 5.075 5.175 5.087 5.121 5.316 5.364 -9999 5.327 5.346 5.264 5.424
-9999 -9999 -9999 -9999 -9999 -9999 -9999 -9999 -9999 -9999 -9999 -9999 -9999 -9999 -9999 -9999 -9999 -9999 -9999 -9999 -9999 -9999 -9999 -9999 -9999 -9999 -9999 -9999 -9999 -9999 -9999 -9999 -9999 -9999 -9999 5.734 5.652 5.765 5.68 5.304 5.0 4.646 4.443 4.584 4.539 4.609 4.735 4.175 3.736 4.041 4.587 4.923 4.916 4.944 5.095 5.177 5.095 5.168 5.313 5.338 5.37 5.329 5.276 5.216 5.204 5.177 4.962 5.044 5.039 4.821 4.959 5.17 5.286 -9999 -9999 -9999 -9999
-9999 -9999 -9999 -9999 -9999 -9999 -9999 -9999 -9999 -9999 -9999 -9999 -9999 -9999 -9999 -9999 -9999 -9999 -9999 -9999 -9999 -9999 -9999 -9999 -9999 -9999 -9999 -9999 -9999 -9999 -9999 -9999 -9999 -9999 5.851 5.873 5.773 5.639 5.506 5.447 5.318 4.907 5.087 5.154 5.182 5.269 5.085 4.393 3.536 3.355 3.924 4.39 4.338 4.687 5.08 5.121 5.191 5.126 5.251 5.355 5.416 5.389 5.322 5.238 5.208 5.191 5.102 4.975 4.968 4.738 4.692 4.91 5.139 5.262 5.346 -9999 -9999
-9999 -9999 -9999 -9999 -9999 -9999 -9999 -9999 -9999 -9999 -9999 -9999 -9999 -9999 -9999 -9999 -9999 -9999 -9999 -9999 -9999 -9999 -9999 -9999 -9999 -9999 -9999 -9999 -9999 -9999 -9999 -9999 -9999 -9999 6.005 5.84 5.787 5.694 5.484 5.282 5.481 5.457 5.499 5.52 5.572 5.602 5.343 4.758 4.096 3.15 2.863 3.661 3.893 4.26 4.853 4.958 5.295 5.395 5.256 5.338 5.432 5.425 5.36 5.268 5.218 5.204 5.099 5.024 4.991 4.931 4.549 4.669 4.902 5.108 5.261 5.408 -9999
-9999 -9999 -9999 -9999 -9999 -9999 -9999 -9999 -9999 -9999 -9999 -9999 -9999 -9999 -9999 -9999 -9999 -9999 -9999 -9999 -9999 -9999 -9999 -9999 -9999 -9999 -9999 -9999 -9999 -9999 -9999 -9999 -9999 -9999 -9999 5.942 5.854 5.745 5.475 5.579 5.608 5.653 5.726 5.79 5.969 5.937 5.644 5.17 4.377 3.53 2.713 2.597 3.371 3.969 4.562 5.033 5.048 5.28 5.227 5.235 5.384 5.413 5.368 5.28 5.208 5.147 5.074 5.031 5.04 4.965 4.725 4.542 4.703 4.878 5.109 5.302 5.308
