Validation/Results/raw data/ReClimate_02_2024_2_Temperatureweatherlogisticsltd.asc
NCOLS 192
NROWS 249
XLLCENTER -225160.85627316462
YLLCENTER 29788.11610251502
CELLSIZE 5000.0
NODATA_VALUE -9999
[rows 204 to 237 of 249, columns 77 to 153 of 192]
-9999 -9999 0.389 -9999 0.412 0.434 0.465 0.492 0.506 0.516 0.514 0.509 0.53 0.553 0.559 0.564 0.575 0.585 0.579 0.572 0.581 0.593 0.599 0.606 0.601 0.596 0.586 0.576 0.57 0.565 0.568 0.573 0.59 0.61 0.6 0.589 0.592 0.596 0.592 0.589 0.585 0.583 0.58 0.577 0.567 0.557 0.56 0.567 0.563 0.56 0.563 0.57 0.569 0.571 0.566 0.562 0.561 0.562 0.561 0.562 0.555 0.552 0.558 0.564 0.57 0.58 0.572 0.564 0.572 0.582 0.582 0.583 0.581 0.581 0.586 0.592 0.608
-9999 -9999 -9999 -9999 -9999 -9999 0.495 0.498 0.513 0.527 0.533 0.548 0.566 0.576 0.579 0.573 0.58 0.576 0.58 0.595 0.601 0.606 0.612 0.62 0.618 0.62 0.613 0.61 0.604 0.595 0.601 0.614 0.625 0.629 0.618 0.605 0.604 0.599 0.598 0.607 0.601 0.592 0.587 0.577 0.571 0.577 0.578 0.577 0.572 0.566 0.568 0.574 0.574 0.575 0.57 0.566 0.567 0.569 0.572 0.574 0.571 0.568 0.574 0.58 0.586 0.595 0.581 0.569 0.577 0.587 0.597 0.604 0.599 0.597 0.603 0.61 0.607
-9999 -9999 -9999 -9999 -9999 -9999 0.509 0.512 0.528 0.543 0.559 0.574 0.585 0.595 0.592 0.587 0.586 0.583 0.599 0.617 0.619 0.623 0.629 0.637 0.639 0.642 0.638 0.635 0.627 0.619 0.629 0.641 0.644 0.647 0.635 0.621 0.616 0.61 0.616 0.625 0.615 0.606 0.597 0.586 0.588 0.594 0.592 0.591 0.584 0.578 0.58 0.585 0.584 0.586 0.581 0.576 0.577 0.581 0.584 0.589 0.583 0.58 0.585 0.592 0.598 0.607 0.595 0.58 0.587 0.598 0.607 0.619 0.614 0.61 0.615 0.623 0.621
-9999 -9999 -9999 -9999 0.479 0.514 0.525 0.531 -9999 0.569 0.589 0.615 0.626 0.632 0.63 -9999 0.625 0.626 0.637 0.635 0.64 0.641 0.643 0.642 0.641 0.639 0.636 0.636 0.628 0.622 0.631 0.646 0.645 0.64 0.633 0.641 0.636 0.633 0.636 0.635 0.623 0.605 0.595 0.586 0.588 0.595 0.596 0.609 0.604 0.599 0.591 0.59 0.581 0.578 0.577 0.574 0.571 0.572 0.573 0.573 0.582 0.585 0.584 0.588 0.604 0.617 0.609 0.597 0.593 0.596 0.601 0.61 0.612 0.611 0.618 0.627 0.622
-9999 -9999 -9999 -9999 0.487 -9999 -9999 -9999 0.57 0.59 0.614 -9999 -9999 -9999 -9999 -9999 0.652 0.65 0.651 0.65 0.655 0.659 0.658 0.656 0.653 0.65 0.648 0.648 0.642 0.635 0.646 0.659 0.654 0.648 0.652 0.658 0.655 0.652 0.649 0.648 0.632 0.615 0.606 0.595 0.598 0.604 0.612 0.624 0.619 0.615 0.608 0.6 0.592 0.584 0.582 0.582 0.579 0.577 0.575 0.574 0.58 0.592 0.591 0.593 0.608 0.627 0.619 0.611 0.607 0.603 0.608 0.614 0.615 0.619 0.625 0.635 0.628
-9999 -9999 -9999 -9999 -9999 -9999 0.569 0.586 0.605 0.613 0.636 -9999 -9999 -9999 -9999 -9999 -9999 -9999 -9999 0.682 0.685 0.679 0.682 0.686 0.675 0.647 0.652 0.677 0.67 0.66 0.669 0.68 0.675 0.669 0.665 0.651 0.651 0.664 0.657 0.645 0.63 0.619 0.612 0.612 0.616 0.623 0.627 0.626 0.617 0.61 0.61 0.606 0.602 0.597 0.597 0.598 0.593 0.588 0.591 0.592 0.584 0.586 0.582 0.583 0.606 0.629 0.627 0.621 0.615 0.61 0.62 0.629 0.635 0.641 0.627 0.622 0.626
-9999 -9999 -9999 -9999 -9999 -9999 -9999 0.602 -9999 -9999 -9999 -9999 -9999 -9999 -9999 -9999 -9999 0.697 0.702 0.701 0.698 0.694 0.7 0.706 0.685 0.657 0.676 0.7 0.691 0.682 0.69 0.7 0.695 0.688 0.673 0.658 0.666 0.678 0.665 0.652 -9999 0.628 0.627 0.627 0.631 0.639 0.636 0.634 0.626 0.617 0.616 0.616 0.612 0.61 0.61 0.61 0.603 0.597 0.599 0.604 0.596 0.589 0.585 0.585 0.607 0.636 0.634 0.631 0.626 0.619 0.629 0.642 0.647 0.655 0.641 0.623 0.625
-9999 -9999 -9999 -9999 -9999 -9999 -9999 -9999 -9999 -9999 -9999 -9999 -9999 -9999 -9999 -9999 -9999 0.73 0.727 0.715 0.719 -9999 -9999 -9999 0.702 0.687 0.701 0.702 0.697 0.703 0.709 0.71 0.711 0.729 0.715 0.699 0.696 0.676 0.664 -9999 0.642 0.644 0.641 0.638 0.642 0.649 0.643 0.631 0.626 0.631 0.624 0.62 0.62 0.619 0.618 0.618 0.62 0.619 0.601 0.594 0.596 0.594 0.588 0.587 0.595 0.615 0.614 0.611 0.62 0.621 0.626 0.634 0.634 0.637 0.636 0.626 0.633
-9999 -9999 -9999 -9999 -9999 -9999 -9999 -9999 -9999 -9999 -9999 -9999 -9999 -9999 -9999 -9999 -9999 -9999 -9999 -9999 -9999 -9999 -9999 -9999 0.721 0.706 0.708 0.711 0.716 0.723 0.724 0.724 0.738 0.755 0.74 0.724 0.703 -9999 -9999 0.657 0.657 0.657 0.652 0.649 0.652 0.659 0.648 0.636 0.639 0.644 0.637 0.628 0.626 0.626 0.623 0.624 0.626 0.631 0.615 0.596 0.597 0.601 0.595 0.593 0.602 0.614 0.612 0.61 0.617 0.627 0.631 0.636 0.635 0.635 0.633 0.633 0.639
-9999 -9999 -9999 -9999 -9999 -9999 -9999 -9999 -9999 -9999 -9999 -9999 -9999 -9999 -9999 -9999 -9999 -9999 -9999 -9999 -9999 -9999 -9999 -9999 0.731 0.723 0.728 0.73 0.737 0.742 0.744 0.74 0.748 0.749 -9999 -9999 -9999 -9999 -9999 0.664 0.663 0.67 0.665 0.662 0.658 0.646 0.632 0.616 0.618 0.627 0.628 0.624 0.626 0.628 0.615 0.609 0.611 0.616 0.608 0.594 0.585 0.583 0.588 0.592 0.595 0.603 0.609 0.611 0.617 0.625 0.62 0.618 0.633 0.642 0.643 0.645 0.649
-9999 -9999 -9999 -9999 -9999 -9999 -9999 -9999 -9999 -9999 -9999 -9999 -9999 -9999 -9999 -9999 -9999 -9999 -9999 -9999 -9999 -9999 -9999 -9999 -9999 -9999 0.741 0.742 0.748 0.754 0.752 0.748 0.752 -9999 -9999 -9999 -9999 0.704 0.691 0.674 0.676 0.682 0.677 0.673 0.659 0.645 0.628 0.609 0.613 0.622 0.621 0.623 0.625 0.63 0.618 0.606 0.608 0.613 0.605 0.597 0.588 0.579 0.584 0.595 0.598 0.603 0.608 0.615 0.621 0.628 0.623 0.617 0.63 0.65 0.651 0.654 0.659
-9999 -9999 -9999 -9999 -9999 -9999 -9999 -9999 -9999 -9999 -9999 -9999 -9999 -9999 -9999 -9999 -9999 -9999 -9999 -9999 -9999 -9999 -9999 -9999 -9999 -9999 -9999 0.755 0.76 0.759 0.762 0.772 -9999 -9999 -9999 -9999 0.725 0.716 0.699 0.676 0.675 0.672 0.667 0.666 0.654 0.646 0.631 0.62 0.624 0.633 0.632 0.635 0.621 0.617 0.608 0.598 0.585 0.58 0.586 0.585 0.582 0.576 0.576 0.583 0.591 0.598 0.608 0.618 0.616 0.617 0.617 0.613 0.623 0.638 0.635 0.635 0.645
-9999 -9999 -9999 -9999 -9999 -9999 -9999 -9999 -9999 -9999 -9999 -9999 -9999 -9999 -9999 -9999 -9999 -9999 -9999 -9999 -9999 -9999 -9999 -9999 -9999 -9999 -9999 -9999 -9999 -9999 -9999 -9999 -9999 -9999 -9999 0.743 0.733 0.721 0.701 0.678 0.672 0.669 0.665 0.664 0.655 0.647 0.636 0.625 0.63 0.638 0.637 0.64 0.627 0.614 0.605 0.597 0.585 0.572 0.575 0.583 0.58 0.578 0.577 0.582 0.589 0.6 0.609 0.622 0.62 0.617 0.617 0.617 0.626 0.639 0.635 0.633 0.643
-9999 -9999 -9999 -9999 -9999 -9999 -9999 -9999 -9999 -9999 -9999 -9999 -9999 -9999 -9999 -9999 -9999 -9999 -9999 -9999 -9999 -9999 -9999 -9999 -9999 -9999 -9999 -9999 -9999 -9999 -9999 -9999 -9999 -9999 0.742 0.734 0.727 0.73 0.713 0.703 0.691 0.666 0.663 0.661 0.65 0.635 0.627 0.627 0.629 0.631 0.643 0.652 0.646 0.639 0.625 0.614 0.601 0.589 0.581 0.581 0.576 0.573 0.581 0.59 0.595 0.605 0.609 0.618 0.62 0.62 0.631 0.638 0.642 0.651 0.646 0.642 0.653
-9999 -9999 -9999 -9999 -9999 -9999 -9999 -9999 -9999 -9999 -9999 -9999 -9999 -9999 -9999 -9999 -9999 -9999 -9999 -9999 -9999 -9999 -9999 -9999 -9999 -9999 -9999 -9999 -9999 -9999 -9999 -9999 -9999 -9999 0.736 0.731 0.732 0.733 0.723 0.713 0.691 0.666 0.662 0.66 0.646 0.631 0.629 0.628 0.628 0.63 0.64 0.657 0.651 0.648 0.636 0.622 0.61 0.597 0.59 0.583 0.577 0.574 0.582 0.596 0.601 0.609 0.614 0.619 0.622 0.625 0.635 0.65 0.654 0.66 0.655 0.65 0.661
-9999 -9999 -9999 -9999 -9999 -9999 -9999 -9999 -9999 -9999 -9999 -9999 -9999 -9999 -9999 -9999 -9999 -9999 -9999 -9999 -9999 0.742 0.74 0.76 0.762 -9999 0.774 -9999 -9999 -9999 -9999 -9999 -9999 -9999 -9999 0.718 0.716 0.717 0.705 0.691 0.675 0.672 0.663 0.646 0.639 0.647 0.638 0.617 0.613 0.614 0.62 0.633 0.625 0.62 0.618 0.61 0.601 0.59 0.592 0.59 0.588 0.587 0.58 0.584 0.595 0.605 0.615 0.623 0.627 0.631 0.635 0.645 0.651 0.658 0.649 0.641 0.646
-9999 -9999 -9999 -9999 -9999 -9999 -9999 -9999 -9999 -9999 -9999 -9999 -9999 -9999 -9999 -9999 -9999 -9999 0.738 0.74 0.741 0.742 0.75 0.765 0.769 0.775 0.779 0.783 0.775 -9999 -9999 0.77 0.754 0.737 0.726 0.713 0.71 0.71 0.696 0.682 0.677 0.675 0.658 0.641 0.646 0.654 0.635 0.613 0.61 0.609 0.614 0.625 0.617 0.61 0.608 0.607 0.598 0.589 0.59 0.594 0.592 0.594 0.588 0.583 0.593 0.607 0.616 0.627 0.631 0.637 0.641 0.648 0.653 0.661 0.653 0.643 0.648
-9999 -9999 -9999 -9999 -9999 -9999 -9999 -9999 -9999 -9999 -9999 -9999 -9999 -9999 -9999 -9999 -9999 0.736 0.739 0.721 0.721 0.727 0.74 0.761 0.764 0.767 0.766 0.765 0.758 0.761 0.757 0.749 0.738 0.742 0.722 0.687 0.687 0.698 0.684 0.67 0.661 0.645 0.632 0.63 0.634 0.642 0.626 0.619 0.614 0.605 0.604 0.609 0.608 0.605 0.605 0.605 0.596 0.587 0.58 0.579 0.593 0.604 0.599 0.595 0.6 0.611 0.622 0.635 0.638 0.643 0.649 0.657 0.653 0.655 0.664 0.665 0.661
-9999 -9999 -9999 -9999 -9999 -9999 -9999 -9999 -9999 -9999 -9999 -9999 -9999 -9999 -9999 -9999 -9999 0.736 0.72 0.718 0.722 0.727 0.744 0.763 0.766 0.768 0.766 0.761 0.761 0.762 0.753 0.744 0.744 0.743 0.712 0.677 0.683 0.693 0.679 0.665 0.649 0.633 0.629 0.627 0.63 0.637 0.629 0.623 0.613 0.604 0.603 0.605 0.603 0.604 0.603 0.605 0.596 0.587 0.581 0.575 0.588 0.609 0.606 0.602 0.608 0.615 0.626 0.64 0.644 0.649 0.655 0.664 0.661 0.657 0.666 0.678 0.676
-9999 -9999 -9999 -9999 -9999 -9999 -9999 -9999 -9999 -9999 -9999 -9999 -9999 -9999 -9999 -9999 -9999 0.732 0.725 0.727 0.729 0.728 0.741 0.755 0.756 0.758 0.754 0.75 0.747 0.748 0.737 0.726 0.723 0.725 0.697 0.674 0.677 0.681 0.669 0.661 0.645 0.631 0.626 0.623 0.622 0.615 0.609 0.609 0.603 0.608 0.595 0.59 0.587 0.587 0.585 0.585 0.589 0.587 0.584 0.58 0.584 0.6 0.598 0.596 0.609 0.621 0.629 0.641 0.65 0.658 0.662 0.668 0.667 0.664 0.67 0.68 0.682
-9999 -9999 -9999 -9999 -9999 -9999 -9999 -9999 -9999 -9999 -9999 -9999 -9999 0.747 0.743 -9999 0.734 0.727 0.733 0.736 0.735 0.733 0.744 0.756 0.757 0.758 0.756 0.749 0.746 0.744 0.731 0.718 0.717 0.717 0.696 0.674 0.674 0.677 0.667 0.659 0.645 0.631 0.626 0.622 0.614 0.607 0.604 0.604 0.605 0.609 0.597 0.586 0.583 0.582 0.579 0.578 0.581 0.587 0.584 0.582 0.587 0.598 0.597 0.596 0.609 0.626 0.634 0.645 0.654 0.665 0.669 0.674 0.673 0.672 0.677 0.685 0.689
-9999 -9999 -9999 -9999 -9999 -9999 -9999 -9999 -9999 -9999 -9999 -9999 -9999 0.721 0.717 0.724 0.722 0.723 0.728 0.733 0.73 0.723 0.731 0.74 0.742 0.75 0.748 0.745 0.738 0.737 0.728 0.73 0.724 0.711 0.693 0.682 0.679 0.672 0.665 0.666 0.653 0.641 0.634 0.627 0.619 0.607 0.603 0.598 0.596 0.589 0.583 0.574 0.573 0.572 0.569 0.567 0.566 0.571 0.576 0.579 0.584 0.595 0.604 0.609 0.611 0.622 0.627 0.635 0.645 0.657 0.669 0.679 0.666 0.658 0.68 0.697 0.688
-9999 -9999 -9999 -9999 -9999 -9999 -9999 -9999 -9999 -9999 -9999 -9999 0.716 0.711 0.717 0.723 0.723 0.723 0.73 0.735 0.732 0.725 0.731 0.738 0.744 0.75 0.748 0.742 0.738 0.735 0.734 0.736 0.722 0.709 0.697 0.686 0.677 0.67 0.669 0.669 0.657 0.645 0.637 0.63 0.619 0.608 0.602 0.596 0.589 0.583 0.575 0.571 0.569 0.569 0.566 0.564 0.562 0.564 0.569 0.58 0.586 0.596 0.605 0.617 0.619 0.622 0.627 0.634 0.644 0.657 0.668 0.683 0.672 0.658 0.679 0.706 0.699
-9999 -9999 -9999 -9999 -9999 -9999 -9999 -9999 -9999 -9999 -9999 -9999 -9999 0.706 0.71 0.71 0.712 0.717 0.721 0.723 0.729 0.75 0.751 0.743 0.745 0.745 0.743 0.741 0.732 0.714 0.706 0.693 0.685 0.693 0.685 0.688 0.677 0.665 0.658 0.645 0.637 0.645 0.635 0.624 0.614 0.609 0.601 0.59 0.588 0.585 0.58 0.578 0.575 0.575 0.562 0.554 0.557 -9999 0.565 0.574 0.589 0.603 0.609 0.62 0.628 0.635 0.644 0.654 0.668 0.683 0.682 0.691 0.701 0.702 0.706 0.723 0.73
-9999 -9999 -9999 -9999 -9999 -9999 -9999 -9999 -9999 -9999 -9999 -9999 0.691 0.706 0.707 0.707 0.712 0.716 0.717 0.718 0.737 0.757 0.751 0.744 0.744 0.743 0.744 0.742 0.725 0.707 0.692 0.678 0.681 0.687 0.687 0.689 0.676 0.663 0.649 0.635 0.638 0.645 0.633 0.621 0.615 0.61 0.599 0.587 0.585 0.585 0.581 0.58 0.578 0.578 0.565 0.552 0.555 0.562 -9999 0.575 -9999 0.608 -9999 0.623 -9999 0.642 0.652 0.663 0.678 0.695 0.695 0.699 -9999 -9999 -9999 0.733 0.741
-9999 -9999 -9999 -9999 -9999 -9999 -9999 -9999 -9999 -9999 -9999 -9999 0.69 0.686 0.687 0.684 0.688 0.695 0.698 0.708 0.725 0.745 0.738 0.727 0.73 0.739 0.735 0.719 0.71 0.716 0.708 0.713 0.711 0.701 0.701 0.703 0.686 0.661 0.651 0.649 0.645 0.627 0.618 0.618 0.611 0.606 0.596 0.586 0.584 0.582 0.583 0.585 0.595 0.603 0.592 0.584 0.575 0.577 -9999 -9999 0.598 0.617 -9999 -9999 0.635 0.642 0.649 -9999 -9999 -9999 -9999 -9999 -9999 -9999 -9999 -9999 -9999
-9999 -9999 -9999 -9999 -9999 -9999 -9999 -9999 -9999 -9999 -9999 0.664 0.67 0.671 0.671 0.669 0.676 0.682 0.691 0.701 0.718 0.737 0.729 0.719 0.727 0.737 0.727 0.712 0.715 0.721 0.723 0.728 0.717 0.707 0.706 0.708 0.685 0.661 0.657 0.655 0.638 0.621 0.618 0.617 0.609 0.603 0.594 0.585 0.582 0.58 0.58 0.585 0.595 0.61 0.601 -9999 -9999 -9999 0.589 -9999 -9999 -9999 -9999 -9999 -9999 0.648 -9999 -9999 -9999 -9999 -9999 -9999 -9999 -9999 -9999 -9999 -9999
-9999 -9999 -9999 -9999 -9999 -9999 -9999 -9999 -9999 -9999 0.627 0.641 0.643 0.635 0.641 0.658 0.669 0.687 0.692 0.688 0.701 0.71 0.706 0.713 0.72 0.727 0.724 0.727 0.734 0.744 0.748 0.755 0.743 -9999 -9999 -9999 -9999 -9999 0.673 0.665 0.653 0.642 0.634 0.615 0.607 0.602 0.595 0.596 -9999 0.586 -9999 -9999 -9999 -9999 -9999 0.61 0.601 0.585 0.59 0.6 0.612 -9999 -9999 -9999 -9999 -9999 -9999 -9999 -9999 -9999 -9999 -9999 -9999 -9999 -9999 -9999 -9999
-9999 -9999 -9999 -9999 -9999 -9999 -9999 -9999 -9999 0.583 0.605 0.622 0.62 0.613 0.631 0.649 0.666 0.684 0.682 0.679 0.688 0.696 0.702 0.709 0.714 0.721 0.727 0.732 0.741 0.753 -9999 -9999 -9999 -9999 -9999 -9999 -9999 -9999 -9999 -9999 0.662 0.65 0.632 0.613 0.606 0.599 0.597 0.597 0.593 -9999 -9999 -9999 -9999 -9999 -9999 -9999 0.597 0.587 0.593 0.604 -9999 -9999 -9999 -9999 -9999 -9999 -9999 -9999 -9999 -9999 -9999 -9999 -9999 -9999 -9999 -9999 -9999
-9999 -9999 -9999 -9999 -9999 -9999 -9999 0.546 0.556 0.551 0.565 0.584 0.588 0.596 0.614 0.631 0.646 0.657 0.665 0.691 0.699 0.703 0.702 0.686 0.696 0.719 0.726 0.733 -9999 -9999 -9999 -9999 -9999 -9999 -9999 -9999 -9999 -9999 -9999 -9999 -9999 0.653 -9999 -9999 -9999 -9999 -9999 0.602 0.6 -9999 -9999 -9999 -9999 -9999 -9999 -9999 -9999 -9999 0.604 0.619 -9999 -9999 -9999 -9999 -9999 -9999 -9999 -9999 -9999 -9999 -9999 -9999 -9999 -9999 -9999 -9999 -9999
-9999 -9999 -9999 -9999 -9999 -9999 0.535 -9999 0.536 0.533 0.542 0.557 0.57 0.58 0.598 0.616 0.628 0.639 0.663 0.69 0.696 0.701 0.689 0.674 0.693 0.715 0.723 0.726 -9999 -9999 -9999 -9999 -9999 -9999 -9999 -9999 -9999 -9999 -9999 -9999 -9999 -9999 0.63 -9999 -9999 -9999 -9999 -9999 -9999 -9999 -9999 -9999 -9999 -9999 -9999 -9999 -9999 -9999 -9999 -9999 -9999 -9999 -9999 -9999 -9999 -9999 -9999 -9999 -9999 -9999 -9999 -9999 -9999 -9999 -9999 -9999 -9999
-9999 -9999 -9999 -9999 -9999 0.527 0.532 0.522 0.519 0.52 0.527 0.545 0.551 0.553 0.573 0.596 0.61 -9999 0.646 0.656 0.667 0.689 0.68 0.672 0.685 0.69 0.696 -9999 -9999 -9999 -9999 -9999 -9999 -9999 -9999 -9999 -9999 -9999 -9999 -9999 -9999 -9999 -9999 -9999 -9999 -9999 -9999 -9999 -9999 -9999 -9999 -9999 -9999 -9999 -9999 -9999 -9999 -9999 -9999 -9999 -9999 -9999 -9999 -9999 -9999 -9999 -9999 -9999 -9999 -9999 -9999 -9999 -9999 -9999 -9999 -9999 -9999
-9999 -9999 -9999 -9999 -9999 0.524 0.52 0.514 0.514 0.515 0.524 0.538 0.532 0.529 0.553 0.577 0.595 0.614 0.625 0.636 0.656 0.677 0.673 0.666 0.671 0.675 0.682 -9999 -9999 -9999 -9999 -9999 -9999 -9999 -9999 -9999 -9999 -9999 -9999 -9999 -9999 -9999 -9999 -9999 -9999 -9999 -9999 -9999 -9999 -9999 -9999 -9999 -9999 -9999 -9999 -9999 -9999 -9999 -9999 -9999 -9999 -9999 -9999 -9999 -9999 -9999 -9999 -9999 -9999 -9999 -9999 -9999 -9999 -9999 -9999 -9999 -9999
-9999 -9999 -9999 -9999 0.513 0.509 0.506 0.509 0.516 0.533 0.54 0.542 0.538 0.546 0.559 0.569 0.591 0.612 0.622 0.624 0.642 0.654 0.654 0.658 0.66 0.655 -9999 -9999 -9999 -9999 -9999 -9999 -9999 -9999 -9999 -9999 -9999 -9999 -9999 -9999 -9999 -9999 -9999 -9999 -9999 -9999 -9999 -9999 -9999 -9999 -9999 -9999 -9999 -9999 -9999 -9999 -9999 -9999 -9999 -9999 -9999 -9999 -9999 -9999 -9999 -9999 -9999 -9999 -9999 -9999 -9999 -9999 -9999 -9999 -9999 -9999 -9999
