Validation/Results/raw data/ReClimate_04_2024_1_Precipitation-Actualsweatherlogisticsltd.asc
NCOLS 192
NROWS 249
XLLCENTER -225160.85627316462
YLLCENTER 29788.11610251502
CELLSIZE 5000.0
NODATA_VALUE -9999
[rows 198 to 230 of 249, columns 75 to 149 of 192]
-9999 -9999 -9999 -9999 -9999 -9999 -9999 -9999 -9999 -9999 -9999 -9999 -9999 -9999 -9999 -9999 -9999 109.035 108.439 111.502 101.222 97.961 109.09 111.884 130.353 139.034 153.431 151.177 134.237 114.354 101.185 94.803 95.741 100.648 105.034 92.158 83.034 75.419 71.685 73.78 75.485 72.788 75.403 79.783 77.477 72.798 69.513 67.153 68.769 67.056 68.683 68.638 67.088 65.409 65.325 65.426 66.58 64.771 66.275 68.007 67.262 70.031 70.125 67.443 64.07 65.843 66.445 65.397 64.947 63.48 59.18 54.978 54.35 56.501 54.231
-9999 -9999 -9999 -9999 -9999 -9999 -9999 -9999 -9999 -9999 -9999 -9999 -9999 -9999 71.109 89.749 103.787 107.873 111.154 110.867 107.929 110.582 113.367 121.363 133.01 148.764 144.006 143.863 122.605 109.654 109.743 100.685 99.917 111.489 94.414 83.953 73.203 71.095 72.459 79.188 71.436 70.915 72.512 77.638 78.503 74.369 73.393 68.748 67.969 65.876 66.898 68.638 65.128 63.145 64.199 67.839 69.062 70.963 67.429 66.116 66.836 68.506 69.998 69.569 67.71 63.295 63.852 63.196 65.238 63.527 60.262 55.946 53.033 56.478 54.533
-9999 -9999 -9999 -9999 -9999 -9999 -9999 -9999 -9999 -9999 -9999 -9999 89.75 84.331 89.319 94.297 98.659 100.669 105.78 113.048 109.788 117.415 125.423 118.452 133.344 138.428 130.746 130.177 123.122 129.902 113.707 106.944 103.294 91.71 82.333 77.244 87.06 80.356 74.898 71.501 65.822 67.301 70.604 72.2 74.882 76.319 71.974 68.074 66.043 64.213 65.613 67.297 65.976 68.069 67.446 65.945 68.247 68.98 69.642 65.56 61.664 67.118 73.372 78.776 74.017 65.884 61.251 60.4 64.484 64.89 53.888 55.454 56.597 54.856 55.751
-9999 -9999 -9999 -9999 -9999 -9999 -9999 -9999 95.219 95.685 93.615 91.544 105.097 98.814 104.692 106.964 103.391 110.725 121.045 118.582 118.599 139.463 130.078 124.267 131.533 124.043 124.657 125.113 131.344 121.54 109.797 99.826 98.399 89.875 87.505 97.576 97.353 84.833 84.05 72.013 69.996 68.673 68.658 77.882 71.844 73.381 64.34 64.81 65.049 66.839 67.907 66.798 74.478 71.286 70.379 68.642 70.816 69.838 68.154 68.045 68.38 66.392 69.307 70.646 72.381 65.343 62.236 60.144 61.936 64.103 62.199 53.929 55.791 54.389 52.725
-9999 -9999 -9999 -9999 -9999 -9999 -9999 83.937 95.903 95.402 107.103 124.926 130.851 135.225 133.523 126.123 122.185 125.154 128.566 129.116 141.836 139.28 131.368 129.483 118.942 115.129 117.646 123.234 119.829 112.599 103.929 99.772 93.252 96.879 110.36 130.981 104.229 91.265 77.75 76.861 73.878 73.858 74.097 69.32 70.049 66.484 65.948 66.421 66.151 68.403 70.013 71.095 76.47 78.875 71.572 68.87 72.474 73.95 69.928 69.899 68.54 69.478 69.351 68.872 65.611 62.944 63.585 59.548 61.276 62.119 58.006 57.227 54.75 55.755 55.032
-9999 -9999 -9999 -9999 -9999 -9999 76.505 87.706 96.113 100.692 111.527 125.994 131.901 130.938 127.601 126.7 124.473 129.749 130.025 132.13 140.301 136.96 126.266 114.231 103.145 116.324 131.475 130.768 125.201 113.461 104.377 92.935 93.955 97.186 127.331 123.057 114.421 88.733 85.947 80.97 78.704 73.024 70.535 70.637 67.716 68.376 67.81 65.562 61.879 64.672 70.384 79.89 84.29 78.47 71.123 71.456 71.766 74.275 71.73 69.67 69.292 68.056 69.454 72.112 67.562 63.508 64.743 65.322 60.244 61.183 59.093 58.519 57.116 55.418 56.205
-9999 -9999 -9999 -9999 72.494 -9999 76.594 82.882 87.844 96.875 102.553 108.131 115.052 116.635 116.739 115.849 117.249 119.921 129.57 125.5 123.13 116.445 115.287 111.304 123.613 141.439 166.847 178.191 150.06 137.653 128.557 131.916 119.666 104.602 110.345 133.606 104.292 84.658 93.72 87.506 78.085 67.402 69.793 74.448 73.46 70.852 66.756 63.054 65.4 72.173 76.702 84.972 90.574 81.312 72.711 70.228 71.239 72.307 70.659 68.196 65.653 66.202 77.505 71.776 67.046 64.341 64.332 63.886 61.576 59.435 60.521 59.94 59.453 56.001 55.587
-9999 -9999 -9999 -9999 -9999 -9999 -9999 -9999 93.957 96.969 98.559 101.627 103.87 108.896 113.413 112.753 109.123 113.112 114.487 109.435 111.894 117.779 124.234 124.761 140.833 161.302 181.9 178.935 172.696 158.182 169.357 168.405 129.139 119.936 118.934 97.887 96.98 118.681 84.748 79.51 73.491 77.609 81.456 85.017 78.909 71.247 65.724 65.046 70.064 77.51 86.66 86.461 87.403 81.482 73.431 73.256 74.694 70.934 66.895 64.269 63.529 63.586 65.366 70.935 62.613 62.895 62.063 61.118 61.795 61.793 62.471 61.409 58.039 58.181 56.286
-9999 -9999 -9999 -9999 -9999 -9999 -9999 -9999 89.865 89.919 96.753 97.39 105.829 114.138 117.947 111.341 104.117 106.445 103.26 109.359 119.623 121.779 123.071 125.105 135.543 145.876 158.419 157.454 153.396 154.14 164.788 147.359 142.213 126.536 108.292 113.971 131.074 93.93 84.608 83.149 87.716 88.97 94.882 86.405 83.199 70.855 68.295 72.301 83.838 88.641 85.693 82.99 82.352 82.302 77.53 71.839 71.442 69.655 66.566 64.232 63.63 62.579 63.985 63.791 62.783 62.163 59.952 59.962 62.261 65.386 63.734 61.603 59.746 57.151 57.092
-9999 -9999 -9999 -9999 -9999 -9999 77.152 82.655 85.936 90.936 -9999 94.81 99.059 104.595 101.72 98.913 97.587 -9999 100.565 108.814 114.516 126.213 122.549 137.242 139.485 152.486 164.474 145.461 131.731 143.702 133.014 129.123 124.394 126.301 122.21 130.742 119.562 93.003 90.778 83.752 86.513 95.353 93.776 93.464 74.07 71.468 71.911 81.716 81.159 81.795 78.256 83.351 77.343 75.208 76.478 72.139 68.995 66.81 65.124 67.724 65.762 63.41 60.879 60.624 59.415 60.416 60.725 61.184 65.32 66.196 65.699 62.268 61.355 59.721 57.514
-9999 -9999 -9999 -9999 -9999 -9999 77.679 -9999 -9999 -9999 88.554 91.426 93.919 -9999 -9999 -9999 -9999 -9999 98.009 102.455 113.003 110.209 120.124 129.282 131.874 146.818 141.771 137.189 171.841 171.428 147.076 128.084 127.432 130.681 131.718 128.71 105.113 96.296 87.979 87.644 96.859 86.774 85.13 71.679 71.63 74.855 78.87 82.881 80.179 78.636 74.639 77.023 75.753 71.141 70.303 69.257 67.989 66.284 64.215 63.315 65.697 63.243 60.886 59.108 59.346 60.342 62.239 64.987 66.41 67.305 65.399 61.621 59.059 57.864 58.248
-9999 -9999 -9999 -9999 -9999 -9999 -9999 -9999 81.814 84.996 86.958 87.887 89.353 -9999 -9999 -9999 -9999 -9999 -9999 -9999 -9999 104.882 118.737 117.527 115.714 123.32 135.098 167.926 191.887 188.747 167.383 146.834 137.228 130.218 123.346 124.272 115.967 95.347 90.901 102.591 95.7 89.119 75.136 72.231 74.798 77.935 85.674 80.667 81.188 78.306 74.72 71.602 69.892 65.911 66.933 65.858 66.396 65.953 63.788 60.007 59.075 60.844 60.339 60.74 63.382 64.542 65.424 66.378 67.407 66.67 62.864 59.991 57.871 58.653 58.298
-9999 -9999 -9999 -9999 -9999 -9999 -9999 -9999 -9999 84.11 -9999 -9999 -9999 -9999 -9999 -9999 -9999 -9999 -9999 100.581 100.935 108.383 110.055 101.908 104.847 115.343 135.562 164.596 185.745 183.906 162.546 140.487 130.545 128.171 123.18 120.669 103.992 94.562 91.064 94.198 92.163 81.211 -9999 78.314 78.39 80.964 86.413 82.24 77.288 74.511 72.933 71.286 67.936 68.291 67.75 64.267 61.444 61.801 60.067 57.287 56.424 60.266 60.203 61.24 66.459 67.956 68.364 65.858 64.156 63.566 62.208 55.715 56.395 59.531 60.989
-9999 -9999 -9999 -9999 -9999 -9999 -9999 -9999 -9999 -9999 -9999 -9999 -9999 -9999 -9999 -9999 -9999 -9999 -9999 97.075 97.247 96.28 92.365 -9999 -9999 -9999 119.18 146.526 153.353 153.291 139.198 131.973 131.512 126.072 112.82 105.661 95.127 85.256 86.327 84.722 80.958 -9999 75.614 75.989 78.732 83.729 86.342 79.072 78.504 76.211 69.227 73.671 69.932 67.863 69.031 70.625 60.413 61.308 64.379 61.68 57.482 57.61 57.665 60.895 65.838 67.173 63.569 61.611 60.681 60.375 60.034 56.991 54.394 57.789 60.313
-9999 -9999 -9999 -9999 -9999 -9999 -9999 -9999 -9999 -9999 -9999 -9999 -9999 -9999 -9999 -9999 -9999 -9999 -9999 -9999 -9999 -9999 -9999 -9999 -9999 -9999 93.298 109.192 125.034 120.312 118.954 118.603 117.364 110.331 103.953 94.502 86.198 83.21 81.289 -9999 -9999 72.897 72.529 76.123 74.609 78.908 81.846 82.331 87.715 75.306 68.789 71.8 69.903 67.725 70.595 70.949 70.681 72.343 75.452 67.616 61.254 60.508 58.546 59.377 63.68 63.751 61.194 58.243 55.759 57.569 57.291 58.409 56.936 56.885 57.777
-9999 -9999 -9999 -9999 -9999 -9999 -9999 -9999 -9999 -9999 -9999 -9999 -9999 -9999 -9999 -9999 -9999 -9999 -9999 -9999 -9999 -9999 -9999 -9999 -9999 -9999 85.349 95.058 98.32 101.811 107.182 104.572 103.156 101.589 94.593 88.189 -9999 -9999 -9999 -9999 -9999 70.914 75.347 75.775 75.616 79.551 81.991 83.94 79.49 72.274 67.621 68.927 72.318 69.901 73.192 74.124 73.456 71.804 74.444 68.763 61.779 61.082 59.894 57.329 59.71 57.304 56.825 54.551 54.351 53.655 54.631 54.006 55.573 54.746 53.683
-9999 -9999 -9999 -9999 -9999 -9999 -9999 -9999 -9999 -9999 -9999 -9999 -9999 -9999 -9999 -9999 -9999 -9999 -9999 -9999 -9999 -9999 -9999 -9999 -9999 -9999 -9999 -9999 90.716 99.795 99.339 94.64 96.557 93.947 87.976 -9999 -9999 -9999 -9999 74.629 80.733 80.191 76.567 78.296 76.345 82.964 84.167 83.73 74.259 68.275 68.352 70.529 72.538 73.097 72.258 76.609 75.86 71.121 64.207 63.587 61.715 58.264 58.932 56.148 53.694 53.007 53.308 53.281 53.74 55.342 53.539 52.608 52.894 53.532 53.051
-9999 -9999 -9999 -9999 -9999 -9999 -9999 -9999 -9999 -9999 -9999 -9999 -9999 -9999 -9999 -9999 -9999 -9999 -9999 -9999 -9999 -9999 -9999 -9999 -9999 -9999 -9999 -9999 -9999 88.976 86.012 83.304 86.478 84.571 -9999 -9999 -9999 -9999 79.327 80.458 81.797 82.012 82.502 78.418 75.94 78.134 80.324 78.963 72.963 69.545 71.574 71.698 74.306 74.133 71.374 70.797 69.468 67.917 63.529 58.325 57.771 58.347 57.116 55.497 53.662 52.496 53.97 56.547 53.898 55.576 54.97 51.934 52.448 52.007 51.761
-9999 -9999 -9999 -9999 -9999 -9999 -9999 -9999 -9999 -9999 -9999 -9999 -9999 -9999 -9999 -9999 -9999 -9999 -9999 -9999 -9999 -9999 -9999 -9999 -9999 -9999 -9999 -9999 -9999 -9999 -9999 -9999 -9999 -9999 -9999 -9999 -9999 84.736 83.919 81.668 81.617 84.983 81.948 78.468 77.461 77.215 77.718 76.477 70.511 69.627 67.227 68.04 68.625 70.793 71.428 69.847 68.147 69.47 68.723 65.173 61.26 59.993 54.423 53.36 55.677 54.867 54.325 56.797 58.638 54.598 55.325 53.399 53.265 54.49 54.366
-9999 -9999 -9999 -9999 -9999 -9999 -9999 -9999 -9999 -9999 -9999 -9999 -9999 -9999 -9999 -9999 -9999 -9999 -9999 -9999 -9999 -9999 -9999 -9999 -9999 -9999 -9999 -9999 -9999 -9999 -9999 -9999 -9999 -9999 -9999 -9999 77.91 81.082 81.962 82.884 96.972 90.576 81.722 81.212 79.512 78.415 77.783 70.716 67.382 62.4 60.562 65.883 65.614 68.921 71.008 73.541 71.585 69.755 73.851 69.73 68.205 64.103 59.566 53.744 54.228 55.577 55.801 55.927 57.237 55.966 54.169 55.121 55.357 57.306 60.005
-9999 -9999 -9999 -9999 -9999 -9999 -9999 -9999 -9999 -9999 -9999 -9999 -9999 -9999 -9999 -9999 -9999 -9999 -9999 -9999 -9999 -9999 -9999 -9999 -9999 -9999 -9999 -9999 -9999 -9999 -9999 -9999 -9999 -9999 -9999 -9999 76.364 73.303 73.224 83.752 90.116 92.309 95.587 90.582 87.515 85.704 75.538 68.576 63.634 65.465 69.575 69.102 66.01 64.31 66.82 68.48 71.5 71.227 69.782 68.715 64.066 64.521 61.214 57.921 57.517 56.325 56.887 56.81 56.58 56.786 55.541 57.932 61.764 61.526 62.442
-9999 -9999 -9999 -9999 -9999 -9999 -9999 -9999 -9999 -9999 -9999 -9999 -9999 -9999 -9999 -9999 -9999 -9999 -9999 -9999 -9999 -9999 -9999 113.768 124.573 132.763 122.757 -9999 107.126 -9999 -9999 -9999 -9999 -9999 -9999 -9999 -9999 69.387 71.299 76.284 81.704 90.18 95.239 97.984 90.531 80.474 73.848 69.215 71.411 72.84 65.991 66.119 64.698 62.633 64.188 64.475 64.492 64.628 66.261 64.499 63.812 62.361 64.893 64.112 59.871 59.788 58.178 57.307 58.381 58.96 58.61 59.468 62.632 63.835 61.249
-9999 -9999 -9999 -9999 -9999 -9999 -9999 -9999 -9999 -9999 -9999 -9999 -9999 -9999 -9999 -9999 -9999 -9999 -9999 -9999 99.374 104.258 105.856 115.924 135.133 138.598 128.076 120.045 110.253 92.683 76.398 -9999 -9999 77.266 73.714 71.807 71.651 69.958 68.747 70.734 76.061 82.578 88.609 88.981 83.26 74.663 74.192 78.771 74.613 67.864 69.077 64.561 63.0 61.269 62.222 64.756 63.709 61.982 60.232 59.349 60.714 62.983 62.505 65.487 64.773 60.571 59.268 57.117 57.911 60.243 59.797 66.775 67.682 64.591 62.978
-9999 -9999 -9999 -9999 -9999 -9999 -9999 -9999 -9999 -9999 -9999 -9999 -9999 -9999 -9999 -9999 -9999 -9999 -9999 99.535 98.779 96.306 99.324 114.056 136.634 148.745 141.753 129.271 117.866 103.63 86.917 80.332 84.38 84.409 77.587 74.755 71.126 68.146 67.443 70.395 75.004 75.878 81.233 82.051 77.081 76.183 85.911 79.869 77.612 73.375 70.745 69.795 64.577 62.623 62.452 61.453 63.163 60.998 60.565 60.345 59.244 61.038 62.184 65.03 65.805 63.291 60.687 62.2 60.688 62.145 61.41 62.268 68.143 63.912 62.035
-9999 -9999 -9999 -9999 -9999 -9999 -9999 -9999 -9999 -9999 -9999 -9999 -9999 -9999 -9999 -9999 -9999 -9999 -9999 98.995 87.406 86.385 89.328 105.346 124.723 129.294 122.259 124.721 117.147 100.765 96.299 97.844 90.605 82.493 78.29 77.452 70.415 65.93 69.33 66.774 69.668 70.704 73.355 75.584 77.264 80.801 78.756 79.296 80.98 78.829 68.494 68.225 66.171 65.19 64.657 64.348 62.118 61.514 60.15 60.261 57.764 57.97 61.233 65.474 69.399 65.844 64.725 64.167 63.377 60.905 60.491 60.177 60.811 60.616 63.264
-9999 -9999 -9999 -9999 -9999 -9999 -9999 -9999 -9999 -9999 -9999 -9999 -9999 -9999 -9999 -9999 -9999 -9999 -9999 90.002 83.345 84.648 85.762 97.903 105.468 102.403 107.197 109.92 107.963 109.924 102.168 98.226 87.92 77.662 73.756 70.81 68.187 67.826 64.656 69.008 69.401 66.327 66.951 71.671 77.657 75.523 74.524 74.022 76.313 70.062 69.315 70.391 66.512 62.916 63.033 63.451 62.985 63.414 62.107 61.562 63.379 61.061 63.19 66.641 72.381 69.232 64.132 63.286 61.041 58.877 59.104 57.839 59.972 60.77 61.369
-9999 -9999 -9999 -9999 -9999 -9999 -9999 -9999 -9999 -9999 -9999 -9999 -9999 -9999 -9999 91.009 97.543 -9999 92.063 83.698 90.732 89.496 86.887 88.606 89.872 92.956 100.153 101.653 106.811 97.4 94.738 88.382 77.223 70.448 69.802 70.544 70.814 70.158 69.633 67.84 67.135 66.96 65.749 73.599 70.83 70.385 71.027 72.848 73.11 72.478 74.667 74.54 68.191 63.645 64.758 64.529 64.012 62.874 62.889 60.539 62.279 64.768 60.575 64.723 67.977 67.581 62.532 62.742 61.074 59.551 59.512 59.204 58.194 59.996 60.266
-9999 -9999 -9999 -9999 -9999 -9999 -9999 -9999 -9999 -9999 -9999 -9999 -9999 -9999 -9999 96.764 101.446 96.285 91.079 91.42 92.227 87.564 88.772 90.526 87.841 98.846 97.662 95.37 99.632 93.711 88.482 84.83 79.977 82.634 82.345 79.183 75.463 74.075 66.612 68.342 69.784 69.141 71.926 75.146 67.694 69.51 68.133 67.064 68.046 75.714 70.896 68.954 66.847 65.229 66.203 67.748 63.021 58.784 58.935 59.521 59.859 62.322 62.402 62.485 67.973 65.775 67.414 64.882 63.443 61.692 60.654 59.656 60.274 59.415 59.178
-9999 -9999 -9999 -9999 -9999 -9999 -9999 -9999 -9999 -9999 -9999 -9999 -9999 -9999 91.196 100.953 103.308 99.929 99.316 94.874 93.345 92.111 91.648 87.903 86.193 86.828 90.042 92.211 91.701 80.905 82.901 81.174 86.156 91.259 85.367 77.245 85.155 76.389 72.925 72.699 72.143 73.038 74.367 69.413 68.743 66.165 67.688 67.59 73.035 68.056 67.29 65.991 66.22 66.077 66.011 68.51 65.264 59.28 56.498 58.963 59.232 59.809 59.024 59.402 62.704 63.955 64.945 68.368 64.313 68.727 65.663 66.121 65.708 59.96 57.333
-9999 -9999 -9999 -9999 -9999 -9999 -9999 -9999 -9999 -9999 -9999 -9999 -9999 -9999 -9999 91.435 98.409 97.67 96.843 91.486 90.573 87.138 86.985 85.781 82.87 87.1 87.86 88.781 81.091 81.168 81.618 79.111 85.713 91.135 86.215 92.395 89.717 83.155 82.42 78.621 77.994 76.936 78.042 72.608 70.811 72.988 73.145 74.1 69.443 66.768 65.494 66.392 66.469 67.732 66.673 66.323 65.346 61.248 57.388 -9999 57.729 57.232 57.014 54.657 55.016 55.719 56.386 58.103 58.179 58.968 60.679 60.729 64.572 62.041 57.563
-9999 -9999 -9999 -9999 -9999 -9999 -9999 -9999 -9999 -9999 -9999 -9999 -9999 -9999 85.847 85.392 88.643 92.921 93.363 93.921 93.079 87.314 85.141 84.225 84.766 83.066 81.535 78.724 78.918 78.906 75.214 77.187 82.093 85.098 89.138 92.578 85.677 84.059 89.898 86.092 83.4 87.58 80.719 82.194 84.725 77.616 73.973 72.504 66.706 62.331 64.339 63.52 62.723 63.566 66.317 64.934 64.286 64.488 59.97 55.637 -9999 51.296 -9999 50.528 -9999 50.013 -9999 51.811 52.239 53.66 52.861 52.185 55.777 54.618 -9999
-9999 -9999 -9999 -9999 -9999 -9999 -9999 -9999 -9999 -9999 -9999 -9999 -9999 -9999 82.434 84.49 89.091 91.616 95.703 97.833 96.479 93.229 93.313 88.744 85.254 78.633 74.756 74.488 77.031 74.964 72.252 71.926 79.365 85.614 91.605 87.883 80.442 89.562 87.375 78.48 80.175 78.669 81.683 86.66 80.697 74.801 72.206 67.265 64.134 65.412 64.27 62.892 60.724 59.869 62.637 61.964 59.801 58.857 57.521 54.104 -9999 -9999 47.239 47.019 -9999 -9999 48.141 48.23 49.181 -9999 -9999 -9999 -9999 -9999 -9999
-9999 -9999 -9999 -9999 -9999 -9999 -9999 -9999 -9999 -9999 -9999 -9999 -9999 92.26 84.381 87.305 89.593 88.573 90.368 96.023 100.949 107.205 112.321 113.825 92.49 79.96 79.704 81.717 79.4 76.887 72.045 74.878 80.726 89.84 88.143 83.448 81.352 80.506 69.908 70.345 72.377 77.597 81.587 78.45 73.58 72.744 70.71 65.524 63.677 61.144 60.889 62.148 59.272 57.271 56.439 55.843 54.608 -9999 -9999 -9999 53.131 -9999 -9999 -9999 -9999 -9999 -9999 50.243 -9999 -9999 -9999 -9999 -9999 -9999 -9999
