Validation/Results/raw data/ReClimate_10_2024_1_Temperature.asc
NCOLS 192
NROWS 249
XLLCENTER -225160.85627316462
YLLCENTER 29788.11610251502
CELLSIZE 5000.0
NODATA_VALUE -9999
[rows 136 to 169 of 249, columns 77 to 153 of 192]
-9999 -9999 -9999 -9999 -9999 -9999 -9999 -9999 0.096 -9999 0.123 0.139 0.143 0.144 0.163 0.183 0.197 0.211 0.215 0.218 0.228 0.239 0.256 0.274 0.278 0.275 0.277 0.28 -9999 -9999 -9999 -9999 -9999 -9999 0.264 0.262 0.26 0.256 0.254 0.252 0.256 0.259 0.258 0.256 0.261 0.265 0.249 0.228 0.227 0.225 0.222 0.218 0.2 0.176 0.185 0.2 0.219 -9999 -9999 -9999 -9999 -9999 -9999 -9999 -9999 -9999 -9999 -9999 -9999 -9999 -9999 -9999 -9999 -9999 -9999 -9999 -9999
-9999 -9999 -9999 -9999 -9999 -9999 -9999 -9999 0.087 0.087 0.106 0.129 0.136 0.147 0.162 0.17 0.184 0.195 0.203 0.22 0.232 0.244 0.26 0.276 0.282 0.286 0.284 0.273 -9999 -9999 -9999 -9999 0.265 0.264 0.264 0.266 0.263 0.259 0.258 0.256 0.256 0.248 0.245 0.239 0.244 0.254 0.24 0.227 0.234 0.238 0.236 0.233 0.223 0.206 0.21 0.21 0.219 -9999 -9999 -9999 -9999 -9999 -9999 -9999 -9999 -9999 -9999 -9999 -9999 -9999 -9999 -9999 -9999 -9999 -9999 -9999 -9999
0.06 -9999 -9999 -9999 -9999 -9999 -9999 -9999 0.068 0.078 0.1 -9999 -9999 0.147 0.156 0.165 0.178 -9999 0.204 0.221 0.234 0.246 0.261 0.276 0.285 0.288 -9999 -9999 -9999 -9999 -9999 0.263 0.261 0.262 0.264 0.266 0.263 0.259 0.258 0.257 0.251 0.243 0.237 0.23 0.238 0.248 0.238 0.225 0.233 0.241 0.239 0.236 0.227 0.216 0.22 0.226 0.218 -9999 -9999 -9999 -9999 -9999 -9999 -9999 -9999 -9999 -9999 -9999 -9999 -9999 -9999 -9999 -9999 -9999 -9999 -9999 -9999
0.044 -9999 -9999 -9999 -9999 -9999 -9999 -9999 -9999 0.077 0.099 -9999 -9999 -9999 0.157 0.168 0.181 0.19 -9999 -9999 0.24 0.253 0.263 0.266 0.273 -9999 -9999 -9999 -9999 -9999 0.268 0.268 0.267 0.263 0.267 0.276 0.273 0.268 0.266 0.263 0.259 0.258 0.252 0.241 0.245 0.243 0.233 0.219 0.232 0.244 0.243 0.242 0.235 0.225 0.224 0.227 0.221 -9999 -9999 -9999 -9999 -9999 -9999 -9999 -9999 -9999 -9999 -9999 -9999 -9999 -9999 -9999 -9999 -9999 -9999 -9999 -9999
-9999 -9999 -9999 -9999 -9999 -9999 -9999 -9999 -9999 -9999 0.094 -9999 -9999 -9999 -9999 0.169 0.18 0.19 -9999 -9999 -9999 0.248 0.257 -9999 -9999 -9999 -9999 -9999 -9999 -9999 0.266 0.269 0.266 0.262 0.27 0.278 0.274 0.269 0.267 0.263 0.263 0.262 0.254 0.244 0.242 0.239 0.229 0.215 0.228 0.243 0.243 0.242 0.235 0.226 0.227 0.226 0.221 -9999 -9999 -9999 -9999 -9999 -9999 -9999 -9999 -9999 -9999 -9999 -9999 -9999 -9999 -9999 -9999 -9999 -9999 -9999 -9999
-9999 -9999 -9999 -9999 -9999 -9999 -9999 -9999 -9999 -9999 0.093 -9999 -9999 -9999 -9999 -9999 0.178 0.196 -9999 -9999 -9999 -9999 -9999 -9999 -9999 -9999 -9999 -9999 -9999 -9999 0.264 0.268 0.266 0.265 0.267 0.257 0.255 0.256 0.255 0.256 0.253 0.247 0.236 0.222 0.214 0.199 0.2 0.226 0.229 0.239 0.237 0.235 0.241 0.241 0.236 0.234 0.23 0.215 -9999 -9999 -9999 -9999 -9999 -9999 -9999 -9999 -9999 -9999 -9999 -9999 -9999 -9999 -9999 -9999 -9999 -9999 -9999
0.044 0.035 0.039 -9999 -9999 -9999 -9999 -9999 -9999 -9999 0.094 -9999 -9999 -9999 -9999 -9999 -9999 -9999 -9999 -9999 -9999 -9999 -9999 -9999 -9999 -9999 -9999 -9999 -9999 0.261 0.262 0.266 0.266 0.265 0.257 0.247 0.248 0.25 0.251 0.252 0.246 0.239 0.226 0.212 0.199 0.183 0.204 0.229 0.232 0.235 0.234 0.232 0.238 0.245 0.241 0.235 0.232 0.228 0.213 -9999 -9999 -9999 -9999 -9999 -9999 -9999 -9999 -9999 -9999 -9999 -9999 -9999 -9999 -9999 -9999 -9999 -9999
0.051 0.044 0.045 -9999 -9999 -9999 -9999 -9999 -9999 -9999 -9999 -9999 -9999 -9999 -9999 -9999 -9999 -9999 -9999 -9999 -9999 -9999 -9999 -9999 -9999 -9999 -9999 -9999 0.272 0.27 0.264 0.238 0.234 0.229 0.223 0.226 0.226 0.226 0.228 0.235 0.228 0.22 0.212 0.211 0.205 0.206 0.22 0.224 0.229 0.238 0.238 0.237 0.237 0.241 0.236 0.23 0.225 0.22 0.217 -9999 -9999 -9999 -9999 -9999 -9999 -9999 -9999 -9999 -9999 -9999 -9999 -9999 -9999 -9999 -9999 -9999 -9999
0.055 -9999 0.044 0.045 -9999 -9999 -9999 -9999 -9999 -9999 -9999 -9999 -9999 -9999 -9999 -9999 -9999 -9999 -9999 -9999 -9999 -9999 -9999 -9999 -9999 -9999 -9999 -9999 0.258 0.273 0.252 0.226 0.22 0.214 0.214 0.215 0.214 0.213 0.219 0.225 0.219 0.21 0.21 0.209 0.211 0.213 0.216 0.22 0.227 0.236 0.236 0.236 0.237 0.237 0.233 0.227 0.223 0.216 0.213 0.208 0.228 -9999 -9999 -9999 -9999 -9999 -9999 -9999 -9999 -9999 -9999 -9999 -9999 -9999 -9999 -9999 -9999
0.056 -9999 -9999 0.047 -9999 -9999 -9999 -9999 -9999 -9999 -9999 -9999 -9999 -9999 -9999 -9999 -9999 -9999 -9999 -9999 -9999 -9999 -9999 -9999 -9999 -9999 -9999 -9999 0.225 0.236 0.224 0.228 0.223 0.222 0.22 0.212 0.209 0.202 0.202 0.195 0.187 0.181 0.182 0.19 0.197 0.217 0.221 0.224 0.23 0.238 0.228 0.221 0.217 0.213 0.209 0.202 0.206 0.204 0.2 0.194 0.205 0.232 0.24 0.235 -9999 -9999 -9999 -9999 -9999 -9999 -9999 -9999 -9999 -9999 -9999 -9999 -9999
0.062 0.069 -9999 0.046 -9999 -9999 -9999 -9999 -9999 -9999 -9999 -9999 -9999 -9999 -9999 -9999 -9999 -9999 -9999 -9999 -9999 -9999 -9999 -9999 -9999 -9999 -9999 0.225 0.225 0.221 0.222 0.225 0.223 0.223 0.216 0.209 0.203 0.196 0.189 0.18 0.174 0.167 0.174 0.181 0.197 0.217 0.22 0.223 0.229 0.236 0.227 0.214 0.209 0.203 0.198 0.192 0.195 0.198 0.194 0.188 0.199 0.212 0.22 0.224 0.238 0.215 -9999 -9999 -9999 -9999 -9999 -9999 -9999 -9999 -9999 -9999 -9999
0.053 -9999 0.05 -9999 -9999 -9999 -9999 -9999 -9999 -9999 -9999 -9999 -9999 -9999 -9999 -9999 -9999 -9999 -9999 -9999 -9999 -9999 -9999 -9999 -9999 -9999 -9999 -9999 0.221 0.22 0.22 0.218 0.217 0.218 0.209 0.196 0.194 0.201 0.194 0.182 0.181 0.187 0.194 0.2 0.208 0.202 0.207 0.217 0.215 0.217 0.218 0.212 0.211 0.208 0.194 0.182 0.188 0.193 0.202 0.205 0.2 0.204 0.208 0.211 0.214 0.229 0.208 -9999 -9999 -9999 -9999 -9999 -9999 -9999 -9999 -9999 -9999
0.048 0.055 0.041 -9999 -9999 -9999 -9999 -9999 -9999 -9999 -9999 -9999 -9999 -9999 -9999 -9999 -9999 -9999 -9999 -9999 -9999 -9999 -9999 -9999 -9999 -9999 -9999 -9999 -9999 0.213 0.213 0.213 0.213 0.213 0.202 0.189 0.194 0.2 0.192 0.181 0.187 0.193 0.199 0.205 0.2 0.194 0.203 0.213 0.211 0.208 0.209 0.209 0.209 0.208 0.195 0.177 0.183 0.19 0.199 0.209 0.205 0.199 0.203 0.207 0.209 0.212 0.215 0.2 -9999 -9999 -9999 -9999 -9999 -9999 -9999 -9999 -9999
0.044 0.044 -9999 -9999 -9999 -9999 -9999 -9999 -9999 -9999 -9999 -9999 -9999 -9999 -9999 -9999 -9999 -9999 -9999 -9999 -9999 -9999 -9999 -9999 -9999 -9999 -9999 -9999 -9999 0.201 0.195 0.202 0.204 0.206 0.203 0.213 0.208 0.184 0.177 0.173 0.182 0.202 0.205 0.202 0.2 0.2 0.207 0.209 0.205 0.194 0.201 0.205 0.201 0.197 0.198 0.19 0.199 0.208 0.197 0.195 0.202 0.203 0.199 0.198 0.206 0.211 0.219 0.212 0.187 -9999 -9999 -9999 -9999 -9999 -9999 -9999 -9999
0.037 0.037 -9999 -9999 -9999 -9999 -9999 -9999 -9999 -9999 -9999 -9999 -9999 -9999 -9999 -9999 -9999 -9999 -9999 -9999 -9999 -9999 -9999 -9999 -9999 -9999 -9999 -9999 -9999 -9999 0.187 0.191 0.196 0.2 0.209 0.219 0.199 0.175 0.172 0.167 0.183 0.203 0.201 0.199 0.2 0.201 0.203 0.206 0.198 0.187 0.194 0.202 0.198 0.192 0.192 0.193 0.202 0.213 0.202 0.188 0.195 0.203 0.199 0.193 0.201 0.21 0.217 0.226 0.2 -9999 -9999 -9999 -9999 -9999 -9999 -9999 -9999
-9999 -9999 -9999 -9999 -9999 -9999 -9999 -9999 -9999 -9999 -9999 -9999 -9999 -9999 -9999 -9999 -9999 -9999 -9999 -9999 -9999 -9999 -9999 -9999 -9999 -9999 -9999 -9999 -9999 -9999 0.186 0.192 0.19 0.172 0.182 0.197 0.182 0.174 0.171 0.166 0.18 0.191 0.19 0.191 0.199 0.22 0.218 0.205 0.203 0.196 0.192 0.193 0.191 0.185 0.183 0.181 0.185 0.192 0.201 0.198 0.2 0.205 0.204 0.201 0.197 0.198 0.202 0.208 0.209 0.193 -9999 -9999 -9999 -9999 -9999 -9999 -9999
-9999 -9999 -9999 -9999 -9999 -9999 -9999 -9999 -9999 -9999 -9999 -9999 -9999 -9999 -9999 -9999 -9999 -9999 -9999 -9999 -9999 -9999 -9999 -9999 -9999 -9999 -9999 -9999 -9999 -9999 -9999 0.186 0.173 0.156 0.169 0.184 0.179 0.171 0.168 0.164 0.173 0.184 0.185 0.186 0.203 0.225 0.215 0.202 0.2 0.197 0.194 0.189 0.186 0.182 0.179 0.175 0.179 0.184 0.191 0.2 0.202 0.203 0.203 0.202 0.198 0.192 0.196 0.201 0.201 0.201 -9999 -9999 -9999 -9999 -9999 -9999 -9999
-9999 -9999 -9999 -9999 -9999 -9999 -9999 -9999 -9999 -9999 -9999 -9999 -9999 -9999 -9999 -9999 -9999 -9999 -9999 -9999 -9999 -9999 -9999 -9999 -9999 -9999 -9999 -9999 -9999 -9999 -9999 0.171 -9999 0.158 0.165 0.16 0.159 -9999 0.163 0.158 0.166 0.174 0.18 0.196 0.201 0.187 0.183 0.189 0.187 0.184 0.19 0.191 0.182 0.174 0.18 0.182 0.176 0.175 0.187 0.198 0.195 0.193 0.195 0.196 0.195 0.191 0.195 0.201 0.194 0.189 0.203 -9999 -9999 -9999 -9999 -9999 -9999
-9999 -9999 -9999 -9999 -9999 -9999 -9999 -9999 -9999 -9999 -9999 -9999 -9999 -9999 -9999 -9999 -9999 -9999 -9999 -9999 -9999 -9999 -9999 -9999 -9999 -9999 -9999 -9999 -9999 -9999 -9999 -9999 0.152 0.154 -9999 -9999 -9999 -9999 0.157 0.153 0.16 0.168 0.181 0.197 0.185 0.171 0.176 0.182 0.18 0.178 0.183 0.19 0.182 0.171 0.176 0.183 0.178 0.172 0.183 0.196 0.193 0.188 0.19 0.193 0.191 0.188 0.193 0.199 0.194 0.185 0.197 0.213 0.208 -9999 -9999 -9999 -9999
-9999 -9999 -9999 -9999 -9999 -9999 -9999 -9999 -9999 -9999 -9999 -9999 -9999 -9999 -9999 -9999 -9999 -9999 -9999 -9999 -9999 -9999 -9999 -9999 -9999 -9999 -9999 -9999 -9999 -9999 -9999 -9999 0.148 0.144 -9999 -9999 -9999 -9999 0.15 0.162 0.163 0.155 0.165 0.172 0.165 0.168 0.172 0.174 0.169 0.165 0.185 0.2 0.189 0.177 0.168 0.166 0.169 0.166 0.171 0.18 0.188 0.19 0.187 0.186 0.188 0.188 0.193 0.198 0.195 0.189 0.189 0.196 0.207 -9999 -9999 -9999 -9999
-9999 -9999 -9999 -9999 -9999 -9999 -9999 -9999 -9999 -9999 -9999 -9999 -9999 -9999 -9999 -9999 -9999 -9999 -9999 -9999 -9999 -9999 -9999 -9999 -9999 -9999 -9999 -9999 -9999 -9999 -9999 -9999 0.142 -9999 -9999 -9999 -9999 0.142 0.152 0.164 0.157 0.149 0.155 0.161 0.164 0.167 0.168 0.17 0.166 0.16 0.179 0.202 0.192 0.179 0.171 0.16 0.162 0.164 0.168 0.174 0.181 0.191 0.187 0.183 0.185 0.187 0.192 0.197 0.195 0.19 0.191 0.191 -9999 -9999 -9999 -9999 -9999
-9999 -9999 -9999 -9999 -9999 -9999 -9999 -9999 -9999 -9999 -9999 -9999 -9999 -9999 -9999 -9999 -9999 -9999 -9999 -9999 -9999 -9999 -9999 -9999 -9999 -9999 -9999 -9999 -9999 -9999 -9999 -9999 -9999 -9999 -9999 -9999 -9999 0.157 0.163 0.159 0.158 0.161 0.166 0.167 0.168 0.164 0.168 0.174 0.172 0.174 0.172 0.183 0.186 0.181 0.18 0.175 0.168 0.166 0.174 0.181 0.186 0.194 0.188 0.182 0.179 0.177 0.188 0.198 0.196 0.193 0.194 0.193 -9999 -9999 -9999 -9999 -9999
-9999 -9999 -9999 -9999 -9999 -9999 -9999 -9999 -9999 -9999 -9999 -9999 -9999 -9999 -9999 -9999 -9999 -9999 -9999 -9999 -9999 -9999 -9999 -9999 -9999 -9999 -9999 -9999 -9999 -9999 -9999 -9999 -9999 -9999 -9999 -9999 -9999 0.161 0.158 0.154 0.16 0.165 0.167 0.17 0.167 0.163 0.169 0.175 0.177 0.178 0.177 0.175 0.178 0.181 0.181 0.18 0.174 0.166 0.174 0.183 0.188 0.194 0.189 0.182 0.178 0.174 0.184 0.197 0.196 0.193 0.194 0.194 -9999 -9999 -9999 -9999 -9999
-9999 -9999 -9999 -9999 -9999 -9999 -9999 -9999 -9999 -9999 -9999 -9999 -9999 -9999 -9999 -9999 -9999 -9999 -9999 -9999 -9999 -9999 -9999 -9999 -9999 -9999 -9999 -9999 -9999 -9999 -9999 -9999 -9999 -9999 -9999 -9999 0.149 0.136 0.139 0.155 0.159 0.155 0.157 0.158 0.157 0.159 0.162 0.163 0.172 0.178 0.174 0.17 0.173 0.176 0.178 0.178 0.181 0.178 0.178 0.182 0.184 0.187 0.19 0.188 0.184 0.18 0.18 0.186 0.191 0.193 0.186 0.19 0.194 -9999 -9999 -9999 -9999
-9999 -9999 -9999 -9999 -9999 -9999 -9999 -9999 -9999 -9999 -9999 -9999 -9999 -9999 -9999 -9999 -9999 -9999 -9999 -9999 -9999 -9999 -9999 -9999 -9999 -9999 -9999 -9999 -9999 -9999 -9999 -9999 -9999 -9999 -9999 -9999 0.13 0.125 0.138 0.154 0.153 0.15 0.152 0.153 0.155 0.157 0.157 0.158 0.167 0.177 0.174 0.169 0.171 0.174 0.175 0.177 0.179 0.182 0.182 0.181 0.183 0.184 0.186 0.189 0.187 0.183 0.183 0.182 0.187 0.193 0.186 0.178 0.19 -9999 -9999 -9999 -9999
-9999 -9999 -9999 -9999 -9999 -9999 -9999 -9999 -9999 -9999 -9999 -9999 -9999 -9999 -9999 -9999 -9999 -9999 -9999 -9999 -9999 -9999 -9999 -9999 -9999 -9999 -9999 -9999 -9999 -9999 -9999 -9999 -9999 -9999 -9999 0.152 0.146 0.13 0.137 0.134 0.135 0.142 0.147 0.157 0.154 0.14 0.143 0.155 0.167 0.18 0.171 0.163 0.177 0.186 0.184 0.184 0.184 0.185 0.183 0.182 0.181 0.18 0.173 0.17 0.182 0.187 0.189 0.19 0.189 0.192 0.188 0.182 0.184 0.193 -9999 -9999 -9999
-9999 -9999 -9999 -9999 -9999 -9999 -9999 -9999 -9999 -9999 -9999 -9999 -9999 -9999 -9999 -9999 -9999 -9999 -9999 -9999 -9999 -9999 -9999 -9999 -9999 -9999 -9999 -9999 -9999 -9999 -9999 -9999 -9999 -9999 -9999 0.157 0.145 0.13 0.129 0.126 0.132 0.138 0.148 0.158 0.147 0.133 0.143 0.154 0.166 0.18 0.172 0.161 0.174 0.189 0.188 0.186 0.186 0.185 0.184 0.182 0.181 0.179 0.172 0.163 0.175 0.189 0.19 0.192 0.192 0.192 0.188 0.183 0.186 0.189 -9999 -9999 -9999
-9999 -9999 -9999 -9999 -9999 -9999 -9999 -9999 -9999 -9999 -9999 -9999 -9999 -9999 -9999 -9999 -9999 -9999 -9999 -9999 -9999 -9999 -9999 -9999 -9999 -9999 -9999 -9999 -9999 -9999 -9999 -9999 -9999 -9999 -9999 0.153 0.142 0.129 0.127 0.121 0.133 0.156 0.163 0.158 0.155 0.165 0.169 0.159 0.164 0.175 0.173 0.167 0.163 0.169 0.182 0.187 0.18 0.175 0.168 0.162 0.164 0.164 0.17 0.168 0.174 0.185 0.196 0.204 0.19 0.182 0.186 0.185 0.183 0.183 0.186 -9999 -9999
-9999 -9999 -9999 -9999 -9999 -9999 -9999 -9999 -9999 -9999 -9999 -9999 -9999 -9999 -9999 -9999 -9999 -9999 -9999 -9999 -9999 -9999 -9999 -9999 -9999 -9999 -9999 -9999 -9999 -9999 -9999 -9999 -9999 -9999 -9999 -9999 0.137 0.129 0.125 0.12 0.14 0.163 0.161 0.157 0.167 0.177 0.17 0.16 0.166 0.172 0.171 0.168 0.165 0.161 0.173 0.187 0.18 0.171 0.164 0.155 0.157 0.159 0.164 0.17 0.176 0.184 0.194 0.207 0.195 -9999 0.182 -9999 0.185 0.181 0.184 0.19 -9999
-9999 -9999 -9999 -9999 -9999 -9999 -9999 -9999 -9999 -9999 -9999 -9999 -9999 -9999 -9999 -9999 -9999 -9999 -9999 -9999 -9999 -9999 -9999 -9999 -9999 -9999 -9999 -9999 -9999 -9999 -9999 -9999 -9999 -9999 -9999 0.122 0.12 0.125 0.126 0.132 0.149 0.163 0.164 0.169 0.172 0.16 0.156 0.16 0.169 0.186 0.179 0.174 0.183 0.188 0.186 0.193 0.192 0.187 0.18 0.173 0.164 0.16 0.161 0.165 0.173 0.182 0.18 0.185 0.19 0.184 0.187 0.191 -9999 0.176 0.185 0.188 0.191
-9999 -9999 -9999 -9999 -9999 -9999 -9999 -9999 -9999 -9999 -9999 -9999 -9999 -9999 -9999 -9999 -9999 -9999 -9999 -9999 -9999 -9999 -9999 -9999 -9999 -9999 -9999 -9999 -9999 -9999 -9999 -9999 -9999 -9999 -9999 0.104 0.111 0.124 0.13 0.137 0.149 0.162 0.167 0.173 0.164 0.152 0.156 0.16 0.173 0.189 0.183 0.175 0.185 0.196 0.196 0.194 0.193 0.192 0.186 0.179 0.171 0.161 0.162 0.164 0.172 0.181 0.18 0.177 0.181 0.186 0.188 0.191 0.183 -9999 -9999 -9999 -9999
-9999 -9999 -9999 -9999 -9999 -9999 -9999 -9999 -9999 -9999 -9999 -9999 -9999 -9999 -9999 -9999 -9999 -9999 -9999 -9999 -9999 -9999 -9999 -9999 -9999 -9999 -9999 -9999 -9999 -9999 -9999 -9999 -9999 -9999 0.098 0.109 0.119 0.127 0.132 0.131 0.142 0.151 0.154 0.156 0.149 0.145 0.15 0.158 0.167 0.18 0.174 0.166 0.169 0.175 0.172 0.168 0.173 0.174 0.175 0.171 0.183 0.185 0.177 0.173 0.171 0.174 0.168 0.162 0.173 0.181 0.185 0.189 0.193 0.183 0.189 -9999 -9999
-9999 -9999 -9999 -9999 -9999 -9999 -9999 -9999 -9999 -9999 -9999 -9999 -9999 -9999 -9999 -9999 -9999 -9999 -9999 -9999 -9999 -9999 -9999 -9999 -9999 -9999 -9999 -9999 -9999 -9999 -9999 -9999 -9999 -9999 0.108 0.112 0.12 0.128 0.129 0.129 0.137 0.146 0.148 0.149 0.146 0.142 0.149 0.157 0.166 0.176 0.17 0.162 0.165 0.167 0.164 0.16 0.163 0.168 0.168 0.169 0.18 0.194 0.187 0.177 0.175 0.172 0.166 0.158 0.168 0.181 0.185 0.19 0.194 0.198 0.198 0.2 -9999
-9999 -9999 -9999 -9999 -9999 -9999 -9999 -9999 -9999 -9999 -9999 -9999 -9999 -9999 -9999 -9999 -9999 -9999 -9999 -9999 -9999 -9999 -9999 -9999 -9999 -9999 -9999 -9999 -9999 -9999 -9999 -9999 -9999 -9999 -9999 0.107 0.114 0.119 0.124 0.138 0.143 0.141 0.146 0.159 0.155 0.143 0.149 0.153 0.164 0.182 0.175 0.168 0.175 0.181 0.169 0.16 0.16 0.162 0.175 0.183 0.188 0.199 0.191 0.181 0.184 0.184 0.177 0.17 0.169 0.174 0.185 0.193 0.192 0.193 0.185 0.179 0.179
