Validation/Results/raw data/ReClimate_03_2024_2_Precipitation-Actualsweatherlogisticsltd.asc
NCOLS 192
NROWS 249
XLLCENTER -225160.85627316462
YLLCENTER 29788.11610251502
CELLSIZE 5000.0
NODATA_VALUE -9999
[rows 132 to 164 of 249, columns 75 to 149 of 192]
-9999 -9999 -9999 -9999 -9999 -9999 -9999 -9999 -9999 -9999 -9999 -9999 64.393 69.544 78.859 83.725 87.306 89.912 102.695 110.069 115.618 113.719 90.1 83.102 87.4 93.292 90.295 85.8 84.172 89.928 83.151 79.9 75.451 81.542 88.686 95.628 95.197 87.239 89.576 88.867 88.432 96.263 93.729 88.437 84.096 80.739 78.178 70.913 67.388 69.291 67.605 64.007 63.038 70.243 63.594 58.956 55.724 -9999 -9999 -9999 -9999 -9999 -9999 -9999 -9999 -9999 -9999 -9999 -9999 -9999 -9999 -9999 -9999 -9999 -9999
-9999 -9999 -9999 -9999 -9999 -9999 -9999 -9999 -9999 -9999 -9999 -9999 65.61 83.862 80.217 79.943 79.024 81.028 96.37 125.59 130.217 108.718 96.342 85.98 87.936 88.601 89.632 94.813 81.25 77.054 76.59 75.5 78.451 79.951 88.245 90.102 84.789 80.063 81.589 80.439 83.295 84.374 86.929 88.907 86.184 83.355 74.113 68.558 66.227 64.709 64.242 64.241 61.422 60.204 61.786 59.148 56.634 -9999 -9999 -9999 -9999 -9999 -9999 -9999 -9999 -9999 -9999 -9999 -9999 -9999 -9999 -9999 -9999 -9999 -9999
-9999 -9999 -9999 -9999 -9999 -9999 -9999 -9999 -9999 -9999 -9999 63.058 78.142 78.659 78.647 76.778 74.945 76.858 95.473 112.17 110.143 115.302 100.072 91.075 83.651 83.637 90.0 83.367 80.491 75.354 71.418 76.189 74.678 77.251 80.289 81.328 77.329 73.493 72.836 75.718 73.041 78.661 87.016 83.3 79.818 78.408 75.742 69.53 67.567 64.303 58.968 61.605 63.799 58.474 58.352 60.234 58.545 55.958 -9999 -9999 -9999 -9999 -9999 -9999 -9999 -9999 -9999 -9999 -9999 -9999 -9999 -9999 -9999 -9999 -9999
-9999 -9999 -9999 -9999 -9999 -9999 -9999 -9999 -9999 -9999 58.103 -9999 68.423 76.242 75.479 73.547 70.177 68.6 78.136 84.557 103.611 114.66 102.269 87.874 78.494 75.835 74.588 76.216 79.387 80.011 77.128 76.505 70.089 68.141 67.932 68.152 66.987 64.35 65.824 66.515 68.939 73.321 71.955 72.175 73.699 72.958 69.399 65.567 60.229 61.419 64.593 61.3 62.572 61.999 60.021 61.337 59.48 57.677 -9999 -9999 -9999 -9999 -9999 -9999 -9999 -9999 -9999 -9999 -9999 -9999 -9999 -9999 -9999 -9999 -9999
57.061 -9999 -9999 -9999 -9999 -9999 -9999 -9999 -9999 -9999 56.362 -9999 62.147 66.52 66.509 65.766 65.781 68.268 67.486 74.979 94.644 101.204 98.107 91.964 79.726 71.184 72.511 76.597 85.768 90.365 -9999 -9999 -9999 -9999 -9999 -9999 62.247 60.342 61.746 64.293 66.387 66.888 71.109 76.169 70.974 68.256 69.92 63.372 63.561 64.7 59.783 60.927 60.629 62.37 58.76 59.182 59.032 58.314 57.067 -9999 -9999 -9999 -9999 -9999 -9999 -9999 -9999 -9999 -9999 -9999 -9999 -9999 -9999 -9999 -9999
59.889 48.307 -9999 -9999 -9999 -9999 -9999 -9999 -9999 -9999 55.425 55.273 54.329 55.43 61.065 63.015 66.647 65.435 62.878 68.99 83.193 95.169 92.502 92.249 81.654 73.743 75.941 73.402 80.118 76.527 -9999 -9999 -9999 -9999 61.301 62.087 60.87 59.683 60.373 61.693 64.189 70.655 82.866 85.941 76.586 76.887 69.699 70.094 70.108 66.249 61.714 63.87 63.554 63.274 69.432 65.622 60.444 60.341 57.676 -9999 -9999 -9999 -9999 -9999 -9999 -9999 -9999 -9999 -9999 -9999 -9999 -9999 -9999 -9999 -9999
55.652 50.984 46.839 -9999 -9999 -9999 -9999 -9999 -9999 -9999 54.314 50.815 50.137 -9999 -9999 64.373 65.044 61.805 60.946 -9999 68.384 74.973 78.315 80.158 70.078 73.071 71.095 67.914 -9999 -9999 -9999 -9999 -9999 61.486 61.179 60.739 58.979 60.01 59.062 59.214 65.54 76.445 94.52 98.673 89.888 85.622 76.601 74.292 69.447 69.465 72.035 64.396 68.625 67.876 69.636 69.091 64.422 61.75 59.8 -9999 -9999 -9999 -9999 -9999 -9999 -9999 -9999 -9999 -9999 -9999 -9999 -9999 -9999 -9999 -9999
57.889 56.456 49.843 -9999 -9999 -9999 -9999 -9999 -9999 -9999 -9999 50.278 46.932 -9999 -9999 -9999 59.222 58.546 60.106 57.056 -9999 -9999 66.755 67.602 69.211 70.424 70.943 -9999 -9999 -9999 -9999 -9999 65.557 62.451 62.016 61.6 61.321 61.306 59.117 61.677 67.191 74.414 89.518 93.93 100.862 91.067 88.402 84.994 81.229 79.461 79.52 74.402 67.432 69.802 69.611 66.247 63.108 64.412 63.986 -9999 -9999 -9999 -9999 -9999 -9999 -9999 -9999 -9999 -9999 -9999 -9999 -9999 -9999 -9999 -9999
53.363 51.095 -9999 -9999 -9999 -9999 -9999 -9999 -9999 -9999 -9999 -9999 46.348 -9999 -9999 -9999 -9999 54.386 60.759 58.817 -9999 -9999 -9999 64.305 62.722 -9999 -9999 -9999 -9999 -9999 -9999 -9999 64.659 63.642 65.471 67.191 69.496 67.32 64.273 63.462 66.243 72.12 75.518 90.071 94.893 93.189 101.118 96.268 90.794 80.8 82.176 81.404 73.021 67.808 66.011 62.844 61.555 64.3 63.165 -9999 -9999 -9999 -9999 -9999 -9999 -9999 -9999 -9999 -9999 -9999 -9999 -9999 -9999 -9999 -9999
48.209 -9999 -9999 -9999 -9999 -9999 -9999 -9999 -9999 -9999 -9999 -9999 50.327 -9999 -9999 -9999 -9999 -9999 57.33 55.798 -9999 -9999 -9999 -9999 -9999 -9999 -9999 -9999 -9999 -9999 -9999 -9999 66.879 71.776 74.998 80.105 81.32 79.667 73.777 69.95 66.952 66.856 76.896 93.455 106.992 113.753 108.465 98.136 81.715 79.362 75.684 72.11 70.95 70.287 66.536 61.212 61.135 64.928 66.321 60.841 -9999 -9999 -9999 -9999 -9999 -9999 -9999 -9999 -9999 -9999 -9999 -9999 -9999 -9999 -9999
-9999 47.262 47.119 45.528 42.029 -9999 -9999 -9999 -9999 -9999 -9999 -9999 50.637 -9999 -9999 -9999 -9999 -9999 -9999 -9999 -9999 -9999 -9999 -9999 -9999 -9999 -9999 -9999 -9999 -9999 -9999 68.883 74.905 73.941 77.047 81.302 95.675 92.946 87.377 74.031 68.218 69.324 65.513 83.538 107.18 117.818 113.172 96.27 102.949 100.286 85.119 78.361 67.044 65.164 66.591 65.568 64.313 64.188 66.466 64.492 59.482 -9999 -9999 -9999 -9999 -9999 -9999 -9999 -9999 -9999 -9999 -9999 -9999 -9999 -9999
47.154 48.441 46.554 42.792 41.287 -9999 -9999 -9999 -9999 -9999 -9999 -9999 -9999 -9999 -9999 -9999 -9999 -9999 -9999 -9999 -9999 -9999 -9999 -9999 -9999 -9999 -9999 -9999 -9999 -9999 68.03 70.972 76.303 78.848 85.036 100.314 124.864 116.317 94.912 83.08 73.661 63.971 64.607 74.958 98.121 121.704 108.901 103.204 98.964 89.195 86.19 80.339 73.94 63.096 62.898 62.014 61.565 62.045 62.645 58.328 55.691 -9999 -9999 -9999 -9999 -9999 -9999 -9999 -9999 -9999 -9999 -9999 -9999 -9999 -9999
48.358 47.32 44.865 -9999 39.544 40.043 -9999 -9999 -9999 -9999 -9999 -9999 -9999 -9999 -9999 -9999 -9999 -9999 -9999 -9999 -9999 -9999 -9999 -9999 -9999 -9999 -9999 -9999 -9999 -9999 79.431 79.637 85.357 104.385 114.848 117.335 113.483 117.244 110.904 93.947 82.364 73.746 66.939 69.708 86.822 98.887 111.56 103.66 93.353 82.582 78.256 70.795 67.836 64.694 62.876 61.985 60.352 58.333 58.757 54.69 52.672 53.97 54.737 -9999 -9999 -9999 -9999 -9999 -9999 -9999 -9999 -9999 -9999 -9999 -9999
49.38 47.253 44.188 -9999 -9999 41.753 -9999 -9999 -9999 -9999 -9999 -9999 -9999 -9999 -9999 -9999 -9999 -9999 -9999 -9999 -9999 -9999 -9999 -9999 -9999 -9999 -9999 -9999 -9999 -9999 83.362 86.658 98.363 110.453 123.706 127.682 138.025 140.873 125.476 112.709 104.104 84.404 72.958 65.136 67.219 82.05 88.494 85.075 85.675 80.274 70.05 65.847 62.021 60.268 60.165 60.018 57.378 56.165 57.232 59.357 58.321 64.401 64.863 61.514 59.31 65.12 -9999 -9999 -9999 -9999 -9999 -9999 -9999 -9999 -9999
49.128 47.339 42.131 41.765 -9999 41.527 -9999 -9999 -9999 -9999 -9999 -9999 -9999 -9999 -9999 -9999 -9999 -9999 -9999 -9999 -9999 -9999 -9999 -9999 -9999 -9999 -9999 -9999 -9999 67.071 84.351 97.271 117.047 153.934 176.034 178.352 152.291 148.78 146.775 145.36 122.565 112.792 89.271 72.168 70.052 75.515 70.502 76.206 83.76 78.121 70.223 65.878 62.412 60.241 58.49 58.095 56.364 55.395 56.156 59.607 60.805 63.884 74.916 74.371 71.167 71.759 66.318 67.502 -9999 -9999 -9999 -9999 -9999 -9999 -9999
50.22 44.728 43.13 -9999 41.892 -9999 -9999 -9999 -9999 -9999 -9999 -9999 -9999 -9999 -9999 -9999 -9999 -9999 -9999 -9999 -9999 -9999 -9999 -9999 -9999 -9999 -9999 -9999 -9999 -9999 70.232 88.446 118.646 150.844 177.079 197.445 198.529 152.708 151.459 138.671 145.564 129.003 100.601 88.378 84.466 78.802 80.435 98.529 88.234 84.912 85.975 79.827 69.42 64.289 61.434 58.162 57.425 56.937 59.151 59.721 58.555 58.825 68.753 71.603 70.74 71.476 71.988 69.762 68.15 -9999 -9999 -9999 -9999 -9999 -9999
49.93 45.928 44.231 44.0 44.824 -9999 -9999 -9999 -9999 -9999 -9999 -9999 -9999 -9999 -9999 -9999 -9999 -9999 -9999 -9999 -9999 -9999 -9999 -9999 -9999 -9999 -9999 -9999 -9999 -9999 -9999 75.669 95.929 119.626 154.616 183.54 166.671 134.257 119.632 128.369 128.814 109.205 103.099 105.212 99.281 92.339 103.901 102.135 98.943 104.539 95.301 83.665 78.956 70.936 64.898 59.57 58.086 58.668 59.462 63.267 71.066 71.069 79.341 87.495 82.085 81.373 72.717 71.853 70.076 69.548 -9999 -9999 -9999 -9999 -9999
54.428 50.483 44.511 44.899 -9999 -9999 -9999 -9999 -9999 -9999 -9999 -9999 -9999 -9999 -9999 -9999 -9999 -9999 -9999 -9999 -9999 -9999 -9999 -9999 -9999 -9999 -9999 -9999 -9999 -9999 -9999 69.77 82.817 99.34 119.172 152.718 150.029 120.528 114.116 109.636 100.458 97.684 98.065 105.693 120.01 110.56 114.426 115.703 106.77 93.668 84.432 80.019 77.033 73.196 63.722 58.869 58.559 59.452 62.262 66.672 74.013 79.56 79.273 81.587 81.708 84.263 81.839 74.546 73.631 71.982 71.034 -9999 -9999 -9999 -9999
57.631 50.067 46.342 44.625 -9999 -9999 -9999 -9999 -9999 -9999 -9999 -9999 -9999 -9999 -9999 -9999 -9999 -9999 -9999 -9999 -9999 -9999 -9999 -9999 -9999 -9999 -9999 -9999 -9999 -9999 -9999 -9999 79.757 89.147 106.484 126.917 110.884 113.657 102.247 97.003 94.525 90.218 93.26 105.628 110.295 122.03 113.783 111.127 103.056 94.924 88.677 86.054 73.4 69.121 61.924 59.659 59.301 59.829 64.421 69.652 71.745 76.744 80.456 81.439 78.225 76.771 78.41 78.192 74.001 75.443 73.468 -9999 -9999 -9999 -9999
-9999 -9999 -9999 -9999 -9999 -9999 -9999 -9999 -9999 -9999 -9999 -9999 -9999 -9999 -9999 -9999 -9999 -9999 -9999 -9999 -9999 -9999 -9999 -9999 -9999 -9999 -9999 -9999 -9999 -9999 -9999 -9999 76.18 91.706 99.901 90.975 100.071 95.55 100.067 99.144 87.952 89.801 91.536 98.321 127.752 114.148 112.758 109.431 107.146 92.487 87.125 80.833 75.381 67.632 63.689 59.451 58.308 58.476 60.159 67.49 73.545 73.827 74.247 73.92 72.464 73.496 73.448 77.874 75.707 70.142 69.908 67.331 -9999 -9999 -9999
-9999 -9999 -9999 -9999 -9999 -9999 -9999 -9999 -9999 -9999 -9999 -9999 -9999 -9999 -9999 -9999 -9999 -9999 -9999 -9999 -9999 -9999 -9999 -9999 -9999 -9999 -9999 -9999 -9999 -9999 -9999 -9999 -9999 85.109 80.99 79.299 81.535 89.16 90.09 80.835 79.932 85.78 88.767 103.634 118.363 122.994 116.728 107.833 111.9 108.104 100.804 88.724 86.189 78.572 68.767 62.026 58.043 56.34 56.204 59.176 70.197 74.802 70.648 65.231 63.674 63.569 63.716 64.842 68.508 64.813 61.955 60.945 -9999 -9999 -9999
-9999 -9999 -9999 -9999 -9999 -9999 -9999 -9999 -9999 -9999 -9999 -9999 -9999 -9999 -9999 -9999 -9999 -9999 -9999 -9999 -9999 -9999 -9999 -9999 -9999 -9999 -9999 -9999 -9999 -9999 -9999 -9999 -9999 75.64 -9999 75.659 78.399 76.465 73.294 -9999 76.689 82.484 87.118 99.0 118.324 123.471 114.703 118.044 114.621 113.358 119.299 104.915 94.033 87.196 78.546 66.298 60.482 58.602 55.561 57.374 62.461 67.846 67.427 65.143 61.264 56.789 56.869 60.146 62.197 61.521 66.986 67.986 63.729 -9999 -9999
-9999 -9999 -9999 -9999 -9999 -9999 -9999 -9999 -9999 -9999 -9999 -9999 -9999 -9999 -9999 -9999 -9999 -9999 -9999 -9999 -9999 -9999 -9999 -9999 -9999 -9999 -9999 -9999 -9999 -9999 -9999 -9999 -9999 -9999 72.283 76.546 -9999 -9999 -9999 -9999 72.701 76.046 76.757 89.213 96.723 109.091 118.428 113.303 115.88 110.051 109.037 116.301 101.817 90.257 80.485 71.386 63.15 60.57 58.854 58.07 61.762 65.0 67.889 66.471 65.57 62.268 57.621 60.563 63.666 64.006 63.738 75.514 74.703 68.651 64.277
-9999 -9999 -9999 -9999 -9999 -9999 -9999 -9999 -9999 -9999 -9999 -9999 -9999 -9999 -9999 -9999 -9999 -9999 -9999 -9999 -9999 -9999 -9999 -9999 -9999 -9999 -9999 -9999 -9999 -9999 -9999 -9999 -9999 -9999 66.485 69.031 -9999 -9999 -9999 -9999 71.198 73.611 74.712 78.68 87.273 97.684 89.014 96.007 110.285 105.285 100.244 109.542 102.911 94.03 82.745 74.009 64.083 59.718 59.034 58.684 63.01 63.713 64.37 66.116 67.838 66.198 63.615 63.833 65.58 67.483 67.833 71.271 74.922 67.625 61.579
-9999 -9999 -9999 -9999 -9999 -9999 -9999 -9999 -9999 -9999 -9999 -9999 -9999 -9999 -9999 -9999 -9999 -9999 -9999 -9999 -9999 -9999 -9999 -9999 -9999 -9999 -9999 -9999 -9999 -9999 -9999 -9999 -9999 -9999 64.562 -9999 -9999 -9999 -9999 69.591 72.066 76.219 88.55 95.726 98.49 94.032 85.54 98.998 105.205 94.308 95.567 92.634 94.489 89.763 81.707 72.492 64.976 60.404 60.439 58.735 58.177 61.413 60.936 62.222 64.367 68.801 72.143 70.619 69.491 68.129 68.179 65.855 66.856 62.229 -9999
-9999 -9999 -9999 -9999 -9999 -9999 -9999 -9999 -9999 -9999 -9999 -9999 -9999 -9999 -9999 -9999 -9999 -9999 -9999 -9999 -9999 -9999 -9999 -9999 -9999 -9999 -9999 -9999 -9999 -9999 -9999 -9999 -9999 -9999 -9999 -9999 -9999 -9999 -9999 67.618 72.178 89.94 105.731 113.54 108.956 97.573 92.421 86.61 87.288 84.925 86.366 90.073 88.385 87.77 82.06 73.283 68.035 63.591 61.337 59.501 57.551 58.85 60.435 61.485 63.731 66.515 74.805 78.336 68.776 66.481 65.441 63.915 62.105 60.927 -9999
-9999 -9999 -9999 -9999 -9999 -9999 -9999 -9999 -9999 -9999 -9999 -9999 -9999 -9999 -9999 -9999 -9999 -9999 -9999 -9999 -9999 -9999 -9999 -9999 -9999 -9999 -9999 -9999 -9999 -9999 -9999 -9999 -9999 -9999 -9999 -9999 -9999 -9999 -9999 66.933 75.917 91.391 110.643 119.186 109.858 98.254 84.453 83.005 81.456 77.933 79.157 78.577 84.239 81.851 80.521 74.027 68.053 63.877 60.97 60.783 58.704 59.55 60.892 60.933 63.008 65.142 69.705 75.417 71.143 65.768 66.588 64.465 61.907 59.832 -9999
-9999 -9999 -9999 -9999 -9999 -9999 -9999 -9999 -9999 -9999 -9999 -9999 -9999 -9999 -9999 -9999 -9999 -9999 -9999 -9999 -9999 -9999 -9999 -9999 -9999 -9999 -9999 -9999 -9999 -9999 -9999 -9999 -9999 -9999 -9999 -9999 -9999 -9999 65.234 67.836 77.672 92.535 110.565 119.219 103.67 96.871 84.143 82.343 77.373 77.734 78.758 81.76 77.832 76.675 71.343 69.583 63.796 62.707 60.472 59.2 59.879 58.598 59.501 60.329 61.712 62.986 64.829 69.985 69.671 66.958 64.1 63.287 65.163 60.608 57.033
-9999 -9999 -9999 -9999 -9999 -9999 -9999 -9999 -9999 -9999 -9999 -9999 -9999 -9999 -9999 -9999 -9999 -9999 -9999 -9999 -9999 -9999 -9999 -9999 -9999 -9999 -9999 -9999 -9999 -9999 -9999 -9999 -9999 -9999 -9999 -9999 -9999 -9999 66.399 67.483 73.437 84.746 101.212 91.802 88.491 83.134 88.614 92.04 84.732 83.025 82.162 78.429 77.08 74.32 73.795 72.269 69.443 63.734 62.688 60.923 59.125 58.747 58.307 57.908 55.794 57.142 60.602 64.514 67.7 66.853 64.847 62.117 62.081 63.347 57.078
-9999 -9999 -9999 -9999 -9999 -9999 -9999 -9999 -9999 -9999 -9999 -9999 -9999 -9999 -9999 -9999 -9999 -9999 -9999 -9999 -9999 -9999 -9999 -9999 -9999 -9999 -9999 -9999 -9999 -9999 -9999 -9999 -9999 -9999 -9999 -9999 -9999 65.834 65.257 65.511 69.713 79.619 83.748 83.826 80.729 82.484 87.446 86.358 83.83 83.457 87.014 81.946 72.115 71.503 69.676 69.14 69.367 68.61 63.89 61.83 59.345 58.279 58.344 57.66 54.091 52.31 56.966 62.217 65.609 67.013 64.685 62.342 62.171 62.797 60.968
-9999 -9999 -9999 -9999 -9999 -9999 -9999 -9999 -9999 -9999 -9999 -9999 -9999 -9999 -9999 -9999 -9999 -9999 -9999 -9999 -9999 -9999 -9999 -9999 -9999 -9999 -9999 -9999 -9999 -9999 -9999 -9999 -9999 -9999 -9999 -9999 -9999 61.507 64.102 64.912 68.5 73.394 76.929 77.726 80.542 82.279 81.263 83.215 83.714 98.987 96.933 87.846 78.632 70.263 70.577 65.942 63.172 65.524 65.823 61.817 57.963 58.144 59.479 58.272 57.56 55.588 55.958 59.362 64.086 66.778 66.78 63.59 62.175 60.506 60.469
-9999 -9999 -9999 -9999 -9999 -9999 -9999 -9999 -9999 -9999 -9999 -9999 -9999 -9999 -9999 -9999 -9999 -9999 -9999 -9999 -9999 -9999 -9999 -9999 -9999 -9999 -9999 -9999 -9999 -9999 -9999 -9999 -9999 -9999 -9999 -9999 -9999 61.523 62.628 65.047 67.284 69.86 72.898 76.84 80.497 81.636 87.425 99.121 100.056 102.765 95.33 86.689 78.498 71.201 71.35 70.815 65.018 63.088 61.407 60.766 59.24 58.494 59.716 57.051 59.598 60.921 59.067 58.544 60.62 64.129 65.628 64.389 62.015 59.89 58.811
-9999 -9999 -9999 -9999 -9999 -9999 -9999 -9999 -9999 -9999 -9999 -9999 -9999 -9999 -9999 -9999 -9999 -9999 -9999 -9999 -9999 -9999 -9999 -9999 -9999 -9999 -9999 -9999 -9999 -9999 -9999 -9999 -9999 -9999 -9999 -9999 -9999 -9999 62.525 63.989 62.89 62.522 74.176 84.755 91.543 95.829 105.104 96.054 101.906 96.346 93.318 83.958 72.204 69.364 63.422 67.339 64.787 62.153 62.051 59.53 59.773 60.246 60.224 59.479 60.027 63.19 60.385 56.923 58.209 59.702 61.888 -9999 60.768 -9999 58.518
