Validation/Results/raw data/ReClimate_11_2023_1_Temperature.asc
NCOLS 192
NROWS 249
XLLCENTER -225160.85627316462
YLLCENTER 29788.11610251502
CELLSIZE 5000.0
NODATA_VALUE -9999
[rows 204 to 237 of 249, columns 77 to 153 of 192]
-9999 -9999 -0.012 -9999 0.017 0.038 0.046 0.051 0.067 0.083 0.098 0.118 0.14 0.16 0.184 0.207 0.217 0.226 0.227 0.222 0.23 0.236 0.257 0.279 0.286 0.291 0.297 0.301 0.315 0.33 0.327 0.32 0.325 0.329 0.346 0.363 0.368 0.37 0.391 0.414 0.414 0.411 0.439 0.468 0.48 0.491 0.523 0.558 0.558 0.554 0.565 0.572 0.596 0.619 0.624 0.625 0.635 0.642 0.649 0.653 0.678 0.702 0.701 0.693 0.71 0.729 0.734 0.736 0.739 0.737 0.747 0.754 0.741 0.72 0.714 0.705 0.699
-9999 -9999 -9999 -9999 -9999 -9999 0.056 0.064 0.081 0.098 0.115 0.14 0.16 0.174 0.195 0.212 0.223 0.239 0.236 0.221 0.23 0.239 0.262 0.289 0.293 0.287 0.289 0.282 0.296 0.316 0.326 0.359 0.359 0.337 0.356 0.379 0.382 0.376 0.394 0.408 0.412 0.421 0.448 0.472 0.481 0.484 0.509 0.525 0.532 0.554 0.58 0.597 0.605 0.618 0.63 0.636 0.636 0.639 0.654 0.663 0.681 0.7 0.705 0.702 0.711 0.725 0.726 0.726 0.731 0.731 0.725 0.722 0.731 0.724 0.715 0.705 0.706
-9999 -9999 -9999 -9999 -9999 -9999 0.065 0.073 0.09 0.107 0.126 0.151 0.166 0.18 0.197 0.214 0.23 0.245 0.236 0.221 0.232 0.24 0.266 0.292 0.291 0.286 0.282 0.274 0.291 0.31 0.341 0.374 0.36 0.34 0.361 0.384 0.382 0.377 0.39 0.403 0.413 0.423 0.447 0.47 0.476 0.48 0.494 0.509 0.529 0.55 0.576 0.601 0.609 0.613 0.624 0.634 0.635 0.632 0.647 0.661 0.678 0.691 0.695 0.697 0.707 0.715 0.717 0.713 0.718 0.721 0.716 0.703 0.711 0.718 0.711 0.699 0.7
-9999 -9999 -9999 -9999 0.044 0.065 0.078 0.098 -9999 0.109 0.125 0.144 0.149 0.142 0.156 -9999 0.188 0.209 0.209 0.225 0.242 0.271 0.289 0.292 0.291 0.288 0.292 0.31 0.324 0.33 0.36 0.389 0.373 0.343 0.36 0.372 0.375 0.387 0.403 0.42 0.43 0.437 0.461 0.486 0.491 0.49 0.504 0.516 0.529 0.546 0.562 0.581 0.599 0.609 0.613 0.619 0.626 0.627 0.649 0.665 0.666 0.672 0.685 0.693 0.722 0.743 0.728 0.715 0.709 0.705 0.71 0.704 0.709 0.716 0.708 0.697 0.703
-9999 -9999 -9999 -9999 0.048 -9999 -9999 -9999 0.113 0.112 0.126 -9999 -9999 -9999 -9999 -9999 0.178 0.196 0.212 0.228 0.255 0.283 0.288 0.291 0.291 0.288 0.306 0.324 0.33 0.337 0.364 0.393 0.373 0.343 0.354 0.365 0.378 0.39 0.407 0.425 0.432 0.44 0.464 0.489 0.492 0.492 0.504 0.516 0.529 0.541 0.556 0.568 0.585 0.602 0.606 0.607 0.614 0.618 0.638 0.657 0.659 0.656 0.67 0.682 0.712 0.744 0.731 0.707 0.702 0.691 0.696 0.696 0.702 0.707 0.701 0.69 0.695
-9999 -9999 -9999 -9999 -9999 -9999 0.093 0.111 0.113 0.12 0.132 -9999 -9999 -9999 -9999 -9999 -9999 -9999 -9999 0.23 0.249 0.262 0.267 0.273 0.277 0.289 0.301 0.304 0.312 0.325 0.345 0.355 0.344 0.349 0.362 0.375 0.385 0.39 0.409 0.431 0.44 0.45 0.471 0.49 0.496 0.505 0.517 0.525 0.542 0.557 0.566 0.575 0.582 0.594 0.607 0.613 0.622 0.628 0.628 0.636 0.647 0.651 0.679 0.7 0.72 0.747 0.727 0.702 0.706 0.702 0.713 0.719 0.707 0.701 0.702 0.697 0.693
-9999 -9999 -9999 -9999 -9999 -9999 -9999 0.113 -9999 -9999 -9999 -9999 -9999 -9999 -9999 -9999 -9999 0.209 0.22 0.231 0.243 0.254 0.26 0.265 0.277 0.289 0.293 0.295 0.307 0.319 0.33 0.339 0.346 0.351 0.364 0.377 0.384 0.388 0.409 0.431 -9999 0.451 0.469 0.487 0.498 0.507 0.517 0.525 0.542 0.558 0.566 0.571 0.579 0.585 0.597 0.607 0.616 0.623 0.623 0.619 0.63 0.641 0.669 0.698 0.718 0.739 0.72 0.692 0.697 0.699 0.709 0.719 0.708 0.691 0.692 0.691 0.689
-9999 -9999 -9999 -9999 -9999 -9999 -9999 -9999 -9999 -9999 -9999 -9999 -9999 -9999 -9999 -9999 -9999 0.206 0.217 0.228 0.234 -9999 -9999 -9999 0.293 0.302 0.311 0.324 0.332 0.329 0.341 0.352 0.362 0.373 0.386 0.395 0.405 0.417 0.434 -9999 0.464 0.475 0.492 0.504 0.513 0.513 0.525 0.534 0.551 0.563 0.566 0.568 0.578 0.586 0.586 0.59 0.611 0.624 0.623 0.619 0.63 0.641 0.646 0.662 0.664 0.672 0.69 0.682 0.689 0.692 0.689 0.69 0.708 0.709 0.698 0.691 0.687
-9999 -9999 -9999 -9999 -9999 -9999 -9999 -9999 -9999 -9999 -9999 -9999 -9999 -9999 -9999 -9999 -9999 -9999 -9999 -9999 -9999 -9999 -9999 -9999 0.307 0.308 0.321 0.336 0.334 0.332 0.345 0.357 0.369 0.38 0.391 0.4 0.414 -9999 -9999 0.458 0.47 0.481 0.495 0.508 0.511 0.513 0.524 0.534 0.547 0.558 0.561 0.561 0.57 0.578 0.579 0.575 0.595 0.616 0.616 0.611 0.622 0.632 0.638 0.64 0.642 0.64 0.656 0.671 0.678 0.681 0.679 0.671 0.688 0.707 0.697 0.682 0.679
-9999 -9999 -9999 -9999 -9999 -9999 -9999 -9999 -9999 -9999 -9999 -9999 -9999 -9999 -9999 -9999 -9999 -9999 -9999 -9999 -9999 -9999 -9999 -9999 0.317 0.331 0.338 0.341 0.344 0.354 0.364 0.366 0.38 0.393 -9999 -9999 -9999 -9999 -9999 0.448 0.463 0.486 0.5 0.513 0.519 0.524 0.535 0.54 0.551 0.558 0.555 0.552 0.556 0.561 0.581 0.589 0.601 0.618 0.615 0.61 0.624 0.636 0.646 0.651 0.656 0.656 0.664 0.676 0.694 0.705 0.695 0.684 0.692 0.706 0.703 0.694 0.692
-9999 -9999 -9999 -9999 -9999 -9999 -9999 -9999 -9999 -9999 -9999 -9999 -9999 -9999 -9999 -9999 -9999 -9999 -9999 -9999 -9999 -9999 -9999 -9999 -9999 -9999 0.339 0.342 0.352 0.361 0.366 0.368 0.386 -9999 -9999 -9999 -9999 0.425 0.433 0.442 0.461 0.484 0.498 0.511 0.519 0.524 0.532 0.535 0.544 0.55 0.548 0.541 0.545 0.547 0.565 0.585 0.598 0.61 0.607 0.6 0.615 0.628 0.639 0.646 0.651 0.653 0.661 0.669 0.686 0.703 0.695 0.68 0.688 0.696 0.694 0.689 0.688
-9999 -9999 -9999 -9999 -9999 -9999 -9999 -9999 -9999 -9999 -9999 -9999 -9999 -9999 -9999 -9999 -9999 -9999 -9999 -9999 -9999 -9999 -9999 -9999 -9999 -9999 -9999 0.338 0.349 0.37 0.371 0.376 -9999 -9999 -9999 -9999 0.431 0.439 0.446 0.443 0.459 0.471 0.493 0.532 0.535 0.521 0.532 0.55 0.554 0.54 0.542 0.538 0.55 0.557 0.566 0.581 0.59 0.599 0.606 0.605 0.612 0.621 0.629 0.635 0.642 0.645 0.652 0.658 0.675 0.69 0.689 0.679 0.671 0.668 0.688 0.696 0.669
-9999 -9999 -9999 -9999 -9999 -9999 -9999 -9999 -9999 -9999 -9999 -9999 -9999 -9999 -9999 -9999 -9999 -9999 -9999 -9999 -9999 -9999 -9999 -9999 -9999 -9999 -9999 -9999 -9999 -9999 -9999 -9999 -9999 -9999 -9999 0.439 0.443 0.443 0.443 0.44 0.45 0.461 0.497 0.536 0.528 0.512 0.531 0.549 0.542 0.529 0.53 0.529 0.541 0.553 0.562 0.57 0.579 0.586 0.593 0.598 0.605 0.609 0.618 0.622 0.629 0.633 0.64 0.645 0.661 0.675 0.674 0.669 0.662 0.65 0.668 0.689 0.664
-9999 -9999 -9999 -9999 -9999 -9999 -9999 -9999 -9999 -9999 -9999 -9999 -9999 -9999 -9999 -9999 -9999 -9999 -9999 -9999 -9999 -9999 -9999 -9999 -9999 -9999 -9999 -9999 -9999 -9999 -9999 -9999 -9999 -9999 0.423 0.44 0.441 0.435 0.442 0.459 0.468 0.472 0.5 0.515 0.509 0.507 0.521 0.527 0.524 0.525 0.524 0.521 0.541 0.557 0.56 0.564 0.578 0.588 0.592 0.596 0.611 0.62 0.62 0.621 0.623 0.625 0.641 0.652 0.664 0.677 0.681 0.681 0.664 0.647 0.645 0.654 0.65
-9999 -9999 -9999 -9999 -9999 -9999 -9999 -9999 -9999 -9999 -9999 -9999 -9999 -9999 -9999 -9999 -9999 -9999 -9999 -9999 -9999 -9999 -9999 -9999 -9999 -9999 -9999 -9999 -9999 -9999 -9999 -9999 -9999 -9999 0.426 0.437 0.436 0.429 0.446 0.464 0.469 0.473 0.486 0.498 0.5 0.499 0.506 0.511 0.515 0.517 0.516 0.511 0.53 0.551 0.553 0.553 0.566 0.579 0.584 0.586 0.601 0.614 0.615 0.611 0.614 0.613 0.629 0.645 0.657 0.668 0.672 0.675 0.66 0.637 0.636 0.633 0.629
-9999 -9999 -9999 -9999 -9999 -9999 -9999 -9999 -9999 -9999 -9999 -9999 -9999 -9999 -9999 -9999 -9999 -9999 -9999 -9999 -9999 0.317 0.337 0.341 0.354 -9999 0.362 -9999 -9999 -9999 -9999 -9999 -9999 -9999 -9999 0.439 0.443 0.455 0.469 0.474 0.477 0.472 0.485 0.498 0.496 0.483 0.496 0.521 0.52 0.519 0.523 0.523 0.531 0.546 0.55 0.551 0.558 0.567 0.574 0.578 0.592 0.605 0.609 0.607 0.609 0.607 0.622 0.637 0.625 0.621 0.628 0.63 0.635 0.625 0.618 0.61 0.632
-9999 -9999 -9999 -9999 -9999 -9999 -9999 -9999 -9999 -9999 -9999 -9999 -9999 -9999 -9999 -9999 -9999 -9999 0.297 0.314 0.322 0.329 0.34 0.347 0.358 0.367 0.369 0.366 0.377 -9999 -9999 0.394 0.408 0.421 0.43 0.436 0.449 0.462 0.468 0.473 0.47 0.465 0.479 0.491 0.483 0.47 0.493 0.518 0.517 0.513 0.517 0.519 0.529 0.536 0.54 0.542 0.549 0.554 0.56 0.565 0.579 0.591 0.596 0.596 0.599 0.596 0.611 0.624 0.614 0.596 0.601 0.605 0.61 0.612 0.606 0.594 0.615
-9999 -9999 -9999 -9999 -9999 -9999 -9999 -9999 -9999 -9999 -9999 -9999 -9999 -9999 -9999 -9999 -9999 0.287 0.305 0.338 0.35 0.355 0.366 0.369 0.384 0.391 0.397 0.398 0.409 0.408 0.411 0.4 0.416 0.43 0.435 0.431 0.446 0.466 0.47 0.467 0.468 0.476 0.482 0.471 0.47 0.479 0.499 0.513 0.514 0.516 0.508 0.504 0.519 0.531 0.544 0.551 0.547 0.547 0.544 0.542 0.553 0.564 0.58 0.587 0.611 0.622 0.602 0.596 0.605 0.6 0.596 0.594 0.607 0.614 0.631 0.635 0.62
-9999 -9999 -9999 -9999 -9999 -9999 -9999 -9999 -9999 -9999 -9999 -9999 -9999 -9999 -9999 -9999 -9999 0.294 0.321 0.345 0.355 0.363 0.371 0.377 0.39 0.402 0.408 0.412 0.415 0.416 0.411 0.402 0.416 0.431 0.429 0.424 0.442 0.461 0.461 0.459 0.466 0.474 0.467 0.456 0.466 0.476 0.49 0.504 0.508 0.51 0.503 0.491 0.505 0.52 0.533 0.546 0.542 0.535 0.533 0.526 0.536 0.545 0.56 0.574 0.597 0.621 0.603 0.576 0.585 0.593 0.59 0.582 0.594 0.606 0.623 0.641 0.629
-9999 -9999 -9999 -9999 -9999 -9999 -9999 -9999 -9999 -9999 -9999 -9999 -9999 -9999 -9999 -9999 -9999 0.293 0.319 0.336 0.35 0.373 0.381 0.382 0.397 0.407 0.415 0.418 0.425 0.436 0.431 0.419 0.426 0.425 0.424 0.426 0.439 0.441 0.446 0.461 0.468 0.472 0.463 0.446 0.453 0.457 0.468 0.478 0.486 0.504 0.507 0.502 0.506 0.516 0.52 0.527 0.531 0.528 0.533 0.531 0.549 0.563 0.555 0.556 0.579 0.603 0.602 0.585 0.589 0.593 0.599 0.598 0.588 0.587 0.608 0.629 0.635
-9999 -9999 -9999 -9999 -9999 -9999 -9999 -9999 -9999 -9999 -9999 -9999 -9999 0.249 0.262 -9999 0.286 0.296 0.309 0.326 0.349 0.373 0.379 0.382 0.395 0.408 0.416 0.419 0.43 0.439 0.431 0.42 0.419 0.417 0.419 0.422 0.425 0.427 0.441 0.457 0.461 0.465 0.451 0.435 0.44 0.443 0.452 0.461 0.477 0.494 0.497 0.499 0.503 0.506 0.51 0.511 0.515 0.517 0.522 0.525 0.543 0.561 0.554 0.541 0.563 0.587 0.586 0.579 0.584 0.585 0.591 0.595 0.586 0.572 0.592 0.615 0.621
-9999 -9999 -9999 -9999 -9999 -9999 -9999 -9999 -9999 -9999 -9999 -9999 -9999 0.265 0.279 0.281 0.298 0.318 0.328 0.322 0.342 0.357 0.363 0.365 0.385 0.42 0.428 0.428 0.433 0.427 0.423 0.421 0.419 0.41 0.416 0.43 0.439 0.452 0.457 0.438 0.443 0.447 0.439 0.442 0.45 0.458 0.465 0.464 0.475 0.475 0.496 0.508 0.515 0.52 0.516 0.514 0.51 0.509 0.506 0.504 0.519 0.536 0.54 0.534 0.556 0.579 0.572 0.562 0.579 0.588 0.597 0.604 0.602 0.592 0.573 0.572 0.596
-9999 -9999 -9999 -9999 -9999 -9999 -9999 -9999 -9999 -9999 -9999 -9999 0.233 0.266 0.273 0.278 0.301 0.324 0.321 0.316 0.33 0.345 0.351 0.353 0.385 0.418 0.424 0.425 0.423 0.417 0.418 0.417 0.412 0.403 0.415 0.428 0.441 0.455 0.443 0.425 0.43 0.433 0.436 0.438 0.448 0.457 0.459 0.458 0.461 0.461 0.481 0.504 0.511 0.517 0.514 0.506 0.503 0.497 0.495 0.489 0.503 0.518 0.522 0.523 0.545 0.568 0.562 0.549 0.564 0.581 0.591 0.599 0.597 0.591 0.573 0.548 0.57
-9999 -9999 -9999 -9999 -9999 -9999 -9999 -9999 -9999 -9999 -9999 -9999 -9999 0.238 0.251 0.271 0.298 0.334 0.338 0.347 0.361 0.369 0.371 0.361 0.384 0.395 0.399 0.397 0.401 0.409 0.412 0.419 0.414 0.405 0.41 0.406 0.418 0.436 0.423 0.405 0.413 0.429 0.433 0.44 0.452 0.469 0.476 0.486 0.479 0.473 0.465 0.471 0.488 0.498 0.507 0.507 0.507 -9999 0.51 0.51 0.503 0.505 0.538 0.557 0.559 0.571 0.57 0.562 0.566 0.575 0.577 0.577 0.58 0.574 0.574 0.561 0.577
-9999 -9999 -9999 -9999 -9999 -9999 -9999 -9999 -9999 -9999 -9999 -9999 0.214 0.221 0.242 0.262 0.296 0.332 0.344 0.354 0.362 0.37 0.365 0.355 0.367 0.378 0.381 0.381 0.392 0.401 0.409 0.415 0.41 0.401 0.398 0.392 0.406 0.421 0.408 0.391 0.406 0.421 0.428 0.434 0.449 0.466 0.478 0.49 0.483 0.47 0.464 0.452 0.467 0.484 0.493 0.5 0.501 0.499 -9999 0.51 -9999 0.494 -9999 0.562 -9999 0.564 0.563 0.559 0.564 0.566 0.567 0.56 -9999 -9999 -9999 0.558 0.575
-9999 -9999 -9999 -9999 -9999 -9999 -9999 -9999 -9999 -9999 -9999 -9999 0.208 0.247 0.263 0.262 0.292 0.318 0.328 0.334 0.346 0.365 0.366 0.374 0.375 0.353 0.371 0.414 0.421 0.406 0.405 0.387 0.386 0.392 0.387 0.379 0.395 0.423 0.407 0.379 0.393 0.406 0.418 0.441 0.45 0.449 0.46 0.471 0.469 0.474 0.478 0.475 0.475 0.484 0.497 0.504 0.503 0.501 -9999 -9999 0.499 0.486 -9999 -9999 0.521 0.515 0.528 -9999 -9999 -9999 -9999 -9999 -9999 -9999 -9999 -9999 -9999
-9999 -9999 -9999 -9999 -9999 -9999 -9999 -9999 -9999 -9999 -9999 0.202 0.229 0.247 0.252 0.253 0.278 0.303 0.312 0.318 0.336 0.355 0.366 0.374 0.359 0.336 0.377 0.421 0.416 0.403 0.39 0.372 0.378 0.384 0.378 0.37 0.393 0.419 0.397 0.369 0.381 0.394 0.414 0.437 0.436 0.434 0.445 0.455 0.462 0.467 0.472 0.475 0.477 0.476 0.489 -9999 -9999 -9999 0.502 -9999 -9999 -9999 -9999 -9999 -9999 0.496 -9999 -9999 -9999 -9999 -9999 -9999 -9999 -9999 -9999 -9999 -9999
-9999 -9999 -9999 -9999 -9999 -9999 -9999 -9999 -9999 -9999 0.174 0.214 0.232 0.239 0.253 0.278 0.302 0.319 0.324 0.315 0.33 0.337 0.343 0.337 0.333 0.346 0.376 0.389 0.384 0.377 0.368 0.362 0.367 -9999 -9999 -9999 -9999 -9999 0.398 0.388 0.398 0.413 0.43 0.437 0.439 0.446 0.455 0.459 -9999 0.464 -9999 -9999 -9999 -9999 -9999 0.475 0.476 0.484 0.497 0.503 0.493 -9999 -9999 -9999 -9999 -9999 -9999 -9999 -9999 -9999 -9999 -9999 -9999 -9999 -9999 -9999 -9999
-9999 -9999 -9999 -9999 -9999 -9999 -9999 -9999 -9999 0.137 0.168 0.202 0.216 0.224 0.251 0.278 0.297 0.315 0.313 0.305 0.314 0.321 0.321 0.316 0.33 0.344 0.358 0.37 0.369 0.362 -9999 -9999 -9999 -9999 -9999 -9999 -9999 -9999 -9999 -9999 0.403 0.416 0.422 0.429 0.437 0.443 0.448 0.451 0.457 -9999 -9999 -9999 -9999 -9999 -9999 -9999 0.461 0.472 0.485 0.485 -9999 -9999 -9999 -9999 -9999 -9999 -9999 -9999 -9999 -9999 -9999 -9999 -9999 -9999 -9999 -9999 -9999
-9999 -9999 -9999 -9999 -9999 -9999 -9999 0.107 0.117 0.14 0.164 0.184 0.198 0.203 0.23 0.253 0.277 0.306 0.298 0.271 0.286 0.317 0.317 0.31 0.323 0.332 0.347 0.362 -9999 -9999 -9999 -9999 -9999 -9999 -9999 -9999 -9999 -9999 -9999 -9999 -9999 0.402 -9999 -9999 -9999 -9999 -9999 0.431 0.446 -9999 -9999 -9999 -9999 -9999 -9999 -9999 -9999 -9999 0.441 0.427 -9999 -9999 -9999 -9999 -9999 -9999 -9999 -9999 -9999 -9999 -9999 -9999 -9999 -9999 -9999 -9999 -9999
-9999 -9999 -9999 -9999 -9999 -9999 0.099 -9999 0.119 0.132 0.144 0.162 0.174 0.181 0.207 0.232 0.261 0.291 0.273 0.248 0.276 0.308 0.307 0.301 0.312 0.322 0.339 0.359 -9999 -9999 -9999 -9999 -9999 -9999 -9999 -9999 -9999 -9999 -9999 -9999 -9999 -9999 0.394 -9999 -9999 -9999 -9999 -9999 -9999 -9999 -9999 -9999 -9999 -9999 -9999 -9999 -9999 -9999 -9999 -9999 -9999 -9999 -9999 -9999 -9999 -9999 -9999 -9999 -9999 -9999 -9999 -9999 -9999 -9999 -9999 -9999 -9999
-9999 -9999 -9999 -9999 -9999 0.094 0.1 0.109 0.122 0.133 0.142 0.15 0.162 0.179 0.201 0.21 0.23 -9999 0.224 0.236 0.263 0.29 0.3 0.326 0.337 0.338 0.356 -9999 -9999 -9999 -9999 -9999 -9999 -9999 -9999 -9999 -9999 -9999 -9999 -9999 -9999 -9999 -9999 -9999 -9999 -9999 -9999 -9999 -9999 -9999 -9999 -9999 -9999 -9999 -9999 -9999 -9999 -9999 -9999 -9999 -9999 -9999 -9999 -9999 -9999 -9999 -9999 -9999 -9999 -9999 -9999 -9999 -9999 -9999 -9999 -9999 -9999
-9999 -9999 -9999 -9999 -9999 0.095 0.101 0.103 0.115 0.127 0.131 0.135 0.146 0.162 0.177 0.188 0.193 0.193 0.208 0.222 0.247 0.273 0.3 0.328 0.335 0.338 0.354 -9999 -9999 -9999 -9999 -9999 -9999 -9999 -9999 -9999 -9999 -9999 -9999 -9999 -9999 -9999 -9999 -9999 -9999 -9999 -9999 -9999 -9999 -9999 -9999 -9999 -9999 -9999 -9999 -9999 -9999 -9999 -9999 -9999 -9999 -9999 -9999 -9999 -9999 -9999 -9999 -9999 -9999 -9999 -9999 -9999 -9999 -9999 -9999 -9999 -9999
-9999 -9999 -9999 -9999 0.079 0.084 0.091 0.104 0.11 0.102 0.107 0.115 0.124 0.143 0.153 0.159 0.167 0.173 0.196 0.232 0.256 0.272 0.293 0.304 0.313 0.324 -9999 -9999 -9999 -9999 -9999 -9999 -9999 -9999 -9999 -9999 -9999 -9999 -9999 -9999 -9999 -9999 -9999 -9999 -9999 -9999 -9999 -9999 -9999 -9999 -9999 -9999 -9999 -9999 -9999 -9999 -9999 -9999 -9999 -9999 -9999 -9999 -9999 -9999 -9999 -9999 -9999 -9999 -9999 -9999 -9999 -9999 -9999 -9999 -9999 -9999 -9999
