Validation/Results/raw data/ReClimate_03_2024_2_Temperature.asc
NCOLS 192
NROWS 249
XLLCENTER -225160.85627316462
YLLCENTER 29788.11610251502
CELLSIZE 5000.0
NODATA_VALUE -9999
[rows 102 to 135 of 249, columns 75 to 149 of 192]
-0.208 -0.204 -0.204 -0.206 -0.204 -0.203 -9999 -9999 -0.178 -9999 -9999 -0.191 -0.199 -0.208 -0.209 -0.21 -0.21 -0.21 -0.217 -0.227 -0.225 -0.224 -0.208 -0.188 -0.201 -0.216 -0.211 -0.205 -0.196 -0.186 -0.185 -0.184 -0.188 -0.192 -0.195 -0.197 -0.187 -0.175 -0.171 -0.166 -0.169 -0.172 -9999 -9999 -9999 -9999 -9999 -9999 -9999 -9999 -9999 -9999 -9999 -9999 -9999 -9999 -9999 -9999 -9999 -9999 -9999 -9999 -9999 -9999 -9999 -9999 -9999 -9999 -9999 -9999 -9999 -9999 -9999 -9999 -9999
-0.197 -0.204 -0.203 -0.199 -9999 -9999 -9999 -0.184 -0.179 -0.176 -0.182 -0.189 -0.19 -0.18 -0.189 -0.218 -0.218 -0.218 -0.219 -0.208 -0.212 -0.231 -0.216 -0.198 -0.204 -0.199 -0.196 -0.196 -0.194 -0.203 -0.198 -0.179 -0.183 -0.188 -0.19 -0.19 -0.186 -9999 -9999 -0.188 -9999 -9999 -9999 -9999 -9999 -9999 -9999 -9999 -9999 -9999 -9999 -9999 -9999 -9999 -9999 -9999 -9999 -9999 -9999 -9999 -9999 -9999 -9999 -9999 -9999 -9999 -9999 -9999 -9999 -9999 -9999 -9999 -9999 -9999 -9999
-0.194 -0.202 -9999 -0.195 -9999 -9999 -9999 -0.184 -0.18 -0.176 -0.18 -0.187 -0.179 -0.169 -0.193 -0.221 -0.221 -0.221 -0.211 -0.199 -0.214 -0.233 -0.219 -0.202 -0.198 -0.192 -0.193 -0.192 -0.201 -0.21 -0.196 -0.178 -0.182 -0.187 -0.188 -0.188 -9999 -0.198 -0.199 -0.199 -0.192 -9999 -9999 -9999 -9999 -9999 -9999 -9999 -9999 -9999 -9999 -9999 -9999 -9999 -9999 -9999 -9999 -9999 -9999 -9999 -9999 -9999 -9999 -9999 -9999 -9999 -9999 -9999 -9999 -9999 -9999 -9999 -9999 -9999 -9999
-0.18 -9999 -9999 -9999 -9999 -0.188 -0.185 -0.186 -0.184 -0.185 -0.189 -0.191 -0.188 -0.192 -0.207 -0.209 -0.206 -0.197 -0.197 -0.212 -0.218 -0.209 -0.201 -0.204 -0.199 -0.192 -0.192 -0.19 -0.194 -0.194 -0.182 -0.174 -0.178 -0.183 -9999 -0.196 -0.2 -0.2 -0.199 -0.193 -0.199 -9999 -9999 -9999 -9999 -9999 -9999 -9999 -9999 -9999 -9999 -9999 -9999 -9999 -9999 -9999 -9999 -9999 -9999 -9999 -9999 -9999 -9999 -9999 -9999 -9999 -9999 -9999 -9999 -9999 -9999 -9999 -9999 -9999 -9999
-9999 -9999 -9999 -9999 -9999 -0.175 -0.185 -0.186 -0.187 -0.188 -0.188 -0.191 -0.195 -0.2 -0.201 -0.202 -0.195 -0.187 -0.2 -0.216 -0.208 -0.199 -0.201 -0.204 -0.199 -0.192 -0.191 -0.189 -0.189 -0.187 -0.181 -0.174 -0.178 -0.182 -0.19 -0.2 -0.2 -0.201 -0.196 -0.19 -0.194 -0.197 -9999 -9999 -9999 -9999 -9999 -9999 -9999 -9999 -9999 -9999 -9999 -9999 -9999 -9999 -9999 -9999 -9999 -9999 -9999 -9999 -9999 -9999 -9999 -9999 -9999 -9999 -9999 -9999 -9999 -9999 -9999 -9999 -9999
-9999 -9999 -9999 -9999 -0.171 -9999 -9999 -0.166 -0.173 -0.191 -0.188 -0.178 -9999 -9999 -0.187 -0.183 -0.179 -0.178 -0.189 -0.202 -0.193 -0.181 -0.179 -0.173 -0.174 -0.188 -0.187 -0.187 -0.187 -0.19 -0.188 -0.192 -0.196 -0.2 -0.205 -0.203 -0.2 -0.188 -0.188 -0.197 -0.199 -0.195 -0.191 -9999 -9999 -9999 -9999 -9999 -9999 -9999 -9999 -9999 -9999 -9999 -9999 -9999 -9999 -9999 -9999 -9999 -9999 -9999 -9999 -9999 -9999 -9999 -9999 -9999 -9999 -9999 -9999 -9999 -9999 -9999 -9999
-9999 -9999 -9999 -9999 -0.164 -9999 -0.158 -0.158 -0.172 -0.19 -0.181 -0.172 -0.177 -0.182 -0.178 -0.174 -0.173 -0.173 -0.183 -0.196 -0.185 -0.173 -0.167 -0.16 -0.172 -0.186 -0.186 -0.185 -0.188 -0.19 -0.194 -0.198 -0.202 -0.206 -0.205 -0.204 -0.194 -0.182 -0.19 -0.199 -0.196 -0.192 -9999 -9999 -9999 -9999 -9999 -9999 -9999 -9999 -9999 -9999 -9999 -9999 -9999 -9999 -9999 -9999 -9999 -9999 -9999 -9999 -9999 -9999 -9999 -9999 -9999 -9999 -9999 -9999 -9999 -9999 -9999 -9999 -9999
-9999 -9999 -9999 -9999 -0.157 -9999 -0.153 -0.149 -0.159 -0.165 -0.163 -9999 -0.173 -0.167 -9999 -0.164 -0.161 -0.157 -0.168 -0.184 -0.176 -0.17 -0.17 -0.178 -0.183 -0.177 -0.179 -0.186 -0.184 -0.176 -0.179 -0.182 -0.184 -0.188 -0.188 -0.189 -0.182 -0.177 -9999 -9999 -9999 -9999 -9999 -9999 -9999 -9999 -9999 -9999 -9999 -9999 -9999 -9999 -9999 -9999 -9999 -9999 -9999 -9999 -9999 -9999 -9999 -9999 -9999 -9999 -9999 -9999 -9999 -9999 -9999 -9999 -9999 -9999 -9999 -9999 -9999
-9999 -9999 -0.155 -0.153 -9999 -9999 -0.15 -0.145 -0.149 -0.155 -0.162 -0.172 -0.166 -0.16 -9999 -0.159 -0.155 -0.15 -0.162 -0.178 -0.174 -0.169 -0.176 -0.184 -0.179 -0.173 -0.179 -0.185 -0.179 -0.17 -0.173 -0.175 -0.178 -0.181 -0.182 -0.183 -0.174 -9999 -9999 -9999 -9999 -9999 -9999 -9999 -9999 -9999 -9999 -9999 -9999 -9999 -9999 -9999 -9999 -9999 -9999 -9999 -9999 -9999 -9999 -9999 -9999 -9999 -9999 -9999 -9999 -9999 -9999 -9999 -9999 -9999 -9999 -9999 -9999 -9999 -9999
-9999 -0.16 -0.155 -0.152 -9999 -0.152 -0.151 -0.132 -0.143 -9999 -0.168 -0.162 -0.161 -0.166 -9999 -0.149 -0.147 -0.151 -0.164 -0.181 -0.179 -0.177 -0.181 -0.181 -0.181 -0.188 -0.189 -0.178 -9999 -0.176 -0.177 -0.175 -0.172 -0.16 -0.161 -0.164 -9999 -9999 -9999 -9999 -9999 -9999 -9999 -9999 -9999 -9999 -9999 -9999 -9999 -9999 -9999 -9999 -9999 -9999 -9999 -9999 -9999 -9999 -9999 -9999 -9999 -9999 -9999 -9999 -9999 -9999 -9999 -9999 -9999 -9999 -9999 -9999 -9999 -9999 -9999
-9999 -0.161 -0.158 -9999 -9999 -0.155 -0.142 -0.132 -9999 -0.167 -0.162 -0.156 -0.161 -0.166 -9999 -0.144 -0.147 -0.151 -0.164 -0.181 -0.18 -0.179 -0.179 -0.179 -0.186 -0.193 -0.185 -0.175 -0.176 -0.177 -9999 -9999 -0.164 -0.152 -9999 -9999 -9999 -9999 -9999 -9999 -0.172 -0.171 -0.17 -9999 -9999 -9999 -9999 -9999 -9999 -9999 -9999 -9999 -9999 -9999 -9999 -9999 -9999 -9999 -9999 -9999 -9999 -9999 -9999 -9999 -9999 -9999 -9999 -9999 -9999 -9999 -9999 -9999 -9999 -9999 -9999
-0.159 -0.154 -9999 -9999 -0.147 -0.146 -0.14 -0.146 -9999 -0.155 -0.155 -0.166 -0.166 -0.156 -9999 -9999 -9999 -0.157 -0.166 -0.17 -0.172 -0.18 -0.18 -0.177 -0.177 -0.167 -0.168 -0.187 -0.188 -0.188 -0.186 -0.178 -0.17 -0.16 -9999 -9999 -9999 -9999 -9999 -0.166 -0.166 -0.187 -0.183 -0.172 -9999 -9999 -9999 -9999 -9999 -9999 -9999 -9999 -9999 -9999 -9999 -9999 -9999 -9999 -9999 -9999 -9999 -9999 -9999 -9999 -9999 -9999 -9999 -9999 -9999 -9999 -9999 -9999 -9999 -9999 -9999
-0.152 -0.149 -9999 -9999 -9999 -0.141 -0.146 -0.151 -9999 -0.148 -9999 -0.167 -0.159 -0.149 -9999 -0.143 -0.149 -0.158 -9999 -0.165 -0.171 -0.179 -0.178 -0.175 -0.167 -0.156 -0.172 -0.19 -0.191 -0.191 -0.186 -0.179 -0.17 -0.161 -0.159 -0.156 -0.159 -9999 -0.162 -0.16 -0.174 -0.189 -0.179 -0.167 -0.167 -0.167 -9999 -9999 -9999 -9999 -9999 -9999 -9999 -9999 -9999 -9999 -9999 -9999 -9999 -9999 -9999 -9999 -9999 -9999 -9999 -9999 -9999 -9999 -9999 -9999 -9999 -9999 -9999 -9999 -9999
-0.14 -9999 -9999 -9999 -9999 -0.131 -0.134 -0.136 -9999 -0.136 -9999 -0.138 -0.137 -9999 -0.148 -0.15 -0.157 -0.162 -0.162 -0.158 -0.165 -0.174 -0.174 -0.175 -0.171 -0.171 -0.182 -0.186 -0.183 -0.175 -0.17 -0.168 -0.164 -0.166 -0.164 -0.161 -0.167 -0.177 -0.177 -0.177 -0.182 -0.173 -0.17 -0.179 -0.175 -0.165 -0.162 -0.162 -0.16 -9999 -9999 -9999 -9999 -9999 -9999 -9999 -9999 -9999 -9999 -9999 -9999 -9999 -9999 -9999 -9999 -9999 -9999 -9999 -9999 -9999 -9999 -9999 -9999 -9999 -9999
-0.135 -9999 -9999 -9999 -9999 -0.125 -0.127 -0.129 -0.129 -9999 -9999 -0.124 -0.136 -9999 -0.137 -0.151 -0.156 -0.162 -0.159 -0.155 -0.163 -0.172 -0.173 -0.173 -0.175 -0.177 -0.179 -0.182 -0.174 -0.166 -0.164 -0.162 -0.163 -0.165 -0.163 -0.16 -0.168 -0.178 -0.179 -0.179 -0.171 -0.162 -0.169 -0.177 -0.169 -0.158 -0.159 -0.159 -0.16 -0.153 -9999 -9999 -9999 -9999 -9999 -9999 -9999 -9999 -9999 -9999 -9999 -9999 -9999 -9999 -9999 -9999 -9999 -9999 -9999 -9999 -9999 -9999 -9999 -9999 -9999
-9999 -9999 -9999 -9999 -9999 -0.118 -0.118 -0.118 -0.118 -9999 -9999 -0.118 -0.123 -9999 -9999 -0.148 -0.152 -0.153 -0.153 -0.157 -0.162 -0.162 -0.166 -0.175 -0.174 -0.166 -0.169 -0.18 -0.177 -0.18 -0.178 -0.174 -0.175 -0.174 -0.172 -0.167 -0.172 -0.171 -0.174 -0.184 -0.175 -0.16 -0.165 -0.169 -0.163 -0.161 -0.162 -0.161 -0.159 -0.152 -9999 -9999 -9999 -9999 -9999 -9999 -9999 -9999 -9999 -9999 -9999 -9999 -9999 -9999 -9999 -9999 -9999 -9999 -9999 -9999 -9999 -9999 -9999 -9999 -9999
-9999 -9999 -9999 -9999 -9999 -0.112 -0.112 -0.111 -9999 -9999 -9999 -9999 -0.112 -9999 -0.127 -0.145 -0.146 -0.147 -0.152 -0.156 -0.157 -0.157 -0.165 -0.174 -0.167 -0.158 -0.167 -0.177 -0.179 -0.182 -0.179 -0.175 -0.175 -0.174 -0.171 -0.166 -0.165 -0.163 -0.171 -0.181 -0.169 -0.154 -0.157 -0.16 -0.158 -0.156 -0.155 -0.154 -0.148 -0.141 -0.134 -9999 -9999 -9999 -9999 -9999 -9999 -9999 -9999 -9999 -9999 -9999 -9999 -9999 -9999 -9999 -9999 -9999 -9999 -9999 -9999 -9999 -9999 -9999 -9999
-9999 -9999 -9999 -0.129 -0.124 -0.12 -0.116 -9999 -9999 -0.114 -9999 -9999 -9999 -9999 -0.13 -0.146 -0.149 -0.152 -0.156 -0.158 -0.163 -0.173 -0.175 -0.164 -0.16 -0.156 -0.164 -0.17 -0.175 -0.186 -0.182 -0.173 -0.171 -0.165 -0.162 -0.158 -0.161 -0.174 -0.179 -0.175 -0.165 -0.155 -0.156 -0.154 -0.153 -0.151 -0.147 -0.14 -0.133 -0.124 -0.118 -9999 -9999 -9999 -9999 -9999 -9999 -9999 -9999 -9999 -9999 -9999 -9999 -9999 -9999 -9999 -9999 -9999 -9999 -9999 -9999 -9999 -9999 -9999 -9999
-9999 -9999 -9999 -9999 -0.123 -0.121 -0.112 -9999 -0.106 -0.112 -0.112 -9999 -9999 -9999 -9999 -0.144 -0.148 -0.151 -0.154 -0.157 -0.166 -0.176 -0.167 -0.157 -0.155 -0.152 -0.158 -0.164 -0.173 -0.184 -0.178 -0.169 -0.164 -0.158 -0.154 -0.15 -0.161 -0.174 -0.171 -0.168 -0.16 -0.15 -0.148 -0.146 -0.145 -0.142 -0.136 -0.129 -0.121 -0.112 -0.103 -0.093 -9999 -9999 -9999 -9999 -9999 -9999 -9999 -9999 -9999 -9999 -9999 -9999 -9999 -9999 -9999 -9999 -9999 -9999 -9999 -9999 -9999 -9999 -9999
-9999 -9999 -9999 -9999 -0.125 -0.122 -0.115 -9999 -0.117 -0.135 -0.13 -9999 -9999 -9999 -9999 -9999 -0.133 -0.13 -0.136 -0.149 -0.149 -0.139 -0.136 -0.147 -0.149 -0.159 -0.164 -0.166 -0.174 -0.182 -0.175 -0.163 -0.159 -0.155 -0.155 -0.163 -0.166 -0.157 -0.153 -0.146 -0.141 -0.141 -0.14 -0.142 -0.139 -0.134 -0.127 -0.119 -0.11 -0.101 -0.094 -0.081 -0.07 -9999 -9999 -9999 -9999 -9999 -9999 -9999 -9999 -9999 -9999 -9999 -9999 -9999 -9999 -9999 -9999 -9999 -9999 -9999 -9999 -9999 -9999
-9999 -9999 -9999 -9999 -0.116 -0.119 -9999 -9999 -0.112 -0.14 -0.13 -0.116 -9999 -9999 -9999 -9999 -9999 -0.12 -0.131 -0.142 -0.132 -0.121 -0.129 -0.139 -0.148 -0.158 -0.16 -0.162 -0.169 -0.177 -0.167 -0.156 -0.153 -0.148 -0.154 -0.162 -0.155 -0.146 -0.14 -0.133 -0.133 -0.133 -0.133 -0.135 -0.131 -0.125 -0.118 -0.109 -0.101 -0.091 -0.084 -0.073 -0.057 -0.046 -0.038 -9999 -9999 -9999 -9999 -9999 -9999 -9999 -9999 -9999 -9999 -9999 -9999 -9999 -9999 -9999 -9999 -9999 -9999 -9999 -9999
-9999 -9999 -9999 -9999 -0.108 -0.108 -9999 -9999 -0.099 -0.108 -0.105 -9999 -9999 -9999 -9999 -9999 -9999 -0.105 -0.118 -0.141 -0.136 -0.136 -0.142 -0.142 -0.152 -0.164 -0.168 -0.173 -0.176 -0.173 -0.164 -0.153 -0.149 -0.145 -0.147 -0.146 -0.144 -0.153 -0.147 -0.136 -0.132 -0.12 -0.121 -0.123 -0.117 -0.11 -0.101 -0.089 -0.087 -0.096 -0.077 -0.06 -0.054 -0.044 -0.037 -9999 -9999 -9999 -9999 -9999 -9999 -9999 -9999 -9999 -9999 -9999 -9999 -9999 -9999 -9999 -9999 -9999 -9999 -9999 -9999
-9999 -9999 -9999 -9999 -0.097 -0.099 -9999 -9999 -9999 -0.095 -0.102 -0.112 -9999 -9999 -9999 -9999 -9999 -0.096 -0.115 -0.137 -0.138 -0.139 -0.139 -0.14 -0.15 -0.161 -0.167 -0.172 -0.17 -0.167 -0.158 -0.147 -0.143 -0.139 -0.136 -0.134 -0.142 -0.151 -0.143 -0.133 -0.123 -0.111 -0.112 -0.113 -0.107 -0.099 -0.089 -0.077 -0.083 -0.089 -0.069 -0.047 -0.041 -0.036 -0.029 -9999 -9999 -9999 -9999 -9999 -9999 -9999 -9999 -9999 -9999 -9999 -9999 -9999 -9999 -9999 -9999 -9999 -9999 -9999 -9999
-9999 -9999 -9999 -0.088 -0.088 -0.094 -9999 -9999 -9999 -9999 -9999 -9999 -9999 -9999 -9999 -9999 -9999 -0.112 -0.127 -0.142 -0.143 -0.141 -0.142 -0.144 -0.152 -0.156 -0.158 -0.155 -0.155 -0.162 -0.158 -0.161 -0.158 -0.151 -0.147 -0.138 -0.141 -0.139 -0.132 -0.126 -0.118 -0.109 -0.108 -0.104 -0.097 -0.089 -0.079 -0.067 -0.065 -0.058 -0.053 -0.04 -0.029 -0.022 -0.012 -0.01 -9999 -9999 -9999 -9999 -9999 -9999 -9999 -9999 -9999 -9999 -9999 -9999 -9999 -9999 -9999 -9999 -9999 -9999 -9999
-9999 -9999 -0.077 -0.079 -0.083 -0.088 -9999 -9999 -9999 -9999 -9999 -9999 -9999 -9999 -9999 -0.11 -0.114 -0.115 -0.126 -0.14 -0.139 -0.137 -0.139 -0.141 -0.145 -0.149 -0.146 -0.143 -0.149 -0.155 -0.158 -0.161 -0.156 -0.151 -0.143 -0.134 -0.132 -0.129 -0.125 -0.119 -0.112 -0.104 -0.1 -0.095 -0.089 -0.081 -0.071 -0.056 -0.047 -0.04 -0.035 -0.031 -0.021 -0.011 -0.002 -0.005 -9999 -9999 -9999 -9999 -9999 -9999 -9999 -9999 -9999 -9999 -9999 -9999 -9999 -9999 -9999 -9999 -9999 -9999 -9999
-9999 -9999 -0.07 -0.07 -0.075 -9999 -9999 -9999 -9999 -9999 -9999 -9999 -9999 -9999 -9999 -0.106 -0.111 -0.128 -0.134 -0.133 -0.139 -0.16 -0.164 -0.165 -0.164 -0.149 -0.145 -0.134 -0.141 -0.155 -0.152 -0.14 -0.136 -0.135 -0.126 -0.114 -0.113 -0.115 -0.113 -0.115 -0.109 -0.104 -0.098 -0.087 -0.083 -0.084 -0.072 -0.058 -0.05 -0.039 -0.029 -0.008 0.003 0.014 0.027 0.014 -9999 -9999 -9999 -9999 -9999 -9999 -9999 -9999 -9999 -9999 -9999 -9999 -9999 -9999 -9999 -9999 -9999 -9999 -9999
-9999 -9999 -9999 -9999 -9999 -9999 -9999 -9999 -9999 -9999 -9999 -9999 -9999 -9999 -9999 -0.107 -0.117 -0.13 -0.128 -0.127 -0.144 -0.164 -0.166 -0.169 -0.158 -0.144 -0.136 -0.125 -0.137 -0.149 -0.139 -0.126 -0.125 -0.124 -0.114 -0.102 -0.104 -0.105 -0.107 -0.109 -0.105 -0.1 -0.09 -0.079 -0.08 -0.079 -0.066 -0.053 -0.044 -0.034 -0.016 0.005 0.016 0.027 0.04 0.032 -9999 -9999 -9999 -9999 -9999 -9999 -9999 -9999 -9999 -9999 -9999 -9999 -9999 -9999 -9999 -9999 -9999 -9999 -9999
-9999 -9999 -9999 -9999 -9999 -9999 -9999 -9999 -9999 -9999 -9999 -9999 -9999 -9999 -0.105 -0.111 -0.123 -0.143 -0.14 -0.13 -0.139 -0.138 -0.142 -0.155 -0.147 -0.139 -0.132 -0.125 -0.131 -0.13 -0.125 -0.126 -0.123 -0.113 -0.11 -0.119 -0.117 -0.105 -0.107 -0.109 -0.101 -0.083 -0.079 -0.087 -0.081 -0.058 -0.049 -0.048 -0.038 -0.026 -0.009 0.012 0.015 0.022 0.033 0.053 -9999 -9999 -9999 -9999 -9999 -9999 -9999 -9999 -9999 -9999 -9999 -9999 -9999 -9999 -9999 -9999 -9999 -9999 -9999
-9999 -9999 -9999 -9999 -9999 -9999 -9999 -9999 -9999 -9999 -9999 -9999 -9999 -9999 -0.108 -0.109 -0.125 -0.144 -0.137 -0.129 -0.127 -0.125 -0.134 -0.146 -0.139 -0.132 -0.127 -0.119 -0.119 -0.118 -0.119 -0.121 -0.113 -0.104 -0.111 -0.12 -0.111 -0.101 -0.102 -0.104 -0.089 -0.071 -0.078 -0.085 -0.066 -0.044 -0.041 -0.041 -0.03 -0.018 -0.001 0.018 0.021 0.024 0.034 0.044 -9999 -9999 -9999 -9999 -9999 -9999 -9999 -9999 -9999 -9999 -9999 -9999 -9999 -9999 -9999 -9999 -9999 -9999 -9999
-9999 -9999 -9999 -9999 -9999 -9999 -9999 -9999 -9999 -9999 -9999 -9999 -9999 -0.1 -0.105 -0.113 -0.125 -0.132 -0.133 -0.148 -0.146 -0.141 -0.146 -0.144 -0.139 -0.134 -0.127 -0.114 -0.117 -0.123 -0.122 -0.115 -0.112 -0.117 -0.116 -0.099 -0.092 -0.087 -0.09 -0.099 -0.092 -0.097 -0.094 -0.07 -0.053 -0.038 -0.035 -0.034 -0.023 -0.006 -0.003 0.008 0.024 0.034 0.045 0.051 0.058 -9999 -9999 -9999 -9999 -9999 -9999 -9999 -9999 -9999 -9999 -9999 -9999 -9999 -9999 -9999 -9999 -9999 -9999
-9999 -9999 -9999 -9999 -9999 -9999 -9999 -9999 -9999 -9999 -9999 -9999 -0.097 -0.099 -0.105 -0.112 -0.119 -0.125 -0.137 -0.152 -0.148 -0.144 -0.142 -0.14 -0.136 -0.132 -0.122 -0.108 -0.113 -0.119 -0.114 -0.107 -0.112 -0.117 -0.103 -0.085 -0.081 -0.077 -0.083 -0.091 -0.096 -0.101 -0.083 -0.058 -0.045 -0.03 -0.028 -0.027 -0.014 0.002 0.006 0.009 0.022 0.038 0.048 0.06 0.061 -9999 -9999 -9999 -9999 -9999 -9999 -9999 -9999 -9999 -9999 -9999 -9999 -9999 -9999 -9999 -9999 -9999 -9999
-9999 -9999 -9999 -9999 -9999 -9999 -9999 -9999 -9999 -9999 -9999 -9999 -0.096 -0.097 -0.103 -0.11 -0.114 -0.111 -0.122 -0.135 -0.138 -0.155 -0.149 -0.133 -0.133 -0.138 -0.129 -0.12 -0.126 -0.134 -0.127 -0.112 -0.112 -0.103 -0.094 -0.091 -0.087 -0.078 -0.081 -0.078 -0.079 -0.077 -0.062 -0.056 -0.043 -0.029 -0.029 -0.031 -0.018 -0.003 0.014 0.026 0.029 0.038 0.034 0.036 0.051 -9999 -9999 -9999 -9999 -9999 -9999 -9999 -9999 -9999 -9999 -9999 -9999 -9999 -9999 -9999 -9999 -9999 -9999
-9999 -9999 -9999 -9999 -9999 -9999 -9999 -9999 -9999 -9999 -9999 -0.094 -0.095 -0.093 -0.099 -0.106 -0.106 -0.104 -0.113 -0.125 -0.138 -0.155 -0.143 -0.127 -0.132 -0.136 -0.13 -0.122 -0.128 -0.136 -0.124 -0.11 -0.103 -0.093 -0.091 -0.088 -0.081 -0.073 -0.07 -0.067 -0.064 -0.06 -0.055 -0.049 -0.036 -0.024 -0.026 -0.029 -0.017 -0.004 0.013 0.032 0.035 0.038 0.034 0.028 0.041 0.064 -9999 -9999 -9999 -9999 -9999 -9999 -9999 -9999 -9999 -9999 -9999 -9999 -9999 -9999 -9999 -9999 -9999
-9999 -9999 -9999 -9999 -9999 -9999 -9999 -9999 -9999 -9999 -0.086 -9999 -0.091 -0.097 -0.103 -0.107 -0.107 -0.105 -0.112 -0.115 -0.125 -0.135 -0.124 -0.117 -0.12 -0.123 -0.116 -0.105 -0.113 -0.127 -0.117 -0.105 -0.095 -0.083 -0.079 -0.076 -0.071 -0.073 -0.072 -0.072 -0.069 -0.058 -0.052 -0.041 -0.036 -0.037 -0.04 -0.042 -0.026 0.004 0.004 0.013 0.032 0.044 0.051 0.052 0.062 0.061 -9999 -9999 -9999 -9999 -9999 -9999 -9999 -9999 -9999 -9999 -9999 -9999 -9999 -9999 -9999 -9999 -9999
