Validation/Results/raw data/ReClimate_05_2024_2_Temperature-Actuals.asc
NCOLS 192
NROWS 249
XLLCENTER -225160.85627316462
YLLCENTER 29788.11610251502
CELLSIZE 5000.0
NODATA_VALUE -9999
[rows 136 to 169 of 249, columns 75 to 149 of 192]
14.834 -9999 -9999 -9999 -9999 -9999 -9999 -9999 -9999 -9999 14.745 -9999 15.028 14.704 14.877 15.035 15.415 15.636 15.615 15.316 14.21 14.609 14.844 15.039 15.701 15.665 15.468 15.608 15.181 15.027 -9999 -9999 -9999 -9999 -9999 -9999 16.342 16.42 16.345 16.12 16.019 15.833 15.256 14.956 15.243 15.28 15.3 15.76 15.431 15.256 15.733 16.068 16.354 16.273 16.568 16.729 16.724 16.416 16.288 -9999 -9999 -9999 -9999 -9999 -9999 -9999 -9999 -9999 -9999 -9999 -9999 -9999 -9999 -9999 -9999
14.247 15.639 -9999 -9999 -9999 -9999 -9999 -9999 -9999 -9999 14.779 14.88 15.104 15.289 15.107 15.16 15.366 15.545 15.798 15.407 14.987 14.386 14.721 15.123 15.727 15.531 15.379 15.698 15.287 15.667 -9999 -9999 -9999 -9999 16.183 16.277 16.34 16.395 16.429 16.372 16.161 15.359 14.54 14.627 14.907 14.559 15.335 15.217 14.962 15.578 15.496 15.835 16.459 16.516 16.051 16.415 16.649 16.357 16.395 -9999 -9999 -9999 -9999 -9999 -9999 -9999 -9999 -9999 -9999 -9999 -9999 -9999 -9999 -9999 -9999
15.178 15.162 15.293 -9999 -9999 -9999 -9999 -9999 -9999 -9999 14.657 14.964 15.016 -9999 -9999 15.185 15.265 15.514 15.661 -9999 15.608 15.434 15.457 15.56 15.799 15.388 15.64 15.871 -9999 -9999 -9999 -9999 -9999 16.051 16.195 16.268 16.311 16.279 16.274 16.297 15.868 15.098 13.984 13.823 14.459 14.201 14.867 14.353 14.703 15.13 15.056 15.743 15.883 16.001 16.006 16.241 16.488 16.296 16.332 -9999 -9999 -9999 -9999 -9999 -9999 -9999 -9999 -9999 -9999 -9999 -9999 -9999 -9999 -9999 -9999
14.797 14.522 15.216 -9999 -9999 -9999 -9999 -9999 -9999 -9999 -9999 14.869 15.194 -9999 -9999 -9999 15.444 15.37 15.568 15.715 -9999 -9999 15.707 15.775 15.772 15.282 15.276 -9999 -9999 -9999 -9999 -9999 15.776 15.924 16.113 16.192 16.149 16.051 16.123 15.844 15.632 15.304 14.204 13.988 13.292 14.073 13.626 13.551 14.142 14.623 14.535 14.921 15.619 15.739 15.677 16.157 16.482 16.16 15.983 -9999 -9999 -9999 -9999 -9999 -9999 -9999 -9999 -9999 -9999 -9999 -9999 -9999 -9999 -9999 -9999
14.811 15.575 -9999 -9999 -9999 -9999 -9999 -9999 -9999 -9999 -9999 -9999 15.033 -9999 -9999 -9999 -9999 15.475 15.275 15.367 -9999 -9999 -9999 15.741 15.837 -9999 -9999 -9999 -9999 -9999 -9999 -9999 15.83 16.053 16.018 15.738 15.465 15.587 15.732 15.707 15.91 15.574 14.802 13.674 13.587 13.674 12.853 13.152 13.674 14.345 14.233 14.404 15.089 15.619 15.962 16.233 16.389 16.073 15.93 -9999 -9999 -9999 -9999 -9999 -9999 -9999 -9999 -9999 -9999 -9999 -9999 -9999 -9999 -9999 -9999
16.085 -9999 -9999 -9999 -9999 -9999 -9999 -9999 -9999 -9999 -9999 -9999 14.58 -9999 -9999 -9999 -9999 -9999 15.425 15.302 -9999 -9999 -9999 -9999 -9999 -9999 -9999 -9999 -9999 -9999 -9999 -9999 15.969 15.637 15.334 15.068 14.857 15.12 15.383 15.612 15.778 15.577 15.054 13.845 12.714 12.167 12.63 13.204 14.416 14.713 14.866 15.158 15.27 15.28 15.842 16.277 16.235 15.978 15.96 16.236 -9999 -9999 -9999 -9999 -9999 -9999 -9999 -9999 -9999 -9999 -9999 -9999 -9999 -9999 -9999
-9999 15.967 15.621 15.463 15.734 -9999 -9999 -9999 -9999 -9999 -9999 -9999 14.456 -9999 -9999 -9999 -9999 -9999 -9999 -9999 -9999 -9999 -9999 -9999 -9999 -9999 -9999 -9999 -9999 -9999 -9999 15.94 15.664 15.59 15.571 15.14 14.103 14.758 15.012 15.126 15.578 15.51 15.675 14.084 12.39 11.932 12.999 13.678 13.109 13.145 14.062 14.74 15.769 15.861 15.839 15.957 15.998 16.064 16.08 16.338 16.679 -9999 -9999 -9999 -9999 -9999 -9999 -9999 -9999 -9999 -9999 -9999 -9999 -9999 -9999
16.405 15.774 15.663 15.784 15.737 -9999 -9999 -9999 -9999 -9999 -9999 -9999 -9999 -9999 -9999 -9999 -9999 -9999 -9999 -9999 -9999 -9999 -9999 -9999 -9999 -9999 -9999 -9999 -9999 -9999 15.969 15.914 15.585 15.572 15.342 14.781 12.725 13.548 14.951 15.31 15.505 15.924 15.65 14.934 13.394 12.192 12.937 13.196 13.522 13.914 13.986 14.512 15.171 15.982 16.111 16.18 16.106 16.117 16.281 16.649 16.955 -9999 -9999 -9999 -9999 -9999 -9999 -9999 -9999 -9999 -9999 -9999 -9999 -9999 -9999
15.904 15.925 16.062 -9999 15.908 15.784 -9999 -9999 -9999 -9999 -9999 -9999 -9999 -9999 -9999 -9999 -9999 -9999 -9999 -9999 -9999 -9999 -9999 -9999 -9999 -9999 -9999 -9999 -9999 -9999 15.349 15.461 15.618 14.444 14.089 14.366 14.592 14.321 14.303 14.959 15.276 15.487 15.734 15.579 14.501 13.797 12.704 13.455 13.977 14.312 14.616 15.143 15.563 15.819 15.889 16.153 16.153 16.203 16.284 16.669 17.136 17.204 17.017 -9999 -9999 -9999 -9999 -9999 -9999 -9999 -9999 -9999 -9999 -9999 -9999
15.631 15.857 16.037 -9999 -9999 15.762 -9999 -9999 -9999 -9999 -9999 -9999 -9999 -9999 -9999 -9999 -9999 -9999 -9999 -9999 -9999 -9999 -9999 -9999 -9999 -9999 -9999 -9999 -9999 -9999 15.403 15.408 14.855 13.81 15.205 15.208 14.198 13.704 14.621 14.694 14.43 15.336 15.203 15.661 15.723 14.754 14.184 13.777 14.14 14.511 15.076 15.333 15.664 15.949 16.232 16.254 16.396 16.227 16.406 16.671 17.017 16.685 16.596 16.475 16.582 16.119 -9999 -9999 -9999 -9999 -9999 -9999 -9999 -9999 -9999
15.643 15.672 15.943 16.117 -9999 15.735 -9999 -9999 -9999 -9999 -9999 -9999 -9999 -9999 -9999 -9999 -9999 -9999 -9999 -9999 -9999 -9999 -9999 -9999 -9999 -9999 -9999 -9999 -9999 16.078 15.511 15.156 14.097 13.403 13.255 14.1 14.447 14.53 14.285 13.711 14.828 14.06 14.828 15.339 15.617 15.467 15.274 14.757 14.097 14.43 14.971 15.298 15.521 15.807 16.167 16.499 16.522 16.494 16.571 16.763 16.863 16.736 15.83 15.771 15.826 15.769 16.052 15.806 -9999 -9999 -9999 -9999 -9999 -9999 -9999
15.643 15.867 16.032 -9999 15.834 -9999 -9999 -9999 -9999 -9999 -9999 -9999 -9999 -9999 -9999 -9999 -9999 -9999 -9999 -9999 -9999 -9999 -9999 -9999 -9999 -9999 -9999 -9999 -9999 -9999 15.974 15.246 13.938 13.618 13.978 12.362 13.441 14.649 14.111 14.647 13.408 13.732 14.719 15.176 15.195 15.354 15.047 13.251 13.65 13.857 13.855 14.218 15.101 15.523 15.957 16.42 16.619 16.624 16.688 16.867 16.961 16.814 16.154 15.791 16.045 16.007 15.806 15.771 15.762 -9999 -9999 -9999 -9999 -9999 -9999
15.753 16.066 16.16 15.984 15.628 -9999 -9999 -9999 -9999 -9999 -9999 -9999 -9999 -9999 -9999 -9999 -9999 -9999 -9999 -9999 -9999 -9999 -9999 -9999 -9999 -9999 -9999 -9999 -9999 -9999 -9999 15.771 15.289 15.349 13.657 13.567 14.206 15.492 15.796 14.271 14.235 14.705 14.91 14.583 14.637 15.022 13.966 13.609 13.448 12.91 13.434 14.207 14.533 15.359 15.879 16.419 16.661 16.675 16.741 16.858 16.155 15.926 15.341 14.713 15.055 15.429 15.946 15.747 15.703 16.102 -9999 -9999 -9999 -9999 -9999
15.828 16.171 16.171 15.767 -9999 -9999 -9999 -9999 -9999 -9999 -9999 -9999 -9999 -9999 -9999 -9999 -9999 -9999 -9999 -9999 -9999 -9999 -9999 -9999 -9999 -9999 -9999 -9999 -9999 -9999 -9999 16.237 15.972 15.573 14.696 13.907 13.711 15.562 15.024 15.316 15.655 15.641 15.291 14.709 13.633 14.681 13.877 13.18 13.688 14.6 14.818 14.785 15.007 15.326 16.12 16.635 16.804 16.808 16.621 16.18 15.788 15.36 15.56 15.342 15.231 15.114 15.227 15.549 15.605 15.89 16.578 -9999 -9999 -9999 -9999
15.811 15.836 15.741 15.686 -9999 -9999 -9999 -9999 -9999 -9999 -9999 -9999 -9999 -9999 -9999 -9999 -9999 -9999 -9999 -9999 -9999 -9999 -9999 -9999 -9999 -9999 -9999 -9999 -9999 -9999 -9999 -9999 15.383 14.956 14.802 14.161 15.291 15.186 15.706 16.011 16.137 15.938 15.555 14.896 15.001 13.493 13.877 14.135 14.115 14.624 14.719 14.613 15.466 15.722 16.332 16.699 16.944 16.953 16.604 16.127 15.866 15.672 15.53 15.556 15.589 15.496 15.411 15.476 15.846 15.99 16.366 -9999 -9999 -9999 -9999
-9999 -9999 -9999 -9999 -9999 -9999 -9999 -9999 -9999 -9999 -9999 -9999 -9999 -9999 -9999 -9999 -9999 -9999 -9999 -9999 -9999 -9999 -9999 -9999 -9999 -9999 -9999 -9999 -9999 -9999 -9999 -9999 16.154 14.529 15.228 16.101 15.653 15.935 15.972 16.413 16.405 15.798 15.692 15.647 13.573 14.257 13.922 13.902 13.843 14.833 14.956 15.2 15.434 15.979 16.285 16.746 16.975 17.037 16.865 16.11 15.624 15.749 15.943 15.948 16.007 15.944 15.917 15.652 15.577 16.087 16.099 16.632 -9999 -9999 -9999
-9999 -9999 -9999 -9999 -9999 -9999 -9999 -9999 -9999 -9999 -9999 -9999 -9999 -9999 -9999 -9999 -9999 -9999 -9999 -9999 -9999 -9999 -9999 -9999 -9999 -9999 -9999 -9999 -9999 -9999 -9999 -9999 -9999 15.909 16.589 16.337 16.038 16.179 16.085 16.524 16.419 16.031 15.979 15.067 14.05 13.543 13.541 13.165 13.792 13.893 14.29 14.911 15.013 15.537 16.192 16.675 16.954 16.939 16.857 16.682 15.642 15.483 16.142 16.599 16.544 16.574 16.574 16.537 16.377 16.525 16.709 16.537 -9999 -9999 -9999
-9999 -9999 -9999 -9999 -9999 -9999 -9999 -9999 -9999 -9999 -9999 -9999 -9999 -9999 -9999 -9999 -9999 -9999 -9999 -9999 -9999 -9999 -9999 -9999 -9999 -9999 -9999 -9999 -9999 -9999 -9999 -9999 -9999 16.279 -9999 16.299 16.604 16.269 16.234 -9999 16.468 16.104 15.966 15.166 13.989 13.989 13.954 13.44 13.842 13.858 13.222 14.189 14.66 15.055 15.608 16.424 16.845 16.895 16.858 16.835 16.675 16.189 16.475 16.812 16.772 16.627 16.674 16.76 16.82 16.846 16.449 16.138 16.172 -9999 -9999
-9999 -9999 -9999 -9999 -9999 -9999 -9999 -9999 -9999 -9999 -9999 -9999 -9999 -9999 -9999 -9999 -9999 -9999 -9999 -9999 -9999 -9999 -9999 -9999 -9999 -9999 -9999 -9999 -9999 -9999 -9999 -9999 -9999 -9999 16.691 16.493 -9999 -9999 -9999 -9999 16.633 16.383 16.405 15.76 15.31 14.332 14.185 14.003 13.889 14.754 14.326 13.703 14.625 14.928 15.603 16.206 16.76 16.968 17.023 17.01 16.95 16.734 16.491 16.671 16.595 16.546 16.673 16.661 16.463 16.488 16.661 16.4 16.177 16.048 16.119
-9999 -9999 -9999 -9999 -9999 -9999 -9999 -9999 -9999 -9999 -9999 -9999 -9999 -9999 -9999 -9999 -9999 -9999 -9999 -9999 -9999 -9999 -9999 -9999 -9999 -9999 -9999 -9999 -9999 -9999 -9999 -9999 -9999 -9999 16.577 16.635 -9999 -9999 -9999 -9999 16.752 16.358 16.602 16.169 15.374 15.574 15.398 14.516 14.442 14.678 14.921 13.842 14.54 14.947 15.36 16.003 16.713 17.054 17.138 17.182 17.144 17.047 16.866 16.716 16.683 16.646 16.652 16.496 16.239 16.074 16.214 16.439 16.534 16.479 16.429
-9999 -9999 -9999 -9999 -9999 -9999 -9999 -9999 -9999 -9999 -9999 -9999 -9999 -9999 -9999 -9999 -9999 -9999 -9999 -9999 -9999 -9999 -9999 -9999 -9999 -9999 -9999 -9999 -9999 -9999 -9999 -9999 -9999 -9999 16.641 -9999 -9999 -9999 -9999 16.947 16.564 16.253 15.568 15.212 15.269 15.341 15.466 14.891 14.399 15.047 15.092 15.037 14.542 15.159 15.523 16.031 16.484 16.95 17.061 17.19 17.283 17.287 17.239 17.137 17.061 16.761 16.251 16.198 16.188 16.29 16.433 16.634 16.747 16.747 -9999
-9999 -9999 -9999 -9999 -9999 -9999 -9999 -9999 -9999 -9999 -9999 -9999 -9999 -9999 -9999 -9999 -9999 -9999 -9999 -9999 -9999 -9999 -9999 -9999 -9999 -9999 -9999 -9999 -9999 -9999 -9999 -9999 -9999 -9999 -9999 -9999 -9999 -9999 -9999 16.632 16.163 15.264 14.442 14.144 14.761 15.495 15.464 15.649 15.538 15.698 15.546 15.376 15.133 15.203 15.722 16.102 16.402 16.779 17.002 17.155 17.344 17.478 17.492 17.378 17.24 17.06 16.205 15.725 16.324 16.59 16.834 16.902 16.927 16.813 -9999
-9999 -9999 -9999 -9999 -9999 -9999 -9999 -9999 -9999 -9999 -9999 -9999 -9999 -9999 -9999 -9999 -9999 -9999 -9999 -9999 -9999 -9999 -9999 -9999 -9999 -9999 -9999 -9999 -9999 -9999 -9999 -9999 -9999 -9999 -9999 -9999 -9999 -9999 -9999 16.488 16.174 15.478 14.656 14.712 15.325 15.521 15.907 15.895 15.879 15.932 15.887 16.136 15.64 15.624 15.732 16.042 16.343 16.722 17.051 17.136 17.307 17.593 17.582 17.455 17.315 17.206 16.76 16.077 16.306 16.757 16.945 17.051 17.006 16.884 -9999
-9999 -9999 -9999 -9999 -9999 -9999 -9999 -9999 -9999 -9999 -9999 -9999 -9999 -9999 -9999 -9999 -9999 -9999 -9999 -9999 -9999 -9999 -9999 -9999 -9999 -9999 -9999 -9999 -9999 -9999 -9999 -9999 -9999 -9999 -9999 -9999 -9999 -9999 16.631 16.55 16.179 15.323 14.782 14.552 15.297 15.36 16.234 15.92 15.944 15.665 15.716 15.64 16.446 16.408 16.575 16.53 16.781 16.726 16.934 17.102 17.141 17.268 17.544 17.431 17.321 17.205 17.112 16.62 16.508 16.784 16.987 17.078 17.074 16.957 16.825
-9999 -9999 -9999 -9999 -9999 -9999 -9999 -9999 -9999 -9999 -9999 -9999 -9999 -9999 -9999 -9999 -9999 -9999 -9999 -9999 -9999 -9999 -9999 -9999 -9999 -9999 -9999 -9999 -9999 -9999 -9999 -9999 -9999 -9999 -9999 -9999 -9999 -9999 16.766 16.76 16.5 16.026 15.253 16.012 15.871 16.474 15.873 15.405 15.5 15.158 15.373 16.057 15.901 16.458 16.507 16.527 16.62 16.824 16.824 16.991 17.139 17.193 17.294 17.334 17.228 17.186 17.169 17.075 16.697 16.745 16.972 17.108 17.177 17.077 16.907
-9999 -9999 -9999 -9999 -9999 -9999 -9999 -9999 -9999 -9999 -9999 -9999 -9999 -9999 -9999 -9999 -9999 -9999 -9999 -9999 -9999 -9999 -9999 -9999 -9999 -9999 -9999 -9999 -9999 -9999 -9999 -9999 -9999 -9999 -9999 -9999 -9999 16.807 16.86 16.828 16.933 16.438 16.414 16.326 16.574 16.467 15.785 15.729 15.431 15.017 15.314 15.86 16.801 16.485 17.002 17.017 16.918 16.747 16.852 16.947 17.118 17.144 17.161 17.221 17.165 17.135 17.163 17.135 16.925 16.66 16.906 17.29 17.437 17.307 17.089
-9999 -9999 -9999 -9999 -9999 -9999 -9999 -9999 -9999 -9999 -9999 -9999 -9999 -9999 -9999 -9999 -9999 -9999 -9999 -9999 -9999 -9999 -9999 -9999 -9999 -9999 -9999 -9999 -9999 -9999 -9999 -9999 -9999 -9999 -9999 -9999 -9999 16.911 16.725 16.831 16.898 16.77 16.666 16.667 16.455 16.174 16.329 16.066 15.317 14.294 14.743 15.323 16.188 16.827 16.824 17.314 17.482 17.228 16.907 17.013 17.14 17.184 17.17 17.222 17.207 17.178 17.193 17.208 17.006 16.75 17.027 17.565 17.752 17.638 17.322
-9999 -9999 -9999 -9999 -9999 -9999 -9999 -9999 -9999 -9999 -9999 -9999 -9999 -9999 -9999 -9999 -9999 -9999 -9999 -9999 -9999 -9999 -9999 -9999 -9999 -9999 -9999 -9999 -9999 -9999 -9999 -9999 -9999 -9999 -9999 -9999 -9999 16.873 16.862 16.956 17.031 16.994 16.915 16.582 16.316 16.219 15.849 15.223 14.439 14.461 14.864 15.302 16.009 16.685 16.725 16.831 17.355 17.605 17.434 17.253 17.299 17.28 17.234 17.277 17.274 17.244 17.248 17.239 17.254 17.097 17.217 17.684 17.87 17.728 17.489
-9999 -9999 -9999 -9999 -9999 -9999 -9999 -9999 -9999 -9999 -9999 -9999 -9999 -9999 -9999 -9999 -9999 -9999 -9999 -9999 -9999 -9999 -9999 -9999 -9999 -9999 -9999 -9999 -9999 -9999 -9999 -9999 -9999 -9999 -9999 -9999 -9999 -9999 16.933 16.986 17.067 17.026 16.557 16.071 15.827 15.701 15.652 15.414 14.932 15.203 15.3 15.923 16.881 17.098 17.115 16.88 17.32 17.609 17.431 17.319 17.382 17.36 17.318 17.339 17.354 17.323 17.29 17.275 17.251 17.328 17.381 -9999 17.707 -9999 17.479
-9999 -9999 -9999 -9999 -9999 -9999 -9999 -9999 -9999 -9999 -9999 -9999 -9999 -9999 -9999 -9999 -9999 -9999 -9999 -9999 -9999 -9999 -9999 -9999 -9999 -9999 -9999 -9999 -9999 -9999 -9999 -9999 -9999 -9999 -9999 -9999 -9999 16.976 16.973 17.001 17.067 16.89 16.251 15.445 15.387 15.628 15.226 15.179 15.433 15.15 14.902 15.558 16.45 17.408 17.175 17.198 17.54 17.595 17.382 17.328 17.345 17.407 17.397 17.406 17.395 17.365 17.334 17.127 17.141 17.266 17.161 17.18 17.349 17.411 -9999
-9999 -9999 -9999 -9999 -9999 -9999 -9999 -9999 -9999 -9999 -9999 -9999 -9999 -9999 -9999 -9999 -9999 -9999 -9999 -9999 -9999 -9999 -9999 -9999 -9999 -9999 -9999 -9999 -9999 -9999 -9999 -9999 -9999 -9999 -9999 -9999 -9999 17.017 17.01 17.012 16.921 16.593 16.291 15.841 15.595 15.886 15.892 16.008 16.193 15.569 15.138 15.621 16.361 16.783 16.716 16.821 17.163 17.329 17.145 17.159 17.326 17.433 17.526 17.518 17.471 17.404 17.399 17.399 17.153 17.259 17.262 17.024 17.128 17.284 17.393
-9999 -9999 -9999 -9999 -9999 -9999 -9999 -9999 -9999 -9999 -9999 -9999 -9999 -9999 -9999 -9999 -9999 -9999 -9999 -9999 -9999 -9999 -9999 -9999 -9999 -9999 -9999 -9999 -9999 -9999 -9999 -9999 -9999 -9999 -9999 -9999 17.0 17.013 16.903 16.791 16.696 16.812 16.766 16.244 16.482 16.631 16.709 16.842 16.644 15.874 14.902 14.734 15.501 16.082 16.006 16.471 17.044 17.183 17.274 17.183 17.342 17.518 17.633 17.631 17.562 17.468 17.441 17.455 17.391 17.273 17.29 16.986 16.912 17.124 17.337
-9999 -9999 -9999 -9999 -9999 -9999 -9999 -9999 -9999 -9999 -9999 -9999 -9999 -9999 -9999 -9999 -9999 -9999 -9999 -9999 -9999 -9999 -9999 -9999 -9999 -9999 -9999 -9999 -9999 -9999 -9999 -9999 -9999 -9999 -9999 -9999 17.028 17.125 17.012 16.989 16.877 16.791 17.094 17.043 17.094 17.128 17.169 17.189 16.947 16.36 15.629 14.497 14.177 15.199 15.503 15.983 16.756 16.939 17.383 17.523 17.388 17.548 17.723 17.739 17.648 17.527 17.468 17.476 17.392 17.333 17.298 17.202 16.697 16.869 17.185
-9999 -9999 -9999 -9999 -9999 -9999 -9999 -9999 -9999 -9999 -9999 -9999 -9999 -9999 -9999 -9999 -9999 -9999 -9999 -9999 -9999 -9999 -9999 -9999 -9999 -9999 -9999 -9999 -9999 -9999 -9999 -9999 -9999 -9999 -9999 -9999 -9999 17.365 17.344 17.382 17.201 17.351 17.352 17.364 17.424 17.462 17.624 17.608 17.361 16.916 16.02 15.003 14.02 13.896 14.861 15.625 16.379 16.985 17.044 17.361 17.341 17.427 17.671 17.727 17.644 17.527 17.479 17.435 17.364 17.315 17.302 17.179 16.846 16.664 16.919
