Validation/Results/raw data/ReClimate_12_2023_1weatherlogisticsltd.asc
NCOLS 192
NROWS 249
XLLCENTER -225160.85627316462
YLLCENTER 29788.11610251502
CELLSIZE 5000.0
NODATA_VALUE -9999
[rows 66 to 98 of 249, columns 75 to 149 of 192]
-9999 -9999 -9999 -9999 -9999 -9999 -9999 -9999 -9999 -9999 94.367 -9999 94.65 94.709 94.648 94.133 94.354 94.44 95.038 96.199 96.069 96.016 96.153 96.405 96.153 95.444 95.347 95.935 95.985 95.712 95.93 -9999 -9999 -9999 -9999 -9999 -9999 -9999 -9999 -9999 -9999 -9999 -9999 -9999 -9999 -9999 -9999 -9999 -9999 -9999 -9999 -9999 -9999 -9999 -9999 -9999 -9999 -9999 -9999 -9999 -9999 -9999 -9999 -9999 -9999 -9999 -9999 -9999 -9999 -9999 -9999 -9999 -9999 -9999 -9999
-9999 -9999 -9999 -9999 -9999 -9999 -9999 -9999 -9999 -9999 -9999 94.111 94.555 95.692 95.239 94.736 94.914 95.272 96.009 96.424 96.361 96.239 96.402 96.493 96.145 96.166 96.506 96.602 96.451 -9999 -9999 -9999 -9999 -9999 -9999 -9999 -9999 -9999 -9999 -9999 -9999 -9999 -9999 -9999 -9999 -9999 -9999 -9999 -9999 -9999 -9999 -9999 -9999 -9999 -9999 -9999 -9999 -9999 -9999 -9999 -9999 -9999 -9999 -9999 -9999 -9999 -9999 -9999 -9999 -9999 -9999 -9999 -9999 -9999 -9999
-9999 -9999 -9999 -9999 -9999 -9999 -9999 -9999 -9999 -9999 -9999 94.35 95.066 96.069 95.361 94.118 94.536 95.218 95.681 96.31 96.324 96.491 96.55 96.563 96.594 96.636 96.68 96.669 96.702 -9999 -9999 -9999 -9999 -9999 -9999 -9999 -9999 -9999 -9999 -9999 -9999 -9999 -9999 -9999 -9999 -9999 -9999 -9999 -9999 -9999 -9999 -9999 -9999 -9999 -9999 -9999 -9999 -9999 -9999 -9999 -9999 -9999 -9999 -9999 -9999 -9999 -9999 -9999 -9999 -9999 -9999 -9999 -9999 -9999 -9999
-9999 -9999 -9999 -9999 -9999 -9999 -9999 -9999 -9999 -9999 -9999 -9999 -9999 95.446 94.683 94.281 94.836 95.363 95.742 95.875 96.136 96.557 96.611 96.727 96.707 96.588 96.616 -9999 -9999 -9999 -9999 -9999 -9999 -9999 -9999 -9999 -9999 -9999 -9999 -9999 -9999 -9999 -9999 -9999 -9999 -9999 -9999 -9999 -9999 -9999 -9999 -9999 -9999 -9999 -9999 -9999 -9999 -9999 -9999 -9999 -9999 -9999 -9999 -9999 -9999 -9999 -9999 -9999 -9999 -9999 -9999 -9999 -9999 -9999 -9999
-9999 -9999 -9999 -9999 -9999 -9999 -9999 95.468 -9999 -9999 94.833 95.575 95.329 94.572 94.626 95.363 95.785 96.16 96.228 96.208 96.481 96.596 96.45 95.869 95.977 96.565 96.655 -9999 -9999 -9999 -9999 -9999 -9999 -9999 -9999 -9999 -9999 -9999 -9999 -9999 -9999 -9999 -9999 -9999 -9999 -9999 -9999 -9999 -9999 -9999 -9999 -9999 -9999 -9999 -9999 -9999 -9999 -9999 -9999 -9999 -9999 -9999 -9999 -9999 -9999 -9999 -9999 -9999 -9999 -9999 -9999 -9999 -9999 -9999 -9999
-9999 -9999 -9999 -9999 -9999 95.577 95.33 93.706 93.77 93.946 94.289 94.344 93.781 93.299 94.219 95.39 95.388 94.886 95.148 95.847 95.61 94.812 94.923 95.851 96.35 96.855 96.877 -9999 -9999 -9999 -9999 -9999 -9999 -9999 -9999 -9999 -9999 -9999 -9999 -9999 -9999 -9999 -9999 -9999 -9999 -9999 -9999 -9999 -9999 -9999 -9999 -9999 -9999 -9999 -9999 -9999 -9999 -9999 -9999 -9999 -9999 -9999 -9999 -9999 -9999 -9999 -9999 -9999 -9999 -9999 -9999 -9999 -9999 -9999 -9999
-9999 -9999 -9999 -9999 -9999 94.874 93.853 -9999 94.643 94.942 94.714 94.098 94.192 95.222 95.909 96.065 95.947 96.32 96.656 96.528 96.137 96.221 96.803 97.007 97.161 96.846 -9999 96.836 -9999 -9999 -9999 -9999 -9999 -9999 -9999 -9999 -9999 -9999 -9999 -9999 -9999 -9999 -9999 -9999 -9999 -9999 -9999 -9999 -9999 -9999 -9999 -9999 -9999 -9999 -9999 -9999 -9999 -9999 -9999 -9999 -9999 -9999 -9999 -9999 -9999 -9999 -9999 -9999 -9999 -9999 -9999 -9999 -9999 -9999 -9999
-9999 -9999 -9999 -9999 -9999 -9999 94.613 93.849 94.137 94.519 93.974 93.275 94.33 95.682 95.998 96.458 96.966 97.727 97.499 96.951 97.002 97.095 97.139 96.954 96.806 96.828 96.678 96.251 -9999 -9999 -9999 -9999 -9999 -9999 -9999 -9999 -9999 -9999 -9999 -9999 -9999 -9999 -9999 -9999 -9999 -9999 -9999 -9999 -9999 -9999 -9999 -9999 -9999 -9999 -9999 -9999 -9999 -9999 -9999 -9999 -9999 -9999 -9999 -9999 -9999 -9999 -9999 -9999 -9999 -9999 -9999 -9999 -9999 -9999 -9999
-9999 -9999 -9999 -9999 -9999 -9999 -9999 93.741 93.974 94.197 94.056 94.741 95.603 96.052 96.496 96.958 97.063 96.211 96.11 96.436 96.622 96.913 96.824 96.823 96.843 96.862 96.652 96.504 -9999 -9999 -9999 -9999 -9999 -9999 -9999 -9999 -9999 -9999 -9999 -9999 -9999 -9999 -9999 -9999 -9999 -9999 -9999 -9999 -9999 -9999 -9999 -9999 -9999 -9999 -9999 -9999 -9999 -9999 -9999 -9999 -9999 -9999 -9999 -9999 -9999 -9999 -9999 -9999 -9999 -9999 -9999 -9999 -9999 -9999 -9999
-9999 -9999 -9999 -9999 -9999 94.112 93.631 93.165 93.491 93.359 94.153 95.257 95.574 95.793 96.377 97.235 96.618 96.041 96.331 96.498 96.722 96.871 96.93 96.941 96.958 -9999 96.92 -9999 -9999 -9999 -9999 -9999 -9999 95.577 95.632 95.721 -9999 -9999 -9999 -9999 -9999 -9999 -9999 -9999 -9999 -9999 -9999 -9999 -9999 -9999 -9999 -9999 -9999 -9999 -9999 -9999 -9999 -9999 -9999 -9999 -9999 -9999 -9999 -9999 -9999 -9999 -9999 -9999 -9999 -9999 -9999 -9999 -9999 -9999 -9999
92.876 -9999 -9999 -9999 -9999 -9999 93.027 93.209 93.416 94.059 94.721 94.745 94.921 95.097 95.783 96.474 95.964 95.29 95.648 96.31 96.498 96.716 96.802 96.916 96.93 96.946 -9999 -9999 -9999 -9999 96.966 97.093 96.272 95.429 95.574 95.692 96.47 97.317 96.674 95.997 96.211 96.38 96.939 97.442 97.451 97.455 97.457 97.454 96.988 96.567 97.024 97.506 -9999 -9999 -9999 -9999 -9999 -9999 -9999 -9999 -9999 -9999 -9999 -9999 -9999 -9999 -9999 -9999 -9999 -9999 -9999 -9999 -9999 -9999 -9999
91.261 -9999 -9999 -9999 93.611 -9999 93.234 93.012 93.223 92.92 93.513 94.847 95.033 95.146 95.705 96.216 95.61 94.84 95.666 96.845 96.87 96.596 96.722 96.828 96.89 -9999 -9999 -9999 -9999 96.654 96.86 94.949 93.734 91.713 92.192 93.38 93.857 93.839 93.934 94.57 94.781 95.054 95.268 95.178 95.314 95.739 95.531 94.907 95.178 96.564 96.768 97.177 -9999 -9999 -9999 -9999 -9999 -9999 -9999 -9999 -9999 -9999 -9999 -9999 -9999 -9999 -9999 -9999 -9999 -9999 -9999 -9999 -9999 -9999 -9999
90.586 -9999 -9999 -9999 93.43 93.42 93.366 93.457 93.22 93.021 94.073 94.967 95.199 95.474 95.713 95.603 95.424 95.929 96.628 96.795 96.637 96.505 96.626 96.745 -9999 -9999 96.538 96.307 96.346 96.549 95.76 95.514 94.261 93.665 94.506 95.148 94.931 94.573 94.801 94.478 94.71 94.903 95.022 95.259 95.366 95.121 94.702 94.297 95.547 97.207 96.488 96.019 97.336 -9999 -9999 -9999 -9999 -9999 -9999 -9999 -9999 -9999 -9999 -9999 -9999 -9999 -9999 -9999 -9999 -9999 -9999 -9999 -9999 -9999 -9999
91.358 -9999 92.289 -9999 91.283 90.947 91.271 92.255 92.638 93.693 94.269 94.514 94.864 95.192 94.918 94.363 95.049 96.09 96.316 96.628 96.538 96.405 96.513 96.583 -9999 96.465 96.339 91.891 92.647 94.458 94.008 93.163 92.989 93.279 94.07 95.28 94.88 94.453 94.235 94.023 94.471 95.489 95.64 95.692 95.194 94.319 94.734 96.508 97.186 96.782 96.944 96.739 97.299 -9999 -9999 -9999 -9999 -9999 -9999 -9999 -9999 -9999 -9999 -9999 -9999 -9999 -9999 -9999 -9999 -9999 -9999 -9999 -9999 -9999 -9999
-9999 91.046 -9999 -9999 -9999 90.215 91.119 92.63 92.789 91.636 92.355 94.033 94.556 95.291 95.18 95.568 96.147 96.203 96.353 96.245 96.237 96.307 96.422 96.582 96.409 96.267 94.753 95.092 95.858 95.273 94.75 94.501 94.802 95.163 95.505 94.741 94.345 93.903 94.04 94.385 95.014 95.339 95.54 95.975 95.318 94.542 95.959 97.384 96.727 95.444 95.969 97.191 97.662 -9999 -9999 -9999 -9999 -9999 -9999 -9999 -9999 -9999 -9999 -9999 -9999 -9999 -9999 -9999 -9999 -9999 -9999 -9999 -9999 -9999 -9999
89.167 -9999 -9999 -9999 -9999 91.042 92.402 93.979 -9999 91.134 92.429 93.583 94.345 95.114 95.718 96.62 96.588 96.369 96.139 95.632 95.502 94.975 95.207 95.498 95.406 95.386 95.726 95.999 95.8 95.93 95.82 95.899 96.328 96.863 95.705 93.61 92.742 91.182 91.843 93.091 93.666 94.731 95.456 96.804 96.425 96.611 97.301 97.217 96.532 96.343 97.084 97.359 98.062 -9999 -9999 -9999 -9999 -9999 -9999 -9999 -9999 -9999 -9999 -9999 -9999 -9999 -9999 -9999 -9999 -9999 -9999 -9999 -9999 -9999 -9999
90.239 -9999 -9999 -9999 90.473 -9999 -9999 92.565 91.857 92.082 93.187 94.636 95.183 95.408 96.162 96.708 96.29 95.365 95.214 95.456 95.422 96.001 95.944 95.245 95.532 96.281 96.155 95.404 95.947 96.885 96.72 96.062 96.31 96.231 95.074 94.784 93.877 93.657 94.542 95.2 95.831 96.074 96.915 97.252 97.361 97.453 97.449 97.341 97.202 96.969 97.13 97.521 -9999 -9999 -9999 -9999 -9999 -9999 -9999 -9999 -9999 -9999 -9999 -9999 -9999 -9999 -9999 -9999 -9999 -9999 -9999 -9999 -9999 -9999 -9999
89.575 89.385 88.633 -9999 -9999 -9999 91.565 91.013 -9999 92.432 93.622 94.741 95.056 95.551 96.002 96.292 95.52 94.682 94.917 95.19 95.781 96.488 95.925 95.274 96.008 96.858 96.546 96.742 97.327 97.503 97.179 97.071 96.717 95.778 95.481 95.149 94.729 93.816 94.639 95.97 96.0 95.789 96.077 96.279 96.417 96.831 96.97 97.443 97.54 98.073 97.962 -9999 -9999 -9999 -9999 -9999 -9999 -9999 -9999 -9999 -9999 -9999 -9999 -9999 -9999 -9999 -9999 -9999 -9999 -9999 -9999 -9999 -9999 -9999 -9999
89.501 90.314 89.42 -9999 89.763 90.758 91.273 91.715 92.568 93.548 94.197 94.266 94.733 95.309 95.521 95.368 95.055 95.118 95.368 95.617 96.012 96.005 95.845 96.219 96.749 96.91 97.081 97.248 97.249 96.966 97.173 97.599 96.606 95.02 94.809 94.608 94.513 95.451 96.534 97.592 97.254 96.647 96.71 96.588 96.914 97.144 97.442 97.68 98.141 98.585 98.477 -9999 -9999 -9999 -9999 -9999 -9999 -9999 -9999 -9999 -9999 -9999 -9999 -9999 -9999 -9999 -9999 -9999 -9999 -9999 -9999 -9999 -9999 -9999 -9999
90.474 91.304 90.779 90.504 90.636 90.474 -9999 91.5 91.989 92.025 92.294 92.859 93.239 93.407 93.488 93.851 94.098 94.465 95.035 96.071 95.853 95.151 95.387 95.43 95.734 96.194 96.392 96.597 96.456 96.455 96.896 97.542 96.334 95.041 94.72 94.19 95.49 97.595 98.256 98.572 98.16 97.806 97.681 97.604 97.88 98.224 98.364 98.415 98.665 98.719 -9999 -9999 -9999 -9999 -9999 -9999 -9999 -9999 -9999 -9999 -9999 -9999 -9999 -9999 -9999 -9999 -9999 -9999 -9999 -9999 -9999 -9999 -9999 -9999 -9999
-9999 -9999 -9999 90.419 89.992 -9999 90.774 91.414 91.802 92.88 93.317 93.599 93.63 93.393 93.48 93.096 93.57 94.203 95.027 95.681 95.378 95.393 95.703 96.416 96.76 96.947 97.139 97.234 97.226 97.132 97.598 97.816 97.271 97.348 96.915 96.353 97.274 96.854 97.174 97.644 97.651 98.1 97.922 97.696 98.091 98.653 98.695 98.741 98.781 98.829 -9999 -9999 -9999 -9999 -9999 -9999 -9999 -9999 -9999 -9999 -9999 -9999 -9999 -9999 -9999 -9999 -9999 -9999 -9999 -9999 -9999 -9999 -9999 -9999 -9999
-9999 -9999 90.051 89.523 -9999 88.594 90.329 -9999 91.681 93.665 93.804 93.773 93.789 94.175 93.747 93.061 93.697 94.369 94.478 93.579 93.615 93.511 94.396 95.921 96.577 97.967 98.021 97.963 96.961 94.272 94.202 93.665 94.645 96.986 96.923 97.405 96.949 96.297 96.805 97.69 98.023 98.232 98.068 97.948 98.114 97.832 97.857 97.755 98.087 98.953 -9999 -9999 -9999 -9999 -9999 -9999 -9999 -9999 -9999 -9999 -9999 -9999 -9999 -9999 -9999 -9999 -9999 -9999 -9999 -9999 -9999 -9999 -9999 -9999 -9999
-9999 -9999 88.702 -9999 -9999 88.151 89.57 90.316 91.806 92.953 92.77 92.346 92.895 93.805 93.119 92.194 92.997 94.043 93.994 94.908 95.077 95.483 96.287 96.27 96.851 96.389 96.488 96.683 95.654 96.548 96.523 97.144 98.327 98.222 98.487 98.271 97.627 96.726 97.096 96.887 97.225 97.793 97.876 98.27 98.22 98.374 98.092 97.463 98.212 99.053 -9999 -9999 -9999 -9999 -9999 -9999 -9999 -9999 -9999 -9999 -9999 -9999 -9999 -9999 -9999 -9999 -9999 -9999 -9999 -9999 -9999 -9999 -9999 -9999 -9999
-9999 -9999 -9999 -9999 -9999 -9999 89.241 89.393 90.394 91.274 91.474 92.576 93.075 93.156 92.33 91.37 92.307 93.256 94.232 95.252 95.876 96.783 97.01 97.56 97.039 96.246 95.89 94.582 95.463 96.573 97.493 98.935 99.022 99.193 99.115 99.026 98.065 96.575 96.52 96.741 97.222 97.584 97.953 98.476 98.555 98.596 98.128 97.72 98.419 -9999 -9999 -9999 -9999 -9999 -9999 -9999 -9999 -9999 -9999 -9999 -9999 -9999 -9999 -9999 -9999 -9999 -9999 -9999 -9999 -9999 -9999 -9999 -9999 -9999 -9999
-9999 -9999 -9999 -9999 88.411 87.633 -9999 89.249 90.167 91.216 91.958 92.347 92.356 92.182 92.281 93.851 94.256 93.866 94.622 95.021 95.608 95.84 96.113 95.958 95.93 96.882 96.223 96.15 96.747 96.761 97.108 95.941 96.547 97.788 97.732 97.512 97.237 97.775 97.993 98.323 98.522 98.546 98.729 98.532 98.686 99.031 98.703 98.388 98.95 -9999 -9999 -9999 -9999 -9999 -9999 -9999 -9999 -9999 -9999 -9999 -9999 -9999 -9999 -9999 -9999 -9999 -9999 -9999 -9999 -9999 -9999 -9999 -9999 -9999 -9999
-9999 -9999 -9999 87.748 87.65 87.256 88.212 89.06 90.224 91.801 92.113 92.363 92.45 92.785 93.992 94.914 94.444 93.619 94.173 94.944 95.108 94.974 95.033 95.249 95.792 95.809 95.826 95.889 96.265 97.154 96.222 95.253 96.244 97.098 95.988 93.331 94.699 97.479 98.227 98.93 98.549 97.474 97.131 96.444 97.315 99.161 98.967 98.908 -9999 -9999 -9999 -9999 -9999 -9999 -9999 -9999 -9999 -9999 -9999 -9999 -9999 -9999 -9999 -9999 -9999 -9999 -9999 -9999 -9999 -9999 -9999 -9999 -9999 -9999 -9999
-9999 -9999 -9999 86.987 -9999 88.515 88.77 88.106 89.666 91.716 91.803 91.469 91.759 92.245 92.803 92.863 92.839 93.829 94.314 94.378 94.654 95.42 95.545 95.494 95.749 96.332 96.478 96.723 97.231 97.303 96.891 97.035 97.525 97.568 96.489 97.306 98.636 98.337 98.829 99.008 98.392 98.232 97.803 97.596 98.581 98.666 98.703 98.896 -9999 -9999 -9999 -9999 -9999 -9999 -9999 -9999 -9999 -9999 -9999 -9999 -9999 -9999 -9999 -9999 -9999 -9999 -9999 -9999 -9999 -9999 -9999 -9999 -9999 -9999 -9999
-9999 -9999 -9999 -9999 -9999 88.164 88.221 89.216 90.81 92.29 91.932 91.285 91.489 91.463 91.443 91.172 92.198 93.665 93.627 93.384 94.188 95.14 95.076 94.838 95.567 96.743 96.91 96.948 96.919 96.72 96.806 96.745 96.941 97.332 97.865 98.137 98.062 98.239 98.243 97.942 98.364 99.031 98.934 98.966 99.027 99.066 99.169 99.199 -9999 -9999 -9999 -9999 -9999 -9999 -9999 -9999 -9999 -9999 -9999 -9999 -9999 -9999 -9999 -9999 -9999 -9999 -9999 -9999 -9999 -9999 -9999 -9999 -9999 -9999 -9999
-9999 -9999 -9999 86.93 87.658 87.051 88.036 89.238 90.286 91.144 91.142 91.975 -9999 91.19 91.623 93.215 94.01 93.961 94.051 94.526 95.19 95.447 95.303 95.095 95.776 95.897 95.873 95.66 95.347 94.67 95.075 96.206 96.4 96.298 96.807 97.79 97.934 97.846 97.897 98.532 99.023 99.2 99.229 99.262 99.298 99.338 99.369 99.37 -9999 -9999 -9999 -9999 -9999 -9999 -9999 -9999 -9999 -9999 -9999 -9999 -9999 -9999 -9999 -9999 -9999 -9999 -9999 -9999 -9999 -9999 -9999 -9999 -9999 -9999 -9999
88.051 87.066 86.829 -9999 87.174 87.393 88.263 88.929 89.58 90.201 91.023 -9999 91.255 89.779 91.276 92.907 93.239 93.973 94.555 95.256 95.563 95.811 95.725 95.651 95.698 95.569 95.58 95.831 95.608 95.867 96.643 97.099 97.183 97.489 98.001 97.968 98.117 98.452 98.801 98.858 99.06 99.194 99.302 99.336 99.374 99.416 99.463 -9999 -9999 -9999 -9999 -9999 -9999 -9999 -9999 -9999 -9999 -9999 -9999 -9999 -9999 -9999 -9999 -9999 -9999 -9999 -9999 -9999 -9999 -9999 -9999 -9999 -9999 -9999 -9999
87.697 87.275 87.547 88.149 -9999 88.074 88.652 89.276 89.716 89.958 90.497 90.522 90.184 91.244 92.262 92.538 93.292 94.179 94.665 94.821 94.939 94.627 94.77 95.158 95.197 95.458 95.704 95.948 95.943 95.493 96.065 96.785 97.016 97.146 97.365 97.925 98.159 98.187 98.433 98.812 98.978 99.155 99.3 99.411 99.382 -9999 -9999 -9999 -9999 -9999 -9999 -9999 -9999 -9999 -9999 -9999 -9999 -9999 -9999 -9999 -9999 -9999 -9999 -9999 -9999 -9999 -9999 -9999 -9999 -9999 -9999 -9999 -9999 -9999 -9999
-9999 -9999 87.957 -9999 88.226 87.798 88.336 88.967 89.39 -9999 -9999 88.457 89.625 91.106 91.729 92.968 93.684 94.306 94.623 95.179 94.869 94.214 94.552 94.801 94.985 95.064 95.359 95.683 95.614 96.007 96.619 97.204 97.333 97.415 97.747 97.802 97.985 98.341 98.777 99.217 99.258 99.086 99.276 99.422 -9999 -9999 -9999 -9999 -9999 -9999 -9999 -9999 -9999 -9999 -9999 -9999 -9999 -9999 -9999 -9999 -9999 -9999 -9999 -9999 -9999 -9999 -9999 -9999 -9999 -9999 -9999 -9999 -9999 -9999 -9999
87.534 -9999 88.316 88.7 88.412 88.447 88.9 89.287 -9999 -9999 90.366 90.131 91.078 91.446 92.369 92.963 93.423 93.69 94.187 94.649 94.319 94.118 94.561 95.284 95.48 95.807 95.934 95.794 96.083 96.249 96.707 97.028 97.135 97.241 97.399 97.684 97.992 98.244 98.534 98.441 98.522 98.971 99.172 99.4 99.539 -9999 -9999 -9999 -9999 -9999 -9999 -9999 -9999 -9999 -9999 -9999 -9999 -9999 -9999 -9999 -9999 -9999 -9999 -9999 -9999 -9999 -9999 -9999 -9999 -9999 -9999 -9999 -9999 -9999 -9999
