Validation/Results/raw data/ReClimate_10_2024_2.asc
NCOLS 192
NROWS 249
XLLCENTER -225160.85627316462
YLLCENTER 29788.11610251502
CELLSIZE 5000.0
NODATA_VALUE -9999
[rows 198 to 230 of 249, columns 74 to 147 of 192]
-9999 -9999 -9999 -9999 -9999 -9999 -9999 -9999 -9999 -9999 -9999 -9999 -9999 -9999 -9999 -9999 -9999 -9999 94.015 94.05 94.075 94.098 94.118 94.137 94.154 94.169 94.18 94.185 94.18 94.169 94.158 94.149 94.144 94.127 94.092 94.057 94.018 93.978 93.938 93.897 93.855 93.809 93.762 93.719 93.676 93.635 93.598 93.544 93.451 93.352 93.239 93.108 92.972 92.832 92.687 92.537 92.386 92.244 92.107 91.964 91.815 91.664 91.524 91.389 91.253 91.12 90.981 90.833 90.673 90.543 90.45 90.4 90.362 90.364
-9999 -9999 -9999 -9999 -9999 -9999 -9999 -9999 -9999 -9999 -9999 -9999 -9999 -9999 -9999 93.895 93.871 93.884 93.915 93.942 93.967 93.99 94.011 94.03 94.047 94.059 94.062 94.055 94.045 94.035 94.025 94.005 93.965 93.943 93.927 93.884 93.844 93.805 93.766 93.728 93.688 93.646 93.6 93.553 93.505 93.46 93.407 93.319 93.212 93.1 92.978 92.85 92.715 92.573 92.427 92.276 92.127 91.987 91.854 91.712 91.573 91.436 91.303 91.177 91.048 90.914 90.774 90.624 90.476 90.382 90.34 90.309 90.279 90.277
-9999 -9999 -9999 -9999 -9999 -9999 -9999 -9999 -9999 -9999 -9999 -9999 -9999 93.909 93.872 93.812 93.777 93.769 93.801 93.831 93.858 93.882 93.904 93.923 93.936 93.935 93.929 93.922 93.914 93.905 93.895 93.934 94.1 94.01 93.779 93.734 93.69 93.645 93.599 93.561 93.523 93.482 93.439 93.393 93.345 93.291 93.208 93.085 92.962 92.837 92.708 92.578 92.445 92.307 92.161 92.009 91.863 91.73 91.608 91.486 91.357 91.227 91.098 90.972 90.842 90.707 90.572 90.435 90.338 90.278 90.254 90.232 90.206 90.195
-9999 -9999 -9999 -9999 -9999 -9999 -9999 -9999 -9999 93.98 93.93 93.903 93.876 93.841 93.791 93.737 93.691 93.676 93.685 93.718 93.747 93.772 93.794 93.809 93.807 93.803 93.798 93.791 93.784 93.776 93.766 93.854 93.832 93.691 93.644 93.598 93.553 93.506 93.461 93.415 93.369 93.323 93.278 93.23 93.168 93.087 92.974 92.863 92.776 92.635 92.467 92.322 92.147 92.028 91.908 91.762 91.628 91.472 91.359 91.265 91.151 91.028 90.902 90.783 90.664 90.54 90.41 90.304 90.235 90.208 90.185 90.16 90.129 90.106
-9999 -9999 -9999 -9999 -9999 -9999 -9999 -9999 93.934 93.912 93.87 93.83 93.798 93.765 93.713 93.662 93.618 93.587 93.58 93.601 93.632 93.659 93.676 93.676 93.674 93.672 93.668 93.662 93.656 93.648 93.639 93.63 93.605 93.559 93.514 93.47 93.426 93.381 93.336 93.287 93.238 93.186 93.129 93.056 92.978 92.884 92.761 92.659 92.533 92.389 92.264 92.119 92.002 91.846 91.721 91.582 91.454 91.367 91.233 91.109 90.988 90.865 90.739 90.62 90.507 90.389 90.276 90.202 90.163 90.14 90.113 90.08 90.043 90.014
-9999 -9999 -9999 -9999 -9999 -9999 -9999 93.896 93.872 93.821 93.78 93.747 93.719 93.684 93.636 93.587 93.545 93.508 93.487 93.485 93.513 93.535 93.539 93.541 93.542 93.498 93.373 93.274 93.001 93.132 93.515 93.506 93.478 93.433 93.389 93.346 93.303 93.261 93.216 93.167 93.109 93.045 92.965 92.887 92.809 92.706 92.584 92.463 92.343 92.222 92.096 91.887 91.653 91.671 91.566 91.432 91.31 91.202 91.094 90.972 90.84 90.719 90.596 90.472 90.358 90.242 90.167 90.121 90.095 90.066 90.034 89.996 89.955 89.922
-9999 -9999 -9999 -9999 -9999 93.931 -9999 93.817 93.767 93.723 93.688 93.659 93.635 93.603 93.557 93.512 93.472 93.437 93.405 93.391 93.384 93.394 93.402 93.407 93.41 93.418 93.621 93.612 93.995 93.99 93.392 93.382 93.353 93.31 93.268 93.226 93.185 93.141 93.09 93.035 92.969 92.889 92.81 92.734 92.652 92.542 92.425 92.308 92.189 92.067 91.943 91.844 91.578 91.499 91.417 91.29 91.174 91.047 90.928 90.816 90.696 90.572 90.456 90.328 90.211 90.133 90.078 90.05 90.021 89.989 89.952 89.912 89.869 89.835
-9999 -9999 -9999 -9999 -9999 -9999 -9999 -9999 -9999 93.627 93.597 93.572 93.55 93.521 93.48 93.437 93.4 93.367 93.336 93.321 93.34 93.303 93.264 93.272 93.278 93.391 93.392 93.599 93.596 93.277 93.272 93.261 93.232 93.19 93.15 93.109 93.064 93.012 92.959 92.92 92.915 92.813 92.665 92.59 92.501 92.387 92.273 92.125 91.912 91.825 91.796 91.687 91.558 91.401 91.278 91.156 91.045 90.932 90.807 90.717 90.582 90.464 90.365 90.206 90.099 90.042 90.008 89.978 89.945 89.91 89.872 89.831 89.787 89.753
-9999 -9999 -9999 -9999 -9999 -9999 -9999 -9999 -9999 93.533 93.507 93.485 93.466 93.44 93.403 93.364 93.329 93.297 93.265 93.244 93.197 93.141 93.125 93.138 93.147 93.153 93.157 93.159 93.158 93.156 93.152 93.142 93.113 93.073 93.033 92.986 92.935 92.884 92.821 92.756 92.603 92.518 92.524 92.448 92.351 92.237 92.126 91.95 91.797 91.741 91.654 91.528 91.4 91.269 91.145 91.029 90.92 90.808 90.691 90.581 90.442 90.303 90.187 90.098 90.018 89.98 89.947 89.913 89.878 89.842 89.802 89.759 89.715 89.681
-9999 -9999 -9999 -9999 -9999 -9999 -9999 93.505 93.465 93.439 93.417 -9999 93.382 93.36 93.328 93.291 93.259 93.244 -9999 93.206 93.178 93.111 93.019 93.004 93.015 93.025 93.031 93.035 93.036 93.036 93.033 93.023 92.996 92.956 92.908 92.864 92.832 92.766 92.675 92.56 92.488 92.458 92.385 92.306 92.203 92.091 91.982 91.807 91.564 91.506 91.504 91.386 91.262 91.134 91.017 90.909 90.801 90.719 90.596 90.457 90.232 90.108 90.045 89.983 89.964 89.925 89.891 89.855 89.82 89.782 89.74 89.697 89.652 89.619
-9999 -9999 -9999 -9999 -9999 -9999 -9999 93.402 -9999 -9999 -9999 93.312 93.299 93.281 -9999 -9999 -9999 -9999 -9999 93.071 92.981 92.92 92.927 92.905 92.89 92.895 92.904 92.911 92.914 92.915 92.915 92.906 92.878 92.83 92.781 92.817 92.977 92.82 92.534 92.463 92.393 92.321 92.248 92.164 92.058 91.949 91.841 91.678 91.608 91.542 91.386 91.253 91.125 91.006 90.895 90.792 90.685 90.566 90.456 90.221 90.02 89.949 89.971 89.929 89.919 89.875 89.839 89.802 89.765 89.725 89.683 89.639 89.593 89.562
-9999 -9999 -9999 -9999 -9999 -9999 -9999 -9999 -9999 93.248 93.238 93.226 93.215 93.201 -9999 -9999 -9999 -9999 -9999 -9999 -9999 -9999 92.854 92.82 92.797 92.781 92.776 92.785 92.791 92.795 92.795 92.787 92.751 92.703 92.656 92.72 92.651 92.466 92.396 92.327 92.257 92.185 92.112 92.024 91.917 91.81 91.702 91.617 91.506 91.37 91.247 91.123 90.994 90.881 90.779 90.676 90.571 90.461 90.343 90.232 90.086 89.99 89.984 89.918 89.877 89.829 89.792 89.754 89.713 89.672 89.629 89.584 89.537 89.509
-9999 -9999 -9999 -9999 -9999 -9999 -9999 -9999 -9999 -9999 93.135 -9999 -9999 -9999 -9999 -9999 -9999 -9999 -9999 -9999 92.84 92.816 92.783 92.751 92.72 92.694 92.677 92.664 92.667 92.672 92.673 92.658 92.624 92.577 92.53 92.468 92.398 92.329 92.261 92.193 92.123 92.051 91.976 -9999 91.779 91.674 91.567 91.463 91.364 91.241 91.107 90.984 90.869 90.762 90.663 90.562 90.458 90.351 90.264 90.186 90.112 90.044 89.975 89.907 89.839 89.786 89.747 89.707 89.665 89.621 89.577 89.531 89.486 89.46
-9999 -9999 -9999 -9999 -9999 -9999 -9999 -9999 -9999 -9999 -9999 -9999 -9999 -9999 -9999 -9999 -9999 -9999 -9999 -9999 92.777 92.744 92.712 92.682 -9999 -9999 -9999 92.728 92.823 92.742 92.543 92.528 92.497 92.452 92.399 92.33 92.262 92.195 92.128 92.059 91.989 91.916 -9999 91.749 91.644 91.521 91.361 91.287 91.255 91.121 90.976 90.855 90.747 90.646 90.546 90.447 90.362 90.288 90.214 89.76 89.543 89.835 89.942 89.872 89.802 89.745 89.705 89.663 89.619 89.573 89.526 89.48 89.425 89.407
-9999 -9999 -9999 -9999 -9999 -9999 -9999 -9999 -9999 -9999 -9999 -9999 -9999 -9999 -9999 -9999 -9999 -9999 -9999 -9999 -9999 -9999 -9999 -9999 -9999 -9999 -9999 92.515 92.343 92.281 92.43 92.401 92.37 92.324 92.26 92.194 92.128 92.062 91.994 91.925 -9999 -9999 91.703 91.612 91.511 91.377 91.266 91.201 91.088 90.957 90.841 90.736 90.632 90.534 90.45 90.378 90.306 90.245 90.184 90.187 89.686 89.69 89.908 89.838 89.766 89.706 89.664 89.621 89.575 89.526 89.365 89.325 89.314 89.27
-9999 -9999 -9999 -9999 -9999 -9999 -9999 -9999 -9999 -9999 -9999 -9999 -9999 -9999 -9999 -9999 -9999 -9999 -9999 -9999 -9999 -9999 -9999 -9999 -9999 -9999 -9999 92.455 92.327 92.509 92.818 92.791 92.762 92.667 92.509 92.343 91.979 -9999 -9999 -9999 -9999 -9999 91.498 91.428 91.377 91.271 91.165 91.056 90.943 90.827 90.716 90.61 90.511 90.466 90.402 90.336 90.275 90.214 90.151 90.083 90.055 89.844 89.873 89.802 89.728 89.668 89.626 89.584 89.541 89.495 89.389 89.297 89.328 89.315
-9999 -9999 -9999 -9999 -9999 -9999 -9999 -9999 -9999 -9999 -9999 -9999 -9999 -9999 -9999 -9999 -9999 -9999 -9999 -9999 -9999 -9999 -9999 -9999 -9999 -9999 -9999 -9999 -9999 92.356 92.479 92.434 92.336 92.232 92.197 92.03 -9999 -9999 -9999 -9999 91.578 91.496 91.483 91.403 91.241 91.139 91.036 90.935 90.832 90.734 90.656 90.585 90.541 90.462 90.384 90.316 90.252 90.19 90.125 90.055 89.986 89.916 89.846 89.775 89.703 89.643 89.6 89.558 89.515 89.469 89.354 89.296 89.337 89.334
-9999 -9999 -9999 -9999 -9999 -9999 -9999 -9999 -9999 -9999 -9999 -9999 -9999 -9999 -9999 -9999 -9999 -9999 -9999 -9999 -9999 -9999 -9999 -9999 -9999 -9999 -9999 -9999 -9999 -9999 92.315 92.282 92.308 92.262 92.202 -9999 -9999 -9999 -9999 91.569 91.431 91.399 91.367 91.251 91.154 91.076 91.038 90.923 90.774 90.702 90.631 90.562 90.496 90.461 90.366 90.3 90.233 90.168 90.1 90.032 89.963 89.894 89.824 89.753 89.68 89.621 89.579 89.536 89.492 89.446 89.398 89.322 89.342 89.279
-9999 -9999 -9999 -9999 -9999 -9999 -9999 -9999 -9999 -9999 -9999 -9999 -9999 -9999 -9999 -9999 -9999 -9999 -9999 -9999 -9999 -9999 -9999 -9999 -9999 -9999 -9999 -9999 -9999 -9999 -9999 -9999 -9999 -9999 -9999 -9999 -9999 -9999 91.284 91.453 91.349 91.308 91.27 91.188 91.094 91.043 90.985 90.853 90.747 90.677 90.607 90.54 90.476 90.411 90.347 90.283 90.216 90.145 90.075 90.007 89.939 89.871 89.802 89.731 89.658 89.599 89.557 89.514 89.469 89.422 89.375 89.347 89.339 89.291
-9999 -9999 -9999 -9999 -9999 -9999 -9999 -9999 -9999 -9999 -9999 -9999 -9999 -9999 -9999 -9999 -9999 -9999 -9999 -9999 -9999 -9999 -9999 -9999 -9999 -9999 -9999 -9999 -9999 -9999 -9999 -9999 -9999 -9999 -9999 -9999 -9999 91.636 91.498 91.393 91.285 91.218 91.107 91.053 91.037 90.964 90.879 90.806 90.783 90.698 90.583 90.517 90.454 90.391 90.329 90.266 90.198 90.125 90.05 89.982 89.915 89.847 89.777 89.706 89.635 89.577 89.535 89.491 89.445 89.397 89.358 89.334 89.328 89.197
-9999 -9999 -9999 -9999 -9999 -9999 -9999 -9999 -9999 -9999 -9999 -9999 -9999 -9999 -9999 -9999 -9999 -9999 -9999 -9999 -9999 -9999 -9999 -9999 -9999 -9999 -9999 -9999 -9999 -9999 -9999 -9999 -9999 -9999 -9999 -9999 -9999 91.513 91.429 91.319 91.204 91.117 91.062 91.035 90.981 90.902 90.833 90.801 90.769 90.664 90.56 90.494 90.432 90.371 90.31 90.246 90.178 90.104 90.03 89.957 89.889 89.821 89.752 89.68 89.611 89.555 89.511 89.466 89.419 89.371 89.34 89.324 89.317 89.333
-9999 -9999 -9999 -9999 -9999 -9999 -9999 -9999 -9999 -9999 -9999 -9999 -9999 -9999 -9999 -9999 -9999 -9999 -9999 -9999 -9999 -9999 -9999 -9999 92.01 92.003 92.219 92.133 -9999 91.999 -9999 -9999 -9999 -9999 -9999 -9999 -9999 -9999 91.358 91.264 91.195 91.184 91.263 91.159 90.944 90.89 90.865 90.768 90.561 90.504 90.52 90.466 90.41 90.35 90.29 90.226 90.156 90.084 90.011 89.937 89.863 89.793 89.724 89.652 89.585 89.46 89.399 89.414 89.392 89.353 89.328 89.316 89.306 89.299
-9999 -9999 -9999 -9999 -9999 -9999 -9999 -9999 -9999 -9999 -9999 -9999 -9999 -9999 -9999 -9999 -9999 -9999 -9999 -9999 -9999 92.054 92.072 92.008 91.927 92.022 92.176 92.061 91.933 91.901 91.86 91.812 -9999 -9999 91.62 91.542 91.442 91.363 91.293 91.223 91.154 91.132 90.975 90.878 90.917 90.882 90.847 90.708 90.648 90.609 90.491 90.437 90.388 90.329 90.27 90.205 90.134 90.063 89.991 89.918 89.844 89.768 89.695 89.621 89.557 89.515 89.402 89.372 89.368 89.337 89.32 89.306 89.294 89.286
-9999 -9999 -9999 -9999 -9999 -9999 -9999 -9999 -9999 -9999 -9999 -9999 -9999 -9999 -9999 -9999 -9999 -9999 -9999 -9999 91.928 91.959 91.922 91.888 91.897 91.973 91.955 91.893 91.911 91.858 91.752 91.696 91.647 91.584 91.519 91.447 91.368 91.297 91.226 91.159 91.101 90.995 90.945 90.948 90.89 90.839 90.772 90.709 90.643 90.55 90.484 90.426 90.366 90.307 90.247 90.182 90.111 90.041 89.97 89.898 89.824 89.748 89.669 89.59 89.527 89.479 89.438 89.371 89.349 89.326 89.311 89.296 89.282 89.272
-9999 -9999 -9999 -9999 -9999 -9999 -9999 -9999 -9999 -9999 -9999 -9999 -9999 -9999 -9999 -9999 -9999 -9999 -9999 -9999 91.834 91.796 91.794 91.811 91.82 91.815 91.802 91.813 91.802 91.735 91.683 91.624 91.555 91.493 91.431 91.367 91.303 91.238 91.177 91.122 91.068 91.015 90.965 90.916 90.86 90.796 90.729 90.663 90.597 90.532 90.466 90.403 90.343 90.285 90.224 90.158 90.088 90.018 89.948 89.876 89.803 89.728 89.648 89.569 89.501 89.451 89.402 89.363 89.334 89.318 89.302 89.285 89.27 89.257
-9999 -9999 -9999 -9999 -9999 -9999 -9999 -9999 -9999 -9999 -9999 -9999 -9999 -9999 -9999 -9999 -9999 -9999 -9999 -9999 91.712 91.683 91.682 91.711 91.747 91.733 91.696 91.688 91.668 91.637 91.589 91.522 91.459 91.402 91.357 91.311 91.262 91.205 91.147 91.091 91.036 90.983 90.931 90.823 90.598 90.59 90.674 90.617 90.579 90.512 90.442 90.341 90.163 90.207 90.201 90.133 90.063 89.994 89.925 89.854 89.781 89.705 89.625 89.55 89.486 89.43 89.381 89.347 89.326 89.309 89.292 89.273 89.256 89.242
-9999 -9999 -9999 -9999 -9999 -9999 -9999 -9999 -9999 -9999 -9999 -9999 -9999 -9999 -9999 -9999 91.553 91.569 -9999 91.586 91.582 91.582 91.598 91.621 91.603 91.589 91.601 91.589 91.574 91.552 91.507 91.448 91.396 91.354 91.313 91.273 91.228 91.178 91.119 91.063 91.007 90.952 90.9 90.709 90.514 90.565 90.574 90.547 90.553 90.485 90.418 90.41 90.196 90.139 90.176 90.108 90.038 89.97 89.9 89.83 89.757 89.681 89.6 89.53 89.471 89.419 89.379 89.347 89.323 89.3 89.28 89.26 89.241 89.225
-9999 -9999 -9999 -9999 -9999 -9999 -9999 -9999 -9999 -9999 -9999 -9999 -9999 -9999 -9999 -9999 91.458 91.475 91.504 91.51 91.514 91.521 91.529 91.531 91.536 91.54 91.53 91.519 91.507 91.488 91.452 91.403 91.359 91.316 91.274 91.234 91.193 91.146 91.093 91.036 90.98 90.925 90.873 90.746 90.699 90.657 90.513 90.504 90.494 90.425 90.354 90.334 90.305 90.172 90.151 90.081 90.012 89.944 89.875 89.804 89.731 89.654 89.578 89.51 89.458 89.418 89.386 89.359 89.332 89.304 89.277 89.251 89.226 89.208
-9999 -9999 -9999 -9999 -9999 -9999 -9999 -9999 -9999 -9999 -9999 -9999 -9999 -9999 -9999 91.296 91.389 91.418 91.441 91.45 91.456 91.461 91.468 91.475 91.477 91.47 91.462 91.453 91.448 91.44 91.412 91.367 91.321 91.278 91.236 91.195 91.154 91.112 91.065 91.011 90.954 90.9 90.848 90.799 90.75 90.642 90.547 90.515 90.465 90.394 90.323 90.283 90.246 90.188 90.124 90.054 89.985 89.916 89.847 89.777 89.703 89.624 89.553 89.496 89.457 89.424 89.397 89.37 89.342 89.314 89.285 89.255 89.227 89.203
-9999 -9999 -9999 -9999 -9999 -9999 -9999 -9999 -9999 -9999 -9999 -9999 -9999 -9999 -9999 -9999 91.349 91.369 91.374 91.385 91.394 91.4 91.405 91.409 91.404 91.4 91.401 91.402 91.402 91.402 91.391 91.343 91.283 91.26 91.278 91.215 91.115 91.075 91.031 90.984 90.93 90.876 90.823 90.754 90.651 90.539 90.36 90.334 90.355 90.314 90.33 90.266 90.219 90.161 90.096 90.026 89.957 89.887 89.817 89.746 -9999 89.59 89.533 89.496 89.463 89.436 89.408 89.381 89.352 89.323 89.293 89.262 89.234 89.208
-9999 -9999 -9999 -9999 -9999 -9999 -9999 -9999 -9999 -9999 -9999 -9999 -9999 -9999 -9999 91.175 91.251 91.271 91.301 91.317 91.332 91.345 91.356 91.362 91.36 91.354 91.351 91.354 91.356 91.354 91.318 91.273 91.244 91.176 90.974 90.955 91.074 91.034 90.994 90.951 90.904 90.85 90.797 90.726 90.702 90.598 90.579 90.548 90.429 90.398 90.314 90.25 90.192 90.132 90.066 89.996 89.926 89.855 89.783 89.709 89.631 -9999 89.513 -9999 89.474 -9999 89.419 -9999 89.362 89.332 89.301 89.269 89.24 89.214
-9999 -9999 -9999 -9999 -9999 -9999 -9999 -9999 -9999 -9999 -9999 -9999 -9999 -9999 -9999 91.106 91.188 91.231 91.288 91.299 91.293 91.309 91.324 91.333 91.33 91.319 91.311 91.305 91.306 91.296 91.276 91.244 91.202 91.072 91.028 91.072 91.031 90.979 90.906 90.89 90.914 90.857 90.769 90.731 90.677 90.652 90.619 90.531 90.462 90.375 90.286 90.223 90.163 90.102 90.035 89.964 89.892 89.819 89.745 89.673 89.593 -9999 -9999 89.502 89.485 -9999 -9999 89.4 89.371 89.34 -9999 -9999 -9999 -9999
-9999 -9999 -9999 -9999 -9999 -9999 -9999 -9999 -9999 -9999 -9999 -9999 -9999 -9999 90.869 91.132 91.168 91.221 91.264 91.265 91.26 91.278 91.294 91.304 91.302 91.29 91.278 91.268 91.26 91.252 91.234 91.197 91.157 91.113 91.069 91.027 90.986 90.927 90.886 90.875 90.815 90.761 90.737 90.685 90.63 90.584 90.518 90.459 90.396 90.316 90.256 90.193 90.132 90.07 90.002 89.928 89.854 89.778 -9999 -9999 -9999 89.56 -9999 -9999 -9999 -9999 -9999 -9999 89.379 -9999 -9999 -9999 -9999 -9999
