Validation/Results/raw data/ReClimate_08_2024_1.asc
NCOLS 192
NROWS 249
XLLCENTER -225160.85627316462
YLLCENTER 29788.11610251502
CELLSIZE 5000.0
NODATA_VALUE -9999
[rows 132 to 164 of 249, columns 74 to 147 of 192]
-9999 -9999 -9999 -9999 -9999 -9999 -9999 -9999 -9999 -9999 -9999 -9999 -9999 106.665 106.776 106.849 106.903 106.936 106.938 106.938 106.935 106.929 106.921 106.912 106.9 106.908 106.923 106.875 106.744 106.547 106.342 106.15 105.973 105.808 105.649 105.493 105.335 105.174 105.008 104.838 104.664 104.488 104.306 104.072 103.751 103.436 103.138 102.904 102.691 102.482 102.274 102.073 101.881 101.697 101.52 101.349 101.184 101.024 -9999 -9999 -9999 -9999 -9999 -9999 -9999 -9999 -9999 -9999 -9999 -9999 -9999 -9999 -9999 -9999
104.787 -9999 -9999 -9999 -9999 -9999 -9999 -9999 -9999 -9999 -9999 -9999 -9999 106.565 106.646 106.716 106.78 106.821 106.838 106.837 106.834 106.828 106.819 106.808 106.796 106.797 106.781 106.732 106.606 106.41 106.217 106.036 105.865 105.694 105.53 105.369 105.207 105.044 104.878 104.708 104.535 104.359 104.16 103.868 103.551 103.24 102.963 102.734 102.514 102.301 102.098 101.908 101.724 101.548 101.379 101.216 101.059 100.905 -9999 -9999 -9999 -9999 -9999 -9999 -9999 -9999 -9999 -9999 -9999 -9999 -9999 -9999 -9999 -9999
104.717 -9999 -9999 -9999 -9999 -9999 -9999 -9999 -9999 -9999 -9999 -9999 106.334 106.442 106.516 106.585 106.651 106.705 106.737 106.736 106.732 106.725 106.716 106.704 106.69 106.674 106.656 106.603 106.453 106.258 106.069 105.892 105.72 105.555 105.394 105.235 105.075 104.911 104.744 104.574 104.4 104.222 103.981 103.641 103.306 103.002 102.764 102.539 102.326 102.123 101.931 101.747 101.573 101.404 101.242 101.086 100.935 100.788 100.671 -9999 -9999 -9999 -9999 -9999 -9999 -9999 -9999 -9999 -9999 -9999 -9999 -9999 -9999 -9999
104.639 -9999 -9999 -9999 -9999 -9999 -9999 -9999 -9999 -9999 -9999 106.094 -9999 106.313 106.387 106.456 106.522 106.584 106.621 106.634 106.629 106.622 106.612 106.599 106.583 106.565 106.545 106.473 106.301 106.102 105.912 105.733 105.563 105.398 105.237 105.077 104.917 104.754 104.588 104.42 104.242 104.022 103.702 103.357 103.042 102.798 102.572 102.359 102.156 101.963 101.779 101.604 101.434 101.272 101.116 100.965 100.82 100.679 100.556 -9999 -9999 -9999 -9999 -9999 -9999 -9999 -9999 -9999 -9999 -9999 -9999 -9999 -9999 -9999
104.556 104.645 -9999 -9999 -9999 -9999 -9999 -9999 -9999 -9999 -9999 105.975 -9999 106.183 106.258 106.328 106.393 106.455 106.504 106.53 106.524 106.516 106.505 106.491 106.474 106.454 106.431 106.343 106.15 105.945 105.754 -9999 -9999 -9999 -9999 -9999 -9999 104.587 104.418 104.226 104.008 103.746 103.408 103.09 102.838 102.612 102.398 102.195 102.001 101.816 101.638 101.468 101.305 101.148 100.997 100.851 100.711 100.575 100.45 100.386 -9999 -9999 -9999 -9999 -9999 -9999 -9999 -9999 -9999 -9999 -9999 -9999 -9999 -9999
104.467 104.556 104.645 -9999 -9999 -9999 -9999 -9999 -9999 -9999 -9999 105.858 105.971 106.052 106.127 106.198 106.264 106.325 106.382 106.413 106.416 106.407 106.395 106.379 106.361 106.339 106.311 106.202 105.995 105.788 105.596 -9999 -9999 -9999 -9999 104.744 104.582 104.407 104.192 103.97 103.747 103.459 103.139 102.882 102.655 102.44 102.237 102.042 101.857 101.678 101.507 101.343 101.185 101.032 100.885 100.743 100.608 100.477 100.354 100.241 -9999 -9999 -9999 -9999 -9999 -9999 -9999 -9999 -9999 -9999 -9999 -9999 -9999 -9999
104.415 104.46 104.549 104.637 -9999 -9999 -9999 -9999 -9999 -9999 -9999 105.722 105.834 105.916 -9999 -9999 106.131 106.193 106.25 106.29 -9999 106.292 106.28 106.263 106.243 106.219 106.183 106.054 105.839 -9999 -9999 -9999 -9999 -9999 104.741 104.573 104.385 104.155 103.933 103.716 103.481 103.19 102.931 102.702 102.486 102.282 102.087 101.901 101.722 101.55 101.384 101.224 101.071 100.922 100.779 100.641 100.509 100.383 100.26 100.141 -9999 -9999 -9999 -9999 -9999 -9999 -9999 -9999 -9999 -9999 -9999 -9999 -9999 -9999
104.384 104.41 104.45 104.546 -9999 -9999 -9999 -9999 -9999 -9999 -9999 -9999 105.682 105.773 -9999 -9999 -9999 106.055 106.113 106.161 106.183 -9999 -9999 106.139 106.119 106.094 106.048 105.908 -9999 -9999 -9999 -9999 -9999 104.743 104.568 104.36 104.124 103.897 103.679 103.467 103.233 102.986 102.753 102.536 102.331 102.135 101.948 101.768 101.596 101.429 101.268 101.114 100.964 100.819 100.678 100.543 100.414 100.292 100.175 100.057 -9999 -9999 -9999 -9999 -9999 -9999 -9999 -9999 -9999 -9999 -9999 -9999 -9999 -9999
104.379 104.381 104.411 -9999 -9999 -9999 -9999 -9999 -9999 -9999 -9999 -9999 -9999 105.621 -9999 -9999 -9999 -9999 105.97 106.023 106.048 -9999 -9999 -9999 105.899 105.958 -9999 -9999 -9999 -9999 -9999 -9999 -9999 104.563 104.343 104.097 103.865 103.643 103.432 103.244 103.05 102.81 102.589 102.382 102.185 101.997 101.817 101.643 101.476 101.314 101.158 101.008 100.863 100.721 100.584 100.45 100.322 100.205 100.093 99.979 -9999 -9999 -9999 -9999 -9999 -9999 -9999 -9999 -9999 -9999 -9999 -9999 -9999 -9999
104.376 104.378 -9999 -9999 -9999 -9999 -9999 -9999 -9999 -9999 -9999 -9999 -9999 105.443 -9999 -9999 -9999 -9999 -9999 105.87 105.902 -9999 -9999 -9999 -9999 -9999 -9999 -9999 -9999 -9999 -9999 -9999 -9999 104.334 104.076 103.836 103.608 103.399 103.229 103.078 102.876 102.648 102.438 102.239 102.049 101.867 101.692 101.523 101.361 101.204 101.053 100.908 100.766 100.628 100.495 100.366 100.242 100.126 100.015 99.904 99.783 -9999 -9999 -9999 -9999 -9999 -9999 -9999 -9999 -9999 -9999 -9999 -9999 -9999
104.373 -9999 104.376 104.377 104.397 104.398 -9999 -9999 -9999 -9999 -9999 -9999 -9999 105.284 -9999 -9999 -9999 -9999 -9999 -9999 -9999 -9999 -9999 -9999 -9999 -9999 -9999 -9999 -9999 -9999 -9999 -9999 104.335 104.06 103.809 103.578 103.379 103.219 103.073 102.918 102.714 102.498 102.296 102.103 101.919 101.743 101.573 101.41 101.253 101.101 100.953 100.806 100.662 100.525 100.394 100.268 100.147 100.033 99.922 99.813 99.702 99.586 -9999 -9999 -9999 -9999 -9999 -9999 -9999 -9999 -9999 -9999 -9999 -9999
104.37 104.371 104.373 104.374 104.375 104.377 -9999 -9999 -9999 -9999 -9999 -9999 -9999 -9999 -9999 -9999 -9999 -9999 -9999 -9999 -9999 -9999 -9999 -9999 -9999 -9999 -9999 -9999 -9999 -9999 -9999 104.262 104.05 103.787 103.563 103.378 103.216 103.065 102.924 102.766 102.562 102.354 102.16 101.974 101.797 101.627 101.464 101.306 101.148 100.993 100.842 100.696 100.558 100.422 100.293 100.167 100.046 99.933 99.823 99.715 99.606 99.495 -9999 -9999 -9999 -9999 -9999 -9999 -9999 -9999 -9999 -9999 -9999 -9999
104.367 104.368 104.37 104.371 -9999 104.374 104.375 -9999 -9999 -9999 -9999 -9999 -9999 -9999 -9999 -9999 -9999 -9999 -9999 -9999 -9999 -9999 -9999 -9999 -9999 -9999 -9999 -9999 -9999 -9999 -9999 104.028 103.798 103.579 103.391 103.219 103.061 102.912 102.774 102.615 102.415 102.215 102.028 101.85 101.68 101.514 101.346 101.181 101.023 100.871 100.727 100.588 100.456 100.326 100.201 100.08 99.961 99.845 99.731 99.619 99.51 99.416 99.353 99.33 -9999 -9999 -9999 -9999 -9999 -9999 -9999 -9999 -9999 -9999
104.364 104.366 104.367 104.368 -9999 -9999 104.372 -9999 -9999 -9999 -9999 -9999 -9999 -9999 -9999 -9999 -9999 -9999 -9999 -9999 -9999 -9999 -9999 -9999 -9999 -9999 -9999 -9999 -9999 -9999 -9999 103.843 103.619 103.414 103.228 103.057 102.9 102.758 102.626 102.469 102.273 102.08 101.9 101.726 101.549 101.374 101.206 101.048 100.897 100.753 100.615 100.484 100.356 100.233 100.113 99.996 99.881 99.767 99.654 99.539 99.426 99.349 99.306 99.279 99.253 99.226 99.249 -9999 -9999 -9999 -9999 -9999 -9999 -9999
104.361 104.363 104.364 104.365 104.366 -9999 104.292 -9999 -9999 -9999 -9999 -9999 -9999 -9999 -9999 -9999 -9999 -9999 -9999 -9999 -9999 -9999 -9999 -9999 -9999 -9999 -9999 -9999 -9999 -9999 103.825 103.668 103.449 103.241 103.056 102.892 102.743 102.607 102.481 102.328 102.136 101.947 101.763 101.574 101.396 101.228 101.069 100.919 100.775 100.638 100.507 100.38 100.259 100.14 100.025 99.912 99.8 99.69 99.579 99.467 99.379 99.314 99.273 99.24 99.213 99.185 99.155 99.13 99.193 -9999 -9999 -9999 -9999 -9999
104.358 104.36 104.361 104.347 -9999 104.198 -9999 -9999 -9999 -9999 -9999 -9999 -9999 -9999 -9999 -9999 -9999 -9999 -9999 -9999 -9999 -9999 -9999 -9999 -9999 -9999 -9999 -9999 -9999 -9999 -9999 103.442 103.265 103.064 102.888 102.732 102.59 102.46 102.338 102.189 101.998 101.794 101.597 101.415 101.246 101.087 100.936 100.793 100.656 100.525 100.4 100.28 100.162 100.048 99.937 99.827 99.719 99.611 99.503 99.412 99.343 99.294 99.245 99.196 99.151 99.117 99.088 99.06 99.033 99.022 -9999 -9999 -9999 -9999
104.355 104.347 104.3 104.202 104.097 103.991 -9999 -9999 -9999 -9999 -9999 -9999 -9999 -9999 -9999 -9999 -9999 -9999 -9999 -9999 -9999 -9999 -9999 -9999 -9999 -9999 -9999 -9999 -9999 -9999 -9999 -9999 103.016 102.87 102.725 102.575 102.44 102.314 102.197 102.045 101.829 101.622 101.434 101.262 101.101 100.95 100.806 100.67 100.54 100.414 100.294 100.178 100.066 99.956 99.848 99.742 99.637 99.532 99.437 99.36 99.301 99.251 99.2 99.148 99.098 99.048 99.011 98.982 98.955 98.926 98.883 -9999 -9999 -9999
104.331 104.237 104.125 104.013 103.899 -9999 -9999 -9999 -9999 -9999 -9999 -9999 -9999 -9999 -9999 -9999 -9999 -9999 -9999 -9999 -9999 -9999 -9999 -9999 -9999 -9999 -9999 -9999 -9999 -9999 -9999 -9999 102.781 102.64 102.527 102.416 102.291 102.168 102.041 101.858 101.653 101.455 101.277 101.113 100.96 100.816 100.679 100.549 100.424 100.304 100.189 100.077 99.969 99.863 99.759 99.655 99.552 99.449 99.368 99.305 99.25 99.197 99.146 99.096 99.046 98.996 98.947 98.905 98.874 98.844 98.823 98.795 -9999 -9999
104.181 104.062 103.942 103.822 103.687 -9999 -9999 -9999 -9999 -9999 -9999 -9999 -9999 -9999 -9999 -9999 -9999 -9999 -9999 -9999 -9999 -9999 -9999 -9999 -9999 -9999 -9999 -9999 -9999 -9999 -9999 -9999 -9999 102.405 102.31 102.22 102.127 102.006 101.844 101.673 101.482 101.294 101.124 100.967 100.821 100.684 100.554 100.429 100.31 100.195 100.084 99.977 99.872 99.769 99.668 99.559 99.455 99.373 99.304 99.249 99.195 99.143 99.093 99.043 98.994 98.944 98.894 98.842 98.795 98.759 98.736 98.735 -9999 -9999
104.01 -9999 -9999 -9999 -9999 -9999 -9999 -9999 -9999 -9999 -9999 -9999 -9999 -9999 -9999 -9999 -9999 -9999 -9999 -9999 -9999 -9999 -9999 -9999 -9999 -9999 -9999 -9999 -9999 -9999 -9999 -9999 -9999 102.184 102.082 102.013 101.923 101.788 101.65 101.492 101.315 101.136 100.974 100.825 100.686 100.554 100.43 100.31 100.196 100.085 99.978 99.875 99.773 99.67 99.558 99.457 99.373 99.304 99.248 99.193 99.141 99.09 99.04 98.99 98.941 98.891 98.84 98.787 98.731 98.677 98.654 98.653 98.659 -9999
103.836 -9999 -9999 -9999 -9999 -9999 -9999 -9999 -9999 -9999 -9999 -9999 -9999 -9999 -9999 -9999 -9999 -9999 -9999 -9999 -9999 -9999 -9999 -9999 -9999 -9999 -9999 -9999 -9999 -9999 -9999 -9999 -9999 -9999 101.858 101.787 101.671 101.559 101.444 101.314 101.153 100.982 100.827 100.685 100.552 100.426 100.307 100.192 100.082 99.976 99.872 99.771 99.665 99.552 99.455 99.373 99.305 99.247 99.192 99.138 99.087 99.036 98.986 98.937 98.887 98.837 98.785 98.731 98.673 98.613 98.577 98.576 98.582 -9999
103.655 -9999 -9999 -9999 -9999 -9999 -9999 -9999 -9999 -9999 -9999 -9999 -9999 -9999 -9999 -9999 -9999 -9999 -9999 -9999 -9999 -9999 -9999 -9999 -9999 -9999 -9999 -9999 -9999 -9999 -9999 -9999 -9999 -9999 101.61 -9999 101.422 101.325 101.231 101.125 -9999 100.83 100.683 100.547 100.419 100.299 100.184 100.074 99.968 99.865 99.765 99.657 99.546 99.454 99.373 99.306 99.247 99.19 99.136 99.083 99.032 98.982 98.933 98.883 98.833 98.782 98.728 98.673 98.613 98.559 98.517 98.502 98.503 98.508
-9999 -9999 -9999 -9999 -9999 -9999 -9999 -9999 -9999 -9999 -9999 -9999 -9999 -9999 -9999 -9999 -9999 -9999 -9999 -9999 -9999 -9999 -9999 -9999 -9999 -9999 -9999 -9999 -9999 -9999 -9999 -9999 -9999 -9999 -9999 101.282 101.182 -9999 -9999 -9999 -9999 100.683 100.539 100.409 100.288 100.172 100.062 99.956 99.854 99.754 99.651 99.536 99.456 99.375 99.308 99.242 99.179 99.12 99.064 99.01 98.959 98.908 98.859 98.81 98.762 98.712 98.661 98.608 98.551 98.503 98.469 98.438 98.425 98.427
-9999 -9999 -9999 -9999 -9999 -9999 -9999 -9999 -9999 -9999 -9999 -9999 -9999 -9999 -9999 -9999 -9999 -9999 -9999 -9999 -9999 -9999 -9999 -9999 -9999 -9999 -9999 -9999 -9999 -9999 -9999 -9999 -9999 -9999 -9999 101.101 100.951 -9999 -9999 -9999 -9999 100.534 100.411 100.289 100.173 100.062 99.954 99.849 99.746 99.644 99.54 99.456 99.372 99.295 99.224 99.158 99.094 99.035 98.979 98.925 98.873 98.823 98.773 98.724 98.675 98.625 98.574 98.52 98.471 98.433 98.41 98.385 98.354 98.346
-9999 -9999 -9999 -9999 -9999 -9999 -9999 -9999 -9999 -9999 -9999 -9999 -9999 -9999 -9999 -9999 -9999 -9999 -9999 -9999 -9999 -9999 -9999 -9999 -9999 -9999 -9999 -9999 -9999 -9999 -9999 -9999 -9999 -9999 -9999 100.986 -9999 -9999 -9999 -9999 100.493 100.403 100.296 100.183 100.073 99.966 99.862 99.766 99.684 99.584 99.481 99.382 99.286 99.205 99.133 99.066 99.005 98.947 98.891 98.838 98.787 98.737 98.687 98.637 98.587 98.535 98.482 98.426 98.383 98.353 98.331 98.307 98.281 98.262
-9999 -9999 -9999 -9999 -9999 -9999 -9999 -9999 -9999 -9999 -9999 -9999 -9999 -9999 -9999 -9999 -9999 -9999 -9999 -9999 -9999 -9999 -9999 -9999 -9999 -9999 -9999 -9999 -9999 -9999 -9999 -9999 -9999 -9999 -9999 -9999 -9999 -9999 -9999 -9999 100.345 100.273 100.181 100.084 99.985 99.904 99.824 99.748 99.641 99.526 99.418 99.317 99.222 99.132 99.051 98.979 98.917 98.86 98.806 98.753 98.702 98.651 98.601 98.55 98.498 98.445 98.389 98.338 98.299 98.274 98.249 98.223 98.194 98.162
-9999 -9999 -9999 -9999 -9999 -9999 -9999 -9999 -9999 -9999 -9999 -9999 -9999 -9999 -9999 -9999 -9999 -9999 -9999 -9999 -9999 -9999 -9999 -9999 -9999 -9999 -9999 -9999 -9999 -9999 -9999 -9999 -9999 -9999 -9999 -9999 -9999 -9999 -9999 -9999 100.227 100.178 100.118 100.045 99.975 99.899 99.811 99.702 99.581 99.468 99.363 99.263 99.17 99.081 98.996 98.916 98.841 98.777 98.722 98.67 98.618 98.567 98.515 98.463 98.41 98.354 98.296 98.253 98.222 98.196 98.168 98.139 98.107 98.072
-9999 -9999 -9999 -9999 -9999 -9999 -9999 -9999 -9999 -9999 -9999 -9999 -9999 -9999 -9999 -9999 -9999 -9999 -9999 -9999 -9999 -9999 -9999 -9999 -9999 -9999 -9999 -9999 -9999 -9999 -9999 -9999 -9999 -9999 -9999 -9999 -9999 -9999 -9999 100.223 100.19 100.154 100.109 100.049 99.976 99.877 99.772 99.645 99.528 99.418 99.314 99.215 99.121 99.032 98.948 98.869 98.793 98.717 98.646 98.587 98.535 98.483 98.43 98.376 98.321 98.263 98.213 98.174 98.146 98.118 98.088 98.056 98.021 97.982
-9999 -9999 -9999 -9999 -9999 -9999 -9999 -9999 -9999 -9999 -9999 -9999 -9999 -9999 -9999 -9999 -9999 -9999 -9999 -9999 -9999 -9999 -9999 -9999 -9999 -9999 -9999 -9999 -9999 -9999 -9999 -9999 -9999 -9999 -9999 -9999 -9999 -9999 -9999 100.209 100.178 100.147 100.102 100.035 99.942 99.844 99.72 99.597 99.482 99.373 99.27 99.172 99.077 98.987 98.903 98.825 98.75 98.675 98.599 98.521 98.456 98.399 98.345 98.289 98.231 98.176 98.133 98.101 98.071 98.04 98.008 97.972 97.934 97.892
-9999 -9999 -9999 -9999 -9999 -9999 -9999 -9999 -9999 -9999 -9999 -9999 -9999 -9999 -9999 -9999 -9999 -9999 -9999 -9999 -9999 -9999 -9999 -9999 -9999 -9999 -9999 -9999 -9999 -9999 -9999 -9999 -9999 -9999 -9999 -9999 -9999 -9999 100.227 100.2 100.172 100.137 100.076 99.998 99.912 99.807 99.676 99.556 99.442 99.335 99.233 99.134 99.038 98.945 98.86 98.783 98.71 98.635 98.559 98.48 98.398 98.321 98.259 98.201 98.142 98.096 98.059 98.028 97.996 97.962 97.927 97.889 97.847 97.801
-9999 -9999 -9999 -9999 -9999 -9999 -9999 -9999 -9999 -9999 -9999 -9999 -9999 -9999 -9999 -9999 -9999 -9999 -9999 -9999 -9999 -9999 -9999 -9999 -9999 -9999 -9999 -9999 -9999 -9999 -9999 -9999 -9999 -9999 -9999 -9999 -9999 -9999 100.22 100.196 100.164 100.105 100.036 99.963 99.88 99.762 99.639 99.521 99.41 99.303 99.201 99.103 99.006 98.913 98.826 98.748 98.674 98.598 98.521 98.44 98.356 98.268 98.18 98.111 98.062 98.021 97.989 97.955 97.921 97.884 97.845 97.804 97.759 97.71
-9999 -9999 -9999 -9999 -9999 -9999 -9999 -9999 -9999 -9999 -9999 -9999 -9999 -9999 -9999 -9999 -9999 -9999 -9999 -9999 -9999 -9999 -9999 -9999 -9999 -9999 -9999 -9999 -9999 -9999 -9999 -9999 -9999 -9999 -9999 -9999 -9999 -9999 100.218 100.19 100.133 100.066 100.0 99.933 99.844 99.726 99.609 99.493 99.383 99.277 99.176 99.077 98.981 98.889 98.801 98.72 98.642 98.564 98.484 98.401 98.315 98.225 98.129 98.042 97.989 97.953 97.918 97.882 97.844 97.805 97.763 97.718 97.669 97.616
-9999 -9999 -9999 -9999 -9999 -9999 -9999 -9999 -9999 -9999 -9999 -9999 -9999 -9999 -9999 -9999 -9999 -9999 -9999 -9999 -9999 -9999 -9999 -9999 -9999 -9999 -9999 -9999 -9999 -9999 -9999 -9999 -9999 -9999 -9999 -9999 -9999 -9999 -9999 100.158 100.098 100.034 99.972 99.903 99.804 99.696 99.584 99.47 99.361 99.256 99.155 99.056 98.961 98.868 98.779 98.695 98.612 98.53 98.447 98.362 98.273 98.18 98.093 98.009 97.932 97.884 97.846 97.807 97.766 97.724 97.679 97.63 -9999 97.52
