Validation/Results/raw data/ReClimate_03_2024_2_Precipitation-Actuals.asc
NCOLS 192
NROWS 249
XLLCENTER -225160.85627316462
YLLCENTER 29788.11610251502
CELLSIZE 5000.0
NODATA_VALUE -9999
[rows 99 to 131 of 249, columns 75 to 149 of 192]
131.033 134.4 134.918 148.646 159.476 161.312 160.936 -9999 -9999 126.024 158.359 165.971 179.253 170.783 186.956 178.24 145.75 138.21 125.302 123.073 122.247 115.362 103.177 93.905 88.923 78.62 78.342 75.849 73.427 73.418 71.795 70.757 69.689 65.847 62.582 55.994 52.059 51.752 54.534 53.751 52.279 52.245 52.123 49.524 -9999 -9999 -9999 -9999 -9999 -9999 -9999 -9999 -9999 -9999 -9999 -9999 -9999 -9999 -9999 -9999 -9999 -9999 -9999 -9999 -9999 -9999 -9999 -9999 -9999 -9999 -9999 -9999 -9999 -9999 -9999
140.937 128.188 -9999 -9999 138.33 149.031 -9999 -9999 -9999 118.256 151.319 193.687 184.966 202.806 176.29 149.772 144.894 151.051 148.754 133.101 128.544 112.042 110.835 108.983 93.794 78.265 87.109 95.028 93.566 82.76 75.438 68.197 65.134 56.697 53.777 51.679 52.956 58.019 57.7 57.806 57.555 56.49 50.611 47.338 -9999 -9999 -9999 -9999 -9999 -9999 -9999 -9999 -9999 -9999 -9999 -9999 -9999 -9999 -9999 -9999 -9999 -9999 -9999 -9999 -9999 -9999 -9999 -9999 -9999 -9999 -9999 -9999 -9999 -9999 -9999
-9999 131.785 136.182 148.339 -9999 -9999 -9999 -9999 124.839 126.061 166.543 171.644 173.564 182.971 165.595 159.181 163.102 181.605 159.899 155.247 121.774 116.219 115.75 97.216 82.934 96.011 113.239 112.058 93.235 86.112 77.87 70.8 60.545 55.192 54.053 57.675 62.982 55.978 55.583 56.802 57.543 53.25 47.326 -9999 -9999 -9999 -9999 -9999 -9999 -9999 -9999 -9999 -9999 -9999 -9999 -9999 -9999 -9999 -9999 -9999 -9999 -9999 -9999 -9999 -9999 -9999 -9999 -9999 -9999 -9999 -9999 -9999 -9999 -9999 -9999
157.435 184.53 200.505 207.692 165.19 142.48 -9999 -9999 120.099 -9999 -9999 132.328 183.182 178.319 153.498 165.505 208.022 213.103 183.671 166.63 136.969 119.23 100.025 102.07 111.017 121.524 117.14 106.654 106.587 95.72 78.034 65.921 58.726 56.031 58.729 64.987 55.636 53.451 52.769 52.914 51.232 49.54 -9999 -9999 -9999 -9999 -9999 -9999 -9999 -9999 -9999 -9999 -9999 -9999 -9999 -9999 -9999 -9999 -9999 -9999 -9999 -9999 -9999 -9999 -9999 -9999 -9999 -9999 -9999 -9999 -9999 -9999 -9999 -9999 -9999
152.045 176.36 209.655 181.188 -9999 -9999 -9999 120.793 132.377 131.584 137.119 146.309 155.216 136.901 141.801 170.433 201.386 178.915 155.538 146.964 130.623 121.42 120.42 107.17 117.476 107.831 106.149 108.723 96.75 84.316 71.398 62.518 58.248 56.49 59.018 53.462 50.414 -9999 -9999 49.21 -9999 -9999 -9999 -9999 -9999 -9999 -9999 -9999 -9999 -9999 -9999 -9999 -9999 -9999 -9999 -9999 -9999 -9999 -9999 -9999 -9999 -9999 -9999 -9999 -9999 -9999 -9999 -9999 -9999 -9999 -9999 -9999 -9999 -9999 -9999
143.336 172.672 -9999 162.326 -9999 -9999 -9999 126.097 141.207 144.58 138.572 129.593 136.857 148.067 166.095 181.056 175.188 160.68 159.207 166.86 151.491 118.773 107.25 116.232 118.722 100.868 86.042 79.19 75.316 68.202 61.3 59.248 55.786 53.393 52.903 49.718 -9999 52.694 49.212 47.37 50.486 -9999 -9999 -9999 -9999 -9999 -9999 -9999 -9999 -9999 -9999 -9999 -9999 -9999 -9999 -9999 -9999 -9999 -9999 -9999 -9999 -9999 -9999 -9999 -9999 -9999 -9999 -9999 -9999 -9999 -9999 -9999 -9999 -9999 -9999
125.284 -9999 -9999 -9999 -9999 130.323 132.132 142.57 144.939 151.499 140.994 149.249 165.842 164.706 169.266 170.195 183.046 167.071 170.795 155.982 143.943 126.631 132.253 137.801 110.353 93.133 88.502 80.811 69.029 61.545 56.292 53.062 53.977 53.544 -9999 53.327 53.329 49.616 49.314 47.95 51.724 -9999 -9999 -9999 -9999 -9999 -9999 -9999 -9999 -9999 -9999 -9999 -9999 -9999 -9999 -9999 -9999 -9999 -9999 -9999 -9999 -9999 -9999 -9999 -9999 -9999 -9999 -9999 -9999 -9999 -9999 -9999 -9999 -9999 -9999
-9999 -9999 -9999 -9999 -9999 133.704 118.573 125.983 150.508 159.46 150.426 157.489 146.934 143.043 162.209 194.87 187.995 166.092 162.455 155.844 130.767 128.207 143.59 118.839 117.454 115.416 92.888 77.248 72.413 67.054 62.405 62.867 63.821 64.84 61.928 56.361 53.78 52.553 55.799 54.492 55.413 52.506 -9999 -9999 -9999 -9999 -9999 -9999 -9999 -9999 -9999 -9999 -9999 -9999 -9999 -9999 -9999 -9999 -9999 -9999 -9999 -9999 -9999 -9999 -9999 -9999 -9999 -9999 -9999 -9999 -9999 -9999 -9999 -9999 -9999
-9999 -9999 -9999 -9999 127.355 -9999 -9999 132.187 153.664 154.948 159.793 148.88 -9999 -9999 174.855 202.861 201.115 163.886 154.994 140.227 125.369 126.846 119.384 112.103 102.394 87.035 77.332 76.514 80.119 86.714 87.696 78.534 71.908 64.074 63.677 61.365 54.836 59.525 56.805 60.797 58.431 53.96 51.877 -9999 -9999 -9999 -9999 -9999 -9999 -9999 -9999 -9999 -9999 -9999 -9999 -9999 -9999 -9999 -9999 -9999 -9999 -9999 -9999 -9999 -9999 -9999 -9999 -9999 -9999 -9999 -9999 -9999 -9999 -9999 -9999
-9999 -9999 -9999 -9999 119.871 -9999 118.025 125.243 134.924 164.521 168.775 137.852 140.402 162.353 180.565 185.036 152.895 159.113 169.574 133.911 123.01 115.923 107.383 91.777 81.244 73.156 75.538 83.79 103.954 105.563 89.756 78.996 66.031 62.67 62.541 60.125 58.476 55.97 54.332 53.129 52.789 50.704 -9999 -9999 -9999 -9999 -9999 -9999 -9999 -9999 -9999 -9999 -9999 -9999 -9999 -9999 -9999 -9999 -9999 -9999 -9999 -9999 -9999 -9999 -9999 -9999 -9999 -9999 -9999 -9999 -9999 -9999 -9999 -9999 -9999
-9999 -9999 -9999 -9999 112.387 -9999 102.478 99.174 126.474 142.182 127.909 -9999 166.502 162.516 -9999 159.245 156.347 161.464 137.615 140.341 116.202 102.579 84.353 78.036 73.159 73.161 69.128 81.111 78.027 73.413 72.142 69.352 66.454 62.286 62.238 59.086 55.987 53.235 -9999 -9999 -9999 -9999 -9999 -9999 -9999 -9999 -9999 -9999 -9999 -9999 -9999 -9999 -9999 -9999 -9999 -9999 -9999 -9999 -9999 -9999 -9999 -9999 -9999 -9999 -9999 -9999 -9999 -9999 -9999 -9999 -9999 -9999 -9999 -9999 -9999
-9999 -9999 101.564 105.306 -9999 -9999 89.432 108.002 120.906 116.006 128.063 164.747 161.225 171.938 -9999 121.737 131.292 132.198 124.061 111.868 109.693 88.977 87.178 86.242 85.865 79.834 69.749 64.158 60.994 62.838 62.47 64.818 65.795 63.953 64.128 59.647 54.519 -9999 -9999 -9999 -9999 -9999 -9999 -9999 -9999 -9999 -9999 -9999 -9999 -9999 -9999 -9999 -9999 -9999 -9999 -9999 -9999 -9999 -9999 -9999 -9999 -9999 -9999 -9999 -9999 -9999 -9999 -9999 -9999 -9999 -9999 -9999 -9999 -9999 -9999
-9999 90.358 96.251 100.555 -9999 97.943 111.995 126.738 115.948 -9999 147.508 150.451 165.839 166.63 -9999 121.236 129.429 115.009 94.871 96.357 88.929 93.099 104.404 93.075 97.172 87.208 77.746 67.787 -9999 55.135 56.406 58.248 58.892 60.873 61.953 57.843 -9999 -9999 -9999 -9999 -9999 -9999 -9999 -9999 -9999 -9999 -9999 -9999 -9999 -9999 -9999 -9999 -9999 -9999 -9999 -9999 -9999 -9999 -9999 -9999 -9999 -9999 -9999 -9999 -9999 -9999 -9999 -9999 -9999 -9999 -9999 -9999 -9999 -9999 -9999
-9999 85.051 91.965 -9999 -9999 110.706 129.135 120.017 -9999 128.159 141.475 149.625 159.382 150.692 -9999 110.694 100.377 94.516 93.508 93.059 92.418 101.526 113.414 113.929 108.051 97.36 78.814 65.717 57.361 53.648 -9999 -9999 50.989 48.057 -9999 -9999 -9999 -9999 -9999 -9999 46.468 47.427 48.293 -9999 -9999 -9999 -9999 -9999 -9999 -9999 -9999 -9999 -9999 -9999 -9999 -9999 -9999 -9999 -9999 -9999 -9999 -9999 -9999 -9999 -9999 -9999 -9999 -9999 -9999 -9999 -9999 -9999 -9999 -9999 -9999
85.225 96.553 -9999 -9999 105.207 113.668 107.982 120.044 -9999 123.137 136.207 135.487 136.483 143.714 -9999 -9999 -9999 93.734 92.244 95.004 98.024 101.086 103.098 99.331 92.866 83.58 74.353 67.543 62.736 58.179 53.945 52.923 47.528 50.071 -9999 -9999 -9999 -9999 -9999 48.496 46.75 54.17 49.765 48.65 -9999 -9999 -9999 -9999 -9999 -9999 -9999 -9999 -9999 -9999 -9999 -9999 -9999 -9999 -9999 -9999 -9999 -9999 -9999 -9999 -9999 -9999 -9999 -9999 -9999 -9999 -9999 -9999 -9999 -9999 -9999
98.399 97.915 -9999 -9999 -9999 89.557 111.011 112.276 -9999 110.05 -9999 115.96 129.052 118.18 -9999 99.227 102.374 98.252 -9999 85.084 82.614 85.606 84.537 82.055 81.761 78.045 73.563 70.129 67.963 62.643 61.925 57.809 52.219 52.049 50.24 51.849 51.461 -9999 48.539 48.777 51.775 52.112 56.356 60.699 61.656 48.429 -9999 -9999 -9999 -9999 -9999 -9999 -9999 -9999 -9999 -9999 -9999 -9999 -9999 -9999 -9999 -9999 -9999 -9999 -9999 -9999 -9999 -9999 -9999 -9999 -9999 -9999 -9999 -9999 -9999
99.371 -9999 -9999 -9999 -9999 100.61 114.897 100.798 -9999 95.346 -9999 104.193 101.672 -9999 109.562 117.125 123.767 109.321 88.281 78.028 74.54 74.661 73.838 74.518 70.105 71.011 72.146 71.697 69.694 65.778 63.124 57.094 52.644 57.988 59.31 61.49 54.9 54.338 52.877 51.284 51.927 56.008 66.74 70.225 68.314 62.933 54.417 50.828 52.505 -9999 -9999 -9999 -9999 -9999 -9999 -9999 -9999 -9999 -9999 -9999 -9999 -9999 -9999 -9999 -9999 -9999 -9999 -9999 -9999 -9999 -9999 -9999 -9999 -9999 -9999
89.64 -9999 -9999 -9999 -9999 104.493 97.746 101.669 105.871 -9999 -9999 86.558 90.794 -9999 102.633 123.4 136.1 113.538 92.914 79.571 76.733 72.641 72.065 65.271 63.889 65.992 69.166 72.69 71.616 70.603 65.921 63.949 67.22 68.236 72.768 64.333 54.901 52.053 54.288 53.897 60.872 73.327 75.227 71.743 71.289 66.809 65.315 60.449 53.546 52.612 -9999 -9999 -9999 -9999 -9999 -9999 -9999 -9999 -9999 -9999 -9999 -9999 -9999 -9999 -9999 -9999 -9999 -9999 -9999 -9999 -9999 -9999 -9999 -9999 -9999
-9999 -9999 -9999 -9999 -9999 88.151 88.874 105.747 93.207 -9999 -9999 86.675 86.551 -9999 -9999 121.129 120.744 107.522 93.931 91.298 84.409 81.119 74.954 72.68 63.847 62.492 68.517 70.06 74.649 75.49 76.978 72.497 73.264 74.992 68.398 61.374 59.607 59.353 59.833 64.557 73.269 74.723 75.646 71.193 66.841 63.621 59.147 57.744 56.312 53.371 -9999 -9999 -9999 -9999 -9999 -9999 -9999 -9999 -9999 -9999 -9999 -9999 -9999 -9999 -9999 -9999 -9999 -9999 -9999 -9999 -9999 -9999 -9999 -9999 -9999
-9999 -9999 -9999 -9999 -9999 78.518 93.393 100.547 -9999 -9999 -9999 -9999 82.683 -9999 87.088 105.859 106.701 96.37 92.73 96.508 94.767 87.705 82.808 75.668 69.466 65.368 62.839 67.235 71.184 75.064 73.777 73.547 73.478 68.138 65.349 66.523 67.504 72.433 69.59 68.094 67.348 65.467 65.446 65.151 64.353 60.354 53.02 50.486 53.388 52.735 51.906 -9999 -9999 -9999 -9999 -9999 -9999 -9999 -9999 -9999 -9999 -9999 -9999 -9999 -9999 -9999 -9999 -9999 -9999 -9999 -9999 -9999 -9999 -9999 -9999
-9999 -9999 -9999 84.264 83.186 86.16 93.546 -9999 -9999 109.857 -9999 -9999 -9999 -9999 83.346 93.245 93.359 89.559 90.368 92.216 95.322 91.809 91.036 85.069 75.069 67.852 64.426 62.558 65.594 65.471 63.815 67.087 62.943 65.877 72.283 72.888 83.328 85.694 77.771 71.633 62.947 52.446 60.77 60.734 62.702 59.805 52.087 49.27 52.454 51.661 49.949 -9999 -9999 -9999 -9999 -9999 -9999 -9999 -9999 -9999 -9999 -9999 -9999 -9999 -9999 -9999 -9999 -9999 -9999 -9999 -9999 -9999 -9999 -9999 -9999
-9999 -9999 -9999 -9999 88.568 91.212 97.535 -9999 106.735 120.255 122.367 -9999 -9999 -9999 -9999 77.487 79.015 79.386 80.918 84.262 85.975 89.325 88.85 85.251 76.58 69.751 62.896 63.804 60.097 57.316 58.139 66.072 66.334 73.445 67.762 74.125 77.215 79.108 81.045 75.064 61.04 60.719 58.921 56.792 57.486 57.285 51.227 50.36 51.438 53.004 51.682 50.793 -9999 -9999 -9999 -9999 -9999 -9999 -9999 -9999 -9999 -9999 -9999 -9999 -9999 -9999 -9999 -9999 -9999 -9999 -9999 -9999 -9999 -9999 -9999
-9999 -9999 -9999 -9999 88.584 97.003 105.668 -9999 88.72 116.615 125.933 -9999 -9999 -9999 -9999 -9999 69.089 71.287 74.746 80.252 78.341 79.302 83.868 84.635 87.975 81.468 75.128 68.875 62.835 59.413 63.005 64.581 65.494 71.66 70.973 69.757 73.535 73.837 66.155 64.295 60.541 62.732 66.614 57.815 55.986 51.598 49.729 49.085 50.914 53.247 56.371 52.936 50.667 -9999 -9999 -9999 -9999 -9999 -9999 -9999 -9999 -9999 -9999 -9999 -9999 -9999 -9999 -9999 -9999 -9999 -9999 -9999 -9999 -9999 -9999
-9999 -9999 -9999 -9999 91.648 104.994 -9999 -9999 79.878 107.856 122.235 102.286 -9999 -9999 -9999 -9999 -9999 64.441 73.359 76.666 76.541 85.529 93.498 94.066 94.247 88.107 84.306 77.267 73.98 68.862 69.721 71.47 78.76 77.647 88.287 79.359 83.399 73.083 76.955 71.972 62.936 64.927 56.547 53.897 52.186 52.743 54.382 56.998 53.969 55.429 55.692 59.212 53.892 50.792 48.06 -9999 -9999 -9999 -9999 -9999 -9999 -9999 -9999 -9999 -9999 -9999 -9999 -9999 -9999 -9999 -9999 -9999 -9999 -9999 -9999
-9999 -9999 -9999 -9999 98.839 86.494 -9999 -9999 87.698 106.019 107.565 -9999 -9999 -9999 -9999 -9999 -9999 61.75 66.481 70.098 71.558 80.087 81.429 85.182 87.216 86.874 88.376 81.87 78.747 78.113 86.169 96.919 89.464 99.35 101.915 96.523 80.829 80.245 75.414 65.96 63.91 60.513 56.669 56.955 57.03 54.912 55.04 61.029 69.473 67.832 59.56 58.831 58.361 54.169 49.807 -9999 -9999 -9999 -9999 -9999 -9999 -9999 -9999 -9999 -9999 -9999 -9999 -9999 -9999 -9999 -9999 -9999 -9999 -9999 -9999
-9999 -9999 -9999 -9999 90.587 79.719 -9999 -9999 -9999 87.647 91.52 85.489 -9999 -9999 -9999 -9999 -9999 59.33 63.214 64.429 66.756 70.956 74.308 84.31 94.131 98.664 89.808 88.226 82.432 79.56 87.552 91.349 95.754 112.766 104.834 92.165 90.332 81.954 72.323 71.168 65.132 63.082 59.371 55.912 58.752 57.613 60.48 71.704 85.035 79.695 67.626 59.971 59.543 58.064 52.053 -9999 -9999 -9999 -9999 -9999 -9999 -9999 -9999 -9999 -9999 -9999 -9999 -9999 -9999 -9999 -9999 -9999 -9999 -9999 -9999
-9999 -9999 -9999 100.928 88.303 80.166 -9999 -9999 -9999 -9999 -9999 -9999 -9999 -9999 -9999 -9999 -9999 65.628 68.627 67.922 69.043 72.962 76.503 84.624 92.885 97.78 95.65 95.667 98.309 94.033 97.736 101.013 114.512 118.686 116.249 112.944 100.663 88.872 83.174 72.04 69.63 63.117 60.068 61.167 59.229 62.864 69.702 84.524 85.554 81.253 66.202 57.047 55.812 55.189 51.476 46.302 -9999 -9999 -9999 -9999 -9999 -9999 -9999 -9999 -9999 -9999 -9999 -9999 -9999 -9999 -9999 -9999 -9999 -9999 -9999
-9999 -9999 102.037 99.473 91.653 76.687 -9999 -9999 -9999 -9999 -9999 -9999 -9999 -9999 -9999 69.298 67.996 69.746 74.96 78.545 86.507 89.722 97.611 96.106 91.981 86.49 96.585 109.242 108.603 110.633 107.956 101.597 101.689 121.019 114.03 111.411 100.736 93.19 81.914 71.766 66.186 69.722 69.117 62.452 61.891 67.629 76.015 75.021 80.47 78.801 67.134 55.239 52.925 56.005 53.216 47.312 -9999 -9999 -9999 -9999 -9999 -9999 -9999 -9999 -9999 -9999 -9999 -9999 -9999 -9999 -9999 -9999 -9999 -9999 -9999
-9999 -9999 98.723 85.158 73.065 -9999 -9999 -9999 -9999 -9999 -9999 -9999 -9999 -9999 -9999 69.429 68.089 71.141 83.053 91.683 93.28 109.642 119.244 112.655 102.768 101.874 98.134 101.0 110.632 116.419 110.046 97.268 101.925 109.734 117.77 109.416 105.843 95.38 86.24 74.995 75.405 76.115 71.694 69.294 75.925 80.328 78.584 74.083 70.144 67.706 62.035 61.16 60.41 56.987 53.895 46.872 -9999 -9999 -9999 -9999 -9999 -9999 -9999 -9999 -9999 -9999 -9999 -9999 -9999 -9999 -9999 -9999 -9999 -9999 -9999
-9999 -9999 -9999 -9999 -9999 -9999 -9999 -9999 -9999 -9999 -9999 -9999 -9999 -9999 -9999 71.056 71.353 85.907 93.603 97.031 101.732 118.149 124.586 129.476 117.918 104.623 99.11 102.181 110.248 127.858 118.408 96.992 95.284 104.602 112.49 110.702 105.379 101.961 90.631 92.597 94.079 87.267 85.935 87.061 85.551 73.165 72.751 68.734 67.781 67.212 59.09 56.48 56.73 55.309 52.338 48.12 -9999 -9999 -9999 -9999 -9999 -9999 -9999 -9999 -9999 -9999 -9999 -9999 -9999 -9999 -9999 -9999 -9999 -9999 -9999
-9999 -9999 -9999 -9999 -9999 -9999 -9999 -9999 -9999 -9999 -9999 -9999 -9999 -9999 74.621 81.263 90.859 100.532 115.11 101.375 104.912 113.057 127.561 123.039 115.661 106.407 101.348 90.731 96.551 105.152 106.08 96.648 90.417 97.899 105.459 108.005 104.582 101.859 103.837 100.95 108.041 95.623 90.112 97.923 82.727 80.797 73.107 62.53 67.108 66.897 66.055 58.061 54.356 51.675 50.641 48.33 -9999 -9999 -9999 -9999 -9999 -9999 -9999 -9999 -9999 -9999 -9999 -9999 -9999 -9999 -9999 -9999 -9999 -9999 -9999
-9999 -9999 -9999 -9999 -9999 -9999 -9999 -9999 -9999 -9999 -9999 -9999 -9999 -9999 82.267 90.952 100.168 121.026 114.845 106.883 108.39 121.78 111.968 110.208 106.501 105.431 97.501 83.818 85.271 101.914 109.465 94.492 85.942 91.725 97.332 97.424 99.543 106.771 93.637 108.048 99.885 91.481 101.695 88.228 84.761 77.512 66.409 66.773 62.835 61.553 64.991 61.661 59.83 57.069 52.295 48.314 -9999 -9999 -9999 -9999 -9999 -9999 -9999 -9999 -9999 -9999 -9999 -9999 -9999 -9999 -9999 -9999 -9999 -9999 -9999
-9999 -9999 -9999 -9999 -9999 -9999 -9999 -9999 -9999 -9999 -9999 -9999 -9999 78.377 91.772 96.445 112.916 116.556 120.666 127.924 126.356 117.812 105.906 99.982 99.801 102.206 100.865 90.042 88.3 104.962 110.833 87.427 80.214 85.622 94.573 96.249 106.264 95.026 95.802 100.644 89.671 99.402 94.83 81.802 75.493 67.556 70.092 66.963 62.101 63.552 61.128 56.887 61.599 61.28 53.934 48.257 45.393 -9999 -9999 -9999 -9999 -9999 -9999 -9999 -9999 -9999 -9999 -9999 -9999 -9999 -9999 -9999 -9999 -9999 -9999
