Validation/Results/raw data/ReClimate_03_2024_1.asc
NCOLS 192
NROWS 249
XLLCENTER -225160.85627316462
YLLCENTER 29788.11610251502
CELLSIZE 5000.0
NODATA_VALUE -9999
[rows 198 to 230 of 249, columns 74 to 147 of 192]
-9999 -9999 -9999 -9999 -9999 -9999 -9999 -9999 -9999 -9999 -9999 -9999 -9999 -9999 -9999 -9999 -9999 -9999 108.064 108.529 108.656 108.78 108.884 108.876 108.845 107.679 106.518 107.955 109.394 109.463 109.532 109.602 109.674 109.75 109.833 109.91 109.972 110.029 110.083 110.134 110.18 110.218 110.254 110.292 110.331 110.371 110.412 110.441 110.458 110.473 110.473 110.45 110.424 110.396 110.365 110.334 110.302 110.262 110.212 110.158 110.102 110.016 109.916 109.816 109.712 109.607 109.495 109.374 109.242 109.127 109.033 108.963 108.898 108.843
-9999 -9999 -9999 -9999 -9999 -9999 -9999 -9999 -9999 -9999 -9999 -9999 -9999 -9999 -9999 107.863 107.998 107.985 108.322 108.46 108.585 108.699 108.804 108.836 108.927 108.35 108.428 109.228 109.296 109.364 109.431 109.497 109.565 109.636 109.706 109.77 109.832 109.89 109.946 110.001 110.051 110.097 110.135 110.171 110.206 110.244 110.276 110.293 110.301 110.308 110.301 110.283 110.259 110.231 110.202 110.173 110.141 110.106 110.067 110.02 109.97 109.912 109.823 109.727 109.628 109.524 109.413 109.293 109.173 109.087 109.036 108.987 108.937 108.896
-9999 -9999 -9999 -9999 -9999 -9999 -9999 -9999 -9999 -9999 -9999 -9999 -9999 107.842 107.838 107.908 107.98 108.083 108.237 108.376 108.502 108.617 108.722 108.82 108.91 108.989 109.061 109.131 109.199 109.265 109.33 109.395 109.457 109.519 109.581 109.644 109.703 109.759 109.812 109.868 109.922 109.972 110.018 110.057 110.092 110.124 110.14 110.139 110.134 110.129 110.118 110.099 110.077 110.054 110.028 110.0 109.97 109.939 109.909 109.879 109.846 109.806 109.736 109.643 109.544 109.441 109.335 109.226 109.142 109.082 109.046 109.008 108.975 108.95
-9999 -9999 -9999 -9999 -9999 -9999 -9999 -9999 -9999 107.866 107.843 107.827 107.811 107.796 107.836 107.893 107.945 108.033 108.147 108.289 108.416 108.532 108.638 108.734 108.816 108.893 108.965 109.035 109.102 109.166 109.227 109.284 109.342 109.403 109.464 109.525 109.584 109.641 109.695 109.747 109.798 109.849 109.897 109.94 109.966 109.98 109.984 109.979 109.972 109.964 109.953 109.932 109.907 109.881 109.858 109.835 109.81 109.783 109.758 109.732 109.708 109.683 109.64 109.565 109.478 109.385 109.284 109.198 109.135 109.099 109.065 109.033 109.007 108.995
-9999 -9999 -9999 -9999 -9999 -9999 -9999 -9999 107.84 107.816 107.796 107.779 107.766 107.771 107.818 107.876 107.928 107.987 108.074 108.196 108.326 108.443 108.547 108.637 108.719 108.796 108.868 108.936 108.998 109.057 109.114 109.169 109.227 109.289 109.35 109.41 109.47 109.529 109.585 109.637 109.688 109.735 109.778 109.806 109.825 109.836 109.838 109.833 109.827 109.821 109.812 109.797 109.773 109.751 109.729 109.708 109.687 109.664 109.642 109.619 109.596 109.574 109.55 109.494 109.415 109.332 109.249 109.188 109.147 109.116 109.088 109.068 109.053 109.046
-9999 -9999 -9999 -9999 -9999 -9999 -9999 107.808 107.789 107.77 107.755 107.727 107.672 107.701 107.798 107.857 107.909 107.957 108.021 108.106 108.229 108.346 108.446 108.536 108.617 108.692 108.762 108.826 108.887 108.945 109.001 109.056 109.114 109.176 109.237 109.297 109.357 109.418 109.475 109.529 109.575 109.616 109.646 109.674 109.694 109.709 109.711 109.706 109.7 109.696 109.69 109.678 109.658 109.638 109.619 109.6 109.58 109.561 109.542 109.522 109.501 109.48 109.457 109.422 109.353 109.272 109.218 109.182 109.163 109.142 109.123 109.11 109.102 109.098
-9999 -9999 -9999 -9999 -9999 107.586 -9999 107.755 107.739 107.725 107.714 107.651 107.562 107.632 107.767 107.828 107.882 107.931 107.976 108.04 108.119 108.232 108.333 108.423 108.505 108.58 108.649 108.714 108.775 108.832 108.888 108.943 109.002 109.063 109.124 109.185 109.245 109.304 109.358 109.408 109.452 109.485 109.517 109.546 109.569 109.585 109.592 109.587 109.583 109.579 109.576 109.568 109.55 109.532 109.514 109.497 109.479 109.462 109.445 109.428 109.41 109.39 109.368 109.339 109.286 109.235 109.197 109.184 109.174 109.166 109.159 109.154 109.148 109.147
-9999 -9999 -9999 -9999 -9999 -9999 -9999 -9999 -9999 107.679 107.67 107.619 107.613 107.675 107.729 107.792 107.847 107.897 107.942 107.982 108.039 108.109 108.213 108.305 108.389 108.466 108.536 108.601 108.662 108.72 108.775 108.83 108.889 108.951 109.012 109.072 109.129 109.181 109.234 109.28 109.318 109.355 109.388 109.416 109.44 109.462 109.471 109.472 109.469 109.467 109.465 109.458 109.446 109.429 109.413 109.397 109.382 109.367 109.352 109.337 109.321 109.303 109.282 109.258 109.232 109.209 109.199 109.19 109.185 109.182 109.185 109.191 109.191 109.193
-9999 -9999 -9999 -9999 -9999 -9999 -9999 -9999 -9999 107.633 107.627 107.621 107.617 107.634 107.688 107.752 107.809 107.859 107.904 107.939 107.972 108.025 108.089 108.185 108.271 108.349 108.421 108.487 108.549 108.606 108.661 108.716 108.776 108.837 108.897 108.952 109.005 109.057 109.104 109.145 109.185 109.223 109.258 109.286 109.313 109.337 109.351 109.358 109.357 109.356 109.355 109.352 109.344 109.329 109.314 109.3 109.287 109.274 109.261 109.249 109.236 109.221 109.199 109.192 109.194 109.195 109.2 109.199 109.195 109.196 109.203 109.214 109.226 109.234
-9999 -9999 -9999 -9999 -9999 -9999 -9999 107.615 107.594 107.588 107.584 -9999 107.576 107.593 107.644 107.71 107.769 107.819 -9999 107.896 107.928 107.959 108.008 108.064 108.151 108.231 108.304 108.372 108.434 108.492 108.547 108.602 108.661 108.721 108.776 108.828 108.88 108.929 108.97 109.011 109.052 109.09 109.125 109.157 109.187 109.213 109.23 109.241 109.247 109.247 109.247 109.248 109.242 109.23 109.217 109.205 109.194 109.182 109.172 109.161 109.152 109.139 109.137 109.15 109.172 109.186 109.195 109.203 109.203 109.208 109.218 109.231 109.245 109.266
-9999 -9999 -9999 -9999 -9999 -9999 -9999 107.586 -9999 -9999 -9999 107.538 107.536 107.549 -9999 -9999 -9999 -9999 -9999 107.852 107.885 107.915 107.943 107.987 108.037 108.11 108.185 108.254 108.317 108.376 108.431 108.485 108.543 108.598 108.651 108.703 108.753 108.796 108.838 108.88 108.92 108.958 108.994 109.027 109.062 109.088 109.108 109.124 109.135 109.139 109.14 109.141 109.14 109.132 109.121 109.111 109.101 109.091 109.081 109.072 109.065 109.074 109.093 109.123 109.156 109.176 109.187 109.201 109.209 109.218 109.231 109.247 109.263 109.286
-9999 -9999 -9999 -9999 -9999 -9999 -9999 -9999 -9999 107.504 107.497 107.496 107.495 107.504 -9999 -9999 -9999 -9999 -9999 -9999 -9999 -9999 107.9 107.927 107.964 108.007 108.063 108.133 108.198 108.257 108.313 108.366 108.418 108.472 108.524 108.576 108.621 108.665 108.708 108.75 108.79 108.828 108.863 108.899 108.934 108.963 108.987 109.007 109.021 109.03 109.033 109.035 109.037 109.033 109.025 109.016 109.007 108.998 108.989 108.989 109.003 109.027 109.063 109.101 109.139 109.163 109.177 109.193 109.211 109.226 109.242 109.26 109.278 109.304
-9999 -9999 -9999 -9999 -9999 -9999 -9999 -9999 -9999 -9999 107.456 -9999 -9999 -9999 -9999 -9999 -9999 -9999 -9999 -9999 107.795 107.827 107.856 107.884 107.909 107.938 107.976 108.017 108.076 108.137 108.192 108.24 108.29 108.344 108.396 108.443 108.489 108.534 108.579 108.622 108.662 108.7 108.735 -9999 108.807 108.837 108.863 108.887 108.907 108.919 108.924 108.927 108.931 108.933 108.927 108.92 108.912 108.905 108.914 108.931 108.959 108.996 109.037 109.078 109.12 109.149 109.166 109.184 109.208 109.231 109.251 109.271 109.293 109.321
-9999 -9999 -9999 -9999 -9999 -9999 -9999 -9999 -9999 -9999 -9999 -9999 -9999 -9999 -9999 -9999 -9999 -9999 -9999 -9999 107.749 107.782 107.812 107.84 -9999 -9999 -9999 107.945 107.978 108.015 108.066 108.112 108.162 108.215 108.264 108.31 108.358 108.405 108.451 108.495 108.536 108.573 -9999 108.643 108.679 108.711 108.739 108.765 108.787 108.804 108.814 108.819 108.824 108.829 108.828 108.822 108.829 108.844 108.861 108.891 108.927 108.969 109.011 109.054 109.099 109.133 109.152 109.173 109.2 109.232 109.258 109.281 109.306 109.335
-9999 -9999 -9999 -9999 -9999 -9999 -9999 -9999 -9999 -9999 -9999 -9999 -9999 -9999 -9999 -9999 -9999 -9999 -9999 -9999 -9999 -9999 -9999 -9999 -9999 -9999 -9999 107.893 107.914 107.941 107.964 107.989 108.031 108.084 108.131 108.177 108.228 108.278 108.325 108.369 -9999 -9999 108.48 108.516 108.553 108.585 108.615 108.641 108.665 108.685 108.699 108.708 108.716 108.723 108.741 108.758 108.773 108.797 108.824 108.859 108.899 108.942 108.986 109.031 109.078 109.115 109.137 109.161 109.191 109.228 109.26 109.285 109.312 109.344
-9999 -9999 -9999 -9999 -9999 -9999 -9999 -9999 -9999 -9999 -9999 -9999 -9999 -9999 -9999 -9999 -9999 -9999 -9999 -9999 -9999 -9999 -9999 -9999 -9999 -9999 -9999 107.85 107.871 107.885 107.898 107.915 107.94 107.97 108.001 108.045 108.107 -9999 -9999 -9999 -9999 -9999 108.354 108.388 108.426 108.46 108.49 108.517 108.542 108.564 108.581 108.598 108.628 108.653 108.678 108.708 108.733 108.759 108.791 108.829 108.872 108.916 108.961 109.007 109.056 109.095 109.12 109.145 109.176 109.215 109.253 109.282 109.314 109.348
-9999 -9999 -9999 -9999 -9999 -9999 -9999 -9999 -9999 -9999 -9999 -9999 -9999 -9999 -9999 -9999 -9999 -9999 -9999 -9999 -9999 -9999 -9999 -9999 -9999 -9999 -9999 -9999 -9999 107.841 107.853 107.865 107.881 107.902 107.929 107.973 -9999 -9999 -9999 -9999 108.159 108.195 108.225 108.258 108.298 108.333 108.366 108.402 108.435 108.47 108.503 108.536 108.567 108.598 108.629 108.662 108.691 108.72 108.755 108.797 108.841 108.885 108.931 108.979 109.029 109.069 109.096 109.123 109.156 109.196 109.238 109.274 109.308 109.346
-9999 -9999 -9999 -9999 -9999 -9999 -9999 -9999 -9999 -9999 -9999 -9999 -9999 -9999 -9999 -9999 -9999 -9999 -9999 -9999 -9999 -9999 -9999 -9999 -9999 -9999 -9999 -9999 -9999 -9999 107.81 107.823 107.838 107.858 107.885 -9999 -9999 -9999 -9999 108.065 108.083 108.113 108.139 108.172 108.214 108.254 108.294 108.332 108.371 108.413 108.453 108.488 108.518 108.549 108.58 108.612 108.645 108.68 108.72 108.763 108.807 108.853 108.9 108.948 108.999 109.04 109.069 109.098 109.133 109.175 109.218 109.261 109.3 109.34
-9999 -9999 -9999 -9999 -9999 -9999 -9999 -9999 -9999 -9999 -9999 -9999 -9999 -9999 -9999 -9999 -9999 -9999 -9999 -9999 -9999 -9999 -9999 -9999 -9999 -9999 -9999 -9999 -9999 -9999 -9999 -9999 -9999 -9999 -9999 -9999 -9999 -9999 107.981 108.001 108.03 108.057 108.081 108.114 108.157 108.198 108.238 108.278 108.321 108.363 108.404 108.44 108.47 108.5 108.531 108.563 108.599 108.641 108.685 108.729 108.774 108.82 108.867 108.917 108.969 109.011 109.04 109.071 109.108 109.152 109.197 109.246 109.291 109.332
-9999 -9999 -9999 -9999 -9999 -9999 -9999 -9999 -9999 -9999 -9999 -9999 -9999 -9999 -9999 -9999 -9999 -9999 -9999 -9999 -9999 -9999 -9999 -9999 -9999 -9999 -9999 -9999 -9999 -9999 -9999 -9999 -9999 -9999 -9999 -9999 -9999 107.893 107.924 107.953 107.98 108.005 108.029 108.06 108.101 108.143 108.185 108.229 108.271 108.313 108.354 108.391 108.422 108.452 108.482 108.513 108.552 108.599 108.649 108.694 108.74 108.786 108.835 108.886 108.938 108.98 109.011 109.043 109.082 109.127 109.177 109.231 109.282 109.325
-9999 -9999 -9999 -9999 -9999 -9999 -9999 -9999 -9999 -9999 -9999 -9999 -9999 -9999 -9999 -9999 -9999 -9999 -9999 -9999 -9999 -9999 -9999 -9999 -9999 -9999 -9999 -9999 -9999 -9999 -9999 -9999 -9999 -9999 -9999 -9999 -9999 107.847 107.877 107.905 107.93 107.953 107.976 108.006 108.046 108.091 108.136 108.18 108.222 108.264 108.305 108.342 108.373 108.403 108.433 108.467 108.507 108.557 108.607 108.658 108.705 108.753 108.803 108.855 108.906 108.948 108.98 109.014 109.054 109.102 109.156 109.218 109.272 109.319
-9999 -9999 -9999 -9999 -9999 -9999 -9999 -9999 -9999 -9999 -9999 -9999 -9999 -9999 -9999 -9999 -9999 -9999 -9999 -9999 -9999 -9999 -9999 -9999 107.46 107.495 107.533 107.564 -9999 107.611 -9999 -9999 -9999 -9999 -9999 -9999 -9999 -9999 107.83 107.855 107.879 107.902 107.924 107.953 107.994 108.041 108.087 108.131 108.173 108.215 108.256 108.294 108.325 108.355 108.384 108.42 108.464 108.513 108.564 108.615 108.669 108.719 108.77 108.823 108.874 108.915 108.949 108.985 109.026 109.079 109.138 109.203 109.262 109.312
-9999 -9999 -9999 -9999 -9999 -9999 -9999 -9999 -9999 -9999 -9999 -9999 -9999 -9999 -9999 -9999 -9999 -9999 -9999 -9999 -9999 107.264 107.307 107.359 107.408 107.449 107.486 107.516 107.542 107.566 107.587 107.608 -9999 -9999 107.665 107.692 107.724 107.753 107.78 107.804 107.828 107.85 107.875 107.905 107.945 107.992 108.038 108.082 108.125 108.166 108.207 108.245 108.276 108.306 108.335 108.374 108.421 108.47 108.52 108.572 108.625 108.681 108.736 108.791 108.841 108.881 108.917 108.955 108.999 109.057 109.122 109.189 109.252 109.307
-9999 -9999 -9999 -9999 -9999 -9999 -9999 -9999 -9999 -9999 -9999 -9999 -9999 -9999 -9999 -9999 -9999 -9999 -9999 -9999 107.173 107.201 107.236 107.292 107.344 107.389 107.428 107.462 107.49 107.515 107.539 107.561 107.582 107.6 107.618 107.642 107.673 107.702 107.728 107.753 107.779 107.805 107.831 107.858 107.894 107.942 107.988 108.033 108.076 108.118 108.158 108.196 108.227 108.256 108.288 108.328 108.376 108.425 108.475 108.527 108.581 108.637 108.697 108.758 108.807 108.847 108.885 108.924 108.974 109.037 109.107 109.177 109.243 109.301
-9999 -9999 -9999 -9999 -9999 -9999 -9999 -9999 -9999 -9999 -9999 -9999 -9999 -9999 -9999 -9999 -9999 -9999 -9999 -9999 107.109 107.119 107.16 107.219 107.274 107.321 107.363 107.4 107.433 107.46 107.486 107.511 107.533 107.553 107.57 107.592 107.618 107.65 107.68 107.709 107.736 107.761 107.786 107.811 107.846 107.891 107.938 107.984 108.027 108.069 108.109 108.146 108.178 108.206 108.24 108.283 108.331 108.38 108.43 108.482 108.536 108.593 108.654 108.715 108.769 108.811 108.852 108.898 108.953 109.02 109.092 109.165 109.235 109.297
-9999 -9999 -9999 -9999 -9999 -9999 -9999 -9999 -9999 -9999 -9999 -9999 -9999 -9999 -9999 -9999 -9999 -9999 -9999 -9999 107.02 107.036 107.079 107.142 107.198 107.249 107.294 107.334 107.369 107.4 107.429 107.457 107.481 107.504 107.525 107.547 107.572 107.605 107.637 107.666 107.692 107.717 107.741 107.766 107.798 107.84 107.888 107.934 107.977 108.019 108.059 108.096 108.127 108.156 108.192 108.237 108.285 108.334 108.384 108.435 108.49 108.548 108.609 108.669 108.721 108.769 108.82 108.875 108.935 109.003 109.078 109.154 109.228 109.293
-9999 -9999 -9999 -9999 -9999 -9999 -9999 -9999 -9999 -9999 -9999 -9999 -9999 -9999 -9999 -9999 106.913 106.916 -9999 106.929 106.934 106.95 107.008 107.071 107.128 107.18 107.227 107.269 107.308 107.343 107.376 107.409 107.438 107.465 107.488 107.509 107.533 107.56 107.592 107.622 107.648 107.672 107.696 107.722 107.751 107.788 107.837 107.883 107.927 107.969 108.009 108.045 108.076 108.104 108.142 108.19 108.238 108.287 108.337 108.388 108.443 108.502 108.565 108.622 108.673 108.724 108.783 108.849 108.916 108.988 109.065 109.144 109.221 109.29
-9999 -9999 -9999 -9999 -9999 -9999 -9999 -9999 -9999 -9999 -9999 -9999 -9999 -9999 -9999 -9999 106.886 106.89 106.893 106.896 106.899 106.916 106.946 107.003 107.063 107.117 107.166 107.211 107.253 107.291 107.33 107.366 107.398 107.426 107.451 107.473 107.494 107.518 107.546 107.576 107.604 107.629 107.654 107.68 107.705 107.74 107.784 107.83 107.875 107.917 107.957 107.993 108.023 108.052 108.091 108.141 108.191 108.24 108.289 108.34 108.395 108.456 108.518 108.574 108.626 108.686 108.75 108.819 108.89 108.964 109.046 109.132 109.215 109.288
-9999 -9999 -9999 -9999 -9999 -9999 -9999 -9999 -9999 -9999 -9999 -9999 -9999 -9999 -9999 106.87 106.873 106.877 106.882 106.885 106.889 106.893 106.911 106.94 106.993 107.051 107.104 107.152 107.196 107.239 107.281 107.322 107.356 107.386 107.413 107.436 107.457 107.477 107.501 107.529 107.559 107.586 107.612 107.637 107.662 107.691 107.729 107.776 107.821 107.863 107.903 107.939 107.968 107.998 108.04 108.091 108.142 108.192 108.241 108.291 108.348 108.411 108.471 108.527 108.587 108.652 108.721 108.792 108.863 108.937 109.019 109.109 109.196 109.275
-9999 -9999 -9999 -9999 -9999 -9999 -9999 -9999 -9999 -9999 -9999 -9999 -9999 -9999 -9999 -9999 106.859 106.864 106.869 106.874 106.878 106.882 106.887 106.904 106.931 106.979 107.037 107.089 107.137 107.183 107.229 107.273 107.31 107.343 107.371 107.396 107.418 107.438 107.458 107.481 107.51 107.539 107.567 107.593 107.617 107.642 107.675 107.718 107.764 107.807 107.847 107.882 107.91 107.942 107.986 108.039 108.093 108.145 108.196 108.247 -9999 108.366 108.428 108.489 108.555 108.624 108.694 108.765 108.838 108.912 108.993 109.084 109.172 109.254
-9999 -9999 -9999 -9999 -9999 -9999 -9999 -9999 -9999 -9999 -9999 -9999 -9999 -9999 -9999 106.842 106.843 106.85 106.856 106.862 106.868 106.873 106.879 106.886 106.902 106.927 106.965 107.022 107.073 107.121 107.17 107.219 107.26 107.295 107.326 107.353 107.377 107.398 107.417 107.437 107.46 107.489 107.518 107.545 107.57 107.593 107.621 107.656 107.703 107.747 107.788 107.822 107.849 107.881 107.928 107.985 108.041 108.097 108.151 108.206 108.264 -9999 108.392 -9999 108.527 -9999 108.668 -9999 108.813 108.889 108.969 109.059 109.149 109.231
-9999 -9999 -9999 -9999 -9999 -9999 -9999 -9999 -9999 -9999 -9999 -9999 -9999 -9999 -9999 106.828 106.836 106.843 106.851 106.857 106.864 106.871 106.877 106.884 106.892 106.903 106.925 106.953 107.001 107.051 107.104 107.158 107.204 107.243 107.277 107.306 107.332 107.355 107.375 107.393 107.413 107.435 107.464 107.492 107.518 107.542 107.565 107.597 107.637 107.683 107.724 107.758 107.786 107.818 107.867 107.928 107.988 108.046 108.104 108.165 108.231 -9999 -9999 108.431 108.5 -9999 -9999 108.715 108.79 108.867 -9999 -9999 -9999 -9999
-9999 -9999 -9999 -9999 -9999 -9999 -9999 -9999 -9999 -9999 -9999 -9999 -9999 -9999 106.815 106.825 106.833 106.841 106.849 106.856 106.863 106.869 106.876 106.883 106.89 106.898 106.905 106.923 106.943 106.973 107.029 107.089 107.14 107.184 107.221 107.254 107.283 107.308 107.33 107.349 107.367 107.386 107.407 107.434 107.461 107.486 107.509 107.535 107.567 107.613 107.655 107.69 107.721 107.755 107.805 107.869 107.931 107.992 -9999 -9999 -9999 108.27 -9999 -9999 -9999 -9999 -9999 -9999 108.769 -9999 -9999 -9999 -9999 -9999
