Validation/Results/raw data/ReClimate_11_2023_1_Temperature.asc
NCOLS 192
NROWS 249
XLLCENTER -225160.85627316462
YLLCENTER 29788.11610251502
CELLSIZE 5000.0
NODATA_VALUE -9999
[rows 136 to 169 of 249, columns 77 to 153 of 192]
-9999 -9999 -9999 -9999 -9999 -9999 -9999 -9999 -0.237 -9999 -0.159 -0.093 -0.09 -0.092 -0.067 -0.042 -0.046 -0.056 -0.014 0.032 0.031 0.026 0.046 0.066 0.086 0.103 0.107 0.109 -9999 -9999 -9999 -9999 -9999 -9999 0.13 0.105 0.106 0.107 0.106 0.098 0.108 0.12 0.111 0.1 0.097 0.093 0.115 0.142 0.138 0.132 0.113 0.089 0.076 0.058 0.048 0.042 0.05 -9999 -9999 -9999 -9999 -9999 -9999 -9999 -9999 -9999 -9999 -9999 -9999 -9999 -9999 -9999 -9999 -9999 -9999 -9999 -9999
-9999 -9999 -9999 -9999 -9999 -9999 -9999 -9999 -0.243 -0.229 -0.179 -0.142 -0.135 -0.118 -0.094 -0.071 -0.061 -0.033 0.004 0.037 0.034 0.02 0.04 0.062 0.084 0.108 0.108 0.098 -9999 -9999 -9999 -9999 0.145 0.153 0.134 0.109 0.119 0.143 0.139 0.123 0.127 0.12 0.113 0.109 0.106 0.104 0.113 0.102 0.097 0.091 0.102 0.097 0.077 0.056 0.065 0.055 0.053 -9999 -9999 -9999 -9999 -9999 -9999 -9999 -9999 -9999 -9999 -9999 -9999 -9999 -9999 -9999 -9999 -9999 -9999 -9999 -9999
-0.307 -9999 -9999 -9999 -9999 -9999 -9999 -9999 -0.252 -0.234 -0.199 -9999 -9999 -0.129 -0.106 -0.082 -0.052 -9999 0.001 0.04 0.033 0.021 0.042 0.063 0.089 0.111 -9999 -9999 -9999 -9999 -9999 0.146 0.151 0.156 0.139 0.116 0.137 0.159 0.149 0.134 0.128 0.121 0.117 0.112 0.111 0.109 0.098 0.086 0.082 0.077 0.086 0.099 0.08 0.056 0.064 0.075 0.061 -9999 -9999 -9999 -9999 -9999 -9999 -9999 -9999 -9999 -9999 -9999 -9999 -9999 -9999 -9999 -9999 -9999 -9999 -9999 -9999
-0.311 -9999 -9999 -9999 -9999 -9999 -9999 -9999 -9999 -0.227 -0.184 -9999 -9999 -9999 -0.105 -0.097 -0.071 -0.053 -9999 -9999 0.021 0.013 0.031 0.047 0.066 -9999 -9999 -9999 -9999 -9999 0.131 0.144 0.148 0.149 0.143 0.151 0.168 0.174 0.164 0.152 0.147 0.139 0.129 0.105 0.111 0.131 0.116 0.085 0.087 0.086 0.086 0.093 0.087 0.072 0.068 0.071 0.068 -9999 -9999 -9999 -9999 -9999 -9999 -9999 -9999 -9999 -9999 -9999 -9999 -9999 -9999 -9999 -9999 -9999 -9999 -9999 -9999
-9999 -9999 -9999 -9999 -9999 -9999 -9999 -9999 -9999 -9999 -0.182 -9999 -9999 -9999 -9999 -0.102 -0.081 -0.062 -9999 -9999 -9999 0.017 0.03 -9999 -9999 -9999 -9999 -9999 -9999 -9999 0.138 0.146 0.149 0.15 0.159 0.168 0.177 0.18 0.171 0.16 0.153 0.146 0.126 0.103 0.12 0.14 0.115 0.085 0.087 0.09 0.09 0.091 0.085 0.078 0.074 0.069 0.066 -9999 -9999 -9999 -9999 -9999 -9999 -9999 -9999 -9999 -9999 -9999 -9999 -9999 -9999 -9999 -9999 -9999 -9999 -9999 -9999
-9999 -9999 -9999 -9999 -9999 -9999 -9999 -9999 -9999 -9999 -0.193 -9999 -9999 -9999 -9999 -9999 -0.068 -0.032 -9999 -9999 -9999 -9999 -9999 -9999 -9999 -9999 -9999 -9999 -9999 -9999 0.143 0.127 0.135 0.155 0.175 0.214 0.209 0.171 0.167 0.172 0.162 0.145 0.129 0.113 0.121 0.117 0.099 0.092 0.094 0.097 0.095 0.094 0.099 0.099 0.086 0.076 0.061 0.055 -9999 -9999 -9999 -9999 -9999 -9999 -9999 -9999 -9999 -9999 -9999 -9999 -9999 -9999 -9999 -9999 -9999 -9999 -9999
-0.311 -0.309 -0.316 -9999 -9999 -9999 -9999 -9999 -9999 -9999 -0.193 -9999 -9999 -9999 -9999 -9999 -9999 -9999 -9999 -9999 -9999 -9999 -9999 -9999 -9999 -9999 -9999 -9999 -9999 0.142 0.135 0.123 0.141 0.16 0.193 0.232 0.206 0.168 0.172 0.176 0.162 0.145 0.132 0.117 0.112 0.108 0.101 0.094 0.097 0.101 0.098 0.095 0.1 0.106 0.094 0.079 0.065 0.048 0.033 -9999 -9999 -9999 -9999 -9999 -9999 -9999 -9999 -9999 -9999 -9999 -9999 -9999 -9999 -9999 -9999 -9999 -9999
-0.301 -0.312 -0.317 -9999 -9999 -9999 -9999 -9999 -9999 -9999 -9999 -9999 -9999 -9999 -9999 -9999 -9999 -9999 -9999 -9999 -9999 -9999 -9999 -9999 -9999 -9999 -9999 -9999 0.127 0.142 0.154 0.198 0.197 0.152 0.179 0.203 0.182 0.164 0.166 0.171 0.163 0.167 0.151 0.122 0.118 0.114 0.111 0.111 0.113 0.112 0.111 0.11 0.103 0.101 0.093 0.08 0.074 0.062 0.052 -9999 -9999 -9999 -9999 -9999 -9999 -9999 -9999 -9999 -9999 -9999 -9999 -9999 -9999 -9999 -9999 -9999 -9999
-0.3 -9999 -0.312 -0.314 -9999 -9999 -9999 -9999 -9999 -9999 -9999 -9999 -9999 -9999 -9999 -9999 -9999 -9999 -9999 -9999 -9999 -9999 -9999 -9999 -9999 -9999 -9999 -9999 0.143 0.145 0.184 0.228 0.194 0.151 0.169 0.19 0.179 0.161 0.163 0.166 0.169 0.173 0.151 0.124 0.12 0.117 0.117 0.118 0.117 0.116 0.115 0.114 0.107 0.099 0.091 0.081 0.076 0.068 0.059 0.047 0.04 -9999 -9999 -9999 -9999 -9999 -9999 -9999 -9999 -9999 -9999 -9999 -9999 -9999 -9999 -9999 -9999
-0.279 -9999 -9999 -0.309 -9999 -9999 -9999 -9999 -9999 -9999 -9999 -9999 -9999 -9999 -9999 -9999 -9999 -9999 -9999 -9999 -9999 -9999 -9999 -9999 -9999 -9999 -9999 -9999 0.173 0.179 0.204 0.207 0.182 0.17 0.175 0.156 0.15 0.152 0.155 0.163 0.158 0.141 0.129 0.134 0.13 0.121 0.12 0.113 0.118 0.121 0.117 0.115 0.116 0.113 0.106 0.097 0.089 0.081 0.069 0.056 0.041 0.036 0.03 0.019 -9999 -9999 -9999 -9999 -9999 -9999 -9999 -9999 -9999 -9999 -9999 -9999 -9999
-0.272 -0.288 -9999 -0.3 -9999 -9999 -9999 -9999 -9999 -9999 -9999 -9999 -9999 -9999 -9999 -9999 -9999 -9999 -9999 -9999 -9999 -9999 -9999 -9999 -9999 -9999 -9999 0.121 0.166 0.194 0.196 0.196 0.188 0.176 0.161 0.142 0.147 0.148 0.153 0.161 0.146 0.129 0.133 0.138 0.131 0.123 0.118 0.111 0.116 0.122 0.119 0.115 0.116 0.117 0.11 0.102 0.094 0.085 0.074 0.06 0.045 0.028 0.028 0.022 0.013 0.014 -9999 -9999 -9999 -9999 -9999 -9999 -9999 -9999 -9999 -9999 -9999
-0.277 -9999 -0.29 -9999 -9999 -9999 -9999 -9999 -9999 -9999 -9999 -9999 -9999 -9999 -9999 -9999 -9999 -9999 -9999 -9999 -9999 -9999 -9999 -9999 -9999 -9999 -9999 -9999 0.14 0.165 0.168 0.178 0.172 0.172 0.157 0.14 0.144 0.144 0.146 0.146 0.135 0.131 0.133 0.131 0.12 0.099 0.097 0.105 0.105 0.108 0.117 0.12 0.119 0.118 0.112 0.104 0.086 0.071 0.072 0.067 0.053 0.037 0.024 0.016 0.027 0.02 0.019 -9999 -9999 -9999 -9999 -9999 -9999 -9999 -9999 -9999 -9999
-0.271 -0.283 -0.275 -9999 -9999 -9999 -9999 -9999 -9999 -9999 -9999 -9999 -9999 -9999 -9999 -9999 -9999 -9999 -9999 -9999 -9999 -9999 -9999 -9999 -9999 -9999 -9999 -9999 -9999 0.151 0.16 0.169 0.17 0.169 0.156 0.14 0.143 0.144 0.141 0.141 0.136 0.132 0.13 0.129 0.111 0.091 0.096 0.104 0.104 0.104 0.112 0.122 0.12 0.119 0.113 0.104 0.088 0.067 0.069 0.072 0.059 0.043 0.031 0.018 0.029 0.045 0.028 0.018 -9999 -9999 -9999 -9999 -9999 -9999 -9999 -9999 -9999
-0.261 -0.261 -9999 -9999 -9999 -9999 -9999 -9999 -9999 -9999 -9999 -9999 -9999 -9999 -9999 -9999 -9999 -9999 -9999 -9999 -9999 -9999 -9999 -9999 -9999 -9999 -9999 -9999 -9999 0.149 0.163 0.167 0.166 0.157 0.15 0.152 0.161 0.171 0.171 0.173 0.161 0.13 0.126 0.116 0.105 0.102 0.107 0.109 0.108 0.105 0.104 0.108 0.11 0.11 0.108 0.103 0.101 0.089 0.079 0.075 0.077 0.072 0.067 0.06 0.048 0.05 0.049 0.033 0.016 -9999 -9999 -9999 -9999 -9999 -9999 -9999 -9999
-0.245 -0.244 -9999 -9999 -9999 -9999 -9999 -9999 -9999 -9999 -9999 -9999 -9999 -9999 -9999 -9999 -9999 -9999 -9999 -9999 -9999 -9999 -9999 -9999 -9999 -9999 -9999 -9999 -9999 -9999 0.156 0.164 0.159 0.151 0.155 0.159 0.172 0.182 0.183 0.186 0.16 0.13 0.122 0.113 0.11 0.108 0.11 0.113 0.11 0.107 0.106 0.105 0.106 0.108 0.106 0.104 0.102 0.099 0.089 0.078 0.08 0.084 0.081 0.078 0.068 0.056 0.055 0.055 0.031 -9999 -9999 -9999 -9999 -9999 -9999 -9999 -9999
-9999 -9999 -9999 -9999 -9999 -9999 -9999 -9999 -9999 -9999 -9999 -9999 -9999 -9999 -9999 -9999 -9999 -9999 -9999 -9999 -9999 -9999 -9999 -9999 -9999 -9999 -9999 -9999 -9999 -9999 0.144 0.15 0.152 0.164 0.17 0.17 0.18 0.181 0.18 0.175 0.156 0.146 0.133 0.108 0.107 0.11 0.111 0.111 0.109 0.106 0.109 0.11 0.114 0.118 0.112 0.107 0.102 0.098 0.098 0.092 0.094 0.098 0.094 0.09 0.091 0.088 0.067 0.055 0.031 0.017 -9999 -9999 -9999 -9999 -9999 -9999 -9999
-9999 -9999 -9999 -9999 -9999 -9999 -9999 -9999 -9999 -9999 -9999 -9999 -9999 -9999 -9999 -9999 -9999 -9999 -9999 -9999 -9999 -9999 -9999 -9999 -9999 -9999 -9999 -9999 -9999 -9999 -9999 0.142 0.155 0.169 0.172 0.174 0.18 0.182 0.176 0.171 0.162 0.153 0.132 0.108 0.109 0.112 0.112 0.112 0.11 0.108 0.111 0.114 0.118 0.123 0.117 0.11 0.105 0.1 0.099 0.099 0.101 0.104 0.101 0.097 0.099 0.101 0.082 0.059 0.037 0.008 -9999 -9999 -9999 -9999 -9999 -9999 -9999
-9999 -9999 -9999 -9999 -9999 -9999 -9999 -9999 -9999 -9999 -9999 -9999 -9999 -9999 -9999 -9999 -9999 -9999 -9999 -9999 -9999 -9999 -9999 -9999 -9999 -9999 -9999 -9999 -9999 -9999 -9999 0.143 -9999 0.184 0.186 0.183 0.19 -9999 0.186 0.18 0.171 0.159 0.137 0.109 0.11 0.11 0.108 0.102 0.098 0.095 0.1 0.105 0.127 0.143 0.125 0.11 0.11 0.107 0.109 0.111 0.103 0.1 0.1 0.097 0.098 0.1 0.088 0.069 0.055 0.033 0.038 -9999 -9999 -9999 -9999 -9999 -9999
-9999 -9999 -9999 -9999 -9999 -9999 -9999 -9999 -9999 -9999 -9999 -9999 -9999 -9999 -9999 -9999 -9999 -9999 -9999 -9999 -9999 -9999 -9999 -9999 -9999 -9999 -9999 -9999 -9999 -9999 -9999 -9999 0.157 0.187 -9999 -9999 -9999 -9999 0.188 0.184 0.173 0.162 0.138 0.111 0.111 0.112 0.106 0.1 0.097 0.093 0.097 0.104 0.125 0.152 0.135 0.113 0.113 0.113 0.115 0.118 0.111 0.103 0.101 0.1 0.101 0.103 0.091 0.076 0.063 0.047 0.052 0.059 0.038 -9999 -9999 -9999 -9999
-9999 -9999 -9999 -9999 -9999 -9999 -9999 -9999 -9999 -9999 -9999 -9999 -9999 -9999 -9999 -9999 -9999 -9999 -9999 -9999 -9999 -9999 -9999 -9999 -9999 -9999 -9999 -9999 -9999 -9999 -9999 -9999 0.155 0.171 -9999 -9999 -9999 -9999 0.181 0.173 0.164 0.16 0.145 0.141 0.132 0.102 0.099 0.105 0.103 0.101 0.118 0.132 0.138 0.157 0.161 0.154 0.138 0.129 0.123 0.121 0.126 0.125 0.126 0.127 0.123 0.123 0.121 0.114 0.095 0.076 0.062 0.056 0.054 -9999 -9999 -9999 -9999
-9999 -9999 -9999 -9999 -9999 -9999 -9999 -9999 -9999 -9999 -9999 -9999 -9999 -9999 -9999 -9999 -9999 -9999 -9999 -9999 -9999 -9999 -9999 -9999 -9999 -9999 -9999 -9999 -9999 -9999 -9999 -9999 0.156 -9999 -9999 -9999 -9999 0.172 0.172 0.172 0.167 0.163 0.159 0.157 0.132 0.102 0.106 0.111 0.11 0.108 0.124 0.145 0.152 0.161 0.165 0.171 0.156 0.137 0.132 0.126 0.131 0.137 0.138 0.139 0.137 0.135 0.134 0.132 0.115 0.092 0.079 0.069 -9999 -9999 -9999 -9999 -9999
-9999 -9999 -9999 -9999 -9999 -9999 -9999 -9999 -9999 -9999 -9999 -9999 -9999 -9999 -9999 -9999 -9999 -9999 -9999 -9999 -9999 -9999 -9999 -9999 -9999 -9999 -9999 -9999 -9999 -9999 -9999 -9999 -9999 -9999 -9999 -9999 -9999 0.195 0.198 0.188 0.181 0.167 0.16 0.147 0.134 0.14 0.14 0.127 0.134 0.158 0.163 0.179 0.174 0.177 0.181 0.186 0.176 0.161 0.161 0.158 0.144 0.138 0.136 0.135 0.139 0.141 0.152 0.158 0.141 0.12 0.114 0.098 -9999 -9999 -9999 -9999 -9999
-9999 -9999 -9999 -9999 -9999 -9999 -9999 -9999 -9999 -9999 -9999 -9999 -9999 -9999 -9999 -9999 -9999 -9999 -9999 -9999 -9999 -9999 -9999 -9999 -9999 -9999 -9999 -9999 -9999 -9999 -9999 -9999 -9999 -9999 -9999 -9999 -9999 0.204 0.203 0.196 0.184 0.171 0.159 0.146 0.152 0.159 0.149 0.137 0.156 0.179 0.186 0.194 0.191 0.185 0.189 0.194 0.184 0.171 0.172 0.172 0.159 0.142 0.14 0.137 0.141 0.147 0.158 0.171 0.156 0.135 0.13 0.116 -9999 -9999 -9999 -9999 -9999
-9999 -9999 -9999 -9999 -9999 -9999 -9999 -9999 -9999 -9999 -9999 -9999 -9999 -9999 -9999 -9999 -9999 -9999 -9999 -9999 -9999 -9999 -9999 -9999 -9999 -9999 -9999 -9999 -9999 -9999 -9999 -9999 -9999 -9999 -9999 -9999 0.195 0.194 0.195 0.196 0.189 0.19 0.181 0.174 0.176 0.17 0.167 0.173 0.175 0.188 0.195 0.203 0.198 0.192 0.195 0.198 0.192 0.182 0.182 0.182 0.169 0.153 0.159 0.162 0.151 0.148 0.165 0.181 0.175 0.161 0.153 0.133 0.11 -9999 -9999 -9999 -9999
-9999 -9999 -9999 -9999 -9999 -9999 -9999 -9999 -9999 -9999 -9999 -9999 -9999 -9999 -9999 -9999 -9999 -9999 -9999 -9999 -9999 -9999 -9999 -9999 -9999 -9999 -9999 -9999 -9999 -9999 -9999 -9999 -9999 -9999 -9999 -9999 0.187 0.188 0.193 0.195 0.198 0.199 0.194 0.187 0.182 0.177 0.182 0.19 0.192 0.194 0.201 0.209 0.205 0.198 0.2 0.203 0.196 0.188 0.188 0.187 0.176 0.16 0.166 0.174 0.164 0.152 0.168 0.188 0.182 0.174 0.167 0.157 0.131 -9999 -9999 -9999 -9999
-9999 -9999 -9999 -9999 -9999 -9999 -9999 -9999 -9999 -9999 -9999 -9999 -9999 -9999 -9999 -9999 -9999 -9999 -9999 -9999 -9999 -9999 -9999 -9999 -9999 -9999 -9999 -9999 -9999 -9999 -9999 -9999 -9999 -9999 -9999 0.199 0.198 0.185 0.19 0.196 0.201 0.202 0.199 0.2 0.199 0.203 0.206 0.201 0.206 0.21 0.21 0.213 0.221 0.222 0.217 0.216 0.201 0.188 0.187 0.186 0.188 0.182 0.184 0.189 0.176 0.162 0.177 0.196 0.19 0.182 0.178 0.17 0.155 0.127 -9999 -9999 -9999
-9999 -9999 -9999 -9999 -9999 -9999 -9999 -9999 -9999 -9999 -9999 -9999 -9999 -9999 -9999 -9999 -9999 -9999 -9999 -9999 -9999 -9999 -9999 -9999 -9999 -9999 -9999 -9999 -9999 -9999 -9999 -9999 -9999 -9999 -9999 0.203 0.195 0.183 0.19 0.196 0.201 0.204 0.205 0.207 0.21 0.215 0.212 0.208 0.212 0.218 0.218 0.216 0.224 0.233 0.228 0.223 0.209 0.191 0.19 0.188 0.19 0.193 0.195 0.197 0.185 0.169 0.184 0.202 0.197 0.188 0.185 0.179 0.165 0.146 -9999 -9999 -9999
-9999 -9999 -9999 -9999 -9999 -9999 -9999 -9999 -9999 -9999 -9999 -9999 -9999 -9999 -9999 -9999 -9999 -9999 -9999 -9999 -9999 -9999 -9999 -9999 -9999 -9999 -9999 -9999 -9999 -9999 -9999 -9999 -9999 -9999 -9999 0.21 0.207 0.214 0.214 0.196 0.206 0.223 0.221 0.207 0.206 0.2 0.2 0.209 0.213 0.217 0.241 0.255 0.224 0.21 0.228 0.235 0.238 0.232 0.228 0.227 0.223 0.223 0.211 0.206 0.194 0.178 0.186 0.2 0.199 0.194 0.19 0.183 0.177 0.164 0.144 -9999 -9999
-9999 -9999 -9999 -9999 -9999 -9999 -9999 -9999 -9999 -9999 -9999 -9999 -9999 -9999 -9999 -9999 -9999 -9999 -9999 -9999 -9999 -9999 -9999 -9999 -9999 -9999 -9999 -9999 -9999 -9999 -9999 -9999 -9999 -9999 -9999 -9999 0.216 0.225 0.212 0.195 0.212 0.229 0.222 0.209 0.203 0.196 0.202 0.21 0.214 0.218 0.241 0.269 0.241 0.204 0.22 0.241 0.244 0.248 0.246 0.243 0.24 0.235 0.225 0.211 0.2 0.185 0.193 0.202 0.201 -9999 0.196 -9999 0.184 0.177 0.159 0.142 -9999
-9999 -9999 -9999 -9999 -9999 -9999 -9999 -9999 -9999 -9999 -9999 -9999 -9999 -9999 -9999 -9999 -9999 -9999 -9999 -9999 -9999 -9999 -9999 -9999 -9999 -9999 -9999 -9999 -9999 -9999 -9999 -9999 -9999 -9999 -9999 0.199 0.208 0.22 0.211 0.205 0.218 0.225 0.222 0.22 0.216 0.214 0.221 0.227 0.225 0.209 0.236 0.266 0.258 0.234 0.232 0.242 0.241 0.242 0.248 0.25 0.239 0.229 0.226 0.216 0.22 0.215 0.207 0.207 0.209 0.209 0.205 0.2 -9999 0.188 0.172 0.156 0.157
-9999 -9999 -9999 -9999 -9999 -9999 -9999 -9999 -9999 -9999 -9999 -9999 -9999 -9999 -9999 -9999 -9999 -9999 -9999 -9999 -9999 -9999 -9999 -9999 -9999 -9999 -9999 -9999 -9999 -9999 -9999 -9999 -9999 -9999 -9999 0.191 0.203 0.217 0.214 0.208 0.215 0.222 0.224 0.224 0.224 0.223 0.228 0.235 0.223 0.208 0.233 0.265 0.257 0.246 0.246 0.244 0.243 0.242 0.247 0.254 0.244 0.23 0.226 0.221 0.225 0.228 0.222 0.212 0.215 0.217 0.213 0.207 0.207 -9999 -9999 -9999 -9999
-9999 -9999 -9999 -9999 -9999 -9999 -9999 -9999 -9999 -9999 -9999 -9999 -9999 -9999 -9999 -9999 -9999 -9999 -9999 -9999 -9999 -9999 -9999 -9999 -9999 -9999 -9999 -9999 -9999 -9999 -9999 -9999 -9999 -9999 0.184 0.207 0.22 0.226 0.227 0.228 0.234 0.234 0.239 0.243 0.245 0.239 0.241 0.235 0.238 0.234 0.232 0.246 0.254 0.252 0.253 0.252 0.252 0.252 0.251 0.253 0.252 0.245 0.241 0.236 0.233 0.233 0.23 0.223 0.236 0.246 0.236 0.228 0.231 0.228 0.227 -9999 -9999
-9999 -9999 -9999 -9999 -9999 -9999 -9999 -9999 -9999 -9999 -9999 -9999 -9999 -9999 -9999 -9999 -9999 -9999 -9999 -9999 -9999 -9999 -9999 -9999 -9999 -9999 -9999 -9999 -9999 -9999 -9999 -9999 -9999 -9999 0.204 0.21 0.218 0.225 0.23 0.234 0.237 0.238 0.243 0.248 0.248 0.246 0.242 0.236 0.24 0.244 0.243 0.241 0.248 0.256 0.257 0.257 0.257 0.257 0.257 0.255 0.254 0.252 0.25 0.245 0.242 0.238 0.236 0.232 0.246 0.263 0.256 0.244 0.25 0.255 0.251 0.241 -9999
-9999 -9999 -9999 -9999 -9999 -9999 -9999 -9999 -9999 -9999 -9999 -9999 -9999 -9999 -9999 -9999 -9999 -9999 -9999 -9999 -9999 -9999 -9999 -9999 -9999 -9999 -9999 -9999 -9999 -9999 -9999 -9999 -9999 -9999 -9999 0.214 0.223 0.231 0.238 0.243 0.25 0.259 0.264 0.264 0.268 0.272 0.268 0.254 0.253 0.242 0.243 0.242 0.254 0.265 0.265 0.265 0.264 0.263 0.263 0.262 0.286 0.3 0.279 0.265 0.26 0.255 0.27 0.278 0.274 0.28 0.276 0.267 0.27 0.274 0.277 0.275 0.265
