Validation/Results/raw data/ReClimate_12_2023_2.asc
NCOLS 192
NROWS 249
XLLCENTER -225160.85627316462
YLLCENTER 29788.11610251502
CELLSIZE 5000.0
NODATA_VALUE -9999
[rows 66 to 98 of 249, columns 75 to 149 of 192]
-9999 -9999 -9999 -9999 -9999 -9999 -9999 -9999 -9999 -9999 99.24 -9999 100.317 99.886 100.312 100.294 100.185 99.493 100.418 101.65 101.417 101.617 101.11 100.227 99.886 99.99 99.542 99.086 99.853 100.748 101.042 -9999 -9999 -9999 -9999 -9999 -9999 -9999 -9999 -9999 -9999 -9999 -9999 -9999 -9999 -9999 -9999 -9999 -9999 -9999 -9999 -9999 -9999 -9999 -9999 -9999 -9999 -9999 -9999 -9999 -9999 -9999 -9999 -9999 -9999 -9999 -9999 -9999 -9999 -9999 -9999 -9999 -9999 -9999 -9999
-9999 -9999 -9999 -9999 -9999 -9999 -9999 -9999 -9999 -9999 -9999 99.91 99.76 99.944 99.988 100.083 99.716 99.745 100.585 101.183 101.092 100.613 100.247 100.503 100.712 101.148 100.902 100.888 101.195 -9999 -9999 -9999 -9999 -9999 -9999 -9999 -9999 -9999 -9999 -9999 -9999 -9999 -9999 -9999 -9999 -9999 -9999 -9999 -9999 -9999 -9999 -9999 -9999 -9999 -9999 -9999 -9999 -9999 -9999 -9999 -9999 -9999 -9999 -9999 -9999 -9999 -9999 -9999 -9999 -9999 -9999 -9999 -9999 -9999 -9999
-9999 -9999 -9999 -9999 -9999 -9999 -9999 -9999 -9999 -9999 -9999 100.219 100.492 100.731 100.303 99.088 99.362 100.097 100.164 99.573 99.523 100.073 100.291 100.549 100.831 101.008 101.028 101.119 100.848 -9999 -9999 -9999 -9999 -9999 -9999 -9999 -9999 -9999 -9999 -9999 -9999 -9999 -9999 -9999 -9999 -9999 -9999 -9999 -9999 -9999 -9999 -9999 -9999 -9999 -9999 -9999 -9999 -9999 -9999 -9999 -9999 -9999 -9999 -9999 -9999 -9999 -9999 -9999 -9999 -9999 -9999 -9999 -9999 -9999 -9999
-9999 -9999 -9999 -9999 -9999 -9999 -9999 -9999 -9999 -9999 -9999 -9999 -9999 100.66 99.683 98.814 99.337 99.773 99.194 98.501 99.199 100.335 100.601 100.984 101.123 101.272 101.287 -9999 -9999 -9999 -9999 -9999 -9999 -9999 -9999 -9999 -9999 -9999 -9999 -9999 -9999 -9999 -9999 -9999 -9999 -9999 -9999 -9999 -9999 -9999 -9999 -9999 -9999 -9999 -9999 -9999 -9999 -9999 -9999 -9999 -9999 -9999 -9999 -9999 -9999 -9999 -9999 -9999 -9999 -9999 -9999 -9999 -9999 -9999 -9999
-9999 -9999 -9999 -9999 -9999 -9999 -9999 98.404 -9999 -9999 100.374 101.939 101.088 99.433 99.194 99.803 100.059 100.194 99.657 99.211 99.714 99.536 99.944 100.53 100.811 101.373 101.225 -9999 -9999 -9999 -9999 -9999 -9999 -9999 -9999 -9999 -9999 -9999 -9999 -9999 -9999 -9999 -9999 -9999 -9999 -9999 -9999 -9999 -9999 -9999 -9999 -9999 -9999 -9999 -9999 -9999 -9999 -9999 -9999 -9999 -9999 -9999 -9999 -9999 -9999 -9999 -9999 -9999 -9999 -9999 -9999 -9999 -9999 -9999 -9999
-9999 -9999 -9999 -9999 -9999 96.965 97.964 99.653 99.059 98.002 98.977 99.282 97.827 96.311 97.036 98.184 98.068 97.622 97.655 98.383 98.004 97.267 98.377 100.548 100.948 101.265 100.977 -9999 -9999 -9999 -9999 -9999 -9999 -9999 -9999 -9999 -9999 -9999 -9999 -9999 -9999 -9999 -9999 -9999 -9999 -9999 -9999 -9999 -9999 -9999 -9999 -9999 -9999 -9999 -9999 -9999 -9999 -9999 -9999 -9999 -9999 -9999 -9999 -9999 -9999 -9999 -9999 -9999 -9999 -9999 -9999 -9999 -9999 -9999 -9999
-9999 -9999 -9999 -9999 -9999 97.992 99.922 -9999 100.177 99.716 99.467 98.314 97.867 98.8 99.163 98.63 98.593 99.147 99.427 99.216 99.0 99.458 100.729 101.172 101.282 101.158 -9999 100.384 -9999 -9999 -9999 -9999 -9999 -9999 -9999 -9999 -9999 -9999 -9999 -9999 -9999 -9999 -9999 -9999 -9999 -9999 -9999 -9999 -9999 -9999 -9999 -9999 -9999 -9999 -9999 -9999 -9999 -9999 -9999 -9999 -9999 -9999 -9999 -9999 -9999 -9999 -9999 -9999 -9999 -9999 -9999 -9999 -9999 -9999 -9999
-9999 -9999 -9999 -9999 -9999 -9999 101.107 100.232 99.591 98.447 97.432 96.39 97.342 98.638 98.426 98.615 99.568 101.348 100.74 99.452 99.963 100.726 101.073 101.413 101.284 101.124 100.853 100.721 -9999 -9999 -9999 -9999 -9999 -9999 -9999 -9999 -9999 -9999 -9999 -9999 -9999 -9999 -9999 -9999 -9999 -9999 -9999 -9999 -9999 -9999 -9999 -9999 -9999 -9999 -9999 -9999 -9999 -9999 -9999 -9999 -9999 -9999 -9999 -9999 -9999 -9999 -9999 -9999 -9999 -9999 -9999 -9999 -9999 -9999 -9999
-9999 -9999 -9999 -9999 -9999 -9999 -9999 99.82 98.8 97.495 97.311 98.31 98.95 98.951 99.209 99.666 100.26 99.418 98.618 98.246 99.058 100.169 100.499 100.931 100.806 100.703 100.563 100.489 -9999 -9999 -9999 -9999 -9999 -9999 -9999 -9999 -9999 -9999 -9999 -9999 -9999 -9999 -9999 -9999 -9999 -9999 -9999 -9999 -9999 -9999 -9999 -9999 -9999 -9999 -9999 -9999 -9999 -9999 -9999 -9999 -9999 -9999 -9999 -9999 -9999 -9999 -9999 -9999 -9999 -9999 -9999 -9999 -9999 -9999 -9999
-9999 -9999 -9999 -9999 -9999 100.679 100.065 97.387 97.113 96.763 97.656 98.72 98.639 98.494 99.226 100.572 99.796 98.896 98.646 98.494 99.505 100.662 100.954 101.121 100.951 -9999 100.464 -9999 -9999 -9999 -9999 -9999 -9999 100.548 100.345 100.294 -9999 -9999 -9999 -9999 -9999 -9999 -9999 -9999 -9999 -9999 -9999 -9999 -9999 -9999 -9999 -9999 -9999 -9999 -9999 -9999 -9999 -9999 -9999 -9999 -9999 -9999 -9999 -9999 -9999 -9999 -9999 -9999 -9999 -9999 -9999 -9999 -9999 -9999 -9999
98.049 -9999 -9999 -9999 -9999 -9999 97.67 97.611 97.676 98.317 98.672 97.648 97.498 97.365 98.256 98.83 97.996 97.025 97.263 98.112 99.106 100.17 100.391 100.731 100.621 100.721 -9999 -9999 -9999 -9999 100.35 100.415 100.467 100.401 100.311 100.258 100.247 100.207 100.166 100.138 100.113 100.097 100.086 100.082 100.085 100.095 100.082 100.11 100.152 100.209 100.233 100.041 -9999 -9999 -9999 -9999 -9999 -9999 -9999 -9999 -9999 -9999 -9999 -9999 -9999 -9999 -9999 -9999 -9999 -9999 -9999 -9999 -9999 -9999 -9999
96.429 -9999 -9999 -9999 100.253 -9999 98.921 97.199 97.233 96.611 96.524 97.61 97.543 97.602 97.949 98.152 97.035 95.409 96.835 99.476 100.144 100.48 100.627 100.544 100.604 -9999 -9999 -9999 -9999 100.206 100.415 100.338 100.262 100.193 100.131 100.075 100.026 99.983 99.946 99.914 99.888 99.867 99.85 99.84 99.834 99.835 99.843 99.858 99.883 99.921 99.949 99.966 -9999 -9999 -9999 -9999 -9999 -9999 -9999 -9999 -9999 -9999 -9999 -9999 -9999 -9999 -9999 -9999 -9999 -9999 -9999 -9999 -9999 -9999 -9999
95.965 -9999 -9999 -9999 100.381 100.397 99.412 98.277 97.497 96.415 97.209 97.844 98.077 98.01 97.848 97.208 96.627 97.323 99.013 99.908 100.114 100.212 100.234 100.411 -9999 -9999 100.38 100.31 100.305 100.27 100.19 100.107 100.03 99.959 99.895 99.837 99.785 99.739 99.699 99.663 99.632 99.605 99.582 99.563 99.549 99.539 99.533 99.532 99.537 99.549 99.56 99.59 99.617 -9999 -9999 -9999 -9999 -9999 -9999 -9999 -9999 -9999 -9999 -9999 -9999 -9999 -9999 -9999 -9999 -9999 -9999 -9999 -9999 -9999 -9999
97.246 -9999 98.524 -9999 97.91 97.663 96.976 96.583 96.322 97.112 97.314 97.167 97.055 96.773 95.956 94.716 95.611 97.096 97.817 98.517 98.856 99.633 99.756 99.847 -9999 100.103 100.117 99.364 99.438 99.668 99.377 98.72 98.849 99.327 99.37 99.599 99.546 99.498 99.357 99.057 99.119 99.348 99.271 99.114 99.14 99.251 99.233 99.217 99.143 98.967 99.095 99.169 99.166 -9999 -9999 -9999 -9999 -9999 -9999 -9999 -9999 -9999 -9999 -9999 -9999 -9999 -9999 -9999 -9999 -9999 -9999 -9999 -9999 -9999 -9999
-9999 96.921 -9999 -9999 -9999 96.862 96.726 96.857 96.113 93.075 93.63 95.444 95.576 96.348 96.1 96.374 97.141 97.211 97.42 97.03 97.935 99.289 99.434 99.68 99.706 99.839 99.573 99.602 99.683 99.533 99.079 98.772 99.091 99.317 99.406 99.36 99.306 99.256 99.031 98.863 99.005 99.095 98.97 98.872 98.933 98.97 98.94 98.911 98.692 98.377 98.532 98.766 98.718 -9999 -9999 -9999 -9999 -9999 -9999 -9999 -9999 -9999 -9999 -9999 -9999 -9999 -9999 -9999 -9999 -9999 -9999 -9999 -9999 -9999 -9999
94.586 -9999 -9999 -9999 -9999 97.883 98.314 99.275 -9999 92.286 93.548 94.418 95.069 95.989 96.686 98.094 98.096 98.058 97.511 96.649 97.117 96.498 97.3 99.164 99.011 98.538 98.199 97.254 97.425 98.057 98.128 98.72 98.949 99.274 99.034 98.477 98.597 99.015 98.904 98.861 98.885 98.845 98.715 98.52 98.575 98.694 98.654 98.611 98.42 98.369 98.454 98.375 98.329 -9999 -9999 -9999 -9999 -9999 -9999 -9999 -9999 -9999 -9999 -9999 -9999 -9999 -9999 -9999 -9999 -9999 -9999 -9999 -9999 -9999 -9999
96.269 -9999 -9999 -9999 96.898 -9999 -9999 97.433 94.99 93.891 94.831 96.136 96.5 96.395 97.473 98.34 97.731 96.196 95.77 95.864 96.089 97.548 98.573 98.819 98.652 98.864 97.713 95.934 96.883 98.546 98.727 98.381 98.474 98.295 98.08 98.293 98.573 98.774 98.727 98.682 98.639 98.597 98.432 98.274 98.353 98.421 98.371 98.316 98.254 98.184 98.094 98.008 -9999 -9999 -9999 -9999 -9999 -9999 -9999 -9999 -9999 -9999 -9999 -9999 -9999 -9999 -9999 -9999 -9999 -9999 -9999 -9999 -9999 -9999 -9999
95.099 95.903 94.531 -9999 -9999 -9999 96.771 95.039 -9999 93.801 94.948 96.203 96.351 96.887 97.529 98.043 97.125 96.339 96.273 95.979 97.019 97.886 97.621 96.598 97.182 98.458 97.314 96.701 97.917 98.892 98.605 98.305 98.099 97.799 97.924 97.989 97.96 97.626 97.824 98.44 98.395 98.35 98.245 98.197 98.205 98.15 98.09 98.023 97.947 97.857 97.744 -9999 -9999 -9999 -9999 -9999 -9999 -9999 -9999 -9999 -9999 -9999 -9999 -9999 -9999 -9999 -9999 -9999 -9999 -9999 -9999 -9999 -9999 -9999 -9999
94.84 96.663 95.373 -9999 94.672 95.349 96.15 96.198 95.886 95.718 96.12 95.466 96.058 96.892 97.069 96.957 96.774 97.294 97.133 97.102 97.282 96.683 96.458 97.321 98.019 98.134 97.711 97.426 98.038 98.341 98.148 98.046 97.736 97.322 97.337 97.308 97.317 97.821 98.149 98.196 98.15 98.103 98.053 98.0 97.943 97.88 97.81 97.731 97.639 97.531 97.406 -9999 -9999 -9999 -9999 -9999 -9999 -9999 -9999 -9999 -9999 -9999 -9999 -9999 -9999 -9999 -9999 -9999 -9999 -9999 -9999 -9999 -9999 -9999 -9999
96.609 97.833 97.096 96.949 96.506 96.539 -9999 94.808 94.05 92.261 92.146 92.729 93.657 94.974 95.151 95.871 96.394 96.978 96.959 97.01 96.611 96.411 96.785 96.649 95.916 93.843 93.958 94.663 95.438 97.104 97.092 97.208 96.737 96.052 96.326 97.12 97.546 98.013 98.011 97.953 97.906 97.856 97.802 97.744 97.68 97.609 97.529 97.437 97.33 97.203 -9999 -9999 -9999 -9999 -9999 -9999 -9999 -9999 -9999 -9999 -9999 -9999 -9999 -9999 -9999 -9999 -9999 -9999 -9999 -9999 -9999 -9999 -9999 -9999 -9999
-9999 -9999 -9999 96.639 96.482 -9999 95.486 94.403 93.555 93.738 94.121 94.328 95.084 95.279 95.533 95.213 95.68 95.999 95.763 95.115 95.387 96.414 96.436 96.713 95.595 95.494 95.568 94.839 96.038 96.962 96.891 96.55 96.4 96.96 97.389 97.465 97.718 97.768 97.727 97.709 97.66 97.607 97.55 97.486 97.416 97.336 97.245 97.14 97.016 96.904 -9999 -9999 -9999 -9999 -9999 -9999 -9999 -9999 -9999 -9999 -9999 -9999 -9999 -9999 -9999 -9999 -9999 -9999 -9999 -9999 -9999 -9999 -9999 -9999 -9999
-9999 -9999 96.538 96.692 -9999 94.458 95.215 -9999 94.932 96.095 96.112 95.86 96.047 96.285 95.889 95.267 95.421 95.369 94.634 93.548 93.417 91.673 92.086 92.822 93.908 96.975 96.651 96.818 96.503 94.407 93.15 90.262 92.099 96.29 96.403 96.623 96.601 96.484 96.74 97.465 97.414 97.358 97.27 97.13 97.078 97.059 96.964 96.875 96.778 96.711 -9999 -9999 -9999 -9999 -9999 -9999 -9999 -9999 -9999 -9999 -9999 -9999 -9999 -9999 -9999 -9999 -9999 -9999 -9999 -9999 -9999 -9999 -9999 -9999 -9999
-9999 -9999 94.83 -9999 -9999 94.187 95.253 95.148 95.682 95.485 95.187 94.739 95.081 95.665 95.041 94.193 94.61 95.776 95.295 95.482 94.41 93.967 94.071 93.351 94.529 93.464 94.211 96.004 94.992 95.194 93.836 94.26 96.568 96.676 96.801 96.878 96.626 96.112 96.681 97.219 97.165 97.108 96.993 96.874 96.865 96.85 96.778 96.701 96.616 96.517 -9999 -9999 -9999 -9999 -9999 -9999 -9999 -9999 -9999 -9999 -9999 -9999 -9999 -9999 -9999 -9999 -9999 -9999 -9999 -9999 -9999 -9999 -9999 -9999 -9999
-9999 -9999 -9999 -9999 -9999 -9999 95.763 96.196 95.642 94.434 94.451 95.099 95.261 94.892 93.611 91.258 92.688 94.905 95.104 95.357 95.534 96.636 96.422 96.861 95.997 95.165 95.491 93.903 93.976 93.907 94.89 97.104 97.119 97.064 97.137 97.171 96.88 96.822 97.08 97.035 96.985 96.935 96.852 96.795 96.764 96.698 96.625 96.546 96.456 -9999 -9999 -9999 -9999 -9999 -9999 -9999 -9999 -9999 -9999 -9999 -9999 -9999 -9999 -9999 -9999 -9999 -9999 -9999 -9999 -9999 -9999 -9999 -9999 -9999 -9999
-9999 -9999 -9999 -9999 95.042 94.448 -9999 96.864 95.883 94.917 95.065 94.565 94.188 93.653 92.92 94.174 95.103 94.54 94.757 94.969 95.596 95.77 95.003 92.356 93.159 96.47 95.57 95.359 95.044 94.305 95.138 94.42 94.808 96.006 95.743 95.167 95.907 96.974 96.933 96.889 96.841 96.791 96.737 96.679 96.617 96.549 96.474 96.391 96.299 -9999 -9999 -9999 -9999 -9999 -9999 -9999 -9999 -9999 -9999 -9999 -9999 -9999 -9999 -9999 -9999 -9999 -9999 -9999 -9999 -9999 -9999 -9999 -9999 -9999 -9999
-9999 -9999 -9999 94.692 94.747 93.926 95.017 95.71 95.282 95.439 95.134 94.981 94.81 95.039 95.96 96.701 95.638 93.584 94.012 94.85 94.754 94.261 93.124 93.747 95.186 94.478 94.312 94.167 94.165 95.195 94.591 93.973 94.651 94.878 93.962 92.714 93.801 95.442 96.102 96.749 96.7 96.649 96.594 96.535 96.418 96.204 96.18 96.237 -9999 -9999 -9999 -9999 -9999 -9999 -9999 -9999 -9999 -9999 -9999 -9999 -9999 -9999 -9999 -9999 -9999 -9999 -9999 -9999 -9999 -9999 -9999 -9999 -9999 -9999 -9999
-9999 -9999 -9999 94.396 -9999 95.106 95.047 93.892 94.378 95.422 94.919 93.776 94.148 94.744 94.823 94.022 93.248 94.021 94.197 93.502 93.777 95.195 95.575 95.749 95.31 95.121 94.967 94.764 95.337 95.461 95.197 95.355 95.401 95.24 94.633 95.036 95.734 95.83 96.281 96.611 96.561 96.508 96.452 96.391 96.128 95.722 95.838 96.083 -9999 -9999 -9999 -9999 -9999 -9999 -9999 -9999 -9999 -9999 -9999 -9999 -9999 -9999 -9999 -9999 -9999 -9999 -9999 -9999 -9999 -9999 -9999 -9999 -9999 -9999 -9999
-9999 -9999 -9999 -9999 -9999 95.209 94.587 94.489 95.525 96.823 95.783 94.568 94.694 94.124 92.84 90.525 91.711 93.819 92.965 91.639 93.076 94.961 94.994 94.854 95.068 95.918 95.965 96.384 96.386 96.23 95.998 95.164 95.265 95.787 95.911 95.716 95.72 95.954 96.214 96.473 96.413 96.332 96.292 96.277 96.022 95.906 96.016 95.98 -9999 -9999 -9999 -9999 -9999 -9999 -9999 -9999 -9999 -9999 -9999 -9999 -9999 -9999 -9999 -9999 -9999 -9999 -9999 -9999 -9999 -9999 -9999 -9999 -9999 -9999 -9999
-9999 -9999 -9999 93.611 94.944 94.52 94.518 94.62 95.425 95.761 95.433 96.21 -9999 94.45 93.409 93.832 94.841 94.638 93.843 93.552 94.755 95.366 95.326 95.426 95.68 95.198 95.579 96.033 95.909 95.799 95.211 94.796 95.202 95.593 95.471 95.437 95.575 95.666 95.939 96.34 96.261 96.176 96.096 95.91 95.76 95.522 95.295 95.055 -9999 -9999 -9999 -9999 -9999 -9999 -9999 -9999 -9999 -9999 -9999 -9999 -9999 -9999 -9999 -9999 -9999 -9999 -9999 -9999 -9999 -9999 -9999 -9999 -9999 -9999 -9999
95.36 94.668 93.527 -9999 94.298 94.406 94.614 94.996 95.093 94.868 95.563 -9999 94.969 92.881 93.285 93.787 93.906 94.511 94.467 94.761 95.346 96.067 96.123 96.147 96.016 96.344 96.584 96.61 96.527 96.467 96.224 96.161 96.331 96.267 96.2 96.09 96.06 95.893 96.137 96.274 96.184 96.073 95.945 95.878 95.639 95.333 93.882 -9999 -9999 -9999 -9999 -9999 -9999 -9999 -9999 -9999 -9999 -9999 -9999 -9999 -9999 -9999 -9999 -9999 -9999 -9999 -9999 -9999 -9999 -9999 -9999 -9999 -9999 -9999 -9999
95.209 94.813 94.978 95.123 -9999 94.852 95.059 95.103 94.935 94.776 94.9 94.143 93.334 94.066 94.046 93.305 93.955 94.864 94.825 94.324 94.764 94.941 95.012 95.181 95.724 96.74 96.78 96.864 96.806 96.746 96.684 96.621 96.556 96.49 96.321 96.04 95.882 95.721 95.813 95.916 95.879 95.948 95.878 95.804 94.552 -9999 -9999 -9999 -9999 -9999 -9999 -9999 -9999 -9999 -9999 -9999 -9999 -9999 -9999 -9999 -9999 -9999 -9999 -9999 -9999 -9999 -9999 -9999 -9999 -9999 -9999 -9999 -9999 -9999 -9999
-9999 -9999 95.012 -9999 94.518 93.912 93.862 93.761 94.142 -9999 -9999 90.46 91.603 93.649 93.289 93.36 94.193 95.174 95.139 95.748 95.715 95.383 94.825 93.103 94.25 95.937 96.19 96.767 96.709 96.648 96.586 96.522 96.418 96.246 96.104 96.132 96.008 95.927 95.938 95.876 95.881 95.811 95.74 95.671 -9999 -9999 -9999 -9999 -9999 -9999 -9999 -9999 -9999 -9999 -9999 -9999 -9999 -9999 -9999 -9999 -9999 -9999 -9999 -9999 -9999 -9999 -9999 -9999 -9999 -9999 -9999 -9999 -9999 -9999 -9999
93.822 -9999 95.496 95.473 94.941 94.336 94.29 94.395 -9999 -9999 94.39 92.384 93.644 94.19 93.782 92.602 93.416 94.242 94.836 95.591 95.512 95.762 94.654 94.079 95.288 96.209 96.548 96.672 96.613 96.552 96.489 96.423 96.266 96.098 96.112 96.13 96.046 95.959 95.88 95.815 95.747 95.674 95.544 95.306 93.42 -9999 -9999 -9999 -9999 -9999 -9999 -9999 -9999 -9999 -9999 -9999 -9999 -9999 -9999 -9999 -9999 -9999 -9999 -9999 -9999 -9999 -9999 -9999 -9999 -9999 -9999 -9999 -9999 -9999 -9999
