Validation/Results/raw data/ReClimate_05_2024_2_Precipitation-Actuals.asc
NCOLS 192
NROWS 249
XLLCENTER -225160.85627316462
YLLCENTER 29788.11610251502
CELLSIZE 5000.0
NODATA_VALUE -9999
[rows 198 to 230 of 249, columns 74 to 147 of 192]
-9999 -9999 -9999 -9999 -9999 -9999 -9999 -9999 -9999 -9999 -9999 -9999 -9999 -9999 -9999 -9999 -9999 -9999 103.448 105.201 102.126 96.009 93.354 100.458 103.431 124.987 126.046 134.185 130.872 112.323 92.523 73.897 75.945 78.678 82.218 84.97 73.269 62.831 58.955 59.353 60.032 63.771 61.387 63.676 64.304 61.669 58.046 55.976 55.644 59.613 57.761 59.381 62.643 62.431 57.175 60.035 58.766 58.057 56.763 56.893 57.67 57.792 56.761 55.213 53.675 51.226 50.437 49.762 48.98 48.295 52.89 48.461 45.814 46.007
-9999 -9999 -9999 -9999 -9999 -9999 -9999 -9999 -9999 -9999 -9999 -9999 -9999 -9999 -9999 64.389 81.676 91.31 92.68 102.726 101.195 100.232 99.36 99.902 117.382 125.667 132.0 123.902 125.791 105.2 93.542 92.438 80.011 71.475 88.804 73.549 60.242 49.076 53.797 55.883 62.027 57.236 57.732 58.172 62.245 62.307 58.388 58.869 57.364 57.872 54.893 55.863 59.234 57.971 55.747 54.229 59.036 59.995 61.182 56.552 54.39 53.833 52.592 53.299 52.592 50.315 47.751 48.138 48.105 47.276 46.318 47.545 43.909 43.467
-9999 -9999 -9999 -9999 -9999 -9999 -9999 -9999 -9999 -9999 -9999 -9999 -9999 81.204 74.986 76.801 80.959 85.806 98.773 101.305 109.176 104.347 109.33 127.171 117.861 122.07 124.655 114.654 116.713 111.962 114.951 96.758 82.721 81.385 70.619 62.81 50.684 64.246 60.539 51.893 52.668 51.394 52.854 57.44 64.694 62.378 62.106 58.462 54.94 54.33 53.581 55.721 57.132 55.602 57.931 55.881 52.949 54.561 55.167 56.271 52.31 52.987 53.482 53.035 51.838 50.117 47.852 44.406 43.262 45.271 46.342 40.639 43.122 45.935
-9999 -9999 -9999 -9999 -9999 -9999 -9999 -9999 -9999 83.781 88.941 85.967 82.993 96.393 89.53 94.537 90.093 94.279 101.143 104.718 121.736 134.359 152.411 130.559 113.93 119.939 113.024 113.519 115.403 121.584 109.191 93.927 81.616 83.466 71.697 60.035 73.753 71.114 57.34 57.661 53.099 52.663 52.36 61.139 64.379 58.774 60.28 52.215 52.49 54.182 57.302 57.659 53.938 57.92 56.53 56.008 51.907 50.478 51.91 51.129 50.568 51.947 50.505 52.779 53.151 50.917 49.89 46.099 43.907 45.395 47.112 45.88 43.046 44.591
-9999 -9999 -9999 -9999 -9999 -9999 -9999 -9999 76.551 85.392 87.744 93.316 114.928 123.514 123.171 110.986 98.845 108.473 110.408 121.425 127.384 142.794 142.168 126.169 119.099 106.191 102.825 103.594 107.208 107.737 98.874 90.191 86.185 78.781 78.407 87.755 97.303 74.717 60.262 54.649 55.833 55.192 59.413 57.545 54.508 54.41 52.886 53.244 54.394 56.122 59.519 57.881 60.378 60.335 61.304 55.215 55.098 57.265 53.549 49.906 48.825 50.899 51.229 49.838 50.186 49.143 55.357 52.283 47.234 47.715 49.214 44.643 43.223 43.76
-9999 -9999 -9999 -9999 -9999 -9999 -9999 71.331 79.389 85.994 89.923 101.961 118.973 120.613 115.314 107.784 111.839 110.519 120.014 118.474 126.95 142.242 135.361 116.734 103.576 94.66 103.86 109.149 106.255 97.806 91.296 84.087 71.841 74.497 77.571 102.591 93.629 80.023 59.779 60.681 62.42 61.129 55.257 53.522 52.419 52.035 55.785 53.972 55.407 58.362 62.324 57.282 60.521 64.761 60.21 55.215 53.089 57.526 57.633 52.817 49.944 50.185 48.696 49.51 49.743 48.742 51.284 54.738 49.682 47.967 46.86 44.409 42.57 45.129
-9999 -9999 -9999 -9999 -9999 66.168 -9999 69.882 73.806 79.589 88.0 93.128 98.567 99.951 101.551 105.538 107.814 116.999 115.169 119.062 117.995 120.597 106.503 102.712 104.727 119.848 128.465 143.528 151.871 117.995 109.45 101.069 107.603 93.06 78.538 85.771 106.927 77.899 67.224 68.819 69.616 60.851 54.539 55.331 56.539 57.811 55.01 51.891 54.425 61.52 59.343 62.155 64.897 61.538 57.821 55.125 51.853 52.274 55.127 53.235 50.382 48.067 47.622 51.547 51.749 50.055 50.69 49.677 49.007 46.249 44.162 43.2 43.383 44.62
-9999 -9999 -9999 -9999 -9999 -9999 -9999 -9999 -9999 84.686 82.87 85.137 90.343 91.637 90.573 96.442 100.554 99.206 105.785 106.283 105.738 110.984 108.833 116.268 119.179 135.141 148.933 168.001 161.987 156.398 141.078 151.963 145.691 100.278 89.878 88.766 69.09 73.383 72.474 65.8 64.775 58.047 62.69 63.266 62.859 55.5 51.378 50.826 57.198 59.733 62.733 69.311 66.447 63.767 56.279 54.995 54.212 55.52 52.714 49.391 48.101 48.158 47.09 48.567 50.972 47.134 47.553 46.771 46.537 47.187 47.627 47.401 45.94 43.335
-9999 -9999 -9999 -9999 -9999 -9999 -9999 -9999 -9999 81.184 79.112 81.818 86.9 92.783 100.061 100.422 93.715 93.78 97.957 97.393 108.712 113.994 113.336 114.984 116.111 125.803 134.649 147.235 148.307 144.375 142.773 148.558 125.149 115.164 94.441 74.656 83.461 89.307 69.832 68.844 55.542 66.787 63.982 67.027 64.562 65.053 51.471 54.62 60.685 69.162 69.053 65.315 61.754 60.699 54.695 56.392 54.903 51.957 51.194 48.439 47.572 49.691 49.071 56.571 52.054 45.671 45.939 45.185 45.158 46.863 50.732 48.685 46.663 45.012
-9999 -9999 -9999 -9999 -9999 -9999 -9999 67.867 73.924 80.05 83.056 -9999 87.476 93.11 93.881 87.025 85.205 86.085 -9999 93.58 98.903 107.592 121.118 114.214 129.667 133.666 143.142 152.225 139.569 123.971 125.585 112.001 106.005 103.037 97.354 88.922 94.033 83.409 69.453 63.039 63.287 62.641 67.447 65.129 65.957 53.354 53.385 56.019 62.671 64.98 63.617 59.589 58.527 57.693 58.514 54.735 55.184 50.276 48.271 46.52 49.887 49.74 47.841 47.425 50.838 43.454 43.752 43.836 44.501 47.327 50.397 50.796 47.168 45.954
-9999 -9999 -9999 -9999 -9999 -9999 -9999 68.273 -9999 -9999 -9999 83.258 84.646 83.618 -9999 -9999 -9999 -9999 -9999 89.935 95.659 110.094 104.958 111.941 121.514 124.554 136.983 139.878 134.702 159.993 150.67 119.34 102.767 102.451 105.277 101.611 94.176 73.434 69.285 64.985 61.476 64.366 61.02 60.553 57.925 55.485 50.854 58.25 65.603 62.614 62.015 58.415 54.38 53.916 56.59 53.557 50.996 48.473 48.053 47.084 46.499 48.036 45.259 44.277 43.686 43.05 43.604 51.211 48.311 46.248 49.66 51.745 47.657 44.355
-9999 -9999 -9999 -9999 -9999 -9999 -9999 -9999 -9999 76.706 80.807 80.446 77.255 78.567 -9999 -9999 -9999 -9999 -9999 -9999 -9999 -9999 96.454 104.532 106.754 107.234 122.729 138.804 170.787 180.737 168.542 142.872 120.961 110.043 104.184 88.576 95.037 87.308 68.907 67.937 77.09 71.743 65.823 55.036 56.938 55.752 58.606 67.504 64.908 62.259 60.212 57.93 54.957 51.562 54.045 52.312 48.25 47.133 46.117 45.365 43.021 42.921 42.935 43.731 44.387 43.008 46.025 43.417 49.642 47.637 48.374 48.532 46.907 42.497
-9999 -9999 -9999 -9999 -9999 -9999 -9999 -9999 -9999 -9999 80.44 -9999 -9999 -9999 -9999 -9999 -9999 -9999 -9999 -9999 89.905 93.339 98.849 98.807 93.975 98.152 113.075 142.715 168.5 184.962 177.431 143.073 115.593 111.646 101.325 95.562 95.573 78.198 67.423 69.246 71.463 70.161 61.901 -9999 57.797 60.299 64.719 70.384 66.486 64.972 61.198 57.245 54.145 51.524 51.816 50.951 45.778 43.475 43.551 41.43 38.485 40.066 41.82 41.679 43.279 48.734 47.407 49.396 43.547 45.623 46.085 45.802 46.664 43.801
-9999 -9999 -9999 -9999 -9999 -9999 -9999 -9999 -9999 -9999 -9999 -9999 -9999 -9999 -9999 -9999 -9999 -9999 -9999 -9999 88.537 92.568 90.268 88.387 -9999 -9999 -9999 118.696 151.107 156.382 144.753 126.251 120.377 116.49 107.945 92.579 82.737 73.765 65.392 64.361 70.433 75.709 -9999 58.889 61.511 60.873 66.016 67.049 63.437 60.122 60.318 65.486 55.163 49.915 48.715 49.356 47.426 44.923 46.766 45.978 42.229 38.827 40.415 41.291 43.888 43.868 48.099 46.33 45.635 44.751 46.31 43.413 41.11 42.91
-9999 -9999 -9999 -9999 -9999 -9999 -9999 -9999 -9999 -9999 -9999 -9999 -9999 -9999 -9999 -9999 -9999 -9999 -9999 -9999 -9999 -9999 -9999 -9999 -9999 -9999 -9999 89.376 112.484 125.499 115.089 114.265 110.742 106.487 97.05 86.402 76.887 69.687 64.841 65.347 -9999 -9999 59.928 59.989 62.915 65.123 64.843 64.272 59.775 59.796 61.735 57.478 54.298 51.314 48.642 51.895 52.435 49.96 49.791 52.572 46.85 42.745 43.026 42.597 42.93 46.165 45.847 46.05 43.32 42.581 42.122 41.884 40.115 40.371
-9999 -9999 -9999 -9999 -9999 -9999 -9999 -9999 -9999 -9999 -9999 -9999 -9999 -9999 -9999 -9999 -9999 -9999 -9999 -9999 -9999 -9999 -9999 -9999 -9999 -9999 -9999 83.064 94.677 96.074 98.549 104.839 97.321 92.844 89.59 80.422 75.172 -9999 -9999 -9999 -9999 -9999 58.718 62.639 65.452 64.315 65.345 64.369 60.854 58.893 55.736 50.874 51.926 55.352 52.78 54.886 55.148 53.052 51.086 52.096 49.939 44.119 43.86 42.036 41.762 44.777 43.671 43.352 41.303 39.718 37.332 37.109 39.454 40.367
-9999 -9999 -9999 -9999 -9999 -9999 -9999 -9999 -9999 -9999 -9999 -9999 -9999 -9999 -9999 -9999 -9999 -9999 -9999 -9999 -9999 -9999 -9999 -9999 -9999 -9999 -9999 -9999 -9999 88.442 97.9 95.484 90.85 88.283 84.281 80.379 -9999 -9999 -9999 -9999 66.889 69.546 68.238 61.928 62.942 64.745 68.635 64.865 60.508 59.469 56.125 54.657 55.533 51.954 54.28 55.977 56.653 54.416 51.444 49.947 48.686 45.121 42.654 43.049 40.769 42.631 43.7 41.471 40.759 40.161 39.861 37.829 37.489 38.495
-9999 -9999 -9999 -9999 -9999 -9999 -9999 -9999 -9999 -9999 -9999 -9999 -9999 -9999 -9999 -9999 -9999 -9999 -9999 -9999 -9999 -9999 -9999 -9999 -9999 -9999 -9999 -9999 -9999 -9999 82.024 82.067 88.833 83.131 80.42 -9999 -9999 -9999 -9999 67.141 70.871 72.137 69.941 64.958 63.046 63.678 66.498 62.538 63.877 60.779 56.951 60.399 59.908 57.289 54.971 58.138 54.419 49.754 48.08 46.112 45.909 42.707 43.341 42.744 42.661 42.003 42.695 43.243 44.484 40.811 41.833 40.593 39.012 37.898
-9999 -9999 -9999 -9999 -9999 -9999 -9999 -9999 -9999 -9999 -9999 -9999 -9999 -9999 -9999 -9999 -9999 -9999 -9999 -9999 -9999 -9999 -9999 -9999 -9999 -9999 -9999 -9999 -9999 -9999 -9999 -9999 -9999 -9999 -9999 -9999 -9999 -9999 70.641 70.378 71.008 70.482 68.478 66.316 62.846 65.302 62.494 62.762 60.537 55.247 58.552 59.17 58.194 56.003 55.551 56.851 55.083 53.284 51.331 47.095 45.716 44.627 43.54 45.739 43.979 46.685 45.871 42.919 43.578 44.301 40.668 41.473 40.154 39.448
-9999 -9999 -9999 -9999 -9999 -9999 -9999 -9999 -9999 -9999 -9999 -9999 -9999 -9999 -9999 -9999 -9999 -9999 -9999 -9999 -9999 -9999 -9999 -9999 -9999 -9999 -9999 -9999 -9999 -9999 -9999 -9999 -9999 -9999 -9999 -9999 -9999 65.288 67.528 75.787 78.988 87.181 76.246 63.582 65.133 66.166 64.228 60.539 53.443 53.681 53.267 53.286 54.422 53.572 56.119 57.54 58.235 54.356 52.351 53.699 49.773 45.108 43.14 43.452 43.38 42.784 45.757 44.055 42.896 43.194 42.181 40.212 40.545 40.97
-9999 -9999 -9999 -9999 -9999 -9999 -9999 -9999 -9999 -9999 -9999 -9999 -9999 -9999 -9999 -9999 -9999 -9999 -9999 -9999 -9999 -9999 -9999 -9999 -9999 -9999 -9999 -9999 -9999 -9999 -9999 -9999 -9999 -9999 -9999 -9999 -9999 62.278 66.85 71.738 82.427 86.197 84.8 78.498 72.338 68.201 65.54 58.463 54.846 52.659 54.894 59.264 58.749 57.808 54.745 52.102 52.512 54.672 53.473 52.189 53.251 47.539 44.687 45.06 43.428 43.263 44.146 43.34 44.871 47.451 42.959 40.097 41.301 43.755
-9999 -9999 -9999 -9999 -9999 -9999 -9999 -9999 -9999 -9999 -9999 -9999 -9999 -9999 -9999 -9999 -9999 -9999 -9999 -9999 -9999 -9999 -9999 -9999 104.448 116.986 127.284 106.284 -9999 85.528 -9999 -9999 -9999 -9999 -9999 -9999 -9999 -9999 63.996 66.938 71.419 76.946 82.077 83.685 80.518 73.696 64.956 60.379 56.758 57.242 58.218 50.599 53.489 52.388 51.562 47.792 47.771 49.121 49.412 51.209 49.074 50.077 48.51 50.415 49.684 45.389 45.72 46.97 44.114 43.923 45.394 42.207 43.696 45.368
-9999 -9999 -9999 -9999 -9999 -9999 -9999 -9999 -9999 -9999 -9999 -9999 -9999 -9999 -9999 -9999 -9999 -9999 -9999 -9999 -9999 111.429 112.36 99.934 104.835 128.428 127.326 110.24 103.184 83.951 66.943 57.901 -9999 -9999 66.803 61.924 61.963 67.775 62.966 63.262 69.077 69.74 74.454 79.404 81.586 75.949 71.607 62.608 66.544 62.609 51.43 51.003 49.621 48.286 47.329 46.163 46.728 47.58 48.103 46.009 53.888 53.055 51.532 48.956 51.381 51.062 45.677 44.406 44.091 41.152 42.229 43.539 49.467 50.487
-9999 -9999 -9999 -9999 -9999 -9999 -9999 -9999 -9999 -9999 -9999 -9999 -9999 -9999 -9999 -9999 -9999 -9999 -9999 -9999 108.035 111.007 98.29 97.72 115.379 133.889 135.439 129.577 113.641 93.686 81.156 66.022 56.202 62.436 68.155 81.91 61.026 59.756 58.097 62.69 63.351 65.116 68.985 76.413 74.913 73.818 68.992 72.689 65.411 61.733 56.6 51.114 50.954 48.08 47.167 45.594 45.417 46.766 45.51 46.296 46.232 51.995 50.347 51.152 51.42 50.924 47.736 44.262 46.094 44.122 36.56 41.538 44.128 49.28
-9999 -9999 -9999 -9999 -9999 -9999 -9999 -9999 -9999 -9999 -9999 -9999 -9999 -9999 -9999 -9999 -9999 -9999 -9999 -9999 107.711 88.593 84.839 89.306 106.83 122.063 129.24 130.376 110.901 94.889 80.84 76.512 75.311 69.492 79.626 60.046 61.609 57.381 55.487 56.725 56.928 61.663 62.976 64.889 64.234 66.777 69.28 66.647 64.984 61.995 55.704 50.52 50.268 48.225 47.887 46.854 46.533 46.162 45.036 44.774 45.563 46.707 48.344 50.512 52.764 51.403 47.39 46.92 47.835 47.766 43.745 39.378 43.28 41.228
-9999 -9999 -9999 -9999 -9999 -9999 -9999 -9999 -9999 -9999 -9999 -9999 -9999 -9999 -9999 -9999 -9999 -9999 -9999 -9999 91.089 77.512 78.17 80.89 91.002 97.484 103.769 100.019 94.326 94.674 105.678 83.127 79.901 72.687 58.412 56.99 54.537 53.397 53.383 53.814 61.228 58.442 57.938 57.686 59.883 64.62 63.036 61.051 57.207 56.642 52.74 49.025 52.896 47.416 43.014 44.597 44.633 45.851 47.647 45.985 45.603 48.514 50.095 51.411 53.171 56.499 53.029 47.937 46.162 44.588 43.457 42.471 43.333 43.187
-9999 -9999 -9999 -9999 -9999 -9999 -9999 -9999 -9999 -9999 -9999 -9999 -9999 -9999 -9999 -9999 92.363 99.052 -9999 90.463 75.414 78.164 81.259 77.418 77.084 81.032 84.524 89.688 87.805 96.943 81.132 76.863 71.885 61.403 57.846 54.392 55.109 53.328 50.51 51.918 53.687 54.887 57.385 56.417 59.482 56.524 55.86 56.183 58.294 57.353 54.171 60.316 59.406 51.542 44.567 39.4 41.862 44.693 45.475 48.052 46.86 48.15 52.079 50.641 51.608 51.223 53.31 49.017 45.181 44.744 43.733 43.877 43.4 42.353
-9999 -9999 -9999 -9999 -9999 -9999 -9999 -9999 -9999 -9999 -9999 -9999 -9999 -9999 -9999 -9999 98.01 101.484 98.635 88.352 84.14 83.754 78.758 79.1 83.57 77.962 84.488 83.755 81.45 84.169 74.967 72.219 67.52 64.387 66.981 72.12 61.375 54.031 52.889 50.278 53.719 56.746 56.777 56.237 54.789 53.036 53.681 53.469 52.724 53.885 54.663 59.191 56.426 50.902 47.996 45.533 42.36 42.083 40.03 43.733 45.863 45.528 47.237 49.507 50.284 52.334 52.318 55.008 49.557 44.938 44.7 43.657 43.12 42.716
-9999 -9999 -9999 -9999 -9999 -9999 -9999 -9999 -9999 -9999 -9999 -9999 -9999 -9999 -9999 93.709 104.363 109.655 105.412 98.655 88.599 84.065 82.161 84.279 77.809 76.173 80.968 78.216 78.283 75.499 71.235 66.462 65.69 66.415 76.617 72.729 68.366 60.893 54.342 51.627 53.627 52.954 53.866 52.981 53.055 50.905 48.631 49.289 49.871 52.33 49.906 52.668 49.483 49.541 44.366 44.575 47.297 44.744 41.375 38.624 43.518 44.073 45.381 44.689 47.209 49.894 52.166 54.303 55.663 50.526 52.264 43.619 46.791 48.576
-9999 -9999 -9999 -9999 -9999 -9999 -9999 -9999 -9999 -9999 -9999 -9999 -9999 -9999 -9999 -9999 95.329 105.795 100.383 92.619 84.405 80.909 78.818 74.068 77.703 75.914 78.857 73.134 71.784 68.298 64.449 64.969 58.364 70.372 71.94 73.606 70.354 67.601 58.404 59.629 56.371 56.274 55.824 54.452 52.187 49.856 50.343 50.316 52.289 45.961 52.771 49.435 48.083 48.075 46.2 43.649 45.769 44.991 42.584 40.059 -9999 45.065 43.195 48.683 45.677 44.871 44.573 45.548 47.779 47.558 46.587 48.785 43.216 49.353
-9999 -9999 -9999 -9999 -9999 -9999 -9999 -9999 -9999 -9999 -9999 -9999 -9999 -9999 -9999 89.389 88.406 92.317 91.863 91.759 89.028 85.495 75.84 75.077 70.192 70.199 65.99 62.621 61.918 63.469 63.467 58.76 62.931 64.511 64.815 66.243 71.455 60.972 60.953 67.927 66.145 65.605 67.022 59.326 58.626 59.095 55.561 51.29 47.883 50.01 52.535 48.897 46.761 45.734 44.539 46.16 46.874 43.903 46.104 43.577 39.678 -9999 40.843 -9999 42.318 -9999 39.438 -9999 41.77 42.383 41.761 41.801 41.781 42.329
-9999 -9999 -9999 -9999 -9999 -9999 -9999 -9999 -9999 -9999 -9999 -9999 -9999 -9999 -9999 85.109 84.566 86.279 87.542 94.013 94.471 91.684 82.461 77.191 67.351 64.115 58.518 54.615 55.279 57.527 58.291 55.896 56.083 60.139 62.542 69.389 64.389 58.667 66.687 63.262 59.048 62.656 58.898 58.215 63.585 57.958 51.452 49.952 47.628 49.986 48.633 47.352 46.332 43.759 42.888 44.713 45.756 47.29 43.274 41.721 38.821 -9999 -9999 37.248 36.572 -9999 -9999 36.793 38.373 40.259 -9999 -9999 -9999 -9999
-9999 -9999 -9999 -9999 -9999 -9999 -9999 -9999 -9999 -9999 -9999 -9999 -9999 -9999 97.279 88.247 89.659 84.402 85.379 87.504 93.357 96.658 96.133 91.504 84.817 68.84 57.77 52.813 54.566 53.782 51.536 50.742 55.309 58.037 67.184 69.12 66.656 64.502 60.533 51.438 50.438 56.166 58.954 63.826 58.718 53.879 50.909 49.684 47.688 45.291 43.898 43.874 44.249 42.074 40.048 39.211 40.186 40.65 -9999 -9999 -9999 39.432 -9999 -9999 -9999 -9999 -9999 -9999 40.328 -9999 -9999 -9999 -9999 -9999
