Validation/Results/raw data/ReClimate_03_2024_1.asc
NCOLS 192
NROWS 249
XLLCENTER -225160.85627316462
YLLCENTER 29788.11610251502
CELLSIZE 5000.0
NODATA_VALUE -9999
[rows 165 to 197 of 249, columns 74 to 147 of 192]
-9999 -9999 -9999 -9999 -9999 -9999 -9999 -9999 -9999 -9999 -9999 -9999 -9999 -9999 -9999 -9999 -9999 -9999 -9999 -9999 -9999 -9999 -9999 -9999 -9999 -9999 -9999 -9999 -9999 -9999 -9999 -9999 -9999 -9999 -9999 -9999 -9999 -9999 112.954 113.013 113.059 113.077 113.096 113.1 113.079 113.05 112.998 112.919 112.833 112.754 112.68 112.611 112.545 112.48 112.416 112.351 112.285 112.216 112.144 112.07 111.992 111.916 111.84 111.764 111.686 111.61 111.557 111.51 111.465 111.421 111.378 111.336 111.294 111.25
-9999 -9999 -9999 -9999 -9999 -9999 -9999 -9999 -9999 -9999 -9999 -9999 -9999 -9999 -9999 -9999 -9999 -9999 -9999 -9999 -9999 -9999 -9999 -9999 -9999 -9999 -9999 -9999 -9999 -9999 -9999 -9999 -9999 -9999 -9999 -9999 -9999 -9999 112.927 112.991 113.03 113.065 113.087 113.08 113.061 113.04 113.004 112.941 112.854 112.774 112.7 112.63 112.562 112.497 112.433 112.368 112.301 112.233 112.161 112.087 112.014 111.939 111.864 111.788 111.708 111.626 111.552 111.499 111.452 111.406 111.361 111.317 111.268 111.215
-9999 -9999 -9999 -9999 -9999 -9999 -9999 -9999 -9999 -9999 -9999 -9999 -9999 -9999 -9999 -9999 -9999 -9999 -9999 -9999 -9999 -9999 -9999 -9999 -9999 -9999 -9999 -9999 -9999 -9999 -9999 -9999 -9999 -9999 -9999 -9999 -9999 112.792 112.863 112.921 112.963 113.019 113.063 113.062 113.046 113.029 113.006 112.958 112.877 112.796 112.72 112.648 112.58 112.514 112.449 112.384 112.318 112.25 112.18 112.109 112.036 111.963 111.887 111.808 111.727 111.644 111.557 111.487 111.435 111.387 111.337 111.284 111.224 111.157
-9999 -9999 -9999 -9999 -9999 -9999 -9999 -9999 -9999 -9999 -9999 -9999 -9999 -9999 -9999 -9999 -9999 -9999 -9999 -9999 -9999 -9999 -9999 -9999 -9999 -9999 -9999 -9999 -9999 -9999 -9999 -9999 -9999 -9999 -9999 -9999 -9999 112.718 112.791 112.846 112.898 112.969 113.022 113.028 113.021 113.014 113.002 112.962 112.895 112.817 112.741 112.668 112.598 112.531 112.465 112.4 112.334 112.269 112.203 112.133 112.06 111.984 111.906 111.825 111.743 111.657 111.569 111.478 111.41 111.347 111.28 111.21 111.14 111.066
-9999 -9999 -9999 -9999 -9999 -9999 -9999 -9999 -9999 -9999 -9999 -9999 -9999 -9999 -9999 -9999 -9999 -9999 -9999 -9999 -9999 -9999 -9999 -9999 -9999 -9999 -9999 -9999 -9999 -9999 -9999 -9999 -9999 -9999 -9999 -9999 -9999 -9999 112.726 112.789 112.854 112.923 112.961 112.975 112.985 112.984 112.978 112.954 112.902 112.835 112.761 112.687 112.615 112.547 112.48 112.417 112.356 112.293 112.228 112.157 112.081 112.002 111.922 111.839 111.754 111.664 111.568 111.459 111.352 111.271 111.194 111.117 111.04 110.962
-9999 -9999 -9999 -9999 -9999 -9999 -9999 -9999 -9999 -9999 -9999 -9999 -9999 -9999 -9999 -9999 -9999 -9999 107.752 108.343 -9999 -9999 -9999 -9999 -9999 -9999 -9999 -9999 -9999 -9999 -9999 -9999 -9999 -9999 -9999 -9999 -9999 112.593 112.667 112.738 112.804 112.862 112.897 112.918 112.932 112.943 112.947 112.929 112.886 112.826 112.764 112.7 112.63 112.564 112.499 112.438 112.378 112.319 112.253 112.179 112.098 112.014 111.927 111.838 111.747 111.644 111.53 111.411 111.283 111.178 111.096 111.016 110.936 110.856
-9999 -9999 -9999 -9999 -9999 -9999 -9999 -9999 -9999 -9999 -9999 -9999 -9999 -9999 -9999 -9999 -9999 -9999 108.148 108.623 108.953 -9999 -9999 -9999 -9999 -9999 -9999 -9999 -9999 -9999 -9999 -9999 -9999 -9999 -9999 -9999 112.464 112.537 112.614 112.685 112.751 112.807 112.839 112.86 112.879 112.895 112.906 112.899 112.86 112.804 112.747 112.688 112.63 112.565 112.502 112.442 112.384 112.327 112.26 112.18 112.094 112.006 111.916 111.818 111.709 111.596 111.474 111.347 111.216 111.089 110.995 110.913 110.83 110.747
-9999 -9999 -9999 -9999 -9999 -9999 -9999 -9999 -9999 -9999 -9999 -9999 -9999 -9999 -9999 -9999 -9999 108.043 108.365 108.702 109.014 109.276 -9999 -9999 -9999 -9999 -9999 -9999 -9999 -9999 -9999 -9999 -9999 112.086 -9999 -9999 112.405 112.488 112.566 112.637 112.704 -9999 112.788 112.809 112.828 112.846 112.862 112.863 112.835 112.779 112.724 112.67 112.615 112.556 112.494 112.432 112.372 112.311 112.244 112.163 112.076 111.986 111.884 111.773 111.657 111.535 111.41 111.28 111.146 111.006 110.892 110.805 110.721 110.635
-9999 -9999 -9999 -9999 -9999 -9999 -9999 -9999 -9999 -9999 -9999 -9999 -9999 -9999 -9999 -9999 -9999 108.15 108.447 108.77 109.068 109.301 109.479 109.491 -9999 -9999 -9999 110.755 110.987 -9999 111.461 111.692 111.9 112.07 112.184 -9999 -9999 112.453 112.53 -9999 -9999 112.717 112.746 112.767 112.787 112.805 112.821 112.828 112.805 112.758 112.702 112.645 112.59 112.534 112.478 112.416 112.352 112.286 112.215 112.135 112.047 111.944 111.834 111.715 111.594 111.471 111.343 111.211 111.073 110.929 110.793 110.695 110.608 110.52
-9999 -9999 -9999 -9999 -9999 -9999 -9999 -9999 -9999 -9999 -9999 -9999 -9999 -9999 -9999 -9999 -9999 -9999 108.53 108.836 109.12 109.313 109.479 -9999 -9999 110.151 110.517 110.722 110.956 111.2 111.433 111.657 111.862 112.029 112.154 112.256 -9999 112.426 112.502 112.571 112.633 112.679 112.705 112.726 112.745 112.764 112.781 112.79 112.773 112.729 112.68 112.622 112.563 112.505 112.447 112.387 112.325 112.258 112.184 112.099 111.998 111.889 111.771 111.651 111.529 111.404 111.274 111.139 110.998 110.849 110.696 110.58 110.492 110.403
-9999 -9999 -9999 -9999 -9999 -9999 -9999 -9999 -9999 -9999 -9999 -9999 -9999 -9999 -9999 -9999 -9999 -9999 108.577 108.903 109.172 109.381 109.619 109.307 107.976 108.5 109.517 109.977 110.924 111.133 111.284 111.501 111.699 111.845 111.926 112.087 112.31 112.384 112.453 112.516 112.575 112.62 112.645 112.665 112.684 112.702 112.719 112.728 112.711 112.678 112.638 112.591 112.536 112.475 112.413 112.35 112.286 112.218 112.14 112.046 111.939 111.823 111.705 111.584 111.461 111.335 111.203 111.066 110.922 110.768 110.604 110.467 110.374 110.283
-9999 -9999 -9999 -9999 -9999 -9999 -9999 -9999 -9999 -9999 -9999 -9999 -9999 -9999 -9999 -9999 -9999 -9999 -9999 108.957 109.221 109.461 109.689 109.023 109.046 109.586 109.517 110.249 110.896 111.064 111.249 111.471 111.686 111.739 111.677 111.933 112.242 112.326 112.393 112.455 112.514 112.557 112.582 112.602 112.621 112.638 112.653 112.66 112.642 112.611 112.577 112.539 112.488 112.433 112.377 112.313 112.244 112.168 112.078 111.975 111.865 111.751 111.634 111.514 111.391 111.263 111.131 110.992 110.846 110.689 110.522 110.366 110.257 110.161
-9999 -9999 -9999 -9999 -9999 -9999 -9999 -9999 -9999 -9999 -9999 -9999 -9999 -9999 -9999 -9999 -9999 -9999 -9999 -9999 -9999 109.092 108.186 108.262 108.367 108.563 109.146 109.838 110.803 110.87 110.76 111.051 111.436 111.443 111.484 111.802 112.165 112.258 112.338 112.4 112.458 112.501 112.527 112.547 112.564 112.579 112.593 112.596 112.575 112.542 112.509 112.472 112.428 112.374 112.318 112.261 112.196 112.109 112.007 111.897 111.785 111.672 111.556 111.437 111.315 111.189 111.057 110.919 110.772 110.616 110.449 110.281 110.154 110.054
-9999 -9999 -9999 -9999 -9999 -9999 -9999 -9999 -9999 -9999 -9999 -9999 -9999 -9999 -9999 -9999 -9999 -9999 -9999 -9999 109.302 108.699 108.27 108.358 108.373 108.774 108.967 109.817 110.732 110.689 110.737 111.088 111.373 111.451 111.542 111.842 112.088 112.189 112.276 112.35 112.408 112.452 112.478 112.497 112.513 112.527 112.538 112.537 112.511 112.477 112.443 112.406 112.367 112.314 112.254 112.192 112.114 112.025 111.923 111.813 111.699 111.585 111.47 111.353 111.234 111.11 110.981 110.845 110.7 110.545 110.38 110.202 110.058 109.952
-9999 -9999 -9999 -9999 -9999 -9999 -9999 -9999 -9999 -9999 -9999 -9999 -9999 -9999 -9999 -9999 -9999 -9999 -9999 108.997 109.303 109.148 109.265 109.367 109.555 109.436 108.751 109.361 109.661 109.979 110.805 111.097 111.364 111.357 111.137 111.455 111.93 112.055 112.213 112.295 112.362 112.407 112.435 112.453 112.468 112.479 112.489 112.482 112.451 112.416 112.379 112.341 112.297 112.246 112.184 112.109 112.022 111.922 111.821 111.718 111.609 111.496 111.382 111.267 111.15 111.029 110.902 110.768 110.626 110.473 110.308 110.127 109.965 109.848
-9999 -9999 -9999 -9999 -9999 -9999 -9999 -9999 -9999 -9999 -9999 -9999 -9999 -9999 -9999 -9999 -9999 -9999 108.481 109.116 109.319 109.415 109.428 109.261 108.443 108.175 108.379 108.862 109.716 110.293 110.687 110.954 111.204 111.149 111.257 111.59 111.762 111.938 112.148 112.238 112.315 112.368 112.398 112.415 112.428 112.437 112.443 112.43 112.394 112.354 112.312 112.268 112.223 112.175 112.109 112.024 111.925 111.823 111.719 111.615 111.51 111.404 111.293 111.18 111.066 110.948 110.823 110.691 110.55 110.398 110.232 110.049 109.875 109.736
-9999 -9999 -9999 -9999 -9999 -9999 -9999 -9999 -9999 -9999 -9999 -9999 -9999 -9999 -9999 -9999 108.439 108.349 108.968 109.152 109.361 109.467 109.66 109.315 109.494 109.557 109.363 109.978 110.378 110.683 110.948 110.985 110.623 110.723 110.781 111.064 111.551 111.785 112.085 112.18 112.265 112.331 112.365 112.381 112.392 112.398 112.399 112.375 112.332 112.287 112.242 112.196 112.149 112.102 112.031 111.938 111.834 111.729 111.623 111.515 111.408 111.303 111.202 111.095 110.983 110.867 110.745 110.614 110.473 110.32 110.152 109.966 109.782 109.626
-9999 -9999 -9999 -9999 -9999 -9999 -9999 -9999 -9999 -9999 -9999 -9999 -9999 -9999 -9999 108.378 108.544 108.827 109.0 -9999 -9999 -9999 -9999 109.886 110.129 109.997 109.849 110.197 110.525 110.767 111.04 110.817 110.652 110.754 110.907 111.279 111.547 111.802 112.024 112.122 112.214 112.289 112.337 112.352 112.359 112.361 112.349 112.312 112.266 112.22 112.174 112.128 112.08 112.023 111.951 111.854 111.749 111.642 111.533 111.421 111.309 111.202 111.103 111.007 110.902 110.788 110.667 110.535 110.393 110.239 110.068 109.878 109.684 109.513
-9999 -9999 -9999 -9999 -9999 -9999 -9999 -9999 -9999 -9999 -9999 -9999 -9999 -9999 -9999 108.462 108.676 108.858 -9999 -9999 -9999 -9999 -9999 109.74 109.932 109.98 110.271 110.42 110.298 110.452 110.46 110.328 110.144 110.536 111.374 111.563 111.642 111.809 111.898 112.015 112.159 112.247 112.305 112.326 112.325 112.316 112.294 112.249 112.202 112.156 112.109 112.061 112.012 111.948 111.868 111.774 111.668 111.561 111.45 111.336 111.218 111.105 111.01 110.919 110.821 110.711 110.589 110.456 110.312 110.154 109.979 109.783 109.577 109.394
-9999 -9999 -9999 -9999 -9999 -9999 -9999 -9999 -9999 -9999 -9999 -9999 -9999 -9999 -9999 -9999 -9999 108.83 -9999 -9999 -9999 -9999 -9999 109.859 109.817 110.103 110.41 110.314 110.173 110.238 110.403 110.263 110.109 110.784 111.406 111.469 111.488 111.596 111.714 111.88 112.075 112.18 112.262 112.294 112.281 112.266 112.233 112.185 112.138 112.091 112.044 111.996 111.941 111.872 111.787 111.696 111.593 111.485 111.375 111.261 111.145 111.032 110.932 110.84 110.741 110.633 110.509 110.372 110.224 110.062 109.884 109.685 109.471 109.278
-9999 -9999 -9999 -9999 -9999 -9999 -9999 -9999 -9999 -9999 -9999 -9999 -9999 -9999 -9999 -9999 -9999 -9999 -9999 -9999 -9999 -9999 -9999 109.886 110.001 110.014 109.555 109.642 110.07 110.207 110.321 110.329 110.549 110.989 111.266 111.329 111.449 111.569 111.682 111.841 111.953 112.062 112.149 112.19 112.202 112.199 112.167 112.12 112.074 112.027 111.98 111.932 111.871 111.795 111.71 111.622 111.523 111.416 111.306 111.195 111.083 110.973 110.869 110.767 110.66 110.546 110.421 110.282 110.131 109.967 109.785 109.583 109.364 109.182
-9999 -9999 -9999 -9999 -9999 -9999 -9999 -9999 -9999 -9999 -9999 -9999 -9999 -9999 -9999 -9999 -9999 -9999 -9999 -9999 -9999 -9999 -9999 -9999 110.018 109.754 109.661 109.946 110.071 110.108 110.008 110.227 110.481 110.763 111.113 111.234 111.37 111.479 111.591 111.702 111.809 111.909 111.994 112.054 112.086 112.086 112.06 112.036 112.007 111.962 111.916 111.868 111.801 111.72 111.636 111.55 111.454 111.349 111.242 111.134 111.022 110.909 110.8 110.691 110.578 110.459 110.331 110.19 110.036 109.868 109.684 109.48 109.276 109.104
-9999 -9999 -9999 -9999 -9999 -9999 -9999 -9999 -9999 -9999 -9999 -9999 -9999 -9999 -9999 -9999 -9999 -9999 -9999 -9999 -9999 -9999 -9999 109.768 109.934 109.85 109.707 109.82 109.914 109.965 110.227 110.364 110.331 110.592 110.797 110.975 111.244 111.35 111.455 111.415 111.107 111.343 111.837 111.906 111.946 111.946 111.932 111.919 111.899 111.878 111.851 111.797 111.728 111.647 111.564 111.479 111.387 111.285 111.176 111.063 110.951 110.838 110.725 110.612 110.496 110.374 110.242 110.098 109.939 109.768 109.587 109.396 109.201 109.047
-9999 -9999 -9999 -9999 -9999 -9999 -9999 -9999 -9999 -9999 -9999 -9999 -9999 -9999 -9999 -9999 -9999 -9999 -9999 -9999 -9999 -9999 -9999 109.688 109.852 109.621 109.138 109.18 109.121 109.513 110.193 110.18 110.145 110.35 110.621 110.867 111.123 111.224 111.324 111.215 111.339 111.632 111.681 111.756 111.8 111.803 111.794 111.785 111.776 111.767 111.749 111.722 111.655 111.574 111.492 111.409 111.317 111.212 111.101 110.988 110.875 110.762 110.649 110.534 110.414 110.289 110.153 110.006 109.846 109.681 109.506 109.319 109.134 108.999
-9999 -9999 -9999 -9999 -9999 -9999 -9999 -9999 -9999 -9999 -9999 -9999 -9999 -9999 -9999 -9999 -9999 -9999 -9999 -9999 -9999 -9999 -9999 109.608 109.771 109.571 109.683 109.057 107.347 108.368 110.198 110.091 109.785 110.081 110.509 110.746 111.002 111.101 111.195 111.102 110.621 110.885 111.532 111.603 111.644 111.661 111.656 111.651 111.645 111.639 111.633 111.612 111.571 111.502 111.422 111.333 111.238 111.133 111.021 110.909 110.797 110.685 110.571 110.454 110.332 110.203 110.068 109.926 109.772 109.605 109.432 109.245 109.08 108.96
-9999 -9999 -9999 -9999 -9999 -9999 -9999 -9999 -9999 -9999 -9999 -9999 -9999 -9999 -9999 -9999 -9999 -9999 -9999 -9999 -9999 -9999 -9999 -9999 109.691 109.806 109.916 108.787 108.129 109.383 110.146 109.501 108.084 108.846 110.35 110.591 110.883 110.978 111.068 110.808 110.762 111.188 111.391 111.45 111.491 111.514 111.518 111.516 111.514 111.511 111.506 111.482 111.447 111.409 111.339 111.251 111.154 111.05 110.939 110.829 110.718 110.606 110.491 110.373 110.254 110.13 109.998 109.857 109.706 109.538 109.358 109.176 109.03 108.931
-9999 -9999 -9999 -9999 -9999 -9999 -9999 -9999 -9999 -9999 -9999 -9999 -9999 -9999 -9999 -9999 -9999 -9999 -9999 -9999 -9999 -9999 -9999 -9999 109.622 109.113 107.502 107.223 107.388 107.863 108.031 107.053 106.373 107.484 108.336 109.084 110.765 110.814 110.781 110.839 111.041 111.187 111.254 111.301 111.344 111.374 111.387 111.386 111.385 111.383 111.377 111.353 111.317 111.274 111.228 111.158 111.068 110.966 110.857 110.748 110.64 110.531 110.42 110.306 110.188 110.065 109.935 109.794 109.641 109.471 109.288 109.118 108.99 108.904
-9999 -9999 -9999 -9999 -9999 -9999 -9999 -9999 -9999 -9999 -9999 -9999 -9999 -9999 -9999 -9999 -9999 -9999 -9999 -9999 -9999 -9999 -9999 109.419 109.551 108.139 106.562 106.773 107.086 107.078 106.774 106.937 108.379 108.823 108.748 109.906 110.655 110.637 110.62 110.803 110.985 111.058 111.111 111.158 111.202 111.24 111.261 111.264 111.264 111.265 111.257 111.231 111.189 111.145 111.098 111.05 110.984 110.891 110.786 110.68 110.574 110.467 110.357 110.245 110.127 110.003 109.872 109.729 109.574 109.404 109.229 109.073 108.962 108.88
-9999 -9999 -9999 -9999 -9999 -9999 -9999 -9999 -9999 -9999 -9999 -9999 -9999 -9999 -9999 -9999 -9999 -9999 -9999 -9999 -9999 -9999 -9999 109.358 109.354 108.584 108.763 108.587 107.599 107.339 107.021 108.1 108.941 108.933 108.973 109.469 109.733 109.966 110.649 110.785 110.861 110.92 110.971 111.019 111.064 111.107 111.135 111.145 111.149 111.152 111.143 111.112 111.068 111.024 110.979 110.934 110.889 110.819 110.72 110.617 110.512 110.406 110.296 110.183 110.065 109.94 109.807 109.663 109.507 109.347 109.178 109.037 108.939 108.858
-9999 -9999 -9999 -9999 -9999 -9999 -9999 -9999 -9999 -9999 -9999 -9999 -9999 -9999 -9999 -9999 -9999 -9999 -9999 -9999 -9999 -9999 -9999 109.173 109.281 109.433 109.566 108.648 107.534 107.473 107.741 108.14 107.963 108.121 108.448 108.858 109.601 110.13 110.595 110.664 110.727 110.78 110.83 110.879 110.926 110.972 111.007 111.024 111.034 111.039 111.027 110.99 110.95 110.909 110.867 110.824 110.781 110.732 110.653 110.553 110.449 110.343 110.234 110.12 110.001 109.875 109.74 109.596 109.45 109.296 109.133 109.003 108.919 108.839
-9999 -9999 -9999 -9999 -9999 -9999 -9999 -9999 -9999 -9999 -9999 -9999 -9999 -9999 -9999 -9999 -9999 -9999 -9999 -9999 -9999 -9999 109.069 109.14 109.286 109.399 109.484 108.595 107.753 107.796 107.504 107.605 108.127 108.668 109.651 110.081 110.147 110.419 110.478 110.53 110.575 110.627 110.677 110.727 110.775 110.822 110.86 110.885 110.903 110.915 110.902 110.871 110.835 110.796 110.757 110.717 110.675 110.628 110.573 110.488 110.385 110.279 110.169 110.055 109.935 109.808 109.675 109.54 109.398 109.249 109.102 108.981 108.903 108.823
-9999 -9999 -9999 -9999 -9999 -9999 -9999 -9999 -9999 -9999 -9999 -9999 -9999 -9999 -9999 -9999 -9999 -9999 -9999 -9999 -9999 108.858 108.976 109.107 109.232 109.319 109.404 108.588 107.533 107.466 107.71 108.374 109.445 110.012 110.094 110.169 110.239 110.304 110.352 110.392 110.434 110.477 110.523 110.572 110.621 110.668 110.708 110.737 110.759 110.77 110.764 110.741 110.713 110.684 110.65 110.611 110.571 110.525 110.472 110.412 110.319 110.213 110.103 109.988 109.867 109.744 109.619 109.488 109.351 109.201 109.072 108.972 108.892 108.81
-9999 -9999 -9999 -9999 -9999 -9999 -9999 -9999 -9999 -9999 -9999 -9999 -9999 -9999 -9999 -9999 -9999 -9999 -9999 108.57 108.693 108.818 108.946 109.02 108.996 108.543 107.103 107.158 108.878 109.04 109.115 109.714 109.793 109.878 109.963 110.042 110.112 110.169 110.22 110.264 110.303 110.342 110.382 110.424 110.47 110.518 110.559 110.588 110.608 110.621 110.62 110.602 110.58 110.553 110.523 110.49 110.45 110.402 110.349 110.295 110.223 110.124 110.017 109.906 109.797 109.685 109.567 109.44 109.302 109.16 109.047 108.964 108.883 108.809
