Validation/Results/raw data/ReClimate_07_2024_1_Temperature.asc
NCOLS 192
NROWS 249
XLLCENTER -225160.85627316462
YLLCENTER 29788.11610251502
CELLSIZE 5000.0
NODATA_VALUE -9999
[rows 102 to 135 of 249, columns 75 to 149 of 192]
-0.675 -0.687 -0.686 -0.685 -0.663 -0.629 -9999 -9999 -0.595 -9999 -9999 -0.571 -0.57 -0.568 -0.557 -0.546 -0.541 -0.537 -0.538 -0.54 -0.523 -0.506 -0.512 -0.518 -0.519 -0.52 -0.502 -0.479 -0.482 -0.486 -0.47 -0.451 -0.445 -0.438 -0.439 -0.439 -0.442 -0.445 -0.445 -0.444 -0.442 -0.437 -9999 -9999 -9999 -9999 -9999 -9999 -9999 -9999 -9999 -9999 -9999 -9999 -9999 -9999 -9999 -9999 -9999 -9999 -9999 -9999 -9999 -9999 -9999 -9999 -9999 -9999 -9999 -9999 -9999 -9999 -9999 -9999 -9999
-0.667 -0.67 -0.663 -0.648 -9999 -9999 -9999 -0.605 -0.597 -0.6 -0.595 -0.589 -0.585 -0.571 -0.563 -0.556 -0.55 -0.542 -0.539 -0.533 -0.518 -0.509 -0.511 -0.508 -0.506 -0.502 -0.493 -0.501 -0.496 -0.473 -0.459 -0.446 -0.444 -0.45 -0.45 -0.449 -0.451 -9999 -9999 -0.441 -9999 -9999 -9999 -9999 -9999 -9999 -9999 -9999 -9999 -9999 -9999 -9999 -9999 -9999 -9999 -9999 -9999 -9999 -9999 -9999 -9999 -9999 -9999 -9999 -9999 -9999 -9999 -9999 -9999 -9999 -9999 -9999 -9999 -9999 -9999
-0.656 -0.658 -9999 -0.63 -9999 -9999 -9999 -0.608 -0.606 -0.605 -0.599 -0.593 -0.583 -0.572 -0.567 -0.562 -0.554 -0.547 -0.54 -0.533 -0.522 -0.514 -0.511 -0.508 -0.504 -0.499 -0.506 -0.514 -0.496 -0.474 -0.463 -0.45 -0.455 -0.461 -0.46 -0.459 -9999 -0.459 -0.454 -0.446 -0.449 -9999 -9999 -9999 -9999 -9999 -9999 -9999 -9999 -9999 -9999 -9999 -9999 -9999 -9999 -9999 -9999 -9999 -9999 -9999 -9999 -9999 -9999 -9999 -9999 -9999 -9999 -9999 -9999 -9999 -9999 -9999 -9999 -9999 -9999
-0.633 -9999 -9999 -9999 -9999 -0.617 -0.614 -0.608 -0.605 -0.599 -0.59 -0.578 -0.568 -0.558 -0.559 -0.57 -0.563 -0.55 -0.541 -0.527 -0.513 -0.496 -0.5 -0.52 -0.516 -0.51 -0.512 -0.505 -0.489 -0.473 -0.47 -0.48 -0.481 -0.476 -9999 -0.48 -0.476 -0.459 -0.456 -0.461 -0.454 -9999 -9999 -9999 -9999 -9999 -9999 -9999 -9999 -9999 -9999 -9999 -9999 -9999 -9999 -9999 -9999 -9999 -9999 -9999 -9999 -9999 -9999 -9999 -9999 -9999 -9999 -9999 -9999 -9999 -9999 -9999 -9999 -9999 -9999
-9999 -9999 -9999 -9999 -9999 -0.615 -0.609 -0.605 -0.601 -0.595 -0.583 -0.57 -0.561 -0.551 -0.56 -0.572 -0.562 -0.551 -0.539 -0.526 -0.51 -0.493 -0.509 -0.529 -0.524 -0.519 -0.513 -0.506 -0.494 -0.478 -0.486 -0.496 -0.492 -0.487 -0.49 -0.494 -0.481 -0.463 -0.466 -0.469 -0.464 -0.457 -9999 -9999 -9999 -9999 -9999 -9999 -9999 -9999 -9999 -9999 -9999 -9999 -9999 -9999 -9999 -9999 -9999 -9999 -9999 -9999 -9999 -9999 -9999 -9999 -9999 -9999 -9999 -9999 -9999 -9999 -9999 -9999 -9999
-9999 -9999 -9999 -9999 -0.608 -9999 -9999 -0.605 -0.597 -0.579 -0.567 -0.555 -9999 -9999 -0.561 -0.564 -0.555 -0.545 -0.532 -0.514 -0.505 -0.507 -0.515 -0.511 -0.51 -0.515 -0.514 -0.518 -0.513 -0.516 -0.519 -0.512 -0.504 -0.487 -0.493 -0.506 -0.493 -0.479 -0.477 -0.467 -0.462 -0.455 -0.445 -9999 -9999 -9999 -9999 -9999 -9999 -9999 -9999 -9999 -9999 -9999 -9999 -9999 -9999 -9999 -9999 -9999 -9999 -9999 -9999 -9999 -9999 -9999 -9999 -9999 -9999 -9999 -9999 -9999 -9999 -9999 -9999
-9999 -9999 -9999 -9999 -0.6 -9999 -0.601 -0.601 -0.588 -0.571 -0.56 -0.548 -0.551 -0.555 -0.557 -0.559 -0.551 -0.542 -0.526 -0.509 -0.51 -0.512 -0.509 -0.505 -0.509 -0.515 -0.518 -0.523 -0.527 -0.531 -0.525 -0.518 -0.504 -0.488 -0.499 -0.511 -0.5 -0.487 -0.479 -0.469 -0.463 -0.456 -9999 -9999 -9999 -9999 -9999 -9999 -9999 -9999 -9999 -9999 -9999 -9999 -9999 -9999 -9999 -9999 -9999 -9999 -9999 -9999 -9999 -9999 -9999 -9999 -9999 -9999 -9999 -9999 -9999 -9999 -9999 -9999 -9999
-9999 -9999 -9999 -9999 -0.593 -9999 -0.593 -0.592 -0.581 -0.571 -0.567 -9999 -0.567 -0.551 -9999 -0.557 -0.548 -0.536 -0.524 -0.516 -0.516 -0.513 -0.513 -0.518 -0.517 -0.506 -0.507 -0.507 -0.506 -0.499 -0.496 -0.5 -0.488 -0.477 -0.481 -0.479 -0.471 -0.471 -9999 -9999 -9999 -9999 -9999 -9999 -9999 -9999 -9999 -9999 -9999 -9999 -9999 -9999 -9999 -9999 -9999 -9999 -9999 -9999 -9999 -9999 -9999 -9999 -9999 -9999 -9999 -9999 -9999 -9999 -9999 -9999 -9999 -9999 -9999 -9999 -9999
-9999 -9999 -0.59 -0.588 -9999 -9999 -0.585 -0.584 -0.576 -0.568 -0.572 -0.577 -0.564 -0.549 -9999 -0.555 -0.544 -0.533 -0.525 -0.519 -0.517 -0.514 -0.518 -0.524 -0.515 -0.503 -0.503 -0.502 -0.496 -0.488 -0.491 -0.495 -0.486 -0.474 -0.472 -0.468 -0.465 -9999 -9999 -9999 -9999 -9999 -9999 -9999 -9999 -9999 -9999 -9999 -9999 -9999 -9999 -9999 -9999 -9999 -9999 -9999 -9999 -9999 -9999 -9999 -9999 -9999 -9999 -9999 -9999 -9999 -9999 -9999 -9999 -9999 -9999 -9999 -9999 -9999 -9999
-9999 -0.587 -0.585 -0.59 -9999 -0.58 -0.578 -0.578 -0.571 -9999 -0.572 -0.574 -0.565 -0.558 -9999 -0.543 -0.535 -0.533 -0.527 -0.526 -0.527 -0.535 -0.536 -0.526 -0.522 -0.521 -0.518 -0.505 -9999 -0.487 -0.49 -0.495 -0.484 -0.469 -0.466 -0.464 -9999 -9999 -9999 -9999 -9999 -9999 -9999 -9999 -9999 -9999 -9999 -9999 -9999 -9999 -9999 -9999 -9999 -9999 -9999 -9999 -9999 -9999 -9999 -9999 -9999 -9999 -9999 -9999 -9999 -9999 -9999 -9999 -9999 -9999 -9999 -9999 -9999 -9999 -9999
-9999 -0.582 -0.586 -9999 -9999 -0.574 -0.572 -0.571 -9999 -0.565 -0.566 -0.568 -0.565 -0.56 -9999 -0.537 -0.534 -0.531 -0.529 -0.528 -0.535 -0.543 -0.537 -0.528 -0.529 -0.529 -0.519 -0.507 -0.499 -0.489 -9999 -9999 -0.484 -0.469 -9999 -9999 -9999 -9999 -9999 -9999 -0.476 -0.477 -0.471 -9999 -9999 -9999 -9999 -9999 -9999 -9999 -9999 -9999 -9999 -9999 -9999 -9999 -9999 -9999 -9999 -9999 -9999 -9999 -9999 -9999 -9999 -9999 -9999 -9999 -9999 -9999 -9999 -9999 -9999 -9999 -9999
-0.584 -0.559 -9999 -9999 -0.575 -0.57 -0.568 -0.563 -9999 -0.564 -0.565 -0.569 -0.565 -0.557 -9999 -9999 -9999 -0.522 -0.523 -0.53 -0.537 -0.546 -0.541 -0.535 -0.532 -0.522 -0.515 -0.514 -0.503 -0.484 -0.489 -0.5 -0.484 -0.459 -9999 -9999 -9999 -9999 -9999 -0.472 -0.475 -0.45 -0.451 -0.469 -9999 -9999 -9999 -9999 -9999 -9999 -9999 -9999 -9999 -9999 -9999 -9999 -9999 -9999 -9999 -9999 -9999 -9999 -9999 -9999 -9999 -9999 -9999 -9999 -9999 -9999 -9999 -9999 -9999 -9999 -9999
-0.57 -0.548 -9999 -9999 -9999 -0.565 -0.561 -0.557 -9999 -0.559 -9999 -0.566 -0.559 -0.552 -9999 -0.534 -0.525 -0.518 -9999 -0.53 -0.538 -0.547 -0.543 -0.538 -0.53 -0.52 -0.519 -0.518 -0.503 -0.484 -0.492 -0.502 -0.481 -0.456 -0.458 -0.464 -0.463 -9999 -0.467 -0.472 -0.457 -0.44 -0.453 -0.469 -0.458 -0.452 -9999 -9999 -9999 -9999 -9999 -9999 -9999 -9999 -9999 -9999 -9999 -9999 -9999 -9999 -9999 -9999 -9999 -9999 -9999 -9999 -9999 -9999 -9999 -9999 -9999 -9999 -9999 -9999 -9999
-0.531 -9999 -9999 -9999 -9999 -0.549 -0.545 -0.542 -9999 -0.539 -9999 -0.553 -0.545 -9999 -0.554 -0.554 -0.545 -0.528 -0.532 -0.531 -0.534 -0.533 -0.533 -0.542 -0.536 -0.53 -0.527 -0.518 -0.51 -0.511 -0.515 -0.511 -0.499 -0.499 -0.494 -0.468 -0.468 -0.469 -0.471 -0.473 -0.462 -0.457 -0.467 -0.474 -0.465 -0.456 -0.446 -0.441 -0.437 -9999 -9999 -9999 -9999 -9999 -9999 -9999 -9999 -9999 -9999 -9999 -9999 -9999 -9999 -9999 -9999 -9999 -9999 -9999 -9999 -9999 -9999 -9999 -9999 -9999 -9999
-0.517 -9999 -9999 -9999 -9999 -0.539 -0.536 -0.533 -0.531 -9999 -9999 -0.544 -0.536 -9999 -0.544 -0.558 -0.546 -0.531 -0.532 -0.531 -0.529 -0.528 -0.535 -0.543 -0.54 -0.535 -0.528 -0.518 -0.519 -0.521 -0.518 -0.514 -0.515 -0.516 -0.495 -0.471 -0.471 -0.472 -0.473 -0.472 -0.467 -0.462 -0.467 -0.474 -0.466 -0.457 -0.451 -0.445 -0.441 -0.422 -9999 -9999 -9999 -9999 -9999 -9999 -9999 -9999 -9999 -9999 -9999 -9999 -9999 -9999 -9999 -9999 -9999 -9999 -9999 -9999 -9999 -9999 -9999 -9999 -9999
-9999 -9999 -9999 -9999 -9999 -0.541 -0.542 -0.543 -0.537 -9999 -9999 -0.528 -0.522 -9999 -9999 -0.544 -0.54 -0.545 -0.544 -0.536 -0.538 -0.541 -0.543 -0.535 -0.527 -0.512 -0.506 -0.508 -0.51 -0.514 -0.514 -0.52 -0.519 -0.513 -0.5 -0.495 -0.496 -0.495 -0.492 -0.482 -0.479 -0.477 -0.479 -0.475 -0.467 -0.456 -0.448 -0.436 -0.429 -0.421 -9999 -9999 -9999 -9999 -9999 -9999 -9999 -9999 -9999 -9999 -9999 -9999 -9999 -9999 -9999 -9999 -9999 -9999 -9999 -9999 -9999 -9999 -9999 -9999 -9999
-9999 -9999 -9999 -9999 -9999 -0.541 -0.542 -0.541 -9999 -9999 -9999 -9999 -0.516 -9999 -0.525 -0.536 -0.542 -0.547 -0.543 -0.537 -0.541 -0.546 -0.54 -0.531 -0.518 -0.502 -0.503 -0.504 -0.507 -0.511 -0.516 -0.521 -0.517 -0.512 -0.509 -0.505 -0.504 -0.502 -0.494 -0.484 -0.482 -0.481 -0.477 -0.473 -0.465 -0.454 -0.441 -0.426 -0.419 -0.411 -0.402 -9999 -9999 -9999 -9999 -9999 -9999 -9999 -9999 -9999 -9999 -9999 -9999 -9999 -9999 -9999 -9999 -9999 -9999 -9999 -9999 -9999 -9999 -9999 -9999
-9999 -9999 -9999 -0.531 -0.534 -0.534 -0.531 -9999 -9999 -0.524 -9999 -9999 -9999 -9999 -0.515 -0.521 -0.527 -0.536 -0.532 -0.527 -0.534 -0.546 -0.542 -0.538 -0.53 -0.526 -0.523 -0.51 -0.508 -0.498 -0.503 -0.513 -0.512 -0.517 -0.515 -0.512 -0.509 -0.503 -0.493 -0.476 -0.473 -0.468 -0.464 -0.463 -0.453 -0.442 -0.427 -0.405 -0.397 -0.388 -0.398 -9999 -9999 -9999 -9999 -9999 -9999 -9999 -9999 -9999 -9999 -9999 -9999 -9999 -9999 -9999 -9999 -9999 -9999 -9999 -9999 -9999 -9999 -9999 -9999
-9999 -9999 -9999 -9999 -0.527 -0.527 -0.519 -9999 -0.517 -0.524 -0.51 -9999 -9999 -9999 -9999 -0.513 -0.521 -0.53 -0.526 -0.521 -0.532 -0.543 -0.54 -0.537 -0.535 -0.532 -0.523 -0.511 -0.503 -0.492 -0.5 -0.509 -0.513 -0.518 -0.516 -0.512 -0.507 -0.502 -0.488 -0.471 -0.465 -0.459 -0.456 -0.454 -0.445 -0.434 -0.415 -0.394 -0.385 -0.376 -0.379 -0.38 -9999 -9999 -9999 -9999 -9999 -9999 -9999 -9999 -9999 -9999 -9999 -9999 -9999 -9999 -9999 -9999 -9999 -9999 -9999 -9999 -9999 -9999 -9999
-9999 -9999 -9999 -9999 -0.512 -0.514 -0.504 -9999 -0.502 -0.518 -0.505 -9999 -9999 -9999 -9999 -9999 -0.513 -0.519 -0.517 -0.516 -0.523 -0.527 -0.528 -0.538 -0.533 -0.519 -0.515 -0.519 -0.512 -0.504 -0.509 -0.509 -0.51 -0.503 -0.502 -0.508 -0.502 -0.494 -0.481 -0.469 -0.46 -0.445 -0.434 -0.411 -0.405 -0.411 -0.396 -0.388 -0.382 -0.382 -0.381 -0.378 -0.361 -9999 -9999 -9999 -9999 -9999 -9999 -9999 -9999 -9999 -9999 -9999 -9999 -9999 -9999 -9999 -9999 -9999 -9999 -9999 -9999 -9999 -9999
-9999 -9999 -9999 -9999 -0.506 -0.504 -9999 -9999 -0.498 -0.511 -0.505 -0.502 -9999 -9999 -9999 -9999 -9999 -0.513 -0.513 -0.511 -0.514 -0.518 -0.526 -0.535 -0.525 -0.511 -0.515 -0.518 -0.513 -0.506 -0.506 -0.506 -0.501 -0.492 -0.496 -0.502 -0.495 -0.487 -0.476 -0.464 -0.451 -0.437 -0.416 -0.391 -0.394 -0.399 -0.391 -0.383 -0.381 -0.381 -0.38 -0.377 -0.357 -0.342 -0.333 -9999 -9999 -9999 -9999 -9999 -9999 -9999 -9999 -9999 -9999 -9999 -9999 -9999 -9999 -9999 -9999 -9999 -9999 -9999 -9999
-9999 -9999 -9999 -9999 -0.5 -0.488 -9999 -9999 -0.505 -0.513 -0.511 -9999 -9999 -9999 -9999 -9999 -9999 -0.5 -0.501 -0.505 -0.51 -0.52 -0.525 -0.525 -0.52 -0.52 -0.526 -0.533 -0.526 -0.513 -0.514 -0.514 -0.509 -0.504 -0.502 -0.489 -0.485 -0.485 -0.475 -0.465 -0.448 -0.419 -0.404 -0.396 -0.396 -0.393 -0.384 -0.371 -0.375 -0.391 -0.374 -0.362 -0.341 -0.32 -0.31 -9999 -9999 -9999 -9999 -9999 -9999 -9999 -9999 -9999 -9999 -9999 -9999 -9999 -9999 -9999 -9999 -9999 -9999 -9999 -9999
-9999 -9999 -9999 -9999 -0.485 -0.478 -9999 -9999 -9999 -0.512 -0.512 -0.509 -9999 -9999 -9999 -9999 -9999 -0.492 -0.495 -0.499 -0.508 -0.518 -0.518 -0.518 -0.519 -0.52 -0.527 -0.534 -0.525 -0.513 -0.514 -0.513 -0.509 -0.504 -0.494 -0.481 -0.481 -0.48 -0.472 -0.463 -0.439 -0.41 -0.403 -0.396 -0.392 -0.389 -0.377 -0.364 -0.375 -0.387 -0.369 -0.349 -0.329 -0.306 -0.295 -9999 -9999 -9999 -9999 -9999 -9999 -9999 -9999 -9999 -9999 -9999 -9999 -9999 -9999 -9999 -9999 -9999 -9999 -9999 -9999
-9999 -9999 -9999 -0.489 -0.481 -0.474 -9999 -9999 -9999 -9999 -9999 -9999 -9999 -9999 -9999 -9999 -9999 -0.493 -0.497 -0.507 -0.513 -0.512 -0.514 -0.516 -0.515 -0.508 -0.513 -0.519 -0.513 -0.511 -0.509 -0.499 -0.497 -0.5 -0.493 -0.49 -0.487 -0.479 -0.469 -0.452 -0.434 -0.421 -0.412 -0.397 -0.395 -0.396 -0.383 -0.364 -0.367 -0.366 -0.342 -0.319 -0.308 -0.29 -0.267 -0.282 -9999 -9999 -9999 -9999 -9999 -9999 -9999 -9999 -9999 -9999 -9999 -9999 -9999 -9999 -9999 -9999 -9999 -9999 -9999
-9999 -9999 -0.48 -0.482 -0.476 -0.469 -9999 -9999 -9999 -9999 -9999 -9999 -9999 -9999 -9999 -0.502 -0.496 -0.49 -0.498 -0.507 -0.507 -0.506 -0.509 -0.512 -0.506 -0.499 -0.504 -0.511 -0.51 -0.507 -0.5 -0.49 -0.492 -0.494 -0.492 -0.489 -0.483 -0.475 -0.461 -0.445 -0.434 -0.422 -0.41 -0.395 -0.395 -0.396 -0.379 -0.357 -0.353 -0.351 -0.329 -0.303 -0.292 -0.28 -0.258 -0.266 -9999 -9999 -9999 -9999 -9999 -9999 -9999 -9999 -9999 -9999 -9999 -9999 -9999 -9999 -9999 -9999 -9999 -9999 -9999
-9999 -9999 -0.469 -0.469 -0.465 -9999 -9999 -9999 -9999 -9999 -9999 -9999 -9999 -9999 -9999 -0.502 -0.499 -0.491 -0.496 -0.499 -0.5 -0.506 -0.511 -0.519 -0.513 -0.504 -0.504 -0.495 -0.496 -0.503 -0.495 -0.485 -0.486 -0.488 -0.483 -0.472 -0.466 -0.46 -0.449 -0.442 -0.431 -0.418 -0.411 -0.409 -0.407 -0.4 -0.379 -0.351 -0.341 -0.322 -0.302 -0.287 -0.269 -0.253 -0.237 -0.23 -9999 -9999 -9999 -9999 -9999 -9999 -9999 -9999 -9999 -9999 -9999 -9999 -9999 -9999 -9999 -9999 -9999 -9999 -9999
-9999 -9999 -9999 -9999 -9999 -9999 -9999 -9999 -9999 -9999 -9999 -9999 -9999 -9999 -9999 -0.503 -0.498 -0.489 -0.491 -0.493 -0.497 -0.502 -0.509 -0.517 -0.511 -0.503 -0.495 -0.486 -0.492 -0.497 -0.489 -0.479 -0.48 -0.481 -0.473 -0.463 -0.457 -0.451 -0.445 -0.438 -0.427 -0.414 -0.412 -0.411 -0.405 -0.395 -0.37 -0.343 -0.325 -0.307 -0.292 -0.277 -0.26 -0.241 -0.224 -0.219 -9999 -9999 -9999 -9999 -9999 -9999 -9999 -9999 -9999 -9999 -9999 -9999 -9999 -9999 -9999 -9999 -9999 -9999 -9999
-9999 -9999 -9999 -9999 -9999 -9999 -9999 -9999 -9999 -9999 -9999 -9999 -9999 -9999 -0.5 -0.493 -0.488 -0.488 -0.492 -0.501 -0.498 -0.483 -0.489 -0.498 -0.494 -0.495 -0.488 -0.48 -0.485 -0.487 -0.481 -0.478 -0.472 -0.457 -0.449 -0.441 -0.436 -0.434 -0.429 -0.428 -0.419 -0.414 -0.409 -0.396 -0.386 -0.374 -0.349 -0.325 -0.309 -0.299 -0.286 -0.272 -0.243 -0.217 -0.203 -0.207 -9999 -9999 -9999 -9999 -9999 -9999 -9999 -9999 -9999 -9999 -9999 -9999 -9999 -9999 -9999 -9999 -9999 -9999 -9999
-9999 -9999 -9999 -9999 -9999 -9999 -9999 -9999 -9999 -9999 -9999 -9999 -9999 -9999 -0.487 -0.485 -0.485 -0.485 -0.492 -0.501 -0.489 -0.474 -0.48 -0.488 -0.488 -0.489 -0.483 -0.474 -0.477 -0.479 -0.476 -0.473 -0.459 -0.443 -0.437 -0.429 -0.426 -0.424 -0.422 -0.421 -0.416 -0.411 -0.399 -0.385 -0.373 -0.36 -0.337 -0.313 -0.303 -0.292 -0.28 -0.267 -0.238 -0.206 -0.192 -0.187 -9999 -9999 -9999 -9999 -9999 -9999 -9999 -9999 -9999 -9999 -9999 -9999 -9999 -9999 -9999 -9999 -9999 -9999 -9999
-9999 -9999 -9999 -9999 -9999 -9999 -9999 -9999 -9999 -9999 -9999 -9999 -9999 -0.487 -0.483 -0.475 -0.477 -0.482 -0.489 -0.5 -0.487 -0.471 -0.476 -0.483 -0.482 -0.48 -0.477 -0.477 -0.476 -0.469 -0.464 -0.458 -0.449 -0.445 -0.444 -0.449 -0.441 -0.417 -0.416 -0.414 -0.408 -0.401 -0.39 -0.377 -0.36 -0.335 -0.316 -0.303 -0.29 -0.274 -0.257 -0.241 -0.234 -0.215 -0.194 -0.18 -0.189 -9999 -9999 -9999 -9999 -9999 -9999 -9999 -9999 -9999 -9999 -9999 -9999 -9999 -9999 -9999 -9999 -9999 -9999
-9999 -9999 -9999 -9999 -9999 -9999 -9999 -9999 -9999 -9999 -9999 -9999 -0.483 -0.481 -0.476 -0.47 -0.474 -0.479 -0.487 -0.497 -0.484 -0.468 -0.473 -0.48 -0.478 -0.475 -0.475 -0.474 -0.467 -0.46 -0.455 -0.448 -0.445 -0.441 -0.446 -0.452 -0.433 -0.411 -0.409 -0.408 -0.401 -0.393 -0.383 -0.368 -0.346 -0.321 -0.308 -0.295 -0.28 -0.264 -0.246 -0.229 -0.223 -0.218 -0.199 -0.178 -0.176 -9999 -9999 -9999 -9999 -9999 -9999 -9999 -9999 -9999 -9999 -9999 -9999 -9999 -9999 -9999 -9999 -9999 -9999
-9999 -9999 -9999 -9999 -9999 -9999 -9999 -9999 -9999 -9999 -9999 -9999 -0.48 -0.477 -0.473 -0.47 -0.473 -0.474 -0.48 -0.484 -0.475 -0.472 -0.472 -0.46 -0.458 -0.459 -0.459 -0.46 -0.456 -0.459 -0.451 -0.439 -0.435 -0.431 -0.43 -0.42 -0.409 -0.413 -0.413 -0.417 -0.404 -0.375 -0.364 -0.358 -0.334 -0.307 -0.296 -0.29 -0.271 -0.244 -0.238 -0.227 -0.212 -0.202 -0.19 -0.173 -0.17 -9999 -9999 -9999 -9999 -9999 -9999 -9999 -9999 -9999 -9999 -9999 -9999 -9999 -9999 -9999 -9999 -9999 -9999
-9999 -9999 -9999 -9999 -9999 -9999 -9999 -9999 -9999 -9999 -9999 -0.481 -0.479 -0.475 -0.472 -0.469 -0.469 -0.47 -0.473 -0.477 -0.475 -0.472 -0.463 -0.451 -0.451 -0.451 -0.453 -0.452 -0.454 -0.456 -0.445 -0.432 -0.428 -0.423 -0.413 -0.402 -0.405 -0.409 -0.411 -0.415 -0.392 -0.362 -0.354 -0.346 -0.322 -0.297 -0.29 -0.285 -0.262 -0.236 -0.23 -0.226 -0.212 -0.197 -0.184 -0.172 -0.169 -0.168 -9999 -9999 -9999 -9999 -9999 -9999 -9999 -9999 -9999 -9999 -9999 -9999 -9999 -9999 -9999 -9999 -9999
-9999 -9999 -9999 -9999 -9999 -9999 -9999 -9999 -9999 -9999 -0.467 -9999 -0.462 -0.465 -0.465 -0.47 -0.467 -0.459 -0.459 -0.46 -0.459 -0.463 -0.457 -0.458 -0.455 -0.445 -0.443 -0.438 -0.44 -0.449 -0.44 -0.432 -0.425 -0.413 -0.403 -0.394 -0.393 -0.387 -0.386 -0.38 -0.359 -0.34 -0.335 -0.339 -0.321 -0.308 -0.3 -0.286 -0.265 -0.241 -0.225 -0.214 -0.206 -0.195 -0.18 -0.166 -0.151 -0.167 -9999 -9999 -9999 -9999 -9999 -9999 -9999 -9999 -9999 -9999 -9999 -9999 -9999 -9999 -9999 -9999 -9999
