Validation/Results/raw data/ReClimate_01_2024_1.asc
NCOLS 192
NROWS 249
XLLCENTER -225160.85627316462
YLLCENTER 29788.11610251502
CELLSIZE 5000.0
NODATA_VALUE -9999
[rows 66 to 98 of 249, columns 75 to 149 of 192]
-9999 -9999 -9999 -9999 -9999 -9999 -9999 -9999 -9999 -9999 94.85 -9999 95.875 96.176 95.02 92.737 92.746 91.641 94.344 98.266 97.805 98.043 97.2 95.191 95.672 97.507 98.257 99.216 97.943 96.41 96.953 -9999 -9999 -9999 -9999 -9999 -9999 -9999 -9999 -9999 -9999 -9999 -9999 -9999 -9999 -9999 -9999 -9999 -9999 -9999 -9999 -9999 -9999 -9999 -9999 -9999 -9999 -9999 -9999 -9999 -9999 -9999 -9999 -9999 -9999 -9999 -9999 -9999 -9999 -9999 -9999 -9999 -9999 -9999 -9999
-9999 -9999 -9999 -9999 -9999 -9999 -9999 -9999 -9999 -9999 -9999 94.617 95.491 97.387 95.625 94.073 93.792 94.52 96.951 98.058 97.746 96.586 96.1 97.528 98.416 98.275 98.979 99.542 98.689 -9999 -9999 -9999 -9999 -9999 -9999 -9999 -9999 -9999 -9999 -9999 -9999 -9999 -9999 -9999 -9999 -9999 -9999 -9999 -9999 -9999 -9999 -9999 -9999 -9999 -9999 -9999 -9999 -9999 -9999 -9999 -9999 -9999 -9999 -9999 -9999 -9999 -9999 -9999 -9999 -9999 -9999 -9999 -9999 -9999 -9999
-9999 -9999 -9999 -9999 -9999 -9999 -9999 -9999 -9999 -9999 -9999 95.013 96.405 98.138 96.336 93.66 94.675 96.354 96.744 96.262 95.715 95.827 97.171 98.792 98.328 97.279 98.149 99.694 99.536 -9999 -9999 -9999 -9999 -9999 -9999 -9999 -9999 -9999 -9999 -9999 -9999 -9999 -9999 -9999 -9999 -9999 -9999 -9999 -9999 -9999 -9999 -9999 -9999 -9999 -9999 -9999 -9999 -9999 -9999 -9999 -9999 -9999 -9999 -9999 -9999 -9999 -9999 -9999 -9999 -9999 -9999 -9999 -9999 -9999 -9999
-9999 -9999 -9999 -9999 -9999 -9999 -9999 -9999 -9999 -9999 -9999 -9999 -9999 96.765 95.425 95.482 96.344 96.331 95.681 94.601 95.268 96.876 97.96 98.629 98.322 98.925 99.723 -9999 -9999 -9999 -9999 -9999 -9999 -9999 -9999 -9999 -9999 -9999 -9999 -9999 -9999 -9999 -9999 -9999 -9999 -9999 -9999 -9999 -9999 -9999 -9999 -9999 -9999 -9999 -9999 -9999 -9999 -9999 -9999 -9999 -9999 -9999 -9999 -9999 -9999 -9999 -9999 -9999 -9999 -9999 -9999 -9999 -9999 -9999 -9999
-9999 -9999 -9999 -9999 -9999 -9999 -9999 99.008 -9999 -9999 95.419 97.226 96.604 95.107 95.72 97.24 97.219 97.164 96.394 95.807 96.45 95.961 96.628 97.482 98.328 99.75 99.765 -9999 -9999 -9999 -9999 -9999 -9999 -9999 -9999 -9999 -9999 -9999 -9999 -9999 -9999 -9999 -9999 -9999 -9999 -9999 -9999 -9999 -9999 -9999 -9999 -9999 -9999 -9999 -9999 -9999 -9999 -9999 -9999 -9999 -9999 -9999 -9999 -9999 -9999 -9999 -9999 -9999 -9999 -9999 -9999 -9999 -9999 -9999 -9999
-9999 -9999 -9999 -9999 -9999 98.138 97.533 94.051 93.719 96.547 96.206 92.914 92.019 91.657 92.898 94.098 93.802 93.081 93.479 95.321 95.446 96.432 97.219 98.137 99.114 99.772 99.792 -9999 -9999 -9999 -9999 -9999 -9999 -9999 -9999 -9999 -9999 -9999 -9999 -9999 -9999 -9999 -9999 -9999 -9999 -9999 -9999 -9999 -9999 -9999 -9999 -9999 -9999 -9999 -9999 -9999 -9999 -9999 -9999 -9999 -9999 -9999 -9999 -9999 -9999 -9999 -9999 -9999 -9999 -9999 -9999 -9999 -9999 -9999 -9999
-9999 -9999 -9999 -9999 -9999 96.896 93.531 -9999 96.963 98.165 95.142 91.644 92.453 95.039 95.414 94.754 94.74 95.666 96.672 96.823 97.681 98.604 99.202 99.531 99.807 99.639 -9999 99.861 -9999 -9999 -9999 -9999 -9999 -9999 -9999 -9999 -9999 -9999 -9999 -9999 -9999 -9999 -9999 -9999 -9999 -9999 -9999 -9999 -9999 -9999 -9999 -9999 -9999 -9999 -9999 -9999 -9999 -9999 -9999 -9999 -9999 -9999 -9999 -9999 -9999 -9999 -9999 -9999 -9999 -9999 -9999 -9999 -9999 -9999 -9999
-9999 -9999 -9999 -9999 -9999 -9999 96.206 96.811 96.546 94.257 91.746 89.825 92.352 95.484 95.422 96.113 97.396 99.493 99.125 97.927 98.678 99.404 99.656 99.869 99.79 99.804 99.803 99.594 -9999 -9999 -9999 -9999 -9999 -9999 -9999 -9999 -9999 -9999 -9999 -9999 -9999 -9999 -9999 -9999 -9999 -9999 -9999 -9999 -9999 -9999 -9999 -9999 -9999 -9999 -9999 -9999 -9999 -9999 -9999 -9999 -9999 -9999 -9999 -9999 -9999 -9999 -9999 -9999 -9999 -9999 -9999 -9999 -9999 -9999 -9999
-9999 -9999 -9999 -9999 -9999 -9999 -9999 97.089 95.022 92.744 92.279 93.626 95.535 96.296 97.053 98.084 98.446 96.513 96.227 97.057 97.835 98.878 99.235 99.887 99.901 99.914 99.812 99.759 -9999 -9999 -9999 -9999 -9999 -9999 -9999 -9999 -9999 -9999 -9999 -9999 -9999 -9999 -9999 -9999 -9999 -9999 -9999 -9999 -9999 -9999 -9999 -9999 -9999 -9999 -9999 -9999 -9999 -9999 -9999 -9999 -9999 -9999 -9999 -9999 -9999 -9999 -9999 -9999 -9999 -9999 -9999 -9999 -9999 -9999 -9999
-9999 -9999 -9999 -9999 -9999 96.501 97.175 95.122 92.355 90.143 91.943 94.845 95.396 95.788 97.089 99.106 97.869 97.183 97.598 97.534 98.476 99.515 99.884 99.931 99.944 -9999 99.967 -9999 -9999 -9999 -9999 -9999 -9999 99.742 99.672 99.705 -9999 -9999 -9999 -9999 -9999 -9999 -9999 -9999 -9999 -9999 -9999 -9999 -9999 -9999 -9999 -9999 -9999 -9999 -9999 -9999 -9999 -9999 -9999 -9999 -9999 -9999 -9999 -9999 -9999 -9999 -9999 -9999 -9999 -9999 -9999 -9999 -9999 -9999 -9999
94.557 -9999 -9999 -9999 -9999 -9999 95.623 95.204 93.968 93.41 94.249 93.597 94.001 94.509 96.021 97.255 96.692 96.108 96.431 97.352 98.273 99.273 99.492 99.965 99.989 99.999 -9999 -9999 -9999 -9999 99.846 100.069 99.954 99.856 99.875 99.916 98.004 95.886 98.028 100.201 100.051 99.913 99.869 99.829 97.665 96.068 98.151 100.165 100.149 100.127 100.125 100.159 -9999 -9999 -9999 -9999 -9999 -9999 -9999 -9999 -9999 -9999 -9999 -9999 -9999 -9999 -9999 -9999 -9999 -9999 -9999 -9999 -9999 -9999 -9999
92.793 -9999 -9999 -9999 96.798 -9999 96.365 94.254 93.792 92.782 93.012 94.376 94.806 95.224 96.101 96.718 95.778 94.055 95.754 98.992 99.554 99.66 99.932 99.976 100.012 -9999 -9999 -9999 -9999 99.105 99.53 100.138 98.817 95.398 96.44 99.167 96.681 93.001 95.567 99.268 98.628 97.102 96.899 96.406 95.553 96.044 96.709 95.417 96.237 98.472 98.699 99.913 -9999 -9999 -9999 -9999 -9999 -9999 -9999 -9999 -9999 -9999 -9999 -9999 -9999 -9999 -9999 -9999 -9999 -9999 -9999 -9999 -9999 -9999 -9999
92.574 -9999 -9999 -9999 97.14 97.213 96.088 95.257 94.441 93.278 94.557 95.833 95.825 96.047 96.223 95.817 95.339 96.389 98.493 99.643 99.753 99.878 99.928 99.976 -9999 -9999 100.064 100.134 99.379 98.79 99.35 100.225 97.882 96.278 98.224 99.688 97.163 95.423 97.84 99.239 97.691 95.609 95.732 96.736 96.54 95.317 94.779 95.094 96.909 98.717 98.897 99.171 100.009 -9999 -9999 -9999 -9999 -9999 -9999 -9999 -9999 -9999 -9999 -9999 -9999 -9999 -9999 -9999 -9999 -9999 -9999 -9999 -9999 -9999 -9999
93.723 -9999 94.491 -9999 93.896 93.638 93.301 93.572 93.65 95.384 96.092 95.784 95.702 95.047 94.354 93.043 94.335 96.306 97.6 99.45 99.619 99.874 99.926 99.979 -9999 99.798 99.931 98.826 98.802 99.826 98.573 94.005 93.695 95.06 96.601 98.716 97.372 96.141 96.904 97.021 96.715 98.756 98.431 96.155 95.252 94.491 95.108 96.331 97.422 97.861 98.182 98.13 96.931 -9999 -9999 -9999 -9999 -9999 -9999 -9999 -9999 -9999 -9999 -9999 -9999 -9999 -9999 -9999 -9999 -9999 -9999 -9999 -9999 -9999 -9999
-9999 92.272 -9999 -9999 -9999 92.912 93.35 94.105 94.203 92.046 92.717 94.625 94.716 95.585 94.762 95.304 96.426 96.684 97.82 98.286 98.82 99.87 99.931 100.008 99.832 99.665 99.361 99.562 100.174 100.355 97.213 95.061 96.221 97.447 98.32 97.74 96.58 95.144 95.729 97.137 98.72 100.168 98.334 96.515 95.198 92.675 93.935 95.647 96.161 96.938 97.533 98.077 96.671 -9999 -9999 -9999 -9999 -9999 -9999 -9999 -9999 -9999 -9999 -9999 -9999 -9999 -9999 -9999 -9999 -9999 -9999 -9999 -9999 -9999 -9999
89.929 -9999 -9999 -9999 -9999 95.76 96.477 97.265 -9999 91.596 92.894 93.689 94.757 95.918 96.659 97.752 97.906 97.93 97.723 96.5 96.878 96.428 97.458 100.054 99.07 96.703 97.032 97.614 97.682 97.563 97.095 98.739 99.555 100.048 98.658 95.704 93.899 91.006 92.741 95.472 96.73 98.123 97.034 96.6 94.428 92.028 93.929 96.705 97.273 97.724 98.708 99.505 96.624 -9999 -9999 -9999 -9999 -9999 -9999 -9999 -9999 -9999 -9999 -9999 -9999 -9999 -9999 -9999 -9999 -9999 -9999 -9999 -9999 -9999 -9999
91.74 -9999 -9999 -9999 95.871 -9999 -9999 95.353 93.563 93.299 94.22 95.53 96.403 96.803 97.655 98.288 97.633 95.829 95.175 95.078 95.684 97.892 99.476 100.093 98.71 98.229 98.009 96.591 97.052 98.416 99.385 99.651 100.106 100.641 98.414 96.482 94.939 94.768 96.679 98.054 98.624 98.23 97.75 97.045 95.673 95.274 96.888 97.407 97.66 97.711 98.629 99.133 -9999 -9999 -9999 -9999 -9999 -9999 -9999 -9999 -9999 -9999 -9999 -9999 -9999 -9999 -9999 -9999 -9999 -9999 -9999 -9999 -9999 -9999 -9999
90.7 91.217 92.339 -9999 -9999 -9999 94.226 92.541 -9999 93.044 94.266 95.669 96.259 97.234 97.741 98.025 96.358 94.82 94.932 95.35 97.108 98.714 97.377 92.91 94.015 97.609 97.332 98.512 99.48 100.173 99.919 98.802 98.867 98.249 97.045 96.463 96.359 96.308 97.569 99.065 98.643 98.043 97.311 96.301 96.52 97.661 97.787 97.402 97.718 98.498 97.91 -9999 -9999 -9999 -9999 -9999 -9999 -9999 -9999 -9999 -9999 -9999 -9999 -9999 -9999 -9999 -9999 -9999 -9999 -9999 -9999 -9999 -9999 -9999 -9999
90.947 93.073 92.449 -9999 92.345 92.826 93.353 94.09 94.535 95.038 95.572 95.019 96.018 97.295 97.393 96.97 96.215 96.176 96.642 97.293 97.982 97.555 95.367 95.603 97.468 97.481 98.503 99.589 100.13 100.603 99.568 98.277 97.638 96.694 95.831 94.303 95.37 98.313 99.456 100.466 99.906 99.22 98.293 97.177 98.106 99.035 98.509 97.609 98.213 98.764 98.486 -9999 -9999 -9999 -9999 -9999 -9999 -9999 -9999 -9999 -9999 -9999 -9999 -9999 -9999 -9999 -9999 -9999 -9999 -9999 -9999 -9999 -9999 -9999 -9999
93.639 94.921 94.489 94.613 94.233 94.084 -9999 93.28 93.172 92.14 92.058 92.554 93.881 95.623 95.211 94.504 94.771 95.422 96.277 97.61 96.867 95.416 94.578 91.963 92.603 94.261 95.201 96.2 96.455 96.466 96.491 98.316 96.04 91.137 90.623 91.335 94.956 100.652 101.498 102.38 101.707 100.831 100.122 99.746 100.086 99.711 99.138 98.828 99.295 99.794 -9999 -9999 -9999 -9999 -9999 -9999 -9999 -9999 -9999 -9999 -9999 -9999 -9999 -9999 -9999 -9999 -9999 -9999 -9999 -9999 -9999 -9999 -9999 -9999 -9999
-9999 -9999 -9999 94.533 93.772 -9999 93.635 93.112 92.941 93.837 94.184 94.371 95.458 95.915 94.918 93.186 94.133 95.686 96.377 96.302 95.927 96.874 95.399 94.998 96.273 97.345 97.577 96.779 96.704 96.461 97.578 98.036 95.652 95.942 96.248 96.015 98.617 97.743 98.118 97.905 98.415 101.01 100.376 99.173 98.844 98.467 98.478 98.935 99.097 99.087 -9999 -9999 -9999 -9999 -9999 -9999 -9999 -9999 -9999 -9999 -9999 -9999 -9999 -9999 -9999 -9999 -9999 -9999 -9999 -9999 -9999 -9999 -9999 -9999 -9999
-9999 -9999 93.456 92.521 -9999 91.135 92.846 -9999 93.341 95.567 95.671 95.63 95.94 96.11 95.299 95.5 95.976 95.005 93.653 90.009 90.13 89.117 90.229 93.73 95.76 99.679 99.27 99.209 97.151 91.881 90.486 86.07 89.123 96.915 97.133 97.957 97.417 97.166 97.421 98.403 100.137 101.226 99.587 96.808 96.849 97.48 97.947 98.574 98.292 98.309 -9999 -9999 -9999 -9999 -9999 -9999 -9999 -9999 -9999 -9999 -9999 -9999 -9999 -9999 -9999 -9999 -9999 -9999 -9999 -9999 -9999 -9999 -9999 -9999 -9999
-9999 -9999 90.229 -9999 -9999 90.348 92.097 92.74 94.08 94.524 94.415 94.147 94.446 94.982 95.219 95.587 95.241 95.554 93.655 93.439 92.976 93.085 94.947 95.065 96.777 95.921 96.104 96.643 94.61 96.371 94.47 95.35 99.33 99.437 99.848 99.716 99.185 98.094 98.186 97.07 98.031 99.121 97.431 96.713 97.801 99.886 99.887 99.017 98.493 97.609 -9999 -9999 -9999 -9999 -9999 -9999 -9999 -9999 -9999 -9999 -9999 -9999 -9999 -9999 -9999 -9999 -9999 -9999 -9999 -9999 -9999 -9999 -9999 -9999 -9999
-9999 -9999 -9999 -9999 -9999 -9999 92.799 93.31 93.565 93.589 93.815 94.74 94.816 94.248 93.326 90.383 91.444 93.789 94.259 95.668 96.367 98.038 98.514 99.583 98.401 96.371 95.859 93.703 94.909 95.679 97.527 101.143 101.231 101.238 101.175 101.058 99.769 97.756 96.445 94.446 95.368 96.349 96.745 98.822 100.06 100.518 99.66 98.534 97.76 -9999 -9999 -9999 -9999 -9999 -9999 -9999 -9999 -9999 -9999 -9999 -9999 -9999 -9999 -9999 -9999 -9999 -9999 -9999 -9999 -9999 -9999 -9999 -9999 -9999 -9999
-9999 -9999 -9999 -9999 91.152 90.713 -9999 94.217 94.293 94.404 94.698 94.164 93.569 92.731 91.964 93.934 94.635 93.204 94.47 95.777 96.726 96.92 96.674 94.504 94.631 97.75 96.702 96.832 97.027 96.453 97.15 93.915 95.4 99.348 99.87 101.318 100.021 99.178 98.252 98.525 99.416 100.463 100.855 99.018 99.72 100.987 100.174 99.529 98.604 -9999 -9999 -9999 -9999 -9999 -9999 -9999 -9999 -9999 -9999 -9999 -9999 -9999 -9999 -9999 -9999 -9999 -9999 -9999 -9999 -9999 -9999 -9999 -9999 -9999 -9999
-9999 -9999 -9999 91.375 90.477 91.78 93.177 93.604 94.048 95.014 94.806 94.932 94.55 94.683 96.25 97.635 96.023 93.608 94.792 96.027 95.931 95.333 93.811 92.688 94.174 93.82 94.223 95.101 95.583 97.647 96.069 96.269 98.072 97.412 96.907 93.457 93.916 95.945 95.584 95.961 97.215 99.158 97.039 93.838 96.167 100.734 100.476 100.672 -9999 -9999 -9999 -9999 -9999 -9999 -9999 -9999 -9999 -9999 -9999 -9999 -9999 -9999 -9999 -9999 -9999 -9999 -9999 -9999 -9999 -9999 -9999 -9999 -9999 -9999 -9999
-9999 -9999 -9999 90.699 -9999 93.796 93.291 91.276 92.664 94.97 94.647 93.565 93.821 94.356 94.931 94.489 93.697 94.848 95.253 94.52 94.947 96.823 95.963 95.162 95.09 95.351 95.966 96.367 97.621 98.103 98.546 99.43 98.916 98.405 97.027 98.058 99.097 98.265 97.905 96.307 97.922 99.594 97.778 97.306 99.583 99.396 99.642 100.036 -9999 -9999 -9999 -9999 -9999 -9999 -9999 -9999 -9999 -9999 -9999 -9999 -9999 -9999 -9999 -9999 -9999 -9999 -9999 -9999 -9999 -9999 -9999 -9999 -9999 -9999 -9999
-9999 -9999 -9999 -9999 -9999 92.753 91.995 92.672 94.575 96.411 95.164 93.281 93.472 93.286 92.429 90.682 92.327 95.087 94.142 92.533 94.335 96.463 95.709 94.754 95.674 97.748 98.219 98.892 98.597 97.096 97.724 98.163 98.156 98.812 99.253 98.98 98.897 99.254 98.357 97.884 99.079 101.281 101.046 101.061 100.835 100.476 100.833 101.254 -9999 -9999 -9999 -9999 -9999 -9999 -9999 -9999 -9999 -9999 -9999 -9999 -9999 -9999 -9999 -9999 -9999 -9999 -9999 -9999 -9999 -9999 -9999 -9999 -9999 -9999 -9999
-9999 -9999 -9999 94.848 92.895 91.29 92.065 93.123 94.176 94.4 93.985 95.439 -9999 93.716 93.383 94.829 96.277 96.269 95.361 95.075 96.477 97.163 96.641 96.519 97.402 96.86 97.292 97.486 95.499 92.191 93.758 97.356 97.77 97.944 97.91 98.174 98.217 97.744 98.274 99.788 101.163 101.712 101.189 99.738 99.451 99.165 99.128 99.274 -9999 -9999 -9999 -9999 -9999 -9999 -9999 -9999 -9999 -9999 -9999 -9999 -9999 -9999 -9999 -9999 -9999 -9999 -9999 -9999 -9999 -9999 -9999 -9999 -9999 -9999 -9999
93.51 92.156 94.683 -9999 90.874 92.102 92.665 92.637 92.98 93.534 94.663 -9999 93.953 90.969 92.42 94.242 94.644 95.675 95.837 96.603 97.352 98.287 98.213 98.138 97.889 97.929 98.099 98.249 96.363 95.832 98.113 99.233 99.29 99.163 99.599 100.384 100.134 100.025 101.251 102.037 102.692 103.704 102.669 101.035 100.767 100.431 98.374 -9999 -9999 -9999 -9999 -9999 -9999 -9999 -9999 -9999 -9999 -9999 -9999 -9999 -9999 -9999 -9999 -9999 -9999 -9999 -9999 -9999 -9999 -9999 -9999 -9999 -9999 -9999 -9999
93.266 93.061 91.943 91.862 -9999 93.082 92.899 92.407 92.957 93.609 93.665 92.462 91.475 92.883 93.754 93.496 94.583 96.013 96.336 96.083 96.681 96.868 96.786 96.632 96.862 97.39 97.538 97.691 96.818 95.161 96.65 99.089 98.893 98.503 99.137 99.732 99.943 100.599 100.793 100.139 100.536 100.424 100.222 101.829 101.249 -9999 -9999 -9999 -9999 -9999 -9999 -9999 -9999 -9999 -9999 -9999 -9999 -9999 -9999 -9999 -9999 -9999 -9999 -9999 -9999 -9999 -9999 -9999 -9999 -9999 -9999 -9999 -9999 -9999 -9999
-9999 -9999 92.332 -9999 91.72 91.139 90.926 91.037 92.152 -9999 -9999 88.787 90.532 93.187 93.42 94.336 95.434 96.34 96.557 97.432 97.304 96.575 96.178 95.283 95.466 95.189 95.989 97.902 96.919 96.532 98.116 98.964 98.79 98.825 99.512 100.512 100.995 101.333 101.047 101.079 100.934 100.87 101.746 101.734 -9999 -9999 -9999 -9999 -9999 -9999 -9999 -9999 -9999 -9999 -9999 -9999 -9999 -9999 -9999 -9999 -9999 -9999 -9999 -9999 -9999 -9999 -9999 -9999 -9999 -9999 -9999 -9999 -9999 -9999 -9999
94.298 -9999 93.102 92.92 92.326 91.674 91.897 92.333 -9999 -9999 93.984 91.718 93.398 94.14 94.401 93.763 94.461 95.023 95.832 96.74 96.528 96.851 96.484 96.696 96.792 97.396 98.539 98.917 98.389 97.459 98.035 98.372 98.611 99.172 99.83 100.183 100.407 100.5 100.706 101.104 101.144 101.33 101.41 101.502 101.141 -9999 -9999 -9999 -9999 -9999 -9999 -9999 -9999 -9999 -9999 -9999 -9999 -9999 -9999 -9999 -9999 -9999 -9999 -9999 -9999 -9999 -9999 -9999 -9999 -9999 -9999 -9999 -9999 -9999 -9999
