Validation/Results/raw data/ReClimate_12_2023_2_Temperatureweatherlogisticsltd.asc
NCOLS 192
NROWS 249
XLLCENTER -225160.85627316462
YLLCENTER 29788.11610251502
CELLSIZE 5000.0
NODATA_VALUE -9999
[rows 204 to 237 of 249, columns 77 to 153 of 192]
-9999 -9999 0.677 -9999 0.723 0.749 0.771 0.79 0.803 0.813 0.828 0.85 0.887 0.923 0.938 0.949 0.961 0.972 0.979 0.984 1.001 1.018 1.031 1.045 1.053 1.058 1.072 1.086 1.093 1.098 1.116 1.134 1.136 1.136 1.162 1.19 1.196 1.2 1.209 1.217 1.229 1.239 1.228 1.212 1.206 1.198 1.206 1.216 1.206 1.192 1.197 1.202 1.203 1.202 1.184 1.162 1.161 1.159 1.152 1.143 1.132 1.118 1.122 1.127 1.125 1.123 1.116 1.106 1.095 1.083 1.075 1.069 1.066 1.06 1.056 1.051 1.032
-9999 -9999 -9999 -9999 -9999 -9999 0.774 0.806 0.82 0.835 0.846 0.854 0.888 0.915 0.93 0.947 0.961 0.978 0.986 0.99 1.011 1.037 1.053 1.071 1.074 1.063 1.077 1.09 1.098 1.106 1.122 1.134 1.142 1.158 1.177 1.184 1.186 1.182 1.193 1.212 1.219 1.216 1.209 1.204 1.203 1.209 1.212 1.204 1.201 1.212 1.2 1.196 1.188 1.181 1.178 1.165 1.163 1.161 1.159 1.153 1.14 1.126 1.123 1.123 1.124 1.124 1.104 1.087 1.075 1.061 1.05 1.041 1.049 1.05 1.041 1.032 1.032
-9999 -9999 -9999 -9999 -9999 -9999 0.784 0.815 0.831 0.846 0.849 0.858 0.886 0.912 0.931 0.947 0.965 0.981 0.989 0.994 1.019 1.045 1.063 1.081 1.075 1.065 1.078 1.092 1.101 1.109 1.121 1.133 1.149 1.165 1.173 1.178 1.176 1.171 1.187 1.205 1.205 1.201 1.2 1.196 1.203 1.209 1.203 1.195 1.204 1.214 1.204 1.188 1.18 1.169 1.165 1.161 1.159 1.157 1.155 1.151 1.139 1.123 1.12 1.115 1.116 1.117 1.098 1.074 1.062 1.047 1.036 1.025 1.033 1.042 1.033 1.021 1.02
-9999 -9999 -9999 -9999 0.723 0.746 0.774 0.805 -9999 0.851 0.854 0.857 0.885 0.918 0.93 -9999 0.948 0.969 0.981 1.003 1.027 1.051 1.066 1.076 1.078 1.09 1.102 1.106 1.112 1.111 1.124 1.138 1.152 1.164 1.174 1.187 1.186 1.182 1.194 1.195 1.196 1.195 1.194 1.188 1.194 1.202 1.198 1.197 1.193 1.194 1.197 1.189 1.185 1.176 1.165 1.157 1.159 1.159 1.15 1.142 1.132 1.117 1.114 1.11 1.099 1.092 1.088 1.072 1.057 1.042 1.034 1.025 1.02 1.021 1.026 1.023 1.02
-9999 -9999 -9999 -9999 0.727 -9999 -9999 -9999 0.829 0.855 0.855 -9999 -9999 -9999 -9999 -9999 0.945 0.964 0.986 1.008 1.03 1.052 1.063 1.073 1.087 1.1 1.106 1.111 1.112 1.111 1.125 1.139 1.151 1.162 1.174 1.187 1.186 1.183 1.186 1.188 1.189 1.188 1.185 1.179 1.187 1.195 1.195 1.194 1.189 1.183 1.184 1.184 1.179 1.174 1.163 1.15 1.152 1.154 1.145 1.133 1.122 1.108 1.105 1.102 1.091 1.077 1.072 1.065 1.051 1.035 1.027 1.021 1.015 1.008 1.014 1.019 1.017
-9999 -9999 -9999 -9999 -9999 -9999 0.78 0.803 0.823 0.841 0.838 -9999 -9999 -9999 -9999 -9999 -9999 -9999 -9999 1.003 1.021 1.034 1.047 1.064 1.078 1.093 1.1 1.105 1.115 1.138 1.15 1.153 1.165 1.172 1.18 1.178 1.178 1.177 1.179 1.178 1.183 1.193 1.191 1.189 1.195 1.194 1.196 1.199 1.194 1.188 1.182 1.178 1.176 1.172 1.175 1.17 1.152 1.142 1.133 1.122 1.112 1.1 1.086 1.077 1.069 1.056 1.06 1.059 1.054 1.044 1.043 1.042 1.037 1.032 1.034 1.04 1.021
-9999 -9999 -9999 -9999 -9999 -9999 -9999 0.806 -9999 -9999 -9999 -9999 -9999 -9999 -9999 -9999 -9999 0.973 0.987 1.001 1.014 1.027 1.043 1.06 1.075 1.089 1.097 1.103 1.124 1.148 1.154 1.158 1.167 1.173 1.173 1.171 1.172 1.17 1.172 1.171 -9999 1.19 1.19 1.188 1.189 1.189 1.193 1.197 1.192 1.184 1.178 1.17 1.168 1.166 1.168 1.171 1.154 1.131 1.122 1.111 1.102 1.09 1.077 1.062 1.053 1.043 1.046 1.051 1.046 1.041 1.041 1.044 1.041 1.036 1.039 1.042 1.026
-9999 -9999 -9999 -9999 -9999 -9999 -9999 -9999 -9999 -9999 -9999 -9999 -9999 -9999 -9999 -9999 -9999 0.969 0.981 0.994 1.003 -9999 -9999 -9999 1.07 1.096 1.102 1.103 1.121 1.135 1.147 1.167 1.175 1.182 1.183 1.182 1.18 1.168 1.17 -9999 1.187 1.192 1.195 1.201 1.202 1.198 1.201 1.198 1.193 1.185 1.174 1.163 1.167 1.169 1.155 1.147 1.153 1.145 1.124 1.106 1.094 1.081 1.068 1.053 1.052 1.046 1.044 1.047 1.043 1.039 1.043 1.049 1.042 1.036 1.037 1.039 1.038
-9999 -9999 -9999 -9999 -9999 -9999 -9999 -9999 -9999 -9999 -9999 -9999 -9999 -9999 -9999 -9999 -9999 -9999 -9999 -9999 -9999 -9999 -9999 -9999 1.063 1.097 1.101 1.102 1.115 1.129 1.149 1.167 1.175 1.182 1.184 1.183 1.176 -9999 -9999 1.178 1.184 1.188 1.195 1.202 1.2 1.197 1.196 1.193 1.187 1.179 1.169 1.155 1.159 1.163 1.15 1.132 1.137 1.143 1.123 1.098 1.087 1.072 1.059 1.044 1.043 1.042 1.04 1.039 1.036 1.034 1.039 1.046 1.04 1.032 1.033 1.034 1.032
-9999 -9999 -9999 -9999 -9999 -9999 -9999 -9999 -9999 -9999 -9999 -9999 -9999 -9999 -9999 -9999 -9999 -9999 -9999 -9999 -9999 -9999 -9999 -9999 1.045 1.07 1.082 1.117 1.127 1.128 1.146 1.161 1.167 1.169 -9999 -9999 -9999 -9999 -9999 1.173 1.182 1.197 1.197 1.184 1.188 1.202 1.203 1.201 1.197 1.194 1.175 1.157 1.153 1.153 1.156 1.15 1.124 1.111 1.108 1.093 1.089 1.079 1.076 1.069 1.052 1.043 1.034 1.029 1.029 1.03 1.031 1.036 1.031 1.023 1.018 1.015 1.008
-9999 -9999 -9999 -9999 -9999 -9999 -9999 -9999 -9999 -9999 -9999 -9999 -9999 -9999 -9999 -9999 -9999 -9999 -9999 -9999 -9999 -9999 -9999 -9999 -9999 -9999 1.081 1.121 1.124 1.125 1.14 1.155 1.152 -9999 -9999 -9999 -9999 1.157 1.162 1.167 1.181 1.196 1.186 1.172 1.185 1.199 1.2 1.196 1.195 1.192 1.174 1.151 1.147 1.142 1.145 1.149 1.125 1.094 1.09 1.085 1.081 1.076 1.074 1.072 1.057 1.038 1.03 1.02 1.021 1.024 1.026 1.028 1.023 1.016 1.011 1.004 0.997
-9999 -9999 -9999 -9999 -9999 -9999 -9999 -9999 -9999 -9999 -9999 -9999 -9999 -9999 -9999 -9999 -9999 -9999 -9999 -9999 -9999 -9999 -9999 -9999 -9999 -9999 -9999 1.104 1.106 1.11 1.121 1.133 -9999 -9999 -9999 -9999 1.162 1.17 1.179 1.187 1.192 1.178 1.174 1.182 1.192 1.196 1.19 1.173 1.171 1.167 1.158 1.14 1.137 1.133 1.131 1.13 1.123 1.103 1.084 1.071 1.066 1.061 1.061 1.06 1.045 1.026 1.023 1.017 1.028 1.038 1.033 1.03 1.014 1.0 1.0 0.995 0.996
-9999 -9999 -9999 -9999 -9999 -9999 -9999 -9999 -9999 -9999 -9999 -9999 -9999 -9999 -9999 -9999 -9999 -9999 -9999 -9999 -9999 -9999 -9999 -9999 -9999 -9999 -9999 -9999 -9999 -9999 -9999 -9999 -9999 -9999 -9999 1.164 1.168 1.173 1.181 1.189 1.18 1.166 1.173 1.18 1.185 1.187 1.174 1.157 1.155 1.151 1.142 1.13 1.127 1.123 1.12 1.117 1.109 1.1 1.082 1.061 1.055 1.05 1.049 1.05 1.036 1.016 1.014 1.011 1.022 1.039 1.034 1.026 1.011 0.991 0.99 0.989 0.99
-9999 -9999 -9999 -9999 -9999 -9999 -9999 -9999 -9999 -9999 -9999 -9999 -9999 -9999 -9999 -9999 -9999 -9999 -9999 -9999 -9999 -9999 -9999 -9999 -9999 -9999 -9999 -9999 -9999 -9999 -9999 -9999 -9999 -9999 1.156 1.166 1.169 1.167 1.174 1.183 1.18 1.188 1.192 1.185 1.182 1.164 1.156 1.157 1.158 1.165 1.149 1.134 1.126 1.119 1.113 1.108 1.106 1.1 1.099 1.089 1.07 1.057 1.055 1.056 1.047 1.033 1.012 1.0 1.01 1.026 1.022 1.015 0.997 0.975 0.98 0.982 0.98
-9999 -9999 -9999 -9999 -9999 -9999 -9999 -9999 -9999 -9999 -9999 -9999 -9999 -9999 -9999 -9999 -9999 -9999 -9999 -9999 -9999 -9999 -9999 -9999 -9999 -9999 -9999 -9999 -9999 -9999 -9999 -9999 -9999 -9999 1.157 1.163 1.163 1.159 1.167 1.175 1.184 1.191 1.187 1.18 1.166 1.149 1.149 1.15 1.156 1.163 1.148 1.129 1.121 1.111 1.105 1.097 1.096 1.094 1.093 1.092 1.075 1.053 1.052 1.051 1.044 1.033 1.014 0.992 1.003 1.017 1.013 1.007 0.99 0.967 0.971 0.976 0.974
-9999 -9999 -9999 -9999 -9999 -9999 -9999 -9999 -9999 -9999 -9999 -9999 -9999 -9999 -9999 -9999 -9999 -9999 -9999 -9999 -9999 1.069 1.082 1.086 1.1 -9999 1.117 -9999 -9999 -9999 -9999 -9999 -9999 -9999 -9999 1.177 1.176 1.171 1.176 1.176 1.18 1.174 1.171 1.173 1.165 1.162 1.158 1.141 1.154 1.164 1.15 1.133 1.124 1.113 1.107 1.101 1.088 1.079 1.076 1.073 1.074 1.064 1.048 1.038 1.039 1.033 1.025 1.011 1.006 1.011 1.016 1.016 0.99 0.963 0.97 0.977 0.979
-9999 -9999 -9999 -9999 -9999 -9999 -9999 -9999 -9999 -9999 -9999 -9999 -9999 -9999 -9999 -9999 -9999 -9999 1.007 1.024 1.049 1.077 1.089 1.096 1.108 1.118 1.123 1.123 1.133 -9999 -9999 1.139 1.144 1.148 1.163 1.178 1.175 1.171 1.171 1.17 1.166 1.16 1.162 1.164 1.163 1.161 1.148 1.132 1.143 1.157 1.144 1.127 1.119 1.107 1.102 1.095 1.083 1.067 1.064 1.059 1.06 1.061 1.046 1.028 1.027 1.027 1.021 1.014 1.01 1.005 1.01 1.015 0.991 0.959 0.966 0.975 0.977
-9999 -9999 -9999 -9999 -9999 -9999 -9999 -9999 -9999 -9999 -9999 -9999 -9999 -9999 -9999 -9999 -9999 0.997 1.011 1.041 1.067 1.082 1.098 1.111 1.124 1.124 1.132 1.139 1.148 1.149 1.153 1.159 1.165 1.166 1.178 1.187 1.183 1.17 1.169 1.165 1.165 1.168 1.169 1.164 1.157 1.138 1.129 1.129 1.136 1.136 1.129 1.116 1.109 1.099 1.093 1.086 1.077 1.064 1.052 1.042 1.039 1.038 1.04 1.032 1.019 1.012 1.015 1.013 1.004 0.996 0.989 0.987 0.974 0.948 0.955 0.962 0.959
-9999 -9999 -9999 -9999 -9999 -9999 -9999 -9999 -9999 -9999 -9999 -9999 -9999 -9999 -9999 -9999 -9999 1.0 1.021 1.042 1.061 1.078 1.096 1.113 1.12 1.123 1.134 1.142 1.147 1.149 1.157 1.164 1.167 1.168 1.176 1.184 1.175 1.163 1.16 1.156 1.161 1.164 1.162 1.158 1.142 1.122 1.122 1.122 1.122 1.122 1.115 1.105 1.098 1.089 1.083 1.075 1.067 1.056 1.044 1.029 1.026 1.023 1.025 1.027 1.016 1.003 1.006 1.009 1.001 0.989 0.983 0.973 0.96 0.942 0.948 0.955 0.952
-9999 -9999 -9999 -9999 -9999 -9999 -9999 -9999 -9999 -9999 -9999 -9999 -9999 -9999 -9999 -9999 -9999 0.996 1.014 1.029 1.051 1.078 1.094 1.104 1.117 1.137 1.147 1.147 1.151 1.152 1.159 1.161 1.166 1.177 1.178 1.164 1.16 1.162 1.162 1.166 1.166 1.156 1.156 1.159 1.146 1.129 1.125 1.112 1.113 1.114 1.11 1.102 1.098 1.091 1.079 1.068 1.06 1.049 1.035 1.019 1.007 1.0 1.006 1.012 1.001 0.989 0.998 1.003 0.999 0.991 0.971 0.954 0.949 0.936 0.939 0.944 0.945
-9999 -9999 -9999 -9999 -9999 -9999 -9999 -9999 -9999 -9999 -9999 -9999 -9999 0.961 0.973 -9999 0.99 0.994 1.004 1.016 1.043 1.071 1.084 1.094 1.116 1.137 1.144 1.144 1.147 1.147 1.15 1.153 1.163 1.173 1.163 1.149 1.152 1.155 1.159 1.163 1.156 1.146 1.15 1.154 1.142 1.126 1.115 1.102 1.104 1.105 1.1 1.094 1.09 1.084 1.073 1.059 1.05 1.039 1.025 1.008 0.997 0.985 0.992 1.002 0.993 0.981 0.989 0.997 0.993 0.988 0.969 0.944 0.939 0.932 0.934 0.938 0.938
-9999 -9999 -9999 -9999 -9999 -9999 -9999 -9999 -9999 -9999 -9999 -9999 -9999 0.963 0.975 0.979 0.99 0.999 1.011 1.024 1.046 1.059 1.077 1.099 1.12 1.137 1.147 1.153 1.154 1.15 1.154 1.152 1.157 1.15 1.147 1.159 1.164 1.171 1.17 1.156 1.151 1.146 1.148 1.144 1.135 1.127 1.115 1.097 1.097 1.092 1.094 1.092 1.089 1.084 1.061 1.039 1.026 1.012 1.013 1.004 0.991 0.979 0.977 0.982 0.987 0.983 0.989 0.996 0.979 0.965 0.966 0.953 0.937 0.923 0.931 0.937 0.94
-9999 -9999 -9999 -9999 -9999 -9999 -9999 -9999 -9999 -9999 -9999 -9999 0.933 0.957 0.967 0.974 0.986 0.998 1.009 1.022 1.033 1.046 1.07 1.093 1.112 1.128 1.141 1.148 1.148 1.145 1.146 1.146 1.141 1.133 1.144 1.156 1.163 1.17 1.16 1.146 1.143 1.139 1.138 1.134 1.128 1.121 1.107 1.089 1.086 1.082 1.083 1.084 1.081 1.077 1.054 1.026 1.012 0.996 0.995 0.996 0.985 0.973 0.973 0.972 0.976 0.98 0.986 0.992 0.976 0.954 0.954 0.954 0.938 0.918 0.925 0.933 0.937
-9999 -9999 -9999 -9999 -9999 -9999 -9999 -9999 -9999 -9999 -9999 -9999 -9999 0.936 0.948 0.963 0.978 0.996 1.007 1.017 1.03 1.048 1.067 1.077 1.092 1.098 1.113 1.131 1.135 1.141 1.145 1.148 1.142 1.126 1.135 1.143 1.144 1.138 1.132 1.135 1.131 1.123 1.123 1.125 1.12 1.116 1.105 1.095 1.094 1.091 1.083 1.079 1.069 1.061 1.042 1.015 1.011 -9999 0.987 0.982 0.979 0.971 0.957 0.948 0.947 0.948 0.955 0.961 0.952 0.934 0.937 0.938 0.928 0.911 0.914 0.921 0.921
-9999 -9999 -9999 -9999 -9999 -9999 -9999 -9999 -9999 -9999 -9999 -9999 0.907 0.92 0.937 0.952 0.971 0.989 1.0 1.01 1.026 1.043 1.052 1.059 1.069 1.076 1.097 1.115 1.125 1.133 1.138 1.142 1.131 1.117 1.124 1.13 1.125 1.117 1.121 1.124 1.118 1.109 1.112 1.114 1.112 1.108 1.101 1.092 1.09 1.088 1.08 1.07 1.06 1.049 1.029 1.005 1.001 0.997 -9999 0.974 -9999 0.968 -9999 0.938 -9999 0.934 0.94 0.948 0.938 0.925 0.927 0.927 -9999 -9999 -9999 0.914 0.914
-9999 -9999 -9999 -9999 -9999 -9999 -9999 -9999 -9999 -9999 -9999 -9999 0.899 0.93 0.947 0.96 0.979 0.995 1.01 1.028 1.039 1.035 1.043 1.051 1.061 1.074 1.098 1.122 1.133 1.136 1.135 1.118 1.112 1.115 1.119 1.119 1.11 1.093 1.097 1.106 1.103 1.103 1.102 1.094 1.093 1.092 1.091 1.098 1.093 1.079 1.062 1.046 1.036 1.024 1.014 0.995 0.985 0.98 -9999 -9999 0.956 0.946 -9999 -9999 0.921 0.915 0.922 -9999 -9999 -9999 -9999 -9999 -9999 -9999 -9999 -9999 -9999
-9999 -9999 -9999 -9999 -9999 -9999 -9999 -9999 -9999 -9999 -9999 0.881 0.906 0.924 0.94 0.954 0.972 0.989 1.009 1.028 1.028 1.026 1.034 1.041 1.054 1.065 1.089 1.114 1.123 1.129 1.117 1.1 1.104 1.107 1.108 1.108 1.094 1.076 1.084 1.092 1.093 1.093 1.087 1.079 1.08 1.08 1.086 1.093 1.082 1.069 1.052 1.031 1.02 1.008 0.998 -9999 -9999 -9999 0.966 -9999 -9999 -9999 -9999 -9999 -9999 0.922 -9999 -9999 -9999 -9999 -9999 -9999 -9999 -9999 -9999 -9999 -9999
-9999 -9999 -9999 -9999 -9999 -9999 -9999 -9999 -9999 -9999 0.84 0.889 0.915 0.942 0.958 0.963 0.982 0.999 1.016 1.021 1.025 1.029 1.043 1.061 1.071 1.071 1.093 1.11 1.113 1.105 1.098 1.094 1.094 -9999 -9999 -9999 -9999 -9999 1.051 1.057 1.062 1.083 1.079 1.076 1.071 1.055 1.06 1.064 -9999 1.055 -9999 -9999 -9999 -9999 -9999 0.969 0.963 0.96 0.959 0.955 0.944 -9999 -9999 -9999 -9999 -9999 -9999 -9999 -9999 -9999 -9999 -9999 -9999 -9999 -9999 -9999 -9999
-9999 -9999 -9999 -9999 -9999 -9999 -9999 -9999 -9999 0.789 0.829 0.877 0.908 0.937 0.949 0.956 0.975 0.994 1.003 1.01 1.018 1.023 1.043 1.062 1.067 1.068 1.086 1.102 1.098 1.088 -9999 -9999 -9999 -9999 -9999 -9999 -9999 -9999 -9999 -9999 1.058 1.071 1.069 1.066 1.053 1.037 1.041 1.043 1.042 -9999 -9999 -9999 -9999 -9999 -9999 -9999 0.956 0.954 0.953 0.948 -9999 -9999 -9999 -9999 -9999 -9999 -9999 -9999 -9999 -9999 -9999 -9999 -9999 -9999 -9999 -9999 -9999
-9999 -9999 -9999 -9999 -9999 -9999 -9999 0.761 0.766 0.789 0.821 0.852 0.887 0.926 0.94 0.952 0.963 0.953 0.968 0.994 1.006 1.024 1.042 1.054 1.06 1.062 1.075 1.077 -9999 -9999 -9999 -9999 -9999 -9999 -9999 -9999 -9999 -9999 -9999 -9999 -9999 1.029 -9999 -9999 -9999 -9999 -9999 1.036 1.026 -9999 -9999 -9999 -9999 -9999 -9999 -9999 -9999 -9999 0.931 0.928 -9999 -9999 -9999 -9999 -9999 -9999 -9999 -9999 -9999 -9999 -9999 -9999 -9999 -9999 -9999 -9999 -9999
-9999 -9999 -9999 -9999 -9999 -9999 0.757 -9999 0.77 0.786 0.801 0.827 0.866 0.907 0.924 0.938 0.935 0.926 0.952 0.978 0.996 1.015 1.03 1.043 1.049 1.052 1.059 1.059 -9999 -9999 -9999 -9999 -9999 -9999 -9999 -9999 -9999 -9999 -9999 -9999 -9999 -9999 1.021 -9999 -9999 -9999 -9999 -9999 -9999 -9999 -9999 -9999 -9999 -9999 -9999 -9999 -9999 -9999 -9999 -9999 -9999 -9999 -9999 -9999 -9999 -9999 -9999 -9999 -9999 -9999 -9999 -9999 -9999 -9999 -9999 -9999 -9999
-9999 -9999 -9999 -9999 -9999 0.756 0.757 0.776 0.788 0.798 0.806 0.812 0.841 0.864 0.888 0.918 0.924 -9999 0.955 0.959 0.978 0.999 1.014 1.028 1.035 1.038 1.046 -9999 -9999 -9999 -9999 -9999 -9999 -9999 -9999 -9999 -9999 -9999 -9999 -9999 -9999 -9999 -9999 -9999 -9999 -9999 -9999 -9999 -9999 -9999 -9999 -9999 -9999 -9999 -9999 -9999 -9999 -9999 -9999 -9999 -9999 -9999 -9999 -9999 -9999 -9999 -9999 -9999 -9999 -9999 -9999 -9999 -9999 -9999 -9999 -9999 -9999
-9999 -9999 -9999 -9999 -9999 0.756 0.768 0.781 0.79 0.8 0.799 0.8 0.811 0.83 0.863 0.895 0.912 0.925 0.934 0.939 0.96 0.981 0.998 1.013 1.02 1.025 1.034 -9999 -9999 -9999 -9999 -9999 -9999 -9999 -9999 -9999 -9999 -9999 -9999 -9999 -9999 -9999 -9999 -9999 -9999 -9999 -9999 -9999 -9999 -9999 -9999 -9999 -9999 -9999 -9999 -9999 -9999 -9999 -9999 -9999 -9999 -9999 -9999 -9999 -9999 -9999 -9999 -9999 -9999 -9999 -9999 -9999 -9999 -9999 -9999 -9999 -9999
-9999 -9999 -9999 -9999 0.752 0.781 0.787 0.777 0.785 0.791 0.794 0.804 0.808 0.81 0.835 0.862 0.876 0.878 0.893 0.917 0.938 0.956 0.972 0.986 0.997 1.009 -9999 -9999 -9999 -9999 -9999 -9999 -9999 -9999 -9999 -9999 -9999 -9999 -9999 -9999 -9999 -9999 -9999 -9999 -9999 -9999 -9999 -9999 -9999 -9999 -9999 -9999 -9999 -9999 -9999 -9999 -9999 -9999 -9999 -9999 -9999 -9999 -9999 -9999 -9999 -9999 -9999 -9999 -9999 -9999 -9999 -9999 -9999 -9999 -9999 -9999 -9999
