Validation/Results/raw data/ReClimate_04_2024_1_Precipitation-Actuals.asc
NCOLS 192
NROWS 249
XLLCENTER -225160.85627316462
YLLCENTER 29788.11610251502
CELLSIZE 5000.0
NODATA_VALUE -9999
[rows 198 to 230 of 249, columns 75 to 149 of 192]
-9999 -9999 -9999 -9999 -9999 -9999 -9999 -9999 -9999 -9999 -9999 -9999 -9999 -9999 -9999 -9999 -9999 92.504 92.039 94.67 85.97 83.227 92.711 95.114 110.925 118.456 130.73 128.672 114.272 97.367 86.18 80.775 81.597 85.822 89.573 78.602 70.819 64.318 61.127 62.905 64.342 62.031 64.244 67.962 65.984 61.993 59.216 57.282 58.741 57.34 58.778 58.771 57.472 56.059 56.015 56.127 57.138 55.593 56.888 58.381 57.735 60.103 60.182 57.88 54.99 56.518 57.037 56.137 55.763 54.521 50.855 47.268 46.746 48.603 46.657
-9999 -9999 -9999 -9999 -9999 -9999 -9999 -9999 -9999 -9999 -9999 -9999 -9999 -9999 60.223 76.008 87.931 91.433 94.251 94.04 91.575 93.861 96.402 103.679 113.558 126.474 122.386 122.275 104.223 93.231 93.32 85.646 85.013 94.894 80.38 71.483 62.327 60.527 61.683 67.404 60.796 60.34 61.684 66.023 66.742 63.22 62.441 58.567 57.975 56.251 57.178 58.713 55.743 54.074 55.009 58.161 59.239 60.898 57.884 56.777 57.415 58.857 60.146 59.788 58.202 54.418 54.907 54.361 56.158 54.74 51.982 48.306 45.818 48.795 47.103
-9999 -9999 -9999 -9999 -9999 -9999 -9999 -9999 -9999 -9999 -9999 -9999 75.99 71.395 75.59 79.784 83.478 85.225 89.593 95.787 93.059 99.561 106.727 101.116 113.157 117.469 110.968 110.491 104.514 110.291 96.558 90.835 87.76 77.931 69.982 65.661 73.999 68.292 63.654 60.762 55.929 57.176 59.97 61.309 63.562 64.787 61.157 57.906 56.235 54.732 55.976 57.466 56.389 58.219 57.724 56.477 58.487 59.158 59.776 56.32 53.013 57.73 63.127 67.799 63.72 56.74 52.777 52.082 55.666 56.081 46.629 48.055 49.097 47.598 48.363
-9999 -9999 -9999 -9999 -9999 -9999 -9999 -9999 80.778 80.953 79.207 77.46 88.931 83.228 88.24 90.417 87.39 93.609 102.392 100.356 100.417 118.129 110.39 105.293 111.461 105.115 105.65 106.047 111.346 103.049 93.111 84.671 83.475 76.259 74.26 82.826 82.639 72.003 71.326 61.101 59.382 58.25 58.222 66.015 60.87 62.199 54.59 55.042 55.297 56.876 57.833 56.939 63.544 60.878 60.167 58.731 60.639 59.852 58.467 58.44 58.803 57.152 59.7 60.892 62.418 56.386 53.75 51.999 53.624 55.57 54.001 46.887 48.544 47.352 45.917
-9999 -9999 -9999 -9999 -9999 -9999 -9999 71.225 81.239 80.671 90.494 105.678 110.479 114.071 112.771 106.533 103.178 105.691 108.616 109.138 119.953 117.831 111.14 109.553 100.646 97.428 99.568 104.312 101.445 95.337 88.01 84.508 79.0 82.086 93.526 111.019 88.359 77.376 65.906 65.138 62.592 62.553 62.727 58.643 59.249 56.273 55.874 56.331 56.159 58.134 59.559 60.535 65.176 67.294 61.134 58.892 62.038 63.361 59.98 60.028 58.939 59.839 59.798 59.439 56.678 54.432 55.055 51.624 53.208 54.011 50.499 49.878 47.773 48.681 48.07
-9999 -9999 -9999 -9999 -9999 -9999 64.936 74.358 81.347 85.1 94.28 106.505 111.421 110.569 107.743 106.945 105.031 109.466 109.735 111.618 118.494 115.682 106.667 96.508 87.154 98.298 111.113 110.531 105.842 95.934 88.268 78.607 79.486 82.238 107.773 104.166 96.87 75.132 72.77 68.53 66.586 61.744 59.605 59.66 57.207 57.815 57.392 55.546 52.482 54.911 59.819 67.968 71.782 66.898 60.705 61.062 61.399 63.624 61.523 59.834 59.595 58.627 59.932 62.305 58.437 55.015 56.181 56.781 52.451 53.337 51.584 51.143 49.968 48.516 49.228
-9999 -9999 -9999 -9999 61.307 -9999 64.952 70.209 74.303 81.837 86.628 91.34 97.142 98.444 98.502 97.721 98.874 101.097 109.26 105.803 103.829 98.204 97.243 93.89 104.292 119.353 140.807 150.397 126.676 116.222 108.558 111.413 101.086 88.393 93.266 112.941 88.173 71.579 79.225 73.951 65.953 56.899 58.885 62.791 61.994 59.851 56.447 53.371 55.415 61.222 65.137 72.234 77.075 69.271 62.016 59.969 60.906 61.902 60.577 58.555 56.464 57.039 66.913 62.062 58.068 55.824 55.915 55.632 53.722 51.941 52.961 52.514 52.144 49.153 48.819
-9999 -9999 -9999 -9999 -9999 -9999 -9999 -9999 79.43 81.92 83.238 85.784 87.639 91.848 95.632 95.05 91.967 95.307 96.431 92.139 94.191 99.168 104.624 105.094 118.652 135.927 153.317 150.83 145.591 133.379 142.825 142.045 108.944 101.199 100.388 82.634 81.848 100.162 71.522 67.076 61.97 65.407 68.613 71.606 66.521 60.124 55.52 55.007 59.316 65.691 73.526 73.441 74.32 69.365 62.584 62.511 63.818 60.685 57.313 55.152 54.613 54.77 56.427 61.362 54.292 54.647 54.024 53.305 54.002 54.106 54.794 53.935 51.033 51.199 49.563
-9999 -9999 -9999 -9999 -9999 -9999 -9999 -9999 75.937 75.93 81.654 82.149 89.229 96.205 99.392 93.805 87.698 89.634 86.897 91.971 100.571 102.376 103.485 105.23 114.037 122.758 133.338 132.552 129.151 129.804 138.797 124.13 119.818 106.627 91.25 96.029 110.448 79.129 71.261 70.012 73.837 74.862 79.8 72.691 70.057 59.731 57.636 61.084 70.905 75.056 72.645 70.434 69.972 70.012 66.028 61.257 60.997 59.553 56.998 55.088 54.669 53.874 55.22 55.189 54.451 54.045 52.231 52.351 54.468 57.315 55.966 54.199 52.635 50.387 50.357
-9999 -9999 -9999 -9999 -9999 -9999 65.141 69.748 72.482 76.734 -9999 79.746 83.334 88.106 85.666 83.285 82.149 -9999 84.556 91.438 96.177 105.975 102.885 115.251 117.167 128.123 138.218 122.275 110.758 120.843 111.878 108.627 104.663 106.256 102.811 109.984 100.558 78.202 76.313 70.392 72.694 80.095 78.752 78.532 62.303 60.183 60.627 68.971 68.581 69.194 66.284 70.684 65.662 63.926 65.083 61.467 58.867 57.084 55.728 58.05 56.467 54.571 52.523 52.443 51.527 52.529 52.93 53.453 57.185 58.062 57.735 54.828 54.117 52.726 50.801
-9999 -9999 -9999 -9999 -9999 -9999 65.49 -9999 -9999 -9999 74.509 76.732 78.918 -9999 -9999 -9999 -9999 -9999 82.339 86.023 94.834 92.447 100.746 108.416 110.612 123.19 118.976 115.149 144.259 143.934 123.515 107.586 107.042 109.757 110.621 108.088 88.241 80.822 73.819 73.52 81.231 72.757 71.383 60.152 60.183 62.962 66.424 69.876 67.682 66.453 63.157 65.259 64.259 60.42 59.78 58.968 57.967 56.597 54.916 54.24 56.396 54.413 52.521 51.128 51.468 52.469 54.267 56.805 58.171 59.072 57.513 54.296 52.126 51.137 51.515
-9999 -9999 -9999 -9999 -9999 -9999 -9999 -9999 68.944 71.619 73.153 73.894 75.187 -9999 -9999 -9999 -9999 -9999 -9999 -9999 -9999 87.913 99.488 98.455 96.93 103.312 113.202 140.751 160.868 158.256 140.362 123.126 115.07 109.188 103.416 104.159 97.17 79.876 76.13 85.901 80.103 74.574 62.885 60.519 62.76 65.475 72.069 67.937 68.461 66.109 63.164 60.607 59.235 55.928 56.868 56.028 56.567 56.275 54.52 51.389 50.7 52.344 52.043 52.535 54.97 56.123 57.049 58.044 59.078 58.555 55.323 52.903 51.118 51.872 51.611
-9999 -9999 -9999 -9999 -9999 -9999 -9999 -9999 -9999 70.797 -9999 -9999 -9999 -9999 -9999 -9999 -9999 -9999 -9999 84.316 84.575 90.781 92.149 85.3 87.738 96.514 113.434 137.755 155.492 153.975 136.088 117.61 109.28 107.28 103.087 100.962 86.979 79.072 76.132 78.727 77.003 67.827 -9999 65.507 65.669 67.926 72.591 69.18 65.101 62.836 61.588 60.276 57.52 57.895 57.51 54.627 52.307 52.701 51.321 49.047 48.419 51.841 51.915 52.962 57.635 59.088 59.617 57.596 56.258 55.866 54.791 49.172 49.856 52.685 54.012
-9999 -9999 -9999 -9999 -9999 -9999 -9999 -9999 -9999 -9999 -9999 -9999 -9999 -9999 -9999 -9999 -9999 -9999 -9999 81.312 81.424 80.585 77.283 -9999 -9999 -9999 99.627 122.479 128.187 128.132 116.337 110.287 109.9 105.339 94.245 88.24 79.423 71.16 72.035 70.675 67.512 -9999 63.059 63.462 65.844 70.132 72.42 66.416 66.035 64.193 58.395 62.223 59.145 57.474 58.542 59.988 51.397 52.264 54.992 52.797 49.313 49.542 49.714 52.657 57.087 58.402 55.43 53.884 53.232 53.097 52.923 50.344 48.118 51.151 53.406
-9999 -9999 -9999 -9999 -9999 -9999 -9999 -9999 -9999 -9999 -9999 -9999 -9999 -9999 -9999 -9999 -9999 -9999 -9999 -9999 -9999 -9999 -9999 -9999 -9999 -9999 77.931 91.187 104.399 100.416 99.25 98.944 97.907 92.018 86.678 78.776 71.833 69.324 67.702 -9999 -9999 60.648 60.373 63.462 62.293 65.983 68.533 69.041 73.662 63.332 57.942 60.568 59.052 57.305 59.831 60.23 60.113 61.657 64.427 57.854 52.53 52.019 50.46 51.33 55.201 55.42 53.354 50.94 48.918 50.65 50.527 51.617 50.372 50.342 51.134
-9999 -9999 -9999 -9999 -9999 -9999 -9999 -9999 -9999 -9999 -9999 -9999 -9999 -9999 -9999 -9999 -9999 -9999 -9999 -9999 -9999 -9999 -9999 -9999 -9999 -9999 71.244 79.328 82.009 84.877 89.319 87.117 85.91 84.573 78.728 73.382 -9999 -9999 -9999 -9999 -9999 58.883 62.603 63.052 63.014 66.397 68.53 70.273 66.643 60.684 56.865 58.064 61.027 59.09 61.991 62.894 62.45 61.163 63.536 58.811 52.957 52.492 51.602 49.539 51.741 49.793 49.522 47.683 47.651 47.183 48.169 47.725 49.154 48.422 47.475
-9999 -9999 -9999 -9999 -9999 -9999 -9999 -9999 -9999 -9999 -9999 -9999 -9999 -9999 -9999 -9999 -9999 -9999 -9999 -9999 -9999 -9999 -9999 -9999 -9999 -9999 -9999 -9999 75.6 83.123 82.704 78.757 80.314 78.111 73.123 -9999 -9999 -9999 -9999 61.887 66.919 66.452 63.494 65.025 63.504 69.114 70.225 69.971 62.161 57.247 57.41 59.343 61.142 61.727 61.138 64.945 64.434 60.525 54.752 54.341 52.859 50.024 50.731 48.471 46.483 46.016 46.411 46.522 47.062 48.611 47.151 46.425 46.729 47.294 46.862
-9999 -9999 -9999 -9999 -9999 -9999 -9999 -9999 -9999 -9999 -9999 -9999 -9999 -9999 -9999 -9999 -9999 -9999 -9999 -9999 -9999 -9999 -9999 -9999 -9999 -9999 -9999 -9999 -9999 74.046 71.545 69.258 71.858 70.241 -9999 -9999 -9999 -9999 65.727 66.628 67.707 67.866 68.313 65.032 63.084 65.011 66.943 65.911 61.003 58.25 60.05 60.259 62.562 62.53 60.318 59.951 58.939 57.735 54.113 49.785 49.425 50.04 49.109 47.85 46.397 45.514 46.924 49.306 47.125 48.74 48.328 45.738 46.238 45.868 45.654
-9999 -9999 -9999 -9999 -9999 -9999 -9999 -9999 -9999 -9999 -9999 -9999 -9999 -9999 -9999 -9999 -9999 -9999 -9999 -9999 -9999 -9999 -9999 -9999 -9999 -9999 -9999 -9999 -9999 -9999 -9999 -9999 -9999 -9999 -9999 -9999 -9999 70.166 69.446 67.551 67.487 70.251 67.782 64.999 64.271 64.17 64.697 63.765 58.889 58.253 56.34 57.119 57.712 59.643 60.291 59.072 57.749 58.987 58.466 55.563 52.345 51.386 46.729 45.95 48.075 47.499 47.162 49.447 51.188 47.791 48.545 46.927 46.856 47.962 47.867
-9999 -9999 -9999 -9999 -9999 -9999 -9999 -9999 -9999 -9999 -9999 -9999 -9999 -9999 -9999 -9999 -9999 -9999 -9999 -9999 -9999 -9999 -9999 -9999 -9999 -9999 -9999 -9999 -9999 -9999 -9999 -9999 -9999 -9999 -9999 -9999 64.467 67.058 67.751 68.483 80.101 74.797 67.521 67.193 65.894 65.09 64.671 58.894 56.212 52.143 50.698 55.242 55.112 57.995 59.861 62.116 60.579 59.151 62.751 59.37 58.205 54.83 51.079 46.212 46.753 48.042 48.367 48.608 49.877 48.894 47.432 48.339 48.592 50.339 52.734
-9999 -9999 -9999 -9999 -9999 -9999 -9999 -9999 -9999 -9999 -9999 -9999 -9999 -9999 -9999 -9999 -9999 -9999 -9999 -9999 -9999 -9999 -9999 -9999 -9999 -9999 -9999 -9999 -9999 -9999 -9999 -9999 -9999 -9999 -9999 -9999 63.116 60.554 60.461 69.134 74.364 76.147 78.878 74.844 72.432 71.049 62.725 57.04 53.021 54.632 58.163 57.868 55.373 54.044 56.256 57.762 60.424 60.314 59.211 58.429 54.595 55.113 52.419 49.73 49.513 48.609 49.227 49.289 49.216 49.512 48.53 50.699 54.105 53.937 54.775
-9999 -9999 -9999 -9999 -9999 -9999 -9999 -9999 -9999 -9999 -9999 -9999 -9999 -9999 -9999 -9999 -9999 -9999 -9999 -9999 -9999 -9999 -9999 94.519 103.49 110.248 101.884 -9999 88.826 -9999 -9999 -9999 -9999 -9999 -9999 -9999 -9999 57.251 58.81 62.902 67.352 74.316 78.505 80.853 74.833 66.63 61.245 57.496 59.422 60.712 55.097 55.299 54.201 52.564 53.966 54.305 54.421 54.643 56.14 54.765 54.303 53.191 55.49 54.96 51.454 51.514 50.256 49.634 50.686 51.303 51.102 51.936 54.758 55.856 53.631
-9999 -9999 -9999 -9999 -9999 -9999 -9999 -9999 -9999 -9999 -9999 -9999 -9999 -9999 -9999 -9999 -9999 -9999 -9999 -9999 82.475 86.543 87.879 96.252 112.189 115.017 106.226 99.511 91.345 76.746 63.222 -9999 -9999 63.81 60.842 59.235 59.077 57.662 56.645 58.262 62.63 67.979 72.956 73.328 68.727 61.737 61.45 65.345 62.004 56.491 57.598 53.92 52.706 51.347 52.238 54.462 53.678 52.324 50.949 50.31 51.588 53.64 53.364 56.052 55.576 52.099 51.11 49.38 50.184 52.315 52.032 58.202 59.057 56.411 55.044
-9999 -9999 -9999 -9999 -9999 -9999 -9999 -9999 -9999 -9999 -9999 -9999 -9999 -9999 -9999 -9999 -9999 -9999 -9999 82.495 81.892 79.856 82.371 94.608 113.313 123.302 117.453 107.05 97.549 85.714 71.84 66.351 69.646 69.623 63.956 61.593 58.584 56.108 55.51 57.921 61.694 62.397 66.796 67.516 63.533 62.904 71.053 66.168 64.4 60.988 58.905 58.21 53.947 52.405 52.352 51.603 53.137 51.41 51.148 51.07 50.25 51.899 53.006 55.571 56.366 54.346 52.243 53.679 52.488 53.862 53.33 54.169 59.354 55.718 54.125
-9999 -9999 -9999 -9999 -9999 -9999 -9999 -9999 -9999 -9999 -9999 -9999 -9999 -9999 -9999 -9999 -9999 -9999 -9999 81.958 72.369 71.536 73.991 87.272 103.303 107.05 101.179 103.165 96.844 83.246 79.498 80.718 74.694 67.96 64.461 63.746 57.937 54.227 57.005 54.885 57.244 58.079 60.244 62.117 63.587 66.623 65.043 65.602 67.103 65.423 56.947 56.818 55.197 54.471 54.115 53.949 52.171 51.76 50.711 50.91 48.908 49.203 52.102 55.854 59.344 56.441 55.621 55.273 54.712 52.688 52.433 52.254 52.871 52.753 55.102
-9999 -9999 -9999 -9999 -9999 -9999 -9999 -9999 -9999 -9999 -9999 -9999 -9999 -9999 -9999 -9999 -9999 -9999 -9999 74.417 68.902 69.997 70.942 80.993 87.23 84.666 88.598 90.806 89.137 90.697 84.239 80.93 72.391 63.912 60.671 58.223 56.047 55.732 53.107 56.661 56.963 54.423 54.925 58.825 63.808 62.17 61.454 61.148 63.148 58.064 57.541 58.528 55.394 52.486 52.673 53.111 52.813 53.269 52.269 51.917 53.568 51.729 53.667 56.738 61.781 59.238 55.012 54.415 52.602 50.842 51.14 50.134 52.052 52.796 53.363
-9999 -9999 -9999 -9999 -9999 -9999 -9999 -9999 -9999 -9999 -9999 -9999 -9999 -9999 -9999 75.145 80.533 -9999 76.006 69.092 74.899 73.897 71.77 73.198 74.22 76.742 82.654 83.859 88.073 80.26 78.014 72.738 63.525 57.924 57.366 57.95 58.148 57.589 57.138 55.646 55.045 54.884 53.882 60.325 58.105 57.847 58.475 60.077 60.394 59.969 61.884 61.878 56.701 53.007 54.025 53.921 53.582 52.722 52.833 50.961 52.543 54.77 51.346 55.002 57.907 57.713 53.535 53.848 52.537 51.335 51.404 51.23 50.424 52.039 52.321
-9999 -9999 -9999 -9999 -9999 -9999 -9999 -9999 -9999 -9999 -9999 -9999 -9999 -9999 -9999 79.794 83.653 79.394 75.095 75.372 76.039 72.199 73.214 74.666 72.431 81.48 80.478 78.562 82.036 77.124 72.786 69.751 65.73 67.883 67.614 64.987 61.907 60.745 54.606 56.004 57.164 56.62 58.892 61.519 55.457 57.026 56.0 55.218 56.125 62.541 58.665 57.145 55.489 54.234 55.135 56.515 52.66 49.205 49.424 50.013 50.408 52.606 52.798 52.998 57.793 56.06 57.602 55.568 54.469 53.083 52.3 51.537 52.144 51.453 51.296
-9999 -9999 -9999 -9999 -9999 -9999 -9999 -9999 -9999 -9999 -9999 -9999 -9999 -9999 75.091 83.137 85.077 82.296 81.789 78.128 76.861 75.847 75.471 72.381 70.961 71.462 74.082 75.852 75.417 66.519 68.133 66.684 70.746 74.902 70.035 63.34 69.794 62.582 59.723 59.519 59.045 59.762 60.838 56.773 56.241 54.182 55.529 55.542 60.128 56.118 55.575 54.59 54.868 54.839 54.877 57.052 54.439 49.531 47.291 49.453 49.79 50.393 49.849 50.291 53.215 54.407 55.384 58.442 55.106 59.025 56.508 57.015 56.739 51.835 49.616
-9999 -9999 -9999 -9999 -9999 -9999 -9999 -9999 -9999 -9999 -9999 -9999 -9999 -9999 -9999 75.195 80.933 80.333 79.651 75.246 74.491 71.66 71.528 70.516 68.106 71.579 72.195 72.945 66.616 66.665 67.014 64.928 70.317 74.732 70.664 75.696 73.467 68.062 67.434 64.305 63.775 62.894 63.783 59.331 57.855 59.669 59.887 60.776 57.055 54.951 53.989 54.816 54.967 56.107 55.325 55.132 54.415 51.09 47.955 -9999 48.444 48.138 48.068 46.19 46.606 47.314 47.995 49.574 49.756 50.547 52.124 52.267 55.654 53.534 49.72
-9999 -9999 -9999 -9999 -9999 -9999 -9999 -9999 -9999 -9999 -9999 -9999 -9999 -9999 70.487 70.116 72.793 76.318 76.686 77.152 76.464 71.732 69.943 69.171 69.589 68.178 66.919 64.606 64.756 64.736 61.69 63.286 67.282 69.715 72.993 75.777 70.096 68.74 73.483 70.346 68.127 71.526 65.907 67.095 69.146 63.356 60.439 59.343 54.694 51.196 52.928 52.336 51.763 52.55 54.925 53.878 53.439 53.704 50.032 46.51 -9999 43.074 -9999 42.629 -9999 42.394 -9999 44.123 44.592 45.911 45.325 44.829 47.983 47.041 -9999
-9999 -9999 -9999 -9999 -9999 -9999 -9999 -9999 -9999 -9999 -9999 -9999 -9999 -9999 67.589 69.302 73.093 75.18 78.548 80.308 79.205 76.544 76.612 72.837 69.936 64.479 61.278 61.051 63.128 61.426 59.193 58.909 64.977 70.065 74.939 71.864 65.75 73.173 71.355 64.066 65.427 64.181 66.625 70.668 65.79 60.97 58.888 54.93 52.465 53.604 52.757 51.707 50.003 49.389 51.775 51.317 49.621 48.93 47.913 45.16 -9999 -9999 39.696 39.604 -9999 -9999 40.83 41.0 41.905 -9999 -9999 -9999 -9999 -9999 -9999
-9999 -9999 -9999 -9999 -9999 -9999 -9999 -9999 -9999 -9999 -9999 -9999 -9999 75.563 69.139 71.56 73.454 72.638 74.125 78.777 82.828 87.97 92.166 93.373 75.829 65.517 65.277 66.897 64.979 62.915 58.947 61.254 66.016 73.443 72.029 68.165 66.427 65.71 57.035 57.367 59.001 63.234 66.469 63.898 59.917 59.219 57.563 53.377 51.964 49.989 49.868 50.985 48.705 47.148 46.557 46.157 45.226 -9999 -9999 -9999 44.378 -9999 -9999 -9999 -9999 -9999 -9999 42.617 -9999 -9999 -9999 -9999 -9999 -9999 -9999
