Validation/Results/raw data/ReClimate_03_2024_1_Precipitation-Actualsweatherlogisticsltd.asc
NCOLS 192
NROWS 249
XLLCENTER -225160.85627316462
YLLCENTER 29788.11610251502
CELLSIZE 5000.0
NODATA_VALUE -9999
[rows 66 to 98 of 249, columns 75 to 149 of 192]
-9999 -9999 -9999 -9999 -9999 -9999 -9999 -9999 -9999 -9999 82.298 -9999 96.153 120.585 140.814 136.473 159.031 132.254 124.792 105.589 100.349 84.979 86.568 91.501 87.663 88.916 89.995 90.015 94.059 80.438 72.845 -9999 -9999 -9999 -9999 -9999 -9999 -9999 -9999 -9999 -9999 -9999 -9999 -9999 -9999 -9999 -9999 -9999 -9999 -9999 -9999 -9999 -9999 -9999 -9999 -9999 -9999 -9999 -9999 -9999 -9999 -9999 -9999 -9999 -9999 -9999 -9999 -9999 -9999 -9999 -9999 -9999 -9999 -9999 -9999
-9999 -9999 -9999 -9999 -9999 -9999 -9999 -9999 -9999 -9999 -9999 87.751 120.75 121.65 128.14 132.225 130.527 126.878 124.907 110.351 98.101 89.72 82.655 83.674 81.588 84.892 87.42 92.629 80.831 -9999 -9999 -9999 -9999 -9999 -9999 -9999 -9999 -9999 -9999 -9999 -9999 -9999 -9999 -9999 -9999 -9999 -9999 -9999 -9999 -9999 -9999 -9999 -9999 -9999 -9999 -9999 -9999 -9999 -9999 -9999 -9999 -9999 -9999 -9999 -9999 -9999 -9999 -9999 -9999 -9999 -9999 -9999 -9999 -9999 -9999
-9999 -9999 -9999 -9999 -9999 -9999 -9999 -9999 -9999 -9999 -9999 103.738 129.302 122.642 111.473 124.121 131.34 120.077 111.504 99.328 85.757 82.748 78.662 84.124 82.396 74.765 80.588 73.777 62.101 -9999 -9999 -9999 -9999 -9999 -9999 -9999 -9999 -9999 -9999 -9999 -9999 -9999 -9999 -9999 -9999 -9999 -9999 -9999 -9999 -9999 -9999 -9999 -9999 -9999 -9999 -9999 -9999 -9999 -9999 -9999 -9999 -9999 -9999 -9999 -9999 -9999 -9999 -9999 -9999 -9999 -9999 -9999 -9999 -9999 -9999
-9999 -9999 -9999 -9999 -9999 -9999 -9999 -9999 -9999 -9999 -9999 -9999 -9999 106.007 115.643 127.761 120.343 116.853 112.514 105.45 91.572 76.44 75.184 84.599 77.386 71.0 56.684 -9999 -9999 -9999 -9999 -9999 -9999 -9999 -9999 -9999 -9999 -9999 -9999 -9999 -9999 -9999 -9999 -9999 -9999 -9999 -9999 -9999 -9999 -9999 -9999 -9999 -9999 -9999 -9999 -9999 -9999 -9999 -9999 -9999 -9999 -9999 -9999 -9999 -9999 -9999 -9999 -9999 -9999 -9999 -9999 -9999 -9999 -9999 -9999
-9999 -9999 -9999 -9999 -9999 -9999 -9999 84.736 -9999 -9999 91.428 103.385 111.371 108.094 131.518 125.157 125.34 126.894 124.036 111.078 97.819 71.917 74.545 75.464 80.374 66.513 58.436 -9999 -9999 -9999 -9999 -9999 -9999 -9999 -9999 -9999 -9999 -9999 -9999 -9999 -9999 -9999 -9999 -9999 -9999 -9999 -9999 -9999 -9999 -9999 -9999 -9999 -9999 -9999 -9999 -9999 -9999 -9999 -9999 -9999 -9999 -9999 -9999 -9999 -9999 -9999 -9999 -9999 -9999 -9999 -9999 -9999 -9999 -9999 -9999
-9999 -9999 -9999 -9999 -9999 81.92 83.897 90.937 94.243 105.085 105.457 128.708 139.53 135.106 108.428 131.411 141.0 137.373 126.054 112.18 108.88 103.436 72.374 68.712 64.48 57.701 50.524 -9999 -9999 -9999 -9999 -9999 -9999 -9999 -9999 -9999 -9999 -9999 -9999 -9999 -9999 -9999 -9999 -9999 -9999 -9999 -9999 -9999 -9999 -9999 -9999 -9999 -9999 -9999 -9999 -9999 -9999 -9999 -9999 -9999 -9999 -9999 -9999 -9999 -9999 -9999 -9999 -9999 -9999 -9999 -9999 -9999 -9999 -9999 -9999
-9999 -9999 -9999 -9999 -9999 86.888 94.778 -9999 107.382 122.463 134.212 143.418 164.917 120.927 131.846 145.56 155.081 157.292 131.867 128.15 131.032 102.062 87.393 84.068 66.11 57.382 -9999 45.763 -9999 -9999 -9999 -9999 -9999 -9999 -9999 -9999 -9999 -9999 -9999 -9999 -9999 -9999 -9999 -9999 -9999 -9999 -9999 -9999 -9999 -9999 -9999 -9999 -9999 -9999 -9999 -9999 -9999 -9999 -9999 -9999 -9999 -9999 -9999 -9999 -9999 -9999 -9999 -9999 -9999 -9999 -9999 -9999 -9999 -9999 -9999
-9999 -9999 -9999 -9999 -9999 -9999 109.518 111.759 116.861 139.334 139.51 168.831 143.562 135.287 130.667 128.887 137.955 142.763 122.646 123.779 119.977 94.329 89.122 76.006 64.818 56.287 46.498 43.186 -9999 -9999 -9999 -9999 -9999 -9999 -9999 -9999 -9999 -9999 -9999 -9999 -9999 -9999 -9999 -9999 -9999 -9999 -9999 -9999 -9999 -9999 -9999 -9999 -9999 -9999 -9999 -9999 -9999 -9999 -9999 -9999 -9999 -9999 -9999 -9999 -9999 -9999 -9999 -9999 -9999 -9999 -9999 -9999 -9999 -9999 -9999
-9999 -9999 -9999 -9999 -9999 -9999 -9999 107.339 120.701 135.481 177.152 165.054 159.286 147.626 153.221 153.714 131.836 112.164 108.186 123.584 109.332 93.032 86.133 67.406 58.553 46.273 46.015 50.259 -9999 -9999 -9999 -9999 -9999 -9999 -9999 -9999 -9999 -9999 -9999 -9999 -9999 -9999 -9999 -9999 -9999 -9999 -9999 -9999 -9999 -9999 -9999 -9999 -9999 -9999 -9999 -9999 -9999 -9999 -9999 -9999 -9999 -9999 -9999 -9999 -9999 -9999 -9999 -9999 -9999 -9999 -9999 -9999 -9999 -9999 -9999
-9999 -9999 -9999 -9999 -9999 116.406 116.172 131.882 141.345 152.111 147.25 168.946 161.006 157.938 159.004 137.883 121.263 114.769 100.066 109.142 123.501 95.091 66.909 52.436 47.516 -9999 49.814 -9999 -9999 -9999 -9999 -9999 -9999 54.639 52.902 53.776 -9999 -9999 -9999 -9999 -9999 -9999 -9999 -9999 -9999 -9999 -9999 -9999 -9999 -9999 -9999 -9999 -9999 -9999 -9999 -9999 -9999 -9999 -9999 -9999 -9999 -9999 -9999 -9999 -9999 -9999 -9999 -9999 -9999 -9999 -9999 -9999 -9999 -9999 -9999
99.237 -9999 -9999 -9999 -9999 -9999 130.81 147.685 160.333 152.717 163.529 148.277 152.826 150.742 150.827 123.611 110.378 89.833 96.826 118.743 99.9 74.426 58.473 55.377 53.163 47.432 -9999 -9999 -9999 -9999 49.243 46.89 48.649 53.085 52.407 51.648 55.572 56.864 55.903 60.804 64.137 59.036 53.569 50.825 54.238 61.476 63.489 59.662 55.219 52.891 53.711 53.913 -9999 -9999 -9999 -9999 -9999 -9999 -9999 -9999 -9999 -9999 -9999 -9999 -9999 -9999 -9999 -9999 -9999 -9999 -9999 -9999 -9999 -9999 -9999
138.868 -9999 -9999 -9999 123.326 -9999 133.215 141.122 163.12 194.402 166.943 151.337 137.667 146.326 132.675 125.611 111.66 106.851 91.886 79.741 75.229 63.743 57.362 60.733 52.901 -9999 -9999 -9999 -9999 52.077 53.14 50.031 57.526 64.194 54.586 53.339 59.798 69.949 69.12 71.819 71.339 65.016 58.36 57.014 58.637 61.201 62.678 61.16 55.31 51.911 61.769 54.166 -9999 -9999 -9999 -9999 -9999 -9999 -9999 -9999 -9999 -9999 -9999 -9999 -9999 -9999 -9999 -9999 -9999 -9999 -9999 -9999 -9999 -9999 -9999
138.388 -9999 -9999 -9999 129.637 133.752 135.18 162.15 199.559 189.309 185.047 147.115 150.6 140.385 131.57 115.215 110.547 113.09 95.083 89.02 66.718 55.239 60.479 50.152 -9999 -9999 48.742 47.753 50.726 55.976 58.914 60.289 66.608 75.027 69.758 71.126 76.417 71.057 74.841 75.266 64.776 64.122 66.472 58.884 60.588 63.854 65.154 61.191 60.511 63.926 59.539 55.812 51.718 -9999 -9999 -9999 -9999 -9999 -9999 -9999 -9999 -9999 -9999 -9999 -9999 -9999 -9999 -9999 -9999 -9999 -9999 -9999 -9999 -9999 -9999
124.057 -9999 116.542 -9999 117.29 124.871 162.057 191.544 179.133 201.642 180.359 168.615 159.254 151.011 146.494 131.202 121.733 110.519 112.119 98.724 71.673 50.351 45.861 45.781 -9999 58.918 60.206 60.112 63.193 61.412 64.312 70.422 79.896 79.137 84.893 80.789 75.749 80.946 85.401 77.542 69.162 70.196 62.822 64.451 64.462 65.573 64.813 63.388 60.315 58.104 54.885 53.523 51.913 -9999 -9999 -9999 -9999 -9999 -9999 -9999 -9999 -9999 -9999 -9999 -9999 -9999 -9999 -9999 -9999 -9999 -9999 -9999 -9999 -9999 -9999
-9999 113.645 -9999 -9999 -9999 157.29 216.612 183.289 178.246 149.291 157.932 157.392 152.297 154.966 148.055 152.346 137.934 123.581 105.857 83.63 59.039 54.744 64.056 55.037 58.119 70.384 77.769 85.303 75.323 66.745 76.954 81.593 89.039 89.245 76.786 76.386 78.497 81.775 86.049 77.623 71.665 63.992 64.343 65.488 68.358 65.879 67.285 66.547 70.783 66.42 62.162 57.172 54.969 -9999 -9999 -9999 -9999 -9999 -9999 -9999 -9999 -9999 -9999 -9999 -9999 -9999 -9999 -9999 -9999 -9999 -9999 -9999 -9999 -9999 -9999
115.735 -9999 -9999 -9999 -9999 167.733 163.695 151.21 -9999 146.428 160.201 162.168 147.191 141.141 142.235 128.514 115.219 111.911 98.857 88.165 76.588 80.169 78.632 58.508 70.948 76.191 91.058 99.407 86.411 73.19 71.607 87.059 97.681 82.964 71.778 90.527 85.963 86.779 90.228 80.666 74.695 68.692 76.635 74.412 68.238 68.021 66.735 69.959 68.335 70.282 66.515 58.827 55.798 -9999 -9999 -9999 -9999 -9999 -9999 -9999 -9999 -9999 -9999 -9999 -9999 -9999 -9999 -9999 -9999 -9999 -9999 -9999 -9999 -9999 -9999
143.719 -9999 -9999 -9999 131.891 -9999 -9999 122.809 127.515 152.99 178.015 174.737 159.773 159.138 142.216 133.133 108.754 91.54 85.078 82.949 81.852 84.61 54.863 64.768 76.374 91.156 89.594 92.912 92.1 74.851 75.476 83.849 83.313 76.893 91.549 95.514 95.923 93.569 89.891 93.185 80.354 80.8 85.167 74.002 68.79 69.31 72.764 65.818 63.713 64.225 65.995 59.005 -9999 -9999 -9999 -9999 -9999 -9999 -9999 -9999 -9999 -9999 -9999 -9999 -9999 -9999 -9999 -9999 -9999 -9999 -9999 -9999 -9999 -9999 -9999
172.88 148.276 129.272 -9999 -9999 -9999 142.102 121.813 -9999 157.883 152.907 155.754 164.968 158.571 159.742 127.92 92.549 87.647 86.51 84.916 80.839 61.108 72.098 81.973 94.457 85.704 84.572 90.368 83.007 68.468 70.415 69.683 76.827 94.648 87.918 97.213 108.743 96.101 95.466 91.771 80.519 81.794 74.807 70.135 66.506 70.221 69.143 68.428 60.931 62.252 62.454 -9999 -9999 -9999 -9999 -9999 -9999 -9999 -9999 -9999 -9999 -9999 -9999 -9999 -9999 -9999 -9999 -9999 -9999 -9999 -9999 -9999 -9999 -9999 -9999
179.138 155.515 137.702 -9999 134.998 144.333 146.463 150.491 172.582 160.79 157.934 174.919 182.208 156.152 122.842 115.972 105.439 103.435 98.682 95.133 76.182 70.711 80.992 103.325 99.635 84.372 83.381 83.88 65.344 60.155 66.383 74.216 85.817 75.097 76.803 89.686 98.998 104.684 102.935 100.469 82.875 84.567 80.697 81.501 86.321 71.23 67.429 68.598 63.693 58.752 58.774 -9999 -9999 -9999 -9999 -9999 -9999 -9999 -9999 -9999 -9999 -9999 -9999 -9999 -9999 -9999 -9999 -9999 -9999 -9999 -9999 -9999 -9999 -9999 -9999
161.514 144.575 132.508 137.642 135.397 154.115 -9999 148.096 172.228 198.083 211.482 192.229 174.647 141.08 147.601 127.679 115.213 99.326 93.621 87.107 71.442 75.301 100.21 113.695 96.96 90.862 94.865 77.059 74.366 60.825 62.894 70.17 74.217 80.393 80.445 95.47 112.145 100.702 95.588 88.475 79.395 74.782 71.055 80.552 73.069 66.329 66.617 66.472 63.362 60.964 -9999 -9999 -9999 -9999 -9999 -9999 -9999 -9999 -9999 -9999 -9999 -9999 -9999 -9999 -9999 -9999 -9999 -9999 -9999 -9999 -9999 -9999 -9999 -9999 -9999
-9999 -9999 -9999 124.652 144.853 -9999 144.639 169.622 210.605 227.914 199.186 195.947 181.562 176.767 148.373 109.256 97.37 103.438 108.385 80.554 81.228 98.683 119.34 119.211 113.234 113.969 91.005 94.304 76.426 68.03 84.289 79.008 96.994 97.402 103.983 115.477 110.456 83.694 84.658 82.944 82.833 81.027 79.335 77.793 71.447 67.871 67.191 67.878 66.021 62.161 -9999 -9999 -9999 -9999 -9999 -9999 -9999 -9999 -9999 -9999 -9999 -9999 -9999 -9999 -9999 -9999 -9999 -9999 -9999 -9999 -9999 -9999 -9999 -9999 -9999
-9999 -9999 105.386 129.45 -9999 131.978 153.452 -9999 191.263 179.275 201.375 202.796 209.889 175.271 136.798 134.313 124.08 102.207 86.249 103.228 103.693 115.471 134.675 134.24 128.407 110.444 90.495 71.746 60.528 77.047 85.658 103.841 113.652 114.261 111.917 111.62 96.283 93.303 90.907 83.214 81.58 78.453 77.476 78.665 75.797 72.201 69.455 77.614 71.88 63.162 -9999 -9999 -9999 -9999 -9999 -9999 -9999 -9999 -9999 -9999 -9999 -9999 -9999 -9999 -9999 -9999 -9999 -9999 -9999 -9999 -9999 -9999 -9999 -9999 -9999
-9999 -9999 99.523 -9999 -9999 140.814 160.653 181.511 172.29 197.464 200.751 188.818 168.641 149.341 125.789 109.581 93.705 96.704 122.517 131.832 130.398 137.97 142.125 137.085 113.745 77.732 62.041 68.315 91.486 103.601 135.486 137.986 124.666 122.72 119.41 100.981 87.597 90.189 88.705 70.715 72.59 71.961 72.551 80.896 93.03 76.185 70.183 68.861 66.119 62.076 -9999 -9999 -9999 -9999 -9999 -9999 -9999 -9999 -9999 -9999 -9999 -9999 -9999 -9999 -9999 -9999 -9999 -9999 -9999 -9999 -9999 -9999 -9999 -9999 -9999
-9999 -9999 -9999 -9999 -9999 -9999 181.245 187.174 179.007 204.707 203.106 169.089 171.753 156.009 137.001 133.152 135.999 146.461 145.87 144.066 121.856 115.76 121.063 116.992 87.673 62.276 65.376 82.737 105.197 137.189 128.136 130.031 121.973 120.345 107.193 93.03 89.278 89.265 72.619 67.002 69.757 66.449 69.225 82.148 76.098 67.25 65.69 68.514 66.496 -9999 -9999 -9999 -9999 -9999 -9999 -9999 -9999 -9999 -9999 -9999 -9999 -9999 -9999 -9999 -9999 -9999 -9999 -9999 -9999 -9999 -9999 -9999 -9999 -9999 -9999
-9999 -9999 -9999 -9999 113.895 139.213 -9999 191.453 196.079 223.184 187.949 161.699 153.993 153.351 171.68 172.476 156.597 129.666 132.277 123.665 115.897 99.26 96.437 87.838 81.479 85.684 86.741 99.567 122.585 120.359 121.037 98.095 98.058 91.717 73.707 75.381 83.32 88.995 88.182 82.733 84.028 93.387 81.717 68.407 72.512 78.128 80.658 72.769 64.842 -9999 -9999 -9999 -9999 -9999 -9999 -9999 -9999 -9999 -9999 -9999 -9999 -9999 -9999 -9999 -9999 -9999 -9999 -9999 -9999 -9999 -9999 -9999 -9999 -9999 -9999
-9999 -9999 -9999 108.207 110.053 152.205 173.416 203.52 222.808 215.847 196.921 161.076 139.375 147.266 143.805 144.065 154.2 147.267 156.612 152.483 90.259 91.458 85.447 86.852 92.734 108.103 102.306 113.233 107.28 108.17 95.344 89.047 86.99 95.914 97.37 103.581 96.788 93.236 110.88 120.034 118.973 110.493 94.378 94.784 93.239 87.555 78.568 69.265 -9999 -9999 -9999 -9999 -9999 -9999 -9999 -9999 -9999 -9999 -9999 -9999 -9999 -9999 -9999 -9999 -9999 -9999 -9999 -9999 -9999 -9999 -9999 -9999 -9999 -9999 -9999
-9999 -9999 -9999 104.367 -9999 143.956 164.441 183.902 208.178 204.07 153.129 144.092 154.522 124.901 117.709 124.018 129.27 145.221 138.306 97.371 100.981 113.528 100.743 94.106 130.611 127.501 136.496 121.587 119.502 112.469 106.189 98.787 107.636 109.806 120.122 122.34 94.209 112.454 117.409 97.827 103.804 109.807 101.417 98.071 89.138 77.789 74.591 66.862 -9999 -9999 -9999 -9999 -9999 -9999 -9999 -9999 -9999 -9999 -9999 -9999 -9999 -9999 -9999 -9999 -9999 -9999 -9999 -9999 -9999 -9999 -9999 -9999 -9999 -9999 -9999
-9999 -9999 -9999 -9999 -9999 160.808 179.631 169.82 181.744 153.701 123.247 129.147 113.893 106.763 109.561 113.873 136.259 120.156 123.57 122.427 133.473 111.49 91.569 115.203 132.184 123.62 120.747 108.612 117.945 107.121 103.705 125.904 122.229 123.338 140.96 131.172 133.322 133.978 117.056 104.567 99.001 88.347 91.559 94.654 82.902 72.025 68.801 62.469 -9999 -9999 -9999 -9999 -9999 -9999 -9999 -9999 -9999 -9999 -9999 -9999 -9999 -9999 -9999 -9999 -9999 -9999 -9999 -9999 -9999 -9999 -9999 -9999 -9999 -9999 -9999
-9999 -9999 -9999 114.144 129.519 158.681 158.993 158.358 178.212 146.193 150.657 147.73 -9999 142.716 179.946 172.725 160.913 156.299 170.135 166.456 145.715 131.848 124.082 118.703 108.33 103.815 87.692 90.044 101.419 95.62 117.348 106.456 106.232 104.755 118.76 129.938 123.705 106.177 112.791 105.927 91.16 95.796 81.408 76.225 70.35 68.914 69.051 51.991 -9999 -9999 -9999 -9999 -9999 -9999 -9999 -9999 -9999 -9999 -9999 -9999 -9999 -9999 -9999 -9999 -9999 -9999 -9999 -9999 -9999 -9999 -9999 -9999 -9999 -9999 -9999
94.927 102.556 110.071 -9999 118.177 140.688 151.402 160.265 168.376 165.256 157.991 -9999 163.324 205.443 193.565 194.38 168.051 160.692 160.066 163.156 141.006 136.51 120.013 102.515 92.33 82.323 66.898 77.934 75.852 95.009 95.238 94.741 89.553 83.881 95.356 100.381 92.604 98.588 100.573 94.354 92.134 71.904 67.182 64.834 63.822 69.798 54.326 -9999 -9999 -9999 -9999 -9999 -9999 -9999 -9999 -9999 -9999 -9999 -9999 -9999 -9999 -9999 -9999 -9999 -9999 -9999 -9999 -9999 -9999 -9999 -9999 -9999 -9999 -9999 -9999
97.845 107.91 122.604 121.152 -9999 134.917 148.49 162.685 164.209 151.175 137.602 143.976 175.896 178.837 165.193 179.203 160.247 151.08 143.32 129.547 110.155 108.76 93.573 89.112 97.396 69.908 71.928 65.272 68.088 78.451 90.497 79.599 68.494 76.466 91.068 85.681 85.843 80.547 86.536 77.005 64.442 61.108 61.797 59.577 59.14 -9999 -9999 -9999 -9999 -9999 -9999 -9999 -9999 -9999 -9999 -9999 -9999 -9999 -9999 -9999 -9999 -9999 -9999 -9999 -9999 -9999 -9999 -9999 -9999 -9999 -9999 -9999 -9999 -9999 -9999
-9999 -9999 121.921 -9999 137.438 146.711 160.057 179.416 172.463 -9999 -9999 174.893 163.614 156.992 185.161 163.763 157.062 137.023 131.284 92.281 84.007 75.9 71.212 76.74 70.352 76.279 64.695 69.467 69.661 73.876 76.127 69.87 64.894 75.21 79.128 77.646 68.758 72.843 70.94 63.446 56.015 55.106 59.868 55.733 -9999 -9999 -9999 -9999 -9999 -9999 -9999 -9999 -9999 -9999 -9999 -9999 -9999 -9999 -9999 -9999 -9999 -9999 -9999 -9999 -9999 -9999 -9999 -9999 -9999 -9999 -9999 -9999 -9999 -9999 -9999
115.151 -9999 125.751 145.197 136.831 149.373 164.484 168.603 -9999 -9999 147.176 186.364 187.698 198.915 164.765 154.558 143.746 130.162 107.773 96.308 92.029 94.946 89.293 96.85 113.521 91.023 76.089 75.013 63.802 63.143 61.648 68.452 71.053 69.986 69.143 64.944 58.737 58.996 59.92 57.355 53.062 54.477 56.059 54.32 52.174 -9999 -9999 -9999 -9999 -9999 -9999 -9999 -9999 -9999 -9999 -9999 -9999 -9999 -9999 -9999 -9999 -9999 -9999 -9999 -9999 -9999 -9999 -9999 -9999 -9999 -9999 -9999 -9999 -9999 -9999
