Validation/Results/raw data/ReClimate_02_2024_2_Temperature.asc
NCOLS 192
NROWS 249
XLLCENTER -225160.85627316462
YLLCENTER 29788.11610251502
CELLSIZE 5000.0
NODATA_VALUE -9999
[rows 136 to 169 of 249, columns 77 to 153 of 192]
-9999 -9999 -9999 -9999 -9999 -9999 -9999 -9999 -0.098 -9999 -0.086 -0.08 -0.077 -0.076 -0.061 -0.044 -0.035 -0.026 -0.007 0.014 0.03 0.048 0.046 0.041 0.061 0.08 0.077 0.073 -9999 -9999 -9999 -9999 -9999 -9999 0.073 0.073 0.073 0.074 0.076 0.078 0.088 0.098 0.094 0.09 0.093 0.097 0.087 0.075 0.072 0.069 0.073 0.078 0.08 0.084 0.096 0.117 0.126 -9999 -9999 -9999 -9999 -9999 -9999 -9999 -9999 -9999 -9999 -9999 -9999 -9999 -9999 -9999 -9999 -9999 -9999 -9999 -9999
-9999 -9999 -9999 -9999 -9999 -9999 -9999 -9999 -0.096 -0.092 -0.089 -0.094 -0.081 -0.055 -0.044 -0.043 -0.033 -0.017 0.005 0.03 0.042 0.044 0.046 0.054 0.069 0.074 0.072 0.075 -9999 -9999 -9999 -9999 0.08 0.083 0.08 0.067 0.07 0.081 0.079 0.072 0.079 0.087 0.083 0.083 0.084 0.084 0.077 0.075 0.093 0.104 0.087 0.081 0.088 0.095 0.111 0.124 0.129 -9999 -9999 -9999 -9999 -9999 -9999 -9999 -9999 -9999 -9999 -9999 -9999 -9999 -9999 -9999 -9999 -9999 -9999 -9999 -9999
-0.098 -9999 -9999 -9999 -9999 -9999 -9999 -9999 -0.094 -0.089 -0.091 -9999 -9999 -0.044 -0.041 -0.039 -0.026 -9999 0.014 0.04 0.044 0.047 0.056 0.065 0.072 0.075 -9999 -9999 -9999 -9999 -9999 0.089 0.092 0.092 0.082 0.069 0.078 0.088 0.082 0.074 0.079 0.086 0.085 0.084 0.083 0.082 0.08 0.078 0.096 0.119 0.103 0.085 0.092 0.102 0.117 0.137 0.132 -9999 -9999 -9999 -9999 -9999 -9999 -9999 -9999 -9999 -9999 -9999 -9999 -9999 -9999 -9999 -9999 -9999 -9999 -9999 -9999
-0.083 -9999 -9999 -9999 -9999 -9999 -9999 -9999 -9999 -0.078 -0.078 -9999 -9999 -9999 -0.029 -0.023 -0.012 -0.008 -9999 -9999 0.056 0.063 0.073 0.082 0.089 -9999 -9999 -9999 -9999 -9999 0.086 0.089 0.087 0.083 0.075 0.074 0.077 0.073 0.07 0.076 0.077 0.073 0.072 0.078 0.077 0.077 0.075 0.076 0.089 0.108 0.097 0.08 0.08 0.084 0.098 0.115 0.125 -9999 -9999 -9999 -9999 -9999 -9999 -9999 -9999 -9999 -9999 -9999 -9999 -9999 -9999 -9999 -9999 -9999 -9999 -9999 -9999
-9999 -9999 -9999 -9999 -9999 -9999 -9999 -9999 -9999 -9999 -0.053 -9999 -9999 -9999 -9999 -0.012 -0.007 -0.003 -9999 -9999 -9999 0.073 0.085 -9999 -9999 -9999 -9999 -9999 -9999 -9999 0.09 0.092 0.088 0.084 0.082 0.08 0.076 0.071 0.075 0.081 0.076 0.071 0.075 0.08 0.079 0.078 0.078 0.078 0.091 0.107 0.096 0.082 0.081 0.081 0.093 0.11 0.118 -9999 -9999 -9999 -9999 -9999 -9999 -9999 -9999 -9999 -9999 -9999 -9999 -9999 -9999 -9999 -9999 -9999 -9999 -9999 -9999
-9999 -9999 -9999 -9999 -9999 -9999 -9999 -9999 -9999 -9999 -0.043 -9999 -9999 -9999 -9999 -9999 0.004 0.019 -9999 -9999 -9999 -9999 -9999 -9999 -9999 -9999 -9999 -9999 -9999 -9999 0.095 0.087 0.084 0.081 0.081 0.082 0.079 0.077 0.076 0.07 0.065 0.062 0.061 0.057 0.055 0.055 0.061 0.085 0.09 0.102 0.096 0.086 0.088 0.089 0.095 0.107 0.12 0.135 -9999 -9999 -9999 -9999 -9999 -9999 -9999 -9999 -9999 -9999 -9999 -9999 -9999 -9999 -9999 -9999 -9999 -9999 -9999
-0.068 -0.072 -0.084 -9999 -9999 -9999 -9999 -9999 -9999 -9999 -0.031 -9999 -9999 -9999 -9999 -9999 -9999 -9999 -9999 -9999 -9999 -9999 -9999 -9999 -9999 -9999 -9999 -9999 -9999 0.095 0.092 0.09 0.088 0.085 0.085 0.087 0.085 0.083 0.077 0.069 0.065 0.061 0.057 0.052 0.05 0.05 0.068 0.09 0.095 0.103 0.097 0.091 0.093 0.096 0.101 0.109 0.121 0.139 0.138 -9999 -9999 -9999 -9999 -9999 -9999 -9999 -9999 -9999 -9999 -9999 -9999 -9999 -9999 -9999 -9999 -9999 -9999
-0.084 -0.088 -0.091 -9999 -9999 -9999 -9999 -9999 -9999 -9999 -9999 -9999 -9999 -9999 -9999 -9999 -9999 -9999 -9999 -9999 -9999 -9999 -9999 -9999 -9999 -9999 -9999 -9999 0.08 0.08 0.081 0.088 0.084 0.077 0.079 0.087 0.085 0.082 0.075 0.07 0.065 0.06 0.056 0.053 0.056 0.068 0.082 0.094 0.1 0.111 0.099 0.089 0.094 0.1 0.097 0.099 0.113 0.129 0.127 -9999 -9999 -9999 -9999 -9999 -9999 -9999 -9999 -9999 -9999 -9999 -9999 -9999 -9999 -9999 -9999 -9999 -9999
-0.083 -9999 -0.078 -0.077 -9999 -9999 -9999 -9999 -9999 -9999 -9999 -9999 -9999 -9999 -9999 -9999 -9999 -9999 -9999 -9999 -9999 -9999 -9999 -9999 -9999 -9999 -9999 -9999 0.085 0.08 0.085 0.091 0.084 0.077 0.082 0.09 0.086 0.083 0.078 0.072 0.067 0.063 0.059 0.057 0.066 0.078 0.087 0.098 0.106 0.116 0.104 0.091 0.096 0.104 0.101 0.098 0.111 0.129 0.125 0.122 0.125 -9999 -9999 -9999 -9999 -9999 -9999 -9999 -9999 -9999 -9999 -9999 -9999 -9999 -9999 -9999 -9999
-0.083 -9999 -9999 -0.07 -9999 -9999 -9999 -9999 -9999 -9999 -9999 -9999 -9999 -9999 -9999 -9999 -9999 -9999 -9999 -9999 -9999 -9999 -9999 -9999 -9999 -9999 -9999 -9999 0.082 0.078 0.084 0.096 0.089 0.082 0.081 0.071 0.068 0.072 0.07 0.076 0.073 0.073 0.072 0.076 0.084 0.091 0.098 0.107 0.098 0.098 0.099 0.093 0.104 0.115 0.114 0.113 0.121 0.136 0.131 0.126 0.122 0.125 0.144 0.166 -9999 -9999 -9999 -9999 -9999 -9999 -9999 -9999 -9999 -9999 -9999 -9999 -9999
-0.075 -0.074 -9999 -0.065 -9999 -9999 -9999 -9999 -9999 -9999 -9999 -9999 -9999 -9999 -9999 -9999 -9999 -9999 -9999 -9999 -9999 -9999 -9999 -9999 -9999 -9999 -9999 0.082 0.086 0.081 0.089 0.1 0.093 0.086 0.077 0.066 0.067 0.07 0.074 0.08 0.08 0.08 0.083 0.087 0.092 0.098 0.104 0.113 0.104 0.094 0.095 0.097 0.107 0.121 0.121 0.121 0.129 0.14 0.135 0.129 0.126 0.123 0.135 0.139 0.171 0.161 -9999 -9999 -9999 -9999 -9999 -9999 -9999 -9999 -9999 -9999 -9999
-0.06 -9999 -0.059 -9999 -9999 -9999 -9999 -9999 -9999 -9999 -9999 -9999 -9999 -9999 -9999 -9999 -9999 -9999 -9999 -9999 -9999 -9999 -9999 -9999 -9999 -9999 -9999 -9999 0.08 0.077 0.082 0.087 0.081 0.079 0.07 0.064 0.065 0.066 0.071 0.08 0.079 0.079 0.083 0.093 0.098 0.106 0.11 0.112 0.115 0.112 0.103 0.1 0.099 0.106 0.11 0.113 0.119 0.128 0.128 0.124 0.13 0.133 0.133 0.139 0.144 0.169 0.157 -9999 -9999 -9999 -9999 -9999 -9999 -9999 -9999 -9999 -9999
-0.052 -0.055 -0.049 -9999 -9999 -9999 -9999 -9999 -9999 -9999 -9999 -9999 -9999 -9999 -9999 -9999 -9999 -9999 -9999 -9999 -9999 -9999 -9999 -9999 -9999 -9999 -9999 -9999 -9999 0.074 0.079 0.084 0.081 0.078 0.072 0.066 0.066 0.068 0.074 0.083 0.081 0.081 0.088 0.098 0.104 0.112 0.113 0.114 0.117 0.12 0.113 0.104 0.103 0.103 0.107 0.112 0.118 0.126 0.125 0.125 0.13 0.138 0.139 0.14 0.145 0.151 0.16 0.15 -9999 -9999 -9999 -9999 -9999 -9999 -9999 -9999 -9999
-0.042 -0.051 -9999 -9999 -9999 -9999 -9999 -9999 -9999 -9999 -9999 -9999 -9999 -9999 -9999 -9999 -9999 -9999 -9999 -9999 -9999 -9999 -9999 -9999 -9999 -9999 -9999 -9999 -9999 0.078 0.091 0.093 0.09 0.081 0.082 0.097 0.1 0.104 0.106 0.097 0.097 0.097 0.102 0.103 0.105 0.101 0.104 0.113 0.116 0.122 0.121 0.116 0.118 0.12 0.119 0.121 0.119 0.122 0.13 0.135 0.127 0.127 0.123 0.121 0.111 0.107 0.12 0.148 0.14 -9999 -9999 -9999 -9999 -9999 -9999 -9999 -9999
-0.037 -0.045 -9999 -9999 -9999 -9999 -9999 -9999 -9999 -9999 -9999 -9999 -9999 -9999 -9999 -9999 -9999 -9999 -9999 -9999 -9999 -9999 -9999 -9999 -9999 -9999 -9999 -9999 -9999 -9999 0.084 0.096 0.09 0.084 0.096 0.112 0.116 0.121 0.114 0.105 0.105 0.106 0.106 0.107 0.103 0.1 0.106 0.115 0.119 0.125 0.123 0.122 0.125 0.129 0.127 0.126 0.124 0.123 0.13 0.14 0.133 0.125 0.121 0.116 0.106 0.095 0.106 0.122 0.138 -9999 -9999 -9999 -9999 -9999 -9999 -9999 -9999
-9999 -9999 -9999 -9999 -9999 -9999 -9999 -9999 -9999 -9999 -9999 -9999 -9999 -9999 -9999 -9999 -9999 -9999 -9999 -9999 -9999 -9999 -9999 -9999 -9999 -9999 -9999 -9999 -9999 -9999 0.07 0.07 0.072 0.085 0.094 0.093 0.096 0.104 0.099 0.101 0.101 0.104 0.103 0.103 0.1 0.102 0.105 0.105 0.119 0.131 0.126 0.123 0.125 0.129 0.127 0.125 0.127 0.127 0.125 0.128 0.134 0.134 0.119 0.108 0.109 0.104 0.116 0.132 0.139 0.145 -9999 -9999 -9999 -9999 -9999 -9999 -9999
-9999 -9999 -9999 -9999 -9999 -9999 -9999 -9999 -9999 -9999 -9999 -9999 -9999 -9999 -9999 -9999 -9999 -9999 -9999 -9999 -9999 -9999 -9999 -9999 -9999 -9999 -9999 -9999 -9999 -9999 -9999 0.059 0.071 0.086 0.087 0.086 0.093 0.099 0.1 0.102 0.103 0.105 0.104 0.103 0.104 0.105 0.104 0.103 0.117 0.136 0.131 0.125 0.127 0.131 0.129 0.126 0.128 0.131 0.129 0.126 0.131 0.139 0.125 0.108 0.108 0.11 0.122 0.139 0.146 0.156 -9999 -9999 -9999 -9999 -9999 -9999 -9999
-9999 -9999 -9999 -9999 -9999 -9999 -9999 -9999 -9999 -9999 -9999 -9999 -9999 -9999 -9999 -9999 -9999 -9999 -9999 -9999 -9999 -9999 -9999 -9999 -9999 -9999 -9999 -9999 -9999 -9999 -9999 0.064 -9999 0.072 0.079 0.098 0.107 -9999 0.11 0.096 0.101 0.115 0.111 0.103 0.108 0.122 0.119 0.109 0.1 0.104 0.12 0.126 0.13 0.135 0.133 0.132 0.129 0.129 0.131 0.131 0.133 0.139 0.127 0.112 0.113 0.116 0.122 0.135 0.139 0.145 0.153 -9999 -9999 -9999 -9999 -9999 -9999
-9999 -9999 -9999 -9999 -9999 -9999 -9999 -9999 -9999 -9999 -9999 -9999 -9999 -9999 -9999 -9999 -9999 -9999 -9999 -9999 -9999 -9999 -9999 -9999 -9999 -9999 -9999 -9999 -9999 -9999 -9999 -9999 0.066 0.066 -9999 -9999 -9999 -9999 0.106 0.096 0.107 0.12 0.113 0.106 0.117 0.131 0.123 0.114 0.105 0.095 0.109 0.129 0.132 0.138 0.137 0.136 0.133 0.131 0.132 0.134 0.137 0.141 0.13 0.116 0.117 0.121 0.127 0.136 0.14 0.144 0.152 0.161 0.172 -9999 -9999 -9999 -9999
-9999 -9999 -9999 -9999 -9999 -9999 -9999 -9999 -9999 -9999 -9999 -9999 -9999 -9999 -9999 -9999 -9999 -9999 -9999 -9999 -9999 -9999 -9999 -9999 -9999 -9999 -9999 -9999 -9999 -9999 -9999 -9999 0.068 0.07 -9999 -9999 -9999 -9999 0.093 0.092 0.1 0.11 0.109 0.118 0.123 0.118 0.109 0.102 0.116 0.121 0.12 0.129 0.133 0.139 0.138 0.138 0.132 0.128 0.124 0.124 0.122 0.123 0.129 0.126 0.115 0.111 0.118 0.127 0.126 0.128 0.138 0.149 0.161 -9999 -9999 -9999 -9999
-9999 -9999 -9999 -9999 -9999 -9999 -9999 -9999 -9999 -9999 -9999 -9999 -9999 -9999 -9999 -9999 -9999 -9999 -9999 -9999 -9999 -9999 -9999 -9999 -9999 -9999 -9999 -9999 -9999 -9999 -9999 -9999 0.066 -9999 -9999 -9999 -9999 0.081 0.086 0.093 0.1 0.108 0.116 0.125 0.12 0.114 0.107 0.099 0.114 0.132 0.131 0.131 0.135 0.141 0.14 0.14 0.135 0.129 0.126 0.122 0.121 0.12 0.125 0.132 0.122 0.11 0.117 0.127 0.125 0.124 0.134 0.146 -9999 -9999 -9999 -9999 -9999
-9999 -9999 -9999 -9999 -9999 -9999 -9999 -9999 -9999 -9999 -9999 -9999 -9999 -9999 -9999 -9999 -9999 -9999 -9999 -9999 -9999 -9999 -9999 -9999 -9999 -9999 -9999 -9999 -9999 -9999 -9999 -9999 -9999 -9999 -9999 -9999 -9999 0.089 0.094 0.095 0.1 0.101 0.104 0.104 0.102 0.108 0.102 0.098 0.109 0.119 0.122 0.123 0.134 0.143 0.141 0.14 0.13 0.12 0.127 0.129 0.128 0.127 0.12 0.12 0.13 0.132 0.121 0.121 0.118 0.115 0.132 0.151 -9999 -9999 -9999 -9999 -9999
-9999 -9999 -9999 -9999 -9999 -9999 -9999 -9999 -9999 -9999 -9999 -9999 -9999 -9999 -9999 -9999 -9999 -9999 -9999 -9999 -9999 -9999 -9999 -9999 -9999 -9999 -9999 -9999 -9999 -9999 -9999 -9999 -9999 -9999 -9999 -9999 -9999 0.093 0.095 0.096 0.098 0.1 0.098 0.098 0.101 0.107 0.104 0.1 0.107 0.116 0.119 0.123 0.132 0.145 0.143 0.142 0.132 0.12 0.125 0.133 0.132 0.132 0.126 0.118 0.128 0.141 0.132 0.122 0.119 0.115 0.131 0.156 -9999 -9999 -9999 -9999 -9999
-9999 -9999 -9999 -9999 -9999 -9999 -9999 -9999 -9999 -9999 -9999 -9999 -9999 -9999 -9999 -9999 -9999 -9999 -9999 -9999 -9999 -9999 -9999 -9999 -9999 -9999 -9999 -9999 -9999 -9999 -9999 -9999 -9999 -9999 -9999 -9999 0.089 0.079 0.085 0.1 0.105 0.113 0.111 0.109 0.114 0.12 0.12 0.126 0.118 0.118 0.119 0.122 0.119 0.122 0.128 0.131 0.139 0.139 0.133 0.134 0.126 0.12 0.124 0.123 0.117 0.12 0.131 0.133 0.128 0.125 0.128 0.152 0.164 -9999 -9999 -9999 -9999
-9999 -9999 -9999 -9999 -9999 -9999 -9999 -9999 -9999 -9999 -9999 -9999 -9999 -9999 -9999 -9999 -9999 -9999 -9999 -9999 -9999 -9999 -9999 -9999 -9999 -9999 -9999 -9999 -9999 -9999 -9999 -9999 -9999 -9999 -9999 -9999 0.078 0.074 0.087 0.102 0.11 0.118 0.117 0.116 0.12 0.126 0.131 0.138 0.13 0.121 0.122 0.124 0.121 0.117 0.122 0.129 0.137 0.147 0.142 0.137 0.128 0.119 0.122 0.127 0.121 0.115 0.125 0.139 0.135 0.131 0.135 0.14 0.161 -9999 -9999 -9999 -9999
-9999 -9999 -9999 -9999 -9999 -9999 -9999 -9999 -9999 -9999 -9999 -9999 -9999 -9999 -9999 -9999 -9999 -9999 -9999 -9999 -9999 -9999 -9999 -9999 -9999 -9999 -9999 -9999 -9999 -9999 -9999 -9999 -9999 -9999 -9999 0.047 0.054 0.083 0.092 0.096 0.104 0.115 0.118 0.129 0.129 0.119 0.121 0.12 0.141 0.149 0.132 0.123 0.12 0.116 0.115 0.119 0.127 0.137 0.145 0.147 0.137 0.127 0.122 0.122 0.124 0.123 0.122 0.129 0.134 0.135 0.142 0.149 0.155 0.171 -9999 -9999 -9999
-9999 -9999 -9999 -9999 -9999 -9999 -9999 -9999 -9999 -9999 -9999 -9999 -9999 -9999 -9999 -9999 -9999 -9999 -9999 -9999 -9999 -9999 -9999 -9999 -9999 -9999 -9999 -9999 -9999 -9999 -9999 -9999 -9999 -9999 -9999 0.035 0.059 0.087 0.091 0.095 0.104 0.114 0.124 0.136 0.127 0.117 0.116 0.115 0.135 0.161 0.145 0.125 0.121 0.118 0.117 0.117 0.125 0.135 0.143 0.153 0.143 0.132 0.128 0.122 0.125 0.129 0.128 0.128 0.132 0.139 0.145 0.155 0.161 0.169 -9999 -9999 -9999
-9999 -9999 -9999 -9999 -9999 -9999 -9999 -9999 -9999 -9999 -9999 -9999 -9999 -9999 -9999 -9999 -9999 -9999 -9999 -9999 -9999 -9999 -9999 -9999 -9999 -9999 -9999 -9999 -9999 -9999 -9999 -9999 -9999 -9999 -9999 0.049 0.067 0.07 0.075 0.085 0.09 0.09 0.1 0.113 0.111 0.123 0.124 0.131 0.129 0.14 0.137 0.124 0.131 0.134 0.133 0.133 0.133 0.14 0.14 0.145 0.135 0.123 0.124 0.123 0.129 0.136 0.134 0.134 0.134 0.137 0.144 0.154 0.156 0.162 0.163 -9999 -9999
-9999 -9999 -9999 -9999 -9999 -9999 -9999 -9999 -9999 -9999 -9999 -9999 -9999 -9999 -9999 -9999 -9999 -9999 -9999 -9999 -9999 -9999 -9999 -9999 -9999 -9999 -9999 -9999 -9999 -9999 -9999 -9999 -9999 -9999 -9999 -9999 0.059 0.064 0.072 0.082 0.082 0.083 0.093 0.105 0.115 0.126 0.132 0.138 0.137 0.135 0.13 0.125 0.132 0.142 0.141 0.14 0.141 0.143 0.144 0.144 0.134 0.122 0.123 0.126 0.132 0.14 0.14 0.139 0.139 -9999 0.146 -9999 0.156 0.161 0.162 0.166 -9999
-9999 -9999 -9999 -9999 -9999 -9999 -9999 -9999 -9999 -9999 -9999 -9999 -9999 -9999 -9999 -9999 -9999 -9999 -9999 -9999 -9999 -9999 -9999 -9999 -9999 -9999 -9999 -9999 -9999 -9999 -9999 -9999 -9999 -9999 -9999 0.045 0.053 0.067 0.076 0.087 0.09 0.096 0.107 0.117 0.124 0.127 0.129 0.125 0.126 0.135 0.132 0.129 0.127 0.13 0.13 0.129 0.139 0.145 0.138 0.134 0.135 0.129 0.132 0.135 0.139 0.146 0.14 0.137 0.14 0.141 0.142 0.146 -9999 0.159 0.165 0.162 0.174
-9999 -9999 -9999 -9999 -9999 -9999 -9999 -9999 -9999 -9999 -9999 -9999 -9999 -9999 -9999 -9999 -9999 -9999 -9999 -9999 -9999 -9999 -9999 -9999 -9999 -9999 -9999 -9999 -9999 -9999 -9999 -9999 -9999 -9999 -9999 0.039 0.053 0.069 0.079 0.09 0.096 0.103 0.112 0.123 0.126 0.129 0.125 0.121 0.127 0.136 0.134 0.131 0.13 0.128 0.128 0.128 0.136 0.148 0.141 0.133 0.133 0.134 0.137 0.141 0.145 0.15 0.145 0.14 0.141 0.145 0.145 0.146 0.149 -9999 -9999 -9999 -9999
-9999 -9999 -9999 -9999 -9999 -9999 -9999 -9999 -9999 -9999 -9999 -9999 -9999 -9999 -9999 -9999 -9999 -9999 -9999 -9999 -9999 -9999 -9999 -9999 -9999 -9999 -9999 -9999 -9999 -9999 -9999 -9999 -9999 -9999 0.036 0.05 0.061 0.068 0.076 0.086 0.092 0.099 0.107 0.114 0.115 0.11 0.11 0.119 0.118 0.122 0.124 0.124 0.132 0.136 0.126 0.12 0.122 0.128 0.126 0.121 0.125 0.128 0.127 0.128 0.13 0.133 0.136 0.135 0.123 0.117 0.124 0.128 0.147 0.162 0.158 -9999 -9999
-9999 -9999 -9999 -9999 -9999 -9999 -9999 -9999 -9999 -9999 -9999 -9999 -9999 -9999 -9999 -9999 -9999 -9999 -9999 -9999 -9999 -9999 -9999 -9999 -9999 -9999 -9999 -9999 -9999 -9999 -9999 -9999 -9999 -9999 0.052 0.057 0.062 0.069 0.076 0.085 0.092 0.099 0.105 0.112 0.109 0.103 0.111 0.12 0.119 0.119 0.121 0.124 0.131 0.14 0.131 0.12 0.121 0.123 0.121 0.12 0.123 0.128 0.127 0.127 0.128 0.13 0.133 0.137 0.125 0.111 0.117 0.126 0.144 0.168 0.163 0.158 -9999
-9999 -9999 -9999 -9999 -9999 -9999 -9999 -9999 -9999 -9999 -9999 -9999 -9999 -9999 -9999 -9999 -9999 -9999 -9999 -9999 -9999 -9999 -9999 -9999 -9999 -9999 -9999 -9999 -9999 -9999 -9999 -9999 -9999 -9999 -9999 0.052 0.064 0.09 0.092 0.083 0.087 0.09 0.096 0.103 0.101 0.1 0.107 0.116 0.119 0.131 0.123 0.119 0.121 0.127 0.133 0.131 0.126 0.123 0.123 0.122 0.137 0.149 0.134 0.125 0.121 0.12 0.118 0.119 0.121 0.114 0.112 0.116 0.115 0.126 0.132 0.129 0.128
