Validation/Results/raw data/ReClimate_04_2024_1_Temperature-Actualsweatherlogisticsltd.asc
NCOLS 192
NROWS 249
XLLCENTER -225160.85627316462
YLLCENTER 29788.11610251502
CELLSIZE 5000.0
NODATA_VALUE -9999
[rows 136 to 169 of 249, columns 77 to 153 of 192]
-9999 -9999 -9999 -9999 -9999 -9999 -9999 -9999 10.38 -9999 10.316 9.918 10.02 10.119 10.43 10.59 10.544 10.237 9.107 9.393 9.512 9.617 10.22 10.255 10.229 10.272 9.701 9.475 -9999 -9999 -9999 -9999 -9999 -9999 10.62 10.705 10.655 10.448 10.354 10.179 9.591 9.269 9.539 9.58 9.605 10.045 9.727 9.559 10.041 10.296 10.494 10.466 10.88 11.142 11.097 10.713 10.692 -9999 -9999 -9999 -9999 -9999 -9999 -9999 -9999 -9999 -9999 -9999 -9999 -9999 -9999 -9999 -9999 -9999 -9999 -9999 -9999
-9999 -9999 -9999 -9999 -9999 -9999 -9999 -9999 10.268 10.273 10.381 10.478 10.242 10.233 10.36 10.476 10.699 10.32 9.857 9.188 9.417 9.751 10.284 10.137 10.012 10.29 9.808 10.126 -9999 -9999 -9999 -9999 10.456 10.53 10.589 10.665 10.713 10.66 10.471 9.699 8.879 8.923 9.181 8.859 9.61 9.495 9.238 9.834 9.729 9.949 10.462 10.596 10.357 10.85 11.007 10.694 10.791 -9999 -9999 -9999 -9999 -9999 -9999 -9999 -9999 -9999 -9999 -9999 -9999 -9999 -9999 -9999 -9999 -9999 -9999 -9999 -9999
10.705 -9999 -9999 -9999 -9999 -9999 -9999 -9999 10.101 10.351 10.306 -9999 -9999 10.272 10.269 10.431 10.531 -9999 10.415 10.18 10.152 10.215 10.365 9.902 10.175 10.39 -9999 -9999 -9999 -9999 -9999 10.349 10.442 10.499 10.548 10.532 10.537 10.575 10.188 9.455 8.345 8.131 8.723 8.48 9.115 8.603 8.928 9.341 9.248 9.808 9.856 10.08 10.285 10.618 10.816 10.6 10.739 -9999 -9999 -9999 -9999 -9999 -9999 -9999 -9999 -9999 -9999 -9999 -9999 -9999 -9999 -9999 -9999 -9999 -9999 -9999 -9999
10.501 -9999 -9999 -9999 -9999 -9999 -9999 -9999 -9999 10.298 10.498 -9999 -9999 -9999 10.449 10.271 10.369 10.456 -9999 -9999 10.382 10.413 10.292 9.735 9.765 -9999 -9999 -9999 -9999 -9999 10.092 10.176 10.301 10.389 10.371 10.285 10.37 10.125 9.956 9.652 8.563 8.304 7.597 8.336 7.896 7.817 8.36 8.802 8.749 9.094 9.756 10.003 10.122 10.636 10.882 10.517 10.408 -9999 -9999 -9999 -9999 -9999 -9999 -9999 -9999 -9999 -9999 -9999 -9999 -9999 -9999 -9999 -9999 -9999 -9999 -9999 -9999
-9999 -9999 -9999 -9999 -9999 -9999 -9999 -9999 -9999 -9999 10.403 -9999 -9999 -9999 -9999 10.331 9.989 10.001 -9999 -9999 -9999 10.32 10.342 -9999 -9999 -9999 -9999 -9999 -9999 -9999 10.161 10.315 10.256 9.963 9.703 9.826 9.981 9.986 10.225 9.926 9.166 8.025 7.895 7.944 7.15 7.444 7.917 8.552 8.462 8.657 9.368 10.016 10.505 10.758 10.861 10.52 10.37 -9999 -9999 -9999 -9999 -9999 -9999 -9999 -9999 -9999 -9999 -9999 -9999 -9999 -9999 -9999 -9999 -9999 -9999 -9999 -9999
-9999 -9999 -9999 -9999 -9999 -9999 -9999 -9999 -9999 -9999 10.052 -9999 -9999 -9999 -9999 -9999 10.081 9.877 -9999 -9999 -9999 -9999 -9999 -9999 -9999 -9999 -9999 -9999 -9999 -9999 10.371 9.99 9.643 9.384 9.183 9.425 9.667 9.918 10.13 9.973 9.46 8.243 7.104 6.522 6.955 7.505 8.675 8.966 9.112 9.408 9.554 9.66 10.325 10.8 10.723 10.463 10.412 10.669 -9999 -9999 -9999 -9999 -9999 -9999 -9999 -9999 -9999 -9999 -9999 -9999 -9999 -9999 -9999 -9999 -9999 -9999 -9999
11.025 10.878 11.08 -9999 -9999 -9999 -9999 -9999 -9999 -9999 9.958 -9999 -9999 -9999 -9999 -9999 -9999 -9999 -9999 -9999 -9999 -9999 -9999 -9999 -9999 -9999 -9999 -9999 -9999 10.425 10.248 10.092 9.985 9.547 8.565 9.15 9.325 9.426 9.916 9.96 10.103 8.495 6.819 6.335 7.339 7.972 7.448 7.485 8.339 8.961 9.972 10.098 10.181 10.404 10.473 10.522 10.512 10.743 11.123 -9999 -9999 -9999 -9999 -9999 -9999 -9999 -9999 -9999 -9999 -9999 -9999 -9999 -9999 -9999 -9999 -9999 -9999
10.937 10.968 10.983 -9999 -9999 -9999 -9999 -9999 -9999 -9999 -9999 -9999 -9999 -9999 -9999 -9999 -9999 -9999 -9999 -9999 -9999 -9999 -9999 -9999 -9999 -9999 -9999 -9999 10.308 10.361 10.178 10.136 9.783 9.187 7.287 8.063 9.309 9.593 9.851 10.352 10.047 9.302 7.81 6.649 7.314 7.535 7.85 8.221 8.25 8.705 9.351 10.173 10.344 10.517 10.529 10.556 10.723 11.069 11.351 -9999 -9999 -9999 -9999 -9999 -9999 -9999 -9999 -9999 -9999 -9999 -9999 -9999 -9999 -9999 -9999 -9999 -9999
11.217 -9999 11.15 11.09 -9999 -9999 -9999 -9999 -9999 -9999 -9999 -9999 -9999 -9999 -9999 -9999 -9999 -9999 -9999 -9999 -9999 -9999 -9999 -9999 -9999 -9999 -9999 -9999 9.918 10.029 10.203 8.999 8.51 8.745 9.063 8.834 8.711 9.259 9.589 9.805 10.015 9.877 8.863 8.199 7.123 7.806 8.272 8.575 8.833 9.309 9.73 10.03 10.144 10.462 10.54 10.634 10.747 11.131 11.545 11.589 11.419 -9999 -9999 -9999 -9999 -9999 -9999 -9999 -9999 -9999 -9999 -9999 -9999 -9999 -9999 -9999 -9999
11.236 -9999 -9999 11.056 -9999 -9999 -9999 -9999 -9999 -9999 -9999 -9999 -9999 -9999 -9999 -9999 -9999 -9999 -9999 -9999 -9999 -9999 -9999 -9999 -9999 -9999 -9999 -9999 10.007 10.016 9.46 8.386 9.63 9.611 8.701 8.201 9.006 8.983 8.667 9.496 9.397 9.899 9.997 9.085 8.535 8.124 8.441 8.761 9.302 9.562 9.909 10.224 10.536 10.599 10.783 10.66 10.867 11.143 11.458 11.09 10.964 10.785 10.984 10.537 -9999 -9999 -9999 -9999 -9999 -9999 -9999 -9999 -9999 -9999 -9999 -9999 -9999
11.157 11.327 -9999 10.997 -9999 -9999 -9999 -9999 -9999 -9999 -9999 -9999 -9999 -9999 -9999 -9999 -9999 -9999 -9999 -9999 -9999 -9999 -9999 -9999 -9999 -9999 -9999 10.585 10.105 9.763 8.742 8.033 7.831 8.607 8.936 8.988 8.701 8.055 9.003 8.207 8.996 9.541 9.848 9.723 9.568 9.082 8.427 8.703 9.218 9.558 9.801 10.115 10.499 10.851 10.903 10.903 11.008 11.213 11.309 11.147 10.2 10.035 9.986 9.993 10.466 10.264 -9999 -9999 -9999 -9999 -9999 -9999 -9999 -9999 -9999 -9999 -9999
11.185 -9999 11.018 -9999 -9999 -9999 -9999 -9999 -9999 -9999 -9999 -9999 -9999 -9999 -9999 -9999 -9999 -9999 -9999 -9999 -9999 -9999 -9999 -9999 -9999 -9999 -9999 -9999 10.549 9.904 8.607 8.281 8.606 7.002 7.995 9.13 8.608 9.061 7.716 7.947 8.915 9.392 9.456 9.64 9.367 7.649 8.02 8.19 8.165 8.518 9.395 9.834 10.282 10.758 10.976 11.0 11.096 11.291 11.399 11.248 10.557 10.126 10.289 10.244 10.127 10.213 10.239 -9999 -9999 -9999 -9999 -9999 -9999 -9999 -9999 -9999 -9999
11.2 10.971 10.761 -9999 -9999 -9999 -9999 -9999 -9999 -9999 -9999 -9999 -9999 -9999 -9999 -9999 -9999 -9999 -9999 -9999 -9999 -9999 -9999 -9999 -9999 -9999 -9999 -9999 -9999 10.309 9.895 9.977 8.376 8.276 8.815 9.966 10.286 8.781 8.637 9.013 9.195 8.903 8.981 9.351 8.332 8.008 7.853 7.32 7.814 8.537 8.858 9.678 10.197 10.736 10.997 11.032 11.132 11.27 10.604 10.39 9.799 9.147 9.442 9.803 10.352 10.196 10.175 10.594 -9999 -9999 -9999 -9999 -9999 -9999 -9999 -9999 -9999
11.22 10.869 -9999 -9999 -9999 -9999 -9999 -9999 -9999 -9999 -9999 -9999 -9999 -9999 -9999 -9999 -9999 -9999 -9999 -9999 -9999 -9999 -9999 -9999 -9999 -9999 -9999 -9999 -9999 10.743 10.58 10.209 9.409 8.635 8.289 9.956 9.485 9.787 10.068 10.022 9.675 9.109 8.058 9.037 8.252 7.605 8.134 9.037 9.237 9.163 9.355 9.664 10.428 10.926 11.106 11.136 11.012 10.621 10.238 9.825 10.02 9.801 9.682 9.577 9.745 10.092 10.15 10.41 11.09 -9999 -9999 -9999 -9999 -9999 -9999 -9999 -9999
10.881 10.781 -9999 -9999 -9999 -9999 -9999 -9999 -9999 -9999 -9999 -9999 -9999 -9999 -9999 -9999 -9999 -9999 -9999 -9999 -9999 -9999 -9999 -9999 -9999 -9999 -9999 -9999 -9999 -9999 10.022 9.605 9.451 8.74 9.688 9.565 10.101 10.412 10.507 10.322 9.979 9.338 9.398 7.889 8.227 8.498 8.56 9.107 9.181 9.031 9.814 10.045 10.618 10.962 11.208 11.241 10.967 10.563 10.324 10.142 10.02 10.054 10.077 9.99 9.942 10.024 10.353 10.548 10.905 -9999 -9999 -9999 -9999 -9999 -9999 -9999 -9999
-9999 -9999 -9999 -9999 -9999 -9999 -9999 -9999 -9999 -9999 -9999 -9999 -9999 -9999 -9999 -9999 -9999 -9999 -9999 -9999 -9999 -9999 -9999 -9999 -9999 -9999 -9999 -9999 -9999 -9999 10.701 9.175 9.784 10.545 10.084 10.356 10.398 10.772 10.725 10.199 10.186 10.152 8.085 8.628 8.226 8.212 8.243 9.307 9.416 9.614 9.79 10.281 10.562 10.998 11.237 11.319 11.184 10.516 10.116 10.296 10.506 10.487 10.509 10.46 10.481 10.169 9.961 10.482 10.618 11.151 -9999 -9999 -9999 -9999 -9999 -9999 -9999
-9999 -9999 -9999 -9999 -9999 -9999 -9999 -9999 -9999 -9999 -9999 -9999 -9999 -9999 -9999 -9999 -9999 -9999 -9999 -9999 -9999 -9999 -9999 -9999 -9999 -9999 -9999 -9999 -9999 -9999 -9999 10.451 11.045 10.776 10.512 10.683 10.602 10.929 10.74 10.466 10.559 9.684 8.611 7.973 7.854 7.473 8.185 8.364 8.745 9.313 9.374 9.835 10.45 10.919 11.202 11.186 11.121 11.016 10.16 10.147 10.829 11.195 11.027 11.043 11.105 11.051 10.778 10.892 11.157 11.029 -9999 -9999 -9999 -9999 -9999 -9999 -9999
-9999 -9999 -9999 -9999 -9999 -9999 -9999 -9999 -9999 -9999 -9999 -9999 -9999 -9999 -9999 -9999 -9999 -9999 -9999 -9999 -9999 -9999 -9999 -9999 -9999 -9999 -9999 -9999 -9999 -9999 -9999 10.78 -9999 10.741 11.078 10.834 10.834 -9999 10.895 10.601 10.556 9.794 8.59 8.484 8.363 7.836 8.287 8.327 7.709 8.611 9.03 9.38 9.885 10.67 11.093 11.123 11.082 11.132 11.149 10.865 11.207 11.44 11.242 11.0 11.066 11.202 11.259 11.273 10.934 10.661 10.72 -9999 -9999 -9999 -9999 -9999 -9999
-9999 -9999 -9999 -9999 -9999 -9999 -9999 -9999 -9999 -9999 -9999 -9999 -9999 -9999 -9999 -9999 -9999 -9999 -9999 -9999 -9999 -9999 -9999 -9999 -9999 -9999 -9999 -9999 -9999 -9999 -9999 -9999 11.06 10.911 -9999 -9999 -9999 -9999 11.094 10.867 10.915 10.305 9.853 8.872 8.693 8.511 8.426 9.249 8.808 8.174 9.006 9.266 9.901 10.472 11.043 11.286 11.339 11.339 11.369 11.311 11.15 11.256 11.06 10.926 11.033 11.07 10.926 10.956 11.13 10.907 10.736 10.669 10.746 -9999 -9999 -9999 -9999
-9999 -9999 -9999 -9999 -9999 -9999 -9999 -9999 -9999 -9999 -9999 -9999 -9999 -9999 -9999 -9999 -9999 -9999 -9999 -9999 -9999 -9999 -9999 -9999 -9999 -9999 -9999 -9999 -9999 -9999 -9999 -9999 10.986 11.048 -9999 -9999 -9999 -9999 11.217 10.827 11.064 10.65 9.891 10.08 9.917 9.091 9.033 9.238 9.413 8.329 8.949 9.29 9.661 10.266 10.981 11.366 11.484 11.526 11.517 11.49 11.365 11.203 11.131 11.064 11.063 10.935 10.725 10.578 10.693 10.925 11.092 11.124 11.062 -9999 -9999 -9999 -9999
-9999 -9999 -9999 -9999 -9999 -9999 -9999 -9999 -9999 -9999 -9999 -9999 -9999 -9999 -9999 -9999 -9999 -9999 -9999 -9999 -9999 -9999 -9999 -9999 -9999 -9999 -9999 -9999 -9999 -9999 -9999 -9999 11.031 -9999 -9999 -9999 -9999 11.425 11.044 10.719 10.046 9.709 9.777 9.848 9.982 9.449 8.997 9.606 9.601 9.495 8.974 9.516 9.806 10.255 10.704 11.211 11.37 11.511 11.619 11.652 11.617 11.52 11.463 11.187 10.695 10.65 10.653 10.766 10.895 11.087 11.254 11.35 -9999 -9999 -9999 -9999 -9999
-9999 -9999 -9999 -9999 -9999 -9999 -9999 -9999 -9999 -9999 -9999 -9999 -9999 -9999 -9999 -9999 -9999 -9999 -9999 -9999 -9999 -9999 -9999 -9999 -9999 -9999 -9999 -9999 -9999 -9999 -9999 -9999 -9999 -9999 -9999 -9999 -9999 11.125 10.648 9.748 8.942 8.676 9.294 9.99 9.968 10.17 10.078 10.21 10.026 9.808 9.54 9.581 10.013 10.31 10.596 11.01 11.304 11.488 11.678 11.798 11.819 11.732 11.609 11.448 10.63 10.163 10.741 11.009 11.262 11.338 11.392 11.354 -9999 -9999 -9999 -9999 -9999
-9999 -9999 -9999 -9999 -9999 -9999 -9999 -9999 -9999 -9999 -9999 -9999 -9999 -9999 -9999 -9999 -9999 -9999 -9999 -9999 -9999 -9999 -9999 -9999 -9999 -9999 -9999 -9999 -9999 -9999 -9999 -9999 -9999 -9999 -9999 -9999 -9999 10.929 10.617 9.928 9.141 9.227 9.838 10.019 10.391 10.393 10.387 10.42 10.336 10.519 10.01 9.991 10.055 10.276 10.548 10.953 11.343 11.481 11.662 11.874 11.886 11.813 11.678 11.563 11.143 10.484 10.701 11.145 11.345 11.472 11.447 11.36 -9999 -9999 -9999 -9999 -9999
-9999 -9999 -9999 -9999 -9999 -9999 -9999 -9999 -9999 -9999 -9999 -9999 -9999 -9999 -9999 -9999 -9999 -9999 -9999 -9999 -9999 -9999 -9999 -9999 -9999 -9999 -9999 -9999 -9999 -9999 -9999 -9999 -9999 -9999 -9999 -9999 10.991 10.903 10.538 9.719 9.232 9.044 9.785 9.87 10.717 10.423 10.462 10.177 10.166 10.021 10.759 10.717 10.889 10.821 11.043 11.006 11.244 11.445 11.55 11.703 11.875 11.785 11.671 11.541 11.462 11.003 10.894 11.161 11.365 11.477 11.502 11.405 11.337 -9999 -9999 -9999 -9999
-9999 -9999 -9999 -9999 -9999 -9999 -9999 -9999 -9999 -9999 -9999 -9999 -9999 -9999 -9999 -9999 -9999 -9999 -9999 -9999 -9999 -9999 -9999 -9999 -9999 -9999 -9999 -9999 -9999 -9999 -9999 -9999 -9999 -9999 -9999 -9999 11.043 11.057 10.813 10.367 9.667 10.446 10.357 10.955 10.372 9.932 10.036 9.736 9.888 10.394 10.203 10.746 10.812 10.842 10.93 11.131 11.143 11.318 11.521 11.648 11.718 11.669 11.528 11.469 11.477 11.42 11.073 11.117 11.325 11.476 11.579 11.513 11.376 -9999 -9999 -9999 -9999
-9999 -9999 -9999 -9999 -9999 -9999 -9999 -9999 -9999 -9999 -9999 -9999 -9999 -9999 -9999 -9999 -9999 -9999 -9999 -9999 -9999 -9999 -9999 -9999 -9999 -9999 -9999 -9999 -9999 -9999 -9999 -9999 -9999 -9999 -9999 11.034 11.099 11.099 11.215 10.785 10.809 10.756 11.032 10.926 10.27 10.237 9.994 9.669 9.813 10.149 11.056 10.808 11.303 11.297 11.201 11.054 11.163 11.261 11.46 11.599 11.629 11.58 11.455 11.405 11.46 11.481 11.304 11.05 11.284 11.657 11.839 11.746 11.555 11.393 -9999 -9999 -9999
-9999 -9999 -9999 -9999 -9999 -9999 -9999 -9999 -9999 -9999 -9999 -9999 -9999 -9999 -9999 -9999 -9999 -9999 -9999 -9999 -9999 -9999 -9999 -9999 -9999 -9999 -9999 -9999 -9999 -9999 -9999 -9999 -9999 -9999 -9999 11.068 10.966 11.093 11.219 11.163 11.054 11.054 10.871 10.598 10.776 10.552 9.877 8.903 9.196 9.603 10.43 11.127 11.133 11.566 11.717 11.497 11.214 11.327 11.5 11.606 11.633 11.606 11.511 11.466 11.507 11.567 11.398 11.151 11.41 11.925 12.133 12.059 11.764 11.562 -9999 -9999 -9999
-9999 -9999 -9999 -9999 -9999 -9999 -9999 -9999 -9999 -9999 -9999 -9999 -9999 -9999 -9999 -9999 -9999 -9999 -9999 -9999 -9999 -9999 -9999 -9999 -9999 -9999 -9999 -9999 -9999 -9999 -9999 -9999 -9999 -9999 -9999 11.059 11.107 11.253 11.39 11.357 11.267 10.959 10.708 10.615 10.294 9.707 8.961 8.959 9.277 9.606 10.277 10.971 11.027 11.123 11.614 11.86 11.732 11.587 11.65 11.67 11.655 11.671 11.618 11.568 11.6 11.627 11.666 11.514 11.614 12.052 12.244 12.133 11.911 11.637 11.503 -9999 -9999
-9999 -9999 -9999 -9999 -9999 -9999 -9999 -9999 -9999 -9999 -9999 -9999 -9999 -9999 -9999 -9999 -9999 -9999 -9999 -9999 -9999 -9999 -9999 -9999 -9999 -9999 -9999 -9999 -9999 -9999 -9999 -9999 -9999 -9999 -9999 -9999 11.214 11.313 11.395 11.352 10.913 10.469 10.233 10.108 10.085 9.86 9.372 9.594 9.639 10.208 11.149 11.368 11.38 11.149 11.574 11.848 11.728 11.668 11.733 11.708 11.687 11.716 11.716 11.676 11.671 11.687 11.678 11.76 11.798 -9999 12.1 -9999 11.888 11.708 11.495 11.434 -9999
-9999 -9999 -9999 -9999 -9999 -9999 -9999 -9999 -9999 -9999 -9999 -9999 -9999 -9999 -9999 -9999 -9999 -9999 -9999 -9999 -9999 -9999 -9999 -9999 -9999 -9999 -9999 -9999 -9999 -9999 -9999 -9999 -9999 -9999 -9999 11.259 11.282 11.31 11.367 11.208 10.632 9.893 9.859 10.06 9.656 9.598 9.798 9.503 9.239 9.85 10.73 11.653 11.404 11.425 11.771 11.783 11.567 11.622 11.68 11.733 11.742 11.771 11.766 11.744 11.736 11.554 11.582 11.725 11.647 11.656 11.786 11.826 -9999 11.799 11.641 11.397 11.442
-9999 -9999 -9999 -9999 -9999 -9999 -9999 -9999 -9999 -9999 -9999 -9999 -9999 -9999 -9999 -9999 -9999 -9999 -9999 -9999 -9999 -9999 -9999 -9999 -9999 -9999 -9999 -9999 -9999 -9999 -9999 -9999 -9999 -9999 -9999 11.327 11.322 11.312 11.212 10.912 10.675 10.346 10.163 10.331 10.321 10.353 10.51 9.909 9.467 9.89 10.585 10.988 10.899 11.011 11.354 11.47 11.243 11.324 11.591 11.72 11.835 11.851 11.818 11.769 11.792 11.806 11.584 11.74 11.79 11.566 11.619 11.708 11.78 -9999 -9999 -9999 -9999
-9999 -9999 -9999 -9999 -9999 -9999 -9999 -9999 -9999 -9999 -9999 -9999 -9999 -9999 -9999 -9999 -9999 -9999 -9999 -9999 -9999 -9999 -9999 -9999 -9999 -9999 -9999 -9999 -9999 -9999 -9999 -9999 -9999 -9999 11.292 11.358 11.292 11.099 10.973 11.12 11.132 10.756 11.013 11.129 11.121 11.176 10.969 10.237 9.281 9.077 9.773 10.288 10.188 10.642 11.223 11.348 11.411 11.355 11.583 11.79 11.908 11.92 11.866 11.795 11.811 11.857 11.846 11.8 11.858 11.587 11.491 11.602 11.719 11.774 11.721 -9999 -9999
-9999 -9999 -9999 -9999 -9999 -9999 -9999 -9999 -9999 -9999 -9999 -9999 -9999 -9999 -9999 -9999 -9999 -9999 -9999 -9999 -9999 -9999 -9999 -9999 -9999 -9999 -9999 -9999 -9999 -9999 -9999 -9999 -9999 -9999 11.323 11.369 11.373 11.282 11.151 11.076 11.395 11.425 11.521 11.543 11.533 11.533 11.307 10.729 9.997 8.867 8.511 9.449 9.703 10.164 10.945 11.149 11.593 11.745 11.639 11.805 11.966 11.98 11.906 11.806 11.796 11.853 11.834 11.855 11.88 11.83 11.336 11.381 11.566 11.695 11.69 11.547 -9999
-9999 -9999 -9999 -9999 -9999 -9999 -9999 -9999 -9999 -9999 -9999 -9999 -9999 -9999 -9999 -9999 -9999 -9999 -9999 -9999 -9999 -9999 -9999 -9999 -9999 -9999 -9999 -9999 -9999 -9999 -9999 -9999 -9999 -9999 -9999 11.552 11.6 11.647 11.477 11.571 11.554 11.614 11.724 11.783 11.955 11.961 11.711 11.244 10.354 9.358 8.374 8.217 9.111 9.836 10.593 11.227 11.32 11.638 11.62 11.687 11.915 11.971 11.903 11.803 11.775 11.774 11.754 11.771 11.831 11.768 11.4 11.132 11.296 11.46 11.476 11.378 11.358
