Validation/Results/raw data/ReClimate_01_2024_1_Temperature.asc
NCOLS 192
NROWS 249
XLLCENTER -225160.85627316462
YLLCENTER 29788.11610251502
CELLSIZE 5000.0
NODATA_VALUE -9999
[rows 102 to 135 of 249, columns 77 to 153 of 192]
-0.257 -0.258 -0.271 -0.289 -9999 -9999 -0.267 -9999 -9999 -0.222 -0.207 -0.194 -0.186 -0.178 -0.175 -0.175 -0.161 -0.147 -0.159 -0.176 -0.162 -0.149 -0.134 -0.119 -0.133 -0.152 -0.149 -0.148 -0.153 -0.161 -0.177 -0.196 -0.194 -0.192 -0.2 -0.209 -0.206 -0.205 -0.209 -0.215 -9999 -9999 -9999 -9999 -9999 -9999 -9999 -9999 -9999 -9999 -9999 -9999 -9999 -9999 -9999 -9999 -9999 -9999 -9999 -9999 -9999 -9999 -9999 -9999 -9999 -9999 -9999 -9999 -9999 -9999 -9999 -9999 -9999 -9999 -9999 -9999 -9999
-0.264 -0.261 -9999 -9999 -9999 -0.281 -0.269 -0.243 -0.234 -0.237 -0.228 -0.226 -0.212 -0.184 -0.184 -0.194 -0.182 -0.171 -0.17 -0.153 -0.142 -0.138 -0.13 -0.132 -0.134 -0.119 -0.126 -0.158 -0.163 -0.169 -0.178 -0.183 -0.182 -0.184 -0.191 -9999 -9999 -0.188 -9999 -9999 -9999 -9999 -9999 -9999 -9999 -9999 -9999 -9999 -9999 -9999 -9999 -9999 -9999 -9999 -9999 -9999 -9999 -9999 -9999 -9999 -9999 -9999 -9999 -9999 -9999 -9999 -9999 -9999 -9999 -9999 -9999 -9999 -9999 -9999 -9999 -9999 -9999
-9999 -0.263 -9999 -9999 -9999 -0.282 -0.264 -0.241 -0.242 -0.245 -0.242 -0.24 -0.214 -0.186 -0.191 -0.2 -0.188 -0.176 -0.158 -0.141 -0.136 -0.132 -0.132 -0.135 -0.12 -0.105 -0.128 -0.159 -0.163 -0.169 -0.171 -0.174 -0.175 -0.178 -9999 -0.193 -0.186 -0.18 -0.191 -9999 -9999 -9999 -9999 -9999 -9999 -9999 -9999 -9999 -9999 -9999 -9999 -9999 -9999 -9999 -9999 -9999 -9999 -9999 -9999 -9999 -9999 -9999 -9999 -9999 -9999 -9999 -9999 -9999 -9999 -9999 -9999 -9999 -9999 -9999 -9999 -9999 -9999
-9999 -9999 -9999 -0.258 -0.259 -0.253 -0.242 -0.246 -0.241 -0.229 -0.219 -0.204 -0.181 -0.169 -0.175 -0.19 -0.171 -0.147 -0.133 -0.129 -0.127 -0.135 -0.13 -0.115 -0.107 -0.112 -0.137 -0.172 -0.167 -0.145 -0.147 -0.155 -9999 -0.155 -0.158 -0.162 -0.158 -0.165 -0.185 -9999 -9999 -9999 -9999 -9999 -9999 -9999 -9999 -9999 -9999 -9999 -9999 -9999 -9999 -9999 -9999 -9999 -9999 -9999 -9999 -9999 -9999 -9999 -9999 -9999 -9999 -9999 -9999 -9999 -9999 -9999 -9999 -9999 -9999 -9999 -9999 -9999 -9999
-9999 -9999 -9999 -0.259 -0.253 -0.242 -0.246 -0.25 -0.237 -0.225 -0.209 -0.192 -0.178 -0.164 -0.171 -0.184 -0.159 -0.134 -0.126 -0.122 -0.126 -0.134 -0.12 -0.105 -0.108 -0.113 -0.139 -0.173 -0.154 -0.133 -0.137 -0.143 -0.142 -0.142 -0.143 -0.145 -0.149 -0.157 -0.172 -0.193 -9999 -9999 -9999 -9999 -9999 -9999 -9999 -9999 -9999 -9999 -9999 -9999 -9999 -9999 -9999 -9999 -9999 -9999 -9999 -9999 -9999 -9999 -9999 -9999 -9999 -9999 -9999 -9999 -9999 -9999 -9999 -9999 -9999 -9999 -9999 -9999 -9999
-9999 -9999 -0.255 -9999 -9999 -0.252 -0.247 -0.227 -0.217 -0.217 -9999 -9999 -0.181 -0.171 -0.168 -0.154 -0.136 -0.134 -0.128 -0.126 -0.13 -0.139 -0.125 -0.109 -0.107 -0.099 -0.113 -0.115 -0.104 -0.111 -0.115 -0.121 -0.119 -0.12 -0.123 -0.136 -0.144 -0.162 -0.169 -0.165 -0.157 -9999 -9999 -9999 -9999 -9999 -9999 -9999 -9999 -9999 -9999 -9999 -9999 -9999 -9999 -9999 -9999 -9999 -9999 -9999 -9999 -9999 -9999 -9999 -9999 -9999 -9999 -9999 -9999 -9999 -9999 -9999 -9999 -9999 -9999 -9999 -9999
-9999 -9999 -0.255 -9999 -0.262 -0.257 -0.24 -0.22 -0.217 -0.215 -0.206 -0.195 -0.184 -0.174 -0.157 -0.142 -0.136 -0.133 -0.129 -0.127 -0.132 -0.141 -0.126 -0.111 -0.102 -0.094 -0.093 -0.093 -0.097 -0.104 -0.107 -0.112 -0.111 -0.111 -0.119 -0.131 -0.144 -0.161 -0.157 -0.152 -9999 -9999 -9999 -9999 -9999 -9999 -9999 -9999 -9999 -9999 -9999 -9999 -9999 -9999 -9999 -9999 -9999 -9999 -9999 -9999 -9999 -9999 -9999 -9999 -9999 -9999 -9999 -9999 -9999 -9999 -9999 -9999 -9999 -9999 -9999 -9999 -9999
-9999 -9999 -0.254 -9999 -0.259 -0.252 -0.238 -0.225 -0.22 -9999 -0.201 -0.195 -9999 -0.148 -0.141 -0.153 -0.138 -0.108 -0.11 -0.13 -0.128 -0.117 -0.107 -0.108 -0.1 -0.094 -0.091 -0.088 -0.091 -0.094 -0.097 -0.102 -0.103 -0.109 -0.116 -0.124 -9999 -9999 -9999 -9999 -9999 -9999 -9999 -9999 -9999 -9999 -9999 -9999 -9999 -9999 -9999 -9999 -9999 -9999 -9999 -9999 -9999 -9999 -9999 -9999 -9999 -9999 -9999 -9999 -9999 -9999 -9999 -9999 -9999 -9999 -9999 -9999 -9999 -9999 -9999 -9999 -9999
-0.265 -0.257 -9999 -9999 -0.258 -0.251 -0.24 -0.228 -0.219 -0.209 -0.2 -0.194 -9999 -0.138 -0.145 -0.157 -0.128 -0.098 -0.111 -0.13 -0.118 -0.107 -0.106 -0.106 -0.1 -0.094 -0.089 -0.086 -0.087 -0.09 -0.093 -0.097 -0.101 -0.107 -0.109 -9999 -9999 -9999 -9999 -9999 -9999 -9999 -9999 -9999 -9999 -9999 -9999 -9999 -9999 -9999 -9999 -9999 -9999 -9999 -9999 -9999 -9999 -9999 -9999 -9999 -9999 -9999 -9999 -9999 -9999 -9999 -9999 -9999 -9999 -9999 -9999 -9999 -9999 -9999 -9999 -9999 -9999
-0.259 -0.253 -9999 -0.257 -0.253 -0.234 -0.232 -9999 -0.223 -0.191 -0.186 -0.19 -9999 -0.166 -0.165 -0.153 -0.134 -0.131 -0.128 -0.099 -0.09 -0.092 -0.088 -0.083 -0.079 -0.082 -9999 -0.09 -0.087 -0.077 -0.079 -0.085 -0.088 -0.094 -9999 -9999 -9999 -9999 -9999 -9999 -9999 -9999 -9999 -9999 -9999 -9999 -9999 -9999 -9999 -9999 -9999 -9999 -9999 -9999 -9999 -9999 -9999 -9999 -9999 -9999 -9999 -9999 -9999 -9999 -9999 -9999 -9999 -9999 -9999 -9999 -9999 -9999 -9999 -9999 -9999 -9999 -9999
-0.253 -9999 -9999 -0.256 -0.243 -0.227 -9999 -0.243 -0.215 -0.183 -0.184 -0.188 -9999 -0.176 -0.163 -0.151 -0.146 -0.144 -0.116 -0.086 -0.084 -0.086 -0.079 -0.074 -0.075 -0.077 -0.083 -0.091 -9999 -9999 -0.074 -0.078 -9999 -9999 -9999 -9999 -9999 -9999 -0.127 -0.128 -0.129 -9999 -9999 -9999 -9999 -9999 -9999 -9999 -9999 -9999 -9999 -9999 -9999 -9999 -9999 -9999 -9999 -9999 -9999 -9999 -9999 -9999 -9999 -9999 -9999 -9999 -9999 -9999 -9999 -9999 -9999 -9999 -9999 -9999 -9999 -9999 -9999
-9999 -9999 -0.251 -0.246 -0.232 -0.22 -9999 -0.213 -0.192 -0.189 -0.186 -0.178 -9999 -9999 -9999 -0.128 -0.12 -0.113 -0.096 -0.101 -0.097 -0.091 -0.085 -0.076 -0.071 -0.057 -0.058 -0.061 -0.053 -0.05 -0.053 -0.062 -9999 -9999 -9999 -9999 -9999 -0.111 -0.115 -0.115 -0.116 -0.117 -9999 -9999 -9999 -9999 -9999 -9999 -9999 -9999 -9999 -9999 -9999 -9999 -9999 -9999 -9999 -9999 -9999 -9999 -9999 -9999 -9999 -9999 -9999 -9999 -9999 -9999 -9999 -9999 -9999 -9999 -9999 -9999 -9999 -9999 -9999
-9999 -9999 -9999 -0.243 -0.23 -0.217 -9999 -0.2 -9999 -0.19 -0.18 -0.172 -9999 -0.151 -0.134 -0.119 -9999 -0.1 -0.102 -0.106 -0.099 -0.093 -0.085 -0.077 -0.063 -0.048 -0.047 -0.049 -0.044 -0.041 -0.045 -0.053 -0.054 -0.062 -0.073 -9999 -0.091 -0.099 -0.101 -0.105 -0.104 -0.103 -0.104 -0.104 -9999 -9999 -9999 -9999 -9999 -9999 -9999 -9999 -9999 -9999 -9999 -9999 -9999 -9999 -9999 -9999 -9999 -9999 -9999 -9999 -9999 -9999 -9999 -9999 -9999 -9999 -9999 -9999 -9999 -9999 -9999 -9999 -9999
-9999 -9999 -9999 -0.224 -0.213 -0.205 -9999 -0.201 -9999 -0.175 -0.166 -9999 -0.139 -0.121 -0.109 -0.111 -0.104 -0.105 -0.102 -0.093 -0.09 -0.095 -0.084 -0.071 -0.059 -0.051 -0.046 -0.037 -0.033 -0.032 -0.029 -0.017 -0.019 -0.033 -0.039 -0.048 -0.052 -0.065 -0.063 -0.059 -0.055 -0.052 -0.055 -0.069 -0.088 -0.099 -0.101 -9999 -9999 -9999 -9999 -9999 -9999 -9999 -9999 -9999 -9999 -9999 -9999 -9999 -9999 -9999 -9999 -9999 -9999 -9999 -9999 -9999 -9999 -9999 -9999 -9999 -9999 -9999 -9999 -9999 -9999
-9999 -9999 -9999 -0.219 -0.211 -0.202 -0.201 -9999 -9999 -0.168 -0.163 -9999 -0.131 -0.108 -0.106 -0.108 -0.106 -0.107 -0.097 -0.089 -0.091 -0.095 -0.081 -0.068 -0.059 -0.049 -0.04 -0.03 -0.027 -0.026 -0.013 -0.0 -0.006 -0.019 -0.023 -0.03 -0.038 -0.046 -0.04 -0.035 -0.03 -0.026 -0.034 -0.045 -0.053 -0.067 -0.088 -0.077 -9999 -9999 -9999 -9999 -9999 -9999 -9999 -9999 -9999 -9999 -9999 -9999 -9999 -9999 -9999 -9999 -9999 -9999 -9999 -9999 -9999 -9999 -9999 -9999 -9999 -9999 -9999 -9999 -9999
-9999 -9999 -9999 -0.211 -0.203 -0.201 -0.199 -9999 -9999 -0.174 -0.168 -9999 -9999 -0.118 -0.116 -0.111 -0.104 -0.09 -0.083 -0.083 -0.082 -0.078 -0.068 -0.07 -0.058 -0.043 -0.035 -0.03 -0.025 -0.019 -0.002 0.022 0.017 0.005 0.003 -0.0 -0.002 -0.007 -0.003 -0.009 -0.007 -0.012 -0.018 -0.024 -0.032 -0.043 -0.052 -0.064 -9999 -9999 -9999 -9999 -9999 -9999 -9999 -9999 -9999 -9999 -9999 -9999 -9999 -9999 -9999 -9999 -9999 -9999 -9999 -9999 -9999 -9999 -9999 -9999 -9999 -9999 -9999 -9999 -9999
-9999 -9999 -9999 -0.205 -0.205 -0.199 -9999 -9999 -9999 -9999 -0.161 -9999 -0.132 -0.123 -0.117 -0.112 -0.098 -0.084 -0.081 -0.081 -0.076 -0.071 -0.067 -0.067 -0.052 -0.037 -0.031 -0.026 -0.019 -0.013 0.009 0.033 0.026 0.016 0.016 0.017 0.016 0.013 0.011 0.006 0.004 -0.0 -0.004 -0.009 -0.016 -0.025 -0.033 -0.044 -0.043 -9999 -9999 -9999 -9999 -9999 -9999 -9999 -9999 -9999 -9999 -9999 -9999 -9999 -9999 -9999 -9999 -9999 -9999 -9999 -9999 -9999 -9999 -9999 -9999 -9999 -9999 -9999 -9999
-9999 -0.22 -0.211 -0.2 -0.194 -9999 -9999 -0.16 -9999 -9999 -9999 -9999 -0.129 -0.116 -0.108 -0.1 -0.087 -0.077 -0.068 -0.051 -0.046 -0.048 -0.046 -0.052 -0.036 -0.022 -0.014 -0.006 0.005 0.019 0.032 0.027 0.022 0.021 0.026 0.034 0.031 0.018 0.015 0.006 0.007 0.011 0.009 0.006 -0.002 -0.018 -0.019 -0.012 -0.032 -9999 -9999 -9999 -9999 -9999 -9999 -9999 -9999 -9999 -9999 -9999 -9999 -9999 -9999 -9999 -9999 -9999 -9999 -9999 -9999 -9999 -9999 -9999 -9999 -9999 -9999 -9999 -9999
-9999 -9999 -0.213 -0.199 -0.191 -9999 -0.156 -0.141 -0.141 -9999 -9999 -9999 -9999 -0.113 -0.103 -0.094 -0.084 -0.074 -0.057 -0.038 -0.036 -0.037 -0.038 -0.042 -0.027 -0.013 -0.004 0.005 0.02 0.035 0.033 0.026 0.026 0.027 0.036 0.045 0.037 0.025 0.02 0.012 0.016 0.02 0.02 0.018 0.007 -0.008 -0.0 0.008 -0.004 -0.021 -9999 -9999 -9999 -9999 -9999 -9999 -9999 -9999 -9999 -9999 -9999 -9999 -9999 -9999 -9999 -9999 -9999 -9999 -9999 -9999 -9999 -9999 -9999 -9999 -9999 -9999 -9999
-9999 -9999 -0.216 -0.202 -0.196 -9999 -0.167 -0.131 -0.13 -9999 -9999 -9999 -9999 -9999 -0.097 -0.084 -0.072 -0.06 -0.049 -0.056 -0.048 -0.028 -0.02 -0.001 0.011 0.009 0.016 0.018 0.027 0.026 0.028 0.045 0.054 0.07 0.067 0.036 0.034 0.042 0.036 0.026 0.032 0.04 0.038 0.026 0.023 0.028 0.029 0.013 0.02 -0.003 -0.008 -9999 -9999 -9999 -9999 -9999 -9999 -9999 -9999 -9999 -9999 -9999 -9999 -9999 -9999 -9999 -9999 -9999 -9999 -9999 -9999 -9999 -9999 -9999 -9999 -9999 -9999
-9999 -9999 -0.21 -0.204 -9999 -9999 -0.171 -0.129 -0.129 -0.137 -9999 -9999 -9999 -9999 -9999 -0.08 -0.066 -0.052 -0.054 -0.06 -0.041 -0.021 -0.002 0.018 0.022 0.021 0.025 0.027 0.028 0.023 0.037 0.056 0.072 0.089 0.066 0.036 0.044 0.052 0.045 0.036 0.044 0.053 0.045 0.035 0.041 0.047 0.037 0.022 0.029 0.032 0.013 0.006 0.006 -9999 -9999 -9999 -9999 -9999 -9999 -9999 -9999 -9999 -9999 -9999 -9999 -9999 -9999 -9999 -9999 -9999 -9999 -9999 -9999 -9999 -9999 -9999 -9999
-9999 -9999 -0.207 -0.221 -9999 -9999 -0.171 -0.142 -0.134 -9999 -9999 -9999 -9999 -9999 -9999 -0.076 -0.062 -0.048 -0.043 -0.028 -0.005 0.019 0.036 0.044 0.05 0.052 0.056 0.054 0.055 0.055 0.072 0.086 0.097 0.093 0.079 0.074 0.076 0.061 0.059 0.059 0.066 0.067 0.057 0.037 0.051 0.078 0.072 0.065 0.055 0.05 0.035 0.02 0.017 -9999 -9999 -9999 -9999 -9999 -9999 -9999 -9999 -9999 -9999 -9999 -9999 -9999 -9999 -9999 -9999 -9999 -9999 -9999 -9999 -9999 -9999 -9999 -9999
-9999 -9999 -0.221 -0.222 -9999 -9999 -9999 -0.149 -0.13 -0.122 -9999 -9999 -9999 -9999 -9999 -0.072 -0.058 -0.044 -0.028 -0.012 0.012 0.037 0.048 0.057 0.064 0.067 0.069 0.065 0.067 0.071 0.085 0.1 0.1 0.097 0.095 0.092 0.082 0.068 0.07 0.072 0.074 0.076 0.062 0.043 0.067 0.094 0.091 0.081 0.07 0.055 0.041 0.023 0.021 -9999 -9999 -9999 -9999 -9999 -9999 -9999 -9999 -9999 -9999 -9999 -9999 -9999 -9999 -9999 -9999 -9999 -9999 -9999 -9999 -9999 -9999 -9999 -9999
-9999 -0.197 -0.206 -0.195 -9999 -9999 -9999 -9999 -9999 -9999 -9999 -9999 -9999 -9999 -9999 -0.04 -0.027 -0.024 -0.008 0.008 0.029 0.044 0.055 0.063 0.074 0.089 0.088 0.082 0.086 0.093 0.102 0.099 0.095 0.084 0.083 0.081 0.076 0.076 0.08 0.083 0.084 0.081 0.075 0.077 0.092 0.091 0.088 0.089 0.07 0.05 0.05 0.042 0.032 0.014 -9999 -9999 -9999 -9999 -9999 -9999 -9999 -9999 -9999 -9999 -9999 -9999 -9999 -9999 -9999 -9999 -9999 -9999 -9999 -9999 -9999 -9999 -9999
-0.196 -0.193 -0.188 -0.185 -9999 -9999 -9999 -9999 -9999 -9999 -9999 -9999 -9999 -0.086 -0.053 -0.027 -0.018 -0.013 0.003 0.019 0.035 0.05 0.06 0.069 0.084 0.095 0.094 0.089 0.096 0.103 0.103 0.1 0.093 0.081 0.082 0.08 0.081 0.082 0.086 0.09 0.089 0.087 0.091 0.094 0.094 0.088 0.091 0.092 0.073 0.048 0.048 0.048 0.039 0.018 -9999 -9999 -9999 -9999 -9999 -9999 -9999 -9999 -9999 -9999 -9999 -9999 -9999 -9999 -9999 -9999 -9999 -9999 -9999 -9999 -9999 -9999 -9999
-0.185 -0.182 -0.188 -9999 -9999 -9999 -9999 -9999 -9999 -9999 -9999 -9999 -9999 -0.081 -0.049 -0.027 -0.015 -0.001 0.017 0.033 0.051 0.07 0.078 0.075 0.086 0.094 0.098 0.112 0.109 0.082 0.082 0.083 0.079 0.079 0.083 0.093 0.094 0.092 0.093 0.088 0.091 0.103 0.103 0.093 0.089 0.085 0.086 0.085 0.072 0.067 0.061 0.059 0.047 0.026 -9999 -9999 -9999 -9999 -9999 -9999 -9999 -9999 -9999 -9999 -9999 -9999 -9999 -9999 -9999 -9999 -9999 -9999 -9999 -9999 -9999 -9999 -9999
-9999 -9999 -9999 -9999 -9999 -9999 -9999 -9999 -9999 -9999 -9999 -9999 -9999 -0.069 -0.049 -0.026 -0.01 0.005 0.024 0.043 0.063 0.081 0.08 0.076 0.085 0.093 0.107 0.122 0.102 0.076 0.078 0.078 0.08 0.08 0.09 0.1 0.1 0.098 0.095 0.089 0.101 0.113 0.106 0.092 0.088 0.084 0.083 0.082 0.078 0.073 0.068 0.062 0.051 0.028 -9999 -9999 -9999 -9999 -9999 -9999 -9999 -9999 -9999 -9999 -9999 -9999 -9999 -9999 -9999 -9999 -9999 -9999 -9999 -9999 -9999 -9999 -9999
-9999 -9999 -9999 -9999 -9999 -9999 -9999 -9999 -9999 -9999 -9999 -9999 -0.081 -0.057 -0.034 -0.014 -0.001 0.004 0.028 0.057 0.072 0.078 0.08 0.086 0.085 0.064 0.083 0.116 0.1 0.084 0.085 0.083 0.087 0.092 0.099 0.1 0.104 0.112 0.111 0.107 0.113 0.108 0.099 0.083 0.078 0.071 0.07 0.071 0.079 0.082 0.076 0.068 0.06 0.032 -9999 -9999 -9999 -9999 -9999 -9999 -9999 -9999 -9999 -9999 -9999 -9999 -9999 -9999 -9999 -9999 -9999 -9999 -9999 -9999 -9999 -9999 -9999
-9999 -9999 -9999 -9999 -9999 -9999 -9999 -9999 -9999 -9999 -9999 -9999 -0.07 -0.049 -0.028 -0.007 0.001 0.004 0.031 0.058 0.067 0.074 0.084 0.09 0.075 0.055 0.084 0.115 0.104 0.089 0.089 0.087 0.093 0.099 0.101 0.102 0.111 0.12 0.119 0.117 0.114 0.107 0.095 0.08 0.074 0.066 0.066 0.066 0.074 0.085 0.078 0.07 0.062 0.044 -9999 -9999 -9999 -9999 -9999 -9999 -9999 -9999 -9999 -9999 -9999 -9999 -9999 -9999 -9999 -9999 -9999 -9999 -9999 -9999 -9999 -9999 -9999
-9999 -9999 -9999 -9999 -9999 -9999 -9999 -9999 -9999 -9999 -9999 -0.083 -0.064 -0.037 -0.024 -0.026 -0.012 0.014 0.04 0.066 0.073 0.071 0.078 0.078 0.074 0.078 0.095 0.088 0.081 0.083 0.086 0.094 0.1 0.102 0.104 0.104 0.113 0.122 0.124 0.129 0.125 0.109 0.102 0.1 0.092 0.074 0.076 0.084 0.078 0.08 0.073 0.064 0.056 0.044 0.025 -9999 -9999 -9999 -9999 -9999 -9999 -9999 -9999 -9999 -9999 -9999 -9999 -9999 -9999 -9999 -9999 -9999 -9999 -9999 -9999 -9999 -9999
-9999 -9999 -9999 -9999 -9999 -9999 -9999 -9999 -9999 -9999 -0.091 -0.076 -0.056 -0.036 -0.035 -0.037 -0.011 0.015 0.04 0.066 0.068 0.066 0.07 0.072 0.08 0.088 0.088 0.08 0.082 0.083 0.091 0.1 0.103 0.105 0.107 0.107 0.116 0.126 0.131 0.136 0.127 0.11 0.109 0.108 0.094 0.077 0.083 0.091 0.086 0.078 0.07 0.06 0.05 0.039 0.029 -9999 -9999 -9999 -9999 -9999 -9999 -9999 -9999 -9999 -9999 -9999 -9999 -9999 -9999 -9999 -9999 -9999 -9999 -9999 -9999 -9999 -9999
-9999 -9999 -9999 -9999 -9999 -9999 -9999 -9999 -9999 -9999 -0.088 -0.042 -0.03 -0.04 -0.04 -0.047 -0.019 0.018 0.037 0.043 0.05 0.064 0.068 0.069 0.079 0.089 0.09 0.088 0.093 0.097 0.104 0.106 0.106 0.101 0.1 0.096 0.106 0.121 0.13 0.145 0.137 0.129 0.128 0.121 0.11 0.097 0.095 0.076 0.082 0.082 0.072 0.061 0.061 0.055 0.048 -9999 -9999 -9999 -9999 -9999 -9999 -9999 -9999 -9999 -9999 -9999 -9999 -9999 -9999 -9999 -9999 -9999 -9999 -9999 -9999 -9999 -9999
-9999 -9999 -9999 -9999 -9999 -9999 -9999 -9999 -9999 -0.098 -0.066 -0.032 -0.035 -0.043 -0.046 -0.053 -0.019 0.017 0.026 0.032 0.047 0.061 0.065 0.066 0.077 0.087 0.091 0.09 0.097 0.102 0.106 0.108 0.106 0.102 0.099 0.095 0.108 0.122 0.137 0.15 0.144 0.138 0.133 0.126 0.116 0.103 0.087 0.068 0.073 0.08 0.071 0.06 0.06 0.06 0.054 0.025 -9999 -9999 -9999 -9999 -9999 -9999 -9999 -9999 -9999 -9999 -9999 -9999 -9999 -9999 -9999 -9999 -9999 -9999 -9999 -9999 -9999
-9999 -9999 -9999 -9999 -9999 -9999 -9999 -9999 -0.105 -9999 -0.061 -0.044 -0.043 -0.04 -0.04 -0.04 -0.014 -0.001 0.015 0.045 0.054 0.052 0.059 0.068 0.077 0.08 0.091 0.115 0.114 0.094 0.102 0.119 0.115 0.11 0.11 0.114 0.123 0.124 0.134 0.132 0.127 0.125 0.121 0.121 0.114 0.111 0.098 0.085 0.074 0.07 0.071 0.066 0.066 0.066 0.063 0.035 -9999 -9999 -9999 -9999 -9999 -9999 -9999 -9999 -9999 -9999 -9999 -9999 -9999 -9999 -9999 -9999 -9999 -9999 -9999 -9999 -9999
