Validation/Results/raw data/ReClimate_11_2023_1weatherlogisticsltd.asc
NCOLS 192
NROWS 249
XLLCENTER -225160.85627316462
YLLCENTER 29788.11610251502
CELLSIZE 5000.0
NODATA_VALUE -9999
[rows 198 to 230 of 249, columns 75 to 149 of 192]
-9999 -9999 -9999 -9999 -9999 -9999 -9999 -9999 -9999 -9999 -9999 -9999 -9999 -9999 -9999 -9999 -9999 99.611 99.669 99.848 99.843 99.839 99.836 99.834 99.835 99.849 100.026 100.286 100.514 100.616 100.372 100.093 99.91 99.861 99.893 99.939 99.925 99.885 99.833 99.8 99.538 99.14 99.462 99.908 99.879 99.865 99.855 99.858 99.859 99.886 99.931 99.988 100.048 100.11 100.176 100.247 100.32 100.395 100.473 100.557 100.635 100.706 100.782 100.864 100.952 101.05 101.158 101.279 101.402 101.52 101.63 101.742 101.857 101.976 102.089
-9999 -9999 -9999 -9999 -9999 -9999 -9999 -9999 -9999 -9999 -9999 -9999 -9999 -9999 99.853 99.853 99.768 99.774 99.777 99.616 99.662 99.818 99.837 99.893 99.942 100.078 100.182 100.12 100.115 99.984 99.835 99.832 99.816 99.831 99.865 99.833 99.823 99.845 99.831 99.833 99.627 99.633 99.876 99.882 99.881 99.884 99.888 99.883 99.881 99.896 99.937 99.989 100.047 100.108 100.173 100.242 100.315 100.394 100.474 100.555 100.636 100.707 100.779 100.857 100.942 101.037 101.143 101.259 101.368 101.47 101.576 101.681 101.779 101.882 101.991
-9999 -9999 -9999 -9999 -9999 -9999 -9999 -9999 -9999 -9999 -9999 -9999 99.807 99.812 99.818 99.82 99.818 99.812 99.729 99.732 99.811 99.797 99.858 99.954 100.105 100.265 100.149 99.859 99.786 99.769 99.787 99.842 99.83 99.805 99.798 99.793 99.828 99.886 99.848 99.79 99.816 99.868 99.876 99.883 99.888 99.891 99.888 99.884 99.882 99.897 99.934 99.984 100.037 100.095 100.159 100.227 100.298 100.373 100.454 100.54 100.626 100.702 100.772 100.847 100.93 101.018 101.111 101.203 101.295 101.383 101.48 101.581 101.679 101.781 101.886
-9999 -9999 -9999 -9999 -9999 -9999 -9999 -9999 99.828 99.803 99.798 99.794 99.773 99.775 99.781 99.786 99.787 99.785 99.787 99.785 99.772 99.723 99.705 99.829 100.123 100.725 100.451 100.091 99.99 99.744 99.811 99.907 99.859 99.772 99.686 99.446 99.555 99.812 99.791 99.81 99.809 99.713 99.671 99.529 99.622 99.873 99.87 99.868 99.867 99.878 99.915 99.966 100.02 100.076 100.136 100.201 100.269 100.341 100.418 100.501 100.59 100.675 100.746 100.818 100.893 100.973 101.053 101.132 101.207 101.289 101.375 101.465 101.549 101.646 101.759
-9999 -9999 -9999 -9999 -9999 -9999 -9999 99.603 99.806 99.786 99.763 99.742 99.732 99.747 99.751 99.755 99.757 99.755 99.754 99.753 99.761 99.748 99.871 100.066 100.331 100.166 99.97 99.957 99.792 99.721 99.809 99.899 99.83 99.794 99.713 99.815 99.912 99.867 99.85 99.814 99.809 99.926 99.716 99.338 99.572 99.852 99.848 99.845 99.843 99.851 99.88 99.93 99.982 100.036 100.093 100.153 100.217 100.285 100.358 100.436 100.52 100.612 100.689 100.759 100.834 100.912 100.983 101.051 101.12 101.194 101.267 101.343 101.419 101.497 101.599
-9999 -9999 -9999 -9999 -9999 -9999 99.576 99.799 99.766 99.739 99.716 99.696 99.703 99.733 99.727 99.715 99.719 99.723 99.725 99.725 99.845 100.118 100.138 99.896 99.758 99.697 99.647 99.55 99.51 99.557 99.653 99.747 99.734 99.749 99.816 99.801 99.784 99.788 99.774 99.789 99.86 99.872 99.679 99.684 99.833 99.827 99.822 99.819 99.816 99.818 99.841 99.888 99.938 99.99 100.044 100.101 100.161 100.224 100.292 100.365 100.444 100.53 100.617 100.69 100.762 100.831 100.9 100.966 101.03 101.093 101.158 101.223 101.291 101.356 101.441
-9999 -9999 -9999 -9999 99.612 -9999 99.734 99.753 99.723 99.697 99.676 99.658 99.665 99.668 99.669 99.678 99.685 99.692 99.696 99.697 99.799 99.682 99.595 99.694 99.666 99.66 99.677 99.844 99.871 99.955 99.918 99.68 99.719 99.8 99.767 99.714 99.725 99.734 99.745 99.758 99.774 99.79 99.803 99.808 99.804 99.799 99.794 99.791 99.788 99.786 99.802 99.846 99.894 99.943 99.996 100.05 100.107 100.167 100.231 100.298 100.372 100.452 100.538 100.618 100.684 100.746 100.804 100.866 100.932 100.993 101.05 101.109 101.17 101.23 101.295
-9999 -9999 -9999 -9999 -9999 -9999 -9999 -9999 99.682 99.658 99.638 99.621 99.614 99.622 99.635 99.645 99.654 99.662 99.67 99.676 99.586 99.519 99.589 99.636 99.63 99.65 99.747 99.735 99.788 99.819 99.688 99.656 99.681 99.599 99.613 99.691 99.701 99.701 99.715 99.727 99.735 99.737 99.759 99.771 99.77 99.768 99.766 99.762 99.76 99.758 99.77 99.803 99.849 99.897 99.948 100.001 100.055 100.112 100.172 100.236 100.305 100.38 100.463 100.537 100.602 100.657 100.709 100.765 100.824 100.884 100.944 101.0 101.055 101.109 101.163
-9999 -9999 -9999 -9999 -9999 -9999 -9999 -9999 99.642 99.62 99.601 99.585 99.578 99.587 99.601 99.613 99.623 99.63 99.584 99.436 99.418 99.475 99.525 99.601 99.611 99.618 99.618 99.619 99.636 99.647 99.643 99.679 99.662 99.739 99.739 99.695 99.718 99.748 99.714 99.694 99.697 99.711 99.726 99.732 99.734 99.735 99.735 99.733 99.731 99.729 99.735 99.759 99.804 99.851 99.901 99.952 100.004 100.059 100.116 100.176 100.241 100.311 100.385 100.455 100.513 100.569 100.619 100.669 100.721 100.774 100.83 100.89 100.944 100.994 101.043
-9999 -9999 -9999 -9999 -9999 -9999 99.614 99.626 99.602 99.582 -9999 99.549 99.543 99.551 99.567 99.58 99.591 -9999 99.553 99.648 99.647 99.543 99.589 99.586 99.59 99.59 99.591 99.592 99.595 99.6 99.617 99.622 99.666 99.658 99.633 99.644 99.668 99.659 99.652 99.661 99.66 99.639 99.657 99.693 99.696 99.701 99.703 99.703 99.701 99.7 99.699 99.717 99.759 99.805 99.853 99.903 99.954 100.007 100.062 100.119 100.18 100.243 100.309 100.373 100.428 100.481 100.532 100.579 100.625 100.671 100.721 100.774 100.832 100.883 100.93
-9999 -9999 -9999 -9999 -9999 -9999 99.592 -9999 -9999 -9999 99.528 99.514 99.507 -9999 -9999 -9999 -9999 -9999 99.507 99.506 99.478 99.559 99.56 99.561 99.561 99.562 99.563 99.564 99.583 99.616 99.577 99.59 99.58 99.583 99.588 99.594 99.602 99.61 99.619 99.628 99.608 99.578 99.609 99.654 99.659 99.665 99.669 99.672 99.671 99.671 99.671 99.677 99.712 99.758 99.806 99.854 99.904 99.955 100.008 100.063 100.119 100.176 100.236 100.295 100.348 100.396 100.447 100.493 100.534 100.575 100.619 100.666 100.718 100.773 100.823
-9999 -9999 -9999 -9999 -9999 -9999 -9999 -9999 99.522 99.507 99.492 99.478 99.47 -9999 -9999 -9999 -9999 -9999 -9999 -9999 -9999 99.526 99.528 99.53 99.531 99.533 99.535 99.536 99.688 100.02 99.927 99.623 99.605 99.549 99.554 99.561 99.569 99.577 99.586 99.595 99.583 99.586 99.615 99.619 99.624 99.629 99.635 99.639 99.641 99.641 99.641 99.642 99.665 99.71 99.757 99.805 99.853 99.903 99.954 100.005 100.057 100.11 100.165 100.222 100.272 100.317 100.363 100.41 100.448 100.484 100.523 100.565 100.612 100.662 100.717
-9999 -9999 -9999 -9999 -9999 -9999 -9999 -9999 -9999 99.469 -9999 -9999 -9999 -9999 -9999 -9999 -9999 -9999 -9999 99.466 99.491 99.493 99.496 99.498 99.501 99.503 99.505 99.508 99.767 99.963 99.763 99.642 99.586 99.515 99.52 99.527 99.535 99.544 99.553 99.562 99.579 99.614 -9999 99.586 99.592 99.597 99.601 99.606 99.61 99.611 99.611 99.613 99.623 99.661 99.707 99.754 99.802 99.849 99.897 99.946 99.995 100.045 100.097 100.151 100.2 100.241 100.284 100.327 100.366 100.398 100.432 100.469 100.512 100.56 100.342
-9999 -9999 -9999 -9999 -9999 -9999 -9999 -9999 -9999 -9999 -9999 -9999 -9999 -9999 -9999 -9999 -9999 -9999 -9999 99.452 99.456 99.46 99.463 -9999 -9999 -9999 99.512 99.478 99.583 99.584 99.516 99.515 99.496 99.541 99.505 99.493 99.502 99.511 99.52 99.528 99.553 -9999 99.549 99.555 99.561 99.566 99.571 99.576 99.579 99.58 99.581 99.584 99.588 99.612 99.656 99.702 99.748 99.794 99.839 99.886 99.934 99.982 100.032 100.083 100.13 100.169 100.208 100.248 100.286 100.317 100.346 100.33 100.392 100.465 100.324
-9999 -9999 -9999 -9999 -9999 -9999 -9999 -9999 -9999 -9999 -9999 -9999 -9999 -9999 -9999 -9999 -9999 -9999 -9999 -9999 -9999 -9999 -9999 -9999 -9999 -9999 99.482 99.449 99.449 99.445 99.442 99.44 99.47 99.455 99.451 99.459 99.469 99.478 99.487 -9999 -9999 99.51 99.517 99.524 99.531 99.537 99.542 99.547 99.551 99.553 99.554 99.557 99.56 99.568 99.603 99.648 99.692 99.737 99.782 99.827 99.873 99.92 99.968 100.017 100.062 100.099 100.136 100.173 100.209 99.983 100.033 100.132 100.242 100.378 99.896
-9999 -9999 -9999 -9999 -9999 -9999 -9999 -9999 -9999 -9999 -9999 -9999 -9999 -9999 -9999 -9999 -9999 -9999 -9999 -9999 -9999 -9999 -9999 -9999 -9999 -9999 99.417 99.418 99.415 99.412 99.408 99.406 99.407 99.41 99.416 99.426 -9999 -9999 -9999 -9999 -9999 99.477 99.486 99.494 99.501 99.507 99.513 99.519 99.524 99.528 99.531 99.533 99.536 99.539 99.554 99.593 99.636 99.68 99.818 99.715 99.759 99.859 99.905 99.952 99.995 100.031 100.067 100.103 100.137 100.082 99.99 100.16 100.163 100.263 100.335
-9999 -9999 -9999 -9999 -9999 -9999 -9999 -9999 -9999 -9999 -9999 -9999 -9999 -9999 -9999 -9999 -9999 -9999 -9999 -9999 -9999 -9999 -9999 -9999 -9999 -9999 -9999 -9999 99.5 99.379 99.376 99.374 99.376 99.38 99.46 -9999 -9999 -9999 -9999 99.414 99.437 99.446 99.455 99.463 99.471 99.478 99.484 99.491 99.497 99.504 99.508 99.511 99.514 99.517 99.52 99.544 99.584 99.627 99.653 99.704 99.664 99.802 99.847 99.893 99.934 99.969 100.003 100.038 100.071 100.002 100.023 100.157 100.165 100.176 100.247
-9999 -9999 -9999 -9999 -9999 -9999 -9999 -9999 -9999 -9999 -9999 -9999 -9999 -9999 -9999 -9999 -9999 -9999 -9999 -9999 -9999 -9999 -9999 -9999 -9999 -9999 -9999 -9999 -9999 99.688 99.633 99.491 99.527 99.637 -9999 -9999 -9999 -9999 99.357 99.398 99.406 99.415 99.425 99.433 99.441 99.449 99.456 99.463 99.472 99.48 99.486 99.49 99.493 99.496 99.605 99.594 99.553 99.577 99.575 99.537 99.622 99.748 99.791 99.836 99.875 99.909 99.901 99.922 99.992 100.042 100.011 100.102 100.136 100.159 100.197
-9999 -9999 -9999 -9999 -9999 -9999 -9999 -9999 -9999 -9999 -9999 -9999 -9999 -9999 -9999 -9999 -9999 -9999 -9999 -9999 -9999 -9999 -9999 -9999 -9999 -9999 -9999 -9999 -9999 -9999 -9999 -9999 -9999 -9999 -9999 -9999 -9999 99.33 99.336 99.367 99.376 99.386 99.395 99.404 99.412 99.42 99.429 99.439 99.448 99.457 99.464 99.468 99.472 99.476 99.572 99.672 99.552 99.527 99.759 99.752 99.634 99.694 99.737 99.779 99.818 99.851 99.859 99.864 99.922 99.982 100.017 100.05 100.083 100.118 100.156
-9999 -9999 -9999 -9999 -9999 -9999 -9999 -9999 -9999 -9999 -9999 -9999 -9999 -9999 -9999 -9999 -9999 -9999 -9999 -9999 -9999 -9999 -9999 -9999 -9999 -9999 -9999 -9999 -9999 -9999 -9999 -9999 -9999 -9999 -9999 -9999 99.381 99.31 99.329 99.337 99.347 99.356 99.365 99.375 99.384 99.393 99.404 99.414 99.425 99.434 99.442 99.447 99.451 99.456 99.46 99.521 99.517 99.483 99.518 99.674 99.641 99.641 99.682 99.723 99.76 99.792 99.824 99.842 99.881 99.924 99.787 99.722 99.556 99.543 99.043
-9999 -9999 -9999 -9999 -9999 -9999 -9999 -9999 -9999 -9999 -9999 -9999 -9999 -9999 -9999 -9999 -9999 -9999 -9999 -9999 -9999 -9999 -9999 -9999 -9999 -9999 -9999 -9999 -9999 -9999 -9999 -9999 -9999 -9999 -9999 -9999 99.289 99.292 99.299 99.309 99.318 99.327 99.336 99.346 99.357 99.368 99.38 99.391 99.401 99.412 99.42 99.426 99.431 99.435 99.441 99.447 99.454 99.461 99.473 99.507 99.547 99.587 99.627 99.666 99.702 99.734 99.765 99.797 99.829 99.866 99.907 99.852 99.826 99.698 99.773
-9999 -9999 -9999 -9999 -9999 -9999 -9999 -9999 -9999 -9999 -9999 -9999 -9999 -9999 -9999 -9999 -9999 -9999 -9999 -9999 -9999 -9999 -9999 98.981 98.958 99.331 99.379 -9999 99.613 -9999 -9999 -9999 -9999 -9999 -9999 -9999 -9999 99.261 99.27 99.28 99.289 99.297 99.307 99.319 99.332 99.344 99.356 99.367 99.378 99.389 99.398 99.405 99.482 99.501 99.437 99.557 99.508 99.444 99.452 99.461 99.493 99.532 99.572 99.609 99.643 99.674 99.705 99.736 99.771 99.81 99.577 99.462 99.756 99.878 99.931
-9999 -9999 -9999 -9999 -9999 -9999 -9999 -9999 -9999 -9999 -9999 -9999 -9999 -9999 -9999 -9999 -9999 -9999 -9999 -9999 99.075 99.093 99.044 98.925 99.041 99.307 99.398 99.556 99.563 99.574 99.422 -9999 -9999 99.137 99.186 99.214 99.222 99.232 99.241 99.25 99.259 99.27 99.281 99.294 99.307 99.32 99.332 99.344 99.356 99.367 99.377 99.384 99.455 99.523 99.45 99.442 99.523 99.428 99.436 99.444 99.451 99.479 99.515 99.551 99.584 99.614 99.644 99.676 99.713 99.754 99.726 99.692 99.751 99.903 99.918
-9999 -9999 -9999 -9999 -9999 -9999 -9999 -9999 -9999 -9999 -9999 -9999 -9999 -9999 -9999 -9999 -9999 -9999 -9999 99.014 99.027 99.043 99.022 99.012 99.176 99.228 99.331 99.378 99.354 99.246 99.167 99.173 99.057 98.847 98.954 99.181 99.192 99.202 99.212 99.222 99.233 99.244 99.256 99.268 99.282 99.296 99.309 99.321 99.333 99.345 99.355 99.363 99.369 99.416 99.414 99.389 99.428 99.411 99.42 99.428 99.515 99.555 99.499 99.491 99.522 99.552 99.581 99.616 99.536 99.492 99.663 99.802 99.886 99.855 99.878
-9999 -9999 -9999 -9999 -9999 -9999 -9999 -9999 -9999 -9999 -9999 -9999 -9999 -9999 -9999 -9999 -9999 -9999 -9999 98.966 98.97 98.989 99.016 99.04 99.084 99.089 99.104 99.071 99.04 99.099 99.119 99.151 99.078 99.224 99.292 99.15 99.163 99.175 99.186 99.197 99.207 99.218 99.23 99.243 99.258 99.272 99.285 99.298 99.311 99.323 99.333 99.341 99.348 99.356 99.365 99.376 99.386 99.395 99.404 99.413 99.312 99.56 99.553 99.443 99.461 99.488 99.52 99.556 99.646 99.468 99.528 99.65 99.757 99.784 99.869
-9999 -9999 -9999 -9999 -9999 -9999 -9999 -9999 -9999 -9999 -9999 -9999 -9999 -9999 -9999 -9999 -9999 -9999 -9999 98.905 98.912 98.866 98.975 99.196 99.289 99.524 99.509 99.487 99.464 99.291 99.354 99.474 99.452 99.182 99.111 99.124 99.138 99.151 99.162 99.172 99.182 99.192 99.204 99.218 99.233 99.248 99.262 99.276 99.288 99.3 99.311 99.32 99.327 99.336 99.346 99.358 99.368 99.379 99.389 99.398 99.406 99.348 99.506 99.424 99.425 99.434 99.458 99.41 99.492 99.61 99.545 99.427 99.526 99.723 99.752
-9999 -9999 -9999 -9999 -9999 -9999 -9999 -9999 -9999 -9999 -9999 -9999 -9999 -9999 -9999 98.847 98.844 -9999 98.844 98.846 98.834 98.896 98.94 98.71 98.835 98.861 98.88 99.031 98.998 99.186 99.259 99.248 99.101 99.076 99.088 99.1 99.113 99.126 99.137 99.148 99.157 99.166 99.179 99.194 99.209 99.225 99.239 99.253 99.266 99.278 99.289 99.297 99.305 99.315 99.327 99.339 99.351 99.363 99.373 99.383 99.391 99.399 99.404 99.407 99.41 99.419 99.38 99.439 99.436 99.519 99.559 99.301 99.329 99.66 99.688
-9999 -9999 -9999 -9999 -9999 -9999 -9999 -9999 -9999 -9999 -9999 -9999 -9999 -9999 -9999 98.813 98.812 98.811 98.811 98.81 98.832 98.843 98.629 98.345 98.489 98.79 98.93 99.087 99.202 99.232 99.18 99.049 99.037 99.052 99.065 99.077 99.061 98.995 99.038 99.124 99.134 99.145 99.158 99.172 99.186 99.201 99.216 99.23 99.242 99.255 99.266 99.274 99.282 99.293 99.306 99.32 99.333 99.346 99.358 99.368 99.376 99.383 99.387 99.391 99.4 99.412 99.427 99.411 99.469 99.481 99.508 99.536 99.335 99.513 99.592
-9999 -9999 -9999 -9999 -9999 -9999 -9999 -9999 -9999 -9999 -9999 -9999 -9999 -9999 98.723 98.784 98.785 98.786 98.786 98.786 98.785 98.792 98.64 98.668 98.848 98.846 98.882 98.736 98.81 98.987 98.947 98.992 99.011 99.027 99.041 99.053 99.122 99.419 99.357 99.101 99.112 99.124 99.137 99.15 99.163 99.177 99.192 99.206 99.219 99.231 99.241 99.249 99.258 99.27 99.284 99.299 99.314 99.329 99.342 99.352 99.36 99.366 99.371 99.38 99.392 99.407 99.423 99.438 99.455 99.474 99.496 99.517 99.559 99.518 99.528
-9999 -9999 -9999 -9999 -9999 -9999 -9999 -9999 -9999 -9999 -9999 -9999 -9999 -9999 -9999 98.752 98.755 98.758 98.76 98.766 98.8 98.885 98.845 98.775 98.795 98.851 98.898 99.221 99.331 99.391 99.313 98.963 98.983 99.001 99.017 99.029 99.196 99.196 98.99 98.795 98.886 99.102 99.115 99.127 99.14 99.153 99.168 99.181 99.194 99.206 99.216 99.223 99.232 99.245 99.261 99.277 99.293 99.309 99.323 -9999 99.311 99.378 99.384 99.372 99.387 99.403 99.418 99.434 99.638 99.683 99.553 99.512 99.571 99.587 99.552
-9999 -9999 -9999 -9999 -9999 -9999 -9999 -9999 -9999 -9999 -9999 -9999 -9999 -9999 98.662 98.718 98.723 98.727 98.734 98.744 98.824 98.898 98.821 98.748 98.779 98.811 98.922 98.724 98.825 99.046 98.883 98.931 98.953 98.972 98.989 99.003 99.016 99.027 98.943 99.009 99.11 99.078 99.091 99.104 99.116 99.129 99.142 99.156 99.169 99.181 99.189 99.196 99.204 99.218 99.236 99.253 99.27 99.286 99.301 99.313 -9999 99.195 -9999 99.366 -9999 99.398 -9999 99.431 99.404 99.431 99.49 99.509 99.503 99.507 -9999
-9999 -9999 -9999 -9999 -9999 -9999 -9999 -9999 -9999 -9999 -9999 -9999 -9999 -9999 98.653 98.702 98.708 98.713 98.721 98.725 98.775 98.775 98.736 98.737 98.768 98.836 98.696 98.599 98.83 99.17 99.165 99.055 99.042 98.94 98.956 98.975 98.99 99.002 99.041 99.05 99.037 99.051 99.065 99.078 99.091 99.103 99.115 99.129 99.142 99.153 99.161 99.167 99.239 99.303 99.251 99.228 99.245 99.262 99.278 99.295 -9999 -9999 99.266 99.36 -9999 -9999 99.409 99.427 99.445 -9999 -9999 -9999 -9999 -9999 -9999
-9999 -9999 -9999 -9999 -9999 -9999 -9999 -9999 -9999 -9999 -9999 -9999 -9999 98.516 98.685 98.693 98.7 98.706 98.712 98.717 98.722 98.727 98.73 98.731 98.824 98.989 98.922 98.992 99.149 99.141 99.053 98.951 98.905 98.904 98.926 98.944 98.96 98.974 98.987 98.999 99.01 99.023 99.036 99.05 99.063 99.075 99.087 99.099 99.113 99.125 99.133 99.14 99.184 99.105 99.169 99.201 99.219 -9999 -9999 -9999 99.302 -9999 -9999 -9999 -9999 -9999 -9999 99.421 -9999 -9999 -9999 -9999 -9999 -9999 -9999
