Validation/Results/raw data/ReClimate_02_2024_1_Temperature.asc
NCOLS 192
NROWS 249
XLLCENTER -225160.85627316462
YLLCENTER 29788.11610251502
CELLSIZE 5000.0
NODATA_VALUE -9999
[rows 204 to 237 of 249, columns 75 to 149 of 192]
-9999 -9999 -9999 -9999 -0.218 -9999 -0.203 -0.193 -0.194 -0.197 -0.189 -0.18 -0.158 -0.132 -0.152 -0.177 -0.169 -0.16 -0.152 -0.142 -0.142 -0.143 -0.143 -0.143 -0.131 -0.116 -0.122 -0.13 -0.121 -0.111 -0.098 -0.082 -0.079 -0.078 -0.078 -0.079 -0.075 -0.07 -0.066 -0.064 -0.053 -0.04 -0.039 -0.038 -0.026 -0.012 -0.013 -0.014 -0.014 -0.015 -0.014 -0.014 -0.003 0.01 0.021 0.034 0.03 0.024 0.025 0.024 0.033 0.043 0.047 0.05 0.056 0.063 0.06 0.055 0.067 0.08 0.081 0.081 0.087 0.093 0.086
-9999 -9999 -9999 -9999 -9999 -9999 -9999 -9999 -0.192 -0.17 -0.161 -0.153 -0.138 -0.136 -0.149 -0.157 -0.143 -0.12 -0.114 -0.115 -0.12 -0.137 -0.133 -0.126 -0.116 -0.111 -0.116 -0.123 -0.116 -0.113 -0.1 -0.083 -0.081 -0.081 -0.081 -0.081 -0.074 -0.061 -0.052 -0.034 -0.034 -0.061 -0.055 -0.038 -0.024 -0.007 -0.011 -0.023 -0.021 -0.016 -0.011 0.004 0.012 0.024 0.026 0.033 0.038 0.037 0.035 0.034 0.036 0.042 0.043 0.044 0.049 0.054 0.057 0.055 0.075 0.094 0.092 0.09 0.087 0.087 0.097
-9999 -9999 -9999 -9999 -9999 -9999 -9999 -9999 -0.178 -0.156 -0.148 -0.139 -0.138 -0.136 -0.139 -0.146 -0.125 -0.102 -0.102 -0.103 -0.116 -0.132 -0.125 -0.117 -0.112 -0.107 -0.112 -0.118 -0.115 -0.112 -0.098 -0.082 -0.081 -0.081 -0.08 -0.08 -0.069 -0.057 -0.041 -0.022 -0.043 -0.069 -0.055 -0.037 -0.022 -0.006 -0.015 -0.027 -0.022 -0.017 -0.005 0.009 0.018 0.027 0.03 0.031 0.036 0.04 0.039 0.036 0.038 0.04 0.041 0.041 0.045 0.048 0.051 0.053 0.073 0.096 0.094 0.091 0.089 0.083 0.092
-9999 -9999 -9999 -9999 -9999 -9999 -0.184 -0.178 -0.166 -0.167 -9999 -0.14 -0.141 -0.147 -0.145 -0.133 -0.119 -9999 -0.116 -0.118 -0.124 -0.117 -0.11 -0.102 -0.097 -0.093 -0.097 -0.104 -0.099 -0.094 -0.084 -0.081 -0.08 -0.08 -0.078 -0.073 -0.065 -0.061 -0.048 -0.036 -0.052 -0.062 -0.045 -0.018 -0.006 -0.001 -0.007 -0.011 -0.009 -0.015 -0.009 0.001 0.005 0.01 0.022 0.03 0.026 0.025 0.036 0.04 0.044 0.046 0.044 0.043 0.056 0.067 0.058 0.054 0.067 0.085 0.097 0.102 0.103 0.1 0.109
-9999 -9999 -9999 -9999 -9999 -9999 -0.181 -9999 -9999 -9999 -0.153 -0.138 -0.143 -9999 -9999 -9999 -9999 -9999 -0.121 -0.122 -0.116 -0.11 -0.102 -0.095 -0.09 -0.086 -0.09 -0.097 -0.091 -0.085 -0.083 -0.08 -0.079 -0.078 -0.074 -0.07 -0.066 -0.063 -0.053 -0.042 -0.05 -0.059 -0.037 -0.011 -0.005 -0.0 -0.002 -0.005 -0.009 -0.014 -0.009 -0.002 0.001 0.003 0.014 0.027 0.024 0.018 0.028 0.039 0.043 0.046 0.044 0.041 0.055 0.071 0.064 0.053 0.065 0.079 0.09 0.102 0.104 0.103 0.113
-9999 -9999 -9999 -9999 -9999 -9999 -9999 -9999 -0.159 -0.156 -0.148 -0.15 -0.152 -9999 -9999 -9999 -9999 -9999 -9999 -9999 -9999 -0.123 -0.112 -0.088 -0.087 -0.092 -0.091 -0.08 -0.078 -0.083 -0.079 -0.073 -0.073 -0.079 -0.073 -0.064 -0.052 -0.026 -0.022 -0.034 -0.035 -0.029 -0.01 0.002 0.003 -0.006 -0.006 -0.003 -0.006 -0.009 -0.012 -0.011 -0.001 0.005 0.014 0.027 0.028 0.025 0.036 0.048 0.037 0.032 0.041 0.044 0.054 0.067 0.066 0.06 0.057 0.062 0.086 0.106 0.109 0.11 0.103
-9999 -9999 -9999 -9999 -9999 -9999 -9999 -9999 -9999 -0.15 -9999 -9999 -9999 -9999 -9999 -9999 -9999 -9999 -9999 -0.124 -0.126 -0.127 -0.107 -0.084 -0.088 -0.093 -0.083 -0.073 -0.076 -0.081 -0.076 -0.069 -0.073 -0.078 -0.07 -0.061 -0.038 -0.011 -0.02 -0.031 -0.025 -0.017 -9999 0.006 -0.0 -0.009 -0.006 -0.003 -0.005 -0.007 -0.01 -0.015 -0.006 0.004 0.013 0.024 0.025 0.025 0.036 0.048 0.038 0.024 0.033 0.042 0.052 0.063 0.062 0.06 0.058 0.054 0.076 0.104 0.108 0.109 0.103
-9999 -9999 -9999 -9999 -9999 -9999 -9999 -9999 -9999 -9999 -9999 -9999 -9999 -9999 -9999 -9999 -9999 -9999 -9999 -0.132 -0.122 -0.092 -0.079 -9999 -9999 -9999 -0.079 -0.055 -0.059 -0.069 -0.064 -0.062 -0.061 -0.057 -0.055 -0.067 -0.045 -0.018 -0.022 -0.018 -0.013 -9999 -0.0 0.005 0.0 -0.002 -0.002 -0.008 -0.005 0.005 0.005 0.005 -0.001 0.001 0.01 0.02 0.011 0.005 -0.001 -0.001 0.013 0.012 0.003 0.0 0.036 0.061 0.072 0.077 0.074 0.07 0.077 0.095 0.102 0.105 0.097
-9999 -9999 -9999 -9999 -9999 -9999 -9999 -9999 -9999 -9999 -9999 -9999 -9999 -9999 -9999 -9999 -9999 -9999 -9999 -9999 -9999 -9999 -9999 -9999 -9999 -9999 -0.069 -0.048 -0.054 -0.064 -0.061 -0.058 -0.053 -0.048 -0.057 -0.068 -0.047 -0.022 -0.018 -9999 -9999 -0.007 -0.002 0.002 0.001 -0.001 -0.005 -0.011 -0.001 0.009 0.01 0.01 0.005 -0.001 0.007 0.016 0.008 -0.004 -0.011 -0.02 -0.008 0.005 -0.004 -0.016 0.016 0.057 0.068 0.08 0.078 0.073 0.081 0.089 0.095 0.1 0.092
-9999 -9999 -9999 -9999 -9999 -9999 -9999 -9999 -9999 -9999 -9999 -9999 -9999 -9999 -9999 -9999 -9999 -9999 -9999 -9999 -9999 -9999 -9999 -9999 -9999 -9999 -0.047 -0.041 -0.048 -0.056 -0.053 -0.052 -0.048 -0.046 -0.045 -0.037 -9999 -9999 -9999 -9999 -9999 -0.003 -0.002 -0.008 -0.014 -0.03 -0.028 -0.01 0.002 0.021 0.019 0.008 -0.003 -0.014 -0.012 -0.007 0.01 0.014 -0.001 -0.015 -0.001 0.015 0.034 0.041 0.042 0.064 0.066 0.073 0.078 0.077 0.079 0.083 0.083 0.084 0.082
-9999 -9999 -9999 -9999 -9999 -9999 -9999 -9999 -9999 -9999 -9999 -9999 -9999 -9999 -9999 -9999 -9999 -9999 -9999 -9999 -9999 -9999 -9999 -9999 -9999 -9999 -9999 -9999 -0.042 -0.052 -0.051 -0.049 -0.047 -0.046 -0.033 -9999 -9999 -9999 -9999 -0.023 -0.014 -0.003 -0.007 -0.013 -0.026 -0.042 -0.028 -0.011 0.005 0.023 0.016 0.004 -0.006 -0.02 -0.019 -0.018 -0.002 0.018 0.004 -0.015 -0.002 0.015 0.034 0.058 0.061 0.063 0.066 0.067 0.071 0.075 0.077 0.076 0.076 0.074 0.072
-9999 -9999 -9999 -9999 -9999 -9999 -9999 -9999 -9999 -9999 -9999 -9999 -9999 -9999 -9999 -9999 -9999 -9999 -9999 -9999 -9999 -9999 -9999 -9999 -9999 -9999 -9999 -9999 -9999 -0.044 -0.046 -0.053 -0.054 -0.058 -9999 -9999 -9999 -9999 -0.039 -0.028 -0.019 -0.011 -0.013 -0.011 -0.024 -0.042 -0.034 -0.035 -0.023 -0.009 -0.016 -0.017 -0.012 -0.017 -0.013 -0.01 0.001 0.017 0.034 0.035 0.031 0.038 0.042 0.057 0.06 0.062 0.067 0.069 0.065 0.063 0.076 0.082 0.08 0.077 0.067
-9999 -9999 -9999 -9999 -9999 -9999 -9999 -9999 -9999 -9999 -9999 -9999 -9999 -9999 -9999 -9999 -9999 -9999 -9999 -9999 -9999 -9999 -9999 -9999 -9999 -9999 -9999 -9999 -9999 -9999 -9999 -9999 -9999 -9999 -9999 -9999 -9999 -0.056 -0.046 -0.03 -0.023 -0.015 -0.014 -0.012 -0.025 -0.043 -0.044 -0.047 -0.037 -0.025 -0.025 -0.027 -0.022 -0.018 -0.013 -0.009 0.001 0.013 0.03 0.05 0.048 0.043 0.048 0.052 0.055 0.058 0.062 0.066 0.062 0.055 0.067 0.08 0.078 0.074 0.065
-9999 -9999 -9999 -9999 -9999 -9999 -9999 -9999 -9999 -9999 -9999 -9999 -9999 -9999 -9999 -9999 -9999 -9999 -9999 -9999 -9999 -9999 -9999 -9999 -9999 -9999 -9999 -9999 -9999 -9999 -9999 -9999 -9999 -9999 -9999 -9999 -0.058 -0.057 -0.044 -0.027 -0.026 -0.034 -0.029 -0.012 -0.023 -0.035 -0.033 -0.023 -0.014 -0.01 -0.009 -0.008 -0.012 -0.012 -0.011 -0.007 -0.008 -0.002 0.012 0.03 0.041 0.044 0.046 0.049 0.042 0.039 0.032 0.028 0.039 0.04 0.058 0.073 0.063 0.053 0.056
-9999 -9999 -9999 -9999 -9999 -9999 -9999 -9999 -9999 -9999 -9999 -9999 -9999 -9999 -9999 -9999 -9999 -9999 -9999 -9999 -9999 -9999 -9999 -9999 -9999 -9999 -9999 -9999 -9999 -9999 -9999 -9999 -9999 -9999 -9999 -9999 -0.05 -0.056 -0.043 -0.027 -0.034 -0.043 -0.03 -0.014 -0.022 -0.034 -0.025 -0.015 -0.011 -0.007 -0.005 -0.003 -0.007 -0.013 -0.011 -0.009 -0.009 -0.011 0.003 0.019 0.029 0.04 0.042 0.043 0.038 0.028 0.022 0.011 0.021 0.032 0.048 0.067 0.057 0.042 0.045
-9999 -9999 -9999 -9999 -9999 -9999 -9999 -9999 -9999 -9999 -9999 -9999 -9999 -9999 -9999 -9999 -9999 -9999 -9999 -9999 -9999 -9999 -9999 -0.064 -0.057 -0.064 -0.065 -9999 -0.064 -9999 -9999 -9999 -9999 -9999 -9999 -9999 -9999 -0.035 -0.024 -0.014 -0.016 -0.011 -0.006 -0.021 -0.025 -0.021 -0.016 -0.019 -0.014 -0.005 -0.006 -0.005 0.002 0.004 0.008 0.012 0.013 0.014 0.018 0.03 0.027 0.03 0.025 0.021 0.032 0.032 0.029 0.021 0.018 0.021 0.029 0.042 0.049 0.045 0.048
-9999 -9999 -9999 -9999 -9999 -9999 -9999 -9999 -9999 -9999 -9999 -9999 -9999 -9999 -9999 -9999 -9999 -9999 -9999 -9999 -0.077 -0.07 -0.066 -0.063 -0.063 -0.067 -0.069 -0.073 -0.069 -0.066 -0.056 -9999 -9999 -0.08 -0.056 -0.033 -0.028 -0.028 -0.02 -0.01 -0.005 -0.0 -0.012 -0.026 -0.022 -0.018 -0.02 -0.023 -0.016 -0.007 -0.008 -0.009 -0.002 0.007 0.012 0.016 0.018 0.019 0.024 0.03 0.027 0.023 0.018 0.01 0.019 0.03 0.027 0.022 0.019 0.013 0.021 0.029 0.036 0.042 0.046
-9999 -9999 -9999 -9999 -9999 -9999 -9999 -9999 -9999 -9999 -9999 -9999 -9999 -9999 -9999 -9999 -9999 -9999 -9999 -0.08 -0.073 -0.061 -0.059 -0.062 -0.066 -0.075 -0.074 -0.071 -0.065 -0.056 -0.054 -0.069 -0.079 -0.074 -0.056 -0.045 -0.04 -0.023 -0.02 -0.029 -0.03 -0.037 -0.039 -0.017 -0.014 -0.017 -0.021 -0.032 -0.025 -0.017 -0.014 -0.003 0.002 0.008 0.011 0.015 0.006 0.001 0.002 0.004 0.027 0.037 0.008 -0.014 0.004 0.019 0.017 0.012 0.011 0.007 0.014 0.022 0.033 0.042 0.049
-9999 -9999 -9999 -9999 -9999 -9999 -9999 -9999 -9999 -9999 -9999 -9999 -9999 -9999 -9999 -9999 -9999 -9999 -9999 -0.076 -0.064 -0.058 -0.059 -0.062 -0.068 -0.076 -0.071 -0.067 -0.059 -0.05 -0.063 -0.079 -0.075 -0.069 -0.061 -0.052 -0.038 -0.022 -0.03 -0.039 -0.046 -0.054 -0.037 -0.015 -0.017 -0.019 -0.027 -0.037 -0.031 -0.023 -0.014 -0.003 0.001 0.006 0.008 0.011 0.003 -0.009 -0.008 -0.008 0.013 0.038 0.011 -0.026 -0.009 0.012 0.01 0.005 0.004 0.002 0.008 0.016 0.026 0.039 0.046
-9999 -9999 -9999 -9999 -9999 -9999 -9999 -9999 -9999 -9999 -9999 -9999 -9999 -9999 -9999 -9999 -9999 -9999 -9999 -0.073 -0.064 -0.068 -0.067 -0.062 -0.062 -0.054 -0.051 -0.053 -0.045 -0.04 -0.047 -0.047 -0.046 -0.053 -0.051 -0.058 -0.044 -0.022 -0.03 -0.041 -0.042 -0.034 -0.023 -0.022 -0.02 -0.011 -0.017 -0.025 -0.02 -0.02 -0.017 -0.029 -0.009 0.005 0.004 0.003 0.005 0.0 -0.002 -0.003 -0.002 0.011 -0.002 -0.028 -0.015 0.003 0.004 0.002 0.006 0.006 0.011 0.017 0.029 0.043 0.049
-9999 -9999 -9999 -9999 -9999 -9999 -9999 -9999 -9999 -9999 -9999 -9999 -9999 -9999 -9999 -0.09 -0.086 -9999 -0.076 -0.069 -0.071 -0.073 -0.068 -0.062 -0.054 -0.046 -0.046 -0.047 -0.04 -0.035 -0.035 -0.036 -0.041 -0.047 -0.054 -0.062 -0.045 -0.024 -0.032 -0.043 -0.036 -0.028 -0.028 -0.027 -0.02 -0.011 -0.015 -0.022 -0.021 -0.021 -0.029 -0.04 -0.022 0.001 -0.0 -0.003 -0.001 -0.0 -0.002 -0.004 -0.003 -0.003 -0.015 -0.032 -0.019 -0.003 -0.002 -0.002 0.002 0.005 0.01 0.015 0.027 0.04 0.047
-9999 -9999 -9999 -9999 -9999 -9999 -9999 -9999 -9999 -9999 -9999 -9999 -9999 -9999 -9999 -0.093 -0.087 -0.077 -0.075 -0.083 -0.083 -0.081 -0.075 -0.064 -0.058 -0.053 -0.051 -0.048 -0.043 -0.042 -0.042 -0.039 -0.04 -0.035 -0.043 -0.058 -0.043 -0.027 -0.031 -0.029 -0.026 -0.035 -0.039 -0.051 -0.045 -0.033 -0.032 -0.018 -0.018 -0.02 -0.026 -0.028 -0.028 -0.016 -0.004 0.001 0.002 0.003 -0.009 -0.018 -0.014 -0.013 -0.01 -0.017 -0.014 -0.004 -0.003 -0.003 0.007 0.014 0.023 0.031 0.024 0.026 0.044
-9999 -9999 -9999 -9999 -9999 -9999 -9999 -9999 -9999 -9999 -9999 -9999 -9999 -9999 -0.099 -0.097 -0.088 -0.078 -0.083 -0.09 -0.087 -0.085 -0.076 -0.066 -0.061 -0.056 -0.053 -0.05 -0.047 -0.046 -0.044 -0.041 -0.037 -0.031 -0.043 -0.057 -0.045 -0.031 -0.028 -0.025 -0.031 -0.039 -0.05 -0.063 -0.055 -0.045 -0.033 -0.019 -0.02 -0.023 -0.024 -0.027 -0.026 -0.025 -0.014 -0.001 0.0 0.001 -0.011 -0.026 -0.023 -0.019 -0.016 -0.014 -0.01 -0.007 -0.006 -0.006 0.004 0.015 0.024 0.034 0.027 0.018 0.035
-9999 -9999 -9999 -9999 -9999 -9999 -9999 -9999 -9999 -9999 -9999 -9999 -9999 -9999 -9999 -0.081 -0.076 -0.084 -0.087 -0.091 -0.085 -0.075 -0.07 -0.074 -0.068 -0.061 -0.06 -0.061 -0.058 -0.056 -0.052 -0.045 -0.034 -0.01 -0.022 -0.044 -0.04 -0.051 -0.045 -0.025 -0.029 -0.032 -0.041 -0.052 -0.046 -0.042 -0.034 -0.029 -0.028 -0.023 -0.03 -0.036 -0.038 -0.039 -0.026 -0.012 0.004 0.013 -0.002 -9999 -0.025 -0.027 -0.023 -0.021 -0.01 -0.003 -0.003 -0.003 0.002 0.011 0.012 0.016 0.016 0.009 0.02
-9999 -9999 -9999 -9999 -9999 -9999 -9999 -9999 -9999 -9999 -9999 -9999 -9999 -9999 -0.09 -0.076 -0.081 -0.088 -0.089 -0.093 -0.083 -0.072 -0.075 -0.079 -0.072 -0.066 -0.066 -0.067 -0.064 -0.062 -0.055 -0.048 -0.027 -0.003 -0.02 -0.04 -0.05 -0.061 -0.046 -0.028 -0.029 -0.032 -0.04 -0.049 -0.047 -0.043 -0.04 -0.036 -0.031 -0.027 -0.033 -0.042 -0.044 -0.047 -0.035 -0.02 -0.004 0.014 0.0 -0.018 -9999 -0.033 -9999 -0.026 -9999 -0.004 -9999 -0.005 0.001 0.006 0.007 0.007 0.006 0.006 -9999
-9999 -9999 -9999 -9999 -9999 -9999 -9999 -9999 -9999 -9999 -9999 -9999 -9999 -9999 -0.092 -0.086 -0.086 -0.08 -0.078 -0.073 -0.066 -0.068 -0.072 -0.082 -0.072 -0.053 -0.054 -0.058 -0.05 -0.034 -0.031 -0.039 -0.031 -0.043 -0.055 -0.054 -0.062 -0.067 -0.053 -0.034 -0.039 -0.048 -0.048 -0.031 -0.027 -0.023 -0.019 -0.016 -0.017 -0.034 -0.035 -0.025 -0.029 -0.032 -0.038 -0.033 -0.023 -0.01 -0.009 -0.018 -9999 -9999 -0.03 -0.03 -9999 -9999 -0.008 -0.003 -0.002 -9999 -9999 -9999 -9999 -9999 -9999
-9999 -9999 -9999 -9999 -9999 -9999 -9999 -9999 -9999 -9999 -9999 -9999 -9999 -0.109 -0.102 -0.095 -0.087 -0.081 -0.074 -0.068 -0.068 -0.069 -0.076 -0.085 -0.069 -0.051 -0.053 -0.056 -0.041 -0.025 -0.03 -0.037 -0.048 -0.061 -0.061 -0.061 -0.065 -0.07 -0.056 -0.038 -0.047 -0.057 -0.043 -0.027 -0.022 -0.018 -0.015 -0.012 -0.024 -0.04 -0.032 -0.023 -0.026 -0.03 -0.035 -0.041 -0.032 -9999 -9999 -9999 -0.019 -9999 -9999 -9999 -9999 -9999 -9999 -0.01 -9999 -9999 -9999 -9999 -9999 -9999 -9999
-9999 -9999 -9999 -9999 -9999 -9999 -9999 -9999 -9999 -9999 -9999 -9999 -0.126 -0.118 -0.108 -0.095 -0.088 -0.085 -0.081 -0.083 -0.078 -0.064 -0.072 -0.09 -0.078 -0.072 -0.072 -0.068 -0.053 -0.035 -0.041 -0.05 -0.062 -0.077 -0.078 -9999 -9999 -9999 -9999 -9999 -0.046 -0.051 -0.04 -0.03 -0.024 -0.013 -0.012 -0.016 -0.029 -0.043 -9999 -0.033 -9999 -9999 -9999 -9999 -9999 -0.038 -0.034 -0.021 -0.023 -0.025 -0.028 -9999 -9999 -9999 -9999 -9999 -9999 -9999 -9999 -9999 -9999 -9999 -9999
-9999 -9999 -9999 -9999 -9999 -9999 -9999 -9999 -9999 -9999 -9999 -0.144 -0.135 -0.127 -0.113 -0.1 -0.095 -0.091 -0.091 -0.093 -0.079 -0.065 -0.078 -0.094 -0.088 -0.082 -0.078 -0.074 -0.058 -0.041 -0.048 -0.057 -9999 -9999 -9999 -9999 -9999 -9999 -9999 -9999 -9999 -9999 -0.04 -0.034 -0.025 -0.015 -0.018 -0.022 -0.034 -0.048 -0.046 -9999 -9999 -9999 -9999 -9999 -9999 -9999 -0.033 -0.024 -0.026 -0.031 -9999 -9999 -9999 -9999 -9999 -9999 -9999 -9999 -9999 -9999 -9999 -9999 -9999
-9999 -9999 -9999 -9999 -9999 -9999 -9999 -9999 -9999 -0.145 -0.147 -0.132 -0.131 -0.141 -0.126 -0.113 -0.109 -0.108 -0.105 -0.097 -0.089 -0.093 -0.101 -0.101 -0.087 -0.056 -0.054 -0.062 -0.051 -0.053 -9999 -9999 -9999 -9999 -9999 -9999 -9999 -9999 -9999 -9999 -9999 -9999 -9999 -0.049 -9999 -9999 -9999 -9999 -9999 -0.048 -0.06 -9999 -9999 -9999 -9999 -9999 -9999 -9999 -9999 -9999 -0.033 -0.037 -9999 -9999 -9999 -9999 -9999 -9999 -9999 -9999 -9999 -9999 -9999 -9999 -9999
-9999 -9999 -9999 -9999 -9999 -9999 -9999 -9999 -0.14 -9999 -0.136 -0.132 -0.142 -0.152 -0.138 -0.124 -0.121 -0.12 -0.111 -0.102 -0.104 -0.108 -0.106 -0.106 -0.079 -0.048 -0.052 -0.059 -0.058 -0.062 -9999 -9999 -9999 -9999 -9999 -9999 -9999 -9999 -9999 -9999 -9999 -9999 -9999 -9999 -0.056 -9999 -9999 -9999 -9999 -9999 -9999 -9999 -9999 -9999 -9999 -9999 -9999 -9999 -9999 -9999 -9999 -9999 -9999 -9999 -9999 -9999 -9999 -9999 -9999 -9999 -9999 -9999 -9999 -9999 -9999
-9999 -9999 -9999 -9999 -9999 -9999 -9999 -0.135 -0.137 -0.142 -0.137 -0.131 -0.14 -0.145 -0.131 -0.114 -0.11 -0.115 -0.104 -9999 -0.093 -0.093 -0.094 -0.104 -0.081 -0.058 -0.061 -0.065 -0.066 -9999 -9999 -9999 -9999 -9999 -9999 -9999 -9999 -9999 -9999 -9999 -9999 -9999 -9999 -9999 -9999 -9999 -9999 -9999 -9999 -9999 -9999 -9999 -9999 -9999 -9999 -9999 -9999 -9999 -9999 -9999 -9999 -9999 -9999 -9999 -9999 -9999 -9999 -9999 -9999 -9999 -9999 -9999 -9999 -9999 -9999
-9999 -9999 -9999 -9999 -9999 -9999 -9999 -0.132 -0.136 -0.146 -0.14 -0.134 -0.139 -0.146 -0.133 -0.117 -0.117 -0.119 -0.107 -0.096 -0.092 -0.091 -0.097 -0.107 -0.088 -0.066 -0.067 -0.07 -0.072 -9999 -9999 -9999 -9999 -9999 -9999 -9999 -9999 -9999 -9999 -9999 -9999 -9999 -9999 -9999 -9999 -9999 -9999 -9999 -9999 -9999 -9999 -9999 -9999 -9999 -9999 -9999 -9999 -9999 -9999 -9999 -9999 -9999 -9999 -9999 -9999 -9999 -9999 -9999 -9999 -9999 -9999 -9999 -9999 -9999 -9999
-9999 -9999 -9999 -9999 -9999 -9999 -0.142 -0.133 -0.142 -0.158 -0.156 -0.157 -0.159 -0.152 -0.147 -0.149 -0.145 -0.125 -0.114 -0.108 -0.1 -0.084 -0.092 -0.11 -0.094 -0.085 -0.083 -0.074 -9999 -9999 -9999 -9999 -9999 -9999 -9999 -9999 -9999 -9999 -9999 -9999 -9999 -9999 -9999 -9999 -9999 -9999 -9999 -9999 -9999 -9999 -9999 -9999 -9999 -9999 -9999 -9999 -9999 -9999 -9999 -9999 -9999 -9999 -9999 -9999 -9999 -9999 -9999 -9999 -9999 -9999 -9999 -9999 -9999 -9999 -9999
