Validation/Results/raw data/ReClimate_01_2024_2_Temperature-Actuals.asc
NCOLS 192
NROWS 249
XLLCENTER -225160.85627316462
YLLCENTER 29788.11610251502
CELLSIZE 5000.0
NODATA_VALUE -9999
[rows 102 to 135 of 249, columns 77 to 153 of 192]
3.932 3.989 6.133 6.874 -9999 -9999 5.569 -9999 -9999 5.85 3.318 3.126 4.854 3.783 1.419 3.163 2.085 2.075 2.31 2.867 4.704 3.852 2.894 1.944 2.654 3.793 3.112 3.418 4.706 5.605 6.057 5.925 5.41 4.675 5.664 5.943 6.034 6.272 6.275 6.346 -9999 -9999 -9999 -9999 -9999 -9999 -9999 -9999 -9999 -9999 -9999 -9999 -9999 -9999 -9999 -9999 -9999 -9999 -9999 -9999 -9999 -9999 -9999 -9999 -9999 -9999 -9999 -9999 -9999 -9999 -9999 -9999 -9999 -9999 -9999 -9999 -9999
4.276 5.703 -9999 -9999 -9999 6.291 5.108 5.604 5.182 5.044 4.154 6.134 5.561 3.631 3.397 3.806 3.89 3.812 3.709 3.725 2.783 3.806 3.008 3.312 3.127 2.797 3.523 4.396 5.321 5.965 6.13 5.801 5.081 5.776 6.359 -9999 -9999 6.519 -9999 -9999 -9999 -9999 -9999 -9999 -9999 -9999 -9999 -9999 -9999 -9999 -9999 -9999 -9999 -9999 -9999 -9999 -9999 -9999 -9999 -9999 -9999 -9999 -9999 -9999 -9999 -9999 -9999 -9999 -9999 -9999 -9999 -9999 -9999 -9999 -9999 -9999 -9999
-9999 5.676 -9999 -9999 -9999 6.02 5.081 4.903 4.846 5.273 5.983 5.214 3.869 3.453 3.909 4.303 3.82 3.336 3.958 3.417 4.798 3.933 3.712 4.57 5.061 5.324 5.201 5.692 6.013 6.047 6.147 6.122 6.016 6.414 -9999 6.216 6.332 6.316 6.359 -9999 -9999 -9999 -9999 -9999 -9999 -9999 -9999 -9999 -9999 -9999 -9999 -9999 -9999 -9999 -9999 -9999 -9999 -9999 -9999 -9999 -9999 -9999 -9999 -9999 -9999 -9999 -9999 -9999 -9999 -9999 -9999 -9999 -9999 -9999 -9999 -9999 -9999
-9999 -9999 -9999 6.476 6.029 5.083 5.08 4.653 5.087 4.782 3.857 3.363 3.253 4.265 4.061 4.661 3.226 4.485 3.001 4.646 3.485 2.577 4.585 5.329 5.133 5.451 5.993 6.058 6.332 6.44 6.43 6.48 -9999 6.23 6.112 6.283 6.224 6.432 6.266 -9999 -9999 -9999 -9999 -9999 -9999 -9999 -9999 -9999 -9999 -9999 -9999 -9999 -9999 -9999 -9999 -9999 -9999 -9999 -9999 -9999 -9999 -9999 -9999 -9999 -9999 -9999 -9999 -9999 -9999 -9999 -9999 -9999 -9999 -9999 -9999 -9999 -9999
-9999 -9999 -9999 6.242 6.493 5.88 4.823 5.002 5.375 4.076 4.959 4.819 4.261 3.299 4.766 4.849 3.926 3.186 4.005 4.048 2.78 3.893 3.838 3.55 4.655 5.241 5.397 5.725 5.941 5.727 5.609 5.407 5.525 5.953 6.274 6.148 5.924 6.107 6.031 6.186 -9999 -9999 -9999 -9999 -9999 -9999 -9999 -9999 -9999 -9999 -9999 -9999 -9999 -9999 -9999 -9999 -9999 -9999 -9999 -9999 -9999 -9999 -9999 -9999 -9999 -9999 -9999 -9999 -9999 -9999 -9999 -9999 -9999 -9999 -9999 -9999 -9999
-9999 -9999 6.25 -9999 -9999 5.658 4.892 5.615 4.54 4.993 -9999 -9999 3.75 3.477 4.339 4.886 3.895 4.135 4.427 4.015 4.312 5.179 4.473 4.79 5.198 5.51 5.003 4.445 4.094 4.446 4.635 5.152 5.518 5.657 6.232 5.716 5.767 5.644 5.837 6.061 6.279 -9999 -9999 -9999 -9999 -9999 -9999 -9999 -9999 -9999 -9999 -9999 -9999 -9999 -9999 -9999 -9999 -9999 -9999 -9999 -9999 -9999 -9999 -9999 -9999 -9999 -9999 -9999 -9999 -9999 -9999 -9999 -9999 -9999 -9999 -9999 -9999
-9999 -9999 6.275 -9999 6.194 5.575 5.735 4.536 4.628 6.082 6.238 4.388 3.542 4.42 6.368 4.349 3.038 5.144 5.139 4.637 5.269 5.539 5.674 5.894 5.739 4.524 3.412 3.5 4.234 4.738 5.332 5.572 5.498 5.826 5.964 5.976 6.277 6.485 6.523 6.597 -9999 -9999 -9999 -9999 -9999 -9999 -9999 -9999 -9999 -9999 -9999 -9999 -9999 -9999 -9999 -9999 -9999 -9999 -9999 -9999 -9999 -9999 -9999 -9999 -9999 -9999 -9999 -9999 -9999 -9999 -9999 -9999 -9999 -9999 -9999 -9999 -9999
-9999 -9999 6.299 -9999 6.128 6.316 5.574 5.324 6.0 -9999 4.627 4.878 -9999 4.589 4.663 4.374 5.33 4.109 5.386 5.802 6.222 6.35 6.56 6.586 6.005 4.895 5.432 5.75 5.775 5.544 5.36 5.65 5.729 6.15 6.285 6.459 -9999 -9999 -9999 -9999 -9999 -9999 -9999 -9999 -9999 -9999 -9999 -9999 -9999 -9999 -9999 -9999 -9999 -9999 -9999 -9999 -9999 -9999 -9999 -9999 -9999 -9999 -9999 -9999 -9999 -9999 -9999 -9999 -9999 -9999 -9999 -9999 -9999 -9999 -9999 -9999 -9999
6.142 6.105 -9999 -9999 6.573 6.22 5.73 6.179 6.105 4.231 4.718 3.695 -9999 5.343 4.507 5.179 5.248 5.173 5.412 6.006 5.93 5.785 5.654 5.845 6.339 6.664 6.62 6.401 5.974 5.539 5.476 5.705 5.92 6.18 6.481 -9999 -9999 -9999 -9999 -9999 -9999 -9999 -9999 -9999 -9999 -9999 -9999 -9999 -9999 -9999 -9999 -9999 -9999 -9999 -9999 -9999 -9999 -9999 -9999 -9999 -9999 -9999 -9999 -9999 -9999 -9999 -9999 -9999 -9999 -9999 -9999 -9999 -9999 -9999 -9999 -9999 -9999
6.293 6.331 -9999 6.63 5.335 5.393 6.251 -9999 4.688 4.966 3.851 3.824 -9999 5.067 4.28 5.382 6.286 6.166 6.321 6.053 5.691 5.298 4.646 5.195 6.151 6.578 -9999 6.62 6.263 6.077 6.033 5.928 5.672 6.107 -9999 -9999 -9999 -9999 -9999 -9999 -9999 -9999 -9999 -9999 -9999 -9999 -9999 -9999 -9999 -9999 -9999 -9999 -9999 -9999 -9999 -9999 -9999 -9999 -9999 -9999 -9999 -9999 -9999 -9999 -9999 -9999 -9999 -9999 -9999 -9999 -9999 -9999 -9999 -9999 -9999 -9999 -9999
6.685 -9999 -9999 6.043 4.77 5.741 -9999 5.533 5.141 4.89 4.302 4.892 -9999 6.001 5.857 6.181 6.378 6.245 6.035 5.637 3.963 3.9 4.192 4.912 6.0 6.693 6.838 6.918 -9999 -9999 6.584 6.316 -9999 -9999 -9999 -9999 -9999 -9999 6.639 6.66 6.796 -9999 -9999 -9999 -9999 -9999 -9999 -9999 -9999 -9999 -9999 -9999 -9999 -9999 -9999 -9999 -9999 -9999 -9999 -9999 -9999 -9999 -9999 -9999 -9999 -9999 -9999 -9999 -9999 -9999 -9999 -9999 -9999 -9999 -9999 -9999 -9999
-9999 -9999 5.737 5.296 6.069 5.524 -9999 5.555 4.927 5.598 5.648 4.57 -9999 -9999 -9999 6.524 6.053 5.403 5.267 5.006 5.085 5.506 5.546 5.931 6.09 6.14 6.332 6.627 6.731 6.52 6.367 6.592 -9999 -9999 -9999 -9999 -9999 6.463 6.552 6.575 6.84 6.881 -9999 -9999 -9999 -9999 -9999 -9999 -9999 -9999 -9999 -9999 -9999 -9999 -9999 -9999 -9999 -9999 -9999 -9999 -9999 -9999 -9999 -9999 -9999 -9999 -9999 -9999 -9999 -9999 -9999 -9999 -9999 -9999 -9999 -9999 -9999
-9999 -9999 -9999 6.626 5.312 5.787 -9999 5.516 -9999 6.06 4.976 5.951 -9999 6.395 5.851 5.74 -9999 5.96 6.243 6.151 6.315 6.173 6.192 6.024 5.802 5.638 5.848 6.062 5.729 5.769 6.317 6.589 6.688 6.628 6.697 -9999 6.527 6.376 6.45 6.605 6.201 5.864 5.861 6.805 -9999 -9999 -9999 -9999 -9999 -9999 -9999 -9999 -9999 -9999 -9999 -9999 -9999 -9999 -9999 -9999 -9999 -9999 -9999 -9999 -9999 -9999 -9999 -9999 -9999 -9999 -9999 -9999 -9999 -9999 -9999 -9999 -9999
-9999 -9999 -9999 5.689 4.968 6.197 -9999 6.577 -9999 6.162 6.49 -9999 6.269 5.3 4.922 5.8 6.387 6.615 6.577 6.768 6.556 6.238 6.234 5.925 5.379 5.287 5.435 5.556 5.641 5.913 6.179 6.299 6.193 5.991 6.464 6.488 6.013 6.089 6.154 5.975 5.276 4.992 4.897 5.398 6.32 6.527 6.334 -9999 -9999 -9999 -9999 -9999 -9999 -9999 -9999 -9999 -9999 -9999 -9999 -9999 -9999 -9999 -9999 -9999 -9999 -9999 -9999 -9999 -9999 -9999 -9999 -9999 -9999 -9999 -9999 -9999 -9999
-9999 -9999 -9999 5.687 6.293 5.989 5.786 -9999 -9999 6.917 6.787 -9999 6.204 4.749 4.557 5.641 6.136 6.611 6.845 6.77 6.625 6.774 6.57 6.084 5.562 5.017 5.087 5.26 5.481 5.454 5.391 5.314 4.978 5.565 6.26 6.096 5.76 5.64 5.321 4.272 4.132 4.617 4.727 5.228 5.326 5.992 6.337 6.287 -9999 -9999 -9999 -9999 -9999 -9999 -9999 -9999 -9999 -9999 -9999 -9999 -9999 -9999 -9999 -9999 -9999 -9999 -9999 -9999 -9999 -9999 -9999 -9999 -9999 -9999 -9999 -9999 -9999
-9999 -9999 -9999 6.304 6.271 5.501 6.628 -9999 -9999 6.932 6.974 -9999 -9999 4.893 5.084 5.956 5.95 5.866 6.194 6.318 6.441 6.168 6.546 6.496 5.868 5.431 5.035 4.903 4.714 4.772 4.466 4.418 4.97 5.432 5.56 5.446 5.174 4.833 4.264 4.161 4.154 4.597 4.951 5.336 5.934 6.084 5.959 6.183 -9999 -9999 -9999 -9999 -9999 -9999 -9999 -9999 -9999 -9999 -9999 -9999 -9999 -9999 -9999 -9999 -9999 -9999 -9999 -9999 -9999 -9999 -9999 -9999 -9999 -9999 -9999 -9999 -9999
-9999 -9999 -9999 6.647 5.849 6.054 -9999 -9999 -9999 -9999 7.019 -9999 6.39 5.28 6.038 6.274 5.698 5.467 5.397 5.785 5.763 5.836 5.991 6.216 6.168 5.382 4.892 4.831 4.881 4.53 4.3 4.739 5.027 4.947 4.85 4.298 4.41 4.661 4.862 4.765 4.601 4.889 5.18 5.644 6.142 6.161 6.222 6.478 6.341 -9999 -9999 -9999 -9999 -9999 -9999 -9999 -9999 -9999 -9999 -9999 -9999 -9999 -9999 -9999 -9999 -9999 -9999 -9999 -9999 -9999 -9999 -9999 -9999 -9999 -9999 -9999 -9999
-9999 5.997 5.957 5.759 6.098 -9999 -9999 5.603 -9999 -9999 -9999 -9999 6.498 6.157 6.455 6.294 5.977 5.514 5.224 5.137 4.989 5.041 5.461 5.762 5.875 5.805 5.123 5.127 5.018 4.922 5.164 5.1 4.626 4.665 3.691 3.347 3.99 4.545 4.927 5.214 5.13 5.337 5.37 5.747 6.208 6.377 6.471 6.523 6.513 -9999 -9999 -9999 -9999 -9999 -9999 -9999 -9999 -9999 -9999 -9999 -9999 -9999 -9999 -9999 -9999 -9999 -9999 -9999 -9999 -9999 -9999 -9999 -9999 -9999 -9999 -9999 -9999
-9999 -9999 5.534 5.639 6.398 -9999 5.658 4.823 5.588 -9999 -9999 -9999 -9999 6.856 6.767 6.723 6.441 6.055 5.63 5.1 4.991 5.218 5.454 5.553 5.76 5.41 5.53 5.338 5.109 4.927 4.979 4.543 5.195 4.627 4.44 4.271 3.822 4.156 5.047 5.321 5.673 5.77 5.787 6.016 6.328 6.451 6.493 6.312 6.357 6.471 -9999 -9999 -9999 -9999 -9999 -9999 -9999 -9999 -9999 -9999 -9999 -9999 -9999 -9999 -9999 -9999 -9999 -9999 -9999 -9999 -9999 -9999 -9999 -9999 -9999 -9999 -9999
-9999 -9999 6.019 5.762 6.05 -9999 6.115 5.004 5.953 -9999 -9999 -9999 -9999 -9999 6.933 6.911 6.842 6.826 6.312 5.9 5.576 5.159 4.71 4.864 5.211 5.505 5.525 5.227 4.991 5.057 4.841 4.959 5.287 5.012 4.893 4.909 5.304 5.342 5.613 5.7 6.031 5.923 6.146 6.55 6.611 6.608 6.504 6.354 5.984 6.118 6.575 -9999 -9999 -9999 -9999 -9999 -9999 -9999 -9999 -9999 -9999 -9999 -9999 -9999 -9999 -9999 -9999 -9999 -9999 -9999 -9999 -9999 -9999 -9999 -9999 -9999 -9999
-9999 -9999 5.868 5.402 -9999 -9999 6.62 5.669 5.403 6.37 -9999 -9999 -9999 -9999 -9999 6.891 6.682 6.4 6.252 5.515 4.866 4.544 4.218 4.345 4.759 5.199 4.959 5.134 5.037 4.692 4.612 5.007 3.615 4.482 4.316 5.1 4.638 5.208 5.812 5.764 6.055 6.321 6.538 6.412 6.135 6.076 6.255 6.046 6.168 5.532 6.088 6.648 6.962 -9999 -9999 -9999 -9999 -9999 -9999 -9999 -9999 -9999 -9999 -9999 -9999 -9999 -9999 -9999 -9999 -9999 -9999 -9999 -9999 -9999 -9999 -9999 -9999
-9999 -9999 5.566 6.314 -9999 -9999 6.016 4.966 5.181 -9999 -9999 -9999 -9999 -9999 -9999 6.847 6.503 6.299 6.034 5.446 5.159 5.084 4.765 4.665 4.612 4.729 4.818 4.859 3.982 3.377 4.33 3.327 2.847 3.328 4.55 4.449 5.103 5.907 5.549 5.75 6.101 6.105 6.181 6.25 6.056 6.013 5.468 5.164 5.629 5.415 5.357 6.283 6.823 -9999 -9999 -9999 -9999 -9999 -9999 -9999 -9999 -9999 -9999 -9999 -9999 -9999 -9999 -9999 -9999 -9999 -9999 -9999 -9999 -9999 -9999 -9999 -9999
-9999 -9999 6.006 6.925 -9999 -9999 -9999 6.149 5.867 6.034 -9999 -9999 -9999 -9999 -9999 6.888 6.556 6.332 6.131 5.79 5.606 4.955 4.172 3.901 4.431 4.43 4.943 4.729 4.035 3.901 4.386 2.852 3.459 4.219 3.962 4.45 5.499 5.275 5.619 5.651 5.85 6.179 6.016 5.8 5.802 5.383 4.07 4.254 4.681 5.343 5.349 5.82 6.497 -9999 -9999 -9999 -9999 -9999 -9999 -9999 -9999 -9999 -9999 -9999 -9999 -9999 -9999 -9999 -9999 -9999 -9999 -9999 -9999 -9999 -9999 -9999 -9999
-9999 5.558 6.007 6.725 -9999 -9999 -9999 -9999 -9999 -9999 -9999 -9999 -9999 -9999 -9999 6.556 6.225 6.132 5.942 5.7 5.468 4.684 4.241 4.188 4.49 4.642 4.338 4.363 3.6 3.798 3.139 2.792 3.501 4.269 4.016 4.49 4.742 5.288 5.356 5.779 5.784 5.654 5.806 5.498 5.342 4.235 3.983 3.699 4.812 5.635 5.827 5.96 6.328 7.056 -9999 -9999 -9999 -9999 -9999 -9999 -9999 -9999 -9999 -9999 -9999 -9999 -9999 -9999 -9999 -9999 -9999 -9999 -9999 -9999 -9999 -9999 -9999
5.528 5.569 5.648 6.802 -9999 -9999 -9999 -9999 -9999 -9999 -9999 -9999 -9999 6.762 6.604 6.378 5.923 5.419 5.106 5.291 5.296 5.14 4.919 5.301 4.801 3.91 4.025 4.066 4.083 4.441 3.924 3.011 4.441 4.307 4.333 4.518 4.963 5.371 5.801 5.318 5.453 5.603 5.402 5.138 4.391 4.182 4.105 4.16 4.928 5.985 6.194 6.086 6.361 6.752 -9999 -9999 -9999 -9999 -9999 -9999 -9999 -9999 -9999 -9999 -9999 -9999 -9999 -9999 -9999 -9999 -9999 -9999 -9999 -9999 -9999 -9999 -9999
5.536 6.06 6.927 -9999 -9999 -9999 -9999 -9999 -9999 -9999 -9999 -9999 -9999 6.701 6.726 6.345 5.547 5.073 5.133 4.52 4.156 4.247 4.243 4.631 4.742 4.853 4.663 4.195 4.568 5.063 4.669 4.28 3.636 4.203 4.049 4.725 5.113 5.78 5.387 5.249 5.319 5.135 4.643 4.053 3.732 4.169 4.576 4.958 5.537 5.554 5.535 5.853 6.209 6.652 -9999 -9999 -9999 -9999 -9999 -9999 -9999 -9999 -9999 -9999 -9999 -9999 -9999 -9999 -9999 -9999 -9999 -9999 -9999 -9999 -9999 -9999 -9999
-9999 -9999 -9999 -9999 -9999 -9999 -9999 -9999 -9999 -9999 -9999 -9999 -9999 6.664 6.525 5.595 5.412 5.162 4.885 3.962 3.878 3.283 3.751 4.2 4.684 4.907 4.552 3.287 3.934 5.292 5.294 3.947 3.931 4.271 4.397 4.369 5.137 4.711 4.538 4.818 4.393 3.981 3.605 4.373 4.389 4.442 4.65 4.95 5.818 5.984 5.764 5.88 6.361 6.772 -9999 -9999 -9999 -9999 -9999 -9999 -9999 -9999 -9999 -9999 -9999 -9999 -9999 -9999 -9999 -9999 -9999 -9999 -9999 -9999 -9999 -9999 -9999
-9999 -9999 -9999 -9999 -9999 -9999 -9999 -9999 -9999 -9999 -9999 -9999 6.483 5.956 5.244 5.32 4.885 5.08 4.948 4.729 3.662 3.724 3.661 4.075 4.458 5.473 4.989 4.369 4.639 5.223 5.383 4.924 4.723 4.629 4.462 4.495 4.057 4.8 5.043 4.754 4.385 3.277 4.159 3.932 4.275 4.803 4.809 4.997 4.987 5.773 6.146 6.332 6.534 6.764 -9999 -9999 -9999 -9999 -9999 -9999 -9999 -9999 -9999 -9999 -9999 -9999 -9999 -9999 -9999 -9999 -9999 -9999 -9999 -9999 -9999 -9999 -9999
-9999 -9999 -9999 -9999 -9999 -9999 -9999 -9999 -9999 -9999 -9999 -9999 5.938 5.512 5.139 4.256 4.565 5.102 4.997 4.145 4.775 4.288 4.146 4.533 5.077 6.073 5.867 5.247 4.958 5.103 5.879 5.51 5.307 5.191 5.069 4.253 5.214 4.651 5.025 4.975 3.547 4.711 4.229 4.31 4.808 4.896 5.283 5.126 4.798 5.34 5.924 6.203 6.521 6.801 -9999 -9999 -9999 -9999 -9999 -9999 -9999 -9999 -9999 -9999 -9999 -9999 -9999 -9999 -9999 -9999 -9999 -9999 -9999 -9999 -9999 -9999 -9999
-9999 -9999 -9999 -9999 -9999 -9999 -9999 -9999 -9999 -9999 -9999 6.272 5.591 5.666 4.644 4.878 4.57 3.707 4.227 4.798 5.084 4.628 4.857 5.039 5.146 5.597 5.688 5.371 5.406 6.245 6.233 5.815 5.289 5.229 4.471 5.435 5.126 4.662 5.398 4.295 4.161 4.878 5.11 5.303 4.901 4.962 5.091 4.878 5.248 5.627 6.032 6.294 6.523 6.781 6.971 -9999 -9999 -9999 -9999 -9999 -9999 -9999 -9999 -9999 -9999 -9999 -9999 -9999 -9999 -9999 -9999 -9999 -9999 -9999 -9999 -9999 -9999
-9999 -9999 -9999 -9999 -9999 -9999 -9999 -9999 -9999 -9999 6.229 5.927 5.756 5.727 5.526 5.295 4.583 4.632 4.498 4.204 5.484 5.471 5.346 5.088 5.139 5.468 5.821 6.238 6.43 6.135 6.398 6.023 5.558 5.221 5.479 5.781 5.461 5.444 5.646 4.5 4.19 4.559 4.74 4.895 5.013 5.348 5.299 5.044 5.539 5.795 6.013 6.232 6.572 6.781 7.003 -9999 -9999 -9999 -9999 -9999 -9999 -9999 -9999 -9999 -9999 -9999 -9999 -9999 -9999 -9999 -9999 -9999 -9999 -9999 -9999 -9999 -9999
-9999 -9999 -9999 -9999 -9999 -9999 -9999 -9999 -9999 -9999 6.078 4.794 5.562 5.721 5.783 5.928 5.242 3.964 4.147 5.311 5.61 5.887 5.699 5.501 5.334 5.175 6.372 6.771 6.553 6.528 6.119 6.152 5.694 5.813 5.799 6.084 5.862 5.921 5.413 5.048 4.614 4.491 4.718 4.808 5.388 5.752 5.583 5.529 5.526 5.709 6.064 6.449 6.541 6.699 6.941 -9999 -9999 -9999 -9999 -9999 -9999 -9999 -9999 -9999 -9999 -9999 -9999 -9999 -9999 -9999 -9999 -9999 -9999 -9999 -9999 -9999 -9999
-9999 -9999 -9999 -9999 -9999 -9999 -9999 -9999 -9999 6.301 5.016 5.25 5.395 5.583 5.952 6.117 5.207 4.666 5.063 5.171 5.693 5.889 6.033 5.665 5.291 6.007 6.296 6.579 6.942 6.495 6.448 6.248 6.293 6.168 6.237 6.398 6.344 5.88 6.0 5.439 4.668 4.856 4.854 5.042 5.185 5.688 5.843 6.196 5.859 5.833 6.104 6.484 6.704 6.679 6.833 7.156 -9999 -9999 -9999 -9999 -9999 -9999 -9999 -9999 -9999 -9999 -9999 -9999 -9999 -9999 -9999 -9999 -9999 -9999 -9999 -9999 -9999
-9999 -9999 -9999 -9999 -9999 -9999 -9999 -9999 6.522 -9999 5.906 5.4 5.442 5.626 6.091 6.466 6.017 5.921 5.377 4.89 5.538 6.081 6.252 6.191 6.176 6.271 6.354 6.577 6.788 6.559 6.775 6.712 6.656 6.598 6.707 6.777 6.664 6.487 6.178 5.76 5.718 5.387 5.306 5.316 5.653 6.055 6.659 6.101 5.749 6.016 6.222 6.438 6.649 6.795 6.93 7.059 -9999 -9999 -9999 -9999 -9999 -9999 -9999 -9999 -9999 -9999 -9999 -9999 -9999 -9999 -9999 -9999 -9999 -9999 -9999 -9999 -9999
