Validation/Results/raw data/ReClimate_07_2024_2_Temperature.asc
NCOLS 192
NROWS 249
XLLCENTER -225160.85627316462
YLLCENTER 29788.11610251502
CELLSIZE 5000.0
NODATA_VALUE -9999
[rows 204 to 237 of 249, columns 75 to 149 of 192]
-9999 -9999 -9999 -9999 -0.041 -9999 -0.017 -0.003 -0.004 -0.007 -0.013 -0.022 -0.023 -0.024 -0.019 -0.016 -0.021 -0.028 -0.019 -0.009 -0.002 0.004 0.003 -0.0 0.009 0.02 0.025 0.029 0.023 0.014 0.007 -0.001 0.005 0.01 0.017 0.025 0.025 0.023 0.024 0.023 0.018 0.012 0.016 0.021 0.022 0.021 0.026 0.031 0.028 0.023 0.016 0.006 0.004 0.0 0.003 0.006 0.017 0.029 0.032 0.034 0.045 0.058 0.074 0.091 0.099 0.107 0.109 0.109 0.117 0.127 0.124 0.118 0.122 0.124 0.126
-9999 -9999 -9999 -9999 -9999 -9999 -9999 -9999 -0.004 0.0 -0.003 -0.007 -0.008 -0.012 -0.004 0.009 0.008 0.008 0.016 0.017 0.021 0.015 0.018 0.025 0.035 0.043 0.043 0.03 0.027 0.026 0.018 0.003 0.006 0.003 0.014 0.034 0.033 0.026 0.023 0.012 0.009 0.008 0.012 0.016 0.018 0.022 0.025 0.022 0.02 0.018 0.012 0.009 0.006 0.002 0.004 0.006 0.012 0.022 0.036 0.045 0.051 0.061 0.081 0.101 0.1 0.102 0.102 0.101 0.108 0.115 0.125 0.127 0.131 0.135 0.138
-9999 -9999 -9999 -9999 -9999 -9999 -9999 -9999 -0.002 0.002 0.001 -0.002 -0.004 -0.007 0.005 0.018 0.02 0.022 0.025 0.027 0.024 0.019 0.027 0.035 0.042 0.051 0.042 0.03 0.03 0.03 0.019 0.005 0.003 -0.0 0.017 0.037 0.033 0.026 0.018 0.008 0.008 0.007 0.01 0.013 0.018 0.022 0.021 0.018 0.017 0.015 0.013 0.009 0.007 0.003 0.005 0.005 0.012 0.019 0.032 0.048 0.055 0.061 0.08 0.101 0.1 0.097 0.097 0.095 0.101 0.108 0.117 0.126 0.131 0.135 0.138
-9999 -9999 -9999 -9999 -9999 -9999 -0.024 -0.012 -0.01 -0.004 -9999 0.004 0.004 0.008 0.013 0.011 0.012 -9999 0.017 0.025 0.03 0.046 0.051 0.044 0.048 0.042 0.03 0.01 0.011 0.014 0.006 0.001 -0.002 -0.007 0.008 0.023 0.019 0.015 0.011 0.014 0.013 0.009 0.014 0.023 0.025 0.021 0.016 0.001 0.002 0.009 0.01 0.009 0.005 -0.001 0.004 0.007 0.014 0.021 0.029 0.04 0.047 0.053 0.069 0.088 0.088 0.085 0.098 0.104 0.098 0.097 0.116 0.131 0.137 0.141 0.144
-9999 -9999 -9999 -9999 -9999 -9999 -0.024 -9999 -9999 -9999 -0.001 0.005 0.01 -9999 -9999 -9999 -9999 -9999 0.017 0.024 0.039 0.056 0.052 0.046 0.043 0.038 0.022 0.002 0.005 0.008 0.004 -0.0 -0.004 -0.009 0.003 0.017 0.014 0.01 0.013 0.017 0.014 0.01 0.017 0.026 0.024 0.02 0.009 -0.005 0.0 0.006 0.008 0.009 0.004 -0.002 0.003 0.008 0.014 0.022 0.029 0.037 0.042 0.048 0.062 0.08 0.08 0.078 0.09 0.104 0.099 0.091 0.108 0.128 0.134 0.139 0.142
-9999 -9999 -9999 -9999 -9999 -9999 -9999 -9999 -0.004 0.002 0.005 0.005 0.004 -9999 -9999 -9999 -9999 -9999 -9999 -9999 -9999 0.052 0.051 0.049 0.047 0.044 0.034 0.026 0.028 0.024 0.018 0.003 0.004 0.012 0.017 0.005 0.009 0.028 0.03 0.025 0.021 0.015 0.022 0.029 0.028 0.028 0.018 0.003 0.003 -0.009 -0.005 -0.003 0.006 0.007 0.008 0.011 0.024 0.035 0.053 0.068 0.061 0.06 0.062 0.072 0.076 0.077 0.082 0.092 0.103 0.105 0.116 0.132 0.142 0.149 0.133
-9999 -9999 -9999 -9999 -9999 -9999 -9999 -9999 -9999 0.004 -9999 -9999 -9999 -9999 -9999 -9999 -9999 -9999 -9999 0.026 0.037 0.05 0.05 0.049 0.048 0.046 0.042 0.035 0.034 0.031 0.019 0.005 0.012 0.021 0.012 -0.001 0.016 0.035 0.032 0.027 0.023 0.017 -9999 0.03 0.031 0.031 0.02 0.007 -0.003 -0.015 -0.011 -0.007 0.001 0.01 0.012 0.013 0.024 0.038 0.056 0.076 0.071 0.062 0.065 0.067 0.07 0.074 0.079 0.085 0.095 0.107 0.118 0.13 0.139 0.148 0.133
-9999 -9999 -9999 -9999 -9999 -9999 -9999 -9999 -9999 -9999 -9999 -9999 -9999 -9999 -9999 -9999 -9999 -9999 -9999 0.023 0.028 0.024 0.026 -9999 -9999 -9999 0.037 0.039 0.039 0.04 0.033 0.027 0.034 0.035 0.027 0.017 0.029 0.034 0.032 0.032 0.029 -9999 0.039 0.047 0.044 0.032 0.022 0.007 0.004 0.012 0.015 0.013 0.016 0.023 0.023 0.023 0.027 0.036 0.047 0.063 0.066 0.063 0.064 0.065 0.084 0.097 0.102 0.109 0.1 0.1 0.104 0.111 0.112 0.114 0.124
-9999 -9999 -9999 -9999 -9999 -9999 -9999 -9999 -9999 -9999 -9999 -9999 -9999 -9999 -9999 -9999 -9999 -9999 -9999 -9999 -9999 -9999 -9999 -9999 -9999 -9999 0.034 0.04 0.042 0.043 0.04 0.036 0.038 0.04 0.033 0.023 0.028 0.033 0.034 -9999 -9999 0.037 0.044 0.052 0.044 0.032 0.021 0.006 0.014 0.023 0.022 0.02 0.023 0.027 0.027 0.026 0.03 0.033 0.043 0.055 0.058 0.06 0.062 0.062 0.08 0.101 0.108 0.114 0.107 0.095 0.098 0.101 0.101 0.099 0.107
-9999 -9999 -9999 -9999 -9999 -9999 -9999 -9999 -9999 -9999 -9999 -9999 -9999 -9999 -9999 -9999 -9999 -9999 -9999 -9999 -9999 -9999 -9999 -9999 -9999 -9999 0.019 0.026 0.032 0.052 0.052 0.053 0.053 0.045 0.038 0.029 -9999 -9999 -9999 -9999 -9999 0.046 0.05 0.047 0.04 0.033 0.025 0.021 0.027 0.03 0.029 0.027 0.037 0.044 0.035 0.029 0.028 0.028 0.039 0.05 0.051 0.052 0.063 0.069 0.071 0.083 0.096 0.107 0.11 0.106 0.095 0.088 0.096 0.099 0.09
-9999 -9999 -9999 -9999 -9999 -9999 -9999 -9999 -9999 -9999 -9999 -9999 -9999 -9999 -9999 -9999 -9999 -9999 -9999 -9999 -9999 -9999 -9999 -9999 -9999 -9999 -9999 -9999 0.035 0.054 0.057 0.059 0.053 0.045 0.035 -9999 -9999 -9999 -9999 0.036 0.042 0.049 0.047 0.044 0.039 0.032 0.03 0.027 0.029 0.031 0.031 0.029 0.038 0.048 0.04 0.029 0.027 0.024 0.034 0.046 0.047 0.046 0.057 0.068 0.071 0.073 0.085 0.1 0.103 0.106 0.096 0.08 0.088 0.095 0.087
-9999 -9999 -9999 -9999 -9999 -9999 -9999 -9999 -9999 -9999 -9999 -9999 -9999 -9999 -9999 -9999 -9999 -9999 -9999 -9999 -9999 -9999 -9999 -9999 -9999 -9999 -9999 -9999 -9999 0.053 0.055 0.059 0.047 0.025 -9999 -9999 -9999 -9999 0.032 0.045 0.053 0.06 0.055 0.039 0.042 0.057 0.05 0.024 0.027 0.032 0.032 0.031 0.037 0.045 0.048 0.044 0.037 0.031 0.035 0.042 0.044 0.045 0.055 0.066 0.068 0.07 0.083 0.098 0.097 0.096 0.094 0.084 0.093 0.103 0.103
-9999 -9999 -9999 -9999 -9999 -9999 -9999 -9999 -9999 -9999 -9999 -9999 -9999 -9999 -9999 -9999 -9999 -9999 -9999 -9999 -9999 -9999 -9999 -9999 -9999 -9999 -9999 -9999 -9999 -9999 -9999 -9999 -9999 -9999 -9999 -9999 -9999 0.027 0.037 0.049 0.056 0.063 0.051 0.036 0.05 0.066 0.046 0.022 0.027 0.031 0.031 0.03 0.036 0.042 0.045 0.048 0.041 0.032 0.035 0.039 0.04 0.042 0.051 0.062 0.064 0.066 0.078 0.093 0.092 0.089 0.086 0.081 0.091 0.101 0.102
-9999 -9999 -9999 -9999 -9999 -9999 -9999 -9999 -9999 -9999 -9999 -9999 -9999 -9999 -9999 -9999 -9999 -9999 -9999 -9999 -9999 -9999 -9999 -9999 -9999 -9999 -9999 -9999 -9999 -9999 -9999 -9999 -9999 -9999 -9999 -9999 0.045 0.046 0.053 0.052 0.057 0.058 0.049 0.041 0.049 0.048 0.038 0.044 0.043 0.027 0.027 0.025 0.022 0.023 0.024 0.025 0.035 0.035 0.035 0.037 0.039 0.04 0.045 0.054 0.066 0.074 0.073 0.08 0.078 0.074 0.082 0.084 0.089 0.097 0.099
-9999 -9999 -9999 -9999 -9999 -9999 -9999 -9999 -9999 -9999 -9999 -9999 -9999 -9999 -9999 -9999 -9999 -9999 -9999 -9999 -9999 -9999 -9999 -9999 -9999 -9999 -9999 -9999 -9999 -9999 -9999 -9999 -9999 -9999 -9999 -9999 0.052 0.053 0.053 0.051 0.053 0.055 0.049 0.042 0.041 0.04 0.045 0.051 0.039 0.025 0.024 0.021 0.019 0.015 0.015 0.015 0.024 0.035 0.034 0.034 0.035 0.037 0.042 0.047 0.06 0.074 0.073 0.071 0.069 0.065 0.072 0.08 0.086 0.091 0.093
-9999 -9999 -9999 -9999 -9999 -9999 -9999 -9999 -9999 -9999 -9999 -9999 -9999 -9999 -9999 -9999 -9999 -9999 -9999 -9999 -9999 -9999 -9999 0.062 0.061 0.043 0.04 -9999 0.036 -9999 -9999 -9999 -9999 -9999 -9999 -9999 -9999 0.055 0.054 0.053 0.052 0.044 0.042 0.049 0.049 0.047 0.053 0.063 0.058 0.06 0.047 0.039 0.038 0.036 0.03 0.026 0.024 0.029 0.037 0.041 0.039 0.038 0.04 0.044 0.044 0.051 0.059 0.062 0.063 0.061 0.065 0.071 0.075 0.079 0.084
-9999 -9999 -9999 -9999 -9999 -9999 -9999 -9999 -9999 -9999 -9999 -9999 -9999 -9999 -9999 -9999 -9999 -9999 -9999 -9999 0.055 0.06 0.064 0.066 0.061 0.049 0.041 0.031 0.032 0.031 0.034 -9999 -9999 0.056 0.058 0.059 0.058 0.054 0.054 0.053 0.047 0.038 0.044 0.051 0.05 0.048 0.056 0.065 0.069 0.073 0.06 0.043 0.043 0.041 0.036 0.029 0.027 0.025 0.032 0.041 0.039 0.036 0.038 0.039 0.04 0.039 0.047 0.055 0.056 0.056 0.059 0.063 0.067 0.071 0.076
-9999 -9999 -9999 -9999 -9999 -9999 -9999 -9999 -9999 -9999 -9999 -9999 -9999 -9999 -9999 -9999 -9999 -9999 -9999 0.052 0.058 0.068 0.072 0.069 0.065 0.058 0.053 0.047 0.046 0.037 0.04 0.041 0.05 0.055 0.057 0.055 0.053 0.055 0.058 0.064 0.06 0.057 0.059 0.051 0.054 0.064 0.071 0.072 0.073 0.067 0.055 0.042 0.044 0.043 0.041 0.036 0.037 0.037 0.041 0.048 0.047 0.045 0.038 0.034 0.041 0.044 0.052 0.06 0.06 0.059 0.062 0.066 0.067 0.069 0.071
-9999 -9999 -9999 -9999 -9999 -9999 -9999 -9999 -9999 -9999 -9999 -9999 -9999 -9999 -9999 -9999 -9999 -9999 -9999 0.055 0.061 0.07 0.07 0.069 0.065 0.06 0.058 0.054 0.049 0.041 0.042 0.043 0.048 0.053 0.052 0.05 0.053 0.054 0.06 0.066 0.065 0.063 0.057 0.049 0.058 0.068 0.07 0.072 0.068 0.062 0.053 0.04 0.041 0.041 0.04 0.036 0.038 0.039 0.043 0.047 0.047 0.046 0.039 0.03 0.036 0.043 0.05 0.058 0.058 0.056 0.06 0.063 0.064 0.064 0.066
-9999 -9999 -9999 -9999 -9999 -9999 -9999 -9999 -9999 -9999 -9999 -9999 -9999 -9999 -9999 -9999 -9999 -9999 -9999 0.053 0.06 0.072 0.071 0.067 0.063 0.057 0.057 0.059 0.053 0.04 0.041 0.043 0.051 0.067 0.064 0.058 0.059 0.057 0.062 0.066 0.066 0.064 0.061 0.061 0.069 0.077 0.075 0.062 0.061 0.065 0.056 0.044 0.045 0.045 0.048 0.048 0.046 0.046 0.039 0.036 0.042 0.045 0.049 0.047 0.047 0.051 0.051 0.055 0.056 0.056 0.061 0.066 0.066 0.066 0.072
-9999 -9999 -9999 -9999 -9999 -9999 -9999 -9999 -9999 -9999 -9999 -9999 -9999 -9999 -9999 0.023 0.035 -9999 0.054 0.052 0.06 0.07 0.069 0.065 0.061 0.054 0.058 0.061 0.052 0.04 0.041 0.042 0.055 0.07 0.065 0.059 0.058 0.056 0.06 0.064 0.064 0.063 0.063 0.063 0.07 0.078 0.068 0.055 0.06 0.064 0.055 0.043 0.044 0.044 0.047 0.05 0.048 0.045 0.039 0.03 0.035 0.042 0.046 0.05 0.051 0.051 0.051 0.05 0.051 0.052 0.057 0.062 0.063 0.062 0.068
-9999 -9999 -9999 -9999 -9999 -9999 -9999 -9999 -9999 -9999 -9999 -9999 -9999 -9999 -9999 0.047 0.061 0.066 0.069 0.067 0.073 0.069 0.071 0.08 0.078 0.076 0.076 0.066 0.061 0.056 0.059 0.066 0.073 0.066 0.062 0.058 0.056 0.055 0.059 0.062 0.059 0.049 0.051 0.056 0.06 0.062 0.057 0.058 0.061 0.061 0.057 0.06 0.057 0.055 0.049 0.047 0.054 0.056 0.046 0.035 0.046 0.055 0.054 0.055 0.057 0.058 0.059 0.059 0.073 0.082 0.093 0.103 0.087 0.078 0.074
-9999 -9999 -9999 -9999 -9999 -9999 -9999 -9999 -9999 -9999 -9999 -9999 -9999 -9999 0.029 0.055 0.063 0.071 0.072 0.072 0.07 0.067 0.075 0.084 0.085 0.084 0.077 0.067 0.065 0.06 0.067 0.074 0.069 0.063 0.06 0.056 0.054 0.053 0.056 0.059 0.052 0.042 0.046 0.051 0.052 0.054 0.055 0.057 0.057 0.057 0.06 0.064 0.061 0.056 0.051 0.043 0.05 0.057 0.047 0.035 0.045 0.057 0.056 0.054 0.056 0.057 0.058 0.059 0.073 0.089 0.1 0.113 0.099 0.079 0.076
-9999 -9999 -9999 -9999 -9999 -9999 -9999 -9999 -9999 -9999 -9999 -9999 -9999 -9999 -9999 0.09 0.097 0.093 0.093 0.082 0.078 0.065 0.075 0.086 0.086 0.083 0.08 0.083 0.082 0.074 0.078 0.075 0.07 0.061 0.058 0.056 0.053 0.048 0.048 0.045 0.04 0.04 0.045 0.054 0.055 0.054 0.056 0.055 0.059 0.069 0.068 0.068 0.075 0.077 0.072 0.067 0.053 0.049 0.058 -9999 0.061 0.07 0.074 0.076 0.077 0.079 0.073 0.07 0.075 0.087 0.088 0.094 0.086 0.067 0.074
-9999 -9999 -9999 -9999 -9999 -9999 -9999 -9999 -9999 -9999 -9999 -9999 -9999 -9999 0.078 0.101 0.102 0.1 0.093 0.083 0.074 0.062 0.072 0.083 0.082 0.08 0.084 0.088 0.084 0.077 0.077 0.074 0.068 0.059 0.057 0.054 0.05 0.045 0.042 0.037 0.037 0.037 0.045 0.053 0.053 0.053 0.052 0.052 0.061 0.072 0.07 0.067 0.074 0.081 0.078 0.072 0.06 0.044 0.052 0.062 -9999 0.071 -9999 0.08 -9999 0.083 -9999 0.07 0.075 0.081 0.082 0.083 0.074 0.06 -9999
-9999 -9999 -9999 -9999 -9999 -9999 -9999 -9999 -9999 -9999 -9999 -9999 -9999 -9999 0.075 0.083 0.086 0.095 0.089 0.081 0.072 0.058 0.068 0.077 0.077 0.074 0.082 0.097 0.093 0.083 0.081 0.075 0.072 0.076 0.075 0.072 0.067 0.055 0.05 0.038 0.041 0.048 0.057 0.066 0.067 0.066 0.066 0.062 0.069 0.072 0.071 0.071 0.075 0.081 0.086 0.087 0.087 0.076 0.069 0.072 -9999 -9999 0.075 0.078 -9999 -9999 0.072 0.064 0.065 -9999 -9999 -9999 -9999 -9999 -9999
-9999 -9999 -9999 -9999 -9999 -9999 -9999 -9999 -9999 -9999 -9999 -9999 -9999 0.049 0.057 0.07 0.079 0.088 0.083 0.076 0.066 0.054 0.062 0.072 0.071 0.069 0.083 0.098 0.093 0.083 0.079 0.073 0.077 0.082 0.08 0.078 0.069 0.057 0.049 0.037 0.044 0.051 0.06 0.069 0.07 0.069 0.067 0.063 0.066 0.069 0.07 0.069 0.074 0.078 0.083 0.089 0.089 -9999 -9999 -9999 0.073 -9999 -9999 -9999 -9999 -9999 -9999 0.058 -9999 -9999 -9999 -9999 -9999 -9999 -9999
-9999 -9999 -9999 -9999 -9999 -9999 -9999 -9999 -9999 -9999 -9999 -9999 0.038 0.052 0.062 0.067 0.074 0.076 0.071 0.061 0.056 0.054 0.061 0.063 0.064 0.063 0.074 0.081 0.079 0.08 0.074 0.061 0.062 0.059 0.059 -9999 -9999 -9999 -9999 -9999 0.048 0.053 0.061 0.075 0.075 0.071 0.067 0.06 0.066 0.079 -9999 0.065 -9999 -9999 -9999 -9999 -9999 0.071 0.068 0.074 0.083 0.085 0.075 -9999 -9999 -9999 -9999 -9999 -9999 -9999 -9999 -9999 -9999 -9999 -9999
-9999 -9999 -9999 -9999 -9999 -9999 -9999 -9999 -9999 -9999 -9999 0.035 0.043 0.049 0.056 0.06 0.064 0.067 0.061 0.052 0.052 0.051 0.054 0.057 0.058 0.059 0.065 0.071 0.075 0.077 0.067 0.054 -9999 -9999 -9999 -9999 -9999 -9999 -9999 -9999 -9999 -9999 0.065 0.075 0.072 0.069 0.064 0.056 0.067 0.08 0.072 -9999 -9999 -9999 -9999 -9999 -9999 -9999 0.065 0.071 0.08 0.081 -9999 -9999 -9999 -9999 -9999 -9999 -9999 -9999 -9999 -9999 -9999 -9999 -9999
-9999 -9999 -9999 -9999 -9999 -9999 -9999 -9999 -9999 0.008 0.022 0.013 0.022 0.038 0.043 0.043 0.051 0.068 0.065 0.06 0.058 0.047 0.047 0.04 0.043 0.052 0.06 0.074 0.081 0.089 -9999 -9999 -9999 -9999 -9999 -9999 -9999 -9999 -9999 -9999 -9999 -9999 -9999 0.072 -9999 -9999 -9999 -9999 -9999 0.055 0.051 -9999 -9999 -9999 -9999 -9999 -9999 -9999 -9999 -9999 0.056 0.045 -9999 -9999 -9999 -9999 -9999 -9999 -9999 -9999 -9999 -9999 -9999 -9999 -9999
-9999 -9999 -9999 -9999 -9999 -9999 -9999 -9999 -0.007 -9999 0.002 -0.001 0.012 0.028 0.03 0.03 0.047 0.063 0.063 0.06 0.053 0.042 0.037 0.03 0.038 0.047 0.059 0.073 0.083 0.091 -9999 -9999 -9999 -9999 -9999 -9999 -9999 -9999 -9999 -9999 -9999 -9999 -9999 -9999 0.061 -9999 -9999 -9999 -9999 -9999 -9999 -9999 -9999 -9999 -9999 -9999 -9999 -9999 -9999 -9999 -9999 -9999 -9999 -9999 -9999 -9999 -9999 -9999 -9999 -9999 -9999 -9999 -9999 -9999 -9999
-9999 -9999 -9999 -9999 -9999 -9999 -9999 -0.021 -0.009 -0.001 -0.002 -0.004 0.006 0.014 0.022 0.042 0.051 0.042 0.042 -9999 0.042 0.047 0.047 0.05 0.054 0.046 0.058 0.071 0.081 -9999 -9999 -9999 -9999 -9999 -9999 -9999 -9999 -9999 -9999 -9999 -9999 -9999 -9999 -9999 -9999 -9999 -9999 -9999 -9999 -9999 -9999 -9999 -9999 -9999 -9999 -9999 -9999 -9999 -9999 -9999 -9999 -9999 -9999 -9999 -9999 -9999 -9999 -9999 -9999 -9999 -9999 -9999 -9999 -9999 -9999
-9999 -9999 -9999 -9999 -9999 -9999 -9999 -0.023 -0.017 -0.008 -0.008 -0.009 -0.003 0.004 0.02 0.041 0.036 0.028 0.031 0.032 0.039 0.046 0.05 0.055 0.05 0.043 0.055 0.067 0.077 -9999 -9999 -9999 -9999 -9999 -9999 -9999 -9999 -9999 -9999 -9999 -9999 -9999 -9999 -9999 -9999 -9999 -9999 -9999 -9999 -9999 -9999 -9999 -9999 -9999 -9999 -9999 -9999 -9999 -9999 -9999 -9999 -9999 -9999 -9999 -9999 -9999 -9999 -9999 -9999 -9999 -9999 -9999 -9999 -9999 -9999
-9999 -9999 -9999 -9999 -9999 -9999 -0.028 -0.007 -0.007 -0.026 -0.027 -0.03 -0.022 -0.01 0.003 0.018 0.014 0.012 0.016 0.021 0.029 0.039 0.046 0.056 0.054 0.05 0.063 0.077 -9999 -9999 -9999 -9999 -9999 -9999 -9999 -9999 -9999 -9999 -9999 -9999 -9999 -9999 -9999 -9999 -9999 -9999 -9999 -9999 -9999 -9999 -9999 -9999 -9999 -9999 -9999 -9999 -9999 -9999 -9999 -9999 -9999 -9999 -9999 -9999 -9999 -9999 -9999 -9999 -9999 -9999 -9999 -9999 -9999 -9999 -9999
