Validation/Results/raw data/ReClimate_03_2024_2_Precipitation-Actuals.asc
NCOLS 192
NROWS 249
XLLCENTER -225160.85627316462
YLLCENTER 29788.11610251502
CELLSIZE 5000.0
NODATA_VALUE -9999
[rows 132 to 164 of 249, columns 75 to 149 of 192]
-9999 -9999 -9999 -9999 -9999 -9999 -9999 -9999 -9999 -9999 -9999 -9999 80.045 85.413 95.478 99.944 102.981 105.006 118.81 126.308 131.589 128.514 101.042 92.513 96.638 102.479 98.512 92.784 90.118 95.524 87.719 83.767 78.616 84.464 91.358 97.951 96.958 88.328 90.123 88.872 87.858 94.995 91.536 84.789 79.249 74.797 71.378 63.857 59.87 60.76 58.557 54.782 53.321 58.794 52.648 48.297 45.196 -9999 -9999 -9999 -9999 -9999 -9999 -9999 -9999 -9999 -9999 -9999 -9999 -9999 -9999 -9999 -9999 -9999 -9999
-9999 -9999 -9999 -9999 -9999 -9999 -9999 -9999 -9999 -9999 -9999 -9999 82.05 103.273 97.269 95.523 93.217 94.541 111.313 143.931 148.013 122.613 107.861 95.534 97.022 97.109 97.487 102.153 86.692 81.613 80.574 78.923 81.519 82.564 90.611 91.99 86.06 80.779 81.814 80.157 82.479 82.851 84.018 84.412 80.418 76.554 67.089 61.211 58.353 56.312 55.259 54.624 51.666 50.111 50.901 48.236 45.725 -9999 -9999 -9999 -9999 -9999 -9999 -9999 -9999 -9999 -9999 -9999 -9999 -9999 -9999 -9999 -9999 -9999 -9999
-9999 -9999 -9999 -9999 -9999 -9999 -9999 -9999 -9999 -9999 -9999 80.186 97.89 96.995 95.501 91.868 88.409 89.59 110.124 128.307 124.923 129.787 111.786 100.99 92.073 91.429 97.552 89.386 85.544 79.518 74.854 79.352 77.314 79.506 82.155 82.749 78.221 73.893 72.78 75.193 72.055 76.668 83.266 78.261 73.695 71.34 67.984 61.584 59.096 55.603 50.392 52.083 53.373 48.44 47.842 48.916 47.091 44.61 -9999 -9999 -9999 -9999 -9999 -9999 -9999 -9999 -9999 -9999 -9999 -9999 -9999 -9999 -9999 -9999 -9999
-9999 -9999 -9999 -9999 -9999 -9999 -9999 -9999 -9999 -9999 75.002 -9999 85.864 94.202 91.782 88.122 82.814 79.926 90.019 96.534 117.254 128.792 113.972 97.203 86.178 82.666 80.536 81.346 84.019 84.093 80.511 79.368 72.27 69.851 69.233 69.057 67.485 64.442 65.518 65.776 67.58 70.68 68.043 67.069 67.465 65.855 61.82 57.694 52.337 52.767 54.892 51.553 52.097 51.125 48.997 49.62 47.679 45.827 -9999 -9999 -9999 -9999 -9999 -9999 -9999 -9999 -9999 -9999 -9999 -9999 -9999 -9999 -9999 -9999 -9999
79.767 -9999 -9999 -9999 -9999 -9999 -9999 -9999 -9999 -9999 73.079 -9999 78.16 82.333 80.971 78.869 77.693 79.546 77.655 85.442 106.882 113.386 109.039 101.453 87.295 77.358 77.989 81.399 90.411 94.612 -9999 -9999 -9999 -9999 -9999 -9999 62.459 60.164 61.141 63.162 64.459 63.74 66.54 70.213 64.492 61.174 61.888 55.417 54.938 55.306 50.555 51.012 50.26 51.204 47.81 47.709 47.163 46.182 44.849 -9999 -9999 -9999 -9999 -9999 -9999 -9999 -9999 -9999 -9999 -9999 -9999 -9999 -9999 -9999 -9999
84.065 67.496 -9999 -9999 -9999 -9999 -9999 -9999 -9999 -9999 72.2 71.124 68.55 68.728 74.49 75.663 78.774 76.23 72.279 78.464 93.727 106.367 102.504 101.445 89.122 79.848 81.349 77.716 84.143 79.791 -9999 -9999 -9999 -9999 61.956 62.382 60.783 59.137 59.347 60.137 61.657 66.627 76.901 78.663 69.115 68.508 61.322 60.951 60.286 56.363 51.948 53.209 52.464 51.736 56.247 52.704 48.139 47.627 45.153 -9999 -9999 -9999 -9999 -9999 -9999 -9999 -9999 -9999 -9999 -9999 -9999 -9999 -9999 -9999 -9999
78.423 71.555 65.43 -9999 -9999 -9999 -9999 -9999 -9999 -9999 71.027 65.607 63.518 -9999 -9999 77.406 76.957 72.001 69.997 -9999 76.879 83.54 86.502 87.849 76.187 78.789 75.83 71.652 -9999 -9999 -9999 -9999 -9999 62.252 61.565 60.717 58.47 59.026 57.648 57.225 62.325 71.489 87.082 89.734 80.622 75.872 67.041 64.284 59.424 58.808 60.399 53.453 56.422 55.297 56.229 55.342 51.149 48.602 46.678 -9999 -9999 -9999 -9999 -9999 -9999 -9999 -9999 -9999 -9999 -9999 -9999 -9999 -9999 -9999 -9999
81.713 79.571 69.909 -9999 -9999 -9999 -9999 -9999 -9999 -9999 -9999 65.182 59.67 -9999 -9999 -9999 70.116 68.191 68.943 64.618 -9999 -9999 73.498 73.803 74.948 75.584 75.378 -9999 -9999 -9999 -9999 -9999 66.561 62.957 62.051 61.116 60.349 59.874 57.302 59.131 63.413 69.113 81.947 84.85 89.983 80.252 76.991 73.206 69.218 66.999 66.385 61.513 55.252 56.673 56.038 52.897 49.954 50.561 49.806 -9999 -9999 -9999 -9999 -9999 -9999 -9999 -9999 -9999 -9999 -9999 -9999 -9999 -9999 -9999 -9999
75.369 72.071 -9999 -9999 -9999 -9999 -9999 -9999 -9999 -9999 -9999 -9999 59.151 -9999 -9999 -9999 -9999 63.317 69.596 66.475 -9999 -9999 -9999 69.823 67.633 -9999 -9999 -9999 -9999 -9999 -9999 -9999 65.32 63.763 65.013 66.168 67.91 65.299 61.916 60.461 62.095 66.619 68.738 80.908 84.222 81.684 87.667 82.539 77.055 67.857 68.338 67.077 59.638 54.871 52.991 50.023 48.586 50.335 49.049 -9999 -9999 -9999 -9999 -9999 -9999 -9999 -9999 -9999 -9999 -9999 -9999 -9999 -9999 -9999 -9999
68.038 -9999 -9999 -9999 -9999 -9999 -9999 -9999 -9999 -9999 -9999 -9999 64.527 -9999 -9999 -9999 -9999 -9999 65.6 62.892 -9999 -9999 -9999 -9999 -9999 -9999 -9999 -9999 -9999 -9999 -9999 -9999 67.132 71.366 73.918 78.319 78.92 76.831 70.699 66.247 62.401 61.411 69.652 83.529 94.512 99.296 93.633 83.807 69.053 66.392 62.745 59.246 57.75 56.7 53.248 48.574 48.121 50.682 51.356 46.716 -9999 -9999 -9999 -9999 -9999 -9999 -9999 -9999 -9999 -9999 -9999 -9999 -9999 -9999 -9999
-9999 66.672 66.49 64.199 59.279 -9999 -9999 -9999 -9999 -9999 -9999 -9999 65.02 -9999 -9999 -9999 -9999 -9999 -9999 -9999 -9999 -9999 -9999 -9999 -9999 -9999 -9999 -9999 -9999 -9999 -9999 69.319 74.618 72.966 75.401 78.951 92.356 89.212 83.298 69.712 63.256 63.4 59.041 74.277 94.225 102.42 97.355 81.9 86.723 83.673 70.304 64.111 54.398 52.413 53.127 51.871 50.483 49.976 51.339 49.398 45.179 -9999 -9999 -9999 -9999 -9999 -9999 -9999 -9999 -9999 -9999 -9999 -9999 -9999 -9999
66.453 68.288 65.647 60.36 58.254 -9999 -9999 -9999 -9999 -9999 -9999 -9999 -9999 -9999 -9999 -9999 -9999 -9999 -9999 -9999 -9999 -9999 -9999 -9999 -9999 -9999 -9999 -9999 -9999 -9999 68.533 70.844 75.426 77.251 82.719 96.902 119.949 111.142 90.011 77.821 67.993 58.234 58.044 66.432 85.934 105.501 93.423 87.576 83.128 74.194 71.038 65.618 59.869 50.637 50.051 48.943 48.208 48.185 48.27 44.588 42.208 -9999 -9999 -9999 -9999 -9999 -9999 -9999 -9999 -9999 -9999 -9999 -9999 -9999 -9999
68.1 66.659 63.22 -9999 55.755 56.475 -9999 -9999 -9999 -9999 -9999 -9999 -9999 -9999 -9999 -9999 -9999 -9999 -9999 -9999 -9999 -9999 -9999 -9999 -9999 -9999 -9999 -9999 -9999 -9999 79.399 78.94 83.83 101.709 111.16 112.849 108.506 111.536 104.718 87.554 75.695 66.861 59.926 61.616 75.827 85.402 95.415 87.747 78.263 68.55 64.377 57.754 54.852 51.862 49.974 48.862 47.173 45.216 45.168 41.706 39.838 40.547 40.913 -9999 -9999 -9999 -9999 -9999 -9999 -9999 -9999 -9999 -9999 -9999 -9999
69.49 66.519 62.222 -9999 -9999 58.845 -9999 -9999 -9999 -9999 -9999 -9999 -9999 -9999 -9999 -9999 -9999 -9999 -9999 -9999 -9999 -9999 -9999 -9999 -9999 -9999 -9999 -9999 -9999 -9999 82.785 85.411 96.118 107.077 119.148 122.256 131.443 133.497 117.973 104.531 95.284 76.231 65.092 57.385 58.519 70.611 75.424 71.775 71.644 66.519 57.558 53.625 50.084 48.269 47.787 47.285 44.833 43.514 43.947 45.178 44.058 48.353 48.448 45.676 43.76 47.886 -9999 -9999 -9999 -9999 -9999 -9999 -9999 -9999 -9999
69.088 66.592 59.285 58.787 -9999 58.136 -9999 -9999 -9999 -9999 -9999 -9999 -9999 -9999 -9999 -9999 -9999 -9999 -9999 -9999 -9999 -9999 -9999 -9999 -9999 -9999 -9999 -9999 -9999 66.917 83.339 95.36 113.774 148.579 168.833 170.126 144.469 140.438 137.398 134.305 111.678 101.485 79.321 63.333 60.781 64.829 59.924 64.126 69.881 64.613 57.589 53.567 50.345 48.193 46.421 45.738 44.018 42.898 43.115 45.408 45.993 48.007 55.957 55.25 52.563 52.683 48.409 49.43 -9999 -9999 -9999 -9999 -9999 -9999 -9999
70.574 62.875 60.58 -9999 58.192 -9999 -9999 -9999 -9999 -9999 -9999 -9999 -9999 -9999 -9999 -9999 -9999 -9999 -9999 -9999 -9999 -9999 -9999 -9999 -9999 -9999 -9999 -9999 -9999 -9999 69.121 86.284 114.804 144.978 169.116 187.533 187.667 143.606 141.23 127.519 132.011 115.494 88.962 77.25 73.041 67.458 68.162 82.787 73.468 70.098 70.372 64.82 55.939 51.379 48.727 45.763 44.823 44.077 45.436 45.559 44.389 44.299 51.421 53.228 52.262 52.515 52.591 50.692 49.537 -9999 -9999 -9999 -9999 -9999 -9999
70.066 64.227 61.402 60.605 61.265 -9999 -9999 -9999 -9999 -9999 -9999 -9999 -9999 -9999 -9999 -9999 -9999 -9999 -9999 -9999 -9999 -9999 -9999 -9999 -9999 -9999 -9999 -9999 -9999 -9999 -9999 73.476 92.429 114.496 147.102 173.661 156.954 125.806 111.085 117.449 116.234 97.269 90.745 91.618 85.577 78.808 87.833 85.61 82.21 86.169 77.922 67.876 63.547 56.652 51.442 46.847 45.322 45.425 45.724 48.336 53.949 53.623 59.454 65.15 60.702 59.811 53.163 52.237 50.7 50.33 -9999 -9999 -9999 -9999 -9999
75.686 69.638 60.894 60.922 -9999 -9999 -9999 -9999 -9999 -9999 -9999 -9999 -9999 -9999 -9999 -9999 -9999 -9999 -9999 -9999 -9999 -9999 -9999 -9999 -9999 -9999 -9999 -9999 -9999 -9999 -9999 67.452 79.472 94.711 112.942 143.958 140.759 112.466 105.443 99.873 90.234 86.654 85.979 91.656 103.142 94.102 96.504 96.789 88.557 77.068 68.911 64.857 61.927 58.428 50.483 46.272 45.679 46.058 47.934 51.016 56.29 60.146 59.545 60.904 60.577 62.044 59.89 54.255 53.325 51.918 51.331 -9999 -9999 -9999 -9999
79.074 68.086 62.476 59.569 -9999 -9999 -9999 -9999 -9999 -9999 -9999 -9999 -9999 -9999 -9999 -9999 -9999 -9999 -9999 -9999 -9999 -9999 -9999 -9999 -9999 -9999 -9999 -9999 -9999 -9999 -9999 -9999 76.213 84.677 100.553 119.232 103.555 105.448 93.984 88.008 84.59 79.731 81.507 91.331 94.447 103.625 95.737 92.751 85.339 77.988 72.306 69.647 58.967 55.136 49.011 46.861 46.273 46.396 49.661 53.382 54.669 58.121 60.559 60.921 58.139 56.691 57.505 56.985 53.654 54.465 52.919 -9999 -9999 -9999 -9999
-9999 -9999 -9999 -9999 -9999 -9999 -9999 -9999 -9999 -9999 -9999 -9999 -9999 -9999 -9999 -9999 -9999 -9999 -9999 -9999 -9999 -9999 -9999 -9999 -9999 -9999 -9999 -9999 -9999 -9999 -9999 -9999 72.554 86.796 94.032 85.097 92.939 88.139 91.536 89.649 78.424 79.099 79.766 84.759 109.173 96.687 94.704 91.151 88.598 75.856 70.983 65.344 60.515 53.871 50.365 46.712 45.535 45.407 46.448 51.806 56.133 56.021 56.009 55.423 53.993 54.411 54.02 56.888 54.963 50.709 50.421 48.471 -9999 -9999 -9999
-9999 -9999 -9999 -9999 -9999 -9999 -9999 -9999 -9999 -9999 -9999 -9999 -9999 -9999 -9999 -9999 -9999 -9999 -9999 -9999 -9999 -9999 -9999 -9999 -9999 -9999 -9999 -9999 -9999 -9999 -9999 -9999 -9999 80.283 75.946 73.768 75.307 81.822 82.047 72.817 71.034 75.324 77.147 89.106 100.9 103.955 97.885 89.644 92.384 88.581 82.021 71.631 69.066 62.528 54.395 48.77 45.383 43.808 43.46 45.5 53.662 56.87 53.406 49.019 47.556 47.184 46.994 47.507 49.858 46.936 44.76 43.948 -9999 -9999 -9999
-9999 -9999 -9999 -9999 -9999 -9999 -9999 -9999 -9999 -9999 -9999 -9999 -9999 -9999 -9999 -9999 -9999 -9999 -9999 -9999 -9999 -9999 -9999 -9999 -9999 -9999 -9999 -9999 -9999 -9999 -9999 -9999 -9999 71.088 -9999 70.02 72.061 69.833 66.487 -9999 67.978 72.237 75.528 84.938 100.652 104.146 96.006 98.012 94.473 92.743 96.894 84.611 75.314 69.415 62.172 52.191 47.349 45.627 43.029 44.182 47.838 51.679 51.069 49.052 45.862 42.258 42.045 44.176 45.409 44.681 48.482 49.106 45.942 -9999 -9999
-9999 -9999 -9999 -9999 -9999 -9999 -9999 -9999 -9999 -9999 -9999 -9999 -9999 -9999 -9999 -9999 -9999 -9999 -9999 -9999 -9999 -9999 -9999 -9999 -9999 -9999 -9999 -9999 -9999 -9999 -9999 -9999 -9999 -9999 67.109 70.494 -9999 -9999 -9999 -9999 64.35 66.457 66.381 76.4 82.098 91.828 98.96 93.935 95.402 89.93 88.412 93.761 81.575 71.913 63.762 56.248 49.484 47.205 45.626 44.771 47.365 49.578 51.495 50.144 49.178 46.43 42.702 44.589 46.621 46.654 46.254 54.628 53.934 49.461 46.202
-9999 -9999 -9999 -9999 -9999 -9999 -9999 -9999 -9999 -9999 -9999 -9999 -9999 -9999 -9999 -9999 -9999 -9999 -9999 -9999 -9999 -9999 -9999 -9999 -9999 -9999 -9999 -9999 -9999 -9999 -9999 -9999 -9999 -9999 61.57 63.295 -9999 -9999 -9999 -9999 63.014 64.343 64.619 67.395 74.088 82.221 74.326 79.5 90.7 85.973 81.305 88.311 82.482 74.933 65.578 58.338 50.246 46.573 45.798 45.288 48.367 48.656 48.891 49.946 50.953 49.447 47.227 47.113 48.163 49.354 49.4 51.669 54.172 48.794 44.329
-9999 -9999 -9999 -9999 -9999 -9999 -9999 -9999 -9999 -9999 -9999 -9999 -9999 -9999 -9999 -9999 -9999 -9999 -9999 -9999 -9999 -9999 -9999 -9999 -9999 -9999 -9999 -9999 -9999 -9999 -9999 -9999 -9999 -9999 59.677 -9999 -9999 -9999 -9999 62.224 63.806 66.686 76.718 82.16 83.773 79.327 71.574 82.18 86.698 77.144 77.602 74.696 75.725 71.536 64.769 57.159 50.966 47.131 46.916 45.366 44.703 46.945 46.336 47.061 48.414 51.458 53.631 52.244 51.181 49.98 49.806 47.892 48.423 44.96 -9999
-9999 -9999 -9999 -9999 -9999 -9999 -9999 -9999 -9999 -9999 -9999 -9999 -9999 -9999 -9999 -9999 -9999 -9999 -9999 -9999 -9999 -9999 -9999 -9999 -9999 -9999 -9999 -9999 -9999 -9999 -9999 -9999 -9999 -9999 -9999 -9999 -9999 -9999 -9999 60.441 63.971 78.84 91.738 97.646 92.938 82.589 77.653 72.108 72.109 69.602 70.283 72.783 70.941 69.992 65.065 57.797 53.383 49.645 47.647 45.992 44.257 45.025 46.001 46.553 47.993 49.811 55.71 58.082 50.799 48.906 47.941 46.617 45.077 44.07 -9999
-9999 -9999 -9999 -9999 -9999 -9999 -9999 -9999 -9999 -9999 -9999 -9999 -9999 -9999 -9999 -9999 -9999 -9999 -9999 -9999 -9999 -9999 -9999 -9999 -9999 -9999 -9999 -9999 -9999 -9999 -9999 -9999 -9999 -9999 -9999 -9999 -9999 -9999 -9999 59.846 67.395 80.372 96.347 102.94 94.135 83.486 71.155 69.296 67.474 64.042 64.567 63.684 67.796 65.459 63.969 58.451 53.429 49.899 47.391 47.011 45.18 45.597 46.391 46.182 47.498 48.837 52.01 56.05 52.679 48.509 48.91 47.148 45.059 43.329 -9999
-9999 -9999 -9999 -9999 -9999 -9999 -9999 -9999 -9999 -9999 -9999 -9999 -9999 -9999 -9999 -9999 -9999 -9999 -9999 -9999 -9999 -9999 -9999 -9999 -9999 -9999 -9999 -9999 -9999 -9999 -9999 -9999 -9999 -9999 -9999 -9999 -9999 -9999 58.692 60.764 69.215 81.833 96.777 103.466 89.126 82.575 71.04 68.916 64.244 64.06 64.437 66.429 62.832 61.501 56.857 55.102 50.195 49.025 47.03 45.816 46.114 44.905 45.367 45.761 46.562 47.295 48.467 52.133 51.711 49.506 47.203 46.401 47.546 44.004 41.236
-9999 -9999 -9999 -9999 -9999 -9999 -9999 -9999 -9999 -9999 -9999 -9999 -9999 -9999 -9999 -9999 -9999 -9999 -9999 -9999 -9999 -9999 -9999 -9999 -9999 -9999 -9999 -9999 -9999 -9999 -9999 -9999 -9999 -9999 -9999 -9999 -9999 -9999 59.889 60.593 65.654 75.224 89.008 79.905 76.276 70.983 74.982 77.264 70.547 68.6 67.401 63.914 62.393 59.778 58.979 57.403 54.809 49.982 48.831 47.185 45.561 45.047 44.486 43.957 42.146 42.972 45.404 48.164 50.358 49.54 47.861 45.649 45.409 46.102 41.346
-9999 -9999 -9999 -9999 -9999 -9999 -9999 -9999 -9999 -9999 -9999 -9999 -9999 -9999 -9999 -9999 -9999 -9999 -9999 -9999 -9999 -9999 -9999 -9999 -9999 -9999 -9999 -9999 -9999 -9999 -9999 -9999 -9999 -9999 -9999 -9999 -9999 59.779 58.999 58.973 62.475 70.888 73.955 73.259 69.819 70.608 74.154 72.644 69.973 69.123 71.588 66.954 58.541 57.665 55.854 55.081 54.914 53.972 49.932 47.994 45.774 44.71 44.537 43.795 40.91 39.408 42.765 46.543 48.902 49.76 47.843 45.912 45.574 45.802 44.223
-9999 -9999 -9999 -9999 -9999 -9999 -9999 -9999 -9999 -9999 -9999 -9999 -9999 -9999 -9999 -9999 -9999 -9999 -9999 -9999 -9999 -9999 -9999 -9999 -9999 -9999 -9999 -9999 -9999 -9999 -9999 -9999 -9999 -9999 -9999 -9999 -9999 55.976 58.094 58.562 61.45 65.449 68.074 68.154 69.849 70.648 69.12 70.196 70.065 82.227 79.989 71.978 64.006 56.829 56.729 52.688 50.16 51.694 51.598 48.138 44.824 44.644 45.421 44.307 43.594 41.956 42.09 44.49 47.857 49.68 49.486 46.924 45.669 44.224 43.945
-9999 -9999 -9999 -9999 -9999 -9999 -9999 -9999 -9999 -9999 -9999 -9999 -9999 -9999 -9999 -9999 -9999 -9999 -9999 -9999 -9999 -9999 -9999 -9999 -9999 -9999 -9999 -9999 -9999 -9999 -9999 -9999 -9999 -9999 -9999 -9999 -9999 56.134 56.88 58.736 60.388 62.338 64.648 67.575 70.016 70.303 74.585 83.915 83.997 85.636 78.869 71.244 64.077 57.756 57.505 56.738 51.771 49.917 48.28 47.454 45.946 45.037 45.672 43.436 45.211 46.062 44.506 43.955 45.348 47.792 48.718 47.598 45.635 43.854 42.819
-9999 -9999 -9999 -9999 -9999 -9999 -9999 -9999 -9999 -9999 -9999 -9999 -9999 -9999 -9999 -9999 -9999 -9999 -9999 -9999 -9999 -9999 -9999 -9999 -9999 -9999 -9999 -9999 -9999 -9999 -9999 -9999 -9999 -9999 -9999 -9999 -9999 -9999 56.815 57.807 56.481 55.817 65.853 74.674 79.932 82.814 89.985 81.519 85.814 80.537 77.442 69.208 59.118 56.424 51.273 54.093 51.729 49.31 48.914 46.619 46.488 46.547 46.233 45.382 45.612 47.853 45.572 42.808 43.612 44.565 46.013 -9999 44.79 -9999 42.693
