Validation/Results/raw data/ReClimate_03_2024_2weatherlogisticsltd.asc
NCOLS 192
NROWS 249
XLLCENTER -225160.85627316462
YLLCENTER 29788.11610251502
CELLSIZE 5000.0
NODATA_VALUE -9999
[rows 66 to 98 of 249, columns 75 to 149 of 192]
-9999 -9999 -9999 -9999 -9999 -9999 -9999 -9999 -9999 -9999 96.059 -9999 95.942 95.88 95.821 95.771 95.722 95.733 95.831 95.945 95.991 96.03 96.062 96.087 96.107 96.121 96.13 96.134 96.133 96.128 96.12 -9999 -9999 -9999 -9999 -9999 -9999 -9999 -9999 -9999 -9999 -9999 -9999 -9999 -9999 -9999 -9999 -9999 -9999 -9999 -9999 -9999 -9999 -9999 -9999 -9999 -9999 -9999 -9999 -9999 -9999 -9999 -9999 -9999 -9999 -9999 -9999 -9999 -9999 -9999 -9999 -9999 -9999 -9999 -9999
-9999 -9999 -9999 -9999 -9999 -9999 -9999 -9999 -9999 -9999 -9999 96.021 95.949 95.864 95.818 95.867 95.915 95.98 96.063 96.105 96.157 96.213 96.244 96.269 96.289 96.304 96.315 96.321 96.323 -9999 -9999 -9999 -9999 -9999 -9999 -9999 -9999 -9999 -9999 -9999 -9999 -9999 -9999 -9999 -9999 -9999 -9999 -9999 -9999 -9999 -9999 -9999 -9999 -9999 -9999 -9999 -9999 -9999 -9999 -9999 -9999 -9999 -9999 -9999 -9999 -9999 -9999 -9999 -9999 -9999 -9999 -9999 -9999 -9999 -9999
-9999 -9999 -9999 -9999 -9999 -9999 -9999 -9999 -9999 -9999 -9999 96.038 95.976 95.906 95.972 96.051 96.118 96.187 96.23 96.254 96.322 96.389 96.419 96.443 96.464 96.479 96.491 96.5 96.502 -9999 -9999 -9999 -9999 -9999 -9999 -9999 -9999 -9999 -9999 -9999 -9999 -9999 -9999 -9999 -9999 -9999 -9999 -9999 -9999 -9999 -9999 -9999 -9999 -9999 -9999 -9999 -9999 -9999 -9999 -9999 -9999 -9999 -9999 -9999 -9999 -9999 -9999 -9999 -9999 -9999 -9999 -9999 -9999 -9999 -9999
-9999 -9999 -9999 -9999 -9999 -9999 -9999 -9999 -9999 -9999 -9999 -9999 -9999 96.073 96.16 96.229 96.306 96.38 96.399 96.392 96.47 96.551 96.582 96.611 96.631 96.648 96.661 -9999 -9999 -9999 -9999 -9999 -9999 -9999 -9999 -9999 -9999 -9999 -9999 -9999 -9999 -9999 -9999 -9999 -9999 -9999 -9999 -9999 -9999 -9999 -9999 -9999 -9999 -9999 -9999 -9999 -9999 -9999 -9999 -9999 -9999 -9999 -9999 -9999 -9999 -9999 -9999 -9999 -9999 -9999 -9999 -9999 -9999 -9999 -9999
-9999 -9999 -9999 -9999 -9999 -9999 -9999 96.197 -9999 -9999 96.141 96.125 96.164 96.241 96.319 96.417 96.492 96.557 96.569 96.59 96.656 96.706 96.74 96.773 96.794 96.811 96.826 -9999 -9999 -9999 -9999 -9999 -9999 -9999 -9999 -9999 -9999 -9999 -9999 -9999 -9999 -9999 -9999 -9999 -9999 -9999 -9999 -9999 -9999 -9999 -9999 -9999 -9999 -9999 -9999 -9999 -9999 -9999 -9999 -9999 -9999 -9999 -9999 -9999 -9999 -9999 -9999 -9999 -9999 -9999 -9999 -9999 -9999 -9999 -9999
-9999 -9999 -9999 -9999 -9999 95.994 96.047 96.2 96.189 96.179 96.172 96.256 96.355 96.442 96.535 96.606 96.672 96.726 96.761 96.801 96.846 96.877 96.909 96.932 96.952 96.97 96.985 -9999 -9999 -9999 -9999 -9999 -9999 -9999 -9999 -9999 -9999 -9999 -9999 -9999 -9999 -9999 -9999 -9999 -9999 -9999 -9999 -9999 -9999 -9999 -9999 -9999 -9999 -9999 -9999 -9999 -9999 -9999 -9999 -9999 -9999 -9999 -9999 -9999 -9999 -9999 -9999 -9999 -9999 -9999 -9999 -9999 -9999 -9999 -9999
-9999 -9999 -9999 -9999 -9999 95.743 96.02 -9999 96.127 96.138 96.248 96.419 96.541 96.641 96.717 96.784 96.842 96.893 96.938 96.977 97.011 97.04 97.066 97.088 97.108 97.125 -9999 97.157 -9999 -9999 -9999 -9999 -9999 -9999 -9999 -9999 -9999 -9999 -9999 -9999 -9999 -9999 -9999 -9999 -9999 -9999 -9999 -9999 -9999 -9999 -9999 -9999 -9999 -9999 -9999 -9999 -9999 -9999 -9999 -9999 -9999 -9999 -9999 -9999 -9999 -9999 -9999 -9999 -9999 -9999 -9999 -9999 -9999 -9999 -9999
-9999 -9999 -9999 -9999 -9999 -9999 95.852 95.951 95.948 96.029 96.247 96.432 96.581 96.693 96.795 96.889 96.981 97.058 97.102 97.138 97.17 97.198 97.222 97.243 97.262 97.278 97.294 97.309 -9999 -9999 -9999 -9999 -9999 -9999 -9999 -9999 -9999 -9999 -9999 -9999 -9999 -9999 -9999 -9999 -9999 -9999 -9999 -9999 -9999 -9999 -9999 -9999 -9999 -9999 -9999 -9999 -9999 -9999 -9999 -9999 -9999 -9999 -9999 -9999 -9999 -9999 -9999 -9999 -9999 -9999 -9999 -9999 -9999 -9999 -9999
-9999 -9999 -9999 -9999 -9999 -9999 -9999 95.729 95.77 95.975 96.192 96.391 96.56 96.692 96.809 96.921 97.027 97.114 97.197 97.274 97.331 97.357 97.379 97.399 97.415 97.431 97.445 97.463 -9999 -9999 -9999 -9999 -9999 -9999 -9999 -9999 -9999 -9999 -9999 -9999 -9999 -9999 -9999 -9999 -9999 -9999 -9999 -9999 -9999 -9999 -9999 -9999 -9999 -9999 -9999 -9999 -9999 -9999 -9999 -9999 -9999 -9999 -9999 -9999 -9999 -9999 -9999 -9999 -9999 -9999 -9999 -9999 -9999 -9999 -9999
-9999 -9999 -9999 -9999 -9999 95.147 95.326 95.479 95.685 95.917 96.135 96.341 96.523 96.679 96.801 96.916 97.025 97.131 97.233 97.329 97.408 97.483 97.539 97.557 97.571 -9999 97.598 -9999 -9999 -9999 -9999 -9999 -9999 97.752 97.781 97.815 -9999 -9999 -9999 -9999 -9999 -9999 -9999 -9999 -9999 -9999 -9999 -9999 -9999 -9999 -9999 -9999 -9999 -9999 -9999 -9999 -9999 -9999 -9999 -9999 -9999 -9999 -9999 -9999 -9999 -9999 -9999 -9999 -9999 -9999 -9999 -9999 -9999 -9999 -9999
94.462 -9999 -9999 -9999 -9999 -9999 95.038 95.211 95.542 95.844 96.075 96.282 96.478 96.648 96.791 96.911 97.026 97.136 97.242 97.346 97.446 97.543 97.619 97.689 97.732 97.743 -9999 -9999 -9999 -9999 97.818 97.843 97.883 97.929 97.968 98.002 98.025 98.049 98.067 98.08 98.09 98.093 98.09 98.082 98.067 98.045 98.035 97.995 97.942 97.873 97.835 97.998 -9999 -9999 -9999 -9999 -9999 -9999 -9999 -9999 -9999 -9999 -9999 -9999 -9999 -9999 -9999 -9999 -9999 -9999 -9999 -9999 -9999 -9999 -9999
94.071 -9999 -9999 -9999 94.443 -9999 94.687 94.998 95.364 95.691 95.986 96.221 96.421 96.607 96.771 96.906 97.026 97.141 97.253 97.361 97.467 97.57 97.671 97.764 97.838 -9999 -9999 -9999 -9999 98.011 98.006 98.064 98.12 98.169 98.213 98.251 98.283 98.31 98.332 98.349 98.361 98.369 98.373 98.372 98.366 98.354 98.336 98.311 98.276 98.229 98.19 98.164 -9999 -9999 -9999 -9999 -9999 -9999 -9999 -9999 -9999 -9999 -9999 -9999 -9999 -9999 -9999 -9999 -9999 -9999 -9999 -9999 -9999 -9999 -9999
93.708 -9999 -9999 -9999 94.129 94.232 94.424 94.796 95.159 95.512 95.836 96.126 96.36 96.555 96.735 96.895 97.027 97.148 97.265 97.38 97.491 97.6 97.707 97.812 -9999 -9999 98.1 98.146 98.175 98.199 98.26 98.323 98.381 98.433 98.479 98.52 98.556 98.587 98.613 98.635 98.654 98.668 98.679 98.687 98.691 98.692 98.689 98.682 98.67 98.652 98.636 98.602 98.573 -9999 -9999 -9999 -9999 -9999 -9999 -9999 -9999 -9999 -9999 -9999 -9999 -9999 -9999 -9999 -9999 -9999 -9999 -9999 -9999 -9999 -9999
93.366 -9999 93.587 -9999 93.8 93.931 94.226 94.603 94.964 95.315 95.659 95.98 96.265 96.495 96.687 96.863 97.023 97.152 97.277 97.4 97.518 97.634 97.748 97.865 -9999 98.137 98.248 98.349 98.425 98.472 98.529 98.588 98.644 98.697 98.745 98.788 98.826 98.86 98.89 98.916 98.939 98.959 98.977 98.992 99.006 99.018 99.029 99.039 99.047 99.054 99.07 99.077 99.084 -9999 -9999 -9999 -9999 -9999 -9999 -9999 -9999 -9999 -9999 -9999 -9999 -9999 -9999 -9999 -9999 -9999 -9999 -9999 -9999 -9999 -9999
-9999 93.158 -9999 -9999 -9999 93.681 94.039 94.415 94.776 95.126 95.469 95.809 96.126 96.407 96.628 96.82 96.994 97.155 97.292 97.422 97.548 97.672 97.806 97.977 98.141 98.285 98.418 98.546 98.655 98.751 98.803 98.858 98.912 98.964 99.012 99.055 99.095 99.131 99.163 99.192 99.219 99.244 99.267 99.29 99.313 99.336 99.359 99.384 99.412 99.442 99.478 99.531 99.588 -9999 -9999 -9999 -9999 -9999 -9999 -9999 -9999 -9999 -9999 -9999 -9999 -9999 -9999 -9999 -9999 -9999 -9999 -9999 -9999 -9999 -9999
92.73 -9999 -9999 -9999 -9999 93.459 93.855 94.231 -9999 94.943 95.286 95.625 95.963 96.276 96.553 96.762 96.954 97.133 97.301 97.445 97.583 97.738 97.94 98.128 98.284 98.43 98.572 98.713 98.856 98.977 99.08 99.131 99.183 99.232 99.279 99.323 99.363 99.399 99.433 99.465 99.495 99.524 99.553 99.583 99.613 99.646 99.681 99.721 99.766 99.819 99.882 99.971 100.025 -9999 -9999 -9999 -9999 -9999 -9999 -9999 -9999 -9999 -9999 -9999 -9999 -9999 -9999 -9999 -9999 -9999 -9999 -9999 -9999 -9999 -9999
92.431 -9999 -9999 -9999 92.944 -9999 -9999 94.049 94.41 94.762 95.106 95.447 95.785 96.125 96.432 96.701 96.9 97.097 97.282 97.463 97.656 97.878 98.085 98.26 98.421 98.575 98.725 98.874 99.025 99.179 99.306 99.407 99.456 99.503 99.549 99.591 99.631 99.668 99.702 99.736 99.768 99.801 99.835 99.871 99.909 99.951 99.998 100.051 100.114 100.188 100.286 100.381 -9999 -9999 -9999 -9999 -9999 -9999 -9999 -9999 -9999 -9999 -9999 -9999 -9999 -9999 -9999 -9999 -9999 -9999 -9999 -9999 -9999 -9999 -9999
92.142 92.276 92.404 -9999 -9999 -9999 93.486 93.866 -9999 94.582 94.928 95.271 95.611 95.953 96.294 96.591 96.842 97.045 97.255 97.496 97.77 98.016 98.211 98.388 98.556 98.718 98.875 99.032 99.189 99.35 99.511 99.639 99.731 99.776 99.82 99.861 99.899 99.935 99.97 100.005 100.04 100.076 100.114 100.155 100.201 100.252 100.31 100.378 100.457 100.552 100.677 -9999 -9999 -9999 -9999 -9999 -9999 -9999 -9999 -9999 -9999 -9999 -9999 -9999 -9999 -9999 -9999 -9999 -9999 -9999 -9999 -9999 -9999 -9999 -9999
91.862 92.0 92.131 -9999 92.493 92.902 93.302 93.682 94.047 94.402 94.751 95.095 95.439 95.783 96.131 96.467 96.762 96.998 97.258 97.564 97.851 98.097 98.319 98.513 98.688 98.857 99.023 99.187 99.352 99.518 99.688 99.85 99.976 100.051 100.092 100.131 100.168 100.203 100.238 100.273 100.31 100.349 100.391 100.439 100.491 100.552 100.621 100.703 100.799 100.915 101.053 -9999 -9999 -9999 -9999 -9999 -9999 -9999 -9999 -9999 -9999 -9999 -9999 -9999 -9999 -9999 -9999 -9999 -9999 -9999 -9999 -9999 -9999 -9999 -9999
91.588 91.73 91.865 92.0 92.283 92.71 -9999 93.495 93.863 94.221 94.572 94.919 95.266 95.614 95.965 96.322 96.654 96.983 97.308 97.615 97.891 98.148 98.385 98.605 98.811 98.994 99.167 99.339 99.511 99.684 99.859 100.037 100.196 100.316 100.366 100.402 100.437 100.47 100.504 100.54 100.579 100.621 100.668 100.721 100.781 100.851 100.932 101.028 101.142 101.28 -9999 -9999 -9999 -9999 -9999 -9999 -9999 -9999 -9999 -9999 -9999 -9999 -9999 -9999 -9999 -9999 -9999 -9999 -9999 -9999 -9999 -9999 -9999 -9999 -9999
-9999 -9999 -9999 91.76 92.081 -9999 92.917 93.303 93.675 94.036 94.39 94.741 95.092 95.444 95.799 96.159 96.544 96.965 97.309 97.6 97.875 98.139 98.393 98.641 98.875 99.095 99.299 99.488 99.668 99.848 100.03 100.212 100.396 100.542 100.64 100.674 100.706 100.737 100.771 100.807 100.847 100.893 100.945 101.004 101.072 101.152 101.245 101.355 101.488 101.601 -9999 -9999 -9999 -9999 -9999 -9999 -9999 -9999 -9999 -9999 -9999 -9999 -9999 -9999 -9999 -9999 -9999 -9999 -9999 -9999 -9999 -9999 -9999 -9999 -9999
-9999 -9999 91.344 91.527 -9999 92.3 92.713 -9999 93.481 93.846 94.204 94.553 94.885 95.217 95.553 95.915 96.379 96.82 97.19 97.483 97.762 98.032 98.295 98.553 98.806 99.052 99.293 99.531 99.772 100.003 100.198 100.388 100.577 100.757 100.884 100.945 100.974 101.004 101.037 101.074 101.116 101.166 101.222 101.288 101.365 101.455 101.552 101.636 101.729 101.776 -9999 -9999 -9999 -9999 -9999 -9999 -9999 -9999 -9999 -9999 -9999 -9999 -9999 -9999 -9999 -9999 -9999 -9999 -9999 -9999 -9999 -9999 -9999 -9999 -9999
-9999 -9999 91.09 -9999 -9999 92.096 92.51 92.903 93.278 93.627 93.963 94.286 94.606 94.929 95.271 95.701 96.18 96.636 97.025 97.339 97.622 97.896 98.163 98.425 98.685 98.944 99.204 99.467 99.734 99.986 100.24 100.495 100.733 100.939 101.108 101.216 101.242 101.269 101.302 101.341 101.386 101.436 101.485 101.538 101.597 101.664 101.725 101.792 101.867 101.954 -9999 -9999 -9999 -9999 -9999 -9999 -9999 -9999 -9999 -9999 -9999 -9999 -9999 -9999 -9999 -9999 -9999 -9999 -9999 -9999 -9999 -9999 -9999 -9999 -9999
-9999 -9999 -9999 -9999 -9999 -9999 92.29 92.667 93.018 93.351 93.677 93.998 94.318 94.646 95.036 95.525 95.994 96.449 96.855 97.198 97.485 97.762 98.033 98.3 98.564 98.827 99.091 99.358 99.628 99.903 100.184 100.466 100.738 101.005 101.238 101.365 101.426 101.454 101.485 101.521 101.56 101.599 101.642 101.688 101.738 101.794 101.855 101.924 102.002 -9999 -9999 -9999 -9999 -9999 -9999 -9999 -9999 -9999 -9999 -9999 -9999 -9999 -9999 -9999 -9999 -9999 -9999 -9999 -9999 -9999 -9999 -9999 -9999 -9999 -9999
-9999 -9999 -9999 -9999 91.193 91.632 -9999 92.39 92.737 93.07 93.397 93.726 94.06 94.417 94.879 95.357 95.818 96.266 96.691 97.059 97.349 97.63 97.905 98.175 98.443 98.71 98.978 99.247 99.52 99.798 100.082 100.372 100.669 100.962 101.215 101.426 101.561 101.586 101.615 101.648 101.683 101.722 101.765 101.812 101.863 101.92 101.983 102.054 102.134 -9999 -9999 -9999 -9999 -9999 -9999 -9999 -9999 -9999 -9999 -9999 -9999 -9999 -9999 -9999 -9999 -9999 -9999 -9999 -9999 -9999 -9999 -9999 -9999 -9999 -9999
-9999 -9999 -9999 90.554 90.942 91.355 91.746 92.114 92.472 92.821 93.162 93.499 93.836 94.238 94.726 95.195 95.648 96.091 96.524 96.899 97.213 97.497 97.776 98.05 98.321 98.591 98.862 99.134 99.409 99.688 99.972 100.263 100.559 100.847 101.119 101.381 101.577 101.691 101.734 101.767 101.803 101.842 101.886 101.933 101.986 102.044 102.11 102.183 -9999 -9999 -9999 -9999 -9999 -9999 -9999 -9999 -9999 -9999 -9999 -9999 -9999 -9999 -9999 -9999 -9999 -9999 -9999 -9999 -9999 -9999 -9999 -9999 -9999 -9999 -9999
-9999 -9999 -9999 90.303 -9999 91.123 91.528 91.908 92.272 92.62 92.957 93.286 93.639 94.098 94.576 95.037 95.484 95.921 96.351 96.742 97.076 97.364 97.645 97.923 98.197 98.47 98.743 99.017 99.293 99.572 99.854 100.141 100.429 100.709 100.984 101.267 101.52 101.695 101.806 101.881 101.919 101.96 102.004 102.053 102.108 102.168 102.235 102.312 -9999 -9999 -9999 -9999 -9999 -9999 -9999 -9999 -9999 -9999 -9999 -9999 -9999 -9999 -9999 -9999 -9999 -9999 -9999 -9999 -9999 -9999 -9999 -9999 -9999 -9999 -9999
-9999 -9999 -9999 -9999 -9999 90.962 91.361 91.734 92.088 92.427 92.757 93.08 93.467 93.957 94.427 94.882 95.324 95.757 96.183 96.588 96.938 97.229 97.513 97.793 98.071 98.346 98.621 98.896 99.172 99.45 99.73 100.012 100.293 100.571 100.85 101.138 101.422 101.657 101.802 101.932 102.033 102.076 102.122 102.173 102.229 102.291 102.362 102.441 -9999 -9999 -9999 -9999 -9999 -9999 -9999 -9999 -9999 -9999 -9999 -9999 -9999 -9999 -9999 -9999 -9999 -9999 -9999 -9999 -9999 -9999 -9999 -9999 -9999 -9999 -9999
-9999 -9999 -9999 90.116 90.391 90.812 91.2 91.563 91.908 92.239 92.561 92.894 -9999 93.815 94.279 94.728 95.165 95.595 96.018 96.433 96.795 97.091 97.379 97.662 97.941 98.219 98.495 98.771 99.048 99.325 99.603 99.882 100.16 100.439 100.721 101.013 101.319 101.57 101.754 101.923 102.07 102.191 102.239 102.292 102.35 102.415 102.489 102.536 -9999 -9999 -9999 -9999 -9999 -9999 -9999 -9999 -9999 -9999 -9999 -9999 -9999 -9999 -9999 -9999 -9999 -9999 -9999 -9999 -9999 -9999 -9999 -9999 -9999 -9999 -9999
90.122 90.023 90.014 -9999 90.287 90.66 91.039 91.393 91.729 92.053 92.368 -9999 93.197 93.672 94.13 94.574 95.009 95.435 95.857 96.275 96.642 96.951 97.242 97.527 97.809 98.089 98.367 98.644 98.921 99.198 99.476 99.754 100.032 100.313 100.599 100.895 101.207 101.481 101.691 101.87 102.06 102.223 102.357 102.412 102.473 102.541 102.618 -9999 -9999 -9999 -9999 -9999 -9999 -9999 -9999 -9999 -9999 -9999 -9999 -9999 -9999 -9999 -9999 -9999 -9999 -9999 -9999 -9999 -9999 -9999 -9999 -9999 -9999 -9999 -9999
89.998 90.003 90.011 90.034 -9999 90.527 90.877 91.223 91.552 91.868 92.18 92.569 93.057 93.526 93.98 94.421 94.853 95.277 95.697 96.113 96.489 96.809 97.102 97.39 97.674 97.956 98.236 98.515 98.793 99.071 99.35 99.629 99.909 100.193 100.483 100.784 101.1 101.397 101.631 101.811 102.007 102.217 102.393 102.534 102.597 -9999 -9999 -9999 -9999 -9999 -9999 -9999 -9999 -9999 -9999 -9999 -9999 -9999 -9999 -9999 -9999 -9999 -9999 -9999 -9999 -9999 -9999 -9999 -9999 -9999 -9999 -9999 -9999 -9999 -9999
-9999 -9999 90.009 -9999 90.148 90.417 90.725 91.053 91.374 -9999 -9999 92.431 92.914 93.378 93.829 94.267 94.697 95.12 95.538 95.953 96.336 96.663 96.959 97.25 97.537 97.821 98.103 98.384 98.664 98.944 99.225 99.507 99.791 100.079 100.374 100.679 101.0 101.318 101.573 101.756 101.953 102.168 102.395 102.585 -9999 -9999 -9999 -9999 -9999 -9999 -9999 -9999 -9999 -9999 -9999 -9999 -9999 -9999 -9999 -9999 -9999 -9999 -9999 -9999 -9999 -9999 -9999 -9999 -9999 -9999 -9999 -9999 -9999 -9999 -9999
89.989 -9999 90.007 90.015 90.112 90.321 90.602 90.888 -9999 -9999 91.852 92.288 92.766 93.228 93.676 94.113 94.541 94.962 95.38 95.794 96.182 96.515 96.813 97.106 97.396 97.683 97.967 98.251 98.534 98.817 99.101 99.387 99.676 99.97 100.27 100.58 100.907 101.245 101.518 101.704 101.903 102.118 102.356 102.6 102.769 -9999 -9999 -9999 -9999 -9999 -9999 -9999 -9999 -9999 -9999 -9999 -9999 -9999 -9999 -9999 -9999 -9999 -9999 -9999 -9999 -9999 -9999 -9999 -9999 -9999 -9999 -9999 -9999 -9999 -9999
