Validation/Results/raw data/ReClimate_11_2023_1weatherlogisticsltd.asc
NCOLS 192
NROWS 249
XLLCENTER -225160.85627316462
YLLCENTER 29788.11610251502
CELLSIZE 5000.0
NODATA_VALUE -9999
[rows 99 to 131 of 249, columns 75 to 149 of 192]
91.553 91.671 91.884 92.226 92.148 92.086 92.298 -9999 -9999 92.774 93.015 93.299 93.518 93.692 93.862 94.194 94.471 94.469 94.52 94.432 94.79 95.227 95.358 95.539 95.734 96.076 96.063 95.939 95.952 95.841 95.909 96.219 96.411 96.757 96.821 96.686 96.803 96.927 97.03 97.107 97.189 97.281 97.384 97.492 -9999 -9999 -9999 -9999 -9999 -9999 -9999 -9999 -9999 -9999 -9999 -9999 -9999 -9999 -9999 -9999 -9999 -9999 -9999 -9999 -9999 -9999 -9999 -9999 -9999 -9999 -9999 -9999 -9999 -9999 -9999
91.529 91.863 -9999 -9999 91.985 92.068 -9999 -9999 -9999 92.461 92.738 93.144 93.308 93.417 93.731 94.061 94.2 94.502 94.529 94.658 94.97 95.076 95.211 95.273 95.507 95.633 95.609 95.708 95.621 95.542 95.799 96.046 96.149 95.926 96.007 96.39 96.503 96.624 96.728 96.809 96.892 96.984 97.088 97.196 -9999 -9999 -9999 -9999 -9999 -9999 -9999 -9999 -9999 -9999 -9999 -9999 -9999 -9999 -9999 -9999 -9999 -9999 -9999 -9999 -9999 -9999 -9999 -9999 -9999 -9999 -9999 -9999 -9999 -9999 -9999
-9999 91.238 91.109 90.772 -9999 -9999 -9999 -9999 91.936 91.95 92.509 93.655 93.808 93.988 94.001 93.529 93.736 93.794 93.953 94.148 94.453 94.918 95.18 95.748 95.615 94.961 95.109 95.358 95.271 95.082 95.398 95.864 95.7 95.541 95.665 95.428 95.703 96.328 96.428 96.506 96.582 96.665 96.757 -9999 -9999 -9999 -9999 -9999 -9999 -9999 -9999 -9999 -9999 -9999 -9999 -9999 -9999 -9999 -9999 -9999 -9999 -9999 -9999 -9999 -9999 -9999 -9999 -9999 -9999 -9999 -9999 -9999 -9999 -9999 -9999
91.978 92.069 91.989 92.258 92.343 91.876 -9999 -9999 91.857 -9999 -9999 91.901 92.401 93.744 93.453 93.278 93.413 93.676 94.065 94.84 95.068 94.91 95.292 95.6 95.217 95.027 95.163 95.158 95.157 95.387 95.587 95.451 95.39 95.415 95.35 95.458 95.858 96.04 96.139 96.214 96.284 96.365 -9999 -9999 -9999 -9999 -9999 -9999 -9999 -9999 -9999 -9999 -9999 -9999 -9999 -9999 -9999 -9999 -9999 -9999 -9999 -9999 -9999 -9999 -9999 -9999 -9999 -9999 -9999 -9999 -9999 -9999 -9999 -9999 -9999
92.317 92.766 92.969 93.126 -9999 -9999 -9999 92.086 91.994 91.641 91.323 91.275 92.332 93.413 93.266 93.085 93.413 93.899 94.528 95.08 94.905 94.547 94.679 94.605 94.661 95.04 95.102 95.249 95.533 95.975 95.721 95.205 95.246 95.295 95.514 95.921 95.951 -9999 -9999 95.931 -9999 -9999 -9999 -9999 -9999 -9999 -9999 -9999 -9999 -9999 -9999 -9999 -9999 -9999 -9999 -9999 -9999 -9999 -9999 -9999 -9999 -9999 -9999 -9999 -9999 -9999 -9999 -9999 -9999 -9999 -9999 -9999 -9999 -9999 -9999
92.528 92.493 -9999 92.594 -9999 -9999 -9999 92.089 91.955 92.009 92.024 92.162 92.758 92.941 92.941 93.253 93.574 93.711 94.163 94.556 94.386 94.327 94.233 94.066 94.344 94.532 94.542 94.31 94.495 94.34 94.256 94.702 94.773 94.871 95.148 95.311 -9999 95.477 95.576 95.654 95.734 -9999 -9999 -9999 -9999 -9999 -9999 -9999 -9999 -9999 -9999 -9999 -9999 -9999 -9999 -9999 -9999 -9999 -9999 -9999 -9999 -9999 -9999 -9999 -9999 -9999 -9999 -9999 -9999 -9999 -9999 -9999 -9999 -9999 -9999
92.728 -9999 -9999 -9999 -9999 92.226 92.081 92.013 92.042 92.084 92.093 91.999 92.261 92.761 92.921 93.011 93.193 93.546 93.849 94.122 94.082 93.934 93.759 93.503 93.761 94.024 93.848 93.66 93.681 93.886 94.084 93.93 93.935 93.802 -9999 94.516 94.747 95.087 95.212 95.362 95.471 -9999 -9999 -9999 -9999 -9999 -9999 -9999 -9999 -9999 -9999 -9999 -9999 -9999 -9999 -9999 -9999 -9999 -9999 -9999 -9999 -9999 -9999 -9999 -9999 -9999 -9999 -9999 -9999 -9999 -9999 -9999 -9999 -9999 -9999
-9999 -9999 -9999 -9999 -9999 92.402 92.17 92.043 92.108 92.372 92.308 92.311 92.537 92.409 92.529 92.78 92.976 93.151 93.386 93.665 93.541 93.403 93.293 93.351 93.544 93.684 93.719 94.058 94.171 94.17 94.156 94.297 94.295 94.447 94.622 94.44 94.575 94.444 94.703 95.108 95.201 95.298 -9999 -9999 -9999 -9999 -9999 -9999 -9999 -9999 -9999 -9999 -9999 -9999 -9999 -9999 -9999 -9999 -9999 -9999 -9999 -9999 -9999 -9999 -9999 -9999 -9999 -9999 -9999 -9999 -9999 -9999 -9999 -9999 -9999
-9999 -9999 -9999 -9999 92.591 -9999 -9999 92.273 92.464 92.753 92.751 92.837 -9999 -9999 92.462 92.835 92.894 92.957 93.126 93.284 93.233 93.296 93.434 93.75 94.095 94.867 94.738 93.921 93.605 92.718 92.986 93.526 93.838 94.418 94.154 93.643 93.697 93.956 94.272 94.476 94.666 95.025 95.207 -9999 -9999 -9999 -9999 -9999 -9999 -9999 -9999 -9999 -9999 -9999 -9999 -9999 -9999 -9999 -9999 -9999 -9999 -9999 -9999 -9999 -9999 -9999 -9999 -9999 -9999 -9999 -9999 -9999 -9999 -9999 -9999
-9999 -9999 -9999 -9999 92.693 -9999 92.501 92.365 92.458 92.429 92.486 92.679 92.471 92.429 92.591 92.55 92.606 92.696 92.781 92.878 92.959 93.076 93.229 93.164 93.548 93.464 93.139 93.382 93.032 93.334 93.674 93.795 94.055 93.911 93.665 93.687 93.906 94.103 94.053 93.571 93.874 94.166 -9999 -9999 -9999 -9999 -9999 -9999 -9999 -9999 -9999 -9999 -9999 -9999 -9999 -9999 -9999 -9999 -9999 -9999 -9999 -9999 -9999 -9999 -9999 -9999 -9999 -9999 -9999 -9999 -9999 -9999 -9999 -9999 -9999
-9999 -9999 -9999 -9999 92.795 -9999 92.604 92.556 92.506 92.469 92.495 -9999 92.549 92.658 -9999 93.07 93.049 92.899 92.902 92.861 92.891 92.843 92.887 93.101 92.951 92.633 92.883 93.159 93.698 94.712 94.623 94.18 94.018 93.764 93.811 93.894 94.087 94.296 -9999 -9999 -9999 -9999 -9999 -9999 -9999 -9999 -9999 -9999 -9999 -9999 -9999 -9999 -9999 -9999 -9999 -9999 -9999 -9999 -9999 -9999 -9999 -9999 -9999 -9999 -9999 -9999 -9999 -9999 -9999 -9999 -9999 -9999 -9999 -9999 -9999
-9999 -9999 93.066 92.974 -9999 -9999 92.716 92.692 92.613 92.505 92.5 92.656 92.763 92.858 -9999 92.652 92.635 92.819 92.66 92.345 92.34 92.506 92.673 92.811 92.812 93.244 93.29 93.012 93.454 93.217 93.035 93.151 93.149 93.504 93.641 93.88 94.071 -9999 -9999 -9999 -9999 -9999 -9999 -9999 -9999 -9999 -9999 -9999 -9999 -9999 -9999 -9999 -9999 -9999 -9999 -9999 -9999 -9999 -9999 -9999 -9999 -9999 -9999 -9999 -9999 -9999 -9999 -9999 -9999 -9999 -9999 -9999 -9999 -9999 -9999
-9999 93.272 93.172 93.101 -9999 92.811 92.721 92.703 92.602 -9999 92.599 92.85 92.838 92.779 -9999 92.895 93.013 93.101 92.891 92.769 92.684 92.326 92.2 91.703 92.187 92.868 92.764 92.829 -9999 92.955 93.105 93.322 93.544 93.631 93.768 93.792 -9999 -9999 -9999 -9999 -9999 -9999 -9999 -9999 -9999 -9999 -9999 -9999 -9999 -9999 -9999 -9999 -9999 -9999 -9999 -9999 -9999 -9999 -9999 -9999 -9999 -9999 -9999 -9999 -9999 -9999 -9999 -9999 -9999 -9999 -9999 -9999 -9999 -9999 -9999
-9999 93.378 93.308 -9999 -9999 92.804 92.78 92.845 -9999 92.539 92.592 92.522 92.469 92.552 -9999 92.797 92.739 92.468 92.418 92.456 92.194 92.088 91.943 92.424 92.846 93.004 92.945 92.644 92.721 92.656 -9999 -9999 92.631 92.836 -9999 -9999 -9999 -9999 -9999 -9999 93.583 93.849 93.931 -9999 -9999 -9999 -9999 -9999 -9999 -9999 -9999 -9999 -9999 -9999 -9999 -9999 -9999 -9999 -9999 -9999 -9999 -9999 -9999 -9999 -9999 -9999 -9999 -9999 -9999 -9999 -9999 -9999 -9999 -9999 -9999
93.597 93.521 -9999 -9999 93.257 93.102 93.101 93.081 -9999 92.874 92.795 92.819 92.84 92.895 -9999 -9999 -9999 92.141 92.175 92.231 92.114 91.986 92.208 92.258 92.62 93.364 93.013 92.452 92.276 91.868 91.82 91.92 92.216 92.714 -9999 -9999 -9999 -9999 -9999 92.998 93.401 92.867 93.019 93.37 -9999 -9999 -9999 -9999 -9999 -9999 -9999 -9999 -9999 -9999 -9999 -9999 -9999 -9999 -9999 -9999 -9999 -9999 -9999 -9999 -9999 -9999 -9999 -9999 -9999 -9999 -9999 -9999 -9999 -9999 -9999
93.745 93.664 -9999 -9999 -9999 93.309 93.289 93.323 -9999 92.778 -9999 92.544 92.542 92.582 -9999 92.363 92.245 92.37 -9999 91.918 91.861 91.901 91.895 91.925 92.279 92.232 92.029 92.234 92.056 92.137 92.244 92.376 92.63 92.567 92.577 92.606 92.947 -9999 93.025 92.816 92.725 92.998 93.372 93.825 94.079 94.362 -9999 -9999 -9999 -9999 -9999 -9999 -9999 -9999 -9999 -9999 -9999 -9999 -9999 -9999 -9999 -9999 -9999 -9999 -9999 -9999 -9999 -9999 -9999 -9999 -9999 -9999 -9999 -9999 -9999
93.902 -9999 -9999 -9999 -9999 92.975 93.091 93.461 -9999 93.014 -9999 92.663 92.605 -9999 91.998 91.747 91.845 92.066 91.854 91.794 91.804 91.83 91.805 91.772 91.826 92.168 92.17 91.862 91.902 91.884 92.113 92.504 92.264 91.656 91.554 91.241 91.607 92.029 92.015 92.36 92.599 92.809 93.297 93.905 94.236 94.694 95.086 95.606 96.313 -9999 -9999 -9999 -9999 -9999 -9999 -9999 -9999 -9999 -9999 -9999 -9999 -9999 -9999 -9999 -9999 -9999 -9999 -9999 -9999 -9999 -9999 -9999 -9999 -9999 -9999
94.031 -9999 -9999 -9999 -9999 92.918 93.153 93.32 93.163 -9999 -9999 92.478 92.291 -9999 91.98 91.331 91.583 92.128 91.988 91.817 91.766 91.68 91.649 91.631 91.616 91.225 91.178 91.468 91.618 92.001 92.274 92.394 92.08 92.052 91.979 92.205 92.215 91.591 91.992 92.667 93.077 93.777 94.195 94.373 94.709 94.896 95.255 95.65 96.067 96.793 -9999 -9999 -9999 -9999 -9999 -9999 -9999 -9999 -9999 -9999 -9999 -9999 -9999 -9999 -9999 -9999 -9999 -9999 -9999 -9999 -9999 -9999 -9999 -9999 -9999
-9999 -9999 -9999 -9999 -9999 93.464 93.574 93.429 93.274 -9999 -9999 92.519 92.316 -9999 -9999 91.769 92.16 92.536 92.193 91.602 91.375 91.006 90.964 90.871 90.778 91.19 91.381 91.442 91.669 91.71 91.817 91.908 91.915 91.94 92.169 92.444 91.715 90.607 91.37 92.348 93.143 94.257 94.475 94.719 94.97 95.308 95.638 95.933 96.344 96.794 -9999 -9999 -9999 -9999 -9999 -9999 -9999 -9999 -9999 -9999 -9999 -9999 -9999 -9999 -9999 -9999 -9999 -9999 -9999 -9999 -9999 -9999 -9999 -9999 -9999
-9999 -9999 -9999 -9999 -9999 93.877 93.738 93.539 -9999 -9999 -9999 -9999 92.524 -9999 92.13 91.74 91.951 92.059 91.688 91.584 91.338 91.315 91.255 91.335 91.498 91.429 91.397 91.236 91.327 91.472 91.608 91.817 91.865 91.929 92.133 92.291 91.954 92.582 93.153 93.194 93.897 94.141 94.456 94.875 95.239 95.672 95.957 96.236 96.654 97.11 97.574 -9999 -9999 -9999 -9999 -9999 -9999 -9999 -9999 -9999 -9999 -9999 -9999 -9999 -9999 -9999 -9999 -9999 -9999 -9999 -9999 -9999 -9999 -9999 -9999
-9999 -9999 -9999 93.546 93.41 93.305 93.325 -9999 -9999 93.232 -9999 -9999 -9999 -9999 92.156 92.034 92.012 91.861 91.741 91.63 91.551 91.466 91.47 91.451 91.36 91.327 91.284 91.47 91.68 91.992 92.11 92.087 92.063 91.876 91.897 91.806 92.401 93.032 93.148 93.281 93.712 94.445 94.871 95.343 95.729 96.065 96.313 96.523 96.949 97.412 97.804 -9999 -9999 -9999 -9999 -9999 -9999 -9999 -9999 -9999 -9999 -9999 -9999 -9999 -9999 -9999 -9999 -9999 -9999 -9999 -9999 -9999 -9999 -9999 -9999
-9999 -9999 -9999 -9999 94.151 93.837 93.973 -9999 93.588 93.323 93.142 -9999 -9999 -9999 -9999 92.05 91.926 91.875 91.751 91.634 91.537 91.494 91.475 91.484 91.426 91.397 91.462 91.547 91.697 91.641 91.731 91.968 91.952 92.159 92.22 92.52 92.926 93.012 93.372 94.069 94.564 94.76 95.108 95.287 95.634 96.017 96.327 96.8 97.232 97.695 98.103 98.594 -9999 -9999 -9999 -9999 -9999 -9999 -9999 -9999 -9999 -9999 -9999 -9999 -9999 -9999 -9999 -9999 -9999 -9999 -9999 -9999 -9999 -9999 -9999
-9999 -9999 -9999 -9999 94.221 94.109 94.206 -9999 94.132 93.453 93.297 -9999 -9999 -9999 -9999 -9999 91.93 91.878 91.749 91.64 91.569 91.474 91.476 91.492 91.269 90.754 90.901 91.326 91.25 91.072 91.361 91.78 91.972 92.263 92.597 92.945 93.171 93.542 94.066 94.402 94.677 95.052 95.258 95.472 95.845 96.228 96.655 97.072 97.513 97.983 98.371 98.822 99.424 -9999 -9999 -9999 -9999 -9999 -9999 -9999 -9999 -9999 -9999 -9999 -9999 -9999 -9999 -9999 -9999 -9999 -9999 -9999 -9999 -9999 -9999
-9999 -9999 -9999 -9999 94.596 94.667 -9999 -9999 94.17 93.171 93.004 93.115 -9999 -9999 -9999 -9999 -9999 91.877 91.755 91.7 91.581 91.413 91.433 91.487 91.242 91.339 91.515 91.564 91.485 91.499 91.769 91.901 92.103 92.422 92.813 93.273 93.634 93.943 94.269 94.56 94.92 95.317 95.526 95.697 96.085 96.511 96.914 97.341 97.798 98.255 98.635 99.103 99.683 100.261 100.86 -9999 -9999 -9999 -9999 -9999 -9999 -9999 -9999 -9999 -9999 -9999 -9999 -9999 -9999 -9999 -9999 -9999 -9999 -9999 -9999
-9999 -9999 -9999 -9999 95.141 94.963 -9999 -9999 94.163 93.561 93.488 -9999 -9999 -9999 -9999 -9999 -9999 91.824 91.77 91.77 91.661 91.621 91.622 91.559 91.579 91.528 91.359 91.025 91.014 90.911 91.095 91.479 91.747 91.897 92.287 92.996 93.432 93.975 94.46 95.258 95.503 95.5 95.717 95.965 96.283 96.451 96.877 97.344 97.865 98.547 99.075 99.583 100.144 100.707 101.276 -9999 -9999 -9999 -9999 -9999 -9999 -9999 -9999 -9999 -9999 -9999 -9999 -9999 -9999 -9999 -9999 -9999 -9999 -9999 -9999
-9999 -9999 -9999 -9999 95.499 95.149 -9999 -9999 -9999 93.901 93.611 93.335 -9999 -9999 -9999 -9999 -9999 91.713 91.73 91.836 91.792 91.75 91.627 91.392 91.443 91.695 91.449 91.456 91.354 91.213 91.491 91.832 92.184 92.662 93.163 93.481 93.905 94.196 94.893 95.582 95.66 95.768 96.011 96.215 96.533 97.067 97.43 97.633 98.275 98.989 99.546 100.09 100.635 101.179 101.729 -9999 -9999 -9999 -9999 -9999 -9999 -9999 -9999 -9999 -9999 -9999 -9999 -9999 -9999 -9999 -9999 -9999 -9999 -9999 -9999
-9999 -9999 -9999 95.983 95.835 94.944 -9999 -9999 -9999 -9999 -9999 -9999 -9999 -9999 -9999 -9999 -9999 91.524 91.279 90.742 91.011 91.803 91.574 91.288 91.515 91.784 91.594 91.223 90.94 90.433 90.859 91.769 92.344 93.042 93.344 93.664 94.014 94.459 94.998 95.389 95.579 95.837 96.013 96.092 96.573 97.017 97.241 97.668 98.857 99.475 100.014 100.547 101.076 101.605 102.137 102.351 -9999 -9999 -9999 -9999 -9999 -9999 -9999 -9999 -9999 -9999 -9999 -9999 -9999 -9999 -9999 -9999 -9999 -9999 -9999
-9999 -9999 96.438 96.393 95.993 95.927 -9999 -9999 -9999 -9999 -9999 -9999 -9999 -9999 -9999 92.362 91.862 91.817 91.53 91.739 92.061 91.853 91.733 91.818 91.834 91.498 91.329 91.534 91.269 91.375 91.981 92.29 92.898 93.398 93.632 93.757 94.224 94.781 95.116 95.37 95.745 96.291 96.452 96.67 97.072 97.422 97.777 98.662 99.346 99.918 100.444 100.965 101.48 101.994 102.512 102.8 -9999 -9999 -9999 -9999 -9999 -9999 -9999 -9999 -9999 -9999 -9999 -9999 -9999 -9999 -9999 -9999 -9999 -9999 -9999
-9999 -9999 96.64 96.783 96.608 -9999 -9999 -9999 -9999 -9999 -9999 -9999 -9999 -9999 -9999 92.442 92.143 91.327 91.444 91.654 91.389 91.072 91.128 91.245 91.033 90.911 91.162 91.609 91.679 92.001 92.396 92.838 93.31 93.749 93.951 94.252 94.625 94.767 95.011 95.193 95.699 96.165 96.246 96.011 96.4 97.27 98.447 99.157 99.798 100.328 100.845 101.351 101.855 102.357 102.86 103.191 -9999 -9999 -9999 -9999 -9999 -9999 -9999 -9999 -9999 -9999 -9999 -9999 -9999 -9999 -9999 -9999 -9999 -9999 -9999
-9999 -9999 -9999 -9999 -9999 -9999 -9999 -9999 -9999 -9999 -9999 -9999 -9999 -9999 -9999 92.55 92.17 92.106 92.196 92.234 91.965 91.785 91.855 91.961 91.799 91.578 91.727 91.565 91.786 92.346 92.747 93.027 93.313 93.319 93.672 94.262 94.6 95.202 95.465 95.844 96.244 96.557 96.723 97.328 97.751 98.224 98.928 99.614 100.191 100.71 101.215 101.714 102.207 102.697 103.189 103.542 -9999 -9999 -9999 -9999 -9999 -9999 -9999 -9999 -9999 -9999 -9999 -9999 -9999 -9999 -9999 -9999 -9999 -9999 -9999
-9999 -9999 -9999 -9999 -9999 -9999 -9999 -9999 -9999 -9999 -9999 -9999 -9999 -9999 93.021 92.42 92.149 91.561 91.669 92.083 91.983 92.037 92.146 92.428 92.182 91.872 91.741 91.702 91.992 92.413 92.767 93.14 93.333 93.668 94.182 94.731 95.15 95.37 95.743 96.103 96.458 96.862 97.388 97.776 97.99 98.692 99.39 100.033 100.561 101.07 101.567 102.057 102.54 103.021 103.502 103.866 -9999 -9999 -9999 -9999 -9999 -9999 -9999 -9999 -9999 -9999 -9999 -9999 -9999 -9999 -9999 -9999 -9999 -9999 -9999
-9999 -9999 -9999 -9999 -9999 -9999 -9999 -9999 -9999 -9999 -9999 -9999 -9999 -9999 92.892 92.811 92.46 92.389 92.579 92.581 92.577 92.547 92.523 92.139 91.924 91.867 91.81 91.821 92.117 92.541 92.943 93.313 93.624 93.798 94.211 94.512 94.902 95.611 95.956 96.335 96.73 97.123 97.552 97.96 98.449 99.145 99.822 100.397 100.911 101.413 101.904 102.384 102.86 103.332 103.803 104.17 -9999 -9999 -9999 -9999 -9999 -9999 -9999 -9999 -9999 -9999 -9999 -9999 -9999 -9999 -9999 -9999 -9999 -9999 -9999
-9999 -9999 -9999 -9999 -9999 -9999 -9999 -9999 -9999 -9999 -9999 -9999 -9999 93.735 93.225 92.844 92.852 93.133 93.0 92.705 92.668 92.659 92.441 92.469 92.289 91.984 91.889 91.917 92.302 92.744 93.16 93.567 93.819 94.091 94.383 94.658 95.324 96.096 96.412 96.721 97.038 97.256 97.719 98.2 98.897 99.586 100.218 100.739 101.247 101.741 102.224 102.7 103.169 103.623 104.052 104.402 104.705 -9999 -9999 -9999 -9999 -9999 -9999 -9999 -9999 -9999 -9999 -9999 -9999 -9999 -9999 -9999 -9999 -9999 -9999
