Validation/Results/raw data/ReClimate_10_2024_1weatherlogisticsltd.asc
NCOLS 192
NROWS 249
XLLCENTER -225160.85627316462
YLLCENTER 29788.11610251502
CELLSIZE 5000.0
NODATA_VALUE -9999
[rows 132 to 164 of 249, columns 75 to 149 of 192]
-9999 -9999 -9999 -9999 -9999 -9999 -9999 -9999 -9999 -9999 -9999 -9999 97.841 97.284 96.645 96.093 95.666 95.343 95.031 94.747 94.505 94.3 94.065 93.815 93.597 93.385 93.195 93.186 93.457 93.792 94.103 94.391 94.581 94.671 94.971 95.359 95.717 96.032 96.36 96.678 96.858 97.127 97.613 98.136 98.652 99.147 99.561 99.944 100.314 100.671 101.02 101.354 101.676 101.989 102.292 102.584 102.853 -9999 -9999 -9999 -9999 -9999 -9999 -9999 -9999 -9999 -9999 -9999 -9999 -9999 -9999 -9999 -9999 -9999 -9999
-9999 -9999 -9999 -9999 -9999 -9999 -9999 -9999 -9999 -9999 -9999 -9999 98.088 97.255 96.721 96.347 95.853 95.47 95.149 94.824 94.662 94.644 94.325 93.909 93.689 93.477 93.302 93.357 93.639 93.964 94.266 94.553 94.747 95.007 95.376 95.749 96.008 96.194 96.495 96.797 97.073 97.446 97.928 98.446 98.947 99.384 99.763 100.13 100.484 100.826 101.146 101.464 101.77 102.065 102.351 102.632 102.907 -9999 -9999 -9999 -9999 -9999 -9999 -9999 -9999 -9999 -9999 -9999 -9999 -9999 -9999 -9999 -9999 -9999 -9999
-9999 -9999 -9999 -9999 -9999 -9999 -9999 -9999 -9999 -9999 -9999 99.0 98.038 97.55 97.088 96.61 96.054 95.595 95.22 94.812 94.72 94.624 94.272 93.999 93.778 93.564 93.428 93.54 93.838 94.16 94.461 94.751 95.02 95.266 95.586 95.862 96.098 96.404 96.697 97.001 97.314 97.713 98.23 98.73 99.186 99.561 99.922 100.27 100.607 100.93 101.244 101.546 101.841 102.126 102.403 102.672 102.934 103.182 -9999 -9999 -9999 -9999 -9999 -9999 -9999 -9999 -9999 -9999 -9999 -9999 -9999 -9999 -9999 -9999 -9999
-9999 -9999 -9999 -9999 -9999 -9999 -9999 -9999 -9999 -9999 100.002 -9999 98.74 98.172 97.573 96.869 96.267 95.774 95.331 95.038 94.849 94.604 94.335 94.086 93.862 93.647 93.545 93.713 94.038 94.365 94.67 94.96 95.231 95.502 95.777 96.052 96.341 96.626 96.918 97.218 97.549 98.005 98.499 98.963 99.342 99.701 100.047 100.381 100.706 101.021 101.325 101.622 101.91 102.188 102.457 102.716 102.967 103.2 -9999 -9999 -9999 -9999 -9999 -9999 -9999 -9999 -9999 -9999 -9999 -9999 -9999 -9999 -9999 -9999 -9999
104.835 -9999 -9999 -9999 -9999 -9999 -9999 -9999 -9999 -9999 100.406 -9999 99.05 98.189 97.567 97.128 96.513 95.952 95.501 95.2 94.922 94.651 94.396 94.168 93.942 93.725 93.653 93.878 94.235 94.567 -9999 -9999 -9999 -9999 -9999 -9999 96.559 96.851 97.139 97.431 97.79 98.269 98.731 99.117 99.475 99.821 100.155 100.48 100.796 101.103 101.403 101.694 101.977 102.251 102.513 102.765 103.006 103.227 103.377 -9999 -9999 -9999 -9999 -9999 -9999 -9999 -9999 -9999 -9999 -9999 -9999 -9999 -9999 -9999 -9999
105.125 104.849 -9999 -9999 -9999 -9999 -9999 -9999 -9999 -9999 100.744 100.102 99.287 98.601 98.036 97.39 96.759 96.147 95.655 95.3 95.008 94.738 94.488 94.247 94.012 93.784 93.764 94.066 94.43 94.767 -9999 -9999 -9999 -9999 96.137 96.466 96.757 97.07 97.35 97.642 98.04 98.501 98.891 99.249 99.593 99.927 100.251 100.568 100.876 101.178 101.472 101.76 102.04 102.312 102.571 102.817 103.048 103.263 103.465 -9999 -9999 -9999 -9999 -9999 -9999 -9999 -9999 -9999 -9999 -9999 -9999 -9999 -9999 -9999 -9999
105.454 105.147 104.884 -9999 -9999 -9999 -9999 -9999 -9999 -9999 101.097 100.456 99.72 -9999 -9999 97.66 97.01 96.373 95.821 -9999 95.102 94.828 94.567 94.321 94.06 93.801 93.862 94.251 -9999 -9999 -9999 -9999 -9999 96.085 96.308 96.692 96.993 97.278 97.551 97.86 98.272 98.662 99.02 99.364 99.697 100.021 100.337 100.645 100.948 101.244 101.534 101.819 102.098 102.369 102.629 102.871 103.093 103.3 103.496 -9999 -9999 -9999 -9999 -9999 -9999 -9999 -9999 -9999 -9999 -9999 -9999 -9999 -9999 -9999 -9999
105.578 105.454 105.169 -9999 -9999 -9999 -9999 -9999 -9999 -9999 -9999 100.843 100.079 -9999 -9999 -9999 97.268 96.609 95.989 95.499 -9999 -9999 94.646 94.391 94.111 93.885 93.999 -9999 -9999 -9999 -9999 -9999 96.093 96.322 96.563 96.58 96.868 97.137 97.493 98.057 98.427 98.787 99.131 99.464 99.788 100.103 100.411 100.713 101.009 101.301 101.586 101.869 102.147 102.42 102.684 102.928 103.14 103.33 103.514 -9999 -9999 -9999 -9999 -9999 -9999 -9999 -9999 -9999 -9999 -9999 -9999 -9999 -9999 -9999 -9999
105.682 105.587 -9999 -9999 -9999 -9999 -9999 -9999 -9999 -9999 -9999 -9999 100.458 -9999 -9999 -9999 -9999 96.853 96.179 95.651 -9999 -9999 -9999 94.496 94.211 -9999 -9999 -9999 -9999 -9999 -9999 -9999 96.3 96.597 96.772 97.14 97.48 97.841 97.904 98.182 98.548 98.894 99.228 99.551 99.867 100.175 100.476 100.772 101.062 101.348 101.629 101.906 102.182 102.454 102.724 102.98 103.18 103.35 103.521 -9999 -9999 -9999 -9999 -9999 -9999 -9999 -9999 -9999 -9999 -9999 -9999 -9999 -9999 -9999 -9999
105.714 -9999 -9999 -9999 -9999 -9999 -9999 -9999 -9999 -9999 -9999 -9999 100.918 -9999 -9999 -9999 -9999 -9999 96.4 95.807 -9999 -9999 -9999 -9999 -9999 -9999 -9999 -9999 -9999 -9999 -9999 -9999 96.512 96.805 97.027 97.013 97.482 97.805 98.005 98.3 98.651 98.986 99.311 99.628 99.937 100.238 100.533 100.822 101.105 101.385 101.659 101.931 102.2 102.467 102.728 102.974 103.181 103.347 103.514 103.665 -9999 -9999 -9999 -9999 -9999 -9999 -9999 -9999 -9999 -9999 -9999 -9999 -9999 -9999 -9999
-9999 105.727 105.716 105.65 105.639 -9999 -9999 -9999 -9999 -9999 -9999 -9999 101.259 -9999 -9999 -9999 -9999 -9999 -9999 -9999 -9999 -9999 -9999 -9999 -9999 -9999 -9999 -9999 -9999 -9999 -9999 96.416 96.723 97.008 97.127 97.368 97.707 97.892 98.101 98.402 98.738 99.065 99.385 99.694 99.995 100.287 100.574 100.855 101.132 101.405 101.666 101.925 102.178 102.426 102.667 102.893 103.095 103.272 103.445 103.623 103.803 -9999 -9999 -9999 -9999 -9999 -9999 -9999 -9999 -9999 -9999 -9999 -9999 -9999 -9999
105.767 105.755 105.743 105.732 105.72 -9999 -9999 -9999 -9999 -9999 -9999 -9999 -9999 -9999 -9999 -9999 -9999 -9999 -9999 -9999 -9999 -9999 -9999 -9999 -9999 -9999 -9999 -9999 -9999 -9999 96.281 96.621 96.903 97.184 97.405 97.603 97.791 97.971 98.188 98.493 98.819 99.136 99.445 99.743 100.034 100.316 100.592 100.857 101.113 101.365 101.613 101.854 102.097 102.335 102.566 102.787 102.986 103.169 103.347 103.528 103.717 -9999 -9999 -9999 -9999 -9999 -9999 -9999 -9999 -9999 -9999 -9999 -9999 -9999 -9999
105.795 105.783 105.771 -9999 105.748 105.737 -9999 -9999 -9999 -9999 -9999 -9999 -9999 -9999 -9999 -9999 -9999 -9999 -9999 -9999 -9999 -9999 -9999 -9999 -9999 -9999 -9999 -9999 -9999 -9999 96.43 96.788 97.056 97.281 97.49 97.685 97.871 98.046 98.269 98.576 98.895 99.201 99.497 99.784 100.061 100.323 100.574 100.818 101.059 101.296 101.531 101.759 101.989 102.216 102.437 102.651 102.857 103.054 103.245 103.431 103.599 103.728 103.805 -9999 -9999 -9999 -9999 -9999 -9999 -9999 -9999 -9999 -9999 -9999 -9999
105.822 105.81 105.798 -9999 -9999 105.764 -9999 -9999 -9999 -9999 -9999 -9999 -9999 -9999 -9999 -9999 -9999 -9999 -9999 -9999 -9999 -9999 -9999 -9999 -9999 -9999 -9999 -9999 -9999 -9999 96.569 96.892 97.138 97.363 97.572 97.766 97.946 98.116 98.34 98.649 98.962 99.258 99.541 99.807 100.058 100.301 100.538 100.77 100.999 101.224 101.444 101.664 101.882 102.096 102.307 102.513 102.714 102.914 103.115 103.315 103.465 103.571 103.656 103.749 103.858 103.875 -9999 -9999 -9999 -9999 -9999 -9999 -9999 -9999 -9999
105.849 105.837 105.825 105.814 -9999 105.706 -9999 -9999 -9999 -9999 -9999 -9999 -9999 -9999 -9999 -9999 -9999 -9999 -9999 -9999 -9999 -9999 -9999 -9999 -9999 -9999 -9999 -9999 -9999 96.294 96.646 96.969 97.222 97.449 97.653 97.84 98.014 98.179 98.403 98.711 99.017 99.299 99.557 99.804 100.041 100.272 100.498 100.719 100.936 101.15 101.362 101.568 101.775 101.98 102.182 102.381 102.578 102.776 102.975 103.143 103.284 103.392 103.494 103.59 103.693 103.802 103.914 103.688 -9999 -9999 -9999 -9999 -9999 -9999 -9999
105.876 105.864 105.836 -9999 105.644 -9999 -9999 -9999 -9999 -9999 -9999 -9999 -9999 -9999 -9999 -9999 -9999 -9999 -9999 -9999 -9999 -9999 -9999 -9999 -9999 -9999 -9999 -9999 -9999 -9999 96.748 97.058 97.307 97.527 97.725 97.907 98.076 98.236 98.458 98.758 99.048 99.31 99.557 99.792 100.019 100.24 100.454 100.664 100.871 101.075 101.274 101.473 101.671 101.867 102.061 102.255 102.448 102.643 102.817 102.961 103.08 103.199 103.323 103.448 103.56 103.669 103.782 103.897 103.796 -9999 -9999 -9999 -9999 -9999 -9999
105.892 105.825 105.702 105.573 105.443 -9999 -9999 -9999 -9999 -9999 -9999 -9999 -9999 -9999 -9999 -9999 -9999 -9999 -9999 -9999 -9999 -9999 -9999 -9999 -9999 -9999 -9999 -9999 -9999 -9999 -9999 97.163 97.39 97.597 97.79 97.967 98.131 98.287 98.5 98.778 99.055 99.309 99.548 99.774 99.991 100.202 100.407 100.607 100.804 100.998 101.19 101.378 101.567 101.756 101.944 102.132 102.322 102.499 102.651 102.781 102.9 103.023 103.151 103.284 103.421 103.545 103.661 103.776 103.892 103.841 -9999 -9999 -9999 -9999 -9999
105.797 105.657 105.519 105.38 -9999 -9999 -9999 -9999 -9999 -9999 -9999 -9999 -9999 -9999 -9999 -9999 -9999 -9999 -9999 -9999 -9999 -9999 -9999 -9999 -9999 -9999 -9999 -9999 -9999 -9999 -9999 97.244 97.476 97.67 97.85 98.021 98.181 98.328 98.517 98.781 99.052 99.299 99.53 99.749 99.958 100.159 100.355 100.546 100.734 100.919 101.103 101.283 101.465 101.647 101.829 102.015 102.197 102.353 102.487 102.61 102.734 102.86 102.989 103.121 103.258 103.4 103.534 103.654 103.77 103.871 103.793 -9999 -9999 -9999 -9999
105.627 105.48 105.332 105.162 -9999 -9999 -9999 -9999 -9999 -9999 -9999 -9999 -9999 -9999 -9999 -9999 -9999 -9999 -9999 -9999 -9999 -9999 -9999 -9999 -9999 -9999 -9999 -9999 -9999 -9999 -9999 -9999 97.553 97.742 97.912 98.072 98.22 98.349 98.525 98.773 99.039 99.281 99.505 99.717 99.918 100.111 100.299 100.482 100.662 100.839 101.012 101.188 101.363 101.539 101.725 101.907 102.061 102.201 102.325 102.449 102.574 102.701 102.83 102.963 103.099 103.239 103.385 103.525 103.649 103.753 103.823 -9999 -9999 -9999 -9999
-9999 -9999 -9999 -9999 -9999 -9999 -9999 -9999 -9999 -9999 -9999 -9999 -9999 -9999 -9999 -9999 -9999 -9999 -9999 -9999 -9999 -9999 -9999 -9999 -9999 -9999 -9999 -9999 -9999 -9999 -9999 -9999 97.61 97.81 97.971 98.118 98.244 98.365 98.525 98.754 99.016 99.254 99.473 99.678 99.872 100.059 100.239 100.414 100.586 100.756 100.923 101.091 101.265 101.45 101.624 101.779 101.918 102.043 102.167 102.292 102.418 102.545 102.675 102.807 102.943 103.082 103.226 103.376 103.523 103.626 103.697 103.761 -9999 -9999 -9999
-9999 -9999 -9999 -9999 -9999 -9999 -9999 -9999 -9999 -9999 -9999 -9999 -9999 -9999 -9999 -9999 -9999 -9999 -9999 -9999 -9999 -9999 -9999 -9999 -9999 -9999 -9999 -9999 -9999 -9999 -9999 -9999 -9999 97.872 98.022 98.148 98.266 98.379 98.518 98.726 98.985 99.218 99.433 99.633 99.821 100.001 100.175 100.343 100.508 100.671 100.833 101.003 101.186 101.351 101.501 101.637 101.763 101.888 102.013 102.139 102.265 102.393 102.523 102.655 102.79 102.929 103.072 103.221 103.373 103.493 103.564 103.627 -9999 -9999 -9999
-9999 -9999 -9999 -9999 -9999 -9999 -9999 -9999 -9999 -9999 -9999 -9999 -9999 -9999 -9999 -9999 -9999 -9999 -9999 -9999 -9999 -9999 -9999 -9999 -9999 -9999 -9999 -9999 -9999 -9999 -9999 -9999 -9999 97.898 -9999 98.174 98.285 98.39 98.505 -9999 98.945 99.176 99.386 99.581 99.765 99.939 100.107 100.269 100.427 100.584 100.752 100.926 101.083 101.229 101.36 101.486 101.611 101.736 101.862 101.988 102.115 102.244 102.374 102.506 102.641 102.78 102.922 103.07 103.212 103.337 103.427 103.497 103.565 -9999 -9999
-9999 -9999 -9999 -9999 -9999 -9999 -9999 -9999 -9999 -9999 -9999 -9999 -9999 -9999 -9999 -9999 -9999 -9999 -9999 -9999 -9999 -9999 -9999 -9999 -9999 -9999 -9999 -9999 -9999 -9999 -9999 -9999 -9999 -9999 98.08 98.196 -9999 -9999 -9999 -9999 98.894 99.125 99.333 99.525 99.703 99.873 100.035 100.191 100.344 100.501 100.678 100.816 100.958 101.086 101.217 101.347 101.476 101.605 101.733 101.86 101.988 102.116 102.245 102.376 102.508 102.643 102.781 102.926 103.056 103.169 103.279 103.366 103.437 103.509 103.588
-9999 -9999 -9999 -9999 -9999 -9999 -9999 -9999 -9999 -9999 -9999 -9999 -9999 -9999 -9999 -9999 -9999 -9999 -9999 -9999 -9999 -9999 -9999 -9999 -9999 -9999 -9999 -9999 -9999 -9999 -9999 -9999 -9999 -9999 98.099 98.215 -9999 -9999 -9999 -9999 98.837 99.062 99.265 99.452 99.626 99.791 99.95 100.104 100.256 100.417 100.557 100.7 100.836 100.969 101.1 101.232 101.362 101.492 101.621 101.749 101.878 102.006 102.135 102.265 102.396 102.529 102.665 102.798 102.915 103.015 103.118 103.228 103.311 103.383 103.461
-9999 -9999 -9999 -9999 -9999 -9999 -9999 -9999 -9999 -9999 -9999 -9999 -9999 -9999 -9999 -9999 -9999 -9999 -9999 -9999 -9999 -9999 -9999 -9999 -9999 -9999 -9999 -9999 -9999 -9999 -9999 -9999 -9999 -9999 98.141 -9999 -9999 -9999 -9999 98.608 98.773 98.99 99.187 99.368 99.537 99.697 99.843 99.973 100.126 100.286 100.441 100.592 100.731 100.864 100.996 101.126 101.257 101.387 101.516 101.645 101.774 101.903 102.032 102.162 102.293 102.426 102.562 102.683 102.789 102.886 102.985 103.089 103.187 103.268 -9999
-9999 -9999 -9999 -9999 -9999 -9999 -9999 -9999 -9999 -9999 -9999 -9999 -9999 -9999 -9999 -9999 -9999 -9999 -9999 -9999 -9999 -9999 -9999 -9999 -9999 -9999 -9999 -9999 -9999 -9999 -9999 -9999 -9999 -9999 -9999 -9999 -9999 -9999 -9999 98.584 98.718 98.915 99.106 99.276 99.419 99.551 99.677 99.841 100.015 100.176 100.328 100.472 100.616 100.755 100.892 101.023 101.154 101.285 101.416 101.546 101.676 101.805 101.935 102.065 102.196 102.33 102.458 102.572 102.669 102.766 102.865 102.968 103.076 103.172 -9999
-9999 -9999 -9999 -9999 -9999 -9999 -9999 -9999 -9999 -9999 -9999 -9999 -9999 -9999 -9999 -9999 -9999 -9999 -9999 -9999 -9999 -9999 -9999 -9999 -9999 -9999 -9999 -9999 -9999 -9999 -9999 -9999 -9999 -9999 -9999 -9999 -9999 -9999 -9999 98.55 98.647 98.791 98.963 99.11 99.248 99.394 99.564 99.748 99.914 100.069 100.214 100.351 100.489 100.627 100.77 100.914 101.053 101.187 101.319 101.451 101.582 101.713 101.843 101.974 102.106 102.24 102.357 102.461 102.557 102.654 102.753 102.854 102.961 103.074 -9999
-9999 -9999 -9999 -9999 -9999 -9999 -9999 -9999 -9999 -9999 -9999 -9999 -9999 -9999 -9999 -9999 -9999 -9999 -9999 -9999 -9999 -9999 -9999 -9999 -9999 -9999 -9999 -9999 -9999 -9999 -9999 -9999 -9999 -9999 -9999 -9999 -9999 -9999 98.412 98.457 98.517 98.618 98.783 98.943 99.114 99.285 99.481 99.658 99.819 99.968 100.104 100.237 100.367 100.501 100.641 100.787 100.938 101.089 101.228 101.362 101.494 101.626 101.757 101.889 102.022 102.146 102.258 102.355 102.452 102.549 102.647 102.748 102.854 102.965 103.066
-9999 -9999 -9999 -9999 -9999 -9999 -9999 -9999 -9999 -9999 -9999 -9999 -9999 -9999 -9999 -9999 -9999 -9999 -9999 -9999 -9999 -9999 -9999 -9999 -9999 -9999 -9999 -9999 -9999 -9999 -9999 -9999 -9999 -9999 -9999 -9999 -9999 -9999 98.306 98.352 98.392 98.483 98.635 98.828 99.007 99.208 99.4 99.573 99.729 99.872 100.005 100.129 100.252 100.38 100.519 100.666 100.818 100.973 101.13 101.275 101.412 101.545 101.678 101.811 101.939 102.055 102.158 102.257 102.354 102.451 102.549 102.65 102.754 102.864 102.965
-9999 -9999 -9999 -9999 -9999 -9999 -9999 -9999 -9999 -9999 -9999 -9999 -9999 -9999 -9999 -9999 -9999 -9999 -9999 -9999 -9999 -9999 -9999 -9999 -9999 -9999 -9999 -9999 -9999 -9999 -9999 -9999 -9999 -9999 -9999 -9999 -9999 98.157 98.208 98.253 98.299 98.391 98.531 98.722 98.92 99.133 99.322 99.491 99.644 99.784 99.911 100.03 100.144 100.265 100.405 100.556 100.709 100.863 101.019 101.178 101.331 101.47 101.604 101.737 101.857 101.965 102.066 102.165 102.263 102.36 102.459 102.558 102.661 102.769 102.882
-9999 -9999 -9999 -9999 -9999 -9999 -9999 -9999 -9999 -9999 -9999 -9999 -9999 -9999 -9999 -9999 -9999 -9999 -9999 -9999 -9999 -9999 -9999 -9999 -9999 -9999 -9999 -9999 -9999 -9999 -9999 -9999 -9999 -9999 -9999 -9999 -9999 98.065 98.116 98.168 98.252 98.344 98.466 98.625 98.85 99.06 99.246 99.413 99.564 99.701 99.828 99.945 100.056 100.173 100.311 100.461 100.613 100.765 100.919 101.075 101.235 101.395 101.537 101.66 101.774 101.878 101.98 102.08 102.179 102.277 102.375 102.474 102.576 102.682 102.795
-9999 -9999 -9999 -9999 -9999 -9999 -9999 -9999 -9999 -9999 -9999 -9999 -9999 -9999 -9999 -9999 -9999 -9999 -9999 -9999 -9999 -9999 -9999 -9999 -9999 -9999 -9999 -9999 -9999 -9999 -9999 -9999 -9999 -9999 -9999 -9999 -9999 97.977 98.036 98.128 98.228 98.317 98.41 98.559 98.779 98.987 99.172 99.338 99.488 99.625 99.753 99.872 99.988 100.107 100.238 100.382 100.528 100.677 100.828 100.982 101.14 101.302 101.458 101.584 101.693 101.798 101.901 102.002 102.101 102.2 102.298 102.397 102.497 102.602 102.712
-9999 -9999 -9999 -9999 -9999 -9999 -9999 -9999 -9999 -9999 -9999 -9999 -9999 -9999 -9999 -9999 -9999 -9999 -9999 -9999 -9999 -9999 -9999 -9999 -9999 -9999 -9999 -9999 -9999 -9999 -9999 -9999 -9999 -9999 -9999 -9999 -9999 -9999 98.023 98.107 98.205 98.291 98.379 98.529 98.708 98.914 99.099 99.264 99.415 99.553 99.683 99.806 99.926 100.048 100.176 100.312 100.453 100.597 100.745 100.897 101.052 101.205 101.355 101.5 101.617 101.724 101.829 101.931 102.031 102.13 102.228 -9999 102.426 -9999 102.666
