Validation/Results/raw data/ReClimate_03_2024_2_Temperature.asc
NCOLS 192
NROWS 249
XLLCENTER -225160.85627316462
YLLCENTER 29788.11610251502
CELLSIZE 5000.0
NODATA_VALUE -9999
[rows 136 to 169 of 249, columns 75 to 149 of 192]
-0.051 -9999 -9999 -9999 -9999 -9999 -9999 -9999 -9999 -9999 -0.08 -9999 -0.089 -0.095 -0.1 -0.104 -0.104 -0.103 -0.106 -0.108 -0.115 -0.123 -0.117 -0.11 -0.112 -0.114 -0.106 -0.095 -0.106 -0.12 -9999 -9999 -9999 -9999 -9999 -9999 -0.07 -0.07 -0.07 -0.071 -0.064 -0.054 -0.045 -0.037 -0.038 -0.04 -0.042 -0.044 -0.02 0.009 0.008 0.007 0.025 0.047 0.053 0.06 0.071 0.08 0.074 -9999 -9999 -9999 -9999 -9999 -9999 -9999 -9999 -9999 -9999 -9999 -9999 -9999 -9999 -9999 -9999
-0.052 -0.048 -9999 -9999 -9999 -9999 -9999 -9999 -9999 -9999 -0.075 -0.077 -0.08 -0.078 -0.085 -0.097 -0.097 -0.096 -0.099 -0.104 -0.107 -0.109 -0.108 -0.118 -0.117 -0.11 -0.1 -0.083 -0.089 -0.087 -9999 -9999 -9999 -9999 -0.072 -0.073 -0.07 -0.061 -0.063 -0.071 -0.062 -0.045 -0.04 -0.038 -0.037 -0.035 -0.036 -0.036 -0.019 -0.01 0.008 0.018 0.016 0.026 0.032 0.039 0.056 0.075 0.073 -9999 -9999 -9999 -9999 -9999 -9999 -9999 -9999 -9999 -9999 -9999 -9999 -9999 -9999 -9999 -9999
-0.049 -0.045 -0.044 -9999 -9999 -9999 -9999 -9999 -9999 -9999 -0.068 -0.071 -0.07 -9999 -9999 -0.092 -0.091 -0.09 -0.095 -9999 -0.098 -0.1 -0.108 -0.117 -0.111 -0.105 -0.092 -0.076 -9999 -9999 -9999 -9999 -9999 -0.076 -0.074 -0.071 -0.063 -0.053 -0.06 -0.067 -0.054 -0.039 -0.037 -0.036 -0.033 -0.03 -0.03 -0.031 -0.024 -0.015 0.002 0.022 0.021 0.019 0.025 0.032 0.048 0.067 0.076 -9999 -9999 -9999 -9999 -9999 -9999 -9999 -9999 -9999 -9999 -9999 -9999 -9999 -9999 -9999 -9999
-0.046 -0.042 -0.042 -9999 -9999 -9999 -9999 -9999 -9999 -9999 -9999 -0.068 -0.076 -9999 -9999 -9999 -0.081 -0.087 -0.091 -0.091 -9999 -9999 -0.095 -0.101 -0.096 -0.096 -0.088 -9999 -9999 -9999 -9999 -9999 -0.073 -0.074 -0.073 -0.071 -0.062 -0.048 -0.051 -0.048 -0.039 -0.036 -0.035 -0.035 -0.032 -0.027 -0.025 -0.02 -0.014 -0.008 -0.006 0.005 0.023 0.032 0.022 0.02 0.039 0.059 0.061 -9999 -9999 -9999 -9999 -9999 -9999 -9999 -9999 -9999 -9999 -9999 -9999 -9999 -9999 -9999 -9999
-0.044 -0.04 -9999 -9999 -9999 -9999 -9999 -9999 -9999 -9999 -9999 -9999 -0.069 -9999 -9999 -9999 -9999 -0.082 -0.084 -0.084 -9999 -9999 -9999 -0.089 -0.089 -9999 -9999 -9999 -9999 -9999 -9999 -9999 -0.062 -0.07 -0.068 -0.067 -0.056 -0.043 -0.041 -0.039 -0.036 -0.033 -0.033 -0.033 -0.029 -0.024 -0.019 -0.015 -0.01 -0.004 -0.002 0.001 0.017 0.037 0.028 0.016 0.034 0.056 0.058 -9999 -9999 -9999 -9999 -9999 -9999 -9999 -9999 -9999 -9999 -9999 -9999 -9999 -9999 -9999 -9999
-0.053 -9999 -9999 -9999 -9999 -9999 -9999 -9999 -9999 -9999 -9999 -9999 -0.051 -9999 -9999 -9999 -9999 -9999 -0.067 -0.073 -9999 -9999 -9999 -9999 -9999 -9999 -9999 -9999 -9999 -9999 -9999 -9999 -0.053 -0.05 -0.053 -0.067 -0.056 -0.041 -0.039 -0.032 -0.031 -0.033 -0.033 -0.031 -0.03 -0.034 -0.026 -0.008 0.0 0.013 0.015 0.017 0.017 0.027 0.032 0.028 0.029 0.041 0.063 0.068 -9999 -9999 -9999 -9999 -9999 -9999 -9999 -9999 -9999 -9999 -9999 -9999 -9999 -9999 -9999
-9999 -0.042 -0.037 -0.031 -0.029 -9999 -9999 -9999 -9999 -9999 -9999 -9999 -0.037 -9999 -9999 -9999 -9999 -9999 -9999 -9999 -9999 -9999 -9999 -9999 -9999 -9999 -9999 -9999 -9999 -9999 -9999 -0.034 -0.033 -0.038 -0.05 -0.064 -0.052 -0.039 -0.034 -0.027 -0.029 -0.032 -0.03 -0.028 -0.031 -0.035 -0.021 -0.004 0.007 0.02 0.022 0.023 0.024 0.024 0.028 0.033 0.035 0.036 0.057 0.082 0.087 -9999 -9999 -9999 -9999 -9999 -9999 -9999 -9999 -9999 -9999 -9999 -9999 -9999 -9999
-0.034 -0.03 -0.025 -0.02 -0.019 -9999 -9999 -9999 -9999 -9999 -9999 -9999 -9999 -9999 -9999 -9999 -9999 -9999 -9999 -9999 -9999 -9999 -9999 -9999 -9999 -9999 -9999 -9999 -9999 -9999 -0.047 -0.038 -0.041 -0.041 -0.05 -0.057 -0.053 -0.059 -0.05 -0.026 -0.027 -0.028 -0.021 -0.007 -0.008 -0.011 0.0 0.004 0.014 0.025 0.025 0.022 0.025 0.027 0.035 0.042 0.049 0.054 0.066 0.086 0.086 -9999 -9999 -9999 -9999 -9999 -9999 -9999 -9999 -9999 -9999 -9999 -9999 -9999 -9999
-0.028 -0.024 -0.02 -9999 -0.016 -0.019 -9999 -9999 -9999 -9999 -9999 -9999 -9999 -9999 -9999 -9999 -9999 -9999 -9999 -9999 -9999 -9999 -9999 -9999 -9999 -9999 -9999 -9999 -9999 -9999 -0.042 -0.039 -0.04 -0.04 -0.046 -0.052 -0.058 -0.064 -0.047 -0.024 -0.024 -0.025 -0.012 0.003 0.002 0.001 0.004 0.007 0.017 0.027 0.025 0.022 0.025 0.029 0.036 0.045 0.052 0.061 0.073 0.087 0.087 0.086 0.112 -9999 -9999 -9999 -9999 -9999 -9999 -9999 -9999 -9999 -9999 -9999 -9999
-0.042 -0.028 -0.025 -9999 -9999 -0.016 -9999 -9999 -9999 -9999 -9999 -9999 -9999 -9999 -9999 -9999 -9999 -9999 -9999 -9999 -9999 -9999 -9999 -9999 -9999 -9999 -9999 -9999 -9999 -9999 -0.038 -0.036 -0.041 -0.056 -0.057 -0.051 -0.054 -0.055 -0.043 -0.034 -0.034 -0.032 -0.019 -0.001 -0.004 -0.009 0.0 0.024 0.024 0.006 0.022 0.029 0.042 0.053 0.049 0.052 0.049 0.051 0.069 0.086 0.093 0.095 0.107 0.124 0.128 0.124 -9999 -9999 -9999 -9999 -9999 -9999 -9999 -9999 -9999
-0.041 -0.029 -0.025 -0.02 -9999 -0.021 -9999 -9999 -9999 -9999 -9999 -9999 -9999 -9999 -9999 -9999 -9999 -9999 -9999 -9999 -9999 -9999 -9999 -9999 -9999 -9999 -9999 -9999 -9999 -0.033 -0.032 -0.032 -0.045 -0.059 -0.054 -0.048 -0.049 -0.05 -0.044 -0.037 -0.035 -0.033 -0.019 -0.002 -0.006 -0.012 0.008 0.031 0.016 -0.002 0.014 0.033 0.045 0.061 0.058 0.054 0.052 0.048 0.065 0.084 0.09 0.097 0.109 0.123 0.115 0.113 0.13 0.123 -9999 -9999 -9999 -9999 -9999 -9999 -9999
-0.042 -0.036 -0.031 -9999 -0.026 -9999 -9999 -9999 -9999 -9999 -9999 -9999 -9999 -9999 -9999 -9999 -9999 -9999 -9999 -9999 -9999 -9999 -9999 -9999 -9999 -9999 -9999 -9999 -9999 -9999 -0.021 -0.021 -0.032 -0.047 -0.045 -0.05 -0.049 -0.043 -0.039 -0.036 -0.032 -0.024 -0.013 -0.004 -0.006 -0.003 0.008 0.006 -0.003 -0.003 0.001 0.012 0.043 0.07 0.066 0.061 0.058 0.054 0.058 0.07 0.081 0.09 0.094 0.102 0.116 0.121 0.122 0.131 0.128 -9999 -9999 -9999 -9999 -9999 -9999
-0.043 -0.037 -0.03 -0.023 -0.032 -9999 -9999 -9999 -9999 -9999 -9999 -9999 -9999 -9999 -9999 -9999 -9999 -9999 -9999 -9999 -9999 -9999 -9999 -9999 -9999 -9999 -9999 -9999 -9999 -9999 -9999 -0.014 -0.026 -0.04 -0.044 -0.049 -0.044 -0.039 -0.037 -0.034 -0.027 -0.019 -0.012 -0.004 -0.001 0.002 -0.0 -0.003 -0.003 -0.003 0.001 0.006 0.035 0.072 0.069 0.063 0.06 0.055 0.06 0.064 0.074 0.086 0.089 0.093 0.106 0.122 0.124 0.126 0.133 0.136 -9999 -9999 -9999 -9999 -9999
-0.035 -0.023 -0.017 -0.01 -9999 -9999 -9999 -9999 -9999 -9999 -9999 -9999 -9999 -9999 -9999 -9999 -9999 -9999 -9999 -9999 -9999 -9999 -9999 -9999 -9999 -9999 -9999 -9999 -9999 -9999 -9999 -0.015 -0.03 -0.038 -0.038 -0.031 -0.027 -0.024 -0.026 -0.036 -0.026 -0.007 -0.001 0.002 0.006 0.01 0.008 0.004 0.004 0.002 0.01 0.025 0.029 0.049 0.054 0.054 0.055 0.053 0.061 0.068 0.07 0.077 0.091 0.1 0.09 0.091 0.101 0.106 0.128 0.139 0.144 -9999 -9999 -9999 -9999
-0.028 -0.016 -0.01 -0.004 -9999 -9999 -9999 -9999 -9999 -9999 -9999 -9999 -9999 -9999 -9999 -9999 -9999 -9999 -9999 -9999 -9999 -9999 -9999 -9999 -9999 -9999 -9999 -9999 -9999 -9999 -9999 -9999 -0.023 -0.035 -0.029 -0.022 -0.02 -0.016 -0.026 -0.035 -0.019 -0.001 0.002 0.006 0.01 0.014 0.011 0.007 0.007 0.005 0.017 0.032 0.037 0.041 0.046 0.05 0.051 0.051 0.059 0.068 0.07 0.073 0.086 0.101 0.092 0.078 0.087 0.097 0.118 0.143 0.147 -9999 -9999 -9999 -9999
-9999 -9999 -9999 -9999 -9999 -9999 -9999 -9999 -9999 -9999 -9999 -9999 -9999 -9999 -9999 -9999 -9999 -9999 -9999 -9999 -9999 -9999 -9999 -9999 -9999 -9999 -9999 -9999 -9999 -9999 -9999 -9999 -0.013 -0.018 -0.015 -0.019 -0.018 -0.019 -0.027 -0.032 -0.021 -0.012 -0.007 0.004 0.008 0.012 0.011 0.013 0.012 0.009 0.021 0.036 0.036 0.038 0.05 0.058 0.052 0.048 0.062 0.074 0.073 0.074 0.083 0.096 0.107 0.108 0.111 0.119 0.112 0.119 0.135 0.148 -9999 -9999 -9999
-9999 -9999 -9999 -9999 -9999 -9999 -9999 -9999 -9999 -9999 -9999 -9999 -9999 -9999 -9999 -9999 -9999 -9999 -9999 -9999 -9999 -9999 -9999 -9999 -9999 -9999 -9999 -9999 -9999 -9999 -9999 -9999 -9999 -0.009 -0.013 -0.016 -0.017 -0.018 -0.024 -0.03 -0.023 -0.016 -0.007 0.004 0.008 0.012 0.014 0.016 0.014 0.011 0.023 0.037 0.037 0.037 0.048 0.06 0.055 0.047 0.059 0.075 0.074 0.073 0.082 0.092 0.103 0.116 0.12 0.124 0.118 0.109 0.123 0.141 -9999 -9999 -9999
-9999 -9999 -9999 -9999 -9999 -9999 -9999 -9999 -9999 -9999 -9999 -9999 -9999 -9999 -9999 -9999 -9999 -9999 -9999 -9999 -9999 -9999 -9999 -9999 -9999 -9999 -9999 -9999 -9999 -9999 -9999 -9999 -9999 -0.002 -9999 -0.012 -0.008 0.006 0.002 -9999 -0.004 -0.02 -0.009 0.006 0.007 0.003 0.008 0.022 0.02 0.016 0.017 0.024 0.032 0.037 0.039 0.046 0.052 0.052 0.05 0.056 0.07 0.077 0.081 0.087 0.095 0.106 0.118 0.126 0.124 0.118 0.131 0.147 0.149 -9999 -9999
-9999 -9999 -9999 -9999 -9999 -9999 -9999 -9999 -9999 -9999 -9999 -9999 -9999 -9999 -9999 -9999 -9999 -9999 -9999 -9999 -9999 -9999 -9999 -9999 -9999 -9999 -9999 -9999 -9999 -9999 -9999 -9999 -9999 -9999 0.008 -0.01 -9999 -9999 -9999 -9999 -0.004 -0.02 -0.007 0.008 0.004 -0.0 0.011 0.025 0.022 0.019 0.02 0.02 0.027 0.036 0.038 0.04 0.046 0.053 0.051 0.048 0.061 0.077 0.08 0.084 0.091 0.099 0.111 0.124 0.122 0.118 0.131 0.146 0.148 0.149 0.169
-9999 -9999 -9999 -9999 -9999 -9999 -9999 -9999 -9999 -9999 -9999 -9999 -9999 -9999 -9999 -9999 -9999 -9999 -9999 -9999 -9999 -9999 -9999 -9999 -9999 -9999 -9999 -9999 -9999 -9999 -9999 -9999 -9999 -9999 0.013 0.01 -9999 -9999 -9999 -9999 -0.003 0.006 0.014 0.01 0.008 0.005 0.021 0.049 0.044 0.027 0.017 0.011 0.015 0.021 0.033 0.042 0.045 0.051 0.051 0.049 0.057 0.069 0.068 0.068 0.078 0.088 0.096 0.107 0.121 0.127 0.123 0.128 0.143 0.149 0.168
-9999 -9999 -9999 -9999 -9999 -9999 -9999 -9999 -9999 -9999 -9999 -9999 -9999 -9999 -9999 -9999 -9999 -9999 -9999 -9999 -9999 -9999 -9999 -9999 -9999 -9999 -9999 -9999 -9999 -9999 -9999 -9999 -9999 -9999 0.016 -9999 -9999 -9999 -9999 0.012 0.014 0.018 0.016 0.012 0.01 0.008 0.031 0.058 0.045 0.029 0.019 0.008 0.011 0.015 0.026 0.041 0.045 0.049 0.049 0.049 0.056 0.065 0.063 0.06 0.07 0.082 0.089 0.098 0.111 0.126 0.123 0.118 0.133 0.145 -9999
-9999 -9999 -9999 -9999 -9999 -9999 -9999 -9999 -9999 -9999 -9999 -9999 -9999 -9999 -9999 -9999 -9999 -9999 -9999 -9999 -9999 -9999 -9999 -9999 -9999 -9999 -9999 -9999 -9999 -9999 -9999 -9999 -9999 -9999 -9999 -9999 -9999 -9999 -9999 0.014 0.018 0.025 0.022 0.016 0.018 0.026 0.037 0.028 0.021 0.027 0.021 0.018 0.018 0.021 0.029 0.042 0.047 0.051 0.045 0.041 0.05 0.059 0.059 0.058 0.066 0.077 0.086 0.095 0.1 0.11 0.124 0.13 0.129 0.136 -9999
-9999 -9999 -9999 -9999 -9999 -9999 -9999 -9999 -9999 -9999 -9999 -9999 -9999 -9999 -9999 -9999 -9999 -9999 -9999 -9999 -9999 -9999 -9999 -9999 -9999 -9999 -9999 -9999 -9999 -9999 -9999 -9999 -9999 -9999 -9999 -9999 -9999 -9999 -9999 0.016 0.021 0.028 0.023 0.018 0.025 0.032 0.025 0.016 0.02 0.025 0.024 0.021 0.022 0.022 0.031 0.041 0.046 0.051 0.046 0.038 0.046 0.055 0.056 0.055 0.064 0.074 0.082 0.092 0.097 0.102 0.115 0.13 0.13 0.13 -9999
-9999 -9999 -9999 -9999 -9999 -9999 -9999 -9999 -9999 -9999 -9999 -9999 -9999 -9999 -9999 -9999 -9999 -9999 -9999 -9999 -9999 -9999 -9999 -9999 -9999 -9999 -9999 -9999 -9999 -9999 -9999 -9999 -9999 -9999 -9999 -9999 -9999 -9999 0.018 0.001 0.003 0.005 0.006 0.017 0.021 0.021 0.014 0.007 0.015 0.031 0.034 0.034 0.041 0.047 0.038 0.039 0.045 0.052 0.06 0.061 0.05 0.048 0.05 0.05 0.055 0.063 0.079 0.093 0.099 0.106 0.111 0.122 0.126 0.125 0.135
-9999 -9999 -9999 -9999 -9999 -9999 -9999 -9999 -9999 -9999 -9999 -9999 -9999 -9999 -9999 -9999 -9999 -9999 -9999 -9999 -9999 -9999 -9999 -9999 -9999 -9999 -9999 -9999 -9999 -9999 -9999 -9999 -9999 -9999 -9999 -9999 -9999 -9999 0.008 -0.005 -0.005 -0.003 0.005 0.016 0.016 0.016 0.01 0.003 0.017 0.033 0.035 0.038 0.045 0.054 0.047 0.037 0.043 0.051 0.059 0.067 0.058 0.044 0.046 0.047 0.052 0.058 0.073 0.091 0.097 0.104 0.11 0.116 0.12 0.124 0.13
-9999 -9999 -9999 -9999 -9999 -9999 -9999 -9999 -9999 -9999 -9999 -9999 -9999 -9999 -9999 -9999 -9999 -9999 -9999 -9999 -9999 -9999 -9999 -9999 -9999 -9999 -9999 -9999 -9999 -9999 -9999 -9999 -9999 -9999 -9999 -9999 -9999 0.019 0.014 0.017 0.016 0.01 0.016 0.02 0.022 0.025 0.017 0.001 0.017 0.04 0.043 0.046 0.05 0.058 0.046 0.033 0.052 0.068 0.066 0.07 0.063 0.053 0.054 0.056 0.056 0.06 0.07 0.085 0.093 0.1 0.095 0.094 0.111 0.122 0.131
-9999 -9999 -9999 -9999 -9999 -9999 -9999 -9999 -9999 -9999 -9999 -9999 -9999 -9999 -9999 -9999 -9999 -9999 -9999 -9999 -9999 -9999 -9999 -9999 -9999 -9999 -9999 -9999 -9999 -9999 -9999 -9999 -9999 -9999 -9999 -9999 -9999 0.02 0.022 0.025 0.021 0.015 0.018 0.021 0.025 0.028 0.016 0.0 0.019 0.042 0.045 0.048 0.052 0.057 0.046 0.031 0.049 0.072 0.07 0.068 0.063 0.054 0.056 0.057 0.058 0.059 0.069 0.081 0.088 0.096 0.091 0.084 0.099 0.118 0.127
-9999 -9999 -9999 -9999 -9999 -9999 -9999 -9999 -9999 -9999 -9999 -9999 -9999 -9999 -9999 -9999 -9999 -9999 -9999 -9999 -9999 -9999 -9999 -9999 -9999 -9999 -9999 -9999 -9999 -9999 -9999 -9999 -9999 -9999 -9999 -9999 -9999 0.031 0.031 0.028 0.023 0.015 0.017 0.018 0.021 0.022 0.014 0.011 0.025 0.035 0.036 0.037 0.045 0.051 0.06 0.058 0.062 0.076 0.081 0.083 0.077 0.07 0.063 0.06 0.066 0.071 0.076 0.086 0.091 0.098 0.092 0.084 0.094 0.107 0.119
-9999 -9999 -9999 -9999 -9999 -9999 -9999 -9999 -9999 -9999 -9999 -9999 -9999 -9999 -9999 -9999 -9999 -9999 -9999 -9999 -9999 -9999 -9999 -9999 -9999 -9999 -9999 -9999 -9999 -9999 -9999 -9999 -9999 -9999 -9999 -9999 -9999 -9999 0.031 0.029 0.023 0.016 0.016 0.017 0.018 0.019 0.017 0.014 0.022 0.031 0.032 0.033 0.039 0.047 0.056 0.066 0.071 0.076 0.08 0.085 0.08 0.073 0.067 0.059 0.066 0.073 0.079 0.085 0.09 0.096 0.09 -9999 0.091 -9999 0.112
-9999 -9999 -9999 -9999 -9999 -9999 -9999 -9999 -9999 -9999 -9999 -9999 -9999 -9999 -9999 -9999 -9999 -9999 -9999 -9999 -9999 -9999 -9999 -9999 -9999 -9999 -9999 -9999 -9999 -9999 -9999 -9999 -9999 -9999 -9999 -9999 -9999 0.028 0.027 0.027 0.023 0.022 0.021 0.017 0.018 0.02 0.02 0.024 0.032 0.043 0.041 0.028 0.045 0.059 0.052 0.053 0.069 0.08 0.084 0.088 0.082 0.075 0.076 0.072 0.076 0.082 0.082 0.085 0.082 0.082 0.096 0.1 0.097 0.101 -9999
-9999 -9999 -9999 -9999 -9999 -9999 -9999 -9999 -9999 -9999 -9999 -9999 -9999 -9999 -9999 -9999 -9999 -9999 -9999 -9999 -9999 -9999 -9999 -9999 -9999 -9999 -9999 -9999 -9999 -9999 -9999 -9999 -9999 -9999 -9999 -9999 -9999 0.023 0.023 0.025 0.025 0.025 0.021 0.017 0.018 0.02 0.023 0.027 0.036 0.047 0.038 0.026 0.041 0.061 0.055 0.047 0.062 0.08 0.083 0.087 0.081 0.073 0.074 0.075 0.079 0.083 0.083 0.083 0.08 0.075 0.088 0.104 0.102 0.097 0.107
-9999 -9999 -9999 -9999 -9999 -9999 -9999 -9999 -9999 -9999 -9999 -9999 -9999 -9999 -9999 -9999 -9999 -9999 -9999 -9999 -9999 -9999 -9999 -9999 -9999 -9999 -9999 -9999 -9999 -9999 -9999 -9999 -9999 -9999 -9999 -9999 0.022 0.025 0.027 0.031 0.028 0.02 0.02 0.026 0.029 0.034 0.032 0.023 0.03 0.037 0.034 0.025 0.028 0.039 0.044 0.043 0.056 0.072 0.069 0.068 0.075 0.075 0.074 0.073 0.078 0.083 0.082 0.08 0.082 0.08 0.085 0.095 0.1 0.101 0.107
-9999 -9999 -9999 -9999 -9999 -9999 -9999 -9999 -9999 -9999 -9999 -9999 -9999 -9999 -9999 -9999 -9999 -9999 -9999 -9999 -9999 -9999 -9999 -9999 -9999 -9999 -9999 -9999 -9999 -9999 -9999 -9999 -9999 -9999 -9999 -9999 0.026 0.027 0.03 0.034 0.026 0.018 0.023 0.03 0.034 0.038 0.03 0.021 0.026 0.032 0.029 0.024 0.027 0.03 0.035 0.04 0.053 0.068 0.065 0.059 0.066 0.074 0.073 0.071 0.076 0.081 0.08 0.077 0.079 0.08 0.086 0.091 0.096 0.1 0.107
-9999 -9999 -9999 -9999 -9999 -9999 -9999 -9999 -9999 -9999 -9999 -9999 -9999 -9999 -9999 -9999 -9999 -9999 -9999 -9999 -9999 -9999 -9999 -9999 -9999 -9999 -9999 -9999 -9999 -9999 -9999 -9999 -9999 -9999 -9999 -9999 -9999 0.035 0.039 0.044 0.037 0.028 0.033 0.037 0.036 0.028 0.023 0.022 0.027 0.03 0.024 0.012 0.024 0.033 0.028 0.028 0.047 0.066 0.059 0.052 0.057 0.062 0.072 0.076 0.078 0.082 0.072 0.064 0.075 0.082 0.088 0.094 0.102 0.11 0.109
