Validation/Results/raw data/ReClimate_11_2023_2_Temperature-Actualsweatherlogisticsltd.asc
NCOLS 192
NROWS 249
XLLCENTER -225160.85627316462
YLLCENTER 29788.11610251502
CELLSIZE 5000.0
NODATA_VALUE -9999
[rows 136 to 169 of 249, columns 77 to 153 of 192]
-9999 -9999 -9999 -9999 -9999 -9999 -9999 -9999 5.446 -9999 4.93 4.558 4.594 4.607 4.826 4.954 4.995 4.93 4.039 4.141 4.133 4.18 4.639 4.642 4.656 4.752 4.402 4.405 -9999 -9999 -9999 -9999 -9999 -9999 5.122 5.333 5.339 5.098 4.951 4.754 4.223 3.934 4.166 4.206 4.237 4.621 4.377 4.278 4.692 4.96 5.188 5.172 5.521 5.676 5.751 5.837 6.189 -9999 -9999 -9999 -9999 -9999 -9999 -9999 -9999 -9999 -9999 -9999 -9999 -9999 -9999 -9999 -9999 -9999 -9999 -9999 -9999
-9999 -9999 -9999 -9999 -9999 -9999 -9999 -9999 5.323 5.273 5.272 5.339 5.102 4.98 4.965 5.015 5.318 5.152 4.806 4.141 4.161 4.261 4.634 4.537 4.542 4.946 4.728 5.253 -9999 -9999 -9999 -9999 5.19 4.992 5.102 5.352 5.451 5.354 5.113 4.413 3.687 3.696 3.92 3.646 4.27 4.175 3.979 4.502 4.471 4.763 5.268 5.329 5.007 5.333 5.589 5.677 6.247 -9999 -9999 -9999 -9999 -9999 -9999 -9999 -9999 -9999 -9999 -9999 -9999 -9999 -9999 -9999 -9999 -9999 -9999 -9999 -9999
6.075 -9999 -9999 -9999 -9999 -9999 -9999 -9999 5.368 5.608 5.537 -9999 -9999 5.393 5.186 5.208 5.324 -9999 5.491 5.208 4.969 4.793 4.848 4.57 5.021 5.403 -9999 -9999 -9999 -9999 -9999 5.552 5.295 5.109 5.161 5.244 5.286 5.284 4.888 4.227 3.259 3.073 3.594 3.379 3.891 3.445 3.693 4.025 4.008 4.652 4.791 4.891 4.919 5.153 5.422 5.556 6.03 -9999 -9999 -9999 -9999 -9999 -9999 -9999 -9999 -9999 -9999 -9999 -9999 -9999 -9999 -9999 -9999 -9999 -9999 -9999 -9999
5.726 -9999 -9999 -9999 -9999 -9999 -9999 -9999 -9999 5.751 5.9 -9999 -9999 -9999 5.666 5.319 5.362 5.601 -9999 -9999 5.546 5.41 5.295 4.931 5.142 -9999 -9999 -9999 -9999 -9999 5.48 5.418 5.222 5.152 5.127 5.088 5.161 4.897 4.673 4.336 3.396 3.228 2.674 3.285 2.874 2.75 3.154 3.504 3.496 3.91 4.53 4.624 4.583 4.991 5.299 5.263 5.537 -9999 -9999 -9999 -9999 -9999 -9999 -9999 -9999 -9999 -9999 -9999 -9999 -9999 -9999 -9999 -9999 -9999 -9999 -9999 -9999
-9999 -9999 -9999 -9999 -9999 -9999 -9999 -9999 -9999 -9999 5.97 -9999 -9999 -9999 -9999 5.664 5.306 5.501 -9999 -9999 -9999 5.735 5.878 -9999 -9999 -9999 -9999 -9999 -9999 -9999 5.511 5.343 5.097 4.848 4.649 4.77 4.862 4.776 4.859 4.506 3.86 2.964 2.888 2.928 2.225 2.419 2.763 3.267 3.22 3.425 4.039 4.488 4.782 5.017 5.137 4.997 5.217 -9999 -9999 -9999 -9999 -9999 -9999 -9999 -9999 -9999 -9999 -9999 -9999 -9999 -9999 -9999 -9999 -9999 -9999 -9999 -9999
-9999 -9999 -9999 -9999 -9999 -9999 -9999 -9999 -9999 -9999 5.763 -9999 -9999 -9999 -9999 -9999 5.733 5.699 -9999 -9999 -9999 -9999 -9999 -9999 -9999 -9999 -9999 -9999 -9999 -9999 5.443 4.932 4.585 4.402 4.295 4.469 4.591 4.689 4.726 4.48 4.056 3.115 2.188 1.699 2.039 2.494 3.406 3.598 3.723 3.978 4.106 4.152 4.645 5.033 4.996 4.806 4.987 5.555 -9999 -9999 -9999 -9999 -9999 -9999 -9999 -9999 -9999 -9999 -9999 -9999 -9999 -9999 -9999 -9999 -9999 -9999 -9999
5.547 5.633 6.143 -9999 -9999 -9999 -9999 -9999 -9999 -9999 5.77 -9999 -9999 -9999 -9999 -9999 -9999 -9999 -9999 -9999 -9999 -9999 -9999 -9999 -9999 -9999 -9999 -9999 -9999 5.547 5.123 4.884 4.9 4.687 3.897 4.326 4.345 4.271 4.538 4.427 4.572 3.328 1.954 1.533 2.308 2.921 2.594 2.432 3.074 3.553 4.39 4.488 4.533 4.707 4.774 4.816 4.895 5.349 5.994 -9999 -9999 -9999 -9999 -9999 -9999 -9999 -9999 -9999 -9999 -9999 -9999 -9999 -9999 -9999 -9999 -9999 -9999
5.506 5.831 6.061 -9999 -9999 -9999 -9999 -9999 -9999 -9999 -9999 -9999 -9999 -9999 -9999 -9999 -9999 -9999 -9999 -9999 -9999 -9999 -9999 -9999 -9999 -9999 -9999 -9999 5.369 5.299 4.944 4.852 4.863 4.604 2.942 3.518 4.413 4.436 4.494 4.809 4.593 4.009 2.748 1.71 2.214 2.569 2.967 3.124 3.02 3.271 3.797 4.515 4.658 4.801 4.829 4.865 5.014 5.427 5.923 -9999 -9999 -9999 -9999 -9999 -9999 -9999 -9999 -9999 -9999 -9999 -9999 -9999 -9999 -9999 -9999 -9999 -9999
5.778 -9999 6.144 6.384 -9999 -9999 -9999 -9999 -9999 -9999 -9999 -9999 -9999 -9999 -9999 -9999 -9999 -9999 -9999 -9999 -9999 -9999 -9999 -9999 -9999 -9999 -9999 -9999 5.096 5.02 4.911 4.002 3.955 4.3 4.48 4.194 3.931 4.237 4.412 4.561 4.759 4.62 3.778 3.197 2.192 2.857 3.24 3.405 3.497 3.774 4.103 4.414 4.521 4.774 4.862 4.969 5.058 5.404 5.885 6.149 6.188 -9999 -9999 -9999 -9999 -9999 -9999 -9999 -9999 -9999 -9999 -9999 -9999 -9999 -9999 -9999 -9999
5.795 -9999 -9999 6.363 -9999 -9999 -9999 -9999 -9999 -9999 -9999 -9999 -9999 -9999 -9999 -9999 -9999 -9999 -9999 -9999 -9999 -9999 -9999 -9999 -9999 -9999 -9999 -9999 5.239 5.045 4.372 3.537 4.811 4.874 4.074 3.603 4.174 4.118 3.887 4.641 4.516 4.857 4.921 4.051 3.474 3.083 3.325 3.555 3.984 4.208 4.532 4.774 4.945 4.924 5.081 5.005 5.163 5.37 5.639 5.418 5.47 5.486 5.743 5.341 -9999 -9999 -9999 -9999 -9999 -9999 -9999 -9999 -9999 -9999 -9999 -9999 -9999
5.754 6.082 -9999 6.439 -9999 -9999 -9999 -9999 -9999 -9999 -9999 -9999 -9999 -9999 -9999 -9999 -9999 -9999 -9999 -9999 -9999 -9999 -9999 -9999 -9999 -9999 -9999 6.113 5.332 4.81 3.748 3.196 3.168 3.909 4.153 4.097 3.811 3.359 4.311 3.711 4.295 4.667 4.829 4.619 4.342 3.856 3.289 3.53 3.983 4.35 4.609 4.847 5.023 5.184 5.194 5.207 5.279 5.41 5.448 5.273 4.522 4.5 4.608 4.731 5.176 4.902 -9999 -9999 -9999 -9999 -9999 -9999 -9999 -9999 -9999 -9999 -9999
5.86 -9999 6.257 -9999 -9999 -9999 -9999 -9999 -9999 -9999 -9999 -9999 -9999 -9999 -9999 -9999 -9999 -9999 -9999 -9999 -9999 -9999 -9999 -9999 -9999 -9999 -9999 -9999 5.969 5.052 3.703 3.388 3.824 2.595 3.305 4.029 3.56 4.052 3.124 3.438 4.198 4.5 4.447 4.483 4.158 2.678 2.97 3.122 3.144 3.508 4.283 4.595 4.865 5.136 5.251 5.268 5.34 5.487 5.541 5.355 4.726 4.372 4.558 4.573 4.533 4.76 4.776 -9999 -9999 -9999 -9999 -9999 -9999 -9999 -9999 -9999 -9999
5.983 6.025 6.158 -9999 -9999 -9999 -9999 -9999 -9999 -9999 -9999 -9999 -9999 -9999 -9999 -9999 -9999 -9999 -9999 -9999 -9999 -9999 -9999 -9999 -9999 -9999 -9999 -9999 -9999 5.665 4.94 4.883 3.718 3.757 4.024 4.71 4.898 3.695 3.719 4.112 4.256 3.951 3.944 4.199 3.326 3.017 2.845 2.389 2.817 3.453 3.734 4.365 4.719 5.079 5.23 5.244 5.338 5.466 4.891 4.65 4.077 3.482 3.72 4.006 4.417 4.352 4.62 5.174 -9999 -9999 -9999 -9999 -9999 -9999 -9999 -9999 -9999
6.22 6.064 -9999 -9999 -9999 -9999 -9999 -9999 -9999 -9999 -9999 -9999 -9999 -9999 -9999 -9999 -9999 -9999 -9999 -9999 -9999 -9999 -9999 -9999 -9999 -9999 -9999 -9999 -9999 6.263 5.707 5.192 4.59 4.043 3.59 4.859 4.359 4.518 4.747 4.717 4.457 4.012 3.119 3.955 3.296 2.685 3.057 3.775 3.936 3.874 4.032 4.238 4.815 5.156 5.238 5.239 5.14 4.851 4.547 4.147 4.218 3.957 3.818 3.707 3.806 4.064 4.251 4.854 5.769 -9999 -9999 -9999 -9999 -9999 -9999 -9999 -9999
6.196 6.328 -9999 -9999 -9999 -9999 -9999 -9999 -9999 -9999 -9999 -9999 -9999 -9999 -9999 -9999 -9999 -9999 -9999 -9999 -9999 -9999 -9999 -9999 -9999 -9999 -9999 -9999 -9999 -9999 5.456 4.804 4.573 3.987 4.75 4.636 4.98 5.071 5.043 4.861 4.619 4.137 4.219 3.019 3.338 3.507 3.427 3.798 3.861 3.724 4.349 4.485 4.903 5.124 5.261 5.242 4.987 4.662 4.487 4.311 4.144 4.1 4.062 3.946 3.902 3.995 4.359 4.69 5.448 -9999 -9999 -9999 -9999 -9999 -9999 -9999 -9999
-9999 -9999 -9999 -9999 -9999 -9999 -9999 -9999 -9999 -9999 -9999 -9999 -9999 -9999 -9999 -9999 -9999 -9999 -9999 -9999 -9999 -9999 -9999 -9999 -9999 -9999 -9999 -9999 -9999 -9999 6.166 4.571 4.803 5.343 4.979 5.234 5.192 5.364 5.213 4.737 4.752 4.753 3.07 3.666 3.433 3.375 3.245 3.985 4.061 4.21 4.315 4.664 4.841 5.148 5.275 5.266 5.086 4.506 4.187 4.339 4.489 4.427 4.357 4.189 4.147 4.084 4.205 4.751 5.022 5.843 -9999 -9999 -9999 -9999 -9999 -9999 -9999
-9999 -9999 -9999 -9999 -9999 -9999 -9999 -9999 -9999 -9999 -9999 -9999 -9999 -9999 -9999 -9999 -9999 -9999 -9999 -9999 -9999 -9999 -9999 -9999 -9999 -9999 -9999 -9999 -9999 -9999 -9999 5.703 5.808 5.414 5.173 5.364 5.303 5.537 5.314 5.009 5.083 4.354 3.498 3.1 3.128 2.798 3.218 3.236 3.516 3.968 3.977 4.304 4.764 5.096 5.244 5.111 4.96 4.844 4.161 4.18 4.75 5.033 4.833 4.713 4.647 4.704 4.777 5.021 5.321 5.512 -9999 -9999 -9999 -9999 -9999 -9999 -9999
-9999 -9999 -9999 -9999 -9999 -9999 -9999 -9999 -9999 -9999 -9999 -9999 -9999 -9999 -9999 -9999 -9999 -9999 -9999 -9999 -9999 -9999 -9999 -9999 -9999 -9999 -9999 -9999 -9999 -9999 -9999 6.198 -9999 5.35 5.571 5.477 5.576 -9999 5.584 5.258 5.136 4.456 3.453 3.447 3.417 2.954 3.213 3.174 2.641 3.383 3.695 3.93 4.289 4.867 5.121 5.042 4.905 4.908 4.959 4.774 5.086 5.279 5.098 4.88 4.862 4.927 5.061 5.165 4.908 4.89 5.237 -9999 -9999 -9999 -9999 -9999 -9999
-9999 -9999 -9999 -9999 -9999 -9999 -9999 -9999 -9999 -9999 -9999 -9999 -9999 -9999 -9999 -9999 -9999 -9999 -9999 -9999 -9999 -9999 -9999 -9999 -9999 -9999 -9999 -9999 -9999 -9999 -9999 -9999 6.067 5.622 -9999 -9999 -9999 -9999 5.841 5.535 5.456 4.9 4.478 3.666 3.522 3.318 3.169 3.84 3.487 2.96 3.641 3.82 4.308 4.706 5.069 5.173 5.141 5.101 5.128 5.126 5.034 5.142 4.976 4.855 4.939 4.921 4.771 4.82 4.962 4.831 4.893 5.154 5.63 -9999 -9999 -9999 -9999
-9999 -9999 -9999 -9999 -9999 -9999 -9999 -9999 -9999 -9999 -9999 -9999 -9999 -9999 -9999 -9999 -9999 -9999 -9999 -9999 -9999 -9999 -9999 -9999 -9999 -9999 -9999 -9999 -9999 -9999 -9999 -9999 6.287 6.081 -9999 -9999 -9999 -9999 5.987 5.462 5.581 5.195 4.504 4.611 4.439 3.697 3.609 3.773 3.933 3.043 3.539 3.806 4.113 4.586 5.067 5.243 5.276 5.254 5.205 5.202 5.145 5.043 4.991 4.934 4.94 4.818 4.609 4.468 4.553 4.721 4.989 5.282 5.667 -9999 -9999 -9999 -9999
-9999 -9999 -9999 -9999 -9999 -9999 -9999 -9999 -9999 -9999 -9999 -9999 -9999 -9999 -9999 -9999 -9999 -9999 -9999 -9999 -9999 -9999 -9999 -9999 -9999 -9999 -9999 -9999 -9999 -9999 -9999 -9999 6.337 -9999 -9999 -9999 -9999 6.197 5.846 5.444 4.766 4.445 4.439 4.437 4.513 4.022 3.589 4.085 4.085 4.006 3.555 3.99 4.276 4.697 5.046 5.289 5.229 5.228 5.238 5.283 5.309 5.258 5.221 4.998 4.606 4.576 4.563 4.638 4.72 4.861 5.095 5.447 -9999 -9999 -9999 -9999 -9999
-9999 -9999 -9999 -9999 -9999 -9999 -9999 -9999 -9999 -9999 -9999 -9999 -9999 -9999 -9999 -9999 -9999 -9999 -9999 -9999 -9999 -9999 -9999 -9999 -9999 -9999 -9999 -9999 -9999 -9999 -9999 -9999 -9999 -9999 -9999 -9999 -9999 6.286 5.718 4.681 3.891 3.598 4.043 4.598 4.552 4.658 4.533 4.65 4.481 4.255 4.035 4.05 4.461 4.792 5.044 5.265 5.262 5.219 5.29 5.402 5.456 5.395 5.312 5.197 4.542 4.175 4.641 4.846 5.051 5.105 5.259 5.432 -9999 -9999 -9999 -9999 -9999
-9999 -9999 -9999 -9999 -9999 -9999 -9999 -9999 -9999 -9999 -9999 -9999 -9999 -9999 -9999 -9999 -9999 -9999 -9999 -9999 -9999 -9999 -9999 -9999 -9999 -9999 -9999 -9999 -9999 -9999 -9999 -9999 -9999 -9999 -9999 -9999 -9999 6.193 5.654 4.875 4.069 4.047 4.497 4.633 4.936 4.903 4.884 4.916 4.801 4.909 4.469 4.434 4.496 4.747 4.985 5.216 5.37 5.323 5.372 5.5 5.547 5.49 5.382 5.307 4.972 4.449 4.638 5.015 5.204 5.296 5.335 5.381 -9999 -9999 -9999 -9999 -9999
-9999 -9999 -9999 -9999 -9999 -9999 -9999 -9999 -9999 -9999 -9999 -9999 -9999 -9999 -9999 -9999 -9999 -9999 -9999 -9999 -9999 -9999 -9999 -9999 -9999 -9999 -9999 -9999 -9999 -9999 -9999 -9999 -9999 -9999 -9999 -9999 6.27 6.09 5.64 4.734 4.165 3.924 4.5 4.537 5.25 5.007 5.034 4.773 4.7 4.536 5.153 5.102 5.206 5.127 5.3 5.206 5.324 5.405 5.344 5.383 5.53 5.502 5.443 5.363 5.273 4.885 4.827 5.116 5.335 5.398 5.369 5.345 5.402 -9999 -9999 -9999 -9999
-9999 -9999 -9999 -9999 -9999 -9999 -9999 -9999 -9999 -9999 -9999 -9999 -9999 -9999 -9999 -9999 -9999 -9999 -9999 -9999 -9999 -9999 -9999 -9999 -9999 -9999 -9999 -9999 -9999 -9999 -9999 -9999 -9999 -9999 -9999 -9999 6.074 6.029 5.735 5.242 4.563 5.156 5.027 5.489 5.004 4.639 4.737 4.486 4.535 4.869 4.688 5.116 5.121 5.089 5.125 5.267 5.267 5.392 5.439 5.413 5.452 5.489 5.454 5.432 5.374 5.269 4.995 5.126 5.386 5.477 5.418 5.29 5.334 -9999 -9999 -9999 -9999
-9999 -9999 -9999 -9999 -9999 -9999 -9999 -9999 -9999 -9999 -9999 -9999 -9999 -9999 -9999 -9999 -9999 -9999 -9999 -9999 -9999 -9999 -9999 -9999 -9999 -9999 -9999 -9999 -9999 -9999 -9999 -9999 -9999 -9999 -9999 6.163 5.993 6.001 6.052 5.587 5.526 5.436 5.617 5.498 4.933 4.879 4.712 4.47 4.509 4.674 5.374 5.133 5.482 5.423 5.321 5.177 5.271 5.347 5.437 5.46 5.451 5.471 5.467 5.455 5.416 5.353 5.203 5.049 5.304 5.57 5.582 5.338 5.207 5.422 -9999 -9999 -9999
-9999 -9999 -9999 -9999 -9999 -9999 -9999 -9999 -9999 -9999 -9999 -9999 -9999 -9999 -9999 -9999 -9999 -9999 -9999 -9999 -9999 -9999 -9999 -9999 -9999 -9999 -9999 -9999 -9999 -9999 -9999 -9999 -9999 -9999 -9999 6.007 5.945 6.023 6.041 5.914 5.768 5.712 5.508 5.246 5.335 5.108 4.576 3.769 3.958 4.216 4.844 5.389 5.29 5.599 5.735 5.541 5.297 5.39 5.479 5.499 5.493 5.503 5.519 5.517 5.514 5.498 5.346 5.175 5.381 5.753 5.848 5.656 5.335 5.32 -9999 -9999 -9999
-9999 -9999 -9999 -9999 -9999 -9999 -9999 -9999 -9999 -9999 -9999 -9999 -9999 -9999 -9999 -9999 -9999 -9999 -9999 -9999 -9999 -9999 -9999 -9999 -9999 -9999 -9999 -9999 -9999 -9999 -9999 -9999 -9999 -9999 -9999 6.072 5.984 6.059 6.167 6.105 5.963 5.64 5.379 5.247 4.91 4.409 3.798 3.77 3.988 4.193 4.674 5.16 5.09 5.099 5.559 5.804 5.738 5.635 5.639 5.593 5.546 5.567 5.58 5.583 5.592 5.59 5.61 5.497 5.576 5.901 6.021 5.868 5.586 5.396 5.481 -9999 -9999
-9999 -9999 -9999 -9999 -9999 -9999 -9999 -9999 -9999 -9999 -9999 -9999 -9999 -9999 -9999 -9999 -9999 -9999 -9999 -9999 -9999 -9999 -9999 -9999 -9999 -9999 -9999 -9999 -9999 -9999 -9999 -9999 -9999 -9999 -9999 -9999 5.982 6.035 6.143 6.07 5.65 5.222 4.982 4.809 4.741 4.548 4.139 4.291 4.263 4.637 5.336 5.465 5.378 5.126 5.471 5.75 5.765 5.774 5.779 5.686 5.624 5.635 5.65 5.639 5.624 5.622 5.608 5.68 5.706 -9999 5.971 -9999 5.694 5.575 5.541 5.74 -9999
-9999 -9999 -9999 -9999 -9999 -9999 -9999 -9999 -9999 -9999 -9999 -9999 -9999 -9999 -9999 -9999 -9999 -9999 -9999 -9999 -9999 -9999 -9999 -9999 -9999 -9999 -9999 -9999 -9999 -9999 -9999 -9999 -9999 -9999 -9999 6.169 6.031 6.063 6.15 5.967 5.41 4.718 4.638 4.757 4.376 4.353 4.541 4.238 3.929 4.325 4.934 5.734 5.58 5.496 5.682 5.74 5.668 5.755 5.76 5.739 5.694 5.688 5.664 5.641 5.606 5.43 5.45 5.556 5.478 5.51 5.695 5.736 -9999 5.714 5.738 5.66 5.821
-9999 -9999 -9999 -9999 -9999 -9999 -9999 -9999 -9999 -9999 -9999 -9999 -9999 -9999 -9999 -9999 -9999 -9999 -9999 -9999 -9999 -9999 -9999 -9999 -9999 -9999 -9999 -9999 -9999 -9999 -9999 -9999 -9999 -9999 -9999 6.218 6.124 6.218 6.134 5.76 5.43 5.045 4.846 4.991 4.963 5.054 5.164 4.587 4.138 4.432 4.958 5.271 5.293 5.362 5.504 5.575 5.471 5.516 5.678 5.726 5.771 5.746 5.689 5.623 5.594 5.543 5.33 5.416 5.42 5.216 5.345 5.546 5.665 -9999 -9999 -9999 -9999
-9999 -9999 -9999 -9999 -9999 -9999 -9999 -9999 -9999 -9999 -9999 -9999 -9999 -9999 -9999 -9999 -9999 -9999 -9999 -9999 -9999 -9999 -9999 -9999 -9999 -9999 -9999 -9999 -9999 -9999 -9999 -9999 -9999 -9999 6.334 6.325 6.219 6.098 5.965 5.906 5.759 5.336 5.516 5.573 5.612 5.7 5.507 4.815 3.943 3.748 4.322 4.781 4.734 5.108 5.492 5.522 5.592 5.516 5.632 5.744 5.797 5.773 5.707 5.619 5.582 5.55 5.479 5.365 5.356 5.131 5.075 5.282 5.505 5.636 5.723 -9999 -9999
-9999 -9999 -9999 -9999 -9999 -9999 -9999 -9999 -9999 -9999 -9999 -9999 -9999 -9999 -9999 -9999 -9999 -9999 -9999 -9999 -9999 -9999 -9999 -9999 -9999 -9999 -9999 -9999 -9999 -9999 -9999 -9999 -9999 -9999 6.446 6.28 6.238 6.157 5.946 5.743 5.933 5.898 5.933 5.944 5.996 6.027 5.769 5.184 4.508 3.544 3.262 4.068 4.306 4.681 5.266 5.36 5.698 5.799 5.654 5.728 5.815 5.799 5.733 5.641 5.583 5.562 5.474 5.422 5.386 5.323 4.932 5.042 5.268 5.467 5.628 5.785 -9999
-9999 -9999 -9999 -9999 -9999 -9999 -9999 -9999 -9999 -9999 -9999 -9999 -9999 -9999 -9999 -9999 -9999 -9999 -9999 -9999 -9999 -9999 -9999 -9999 -9999 -9999 -9999 -9999 -9999 -9999 -9999 -9999 -9999 -9999 -9999 6.352 6.279 6.204 5.932 6.03 6.053 6.1 6.164 6.217 6.399 6.375 6.082 5.604 4.803 3.956 3.145 3.039 3.791 4.381 4.973 5.439 5.458 5.694 5.628 5.625 5.741 5.746 5.718 5.639 5.579 5.521 5.421 5.372 5.395 5.326 5.096 4.912 5.067 5.234 5.479 5.684 5.687
