Validation/Results/raw data/ReClimate_12_2023_1weatherlogisticsltd.asc
NCOLS 192
NROWS 249
XLLCENTER -225160.85627316462
YLLCENTER 29788.11610251502
CELLSIZE 5000.0
NODATA_VALUE -9999
[rows 198 to 230 of 249, columns 75 to 149 of 192]
-9999 -9999 -9999 -9999 -9999 -9999 -9999 -9999 -9999 -9999 -9999 -9999 -9999 -9999 -9999 -9999 -9999 106.937 107.456 108.164 108.147 108.134 108.015 107.991 107.5 107.045 107.492 107.699 108.683 109.301 108.85 108.676 108.583 108.634 108.91 109.178 109.276 109.372 109.321 109.236 108.124 106.982 108.104 109.138 109.108 109.115 109.67 110.288 110.498 110.757 110.955 111.187 111.426 111.669 111.916 112.16 112.386 112.598 112.816 113.042 113.273 113.489 113.697 113.906 114.11 114.323 114.549 114.789 114.996 115.152 115.263 115.379 115.429 115.416 115.271
-9999 -9999 -9999 -9999 -9999 -9999 -9999 -9999 -9999 -9999 -9999 -9999 -9999 -9999 106.873 104.915 105.706 107.992 107.827 106.574 106.708 107.199 107.529 108.311 107.981 107.712 108.167 109.053 109.288 109.012 108.904 108.829 108.934 109.145 109.301 109.37 109.464 109.553 109.542 109.644 109.057 109.173 109.731 109.737 109.837 110.028 110.415 110.54 110.729 110.888 111.069 111.271 111.498 111.733 111.97 112.202 112.413 112.609 112.817 113.018 113.216 113.414 113.603 113.794 113.991 114.197 114.416 114.633 114.805 114.928 115.041 115.153 115.21 115.195 115.174
-9999 -9999 -9999 -9999 -9999 -9999 -9999 -9999 -9999 -9999 -9999 -9999 107.253 107.325 106.615 106.642 107.967 108.436 107.643 107.223 107.571 107.838 108.324 108.532 108.46 108.735 109.028 108.474 108.659 109.609 109.516 109.321 109.438 109.439 109.49 109.557 109.638 109.733 109.815 109.895 109.979 110.065 109.973 109.708 110.032 110.496 110.637 110.774 110.911 111.064 111.239 111.426 111.618 111.834 112.063 112.279 112.468 112.635 112.8 112.97 113.142 113.321 113.502 113.688 113.879 114.079 114.29 114.462 114.595 114.698 114.807 114.91 114.974 114.973 114.954
-9999 -9999 -9999 -9999 -9999 -9999 -9999 -9999 104.366 107.025 107.196 107.367 107.571 105.18 105.459 106.196 106.61 106.991 106.845 107.015 107.146 107.103 107.346 107.979 108.586 109.866 109.426 108.997 109.587 109.846 109.698 109.567 109.542 109.46 109.114 107.984 108.485 109.876 109.966 110.053 110.136 110.221 109.791 108.986 109.532 110.718 110.855 110.988 111.12 111.266 111.429 111.608 111.789 111.965 112.154 112.335 112.497 112.649 112.796 112.944 113.095 113.256 113.423 113.594 113.776 113.97 114.146 114.286 114.385 114.481 114.576 114.666 114.722 114.731 114.723
-9999 -9999 -9999 -9999 -9999 -9999 -9999 105.286 105.479 107.311 107.459 107.75 106.88 107.04 107.475 107.518 107.831 108.068 108.049 107.687 107.757 107.911 108.458 108.996 109.549 109.133 108.984 109.171 109.393 109.649 109.61 109.697 109.682 109.756 109.321 109.743 110.321 110.009 110.094 110.182 110.276 110.377 109.842 109.389 110.246 110.923 111.055 111.183 111.311 111.446 111.593 111.758 111.923 112.09 112.249 112.391 112.521 112.658 112.798 112.938 113.081 113.227 113.381 113.539 113.702 113.865 113.996 114.099 114.186 114.274 114.354 114.427 114.479 114.487 114.478
-9999 -9999 -9999 -9999 -9999 -9999 106.128 105.894 106.972 107.502 107.855 108.427 108.54 108.612 108.598 108.441 108.716 109.062 108.893 108.864 108.999 109.147 109.61 110.072 109.28 107.642 107.521 106.986 107.424 108.309 108.511 108.924 109.16 109.729 110.072 110.381 110.191 110.155 110.223 110.328 110.438 110.559 110.41 110.522 110.887 110.86 111.029 111.339 111.236 110.712 110.041 109.093 111.298 112.196 112.342 112.469 112.577 112.689 112.809 112.939 113.073 113.212 113.354 113.502 113.657 113.771 113.855 113.92 113.994 114.071 114.14 114.203 113.545 113.273 113.227
-9999 -9999 -9999 -9999 106.582 -9999 106.664 106.819 107.238 107.504 107.843 107.848 108.161 108.947 108.917 109.017 109.248 109.334 109.165 108.633 108.582 108.25 108.707 109.301 108.542 108.866 109.045 110.453 110.785 110.36 110.612 110.688 110.786 110.168 110.361 110.399 110.352 110.333 110.408 110.498 110.619 110.734 110.847 110.968 111.005 111.078 111.304 111.479 111.142 110.944 110.653 109.151 110.837 112.3 112.433 112.546 112.649 112.752 112.856 112.964 113.078 113.202 113.336 113.473 113.583 113.671 113.726 113.778 113.828 113.881 113.937 113.993 113.771 113.11 113.063
-9999 -9999 -9999 -9999 -9999 -9999 -9999 -9999 106.084 107.515 107.723 108.241 108.792 109.153 109.255 109.347 109.432 109.511 109.0 108.287 108.241 108.543 108.665 108.128 108.397 108.689 109.805 110.883 110.598 110.443 110.393 110.17 109.737 109.332 109.882 111.298 111.055 110.357 110.47 110.701 110.415 109.422 109.893 111.138 111.246 111.357 111.5 111.616 110.584 107.838 108.224 110.018 110.868 111.886 112.315 112.622 112.72 112.819 112.917 113.018 113.121 113.23 113.348 113.442 113.509 113.557 113.605 113.651 113.692 113.725 113.743 113.785 113.436 112.929 113.217
-9999 -9999 -9999 -9999 -9999 -9999 -9999 -9999 106.314 106.681 107.281 108.147 108.6 109.352 109.446 109.531 109.609 109.383 108.043 107.689 108.16 108.971 108.548 108.14 108.339 108.451 109.266 109.989 109.808 109.499 109.544 110.087 110.004 110.386 111.233 111.458 111.031 110.849 110.961 110.909 110.348 110.245 111.02 111.309 111.429 111.536 111.641 111.753 110.064 109.238 110.533 110.639 111.055 112.0 112.226 112.696 112.791 112.885 112.979 113.074 113.173 113.277 113.362 113.426 113.463 113.492 113.528 113.565 113.596 113.62 113.634 113.643 113.525 112.896 113.012
-9999 -9999 -9999 -9999 -9999 -9999 107.05 106.708 106.922 106.898 -9999 107.836 108.578 109.548 109.634 109.712 109.769 -9999 109.093 108.816 109.253 109.182 108.836 108.32 108.701 109.565 109.983 110.111 109.856 109.548 110.313 111.687 111.617 110.862 111.003 111.034 110.968 111.05 111.056 111.126 110.943 110.575 110.914 111.479 111.592 111.686 111.012 108.891 109.147 110.981 111.519 112.182 111.945 112.492 112.51 112.671 112.702 112.54 112.853 113.133 113.226 113.3 112.684 112.508 112.289 111.829 112.854 113.509 113.532 113.548 113.562 113.572 113.568 113.466 112.873
-9999 -9999 -9999 -9999 -9999 -9999 107.248 -9999 -9999 -9999 106.988 107.453 108.436 -9999 -9999 -9999 -9999 -9999 109.286 108.312 108.371 108.675 108.429 108.479 109.058 109.351 109.563 110.011 110.178 111.245 112.051 112.246 111.628 111.0 111.033 111.058 111.131 111.203 111.273 111.342 110.984 110.528 111.04 111.658 111.748 111.838 110.715 110.737 111.67 111.519 111.923 112.452 112.566 112.67 112.59 112.502 112.234 112.074 112.567 113.192 113.253 113.304 112.582 112.045 111.972 112.643 112.832 113.46 113.478 113.489 113.498 113.507 113.496 113.457 113.249
-9999 -9999 -9999 -9999 -9999 -9999 -9999 -9999 108.464 108.215 108.335 107.93 108.973 -9999 -9999 -9999 -9999 -9999 -9999 -9999 -9999 109.14 109.453 110.3 110.509 110.556 110.147 108.282 109.482 111.391 111.458 111.385 111.149 111.381 111.418 111.45 111.486 111.421 111.488 111.555 111.292 111.216 111.557 111.677 111.736 111.785 111.783 111.668 111.742 112.185 112.289 112.57 112.664 112.754 112.84 112.822 112.256 111.701 112.388 113.218 113.263 113.294 111.939 111.111 111.689 112.183 112.96 113.193 113.428 113.434 113.439 113.445 113.427 113.383 113.332
-9999 -9999 -9999 -9999 -9999 -9999 -9999 -9999 -9999 109.122 -9999 -9999 -9999 -9999 -9999 -9999 -9999 -9999 -9999 110.283 110.081 109.331 109.635 109.209 109.324 109.499 108.452 108.323 109.64 110.592 110.746 111.313 111.52 111.726 111.716 111.601 111.589 111.637 111.702 111.768 111.74 111.732 -9999 111.675 111.734 111.897 111.849 111.707 112.06 112.407 112.526 112.687 112.761 112.84 112.922 113.004 112.303 111.4 112.214 113.227 113.256 113.284 112.048 111.996 112.634 112.75 113.066 112.59 113.134 113.384 113.385 113.384 113.361 113.314 112.649
-9999 -9999 -9999 -9999 -9999 -9999 -9999 -9999 -9999 -9999 -9999 -9999 -9999 -9999 -9999 -9999 -9999 -9999 -9999 110.81 110.35 110.124 110.021 -9999 -9999 -9999 110.703 111.183 111.916 112.538 112.822 112.795 112.828 112.596 112.493 112.388 112.274 111.867 111.925 111.982 112.148 -9999 112.449 112.132 111.794 110.671 110.951 111.94 112.206 112.449 112.533 112.389 112.696 112.928 112.046 111.143 110.584 109.744 110.464 111.731 111.403 111.234 110.937 111.496 112.924 112.935 113.334 113.06 112.942 113.339 113.336 112.466 112.357 112.793 112.632
-9999 -9999 -9999 -9999 -9999 -9999 -9999 -9999 -9999 -9999 -9999 -9999 -9999 -9999 -9999 -9999 -9999 -9999 -9999 -9999 -9999 -9999 -9999 -9999 -9999 -9999 109.855 107.711 108.792 111.047 111.158 111.456 111.488 111.915 111.845 111.758 111.665 111.995 112.076 -9999 -9999 112.223 112.172 112.455 111.476 110.451 111.212 111.817 112.097 112.496 112.369 112.405 112.662 113.004 113.061 112.548 112.266 112.08 111.959 112.06 111.873 111.593 111.34 111.377 112.197 111.36 112.137 112.401 112.26 111.348 111.379 111.493 111.363 111.755 111.16
-9999 -9999 -9999 -9999 -9999 -9999 -9999 -9999 -9999 -9999 -9999 -9999 -9999 -9999 -9999 -9999 -9999 -9999 -9999 -9999 -9999 -9999 -9999 -9999 -9999 -9999 110.458 109.098 110.595 111.41 111.701 112.042 112.332 112.446 112.308 111.898 -9999 -9999 -9999 -9999 -9999 111.949 112.142 112.231 111.687 111.728 112.081 112.056 112.354 112.551 112.16 111.485 111.128 111.753 111.984 111.921 112.306 112.52 112.875 112.142 111.69 111.821 112.301 112.546 112.98 112.851 112.206 112.094 112.088 111.591 111.615 112.578 111.631 111.371 111.525
-9999 -9999 -9999 -9999 -9999 -9999 -9999 -9999 -9999 -9999 -9999 -9999 -9999 -9999 -9999 -9999 -9999 -9999 -9999 -9999 -9999 -9999 -9999 -9999 -9999 -9999 -9999 -9999 111.018 111.402 111.489 111.194 111.353 111.591 111.933 -9999 -9999 -9999 -9999 112.436 112.312 112.535 112.59 112.596 112.585 112.581 112.563 112.526 112.537 112.243 112.215 112.472 112.68 112.01 112.216 111.814 112.074 111.665 111.609 112.155 111.988 111.925 112.207 112.61 113.061 113.347 112.621 112.238 112.332 111.447 111.736 113.169 112.077 110.886 111.129
-9999 -9999 -9999 -9999 -9999 -9999 -9999 -9999 -9999 -9999 -9999 -9999 -9999 -9999 -9999 -9999 -9999 -9999 -9999 -9999 -9999 -9999 -9999 -9999 -9999 -9999 -9999 -9999 -9999 111.929 111.712 111.515 111.807 112.239 -9999 -9999 -9999 -9999 112.243 112.199 112.488 112.915 112.859 112.658 112.699 112.874 112.853 112.831 112.501 112.032 111.909 112.36 113.218 112.908 112.542 112.11 112.233 112.136 111.093 111.328 111.832 111.769 111.534 111.615 111.741 112.049 111.681 111.329 112.486 113.092 112.325 113.177 113.204 112.583 112.222
-9999 -9999 -9999 -9999 -9999 -9999 -9999 -9999 -9999 -9999 -9999 -9999 -9999 -9999 -9999 -9999 -9999 -9999 -9999 -9999 -9999 -9999 -9999 -9999 -9999 -9999 -9999 -9999 -9999 -9999 -9999 -9999 -9999 -9999 -9999 -9999 -9999 112.171 112.012 112.166 112.575 113.066 112.851 112.499 112.65 112.818 112.775 112.645 112.147 111.499 111.462 111.674 112.51 112.763 112.56 112.298 112.46 112.858 112.737 112.18 112.309 112.145 111.851 111.888 111.955 112.296 111.894 111.73 112.494 113.284 113.242 113.222 113.233 113.28 113.108
-9999 -9999 -9999 -9999 -9999 -9999 -9999 -9999 -9999 -9999 -9999 -9999 -9999 -9999 -9999 -9999 -9999 -9999 -9999 -9999 -9999 -9999 -9999 -9999 -9999 -9999 -9999 -9999 -9999 -9999 -9999 -9999 -9999 -9999 -9999 -9999 112.402 112.219 112.453 112.772 112.343 110.882 111.026 111.88 112.057 112.307 112.403 112.858 112.205 111.348 111.465 112.102 112.317 112.63 112.58 112.264 112.102 112.252 112.423 112.054 112.215 112.453 112.34 112.559 112.025 111.96 112.114 112.179 112.835 113.419 111.022 109.607 109.955 110.454 109.414
-9999 -9999 -9999 -9999 -9999 -9999 -9999 -9999 -9999 -9999 -9999 -9999 -9999 -9999 -9999 -9999 -9999 -9999 -9999 -9999 -9999 -9999 -9999 -9999 -9999 -9999 -9999 -9999 -9999 -9999 -9999 -9999 -9999 -9999 -9999 -9999 112.568 111.698 112.257 113.092 112.002 111.357 112.112 112.973 113.138 113.219 113.369 113.052 112.663 112.883 113.06 112.676 112.453 112.347 112.218 112.389 112.544 112.208 112.271 111.932 112.041 112.707 112.749 113.001 112.76 112.569 112.59 112.78 113.065 113.472 112.969 112.02 111.822 111.616 111.191
-9999 -9999 -9999 -9999 -9999 -9999 -9999 -9999 -9999 -9999 -9999 -9999 -9999 -9999 -9999 -9999 -9999 -9999 -9999 -9999 -9999 -9999 -9999 112.363 112.184 112.582 112.755 -9999 113.121 -9999 -9999 -9999 -9999 -9999 -9999 -9999 -9999 112.144 112.843 113.32 113.01 113.101 113.561 113.504 113.56 113.607 112.962 111.568 111.954 112.742 113.154 112.77 112.579 112.705 112.522 112.712 113.263 112.979 112.837 112.469 111.656 111.633 112.003 112.318 111.87 111.74 112.44 112.774 112.573 112.03 112.003 111.55 111.694 110.932 111.073
-9999 -9999 -9999 -9999 -9999 -9999 -9999 -9999 -9999 -9999 -9999 -9999 -9999 -9999 -9999 -9999 -9999 -9999 -9999 -9999 111.354 111.123 111.776 112.533 112.654 112.991 113.215 113.529 113.264 112.892 112.923 -9999 -9999 113.2 113.259 113.053 112.981 112.647 113.074 113.501 113.291 112.515 112.455 112.346 112.649 113.478 112.72 112.688 113.03 112.789 113.012 112.926 112.629 112.926 112.656 112.553 112.957 112.485 112.192 112.676 112.401 112.064 112.195 112.777 112.843 112.279 112.502 113.109 113.15 112.784 112.266 112.03 111.559 111.093 111.03
-9999 -9999 -9999 -9999 -9999 -9999 -9999 -9999 -9999 -9999 -9999 -9999 -9999 -9999 -9999 -9999 -9999 -9999 -9999 111.96 111.581 112.388 112.768 112.735 112.784 112.561 112.832 113.248 112.812 112.134 112.43 113.176 113.261 113.337 113.401 113.463 113.303 113.344 113.589 113.618 113.208 113.229 113.185 113.193 113.526 113.21 113.192 113.16 112.788 112.086 112.44 112.465 112.087 112.343 112.331 112.392 112.666 112.242 111.757 112.188 113.138 113.147 112.339 112.289 113.08 113.379 112.202 112.095 112.558 112.516 112.519 112.174 112.518 112.885 111.495
-9999 -9999 -9999 -9999 -9999 -9999 -9999 -9999 -9999 -9999 -9999 -9999 -9999 -9999 -9999 -9999 -9999 -9999 -9999 112.186 112.939 113.043 112.992 112.96 112.266 110.683 111.204 112.157 111.934 112.332 112.901 113.369 113.442 113.514 113.569 113.607 113.636 113.662 113.683 113.706 113.728 113.75 113.77 113.78 113.234 112.148 112.134 112.106 112.124 113.305 112.806 112.944 112.775 112.793 112.665 112.719 112.875 112.861 112.554 112.511 113.171 113.627 113.116 112.543 113.102 113.609 113.259 112.308 112.605 112.415 112.246 111.103 111.897 113.358 112.572
-9999 -9999 -9999 -9999 -9999 -9999 -9999 -9999 -9999 -9999 -9999 -9999 -9999 -9999 -9999 -9999 -9999 -9999 -9999 112.802 113.3 113.286 113.041 112.474 111.979 113.006 113.438 113.219 113.374 113.215 113.491 113.552 113.616 113.662 113.676 113.664 113.694 113.747 113.769 113.792 113.816 113.84 113.859 113.871 113.29 113.295 113.028 112.285 113.225 114.098 113.319 112.027 112.772 113.018 112.731 112.737 112.519 112.366 112.594 112.719 113.275 113.742 113.347 112.915 113.055 113.176 113.312 113.062 112.561 111.897 111.843 110.797 110.236 112.485 112.975
-9999 -9999 -9999 -9999 -9999 -9999 -9999 -9999 -9999 -9999 -9999 -9999 -9999 -9999 -9999 113.496 113.503 -9999 113.407 113.526 113.531 113.484 112.559 110.862 111.516 111.873 112.023 112.929 112.969 113.363 113.229 112.742 113.02 113.753 113.75 113.755 113.799 113.833 113.855 113.878 113.904 113.928 113.947 113.962 113.971 113.971 113.355 112.727 113.184 113.148 113.532 112.399 112.759 113.463 113.25 113.28 113.158 112.522 112.544 113.085 113.462 113.861 113.442 113.083 113.18 112.996 113.092 113.306 113.151 112.432 112.163 111.45 110.615 111.772 112.482
-9999 -9999 -9999 -9999 -9999 -9999 -9999 -9999 -9999 -9999 -9999 -9999 -9999 -9999 -9999 111.487 112.013 113.669 113.675 113.682 113.676 113.656 112.272 110.975 111.362 111.862 112.567 113.209 113.499 113.742 113.459 113.43 113.435 112.311 112.69 113.87 113.883 113.87 113.931 113.963 113.953 113.877 113.936 114.051 113.838 113.191 112.833 112.765 112.777 112.858 113.312 113.332 112.651 112.995 112.709 112.692 113.279 113.017 112.588 113.037 113.648 113.898 113.856 113.592 113.705 113.66 113.105 113.022 112.995 112.566 112.691 111.714 109.495 109.697 110.813
-9999 -9999 -9999 -9999 -9999 -9999 -9999 -9999 -9999 -9999 -9999 -9999 -9999 -9999 113.328 111.272 112.568 113.81 113.809 113.811 113.815 113.806 112.922 112.387 112.571 112.283 112.376 111.647 112.104 113.108 113.217 113.594 112.974 112.876 113.626 113.963 113.972 114.041 114.047 114.05 114.009 114.01 114.092 114.138 113.753 113.614 113.443 113.058 113.122 113.173 113.419 113.378 113.107 113.038 112.765 112.603 113.17 113.122 112.603 112.657 113.453 113.899 113.85 113.824 113.889 113.902 113.641 113.088 112.989 112.492 112.712 113.038 111.817 110.459 110.629
-9999 -9999 -9999 -9999 -9999 -9999 -9999 -9999 -9999 -9999 -9999 -9999 -9999 -9999 -9999 112.952 113.609 113.648 113.578 113.39 113.492 113.788 113.477 113.449 113.259 113.142 112.811 112.989 113.543 113.609 113.77 113.672 113.607 113.549 113.713 113.664 113.691 113.676 113.783 114.019 114.069 114.169 113.818 112.72 112.755 113.055 112.841 112.788 113.102 113.964 113.699 113.531 113.653 113.577 113.344 113.187 113.374 113.203 113.364 -9999 113.738 114.039 114.032 113.982 113.956 113.943 114.058 113.89 113.644 113.46 113.167 113.536 113.194 112.484 112.163
-9999 -9999 -9999 -9999 -9999 -9999 -9999 -9999 -9999 -9999 -9999 -9999 -9999 -9999 113.513 112.249 112.331 112.589 112.654 113.228 113.502 113.86 113.609 113.006 113.195 113.847 113.664 112.87 113.009 113.28 113.264 113.424 113.232 112.774 113.0 113.724 113.698 113.629 113.841 114.22 114.27 114.276 113.646 113.521 113.714 113.806 113.715 113.479 114.028 114.292 114.077 113.927 114.011 113.789 113.453 113.2 113.322 113.166 113.465 114.275 -9999 114.073 -9999 114.097 -9999 113.985 -9999 113.487 113.607 113.581 113.589 113.616 112.263 111.364 -9999
-9999 -9999 -9999 -9999 -9999 -9999 -9999 -9999 -9999 -9999 -9999 -9999 -9999 -9999 112.563 110.359 110.9 112.077 112.758 113.889 113.64 112.393 111.453 109.791 111.064 113.613 113.347 113.759 113.87 113.762 113.713 113.374 113.163 113.233 113.75 114.112 113.854 113.184 113.8 114.986 114.863 114.477 114.282 113.904 114.032 114.264 114.046 113.72 113.708 113.274 113.438 114.312 114.358 114.138 113.956 113.798 113.8 113.692 113.525 113.666 -9999 -9999 114.109 114.141 -9999 -9999 113.747 113.503 113.59 -9999 -9999 -9999 -9999 -9999 -9999
-9999 -9999 -9999 -9999 -9999 -9999 -9999 -9999 -9999 -9999 -9999 -9999 -9999 113.693 112.816 112.916 113.341 112.728 113.55 114.168 113.442 113.269 112.644 113.539 114.673 113.943 114.219 114.328 114.276 114.183 113.847 113.521 113.645 113.917 114.125 114.176 113.594 112.91 113.649 113.905 113.832 114.219 113.974 113.863 113.965 113.908 113.72 113.628 113.313 113.094 113.795 114.518 114.332 113.837 113.562 113.668 114.119 -9999 -9999 -9999 113.807 -9999 -9999 -9999 -9999 -9999 -9999 113.9 -9999 -9999 -9999 -9999 -9999 -9999 -9999
