Validation/Results/raw data/ReClimate_05_2024_1_Precipitation-Actuals.asc
NCOLS 192
NROWS 249
XLLCENTER -225160.85627316462
YLLCENTER 29788.11610251502
CELLSIZE 5000.0
NODATA_VALUE -9999
[rows 66 to 98 of 249, columns 75 to 149 of 192]
-9999 -9999 -9999 -9999 -9999 -9999 -9999 -9999 -9999 -9999 74.69 -9999 85.126 115.533 122.106 111.095 125.548 98.517 93.037 78.859 75.437 63.741 67.103 73.432 71.925 74.246 77.066 78.473 82.871 69.081 58.306 -9999 -9999 -9999 -9999 -9999 -9999 -9999 -9999 -9999 -9999 -9999 -9999 -9999 -9999 -9999 -9999 -9999 -9999 -9999 -9999 -9999 -9999 -9999 -9999 -9999 -9999 -9999 -9999 -9999 -9999 -9999 -9999 -9999 -9999 -9999 -9999 -9999 -9999 -9999 -9999 -9999 -9999 -9999 -9999
-9999 -9999 -9999 -9999 -9999 -9999 -9999 -9999 -9999 -9999 -9999 93.089 113.135 117.659 108.671 105.591 99.787 98.34 96.214 86.087 76.449 70.667 67.138 69.152 69.624 73.702 76.441 79.916 69.998 -9999 -9999 -9999 -9999 -9999 -9999 -9999 -9999 -9999 -9999 -9999 -9999 -9999 -9999 -9999 -9999 -9999 -9999 -9999 -9999 -9999 -9999 -9999 -9999 -9999 -9999 -9999 -9999 -9999 -9999 -9999 -9999 -9999 -9999 -9999 -9999 -9999 -9999 -9999 -9999 -9999 -9999 -9999 -9999 -9999 -9999
-9999 -9999 -9999 -9999 -9999 -9999 -9999 -9999 -9999 -9999 -9999 106.804 110.265 104.581 92.517 97.868 99.653 87.181 80.278 77.718 71.507 68.65 65.92 71.399 72.09 68.147 73.109 66.39 55.395 -9999 -9999 -9999 -9999 -9999 -9999 -9999 -9999 -9999 -9999 -9999 -9999 -9999 -9999 -9999 -9999 -9999 -9999 -9999 -9999 -9999 -9999 -9999 -9999 -9999 -9999 -9999 -9999 -9999 -9999 -9999 -9999 -9999 -9999 -9999 -9999 -9999 -9999 -9999 -9999 -9999 -9999 -9999 -9999 -9999 -9999
-9999 -9999 -9999 -9999 -9999 -9999 -9999 -9999 -9999 -9999 -9999 -9999 -9999 90.553 95.977 100.059 86.969 79.411 80.208 81.165 74.02 63.879 64.459 75.294 71.879 68.08 56.77 -9999 -9999 -9999 -9999 -9999 -9999 -9999 -9999 -9999 -9999 -9999 -9999 -9999 -9999 -9999 -9999 -9999 -9999 -9999 -9999 -9999 -9999 -9999 -9999 -9999 -9999 -9999 -9999 -9999 -9999 -9999 -9999 -9999 -9999 -9999 -9999 -9999 -9999 -9999 -9999 -9999 -9999 -9999 -9999 -9999 -9999 -9999 -9999
-9999 -9999 -9999 -9999 -9999 -9999 -9999 75.305 -9999 -9999 97.253 104.837 93.652 88.207 106.151 98.037 91.311 89.074 90.36 82.874 73.233 59.304 68.952 72.028 75.947 65.451 60.066 -9999 -9999 -9999 -9999 -9999 -9999 -9999 -9999 -9999 -9999 -9999 -9999 -9999 -9999 -9999 -9999 -9999 -9999 -9999 -9999 -9999 -9999 -9999 -9999 -9999 -9999 -9999 -9999 -9999 -9999 -9999 -9999 -9999 -9999 -9999 -9999 -9999 -9999 -9999 -9999 -9999 -9999 -9999 -9999 -9999 -9999 -9999 -9999
-9999 -9999 -9999 -9999 -9999 74.663 75.775 79.011 76.964 90.049 103.181 114.068 111.302 108.015 87.594 104.804 105.06 97.991 89.036 78.626 79.249 83.8 67.124 67.171 61.704 57.62 54.286 -9999 -9999 -9999 -9999 -9999 -9999 -9999 -9999 -9999 -9999 -9999 -9999 -9999 -9999 -9999 -9999 -9999 -9999 -9999 -9999 -9999 -9999 -9999 -9999 -9999 -9999 -9999 -9999 -9999 -9999 -9999 -9999 -9999 -9999 -9999 -9999 -9999 -9999 -9999 -9999 -9999 -9999 -9999 -9999 -9999 -9999 -9999 -9999
-9999 -9999 -9999 -9999 -9999 77.298 83.998 -9999 92.074 105.307 115.641 114.084 127.918 95.17 103.155 115.045 117.76 113.875 92.74 91.264 96.617 80.142 75.085 76.61 63.008 60.63 -9999 53.011 -9999 -9999 -9999 -9999 -9999 -9999 -9999 -9999 -9999 -9999 -9999 -9999 -9999 -9999 -9999 -9999 -9999 -9999 -9999 -9999 -9999 -9999 -9999 -9999 -9999 -9999 -9999 -9999 -9999 -9999 -9999 -9999 -9999 -9999 -9999 -9999 -9999 -9999 -9999 -9999 -9999 -9999 -9999 -9999 -9999 -9999 -9999
-9999 -9999 -9999 -9999 -9999 -9999 95.952 96.847 101.124 115.069 111.314 127.881 107.439 100.698 100.384 101.341 105.569 103.402 87.953 88.299 86.316 71.442 75.695 72.007 64.376 61.318 53.738 52.294 -9999 -9999 -9999 -9999 -9999 -9999 -9999 -9999 -9999 -9999 -9999 -9999 -9999 -9999 -9999 -9999 -9999 -9999 -9999 -9999 -9999 -9999 -9999 -9999 -9999 -9999 -9999 -9999 -9999 -9999 -9999 -9999 -9999 -9999 -9999 -9999 -9999 -9999 -9999 -9999 -9999 -9999 -9999 -9999 -9999 -9999 -9999
-9999 -9999 -9999 -9999 -9999 -9999 -9999 98.266 104.101 108.543 136.721 127.218 120.109 109.05 115.859 118.921 98.38 80.231 78.652 91.892 84.382 74.547 75.0 65.323 58.967 48.97 52.395 59.542 -9999 -9999 -9999 -9999 -9999 -9999 -9999 -9999 -9999 -9999 -9999 -9999 -9999 -9999 -9999 -9999 -9999 -9999 -9999 -9999 -9999 -9999 -9999 -9999 -9999 -9999 -9999 -9999 -9999 -9999 -9999 -9999 -9999 -9999 -9999 -9999 -9999 -9999 -9999 -9999 -9999 -9999 -9999 -9999 -9999 -9999 -9999
-9999 -9999 -9999 -9999 -9999 100.038 102.117 112.525 112.558 114.22 111.931 130.663 122.016 117.719 118.214 101.287 87.586 83.826 77.198 88.091 101.529 79.995 64.326 54.872 52.024 -9999 54.925 -9999 -9999 -9999 -9999 -9999 -9999 62.082 60.932 61.988 -9999 -9999 -9999 -9999 -9999 -9999 -9999 -9999 -9999 -9999 -9999 -9999 -9999 -9999 -9999 -9999 -9999 -9999 -9999 -9999 -9999 -9999 -9999 -9999 -9999 -9999 -9999 -9999 -9999 -9999 -9999 -9999 -9999 -9999 -9999 -9999 -9999 -9999 -9999
85.283 -9999 -9999 -9999 -9999 -9999 111.672 123.163 124.788 112.434 121.008 110.369 114.145 110.627 108.979 88.401 78.651 67.483 77.655 100.283 86.657 68.96 59.357 61.439 61.574 55.35 -9999 -9999 -9999 -9999 56.791 56.454 60.162 63.424 62.879 63.222 65.298 64.814 64.45 65.345 66.646 65.119 60.588 58.948 61.78 67.703 69.918 65.138 58.226 54.516 55.157 56.229 -9999 -9999 -9999 -9999 -9999 -9999 -9999 -9999 -9999 -9999 -9999 -9999 -9999 -9999 -9999 -9999 -9999 -9999 -9999 -9999 -9999 -9999 -9999
114.436 -9999 -9999 -9999 104.151 -9999 107.816 110.195 125.242 142.445 122.988 109.86 100.199 106.732 94.093 89.232 80.39 79.157 74.531 73.614 72.72 65.424 64.95 71.415 64.432 -9999 -9999 -9999 -9999 65.554 61.858 61.745 69.032 75.241 67.799 67.28 71.984 73.852 76.069 71.814 70.555 81.231 68.113 63.857 64.687 67.647 70.691 69.563 62.238 59.354 63.31 57.035 -9999 -9999 -9999 -9999 -9999 -9999 -9999 -9999 -9999 -9999 -9999 -9999 -9999 -9999 -9999 -9999 -9999 -9999 -9999 -9999 -9999 -9999 -9999
114.531 -9999 -9999 -9999 108.74 109.566 99.633 115.681 149.32 142.811 139.489 111.866 112.69 102.646 93.977 81.88 79.825 85.494 78.452 79.063 66.204 61.377 72.107 69.137 -9999 -9999 63.289 64.706 67.194 70.619 71.562 72.292 77.153 77.42 82.623 83.452 82.772 76.73 75.866 71.041 74.578 72.173 73.052 66.17 69.129 71.113 75.207 72.169 65.14 65.924 62.438 59.148 56.905 -9999 -9999 -9999 -9999 -9999 -9999 -9999 -9999 -9999 -9999 -9999 -9999 -9999 -9999 -9999 -9999 -9999 -9999 -9999 -9999 -9999 -9999
104.86 -9999 98.982 -9999 96.6 99.489 123.406 145.507 133.873 153.624 139.471 129.892 121.186 108.395 99.858 90.221 87.564 83.918 83.361 68.508 63.99 56.073 60.15 61.858 -9999 69.385 73.921 76.787 75.829 75.674 77.239 83.339 85.65 92.238 91.888 88.283 83.462 83.937 83.817 78.286 72.26 70.783 68.318 72.038 72.329 73.607 75.904 73.512 72.189 63.941 59.586 58.081 56.429 -9999 -9999 -9999 -9999 -9999 -9999 -9999 -9999 -9999 -9999 -9999 -9999 -9999 -9999 -9999 -9999 -9999 -9999 -9999 -9999 -9999 -9999
-9999 95.037 -9999 -9999 -9999 128.194 173.683 144.062 136.349 113.024 121.75 122.876 114.781 109.007 101.746 107.619 102.41 94.131 75.622 68.158 59.948 60.548 74.182 67.032 69.674 80.022 88.31 89.729 82.725 81.038 86.88 90.048 96.331 92.179 79.418 79.494 79.966 79.917 84.138 77.689 74.231 73.702 70.153 71.882 78.569 76.9 74.015 72.311 68.294 65.764 65.211 61.584 58.854 -9999 -9999 -9999 -9999 -9999 -9999 -9999 -9999 -9999 -9999 -9999 -9999 -9999 -9999 -9999 -9999 -9999 -9999 -9999 -9999 -9999 -9999
93.45 -9999 -9999 -9999 -9999 138.749 136.038 124.337 -9999 117.49 127.161 127.766 111.003 99.889 96.743 87.858 86.042 87.379 80.407 77.778 73.055 79.419 80.737 66.664 78.581 82.063 92.544 98.746 90.56 81.778 84.02 92.988 97.013 80.392 73.303 89.593 85.51 90.122 86.788 77.527 78.817 75.751 76.473 79.72 75.418 72.755 70.124 70.043 68.083 69.939 69.091 61.952 59.527 -9999 -9999 -9999 -9999 -9999 -9999 -9999 -9999 -9999 -9999 -9999 -9999 -9999 -9999 -9999 -9999 -9999 -9999 -9999 -9999 -9999 -9999
120.652 -9999 -9999 -9999 108.497 -9999 -9999 104.543 106.281 122.622 140.936 138.624 123.099 117.877 100.37 92.77 79.458 70.817 69.219 73.303 74.953 81.016 61.747 75.331 82.436 94.828 91.3 91.437 95.659 85.489 84.75 86.974 82.082 77.101 91.807 92.303 92.391 87.592 81.864 86.12 80.577 80.434 83.453 75.068 70.841 71.311 74.815 68.002 66.823 67.934 67.942 62.554 -9999 -9999 -9999 -9999 -9999 -9999 -9999 -9999 -9999 -9999 -9999 -9999 -9999 -9999 -9999 -9999 -9999 -9999 -9999 -9999 -9999 -9999 -9999
147.778 117.777 100.125 -9999 -9999 -9999 118.768 102.193 -9999 125.51 123.335 124.474 128.287 121.447 118.705 95.513 72.924 70.811 72.381 73.55 72.239 61.571 73.615 76.786 86.318 91.821 87.581 91.72 89.818 76.917 75.965 74.754 80.478 97.283 89.655 93.344 102.496 87.636 84.841 79.692 74.541 79.407 74.644 69.422 67.769 71.424 67.692 68.103 66.696 65.633 63.887 -9999 -9999 -9999 -9999 -9999 -9999 -9999 -9999 -9999 -9999 -9999 -9999 -9999 -9999 -9999 -9999 -9999 -9999 -9999 -9999 -9999 -9999 -9999 -9999
154.667 127.253 110.24 -9999 107.599 116.814 120.97 122.798 139.45 132.189 127.619 137.596 141.119 120.26 93.758 90.766 85.38 87.756 85.837 79.195 66.513 65.444 77.636 95.251 98.251 88.395 86.521 83.184 64.046 67.766 75.608 82.836 91.82 81.087 79.616 89.038 95.896 97.553 92.597 90.139 77.486 85.006 79.41 80.757 87.167 71.266 68.689 72.289 71.541 64.342 61.467 -9999 -9999 -9999 -9999 -9999 -9999 -9999 -9999 -9999 -9999 -9999 -9999 -9999 -9999 -9999 -9999 -9999 -9999 -9999 -9999 -9999 -9999 -9999 -9999
143.156 123.968 111.783 112.55 111.494 128.087 -9999 123.979 140.229 152.206 158.583 144.555 131.443 109.372 116.756 101.29 94.082 85.309 77.402 71.658 63.614 69.318 94.084 103.859 82.932 77.278 88.778 72.193 75.737 68.22 73.875 78.247 80.71 87.978 86.726 94.772 104.231 90.4 84.63 80.318 74.874 72.278 68.849 76.74 73.038 67.375 69.488 70.574 66.88 61.609 -9999 -9999 -9999 -9999 -9999 -9999 -9999 -9999 -9999 -9999 -9999 -9999 -9999 -9999 -9999 -9999 -9999 -9999 -9999 -9999 -9999 -9999 -9999 -9999 -9999
-9999 -9999 -9999 108.695 123.384 -9999 126.369 144.76 169.331 173.513 150.299 146.192 136.131 139.713 121.704 87.685 79.733 86.134 89.269 69.675 72.966 88.612 106.01 103.779 95.039 101.65 85.116 90.181 76.892 74.674 93.115 87.069 99.489 95.654 95.766 102.214 93.354 71.945 75.704 77.034 79.597 76.192 67.895 73.53 70.791 68.768 69.278 69.23 66.003 59.174 -9999 -9999 -9999 -9999 -9999 -9999 -9999 -9999 -9999 -9999 -9999 -9999 -9999 -9999 -9999 -9999 -9999 -9999 -9999 -9999 -9999 -9999 -9999 -9999 -9999
-9999 -9999 100.704 119.256 -9999 117.283 136.354 -9999 152.788 142.725 157.855 152.965 157.312 137.701 110.665 107.127 101.343 86.738 73.339 88.273 88.7 93.266 111.01 115.821 112.736 99.761 84.631 73.525 66.973 86.507 96.304 106.838 106.369 95.49 88.555 92.047 79.493 79.552 76.75 77.505 80.064 73.584 75.174 76.638 73.146 73.222 69.458 72.989 69.079 59.424 -9999 -9999 -9999 -9999 -9999 -9999 -9999 -9999 -9999 -9999 -9999 -9999 -9999 -9999 -9999 -9999 -9999 -9999 -9999 -9999 -9999 -9999 -9999 -9999 -9999
-9999 -9999 97.505 -9999 -9999 127.289 141.587 153.287 141.663 155.988 155.135 140.998 127.332 116.21 100.533 88.235 77.222 82.77 105.835 115.234 109.275 111.16 118.552 117.308 99.738 72.627 64.18 72.783 98.278 109.166 136.016 131.095 108.818 98.402 98.033 85.071 81.806 77.799 75.593 68.889 71.457 72.296 71.453 80.196 93.077 76.814 67.91 68.798 65.883 61.51 -9999 -9999 -9999 -9999 -9999 -9999 -9999 -9999 -9999 -9999 -9999 -9999 -9999 -9999 -9999 -9999 -9999 -9999 -9999 -9999 -9999 -9999 -9999 -9999 -9999
-9999 -9999 -9999 -9999 -9999 -9999 161.648 166.311 154.044 160.498 155.668 132.139 133.778 124.854 110.466 102.689 105.351 116.468 120.582 121.703 102.963 99.05 104.963 103.256 80.063 65.602 72.946 90.036 108.264 135.442 123.077 119.673 106.308 102.328 90.621 82.711 81.463 77.51 66.985 64.963 71.209 64.544 69.09 81.534 74.957 65.436 65.881 71.958 71.233 -9999 -9999 -9999 -9999 -9999 -9999 -9999 -9999 -9999 -9999 -9999 -9999 -9999 -9999 -9999 -9999 -9999 -9999 -9999 -9999 -9999 -9999 -9999 -9999 -9999 -9999
-9999 -9999 -9999 -9999 109.007 128.295 -9999 175.464 168.496 168.876 136.378 125.559 123.835 125.301 138.236 139.13 124.833 104.803 108.612 103.56 100.98 85.748 84.359 79.348 72.656 83.399 87.876 103.366 121.038 115.348 115.3 92.282 88.457 83.166 67.386 70.292 78.11 82.578 82.355 80.641 79.08 88.993 80.567 66.572 69.723 75.678 77.528 76.575 69.425 -9999 -9999 -9999 -9999 -9999 -9999 -9999 -9999 -9999 -9999 -9999 -9999 -9999 -9999 -9999 -9999 -9999 -9999 -9999 -9999 -9999 -9999 -9999 -9999 -9999 -9999
-9999 -9999 -9999 107.919 109.108 140.036 155.02 180.03 185.532 169.103 155.652 131.597 115.465 121.185 119.909 122.339 130.794 121.519 126.668 127.328 82.505 82.783 77.254 76.107 78.919 88.753 92.223 102.38 99.196 101.141 91.6 83.778 80.503 91.968 91.317 98.297 91.787 85.352 102.063 111.478 107.963 100.737 85.422 85.454 86.431 82.389 73.694 68.863 -9999 -9999 -9999 -9999 -9999 -9999 -9999 -9999 -9999 -9999 -9999 -9999 -9999 -9999 -9999 -9999 -9999 -9999 -9999 -9999 -9999 -9999 -9999 -9999 -9999 -9999 -9999
-9999 -9999 -9999 108.022 -9999 131.457 142.323 154.962 170.412 167.755 132.017 123.754 129.158 104.335 101.469 108.794 110.494 119.778 113.581 85.761 93.342 103.631 90.871 82.015 105.797 98.707 100.953 104.117 107.13 103.719 100.174 93.894 105.213 104.981 111.491 112.985 85.06 101.229 106.589 89.23 93.83 101.108 92.703 88.739 84.28 73.193 71.633 67.079 -9999 -9999 -9999 -9999 -9999 -9999 -9999 -9999 -9999 -9999 -9999 -9999 -9999 -9999 -9999 -9999 -9999 -9999 -9999 -9999 -9999 -9999 -9999 -9999 -9999 -9999 -9999
-9999 -9999 -9999 -9999 -9999 144.2 154.586 140.653 148.792 132.741 112.07 112.811 101.058 99.601 97.25 96.872 109.404 96.138 98.325 99.161 115.844 100.435 79.255 96.566 111.897 103.278 104.543 99.578 110.357 101.368 99.376 122.858 120.15 117.533 130.074 115.507 111.034 117.584 108.17 96.901 91.386 83.753 88.787 92.962 79.837 69.751 67.604 64.759 -9999 -9999 -9999 -9999 -9999 -9999 -9999 -9999 -9999 -9999 -9999 -9999 -9999 -9999 -9999 -9999 -9999 -9999 -9999 -9999 -9999 -9999 -9999 -9999 -9999 -9999 -9999
-9999 -9999 -9999 115.923 124.711 143.191 141.17 134.925 151.634 129.142 131.706 131.862 -9999 127.371 159.103 145.905 128.909 119.213 123.994 123.387 122.329 112.33 102.893 100.508 95.682 90.398 81.8 87.836 100.308 94.741 115.244 106.726 106.506 104.676 115.316 119.703 112.266 98.914 107.79 101.724 86.857 92.721 84.656 81.085 77.278 72.221 71.239 59.494 -9999 -9999 -9999 -9999 -9999 -9999 -9999 -9999 -9999 -9999 -9999 -9999 -9999 -9999 -9999 -9999 -9999 -9999 -9999 -9999 -9999 -9999 -9999 -9999 -9999 -9999 -9999
97.869 104.713 112.39 -9999 117.358 132.58 136.805 140.651 148.159 147.895 143.134 -9999 147.764 182.316 168.755 161.755 136.293 124.558 112.64 123.188 120.996 117.277 103.117 88.53 81.468 77.769 67.463 83.25 83.879 101.765 102.028 99.542 93.414 87.937 99.717 100.941 92.928 97.472 100.326 96.901 94.098 74.62 73.358 74.784 72.763 75.826 62.159 -9999 -9999 -9999 -9999 -9999 -9999 -9999 -9999 -9999 -9999 -9999 -9999 -9999 -9999 -9999 -9999 -9999 -9999 -9999 -9999 -9999 -9999 -9999 -9999 -9999 -9999 -9999 -9999
100.63 109.273 123.121 124.284 -9999 127.191 131.94 141.315 148.542 142.056 130.26 133.539 158.238 162.594 149.466 156.47 140.146 127.336 116.148 112.924 100.263 97.408 83.039 80.143 91.318 72.088 74.702 73.987 80.399 89.004 100.97 89.036 77.55 87.059 98.114 90.968 89.047 85.132 92.243 86.26 73.969 69.492 71.012 69.207 66.905 -9999 -9999 -9999 -9999 -9999 -9999 -9999 -9999 -9999 -9999 -9999 -9999 -9999 -9999 -9999 -9999 -9999 -9999 -9999 -9999 -9999 -9999 -9999 -9999 -9999 -9999 -9999 -9999 -9999 -9999
-9999 -9999 122.754 -9999 134.875 135.686 142.017 158.557 159.443 -9999 -9999 145.713 145.398 143.327 167.943 153.31 142.516 124.811 118.558 85.643 77.92 72.208 67.753 73.615 73.69 77.324 64.348 74.123 78.647 85.235 88.619 83.645 79.679 87.008 89.015 86.371 79.574 83.176 80.768 72.259 64.862 66.0 69.829 64.993 -9999 -9999 -9999 -9999 -9999 -9999 -9999 -9999 -9999 -9999 -9999 -9999 -9999 -9999 -9999 -9999 -9999 -9999 -9999 -9999 -9999 -9999 -9999 -9999 -9999 -9999 -9999 -9999 -9999 -9999 -9999
111.277 -9999 125.455 143.822 133.699 140.587 155.632 163.595 -9999 -9999 161.131 184.673 181.651 177.438 154.135 148.104 134.49 118.911 99.778 90.583 87.53 89.812 83.046 91.338 109.813 88.256 74.265 80.513 75.267 74.755 75.048 84.903 87.16 83.372 81.379 78.307 71.901 72.986 72.773 67.963 65.601 67.16 67.006 67.619 61.781 -9999 -9999 -9999 -9999 -9999 -9999 -9999 -9999 -9999 -9999 -9999 -9999 -9999 -9999 -9999 -9999 -9999 -9999 -9999 -9999 -9999 -9999 -9999 -9999 -9999 -9999 -9999 -9999 -9999 -9999
