Validation/Results/raw data/ReClimate_04_2024_2_Precipitation-Actuals.asc
NCOLS 192
NROWS 249
XLLCENTER -225160.85627316462
YLLCENTER 29788.11610251502
CELLSIZE 5000.0
NODATA_VALUE -9999
[rows 198 to 230 of 249, columns 75 to 149 of 192]
-9999 -9999 -9999 -9999 -9999 -9999 -9999 -9999 -9999 -9999 -9999 -9999 -9999 -9999 -9999 -9999 -9999 87.272 89.647 89.84 84.321 80.108 92.483 105.399 114.188 113.547 121.535 117.415 103.811 86.771 72.284 70.252 71.398 82.156 83.649 71.77 64.6 60.83 62.099 63.049 63.907 62.316 64.636 63.626 60.481 59.578 57.998 54.791 54.638 57.149 58.736 58.044 56.447 55.679 55.468 55.735 56.955 56.125 57.293 57.27 55.94 57.19 56.193 55.555 54.672 55.188 55.596 53.083 53.075 55.326 50.486 48.974 48.275 47.917 46.115
-9999 -9999 -9999 -9999 -9999 -9999 -9999 -9999 -9999 -9999 -9999 -9999 -9999 -9999 60.612 73.652 78.362 80.341 87.915 87.969 85.424 81.778 88.099 112.708 111.994 110.416 105.617 112.857 95.418 85.297 82.391 71.924 70.692 87.041 73.122 61.023 52.661 56.302 58.82 64.225 58.412 59.885 58.269 60.475 61.773 62.418 61.598 55.634 56.48 54.226 56.965 59.943 55.53 53.535 54.259 56.175 56.751 58.896 55.998 53.988 53.544 54.858 55.896 53.779 52.41 53.044 55.226 55.156 53.416 52.766 51.884 45.976 46.444 46.065 44.025
-9999 -9999 -9999 -9999 -9999 -9999 -9999 -9999 -9999 -9999 -9999 -9999 73.52 69.628 74.568 73.092 72.603 81.226 84.837 90.626 86.52 88.583 112.455 104.801 103.9 104.414 101.268 104.525 100.566 100.415 85.247 77.648 78.971 71.176 60.171 52.241 62.39 61.191 55.027 53.589 53.485 54.161 55.646 57.36 62.872 64.41 58.581 56.188 54.015 52.867 56.325 58.739 56.26 57.309 56.0 53.629 53.61 53.788 55.637 53.081 51.503 54.103 56.494 55.242 53.769 52.611 53.529 53.44 54.011 52.225 43.207 44.538 46.459 46.341 45.641
-9999 -9999 -9999 -9999 -9999 -9999 -9999 -9999 72.904 81.703 78.922 76.141 87.051 79.303 81.637 79.839 79.635 84.667 87.764 95.319 96.518 113.463 113.893 100.484 103.647 97.256 99.128 101.744 104.026 94.201 83.412 75.606 76.17 66.513 58.455 69.07 68.946 59.863 58.664 54.772 55.116 52.395 56.159 63.475 59.061 61.496 59.109 53.284 53.103 55.739 56.369 52.799 56.051 56.249 56.129 53.212 50.476 51.193 51.567 50.468 51.92 52.063 52.568 53.612 52.91 52.294 53.764 53.3 52.967 52.868 49.884 42.745 45.327 46.108 45.131
-9999 -9999 -9999 -9999 -9999 -9999 -9999 67.682 76.689 81.535 95.282 104.579 106.62 102.677 103.202 91.494 100.109 100.545 101.239 103.284 112.297 118.68 105.772 102.657 92.375 89.164 90.769 94.211 94.699 86.008 78.743 74.957 69.397 70.211 80.725 93.522 77.768 65.026 58.58 57.929 55.755 59.993 58.73 55.656 55.415 55.505 53.616 53.216 53.976 56.663 57.255 58.908 57.241 59.997 55.617 52.955 56.189 53.759 51.463 50.381 51.569 53.147 52.564 51.461 51.238 48.089 52.352 52.683 52.479 51.548 47.477 45.72 45.963 47.522 46.773
-9999 -9999 -9999 -9999 -9999 -9999 63.931 70.926 78.661 86.442 94.219 105.74 103.336 103.699 95.088 100.914 103.263 104.642 107.35 110.99 120.097 114.023 99.388 89.746 81.934 89.091 96.068 96.174 90.379 83.488 75.681 66.276 67.657 68.731 93.436 89.418 79.44 66.124 62.473 59.302 61.016 57.108 55.177 55.239 52.557 49.986 51.273 53.134 55.274 56.661 51.147 55.53 58.666 58.606 57.574 53.865 55.942 58.06 54.184 51.447 51.775 50.582 49.758 47.173 47.517 49.142 49.432 53.374 53.058 51.77 48.373 48.995 44.916 44.043 47.304
-9999 -9999 -9999 -9999 59.796 -9999 63.692 67.489 72.653 80.058 84.3 90.865 94.842 90.516 91.508 91.765 92.707 92.203 98.973 96.066 96.514 90.022 87.845 88.558 99.656 108.309 122.788 131.242 108.025 99.369 92.963 97.343 84.168 73.422 78.307 98.383 81.26 74.852 68.403 67.808 62.535 56.199 55.411 58.999 55.922 53.311 51.182 53.56 59.917 57.081 60.992 59.365 52.299 52.767 54.475 52.852 53.357 56.309 54.184 51.278 51.282 51.358 46.091 46.561 46.649 48.952 49.173 50.45 49.61 50.282 49.254 49.986 52.189 47.835 46.814
-9999 -9999 -9999 -9999 -9999 -9999 -9999 -9999 78.219 79.897 82.52 85.441 83.511 86.0 87.923 87.801 82.401 88.182 88.538 84.675 88.523 91.694 97.325 99.302 112.267 124.972 140.751 138.525 135.064 121.589 131.732 128.343 89.176 82.925 84.225 68.061 77.965 72.768 61.178 59.393 57.565 61.937 63.015 64.678 57.96 52.955 51.074 55.047 57.828 61.399 69.165 65.092 57.857 52.223 53.223 52.854 55.694 54.731 50.942 48.9 47.585 48.053 47.981 45.85 46.654 46.966 46.862 47.47 49.424 50.547 52.421 52.332 50.362 51.536 49.368
-9999 -9999 -9999 -9999 -9999 -9999 -9999 -9999 76.05 76.7 81.042 79.156 85.907 91.485 92.7 85.459 82.286 85.533 86.57 91.537 95.461 97.058 98.326 99.329 108.077 116.993 124.603 127.307 122.344 123.656 130.928 110.855 104.079 90.94 75.833 80.975 86.697 64.662 57.458 60.233 67.5 66.234 67.709 62.698 64.196 52.892 54.033 57.931 65.816 65.759 62.42 59.329 58.495 55.13 55.183 53.886 53.824 56.132 51.091 46.458 46.401 46.432 49.005 47.914 46.712 46.301 46.041 46.754 48.986 52.865 52.171 51.879 50.778 47.535 47.756
-9999 -9999 -9999 -9999 -9999 -9999 62.406 67.963 72.584 76.861 -9999 79.652 84.209 86.066 80.27 77.696 77.484 -9999 83.086 84.262 94.285 104.808 98.537 110.764 115.052 118.558 122.178 117.065 108.026 112.864 102.21 96.042 93.035 92.901 85.42 90.042 82.314 64.708 63.522 62.237 64.643 70.552 67.567 63.816 57.1 53.182 57.359 66.042 61.939 62.865 58.183 58.578 56.752 56.271 54.687 53.203 50.765 50.958 49.727 49.552 48.788 48.472 47.467 47.231 45.723 46.795 47.989 49.075 52.142 53.371 53.394 50.522 51.356 50.755 47.463
-9999 -9999 -9999 -9999 -9999 -9999 62.703 -9999 -9999 -9999 74.168 76.005 76.935 -9999 -9999 -9999 -9999 -9999 80.503 84.883 96.992 91.856 97.624 105.175 106.445 111.876 114.359 111.78 138.815 135.342 111.364 94.703 95.519 97.653 94.1 90.217 76.691 70.579 65.068 62.825 67.767 66.685 61.519 57.853 55.207 52.743 60.662 63.338 63.037 63.438 58.563 55.964 54.347 54.021 52.326 52.0 50.97 50.63 49.43 48.927 51.178 49.444 48.552 46.524 46.572 47.586 52.821 53.187 53.042 54.594 53.987 48.481 49.004 49.616 49.353
-9999 -9999 -9999 -9999 -9999 -9999 -9999 -9999 69.929 73.24 74.161 70.927 73.104 -9999 -9999 -9999 -9999 -9999 -9999 -9999 -9999 86.082 92.984 94.355 94.524 101.53 112.513 140.444 156.069 149.508 128.838 114.208 104.125 95.796 86.886 92.287 86.586 70.367 67.355 76.377 73.033 67.746 56.485 57.698 56.764 58.509 65.744 63.523 64.321 61.673 59.506 56.244 52.639 51.815 51.344 50.817 51.352 50.556 48.903 47.458 48.08 48.671 48.128 48.312 49.035 50.712 50.501 55.216 54.841 54.413 51.988 50.859 47.159 49.647 49.021
-9999 -9999 -9999 -9999 -9999 -9999 -9999 -9999 -9999 73.656 -9999 -9999 -9999 -9999 -9999 -9999 -9999 -9999 -9999 81.578 83.179 87.066 87.439 82.992 84.373 94.958 115.054 137.752 154.251 151.387 131.143 114.258 105.452 98.0 93.055 91.36 76.54 63.152 65.912 74.572 70.991 61.917 -9999 63.771 61.07 63.03 68.793 65.123 61.266 58.953 57.612 55.582 52.682 51.898 50.347 51.649 46.563 45.558 46.068 46.564 47.904 46.543 46.226 49.001 53.043 52.836 54.113 49.326 51.486 52.343 50.831 48.26 48.291 49.288 51.998
-9999 -9999 -9999 -9999 -9999 -9999 -9999 -9999 -9999 -9999 -9999 -9999 -9999 -9999 -9999 -9999 -9999 -9999 -9999 79.374 81.057 79.395 77.066 -9999 -9999 -9999 98.122 122.217 124.237 123.963 118.385 115.268 107.171 97.899 82.856 79.621 70.535 63.335 67.548 64.962 59.482 -9999 60.597 59.546 61.302 65.67 67.675 61.285 57.669 56.0 61.998 58.515 53.674 50.596 50.993 50.561 52.476 49.979 49.251 47.87 47.136 47.464 48.771 47.895 49.779 54.103 54.356 50.516 47.342 50.55 48.471 45.928 46.504 47.979 47.675
-9999 -9999 -9999 -9999 -9999 -9999 -9999 -9999 -9999 -9999 -9999 -9999 -9999 -9999 -9999 -9999 -9999 -9999 -9999 -9999 -9999 -9999 -9999 -9999 -9999 -9999 76.354 88.763 97.96 100.438 103.061 100.847 95.112 85.86 81.329 74.359 67.293 64.815 64.061 -9999 -9999 58.825 58.623 63.881 64.385 60.175 62.456 60.604 59.152 60.152 57.084 56.254 52.498 50.281 54.246 53.744 49.939 52.567 55.575 50.419 47.369 49.017 48.393 51.308 49.97 50.706 51.759 50.283 43.826 45.521 47.247 46.679 45.198 45.856 46.091
-9999 -9999 -9999 -9999 -9999 -9999 -9999 -9999 -9999 -9999 -9999 -9999 -9999 -9999 -9999 -9999 -9999 -9999 -9999 -9999 -9999 -9999 -9999 -9999 -9999 -9999 71.501 76.886 83.487 87.494 92.546 87.287 83.156 81.009 74.778 70.601 -9999 -9999 -9999 -9999 -9999 58.617 63.072 66.219 60.269 62.442 63.984 62.396 59.714 55.485 52.807 52.808 55.18 52.926 57.008 57.695 54.466 52.246 54.974 54.943 48.933 48.943 49.113 48.03 49.831 47.234 47.003 46.585 44.602 43.349 44.664 45.004 44.457 43.914 43.344
-9999 -9999 -9999 -9999 -9999 -9999 -9999 -9999 -9999 -9999 -9999 -9999 -9999 -9999 -9999 -9999 -9999 -9999 -9999 -9999 -9999 -9999 -9999 -9999 -9999 -9999 -9999 -9999 77.029 85.306 83.55 79.414 77.589 74.111 71.545 -9999 -9999 -9999 -9999 61.169 65.255 66.673 62.152 61.533 60.837 67.267 66.336 64.328 58.147 54.419 55.152 57.714 60.427 59.6 57.147 57.235 55.368 53.708 53.979 51.618 49.725 47.435 48.845 46.489 46.392 45.705 45.122 46.573 46.511 46.47 45.612 44.522 44.166 44.134 44.306
-9999 -9999 -9999 -9999 -9999 -9999 -9999 -9999 -9999 -9999 -9999 -9999 -9999 -9999 -9999 -9999 -9999 -9999 -9999 -9999 -9999 -9999 -9999 -9999 -9999 -9999 -9999 -9999 -9999 72.821 71.863 74.197 68.673 65.476 -9999 -9999 -9999 -9999 60.524 63.803 67.049 66.42 64.297 60.155 61.023 64.216 63.029 62.766 58.419 56.265 59.804 60.586 62.194 62.975 57.937 55.645 54.759 54.746 52.679 51.595 48.148 49.665 48.455 46.809 45.007 45.629 45.438 47.427 50.302 50.004 46.914 44.353 43.909 44.099 43.208
-9999 -9999 -9999 -9999 -9999 -9999 -9999 -9999 -9999 -9999 -9999 -9999 -9999 -9999 -9999 -9999 -9999 -9999 -9999 -9999 -9999 -9999 -9999 -9999 -9999 -9999 -9999 -9999 -9999 -9999 -9999 -9999 -9999 -9999 -9999 -9999 -9999 62.634 60.79 61.408 63.642 67.304 62.795 60.677 62.495 60.713 62.542 62.46 56.411 56.525 56.797 58.362 57.602 59.477 59.842 57.482 56.123 58.518 56.834 53.778 52.282 52.42 51.771 47.389 44.729 45.757 46.482 47.208 48.105 47.472 45.984 44.539 43.52 46.36 45.079
-9999 -9999 -9999 -9999 -9999 -9999 -9999 -9999 -9999 -9999 -9999 -9999 -9999 -9999 -9999 -9999 -9999 -9999 -9999 -9999 -9999 -9999 -9999 -9999 -9999 -9999 -9999 -9999 -9999 -9999 -9999 -9999 -9999 -9999 -9999 -9999 61.858 63.009 69.054 69.884 83.394 79.902 72.517 63.122 59.86 60.872 63.029 56.416 53.366 52.815 55.233 56.724 56.395 58.462 60.133 62.052 59.819 58.801 61.988 58.904 57.172 54.967 53.379 48.947 45.22 44.622 46.675 46.351 46.62 45.523 43.122 43.65 43.676 43.557 46.616
-9999 -9999 -9999 -9999 -9999 -9999 -9999 -9999 -9999 -9999 -9999 -9999 -9999 -9999 -9999 -9999 -9999 -9999 -9999 -9999 -9999 -9999 -9999 -9999 -9999 -9999 -9999 -9999 -9999 -9999 -9999 -9999 -9999 -9999 -9999 -9999 59.356 62.328 63.114 71.934 79.117 82.948 76.673 68.602 66.111 67.657 62.279 55.464 54.875 59.648 57.826 58.883 59.427 57.236 58.24 58.631 61.349 59.426 58.741 59.183 55.323 54.786 51.718 48.568 45.906 45.775 45.4 45.696 45.988 45.0 44.383 44.377 46.323 45.811 46.051
-9999 -9999 -9999 -9999 -9999 -9999 -9999 -9999 -9999 -9999 -9999 -9999 -9999 -9999 -9999 -9999 -9999 -9999 -9999 -9999 -9999 -9999 -9999 92.272 104.12 110.316 98.967 -9999 79.982 -9999 -9999 -9999 -9999 -9999 -9999 -9999 -9999 57.45 58.999 63.356 68.179 75.003 75.601 69.988 74.795 64.936 58.897 56.971 61.432 60.546 56.598 57.425 56.541 55.071 54.21 56.205 56.996 55.764 55.897 54.463 55.616 54.998 56.279 51.817 48.361 48.417 49.632 46.213 45.797 46.351 45.669 46.24 45.965 46.362 44.323
-9999 -9999 -9999 -9999 -9999 -9999 -9999 -9999 -9999 -9999 -9999 -9999 -9999 -9999 -9999 -9999 -9999 -9999 -9999 -9999 91.243 94.902 88.19 92.655 112.923 113.582 103.211 94.973 79.895 65.861 57.983 -9999 -9999 61.176 58.069 54.143 53.705 55.397 54.893 56.104 64.016 70.271 70.149 78.369 71.402 65.367 61.033 65.034 60.447 56.193 57.917 56.131 54.658 52.912 52.887 58.465 58.055 54.415 51.476 52.278 54.287 56.943 55.176 56.186 53.738 49.29 48.398 47.475 44.516 46.211 46.559 52.438 50.863 47.779 46.899
-9999 -9999 -9999 -9999 -9999 -9999 -9999 -9999 -9999 -9999 -9999 -9999 -9999 -9999 -9999 -9999 -9999 -9999 -9999 90.589 90.943 90.015 87.44 105.702 118.384 123.776 113.559 99.491 88.619 79.039 67.566 59.12 63.138 62.925 58.471 56.293 54.867 53.966 53.947 58.529 61.852 65.594 72.337 71.845 69.274 65.701 73.011 66.589 64.326 60.537 57.004 54.731 53.936 52.67 52.427 53.356 57.377 53.944 53.4 53.508 54.11 56.263 60.534 59.382 55.198 51.168 48.262 51.434 49.835 49.32 48.91 48.455 52.666 51.22 49.302
-9999 -9999 -9999 -9999 -9999 -9999 -9999 -9999 -9999 -9999 -9999 -9999 -9999 -9999 -9999 -9999 -9999 -9999 -9999 90.35 82.084 77.327 81.59 92.237 108.917 110.464 112.187 101.021 88.531 78.383 75.975 77.099 68.126 62.501 63.475 60.313 55.18 52.953 56.258 56.757 60.448 61.963 64.409 65.247 63.456 71.083 68.796 65.594 65.614 60.384 55.235 55.614 55.204 53.119 53.284 54.683 54.76 54.817 54.778 54.567 52.325 52.91 55.252 59.951 57.977 51.849 50.49 51.46 52.131 48.526 48.89 47.713 49.153 51.408 55.284
-9999 -9999 -9999 -9999 -9999 -9999 -9999 -9999 -9999 -9999 -9999 -9999 -9999 -9999 -9999 -9999 -9999 -9999 -9999 79.692 72.422 74.398 73.774 85.147 88.388 92.9 93.656 88.134 82.243 80.348 83.07 79.17 67.851 63.041 58.236 54.707 51.256 53.543 50.796 52.272 61.214 57.585 58.826 60.758 62.947 62.982 60.529 58.652 61.29 57.871 61.866 60.013 56.462 53.01 51.762 53.798 54.688 56.115 55.287 54.45 56.427 55.602 56.417 58.129 61.329 55.217 49.976 48.112 48.833 48.273 48.343 47.4 46.899 48.543 49.482
-9999 -9999 -9999 -9999 -9999 -9999 -9999 -9999 -9999 -9999 -9999 -9999 -9999 -9999 -9999 86.885 92.133 -9999 80.814 71.018 75.743 76.449 73.261 73.997 75.396 78.955 84.664 84.576 83.002 77.828 76.776 70.71 62.139 56.933 54.667 54.115 55.492 54.978 49.275 56.175 55.927 57.023 56.852 56.758 57.974 57.346 57.668 61.594 64.413 63.496 64.919 62.727 58.124 52.845 51.653 53.829 55.676 55.283 56.012 54.713 56.104 59.489 58.671 58.269 57.003 56.152 50.477 51.792 52.905 51.517 49.511 49.768 46.529 46.334 46.203
-9999 -9999 -9999 -9999 -9999 -9999 -9999 -9999 -9999 -9999 -9999 -9999 -9999 -9999 -9999 92.687 94.396 84.75 79.193 79.572 78.772 72.678 73.367 77.614 73.979 77.946 81.622 81.991 81.326 77.814 72.326 67.768 63.808 65.464 66.997 61.449 59.944 58.698 52.919 55.382 57.316 56.262 52.346 50.795 55.589 55.653 54.745 57.655 59.501 63.939 65.969 60.573 57.39 55.018 54.969 56.103 55.108 53.86 54.07 53.651 54.69 57.065 56.216 57.194 61.294 56.504 57.012 54.453 53.904 53.823 50.832 49.959 49.684 46.936 46.119
-9999 -9999 -9999 -9999 -9999 -9999 -9999 -9999 -9999 -9999 -9999 -9999 -9999 -9999 84.004 91.753 91.412 88.838 87.604 81.257 76.883 74.694 76.088 73.87 71.242 78.693 76.436 74.645 76.904 71.539 66.887 66.395 68.515 74.58 70.506 66.93 69.337 60.81 61.107 59.743 56.403 56.617 52.891 55.871 53.434 49.628 51.551 54.354 59.576 58.376 59.553 57.564 57.802 54.358 54.99 58.815 57.143 53.061 51.483 53.384 54.448 55.037 53.08 53.076 56.208 57.936 56.728 60.403 55.899 58.679 53.787 55.093 55.061 50.442 47.433
-9999 -9999 -9999 -9999 -9999 -9999 -9999 -9999 -9999 -9999 -9999 -9999 -9999 -9999 -9999 78.642 87.506 86.819 83.769 76.942 74.285 71.278 68.358 69.982 72.365 73.795 70.521 71.437 69.779 67.426 66.747 62.221 70.085 74.203 72.77 72.977 66.848 65.331 65.516 62.539 60.113 58.606 58.122 57.009 53.285 53.295 54.662 57.25 50.851 56.466 57.172 60.439 61.121 58.39 55.983 57.31 56.495 53.817 50.247 -9999 52.601 52.293 54.287 51.553 52.538 52.221 50.973 51.906 51.009 50.229 51.486 48.988 52.605 52.496 49.827
-9999 -9999 -9999 -9999 -9999 -9999 -9999 -9999 -9999 -9999 -9999 -9999 -9999 -9999 73.513 76.21 77.446 79.221 79.706 79.534 76.481 69.247 67.567 67.057 69.991 65.803 63.985 61.795 65.038 64.711 61.274 63.628 67.627 69.506 71.507 72.904 65.061 63.703 71.677 67.971 62.954 67.745 63.492 63.009 63.471 59.913 57.408 56.695 53.24 52.129 54.91 55.264 57.142 57.861 58.179 57.014 55.677 57.493 52.999 48.153 -9999 46.705 -9999 46.976 -9999 46.238 -9999 47.115 46.316 46.475 45.596 45.687 45.799 45.452 -9999
-9999 -9999 -9999 -9999 -9999 -9999 -9999 -9999 -9999 -9999 -9999 -9999 -9999 -9999 74.456 72.348 73.493 74.445 80.39 82.367 80.82 75.287 72.664 69.121 65.58 61.489 57.628 58.041 60.927 58.173 60.16 60.897 65.707 69.066 74.474 69.308 62.168 69.482 68.729 58.926 63.676 61.08 63.415 66.649 63.628 59.1 58.964 56.153 53.715 55.073 55.413 54.22 53.77 53.001 55.729 55.083 52.232 50.923 50.113 46.119 -9999 -9999 42.734 42.129 -9999 -9999 42.893 42.418 43.6 -9999 -9999 -9999 -9999 -9999 -9999
-9999 -9999 -9999 -9999 -9999 -9999 -9999 -9999 -9999 -9999 -9999 -9999 -9999 81.368 74.52 74.569 72.271 72.928 74.766 79.899 83.9 85.957 84.965 79.576 70.654 63.928 61.393 62.213 58.232 59.632 57.802 61.142 65.452 75.072 75.362 67.26 64.067 62.811 50.944 50.968 56.305 61.485 64.9 62.7 59.762 58.001 55.947 55.38 54.356 52.499 52.804 55.126 53.056 50.144 47.595 50.698 50.068 -9999 -9999 -9999 45.557 -9999 -9999 -9999 -9999 -9999 -9999 44.182 -9999 -9999 -9999 -9999 -9999 -9999 -9999
