Validation/Results/raw data/ReClimate_12_2023_2weatherlogisticsltd.asc
NCOLS 192
NROWS 249
XLLCENTER -225160.85627316462
YLLCENTER 29788.11610251502
CELLSIZE 5000.0
NODATA_VALUE -9999
[rows 66 to 98 of 249, columns 75 to 149 of 192]
-9999 -9999 -9999 -9999 -9999 -9999 -9999 -9999 -9999 -9999 91.46 -9999 92.054 91.605 92.032 92.058 92.002 91.582 92.674 94.102 93.992 94.291 93.851 93.002 92.718 92.923 92.571 92.238 92.922 93.778 94.256 -9999 -9999 -9999 -9999 -9999 -9999 -9999 -9999 -9999 -9999 -9999 -9999 -9999 -9999 -9999 -9999 -9999 -9999 -9999 -9999 -9999 -9999 -9999 -9999 -9999 -9999 -9999 -9999 -9999 -9999 -9999 -9999 -9999 -9999 -9999 -9999 -9999 -9999 -9999 -9999 -9999 -9999 -9999 -9999
-9999 -9999 -9999 -9999 -9999 -9999 -9999 -9999 -9999 -9999 -9999 91.756 91.585 91.883 91.96 92.129 92.016 92.292 93.277 93.938 93.912 93.404 93.163 93.562 93.894 94.407 94.332 94.567 94.904 -9999 -9999 -9999 -9999 -9999 -9999 -9999 -9999 -9999 -9999 -9999 -9999 -9999 -9999 -9999 -9999 -9999 -9999 -9999 -9999 -9999 -9999 -9999 -9999 -9999 -9999 -9999 -9999 -9999 -9999 -9999 -9999 -9999 -9999 -9999 -9999 -9999 -9999 -9999 -9999 -9999 -9999 -9999 -9999 -9999 -9999
-9999 -9999 -9999 -9999 -9999 -9999 -9999 -9999 -9999 -9999 -9999 92.063 92.373 92.752 92.519 91.528 92.03 93.017 93.176 92.678 92.609 93.08 93.456 93.832 94.107 94.107 94.507 95.357 95.103 -9999 -9999 -9999 -9999 -9999 -9999 -9999 -9999 -9999 -9999 -9999 -9999 -9999 -9999 -9999 -9999 -9999 -9999 -9999 -9999 -9999 -9999 -9999 -9999 -9999 -9999 -9999 -9999 -9999 -9999 -9999 -9999 -9999 -9999 -9999 -9999 -9999 -9999 -9999 -9999 -9999 -9999 -9999 -9999 -9999 -9999
-9999 -9999 -9999 -9999 -9999 -9999 -9999 -9999 -9999 -9999 -9999 -9999 -9999 92.861 92.13 91.45 92.221 92.904 92.428 91.843 92.539 93.724 94.075 94.421 94.564 94.883 95.405 -9999 -9999 -9999 -9999 -9999 -9999 -9999 -9999 -9999 -9999 -9999 -9999 -9999 -9999 -9999 -9999 -9999 -9999 -9999 -9999 -9999 -9999 -9999 -9999 -9999 -9999 -9999 -9999 -9999 -9999 -9999 -9999 -9999 -9999 -9999 -9999 -9999 -9999 -9999 -9999 -9999 -9999 -9999 -9999 -9999 -9999 -9999 -9999
-9999 -9999 -9999 -9999 -9999 -9999 -9999 90.765 -9999 -9999 92.499 93.885 93.276 91.909 91.83 92.609 93.105 93.454 93.034 92.723 93.294 93.203 93.523 93.843 94.339 95.393 95.434 -9999 -9999 -9999 -9999 -9999 -9999 -9999 -9999 -9999 -9999 -9999 -9999 -9999 -9999 -9999 -9999 -9999 -9999 -9999 -9999 -9999 -9999 -9999 -9999 -9999 -9999 -9999 -9999 -9999 -9999 -9999 -9999 -9999 -9999 -9999 -9999 -9999 -9999 -9999 -9999 -9999 -9999 -9999 -9999 -9999 -9999 -9999 -9999
-9999 -9999 -9999 -9999 -9999 89.412 90.315 91.726 91.211 90.16 90.998 91.496 90.328 89.054 90.039 91.291 91.379 91.142 91.295 92.107 91.881 91.431 92.326 94.115 94.951 95.719 95.542 -9999 -9999 -9999 -9999 -9999 -9999 -9999 -9999 -9999 -9999 -9999 -9999 -9999 -9999 -9999 -9999 -9999 -9999 -9999 -9999 -9999 -9999 -9999 -9999 -9999 -9999 -9999 -9999 -9999 -9999 -9999 -9999 -9999 -9999 -9999 -9999 -9999 -9999 -9999 -9999 -9999 -9999 -9999 -9999 -9999 -9999 -9999 -9999
-9999 -9999 -9999 -9999 -9999 90.092 91.908 -9999 92.152 91.665 91.581 90.781 90.531 91.729 92.277 91.924 92.075 92.784 93.185 93.071 93.07 93.707 94.862 95.418 95.811 95.765 -9999 95.144 -9999 -9999 -9999 -9999 -9999 -9999 -9999 -9999 -9999 -9999 -9999 -9999 -9999 -9999 -9999 -9999 -9999 -9999 -9999 -9999 -9999 -9999 -9999 -9999 -9999 -9999 -9999 -9999 -9999 -9999 -9999 -9999 -9999 -9999 -9999 -9999 -9999 -9999 -9999 -9999 -9999 -9999 -9999 -9999 -9999 -9999 -9999
-9999 -9999 -9999 -9999 -9999 -9999 92.905 92.167 91.515 90.475 89.834 89.115 90.275 91.7 91.769 92.259 93.341 95.154 94.69 93.533 94.136 94.937 95.483 96.13 96.047 95.9 95.668 95.494 -9999 -9999 -9999 -9999 -9999 -9999 -9999 -9999 -9999 -9999 -9999 -9999 -9999 -9999 -9999 -9999 -9999 -9999 -9999 -9999 -9999 -9999 -9999 -9999 -9999 -9999 -9999 -9999 -9999 -9999 -9999 -9999 -9999 -9999 -9999 -9999 -9999 -9999 -9999 -9999 -9999 -9999 -9999 -9999 -9999 -9999 -9999
-9999 -9999 -9999 -9999 -9999 -9999 -9999 91.681 90.719 89.721 89.8 91.1 91.908 92.097 92.656 93.375 94.148 93.603 92.928 92.575 93.386 94.39 94.95 95.535 95.429 95.276 95.252 95.49 -9999 -9999 -9999 -9999 -9999 -9999 -9999 -9999 -9999 -9999 -9999 -9999 -9999 -9999 -9999 -9999 -9999 -9999 -9999 -9999 -9999 -9999 -9999 -9999 -9999 -9999 -9999 -9999 -9999 -9999 -9999 -9999 -9999 -9999 -9999 -9999 -9999 -9999 -9999 -9999 -9999 -9999 -9999 -9999 -9999 -9999 -9999
-9999 -9999 -9999 -9999 -9999 92.0 91.599 89.148 89.185 89.225 90.405 91.697 91.803 91.807 92.758 94.235 93.767 93.177 93.064 93.104 94.081 95.228 95.678 95.926 95.755 -9999 95.584 -9999 -9999 -9999 -9999 -9999 -9999 96.232 96.151 96.194 -9999 -9999 -9999 -9999 -9999 -9999 -9999 -9999 -9999 -9999 -9999 -9999 -9999 -9999 -9999 -9999 -9999 -9999 -9999 -9999 -9999 -9999 -9999 -9999 -9999 -9999 -9999 -9999 -9999 -9999 -9999 -9999 -9999 -9999 -9999 -9999 -9999 -9999 -9999
88.768 -9999 -9999 -9999 -9999 -9999 89.065 89.17 89.713 90.823 91.493 90.85 90.86 90.862 91.908 92.673 92.181 91.592 91.991 92.94 93.935 94.979 95.31 95.727 95.721 95.978 -9999 -9999 -9999 -9999 95.941 96.076 96.234 96.288 96.31 96.354 96.418 96.453 96.479 96.505 96.529 96.547 96.561 96.571 96.577 96.578 96.567 96.558 96.542 96.516 96.507 96.55 -9999 -9999 -9999 -9999 -9999 -9999 -9999 -9999 -9999 -9999 -9999 -9999 -9999 -9999 -9999 -9999 -9999 -9999 -9999 -9999 -9999 -9999 -9999
87.088 -9999 -9999 -9999 91.097 -9999 90.007 88.745 89.281 89.132 89.448 90.758 90.917 91.223 91.772 92.139 91.43 90.248 91.704 94.251 94.999 95.541 95.793 95.812 96.022 -9999 -9999 -9999 -9999 96.02 96.231 96.262 96.309 96.409 96.46 96.505 96.546 96.582 96.519 96.287 96.4 96.688 96.705 96.719 96.729 96.735 96.738 96.736 96.729 96.716 96.708 96.709 -9999 -9999 -9999 -9999 -9999 -9999 -9999 -9999 -9999 -9999 -9999 -9999 -9999 -9999 -9999 -9999 -9999 -9999 -9999 -9999 -9999 -9999 -9999
86.387 -9999 -9999 -9999 90.981 91.065 90.343 89.639 89.368 88.854 89.965 90.919 91.492 91.701 91.756 91.354 91.131 92.025 93.732 94.721 95.063 95.159 95.371 95.864 -9999 -9999 96.184 96.203 96.265 96.311 96.36 96.4 96.5 96.557 96.608 96.655 96.697 96.735 96.602 96.534 96.735 96.85 96.87 96.889 96.904 96.917 96.928 96.935 96.94 96.941 96.944 96.937 96.935 -9999 -9999 -9999 -9999 -9999 -9999 -9999 -9999 -9999 -9999 -9999 -9999 -9999 -9999 -9999 -9999 -9999 -9999 -9999 -9999 -9999 -9999
87.335 -9999 88.723 -9999 88.303 88.169 87.75 87.793 88.089 89.324 89.91 90.168 90.488 90.621 90.067 89.157 90.261 91.889 92.625 93.227 93.84 94.946 95.288 95.485 -9999 96.051 96.19 95.158 95.355 95.649 95.377 94.491 94.724 95.286 95.671 96.807 96.655 96.17 96.047 95.802 96.183 96.985 96.859 96.478 96.666 97.094 97.111 97.128 97.053 96.82 97.053 97.192 97.207 -9999 -9999 -9999 -9999 -9999 -9999 -9999 -9999 -9999 -9999 -9999 -9999 -9999 -9999 -9999 -9999 -9999 -9999 -9999 -9999 -9999 -9999
-9999 86.874 -9999 -9999 -9999 87.068 87.249 87.968 87.813 85.532 86.403 88.459 89.067 90.225 90.301 90.783 91.76 92.07 92.251 91.974 93.24 94.889 95.154 95.523 95.761 96.057 95.781 95.962 96.122 96.014 95.423 95.05 95.519 96.087 96.779 96.961 96.517 95.913 95.762 96.083 96.665 97.148 96.865 96.617 96.951 97.267 97.291 97.316 97.089 96.764 97.048 97.437 97.479 -9999 -9999 -9999 -9999 -9999 -9999 -9999 -9999 -9999 -9999 -9999 -9999 -9999 -9999 -9999 -9999 -9999 -9999 -9999 -9999 -9999 -9999
84.271 -9999 -9999 -9999 -9999 88.057 88.986 90.302 -9999 84.765 86.328 87.58 88.634 89.836 90.858 92.522 92.757 92.91 92.57 92.105 92.938 92.9 93.745 95.267 95.256 94.834 94.696 94.095 94.294 94.871 95.017 95.512 96.003 96.744 96.518 95.59 95.407 95.266 95.836 97.027 97.29 97.322 97.029 96.592 96.985 97.438 97.468 97.5 97.357 97.394 97.617 97.675 97.716 -9999 -9999 -9999 -9999 -9999 -9999 -9999 -9999 -9999 -9999 -9999 -9999 -9999 -9999 -9999 -9999 -9999 -9999 -9999 -9999 -9999 -9999
85.489 -9999 -9999 -9999 86.867 -9999 -9999 88.647 86.816 86.166 87.462 89.12 89.843 90.114 91.595 92.815 92.489 91.322 91.239 91.634 92.241 93.924 94.852 95.192 95.138 95.459 94.623 93.117 94.047 95.735 95.973 95.563 95.895 95.755 95.369 95.846 96.001 96.329 97.08 97.419 97.45 97.481 97.138 96.86 97.243 97.607 97.643 97.682 97.725 97.774 97.837 97.899 -9999 -9999 -9999 -9999 -9999 -9999 -9999 -9999 -9999 -9999 -9999 -9999 -9999 -9999 -9999 -9999 -9999 -9999 -9999 -9999 -9999 -9999 -9999
84.154 85.161 84.199 -9999 -9999 -9999 87.5 86.371 -9999 86.048 87.511 88.998 89.511 90.417 91.508 92.465 92.064 91.739 91.996 92.098 93.326 94.249 94.073 93.019 93.787 95.347 94.499 94.22 95.511 96.663 96.381 95.995 95.749 95.027 95.461 95.631 95.713 96.102 96.591 97.295 97.426 97.592 97.462 97.533 97.738 97.775 97.816 97.862 97.914 97.975 98.051 -9999 -9999 -9999 -9999 -9999 -9999 -9999 -9999 -9999 -9999 -9999 -9999 -9999 -9999 -9999 -9999 -9999 -9999 -9999 -9999 -9999 -9999 -9999 -9999
83.718 85.607 84.716 -9999 84.62 85.7 86.827 87.28 87.416 87.678 88.41 88.14 89.084 90.302 91.01 91.418 91.777 92.706 92.922 93.282 93.692 93.417 93.223 94.041 94.983 95.299 95.177 95.18 95.939 96.304 96.089 96.015 95.449 94.883 94.942 94.759 95.296 96.822 97.327 97.72 97.801 97.783 97.832 97.863 97.901 97.943 97.99 98.043 98.104 98.175 98.258 -9999 -9999 -9999 -9999 -9999 -9999 -9999 -9999 -9999 -9999 -9999 -9999 -9999 -9999 -9999 -9999 -9999 -9999 -9999 -9999 -9999 -9999 -9999 -9999
85.156 86.434 86.005 86.036 86.011 86.585 -9999 85.829 85.511 84.202 84.464 85.483 86.749 88.37 89.011 90.209 91.331 92.579 92.849 92.968 92.915 92.908 93.274 93.134 92.875 91.569 91.964 92.971 93.679 94.975 94.962 94.939 94.179 93.02 93.272 94.016 95.396 97.801 97.974 97.914 97.919 97.953 97.986 98.024 98.065 98.112 98.164 98.224 98.294 98.377 -9999 -9999 -9999 -9999 -9999 -9999 -9999 -9999 -9999 -9999 -9999 -9999 -9999 -9999 -9999 -9999 -9999 -9999 -9999 -9999 -9999 -9999 -9999 -9999 -9999
-9999 -9999 -9999 85.583 85.845 -9999 85.883 85.284 84.856 85.391 86.233 86.876 87.962 88.504 89.258 89.498 90.687 91.771 91.667 91.049 91.592 92.818 92.925 93.441 92.957 93.325 93.759 93.395 94.395 95.194 94.89 93.89 93.574 95.303 95.887 95.84 97.195 97.388 97.574 98.042 98.074 98.107 98.144 98.185 98.23 98.282 98.34 98.408 98.487 98.562 -9999 -9999 -9999 -9999 -9999 -9999 -9999 -9999 -9999 -9999 -9999 -9999 -9999 -9999 -9999 -9999 -9999 -9999 -9999 -9999 -9999 -9999 -9999 -9999 -9999
-9999 -9999 85.059 85.431 -9999 84.491 85.359 -9999 86.103 87.645 88.099 88.29 88.833 89.526 89.623 89.507 90.396 90.966 90.255 88.871 89.136 87.831 88.537 89.921 91.36 94.619 94.707 95.181 94.826 92.403 90.783 87.371 89.994 95.13 95.684 96.487 96.575 96.484 97.165 98.198 98.23 98.265 98.304 98.348 98.397 98.454 98.514 98.573 98.638 98.687 -9999 -9999 -9999 -9999 -9999 -9999 -9999 -9999 -9999 -9999 -9999 -9999 -9999 -9999 -9999 -9999 -9999 -9999 -9999 -9999 -9999 -9999 -9999 -9999 -9999
-9999 -9999 83.404 -9999 -9999 83.967 85.24 85.756 86.721 86.965 87.081 87.054 87.804 88.79 88.652 88.429 89.443 91.093 90.61 90.837 90.226 90.14 90.753 90.427 91.883 91.212 92.119 93.716 92.702 93.423 92.13 92.997 95.999 96.372 96.988 97.346 97.133 96.653 97.506 98.355 98.387 98.423 98.458 98.497 98.54 98.587 98.635 98.687 98.746 98.814 -9999 -9999 -9999 -9999 -9999 -9999 -9999 -9999 -9999 -9999 -9999 -9999 -9999 -9999 -9999 -9999 -9999 -9999 -9999 -9999 -9999 -9999 -9999 -9999 -9999
-9999 -9999 -9999 -9999 -9999 -9999 85.651 86.338 86.323 85.709 86.11 87.149 87.708 87.774 87.082 85.51 87.277 89.583 90.153 90.859 91.456 92.9 93.044 93.808 93.269 92.673 92.853 90.811 91.277 91.928 93.623 96.674 96.99 97.24 97.785 98.157 97.943 98.004 98.449 98.476 98.505 98.536 98.569 98.606 98.599 98.522 98.622 98.79 98.851 -9999 -9999 -9999 -9999 -9999 -9999 -9999 -9999 -9999 -9999 -9999 -9999 -9999 -9999 -9999 -9999 -9999 -9999 -9999 -9999 -9999 -9999 -9999 -9999 -9999 -9999
-9999 -9999 -9999 -9999 83.93 83.892 -9999 86.674 86.283 85.846 86.426 86.414 86.466 86.4 86.258 87.955 89.15 89.001 89.758 90.453 91.396 91.832 91.531 89.565 90.506 93.792 92.829 92.63 92.815 92.527 93.779 92.929 93.7 95.843 96.474 97.131 97.976 98.526 98.549 98.574 98.602 98.632 98.666 98.702 98.642 98.591 98.74 98.892 98.943 -9999 -9999 -9999 -9999 -9999 -9999 -9999 -9999 -9999 -9999 -9999 -9999 -9999 -9999 -9999 -9999 -9999 -9999 -9999 -9999 -9999 -9999 -9999 -9999 -9999 -9999
-9999 -9999 -9999 82.984 83.44 83.067 84.437 85.52 85.514 85.913 86.108 86.52 86.776 87.462 88.881 90.103 89.589 88.318 89.242 90.424 90.57 90.081 89.465 90.346 91.93 91.446 91.461 91.577 92.061 93.668 93.07 92.381 93.621 94.117 93.778 92.158 93.464 95.775 96.354 97.022 97.587 98.726 98.233 96.859 97.228 98.16 98.463 98.943 -9999 -9999 -9999 -9999 -9999 -9999 -9999 -9999 -9999 -9999 -9999 -9999 -9999 -9999 -9999 -9999 -9999 -9999 -9999 -9999 -9999 -9999 -9999 -9999 -9999 -9999 -9999
-9999 -9999 -9999 82.495 -9999 83.874 84.312 83.728 84.423 85.629 85.747 85.219 85.961 87.084 87.721 87.515 87.395 88.671 89.332 89.173 89.534 90.967 91.671 92.169 91.972 92.139 92.263 92.33 93.379 93.942 93.836 94.286 94.54 94.564 93.983 95.043 96.322 96.316 96.893 97.423 98.224 98.818 97.956 97.607 97.962 97.553 98.064 98.815 -9999 -9999 -9999 -9999 -9999 -9999 -9999 -9999 -9999 -9999 -9999 -9999 -9999 -9999 -9999 -9999 -9999 -9999 -9999 -9999 -9999 -9999 -9999 -9999 -9999 -9999 -9999
-9999 -9999 -9999 -9999 -9999 83.592 83.525 84.037 85.283 86.879 86.376 85.533 86.063 86.045 85.501 84.152 85.785 88.312 87.86 86.658 88.326 90.63 91.009 91.093 91.637 92.951 93.333 94.198 94.553 94.748 94.79 94.155 94.46 95.129 95.677 95.883 96.064 96.481 96.864 97.124 98.251 98.625 98.495 98.712 98.462 98.358 98.853 99.162 -9999 -9999 -9999 -9999 -9999 -9999 -9999 -9999 -9999 -9999 -9999 -9999 -9999 -9999 -9999 -9999 -9999 -9999 -9999 -9999 -9999 -9999 -9999 -9999 -9999 -9999 -9999
-9999 -9999 -9999 81.496 82.779 82.714 83.273 83.958 85.025 85.644 85.678 86.828 -9999 86.024 85.754 86.942 88.461 88.862 88.318 88.307 89.972 90.942 91.233 91.677 92.292 92.017 92.78 93.482 93.646 93.95 93.624 93.73 94.288 94.732 94.936 95.392 95.756 95.945 96.356 97.689 98.197 98.555 98.577 98.254 98.15 97.908 98.088 98.471 -9999 -9999 -9999 -9999 -9999 -9999 -9999 -9999 -9999 -9999 -9999 -9999 -9999 -9999 -9999 -9999 -9999 -9999 -9999 -9999 -9999 -9999 -9999 -9999 -9999 -9999 -9999
82.704 82.137 81.255 -9999 81.911 82.233 82.971 83.928 84.417 84.77 85.798 -9999 86.044 84.329 85.474 86.697 87.288 88.137 88.561 89.385 90.449 91.61 92.032 92.397 92.508 93.059 93.713 94.164 94.378 94.337 94.552 94.959 95.361 95.715 96.098 96.407 96.584 96.594 97.512 98.401 98.716 98.859 98.85 98.989 98.622 97.968 97.337 -9999 -9999 -9999 -9999 -9999 -9999 -9999 -9999 -9999 -9999 -9999 -9999 -9999 -9999 -9999 -9999 -9999 -9999 -9999 -9999 -9999 -9999 -9999 -9999 -9999 -9999 -9999 -9999
82.438 82.164 82.251 82.418 -9999 82.47 83.202 83.803 84.171 84.575 85.068 84.88 84.469 85.502 86.194 86.113 87.029 88.223 88.758 88.778 89.745 90.275 90.673 91.104 91.819 93.123 93.671 94.378 94.345 94.062 94.358 95.034 95.457 95.806 95.801 95.666 95.865 96.27 96.993 97.723 98.153 98.884 99.035 98.924 97.63 -9999 -9999 -9999 -9999 -9999 -9999 -9999 -9999 -9999 -9999 -9999 -9999 -9999 -9999 -9999 -9999 -9999 -9999 -9999 -9999 -9999 -9999 -9999 -9999 -9999 -9999 -9999 -9999 -9999 -9999
-9999 -9999 82.282 -9999 81.942 81.692 82.104 82.383 83.234 -9999 -9999 81.372 82.869 85.275 85.494 86.062 87.194 88.515 89.003 90.181 90.618 90.674 90.34 88.722 90.061 91.81 92.661 93.659 93.58 93.398 93.894 94.683 95.056 95.122 95.358 96.295 96.731 97.16 97.757 98.163 98.588 98.724 98.8 98.915 -9999 -9999 -9999 -9999 -9999 -9999 -9999 -9999 -9999 -9999 -9999 -9999 -9999 -9999 -9999 -9999 -9999 -9999 -9999 -9999 -9999 -9999 -9999 -9999 -9999 -9999 -9999 -9999 -9999 -9999 -9999
81.261 -9999 82.713 82.703 82.369 82.064 82.387 82.86 -9999 -9999 84.183 82.918 84.616 85.653 85.809 85.232 86.353 87.438 88.552 89.766 90.197 90.894 89.991 89.674 91.05 92.408 93.159 93.582 93.585 93.257 93.911 94.238 94.476 94.892 95.646 96.311 96.744 96.977 97.428 97.787 98.017 98.387 98.473 98.488 97.019 -9999 -9999 -9999 -9999 -9999 -9999 -9999 -9999 -9999 -9999 -9999 -9999 -9999 -9999 -9999 -9999 -9999 -9999 -9999 -9999 -9999 -9999 -9999 -9999 -9999 -9999 -9999 -9999 -9999 -9999
