Validation/Results/raw data/ReClimate_06_2024_2weatherlogisticsltd.asc
NCOLS 192
NROWS 249
XLLCENTER -225160.85627316462
YLLCENTER 29788.11610251502
CELLSIZE 5000.0
NODATA_VALUE -9999
[rows 132 to 164 of 249, columns 74 to 147 of 192]
-9999 -9999 -9999 -9999 -9999 -9999 -9999 -9999 -9999 -9999 -9999 -9999 -9999 119.847 117.719 115.421 113.315 111.489 110.071 108.748 107.509 106.341 105.234 104.18 103.169 102.195 101.25 100.456 100.038 100.401 101.23 102.039 102.763 103.422 104.036 104.628 105.216 105.808 106.402 106.993 107.574 108.14 108.692 109.291 109.98 110.623 111.192 111.542 111.806 112.036 112.235 112.397 112.602 112.868 113.141 113.434 113.766 114.163 -9999 -9999 -9999 -9999 -9999 -9999 -9999 -9999 -9999 -9999 -9999 -9999 -9999 -9999 -9999 -9999
144.951 -9999 -9999 -9999 -9999 -9999 -9999 -9999 -9999 -9999 -9999 -9999 -9999 121.171 118.728 116.386 114.135 112.188 110.576 109.23 107.969 106.783 105.661 104.594 103.574 102.593 101.644 100.759 100.327 100.672 101.308 101.892 102.481 103.163 103.82 104.446 105.054 105.653 106.243 106.823 107.39 107.941 108.502 109.173 109.846 110.468 110.943 111.262 111.539 111.794 112.077 112.46 112.76 113.084 113.421 113.744 114.057 114.36 -9999 -9999 -9999 -9999 -9999 -9999 -9999 -9999 -9999 -9999 -9999 -9999 -9999 -9999 -9999 -9999
145.51 -9999 -9999 -9999 -9999 -9999 -9999 -9999 -9999 -9999 -9999 -9999 124.667 122.152 119.703 117.336 115.042 112.908 111.074 109.701 108.418 107.212 106.073 104.993 103.961 102.972 102.018 101.175 100.853 101.208 101.752 102.265 102.819 103.359 103.883 104.401 104.927 105.487 106.081 106.658 107.217 107.759 108.373 109.11 109.797 110.388 110.835 111.247 111.626 111.999 112.383 112.747 113.088 113.419 113.737 114.042 114.336 114.621 114.836 -9999 -9999 -9999 -9999 -9999 -9999 -9999 -9999 -9999 -9999 -9999 -9999 -9999 -9999 -9999
146.146 -9999 -9999 -9999 -9999 -9999 -9999 -9999 -9999 -9999 -9999 127.909 -9999 123.164 120.682 118.283 115.956 113.689 111.754 110.166 108.857 107.629 106.471 105.375 104.331 103.332 102.371 101.564 101.361 101.824 102.375 102.897 103.4 103.89 104.376 104.864 105.368 105.897 106.427 106.957 107.496 108.091 108.831 109.589 110.259 110.754 111.204 111.626 112.023 112.399 112.756 113.092 113.419 113.732 114.032 114.32 114.597 114.866 115.089 -9999 -9999 -9999 -9999 -9999 -9999 -9999 -9999 -9999 -9999 -9999 -9999 -9999 -9999 -9999
146.84 145.893 -9999 -9999 -9999 -9999 -9999 -9999 -9999 -9999 -9999 129.172 -9999 124.204 121.678 119.238 116.871 114.563 112.428 110.629 109.29 108.036 106.857 105.742 104.683 103.672 102.702 101.923 101.854 102.446 103.005 -9999 -9999 -9999 -9999 -9999 -9999 106.552 107.07 107.623 108.213 108.864 109.62 110.311 110.818 111.257 111.668 112.054 112.421 112.77 113.104 113.425 113.728 114.024 114.308 114.581 114.844 115.097 115.323 115.37 -9999 -9999 -9999 -9999 -9999 -9999 -9999 -9999 -9999 -9999 -9999 -9999 -9999 -9999
147.591 146.656 145.723 -9999 -9999 -9999 -9999 -9999 -9999 -9999 -9999 130.332 127.969 125.288 122.708 120.216 117.797 115.441 113.152 111.226 109.72 108.436 107.231 106.094 105.017 103.991 103.015 102.32 102.475 103.075 103.641 -9999 -9999 -9999 -9999 106.226 106.736 107.263 107.853 108.446 109.033 109.705 110.39 110.898 111.327 111.725 112.099 112.453 112.792 113.116 113.428 113.725 114.017 114.298 114.569 114.829 115.078 115.317 115.536 115.73 -9999 -9999 -9999 -9999 -9999 -9999 -9999 -9999 -9999 -9999 -9999 -9999 -9999 -9999
147.914 147.488 146.57 145.65 -9999 -9999 -9999 -9999 -9999 -9999 -9999 131.544 129.192 126.438 -9999 -9999 118.75 116.333 113.966 111.859 -9999 108.821 107.595 106.432 105.332 104.287 103.311 102.773 103.108 -9999 -9999 -9999 -9999 -9999 106.398 106.917 107.469 108.083 108.68 109.26 109.854 110.494 110.996 111.416 111.801 112.161 112.501 112.825 113.138 113.439 113.731 114.015 114.287 114.555 114.815 115.065 115.302 115.528 115.744 115.953 -9999 -9999 -9999 -9999 -9999 -9999 -9999 -9999 -9999 -9999 -9999 -9999 -9999 -9999
147.992 147.803 147.441 146.443 -9999 -9999 -9999 -9999 -9999 -9999 -9999 -9999 130.544 127.689 -9999 -9999 -9999 117.252 114.813 112.501 110.573 -9999 -9999 106.767 105.628 104.559 103.577 103.239 -9999 -9999 -9999 -9999 -9999 106.559 107.088 107.671 108.297 108.903 109.492 110.062 110.626 111.103 111.523 111.899 112.243 112.567 112.875 113.173 113.461 113.742 114.015 114.278 114.54 114.796 115.045 115.288 115.517 115.729 115.931 116.132 -9999 -9999 -9999 -9999 -9999 -9999 -9999 -9999 -9999 -9999 -9999 -9999 -9999 -9999
147.78 147.87 147.63 -9999 -9999 -9999 -9999 -9999 -9999 -9999 -9999 -9999 -9999 129.014 -9999 -9999 -9999 -9999 115.689 113.209 111.162 -9999 -9999 -9999 106.049 104.801 -9999 -9999 -9999 -9999 -9999 -9999 -9999 107.257 107.855 108.492 109.108 109.706 110.277 110.781 111.2 111.64 112.018 112.35 112.655 112.945 113.225 113.498 113.764 114.025 114.282 114.533 114.777 115.02 115.259 115.495 115.721 115.92 116.106 116.295 -9999 -9999 -9999 -9999 -9999 -9999 -9999 -9999 -9999 -9999 -9999 -9999 -9999 -9999
147.553 147.645 -9999 -9999 -9999 -9999 -9999 -9999 -9999 -9999 -9999 -9999 -9999 130.637 -9999 -9999 -9999 -9999 -9999 114.016 111.763 -9999 -9999 -9999 -9999 -9999 -9999 -9999 -9999 -9999 -9999 -9999 -9999 108.028 108.676 109.3 109.902 110.464 110.92 111.307 111.734 112.146 112.48 112.767 113.035 113.296 113.55 113.801 114.049 114.292 114.533 114.766 114.999 115.229 115.456 115.679 115.892 116.089 116.267 116.449 116.636 -9999 -9999 -9999 -9999 -9999 -9999 -9999 -9999 -9999 -9999 -9999 -9999 -9999
147.328 -9999 147.516 147.606 147.484 147.572 -9999 -9999 -9999 -9999 -9999 -9999 -9999 131.769 -9999 -9999 -9999 -9999 -9999 -9999 -9999 -9999 -9999 -9999 -9999 -9999 -9999 -9999 -9999 -9999 -9999 -9999 108.193 108.86 109.491 110.083 110.597 111.01 111.396 111.789 112.221 112.616 112.904 113.147 113.387 113.625 113.86 114.092 114.322 114.549 114.774 114.994 115.216 115.433 115.647 115.855 116.054 116.242 116.421 116.6 116.783 116.973 -9999 -9999 -9999 -9999 -9999 -9999 -9999 -9999 -9999 -9999 -9999 -9999
147.106 147.204 147.298 147.39 147.48 147.569 -9999 -9999 -9999 -9999 -9999 -9999 -9999 -9999 -9999 -9999 -9999 -9999 -9999 -9999 -9999 -9999 -9999 -9999 -9999 -9999 -9999 -9999 -9999 -9999 -9999 108.483 109.057 109.686 110.226 110.672 111.071 111.454 111.825 112.215 112.642 113.004 113.271 113.501 113.723 113.942 114.16 114.376 114.592 114.809 115.021 115.231 115.432 115.635 115.833 116.027 116.215 116.396 116.571 116.747 116.926 117.111 -9999 -9999 -9999 -9999 -9999 -9999 -9999 -9999 -9999 -9999 -9999 -9999
146.888 146.988 147.083 147.176 -9999 147.356 147.442 -9999 -9999 -9999 -9999 -9999 -9999 -9999 -9999 -9999 -9999 -9999 -9999 -9999 -9999 -9999 -9999 -9999 -9999 -9999 -9999 -9999 -9999 -9999 -9999 109.184 109.813 110.297 110.722 111.12 111.504 111.883 112.243 112.615 113.001 113.327 113.589 113.817 114.03 114.239 114.449 114.658 114.864 115.065 115.262 115.456 115.642 115.83 116.014 116.195 116.372 116.546 116.72 116.893 117.069 117.203 117.246 117.167 -9999 -9999 -9999 -9999 -9999 -9999 -9999 -9999 -9999 -9999
146.674 146.774 146.87 146.963 -9999 -9999 147.228 -9999 -9999 -9999 -9999 -9999 -9999 -9999 -9999 -9999 -9999 -9999 -9999 -9999 -9999 -9999 -9999 -9999 -9999 -9999 -9999 -9999 -9999 -9999 -9999 109.807 110.331 110.768 111.18 111.582 111.962 112.316 112.645 112.981 113.326 113.627 113.881 114.108 114.323 114.533 114.734 114.929 115.12 115.306 115.489 115.665 115.843 116.017 116.189 116.359 116.527 116.695 116.863 117.034 117.203 117.267 117.246 117.181 117.115 117.039 116.794 -9999 -9999 -9999 -9999 -9999 -9999 -9999
146.463 146.562 146.658 146.75 146.838 -9999 146.728 -9999 -9999 -9999 -9999 -9999 -9999 -9999 -9999 -9999 -9999 -9999 -9999 -9999 -9999 -9999 -9999 -9999 -9999 -9999 -9999 -9999 -9999 -9999 109.941 110.316 110.819 111.266 111.681 112.057 112.404 112.725 113.023 113.328 113.641 113.922 114.171 114.403 114.615 114.813 115.002 115.185 115.362 115.536 115.706 115.874 116.036 116.2 116.362 116.523 116.683 116.844 117.006 117.172 117.262 117.283 117.227 117.167 117.102 117.035 116.964 116.888 116.868 -9999 -9999 -9999 -9999 -9999
146.254 146.352 146.446 146.482 -9999 146.097 -9999 -9999 -9999 -9999 -9999 -9999 -9999 -9999 -9999 -9999 -9999 -9999 -9999 -9999 -9999 -9999 -9999 -9999 -9999 -9999 -9999 -9999 -9999 -9999 -9999 110.974 111.368 111.79 112.168 112.511 112.826 113.118 113.389 113.667 113.956 114.229 114.475 114.694 114.894 115.08 115.258 115.428 115.594 115.756 115.916 116.07 116.225 116.38 116.533 116.686 116.84 116.995 117.152 117.259 117.293 117.255 117.2 117.144 117.085 117.02 116.951 116.882 116.818 116.855 -9999 -9999 -9999 -9999
146.047 146.107 146.025 145.754 145.453 145.142 -9999 -9999 -9999 -9999 -9999 -9999 -9999 -9999 -9999 -9999 -9999 -9999 -9999 -9999 -9999 -9999 -9999 -9999 -9999 -9999 -9999 -9999 -9999 -9999 -9999 -9999 112.074 112.349 112.639 112.95 113.236 113.502 113.75 114.008 114.291 114.547 114.773 114.976 115.163 115.338 115.504 115.664 115.819 115.971 116.12 116.268 116.412 116.558 116.704 116.85 116.998 117.148 117.263 117.3 117.275 117.224 117.17 117.115 117.059 117.002 116.94 116.875 116.81 116.751 116.852 -9999 -9999 -9999
145.763 145.516 145.2 144.876 144.541 -9999 -9999 -9999 -9999 -9999 -9999 -9999 -9999 -9999 -9999 -9999 -9999 -9999 -9999 -9999 -9999 -9999 -9999 -9999 -9999 -9999 -9999 -9999 -9999 -9999 -9999 -9999 112.729 112.991 113.189 113.393 113.641 113.883 114.118 114.374 114.628 114.859 115.066 115.253 115.427 115.589 115.745 115.894 116.039 116.182 116.323 116.462 116.598 116.737 116.876 117.017 117.159 117.271 117.309 117.293 117.243 117.192 117.141 117.088 117.035 116.981 116.927 116.869 116.809 116.75 116.702 116.821 -9999 -9999
145.038 144.701 144.355 143.998 143.555 -9999 -9999 -9999 -9999 -9999 -9999 -9999 -9999 -9999 -9999 -9999 -9999 -9999 -9999 -9999 -9999 -9999 -9999 -9999 -9999 -9999 -9999 -9999 -9999 -9999 -9999 -9999 -9999 113.635 113.782 113.924 114.077 114.275 114.509 114.737 114.961 115.169 115.356 115.528 115.687 115.838 115.982 116.121 116.258 116.391 116.523 116.653 116.785 116.917 117.05 117.183 117.285 117.319 117.306 117.259 117.211 117.163 117.114 117.064 117.014 116.963 116.911 116.859 116.806 116.749 116.7 116.67 -9999 -9999
144.247 -9999 -9999 -9999 -9999 -9999 -9999 -9999 -9999 -9999 -9999 -9999 -9999 -9999 -9999 -9999 -9999 -9999 -9999 -9999 -9999 -9999 -9999 -9999 -9999 -9999 -9999 -9999 -9999 -9999 -9999 -9999 -9999 114.243 114.405 114.482 114.585 114.728 114.896 115.097 115.293 115.478 115.646 115.801 115.947 116.085 116.219 116.348 116.475 116.6 116.725 116.847 116.972 117.098 117.222 117.307 117.332 117.318 117.273 117.227 117.181 117.135 117.089 117.041 116.993 116.945 116.896 116.847 116.797 116.746 116.702 116.671 116.646 -9999
143.444 -9999 -9999 -9999 -9999 -9999 -9999 -9999 -9999 -9999 -9999 -9999 -9999 -9999 -9999 -9999 -9999 -9999 -9999 -9999 -9999 -9999 -9999 -9999 -9999 -9999 -9999 -9999 -9999 -9999 -9999 -9999 -9999 -9999 115.017 115.063 115.134 115.216 115.322 115.456 115.627 115.788 115.937 116.076 116.207 116.333 116.456 116.575 116.693 116.81 116.928 117.045 117.161 117.277 117.336 117.348 117.327 117.284 117.241 117.197 117.153 117.109 117.065 117.019 116.974 116.927 116.88 116.833 116.785 116.738 116.702 116.676 116.65 -9999
142.618 -9999 -9999 -9999 -9999 -9999 -9999 -9999 -9999 -9999 -9999 -9999 -9999 -9999 -9999 -9999 -9999 -9999 -9999 -9999 -9999 -9999 -9999 -9999 -9999 -9999 -9999 -9999 -9999 -9999 -9999 -9999 -9999 -9999 115.58 -9999 115.683 115.722 115.773 115.854 -9999 116.102 116.231 116.353 116.47 116.584 116.695 116.805 116.914 117.023 117.133 117.24 117.335 117.366 117.367 117.335 117.293 117.252 117.21 117.169 117.127 117.084 117.041 116.998 116.954 116.909 116.864 116.818 116.771 116.73 116.7 116.679 116.653 116.626
-9999 -9999 -9999 -9999 -9999 -9999 -9999 -9999 -9999 -9999 -9999 -9999 -9999 -9999 -9999 -9999 -9999 -9999 -9999 -9999 -9999 -9999 -9999 -9999 -9999 -9999 -9999 -9999 -9999 -9999 -9999 -9999 -9999 -9999 -9999 116.199 116.219 -9999 -9999 -9999 -9999 116.422 116.531 116.635 116.738 116.838 116.938 117.038 117.138 117.24 117.341 117.417 117.389 117.381 117.341 117.302 117.264 117.226 117.188 117.149 117.109 117.069 117.027 116.985 116.942 116.897 116.851 116.804 116.755 116.72 116.696 116.678 116.655 116.628
-9999 -9999 -9999 -9999 -9999 -9999 -9999 -9999 -9999 -9999 -9999 -9999 -9999 -9999 -9999 -9999 -9999 -9999 -9999 -9999 -9999 -9999 -9999 -9999 -9999 -9999 -9999 -9999 -9999 -9999 -9999 -9999 -9999 -9999 -9999 116.579 116.742 -9999 -9999 -9999 -9999 116.776 116.823 116.909 116.996 117.084 117.174 117.266 117.361 117.44 117.458 117.418 117.387 117.35 117.314 117.279 117.243 117.208 117.172 117.135 117.097 117.059 117.019 116.979 116.937 116.894 116.849 116.802 116.757 116.722 116.698 116.675 116.654 116.628
-9999 -9999 -9999 -9999 -9999 -9999 -9999 -9999 -9999 -9999 -9999 -9999 -9999 -9999 -9999 -9999 -9999 -9999 -9999 -9999 -9999 -9999 -9999 -9999 -9999 -9999 -9999 -9999 -9999 -9999 -9999 -9999 -9999 -9999 -9999 116.843 -9999 -9999 -9999 -9999 117.098 117.093 117.111 117.173 117.244 117.319 117.398 117.46 117.467 117.444 117.411 117.382 117.357 117.326 117.293 117.26 117.226 117.193 117.158 117.123 117.087 117.05 117.012 116.973 116.933 116.891 116.847 116.801 116.764 116.735 116.712 116.687 116.66 116.631
-9999 -9999 -9999 -9999 -9999 -9999 -9999 -9999 -9999 -9999 -9999 -9999 -9999 -9999 -9999 -9999 -9999 -9999 -9999 -9999 -9999 -9999 -9999 -9999 -9999 -9999 -9999 -9999 -9999 -9999 -9999 -9999 -9999 -9999 -9999 -9999 -9999 -9999 -9999 -9999 117.454 117.427 117.415 117.431 117.468 117.464 117.464 117.437 117.41 117.383 117.359 117.335 117.314 117.293 117.268 117.241 117.21 117.178 117.145 117.111 117.076 117.041 117.004 116.967 116.928 116.887 116.845 116.804 116.772 116.749 116.726 116.702 116.676 116.648
-9999 -9999 -9999 -9999 -9999 -9999 -9999 -9999 -9999 -9999 -9999 -9999 -9999 -9999 -9999 -9999 -9999 -9999 -9999 -9999 -9999 -9999 -9999 -9999 -9999 -9999 -9999 -9999 -9999 -9999 -9999 -9999 -9999 -9999 -9999 -9999 -9999 -9999 -9999 -9999 117.721 117.642 117.56 117.499 117.448 117.42 117.397 117.376 117.351 117.328 117.308 117.288 117.271 117.252 117.233 117.213 117.191 117.163 117.132 117.099 117.066 117.031 116.996 116.959 116.922 116.882 116.841 116.808 116.783 116.762 116.74 116.716 116.691 116.664
-9999 -9999 -9999 -9999 -9999 -9999 -9999 -9999 -9999 -9999 -9999 -9999 -9999 -9999 -9999 -9999 -9999 -9999 -9999 -9999 -9999 -9999 -9999 -9999 -9999 -9999 -9999 -9999 -9999 -9999 -9999 -9999 -9999 -9999 -9999 -9999 -9999 -9999 -9999 117.818 117.724 117.633 117.536 117.439 117.374 117.356 117.338 117.316 117.295 117.277 117.26 117.245 117.23 117.215 117.198 117.18 117.161 117.14 117.117 117.088 117.055 117.022 116.987 116.952 116.915 116.876 116.842 116.814 116.794 116.774 116.752 116.729 116.705 116.678
-9999 -9999 -9999 -9999 -9999 -9999 -9999 -9999 -9999 -9999 -9999 -9999 -9999 -9999 -9999 -9999 -9999 -9999 -9999 -9999 -9999 -9999 -9999 -9999 -9999 -9999 -9999 -9999 -9999 -9999 -9999 -9999 -9999 -9999 -9999 -9999 -9999 -9999 -9999 117.75 117.659 117.575 117.484 117.393 117.331 117.297 117.278 117.259 117.243 117.228 117.214 117.202 117.191 117.18 117.166 117.149 117.131 117.111 117.09 117.069 117.042 117.011 116.978 116.943 116.907 116.872 116.844 116.824 116.804 116.784 116.763 116.741 116.717 116.691
-9999 -9999 -9999 -9999 -9999 -9999 -9999 -9999 -9999 -9999 -9999 -9999 -9999 -9999 -9999 -9999 -9999 -9999 -9999 -9999 -9999 -9999 -9999 -9999 -9999 -9999 -9999 -9999 -9999 -9999 -9999 -9999 -9999 -9999 -9999 -9999 -9999 -9999 117.781 117.685 117.596 117.515 117.44 117.364 117.289 117.238 117.22 117.205 117.192 117.181 117.17 117.162 117.154 117.146 117.135 117.119 117.101 117.082 117.062 117.043 117.022 116.998 116.967 116.933 116.898 116.871 116.85 116.832 116.814 116.794 116.774 116.752 116.729 116.703
-9999 -9999 -9999 -9999 -9999 -9999 -9999 -9999 -9999 -9999 -9999 -9999 -9999 -9999 -9999 -9999 -9999 -9999 -9999 -9999 -9999 -9999 -9999 -9999 -9999 -9999 -9999 -9999 -9999 -9999 -9999 -9999 -9999 -9999 -9999 -9999 -9999 -9999 117.716 117.621 117.536 117.462 117.397 117.327 117.253 117.194 117.165 117.153 117.143 117.135 117.127 117.121 117.116 117.11 117.102 117.088 117.07 117.052 117.034 117.015 116.996 116.976 116.953 116.922 116.896 116.874 116.858 116.84 116.822 116.803 116.783 116.762 116.739 116.714
-9999 -9999 -9999 -9999 -9999 -9999 -9999 -9999 -9999 -9999 -9999 -9999 -9999 -9999 -9999 -9999 -9999 -9999 -9999 -9999 -9999 -9999 -9999 -9999 -9999 -9999 -9999 -9999 -9999 -9999 -9999 -9999 -9999 -9999 -9999 -9999 -9999 -9999 117.653 117.561 117.483 117.414 117.35 117.288 117.218 117.151 117.111 117.102 117.095 117.089 117.084 117.08 117.076 117.071 117.064 117.053 117.038 117.022 117.005 116.988 116.97 116.951 116.931 116.915 116.897 116.881 116.864 116.847 116.83 116.811 116.792 116.771 116.748 116.724
-9999 -9999 -9999 -9999 -9999 -9999 -9999 -9999 -9999 -9999 -9999 -9999 -9999 -9999 -9999 -9999 -9999 -9999 -9999 -9999 -9999 -9999 -9999 -9999 -9999 -9999 -9999 -9999 -9999 -9999 -9999 -9999 -9999 -9999 -9999 -9999 -9999 -9999 -9999 117.511 117.434 117.366 117.304 117.244 117.177 117.111 117.065 117.053 117.048 117.044 117.041 117.039 117.036 117.032 117.025 117.016 117.005 116.991 116.976 116.961 116.944 116.926 116.913 116.904 116.899 116.886 116.871 116.854 116.837 116.819 116.8 116.779 -9999 116.733
