Validation/Results/raw data/ReClimate_04_2024_1_Temperature-Actualsweatherlogisticsltd.asc
NCOLS 192
NROWS 249
XLLCENTER -225160.85627316462
YLLCENTER 29788.11610251502
CELLSIZE 5000.0
NODATA_VALUE -9999
[rows 102 to 135 of 249, columns 77 to 153 of 192]
8.107 8.151 10.155 10.833 -9999 -9999 9.652 -9999 -9999 10.269 7.714 7.419 9.114 8.186 5.983 7.737 6.69 6.677 6.905 7.432 9.206 8.416 7.522 6.566 7.111 8.102 7.411 7.691 8.92 9.785 10.241 10.124 9.595 8.787 9.639 9.905 10.04 10.259 10.124 10.042 -9999 -9999 -9999 -9999 -9999 -9999 -9999 -9999 -9999 -9999 -9999 -9999 -9999 -9999 -9999 -9999 -9999 -9999 -9999 -9999 -9999 -9999 -9999 -9999 -9999 -9999 -9999 -9999 -9999 -9999 -9999 -9999 -9999 -9999 -9999 -9999 -9999
8.475 9.81 -9999 -9999 -9999 10.337 9.276 9.89 9.655 9.537 8.434 10.143 9.67 7.97 7.901 8.329 8.39 8.319 8.207 8.245 7.302 8.239 7.454 7.748 7.514 7.137 7.809 8.638 9.532 10.153 10.291 9.946 9.194 9.791 10.302 -9999 -9999 10.44 -9999 -9999 -9999 -9999 -9999 -9999 -9999 -9999 -9999 -9999 -9999 -9999 -9999 -9999 -9999 -9999 -9999 -9999 -9999 -9999 -9999 -9999 -9999 -9999 -9999 -9999 -9999 -9999 -9999 -9999 -9999 -9999 -9999 -9999 -9999 -9999 -9999 -9999 -9999
-9999 9.666 -9999 -9999 -9999 10.113 9.306 9.207 9.3 9.901 10.376 9.364 8.078 7.805 8.336 8.755 8.299 7.799 8.338 7.789 9.1 8.266 8.066 8.871 9.299 9.545 9.436 9.922 10.235 10.276 10.403 10.323 10.121 10.439 -9999 10.181 10.253 10.087 10.042 -9999 -9999 -9999 -9999 -9999 -9999 -9999 -9999 -9999 -9999 -9999 -9999 -9999 -9999 -9999 -9999 -9999 -9999 -9999 -9999 -9999 -9999 -9999 -9999 -9999 -9999 -9999 -9999 -9999 -9999 -9999 -9999 -9999 -9999 -9999 -9999 -9999 -9999
-9999 -9999 -9999 10.482 10.108 9.261 9.311 8.888 9.406 9.146 8.279 7.68 7.542 8.577 8.418 8.988 7.603 8.807 7.321 8.881 7.733 6.942 8.87 9.518 9.28 9.578 10.139 10.235 10.499 10.646 10.687 10.674 -9999 10.341 10.157 10.215 10.109 10.249 9.951 -9999 -9999 -9999 -9999 -9999 -9999 -9999 -9999 -9999 -9999 -9999 -9999 -9999 -9999 -9999 -9999 -9999 -9999 -9999 -9999 -9999 -9999 -9999 -9999 -9999 -9999 -9999 -9999 -9999 -9999 -9999 -9999 -9999 -9999 -9999 -9999 -9999 -9999
-9999 -9999 -9999 10.259 10.569 10.05 9.079 9.237 9.541 8.383 9.251 9.094 8.586 7.65 9.008 9.039 8.192 7.539 8.319 8.3 7.143 8.284 8.187 7.824 8.803 9.346 9.563 9.928 10.106 9.919 9.812 9.587 9.693 10.158 10.402 10.162 9.963 10.076 9.833 9.819 -9999 -9999 -9999 -9999 -9999 -9999 -9999 -9999 -9999 -9999 -9999 -9999 -9999 -9999 -9999 -9999 -9999 -9999 -9999 -9999 -9999 -9999 -9999 -9999 -9999 -9999 -9999 -9999 -9999 -9999 -9999 -9999 -9999 -9999 -9999 -9999 -9999
-9999 -9999 10.183 -9999 -9999 9.846 9.174 9.865 8.756 9.208 -9999 -9999 8.082 7.769 8.52 9.036 8.164 8.432 8.712 8.361 8.74 9.543 8.862 9.121 9.439 9.722 9.272 8.726 8.333 8.639 8.825 9.313 9.663 9.812 10.331 9.795 9.803 9.599 9.656 9.696 9.753 -9999 -9999 -9999 -9999 -9999 -9999 -9999 -9999 -9999 -9999 -9999 -9999 -9999 -9999 -9999 -9999 -9999 -9999 -9999 -9999 -9999 -9999 -9999 -9999 -9999 -9999 -9999 -9999 -9999 -9999 -9999 -9999 -9999 -9999 -9999 -9999
-9999 -9999 10.201 -9999 10.278 9.773 9.995 8.77 8.798 10.204 10.346 8.597 7.815 8.662 10.524 8.579 7.346 9.378 9.38 8.97 9.631 9.906 10.028 10.257 10.082 8.875 7.773 7.801 8.447 8.918 9.537 9.761 9.578 9.737 9.843 9.872 10.133 10.271 10.224 10.166 -9999 -9999 -9999 -9999 -9999 -9999 -9999 -9999 -9999 -9999 -9999 -9999 -9999 -9999 -9999 -9999 -9999 -9999 -9999 -9999 -9999 -9999 -9999 -9999 -9999 -9999 -9999 -9999 -9999 -9999 -9999 -9999 -9999 -9999 -9999 -9999 -9999
-9999 -9999 10.219 -9999 10.226 10.494 9.773 9.462 10.08 -9999 8.73 9.002 -9999 8.836 8.9 8.666 9.609 8.412 9.614 10.02 10.46 10.607 10.831 10.884 10.316 9.246 9.728 9.994 9.985 9.75 9.582 9.827 9.707 9.957 10.04 10.166 -9999 -9999 -9999 -9999 -9999 -9999 -9999 -9999 -9999 -9999 -9999 -9999 -9999 -9999 -9999 -9999 -9999 -9999 -9999 -9999 -9999 -9999 -9999 -9999 -9999 -9999 -9999 -9999 -9999 -9999 -9999 -9999 -9999 -9999 -9999 -9999 -9999 -9999 -9999 -9999 -9999
9.921 9.945 -9999 -9999 10.662 10.412 9.889 10.271 10.186 8.362 8.832 7.86 -9999 9.543 8.76 9.499 9.599 9.483 9.694 10.226 10.158 10.025 9.916 10.114 10.576 10.88 10.891 10.658 10.19 9.706 9.613 9.757 9.817 9.932 10.127 -9999 -9999 -9999 -9999 -9999 -9999 -9999 -9999 -9999 -9999 -9999 -9999 -9999 -9999 -9999 -9999 -9999 -9999 -9999 -9999 -9999 -9999 -9999 -9999 -9999 -9999 -9999 -9999 -9999 -9999 -9999 -9999 -9999 -9999 -9999 -9999 -9999 -9999 -9999 -9999 -9999 -9999
10.057 10.179 -9999 10.619 9.428 9.508 10.264 -9999 8.813 9.166 8.12 8.062 -9999 9.229 8.543 9.711 10.719 10.594 10.629 10.355 9.986 9.579 8.961 9.485 10.328 10.791 -9999 10.829 10.426 10.208 10.113 9.903 9.47 9.78 -9999 -9999 -9999 -9999 -9999 -9999 -9999 -9999 -9999 -9999 -9999 -9999 -9999 -9999 -9999 -9999 -9999 -9999 -9999 -9999 -9999 -9999 -9999 -9999 -9999 -9999 -9999 -9999 -9999 -9999 -9999 -9999 -9999 -9999 -9999 -9999 -9999 -9999 -9999 -9999 -9999 -9999 -9999
10.465 -9999 -9999 10.023 8.819 9.696 -9999 9.587 9.317 9.211 8.635 9.072 -9999 10.184 10.095 10.528 10.809 10.662 10.416 10.041 8.372 8.258 8.538 9.189 10.208 10.852 10.98 11.085 -9999 -9999 10.624 10.219 -9999 -9999 -9999 -9999 -9999 -9999 10.142 10.09 10.208 -9999 -9999 -9999 -9999 -9999 -9999 -9999 -9999 -9999 -9999 -9999 -9999 -9999 -9999 -9999 -9999 -9999 -9999 -9999 -9999 -9999 -9999 -9999 -9999 -9999 -9999 -9999 -9999 -9999 -9999 -9999 -9999 -9999 -9999 -9999 -9999
-9999 -9999 9.614 9.231 10.003 9.479 -9999 9.615 9.154 9.906 9.887 8.766 -9999 -9999 -9999 10.889 10.441 9.797 9.71 9.48 9.497 9.823 9.866 10.264 10.394 10.365 10.511 10.787 10.837 10.564 10.366 10.503 -9999 -9999 -9999 -9999 -9999 10.121 10.049 9.988 10.283 10.294 -9999 -9999 -9999 -9999 -9999 -9999 -9999 -9999 -9999 -9999 -9999 -9999 -9999 -9999 -9999 -9999 -9999 -9999 -9999 -9999 -9999 -9999 -9999 -9999 -9999 -9999 -9999 -9999 -9999 -9999 -9999 -9999 -9999 -9999 -9999
-9999 -9999 -9999 10.516 9.297 9.734 -9999 9.552 -9999 10.288 9.206 10.124 -9999 10.649 10.21 10.101 -9999 10.304 10.601 10.529 10.665 10.514 10.546 10.416 10.174 9.898 10.042 10.197 9.78 9.763 10.27 10.547 10.634 10.517 10.524 -9999 10.257 10.028 9.951 10.122 9.873 9.485 9.363 10.205 -9999 -9999 -9999 -9999 -9999 -9999 -9999 -9999 -9999 -9999 -9999 -9999 -9999 -9999 -9999 -9999 -9999 -9999 -9999 -9999 -9999 -9999 -9999 -9999 -9999 -9999 -9999 -9999 -9999 -9999 -9999 -9999 -9999
-9999 -9999 -9999 9.554 8.939 10.118 -9999 10.526 -9999 10.322 10.665 -9999 10.416 9.56 9.262 10.083 10.631 10.876 10.853 11.081 10.93 10.63 10.585 10.257 9.678 9.512 9.6 9.613 9.631 9.899 10.145 10.182 10.114 9.96 10.353 10.306 9.845 9.883 9.862 9.707 9.07 8.745 8.581 8.986 9.805 9.865 9.622 -9999 -9999 -9999 -9999 -9999 -9999 -9999 -9999 -9999 -9999 -9999 -9999 -9999 -9999 -9999 -9999 -9999 -9999 -9999 -9999 -9999 -9999 -9999 -9999 -9999 -9999 -9999 -9999 -9999 -9999
-9999 -9999 -9999 9.522 10.221 9.908 9.662 -9999 -9999 10.939 10.87 -9999 10.294 8.976 8.889 9.913 10.378 10.895 11.201 11.079 10.957 11.105 10.872 10.377 9.853 9.276 9.247 9.31 9.504 9.533 9.35 9.181 8.906 9.495 10.096 9.945 9.68 9.555 9.173 8.135 7.977 8.43 8.498 8.938 8.997 9.51 9.65 9.52 -9999 -9999 -9999 -9999 -9999 -9999 -9999 -9999 -9999 -9999 -9999 -9999 -9999 -9999 -9999 -9999 -9999 -9999 -9999 -9999 -9999 -9999 -9999 -9999 -9999 -9999 -9999 -9999 -9999
-9999 -9999 -9999 10.154 10.219 9.453 10.52 -9999 -9999 10.806 10.875 -9999 -9999 9.112 9.402 10.222 10.25 10.269 10.471 10.546 10.71 10.47 10.828 10.785 10.153 9.671 9.197 8.99 8.791 8.803 8.424 8.387 8.959 9.407 9.458 9.366 9.124 8.765 8.187 8.058 8.039 8.444 8.736 9.095 9.685 9.778 9.495 9.47 -9999 -9999 -9999 -9999 -9999 -9999 -9999 -9999 -9999 -9999 -9999 -9999 -9999 -9999 -9999 -9999 -9999 -9999 -9999 -9999 -9999 -9999 -9999 -9999 -9999 -9999 -9999 -9999 -9999
-9999 -9999 -9999 10.537 9.839 10.105 -9999 -9999 -9999 -9999 10.817 -9999 10.462 9.524 10.32 10.553 10.065 9.862 9.688 9.999 9.996 10.085 10.231 10.456 10.4 9.62 9.107 8.991 8.976 8.567 8.324 8.771 9.073 8.953 8.82 8.271 8.356 8.576 8.777 8.683 8.522 8.765 8.997 9.453 9.946 9.924 9.846 9.857 9.542 -9999 -9999 -9999 -9999 -9999 -9999 -9999 -9999 -9999 -9999 -9999 -9999 -9999 -9999 -9999 -9999 -9999 -9999 -9999 -9999 -9999 -9999 -9999 -9999 -9999 -9999 -9999 -9999
-9999 9.784 9.826 9.721 10.18 -9999 -9999 9.549 -9999 -9999 -9999 -9999 10.528 10.311 10.674 10.569 10.307 9.83 9.474 9.344 9.172 9.185 9.595 9.904 10.061 10.05 9.393 9.307 9.112 8.973 9.168 9.085 8.642 8.698 7.74 7.371 7.937 8.452 8.82 9.099 9.022 9.193 9.201 9.575 9.975 10.101 10.101 9.993 9.818 -9999 -9999 -9999 -9999 -9999 -9999 -9999 -9999 -9999 -9999 -9999 -9999 -9999 -9999 -9999 -9999 -9999 -9999 -9999 -9999 -9999 -9999 -9999 -9999 -9999 -9999 -9999 -9999
-9999 -9999 9.436 9.641 10.503 -9999 9.819 8.867 9.446 -9999 -9999 -9999 -9999 10.838 10.862 10.871 10.624 10.243 9.819 9.268 9.067 9.229 9.484 9.634 9.913 9.681 9.798 9.471 9.155 8.916 8.941 8.503 9.165 8.687 8.536 8.332 7.816 8.093 8.933 9.182 9.524 9.597 9.609 9.803 10.049 10.142 10.147 9.882 9.797 9.732 -9999 -9999 -9999 -9999 -9999 -9999 -9999 -9999 -9999 -9999 -9999 -9999 -9999 -9999 -9999 -9999 -9999 -9999 -9999 -9999 -9999 -9999 -9999 -9999 -9999 -9999 -9999
-9999 -9999 9.815 9.684 10.034 -9999 10.19 9.111 9.863 -9999 -9999 -9999 -9999 -9999 10.887 10.93 10.878 10.779 10.422 10.029 9.649 9.194 8.762 8.946 9.324 9.624 9.551 9.18 8.839 8.896 8.746 8.89 9.252 9.062 8.978 8.937 9.25 9.242 9.468 9.54 9.854 9.751 9.953 10.32 10.341 10.316 10.161 9.927 9.537 9.6 9.763 -9999 -9999 -9999 -9999 -9999 -9999 -9999 -9999 -9999 -9999 -9999 -9999 -9999 -9999 -9999 -9999 -9999 -9999 -9999 -9999 -9999 -9999 -9999 -9999 -9999 -9999
-9999 -9999 9.659 9.198 -9999 -9999 10.657 9.81 9.424 10.28 -9999 -9999 -9999 -9999 -9999 10.831 10.657 10.477 10.376 9.67 8.997 8.625 8.283 8.413 8.809 9.186 8.928 9.028 8.854 8.552 8.557 8.958 7.621 8.502 8.341 9.075 8.636 9.162 9.661 9.584 9.858 10.136 10.348 10.201 9.904 9.791 9.871 9.626 9.781 9.207 9.588 9.785 9.92 -9999 -9999 -9999 -9999 -9999 -9999 -9999 -9999 -9999 -9999 -9999 -9999 -9999 -9999 -9999 -9999 -9999 -9999 -9999 -9999 -9999 -9999 -9999 -9999
-9999 -9999 9.317 9.894 -9999 -9999 9.969 9.064 9.205 -9999 -9999 -9999 -9999 -9999 -9999 10.754 10.536 10.4 10.146 9.564 9.253 9.154 8.832 8.719 8.638 8.715 8.8 8.835 7.959 7.398 8.316 7.325 6.857 7.317 8.493 8.433 9.13 9.87 9.455 9.549 9.866 9.878 9.958 10.016 9.791 9.673 9.068 8.794 9.356 9.229 9.086 9.656 9.911 -9999 -9999 -9999 -9999 -9999 -9999 -9999 -9999 -9999 -9999 -9999 -9999 -9999 -9999 -9999 -9999 -9999 -9999 -9999 -9999 -9999 -9999 -9999 -9999
-9999 -9999 9.592 10.334 -9999 -9999 -9999 10.086 9.828 9.953 -9999 -9999 -9999 -9999 -9999 10.783 10.558 10.398 10.18 9.811 9.629 9.014 8.263 7.987 8.463 8.415 8.928 8.76 8.072 7.952 8.388 6.87 7.449 8.167 7.919 8.436 9.495 9.253 9.494 9.449 9.611 9.936 9.78 9.57 9.538 9.068 7.739 7.938 8.438 9.167 9.159 9.382 9.743 -9999 -9999 -9999 -9999 -9999 -9999 -9999 -9999 -9999 -9999 -9999 -9999 -9999 -9999 -9999 -9999 -9999 -9999 -9999 -9999 -9999 -9999 -9999 -9999
-9999 9.251 9.569 10.098 -9999 -9999 -9999 -9999 -9999 -9999 -9999 -9999 -9999 -9999 -9999 10.498 10.261 10.191 9.947 9.645 9.414 8.684 8.287 8.254 8.534 8.671 8.408 8.41 7.672 7.865 7.201 6.84 7.49 8.187 7.939 8.433 8.685 9.166 9.185 9.576 9.571 9.464 9.609 9.277 9.107 8.019 7.728 7.429 8.496 9.343 9.553 9.525 9.601 10.121 -9999 -9999 -9999 -9999 -9999 -9999 -9999 -9999 -9999 -9999 -9999 -9999 -9999 -9999 -9999 -9999 -9999 -9999 -9999 -9999 -9999 -9999 -9999
9.172 9.199 9.207 10.227 -9999 -9999 -9999 -9999 -9999 -9999 -9999 -9999 -9999 10.769 10.571 10.436 10.035 9.52 9.134 9.241 9.214 9.085 8.913 9.314 8.855 8.026 8.139 8.129 8.12 8.492 7.994 7.089 8.405 8.221 8.232 8.412 8.828 9.191 9.607 9.122 9.218 9.425 9.251 8.961 8.23 8.041 7.924 7.927 8.612 9.625 9.858 9.652 9.669 9.964 -9999 -9999 -9999 -9999 -9999 -9999 -9999 -9999 -9999 -9999 -9999 -9999 -9999 -9999 -9999 -9999 -9999 -9999 -9999 -9999 -9999 -9999 -9999
9.191 9.694 10.495 -9999 -9999 -9999 -9999 -9999 -9999 -9999 -9999 -9999 -9999 10.737 10.811 10.496 9.711 9.219 9.209 8.556 8.163 8.243 8.236 8.597 8.746 8.916 8.732 8.233 8.573 9.079 8.725 8.325 7.635 8.128 7.939 8.587 8.95 9.594 9.228 9.07 9.179 9.032 8.555 7.939 7.608 8.024 8.402 8.751 9.254 9.253 9.283 9.555 9.633 9.839 -9999 -9999 -9999 -9999 -9999 -9999 -9999 -9999 -9999 -9999 -9999 -9999 -9999 -9999 -9999 -9999 -9999 -9999 -9999 -9999 -9999 -9999 -9999
-9999 -9999 -9999 -9999 -9999 -9999 -9999 -9999 -9999 -9999 -9999 -9999 -9999 10.781 10.721 9.813 9.6 9.333 9.028 8.077 7.951 7.349 7.738 8.123 8.629 8.912 8.589 7.346 7.955 9.284 9.312 7.985 7.925 8.205 8.291 8.265 8.992 8.569 8.405 8.687 8.283 7.919 7.533 8.22 8.216 8.279 8.501 8.775 9.552 9.707 9.56 9.689 9.956 10.021 -9999 -9999 -9999 -9999 -9999 -9999 -9999 -9999 -9999 -9999 -9999 -9999 -9999 -9999 -9999 -9999 -9999 -9999 -9999 -9999 -9999 -9999 -9999
-9999 -9999 -9999 -9999 -9999 -9999 -9999 -9999 -9999 -9999 -9999 -9999 10.567 10.241 9.544 9.541 9.073 9.221 9.043 8.776 7.724 7.759 7.626 7.99 8.365 9.378 8.953 8.378 8.623 9.187 9.338 8.871 8.665 8.535 8.356 8.396 7.944 8.648 8.893 8.615 8.265 7.19 8.017 7.777 8.1 8.608 8.636 8.801 8.739 9.511 9.92 10.08 10.127 10.156 -9999 -9999 -9999 -9999 -9999 -9999 -9999 -9999 -9999 -9999 -9999 -9999 -9999 -9999 -9999 -9999 -9999 -9999 -9999 -9999 -9999 -9999 -9999
-9999 -9999 -9999 -9999 -9999 -9999 -9999 -9999 -9999 -9999 -9999 -9999 10.156 9.862 9.454 8.513 8.742 9.189 9.008 8.148 8.763 8.279 8.108 8.442 8.927 9.896 9.755 9.206 8.916 9.024 9.754 9.405 9.208 9.055 8.94 8.167 9.078 8.536 8.899 8.828 7.434 8.565 8.094 8.164 8.624 8.704 9.097 8.897 8.521 9.052 9.616 9.826 10.043 10.224 -9999 -9999 -9999 -9999 -9999 -9999 -9999 -9999 -9999 -9999 -9999 -9999 -9999 -9999 -9999 -9999 -9999 -9999 -9999 -9999 -9999 -9999 -9999
-9999 -9999 -9999 -9999 -9999 -9999 -9999 -9999 -9999 -9999 -9999 10.304 9.837 9.966 8.928 9.094 8.714 7.781 8.208 8.738 9.008 8.579 8.803 8.908 8.934 9.352 9.491 9.239 9.272 10.068 10.058 9.702 9.19 9.101 8.371 9.312 9.016 8.594 9.282 8.154 8.009 8.712 8.94 9.123 8.724 8.788 8.901 8.617 8.906 9.278 9.68 9.889 10.035 10.246 10.298 -9999 -9999 -9999 -9999 -9999 -9999 -9999 -9999 -9999 -9999 -9999 -9999 -9999 -9999 -9999 -9999 -9999 -9999 -9999 -9999 -9999 -9999
-9999 -9999 -9999 -9999 -9999 -9999 -9999 -9999 -9999 -9999 10.196 10.01 9.966 9.952 9.726 9.472 8.718 8.682 8.506 8.203 9.466 9.475 9.288 8.944 8.905 9.186 9.554 10.004 10.207 9.933 10.217 9.888 9.44 9.098 9.34 9.641 9.371 9.393 9.549 8.38 8.059 8.42 8.581 8.712 8.829 9.156 9.084 8.774 9.193 9.44 9.683 9.895 10.189 10.306 10.397 -9999 -9999 -9999 -9999 -9999 -9999 -9999 -9999 -9999 -9999 -9999 -9999 -9999 -9999 -9999 -9999 -9999 -9999 -9999 -9999 -9999 -9999
-9999 -9999 -9999 -9999 -9999 -9999 -9999 -9999 -9999 -9999 10.064 8.938 9.735 9.854 9.917 10.065 9.362 8.072 8.204 9.292 9.58 9.86 9.608 9.34 9.118 8.93 10.079 10.447 10.214 10.271 9.91 9.975 9.532 9.643 9.626 9.919 9.759 9.86 9.336 8.932 8.501 8.384 8.583 8.653 9.208 9.566 9.387 9.275 9.23 9.398 9.777 10.179 10.265 10.34 10.384 -9999 -9999 -9999 -9999 -9999 -9999 -9999 -9999 -9999 -9999 -9999 -9999 -9999 -9999 -9999 -9999 -9999 -9999 -9999 -9999 -9999 -9999
-9999 -9999 -9999 -9999 -9999 -9999 -9999 -9999 -9999 10.197 9.102 9.406 9.539 9.679 10.046 10.208 9.306 8.743 9.054 9.111 9.612 9.779 9.886 9.501 9.123 9.779 10.016 10.272 10.726 10.262 10.198 10.02 10.07 9.954 10.023 10.191 10.185 9.779 9.868 9.282 8.55 8.778 8.776 8.924 9.038 9.525 9.664 9.976 9.641 9.62 9.892 10.281 10.506 10.44 10.388 10.542 -9999 -9999 -9999 -9999 -9999 -9999 -9999 -9999 -9999 -9999 -9999 -9999 -9999 -9999 -9999 -9999 -9999 -9999 -9999 -9999 -9999
-9999 -9999 -9999 -9999 -9999 -9999 -9999 -9999 10.391 -9999 10.047 9.574 9.566 9.727 10.161 10.508 10.082 9.939 9.283 8.799 9.414 9.9 10.069 10.03 10.039 10.1 10.115 10.335 10.506 10.229 10.435 10.407 10.386 10.352 10.46 10.516 10.43 10.288 9.98 9.574 9.571 9.293 9.222 9.197 9.497 9.87 10.457 9.899 9.578 9.87 10.106 10.324 10.523 10.675 10.647 10.507 -9999 -9999 -9999 -9999 -9999 -9999 -9999 -9999 -9999 -9999 -9999 -9999 -9999 -9999 -9999 -9999 -9999 -9999 -9999 -9999 -9999
