Validation/Results/raw data/ReClimate_03_2024_1weatherlogisticsltd.asc
NCOLS 192
NROWS 249
XLLCENTER -225160.85627316462
YLLCENTER 29788.11610251502
CELLSIZE 5000.0
NODATA_VALUE -9999
[rows 66 to 98 of 249, columns 75 to 149 of 192]
-9999 -9999 -9999 -9999 -9999 -9999 -9999 -9999 -9999 -9999 95.839 -9999 95.585 95.467 95.356 95.259 95.212 95.254 95.297 95.333 95.363 95.388 95.408 95.424 95.436 95.444 95.449 95.451 95.403 95.355 95.402 -9999 -9999 -9999 -9999 -9999 -9999 -9999 -9999 -9999 -9999 -9999 -9999 -9999 -9999 -9999 -9999 -9999 -9999 -9999 -9999 -9999 -9999 -9999 -9999 -9999 -9999 -9999 -9999 -9999 -9999 -9999 -9999 -9999 -9999 -9999 -9999 -9999 -9999 -9999 -9999 -9999 -9999 -9999 -9999
-9999 -9999 -9999 -9999 -9999 -9999 -9999 -9999 -9999 -9999 -9999 95.655 95.531 95.413 95.322 95.31 95.364 95.41 95.45 95.483 95.51 95.532 95.55 95.565 95.576 95.584 95.589 95.592 95.567 -9999 -9999 -9999 -9999 -9999 -9999 -9999 -9999 -9999 -9999 -9999 -9999 -9999 -9999 -9999 -9999 -9999 -9999 -9999 -9999 -9999 -9999 -9999 -9999 -9999 -9999 -9999 -9999 -9999 -9999 -9999 -9999 -9999 -9999 -9999 -9999 -9999 -9999 -9999 -9999 -9999 -9999 -9999 -9999 -9999 -9999
-9999 -9999 -9999 -9999 -9999 -9999 -9999 -9999 -9999 -9999 -9999 95.599 95.489 95.385 95.403 95.463 95.514 95.557 95.593 95.623 95.648 95.668 95.685 95.697 95.707 95.715 95.721 95.725 95.725 -9999 -9999 -9999 -9999 -9999 -9999 -9999 -9999 -9999 -9999 -9999 -9999 -9999 -9999 -9999 -9999 -9999 -9999 -9999 -9999 -9999 -9999 -9999 -9999 -9999 -9999 -9999 -9999 -9999 -9999 -9999 -9999 -9999 -9999 -9999 -9999 -9999 -9999 -9999 -9999 -9999 -9999 -9999 -9999 -9999 -9999
-9999 -9999 -9999 -9999 -9999 -9999 -9999 -9999 -9999 -9999 -9999 -9999 -9999 95.486 95.552 95.608 95.655 95.695 95.729 95.756 95.779 95.797 95.812 95.823 95.832 95.839 95.845 -9999 -9999 -9999 -9999 -9999 -9999 -9999 -9999 -9999 -9999 -9999 -9999 -9999 -9999 -9999 -9999 -9999 -9999 -9999 -9999 -9999 -9999 -9999 -9999 -9999 -9999 -9999 -9999 -9999 -9999 -9999 -9999 -9999 -9999 -9999 -9999 -9999 -9999 -9999 -9999 -9999 -9999 -9999 -9999 -9999 -9999 -9999 -9999
-9999 -9999 -9999 -9999 -9999 -9999 -9999 95.999 -9999 -9999 95.617 95.546 95.557 95.631 95.694 95.747 95.791 95.829 95.859 95.885 95.905 95.921 95.934 95.944 95.952 95.958 95.964 -9999 -9999 -9999 -9999 -9999 -9999 -9999 -9999 -9999 -9999 -9999 -9999 -9999 -9999 -9999 -9999 -9999 -9999 -9999 -9999 -9999 -9999 -9999 -9999 -9999 -9999 -9999 -9999 -9999 -9999 -9999 -9999 -9999 -9999 -9999 -9999 -9999 -9999 -9999 -9999 -9999 -9999 -9999 -9999 -9999 -9999 -9999 -9999
-9999 -9999 -9999 -9999 -9999 95.939 95.87 95.938 95.811 95.685 95.585 95.617 95.701 95.772 95.832 95.882 95.924 95.958 95.987 96.01 96.028 96.042 96.053 96.061 96.067 96.072 96.077 -9999 -9999 -9999 -9999 -9999 -9999 -9999 -9999 -9999 -9999 -9999 -9999 -9999 -9999 -9999 -9999 -9999 -9999 -9999 -9999 -9999 -9999 -9999 -9999 -9999 -9999 -9999 -9999 -9999 -9999 -9999 -9999 -9999 -9999 -9999 -9999 -9999 -9999 -9999 -9999 -9999 -9999 -9999 -9999 -9999 -9999 -9999 -9999
-9999 -9999 -9999 -9999 -9999 95.566 95.777 -9999 95.667 95.567 95.594 95.72 95.827 95.91 95.967 96.014 96.054 96.086 96.112 96.133 96.15 96.162 96.17 96.176 96.18 96.183 -9999 96.192 -9999 -9999 -9999 -9999 -9999 -9999 -9999 -9999 -9999 -9999 -9999 -9999 -9999 -9999 -9999 -9999 -9999 -9999 -9999 -9999 -9999 -9999 -9999 -9999 -9999 -9999 -9999 -9999 -9999 -9999 -9999 -9999 -9999 -9999 -9999 -9999 -9999 -9999 -9999 -9999 -9999 -9999 -9999 -9999 -9999 -9999 -9999
-9999 -9999 -9999 -9999 -9999 -9999 95.505 95.473 95.359 95.346 95.5 95.642 95.769 95.874 95.971 96.061 96.146 96.212 96.238 96.257 96.271 96.281 96.287 96.29 96.292 96.292 96.294 96.299 -9999 -9999 -9999 -9999 -9999 -9999 -9999 -9999 -9999 -9999 -9999 -9999 -9999 -9999 -9999 -9999 -9999 -9999 -9999 -9999 -9999 -9999 -9999 -9999 -9999 -9999 -9999 -9999 -9999 -9999 -9999 -9999 -9999 -9999 -9999 -9999 -9999 -9999 -9999 -9999 -9999 -9999 -9999 -9999 -9999 -9999 -9999
-9999 -9999 -9999 -9999 -9999 -9999 -9999 95.107 95.048 95.187 95.348 95.5 95.642 95.771 95.891 96.004 96.112 96.197 96.276 96.348 96.395 96.403 96.406 96.407 96.405 96.402 96.4 96.414 -9999 -9999 -9999 -9999 -9999 -9999 -9999 -9999 -9999 -9999 -9999 -9999 -9999 -9999 -9999 -9999 -9999 -9999 -9999 -9999 -9999 -9999 -9999 -9999 -9999 -9999 -9999 -9999 -9999 -9999 -9999 -9999 -9999 -9999 -9999 -9999 -9999 -9999 -9999 -9999 -9999 -9999 -9999 -9999 -9999 -9999 -9999
-9999 -9999 -9999 -9999 -9999 94.655 94.699 94.725 94.853 95.033 95.201 95.362 95.513 95.655 95.785 95.907 96.023 96.134 96.239 96.337 96.412 96.483 96.53 96.528 96.523 -9999 96.511 -9999 -9999 -9999 -9999 -9999 -9999 96.929 97.007 97.083 -9999 -9999 -9999 -9999 -9999 -9999 -9999 -9999 -9999 -9999 -9999 -9999 -9999 -9999 -9999 -9999 -9999 -9999 -9999 -9999 -9999 -9999 -9999 -9999 -9999 -9999 -9999 -9999 -9999 -9999 -9999 -9999 -9999 -9999 -9999 -9999 -9999 -9999 -9999
94.405 -9999 -9999 -9999 -9999 -9999 94.275 94.349 94.621 94.87 95.058 95.226 95.387 95.539 95.681 95.813 95.938 96.057 96.17 96.279 96.384 96.483 96.555 96.618 96.648 96.636 -9999 -9999 -9999 -9999 96.819 96.882 96.976 97.073 97.158 97.236 97.301 97.362 97.416 97.461 97.501 97.532 97.554 97.569 97.576 97.574 97.586 97.564 97.527 97.473 97.455 97.644 -9999 -9999 -9999 -9999 -9999 -9999 -9999 -9999 -9999 -9999 -9999 -9999 -9999 -9999 -9999 -9999 -9999 -9999 -9999 -9999 -9999 -9999 -9999
93.867 -9999 -9999 -9999 93.805 -9999 93.816 94.055 94.367 94.644 94.894 95.092 95.261 95.423 95.576 95.72 95.855 95.983 96.105 96.223 96.335 96.443 96.548 96.64 96.709 -9999 -9999 -9999 -9999 96.982 96.998 97.107 97.217 97.318 97.408 97.49 97.562 97.626 97.683 97.732 97.774 97.809 97.838 97.86 97.876 97.885 97.886 97.878 97.86 97.829 97.809 97.806 -9999 -9999 -9999 -9999 -9999 -9999 -9999 -9999 -9999 -9999 -9999 -9999 -9999 -9999 -9999 -9999 -9999 -9999 -9999 -9999 -9999 -9999 -9999
93.372 -9999 -9999 -9999 93.365 93.357 93.463 93.782 94.096 94.401 94.681 94.932 95.136 95.306 95.47 95.626 95.773 95.911 96.044 96.17 96.292 96.41 96.523 96.631 -9999 -9999 96.968 97.046 97.104 97.161 97.275 97.393 97.504 97.606 97.698 97.782 97.857 97.925 97.985 98.038 98.085 98.127 98.163 98.194 98.22 98.241 98.258 98.269 98.274 98.273 98.274 98.256 98.247 -9999 -9999 -9999 -9999 -9999 -9999 -9999 -9999 -9999 -9999 -9999 -9999 -9999 -9999 -9999 -9999 -9999 -9999 -9999 -9999 -9999 -9999
92.908 -9999 92.915 -9999 92.926 92.961 93.192 93.523 93.841 94.149 94.451 94.732 94.984 95.189 95.362 95.529 95.69 95.84 95.984 96.122 96.254 96.382 96.506 96.633 -9999 96.972 97.127 97.271 97.389 97.479 97.584 97.694 97.801 97.901 97.993 98.077 98.153 98.222 98.285 98.341 98.393 98.439 98.481 98.52 98.555 98.588 98.619 98.647 98.673 98.698 98.732 98.757 98.782 -9999 -9999 -9999 -9999 -9999 -9999 -9999 -9999 -9999 -9999 -9999 -9999 -9999 -9999 -9999 -9999 -9999 -9999 -9999 -9999 -9999 -9999
-9999 92.483 -9999 -9999 -9999 92.63 92.939 93.275 93.596 93.908 94.213 94.514 94.797 95.05 95.252 95.43 95.602 95.768 95.925 96.075 96.22 96.36 96.513 96.715 96.931 97.131 97.318 97.5 97.661 97.809 97.906 98.007 98.107 98.203 98.292 98.375 98.451 98.521 98.584 98.643 98.697 98.748 98.795 98.84 98.884 98.928 98.971 99.015 99.061 99.11 99.164 99.238 99.315 -9999 -9999 -9999 -9999 -9999 -9999 -9999 -9999 -9999 -9999 -9999 -9999 -9999 -9999 -9999 -9999 -9999 -9999 -9999 -9999 -9999 -9999
92.058 -9999 -9999 -9999 -9999 92.335 92.693 93.033 -9999 93.674 93.983 94.289 94.593 94.877 95.131 95.327 95.511 95.69 95.863 96.028 96.19 96.375 96.622 96.858 97.082 97.292 97.494 97.694 97.897 98.075 98.232 98.326 98.42 98.511 98.597 98.677 98.752 98.82 98.884 98.944 99.0 99.054 99.106 99.157 99.209 99.261 99.316 99.375 99.439 99.511 99.594 99.704 99.781 -9999 -9999 -9999 -9999 -9999 -9999 -9999 -9999 -9999 -9999 -9999 -9999 -9999 -9999 -9999 -9999 -9999 -9999 -9999 -9999 -9999 -9999
91.664 -9999 -9999 -9999 91.809 -9999 -9999 92.795 93.125 93.446 93.759 94.069 94.378 94.688 94.97 95.222 95.416 95.607 95.795 95.986 96.212 96.491 96.753 97.002 97.235 97.456 97.669 97.88 98.094 98.311 98.496 98.65 98.739 98.825 98.907 98.983 99.055 99.122 99.185 99.245 99.302 99.358 99.414 99.471 99.53 99.592 99.658 99.731 99.813 99.906 100.026 100.143 -9999 -9999 -9999 -9999 -9999 -9999 -9999 -9999 -9999 -9999 -9999 -9999 -9999 -9999 -9999 -9999 -9999 -9999 -9999 -9999 -9999 -9999 -9999
91.286 91.325 91.361 -9999 -9999 -9999 92.21 92.56 -9999 93.22 93.538 93.853 94.167 94.481 94.796 95.075 95.317 95.52 95.731 95.994 96.311 96.609 96.886 97.144 97.386 97.617 97.841 98.062 98.285 98.51 98.735 98.921 99.061 99.142 99.22 99.293 99.361 99.425 99.487 99.546 99.604 99.662 99.722 99.784 99.849 99.92 99.997 100.084 100.183 100.298 100.445 -9999 -9999 -9999 -9999 -9999 -9999 -9999 -9999 -9999 -9999 -9999 -9999 -9999 -9999 -9999 -9999 -9999 -9999 -9999 -9999 -9999 -9999 -9999 -9999
90.922 90.968 91.01 -9999 91.221 91.598 91.97 92.324 92.663 92.994 93.317 93.637 93.957 94.277 94.601 94.917 95.198 95.437 95.72 96.067 96.398 96.714 97.009 97.281 97.533 97.774 98.009 98.241 98.472 98.705 98.941 99.166 99.347 99.463 99.536 99.605 99.669 99.73 99.789 99.848 99.906 99.966 100.029 100.095 100.168 100.247 100.336 100.436 100.553 100.69 100.85 -9999 -9999 -9999 -9999 -9999 -9999 -9999 -9999 -9999 -9999 -9999 -9999 -9999 -9999 -9999 -9999 -9999 -9999 -9999 -9999 -9999 -9999 -9999 -9999
90.57 90.622 90.669 90.72 90.948 91.349 -9999 92.085 92.43 92.766 93.095 93.421 93.746 94.073 94.403 94.739 95.058 95.4 95.773 96.13 96.477 96.804 97.11 97.398 97.672 97.927 98.173 98.415 98.655 98.896 99.138 99.382 99.603 99.773 99.855 99.919 99.979 100.037 100.093 100.15 100.208 100.27 100.336 100.408 100.487 100.575 100.676 100.791 100.925 101.085 -9999 -9999 -9999 -9999 -9999 -9999 -9999 -9999 -9999 -9999 -9999 -9999 -9999 -9999 -9999 -9999 -9999 -9999 -9999 -9999 -9999 -9999 -9999 -9999 -9999
-9999 -9999 -9999 90.414 90.687 -9999 91.478 91.843 92.193 92.534 92.869 93.201 93.532 93.865 94.203 94.545 94.93 95.395 95.798 96.168 96.518 96.85 97.169 97.477 97.774 98.057 98.326 98.584 98.834 99.084 99.334 99.585 99.835 100.035 100.176 100.235 100.29 100.343 100.397 100.452 100.511 100.575 100.645 100.722 100.808 100.906 101.018 101.149 101.302 101.445 -9999 -9999 -9999 -9999 -9999 -9999 -9999 -9999 -9999 -9999 -9999 -9999 -9999 -9999 -9999 -9999 -9999 -9999 -9999 -9999 -9999 -9999 -9999 -9999 -9999
-9999 -9999 90.008 90.117 -9999 90.825 91.219 -9999 91.95 92.296 92.637 92.973 93.3 93.628 93.959 94.322 94.822 95.32 95.764 96.134 96.485 96.822 97.147 97.464 97.774 98.077 98.376 98.673 98.972 99.264 99.48 99.607 99.91 100.286 100.46 100.552 100.601 100.649 100.7 100.755 100.814 100.881 100.955 101.038 101.133 101.241 101.358 101.469 101.592 101.681 -9999 -9999 -9999 -9999 -9999 -9999 -9999 -9999 -9999 -9999 -9999 -9999 -9999 -9999 -9999 -9999 -9999 -9999 -9999 -9999 -9999 -9999 -9999 -9999 -9999
-9999 -9999 89.693 -9999 -9999 90.566 90.962 91.337 91.698 92.045 92.382 92.71 93.035 93.36 93.707 94.171 94.714 95.233 95.689 96.075 96.427 96.766 97.094 97.415 97.731 98.045 98.36 98.676 98.997 99.308 99.554 99.854 100.201 100.5 100.722 100.868 100.91 100.954 101.003 101.057 101.119 101.186 101.253 101.326 101.407 101.497 101.586 101.684 101.793 101.92 -9999 -9999 -9999 -9999 -9999 -9999 -9999 -9999 -9999 -9999 -9999 -9999 -9999 -9999 -9999 -9999 -9999 -9999 -9999 -9999 -9999 -9999 -9999 -9999 -9999
-9999 -9999 -9999 -9999 -9999 -9999 90.69 91.071 91.431 91.776 92.11 92.439 92.765 93.103 93.529 94.086 94.619 95.134 95.602 96.01 96.364 96.705 97.037 97.361 97.682 98.0 98.318 98.639 98.963 99.293 99.629 99.951 100.296 100.617 100.902 101.066 101.149 101.191 101.237 101.287 101.343 101.401 101.463 101.531 101.605 101.686 101.776 101.877 101.99 -9999 -9999 -9999 -9999 -9999 -9999 -9999 -9999 -9999 -9999 -9999 -9999 -9999 -9999 -9999 -9999 -9999 -9999 -9999 -9999 -9999 -9999 -9999 -9999 -9999 -9999
-9999 -9999 -9999 -9999 89.583 90.008 -9999 90.798 91.159 91.504 91.843 92.189 92.546 92.937 93.458 94.001 94.523 95.029 95.512 95.94 96.296 96.64 96.975 97.303 97.626 97.948 98.27 98.593 98.921 99.253 99.592 99.939 100.293 100.638 100.938 101.182 101.342 101.38 101.423 101.471 101.524 101.581 101.644 101.712 101.788 101.871 101.963 102.067 102.184 -9999 -9999 -9999 -9999 -9999 -9999 -9999 -9999 -9999 -9999 -9999 -9999 -9999 -9999 -9999 -9999 -9999 -9999 -9999 -9999 -9999 -9999 -9999 -9999 -9999 -9999
-9999 -9999 -9999 88.94 89.312 89.732 90.142 90.528 90.907 91.281 91.648 92.014 92.379 92.827 93.381 93.912 94.425 94.925 95.413 95.847 96.223 96.57 96.907 97.238 97.565 97.89 98.214 98.54 98.869 99.202 99.541 99.887 100.24 100.579 100.893 101.193 101.415 101.54 101.596 101.645 101.698 101.756 101.82 101.89 101.968 102.053 102.149 102.257 -9999 -9999 -9999 -9999 -9999 -9999 -9999 -9999 -9999 -9999 -9999 -9999 -9999 -9999 -9999 -9999 -9999 -9999 -9999 -9999 -9999 -9999 -9999 -9999 -9999 -9999 -9999
-9999 -9999 -9999 88.67 -9999 89.522 89.953 90.36 90.752 91.128 91.493 91.851 92.238 92.755 93.298 93.82 94.326 94.819 95.304 95.752 96.145 96.494 96.834 97.168 97.498 97.825 98.151 98.478 98.807 99.139 99.475 99.816 100.156 100.486 100.804 101.13 101.415 101.608 101.726 101.813 101.868 101.929 101.994 102.066 102.146 102.234 102.333 102.445 -9999 -9999 -9999 -9999 -9999 -9999 -9999 -9999 -9999 -9999 -9999 -9999 -9999 -9999 -9999 -9999 -9999 -9999 -9999 -9999 -9999 -9999 -9999 -9999 -9999 -9999 -9999
-9999 -9999 -9999 -9999 -9999 89.409 89.836 90.236 90.616 90.982 91.339 91.69 92.12 92.676 93.209 93.724 94.224 94.713 95.194 95.654 96.062 96.413 96.756 97.093 97.425 97.754 98.081 98.409 98.737 99.067 99.399 99.732 100.064 100.39 100.715 101.048 101.375 101.635 101.785 101.922 102.036 102.099 102.167 102.241 102.324 102.415 102.518 102.635 -9999 -9999 -9999 -9999 -9999 -9999 -9999 -9999 -9999 -9999 -9999 -9999 -9999 -9999 -9999 -9999 -9999 -9999 -9999 -9999 -9999 -9999 -9999 -9999 -9999 -9999 -9999
-9999 -9999 -9999 88.569 88.861 89.306 89.719 90.107 90.477 90.834 91.184 91.548 -9999 92.589 93.115 93.624 94.12 94.606 95.084 95.553 95.972 96.328 96.673 97.012 97.346 97.677 98.005 98.333 98.661 98.989 99.318 99.647 99.975 100.302 100.631 100.971 101.326 101.608 101.802 101.977 102.133 102.268 102.339 102.416 102.502 102.597 102.705 102.792 -9999 -9999 -9999 -9999 -9999 -9999 -9999 -9999 -9999 -9999 -9999 -9999 -9999 -9999 -9999 -9999 -9999 -9999 -9999 -9999 -9999 -9999 -9999 -9999 -9999 -9999 -9999
88.676 88.514 88.506 -9999 88.794 89.197 89.597 89.974 90.334 90.684 91.027 -9999 91.956 92.495 93.015 93.52 94.013 94.497 94.974 95.446 95.87 96.238 96.586 96.927 97.263 97.595 97.925 98.253 98.581 98.909 99.236 99.563 99.891 100.22 100.554 100.9 101.264 101.576 101.805 101.99 102.187 102.361 102.512 102.593 102.682 102.781 102.894 -9999 -9999 -9999 -9999 -9999 -9999 -9999 -9999 -9999 -9999 -9999 -9999 -9999 -9999 -9999 -9999 -9999 -9999 -9999 -9999 -9999 -9999 -9999 -9999 -9999 -9999 -9999 -9999
88.54 88.539 88.539 88.556 -9999 89.095 89.469 89.836 90.189 90.531 90.871 91.307 91.862 92.396 92.912 93.414 93.905 94.387 94.862 95.334 95.766 96.144 96.494 96.838 97.176 97.51 97.841 98.171 98.499 98.827 99.154 99.483 99.812 100.145 100.485 100.837 101.207 101.549 101.809 101.997 102.201 102.42 102.611 102.771 102.864 -9999 -9999 -9999 -9999 -9999 -9999 -9999 -9999 -9999 -9999 -9999 -9999 -9999 -9999 -9999 -9999 -9999 -9999 -9999 -9999 -9999 -9999 -9999 -9999 -9999 -9999 -9999 -9999 -9999 -9999
-9999 -9999 88.567 -9999 88.709 89.006 89.343 89.694 90.039 -9999 -9999 91.21 91.76 92.29 92.804 93.305 93.795 94.276 94.751 95.222 95.661 96.046 96.399 96.745 97.085 97.421 97.754 98.086 98.416 98.745 99.075 99.406 99.74 100.078 100.424 100.782 101.158 101.528 101.815 102.007 102.214 102.439 102.678 102.886 -9999 -9999 -9999 -9999 -9999 -9999 -9999 -9999 -9999 -9999 -9999 -9999 -9999 -9999 -9999 -9999 -9999 -9999 -9999 -9999 -9999 -9999 -9999 -9999 -9999 -9999 -9999 -9999 -9999 -9999 -9999
88.597 -9999 88.592 88.59 88.691 88.923 89.236 89.551 -9999 -9999 90.61 91.104 91.652 92.181 92.694 93.194 93.684 94.165 94.639 95.11 95.554 95.945 96.3 96.649 96.991 97.33 97.665 97.999 98.332 98.664 98.998 99.333 99.672 100.016 100.369 100.734 101.118 101.513 101.824 102.021 102.23 102.457 102.708 102.967 103.162 -9999 -9999 -9999 -9999 -9999 -9999 -9999 -9999 -9999 -9999 -9999 -9999 -9999 -9999 -9999 -9999 -9999 -9999 -9999 -9999 -9999 -9999 -9999 -9999 -9999 -9999 -9999 -9999 -9999 -9999
