Validation/Results/raw data/ReClimate_09_2024_1weatherlogisticsltd.asc
NCOLS 192
NROWS 249
XLLCENTER -225160.85627316462
YLLCENTER 29788.11610251502
CELLSIZE 5000.0
NODATA_VALUE -9999
[rows 99 to 131 of 249, columns 74 to 147 of 192]
99.065 99.042 99.534 99.829 100.336 100.129 99.873 100.222 -9999 -9999 99.221 99.7 100.731 100.603 100.784 100.571 100.4 100.504 100.142 100.28 100.042 100.366 100.812 100.908 101.036 101.699 102.762 101.908 100.941 100.884 100.937 100.971 101.005 101.115 101.15 101.151 101.282 101.261 101.234 101.269 101.294 101.319 101.348 101.379 101.413 -9999 -9999 -9999 -9999 -9999 -9999 -9999 -9999 -9999 -9999 -9999 -9999 -9999 -9999 -9999 -9999 -9999 -9999 -9999 -9999 -9999 -9999 -9999 -9999 -9999 -9999 -9999 -9999 -9999
98.724 99.071 99.766 -9999 -9999 99.858 99.801 -9999 -9999 -9999 98.213 99.153 100.688 100.899 101.195 100.86 100.198 100.255 100.857 100.671 100.488 100.722 100.703 100.981 101.529 101.996 101.744 101.226 101.148 101.122 100.905 100.938 100.971 101.005 101.041 101.122 101.115 101.128 101.2 101.236 101.263 101.289 101.317 101.349 101.383 -9999 -9999 -9999 -9999 -9999 -9999 -9999 -9999 -9999 -9999 -9999 -9999 -9999 -9999 -9999 -9999 -9999 -9999 -9999 -9999 -9999 -9999 -9999 -9999 -9999 -9999 -9999 -9999 -9999
98.745 -9999 98.97 98.808 98.394 -9999 -9999 -9999 -9999 98.385 97.612 99.134 101.231 101.387 101.36 100.694 99.838 100.244 100.496 100.284 99.907 100.158 100.734 101.121 101.378 100.962 100.228 100.567 101.607 101.336 100.872 100.907 100.937 100.972 101.008 101.031 101.069 101.124 101.167 101.204 101.23 101.255 101.283 101.313 -9999 -9999 -9999 -9999 -9999 -9999 -9999 -9999 -9999 -9999 -9999 -9999 -9999 -9999 -9999 -9999 -9999 -9999 -9999 -9999 -9999 -9999 -9999 -9999 -9999 -9999 -9999 -9999 -9999 -9999
99.203 99.338 99.956 99.982 100.695 100.016 98.619 -9999 -9999 97.948 -9999 -9999 98.771 99.174 100.759 100.148 99.627 99.87 100.248 100.302 101.025 101.233 100.928 101.088 101.168 100.899 101.206 101.731 101.719 101.307 100.842 100.879 100.904 100.939 100.975 101.012 101.051 101.092 101.135 101.172 101.199 101.224 101.249 -9999 -9999 -9999 -9999 -9999 -9999 -9999 -9999 -9999 -9999 -9999 -9999 -9999 -9999 -9999 -9999 -9999 -9999 -9999 -9999 -9999 -9999 -9999 -9999 -9999 -9999 -9999 -9999 -9999 -9999 -9999
99.075 99.718 100.546 101.069 101.626 -9999 -9999 -9999 98.874 98.418 97.425 97.306 97.727 99.21 101.037 100.454 99.552 99.977 100.648 101.241 101.817 101.494 101.002 101.216 101.653 102.093 102.823 102.444 101.417 101.12 101.106 101.091 100.879 100.911 100.942 100.98 101.019 101.061 -9999 -9999 101.169 -9999 -9999 -9999 -9999 -9999 -9999 -9999 -9999 -9999 -9999 -9999 -9999 -9999 -9999 -9999 -9999 -9999 -9999 -9999 -9999 -9999 -9999 -9999 -9999 -9999 -9999 -9999 -9999 -9999 -9999 -9999 -9999 -9999
99.356 99.834 99.935 -9999 100.197 -9999 -9999 -9999 98.803 98.497 98.863 99.054 98.905 99.998 100.436 100.057 100.279 100.666 100.745 101.127 101.333 101.065 100.957 101.236 101.367 101.911 102.345 101.583 100.879 100.855 100.86 100.778 100.843 100.874 100.909 100.947 100.987 -9999 101.073 101.112 101.14 101.161 -9999 -9999 -9999 -9999 -9999 -9999 -9999 -9999 -9999 -9999 -9999 -9999 -9999 -9999 -9999 -9999 -9999 -9999 -9999 -9999 -9999 -9999 -9999 -9999 -9999 -9999 -9999 -9999 -9999 -9999 -9999 -9999
-9999 100.149 -9999 -9999 -9999 -9999 98.802 98.411 98.591 98.917 99.28 99.061 98.667 99.073 99.679 99.877 100.122 100.169 100.291 100.599 101.146 100.957 100.592 100.47 99.978 100.439 100.976 100.579 100.432 100.657 101.157 101.131 100.948 100.943 100.875 -9999 100.953 100.996 101.04 101.078 101.105 101.124 -9999 -9999 -9999 -9999 -9999 -9999 -9999 -9999 -9999 -9999 -9999 -9999 -9999 -9999 -9999 -9999 -9999 -9999 -9999 -9999 -9999 -9999 -9999 -9999 -9999 -9999 -9999 -9999 -9999 -9999 -9999 -9999
-9999 -9999 -9999 -9999 -9999 -9999 99.338 98.4 98.139 98.604 99.492 99.262 99.065 99.212 98.662 99.034 99.738 99.768 99.759 100.258 100.862 100.573 100.248 100.089 100.411 100.951 101.661 101.541 101.447 101.632 101.364 101.367 101.619 101.383 100.841 100.879 100.918 100.96 101.004 101.039 101.063 101.085 101.102 -9999 -9999 -9999 -9999 -9999 -9999 -9999 -9999 -9999 -9999 -9999 -9999 -9999 -9999 -9999 -9999 -9999 -9999 -9999 -9999 -9999 -9999 -9999 -9999 -9999 -9999 -9999 -9999 -9999 -9999 -9999
-9999 -9999 -9999 -9999 -9999 99.671 -9999 -9999 98.658 99.209 99.606 99.631 99.998 -9999 -9999 99.032 99.931 100.011 100.311 100.789 101.226 100.959 100.657 101.031 101.615 102.289 103.108 102.546 101.264 100.489 98.75 99.41 100.922 100.696 100.805 100.843 100.882 100.923 100.964 100.996 101.019 101.04 101.06 101.106 -9999 -9999 -9999 -9999 -9999 -9999 -9999 -9999 -9999 -9999 -9999 -9999 -9999 -9999 -9999 -9999 -9999 -9999 -9999 -9999 -9999 -9999 -9999 -9999 -9999 -9999 -9999 -9999 -9999 -9999
-9999 -9999 -9999 -9999 -9999 99.711 -9999 99.199 99.21 99.316 99.125 99.428 99.82 99.24 99.005 99.492 99.602 99.832 99.997 100.341 100.75 100.591 100.54 100.817 100.744 101.115 100.916 100.218 100.088 99.462 100.533 101.177 100.764 100.803 100.77 100.808 100.846 100.886 100.924 100.952 100.974 100.995 101.015 -9999 -9999 -9999 -9999 -9999 -9999 -9999 -9999 -9999 -9999 -9999 -9999 -9999 -9999 -9999 -9999 -9999 -9999 -9999 -9999 -9999 -9999 -9999 -9999 -9999 -9999 -9999 -9999 -9999 -9999 -9999
-9999 -9999 -9999 -9999 -9999 99.751 -9999 99.65 99.713 99.752 100.186 100.086 -9999 99.317 99.573 -9999 100.519 100.591 100.526 100.694 100.576 100.756 101.31 101.224 101.03 100.736 100.229 100.418 100.901 101.715 102.451 102.029 101.374 101.315 101.209 101.173 100.973 100.981 100.882 -9999 -9999 -9999 -9999 -9999 -9999 -9999 -9999 -9999 -9999 -9999 -9999 -9999 -9999 -9999 -9999 -9999 -9999 -9999 -9999 -9999 -9999 -9999 -9999 -9999 -9999 -9999 -9999 -9999 -9999 -9999 -9999 -9999 -9999 -9999
-9999 -9999 -9999 99.931 99.936 -9999 -9999 99.834 99.472 99.775 100.041 99.633 99.599 99.826 100.008 -9999 99.306 99.641 100.69 100.418 99.832 100.204 100.491 100.729 101.611 101.359 101.436 101.441 100.905 101.233 101.107 100.705 100.503 100.673 101.364 101.186 100.993 100.891 -9999 -9999 -9999 -9999 -9999 -9999 -9999 -9999 -9999 -9999 -9999 -9999 -9999 -9999 -9999 -9999 -9999 -9999 -9999 -9999 -9999 -9999 -9999 -9999 -9999 -9999 -9999 -9999 -9999 -9999 -9999 -9999 -9999 -9999 -9999 -9999
-9999 -9999 99.671 99.759 99.928 -9999 99.785 99.677 98.931 99.24 -9999 99.712 99.985 100.096 100.155 -9999 99.694 100.534 101.324 100.894 100.744 100.7 100.213 100.598 100.369 100.525 100.769 100.491 100.455 -9999 101.005 100.921 100.927 101.277 101.241 101.044 100.801 -9999 -9999 -9999 -9999 -9999 -9999 -9999 -9999 -9999 -9999 -9999 -9999 -9999 -9999 -9999 -9999 -9999 -9999 -9999 -9999 -9999 -9999 -9999 -9999 -9999 -9999 -9999 -9999 -9999 -9999 -9999 -9999 -9999 -9999 -9999 -9999 -9999
-9999 -9999 99.499 99.629 -9999 -9999 99.685 99.249 98.939 -9999 99.321 99.498 99.692 99.744 99.849 -9999 100.033 100.414 100.219 100.253 100.535 100.21 100.012 100.092 100.782 100.962 101.015 100.839 100.561 100.811 100.834 -9999 -9999 100.576 100.625 -9999 -9999 -9999 -9999 -9999 -9999 100.818 100.831 100.851 -9999 -9999 -9999 -9999 -9999 -9999 -9999 -9999 -9999 -9999 -9999 -9999 -9999 -9999 -9999 -9999 -9999 -9999 -9999 -9999 -9999 -9999 -9999 -9999 -9999 -9999 -9999 -9999 -9999 -9999
-9999 99.705 99.197 -9999 -9999 100.059 100.13 99.734 99.249 -9999 99.919 100.113 100.412 100.513 100.67 -9999 -9999 -9999 99.533 99.918 100.538 100.286 99.824 100.601 101.763 101.75 101.574 101.098 100.318 100.29 100.153 100.091 100.11 100.241 100.536 -9999 -9999 -9999 -9999 -9999 100.777 100.784 100.799 100.818 100.866 -9999 -9999 -9999 -9999 -9999 -9999 -9999 -9999 -9999 -9999 -9999 -9999 -9999 -9999 -9999 -9999 -9999 -9999 -9999 -9999 -9999 -9999 -9999 -9999 -9999 -9999 -9999 -9999 -9999
100.076 99.845 99.689 -9999 -9999 -9999 99.876 99.545 99.381 -9999 99.725 -9999 99.71 99.892 100.206 -9999 100.142 99.945 100.216 -9999 100.031 99.713 99.401 99.914 99.685 99.862 100.53 100.153 100.229 100.263 100.57 100.658 100.855 100.887 100.574 100.612 100.652 100.68 -9999 100.727 100.744 100.762 100.794 100.862 100.954 101.052 101.157 -9999 -9999 -9999 -9999 -9999 -9999 -9999 -9999 -9999 -9999 -9999 -9999 -9999 -9999 -9999 -9999 -9999 -9999 -9999 -9999 -9999 -9999 -9999 -9999 -9999 -9999 -9999
100.449 100.187 -9999 -9999 -9999 -9999 99.189 99.372 100.224 -9999 100.001 -9999 100.299 100.54 -9999 99.467 99.146 99.519 100.212 100.02 100.053 100.056 100.477 100.377 100.461 100.841 100.935 100.734 100.068 100.218 100.243 100.44 100.672 100.529 100.567 100.604 100.637 100.662 100.685 100.707 100.736 100.794 100.889 100.988 101.088 101.191 101.298 101.418 101.62 101.898 -9999 -9999 -9999 -9999 -9999 -9999 -9999 -9999 -9999 -9999 -9999 -9999 -9999 -9999 -9999 -9999 -9999 -9999 -9999 -9999 -9999 -9999 -9999 -9999
-9999 100.147 -9999 -9999 -9999 -9999 99.23 99.687 99.751 99.605 -9999 -9999 99.672 99.844 -9999 99.747 98.851 99.525 100.468 100.43 100.377 100.613 100.67 100.563 100.167 100.169 100.041 99.745 99.936 100.105 100.543 100.631 100.486 100.523 100.56 100.596 100.625 100.648 100.671 100.709 100.802 100.905 101.008 101.111 101.217 101.327 101.442 101.568 101.705 101.86 102.129 -9999 -9999 -9999 -9999 -9999 -9999 -9999 -9999 -9999 -9999 -9999 -9999 -9999 -9999 -9999 -9999 -9999 -9999 -9999 -9999 -9999 -9999 -9999
100.775 -9999 -9999 -9999 -9999 -9999 99.806 99.98 99.701 99.792 -9999 -9999 99.647 99.99 -9999 -9999 99.684 100.342 100.782 100.488 99.861 99.822 99.641 99.468 99.442 99.526 99.788 99.977 100.27 100.46 100.376 100.252 100.125 100.142 100.122 100.363 100.911 100.86 100.693 100.801 100.908 101.015 101.122 101.231 101.343 101.459 101.582 101.714 101.856 102.009 102.177 -9999 -9999 -9999 -9999 -9999 -9999 -9999 -9999 -9999 -9999 -9999 -9999 -9999 -9999 -9999 -9999 -9999 -9999 -9999 -9999 -9999 -9999 -9999
101.022 -9999 -9999 -9999 -9999 -9999 99.629 99.558 99.732 -9999 -9999 -9999 -9999 99.892 -9999 99.844 99.682 99.99 100.198 99.891 99.944 99.927 100.2 100.208 100.343 100.43 100.262 100.267 99.791 99.848 100.124 100.096 100.201 100.175 100.132 100.548 100.891 100.801 100.79 100.901 101.012 101.122 101.233 101.348 101.465 101.589 101.718 101.855 102.0 102.157 102.328 102.509 -9999 -9999 -9999 -9999 -9999 -9999 -9999 -9999 -9999 -9999 -9999 -9999 -9999 -9999 -9999 -9999 -9999 -9999 -9999 -9999 -9999 -9999
101.016 -9999 -9999 -9999 99.857 99.495 99.318 99.535 -9999 -9999 100.233 -9999 -9999 -9999 -9999 100.137 100.281 100.406 100.444 100.414 100.275 100.359 100.251 100.269 100.173 100.042 99.9 99.876 100.322 100.575 100.87 100.922 100.938 100.783 100.382 100.583 100.717 100.735 100.756 100.862 100.947 101.106 101.343 101.462 101.585 101.712 101.845 101.986 102.135 102.296 102.472 102.624 -9999 -9999 -9999 -9999 -9999 -9999 -9999 -9999 -9999 -9999 -9999 -9999 -9999 -9999 -9999 -9999 -9999 -9999 -9999 -9999 -9999 -9999
-9999 -9999 -9999 -9999 -9999 100.177 99.881 100.134 -9999 100.144 100.123 99.902 -9999 -9999 -9999 -9999 99.446 99.436 99.37 99.394 99.729 99.71 99.841 99.935 100.339 100.261 100.327 100.633 100.79 100.855 100.574 100.673 100.937 100.739 100.71 100.763 100.741 100.785 100.831 101.087 101.635 101.671 101.449 101.572 101.698 101.829 101.966 102.11 102.264 102.43 102.609 102.766 102.968 -9999 -9999 -9999 -9999 -9999 -9999 -9999 -9999 -9999 -9999 -9999 -9999 -9999 -9999 -9999 -9999 -9999 -9999 -9999 -9999 -9999
-9999 -9999 -9999 -9999 -9999 100.194 100.07 100.229 -9999 100.513 100.315 100.262 -9999 -9999 -9999 -9999 -9999 99.486 100.098 100.189 99.976 100.072 100.153 100.337 100.284 100.166 99.845 100.061 100.355 100.178 100.025 100.323 100.755 100.709 100.628 100.732 100.987 101.129 101.393 101.638 101.545 101.457 101.551 101.677 101.807 101.941 102.082 102.231 102.389 102.56 102.738 102.892 103.079 103.33 -9999 -9999 -9999 -9999 -9999 -9999 -9999 -9999 -9999 -9999 -9999 -9999 -9999 -9999 -9999 -9999 -9999 -9999 -9999 -9999
-9999 -9999 -9999 -9999 -9999 100.438 100.574 -9999 -9999 100.056 98.981 99.267 100.113 -9999 -9999 -9999 -9999 -9999 99.805 99.778 100.107 100.174 100.219 100.212 100.285 100.174 100.379 100.568 100.704 100.668 100.782 100.972 100.865 100.748 100.63 100.873 101.214 101.429 101.564 101.557 101.516 101.564 101.649 101.778 101.912 102.05 102.195 102.348 102.511 102.686 102.863 103.016 103.211 103.452 103.695 103.946 -9999 -9999 -9999 -9999 -9999 -9999 -9999 -9999 -9999 -9999 -9999 -9999 -9999 -9999 -9999 -9999 -9999 -9999
-9999 -9999 -9999 -9999 -9999 100.87 100.948 -9999 -9999 100.22 99.522 100.107 -9999 -9999 -9999 -9999 -9999 -9999 100.162 100.395 100.574 100.627 100.697 100.755 100.782 100.772 100.492 100.466 100.248 100.352 100.432 100.303 100.127 100.099 100.067 100.33 100.814 101.053 101.367 101.418 101.511 101.616 101.745 101.877 102.014 102.157 102.306 102.463 102.631 102.811 102.995 103.211 103.422 103.656 103.891 104.13 -9999 -9999 -9999 -9999 -9999 -9999 -9999 -9999 -9999 -9999 -9999 -9999 -9999 -9999 -9999 -9999 -9999 -9999
-9999 -9999 -9999 -9999 -9999 101.269 100.737 -9999 -9999 -9999 99.841 100.003 99.067 -9999 -9999 -9999 -9999 -9999 100.457 100.505 100.387 100.406 100.354 100.428 100.592 100.556 100.901 100.771 100.771 100.802 100.779 100.645 100.596 100.706 100.873 101.183 101.359 101.497 101.435 101.571 101.577 101.706 101.838 101.974 102.115 102.262 102.416 102.578 102.75 102.948 103.187 103.418 103.643 103.87 104.097 104.328 -9999 -9999 -9999 -9999 -9999 -9999 -9999 -9999 -9999 -9999 -9999 -9999 -9999 -9999 -9999 -9999 -9999 -9999
-9999 -9999 -9999 -9999 101.508 101.436 100.651 -9999 -9999 -9999 -9999 -9999 -9999 -9999 -9999 -9999 -9999 -9999 100.205 99.995 99.625 99.686 99.885 100.118 100.493 100.797 101.13 100.987 100.6 100.409 99.939 100.012 100.395 100.654 101.016 101.045 100.873 101.139 101.965 101.91 101.661 101.794 101.93 102.071 102.216 102.367 102.525 102.692 102.885 103.148 103.398 103.62 103.841 104.062 104.282 104.506 104.579 -9999 -9999 -9999 -9999 -9999 -9999 -9999 -9999 -9999 -9999 -9999 -9999 -9999 -9999 -9999 -9999 -9999
-9999 -9999 -9999 101.899 101.873 101.449 101.065 -9999 -9999 -9999 -9999 -9999 -9999 -9999 -9999 -9999 100.28 100.25 100.237 100.158 100.51 100.607 100.58 100.832 100.953 100.935 100.405 100.452 101.17 100.877 100.766 100.952 100.917 101.211 101.434 101.402 101.542 102.024 102.203 102.013 101.745 101.882 102.023 102.167 102.317 102.473 102.636 102.822 103.083 103.356 103.589 103.806 104.022 104.236 104.451 104.668 104.775 -9999 -9999 -9999 -9999 -9999 -9999 -9999 -9999 -9999 -9999 -9999 -9999 -9999 -9999 -9999 -9999 -9999
-9999 -9999 -9999 102.032 102.181 101.774 -9999 -9999 -9999 -9999 -9999 -9999 -9999 -9999 -9999 -9999 100.471 100.37 99.727 100.004 100.393 100.255 99.917 99.91 99.83 99.744 100.238 100.811 101.285 101.088 100.79 100.939 101.307 101.493 101.683 101.8 101.898 101.944 101.819 101.655 101.538 101.761 102.117 102.265 102.419 102.58 102.76 103.01 103.291 103.548 103.765 103.979 104.188 104.398 104.607 104.818 104.945 -9999 -9999 -9999 -9999 -9999 -9999 -9999 -9999 -9999 -9999 -9999 -9999 -9999 -9999 -9999 -9999 -9999
-9999 -9999 -9999 -9999 -9999 -9999 -9999 -9999 -9999 -9999 -9999 -9999 -9999 -9999 -9999 -9999 100.515 100.279 100.27 100.553 100.783 100.565 100.446 100.558 100.983 101.152 100.939 101.122 101.012 100.871 101.041 101.272 101.297 101.266 100.865 101.154 101.808 101.884 102.244 102.273 102.518 102.584 102.213 102.366 102.524 102.698 102.931 103.209 103.481 103.715 103.929 104.137 104.344 104.549 104.754 104.96 105.097 -9999 -9999 -9999 -9999 -9999 -9999 -9999 -9999 -9999 -9999 -9999 -9999 -9999 -9999 -9999 -9999 -9999
-9999 -9999 -9999 -9999 -9999 -9999 -9999 -9999 -9999 -9999 -9999 -9999 -9999 -9999 -9999 100.629 99.906 99.816 99.609 99.966 100.658 100.621 100.666 101.15 101.897 101.707 101.495 101.45 101.475 101.651 102.121 101.957 101.364 101.218 101.356 101.814 102.111 102.292 102.246 102.361 102.284 102.161 102.313 102.469 102.635 102.847 103.124 103.399 103.657 103.872 104.082 104.287 104.49 104.692 104.893 105.094 105.236 -9999 -9999 -9999 -9999 -9999 -9999 -9999 -9999 -9999 -9999 -9999 -9999 -9999 -9999 -9999 -9999 -9999
-9999 -9999 -9999 -9999 -9999 -9999 -9999 -9999 -9999 -9999 -9999 -9999 -9999 -9999 -9999 100.114 100.402 100.335 100.441 100.854 100.992 101.015 101.043 101.316 101.073 101.064 101.333 101.306 101.182 101.33 101.127 101.056 101.63 101.585 101.304 101.529 101.704 101.876 102.383 102.284 102.112 102.262 102.417 102.576 102.765 103.034 103.308 103.577 103.81 104.021 104.227 104.43 104.63 104.828 105.025 105.223 105.367 -9999 -9999 -9999 -9999 -9999 -9999 -9999 -9999 -9999 -9999 -9999 -9999 -9999 -9999 -9999 -9999 -9999
-9999 -9999 -9999 -9999 -9999 -9999 -9999 -9999 -9999 -9999 -9999 -9999 -9999 -9999 100.904 100.545 100.549 100.739 101.159 101.08 100.666 100.79 101.05 100.85 100.693 100.81 100.765 100.697 100.748 100.726 100.911 101.342 101.582 101.436 101.409 101.554 101.664 102.154 102.745 102.615 102.513 102.547 102.392 102.594 102.94 103.215 103.487 103.74 103.953 104.162 104.366 104.566 104.763 104.959 105.148 105.325 105.457 105.572 -9999 -9999 -9999 -9999 -9999 -9999 -9999 -9999 -9999 -9999 -9999 -9999 -9999 -9999 -9999 -9999
