Validation/Results/raw data/ReClimate_09_2024_1_Temperature-Actualsweatherlogisticsltd.asc
NCOLS 192
NROWS 249
XLLCENTER -225160.85627316462
YLLCENTER 29788.11610251502
CELLSIZE 5000.0
NODATA_VALUE -9999
[rows 204 to 237 of 249, columns 77 to 153 of 192]
-9999 -9999 12.238 -9999 11.81 11.471 11.195 10.887 10.838 10.654 10.658 10.629 10.465 10.377 10.12 10.653 10.569 10.654 10.834 11.026 10.953 11.032 10.608 10.154 8.996 8.381 9.736 9.603 9.667 9.015 9.372 10.332 9.822 8.614 10.025 10.287 10.137 10.131 10.745 11.3 11.219 10.944 11.057 11.411 11.579 11.723 11.716 11.567 10.891 10.495 10.399 10.652 10.835 10.97 10.859 10.547 10.631 10.801 10.948 11.01 11.023 10.941 10.821 10.884 10.992 10.998 11.087 11.108 11.008 11.0 10.993 11.05 11.205 11.182 11.128 11.051 11.079
-9999 -9999 -9999 -9999 -9999 -9999 11.101 11.238 11.085 10.975 10.945 10.836 10.7 10.517 10.824 10.829 10.923 10.965 10.892 11.002 10.753 10.75 10.191 9.456 8.601 8.805 8.717 9.031 8.35 8.406 9.848 9.871 9.737 10.64 10.046 10.213 10.584 10.766 11.127 10.988 10.787 10.472 10.948 11.457 11.597 11.711 11.754 11.188 10.467 10.321 10.375 10.736 10.789 10.926 10.801 10.859 10.895 11.073 11.205 11.243 11.192 11.079 10.998 11.04 11.176 11.242 11.145 11.007 10.846 10.862 11.055 11.095 11.204 11.149 11.244 11.359 11.334
-9999 -9999 -9999 -9999 -9999 -9999 11.402 11.267 11.2 11.185 10.805 10.579 10.438 10.758 10.975 11.069 11.199 10.834 10.672 10.885 11.02 11.074 10.557 10.314 10.091 9.793 9.478 9.249 8.714 9.064 8.813 9.442 10.032 9.716 9.454 10.747 10.915 11.057 10.766 10.818 10.352 10.64 11.032 11.53 11.597 11.442 10.735 10.337 10.384 10.536 10.491 10.663 10.799 10.877 11.007 10.904 11.146 11.311 11.453 11.454 11.292 11.143 11.037 11.106 11.29 11.328 11.172 10.795 10.822 10.862 10.937 11.142 11.225 11.336 11.428 11.608 11.52
-9999 -9999 -9999 -9999 12.088 11.837 11.586 11.411 -9999 11.254 11.118 10.974 11.247 11.395 11.497 -9999 11.293 10.967 11.028 10.699 11.223 10.515 10.588 10.408 10.147 10.05 10.295 9.89 9.595 9.469 9.429 9.719 10.001 9.062 9.949 10.868 10.846 11.156 11.062 10.601 10.703 10.963 11.325 11.521 11.454 10.818 10.714 10.424 10.538 10.505 10.707 10.817 10.886 11.03 11.193 11.236 11.311 11.302 11.539 11.512 11.417 11.312 11.279 11.252 11.289 11.211 10.931 10.793 10.748 10.953 11.019 11.145 11.259 11.305 11.37 11.665 11.641
-9999 -9999 -9999 -9999 12.076 -9999 -9999 -9999 11.508 11.465 11.382 -9999 -9999 -9999 -9999 -9999 11.426 11.234 10.861 11.53 11.267 11.118 11.023 10.759 10.823 10.755 9.228 9.243 10.141 10.139 10.117 10.012 9.527 9.565 10.64 10.756 11.147 11.205 10.628 10.874 11.009 11.449 11.498 11.553 11.199 10.814 10.819 10.585 10.757 10.884 10.901 11.0 11.145 11.227 11.334 11.363 11.371 11.294 11.372 11.535 11.338 11.375 11.343 11.313 11.158 11.083 10.916 10.729 10.82 11.083 11.2 11.286 11.286 11.289 11.43 11.675 11.742
-9999 -9999 -9999 -9999 -9999 -9999 11.832 11.631 11.538 11.75 11.621 -9999 -9999 -9999 -9999 -9999 -9999 -9999 -9999 11.876 11.773 11.772 11.894 11.507 11.055 9.491 8.963 9.054 9.423 9.881 10.047 10.106 10.167 10.134 10.464 11.105 11.238 10.5 10.795 10.961 11.715 11.689 11.604 11.521 10.874 10.837 10.727 10.784 10.961 11.111 11.157 11.204 11.232 11.297 11.249 11.301 11.354 11.402 11.386 11.468 11.345 11.313 11.166 11.05 11.219 11.036 10.912 10.889 10.974 11.175 11.409 11.368 11.393 11.541 11.8 11.963 11.794
-9999 -9999 -9999 -9999 -9999 -9999 -9999 11.701 -9999 -9999 -9999 -9999 -9999 -9999 -9999 -9999 -9999 11.538 11.705 11.785 11.79 12.201 12.312 12.024 11.124 10.176 9.279 9.174 9.729 10.546 10.398 10.073 10.252 10.504 11.209 11.54 11.294 11.08 11.292 11.704 -9999 11.752 11.596 11.235 10.604 10.604 10.8 10.937 11.128 11.191 11.272 11.239 11.249 11.23 11.325 11.355 11.431 11.434 11.446 11.343 11.211 11.042 10.858 10.859 10.957 11.304 11.155 11.094 11.253 11.301 11.481 11.595 11.548 11.76 12.115 12.273 12.197
-9999 -9999 -9999 -9999 -9999 -9999 -9999 -9999 -9999 -9999 -9999 -9999 -9999 -9999 -9999 -9999 -9999 11.807 11.922 12.151 12.185 -9999 -9999 -9999 11.852 10.633 10.595 10.372 10.782 10.742 10.258 10.42 11.035 11.334 11.555 11.848 11.78 11.919 12.005 -9999 11.909 11.554 11.463 10.913 10.569 10.86 10.974 11.148 11.188 11.159 11.24 11.276 11.271 11.276 11.156 11.173 11.263 11.218 11.297 11.367 11.163 10.752 10.797 10.858 11.071 11.362 11.47 11.339 11.487 11.662 11.733 11.876 11.959 11.817 12.183 12.447 12.401
-9999 -9999 -9999 -9999 -9999 -9999 -9999 -9999 -9999 -9999 -9999 -9999 -9999 -9999 -9999 -9999 -9999 -9999 -9999 -9999 -9999 -9999 -9999 -9999 12.524 11.755 11.08 11.125 11.286 11.195 10.99 11.208 11.512 11.746 11.951 12.12 12.259 -9999 -9999 12.238 11.846 11.571 11.387 10.921 10.76 10.934 11.043 11.246 11.374 11.195 11.229 11.268 11.062 10.919 10.859 10.732 10.645 10.83 10.914 11.077 11.121 10.94 10.865 11.107 11.101 11.338 11.63 11.62 11.684 11.775 11.93 12.049 12.166 12.382 12.411 12.57 12.515
-9999 -9999 -9999 -9999 -9999 -9999 -9999 -9999 -9999 -9999 -9999 -9999 -9999 -9999 -9999 -9999 -9999 -9999 -9999 -9999 -9999 -9999 -9999 -9999 12.395 12.013 11.72 11.6 11.372 11.302 11.434 11.607 11.876 12.107 -9999 -9999 -9999 -9999 -9999 12.183 11.747 11.609 11.429 10.997 10.815 10.938 10.99 11.252 11.421 11.239 10.965 11.009 10.758 10.645 10.652 10.697 10.644 10.621 10.852 10.902 11.216 11.367 11.246 11.473 11.478 11.544 11.725 11.821 11.976 12.124 12.082 12.023 12.189 12.466 12.683 12.654 12.407
-9999 -9999 -9999 -9999 -9999 -9999 -9999 -9999 -9999 -9999 -9999 -9999 -9999 -9999 -9999 -9999 -9999 -9999 -9999 -9999 -9999 -9999 -9999 -9999 -9999 -9999 12.059 11.578 11.482 11.549 11.514 11.817 12.201 -9999 -9999 -9999 -9999 12.13 11.842 11.625 11.87 11.787 11.511 10.911 10.833 10.825 10.921 11.177 11.296 11.0 10.632 10.48 10.583 10.55 10.71 10.728 10.928 10.936 10.954 11.157 11.254 11.543 11.695 11.661 11.664 11.661 11.68 11.67 11.909 12.181 12.261 12.159 12.122 12.325 12.456 12.506 12.323
-9999 -9999 -9999 -9999 -9999 -9999 -9999 -9999 -9999 -9999 -9999 -9999 -9999 -9999 -9999 -9999 -9999 -9999 -9999 -9999 -9999 -9999 -9999 -9999 -9999 -9999 -9999 12.175 12.003 11.862 11.83 12.205 -9999 -9999 -9999 -9999 12.018 11.884 11.58 11.491 11.567 11.67 11.564 11.278 11.268 10.906 10.975 11.107 10.919 10.783 10.658 10.372 10.473 10.661 10.875 11.002 11.111 11.23 11.191 11.184 11.338 11.551 11.655 11.578 11.444 11.546 11.623 11.595 11.713 12.034 12.218 12.255 12.247 12.268 12.302 12.205 12.088
-9999 -9999 -9999 -9999 -9999 -9999 -9999 -9999 -9999 -9999 -9999 -9999 -9999 -9999 -9999 -9999 -9999 -9999 -9999 -9999 -9999 -9999 -9999 -9999 -9999 -9999 -9999 -9999 -9999 -9999 -9999 -9999 -9999 -9999 -9999 12.02 11.897 11.822 11.542 11.352 11.615 11.588 11.372 11.464 11.24 11.086 11.307 11.171 10.944 10.817 10.807 10.757 10.596 10.703 10.858 10.756 10.954 11.061 11.137 11.158 11.192 11.407 11.503 11.391 11.251 11.255 11.454 11.56 11.652 11.795 11.973 11.996 12.042 12.024 12.046 11.88 11.607
-9999 -9999 -9999 -9999 -9999 -9999 -9999 -9999 -9999 -9999 -9999 -9999 -9999 -9999 -9999 -9999 -9999 -9999 -9999 -9999 -9999 -9999 -9999 -9999 -9999 -9999 -9999 -9999 -9999 -9999 -9999 -9999 -9999 -9999 12.392 12.101 11.661 11.414 10.579 11.114 11.531 11.365 11.3 11.257 11.112 11.319 11.357 11.259 11.019 10.943 11.12 10.928 10.738 10.526 10.669 10.778 10.498 10.754 10.936 11.112 11.245 11.368 11.468 11.424 11.334 11.37 11.32 11.372 11.559 11.681 11.712 11.67 11.443 11.569 11.564 11.413 11.09
-9999 -9999 -9999 -9999 -9999 -9999 -9999 -9999 -9999 -9999 -9999 -9999 -9999 -9999 -9999 -9999 -9999 -9999 -9999 -9999 -9999 -9999 -9999 -9999 -9999 -9999 -9999 -9999 -9999 -9999 -9999 -9999 -9999 -9999 12.368 12.049 11.902 11.34 10.979 10.788 10.946 11.105 11.192 11.031 11.258 11.29 11.245 10.843 10.572 10.652 10.992 11.097 10.937 10.876 10.7 10.774 10.858 10.811 10.96 11.069 11.23 11.414 11.511 11.525 11.397 11.364 11.346 11.274 11.382 11.46 11.23 11.191 11.102 11.111 11.353 11.284 11.02
-9999 -9999 -9999 -9999 -9999 -9999 -9999 -9999 -9999 -9999 -9999 -9999 -9999 -9999 -9999 -9999 -9999 -9999 -9999 -9999 -9999 10.03 9.809 9.522 9.773 -9999 10.739 -9999 -9999 -9999 -9999 -9999 -9999 -9999 -9999 12.156 11.973 11.752 11.517 11.232 10.913 10.86 10.927 11.172 11.198 11.166 10.811 10.537 10.73 10.834 11.069 11.13 11.076 11.169 11.236 11.233 11.147 11.203 11.107 11.004 10.911 11.112 11.365 11.401 11.313 11.292 11.234 11.211 11.347 11.331 11.084 11.008 11.204 11.138 11.255 11.379 11.329
-9999 -9999 -9999 -9999 -9999 -9999 -9999 -9999 -9999 -9999 -9999 -9999 -9999 -9999 -9999 -9999 -9999 -9999 11.552 11.219 10.527 9.8 9.233 9.087 9.333 9.67 10.441 11.352 11.978 -9999 -9999 11.772 12.153 12.269 12.277 12.127 11.993 12.017 11.868 11.61 11.278 10.952 11.027 11.178 11.11 10.683 10.822 10.943 10.854 11.089 11.275 11.339 11.263 11.278 11.371 11.389 11.498 11.438 11.29 11.104 11.052 10.924 10.998 11.202 11.265 11.328 11.459 11.278 11.371 10.978 10.899 11.015 11.207 11.344 11.341 11.453 11.353
-9999 -9999 -9999 -9999 -9999 -9999 -9999 -9999 -9999 -9999 -9999 -9999 -9999 -9999 -9999 -9999 -9999 11.433 11.521 11.389 10.833 9.992 9.199 8.931 9.134 9.621 10.206 10.68 11.349 11.614 11.514 11.489 11.503 11.981 12.046 12.064 11.914 11.784 11.91 11.709 11.235 11.161 11.2 11.074 10.573 10.894 10.767 10.848 11.051 11.244 11.413 11.408 11.232 11.324 11.376 11.467 11.46 11.512 11.405 11.246 11.008 10.825 11.005 11.2 11.298 11.043 11.194 11.418 11.366 11.419 11.074 11.209 11.284 11.347 11.407 11.319 11.367
-9999 -9999 -9999 -9999 -9999 -9999 -9999 -9999 -9999 -9999 -9999 -9999 -9999 -9999 -9999 -9999 -9999 11.399 11.789 11.937 11.332 10.332 9.908 9.586 9.427 9.935 10.335 10.867 10.714 10.61 11.005 11.227 11.409 11.359 11.824 12.013 11.884 11.914 11.702 11.509 11.548 11.488 11.329 10.958 10.958 10.929 10.781 11.022 11.134 11.292 11.372 11.353 11.191 11.15 11.492 11.577 11.601 11.602 11.606 11.511 11.293 10.94 10.839 11.208 11.32 11.208 11.034 11.277 11.481 11.548 11.581 11.544 11.32 11.335 11.502 11.446 11.089
-9999 -9999 -9999 -9999 -9999 -9999 -9999 -9999 -9999 -9999 -9999 -9999 -9999 -9999 -9999 -9999 -9999 11.668 12.116 11.765 11.437 10.91 10.891 10.53 10.606 10.63 10.784 10.876 10.471 10.644 11.26 11.493 11.585 11.797 12.004 12.049 11.977 11.741 11.537 11.646 11.606 11.457 11.237 11.242 11.185 11.154 11.113 11.144 11.033 11.09 11.321 11.52 11.48 11.485 11.593 11.571 11.608 11.711 11.467 11.431 11.453 11.093 10.733 11.109 11.424 11.373 11.34 11.419 11.513 11.6 11.57 11.515 11.453 11.489 11.728 11.79 11.541
-9999 -9999 -9999 -9999 -9999 -9999 -9999 -9999 -9999 -9999 -9999 -9999 -9999 11.762 11.236 -9999 11.441 11.909 11.566 11.291 11.283 11.406 11.274 11.163 10.841 10.65 10.753 10.931 10.932 11.152 11.446 11.734 11.824 11.817 11.817 11.877 11.949 11.782 11.721 11.673 11.546 11.215 11.404 11.358 11.25 11.053 10.929 10.975 10.836 10.93 11.209 11.529 11.596 11.636 11.689 11.826 11.722 11.741 11.626 11.318 11.476 11.363 11.255 11.276 11.601 11.618 11.504 11.47 11.518 11.589 11.668 11.724 11.753 11.703 11.779 11.879 11.904
-9999 -9999 -9999 -9999 -9999 -9999 -9999 -9999 -9999 -9999 -9999 -9999 -9999 11.518 11.065 11.168 11.336 11.401 11.216 11.289 10.977 10.973 11.136 10.77 10.74 10.68 10.717 10.968 10.955 11.109 11.369 11.099 10.94 11.218 11.531 11.818 11.902 11.759 11.625 11.491 11.375 11.27 11.447 11.289 11.338 11.191 10.947 10.88 11.014 11.088 11.339 11.473 11.557 11.641 11.933 12.02 12.069 12.063 11.91 11.636 11.547 11.425 11.228 11.27 11.095 11.37 11.559 11.562 11.633 11.638 11.688 11.85 11.97 11.897 11.792 11.921 11.979
-9999 -9999 -9999 -9999 -9999 -9999 -9999 -9999 -9999 -9999 -9999 -9999 11.899 11.367 11.131 11.04 11.063 11.169 11.216 11.098 10.954 11.136 11.204 10.958 10.883 10.739 10.892 11.098 11.395 11.54 11.19 10.624 10.772 10.926 11.138 11.621 11.689 11.706 11.684 11.538 11.439 11.367 11.396 11.428 11.478 11.31 11.009 11.238 11.288 11.383 11.442 11.515 11.526 11.549 11.949 12.373 12.531 12.358 12.299 12.028 11.904 11.81 11.635 11.534 11.306 11.152 11.284 11.051 11.479 11.299 11.336 11.852 12.145 11.685 11.444 11.536 11.955
-9999 -9999 -9999 -9999 -9999 -9999 -9999 -9999 -9999 -9999 -9999 -9999 -9999 11.641 11.238 11.124 11.23 11.284 11.341 11.322 11.303 11.317 11.29 11.158 11.054 11.213 11.313 11.523 11.518 11.609 11.033 10.75 10.814 10.689 11.088 11.421 11.409 11.522 11.581 11.488 11.326 11.376 11.385 11.383 11.317 11.141 11.447 11.367 11.455 11.516 11.549 11.532 11.53 11.68 11.911 12.334 12.608 -9999 12.438 12.387 12.115 12.122 12.123 12.054 11.909 11.738 11.758 11.616 11.539 11.689 11.504 11.707 12.092 12.123 11.717 11.587 11.901
-9999 -9999 -9999 -9999 -9999 -9999 -9999 -9999 -9999 -9999 -9999 -9999 11.867 11.793 11.381 11.251 11.22 11.181 11.332 11.434 11.39 11.325 11.168 11.214 11.413 11.532 11.552 11.604 11.686 11.488 11.298 11.287 11.149 10.948 11.456 11.599 11.134 11.321 11.288 10.811 10.98 10.921 10.912 11.072 11.1 11.269 11.467 11.636 11.628 11.663 11.609 11.587 11.574 11.703 11.93 12.192 12.531 12.712 -9999 12.753 -9999 12.664 -9999 12.402 -9999 12.229 12.273 12.25 12.107 12.126 12.217 12.449 -9999 -9999 -9999 12.458 12.196
-9999 -9999 -9999 -9999 -9999 -9999 -9999 -9999 -9999 -9999 -9999 -9999 11.912 11.597 11.304 11.263 11.109 11.058 10.967 11.165 11.043 11.037 11.103 11.313 11.541 11.647 11.766 11.836 11.782 11.678 11.482 11.366 11.139 11.445 11.896 11.406 11.452 11.782 11.356 11.114 11.014 10.848 11.057 11.347 11.365 11.544 11.67 11.659 11.838 11.845 11.768 11.758 11.745 11.843 12.078 12.222 12.538 12.781 -9999 -9999 13.033 13.089 -9999 -9999 12.599 12.583 12.613 -9999 -9999 -9999 -9999 -9999 -9999 -9999 -9999 -9999 -9999
-9999 -9999 -9999 -9999 -9999 -9999 -9999 -9999 -9999 -9999 -9999 11.649 11.547 11.37 11.281 11.388 11.36 11.11 11.069 10.866 10.412 10.407 10.776 11.038 11.232 11.418 11.761 11.901 11.758 11.715 11.536 11.18 11.224 11.593 11.68 11.981 12.5 12.227 11.749 11.316 11.028 11.327 11.626 11.589 11.691 11.73 11.832 12.019 12.173 12.062 12.101 12.129 12.219 12.212 12.335 -9999 -9999 -9999 12.771 -9999 -9999 -9999 -9999 -9999 -9999 12.726 -9999 -9999 -9999 -9999 -9999 -9999 -9999 -9999 -9999 -9999 -9999
-9999 -9999 -9999 -9999 -9999 -9999 -9999 -9999 -9999 -9999 11.807 11.062 10.925 11.127 11.558 11.664 11.58 11.382 11.107 10.284 9.453 9.667 10.579 10.776 10.756 11.442 11.495 11.911 11.948 11.751 11.93 12.066 12.231 -9999 -9999 -9999 -9999 -9999 12.456 11.901 11.548 11.638 11.805 11.905 11.898 11.998 12.071 12.239 -9999 12.262 -9999 -9999 -9999 -9999 -9999 12.509 12.515 12.446 12.357 12.438 12.853 -9999 -9999 -9999 -9999 -9999 -9999 -9999 -9999 -9999 -9999 -9999 -9999 -9999 -9999 -9999 -9999
-9999 -9999 -9999 -9999 -9999 -9999 -9999 -9999 -9999 12.368 11.29 10.593 10.668 11.109 11.374 11.609 11.676 11.166 10.662 9.674 9.104 9.419 9.991 10.378 11.103 11.029 11.697 12.02 12.123 12.378 -9999 -9999 -9999 -9999 -9999 -9999 -9999 -9999 -9999 -9999 12.465 12.356 12.394 12.117 11.932 11.875 12.098 11.889 12.26 -9999 -9999 -9999 -9999 -9999 -9999 -9999 12.721 12.461 12.497 12.542 -9999 -9999 -9999 -9999 -9999 -9999 -9999 -9999 -9999 -9999 -9999 -9999 -9999 -9999 -9999 -9999 -9999
-9999 -9999 -9999 -9999 -9999 -9999 -9999 12.409 12.526 11.97 11.16 10.6 10.425 10.587 11.136 11.625 11.225 10.732 10.472 9.865 9.335 9.762 10.181 10.693 10.893 11.875 11.63 11.859 -9999 -9999 -9999 -9999 -9999 -9999 -9999 -9999 -9999 -9999 -9999 -9999 -9999 13.032 -9999 -9999 -9999 -9999 -9999 12.415 12.23 -9999 -9999 -9999 -9999 -9999 -9999 -9999 -9999 -9999 12.691 12.686 -9999 -9999 -9999 -9999 -9999 -9999 -9999 -9999 -9999 -9999 -9999 -9999 -9999 -9999 -9999 -9999 -9999
-9999 -9999 -9999 -9999 -9999 -9999 12.424 -9999 12.12 11.918 11.328 10.741 10.476 10.564 11.07 11.186 10.855 11.201 11.168 10.342 9.949 10.14 10.761 11.047 11.552 12.003 12.167 12.587 -9999 -9999 -9999 -9999 -9999 -9999 -9999 -9999 -9999 -9999 -9999 -9999 -9999 -9999 12.941 -9999 -9999 -9999 -9999 -9999 -9999 -9999 -9999 -9999 -9999 -9999 -9999 -9999 -9999 -9999 -9999 -9999 -9999 -9999 -9999 -9999 -9999 -9999 -9999 -9999 -9999 -9999 -9999 -9999 -9999 -9999 -9999 -9999 -9999
-9999 -9999 -9999 -9999 -9999 12.622 12.439 11.763 11.927 11.927 11.493 11.225 10.954 10.933 11.177 11.088 11.224 -9999 11.481 10.765 10.19 9.752 10.302 11.331 11.721 12.203 12.474 -9999 -9999 -9999 -9999 -9999 -9999 -9999 -9999 -9999 -9999 -9999 -9999 -9999 -9999 -9999 -9999 -9999 -9999 -9999 -9999 -9999 -9999 -9999 -9999 -9999 -9999 -9999 -9999 -9999 -9999 -9999 -9999 -9999 -9999 -9999 -9999 -9999 -9999 -9999 -9999 -9999 -9999 -9999 -9999 -9999 -9999 -9999 -9999 -9999 -9999
-9999 -9999 -9999 -9999 -9999 12.637 12.145 11.731 11.586 11.59 11.49 11.386 11.165 11.379 11.572 11.601 12.023 11.968 11.79 11.236 10.235 9.927 10.738 11.215 11.835 12.174 12.312 -9999 -9999 -9999 -9999 -9999 -9999 -9999 -9999 -9999 -9999 -9999 -9999 -9999 -9999 -9999 -9999 -9999 -9999 -9999 -9999 -9999 -9999 -9999 -9999 -9999 -9999 -9999 -9999 -9999 -9999 -9999 -9999 -9999 -9999 -9999 -9999 -9999 -9999 -9999 -9999 -9999 -9999 -9999 -9999 -9999 -9999 -9999 -9999 -9999 -9999
-9999 -9999 -9999 -9999 12.723 12.374 11.854 11.338 11.239 11.446 11.526 11.573 11.63 11.818 11.668 12.052 12.272 12.23 11.915 11.595 11.053 10.926 11.222 11.625 11.84 11.989 -9999 -9999 -9999 -9999 -9999 -9999 -9999 -9999 -9999 -9999 -9999 -9999 -9999 -9999 -9999 -9999 -9999 -9999 -9999 -9999 -9999 -9999 -9999 -9999 -9999 -9999 -9999 -9999 -9999 -9999 -9999 -9999 -9999 -9999 -9999 -9999 -9999 -9999 -9999 -9999 -9999 -9999 -9999 -9999 -9999 -9999 -9999 -9999 -9999 -9999 -9999
