Validation/Results/raw data/ReClimate_08_2024_1_Temperatureweatherlogisticsltd.asc
NCOLS 192
NROWS 249
XLLCENTER -225160.85627316462
YLLCENTER 29788.11610251502
CELLSIZE 5000.0
NODATA_VALUE -9999
[rows 68 to 101 of 249, columns 75 to 149 of 192]
-9999 -9999 -9999 -9999 -9999 -9999 -9999 -9999 -9999 -9999 -9999 -0.102 -0.1 -0.092 -0.089 -0.085 -0.081 -0.075 -0.092 -0.111 -0.112 -0.113 -0.117 -0.122 -0.129 -0.138 -0.141 -0.145 -0.155 -9999 -9999 -9999 -9999 -9999 -9999 -9999 -9999 -9999 -9999 -9999 -9999 -9999 -9999 -9999 -9999 -9999 -9999 -9999 -9999 -9999 -9999 -9999 -9999 -9999 -9999 -9999 -9999 -9999 -9999 -9999 -9999 -9999 -9999 -9999 -9999 -9999 -9999 -9999 -9999 -9999 -9999 -9999 -9999 -9999 -9999
-9999 -9999 -9999 -9999 -9999 -9999 -9999 -9999 -9999 -9999 -9999 -9999 -9999 -0.097 -0.095 -0.092 -0.089 -0.088 -0.101 -0.111 -0.112 -0.115 -0.118 -0.121 -0.13 -0.144 -0.149 -9999 -9999 -9999 -9999 -9999 -9999 -9999 -9999 -9999 -9999 -9999 -9999 -9999 -9999 -9999 -9999 -9999 -9999 -9999 -9999 -9999 -9999 -9999 -9999 -9999 -9999 -9999 -9999 -9999 -9999 -9999 -9999 -9999 -9999 -9999 -9999 -9999 -9999 -9999 -9999 -9999 -9999 -9999 -9999 -9999 -9999 -9999 -9999
-9999 -9999 -9999 -9999 -9999 -9999 -9999 -0.098 -9999 -9999 -0.095 -0.107 -0.108 -0.104 -0.103 -0.1 -0.099 -0.098 -0.107 -0.116 -0.118 -0.121 -0.123 -0.126 -0.137 -0.151 -0.159 -9999 -9999 -9999 -9999 -9999 -9999 -9999 -9999 -9999 -9999 -9999 -9999 -9999 -9999 -9999 -9999 -9999 -9999 -9999 -9999 -9999 -9999 -9999 -9999 -9999 -9999 -9999 -9999 -9999 -9999 -9999 -9999 -9999 -9999 -9999 -9999 -9999 -9999 -9999 -9999 -9999 -9999 -9999 -9999 -9999 -9999 -9999 -9999
-9999 -9999 -9999 -9999 -9999 -0.099 -0.1 -0.097 -0.092 -0.09 -0.089 -0.085 -0.088 -0.095 -0.098 -0.11 -0.111 -0.114 -0.12 -0.122 -0.125 -0.13 -0.133 -0.137 -0.141 -0.137 -0.148 -9999 -9999 -9999 -9999 -9999 -9999 -9999 -9999 -9999 -9999 -9999 -9999 -9999 -9999 -9999 -9999 -9999 -9999 -9999 -9999 -9999 -9999 -9999 -9999 -9999 -9999 -9999 -9999 -9999 -9999 -9999 -9999 -9999 -9999 -9999 -9999 -9999 -9999 -9999 -9999 -9999 -9999 -9999 -9999 -9999 -9999 -9999 -9999
-9999 -9999 -9999 -9999 -9999 -0.104 -0.101 -9999 -0.098 -0.095 -0.088 -0.083 -0.091 -0.096 -0.107 -0.119 -0.122 -0.125 -0.127 -0.129 -0.133 -0.139 -0.142 -0.145 -0.141 -0.137 -9999 -0.174 -9999 -9999 -9999 -9999 -9999 -9999 -9999 -9999 -9999 -9999 -9999 -9999 -9999 -9999 -9999 -9999 -9999 -9999 -9999 -9999 -9999 -9999 -9999 -9999 -9999 -9999 -9999 -9999 -9999 -9999 -9999 -9999 -9999 -9999 -9999 -9999 -9999 -9999 -9999 -9999 -9999 -9999 -9999 -9999 -9999 -9999 -9999
-9999 -9999 -9999 -9999 -9999 -9999 -0.106 -0.094 -0.09 -0.087 -0.086 -0.092 -0.097 -0.102 -0.108 -0.104 -0.11 -0.123 -0.122 -0.119 -0.123 -0.13 -0.134 -0.145 -0.138 -0.124 -0.135 -0.15 -9999 -9999 -9999 -9999 -9999 -9999 -9999 -9999 -9999 -9999 -9999 -9999 -9999 -9999 -9999 -9999 -9999 -9999 -9999 -9999 -9999 -9999 -9999 -9999 -9999 -9999 -9999 -9999 -9999 -9999 -9999 -9999 -9999 -9999 -9999 -9999 -9999 -9999 -9999 -9999 -9999 -9999 -9999 -9999 -9999 -9999 -9999
-9999 -9999 -9999 -9999 -9999 -9999 -9999 -0.096 -0.093 -0.093 -0.097 -0.102 -0.106 -0.11 -0.108 -0.104 -0.114 -0.127 -0.124 -0.121 -0.125 -0.131 -0.14 -0.15 -0.138 -0.124 -0.132 -0.145 -9999 -9999 -9999 -9999 -9999 -9999 -9999 -9999 -9999 -9999 -9999 -9999 -9999 -9999 -9999 -9999 -9999 -9999 -9999 -9999 -9999 -9999 -9999 -9999 -9999 -9999 -9999 -9999 -9999 -9999 -9999 -9999 -9999 -9999 -9999 -9999 -9999 -9999 -9999 -9999 -9999 -9999 -9999 -9999 -9999 -9999 -9999
-9999 -9999 -9999 -9999 -9999 -0.114 -0.105 -0.109 -0.103 -0.094 -0.099 -0.105 -0.11 -0.116 -0.116 -0.12 -0.126 -0.127 -0.125 -0.125 -0.128 -0.129 -0.132 -0.132 -0.132 -9999 -0.157 -9999 -9999 -9999 -9999 -9999 -9999 -0.155 -0.167 -0.172 -9999 -9999 -9999 -9999 -9999 -9999 -9999 -9999 -9999 -9999 -9999 -9999 -9999 -9999 -9999 -9999 -9999 -9999 -9999 -9999 -9999 -9999 -9999 -9999 -9999 -9999 -9999 -9999 -9999 -9999 -9999 -9999 -9999 -9999 -9999 -9999 -9999 -9999 -9999
-0.111 -9999 -9999 -9999 -9999 -9999 -0.117 -0.122 -0.113 -0.102 -0.108 -0.114 -0.119 -0.123 -0.127 -0.13 -0.131 -0.132 -0.132 -0.132 -0.132 -0.132 -0.131 -0.131 -0.148 -0.169 -9999 -9999 -9999 -9999 -0.159 -0.154 -0.153 -0.155 -0.164 -0.173 -0.157 -0.138 -0.159 -0.18 -0.174 -0.167 -0.176 -0.183 -0.177 -0.171 -0.175 -0.177 -0.175 -0.172 -0.17 -0.17 -9999 -9999 -9999 -9999 -9999 -9999 -9999 -9999 -9999 -9999 -9999 -9999 -9999 -9999 -9999 -9999 -9999 -9999 -9999 -9999 -9999 -9999 -9999
-0.113 -9999 -9999 -9999 -0.122 -9999 -0.12 -0.105 -0.1 -0.107 -0.113 -0.123 -0.126 -0.125 -0.126 -0.126 -0.131 -0.147 -0.142 -0.129 -0.134 -0.148 -0.144 -0.131 -0.151 -9999 -9999 -9999 -9999 -0.151 -0.148 -0.174 -0.171 -0.168 -0.167 -0.155 -0.143 -0.146 -0.157 -0.169 -0.156 -0.14 -0.145 -0.162 -0.156 -0.161 -0.158 -0.158 -0.153 -0.157 -0.154 -0.167 -9999 -9999 -9999 -9999 -9999 -9999 -9999 -9999 -9999 -9999 -9999 -9999 -9999 -9999 -9999 -9999 -9999 -9999 -9999 -9999 -9999 -9999 -9999
-0.119 -9999 -9999 -9999 -0.126 -0.124 -0.113 -0.105 -0.111 -0.118 -0.125 -0.132 -0.132 -0.131 -0.13 -0.129 -0.142 -0.157 -0.146 -0.133 -0.145 -0.159 -0.149 -0.137 -9999 -9999 -0.17 -0.151 -0.143 -0.14 -0.158 -0.184 -0.18 -0.176 -0.164 -0.151 -0.15 -0.151 -0.157 -0.167 -0.15 -0.132 -0.142 -0.156 -0.156 -0.159 -0.155 -0.152 -0.151 -0.152 -0.155 -0.16 -0.175 -9999 -9999 -9999 -9999 -9999 -9999 -9999 -9999 -9999 -9999 -9999 -9999 -9999 -9999 -9999 -9999 -9999 -9999 -9999 -9999 -9999 -9999
-0.127 -9999 -0.121 -9999 -0.126 -0.125 -0.122 -0.13 -0.13 -0.12 -0.124 -0.131 -0.13 -0.134 -0.135 -0.14 -0.145 -0.141 -0.133 -0.129 -0.139 -0.151 -0.145 -0.144 -9999 -0.178 -0.164 -0.149 -0.141 -0.142 -0.154 -0.161 -0.157 -0.158 -0.148 -0.146 -0.147 -0.155 -0.16 -0.166 -0.156 -0.156 -0.165 -0.174 -0.178 -0.188 -0.183 -0.174 -0.167 -0.147 -0.145 -0.147 -0.16 -9999 -9999 -9999 -9999 -9999 -9999 -9999 -9999 -9999 -9999 -9999 -9999 -9999 -9999 -9999 -9999 -9999 -9999 -9999 -9999 -9999 -9999
-9999 -0.132 -9999 -9999 -9999 -0.132 -0.138 -0.146 -0.137 -0.127 -0.131 -0.137 -0.138 -0.14 -0.144 -0.149 -0.144 -0.14 -0.136 -0.133 -0.142 -0.153 -0.153 -0.151 -0.158 -0.172 -0.162 -0.151 -0.148 -0.147 -0.15 -0.155 -0.154 -0.154 -0.15 -0.147 -0.153 -0.16 -0.164 -0.169 -0.168 -0.169 -0.175 -0.183 -0.191 -0.2 -0.193 -0.185 -0.167 -0.148 -0.146 -0.145 -0.156 -9999 -9999 -9999 -9999 -9999 -9999 -9999 -9999 -9999 -9999 -9999 -9999 -9999 -9999 -9999 -9999 -9999 -9999 -9999 -9999 -9999 -9999
-0.142 -9999 -9999 -9999 -9999 -0.137 -0.145 -0.15 -9999 -0.137 -0.139 -0.138 -0.138 -0.137 -0.133 -0.122 -0.122 -0.134 -0.136 -0.148 -0.151 -0.144 -0.142 -0.143 -0.147 -0.155 -0.146 -0.141 -0.137 -0.132 -0.134 -0.139 -0.135 -0.133 -0.133 -0.147 -0.152 -0.162 -0.163 -0.164 -0.165 -0.173 -0.175 -0.173 -0.179 -0.188 -0.179 -0.168 -0.155 -0.148 -0.145 -0.147 -0.167 -9999 -9999 -9999 -9999 -9999 -9999 -9999 -9999 -9999 -9999 -9999 -9999 -9999 -9999 -9999 -9999 -9999 -9999 -9999 -9999 -9999 -9999
-0.15 -9999 -9999 -9999 -0.143 -9999 -9999 -0.158 -0.153 -0.147 -0.146 -0.145 -0.143 -0.141 -0.13 -0.117 -0.126 -0.138 -0.147 -0.158 -0.152 -0.143 -0.143 -0.143 -0.146 -0.151 -0.146 -0.141 -0.135 -0.13 -0.132 -0.136 -0.132 -0.129 -0.138 -0.15 -0.156 -0.165 -0.165 -0.165 -0.17 -0.178 -0.174 -0.172 -0.177 -0.185 -0.175 -0.164 -0.157 -0.15 -0.147 -0.147 -9999 -9999 -9999 -9999 -9999 -9999 -9999 -9999 -9999 -9999 -9999 -9999 -9999 -9999 -9999 -9999 -9999 -9999 -9999 -9999 -9999 -9999 -9999
-0.156 -0.158 -0.153 -9999 -9999 -9999 -0.152 -0.141 -9999 -0.131 -0.131 -0.138 -0.139 -0.148 -0.136 -0.123 -0.131 -0.14 -0.147 -0.154 -0.149 -0.152 -0.145 -0.128 -0.132 -0.143 -0.138 -0.135 -0.123 -0.102 -0.11 -0.134 -0.131 -0.132 -0.133 -0.125 -0.133 -0.152 -0.154 -0.167 -0.168 -0.166 -0.157 -0.14 -0.139 -0.133 -0.126 -0.136 -0.129 -0.13 -0.136 -9999 -9999 -9999 -9999 -9999 -9999 -9999 -9999 -9999 -9999 -9999 -9999 -9999 -9999 -9999 -9999 -9999 -9999 -9999 -9999 -9999 -9999 -9999 -9999
-0.165 -0.167 -0.161 -9999 -0.15 -0.145 -0.143 -0.14 -0.136 -0.131 -0.135 -0.141 -0.147 -0.156 -0.144 -0.132 -0.138 -0.146 -0.15 -0.155 -0.157 -0.159 -0.143 -0.126 -0.133 -0.144 -0.14 -0.136 -0.118 -0.097 -0.115 -0.137 -0.137 -0.138 -0.129 -0.12 -0.133 -0.15 -0.158 -0.17 -0.167 -0.164 -0.149 -0.131 -0.123 -0.116 -0.12 -0.127 -0.125 -0.124 -0.131 -9999 -9999 -9999 -9999 -9999 -9999 -9999 -9999 -9999 -9999 -9999 -9999 -9999 -9999 -9999 -9999 -9999 -9999 -9999 -9999 -9999 -9999 -9999 -9999
-0.178 -0.167 -0.16 -0.149 -0.145 -0.151 -9999 -0.149 -0.145 -0.142 -0.146 -0.151 -0.157 -0.163 -0.152 -0.139 -0.147 -0.163 -0.164 -0.161 -0.156 -0.144 -0.134 -0.134 -0.134 -0.124 -0.121 -0.125 -0.108 -0.092 -0.107 -0.123 -0.119 -0.112 -0.112 -0.134 -0.14 -0.138 -0.143 -0.148 -0.147 -0.153 -0.135 -0.11 -0.106 -0.112 -0.114 -0.115 -0.114 -0.123 -9999 -9999 -9999 -9999 -9999 -9999 -9999 -9999 -9999 -9999 -9999 -9999 -9999 -9999 -9999 -9999 -9999 -9999 -9999 -9999 -9999 -9999 -9999 -9999 -9999
-9999 -9999 -9999 -0.152 -0.155 -9999 -0.158 -0.158 -0.155 -0.152 -0.155 -0.161 -0.165 -0.171 -0.16 -0.147 -0.159 -0.173 -0.17 -0.166 -0.154 -0.142 -0.141 -0.141 -0.13 -0.12 -0.121 -0.124 -0.11 -0.095 -0.107 -0.121 -0.114 -0.106 -0.123 -0.143 -0.14 -0.137 -0.139 -0.143 -0.146 -0.152 -0.13 -0.105 -0.108 -0.114 -0.112 -0.113 -0.117 -0.121 -9999 -9999 -9999 -9999 -9999 -9999 -9999 -9999 -9999 -9999 -9999 -9999 -9999 -9999 -9999 -9999 -9999 -9999 -9999 -9999 -9999 -9999 -9999 -9999 -9999
-9999 -9999 -0.17 -0.164 -9999 -0.158 -0.161 -9999 -0.15 -0.151 -0.152 -0.151 -0.152 -0.153 -0.149 -0.16 -0.169 -0.18 -0.176 -0.175 -0.165 -0.156 -0.152 -0.143 -0.134 -0.128 -0.128 -0.129 -0.119 -0.112 -0.123 -0.137 -0.129 -0.118 -0.129 -0.134 -0.134 -0.143 -0.141 -0.135 -0.136 -0.139 -0.122 -0.115 -0.117 -0.12 -0.113 -0.097 -0.1 -0.107 -9999 -9999 -9999 -9999 -9999 -9999 -9999 -9999 -9999 -9999 -9999 -9999 -9999 -9999 -9999 -9999 -9999 -9999 -9999 -9999 -9999 -9999 -9999 -9999 -9999
-9999 -9999 -0.177 -9999 -9999 -0.16 -0.158 -0.155 -0.155 -0.156 -0.154 -0.151 -0.15 -0.15 -0.158 -0.168 -0.174 -0.184 -0.181 -0.18 -0.172 -0.164 -0.156 -0.147 -0.14 -0.134 -0.134 -0.134 -0.128 -0.123 -0.133 -0.147 -0.138 -0.127 -0.13 -0.135 -0.14 -0.149 -0.142 -0.135 -0.135 -0.136 -0.129 -0.122 -0.123 -0.126 -0.111 -0.095 -0.098 -0.103 -9999 -9999 -9999 -9999 -9999 -9999 -9999 -9999 -9999 -9999 -9999 -9999 -9999 -9999 -9999 -9999 -9999 -9999 -9999 -9999 -9999 -9999 -9999 -9999 -9999
-9999 -9999 -9999 -9999 -9999 -9999 -0.157 -0.161 -0.161 -0.163 -0.16 -0.158 -0.162 -0.176 -0.175 -0.158 -0.161 -0.164 -0.161 -0.163 -0.157 -0.158 -0.147 -0.131 -0.127 -0.128 -0.126 -0.124 -0.123 -0.131 -0.141 -0.153 -0.143 -0.129 -0.13 -0.13 -0.135 -0.144 -0.138 -0.136 -0.131 -0.118 -0.118 -0.133 -0.134 -0.139 -0.124 -0.106 -0.108 -9999 -9999 -9999 -9999 -9999 -9999 -9999 -9999 -9999 -9999 -9999 -9999 -9999 -9999 -9999 -9999 -9999 -9999 -9999 -9999 -9999 -9999 -9999 -9999 -9999 -9999
-9999 -9999 -9999 -9999 -0.17 -0.162 -9999 -0.168 -0.168 -0.169 -0.167 -0.165 -0.175 -0.187 -0.173 -0.156 -0.157 -0.159 -0.158 -0.159 -0.158 -0.158 -0.144 -0.128 -0.128 -0.129 -0.126 -0.123 -0.129 -0.137 -0.146 -0.158 -0.146 -0.133 -0.132 -0.132 -0.137 -0.145 -0.142 -0.14 -0.128 -0.115 -0.125 -0.14 -0.142 -0.147 -0.131 -0.114 -0.121 -9999 -9999 -9999 -9999 -9999 -9999 -9999 -9999 -9999 -9999 -9999 -9999 -9999 -9999 -9999 -9999 -9999 -9999 -9999 -9999 -9999 -9999 -9999 -9999 -9999 -9999
-9999 -9999 -9999 -0.171 -0.167 -0.147 -0.149 -0.157 -0.159 -0.168 -0.167 -0.17 -0.173 -0.169 -0.16 -0.163 -0.159 -0.148 -0.147 -0.149 -0.144 -0.136 -0.13 -0.14 -0.138 -0.133 -0.131 -0.131 -0.128 -0.111 -0.119 -0.134 -0.124 -0.117 -0.12 -0.132 -0.136 -0.142 -0.141 -0.148 -0.136 -0.122 -0.129 -0.132 -0.136 -0.146 -0.138 -0.143 -9999 -9999 -9999 -9999 -9999 -9999 -9999 -9999 -9999 -9999 -9999 -9999 -9999 -9999 -9999 -9999 -9999 -9999 -9999 -9999 -9999 -9999 -9999 -9999 -9999 -9999 -9999
-9999 -9999 -9999 -0.169 -9999 -0.145 -0.149 -0.155 -0.161 -0.17 -0.171 -0.174 -0.169 -0.164 -0.165 -0.167 -0.158 -0.147 -0.146 -0.147 -0.138 -0.13 -0.137 -0.147 -0.142 -0.138 -0.137 -0.137 -0.121 -0.104 -0.114 -0.128 -0.121 -0.114 -0.122 -0.133 -0.137 -0.143 -0.147 -0.154 -0.142 -0.128 -0.129 -0.132 -0.138 -0.148 -0.151 -0.156 -9999 -9999 -9999 -9999 -9999 -9999 -9999 -9999 -9999 -9999 -9999 -9999 -9999 -9999 -9999 -9999 -9999 -9999 -9999 -9999 -9999 -9999 -9999 -9999 -9999 -9999 -9999
-9999 -9999 -9999 -9999 -9999 -0.155 -0.157 -0.158 -0.162 -0.164 -0.163 -0.16 -0.159 -0.165 -0.167 -0.173 -0.159 -0.137 -0.135 -0.135 -0.133 -0.145 -0.149 -0.149 -0.142 -0.133 -0.133 -0.137 -0.128 -0.131 -0.139 -0.144 -0.142 -0.149 -0.148 -0.128 -0.131 -0.136 -0.145 -0.163 -0.149 -0.129 -0.123 -0.109 -0.114 -0.122 -0.126 -0.138 -9999 -9999 -9999 -9999 -9999 -9999 -9999 -9999 -9999 -9999 -9999 -9999 -9999 -9999 -9999 -9999 -9999 -9999 -9999 -9999 -9999 -9999 -9999 -9999 -9999 -9999 -9999
-9999 -9999 -9999 -0.16 -0.161 -0.161 -0.161 -0.162 -0.162 -0.164 -0.16 -0.157 -9999 -0.168 -0.171 -0.177 -0.158 -0.136 -0.134 -0.133 -0.142 -0.154 -0.152 -0.152 -0.143 -0.134 -0.136 -0.139 -0.14 -0.143 -0.147 -0.151 -0.157 -0.164 -0.147 -0.128 -0.131 -0.136 -0.15 -0.168 -0.151 -0.131 -0.118 -0.103 -0.108 -0.115 -0.122 -0.134 -9999 -9999 -9999 -9999 -9999 -9999 -9999 -9999 -9999 -9999 -9999 -9999 -9999 -9999 -9999 -9999 -9999 -9999 -9999 -9999 -9999 -9999 -9999 -9999 -9999 -9999 -9999
-0.194 -0.179 -0.167 -9999 -0.16 -0.151 -0.153 -0.164 -0.162 -0.161 -0.16 -9999 -0.167 -0.168 -0.169 -0.168 -0.152 -0.139 -0.136 -0.131 -0.131 -0.12 -0.122 -0.135 -0.131 -0.136 -0.135 -0.131 -0.133 -0.14 -0.139 -0.134 -0.137 -0.143 -0.13 -0.124 -0.13 -0.144 -0.148 -0.136 -0.123 -0.118 -0.11 -0.112 -0.116 -0.123 -0.131 -9999 -9999 -9999 -9999 -9999 -9999 -9999 -9999 -9999 -9999 -9999 -9999 -9999 -9999 -9999 -9999 -9999 -9999 -9999 -9999 -9999 -9999 -9999 -9999 -9999 -9999 -9999 -9999
-0.191 -0.174 -0.171 -0.168 -9999 -0.15 -0.157 -0.167 -0.164 -0.162 -0.165 -0.169 -0.169 -0.17 -0.168 -0.167 -0.155 -0.142 -0.137 -0.133 -0.122 -0.111 -0.119 -0.131 -0.134 -0.139 -0.134 -0.13 -0.134 -0.14 -0.135 -0.129 -0.132 -0.136 -0.13 -0.124 -0.135 -0.148 -0.137 -0.124 -0.12 -0.115 -0.116 -0.118 -0.121 -9999 -9999 -9999 -9999 -9999 -9999 -9999 -9999 -9999 -9999 -9999 -9999 -9999 -9999 -9999 -9999 -9999 -9999 -9999 -9999 -9999 -9999 -9999 -9999 -9999 -9999 -9999 -9999 -9999 -9999
-9999 -9999 -0.179 -9999 -0.163 -0.17 -0.173 -0.171 -0.164 -9999 -9999 -0.145 -0.145 -0.151 -0.147 -0.142 -0.133 -0.134 -0.128 -0.124 -0.114 -0.105 -0.11 -0.113 -0.116 -0.125 -0.122 -0.123 -0.125 -0.127 -0.127 -0.139 -0.137 -0.128 -0.124 -0.125 -0.124 -0.11 -0.103 -0.109 -0.103 -0.097 -0.098 -0.104 -9999 -9999 -9999 -9999 -9999 -9999 -9999 -9999 -9999 -9999 -9999 -9999 -9999 -9999 -9999 -9999 -9999 -9999 -9999 -9999 -9999 -9999 -9999 -9999 -9999 -9999 -9999 -9999 -9999 -9999 -9999
-0.185 -9999 -0.181 -0.169 -0.172 -0.179 -0.176 -0.174 -9999 -9999 -0.146 -0.138 -0.141 -0.146 -0.14 -0.134 -0.133 -0.133 -0.128 -0.123 -0.115 -0.106 -0.107 -0.109 -0.115 -0.123 -0.122 -0.123 -0.123 -0.124 -0.133 -0.144 -0.136 -0.127 -0.126 -0.126 -0.113 -0.097 -0.101 -0.106 -0.099 -0.093 -0.096 -0.101 -0.102 -9999 -9999 -9999 -9999 -9999 -9999 -9999 -9999 -9999 -9999 -9999 -9999 -9999 -9999 -9999 -9999 -9999 -9999 -9999 -9999 -9999 -9999 -9999 -9999 -9999 -9999 -9999 -9999 -9999 -9999
-0.182 -0.168 -0.159 -0.157 -0.156 -0.153 -0.148 -9999 -9999 -0.143 -0.141 -0.141 -0.141 -0.138 -0.131 -0.123 -0.12 -0.116 -0.115 -0.123 -0.116 -0.114 -0.116 -0.123 -0.124 -0.12 -0.116 -0.109 -0.113 -0.131 -0.132 -0.123 -0.121 -0.133 -0.131 -0.126 -0.113 -0.1 -0.101 -0.101 -0.093 -0.084 -0.088 -0.1 -9999 -9999 -9999 -9999 -9999 -9999 -9999 -9999 -9999 -9999 -9999 -9999 -9999 -9999 -9999 -9999 -9999 -9999 -9999 -9999 -9999 -9999 -9999 -9999 -9999 -9999 -9999 -9999 -9999 -9999 -9999
-0.176 -0.16 -9999 -9999 -0.149 -0.145 -9999 -9999 -9999 -0.139 -0.141 -0.144 -0.141 -0.138 -0.13 -0.122 -0.117 -0.112 -0.118 -0.125 -0.122 -0.12 -0.124 -0.13 -0.126 -0.122 -0.115 -0.107 -0.121 -0.138 -0.128 -0.118 -0.127 -0.139 -0.134 -0.129 -0.117 -0.105 -0.104 -0.103 -0.094 -0.085 -0.093 -0.104 -9999 -9999 -9999 -9999 -9999 -9999 -9999 -9999 -9999 -9999 -9999 -9999 -9999 -9999 -9999 -9999 -9999 -9999 -9999 -9999 -9999 -9999 -9999 -9999 -9999 -9999 -9999 -9999 -9999 -9999 -9999
-9999 -0.174 -0.168 -0.158 -9999 -9999 -9999 -9999 -0.132 -0.129 -0.129 -0.128 -0.125 -0.126 -0.122 -0.127 -0.12 -0.108 -0.11 -0.11 -0.107 -0.11 -0.116 -0.13 -0.128 -0.13 -0.123 -0.113 -0.12 -0.121 -0.119 -0.131 -0.136 -0.136 -0.134 -0.137 -0.12 -0.091 -0.089 -0.091 -0.086 -0.092 -0.1 -9999 -9999 -9999 -9999 -9999 -9999 -9999 -9999 -9999 -9999 -9999 -9999 -9999 -9999 -9999 -9999 -9999 -9999 -9999 -9999 -9999 -9999 -9999 -9999 -9999 -9999 -9999 -9999 -9999 -9999 -9999 -9999
