Validation/Results/raw data/ReClimate_05_2024_2_Temperatureweatherlogisticsltd.asc
NCOLS 192
NROWS 249
XLLCENTER -225160.85627316462
YLLCENTER 29788.11610251502
CELLSIZE 5000.0
NODATA_VALUE -9999
[rows 170 to 203 of 249, columns 75 to 149 of 192]
-9999 -9999 -9999 -9999 -9999 -9999 -9999 -9999 -9999 -9999 -9999 -9999 -9999 -9999 -9999 -9999 -9999 -0.862 -0.918 -9999 -9999 -9999 -9999 -9999 -9999 -9999 -9999 -9999 -9999 -9999 -9999 -9999 -9999 -9999 -9999 -9999 -1.084 -1.076 -1.05 -1.021 -1.005 -0.987 -0.972 -0.959 -0.94 -0.92 -0.898 -0.873 -0.839 -0.801 -0.765 -0.726 -0.681 -0.638 -0.603 -0.57 -0.533 -0.498 -0.465 -0.43 -0.42 -0.414 -0.386 -0.354 -0.326 -0.293 -0.262 -0.227 -0.204 -0.19 -0.182 -0.173 -0.154 -0.132 -0.106
-9999 -9999 -9999 -9999 -9999 -9999 -9999 -9999 -9999 -9999 -9999 -9999 -9999 -9999 -9999 -9999 -9999 -0.885 -0.938 -0.984 -9999 -9999 -9999 -9999 -9999 -9999 -9999 -9999 -9999 -9999 -9999 -9999 -9999 -9999 -9999 -1.09 -1.085 -1.07 -1.046 -1.021 -1.008 -0.998 -0.982 -0.962 -0.94 -0.91 -0.894 -0.883 -0.854 -0.831 -0.8 -0.763 -0.723 -0.683 -0.647 -0.613 -0.579 -0.547 -0.509 -0.473 -0.456 -0.445 -0.434 -0.411 -0.379 -0.345 -0.309 -0.272 -0.242 -0.225 -0.209 -0.196 -0.185 -0.168 -0.145
-9999 -9999 -9999 -9999 -9999 -9999 -9999 -9999 -9999 -9999 -9999 -9999 -9999 -9999 -9999 -9999 -0.841 -0.897 -0.946 -0.991 -1.007 -9999 -9999 -9999 -9999 -9999 -9999 -9999 -9999 -9999 -9999 -9999 -1.112 -9999 -9999 -1.094 -1.079 -1.069 -1.047 -1.023 -9999 -1.004 -0.986 -0.966 -0.939 -0.91 -0.904 -0.894 -0.871 -0.851 -0.82 -0.79 -0.758 -0.722 -0.686 -0.651 -0.617 -0.587 -0.55 -0.51 -0.491 -0.473 -0.459 -0.447 -0.415 -0.38 -0.346 -0.307 -0.274 -0.251 -0.235 -0.217 -0.209 -0.197 -0.175
-9999 -9999 -9999 -9999 -9999 -9999 -9999 -9999 -9999 -9999 -9999 -9999 -9999 -9999 -9999 -9999 -0.848 -0.905 -0.95 -0.989 -1.015 -1.055 -1.09 -9999 -9999 -9999 -1.171 -1.181 -9999 -1.158 -1.149 -1.144 -1.129 -1.108 -9999 -9999 -1.061 -1.052 -9999 -9999 -1.013 -0.995 -0.98 -0.973 -0.949 -0.928 -0.922 -0.916 -0.895 -0.87 -0.832 -0.797 -0.779 -0.757 -0.716 -0.677 -0.642 -0.61 -0.585 -0.553 -0.535 -0.515 -0.484 -0.461 -0.445 -0.421 -0.376 -0.332 -0.308 -0.283 -0.263 -0.244 -0.232 -0.22 -0.203
-9999 -9999 -9999 -9999 -9999 -9999 -9999 -9999 -9999 -9999 -9999 -9999 -9999 -9999 -9999 -9999 -9999 -0.909 -0.95 -0.987 -1.028 -1.068 -9999 -9999 -1.118 -1.142 -1.17 -1.181 -1.179 -1.171 -1.164 -1.155 -1.14 -1.12 -1.098 -9999 -1.062 -1.053 -1.043 -1.034 -1.017 -0.998 -0.989 -0.981 -0.961 -0.94 -0.935 -0.93 -0.907 -0.883 -0.847 -0.808 -0.79 -0.775 -0.742 -0.706 -0.675 -0.643 -0.616 -0.589 -0.568 -0.548 -0.517 -0.484 -0.465 -0.45 -0.408 -0.357 -0.334 -0.31 -0.286 -0.266 -0.254 -0.24 -0.224
-9999 -9999 -9999 -9999 -9999 -9999 -9999 -9999 -9999 -9999 -9999 -9999 -9999 -9999 -9999 -9999 -9999 -0.904 -0.943 -0.981 -1.024 -1.074 -1.091 -1.104 -1.128 -1.145 -1.177 -1.198 -1.195 -1.18 -1.17 -1.158 -1.144 -1.129 -1.112 -1.098 -1.084 -1.067 -1.056 -1.042 -1.03 -1.024 -1.011 -0.989 -0.971 -0.956 -0.947 -0.929 -0.913 -0.904 -0.873 -0.842 -0.819 -0.801 -0.77 -0.738 -0.708 -0.679 -0.653 -0.624 -0.599 -0.577 -0.551 -0.521 -0.487 -0.462 -0.434 -0.393 -0.367 -0.342 -0.317 -0.299 -0.283 -0.267 -0.261
-9999 -9999 -9999 -9999 -9999 -9999 -9999 -9999 -9999 -9999 -9999 -9999 -9999 -9999 -9999 -9999 -9999 -9999 -0.936 -0.976 -1.024 -1.072 -1.09 -1.104 -1.124 -1.141 -1.178 -1.205 -1.199 -1.186 -1.175 -1.162 -1.146 -1.129 -1.116 -1.104 -1.089 -1.072 -1.059 -1.046 -1.041 -1.035 -1.015 -0.993 -0.979 -0.964 -0.948 -0.93 -0.922 -0.915 -0.888 -0.859 -0.838 -0.818 -0.788 -0.757 -0.728 -0.695 -0.669 -0.642 -0.62 -0.6 -0.577 -0.551 -0.517 -0.481 -0.453 -0.422 -0.396 -0.368 -0.339 -0.322 -0.306 -0.287 -0.275
-9999 -9999 -9999 -9999 -9999 -9999 -9999 -9999 -9999 -9999 -9999 -9999 -9999 -9999 -9999 -9999 -9999 -9999 -9999 -9999 -1.009 -1.057 -1.081 -1.115 -1.138 -1.16 -1.195 -1.212 -1.218 -1.213 -1.194 -1.161 -1.141 -1.114 -1.103 -1.095 -1.082 -1.069 -1.061 -1.061 -1.054 -1.039 -1.018 -0.995 -0.981 -0.969 -0.954 -0.937 -0.924 -0.903 -0.879 -0.86 -0.835 -0.812 -0.785 -0.755 -0.734 -0.705 -0.688 -0.668 -0.638 -0.614 -0.59 -0.567 -0.542 -0.514 -0.48 -0.447 -0.409 -0.374 -0.347 -0.328 -0.311 -0.29 -0.269
-9999 -9999 -9999 -9999 -9999 -9999 -9999 -9999 -9999 -9999 -9999 -9999 -9999 -9999 -9999 -9999 -9999 -9999 -9999 -0.955 -1.001 -1.047 -1.081 -1.115 -1.14 -1.163 -1.189 -1.211 -1.22 -1.215 -1.188 -1.157 -1.131 -1.105 -1.097 -1.09 -1.079 -1.068 -1.068 -1.069 -1.057 -1.043 -1.022 -0.999 -0.986 -0.974 -0.959 -0.943 -0.922 -0.901 -0.883 -0.865 -0.841 -0.816 -0.789 -0.758 -0.736 -0.713 -0.695 -0.681 -0.651 -0.621 -0.597 -0.572 -0.548 -0.523 -0.49 -0.453 -0.416 -0.372 -0.34 -0.32 -0.303 -0.279 -0.256
-9999 -9999 -9999 -9999 -9999 -9999 -9999 -9999 -9999 -9999 -9999 -9999 -9999 -9999 -9999 -9999 -9999 -9999 -0.922 -0.975 -1.022 -1.07 -1.099 -1.113 -1.135 -1.149 -1.172 -1.192 -1.203 -1.201 -1.178 -1.154 -1.132 -1.112 -1.103 -1.093 -1.085 -1.08 -1.079 -1.075 -1.063 -1.045 -1.029 -1.018 -1.002 -0.977 -0.965 -0.958 -0.937 -0.913 -0.895 -0.874 -0.858 -0.838 -0.807 -0.775 -0.75 -0.728 -0.709 -0.694 -0.671 -0.644 -0.613 -0.584 -0.55 -0.518 -0.493 -0.46 -0.429 -0.388 -0.336 -0.299 -0.296 -0.282 -0.252
-9999 -9999 -9999 -9999 -9999 -9999 -9999 -9999 -9999 -9999 -9999 -9999 -9999 -9999 -9999 -9999 -9999 -0.894 -0.933 -0.979 -1.026 -1.074 -1.093 -1.107 -1.123 -1.13 -1.15 -1.17 -1.183 -1.186 -1.173 -1.151 -1.131 -1.113 -1.103 -1.094 -1.089 -1.085 -1.082 -1.079 -1.066 -1.05 -1.04 -1.03 -1.007 -0.981 -0.973 -0.966 -0.944 -0.921 -0.901 -0.881 -0.865 -0.849 -0.818 -0.781 -0.757 -0.734 -0.716 -0.7 -0.677 -0.654 -0.623 -0.59 -0.556 -0.518 -0.491 -0.463 -0.431 -0.394 -0.342 -0.289 -0.279 -0.272 -0.239
-9999 -9999 -9999 -9999 -9999 -9999 -9999 -9999 -9999 -9999 -9999 -9999 -9999 -9999 -9999 -0.868 -0.883 -0.91 -0.941 -0.966 -1.007 -1.041 -1.058 -1.076 -1.092 -1.123 -1.142 -1.16 -1.172 -1.168 -1.165 -1.167 -1.149 -1.126 -1.122 -1.126 -1.121 -1.112 -1.109 -1.098 -1.088 -1.071 -1.059 -1.039 -1.016 -0.99 -0.98 -0.966 -0.946 -0.931 -0.913 -0.9 -0.884 -0.865 -0.833 -0.797 -0.774 -0.752 -0.722 -0.699 -0.687 -0.67 -0.632 -0.594 -0.563 -0.528 -0.497 -0.467 -0.438 -0.402 -0.36 -0.313 -0.283 -0.264 -0.218
-9999 -9999 -9999 -9999 -9999 -9999 -9999 -9999 -9999 -9999 -9999 -9999 -9999 -9999 -0.859 -0.877 -0.9 -0.909 -9999 -9999 -9999 -9999 -1.043 -1.049 -1.077 -1.107 -1.126 -1.144 -1.151 -1.149 -1.161 -1.168 -1.15 -1.129 -1.132 -1.137 -1.13 -1.122 -1.115 -1.106 -1.097 -1.084 -1.066 -1.046 -1.023 -0.996 -0.981 -0.967 -0.951 -0.936 -0.922 -0.909 -0.891 -0.871 -0.838 -0.803 -0.781 -0.759 -0.729 -0.698 -0.686 -0.676 -0.639 -0.596 -0.565 -0.532 -0.5 -0.468 -0.437 -0.402 -0.36 -0.317 -0.285 -0.254 -0.207
-9999 -9999 -9999 -9999 -9999 -9999 -9999 -9999 -9999 -9999 -9999 -9999 -9999 -9999 -0.862 -0.884 -0.894 -9999 -9999 -9999 -9999 -9999 -1.034 -1.054 -1.077 -1.086 -1.104 -1.122 -1.131 -1.139 -1.151 -1.15 -1.139 -1.128 -1.131 -1.138 -1.132 -1.127 -1.118 -1.104 -1.092 -1.067 -1.057 -1.057 -1.031 -1.0 -0.987 -0.978 -0.965 -0.954 -0.94 -0.924 -0.898 -0.872 -0.843 -0.811 -0.781 -0.754 -0.734 -0.708 -0.682 -0.664 -0.639 -0.604 -0.566 -0.528 -0.507 -0.481 -0.447 -0.411 -0.365 -0.318 -0.274 -0.236 -0.199
-9999 -9999 -9999 -9999 -9999 -9999 -9999 -9999 -9999 -9999 -9999 -9999 -9999 -9999 -9999 -9999 -0.881 -9999 -9999 -9999 -9999 -9999 -1.024 -1.045 -1.056 -1.066 -1.083 -1.1 -1.112 -1.122 -1.131 -1.131 -1.127 -1.12 -1.126 -1.133 -1.128 -1.125 -1.114 -1.101 -1.085 -1.063 -1.064 -1.062 -1.033 -1.002 -0.992 -0.983 -0.972 -0.962 -0.946 -0.929 -0.903 -0.872 -0.843 -0.814 -0.784 -0.752 -0.731 -0.711 -0.686 -0.659 -0.634 -0.606 -0.569 -0.527 -0.505 -0.485 -0.452 -0.414 -0.369 -0.319 -0.274 -0.23 -0.195
-9999 -9999 -9999 -9999 -9999 -9999 -9999 -9999 -9999 -9999 -9999 -9999 -9999 -9999 -9999 -9999 -9999 -9999 -9999 -9999 -9999 -9999 -1.009 -1.038 -1.049 -1.056 -1.074 -1.095 -1.107 -1.116 -1.126 -1.126 -1.126 -1.127 -1.134 -1.134 -1.127 -1.112 -1.101 -1.087 -1.078 -1.073 -1.07 -1.053 -1.032 -1.02 -1.008 -0.992 -0.978 -0.962 -0.947 -0.929 -0.906 -0.877 -0.848 -0.819 -0.787 -0.755 -0.731 -0.71 -0.686 -0.661 -0.632 -0.603 -0.58 -0.547 -0.514 -0.487 -0.45 -0.41 -0.376 -0.332 -0.283 -0.241 -0.209
-9999 -9999 -9999 -9999 -9999 -9999 -9999 -9999 -9999 -9999 -9999 -9999 -9999 -9999 -9999 -9999 -9999 -9999 -9999 -9999 -9999 -9999 -9999 -1.021 -1.031 -1.038 -1.058 -1.079 -1.09 -1.1 -1.11 -1.113 -1.116 -1.119 -1.123 -1.125 -1.116 -1.102 -1.09 -1.076 -1.074 -1.069 -1.06 -1.045 -1.035 -1.025 -1.009 -0.994 -0.978 -0.962 -0.947 -0.928 -0.903 -0.878 -0.85 -0.82 -0.789 -0.755 -0.732 -0.709 -0.686 -0.662 -0.634 -0.603 -0.58 -0.556 -0.523 -0.488 -0.452 -0.409 -0.374 -0.334 -0.285 -0.246 -0.219
-9999 -9999 -9999 -9999 -9999 -9999 -9999 -9999 -9999 -9999 -9999 -9999 -9999 -9999 -9999 -9999 -9999 -9999 -9999 -9999 -9999 -9999 -0.966 -0.994 -1.004 -1.013 -1.034 -1.059 -1.067 -1.068 -1.081 -1.092 -1.1 -1.107 -1.111 -1.114 -1.107 -1.095 -1.091 -1.093 -1.087 -1.069 -1.061 -1.049 -1.038 -1.023 -1.006 -0.986 -0.973 -0.964 -0.943 -0.92 -0.892 -0.865 -0.84 -0.812 -0.792 -0.767 -0.736 -0.708 -0.694 -0.676 -0.646 -0.614 -0.589 -0.562 -0.537 -0.507 -0.462 -0.414 -0.369 -0.325 -0.287 -0.257 -0.238
-9999 -9999 -9999 -9999 -9999 -9999 -9999 -9999 -9999 -9999 -9999 -9999 -9999 -9999 -9999 -9999 -9999 -9999 -9999 -9999 -9999 -9999 -0.944 -0.971 -0.982 -0.991 -1.014 -1.038 -1.041 -1.042 -1.058 -1.071 -1.083 -1.093 -1.096 -1.099 -1.092 -1.082 -1.088 -1.093 -1.08 -1.063 -1.056 -1.045 -1.032 -1.018 -1.0 -0.981 -0.972 -0.964 -0.943 -0.916 -0.888 -0.859 -0.834 -0.808 -0.789 -0.77 -0.74 -0.708 -0.694 -0.68 -0.651 -0.618 -0.593 -0.565 -0.54 -0.512 -0.465 -0.411 -0.365 -0.317 -0.285 -0.265 -0.247
-9999 -9999 -9999 -9999 -9999 -9999 -9999 -9999 -9999 -9999 -9999 -9999 -9999 -9999 -9999 -9999 -9999 -9999 -9999 -9999 -9999 -9999 -0.918 -0.945 -0.958 -0.975 -0.994 -1.008 -1.011 -1.011 -1.034 -1.068 -1.079 -1.078 -1.079 -1.073 -1.069 -1.072 -1.078 -1.084 -1.075 -1.064 -1.056 -1.035 -1.026 -1.019 -1.004 -0.991 -0.981 -0.966 -0.94 -0.909 -0.884 -0.856 -0.839 -0.818 -0.787 -0.762 -0.745 -0.721 -0.695 -0.675 -0.647 -0.616 -0.596 -0.57 -0.537 -0.504 -0.463 -0.413 -0.364 -0.321 -0.295 -0.279 -0.256
-9999 -9999 -9999 -9999 -9999 -9999 -9999 -9999 -9999 -9999 -9999 -9999 -9999 -9999 -9999 -9999 -9999 -9999 -9999 -9999 -9999 -9999 -9999 -0.923 -0.94 -0.957 -0.971 -0.984 -0.987 -0.987 -1.02 -1.054 -1.059 -1.06 -1.059 -1.053 -1.055 -1.057 -1.063 -1.069 -1.062 -1.053 -1.04 -1.024 -1.022 -1.016 -1.004 -0.992 -0.98 -0.966 -0.939 -0.906 -0.88 -0.854 -0.836 -0.82 -0.79 -0.759 -0.741 -0.725 -0.699 -0.672 -0.645 -0.614 -0.591 -0.566 -0.533 -0.496 -0.454 -0.408 -0.361 -0.323 -0.303 -0.288 -0.265
-9999 -9999 -9999 -9999 -9999 -9999 -9999 -9999 -9999 -9999 -9999 -9999 -9999 -9999 -9999 -9999 -9999 -9999 -9999 -9999 -9999 -9999 -9999 -0.913 -0.926 -0.94 -0.955 -0.97 -0.977 -0.987 -1.01 -1.014 -1.022 -1.035 -1.038 -1.044 -1.045 -1.046 -1.05 -1.049 -1.046 -1.048 -1.036 -1.018 -1.015 -1.002 -0.994 -0.988 -0.978 -0.968 -0.955 -0.93 -0.91 -0.888 -0.856 -0.832 -0.807 -0.78 -0.755 -0.735 -0.706 -0.677 -0.651 -0.622 -0.594 -0.566 -0.528 -0.488 -0.446 -0.401 -0.368 -0.341 -0.308 -0.282 -0.265
-9999 -9999 -9999 -9999 -9999 -9999 -9999 -9999 -9999 -9999 -9999 -9999 -9999 -9999 -9999 -9999 -9999 -9999 -9999 -9999 -9999 -9999 -0.891 -0.901 -0.911 -0.922 -0.937 -0.952 -0.964 -0.975 -0.982 -0.986 -1.0 -1.012 -1.021 -1.028 -1.031 -1.031 -1.031 -1.031 -1.033 -1.034 -1.021 -1.005 -0.997 -0.987 -0.983 -0.978 -0.971 -0.962 -0.948 -0.932 -0.914 -0.895 -0.864 -0.83 -0.806 -0.781 -0.757 -0.731 -0.703 -0.673 -0.647 -0.618 -0.59 -0.56 -0.522 -0.479 -0.438 -0.397 -0.37 -0.352 -0.321 -0.284 -0.267
-9999 -9999 -9999 -9999 -9999 -9999 -9999 -9999 -9999 -9999 -9999 -9999 -9999 -9999 -9999 -9999 -9999 -9999 -9999 -9999 -9999 -9999 -0.883 -0.892 -0.9 -0.909 -0.919 -0.927 -0.937 -0.942 -0.953 -0.974 -0.989 -1.002 -1.01 -1.01 -1.016 -1.024 -1.022 -1.015 -1.013 -1.006 -0.996 -0.988 -0.985 -0.986 -0.984 -0.984 -0.975 -0.953 -0.937 -0.915 -0.9 -0.884 -0.86 -0.83 -0.8 -0.772 -0.749 -0.724 -0.7 -0.672 -0.647 -0.619 -0.588 -0.556 -0.522 -0.484 -0.449 -0.411 -0.376 -0.354 -0.328 -0.294 -0.282
-9999 -9999 -9999 -9999 -9999 -9999 -9999 -9999 -9999 -9999 -9999 -9999 -9999 -9999 -9999 -9999 -9999 -9999 -9999 -9999 -9999 -9999 -0.874 -0.882 -0.89 -0.897 -0.902 -0.907 -0.913 -0.917 -0.937 -0.957 -0.973 -0.986 -0.989 -0.989 -1.0 -1.009 -1.006 -0.997 -0.992 -0.985 -0.979 -0.972 -0.974 -0.976 -0.977 -0.978 -0.963 -0.941 -0.921 -0.9 -0.886 -0.873 -0.849 -0.823 -0.794 -0.762 -0.739 -0.715 -0.691 -0.666 -0.641 -0.614 -0.583 -0.548 -0.515 -0.484 -0.452 -0.418 -0.387 -0.36 -0.334 -0.304 -0.291
-9999 -9999 -9999 -9999 -9999 -9999 -9999 -9999 -9999 -9999 -9999 -9999 -9999 -9999 -9999 -9999 -9999 -9999 -9999 -9999 -9999 -0.858 -0.865 -0.878 -0.888 -0.903 -0.904 -0.9 -0.905 -0.914 -0.929 -0.936 -0.95 -0.965 -0.97 -0.982 -0.99 -0.99 -0.986 -0.978 -0.976 -0.979 -0.974 -0.967 -0.97 -0.969 -0.971 -0.97 -0.961 -0.949 -0.929 -0.903 -0.878 -0.858 -0.841 -0.819 -0.797 -0.77 -0.739 -0.71 -0.702 -0.687 -0.644 -0.607 -0.578 -0.546 -0.511 -0.478 -0.452 -0.425 -0.396 -0.372 -0.359 -0.337 -0.319
-9999 -9999 -9999 -9999 -9999 -9999 -9999 -9999 -9999 -9999 -9999 -9999 -9999 -9999 -9999 -9999 -9999 -9999 -9999 -9999 -0.841 -0.849 -0.86 -0.87 -0.884 -0.899 -0.896 -0.891 -0.897 -0.903 -0.91 -0.915 -0.93 -0.943 -0.955 -0.966 -0.968 -0.967 -0.963 -0.956 -0.961 -0.966 -0.961 -0.955 -0.956 -0.956 -0.957 -0.957 -0.953 -0.944 -0.922 -0.896 -0.872 -0.845 -0.829 -0.812 -0.79 -0.767 -0.736 -0.702 -0.694 -0.687 -0.646 -0.598 -0.571 -0.545 -0.512 -0.477 -0.452 -0.431 -0.407 -0.384 -0.371 -0.356 -0.339
-9999 -9999 -9999 -9999 -9999 -9999 -9999 -9999 -9999 -9999 -9999 -9999 -9999 -9999 -9999 -9999 -9999 -9999 -0.824 -0.831 -0.849 -0.862 -0.871 -0.873 -0.888 -0.902 -0.898 -0.887 -0.891 -0.895 -0.904 -0.924 -0.933 -0.927 -0.939 -0.948 -0.951 -0.955 -0.952 -0.948 -0.949 -0.937 -0.938 -0.946 -0.947 -0.946 -0.946 -0.939 -0.937 -0.931 -0.909 -0.879 -0.856 -0.83 -0.821 -0.809 -0.791 -0.77 -0.743 -0.712 -0.688 -0.672 -0.638 -0.598 -0.573 -0.547 -0.516 -0.481 -0.455 -0.436 -0.422 -0.403 -0.394 -0.381 -0.361
-9999 -9999 -9999 -9999 -9999 -9999 -9999 -9999 -9999 -9999 -9999 -9999 -9999 -9999 -9999 -9999 -9999 -0.81 -0.821 -0.854 -0.862 -0.862 -0.866 -0.868 -0.882 -0.897 -0.89 -0.879 -0.883 -0.885 -0.901 -0.919 -0.915 -0.909 -0.919 -0.928 -0.933 -0.937 -0.935 -0.931 -0.922 -0.912 -0.92 -0.93 -0.932 -0.933 -0.929 -0.922 -0.922 -0.918 -0.896 -0.868 -0.845 -0.821 -0.812 -0.805 -0.787 -0.769 -0.743 -0.714 -0.69 -0.667 -0.638 -0.604 -0.582 -0.556 -0.524 -0.487 -0.463 -0.446 -0.433 -0.416 -0.408 -0.397 -0.377
-9999 -9999 -9999 -9999 -9999 -9999 -9999 -9999 -9999 -9999 -9999 -9999 -9999 -9999 -0.785 -0.803 -0.813 -0.819 -0.841 -0.852 -0.859 -0.872 -0.879 -0.885 -0.895 -0.895 -0.893 -0.895 -0.896 -0.885 -0.898 -0.904 -0.902 -0.902 -0.908 -0.909 -0.913 -0.917 -0.916 -0.915 -0.907 -0.895 -0.904 -0.915 -0.922 -0.934 -0.928 -0.908 -0.908 -0.902 -0.893 -0.875 -0.859 -0.839 -0.824 -0.814 -0.789 -0.766 -0.746 -0.723 -0.701 -0.679 -0.661 -0.636 -0.603 -0.572 -0.55 -0.523 -0.485 -0.458 -0.451 -0.438 -0.417 -0.399 -0.379
-9999 -9999 -9999 -9999 -9999 -9999 -9999 -9999 -9999 -9999 -9999 -9999 -0.801 -0.796 -0.8 -0.807 -0.808 -0.816 -0.83 -0.842 -0.856 -0.87 -0.878 -0.885 -0.887 -0.887 -0.891 -0.895 -0.888 -0.879 -0.886 -0.892 -0.892 -0.892 -0.893 -0.892 -0.895 -0.897 -0.897 -0.896 -0.887 -0.875 -0.884 -0.894 -0.906 -0.92 -0.908 -0.891 -0.891 -0.887 -0.88 -0.871 -0.857 -0.841 -0.827 -0.813 -0.791 -0.766 -0.749 -0.731 -0.71 -0.688 -0.671 -0.653 -0.621 -0.583 -0.561 -0.544 -0.512 -0.477 -0.468 -0.459 -0.436 -0.409 -0.389
-9999 -9999 -9999 -9999 -9999 -9999 -9999 -9999 -0.776 -0.796 -0.796 -0.797 -0.807 -0.821 -0.821 -0.816 -0.814 -0.811 -0.828 -0.851 -0.861 -0.86 -0.871 -0.883 -0.885 -0.881 -0.885 -0.886 -0.885 -0.891 -0.896 -0.893 -0.893 -0.888 -0.889 -0.887 -0.89 -0.892 -0.892 -0.892 -0.883 -0.869 -0.875 -0.873 -0.884 -0.891 -0.882 -0.877 -0.876 -0.869 -0.86 -0.85 -0.846 -0.838 -0.828 -0.817 -0.793 -0.767 -0.746 -0.725 -0.712 -0.694 -0.676 -0.656 -0.627 -0.591 -0.573 -0.56 -0.541 -0.513 -0.491 -0.474 -0.464 -0.443 -0.42
-9999 -9999 -9999 -9999 -9999 -9999 -9999 -0.766 -0.779 -0.792 -0.798 -0.816 -0.826 -0.83 -0.825 -0.82 -0.811 -0.805 -0.825 -0.848 -0.85 -0.85 -0.863 -0.876 -0.875 -0.872 -0.875 -0.875 -0.882 -0.889 -0.889 -0.886 -0.884 -0.88 -0.879 -0.878 -0.881 -0.883 -0.884 -0.883 -0.872 -0.859 -0.857 -0.856 -0.862 -0.868 -0.866 -0.861 -0.859 -0.853 -0.847 -0.835 -0.833 -0.831 -0.824 -0.815 -0.793 -0.766 -0.746 -0.722 -0.71 -0.696 -0.677 -0.657 -0.628 -0.596 -0.584 -0.576 -0.559 -0.538 -0.517 -0.493 -0.484 -0.473 -0.452
-9999 -9999 -9999 -9999 -9999 -9999 -0.766 -0.788 -0.803 -0.814 -0.829 -0.844 -0.847 -0.835 -0.835 -0.842 -0.832 -0.817 -0.832 -0.851 -0.857 -0.862 -0.871 -0.869 -0.872 -0.876 -0.882 -0.889 -0.891 -0.878 -0.877 -0.87 -0.872 -0.882 -0.881 -0.875 -0.878 -0.879 -0.878 -0.871 -0.862 -0.856 -0.853 -0.849 -0.853 -0.85 -0.853 -0.866 -0.862 -0.847 -0.842 -0.832 -0.824 -0.819 -0.815 -0.809 -0.791 -0.769 -0.752 -0.731 -0.715 -0.7 -0.682 -0.663 -0.645 -0.626 -0.598 -0.582 -0.571 -0.555 -0.553 -0.541 -0.529 -0.519 -0.49
