Validation/Results/raw data/ReClimate_03_2024_2weatherlogisticsltd.asc
NCOLS 192
NROWS 249
XLLCENTER -225160.85627316462
YLLCENTER 29788.11610251502
CELLSIZE 5000.0
NODATA_VALUE -9999
[rows 198 to 230 of 249, columns 75 to 149 of 192]
-9999 -9999 -9999 -9999 -9999 -9999 -9999 -9999 -9999 -9999 -9999 -9999 -9999 -9999 -9999 -9999 -9999 106.994 106.96 106.936 106.912 106.889 106.867 106.844 106.821 106.797 106.544 106.764 106.756 106.745 106.73 106.709 106.719 106.784 106.895 107.055 107.242 107.427 107.61 107.796 107.989 108.186 108.403 108.631 108.878 109.155 109.47 109.882 110.307 110.811 111.407 112.061 112.728 113.406 114.093 114.785 115.46 116.114 116.777 117.456 118.077 118.628 119.164 119.705 120.241 120.797 121.383 122.007 122.554 122.99 123.328 123.684 123.835 123.784 123.727
-9999 -9999 -9999 -9999 -9999 -9999 -9999 -9999 -9999 -9999 -9999 -9999 -9999 -9999 107.151 107.157 107.136 107.103 107.044 106.931 106.935 106.995 106.971 106.947 106.924 106.91 106.907 106.902 106.894 106.884 106.872 106.864 106.904 106.973 107.06 107.178 107.36 107.539 107.716 107.896 108.08 108.272 108.473 108.683 108.919 109.176 109.534 109.974 110.436 110.95 111.516 112.12 112.773 113.443 114.121 114.798 115.461 116.117 116.78 117.428 118.05 118.593 119.101 119.613 120.139 120.685 121.259 121.833 122.305 122.669 123.016 123.376 123.586 123.556 123.504
-9999 -9999 -9999 -9999 -9999 -9999 -9999 -9999 -9999 -9999 -9999 -9999 107.166 107.216 107.25 107.272 107.271 107.23 107.112 106.976 107.029 107.104 107.077 107.056 107.05 107.049 107.045 107.04 107.032 107.023 107.011 107.015 107.07 107.143 107.21 107.318 107.461 107.645 107.818 107.991 108.168 108.352 108.548 108.757 108.99 109.311 109.751 110.196 110.643 111.13 111.677 112.254 112.842 113.48 114.146 114.808 115.448 116.07 116.699 117.34 117.971 118.531 119.032 119.536 120.053 120.593 121.163 121.641 122.032 122.355 122.696 123.053 123.305 123.328 123.283
-9999 -9999 -9999 -9999 -9999 -9999 -9999 -9999 107.027 107.107 107.164 107.221 107.28 107.316 107.347 107.379 107.383 107.365 107.266 107.228 107.249 107.217 107.195 107.193 107.192 107.188 107.184 107.177 107.169 107.159 107.146 107.16 107.225 107.297 107.365 107.444 107.559 107.715 107.894 108.071 108.249 108.43 108.628 108.872 109.185 109.592 110.025 110.456 110.89 111.36 111.874 112.431 112.995 113.56 114.157 114.769 115.373 115.973 116.575 117.192 117.831 118.446 118.976 119.488 120.006 120.538 121.032 121.443 121.758 122.07 122.395 122.737 123.001 123.073 123.054
-9999 -9999 -9999 -9999 -9999 -9999 -9999 107.053 107.148 107.22 107.285 107.339 107.383 107.416 107.443 107.471 107.492 107.488 107.455 107.41 107.371 107.345 107.343 107.339 107.335 107.329 107.322 107.313 107.303 107.291 107.278 107.301 107.374 107.444 107.512 107.578 107.663 107.778 107.946 108.123 108.303 108.502 108.765 109.06 109.411 109.846 110.274 110.7 111.129 111.578 112.067 112.601 113.14 113.688 114.237 114.781 115.332 115.905 116.492 117.092 117.712 118.359 118.925 119.435 119.959 120.477 120.89 121.215 121.505 121.807 122.122 122.45 122.714 122.807 122.801
-9999 -9999 -9999 -9999 -9999 -9999 107.029 107.026 107.147 107.335 107.396 107.448 107.489 107.518 107.541 107.564 107.588 107.598 107.588 107.544 107.511 107.502 107.494 107.485 107.476 107.467 107.457 107.446 107.434 107.422 107.411 107.444 107.518 107.587 107.654 107.719 107.782 107.873 107.994 108.179 108.387 108.655 108.93 109.228 109.617 110.054 110.476 110.897 111.32 111.753 112.226 112.746 113.272 113.805 114.337 114.858 115.369 115.897 116.447 117.025 117.626 118.252 118.865 119.388 119.901 120.323 120.684 120.985 121.279 121.573 121.877 122.192 122.451 122.553 122.555
-9999 -9999 -9999 -9999 106.623 -9999 107.035 107.076 107.259 107.437 107.495 107.546 107.585 107.61 107.631 107.651 107.671 107.691 107.692 107.688 107.671 107.655 107.641 107.627 107.615 107.603 107.59 107.578 107.566 107.553 107.546 107.585 107.658 107.726 107.792 107.856 107.922 107.998 108.113 108.284 108.556 108.819 109.086 109.401 109.815 110.243 110.659 111.076 111.493 111.915 112.369 112.878 113.396 113.921 114.436 114.94 115.441 115.951 116.472 117.011 117.573 118.168 118.782 119.341 119.77 120.133 120.433 120.738 121.051 121.357 121.657 121.959 122.208 122.31 122.318
-9999 -9999 -9999 -9999 -9999 -9999 -9999 -9999 107.471 107.535 107.59 107.638 107.675 107.697 107.714 107.73 107.747 107.763 107.787 107.816 107.83 107.807 107.788 107.77 107.754 107.739 107.725 107.711 107.697 107.684 107.681 107.724 107.794 107.862 107.929 107.999 108.079 108.165 108.296 108.505 108.726 108.987 109.256 109.589 110.011 110.429 110.84 111.251 111.663 112.079 112.525 113.007 113.518 114.031 114.532 115.021 115.515 116.016 116.528 117.053 117.592 118.154 118.753 119.238 119.618 119.921 120.21 120.506 120.81 121.125 121.446 121.747 121.982 122.079 122.09
-9999 -9999 -9999 -9999 -9999 -9999 -9999 -9999 107.571 107.631 107.682 107.728 107.763 107.782 107.795 107.808 107.821 107.839 107.885 107.931 107.954 107.962 107.937 107.915 107.895 107.877 107.861 107.845 107.83 107.815 107.815 107.859 107.929 107.998 108.075 108.156 108.243 108.374 108.558 108.74 108.942 109.16 109.435 109.79 110.206 110.613 111.018 111.423 111.831 112.242 112.671 113.134 113.638 114.136 114.623 115.102 115.588 116.083 116.588 117.106 117.636 118.182 118.696 119.142 119.469 119.776 120.059 120.339 120.628 120.93 121.245 121.571 121.809 121.902 121.918
-9999 -9999 -9999 -9999 -9999 -9999 107.522 107.603 107.67 107.725 -9999 107.817 107.85 107.867 107.876 107.885 107.898 -9999 107.982 108.026 108.064 108.082 108.087 108.063 108.039 108.017 107.998 107.98 107.964 107.948 107.949 107.993 108.065 108.148 108.231 108.316 108.442 108.631 108.815 108.996 109.177 109.385 109.629 109.989 110.397 110.793 111.193 111.594 111.997 112.404 112.815 113.263 113.754 114.238 114.71 115.182 115.662 116.149 116.649 117.162 117.686 118.157 118.612 119.019 119.345 119.649 119.945 120.218 120.497 120.788 121.089 121.402 121.654 121.755 121.777
-9999 -9999 -9999 -9999 -9999 -9999 107.654 -9999 -9999 -9999 107.865 107.906 107.937 -9999 -9999 -9999 -9999 -9999 108.076 108.117 108.153 108.186 108.199 108.204 108.185 108.16 108.138 108.118 108.1 108.083 108.083 108.129 108.216 108.301 108.384 108.497 108.692 108.88 109.065 109.249 109.434 109.625 109.87 110.204 110.577 110.969 111.364 111.762 112.162 112.564 112.972 113.398 113.862 114.333 114.795 115.262 115.734 116.215 116.706 117.204 117.654 118.089 118.499 118.901 119.236 119.531 119.832 120.114 120.386 120.668 120.958 121.258 121.484 121.597 121.641
-9999 -9999 -9999 -9999 -9999 -9999 -9999 -9999 107.864 107.912 107.955 107.993 108.025 -9999 -9999 -9999 -9999 -9999 -9999 -9999 -9999 108.27 108.297 108.31 108.316 108.307 108.281 108.258 108.238 108.22 108.221 108.279 108.368 108.453 108.554 108.74 108.934 109.123 109.309 109.497 109.687 109.883 110.128 110.452 110.794 111.146 111.531 111.927 112.325 112.725 113.129 113.536 113.97 114.425 114.88 115.34 115.806 116.28 116.738 117.164 117.586 117.983 118.39 118.795 119.135 119.423 119.716 120.013 120.288 120.562 120.841 121.131 121.331 121.42 121.491
-9999 -9999 -9999 -9999 -9999 -9999 -9999 -9999 -9999 108.025 -9999 -9999 -9999 -9999 -9999 -9999 -9999 -9999 -9999 108.299 108.327 108.354 108.378 108.4 108.416 108.422 108.421 108.402 108.38 108.362 108.374 108.432 108.519 108.614 108.776 108.975 109.169 109.36 109.55 109.741 109.937 110.139 -9999 110.718 111.037 111.375 111.725 112.091 112.487 112.885 113.287 113.68 114.079 114.515 114.966 115.42 115.876 116.297 116.699 117.098 117.489 117.888 118.29 118.697 119.042 119.325 119.611 119.91 120.198 120.468 120.739 121.006 121.184 121.255 121.339
-9999 -9999 -9999 -9999 -9999 -9999 -9999 -9999 -9999 -9999 -9999 -9999 -9999 -9999 -9999 -9999 -9999 -9999 -9999 108.389 108.415 108.438 108.459 -9999 -9999 -9999 108.521 108.525 108.524 108.519 108.532 108.582 108.67 108.799 109.006 109.205 109.4 109.593 109.787 109.984 110.185 -9999 110.659 110.979 111.298 111.624 111.958 112.315 112.678 113.051 113.442 113.821 114.198 114.609 115.052 115.468 115.864 116.256 116.632 117.016 117.409 117.803 118.201 118.606 118.955 119.234 119.516 119.81 120.11 120.384 120.648 120.884 121.05 121.137 121.23
-9999 -9999 -9999 -9999 -9999 -9999 -9999 -9999 -9999 -9999 -9999 -9999 -9999 -9999 -9999 -9999 -9999 -9999 -9999 -9999 -9999 -9999 -9999 -9999 -9999 -9999 108.603 108.618 108.63 108.659 108.685 108.733 108.837 109.025 109.23 109.43 109.627 109.825 110.024 -9999 -9999 110.649 110.918 111.235 111.555 111.882 112.216 112.56 112.913 113.278 113.617 113.967 114.327 114.679 115.057 115.448 115.816 116.183 116.561 116.948 117.337 117.727 118.12 118.52 118.87 119.15 119.428 119.718 120.022 120.316 120.593 120.814 120.954 121.049 121.15
-9999 -9999 -9999 -9999 -9999 -9999 -9999 -9999 -9999 -9999 -9999 -9999 -9999 -9999 -9999 -9999 -9999 -9999 -9999 -9999 -9999 -9999 -9999 -9999 -9999 -9999 108.675 108.694 108.729 108.766 108.795 108.859 109.016 109.243 109.449 109.647 -9999 -9999 -9999 -9999 -9999 110.905 111.168 111.487 111.809 112.137 112.473 112.818 113.173 113.521 113.842 114.13 114.432 114.742 115.057 115.403 115.753 116.121 116.502 116.888 117.273 117.658 118.047 118.443 118.795 119.083 119.369 119.668 119.983 120.293 120.579 120.771 120.884 120.979 121.079
-9999 -9999 -9999 -9999 -9999 -9999 -9999 -9999 -9999 -9999 -9999 -9999 -9999 -9999 -9999 -9999 -9999 -9999 -9999 -9999 -9999 -9999 -9999 -9999 -9999 -9999 -9999 -9999 108.818 108.854 108.888 108.971 109.177 109.408 109.623 -9999 -9999 -9999 -9999 110.721 110.94 111.156 111.417 111.738 112.062 112.389 112.714 113.044 113.374 113.681 113.97 114.254 114.538 114.823 115.108 115.423 115.768 116.129 116.507 116.885 117.263 117.644 118.032 118.43 118.78 119.067 119.354 119.655 119.972 120.293 120.564 120.737 120.825 120.919 121.017
-9999 -9999 -9999 -9999 -9999 -9999 -9999 -9999 -9999 -9999 -9999 -9999 -9999 -9999 -9999 -9999 -9999 -9999 -9999 -9999 -9999 -9999 -9999 -9999 -9999 -9999 -9999 -9999 -9999 108.943 108.978 109.087 109.313 109.553 -9999 -9999 -9999 -9999 110.668 110.91 111.132 111.339 111.598 111.917 112.236 112.553 112.872 113.188 113.487 113.783 114.071 114.35 114.63 114.91 115.191 115.474 115.811 116.177 116.548 116.919 117.291 117.668 118.053 118.448 118.794 119.076 119.36 119.659 119.973 120.294 120.544 120.689 120.775 120.866 120.962
-9999 -9999 -9999 -9999 -9999 -9999 -9999 -9999 -9999 -9999 -9999 -9999 -9999 -9999 -9999 -9999 -9999 -9999 -9999 -9999 -9999 -9999 -9999 -9999 -9999 -9999 -9999 -9999 -9999 -9999 -9999 -9999 -9999 -9999 -9999 -9999 -9999 110.599 110.84 111.066 111.278 111.483 111.74 112.053 112.369 112.684 112.996 113.291 113.587 113.882 114.169 114.446 114.722 114.998 115.275 115.563 115.871 116.229 116.595 116.961 117.329 117.702 118.083 118.473 118.811 119.088 119.37 119.667 119.98 120.294 120.52 120.638 120.725 120.816 120.911
-9999 -9999 -9999 -9999 -9999 -9999 -9999 -9999 -9999 -9999 -9999 -9999 -9999 -9999 -9999 -9999 -9999 -9999 -9999 -9999 -9999 -9999 -9999 -9999 -9999 -9999 -9999 -9999 -9999 -9999 -9999 -9999 -9999 -9999 -9999 -9999 110.535 110.763 110.992 111.21 111.415 111.622 111.875 112.181 112.496 112.803 113.097 113.39 113.684 113.979 114.265 114.54 114.813 115.087 115.362 115.655 115.967 116.292 116.646 117.008 117.372 117.742 118.12 118.5 118.831 119.104 119.384 119.681 119.994 120.268 120.477 120.587 120.676 120.768 120.862
-9999 -9999 -9999 -9999 -9999 -9999 -9999 -9999 -9999 -9999 -9999 -9999 -9999 -9999 -9999 -9999 -9999 -9999 -9999 -9999 -9999 -9999 -9999 -9999 -9999 -9999 -9999 -9999 -9999 -9999 -9999 -9999 -9999 -9999 -9999 -9999 110.678 110.915 111.138 111.345 111.551 111.76 112.008 112.304 112.608 112.901 113.194 113.486 113.778 114.072 114.359 114.634 114.905 115.177 115.456 115.753 116.069 116.385 116.708 117.059 117.421 117.788 118.164 118.533 118.853 119.125 119.404 119.7 120.008 120.244 120.416 120.536 120.627 120.72 120.815
-9999 -9999 -9999 -9999 -9999 -9999 -9999 -9999 -9999 -9999 -9999 -9999 -9999 -9999 -9999 -9999 -9999 -9999 -9999 -9999 -9999 -9999 -9999 109.207 109.201 109.212 109.239 -9999 109.298 -9999 -9999 -9999 -9999 -9999 -9999 -9999 -9999 111.061 111.271 111.479 111.688 111.897 112.134 112.406 112.702 112.995 113.287 113.579 113.871 114.165 114.452 114.727 114.998 115.269 115.554 115.858 116.173 116.487 116.802 117.124 117.475 117.84 118.215 118.571 118.879 119.15 119.43 119.725 119.989 120.2 120.351 120.481 120.578 120.672 120.769
-9999 -9999 -9999 -9999 -9999 -9999 -9999 -9999 -9999 -9999 -9999 -9999 -9999 -9999 -9999 -9999 -9999 -9999 -9999 -9999 109.388 109.361 109.331 109.301 109.292 109.307 109.335 109.365 109.396 109.475 109.641 -9999 -9999 110.256 110.492 110.737 110.976 111.19 111.402 111.613 111.821 112.021 112.237 112.495 112.792 113.085 113.377 113.669 113.962 114.255 114.544 114.82 115.091 115.362 115.654 115.966 116.28 116.593 116.908 117.225 117.548 117.901 118.273 118.616 118.909 119.18 119.461 119.738 119.964 120.134 120.287 120.424 120.529 120.625 120.723
-9999 -9999 -9999 -9999 -9999 -9999 -9999 -9999 -9999 -9999 -9999 -9999 -9999 -9999 -9999 -9999 -9999 -9999 -9999 109.536 109.512 109.489 109.452 109.42 109.412 109.425 109.444 109.473 109.504 109.596 109.795 110.005 110.207 110.412 110.633 110.877 111.1 111.318 111.531 111.735 111.933 112.13 112.334 112.58 112.877 113.171 113.465 113.757 114.051 114.345 114.635 114.913 115.184 115.462 115.759 116.076 116.39 116.704 117.018 117.335 117.657 117.989 118.345 118.667 118.944 119.216 119.499 119.726 119.914 120.068 120.225 120.368 120.479 120.577 120.677
-9999 -9999 -9999 -9999 -9999 -9999 -9999 -9999 -9999 -9999 -9999 -9999 -9999 -9999 -9999 -9999 -9999 -9999 -9999 109.661 109.658 109.629 109.586 109.555 109.548 109.555 109.569 109.59 109.621 109.732 109.954 110.17 110.377 110.575 110.782 110.994 111.217 111.431 111.637 111.839 112.038 112.236 112.434 112.675 112.958 113.254 113.549 113.844 114.138 114.435 114.726 115.005 115.277 115.563 115.869 116.188 116.505 116.82 117.135 117.452 117.774 118.106 118.435 118.729 118.985 119.258 119.495 119.691 119.845 120.003 120.162 120.311 120.428 120.529 120.631
-9999 -9999 -9999 -9999 -9999 -9999 -9999 -9999 -9999 -9999 -9999 -9999 -9999 -9999 -9999 -9999 -9999 -9999 -9999 109.814 109.805 109.775 109.728 109.697 109.692 109.696 109.704 109.721 109.749 109.884 110.118 110.339 110.545 110.726 110.905 111.098 111.313 111.527 111.736 111.94 112.141 112.339 112.538 112.767 113.035 113.334 113.631 113.928 114.225 114.523 114.816 115.096 115.37 115.663 115.979 116.301 116.623 116.942 117.26 117.577 117.899 118.232 118.542 118.813 119.056 119.282 119.472 119.625 119.777 119.937 120.1 120.253 120.376 120.479 120.585
-9999 -9999 -9999 -9999 -9999 -9999 -9999 -9999 -9999 -9999 -9999 -9999 -9999 -9999 -9999 109.961 109.963 -9999 109.962 109.964 109.958 109.914 109.867 109.839 109.836 109.838 109.843 109.854 109.885 110.034 110.269 110.482 110.67 110.849 111.021 111.205 111.401 111.619 111.831 112.037 112.24 112.44 112.641 112.857 113.109 113.412 113.712 114.012 114.311 114.611 114.905 115.186 115.462 115.763 116.088 116.416 116.744 117.07 117.392 117.712 118.034 118.368 118.657 118.906 119.128 119.304 119.444 119.57 119.711 119.871 120.038 120.195 120.321 120.428 120.537
-9999 -9999 -9999 -9999 -9999 -9999 -9999 -9999 -9999 -9999 -9999 -9999 -9999 -9999 -9999 110.076 110.074 110.074 110.075 110.078 110.07 110.05 110.007 109.979 109.975 109.975 109.979 109.986 110.02 110.164 110.388 110.592 110.784 110.967 111.143 111.316 111.505 111.708 111.923 112.133 112.338 112.541 112.745 112.953 113.201 113.488 113.792 114.095 114.397 114.699 114.994 115.275 115.555 115.861 116.195 116.53 116.867 117.204 117.534 117.856 118.178 118.489 118.768 118.985 119.158 119.3 119.42 119.544 119.675 119.824 119.984 120.137 120.265 120.375 120.487
-9999 -9999 -9999 -9999 -9999 -9999 -9999 -9999 -9999 -9999 -9999 -9999 -9999 -9999 110.194 110.192 110.184 110.178 110.176 110.175 110.177 110.167 110.151 110.131 110.123 110.12 110.118 110.112 110.131 110.267 110.491 110.701 110.898 111.085 111.265 111.439 111.616 111.805 112.013 112.227 112.436 112.643 112.851 113.062 113.295 113.563 113.871 114.178 114.483 114.788 115.083 115.362 115.647 115.959 116.298 116.642 116.988 117.339 117.684 118.008 118.329 118.616 118.848 119.015 119.156 119.275 119.397 119.523 119.654 119.801 119.961 120.111 120.232 120.339 120.448
-9999 -9999 -9999 -9999 -9999 -9999 -9999 -9999 -9999 -9999 -9999 -9999 -9999 -9999 -9999 110.315 110.301 110.29 110.284 110.28 110.279 110.28 110.276 110.281 110.274 110.252 110.232 110.215 110.231 110.367 110.594 110.81 111.013 111.204 111.388 111.565 111.738 111.918 112.109 112.321 112.535 112.747 112.959 113.173 113.396 113.654 113.951 114.262 114.571 114.879 115.171 115.448 115.735 116.054 116.399 116.75 117.105 117.462 117.815 -9999 118.463 118.709 118.873 119.01 119.129 119.25 119.375 119.503 119.637 119.783 119.945 120.097 120.218 120.325 120.436
-9999 -9999 -9999 -9999 -9999 -9999 -9999 -9999 -9999 -9999 -9999 -9999 -9999 -9999 110.436 110.449 110.428 110.411 110.396 110.382 110.37 110.361 110.358 110.363 110.372 110.367 110.342 110.322 110.334 110.466 110.7 110.921 111.129 111.326 111.513 111.694 111.871 112.044 112.228 112.421 112.636 112.853 113.07 113.289 113.512 113.756 114.031 114.348 114.662 114.972 115.262 115.535 115.822 116.147 116.501 116.859 117.22 117.581 117.94 118.294 -9999 118.726 -9999 118.979 -9999 119.225 -9999 119.485 119.622 119.768 119.931 120.083 120.204 120.314 -9999
-9999 -9999 -9999 -9999 -9999 -9999 -9999 -9999 -9999 -9999 -9999 -9999 -9999 -9999 110.559 110.528 110.502 110.479 110.458 110.439 110.422 110.407 110.399 110.412 110.436 110.448 110.454 110.438 110.442 110.567 110.807 111.034 111.249 111.451 111.643 111.829 112.009 112.186 112.362 112.549 112.745 112.964 113.186 113.411 113.638 113.871 114.139 114.438 114.758 115.07 115.358 115.63 115.914 116.246 116.611 116.978 117.346 117.714 118.068 118.349 -9999 -9999 118.822 118.946 -9999 -9999 119.332 119.468 119.609 -9999 -9999 -9999 -9999 -9999 -9999
-9999 -9999 -9999 -9999 -9999 -9999 -9999 -9999 -9999 -9999 -9999 -9999 -9999 110.655 110.616 110.582 110.553 110.527 110.503 110.483 110.464 110.448 110.44 110.452 110.48 110.508 110.525 110.539 110.556 110.669 110.918 111.152 111.374 111.582 111.78 111.97 112.155 112.337 112.516 112.695 112.887 113.087 113.309 113.539 113.772 114.008 114.261 114.542 114.863 115.178 115.465 115.746 116.037 116.37 116.741 117.115 117.492 -9999 -9999 -9999 118.519 -9999 -9999 -9999 -9999 -9999 -9999 119.443 -9999 -9999 -9999 -9999 -9999 -9999 -9999
