Validation/Results/raw data/ReClimate_04_2024_2weatherlogisticsltd.asc
NCOLS 192
NROWS 249
XLLCENTER -225160.85627316462
YLLCENTER 29788.11610251502
CELLSIZE 5000.0
NODATA_VALUE -9999
[rows 132 to 164 of 249, columns 74 to 147 of 192]
-9999 -9999 -9999 -9999 -9999 -9999 -9999 -9999 -9999 -9999 -9999 -9999 -9999 123.099 121.556 119.812 118.234 116.861 115.787 114.784 113.84 112.949 112.102 111.294 110.517 109.767 109.038 108.407 108.072 108.315 108.863 109.396 109.873 110.307 110.71 111.093 111.468 111.841 112.213 112.585 112.954 113.321 113.687 114.095 114.574 115.031 115.451 115.753 116.008 116.24 116.45 116.639 116.853 117.102 117.352 117.612 117.892 118.202 -9999 -9999 -9999 -9999 -9999 -9999 -9999 -9999 -9999 -9999 -9999 -9999 -9999 -9999 -9999 -9999
139.578 -9999 -9999 -9999 -9999 -9999 -9999 -9999 -9999 -9999 -9999 -9999 -9999 123.932 122.119 120.364 118.674 117.208 115.988 114.965 114.004 113.096 112.235 111.413 110.625 109.864 109.127 108.443 108.123 108.359 108.79 109.184 109.578 110.024 110.45 110.853 111.24 111.619 111.992 112.36 112.726 113.088 113.467 113.933 114.41 114.859 115.224 115.506 115.765 116.01 116.273 116.596 116.868 117.152 117.441 117.718 117.986 118.246 -9999 -9999 -9999 -9999 -9999 -9999 -9999 -9999 -9999 -9999 -9999 -9999 -9999 -9999 -9999 -9999
139.995 -9999 -9999 -9999 -9999 -9999 -9999 -9999 -9999 -9999 -9999 -9999 126.335 124.525 122.687 120.909 119.181 117.571 116.182 115.136 114.155 113.23 112.353 111.516 110.715 109.943 109.195 108.545 108.309 108.557 108.931 109.281 109.652 110.009 110.352 110.687 111.024 111.38 111.758 112.128 112.492 112.854 113.273 113.781 114.26 114.69 115.05 115.391 115.715 116.037 116.364 116.68 116.981 117.273 117.553 117.82 118.077 118.323 118.539 -9999 -9999 -9999 -9999 -9999 -9999 -9999 -9999 -9999 -9999 -9999 -9999 -9999 -9999 -9999
140.466 -9999 -9999 -9999 -9999 -9999 -9999 -9999 -9999 -9999 -9999 128.533 -9999 125.128 123.26 121.453 119.695 117.979 116.51 115.299 114.296 113.351 112.455 111.603 110.786 110.001 109.241 108.62 108.475 108.797 109.175 109.53 109.867 110.192 110.51 110.825 111.147 111.485 111.824 112.167 112.519 112.906 113.4 113.919 114.396 114.789 115.158 115.513 115.855 116.184 116.503 116.808 117.104 117.389 117.662 117.921 118.168 118.403 118.609 -9999 -9999 -9999 -9999 -9999 -9999 -9999 -9999 -9999 -9999 -9999 -9999 -9999 -9999 -9999
140.976 140.337 -9999 -9999 -9999 -9999 -9999 -9999 -9999 -9999 -9999 129.39 -9999 125.753 123.848 122.003 120.209 118.457 116.831 115.455 114.427 113.459 112.543 111.671 110.838 110.037 109.263 108.665 108.621 109.033 109.417 -9999 -9999 -9999 -9999 -9999 -9999 111.731 112.061 112.408 112.772 113.193 113.71 114.202 114.604 114.973 115.327 115.669 116.0 116.32 116.63 116.931 117.22 117.5 117.768 118.022 118.261 118.485 118.681 118.786 -9999 -9999 -9999 -9999 -9999 -9999 -9999 -9999 -9999 -9999 -9999 -9999 -9999 -9999
141.524 140.892 140.261 -9999 -9999 -9999 -9999 -9999 -9999 -9999 -9999 130.152 128.437 126.412 124.459 122.569 120.731 118.934 117.185 115.708 114.547 113.553 112.613 111.721 110.868 110.049 109.265 108.731 108.847 109.267 109.656 -9999 -9999 -9999 -9999 111.35 111.674 112.002 112.353 112.709 113.074 113.523 114.012 114.418 114.786 115.139 115.48 115.811 116.132 116.444 116.748 117.042 117.328 117.606 117.871 118.122 118.355 118.569 118.759 118.929 -9999 -9999 -9999 -9999 -9999 -9999 -9999 -9999 -9999 -9999 -9999 -9999 -9999 -9999
141.793 141.493 140.87 140.247 -9999 -9999 -9999 -9999 -9999 -9999 -9999 130.914 129.202 127.116 -9999 -9999 121.267 119.418 117.602 115.979 -9999 113.624 112.667 111.749 110.874 110.034 109.246 108.827 109.072 -9999 -9999 -9999 -9999 -9999 111.286 111.614 111.95 112.305 112.654 113.001 113.377 113.825 114.229 114.596 114.949 115.289 115.619 115.939 116.252 116.557 116.854 117.145 117.427 117.703 117.969 118.22 118.45 118.654 118.837 119.004 -9999 -9999 -9999 -9999 -9999 -9999 -9999 -9999 -9999 -9999 -9999 -9999 -9999 -9999
141.901 141.755 141.497 140.821 -9999 -9999 -9999 -9999 -9999 -9999 -9999 -9999 130.042 127.89 -9999 -9999 -9999 119.914 118.035 116.247 114.751 -9999 -9999 111.759 110.853 109.988 109.193 108.914 -9999 -9999 -9999 -9999 -9999 111.206 111.546 111.895 112.255 112.603 112.945 113.283 113.652 114.036 114.404 114.755 115.095 115.424 115.744 116.056 116.36 116.658 116.95 117.234 117.515 117.789 118.057 118.314 118.546 118.739 118.903 119.057 -9999 -9999 -9999 -9999 -9999 -9999 -9999 -9999 -9999 -9999 -9999 -9999 -9999 -9999
141.817 141.854 141.675 -9999 -9999 -9999 -9999 -9999 -9999 -9999 -9999 -9999 -9999 128.705 -9999 -9999 -9999 -9999 118.478 116.551 114.958 -9999 -9999 -9999 110.822 109.899 -9999 -9999 -9999 -9999 -9999 -9999 -9999 111.46 111.831 112.2 112.552 112.894 113.223 113.526 113.835 114.207 114.558 114.897 115.226 115.546 115.858 116.162 116.459 116.75 117.035 117.314 117.588 117.86 118.127 118.39 118.636 118.815 118.956 119.095 -9999 -9999 -9999 -9999 -9999 -9999 -9999 -9999 -9999 -9999 -9999 -9999 -9999 -9999
141.723 141.761 -9999 -9999 -9999 -9999 -9999 -9999 -9999 -9999 -9999 -9999 -9999 129.714 -9999 -9999 -9999 -9999 -9999 116.915 115.153 -9999 -9999 -9999 -9999 -9999 -9999 -9999 -9999 -9999 -9999 -9999 -9999 111.748 112.135 112.498 112.844 113.167 113.439 113.687 114.004 114.357 114.696 115.026 115.346 115.658 115.962 116.259 116.548 116.831 117.109 117.38 117.648 117.912 118.171 118.424 118.658 118.845 118.981 119.116 119.247 -9999 -9999 -9999 -9999 -9999 -9999 -9999 -9999 -9999 -9999 -9999 -9999 -9999
141.629 -9999 141.707 141.745 141.643 141.68 -9999 -9999 -9999 -9999 -9999 -9999 -9999 130.373 -9999 -9999 -9999 -9999 -9999 -9999 -9999 -9999 -9999 -9999 -9999 -9999 -9999 -9999 -9999 -9999 -9999 -9999 111.648 112.059 112.437 112.787 113.096 113.352 113.59 113.841 114.155 114.491 114.82 115.144 115.454 115.756 116.049 116.336 116.616 116.892 117.163 117.43 117.692 117.945 118.19 118.423 118.637 118.82 118.97 119.109 119.25 119.395 -9999 -9999 -9999 -9999 -9999 -9999 -9999 -9999 -9999 -9999 -9999 -9999
141.538 141.578 141.617 141.655 141.693 141.73 -9999 -9999 -9999 -9999 -9999 -9999 -9999 -9999 -9999 -9999 -9999 -9999 -9999 -9999 -9999 -9999 -9999 -9999 -9999 -9999 -9999 -9999 -9999 -9999 -9999 111.571 111.965 112.361 112.705 112.997 113.257 113.501 113.732 113.983 114.291 114.612 114.927 115.235 115.534 115.824 116.107 116.383 116.655 116.922 117.184 117.441 117.688 117.934 118.17 118.396 118.606 118.787 118.943 119.09 119.234 119.381 -9999 -9999 -9999 -9999 -9999 -9999 -9999 -9999 -9999 -9999 -9999 -9999
141.447 141.488 141.528 141.566 -9999 141.641 141.677 -9999 -9999 -9999 -9999 -9999 -9999 -9999 -9999 -9999 -9999 -9999 -9999 -9999 -9999 -9999 -9999 -9999 -9999 -9999 -9999 -9999 -9999 -9999 -9999 111.811 112.232 112.574 112.874 113.149 113.403 113.637 113.857 114.105 114.41 114.722 115.024 115.317 115.603 115.882 116.158 116.426 116.687 116.941 117.189 117.431 117.664 117.895 118.119 118.334 118.537 118.728 118.902 119.065 119.216 119.34 119.416 119.43 -9999 -9999 -9999 -9999 -9999 -9999 -9999 -9999 -9999 -9999
141.358 141.4 141.439 141.478 -9999 -9999 141.588 -9999 -9999 -9999 -9999 -9999 -9999 -9999 -9999 -9999 -9999 -9999 -9999 -9999 -9999 -9999 -9999 -9999 -9999 -9999 -9999 -9999 -9999 -9999 -9999 112.051 112.399 112.727 113.022 113.288 113.531 113.756 113.968 114.215 114.52 114.824 115.114 115.396 115.676 115.949 116.213 116.468 116.715 116.956 117.191 117.416 117.639 117.856 118.067 118.27 118.464 118.65 118.829 119.004 119.174 119.281 119.331 119.354 119.382 119.424 119.381 -9999 -9999 -9999 -9999 -9999 -9999 -9999
141.271 141.312 141.351 141.39 141.426 -9999 141.203 -9999 -9999 -9999 -9999 -9999 -9999 -9999 -9999 -9999 -9999 -9999 -9999 -9999 -9999 -9999 -9999 -9999 -9999 -9999 -9999 -9999 -9999 -9999 111.882 112.196 112.547 112.87 113.156 113.413 113.648 113.866 114.073 114.318 114.619 114.916 115.203 115.485 115.755 116.015 116.264 116.506 116.74 116.968 117.19 117.406 117.614 117.819 118.019 118.212 118.399 118.58 118.757 118.932 119.066 119.164 119.221 119.263 119.294 119.334 119.379 119.42 119.656 -9999 -9999 -9999 -9999 -9999
141.184 141.225 141.264 141.244 -9999 140.733 -9999 -9999 -9999 -9999 -9999 -9999 -9999 -9999 -9999 -9999 -9999 -9999 -9999 -9999 -9999 -9999 -9999 -9999 -9999 -9999 -9999 -9999 -9999 -9999 -9999 112.369 112.687 113.001 113.279 113.528 113.756 113.969 114.17 114.412 114.71 115.013 115.301 115.571 115.828 116.074 116.311 116.54 116.761 116.977 117.187 117.389 117.59 117.785 117.975 118.161 118.342 118.519 118.693 118.839 118.946 119.027 119.11 119.194 119.272 119.327 119.376 119.422 119.477 119.705 -9999 -9999 -9999 -9999
141.098 141.099 140.954 140.612 140.242 139.865 -9999 -9999 -9999 -9999 -9999 -9999 -9999 -9999 -9999 -9999 -9999 -9999 -9999 -9999 -9999 -9999 -9999 -9999 -9999 -9999 -9999 -9999 -9999 -9999 -9999 -9999 112.878 113.141 113.392 113.634 113.857 114.065 114.262 114.503 114.813 115.114 115.391 115.649 115.894 116.128 116.353 116.57 116.78 116.985 117.184 117.379 117.567 117.753 117.936 118.114 118.29 118.463 118.619 118.754 118.863 118.954 119.049 119.146 119.241 119.335 119.405 119.461 119.514 119.579 119.762 -9999 -9999 -9999
140.93 140.606 140.213 139.816 139.413 -9999 -9999 -9999 -9999 -9999 -9999 -9999 -9999 -9999 -9999 -9999 -9999 -9999 -9999 -9999 -9999 -9999 -9999 -9999 -9999 -9999 -9999 -9999 -9999 -9999 -9999 -9999 113.044 113.309 113.529 113.738 113.951 114.156 114.358 114.617 114.914 115.205 115.471 115.719 115.953 116.176 116.39 116.596 116.797 116.991 117.181 117.367 117.546 117.725 117.9 118.073 118.248 118.428 118.578 118.698 118.808 118.913 119.015 119.115 119.214 119.312 119.412 119.498 119.565 119.631 119.687 119.853 -9999 -9999
140.288 139.869 139.446 139.017 138.503 -9999 -9999 -9999 -9999 -9999 -9999 -9999 -9999 -9999 -9999 -9999 -9999 -9999 -9999 -9999 -9999 -9999 -9999 -9999 -9999 -9999 -9999 -9999 -9999 -9999 -9999 -9999 -9999 113.474 113.678 113.868 114.052 114.253 114.479 114.723 115.004 115.286 115.543 115.781 116.005 116.219 116.423 116.62 116.811 116.996 117.178 117.353 117.527 117.699 117.868 118.059 118.248 118.403 118.542 118.659 118.771 118.879 118.984 119.088 119.191 119.294 119.399 119.508 119.609 119.69 119.751 119.778 -9999 -9999
139.571 -9999 -9999 -9999 -9999 -9999 -9999 -9999 -9999 -9999 -9999 -9999 -9999 -9999 -9999 -9999 -9999 -9999 -9999 -9999 -9999 -9999 -9999 -9999 -9999 -9999 -9999 -9999 -9999 -9999 -9999 -9999 -9999 113.614 113.833 114.003 114.182 114.389 114.592 114.821 115.085 115.358 115.607 115.837 116.052 116.257 116.453 116.641 116.823 117.001 117.174 117.342 117.509 117.685 117.884 118.07 118.237 118.381 118.504 118.623 118.737 118.848 118.957 119.065 119.172 119.28 119.39 119.504 119.625 119.742 119.807 119.835 119.855 -9999
138.839 -9999 -9999 -9999 -9999 -9999 -9999 -9999 -9999 -9999 -9999 -9999 -9999 -9999 -9999 -9999 -9999 -9999 -9999 -9999 -9999 -9999 -9999 -9999 -9999 -9999 -9999 -9999 -9999 -9999 -9999 -9999 -9999 -9999 113.978 114.148 114.345 114.531 114.712 114.912 115.157 115.423 115.664 115.886 116.094 116.291 116.479 116.659 116.834 117.004 117.17 117.334 117.515 117.718 117.902 118.07 118.216 118.345 118.47 118.59 118.707 118.821 118.934 119.045 119.156 119.269 119.384 119.504 119.63 119.761 119.853 119.885 119.906 -9999
138.085 -9999 -9999 -9999 -9999 -9999 -9999 -9999 -9999 -9999 -9999 -9999 -9999 -9999 -9999 -9999 -9999 -9999 -9999 -9999 -9999 -9999 -9999 -9999 -9999 -9999 -9999 -9999 -9999 -9999 -9999 -9999 -9999 -9999 114.134 -9999 114.502 114.672 114.836 115.007 -9999 115.48 115.715 115.931 116.132 116.321 116.502 116.676 116.844 117.007 117.167 117.353 117.553 117.734 117.902 118.047 118.182 118.312 118.437 118.56 118.679 118.797 118.913 119.029 119.144 119.262 119.382 119.507 119.638 119.763 119.869 119.929 119.96 119.985
-9999 -9999 -9999 -9999 -9999 -9999 -9999 -9999 -9999 -9999 -9999 -9999 -9999 -9999 -9999 -9999 -9999 -9999 -9999 -9999 -9999 -9999 -9999 -9999 -9999 -9999 -9999 -9999 -9999 -9999 -9999 -9999 -9999 -9999 -9999 114.469 114.649 -9999 -9999 -9999 -9999 115.528 115.76 115.97 116.165 116.348 116.523 116.69 116.852 117.009 117.178 117.393 117.56 117.728 117.877 118.026 118.17 118.309 118.442 118.571 118.696 118.817 118.936 119.053 119.169 119.285 119.403 119.524 119.653 119.768 119.864 119.956 120.013 120.044
-9999 -9999 -9999 -9999 -9999 -9999 -9999 -9999 -9999 -9999 -9999 -9999 -9999 -9999 -9999 -9999 -9999 -9999 -9999 -9999 -9999 -9999 -9999 -9999 -9999 -9999 -9999 -9999 -9999 -9999 -9999 -9999 -9999 -9999 -9999 114.59 114.788 -9999 -9999 -9999 -9999 115.572 115.786 115.988 116.177 116.355 116.525 116.69 116.85 117.015 117.215 117.393 117.573 117.74 117.898 118.05 118.199 118.341 118.479 118.611 118.74 118.865 118.988 119.109 119.228 119.348 119.469 119.592 119.709 119.807 119.884 119.964 120.055 120.107
-9999 -9999 -9999 -9999 -9999 -9999 -9999 -9999 -9999 -9999 -9999 -9999 -9999 -9999 -9999 -9999 -9999 -9999 -9999 -9999 -9999 -9999 -9999 -9999 -9999 -9999 -9999 -9999 -9999 -9999 -9999 -9999 -9999 -9999 -9999 114.689 -9999 -9999 -9999 -9999 115.432 115.6 115.799 115.991 116.173 116.344 116.509 116.66 116.797 116.992 117.203 117.406 117.603 117.778 117.939 118.093 118.242 118.385 118.524 118.659 118.791 118.92 119.047 119.172 119.296 119.421 119.548 119.677 119.786 119.874 119.949 120.027 120.109 120.178
-9999 -9999 -9999 -9999 -9999 -9999 -9999 -9999 -9999 -9999 -9999 -9999 -9999 -9999 -9999 -9999 -9999 -9999 -9999 -9999 -9999 -9999 -9999 -9999 -9999 -9999 -9999 -9999 -9999 -9999 -9999 -9999 -9999 -9999 -9999 -9999 -9999 -9999 -9999 -9999 115.491 115.633 115.81 115.988 116.155 116.293 116.424 116.557 116.767 117.003 117.22 117.422 117.612 117.796 117.97 118.133 118.284 118.428 118.57 118.708 118.843 118.977 119.108 119.238 119.368 119.498 119.631 119.756 119.861 119.943 120.024 120.108 120.194 120.286
-9999 -9999 -9999 -9999 -9999 -9999 -9999 -9999 -9999 -9999 -9999 -9999 -9999 -9999 -9999 -9999 -9999 -9999 -9999 -9999 -9999 -9999 -9999 -9999 -9999 -9999 -9999 -9999 -9999 -9999 -9999 -9999 -9999 -9999 -9999 -9999 -9999 -9999 -9999 -9999 115.521 115.628 115.758 115.906 116.039 116.173 116.332 116.546 116.794 117.021 117.231 117.427 117.611 117.79 117.966 118.141 118.312 118.47 118.617 118.759 118.899 119.036 119.172 119.308 119.443 119.579 119.718 119.834 119.929 120.015 120.102 120.191 120.284 120.381
-9999 -9999 -9999 -9999 -9999 -9999 -9999 -9999 -9999 -9999 -9999 -9999 -9999 -9999 -9999 -9999 -9999 -9999 -9999 -9999 -9999 -9999 -9999 -9999 -9999 -9999 -9999 -9999 -9999 -9999 -9999 -9999 -9999 -9999 -9999 -9999 -9999 -9999 -9999 115.384 115.458 115.538 115.638 115.774 115.922 116.109 116.312 116.575 116.815 117.035 117.239 117.428 117.609 117.784 117.956 118.13 118.306 118.485 118.659 118.814 118.958 119.1 119.241 119.382 119.523 119.666 119.795 119.907 119.999 120.091 120.184 120.279 120.377 120.48
-9999 -9999 -9999 -9999 -9999 -9999 -9999 -9999 -9999 -9999 -9999 -9999 -9999 -9999 -9999 -9999 -9999 -9999 -9999 -9999 -9999 -9999 -9999 -9999 -9999 -9999 -9999 -9999 -9999 -9999 -9999 -9999 -9999 -9999 -9999 -9999 -9999 -9999 -9999 115.298 115.37 115.438 115.536 115.686 115.885 116.082 116.34 116.598 116.832 117.046 117.245 117.432 117.607 117.777 117.946 118.121 118.3 118.481 118.664 118.85 119.016 119.168 119.315 119.461 119.608 119.75 119.872 119.975 120.073 120.171 120.27 120.37 120.475 120.584
-9999 -9999 -9999 -9999 -9999 -9999 -9999 -9999 -9999 -9999 -9999 -9999 -9999 -9999 -9999 -9999 -9999 -9999 -9999 -9999 -9999 -9999 -9999 -9999 -9999 -9999 -9999 -9999 -9999 -9999 -9999 -9999 -9999 -9999 -9999 -9999 -9999 -9999 115.141 115.215 115.284 115.361 115.491 115.661 115.853 116.082 116.362 116.615 116.844 117.055 117.251 117.433 117.606 117.771 117.938 118.115 118.298 118.483 118.669 118.858 119.05 119.234 119.394 119.546 119.698 119.829 119.944 120.048 120.152 120.255 120.36 120.467 120.577 120.693
-9999 -9999 -9999 -9999 -9999 -9999 -9999 -9999 -9999 -9999 -9999 -9999 -9999 -9999 -9999 -9999 -9999 -9999 -9999 -9999 -9999 -9999 -9999 -9999 -9999 -9999 -9999 -9999 -9999 -9999 -9999 -9999 -9999 -9999 -9999 -9999 -9999 -9999 115.061 115.133 115.213 115.346 115.493 115.649 115.834 116.107 116.379 116.626 116.853 117.061 117.256 117.438 117.611 117.775 117.941 118.119 118.305 118.493 118.681 118.873 119.068 119.268 119.468 119.638 119.778 119.904 120.015 120.126 120.235 120.345 120.456 120.569 120.686 120.809
-9999 -9999 -9999 -9999 -9999 -9999 -9999 -9999 -9999 -9999 -9999 -9999 -9999 -9999 -9999 -9999 -9999 -9999 -9999 -9999 -9999 -9999 -9999 -9999 -9999 -9999 -9999 -9999 -9999 -9999 -9999 -9999 -9999 -9999 -9999 -9999 -9999 -9999 114.982 115.065 115.203 115.357 115.499 115.64 115.843 116.124 116.388 116.633 116.857 117.065 117.26 117.445 117.62 117.79 117.96 118.137 118.322 118.51 118.7 118.894 119.092 119.295 119.507 119.706 119.855 119.975 120.092 120.209 120.325 120.441 120.559 120.678 120.802 120.931
-9999 -9999 -9999 -9999 -9999 -9999 -9999 -9999 -9999 -9999 -9999 -9999 -9999 -9999 -9999 -9999 -9999 -9999 -9999 -9999 -9999 -9999 -9999 -9999 -9999 -9999 -9999 -9999 -9999 -9999 -9999 -9999 -9999 -9999 -9999 -9999 -9999 -9999 -9999 115.081 115.215 115.364 115.5 115.647 115.878 116.133 116.393 116.635 116.858 117.067 117.264 117.452 117.632 117.807 117.983 118.162 118.346 118.534 118.725 118.921 119.122 119.329 119.53 119.726 119.912 120.052 120.176 120.299 120.422 120.545 120.669 120.795 -9999 121.061
