Validation/Results/raw data/ReClimate_10_2024_1.asc
NCOLS 192
NROWS 249
XLLCENTER -225160.85627316462
YLLCENTER 29788.11610251502
CELLSIZE 5000.0
NODATA_VALUE -9999
[rows 165 to 197 of 249, columns 74 to 147 of 192]
-9999 -9999 -9999 -9999 -9999 -9999 -9999 -9999 -9999 -9999 -9999 -9999 -9999 -9999 -9999 -9999 -9999 -9999 -9999 -9999 -9999 -9999 -9999 -9999 -9999 -9999 -9999 -9999 -9999 -9999 -9999 -9999 -9999 -9999 -9999 -9999 -9999 -9999 100.971 100.963 100.95 100.957 100.963 100.961 100.949 100.944 100.943 100.946 100.946 100.944 100.94 100.936 100.93 100.924 100.919 100.913 100.907 100.901 100.895 100.887 100.879 100.872 100.865 100.858 100.849 100.84 100.833 100.826 100.818 100.808 100.796 100.782 100.766 100.749
-9999 -9999 -9999 -9999 -9999 -9999 -9999 -9999 -9999 -9999 -9999 -9999 -9999 -9999 -9999 -9999 -9999 -9999 -9999 -9999 -9999 -9999 -9999 -9999 -9999 -9999 -9999 -9999 -9999 -9999 -9999 -9999 -9999 -9999 -9999 -9999 -9999 -9999 100.942 100.928 100.923 100.919 100.919 100.914 100.903 100.892 100.887 100.885 100.886 100.884 100.881 100.877 100.871 100.865 100.858 100.851 100.844 100.836 100.827 100.818 100.81 100.802 100.794 100.784 100.773 100.76 100.746 100.736 100.725 100.712 100.697 100.679 100.667 100.66
-9999 -9999 -9999 -9999 -9999 -9999 -9999 -9999 -9999 -9999 -9999 -9999 -9999 -9999 -9999 -9999 -9999 -9999 -9999 -9999 -9999 -9999 -9999 -9999 -9999 -9999 -9999 -9999 -9999 -9999 -9999 -9999 -9999 -9999 -9999 -9999 -9999 100.928 100.919 100.911 100.904 100.898 100.889 100.873 100.86 100.849 100.839 100.831 100.827 100.826 100.823 100.819 100.813 100.806 100.798 100.79 100.781 100.771 100.761 100.753 100.744 100.735 100.724 100.712 100.698 100.681 100.662 100.645 100.631 100.615 100.602 100.593 100.589 100.591
-9999 -9999 -9999 -9999 -9999 -9999 -9999 -9999 -9999 -9999 -9999 -9999 -9999 -9999 -9999 -9999 -9999 -9999 -9999 -9999 -9999 -9999 -9999 -9999 -9999 -9999 -9999 -9999 -9999 -9999 -9999 -9999 -9999 -9999 -9999 -9999 -9999 100.908 100.901 100.895 100.89 100.883 100.871 100.852 100.832 100.813 100.798 100.786 100.774 100.769 100.766 100.761 100.755 100.747 100.738 100.728 100.718 100.708 100.699 100.689 100.679 100.668 100.655 100.641 100.624 100.604 100.581 100.556 100.541 100.537 100.537 100.539 100.543 100.548
-9999 -9999 -9999 -9999 -9999 -9999 -9999 -9999 -9999 -9999 -9999 -9999 -9999 -9999 -9999 -9999 -9999 -9999 -9999 -9999 -9999 -9999 -9999 -9999 -9999 -9999 -9999 -9999 -9999 -9999 -9999 -9999 -9999 -9999 -9999 -9999 -9999 -9999 100.885 100.88 100.875 100.87 100.857 100.837 100.817 100.797 100.777 100.755 100.734 100.718 100.709 100.703 100.696 100.687 100.677 100.668 100.658 100.648 100.638 100.627 100.616 100.602 100.587 100.57 100.55 100.53 100.512 100.498 100.488 100.489 100.495 100.502 100.507 100.513
-9999 -9999 -9999 -9999 -9999 -9999 -9999 -9999 -9999 -9999 -9999 -9999 -9999 -9999 -9999 -9999 -9999 -9999 100.324 100.392 -9999 -9999 -9999 -9999 -9999 -9999 -9999 -9999 -9999 -9999 -9999 -9999 -9999 -9999 -9999 -9999 -9999 100.874 100.87 100.866 100.862 100.857 100.843 100.825 100.807 100.788 100.767 100.744 100.718 100.692 100.669 100.649 100.638 100.629 100.62 100.61 100.6 100.589 100.578 100.566 100.553 100.54 100.527 100.512 100.495 100.482 100.474 100.465 100.457 100.457 100.462 100.468 100.473 100.478
-9999 -9999 -9999 -9999 -9999 -9999 -9999 -9999 -9999 -9999 -9999 -9999 -9999 -9999 -9999 -9999 -9999 -9999 100.336 100.396 100.451 -9999 -9999 -9999 -9999 -9999 -9999 -9999 -9999 -9999 -9999 -9999 -9999 -9999 -9999 -9999 100.866 100.86 100.857 100.854 100.851 100.844 100.831 100.813 100.796 100.779 100.762 100.741 100.714 100.682 100.652 100.626 100.605 100.593 100.582 100.571 100.56 100.547 100.535 100.523 100.51 100.497 100.482 100.471 100.463 100.455 100.45 100.443 100.434 100.427 100.429 100.434 100.44 100.445
-9999 -9999 -9999 -9999 -9999 -9999 -9999 -9999 -9999 -9999 -9999 -9999 -9999 -9999 -9999 -9999 -9999 100.294 100.346 100.402 100.454 100.502 -9999 -9999 -9999 -9999 -9999 -9999 -9999 -9999 -9999 -9999 -9999 100.853 -9999 -9999 100.85 100.848 100.845 100.843 100.84 -9999 100.819 100.803 100.786 100.77 100.754 100.736 100.712 100.681 100.65 100.62 100.591 100.57 100.555 100.542 100.529 100.516 100.503 100.49 100.476 100.461 100.452 100.446 100.441 100.436 100.43 100.422 100.412 100.4 100.396 100.401 100.406 100.412
-9999 -9999 -9999 -9999 -9999 -9999 -9999 -9999 -9999 -9999 -9999 -9999 -9999 -9999 -9999 -9999 -9999 100.305 100.353 100.407 100.456 100.503 100.546 100.587 -9999 -9999 -9999 100.731 100.759 -9999 100.8 100.82 100.839 100.851 100.85 -9999 -9999 100.843 100.84 -9999 -9999 100.827 100.813 100.797 100.781 100.766 100.75 100.733 100.709 100.682 100.652 100.622 100.592 100.563 100.535 100.515 100.5 100.486 100.472 100.457 100.443 100.435 100.429 100.426 100.422 100.417 100.41 100.4 100.389 100.376 100.366 100.367 100.373 100.379
-9999 -9999 -9999 -9999 -9999 -9999 -9999 -9999 -9999 -9999 -9999 -9999 -9999 -9999 -9999 -9999 -9999 -9999 100.36 100.411 100.458 100.503 100.545 -9999 -9999 100.658 100.693 100.726 100.754 100.777 100.797 100.817 100.836 100.846 100.847 100.845 -9999 100.841 100.838 100.836 100.833 100.825 100.81 100.794 100.779 100.763 100.747 100.729 100.707 100.68 100.652 100.623 100.593 100.563 100.534 100.504 100.478 100.456 100.439 100.425 100.418 100.413 100.411 100.408 100.404 100.398 100.39 100.38 100.367 100.352 100.336 100.333 100.34 100.347
-9999 -9999 -9999 -9999 -9999 -9999 -9999 -9999 -9999 -9999 -9999 -9999 -9999 -9999 -9999 -9999 -9999 -9999 100.366 100.415 100.46 100.503 100.543 100.581 100.618 100.654 100.688 100.72 100.748 100.772 100.793 100.813 100.831 100.839 100.841 100.841 100.839 100.836 100.833 100.83 100.826 100.818 100.804 100.788 100.773 100.757 100.741 100.723 100.701 100.676 100.65 100.622 100.593 100.563 100.534 100.504 100.474 100.445 100.42 100.405 100.397 100.396 100.393 100.39 100.385 100.379 100.37 100.36 100.346 100.33 100.31 100.301 100.308 100.318
-9999 -9999 -9999 -9999 -9999 -9999 -9999 -9999 -9999 -9999 -9999 -9999 -9999 -9999 -9999 -9999 -9999 -9999 -9999 100.417 100.462 100.503 100.541 100.578 100.614 100.649 100.682 100.714 100.743 100.767 100.789 100.809 100.824 100.828 100.829 100.83 100.829 100.828 100.825 100.822 100.819 100.811 100.797 100.782 100.766 100.751 100.734 100.716 100.694 100.671 100.646 100.62 100.592 100.563 100.533 100.503 100.473 100.446 100.426 100.412 100.4 100.392 100.383 100.374 100.366 100.36 100.351 100.341 100.327 100.311 100.291 100.277 100.281 100.291
-9999 -9999 -9999 -9999 -9999 -9999 -9999 -9999 -9999 -9999 -9999 -9999 -9999 -9999 -9999 -9999 -9999 -9999 -9999 -9999 -9999 100.502 100.539 100.575 100.61 100.643 100.676 100.708 100.738 100.763 100.783 100.8 100.811 100.813 100.815 100.816 100.818 100.819 100.818 100.816 100.813 100.806 100.792 100.777 100.761 100.745 100.729 100.71 100.688 100.665 100.641 100.616 100.589 100.56 100.531 100.502 100.473 100.452 100.438 100.426 100.416 100.405 100.394 100.384 100.373 100.364 100.353 100.342 100.329 100.314 100.299 100.286 100.29 100.306
-9999 -9999 -9999 -9999 -9999 -9999 -9999 -9999 -9999 -9999 -9999 -9999 -9999 -9999 -9999 -9999 -9999 -9999 -9999 -9999 100.462 100.5 100.537 100.572 100.605 100.638 100.67 100.701 100.731 100.754 100.772 100.788 100.798 100.799 100.802 100.804 100.807 100.809 100.81 100.81 100.808 100.801 100.788 100.773 100.758 100.742 100.725 100.706 100.684 100.66 100.636 100.612 100.586 100.558 100.528 100.497 100.475 100.459 100.448 100.437 100.427 100.416 100.407 100.398 100.389 100.381 100.372 100.362 100.352 100.342 100.33 100.32 100.324 100.341
-9999 -9999 -9999 -9999 -9999 -9999 -9999 -9999 -9999 -9999 -9999 -9999 -9999 -9999 -9999 -9999 -9999 -9999 -9999 100.423 100.46 100.498 100.533 100.567 100.6 100.632 100.663 100.692 100.717 100.74 100.76 100.776 100.784 100.787 100.79 100.793 100.797 100.8 100.803 100.804 100.803 100.798 100.786 100.771 100.755 100.739 100.722 100.702 100.68 100.656 100.632 100.607 100.58 100.551 100.521 100.497 100.478 100.467 100.456 100.445 100.435 100.426 100.417 100.41 100.403 100.397 100.39 100.384 100.378 100.371 100.365 100.36 100.364 100.382
-9999 -9999 -9999 -9999 -9999 -9999 -9999 -9999 -9999 -9999 -9999 -9999 -9999 -9999 -9999 -9999 -9999 -9999 100.386 100.419 100.458 100.494 100.529 100.562 100.595 100.625 100.653 100.678 100.703 100.727 100.747 100.764 100.772 100.775 100.779 100.783 100.787 100.791 100.795 100.798 100.799 100.795 100.785 100.77 100.754 100.737 100.72 100.699 100.676 100.652 100.626 100.599 100.572 100.544 100.517 100.497 100.483 100.472 100.462 100.451 100.442 100.434 100.427 100.421 100.416 100.412 100.409 100.405 100.402 100.399 100.397 100.396 100.402 100.429
-9999 -9999 -9999 -9999 -9999 -9999 -9999 -9999 -9999 -9999 -9999 -9999 -9999 -9999 -9999 -9999 100.321 100.355 100.384 100.417 100.454 100.49 100.524 100.567 100.628 100.645 100.64 100.679 100.743 100.753 100.735 100.751 100.76 100.764 100.769 100.774 100.778 100.783 100.787 100.792 100.794 100.793 100.785 100.77 100.754 100.737 100.718 100.696 100.67 100.644 100.617 100.59 100.563 100.535 100.515 100.5 100.489 100.478 100.467 100.457 100.447 100.44 100.435 100.431 100.429 100.428 100.427 100.426 100.426 100.426 100.428 100.43 100.439 100.473
-9999 -9999 -9999 -9999 -9999 -9999 -9999 -9999 -9999 -9999 -9999 -9999 -9999 -9999 -9999 100.285 100.326 100.357 100.384 -9999 -9999 -9999 -9999 100.556 100.623 100.625 100.628 100.682 100.729 100.723 100.721 100.739 100.748 100.754 100.759 100.764 100.77 100.775 100.78 100.785 100.79 100.791 100.786 100.771 100.754 100.736 100.714 100.688 100.662 100.635 100.609 100.582 100.555 100.531 100.515 100.505 100.494 100.483 100.473 100.462 100.452 100.445 100.442 100.442 100.443 100.444 100.445 100.448 100.45 100.454 100.458 100.464 100.475 100.516
-9999 -9999 -9999 -9999 -9999 -9999 -9999 -9999 -9999 -9999 -9999 -9999 -9999 -9999 -9999 100.308 100.327 100.356 -9999 -9999 -9999 -9999 -9999 100.535 100.577 100.591 100.615 100.652 100.675 100.686 100.708 100.726 100.736 100.743 100.749 100.755 100.761 100.767 100.773 100.779 100.785 100.789 100.786 100.773 100.754 100.731 100.706 100.68 100.654 100.627 100.601 100.574 100.547 100.529 100.518 100.509 100.499 100.489 100.479 100.468 100.458 100.45 100.449 100.452 100.456 100.46 100.465 100.47 100.475 100.482 100.489 100.498 100.516 100.562
-9999 -9999 -9999 -9999 -9999 -9999 -9999 -9999 -9999 -9999 -9999 -9999 -9999 -9999 -9999 -9999 -9999 100.364 -9999 -9999 -9999 -9999 -9999 100.524 100.553 100.579 100.603 100.627 100.651 100.676 100.7 100.719 100.731 100.739 100.746 100.753 100.759 100.765 100.771 100.776 100.782 100.787 100.785 100.772 100.748 100.724 100.699 100.672 100.645 100.619 100.593 100.566 100.543 100.528 100.521 100.514 100.505 100.495 100.486 100.476 100.467 100.461 100.461 100.465 100.471 100.478 100.484 100.491 100.499 100.507 100.518 100.53 100.554 100.606
-9999 -9999 -9999 -9999 -9999 -9999 -9999 -9999 -9999 -9999 -9999 -9999 -9999 -9999 -9999 -9999 -9999 -9999 -9999 -9999 -9999 -9999 -9999 100.518 100.542 100.57 100.597 100.624 100.649 100.692 100.768 100.769 100.73 100.738 100.746 100.753 100.759 100.765 100.77 100.776 100.781 100.785 100.781 100.766 100.743 100.717 100.689 100.663 100.637 100.611 100.585 100.559 100.54 100.53 100.524 100.518 100.51 100.502 100.494 100.486 100.48 100.476 100.476 100.48 100.486 100.493 100.502 100.511 100.521 100.532 100.544 100.559 100.588 100.646
-9999 -9999 -9999 -9999 -9999 -9999 -9999 -9999 -9999 -9999 -9999 -9999 -9999 -9999 -9999 -9999 -9999 -9999 -9999 -9999 -9999 -9999 -9999 -9999 100.542 100.572 100.599 100.625 100.649 100.706 100.746 100.733 100.729 100.737 100.744 100.752 100.758 100.765 100.77 100.775 100.778 100.778 100.773 100.76 100.739 100.712 100.684 100.656 100.628 100.602 100.577 100.552 100.538 100.532 100.527 100.522 100.516 100.509 100.503 100.497 100.493 100.49 100.49 100.494 100.5 100.508 100.518 100.53 100.542 100.555 100.57 100.587 100.621 100.682
-9999 -9999 -9999 -9999 -9999 -9999 -9999 -9999 -9999 -9999 -9999 -9999 -9999 -9999 -9999 -9999 -9999 -9999 -9999 -9999 -9999 -9999 -9999 100.494 100.527 100.56 100.6 100.638 100.698 100.74 100.791 100.778 100.727 100.735 100.743 100.75 100.757 100.763 100.768 100.772 100.772 100.769 100.764 100.753 100.735 100.709 100.681 100.653 100.625 100.596 100.568 100.548 100.537 100.533 100.529 100.526 100.521 100.516 100.511 100.506 100.503 100.502 100.503 100.507 100.514 100.523 100.534 100.547 100.562 100.577 100.594 100.613 100.651 100.717
-9999 -9999 -9999 -9999 -9999 -9999 -9999 -9999 -9999 -9999 -9999 -9999 -9999 -9999 -9999 -9999 -9999 -9999 -9999 -9999 -9999 -9999 -9999 100.485 100.506 100.549 100.6 100.643 100.665 100.718 100.782 100.752 100.725 100.734 100.741 100.748 100.754 100.76 100.765 100.766 100.764 100.76 100.755 100.746 100.731 100.706 100.679 100.652 100.623 100.594 100.566 100.544 100.537 100.534 100.531 100.529 100.526 100.522 100.517 100.514 100.512 100.512 100.515 100.52 100.527 100.537 100.549 100.563 100.581 100.598 100.617 100.637 100.679 100.751
-9999 -9999 -9999 -9999 -9999 -9999 -9999 -9999 -9999 -9999 -9999 -9999 -9999 -9999 -9999 -9999 -9999 -9999 -9999 -9999 -9999 -9999 -9999 100.524 100.537 100.576 100.6 100.619 100.632 100.68 100.709 100.707 100.722 100.732 100.74 100.746 100.752 100.757 100.759 100.758 100.755 100.752 100.747 100.739 100.724 100.703 100.677 100.651 100.623 100.595 100.566 100.547 100.538 100.534 100.532 100.531 100.529 100.525 100.522 100.52 100.52 100.521 100.525 100.53 100.539 100.549 100.562 100.578 100.596 100.617 100.638 100.66 100.707 100.782
-9999 -9999 -9999 -9999 -9999 -9999 -9999 -9999 -9999 -9999 -9999 -9999 -9999 -9999 -9999 -9999 -9999 -9999 -9999 -9999 -9999 -9999 -9999 -9999 100.552 100.576 100.599 100.622 100.66 100.68 100.684 100.704 100.719 100.73 100.738 100.745 100.751 100.754 100.752 100.75 100.747 100.744 100.738 100.73 100.718 100.7 100.676 100.65 100.623 100.595 100.568 100.553 100.545 100.537 100.533 100.531 100.53 100.528 100.526 100.525 100.526 100.528 100.533 100.54 100.549 100.56 100.574 100.59 100.609 100.632 100.656 100.683 100.734 100.813
-9999 -9999 -9999 -9999 -9999 -9999 -9999 -9999 -9999 -9999 -9999 -9999 -9999 -9999 -9999 -9999 -9999 -9999 -9999 -9999 -9999 -9999 -9999 -9999 100.555 100.582 100.622 100.651 100.667 100.674 100.681 100.701 100.717 100.728 100.737 100.744 100.749 100.748 100.746 100.743 100.74 100.736 100.73 100.721 100.71 100.695 100.674 100.649 100.623 100.596 100.572 100.56 100.552 100.544 100.535 100.53 100.53 100.529 100.528 100.529 100.531 100.534 100.539 100.547 100.557 100.569 100.583 100.6 100.621 100.645 100.674 100.705 100.759 100.84
-9999 -9999 -9999 -9999 -9999 -9999 -9999 -9999 -9999 -9999 -9999 -9999 -9999 -9999 -9999 -9999 -9999 -9999 -9999 -9999 -9999 -9999 -9999 100.553 100.56 100.599 100.651 100.662 100.661 100.671 100.678 100.698 100.715 100.727 100.735 100.742 100.744 100.743 100.741 100.738 100.734 100.729 100.721 100.712 100.701 100.688 100.671 100.648 100.623 100.596 100.575 100.565 100.558 100.55 100.541 100.533 100.529 100.529 100.529 100.53 100.533 100.538 100.544 100.552 100.563 100.575 100.591 100.609 100.631 100.657 100.689 100.727 100.784 100.865
-9999 -9999 -9999 -9999 -9999 -9999 -9999 -9999 -9999 -9999 -9999 -9999 -9999 -9999 -9999 -9999 -9999 -9999 -9999 -9999 -9999 -9999 -9999 100.56 100.572 100.611 100.644 100.659 100.705 100.703 100.677 100.696 100.713 100.727 100.735 100.74 100.74 100.739 100.736 100.733 100.728 100.721 100.713 100.703 100.693 100.682 100.667 100.647 100.622 100.596 100.577 100.568 100.561 100.553 100.546 100.538 100.531 100.528 100.528 100.53 100.534 100.539 100.547 100.556 100.567 100.58 100.596 100.616 100.639 100.668 100.703 100.746 100.806 100.886
-9999 -9999 -9999 -9999 -9999 -9999 -9999 -9999 -9999 -9999 -9999 -9999 -9999 -9999 -9999 -9999 -9999 -9999 -9999 -9999 -9999 -9999 -9999 100.573 100.587 100.61 100.623 100.662 100.708 100.693 100.681 100.698 100.714 100.726 100.735 100.737 100.736 100.735 100.779 100.857 100.699 100.719 100.79 100.774 100.746 100.742 100.725 100.643 100.622 100.597 100.578 100.569 100.563 100.556 100.549 100.543 100.536 100.529 100.526 100.529 100.534 100.54 100.547 100.557 100.569 100.583 100.6 100.621 100.647 100.678 100.715 100.763 100.825 100.904
-9999 -9999 -9999 -9999 -9999 -9999 -9999 -9999 -9999 -9999 -9999 -9999 -9999 -9999 -9999 -9999 -9999 -9999 -9999 -9999 -9999 -9999 100.577 100.589 100.603 100.615 100.628 100.682 100.77 100.745 100.688 100.703 100.718 100.781 100.934 100.978 101.102 101.049 100.971 100.86 100.779 100.834 100.886 100.85 100.794 100.8 100.771 100.724 100.616 100.61 100.641 100.616 100.564 100.558 100.551 100.546 100.54 100.534 100.526 100.526 100.531 100.538 100.547 100.557 100.57 100.584 100.603 100.626 100.654 100.687 100.726 100.776 100.839 100.917
-9999 -9999 -9999 -9999 -9999 -9999 -9999 -9999 -9999 -9999 -9999 -9999 -9999 -9999 -9999 -9999 -9999 -9999 -9999 -9999 -9999 100.576 100.59 100.605 100.619 100.632 100.644 100.707 100.754 100.717 100.696 100.793 101.043 101.028 100.734 100.869 101.062 100.968 100.93 100.878 100.85 100.87 100.849 100.817 100.814 100.843 100.916 100.817 100.691 100.685 100.641 100.606 100.588 100.572 100.553 100.548 100.543 100.536 100.529 100.524 100.528 100.535 100.544 100.555 100.568 100.585 100.606 100.63 100.659 100.693 100.735 100.787 100.85 100.926
-9999 -9999 -9999 -9999 -9999 -9999 -9999 -9999 -9999 -9999 -9999 -9999 -9999 -9999 -9999 -9999 -9999 -9999 -9999 100.557 100.572 100.591 100.607 100.622 100.636 100.648 100.66 100.694 100.734 100.842 101.054 101.196 101.216 100.968 100.686 100.879 101.123 101.093 101.07 101.022 100.93 100.882 100.774 100.793 100.854 100.896 100.903 100.809 100.728 100.674 100.608 100.602 100.673 100.622 100.559 100.55 100.543 100.537 100.53 100.524 100.523 100.529 100.539 100.55 100.566 100.585 100.608 100.634 100.663 100.698 100.742 100.796 100.856 100.929
