Validation/Results/raw data/ReClimate_11_2023_2_Temperature-Actualsweatherlogisticsltd.asc
NCOLS 192
NROWS 249
XLLCENTER -225160.85627316462
YLLCENTER 29788.11610251502
CELLSIZE 5000.0
NODATA_VALUE -9999
[rows 102 to 135 of 249, columns 77 to 153 of 192]
2.981 2.966 4.802 5.534 -9999 -9999 4.527 -9999 -9999 4.265 2.081 1.759 3.15 2.449 0.69 2.171 1.249 1.155 1.249 1.667 3.183 2.466 1.697 0.895 1.322 2.139 1.548 1.774 2.783 3.479 3.824 3.709 3.31 2.734 3.559 3.816 3.933 4.164 4.209 4.389 -9999 -9999 -9999 -9999 -9999 -9999 -9999 -9999 -9999 -9999 -9999 -9999 -9999 -9999 -9999 -9999 -9999 -9999 -9999 -9999 -9999 -9999 -9999 -9999 -9999 -9999 -9999 -9999 -9999 -9999 -9999 -9999 -9999 -9999 -9999 -9999 -9999
3.325 4.511 -9999 -9999 -9999 5.116 4.013 4.245 3.756 3.526 2.575 3.911 3.523 2.241 2.309 2.695 2.694 2.537 2.408 2.55 1.801 2.488 1.738 1.889 1.65 1.35 1.907 2.556 3.264 3.74 3.84 3.616 3.108 3.73 4.219 -9999 -9999 4.456 -9999 -9999 -9999 -9999 -9999 -9999 -9999 -9999 -9999 -9999 -9999 -9999 -9999 -9999 -9999 -9999 -9999 -9999 -9999 -9999 -9999 -9999 -9999 -9999 -9999 -9999 -9999 -9999 -9999 -9999 -9999 -9999 -9999 -9999 -9999 -9999 -9999 -9999 -9999
-9999 4.772 -9999 -9999 -9999 4.831 3.862 3.585 3.464 3.692 4.058 3.223 2.207 2.149 2.713 3.078 2.621 2.112 2.61 2.235 3.33 2.525 2.233 2.851 3.203 3.402 3.262 3.596 3.821 3.812 3.909 3.913 3.888 4.298 -9999 4.165 4.277 4.297 4.384 -9999 -9999 -9999 -9999 -9999 -9999 -9999 -9999 -9999 -9999 -9999 -9999 -9999 -9999 -9999 -9999 -9999 -9999 -9999 -9999 -9999 -9999 -9999 -9999 -9999 -9999 -9999 -9999 -9999 -9999 -9999 -9999 -9999 -9999 -9999 -9999 -9999 -9999
-9999 -9999 -9999 5.361 4.9 4.018 3.817 3.365 3.659 3.396 2.516 2.022 1.97 2.931 2.891 3.405 2.147 3.05 1.802 3.124 2.129 1.312 2.878 3.445 3.254 3.511 3.885 3.833 4.043 4.118 4.136 4.202 -9999 4.283 4.182 4.216 4.135 4.334 4.358 -9999 -9999 -9999 -9999 -9999 -9999 -9999 -9999 -9999 -9999 -9999 -9999 -9999 -9999 -9999 -9999 -9999 -9999 -9999 -9999 -9999 -9999 -9999 -9999 -9999 -9999 -9999 -9999 -9999 -9999 -9999 -9999 -9999 -9999 -9999 -9999 -9999 -9999
-9999 -9999 -9999 5.202 5.294 4.649 3.612 3.645 3.942 2.91 3.579 3.397 2.97 2.312 3.627 3.694 2.796 2.023 2.611 2.588 1.473 2.263 2.221 2.003 2.903 3.393 3.534 3.773 3.743 3.514 3.469 3.392 3.668 4.184 4.337 4.014 3.795 4.036 4.152 4.541 -9999 -9999 -9999 -9999 -9999 -9999 -9999 -9999 -9999 -9999 -9999 -9999 -9999 -9999 -9999 -9999 -9999 -9999 -9999 -9999 -9999 -9999 -9999 -9999 -9999 -9999 -9999 -9999 -9999 -9999 -9999 -9999 -9999 -9999 -9999 -9999 -9999
-9999 -9999 5.365 -9999 -9999 4.483 3.696 4.215 3.365 3.705 -9999 -9999 2.684 2.567 3.37 3.799 2.814 2.802 2.933 2.558 2.663 3.089 2.699 3.001 3.35 3.66 3.32 2.792 2.342 2.571 2.771 3.242 3.664 3.845 4.183 3.701 3.766 3.74 4.06 4.475 4.775 -9999 -9999 -9999 -9999 -9999 -9999 -9999 -9999 -9999 -9999 -9999 -9999 -9999 -9999 -9999 -9999 -9999 -9999 -9999 -9999 -9999 -9999 -9999 -9999 -9999 -9999 -9999 -9999 -9999 -9999 -9999 -9999 -9999 -9999 -9999 -9999
-9999 -9999 5.415 -9999 5.103 4.461 4.438 3.454 3.512 4.593 4.67 3.216 2.594 3.378 4.997 3.32 2.112 3.638 3.462 3.01 3.37 3.595 3.684 3.892 3.796 2.857 1.987 2.001 2.501 2.886 3.377 3.585 3.571 3.853 3.977 4.084 4.4 4.662 4.816 5.022 -9999 -9999 -9999 -9999 -9999 -9999 -9999 -9999 -9999 -9999 -9999 -9999 -9999 -9999 -9999 -9999 -9999 -9999 -9999 -9999 -9999 -9999 -9999 -9999 -9999 -9999 -9999 -9999 -9999 -9999 -9999 -9999 -9999 -9999 -9999 -9999 -9999
-9999 -9999 5.465 -9999 5.075 5.057 4.377 4.18 4.68 -9999 3.368 3.634 -9999 3.638 3.659 3.319 4.015 2.887 3.706 3.93 4.227 4.287 4.43 4.445 4.011 3.152 3.585 3.807 3.777 3.58 3.437 3.669 3.748 4.136 4.366 4.659 -9999 -9999 -9999 -9999 -9999 -9999 -9999 -9999 -9999 -9999 -9999 -9999 -9999 -9999 -9999 -9999 -9999 -9999 -9999 -9999 -9999 -9999 -9999 -9999 -9999 -9999 -9999 -9999 -9999 -9999 -9999 -9999 -9999 -9999 -9999 -9999 -9999 -9999 -9999 -9999 -9999
5.488 5.42 -9999 -9999 5.436 4.976 4.576 4.925 4.818 3.191 3.474 2.656 -9999 4.321 3.539 3.971 4.015 3.865 3.83 4.146 4.025 3.861 3.715 3.821 4.196 4.608 4.557 4.388 4.04 3.676 3.611 3.801 3.984 4.204 4.618 -9999 -9999 -9999 -9999 -9999 -9999 -9999 -9999 -9999 -9999 -9999 -9999 -9999 -9999 -9999 -9999 -9999 -9999 -9999 -9999 -9999 -9999 -9999 -9999 -9999 -9999 -9999 -9999 -9999 -9999 -9999 -9999 -9999 -9999 -9999 -9999 -9999 -9999 -9999 -9999 -9999 -9999
5.611 5.577 -9999 5.654 4.455 4.39 5.109 -9999 3.72 3.795 2.793 2.904 -9999 4.055 3.227 4.066 4.784 4.585 4.591 4.268 3.909 3.515 2.938 3.308 4.153 4.547 -9999 4.697 4.404 4.221 4.174 4.123 3.986 4.372 -9999 -9999 -9999 -9999 -9999 -9999 -9999 -9999 -9999 -9999 -9999 -9999 -9999 -9999 -9999 -9999 -9999 -9999 -9999 -9999 -9999 -9999 -9999 -9999 -9999 -9999 -9999 -9999 -9999 -9999 -9999 -9999 -9999 -9999 -9999 -9999 -9999 -9999 -9999 -9999 -9999 -9999 -9999
5.879 -9999 -9999 5.213 4.067 4.882 -9999 4.588 4.116 3.726 3.214 3.831 -9999 4.768 4.459 4.659 4.81 4.631 4.382 4.018 2.584 2.417 2.579 3.107 4.012 4.678 4.882 4.987 -9999 -9999 4.676 4.546 -9999 -9999 -9999 -9999 -9999 -9999 5.068 5.148 5.266 -9999 -9999 -9999 -9999 -9999 -9999 -9999 -9999 -9999 -9999 -9999 -9999 -9999 -9999 -9999 -9999 -9999 -9999 -9999 -9999 -9999 -9999 -9999 -9999 -9999 -9999 -9999 -9999 -9999 -9999 -9999 -9999 -9999 -9999 -9999 -9999
-9999 -9999 5.074 4.64 5.241 4.798 -9999 4.707 3.977 4.345 4.407 3.645 -9999 -9999 -9999 4.977 4.516 3.915 3.782 3.564 3.529 3.731 3.642 3.812 3.946 4.155 4.437 4.753 4.845 4.658 4.517 4.755 -9999 -9999 -9999 -9999 -9999 4.819 4.966 4.881 5.096 5.214 -9999 -9999 -9999 -9999 -9999 -9999 -9999 -9999 -9999 -9999 -9999 -9999 -9999 -9999 -9999 -9999 -9999 -9999 -9999 -9999 -9999 -9999 -9999 -9999 -9999 -9999 -9999 -9999 -9999 -9999 -9999 -9999 -9999 -9999 -9999
-9999 -9999 -9999 5.673 4.546 5.008 -9999 4.704 -9999 4.851 4.005 4.858 -9999 5.184 4.509 4.294 -9999 4.311 4.528 4.425 4.462 4.244 4.148 3.867 3.715 3.745 4.009 4.241 3.998 4.011 4.429 4.653 4.759 4.773 4.95 -9999 4.879 4.718 4.641 4.706 4.427 4.244 4.302 5.19 -9999 -9999 -9999 -9999 -9999 -9999 -9999 -9999 -9999 -9999 -9999 -9999 -9999 -9999 -9999 -9999 -9999 -9999 -9999 -9999 -9999 -9999 -9999 -9999 -9999 -9999 -9999 -9999 -9999 -9999 -9999 -9999 -9999
-9999 -9999 -9999 4.868 4.092 5.088 -9999 5.557 -9999 5.072 5.316 -9999 5.172 4.234 3.707 4.26 4.647 4.778 4.736 4.874 4.72 4.275 4.195 3.889 3.543 3.526 3.657 3.849 3.96 4.02 4.199 4.225 4.198 4.206 4.662 4.745 4.396 4.365 4.302 4.159 3.654 3.405 3.309 3.766 4.698 4.991 4.838 -9999 -9999 -9999 -9999 -9999 -9999 -9999 -9999 -9999 -9999 -9999 -9999 -9999 -9999 -9999 -9999 -9999 -9999 -9999 -9999 -9999 -9999 -9999 -9999 -9999 -9999 -9999 -9999 -9999 -9999
-9999 -9999 -9999 4.839 5.082 4.883 4.925 -9999 -9999 5.857 5.698 -9999 5.198 3.827 3.363 4.065 4.381 4.743 4.889 4.852 4.716 4.798 4.487 4.087 3.747 3.32 3.382 3.652 3.836 3.737 3.492 3.331 3.192 3.842 4.466 4.329 4.062 3.915 3.594 2.739 2.63 2.968 2.996 3.412 3.599 4.342 4.82 4.782 -9999 -9999 -9999 -9999 -9999 -9999 -9999 -9999 -9999 -9999 -9999 -9999 -9999 -9999 -9999 -9999 -9999 -9999 -9999 -9999 -9999 -9999 -9999 -9999 -9999 -9999 -9999 -9999 -9999
-9999 -9999 -9999 5.359 5.132 4.618 5.73 -9999 -9999 6.044 6.086 -9999 -9999 3.889 3.716 4.255 4.156 4.078 4.345 4.44 4.544 4.284 4.502 4.44 3.968 3.604 3.302 3.274 3.121 3.099 2.733 2.681 3.197 3.632 3.761 3.684 3.47 3.173 2.664 2.56 2.542 2.856 3.108 3.427 3.988 4.227 4.248 4.628 -9999 -9999 -9999 -9999 -9999 -9999 -9999 -9999 -9999 -9999 -9999 -9999 -9999 -9999 -9999 -9999 -9999 -9999 -9999 -9999 -9999 -9999 -9999 -9999 -9999 -9999 -9999 -9999 -9999
-9999 -9999 -9999 5.635 4.924 5.161 -9999 -9999 -9999 -9999 6.238 -9999 5.377 4.14 4.423 4.482 3.932 3.733 3.676 3.976 3.987 4.037 4.086 4.214 4.177 3.513 3.104 3.051 3.083 2.82 2.637 2.983 3.222 3.201 3.136 2.686 2.78 2.963 3.083 2.995 2.872 3.088 3.327 3.712 4.164 4.236 4.344 4.691 4.783 -9999 -9999 -9999 -9999 -9999 -9999 -9999 -9999 -9999 -9999 -9999 -9999 -9999 -9999 -9999 -9999 -9999 -9999 -9999 -9999 -9999 -9999 -9999 -9999 -9999 -9999 -9999 -9999
-9999 5.249 5.153 4.915 5.151 -9999 -9999 4.841 -9999 -9999 -9999 -9999 5.54 4.916 4.868 4.58 4.234 3.823 3.57 3.493 3.371 3.37 3.651 3.859 3.922 3.82 3.213 3.167 3.066 3.09 3.36 3.311 2.924 2.967 2.173 1.887 2.402 2.828 3.107 3.351 3.304 3.473 3.522 3.87 4.296 4.4 4.492 4.612 4.723 -9999 -9999 -9999 -9999 -9999 -9999 -9999 -9999 -9999 -9999 -9999 -9999 -9999 -9999 -9999 -9999 -9999 -9999 -9999 -9999 -9999 -9999 -9999 -9999 -9999 -9999 -9999 -9999
-9999 -9999 4.767 4.79 5.386 -9999 4.81 4.113 4.771 -9999 -9999 -9999 -9999 5.658 5.308 5.078 4.72 4.332 3.953 3.494 3.355 3.49 3.657 3.702 3.827 3.474 3.526 3.363 3.214 3.159 3.245 2.875 3.397 2.932 2.768 2.626 2.262 2.542 3.259 3.474 3.743 3.822 3.878 4.156 4.389 4.473 4.504 4.379 4.442 4.752 -9999 -9999 -9999 -9999 -9999 -9999 -9999 -9999 -9999 -9999 -9999 -9999 -9999 -9999 -9999 -9999 -9999 -9999 -9999 -9999 -9999 -9999 -9999 -9999 -9999 -9999 -9999
-9999 -9999 5.179 4.908 5.153 -9999 5.14 4.122 4.945 -9999 -9999 -9999 -9999 -9999 5.61 5.371 5.108 4.929 4.528 4.175 3.89 3.489 3.092 3.187 3.414 3.597 3.647 3.386 3.233 3.361 3.203 3.266 3.502 3.244 3.13 3.135 3.472 3.545 3.776 3.806 4.01 3.917 4.121 4.434 4.519 4.591 4.527 4.412 4.172 4.47 4.922 -9999 -9999 -9999 -9999 -9999 -9999 -9999 -9999 -9999 -9999 -9999 -9999 -9999 -9999 -9999 -9999 -9999 -9999 -9999 -9999 -9999 -9999 -9999 -9999 -9999 -9999
-9999 -9999 5.089 4.721 -9999 -9999 5.581 4.641 4.454 5.395 -9999 -9999 -9999 -9999 -9999 5.484 5.029 4.673 4.5 3.899 3.349 3.048 2.726 2.783 3.058 3.393 3.193 3.325 3.294 3.114 3.082 3.378 2.197 2.852 2.683 3.287 2.9 3.396 3.929 3.817 3.991 4.241 4.394 4.273 4.107 4.157 4.364 4.286 4.58 4.243 4.692 5.103 5.62 -9999 -9999 -9999 -9999 -9999 -9999 -9999 -9999 -9999 -9999 -9999 -9999 -9999 -9999 -9999 -9999 -9999 -9999 -9999 -9999 -9999 -9999 -9999 -9999
-9999 -9999 4.906 5.571 -9999 -9999 5.186 4.199 4.391 -9999 -9999 -9999 -9999 -9999 -9999 5.47 4.941 4.624 4.34 3.848 3.591 3.479 3.165 3.026 2.925 2.987 3.017 3.032 2.439 2.059 2.889 2.066 1.623 1.941 2.888 2.761 3.238 3.884 3.609 3.74 4.007 4.024 4.097 4.174 4.085 4.151 3.791 3.742 4.442 4.431 4.309 4.878 5.379 -9999 -9999 -9999 -9999 -9999 -9999 -9999 -9999 -9999 -9999 -9999 -9999 -9999 -9999 -9999 -9999 -9999 -9999 -9999 -9999 -9999 -9999 -9999 -9999
-9999 -9999 5.346 6.161 -9999 -9999 -9999 5.376 5.166 5.385 -9999 -9999 -9999 -9999 -9999 5.463 4.983 4.661 4.42 4.113 3.939 3.368 2.68 2.406 2.781 2.735 3.083 2.905 2.551 2.506 2.903 1.662 2.101 2.658 2.417 2.777 3.568 3.358 3.658 3.666 3.817 4.105 4.009 3.883 3.955 3.689 2.706 3.084 3.744 4.442 4.356 4.547 5.106 -9999 -9999 -9999 -9999 -9999 -9999 -9999 -9999 -9999 -9999 -9999 -9999 -9999 -9999 -9999 -9999 -9999 -9999 -9999 -9999 -9999 -9999 -9999 -9999
-9999 5.028 5.349 6.106 -9999 -9999 -9999 -9999 -9999 -9999 -9999 -9999 -9999 -9999 -9999 5.142 4.677 4.478 4.258 4.017 3.805 3.137 2.732 2.639 2.835 2.927 2.609 2.709 2.16 2.343 1.818 1.536 2.065 2.631 2.417 2.8 2.972 3.411 3.448 3.75 3.738 3.69 3.89 3.679 3.611 2.773 2.646 2.603 3.707 4.503 4.587 4.561 4.936 5.812 -9999 -9999 -9999 -9999 -9999 -9999 -9999 -9999 -9999 -9999 -9999 -9999 -9999 -9999 -9999 -9999 -9999 -9999 -9999 -9999 -9999 -9999 -9999
5.072 5.077 5.126 6.234 -9999 -9999 -9999 -9999 -9999 -9999 -9999 -9999 -9999 5.545 5.304 4.867 4.339 3.87 3.572 3.685 3.665 3.51 3.29 3.553 3.107 2.359 2.427 2.469 2.509 2.812 2.407 1.669 2.789 2.645 2.677 2.835 3.186 3.494 3.793 3.33 3.406 3.664 3.635 3.443 2.892 2.791 2.783 2.928 3.634 4.556 4.696 4.573 4.925 5.526 -9999 -9999 -9999 -9999 -9999 -9999 -9999 -9999 -9999 -9999 -9999 -9999 -9999 -9999 -9999 -9999 -9999 -9999 -9999 -9999 -9999 -9999 -9999
5.078 5.526 6.255 -9999 -9999 -9999 -9999 -9999 -9999 -9999 -9999 -9999 -9999 5.459 5.241 4.685 3.945 3.534 3.572 3.07 2.763 2.826 2.781 3.023 3.081 3.145 2.968 2.597 2.889 3.253 2.942 2.65 2.112 2.567 2.451 3.008 3.315 3.823 3.469 3.32 3.446 3.436 3.123 2.65 2.472 2.882 3.222 3.568 4.065 4.062 4.053 4.356 4.791 5.42 -9999 -9999 -9999 -9999 -9999 -9999 -9999 -9999 -9999 -9999 -9999 -9999 -9999 -9999 -9999 -9999 -9999 -9999 -9999 -9999 -9999 -9999 -9999
-9999 -9999 -9999 -9999 -9999 -9999 -9999 -9999 -9999 -9999 -9999 -9999 -9999 5.329 4.923 3.994 3.766 3.547 3.34 2.621 2.572 2.084 2.416 2.735 3.108 3.253 2.942 1.913 2.388 3.437 3.457 2.397 2.381 2.649 2.755 2.743 3.359 2.993 2.842 3.082 2.779 2.572 2.308 3.001 3.157 3.237 3.355 3.579 4.263 4.377 4.204 4.361 4.932 5.496 -9999 -9999 -9999 -9999 -9999 -9999 -9999 -9999 -9999 -9999 -9999 -9999 -9999 -9999 -9999 -9999 -9999 -9999 -9999 -9999 -9999 -9999 -9999
-9999 -9999 -9999 -9999 -9999 -9999 -9999 -9999 -9999 -9999 -9999 -9999 5.28 4.624 3.814 3.752 3.32 3.448 3.363 3.222 2.381 2.439 2.366 2.712 3.021 3.789 3.355 2.824 2.993 3.45 3.594 3.211 3.031 2.947 2.822 2.885 2.526 3.107 3.308 3.09 2.82 1.951 2.71 2.676 3.103 3.532 3.415 3.591 3.607 4.239 4.518 4.731 5.086 5.491 -9999 -9999 -9999 -9999 -9999 -9999 -9999 -9999 -9999 -9999 -9999 -9999 -9999 -9999 -9999 -9999 -9999 -9999 -9999 -9999 -9999 -9999 -9999
-9999 -9999 -9999 -9999 -9999 -9999 -9999 -9999 -9999 -9999 -9999 -9999 4.738 4.17 3.706 2.914 3.102 3.516 3.452 2.776 3.295 2.911 2.809 3.165 3.615 4.374 4.154 3.607 3.342 3.452 4.07 3.739 3.55 3.448 3.369 2.736 3.505 3.028 3.344 3.318 2.148 3.097 2.761 2.933 3.346 3.308 3.739 3.694 3.473 3.949 4.438 4.731 5.136 5.552 -9999 -9999 -9999 -9999 -9999 -9999 -9999 -9999 -9999 -9999 -9999 -9999 -9999 -9999 -9999 -9999 -9999 -9999 -9999 -9999 -9999 -9999 -9999
-9999 -9999 -9999 -9999 -9999 -9999 -9999 -9999 -9999 -9999 -9999 5.072 4.308 4.147 3.24 3.394 3.115 2.411 2.849 3.322 3.533 3.165 3.378 3.583 3.7 4.06 4.077 3.764 3.78 4.467 4.44 4.085 3.623 3.534 2.927 3.722 3.455 3.069 3.68 2.786 2.668 3.257 3.495 3.686 3.314 3.4 3.6 3.502 3.842 4.182 4.552 4.835 5.145 5.503 5.859 -9999 -9999 -9999 -9999 -9999 -9999 -9999 -9999 -9999 -9999 -9999 -9999 -9999 -9999 -9999 -9999 -9999 -9999 -9999 -9999 -9999 -9999
-9999 -9999 -9999 -9999 -9999 -9999 -9999 -9999 -9999 -9999 5.115 4.677 4.293 4.139 3.939 3.73 3.135 3.185 3.109 2.866 3.874 3.859 3.781 3.613 3.696 3.964 4.203 4.518 4.692 4.467 4.669 4.34 3.908 3.588 3.793 4.038 3.75 3.72 3.901 2.994 2.756 3.078 3.253 3.395 3.486 3.784 3.814 3.667 4.103 4.336 4.538 4.772 5.132 5.46 5.867 -9999 -9999 -9999 -9999 -9999 -9999 -9999 -9999 -9999 -9999 -9999 -9999 -9999 -9999 -9999 -9999 -9999 -9999 -9999 -9999 -9999 -9999
-9999 -9999 -9999 -9999 -9999 -9999 -9999 -9999 -9999 -9999 4.969 3.664 4.098 4.145 4.151 4.248 3.69 2.683 2.852 3.784 4.017 4.216 4.078 3.965 3.849 3.726 4.666 4.951 4.824 4.841 4.491 4.492 4.063 4.13 4.112 4.329 4.104 4.122 3.741 3.502 3.177 3.087 3.288 3.386 3.87 4.198 4.101 4.065 4.101 4.282 4.6 4.952 5.078 5.32 5.726 -9999 -9999 -9999 -9999 -9999 -9999 -9999 -9999 -9999 -9999 -9999 -9999 -9999 -9999 -9999 -9999 -9999 -9999 -9999 -9999 -9999 -9999
-9999 -9999 -9999 -9999 -9999 -9999 -9999 -9999 -9999 5.331 4.06 4.034 4.004 4.074 4.334 4.463 3.744 3.328 3.64 3.701 4.106 4.251 4.368 4.096 3.812 4.414 4.613 4.849 5.275 4.881 4.816 4.626 4.603 4.466 4.52 4.648 4.563 4.151 4.285 3.88 3.268 3.432 3.448 3.622 3.757 4.186 4.321 4.62 4.387 4.411 4.672 5.03 5.244 5.29 5.555 6.104 -9999 -9999 -9999 -9999 -9999 -9999 -9999 -9999 -9999 -9999 -9999 -9999 -9999 -9999 -9999 -9999 -9999 -9999 -9999 -9999 -9999
-9999 -9999 -9999 -9999 -9999 -9999 -9999 -9999 5.567 -9999 4.716 4.155 4.085 4.175 4.525 4.819 4.478 4.465 4.003 3.528 4.011 4.423 4.544 4.49 4.509 4.614 4.678 4.984 5.201 5.016 5.193 5.086 4.936 4.812 4.921 5.043 4.963 4.792 4.527 4.185 4.149 3.897 3.844 3.861 4.142 4.477 4.978 4.546 4.286 4.569 4.818 5.048 5.274 5.44 5.578 5.917 -9999 -9999 -9999 -9999 -9999 -9999 -9999 -9999 -9999 -9999 -9999 -9999 -9999 -9999 -9999 -9999 -9999 -9999 -9999 -9999 -9999
