Validation/Results/raw data/ReClimate_10_2024_2_Precipitation-Actualsweatherlogisticsltd.asc
NCOLS 192
NROWS 249
XLLCENTER -225160.85627316462
YLLCENTER 29788.11610251431
CELLSIZE 5000.0
NODATA_VALUE -9999
[rows 132 to 164 of 249, columns 74 to 147 of 192]
-9999 -9999 -9999 -9999 -9999 -9999 -9999 -9999 -9999 -9999 -9999 -9999 -9999 181.753 197.019 224.688 241.343 253.421 260.266 298.785 329.378 358.982 350.283 270.774 231.713 232.906 243.163 224.6 207.509 202.468 189.26 177.701 170.333 157.676 171.605 191.694 207.075 207.587 196.97 209.198 207.879 196.377 212.052 208.022 199.678 186.306 170.888 158.832 137.7 121.11 113.201 102.636 97.513 90.19 89.866 83.723 76.535 72.53 -9999 -9999 -9999 -9999 -9999 -9999 -9999 -9999 -9999 -9999 -9999 -9999 -9999 -9999 -9999 -9999
143.049 -9999 -9999 -9999 -9999 -9999 -9999 -9999 -9999 -9999 -9999 -9999 -9999 187.224 236.511 229.282 234.143 234.053 232.258 276.501 365.596 381.815 331.174 286.622 242.437 241.09 234.922 228.668 235.99 193.496 177.657 173.647 159.741 161.421 165.461 186.752 187.288 180.067 175.124 179.254 174.805 182.93 188.827 192.072 187.037 175.067 168.878 147.19 128.221 117.956 101.045 97.74 95.341 84.548 79.379 81.497 78.409 72.919 -9999 -9999 -9999 -9999 -9999 -9999 -9999 -9999 -9999 -9999 -9999 -9999 -9999 -9999 -9999 -9999
168.982 -9999 -9999 -9999 -9999 -9999 -9999 -9999 -9999 -9999 -9999 -9999 180.6 220.482 222.588 229.186 234.818 228.09 214.807 263.282 323.413 324.39 336.626 294.957 258.609 229.21 221.08 233.238 207.344 189.2 172.967 159.921 163.205 150.995 156.322 164.06 163.358 155.691 151.955 149.66 157.358 154.917 168.457 177.036 167.779 157.029 152.645 142.365 125.186 109.632 93.329 90.499 87.66 83.286 76.937 75.87 76.038 74.925 67.759 -9999 -9999 -9999 -9999 -9999 -9999 -9999 -9999 -9999 -9999 -9999 -9999 -9999 -9999 -9999
146.101 -9999 -9999 -9999 -9999 -9999 -9999 -9999 -9999 -9999 -9999 166.327 -9999 194.926 217.056 221.728 223.724 208.968 188.505 222.717 243.122 299.441 337.989 295.943 244.135 210.58 201.57 195.207 194.847 187.67 182.748 170.853 165.029 142.176 137.596 141.79 139.361 132.257 125.313 128.301 130.1 138.029 141.881 140.686 142.188 142.109 135.146 123.006 109.696 88.521 95.795 96.487 84.529 80.942 75.874 74.381 73.646 72.957 68.686 -9999 -9999 -9999 -9999 -9999 -9999 -9999 -9999 -9999 -9999 -9999 -9999 -9999 -9999 -9999
154.058 157.394 -9999 -9999 -9999 -9999 -9999 -9999 -9999 -9999 -9999 160.89 -9999 177.863 188.336 189.647 193.296 187.183 178.584 185.02 208.791 271.984 290.59 267.936 232.118 203.034 188.834 186.795 191.899 205.211 211.84 -9999 -9999 -9999 -9999 -9999 -9999 119.871 115.013 117.329 120.404 121.968 120.526 135.704 149.203 135.142 122.553 121.362 102.251 100.325 100.112 84.766 83.101 77.358 78.772 69.252 64.531 66.259 69.433 66.124 -9999 -9999 -9999 -9999 -9999 -9999 -9999 -9999 -9999 -9999 -9999 -9999 -9999 -9999
159.23 154.119 133.76 -9999 -9999 -9999 -9999 -9999 -9999 -9999 -9999 158.045 156.676 153.661 156.831 169.588 177.804 177.106 173.14 173.988 200.019 237.857 267.294 247.164 230.108 203.37 191.231 197.109 180.597 189.355 181.733 -9999 -9999 -9999 -9999 125.0 123.453 116.878 113.96 111.523 116.024 118.981 132.187 160.394 171.437 148.336 144.963 118.5 102.502 111.488 96.827 87.94 87.307 82.181 76.692 85.88 76.934 68.502 69.572 62.203 -9999 -9999 -9999 -9999 -9999 -9999 -9999 -9999 -9999 -9999 -9999 -9999 -9999 -9999
152.17 136.27 131.314 120.067 -9999 -9999 -9999 -9999 -9999 -9999 -9999 149.277 139.283 138.732 -9999 -9999 171.542 174.25 169.045 173.988 -9999 193.475 210.435 212.398 209.422 183.426 190.685 187.206 171.808 -9999 -9999 -9999 -9999 -9999 123.244 122.339 121.645 116.333 114.417 112.296 114.351 125.192 148.462 187.323 205.109 185.661 176.252 141.509 135.069 115.455 106.832 107.704 90.336 94.26 86.097 81.641 80.561 73.895 70.135 64.633 -9999 -9999 -9999 -9999 -9999 -9999 -9999 -9999 -9999 -9999 -9999 -9999 -9999 -9999
140.778 148.511 139.346 121.833 -9999 -9999 -9999 -9999 -9999 -9999 -9999 -9999 136.093 128.161 -9999 -9999 -9999 158.081 157.73 166.25 160.122 -9999 -9999 173.487 162.687 157.789 190.278 187.259 -9999 -9999 -9999 -9999 -9999 140.426 125.398 120.227 128.053 124.575 120.085 119.002 124.623 137.053 152.87 187.609 199.1 218.168 190.679 186.115 172.295 154.78 133.35 123.879 110.463 93.299 97.48 90.59 78.822 76.399 74.977 70.46 -9999 -9999 -9999 -9999 -9999 -9999 -9999 -9999 -9999 -9999 -9999 -9999 -9999 -9999
127.006 125.849 121.095 -9999 -9999 -9999 -9999 -9999 -9999 -9999 -9999 -9999 -9999 124.799 -9999 -9999 -9999 -9999 144.99 161.189 157.887 -9999 -9999 -9999 162.141 164.289 -9999 -9999 -9999 -9999 -9999 -9999 -9999 138.845 133.494 148.007 149.579 154.49 148.417 139.96 129.058 133.766 151.463 156.495 182.345 195.02 210.806 218.905 205.224 181.697 147.522 138.577 126.824 102.649 87.317 87.043 78.242 73.553 76.982 70.793 -9999 -9999 -9999 -9999 -9999 -9999 -9999 -9999 -9999 -9999 -9999 -9999 -9999 -9999
124.914 117.32 -9999 -9999 -9999 -9999 -9999 -9999 -9999 -9999 -9999 -9999 -9999 134.352 -9999 -9999 -9999 -9999 -9999 158.662 158.668 -9999 -9999 -9999 -9999 -9999 -9999 -9999 -9999 -9999 -9999 -9999 -9999 139.334 163.703 171.174 192.22 199.433 193.787 160.038 121.052 140.273 134.988 160.799 199.65 239.699 257.145 246.114 221.528 175.471 152.827 134.49 115.026 106.756 97.184 86.027 75.925 74.022 78.317 78.492 66.948 -9999 -9999 -9999 -9999 -9999 -9999 -9999 -9999 -9999 -9999 -9999 -9999 -9999
116.137 -9999 114.348 108.386 105.084 97.161 -9999 -9999 -9999 -9999 -9999 -9999 -9999 133.381 -9999 -9999 -9999 -9999 -9999 -9999 -9999 -9999 -9999 -9999 -9999 -9999 -9999 -9999 -9999 -9999 -9999 -9999 149.603 149.943 175.184 186.017 200.043 248.996 258.332 212.794 184.232 147.762 147.777 135.844 176.626 235.643 262.017 260.521 220.61 220.432 201.361 157.283 128.746 99.054 94.057 87.553 81.169 78.702 78.181 80.125 74.931 67.301 -9999 -9999 -9999 -9999 -9999 -9999 -9999 -9999 -9999 -9999 -9999 -9999
110.741 110.89 111.387 105.825 98.922 95.468 -9999 -9999 -9999 -9999 -9999 -9999 -9999 -9999 -9999 -9999 -9999 -9999 -9999 -9999 -9999 -9999 -9999 -9999 -9999 -9999 -9999 -9999 -9999 -9999 -9999 171.758 159.475 177.329 201.319 229.061 270.301 342.184 315.139 254.89 187.648 173.039 133.531 129.071 157.023 217.604 276.839 244.758 227.397 210.725 187.822 158.577 126.265 105.676 90.153 83.671 75.224 73.121 72.812 75.31 70.477 63.938 -9999 -9999 -9999 -9999 -9999 -9999 -9999 -9999 -9999 -9999 -9999 -9999
105.142 108.556 106.482 102.3 -9999 91.951 90.977 -9999 -9999 -9999 -9999 -9999 -9999 -9999 -9999 -9999 -9999 -9999 -9999 -9999 -9999 -9999 -9999 -9999 -9999 -9999 -9999 -9999 -9999 -9999 -9999 176.812 176.139 202.678 265.854 308.811 325.424 308.848 323.715 284.956 248.001 205.856 170.012 148.836 155.041 193.388 218.42 243.808 216.267 198.01 165.299 141.084 111.171 96.969 85.294 82.494 74.285 71.342 68.637 69.876 67.678 61.625 59.913 62.458 -9999 -9999 -9999 -9999 -9999 -9999 -9999 -9999 -9999 -9999
107.68 108.41 103.596 97.182 -9999 -9999 92.433 -9999 -9999 -9999 -9999 -9999 -9999 -9999 -9999 -9999 -9999 -9999 -9999 -9999 -9999 -9999 -9999 -9999 -9999 -9999 -9999 -9999 -9999 -9999 -9999 186.024 191.915 229.16 285.942 353.087 367.371 408.947 399.448 348.529 310.01 278.848 225.885 190.204 167.374 140.894 168.809 181.163 164.563 171.469 156.167 127.382 107.432 89.569 79.049 72.326 74.738 66.871 66.534 67.444 66.952 65.451 75.028 73.743 74.271 72.772 83.36 -9999 -9999 -9999 -9999 -9999 -9999 -9999
106.169 106.596 104.828 95.204 87.969 -9999 90.548 -9999 -9999 -9999 -9999 -9999 -9999 -9999 -9999 -9999 -9999 -9999 -9999 -9999 -9999 -9999 -9999 -9999 -9999 -9999 -9999 -9999 -9999 -9999 159.823 200.113 228.046 289.476 404.41 481.066 521.665 449.344 426.563 418.417 409.05 354.103 307.136 255.229 187.36 154.057 168.253 145.485 152.94 168.408 154.068 126.38 109.659 95.079 84.543 76.527 71.997 66.829 63.298 62.136 65.558 70.425 78.305 95.939 91.369 92.404 89.948 87.185 88.782 -9999 -9999 -9999 -9999 -9999
117.578 111.13 104.255 94.254 -9999 90.159 -9999 -9999 -9999 -9999 -9999 -9999 -9999 -9999 -9999 -9999 -9999 -9999 -9999 -9999 -9999 -9999 -9999 -9999 -9999 -9999 -9999 -9999 -9999 -9999 -9999 164.639 211.141 289.952 385.22 470.443 543.052 568.175 451.373 427.354 392.71 395.764 350.206 272.056 218.446 198.441 184.766 179.315 211.278 191.892 177.174 168.402 144.763 111.611 94.783 84.659 71.931 67.9 65.913 66.635 66.014 73.09 78.736 93.609 94.597 95.703 98.383 96.187 93.751 89.259 -9999 -9999 -9999 -9999
119.54 111.486 100.651 96.57 95.152 96.734 -9999 -9999 -9999 -9999 -9999 -9999 -9999 -9999 -9999 -9999 -9999 -9999 -9999 -9999 -9999 -9999 -9999 -9999 -9999 -9999 -9999 -9999 -9999 -9999 -9999 -9999 173.234 231.348 300.568 391.242 477.293 485.5 398.226 341.792 343.481 347.427 301.477 272.967 257.976 237.355 222.735 248.692 235.529 225.224 221.954 190.018 155.927 131.838 104.106 88.432 75.816 68.603 68.879 70.136 71.761 89.624 97.965 115.231 130.327 119.176 120.782 101.296 98.42 93.212 87.332 -9999 -9999 -9999
126.038 112.256 102.536 96.274 95.597 -9999 -9999 -9999 -9999 -9999 -9999 -9999 -9999 -9999 -9999 -9999 -9999 -9999 -9999 -9999 -9999 -9999 -9999 -9999 -9999 -9999 -9999 -9999 -9999 -9999 -9999 -9999 160.143 209.04 283.09 339.208 412.743 414.352 332.522 297.088 282.678 262.384 250.07 235.008 249.694 280.897 268.738 274.575 270.463 239.415 195.334 171.724 148.047 131.252 111.121 83.411 72.667 70.434 70.047 75.1 80.764 94.609 112.755 115.729 121.546 120.882 126.53 121.484 104.853 101.815 93.581 83.85 -9999 -9999
134.335 124.004 108.906 96.644 91.426 -9999 -9999 -9999 -9999 -9999 -9999 -9999 -9999 -9999 -9999 -9999 -9999 -9999 -9999 -9999 -9999 -9999 -9999 -9999 -9999 -9999 -9999 -9999 -9999 -9999 -9999 -9999 -9999 190.654 267.109 317.632 342.674 306.647 290.337 255.578 236.186 226.853 202.529 206.158 237.194 248.405 289.619 277.784 265.208 230.457 206.806 180.4 164.032 128.891 106.188 81.801 73.137 70.395 69.684 79.039 89.067 94.284 108.241 119.142 121.983 118.01 118.165 116.069 112.78 103.525 102.114 90.107 -9999 -9999
158.311 -9999 -9999 -9999 -9999 -9999 -9999 -9999 -9999 -9999 -9999 -9999 -9999 -9999 -9999 -9999 -9999 -9999 -9999 -9999 -9999 -9999 -9999 -9999 -9999 -9999 -9999 -9999 -9999 -9999 -9999 -9999 -9999 177.873 234.985 249.398 241.812 254.044 227.605 232.612 217.87 193.557 191.989 199.831 225.485 304.246 285.27 280.513 249.836 239.934 202.36 175.542 151.504 134.009 106.979 87.743 75.409 69.305 68.479 72.24 86.17 97.676 101.606 104.297 105.261 99.866 105.822 107.491 109.853 101.819 91.69 90.136 79.399 -9999
179.119 -9999 -9999 -9999 -9999 -9999 -9999 -9999 -9999 -9999 -9999 -9999 -9999 -9999 -9999 -9999 -9999 -9999 -9999 -9999 -9999 -9999 -9999 -9999 -9999 -9999 -9999 -9999 -9999 -9999 -9999 -9999 -9999 -9999 199.941 196.355 208.421 219.421 210.399 193.866 174.036 170.582 171.15 188.193 228.125 264.101 292.732 283.069 278.617 252.583 235.378 213.347 173.205 155.594 129.732 100.889 82.591 69.917 63.444 65.038 71.191 88.305 95.658 89.155 81.83 79.647 76.974 82.77 85.386 94.391 84.441 79.842 76.517 -9999
140.644 -9999 -9999 -9999 -9999 -9999 -9999 -9999 -9999 -9999 -9999 -9999 -9999 -9999 -9999 -9999 -9999 -9999 -9999 -9999 -9999 -9999 -9999 -9999 -9999 -9999 -9999 -9999 -9999 -9999 -9999 -9999 -9999 -9999 173.049 -9999 175.842 174.605 168.258 159.2 -9999 152.965 167.685 181.416 201.059 252.096 272.702 274.127 266.95 250.186 241.882 249.773 209.194 171.444 145.856 120.775 90.439 73.123 63.04 59.051 66.162 75.116 79.621 74.749 74.102 70.892 69.139 69.038 73.301 79.37 82.525 75.936 80.593 78.346
-9999 -9999 -9999 -9999 -9999 -9999 -9999 -9999 -9999 -9999 -9999 -9999 -9999 -9999 -9999 -9999 -9999 -9999 -9999 -9999 -9999 -9999 -9999 -9999 -9999 -9999 -9999 -9999 -9999 -9999 -9999 -9999 -9999 -9999 -9999 156.58 155.316 -9999 -9999 -9999 -9999 145.459 155.317 157.361 180.52 198.25 220.605 235.298 236.812 241.152 229.873 224.19 230.98 192.545 153.574 124.891 101.128 81.983 70.355 62.562 63.103 71.406 76.218 77.421 73.609 75.467 70.562 67.655 71.353 80.474 84.434 78.172 75.011 82.481
-9999 -9999 -9999 -9999 -9999 -9999 -9999 -9999 -9999 -9999 -9999 -9999 -9999 -9999 -9999 -9999 -9999 -9999 -9999 -9999 -9999 -9999 -9999 -9999 -9999 -9999 -9999 -9999 -9999 -9999 -9999 -9999 -9999 -9999 -9999 143.666 143.129 -9999 -9999 -9999 -9999 138.755 154.77 148.366 163.424 175.159 195.855 180.551 190.098 221.625 213.114 197.517 207.84 190.872 164.484 129.792 105.28 82.596 72.033 65.785 61.557 62.534 67.865 72.263 74.064 72.858 72.771 71.966 73.319 83.016 91.543 91.793 86.319 80.461
-9999 -9999 -9999 -9999 -9999 -9999 -9999 -9999 -9999 -9999 -9999 -9999 -9999 -9999 -9999 -9999 -9999 -9999 -9999 -9999 -9999 -9999 -9999 -9999 -9999 -9999 -9999 -9999 -9999 -9999 -9999 -9999 -9999 -9999 -9999 136.744 -9999 -9999 -9999 -9999 133.928 145.025 157.055 187.512 202.3 223.552 203.719 165.811 194.561 206.28 179.965 175.149 168.286 165.216 149.385 127.876 102.856 85.797 72.662 68.566 65.379 62.131 62.764 67.085 70.395 72.262 77.294 85.993 86.251 87.415 89.743 87.454 84.832 80.339
-9999 -9999 -9999 -9999 -9999 -9999 -9999 -9999 -9999 -9999 -9999 -9999 -9999 -9999 -9999 -9999 -9999 -9999 -9999 -9999 -9999 -9999 -9999 -9999 -9999 -9999 -9999 -9999 -9999 -9999 -9999 -9999 -9999 -9999 -9999 -9999 -9999 -9999 -9999 -9999 134.258 154.354 173.45 223.741 257.51 262.92 219.913 194.383 168.771 161.419 150.138 151.898 157.444 150.659 141.128 126.45 104.858 87.287 74.768 67.78 65.378 62.418 62.789 63.683 66.853 72.655 77.515 91.307 98.441 86.765 83.964 77.151 74.041 74.108
-9999 -9999 -9999 -9999 -9999 -9999 -9999 -9999 -9999 -9999 -9999 -9999 -9999 -9999 -9999 -9999 -9999 -9999 -9999 -9999 -9999 -9999 -9999 -9999 -9999 -9999 -9999 -9999 -9999 -9999 -9999 -9999 -9999 -9999 -9999 -9999 -9999 -9999 -9999 -9999 133.108 139.249 181.232 227.215 266.827 247.624 213.4 169.422 159.277 147.939 136.94 139.157 129.888 136.199 124.993 116.958 102.757 86.748 74.32 65.703 63.594 62.744 64.248 63.428 62.725 68.252 74.964 82.645 90.128 85.099 77.736 71.458 69.103 73.334
-9999 -9999 -9999 -9999 -9999 -9999 -9999 -9999 -9999 -9999 -9999 -9999 -9999 -9999 -9999 -9999 -9999 -9999 -9999 -9999 -9999 -9999 -9999 -9999 -9999 -9999 -9999 -9999 -9999 -9999 -9999 -9999 -9999 -9999 -9999 -9999 -9999 -9999 -9999 120.515 124.934 139.182 174.929 229.068 251.627 220.745 197.789 163.186 163.278 146.219 139.424 134.209 130.023 121.666 111.999 98.318 91.627 76.738 71.178 65.214 63.158 63.552 62.745 61.109 60.405 62.75 68.912 74.704 80.681 79.259 75.459 70.748 67.624 70.698
-9999 -9999 -9999 -9999 -9999 -9999 -9999 -9999 -9999 -9999 -9999 -9999 -9999 -9999 -9999 -9999 -9999 -9999 -9999 -9999 -9999 -9999 -9999 -9999 -9999 -9999 -9999 -9999 -9999 -9999 -9999 -9999 -9999 -9999 -9999 -9999 -9999 -9999 -9999 119.651 120.532 136.78 163.391 195.53 180.741 183.52 160.618 168.505 178.944 155.345 145.037 138.758 126.315 118.907 104.348 95.752 95.227 86.018 72.215 68.554 64.859 62.304 61.07 59.042 57.918 58.476 61.733 67.658 73.144 77.442 74.367 69.732 67.556 68.066
-9999 -9999 -9999 -9999 -9999 -9999 -9999 -9999 -9999 -9999 -9999 -9999 -9999 -9999 -9999 -9999 -9999 -9999 -9999 -9999 -9999 -9999 -9999 -9999 -9999 -9999 -9999 -9999 -9999 -9999 -9999 -9999 -9999 -9999 -9999 -9999 -9999 -9999 115.124 114.519 122.481 135.414 149.165 153.205 156.702 156.484 153.129 161.415 160.431 148.228 143.101 154.633 138.168 110.617 105.963 90.226 87.5 84.387 79.921 69.756 66.508 63.457 60.374 59.84 58.369 57.009 57.893 63.601 69.898 73.839 74.771 63.811 63.409 65.325
-9999 -9999 -9999 -9999 -9999 -9999 -9999 -9999 -9999 -9999 -9999 -9999 -9999 -9999 -9999 -9999 -9999 -9999 -9999 -9999 -9999 -9999 -9999 -9999 -9999 -9999 -9999 -9999 -9999 -9999 -9999 -9999 -9999 -9999 -9999 -9999 -9999 -9999 109.013 113.323 120.769 127.892 133.434 135.598 139.087 148.871 150.127 146.265 154.741 153.055 184.462 176.121 153.764 125.638 104.659 98.843 83.726 75.467 75.121 72.933 65.624 62.415 60.332 58.234 57.739 56.548 56.5 58.85 64.88 71.062 74.832 71.924 63.734 65.185
-9999 -9999 -9999 -9999 -9999 -9999 -9999 -9999 -9999 -9999 -9999 -9999 -9999 -9999 -9999 -9999 -9999 -9999 -9999 -9999 -9999 -9999 -9999 -9999 -9999 -9999 -9999 -9999 -9999 -9999 -9999 -9999 -9999 -9999 -9999 -9999 -9999 -9999 107.745 108.635 112.241 116.455 125.72 130.413 141.971 144.798 145.713 155.384 168.9 185.365 192.203 174.614 151.188 125.764 104.266 94.54 87.814 75.642 69.8 67.057 63.358 59.32 58.669 57.618 55.907 56.792 57.326 56.974 59.532 65.09 69.343 70.173 65.605 64.029
-9999 -9999 -9999 -9999 -9999 -9999 -9999 -9999 -9999 -9999 -9999 -9999 -9999 -9999 -9999 -9999 -9999 -9999 -9999 -9999 -9999 -9999 -9999 -9999 -9999 -9999 -9999 -9999 -9999 -9999 -9999 -9999 -9999 -9999 -9999 -9999 -9999 -9999 -9999 105.529 107.487 121.492 138.314 135.556 150.367 160.858 168.261 174.284 175.732 190.996 183.248 170.849 144.89 115.064 100.922 85.634 81.734 73.96 68.21 65.469 61.073 57.995 58.053 56.963 56.222 57.023 58.313 56.693 54.782 59.973 64.943 65.347 -9999 62.277
