Validation/Results/raw data/ReClimate_12_2023_2_Temperature.asc
NCOLS 192
NROWS 249
XLLCENTER -225160.85627316462
YLLCENTER 29788.11610251502
CELLSIZE 5000.0
NODATA_VALUE -9999
[rows 170 to 203 of 249, columns 75 to 149 of 192]
-9999 -9999 -9999 -9999 -9999 -9999 -9999 -9999 -9999 -9999 -9999 -9999 -9999 -9999 -9999 -9999 -9999 -0.263 -0.256 -9999 -9999 -9999 -9999 -9999 -9999 -9999 -9999 -9999 -9999 -9999 -9999 -9999 -9999 -9999 -9999 -9999 -0.079 -0.073 -0.057 -0.039 -0.038 -0.04 -0.019 0.002 0.007 0.009 0.024 0.04 0.036 0.029 0.013 -0.01 -0.005 0.002 0.0 -0.003 0.001 0.006 0.012 0.021 0.007 -0.01 -0.014 -0.019 -0.013 -0.004 -0.014 -0.026 -0.02 -0.012 -0.024 -0.04 -0.041 -0.044 -0.04
-9999 -9999 -9999 -9999 -9999 -9999 -9999 -9999 -9999 -9999 -9999 -9999 -9999 -9999 -9999 -9999 -9999 -0.252 -0.245 -0.242 -9999 -9999 -9999 -9999 -9999 -9999 -9999 -9999 -9999 -9999 -9999 -9999 -9999 -9999 -9999 -0.09 -0.083 -0.085 -0.072 -0.062 -0.055 -0.034 -0.016 -0.003 -0.002 -0.01 0.002 0.01 0.009 0.016 0.004 -0.004 0.001 0.007 0.007 0.006 0.015 0.022 0.013 0.011 0.008 -0.002 -0.004 -0.007 -0.005 0.001 -0.0 -0.007 -0.008 -0.005 -0.012 -0.023 -0.026 -0.028 -0.032
-9999 -9999 -9999 -9999 -9999 -9999 -9999 -9999 -9999 -9999 -9999 -9999 -9999 -9999 -9999 -9999 -0.269 -0.248 -0.243 -0.24 -0.236 -9999 -9999 -9999 -9999 -9999 -9999 -9999 -9999 -9999 -9999 -9999 -0.116 -9999 -9999 -0.092 -0.091 -0.093 -0.084 -0.074 -9999 -0.035 -0.022 -0.01 -0.014 -0.02 -0.012 -0.004 0.002 0.009 0.004 -0.002 0.004 0.01 0.011 0.011 0.019 0.029 0.02 0.009 0.006 0.002 0.001 -0.0 0.002 0.005 0.005 0.003 0.002 0.001 -0.005 -0.013 -0.015 -0.018 -0.021
-9999 -9999 -9999 -9999 -9999 -9999 -9999 -9999 -9999 -9999 -9999 -9999 -9999 -9999 -9999 -9999 -0.26 -0.254 -0.246 -0.232 -0.229 -0.229 -0.219 -9999 -9999 -9999 -0.205 -0.214 -9999 -0.174 -0.148 -0.135 -0.122 -0.102 -9999 -9999 -0.08 -0.067 -9999 -9999 -0.055 -0.042 -0.037 -0.042 -0.042 -0.034 -0.024 -0.014 -0.011 -0.013 0.001 0.006 0.005 0.008 0.012 0.014 0.014 0.019 0.021 0.017 0.017 0.016 0.008 0.002 0.007 0.011 0.005 0.0 0.002 0.002 0.009 0.009 0.007 0.005 0.006
-9999 -9999 -9999 -9999 -9999 -9999 -9999 -9999 -9999 -9999 -9999 -9999 -9999 -9999 -9999 -9999 -9999 -0.259 -0.246 -0.232 -0.23 -0.23 -9999 -9999 -0.212 -0.21 -0.217 -0.225 -0.202 -0.174 -0.16 -0.144 -0.125 -0.105 -0.095 -9999 -0.074 -0.06 -0.065 -0.072 -0.061 -0.048 -0.051 -0.057 -0.049 -0.042 -0.031 -0.021 -0.021 -0.023 -0.009 0.007 0.007 0.005 0.01 0.015 0.017 0.017 0.019 0.021 0.022 0.023 0.015 0.005 0.01 0.015 0.01 0.002 0.004 0.006 0.012 0.02 0.019 0.017 0.019
-9999 -9999 -9999 -9999 -9999 -9999 -9999 -9999 -9999 -9999 -9999 -9999 -9999 -9999 -9999 -9999 -9999 -0.266 -0.256 -0.245 -0.244 -0.242 -0.234 -0.23 -0.227 -0.217 -0.22 -0.211 -0.191 -0.178 -0.163 -0.15 -0.132 -0.114 -0.103 -0.092 -0.075 -0.053 -0.054 -0.054 -0.042 -0.035 -0.035 -0.036 -0.028 -0.022 -0.013 -0.01 -0.012 -0.023 -0.01 -0.0 0.001 0.0 0.016 0.028 0.022 0.019 0.021 0.023 0.023 0.023 0.025 0.021 0.022 0.027 0.019 0.01 0.019 0.025 0.026 0.031 0.031 0.03 0.033
-9999 -9999 -9999 -9999 -9999 -9999 -9999 -9999 -9999 -9999 -9999 -9999 -9999 -9999 -9999 -9999 -9999 -9999 -0.261 -0.254 -0.251 -0.249 -0.245 -0.241 -0.232 -0.223 -0.217 -0.209 -0.196 -0.182 -0.169 -0.156 -0.137 -0.119 -0.106 -0.094 -0.074 -0.052 -0.049 -0.048 -0.039 -0.031 -0.029 -0.029 -0.022 -0.015 -0.011 -0.007 -0.014 -0.024 -0.013 -0.004 -0.003 -0.003 0.012 0.03 0.025 0.017 0.019 0.022 0.023 0.023 0.026 0.028 0.031 0.033 0.026 0.016 0.025 0.036 0.037 0.039 0.04 0.039 0.04
-9999 -9999 -9999 -9999 -9999 -9999 -9999 -9999 -9999 -9999 -9999 -9999 -9999 -9999 -9999 -9999 -9999 -9999 -9999 -9999 -0.246 -0.237 -0.238 -0.253 -0.243 -0.229 -0.221 -0.208 -0.198 -0.187 -0.174 -0.165 -0.149 -0.137 -0.117 -0.08 -0.064 -0.058 -0.055 -0.055 -0.044 -0.027 -0.022 -0.015 -0.011 -0.016 -0.009 0.004 0.002 0.002 0.011 0.012 0.021 0.027 0.019 0.024 0.033 0.035 0.03 0.029 0.034 0.038 0.037 0.038 0.037 0.038 0.037 0.032 0.033 0.04 0.038 0.036 0.037 0.035 0.031
-9999 -9999 -9999 -9999 -9999 -9999 -9999 -9999 -9999 -9999 -9999 -9999 -9999 -9999 -9999 -9999 -9999 -9999 -9999 -0.253 -0.244 -0.236 -0.246 -0.259 -0.247 -0.234 -0.223 -0.21 -0.2 -0.188 -0.178 -0.169 -0.156 -0.145 -0.112 -0.076 -0.068 -0.062 -0.06 -0.06 -0.044 -0.027 -0.019 -0.012 -0.014 -0.019 -0.006 0.007 0.009 0.01 0.014 0.016 0.025 0.036 0.03 0.021 0.029 0.039 0.035 0.03 0.035 0.04 0.04 0.039 0.039 0.037 0.037 0.035 0.037 0.039 0.037 0.034 0.033 0.031 0.027
-9999 -9999 -9999 -9999 -9999 -9999 -9999 -9999 -9999 -9999 -9999 -9999 -9999 -9999 -9999 -9999 -9999 -9999 -0.267 -0.263 -0.257 -0.256 -0.26 -0.256 -0.24 -0.213 -0.204 -0.204 -0.2 -0.207 -0.191 -0.163 -0.148 -0.13 -0.096 -0.06 -0.056 -0.068 -0.062 -0.051 -0.037 -0.025 -0.018 -0.015 -0.016 -0.015 -0.008 -0.014 -0.006 0.014 0.013 0.004 0.016 0.026 0.027 0.023 0.033 0.044 0.046 0.044 0.042 0.043 0.044 0.045 0.036 0.03 0.05 0.062 0.058 0.056 0.051 0.046 0.041 0.036 0.034
-9999 -9999 -9999 -9999 -9999 -9999 -9999 -9999 -9999 -9999 -9999 -9999 -9999 -9999 -9999 -9999 -9999 -0.282 -0.277 -0.27 -0.268 -0.267 -0.262 -0.258 -0.234 -0.204 -0.201 -0.2 -0.206 -0.214 -0.19 -0.162 -0.143 -0.125 -0.092 -0.056 -0.062 -0.072 -0.061 -0.05 -0.038 -0.026 -0.021 -0.019 -0.016 -0.015 -0.018 -0.023 -0.006 0.013 0.007 -0.002 0.011 0.022 0.023 0.024 0.034 0.045 0.047 0.048 0.046 0.042 0.044 0.045 0.037 0.026 0.045 0.069 0.066 0.061 0.057 0.05 0.045 0.036 0.034
-9999 -9999 -9999 -9999 -9999 -9999 -9999 -9999 -9999 -9999 -9999 -9999 -9999 -9999 -9999 -0.312 -0.3 -0.28 -0.277 -0.279 -0.276 -0.274 -0.264 -0.241 -0.215 -0.19 -0.189 -0.197 -0.196 -0.186 -0.166 -0.154 -0.133 -0.11 -0.085 -0.073 -0.072 -0.062 -0.052 -0.046 -0.037 -0.035 -0.031 -0.029 -0.024 -0.013 -0.012 -0.009 0.004 0.008 0.007 0.014 0.017 0.024 0.016 0.011 0.035 0.054 0.044 0.039 0.049 0.053 0.047 0.044 0.05 0.047 0.04 0.048 0.058 0.06 0.052 0.044 0.048 0.046 0.038
-9999 -9999 -9999 -9999 -9999 -9999 -9999 -9999 -9999 -9999 -9999 -9999 -9999 -9999 -0.322 -0.319 -0.303 -0.285 -9999 -9999 -9999 -9999 -0.259 -0.232 -0.21 -0.185 -0.189 -0.195 -0.185 -0.175 -0.163 -0.152 -0.13 -0.106 -0.094 -0.083 -0.071 -0.06 -0.053 -0.047 -0.042 -0.04 -0.037 -0.034 -0.024 -0.014 -0.008 -0.004 0.001 0.004 0.011 0.017 0.021 0.024 0.017 0.006 0.029 0.056 0.047 0.035 0.044 0.055 0.05 0.043 0.048 0.053 0.048 0.039 0.048 0.058 0.051 0.041 0.045 0.048 0.04
-9999 -9999 -9999 -9999 -9999 -9999 -9999 -9999 -9999 -9999 -9999 -9999 -9999 -9999 -0.324 -0.319 -0.305 -9999 -9999 -9999 -9999 -9999 -0.255 -0.238 -0.219 -0.201 -0.196 -0.178 -0.168 -0.161 -0.15 -0.137 -0.119 -0.111 -0.099 -0.087 -0.076 -0.067 -0.059 -0.052 -0.049 -0.051 -0.041 -0.019 -0.015 -0.028 -0.021 -0.009 -0.004 0.004 0.011 0.019 0.025 0.03 0.028 0.02 0.026 0.042 0.051 0.048 0.041 0.041 0.049 0.05 0.054 0.059 0.058 0.053 0.054 0.059 0.055 0.047 0.051 0.054 0.048
-9999 -9999 -9999 -9999 -9999 -9999 -9999 -9999 -9999 -9999 -9999 -9999 -9999 -9999 -9999 -9999 -0.308 -9999 -9999 -9999 -9999 -9999 -0.251 -0.24 -0.225 -0.208 -0.19 -0.172 -0.163 -0.156 -0.144 -0.131 -0.122 -0.113 -0.102 -0.09 -0.08 -0.071 -0.063 -0.056 -0.055 -0.056 -0.036 -0.014 -0.022 -0.035 -0.024 -0.012 -0.005 0.002 0.01 0.018 0.024 0.031 0.03 0.025 0.031 0.037 0.044 0.052 0.046 0.036 0.043 0.052 0.055 0.059 0.058 0.056 0.057 0.058 0.054 0.048 0.051 0.054 0.048
-9999 -9999 -9999 -9999 -9999 -9999 -9999 -9999 -9999 -9999 -9999 -9999 -9999 -9999 -9999 -9999 -9999 -9999 -9999 -9999 -9999 -9999 -0.244 -0.235 -0.222 -0.217 -0.195 -0.163 -0.155 -0.15 -0.137 -0.12 -0.113 -0.113 -0.101 -0.089 -0.079 -0.07 -0.059 -0.045 -0.041 -0.037 -0.018 -0.004 -0.008 -0.012 -0.002 0.002 0.006 0.002 0.016 0.027 0.026 0.028 0.017 0.006 0.018 0.027 0.035 0.043 0.054 0.056 0.044 0.041 0.045 0.047 0.05 0.049 0.052 0.053 0.052 0.047 0.045 0.044 0.043
-9999 -9999 -9999 -9999 -9999 -9999 -9999 -9999 -9999 -9999 -9999 -9999 -9999 -9999 -9999 -9999 -9999 -9999 -9999 -9999 -9999 -9999 -9999 -0.23 -0.224 -0.219 -0.191 -0.16 -0.153 -0.147 -0.133 -0.117 -0.114 -0.113 -0.101 -0.089 -0.08 -0.071 -0.057 -0.043 -0.036 -0.03 -0.016 -0.002 -0.002 -0.004 0.001 0.007 0.005 0.001 0.014 0.029 0.029 0.025 0.016 -0.001 0.01 0.023 0.031 0.039 0.049 0.062 0.051 0.036 0.039 0.042 0.043 0.045 0.047 0.049 0.048 0.045 0.043 0.039 0.037
-9999 -9999 -9999 -9999 -9999 -9999 -9999 -9999 -9999 -9999 -9999 -9999 -9999 -9999 -9999 -9999 -9999 -9999 -9999 -9999 -9999 -9999 -0.255 -0.24 -0.228 -0.202 -0.18 -0.167 -0.158 -0.146 -0.132 -0.119 -0.114 -0.104 -0.094 -0.091 -0.082 -0.072 -0.061 -0.053 -0.038 -0.007 0.005 0.01 0.009 0.002 0.008 0.01 0.012 0.019 0.033 0.049 0.041 0.035 0.038 0.032 0.02 0.019 0.029 0.039 0.046 0.056 0.061 0.056 0.058 0.061 0.056 0.053 0.048 0.047 0.045 0.041 0.032 0.023 0.027
-9999 -9999 -9999 -9999 -9999 -9999 -9999 -9999 -9999 -9999 -9999 -9999 -9999 -9999 -9999 -9999 -9999 -9999 -9999 -9999 -9999 -9999 -0.245 -0.243 -0.22 -0.195 -0.182 -0.17 -0.158 -0.145 -0.133 -0.121 -0.111 -0.102 -0.096 -0.093 -0.083 -0.073 -0.065 -0.059 -0.031 -0.0 0.007 0.012 0.009 0.003 0.007 0.01 0.018 0.025 0.039 0.054 0.048 0.037 0.041 0.042 0.032 0.017 0.027 0.038 0.045 0.052 0.057 0.062 0.064 0.067 0.062 0.055 0.05 0.044 0.043 0.039 0.029 0.016 0.019
-9999 -9999 -9999 -9999 -9999 -9999 -9999 -9999 -9999 -9999 -9999 -9999 -9999 -9999 -9999 -9999 -9999 -9999 -9999 -9999 -9999 -9999 -0.209 -0.207 -0.187 -0.175 -0.161 -0.146 -0.139 -0.147 -0.134 -0.12 -0.109 -0.097 -0.088 -0.076 -0.071 -0.078 -0.071 -0.065 -0.041 -0.017 -0.012 -0.009 -0.007 0.002 0.004 0.002 0.012 0.026 0.032 0.043 0.051 0.05 0.051 0.052 0.043 0.029 0.03 0.037 0.043 0.051 0.046 0.045 0.052 0.057 0.056 0.052 0.044 0.036 0.042 0.042 0.043 0.036 0.029
-9999 -9999 -9999 -9999 -9999 -9999 -9999 -9999 -9999 -9999 -9999 -9999 -9999 -9999 -9999 -9999 -9999 -9999 -9999 -9999 -9999 -9999 -9999 -0.193 -0.18 -0.167 -0.153 -0.137 -0.141 -0.148 -0.134 -0.119 -0.108 -0.096 -0.083 -0.071 -0.074 -0.08 -0.073 -0.067 -0.047 -0.025 -0.021 -0.018 -0.009 0.0 0.0 -0.001 0.011 0.025 0.031 0.038 0.046 0.053 0.054 0.054 0.046 0.032 0.034 0.035 0.042 0.049 0.044 0.038 0.045 0.053 0.052 0.05 0.042 0.032 0.038 0.042 0.042 0.042 0.036
-9999 -9999 -9999 -9999 -9999 -9999 -9999 -9999 -9999 -9999 -9999 -9999 -9999 -9999 -9999 -9999 -9999 -9999 -9999 -9999 -9999 -9999 -9999 -0.186 -0.177 -0.172 -0.157 -0.137 -0.136 -0.131 -0.119 -0.111 -0.1 -0.09 -0.081 -0.077 -0.072 -0.054 -0.046 -0.043 -0.026 -0.018 -0.015 -0.015 -0.01 -0.013 -0.012 -0.005 0.012 0.04 0.045 0.051 0.05 0.053 0.051 0.048 0.054 0.049 0.057 0.063 0.058 0.059 0.067 0.068 0.067 0.071 0.052 0.039 0.055 0.059 0.057 0.057 0.05 0.046 0.049
-9999 -9999 -9999 -9999 -9999 -9999 -9999 -9999 -9999 -9999 -9999 -9999 -9999 -9999 -9999 -9999 -9999 -9999 -9999 -9999 -9999 -9999 -0.201 -0.184 -0.179 -0.175 -0.158 -0.138 -0.131 -0.125 -0.116 -0.108 -0.098 -0.088 -0.083 -0.08 -0.063 -0.044 -0.038 -0.033 -0.024 -0.017 -0.015 -0.014 -0.015 -0.019 -0.013 -0.007 0.017 0.045 0.051 0.054 0.054 0.051 0.05 0.045 0.051 0.054 0.062 0.072 0.068 0.062 0.069 0.078 0.077 0.076 0.058 0.035 0.049 0.067 0.065 0.06 0.054 0.045 0.049
-9999 -9999 -9999 -9999 -9999 -9999 -9999 -9999 -9999 -9999 -9999 -9999 -9999 -9999 -9999 -9999 -9999 -9999 -9999 -9999 -9999 -9999 -0.195 -0.179 -0.174 -0.167 -0.153 -0.142 -0.132 -0.121 -0.114 -0.114 -0.099 -0.077 -0.073 -0.075 -0.061 -0.054 -0.047 -0.039 -0.033 -0.031 -0.028 -0.021 -0.018 -0.006 0.005 0.026 0.041 0.037 0.046 0.062 0.063 0.062 0.062 0.06 0.059 0.058 0.07 0.082 0.073 0.065 0.074 0.084 0.082 0.08 0.074 0.059 0.061 0.071 0.073 0.072 0.063 0.053 0.051
-9999 -9999 -9999 -9999 -9999 -9999 -9999 -9999 -9999 -9999 -9999 -9999 -9999 -9999 -9999 -9999 -9999 -9999 -9999 -9999 -9999 -9999 -0.191 -0.178 -0.171 -0.164 -0.154 -0.143 -0.131 -0.12 -0.116 -0.115 -0.094 -0.072 -0.07 -0.072 -0.064 -0.057 -0.049 -0.042 -0.039 -0.037 -0.031 -0.024 -0.013 -0.001 0.017 0.038 0.037 0.033 0.048 0.063 0.065 0.065 0.065 0.064 0.064 0.059 0.07 0.084 0.076 0.065 0.074 0.084 0.083 0.08 0.075 0.066 0.068 0.07 0.072 0.073 0.065 0.053 0.052
-9999 -9999 -9999 -9999 -9999 -9999 -9999 -9999 -9999 -9999 -9999 -9999 -9999 -9999 -9999 -9999 -9999 -9999 -9999 -9999 -9999 -0.206 -0.191 -0.194 -0.187 -0.177 -0.162 -0.134 -0.124 -0.116 -0.108 -0.092 -0.076 -0.07 -0.063 -0.053 -0.041 -0.026 -0.024 -0.039 -0.033 -0.024 -0.019 -0.018 -0.008 0.001 0.018 0.033 0.037 0.049 0.059 0.055 0.059 0.06 0.07 0.075 0.079 0.077 0.085 0.097 0.093 0.086 0.09 0.099 0.088 0.08 0.078 0.072 0.07 0.07 0.07 0.071 0.073 0.068 0.059
-9999 -9999 -9999 -9999 -9999 -9999 -9999 -9999 -9999 -9999 -9999 -9999 -9999 -9999 -9999 -9999 -9999 -9999 -9999 -9999 -0.217 -0.204 -0.203 -0.2 -0.19 -0.18 -0.156 -0.129 -0.122 -0.115 -0.099 -0.083 -0.075 -0.069 -0.057 -0.045 -0.029 -0.013 -0.023 -0.037 -0.028 -0.019 -0.016 -0.015 -0.007 0.001 0.016 0.031 0.042 0.055 0.054 0.051 0.055 0.057 0.067 0.078 0.082 0.082 0.091 0.1 0.097 0.091 0.097 0.102 0.092 0.077 0.076 0.072 0.071 0.067 0.068 0.067 0.069 0.07 0.063
-9999 -9999 -9999 -9999 -9999 -9999 -9999 -9999 -9999 -9999 -9999 -9999 -9999 -9999 -9999 -9999 -9999 -9999 -0.235 -0.224 -0.207 -0.185 -0.18 -0.178 -0.174 -0.183 -0.16 -0.13 -0.119 -0.099 -0.086 -0.078 -0.077 -0.088 -0.07 -0.037 -0.023 -0.016 -0.021 -0.023 -0.011 0.004 0.009 0.012 0.024 0.038 0.042 0.022 0.037 0.063 0.056 0.032 0.051 0.062 0.057 0.058 0.074 0.08 0.083 0.089 0.088 0.084 0.08 0.078 0.085 0.08 0.067 0.057 0.074 0.082 0.076 0.072 0.067 0.064 0.068
-9999 -9999 -9999 -9999 -9999 -9999 -9999 -9999 -9999 -9999 -9999 -9999 -9999 -9999 -9999 -9999 -9999 -0.243 -0.231 -0.207 -0.191 -0.176 -0.171 -0.168 -0.174 -0.183 -0.158 -0.129 -0.111 -0.092 -0.084 -0.076 -0.084 -0.095 -0.066 -0.034 -0.025 -0.018 -0.016 -0.016 -0.001 0.014 0.019 0.023 0.037 0.052 0.037 0.017 0.04 0.065 0.048 0.024 0.042 0.062 0.058 0.05 0.064 0.077 0.08 0.083 0.082 0.079 0.074 0.067 0.072 0.077 0.065 0.05 0.065 0.084 0.079 0.071 0.067 0.06 0.063
-9999 -9999 -9999 -9999 -9999 -9999 -9999 -9999 -9999 -9999 -9999 -9999 -9999 -9999 -0.252 -0.233 -0.224 -0.217 -0.203 -0.205 -0.189 -0.172 -0.166 -0.16 -0.158 -0.144 -0.122 -0.109 -0.093 -0.082 -0.077 -0.083 -0.085 -0.078 -0.054 -0.034 -0.022 -0.003 0.004 0.012 0.019 0.004 0.013 0.027 0.037 0.04 0.032 0.036 0.049 0.048 0.047 0.033 0.056 0.08 0.075 0.068 0.081 0.096 0.085 0.08 0.08 0.078 0.076 0.072 0.066 0.065 0.076 0.075 0.075 0.086 0.086 0.082 0.089 0.089 0.077
-9999 -9999 -9999 -9999 -9999 -9999 -9999 -9999 -9999 -9999 -9999 -9999 -0.257 -0.247 -0.232 -0.224 -0.215 -0.206 -0.204 -0.204 -0.187 -0.17 -0.163 -0.157 -0.142 -0.126 -0.114 -0.101 -0.089 -0.077 -0.08 -0.086 -0.078 -0.072 -0.054 -0.035 -0.017 0.002 0.013 0.022 0.014 0.001 0.015 0.029 0.033 0.035 0.039 0.042 0.042 0.04 0.038 0.035 0.058 0.084 0.081 0.072 0.085 0.099 0.089 0.075 0.075 0.074 0.073 0.07 0.065 0.058 0.068 0.08 0.082 0.083 0.083 0.082 0.089 0.097 0.086
-9999 -9999 -9999 -9999 -9999 -9999 -9999 -9999 -0.305 -0.288 -0.276 -0.264 -0.255 -0.229 -0.216 -0.201 -0.192 -0.186 -0.181 -0.178 -0.165 -0.163 -0.156 -0.151 -0.138 -0.125 -0.114 -0.104 -0.093 -0.084 -0.084 -0.079 -0.066 -0.043 -0.035 -0.047 -0.028 -0.004 0.004 0.006 0.009 0.029 0.038 0.029 0.037 0.051 0.05 0.037 0.039 0.047 0.054 0.056 0.064 0.081 0.093 0.094 0.093 0.099 0.089 0.075 0.075 0.074 0.07 0.066 0.079 0.083 0.073 0.073 0.075 0.076 0.081 0.082 0.082 0.085 0.07
-9999 -9999 -9999 -9999 -9999 -9999 -9999 -0.31 -0.297 -0.282 -0.274 -0.265 -0.249 -0.224 -0.207 -0.191 -0.184 -0.178 -0.172 -0.168 -0.163 -0.16 -0.153 -0.148 -0.136 -0.124 -0.114 -0.105 -0.096 -0.088 -0.082 -0.076 -0.055 -0.032 -0.04 -0.052 -0.031 -0.008 -0.004 -0.002 0.018 0.039 0.036 0.029 0.043 0.056 0.047 0.034 0.041 0.049 0.055 0.062 0.07 0.078 0.089 0.099 0.098 0.096 0.086 0.072 0.072 0.071 0.068 0.062 0.074 0.088 0.079 0.067 0.069 0.07 0.074 0.077 0.077 0.076 0.061
-9999 -9999 -9999 -9999 -9999 -9999 -0.316 -0.3 -0.287 -0.275 -0.265 -0.256 -0.241 -0.226 -0.206 -0.178 -0.172 -0.171 -0.166 -0.162 -0.159 -0.164 -0.154 -0.14 -0.127 -0.112 -0.105 -0.105 -0.095 -0.083 -0.077 -0.074 -0.054 -0.033 -0.038 -0.041 -0.018 0.008 0.015 0.022 0.039 0.047 0.051 0.061 0.067 0.052 0.045 0.04 0.051 0.068 0.072 0.066 0.075 0.084 0.093 0.101 0.09 0.082 0.086 0.08 0.078 0.076 0.065 0.056 0.064 0.074 0.081 0.078 0.075 0.074 0.074 0.076 0.075 0.074 0.065
