Validation/Results/raw data/ReClimate_04_2024_2_Temperatureweatherlogisticsltd.asc
NCOLS 192
NROWS 249
XLLCENTER -225160.85627316462
YLLCENTER 29788.11610251502
CELLSIZE 5000.0
NODATA_VALUE -9999
[rows 68 to 101 of 249, columns 75 to 149 of 192]
-9999 -9999 -9999 -9999 -9999 -9999 -9999 -9999 -9999 -9999 -9999 -0.871 -0.871 -0.869 -0.867 -0.863 -0.88 -0.896 -0.902 -0.906 -0.931 -0.959 -0.963 -0.964 -0.967 -0.968 -0.996 -1.027 -1.043 -9999 -9999 -9999 -9999 -9999 -9999 -9999 -9999 -9999 -9999 -9999 -9999 -9999 -9999 -9999 -9999 -9999 -9999 -9999 -9999 -9999 -9999 -9999 -9999 -9999 -9999 -9999 -9999 -9999 -9999 -9999 -9999 -9999 -9999 -9999 -9999 -9999 -9999 -9999 -9999 -9999 -9999 -9999 -9999 -9999 -9999
-9999 -9999 -9999 -9999 -9999 -9999 -9999 -9999 -9999 -9999 -9999 -9999 -9999 -0.868 -0.876 -0.889 -0.898 -0.891 -0.897 -0.904 -0.927 -0.952 -0.956 -0.963 -0.971 -0.988 -1.015 -9999 -9999 -9999 -9999 -9999 -9999 -9999 -9999 -9999 -9999 -9999 -9999 -9999 -9999 -9999 -9999 -9999 -9999 -9999 -9999 -9999 -9999 -9999 -9999 -9999 -9999 -9999 -9999 -9999 -9999 -9999 -9999 -9999 -9999 -9999 -9999 -9999 -9999 -9999 -9999 -9999 -9999 -9999 -9999 -9999 -9999 -9999 -9999
-9999 -9999 -9999 -9999 -9999 -9999 -9999 -0.833 -9999 -9999 -0.849 -0.872 -0.875 -0.879 -0.895 -0.907 -0.905 -0.898 -0.906 -0.912 -0.933 -0.956 -0.964 -0.97 -0.985 -1.002 -1.029 -9999 -9999 -9999 -9999 -9999 -9999 -9999 -9999 -9999 -9999 -9999 -9999 -9999 -9999 -9999 -9999 -9999 -9999 -9999 -9999 -9999 -9999 -9999 -9999 -9999 -9999 -9999 -9999 -9999 -9999 -9999 -9999 -9999 -9999 -9999 -9999 -9999 -9999 -9999 -9999 -9999 -9999 -9999 -9999 -9999 -9999 -9999 -9999
-9999 -9999 -9999 -9999 -9999 -0.843 -0.839 -0.828 -0.826 -0.817 -0.824 -0.836 -0.856 -0.894 -0.904 -0.902 -0.907 -0.919 -0.924 -0.922 -0.938 -0.949 -0.959 -0.975 -0.993 -1.019 -1.045 -9999 -9999 -9999 -9999 -9999 -9999 -9999 -9999 -9999 -9999 -9999 -9999 -9999 -9999 -9999 -9999 -9999 -9999 -9999 -9999 -9999 -9999 -9999 -9999 -9999 -9999 -9999 -9999 -9999 -9999 -9999 -9999 -9999 -9999 -9999 -9999 -9999 -9999 -9999 -9999 -9999 -9999 -9999 -9999 -9999 -9999 -9999 -9999
-9999 -9999 -9999 -9999 -9999 -0.856 -0.836 -9999 -0.82 -0.813 -0.819 -0.835 -0.872 -0.908 -0.911 -0.91 -0.923 -0.936 -0.937 -0.935 -0.945 -0.955 -0.969 -0.984 -1.006 -1.031 -9999 -1.089 -9999 -9999 -9999 -9999 -9999 -9999 -9999 -9999 -9999 -9999 -9999 -9999 -9999 -9999 -9999 -9999 -9999 -9999 -9999 -9999 -9999 -9999 -9999 -9999 -9999 -9999 -9999 -9999 -9999 -9999 -9999 -9999 -9999 -9999 -9999 -9999 -9999 -9999 -9999 -9999 -9999 -9999 -9999 -9999 -9999 -9999 -9999
-9999 -9999 -9999 -9999 -9999 -9999 -0.838 -0.842 -0.834 -0.831 -0.848 -0.867 -0.895 -0.911 -0.919 -0.931 -0.945 -0.954 -0.954 -0.947 -0.957 -0.969 -0.983 -1.001 -1.022 -1.045 -1.071 -1.1 -9999 -9999 -9999 -9999 -9999 -9999 -9999 -9999 -9999 -9999 -9999 -9999 -9999 -9999 -9999 -9999 -9999 -9999 -9999 -9999 -9999 -9999 -9999 -9999 -9999 -9999 -9999 -9999 -9999 -9999 -9999 -9999 -9999 -9999 -9999 -9999 -9999 -9999 -9999 -9999 -9999 -9999 -9999 -9999 -9999 -9999 -9999
-9999 -9999 -9999 -9999 -9999 -9999 -9999 -0.849 -0.844 -0.853 -0.872 -0.889 -0.905 -0.92 -0.934 -0.947 -0.958 -0.968 -0.966 -0.959 -0.971 -0.982 -0.998 -1.015 -1.034 -1.056 -1.08 -1.106 -9999 -9999 -9999 -9999 -9999 -9999 -9999 -9999 -9999 -9999 -9999 -9999 -9999 -9999 -9999 -9999 -9999 -9999 -9999 -9999 -9999 -9999 -9999 -9999 -9999 -9999 -9999 -9999 -9999 -9999 -9999 -9999 -9999 -9999 -9999 -9999 -9999 -9999 -9999 -9999 -9999 -9999 -9999 -9999 -9999 -9999 -9999
-9999 -9999 -9999 -9999 -9999 -0.859 -0.854 -0.833 -0.841 -0.869 -0.884 -0.89 -0.907 -0.932 -0.945 -0.951 -0.966 -0.986 -0.979 -0.959 -0.977 -1.009 -1.022 -1.031 -1.049 -9999 -1.091 -9999 -9999 -9999 -9999 -9999 -9999 -1.108 -1.112 -1.115 -9999 -9999 -9999 -9999 -9999 -9999 -9999 -9999 -9999 -9999 -9999 -9999 -9999 -9999 -9999 -9999 -9999 -9999 -9999 -9999 -9999 -9999 -9999 -9999 -9999 -9999 -9999 -9999 -9999 -9999 -9999 -9999 -9999 -9999 -9999 -9999 -9999 -9999 -9999
-0.92 -9999 -9999 -9999 -9999 -9999 -0.84 -0.838 -0.861 -0.886 -0.894 -0.899 -0.922 -0.945 -0.954 -0.96 -0.979 -0.999 -0.985 -0.966 -0.994 -1.025 -1.035 -1.044 -1.061 -1.08 -9999 -9999 -9999 -9999 -1.112 -1.118 -1.116 -1.114 -1.118 -1.121 -1.12 -1.119 -1.126 -1.132 -1.138 -1.144 -1.151 -1.158 -1.146 -1.138 -1.146 -1.154 -1.161 -1.17 -1.184 -1.193 -9999 -9999 -9999 -9999 -9999 -9999 -9999 -9999 -9999 -9999 -9999 -9999 -9999 -9999 -9999 -9999 -9999 -9999 -9999 -9999 -9999 -9999 -9999
-0.935 -9999 -9999 -9999 -0.88 -9999 -0.85 -0.861 -0.881 -0.899 -0.909 -0.926 -0.945 -0.958 -0.96 -0.95 -0.967 -0.982 -0.972 -0.965 -0.993 -1.03 -1.041 -1.054 -1.076 -9999 -9999 -9999 -9999 -1.099 -1.107 -1.122 -1.119 -1.109 -1.11 -1.107 -1.108 -1.111 -1.113 -1.112 -1.113 -1.111 -1.119 -1.134 -1.132 -1.145 -1.148 -1.144 -1.149 -1.155 -1.17 -1.195 -9999 -9999 -9999 -9999 -9999 -9999 -9999 -9999 -9999 -9999 -9999 -9999 -9999 -9999 -9999 -9999 -9999 -9999 -9999 -9999 -9999 -9999 -9999
-0.943 -9999 -9999 -9999 -0.882 -0.869 -0.869 -0.882 -0.898 -0.914 -0.93 -0.945 -0.958 -0.971 -0.965 -0.954 -0.969 -0.983 -0.979 -0.972 -1.004 -1.039 -1.052 -1.065 -9999 -9999 -1.114 -1.117 -1.104 -1.095 -1.107 -1.126 -1.12 -1.11 -1.108 -1.105 -1.107 -1.109 -1.108 -1.106 -1.103 -1.101 -1.112 -1.125 -1.136 -1.148 -1.144 -1.14 -1.144 -1.149 -1.166 -1.189 -1.2 -9999 -9999 -9999 -9999 -9999 -9999 -9999 -9999 -9999 -9999 -9999 -9999 -9999 -9999 -9999 -9999 -9999 -9999 -9999 -9999 -9999 -9999
-0.961 -9999 -0.935 -9999 -0.888 -0.875 -0.876 -0.878 -0.898 -0.932 -0.948 -0.969 -0.975 -0.969 -0.965 -0.963 -0.972 -0.974 -0.977 -0.993 -1.026 -1.063 -1.071 -1.071 -9999 -1.091 -1.098 -1.07 -1.067 -1.084 -1.091 -1.09 -1.087 -1.094 -1.095 -1.104 -1.104 -1.101 -1.098 -1.093 -1.095 -1.107 -1.116 -1.125 -1.134 -1.144 -1.145 -1.154 -1.156 -1.153 -1.161 -1.177 -1.197 -9999 -9999 -9999 -9999 -9999 -9999 -9999 -9999 -9999 -9999 -9999 -9999 -9999 -9999 -9999 -9999 -9999 -9999 -9999 -9999 -9999 -9999
-9999 -0.954 -9999 -9999 -9999 -0.885 -0.886 -0.886 -0.915 -0.947 -0.966 -0.986 -0.982 -0.976 -0.976 -0.974 -0.977 -0.978 -0.993 -1.01 -1.042 -1.079 -1.08 -1.077 -1.074 -1.075 -1.064 -1.057 -1.07 -1.087 -1.084 -1.081 -1.086 -1.093 -1.1 -1.107 -1.105 -1.101 -1.096 -1.091 -1.1 -1.111 -1.118 -1.127 -1.134 -1.143 -1.15 -1.159 -1.157 -1.155 -1.162 -1.172 -1.19 -9999 -9999 -9999 -9999 -9999 -9999 -9999 -9999 -9999 -9999 -9999 -9999 -9999 -9999 -9999 -9999 -9999 -9999 -9999 -9999 -9999 -9999
-0.948 -9999 -9999 -9999 -9999 -0.914 -0.921 -0.93 -9999 -0.944 -0.959 -0.97 -0.963 -0.953 -0.963 -0.994 -0.995 -0.99 -1.005 -1.021 -1.049 -1.075 -1.074 -1.072 -1.069 -1.071 -1.068 -1.072 -1.081 -1.086 -1.084 -1.083 -1.085 -1.082 -1.085 -1.085 -1.084 -1.089 -1.084 -1.08 -1.088 -1.1 -1.102 -1.101 -1.115 -1.15 -1.153 -1.151 -1.15 -1.154 -1.16 -1.165 -1.188 -9999 -9999 -9999 -9999 -9999 -9999 -9999 -9999 -9999 -9999 -9999 -9999 -9999 -9999 -9999 -9999 -9999 -9999 -9999 -9999 -9999 -9999
-0.954 -9999 -9999 -9999 -0.941 -9999 -9999 -0.954 -0.954 -0.951 -0.961 -0.971 -0.963 -0.953 -0.979 -1.008 -1.007 -1.003 -1.018 -1.033 -1.055 -1.076 -1.076 -1.071 -1.072 -1.074 -1.077 -1.081 -1.085 -1.089 -1.09 -1.09 -1.087 -1.084 -1.083 -1.081 -1.085 -1.089 -1.085 -1.08 -1.088 -1.099 -1.096 -1.093 -1.12 -1.153 -1.15 -1.148 -1.15 -1.154 -1.157 -1.16 -9999 -9999 -9999 -9999 -9999 -9999 -9999 -9999 -9999 -9999 -9999 -9999 -9999 -9999 -9999 -9999 -9999 -9999 -9999 -9999 -9999 -9999 -9999
-0.959 -0.961 -0.973 -9999 -9999 -9999 -0.986 -0.983 -9999 -0.987 -0.989 -0.973 -0.966 -0.955 -0.98 -1.009 -1.013 -1.025 -1.034 -1.031 -1.047 -1.062 -1.057 -1.05 -1.053 -1.065 -1.065 -1.061 -1.072 -1.099 -1.099 -1.096 -1.091 -1.077 -1.076 -1.075 -1.079 -1.087 -1.078 -1.064 -1.073 -1.091 -1.089 -1.093 -1.111 -1.122 -1.123 -1.135 -1.139 -1.147 -1.149 -9999 -9999 -9999 -9999 -9999 -9999 -9999 -9999 -9999 -9999 -9999 -9999 -9999 -9999 -9999 -9999 -9999 -9999 -9999 -9999 -9999 -9999 -9999 -9999
-0.963 -0.965 -0.965 -9999 -0.984 -1.021 -1.017 -1.0 -1.005 -1.007 -0.996 -0.98 -0.974 -0.964 -0.988 -1.016 -1.028 -1.04 -1.039 -1.033 -1.046 -1.057 -1.051 -1.044 -1.053 -1.065 -1.061 -1.057 -1.08 -1.107 -1.105 -1.103 -1.094 -1.081 -1.08 -1.079 -1.084 -1.09 -1.077 -1.062 -1.075 -1.091 -1.092 -1.095 -1.102 -1.11 -1.119 -1.13 -1.136 -1.144 -1.148 -9999 -9999 -9999 -9999 -9999 -9999 -9999 -9999 -9999 -9999 -9999 -9999 -9999 -9999 -9999 -9999 -9999 -9999 -9999 -9999 -9999 -9999 -9999 -9999
-0.979 -0.968 -0.969 -0.973 -0.984 -0.983 -9999 -0.981 -0.982 -0.98 -0.982 -1.006 -1.004 -1.003 -1.022 -1.028 -1.041 -1.052 -1.053 -1.061 -1.067 -1.067 -1.052 -1.017 -1.027 -1.044 -1.046 -1.06 -1.078 -1.092 -1.091 -1.094 -1.098 -1.124 -1.122 -1.113 -1.116 -1.115 -1.101 -1.081 -1.092 -1.102 -1.103 -1.104 -1.107 -1.105 -1.112 -1.12 -1.13 -1.151 -9999 -9999 -9999 -9999 -9999 -9999 -9999 -9999 -9999 -9999 -9999 -9999 -9999 -9999 -9999 -9999 -9999 -9999 -9999 -9999 -9999 -9999 -9999 -9999 -9999
-9999 -9999 -9999 -0.979 -0.971 -9999 -0.976 -0.978 -0.978 -0.976 -0.997 -1.021 -1.023 -1.025 -1.032 -1.039 -1.051 -1.058 -1.065 -1.07 -1.071 -1.072 -1.043 -1.01 -1.023 -1.039 -1.051 -1.065 -1.076 -1.09 -1.093 -1.095 -1.118 -1.144 -1.139 -1.131 -1.13 -1.128 -1.111 -1.092 -1.099 -1.108 -1.108 -1.109 -1.106 -1.103 -1.109 -1.116 -1.132 -1.15 -9999 -9999 -9999 -9999 -9999 -9999 -9999 -9999 -9999 -9999 -9999 -9999 -9999 -9999 -9999 -9999 -9999 -9999 -9999 -9999 -9999 -9999 -9999 -9999 -9999
-9999 -9999 -0.989 -0.984 -9999 -0.981 -0.985 -9999 -0.988 -0.995 -1.013 -1.026 -1.034 -1.052 -1.059 -1.062 -1.067 -1.065 -1.07 -1.075 -1.068 -1.048 -1.025 -1.006 -1.017 -1.028 -1.039 -1.055 -1.067 -1.086 -1.1 -1.133 -1.14 -1.116 -1.116 -1.126 -1.122 -1.118 -1.113 -1.132 -1.134 -1.127 -1.126 -1.124 -1.12 -1.113 -1.115 -1.112 -1.125 -1.141 -9999 -9999 -9999 -9999 -9999 -9999 -9999 -9999 -9999 -9999 -9999 -9999 -9999 -9999 -9999 -9999 -9999 -9999 -9999 -9999 -9999 -9999 -9999 -9999 -9999
-9999 -9999 -0.995 -9999 -9999 -0.99 -0.993 -0.993 -1.0 -1.007 -1.02 -1.033 -1.049 -1.067 -1.071 -1.07 -1.068 -1.065 -1.07 -1.075 -1.059 -1.039 -1.024 -1.006 -1.015 -1.026 -1.038 -1.052 -1.068 -1.086 -1.116 -1.15 -1.133 -1.11 -1.119 -1.128 -1.122 -1.116 -1.13 -1.148 -1.142 -1.134 -1.132 -1.13 -1.123 -1.116 -1.112 -1.108 -1.119 -1.134 -9999 -9999 -9999 -9999 -9999 -9999 -9999 -9999 -9999 -9999 -9999 -9999 -9999 -9999 -9999 -9999 -9999 -9999 -9999 -9999 -9999 -9999 -9999 -9999 -9999
-9999 -9999 -9999 -9999 -9999 -9999 -0.993 -1.014 -1.023 -1.032 -1.048 -1.07 -1.079 -1.074 -1.072 -1.06 -1.056 -1.049 -1.052 -1.055 -1.043 -1.036 -1.029 -1.035 -1.042 -1.045 -1.056 -1.067 -1.077 -1.078 -1.098 -1.109 -1.103 -1.114 -1.127 -1.142 -1.129 -1.1 -1.114 -1.14 -1.133 -1.127 -1.124 -1.124 -1.121 -1.128 -1.12 -1.104 -1.118 -9999 -9999 -9999 -9999 -9999 -9999 -9999 -9999 -9999 -9999 -9999 -9999 -9999 -9999 -9999 -9999 -9999 -9999 -9999 -9999 -9999 -9999 -9999 -9999 -9999 -9999
-9999 -9999 -9999 -9999 -0.997 -0.986 -9999 -1.026 -1.035 -1.045 -1.065 -1.086 -1.082 -1.075 -1.066 -1.055 -1.049 -1.041 -1.044 -1.047 -1.041 -1.035 -1.04 -1.046 -1.049 -1.053 -1.062 -1.073 -1.074 -1.076 -1.084 -1.093 -1.105 -1.118 -1.133 -1.148 -1.124 -1.095 -1.112 -1.135 -1.129 -1.122 -1.12 -1.12 -1.124 -1.13 -1.116 -1.101 -1.12 -9999 -9999 -9999 -9999 -9999 -9999 -9999 -9999 -9999 -9999 -9999 -9999 -9999 -9999 -9999 -9999 -9999 -9999 -9999 -9999 -9999 -9999 -9999 -9999 -9999 -9999
-9999 -9999 -9999 -1.02 -1.008 -1.026 -1.036 -1.028 -1.038 -1.047 -1.07 -1.102 -1.105 -1.113 -1.101 -1.078 -1.068 -1.044 -1.049 -1.059 -1.052 -1.04 -1.043 -1.045 -1.046 -1.045 -1.051 -1.055 -1.061 -1.078 -1.085 -1.094 -1.101 -1.099 -1.107 -1.108 -1.094 -1.095 -1.104 -1.106 -1.098 -1.092 -1.09 -1.096 -1.098 -1.104 -1.097 -1.103 -9999 -9999 -9999 -9999 -9999 -9999 -9999 -9999 -9999 -9999 -9999 -9999 -9999 -9999 -9999 -9999 -9999 -9999 -9999 -9999 -9999 -9999 -9999 -9999 -9999 -9999 -9999
-9999 -9999 -9999 -1.031 -9999 -1.042 -1.037 -1.029 -1.038 -1.047 -1.075 -1.107 -1.117 -1.123 -1.106 -1.085 -1.066 -1.044 -1.052 -1.062 -1.053 -1.041 -1.043 -1.044 -1.043 -1.041 -1.044 -1.048 -1.061 -1.077 -1.084 -1.091 -1.09 -1.086 -1.088 -1.088 -1.091 -1.093 -1.092 -1.093 -1.085 -1.079 -1.08 -1.084 -1.087 -1.091 -1.095 -1.101 -9999 -9999 -9999 -9999 -9999 -9999 -9999 -9999 -9999 -9999 -9999 -9999 -9999 -9999 -9999 -9999 -9999 -9999 -9999 -9999 -9999 -9999 -9999 -9999 -9999 -9999 -9999
-9999 -9999 -9999 -9999 -9999 -1.021 -1.022 -1.033 -1.045 -1.06 -1.088 -1.12 -1.131 -1.139 -1.121 -1.092 -1.072 -1.044 -1.047 -1.042 -1.037 -1.039 -1.038 -1.036 -1.038 -1.044 -1.049 -1.058 -1.068 -1.073 -1.081 -1.096 -1.097 -1.1 -1.102 -1.101 -1.099 -1.087 -1.087 -1.089 -1.086 -1.087 -1.09 -1.098 -1.099 -1.097 -1.099 -1.099 -9999 -9999 -9999 -9999 -9999 -9999 -9999 -9999 -9999 -9999 -9999 -9999 -9999 -9999 -9999 -9999 -9999 -9999 -9999 -9999 -9999 -9999 -9999 -9999 -9999 -9999 -9999
-9999 -9999 -9999 -1.045 -1.029 -1.013 -1.024 -1.034 -1.048 -1.063 -1.091 -1.122 -9999 -1.142 -1.119 -1.092 -1.07 -1.044 -1.039 -1.033 -1.035 -1.037 -1.035 -1.033 -1.038 -1.044 -1.051 -1.06 -1.064 -1.068 -1.08 -1.093 -1.097 -1.101 -1.101 -1.101 -1.092 -1.08 -1.082 -1.085 -1.085 -1.087 -1.092 -1.1 -1.098 -1.096 -1.095 -1.095 -9999 -9999 -9999 -9999 -9999 -9999 -9999 -9999 -9999 -9999 -9999 -9999 -9999 -9999 -9999 -9999 -9999 -9999 -9999 -9999 -9999 -9999 -9999 -9999 -9999 -9999 -9999
-1.022 -1.029 -1.037 -9999 -1.018 -1.022 -1.033 -1.041 -1.06 -1.089 -1.115 -9999 -1.135 -1.11 -1.091 -1.074 -1.059 -1.052 -1.046 -1.031 -1.037 -1.05 -1.05 -1.053 -1.06 -1.069 -1.073 -1.07 -1.073 -1.074 -1.085 -1.098 -1.1 -1.099 -1.097 -1.09 -1.085 -1.083 -1.082 -1.073 -1.073 -1.072 -1.077 -1.085 -1.081 -1.074 -1.088 -9999 -9999 -9999 -9999 -9999 -9999 -9999 -9999 -9999 -9999 -9999 -9999 -9999 -9999 -9999 -9999 -9999 -9999 -9999 -9999 -9999 -9999 -9999 -9999 -9999 -9999 -9999 -9999
-1.026 -1.031 -1.024 -1.019 -9999 -1.025 -1.034 -1.042 -1.068 -1.097 -1.118 -1.139 -1.119 -1.095 -1.082 -1.066 -1.061 -1.054 -1.043 -1.03 -1.041 -1.053 -1.056 -1.059 -1.067 -1.076 -1.074 -1.071 -1.072 -1.073 -1.083 -1.095 -1.095 -1.094 -1.088 -1.081 -1.08 -1.079 -1.073 -1.065 -1.063 -1.062 -1.068 -1.075 -1.068 -9999 -9999 -9999 -9999 -9999 -9999 -9999 -9999 -9999 -9999 -9999 -9999 -9999 -9999 -9999 -9999 -9999 -9999 -9999 -9999 -9999 -9999 -9999 -9999 -9999 -9999 -9999 -9999 -9999 -9999
-9999 -9999 -1.021 -9999 -1.036 -1.044 -1.057 -1.074 -1.095 -9999 -9999 -1.112 -1.093 -1.075 -1.063 -1.052 -1.047 -1.041 -1.038 -1.047 -1.056 -1.061 -1.063 -1.061 -1.069 -1.076 -1.073 -1.065 -1.064 -1.063 -1.072 -1.084 -1.084 -1.084 -1.074 -1.056 -1.058 -1.064 -1.063 -1.07 -1.071 -1.075 -1.079 -1.079 -9999 -9999 -9999 -9999 -9999 -9999 -9999 -9999 -9999 -9999 -9999 -9999 -9999 -9999 -9999 -9999 -9999 -9999 -9999 -9999 -9999 -9999 -9999 -9999 -9999 -9999 -9999 -9999 -9999 -9999 -9999
-1.026 -9999 -1.027 -1.039 -1.041 -1.048 -1.065 -1.083 -9999 -9999 -1.103 -1.098 -1.083 -1.065 -1.056 -1.045 -1.041 -1.035 -1.043 -1.052 -1.057 -1.062 -1.062 -1.06 -1.067 -1.074 -1.068 -1.059 -1.058 -1.056 -1.065 -1.075 -1.076 -1.076 -1.061 -1.043 -1.047 -1.053 -1.06 -1.067 -1.07 -1.074 -1.074 -1.075 -1.072 -9999 -9999 -9999 -9999 -9999 -9999 -9999 -9999 -9999 -9999 -9999 -9999 -9999 -9999 -9999 -9999 -9999 -9999 -9999 -9999 -9999 -9999 -9999 -9999 -9999 -9999 -9999 -9999 -9999 -9999
-1.014 -1.028 -1.037 -1.047 -1.052 -1.068 -1.083 -9999 -9999 -1.099 -1.098 -1.08 -1.066 -1.053 -1.048 -1.05 -1.044 -1.032 -1.04 -1.048 -1.048 -1.042 -1.048 -1.068 -1.073 -1.077 -1.067 -1.049 -1.049 -1.053 -1.061 -1.071 -1.072 -1.076 -1.063 -1.051 -1.054 -1.057 -1.061 -1.062 -1.063 -1.065 -1.063 -1.058 -9999 -9999 -9999 -9999 -9999 -9999 -9999 -9999 -9999 -9999 -9999 -9999 -9999 -9999 -9999 -9999 -9999 -9999 -9999 -9999 -9999 -9999 -9999 -9999 -9999 -9999 -9999 -9999 -9999 -9999 -9999
-1.015 -1.029 -9999 -9999 -1.058 -1.072 -9999 -9999 -9999 -1.094 -1.084 -1.07 -1.06 -1.046 -1.049 -1.051 -1.042 -1.03 -1.037 -1.045 -1.04 -1.033 -1.05 -1.069 -1.072 -1.076 -1.062 -1.044 -1.048 -1.051 -1.058 -1.068 -1.07 -1.073 -1.064 -1.052 -1.053 -1.055 -1.056 -1.057 -1.057 -1.059 -1.054 -1.049 -9999 -9999 -9999 -9999 -9999 -9999 -9999 -9999 -9999 -9999 -9999 -9999 -9999 -9999 -9999 -9999 -9999 -9999 -9999 -9999 -9999 -9999 -9999 -9999 -9999 -9999 -9999 -9999 -9999 -9999 -9999
-9999 -0.995 -0.999 -1.002 -9999 -9999 -9999 -9999 -1.065 -1.076 -1.072 -1.067 -1.056 -1.04 -1.044 -1.048 -1.04 -1.029 -1.031 -1.025 -1.022 -1.024 -1.039 -1.057 -1.058 -1.056 -1.044 -1.033 -1.036 -1.039 -1.043 -1.045 -1.054 -1.078 -1.07 -1.061 -1.056 -1.039 -1.043 -1.055 -1.058 -1.064 -1.059 -9999 -9999 -9999 -9999 -9999 -9999 -9999 -9999 -9999 -9999 -9999 -9999 -9999 -9999 -9999 -9999 -9999 -9999 -9999 -9999 -9999 -9999 -9999 -9999 -9999 -9999 -9999 -9999 -9999 -9999 -9999 -9999
