Validation/Results/raw data/ReClimate_10_2024_2_Precipitation-Actuals.asc
NCOLS 192
NROWS 249
XLLCENTER -225160.85627316462
YLLCENTER 29788.11610251431
CELLSIZE 5000.0
NODATA_VALUE -9999
[rows 165 to 197 of 249, columns 74 to 147 of 192]
-9999 -9999 -9999 -9999 -9999 -9999 -9999 -9999 -9999 -9999 -9999 -9999 -9999 -9999 -9999 -9999 -9999 -9999 -9999 -9999 -9999 -9999 -9999 -9999 -9999 -9999 -9999 -9999 -9999 -9999 -9999 -9999 -9999 -9999 -9999 -9999 -9999 -9999 101.15 103.008 106.568 120.373 120.576 135.321 158.425 174.407 181.19 184.844 175.707 179.589 174.773 173.245 161.252 129.735 99.596 88.484 77.053 69.329 63.807 59.989 56.117 55.742 54.723 53.427 52.384 52.527 53.453 53.276 56.082 56.325 58.522 61.833 61.286 57.985
-9999 -9999 -9999 -9999 -9999 -9999 -9999 -9999 -9999 -9999 -9999 -9999 -9999 -9999 -9999 -9999 -9999 -9999 -9999 -9999 -9999 -9999 -9999 -9999 -9999 -9999 -9999 -9999 -9999 -9999 -9999 -9999 -9999 -9999 -9999 -9999 -9999 -9999 98.912 102.031 104.689 110.695 118.504 134.284 150.98 162.075 164.57 157.523 158.512 152.059 157.002 168.512 159.602 142.194 117.725 92.245 77.756 73.618 67.645 63.768 61.564 56.926 55.064 52.986 52.301 51.506 50.544 52.88 53.573 57.338 57.657 57.534 59.799 59.392
-9999 -9999 -9999 -9999 -9999 -9999 -9999 -9999 -9999 -9999 -9999 -9999 -9999 -9999 -9999 -9999 -9999 -9999 -9999 -9999 -9999 -9999 -9999 -9999 -9999 -9999 -9999 -9999 -9999 -9999 -9999 -9999 -9999 -9999 -9999 -9999 -9999 95.163 96.387 99.95 107.434 109.326 111.456 124.425 140.05 140.174 138.615 134.959 134.578 131.468 144.768 166.452 177.552 162.33 140.512 121.254 91.231 70.358 66.841 63.549 63.231 59.653 54.434 52.213 49.729 49.953 51.271 52.585 55.127 55.705 57.386 58.259 58.741 58.147
-9999 -9999 -9999 -9999 -9999 -9999 -9999 -9999 -9999 -9999 -9999 -9999 -9999 -9999 -9999 -9999 -9999 -9999 -9999 -9999 -9999 -9999 -9999 -9999 -9999 -9999 -9999 -9999 -9999 -9999 -9999 -9999 -9999 -9999 -9999 -9999 -9999 93.12 92.939 99.584 103.09 103.922 111.735 114.747 119.029 117.358 116.126 118.95 115.729 120.18 132.975 151.493 179.107 193.876 171.18 141.364 114.609 85.768 71.695 63.678 57.988 58.841 55.897 51.989 50.807 50.077 51.0 51.34 55.051 56.474 55.895 56.94 58.926 57.316
-9999 -9999 -9999 -9999 -9999 -9999 -9999 -9999 -9999 -9999 -9999 -9999 -9999 -9999 -9999 -9999 -9999 -9999 -9999 -9999 -9999 -9999 -9999 -9999 -9999 -9999 -9999 -9999 -9999 -9999 -9999 -9999 -9999 -9999 -9999 -9999 -9999 -9999 94.026 95.98 96.914 102.434 102.136 102.263 99.525 98.499 101.385 100.671 101.647 104.847 116.672 133.216 154.959 187.49 193.465 166.166 130.813 102.525 79.082 69.925 60.002 58.713 58.296 55.252 51.414 52.173 52.135 51.796 53.304 56.901 55.534 54.953 57.744 57.681
-9999 -9999 -9999 -9999 -9999 -9999 -9999 -9999 -9999 -9999 -9999 -9999 -9999 -9999 -9999 -9999 -9999 -9999 108.436 111.696 -9999 -9999 -9999 -9999 -9999 -9999 -9999 -9999 -9999 -9999 -9999 -9999 -9999 -9999 -9999 -9999 -9999 88.365 85.541 90.365 96.19 98.807 96.458 91.66 88.779 89.175 90.92 93.168 94.375 100.18 112.611 134.563 148.182 174.912 177.471 166.707 146.858 106.27 84.336 67.475 65.492 65.338 61.921 55.574 53.318 50.468 54.052 53.363 53.66 53.697 54.528 53.347 54.976 58.215
-9999 -9999 -9999 -9999 -9999 -9999 -9999 -9999 -9999 -9999 -9999 -9999 -9999 -9999 -9999 -9999 -9999 -9999 115.281 120.726 119.063 -9999 -9999 -9999 -9999 -9999 -9999 -9999 -9999 -9999 -9999 -9999 -9999 -9999 -9999 -9999 79.524 79.549 81.628 88.178 95.739 91.356 89.1 85.844 82.171 85.089 89.51 91.447 91.117 96.303 105.34 119.753 149.114 175.564 178.483 149.311 132.642 113.08 85.523 72.945 62.266 66.451 63.938 57.184 52.544 51.397 52.786 54.842 53.617 53.093 53.117 52.655 53.65 55.961
-9999 -9999 -9999 -9999 -9999 -9999 -9999 -9999 -9999 -9999 -9999 -9999 -9999 -9999 -9999 -9999 -9999 102.079 110.84 124.703 123.132 121.151 -9999 -9999 -9999 -9999 -9999 -9999 -9999 -9999 -9999 -9999 -9999 81.902 -9999 -9999 76.232 80.795 81.502 84.164 83.638 -9999 85.807 81.699 86.006 89.491 88.415 85.705 88.458 91.534 98.147 119.974 128.813 155.14 152.481 131.476 122.045 104.438 94.787 79.235 67.084 63.637 62.824 58.424 55.366 56.565 55.326 53.454 52.675 51.568 53.017 54.337 52.915 54.892
-9999 -9999 -9999 -9999 -9999 -9999 -9999 -9999 -9999 -9999 -9999 -9999 -9999 -9999 -9999 -9999 -9999 96.85 110.937 120.724 124.572 123.427 116.876 119.727 -9999 -9999 -9999 125.37 103.271 -9999 91.639 87.675 82.826 91.182 83.437 -9999 -9999 77.595 78.773 -9999 -9999 81.095 79.881 79.956 83.523 84.534 82.973 85.568 87.317 95.19 107.24 137.628 141.949 143.576 132.546 126.697 120.754 104.64 85.269 78.435 71.553 70.28 63.594 59.825 54.075 54.552 58.435 55.075 52.829 52.086 53.123 53.847 52.256 53.546
-9999 -9999 -9999 -9999 -9999 -9999 -9999 -9999 -9999 -9999 -9999 -9999 -9999 -9999 -9999 -9999 -9999 -9999 106.559 115.491 123.881 124.626 124.069 -9999 -9999 179.027 178.407 135.855 122.083 115.291 109.485 92.202 91.959 84.843 85.48 92.006 -9999 76.113 73.83 74.964 76.734 79.476 81.708 83.0 83.368 82.356 82.447 82.01 92.582 98.411 113.622 144.192 153.819 143.254 128.337 109.243 111.471 99.626 85.212 75.74 71.889 69.355 63.884 59.688 57.565 55.634 55.853 54.352 52.185 53.339 54.245 54.112 51.712 52.212
-9999 -9999 -9999 -9999 -9999 -9999 -9999 -9999 -9999 -9999 -9999 -9999 -9999 -9999 -9999 -9999 -9999 -9999 105.042 113.998 117.149 121.108 138.703 174.157 207.464 244.562 202.818 164.715 140.348 126.223 121.283 106.266 90.635 90.464 101.28 94.864 91.204 78.296 70.346 72.408 72.978 75.945 77.989 73.312 81.667 83.257 77.972 82.021 87.808 96.433 119.759 143.705 158.888 146.683 136.167 114.036 101.366 99.049 90.414 80.365 76.097 72.203 64.458 63.076 59.645 56.325 56.059 52.432 51.94 52.551 54.988 54.638 51.971 52.068
-9999 -9999 -9999 -9999 -9999 -9999 -9999 -9999 -9999 -9999 -9999 -9999 -9999 -9999 -9999 -9999 -9999 -9999 -9999 119.726 123.787 143.163 195.227 237.422 293.683 297.508 255.066 202.291 170.979 150.596 142.506 120.213 113.765 105.428 95.957 106.411 88.803 77.744 74.996 72.453 71.535 73.293 70.921 75.832 75.902 73.528 77.528 78.102 81.48 96.08 116.682 131.772 138.337 129.375 126.518 121.095 102.431 98.486 93.749 83.702 79.978 75.639 69.668 65.213 61.72 57.788 55.984 52.995 51.842 49.865 52.707 54.472 51.338 50.239
-9999 -9999 -9999 -9999 -9999 -9999 -9999 -9999 -9999 -9999 -9999 -9999 -9999 -9999 -9999 -9999 -9999 -9999 -9999 -9999 -9999 173.772 233.505 313.008 384.202 349.195 275.034 211.291 173.63 183.233 165.827 156.349 132.689 114.754 100.173 98.899 101.305 93.857 80.694 71.498 68.757 70.101 72.676 73.372 71.516 71.488 73.957 74.202 77.457 93.392 111.493 114.297 127.254 127.917 122.468 119.019 106.473 98.31 93.204 81.777 78.283 78.925 73.138 67.875 62.2 57.807 56.69 52.284 51.39 50.673 50.295 54.286 51.267 49.095
-9999 -9999 -9999 -9999 -9999 -9999 -9999 -9999 -9999 -9999 -9999 -9999 -9999 -9999 -9999 -9999 -9999 -9999 -9999 -9999 161.202 212.018 273.904 369.472 426.107 350.989 267.0 212.918 192.253 187.35 167.163 155.775 147.449 116.878 109.858 120.767 111.723 98.322 80.3 74.074 70.828 71.883 73.785 74.292 74.129 74.834 73.259 75.043 84.366 94.993 96.714 102.998 115.557 118.25 118.247 108.807 104.763 102.65 89.829 80.897 76.723 75.702 73.321 66.645 64.163 57.915 54.567 51.837 51.414 50.273 54.018 53.721 51.1 48.412
-9999 -9999 -9999 -9999 -9999 -9999 -9999 -9999 -9999 -9999 -9999 -9999 -9999 -9999 -9999 -9999 -9999 -9999 -9999 145.75 215.078 227.491 289.955 343.065 336.354 349.451 296.415 247.62 240.191 216.582 178.743 154.96 139.062 123.379 133.678 135.742 119.813 103.923 84.131 73.007 70.024 73.847 72.83 73.122 74.504 72.358 72.846 80.56 84.666 86.177 94.47 100.294 109.309 118.694 106.591 101.868 92.726 92.489 88.293 75.468 74.503 73.31 70.62 66.258 60.675 59.607 53.142 50.761 50.718 49.711 50.352 52.906 49.151 48.967
-9999 -9999 -9999 -9999 -9999 -9999 -9999 -9999 -9999 -9999 -9999 -9999 -9999 -9999 -9999 -9999 -9999 -9999 126.49 167.495 174.638 210.954 231.086 234.943 258.466 274.084 260.325 267.567 266.3 246.648 216.206 172.583 137.213 140.147 135.225 118.214 114.318 100.178 84.599 74.465 68.618 73.521 72.538 74.527 74.168 74.23 78.816 81.27 84.133 88.963 93.22 98.576 94.887 100.243 99.354 90.875 86.43 83.414 81.638 74.734 68.768 69.256 65.999 61.674 57.923 55.044 50.899 48.865 49.977 49.45 48.927 51.571 48.023 48.077
-9999 -9999 -9999 -9999 -9999 -9999 -9999 -9999 -9999 -9999 -9999 -9999 -9999 -9999 -9999 -9999 119.921 119.612 123.401 139.216 149.731 151.679 169.495 168.362 197.537 224.345 251.805 269.366 283.67 229.621 186.229 159.749 149.894 163.427 153.491 137.221 115.258 99.64 88.179 73.195 71.468 74.79 76.368 74.43 74.303 75.919 78.25 83.725 80.391 85.4 93.008 94.784 92.697 89.584 82.441 80.143 78.419 77.108 73.821 70.809 67.566 62.602 59.532 55.14 54.053 51.734 49.17 47.864 50.58 50.984 51.679 52.523 49.75 46.559
-9999 -9999 -9999 -9999 -9999 -9999 -9999 -9999 -9999 -9999 -9999 -9999 -9999 -9999 -9999 123.538 122.79 120.402 122.17 -9999 -9999 -9999 -9999 169.342 209.349 256.381 261.5 273.027 239.442 219.079 215.904 193.429 193.881 210.762 180.935 143.985 118.411 104.288 84.099 74.926 75.492 75.472 72.532 72.835 72.886 73.578 75.094 77.565 77.948 82.162 85.739 84.934 84.756 81.309 76.558 75.206 71.463 68.103 64.409 62.483 63.101 60.25 55.066 55.213 53.542 52.039 51.932 52.534 53.102 54.002 54.214 53.568 51.317 47.265
-9999 -9999 -9999 -9999 -9999 -9999 -9999 -9999 -9999 -9999 -9999 -9999 -9999 -9999 -9999 123.66 124.757 114.959 -9999 -9999 -9999 -9999 -9999 171.968 220.75 268.701 250.474 261.953 259.84 259.773 261.138 233.867 216.62 202.588 148.295 122.934 115.219 95.293 82.089 77.21 74.778 72.718 73.612 73.135 72.631 71.426 73.146 74.252 76.485 75.38 77.861 76.82 76.819 77.676 76.3 72.659 68.782 64.672 63.458 62.256 59.26 58.179 53.329 53.413 57.598 55.561 58.503 59.745 58.787 57.612 56.187 52.084 49.062 47.677
-9999 -9999 -9999 -9999 -9999 -9999 -9999 -9999 -9999 -9999 -9999 -9999 -9999 -9999 -9999 -9999 -9999 110.61 -9999 -9999 -9999 -9999 -9999 170.763 218.897 220.092 234.239 257.066 261.684 293.281 277.52 225.692 217.183 179.033 143.055 122.137 103.855 91.103 77.949 75.735 71.793 70.892 68.517 66.876 68.356 66.824 70.441 74.062 72.104 71.632 73.421 74.417 73.401 71.984 73.008 70.834 67.743 68.713 66.956 63.675 60.046 58.219 66.102 58.028 56.602 58.383 57.755 59.355 60.218 59.333 55.451 54.513 50.696 47.759
-9999 -9999 -9999 -9999 -9999 -9999 -9999 -9999 -9999 -9999 -9999 -9999 -9999 -9999 -9999 -9999 -9999 -9999 -9999 -9999 -9999 -9999 -9999 165.121 185.21 190.22 235.101 256.475 295.231 296.608 282.312 248.25 199.06 160.28 134.211 106.099 95.132 79.486 73.954 70.514 71.996 67.504 65.473 64.711 62.953 63.635 67.83 69.687 69.926 71.323 71.383 77.391 72.748 67.958 67.934 68.721 65.306 66.081 67.151 64.797 64.919 66.034 62.704 62.861 53.403 53.501 56.114 56.428 57.323 59.172 55.403 51.231 50.32 47.648
-9999 -9999 -9999 -9999 -9999 -9999 -9999 -9999 -9999 -9999 -9999 -9999 -9999 -9999 -9999 -9999 -9999 -9999 -9999 -9999 -9999 -9999 -9999 -9999 182.897 246.369 289.857 298.949 289.652 271.861 246.548 202.057 169.973 139.306 111.943 108.961 93.01 76.712 74.567 73.975 69.561 65.914 64.457 63.806 62.745 60.852 70.508 71.325 70.695 69.498 70.315 75.391 73.661 68.562 65.852 64.011 62.682 63.624 64.425 63.754 69.817 71.75 64.818 57.966 55.367 54.625 56.861 59.989 58.946 57.819 55.258 51.619 49.007 46.474
-9999 -9999 -9999 -9999 -9999 -9999 -9999 -9999 -9999 -9999 -9999 -9999 -9999 -9999 -9999 -9999 -9999 -9999 -9999 -9999 -9999 -9999 -9999 165.437 202.771 268.908 302.641 290.751 251.607 234.239 211.824 201.368 169.526 130.253 115.478 106.747 89.211 95.425 77.867 72.512 70.417 72.23 70.56 68.809 70.562 72.362 71.278 68.041 68.757 67.663 69.799 72.742 70.865 66.3 65.001 62.21 60.098 59.092 61.375 61.23 63.739 67.738 61.843 56.947 56.297 57.338 59.566 61.962 61.006 57.559 54.04 51.398 48.797 45.602
-9999 -9999 -9999 -9999 -9999 -9999 -9999 -9999 -9999 -9999 -9999 -9999 -9999 -9999 -9999 -9999 -9999 -9999 -9999 -9999 -9999 -9999 -9999 152.328 197.098 264.493 263.611 231.511 209.446 207.67 215.154 197.594 157.739 125.397 113.123 97.826 93.975 85.395 81.557 79.353 80.669 76.61 69.671 68.12 70.58 71.917 68.746 67.247 68.782 69.858 72.401 72.949 71.516 69.474 66.2 63.082 59.737 58.524 59.677 61.409 63.548 65.48 59.109 55.149 55.793 60.97 60.406 61.337 61.293 56.922 54.087 49.697 46.167 46.207
-9999 -9999 -9999 -9999 -9999 -9999 -9999 -9999 -9999 -9999 -9999 -9999 -9999 -9999 -9999 -9999 -9999 -9999 -9999 -9999 -9999 -9999 -9999 137.801 178.717 198.498 216.98 206.314 208.577 214.99 213.735 182.405 154.572 125.079 107.91 91.347 89.265 89.117 89.287 96.822 98.343 85.412 78.603 72.989 72.933 72.236 66.86 67.017 67.127 68.572 72.918 73.567 73.943 74.3 69.539 63.35 63.324 61.035 60.818 61.57 59.905 60.029 57.557 55.81 57.037 59.157 61.233 57.81 54.938 53.238 53.118 52.815 45.696 42.024
-9999 -9999 -9999 -9999 -9999 -9999 -9999 -9999 -9999 -9999 -9999 -9999 -9999 -9999 -9999 -9999 -9999 -9999 -9999 -9999 -9999 -9999 -9999 -9999 143.253 191.992 222.176 249.737 261.054 227.703 197.176 156.02 120.649 113.006 103.747 98.841 101.801 86.832 92.797 98.609 99.369 87.819 75.792 70.289 77.996 74.913 68.252 67.695 67.19 70.412 73.949 71.906 70.401 71.131 68.073 63.681 64.003 65.08 62.01 61.086 59.449 56.078 56.094 56.58 56.85 57.222 57.067 56.572 54.016 51.487 52.977 50.807 48.046 43.957
-9999 -9999 -9999 -9999 -9999 -9999 -9999 -9999 -9999 -9999 -9999 -9999 -9999 -9999 -9999 -9999 -9999 -9999 -9999 -9999 -9999 -9999 -9999 -9999 154.101 190.2 236.955 295.908 307.488 255.341 197.866 140.804 118.788 117.935 118.479 122.976 106.015 95.926 85.226 95.002 93.616 84.178 79.762 84.121 83.123 78.57 74.313 72.46 70.195 71.345 72.906 74.865 72.535 70.306 67.908 63.007 63.9 65.513 62.795 61.975 62.369 60.884 59.203 59.408 57.097 55.942 57.397 56.792 55.634 52.89 54.208 52.674 48.207 47.717
-9999 -9999 -9999 -9999 -9999 -9999 -9999 -9999 -9999 -9999 -9999 -9999 -9999 -9999 -9999 -9999 -9999 -9999 -9999 -9999 -9999 -9999 -9999 129.367 139.849 186.702 241.014 294.534 289.97 245.58 182.716 163.178 160.329 144.159 137.929 122.446 102.415 94.954 96.898 97.299 86.01 87.382 90.015 86.992 87.509 79.575 74.095 73.369 69.16 72.928 76.722 76.588 77.986 73.388 69.853 65.489 64.178 64.94 63.352 62.725 65.044 62.211 61.099 61.11 60.301 58.487 59.83 57.355 56.293 55.172 55.274 50.935 49.094 49.387
-9999 -9999 -9999 -9999 -9999 -9999 -9999 -9999 -9999 -9999 -9999 -9999 -9999 -9999 -9999 -9999 -9999 -9999 -9999 -9999 -9999 -9999 -9999 131.795 151.885 180.935 214.217 263.561 280.02 233.819 193.086 167.531 152.111 154.487 146.556 131.136 117.712 116.194 104.711 89.801 92.486 86.891 86.352 85.309 90.279 72.905 73.512 70.714 68.878 71.31 76.032 83.523 78.247 76.532 70.724 67.415 64.607 64.927 61.688 60.136 57.779 58.91 57.858 60.244 60.121 62.124 62.95 60.949 56.286 53.561 54.132 50.764 46.72 49.178
-9999 -9999 -9999 -9999 -9999 -9999 -9999 -9999 -9999 -9999 -9999 -9999 -9999 -9999 -9999 -9999 -9999 -9999 -9999 -9999 -9999 -9999 -9999 140.634 151.813 167.378 209.757 251.75 265.563 241.77 190.864 157.546 158.215 153.884 141.376 135.177 138.76 114.354 98.82 95.709 87.241 94.521 81.423 84.941 76.583 72.278 71.964 67.78 65.738 66.932 73.585 74.072 76.388 75.209 71.729 67.945 65.592 63.394 61.144 59.013 59.61 52.445 55.545 58.257 61.375 60.872 59.861 60.087 58.327 55.596 50.824 50.619 47.633 46.625
-9999 -9999 -9999 -9999 -9999 -9999 -9999 -9999 -9999 -9999 -9999 -9999 -9999 -9999 -9999 -9999 -9999 -9999 -9999 -9999 -9999 -9999 139.254 144.873 163.231 175.164 196.844 233.342 243.471 227.075 179.783 150.146 141.909 140.799 139.274 142.528 118.569 113.513 108.5 92.229 87.742 80.934 74.661 73.302 73.859 75.32 68.389 66.388 66.46 63.42 66.378 69.981 69.236 71.257 69.624 66.397 64.24 62.056 58.167 55.791 55.371 56.982 55.424 60.341 60.14 60.515 58.246 57.559 56.647 50.631 49.959 49.127 48.771 48.699
-9999 -9999 -9999 -9999 -9999 -9999 -9999 -9999 -9999 -9999 -9999 -9999 -9999 -9999 -9999 -9999 -9999 -9999 -9999 -9999 -9999 142.615 142.613 152.885 159.274 166.788 206.008 234.391 240.024 213.53 200.286 160.727 151.532 136.55 132.526 137.182 117.888 111.887 98.52 86.301 81.407 77.559 75.064 80.285 80.557 75.462 72.372 71.609 64.013 61.71 66.189 66.801 65.303 65.518 66.306 64.229 62.034 60.264 57.358 56.414 56.371 56.171 54.195 56.626 59.698 59.133 57.255 55.072 52.857 51.691 53.19 52.817 49.679 49.858
-9999 -9999 -9999 -9999 -9999 -9999 -9999 -9999 -9999 -9999 -9999 -9999 -9999 -9999 -9999 -9999 -9999 -9999 -9999 154.203 150.319 149.906 146.316 148.69 166.021 187.877 225.529 254.876 251.024 241.302 198.987 170.628 146.066 131.469 133.363 136.031 119.332 104.935 94.207 82.66 79.416 74.883 78.531 80.025 75.004 76.511 75.169 68.128 64.869 63.859 66.517 64.234 62.664 61.652 62.616 59.336 57.01 56.592 58.059 58.452 61.179 62.162 60.507 58.089 57.133 56.68 57.18 58.495 54.725 52.378 51.024 53.547 50.554 48.469
