Validation/Results/raw data/ReClimate_10_2024_1_Temperature.asc
NCOLS 192
NROWS 249
XLLCENTER -225160.85627316462
YLLCENTER 29788.11610251502
CELLSIZE 5000.0
NODATA_VALUE -9999
[rows 204 to 237 of 249, columns 77 to 153 of 192]
-9999 -9999 -0.076 -9999 -0.055 -0.041 -0.03 -0.021 -0.014 -0.009 -0.0 0.011 0.012 0.011 0.023 0.035 0.041 0.046 0.05 0.052 0.067 0.083 0.088 0.093 0.093 0.092 0.099 0.106 0.102 0.096 0.099 0.102 0.105 0.108 0.116 0.126 0.126 0.124 0.129 0.134 0.136 0.138 0.154 0.172 0.17 0.168 0.19 0.217 0.203 0.186 0.186 0.186 0.189 0.192 0.198 0.205 0.211 0.218 0.215 0.209 0.207 0.203 0.209 0.218 0.231 0.248 0.243 0.235 0.235 0.234 0.241 0.248 0.258 0.27 0.263 0.254 0.251
-9999 -9999 -9999 -9999 -9999 -9999 -0.031 -0.015 -0.01 -0.01 -0.003 0.004 0.003 -0.003 0.009 0.026 0.037 0.064 0.064 0.057 0.069 0.076 0.08 0.08 0.08 0.078 0.082 0.081 0.083 0.097 0.101 0.107 0.108 0.104 0.114 0.128 0.128 0.129 0.13 0.123 0.128 0.141 0.153 0.157 0.157 0.161 0.177 0.189 0.18 0.181 0.185 0.187 0.186 0.186 0.195 0.204 0.207 0.211 0.209 0.204 0.204 0.201 0.209 0.217 0.215 0.222 0.227 0.225 0.237 0.243 0.247 0.253 0.249 0.252 0.252 0.247 0.252
-9999 -9999 -9999 -9999 -9999 -9999 -0.026 -0.011 -0.009 -0.008 -0.004 0.002 -0.001 -0.007 0.008 0.024 0.046 0.072 0.067 0.059 0.066 0.074 0.075 0.075 0.075 0.073 0.073 0.072 0.084 0.098 0.103 0.109 0.107 0.103 0.115 0.129 0.13 0.131 0.126 0.119 0.129 0.142 0.147 0.15 0.154 0.158 0.167 0.177 0.178 0.178 0.182 0.186 0.185 0.183 0.192 0.202 0.205 0.208 0.205 0.201 0.201 0.199 0.206 0.216 0.214 0.211 0.215 0.219 0.23 0.244 0.249 0.253 0.249 0.244 0.243 0.242 0.248
-9999 -9999 -9999 -9999 -0.066 -0.051 -0.033 -0.007 -9999 -0.005 -0.0 0.007 0.0 -0.015 -0.002 -9999 0.026 0.032 0.034 0.053 0.06 0.069 0.073 0.081 0.083 0.086 0.089 0.096 0.103 0.099 0.105 0.11 0.11 0.11 0.119 0.124 0.124 0.12 0.119 0.125 0.131 0.13 0.135 0.144 0.147 0.149 0.155 0.157 0.161 0.164 0.174 0.181 0.184 0.184 0.183 0.187 0.195 0.2 0.211 0.215 0.201 0.191 0.2 0.209 0.22 0.226 0.225 0.228 0.223 0.227 0.228 0.228 0.232 0.231 0.232 0.232 0.241
-9999 -9999 -9999 -9999 -0.068 -9999 -9999 -9999 -0.002 -0.002 0.003 -9999 -9999 -9999 -9999 -9999 0.016 0.018 0.034 0.052 0.059 0.067 0.075 0.083 0.087 0.091 0.098 0.105 0.103 0.1 0.106 0.111 0.113 0.113 0.118 0.122 0.12 0.116 0.122 0.128 0.127 0.125 0.133 0.141 0.143 0.146 0.147 0.149 0.153 0.158 0.167 0.178 0.18 0.183 0.183 0.181 0.188 0.196 0.206 0.218 0.205 0.188 0.195 0.205 0.216 0.229 0.229 0.229 0.225 0.219 0.219 0.218 0.221 0.224 0.226 0.228 0.236
-9999 -9999 -9999 -9999 -9999 -9999 -0.038 -0.019 -0.017 -0.012 -0.006 -9999 -9999 -9999 -9999 -9999 -9999 -9999 -9999 0.054 0.058 0.056 0.066 0.081 0.083 0.079 0.091 0.114 0.109 0.096 0.101 0.104 0.103 0.098 0.1 0.1 0.105 0.127 0.129 0.124 0.125 0.132 0.135 0.129 0.134 0.144 0.144 0.141 0.153 0.162 0.168 0.178 0.176 0.176 0.173 0.169 0.175 0.181 0.179 0.183 0.177 0.163 0.179 0.193 0.194 0.201 0.206 0.207 0.212 0.211 0.212 0.211 0.222 0.23 0.217 0.211 0.22
-9999 -9999 -9999 -9999 -9999 -9999 -9999 -0.025 -9999 -9999 -9999 -9999 -9999 -9999 -9999 -9999 -9999 0.044 0.052 0.056 0.055 0.053 0.066 0.081 0.078 0.074 0.094 0.117 0.107 0.095 0.099 0.102 0.099 0.093 0.093 0.092 0.11 0.131 0.127 0.122 -9999 0.135 0.131 0.125 0.133 0.143 0.141 0.138 0.149 0.163 0.168 0.176 0.175 0.173 0.169 0.164 0.169 0.174 0.172 0.169 0.162 0.153 0.169 0.188 0.189 0.19 0.194 0.198 0.202 0.207 0.207 0.208 0.218 0.23 0.218 0.203 0.213
-9999 -9999 -9999 -9999 -9999 -9999 -9999 -9999 -9999 -9999 -9999 -9999 -9999 -9999 -9999 -9999 -9999 0.042 0.048 0.056 0.06 -9999 -9999 -9999 0.083 0.094 0.105 0.099 0.094 0.098 0.103 0.108 0.107 0.11 0.109 0.105 0.119 0.128 0.128 -9999 0.136 0.132 0.128 0.124 0.132 0.141 0.146 0.165 0.171 0.166 0.162 0.164 0.17 0.171 0.163 0.156 0.16 0.164 0.164 0.161 0.164 0.16 0.161 0.171 0.184 0.192 0.193 0.195 0.201 0.207 0.205 0.203 0.21 0.22 0.222 0.216 0.212
-9999 -9999 -9999 -9999 -9999 -9999 -9999 -9999 -9999 -9999 -9999 -9999 -9999 -9999 -9999 -9999 -9999 -9999 -9999 -9999 -9999 -9999 -9999 -9999 0.089 0.102 0.098 0.093 0.096 0.099 0.105 0.111 0.114 0.117 0.114 0.111 0.118 -9999 -9999 0.139 0.135 0.131 0.128 0.124 0.132 0.14 0.156 0.175 0.171 0.166 0.163 0.159 0.164 0.17 0.162 0.152 0.156 0.16 0.159 0.157 0.16 0.162 0.164 0.164 0.176 0.191 0.192 0.193 0.2 0.207 0.204 0.201 0.207 0.215 0.217 0.219 0.216
-9999 -9999 -9999 -9999 -9999 -9999 -9999 -9999 -9999 -9999 -9999 -9999 -9999 -9999 -9999 -9999 -9999 -9999 -9999 -9999 -9999 -9999 -9999 -9999 0.091 0.098 0.094 0.091 0.093 0.093 0.105 0.131 0.13 0.117 -9999 -9999 -9999 -9999 -9999 0.125 0.122 0.122 0.122 0.128 0.13 0.124 0.138 0.155 0.157 0.172 0.17 0.167 0.168 0.171 0.165 0.156 0.163 0.17 0.168 0.166 0.163 0.163 0.15 0.142 0.168 0.192 0.194 0.196 0.202 0.209 0.204 0.198 0.205 0.213 0.212 0.212 0.206
-9999 -9999 -9999 -9999 -9999 -9999 -9999 -9999 -9999 -9999 -9999 -9999 -9999 -9999 -9999 -9999 -9999 -9999 -9999 -9999 -9999 -9999 -9999 -9999 -9999 -9999 0.095 0.092 0.092 0.091 0.114 0.139 0.126 -9999 -9999 -9999 -9999 0.125 0.123 0.119 0.119 0.119 0.124 0.13 0.125 0.118 0.131 0.147 0.159 0.173 0.172 0.17 0.17 0.17 0.165 0.157 0.164 0.173 0.171 0.168 0.166 0.163 0.15 0.134 0.159 0.191 0.193 0.196 0.202 0.209 0.204 0.196 0.203 0.211 0.21 0.208 0.203
-9999 -9999 -9999 -9999 -9999 -9999 -9999 -9999 -9999 -9999 -9999 -9999 -9999 -9999 -9999 -9999 -9999 -9999 -9999 -9999 -9999 -9999 -9999 -9999 -9999 -9999 -9999 0.093 0.096 0.103 0.119 0.127 -9999 -9999 -9999 -9999 0.13 0.126 0.127 0.133 0.129 0.115 0.122 0.133 0.131 0.134 0.14 0.132 0.143 0.157 0.158 0.156 0.152 0.148 0.159 0.161 0.158 0.161 0.158 0.154 0.16 0.162 0.165 0.159 0.149 0.159 0.18 0.193 0.198 0.204 0.201 0.195 0.194 0.197 0.195 0.192 0.196
-9999 -9999 -9999 -9999 -9999 -9999 -9999 -9999 -9999 -9999 -9999 -9999 -9999 -9999 -9999 -9999 -9999 -9999 -9999 -9999 -9999 -9999 -9999 -9999 -9999 -9999 -9999 -9999 -9999 -9999 -9999 -9999 -9999 -9999 -9999 0.137 0.133 0.126 0.132 0.139 0.127 0.114 0.123 0.134 0.137 0.141 0.134 0.126 0.137 0.15 0.151 0.151 0.146 0.14 0.149 0.161 0.159 0.156 0.153 0.148 0.154 0.161 0.164 0.167 0.158 0.147 0.166 0.19 0.195 0.2 0.197 0.193 0.192 0.191 0.189 0.186 0.189
-9999 -9999 -9999 -9999 -9999 -9999 -9999 -9999 -9999 -9999 -9999 -9999 -9999 -9999 -9999 -9999 -9999 -9999 -9999 -9999 -9999 -9999 -9999 -9999 -9999 -9999 -9999 -9999 -9999 -9999 -9999 -9999 -9999 -9999 0.126 0.131 0.126 0.119 0.125 0.137 0.13 0.128 0.137 0.146 0.147 0.142 0.136 0.127 0.137 0.148 0.146 0.145 0.139 0.132 0.134 0.14 0.139 0.137 0.141 0.141 0.15 0.158 0.151 0.148 0.15 0.145 0.167 0.193 0.185 0.182 0.183 0.181 0.184 0.185 0.186 0.185 0.188
-9999 -9999 -9999 -9999 -9999 -9999 -9999 -9999 -9999 -9999 -9999 -9999 -9999 -9999 -9999 -9999 -9999 -9999 -9999 -9999 -9999 -9999 -9999 -9999 -9999 -9999 -9999 -9999 -9999 -9999 -9999 -9999 -9999 -9999 0.131 0.128 0.123 0.116 0.125 0.136 0.135 0.134 0.142 0.151 0.147 0.143 0.136 0.127 0.136 0.146 0.145 0.143 0.137 0.129 0.13 0.132 0.13 0.129 0.133 0.138 0.146 0.156 0.15 0.141 0.142 0.145 0.166 0.192 0.185 0.174 0.175 0.176 0.178 0.182 0.183 0.184 0.187
-9999 -9999 -9999 -9999 -9999 -9999 -9999 -9999 -9999 -9999 -9999 -9999 -9999 -9999 -9999 -9999 -9999 -9999 -9999 -9999 -9999 0.068 0.074 0.083 0.088 -9999 0.093 -9999 -9999 -9999 -9999 -9999 -9999 -9999 -9999 0.126 0.121 0.118 0.125 0.132 0.13 0.128 0.132 0.13 0.132 0.144 0.137 0.126 0.121 0.122 0.133 0.138 0.139 0.136 0.132 0.132 0.13 0.129 0.127 0.129 0.143 0.157 0.161 0.159 0.154 0.153 0.16 0.177 0.179 0.174 0.173 0.172 0.172 0.174 0.18 0.185 0.188
-9999 -9999 -9999 -9999 -9999 -9999 -9999 -9999 -9999 -9999 -9999 -9999 -9999 -9999 -9999 -9999 -9999 -9999 0.075 0.088 0.08 0.067 0.075 0.083 0.087 0.089 0.094 0.1 0.1 -9999 -9999 0.135 0.141 0.144 0.138 0.125 0.122 0.119 0.124 0.13 0.128 0.125 0.124 0.122 0.132 0.145 0.136 0.126 0.121 0.114 0.124 0.136 0.137 0.138 0.135 0.131 0.13 0.129 0.127 0.126 0.139 0.155 0.16 0.164 0.16 0.155 0.162 0.17 0.172 0.173 0.172 0.17 0.17 0.17 0.176 0.185 0.188
-9999 -9999 -9999 -9999 -9999 -9999 -9999 -9999 -9999 -9999 -9999 -9999 -9999 -9999 -9999 -9999 -9999 0.06 0.075 0.073 0.066 0.057 0.069 0.086 0.092 0.097 0.099 0.092 0.093 0.098 0.116 0.138 0.143 0.147 0.133 0.109 0.108 0.11 0.114 0.116 0.116 0.123 0.123 0.127 0.136 0.143 0.139 0.141 0.138 0.136 0.138 0.147 0.139 0.135 0.136 0.135 0.134 0.133 0.13 0.128 0.131 0.141 0.146 0.151 0.16 0.162 0.162 0.166 0.167 0.168 0.171 0.171 0.167 0.164 0.168 0.175 0.178
-9999 -9999 -9999 -9999 -9999 -9999 -9999 -9999 -9999 -9999 -9999 -9999 -9999 -9999 -9999 -9999 -9999 0.061 0.055 0.065 0.06 0.053 0.069 0.087 0.095 0.102 0.098 0.09 0.095 0.101 0.119 0.139 0.143 0.146 0.127 0.103 0.105 0.107 0.109 0.11 0.115 0.122 0.125 0.128 0.135 0.142 0.144 0.146 0.145 0.143 0.147 0.151 0.143 0.133 0.134 0.135 0.135 0.135 0.132 0.129 0.131 0.135 0.139 0.145 0.153 0.163 0.163 0.164 0.165 0.166 0.168 0.17 0.167 0.162 0.165 0.171 0.173
-9999 -9999 -9999 -9999 -9999 -9999 -9999 -9999 -9999 -9999 -9999 -9999 -9999 -9999 -9999 -9999 -9999 0.047 0.049 0.038 0.038 0.046 0.062 0.081 0.094 0.114 0.112 0.106 0.115 0.129 0.139 0.133 0.134 0.134 0.121 0.118 0.118 0.11 0.11 0.107 0.111 0.114 0.118 0.125 0.127 0.122 0.127 0.14 0.138 0.135 0.13 0.129 0.136 0.135 0.132 0.132 0.135 0.137 0.133 0.13 0.131 0.134 0.133 0.136 0.142 0.151 0.155 0.157 0.148 0.142 0.148 0.152 0.165 0.17 0.169 0.171 0.178
-9999 -9999 -9999 -9999 -9999 -9999 -9999 -9999 -9999 -9999 -9999 -9999 -9999 0.023 0.028 -9999 0.036 0.033 0.029 0.026 0.034 0.042 0.059 0.078 0.097 0.119 0.118 0.114 0.126 0.14 0.135 0.129 0.129 0.128 0.126 0.124 0.118 0.111 0.109 0.106 0.108 0.111 0.116 0.123 0.119 0.114 0.125 0.137 0.135 0.132 0.127 0.121 0.127 0.135 0.132 0.13 0.132 0.137 0.133 0.13 0.131 0.133 0.133 0.132 0.138 0.145 0.149 0.153 0.144 0.132 0.138 0.144 0.157 0.172 0.171 0.17 0.177
-9999 -9999 -9999 -9999 -9999 -9999 -9999 -9999 -9999 -9999 -9999 -9999 -9999 0.021 0.024 0.02 0.025 0.034 0.034 0.034 0.041 0.045 0.06 0.073 0.092 0.113 0.117 0.123 0.131 0.131 0.132 0.141 0.139 0.132 0.131 0.13 0.125 0.119 0.118 0.116 0.119 0.12 0.122 0.12 0.119 0.124 0.132 0.134 0.133 0.134 0.121 0.11 0.121 0.131 0.133 0.133 0.131 0.132 0.13 0.127 0.128 0.13 0.127 0.124 0.126 0.129 0.125 0.124 0.126 0.12 0.125 0.132 0.135 0.145 0.161 0.17 0.163
-9999 -9999 -9999 -9999 -9999 -9999 -9999 -9999 -9999 -9999 -9999 -9999 -0.007 0.016 0.016 0.014 0.024 0.034 0.036 0.036 0.04 0.044 0.057 0.07 0.089 0.109 0.118 0.124 0.127 0.127 0.136 0.145 0.14 0.134 0.133 0.132 0.128 0.122 0.122 0.121 0.122 0.123 0.121 0.118 0.123 0.128 0.13 0.133 0.134 0.134 0.122 0.107 0.117 0.129 0.131 0.133 0.131 0.13 0.128 0.126 0.128 0.129 0.126 0.122 0.123 0.124 0.119 0.114 0.115 0.117 0.121 0.127 0.13 0.135 0.15 0.169 0.163
-9999 -9999 -9999 -9999 -9999 -9999 -9999 -9999 -9999 -9999 -9999 -9999 -9999 0.007 0.008 0.003 0.015 0.029 0.031 0.031 0.035 0.042 0.053 0.063 0.079 0.093 0.103 0.118 0.119 0.113 0.118 0.121 0.12 0.129 0.128 0.128 0.123 0.117 0.119 0.125 0.129 0.138 0.135 0.127 0.129 0.126 0.127 0.124 0.121 0.118 0.117 0.108 0.111 0.119 0.118 0.118 0.118 -9999 0.119 0.119 0.125 0.128 0.129 0.128 0.125 0.124 0.129 0.129 0.114 0.106 0.12 0.132 0.129 0.132 0.136 0.148 0.152
-9999 -9999 -9999 -9999 -9999 -9999 -9999 -9999 -9999 -9999 -9999 -9999 -0.021 -0.0 -0.0 -0.004 0.01 0.025 0.027 0.027 0.032 0.038 0.047 0.057 0.07 0.084 0.099 0.114 0.112 0.107 0.109 0.111 0.118 0.127 0.127 0.126 0.121 0.115 0.12 0.126 0.134 0.143 0.137 0.13 0.128 0.125 0.123 0.12 0.117 0.113 0.111 0.108 0.111 0.116 0.114 0.113 0.113 0.114 -9999 0.117 -9999 0.128 -9999 0.13 -9999 0.124 0.129 0.135 0.121 0.104 0.116 0.134 -9999 -9999 -9999 0.141 0.145
-9999 -9999 -9999 -9999 -9999 -9999 -9999 -9999 -9999 -9999 -9999 -9999 -0.03 -0.011 -0.008 -0.004 0.011 0.028 0.03 0.028 0.032 0.03 0.038 0.045 0.058 0.071 0.082 0.087 0.086 0.084 0.089 0.105 0.11 0.112 0.112 0.114 0.112 0.115 0.119 0.123 0.131 0.14 0.136 0.132 0.126 0.113 0.11 0.102 0.101 0.103 0.103 0.102 0.111 0.119 0.118 0.118 0.129 0.136 -9999 -9999 0.133 0.142 -9999 -9999 0.122 0.123 0.119 -9999 -9999 -9999 -9999 -9999 -9999 -9999 -9999 -9999 -9999
-9999 -9999 -9999 -9999 -9999 -9999 -9999 -9999 -9999 -9999 -9999 -0.063 -0.043 -0.022 -0.015 -0.01 0.007 0.024 0.026 0.025 0.025 0.024 0.032 0.039 0.051 0.064 0.07 0.074 0.076 0.074 0.088 0.103 0.104 0.106 0.108 0.11 0.112 0.116 0.118 0.122 0.129 0.138 0.136 0.132 0.121 0.108 0.103 0.095 0.097 0.099 0.099 0.1 0.108 0.12 0.119 -9999 -9999 -9999 0.142 -9999 -9999 -9999 -9999 -9999 -9999 0.119 -9999 -9999 -9999 -9999 -9999 -9999 -9999 -9999 -9999 -9999 -9999
-9999 -9999 -9999 -9999 -9999 -9999 -9999 -9999 -9999 -9999 -0.097 -0.082 -0.061 -0.044 -0.032 -0.016 -0.002 0.003 0.009 0.021 0.024 0.029 0.039 0.05 0.063 0.072 0.078 0.081 0.087 0.096 0.108 0.113 0.113 -9999 -9999 -9999 -9999 -9999 0.127 0.129 0.137 0.147 0.142 0.13 0.116 0.096 0.094 0.102 -9999 0.107 -9999 -9999 -9999 -9999 -9999 0.133 0.14 0.14 0.131 0.126 0.13 -9999 -9999 -9999 -9999 -9999 -9999 -9999 -9999 -9999 -9999 -9999 -9999 -9999 -9999 -9999 -9999
-9999 -9999 -9999 -9999 -9999 -9999 -9999 -9999 -9999 -0.131 -0.115 -0.099 -0.079 -0.06 -0.042 -0.024 -0.016 -0.011 0.002 0.015 0.021 0.027 0.04 0.052 0.063 0.073 0.079 0.082 0.094 0.105 -9999 -9999 -9999 -9999 -9999 -9999 -9999 -9999 -9999 -9999 0.144 0.15 0.14 0.128 0.112 0.092 0.097 0.104 0.109 -9999 -9999 -9999 -9999 -9999 -9999 -9999 0.138 0.138 0.13 0.122 -9999 -9999 -9999 -9999 -9999 -9999 -9999 -9999 -9999 -9999 -9999 -9999 -9999 -9999 -9999 -9999 -9999
-9999 -9999 -9999 -9999 -9999 -9999 -9999 -0.143 -0.144 -0.142 -0.131 -0.118 -0.099 -0.088 -0.068 -0.046 -0.035 -0.023 -0.007 0.014 0.019 0.02 0.033 0.045 0.056 0.064 0.072 0.086 -9999 -9999 -9999 -9999 -9999 -9999 -9999 -9999 -9999 -9999 -9999 -9999 -9999 0.143 -9999 -9999 -9999 -9999 -9999 0.116 0.118 -9999 -9999 -9999 -9999 -9999 -9999 -9999 -9999 -9999 0.133 0.133 -9999 -9999 -9999 -9999 -9999 -9999 -9999 -9999 -9999 -9999 -9999 -9999 -9999 -9999 -9999 -9999 -9999
-9999 -9999 -9999 -9999 -9999 -9999 -0.146 -9999 -0.148 -0.151 -0.147 -0.137 -0.121 -0.108 -0.085 -0.062 -0.047 -0.034 -0.013 0.008 0.011 0.012 0.026 0.039 0.049 0.057 0.072 0.086 -9999 -9999 -9999 -9999 -9999 -9999 -9999 -9999 -9999 -9999 -9999 -9999 -9999 -9999 0.123 -9999 -9999 -9999 -9999 -9999 -9999 -9999 -9999 -9999 -9999 -9999 -9999 -9999 -9999 -9999 -9999 -9999 -9999 -9999 -9999 -9999 -9999 -9999 -9999 -9999 -9999 -9999 -9999 -9999 -9999 -9999 -9999 -9999 -9999
-9999 -9999 -9999 -9999 -9999 -0.148 -0.149 -0.14 -0.142 -0.148 -0.145 -0.138 -0.124 -0.106 -0.084 -0.073 -0.061 -9999 -0.036 -0.015 -0.008 0.005 0.021 0.04 0.048 0.051 0.067 -9999 -9999 -9999 -9999 -9999 -9999 -9999 -9999 -9999 -9999 -9999 -9999 -9999 -9999 -9999 -9999 -9999 -9999 -9999 -9999 -9999 -9999 -9999 -9999 -9999 -9999 -9999 -9999 -9999 -9999 -9999 -9999 -9999 -9999 -9999 -9999 -9999 -9999 -9999 -9999 -9999 -9999 -9999 -9999 -9999 -9999 -9999 -9999 -9999 -9999
-9999 -9999 -9999 -9999 -9999 -0.151 -0.145 -0.142 -0.145 -0.15 -0.148 -0.144 -0.134 -0.117 -0.101 -0.088 -0.079 -0.074 -0.053 -0.031 -0.018 -0.004 0.015 0.035 0.041 0.045 0.064 -9999 -9999 -9999 -9999 -9999 -9999 -9999 -9999 -9999 -9999 -9999 -9999 -9999 -9999 -9999 -9999 -9999 -9999 -9999 -9999 -9999 -9999 -9999 -9999 -9999 -9999 -9999 -9999 -9999 -9999 -9999 -9999 -9999 -9999 -9999 -9999 -9999 -9999 -9999 -9999 -9999 -9999 -9999 -9999 -9999 -9999 -9999 -9999 -9999 -9999
-9999 -9999 -9999 -9999 -0.159 -0.167 -0.166 -0.171 -0.171 -0.165 -0.159 -0.145 -0.141 -0.142 -0.125 -0.099 -0.082 -0.059 -0.04 -0.034 -0.019 -0.005 0.013 0.03 0.038 0.045 -9999 -9999 -9999 -9999 -9999 -9999 -9999 -9999 -9999 -9999 -9999 -9999 -9999 -9999 -9999 -9999 -9999 -9999 -9999 -9999 -9999 -9999 -9999 -9999 -9999 -9999 -9999 -9999 -9999 -9999 -9999 -9999 -9999 -9999 -9999 -9999 -9999 -9999 -9999 -9999 -9999 -9999 -9999 -9999 -9999 -9999 -9999 -9999 -9999 -9999 -9999
