Validation/Results/raw data/ReClimate_07_2024_1_Temperatureweatherlogisticsltd.asc
NCOLS 192
NROWS 249
XLLCENTER -225160.85627316462
YLLCENTER 29788.11610251502
CELLSIZE 5000.0
NODATA_VALUE -9999
[rows 165 to 197 of 249, columns 76 to 151 of 192]
-9999 -9999 -9999 -9999 -9999 -9999 -9999 -9999 -9999 -9999 -9999 -9999 -9999 -9999 -9999 -9999 -9999 -9999 -9999 -9999 -9999 -9999 -9999 -9999 -9999 -9999 -9999 -9999 -9999 -9999 -9999 -9999 -9999 -9999 -9999 -9999 -0.048 -0.03 -0.016 0.006 0.033 0.061 0.086 0.126 0.166 0.215 0.256 0.28 0.309 0.332 0.338 0.376 0.414 0.443 0.465 0.5 0.536 0.561 0.586 0.609 0.633 0.655 0.681 0.71 0.726 0.731 0.731 0.751 0.77 0.795 0.821 0.843 0.87 -9999 0.887 0.902
-9999 -9999 -9999 -9999 -9999 -9999 -9999 -9999 -9999 -9999 -9999 -9999 -9999 -9999 -9999 -9999 -9999 -9999 -9999 -9999 -9999 -9999 -9999 -9999 -9999 -9999 -9999 -9999 -9999 -9999 -9999 -9999 -9999 -9999 -9999 -9999 -0.041 -0.029 -0.013 0.014 0.041 0.066 0.089 0.123 0.16 0.203 0.244 0.275 0.304 0.317 0.324 0.36 0.399 0.428 0.456 0.491 0.527 0.553 0.575 0.596 0.613 0.636 0.657 0.686 0.713 0.719 0.721 0.741 0.761 0.785 0.809 0.831 0.851 0.867 -9999 -9999
-9999 -9999 -9999 -9999 -9999 -9999 -9999 -9999 -9999 -9999 -9999 -9999 -9999 -9999 -9999 -9999 -9999 -9999 -9999 -9999 -9999 -9999 -9999 -9999 -9999 -9999 -9999 -9999 -9999 -9999 -9999 -9999 -9999 -9999 -9999 -0.061 -0.051 -0.031 0.002 0.029 0.054 0.081 0.112 0.144 0.171 0.202 0.212 0.246 0.292 0.309 0.318 0.358 0.399 0.424 0.449 0.49 0.529 0.552 0.572 0.593 0.612 0.625 0.641 0.662 0.687 0.713 0.724 0.75 0.774 0.796 0.82 0.837 0.855 0.867 0.873 0.893
-9999 -9999 -9999 -9999 -9999 -9999 -9999 -9999 -9999 -9999 -9999 -9999 -9999 -9999 -9999 -9999 -9999 -9999 -9999 -9999 -9999 -9999 -9999 -9999 -9999 -9999 -9999 -9999 -9999 -9999 -9999 -9999 -9999 -9999 -9999 -0.074 -0.054 -0.025 0.01 0.034 0.06 0.093 0.123 0.149 0.174 0.188 0.194 0.235 0.28 0.296 0.309 0.349 0.392 0.417 0.44 0.478 0.517 0.54 0.559 0.581 0.6 0.614 0.624 0.646 0.665 0.695 0.718 0.744 0.771 0.794 0.816 0.833 0.849 0.861 0.871 0.889
-9999 -9999 -9999 -9999 -9999 -9999 -9999 -9999 -9999 -9999 -9999 -9999 -9999 -9999 -9999 -9999 -9999 -9999 -9999 -9999 -9999 -9999 -9999 -9999 -9999 -9999 -9999 -9999 -9999 -9999 -9999 -9999 -9999 -9999 -9999 -9999 -0.047 -0.013 0.021 0.048 0.081 0.114 0.139 0.163 0.183 0.191 0.186 0.226 0.28 0.306 0.34 0.359 0.39 0.42 0.446 0.472 0.502 0.529 0.553 0.57 0.588 0.604 0.617 0.649 0.677 0.696 0.719 0.75 0.78 0.797 0.815 0.823 0.833 0.856 0.873 0.901
-9999 -9999 -9999 -9999 -9999 -9999 -9999 -9999 -9999 -9999 -9999 -9999 -9999 -9999 -9999 -9999 -0.466 -0.434 -9999 -9999 -9999 -9999 -9999 -9999 -9999 -9999 -9999 -9999 -9999 -9999 -9999 -9999 -9999 -9999 -9999 -0.064 -0.041 -0.008 0.025 0.055 0.089 0.118 0.144 0.167 0.186 0.188 0.183 0.226 0.276 0.309 0.343 0.364 0.379 0.408 0.436 0.462 0.485 0.512 0.539 0.557 0.573 0.589 0.603 0.635 0.67 0.692 0.71 0.745 0.778 0.794 0.809 0.817 0.821 0.844 0.866 0.895
-9999 -9999 -9999 -9999 -9999 -9999 -9999 -9999 -9999 -9999 -9999 -9999 -9999 -9999 -9999 -9999 -0.458 -0.427 -0.404 -9999 -9999 -9999 -9999 -9999 -9999 -9999 -9999 -9999 -9999 -9999 -9999 -9999 -9999 -9999 -0.076 -0.06 -0.037 -0.004 0.029 0.06 0.096 0.122 0.14 0.171 0.214 0.23 0.25 0.287 0.308 0.327 0.325 0.349 0.367 0.404 0.437 0.454 0.474 0.502 0.53 0.56 0.583 0.589 0.599 0.62 0.647 0.689 0.72 0.748 0.777 0.792 0.806 0.824 0.835 0.848 0.865 0.887
-9999 -9999 -9999 -9999 -9999 -9999 -9999 -9999 -9999 -9999 -9999 -9999 -9999 -9999 -9999 -0.484 -0.451 -0.428 -0.405 -0.385 -9999 -9999 -9999 -9999 -9999 -9999 -9999 -9999 -9999 -9999 -9999 -0.145 -9999 -9999 -0.071 -0.052 -0.034 -0.002 0.03 -9999 0.098 0.119 0.137 0.18 0.224 0.251 0.275 0.296 0.315 0.316 0.312 0.332 0.353 0.39 0.428 0.445 0.459 0.488 0.516 0.546 0.576 0.586 0.589 0.611 0.631 0.672 0.714 0.746 0.771 0.787 0.8 0.818 0.835 0.848 0.859 0.881
-9999 -9999 -9999 -9999 -9999 -9999 -9999 -9999 -9999 -9999 -9999 -9999 -9999 -9999 -9999 -0.469 -0.446 -0.429 -0.423 -0.402 -0.377 -0.35 -9999 -9999 -9999 -0.277 -0.242 -9999 -0.205 -0.189 -0.149 -0.124 -0.108 -9999 -9999 -0.032 -0.006 -9999 -9999 0.075 0.107 0.133 0.16 0.196 0.216 0.248 0.278 0.303 0.328 0.321 0.313 0.355 0.388 0.39 0.41 0.439 0.461 0.473 0.491 0.526 0.559 0.593 0.613 0.634 0.655 0.681 0.716 0.743 0.77 0.789 0.802 0.825 0.845 0.855 0.864 0.889
-9999 -9999 -9999 -9999 -9999 -9999 -9999 -9999 -9999 -9999 -9999 -9999 -9999 -9999 -9999 -9999 -0.441 -0.434 -0.429 -0.404 -0.379 -9999 -9999 -0.326 -0.316 -0.292 -0.252 -0.227 -0.211 -0.178 -0.148 -0.129 -0.11 -0.079 -9999 -0.027 0.001 0.023 0.044 0.073 0.106 0.136 0.164 0.186 0.209 0.244 0.275 0.302 0.329 0.322 0.31 0.351 0.398 0.399 0.396 0.423 0.452 0.465 0.474 0.509 0.545 0.578 0.613 0.635 0.655 0.682 0.708 0.736 0.763 0.785 0.798 0.821 0.843 0.854 0.861 0.885
-9999 -9999 -9999 -9999 -9999 -9999 -9999 -9999 -9999 -9999 -9999 -9999 -9999 -9999 -9999 -9999 -0.434 -0.421 -0.41 -0.394 -0.394 -0.372 -0.348 -0.34 -0.328 -0.304 -0.28 -0.25 -0.211 -0.182 -0.156 -0.132 -0.105 -0.074 -0.048 -0.021 0.007 0.03 0.052 0.079 0.104 0.132 0.158 0.185 0.215 0.248 0.276 0.299 0.312 0.315 0.33 0.342 0.37 0.392 0.4 0.405 0.419 0.447 0.465 0.498 0.533 0.564 0.597 0.63 0.657 0.687 0.715 0.738 0.763 0.79 0.805 0.821 0.839 0.855 0.866 0.883
-9999 -9999 -9999 -9999 -9999 -9999 -9999 -9999 -9999 -9999 -9999 -9999 -9999 -9999 -9999 -9999 -9999 -0.42 -0.401 -0.398 -0.399 -0.377 -0.355 -0.343 -0.331 -0.315 -0.295 -0.258 -0.219 -0.192 -0.164 -0.132 -0.104 -0.074 -0.047 -0.019 0.008 0.032 0.054 0.076 0.1 0.127 0.153 0.183 0.213 0.244 0.271 0.287 0.301 0.319 0.333 0.347 0.357 0.378 0.398 0.406 0.409 0.435 0.462 0.492 0.523 0.553 0.584 0.617 0.65 0.679 0.709 0.733 0.754 0.785 0.803 0.819 0.833 0.851 0.868 0.886
-9999 -9999 -9999 -9999 -9999 -9999 -9999 -9999 -9999 -9999 -9999 -9999 -9999 -9999 -9999 -9999 -9999 -9999 -9999 -0.418 -0.413 -0.39 -0.363 -0.344 -0.314 -0.301 -0.292 -0.257 -0.208 -0.175 -0.134 -0.106 -0.095 -0.067 -0.048 -0.02 0.013 0.035 0.053 0.074 0.096 0.125 0.157 0.183 0.202 0.236 0.271 0.288 0.302 0.32 0.335 0.362 0.382 0.403 0.424 0.423 0.423 0.446 0.471 0.498 0.527 0.558 0.589 0.614 0.643 0.668 0.696 0.722 0.745 0.782 0.807 0.823 0.838 0.856 0.874 0.904
-9999 -9999 -9999 -9999 -9999 -9999 -9999 -9999 -9999 -9999 -9999 -9999 -9999 -9999 -9999 -9999 -9999 -9999 -0.429 -0.422 -0.417 -0.392 -0.366 -0.338 -0.308 -0.301 -0.292 -0.251 -0.201 -0.164 -0.123 -0.104 -0.093 -0.07 -0.051 -0.021 0.012 0.033 0.05 0.07 0.091 0.123 0.155 0.175 0.194 0.232 0.267 0.284 0.297 0.315 0.331 0.358 0.387 0.409 0.431 0.433 0.429 0.453 0.476 0.503 0.53 0.56 0.592 0.617 0.641 0.666 0.691 0.717 0.742 0.781 0.811 0.828 0.843 0.862 0.881 0.908
-9999 -9999 -9999 -9999 -9999 -9999 -9999 -9999 -9999 -9999 -9999 -9999 -9999 -9999 -9999 -9999 -9999 -0.434 -0.43 -0.424 -0.421 -0.398 -0.374 -0.351 -0.332 -0.319 -0.295 -0.252 -0.192 -0.161 -0.139 -0.111 -0.073 -0.056 -0.052 -0.024 0.003 0.03 0.063 0.087 0.119 0.142 0.144 0.167 0.196 0.227 0.241 0.265 0.303 0.321 0.338 0.365 0.393 0.4 0.414 0.437 0.446 0.481 0.511 0.535 0.561 0.582 0.608 0.622 0.639 0.661 0.685 0.716 0.745 0.777 0.807 0.844 0.871 0.888 0.907 0.925
-9999 -9999 -9999 -9999 -9999 -9999 -9999 -9999 -9999 -9999 -9999 -9999 -9999 -9999 -9999 -9999 -0.437 -0.431 -0.43 -0.425 -0.422 -0.4 -0.377 -0.359 -0.335 -0.312 -0.29 -0.243 -0.186 -0.168 -0.146 -0.104 -0.068 -0.06 -0.055 -0.03 -0.003 0.032 0.065 0.094 0.126 0.133 0.136 0.164 0.193 0.214 0.227 0.263 0.302 0.32 0.337 0.366 0.393 0.402 0.408 0.431 0.453 0.488 0.523 0.55 0.573 0.594 0.614 0.628 0.639 0.662 0.685 0.715 0.747 0.779 0.808 0.846 0.884 0.903 0.917 0.935
-9999 -9999 -9999 -9999 -9999 -9999 -9999 -9999 -9999 -9999 -9999 -9999 -9999 -9999 -0.46 -0.445 -0.431 -0.425 -0.413 -0.407 -0.401 -0.378 -0.349 -0.328 -0.322 -0.298 -0.27 -0.237 -0.221 -0.21 -0.202 -0.155 -0.082 -0.065 -0.039 -0.018 -0.004 0.027 0.049 0.081 0.122 0.139 0.164 0.188 0.2 0.221 0.236 0.269 0.295 0.315 0.34 0.356 0.377 0.404 0.421 0.454 0.484 0.499 0.524 0.55 0.575 0.593 0.611 0.632 0.649 0.682 0.712 0.733 0.76 0.799 0.834 0.865 0.899 0.92 0.935 0.954
-9999 -9999 -9999 -9999 -9999 -9999 -9999 -9999 -9999 -9999 -9999 -9999 -9999 -0.454 -0.457 -0.443 -0.429 -9999 -9999 -9999 -9999 -0.368 -0.327 -0.318 -0.312 -0.285 -0.259 -0.246 -0.232 -0.229 -0.226 -0.161 -0.09 -0.062 -0.036 -0.021 -0.007 0.017 0.039 0.076 0.116 0.144 0.171 0.186 0.201 0.223 0.238 0.263 0.288 0.313 0.338 0.355 0.369 0.397 0.425 0.459 0.494 0.511 0.524 0.55 0.574 0.594 0.61 0.632 0.654 0.687 0.723 0.745 0.767 0.807 0.847 0.88 0.908 0.93 0.942 0.958
-9999 -9999 -9999 -9999 -9999 -9999 -9999 -9999 -9999 -9999 -9999 -9999 -9999 -0.455 -0.453 -0.44 -9999 -9999 -9999 -9999 -9999 -0.365 -0.339 -0.321 -0.288 -0.268 -0.262 -0.245 -0.221 -0.212 -0.188 -0.13 -0.08 -0.057 -0.048 -0.031 -0.005 0.019 0.042 0.076 0.109 0.137 0.166 0.192 0.225 0.246 0.26 0.284 0.301 0.326 0.349 0.37 0.389 0.415 0.442 0.464 0.492 0.512 0.528 0.554 0.577 0.604 0.628 0.651 0.674 0.699 0.73 0.758 0.784 0.82 0.859 0.895 0.925 0.932 0.934 0.944
-9999 -9999 -9999 -9999 -9999 -9999 -9999 -9999 -9999 -9999 -9999 -9999 -9999 -9999 -9999 -0.426 -9999 -9999 -9999 -9999 -9999 -0.352 -0.339 -0.307 -0.274 -0.265 -0.258 -0.235 -0.211 -0.193 -0.168 -0.122 -0.075 -0.063 -0.054 -0.03 -0.005 0.019 0.041 0.07 0.102 0.132 0.164 0.199 0.232 0.251 0.265 0.285 0.302 0.326 0.35 0.371 0.393 0.421 0.446 0.469 0.49 0.51 0.527 0.553 0.575 0.603 0.632 0.659 0.684 0.711 0.738 0.768 0.797 0.835 0.872 0.909 0.939 0.941 0.931 0.94
-9999 -9999 -9999 -9999 -9999 -9999 -9999 -9999 -9999 -9999 -9999 -9999 -9999 -9999 -9999 -9999 -9999 -9999 -9999 -9999 -9999 -0.335 -0.324 -0.293 -0.265 -0.252 -0.237 -0.216 -0.2 -0.18 -0.151 -0.106 -0.057 -0.048 -0.048 -0.024 0.003 0.029 0.058 0.086 0.116 0.144 0.166 0.203 0.243 0.261 0.268 0.29 0.314 0.323 0.339 0.37 0.397 0.426 0.452 0.47 0.489 0.519 0.542 0.565 0.587 0.613 0.642 0.671 0.702 0.727 0.753 0.787 0.821 0.856 0.893 0.926 0.95 0.958 0.951 0.966
-9999 -9999 -9999 -9999 -9999 -9999 -9999 -9999 -9999 -9999 -9999 -9999 -9999 -9999 -9999 -9999 -9999 -9999 -9999 -9999 -9999 -9999 -0.306 -0.278 -0.252 -0.236 -0.221 -0.206 -0.19 -0.168 -0.142 -0.097 -0.049 -0.045 -0.045 -0.02 0.006 0.035 0.064 0.093 0.124 0.145 0.167 0.208 0.245 0.258 0.266 0.29 0.314 0.324 0.332 0.363 0.395 0.425 0.451 0.47 0.486 0.516 0.546 0.571 0.593 0.621 0.65 0.681 0.712 0.742 0.767 0.802 0.838 0.875 0.907 0.939 0.957 0.961 0.959 0.974
-9999 -9999 -9999 -9999 -9999 -9999 -9999 -9999 -9999 -9999 -9999 -9999 -9999 -9999 -9999 -9999 -9999 -9999 -9999 -9999 -9999 -0.292 -0.278 -0.255 -0.241 -0.221 -0.19 -0.179 -0.177 -0.146 -0.089 -0.057 -0.048 -0.033 -0.002 0.014 0.013 0.038 0.057 0.085 0.111 0.143 0.196 0.225 0.23 0.244 0.255 0.28 0.306 0.325 0.339 0.368 0.397 0.417 0.439 0.474 0.502 0.54 0.575 0.577 0.588 0.631 0.669 0.691 0.718 0.754 0.787 0.823 0.859 0.899 0.934 0.957 0.97 0.974 0.973 0.993
-9999 -9999 -9999 -9999 -9999 -9999 -9999 -9999 -9999 -9999 -9999 -9999 -9999 -9999 -9999 -9999 -9999 -9999 -9999 -9999 -9999 -0.273 -0.258 -0.243 -0.232 -0.204 -0.174 -0.17 -0.167 -0.122 -0.067 -0.056 -0.047 -0.017 0.015 0.017 0.018 0.038 0.057 0.082 0.108 0.155 0.206 0.217 0.223 0.238 0.248 0.273 0.299 0.319 0.339 0.368 0.395 0.415 0.433 0.471 0.509 0.548 0.589 0.593 0.59 0.633 0.68 0.703 0.725 0.762 0.801 0.838 0.874 0.914 0.95 0.968 0.975 0.978 0.978 0.998
-9999 -9999 -9999 -9999 -9999 -9999 -9999 -9999 -9999 -9999 -9999 -9999 -9999 -9999 -9999 -9999 -9999 -9999 -9999 -9999 -9999 -0.245 -0.229 -0.212 -0.195 -0.175 -0.17 -0.154 -0.117 -0.086 -0.077 -0.07 -0.072 -0.036 0.021 0.035 0.066 0.088 0.106 0.124 0.122 0.165 0.203 0.216 0.228 0.247 0.271 0.292 0.303 0.321 0.34 0.368 0.395 0.42 0.443 0.474 0.509 0.544 0.583 0.609 0.62 0.649 0.688 0.716 0.74 0.776 0.814 0.86 0.899 0.935 0.963 0.979 0.985 0.986 0.986 1.005
-9999 -9999 -9999 -9999 -9999 -9999 -9999 -9999 -9999 -9999 -9999 -9999 -9999 -9999 -9999 -9999 -9999 -9999 -9999 -9999 -9999 -9999 -0.211 -0.193 -0.177 -0.17 -0.165 -0.132 -0.094 -0.087 -0.078 -0.078 -0.08 -0.032 0.023 0.054 0.087 0.108 0.128 0.132 0.131 0.166 0.201 0.216 0.228 0.253 0.277 0.29 0.302 0.319 0.336 0.365 0.396 0.423 0.449 0.482 0.512 0.548 0.585 0.611 0.635 0.665 0.695 0.723 0.751 0.786 0.824 0.871 0.916 0.951 0.97 0.982 0.989 0.99 0.989 1.007
-9999 -9999 -9999 -9999 -9999 -9999 -9999 -9999 -9999 -9999 -9999 -9999 -9999 -9999 -9999 -9999 -9999 -9999 -9999 -9999 -9999 -9999 -0.17 -0.165 -0.186 -0.175 -0.156 -0.122 -0.084 -0.075 -0.064 -0.058 -0.043 -0.006 0.015 0.049 0.086 0.109 0.134 0.143 0.149 0.177 0.201 0.221 0.247 0.268 0.274 0.282 0.278 0.33 0.369 0.392 0.421 0.441 0.463 0.504 0.54 0.56 0.588 0.619 0.646 0.672 0.699 0.731 0.761 0.8 0.839 0.888 0.938 0.97 0.986 0.991 0.996 1.001 1.002 1.012
-9999 -9999 -9999 -9999 -9999 -9999 -9999 -9999 -9999 -9999 -9999 -9999 -9999 -9999 -9999 -9999 -9999 -9999 -9999 -9999 -9999 -0.189 -0.151 -0.165 -0.184 -0.167 -0.148 -0.114 -0.077 -0.066 -0.056 -0.042 -0.026 -0.007 0.017 0.052 0.089 0.116 0.141 0.152 0.155 0.178 0.203 0.229 0.255 0.265 0.271 0.27 0.267 0.319 0.38 0.407 0.432 0.454 0.472 0.514 0.554 0.576 0.594 0.624 0.655 0.681 0.706 0.738 0.77 0.809 0.851 0.899 0.947 0.979 0.991 0.995 0.998 1.003 1.006 1.017
-9999 -9999 -9999 -9999 -9999 -9999 -9999 -9999 -9999 -9999 -9999 -9999 -9999 -9999 -9999 -9999 -9999 -9999 -9999 -9999 -9999 -0.154 -0.141 -0.147 -0.145 -0.128 -0.115 -0.084 -0.055 -0.046 -0.045 -0.034 -0.026 -0.003 0.03 0.062 0.092 0.113 0.119 0.137 0.17 0.191 0.203 0.23 0.261 0.271 0.286 0.286 0.277 0.326 0.374 0.412 0.443 0.479 0.509 0.537 0.568 0.61 0.641 0.654 0.676 0.706 0.735 0.77 0.805 0.838 0.876 0.907 0.945 0.982 0.997 1.002 1.005 1.011 1.016 1.024
-9999 -9999 -9999 -9999 -9999 -9999 -9999 -9999 -9999 -9999 -9999 -9999 -9999 -9999 -9999 -9999 -9999 -9999 -9999 -9999 -9999 -0.144 -0.134 -0.129 -0.124 -0.111 -0.097 -0.071 -0.043 -0.038 -0.037 -0.031 -0.022 0.008 0.041 0.07 0.099 0.109 0.113 0.145 0.178 0.192 0.204 0.234 0.261 0.276 0.29 0.287 0.282 0.326 0.374 0.41 0.448 0.486 0.525 0.556 0.578 0.619 0.662 0.678 0.688 0.72 0.751 0.787 0.823 0.857 0.888 0.918 0.945 0.98 0.999 1.004 1.007 1.013 1.018 1.027
-9999 -9999 -9999 -9999 -9999 -9999 -9999 -9999 -9999 -9999 -9999 -9999 -9999 -9999 -9999 -9999 -9999 -9999 -9999 -9999 -0.147 -0.136 -0.123 -0.115 -0.108 -0.095 -0.083 -0.06 -0.042 -0.036 -0.028 -0.022 -0.011 0.026 0.07 0.092 0.097 0.113 0.143 0.164 0.158 0.183 0.234 0.263 0.283 0.296 0.307 0.31 0.326 0.364 0.388 0.422 0.459 0.486 0.52 0.559 0.588 0.622 0.66 0.688 0.706 0.742 0.776 0.804 0.835 0.874 0.909 0.939 0.966 1.001 1.023 1.02 1.019 1.025 1.03 1.042
-9999 -9999 -9999 -9999 -9999 -9999 -9999 -9999 -9999 -9999 -9999 -9999 -9999 -9999 -9999 -9999 -9999 -9999 -9999 -0.154 -0.132 -0.121 -0.113 -0.103 -0.095 -0.083 -0.072 -0.055 -0.037 -0.027 -0.018 -0.009 0.007 0.048 0.09 0.099 0.101 0.13 0.161 0.16 0.154 0.199 0.249 0.272 0.291 0.303 0.314 0.329 0.345 0.371 0.395 0.429 0.465 0.494 0.522 0.56 0.595 0.631 0.665 0.693 0.719 0.755 0.792 0.818 0.841 0.879 0.917 0.949 0.973 1.005 1.028 1.029 1.023 1.028 1.03 1.042
-9999 -9999 -9999 -9999 -9999 -9999 -9999 -9999 -9999 -9999 -9999 -9999 -9999 -9999 -9999 -9999 -9999 -0.203 -0.172 -0.145 -0.138 -0.127 -0.113 -0.102 -0.088 -0.072 -0.048 -0.037 -0.039 -0.024 -0.003 0.011 0.03 0.064 0.094 0.102 0.105 0.134 0.165 0.173 0.195 0.233 0.26 0.28 0.298 0.307 0.311 0.332 0.365 0.391 0.417 0.429 0.453 0.504 0.543 0.581 0.616 0.648 0.682 0.702 0.724 0.757 0.79 0.829 0.858 0.891 0.927 0.958 0.982 1.007 1.031 1.04 1.036 1.031 1.027 1.027
