Validation/Results/raw data/ReClimate_07_2024_1_Precipitation-Actuals.asc
NCOLS 192
NROWS 249
XLLCENTER -225160.85627316462
YLLCENTER 29788.11610251502
CELLSIZE 5000.0
NODATA_VALUE -9999
[rows 198 to 230 of 249, columns 74 to 147 of 192]
-9999 -9999 -9999 -9999 -9999 -9999 -9999 -9999 -9999 -9999 -9999 -9999 -9999 -9999 -9999 -9999 -9999 -9999 106.014 105.917 106.826 92.34 92.356 94.285 99.85 122.905 124.261 133.482 132.829 117.012 96.745 81.377 76.467 76.749 84.14 90.228 75.638 65.813 60.223 56.621 58.751 61.809 59.1 61.953 61.951 56.831 55.643 53.613 52.368 55.783 55.917 58.286 55.416 54.032 55.485 57.513 56.827 56.365 54.454 59.793 60.637 59.428 61.135 59.856 56.655 55.395 51.148 51.989 50.715 49.901 47.98 45.059 46.87 46.983
-9999 -9999 -9999 -9999 -9999 -9999 -9999 -9999 -9999 -9999 -9999 -9999 -9999 -9999 -9999 64.867 81.204 95.021 99.799 107.15 104.743 101.372 91.859 85.01 114.063 124.68 135.719 128.679 130.222 110.686 95.897 92.772 77.863 72.758 92.798 76.279 62.729 53.704 54.003 57.615 65.962 55.744 56.976 57.106 60.457 61.702 58.37 57.073 53.273 52.518 53.608 57.836 60.85 54.01 52.818 55.426 57.828 58.043 61.313 58.541 57.849 57.738 58.909 58.241 55.746 51.357 48.853 49.393 50.194 47.975 46.636 44.404 44.482 44.924
-9999 -9999 -9999 -9999 -9999 -9999 -9999 -9999 -9999 -9999 -9999 -9999 -9999 89.219 80.924 78.349 82.23 85.727 94.378 102.944 107.467 102.336 99.207 117.658 111.901 123.566 128.673 116.69 117.18 109.523 115.854 97.495 85.256 82.787 74.267 63.878 52.126 61.505 61.41 55.624 53.921 51.447 52.313 55.616 59.163 60.382 60.25 55.175 51.497 52.396 53.318 58.194 60.249 56.061 57.237 55.88 54.057 54.51 55.084 58.483 56.061 68.284 67.089 59.091 56.525 53.867 48.413 48.418 49.509 46.353 44.482 43.694 45.658 46.834
-9999 -9999 -9999 -9999 -9999 -9999 -9999 -9999 -9999 91.753 95.7 93.497 91.293 107.652 93.726 95.808 96.298 95.777 104.903 111.906 115.948 122.506 135.683 117.371 111.126 121.871 114.695 112.483 111.471 119.272 110.239 104.932 102.456 82.099 73.23 63.173 72.377 70.477 61.26 67.101 55.804 53.686 50.421 55.605 62.547 59.997 61.438 59.161 52.128 53.622 57.136 57.936 58.668 60.191 56.421 56.755 53.572 52.008 55.367 54.773 53.452 57.155 62.292 55.388 53.737 52.534 48.996 49.354 48.601 47.728 47.269 46.561 45.725 45.934
-9999 -9999 -9999 -9999 -9999 -9999 -9999 -9999 86.07 93.748 95.563 100.249 127.167 138.829 130.181 121.111 115.185 129.427 133.406 123.186 125.524 138.885 134.783 123.956 119.824 107.159 102.185 101.794 103.451 104.496 99.744 101.24 84.815 73.345 79.048 92.255 105.691 79.465 68.706 58.606 57.873 54.997 59.609 55.81 53.642 53.99 57.061 54.217 54.408 55.07 58.473 57.145 61.406 63.469 63.009 56.319 55.068 59.975 57.85 54.554 52.728 54.131 57.074 53.055 53.315 50.662 50.393 49.915 49.009 49.764 48.249 45.149 47.127 46.817
-9999 -9999 -9999 -9999 -9999 -9999 -9999 81.306 89.014 94.157 97.786 112.421 132.774 130.986 122.195 116.933 128.061 135.264 129.011 122.885 129.829 142.42 136.557 119.078 104.971 93.826 102.065 109.416 106.732 103.274 93.278 86.518 73.314 76.645 79.141 109.61 100.796 87.251 64.703 63.908 62.468 63.184 57.113 54.007 53.627 51.221 52.141 55.55 52.971 51.092 59.902 58.453 59.891 64.185 61.781 57.918 54.294 57.786 62.544 58.692 54.47 54.883 52.694 52.019 51.667 50.876 50.152 52.764 51.493 50.107 51.47 47.491 47.305 49.734
-9999 -9999 -9999 -9999 -9999 75.219 -9999 79.378 83.141 89.404 98.444 106.396 109.413 114.736 103.672 112.057 116.202 120.552 114.642 117.412 125.349 124.801 109.961 104.5 104.368 117.512 129.193 147.977 160.285 128.954 119.041 112.869 114.041 96.982 80.703 88.949 112.643 79.794 61.552 70.485 71.397 63.312 54.181 53.16 60.34 57.678 57.871 53.946 51.999 60.34 60.081 65.764 67.884 59.101 56.12 55.59 53.056 54.445 59.105 59.255 55.502 51.263 49.689 47.746 48.434 50.785 50.669 50.383 51.049 48.557 48.695 48.939 47.516 49.116
-9999 -9999 -9999 -9999 -9999 -9999 -9999 -9999 -9999 93.516 94.322 94.969 104.832 99.765 105.432 107.004 111.15 108.34 104.399 113.817 112.733 114.986 111.531 116.985 118.926 135.838 152.433 172.898 168.93 164.078 149.955 159.2 153.116 101.696 94.67 94.287 75.737 77.067 76.324 60.707 61.679 59.142 63.464 67.206 69.852 61.95 56.841 53.925 57.781 58.875 64.856 73.867 70.565 64.929 55.513 54.445 54.437 58.487 58.388 56.705 53.854 50.418 47.876 49.113 49.296 48.792 50.798 48.888 47.953 49.168 51.184 53.137 51.783 47.918
-9999 -9999 -9999 -9999 -9999 -9999 -9999 -9999 -9999 90.89 92.543 93.907 95.744 104.766 111.525 113.571 107.159 99.808 105.61 108.007 116.331 119.291 117.707 119.025 120.229 130.865 141.788 150.258 150.787 147.649 145.179 157.058 130.369 122.025 102.71 81.453 89.1 100.276 73.518 71.389 71.661 74.848 71.38 75.574 71.574 68.412 55.7 57.216 61.28 72.697 74.55 70.312 65.482 63.812 58.822 57.17 55.968 55.382 57.447 55.246 52.054 50.91 49.153 49.811 51.188 51.332 50.234 48.523 47.476 49.14 55.245 53.463 52.236 52.011
-9999 -9999 -9999 -9999 -9999 -9999 -9999 82.871 86.247 83.056 77.676 -9999 97.986 107.129 105.39 98.773 95.393 94.479 -9999 102.02 108.433 113.547 125.766 118.624 134.716 138.947 145.232 147.628 142.068 125.66 133.653 122.287 113.372 107.824 105.373 94.973 103.861 93.739 77.11 77.205 68.848 70.181 77.274 76.418 74.736 64.393 58.191 58.059 64.094 68.411 68.928 65.106 66.468 60.647 59.243 57.835 56.739 53.892 53.198 53.187 55.742 53.673 52.446 49.841 48.029 48.031 48.917 49.457 50.412 53.702 55.065 56.255 52.02 52.55
-9999 -9999 -9999 -9999 -9999 -9999 -9999 83.667 -9999 -9999 -9999 91.864 96.66 97.217 -9999 -9999 -9999 -9999 -9999 96.317 101.258 114.669 108.113 116.342 125.38 129.365 138.147 138.952 133.647 166.997 163.841 132.226 110.789 110.537 113.194 109.291 102.53 82.335 80.637 71.712 69.04 76.032 73.176 72.631 67.425 63.034 62.38 62.126 68.584 66.688 68.326 61.891 60.885 60.654 57.546 55.088 53.461 52.9 51.746 50.687 52.011 54.25 52.001 51.983 48.48 47.869 48.755 49.457 52.754 55.472 56.47 55.248 50.166 50.005
-9999 -9999 -9999 -9999 -9999 -9999 -9999 -9999 -9999 89.478 91.491 90.819 89.757 92.964 -9999 -9999 -9999 -9999 -9999 -9999 -9999 -9999 101.875 113.898 112.792 111.839 123.653 134.187 170.68 189.802 183.134 156.714 130.321 117.392 112.659 104.161 104.418 99.758 78.702 76.457 89.203 83.999 76.907 62.825 64.143 67.766 66.886 71.791 68.441 66.99 64.076 59.985 56.919 56.473 56.082 54.274 50.985 51.308 49.009 46.678 47.957 49.423 50.143 50.832 51.575 49.773 52.68 52.387 55.315 58.4 55.942 53.23 51.53 47.597
-9999 -9999 -9999 -9999 -9999 -9999 -9999 -9999 -9999 -9999 91.455 -9999 -9999 -9999 -9999 -9999 -9999 -9999 -9999 -9999 98.895 99.827 106.741 107.391 99.756 103.581 113.948 140.674 167.005 186.435 185.641 156.231 127.468 120.146 115.384 106.421 106.306 89.729 80.33 78.969 84.369 81.549 67.639 -9999 67.958 68.376 68.578 76.2 70.026 64.73 61.244 57.836 56.473 54.935 55.691 54.842 52.341 47.729 46.82 44.598 44.553 47.251 49.582 50.119 52.196 57.479 55.905 58.708 55.98 56.981 55.613 53.144 51.541 50.24
-9999 -9999 -9999 -9999 -9999 -9999 -9999 -9999 -9999 -9999 -9999 -9999 -9999 -9999 -9999 -9999 -9999 -9999 -9999 -9999 96.39 98.001 95.31 93.179 -9999 -9999 -9999 120.222 150.596 156.798 151.709 135.274 127.442 126.171 116.06 100.8 92.192 85.714 76.113 78.879 76.283 69.042 -9999 64.554 67.12 65.861 71.999 73.41 65.738 63.669 61.957 57.784 58.34 55.541 54.124 54.314 51.216 47.533 50.206 51.459 48.823 46.626 48.575 51.364 52.989 50.786 56.94 55.509 53.785 54.677 53.68 49.689 48.973 49.027
-9999 -9999 -9999 -9999 -9999 -9999 -9999 -9999 -9999 -9999 -9999 -9999 -9999 -9999 -9999 -9999 -9999 -9999 -9999 -9999 -9999 -9999 -9999 -9999 -9999 -9999 -9999 91.898 110.264 127.685 121.881 119.032 117.501 113.098 103.227 95.315 87.956 80.032 75.828 73.518 -9999 -9999 63.166 64.731 66.339 64.552 69.202 68.529 64.734 68.938 60.891 56.843 59.207 55.951 54.741 58.678 58.96 55.352 52.885 58.79 54.841 51.876 52.565 52.339 53.742 56.186 53.858 58.432 54.474 50.714 51.27 51.722 45.638 46.872
-9999 -9999 -9999 -9999 -9999 -9999 -9999 -9999 -9999 -9999 -9999 -9999 -9999 -9999 -9999 -9999 -9999 -9999 -9999 -9999 -9999 -9999 -9999 -9999 -9999 -9999 -9999 87.503 98.001 102.104 105.503 110.939 104.196 98.987 97.983 90.832 82.346 -9999 -9999 -9999 -9999 -9999 62.729 69.257 67.297 66.946 68.136 68.295 66.954 62.576 58.449 56.216 55.941 59.08 59.119 63.952 64.621 61.147 57.586 57.86 58.405 53.642 54.311 52.871 51.674 55.347 52.574 51.887 50.732 48.412 46.947 47.298 48.839 46.848
-9999 -9999 -9999 -9999 -9999 -9999 -9999 -9999 -9999 -9999 -9999 -9999 -9999 -9999 -9999 -9999 -9999 -9999 -9999 -9999 -9999 -9999 -9999 -9999 -9999 -9999 -9999 -9999 -9999 93.505 104.516 100.32 92.014 93.632 90.472 82.576 -9999 -9999 -9999 -9999 74.566 73.233 73.533 66.725 63.017 66.076 71.802 70.564 68.157 60.612 58.902 58.387 62.456 65.565 65.447 63.58 64.274 60.381 57.219 55.458 55.315 55.254 52.251 52.054 48.891 49.742 50.02 48.005 47.29 48.033 50.181 49.212 48.846 48.463
-9999 -9999 -9999 -9999 -9999 -9999 -9999 -9999 -9999 -9999 -9999 -9999 -9999 -9999 -9999 -9999 -9999 -9999 -9999 -9999 -9999 -9999 -9999 -9999 -9999 -9999 -9999 -9999 -9999 -9999 86.581 80.953 85.617 83.977 81.693 -9999 -9999 -9999 -9999 74.331 76.245 76.064 75.648 70.193 68.355 66.347 65.796 66.373 66.046 60.773 59.645 64.529 65.891 64.7 66.829 62.428 59.396 57.434 55.201 54.888 56.127 53.883 53.602 50.642 49.146 46.863 47.37 48.194 49.259 50.995 51.76 50.525 48.737 48.423
-9999 -9999 -9999 -9999 -9999 -9999 -9999 -9999 -9999 -9999 -9999 -9999 -9999 -9999 -9999 -9999 -9999 -9999 -9999 -9999 -9999 -9999 -9999 -9999 -9999 -9999 -9999 -9999 -9999 -9999 -9999 -9999 -9999 -9999 -9999 -9999 -9999 -9999 76.378 74.634 75.519 75.363 76.626 71.669 68.103 66.428 64.414 66.995 64.923 55.516 57.993 61.008 63.244 62.076 62.463 63.57 60.043 56.439 59.34 55.936 56.083 54.319 52.743 49.437 48.222 49.238 47.837 48.077 49.442 49.969 49.912 49.131 48.935 47.898
-9999 -9999 -9999 -9999 -9999 -9999 -9999 -9999 -9999 -9999 -9999 -9999 -9999 -9999 -9999 -9999 -9999 -9999 -9999 -9999 -9999 -9999 -9999 -9999 -9999 -9999 -9999 -9999 -9999 -9999 -9999 -9999 -9999 -9999 -9999 -9999 -9999 68.908 71.651 79.787 82.022 95.831 83.568 71.85 68.856 65.175 65.682 68.958 58.789 55.38 56.76 58.245 59.835 58.386 60.222 62.858 64.816 61.655 58.218 63.799 59.738 56.417 52.564 51.024 47.45 46.487 47.616 48.507 48.95 49.654 49.43 47.652 48.441 48.297
-9999 -9999 -9999 -9999 -9999 -9999 -9999 -9999 -9999 -9999 -9999 -9999 -9999 -9999 -9999 -9999 -9999 -9999 -9999 -9999 -9999 -9999 -9999 -9999 -9999 -9999 -9999 -9999 -9999 -9999 -9999 -9999 -9999 -9999 -9999 -9999 -9999 65.882 72.274 73.125 85.569 90.916 91.494 86.583 78.319 74.222 74.807 64.842 59.726 58.386 62.463 62.594 63.081 61.963 56.826 56.139 57.365 61.573 60.95 60.206 61.194 57.571 54.283 50.709 48.341 48.093 47.083 49.276 50.637 50.573 48.696 47.523 48.654 53.651
-9999 -9999 -9999 -9999 -9999 -9999 -9999 -9999 -9999 -9999 -9999 -9999 -9999 -9999 -9999 -9999 -9999 -9999 -9999 -9999 -9999 -9999 -9999 -9999 117.91 135.35 135.446 116.703 -9999 94.172 -9999 -9999 -9999 -9999 -9999 -9999 -9999 -9999 68.494 72.822 77.09 83.399 85.448 88.847 82.798 82.364 70.047 64.985 63.364 67.983 67.257 58.715 59.392 58.25 54.632 53.953 53.021 51.972 54.229 58.634 58.421 58.019 55.982 57.179 56.152 51.879 50.068 50.677 50.63 51.316 51.084 49.512 50.552 51.938
-9999 -9999 -9999 -9999 -9999 -9999 -9999 -9999 -9999 -9999 -9999 -9999 -9999 -9999 -9999 -9999 -9999 -9999 -9999 -9999 -9999 104.093 108.769 105.154 118.765 144.711 136.707 121.889 114.466 94.212 76.726 63.089 -9999 -9999 69.658 65.077 62.654 65.691 64.651 67.785 73.625 71.916 78.301 79.647 84.291 79.054 70.863 65.809 72.966 68.401 61.045 63.729 57.937 56.215 52.705 51.783 53.893 52.246 52.551 52.661 53.053 55.379 57.233 54.797 57.121 57.474 51.464 50.041 49.183 52.815 54.233 51.718 58.922 57.984
-9999 -9999 -9999 -9999 -9999 -9999 -9999 -9999 -9999 -9999 -9999 -9999 -9999 -9999 -9999 -9999 -9999 -9999 -9999 -9999 103.803 103.258 97.335 101.561 123.805 142.648 147.506 136.287 118.242 106.39 94.275 76.884 62.822 69.752 70.453 73.643 64.101 61.255 63.356 65.649 66.204 69.391 71.441 78.65 78.951 75.562 71.326 78.224 71.947 70.526 65.41 62.861 68.726 61.555 54.245 53.382 53.468 54.834 53.397 54.145 52.26 52.116 55.078 58.792 59.047 56.428 53.874 51.426 54.781 53.052 53.734 53.441 53.929 59.77
-9999 -9999 -9999 -9999 -9999 -9999 -9999 -9999 -9999 -9999 -9999 -9999 -9999 -9999 -9999 -9999 -9999 -9999 -9999 -9999 103.039 85.838 88.048 95.134 112.509 129.098 135.446 147.074 120.35 104.125 89.857 84.409 83.956 73.573 72.648 65.972 66.238 63.114 60.491 61.117 62.139 64.693 66.634 67.889 67.615 70.09 75.345 72.759 72.82 72.94 69.686 60.157 61.062 64.062 57.507 55.239 55.681 54.58 54.209 53.338 53.457 49.012 50.526 55.556 58.84 59.55 55.981 56.03 57.663 57.756 53.813 49.153 50.372 51.166
-9999 -9999 -9999 -9999 -9999 -9999 -9999 -9999 -9999 -9999 -9999 -9999 -9999 -9999 -9999 -9999 -9999 -9999 -9999 -9999 90.101 82.477 85.902 86.833 97.892 105.979 113.856 103.924 105.294 97.472 97.891 90.1 86.295 74.183 64.743 62.113 60.509 59.56 58.636 56.229 57.735 61.891 61.023 62.479 68.885 70.537 68.376 68.7 67.037 67.908 61.123 59.359 62.772 59.88 55.051 53.706 54.651 55.659 56.484 53.856 52.965 57.203 54.906 58.09 61.687 67.659 66.604 59.945 61.126 56.618 52.642 52.805 50.24 52.34
-9999 -9999 -9999 -9999 -9999 -9999 -9999 -9999 -9999 -9999 -9999 -9999 -9999 -9999 -9999 -9999 94.662 102.345 -9999 91.934 81.268 91.007 89.186 82.62 85.139 87.057 88.276 98.515 97.623 98.664 85.962 82.322 74.789 66.246 59.888 57.457 59.094 59.639 58.42 54.359 58.254 58.476 60.058 64.506 67.567 62.498 63.402 65.574 67.354 67.351 63.136 67.596 67.217 60.019 54.264 50.886 53.154 56.658 54.658 56.353 55.64 57.804 61.265 58.226 61.263 62.844 64.972 59.748 55.496 57.624 53.122 53.55 53.998 51.704
-9999 -9999 -9999 -9999 -9999 -9999 -9999 -9999 -9999 -9999 -9999 -9999 -9999 -9999 -9999 -9999 103.141 107.728 100.357 89.329 88.72 91.145 84.752 83.559 88.815 88.231 95.036 91.956 90.443 89.877 83.053 75.866 73.685 68.377 71.832 73.624 67.538 60.875 53.946 56.69 59.048 62.172 64.78 64.154 60.976 59.585 62.173 61.119 61.44 62.999 65.518 66.692 65.058 59.265 56.002 56.716 56.053 54.705 50.939 53.081 55.312 55.79 58.131 60.063 61.108 65.654 63.477 67.119 62.209 58.679 57.752 54.525 53.678 54.329
-9999 -9999 -9999 -9999 -9999 -9999 -9999 -9999 -9999 -9999 -9999 -9999 -9999 -9999 -9999 94.371 108.094 115.373 117.882 98.939 92.658 89.416 86.69 87.865 85.855 81.354 80.59 84.315 83.903 83.928 76.053 70.178 65.473 70.071 81.169 77.278 72.669 68.246 63.007 60.77 63.457 62.102 61.339 60.545 61.711 60.349 57.95 56.916 58.57 63.438 57.789 60.408 58.288 59.12 58.117 57.772 60.842 57.427 51.9 48.85 51.613 53.1 56.244 57.972 59.955 62.113 66.269 66.003 67.968 63.171 68.055 58.987 61.155 62.743
-9999 -9999 -9999 -9999 -9999 -9999 -9999 -9999 -9999 -9999 -9999 -9999 -9999 -9999 -9999 -9999 96.528 111.81 98.17 96.033 88.843 86.734 82.078 81.43 81.246 74.962 78.432 79.085 77.572 71.314 69.757 68.961 65.119 73.813 78.883 79.918 82.303 77.306 69.612 70.311 67.686 66.15 66.814 65.953 59.828 59.738 60.67 60.611 64.088 57.147 59.97 57.453 53.941 55.178 56.889 57.494 58.312 57.834 53.676 54.692 -9999 51.959 54.665 58.704 57.732 55.625 55.287 56.602 56.876 55.702 54.964 57.968 53.925 60.528
-9999 -9999 -9999 -9999 -9999 -9999 -9999 -9999 -9999 -9999 -9999 -9999 -9999 -9999 -9999 89.426 83.304 89.476 92.008 91.479 89.479 86.533 79.29 76.802 73.539 74.78 79.888 70.374 65.882 68.916 67.904 64.242 66.782 70.838 73.721 78.144 83.971 73.7 72.033 82.842 79.709 75.679 79.679 69.446 70.327 72.584 68.886 66.477 62.024 58.203 55.424 55.61 53.586 55.241 55.565 56.158 56.556 56.142 55.31 53.482 52.588 -9999 49.53 -9999 51.676 -9999 48.041 -9999 50.014 49.969 50.064 49.727 49.392 51.162
-9999 -9999 -9999 -9999 -9999 -9999 -9999 -9999 -9999 -9999 -9999 -9999 -9999 -9999 -9999 78.441 83.927 86.335 90.057 93.339 94.184 91.472 83.124 79.972 72.986 76.266 67.801 63.687 63.857 62.586 60.984 62.486 64.645 70.541 75.224 84.233 78.647 70.851 82.099 80.263 71.967 76.866 69.824 72.333 78.443 74.585 71.54 65.053 60.205 57.523 57.587 54.576 52.741 52.996 54.488 54.388 55.496 51.764 51.624 50.808 48.939 -9999 -9999 46.274 44.852 -9999 -9999 45.77 46.876 45.565 -9999 -9999 -9999 -9999
-9999 -9999 -9999 -9999 -9999 -9999 -9999 -9999 -9999 -9999 -9999 -9999 -9999 -9999 94.403 88.098 88.834 86.908 86.312 87.324 91.86 94.62 95.706 95.515 92.586 77.957 69.154 65.585 64.69 62.255 62.215 59.116 63.409 70.41 86.105 89.687 79.183 78.166 75.035 62.838 64.033 64.883 71.9 75.64 71.874 69.686 65.435 60.848 60.271 59.565 53.176 51.458 53.064 51.718 49.875 47.098 51.785 53.333 -9999 -9999 -9999 48.399 -9999 -9999 -9999 -9999 -9999 -9999 45.605 -9999 -9999 -9999 -9999 -9999
