Validation/Results/raw data/ReClimate_08_2024_2_Temperature.asc
NCOLS 192
NROWS 249
XLLCENTER -225160.85627316462
YLLCENTER 29788.11610251502
CELLSIZE 5000.0
NODATA_VALUE -9999
[rows 102 to 135 of 249, columns 75 to 149 of 192]
-0.625 -0.596 -0.605 -0.615 -0.605 -0.601 -9999 -9999 -0.613 -9999 -9999 -0.596 -0.592 -0.586 -0.579 -0.571 -0.581 -0.593 -0.59 -0.585 -0.598 -0.614 -0.606 -0.595 -0.592 -0.588 -0.593 -0.598 -0.595 -0.591 -0.589 -0.587 -0.59 -0.592 -0.597 -0.603 -0.605 -0.607 -0.622 -0.639 -0.64 -0.639 -9999 -9999 -9999 -9999 -9999 -9999 -9999 -9999 -9999 -9999 -9999 -9999 -9999 -9999 -9999 -9999 -9999 -9999 -9999 -9999 -9999 -9999 -9999 -9999 -9999 -9999 -9999 -9999 -9999 -9999 -9999 -9999 -9999
-0.626 -0.621 -0.622 -0.609 -9999 -9999 -9999 -0.615 -0.613 -0.6 -0.593 -0.584 -0.585 -0.596 -0.59 -0.582 -0.59 -0.595 -0.594 -0.596 -0.604 -0.605 -0.605 -0.616 -0.611 -0.595 -0.6 -0.607 -0.603 -0.596 -0.593 -0.586 -0.591 -0.601 -0.608 -0.619 -0.617 -9999 -9999 -0.621 -9999 -9999 -9999 -9999 -9999 -9999 -9999 -9999 -9999 -9999 -9999 -9999 -9999 -9999 -9999 -9999 -9999 -9999 -9999 -9999 -9999 -9999 -9999 -9999 -9999 -9999 -9999 -9999 -9999 -9999 -9999 -9999 -9999 -9999 -9999
-0.633 -0.628 -9999 -0.604 -9999 -9999 -9999 -0.615 -0.604 -0.594 -0.586 -0.578 -0.587 -0.598 -0.592 -0.585 -0.589 -0.595 -0.597 -0.599 -0.599 -0.6 -0.611 -0.623 -0.612 -0.597 -0.603 -0.61 -0.604 -0.598 -0.592 -0.585 -0.594 -0.604 -0.613 -0.624 -9999 -0.6 -0.608 -0.614 -0.625 -9999 -9999 -9999 -9999 -9999 -9999 -9999 -9999 -9999 -9999 -9999 -9999 -9999 -9999 -9999 -9999 -9999 -9999 -9999 -9999 -9999 -9999 -9999 -9999 -9999 -9999 -9999 -9999 -9999 -9999 -9999 -9999 -9999 -9999
-0.627 -9999 -9999 -9999 -9999 -0.609 -0.615 -0.613 -0.6 -0.578 -0.576 -0.587 -0.594 -0.595 -0.59 -0.586 -0.588 -0.586 -0.587 -0.585 -0.588 -0.599 -0.607 -0.611 -0.603 -0.598 -0.602 -0.602 -0.598 -0.596 -0.593 -0.595 -0.602 -0.606 -9999 -0.601 -0.593 -0.588 -0.597 -0.611 -0.623 -9999 -9999 -9999 -9999 -9999 -9999 -9999 -9999 -9999 -9999 -9999 -9999 -9999 -9999 -9999 -9999 -9999 -9999 -9999 -9999 -9999 -9999 -9999 -9999 -9999 -9999 -9999 -9999 -9999 -9999 -9999 -9999 -9999 -9999
-9999 -9999 -9999 -9999 -9999 -0.604 -0.608 -0.611 -0.592 -0.57 -0.578 -0.589 -0.591 -0.592 -0.588 -0.584 -0.582 -0.58 -0.579 -0.578 -0.586 -0.597 -0.601 -0.605 -0.602 -0.597 -0.598 -0.597 -0.596 -0.594 -0.596 -0.598 -0.602 -0.606 -0.6 -0.591 -0.588 -0.582 -0.594 -0.607 -0.619 -0.632 -9999 -9999 -9999 -9999 -9999 -9999 -9999 -9999 -9999 -9999 -9999 -9999 -9999 -9999 -9999 -9999 -9999 -9999 -9999 -9999 -9999 -9999 -9999 -9999 -9999 -9999 -9999 -9999 -9999 -9999 -9999 -9999 -9999
-9999 -9999 -9999 -9999 -0.608 -9999 -9999 -0.607 -0.594 -0.587 -0.593 -0.593 -9999 -9999 -0.593 -0.588 -0.584 -0.576 -0.576 -0.578 -0.585 -0.589 -0.595 -0.602 -0.605 -0.618 -0.615 -0.601 -0.6 -0.598 -0.602 -0.607 -0.608 -0.602 -0.604 -0.618 -0.617 -0.615 -0.621 -0.614 -0.624 -0.629 -0.631 -9999 -9999 -9999 -9999 -9999 -9999 -9999 -9999 -9999 -9999 -9999 -9999 -9999 -9999 -9999 -9999 -9999 -9999 -9999 -9999 -9999 -9999 -9999 -9999 -9999 -9999 -9999 -9999 -9999 -9999 -9999 -9999
-9999 -9999 -9999 -9999 -0.609 -9999 -0.606 -0.604 -0.598 -0.592 -0.592 -0.592 -0.594 -0.596 -0.592 -0.587 -0.58 -0.572 -0.574 -0.576 -0.58 -0.584 -0.591 -0.598 -0.611 -0.624 -0.613 -0.6 -0.599 -0.598 -0.603 -0.609 -0.604 -0.598 -0.611 -0.626 -0.626 -0.625 -0.62 -0.614 -0.62 -0.626 -9999 -9999 -9999 -9999 -9999 -9999 -9999 -9999 -9999 -9999 -9999 -9999 -9999 -9999 -9999 -9999 -9999 -9999 -9999 -9999 -9999 -9999 -9999 -9999 -9999 -9999 -9999 -9999 -9999 -9999 -9999 -9999 -9999
-9999 -9999 -9999 -9999 -0.611 -9999 -0.605 -0.605 -0.6 -0.595 -0.59 -9999 -0.582 -0.593 -9999 -0.574 -0.573 -0.581 -0.582 -0.583 -0.586 -0.586 -0.591 -0.593 -0.603 -0.613 -0.607 -0.603 -0.603 -0.602 -0.604 -0.6 -0.599 -0.603 -0.619 -0.641 -0.637 -0.623 -9999 -9999 -9999 -9999 -9999 -9999 -9999 -9999 -9999 -9999 -9999 -9999 -9999 -9999 -9999 -9999 -9999 -9999 -9999 -9999 -9999 -9999 -9999 -9999 -9999 -9999 -9999 -9999 -9999 -9999 -9999 -9999 -9999 -9999 -9999 -9999 -9999
-9999 -9999 -0.616 -0.614 -9999 -9999 -0.605 -0.604 -0.599 -0.594 -0.583 -0.57 -0.579 -0.589 -9999 -0.567 -0.574 -0.582 -0.582 -0.583 -0.584 -0.584 -0.587 -0.589 -0.598 -0.607 -0.605 -0.603 -0.602 -0.601 -0.598 -0.594 -0.599 -0.603 -0.622 -0.643 -0.63 -9999 -9999 -9999 -9999 -9999 -9999 -9999 -9999 -9999 -9999 -9999 -9999 -9999 -9999 -9999 -9999 -9999 -9999 -9999 -9999 -9999 -9999 -9999 -9999 -9999 -9999 -9999 -9999 -9999 -9999 -9999 -9999 -9999 -9999 -9999 -9999 -9999 -9999
-9999 -0.616 -0.615 -0.612 -9999 -0.606 -0.604 -0.585 -0.585 -9999 -0.581 -0.564 -0.574 -0.588 -9999 -0.58 -0.583 -0.58 -0.585 -0.6 -0.6 -0.598 -0.598 -0.59 -0.595 -0.594 -0.598 -0.614 -9999 -0.596 -0.6 -0.612 -0.608 -0.586 -0.605 -0.629 -9999 -9999 -9999 -9999 -9999 -9999 -9999 -9999 -9999 -9999 -9999 -9999 -9999 -9999 -9999 -9999 -9999 -9999 -9999 -9999 -9999 -9999 -9999 -9999 -9999 -9999 -9999 -9999 -9999 -9999 -9999 -9999 -9999 -9999 -9999 -9999 -9999 -9999 -9999
-9999 -0.615 -0.612 -9999 -9999 -0.604 -0.591 -0.577 -9999 -0.592 -0.577 -0.56 -0.571 -0.585 -9999 -0.582 -0.58 -0.576 -0.589 -0.604 -0.603 -0.601 -0.596 -0.589 -0.588 -0.587 -0.6 -0.616 -0.605 -0.592 -9999 -9999 -0.599 -0.578 -9999 -9999 -9999 -9999 -9999 -9999 -0.613 -0.618 -0.62 -9999 -9999 -9999 -9999 -9999 -9999 -9999 -9999 -9999 -9999 -9999 -9999 -9999 -9999 -9999 -9999 -9999 -9999 -9999 -9999 -9999 -9999 -9999 -9999 -9999 -9999 -9999 -9999 -9999 -9999 -9999 -9999
-0.609 -0.614 -9999 -9999 -0.593 -0.592 -0.582 -0.577 -9999 -0.586 -0.57 -0.554 -0.559 -0.556 -9999 -9999 -9999 -0.587 -0.597 -0.604 -0.604 -0.607 -0.602 -0.593 -0.587 -0.57 -0.584 -0.604 -0.595 -0.583 -0.593 -0.601 -0.592 -0.594 -9999 -9999 -9999 -9999 -9999 -0.605 -0.611 -0.618 -0.623 -0.63 -9999 -9999 -9999 -9999 -9999 -9999 -9999 -9999 -9999 -9999 -9999 -9999 -9999 -9999 -9999 -9999 -9999 -9999 -9999 -9999 -9999 -9999 -9999 -9999 -9999 -9999 -9999 -9999 -9999 -9999 -9999
-0.604 -0.612 -9999 -9999 -9999 -0.586 -0.581 -0.575 -9999 -0.581 -9999 -0.549 -0.546 -0.543 -9999 -0.568 -0.577 -0.589 -9999 -0.601 -0.604 -0.606 -0.6 -0.592 -0.579 -0.562 -0.578 -0.597 -0.589 -0.578 -0.585 -0.591 -0.593 -0.594 -0.592 -0.589 -0.601 -9999 -0.608 -0.603 -0.607 -0.61 -0.615 -0.619 -0.614 -0.611 -9999 -9999 -9999 -9999 -9999 -9999 -9999 -9999 -9999 -9999 -9999 -9999 -9999 -9999 -9999 -9999 -9999 -9999 -9999 -9999 -9999 -9999 -9999 -9999 -9999 -9999 -9999 -9999 -9999
-0.606 -9999 -9999 -9999 -9999 -0.578 -0.575 -0.576 -9999 -0.573 -9999 -0.542 -0.537 -9999 -0.535 -0.539 -0.556 -0.591 -0.593 -0.585 -0.587 -0.588 -0.583 -0.578 -0.573 -0.58 -0.591 -0.59 -0.583 -0.577 -0.583 -0.59 -0.591 -0.594 -0.592 -0.589 -0.598 -0.599 -0.595 -0.589 -0.591 -0.588 -0.587 -0.579 -0.573 -0.568 -0.591 -0.578 -0.562 -9999 -9999 -9999 -9999 -9999 -9999 -9999 -9999 -9999 -9999 -9999 -9999 -9999 -9999 -9999 -9999 -9999 -9999 -9999 -9999 -9999 -9999 -9999 -9999 -9999 -9999
-0.609 -9999 -9999 -9999 -9999 -0.574 -0.574 -0.575 -0.572 -9999 -9999 -0.537 -0.533 -9999 -0.534 -0.526 -0.555 -0.59 -0.584 -0.577 -0.578 -0.579 -0.575 -0.57 -0.577 -0.585 -0.585 -0.582 -0.577 -0.571 -0.577 -0.583 -0.585 -0.588 -0.586 -0.583 -0.585 -0.587 -0.583 -0.576 -0.574 -0.571 -0.564 -0.555 -0.55 -0.545 -0.56 -0.576 -0.562 -0.558 -9999 -9999 -9999 -9999 -9999 -9999 -9999 -9999 -9999 -9999 -9999 -9999 -9999 -9999 -9999 -9999 -9999 -9999 -9999 -9999 -9999 -9999 -9999 -9999 -9999
-9999 -9999 -9999 -9999 -9999 -0.571 -0.571 -0.572 -0.566 -9999 -9999 -0.538 -0.535 -9999 -9999 -0.526 -0.549 -0.566 -0.567 -0.582 -0.581 -0.576 -0.576 -0.58 -0.585 -0.586 -0.583 -0.576 -0.572 -0.568 -0.569 -0.559 -0.561 -0.564 -0.561 -0.559 -0.558 -0.552 -0.553 -0.569 -0.564 -0.552 -0.544 -0.534 -0.532 -0.535 -0.547 -0.556 -0.553 -0.556 -9999 -9999 -9999 -9999 -9999 -9999 -9999 -9999 -9999 -9999 -9999 -9999 -9999 -9999 -9999 -9999 -9999 -9999 -9999 -9999 -9999 -9999 -9999 -9999 -9999
-9999 -9999 -9999 -9999 -9999 -0.569 -0.569 -0.569 -9999 -9999 -9999 -9999 -0.537 -9999 -0.53 -0.525 -0.539 -0.555 -0.567 -0.581 -0.578 -0.572 -0.577 -0.581 -0.581 -0.581 -0.575 -0.568 -0.565 -0.562 -0.555 -0.545 -0.546 -0.548 -0.546 -0.544 -0.538 -0.53 -0.542 -0.559 -0.549 -0.537 -0.528 -0.519 -0.521 -0.523 -0.53 -0.539 -0.541 -0.544 -0.542 -9999 -9999 -9999 -9999 -9999 -9999 -9999 -9999 -9999 -9999 -9999 -9999 -9999 -9999 -9999 -9999 -9999 -9999 -9999 -9999 -9999 -9999 -9999 -9999
-9999 -9999 -9999 -0.578 -0.572 -0.568 -0.568 -9999 -9999 -0.555 -9999 -9999 -9999 -9999 -0.545 -0.54 -0.55 -0.556 -0.567 -0.577 -0.575 -0.575 -0.578 -0.578 -0.576 -0.569 -0.568 -0.575 -0.573 -0.569 -0.559 -0.54 -0.543 -0.545 -0.543 -0.537 -0.531 -0.523 -0.535 -0.546 -0.537 -0.526 -0.521 -0.519 -0.517 -0.507 -0.515 -0.527 -0.527 -0.52 -0.521 -9999 -9999 -9999 -9999 -9999 -9999 -9999 -9999 -9999 -9999 -9999 -9999 -9999 -9999 -9999 -9999 -9999 -9999 -9999 -9999 -9999 -9999 -9999 -9999
-9999 -9999 -9999 -9999 -0.57 -0.566 -0.566 -9999 -0.562 -0.557 -0.555 -9999 -9999 -9999 -9999 -0.544 -0.549 -0.554 -0.563 -0.573 -0.573 -0.571 -0.571 -0.572 -0.566 -0.559 -0.565 -0.572 -0.569 -0.566 -0.551 -0.534 -0.536 -0.538 -0.533 -0.528 -0.521 -0.514 -0.523 -0.534 -0.525 -0.514 -0.514 -0.513 -0.504 -0.493 -0.503 -0.515 -0.509 -0.502 -0.499 -0.495 -9999 -9999 -9999 -9999 -9999 -9999 -9999 -9999 -9999 -9999 -9999 -9999 -9999 -9999 -9999 -9999 -9999 -9999 -9999 -9999 -9999 -9999 -9999
-9999 -9999 -9999 -9999 -0.575 -0.57 -0.572 -9999 -0.568 -0.556 -0.557 -9999 -9999 -9999 -9999 -9999 -0.558 -0.57 -0.573 -0.566 -0.567 -0.571 -0.568 -0.559 -0.554 -0.55 -0.555 -0.558 -0.553 -0.545 -0.535 -0.533 -0.534 -0.532 -0.522 -0.503 -0.497 -0.495 -0.499 -0.497 -0.494 -0.506 -0.505 -0.504 -0.498 -0.495 -0.5 -0.5 -0.496 -0.493 -0.49 -0.48 -0.47 -9999 -9999 -9999 -9999 -9999 -9999 -9999 -9999 -9999 -9999 -9999 -9999 -9999 -9999 -9999 -9999 -9999 -9999 -9999 -9999 -9999 -9999
-9999 -9999 -9999 -9999 -0.568 -0.569 -9999 -9999 -0.566 -0.553 -0.557 -0.558 -9999 -9999 -9999 -9999 -9999 -0.574 -0.568 -0.558 -0.561 -0.565 -0.557 -0.548 -0.545 -0.542 -0.544 -0.547 -0.539 -0.531 -0.529 -0.527 -0.526 -0.523 -0.507 -0.487 -0.485 -0.482 -0.479 -0.476 -0.485 -0.496 -0.495 -0.494 -0.492 -0.488 -0.488 -0.487 -0.484 -0.482 -0.479 -0.474 -0.456 -0.445 -0.418 -9999 -9999 -9999 -9999 -9999 -9999 -9999 -9999 -9999 -9999 -9999 -9999 -9999 -9999 -9999 -9999 -9999 -9999 -9999 -9999
-9999 -9999 -9999 -9999 -0.562 -0.581 -9999 -9999 -0.56 -0.552 -0.553 -9999 -9999 -9999 -9999 -9999 -9999 -0.583 -0.574 -0.559 -0.56 -0.558 -0.553 -0.551 -0.546 -0.535 -0.538 -0.543 -0.536 -0.527 -0.525 -0.52 -0.521 -0.527 -0.513 -0.498 -0.491 -0.472 -0.47 -0.47 -0.476 -0.479 -0.478 -0.478 -0.473 -0.464 -0.465 -0.471 -0.465 -0.453 -0.454 -0.451 -0.442 -0.429 -0.417 -9999 -9999 -9999 -9999 -9999 -9999 -9999 -9999 -9999 -9999 -9999 -9999 -9999 -9999 -9999 -9999 -9999 -9999 -9999 -9999
-9999 -9999 -9999 -9999 -0.573 -0.581 -9999 -9999 -9999 -0.552 -0.548 -0.545 -9999 -9999 -9999 -9999 -9999 -0.581 -0.569 -0.554 -0.552 -0.55 -0.548 -0.547 -0.538 -0.528 -0.531 -0.536 -0.529 -0.521 -0.517 -0.511 -0.516 -0.522 -0.51 -0.497 -0.481 -0.463 -0.462 -0.462 -0.464 -0.467 -0.466 -0.465 -0.458 -0.449 -0.453 -0.458 -0.447 -0.433 -0.434 -0.435 -0.426 -0.415 -0.405 -9999 -9999 -9999 -9999 -9999 -9999 -9999 -9999 -9999 -9999 -9999 -9999 -9999 -9999 -9999 -9999 -9999 -9999 -9999 -9999
-9999 -9999 -9999 -0.549 -0.561 -0.574 -9999 -9999 -9999 -9999 -9999 -9999 -9999 -9999 -9999 -9999 -9999 -0.56 -0.548 -0.541 -0.544 -0.558 -0.551 -0.534 -0.527 -0.524 -0.526 -0.528 -0.524 -0.522 -0.519 -0.514 -0.516 -0.512 -0.501 -0.49 -0.478 -0.469 -0.465 -0.454 -0.457 -0.464 -0.462 -0.457 -0.449 -0.441 -0.443 -0.442 -0.428 -0.409 -0.427 -0.439 -0.426 -0.414 -0.407 -0.395 -9999 -9999 -9999 -9999 -9999 -9999 -9999 -9999 -9999 -9999 -9999 -9999 -9999 -9999 -9999 -9999 -9999 -9999 -9999
-9999 -9999 -0.544 -0.545 -0.554 -0.568 -9999 -9999 -9999 -9999 -9999 -9999 -9999 -9999 -9999 -0.559 -0.555 -0.547 -0.539 -0.531 -0.541 -0.554 -0.54 -0.523 -0.52 -0.517 -0.517 -0.519 -0.518 -0.517 -0.514 -0.51 -0.506 -0.502 -0.493 -0.482 -0.474 -0.466 -0.456 -0.446 -0.451 -0.458 -0.453 -0.448 -0.44 -0.432 -0.431 -0.428 -0.412 -0.394 -0.411 -0.433 -0.421 -0.407 -0.399 -0.389 -9999 -9999 -9999 -9999 -9999 -9999 -9999 -9999 -9999 -9999 -9999 -9999 -9999 -9999 -9999 -9999 -9999 -9999 -9999
-9999 -9999 -0.54 -0.543 -0.554 -9999 -9999 -9999 -9999 -9999 -9999 -9999 -9999 -9999 -9999 -0.561 -0.551 -0.538 -0.535 -0.541 -0.542 -0.527 -0.518 -0.517 -0.514 -0.508 -0.506 -0.501 -0.502 -0.507 -0.501 -0.493 -0.492 -0.495 -0.49 -0.488 -0.48 -0.467 -0.459 -0.448 -0.45 -0.444 -0.441 -0.44 -0.429 -0.412 -0.409 -0.406 -0.397 -0.404 -0.416 -0.421 -0.415 -0.404 -0.398 -0.394 -9999 -9999 -9999 -9999 -9999 -9999 -9999 -9999 -9999 -9999 -9999 -9999 -9999 -9999 -9999 -9999 -9999 -9999 -9999
-9999 -9999 -9999 -9999 -9999 -9999 -9999 -9999 -9999 -9999 -9999 -9999 -9999 -9999 -9999 -0.555 -0.543 -0.531 -0.535 -0.542 -0.527 -0.511 -0.51 -0.51 -0.505 -0.499 -0.494 -0.488 -0.492 -0.496 -0.489 -0.48 -0.483 -0.487 -0.486 -0.485 -0.474 -0.462 -0.454 -0.444 -0.439 -0.433 -0.432 -0.43 -0.416 -0.398 -0.394 -0.39 -0.395 -0.402 -0.405 -0.41 -0.404 -0.397 -0.391 -0.387 -9999 -9999 -9999 -9999 -9999 -9999 -9999 -9999 -9999 -9999 -9999 -9999 -9999 -9999 -9999 -9999 -9999 -9999 -9999
-9999 -9999 -9999 -9999 -9999 -9999 -9999 -9999 -9999 -9999 -9999 -9999 -9999 -9999 -0.551 -0.56 -0.545 -0.523 -0.524 -0.522 -0.511 -0.51 -0.508 -0.506 -0.503 -0.503 -0.495 -0.478 -0.479 -0.476 -0.472 -0.475 -0.473 -0.463 -0.468 -0.484 -0.475 -0.464 -0.454 -0.439 -0.432 -0.42 -0.417 -0.415 -0.402 -0.388 -0.38 -0.369 -0.376 -0.392 -0.399 -0.406 -0.403 -0.398 -0.391 -0.383 -9999 -9999 -9999 -9999 -9999 -9999 -9999 -9999 -9999 -9999 -9999 -9999 -9999 -9999 -9999 -9999 -9999 -9999 -9999
-9999 -9999 -9999 -9999 -9999 -9999 -9999 -9999 -9999 -9999 -9999 -9999 -9999 -9999 -0.554 -0.558 -0.538 -0.516 -0.513 -0.51 -0.508 -0.506 -0.503 -0.5 -0.498 -0.498 -0.485 -0.469 -0.465 -0.462 -0.463 -0.466 -0.458 -0.448 -0.461 -0.477 -0.468 -0.458 -0.446 -0.431 -0.421 -0.409 -0.406 -0.403 -0.391 -0.378 -0.367 -0.356 -0.367 -0.382 -0.389 -0.399 -0.396 -0.392 -0.386 -0.383 -9999 -9999 -9999 -9999 -9999 -9999 -9999 -9999 -9999 -9999 -9999 -9999 -9999 -9999 -9999 -9999 -9999 -9999 -9999
-9999 -9999 -9999 -9999 -9999 -9999 -9999 -9999 -9999 -9999 -9999 -9999 -9999 -0.538 -0.542 -0.524 -0.508 -0.496 -0.495 -0.502 -0.501 -0.502 -0.499 -0.499 -0.493 -0.479 -0.473 -0.482 -0.479 -0.474 -0.475 -0.471 -0.465 -0.462 -0.465 -0.451 -0.45 -0.46 -0.448 -0.435 -0.424 -0.407 -0.399 -0.382 -0.375 -0.377 -0.372 -0.375 -0.381 -0.377 -0.387 -0.398 -0.397 -0.396 -0.39 -0.382 -0.38 -9999 -9999 -9999 -9999 -9999 -9999 -9999 -9999 -9999 -9999 -9999 -9999 -9999 -9999 -9999 -9999 -9999 -9999
-9999 -9999 -9999 -9999 -9999 -9999 -9999 -9999 -9999 -9999 -9999 -9999 -0.533 -0.532 -0.519 -0.508 -0.498 -0.485 -0.49 -0.496 -0.496 -0.496 -0.495 -0.494 -0.482 -0.468 -0.474 -0.482 -0.476 -0.472 -0.469 -0.465 -0.463 -0.46 -0.449 -0.435 -0.443 -0.453 -0.442 -0.43 -0.416 -0.4 -0.385 -0.367 -0.368 -0.371 -0.373 -0.377 -0.373 -0.369 -0.379 -0.392 -0.392 -0.393 -0.389 -0.384 -0.38 -9999 -9999 -9999 -9999 -9999 -9999 -9999 -9999 -9999 -9999 -9999 -9999 -9999 -9999 -9999 -9999 -9999 -9999
-9999 -9999 -9999 -9999 -9999 -9999 -9999 -9999 -9999 -9999 -9999 -9999 -0.533 -0.537 -0.526 -0.507 -0.493 -0.472 -0.474 -0.476 -0.48 -0.497 -0.492 -0.482 -0.476 -0.483 -0.486 -0.484 -0.48 -0.476 -0.471 -0.46 -0.458 -0.454 -0.451 -0.458 -0.462 -0.452 -0.444 -0.437 -0.424 -0.409 -0.395 -0.377 -0.377 -0.375 -0.382 -0.395 -0.387 -0.367 -0.369 -0.377 -0.383 -0.387 -0.385 -0.382 -0.388 -9999 -9999 -9999 -9999 -9999 -9999 -9999 -9999 -9999 -9999 -9999 -9999 -9999 -9999 -9999 -9999 -9999 -9999
-9999 -9999 -9999 -9999 -9999 -9999 -9999 -9999 -9999 -9999 -9999 -0.536 -0.537 -0.538 -0.521 -0.503 -0.485 -0.465 -0.464 -0.465 -0.477 -0.493 -0.483 -0.473 -0.477 -0.484 -0.482 -0.48 -0.476 -0.473 -0.464 -0.453 -0.45 -0.446 -0.452 -0.46 -0.453 -0.444 -0.438 -0.432 -0.42 -0.405 -0.39 -0.373 -0.371 -0.371 -0.382 -0.397 -0.382 -0.364 -0.366 -0.369 -0.374 -0.381 -0.38 -0.378 -0.384 -0.38 -9999 -9999 -9999 -9999 -9999 -9999 -9999 -9999 -9999 -9999 -9999 -9999 -9999 -9999 -9999 -9999 -9999
-9999 -9999 -9999 -9999 -9999 -9999 -9999 -9999 -9999 -9999 -0.544 -9999 -0.543 -0.523 -0.514 -0.517 -0.5 -0.479 -0.482 -0.489 -0.488 -0.462 -0.461 -0.477 -0.479 -0.474 -0.471 -0.467 -0.465 -0.468 -0.459 -0.448 -0.446 -0.448 -0.447 -0.438 -0.434 -0.442 -0.439 -0.436 -0.425 -0.411 -0.401 -0.392 -0.392 -0.386 -0.391 -0.383 -0.37 -0.357 -0.356 -0.356 -0.371 -0.383 -0.385 -0.386 -0.381 -0.384 -9999 -9999 -9999 -9999 -9999 -9999 -9999 -9999 -9999 -9999 -9999 -9999 -9999 -9999 -9999 -9999 -9999
