Validation/Results/raw data/ReClimate_08_2024_2.asc
NCOLS 192
NROWS 249
XLLCENTER -225160.85627316462
YLLCENTER 29788.11610251502
CELLSIZE 5000.0
NODATA_VALUE -9999
[rows 136 to 169 of 249, columns 75 to 149 of 192]
98.364 -9999 -9999 -9999 -9999 -9999 -9999 -9999 -9999 -9999 98.853 -9999 98.942 98.977 99.01 99.042 99.073 99.098 99.111 99.108 99.123 99.124 99.1 99.088 99.082 99.074 99.024 98.912 98.801 98.698 -9999 -9999 -9999 -9999 -9999 -9999 98.115 97.986 97.883 97.765 97.612 97.397 97.19 97.013 96.85 96.695 96.546 96.404 96.267 96.135 96.008 95.886 95.767 95.652 95.541 95.434 95.33 95.231 95.167 -9999 -9999 -9999 -9999 -9999 -9999 -9999 -9999 -9999 -9999 -9999 -9999 -9999 -9999 -9999 -9999
98.323 98.355 -9999 -9999 -9999 -9999 -9999 -9999 -9999 -9999 98.808 98.856 98.894 98.929 98.963 98.996 99.027 99.057 99.073 99.075 99.073 99.068 99.059 99.053 99.045 99.035 98.972 98.853 98.74 98.635 -9999 -9999 -9999 -9999 98.18 98.093 98.0 97.886 97.767 97.644 97.468 97.259 97.079 96.914 96.758 96.608 96.464 96.326 96.193 96.064 95.94 95.82 95.703 95.591 95.482 95.378 95.277 95.18 95.089 -9999 -9999 -9999 -9999 -9999 -9999 -9999 -9999 -9999 -9999 -9999 -9999 -9999 -9999 -9999 -9999
98.28 98.312 98.344 -9999 -9999 -9999 -9999 -9999 -9999 -9999 98.756 98.804 98.746 -9999 -9999 98.948 98.98 99.011 99.032 -9999 99.035 99.03 99.023 99.016 99.007 98.991 98.917 98.794 -9999 -9999 -9999 -9999 -9999 98.199 98.109 98.009 97.888 97.769 97.653 97.519 97.333 97.15 96.983 96.825 96.673 96.528 96.388 96.254 96.123 95.997 95.876 95.758 95.644 95.533 95.426 95.324 95.226 95.13 95.036 -9999 -9999 -9999 -9999 -9999 -9999 -9999 -9999 -9999 -9999 -9999 -9999 -9999 -9999 -9999 -9999
98.586 98.269 98.32 -9999 -9999 -9999 -9999 -9999 -9999 -9999 -9999 98.747 98.603 -9999 -9999 -9999 98.932 98.963 98.99 99.003 -9999 -9999 98.984 98.976 98.967 98.946 98.867 -9999 -9999 -9999 -9999 -9999 98.222 98.128 98.018 97.892 97.772 97.655 97.542 97.402 97.227 97.057 96.896 96.743 96.596 96.454 96.318 96.186 96.059 95.935 95.816 95.7 95.588 95.478 95.372 95.272 95.176 95.085 94.993 -9999 -9999 -9999 -9999 -9999 -9999 -9999 -9999 -9999 -9999 -9999 -9999 -9999 -9999 -9999 -9999
98.068 98.261 -9999 -9999 -9999 -9999 -9999 -9999 -9999 -9999 -9999 -9999 98.733 -9999 -9999 -9999 -9999 98.913 98.944 98.959 -9999 -9999 -9999 98.919 98.924 -9999 -9999 -9999 -9999 -9999 -9999 -9999 98.151 98.031 97.9 97.776 97.658 97.546 97.441 97.312 97.137 96.973 96.817 96.667 96.523 96.385 96.251 96.122 95.998 95.877 95.76 95.646 95.536 95.428 95.322 95.221 95.129 95.041 94.952 -9999 -9999 -9999 -9999 -9999 -9999 -9999 -9999 -9999 -9999 -9999 -9999 -9999 -9999 -9999 -9999
98.249 -9999 -9999 -9999 -9999 -9999 -9999 -9999 -9999 -9999 -9999 -9999 98.667 -9999 -9999 -9999 -9999 -9999 98.892 98.912 -9999 -9999 -9999 -9999 -9999 -9999 -9999 -9999 -9999 -9999 -9999 -9999 98.052 97.912 97.783 97.661 97.549 97.453 97.362 97.222 97.056 96.897 96.744 96.597 96.455 96.319 96.188 96.062 95.939 95.821 95.707 95.596 95.487 95.382 95.279 95.18 95.088 95.001 94.913 94.821 -9999 -9999 -9999 -9999 -9999 -9999 -9999 -9999 -9999 -9999 -9999 -9999 -9999 -9999 -9999
-9999 98.242 98.257 98.224 98.23 -9999 -9999 -9999 -9999 -9999 -9999 -9999 98.607 -9999 -9999 -9999 -9999 -9999 -9999 -9999 -9999 -9999 -9999 -9999 -9999 -9999 -9999 -9999 -9999 -9999 -9999 98.081 97.93 97.793 97.667 97.556 97.463 97.378 97.282 97.141 96.982 96.826 96.675 96.531 96.393 96.261 96.133 96.009 95.889 95.772 95.656 95.543 95.435 95.332 95.232 95.136 95.045 94.958 94.87 94.781 94.689 -9999 -9999 -9999 -9999 -9999 -9999 -9999 -9999 -9999 -9999 -9999 -9999 -9999 -9999
98.312 98.21 98.215 98.205 98.211 -9999 -9999 -9999 -9999 -9999 -9999 -9999 -9999 -9999 -9999 -9999 -9999 -9999 -9999 -9999 -9999 -9999 -9999 -9999 -9999 -9999 -9999 -9999 -9999 -9999 98.075 97.956 97.81 97.682 97.573 97.476 97.387 97.304 97.206 97.065 96.912 96.762 96.617 96.478 96.344 96.216 96.091 95.967 95.846 95.728 95.614 95.503 95.395 95.291 95.19 95.092 95.0 94.913 94.826 94.738 94.648 -9999 -9999 -9999 -9999 -9999 -9999 -9999 -9999 -9999 -9999 -9999 -9999 -9999 -9999
98.002 98.127 98.141 -9999 98.197 98.203 -9999 -9999 -9999 -9999 -9999 -9999 -9999 -9999 -9999 -9999 -9999 -9999 -9999 -9999 -9999 -9999 -9999 -9999 -9999 -9999 -9999 -9999 -9999 -9999 97.969 97.844 97.712 97.598 97.494 97.4 97.316 97.238 97.138 96.996 96.846 96.702 96.563 96.429 96.298 96.168 96.04 95.917 95.799 95.686 95.575 95.47 95.366 95.264 95.164 95.067 94.97 94.876 94.783 94.694 94.614 94.551 94.512 -9999 -9999 -9999 -9999 -9999 -9999 -9999 -9999 -9999 -9999 -9999 -9999
97.788 98.256 98.255 -9999 -9999 98.189 -9999 -9999 -9999 -9999 -9999 -9999 -9999 -9999 -9999 -9999 -9999 -9999 -9999 -9999 -9999 -9999 -9999 -9999 -9999 -9999 -9999 -9999 -9999 -9999 97.882 97.758 97.631 97.519 97.42 97.332 97.251 97.176 97.074 96.93 96.783 96.644 96.508 96.371 96.236 96.108 95.985 95.867 95.754 95.645 95.54 95.437 95.337 95.239 95.142 95.047 94.952 94.857 94.76 94.663 94.589 94.537 94.495 94.454 94.416 94.411 -9999 -9999 -9999 -9999 -9999 -9999 -9999 -9999 -9999
97.737 98.249 98.197 98.165 -9999 98.169 -9999 -9999 -9999 -9999 -9999 -9999 -9999 -9999 -9999 -9999 -9999 -9999 -9999 -9999 -9999 -9999 -9999 -9999 -9999 -9999 -9999 -9999 -9999 97.927 97.802 97.677 97.554 97.448 97.354 97.268 97.189 97.115 97.012 96.868 96.723 96.581 96.438 96.301 96.172 96.049 95.931 95.818 95.71 95.605 95.503 95.405 95.308 95.213 95.12 95.027 94.934 94.841 94.745 94.663 94.593 94.536 94.487 94.444 94.404 94.366 94.327 94.382 -9999 -9999 -9999 -9999 -9999 -9999 -9999
97.268 98.16 98.145 -9999 98.143 -9999 -9999 -9999 -9999 -9999 -9999 -9999 -9999 -9999 -9999 -9999 -9999 -9999 -9999 -9999 -9999 -9999 -9999 -9999 -9999 -9999 -9999 -9999 -9999 -9999 97.728 97.602 97.484 97.381 97.29 97.206 97.129 97.056 96.953 96.808 96.652 96.503 96.364 96.233 96.11 95.992 95.879 95.771 95.667 95.566 95.469 95.373 95.28 95.188 95.097 95.006 94.915 94.823 94.74 94.669 94.613 94.559 94.504 94.45 94.407 94.37 94.331 94.294 94.323 -9999 -9999 -9999 -9999 -9999 -9999
98.091 98.123 98.12 98.117 98.114 -9999 -9999 -9999 -9999 -9999 -9999 -9999 -9999 -9999 -9999 -9999 -9999 -9999 -9999 -9999 -9999 -9999 -9999 -9999 -9999 -9999 -9999 -9999 -9999 -9999 -9999 97.532 97.418 97.317 97.227 97.146 97.07 96.998 96.892 96.731 96.572 96.428 96.294 96.169 96.05 95.937 95.829 95.725 95.625 95.528 95.433 95.342 95.251 95.162 95.073 94.984 94.895 94.812 94.745 94.69 94.64 94.589 94.537 94.483 94.427 94.382 94.343 94.306 94.269 94.296 -9999 -9999 -9999 -9999 -9999
98.099 98.097 98.093 98.089 -9999 -9999 -9999 -9999 -9999 -9999 -9999 -9999 -9999 -9999 -9999 -9999 -9999 -9999 -9999 -9999 -9999 -9999 -9999 -9999 -9999 -9999 -9999 -9999 -9999 -9999 -9999 97.477 97.357 97.258 97.167 97.087 97.011 96.932 96.806 96.651 96.497 96.357 96.228 96.108 95.994 95.885 95.781 95.681 95.584 95.49 95.399 95.31 95.222 95.135 95.048 94.962 94.883 94.819 94.765 94.717 94.669 94.62 94.57 94.518 94.464 94.408 94.359 94.32 94.283 94.258 94.303 -9999 -9999 -9999 -9999
98.074 98.071 98.066 98.06 -9999 -9999 -9999 -9999 -9999 -9999 -9999 -9999 -9999 -9999 -9999 -9999 -9999 -9999 -9999 -9999 -9999 -9999 -9999 -9999 -9999 -9999 -9999 -9999 -9999 -9999 -9999 -9999 97.305 97.204 97.114 97.03 96.943 96.841 96.722 96.576 96.427 96.291 96.166 96.049 95.939 95.834 95.734 95.637 95.544 95.453 95.365 95.278 95.193 95.108 95.025 94.95 94.888 94.836 94.791 94.745 94.698 94.651 94.602 94.552 94.5 94.446 94.389 94.337 94.297 94.27 94.264 -9999 -9999 -9999 -9999
-9999 -9999 -9999 -9999 -9999 -9999 -9999 -9999 -9999 -9999 -9999 -9999 -9999 -9999 -9999 -9999 -9999 -9999 -9999 -9999 -9999 -9999 -9999 -9999 -9999 -9999 -9999 -9999 -9999 -9999 -9999 -9999 97.261 97.155 97.064 96.969 96.855 96.753 96.642 96.506 96.36 96.228 96.107 95.994 95.887 95.786 95.689 95.595 95.505 95.416 95.331 95.246 95.164 95.084 95.013 94.955 94.904 94.86 94.815 94.771 94.726 94.68 94.633 94.584 94.534 94.482 94.427 94.369 94.315 94.289 94.284 94.285 -9999 -9999 -9999
-9999 -9999 -9999 -9999 -9999 -9999 -9999 -9999 -9999 -9999 -9999 -9999 -9999 -9999 -9999 -9999 -9999 -9999 -9999 -9999 -9999 -9999 -9999 -9999 -9999 -9999 -9999 -9999 -9999 -9999 -9999 -9999 -9999 97.109 97.011 96.888 96.774 96.672 96.566 96.44 96.298 96.169 96.051 95.941 95.837 95.739 95.644 95.554 95.466 95.38 95.296 95.216 95.138 95.072 95.017 94.969 94.925 94.882 94.839 94.796 94.752 94.708 94.662 94.615 94.567 94.516 94.463 94.407 94.349 94.313 94.308 94.31 -9999 -9999 -9999
-9999 -9999 -9999 -9999 -9999 -9999 -9999 -9999 -9999 -9999 -9999 -9999 -9999 -9999 -9999 -9999 -9999 -9999 -9999 -9999 -9999 -9999 -9999 -9999 -9999 -9999 -9999 -9999 -9999 -9999 -9999 -9999 -9999 97.039 -9999 96.812 96.701 96.598 96.498 -9999 96.239 96.113 95.997 95.89 95.789 95.693 95.601 95.513 95.427 95.344 95.264 95.19 95.13 95.077 95.031 94.988 94.946 94.904 94.862 94.82 94.778 94.735 94.69 94.645 94.598 94.549 94.497 94.443 94.392 94.352 94.336 94.335 94.338 -9999 -9999
-9999 -9999 -9999 -9999 -9999 -9999 -9999 -9999 -9999 -9999 -9999 -9999 -9999 -9999 -9999 -9999 -9999 -9999 -9999 -9999 -9999 -9999 -9999 -9999 -9999 -9999 -9999 -9999 -9999 -9999 -9999 -9999 -9999 -9999 96.863 96.741 -9999 -9999 -9999 -9999 96.194 96.059 95.946 95.842 95.743 95.649 95.56 95.473 95.389 95.308 95.237 95.187 95.135 95.091 95.05 95.009 94.97 94.93 94.891 94.851 94.81 94.768 94.725 94.681 94.634 94.585 94.532 94.477 94.434 94.402 94.374 94.362 94.364 94.368 94.371
-9999 -9999 -9999 -9999 -9999 -9999 -9999 -9999 -9999 -9999 -9999 -9999 -9999 -9999 -9999 -9999 -9999 -9999 -9999 -9999 -9999 -9999 -9999 -9999 -9999 -9999 -9999 -9999 -9999 -9999 -9999 -9999 -9999 -9999 96.822 96.679 -9999 -9999 -9999 -9999 96.177 96.039 95.928 95.824 95.724 95.629 95.536 95.445 95.36 95.293 95.244 95.198 95.155 95.113 95.074 95.036 94.998 94.96 94.923 94.885 94.846 94.806 94.765 94.722 94.676 94.629 94.578 94.528 94.487 94.457 94.425 94.396 94.391 94.395 94.4
-9999 -9999 -9999 -9999 -9999 -9999 -9999 -9999 -9999 -9999 -9999 -9999 -9999 -9999 -9999 -9999 -9999 -9999 -9999 -9999 -9999 -9999 -9999 -9999 -9999 -9999 -9999 -9999 -9999 -9999 -9999 -9999 -9999 -9999 96.816 -9999 -9999 -9999 -9999 96.29 96.168 96.04 95.93 95.826 95.728 95.632 95.541 95.463 95.395 95.337 95.281 95.222 95.177 95.138 95.1 95.063 95.027 94.991 94.955 94.918 94.881 94.843 94.803 94.762 94.719 94.673 94.624 94.583 94.55 94.522 94.49 94.455 94.428 94.429 -9999
-9999 -9999 -9999 -9999 -9999 -9999 -9999 -9999 -9999 -9999 -9999 -9999 -9999 -9999 -9999 -9999 -9999 -9999 -9999 -9999 -9999 -9999 -9999 -9999 -9999 -9999 -9999 -9999 -9999 -9999 -9999 -9999 -9999 -9999 -9999 -9999 -9999 -9999 -9999 96.284 96.177 96.054 95.938 95.839 95.751 95.667 95.592 95.523 95.46 95.398 95.339 95.28 95.223 95.171 95.126 95.089 95.054 95.02 94.985 94.95 94.915 94.878 94.84 94.801 94.759 94.715 94.673 94.639 94.613 94.586 94.557 94.524 94.486 94.477 -9999
-9999 -9999 -9999 -9999 -9999 -9999 -9999 -9999 -9999 -9999 -9999 -9999 -9999 -9999 -9999 -9999 -9999 -9999 -9999 -9999 -9999 -9999 -9999 -9999 -9999 -9999 -9999 -9999 -9999 -9999 -9999 -9999 -9999 -9999 -9999 -9999 -9999 -9999 -9999 96.293 96.201 96.093 95.983 95.889 95.805 95.727 95.655 95.588 95.524 95.462 95.402 95.343 95.286 95.231 95.176 95.125 95.083 95.048 95.015 94.981 94.947 94.912 94.876 94.838 94.798 94.756 94.723 94.697 94.674 94.649 94.622 94.591 94.557 94.522 -9999
-9999 -9999 -9999 -9999 -9999 -9999 -9999 -9999 -9999 -9999 -9999 -9999 -9999 -9999 -9999 -9999 -9999 -9999 -9999 -9999 -9999 -9999 -9999 -9999 -9999 -9999 -9999 -9999 -9999 -9999 -9999 -9999 -9999 -9999 -9999 -9999 -9999 -9999 96.405 96.332 96.254 96.162 96.05 95.95 95.867 95.79 95.719 95.652 95.587 95.524 95.463 95.404 95.346 95.291 95.238 95.185 95.131 95.081 95.044 95.012 94.979 94.945 94.91 94.874 94.836 94.802 94.774 94.755 94.733 94.711 94.685 94.657 94.625 94.591 94.576
-9999 -9999 -9999 -9999 -9999 -9999 -9999 -9999 -9999 -9999 -9999 -9999 -9999 -9999 -9999 -9999 -9999 -9999 -9999 -9999 -9999 -9999 -9999 -9999 -9999 -9999 -9999 -9999 -9999 -9999 -9999 -9999 -9999 -9999 -9999 -9999 -9999 -9999 96.452 96.38 96.309 96.222 96.121 96.02 95.932 95.855 95.783 95.714 95.648 95.584 95.522 95.461 95.403 95.348 95.296 95.245 95.194 95.142 95.087 95.044 95.01 94.978 94.944 94.909 94.876 94.849 94.829 94.811 94.792 94.77 94.747 94.721 94.692 94.658 94.631
-9999 -9999 -9999 -9999 -9999 -9999 -9999 -9999 -9999 -9999 -9999 -9999 -9999 -9999 -9999 -9999 -9999 -9999 -9999 -9999 -9999 -9999 -9999 -9999 -9999 -9999 -9999 -9999 -9999 -9999 -9999 -9999 -9999 -9999 -9999 -9999 -9999 96.573 96.498 96.427 96.357 96.282 96.194 96.09 95.997 95.919 95.846 95.776 95.709 95.644 95.581 95.519 95.458 95.402 95.352 95.304 95.255 95.204 95.151 95.096 95.045 95.009 94.977 94.944 94.919 94.9 94.884 94.867 94.849 94.829 94.808 94.784 94.757 94.726 94.692
-9999 -9999 -9999 -9999 -9999 -9999 -9999 -9999 -9999 -9999 -9999 -9999 -9999 -9999 -9999 -9999 -9999 -9999 -9999 -9999 -9999 -9999 -9999 -9999 -9999 -9999 -9999 -9999 -9999 -9999 -9999 -9999 -9999 -9999 -9999 -9999 -9999 96.619 96.545 96.474 96.404 96.336 96.254 96.162 96.067 95.985 95.91 95.839 95.771 95.705 95.641 95.578 95.516 95.459 95.409 95.362 95.314 95.265 95.214 95.16 95.103 95.047 95.009 94.985 94.966 94.952 94.937 94.922 94.905 94.887 94.868 94.846 94.822 94.794 94.761
-9999 -9999 -9999 -9999 -9999 -9999 -9999 -9999 -9999 -9999 -9999 -9999 -9999 -9999 -9999 -9999 -9999 -9999 -9999 -9999 -9999 -9999 -9999 -9999 -9999 -9999 -9999 -9999 -9999 -9999 -9999 -9999 -9999 -9999 -9999 -9999 -9999 96.665 96.591 96.519 96.45 96.383 96.312 96.231 96.138 96.051 95.976 95.904 95.835 95.768 95.702 95.639 95.578 95.521 95.47 95.422 95.373 95.324 95.274 95.222 95.167 95.108 95.055 95.029 95.016 95.003 94.99 94.976 94.961 94.945 94.927 94.908 94.886 94.86 94.831
-9999 -9999 -9999 -9999 -9999 -9999 -9999 -9999 -9999 -9999 -9999 -9999 -9999 -9999 -9999 -9999 -9999 -9999 -9999 -9999 -9999 -9999 -9999 -9999 -9999 -9999 -9999 -9999 -9999 -9999 -9999 -9999 -9999 -9999 -9999 -9999 -9999 -9999 96.632 96.564 96.495 96.429 96.364 96.291 96.21 96.121 96.042 95.97 95.9 95.832 95.766 95.703 95.642 95.585 95.532 95.481 95.432 95.383 95.333 95.282 95.228 95.178 95.129 95.085 95.066 95.054 95.042 95.03 95.017 95.002 94.986 -9999 94.949 -9999 94.898
-9999 -9999 -9999 -9999 -9999 -9999 -9999 -9999 -9999 -9999 -9999 -9999 -9999 -9999 -9999 -9999 -9999 -9999 -9999 -9999 -9999 -9999 -9999 -9999 -9999 -9999 -9999 -9999 -9999 -9999 -9999 -9999 -9999 -9999 -9999 -9999 -9999 96.726 96.663 96.608 96.541 96.476 96.411 96.346 96.271 96.193 96.111 96.037 95.966 95.897 95.831 95.767 95.706 95.648 95.593 95.541 95.49 95.44 95.391 95.34 95.294 95.249 95.207 95.163 95.123 95.106 95.095 95.084 95.072 95.059 95.046 95.03 95.012 94.99 -9999
-9999 -9999 -9999 -9999 -9999 -9999 -9999 -9999 -9999 -9999 -9999 -9999 -9999 -9999 -9999 -9999 -9999 -9999 -9999 -9999 -9999 -9999 -9999 -9999 -9999 -9999 -9999 -9999 -9999 -9999 -9999 -9999 -9999 -9999 -9999 -9999 -9999 96.757 96.699 96.64 96.583 96.522 96.458 96.394 96.328 96.257 96.182 96.107 96.035 95.964 95.896 95.831 95.769 95.709 95.653 95.599 95.547 95.496 95.447 95.404 95.362 95.323 95.283 95.242 95.198 95.162 95.148 95.138 95.128 95.117 95.105 95.09 95.072 95.05 95.024
-9999 -9999 -9999 -9999 -9999 -9999 -9999 -9999 -9999 -9999 -9999 -9999 -9999 -9999 -9999 -9999 -9999 -9999 -9999 -9999 -9999 -9999 -9999 -9999 -9999 -9999 -9999 -9999 -9999 -9999 -9999 -9999 -9999 -9999 -9999 -9999 96.858 96.793 96.732 96.673 96.615 96.56 96.502 96.441 96.38 96.315 96.249 96.179 96.105 96.033 95.963 95.896 95.832 95.77 95.711 95.656 95.602 95.553 95.51 95.47 95.433 95.396 95.358 95.318 95.277 95.232 95.203 95.193 95.184 95.174 95.161 95.149 95.137 95.122 95.104
-9999 -9999 -9999 -9999 -9999 -9999 -9999 -9999 -9999 -9999 -9999 -9999 -9999 -9999 -9999 -9999 -9999 -9999 -9999 -9999 -9999 -9999 -9999 -9999 -9999 -9999 -9999 -9999 -9999 -9999 -9999 -9999 -9999 -9999 -9999 -9999 96.895 96.83 96.769 96.708 96.652 96.594 96.535 96.481 96.426 96.368 96.308 96.247 96.177 96.103 96.031 95.961 95.894 95.83 95.769 95.711 95.66 95.615 95.574 95.538 95.502 95.467 95.431 95.393 95.354 95.312 95.267 95.247 95.241 95.237 95.231 95.223 95.215 95.206 95.194
-9999 -9999 -9999 -9999 -9999 -9999 -9999 -9999 -9999 -9999 -9999 -9999 -9999 -9999 -9999 -9999 -9999 -9999 -9999 -9999 -9999 -9999 -9999 -9999 -9999 -9999 -9999 -9999 -9999 -9999 -9999 -9999 -9999 -9999 -9999 -9999 -9999 96.867 96.807 96.748 96.69 96.631 96.572 96.515 96.462 96.409 96.359 96.305 96.245 96.174 96.1 96.027 95.957 95.891 95.829 95.773 95.722 95.678 95.64 95.604 95.57 95.537 95.503 95.467 95.429 95.388 95.348 95.315 95.308 95.307 95.305 95.303 95.298 95.292 95.284
