Validation/Results/raw data/ReClimate_03_2024_1_Temperature-Actuals 2.asc
NCOLS 192
NROWS 249
XLLCENTER -225160.85627316462
YLLCENTER 29788.11610251502
CELLSIZE 5000.0
NODATA_VALUE -9999
[rows 170 to 203 of 249, columns 77 to 153 of 192]
-9999 -9999 -9999 -9999 -9999 -9999 -9999 -9999 -9999 -9999 -9999 -9999 -9999 -9999 -9999 9.161 9.164 -9999 -9999 -9999 -9999 -9999 -9999 -9999 -9999 -9999 -9999 -9999 -9999 -9999 -9999 -9999 -9999 -9999 9.68 9.818 9.743 9.696 9.513 9.538 9.662 9.736 9.764 9.889 9.97 9.95 9.651 9.101 8.182 7.308 6.508 6.748 6.746 7.26 8.414 8.923 9.195 8.823 8.792 9.041 9.304 9.29 9.276 9.244 9.25 9.241 9.139 9.1 9.161 9.132 8.974 8.489 8.46 8.419 8.666 8.77 8.801
-9999 -9999 -9999 -9999 -9999 -9999 -9999 -9999 -9999 -9999 -9999 -9999 -9999 -9999 -9999 8.988 8.933 9.085 -9999 -9999 -9999 -9999 -9999 -9999 -9999 -9999 -9999 -9999 -9999 -9999 -9999 -9999 -9999 9.826 9.824 9.78 9.723 9.547 9.623 9.597 9.754 9.76 9.777 9.818 9.807 9.727 9.592 9.205 8.518 7.401 6.541 7.017 7.541 7.621 8.239 9.257 9.424 9.183 8.712 8.891 9.285 9.343 9.225 9.15 9.189 9.209 9.157 9.026 9.076 9.114 9.031 8.702 8.413 8.482 8.62 8.903 8.967
-9999 -9999 -9999 -9999 -9999 -9999 -9999 -9999 -9999 -9999 -9999 -9999 -9999 -9999 9.326 9.096 8.938 9.112 9.404 -9999 -9999 -9999 -9999 -9999 -9999 -9999 -9999 -9999 -9999 -9999 9.291 -9999 -9999 9.851 9.542 9.739 9.757 9.797 -9999 9.556 9.582 9.555 9.61 9.568 9.613 9.466 9.383 8.924 8.221 8.571 7.399 7.653 8.196 7.547 8.451 8.872 9.28 9.22 8.911 8.965 9.237 9.51 9.352 9.178 9.239 9.231 9.185 9.048 9.04 9.141 9.065 8.924 8.594 8.412 8.447 8.819 9.01
-9999 -9999 -9999 -9999 -9999 -9999 -9999 -9999 -9999 -9999 -9999 -9999 -9999 -9999 9.49 9.299 9.224 9.251 9.465 9.476 9.456 -9999 -9999 -9999 8.928 9.171 -9999 9.244 9.297 9.337 8.64 8.975 -9999 -9999 9.666 9.604 -9999 -9999 9.665 9.577 9.718 9.826 9.707 9.589 9.393 9.286 9.065 8.42 7.608 7.951 7.824 7.543 7.72 7.656 7.865 9.01 9.097 8.99 8.734 8.936 9.109 9.335 9.421 9.222 9.266 9.27 9.197 9.08 9.041 9.166 9.127 9.042 8.825 8.55 8.26 8.36 8.709
-9999 -9999 -9999 -9999 -9999 -9999 -9999 -9999 -9999 -9999 -9999 -9999 -9999 -9999 -9999 9.496 9.357 9.374 9.629 9.664 -9999 -9999 7.166 7.162 8.826 8.258 8.417 8.591 9.256 9.172 9.056 8.781 8.88 -9999 9.682 9.691 9.664 9.752 9.605 9.468 9.73 9.926 9.834 9.562 9.376 9.16 8.944 8.148 7.086 7.203 7.518 7.775 8.031 7.831 7.993 8.619 9.039 8.966 8.768 8.867 8.969 9.096 9.208 9.227 9.274 9.293 9.187 8.956 9.018 9.221 9.204 9.143 9.0 8.75 8.528 8.333 8.349
-9999 -9999 -9999 -9999 -9999 -9999 -9999 -9999 -9999 -9999 -9999 -9999 -9999 -9999 -9999 9.469 9.362 9.687 9.847 9.877 9.489 7.849 5.586 8.187 8.847 7.959 8.427 8.09 8.614 9.232 8.989 8.044 8.74 9.019 9.45 9.692 9.663 9.675 9.618 9.529 9.597 9.72 9.664 9.517 9.31 9.11 8.787 7.799 7.163 6.832 7.255 7.363 8.129 8.259 7.959 8.308 8.759 8.83 8.813 8.862 8.877 8.974 9.099 9.161 9.329 9.281 9.257 9.207 9.068 9.254 9.287 9.255 9.175 8.946 8.576 8.517 8.684
-9999 -9999 -9999 -9999 -9999 -9999 -9999 -9999 -9999 -9999 -9999 -9999 -9999 -9999 -9999 -9999 9.531 9.781 9.698 9.028 7.658 4.854 5.807 8.017 8.139 8.366 7.68 7.48 7.827 8.246 8.451 8.638 7.922 8.753 9.281 9.44 9.611 9.695 9.588 9.493 9.463 9.54 9.562 9.375 9.2 9.024 8.544 7.939 7.338 7.155 7.59 7.384 7.618 8.621 8.307 8.356 8.699 8.676 8.781 8.938 8.937 8.958 9.054 9.169 9.363 9.352 9.341 9.218 9.193 9.275 9.34 9.361 9.301 9.195 9.048 8.89 8.974
-9999 -9999 -9999 -9999 -9999 -9999 -9999 -9999 -9999 -9999 -9999 -9999 -9999 -9999 -9999 -9999 -9999 -9999 9.062 7.892 6.56 6.038 6.544 8.318 8.751 7.94 7.109 6.914 7.022 7.991 8.782 8.338 7.657 8.285 9.004 9.397 9.684 9.621 9.45 9.24 9.292 9.359 9.359 9.305 9.162 8.832 8.207 7.886 7.731 7.305 7.594 7.395 7.284 7.95 8.69 8.588 8.949 8.77 8.584 8.825 8.983 9.146 9.224 9.31 9.407 9.406 9.377 9.361 9.184 9.256 9.331 9.393 9.416 9.38 9.309 9.212 9.121
-9999 -9999 -9999 -9999 -9999 -9999 -9999 -9999 -9999 -9999 -9999 -9999 -9999 -9999 -9999 -9999 -9999 9.622 8.758 8.152 7.74 6.63 7.808 8.626 8.308 8.108 7.349 6.756 7.187 7.335 8.23 8.033 7.512 7.926 8.606 9.508 9.636 9.569 9.206 9.016 9.106 9.239 9.296 9.256 9.022 8.493 8.257 8.401 7.97 7.431 7.709 7.72 7.82 8.034 8.22 8.755 8.882 8.852 8.814 8.808 9.032 9.091 9.359 9.477 9.48 9.44 9.419 9.19 9.205 9.301 9.382 9.411 9.453 9.459 9.416 9.295 9.171
-9999 -9999 -9999 -9999 -9999 -9999 -9999 -9999 -9999 -9999 -9999 -9999 -9999 -9999 -9999 -9999 9.529 7.868 8.682 8.331 7.71 7.925 6.585 7.071 7.527 7.414 6.735 7.286 7.103 7.709 8.195 7.389 7.033 7.787 8.695 9.495 9.698 9.505 9.04 9.029 9.163 9.235 9.286 9.114 8.761 8.701 8.587 8.127 7.824 7.645 7.46 8.017 8.244 8.451 8.652 8.672 9.026 8.966 9.066 9.051 9.09 9.362 9.252 9.453 9.501 9.416 9.37 9.17 9.108 9.35 9.378 9.402 9.42 9.434 9.395 9.315 9.207
-9999 -9999 -9999 -9999 -9999 -9999 -9999 -9999 -9999 -9999 -9999 -9999 -9999 -9999 -9999 9.43 7.966 8.846 9.057 8.74 8.878 8.135 7.825 7.391 6.933 6.612 6.67 6.845 7.191 8.096 7.651 7.658 8.452 8.683 9.245 9.382 9.567 9.342 9.06 9.043 9.091 9.203 9.037 8.724 8.852 8.792 8.605 8.085 7.973 8.349 8.157 8.134 8.473 8.627 8.789 8.901 8.947 9.143 9.242 9.384 9.419 9.516 9.532 9.394 9.417 9.394 9.345 9.152 9.103 9.359 9.406 9.362 9.357 9.343 9.348 9.309 9.289
-9999 -9999 -9999 -9999 -9999 -9999 -9999 -9999 -9999 -9999 -9999 -9999 -9999 9.256 9.485 9.194 9.278 9.553 9.588 9.297 9.578 9.219 8.399 7.578 6.816 5.839 7.274 7.421 7.96 7.913 7.005 7.308 7.867 8.835 9.173 9.268 9.329 9.188 9.019 8.915 9.039 9.003 8.781 8.701 8.643 8.887 8.582 8.209 8.262 8.343 8.439 8.567 8.701 8.887 9.082 9.26 9.192 9.209 9.464 9.662 9.709 9.581 9.496 9.443 9.369 9.288 9.295 9.069 8.989 9.268 9.394 9.357 9.293 9.27 9.286 9.375 -9999
-9999 -9999 -9999 -9999 -9999 -9999 -9999 -9999 -9999 -9999 -9999 -9999 9.122 9.219 9.38 9.532 -9999 -9999 -9999 -9999 8.843 7.953 7.796 7.495 6.585 7.496 7.532 6.869 7.384 6.782 5.482 6.399 7.516 8.155 8.973 9.379 9.245 9.112 9.038 9.013 9.022 8.969 8.807 8.75 8.641 8.773 8.605 8.534 8.504 8.539 8.745 8.882 8.967 9.189 9.283 9.476 9.571 9.459 9.508 9.615 9.676 9.588 9.438 9.319 9.171 9.103 9.12 9.046 8.944 9.104 9.319 9.373 9.324 9.271 9.3 9.383 9.444
-9999 -9999 -9999 -9999 -9999 -9999 -9999 -9999 -9999 -9999 -9999 -9999 9.131 8.979 9.642 -9999 -9999 -9999 -9999 -9999 8.535 7.895 7.543 7.841 7.117 7.251 6.757 6.223 6.503 6.17 6.243 7.796 7.946 8.654 9.267 9.429 9.268 9.124 9.018 8.89 8.866 8.945 8.867 8.742 8.747 8.691 8.819 8.782 8.843 8.609 8.569 8.716 9.005 9.256 9.384 9.476 9.437 9.418 9.366 9.356 9.371 9.207 9.18 8.948 8.76 8.738 8.902 8.981 8.974 9.101 9.269 9.404 9.395 9.38 9.386 9.429 9.473
-9999 -9999 -9999 -9999 -9999 -9999 -9999 -9999 -9999 -9999 -9999 -9999 -9999 -9999 9.75 -9999 -9999 -9999 -9999 -9999 8.411 7.717 8.239 7.96 7.605 7.549 6.193 6.534 7.518 6.722 7.649 8.003 8.333 9.061 9.45 9.447 9.116 9.058 8.944 8.887 9.05 9.017 9.01 8.952 8.815 8.863 8.965 9.059 8.975 8.933 8.822 8.742 9.013 9.109 8.94 9.082 9.197 9.164 9.279 9.208 9.006 8.726 8.602 8.821 8.714 8.666 8.765 8.917 8.981 9.1 9.271 9.426 9.45 9.464 9.497 9.532 9.577
-9999 -9999 -9999 -9999 -9999 -9999 -9999 -9999 -9999 -9999 -9999 -9999 -9999 -9999 -9999 -9999 -9999 -9999 -9999 -9999 8.82 8.379 9.518 8.738 7.923 6.596 6.81 6.975 7.028 7.844 7.933 8.104 9.069 9.341 9.548 9.353 9.209 9.076 9.085 9.122 9.173 9.2 9.16 9.067 8.988 8.927 8.996 8.975 8.807 9.042 9.196 9.13 9.063 9.216 8.924 8.723 8.931 8.862 9.056 9.261 9.001 8.8 8.643 8.71 8.904 8.835 8.801 8.97 9.087 9.156 9.28 9.438 9.467 9.494 9.538 9.598 9.663
-9999 -9999 -9999 -9999 -9999 -9999 -9999 -9999 -9999 -9999 -9999 -9999 -9999 -9999 -9999 -9999 -9999 -9999 -9999 -9999 -9999 9.076 7.897 7.485 7.429 7.701 7.57 7.32 8.096 8.174 8.632 9.179 8.999 9.457 9.368 8.983 8.998 9.106 9.244 9.347 9.295 9.165 9.101 8.923 8.884 8.907 9.003 8.835 8.633 8.817 9.185 9.295 9.245 9.167 9.103 8.893 8.777 8.584 8.655 9.211 9.232 8.887 8.66 8.495 8.598 8.904 8.918 9.034 9.19 9.346 9.392 9.492 9.507 9.527 9.57 9.636 9.699
-9999 -9999 -9999 -9999 -9999 -9999 -9999 -9999 -9999 -9999 -9999 -9999 -9999 -9999 -9999 -9999 -9999 -9999 -9999 -9999 8.893 8.456 8.109 7.21 8.217 8.257 7.606 8.001 8.109 8.134 9.202 9.13 9.032 9.196 8.051 8.66 8.996 9.041 9.043 9.278 9.043 8.581 8.614 8.859 9.061 8.985 9.064 8.962 8.886 8.908 9.155 9.263 9.281 9.217 9.084 9.03 8.86 8.841 8.905 9.191 9.198 8.873 8.569 8.36 8.407 8.784 9.063 9.145 9.322 9.459 9.507 9.53 9.553 9.565 9.605 9.682 9.747
-9999 -9999 -9999 -9999 -9999 -9999 -9999 -9999 -9999 -9999 -9999 -9999 -9999 -9999 -9999 -9999 -9999 -9999 -9999 -9999 9.242 8.823 7.171 8.795 9.294 8.497 8.265 7.942 7.407 8.214 9.158 9.117 9.349 8.785 8.699 8.642 8.521 8.595 9.088 9.073 8.781 8.722 8.79 9.148 9.123 9.059 9.14 9.089 9.194 9.206 9.23 9.275 9.275 9.278 9.22 9.142 9.052 8.897 9.057 9.199 9.03 8.627 8.313 8.368 8.439 8.595 8.947 9.235 9.326 9.502 9.485 9.484 9.586 9.649 9.69 9.756 9.83
-9999 -9999 -9999 -9999 -9999 -9999 -9999 -9999 -9999 -9999 -9999 -9999 -9999 -9999 -9999 -9999 -9999 -9999 -9999 -9999 9.083 8.488 9.439 9.253 8.926 8.542 7.99 7.09 7.523 7.93 8.785 9.107 9.438 9.176 8.641 7.927 7.621 7.922 8.694 8.519 8.73 8.718 9.005 9.307 9.177 9.178 9.215 9.261 9.392 9.267 9.18 9.261 9.279 9.102 9.213 9.257 9.177 9.092 9.143 9.171 8.94 8.64 8.487 8.494 8.667 8.841 9.047 9.165 9.325 9.459 9.597 9.503 9.62 9.702 9.763 9.846 9.886
-9999 -9999 -9999 -9999 -9999 -9999 -9999 -9999 -9999 -9999 -9999 -9999 -9999 -9999 -9999 -9999 -9999 -9999 -9999 -9999 -9999 9.573 8.557 7.898 7.224 7.181 7.257 7.646 8.129 9.009 9.244 9.411 9.197 9.025 8.686 8.215 7.869 7.926 8.285 8.655 8.678 8.578 8.981 9.278 9.128 9.345 9.337 9.246 9.584 9.585 9.365 9.332 9.341 9.079 8.973 9.283 9.227 9.166 9.193 9.135 8.892 8.754 8.795 8.934 8.928 9.041 9.105 9.132 9.337 9.519 9.564 9.572 9.695 9.777 9.806 9.866 9.916
-9999 -9999 -9999 -9999 -9999 -9999 -9999 -9999 -9999 -9999 -9999 -9999 -9999 -9999 -9999 -9999 -9999 -9999 -9999 -9999 -9999 8.82 7.824 7.085 6.501 6.4 6.96 7.972 8.84 9.094 8.773 8.162 7.75 7.808 8.37 8.695 8.227 8.236 8.494 8.698 8.207 8.499 8.848 9.013 9.076 9.401 9.387 9.469 9.334 9.465 9.54 9.434 9.373 9.203 9.094 9.281 9.339 9.142 9.038 8.976 8.828 8.806 8.954 8.863 8.877 8.894 9.094 9.088 9.285 9.473 9.457 9.561 9.736 9.797 9.782 9.763 9.745
-9999 -9999 -9999 -9999 -9999 -9999 -9999 -9999 -9999 -9999 -9999 -9999 -9999 -9999 -9999 -9999 -9999 -9999 -9999 -9999 9.339 8.806 7.869 7.087 6.659 6.994 7.537 8.061 7.75 7.054 7.472 7.347 7.469 8.358 8.742 8.527 8.433 8.686 8.829 8.389 8.291 8.383 8.728 8.972 9.102 9.511 9.46 9.253 9.39 9.167 9.319 9.303 9.293 9.237 9.278 9.471 9.42 9.284 9.199 9.02 8.954 8.772 8.863 8.882 8.891 9.004 9.071 9.285 9.421 9.439 9.407 9.554 9.779 9.804 9.801 9.744 9.667
-9999 -9999 -9999 -9999 -9999 -9999 -9999 -9999 -9999 -9999 -9999 -9999 -9999 -9999 -9999 -9999 -9999 -9999 -9999 -9999 9.1 8.429 8.031 7.751 7.24 6.622 7.023 7.28 7.119 7.265 7.024 6.931 7.482 8.308 7.942 8.008 8.726 8.521 8.983 8.621 8.303 8.215 8.908 8.971 9.494 9.61 9.421 9.291 8.785 8.999 9.048 9.129 9.137 9.174 9.301 9.515 9.521 9.368 9.378 9.372 9.03 8.85 8.747 8.786 8.893 9.209 9.345 9.483 9.571 9.493 9.42 9.541 9.654 9.782 9.794 9.771 9.687
-9999 -9999 -9999 -9999 -9999 -9999 -9999 -9999 -9999 -9999 -9999 -9999 -9999 -9999 -9999 -9999 -9999 -9999 -9999 -9999 8.602 8.606 8.766 8.125 7.013 6.456 6.956 7.25 7.582 7.196 7.334 7.56 7.776 7.666 7.909 8.723 8.759 8.83 8.454 8.928 8.735 8.941 8.902 9.029 9.509 9.712 9.535 9.095 9.137 9.008 8.962 9.038 9.071 9.263 9.425 9.475 9.437 9.371 9.412 9.392 9.094 8.836 8.943 9.085 8.999 9.245 9.422 9.647 9.668 9.541 9.577 9.682 9.763 9.859 9.942 9.852 9.811
-9999 -9999 -9999 -9999 -9999 -9999 -9999 -9999 -9999 -9999 -9999 -9999 -9999 -9999 -9999 -9999 -9999 -9999 -9999 8.807 8.497 8.119 8.348 8.09 7.003 6.938 6.645 7.298 8.115 8.153 8.267 7.796 7.628 8.143 8.326 8.358 8.758 8.687 9.127 9.295 9.304 9.209 9.044 9.361 9.647 9.709 9.648 9.53 9.373 9.328 9.192 9.189 9.146 9.254 9.436 9.488 9.47 9.509 9.445 9.289 9.12 9.013 9.173 9.296 9.292 9.301 9.582 9.592 9.648 9.547 9.509 9.652 9.794 9.825 9.857 9.82 9.856
-9999 -9999 -9999 -9999 -9999 -9999 -9999 -9999 -9999 -9999 -9999 -9999 -9999 -9999 -9999 -9999 -9999 -9999 8.607 8.525 8.064 8.493 8.505 7.327 6.674 6.635 7.079 7.742 8.386 8.246 8.329 7.897 7.303 8.185 8.181 8.872 8.976 9.207 9.293 9.221 9.079 9.134 9.042 9.483 9.633 9.942 9.9 9.713 9.638 9.552 9.488 9.304 9.253 9.389 9.483 9.433 9.387 9.39 9.36 9.218 9.143 9.134 9.262 9.461 9.556 9.624 9.493 9.461 9.476 9.504 9.528 9.66 9.681 9.633 9.604 9.635 9.795
-9999 -9999 -9999 -9999 -9999 -9999 -9999 -9999 -9999 -9999 -9999 -9999 -9999 -9999 -9999 -9999 8.31 8.399 8.363 9.034 8.984 8.755 8.007 6.954 6.593 6.596 6.632 7.685 8.186 8.717 8.337 7.667 7.641 8.296 8.928 9.109 9.351 9.326 9.372 9.012 8.919 8.938 9.317 9.774 9.967 10.022 9.895 9.688 9.674 9.734 9.608 9.392 9.403 9.464 9.556 9.295 9.21 9.105 8.963 8.984 9.047 9.269 9.378 9.462 9.405 9.513 9.478 9.487 9.478 9.498 9.566 9.708 9.796 9.573 9.474 9.543 9.804
-9999 -9999 -9999 -9999 -9999 -9999 -9999 -9999 -9999 -9999 -9999 -9999 -9999 -9999 -9999 8.28 8.176 8.005 8.491 8.913 8.834 8.476 7.288 7.233 6.753 6.75 7.355 8.26 8.915 8.827 8.624 7.978 7.373 8.09 8.801 9.343 9.27 9.261 8.972 9.139 8.917 9.006 9.524 9.892 10.159 10.106 9.771 9.771 9.59 9.63 9.668 9.578 9.504 9.46 9.319 9.331 9.135 9.135 9.032 8.819 8.84 8.977 9.173 9.268 9.279 9.373 9.513 9.429 9.646 9.705 9.709 9.774 9.733 9.614 9.479 9.607 9.852
-9999 -9999 -9999 -9999 -9999 -9999 -9999 -9999 -9999 -9999 -9999 -9999 9.502 9.156 8.803 8.593 8.196 8.312 8.558 9.011 9.023 7.798 7.625 7.493 7.789 7.021 8.019 8.327 7.941 8.552 8.767 7.251 7.971 8.68 9.624 9.57 9.298 8.748 9.465 9.262 9.198 9.27 9.415 9.875 10.103 10.16 9.96 9.892 9.708 9.566 9.658 9.624 9.643 9.439 9.278 8.93 9.102 9.206 9.186 8.986 8.946 9.051 9.208 9.354 9.306 9.37 9.413 9.554 9.649 9.773 9.711 9.766 9.782 9.682 9.707 9.758 9.861
-9999 -9999 -9999 -9999 -9999 -9999 -9999 -9999 -9999 -9999 8.867 9.08 9.325 9.291 9.172 8.767 8.876 8.704 8.979 8.773 7.851 8.281 8.155 8.123 8.293 7.828 7.74 6.93 7.561 8.052 7.977 8.376 8.873 9.474 8.76 9.004 9.29 9.518 9.652 9.598 9.453 9.496 9.716 9.732 10.036 10.252 10.112 9.989 9.866 9.779 9.749 9.483 9.614 9.631 9.306 9.071 8.912 9.199 9.187 9.013 8.931 8.978 9.109 9.393 9.532 9.55 9.486 9.45 9.661 9.636 9.571 9.69 9.802 9.772 9.762 9.768 9.754
-9999 -9999 -9999 -9999 -9999 -9999 8.984 9.064 9.001 8.938 8.403 9.211 9.131 9.287 9.091 8.783 8.823 8.821 8.684 7.889 8.31 8.719 8.193 8.747 8.493 8.045 7.09 7.326 7.781 8.107 8.067 8.812 9.325 8.069 8.144 8.962 9.041 9.55 9.658 9.736 9.568 9.34 9.639 9.553 10.169 10.224 10.118 9.834 9.648 9.692 9.151 9.382 9.529 9.61 9.331 8.968 8.968 9.124 9.163 9.159 9.07 9.073 9.166 9.399 9.506 9.572 9.583 9.438 9.463 9.571 9.563 9.74 9.892 9.767 9.455 9.439 9.375
-9999 -9999 -9999 -9999 -9999 9.302 9.038 9.072 8.951 8.071 7.793 8.024 8.416 8.899 8.4 8.257 8.445 8.438 8.011 8.467 8.65 8.355 8.917 9.175 8.752 8.044 7.518 7.827 8.093 8.151 8.499 8.92 7.827 6.572 7.923 8.745 9.35 9.337 9.564 9.398 9.462 9.638 9.714 9.992 10.103 10.084 10.078 9.783 9.479 9.063 8.78 8.683 9.299 9.461 8.99 8.837 8.921 9.098 9.218 9.177 9.172 9.168 9.324 9.334 9.381 9.481 9.358 9.264 9.432 9.549 9.609 9.753 9.829 9.623 9.357 9.202 9.254
-9999 -9999 -9999 -9999 9.488 9.111 9.046 9.131 8.703 8.153 8.287 8.565 8.916 8.533 8.499 8.482 9.01 8.507 8.352 8.742 8.807 9.018 9.599 9.132 8.252 7.784 8.08 8.328 8.295 8.87 9.003 8.615 7.017 7.123 7.944 9.307 9.177 9.36 9.271 9.648 9.746 9.646 9.812 9.916 10.016 10.04 10.141 9.906 9.532 8.989 8.56 8.77 9.148 9.244 8.944 8.621 8.858 9.091 9.168 9.259 9.24 9.272 9.304 9.343 9.225 9.301 9.414 9.305 9.408 9.428 9.306 9.539 9.723 9.564 9.323 9.303 9.345
