Validation/Results/raw data/ReClimate_08_2024_2_Temperature.asc
NCOLS 192
NROWS 249
XLLCENTER -225160.85627316462
YLLCENTER 29788.11610251502
CELLSIZE 5000.0
NODATA_VALUE -9999
[rows 68 to 101 of 249, columns 75 to 149 of 192]
-9999 -9999 -9999 -9999 -9999 -9999 -9999 -9999 -9999 -9999 -9999 -0.583 -0.588 -0.597 -0.594 -0.591 -0.591 -0.592 -0.578 -0.563 -0.562 -0.562 -0.558 -0.553 -0.553 -0.552 -0.556 -0.561 -0.562 -9999 -9999 -9999 -9999 -9999 -9999 -9999 -9999 -9999 -9999 -9999 -9999 -9999 -9999 -9999 -9999 -9999 -9999 -9999 -9999 -9999 -9999 -9999 -9999 -9999 -9999 -9999 -9999 -9999 -9999 -9999 -9999 -9999 -9999 -9999 -9999 -9999 -9999 -9999 -9999 -9999 -9999 -9999 -9999 -9999 -9999
-9999 -9999 -9999 -9999 -9999 -9999 -9999 -9999 -9999 -9999 -9999 -9999 -9999 -0.595 -0.592 -0.588 -0.586 -0.582 -0.572 -0.566 -0.565 -0.563 -0.559 -0.553 -0.553 -0.555 -0.557 -9999 -9999 -9999 -9999 -9999 -9999 -9999 -9999 -9999 -9999 -9999 -9999 -9999 -9999 -9999 -9999 -9999 -9999 -9999 -9999 -9999 -9999 -9999 -9999 -9999 -9999 -9999 -9999 -9999 -9999 -9999 -9999 -9999 -9999 -9999 -9999 -9999 -9999 -9999 -9999 -9999 -9999 -9999 -9999 -9999 -9999 -9999 -9999
-9999 -9999 -9999 -9999 -9999 -9999 -9999 -0.622 -9999 -9999 -0.596 -0.582 -0.586 -0.591 -0.587 -0.584 -0.58 -0.575 -0.57 -0.565 -0.563 -0.561 -0.556 -0.55 -0.551 -0.553 -0.552 -9999 -9999 -9999 -9999 -9999 -9999 -9999 -9999 -9999 -9999 -9999 -9999 -9999 -9999 -9999 -9999 -9999 -9999 -9999 -9999 -9999 -9999 -9999 -9999 -9999 -9999 -9999 -9999 -9999 -9999 -9999 -9999 -9999 -9999 -9999 -9999 -9999 -9999 -9999 -9999 -9999 -9999 -9999 -9999 -9999 -9999 -9999 -9999
-9999 -9999 -9999 -9999 -9999 -0.628 -0.621 -0.603 -0.599 -0.598 -0.591 -0.588 -0.589 -0.585 -0.583 -0.585 -0.58 -0.572 -0.569 -0.569 -0.567 -0.564 -0.562 -0.564 -0.565 -0.564 -0.558 -9999 -9999 -9999 -9999 -9999 -9999 -9999 -9999 -9999 -9999 -9999 -9999 -9999 -9999 -9999 -9999 -9999 -9999 -9999 -9999 -9999 -9999 -9999 -9999 -9999 -9999 -9999 -9999 -9999 -9999 -9999 -9999 -9999 -9999 -9999 -9999 -9999 -9999 -9999 -9999 -9999 -9999 -9999 -9999 -9999 -9999 -9999 -9999
-9999 -9999 -9999 -9999 -9999 -0.625 -0.601 -9999 -0.592 -0.592 -0.589 -0.587 -0.583 -0.58 -0.58 -0.582 -0.575 -0.568 -0.568 -0.568 -0.565 -0.563 -0.564 -0.566 -0.566 -0.565 -9999 -0.534 -9999 -9999 -9999 -9999 -9999 -9999 -9999 -9999 -9999 -9999 -9999 -9999 -9999 -9999 -9999 -9999 -9999 -9999 -9999 -9999 -9999 -9999 -9999 -9999 -9999 -9999 -9999 -9999 -9999 -9999 -9999 -9999 -9999 -9999 -9999 -9999 -9999 -9999 -9999 -9999 -9999 -9999 -9999 -9999 -9999 -9999 -9999
-9999 -9999 -9999 -9999 -9999 -9999 -0.596 -0.586 -0.586 -0.587 -0.581 -0.568 -0.568 -0.575 -0.578 -0.587 -0.582 -0.576 -0.578 -0.584 -0.581 -0.571 -0.569 -0.558 -0.563 -0.577 -0.568 -0.56 -9999 -9999 -9999 -9999 -9999 -9999 -9999 -9999 -9999 -9999 -9999 -9999 -9999 -9999 -9999 -9999 -9999 -9999 -9999 -9999 -9999 -9999 -9999 -9999 -9999 -9999 -9999 -9999 -9999 -9999 -9999 -9999 -9999 -9999 -9999 -9999 -9999 -9999 -9999 -9999 -9999 -9999 -9999 -9999 -9999 -9999 -9999
-9999 -9999 -9999 -9999 -9999 -9999 -9999 -0.579 -0.58 -0.581 -0.57 -0.558 -0.563 -0.57 -0.577 -0.586 -0.581 -0.576 -0.581 -0.587 -0.58 -0.572 -0.563 -0.553 -0.564 -0.578 -0.574 -0.567 -9999 -9999 -9999 -9999 -9999 -9999 -9999 -9999 -9999 -9999 -9999 -9999 -9999 -9999 -9999 -9999 -9999 -9999 -9999 -9999 -9999 -9999 -9999 -9999 -9999 -9999 -9999 -9999 -9999 -9999 -9999 -9999 -9999 -9999 -9999 -9999 -9999 -9999 -9999 -9999 -9999 -9999 -9999 -9999 -9999 -9999 -9999
-9999 -9999 -9999 -9999 -9999 -0.596 -0.581 -0.562 -0.565 -0.579 -0.572 -0.57 -0.571 -0.561 -0.568 -0.577 -0.574 -0.572 -0.576 -0.581 -0.575 -0.567 -0.565 -0.573 -0.576 -9999 -0.561 -9999 -9999 -9999 -9999 -9999 -9999 -0.572 -0.578 -0.583 -9999 -9999 -9999 -9999 -9999 -9999 -9999 -9999 -9999 -9999 -9999 -9999 -9999 -9999 -9999 -9999 -9999 -9999 -9999 -9999 -9999 -9999 -9999 -9999 -9999 -9999 -9999 -9999 -9999 -9999 -9999 -9999 -9999 -9999 -9999 -9999 -9999 -9999 -9999
-0.649 -9999 -9999 -9999 -9999 -9999 -0.566 -0.555 -0.563 -0.575 -0.573 -0.572 -0.564 -0.555 -0.562 -0.571 -0.569 -0.567 -0.571 -0.576 -0.57 -0.562 -0.57 -0.578 -0.567 -0.554 -9999 -9999 -9999 -9999 -0.566 -0.574 -0.574 -0.571 -0.576 -0.582 -0.592 -0.602 -0.592 -0.582 -0.579 -0.576 -0.573 -0.571 -0.581 -0.589 -0.562 -0.535 -0.547 -0.558 -0.57 -0.575 -9999 -9999 -9999 -9999 -9999 -9999 -9999 -9999 -9999 -9999 -9999 -9999 -9999 -9999 -9999 -9999 -9999 -9999 -9999 -9999 -9999 -9999 -9999
-0.655 -9999 -9999 -9999 -0.596 -9999 -0.566 -0.569 -0.569 -0.56 -0.556 -0.554 -0.553 -0.564 -0.569 -0.571 -0.568 -0.561 -0.566 -0.573 -0.569 -0.566 -0.572 -0.578 -0.571 -9999 -9999 -9999 -9999 -0.558 -0.568 -0.571 -0.574 -0.578 -0.583 -0.58 -0.588 -0.591 -0.588 -0.587 -0.591 -0.598 -0.595 -0.58 -0.587 -0.584 -0.566 -0.548 -0.558 -0.562 -0.568 -0.572 -9999 -9999 -9999 -9999 -9999 -9999 -9999 -9999 -9999 -9999 -9999 -9999 -9999 -9999 -9999 -9999 -9999 -9999 -9999 -9999 -9999 -9999 -9999
-0.655 -9999 -9999 -9999 -0.589 -0.576 -0.575 -0.574 -0.564 -0.554 -0.55 -0.546 -0.554 -0.565 -0.566 -0.568 -0.562 -0.556 -0.562 -0.569 -0.567 -0.564 -0.569 -0.575 -9999 -9999 -0.566 -0.565 -0.563 -0.561 -0.564 -0.569 -0.575 -0.581 -0.581 -0.579 -0.583 -0.587 -0.588 -0.589 -0.597 -0.607 -0.597 -0.585 -0.585 -0.584 -0.572 -0.556 -0.561 -0.567 -0.565 -0.562 -0.554 -9999 -9999 -9999 -9999 -9999 -9999 -9999 -9999 -9999 -9999 -9999 -9999 -9999 -9999 -9999 -9999 -9999 -9999 -9999 -9999 -9999 -9999
-0.651 -9999 -0.627 -9999 -0.587 -0.573 -0.571 -0.569 -0.566 -0.574 -0.566 -0.549 -0.554 -0.556 -0.556 -0.556 -0.555 -0.562 -0.567 -0.571 -0.568 -0.564 -0.566 -0.564 -9999 -0.562 -0.562 -0.567 -0.569 -0.569 -0.573 -0.574 -0.581 -0.591 -0.59 -0.584 -0.586 -0.584 -0.585 -0.585 -0.588 -0.583 -0.573 -0.562 -0.556 -0.54 -0.537 -0.555 -0.564 -0.579 -0.574 -0.569 -0.557 -9999 -9999 -9999 -9999 -9999 -9999 -9999 -9999 -9999 -9999 -9999 -9999 -9999 -9999 -9999 -9999 -9999 -9999 -9999 -9999 -9999 -9999
-9999 -0.637 -9999 -9999 -9999 -0.571 -0.569 -0.567 -0.573 -0.581 -0.566 -0.551 -0.55 -0.55 -0.549 -0.549 -0.555 -0.561 -0.564 -0.568 -0.565 -0.561 -0.559 -0.559 -0.559 -0.558 -0.562 -0.569 -0.571 -0.573 -0.574 -0.575 -0.584 -0.594 -0.591 -0.585 -0.585 -0.583 -0.583 -0.583 -0.579 -0.574 -0.565 -0.554 -0.541 -0.524 -0.539 -0.556 -0.57 -0.585 -0.58 -0.574 -0.564 -9999 -9999 -9999 -9999 -9999 -9999 -9999 -9999 -9999 -9999 -9999 -9999 -9999 -9999 -9999 -9999 -9999 -9999 -9999 -9999 -9999 -9999
-0.641 -9999 -9999 -9999 -9999 -0.592 -0.584 -0.569 -9999 -0.573 -0.566 -0.567 -0.565 -0.56 -0.557 -0.554 -0.558 -0.557 -0.558 -0.555 -0.556 -0.566 -0.569 -0.575 -0.577 -0.576 -0.579 -0.573 -0.578 -0.585 -0.585 -0.58 -0.589 -0.596 -0.593 -0.586 -0.585 -0.582 -0.584 -0.589 -0.587 -0.584 -0.574 -0.557 -0.547 -0.538 -0.551 -0.562 -0.574 -0.586 -0.582 -0.576 -0.563 -9999 -9999 -9999 -9999 -9999 -9999 -9999 -9999 -9999 -9999 -9999 -9999 -9999 -9999 -9999 -9999 -9999 -9999 -9999 -9999 -9999 -9999
-0.641 -9999 -9999 -9999 -0.611 -9999 -9999 -0.569 -0.569 -0.57 -0.571 -0.572 -0.567 -0.562 -0.558 -0.554 -0.553 -0.553 -0.55 -0.547 -0.556 -0.568 -0.574 -0.581 -0.583 -0.584 -0.58 -0.575 -0.582 -0.589 -0.586 -0.582 -0.589 -0.596 -0.592 -0.586 -0.584 -0.581 -0.586 -0.591 -0.59 -0.587 -0.575 -0.559 -0.553 -0.545 -0.555 -0.565 -0.576 -0.588 -0.585 -0.583 -9999 -9999 -9999 -9999 -9999 -9999 -9999 -9999 -9999 -9999 -9999 -9999 -9999 -9999 -9999 -9999 -9999 -9999 -9999 -9999 -9999 -9999 -9999
-0.647 -0.623 -0.621 -9999 -9999 -9999 -0.59 -0.599 -9999 -0.588 -0.586 -0.579 -0.573 -0.563 -0.558 -0.555 -0.553 -0.547 -0.547 -0.552 -0.561 -0.567 -0.574 -0.581 -0.586 -0.594 -0.589 -0.579 -0.587 -0.599 -0.596 -0.588 -0.592 -0.588 -0.587 -0.591 -0.589 -0.584 -0.585 -0.581 -0.581 -0.585 -0.579 -0.58 -0.581 -0.589 -0.59 -0.571 -0.582 -0.597 -0.597 -9999 -9999 -9999 -9999 -9999 -9999 -9999 -9999 -9999 -9999 -9999 -9999 -9999 -9999 -9999 -9999 -9999 -9999 -9999 -9999 -9999 -9999 -9999 -9999
-0.64 -0.616 -0.617 -9999 -0.615 -0.611 -0.61 -0.609 -0.601 -0.594 -0.587 -0.58 -0.571 -0.562 -0.558 -0.554 -0.548 -0.543 -0.547 -0.553 -0.559 -0.567 -0.574 -0.581 -0.589 -0.597 -0.59 -0.58 -0.591 -0.602 -0.597 -0.59 -0.588 -0.584 -0.588 -0.592 -0.589 -0.585 -0.582 -0.577 -0.581 -0.584 -0.587 -0.589 -0.597 -0.607 -0.593 -0.575 -0.587 -0.602 -0.601 -9999 -9999 -9999 -9999 -9999 -9999 -9999 -9999 -9999 -9999 -9999 -9999 -9999 -9999 -9999 -9999 -9999 -9999 -9999 -9999 -9999 -9999 -9999 -9999
-0.626 -0.622 -0.626 -0.636 -0.629 -0.613 -9999 -0.593 -0.585 -0.578 -0.569 -0.559 -0.552 -0.549 -0.55 -0.562 -0.553 -0.539 -0.543 -0.546 -0.553 -0.562 -0.567 -0.57 -0.582 -0.601 -0.598 -0.598 -0.61 -0.623 -0.617 -0.607 -0.606 -0.604 -0.605 -0.598 -0.594 -0.588 -0.589 -0.597 -0.598 -0.589 -0.595 -0.604 -0.611 -0.616 -0.605 -0.594 -0.602 -0.602 -9999 -9999 -9999 -9999 -9999 -9999 -9999 -9999 -9999 -9999 -9999 -9999 -9999 -9999 -9999 -9999 -9999 -9999 -9999 -9999 -9999 -9999 -9999 -9999 -9999
-9999 -9999 -9999 -0.641 -0.623 -9999 -0.599 -0.586 -0.578 -0.571 -0.561 -0.55 -0.547 -0.543 -0.552 -0.564 -0.551 -0.539 -0.54 -0.544 -0.552 -0.56 -0.563 -0.566 -0.583 -0.602 -0.604 -0.604 -0.616 -0.629 -0.622 -0.612 -0.612 -0.611 -0.607 -0.6 -0.595 -0.589 -0.597 -0.605 -0.6 -0.592 -0.601 -0.61 -0.615 -0.62 -0.613 -0.603 -0.604 -0.607 -9999 -9999 -9999 -9999 -9999 -9999 -9999 -9999 -9999 -9999 -9999 -9999 -9999 -9999 -9999 -9999 -9999 -9999 -9999 -9999 -9999 -9999 -9999 -9999 -9999
-9999 -9999 -0.637 -0.625 -9999 -0.615 -0.601 -9999 -0.583 -0.579 -0.564 -0.539 -0.542 -0.56 -0.564 -0.561 -0.552 -0.547 -0.548 -0.548 -0.553 -0.553 -0.559 -0.57 -0.584 -0.594 -0.598 -0.607 -0.612 -0.608 -0.597 -0.579 -0.583 -0.598 -0.597 -0.603 -0.597 -0.587 -0.594 -0.6 -0.599 -0.605 -0.609 -0.606 -0.61 -0.615 -0.613 -0.62 -0.622 -0.621 -9999 -9999 -9999 -9999 -9999 -9999 -9999 -9999 -9999 -9999 -9999 -9999 -9999 -9999 -9999 -9999 -9999 -9999 -9999 -9999 -9999 -9999 -9999 -9999 -9999
-9999 -9999 -0.632 -9999 -9999 -0.617 -0.603 -0.589 -0.585 -0.581 -0.559 -0.534 -0.548 -0.566 -0.562 -0.561 -0.557 -0.552 -0.55 -0.549 -0.55 -0.551 -0.56 -0.571 -0.58 -0.59 -0.598 -0.607 -0.604 -0.599 -0.584 -0.566 -0.579 -0.592 -0.598 -0.605 -0.597 -0.587 -0.593 -0.599 -0.605 -0.611 -0.608 -0.605 -0.609 -0.614 -0.62 -0.627 -0.629 -0.629 -9999 -9999 -9999 -9999 -9999 -9999 -9999 -9999 -9999 -9999 -9999 -9999 -9999 -9999 -9999 -9999 -9999 -9999 -9999 -9999 -9999 -9999 -9999 -9999 -9999
-9999 -9999 -9999 -9999 -9999 -9999 -0.604 -0.596 -0.592 -0.585 -0.567 -0.55 -0.556 -0.553 -0.554 -0.564 -0.564 -0.569 -0.566 -0.558 -0.559 -0.557 -0.563 -0.564 -0.574 -0.59 -0.598 -0.608 -0.601 -0.584 -0.575 -0.572 -0.582 -0.591 -0.596 -0.601 -0.596 -0.593 -0.598 -0.602 -0.61 -0.62 -0.612 -0.593 -0.6 -0.611 -0.616 -0.618 -0.62 -9999 -9999 -9999 -9999 -9999 -9999 -9999 -9999 -9999 -9999 -9999 -9999 -9999 -9999 -9999 -9999 -9999 -9999 -9999 -9999 -9999 -9999 -9999 -9999 -9999 -9999
-9999 -9999 -9999 -9999 -0.622 -0.613 -9999 -0.598 -0.591 -0.585 -0.571 -0.556 -0.552 -0.549 -0.556 -0.566 -0.571 -0.576 -0.569 -0.561 -0.561 -0.56 -0.561 -0.561 -0.574 -0.589 -0.598 -0.607 -0.595 -0.578 -0.577 -0.574 -0.582 -0.59 -0.595 -0.599 -0.598 -0.596 -0.6 -0.604 -0.613 -0.623 -0.608 -0.59 -0.6 -0.611 -0.614 -0.615 -0.612 -9999 -9999 -9999 -9999 -9999 -9999 -9999 -9999 -9999 -9999 -9999 -9999 -9999 -9999 -9999 -9999 -9999 -9999 -9999 -9999 -9999 -9999 -9999 -9999 -9999 -9999
-9999 -9999 -9999 -0.631 -0.621 -0.605 -0.595 -0.583 -0.576 -0.569 -0.559 -0.552 -0.552 -0.56 -0.561 -0.55 -0.558 -0.575 -0.57 -0.571 -0.568 -0.562 -0.563 -0.562 -0.569 -0.568 -0.575 -0.584 -0.58 -0.59 -0.59 -0.592 -0.6 -0.608 -0.605 -0.586 -0.591 -0.609 -0.612 -0.61 -0.618 -0.624 -0.615 -0.61 -0.615 -0.608 -0.607 -0.598 -9999 -9999 -9999 -9999 -9999 -9999 -9999 -9999 -9999 -9999 -9999 -9999 -9999 -9999 -9999 -9999 -9999 -9999 -9999 -9999 -9999 -9999 -9999 -9999 -9999 -9999 -9999
-9999 -9999 -9999 -0.629 -9999 -0.6 -0.589 -0.577 -0.57 -0.563 -0.557 -0.551 -0.557 -0.565 -0.556 -0.545 -0.558 -0.574 -0.574 -0.574 -0.569 -0.562 -0.563 -0.562 -0.562 -0.56 -0.567 -0.575 -0.584 -0.594 -0.597 -0.599 -0.606 -0.614 -0.6 -0.581 -0.597 -0.614 -0.614 -0.613 -0.619 -0.625 -0.623 -0.619 -0.615 -0.608 -0.602 -0.593 -9999 -9999 -9999 -9999 -9999 -9999 -9999 -9999 -9999 -9999 -9999 -9999 -9999 -9999 -9999 -9999 -9999 -9999 -9999 -9999 -9999 -9999 -9999 -9999 -9999 -9999 -9999
-9999 -9999 -9999 -9999 -9999 -0.6 -0.59 -0.579 -0.572 -0.561 -0.557 -0.554 -0.553 -0.542 -0.535 -0.534 -0.548 -0.569 -0.569 -0.573 -0.57 -0.572 -0.569 -0.557 -0.558 -0.563 -0.567 -0.566 -0.573 -0.579 -0.579 -0.576 -0.583 -0.593 -0.588 -0.598 -0.612 -0.623 -0.622 -0.615 -0.622 -0.631 -0.629 -0.626 -0.621 -0.612 -0.609 -0.608 -9999 -9999 -9999 -9999 -9999 -9999 -9999 -9999 -9999 -9999 -9999 -9999 -9999 -9999 -9999 -9999 -9999 -9999 -9999 -9999 -9999 -9999 -9999 -9999 -9999 -9999 -9999
-9999 -9999 -9999 -0.632 -0.616 -0.6 -0.59 -0.58 -0.57 -0.56 -0.558 -0.556 -9999 -0.534 -0.533 -0.531 -0.547 -0.566 -0.569 -0.572 -0.573 -0.575 -0.566 -0.555 -0.56 -0.564 -0.564 -0.563 -0.568 -0.574 -0.572 -0.568 -0.576 -0.585 -0.595 -0.605 -0.615 -0.627 -0.622 -0.616 -0.624 -0.633 -0.632 -0.629 -0.623 -0.615 -0.616 -0.615 -9999 -9999 -9999 -9999 -9999 -9999 -9999 -9999 -9999 -9999 -9999 -9999 -9999 -9999 -9999 -9999 -9999 -9999 -9999 -9999 -9999 -9999 -9999 -9999 -9999 -9999 -9999
-0.633 -0.631 -0.631 -9999 -0.609 -0.602 -0.593 -0.585 -0.576 -0.562 -0.557 -9999 -0.539 -0.528 -0.53 -0.539 -0.554 -0.569 -0.572 -0.576 -0.577 -0.577 -0.573 -0.574 -0.574 -0.562 -0.562 -0.563 -0.566 -0.564 -0.563 -0.567 -0.573 -0.579 -0.59 -0.606 -0.61 -0.605 -0.608 -0.628 -0.632 -0.628 -0.63 -0.639 -0.633 -0.623 -0.624 -9999 -9999 -9999 -9999 -9999 -9999 -9999 -9999 -9999 -9999 -9999 -9999 -9999 -9999 -9999 -9999 -9999 -9999 -9999 -9999 -9999 -9999 -9999 -9999 -9999 -9999 -9999 -9999
-0.632 -0.63 -0.622 -0.614 -9999 -0.602 -0.594 -0.587 -0.576 -0.563 -0.555 -0.547 -0.537 -0.526 -0.534 -0.543 -0.556 -0.57 -0.574 -0.577 -0.577 -0.577 -0.579 -0.582 -0.573 -0.561 -0.563 -0.564 -0.563 -0.561 -0.564 -0.567 -0.572 -0.578 -0.591 -0.607 -0.603 -0.597 -0.614 -0.633 -0.63 -0.626 -0.635 -0.644 -0.638 -9999 -9999 -9999 -9999 -9999 -9999 -9999 -9999 -9999 -9999 -9999 -9999 -9999 -9999 -9999 -9999 -9999 -9999 -9999 -9999 -9999 -9999 -9999 -9999 -9999 -9999 -9999 -9999 -9999 -9999
-9999 -9999 -0.613 -9999 -0.613 -0.601 -0.594 -0.582 -0.576 -9999 -9999 -0.562 -0.557 -0.558 -0.564 -0.567 -0.575 -0.577 -0.58 -0.583 -0.584 -0.588 -0.59 -0.59 -0.582 -0.574 -0.573 -0.565 -0.571 -0.586 -0.582 -0.562 -0.571 -0.588 -0.6 -0.61 -0.612 -0.622 -0.631 -0.626 -0.629 -0.638 -0.647 -0.656 -9999 -9999 -9999 -9999 -9999 -9999 -9999 -9999 -9999 -9999 -9999 -9999 -9999 -9999 -9999 -9999 -9999 -9999 -9999 -9999 -9999 -9999 -9999 -9999 -9999 -9999 -9999 -9999 -9999 -9999 -9999
-0.626 -9999 -0.613 -0.62 -0.611 -0.6 -0.59 -0.58 -9999 -9999 -0.577 -0.567 -0.568 -0.57 -0.573 -0.576 -0.577 -0.579 -0.582 -0.585 -0.588 -0.592 -0.592 -0.592 -0.586 -0.578 -0.573 -0.567 -0.581 -0.596 -0.581 -0.562 -0.576 -0.593 -0.602 -0.612 -0.622 -0.633 -0.629 -0.625 -0.634 -0.644 -0.652 -0.661 -0.656 -9999 -9999 -9999 -9999 -9999 -9999 -9999 -9999 -9999 -9999 -9999 -9999 -9999 -9999 -9999 -9999 -9999 -9999 -9999 -9999 -9999 -9999 -9999 -9999 -9999 -9999 -9999 -9999 -9999 -9999
-0.612 -0.624 -0.627 -0.626 -0.619 -0.613 -0.608 -9999 -9999 -0.601 -0.588 -0.585 -0.583 -0.571 -0.575 -0.583 -0.584 -0.582 -0.584 -0.583 -0.588 -0.598 -0.599 -0.597 -0.594 -0.593 -0.59 -0.586 -0.593 -0.585 -0.582 -0.594 -0.603 -0.6 -0.607 -0.611 -0.618 -0.622 -0.62 -0.619 -0.629 -0.64 -0.645 -0.645 -9999 -9999 -9999 -9999 -9999 -9999 -9999 -9999 -9999 -9999 -9999 -9999 -9999 -9999 -9999 -9999 -9999 -9999 -9999 -9999 -9999 -9999 -9999 -9999 -9999 -9999 -9999 -9999 -9999 -9999 -9999
-0.615 -0.628 -9999 -9999 -0.621 -0.616 -9999 -9999 -9999 -0.611 -0.603 -0.592 -0.582 -0.57 -0.577 -0.585 -0.584 -0.583 -0.582 -0.581 -0.589 -0.6 -0.6 -0.599 -0.599 -0.598 -0.596 -0.593 -0.588 -0.581 -0.593 -0.606 -0.605 -0.603 -0.607 -0.611 -0.614 -0.617 -0.618 -0.617 -0.627 -0.638 -0.639 -0.638 -9999 -9999 -9999 -9999 -9999 -9999 -9999 -9999 -9999 -9999 -9999 -9999 -9999 -9999 -9999 -9999 -9999 -9999 -9999 -9999 -9999 -9999 -9999 -9999 -9999 -9999 -9999 -9999 -9999 -9999 -9999
-9999 -0.606 -0.609 -0.62 -9999 -9999 -9999 -9999 -0.614 -0.613 -0.605 -0.596 -0.588 -0.582 -0.584 -0.576 -0.579 -0.591 -0.59 -0.585 -0.595 -0.611 -0.608 -0.597 -0.595 -0.591 -0.592 -0.597 -0.594 -0.588 -0.595 -0.593 -0.593 -0.595 -0.599 -0.605 -0.608 -0.61 -0.617 -0.633 -0.64 -0.64 -0.64 -9999 -9999 -9999 -9999 -9999 -9999 -9999 -9999 -9999 -9999 -9999 -9999 -9999 -9999 -9999 -9999 -9999 -9999 -9999 -9999 -9999 -9999 -9999 -9999 -9999 -9999 -9999 -9999 -9999 -9999 -9999 -9999
