Validation/Results/raw data/ReClimate_02_2024_2_Temperature-Actualsweatherlogisticsltd.asc
NCOLS 192
NROWS 249
XLLCENTER -225160.85627316462
YLLCENTER 29788.11610251502
CELLSIZE 5000.0
NODATA_VALUE -9999
[rows 102 to 135 of 249, columns 77 to 153 of 192]
6.284 6.251 8.278 9.025 -9999 -9999 7.932 -9999 -9999 8.416 5.88 5.681 7.44 6.441 4.151 5.955 4.871 4.837 5.133 5.732 7.34 6.395 5.548 4.624 5.247 6.316 5.622 5.904 7.115 7.923 8.345 8.258 7.757 6.987 7.934 8.233 8.344 8.574 8.538 8.553 -9999 -9999 -9999 -9999 -9999 -9999 -9999 -9999 -9999 -9999 -9999 -9999 -9999 -9999 -9999 -9999 -9999 -9999 -9999 -9999 -9999 -9999 -9999 -9999 -9999 -9999 -9999 -9999 -9999 -9999 -9999 -9999 -9999 -9999 -9999 -9999 -9999
6.625 7.974 -9999 -9999 -9999 8.636 7.526 8.096 7.754 7.624 6.657 8.551 8.023 6.22 6.122 6.583 6.641 6.514 6.367 6.239 5.109 6.224 5.535 5.868 5.677 5.338 6.038 6.842 7.678 8.18 8.254 8.046 7.39 8.073 8.668 -9999 -9999 8.78 -9999 -9999 -9999 -9999 -9999 -9999 -9999 -9999 -9999 -9999 -9999 -9999 -9999 -9999 -9999 -9999 -9999 -9999 -9999 -9999 -9999 -9999 -9999 -9999 -9999 -9999 -9999 -9999 -9999 -9999 -9999 -9999 -9999 -9999 -9999 -9999 -9999 -9999 -9999
-9999 7.931 -9999 -9999 -9999 8.39 7.549 7.435 7.437 7.91 8.531 7.649 6.333 6.036 6.58 7.014 6.52 5.962 6.529 5.946 7.23 6.414 6.248 7.109 7.603 7.866 7.714 8.156 8.401 8.329 8.489 8.479 8.325 8.749 -9999 8.508 8.583 8.491 8.501 -9999 -9999 -9999 -9999 -9999 -9999 -9999 -9999 -9999 -9999 -9999 -9999 -9999 -9999 -9999 -9999 -9999 -9999 -9999 -9999 -9999 -9999 -9999 -9999 -9999 -9999 -9999 -9999 -9999 -9999 -9999 -9999 -9999 -9999 -9999 -9999 -9999 -9999
-9999 -9999 -9999 8.784 8.379 7.52 7.584 7.163 7.635 7.366 6.4 5.857 5.769 6.847 6.666 7.245 5.808 7.058 5.58 7.114 5.904 5.111 7.132 7.854 7.643 7.952 8.486 8.524 8.732 8.847 8.875 8.87 -9999 8.693 8.518 8.566 8.437 8.601 8.373 -9999 -9999 -9999 -9999 -9999 -9999 -9999 -9999 -9999 -9999 -9999 -9999 -9999 -9999 -9999 -9999 -9999 -9999 -9999 -9999 -9999 -9999 -9999 -9999 -9999 -9999 -9999 -9999 -9999 -9999 -9999 -9999 -9999 -9999 -9999 -9999 -9999 -9999
-9999 -9999 -9999 8.56 8.889 8.35 7.34 7.511 7.897 6.617 7.474 7.327 6.809 5.876 7.297 7.341 6.45 5.749 6.536 6.504 5.319 6.531 6.45 6.093 7.144 7.722 7.883 8.172 8.336 8.131 8.014 7.81 8.021 8.565 8.789 8.485 8.219 8.329 8.157 8.235 -9999 -9999 -9999 -9999 -9999 -9999 -9999 -9999 -9999 -9999 -9999 -9999 -9999 -9999 -9999 -9999 -9999 -9999 -9999 -9999 -9999 -9999 -9999 -9999 -9999 -9999 -9999 -9999 -9999 -9999 -9999 -9999 -9999 -9999 -9999 -9999 -9999
-9999 -9999 8.542 -9999 -9999 8.107 7.388 8.141 7.05 7.471 -9999 -9999 6.27 6.002 6.818 7.36 6.418 6.684 6.978 6.61 6.945 7.723 7.099 7.338 7.681 7.973 7.469 6.908 6.518 6.842 7.033 7.562 7.998 8.194 8.687 8.069 8.044 7.863 7.993 8.133 8.256 -9999 -9999 -9999 -9999 -9999 -9999 -9999 -9999 -9999 -9999 -9999 -9999 -9999 -9999 -9999 -9999 -9999 -9999 -9999 -9999 -9999 -9999 -9999 -9999 -9999 -9999 -9999 -9999 -9999 -9999 -9999 -9999 -9999 -9999 -9999 -9999
-9999 -9999 8.584 -9999 8.585 8.006 8.234 7.06 7.115 8.508 8.629 6.81 6.012 6.929 8.867 6.853 5.574 7.701 7.742 7.303 7.87 8.164 8.256 8.424 8.224 6.994 5.884 5.966 6.667 7.154 7.756 7.985 7.885 8.151 8.235 8.219 8.477 8.641 8.645 8.65 -9999 -9999 -9999 -9999 -9999 -9999 -9999 -9999 -9999 -9999 -9999 -9999 -9999 -9999 -9999 -9999 -9999 -9999 -9999 -9999 -9999 -9999 -9999 -9999 -9999 -9999 -9999 -9999 -9999 -9999 -9999 -9999 -9999 -9999 -9999 -9999 -9999
-9999 -9999 8.626 -9999 8.518 8.741 8.049 7.846 8.516 -9999 6.966 7.248 -9999 7.119 7.184 6.899 7.877 6.676 7.97 8.398 8.795 8.904 9.075 9.05 8.477 7.447 7.922 8.2 8.208 7.973 7.784 8.05 8.041 8.391 8.478 8.612 -9999 -9999 -9999 -9999 -9999 -9999 -9999 -9999 -9999 -9999 -9999 -9999 -9999 -9999 -9999 -9999 -9999 -9999 -9999 -9999 -9999 -9999 -9999 -9999 -9999 -9999 -9999 -9999 -9999 -9999 -9999 -9999 -9999 -9999 -9999 -9999 -9999 -9999 -9999 -9999 -9999
8.398 8.396 -9999 -9999 8.955 8.618 8.169 8.722 8.684 6.698 7.081 6.065 -9999 7.866 7.034 7.734 7.825 7.737 7.971 8.546 8.455 8.3 8.16 8.33 8.83 9.099 9.097 8.844 8.385 7.92 7.832 8.012 8.155 8.331 8.575 -9999 -9999 -9999 -9999 -9999 -9999 -9999 -9999 -9999 -9999 -9999 -9999 -9999 -9999 -9999 -9999 -9999 -9999 -9999 -9999 -9999 -9999 -9999 -9999 -9999 -9999 -9999 -9999 -9999 -9999 -9999 -9999 -9999 -9999 -9999 -9999 -9999 -9999 -9999 -9999 -9999 -9999
8.546 8.64 -9999 8.977 7.703 7.733 8.596 -9999 7.222 7.444 6.296 6.282 -9999 7.552 6.81 7.951 8.889 8.746 8.855 8.601 8.225 7.836 7.219 7.74 8.567 9.019 -9999 9.059 8.657 8.419 8.342 8.17 7.791 8.191 -9999 -9999 -9999 -9999 -9999 -9999 -9999 -9999 -9999 -9999 -9999 -9999 -9999 -9999 -9999 -9999 -9999 -9999 -9999 -9999 -9999 -9999 -9999 -9999 -9999 -9999 -9999 -9999 -9999 -9999 -9999 -9999 -9999 -9999 -9999 -9999 -9999 -9999 -9999 -9999 -9999 -9999 -9999
8.958 -9999 -9999 8.374 7.104 8.01 -9999 7.93 7.603 7.399 6.798 7.324 -9999 8.498 8.398 8.76 8.964 8.804 8.595 8.222 6.533 6.472 6.777 7.416 8.448 9.121 9.269 9.37 -9999 -9999 8.888 8.513 -9999 -9999 -9999 -9999 -9999 -9999 8.616 8.576 8.699 -9999 -9999 -9999 -9999 -9999 -9999 -9999 -9999 -9999 -9999 -9999 -9999 -9999 -9999 -9999 -9999 -9999 -9999 -9999 -9999 -9999 -9999 -9999 -9999 -9999 -9999 -9999 -9999 -9999 -9999 -9999 -9999 -9999 -9999 -9999 -9999
-9999 -9999 8.004 7.578 8.351 7.797 -9999 7.909 7.373 8.112 8.123 7.018 -9999 -9999 -9999 9.141 8.637 7.955 7.848 7.596 7.664 8.09 8.103 8.434 8.568 8.59 8.77 9.055 9.105 8.838 8.65 8.796 -9999 -9999 -9999 -9999 -9999 8.562 8.529 8.489 8.762 8.758 -9999 -9999 -9999 -9999 -9999 -9999 -9999 -9999 -9999 -9999 -9999 -9999 -9999 -9999 -9999 -9999 -9999 -9999 -9999 -9999 -9999 -9999 -9999 -9999 -9999 -9999 -9999 -9999 -9999 -9999 -9999 -9999 -9999 -9999 -9999
-9999 -9999 -9999 8.904 7.631 8.084 -9999 7.863 -9999 8.555 7.463 8.414 -9999 8.944 8.503 8.382 -9999 8.53 8.818 8.738 8.93 8.8 8.762 8.543 8.302 8.102 8.278 8.457 8.062 8.069 8.584 8.847 8.938 8.832 8.856 -9999 8.679 8.475 8.439 8.59 8.238 7.851 7.782 8.695 -9999 -9999 -9999 -9999 -9999 -9999 -9999 -9999 -9999 -9999 -9999 -9999 -9999 -9999 -9999 -9999 -9999 -9999 -9999 -9999 -9999 -9999 -9999 -9999 -9999 -9999 -9999 -9999 -9999 -9999 -9999 -9999 -9999
-9999 -9999 -9999 7.958 7.306 8.538 -9999 8.919 -9999 8.647 8.98 -9999 8.684 7.81 7.515 8.39 8.955 9.178 9.138 9.363 9.216 8.879 8.801 8.449 7.884 7.763 7.844 7.845 7.883 8.255 8.416 8.379 8.341 8.226 8.668 8.691 8.234 8.278 8.264 8.069 7.379 7.079 6.96 7.402 8.272 8.386 8.159 -9999 -9999 -9999 -9999 -9999 -9999 -9999 -9999 -9999 -9999 -9999 -9999 -9999 -9999 -9999 -9999 -9999 -9999 -9999 -9999 -9999 -9999 -9999 -9999 -9999 -9999 -9999 -9999 -9999 -9999
-9999 -9999 -9999 7.951 8.639 8.335 8.087 -9999 -9999 9.342 9.216 -9999 8.557 7.124 7.088 8.207 8.702 9.198 9.479 9.384 9.227 9.377 9.135 8.618 8.082 7.514 7.479 7.499 7.714 7.725 7.52 7.313 7.113 7.815 8.502 8.34 8.028 7.883 7.499 6.43 6.285 6.789 6.881 7.323 7.382 7.958 8.174 8.025 -9999 -9999 -9999 -9999 -9999 -9999 -9999 -9999 -9999 -9999 -9999 -9999 -9999 -9999 -9999 -9999 -9999 -9999 -9999 -9999 -9999 -9999 -9999 -9999 -9999 -9999 -9999 -9999 -9999
-9999 -9999 -9999 8.584 8.623 7.834 8.903 -9999 -9999 9.266 9.285 -9999 -9999 7.245 7.593 8.491 8.483 8.433 8.739 8.854 8.996 8.695 9.039 8.951 8.337 7.889 7.405 7.166 6.951 7.004 6.607 6.595 7.233 7.718 7.8 7.686 7.415 7.047 6.46 6.347 6.343 6.79 7.106 7.472 8.053 8.143 7.902 7.945 -9999 -9999 -9999 -9999 -9999 -9999 -9999 -9999 -9999 -9999 -9999 -9999 -9999 -9999 -9999 -9999 -9999 -9999 -9999 -9999 -9999 -9999 -9999 -9999 -9999 -9999 -9999 -9999 -9999
-9999 -9999 -9999 8.944 8.187 8.389 -9999 -9999 -9999 -9999 9.279 -9999 8.724 7.746 8.575 8.808 8.216 7.983 7.902 8.289 8.246 8.301 8.424 8.631 8.603 7.829 7.301 7.18 7.186 6.802 6.565 7.03 7.329 7.213 7.092 6.536 6.639 6.883 7.094 6.998 6.824 7.089 7.339 7.787 8.282 8.263 8.223 8.295 8.014 -9999 -9999 -9999 -9999 -9999 -9999 -9999 -9999 -9999 -9999 -9999 -9999 -9999 -9999 -9999 -9999 -9999 -9999 -9999 -9999 -9999 -9999 -9999 -9999 -9999 -9999 -9999 -9999
-9999 8.232 8.223 8.062 8.443 -9999 -9999 7.898 -9999 -9999 -9999 -9999 8.876 8.601 8.952 8.792 8.466 7.997 7.699 7.612 7.442 7.466 7.867 8.169 8.325 8.305 7.615 7.54 7.384 7.269 7.47 7.384 6.894 6.922 5.947 5.611 6.236 6.781 7.171 7.447 7.341 7.507 7.499 7.889 8.368 8.437 8.47 8.41 8.377 -9999 -9999 -9999 -9999 -9999 -9999 -9999 -9999 -9999 -9999 -9999 -9999 -9999 -9999 -9999 -9999 -9999 -9999 -9999 -9999 -9999 -9999 -9999 -9999 -9999 -9999 -9999 -9999
-9999 -9999 7.816 7.956 8.748 -9999 7.993 7.16 7.9 -9999 -9999 -9999 -9999 9.213 9.181 9.147 8.874 8.489 8.074 7.558 7.417 7.616 7.843 7.959 8.227 7.955 8.057 7.786 7.558 7.34 7.305 6.812 7.451 6.895 6.725 6.565 6.087 6.395 7.274 7.531 7.858 7.916 7.93 8.216 8.42 8.49 8.505 8.303 8.372 8.283 -9999 -9999 -9999 -9999 -9999 -9999 -9999 -9999 -9999 -9999 -9999 -9999 -9999 -9999 -9999 -9999 -9999 -9999 -9999 -9999 -9999 -9999 -9999 -9999 -9999 -9999 -9999
-9999 -9999 8.243 8.037 8.352 -9999 8.475 7.433 8.319 -9999 -9999 -9999 -9999 -9999 9.255 9.259 9.206 9.148 8.71 8.307 7.955 7.535 7.091 7.284 7.671 7.97 7.925 7.632 7.46 7.482 7.183 7.229 7.54 7.274 7.165 7.162 7.529 7.542 7.785 7.848 8.153 8.036 8.258 8.611 8.634 8.645 8.508 8.342 7.973 8.099 8.26 -9999 -9999 -9999 -9999 -9999 -9999 -9999 -9999 -9999 -9999 -9999 -9999 -9999 -9999 -9999 -9999 -9999 -9999 -9999 -9999 -9999 -9999 -9999 -9999 -9999 -9999
-9999 -9999 8.072 7.609 -9999 -9999 8.987 8.145 7.82 8.743 -9999 -9999 -9999 -9999 -9999 9.174 8.987 8.763 8.633 7.896 7.238 6.906 6.597 6.76 7.176 7.581 7.321 7.519 7.43 7.074 6.911 7.248 5.857 6.73 6.561 7.343 6.893 7.438 7.976 7.896 8.168 8.398 8.594 8.433 8.153 8.093 8.228 7.994 8.1 7.443 7.888 8.195 8.339 -9999 -9999 -9999 -9999 -9999 -9999 -9999 -9999 -9999 -9999 -9999 -9999 -9999 -9999 -9999 -9999 -9999 -9999 -9999 -9999 -9999 -9999 -9999 -9999
-9999 -9999 7.733 8.42 -9999 -9999 8.333 7.377 7.586 -9999 -9999 -9999 -9999 -9999 -9999 9.074 8.788 8.638 8.38 7.785 7.492 7.435 7.142 7.069 7.002 7.09 7.162 7.197 6.309 5.677 6.592 5.577 5.101 5.583 6.797 6.702 7.383 8.137 7.726 7.877 8.189 8.168 8.203 8.254 8.045 7.974 7.403 7.092 7.523 7.304 7.194 7.919 8.268 -9999 -9999 -9999 -9999 -9999 -9999 -9999 -9999 -9999 -9999 -9999 -9999 -9999 -9999 -9999 -9999 -9999 -9999 -9999 -9999 -9999 -9999 -9999 -9999
-9999 -9999 8.088 8.964 -9999 -9999 -9999 8.5 8.275 8.442 -9999 -9999 -9999 -9999 -9999 9.114 8.843 8.654 8.443 8.074 7.896 7.284 6.544 6.305 6.818 6.781 7.275 7.037 6.318 6.183 6.661 5.132 5.738 6.494 6.219 6.704 7.755 7.492 7.775 7.762 7.923 8.223 8.041 7.805 7.767 7.321 6.013 6.195 6.581 7.227 7.224 7.579 8.084 -9999 -9999 -9999 -9999 -9999 -9999 -9999 -9999 -9999 -9999 -9999 -9999 -9999 -9999 -9999 -9999 -9999 -9999 -9999 -9999 -9999 -9999 -9999 -9999
-9999 7.663 8.08 8.73 -9999 -9999 -9999 -9999 -9999 -9999 -9999 -9999 -9999 -9999 -9999 8.802 8.519 8.438 8.219 7.94 7.714 6.975 6.585 6.574 6.877 7.033 6.711 6.706 5.917 6.097 5.44 5.087 5.777 6.514 6.235 6.712 6.953 7.461 7.489 7.888 7.861 7.721 7.869 7.514 7.317 6.207 5.966 5.669 6.721 7.513 7.702 7.756 7.969 8.491 -9999 -9999 -9999 -9999 -9999 -9999 -9999 -9999 -9999 -9999 -9999 -9999 -9999 -9999 -9999 -9999 -9999 -9999 -9999 -9999 -9999 -9999 -9999
7.6 7.637 7.713 8.817 -9999 -9999 -9999 -9999 -9999 -9999 -9999 -9999 -9999 9.063 8.863 8.667 8.232 7.716 7.371 7.53 7.54 7.43 7.259 7.678 7.207 6.352 6.47 6.472 6.441 6.793 6.274 5.34 6.721 6.546 6.55 6.718 7.139 7.509 7.918 7.405 7.491 7.684 7.53 7.22 6.457 6.262 6.178 6.195 6.887 7.902 8.108 7.927 8.045 8.32 -9999 -9999 -9999 -9999 -9999 -9999 -9999 -9999 -9999 -9999 -9999 -9999 -9999 -9999 -9999 -9999 -9999 -9999 -9999 -9999 -9999 -9999 -9999
7.622 8.16 9.015 -9999 -9999 -9999 -9999 -9999 -9999 -9999 -9999 -9999 -9999 9.006 9.038 8.657 7.824 7.325 7.383 6.793 6.453 6.581 6.603 6.996 7.136 7.276 7.096 6.605 6.94 7.414 7.021 6.633 5.926 6.45 6.269 6.917 7.27 7.901 7.493 7.321 7.403 7.309 6.858 6.235 5.948 6.398 6.753 7.043 7.53 7.524 7.54 7.819 7.977 8.246 -9999 -9999 -9999 -9999 -9999 -9999 -9999 -9999 -9999 -9999 -9999 -9999 -9999 -9999 -9999 -9999 -9999 -9999 -9999 -9999 -9999 -9999 -9999
-9999 -9999 -9999 -9999 -9999 -9999 -9999 -9999 -9999 -9999 -9999 -9999 -9999 8.999 8.879 7.894 7.623 7.343 7.103 6.249 6.212 5.654 6.116 6.555 7.046 7.287 6.949 5.687 6.309 7.636 7.653 6.297 6.22 6.521 6.621 6.562 7.287 6.83 6.645 6.92 6.518 6.192 5.827 6.629 6.767 6.834 6.913 7.074 7.839 7.994 7.829 7.951 8.259 8.41 -9999 -9999 -9999 -9999 -9999 -9999 -9999 -9999 -9999 -9999 -9999 -9999 -9999 -9999 -9999 -9999 -9999 -9999 -9999 -9999 -9999 -9999 -9999
-9999 -9999 -9999 -9999 -9999 -9999 -9999 -9999 -9999 -9999 -9999 -9999 8.808 8.346 7.614 7.607 7.064 7.205 7.124 7.015 6.014 6.09 6.011 6.419 6.784 7.778 7.31 6.715 6.973 7.554 7.71 7.218 6.985 6.87 6.674 6.666 6.19 6.913 7.144 6.835 6.476 5.379 6.276 6.195 6.682 7.185 6.99 7.089 7.005 7.798 8.207 8.347 8.414 8.494 -9999 -9999 -9999 -9999 -9999 -9999 -9999 -9999 -9999 -9999 -9999 -9999 -9999 -9999 -9999 -9999 -9999 -9999 -9999 -9999 -9999 -9999 -9999
-9999 -9999 -9999 -9999 -9999 -9999 -9999 -9999 -9999 -9999 -9999 -9999 8.304 7.926 7.535 6.587 6.793 7.267 7.232 6.486 7.15 6.662 6.506 6.878 7.382 8.34 8.146 7.557 7.266 7.384 8.136 7.763 7.549 7.407 7.255 6.407 7.34 6.768 7.123 7.054 5.62 6.776 6.334 6.507 7.024 6.972 7.379 7.159 6.758 7.301 7.875 8.074 8.304 8.532 -9999 -9999 -9999 -9999 -9999 -9999 -9999 -9999 -9999 -9999 -9999 -9999 -9999 -9999 -9999 -9999 -9999 -9999 -9999 -9999 -9999 -9999 -9999
-9999 -9999 -9999 -9999 -9999 -9999 -9999 -9999 -9999 -9999 -9999 8.57 7.981 8.073 7.054 7.269 6.891 5.989 6.54 7.138 7.42 6.975 7.2 7.352 7.414 7.832 7.925 7.618 7.639 8.445 8.414 8.008 7.472 7.396 6.611 7.542 7.212 6.748 7.465 6.37 6.24 6.951 7.207 7.428 6.984 7.041 7.147 6.855 7.134 7.492 7.894 8.098 8.26 8.514 8.61 -9999 -9999 -9999 -9999 -9999 -9999 -9999 -9999 -9999 -9999 -9999 -9999 -9999 -9999 -9999 -9999 -9999 -9999 -9999 -9999 -9999 -9999
-9999 -9999 -9999 -9999 -9999 -9999 -9999 -9999 -9999 -9999 8.508 8.244 8.147 8.144 7.964 7.749 6.995 6.997 6.856 6.562 7.847 7.845 7.682 7.381 7.39 7.688 8.034 8.46 8.634 8.301 8.547 8.177 7.708 7.361 7.588 7.853 7.514 7.489 7.68 6.552 6.255 6.622 6.814 6.983 7.085 7.392 7.306 6.991 7.417 7.643 7.865 8.063 8.368 8.532 8.668 -9999 -9999 -9999 -9999 -9999 -9999 -9999 -9999 -9999 -9999 -9999 -9999 -9999 -9999 -9999 -9999 -9999 -9999 -9999 -9999 -9999 -9999
-9999 -9999 -9999 -9999 -9999 -9999 -9999 -9999 -9999 -9999 8.351 7.144 7.959 8.116 8.208 8.362 7.65 6.356 6.522 7.678 7.96 8.221 7.993 7.771 7.576 7.399 8.592 8.998 8.74 8.649 8.235 8.275 7.811 7.915 7.873 8.123 7.878 7.931 7.419 7.087 6.677 6.566 6.791 6.871 7.423 7.744 7.542 7.434 7.405 7.57 7.928 8.306 8.381 8.49 8.618 -9999 -9999 -9999 -9999 -9999 -9999 -9999 -9999 -9999 -9999 -9999 -9999 -9999 -9999 -9999 -9999 -9999 -9999 -9999 -9999 -9999 -9999
-9999 -9999 -9999 -9999 -9999 -9999 -9999 -9999 -9999 8.54 7.338 7.628 7.784 7.962 8.352 8.524 7.609 7.046 7.414 7.515 8.015 8.174 8.302 7.937 7.562 8.255 8.524 8.763 9.008 8.576 8.541 8.345 8.381 8.246 8.297 8.426 8.352 7.874 8.003 7.483 6.738 6.95 6.938 7.098 7.193 7.649 7.767 8.067 7.705 7.716 8.003 8.371 8.573 8.511 8.551 8.799 -9999 -9999 -9999 -9999 -9999 -9999 -9999 -9999 -9999 -9999 -9999 -9999 -9999 -9999 -9999 -9999 -9999 -9999 -9999 -9999 -9999
-9999 -9999 -9999 -9999 -9999 -9999 -9999 -9999 8.742 -9999 8.262 7.781 7.803 7.995 8.48 8.871 8.428 8.269 7.649 7.181 7.818 8.336 8.51 8.464 8.478 8.558 8.58 8.71 8.876 8.615 8.831 8.782 8.728 8.657 8.762 8.819 8.691 8.496 8.193 7.794 7.778 7.478 7.383 7.345 7.634 8.02 8.578 7.915 7.534 7.877 8.17 8.378 8.526 8.642 8.711 8.731 -9999 -9999 -9999 -9999 -9999 -9999 -9999 -9999 -9999 -9999 -9999 -9999 -9999 -9999 -9999 -9999 -9999 -9999 -9999 -9999 -9999
