Validation/Results/raw data/ReClimate_02_2024_1weatherlogisticsltd.asc
NCOLS 192
NROWS 249
XLLCENTER -225160.85627316462
YLLCENTER 29788.11610251502
CELLSIZE 5000.0
NODATA_VALUE -9999
[rows 136 to 169 of 249, columns 75 to 149 of 192]
85.678 -9999 -9999 -9999 -9999 -9999 -9999 -9999 -9999 -9999 84.513 -9999 84.429 84.342 84.541 84.709 85.187 85.853 85.668 84.869 84.851 85.128 85.629 86.475 86.824 87.192 87.534 87.948 87.637 87.67 -9999 -9999 -9999 -9999 -9999 -9999 89.308 89.442 90.006 90.957 91.359 91.937 92.4 92.759 93.077 93.374 93.653 93.918 94.17 94.411 94.641 94.86 95.075 95.283 95.487 95.688 95.89 96.084 96.19 -9999 -9999 -9999 -9999 -9999 -9999 -9999 -9999 -9999 -9999 -9999 -9999 -9999 -9999 -9999 -9999
86.053 85.964 -9999 -9999 -9999 -9999 -9999 -9999 -9999 -9999 84.601 84.714 84.786 85.01 85.114 85.118 85.47 85.458 85.096 85.145 85.512 86.121 86.643 86.816 87.147 87.436 87.8 88.212 88.334 88.634 -9999 -9999 -9999 -9999 88.436 88.991 89.548 89.842 90.638 91.367 91.928 92.395 92.762 93.079 93.375 93.653 93.915 94.165 94.403 94.632 94.848 95.06 95.265 95.464 95.659 95.852 96.046 96.236 96.419 -9999 -9999 -9999 -9999 -9999 -9999 -9999 -9999 -9999 -9999 -9999 -9999 -9999 -9999 -9999 -9999
86.206 86.114 86.023 -9999 -9999 -9999 -9999 -9999 -9999 -9999 84.894 84.852 85.036 -9999 -9999 85.299 85.268 85.177 85.548 -9999 85.508 85.553 85.905 86.552 87.008 87.689 88.065 88.463 -9999 -9999 -9999 -9999 -9999 88.981 89.388 89.695 90.075 90.48 91.11 91.847 92.391 92.761 93.081 93.376 93.652 93.913 94.16 94.396 94.623 94.84 95.049 95.249 95.444 95.634 95.821 96.006 96.194 96.387 96.582 -9999 -9999 -9999 -9999 -9999 -9999 -9999 -9999 -9999 -9999 -9999 -9999 -9999 -9999 -9999 -9999
85.755 86.268 86.17 -9999 -9999 -9999 -9999 -9999 -9999 -9999 -9999 85.07 85.286 -9999 -9999 -9999 85.471 85.812 86.454 86.966 -9999 -9999 86.851 87.565 87.874 87.653 88.006 -9999 -9999 -9999 -9999 -9999 90.184 90.181 90.12 89.405 89.707 89.779 90.277 91.16 92.754 93.081 93.378 93.653 93.911 94.156 94.39 94.615 94.83 95.038 95.235 95.429 95.616 95.797 95.975 96.152 96.334 96.525 96.721 -9999 -9999 -9999 -9999 -9999 -9999 -9999 -9999 -9999 -9999 -9999 -9999 -9999 -9999 -9999 -9999
84.785 86.38 -9999 -9999 -9999 -9999 -9999 -9999 -9999 -9999 -9999 -9999 85.588 -9999 -9999 -9999 -9999 85.867 86.414 87.232 -9999 -9999 -9999 88.101 87.675 -9999 -9999 -9999 -9999 -9999 -9999 -9999 90.336 90.865 90.34 90.039 90.242 90.878 91.812 92.731 93.074 93.378 93.654 93.911 94.154 94.386 94.608 94.822 95.028 95.227 95.419 95.602 95.782 95.956 96.125 96.292 96.471 96.661 96.857 -9999 -9999 -9999 -9999 -9999 -9999 -9999 -9999 -9999 -9999 -9999 -9999 -9999 -9999 -9999 -9999
85.795 -9999 -9999 -9999 -9999 -9999 -9999 -9999 -9999 -9999 -9999 -9999 85.755 -9999 -9999 -9999 -9999 -9999 86.486 86.88 -9999 -9999 -9999 -9999 -9999 -9999 -9999 -9999 -9999 -9999 -9999 -9999 90.669 89.022 88.997 89.334 90.269 92.549 92.757 93.048 93.373 93.656 93.912 94.153 94.383 94.603 94.816 95.021 95.219 95.41 95.593 95.772 95.946 96.114 96.278 96.442 96.615 96.803 96.996 97.206 -9999 -9999 -9999 -9999 -9999 -9999 -9999 -9999 -9999 -9999 -9999 -9999 -9999 -9999 -9999
-9999 86.574 86.538 86.49 86.456 -9999 -9999 -9999 -9999 -9999 -9999 -9999 85.961 -9999 -9999 -9999 -9999 -9999 -9999 -9999 -9999 -9999 -9999 -9999 -9999 -9999 -9999 -9999 -9999 -9999 -9999 90.306 89.727 89.398 90.085 91.511 92.62 92.82 93.039 93.339 93.651 93.914 94.153 94.383 94.603 94.815 95.019 95.215 95.406 95.59 95.776 95.957 96.132 96.301 96.466 96.631 96.802 96.982 97.169 97.36 97.56 -9999 -9999 -9999 -9999 -9999 -9999 -9999 -9999 -9999 -9999 -9999 -9999 -9999 -9999
86.696 86.659 86.623 86.588 86.553 -9999 -9999 -9999 -9999 -9999 -9999 -9999 -9999 -9999 -9999 -9999 -9999 -9999 -9999 -9999 -9999 -9999 -9999 -9999 -9999 -9999 -9999 -9999 -9999 -9999 89.865 90.034 90.363 91.607 92.461 92.677 92.88 93.073 93.301 93.607 93.905 94.158 94.39 94.61 94.821 95.023 95.221 95.418 95.615 95.804 95.988 96.164 96.335 96.503 96.668 96.833 97.002 97.176 97.356 97.541 97.731 -9999 -9999 -9999 -9999 -9999 -9999 -9999 -9999 -9999 -9999 -9999 -9999 -9999 -9999
86.781 86.743 86.707 -9999 86.636 85.989 -9999 -9999 -9999 -9999 -9999 -9999 -9999 -9999 -9999 -9999 -9999 -9999 -9999 -9999 -9999 -9999 -9999 -9999 -9999 -9999 -9999 -9999 -9999 -9999 91.581 91.472 92.264 92.506 92.728 92.938 93.144 93.336 93.566 93.861 94.142 94.389 94.615 94.828 95.035 95.246 95.454 95.655 95.846 96.029 96.205 96.373 96.539 96.701 96.862 97.025 97.192 97.365 97.542 97.722 97.883 97.997 98.046 -9999 -9999 -9999 -9999 -9999 -9999 -9999 -9999 -9999 -9999 -9999 -9999
86.759 86.437 86.508 -9999 -9999 85.746 -9999 -9999 -9999 -9999 -9999 -9999 -9999 -9999 -9999 -9999 -9999 -9999 -9999 -9999 -9999 -9999 -9999 -9999 -9999 -9999 -9999 -9999 -9999 -9999 91.882 92.29 92.546 92.784 93.013 93.226 93.421 93.601 93.82 94.101 94.37 94.609 94.834 95.06 95.285 95.497 95.698 95.889 96.071 96.246 96.413 96.576 96.736 96.894 97.051 97.21 97.373 97.541 97.715 97.893 98.017 98.095 98.15 98.203 98.256 98.228 -9999 -9999 -9999 -9999 -9999 -9999 -9999 -9999 -9999
86.703 86.411 86.613 86.839 -9999 86.398 -9999 -9999 -9999 -9999 -9999 -9999 -9999 -9999 -9999 -9999 -9999 -9999 -9999 -9999 -9999 -9999 -9999 -9999 -9999 -9999 -9999 -9999 -9999 90.318 92.191 92.585 92.852 93.096 93.314 93.511 93.691 93.857 94.066 94.335 94.595 94.842 95.091 95.323 95.539 95.741 95.933 96.115 96.289 96.457 96.618 96.775 96.929 97.082 97.235 97.39 97.549 97.712 97.881 98.014 98.114 98.176 98.233 98.286 98.341 98.398 98.451 98.267 -9999 -9999 -9999 -9999 -9999 -9999 -9999
86.144 86.487 86.733 -9999 87.405 -9999 -9999 -9999 -9999 -9999 -9999 -9999 -9999 -9999 -9999 -9999 -9999 -9999 -9999 -9999 -9999 -9999 -9999 -9999 -9999 -9999 -9999 -9999 -9999 -9999 91.592 92.925 93.181 93.406 93.607 93.789 93.956 94.11 94.308 94.571 94.852 95.118 95.359 95.58 95.785 95.978 96.161 96.335 96.501 96.662 96.817 96.969 97.119 97.268 97.417 97.568 97.722 97.88 98.015 98.116 98.185 98.252 98.32 98.387 98.445 98.5 98.554 98.6 98.548 -9999 -9999 -9999 -9999 -9999 -9999
86.784 87.112 87.524 87.817 88.115 -9999 -9999 -9999 -9999 -9999 -9999 -9999 -9999 -9999 -9999 -9999 -9999 -9999 -9999 -9999 -9999 -9999 -9999 -9999 -9999 -9999 -9999 -9999 -9999 -9999 -9999 91.119 91.741 93.71 93.895 94.064 94.218 94.362 94.561 94.856 95.139 95.39 95.619 95.829 96.024 96.208 96.383 96.55 96.71 96.864 97.015 97.161 97.306 97.451 97.596 97.743 97.893 98.028 98.133 98.21 98.274 98.341 98.409 98.478 98.546 98.605 98.656 98.704 98.745 98.769 -9999 -9999 -9999 -9999 -9999
87.467 87.861 88.176 88.496 -9999 -9999 -9999 -9999 -9999 -9999 -9999 -9999 -9999 -9999 -9999 -9999 -9999 -9999 -9999 -9999 -9999 -9999 -9999 -9999 -9999 -9999 -9999 -9999 -9999 -9999 -9999 90.643 91.305 91.344 92.083 94.337 94.459 94.546 94.813 95.152 95.418 95.657 95.873 96.073 96.259 96.435 96.602 96.761 96.915 97.064 97.209 97.351 97.492 97.633 97.774 97.919 98.058 98.163 98.241 98.306 98.37 98.435 98.499 98.564 98.63 98.695 98.754 98.802 98.845 98.877 98.883 -9999 -9999 -9999 -9999
88.005 88.49 88.83 89.223 -9999 -9999 -9999 -9999 -9999 -9999 -9999 -9999 -9999 -9999 -9999 -9999 -9999 -9999 -9999 -9999 -9999 -9999 -9999 -9999 -9999 -9999 -9999 -9999 -9999 -9999 -9999 -9999 90.826 89.683 90.87 92.188 94.524 94.714 95.038 95.442 95.693 95.918 96.123 96.313 96.49 96.658 96.818 96.971 97.119 97.263 97.402 97.54 97.677 97.814 97.96 98.097 98.198 98.278 98.34 98.402 98.463 98.525 98.587 98.649 98.711 98.774 98.838 98.897 98.944 98.978 98.991 -9999 -9999 -9999 -9999
-9999 -9999 -9999 -9999 -9999 -9999 -9999 -9999 -9999 -9999 -9999 -9999 -9999 -9999 -9999 -9999 -9999 -9999 -9999 -9999 -9999 -9999 -9999 -9999 -9999 -9999 -9999 -9999 -9999 -9999 -9999 -9999 91.656 91.885 92.447 94.703 94.864 95.225 95.5 95.728 95.964 96.176 96.37 96.55 96.719 96.879 97.032 97.18 97.322 97.461 97.596 97.73 97.867 98.012 98.14 98.239 98.317 98.377 98.436 98.495 98.554 98.613 98.672 98.731 98.792 98.853 98.916 98.98 99.042 99.076 99.09 99.097 -9999 -9999 -9999
-9999 -9999 -9999 -9999 -9999 -9999 -9999 -9999 -9999 -9999 -9999 -9999 -9999 -9999 -9999 -9999 -9999 -9999 -9999 -9999 -9999 -9999 -9999 -9999 -9999 -9999 -9999 -9999 -9999 -9999 -9999 -9999 -9999 92.511 93.067 93.184 93.169 93.905 95.808 96.011 96.232 96.432 96.616 96.786 96.947 97.1 97.246 97.388 97.525 97.659 97.791 97.928 98.072 98.189 98.282 98.355 98.414 98.472 98.529 98.586 98.642 98.698 98.755 98.813 98.872 98.932 98.994 99.059 99.125 99.171 99.185 99.193 -9999 -9999 -9999
-9999 -9999 -9999 -9999 -9999 -9999 -9999 -9999 -9999 -9999 -9999 -9999 -9999 -9999 -9999 -9999 -9999 -9999 -9999 -9999 -9999 -9999 -9999 -9999 -9999 -9999 -9999 -9999 -9999 -9999 -9999 -9999 -9999 93.278 -9999 94.274 94.363 95.53 95.739 -9999 96.5 96.688 96.861 97.022 97.175 97.32 97.461 97.596 97.729 97.859 97.996 98.132 98.238 98.326 98.393 98.452 98.509 98.565 98.62 98.674 98.728 98.783 98.838 98.895 98.953 99.012 99.074 99.14 99.201 99.251 99.278 99.29 99.3 -9999 -9999
-9999 -9999 -9999 -9999 -9999 -9999 -9999 -9999 -9999 -9999 -9999 -9999 -9999 -9999 -9999 -9999 -9999 -9999 -9999 -9999 -9999 -9999 -9999 -9999 -9999 -9999 -9999 -9999 -9999 -9999 -9999 -9999 -9999 -9999 95.389 94.776 -9999 -9999 -9999 -9999 96.78 96.944 97.106 97.258 97.403 97.542 97.676 97.806 97.934 98.065 98.202 98.281 98.366 98.431 98.494 98.555 98.613 98.669 98.723 98.776 98.829 98.882 98.935 98.989 99.044 99.1 99.159 99.223 99.277 99.321 99.363 99.388 99.4 99.411 99.424
-9999 -9999 -9999 -9999 -9999 -9999 -9999 -9999 -9999 -9999 -9999 -9999 -9999 -9999 -9999 -9999 -9999 -9999 -9999 -9999 -9999 -9999 -9999 -9999 -9999 -9999 -9999 -9999 -9999 -9999 -9999 -9999 -9999 -9999 95.293 95.63 -9999 -9999 -9999 -9999 97.116 97.218 97.366 97.506 97.639 97.768 97.895 98.019 98.137 98.247 98.326 98.407 98.479 98.546 98.609 98.669 98.726 98.781 98.834 98.886 98.937 98.989 99.041 99.094 99.148 99.204 99.262 99.318 99.365 99.4 99.437 99.479 99.501 99.515 99.529
-9999 -9999 -9999 -9999 -9999 -9999 -9999 -9999 -9999 -9999 -9999 -9999 -9999 -9999 -9999 -9999 -9999 -9999 -9999 -9999 -9999 -9999 -9999 -9999 -9999 -9999 -9999 -9999 -9999 -9999 -9999 -9999 -9999 -9999 95.706 -9999 -9999 -9999 -9999 96.812 97.421 97.502 97.626 97.753 97.875 97.995 98.102 98.182 98.27 98.359 98.445 98.525 98.598 98.665 98.727 98.785 98.84 98.893 98.944 98.994 99.045 99.095 99.146 99.199 99.253 99.31 99.37 99.42 99.459 99.493 99.529 99.57 99.604 99.624 -9999
-9999 -9999 -9999 -9999 -9999 -9999 -9999 -9999 -9999 -9999 -9999 -9999 -9999 -9999 -9999 -9999 -9999 -9999 -9999 -9999 -9999 -9999 -9999 -9999 -9999 -9999 -9999 -9999 -9999 -9999 -9999 -9999 -9999 -9999 -9999 -9999 -9999 -9999 -9999 95.385 95.988 97.805 97.879 97.983 98.06 98.135 98.2 98.289 98.386 98.475 98.559 98.637 98.711 98.779 98.841 98.897 98.95 99.001 99.051 99.1 99.149 99.199 99.251 99.304 99.359 99.416 99.472 99.517 99.552 99.587 99.626 99.669 99.716 99.75 -9999
-9999 -9999 -9999 -9999 -9999 -9999 -9999 -9999 -9999 -9999 -9999 -9999 -9999 -9999 -9999 -9999 -9999 -9999 -9999 -9999 -9999 -9999 -9999 -9999 -9999 -9999 -9999 -9999 -9999 -9999 -9999 -9999 -9999 -9999 -9999 -9999 -9999 -9999 -9999 94.213 95.863 98.021 98.039 98.08 98.142 98.213 98.303 98.402 98.495 98.582 98.664 98.741 98.814 98.881 98.944 99.003 99.057 99.106 99.155 99.203 99.252 99.302 99.354 99.407 99.463 99.522 99.57 99.609 99.644 99.681 99.722 99.767 99.817 99.874 -9999
-9999 -9999 -9999 -9999 -9999 -9999 -9999 -9999 -9999 -9999 -9999 -9999 -9999 -9999 -9999 -9999 -9999 -9999 -9999 -9999 -9999 -9999 -9999 -9999 -9999 -9999 -9999 -9999 -9999 -9999 -9999 -9999 -9999 -9999 -9999 -9999 -9999 -9999 95.086 94.665 95.66 96.082 98.129 98.147 98.224 98.307 98.409 98.504 98.594 98.679 98.76 98.837 98.909 98.976 99.038 99.096 99.152 99.207 99.257 99.305 99.354 99.404 99.456 99.511 99.568 99.62 99.664 99.698 99.735 99.774 99.817 99.865 99.919 99.98 100.03
-9999 -9999 -9999 -9999 -9999 -9999 -9999 -9999 -9999 -9999 -9999 -9999 -9999 -9999 -9999 -9999 -9999 -9999 -9999 -9999 -9999 -9999 -9999 -9999 -9999 -9999 -9999 -9999 -9999 -9999 -9999 -9999 -9999 -9999 -9999 -9999 -9999 -9999 95.865 94.786 94.349 95.761 98.232 98.255 98.31 98.407 98.504 98.596 98.684 98.767 98.848 98.926 98.999 99.066 99.126 99.181 99.236 99.292 99.349 99.403 99.453 99.505 99.558 99.614 99.668 99.714 99.751 99.787 99.825 99.867 99.913 99.964 100.02 100.085 100.145
-9999 -9999 -9999 -9999 -9999 -9999 -9999 -9999 -9999 -9999 -9999 -9999 -9999 -9999 -9999 -9999 -9999 -9999 -9999 -9999 -9999 -9999 -9999 -9999 -9999 -9999 -9999 -9999 -9999 -9999 -9999 -9999 -9999 -9999 -9999 -9999 -9999 96.839 95.937 95.007 95.034 97.357 97.585 98.355 98.397 98.497 98.59 98.679 98.764 98.847 98.927 99.006 99.082 99.151 99.208 99.261 99.315 99.37 99.428 99.489 99.55 99.605 99.66 99.716 99.762 99.802 99.837 99.875 99.916 99.96 100.008 100.062 100.123 100.192 100.269
-9999 -9999 -9999 -9999 -9999 -9999 -9999 -9999 -9999 -9999 -9999 -9999 -9999 -9999 -9999 -9999 -9999 -9999 -9999 -9999 -9999 -9999 -9999 -9999 -9999 -9999 -9999 -9999 -9999 -9999 -9999 -9999 -9999 -9999 -9999 -9999 -9999 96.783 95.973 95.136 95.899 96.593 97.352 98.456 98.501 98.577 98.667 98.753 98.837 98.918 98.997 99.075 99.152 99.222 99.28 99.333 99.388 99.445 99.504 99.567 99.633 99.701 99.762 99.809 99.851 99.886 99.923 99.963 100.006 100.053 100.105 100.162 100.226 100.299 100.384
-9999 -9999 -9999 -9999 -9999 -9999 -9999 -9999 -9999 -9999 -9999 -9999 -9999 -9999 -9999 -9999 -9999 -9999 -9999 -9999 -9999 -9999 -9999 -9999 -9999 -9999 -9999 -9999 -9999 -9999 -9999 -9999 -9999 -9999 -9999 -9999 -9999 96.836 96.426 96.569 96.778 96.359 97.093 97.916 98.593 98.65 98.737 98.82 98.901 98.981 99.059 99.135 99.209 99.279 99.341 99.399 99.456 99.515 99.577 99.642 99.71 99.783 99.849 99.897 99.933 99.97 100.01 100.052 100.098 100.147 100.202 100.263 100.331 100.409 100.5
-9999 -9999 -9999 -9999 -9999 -9999 -9999 -9999 -9999 -9999 -9999 -9999 -9999 -9999 -9999 -9999 -9999 -9999 -9999 -9999 -9999 -9999 -9999 -9999 -9999 -9999 -9999 -9999 -9999 -9999 -9999 -9999 -9999 -9999 -9999 -9999 -9999 -9999 97.001 97.054 96.411 95.152 95.902 98.211 98.678 98.723 98.799 98.88 98.959 99.037 99.114 99.19 99.263 99.332 99.397 99.46 99.521 99.583 99.648 99.715 99.786 99.852 99.914 99.972 100.015 100.055 100.097 100.141 100.19 100.243 100.301 -9999 100.438 -9999 100.591
-9999 -9999 -9999 -9999 -9999 -9999 -9999 -9999 -9999 -9999 -9999 -9999 -9999 -9999 -9999 -9999 -9999 -9999 -9999 -9999 -9999 -9999 -9999 -9999 -9999 -9999 -9999 -9999 -9999 -9999 -9999 -9999 -9999 -9999 -9999 -9999 -9999 97.332 97.272 97.445 96.416 95.184 96.711 98.751 98.736 98.793 98.855 98.934 99.012 99.089 99.166 99.241 99.314 99.385 99.453 99.519 99.584 99.65 99.718 99.788 99.852 99.912 99.971 100.031 100.093 100.14 100.184 100.232 100.284 100.34 100.402 100.471 100.544 100.608 -9999
-9999 -9999 -9999 -9999 -9999 -9999 -9999 -9999 -9999 -9999 -9999 -9999 -9999 -9999 -9999 -9999 -9999 -9999 -9999 -9999 -9999 -9999 -9999 -9999 -9999 -9999 -9999 -9999 -9999 -9999 -9999 -9999 -9999 -9999 -9999 -9999 -9999 97.604 97.642 97.635 96.997 97.154 98.852 98.829 98.684 98.42 98.905 98.982 99.06 99.137 99.214 99.29 99.365 99.438 99.509 99.579 99.648 99.717 99.787 99.849 99.909 99.966 100.025 100.088 100.157 100.222 100.274 100.325 100.38 100.439 100.505 100.565 100.621 100.678 100.733
-9999 -9999 -9999 -9999 -9999 -9999 -9999 -9999 -9999 -9999 -9999 -9999 -9999 -9999 -9999 -9999 -9999 -9999 -9999 -9999 -9999 -9999 -9999 -9999 -9999 -9999 -9999 -9999 -9999 -9999 -9999 -9999 -9999 -9999 -9999 -9999 97.759 97.05 96.889 96.533 96.621 97.856 98.687 98.66 98.433 98.708 98.802 99.026 99.104 99.182 99.26 99.338 99.415 99.491 99.566 99.639 99.712 99.781 99.843 99.903 99.959 100.018 100.08 100.146 100.217 100.295 100.363 100.419 100.478 100.533 100.583 100.652 100.728 100.809 100.894
-9999 -9999 -9999 -9999 -9999 -9999 -9999 -9999 -9999 -9999 -9999 -9999 -9999 -9999 -9999 -9999 -9999 -9999 -9999 -9999 -9999 -9999 -9999 -9999 -9999 -9999 -9999 -9999 -9999 -9999 -9999 -9999 -9999 -9999 -9999 -9999 97.053 96.649 96.396 96.261 96.649 97.83 98.614 98.483 98.495 98.368 98.422 98.556 99.144 99.224 99.305 99.386 99.466 99.546 99.624 99.701 99.77 99.833 99.893 99.95 100.009 100.07 100.134 100.204 100.278 100.359 100.447 100.508 100.574 100.656 100.738 100.819 100.913 101.014 101.122
-9999 -9999 -9999 -9999 -9999 -9999 -9999 -9999 -9999 -9999 -9999 -9999 -9999 -9999 -9999 -9999 -9999 -9999 -9999 -9999 -9999 -9999 -9999 -9999 -9999 -9999 -9999 -9999 -9999 -9999 -9999 -9999 -9999 -9999 -9999 -9999 -9999 97.657 97.47 97.138 97.631 98.989 98.877 98.86 98.794 98.795 98.708 98.878 99.013 99.266 99.35 99.435 99.519 99.602 99.678 99.749 99.818 99.879 99.939 99.998 100.059 100.123 100.19 100.262 100.336 100.412 100.52 100.638 100.728 100.824 100.924 101.026 101.132 101.244 101.365
