Validation/Results/raw data/ReClimate_02_2024_2_Temperature-Actualsweatherlogisticsltd.asc
NCOLS 192
NROWS 249
XLLCENTER -225160.85627316462
YLLCENTER 29788.11610251502
CELLSIZE 5000.0
NODATA_VALUE -9999
[rows 204 to 237 of 249, columns 77 to 153 of 192]
-9999 -9999 9.922 -9999 9.841 9.776 9.72 9.484 9.492 9.32 9.364 9.395 9.326 9.349 9.079 9.628 9.52 9.647 9.819 9.986 9.879 9.946 9.446 8.945 7.67 7.027 8.563 8.343 8.44 7.832 8.299 9.354 8.773 7.455 9.089 9.459 9.492 9.611 10.151 10.474 10.263 9.945 10.037 10.398 10.523 10.579 10.512 10.337 9.585 9.157 9.104 9.443 9.651 9.797 9.669 9.318 9.401 9.582 9.753 9.824 9.817 9.727 9.571 9.607 9.721 9.728 9.818 9.841 9.735 9.763 9.728 9.791 9.977 9.954 9.889 9.789 9.814
-9999 -9999 -9999 -9999 -9999 -9999 9.568 9.853 9.766 9.685 9.727 9.728 9.712 9.595 9.947 9.864 9.913 9.956 9.856 9.942 9.626 9.6 8.956 8.157 7.245 7.528 7.42 7.784 7.059 7.187 8.856 8.881 8.745 9.751 9.062 9.41 10.13 10.485 10.664 10.163 9.787 9.384 9.873 10.433 10.574 10.652 10.628 9.945 9.144 9.038 9.119 9.543 9.596 9.749 9.61 9.682 9.71 9.902 10.057 10.1 10.001 9.849 9.775 9.801 9.935 10.004 9.886 9.732 9.565 9.602 9.826 9.855 9.995 9.934 10.033 10.145 10.082
-9999 -9999 -9999 -9999 -9999 -9999 9.821 9.802 9.817 9.898 9.544 9.368 9.269 9.678 9.937 9.989 10.129 9.738 9.571 9.802 9.936 9.998 9.415 9.181 8.98 8.681 8.343 8.122 7.529 7.922 7.644 8.368 9.069 8.709 8.424 10.021 10.37 10.565 10.04 9.915 9.291 9.534 9.92 10.477 10.564 10.372 9.516 9.061 9.148 9.348 9.287 9.463 9.61 9.692 9.846 9.734 10.007 10.186 10.351 10.353 10.119 9.899 9.788 9.874 10.062 10.092 9.919 9.509 9.569 9.641 9.72 9.958 10.055 10.17 10.262 10.459 10.289
-9999 -9999 -9999 -9999 10.105 10.043 9.932 9.957 -9999 9.968 9.829 9.662 9.915 10.026 10.169 -9999 10.117 9.844 9.988 9.603 10.209 9.396 9.477 9.293 9.046 8.969 9.282 8.861 8.531 8.414 8.388 8.637 9.004 7.977 9.011 10.08 10.049 10.358 10.191 9.612 9.632 9.816 10.182 10.379 10.315 9.673 9.568 9.243 9.363 9.323 9.54 9.639 9.687 9.845 10.022 10.07 10.173 10.164 10.429 10.394 10.263 10.099 10.047 10.025 10.058 9.967 9.668 9.541 9.498 9.759 9.83 9.964 10.093 10.119 10.171 10.5 10.432
-9999 -9999 -9999 -9999 10.125 -9999 -9999 -9999 10.22 10.112 9.952 -9999 -9999 -9999 -9999 -9999 10.175 10.097 9.804 10.583 10.276 10.083 9.946 9.656 9.758 9.722 8.023 8.099 9.188 9.263 9.188 9.033 8.499 8.572 9.789 9.867 10.258 10.307 9.64 9.858 9.888 10.287 10.278 10.286 9.926 9.692 9.723 9.46 9.63 9.748 9.745 9.843 9.982 10.053 10.168 10.196 10.24 10.2 10.268 10.418 10.15 10.14 10.087 10.083 9.937 9.872 9.704 9.512 9.616 9.932 10.085 10.173 10.137 10.088 10.208 10.505 10.608
-9999 -9999 -9999 -9999 -9999 -9999 10.124 10.111 10.047 10.199 9.96 -9999 -9999 -9999 -9999 -9999 -9999 -9999 -9999 10.98 10.795 10.7 10.783 10.347 9.895 8.181 7.661 7.907 8.42 8.967 9.127 9.173 9.262 9.235 9.569 10.224 10.33 9.474 9.755 9.846 10.608 10.453 10.234 10.064 9.558 9.687 9.604 9.656 9.822 9.963 9.994 10.035 10.061 10.122 10.054 10.111 10.209 10.324 10.317 10.345 10.145 10.03 9.823 9.753 10.013 9.847 9.729 9.729 9.827 10.044 10.346 10.337 10.308 10.364 10.611 10.825 10.731
-9999 -9999 -9999 -9999 -9999 -9999 -9999 10.067 -9999 -9999 -9999 -9999 -9999 -9999 -9999 -9999 -9999 10.261 10.606 10.654 10.554 10.932 11.006 10.699 9.8 8.882 8.04 8.06 8.745 9.699 9.526 9.154 9.392 9.69 10.425 10.706 10.364 10.031 10.144 10.55 -9999 10.468 10.239 9.922 9.341 9.434 9.673 9.81 9.987 10.025 10.097 10.05 10.055 10.029 10.111 10.113 10.221 10.294 10.332 10.174 9.997 9.784 9.516 9.562 9.749 10.181 10.022 9.961 10.143 10.225 10.402 10.506 10.459 10.627 10.964 11.165 11.132
-9999 -9999 -9999 -9999 -9999 -9999 -9999 -9999 -9999 -9999 -9999 -9999 -9999 -9999 -9999 -9999 -9999 10.312 10.499 10.714 10.624 -9999 -9999 -9999 10.43 9.319 9.517 9.34 9.853 9.862 9.342 9.577 10.323 10.625 10.733 10.898 10.664 10.679 10.695 -9999 10.62 10.284 10.261 9.709 9.368 9.728 9.85 9.994 9.996 9.959 10.055 10.088 10.06 10.059 9.902 9.862 9.961 9.989 10.106 10.152 9.887 9.463 9.529 9.649 9.961 10.281 10.366 10.188 10.368 10.591 10.686 10.8 10.837 10.644 11.019 11.327 11.3
-9999 -9999 -9999 -9999 -9999 -9999 -9999 -9999 -9999 -9999 -9999 -9999 -9999 -9999 -9999 -9999 -9999 -9999 -9999 -9999 -9999 -9999 -9999 -9999 11.033 10.479 9.918 10.083 10.357 10.343 10.207 10.533 10.812 10.892 10.883 10.851 10.837 -9999 -9999 10.817 10.615 10.447 10.28 9.76 9.59 9.809 9.899 10.066 10.197 9.994 10.023 10.052 9.789 9.637 9.582 9.426 9.286 9.542 9.665 9.823 9.875 9.697 9.652 9.999 10.06 10.294 10.547 10.478 10.53 10.662 10.867 11.006 11.095 11.284 11.263 11.47 11.435
-9999 -9999 -9999 -9999 -9999 -9999 -9999 -9999 -9999 -9999 -9999 -9999 -9999 -9999 -9999 -9999 -9999 -9999 -9999 -9999 -9999 -9999 -9999 -9999 10.802 10.573 10.444 10.464 10.376 10.435 10.711 10.921 11.039 11.011 -9999 -9999 -9999 -9999 -9999 10.813 10.616 10.571 10.338 9.843 9.634 9.753 9.768 10.035 10.223 10.017 9.699 9.722 9.43 9.335 9.356 9.391 9.323 9.303 9.579 9.617 9.977 10.183 10.073 10.345 10.381 10.435 10.596 10.665 10.815 10.974 10.961 10.967 11.15 11.4 11.595 11.576 11.345
-9999 -9999 -9999 -9999 -9999 -9999 -9999 -9999 -9999 -9999 -9999 -9999 -9999 -9999 -9999 -9999 -9999 -9999 -9999 -9999 -9999 -9999 -9999 -9999 -9999 -9999 10.528 10.17 10.228 10.481 10.552 10.825 10.985 -9999 -9999 -9999 -9999 10.513 10.366 10.365 10.766 10.709 10.394 9.715 9.618 9.585 9.643 9.902 10.061 9.743 9.368 9.258 9.373 9.305 9.457 9.448 9.667 9.684 9.698 9.916 10.028 10.38 10.626 10.548 10.498 10.457 10.467 10.462 10.721 11.017 11.083 11.049 11.052 11.233 11.343 11.407 11.23
-9999 -9999 -9999 -9999 -9999 -9999 -9999 -9999 -9999 -9999 -9999 -9999 -9999 -9999 -9999 -9999 -9999 -9999 -9999 -9999 -9999 -9999 -9999 -9999 -9999 -9999 -9999 10.481 10.425 10.445 10.517 10.811 -9999 -9999 -9999 -9999 10.579 10.53 10.318 10.286 10.411 10.539 10.405 10.078 10.081 9.68 9.693 9.805 9.624 9.537 9.455 9.222 9.362 9.498 9.66 9.767 9.855 9.983 9.948 9.931 10.106 10.348 10.446 10.385 10.223 10.311 10.386 10.381 10.489 10.819 10.976 11.029 11.107 11.106 11.071 10.974 10.903
-9999 -9999 -9999 -9999 -9999 -9999 -9999 -9999 -9999 -9999 -9999 -9999 -9999 -9999 -9999 -9999 -9999 -9999 -9999 -9999 -9999 -9999 -9999 -9999 -9999 -9999 -9999 -9999 -9999 -9999 -9999 -9999 -9999 -9999 -9999 10.566 10.669 10.709 10.413 10.168 10.464 10.425 10.158 10.267 10.084 10.026 10.213 9.965 9.714 9.605 9.609 9.606 9.441 9.51 9.622 9.479 9.677 9.784 9.88 9.903 9.925 10.164 10.275 10.189 10.054 10.053 10.251 10.405 10.501 10.64 10.778 10.764 10.84 10.787 10.711 10.49 10.279
-9999 -9999 -9999 -9999 -9999 -9999 -9999 -9999 -9999 -9999 -9999 -9999 -9999 -9999 -9999 -9999 -9999 -9999 -9999 -9999 -9999 -9999 -9999 -9999 -9999 -9999 -9999 -9999 -9999 -9999 -9999 -9999 -9999 -9999 10.897 10.739 10.525 10.383 9.389 9.948 10.404 10.184 10.103 10.077 10.075 10.409 10.358 10.171 9.916 9.776 9.941 9.727 9.503 9.239 9.381 9.498 9.165 9.452 9.656 9.849 9.981 10.105 10.22 10.197 10.155 10.21 10.151 10.239 10.451 10.567 10.573 10.502 10.233 10.327 10.284 10.09 9.716
-9999 -9999 -9999 -9999 -9999 -9999 -9999 -9999 -9999 -9999 -9999 -9999 -9999 -9999 -9999 -9999 -9999 -9999 -9999 -9999 -9999 -9999 -9999 -9999 -9999 -9999 -9999 -9999 -9999 -9999 -9999 -9999 -9999 -9999 10.867 10.735 10.863 10.328 9.803 9.524 9.726 9.914 10.015 9.873 10.247 10.31 10.196 9.729 9.457 9.476 9.76 9.862 9.668 9.595 9.399 9.487 9.565 9.498 9.663 9.774 9.947 10.133 10.229 10.257 10.175 10.19 10.198 10.139 10.251 10.314 10.054 10.026 9.948 9.925 10.138 10.063 9.748
-9999 -9999 -9999 -9999 -9999 -9999 -9999 -9999 -9999 -9999 -9999 -9999 -9999 -9999 -9999 -9999 -9999 -9999 -9999 -9999 -9999 8.79 8.519 7.984 8.223 -9999 9.181 -9999 -9999 -9999 -9999 -9999 -9999 -9999 -9999 10.873 10.898 10.655 10.264 9.97 9.638 9.619 9.703 9.997 10.067 10.049 9.618 9.33 9.55 9.593 9.763 9.775 9.726 9.855 9.954 9.962 9.847 9.887 9.785 9.669 9.562 9.78 10.028 10.049 10.018 10.068 10.026 10.018 10.169 10.136 9.866 9.821 10.077 10.048 10.141 10.212 10.143
-9999 -9999 -9999 -9999 -9999 -9999 -9999 -9999 -9999 -9999 -9999 -9999 -9999 -9999 -9999 -9999 -9999 -9999 9.772 9.543 9.214 8.643 7.888 7.546 7.787 8.127 8.972 10.0 10.601 -9999 -9999 10.095 10.538 10.734 10.883 10.871 10.855 10.887 10.703 10.405 10.023 9.665 9.746 9.922 9.873 9.392 9.528 9.667 9.536 9.779 9.968 10.056 9.941 9.947 10.053 10.111 10.227 10.123 9.948 9.75 9.701 9.558 9.611 9.881 10.011 10.117 10.253 10.049 10.152 9.706 9.62 9.777 10.039 10.209 10.241 10.386 10.258
-9999 -9999 -9999 -9999 -9999 -9999 -9999 -9999 -9999 -9999 -9999 -9999 -9999 -9999 -9999 -9999 -9999 9.734 9.747 9.922 9.728 8.992 7.963 7.522 7.723 8.211 8.805 9.372 10.002 10.162 10.024 10.004 10.034 10.655 10.781 10.821 10.703 10.581 10.722 10.466 9.878 9.756 9.81 9.721 9.175 9.546 9.357 9.391 9.555 9.823 10.096 10.12 9.948 10.009 10.017 10.168 10.171 10.183 10.025 9.849 9.627 9.459 9.669 9.905 10.088 9.816 9.97 10.229 10.153 10.206 9.802 9.953 10.051 10.147 10.21 10.239 10.378
-9999 -9999 -9999 -9999 -9999 -9999 -9999 -9999 -9999 -9999 -9999 -9999 -9999 -9999 -9999 -9999 -9999 9.706 10.267 10.644 10.268 9.273 8.727 8.319 8.059 8.546 9.053 9.649 9.438 9.24 9.673 9.931 10.111 10.049 10.556 10.755 10.629 10.676 10.432 10.185 10.149 10.006 9.89 9.576 9.592 9.555 9.305 9.442 9.499 9.759 10.001 10.047 9.885 9.831 10.163 10.249 10.218 10.27 10.264 10.13 9.93 9.592 9.492 9.942 10.126 10.015 9.801 10.085 10.311 10.367 10.376 10.296 10.011 9.977 10.077 10.08 9.919
-9999 -9999 -9999 -9999 -9999 -9999 -9999 -9999 -9999 -9999 -9999 -9999 -9999 -9999 -9999 -9999 -9999 10.107 10.757 10.539 10.352 9.806 9.776 9.348 9.35 9.34 9.5 9.662 9.194 9.355 10.032 10.209 10.172 10.35 10.619 10.736 10.697 10.458 10.214 10.301 10.214 10.004 9.853 9.912 9.85 9.805 9.678 9.579 9.369 9.525 9.909 10.204 10.166 10.163 10.253 10.206 10.257 10.411 10.199 10.07 10.094 9.729 9.347 9.802 10.221 10.192 10.134 10.225 10.358 10.464 10.399 10.26 10.113 10.095 10.278 10.334 10.196
-9999 -9999 -9999 -9999 -9999 -9999 -9999 -9999 -9999 -9999 -9999 -9999 -9999 10.085 9.738 -9999 9.915 10.538 10.299 10.138 10.216 10.36 10.2 10.069 9.651 9.393 9.514 9.748 9.747 9.96 10.236 10.427 10.357 10.3 10.365 10.527 10.663 10.494 10.386 10.302 10.158 9.814 10.055 10.037 9.922 9.705 9.522 9.487 9.277 9.418 9.787 10.182 10.264 10.296 10.334 10.486 10.408 10.492 10.388 9.96 10.114 10.028 9.937 9.969 10.362 10.415 10.286 10.257 10.345 10.457 10.532 10.494 10.396 10.27 10.319 10.415 10.499
-9999 -9999 -9999 -9999 -9999 -9999 -9999 -9999 -9999 -9999 -9999 -9999 -9999 9.909 9.631 9.795 10.003 10.162 10.048 10.225 9.898 9.846 10.017 9.608 9.55 9.477 9.531 9.835 9.782 9.898 10.148 9.785 9.498 9.74 10.168 10.57 10.659 10.433 10.236 10.107 9.998 9.891 10.107 9.94 10.008 9.855 9.557 9.429 9.557 9.63 9.921 10.074 10.177 10.266 10.572 10.637 10.687 10.745 10.611 10.272 10.154 10.045 9.798 9.874 9.706 10.051 10.301 10.332 10.45 10.492 10.508 10.558 10.537 10.403 10.281 10.39 10.472
-9999 -9999 -9999 -9999 -9999 -9999 -9999 -9999 -9999 -9999 -9999 -9999 10.099 9.686 9.738 9.755 9.812 9.964 10.066 10.004 9.852 10.001 10.053 9.774 9.723 9.566 9.765 9.995 10.267 10.354 9.943 9.295 9.396 9.547 9.827 10.418 10.425 10.307 10.282 10.152 10.068 9.995 10.016 10.051 10.126 9.969 9.624 9.838 9.868 9.973 10.029 10.107 10.117 10.134 10.554 10.976 11.109 10.905 10.864 10.594 10.474 10.362 10.135 10.022 9.84 9.712 9.908 9.676 10.171 9.985 9.985 10.394 10.512 9.97 9.734 9.851 10.364
-9999 -9999 -9999 -9999 -9999 -9999 -9999 -9999 -9999 -9999 -9999 -9999 -9999 9.966 9.774 9.727 9.9 10.034 10.155 10.168 10.146 10.158 10.129 10.012 9.886 10.065 10.189 10.4 10.313 10.365 9.701 9.356 9.427 9.29 9.74 10.144 10.047 10.082 10.168 10.097 9.927 9.972 9.936 9.879 9.775 9.577 9.948 9.881 10.034 10.121 10.157 10.135 10.119 10.266 10.478 10.87 11.086 -9999 10.786 10.739 10.505 10.552 10.555 10.512 10.426 10.281 10.306 10.142 10.07 10.214 9.901 10.021 10.251 10.234 9.857 9.747 10.164
-9999 -9999 -9999 -9999 -9999 -9999 -9999 -9999 -9999 -9999 -9999 -9999 10.042 10.141 9.79 9.676 9.757 9.849 10.08 10.208 10.147 10.05 9.883 9.996 10.24 10.37 10.374 10.377 10.405 10.156 9.944 9.951 9.8 9.555 10.113 10.266 9.662 9.858 9.851 9.323 9.513 9.414 9.319 9.367 9.216 9.284 9.601 10.043 10.219 10.301 10.235 10.203 10.162 10.261 10.436 10.579 10.824 10.95 -9999 10.862 -9999 10.836 -9999 10.697 -9999 10.599 10.588 10.525 10.392 10.394 10.345 10.445 -9999 -9999 -9999 10.427 10.156
-9999 -9999 -9999 -9999 -9999 -9999 -9999 -9999 -9999 -9999 -9999 -9999 10.187 9.895 9.604 9.646 9.64 9.684 9.624 9.874 9.707 9.625 9.721 10.034 10.323 10.44 10.551 10.551 10.398 10.295 10.108 10.029 9.756 10.043 10.472 9.804 9.82 10.238 9.825 9.636 9.532 9.301 9.444 9.573 9.292 9.301 9.623 10.011 10.449 10.43 10.287 10.251 10.22 10.248 10.442 10.545 10.728 10.878 -9999 -9999 11.039 11.031 -9999 -9999 10.637 10.619 10.606 -9999 -9999 -9999 -9999 -9999 -9999 -9999 -9999 -9999 -9999
-9999 -9999 -9999 -9999 -9999 -9999 -9999 -9999 -9999 -9999 -9999 9.856 9.864 9.754 9.684 9.911 10.004 9.729 9.714 9.526 9.01 8.952 9.398 9.72 9.922 10.123 10.532 10.591 10.18 10.254 10.05 9.638 9.615 9.997 9.978 10.054 10.656 10.429 10.015 9.663 9.428 9.822 10.109 9.915 9.859 9.784 9.967 10.479 10.746 10.455 10.451 10.397 10.439 10.361 10.444 -9999 -9999 -9999 10.84 -9999 -9999 -9999 -9999 -9999 -9999 10.513 -9999 -9999 -9999 -9999 -9999 -9999 -9999 -9999 -9999 -9999 -9999
-9999 -9999 -9999 -9999 -9999 -9999 -9999 -9999 -9999 -9999 10.088 9.444 9.386 9.636 10.141 10.319 10.229 10.052 9.765 8.887 7.934 8.212 9.285 9.45 9.333 10.019 10.098 10.454 10.467 10.137 10.275 10.364 10.446 -9999 -9999 -9999 -9999 -9999 10.468 9.993 9.778 10.022 10.237 10.297 10.25 10.306 10.418 10.667 -9999 10.413 -9999 -9999 -9999 -9999 -9999 10.371 10.411 10.448 10.418 10.457 10.727 -9999 -9999 -9999 -9999 -9999 -9999 -9999 -9999 -9999 -9999 -9999 -9999 -9999 -9999 -9999 -9999
-9999 -9999 -9999 -9999 -9999 -9999 -9999 -9999 -9999 10.761 9.817 9.081 9.174 9.671 9.973 10.233 10.372 9.875 9.327 8.246 7.637 8.038 8.669 9.037 9.715 9.303 9.937 10.435 10.444 10.547 -9999 -9999 -9999 -9999 -9999 -9999 -9999 -9999 -9999 -9999 10.489 10.544 10.663 10.294 10.033 9.958 10.226 9.989 10.279 -9999 -9999 -9999 -9999 -9999 -9999 -9999 10.384 10.187 10.378 10.349 -9999 -9999 -9999 -9999 -9999 -9999 -9999 -9999 -9999 -9999 -9999 -9999 -9999 -9999 -9999 -9999 -9999
-9999 -9999 -9999 -9999 -9999 -9999 -9999 10.774 10.913 10.406 9.592 9.041 8.888 9.085 9.716 10.3 9.967 9.499 9.19 8.532 7.973 8.445 8.864 9.405 9.472 10.226 9.762 10.105 -9999 -9999 -9999 -9999 -9999 -9999 -9999 -9999 -9999 -9999 -9999 -9999 -9999 10.846 -9999 -9999 -9999 -9999 -9999 10.257 9.972 -9999 -9999 -9999 -9999 -9999 -9999 -9999 -9999 -9999 10.102 10.087 -9999 -9999 -9999 -9999 -9999 -9999 -9999 -9999 -9999 -9999 -9999 -9999 -9999 -9999 -9999 -9999 -9999
-9999 -9999 -9999 -9999 -9999 -9999 10.705 -9999 10.52 10.283 9.588 9.034 8.88 9.046 9.655 9.866 9.611 10.052 9.987 9.079 8.665 8.863 9.507 9.771 10.191 10.429 10.592 10.893 -9999 -9999 -9999 -9999 -9999 -9999 -9999 -9999 -9999 -9999 -9999 -9999 -9999 -9999 10.723 -9999 -9999 -9999 -9999 -9999 -9999 -9999 -9999 -9999 -9999 -9999 -9999 -9999 -9999 -9999 -9999 -9999 -9999 -9999 -9999 -9999 -9999 -9999 -9999 -9999 -9999 -9999 -9999 -9999 -9999 -9999 -9999 -9999 -9999
-9999 -9999 -9999 -9999 -9999 10.759 10.706 10.106 10.37 10.301 9.749 9.56 9.41 9.479 9.81 9.75 9.977 -9999 10.24 9.458 8.871 8.444 9.017 10.076 10.409 10.774 10.904 -9999 -9999 -9999 -9999 -9999 -9999 -9999 -9999 -9999 -9999 -9999 -9999 -9999 -9999 -9999 -9999 -9999 -9999 -9999 -9999 -9999 -9999 -9999 -9999 -9999 -9999 -9999 -9999 -9999 -9999 -9999 -9999 -9999 -9999 -9999 -9999 -9999 -9999 -9999 -9999 -9999 -9999 -9999 -9999 -9999 -9999 -9999 -9999 -9999 -9999
-9999 -9999 -9999 -9999 -9999 10.76 10.356 10.104 10.005 10.001 9.892 9.871 9.698 9.948 10.146 10.197 10.761 10.698 10.494 9.917 8.885 8.612 9.482 9.949 10.552 10.718 10.559 -9999 -9999 -9999 -9999 -9999 -9999 -9999 -9999 -9999 -9999 -9999 -9999 -9999 -9999 -9999 -9999 -9999 -9999 -9999 -9999 -9999 -9999 -9999 -9999 -9999 -9999 -9999 -9999 -9999 -9999 -9999 -9999 -9999 -9999 -9999 -9999 -9999 -9999 -9999 -9999 -9999 -9999 -9999 -9999 -9999 -9999 -9999 -9999 -9999 -9999
-9999 -9999 -9999 -9999 10.734 10.701 10.163 9.676 9.628 9.864 9.991 10.088 10.094 10.214 9.975 10.431 10.773 10.806 10.539 10.246 9.732 9.609 9.903 10.338 10.494 10.398 -9999 -9999 -9999 -9999 -9999 -9999 -9999 -9999 -9999 -9999 -9999 -9999 -9999 -9999 -9999 -9999 -9999 -9999 -9999 -9999 -9999 -9999 -9999 -9999 -9999 -9999 -9999 -9999 -9999 -9999 -9999 -9999 -9999 -9999 -9999 -9999 -9999 -9999 -9999 -9999 -9999 -9999 -9999 -9999 -9999 -9999 -9999 -9999 -9999 -9999 -9999
