Validation/Results/raw data/ReClimate_04_2024_2_Temperatureweatherlogisticsltd.asc
NCOLS 192
NROWS 249
XLLCENTER -225160.85627316462
YLLCENTER 29788.11610251502
CELLSIZE 5000.0
NODATA_VALUE -9999
[rows 136 to 169 of 249, columns 75 to 149 of 192]
-0.648 -9999 -9999 -9999 -9999 -9999 -9999 -9999 -9999 -9999 -0.836 -9999 -0.93 -0.984 -1.037 -1.088 -1.154 -1.221 -1.25 -1.268 -1.289 -1.304 -1.328 -1.348 -1.388 -1.429 -1.46 -1.473 -1.472 -1.472 -9999 -9999 -9999 -9999 -9999 -9999 -1.434 -1.421 -1.416 -1.408 -1.39 -1.353 -1.318 -1.284 -1.239 -1.195 -1.15 -1.105 -1.071 -1.039 -0.999 -0.959 -0.929 -0.904 -0.878 -0.855 -0.827 -0.804 -0.793 -9999 -9999 -9999 -9999 -9999 -9999 -9999 -9999 -9999 -9999 -9999 -9999 -9999 -9999 -9999 -9999
-0.65 -0.672 -9999 -9999 -9999 -9999 -9999 -9999 -9999 -9999 -0.829 -0.871 -0.929 -0.985 -1.041 -1.099 -1.155 -1.192 -1.234 -1.29 -1.315 -1.338 -1.372 -1.416 -1.456 -1.486 -1.512 -1.508 -1.508 -1.511 -9999 -9999 -9999 -9999 -1.476 -1.449 -1.438 -1.423 -1.414 -1.406 -1.381 -1.349 -1.306 -1.255 -1.212 -1.178 -1.134 -1.094 -1.061 -1.033 -0.989 -0.948 -0.917 -0.89 -0.868 -0.848 -0.824 -0.797 -0.775 -9999 -9999 -9999 -9999 -9999 -9999 -9999 -9999 -9999 -9999 -9999 -9999 -9999 -9999 -9999 -9999
-0.648 -0.67 -0.679 -9999 -9999 -9999 -9999 -9999 -9999 -9999 -0.825 -0.868 -0.929 -9999 -9999 -1.107 -1.149 -1.187 -1.251 -9999 -1.341 -1.366 -1.412 -1.46 -1.494 -1.526 -1.542 -1.535 -9999 -9999 -9999 -9999 -9999 -1.503 -1.485 -1.46 -1.444 -1.428 -1.42 -1.407 -1.379 -1.345 -1.292 -1.241 -1.203 -1.169 -1.127 -1.086 -1.055 -1.026 -0.983 -0.94 -0.909 -0.881 -0.859 -0.841 -0.817 -0.796 -0.766 -9999 -9999 -9999 -9999 -9999 -9999 -9999 -9999 -9999 -9999 -9999 -9999 -9999 -9999 -9999 -9999
-0.64 -0.655 -0.672 -9999 -9999 -9999 -9999 -9999 -9999 -9999 -9999 -0.875 -0.947 -9999 -9999 -9999 -1.167 -1.211 -1.276 -1.331 -9999 -9999 -1.448 -1.495 -1.531 -1.565 -1.58 -9999 -9999 -9999 -9999 -9999 -1.508 -1.502 -1.477 -1.448 -1.434 -1.427 -1.424 -1.42 -1.38 -1.331 -1.279 -1.228 -1.188 -1.148 -1.108 -1.074 -1.04 -1.006 -0.97 -0.93 -0.898 -0.869 -0.838 -0.815 -0.792 -0.77 -0.748 -9999 -9999 -9999 -9999 -9999 -9999 -9999 -9999 -9999 -9999 -9999 -9999 -9999 -9999 -9999 -9999
-0.639 -0.657 -9999 -9999 -9999 -9999 -9999 -9999 -9999 -9999 -9999 -9999 -0.952 -9999 -9999 -9999 -9999 -1.229 -1.293 -1.351 -9999 -9999 -9999 -1.525 -1.566 -9999 -9999 -9999 -9999 -9999 -9999 -9999 -1.529 -1.506 -1.478 -1.449 -1.44 -1.433 -1.436 -1.424 -1.374 -1.324 -1.273 -1.221 -1.179 -1.138 -1.101 -1.067 -1.03 -0.995 -0.959 -0.924 -0.891 -0.861 -0.831 -0.802 -0.778 -0.757 -0.735 -9999 -9999 -9999 -9999 -9999 -9999 -9999 -9999 -9999 -9999 -9999 -9999 -9999 -9999 -9999 -9999
-0.671 -9999 -9999 -9999 -9999 -9999 -9999 -9999 -9999 -9999 -9999 -9999 -0.941 -9999 -9999 -9999 -9999 -9999 -1.336 -1.383 -9999 -9999 -9999 -9999 -9999 -9999 -9999 -9999 -9999 -9999 -9999 -9999 -1.545 -1.516 -1.497 -1.495 -1.477 -1.438 -1.434 -1.41 -1.359 -1.305 -1.256 -1.218 -1.167 -1.106 -1.073 -1.058 -1.019 -0.98 -0.952 -0.922 -0.885 -0.852 -0.824 -0.797 -0.768 -0.744 -0.72 -0.71 -9999 -9999 -9999 -9999 -9999 -9999 -9999 -9999 -9999 -9999 -9999 -9999 -9999 -9999 -9999
-9999 -0.695 -0.69 -0.684 -0.679 -9999 -9999 -9999 -9999 -9999 -9999 -9999 -0.942 -9999 -9999 -9999 -9999 -9999 -9999 -9999 -9999 -9999 -9999 -9999 -9999 -9999 -9999 -9999 -9999 -9999 -9999 -1.59 -1.56 -1.524 -1.518 -1.514 -1.478 -1.439 -1.429 -1.403 -1.353 -1.298 -1.254 -1.215 -1.155 -1.093 -1.071 -1.054 -1.013 -0.973 -0.944 -0.918 -0.881 -0.846 -0.818 -0.792 -0.764 -0.737 -0.712 -0.691 -0.688 -9999 -9999 -9999 -9999 -9999 -9999 -9999 -9999 -9999 -9999 -9999 -9999 -9999 -9999
-0.664 -0.677 -0.673 -0.676 -0.673 -9999 -9999 -9999 -9999 -9999 -9999 -9999 -9999 -9999 -9999 -9999 -9999 -9999 -9999 -9999 -9999 -9999 -9999 -9999 -9999 -9999 -9999 -9999 -9999 -9999 -1.595 -1.588 -1.552 -1.517 -1.508 -1.508 -1.472 -1.435 -1.415 -1.367 -1.319 -1.272 -1.234 -1.211 -1.155 -1.103 -1.077 -1.048 -1.007 -0.968 -0.939 -0.914 -0.882 -0.848 -0.811 -0.779 -0.758 -0.735 -0.708 -0.685 -0.664 -9999 -9999 -9999 -9999 -9999 -9999 -9999 -9999 -9999 -9999 -9999 -9999 -9999 -9999
-0.661 -0.672 -0.674 -9999 -0.676 -0.676 -9999 -9999 -9999 -9999 -9999 -9999 -9999 -9999 -9999 -9999 -9999 -9999 -9999 -9999 -9999 -9999 -9999 -9999 -9999 -9999 -9999 -9999 -9999 -9999 -1.601 -1.586 -1.548 -1.51 -1.504 -1.502 -1.471 -1.436 -1.404 -1.352 -1.307 -1.262 -1.234 -1.212 -1.161 -1.109 -1.077 -1.047 -1.008 -0.97 -0.942 -0.918 -0.886 -0.856 -0.819 -0.782 -0.757 -0.736 -0.706 -0.681 -0.66 -0.643 -0.619 -9999 -9999 -9999 -9999 -9999 -9999 -9999 -9999 -9999 -9999 -9999 -9999
-0.667 -0.673 -0.674 -9999 -9999 -0.678 -9999 -9999 -9999 -9999 -9999 -9999 -9999 -9999 -9999 -9999 -9999 -9999 -9999 -9999 -9999 -9999 -9999 -9999 -9999 -9999 -9999 -9999 -9999 -9999 -1.606 -1.592 -1.554 -1.519 -1.512 -1.502 -1.471 -1.437 -1.407 -1.367 -1.317 -1.257 -1.23 -1.208 -1.16 -1.121 -1.086 -1.047 -1.011 -0.983 -0.949 -0.922 -0.898 -0.873 -0.839 -0.804 -0.761 -0.728 -0.701 -0.675 -0.646 -0.626 -0.604 -0.584 -0.599 -0.616 -9999 -9999 -9999 -9999 -9999 -9999 -9999 -9999 -9999
-0.67 -0.676 -0.677 -0.679 -9999 -0.688 -9999 -9999 -9999 -9999 -9999 -9999 -9999 -9999 -9999 -9999 -9999 -9999 -9999 -9999 -9999 -9999 -9999 -9999 -9999 -9999 -9999 -9999 -9999 -1.622 -1.61 -1.592 -1.559 -1.528 -1.515 -1.504 -1.473 -1.439 -1.414 -1.373 -1.314 -1.254 -1.226 -1.204 -1.163 -1.125 -1.086 -1.048 -1.018 -0.99 -0.958 -0.927 -0.903 -0.884 -0.85 -0.817 -0.775 -0.731 -0.704 -0.682 -0.652 -0.624 -0.599 -0.577 -0.554 -0.527 -0.596 -0.551 -9999 -9999 -9999 -9999 -9999 -9999 -9999
-0.65 -0.672 -0.675 -9999 -0.697 -9999 -9999 -9999 -9999 -9999 -9999 -9999 -9999 -9999 -9999 -9999 -9999 -9999 -9999 -9999 -9999 -9999 -9999 -9999 -9999 -9999 -9999 -9999 -9999 -9999 -1.629 -1.614 -1.585 -1.562 -1.539 -1.495 -1.471 -1.46 -1.433 -1.386 -1.327 -1.272 -1.238 -1.198 -1.16 -1.129 -1.086 -1.032 -1.0 -0.971 -0.944 -0.917 -0.888 -0.864 -0.843 -0.816 -0.788 -0.751 -0.718 -0.693 -0.67 -0.645 -0.606 -0.573 -0.553 -0.532 -0.521 -0.56 -0.501 -9999 -9999 -9999 -9999 -9999 -9999
-0.654 -0.679 -0.693 -0.709 -0.721 -9999 -9999 -9999 -9999 -9999 -9999 -9999 -9999 -9999 -9999 -9999 -9999 -9999 -9999 -9999 -9999 -9999 -9999 -9999 -9999 -9999 -9999 -9999 -9999 -9999 -9999 -1.622 -1.6 -1.578 -1.537 -1.493 -1.481 -1.47 -1.439 -1.387 -1.33 -1.276 -1.234 -1.194 -1.161 -1.13 -1.08 -1.028 -0.996 -0.966 -0.94 -0.917 -0.888 -0.861 -0.839 -0.821 -0.793 -0.765 -0.733 -0.704 -0.681 -0.66 -0.623 -0.583 -0.557 -0.537 -0.525 -0.518 -0.502 -0.488 -9999 -9999 -9999 -9999 -9999
-0.683 -0.694 -0.709 -0.726 -9999 -9999 -9999 -9999 -9999 -9999 -9999 -9999 -9999 -9999 -9999 -9999 -9999 -9999 -9999 -9999 -9999 -9999 -9999 -9999 -9999 -9999 -9999 -9999 -9999 -9999 -9999 -1.62 -1.598 -1.582 -1.546 -1.513 -1.496 -1.468 -1.431 -1.377 -1.326 -1.29 -1.242 -1.182 -1.145 -1.105 -1.069 -1.059 -1.022 -0.972 -0.947 -0.926 -0.896 -0.868 -0.844 -0.824 -0.789 -0.759 -0.737 -0.713 -0.689 -0.667 -0.634 -0.598 -0.568 -0.541 -0.518 -0.506 -0.491 -0.477 -0.486 -9999 -9999 -9999 -9999
-0.703 -0.715 -0.73 -0.751 -9999 -9999 -9999 -9999 -9999 -9999 -9999 -9999 -9999 -9999 -9999 -9999 -9999 -9999 -9999 -9999 -9999 -9999 -9999 -9999 -9999 -9999 -9999 -9999 -9999 -9999 -9999 -9999 -1.597 -1.583 -1.554 -1.523 -1.495 -1.462 -1.424 -1.372 -1.33 -1.295 -1.236 -1.177 -1.136 -1.097 -1.083 -1.073 -1.026 -0.977 -0.953 -0.932 -0.903 -0.875 -0.851 -0.829 -0.796 -0.763 -0.741 -0.723 -0.699 -0.677 -0.645 -0.612 -0.583 -0.554 -0.527 -0.506 -0.489 -0.479 -0.474 -9999 -9999 -9999 -9999
-9999 -9999 -9999 -9999 -9999 -9999 -9999 -9999 -9999 -9999 -9999 -9999 -9999 -9999 -9999 -9999 -9999 -9999 -9999 -9999 -9999 -9999 -9999 -9999 -9999 -9999 -9999 -9999 -9999 -9999 -9999 -9999 -1.597 -1.579 -1.553 -1.53 -1.498 -1.463 -1.43 -1.386 -1.343 -1.3 -1.245 -1.195 -1.152 -1.102 -1.085 -1.067 -1.021 -0.972 -0.953 -0.935 -0.909 -0.882 -0.855 -0.832 -0.803 -0.774 -0.745 -0.722 -0.694 -0.669 -0.652 -0.628 -0.605 -0.581 -0.561 -0.539 -0.51 -0.499 -0.488 -0.483 -9999 -9999 -9999
-9999 -9999 -9999 -9999 -9999 -9999 -9999 -9999 -9999 -9999 -9999 -9999 -9999 -9999 -9999 -9999 -9999 -9999 -9999 -9999 -9999 -9999 -9999 -9999 -9999 -9999 -9999 -9999 -9999 -9999 -9999 -9999 -9999 -1.578 -1.556 -1.526 -1.494 -1.461 -1.433 -1.393 -1.345 -1.302 -1.252 -1.203 -1.155 -1.106 -1.084 -1.066 -1.021 -0.973 -0.955 -0.939 -0.913 -0.888 -0.862 -0.838 -0.81 -0.784 -0.756 -0.729 -0.701 -0.674 -0.656 -0.641 -0.619 -0.599 -0.579 -0.561 -0.53 -0.511 -0.501 -0.492 -9999 -9999 -9999
-9999 -9999 -9999 -9999 -9999 -9999 -9999 -9999 -9999 -9999 -9999 -9999 -9999 -9999 -9999 -9999 -9999 -9999 -9999 -9999 -9999 -9999 -9999 -9999 -9999 -9999 -9999 -9999 -9999 -9999 -9999 -9999 -9999 -1.571 -9999 -1.499 -1.473 -1.461 -1.439 -9999 -1.35 -1.289 -1.242 -1.204 -1.161 -1.126 -1.096 -1.052 -1.016 -0.999 -0.956 -0.926 -0.903 -0.88 -0.867 -0.851 -0.818 -0.788 -0.758 -0.729 -0.716 -0.698 -0.681 -0.666 -0.641 -0.619 -0.585 -0.56 -0.544 -0.529 -0.512 -0.501 -0.501 -9999 -9999
-9999 -9999 -9999 -9999 -9999 -9999 -9999 -9999 -9999 -9999 -9999 -9999 -9999 -9999 -9999 -9999 -9999 -9999 -9999 -9999 -9999 -9999 -9999 -9999 -9999 -9999 -9999 -9999 -9999 -9999 -9999 -9999 -9999 -9999 -1.534 -1.486 -9999 -9999 -9999 -9999 -1.348 -1.286 -1.245 -1.207 -1.171 -1.136 -1.093 -1.049 -1.029 -1.011 -0.968 -0.926 -0.902 -0.882 -0.868 -0.859 -0.827 -0.794 -0.765 -0.734 -0.721 -0.712 -0.695 -0.681 -0.656 -0.632 -0.6 -0.566 -0.554 -0.549 -0.526 -0.509 -0.508 -0.509 -0.519
-9999 -9999 -9999 -9999 -9999 -9999 -9999 -9999 -9999 -9999 -9999 -9999 -9999 -9999 -9999 -9999 -9999 -9999 -9999 -9999 -9999 -9999 -9999 -9999 -9999 -9999 -9999 -9999 -9999 -9999 -9999 -9999 -9999 -9999 -1.535 -1.505 -9999 -9999 -9999 -9999 -1.351 -1.297 -1.252 -1.202 -1.168 -1.139 -1.101 -1.071 -1.046 -1.014 -0.975 -0.934 -0.911 -0.89 -0.864 -0.846 -0.825 -0.798 -0.77 -0.741 -0.725 -0.715 -0.696 -0.681 -0.656 -0.632 -0.605 -0.578 -0.567 -0.564 -0.546 -0.525 -0.522 -0.523 -0.524
-9999 -9999 -9999 -9999 -9999 -9999 -9999 -9999 -9999 -9999 -9999 -9999 -9999 -9999 -9999 -9999 -9999 -9999 -9999 -9999 -9999 -9999 -9999 -9999 -9999 -9999 -9999 -9999 -9999 -9999 -9999 -9999 -9999 -9999 -1.524 -9999 -9999 -9999 -9999 -1.401 -1.359 -1.307 -1.257 -1.208 -1.177 -1.148 -1.118 -1.089 -1.054 -1.02 -0.98 -0.939 -0.915 -0.894 -0.869 -0.844 -0.823 -0.803 -0.776 -0.748 -0.732 -0.72 -0.702 -0.686 -0.661 -0.637 -0.609 -0.589 -0.582 -0.579 -0.561 -0.543 -0.533 -0.531 -9999
-9999 -9999 -9999 -9999 -9999 -9999 -9999 -9999 -9999 -9999 -9999 -9999 -9999 -9999 -9999 -9999 -9999 -9999 -9999 -9999 -9999 -9999 -9999 -9999 -9999 -9999 -9999 -9999 -9999 -9999 -9999 -9999 -9999 -9999 -9999 -9999 -9999 -9999 -9999 -1.402 -1.361 -1.298 -1.252 -1.215 -1.181 -1.147 -1.121 -1.1 -1.062 -1.023 -0.985 -0.949 -0.919 -0.893 -0.867 -0.843 -0.826 -0.809 -0.789 -0.766 -0.744 -0.728 -0.713 -0.699 -0.671 -0.644 -0.61 -0.585 -0.585 -0.584 -0.577 -0.564 -0.542 -0.535 -9999
-9999 -9999 -9999 -9999 -9999 -9999 -9999 -9999 -9999 -9999 -9999 -9999 -9999 -9999 -9999 -9999 -9999 -9999 -9999 -9999 -9999 -9999 -9999 -9999 -9999 -9999 -9999 -9999 -9999 -9999 -9999 -9999 -9999 -9999 -9999 -9999 -9999 -9999 -9999 -1.403 -1.359 -1.303 -1.263 -1.226 -1.19 -1.153 -1.128 -1.106 -1.067 -1.03 -0.994 -0.96 -0.93 -0.902 -0.874 -0.848 -0.829 -0.815 -0.795 -0.776 -0.754 -0.734 -0.719 -0.706 -0.679 -0.651 -0.621 -0.593 -0.593 -0.595 -0.588 -0.581 -0.559 -0.541 -9999
-9999 -9999 -9999 -9999 -9999 -9999 -9999 -9999 -9999 -9999 -9999 -9999 -9999 -9999 -9999 -9999 -9999 -9999 -9999 -9999 -9999 -9999 -9999 -9999 -9999 -9999 -9999 -9999 -9999 -9999 -9999 -9999 -9999 -9999 -9999 -9999 -9999 -9999 -1.427 -1.397 -1.362 -1.32 -1.279 -1.234 -1.199 -1.178 -1.145 -1.103 -1.066 -1.032 -0.999 -0.966 -0.928 -0.894 -0.887 -0.873 -0.846 -0.824 -0.808 -0.793 -0.778 -0.762 -0.729 -0.706 -0.682 -0.659 -0.64 -0.62 -0.608 -0.604 -0.592 -0.582 -0.579 -0.557 -0.547
-9999 -9999 -9999 -9999 -9999 -9999 -9999 -9999 -9999 -9999 -9999 -9999 -9999 -9999 -9999 -9999 -9999 -9999 -9999 -9999 -9999 -9999 -9999 -9999 -9999 -9999 -9999 -9999 -9999 -9999 -9999 -9999 -9999 -9999 -9999 -9999 -9999 -9999 -1.427 -1.396 -1.368 -1.329 -1.288 -1.24 -1.214 -1.191 -1.148 -1.107 -1.072 -1.039 -1.006 -0.974 -0.937 -0.899 -0.891 -0.89 -0.863 -0.837 -0.817 -0.802 -0.787 -0.774 -0.742 -0.708 -0.686 -0.668 -0.652 -0.638 -0.627 -0.616 -0.604 -0.591 -0.587 -0.585 -0.56
-9999 -9999 -9999 -9999 -9999 -9999 -9999 -9999 -9999 -9999 -9999 -9999 -9999 -9999 -9999 -9999 -9999 -9999 -9999 -9999 -9999 -9999 -9999 -9999 -9999 -9999 -9999 -9999 -9999 -9999 -9999 -9999 -9999 -9999 -9999 -9999 -9999 -1.439 -1.41 -1.379 -1.358 -1.341 -1.305 -1.262 -1.231 -1.194 -1.152 -1.113 -1.077 -1.038 -1.006 -0.974 -0.955 -0.93 -0.905 -0.893 -0.86 -0.83 -0.825 -0.815 -0.79 -0.773 -0.75 -0.723 -0.697 -0.678 -0.671 -0.661 -0.64 -0.624 -0.619 -0.611 -0.604 -0.6 -0.589
-9999 -9999 -9999 -9999 -9999 -9999 -9999 -9999 -9999 -9999 -9999 -9999 -9999 -9999 -9999 -9999 -9999 -9999 -9999 -9999 -9999 -9999 -9999 -9999 -9999 -9999 -9999 -9999 -9999 -9999 -9999 -9999 -9999 -9999 -9999 -9999 -9999 -1.432 -1.404 -1.374 -1.358 -1.343 -1.312 -1.276 -1.236 -1.2 -1.16 -1.121 -1.083 -1.045 -1.013 -0.981 -0.962 -0.948 -0.924 -0.902 -0.87 -0.835 -0.829 -0.829 -0.802 -0.776 -0.751 -0.734 -0.711 -0.689 -0.682 -0.677 -0.656 -0.634 -0.629 -0.625 -0.618 -0.612 -0.601
-9999 -9999 -9999 -9999 -9999 -9999 -9999 -9999 -9999 -9999 -9999 -9999 -9999 -9999 -9999 -9999 -9999 -9999 -9999 -9999 -9999 -9999 -9999 -9999 -9999 -9999 -9999 -9999 -9999 -9999 -9999 -9999 -9999 -9999 -9999 -9999 -9999 -1.421 -1.399 -1.38 -1.36 -1.334 -1.306 -1.267 -1.227 -1.188 -1.155 -1.142 -1.104 -1.063 -1.023 -0.986 -0.959 -0.94 -0.925 -0.908 -0.885 -0.856 -0.841 -0.835 -0.813 -0.789 -0.757 -0.735 -0.716 -0.695 -0.685 -0.678 -0.664 -0.645 -0.628 -0.618 -0.613 -0.607 -0.6
-9999 -9999 -9999 -9999 -9999 -9999 -9999 -9999 -9999 -9999 -9999 -9999 -9999 -9999 -9999 -9999 -9999 -9999 -9999 -9999 -9999 -9999 -9999 -9999 -9999 -9999 -9999 -9999 -9999 -9999 -9999 -9999 -9999 -9999 -9999 -9999 -9999 -9999 -1.399 -1.38 -1.355 -1.329 -1.301 -1.264 -1.229 -1.19 -1.171 -1.157 -1.117 -1.078 -1.039 -0.997 -0.97 -0.946 -0.93 -0.918 -0.894 -0.871 -0.856 -0.844 -0.822 -0.804 -0.775 -0.746 -0.724 -0.704 -0.694 -0.686 -0.67 -0.655 -0.638 -9999 -0.616 -9999 -0.602
-9999 -9999 -9999 -9999 -9999 -9999 -9999 -9999 -9999 -9999 -9999 -9999 -9999 -9999 -9999 -9999 -9999 -9999 -9999 -9999 -9999 -9999 -9999 -9999 -9999 -9999 -9999 -9999 -9999 -9999 -9999 -9999 -9999 -9999 -9999 -9999 -9999 -1.411 -1.395 -1.364 -1.337 -1.308 -1.285 -1.27 -1.236 -1.191 -1.165 -1.135 -1.103 -1.089 -1.051 -1.015 -0.997 -0.978 -0.947 -0.926 -0.914 -0.898 -0.873 -0.854 -0.827 -0.806 -0.794 -0.774 -0.745 -0.722 -0.705 -0.693 -0.685 -0.674 -0.663 -0.648 -0.625 -0.609 -9999
-9999 -9999 -9999 -9999 -9999 -9999 -9999 -9999 -9999 -9999 -9999 -9999 -9999 -9999 -9999 -9999 -9999 -9999 -9999 -9999 -9999 -9999 -9999 -9999 -9999 -9999 -9999 -9999 -9999 -9999 -9999 -9999 -9999 -9999 -9999 -9999 -9999 -1.407 -1.383 -1.354 -1.328 -1.299 -1.286 -1.272 -1.237 -1.196 -1.166 -1.135 -1.116 -1.101 -1.066 -1.03 -1.011 -0.997 -0.967 -0.936 -0.923 -0.913 -0.889 -0.867 -0.843 -0.819 -0.806 -0.796 -0.766 -0.736 -0.718 -0.701 -0.693 -0.686 -0.675 -0.664 -0.641 -0.616 -0.604
-9999 -9999 -9999 -9999 -9999 -9999 -9999 -9999 -9999 -9999 -9999 -9999 -9999 -9999 -9999 -9999 -9999 -9999 -9999 -9999 -9999 -9999 -9999 -9999 -9999 -9999 -9999 -9999 -9999 -9999 -9999 -9999 -9999 -9999 -9999 -9999 -1.408 -1.391 -1.369 -1.354 -1.332 -1.311 -1.295 -1.272 -1.244 -1.22 -1.197 -1.173 -1.149 -1.116 -1.081 -1.046 -1.02 -1.0 -0.979 -0.954 -0.932 -0.919 -0.895 -0.874 -0.856 -0.836 -0.822 -0.811 -0.783 -0.752 -0.73 -0.713 -0.706 -0.699 -0.688 -0.677 -0.656 -0.632 -0.619
-9999 -9999 -9999 -9999 -9999 -9999 -9999 -9999 -9999 -9999 -9999 -9999 -9999 -9999 -9999 -9999 -9999 -9999 -9999 -9999 -9999 -9999 -9999 -9999 -9999 -9999 -9999 -9999 -9999 -9999 -9999 -9999 -9999 -9999 -9999 -9999 -1.389 -1.38 -1.365 -1.351 -1.333 -1.313 -1.292 -1.272 -1.252 -1.233 -1.215 -1.195 -1.164 -1.131 -1.095 -1.06 -1.034 -1.009 -0.986 -0.967 -0.947 -0.931 -0.908 -0.887 -0.869 -0.853 -0.838 -0.826 -0.799 -0.769 -0.742 -0.722 -0.715 -0.709 -0.698 -0.688 -0.667 -0.644 -0.631
-9999 -9999 -9999 -9999 -9999 -9999 -9999 -9999 -9999 -9999 -9999 -9999 -9999 -9999 -9999 -9999 -9999 -9999 -9999 -9999 -9999 -9999 -9999 -9999 -9999 -9999 -9999 -9999 -9999 -9999 -9999 -9999 -9999 -9999 -9999 -9999 -9999 -1.36 -1.345 -1.334 -1.315 -1.29 -1.27 -1.253 -1.238 -1.232 -1.215 -1.192 -1.161 -1.123 -1.088 -1.06 -1.041 -1.021 -0.99 -0.967 -0.954 -0.942 -0.923 -0.903 -0.885 -0.868 -0.853 -0.84 -0.814 -0.786 -0.758 -0.731 -0.723 -0.717 -0.702 -0.689 -0.669 -0.646 -0.635
