Validation/Results/raw data/ReClimate_05_2024_2_Temperature.asc
NCOLS 192
NROWS 249
XLLCENTER -225160.85627316462
YLLCENTER 29788.11610251502
CELLSIZE 5000.0
NODATA_VALUE -9999
[rows 170 to 203 of 249, columns 77 to 153 of 192]
-9999 -9999 -9999 -9999 -9999 -9999 -9999 -9999 -9999 -9999 -9999 -9999 -9999 -9999 -9999 -0.153 -0.14 -9999 -9999 -9999 -9999 -9999 -9999 -9999 -9999 -9999 -9999 -9999 -9999 -9999 -9999 -9999 -9999 -9999 0.04 0.041 0.052 0.064 0.068 0.072 0.074 0.075 0.08 0.086 0.089 0.092 0.094 0.097 0.09 0.082 0.084 0.087 0.088 0.09 0.091 0.092 0.104 0.12 0.115 0.109 0.105 0.101 0.11 0.124 0.132 0.144 0.143 0.141 0.14 0.14 0.144 0.151 0.158 0.168 0.174 0.181 0.178
-9999 -9999 -9999 -9999 -9999 -9999 -9999 -9999 -9999 -9999 -9999 -9999 -9999 -9999 -9999 -0.164 -0.152 -0.134 -9999 -9999 -9999 -9999 -9999 -9999 -9999 -9999 -9999 -9999 -9999 -9999 -9999 -9999 -9999 0.04 0.041 0.044 0.055 0.069 0.071 0.067 0.071 0.077 0.086 0.103 0.105 0.099 0.096 0.087 0.081 0.081 0.078 0.078 0.081 0.083 0.079 0.077 0.094 0.112 0.112 0.109 0.102 0.097 0.101 0.111 0.12 0.13 0.133 0.132 0.141 0.147 0.146 0.149 0.152 0.16 0.167 0.175 0.185
-9999 -9999 -9999 -9999 -9999 -9999 -9999 -9999 -9999 -9999 -9999 -9999 -9999 -9999 -0.173 -0.164 -0.149 -0.133 -0.113 -9999 -9999 -9999 -9999 -9999 -9999 -9999 -9999 -9999 -9999 -9999 0.011 -9999 -9999 0.039 0.044 0.046 0.058 0.071 -9999 0.066 0.072 0.079 0.093 0.11 0.108 0.103 0.094 0.085 0.083 0.082 0.078 0.075 0.078 0.081 0.077 0.073 0.088 0.108 0.108 0.11 0.105 0.098 0.103 0.11 0.117 0.127 0.13 0.133 0.141 0.152 0.151 0.151 0.155 0.16 0.167 0.178 0.188
-9999 -9999 -9999 -9999 -9999 -9999 -9999 -9999 -9999 -9999 -9999 -9999 -9999 -9999 -0.166 -0.165 -0.148 -0.129 -0.116 -0.112 -0.103 -9999 -9999 -9999 -0.024 -0.013 -9999 -0.008 -0.005 0.007 0.018 0.027 -9999 -9999 0.059 0.063 -9999 -9999 0.069 0.075 0.079 0.08 0.093 0.105 0.099 0.083 0.079 0.085 0.094 0.1 0.085 0.074 0.082 0.089 0.093 0.094 0.092 0.102 0.095 0.092 0.1 0.102 0.099 0.101 0.118 0.134 0.129 0.127 0.137 0.149 0.153 0.156 0.158 0.162 0.174 0.187 0.19
-9999 -9999 -9999 -9999 -9999 -9999 -9999 -9999 -9999 -9999 -9999 -9999 -9999 -9999 -9999 -0.161 -0.143 -0.124 -0.121 -0.119 -9999 -9999 -0.066 -0.046 -0.034 -0.015 -0.012 -0.009 0.002 0.01 0.019 0.028 0.042 -9999 0.065 0.07 0.069 0.067 0.073 0.079 0.08 0.081 0.092 0.103 0.092 0.076 0.081 0.087 0.096 0.108 0.094 0.077 0.083 0.092 0.096 0.102 0.1 0.1 0.095 0.089 0.096 0.105 0.103 0.1 0.117 0.139 0.134 0.128 0.138 0.151 0.155 0.161 0.164 0.167 0.18 0.195 0.199
-9999 -9999 -9999 -9999 -9999 -9999 -9999 -9999 -9999 -9999 -9999 -9999 -9999 -9999 -9999 -0.158 -0.144 -0.133 -0.131 -0.13 -0.118 -0.099 -0.079 -0.055 -0.043 -0.033 -0.026 -0.009 -0.0 0.008 0.019 0.031 0.042 0.046 0.052 0.06 0.061 0.067 0.069 0.067 0.071 0.082 0.088 0.09 0.083 0.082 0.082 0.072 0.08 0.088 0.084 0.072 0.073 0.079 0.084 0.09 0.093 0.095 0.091 0.085 0.091 0.099 0.106 0.109 0.117 0.134 0.135 0.132 0.137 0.147 0.152 0.157 0.153 0.153 0.174 0.195 0.199
-9999 -9999 -9999 -9999 -9999 -9999 -9999 -9999 -9999 -9999 -9999 -9999 -9999 -9999 -9999 -9999 -0.145 -0.134 -0.132 -0.132 -0.116 -0.097 -0.078 -0.055 -0.048 -0.04 -0.026 -0.01 -0.001 0.008 0.02 0.033 0.038 0.041 0.049 0.056 0.062 0.068 0.066 0.063 0.072 0.082 0.084 0.085 0.086 0.084 0.076 0.067 0.074 0.083 0.078 0.073 0.074 0.076 0.081 0.089 0.092 0.097 0.093 0.087 0.092 0.099 0.105 0.114 0.123 0.135 0.135 0.136 0.142 0.15 0.154 0.16 0.157 0.155 0.176 0.203 0.207
-9999 -9999 -9999 -9999 -9999 -9999 -9999 -9999 -9999 -9999 -9999 -9999 -9999 -9999 -9999 -9999 -9999 -9999 -0.129 -0.124 -0.114 -0.113 -0.095 -0.072 -0.065 -0.05 -0.038 -0.026 -0.013 0.008 0.019 0.03 0.037 0.046 0.055 0.064 0.066 0.059 0.059 0.066 0.072 0.075 0.078 0.083 0.085 0.089 0.084 0.081 0.085 0.082 0.084 0.083 0.086 0.091 0.087 0.09 0.087 0.087 0.093 0.093 0.094 0.098 0.098 0.102 0.115 0.128 0.141 0.15 0.146 0.146 0.154 0.162 0.167 0.169 0.182 0.202 0.212
-9999 -9999 -9999 -9999 -9999 -9999 -9999 -9999 -9999 -9999 -9999 -9999 -9999 -9999 -9999 -9999 -9999 -0.129 -0.123 -0.118 -0.117 -0.116 -0.098 -0.078 -0.066 -0.053 -0.042 -0.03 -0.012 0.008 0.019 0.03 0.039 0.048 0.058 0.068 0.063 0.056 0.061 0.068 0.07 0.073 0.078 0.083 0.087 0.092 0.09 0.088 0.085 0.082 0.085 0.088 0.092 0.099 0.097 0.095 0.092 0.089 0.094 0.101 0.102 0.104 0.104 0.104 0.115 0.131 0.144 0.161 0.158 0.152 0.16 0.17 0.176 0.183 0.195 0.21 0.219
-9999 -9999 -9999 -9999 -9999 -9999 -9999 -9999 -9999 -9999 -9999 -9999 -9999 -9999 -9999 -9999 -0.137 -0.143 -0.14 -0.14 -0.136 -0.122 -0.105 -0.083 -0.069 -0.048 -0.039 -0.031 -0.014 0.004 0.017 0.036 0.045 0.051 0.057 0.056 0.055 0.06 0.064 0.065 0.067 0.068 0.075 0.087 0.087 0.079 0.079 0.083 0.081 0.081 0.082 0.084 0.088 0.094 0.092 0.09 0.09 0.088 0.09 0.094 0.099 0.103 0.113 0.121 0.123 0.133 0.138 0.149 0.165 0.172 0.164 0.165 0.175 0.184 0.202 0.221 0.232
-9999 -9999 -9999 -9999 -9999 -9999 -9999 -9999 -9999 -9999 -9999 -9999 -9999 -9999 -9999 -0.148 -0.149 -0.146 -0.146 -0.146 -0.135 -0.122 -0.104 -0.081 -0.063 -0.044 -0.037 -0.03 -0.014 0.003 0.02 0.039 0.046 0.053 0.053 0.051 0.057 0.062 0.063 0.064 0.066 0.068 0.077 0.089 0.083 0.074 0.078 0.083 0.083 0.082 0.084 0.086 0.09 0.097 0.095 0.092 0.093 0.093 0.095 0.097 0.101 0.108 0.118 0.132 0.136 0.141 0.145 0.152 0.168 0.187 0.18 0.171 0.181 0.193 0.21 0.231 0.241
-9999 -9999 -9999 -9999 -9999 -9999 -9999 -9999 -9999 -9999 -9999 -9999 -9999 -0.162 -0.156 -0.151 -0.147 -0.141 -0.138 -0.136 -0.122 -0.107 -0.092 -0.085 -0.071 -0.057 -0.047 -0.028 -0.016 -0.01 0.006 0.024 0.027 0.025 0.027 0.036 0.041 0.046 0.05 0.061 0.063 0.068 0.077 0.088 0.082 0.076 0.079 0.081 0.08 0.078 0.076 0.077 0.083 0.09 0.091 0.09 0.095 0.099 0.09 0.087 0.101 0.113 0.121 0.133 0.138 0.144 0.147 0.152 0.161 0.176 0.183 0.183 0.198 0.213 0.224 0.241 -9999
-9999 -9999 -9999 -9999 -9999 -9999 -9999 -9999 -9999 -9999 -9999 -9999 -0.161 -0.161 -0.156 -0.147 -9999 -9999 -9999 -9999 -0.118 -0.096 -0.09 -0.084 -0.072 -0.059 -0.044 -0.025 -0.02 -0.014 0.002 0.019 0.018 0.015 0.023 0.031 0.035 0.04 0.049 0.06 0.064 0.069 0.078 0.089 0.084 0.078 0.08 0.082 0.08 0.079 0.078 0.077 0.084 0.092 0.092 0.093 0.098 0.105 0.098 0.088 0.103 0.121 0.129 0.139 0.145 0.152 0.155 0.159 0.168 0.18 0.187 0.197 0.212 0.229 0.239 0.25 0.259
-9999 -9999 -9999 -9999 -9999 -9999 -9999 -9999 -9999 -9999 -9999 -9999 -0.163 -0.159 -0.151 -9999 -9999 -9999 -9999 -9999 -0.117 -0.107 -0.096 -0.073 -0.062 -0.052 -0.039 -0.03 -0.024 -0.016 -0.002 0.011 0.01 0.009 0.016 0.024 0.032 0.047 0.06 0.083 0.082 0.067 0.077 0.089 0.084 0.077 0.075 0.068 0.066 0.064 0.072 0.077 0.084 0.091 0.097 0.102 0.098 0.1 0.107 0.107 0.11 0.121 0.137 0.152 0.147 0.147 0.155 0.162 0.173 0.186 0.201 0.214 0.224 0.237 0.244 0.253 0.263
-9999 -9999 -9999 -9999 -9999 -9999 -9999 -9999 -9999 -9999 -9999 -9999 -9999 -9999 -0.147 -9999 -9999 -9999 -9999 -9999 -0.121 -0.109 -0.089 -0.067 -0.057 -0.046 -0.038 -0.029 -0.021 -0.013 -0.002 0.011 0.011 0.01 0.017 0.024 0.036 0.051 0.07 0.093 0.082 0.068 0.079 0.09 0.085 0.078 0.072 0.065 0.063 0.062 0.07 0.081 0.087 0.095 0.101 0.109 0.106 0.103 0.11 0.119 0.122 0.127 0.143 0.163 0.159 0.154 0.162 0.172 0.184 0.198 0.213 0.23 0.239 0.248 0.255 0.262 0.272
-9999 -9999 -9999 -9999 -9999 -9999 -9999 -9999 -9999 -9999 -9999 -9999 -9999 -9999 -9999 -9999 -9999 -9999 -9999 -9999 -0.119 -0.117 -0.097 -0.073 -0.066 -0.06 -0.052 -0.04 -0.031 -0.015 -0.006 0.001 0.002 0.005 0.015 0.032 0.043 0.054 0.07 0.082 0.076 0.078 0.082 0.077 0.073 0.069 0.065 0.066 0.064 0.063 0.069 0.079 0.085 0.092 0.103 0.114 0.115 0.115 0.116 0.123 0.134 0.143 0.144 0.155 0.166 0.169 0.179 0.191 0.193 0.202 0.218 0.234 0.243 0.251 0.257 0.264 0.271
-9999 -9999 -9999 -9999 -9999 -9999 -9999 -9999 -9999 -9999 -9999 -9999 -9999 -9999 -9999 -9999 -9999 -9999 -9999 -9999 -9999 -0.113 -0.093 -0.07 -0.065 -0.061 -0.051 -0.04 -0.027 -0.012 -0.006 -0.0 0.003 0.006 0.021 0.038 0.047 0.058 0.068 0.08 0.082 0.084 0.081 0.075 0.072 0.068 0.068 0.068 0.067 0.067 0.074 0.082 0.089 0.095 0.106 0.12 0.121 0.124 0.127 0.131 0.142 0.156 0.158 0.16 0.171 0.183 0.194 0.207 0.21 0.213 0.228 0.244 0.252 0.26 0.266 0.273 0.28
-9999 -9999 -9999 -9999 -9999 -9999 -9999 -9999 -9999 -9999 -9999 -9999 -9999 -9999 -9999 -9999 -9999 -9999 -9999 -9999 -0.097 -0.098 -0.083 -0.075 -0.069 -0.055 -0.042 -0.022 -0.013 -0.009 -0.004 0.001 0.004 0.008 0.021 0.034 0.04 0.041 0.051 0.064 0.068 0.077 0.074 0.073 0.073 0.079 0.076 0.068 0.071 0.074 0.088 0.101 0.105 0.112 0.108 0.113 0.124 0.132 0.128 0.128 0.139 0.153 0.161 0.167 0.168 0.175 0.195 0.213 0.223 0.231 0.237 0.248 0.251 0.257 0.264 0.271 0.279
-9999 -9999 -9999 -9999 -9999 -9999 -9999 -9999 -9999 -9999 -9999 -9999 -9999 -9999 -9999 -9999 -9999 -9999 -9999 -9999 -0.088 -0.086 -0.079 -0.073 -0.061 -0.049 -0.031 -0.011 -0.007 -0.004 0.0 0.005 0.008 0.011 0.022 0.035 0.037 0.038 0.049 0.061 0.069 0.077 0.077 0.076 0.081 0.087 0.079 0.071 0.074 0.08 0.094 0.111 0.116 0.122 0.12 0.117 0.128 0.141 0.138 0.134 0.145 0.159 0.167 0.177 0.179 0.181 0.2 0.223 0.234 0.245 0.252 0.257 0.26 0.265 0.271 0.278 0.286
-9999 -9999 -9999 -9999 -9999 -9999 -9999 -9999 -9999 -9999 -9999 -9999 -9999 -9999 -9999 -9999 -9999 -9999 -9999 -9999 -0.082 -0.08 -0.072 -0.061 -0.05 -0.038 -0.022 -0.005 -0.008 -0.023 -0.017 -0.001 0.005 0.017 0.025 0.03 0.032 0.038 0.047 0.056 0.065 0.078 0.077 0.072 0.075 0.077 0.072 0.071 0.079 0.088 0.096 0.11 0.113 0.118 0.131 0.137 0.136 0.142 0.15 0.153 0.162 0.174 0.176 0.181 0.183 0.184 0.201 0.221 0.237 0.25 0.255 0.258 0.266 0.273 0.284 0.294 0.295
-9999 -9999 -9999 -9999 -9999 -9999 -9999 -9999 -9999 -9999 -9999 -9999 -9999 -9999 -9999 -9999 -9999 -9999 -9999 -9999 -9999 -0.073 -0.063 -0.053 -0.042 -0.03 -0.016 -0.0 -0.012 -0.027 -0.015 0.0 0.011 0.023 0.026 0.031 0.036 0.041 0.049 0.057 0.069 0.081 0.078 0.073 0.075 0.077 0.076 0.076 0.084 0.095 0.103 0.114 0.118 0.123 0.136 0.15 0.15 0.148 0.157 0.167 0.176 0.186 0.188 0.19 0.191 0.193 0.21 0.23 0.245 0.26 0.264 0.267 0.274 0.283 0.294 0.308 0.309
-9999 -9999 -9999 -9999 -9999 -9999 -9999 -9999 -9999 -9999 -9999 -9999 -9999 -9999 -9999 -9999 -9999 -9999 -9999 -9999 -9999 -0.083 -0.073 -0.055 -0.046 -0.035 -0.024 -0.013 -0.015 -0.001 0.008 0.008 0.017 0.026 0.031 0.037 0.041 0.043 0.049 0.055 0.065 0.078 0.076 0.077 0.078 0.079 0.077 0.072 0.073 0.079 0.083 0.09 0.104 0.114 0.125 0.138 0.144 0.147 0.156 0.166 0.173 0.182 0.187 0.19 0.2 0.207 0.221 0.239 0.243 0.25 0.27 0.283 0.287 0.295 0.302 0.313 0.322
-9999 -9999 -9999 -9999 -9999 -9999 -9999 -9999 -9999 -9999 -9999 -9999 -9999 -9999 -9999 -9999 -9999 -9999 -9999 -9999 -0.073 -0.082 -0.068 -0.052 -0.044 -0.033 -0.024 -0.014 -0.002 0.013 0.014 0.015 0.022 0.031 0.037 0.043 0.045 0.047 0.052 0.057 0.067 0.079 0.081 0.082 0.082 0.083 0.079 0.074 0.076 0.079 0.083 0.088 0.101 0.117 0.127 0.139 0.145 0.152 0.161 0.172 0.179 0.187 0.192 0.197 0.207 0.22 0.234 0.25 0.254 0.255 0.273 0.296 0.301 0.306 0.313 0.322 0.33
-9999 -9999 -9999 -9999 -9999 -9999 -9999 -9999 -9999 -9999 -9999 -9999 -9999 -9999 -9999 -9999 -9999 -9999 -9999 -9999 -0.08 -0.082 -0.072 -0.065 -0.054 -0.031 -0.018 0.004 0.011 0.007 0.008 0.01 0.018 0.032 0.036 0.036 0.04 0.051 0.056 0.063 0.072 0.081 0.08 0.075 0.073 0.067 0.066 0.074 0.077 0.083 0.087 0.091 0.102 0.115 0.126 0.138 0.147 0.156 0.162 0.171 0.176 0.183 0.192 0.2 0.209 0.22 0.231 0.245 0.264 0.272 0.285 0.304 0.301 0.302 0.311 0.319 0.331
-9999 -9999 -9999 -9999 -9999 -9999 -9999 -9999 -9999 -9999 -9999 -9999 -9999 -9999 -9999 -9999 -9999 -9999 -9999 -9999 -0.079 -0.077 -0.072 -0.065 -0.048 -0.027 -0.008 0.014 0.012 0.008 0.01 0.012 0.024 0.037 0.037 0.037 0.046 0.056 0.062 0.068 0.075 0.084 0.081 0.075 0.07 0.065 0.069 0.078 0.084 0.09 0.094 0.098 0.108 0.121 0.131 0.143 0.152 0.163 0.169 0.177 0.182 0.188 0.197 0.208 0.217 0.227 0.238 0.251 0.268 0.286 0.298 0.313 0.311 0.307 0.315 0.324 0.334
-9999 -9999 -9999 -9999 -9999 -9999 -9999 -9999 -9999 -9999 -9999 -9999 -9999 -9999 -9999 -9999 -9999 -9999 -9999 -0.075 -0.073 -0.069 -0.066 -0.066 -0.051 -0.033 -0.019 -0.007 -0.004 0.01 0.014 0.019 0.028 0.031 0.035 0.045 0.054 0.062 0.065 0.063 0.069 0.074 0.072 0.073 0.068 0.064 0.066 0.066 0.074 0.089 0.103 0.113 0.115 0.123 0.13 0.139 0.154 0.169 0.161 0.16 0.178 0.191 0.198 0.207 0.225 0.241 0.249 0.26 0.279 0.297 0.296 0.303 0.305 0.304 0.317 0.328 0.323
-9999 -9999 -9999 -9999 -9999 -9999 -9999 -9999 -9999 -9999 -9999 -9999 -9999 -9999 -9999 -9999 -9999 -9999 -0.079 -0.073 -0.067 -0.061 -0.061 -0.061 -0.047 -0.03 -0.021 -0.011 0.001 0.015 0.02 0.027 0.03 0.033 0.043 0.052 0.06 0.068 0.066 0.064 0.068 0.074 0.074 0.075 0.072 0.068 0.067 0.066 0.079 0.095 0.107 0.123 0.126 0.13 0.137 0.144 0.158 0.177 0.17 0.161 0.178 0.198 0.205 0.214 0.231 0.252 0.261 0.269 0.287 0.307 0.307 0.305 0.306 0.307 0.319 0.334 0.329
-9999 -9999 -9999 -9999 -9999 -9999 -9999 -9999 -9999 -9999 -9999 -9999 -9999 -9999 -9999 -9999 -0.095 -0.086 -0.081 -0.08 -0.074 -0.064 -0.062 -0.057 -0.044 -0.027 -0.018 -0.007 -0.001 -0.005 0.004 0.027 0.03 0.035 0.041 0.045 0.051 0.059 0.062 0.076 0.077 0.072 0.073 0.074 0.073 0.079 0.077 0.073 0.087 0.106 0.122 0.14 0.134 0.132 0.136 0.142 0.152 0.167 0.175 0.175 0.187 0.204 0.213 0.223 0.237 0.256 0.269 0.279 0.293 0.311 0.308 0.303 0.304 0.304 0.316 0.331 0.322
-9999 -9999 -9999 -9999 -9999 -9999 -9999 -9999 -9999 -9999 -9999 -9999 -9999 -9999 -9999 -0.1 -0.093 -0.092 -0.086 -0.077 -0.069 -0.06 -0.055 -0.05 -0.037 -0.021 -0.011 -0.001 -0.004 -0.009 0.009 0.031 0.035 0.038 0.041 0.045 0.051 0.059 0.07 0.084 0.08 0.075 0.076 0.077 0.081 0.087 0.084 0.081 0.097 0.116 0.132 0.151 0.147 0.139 0.144 0.148 0.157 0.17 0.177 0.186 0.198 0.212 0.221 0.232 0.246 0.264 0.276 0.288 0.301 0.317 0.314 0.306 0.306 0.307 0.318 0.333 0.323
-9999 -9999 -9999 -9999 -9999 -9999 -9999 -9999 -9999 -9999 -9999 -9999 -0.128 -0.131 -0.122 -0.104 -0.101 -0.094 -0.09 -0.091 -0.083 -0.074 -0.065 -0.044 -0.034 -0.028 -0.018 -0.002 -0.003 0.0 0.014 0.023 0.028 0.038 0.041 0.045 0.05 0.054 0.066 0.081 0.077 0.075 0.073 0.064 0.072 0.091 0.091 0.094 0.097 0.108 0.114 0.126 0.135 0.135 0.147 0.156 0.16 0.168 0.176 0.184 0.192 0.203 0.221 0.236 0.242 0.254 0.278 0.296 0.298 0.306 0.319 0.321 0.321 0.322 0.32 0.326 0.33
-9999 -9999 -9999 -9999 -9999 -9999 -9999 -9999 -9999 -9999 -0.14 -0.135 -0.132 -0.128 -0.115 -0.1 -0.094 -0.089 -0.089 -0.09 -0.083 -0.074 -0.056 -0.036 -0.031 -0.025 -0.013 0.002 0.005 0.008 0.015 0.024 0.032 0.041 0.044 0.048 0.052 0.056 0.068 0.082 0.081 0.079 0.072 0.064 0.08 0.098 0.101 0.104 0.107 0.11 0.116 0.122 0.13 0.138 0.15 0.163 0.168 0.173 0.181 0.19 0.198 0.207 0.223 0.244 0.25 0.255 0.276 0.302 0.303 0.304 0.317 0.329 0.329 0.33 0.327 0.324 0.327
-9999 -9999 -9999 -9999 -9999 -9999 -0.163 -0.149 -0.145 -0.142 -0.139 -0.149 -0.142 -0.125 -0.113 -0.095 -0.094 -0.101 -0.096 -0.077 -0.071 -0.067 -0.052 -0.037 -0.032 -0.022 -0.013 -0.008 -0.005 0.005 0.013 0.024 0.03 0.035 0.038 0.042 0.045 0.05 0.061 0.074 0.075 0.081 0.076 0.075 0.088 0.097 0.1 0.107 0.115 0.122 0.123 0.127 0.13 0.134 0.155 0.174 0.186 0.197 0.196 0.201 0.209 0.219 0.234 0.253 0.256 0.259 0.271 0.29 0.3 0.306 0.311 0.319 0.319 0.318 0.325 0.328 0.327
-9999 -9999 -9999 -9999 -9999 -0.169 -0.157 -0.147 -0.143 -0.142 -0.145 -0.147 -0.133 -0.117 -0.104 -0.088 -0.093 -0.101 -0.085 -0.066 -0.063 -0.059 -0.047 -0.032 -0.025 -0.016 -0.012 -0.008 -0.001 0.008 0.017 0.029 0.032 0.036 0.04 0.043 0.047 0.052 0.062 0.074 0.079 0.086 0.085 0.085 0.092 0.101 0.106 0.112 0.12 0.13 0.132 0.133 0.136 0.137 0.157 0.181 0.194 0.209 0.209 0.208 0.217 0.228 0.243 0.261 0.263 0.264 0.275 0.288 0.296 0.306 0.311 0.314 0.313 0.313 0.32 0.329 0.328
-9999 -9999 -9999 -9999 -0.177 -0.177 -0.167 -0.155 -0.155 -0.156 -0.153 -0.135 -0.127 -0.13 -0.116 -0.096 -0.101 -0.102 -0.089 -0.078 -0.071 -0.056 -0.047 -0.039 -0.035 -0.032 -0.023 -0.001 0.007 0.019 0.024 0.024 0.028 0.036 0.039 0.044 0.048 0.054 0.063 0.072 0.078 0.086 0.089 0.099 0.103 0.1 0.105 0.113 0.12 0.132 0.138 0.141 0.146 0.149 0.161 0.181 0.188 0.2 0.207 0.211 0.221 0.231 0.234 0.242 0.263 0.275 0.282 0.291 0.285 0.285 0.29 0.292 0.301 0.307 0.315 0.325 0.322
