Validation/Results/raw data/ReClimate_10_2023_2_Temperature-Actualsweatherlogisticsltd.asc
NCOLS 192
NROWS 249
XLLCENTER -225160.85627316462
YLLCENTER 29788.11610251502
CELLSIZE 5000.0
NODATA_VALUE -9999
[rows 204 to 237 of 249, columns 77 to 153 of 192]
-9999 -9999 8.429 -9999 7.802 7.324 6.932 6.562 6.466 6.265 6.221 6.139 5.889 5.709 5.439 5.866 5.762 5.773 5.885 5.996 5.878 5.915 5.533 5.135 4.144 3.621 4.724 4.509 4.573 4.199 4.634 5.39 4.859 3.814 4.984 5.138 4.967 4.927 5.414 5.868 5.789 5.526 5.575 5.847 5.973 6.059 6.001 5.832 5.266 4.946 4.857 5.051 5.187 5.309 5.234 4.992 5.073 5.233 5.375 5.443 5.469 5.428 5.309 5.331 5.401 5.399 5.492 5.536 5.443 5.432 5.435 5.502 5.617 5.574 5.525 5.454 5.458
-9999 -9999 -9999 -9999 -9999 -9999 6.856 6.822 6.662 6.541 6.442 6.273 6.061 5.828 6.057 6.031 6.091 6.074 5.92 5.952 5.682 5.651 5.161 4.545 3.823 3.999 3.894 4.154 3.634 3.77 4.99 4.929 4.804 5.53 4.949 5.063 5.338 5.458 5.726 5.586 5.407 5.121 5.505 5.946 6.053 6.108 6.084 5.544 4.927 4.829 4.84 5.103 5.121 5.248 5.178 5.269 5.304 5.467 5.606 5.651 5.601 5.514 5.449 5.455 5.533 5.571 5.507 5.419 5.293 5.316 5.469 5.511 5.613 5.551 5.607 5.692 5.656
-9999 -9999 -9999 -9999 -9999 -9999 7.155 6.875 6.76 6.706 6.321 6.087 5.911 6.126 6.25 6.281 6.351 5.952 5.759 5.887 5.954 5.977 5.519 5.318 5.123 4.88 4.625 4.473 4.048 4.301 3.952 4.436 4.989 4.717 4.466 5.538 5.62 5.679 5.387 5.419 5.021 5.277 5.606 6.031 6.071 5.895 5.225 4.86 4.906 5.048 4.971 5.06 5.155 5.233 5.374 5.326 5.548 5.7 5.848 5.86 5.693 5.549 5.455 5.504 5.625 5.628 5.517 5.233 5.277 5.335 5.377 5.583 5.671 5.736 5.778 5.918 5.809
-9999 -9999 -9999 -9999 8.075 7.743 7.401 7.094 -9999 6.78 6.642 6.538 6.753 6.814 6.802 -9999 6.415 6.094 6.107 5.769 6.187 5.549 5.585 5.407 5.195 5.138 5.369 5.044 4.781 4.592 4.447 4.631 4.921 4.159 4.919 5.668 5.571 5.736 5.609 5.207 5.332 5.57 5.839 5.96 5.852 5.271 5.182 4.952 5.054 5.028 5.18 5.236 5.267 5.381 5.524 5.587 5.687 5.711 5.924 5.892 5.79 5.672 5.625 5.598 5.607 5.521 5.302 5.214 5.177 5.403 5.502 5.633 5.729 5.69 5.696 5.969 5.953
-9999 -9999 -9999 -9999 8.047 -9999 -9999 -9999 7.134 7.07 7.018 -9999 -9999 -9999 -9999 -9999 6.619 6.39 5.999 6.502 6.243 6.105 6.01 5.768 5.831 5.832 4.546 4.524 5.241 5.191 5.071 4.922 4.522 4.59 5.518 5.611 5.859 5.794 5.283 5.5 5.642 6.006 5.984 5.963 5.611 5.277 5.295 5.115 5.26 5.368 5.365 5.427 5.529 5.576 5.659 5.699 5.727 5.678 5.764 5.896 5.7 5.692 5.637 5.627 5.498 5.432 5.316 5.176 5.248 5.531 5.711 5.761 5.727 5.651 5.594 5.781 5.947
-9999 -9999 -9999 -9999 -9999 -9999 7.763 7.485 7.339 7.481 7.411 -9999 -9999 -9999 -9999 -9999 -9999 -9999 -9999 6.786 6.688 6.725 6.869 6.498 6.09 4.855 4.42 4.416 4.636 4.984 5.053 5.044 5.074 5.032 5.32 5.879 5.886 5.149 5.449 5.632 6.267 6.198 6.057 5.929 5.345 5.321 5.24 5.294 5.422 5.54 5.569 5.591 5.609 5.658 5.608 5.663 5.719 5.753 5.744 5.826 5.699 5.615 5.442 5.378 5.553 5.401 5.32 5.336 5.411 5.613 5.811 5.72 5.737 5.897 6.048 6.121 5.953
-9999 -9999 -9999 -9999 -9999 -9999 -9999 7.604 -9999 -9999 -9999 -9999 -9999 -9999 -9999 -9999 -9999 6.933 6.849 6.753 6.806 7.223 7.325 7.017 6.164 5.425 4.691 4.488 4.879 5.556 5.386 5.046 5.139 5.314 5.908 6.133 5.736 5.547 5.879 6.295 -9999 6.249 6.049 5.689 5.145 5.169 5.339 5.445 5.581 5.616 5.675 5.634 5.638 5.627 5.715 5.753 5.827 5.821 5.822 5.729 5.575 5.422 5.23 5.245 5.36 5.665 5.562 5.538 5.696 5.813 5.974 6.011 5.9 6.11 6.464 6.585 6.468
-9999 -9999 -9999 -9999 -9999 -9999 -9999 -9999 -9999 -9999 -9999 -9999 -9999 -9999 -9999 -9999 -9999 7.252 7.101 7.221 7.309 -9999 -9999 -9999 6.729 5.651 5.62 5.379 5.695 5.64 5.203 5.302 5.773 6.012 6.202 6.381 6.198 6.361 6.547 -9999 6.427 6.064 5.918 5.428 5.143 5.394 5.479 5.591 5.596 5.569 5.648 5.673 5.649 5.649 5.582 5.648 5.719 5.692 5.771 5.785 5.56 5.216 5.286 5.351 5.545 5.774 5.859 5.752 5.889 6.054 6.171 6.287 6.312 6.133 6.493 6.791 6.753
-9999 -9999 -9999 -9999 -9999 -9999 -9999 -9999 -9999 -9999 -9999 -9999 -9999 -9999 -9999 -9999 -9999 -9999 -9999 -9999 -9999 -9999 -9999 -9999 7.293 6.594 6.018 6.013 6.077 5.952 5.76 5.938 6.21 6.46 6.677 6.796 6.865 -9999 -9999 6.784 6.37 6.054 5.856 5.462 5.317 5.468 5.537 5.663 5.734 5.584 5.624 5.655 5.456 5.308 5.274 5.245 5.203 5.434 5.596 5.683 5.603 5.425 5.392 5.638 5.639 5.813 6.037 6.014 6.05 6.127 6.283 6.443 6.549 6.625 6.742 6.97 6.911
-9999 -9999 -9999 -9999 -9999 -9999 -9999 -9999 -9999 -9999 -9999 -9999 -9999 -9999 -9999 -9999 -9999 -9999 -9999 -9999 -9999 -9999 -9999 -9999 7.205 6.844 6.634 6.474 6.119 5.973 6.097 6.304 6.622 6.871 -9999 -9999 -9999 -9999 -9999 6.754 6.295 6.077 5.91 5.536 5.368 5.478 5.505 5.688 5.768 5.596 5.381 5.411 5.185 5.066 5.034 5.134 5.165 5.247 5.56 5.58 5.738 5.826 5.739 5.942 5.934 5.966 6.124 6.193 6.281 6.366 6.419 6.437 6.588 6.832 6.996 7.071 6.84
-9999 -9999 -9999 -9999 -9999 -9999 -9999 -9999 -9999 -9999 -9999 -9999 -9999 -9999 -9999 -9999 -9999 -9999 -9999 -9999 -9999 -9999 -9999 -9999 -9999 -9999 6.982 6.453 6.173 6.186 6.202 6.589 7.045 -9999 -9999 -9999 -9999 6.865 6.558 6.33 6.479 6.315 6.02 5.485 5.405 5.405 5.497 5.683 5.697 5.42 5.161 5.107 5.18 5.085 5.151 5.163 5.394 5.466 5.552 5.724 5.758 5.99 6.172 6.13 6.087 6.085 6.118 6.109 6.271 6.471 6.588 6.645 6.578 6.719 6.836 6.899 6.745
-9999 -9999 -9999 -9999 -9999 -9999 -9999 -9999 -9999 -9999 -9999 -9999 -9999 -9999 -9999 -9999 -9999 -9999 -9999 -9999 -9999 -9999 -9999 -9999 -9999 -9999 -9999 7.026 6.73 6.563 6.591 7.052 -9999 -9999 -9999 -9999 6.68 6.501 6.232 6.15 6.175 6.215 6.073 5.817 5.786 5.455 5.541 5.648 5.422 5.288 5.235 5.091 5.201 5.261 5.349 5.438 5.533 5.641 5.619 5.633 5.778 5.962 6.037 6.021 5.89 6.007 6.097 6.076 6.159 6.413 6.571 6.648 6.675 6.673 6.671 6.555 6.468
-9999 -9999 -9999 -9999 -9999 -9999 -9999 -9999 -9999 -9999 -9999 -9999 -9999 -9999 -9999 -9999 -9999 -9999 -9999 -9999 -9999 -9999 -9999 -9999 -9999 -9999 -9999 -9999 -9999 -9999 -9999 -9999 -9999 -9999 -9999 6.499 6.431 6.339 6.13 5.968 6.181 6.122 5.916 5.999 5.746 5.523 5.75 5.691 5.499 5.348 5.318 5.326 5.222 5.267 5.344 5.249 5.402 5.463 5.5 5.535 5.616 5.831 5.921 5.88 5.784 5.756 5.955 6.072 6.16 6.28 6.406 6.409 6.448 6.452 6.459 6.203 5.976
-9999 -9999 -9999 -9999 -9999 -9999 -9999 -9999 -9999 -9999 -9999 -9999 -9999 -9999 -9999 -9999 -9999 -9999 -9999 -9999 -9999 -9999 -9999 -9999 -9999 -9999 -9999 -9999 -9999 -9999 -9999 -9999 -9999 -9999 6.771 6.463 6.15 6.103 5.38 5.765 6.076 5.907 5.837 5.777 5.535 5.623 5.725 5.781 5.636 5.478 5.488 5.258 5.14 4.997 5.145 5.261 5.01 5.198 5.314 5.478 5.644 5.787 5.872 5.855 5.813 5.826 5.827 5.954 6.104 6.186 6.174 6.09 5.897 6.026 6.036 5.888 5.542
-9999 -9999 -9999 -9999 -9999 -9999 -9999 -9999 -9999 -9999 -9999 -9999 -9999 -9999 -9999 -9999 -9999 -9999 -9999 -9999 -9999 -9999 -9999 -9999 -9999 -9999 -9999 -9999 -9999 -9999 -9999 -9999 -9999 -9999 6.761 6.548 6.542 6.148 5.74 5.48 5.559 5.662 5.716 5.546 5.653 5.632 5.688 5.503 5.318 5.282 5.39 5.379 5.242 5.248 5.154 5.258 5.327 5.269 5.371 5.469 5.64 5.817 5.88 5.888 5.806 5.784 5.858 5.912 5.991 5.979 5.729 5.653 5.585 5.646 5.871 5.808 5.573
-9999 -9999 -9999 -9999 -9999 -9999 -9999 -9999 -9999 -9999 -9999 -9999 -9999 -9999 -9999 -9999 -9999 -9999 -9999 -9999 -9999 5.581 5.302 4.937 5.126 -9999 5.86 -9999 -9999 -9999 -9999 -9999 -9999 -9999 -9999 6.752 6.627 6.418 6.133 5.847 5.501 5.401 5.462 5.685 5.667 5.627 5.405 5.268 5.41 5.396 5.467 5.425 5.371 5.484 5.582 5.612 5.545 5.587 5.498 5.415 5.352 5.53 5.708 5.712 5.68 5.705 5.701 5.779 5.904 5.832 5.575 5.482 5.657 5.665 5.803 5.882 5.854
-9999 -9999 -9999 -9999 -9999 -9999 -9999 -9999 -9999 -9999 -9999 -9999 -9999 -9999 -9999 -9999 -9999 -9999 6.872 6.538 5.974 5.395 4.816 4.601 4.783 5.013 5.577 6.378 6.999 -9999 -9999 6.77 7.02 7.015 6.931 6.723 6.595 6.597 6.445 6.174 5.825 5.521 5.6 5.743 5.665 5.296 5.47 5.634 5.491 5.579 5.644 5.656 5.567 5.598 5.697 5.739 5.839 5.789 5.653 5.5 5.471 5.367 5.395 5.562 5.647 5.727 5.854 5.747 5.849 5.496 5.403 5.492 5.65 5.767 5.813 5.927 5.865
-9999 -9999 -9999 -9999 -9999 -9999 -9999 -9999 -9999 -9999 -9999 -9999 -9999 -9999 -9999 -9999 -9999 6.765 6.93 6.52 6.109 5.454 4.676 4.376 4.512 4.856 5.266 5.659 6.259 6.61 6.491 6.394 6.317 6.674 6.656 6.627 6.484 6.361 6.447 6.258 5.839 5.79 5.816 5.687 5.23 5.507 5.434 5.529 5.642 5.704 5.772 5.729 5.566 5.66 5.69 5.768 5.779 5.835 5.722 5.587 5.417 5.284 5.431 5.572 5.64 5.418 5.577 5.835 5.823 5.871 5.554 5.651 5.706 5.757 5.793 5.773 5.92
-9999 -9999 -9999 -9999 -9999 -9999 -9999 -9999 -9999 -9999 -9999 -9999 -9999 -9999 -9999 -9999 -9999 6.823 7.02 6.912 6.455 5.631 5.195 4.867 4.672 5.066 5.393 5.66 5.553 5.589 5.921 6.045 6.142 6.06 6.439 6.583 6.456 6.464 6.26 6.088 6.158 6.162 5.978 5.614 5.584 5.54 5.427 5.651 5.724 5.778 5.77 5.714 5.556 5.534 5.823 5.884 5.937 5.967 5.911 5.81 5.673 5.42 5.331 5.571 5.565 5.446 5.381 5.717 5.974 6.058 6.055 5.966 5.733 5.708 5.794 5.795 5.73
-9999 -9999 -9999 -9999 -9999 -9999 -9999 -9999 -9999 -9999 -9999 -9999 -9999 -9999 -9999 -9999 -9999 7.286 7.259 6.83 6.58 6.096 6.012 5.64 5.633 5.652 5.673 5.663 5.35 5.542 6.079 6.233 6.254 6.409 6.583 6.62 6.547 6.334 6.11 6.139 6.118 6.091 5.877 5.87 5.772 5.691 5.656 5.709 5.608 5.623 5.767 5.902 5.838 5.842 5.946 5.939 5.987 6.105 5.885 5.792 5.852 5.617 5.353 5.613 5.705 5.59 5.637 5.856 6.107 6.274 6.192 6.013 5.85 5.824 5.962 6.046 6.041
-9999 -9999 -9999 -9999 -9999 -9999 -9999 -9999 -9999 -9999 -9999 -9999 -9999 7.023 6.435 -9999 7.272 7.446 6.859 6.552 6.546 6.594 6.382 6.208 5.862 5.642 5.672 5.788 5.798 6.004 6.278 6.499 6.497 6.445 6.448 6.515 6.582 6.411 6.278 6.148 6.051 5.808 6.022 5.98 5.816 5.574 5.466 5.561 5.443 5.499 5.706 5.957 5.989 6.016 6.07 6.217 6.179 6.238 6.107 5.783 5.936 5.931 5.886 5.917 6.072 5.956 5.868 5.953 6.174 6.366 6.392 6.261 6.118 5.995 6.039 6.151 6.272
-9999 -9999 -9999 -9999 -9999 -9999 -9999 -9999 -9999 -9999 -9999 -9999 -9999 6.753 6.347 6.806 7.084 6.935 6.575 6.622 6.353 6.252 6.268 5.881 5.79 5.653 5.601 5.809 5.823 6.005 6.302 6.099 5.864 6.006 6.274 6.546 6.606 6.428 6.233 6.015 5.902 5.853 6.033 5.918 5.945 5.857 5.685 5.546 5.608 5.637 5.832 5.935 5.982 6.045 6.302 6.391 6.464 6.516 6.373 6.073 6.011 6.014 5.939 5.973 5.737 5.861 6.014 6.088 6.261 6.378 6.365 6.339 6.297 6.155 6.048 6.23 6.336
-9999 -9999 -9999 -9999 -9999 -9999 -9999 -9999 -9999 -9999 -9999 -9999 7.341 6.802 6.514 6.55 6.613 6.594 6.554 6.464 6.325 6.375 6.344 6.112 5.94 5.695 5.723 5.907 6.203 6.403 6.215 5.792 5.797 5.816 5.991 6.434 6.473 6.462 6.37 6.144 6.014 5.954 5.994 6.058 6.153 6.074 5.774 5.881 5.856 5.9 5.932 5.992 5.979 5.984 6.338 6.718 6.85 6.742 6.705 6.421 6.324 6.348 6.302 6.221 5.914 5.683 5.785 5.635 6.041 5.924 5.925 6.284 6.493 6.07 5.866 5.99 6.363
-9999 -9999 -9999 -9999 -9999 -9999 -9999 -9999 -9999 -9999 -9999 -9999 -9999 7.121 6.598 6.478 6.577 6.589 6.603 6.571 6.522 6.486 6.445 6.278 6.107 6.122 6.118 6.283 6.327 6.458 5.989 5.684 5.714 5.578 5.906 6.205 6.227 6.346 6.33 6.166 5.972 5.969 5.969 5.984 5.973 5.864 6.089 5.95 5.976 5.998 6.006 5.988 5.978 6.096 6.312 6.719 7.023 -9999 6.872 6.766 6.518 6.572 6.6 6.52 6.345 6.154 6.165 6.11 6.132 6.27 6.008 6.137 6.546 6.587 6.131 6.029 6.344
-9999 -9999 -9999 -9999 -9999 -9999 -9999 -9999 -9999 -9999 -9999 -9999 7.468 7.226 6.672 6.502 6.511 6.475 6.555 6.597 6.543 6.499 6.348 6.338 6.441 6.458 6.412 6.445 6.526 6.346 6.125 6.098 5.967 5.761 6.182 6.302 5.918 6.112 6.048 5.597 5.693 5.591 5.558 5.707 5.766 5.934 6.072 6.165 6.126 6.132 6.069 6.05 6.036 6.138 6.352 6.652 7.032 7.23 -9999 7.118 -9999 7.075 -9999 6.792 -9999 6.626 6.645 6.707 6.738 6.806 6.706 6.824 -9999 -9999 -9999 6.851 6.647
-9999 -9999 -9999 -9999 -9999 -9999 -9999 -9999 -9999 -9999 -9999 -9999 7.455 6.951 6.533 6.518 6.49 6.398 6.221 6.309 6.2 6.265 6.313 6.436 6.572 6.595 6.644 6.665 6.614 6.501 6.289 6.196 5.967 6.181 6.517 6.032 6.114 6.466 6.093 5.858 5.713 5.531 5.689 5.938 5.994 6.176 6.256 6.23 6.375 6.378 6.289 6.3 6.307 6.38 6.565 6.723 7.039 7.272 -9999 -9999 7.46 7.532 -9999 -9999 7.098 7.098 7.117 -9999 -9999 -9999 -9999 -9999 -9999 -9999 -9999 -9999 -9999
-9999 -9999 -9999 -9999 -9999 -9999 -9999 -9999 -9999 -9999 -9999 7.277 7.037 6.717 6.572 6.757 6.777 6.453 6.278 5.987 5.592 5.645 6.011 6.22 6.339 6.442 6.658 6.721 6.634 6.575 6.431 6.165 6.158 6.383 6.367 6.563 7.066 6.902 6.496 6.073 5.743 5.932 6.168 6.178 6.352 6.405 6.454 6.593 6.743 6.697 6.701 6.781 6.904 6.869 6.931 -9999 -9999 -9999 7.287 -9999 -9999 -9999 -9999 -9999 -9999 7.291 -9999 -9999 -9999 -9999 -9999 -9999 -9999 -9999 -9999 -9999 -9999
-9999 -9999 -9999 -9999 -9999 -9999 -9999 -9999 -9999 -9999 7.443 6.668 6.447 6.542 6.891 6.981 6.888 6.669 6.32 5.542 4.804 5.037 5.876 6.042 5.991 6.532 6.5 6.826 6.869 6.731 6.959 7.136 7.233 -9999 -9999 -9999 -9999 -9999 7.205 6.668 6.238 6.211 6.346 6.54 6.68 6.753 6.735 6.828 -9999 6.991 -9999 -9999 -9999 -9999 -9999 7.182 7.123 6.971 6.901 7.093 7.612 -9999 -9999 -9999 -9999 -9999 -9999 -9999 -9999 -9999 -9999 -9999 -9999 -9999 -9999 -9999 -9999
-9999 -9999 -9999 -9999 -9999 -9999 -9999 -9999 -9999 7.957 6.883 6.197 6.218 6.57 6.748 6.905 6.99 6.575 6.054 5.129 4.589 4.884 5.421 5.758 6.351 6.262 6.804 7.05 7.165 7.417 -9999 -9999 -9999 -9999 -9999 -9999 -9999 -9999 -9999 -9999 7.16 6.954 6.968 6.827 6.799 6.769 6.859 6.661 7.071 -9999 -9999 -9999 -9999 -9999 -9999 -9999 7.367 7.044 7.04 7.193 -9999 -9999 -9999 -9999 -9999 -9999 -9999 -9999 -9999 -9999 -9999 -9999 -9999 -9999 -9999 -9999 -9999
-9999 -9999 -9999 -9999 -9999 -9999 -9999 8.089 8.13 7.519 6.736 6.228 6.048 6.156 6.592 7.017 6.809 6.434 5.968 5.299 4.771 5.173 5.59 6.044 6.184 7.045 6.839 7.085 -9999 -9999 -9999 -9999 -9999 -9999 -9999 -9999 -9999 -9999 -9999 -9999 -9999 7.794 -9999 -9999 -9999 -9999 -9999 7.285 7.215 -9999 -9999 -9999 -9999 -9999 -9999 -9999 -9999 -9999 7.309 7.328 -9999 -9999 -9999 -9999 -9999 -9999 -9999 -9999 -9999 -9999 -9999 -9999 -9999 -9999 -9999 -9999 -9999
-9999 -9999 -9999 -9999 -9999 -9999 8.127 -9999 7.692 7.436 6.884 6.37 6.116 6.158 6.59 6.748 6.611 6.844 6.56 5.698 5.303 5.512 6.102 6.362 6.813 7.23 7.437 7.863 -9999 -9999 -9999 -9999 -9999 -9999 -9999 -9999 -9999 -9999 -9999 -9999 -9999 -9999 7.81 -9999 -9999 -9999 -9999 -9999 -9999 -9999 -9999 -9999 -9999 -9999 -9999 -9999 -9999 -9999 -9999 -9999 -9999 -9999 -9999 -9999 -9999 -9999 -9999 -9999 -9999 -9999 -9999 -9999 -9999 -9999 -9999 -9999 -9999
-9999 -9999 -9999 -9999 -9999 8.316 8.109 7.366 7.446 7.442 7.043 6.804 6.547 6.521 6.733 6.679 6.843 -9999 6.797 6.067 5.535 5.244 5.748 6.588 6.895 7.36 7.754 -9999 -9999 -9999 -9999 -9999 -9999 -9999 -9999 -9999 -9999 -9999 -9999 -9999 -9999 -9999 -9999 -9999 -9999 -9999 -9999 -9999 -9999 -9999 -9999 -9999 -9999 -9999 -9999 -9999 -9999 -9999 -9999 -9999 -9999 -9999 -9999 -9999 -9999 -9999 -9999 -9999 -9999 -9999 -9999 -9999 -9999 -9999 -9999 -9999 -9999
-9999 -9999 -9999 -9999 -9999 8.298 7.717 7.278 7.175 7.203 7.099 6.989 6.772 6.933 7.083 7.128 7.48 7.342 7.089 6.514 5.646 5.442 6.128 6.453 6.911 7.265 7.577 -9999 -9999 -9999 -9999 -9999 -9999 -9999 -9999 -9999 -9999 -9999 -9999 -9999 -9999 -9999 -9999 -9999 -9999 -9999 -9999 -9999 -9999 -9999 -9999 -9999 -9999 -9999 -9999 -9999 -9999 -9999 -9999 -9999 -9999 -9999 -9999 -9999 -9999 -9999 -9999 -9999 -9999 -9999 -9999 -9999 -9999 -9999 -9999 -9999 -9999
-9999 -9999 -9999 -9999 8.427 7.912 7.427 7.039 6.99 7.216 7.29 7.276 7.284 7.411 7.267 7.613 7.785 7.632 7.232 6.87 6.373 6.26 6.499 6.805 6.954 7.154 -9999 -9999 -9999 -9999 -9999 -9999 -9999 -9999 -9999 -9999 -9999 -9999 -9999 -9999 -9999 -9999 -9999 -9999 -9999 -9999 -9999 -9999 -9999 -9999 -9999 -9999 -9999 -9999 -9999 -9999 -9999 -9999 -9999 -9999 -9999 -9999 -9999 -9999 -9999 -9999 -9999 -9999 -9999 -9999 -9999 -9999 -9999 -9999 -9999 -9999 -9999
