Validation/Results/raw data/ReClimate_05_2024_1.asc
NCOLS 192
NROWS 249
XLLCENTER -225160.85627316462
YLLCENTER 29788.11610251502
CELLSIZE 5000.0
NODATA_VALUE -9999
[rows 132 to 164 of 249, columns 74 to 147 of 192]
-9999 -9999 -9999 -9999 -9999 -9999 -9999 -9999 -9999 -9999 -9999 -9999 -9999 101.811 101.86 101.932 102.011 101.897 101.669 100.958 100.576 101.105 101.529 101.878 102.095 102.098 102.1 102.098 102.029 101.875 101.724 101.586 101.456 101.334 101.215 101.095 100.973 100.845 100.712 100.574 100.431 100.284 100.131 99.94 99.691 99.445 99.209 99.014 98.833 98.656 98.483 98.314 98.155 98.005 97.861 97.724 97.594 97.476 -9999 -9999 -9999 -9999 -9999 -9999 -9999 -9999 -9999 -9999 -9999 -9999 -9999 -9999 -9999 -9999
100.612 -9999 -9999 -9999 -9999 -9999 -9999 -9999 -9999 -9999 -9999 -9999 -9999 101.729 101.814 101.887 101.938 101.768 101.569 101.242 100.889 101.191 101.405 101.655 102.028 102.031 102.036 102.021 101.921 101.764 101.612 101.47 101.336 101.209 101.086 100.963 100.837 100.708 100.574 100.436 100.293 100.145 99.979 99.751 99.505 99.265 99.053 98.871 98.694 98.523 98.361 98.215 98.068 97.929 97.797 97.67 97.546 97.424 -9999 -9999 -9999 -9999 -9999 -9999 -9999 -9999 -9999 -9999 -9999 -9999 -9999 -9999 -9999 -9999
100.574 -9999 -9999 -9999 -9999 -9999 -9999 -9999 -9999 -9999 -9999 -9999 101.61 101.698 101.755 101.809 101.861 101.628 101.215 100.988 100.868 100.98 100.977 101.384 101.966 101.969 101.97 101.937 101.814 101.653 101.499 101.354 101.218 101.086 100.957 100.829 100.699 100.567 100.433 100.293 100.15 99.999 99.808 99.559 99.315 99.093 98.915 98.746 98.583 98.427 98.279 98.137 98.001 97.869 97.742 97.619 97.5 97.384 97.282 -9999 -9999 -9999 -9999 -9999 -9999 -9999 -9999 -9999 -9999 -9999 -9999 -9999 -9999 -9999
100.53 -9999 -9999 -9999 -9999 -9999 -9999 -9999 -9999 -9999 -9999 101.464 -9999 101.62 101.677 101.732 101.784 101.601 101.635 101.587 101.594 101.501 101.246 101.646 101.905 101.906 101.903 101.852 101.709 101.543 101.387 101.24 101.101 100.966 100.834 100.702 100.57 100.437 100.3 100.16 100.015 99.85 99.625 99.383 99.159 98.981 98.814 98.654 98.501 98.353 98.21 98.073 97.94 97.812 97.688 97.569 97.455 97.345 97.246 -9999 -9999 -9999 -9999 -9999 -9999 -9999 -9999 -9999 -9999 -9999 -9999 -9999 -9999 -9999
100.484 100.535 -9999 -9999 -9999 -9999 -9999 -9999 -9999 -9999 -9999 101.393 -9999 101.542 101.6 101.654 101.707 101.756 101.798 101.825 101.832 101.577 101.237 101.499 101.841 101.839 101.834 101.767 101.605 101.434 101.276 -9999 -9999 -9999 -9999 -9999 -9999 100.313 100.175 100.029 99.876 99.694 99.46 99.237 99.055 98.888 98.729 98.576 98.428 98.285 98.147 98.012 97.883 97.758 97.637 97.521 97.41 97.305 97.209 97.155 -9999 -9999 -9999 -9999 -9999 -9999 -9999 -9999 -9999 -9999 -9999 -9999 -9999 -9999
100.434 100.485 100.536 -9999 -9999 -9999 -9999 -9999 -9999 -9999 -9999 101.323 101.401 101.463 101.521 101.576 101.628 101.678 101.725 101.756 101.768 101.594 101.596 101.775 101.773 101.769 101.761 101.674 101.499 101.326 101.165 -9999 -9999 -9999 -9999 100.46 100.325 100.187 100.039 99.889 99.735 99.536 99.314 99.13 98.963 98.805 98.652 98.504 98.361 98.223 98.088 97.958 97.83 97.706 97.587 97.474 97.366 97.265 97.172 97.086 -9999 -9999 -9999 -9999 -9999 -9999 -9999 -9999 -9999 -9999 -9999 -9999 -9999 -9999
100.354 100.432 100.482 100.532 -9999 -9999 -9999 -9999 -9999 -9999 -9999 101.241 101.318 101.38 -9999 -9999 101.548 101.599 101.646 101.682 -9999 101.705 101.707 101.706 101.703 101.698 101.681 101.577 101.393 -9999 -9999 -9999 -9999 -9999 100.476 100.338 100.197 100.046 99.898 99.752 99.591 99.389 99.205 99.039 98.881 98.729 98.582 98.439 98.301 98.166 98.034 97.906 97.781 97.659 97.541 97.428 97.322 97.225 97.135 97.049 -9999 -9999 -9999 -9999 -9999 -9999 -9999 -9999 -9999 -9999 -9999 -9999 -9999 -9999
100.479 100.446 100.365 100.485 -9999 -9999 -9999 -9999 -9999 -9999 -9999 -9999 101.226 101.294 -9999 -9999 -9999 101.516 101.564 101.606 101.631 -9999 -9999 101.632 101.629 101.623 101.598 101.484 -9999 -9999 -9999 -9999 -9999 100.497 100.355 100.208 100.055 99.907 99.762 99.619 99.458 99.284 99.116 98.958 98.806 98.66 98.518 98.38 98.245 98.114 97.985 97.86 97.737 97.616 97.498 97.384 97.279 97.186 97.102 97.021 -9999 -9999 -9999 -9999 -9999 -9999 -9999 -9999 -9999 -9999 -9999 -9999 -9999 -9999
100.342 100.094 99.861 -9999 -9999 -9999 -9999 -9999 -9999 -9999 -9999 -9999 -9999 101.201 -9999 -9999 -9999 -9999 101.478 101.523 101.55 -9999 -9999 -9999 101.511 101.542 -9999 -9999 -9999 -9999 -9999 -9999 -9999 100.379 100.223 100.066 99.916 99.771 99.631 99.503 99.367 99.196 99.037 98.885 98.739 98.597 98.459 98.325 98.195 98.067 97.941 97.818 97.698 97.579 97.462 97.347 97.237 97.15 97.075 96.999 -9999 -9999 -9999 -9999 -9999 -9999 -9999 -9999 -9999 -9999 -9999 -9999 -9999 -9999
100.337 100.094 -9999 -9999 -9999 -9999 -9999 -9999 -9999 -9999 -9999 -9999 -9999 101.092 -9999 -9999 -9999 -9999 -9999 101.432 101.464 -9999 -9999 -9999 -9999 -9999 -9999 -9999 -9999 -9999 -9999 -9999 -9999 100.245 100.081 99.928 99.781 99.644 99.528 99.423 99.28 99.118 98.965 98.819 98.677 98.539 98.406 98.275 98.148 98.024 97.902 97.783 97.665 97.549 97.435 97.324 97.219 97.129 97.056 96.982 96.911 -9999 -9999 -9999 -9999 -9999 -9999 -9999 -9999 -9999 -9999 -9999 -9999 -9999
100.43 -9999 100.395 100.399 100.399 100.399 -9999 -9999 -9999 -9999 -9999 -9999 -9999 100.996 -9999 -9999 -9999 -9999 -9999 -9999 -9999 -9999 -9999 -9999 -9999 -9999 -9999 -9999 -9999 -9999 -9999 -9999 100.273 100.101 99.941 99.793 99.663 99.555 99.455 99.347 99.203 99.047 98.9 98.758 98.621 98.488 98.358 98.232 98.109 97.988 97.869 97.754 97.64 97.53 97.422 97.319 97.221 97.134 97.056 96.981 96.904 96.825 -9999 -9999 -9999 -9999 -9999 -9999 -9999 -9999 -9999 -9999 -9999 -9999
100.47 100.432 100.386 100.388 100.388 100.388 -9999 -9999 -9999 -9999 -9999 -9999 -9999 -9999 -9999 -9999 -9999 -9999 -9999 -9999 -9999 -9999 -9999 -9999 -9999 -9999 -9999 -9999 -9999 -9999 -9999 100.295 100.126 99.96 99.816 99.695 99.586 99.484 99.387 99.277 99.133 98.983 98.842 98.705 98.573 98.445 98.321 98.2 98.081 97.966 97.853 97.743 97.636 97.529 97.426 97.325 97.23 97.144 97.064 96.987 96.91 96.83 -9999 -9999 -9999 -9999 -9999 -9999 -9999 -9999 -9999 -9999 -9999 -9999
100.384 100.367 100.387 100.388 -9999 100.388 100.388 -9999 -9999 -9999 -9999 -9999 -9999 -9999 -9999 -9999 -9999 -9999 -9999 -9999 -9999 -9999 -9999 -9999 -9999 -9999 -9999 -9999 -9999 -9999 -9999 100.181 100.0 99.859 99.736 99.622 99.516 99.417 99.323 99.212 99.069 98.925 98.788 98.657 98.531 98.408 98.289 98.174 98.062 97.953 97.846 97.741 97.64 97.539 97.441 97.345 97.252 97.163 97.078 96.996 96.916 96.847 96.799 96.779 -9999 -9999 -9999 -9999 -9999 -9999 -9999 -9999 -9999 -9999
100.319 100.344 100.384 100.385 -9999 -9999 100.388 -9999 -9999 -9999 -9999 -9999 -9999 -9999 -9999 -9999 -9999 -9999 -9999 -9999 -9999 -9999 -9999 -9999 -9999 -9999 -9999 -9999 -9999 -9999 -9999 100.09 99.92 99.786 99.664 99.551 99.448 99.352 99.262 99.152 99.011 98.871 98.739 98.613 98.491 98.374 98.261 98.151 98.045 97.942 97.84 97.743 97.645 97.55 97.456 97.365 97.276 97.189 97.103 97.017 96.932 96.873 96.838 96.814 96.789 96.767 96.788 -9999 -9999 -9999 -9999 -9999 -9999 -9999
100.284 100.326 100.382 100.385 100.387 -9999 100.359 -9999 -9999 -9999 -9999 -9999 -9999 -9999 -9999 -9999 -9999 -9999 -9999 -9999 -9999 -9999 -9999 -9999 -9999 -9999 -9999 -9999 -9999 -9999 100.189 100.016 99.847 99.711 99.591 99.482 99.383 99.291 99.204 99.096 98.957 98.821 98.692 98.57 98.454 98.342 98.235 98.131 98.031 97.932 97.836 97.742 97.651 97.56 97.471 97.383 97.297 97.213 97.128 97.043 96.975 96.922 96.887 96.856 96.829 96.806 96.783 96.758 96.95 -9999 -9999 -9999 -9999 -9999
100.034 100.15 100.385 100.381 -9999 100.325 -9999 -9999 -9999 -9999 -9999 -9999 -9999 -9999 -9999 -9999 -9999 -9999 -9999 -9999 -9999 -9999 -9999 -9999 -9999 -9999 -9999 -9999 -9999 -9999 -9999 99.925 99.769 99.637 99.521 99.417 99.322 99.233 99.15 99.044 98.908 98.773 98.647 98.531 98.42 98.314 98.212 98.114 98.018 97.924 97.833 97.745 97.657 97.57 97.485 97.4 97.317 97.234 97.151 97.079 97.024 96.987 96.955 96.922 96.889 96.863 96.84 96.815 96.789 96.921 -9999 -9999 -9999 -9999
100.195 100.333 100.364 100.327 100.288 100.249 -9999 -9999 -9999 -9999 -9999 -9999 -9999 -9999 -9999 -9999 -9999 -9999 -9999 -9999 -9999 -9999 -9999 -9999 -9999 -9999 -9999 -9999 -9999 -9999 -9999 -9999 99.672 99.561 99.456 99.356 99.264 99.178 99.097 98.994 98.859 98.727 98.607 98.495 98.389 98.288 98.191 98.098 98.006 97.918 97.831 97.745 97.662 97.579 97.497 97.416 97.334 97.253 97.181 97.129 97.093 97.062 97.032 97.001 96.969 96.933 96.904 96.879 96.853 96.825 96.925 -9999 -9999 -9999
100.351 100.342 100.3 100.258 100.216 -9999 -9999 -9999 -9999 -9999 -9999 -9999 -9999 -9999 -9999 -9999 -9999 -9999 -9999 -9999 -9999 -9999 -9999 -9999 -9999 -9999 -9999 -9999 -9999 -9999 -9999 -9999 99.589 99.476 99.383 99.296 99.208 99.125 99.045 98.942 98.814 98.687 98.571 98.463 98.362 98.265 98.173 98.083 97.996 97.912 97.829 97.747 97.667 97.588 97.508 97.43 97.351 97.284 97.234 97.198 97.17 97.141 97.112 97.081 97.048 97.014 96.977 96.944 96.916 96.889 96.869 96.98 -9999 -9999
100.322 100.277 100.233 100.188 100.137 -9999 -9999 -9999 -9999 -9999 -9999 -9999 -9999 -9999 -9999 -9999 -9999 -9999 -9999 -9999 -9999 -9999 -9999 -9999 -9999 -9999 -9999 -9999 -9999 -9999 -9999 -9999 -9999 99.394 99.307 99.227 99.151 99.071 98.989 98.893 98.773 98.65 98.538 98.434 98.337 98.245 98.156 98.071 97.988 97.907 97.827 97.75 97.672 97.596 97.519 97.447 97.384 97.336 97.302 97.274 97.247 97.218 97.189 97.158 97.126 97.092 97.056 97.018 96.982 96.953 96.932 96.924 -9999 -9999
100.259 -9999 -9999 -9999 -9999 -9999 -9999 -9999 -9999 -9999 -9999 -9999 -9999 -9999 -9999 -9999 -9999 -9999 -9999 -9999 -9999 -9999 -9999 -9999 -9999 -9999 -9999 -9999 -9999 -9999 -9999 -9999 -9999 99.322 99.229 99.158 99.086 99.01 98.936 98.847 98.736 98.617 98.509 98.409 98.315 98.226 98.141 98.059 97.98 97.902 97.826 97.752 97.677 97.605 97.537 97.479 97.436 97.403 97.376 97.348 97.321 97.292 97.263 97.233 97.201 97.168 97.133 97.097 97.057 97.02 97.0 96.993 96.99 -9999
100.195 -9999 -9999 -9999 -9999 -9999 -9999 -9999 -9999 -9999 -9999 -9999 -9999 -9999 -9999 -9999 -9999 -9999 -9999 -9999 -9999 -9999 -9999 -9999 -9999 -9999 -9999 -9999 -9999 -9999 -9999 -9999 -9999 -9999 99.155 99.087 99.015 98.947 98.88 98.804 98.703 98.587 98.482 98.385 98.295 98.209 98.128 98.049 97.973 97.899 97.825 97.753 97.686 97.621 97.57 97.532 97.501 97.474 97.447 97.42 97.393 97.365 97.336 97.306 97.275 97.243 97.209 97.174 97.136 97.098 97.072 97.066 97.063 -9999
100.122 -9999 -9999 -9999 -9999 -9999 -9999 -9999 -9999 -9999 -9999 -9999 -9999 -9999 -9999 -9999 -9999 -9999 -9999 -9999 -9999 -9999 -9999 -9999 -9999 -9999 -9999 -9999 -9999 -9999 -9999 -9999 -9999 -9999 99.086 -9999 98.946 98.884 98.825 98.761 -9999 98.56 98.458 98.364 98.277 98.194 98.116 98.04 97.967 97.895 97.825 97.761 97.702 97.659 97.624 97.596 97.569 97.543 97.517 97.49 97.463 97.435 97.407 97.378 97.348 97.316 97.284 97.25 97.214 97.18 97.153 97.141 97.137 97.136
-9999 -9999 -9999 -9999 -9999 -9999 -9999 -9999 -9999 -9999 -9999 -9999 -9999 -9999 -9999 -9999 -9999 -9999 -9999 -9999 -9999 -9999 -9999 -9999 -9999 -9999 -9999 -9999 -9999 -9999 -9999 -9999 -9999 -9999 -9999 98.946 98.881 -9999 -9999 -9999 -9999 98.537 98.437 98.345 98.261 98.181 98.105 98.032 97.962 97.893 97.827 97.775 97.746 97.713 97.688 97.665 97.641 97.618 97.593 97.568 97.542 97.515 97.487 97.458 97.428 97.397 97.363 97.328 97.291 97.262 97.241 97.222 97.213 97.211
-9999 -9999 -9999 -9999 -9999 -9999 -9999 -9999 -9999 -9999 -9999 -9999 -9999 -9999 -9999 -9999 -9999 -9999 -9999 -9999 -9999 -9999 -9999 -9999 -9999 -9999 -9999 -9999 -9999 -9999 -9999 -9999 -9999 -9999 -9999 98.896 98.819 -9999 -9999 -9999 -9999 98.515 98.421 98.333 98.251 98.174 98.101 98.03 97.96 97.897 97.856 97.831 97.808 97.786 97.764 97.742 97.72 97.697 97.674 97.65 97.625 97.599 97.572 97.545 97.516 97.485 97.453 97.418 97.385 97.356 97.334 97.311 97.292 97.287
-9999 -9999 -9999 -9999 -9999 -9999 -9999 -9999 -9999 -9999 -9999 -9999 -9999 -9999 -9999 -9999 -9999 -9999 -9999 -9999 -9999 -9999 -9999 -9999 -9999 -9999 -9999 -9999 -9999 -9999 -9999 -9999 -9999 -9999 -9999 98.856 -9999 -9999 -9999 -9999 98.569 98.497 98.409 98.326 98.248 98.174 98.103 98.038 97.988 97.955 97.93 97.907 97.883 97.862 97.841 97.82 97.799 97.777 97.754 97.73 97.706 97.682 97.656 97.629 97.602 97.573 97.543 97.511 97.483 97.46 97.439 97.417 97.392 97.372
-9999 -9999 -9999 -9999 -9999 -9999 -9999 -9999 -9999 -9999 -9999 -9999 -9999 -9999 -9999 -9999 -9999 -9999 -9999 -9999 -9999 -9999 -9999 -9999 -9999 -9999 -9999 -9999 -9999 -9999 -9999 -9999 -9999 -9999 -9999 -9999 -9999 -9999 -9999 -9999 98.537 98.478 98.399 98.321 98.25 98.191 98.137 98.093 98.063 98.038 98.015 97.991 97.967 97.943 97.92 97.897 97.875 97.854 97.831 97.809 97.785 97.761 97.737 97.712 97.686 97.659 97.631 97.604 97.581 97.563 97.544 97.524 97.503 97.478
-9999 -9999 -9999 -9999 -9999 -9999 -9999 -9999 -9999 -9999 -9999 -9999 -9999 -9999 -9999 -9999 -9999 -9999 -9999 -9999 -9999 -9999 -9999 -9999 -9999 -9999 -9999 -9999 -9999 -9999 -9999 -9999 -9999 -9999 -9999 -9999 -9999 -9999 -9999 -9999 98.517 98.475 98.419 98.354 98.297 98.246 98.202 98.169 98.144 98.119 98.095 98.072 98.049 98.026 98.002 97.977 97.952 97.929 97.906 97.884 97.862 97.839 97.816 97.792 97.768 97.743 97.716 97.695 97.678 97.662 97.646 97.629 97.611 97.59
-9999 -9999 -9999 -9999 -9999 -9999 -9999 -9999 -9999 -9999 -9999 -9999 -9999 -9999 -9999 -9999 -9999 -9999 -9999 -9999 -9999 -9999 -9999 -9999 -9999 -9999 -9999 -9999 -9999 -9999 -9999 -9999 -9999 -9999 -9999 -9999 -9999 -9999 -9999 98.563 98.539 98.511 98.471 98.412 98.358 98.313 98.274 98.246 98.22 98.195 98.171 98.149 98.126 98.104 98.081 98.057 98.032 98.006 97.981 97.958 97.937 97.915 97.893 97.871 97.848 97.825 97.804 97.786 97.773 97.76 97.746 97.732 97.716 97.7
-9999 -9999 -9999 -9999 -9999 -9999 -9999 -9999 -9999 -9999 -9999 -9999 -9999 -9999 -9999 -9999 -9999 -9999 -9999 -9999 -9999 -9999 -9999 -9999 -9999 -9999 -9999 -9999 -9999 -9999 -9999 -9999 -9999 -9999 -9999 -9999 -9999 -9999 -9999 98.596 98.573 98.551 98.516 98.473 98.425 98.382 98.348 98.319 98.292 98.267 98.244 98.221 98.199 98.177 98.155 98.133 98.109 98.084 98.059 98.033 98.01 97.989 97.969 97.948 97.927 97.907 97.891 97.878 97.867 97.856 97.844 97.832 97.82 97.807
-9999 -9999 -9999 -9999 -9999 -9999 -9999 -9999 -9999 -9999 -9999 -9999 -9999 -9999 -9999 -9999 -9999 -9999 -9999 -9999 -9999 -9999 -9999 -9999 -9999 -9999 -9999 -9999 -9999 -9999 -9999 -9999 -9999 -9999 -9999 -9999 -9999 -9999 98.652 98.628 98.605 98.585 98.565 98.537 98.492 98.452 98.419 98.389 98.362 98.336 98.312 98.289 98.268 98.247 98.226 98.204 98.181 98.158 98.134 98.11 98.086 98.063 98.043 98.024 98.005 97.989 97.978 97.968 97.959 97.949 97.94 97.931 97.922 97.913
-9999 -9999 -9999 -9999 -9999 -9999 -9999 -9999 -9999 -9999 -9999 -9999 -9999 -9999 -9999 -9999 -9999 -9999 -9999 -9999 -9999 -9999 -9999 -9999 -9999 -9999 -9999 -9999 -9999 -9999 -9999 -9999 -9999 -9999 -9999 -9999 -9999 -9999 98.682 98.659 98.638 98.623 98.612 98.589 98.557 98.521 98.488 98.457 98.429 98.403 98.378 98.355 98.333 98.313 98.292 98.271 98.25 98.228 98.206 98.184 98.162 98.139 98.117 98.098 98.084 98.073 98.064 98.056 98.049 98.042 98.036 98.029 98.023 98.017
-9999 -9999 -9999 -9999 -9999 -9999 -9999 -9999 -9999 -9999 -9999 -9999 -9999 -9999 -9999 -9999 -9999 -9999 -9999 -9999 -9999 -9999 -9999 -9999 -9999 -9999 -9999 -9999 -9999 -9999 -9999 -9999 -9999 -9999 -9999 -9999 -9999 -9999 98.712 98.69 98.674 98.662 98.651 98.637 98.617 98.587 98.555 98.523 98.494 98.467 98.442 98.419 98.397 98.376 98.356 98.336 98.315 98.295 98.275 98.255 98.235 98.215 98.194 98.176 98.164 98.157 98.15 98.144 98.139 98.134 98.13 98.126 98.124 98.122
-9999 -9999 -9999 -9999 -9999 -9999 -9999 -9999 -9999 -9999 -9999 -9999 -9999 -9999 -9999 -9999 -9999 -9999 -9999 -9999 -9999 -9999 -9999 -9999 -9999 -9999 -9999 -9999 -9999 -9999 -9999 -9999 -9999 -9999 -9999 -9999 -9999 -9999 -9999 98.72 98.711 98.699 98.689 98.68 98.669 98.653 98.62 98.588 98.558 98.53 98.505 98.481 98.459 98.438 98.417 98.398 98.379 98.36 98.342 98.324 98.306 98.288 98.272 98.258 98.247 98.24 98.235 98.231 98.227 98.225 98.224 98.223 -9999 98.226
