Validation/Results/raw data/ReClimate_05_2024_2_Precipitation-Actualsweatherlogisticsltd.asc
NCOLS 192
NROWS 249
XLLCENTER -225160.85627316462
YLLCENTER 29788.11610251502
CELLSIZE 5000.0
NODATA_VALUE -9999
[rows 132 to 164 of 249, columns 74 to 147 of 192]
-9999 -9999 -9999 -9999 -9999 -9999 -9999 -9999 -9999 -9999 -9999 -9999 -9999 180.473 186.771 190.673 189.952 202.956 209.849 237.177 244.855 255.191 235.582 169.898 155.362 171.56 177.869 164.757 158.785 160.914 156.08 153.161 155.848 145.717 169.072 188.396 199.346 191.944 180.194 188.683 186.451 184.252 200.024 191.699 169.832 154.23 147.114 143.726 129.547 125.649 125.841 118.215 112.101 106.816 110.465 108.804 102.792 98.672 -9999 -9999 -9999 -9999 -9999 -9999 -9999 -9999 -9999 -9999 -9999 -9999 -9999 -9999 -9999 -9999
135.279 -9999 -9999 -9999 -9999 -9999 -9999 -9999 -9999 -9999 -9999 -9999 -9999 186.828 223.57 190.362 178.165 178.568 188.032 225.041 288.3 289.282 211.985 183.242 165.867 175.491 174.662 171.788 181.825 149.04 139.595 146.948 147.562 163.349 169.14 183.297 182.248 179.308 172.022 174.067 174.3 181.829 186.006 185.073 180.906 166.238 154.354 133.132 124.591 121.75 116.633 115.966 111.98 103.104 99.344 103.921 103.916 93.939 -9999 -9999 -9999 -9999 -9999 -9999 -9999 -9999 -9999 -9999 -9999 -9999 -9999 -9999 -9999 -9999
169.555 -9999 -9999 -9999 -9999 -9999 -9999 -9999 -9999 -9999 -9999 -9999 186.211 218.893 204.001 188.01 180.175 176.4 176.167 220.01 267.517 245.37 237.289 194.994 177.172 164.452 165.687 178.505 159.944 150.022 139.095 131.464 151.236 158.151 164.902 164.571 167.111 162.95 156.154 157.576 165.017 161.934 175.684 197.282 182.102 168.553 148.997 139.369 123.748 114.379 101.946 108.022 109.603 105.412 97.082 97.188 100.466 99.783 89.338 -9999 -9999 -9999 -9999 -9999 -9999 -9999 -9999 -9999 -9999 -9999 -9999 -9999 -9999 -9999
161.984 -9999 -9999 -9999 -9999 -9999 -9999 -9999 -9999 -9999 -9999 172.828 -9999 183.823 194.576 187.539 181.918 168.355 156.155 184.229 200.539 232.553 242.86 203.724 168.588 153.743 150.395 149.038 153.491 153.019 149.509 143.641 149.199 146.179 145.975 146.994 145.822 137.953 131.198 141.045 141.266 148.636 161.413 158.071 161.494 151.995 140.204 128.236 114.534 98.616 111.688 115.921 109.652 105.501 101.625 96.573 97.59 95.711 90.219 -9999 -9999 -9999 -9999 -9999 -9999 -9999 -9999 -9999 -9999 -9999 -9999 -9999 -9999 -9999
189.753 161.909 -9999 -9999 -9999 -9999 -9999 -9999 -9999 -9999 -9999 163.596 -9999 166.533 176.149 175.088 180.662 163.25 159.033 155.72 170.772 214.777 221.861 201.08 181.148 156.295 137.811 143.58 151.627 169.752 180.627 -9999 -9999 -9999 -9999 -9999 -9999 128.799 126.339 128.549 135.161 134.493 128.496 143.69 148.417 136.722 125.583 124.436 109.916 112.908 114.154 103.598 102.528 101.374 104.221 94.568 89.241 92.254 90.225 89.195 -9999 -9999 -9999 -9999 -9999 -9999 -9999 -9999 -9999 -9999 -9999 -9999 -9999 -9999
200.326 170.169 138.524 -9999 -9999 -9999 -9999 -9999 -9999 -9999 -9999 157.291 156.497 150.931 148.367 165.655 167.854 169.232 155.249 143.783 162.04 191.569 212.464 191.919 183.503 161.129 146.035 152.067 145.879 163.855 160.89 -9999 -9999 -9999 -9999 126.433 129.503 124.43 123.973 125.356 129.527 131.082 146.305 156.857 152.216 131.154 129.829 120.242 123.795 116.841 102.564 100.563 103.672 99.373 99.164 108.268 97.575 88.16 92.004 82.665 -9999 -9999 -9999 -9999 -9999 -9999 -9999 -9999 -9999 -9999 -9999 -9999 -9999 -9999
190.924 162.425 158.71 148.646 -9999 -9999 -9999 -9999 -9999 -9999 -9999 158.765 148.345 142.642 -9999 -9999 166.389 163.761 147.41 142.104 -9999 153.518 163.08 160.886 162.789 145.144 151.095 140.536 133.043 -9999 -9999 -9999 -9999 -9999 119.433 122.706 125.399 120.244 124.725 126.16 128.927 143.409 158.558 177.864 175.336 146.021 140.183 128.7 120.719 113.542 105.779 109.968 99.648 105.134 103.132 103.781 100.12 91.969 89.04 85.819 -9999 -9999 -9999 -9999 -9999 -9999 -9999 -9999 -9999 -9999 -9999 -9999 -9999 -9999
185.895 182.899 182.255 156.467 -9999 -9999 -9999 -9999 -9999 -9999 -9999 -9999 146.786 131.726 -9999 -9999 -9999 146.817 141.427 139.241 127.044 -9999 -9999 140.126 139.119 140.949 153.65 147.778 -9999 -9999 -9999 -9999 -9999 134.776 125.309 131.561 130.238 123.322 126.637 125.743 130.879 142.074 158.432 176.078 171.443 172.433 148.957 142.157 141.177 129.695 119.181 120.035 113.894 104.542 105.584 106.719 99.636 92.988 94.401 91.858 -9999 -9999 -9999 -9999 -9999 -9999 -9999 -9999 -9999 -9999 -9999 -9999 -9999 -9999
166.372 170.621 156.685 -9999 -9999 -9999 -9999 -9999 -9999 -9999 -9999 -9999 -9999 129.924 -9999 -9999 -9999 -9999 134.892 142.355 129.519 -9999 -9999 -9999 136.953 139.899 -9999 -9999 -9999 -9999 -9999 -9999 -9999 133.126 131.251 137.637 134.17 138.471 137.074 130.725 122.846 132.098 147.323 154.539 171.902 173.022 154.594 160.92 151.011 136.034 116.532 124.363 123.362 110.985 104.114 100.045 96.514 94.271 97.884 92.529 -9999 -9999 -9999 -9999 -9999 -9999 -9999 -9999 -9999 -9999 -9999 -9999 -9999 -9999
170.427 151.415 -9999 -9999 -9999 -9999 -9999 -9999 -9999 -9999 -9999 -9999 -9999 142.466 -9999 -9999 -9999 -9999 -9999 132.59 122.501 -9999 -9999 -9999 -9999 -9999 -9999 -9999 -9999 -9999 -9999 -9999 -9999 136.253 149.376 154.903 161.116 162.253 147.977 128.326 120.001 125.797 131.728 153.923 183.849 196.859 187.484 162.786 145.362 115.19 112.037 109.875 109.482 110.054 111.798 102.302 94.4 93.17 99.597 98.892 88.4 -9999 -9999 -9999 -9999 -9999 -9999 -9999 -9999 -9999 -9999 -9999 -9999 -9999
160.667 -9999 135.308 140.505 137.507 128.717 -9999 -9999 -9999 -9999 -9999 -9999 -9999 142.829 -9999 -9999 -9999 -9999 -9999 -9999 -9999 -9999 -9999 -9999 -9999 -9999 -9999 -9999 -9999 -9999 -9999 -9999 143.595 149.147 152.53 161.18 162.563 193.044 179.982 146.711 133.272 119.51 129.208 129.171 162.737 200.254 201.659 169.092 139.257 151.492 148.65 123.199 119.684 104.04 103.704 103.878 101.83 101.143 99.861 101.647 96.174 88.978 -9999 -9999 -9999 -9999 -9999 -9999 -9999 -9999 -9999 -9999 -9999 -9999
146.324 139.693 146.017 141.238 126.707 129.552 -9999 -9999 -9999 -9999 -9999 -9999 -9999 -9999 -9999 -9999 -9999 -9999 -9999 -9999 -9999 -9999 -9999 -9999 -9999 -9999 -9999 -9999 -9999 -9999 -9999 155.239 151.936 149.756 169.672 187.509 198.548 241.366 207.11 158.235 133.92 122.268 110.227 114.629 140.502 187.277 214.868 178.475 153.667 143.48 131.098 131.918 126.649 116.913 103.821 103.852 97.501 98.434 105.04 104.819 95.814 90.532 -9999 -9999 -9999 -9999 -9999 -9999 -9999 -9999 -9999 -9999 -9999 -9999
138.687 142.631 140.649 125.5 -9999 126.513 127.302 -9999 -9999 -9999 -9999 -9999 -9999 -9999 -9999 -9999 -9999 -9999 -9999 -9999 -9999 -9999 -9999 -9999 -9999 -9999 -9999 -9999 -9999 -9999 -9999 164.59 164.177 176.201 208.623 214.082 211.925 202.173 198.965 174.477 148.005 126.573 117.526 112.744 127.698 164.389 179.302 197.252 169.179 144.243 129.683 121.245 113.976 108.514 99.294 107.706 105.014 99.233 96.645 101.305 95.27 87.951 85.796 85.926 -9999 -9999 -9999 -9999 -9999 -9999 -9999 -9999 -9999 -9999
148.457 147.429 134.089 125.554 -9999 -9999 125.081 -9999 -9999 -9999 -9999 -9999 -9999 -9999 -9999 -9999 -9999 -9999 -9999 -9999 -9999 -9999 -9999 -9999 -9999 -9999 -9999 -9999 -9999 -9999 -9999 169.06 177.258 197.94 223.92 231.06 230.31 242.892 229.74 199.769 165.931 151.559 128.129 121.863 117.955 113.884 142.964 163.212 153.956 139.687 121.396 103.576 101.03 99.263 95.785 96.553 103.818 96.581 94.899 94.215 92.274 93.524 100.836 97.198 94.698 91.267 96.219 -9999 -9999 -9999 -9999 -9999 -9999 -9999
141.208 137.339 136.907 130.792 119.979 -9999 122.35 -9999 -9999 -9999 -9999 -9999 -9999 -9999 -9999 -9999 -9999 -9999 -9999 -9999 -9999 -9999 -9999 -9999 -9999 -9999 -9999 -9999 -9999 -9999 138.355 178.998 200.067 245.462 298.27 322.075 331.279 265.046 254.786 242.427 227.873 184.879 178.004 146.348 121.618 111.329 129.047 128.984 130.172 135.27 117.868 98.948 93.774 94.135 93.664 94.841 97.204 94.061 94.481 92.884 95.245 97.193 102.455 113.555 109.042 105.696 101.65 98.565 96.763 -9999 -9999 -9999 -9999 -9999
143.624 133.114 129.176 122.338 -9999 120.699 -9999 -9999 -9999 -9999 -9999 -9999 -9999 -9999 -9999 -9999 -9999 -9999 -9999 -9999 -9999 -9999 -9999 -9999 -9999 -9999 -9999 -9999 -9999 -9999 -9999 149.836 197.074 258.649 305.125 358.833 360.405 351.532 275.913 269.868 237.983 245.793 212.417 168.644 145.52 139.153 132.145 131.67 167.997 144.248 127.637 121.988 112.335 98.874 97.303 95.066 96.27 96.788 96.982 98.356 95.336 99.375 99.236 108.1 106.049 101.12 101.575 102.683 101.018 95.468 -9999 -9999 -9999 -9999
164.014 141.411 122.716 130.653 134.12 131.566 -9999 -9999 -9999 -9999 -9999 -9999 -9999 -9999 -9999 -9999 -9999 -9999 -9999 -9999 -9999 -9999 -9999 -9999 -9999 -9999 -9999 -9999 -9999 -9999 -9999 -9999 158.994 211.573 260.117 295.747 339.648 343.505 249.764 215.419 231.737 232.46 204.506 188.963 184.45 171.132 150.519 163.489 168.414 157.621 158.971 140.496 117.768 114.362 103.556 97.949 93.159 94.071 97.689 99.382 98.079 114.188 115.612 124.084 133.427 118.354 114.535 102.178 102.021 98.534 91.761 -9999 -9999 -9999
160.467 137.406 125.194 128.548 132.67 -9999 -9999 -9999 -9999 -9999 -9999 -9999 -9999 -9999 -9999 -9999 -9999 -9999 -9999 -9999 -9999 -9999 -9999 -9999 -9999 -9999 -9999 -9999 -9999 -9999 -9999 -9999 136.694 185.746 227.637 261.057 307.885 281.156 215.942 205.846 195.914 185.553 178.563 175.725 185.512 212.362 181.454 186.664 187.734 162.024 139.511 139.721 113.607 109.9 109.399 98.077 90.631 94.129 96.08 101.881 107.218 116.492 126.263 119.659 123.105 119.808 119.814 114.969 103.95 100.874 97.21 86.395 -9999 -9999
157.658 145.418 133.631 124.896 115.257 -9999 -9999 -9999 -9999 -9999 -9999 -9999 -9999 -9999 -9999 -9999 -9999 -9999 -9999 -9999 -9999 -9999 -9999 -9999 -9999 -9999 -9999 -9999 -9999 -9999 -9999 -9999 -9999 171.176 218.357 241.807 248.802 219.289 209.744 182.184 175.265 173.42 169.382 174.057 195.786 196.088 214.951 195.28 178.778 154.306 148.38 137.525 128.073 104.737 102.066 95.768 93.052 94.825 93.969 102.84 113.316 114.216 119.623 120.425 120.987 116.281 113.063 112.655 110.666 102.644 100.645 91.854 -9999 -9999
159.198 -9999 -9999 -9999 -9999 -9999 -9999 -9999 -9999 -9999 -9999 -9999 -9999 -9999 -9999 -9999 -9999 -9999 -9999 -9999 -9999 -9999 -9999 -9999 -9999 -9999 -9999 -9999 -9999 -9999 -9999 -9999 -9999 159.797 205.438 215.21 183.828 192.805 172.813 174.396 168.533 162.992 172.154 182.28 200.625 260.479 213.691 196.992 174.758 158.549 126.474 123.365 118.695 109.446 94.013 94.96 90.924 88.572 89.832 94.25 109.584 117.161 113.197 109.786 111.629 108.328 110.576 112.542 116.641 110.688 97.748 97.931 84.615 -9999
195.716 -9999 -9999 -9999 -9999 -9999 -9999 -9999 -9999 -9999 -9999 -9999 -9999 -9999 -9999 -9999 -9999 -9999 -9999 -9999 -9999 -9999 -9999 -9999 -9999 -9999 -9999 -9999 -9999 -9999 -9999 -9999 -9999 -9999 187.071 170.316 181.726 212.733 168.983 157.927 148.394 146.541 168.213 185.783 219.642 226.472 226.127 204.004 192.828 166.062 155.792 142.877 129.109 123.737 106.818 94.512 89.63 84.56 82.881 87.241 95.521 113.063 118.129 106.24 98.815 98.156 93.85 98.427 100.786 111.104 99.672 89.771 88.288 -9999
150.393 -9999 -9999 -9999 -9999 -9999 -9999 -9999 -9999 -9999 -9999 -9999 -9999 -9999 -9999 -9999 -9999 -9999 -9999 -9999 -9999 -9999 -9999 -9999 -9999 -9999 -9999 -9999 -9999 -9999 -9999 -9999 -9999 -9999 156.053 -9999 175.51 153.627 146.013 145.352 -9999 152.008 166.805 177.692 189.234 222.135 222.843 209.188 194.611 176.593 169.645 173.76 148.359 128.658 118.217 107.133 91.188 85.78 82.088 83.668 92.29 95.513 107.597 107.64 96.71 90.143 87.859 88.681 92.284 98.023 98.461 93.3 93.333 86.387
-9999 -9999 -9999 -9999 -9999 -9999 -9999 -9999 -9999 -9999 -9999 -9999 -9999 -9999 -9999 -9999 -9999 -9999 -9999 -9999 -9999 -9999 -9999 -9999 -9999 -9999 -9999 -9999 -9999 -9999 -9999 -9999 -9999 -9999 -9999 136.275 139.034 -9999 -9999 -9999 -9999 143.741 151.039 147.179 162.696 179.629 199.017 195.36 184.199 182.737 166.671 158.622 166.734 135.755 131.951 113.465 98.231 92.455 89.638 87.147 90.01 96.323 99.295 106.468 100.88 94.44 90.933 87.399 91.497 98.334 98.39 90.082 90.687 90.41
-9999 -9999 -9999 -9999 -9999 -9999 -9999 -9999 -9999 -9999 -9999 -9999 -9999 -9999 -9999 -9999 -9999 -9999 -9999 -9999 -9999 -9999 -9999 -9999 -9999 -9999 -9999 -9999 -9999 -9999 -9999 -9999 -9999 -9999 -9999 126.605 125.181 -9999 -9999 -9999 -9999 134.068 149.116 139.706 139.532 151.902 157.258 154.475 166.143 182.215 164.757 147.457 164.483 149.249 133.132 122.112 104.046 91.978 90.218 89.03 88.867 85.916 91.418 98.037 99.174 92.405 94.707 93.276 91.799 98.146 100.714 96.032 93.343 87.718
-9999 -9999 -9999 -9999 -9999 -9999 -9999 -9999 -9999 -9999 -9999 -9999 -9999 -9999 -9999 -9999 -9999 -9999 -9999 -9999 -9999 -9999 -9999 -9999 -9999 -9999 -9999 -9999 -9999 -9999 -9999 -9999 -9999 -9999 -9999 120.274 -9999 -9999 -9999 -9999 125.558 136.424 149.688 158.767 153.968 165.584 160.41 145.869 165.529 178.296 153.331 148.957 143.834 150.571 135.565 117.653 103.827 97.776 91.638 90.916 90.578 88.047 86.375 92.364 95.374 95.404 97.902 107.901 103.113 99.001 97.013 93.059 90.601 89.845
-9999 -9999 -9999 -9999 -9999 -9999 -9999 -9999 -9999 -9999 -9999 -9999 -9999 -9999 -9999 -9999 -9999 -9999 -9999 -9999 -9999 -9999 -9999 -9999 -9999 -9999 -9999 -9999 -9999 -9999 -9999 -9999 -9999 -9999 -9999 -9999 -9999 -9999 -9999 -9999 118.981 136.948 168.518 191.177 206.068 191.175 157.886 140.122 145.308 156.126 146.328 142.513 139.438 132.656 130.034 117.951 104.404 98.685 93.545 90.562 89.679 87.031 86.916 88.56 92.141 97.142 100.592 113.973 117.186 100.126 92.838 90.675 89.955 87.385
-9999 -9999 -9999 -9999 -9999 -9999 -9999 -9999 -9999 -9999 -9999 -9999 -9999 -9999 -9999 -9999 -9999 -9999 -9999 -9999 -9999 -9999 -9999 -9999 -9999 -9999 -9999 -9999 -9999 -9999 -9999 -9999 -9999 -9999 -9999 -9999 -9999 -9999 -9999 -9999 118.399 136.016 168.738 199.301 206.96 181.019 155.473 134.86 140.532 139.42 133.602 131.739 122.521 124.968 116.352 116.179 105.505 96.375 89.773 82.653 76.673 83.838 88.7 89.775 89.783 93.347 99.074 106.235 112.466 101.167 89.77 83.35 87.522 88.264
-9999 -9999 -9999 -9999 -9999 -9999 -9999 -9999 -9999 -9999 -9999 -9999 -9999 -9999 -9999 -9999 -9999 -9999 -9999 -9999 -9999 -9999 -9999 -9999 -9999 -9999 -9999 -9999 -9999 -9999 -9999 -9999 -9999 -9999 -9999 -9999 -9999 -9999 -9999 109.069 118.155 131.689 167.555 196.27 202.092 174.16 162.783 136.858 136.655 127.658 129.574 127.129 128.377 112.282 107.442 100.986 100.573 90.227 88.559 84.386 82.482 82.333 87.24 84.458 86.65 88.111 94.611 99.246 103.791 99.83 90.843 86.122 83.09 90.293
-9999 -9999 -9999 -9999 -9999 -9999 -9999 -9999 -9999 -9999 -9999 -9999 -9999 -9999 -9999 -9999 -9999 -9999 -9999 -9999 -9999 -9999 -9999 -9999 -9999 -9999 -9999 -9999 -9999 -9999 -9999 -9999 -9999 -9999 -9999 -9999 -9999 -9999 -9999 109.368 111.104 127.92 150.633 177.69 159.434 159.858 143.781 156.329 159.667 141.569 133.205 131.246 120.593 118.472 105.378 103.529 103.088 99.095 88.609 86.131 83.094 84.104 86.172 84.777 86.332 93.752 94.739 97.695 92.562 95.46 93.982 85.597 83.046 87.214
-9999 -9999 -9999 -9999 -9999 -9999 -9999 -9999 -9999 -9999 -9999 -9999 -9999 -9999 -9999 -9999 -9999 -9999 -9999 -9999 -9999 -9999 -9999 -9999 -9999 -9999 -9999 -9999 -9999 -9999 -9999 -9999 -9999 -9999 -9999 -9999 -9999 -9999 102.841 106.119 112.654 124.48 139.29 144.396 149.064 142.369 143.169 155.766 153.181 146.426 129.624 129.906 116.217 99.036 103.143 98.692 96.537 94.278 93.977 87.68 84.814 84.365 84.598 86.833 88.846 97.0 95.981 92.736 96.544 94.296 97.304 96.04 88.659 84.323
-9999 -9999 -9999 -9999 -9999 -9999 -9999 -9999 -9999 -9999 -9999 -9999 -9999 -9999 -9999 -9999 -9999 -9999 -9999 -9999 -9999 -9999 -9999 -9999 -9999 -9999 -9999 -9999 -9999 -9999 -9999 -9999 -9999 -9999 -9999 -9999 -9999 -9999 98.289 105.672 112.527 118.995 124.688 132.208 135.311 139.619 143.964 138.387 138.204 134.775 155.399 143.086 124.571 107.54 95.758 96.649 88.282 83.93 89.488 93.729 87.779 83.214 88.344 82.746 82.478 87.463 93.451 90.848 93.736 97.174 97.192 90.657 91.071 87.791
-9999 -9999 -9999 -9999 -9999 -9999 -9999 -9999 -9999 -9999 -9999 -9999 -9999 -9999 -9999 -9999 -9999 -9999 -9999 -9999 -9999 -9999 -9999 -9999 -9999 -9999 -9999 -9999 -9999 -9999 -9999 -9999 -9999 -9999 -9999 -9999 -9999 -9999 99.141 102.375 107.37 111.791 123.932 126.797 135.485 134.66 136.455 139.397 159.233 160.475 159.922 141.543 127.934 113.777 101.834 99.325 95.209 85.99 87.38 86.044 85.613 83.793 85.832 88.648 78.91 86.076 92.473 91.101 90.646 90.468 92.766 91.041 89.614 89.55
-9999 -9999 -9999 -9999 -9999 -9999 -9999 -9999 -9999 -9999 -9999 -9999 -9999 -9999 -9999 -9999 -9999 -9999 -9999 -9999 -9999 -9999 -9999 -9999 -9999 -9999 -9999 -9999 -9999 -9999 -9999 -9999 -9999 -9999 -9999 -9999 -9999 -9999 -9999 103.368 102.464 108.289 113.165 131.836 142.319 154.784 157.24 160.712 147.708 159.873 147.505 138.497 120.504 102.83 100.479 92.81 95.408 89.97 87.809 89.045 82.944 87.19 86.526 87.314 86.257 85.735 91.955 91.976 92.235 89.409 86.57 87.024 -9999 86.216
