Validation/Results/raw data/ReClimate_04_2024_1_Temperatureweatherlogisticsltd.asc
NCOLS 192
NROWS 249
XLLCENTER -225160.85627316462
YLLCENTER 29788.11610251502
CELLSIZE 5000.0
NODATA_VALUE -9999
[rows 68 to 101 of 249, columns 75 to 149 of 192]
-9999 -9999 -9999 -9999 -9999 -9999 -9999 -9999 -9999 -9999 -9999 -0.659 -0.669 -0.68 -0.678 -0.676 -0.683 -0.693 -0.706 -0.722 -0.719 -0.716 -0.73 -0.746 -0.732 -0.714 -0.71 -0.705 -0.708 -9999 -9999 -9999 -9999 -9999 -9999 -9999 -9999 -9999 -9999 -9999 -9999 -9999 -9999 -9999 -9999 -9999 -9999 -9999 -9999 -9999 -9999 -9999 -9999 -9999 -9999 -9999 -9999 -9999 -9999 -9999 -9999 -9999 -9999 -9999 -9999 -9999 -9999 -9999 -9999 -9999 -9999 -9999 -9999 -9999 -9999
-9999 -9999 -9999 -9999 -9999 -9999 -9999 -9999 -9999 -9999 -9999 -9999 -9999 -0.675 -0.675 -0.677 -0.686 -0.698 -0.708 -0.712 -0.714 -0.725 -0.731 -0.724 -0.716 -0.717 -0.713 -9999 -9999 -9999 -9999 -9999 -9999 -9999 -9999 -9999 -9999 -9999 -9999 -9999 -9999 -9999 -9999 -9999 -9999 -9999 -9999 -9999 -9999 -9999 -9999 -9999 -9999 -9999 -9999 -9999 -9999 -9999 -9999 -9999 -9999 -9999 -9999 -9999 -9999 -9999 -9999 -9999 -9999 -9999 -9999 -9999 -9999 -9999 -9999
-9999 -9999 -9999 -9999 -9999 -9999 -9999 -0.669 -9999 -9999 -0.655 -0.654 -0.663 -0.675 -0.677 -0.679 -0.69 -0.702 -0.705 -0.709 -0.719 -0.73 -0.724 -0.716 -0.717 -0.719 -0.714 -9999 -9999 -9999 -9999 -9999 -9999 -9999 -9999 -9999 -9999 -9999 -9999 -9999 -9999 -9999 -9999 -9999 -9999 -9999 -9999 -9999 -9999 -9999 -9999 -9999 -9999 -9999 -9999 -9999 -9999 -9999 -9999 -9999 -9999 -9999 -9999 -9999 -9999 -9999 -9999 -9999 -9999 -9999 -9999 -9999 -9999 -9999 -9999
-9999 -9999 -9999 -9999 -9999 -0.686 -0.677 -0.666 -0.664 -0.669 -0.665 -0.665 -0.672 -0.676 -0.683 -0.7 -0.708 -0.71 -0.712 -0.712 -0.719 -0.724 -0.716 -0.705 -0.707 -0.714 -0.709 -9999 -9999 -9999 -9999 -9999 -9999 -9999 -9999 -9999 -9999 -9999 -9999 -9999 -9999 -9999 -9999 -9999 -9999 -9999 -9999 -9999 -9999 -9999 -9999 -9999 -9999 -9999 -9999 -9999 -9999 -9999 -9999 -9999 -9999 -9999 -9999 -9999 -9999 -9999 -9999 -9999 -9999 -9999 -9999 -9999 -9999 -9999 -9999
-9999 -9999 -9999 -9999 -9999 -0.689 -0.677 -9999 -0.669 -0.674 -0.671 -0.671 -0.675 -0.678 -0.692 -0.709 -0.712 -0.714 -0.714 -0.714 -0.718 -0.722 -0.713 -0.701 -0.706 -0.712 -9999 -0.699 -9999 -9999 -9999 -9999 -9999 -9999 -9999 -9999 -9999 -9999 -9999 -9999 -9999 -9999 -9999 -9999 -9999 -9999 -9999 -9999 -9999 -9999 -9999 -9999 -9999 -9999 -9999 -9999 -9999 -9999 -9999 -9999 -9999 -9999 -9999 -9999 -9999 -9999 -9999 -9999 -9999 -9999 -9999 -9999 -9999 -9999 -9999
-9999 -9999 -9999 -9999 -9999 -9999 -0.681 -0.661 -0.664 -0.674 -0.67 -0.661 -0.667 -0.682 -0.696 -0.712 -0.712 -0.71 -0.712 -0.716 -0.716 -0.711 -0.707 -0.712 -0.71 -0.695 -0.688 -0.686 -9999 -9999 -9999 -9999 -9999 -9999 -9999 -9999 -9999 -9999 -9999 -9999 -9999 -9999 -9999 -9999 -9999 -9999 -9999 -9999 -9999 -9999 -9999 -9999 -9999 -9999 -9999 -9999 -9999 -9999 -9999 -9999 -9999 -9999 -9999 -9999 -9999 -9999 -9999 -9999 -9999 -9999 -9999 -9999 -9999 -9999 -9999
-9999 -9999 -9999 -9999 -9999 -9999 -9999 -0.663 -0.669 -0.682 -0.673 -0.665 -0.676 -0.689 -0.702 -0.717 -0.715 -0.713 -0.716 -0.718 -0.713 -0.708 -0.712 -0.717 -0.704 -0.69 -0.686 -0.682 -9999 -9999 -9999 -9999 -9999 -9999 -9999 -9999 -9999 -9999 -9999 -9999 -9999 -9999 -9999 -9999 -9999 -9999 -9999 -9999 -9999 -9999 -9999 -9999 -9999 -9999 -9999 -9999 -9999 -9999 -9999 -9999 -9999 -9999 -9999 -9999 -9999 -9999 -9999 -9999 -9999 -9999 -9999 -9999 -9999 -9999 -9999
-9999 -9999 -9999 -9999 -9999 -0.706 -0.686 -0.668 -0.672 -0.679 -0.676 -0.679 -0.687 -0.694 -0.706 -0.721 -0.723 -0.732 -0.732 -0.729 -0.722 -0.712 -0.714 -0.717 -0.706 -9999 -0.69 -9999 -9999 -9999 -9999 -9999 -9999 -0.685 -0.693 -0.697 -9999 -9999 -9999 -9999 -9999 -9999 -9999 -9999 -9999 -9999 -9999 -9999 -9999 -9999 -9999 -9999 -9999 -9999 -9999 -9999 -9999 -9999 -9999 -9999 -9999 -9999 -9999 -9999 -9999 -9999 -9999 -9999 -9999 -9999 -9999 -9999 -9999 -9999 -9999
-0.752 -9999 -9999 -9999 -9999 -9999 -0.692 -0.679 -0.681 -0.686 -0.688 -0.691 -0.695 -0.701 -0.712 -0.727 -0.734 -0.742 -0.739 -0.736 -0.727 -0.717 -0.718 -0.719 -0.71 -0.699 -9999 -9999 -9999 -9999 -0.693 -0.693 -0.688 -0.683 -0.689 -0.695 -0.697 -0.699 -0.714 -0.729 -0.715 -0.701 -0.72 -0.736 -0.743 -0.749 -0.749 -0.748 -0.748 -0.748 -0.744 -0.739 -9999 -9999 -9999 -9999 -9999 -9999 -9999 -9999 -9999 -9999 -9999 -9999 -9999 -9999 -9999 -9999 -9999 -9999 -9999 -9999 -9999 -9999 -9999
-0.756 -9999 -9999 -9999 -0.73 -9999 -0.706 -0.707 -0.708 -0.708 -0.703 -0.691 -0.694 -0.7 -0.711 -0.725 -0.735 -0.751 -0.748 -0.743 -0.732 -0.716 -0.716 -0.717 -0.706 -9999 -9999 -9999 -9999 -0.693 -0.693 -0.691 -0.688 -0.689 -0.691 -0.689 -0.694 -0.709 -0.721 -0.734 -0.727 -0.726 -0.737 -0.742 -0.744 -0.739 -0.738 -0.74 -0.742 -0.75 -0.747 -0.741 -9999 -9999 -9999 -9999 -9999 -9999 -9999 -9999 -9999 -9999 -9999 -9999 -9999 -9999 -9999 -9999 -9999 -9999 -9999 -9999 -9999 -9999 -9999
-0.771 -9999 -9999 -9999 -0.74 -0.731 -0.728 -0.726 -0.725 -0.724 -0.711 -0.698 -0.701 -0.706 -0.716 -0.729 -0.742 -0.758 -0.754 -0.748 -0.735 -0.719 -0.719 -0.72 -9999 -9999 -0.687 -0.673 -0.682 -0.693 -0.692 -0.69 -0.691 -0.691 -0.689 -0.686 -0.697 -0.711 -0.722 -0.734 -0.734 -0.733 -0.737 -0.741 -0.736 -0.731 -0.732 -0.733 -0.738 -0.745 -0.743 -0.742 -0.749 -9999 -9999 -9999 -9999 -9999 -9999 -9999 -9999 -9999 -9999 -9999 -9999 -9999 -9999 -9999 -9999 -9999 -9999 -9999 -9999 -9999 -9999
-0.772 -9999 -0.758 -9999 -0.748 -0.741 -0.74 -0.749 -0.743 -0.729 -0.718 -0.711 -0.715 -0.725 -0.733 -0.74 -0.751 -0.763 -0.756 -0.743 -0.731 -0.719 -0.721 -0.729 -9999 -0.718 -0.702 -0.714 -0.71 -0.685 -0.689 -0.705 -0.707 -0.708 -0.703 -0.69 -0.702 -0.718 -0.724 -0.724 -0.727 -0.736 -0.737 -0.736 -0.733 -0.731 -0.729 -0.724 -0.727 -0.731 -0.732 -0.732 -0.737 -9999 -9999 -9999 -9999 -9999 -9999 -9999 -9999 -9999 -9999 -9999 -9999 -9999 -9999 -9999 -9999 -9999 -9999 -9999 -9999 -9999 -9999
-9999 -0.777 -9999 -9999 -9999 -0.751 -0.756 -0.764 -0.752 -0.738 -0.731 -0.724 -0.729 -0.737 -0.742 -0.749 -0.758 -0.768 -0.757 -0.744 -0.734 -0.722 -0.728 -0.733 -0.734 -0.733 -0.733 -0.73 -0.708 -0.683 -0.696 -0.712 -0.713 -0.714 -0.704 -0.692 -0.704 -0.719 -0.719 -0.719 -0.726 -0.734 -0.733 -0.731 -0.73 -0.729 -0.723 -0.717 -0.719 -0.722 -0.723 -0.723 -0.726 -9999 -9999 -9999 -9999 -9999 -9999 -9999 -9999 -9999 -9999 -9999 -9999 -9999 -9999 -9999 -9999 -9999 -9999 -9999 -9999 -9999 -9999
-0.808 -9999 -9999 -9999 -9999 -0.793 -0.794 -0.787 -9999 -0.778 -0.768 -0.748 -0.756 -0.771 -0.773 -0.771 -0.776 -0.774 -0.763 -0.752 -0.744 -0.735 -0.736 -0.737 -0.737 -0.735 -0.728 -0.716 -0.696 -0.679 -0.683 -0.68 -0.686 -0.707 -0.702 -0.702 -0.714 -0.725 -0.724 -0.722 -0.727 -0.73 -0.731 -0.734 -0.733 -0.731 -0.726 -0.722 -0.722 -0.72 -0.719 -0.717 -0.718 -9999 -9999 -9999 -9999 -9999 -9999 -9999 -9999 -9999 -9999 -9999 -9999 -9999 -9999 -9999 -9999 -9999 -9999 -9999 -9999 -9999 -9999
-0.818 -9999 -9999 -9999 -0.805 -9999 -9999 -0.802 -0.8 -0.799 -0.783 -0.763 -0.775 -0.789 -0.786 -0.784 -0.782 -0.78 -0.77 -0.759 -0.751 -0.739 -0.739 -0.74 -0.737 -0.735 -0.724 -0.712 -0.697 -0.68 -0.674 -0.669 -0.685 -0.705 -0.706 -0.706 -0.715 -0.726 -0.724 -0.721 -0.724 -0.727 -0.73 -0.733 -0.731 -0.729 -0.725 -0.72 -0.718 -0.715 -0.712 -0.708 -9999 -9999 -9999 -9999 -9999 -9999 -9999 -9999 -9999 -9999 -9999 -9999 -9999 -9999 -9999 -9999 -9999 -9999 -9999 -9999 -9999 -9999 -9999
-0.821 -0.806 -0.797 -9999 -9999 -9999 -0.798 -0.798 -9999 -0.794 -0.787 -0.794 -0.799 -0.792 -0.791 -0.798 -0.793 -0.785 -0.776 -0.767 -0.758 -0.753 -0.752 -0.747 -0.739 -0.72 -0.714 -0.719 -0.706 -0.692 -0.683 -0.667 -0.684 -0.71 -0.707 -0.699 -0.713 -0.738 -0.737 -0.738 -0.732 -0.71 -0.713 -0.72 -0.721 -0.729 -0.722 -0.708 -0.706 -0.706 -0.699 -9999 -9999 -9999 -9999 -9999 -9999 -9999 -9999 -9999 -9999 -9999 -9999 -9999 -9999 -9999 -9999 -9999 -9999 -9999 -9999 -9999 -9999 -9999 -9999
-0.828 -0.813 -0.817 -9999 -0.808 -0.791 -0.793 -0.801 -0.799 -0.797 -0.803 -0.811 -0.805 -0.798 -0.802 -0.808 -0.799 -0.79 -0.782 -0.77 -0.765 -0.76 -0.755 -0.75 -0.734 -0.716 -0.719 -0.723 -0.712 -0.699 -0.684 -0.668 -0.687 -0.712 -0.705 -0.697 -0.717 -0.74 -0.742 -0.743 -0.724 -0.702 -0.707 -0.713 -0.719 -0.726 -0.714 -0.7 -0.699 -0.699 -0.692 -9999 -9999 -9999 -9999 -9999 -9999 -9999 -9999 -9999 -9999 -9999 -9999 -9999 -9999 -9999 -9999 -9999 -9999 -9999 -9999 -9999 -9999 -9999 -9999
-0.839 -0.835 -0.834 -0.825 -0.812 -0.809 -9999 -0.833 -0.825 -0.806 -0.811 -0.817 -0.813 -0.813 -0.813 -0.807 -0.796 -0.781 -0.775 -0.778 -0.768 -0.752 -0.748 -0.749 -0.733 -0.715 -0.713 -0.706 -0.699 -0.699 -0.69 -0.687 -0.69 -0.67 -0.676 -0.711 -0.723 -0.726 -0.726 -0.729 -0.715 -0.707 -0.711 -0.716 -0.719 -0.72 -0.709 -0.699 -0.697 -0.693 -9999 -9999 -9999 -9999 -9999 -9999 -9999 -9999 -9999 -9999 -9999 -9999 -9999 -9999 -9999 -9999 -9999 -9999 -9999 -9999 -9999 -9999 -9999 -9999 -9999
-9999 -9999 -9999 -0.831 -0.827 -9999 -0.836 -0.85 -0.833 -0.815 -0.819 -0.824 -0.823 -0.823 -0.817 -0.811 -0.797 -0.779 -0.779 -0.782 -0.767 -0.75 -0.749 -0.75 -0.734 -0.716 -0.709 -0.701 -0.7 -0.7 -0.698 -0.697 -0.678 -0.656 -0.683 -0.716 -0.717 -0.719 -0.72 -0.722 -0.715 -0.707 -0.71 -0.714 -0.714 -0.714 -0.705 -0.695 -0.691 -0.69 -9999 -9999 -9999 -9999 -9999 -9999 -9999 -9999 -9999 -9999 -9999 -9999 -9999 -9999 -9999 -9999 -9999 -9999 -9999 -9999 -9999 -9999 -9999 -9999 -9999
-9999 -9999 -0.84 -0.843 -9999 -0.842 -0.851 -9999 -0.848 -0.836 -0.84 -0.845 -0.841 -0.828 -0.82 -0.807 -0.796 -0.794 -0.787 -0.77 -0.759 -0.754 -0.753 -0.755 -0.742 -0.733 -0.724 -0.709 -0.698 -0.672 -0.669 -0.669 -0.665 -0.689 -0.708 -0.719 -0.718 -0.712 -0.701 -0.67 -0.668 -0.683 -0.684 -0.687 -0.686 -0.688 -0.684 -0.691 -0.69 -0.694 -9999 -9999 -9999 -9999 -9999 -9999 -9999 -9999 -9999 -9999 -9999 -9999 -9999 -9999 -9999 -9999 -9999 -9999 -9999 -9999 -9999 -9999 -9999 -9999 -9999
-9999 -9999 -0.849 -9999 -9999 -0.857 -0.864 -0.871 -0.86 -0.848 -0.852 -0.857 -0.846 -0.834 -0.823 -0.806 -0.803 -0.801 -0.784 -0.767 -0.762 -0.757 -0.757 -0.758 -0.75 -0.742 -0.729 -0.714 -0.691 -0.665 -0.663 -0.662 -0.68 -0.703 -0.71 -0.72 -0.714 -0.708 -0.681 -0.65 -0.659 -0.672 -0.673 -0.675 -0.675 -0.676 -0.681 -0.689 -0.69 -0.693 -9999 -9999 -9999 -9999 -9999 -9999 -9999 -9999 -9999 -9999 -9999 -9999 -9999 -9999 -9999 -9999 -9999 -9999 -9999 -9999 -9999 -9999 -9999 -9999 -9999
-9999 -9999 -9999 -9999 -9999 -9999 -0.879 -0.868 -0.859 -0.852 -0.852 -0.846 -0.837 -0.832 -0.822 -0.814 -0.81 -0.806 -0.787 -0.764 -0.761 -0.766 -0.765 -0.765 -0.756 -0.745 -0.731 -0.713 -0.7 -0.701 -0.699 -0.693 -0.706 -0.709 -0.713 -0.718 -0.714 -0.715 -0.693 -0.674 -0.68 -0.679 -0.677 -0.67 -0.669 -0.665 -0.675 -0.697 -0.693 -9999 -9999 -9999 -9999 -9999 -9999 -9999 -9999 -9999 -9999 -9999 -9999 -9999 -9999 -9999 -9999 -9999 -9999 -9999 -9999 -9999 -9999 -9999 -9999 -9999 -9999
-9999 -9999 -9999 -9999 -0.881 -0.891 -9999 -0.87 -0.863 -0.857 -0.851 -0.845 -0.839 -0.833 -0.826 -0.818 -0.813 -0.809 -0.787 -0.764 -0.766 -0.77 -0.769 -0.768 -0.758 -0.747 -0.732 -0.714 -0.715 -0.717 -0.712 -0.707 -0.71 -0.714 -0.715 -0.718 -0.716 -0.716 -0.701 -0.683 -0.682 -0.681 -0.675 -0.668 -0.664 -0.66 -0.677 -0.697 -0.687 -9999 -9999 -9999 -9999 -9999 -9999 -9999 -9999 -9999 -9999 -9999 -9999 -9999 -9999 -9999 -9999 -9999 -9999 -9999 -9999 -9999 -9999 -9999 -9999 -9999 -9999
-9999 -9999 -9999 -0.877 -0.883 -0.875 -0.87 -0.877 -0.871 -0.866 -0.856 -0.838 -0.832 -0.824 -0.818 -0.821 -0.812 -0.799 -0.781 -0.771 -0.773 -0.777 -0.775 -0.774 -0.764 -0.754 -0.741 -0.729 -0.729 -0.727 -0.725 -0.727 -0.731 -0.732 -0.733 -0.73 -0.72 -0.698 -0.698 -0.724 -0.721 -0.711 -0.702 -0.682 -0.677 -0.667 -0.683 -0.701 -9999 -9999 -9999 -9999 -9999 -9999 -9999 -9999 -9999 -9999 -9999 -9999 -9999 -9999 -9999 -9999 -9999 -9999 -9999 -9999 -9999 -9999 -9999 -9999 -9999 -9999 -9999
-9999 -9999 -9999 -0.879 -9999 -0.872 -0.875 -0.881 -0.876 -0.871 -0.855 -0.838 -0.832 -0.821 -0.82 -0.823 -0.81 -0.796 -0.785 -0.775 -0.776 -0.78 -0.778 -0.776 -0.767 -0.758 -0.747 -0.735 -0.733 -0.731 -0.732 -0.735 -0.736 -0.737 -0.735 -0.733 -0.712 -0.69 -0.71 -0.736 -0.728 -0.72 -0.704 -0.685 -0.677 -0.668 -0.682 -0.7 -9999 -9999 -9999 -9999 -9999 -9999 -9999 -9999 -9999 -9999 -9999 -9999 -9999 -9999 -9999 -9999 -9999 -9999 -9999 -9999 -9999 -9999 -9999 -9999 -9999 -9999 -9999
-9999 -9999 -9999 -9999 -9999 -0.892 -0.892 -0.888 -0.878 -0.86 -0.845 -0.828 -0.822 -0.816 -0.817 -0.823 -0.807 -0.788 -0.781 -0.783 -0.782 -0.781 -0.777 -0.771 -0.762 -0.754 -0.748 -0.751 -0.746 -0.733 -0.734 -0.735 -0.73 -0.714 -0.711 -0.709 -0.698 -0.706 -0.719 -0.725 -0.714 -0.698 -0.687 -0.684 -0.678 -0.674 -0.682 -0.683 -9999 -9999 -9999 -9999 -9999 -9999 -9999 -9999 -9999 -9999 -9999 -9999 -9999 -9999 -9999 -9999 -9999 -9999 -9999 -9999 -9999 -9999 -9999 -9999 -9999 -9999 -9999
-9999 -9999 -9999 -0.881 -0.891 -0.901 -0.896 -0.892 -0.876 -0.858 -0.844 -0.826 -9999 -0.816 -0.818 -0.823 -0.805 -0.786 -0.786 -0.787 -0.783 -0.782 -0.775 -0.769 -0.761 -0.752 -0.754 -0.757 -0.746 -0.733 -0.733 -0.734 -0.721 -0.704 -0.701 -0.698 -0.703 -0.71 -0.713 -0.718 -0.703 -0.686 -0.683 -0.681 -0.677 -0.674 -0.673 -0.675 -9999 -9999 -9999 -9999 -9999 -9999 -9999 -9999 -9999 -9999 -9999 -9999 -9999 -9999 -9999 -9999 -9999 -9999 -9999 -9999 -9999 -9999 -9999 -9999 -9999 -9999 -9999
-0.868 -0.876 -0.879 -9999 -0.89 -0.892 -0.889 -0.89 -0.873 -0.85 -0.837 -9999 -0.819 -0.822 -0.823 -0.824 -0.808 -0.793 -0.789 -0.781 -0.771 -0.754 -0.754 -0.769 -0.762 -0.755 -0.756 -0.758 -0.748 -0.739 -0.735 -0.727 -0.717 -0.713 -0.713 -0.715 -0.716 -0.714 -0.712 -0.704 -0.692 -0.684 -0.679 -0.672 -0.676 -0.693 -0.678 -9999 -9999 -9999 -9999 -9999 -9999 -9999 -9999 -9999 -9999 -9999 -9999 -9999 -9999 -9999 -9999 -9999 -9999 -9999 -9999 -9999 -9999 -9999 -9999 -9999 -9999 -9999 -9999
-0.872 -0.874 -0.877 -0.883 -9999 -0.889 -0.89 -0.891 -0.872 -0.85 -0.838 -0.823 -0.823 -0.826 -0.824 -0.825 -0.811 -0.797 -0.788 -0.78 -0.763 -0.745 -0.755 -0.769 -0.763 -0.756 -0.756 -0.757 -0.749 -0.74 -0.732 -0.723 -0.719 -0.715 -0.717 -0.719 -0.715 -0.712 -0.703 -0.695 -0.688 -0.68 -0.673 -0.665 -0.679 -9999 -9999 -9999 -9999 -9999 -9999 -9999 -9999 -9999 -9999 -9999 -9999 -9999 -9999 -9999 -9999 -9999 -9999 -9999 -9999 -9999 -9999 -9999 -9999 -9999 -9999 -9999 -9999 -9999 -9999
-9999 -9999 -0.889 -9999 -0.888 -0.883 -0.876 -0.855 -0.84 -9999 -9999 -0.824 -0.826 -0.836 -0.831 -0.823 -0.813 -0.81 -0.798 -0.777 -0.764 -0.762 -0.768 -0.77 -0.762 -0.751 -0.751 -0.752 -0.742 -0.728 -0.724 -0.729 -0.72 -0.701 -0.707 -0.726 -0.72 -0.712 -0.706 -0.705 -0.695 -0.676 -0.669 -0.661 -9999 -9999 -9999 -9999 -9999 -9999 -9999 -9999 -9999 -9999 -9999 -9999 -9999 -9999 -9999 -9999 -9999 -9999 -9999 -9999 -9999 -9999 -9999 -9999 -9999 -9999 -9999 -9999 -9999 -9999 -9999
-0.891 -9999 -0.89 -0.889 -0.885 -0.88 -0.864 -0.844 -9999 -9999 -0.833 -0.827 -0.832 -0.841 -0.831 -0.823 -0.819 -0.816 -0.797 -0.776 -0.772 -0.769 -0.769 -0.77 -0.76 -0.749 -0.749 -0.75 -0.737 -0.723 -0.726 -0.73 -0.713 -0.694 -0.708 -0.725 -0.717 -0.709 -0.706 -0.704 -0.689 -0.672 -0.664 -0.656 -0.667 -9999 -9999 -9999 -9999 -9999 -9999 -9999 -9999 -9999 -9999 -9999 -9999 -9999 -9999 -9999 -9999 -9999 -9999 -9999 -9999 -9999 -9999 -9999 -9999 -9999 -9999 -9999 -9999 -9999 -9999
-0.89 -0.88 -0.883 -0.892 -0.882 -0.862 -0.855 -9999 -9999 -0.846 -0.842 -0.837 -0.844 -0.858 -0.843 -0.814 -0.811 -0.815 -0.796 -0.774 -0.771 -0.772 -0.765 -0.75 -0.744 -0.75 -0.753 -0.763 -0.753 -0.745 -0.743 -0.734 -0.72 -0.707 -0.715 -0.715 -0.711 -0.715 -0.706 -0.688 -0.673 -0.658 -0.655 -0.662 -9999 -9999 -9999 -9999 -9999 -9999 -9999 -9999 -9999 -9999 -9999 -9999 -9999 -9999 -9999 -9999 -9999 -9999 -9999 -9999 -9999 -9999 -9999 -9999 -9999 -9999 -9999 -9999 -9999 -9999 -9999
-0.882 -0.873 -9999 -9999 -0.875 -0.855 -9999 -9999 -9999 -0.855 -0.852 -0.842 -0.852 -0.866 -0.84 -0.812 -0.812 -0.815 -0.796 -0.775 -0.773 -0.773 -0.759 -0.742 -0.745 -0.751 -0.758 -0.769 -0.762 -0.754 -0.745 -0.735 -0.725 -0.713 -0.712 -0.711 -0.713 -0.716 -0.699 -0.681 -0.668 -0.653 -0.657 -0.664 -9999 -9999 -9999 -9999 -9999 -9999 -9999 -9999 -9999 -9999 -9999 -9999 -9999 -9999 -9999 -9999 -9999 -9999 -9999 -9999 -9999 -9999 -9999 -9999 -9999 -9999 -9999 -9999 -9999 -9999 -9999
-9999 -0.872 -0.879 -0.884 -9999 -9999 -9999 -9999 -0.865 -0.862 -0.858 -0.85 -0.853 -0.85 -0.834 -0.837 -0.832 -0.818 -0.802 -0.787 -0.789 -0.799 -0.781 -0.754 -0.757 -0.759 -0.766 -0.776 -0.768 -0.755 -0.747 -0.74 -0.729 -0.717 -0.716 -0.715 -0.717 -0.721 -0.708 -0.699 -0.681 -0.647 -0.654 -9999 -9999 -9999 -9999 -9999 -9999 -9999 -9999 -9999 -9999 -9999 -9999 -9999 -9999 -9999 -9999 -9999 -9999 -9999 -9999 -9999 -9999 -9999 -9999 -9999 -9999 -9999 -9999 -9999 -9999 -9999 -9999
