Validation/Results/raw data/ReClimate_02_2024_2_Temperature.asc
NCOLS 192
NROWS 249
XLLCENTER -225160.85627316462
YLLCENTER 29788.11610251502
CELLSIZE 5000.0
NODATA_VALUE -9999
[rows 102 to 135 of 249, columns 77 to 153 of 192]
-0.149 -0.15 -0.144 -0.135 -9999 -9999 -0.138 -9999 -9999 -0.111 -0.09 -0.066 -0.072 -0.08 -0.067 -0.053 -0.058 -0.065 -0.033 0.004 -0.018 -0.045 -0.032 -0.017 -0.032 -0.05 -0.047 -0.044 -0.054 -0.065 -0.06 -0.055 -0.056 -0.057 -0.058 -0.059 -0.058 -0.057 -0.051 -0.043 -9999 -9999 -9999 -9999 -9999 -9999 -9999 -9999 -9999 -9999 -9999 -9999 -9999 -9999 -9999 -9999 -9999 -9999 -9999 -9999 -9999 -9999 -9999 -9999 -9999 -9999 -9999 -9999 -9999 -9999 -9999 -9999 -9999 -9999 -9999 -9999 -9999
-0.14 -0.141 -9999 -9999 -9999 -0.133 -0.133 -0.127 -0.113 -0.098 -0.085 -0.084 -0.084 -0.075 -0.07 -0.075 -0.073 -0.058 -0.026 0.008 -0.007 -0.019 -0.017 -0.035 -0.046 -0.051 -0.056 -0.074 -0.08 -0.078 -0.075 -0.073 -0.071 -0.058 -0.061 -9999 -9999 -0.055 -9999 -9999 -9999 -9999 -9999 -9999 -9999 -9999 -9999 -9999 -9999 -9999 -9999 -9999 -9999 -9999 -9999 -9999 -9999 -9999 -9999 -9999 -9999 -9999 -9999 -9999 -9999 -9999 -9999 -9999 -9999 -9999 -9999 -9999 -9999 -9999 -9999 -9999 -9999
-9999 -0.136 -9999 -9999 -9999 -0.132 -0.126 -0.123 -0.109 -0.093 -0.091 -0.09 -0.081 -0.071 -0.075 -0.081 -0.067 -0.051 -0.022 0.011 0.003 -0.007 -0.022 -0.04 -0.044 -0.048 -0.064 -0.082 -0.081 -0.079 -0.078 -0.077 -0.068 -0.056 -9999 -0.068 -0.061 -0.052 -0.048 -9999 -9999 -9999 -9999 -9999 -9999 -9999 -9999 -9999 -9999 -9999 -9999 -9999 -9999 -9999 -9999 -9999 -9999 -9999 -9999 -9999 -9999 -9999 -9999 -9999 -9999 -9999 -9999 -9999 -9999 -9999 -9999 -9999 -9999 -9999 -9999 -9999 -9999
-9999 -9999 -9999 -0.13 -0.127 -0.126 -0.124 -0.126 -0.112 -0.094 -0.09 -0.084 -0.074 -0.064 -0.068 -0.074 -0.059 -0.039 -0.02 -0.017 -0.023 -0.023 -0.036 -0.05 -0.054 -0.054 -0.071 -0.094 -0.087 -0.064 -0.063 -0.062 -9999 -0.055 -0.055 -0.046 -0.04 -0.038 -0.047 -9999 -9999 -9999 -9999 -9999 -9999 -9999 -9999 -9999 -9999 -9999 -9999 -9999 -9999 -9999 -9999 -9999 -9999 -9999 -9999 -9999 -9999 -9999 -9999 -9999 -9999 -9999 -9999 -9999 -9999 -9999 -9999 -9999 -9999 -9999 -9999 -9999 -9999
-9999 -9999 -9999 -0.142 -0.128 -0.124 -0.126 -0.127 -0.112 -0.094 -0.088 -0.082 -0.072 -0.061 -0.063 -0.068 -0.051 -0.032 -0.028 -0.026 -0.026 -0.026 -0.038 -0.052 -0.053 -0.054 -0.072 -0.094 -0.077 -0.055 -0.054 -0.052 -0.052 -0.051 -0.044 -0.035 -0.033 -0.03 -0.035 -0.04 -9999 -9999 -9999 -9999 -9999 -9999 -9999 -9999 -9999 -9999 -9999 -9999 -9999 -9999 -9999 -9999 -9999 -9999 -9999 -9999 -9999 -9999 -9999 -9999 -9999 -9999 -9999 -9999 -9999 -9999 -9999 -9999 -9999 -9999 -9999 -9999 -9999
-9999 -9999 -0.136 -9999 -9999 -0.142 -0.139 -0.126 -0.116 -0.112 -9999 -9999 -0.079 -0.065 -0.062 -0.054 -0.042 -0.04 -0.039 -0.042 -0.047 -0.061 -0.068 -0.064 -0.065 -0.062 -0.071 -0.065 -0.054 -0.052 -0.051 -0.048 -0.045 -0.035 -0.032 -0.035 -0.036 -0.041 -0.043 -0.036 -0.035 -9999 -9999 -9999 -9999 -9999 -9999 -9999 -9999 -9999 -9999 -9999 -9999 -9999 -9999 -9999 -9999 -9999 -9999 -9999 -9999 -9999 -9999 -9999 -9999 -9999 -9999 -9999 -9999 -9999 -9999 -9999 -9999 -9999 -9999 -9999 -9999
-9999 -9999 -0.136 -9999 -0.145 -0.147 -0.137 -0.125 -0.122 -0.119 -0.107 -0.092 -0.079 -0.065 -0.056 -0.047 -0.043 -0.041 -0.043 -0.046 -0.058 -0.072 -0.069 -0.067 -0.065 -0.063 -0.058 -0.052 -0.05 -0.049 -0.047 -0.045 -0.037 -0.027 -0.03 -0.032 -0.037 -0.043 -0.039 -0.033 -9999 -9999 -9999 -9999 -9999 -9999 -9999 -9999 -9999 -9999 -9999 -9999 -9999 -9999 -9999 -9999 -9999 -9999 -9999 -9999 -9999 -9999 -9999 -9999 -9999 -9999 -9999 -9999 -9999 -9999 -9999 -9999 -9999 -9999 -9999 -9999 -9999
-9999 -9999 -0.135 -9999 -0.14 -0.139 -0.132 -0.129 -0.125 -9999 -0.107 -0.104 -9999 -0.059 -0.054 -0.056 -0.052 -0.047 -0.048 -0.049 -0.054 -0.048 -0.049 -0.059 -0.048 -0.019 -0.023 -0.048 -0.042 -0.028 -0.029 -0.037 -0.029 -0.017 -0.021 -0.027 -9999 -9999 -9999 -9999 -9999 -9999 -9999 -9999 -9999 -9999 -9999 -9999 -9999 -9999 -9999 -9999 -9999 -9999 -9999 -9999 -9999 -9999 -9999 -9999 -9999 -9999 -9999 -9999 -9999 -9999 -9999 -9999 -9999 -9999 -9999 -9999 -9999 -9999 -9999 -9999 -9999
-0.136 -0.134 -9999 -9999 -0.136 -0.135 -0.132 -0.13 -0.123 -0.114 -0.11 -0.107 -9999 -0.055 -0.056 -0.059 -0.053 -0.049 -0.048 -0.048 -0.043 -0.036 -0.044 -0.053 -0.029 -0.0 -0.02 -0.044 -0.032 -0.018 -0.024 -0.032 -0.023 -0.012 -0.016 -9999 -9999 -9999 -9999 -9999 -9999 -9999 -9999 -9999 -9999 -9999 -9999 -9999 -9999 -9999 -9999 -9999 -9999 -9999 -9999 -9999 -9999 -9999 -9999 -9999 -9999 -9999 -9999 -9999 -9999 -9999 -9999 -9999 -9999 -9999 -9999 -9999 -9999 -9999 -9999 -9999 -9999
-0.138 -0.134 -9999 -0.136 -0.134 -0.133 -0.129 -9999 -0.122 -0.121 -0.116 -0.106 -9999 -0.06 -0.06 -0.057 -0.052 -0.051 -0.043 -0.025 -0.021 -0.023 -0.032 -0.046 -0.031 -0.026 -9999 -0.024 -0.022 -0.038 -0.038 -0.027 -0.019 -0.008 -9999 -9999 -9999 -9999 -9999 -9999 -9999 -9999 -9999 -9999 -9999 -9999 -9999 -9999 -9999 -9999 -9999 -9999 -9999 -9999 -9999 -9999 -9999 -9999 -9999 -9999 -9999 -9999 -9999 -9999 -9999 -9999 -9999 -9999 -9999 -9999 -9999 -9999 -9999 -9999 -9999 -9999 -9999
-0.138 -9999 -9999 -0.136 -0.133 -0.132 -9999 -0.123 -0.122 -0.122 -0.113 -0.104 -9999 -0.061 -0.058 -0.055 -0.052 -0.051 -0.034 -0.015 -0.015 -0.017 -0.028 -0.041 -0.038 -0.034 -0.025 -0.014 -9999 -9999 -0.034 -0.023 -9999 -9999 -9999 -9999 -9999 -9999 -0.044 -0.05 -0.04 -9999 -9999 -9999 -9999 -9999 -9999 -9999 -9999 -9999 -9999 -9999 -9999 -9999 -9999 -9999 -9999 -9999 -9999 -9999 -9999 -9999 -9999 -9999 -9999 -9999 -9999 -9999 -9999 -9999 -9999 -9999 -9999 -9999 -9999 -9999 -9999
-9999 -9999 -0.14 -0.139 -0.137 -0.133 -9999 -0.133 -0.126 -0.109 -0.101 -0.094 -9999 -9999 -9999 -0.042 -0.043 -0.051 -0.04 -0.036 -0.031 -0.016 -0.029 -0.048 -0.042 -0.026 -0.017 -0.008 -0.019 -0.03 -0.028 -0.039 -9999 -9999 -9999 -9999 -9999 -0.031 -0.04 -0.037 -0.035 -0.045 -9999 -9999 -9999 -9999 -9999 -9999 -9999 -9999 -9999 -9999 -9999 -9999 -9999 -9999 -9999 -9999 -9999 -9999 -9999 -9999 -9999 -9999 -9999 -9999 -9999 -9999 -9999 -9999 -9999 -9999 -9999 -9999 -9999 -9999 -9999
-9999 -9999 -9999 -0.14 -0.137 -0.133 -9999 -0.134 -9999 -0.102 -0.095 -0.087 -9999 -0.083 -0.061 -0.037 -9999 -0.05 -0.046 -0.043 -0.029 -0.014 -0.029 -0.048 -0.036 -0.02 -0.013 -0.004 -0.012 -0.021 -0.03 -0.04 -0.031 -0.016 -0.014 -9999 -0.018 -0.026 -0.025 -0.026 -0.033 -0.041 -0.042 -0.043 -9999 -9999 -9999 -9999 -9999 -9999 -9999 -9999 -9999 -9999 -9999 -9999 -9999 -9999 -9999 -9999 -9999 -9999 -9999 -9999 -9999 -9999 -9999 -9999 -9999 -9999 -9999 -9999 -9999 -9999 -9999 -9999 -9999
-9999 -9999 -9999 -0.15 -0.143 -0.13 -9999 -0.112 -9999 -0.105 -0.097 -9999 -0.069 -0.059 -0.045 -0.046 -0.048 -0.046 -0.044 -0.047 -0.036 -0.027 -0.037 -0.045 -0.037 -0.033 -0.029 -0.027 -0.027 -0.012 -0.022 -0.04 -0.031 -0.019 -0.021 -0.024 -0.027 -0.02 -0.02 -0.021 -0.024 -0.024 -0.023 -0.022 -0.026 -0.021 -0.008 -9999 -9999 -9999 -9999 -9999 -9999 -9999 -9999 -9999 -9999 -9999 -9999 -9999 -9999 -9999 -9999 -9999 -9999 -9999 -9999 -9999 -9999 -9999 -9999 -9999 -9999 -9999 -9999 -9999 -9999
-9999 -9999 -9999 -0.153 -0.142 -0.129 -0.116 -9999 -9999 -0.104 -0.094 -9999 -0.068 -0.048 -0.047 -0.048 -0.046 -0.043 -0.044 -0.047 -0.04 -0.031 -0.035 -0.041 -0.038 -0.033 -0.033 -0.032 -0.019 -0.004 -0.018 -0.035 -0.026 -0.015 -0.02 -0.024 -0.019 -0.012 -0.012 -0.012 -0.012 -0.011 -0.01 -0.009 -0.008 -0.008 -0.01 -0.0 -9999 -9999 -9999 -9999 -9999 -9999 -9999 -9999 -9999 -9999 -9999 -9999 -9999 -9999 -9999 -9999 -9999 -9999 -9999 -9999 -9999 -9999 -9999 -9999 -9999 -9999 -9999 -9999 -9999
-9999 -9999 -9999 -0.144 -0.132 -0.12 -0.11 -9999 -9999 -0.09 -0.081 -9999 -9999 -0.058 -0.056 -0.048 -0.047 -0.05 -0.05 -0.048 -0.042 -0.039 -0.041 -0.041 -0.037 -0.032 -0.033 -0.038 -0.029 -0.021 -0.026 -0.014 -0.01 -0.016 -0.019 -0.021 -0.021 -0.028 -0.027 -0.019 -0.018 -0.011 -0.008 0.002 -0.0 -0.008 -0.006 0.004 -9999 -9999 -9999 -9999 -9999 -9999 -9999 -9999 -9999 -9999 -9999 -9999 -9999 -9999 -9999 -9999 -9999 -9999 -9999 -9999 -9999 -9999 -9999 -9999 -9999 -9999 -9999 -9999 -9999
-9999 -9999 -9999 -0.14 -0.129 -0.117 -9999 -9999 -9999 -9999 -0.079 -9999 -0.071 -0.062 -0.054 -0.046 -0.048 -0.051 -0.049 -0.047 -0.044 -0.041 -0.038 -0.037 -0.032 -0.027 -0.031 -0.036 -0.03 -0.023 -0.013 -0.001 -0.006 -0.011 -0.013 -0.014 -0.02 -0.028 -0.022 -0.016 -0.011 -0.006 0.003 0.013 0.007 -0.001 0.007 0.017 0.013 -9999 -9999 -9999 -9999 -9999 -9999 -9999 -9999 -9999 -9999 -9999 -9999 -9999 -9999 -9999 -9999 -9999 -9999 -9999 -9999 -9999 -9999 -9999 -9999 -9999 -9999 -9999 -9999
-9999 -0.144 -0.142 -0.139 -0.132 -9999 -9999 -0.114 -9999 -9999 -9999 -9999 -0.053 -0.055 -0.053 -0.06 -0.059 -0.053 -0.049 -0.043 -0.041 -0.039 -0.033 -0.023 -0.017 -0.014 -0.018 -0.024 -0.019 -0.014 -0.01 -0.016 -0.016 -0.005 -0.004 -0.002 -0.007 -0.01 -0.004 0.002 0.0 -0.014 -0.003 0.019 0.012 0.004 0.006 -0.0 0.027 -9999 -9999 -9999 -9999 -9999 -9999 -9999 -9999 -9999 -9999 -9999 -9999 -9999 -9999 -9999 -9999 -9999 -9999 -9999 -9999 -9999 -9999 -9999 -9999 -9999 -9999 -9999 -9999
-9999 -9999 -0.142 -0.14 -0.137 -9999 -0.125 -0.115 -0.097 -9999 -9999 -9999 -9999 -0.052 -0.057 -0.064 -0.058 -0.051 -0.046 -0.038 -0.036 -0.034 -0.024 -0.013 -0.008 -0.003 -0.008 -0.014 -0.01 -0.004 -0.009 -0.017 -0.008 0.003 0.005 0.008 0.006 0.003 0.009 0.015 0.004 -0.01 0.006 0.027 0.02 0.012 0.007 0.0 0.017 0.035 -9999 -9999 -9999 -9999 -9999 -9999 -9999 -9999 -9999 -9999 -9999 -9999 -9999 -9999 -9999 -9999 -9999 -9999 -9999 -9999 -9999 -9999 -9999 -9999 -9999 -9999 -9999
-9999 -9999 -0.15 -0.147 -0.14 -9999 -0.111 -0.091 -0.073 -9999 -9999 -9999 -9999 -9999 -0.052 -0.058 -0.054 -0.055 -0.049 -0.044 -0.039 -0.03 -0.023 -0.018 -0.015 -0.015 -0.018 -0.014 -0.008 0.002 -0.005 -0.014 -0.007 -0.002 -0.001 -0.001 -0.003 -0.005 -0.005 -0.01 -0.014 -0.002 -0.0 -0.021 -0.017 0.017 0.017 0.027 0.024 0.043 0.043 -9999 -9999 -9999 -9999 -9999 -9999 -9999 -9999 -9999 -9999 -9999 -9999 -9999 -9999 -9999 -9999 -9999 -9999 -9999 -9999 -9999 -9999 -9999 -9999 -9999 -9999
-9999 -9999 -0.15 -0.148 -9999 -9999 -0.107 -0.081 -0.068 -0.061 -9999 -9999 -9999 -9999 -9999 -0.054 -0.054 -0.052 -0.047 -0.042 -0.033 -0.024 -0.02 -0.015 -0.013 -0.014 -0.011 -0.008 0.0 0.009 0.001 -0.006 -0.003 0.002 0.002 0.002 -0.0 -0.002 -0.007 -0.013 -0.004 0.008 -0.011 -0.033 -0.007 0.025 0.033 0.043 0.041 0.039 0.047 0.05 0.079 -9999 -9999 -9999 -9999 -9999 -9999 -9999 -9999 -9999 -9999 -9999 -9999 -9999 -9999 -9999 -9999 -9999 -9999 -9999 -9999 -9999 -9999 -9999 -9999
-9999 -9999 -0.149 -0.139 -9999 -9999 -0.112 -0.097 -0.084 -9999 -9999 -9999 -9999 -9999 -9999 -0.075 -0.071 -0.063 -0.058 -0.054 -0.042 -0.022 -0.017 -0.01 -0.006 -0.004 0.002 0.014 0.018 0.016 0.01 0.005 0.009 0.015 0.011 -0.002 -0.006 -0.012 -0.014 -0.008 -0.002 0.001 -0.009 -0.006 0.006 -0.002 0.007 0.026 0.032 0.034 0.041 0.046 0.066 -9999 -9999 -9999 -9999 -9999 -9999 -9999 -9999 -9999 -9999 -9999 -9999 -9999 -9999 -9999 -9999 -9999 -9999 -9999 -9999 -9999 -9999 -9999 -9999
-9999 -9999 -0.141 -0.134 -9999 -9999 -9999 -0.105 -0.089 -0.074 -9999 -9999 -9999 -9999 -9999 -0.079 -0.071 -0.063 -0.058 -0.054 -0.036 -0.016 -0.009 -0.003 0.003 0.006 0.016 0.027 0.025 0.024 0.02 0.015 0.02 0.026 0.015 0.003 -0.003 -0.01 -0.006 0.0 0.002 0.005 0.007 0.011 0.003 -0.005 0.009 0.027 0.033 0.041 0.046 0.054 0.071 -9999 -9999 -9999 -9999 -9999 -9999 -9999 -9999 -9999 -9999 -9999 -9999 -9999 -9999 -9999 -9999 -9999 -9999 -9999 -9999 -9999 -9999 -9999 -9999
-9999 -0.149 -0.142 -0.139 -9999 -9999 -9999 -9999 -9999 -9999 -9999 -9999 -9999 -9999 -9999 -0.079 -0.071 -0.064 -0.056 -0.04 -0.024 -0.009 0.001 0.015 0.023 0.03 0.039 0.043 0.039 0.03 0.022 0.007 0.013 0.024 0.017 0.015 0.01 0.005 0.011 0.02 0.02 0.015 0.014 0.008 0.002 0.002 0.015 0.03 0.039 0.049 0.055 0.062 0.064 0.096 -9999 -9999 -9999 -9999 -9999 -9999 -9999 -9999 -9999 -9999 -9999 -9999 -9999 -9999 -9999 -9999 -9999 -9999 -9999 -9999 -9999 -9999 -9999
-0.149 -0.147 -0.145 -0.139 -9999 -9999 -9999 -9999 -9999 -9999 -9999 -9999 -9999 -0.078 -0.083 -0.076 -0.067 -0.06 -0.045 -0.03 -0.016 -0.001 0.013 0.027 0.037 0.044 0.049 0.054 0.046 0.037 0.024 0.01 0.018 0.028 0.026 0.025 0.021 0.017 0.025 0.034 0.03 0.026 0.02 0.013 0.012 0.013 0.024 0.037 0.046 0.058 0.064 0.071 0.073 0.099 -9999 -9999 -9999 -9999 -9999 -9999 -9999 -9999 -9999 -9999 -9999 -9999 -9999 -9999 -9999 -9999 -9999 -9999 -9999 -9999 -9999 -9999 -9999
-0.146 -0.145 -0.143 -9999 -9999 -9999 -9999 -9999 -9999 -9999 -9999 -9999 -9999 -0.082 -0.077 -0.066 -0.055 -0.043 -0.028 -0.015 -0.001 0.012 0.026 0.041 0.043 0.033 0.036 0.04 0.029 0.015 0.01 0.021 0.026 0.027 0.026 0.028 0.025 0.023 0.03 0.036 0.034 0.036 0.033 0.031 0.031 0.03 0.037 0.039 0.046 0.053 0.061 0.069 0.078 0.081 -9999 -9999 -9999 -9999 -9999 -9999 -9999 -9999 -9999 -9999 -9999 -9999 -9999 -9999 -9999 -9999 -9999 -9999 -9999 -9999 -9999 -9999 -9999
-9999 -9999 -9999 -9999 -9999 -9999 -9999 -9999 -9999 -9999 -9999 -9999 -9999 -0.082 -0.069 -0.058 -0.045 -0.032 -0.018 -0.004 0.009 0.022 0.035 0.05 0.043 0.033 0.036 0.039 0.026 0.012 0.02 0.031 0.031 0.032 0.033 0.035 0.033 0.032 0.037 0.043 0.044 0.047 0.045 0.045 0.044 0.043 0.044 0.046 0.051 0.058 0.065 0.074 0.082 0.09 -9999 -9999 -9999 -9999 -9999 -9999 -9999 -9999 -9999 -9999 -9999 -9999 -9999 -9999 -9999 -9999 -9999 -9999 -9999 -9999 -9999 -9999 -9999
-9999 -9999 -9999 -9999 -9999 -9999 -9999 -9999 -9999 -9999 -9999 -9999 -0.087 -0.082 -0.07 -0.056 -0.044 -0.036 -0.019 0.004 0.016 0.026 0.035 0.041 0.038 0.039 0.041 0.037 0.031 0.036 0.044 0.051 0.052 0.052 0.047 0.03 0.03 0.038 0.035 0.019 0.019 0.022 0.024 0.036 0.039 0.052 0.051 0.046 0.06 0.072 0.068 0.071 0.089 0.098 -9999 -9999 -9999 -9999 -9999 -9999 -9999 -9999 -9999 -9999 -9999 -9999 -9999 -9999 -9999 -9999 -9999 -9999 -9999 -9999 -9999 -9999 -9999
-9999 -9999 -9999 -9999 -9999 -9999 -9999 -9999 -9999 -9999 -9999 -9999 -0.09 -0.08 -0.065 -0.051 -0.042 -0.034 -0.013 0.009 0.019 0.03 0.037 0.043 0.046 0.047 0.046 0.042 0.046 0.051 0.057 0.064 0.064 0.065 0.05 0.034 0.039 0.046 0.032 0.016 0.017 0.02 0.028 0.039 0.049 0.062 0.057 0.052 0.065 0.082 0.079 0.075 0.092 0.112 -9999 -9999 -9999 -9999 -9999 -9999 -9999 -9999 -9999 -9999 -9999 -9999 -9999 -9999 -9999 -9999 -9999 -9999 -9999 -9999 -9999 -9999 -9999
-9999 -9999 -9999 -9999 -9999 -9999 -9999 -9999 -9999 -9999 -9999 -0.092 -0.086 -0.079 -0.064 -0.046 -0.039 -0.037 -0.016 0.007 0.019 0.033 0.039 0.042 0.043 0.038 0.039 0.044 0.046 0.047 0.05 0.051 0.052 0.06 0.048 0.039 0.04 0.038 0.029 0.03 0.031 0.033 0.042 0.054 0.059 0.058 0.059 0.071 0.063 0.066 0.074 0.076 0.085 0.106 0.107 -9999 -9999 -9999 -9999 -9999 -9999 -9999 -9999 -9999 -9999 -9999 -9999 -9999 -9999 -9999 -9999 -9999 -9999 -9999 -9999 -9999 -9999
-9999 -9999 -9999 -9999 -9999 -9999 -9999 -9999 -9999 -9999 -0.094 -0.092 -0.084 -0.076 -0.06 -0.043 -0.038 -0.035 -0.014 0.009 0.023 0.037 0.041 0.045 0.043 0.039 0.046 0.05 0.051 0.051 0.051 0.051 0.057 0.064 0.056 0.047 0.044 0.041 0.041 0.042 0.043 0.045 0.054 0.066 0.064 0.063 0.072 0.083 0.076 0.066 0.072 0.08 0.088 0.098 0.107 -9999 -9999 -9999 -9999 -9999 -9999 -9999 -9999 -9999 -9999 -9999 -9999 -9999 -9999 -9999 -9999 -9999 -9999 -9999 -9999 -9999 -9999
-9999 -9999 -9999 -9999 -9999 -9999 -9999 -9999 -9999 -9999 -0.095 -0.096 -0.09 -0.087 -0.075 -0.065 -0.055 -0.035 -0.011 0.021 0.029 0.026 0.034 0.049 0.05 0.049 0.056 0.062 0.062 0.063 0.061 0.055 0.058 0.059 0.053 0.054 0.051 0.048 0.049 0.052 0.055 0.061 0.066 0.067 0.064 0.06 0.069 0.082 0.075 0.066 0.065 0.068 0.083 0.098 0.105 -9999 -9999 -9999 -9999 -9999 -9999 -9999 -9999 -9999 -9999 -9999 -9999 -9999 -9999 -9999 -9999 -9999 -9999 -9999 -9999 -9999 -9999
-9999 -9999 -9999 -9999 -9999 -9999 -9999 -9999 -9999 -0.097 -0.095 -0.094 -0.09 -0.087 -0.079 -0.07 -0.051 -0.031 -0.003 0.028 0.028 0.025 0.039 0.055 0.057 0.057 0.063 0.069 0.07 0.071 0.067 0.062 0.062 0.063 0.063 0.063 0.06 0.057 0.059 0.063 0.068 0.074 0.074 0.073 0.069 0.064 0.073 0.084 0.077 0.07 0.068 0.067 0.081 0.1 0.107 0.119 -9999 -9999 -9999 -9999 -9999 -9999 -9999 -9999 -9999 -9999 -9999 -9999 -9999 -9999 -9999 -9999 -9999 -9999 -9999 -9999 -9999
-9999 -9999 -9999 -9999 -9999 -9999 -9999 -9999 -0.099 -9999 -0.092 -0.087 -0.083 -0.082 -0.071 -0.054 -0.039 -0.03 -0.006 0.015 0.022 0.039 0.047 0.042 0.051 0.07 0.073 0.069 0.07 0.071 0.068 0.065 0.066 0.065 0.067 0.067 0.065 0.066 0.068 0.071 0.078 0.089 0.087 0.083 0.082 0.086 0.087 0.075 0.072 0.067 0.07 0.073 0.075 0.085 0.099 0.122 -9999 -9999 -9999 -9999 -9999 -9999 -9999 -9999 -9999 -9999 -9999 -9999 -9999 -9999 -9999 -9999 -9999 -9999 -9999 -9999 -9999
