Validation/Results/raw data/ReClimate_12_2024_1weatherlogisticsltd.asc
NCOLS 192
NROWS 249
XLLCENTER -225160.85627316462
YLLCENTER 29788.11610251502
CELLSIZE 5000.0
NODATA_VALUE -9999
[rows 66 to 98 of 249, columns 75 to 149 of 192]
-9999 -9999 -9999 -9999 -9999 -9999 -9999 -9999 -9999 -9999 104.39 -9999 105.513 105.754 104.474 101.979 101.781 100.294 103.21 107.69 107.056 107.177 105.961 103.338 103.626 105.437 106.43 107.739 106.222 104.465 105.0 -9999 -9999 -9999 -9999 -9999 -9999 -9999 -9999 -9999 -9999 -9999 -9999 -9999 -9999 -9999 -9999 -9999 -9999 -9999 -9999 -9999 -9999 -9999 -9999 -9999 -9999 -9999 -9999 -9999 -9999 -9999 -9999 -9999 -9999 -9999 -9999 -9999 -9999 -9999 -9999 -9999 -9999 -9999 -9999
-9999 -9999 -9999 -9999 -9999 -9999 -9999 -9999 -9999 -9999 -9999 104.069 104.902 106.858 104.945 103.3 102.739 103.444 106.084 107.093 106.623 105.249 104.343 105.504 106.454 106.424 107.348 108.061 107.042 -9999 -9999 -9999 -9999 -9999 -9999 -9999 -9999 -9999 -9999 -9999 -9999 -9999 -9999 -9999 -9999 -9999 -9999 -9999 -9999 -9999 -9999 -9999 -9999 -9999 -9999 -9999 -9999 -9999 -9999 -9999 -9999 -9999 -9999 -9999 -9999 -9999 -9999 -9999 -9999 -9999 -9999 -9999 -9999 -9999 -9999
-9999 -9999 -9999 -9999 -9999 -9999 -9999 -9999 -9999 -9999 -9999 104.495 105.93 107.749 105.736 102.567 103.553 105.377 105.581 104.806 104.124 104.187 105.257 106.56 106.168 105.206 106.241 108.103 107.855 -9999 -9999 -9999 -9999 -9999 -9999 -9999 -9999 -9999 -9999 -9999 -9999 -9999 -9999 -9999 -9999 -9999 -9999 -9999 -9999 -9999 -9999 -9999 -9999 -9999 -9999 -9999 -9999 -9999 -9999 -9999 -9999 -9999 -9999 -9999 -9999 -9999 -9999 -9999 -9999 -9999 -9999 -9999 -9999 -9999 -9999
-9999 -9999 -9999 -9999 -9999 -9999 -9999 -9999 -9999 -9999 -9999 -9999 -9999 106.381 104.671 104.499 105.28 104.969 103.976 102.489 103.17 104.827 105.821 106.595 106.379 107.113 108.031 -9999 -9999 -9999 -9999 -9999 -9999 -9999 -9999 -9999 -9999 -9999 -9999 -9999 -9999 -9999 -9999 -9999 -9999 -9999 -9999 -9999 -9999 -9999 -9999 -9999 -9999 -9999 -9999 -9999 -9999 -9999 -9999 -9999 -9999 -9999 -9999 -9999 -9999 -9999 -9999 -9999 -9999 -9999 -9999 -9999 -9999 -9999 -9999
-9999 -9999 -9999 -9999 -9999 -9999 -9999 109.354 -9999 -9999 105.376 107.069 106.256 104.365 104.786 106.287 105.953 105.581 104.442 103.572 104.148 103.491 104.277 105.291 106.259 107.962 107.895 -9999 -9999 -9999 -9999 -9999 -9999 -9999 -9999 -9999 -9999 -9999 -9999 -9999 -9999 -9999 -9999 -9999 -9999 -9999 -9999 -9999 -9999 -9999 -9999 -9999 -9999 -9999 -9999 -9999 -9999 -9999 -9999 -9999 -9999 -9999 -9999 -9999 -9999 -9999 -9999 -9999 -9999 -9999 -9999 -9999 -9999 -9999 -9999
-9999 -9999 -9999 -9999 -9999 108.078 106.973 101.834 101.904 106.37 105.827 101.875 100.646 100.173 101.414 102.603 101.985 100.943 101.078 102.707 102.437 102.886 104.21 105.317 106.618 107.707 107.687 -9999 -9999 -9999 -9999 -9999 -9999 -9999 -9999 -9999 -9999 -9999 -9999 -9999 -9999 -9999 -9999 -9999 -9999 -9999 -9999 -9999 -9999 -9999 -9999 -9999 -9999 -9999 -9999 -9999 -9999 -9999 -9999 -9999 -9999 -9999 -9999 -9999 -9999 -9999 -9999 -9999 -9999 -9999 -9999 -9999 -9999 -9999 -9999
-9999 -9999 -9999 -9999 -9999 105.857 100.824 -9999 106.016 108.083 104.471 100.09 100.783 103.715 103.951 103.021 102.736 103.495 104.267 104.088 104.613 105.901 106.681 107.125 107.581 107.27 -9999 107.574 -9999 -9999 -9999 -9999 -9999 -9999 -9999 -9999 -9999 -9999 -9999 -9999 -9999 -9999 -9999 -9999 -9999 -9999 -9999 -9999 -9999 -9999 -9999 -9999 -9999 -9999 -9999 -9999 -9999 -9999 -9999 -9999 -9999 -9999 -9999 -9999 -9999 -9999 -9999 -9999 -9999 -9999 -9999 -9999 -9999 -9999 -9999
-9999 -9999 -9999 -9999 -9999 -9999 104.315 105.685 105.813 103.154 100.011 97.57 100.303 103.563 103.382 104.077 105.277 107.42 106.807 105.364 106.137 106.906 107.316 107.784 107.535 107.437 107.367 106.936 -9999 -9999 -9999 -9999 -9999 -9999 -9999 -9999 -9999 -9999 -9999 -9999 -9999 -9999 -9999 -9999 -9999 -9999 -9999 -9999 -9999 -9999 -9999 -9999 -9999 -9999 -9999 -9999 -9999 -9999 -9999 -9999 -9999 -9999 -9999 -9999 -9999 -9999 -9999 -9999 -9999 -9999 -9999 -9999 -9999 -9999 -9999
-9999 -9999 -9999 -9999 -9999 -9999 -9999 106.0 103.66 100.852 100.022 101.446 103.323 103.963 104.716 105.78 106.151 104.122 103.644 104.233 104.973 105.925 106.474 107.318 107.358 107.434 107.189 107.027 -9999 -9999 -9999 -9999 -9999 -9999 -9999 -9999 -9999 -9999 -9999 -9999 -9999 -9999 -9999 -9999 -9999 -9999 -9999 -9999 -9999 -9999 -9999 -9999 -9999 -9999 -9999 -9999 -9999 -9999 -9999 -9999 -9999 -9999 -9999 -9999 -9999 -9999 -9999 -9999 -9999 -9999 -9999 -9999 -9999 -9999 -9999
-9999 -9999 -9999 -9999 -9999 104.13 105.546 103.292 100.004 97.236 99.087 102.074 102.53 102.953 104.332 106.576 105.195 104.308 104.606 104.322 105.208 106.603 107.167 107.327 107.342 -9999 107.248 -9999 -9999 -9999 -9999 -9999 -9999 104.603 104.869 105.089 -9999 -9999 -9999 -9999 -9999 -9999 -9999 -9999 -9999 -9999 -9999 -9999 -9999 -9999 -9999 -9999 -9999 -9999 -9999 -9999 -9999 -9999 -9999 -9999 -9999 -9999 -9999 -9999 -9999 -9999 -9999 -9999 -9999 -9999 -9999 -9999 -9999 -9999 -9999
101.44 -9999 -9999 -9999 -9999 -9999 103.381 102.94 101.341 100.489 101.09 100.2 100.569 101.129 102.754 104.16 103.396 102.591 102.784 103.591 104.733 105.859 106.35 107.197 107.188 107.149 -9999 -9999 -9999 -9999 106.472 106.819 105.731 104.436 104.634 105.017 103.437 101.713 103.923 106.164 105.875 105.623 105.62 105.62 103.323 101.639 103.812 105.975 106.011 106.065 106.095 105.904 -9999 -9999 -9999 -9999 -9999 -9999 -9999 -9999 -9999 -9999 -9999 -9999 -9999 -9999 -9999 -9999 -9999 -9999 -9999 -9999 -9999 -9999 -9999
98.216 -9999 -9999 -9999 103.946 -9999 103.829 101.39 100.636 99.182 99.351 100.786 101.208 101.472 102.462 103.177 102.006 99.991 101.808 105.362 106.028 106.406 106.876 106.918 106.948 -9999 -9999 -9999 -9999 104.713 105.538 106.586 104.99 102.245 102.453 102.855 100.746 97.993 100.599 104.368 103.684 102.263 101.803 100.621 100.007 101.251 101.674 99.556 99.978 100.927 101.319 104.822 -9999 -9999 -9999 -9999 -9999 -9999 -9999 -9999 -9999 -9999 -9999 -9999 -9999 -9999 -9999 -9999 -9999 -9999 -9999 -9999 -9999 -9999 -9999
97.717 -9999 -9999 -9999 104.037 104.199 103.03 101.895 100.742 99.313 100.657 102.129 101.912 102.008 102.226 101.843 101.218 102.279 104.56 105.738 106.121 106.489 106.535 106.588 -9999 -9999 106.696 106.671 105.07 103.78 104.705 106.286 104.414 102.963 103.366 103.611 101.556 99.906 102.373 103.86 102.36 100.311 99.867 100.346 100.753 100.158 98.899 98.414 99.34 100.275 100.891 101.878 104.325 -9999 -9999 -9999 -9999 -9999 -9999 -9999 -9999 -9999 -9999 -9999 -9999 -9999 -9999 -9999 -9999 -9999 -9999 -9999 -9999 -9999 -9999
98.686 -9999 100.031 -9999 100.0 99.931 99.367 99.363 99.406 101.269 102.038 101.585 101.406 100.58 99.698 98.079 99.415 101.392 102.598 104.438 105.291 106.136 106.186 106.234 -9999 106.227 106.301 106.296 105.275 105.156 104.526 100.28 100.119 101.638 102.513 104.126 102.689 101.22 102.111 102.483 101.479 101.744 101.094 98.725 98.55 98.825 98.682 98.934 99.631 100.045 100.161 100.163 99.771 -9999 -9999 -9999 -9999 -9999 -9999 -9999 -9999 -9999 -9999 -9999 -9999 -9999 -9999 -9999 -9999 -9999 -9999 -9999 -9999 -9999 -9999
-9999 96.812 -9999 -9999 -9999 98.582 98.774 99.538 99.66 97.347 97.945 99.931 99.988 100.885 99.765 100.216 101.255 101.334 102.384 102.883 104.119 105.774 105.812 105.805 105.815 105.832 105.884 105.86 105.736 105.525 102.564 100.713 101.893 102.971 103.645 103.383 101.949 100.25 101.02 102.228 102.407 102.543 100.598 98.554 98.09 96.647 97.047 97.526 98.036 98.701 99.193 99.458 98.774 -9999 -9999 -9999 -9999 -9999 -9999 -9999 -9999 -9999 -9999 -9999 -9999 -9999 -9999 -9999 -9999 -9999 -9999 -9999 -9999 -9999 -9999
93.871 -9999 -9999 -9999 -9999 101.288 101.947 102.709 -9999 96.248 97.606 98.56 99.734 100.917 101.621 102.753 102.657 102.409 101.999 100.573 101.071 99.798 101.166 105.333 104.108 100.723 100.812 101.335 101.338 101.552 101.463 103.387 104.108 104.632 103.388 100.389 98.094 94.565 96.281 99.282 99.574 100.296 99.061 98.493 96.637 93.427 94.87 98.151 98.671 98.872 99.885 100.601 99.034 -9999 -9999 -9999 -9999 -9999 -9999 -9999 -9999 -9999 -9999 -9999 -9999 -9999 -9999 -9999 -9999 -9999 -9999 -9999 -9999 -9999 -9999
95.361 -9999 -9999 -9999 101.245 -9999 -9999 100.155 98.065 97.682 98.69 100.227 101.146 101.516 102.407 102.991 101.962 99.555 98.758 98.606 98.937 101.321 103.967 104.904 102.835 101.812 101.375 99.29 99.944 102.061 103.277 103.67 104.168 104.77 102.47 100.388 98.264 97.582 99.639 101.077 101.092 100.204 99.585 98.9 96.937 96.05 97.824 98.471 98.532 98.234 98.93 99.702 -9999 -9999 -9999 -9999 -9999 -9999 -9999 -9999 -9999 -9999 -9999 -9999 -9999 -9999 -9999 -9999 -9999 -9999 -9999 -9999 -9999 -9999 -9999
93.624 94.559 96.528 -9999 -9999 -9999 98.583 96.829 -9999 97.05 98.456 100.023 100.619 101.736 102.227 102.57 100.483 98.718 98.733 99.05 100.883 102.568 101.264 96.503 97.558 101.749 101.225 102.452 103.646 104.041 103.963 103.09 103.282 103.03 101.376 100.29 99.947 99.578 100.597 101.584 100.746 99.635 98.764 97.51 97.458 98.201 98.294 97.848 98.047 98.877 98.846 -9999 -9999 -9999 -9999 -9999 -9999 -9999 -9999 -9999 -9999 -9999 -9999 -9999 -9999 -9999 -9999 -9999 -9999 -9999 -9999 -9999 -9999 -9999 -9999
93.666 96.376 96.401 -9999 96.967 97.159 97.329 98.151 98.454 98.899 99.516 98.887 99.993 101.484 101.63 101.165 100.249 100.049 100.407 100.958 101.523 100.861 98.518 98.786 101.048 101.375 102.515 103.664 103.921 104.22 103.468 102.543 102.212 101.341 100.066 98.114 98.91 101.157 101.902 102.659 101.729 100.594 99.443 97.942 98.491 99.321 98.759 97.559 98.115 98.767 99.082 -9999 -9999 -9999 -9999 -9999 -9999 -9999 -9999 -9999 -9999 -9999 -9999 -9999 -9999 -9999 -9999 -9999 -9999 -9999 -9999 -9999 -9999 -9999 -9999
96.489 98.074 97.816 97.455 97.228 96.912 -9999 96.836 96.603 95.508 95.346 95.842 97.342 99.265 98.828 98.179 98.375 98.88 99.652 100.971 100.163 98.831 97.801 94.675 95.515 97.302 98.308 99.407 99.419 99.018 99.033 100.291 98.128 93.771 93.061 94.145 97.245 102.426 103.154 104.003 103.135 102.248 101.296 100.539 100.675 100.183 99.357 98.722 99.098 99.447 -9999 -9999 -9999 -9999 -9999 -9999 -9999 -9999 -9999 -9999 -9999 -9999 -9999 -9999 -9999 -9999 -9999 -9999 -9999 -9999 -9999 -9999 -9999 -9999 -9999
-9999 -9999 -9999 95.872 95.71 -9999 96.421 96.214 95.998 97.041 97.385 97.51 98.712 99.215 98.239 96.499 97.387 98.761 99.415 99.463 99.172 100.207 98.308 97.523 98.814 99.813 100.155 99.391 99.012 98.483 98.929 98.227 95.992 97.559 98.045 97.932 100.101 98.865 99.257 99.173 99.55 102.015 101.136 99.392 98.897 98.37 98.16 98.376 98.64 99.065 -9999 -9999 -9999 -9999 -9999 -9999 -9999 -9999 -9999 -9999 -9999 -9999 -9999 -9999 -9999 -9999 -9999 -9999 -9999 -9999 -9999 -9999 -9999 -9999 -9999
-9999 -9999 95.497 94.518 -9999 93.917 95.365 -9999 96.073 98.582 98.599 98.537 98.836 99.068 98.224 98.256 98.616 97.581 96.35 92.749 92.836 91.612 92.484 95.991 97.956 101.866 101.484 101.39 99.023 93.231 90.99 85.338 89.142 97.789 98.239 99.298 98.493 98.078 98.288 98.859 100.534 101.954 99.747 96.222 96.185 96.654 96.97 97.216 97.514 98.237 -9999 -9999 -9999 -9999 -9999 -9999 -9999 -9999 -9999 -9999 -9999 -9999 -9999 -9999 -9999 -9999 -9999 -9999 -9999 -9999 -9999 -9999 -9999 -9999 -9999
-9999 -9999 92.781 -9999 -9999 92.863 94.221 95.058 96.562 97.027 96.879 96.592 96.936 97.538 97.67 97.793 97.455 97.859 96.0 95.896 95.274 95.237 97.057 97.11 98.782 97.885 98.068 98.658 96.262 97.658 95.188 95.878 100.163 100.182 100.687 100.543 99.909 98.723 98.391 96.583 97.724 99.022 96.815 95.733 96.608 99.143 98.854 97.237 97.204 97.519 -9999 -9999 -9999 -9999 -9999 -9999 -9999 -9999 -9999 -9999 -9999 -9999 -9999 -9999 -9999 -9999 -9999 -9999 -9999 -9999 -9999 -9999 -9999 -9999 -9999
-9999 -9999 -9999 -9999 -9999 -9999 94.48 94.852 95.364 95.687 95.901 96.961 97.031 96.472 95.334 91.894 93.016 95.492 96.095 97.559 98.29 100.098 100.478 101.436 100.176 98.015 97.425 95.0 95.884 96.476 98.329 101.939 101.89 101.769 101.731 101.961 100.615 98.625 96.53 93.329 94.279 95.423 95.649 97.576 99.103 99.736 98.394 96.417 96.519 -9999 -9999 -9999 -9999 -9999 -9999 -9999 -9999 -9999 -9999 -9999 -9999 -9999 -9999 -9999 -9999 -9999 -9999 -9999 -9999 -9999 -9999 -9999 -9999 -9999 -9999
-9999 -9999 -9999 -9999 92.38 91.944 -9999 95.453 95.863 96.226 96.595 96.078 95.506 94.649 93.607 95.592 96.304 94.731 96.017 97.38 98.389 98.576 98.294 96.185 96.17 99.1 97.887 97.9 97.891 97.142 97.755 94.292 95.638 99.572 100.406 102.098 100.749 99.724 98.032 97.731 98.686 99.703 99.934 97.542 98.317 99.95 98.669 97.578 97.479 -9999 -9999 -9999 -9999 -9999 -9999 -9999 -9999 -9999 -9999 -9999 -9999 -9999 -9999 -9999 -9999 -9999 -9999 -9999 -9999 -9999 -9999 -9999 -9999 -9999 -9999
-9999 -9999 -9999 92.808 91.486 93.188 94.568 94.748 95.398 96.609 96.435 96.674 96.362 96.446 98.024 99.406 97.533 94.825 95.968 97.196 97.253 96.583 95.047 93.735 95.093 94.57 94.902 95.752 96.165 98.275 96.459 96.279 98.096 97.607 97.109 93.383 93.715 95.523 94.392 94.007 95.517 98.048 95.071 90.086 93.197 99.233 98.796 98.95 -9999 -9999 -9999 -9999 -9999 -9999 -9999 -9999 -9999 -9999 -9999 -9999 -9999 -9999 -9999 -9999 -9999 -9999 -9999 -9999 -9999 -9999 -9999 -9999 -9999 -9999 -9999
-9999 -9999 -9999 91.913 -9999 95.308 94.566 92.147 93.689 96.422 96.213 95.06 95.306 95.907 96.421 95.725 94.79 95.991 96.296 95.46 95.93 98.028 97.027 96.07 95.847 96.07 96.631 96.935 98.168 98.58 98.808 99.585 99.091 98.515 96.915 97.854 98.725 97.445 96.487 94.49 96.448 98.389 95.498 94.481 97.564 97.426 97.603 98.03 -9999 -9999 -9999 -9999 -9999 -9999 -9999 -9999 -9999 -9999 -9999 -9999 -9999 -9999 -9999 -9999 -9999 -9999 -9999 -9999 -9999 -9999 -9999 -9999 -9999 -9999 -9999
-9999 -9999 -9999 -9999 -9999 94.087 93.039 93.349 95.556 97.909 96.708 94.803 95.03 94.798 93.695 91.595 93.244 96.168 95.012 93.253 95.168 97.425 96.56 95.378 96.279 98.544 98.944 99.589 99.153 97.484 97.957 98.093 97.976 98.421 98.755 98.562 98.279 98.601 97.253 96.162 97.522 99.977 99.393 99.371 99.097 98.528 98.962 99.608 -9999 -9999 -9999 -9999 -9999 -9999 -9999 -9999 -9999 -9999 -9999 -9999 -9999 -9999 -9999 -9999 -9999 -9999 -9999 -9999 -9999 -9999 -9999 -9999 -9999 -9999 -9999
-9999 -9999 -9999 96.223 94.062 92.468 92.977 93.669 94.957 95.548 95.247 97.014 -9999 95.079 94.477 95.81 97.307 97.195 96.181 95.876 97.312 97.986 97.36 97.162 98.104 97.454 97.824 97.846 95.698 92.387 93.692 97.131 97.312 97.167 97.144 97.563 97.562 97.071 97.162 98.439 99.833 100.051 99.465 97.719 97.269 96.674 96.962 97.881 -9999 -9999 -9999 -9999 -9999 -9999 -9999 -9999 -9999 -9999 -9999 -9999 -9999 -9999 -9999 -9999 -9999 -9999 -9999 -9999 -9999 -9999 -9999 -9999 -9999 -9999 -9999
94.539 93.189 95.961 -9999 91.582 92.718 93.067 92.951 93.524 94.372 95.797 -9999 95.185 91.969 93.362 95.131 95.482 96.412 96.643 97.448 98.194 99.17 99.035 98.866 98.513 98.401 98.485 98.472 96.537 95.846 97.986 98.997 98.847 98.613 99.137 99.972 99.568 99.134 100.202 100.925 101.341 102.292 101.081 99.71 98.89 97.544 96.76 -9999 -9999 -9999 -9999 -9999 -9999 -9999 -9999 -9999 -9999 -9999 -9999 -9999 -9999 -9999 -9999 -9999 -9999 -9999 -9999 -9999 -9999 -9999 -9999 -9999 -9999 -9999 -9999
94.104 93.943 92.641 92.591 -9999 93.541 93.266 92.692 93.419 94.382 94.657 93.496 92.4 93.956 94.742 94.304 95.298 96.679 97.063 96.789 97.402 97.494 97.323 97.036 97.104 97.633 97.671 97.731 96.717 94.849 96.147 98.446 98.202 97.716 98.244 98.783 98.733 99.214 99.328 98.773 99.074 98.697 98.523 100.049 99.048 -9999 -9999 -9999 -9999 -9999 -9999 -9999 -9999 -9999 -9999 -9999 -9999 -9999 -9999 -9999 -9999 -9999 -9999 -9999 -9999 -9999 -9999 -9999 -9999 -9999 -9999 -9999 -9999 -9999 -9999
-9999 -9999 93.115 -9999 92.249 91.503 91.26 91.558 92.884 -9999 -9999 89.539 91.421 94.182 94.28 95.192 96.221 97.114 97.335 98.298 98.042 97.126 96.542 95.33 95.471 95.094 95.904 97.846 96.64 95.852 97.297 98.2 97.964 97.766 98.441 99.642 99.998 100.242 99.908 99.8 99.491 99.281 99.92 99.556 -9999 -9999 -9999 -9999 -9999 -9999 -9999 -9999 -9999 -9999 -9999 -9999 -9999 -9999 -9999 -9999 -9999 -9999 -9999 -9999 -9999 -9999 -9999 -9999 -9999 -9999 -9999 -9999 -9999 -9999 -9999
95.576 -9999 93.963 93.628 92.961 92.126 92.442 93.06 -9999 -9999 94.841 92.573 94.293 95.029 95.264 94.516 95.162 95.66 96.521 97.441 97.079 97.262 96.672 96.715 96.724 97.4 98.578 98.918 98.069 96.668 97.215 97.334 97.464 98.042 98.756 99.022 99.143 98.989 99.251 100.082 99.74 99.073 98.875 98.814 98.864 -9999 -9999 -9999 -9999 -9999 -9999 -9999 -9999 -9999 -9999 -9999 -9999 -9999 -9999 -9999 -9999 -9999 -9999 -9999 -9999 -9999 -9999 -9999 -9999 -9999 -9999 -9999 -9999 -9999 -9999
