Validation/Results/raw data/ReClimate_02_2024_2_Precipitation-Actuals.asc
NCOLS 192
NROWS 249
XLLCENTER -225160.85627316462
YLLCENTER 29788.11610251502
CELLSIZE 5000.0
NODATA_VALUE -9999
[rows 165 to 197 of 249, columns 75 to 149 of 192]
-9999 -9999 -9999 -9999 -9999 -9999 -9999 -9999 -9999 -9999 -9999 -9999 -9999 -9999 -9999 -9999 -9999 -9999 -9999 -9999 -9999 -9999 -9999 -9999 -9999 -9999 -9999 -9999 -9999 -9999 -9999 -9999 -9999 -9999 -9999 -9999 -9999 51.265 53.742 53.847 53.988 59.631 70.074 82.932 87.341 91.538 89.824 86.628 87.601 89.579 92.557 88.66 73.983 61.795 60.144 56.026 52.139 49.566 50.165 48.332 47.089 46.994 46.025 45.698 45.613 46.062 45.783 47.254 47.828 47.497 48.804 48.909 46.994 45.811 -9999
-9999 -9999 -9999 -9999 -9999 -9999 -9999 -9999 -9999 -9999 -9999 -9999 -9999 -9999 -9999 -9999 -9999 -9999 -9999 -9999 -9999 -9999 -9999 -9999 -9999 -9999 -9999 -9999 -9999 -9999 -9999 -9999 -9999 -9999 -9999 -9999 -9999 53.028 55.638 54.727 57.065 62.589 70.909 78.498 82.115 81.791 79.834 81.112 76.625 84.54 92.729 88.12 78.857 70.506 61.612 57.343 56.075 52.41 50.831 51.457 48.719 47.509 46.42 45.951 45.877 46.487 46.91 46.243 47.548 47.943 45.733 47.325 48.857 47.367 45.549
-9999 -9999 -9999 -9999 -9999 -9999 -9999 -9999 -9999 -9999 -9999 -9999 -9999 -9999 -9999 -9999 -9999 -9999 -9999 -9999 -9999 -9999 -9999 -9999 -9999 -9999 -9999 -9999 -9999 -9999 -9999 -9999 -9999 -9999 -9999 -9999 50.907 52.764 54.747 57.406 58.808 60.531 66.731 72.742 71.75 70.736 71.005 69.758 71.073 82.175 96.69 97.506 89.281 82.855 77.181 64.186 54.689 52.631 49.555 50.45 49.795 47.648 46.472 45.366 45.543 46.579 48.717 48.309 47.967 48.901 49.494 47.609 48.676 49.0 46.202
-9999 -9999 -9999 -9999 -9999 -9999 -9999 -9999 -9999 -9999 -9999 -9999 -9999 -9999 -9999 -9999 -9999 -9999 -9999 -9999 -9999 -9999 -9999 -9999 -9999 -9999 -9999 -9999 -9999 -9999 -9999 -9999 -9999 -9999 -9999 -9999 50.662 52.316 56.152 58.23 59.748 63.125 61.737 63.057 63.262 63.168 64.496 64.286 68.646 75.246 88.468 104.066 107.975 99.044 88.606 76.312 62.507 55.253 50.43 46.733 48.748 47.637 45.937 46.099 45.657 45.928 46.685 48.442 48.074 48.361 48.543 49.502 56.39 53.017 47.795
-9999 -9999 -9999 -9999 -9999 -9999 -9999 -9999 -9999 -9999 -9999 -9999 -9999 -9999 -9999 -9999 -9999 -9999 -9999 -9999 -9999 -9999 -9999 -9999 -9999 -9999 -9999 -9999 -9999 -9999 -9999 -9999 -9999 -9999 -9999 -9999 -9999 54.403 56.544 56.929 60.216 59.133 57.976 57.491 56.828 57.798 57.458 59.226 60.56 66.337 79.971 94.347 109.165 113.655 97.201 83.774 71.34 57.836 52.73 49.695 50.402 50.107 48.076 45.481 46.61 45.693 45.137 46.773 48.286 47.599 46.217 47.264 48.048 53.992 50.663
-9999 -9999 -9999 -9999 -9999 -9999 -9999 -9999 -9999 -9999 -9999 -9999 -9999 -9999 -9999 -9999 -9999 59.473 58.615 -9999 -9999 -9999 -9999 -9999 -9999 -9999 -9999 -9999 -9999 -9999 -9999 -9999 -9999 -9999 -9999 -9999 51.901 50.546 55.494 57.844 58.257 57.293 56.111 55.517 54.699 53.939 54.087 55.382 57.752 64.908 79.553 95.922 106.771 103.906 102.019 91.747 74.558 62.002 53.005 53.463 54.818 52.091 50.982 48.26 45.356 46.614 46.027 46.5 47.294 47.325 46.098 45.558 49.46 50.67 52.529
-9999 -9999 -9999 -9999 -9999 -9999 -9999 -9999 -9999 -9999 -9999 -9999 -9999 -9999 -9999 -9999 -9999 61.63 60.148 57.296 -9999 -9999 -9999 -9999 -9999 -9999 -9999 -9999 -9999 -9999 -9999 -9999 -9999 -9999 -9999 47.841 47.467 52.333 56.931 58.662 55.716 55.128 53.791 55.546 54.268 54.284 54.776 54.199 55.757 60.721 73.421 90.539 107.856 106.013 90.661 85.535 75.83 61.481 55.213 51.18 55.094 54.086 49.763 49.151 45.96 46.213 46.428 46.422 46.279 46.215 45.568 45.673 46.747 52.424 54.046
-9999 -9999 -9999 -9999 -9999 -9999 -9999 -9999 -9999 -9999 -9999 -9999 -9999 -9999 -9999 -9999 59.486 62.569 61.879 61.741 61.995 -9999 -9999 -9999 -9999 -9999 -9999 -9999 -9999 -9999 -9999 -9999 50.564 -9999 -9999 47.72 51.908 53.719 54.717 54.432 -9999 55.182 57.839 58.639 56.732 54.917 53.098 54.36 55.743 61.615 73.85 78.225 92.889 87.634 79.753 78.288 69.696 64.971 58.562 53.239 53.964 54.006 49.684 45.435 45.755 46.155 46.422 46.832 45.949 45.753 46.364 44.94 44.685 48.365 54.359
-9999 -9999 -9999 -9999 -9999 -9999 -9999 -9999 -9999 -9999 -9999 -9999 -9999 -9999 -9999 -9999 55.477 58.556 62.423 63.402 63.373 57.877 58.335 -9999 -9999 -9999 58.653 51.597 -9999 50.061 49.386 48.897 56.118 52.306 -9999 -9999 48.589 49.221 -9999 -9999 52.953 54.87 54.925 55.145 54.713 53.426 54.501 55.496 59.883 67.49 81.199 81.623 82.749 78.218 72.966 76.672 71.589 59.942 57.784 55.081 52.152 50.232 49.932 47.495 46.096 48.047 47.076 46.478 47.447 46.934 45.737 44.491 44.329 45.851 49.888
-9999 -9999 -9999 -9999 -9999 -9999 -9999 -9999 -9999 -9999 -9999 -9999 -9999 -9999 -9999 -9999 -9999 57.924 63.61 66.48 63.941 61.853 -9999 -9999 89.247 85.875 60.16 61.231 62.269 61.203 50.605 52.215 50.062 54.292 53.503 -9999 46.209 46.164 48.006 49.061 52.093 52.909 54.925 53.821 52.446 52.571 53.315 58.572 60.685 68.284 87.658 89.087 82.493 76.216 68.257 70.276 68.584 60.127 55.32 54.705 51.842 48.389 48.763 48.825 48.546 48.039 47.068 45.642 46.025 48.098 45.797 42.858 43.476 44.965 45.753
-9999 -9999 -9999 -9999 -9999 -9999 -9999 -9999 -9999 -9999 -9999 -9999 -9999 -9999 -9999 -9999 -9999 57.713 62.089 61.167 65.688 68.772 83.771 103.005 122.212 87.49 70.068 67.324 64.833 63.96 57.361 49.492 53.299 61.158 53.587 54.564 49.02 47.427 47.517 48.667 51.022 55.008 55.318 53.474 52.674 50.428 53.166 56.782 59.702 75.384 87.184 91.651 84.042 81.008 70.113 65.422 69.864 65.872 58.188 56.701 55.623 51.359 51.508 50.702 48.896 47.241 45.108 45.151 44.108 45.483 46.478 42.907 42.346 43.853 44.704
-9999 -9999 -9999 -9999 -9999 -9999 -9999 -9999 -9999 -9999 -9999 -9999 -9999 -9999 -9999 -9999 -9999 -9999 63.042 65.197 71.688 96.663 124.624 161.368 137.789 106.662 91.088 82.671 73.089 71.949 60.24 59.939 57.375 52.887 63.066 55.303 50.988 49.61 47.619 49.266 50.508 52.219 52.023 50.833 48.589 50.353 52.709 54.905 62.466 72.971 81.249 83.713 74.536 76.832 74.377 62.517 69.147 69.082 61.302 60.261 57.711 54.915 53.803 51.984 49.916 47.664 44.521 45.971 45.462 45.228 45.496 41.529 41.05 41.307 43.265
-9999 -9999 -9999 -9999 -9999 -9999 -9999 -9999 -9999 -9999 -9999 -9999 -9999 -9999 -9999 -9999 -9999 -9999 -9999 -9999 87.199 121.516 156.636 175.59 153.112 113.197 89.842 77.354 88.428 79.981 77.276 65.861 57.619 57.158 60.988 63.953 60.021 53.241 46.376 47.635 48.287 50.184 50.077 48.654 48.286 50.357 52.03 55.392 64.318 71.938 73.829 78.812 77.476 76.04 80.061 71.72 64.689 67.336 62.137 60.77 60.361 56.931 54.299 51.272 48.658 47.31 44.77 44.455 45.626 45.001 45.746 43.04 41.007 40.731 40.301
-9999 -9999 -9999 -9999 -9999 -9999 -9999 -9999 -9999 -9999 -9999 -9999 -9999 -9999 -9999 -9999 -9999 -9999 -9999 78.046 106.785 131.977 167.217 188.691 151.274 117.38 104.941 88.529 91.38 91.997 77.693 73.687 61.193 62.697 73.72 70.307 63.121 50.159 48.788 48.29 50.273 51.338 50.793 50.679 49.741 50.593 53.038 59.646 65.248 66.679 68.782 75.695 75.342 75.185 72.403 74.143 70.571 62.47 58.238 58.178 57.172 55.492 52.142 50.911 47.263 47.178 45.072 44.107 44.423 47.198 46.28 43.354 41.9 41.253 39.887
-9999 -9999 -9999 -9999 -9999 -9999 -9999 -9999 -9999 -9999 -9999 -9999 -9999 -9999 -9999 -9999 -9999 -9999 74.903 108.567 112.999 139.152 154.846 150.413 156.157 141.755 118.958 108.005 103.654 84.823 74.52 64.233 64.396 76.242 82.282 72.562 62.231 52.763 48.135 48.122 51.699 50.518 50.552 50.287 50.048 51.909 57.315 59.335 59.879 65.696 68.117 72.78 77.706 68.995 67.548 64.809 65.245 62.186 55.671 54.177 54.406 53.399 51.316 47.236 47.629 45.76 45.685 44.734 44.532 45.832 46.678 43.182 42.909 41.73 40.404
-9999 -9999 -9999 -9999 -9999 -9999 -9999 -9999 -9999 -9999 -9999 -9999 -9999 -9999 -9999 -9999 -9999 69.241 93.05 87.734 102.232 107.989 111.402 121.438 125.295 123.921 122.116 114.481 102.439 85.646 79.152 68.373 75.702 80.068 70.389 65.14 57.285 54.054 48.77 48.656 50.699 50.039 50.775 50.896 52.222 56.301 57.625 56.826 58.778 63.989 66.433 62.499 65.792 65.643 60.361 59.529 58.836 57.509 54.694 51.15 51.648 51.434 49.158 49.048 46.398 43.683 44.008 45.098 44.662 45.147 47.028 44.095 43.277 42.857 42.492
-9999 -9999 -9999 -9999 -9999 -9999 -9999 -9999 -9999 -9999 -9999 -9999 -9999 -9999 -9999 62.944 63.973 68.091 70.275 75.461 77.288 80.822 77.866 92.363 104.546 116.98 119.793 120.32 92.669 83.8 74.789 74.983 88.43 85.507 77.369 65.504 61.996 55.655 49.756 49.338 49.503 48.022 50.452 52.616 55.359 57.109 58.946 56.819 60.536 63.818 62.715 59.523 59.185 56.85 56.395 55.198 54.18 52.048 51.365 50.43 48.658 47.861 46.901 46.386 46.329 44.764 43.353 46.399 46.202 47.03 47.604 45.512 43.342 42.336 40.182
-9999 -9999 -9999 -9999 -9999 -9999 -9999 -9999 -9999 -9999 -9999 -9999 -9999 -9999 63.908 63.987 63.097 65.351 -9999 -9999 -9999 -9999 78.617 99.747 118.14 121.968 122.588 106.007 97.714 97.519 89.361 95.01 109.946 95.865 78.898 71.386 63.953 54.317 52.325 50.924 49.66 50.347 51.38 52.861 54.992 56.312 57.074 55.991 56.963 59.172 57.174 56.292 55.7 54.066 53.187 52.074 50.115 46.119 45.596 47.988 47.208 45.735 45.797 46.882 46.393 46.19 47.316 48.046 48.162 48.675 49.092 46.756 44.066 42.494 40.529
-9999 -9999 -9999 -9999 -9999 -9999 -9999 -9999 -9999 -9999 -9999 -9999 -9999 -9999 63.752 66.802 66.968 -9999 -9999 -9999 -9999 -9999 83.752 104.483 130.983 132.322 118.052 115.927 116.166 115.566 107.013 108.973 102.327 77.915 67.732 66.691 57.779 53.456 50.394 50.554 51.096 53.214 54.547 53.127 54.523 57.422 57.559 56.067 54.617 55.286 56.171 56.433 56.579 55.944 52.738 50.386 49.554 47.844 46.631 46.302 45.884 42.42 42.449 47.048 49.079 50.753 51.559 53.473 52.076 50.076 49.798 47.303 44.291 42.275 41.558
-9999 -9999 -9999 -9999 -9999 -9999 -9999 -9999 -9999 -9999 -9999 -9999 -9999 -9999 -9999 -9999 68.04 -9999 -9999 -9999 -9999 -9999 81.862 103.764 113.372 105.454 113.553 117.916 134.704 126.168 103.991 103.683 88.0 74.962 70.7 61.976 55.127 50.279 49.196 45.354 50.85 51.744 51.104 53.684 52.06 53.506 54.642 54.195 52.436 53.557 55.345 53.374 53.483 55.274 53.114 51.435 53.284 51.719 49.632 48.63 46.38 43.851 42.762 45.227 49.464 51.034 52.116 51.961 51.685 50.742 52.194 49.36 45.074 42.966 42.249
-9999 -9999 -9999 -9999 -9999 -9999 -9999 -9999 -9999 -9999 -9999 -9999 -9999 -9999 -9999 -9999 -9999 -9999 -9999 -9999 -9999 -9999 81.924 89.238 88.992 106.863 116.767 136.128 135.191 127.328 111.039 90.762 77.485 73.036 64.589 57.691 48.59 49.198 45.067 49.572 47.995 48.749 50.813 48.748 51.342 52.688 53.758 53.534 54.099 56.031 58.675 55.279 51.075 51.772 51.561 51.921 53.98 55.445 53.052 53.606 53.788 49.448 45.745 44.956 45.516 47.577 49.363 51.33 51.447 49.547 49.177 47.72 44.746 42.48 41.995
-9999 -9999 -9999 -9999 -9999 -9999 -9999 -9999 -9999 -9999 -9999 -9999 -9999 -9999 -9999 -9999 -9999 -9999 -9999 -9999 -9999 -9999 -9999 90.278 121.147 138.628 132.27 128.334 125.194 113.328 93.607 82.529 72.53 63.303 68.495 65.616 52.212 52.959 49.801 46.776 45.097 46.995 49.28 52.178 58.881 58.27 58.155 54.136 53.349 54.639 58.917 57.57 54.326 51.404 49.4 49.456 52.964 55.008 55.551 57.691 57.914 52.909 48.398 47.197 47.548 49.767 50.471 51.133 51.292 49.414 47.984 45.811 43.903 42.078 41.181
-9999 -9999 -9999 -9999 -9999 -9999 -9999 -9999 -9999 -9999 -9999 -9999 -9999 -9999 -9999 -9999 -9999 -9999 -9999 -9999 -9999 -9999 84.01 101.267 133.13 139.853 129.603 112.381 106.352 92.035 94.942 84.367 64.262 63.915 68.365 55.836 64.458 53.697 46.925 43.391 52.005 55.249 52.729 61.058 59.865 59.976 53.685 54.36 53.96 55.499 55.993 55.991 52.716 51.165 48.289 48.364 48.467 51.372 53.265 54.803 55.409 51.486 48.343 48.942 50.18 52.499 54.297 52.637 50.47 48.705 47.413 47.032 43.804 41.772 41.167
-9999 -9999 -9999 -9999 -9999 -9999 -9999 -9999 -9999 -9999 -9999 -9999 -9999 -9999 -9999 -9999 -9999 -9999 -9999 -9999 -9999 -9999 78.372 98.975 127.655 117.542 99.036 92.635 91.163 98.824 95.29 75.193 64.594 63.367 58.078 59.977 57.742 57.852 56.637 57.118 55.158 50.993 52.268 55.53 57.51 53.442 54.238 56.335 56.348 56.794 55.26 55.301 54.53 50.866 48.088 47.676 48.21 48.281 50.321 52.7 52.935 49.354 44.543 47.433 53.698 54.125 53.845 53.614 50.417 49.172 46.147 44.153 44.563 42.08 41.39
-9999 -9999 -9999 -9999 -9999 -9999 -9999 -9999 -9999 -9999 -9999 -9999 -9999 -9999 -9999 -9999 -9999 -9999 -9999 -9999 -9999 -9999 64.678 87.576 91.01 94.155 89.784 93.164 97.763 99.197 85.624 77.149 65.38 61.494 57.227 55.779 58.662 66.696 67.621 66.304 56.205 56.23 54.421 55.201 54.332 52.281 55.531 55.617 56.777 57.762 56.6 57.227 55.719 52.626 49.527 50.563 49.858 49.153 50.03 49.155 49.883 48.335 48.218 47.297 51.902 53.624 51.739 50.267 49.327 48.974 49.0 44.251 41.946 42.526 41.435
-9999 -9999 -9999 -9999 -9999 -9999 -9999 -9999 -9999 -9999 -9999 -9999 -9999 -9999 -9999 -9999 -9999 -9999 -9999 -9999 -9999 -9999 -9999 59.315 88.465 102.109 111.906 112.7 100.618 88.758 73.291 60.205 59.384 58.8 57.631 56.333 58.313 62.299 67.522 68.081 61.926 54.196 54.019 58.265 55.151 51.742 54.748 56.101 58.58 59.179 56.474 55.322 54.896 50.781 49.253 51.298 53.615 50.964 49.984 48.78 47.07 48.164 47.713 48.56 49.339 49.022 49.471 48.559 47.874 48.272 47.158 45.695 43.168 42.508 41.716
-9999 -9999 -9999 -9999 -9999 -9999 -9999 -9999 -9999 -9999 -9999 -9999 -9999 -9999 -9999 -9999 -9999 -9999 -9999 -9999 -9999 -9999 -9999 71.819 91.143 108.112 133.669 139.456 111.737 84.72 66.025 60.308 63.305 67.692 69.917 66.284 61.39 57.074 64.321 65.489 59.267 61.429 67.384 61.665 56.344 56.464 57.514 56.699 57.807 59.258 58.733 56.301 53.547 50.023 55.186 54.158 52.999 52.032 50.733 51.397 50.586 50.413 50.32 48.301 48.323 51.139 50.462 51.197 48.296 48.544 47.102 44.835 44.855 43.712 41.596
-9999 -9999 -9999 -9999 -9999 -9999 -9999 -9999 -9999 -9999 -9999 -9999 -9999 -9999 -9999 -9999 -9999 -9999 -9999 -9999 -9999 -9999 51.58 68.383 89.118 114.129 136.392 129.879 109.556 83.423 80.584 84.488 77.322 77.453 74.725 65.437 59.136 61.151 64.252 58.501 61.058 68.536 67.061 63.539 57.952 55.654 56.894 54.854 57.951 62.017 61.061 59.877 56.283 53.683 50.215 54.082 52.195 51.357 51.198 53.442 50.919 50.927 51.085 50.382 49.47 51.083 51.599 49.864 50.388 48.847 46.822 45.374 45.474 43.732 41.016
-9999 -9999 -9999 -9999 -9999 -9999 -9999 -9999 -9999 -9999 -9999 -9999 -9999 -9999 -9999 -9999 -9999 -9999 -9999 -9999 -9999 -9999 62.087 75.427 87.945 101.603 121.991 131.876 109.559 90.429 82.376 81.447 84.045 82.597 77.334 69.646 70.112 65.874 58.78 60.377 59.565 62.836 63.831 64.156 49.299 55.555 54.413 51.426 54.657 59.765 66.521 62.377 60.13 55.5 51.016 46.78 49.065 49.069 49.081 50.616 51.594 48.502 50.668 53.144 52.289 51.815 50.991 47.135 47.822 47.579 46.435 44.977 44.887 43.246 41.362
-9999 -9999 -9999 -9999 -9999 -9999 -9999 -9999 -9999 -9999 -9999 -9999 -9999 -9999 -9999 -9999 -9999 -9999 -9999 -9999 -9999 -9999 69.745 74.756 78.182 97.185 118.645 126.831 113.474 90.115 79.265 82.926 80.251 76.271 75.57 77.057 73.303 62.619 59.905 55.457 64.02 57.646 61.4 54.418 55.09 55.578 50.08 49.649 53.223 62.447 61.063 62.804 60.844 57.788 54.482 50.142 48.492 49.294 48.403 49.296 47.897 47.3 48.45 51.296 51.901 49.191 50.382 48.37 46.111 46.443 45.166 45.142 42.811 41.065 40.028
-9999 -9999 -9999 -9999 -9999 -9999 -9999 -9999 -9999 -9999 -9999 -9999 -9999 -9999 -9999 -9999 -9999 -9999 -9999 -9999 -9999 65.101 72.677 79.699 82.253 91.976 111.577 116.134 109.35 87.126 75.713 71.589 66.781 70.432 80.566 75.376 68.441 67.517 59.036 60.013 56.065 53.274 53.187 54.625 56.091 50.832 50.334 51.178 52.571 54.133 56.757 56.037 57.338 56.001 53.894 51.906 49.967 48.677 47.209 46.47 47.239 48.258 49.355 49.847 49.465 47.968 47.768 48.671 45.541 45.374 45.19 45.35 43.968 40.681 39.078
-9999 -9999 -9999 -9999 -9999 -9999 -9999 -9999 -9999 -9999 -9999 -9999 -9999 -9999 -9999 -9999 -9999 -9999 -9999 -9999 69.912 70.121 76.207 76.969 81.435 98.35 113.508 117.577 107.749 97.109 78.117 74.22 67.688 73.543 82.715 73.399 73.029 62.754 58.2 55.584 54.334 54.971 57.487 58.547 58.22 55.173 53.696 49.41 50.73 53.14 53.399 53.436 52.805 53.718 52.179 46.719 47.8 49.067 48.668 48.061 46.862 50.168 50.011 48.817 48.107 47.285 46.495 45.645 45.355 46.144 46.342 44.949 44.808 41.603 38.863
-9999 -9999 -9999 -9999 -9999 -9999 -9999 -9999 -9999 -9999 -9999 -9999 -9999 -9999 -9999 -9999 -9999 -9999 75.401 72.959 72.468 65.713 68.509 76.23 84.525 104.99 116.873 122.935 116.929 94.049 79.507 68.625 69.816 76.1 79.499 71.262 62.833 59.431 55.074 53.769 53.122 56.346 57.32 56.392 56.566 54.271 51.386 51.341 51.203 52.856 53.02 51.447 50.857 51.25 49.31 47.767 45.971 50.042 50.144 52.098 53.558 53.221 51.324 45.923 45.216 46.433 48.168 46.312 45.687 44.777 46.307 45.234 43.376 39.719 37.616
