Validation/Results/raw data/ReClimate_10_2024_2_Temperature-Actuals.asc
NCOLS 192
NROWS 249
XLLCENTER -225160.85627316462
YLLCENTER 29788.11610251431
CELLSIZE 5000.0
NODATA_VALUE -9999
[rows 136 to 169 of 249, columns 77 to 153 of 192]
-9999 -9999 -9999 -9999 -9999 -9999 -9999 -9999 5.909 -9999 5.26 4.89 4.899 4.89 5.063 5.185 5.192 5.074 4.251 4.355 4.302 4.292 4.673 4.693 4.777 4.839 4.462 4.434 -9999 -9999 -9999 -9999 -9999 -9999 4.885 5.047 5.037 4.808 4.699 4.534 4.046 3.792 3.977 3.963 3.942 4.265 4.064 3.999 4.362 4.589 4.794 4.81 5.186 5.351 5.449 5.641 6.054 -9999 -9999 -9999 -9999 -9999 -9999 -9999 -9999 -9999 -9999 -9999 -9999 -9999 -9999 -9999 -9999 -9999 -9999 -9999 -9999
-9999 -9999 -9999 -9999 -9999 -9999 -9999 -9999 5.782 5.706 5.654 5.67 5.431 5.267 5.202 5.237 5.493 5.322 5.015 4.383 4.351 4.392 4.696 4.618 4.637 5.023 4.802 5.296 -9999 -9999 -9999 -9999 5.054 4.787 4.857 5.071 5.139 5.028 4.825 4.188 3.522 3.555 3.735 3.444 3.991 3.888 3.728 4.212 4.147 4.363 4.791 4.863 4.626 4.96 5.252 5.425 6.081 -9999 -9999 -9999 -9999 -9999 -9999 -9999 -9999 -9999 -9999 -9999 -9999 -9999 -9999 -9999 -9999 -9999 -9999 -9999 -9999
6.579 -9999 -9999 -9999 -9999 -9999 -9999 -9999 5.889 6.09 5.97 -9999 -9999 5.727 5.467 5.447 5.527 -9999 5.706 5.436 5.175 4.949 4.959 4.748 5.176 5.527 -9999 -9999 -9999 -9999 -9999 5.504 5.165 4.925 4.935 4.986 4.99 4.966 4.602 3.986 3.111 2.964 3.423 3.203 3.67 3.264 3.516 3.832 3.773 4.269 4.332 4.437 4.521 4.792 5.077 5.288 5.829 -9999 -9999 -9999 -9999 -9999 -9999 -9999 -9999 -9999 -9999 -9999 -9999 -9999 -9999 -9999 -9999 -9999 -9999 -9999 -9999
6.179 -9999 -9999 -9999 -9999 -9999 -9999 -9999 -9999 6.288 6.387 -9999 -9999 -9999 6.011 5.601 5.593 5.828 -9999 -9999 5.776 5.581 5.48 5.248 5.432 -9999 -9999 -9999 -9999 -9999 5.437 5.327 5.056 4.958 4.902 4.831 4.867 4.615 4.4 4.099 3.23 3.054 2.531 3.099 2.731 2.649 3.058 3.398 3.342 3.64 4.15 4.231 4.213 4.638 4.965 4.988 5.32 -9999 -9999 -9999 -9999 -9999 -9999 -9999 -9999 -9999 -9999 -9999 -9999 -9999 -9999 -9999 -9999 -9999 -9999 -9999 -9999
-9999 -9999 -9999 -9999 -9999 -9999 -9999 -9999 -9999 -9999 6.51 -9999 -9999 -9999 -9999 5.99 5.597 5.78 -9999 -9999 -9999 6.018 6.216 -9999 -9999 -9999 -9999 -9999 -9999 -9999 5.452 5.212 4.933 4.683 4.472 4.548 4.607 4.507 4.574 4.247 3.618 2.766 2.694 2.744 2.125 2.343 2.707 3.182 3.092 3.228 3.748 4.139 4.394 4.663 4.826 4.717 4.97 -9999 -9999 -9999 -9999 -9999 -9999 -9999 -9999 -9999 -9999 -9999 -9999 -9999 -9999 -9999 -9999 -9999 -9999 -9999 -9999
-9999 -9999 -9999 -9999 -9999 -9999 -9999 -9999 -9999 -9999 6.338 -9999 -9999 -9999 -9999 -9999 6.082 6.044 -9999 -9999 -9999 -9999 -9999 -9999 -9999 -9999 -9999 -9999 -9999 -9999 5.373 4.797 4.446 4.288 4.163 4.306 4.379 4.406 4.421 4.185 3.749 2.841 1.981 1.594 1.958 2.398 3.287 3.464 3.541 3.737 3.833 3.867 4.311 4.674 4.691 4.517 4.686 5.263 -9999 -9999 -9999 -9999 -9999 -9999 -9999 -9999 -9999 -9999 -9999 -9999 -9999 -9999 -9999 -9999 -9999 -9999 -9999
6.106 6.272 6.697 -9999 -9999 -9999 -9999 -9999 -9999 -9999 6.359 -9999 -9999 -9999 -9999 -9999 -9999 -9999 -9999 -9999 -9999 -9999 -9999 -9999 -9999 -9999 -9999 -9999 -9999 5.501 5.092 4.789 4.767 4.559 3.823 4.208 4.157 4.015 4.243 4.107 4.188 2.987 1.703 1.391 2.227 2.762 2.368 2.315 2.908 3.327 4.108 4.214 4.24 4.394 4.466 4.498 4.545 4.968 5.635 -9999 -9999 -9999 -9999 -9999 -9999 -9999 -9999 -9999 -9999 -9999 -9999 -9999 -9999 -9999 -9999 -9999 -9999
5.949 6.234 6.505 -9999 -9999 -9999 -9999 -9999 -9999 -9999 -9999 -9999 -9999 -9999 -9999 -9999 -9999 -9999 -9999 -9999 -9999 -9999 -9999 -9999 -9999 -9999 -9999 -9999 5.287 5.221 4.964 4.853 4.785 4.472 2.962 3.485 4.229 4.196 4.203 4.429 4.197 3.642 2.468 1.617 2.165 2.385 2.661 2.882 2.81 3.044 3.539 4.238 4.376 4.489 4.488 4.497 4.622 5.016 5.531 -9999 -9999 -9999 -9999 -9999 -9999 -9999 -9999 -9999 -9999 -9999 -9999 -9999 -9999 -9999 -9999 -9999 -9999
6.099 -9999 6.571 6.897 -9999 -9999 -9999 -9999 -9999 -9999 -9999 -9999 -9999 -9999 -9999 -9999 -9999 -9999 -9999 -9999 -9999 -9999 -9999 -9999 -9999 -9999 -9999 -9999 5.202 5.057 4.941 4.092 3.941 4.192 4.379 4.108 3.803 4.031 4.132 4.222 4.398 4.265 3.486 2.992 2.087 2.615 2.967 3.146 3.249 3.509 3.811 4.121 4.238 4.461 4.502 4.56 4.643 5.004 5.522 5.885 6.001 -9999 -9999 -9999 -9999 -9999 -9999 -9999 -9999 -9999 -9999 -9999 -9999 -9999 -9999 -9999 -9999
6.137 -9999 -9999 6.867 -9999 -9999 -9999 -9999 -9999 -9999 -9999 -9999 -9999 -9999 -9999 -9999 -9999 -9999 -9999 -9999 -9999 -9999 -9999 -9999 -9999 -9999 -9999 -9999 5.393 5.129 4.469 3.638 4.717 4.726 3.985 3.53 4.016 3.91 3.652 4.329 4.2 4.499 4.542 3.752 3.22 2.847 3.075 3.304 3.714 3.95 4.278 4.495 4.637 4.601 4.708 4.598 4.727 4.956 5.272 5.146 5.227 5.258 5.565 5.126 -9999 -9999 -9999 -9999 -9999 -9999 -9999 -9999 -9999 -9999 -9999 -9999 -9999
6.124 6.468 -9999 6.915 -9999 -9999 -9999 -9999 -9999 -9999 -9999 -9999 -9999 -9999 -9999 -9999 -9999 -9999 -9999 -9999 -9999 -9999 -9999 -9999 -9999 -9999 -9999 6.208 5.435 4.905 3.856 3.302 3.221 3.865 4.064 3.984 3.682 3.211 4.046 3.462 3.987 4.328 4.468 4.269 4.019 3.575 3.063 3.3 3.731 4.098 4.364 4.589 4.72 4.844 4.82 4.8 4.853 5.007 5.098 4.97 4.254 4.178 4.259 4.429 4.953 4.746 -9999 -9999 -9999 -9999 -9999 -9999 -9999 -9999 -9999 -9999 -9999
6.211 -9999 6.635 -9999 -9999 -9999 -9999 -9999 -9999 -9999 -9999 -9999 -9999 -9999 -9999 -9999 -9999 -9999 -9999 -9999 -9999 -9999 -9999 -9999 -9999 -9999 -9999 -9999 5.995 5.062 3.756 3.452 3.859 2.724 3.317 3.912 3.447 3.863 2.943 3.189 3.886 4.166 4.115 4.163 3.858 2.471 2.748 2.904 2.939 3.297 4.026 4.313 4.536 4.763 4.857 4.864 4.944 5.121 5.195 5.025 4.421 4.05 4.178 4.2 4.235 4.556 4.646 -9999 -9999 -9999 -9999 -9999 -9999 -9999 -9999 -9999 -9999
6.286 6.349 6.564 -9999 -9999 -9999 -9999 -9999 -9999 -9999 -9999 -9999 -9999 -9999 -9999 -9999 -9999 -9999 -9999 -9999 -9999 -9999 -9999 -9999 -9999 -9999 -9999 -9999 -9999 5.652 4.908 4.847 3.833 3.883 4.032 4.546 4.7 3.546 3.504 3.827 3.951 3.67 3.675 3.932 3.109 2.798 2.64 2.222 2.625 3.223 3.491 4.074 4.381 4.693 4.827 4.849 4.96 5.124 4.608 4.369 3.817 3.244 3.441 3.714 4.151 4.152 4.464 5.031 -9999 -9999 -9999 -9999 -9999 -9999 -9999 -9999 -9999
6.511 6.411 -9999 -9999 -9999 -9999 -9999 -9999 -9999 -9999 -9999 -9999 -9999 -9999 -9999 -9999 -9999 -9999 -9999 -9999 -9999 -9999 -9999 -9999 -9999 -9999 -9999 -9999 -9999 6.244 5.636 5.128 4.638 4.141 3.571 4.619 4.16 4.309 4.478 4.428 4.17 3.725 2.917 3.717 3.108 2.53 2.846 3.487 3.639 3.597 3.746 3.941 4.461 4.763 4.824 4.827 4.75 4.521 4.269 3.888 3.943 3.694 3.565 3.49 3.649 3.949 4.114 4.712 5.61 -9999 -9999 -9999 -9999 -9999 -9999 -9999 -9999
6.635 6.9 -9999 -9999 -9999 -9999 -9999 -9999 -9999 -9999 -9999 -9999 -9999 -9999 -9999 -9999 -9999 -9999 -9999 -9999 -9999 -9999 -9999 -9999 -9999 -9999 -9999 -9999 -9999 -9999 5.402 4.747 4.546 3.964 4.533 4.376 4.704 4.796 4.748 4.571 4.32 3.848 3.951 2.892 3.215 3.342 3.193 3.493 3.567 3.458 4.036 4.163 4.538 4.733 4.85 4.824 4.587 4.303 4.163 4.006 3.851 3.817 3.779 3.688 3.714 3.884 4.234 4.533 5.291 -9999 -9999 -9999 -9999 -9999 -9999 -9999 -9999
-9999 -9999 -9999 -9999 -9999 -9999 -9999 -9999 -9999 -9999 -9999 -9999 -9999 -9999 -9999 -9999 -9999 -9999 -9999 -9999 -9999 -9999 -9999 -9999 -9999 -9999 -9999 -9999 -9999 -9999 6.103 4.512 4.684 5.141 4.742 4.938 4.896 5.042 4.877 4.417 4.427 4.45 2.921 3.511 3.337 3.236 3.038 3.665 3.742 3.892 3.989 4.309 4.458 4.734 4.85 4.832 4.653 4.121 3.838 3.986 4.121 4.072 4.026 3.861 3.845 3.926 4.145 4.626 4.867 5.648 -9999 -9999 -9999 -9999 -9999 -9999 -9999
-9999 -9999 -9999 -9999 -9999 -9999 -9999 -9999 -9999 -9999 -9999 -9999 -9999 -9999 -9999 -9999 -9999 -9999 -9999 -9999 -9999 -9999 -9999 -9999 -9999 -9999 -9999 -9999 -9999 -9999 -9999 5.586 5.604 5.175 4.9 5.044 4.979 5.197 4.968 4.663 4.753 4.096 3.307 2.977 3.039 2.704 3.022 3.002 3.25 3.665 3.669 3.97 4.378 4.675 4.804 4.665 4.51 4.41 3.793 3.82 4.345 4.617 4.463 4.357 4.291 4.437 4.616 4.854 5.104 5.289 -9999 -9999 -9999 -9999 -9999 -9999 -9999
-9999 -9999 -9999 -9999 -9999 -9999 -9999 -9999 -9999 -9999 -9999 -9999 -9999 -9999 -9999 -9999 -9999 -9999 -9999 -9999 -9999 -9999 -9999 -9999 -9999 -9999 -9999 -9999 -9999 -9999 -9999 6.113 -9999 5.067 5.222 5.165 5.27 -9999 5.26 4.931 4.818 4.184 3.244 3.244 3.241 2.825 3.025 2.955 2.438 3.113 3.4 3.616 3.94 4.461 4.667 4.581 4.451 4.465 4.527 4.37 4.655 4.844 4.716 4.571 4.549 4.624 4.795 4.899 4.656 4.639 4.977 -9999 -9999 -9999 -9999 -9999 -9999
-9999 -9999 -9999 -9999 -9999 -9999 -9999 -9999 -9999 -9999 -9999 -9999 -9999 -9999 -9999 -9999 -9999 -9999 -9999 -9999 -9999 -9999 -9999 -9999 -9999 -9999 -9999 -9999 -9999 -9999 -9999 -9999 5.941 5.354 -9999 -9999 -9999 -9999 5.525 5.206 5.113 4.593 4.179 3.411 3.301 3.125 2.964 3.566 3.225 2.726 3.354 3.521 3.961 4.313 4.601 4.656 4.633 4.635 4.689 4.703 4.618 4.726 4.607 4.544 4.65 4.651 4.519 4.551 4.67 4.551 4.628 4.959 5.528 -9999 -9999 -9999 -9999
-9999 -9999 -9999 -9999 -9999 -9999 -9999 -9999 -9999 -9999 -9999 -9999 -9999 -9999 -9999 -9999 -9999 -9999 -9999 -9999 -9999 -9999 -9999 -9999 -9999 -9999 -9999 -9999 -9999 -9999 -9999 -9999 6.198 5.882 -9999 -9999 -9999 -9999 5.669 5.124 5.209 4.848 4.194 4.289 4.144 3.461 3.366 3.513 3.65 2.815 3.279 3.53 3.804 4.229 4.63 4.741 4.755 4.785 4.779 4.782 4.724 4.633 4.618 4.614 4.654 4.571 4.391 4.242 4.287 4.422 4.69 5.027 5.524 -9999 -9999 -9999 -9999
-9999 -9999 -9999 -9999 -9999 -9999 -9999 -9999 -9999 -9999 -9999 -9999 -9999 -9999 -9999 -9999 -9999 -9999 -9999 -9999 -9999 -9999 -9999 -9999 -9999 -9999 -9999 -9999 -9999 -9999 -9999 -9999 6.243 -9999 -9999 -9999 -9999 5.913 5.536 5.103 4.441 4.144 4.139 4.131 4.204 3.758 3.357 3.813 3.8 3.715 3.309 3.721 3.98 4.371 4.68 4.865 4.787 4.802 4.841 4.859 4.851 4.805 4.809 4.66 4.334 4.339 4.338 4.393 4.445 4.555 4.79 5.177 -9999 -9999 -9999 -9999 -9999
-9999 -9999 -9999 -9999 -9999 -9999 -9999 -9999 -9999 -9999 -9999 -9999 -9999 -9999 -9999 -9999 -9999 -9999 -9999 -9999 -9999 -9999 -9999 -9999 -9999 -9999 -9999 -9999 -9999 -9999 -9999 -9999 -9999 -9999 -9999 -9999 -9999 5.935 5.346 4.394 3.617 3.344 3.764 4.268 4.223 4.33 4.204 4.297 4.148 3.976 3.777 3.8 4.169 4.476 4.715 4.907 4.872 4.829 4.891 4.932 4.928 4.884 4.854 4.81 4.253 3.946 4.384 4.568 4.748 4.791 4.948 5.198 -9999 -9999 -9999 -9999 -9999
-9999 -9999 -9999 -9999 -9999 -9999 -9999 -9999 -9999 -9999 -9999 -9999 -9999 -9999 -9999 -9999 -9999 -9999 -9999 -9999 -9999 -9999 -9999 -9999 -9999 -9999 -9999 -9999 -9999 -9999 -9999 -9999 -9999 -9999 -9999 -9999 -9999 5.771 5.26 4.524 3.77 3.763 4.19 4.305 4.578 4.545 4.505 4.528 4.46 4.597 4.193 4.167 4.22 4.445 4.669 4.885 5.005 4.935 4.954 4.976 4.982 4.956 4.908 4.905 4.641 4.187 4.368 4.718 4.901 4.994 5.054 5.204 -9999 -9999 -9999 -9999 -9999
-9999 -9999 -9999 -9999 -9999 -9999 -9999 -9999 -9999 -9999 -9999 -9999 -9999 -9999 -9999 -9999 -9999 -9999 -9999 -9999 -9999 -9999 -9999 -9999 -9999 -9999 -9999 -9999 -9999 -9999 -9999 -9999 -9999 -9999 -9999 -9999 5.914 5.62 5.181 4.351 3.84 3.651 4.192 4.226 4.868 4.623 4.644 4.435 4.389 4.259 4.813 4.764 4.872 4.802 4.957 4.874 4.968 5.011 4.954 4.981 5.018 5.009 5.009 4.996 4.931 4.576 4.53 4.807 5.04 5.125 5.133 5.223 5.43 -9999 -9999 -9999 -9999
-9999 -9999 -9999 -9999 -9999 -9999 -9999 -9999 -9999 -9999 -9999 -9999 -9999 -9999 -9999 -9999 -9999 -9999 -9999 -9999 -9999 -9999 -9999 -9999 -9999 -9999 -9999 -9999 -9999 -9999 -9999 -9999 -9999 -9999 -9999 -9999 5.695 5.58 5.306 4.845 4.224 4.796 4.69 5.11 4.636 4.276 4.39 4.236 4.295 4.594 4.41 4.796 4.815 4.799 4.827 4.953 4.943 5.036 5.069 5.042 5.057 5.095 5.118 5.135 5.067 4.942 4.682 4.818 5.091 5.211 5.195 5.217 5.424 -9999 -9999 -9999 -9999
-9999 -9999 -9999 -9999 -9999 -9999 -9999 -9999 -9999 -9999 -9999 -9999 -9999 -9999 -9999 -9999 -9999 -9999 -9999 -9999 -9999 -9999 -9999 -9999 -9999 -9999 -9999 -9999 -9999 -9999 -9999 -9999 -9999 -9999 -9999 5.81 5.557 5.555 5.591 5.174 5.125 5.075 5.25 5.119 4.569 4.499 4.387 4.245 4.266 4.41 5.056 4.832 5.178 5.148 5.044 4.888 4.958 5.008 5.085 5.072 5.051 5.114 5.17 5.181 5.115 5.014 4.852 4.717 4.982 5.262 5.316 5.226 5.285 5.517 -9999 -9999 -9999
-9999 -9999 -9999 -9999 -9999 -9999 -9999 -9999 -9999 -9999 -9999 -9999 -9999 -9999 -9999 -9999 -9999 -9999 -9999 -9999 -9999 -9999 -9999 -9999 -9999 -9999 -9999 -9999 -9999 -9999 -9999 -9999 -9999 -9999 -9999 5.592 5.507 5.573 5.591 5.482 5.359 5.338 5.149 4.89 4.956 4.728 4.274 3.549 3.733 3.984 4.571 5.091 5.078 5.405 5.495 5.265 4.995 5.051 5.112 5.117 5.093 5.145 5.211 5.23 5.2 5.146 4.987 4.837 5.056 5.43 5.545 5.454 5.286 5.329 -9999 -9999 -9999
-9999 -9999 -9999 -9999 -9999 -9999 -9999 -9999 -9999 -9999 -9999 -9999 -9999 -9999 -9999 -9999 -9999 -9999 -9999 -9999 -9999 -9999 -9999 -9999 -9999 -9999 -9999 -9999 -9999 -9999 -9999 -9999 -9999 -9999 -9999 5.678 5.57 5.607 5.705 5.663 5.533 5.239 5.001 4.885 4.56 4.076 3.518 3.522 3.757 3.971 4.436 4.968 5.033 5.094 5.417 5.55 5.413 5.27 5.271 5.224 5.16 5.194 5.228 5.24 5.235 5.206 5.213 5.124 5.249 5.591 5.718 5.613 5.396 5.232 5.296 -9999 -9999
-9999 -9999 -9999 -9999 -9999 -9999 -9999 -9999 -9999 -9999 -9999 -9999 -9999 -9999 -9999 -9999 -9999 -9999 -9999 -9999 -9999 -9999 -9999 -9999 -9999 -9999 -9999 -9999 -9999 -9999 -9999 -9999 -9999 -9999 -9999 -9999 5.588 5.606 5.694 5.637 5.237 4.84 4.633 4.491 4.414 4.207 3.827 3.99 4.003 4.383 5.043 5.232 5.313 5.13 5.358 5.529 5.451 5.397 5.408 5.336 5.26 5.264 5.277 5.257 5.217 5.197 5.176 5.263 5.343 -9999 5.676 -9999 5.439 5.324 5.276 5.632 -9999
-9999 -9999 -9999 -9999 -9999 -9999 -9999 -9999 -9999 -9999 -9999 -9999 -9999 -9999 -9999 -9999 -9999 -9999 -9999 -9999 -9999 -9999 -9999 -9999 -9999 -9999 -9999 -9999 -9999 -9999 -9999 -9999 -9999 -9999 -9999 5.855 5.647 5.615 5.668 5.486 4.96 4.33 4.257 4.397 4.06 4.016 4.176 3.924 3.681 4.051 4.636 5.412 5.309 5.313 5.489 5.506 5.402 5.414 5.391 5.376 5.318 5.296 5.278 5.242 5.177 5.001 5.03 5.146 5.09 5.158 5.369 5.432 -9999 5.46 5.472 5.458 5.776
-9999 -9999 -9999 -9999 -9999 -9999 -9999 -9999 -9999 -9999 -9999 -9999 -9999 -9999 -9999 -9999 -9999 -9999 -9999 -9999 -9999 -9999 -9999 -9999 -9999 -9999 -9999 -9999 -9999 -9999 -9999 -9999 -9999 -9999 -9999 5.914 5.718 5.718 5.605 5.261 4.954 4.581 4.398 4.617 4.569 4.647 4.744 4.244 3.876 4.159 4.656 4.972 4.987 5.051 5.242 5.338 5.228 5.245 5.347 5.369 5.387 5.345 5.289 5.223 5.162 5.093 4.905 5.0 5.001 4.819 4.973 5.212 5.373 -9999 -9999 -9999 -9999
-9999 -9999 -9999 -9999 -9999 -9999 -9999 -9999 -9999 -9999 -9999 -9999 -9999 -9999 -9999 -9999 -9999 -9999 -9999 -9999 -9999 -9999 -9999 -9999 -9999 -9999 -9999 -9999 -9999 -9999 -9999 -9999 -9999 -9999 6.089 5.979 5.799 5.597 5.431 5.396 5.258 4.85 5.053 5.132 5.186 5.264 5.076 4.462 3.736 3.632 4.172 4.548 4.457 4.786 5.187 5.264 5.331 5.25 5.318 5.382 5.403 5.359 5.295 5.217 5.172 5.128 5.035 4.915 4.907 4.713 4.677 4.902 5.166 5.35 5.453 -9999 -9999
-9999 -9999 -9999 -9999 -9999 -9999 -9999 -9999 -9999 -9999 -9999 -9999 -9999 -9999 -9999 -9999 -9999 -9999 -9999 -9999 -9999 -9999 -9999 -9999 -9999 -9999 -9999 -9999 -9999 -9999 -9999 -9999 -9999 -9999 6.13 5.892 5.827 5.674 5.451 5.264 5.432 5.399 5.452 5.497 5.576 5.617 5.371 4.84 4.284 3.492 3.27 3.956 4.084 4.399 4.967 5.101 5.433 5.524 5.352 5.368 5.405 5.372 5.311 5.24 5.195 5.174 5.056 4.972 4.937 4.895 4.547 4.676 4.923 5.142 5.33 5.533 -9999
-9999 -9999 -9999 -9999 -9999 -9999 -9999 -9999 -9999 -9999 -9999 -9999 -9999 -9999 -9999 -9999 -9999 -9999 -9999 -9999 -9999 -9999 -9999 -9999 -9999 -9999 -9999 -9999 -9999 -9999 -9999 -9999 -9999 -9999 -9999 5.966 5.866 5.748 5.481 5.537 5.529 5.57 5.651 5.747 5.96 5.976 5.694 5.251 4.546 3.793 3.09 2.963 3.606 4.129 4.683 5.15 5.22 5.453 5.353 5.283 5.344 5.336 5.295 5.233 5.183 5.127 5.032 4.968 4.974 4.92 4.73 4.608 4.786 4.915 5.112 5.342 5.516
