Validation/Results/raw data/ReClimate_05_2024_1_Temperature.asc
NCOLS 192
NROWS 249
XLLCENTER -225160.85627316462
YLLCENTER 29788.11610251502
CELLSIZE 5000.0
NODATA_VALUE -9999
[rows 170 to 203 of 249, columns 75 to 149 of 192]
-9999 -9999 -9999 -9999 -9999 -9999 -9999 -9999 -9999 -9999 -9999 -9999 -9999 -9999 -9999 -9999 -9999 -0.116 -0.112 -9999 -9999 -9999 -9999 -9999 -9999 -9999 -9999 -9999 -9999 -9999 -9999 -9999 -9999 -9999 -9999 -9999 -0.02 -0.016 -0.019 -0.024 -0.021 -0.019 -0.014 -0.01 -0.007 -0.006 -0.003 -0.002 -0.004 -0.006 -0.0 0.006 0.01 0.012 0.011 0.008 0.003 -0.007 0.001 0.008 0.015 0.022 0.026 0.029 0.033 0.036 0.03 0.019 0.029 0.038 0.037 0.034 0.037 0.04 0.032
-9999 -9999 -9999 -9999 -9999 -9999 -9999 -9999 -9999 -9999 -9999 -9999 -9999 -9999 -9999 -9999 -9999 -0.095 -0.091 -0.097 -9999 -9999 -9999 -9999 -9999 -9999 -9999 -9999 -9999 -9999 -9999 -9999 -9999 -9999 -9999 -0.022 -0.023 -0.015 -0.016 -0.018 -0.016 -0.018 -0.014 -0.015 -0.014 -0.016 -0.014 -0.014 -0.012 -0.005 0.001 0.004 0.005 0.006 0.007 0.005 0.006 0.001 0.006 0.012 0.014 0.018 0.025 0.031 0.031 0.033 0.033 0.026 0.029 0.034 0.034 0.032 0.043 0.051 0.046
-9999 -9999 -9999 -9999 -9999 -9999 -9999 -9999 -9999 -9999 -9999 -9999 -9999 -9999 -9999 -9999 -0.093 -0.087 -0.088 -0.092 -0.091 -9999 -9999 -9999 -9999 -9999 -9999 -9999 -9999 -9999 -9999 -9999 -0.047 -9999 -9999 -0.023 -0.02 -0.018 -0.017 -0.018 -9999 -0.02 -0.02 -0.02 -0.021 -0.022 -0.021 -0.022 -0.015 -0.007 -0.004 -0.001 -0.0 -0.001 0.0 -0.001 0.0 -0.001 0.004 0.009 0.011 0.014 0.021 0.029 0.03 0.03 0.03 0.026 0.031 0.032 0.032 0.03 0.042 0.054 0.051
-9999 -9999 -9999 -9999 -9999 -9999 -9999 -9999 -9999 -9999 -9999 -9999 -9999 -9999 -9999 -9999 -0.084 -0.07 -0.075 -0.093 -0.088 -0.076 -0.078 -9999 -9999 -9999 -0.069 -0.066 -9999 -0.061 -0.061 -0.057 -0.048 -0.037 -9999 -9999 -0.035 -0.024 -9999 -9999 -0.029 -0.024 -0.024 -0.028 -0.026 -0.02 -0.014 -0.001 0.001 -0.011 -0.009 -0.008 -0.001 0.001 -0.007 -0.013 -0.014 -0.017 -0.007 0.0 0.009 0.016 0.02 0.025 0.036 0.041 0.03 0.021 0.039 0.051 0.041 0.034 0.037 0.044 0.054
-9999 -9999 -9999 -9999 -9999 -9999 -9999 -9999 -9999 -9999 -9999 -9999 -9999 -9999 -9999 -9999 -9999 -0.065 -0.078 -0.095 -0.083 -0.07 -9999 -9999 -0.08 -0.074 -0.073 -0.072 -0.069 -0.071 -0.066 -0.061 -0.05 -0.039 -0.041 -9999 -0.04 -0.03 -0.033 -0.039 -0.033 -0.028 -0.03 -0.033 -0.028 -0.023 -0.01 0.004 -0.004 -0.016 -0.014 -0.014 -0.008 -0.002 -0.009 -0.021 -0.022 -0.026 -0.017 -0.006 0.004 0.014 0.019 0.022 0.032 0.042 0.032 0.017 0.035 0.056 0.048 0.035 0.039 0.041 0.051
-9999 -9999 -9999 -9999 -9999 -9999 -9999 -9999 -9999 -9999 -9999 -9999 -9999 -9999 -9999 -9999 -9999 -0.078 -0.085 -0.074 -0.06 -0.045 -0.048 -0.057 -0.057 -0.075 -0.072 -0.066 -0.067 -0.077 -0.067 -0.05 -0.048 -0.064 -0.059 -0.043 -0.034 -0.029 -0.033 -0.04 -0.035 -0.032 -0.031 -0.029 -0.023 -0.018 -0.009 -0.008 -0.01 -0.003 -0.001 -0.003 0.004 0.011 0.005 -0.005 -0.001 0.0 -0.007 -0.005 0.005 0.015 0.021 0.025 0.023 0.026 0.029 0.023 0.028 0.04 0.041 0.033 0.041 0.047 0.055
-9999 -9999 -9999 -9999 -9999 -9999 -9999 -9999 -9999 -9999 -9999 -9999 -9999 -9999 -9999 -9999 -9999 -9999 -0.081 -0.067 -0.053 -0.037 -0.042 -0.05 -0.062 -0.078 -0.072 -0.066 -0.072 -0.081 -0.066 -0.049 -0.06 -0.075 -0.059 -0.042 -0.036 -0.031 -0.035 -0.043 -0.039 -0.035 -0.032 -0.03 -0.024 -0.018 -0.016 -0.016 -0.008 -0.001 -0.001 -0.003 0.005 0.012 0.007 -0.002 0.002 0.007 0.002 -0.006 0.003 0.013 0.019 0.024 0.022 0.018 0.022 0.023 0.029 0.034 0.035 0.033 0.041 0.049 0.06
-9999 -9999 -9999 -9999 -9999 -9999 -9999 -9999 -9999 -9999 -9999 -9999 -9999 -9999 -9999 -9999 -9999 -9999 -9999 -9999 -0.067 -0.062 -0.063 -0.054 -0.059 -0.058 -0.057 -0.067 -0.072 -0.078 -0.065 -0.056 -0.06 -0.056 -0.048 -0.055 -0.05 -0.046 -0.046 -0.036 -0.031 -0.025 -0.022 -0.023 -0.017 -0.014 -0.012 -0.012 -0.007 -0.007 -0.004 0.002 0.003 0.007 0.005 -0.002 0.006 0.014 0.014 0.01 0.009 0.013 0.021 0.028 0.038 0.041 0.036 0.034 0.033 0.034 0.05 0.058 0.054 0.057 0.071
-9999 -9999 -9999 -9999 -9999 -9999 -9999 -9999 -9999 -9999 -9999 -9999 -9999 -9999 -9999 -9999 -9999 -9999 -9999 -0.083 -0.078 -0.075 -0.066 -0.058 -0.055 -0.053 -0.06 -0.069 -0.073 -0.078 -0.069 -0.061 -0.055 -0.05 -0.055 -0.062 -0.058 -0.055 -0.046 -0.036 -0.03 -0.024 -0.022 -0.022 -0.019 -0.015 -0.013 -0.013 -0.012 -0.012 -0.006 0.0 0.002 0.001 -0.0 -0.003 0.006 0.015 0.016 0.015 0.015 0.013 0.021 0.029 0.039 0.048 0.045 0.038 0.038 0.034 0.051 0.068 0.066 0.062 0.077
-9999 -9999 -9999 -9999 -9999 -9999 -9999 -9999 -9999 -9999 -9999 -9999 -9999 -9999 -9999 -9999 -9999 -9999 -0.083 -0.08 -0.072 -0.058 -0.053 -0.056 -0.054 -0.057 -0.063 -0.07 -0.07 -0.068 -0.06 -0.053 -0.052 -0.062 -0.066 -0.07 -0.062 -0.045 -0.037 -0.031 -0.025 -0.019 -0.018 -0.022 -0.018 -0.017 -0.014 -0.01 -0.008 -0.007 -0.001 0.001 0.005 0.007 0.012 0.014 0.022 0.031 0.022 0.014 0.024 0.028 0.026 0.029 0.035 0.043 0.047 0.045 0.05 0.052 0.046 0.05 0.072 0.084 0.103
-9999 -9999 -9999 -9999 -9999 -9999 -9999 -9999 -9999 -9999 -9999 -9999 -9999 -9999 -9999 -9999 -9999 -0.076 -0.077 -0.081 -0.068 -0.054 -0.055 -0.057 -0.058 -0.06 -0.064 -0.071 -0.068 -0.066 -0.059 -0.052 -0.059 -0.069 -0.071 -0.075 -0.06 -0.044 -0.038 -0.031 -0.026 -0.02 -0.021 -0.024 -0.022 -0.021 -0.016 -0.012 -0.009 -0.007 -0.003 -0.002 0.003 0.008 0.013 0.019 0.027 0.035 0.027 0.014 0.023 0.033 0.032 0.028 0.035 0.041 0.046 0.048 0.054 0.059 0.056 0.047 0.068 0.094 0.114
-9999 -9999 -9999 -9999 -9999 -9999 -9999 -9999 -9999 -9999 -9999 -9999 -9999 -9999 -9999 -0.089 -0.081 -0.081 -0.085 -0.082 -0.072 -0.061 -0.065 -0.067 -0.064 -0.058 -0.057 -0.049 -0.05 -0.059 -0.051 -0.038 -0.045 -0.059 -0.056 -0.045 -0.036 -0.044 -0.036 -0.026 -0.021 -0.02 -0.021 -0.022 -0.019 -0.014 -0.008 -0.004 -0.002 -0.006 -0.003 -0.003 0.008 0.018 0.011 0.01 0.013 0.016 0.019 0.012 0.025 0.037 0.036 0.032 0.033 0.036 0.047 0.055 0.062 0.068 0.076 0.075 0.087 0.107 0.119
-9999 -9999 -9999 -9999 -9999 -9999 -9999 -9999 -9999 -9999 -9999 -9999 -9999 -9999 -0.092 -0.09 -0.088 -0.087 -9999 -9999 -9999 -9999 -0.061 -0.072 -0.065 -0.058 -0.05 -0.043 -0.049 -0.058 -0.047 -0.035 -0.044 -0.057 -0.046 -0.035 -0.039 -0.046 -0.037 -0.027 -0.025 -0.023 -0.023 -0.024 -0.019 -0.013 -0.007 -0.002 -0.004 -0.007 -0.006 -0.006 0.006 0.019 0.015 0.006 0.008 0.009 0.011 0.01 0.024 0.038 0.038 0.034 0.035 0.035 0.046 0.058 0.066 0.073 0.081 0.088 0.101 0.116 0.128
-9999 -9999 -9999 -9999 -9999 -9999 -9999 -9999 -9999 -9999 -9999 -9999 -9999 -9999 -0.092 -0.096 -0.094 -9999 -9999 -9999 -9999 -9999 -0.054 -0.051 -0.047 -0.054 -0.048 -0.046 -0.047 -0.04 -0.031 -0.027 -0.035 -0.048 -0.039 -0.033 -0.037 -0.043 -0.034 -0.023 -0.024 -0.032 -0.03 -0.023 -0.018 -0.019 -0.012 -0.005 -0.003 0.002 0.004 0.005 0.004 0.01 0.012 0.006 0.017 0.022 0.029 0.032 0.039 0.05 0.043 0.035 0.042 0.044 0.065 0.083 0.09 0.098 0.093 0.094 0.103 0.115 0.121
-9999 -9999 -9999 -9999 -9999 -9999 -9999 -9999 -9999 -9999 -9999 -9999 -9999 -9999 -9999 -9999 -0.092 -9999 -9999 -9999 -9999 -9999 -0.053 -0.044 -0.048 -0.054 -0.051 -0.049 -0.042 -0.034 -0.029 -0.025 -0.034 -0.046 -0.04 -0.034 -0.038 -0.044 -0.034 -0.024 -0.03 -0.038 -0.031 -0.024 -0.022 -0.022 -0.015 -0.008 -0.002 0.003 0.006 0.007 0.007 0.006 0.007 0.006 0.016 0.026 0.033 0.039 0.047 0.054 0.047 0.036 0.043 0.049 0.07 0.094 0.102 0.109 0.107 0.1 0.11 0.119 0.124
-9999 -9999 -9999 -9999 -9999 -9999 -9999 -9999 -9999 -9999 -9999 -9999 -9999 -9999 -9999 -9999 -9999 -9999 -9999 -9999 -9999 -9999 -0.052 -0.041 -0.042 -0.041 -0.032 -0.017 -0.01 -0.012 -0.012 -0.025 -0.031 -0.036 -0.031 -0.029 -0.031 -0.033 -0.029 -0.035 -0.035 -0.023 -0.018 -0.019 -0.017 -0.017 -0.007 0.006 0.011 0.012 0.004 -0.001 0.012 0.018 0.023 0.024 0.029 0.037 0.038 0.04 0.041 0.044 0.055 0.056 0.062 0.069 0.073 0.087 0.093 0.098 0.117 0.124 0.12 0.12 0.143
-9999 -9999 -9999 -9999 -9999 -9999 -9999 -9999 -9999 -9999 -9999 -9999 -9999 -9999 -9999 -9999 -9999 -9999 -9999 -9999 -9999 -9999 -9999 -0.04 -0.038 -0.036 -0.021 -0.005 -0.004 -0.005 -0.015 -0.027 -0.03 -0.034 -0.031 -0.029 -0.029 -0.031 -0.035 -0.041 -0.03 -0.018 -0.017 -0.017 -0.016 -0.016 -0.004 0.009 0.012 0.013 0.005 -0.005 0.008 0.021 0.026 0.03 0.036 0.04 0.041 0.04 0.042 0.042 0.053 0.064 0.072 0.078 0.084 0.088 0.093 0.097 0.116 0.135 0.133 0.124 0.146
-9999 -9999 -9999 -9999 -9999 -9999 -9999 -9999 -9999 -9999 -9999 -9999 -9999 -9999 -9999 -9999 -9999 -9999 -9999 -9999 -9999 -9999 -0.031 -0.025 -0.021 -0.02 -0.011 -0.014 -0.015 -0.019 -0.023 -0.02 -0.021 -0.025 -0.021 -0.016 -0.018 -0.026 -0.025 -0.018 -0.011 -0.016 -0.016 -0.019 -0.017 -0.016 -0.009 -0.011 -0.007 0.002 0.003 -0.002 -0.002 0.004 0.02 0.029 0.044 0.054 0.055 0.054 0.054 0.053 0.059 0.068 0.076 0.084 0.094 0.102 0.11 0.116 0.13 0.148 0.154 0.151 0.16
-9999 -9999 -9999 -9999 -9999 -9999 -9999 -9999 -9999 -9999 -9999 -9999 -9999 -9999 -9999 -9999 -9999 -9999 -9999 -9999 -9999 -9999 -0.035 -0.02 -0.017 -0.016 -0.016 -0.019 -0.022 -0.026 -0.022 -0.018 -0.02 -0.024 -0.018 -0.013 -0.018 -0.025 -0.018 -0.01 -0.012 -0.016 -0.017 -0.02 -0.018 -0.017 -0.018 -0.02 -0.012 -0.003 -0.003 -0.002 -0.001 -0.003 0.012 0.028 0.044 0.059 0.061 0.06 0.061 0.059 0.065 0.071 0.079 0.088 0.099 0.11 0.118 0.125 0.14 0.156 0.161 0.163 0.173
-9999 -9999 -9999 -9999 -9999 -9999 -9999 -9999 -9999 -9999 -9999 -9999 -9999 -9999 -9999 -9999 -9999 -9999 -9999 -9999 -9999 -9999 -0.045 -0.03 -0.027 -0.024 -0.025 -0.028 -0.03 -0.031 -0.023 -0.006 -0.009 -0.016 -0.012 -0.014 -0.012 -0.0 0.003 -0.006 -0.007 -0.008 -0.009 -0.015 -0.01 -0.0 0.001 0.0 0.006 0.004 0.007 0.009 0.014 0.016 0.025 0.038 0.041 0.049 0.063 0.069 0.076 0.078 0.079 0.082 0.093 0.103 0.112 0.122 0.131 0.139 0.146 0.156 0.167 0.171 0.182
-9999 -9999 -9999 -9999 -9999 -9999 -9999 -9999 -9999 -9999 -9999 -9999 -9999 -9999 -9999 -9999 -9999 -9999 -9999 -9999 -9999 -9999 -9999 -0.035 -0.032 -0.029 -0.03 -0.032 -0.033 -0.035 -0.02 -0.003 -0.008 -0.015 -0.015 -0.016 -0.004 0.009 0.003 -0.006 -0.005 -0.006 -0.009 -0.014 -0.004 0.005 0.007 0.007 0.007 0.005 0.009 0.012 0.018 0.023 0.033 0.043 0.046 0.046 0.06 0.073 0.08 0.086 0.088 0.088 0.098 0.109 0.119 0.128 0.138 0.146 0.154 0.159 0.168 0.176 0.187
-9999 -9999 -9999 -9999 -9999 -9999 -9999 -9999 -9999 -9999 -9999 -9999 -9999 -9999 -9999 -9999 -9999 -9999 -9999 -9999 -9999 -9999 -9999 -0.031 -0.029 -0.033 -0.027 -0.01 -0.01 -0.014 -0.007 -0.017 -0.017 -0.007 -0.01 -0.02 -0.011 -0.004 -0.005 0.002 0.004 0.004 0.003 0.0 0.009 0.015 0.016 0.012 0.014 0.02 0.021 0.024 0.035 0.044 0.043 0.047 0.058 0.064 0.076 0.089 0.093 0.098 0.102 0.104 0.109 0.116 0.126 0.136 0.151 0.164 0.171 0.174 0.174 0.177 0.188
-9999 -9999 -9999 -9999 -9999 -9999 -9999 -9999 -9999 -9999 -9999 -9999 -9999 -9999 -9999 -9999 -9999 -9999 -9999 -9999 -9999 -9999 -0.038 -0.031 -0.033 -0.036 -0.02 -0.003 -0.004 -0.007 -0.014 -0.024 -0.015 -0.006 -0.013 -0.023 -0.017 -0.011 -0.003 0.004 0.006 0.006 0.006 0.005 0.011 0.017 0.016 0.012 0.018 0.024 0.026 0.027 0.04 0.052 0.052 0.049 0.06 0.07 0.083 0.095 0.1 0.103 0.108 0.11 0.116 0.12 0.13 0.14 0.156 0.172 0.179 0.181 0.182 0.179 0.189
-9999 -9999 -9999 -9999 -9999 -9999 -9999 -9999 -9999 -9999 -9999 -9999 -9999 -9999 -9999 -9999 -9999 -9999 -9999 -9999 -9999 -9999 -0.035 -0.024 -0.018 -0.003 0.007 0.001 -0.004 -0.022 -0.022 -0.01 -0.003 -0.0 -0.003 -0.001 0.005 0.005 0.011 0.009 0.01 0.006 0.005 0.0 0.007 0.016 0.016 0.017 0.026 0.041 0.042 0.036 0.049 0.061 0.063 0.062 0.071 0.081 0.083 0.09 0.1 0.106 0.119 0.128 0.132 0.136 0.144 0.153 0.162 0.174 0.181 0.183 0.187 0.187 0.198
-9999 -9999 -9999 -9999 -9999 -9999 -9999 -9999 -9999 -9999 -9999 -9999 -9999 -9999 -9999 -9999 -9999 -9999 -9999 -9999 -9999 -9999 -0.029 -0.023 -0.008 0.007 0.005 0.0 -0.013 -0.03 -0.019 -0.006 -0.003 0.0 0.004 0.007 0.009 0.01 0.011 0.01 0.008 0.005 0.002 -0.003 0.006 0.014 0.016 0.018 0.03 0.046 0.044 0.039 0.052 0.064 0.067 0.066 0.076 0.085 0.088 0.089 0.098 0.107 0.121 0.135 0.14 0.143 0.152 0.159 0.168 0.176 0.183 0.185 0.189 0.19 0.202
-9999 -9999 -9999 -9999 -9999 -9999 -9999 -9999 -9999 -9999 -9999 -9999 -9999 -9999 -9999 -9999 -9999 -9999 -9999 -9999 -9999 -0.034 -0.029 -0.017 -0.004 0.005 0.002 -0.004 -0.01 -0.008 -0.004 -0.016 -0.01 0.004 0.007 0.006 0.009 0.011 0.011 0.008 0.007 0.006 0.007 0.01 0.016 0.015 0.018 0.022 0.031 0.037 0.04 0.052 0.056 0.064 0.072 0.075 0.087 0.098 0.097 0.096 0.122 0.141 0.139 0.144 0.151 0.155 0.15 0.15 0.174 0.19 0.197 0.2 0.205 0.208 0.221
-9999 -9999 -9999 -9999 -9999 -9999 -9999 -9999 -9999 -9999 -9999 -9999 -9999 -9999 -9999 -9999 -9999 -9999 -9999 -9999 -0.035 -0.03 -0.023 -0.017 -0.008 0.001 -0.002 -0.008 -0.005 -0.002 -0.01 -0.022 -0.01 0.004 0.005 0.005 0.008 0.009 0.009 0.006 0.007 0.006 0.01 0.014 0.015 0.014 0.019 0.023 0.028 0.033 0.044 0.055 0.06 0.063 0.071 0.078 0.09 0.102 0.103 0.1 0.125 0.153 0.153 0.149 0.155 0.159 0.156 0.148 0.171 0.196 0.202 0.205 0.211 0.215 0.227
-9999 -9999 -9999 -9999 -9999 -9999 -9999 -9999 -9999 -9999 -9999 -9999 -9999 -9999 -9999 -9999 -9999 -9999 -0.036 -0.034 -0.032 -0.013 -0.009 -0.013 -0.005 0.0 -0.002 -0.005 -0.001 0.001 -0.005 -0.012 -0.003 0.003 0.004 0.004 0.007 0.01 0.012 0.015 0.015 0.009 0.014 0.019 0.023 0.032 0.033 0.024 0.029 0.034 0.045 0.053 0.055 0.055 0.07 0.08 0.084 0.091 0.107 0.113 0.131 0.154 0.158 0.157 0.16 0.163 0.172 0.173 0.18 0.194 0.204 0.209 0.217 0.22 0.231
-9999 -9999 -9999 -9999 -9999 -9999 -9999 -9999 -9999 -9999 -9999 -9999 -9999 -9999 -9999 -9999 -9999 -0.038 -0.033 -0.033 -0.021 -0.008 -0.01 -0.014 -0.008 -0.003 -0.003 -0.005 -0.002 0.0 -0.004 -0.01 -0.005 0.001 0.002 0.001 0.006 0.009 0.014 0.018 0.014 0.009 0.015 0.019 0.028 0.038 0.032 0.024 0.029 0.035 0.045 0.054 0.056 0.054 0.068 0.082 0.087 0.089 0.104 0.12 0.138 0.156 0.16 0.162 0.165 0.166 0.175 0.183 0.19 0.193 0.202 0.21 0.216 0.22 0.229
-9999 -9999 -9999 -9999 -9999 -9999 -9999 -9999 -9999 -9999 -9999 -9999 -9999 -9999 -0.044 -0.038 -0.031 -0.023 -0.017 -0.015 -0.003 0.008 0.005 -0.006 0.001 0.006 0.008 0.007 0.007 -0.002 -0.003 -0.003 0.005 0.014 0.013 0.004 0.008 0.007 0.014 0.024 0.02 0.008 0.017 0.032 0.041 0.049 0.045 0.038 0.041 0.038 0.047 0.057 0.075 0.085 0.093 0.105 0.102 0.1 0.112 0.126 0.135 0.147 0.164 0.174 0.178 0.179 0.186 0.192 0.189 0.186 0.197 0.206 0.21 0.211 0.222
-9999 -9999 -9999 -9999 -9999 -9999 -9999 -9999 -9999 -9999 -9999 -9999 -0.052 -0.044 -0.04 -0.038 -0.028 -0.019 -0.014 -0.01 0.001 0.012 0.005 -0.005 0.002 0.008 0.01 0.01 0.004 -0.005 -0.003 -0.001 0.007 0.017 0.012 0.004 0.005 0.004 0.014 0.024 0.017 0.007 0.02 0.035 0.044 0.054 0.051 0.045 0.043 0.04 0.049 0.058 0.076 0.096 0.105 0.113 0.111 0.105 0.117 0.129 0.139 0.145 0.162 0.179 0.184 0.185 0.192 0.194 0.191 0.183 0.193 0.203 0.206 0.206 0.215
-9999 -9999 -9999 -9999 -9999 -9999 -9999 -9999 -0.065 -0.07 -0.062 -0.055 -0.051 -0.024 -0.018 -0.014 -0.011 -0.022 -0.011 0.012 0.016 0.007 0.005 0.01 0.011 -0.001 0.003 0.01 0.009 0.012 0.012 0.002 0.01 0.016 0.015 0.018 0.019 0.013 0.021 0.025 0.023 0.026 0.035 0.033 0.044 0.059 0.055 0.046 0.045 0.046 0.049 0.054 0.08 0.103 0.116 0.126 0.124 0.119 0.121 0.126 0.141 0.152 0.164 0.178 0.182 0.184 0.198 0.205 0.206 0.201 0.208 0.216 0.215 0.212 0.22
-9999 -9999 -9999 -9999 -9999 -9999 -9999 -0.069 -0.065 -0.066 -0.059 -0.059 -0.041 -0.018 -0.012 -0.007 -0.015 -0.026 -0.005 0.017 0.011 0.002 0.008 0.014 0.006 -0.006 0.001 0.007 0.012 0.017 0.01 0.001 0.007 0.013 0.018 0.022 0.02 0.015 0.02 0.024 0.028 0.032 0.033 0.032 0.046 0.06 0.055 0.046 0.048 0.048 0.051 0.053 0.077 0.105 0.117 0.129 0.128 0.123 0.126 0.125 0.139 0.154 0.166 0.176 0.181 0.184 0.196 0.207 0.208 0.206 0.212 0.217 0.216 0.21 0.217
-9999 -9999 -9999 -9999 -9999 -9999 -0.078 -0.067 -0.061 -0.059 -0.05 -0.04 -0.025 -0.021 -0.011 0.005 0.001 -0.003 0.011 0.014 0.009 0.003 0.007 0.008 0.004 0.005 0.01 0.01 0.014 0.014 0.009 0.005 0.01 0.011 0.016 0.022 0.021 0.017 0.023 0.028 0.033 0.036 0.038 0.039 0.05 0.054 0.055 0.065 0.065 0.058 0.066 0.083 0.088 0.104 0.118 0.13 0.136 0.135 0.142 0.146 0.148 0.155 0.17 0.182 0.197 0.206 0.199 0.199 0.208 0.21 0.216 0.22 0.23 0.232 0.225
