Validation/Results/raw data/ReClimate_05_2024_1weatherlogisticsltd.asc
NCOLS 192
NROWS 249
XLLCENTER -225160.85627316462
YLLCENTER 29788.11610251502
CELLSIZE 5000.0
NODATA_VALUE -9999
[rows 132 to 164 of 249, columns 74 to 147 of 192]
-9999 -9999 -9999 -9999 -9999 -9999 -9999 -9999 -9999 -9999 -9999 -9999 -9999 153.57 152.316 150.807 149.463 148.242 147.196 145.662 144.199 143.943 143.536 142.729 141.951 141.189 140.446 139.714 139.059 138.68 138.508 138.35 138.202 138.059 137.916 137.767 137.606 137.432 137.248 137.058 136.866 136.675 136.484 136.271 136.02 135.78 135.564 135.425 135.316 135.234 135.177 135.115 135.062 134.997 134.928 134.855 134.779 134.732 -9999 -9999 -9999 -9999 -9999 -9999 -9999 -9999 -9999 -9999 -9999 -9999 -9999 -9999 -9999 -9999
162.563 -9999 -9999 -9999 -9999 -9999 -9999 -9999 -9999 -9999 -9999 -9999 -9999 153.788 152.319 150.865 149.457 148.043 146.548 145.443 144.849 144.117 143.062 142.279 141.679 140.899 140.137 139.382 138.722 138.37 138.195 138.03 137.873 137.722 137.57 137.413 137.248 137.074 136.893 136.707 136.52 136.333 136.139 135.906 135.672 135.48 135.399 135.36 135.326 135.3 135.272 135.249 135.21 135.166 135.115 135.055 134.983 134.9 -9999 -9999 -9999 -9999 -9999 -9999 -9999 -9999 -9999 -9999 -9999 -9999 -9999 -9999 -9999 -9999
162.715 -9999 -9999 -9999 -9999 -9999 -9999 -9999 -9999 -9999 -9999 -9999 155.284 153.926 152.402 150.925 149.486 147.709 145.882 145.222 144.701 143.612 142.603 141.911 141.383 140.582 139.799 139.015 138.366 138.053 137.874 137.704 137.54 137.378 137.215 137.048 136.876 136.699 136.519 136.336 136.152 135.968 135.783 135.632 135.516 135.46 135.468 135.471 135.469 135.462 135.451 135.432 135.408 135.373 135.329 135.276 135.212 135.137 135.004 -9999 -9999 -9999 -9999 -9999 -9999 -9999 -9999 -9999 -9999 -9999 -9999 -9999 -9999 -9999
162.892 -9999 -9999 -9999 -9999 -9999 -9999 -9999 -9999 -9999 -9999 156.547 -9999 154.046 152.495 150.989 149.52 147.769 146.48 145.588 144.566 143.569 142.629 141.908 141.06 140.235 139.428 138.616 137.989 137.729 137.547 137.373 137.202 137.033 136.863 136.689 136.513 136.333 136.151 135.968 135.812 135.729 135.666 135.601 135.554 135.573 135.594 135.61 135.621 135.624 135.62 135.61 135.59 135.562 135.524 135.477 135.42 135.352 135.251 -9999 -9999 -9999 -9999 -9999 -9999 -9999 -9999 -9999 -9999 -9999 -9999 -9999 -9999 -9999
163.09 162.759 -9999 -9999 -9999 -9999 -9999 -9999 -9999 -9999 -9999 156.96 -9999 154.185 152.599 151.058 149.555 148.079 146.679 145.431 144.4 143.42 142.482 141.579 140.706 139.855 139.022 138.18 137.591 137.397 137.214 -9999 -9999 -9999 -9999 -9999 -9999 135.968 135.804 135.709 135.708 135.701 135.657 135.624 135.65 135.686 135.718 135.744 135.763 135.775 135.778 135.773 135.76 135.737 135.704 135.662 135.61 135.548 135.468 135.365 -9999 -9999 -9999 -9999 -9999 -9999 -9999 -9999 -9999 -9999 -9999 -9999 -9999 -9999
163.308 162.983 162.658 -9999 -9999 -9999 -9999 -9999 -9999 -9999 -9999 157.285 156.032 154.349 152.72 151.137 149.59 148.072 146.581 145.255 144.129 143.117 142.149 141.218 140.315 139.436 138.572 137.731 137.251 137.059 136.873 -9999 -9999 -9999 -9999 135.971 135.786 135.643 135.64 135.666 135.686 135.675 135.655 135.69 135.742 135.79 135.834 135.87 135.899 135.918 135.928 135.93 135.921 135.902 135.874 135.836 135.788 135.731 135.658 135.558 -9999 -9999 -9999 -9999 -9999 -9999 -9999 -9999 -9999 -9999 -9999 -9999 -9999 -9999
162.931 163.231 162.914 162.595 -9999 -9999 -9999 -9999 -9999 -9999 -9999 157.534 156.279 154.541 -9999 -9999 149.629 148.059 146.508 145.074 -9999 142.769 141.782 140.818 139.883 138.972 138.074 137.286 136.903 -9999 -9999 -9999 -9999 -9999 135.794 135.622 135.52 135.567 135.604 135.633 135.651 135.652 135.698 135.763 135.829 135.891 135.946 135.994 136.031 136.058 136.075 136.081 136.077 136.062 136.036 136.001 135.957 135.904 135.84 135.762 -9999 -9999 -9999 -9999 -9999 -9999 -9999 -9999 -9999 -9999 -9999 -9999 -9999 -9999
163.399 163.167 162.759 162.842 -9999 -9999 -9999 -9999 -9999 -9999 -9999 -9999 156.546 154.775 -9999 -9999 -9999 148.042 146.429 144.868 143.487 -9999 -9999 140.368 139.402 138.455 137.52 136.831 -9999 -9999 -9999 -9999 -9999 135.617 135.458 135.414 135.484 135.534 135.569 135.598 135.624 135.682 135.753 135.833 135.914 135.992 136.061 136.119 136.165 136.2 136.222 136.234 136.232 136.219 136.196 136.162 136.119 136.069 136.009 135.939 -9999 -9999 -9999 -9999 -9999 -9999 -9999 -9999 -9999 -9999 -9999 -9999 -9999 -9999
162.737 162.341 162.307 -9999 -9999 -9999 -9999 -9999 -9999 -9999 -9999 -9999 -9999 155.016 -9999 -9999 -9999 -9999 146.334 144.659 143.196 -9999 -9999 -9999 138.644 137.856 -9999 -9999 -9999 -9999 -9999 -9999 -9999 135.288 135.291 135.39 135.461 135.509 135.544 135.591 135.664 135.722 135.805 135.904 136.005 136.099 136.181 136.25 136.304 136.345 136.373 136.387 136.389 136.378 136.356 136.322 136.279 136.231 136.175 136.108 -9999 -9999 -9999 -9999 -9999 -9999 -9999 -9999 -9999 -9999 -9999 -9999 -9999 -9999
162.61 162.488 -9999 -9999 -9999 -9999 -9999 -9999 -9999 -9999 -9999 -9999 -9999 155.348 -9999 -9999 -9999 -9999 -9999 144.454 142.852 -9999 -9999 -9999 -9999 -9999 -9999 -9999 -9999 -9999 -9999 -9999 -9999 135.129 135.276 135.379 135.452 135.509 135.581 135.659 135.707 135.759 135.859 135.986 136.109 136.219 136.313 136.391 136.453 136.499 136.53 136.548 136.552 136.543 136.521 136.488 136.445 136.397 136.343 136.277 136.297 -9999 -9999 -9999 -9999 -9999 -9999 -9999 -9999 -9999 -9999 -9999 -9999 -9999
162.79 -9999 162.919 163.114 163.147 163.152 -9999 -9999 -9999 -9999 -9999 -9999 -9999 155.406 -9999 -9999 -9999 -9999 -9999 -9999 -9999 -9999 -9999 -9999 -9999 -9999 -9999 -9999 -9999 -9999 -9999 -9999 134.929 135.127 135.274 135.39 135.496 135.607 135.695 135.754 135.769 135.804 135.933 136.09 136.219 136.331 136.428 136.509 136.576 136.63 136.676 136.759 136.823 136.858 136.869 136.861 136.836 136.797 136.744 136.673 136.582 136.503 -9999 -9999 -9999 -9999 -9999 -9999 -9999 -9999 -9999 -9999 -9999 -9999
162.84 162.809 162.733 162.955 163.227 163.209 -9999 -9999 -9999 -9999 -9999 -9999 -9999 -9999 -9999 -9999 -9999 -9999 -9999 -9999 -9999 -9999 -9999 -9999 -9999 -9999 -9999 -9999 -9999 -9999 -9999 135.036 134.922 135.133 135.32 135.495 135.644 135.761 135.848 135.884 135.86 135.887 136.003 136.143 136.273 136.387 136.487 136.582 136.705 136.843 136.966 137.081 137.173 137.242 137.286 137.311 137.317 137.291 137.239 137.168 137.074 136.958 -9999 -9999 -9999 -9999 -9999 -9999 -9999 -9999 -9999 -9999 -9999 -9999
162.318 162.375 162.635 162.814 -9999 162.876 162.985 -9999 -9999 -9999 -9999 -9999 -9999 -9999 -9999 -9999 -9999 -9999 -9999 -9999 -9999 -9999 -9999 -9999 -9999 -9999 -9999 -9999 -9999 -9999 -9999 135.117 134.973 135.247 135.481 135.671 135.812 135.889 135.945 135.965 135.96 135.999 136.095 136.214 136.334 136.468 136.657 136.856 137.046 137.208 137.346 137.459 137.55 137.62 137.671 137.705 137.723 137.725 137.704 137.655 137.568 137.463 137.358 137.259 -9999 -9999 -9999 -9999 -9999 -9999 -9999 -9999 -9999 -9999
162.028 162.224 162.383 162.504 -9999 -9999 162.851 -9999 -9999 -9999 -9999 -9999 -9999 -9999 -9999 -9999 -9999 -9999 -9999 -9999 -9999 -9999 -9999 -9999 -9999 -9999 -9999 -9999 -9999 -9999 -9999 135.263 135.142 135.43 135.646 135.781 135.872 135.948 136.016 136.06 136.083 136.13 136.212 136.339 136.547 136.802 137.041 137.251 137.434 137.592 137.726 137.837 137.927 137.997 138.049 138.083 138.101 138.105 138.094 138.068 138.02 137.961 137.877 137.773 137.639 137.433 137.33 -9999 -9999 -9999 -9999 -9999 -9999 -9999
161.846 162.005 162.21 162.404 162.606 -9999 162.261 -9999 -9999 -9999 -9999 -9999 -9999 -9999 -9999 -9999 -9999 -9999 -9999 -9999 -9999 -9999 -9999 -9999 -9999 -9999 -9999 -9999 -9999 -9999 135.632 135.411 135.316 135.535 135.687 135.813 135.921 136.016 136.105 136.172 136.211 136.277 136.43 136.703 136.975 137.224 137.449 137.649 137.825 137.978 138.109 138.218 138.307 138.377 138.428 138.463 138.482 138.486 138.474 138.446 138.42 138.391 138.358 138.278 138.153 137.979 137.776 137.56 137.803 -9999 -9999 -9999 -9999 -9999
160.966 161.42 162.26 162.312 -9999 161.543 -9999 -9999 -9999 -9999 -9999 -9999 -9999 -9999 -9999 -9999 -9999 -9999 -9999 -9999 -9999 -9999 -9999 -9999 -9999 -9999 -9999 -9999 -9999 -9999 -9999 135.345 135.349 135.549 135.715 135.857 135.981 136.094 136.204 136.288 136.377 136.599 136.89 137.162 137.415 137.648 137.861 138.052 138.221 138.369 138.497 138.604 138.692 138.761 138.813 138.848 138.867 138.871 138.858 138.841 138.822 138.789 138.729 138.653 138.553 138.392 138.19 137.975 137.783 137.925 -9999 -9999 -9999 -9999
161.277 161.819 161.877 161.36 160.79 160.211 -9999 -9999 -9999 -9999 -9999 -9999 -9999 -9999 -9999 -9999 -9999 -9999 -9999 -9999 -9999 -9999 -9999 -9999 -9999 -9999 -9999 -9999 -9999 -9999 -9999 -9999 135.225 135.523 135.749 135.906 136.047 136.178 136.306 136.463 136.786 137.085 137.361 137.617 137.855 138.075 138.276 138.459 138.622 138.766 138.89 138.996 139.084 139.153 139.205 139.241 139.26 139.263 139.253 139.217 139.167 139.111 139.034 138.943 138.841 138.729 138.562 138.36 138.153 137.982 138.043 -9999 -9999 -9999
161.704 161.355 160.751 160.14 159.518 -9999 -9999 -9999 -9999 -9999 -9999 -9999 -9999 -9999 -9999 -9999 -9999 -9999 -9999 -9999 -9999 -9999 -9999 -9999 -9999 -9999 -9999 -9999 -9999 -9999 -9999 -9999 135.08 135.411 135.703 135.948 136.116 136.273 136.506 136.938 137.277 137.563 137.825 138.068 138.294 138.503 138.695 138.871 139.029 139.169 139.292 139.397 139.484 139.554 139.606 139.642 139.657 139.631 139.589 139.543 139.477 139.402 139.317 139.223 139.121 139.012 138.898 138.752 138.569 138.39 138.188 138.206 -9999 -9999
160.869 160.224 159.574 158.913 158.132 -9999 -9999 -9999 -9999 -9999 -9999 -9999 -9999 -9999 -9999 -9999 -9999 -9999 -9999 -9999 -9999 -9999 -9999 -9999 -9999 -9999 -9999 -9999 -9999 -9999 -9999 -9999 -9999 135.265 135.602 135.895 136.163 136.481 136.994 137.426 137.762 138.035 138.285 138.517 138.732 138.932 139.118 139.287 139.442 139.58 139.701 139.806 139.894 139.964 140.018 140.023 139.996 139.961 139.905 139.845 139.774 139.695 139.607 139.512 139.41 139.304 139.198 139.095 138.975 138.816 138.62 138.351 -9999 -9999
159.77 -9999 -9999 -9999 -9999 -9999 -9999 -9999 -9999 -9999 -9999 -9999 -9999 -9999 -9999 -9999 -9999 -9999 -9999 -9999 -9999 -9999 -9999 -9999 -9999 -9999 -9999 -9999 -9999 -9999 -9999 -9999 -9999 135.104 135.456 135.812 136.244 136.908 137.469 137.905 138.24 138.502 138.741 138.963 139.17 139.363 139.543 139.709 139.861 139.998 140.119 140.225 140.314 140.373 140.38 140.363 140.323 140.273 140.218 140.152 140.077 139.994 139.904 139.807 139.707 139.604 139.503 139.407 139.322 139.224 139.024 138.748 138.434 -9999
158.647 -9999 -9999 -9999 -9999 -9999 -9999 -9999 -9999 -9999 -9999 -9999 -9999 -9999 -9999 -9999 -9999 -9999 -9999 -9999 -9999 -9999 -9999 -9999 -9999 -9999 -9999 -9999 -9999 -9999 -9999 -9999 -9999 -9999 135.303 135.775 136.559 137.261 137.872 138.374 138.715 138.965 139.195 139.408 139.608 139.796 139.972 140.135 140.286 140.424 140.547 140.654 140.717 140.731 140.721 140.688 140.646 140.596 140.536 140.465 140.386 140.299 140.206 140.109 140.009 139.908 139.811 139.72 139.639 139.562 139.402 139.118 138.804 -9999
157.479 -9999 -9999 -9999 -9999 -9999 -9999 -9999 -9999 -9999 -9999 -9999 -9999 -9999 -9999 -9999 -9999 -9999 -9999 -9999 -9999 -9999 -9999 -9999 -9999 -9999 -9999 -9999 -9999 -9999 -9999 -9999 -9999 -9999 135.525 -9999 136.832 137.555 138.211 138.774 -9999 139.427 139.647 139.853 140.047 140.231 140.404 140.567 140.718 140.857 140.983 141.054 141.08 141.077 141.055 141.024 140.981 140.926 140.86 140.784 140.7 140.609 140.513 140.415 140.314 140.215 140.12 140.032 139.953 139.853 139.709 139.468 139.159 138.823
-9999 -9999 -9999 -9999 -9999 -9999 -9999 -9999 -9999 -9999 -9999 -9999 -9999 -9999 -9999 -9999 -9999 -9999 -9999 -9999 -9999 -9999 -9999 -9999 -9999 -9999 -9999 -9999 -9999 -9999 -9999 -9999 -9999 -9999 -9999 136.268 137.084 -9999 -9999 -9999 -9999 139.804 140.098 140.297 140.486 140.667 140.839 141.002 141.156 141.299 141.41 141.427 141.431 141.422 141.397 141.343 141.273 141.195 141.109 141.018 140.923 140.826 140.729 140.633 140.542 140.456 140.38 140.317 140.259 140.139 139.964 139.771 139.5 139.163
-9999 -9999 -9999 -9999 -9999 -9999 -9999 -9999 -9999 -9999 -9999 -9999 -9999 -9999 -9999 -9999 -9999 -9999 -9999 -9999 -9999 -9999 -9999 -9999 -9999 -9999 -9999 -9999 -9999 -9999 -9999 -9999 -9999 -9999 -9999 136.413 137.269 -9999 -9999 -9999 -9999 139.953 140.318 140.521 140.724 140.927 141.129 141.331 141.531 141.704 141.761 141.758 141.727 141.685 141.634 141.567 141.484 141.392 141.294 141.192 141.087 140.983 140.881 140.783 140.691 140.608 140.535 140.477 140.413 140.307 140.15 139.996 139.805 139.493
-9999 -9999 -9999 -9999 -9999 -9999 -9999 -9999 -9999 -9999 -9999 -9999 -9999 -9999 -9999 -9999 -9999 -9999 -9999 -9999 -9999 -9999 -9999 -9999 -9999 -9999 -9999 -9999 -9999 -9999 -9999 -9999 -9999 -9999 -9999 136.295 -9999 -9999 -9999 -9999 139.562 140.07 140.382 140.609 140.827 141.049 141.274 141.503 141.72 141.823 141.854 141.877 141.924 141.893 141.829 141.753 141.665 141.567 141.462 141.353 141.242 141.131 141.023 140.92 140.824 140.736 140.66 140.598 140.499 140.364 140.212 140.071 139.938 139.75
-9999 -9999 -9999 -9999 -9999 -9999 -9999 -9999 -9999 -9999 -9999 -9999 -9999 -9999 -9999 -9999 -9999 -9999 -9999 -9999 -9999 -9999 -9999 -9999 -9999 -9999 -9999 -9999 -9999 -9999 -9999 -9999 -9999 -9999 -9999 -9999 -9999 -9999 -9999 -9999 139.491 139.993 140.362 140.662 140.893 141.133 141.376 141.59 141.679 141.717 141.769 141.829 141.895 141.949 141.966 141.935 141.852 141.746 141.632 141.514 141.395 141.277 141.163 141.054 140.952 140.86 140.779 140.688 140.563 140.4 140.241 140.092 139.953 139.823
-9999 -9999 -9999 -9999 -9999 -9999 -9999 -9999 -9999 -9999 -9999 -9999 -9999 -9999 -9999 -9999 -9999 -9999 -9999 -9999 -9999 -9999 -9999 -9999 -9999 -9999 -9999 -9999 -9999 -9999 -9999 -9999 -9999 -9999 -9999 -9999 -9999 -9999 -9999 -9999 139.34 139.877 140.335 140.683 140.97 141.206 141.39 141.482 141.522 141.582 141.656 141.737 141.825 141.896 141.951 141.985 141.982 141.916 141.801 141.673 141.545 141.42 141.298 141.183 141.075 140.977 140.89 140.761 140.598 140.423 140.258 140.102 139.954 139.815
-9999 -9999 -9999 -9999 -9999 -9999 -9999 -9999 -9999 -9999 -9999 -9999 -9999 -9999 -9999 -9999 -9999 -9999 -9999 -9999 -9999 -9999 -9999 -9999 -9999 -9999 -9999 -9999 -9999 -9999 -9999 -9999 -9999 -9999 -9999 -9999 -9999 -9999 -9999 138.61 139.213 139.783 140.291 140.683 140.991 141.143 141.265 141.304 141.365 141.446 141.542 141.655 141.761 141.855 141.922 141.956 141.965 141.962 141.931 141.826 141.689 141.556 141.427 141.305 141.191 141.086 140.959 140.804 140.615 140.433 140.261 140.097 139.942 139.795
-9999 -9999 -9999 -9999 -9999 -9999 -9999 -9999 -9999 -9999 -9999 -9999 -9999 -9999 -9999 -9999 -9999 -9999 -9999 -9999 -9999 -9999 -9999 -9999 -9999 -9999 -9999 -9999 -9999 -9999 -9999 -9999 -9999 -9999 -9999 -9999 -9999 -9999 -9999 138.493 139.085 139.668 140.178 140.578 140.819 141.003 141.066 141.121 141.201 141.302 141.42 141.55 141.694 141.82 141.905 141.934 141.929 141.912 141.896 141.887 141.808 141.683 141.547 141.418 141.298 141.17 141.007 140.814 140.618 140.43 140.25 140.079 139.916 139.76
-9999 -9999 -9999 -9999 -9999 -9999 -9999 -9999 -9999 -9999 -9999 -9999 -9999 -9999 -9999 -9999 -9999 -9999 -9999 -9999 -9999 -9999 -9999 -9999 -9999 -9999 -9999 -9999 -9999 -9999 -9999 -9999 -9999 -9999 -9999 -9999 -9999 -9999 137.756 138.356 138.942 139.505 139.976 140.351 140.624 140.81 140.855 140.927 141.025 141.144 141.281 141.441 141.607 141.777 141.889 141.905 141.877 141.848 141.825 141.812 141.809 141.771 141.658 141.523 141.391 141.22 141.021 140.81 140.606 140.411 140.224 140.045 139.874 139.71
-9999 -9999 -9999 -9999 -9999 -9999 -9999 -9999 -9999 -9999 -9999 -9999 -9999 -9999 -9999 -9999 -9999 -9999 -9999 -9999 -9999 -9999 -9999 -9999 -9999 -9999 -9999 -9999 -9999 -9999 -9999 -9999 -9999 -9999 -9999 -9999 -9999 -9999 137.611 138.206 138.767 139.238 139.674 140.058 140.388 140.539 140.633 140.72 140.832 140.965 141.118 141.286 141.47 141.655 141.79 141.818 141.788 141.76 141.739 141.725 141.721 141.726 141.721 141.617 141.438 141.235 141.009 140.79 140.579 140.376 140.181 139.995 139.816 139.644
-9999 -9999 -9999 -9999 -9999 -9999 -9999 -9999 -9999 -9999 -9999 -9999 -9999 -9999 -9999 -9999 -9999 -9999 -9999 -9999 -9999 -9999 -9999 -9999 -9999 -9999 -9999 -9999 -9999 -9999 -9999 -9999 -9999 -9999 -9999 -9999 -9999 -9999 137.453 138.024 138.493 138.964 139.519 139.887 140.081 140.262 140.398 140.497 140.62 140.764 140.926 141.102 141.282 141.453 141.588 141.65 141.653 141.645 141.636 141.628 141.625 141.629 141.644 141.62 141.451 141.214 140.98 140.754 140.534 140.323 140.121 139.927 139.74 139.56
-9999 -9999 -9999 -9999 -9999 -9999 -9999 -9999 -9999 -9999 -9999 -9999 -9999 -9999 -9999 -9999 -9999 -9999 -9999 -9999 -9999 -9999 -9999 -9999 -9999 -9999 -9999 -9999 -9999 -9999 -9999 -9999 -9999 -9999 -9999 -9999 -9999 -9999 -9999 137.729 138.18 138.646 139.005 139.354 139.724 139.971 140.133 140.256 140.388 140.541 140.709 140.887 141.064 141.228 141.361 141.447 141.491 141.512 141.52 141.523 141.524 141.527 141.502 141.459 141.384 141.178 140.936 140.7 140.472 140.253 140.042 139.839 -9999 139.457
