Validation/Results/raw data/ReClimate_02_2024_2_Precipitation-Actualsweatherlogisticsltd.asc
NCOLS 192
NROWS 249
XLLCENTER -225160.85627316462
YLLCENTER 29788.11610251502
CELLSIZE 5000.0
NODATA_VALUE -9999
[rows 170 to 203 of 249, columns 75 to 149 of 192]
-9999 -9999 -9999 -9999 -9999 -9999 -9999 -9999 -9999 -9999 -9999 -9999 -9999 -9999 -9999 -9999 -9999 61.54 60.237 -9999 -9999 -9999 -9999 -9999 -9999 -9999 -9999 -9999 -9999 -9999 -9999 -9999 -9999 -9999 -9999 -9999 49.671 48.291 52.935 55.091 55.402 54.417 53.232 52.62 51.802 51.055 51.197 52.452 54.744 61.585 75.552 91.185 101.585 98.939 97.224 87.5 71.155 59.213 50.652 51.123 52.45 49.871 48.842 46.264 43.528 44.794 44.293 44.822 45.649 45.729 44.593 44.123 47.962 49.198 51.07
-9999 -9999 -9999 -9999 -9999 -9999 -9999 -9999 -9999 -9999 -9999 -9999 -9999 -9999 -9999 -9999 -9999 63.754 61.82 58.529 -9999 -9999 -9999 -9999 -9999 -9999 -9999 -9999 -9999 -9999 -9999 -9999 -9999 -9999 -9999 45.923 45.489 50.054 54.36 55.927 53.037 52.411 51.078 52.688 51.424 51.398 51.845 51.324 52.846 57.605 69.717 86.041 102.587 100.915 86.37 81.551 72.351 58.702 52.75 48.929 52.703 51.771 47.675 47.144 44.143 44.457 44.737 44.808 44.744 44.741 44.167 44.326 45.428 51.017 52.675
-9999 -9999 -9999 -9999 -9999 -9999 -9999 -9999 -9999 -9999 -9999 -9999 -9999 -9999 -9999 -9999 61.815 64.655 63.565 63.059 62.989 -9999 -9999 -9999 -9999 -9999 -9999 -9999 -9999 -9999 -9999 -9999 48.933 -9999 -9999 45.864 49.792 51.432 52.293 51.941 -9999 52.51 54.971 55.67 53.8 52.025 50.27 51.469 52.825 58.441 70.103 74.318 88.323 83.389 75.957 74.622 66.48 62.021 55.937 50.886 51.612 51.705 47.627 43.618 43.998 44.457 44.789 45.267 44.495 44.377 45.029 43.704 43.517 47.178 53.111
-9999 -9999 -9999 -9999 -9999 -9999 -9999 -9999 -9999 -9999 -9999 -9999 -9999 -9999 -9999 -9999 57.584 60.454 64.092 64.742 64.396 58.533 58.732 -9999 -9999 -9999 58.128 50.866 -9999 48.998 48.161 47.483 54.343 50.527 -9999 -9999 46.634 47.156 -9999 -9999 50.487 52.247 52.233 52.383 51.917 50.642 51.619 52.557 56.738 64.003 77.065 77.529 78.661 74.41 69.475 73.06 68.267 57.202 55.181 52.641 49.896 48.122 47.913 45.65 44.381 46.338 45.48 44.987 46.015 45.605 44.507 43.357 43.268 44.832 48.866
-9999 -9999 -9999 -9999 -9999 -9999 -9999 -9999 -9999 -9999 -9999 -9999 -9999 -9999 -9999 -9999 -9999 59.765 65.285 67.884 64.98 62.563 -9999 -9999 89.104 85.503 59.613 60.441 61.2 59.958 49.374 50.762 48.513 52.475 51.588 -9999 44.374 44.248 45.939 46.876 49.707 50.424 52.284 51.171 49.807 49.868 50.527 55.49 57.508 64.746 83.18 84.601 78.403 72.493 64.974 66.947 65.384 57.363 52.824 52.302 49.632 46.406 46.844 46.98 46.795 46.387 45.531 44.239 44.702 46.818 44.652 41.855 42.532 44.071 44.934
-9999 -9999 -9999 -9999 -9999 -9999 -9999 -9999 -9999 -9999 -9999 -9999 -9999 -9999 -9999 -9999 -9999 59.521 63.703 62.437 66.76 69.576 84.405 103.362 122.186 87.159 69.506 66.523 63.793 62.716 56.038 48.183 51.703 59.175 51.709 52.562 47.142 45.532 45.553 46.589 48.779 52.525 52.761 50.94 50.121 47.924 50.476 53.882 56.646 71.526 82.743 87.023 79.861 77.039 66.727 62.312 66.593 62.841 55.584 54.248 53.306 49.306 49.535 48.843 47.189 45.673 43.696 43.828 42.904 44.346 45.407 41.996 41.526 43.093 44.032
-9999 -9999 -9999 -9999 -9999 -9999 -9999 -9999 -9999 -9999 -9999 -9999 -9999 -9999 -9999 -9999 -9999 -9999 64.67 66.558 72.85 97.827 125.601 162.041 137.854 106.328 90.453 81.804 72.006 70.635 58.915 58.441 55.761 51.273 61.016 53.394 49.14 47.739 45.754 47.27 48.393 49.969 49.724 48.528 46.333 47.961 50.155 52.213 59.379 69.347 77.202 79.552 70.856 73.067 70.774 59.535 65.912 65.926 58.599 57.708 55.361 52.773 51.799 50.135 48.233 46.144 43.19 44.695 44.294 44.178 44.54 40.74 40.357 40.7 42.757
-9999 -9999 -9999 -9999 -9999 -9999 -9999 -9999 -9999 -9999 -9999 -9999 -9999 -9999 -9999 -9999 -9999 -9999 -9999 -9999 88.609 123.015 157.906 176.409 153.285 112.909 89.27 76.581 87.234 78.635 75.74 64.382 56.18 55.563 59.164 61.915 57.989 51.346 44.649 45.797 46.361 48.122 47.963 46.545 46.139 48.064 49.614 52.79 61.273 68.503 70.28 75.014 73.759 72.405 76.237 68.315 61.683 64.305 59.452 58.249 57.961 54.766 52.331 49.504 47.074 45.86 43.492 43.283 44.525 44.032 44.876 42.322 40.413 40.235 39.949
-9999 -9999 -9999 -9999 -9999 -9999 -9999 -9999 -9999 -9999 -9999 -9999 -9999 -9999 -9999 -9999 -9999 -9999 -9999 79.689 108.556 133.649 168.657 189.687 151.544 117.164 104.408 87.742 90.308 90.674 76.352 72.228 59.825 61.124 71.707 68.233 61.126 48.479 47.068 46.519 48.362 49.324 48.741 48.577 47.623 48.384 50.676 56.962 62.285 63.626 65.604 72.168 71.834 71.696 69.053 70.756 67.409 59.744 55.792 55.84 54.975 53.457 50.324 49.23 45.792 45.804 43.851 43.008 43.421 46.263 45.487 42.725 41.385 40.865 39.662
-9999 -9999 -9999 -9999 -9999 -9999 -9999 -9999 -9999 -9999 -9999 -9999 -9999 -9999 -9999 -9999 -9999 -9999 76.816 110.917 114.913 140.99 156.271 151.243 156.541 141.609 118.509 107.312 102.707 83.82 73.416 63.106 63.104 74.513 80.24 70.59 60.412 51.105 46.53 46.437 49.822 48.621 48.593 48.286 48.003 49.734 54.867 56.776 57.27 62.811 65.097 69.534 74.231 65.918 64.571 62.008 62.491 59.631 53.445 52.088 52.401 51.529 49.613 45.754 46.23 44.508 44.531 43.706 43.613 45.011 45.967 42.652 42.486 41.455 40.312
-9999 -9999 -9999 -9999 -9999 -9999 -9999 -9999 -9999 -9999 -9999 -9999 -9999 -9999 -9999 -9999 -9999 71.293 95.458 89.634 104.008 109.446 112.515 122.17 125.664 123.964 121.882 113.982 101.752 84.84 78.211 67.346 74.364 78.439 68.787 63.509 55.726 52.471 47.242 47.036 48.94 48.24 48.892 48.953 50.175 54.038 55.266 54.483 56.331 61.31 63.637 59.854 62.978 62.852 57.846 57.112 56.517 55.306 52.656 49.297 49.836 49.715 47.606 47.598 45.119 42.564 42.985 44.153 43.838 44.441 46.433 43.668 42.981 42.71 42.55
-9999 -9999 -9999 -9999 -9999 -9999 -9999 -9999 -9999 -9999 -9999 -9999 -9999 -9999 -9999 65.284 66.108 70.131 72.12 77.135 78.69 81.972 78.689 93.032 105.05 117.262 119.801 120.06 92.242 83.184 74.06 74.022 87.078 83.99 75.805 64.018 60.444 54.139 48.295 47.786 47.863 46.366 48.655 50.689 53.276 54.909 56.646 54.594 58.155 61.296 60.222 57.136 56.792 54.569 54.184 53.106 52.189 50.191 49.589 48.74 47.077 46.351 45.5 45.095 45.131 43.708 42.434 45.528 45.457 46.412 47.128 45.2 43.192 42.346 40.379
-9999 -9999 -9999 -9999 -9999 -9999 -9999 -9999 -9999 -9999 -9999 -9999 -9999 -9999 66.188 66.335 65.2 67.329 -9999 -9999 -9999 -9999 79.591 100.684 118.962 122.521 122.839 105.988 97.477 97.046 88.706 94.015 108.531 94.374 77.47 69.917 62.489 52.944 50.89 49.416 48.1 48.685 49.625 51.003 53.01 54.248 54.974 53.922 54.848 56.965 55.033 54.167 53.588 52.03 51.242 50.235 48.4 44.591 44.14 46.507 45.8 44.418 44.528 45.663 45.282 45.194 46.411 47.252 47.497 48.159 48.733 46.579 44.067 42.674 40.898
-9999 -9999 -9999 -9999 -9999 -9999 -9999 -9999 -9999 -9999 -9999 -9999 -9999 -9999 66.169 69.259 69.209 -9999 -9999 -9999 -9999 -9999 84.947 105.633 132.142 133.19 118.54 116.142 116.112 115.244 106.458 108.068 101.225 76.861 66.634 65.452 56.573 52.21 49.105 49.149 49.572 51.536 52.764 51.345 52.665 55.442 55.572 54.126 52.715 53.35 54.192 54.429 54.576 53.994 50.946 48.733 47.987 46.389 45.268 44.995 44.637 41.311 41.389 45.93 48.003 49.766 50.683 52.716 51.487 49.677 49.576 47.281 44.404 42.533 42.064
-9999 -9999 -9999 -9999 -9999 -9999 -9999 -9999 -9999 -9999 -9999 -9999 -9999 -9999 -9999 -9999 70.359 -9999 -9999 -9999 -9999 -9999 83.187 105.096 114.561 106.313 114.234 118.364 134.96 126.141 103.714 103.134 87.327 74.198 69.789 61.017 54.136 49.246 48.068 44.193 49.434 50.194 49.514 51.991 50.391 51.778 52.877 52.442 50.731 51.804 53.521 51.607 51.727 53.496 51.442 49.88 51.74 50.278 48.304 47.383 45.243 42.824 41.818 44.284 48.499 50.162 51.375 51.393 51.285 50.55 52.208 49.589 45.432 43.451 42.944
-9999 -9999 -9999 -9999 -9999 -9999 -9999 -9999 -9999 -9999 -9999 -9999 -9999 -9999 -9999 -9999 -9999 -9999 -9999 -9999 -9999 -9999 83.432 90.567 90.123 108.002 117.788 137.037 135.819 127.7 111.107 90.58 77.126 72.515 63.966 56.992 47.87 48.344 44.178 48.465 46.803 47.442 49.385 47.336 49.824 51.115 52.149 51.928 52.466 54.328 56.878 53.588 49.539 50.246 50.076 50.483 52.548 54.038 51.769 52.374 52.617 48.435 44.888 44.191 44.83 46.952 48.869 51.003 51.304 49.616 49.449 48.212 45.426 43.287 42.954
-9999 -9999 -9999 -9999 -9999 -9999 -9999 -9999 -9999 -9999 -9999 -9999 -9999 -9999 -9999 -9999 -9999 -9999 -9999 -9999 -9999 -9999 -9999 91.867 123.042 140.541 133.797 129.564 126.128 113.959 93.936 82.637 72.431 63.047 68.061 65.067 51.619 52.236 48.984 45.896 44.147 45.915 48.083 50.843 57.338 56.717 56.578 52.641 51.863 53.102 57.248 55.953 52.841 50.03 48.11 48.21 51.693 53.755 54.35 56.54 56.853 52.031 47.697 46.616 47.077 49.392 50.224 51.058 51.413 49.743 48.523 46.558 44.833 43.141 42.37
-9999 -9999 -9999 -9999 -9999 -9999 -9999 -9999 -9999 -9999 -9999 -9999 -9999 -9999 -9999 -9999 -9999 -9999 -9999 -9999 -9999 -9999 85.93 103.287 135.525 142.139 131.465 113.763 107.454 92.805 95.561 84.739 64.381 63.856 68.131 55.519 63.949 53.14 46.322 42.734 51.13 54.217 51.651 59.726 58.512 58.582 52.402 53.033 52.61 54.075 54.553 54.568 51.415 49.933 47.16 47.273 47.429 50.351 52.301 53.918 54.617 50.863 47.871 48.582 49.936 52.377 54.319 52.823 50.853 49.289 48.208 48.066 44.965 43.042 42.56
-9999 -9999 -9999 -9999 -9999 -9999 -9999 -9999 -9999 -9999 -9999 -9999 -9999 -9999 -9999 -9999 -9999 -9999 -9999 -9999 -9999 -9999 80.365 101.201 130.296 119.744 100.707 94.01 92.363 99.93 96.175 75.74 64.909 63.508 58.081 59.812 57.463 57.45 56.139 56.483 54.429 50.233 51.388 54.532 56.426 52.402 53.141 55.154 55.121 55.516 53.99 54.053 53.337 49.785 47.097 46.74 47.345 47.508 49.62 52.084 52.425 48.99 44.313 47.318 53.71 54.278 54.153 54.086 51.058 50.023 47.163 45.351 45.97 43.562 42.985
-9999 -9999 -9999 -9999 -9999 -9999 -9999 -9999 -9999 -9999 -9999 -9999 -9999 -9999 -9999 -9999 -9999 -9999 -9999 -9999 -9999 -9999 66.476 89.752 93.105 96.171 91.544 94.813 99.303 100.577 86.654 77.93 65.889 61.826 57.404 55.815 58.563 66.452 67.248 65.828 55.686 55.625 53.738 54.433 53.523 51.458 54.612 54.651 55.742 56.655 55.488 56.11 54.656 51.654 48.669 49.766 49.164 48.579 49.559 48.795 49.629 48.203 48.212 47.423 52.17 54.045 52.304 50.977 50.206 50.075 50.347 45.676 43.47 44.212 43.217
-9999 -9999 -9999 -9999 -9999 -9999 -9999 -9999 -9999 -9999 -9999 -9999 -9999 -9999 -9999 -9999 -9999 -9999 -9999 -9999 -9999 -9999 -9999 60.93 90.738 104.563 114.396 115.004 102.465 90.229 74.353 60.955 60.006 59.291 57.989 56.554 58.398 62.275 67.363 67.832 61.58 53.801 53.549 57.692 54.554 51.122 54.049 55.334 57.726 58.269 55.581 54.445 54.023 50.023 48.588 50.704 53.1 50.591 49.733 48.64 47.052 48.263 47.935 48.909 49.831 49.647 50.265 49.501 48.988 49.609 48.69 47.383 44.926 44.38 43.689
-9999 -9999 -9999 -9999 -9999 -9999 -9999 -9999 -9999 -9999 -9999 -9999 -9999 -9999 -9999 -9999 -9999 -9999 -9999 -9999 -9999 -9999 -9999 73.946 93.7 110.95 136.953 142.677 114.098 86.351 67.176 61.233 64.15 68.462 70.571 66.772 61.704 57.249 64.39 65.466 59.15 61.22 67.071 61.297 55.952 56.008 56.997 56.134 57.172 58.566 58.029 55.635 52.941 49.498 54.703 53.77 52.72 51.878 50.704 51.491 50.803 50.752 50.787 48.875 49.037 52.055 51.534 52.463 49.678 50.144 48.865 46.697 46.87 45.817 43.735
-9999 -9999 -9999 -9999 -9999 -9999 -9999 -9999 -9999 -9999 -9999 -9999 -9999 -9999 -9999 -9999 -9999 -9999 -9999 -9999 -9999 -9999 53.329 70.536 91.811 117.4 140.045 133.156 112.138 85.23 82.193 86.03 78.571 78.543 75.63 66.106 59.635 61.554 64.556 58.678 61.146 68.541 66.994 63.4 57.757 55.403 56.59 54.508 57.527 61.519 60.565 59.435 55.915 53.396 50.002 53.912 52.146 51.426 51.39 53.775 51.349 51.49 51.784 51.211 50.437 52.243 52.938 51.344 52.093 50.705 48.784 47.447 47.699 46.008 43.289
-9999 -9999 -9999 -9999 -9999 -9999 -9999 -9999 -9999 -9999 -9999 -9999 -9999 -9999 -9999 -9999 -9999 -9999 -9999 -9999 -9999 -9999 64.243 77.948 90.778 104.738 125.577 135.535 112.413 92.606 84.187 83.114 85.621 83.988 78.502 70.578 70.932 66.527 59.259 60.774 59.861 63.069 63.992 64.256 49.305 55.508 54.322 51.282 54.446 59.502 66.261 62.2 60.024 55.467 51.036 46.856 49.227 49.339 49.472 51.141 52.252 49.254 51.588 54.271 53.552 53.239 52.567 48.769 49.678 49.61 48.585 47.209 47.253 45.663 43.819
-9999 -9999 -9999 -9999 -9999 -9999 -9999 -9999 -9999 -9999 -9999 -9999 -9999 -9999 -9999 -9999 -9999 -9999 -9999 -9999 -9999 -9999 72.27 77.382 80.843 100.387 122.385 130.65 116.699 92.519 81.221 84.831 81.955 77.748 76.916 78.303 74.38 63.442 60.594 56.013 64.588 58.077 61.772 54.707 55.306 55.735 50.176 49.694 53.217 62.417 61.099 62.911 61.019 58.019 54.765 50.468 48.877 49.781 48.997 50.021 48.717 48.238 49.551 52.615 53.388 50.774 52.189 50.283 48.119 48.641 47.458 47.552 45.224 43.514 42.553
-9999 -9999 -9999 -9999 -9999 -9999 -9999 -9999 -9999 -9999 -9999 -9999 -9999 -9999 -9999 -9999 -9999 -9999 -9999 -9999 -9999 67.665 75.421 82.633 85.185 95.153 115.299 119.853 112.711 89.659 77.77 73.412 68.376 71.993 82.236 76.818 69.657 68.63 59.938 60.835 56.772 53.878 53.72 55.115 56.528 51.172 50.625 51.424 52.769 54.363 57.052 56.386 57.759 56.476 54.418 52.476 50.592 49.372 47.985 47.351 48.258 49.441 50.704 51.36 51.12 49.744 49.704 50.817 47.717 47.716 47.665 47.941 46.61 43.257 41.682
-9999 -9999 -9999 -9999 -9999 -9999 -9999 -9999 -9999 -9999 -9999 -9999 -9999 -9999 -9999 -9999 -9999 -9999 -9999 -9999 72.856 72.958 79.197 79.908 84.458 101.894 117.482 121.561 111.27 100.172 80.45 76.328 69.511 75.389 84.699 75.044 74.562 63.99 59.286 56.556 55.227 55.817 58.303 59.304 58.914 55.766 54.217 49.847 51.172 53.624 53.93 54.016 53.435 54.416 52.923 47.435 48.618 49.996 49.69 49.19 48.086 51.627 51.6 50.527 49.942 49.249 48.579 47.854 47.724 48.723 49.05 47.68 47.66 44.378 41.568
-9999 -9999 -9999 -9999 -9999 -9999 -9999 -9999 -9999 -9999 -9999 -9999 -9999 -9999 -9999 -9999 -9999 -9999 78.93 76.255 75.619 68.467 71.297 79.252 87.78 108.924 121.132 127.298 120.954 97.193 82.07 70.748 71.899 78.242 81.657 73.078 64.358 60.802 56.284 54.896 54.178 57.409 58.346 57.33 57.448 55.057 52.087 52.025 51.89 53.59 53.805 52.252 51.702 52.156 50.236 48.728 46.986 51.23 51.438 53.563 55.209 55.017 53.19 47.733 47.135 48.561 50.537 48.76 48.276 47.451 49.174 48.141 46.276 42.47 40.322
-9999 -9999 -9999 -9999 -9999 -9999 -9999 -9999 -9999 -9999 -9999 -9999 -9999 -9999 -9999 -9999 -9999 78.898 79.864 81.364 76.451 73.301 78.58 81.525 101.224 109.88 123.768 122.654 108.205 89.927 73.611 71.341 71.214 77.542 84.945 75.354 63.544 55.267 54.797 55.972 60.34 58.638 58.944 57.765 56.285 55.092 52.631 50.939 52.689 51.696 53.171 52.044 49.86 48.137 48.978 49.529 50.408 49.907 52.216 54.052 53.939 56.285 54.292 51.057 49.512 49.756 50.702 49.637 48.65 49.338 46.045 46.268 45.599 43.533 41.734
-9999 -9999 -9999 -9999 -9999 -9999 -9999 -9999 -9999 -9999 -9999 -9999 -9999 -9999 52.304 64.71 71.918 74.646 81.065 82.525 81.518 77.286 73.85 92.317 102.998 115.548 112.56 115.18 100.134 91.237 86.495 73.588 69.502 85.37 73.919 65.39 53.048 51.636 53.555 59.685 55.665 55.301 52.8 55.485 58.172 55.395 56.674 52.532 50.526 49.446 50.828 53.292 49.724 47.907 45.93 49.65 51.529 54.932 52.959 52.609 53.644 54.638 56.269 53.652 52.124 50.245 51.617 51.266 49.961 48.755 46.585 43.373 45.58 44.445 41.987
-9999 -9999 -9999 -9999 -9999 -9999 -9999 -9999 -9999 -9999 -9999 -9999 68.603 63.199 66.178 68.853 71.768 77.112 78.946 86.177 84.046 83.483 94.297 90.308 102.683 107.11 100.586 102.457 101.485 105.163 88.999 79.407 77.697 69.74 65.483 58.702 66.838 60.942 54.477 52.323 50.954 50.973 53.085 56.326 55.997 58.697 54.603 51.056 50.077 48.792 50.232 51.918 51.247 54.112 51.479 49.081 51.554 51.758 54.734 52.652 52.953 56.225 57.481 59.135 56.374 52.125 49.848 49.139 50.204 49.204 47.345 46.317 45.189 44.177 43.385
-9999 -9999 -9999 -9999 -9999 -9999 -9999 -9999 74.452 77.275 74.178 71.08 79.662 75.513 79.809 79.268 80.999 85.016 87.262 91.852 94.312 105.649 96.997 94.142 102.041 95.332 95.448 97.819 105.688 97.17 88.373 81.026 75.835 70.094 63.175 78.381 76.856 64.02 63.132 52.225 54.101 52.581 54.487 59.633 56.664 59.911 57.381 49.491 49.191 51.841 53.619 52.576 60.337 57.925 55.735 51.373 54.63 52.752 52.551 54.994 55.478 56.409 59.304 57.365 55.012 52.57 51.142 49.588 49.191 50.799 49.313 46.347 44.454 42.632 41.489
-9999 -9999 -9999 -9999 -9999 -9999 -9999 65.751 75.906 76.644 85.814 96.234 99.412 104.525 96.496 91.407 95.734 98.684 97.705 97.999 106.893 106.197 101.495 100.217 91.025 87.502 89.866 95.923 95.013 89.938 83.851 76.953 70.869 72.846 88.63 106.058 83.138 71.982 57.087 57.026 53.969 57.75 55.29 51.182 53.665 55.319 51.126 49.77 49.536 53.07 55.629 58.536 63.727 65.544 56.688 51.248 56.224 58.322 56.546 57.673 55.508 56.78 57.155 55.594 52.11 52.655 53.822 50.94 52.457 54.937 51.567 48.266 45.536 44.138 43.941
-9999 -9999 -9999 -9999 -9999 -9999 60.099 69.613 76.54 80.635 87.096 95.449 100.588 95.611 94.456 96.336 96.151 99.76 98.974 99.851 107.633 105.299 96.014 87.935 80.45 88.324 100.678 101.407 97.518 87.954 81.254 71.648 73.969 74.746 102.719 101.039 94.138 70.841 65.626 59.719 63.065 58.791 53.504 53.6 52.487 52.889 51.197 51.094 50.636 50.417 56.892 65.5 70.363 64.816 58.393 57.0 57.779 61.675 59.043 58.97 57.327 54.391 55.079 55.139 51.922 51.864 54.937 54.32 51.716 52.684 53.066 50.396 50.664 49.495 47.432
