Validation/Results/raw data/ReClimate_04_2024_2_Precipitation-Actuals.asc
NCOLS 192
NROWS 249
XLLCENTER -225160.85627316462
YLLCENTER 29788.11610251502
CELLSIZE 5000.0
NODATA_VALUE -9999
[rows 165 to 197 of 249, columns 75 to 149 of 192]
-9999 -9999 -9999 -9999 -9999 -9999 -9999 -9999 -9999 -9999 -9999 -9999 -9999 -9999 -9999 -9999 -9999 -9999 -9999 -9999 -9999 -9999 -9999 -9999 -9999 -9999 -9999 -9999 -9999 -9999 -9999 -9999 -9999 -9999 -9999 -9999 -9999 74.604 75.871 78.5 78.397 90.162 101.399 116.734 124.315 116.43 118.531 114.783 117.007 113.909 119.2 112.397 92.331 78.797 80.628 76.659 74.124 74.792 78.152 75.319 72.708 71.431 70.299 71.094 71.233 70.592 70.595 71.169 71.459 72.019 72.25 74.036 71.661 69.617 -9999
-9999 -9999 -9999 -9999 -9999 -9999 -9999 -9999 -9999 -9999 -9999 -9999 -9999 -9999 -9999 -9999 -9999 -9999 -9999 -9999 -9999 -9999 -9999 -9999 -9999 -9999 -9999 -9999 -9999 -9999 -9999 -9999 -9999 -9999 -9999 -9999 -9999 74.032 75.812 79.364 84.059 92.058 101.418 112.31 116.614 113.124 106.799 110.333 103.654 105.607 117.009 108.922 94.784 86.309 81.931 80.358 78.176 76.76 78.29 79.859 74.994 72.623 71.028 71.786 71.194 70.066 70.034 70.674 73.319 73.23 76.941 77.763 72.967 69.369 67.396
-9999 -9999 -9999 -9999 -9999 -9999 -9999 -9999 -9999 -9999 -9999 -9999 -9999 -9999 -9999 -9999 -9999 -9999 -9999 -9999 -9999 -9999 -9999 -9999 -9999 -9999 -9999 -9999 -9999 -9999 -9999 -9999 -9999 -9999 -9999 -9999 72.295 73.415 77.755 82.344 85.963 90.599 95.048 105.445 105.337 100.076 98.908 98.936 96.378 109.175 121.478 121.31 104.363 95.271 94.174 84.474 74.771 75.866 75.244 77.586 76.311 70.403 69.606 71.511 70.848 69.777 72.078 73.682 71.841 72.712 72.728 76.285 73.734 72.597 73.775
-9999 -9999 -9999 -9999 -9999 -9999 -9999 -9999 -9999 -9999 -9999 -9999 -9999 -9999 -9999 -9999 -9999 -9999 -9999 -9999 -9999 -9999 -9999 -9999 -9999 -9999 -9999 -9999 -9999 -9999 -9999 -9999 -9999 -9999 -9999 -9999 71.057 74.357 80.501 83.604 85.646 87.66 90.908 94.534 93.375 93.699 93.79 92.719 96.609 104.818 115.726 128.796 128.545 110.047 107.092 97.204 82.614 79.32 76.429 72.715 76.303 73.839 68.956 69.503 68.875 68.844 70.056 72.676 74.551 72.233 72.468 70.978 75.029 74.928 73.227
-9999 -9999 -9999 -9999 -9999 -9999 -9999 -9999 -9999 -9999 -9999 -9999 -9999 -9999 -9999 -9999 -9999 -9999 -9999 -9999 -9999 -9999 -9999 -9999 -9999 -9999 -9999 -9999 -9999 -9999 -9999 -9999 -9999 -9999 -9999 -9999 -9999 73.235 80.684 81.337 84.881 88.39 87.311 86.017 85.534 86.002 85.531 87.48 90.344 98.198 107.697 118.565 132.162 131.495 116.269 103.873 88.59 77.495 78.042 73.816 75.454 76.162 73.233 71.692 69.736 68.428 69.288 69.611 71.708 73.108 72.291 72.762 71.149 72.709 75.248
-9999 -9999 -9999 -9999 -9999 -9999 -9999 -9999 -9999 -9999 -9999 -9999 -9999 -9999 -9999 -9999 -9999 60.707 57.784 -9999 -9999 -9999 -9999 -9999 -9999 -9999 -9999 -9999 -9999 -9999 -9999 -9999 -9999 -9999 -9999 -9999 67.334 71.289 73.404 78.893 83.825 83.247 84.31 83.836 80.733 80.229 81.592 84.83 88.222 93.667 109.493 119.744 130.363 123.663 117.874 108.788 86.993 80.516 72.715 77.782 80.442 77.846 73.946 73.129 70.947 67.59 66.728 67.101 72.591 74.265 72.426 70.566 72.67 75.937 74.655
-9999 -9999 -9999 -9999 -9999 -9999 -9999 -9999 -9999 -9999 -9999 -9999 -9999 -9999 -9999 -9999 -9999 63.524 62.956 64.584 -9999 -9999 -9999 -9999 -9999 -9999 -9999 -9999 -9999 -9999 -9999 -9999 -9999 -9999 -9999 64.35 67.34 69.655 74.105 79.778 79.351 80.757 80.404 79.472 79.179 80.993 84.439 85.525 87.37 94.374 99.559 119.898 134.302 125.234 106.57 103.184 96.907 82.435 77.706 75.041 81.95 79.208 72.681 69.083 70.459 71.165 68.318 68.112 70.07 74.918 75.525 77.842 73.688 76.716 79.057
-9999 -9999 -9999 -9999 -9999 -9999 -9999 -9999 -9999 -9999 -9999 -9999 -9999 -9999 -9999 -9999 58.466 61.872 67.123 65.977 64.814 -9999 -9999 -9999 -9999 -9999 -9999 -9999 -9999 -9999 -9999 -9999 65.189 -9999 -9999 64.017 70.108 71.271 73.31 75.352 -9999 80.717 80.821 80.425 79.964 80.622 81.061 83.133 86.866 88.696 101.51 102.336 119.215 111.089 97.195 101.212 92.973 90.655 83.562 77.014 77.066 77.931 75.558 72.175 73.539 74.979 68.757 71.12 72.312 74.099 73.317 71.994 72.751 73.435 76.975
-9999 -9999 -9999 -9999 -9999 -9999 -9999 -9999 -9999 -9999 -9999 -9999 -9999 -9999 -9999 -9999 55.104 61.204 66.764 68.343 68.277 65.578 66.454 -9999 -9999 -9999 68.581 63.219 -9999 65.653 66.071 64.514 71.264 67.683 -9999 -9999 67.835 71.498 -9999 -9999 75.516 76.906 77.342 77.532 78.857 79.571 82.092 83.748 89.356 96.405 108.728 105.81 106.22 103.174 95.579 97.4 93.592 81.321 80.332 78.761 71.697 70.226 74.647 75.544 73.316 79.6 75.785 70.629 73.38 72.414 73.6 69.347 69.808 71.229 75.704
-9999 -9999 -9999 -9999 -9999 -9999 -9999 -9999 -9999 -9999 -9999 -9999 -9999 -9999 -9999 -9999 -9999 59.846 64.764 69.417 71.07 69.414 -9999 -9999 97.247 95.633 71.407 75.627 77.452 77.104 65.023 65.488 63.523 72.415 70.423 -9999 65.507 68.31 70.966 71.725 75.938 80.468 77.993 78.286 76.635 78.776 79.638 86.305 89.74 97.722 115.674 114.041 103.689 95.569 87.954 90.658 89.01 83.812 78.197 76.814 74.681 69.845 73.325 74.02 74.225 72.944 74.538 71.022 71.15 72.403 72.284 69.768 69.413 69.501 68.813
-9999 -9999 -9999 -9999 -9999 -9999 -9999 -9999 -9999 -9999 -9999 -9999 -9999 -9999 -9999 -9999 -9999 58.94 63.737 67.431 73.697 74.933 88.219 105.721 128.704 92.8 72.8 78.903 77.369 76.284 69.165 60.187 67.122 80.011 74.167 70.982 67.25 70.389 70.109 71.089 75.362 76.986 77.379 76.467 77.663 75.498 78.454 82.467 85.834 101.667 110.617 110.842 104.314 100.028 86.919 82.875 92.928 89.31 81.203 79.177 79.853 75.083 76.481 75.744 74.077 72.713 69.687 69.879 68.977 69.246 70.425 67.571 65.723 65.499 64.538
-9999 -9999 -9999 -9999 -9999 -9999 -9999 -9999 -9999 -9999 -9999 -9999 -9999 -9999 -9999 -9999 -9999 -9999 65.697 72.359 79.431 101.042 115.251 143.485 143.288 105.562 90.261 81.545 76.702 85.813 78.945 70.499 71.961 71.781 80.213 68.905 65.776 66.455 67.454 67.472 70.57 72.332 73.48 73.111 71.388 73.655 76.671 79.036 86.052 96.573 106.243 103.016 96.223 96.491 95.934 75.232 83.092 91.61 82.141 81.436 81.881 79.32 78.572 74.686 74.505 74.403 69.984 69.203 70.894 70.307 69.234 65.605 63.649 64.838 65.309
-9999 -9999 -9999 -9999 -9999 -9999 -9999 -9999 -9999 -9999 -9999 -9999 -9999 -9999 -9999 -9999 -9999 -9999 -9999 -9999 91.038 117.086 157.362 194.538 161.169 119.686 91.309 82.509 97.589 94.114 84.336 70.048 62.344 69.441 77.362 77.218 71.071 65.128 64.172 65.435 69.311 73.079 70.523 69.623 69.439 74.559 76.005 78.164 86.08 93.559 94.812 101.429 98.786 95.702 96.096 89.895 80.03 88.035 78.763 78.61 84.568 82.497 79.024 75.766 72.74 74.303 70.235 68.148 66.95 66.761 69.203 67.201 64.159 64.233 65.536
-9999 -9999 -9999 -9999 -9999 -9999 -9999 -9999 -9999 -9999 -9999 -9999 -9999 -9999 -9999 -9999 -9999 -9999 -9999 86.862 112.813 148.054 191.123 214.603 166.378 122.658 109.76 91.26 96.997 91.083 79.741 78.766 68.75 72.744 85.265 82.102 71.716 64.014 63.609 64.578 69.411 72.283 70.616 73.156 73.236 74.21 75.822 80.897 85.98 87.277 91.496 96.153 96.269 94.806 90.173 90.066 91.787 84.258 80.429 77.325 80.269 79.399 75.688 75.855 71.77 71.127 68.534 65.878 64.928 71.018 69.752 68.939 65.591 64.26 63.575
-9999 -9999 -9999 -9999 -9999 -9999 -9999 -9999 -9999 -9999 -9999 -9999 -9999 -9999 -9999 -9999 -9999 -9999 81.989 123.36 130.53 162.483 188.863 175.822 178.015 157.085 124.681 113.5 105.336 87.625 83.495 69.679 69.047 83.449 91.701 82.188 71.12 63.954 63.985 64.864 70.057 67.951 69.934 71.301 70.917 71.677 77.515 83.322 85.602 88.447 91.636 94.256 98.158 90.277 88.158 85.39 87.048 88.498 77.872 74.436 74.439 76.641 74.813 70.851 67.116 67.128 69.027 68.322 66.141 68.06 70.581 65.81 65.877 64.205 64.134
-9999 -9999 -9999 -9999 -9999 -9999 -9999 -9999 -9999 -9999 -9999 -9999 -9999 -9999 -9999 -9999 -9999 74.583 101.926 103.957 120.392 137.319 139.186 149.834 151.961 133.049 131.149 121.684 105.829 94.201 82.646 69.771 77.746 85.036 75.832 70.152 62.551 65.895 61.696 61.134 66.691 65.18 69.309 69.945 68.44 69.546 76.75 80.714 81.084 85.388 87.607 84.801 87.625 87.887 83.365 84.133 83.818 83.75 80.651 73.74 72.617 72.823 70.295 67.055 66.627 64.248 64.758 67.789 67.893 67.358 68.376 63.752 63.211 63.606 62.828
-9999 -9999 -9999 -9999 -9999 -9999 -9999 -9999 -9999 -9999 -9999 -9999 -9999 -9999 -9999 65.193 68.287 73.401 82.725 88.063 93.629 104.54 101.612 118.781 121.968 132.159 132.711 130.416 94.502 84.457 74.463 73.816 93.055 92.499 82.026 69.701 71.561 66.916 61.651 61.698 70.024 82.538 72.238 69.3 68.123 72.991 78.717 75.927 79.388 82.698 81.204 79.449 81.104 77.557 77.214 75.748 78.246 78.283 77.245 75.245 70.375 69.382 67.905 67.983 67.624 66.608 64.288 64.173 67.279 68.099 68.722 64.442 60.667 61.251 60.704
-9999 -9999 -9999 -9999 -9999 -9999 -9999 -9999 -9999 -9999 -9999 -9999 -9999 -9999 65.707 66.192 66.838 69.652 -9999 -9999 -9999 -9999 104.311 127.924 143.717 138.836 136.443 108.818 95.356 99.342 89.683 93.832 116.344 102.248 83.041 80.829 76.811 64.984 61.563 63.752 71.207 69.916 67.823 67.067 72.02 74.352 76.799 75.047 76.233 78.45 78.334 76.975 76.413 74.023 75.005 72.536 71.085 76.448 73.976 70.874 70.109 68.189 66.649 66.803 67.571 67.104 67.267 67.335 66.951 68.133 68.203 65.065 63.671 61.767 60.001
-9999 -9999 -9999 -9999 -9999 -9999 -9999 -9999 -9999 -9999 -9999 -9999 -9999 -9999 65.603 66.988 64.741 -9999 -9999 -9999 -9999 -9999 110.211 133.791 155.654 144.366 131.576 120.779 117.269 117.862 103.648 105.418 106.847 83.685 84.368 81.352 69.929 63.918 64.569 63.618 66.207 66.323 67.826 72.235 72.847 76.209 78.687 75.738 73.243 74.749 75.383 78.92 79.444 77.228 72.307 70.632 68.24 69.619 73.373 69.843 70.395 73.795 71.202 69.995 69.271 70.144 70.797 72.957 70.539 67.609 61.435 60.573 61.501 61.544 59.564
-9999 -9999 -9999 -9999 -9999 -9999 -9999 -9999 -9999 -9999 -9999 -9999 -9999 -9999 -9999 -9999 62.975 -9999 -9999 -9999 -9999 -9999 112.737 134.675 135.065 129.456 136.018 133.957 142.9 127.09 96.608 103.065 90.206 85.779 81.001 72.721 66.327 62.598 61.706 58.974 64.978 64.844 65.978 69.322 69.713 73.825 74.432 72.487 71.051 74.133 75.197 73.904 75.844 78.068 73.973 70.679 72.43 72.232 70.581 69.359 69.457 68.676 72.802 79.081 75.587 68.779 70.15 72.968 74.938 69.368 66.652 59.677 59.817 59.202 58.51
-9999 -9999 -9999 -9999 -9999 -9999 -9999 -9999 -9999 -9999 -9999 -9999 -9999 -9999 -9999 -9999 -9999 -9999 -9999 -9999 -9999 -9999 105.517 119.785 110.053 125.109 142.138 156.241 145.781 125.117 109.328 93.442 85.977 82.515 72.415 65.854 60.569 61.999 54.883 64.282 64.581 64.437 65.945 64.11 68.229 71.258 71.491 71.102 73.047 74.018 78.369 73.68 69.38 69.668 71.302 67.049 70.069 73.268 72.132 73.067 72.54 69.03 67.931 69.088 71.447 67.328 66.456 67.516 69.193 66.635 62.92 59.912 60.215 58.38 57.494
-9999 -9999 -9999 -9999 -9999 -9999 -9999 -9999 -9999 -9999 -9999 -9999 -9999 -9999 -9999 -9999 -9999 -9999 -9999 -9999 -9999 -9999 -9999 111.808 156.362 193.902 153.874 144.526 135.597 118.07 98.931 85.713 77.729 73.899 74.839 65.538 62.757 61.614 63.247 62.957 61.917 63.201 66.184 66.958 73.576 74.888 71.675 72.447 71.82 72.937 76.235 74.291 69.908 67.015 66.161 67.231 67.873 70.589 71.304 76.693 77.391 69.587 63.921 66.107 66.766 68.436 68.849 65.496 64.496 62.946 60.225 57.125 58.025 58.491 55.841
-9999 -9999 -9999 -9999 -9999 -9999 -9999 -9999 -9999 -9999 -9999 -9999 -9999 -9999 -9999 -9999 -9999 -9999 -9999 -9999 -9999 -9999 107.628 127.311 170.902 165.843 147.034 128.502 120.695 108.056 96.548 89.145 75.299 77.357 75.559 69.474 76.52 63.787 59.948 61.937 69.576 79.765 71.07 78.772 79.572 79.074 68.964 71.259 71.191 71.511 73.899 71.977 65.315 66.324 65.406 66.218 68.181 69.488 71.87 72.94 74.064 68.407 64.655 65.83 67.11 68.319 69.901 65.866 62.007 60.731 58.451 59.035 55.636 55.536 54.204
-9999 -9999 -9999 -9999 -9999 -9999 -9999 -9999 -9999 -9999 -9999 -9999 -9999 -9999 -9999 -9999 -9999 -9999 -9999 -9999 -9999 -9999 102.616 121.758 153.51 136.515 116.271 109.146 108.256 107.556 104.451 85.999 75.623 74.66 70.101 73.02 67.16 67.813 73.816 67.187 69.757 62.27 69.687 74.323 80.518 67.588 68.363 70.185 69.73 71.588 70.22 69.769 68.245 65.628 65.228 65.411 67.058 69.155 69.694 72.84 72.251 67.485 66.145 67.71 70.503 67.879 66.89 67.096 62.25 60.598 56.195 53.222 55.852 53.091 52.953
-9999 -9999 -9999 -9999 -9999 -9999 -9999 -9999 -9999 -9999 -9999 -9999 -9999 -9999 -9999 -9999 -9999 -9999 -9999 -9999 -9999 -9999 98.065 118.641 111.3 114.79 102.379 98.534 104.785 110.418 95.301 86.945 74.993 68.579 64.949 64.78 67.148 78.015 76.93 75.957 66.67 66.994 65.103 69.502 66.082 63.083 65.494 67.984 68.345 70.829 69.75 70.222 75.815 75.541 68.454 67.999 67.539 67.775 68.697 68.067 67.583 65.196 64.295 65.494 66.379 66.39 63.345 61.544 59.981 59.569 59.459 49.779 47.862 50.987 50.652
-9999 -9999 -9999 -9999 -9999 -9999 -9999 -9999 -9999 -9999 -9999 -9999 -9999 -9999 -9999 -9999 -9999 -9999 -9999 -9999 -9999 -9999 -9999 88.334 114.367 122.98 121.463 115.653 104.989 94.233 81.912 67.877 64.0 60.739 62.345 62.044 63.245 70.59 74.623 76.61 69.896 63.636 64.02 68.289 65.616 60.039 62.993 65.65 67.752 72.737 69.504 67.579 70.863 71.595 69.261 69.1 70.588 65.858 66.855 68.608 66.186 64.041 63.448 62.061 60.909 61.703 60.977 59.266 58.515 58.202 56.014 54.658 49.552 50.354 51.063
-9999 -9999 -9999 -9999 -9999 -9999 -9999 -9999 -9999 -9999 -9999 -9999 -9999 -9999 -9999 -9999 -9999 -9999 -9999 -9999 -9999 -9999 -9999 99.82 123.115 138.668 146.67 130.982 109.476 87.361 71.627 67.136 67.264 69.181 72.482 71.72 66.17 61.48 68.211 72.41 69.529 73.133 79.388 72.809 70.365 64.378 67.633 67.381 70.027 70.537 72.397 69.911 69.748 69.599 65.19 67.22 68.953 65.719 64.603 68.183 68.338 65.114 63.1 61.428 59.282 61.71 61.124 58.553 55.909 57.348 54.923 50.995 52.831 52.221 51.364
-9999 -9999 -9999 -9999 -9999 -9999 -9999 -9999 -9999 -9999 -9999 -9999 -9999 -9999 -9999 -9999 -9999 -9999 -9999 -9999 -9999 -9999 81.047 93.703 119.384 143.205 145.283 132.077 106.576 84.576 84.898 90.709 80.751 76.404 75.273 64.566 60.43 63.343 69.59 68.475 71.289 78.425 74.914 75.336 66.202 62.999 67.001 66.59 68.337 72.335 70.714 73.693 70.448 68.291 67.001 64.873 68.021 68.27 65.759 68.61 65.084 63.207 61.665 61.757 60.313 62.014 60.448 58.883 56.38 55.495 54.863 52.29 50.907 51.363 50.519
-9999 -9999 -9999 -9999 -9999 -9999 -9999 -9999 -9999 -9999 -9999 -9999 -9999 -9999 -9999 -9999 -9999 -9999 -9999 -9999 -9999 -9999 84.69 97.792 109.73 120.28 134.555 133.383 107.992 90.434 83.022 82.738 85.7 84.527 77.04 68.224 71.298 68.908 64.745 69.737 67.0 70.528 72.417 76.258 64.758 64.393 65.142 64.016 68.195 70.94 80.94 75.568 71.415 67.912 68.408 59.383 59.285 62.486 63.402 69.834 66.314 58.533 60.347 57.172 59.635 60.827 60.465 54.85 53.477 51.621 52.629 52.715 52.186 50.935 50.708
-9999 -9999 -9999 -9999 -9999 -9999 -9999 -9999 -9999 -9999 -9999 -9999 -9999 -9999 -9999 -9999 -9999 -9999 -9999 -9999 -9999 -9999 91.145 93.334 90.134 105.343 128.991 128.246 111.833 91.202 80.628 85.438 85.795 80.228 75.733 77.422 74.236 63.64 66.119 65.712 71.918 64.718 70.496 67.847 64.016 65.04 59.662 59.882 63.671 72.148 74.281 74.872 69.834 67.97 66.931 65.052 58.131 59.175 59.576 60.005 61.542 56.919 58.29 58.988 56.248 57.301 58.457 55.059 52.277 51.545 51.175 51.733 50.383 49.323 49.004
-9999 -9999 -9999 -9999 -9999 -9999 -9999 -9999 -9999 -9999 -9999 -9999 -9999 -9999 -9999 -9999 -9999 -9999 -9999 -9999 -9999 85.478 91.716 94.41 91.707 101.218 114.499 115.705 107.839 87.924 74.533 77.114 76.004 75.701 76.818 74.4 68.655 68.887 65.031 65.429 61.185 60.208 63.385 62.363 64.534 61.346 59.591 61.132 61.794 65.689 69.11 66.099 66.109 63.922 64.846 63.968 60.804 58.724 56.584 56.804 55.992 56.468 57.994 57.041 56.441 55.78 56.608 56.702 51.625 51.166 51.028 50.594 49.94 48.758 47.623
-9999 -9999 -9999 -9999 -9999 -9999 -9999 -9999 -9999 -9999 -9999 -9999 -9999 -9999 -9999 -9999 -9999 -9999 -9999 -9999 85.468 87.005 89.8 87.79 88.002 107.69 119.696 115.818 100.12 90.656 78.563 80.501 76.183 74.918 82.77 72.095 72.97 64.439 61.923 61.577 61.132 60.341 64.763 63.348 62.615 61.719 62.139 59.357 60.84 63.657 62.074 62.807 61.274 61.513 60.934 59.545 59.273 57.673 56.309 56.232 56.064 58.392 57.682 55.837 55.81 55.552 54.978 55.476 54.418 57.241 55.17 50.91 49.101 49.345 48.613
-9999 -9999 -9999 -9999 -9999 -9999 -9999 -9999 -9999 -9999 -9999 -9999 -9999 -9999 -9999 -9999 -9999 -9999 87.761 87.534 87.281 79.774 81.24 89.49 101.808 115.586 121.346 119.511 112.476 91.795 81.256 72.895 73.57 77.473 85.131 70.911 63.847 63.914 60.447 63.178 60.705 62.094 63.977 61.149 61.066 59.884 59.041 59.21 58.969 57.962 60.171 60.245 59.213 57.982 56.139 55.956 55.672 58.0 57.367 58.274 58.54 55.387 56.446 54.153 53.978 55.146 55.919 55.257 55.012 52.129 55.169 51.762 49.358 47.724 47.299
