Validation/Results/raw data/ReClimate_02_2024_2_Temperature-Actuals.asc
NCOLS 192
NROWS 249
XLLCENTER -225160.85627316462
YLLCENTER 29788.11610251502
CELLSIZE 5000.0
NODATA_VALUE -9999
[rows 136 to 169 of 249, columns 77 to 153 of 192]
-9999 -9999 -9999 -9999 -9999 -9999 -9999 -9999 8.114 -9999 7.992 7.634 7.778 7.927 8.32 8.543 8.506 8.22 7.114 7.44 7.583 7.727 8.364 8.419 8.432 8.488 7.906 7.682 -9999 -9999 -9999 -9999 -9999 -9999 8.774 8.886 8.82 8.565 8.448 8.252 7.639 7.294 7.541 7.54 7.556 8.015 7.624 7.364 7.806 8.118 8.388 8.32 8.651 8.82 8.808 8.638 8.674 -9999 -9999 -9999 -9999 -9999 -9999 -9999 -9999 -9999 -9999 -9999 -9999 -9999 -9999 -9999 -9999 -9999 -9999 -9999 -9999
-9999 -9999 -9999 -9999 -9999 -9999 -9999 -9999 7.968 7.96 8.089 8.229 8.035 8.101 8.293 8.455 8.714 8.357 7.931 7.259 7.464 7.757 8.334 8.273 8.195 8.518 8.048 8.423 -9999 -9999 -9999 -9999 8.721 8.689 8.758 8.86 8.907 8.819 8.568 7.737 6.886 6.921 7.161 6.782 7.542 7.413 7.085 7.641 7.558 7.872 8.444 8.501 8.108 8.504 8.68 8.533 8.764 -9999 -9999 -9999 -9999 -9999 -9999 -9999 -9999 -9999 -9999 -9999 -9999 -9999 -9999 -9999 -9999 -9999 -9999 -9999 -9999
8.616 -9999 -9999 -9999 -9999 -9999 -9999 -9999 7.81 8.085 8.066 -9999 -9999 8.211 8.239 8.439 8.581 -9999 8.552 8.313 8.182 8.143 8.351 8.022 8.406 8.685 -9999 -9999 -9999 -9999 -9999 8.771 8.779 8.744 8.755 8.731 8.732 8.73 8.259 7.46 6.307 6.09 6.682 6.387 7.017 6.455 6.714 7.082 7.037 7.764 7.864 7.993 8.069 8.314 8.516 8.397 8.648 -9999 -9999 -9999 -9999 -9999 -9999 -9999 -9999 -9999 -9999 -9999 -9999 -9999 -9999 -9999 -9999 -9999 -9999 -9999 -9999
8.308 -9999 -9999 -9999 -9999 -9999 -9999 -9999 -9999 8.087 8.323 -9999 -9999 -9999 8.485 8.308 8.446 8.592 -9999 -9999 8.483 8.437 8.417 7.989 8.068 -9999 -9999 -9999 -9999 -9999 8.523 8.626 8.704 8.699 8.616 8.504 8.566 8.252 8.005 7.644 6.498 6.223 5.475 6.214 5.732 5.59 6.063 6.467 6.455 6.932 7.652 7.819 7.838 8.313 8.575 8.26 8.237 -9999 -9999 -9999 -9999 -9999 -9999 -9999 -9999 -9999 -9999 -9999 -9999 -9999 -9999 -9999 -9999 -9999 -9999 -9999 -9999
-9999 -9999 -9999 -9999 -9999 -9999 -9999 -9999 -9999 -9999 8.288 -9999 -9999 -9999 -9999 8.418 8.101 8.187 -9999 -9999 -9999 8.514 8.635 -9999 -9999 -9999 -9999 -9999 -9999 -9999 8.562 8.647 8.531 8.24 7.949 8.058 8.187 8.128 8.297 7.92 7.091 5.888 5.732 5.791 4.959 5.209 5.647 6.258 6.168 6.415 7.159 7.76 8.181 8.432 8.539 8.211 8.125 -9999 -9999 -9999 -9999 -9999 -9999 -9999 -9999 -9999 -9999 -9999 -9999 -9999 -9999 -9999 -9999 -9999 -9999 -9999 -9999
-9999 -9999 -9999 -9999 -9999 -9999 -9999 -9999 -9999 -9999 7.96 -9999 -9999 -9999 -9999 -9999 8.278 8.16 -9999 -9999 -9999 -9999 -9999 -9999 -9999 -9999 -9999 -9999 -9999 -9999 8.604 8.169 7.828 7.569 7.371 7.623 7.858 8.062 8.194 7.954 7.368 6.051 4.857 4.322 4.771 5.275 6.448 6.732 6.85 7.16 7.307 7.378 8.008 8.463 8.389 8.113 8.103 8.431 -9999 -9999 -9999 -9999 -9999 -9999 -9999 -9999 -9999 -9999 -9999 -9999 -9999 -9999 -9999 -9999 -9999 -9999 -9999
8.631 8.461 8.798 -9999 -9999 -9999 -9999 -9999 -9999 -9999 7.906 -9999 -9999 -9999 -9999 -9999 -9999 -9999 -9999 -9999 -9999 -9999 -9999 -9999 -9999 -9999 -9999 -9999 -9999 8.632 8.292 8.141 8.088 7.687 6.686 7.314 7.511 7.562 7.978 7.945 8.037 6.288 4.528 4.105 5.162 5.731 5.185 5.21 6.066 6.682 7.709 7.822 7.862 8.049 8.117 8.166 8.158 8.441 8.846 -9999 -9999 -9999 -9999 -9999 -9999 -9999 -9999 -9999 -9999 -9999 -9999 -9999 -9999 -9999 -9999 -9999 -9999
8.561 8.717 8.735 -9999 -9999 -9999 -9999 -9999 -9999 -9999 -9999 -9999 -9999 -9999 -9999 -9999 -9999 -9999 -9999 -9999 -9999 -9999 -9999 -9999 -9999 -9999 -9999 -9999 8.602 8.556 8.228 8.14 7.893 7.347 5.355 6.18 7.481 7.729 7.92 8.383 8.022 7.133 5.532 4.385 5.055 5.28 5.614 5.969 5.955 6.349 7.001 7.878 8.046 8.189 8.168 8.187 8.343 8.697 9.015 -9999 -9999 -9999 -9999 -9999 -9999 -9999 -9999 -9999 -9999 -9999 -9999 -9999 -9999 -9999 -9999 -9999 -9999
8.91 -9999 8.873 8.844 -9999 -9999 -9999 -9999 -9999 -9999 -9999 -9999 -9999 -9999 -9999 -9999 -9999 -9999 -9999 -9999 -9999 -9999 -9999 -9999 -9999 -9999 -9999 -9999 8.02 8.098 8.174 7.016 6.657 6.92 7.203 6.954 6.84 7.409 7.721 7.934 8.093 7.801 6.665 5.957 4.837 5.568 6.06 6.349 6.548 6.954 7.35 7.699 7.836 8.142 8.195 8.271 8.374 8.742 9.155 9.223 9.067 -9999 -9999 -9999 -9999 -9999 -9999 -9999 -9999 -9999 -9999 -9999 -9999 -9999 -9999 -9999 -9999
8.873 -9999 -9999 8.798 -9999 -9999 -9999 -9999 -9999 -9999 -9999 -9999 -9999 -9999 -9999 -9999 -9999 -9999 -9999 -9999 -9999 -9999 -9999 -9999 -9999 -9999 -9999 -9999 8.105 8.038 7.428 6.393 7.767 7.756 6.791 6.273 7.128 7.166 6.912 7.841 7.646 7.959 7.908 6.905 6.308 5.886 6.226 6.554 7.09 7.357 7.722 8.002 8.266 8.289 8.462 8.323 8.509 8.756 9.024 8.639 8.558 8.465 8.605 8.175 -9999 -9999 -9999 -9999 -9999 -9999 -9999 -9999 -9999 -9999 -9999 -9999 -9999
8.79 8.953 -9999 8.746 -9999 -9999 -9999 -9999 -9999 -9999 -9999 -9999 -9999 -9999 -9999 -9999 -9999 -9999 -9999 -9999 -9999 -9999 -9999 -9999 -9999 -9999 -9999 8.824 8.22 7.778 6.674 6.0 5.868 6.712 7.033 7.051 6.769 6.203 7.358 6.618 7.322 7.705 7.84 7.609 7.383 6.857 6.188 6.501 7.041 7.435 7.709 7.991 8.28 8.568 8.589 8.575 8.65 8.799 8.831 8.642 7.724 7.678 7.768 7.756 8.058 7.819 -9999 -9999 -9999 -9999 -9999 -9999 -9999 -9999 -9999 -9999 -9999
8.879 -9999 8.728 -9999 -9999 -9999 -9999 -9999 -9999 -9999 -9999 -9999 -9999 -9999 -9999 -9999 -9999 -9999 -9999 -9999 -9999 -9999 -9999 -9999 -9999 -9999 -9999 -9999 8.738 7.953 6.544 6.245 6.701 5.142 6.098 7.132 6.561 7.116 5.935 6.287 7.226 7.558 7.451 7.526 7.184 5.387 5.77 5.964 5.974 6.377 7.287 7.681 8.063 8.472 8.641 8.641 8.708 8.858 8.9 8.715 8.048 7.687 7.939 7.91 7.719 7.734 7.744 -9999 -9999 -9999 -9999 -9999 -9999 -9999 -9999 -9999 -9999
8.97 8.791 8.565 -9999 -9999 -9999 -9999 -9999 -9999 -9999 -9999 -9999 -9999 -9999 -9999 -9999 -9999 -9999 -9999 -9999 -9999 -9999 -9999 -9999 -9999 -9999 -9999 -9999 -9999 8.429 7.92 8.029 6.533 6.513 6.966 7.983 8.233 6.73 6.719 7.186 7.348 6.941 6.907 7.225 6.147 5.779 5.604 5.057 5.577 6.346 6.667 7.458 7.936 8.43 8.634 8.632 8.705 8.818 8.084 7.829 7.241 6.622 6.959 7.313 7.804 7.61 7.644 8.104 -9999 -9999 -9999 -9999 -9999 -9999 -9999 -9999 -9999
9.032 8.712 -9999 -9999 -9999 -9999 -9999 -9999 -9999 -9999 -9999 -9999 -9999 -9999 -9999 -9999 -9999 -9999 -9999 -9999 -9999 -9999 -9999 -9999 -9999 -9999 -9999 -9999 -9999 8.94 8.674 8.304 7.595 6.873 6.459 8.133 7.559 7.814 8.112 8.056 7.682 7.055 5.925 6.913 6.078 5.356 5.858 6.771 6.979 6.917 7.115 7.394 8.133 8.592 8.715 8.704 8.528 8.103 7.706 7.269 7.463 7.249 7.127 6.99 7.08 7.381 7.474 7.849 8.623 -9999 -9999 -9999 -9999 -9999 -9999 -9999 -9999
8.785 8.762 -9999 -9999 -9999 -9999 -9999 -9999 -9999 -9999 -9999 -9999 -9999 -9999 -9999 -9999 -9999 -9999 -9999 -9999 -9999 -9999 -9999 -9999 -9999 -9999 -9999 -9999 -9999 -9999 8.135 7.693 7.589 6.928 7.942 7.806 8.281 8.501 8.536 8.309 7.937 7.263 7.306 5.743 6.07 6.298 6.289 6.804 6.89 6.751 7.55 7.753 8.296 8.602 8.798 8.783 8.449 8.005 7.77 7.594 7.464 7.489 7.498 7.376 7.269 7.316 7.689 7.886 8.368 -9999 -9999 -9999 -9999 -9999 -9999 -9999 -9999
-9999 -9999 -9999 -9999 -9999 -9999 -9999 -9999 -9999 -9999 -9999 -9999 -9999 -9999 -9999 -9999 -9999 -9999 -9999 -9999 -9999 -9999 -9999 -9999 -9999 -9999 -9999 -9999 -9999 -9999 8.883 7.237 7.869 8.701 8.25 8.533 8.523 8.845 8.737 8.149 8.124 8.106 5.954 6.506 6.098 6.054 6.007 7.015 7.13 7.346 7.514 7.986 8.227 8.631 8.815 8.837 8.652 7.942 7.528 7.716 7.941 7.93 7.932 7.812 7.777 7.529 7.469 8.007 8.127 8.706 -9999 -9999 -9999 -9999 -9999 -9999 -9999
-9999 -9999 -9999 -9999 -9999 -9999 -9999 -9999 -9999 -9999 -9999 -9999 -9999 -9999 -9999 -9999 -9999 -9999 -9999 -9999 -9999 -9999 -9999 -9999 -9999 -9999 -9999 -9999 -9999 -9999 -9999 8.57 9.125 8.822 8.541 8.753 8.665 8.981 8.76 8.426 8.537 7.654 6.514 5.829 5.716 5.307 5.948 6.063 6.45 7.047 7.092 7.541 8.133 8.564 8.79 8.703 8.579 8.447 7.554 7.526 8.23 8.644 8.505 8.46 8.436 8.417 8.279 8.44 8.678 8.616 -9999 -9999 -9999 -9999 -9999 -9999 -9999
-9999 -9999 -9999 -9999 -9999 -9999 -9999 -9999 -9999 -9999 -9999 -9999 -9999 -9999 -9999 -9999 -9999 -9999 -9999 -9999 -9999 -9999 -9999 -9999 -9999 -9999 -9999 -9999 -9999 -9999 -9999 8.972 -9999 8.679 9.015 8.868 8.903 -9999 8.924 8.613 8.593 7.802 6.501 6.317 6.184 5.652 6.051 6.035 5.369 6.292 6.729 7.071 7.568 8.331 8.693 8.662 8.559 8.569 8.568 8.257 8.601 8.885 8.77 8.598 8.621 8.666 8.709 8.739 8.369 8.146 8.263 -9999 -9999 -9999 -9999 -9999 -9999
-9999 -9999 -9999 -9999 -9999 -9999 -9999 -9999 -9999 -9999 -9999 -9999 -9999 -9999 -9999 -9999 -9999 -9999 -9999 -9999 -9999 -9999 -9999 -9999 -9999 -9999 -9999 -9999 -9999 -9999 -9999 -9999 9.206 8.869 -9999 -9999 -9999 -9999 9.103 8.875 8.95 8.322 7.756 6.651 6.465 6.299 6.169 6.977 6.497 5.802 6.673 6.944 7.577 8.136 8.651 8.834 8.835 8.796 8.805 8.728 8.555 8.703 8.57 8.499 8.614 8.556 8.326 8.36 8.549 8.332 8.186 8.15 8.333 -9999 -9999 -9999 -9999
-9999 -9999 -9999 -9999 -9999 -9999 -9999 -9999 -9999 -9999 -9999 -9999 -9999 -9999 -9999 -9999 -9999 -9999 -9999 -9999 -9999 -9999 -9999 -9999 -9999 -9999 -9999 -9999 -9999 -9999 -9999 -9999 9.187 9.128 -9999 -9999 -9999 -9999 9.167 8.727 9.004 8.581 7.728 7.869 7.695 6.834 6.74 6.931 7.111 5.969 6.594 6.961 7.34 7.949 8.625 8.941 9.011 9.021 8.968 8.911 8.772 8.623 8.59 8.555 8.544 8.361 8.092 7.942 8.077 8.313 8.481 8.51 8.579 -9999 -9999 -9999 -9999
-9999 -9999 -9999 -9999 -9999 -9999 -9999 -9999 -9999 -9999 -9999 -9999 -9999 -9999 -9999 -9999 -9999 -9999 -9999 -9999 -9999 -9999 -9999 -9999 -9999 -9999 -9999 -9999 -9999 -9999 -9999 -9999 9.233 -9999 -9999 -9999 -9999 9.288 8.912 8.584 7.89 7.55 7.585 7.628 7.757 7.201 6.712 7.307 7.274 7.15 6.598 7.167 7.5 7.976 8.407 8.847 8.93 9.024 9.086 9.071 9.018 8.916 8.869 8.608 8.109 8.046 8.038 8.154 8.291 8.488 8.661 8.76 -9999 -9999 -9999 -9999 -9999
-9999 -9999 -9999 -9999 -9999 -9999 -9999 -9999 -9999 -9999 -9999 -9999 -9999 -9999 -9999 -9999 -9999 -9999 -9999 -9999 -9999 -9999 -9999 -9999 -9999 -9999 -9999 -9999 -9999 -9999 -9999 -9999 -9999 -9999 -9999 -9999 -9999 9.094 8.569 7.617 6.765 6.462 7.061 7.764 7.733 7.93 7.805 7.906 7.679 7.438 7.144 7.184 7.689 8.051 8.328 8.685 8.875 8.986 9.139 9.213 9.198 9.094 8.966 8.816 8.022 7.578 8.163 8.431 8.683 8.751 8.84 8.812 -9999 -9999 -9999 -9999 -9999
-9999 -9999 -9999 -9999 -9999 -9999 -9999 -9999 -9999 -9999 -9999 -9999 -9999 -9999 -9999 -9999 -9999 -9999 -9999 -9999 -9999 -9999 -9999 -9999 -9999 -9999 -9999 -9999 -9999 -9999 -9999 -9999 -9999 -9999 -9999 -9999 -9999 8.979 8.592 7.834 6.986 7.029 7.619 7.788 8.161 8.136 8.095 8.093 7.981 8.156 7.607 7.57 7.684 7.992 8.272 8.634 8.945 9.0 9.138 9.301 9.271 9.169 9.02 8.904 8.513 7.9 8.142 8.596 8.798 8.904 8.9 8.858 -9999 -9999 -9999 -9999 -9999
-9999 -9999 -9999 -9999 -9999 -9999 -9999 -9999 -9999 -9999 -9999 -9999 -9999 -9999 -9999 -9999 -9999 -9999 -9999 -9999 -9999 -9999 -9999 -9999 -9999 -9999 -9999 -9999 -9999 -9999 -9999 -9999 -9999 -9999 -9999 -9999 9.082 8.995 8.582 7.68 7.112 6.893 7.62 7.658 8.498 8.156 8.158 7.849 7.817 7.653 8.389 8.333 8.503 8.452 8.694 8.65 8.883 9.04 9.06 9.161 9.273 9.149 9.014 8.872 8.797 8.375 8.33 8.649 8.873 8.959 8.949 8.88 8.823 -9999 -9999 -9999 -9999
-9999 -9999 -9999 -9999 -9999 -9999 -9999 -9999 -9999 -9999 -9999 -9999 -9999 -9999 -9999 -9999 -9999 -9999 -9999 -9999 -9999 -9999 -9999 -9999 -9999 -9999 -9999 -9999 -9999 -9999 -9999 -9999 -9999 -9999 -9999 -9999 9.093 9.119 8.861 8.364 7.601 8.382 8.234 8.792 8.131 7.611 7.7 7.389 7.523 8.065 7.838 8.366 8.407 8.405 8.496 8.743 8.805 8.984 9.07 9.109 9.152 9.055 8.871 8.788 8.797 8.779 8.495 8.619 8.869 8.997 9.032 8.935 8.858 -9999 -9999 -9999 -9999
-9999 -9999 -9999 -9999 -9999 -9999 -9999 -9999 -9999 -9999 -9999 -9999 -9999 -9999 -9999 -9999 -9999 -9999 -9999 -9999 -9999 -9999 -9999 -9999 -9999 -9999 -9999 -9999 -9999 -9999 -9999 -9999 -9999 -9999 -9999 9.031 9.087 9.17 9.29 8.788 8.778 8.702 8.94 8.794 8.038 7.918 7.61 7.268 7.475 7.864 8.737 8.412 8.871 8.817 8.713 8.608 8.791 8.897 9.004 9.095 9.101 8.986 8.804 8.721 8.777 8.834 8.712 8.51 8.784 9.122 9.23 9.097 8.944 8.864 -9999 -9999 -9999
-9999 -9999 -9999 -9999 -9999 -9999 -9999 -9999 -9999 -9999 -9999 -9999 -9999 -9999 -9999 -9999 -9999 -9999 -9999 -9999 -9999 -9999 -9999 -9999 -9999 -9999 -9999 -9999 -9999 -9999 -9999 -9999 -9999 -9999 -9999 9.059 9.0 9.17 9.257 9.154 9.024 9.005 8.795 8.48 8.583 8.268 7.55 6.495 6.856 7.308 8.109 8.753 8.697 9.08 9.224 9.03 8.786 8.92 9.047 9.106 9.127 9.043 8.893 8.822 8.873 8.959 8.819 8.58 8.819 9.31 9.47 9.372 9.105 8.948 -9999 -9999 -9999
-9999 -9999 -9999 -9999 -9999 -9999 -9999 -9999 -9999 -9999 -9999 -9999 -9999 -9999 -9999 -9999 -9999 -9999 -9999 -9999 -9999 -9999 -9999 -9999 -9999 -9999 -9999 -9999 -9999 -9999 -9999 -9999 -9999 -9999 -9999 9.083 9.109 9.245 9.373 9.334 9.22 8.881 8.62 8.498 8.098 7.456 6.643 6.634 6.947 7.284 7.918 8.582 8.64 8.697 9.146 9.405 9.314 9.181 9.209 9.192 9.141 9.117 9.048 8.995 9.047 9.105 9.145 8.966 9.015 9.412 9.58 9.465 9.247 8.99 8.857 -9999 -9999
-9999 -9999 -9999 -9999 -9999 -9999 -9999 -9999 -9999 -9999 -9999 -9999 -9999 -9999 -9999 -9999 -9999 -9999 -9999 -9999 -9999 -9999 -9999 -9999 -9999 -9999 -9999 -9999 -9999 -9999 -9999 -9999 -9999 -9999 -9999 -9999 9.139 9.227 9.351 9.308 8.848 8.388 8.157 7.996 7.932 7.677 7.15 7.361 7.36 7.877 8.762 8.956 9.01 8.777 9.135 9.397 9.313 9.274 9.32 9.264 9.198 9.186 9.179 9.159 9.186 9.238 9.221 9.258 9.236 -9999 9.469 -9999 9.256 9.074 8.848 8.882 -9999
-9999 -9999 -9999 -9999 -9999 -9999 -9999 -9999 -9999 -9999 -9999 -9999 -9999 -9999 -9999 -9999 -9999 -9999 -9999 -9999 -9999 -9999 -9999 -9999 -9999 -9999 -9999 -9999 -9999 -9999 -9999 -9999 -9999 -9999 -9999 9.267 9.199 9.238 9.335 9.175 8.593 7.879 7.852 8.006 7.531 7.453 7.656 7.308 6.954 7.49 8.315 9.213 9.007 9.054 9.337 9.375 9.224 9.253 9.275 9.308 9.276 9.265 9.253 9.252 9.275 9.116 9.128 9.22 9.081 9.058 9.196 9.239 -9999 9.192 9.031 8.806 8.942
-9999 -9999 -9999 -9999 -9999 -9999 -9999 -9999 -9999 -9999 -9999 -9999 -9999 -9999 -9999 -9999 -9999 -9999 -9999 -9999 -9999 -9999 -9999 -9999 -9999 -9999 -9999 -9999 -9999 -9999 -9999 -9999 -9999 -9999 -9999 9.327 9.267 9.301 9.205 8.885 8.678 8.414 8.222 8.249 8.243 8.268 8.403 7.719 7.181 7.554 8.203 8.59 8.545 8.686 8.988 9.132 8.987 9.039 9.221 9.307 9.381 9.363 9.324 9.287 9.326 9.364 9.111 9.191 9.191 8.935 9.001 9.127 9.211 -9999 -9999 -9999 -9999
-9999 -9999 -9999 -9999 -9999 -9999 -9999 -9999 -9999 -9999 -9999 -9999 -9999 -9999 -9999 -9999 -9999 -9999 -9999 -9999 -9999 -9999 -9999 -9999 -9999 -9999 -9999 -9999 -9999 -9999 -9999 -9999 -9999 -9999 9.346 9.343 9.253 9.097 8.967 9.091 9.134 8.819 9.011 9.063 9.011 9.042 8.803 7.987 6.924 6.676 7.39 7.937 7.872 8.364 8.909 9.022 9.111 9.028 9.189 9.354 9.446 9.431 9.371 9.301 9.313 9.362 9.315 9.195 9.201 8.895 8.788 8.938 9.13 9.217 9.145 -9999 -9999
-9999 -9999 -9999 -9999 -9999 -9999 -9999 -9999 -9999 -9999 -9999 -9999 -9999 -9999 -9999 -9999 -9999 -9999 -9999 -9999 -9999 -9999 -9999 -9999 -9999 -9999 -9999 -9999 -9999 -9999 -9999 -9999 -9999 -9999 9.358 9.336 9.316 9.246 9.091 9.004 9.375 9.445 9.491 9.448 9.393 9.359 9.084 8.429 7.613 6.419 6.079 7.093 7.396 7.881 8.633 8.791 9.221 9.354 9.212 9.356 9.503 9.497 9.42 9.325 9.296 9.331 9.274 9.239 9.208 9.117 8.6 8.679 8.921 9.133 9.133 9.007 -9999
-9999 -9999 -9999 -9999 -9999 -9999 -9999 -9999 -9999 -9999 -9999 -9999 -9999 -9999 -9999 -9999 -9999 -9999 -9999 -9999 -9999 -9999 -9999 -9999 -9999 -9999 -9999 -9999 -9999 -9999 -9999 -9999 -9999 -9999 -9999 9.509 9.526 9.551 9.35 9.482 9.522 9.606 9.68 9.691 9.817 9.772 9.474 8.961 8.005 6.962 5.952 5.83 6.792 7.541 8.275 8.857 8.888 9.194 9.168 9.234 9.468 9.514 9.43 9.326 9.276 9.238 9.189 9.165 9.182 9.072 8.694 8.439 8.617 8.82 8.867 8.779 8.848
