Validation/Results/raw data/ReClimate_02_2024_1_Temperature-Actualsweatherlogisticsltd.asc
NCOLS 192
NROWS 249
XLLCENTER -225160.85627316462
YLLCENTER 29788.11610251502
CELLSIZE 5000.0
NODATA_VALUE -9999
[rows 136 to 169 of 249, columns 77 to 153 of 192]
-9999 -9999 -9999 -9999 -9999 -9999 -9999 -9999 6.971 -9999 6.685 6.284 6.388 6.47 6.756 6.885 6.836 6.633 5.548 5.8 5.881 5.968 6.563 6.555 6.457 6.515 6.028 5.9 -9999 -9999 -9999 -9999 -9999 -9999 6.978 7.092 7.022 6.766 6.658 6.465 5.827 5.46 5.732 5.777 5.814 6.271 5.959 5.828 6.309 6.481 6.621 6.608 7.067 7.257 7.293 7.257 7.343 -9999 -9999 -9999 -9999 -9999 -9999 -9999 -9999 -9999 -9999 -9999 -9999 -9999 -9999 -9999 -9999 -9999 -9999 -9999 -9999
-9999 -9999 -9999 -9999 -9999 -9999 -9999 -9999 6.854 6.841 6.955 7.076 6.792 6.695 6.755 6.849 7.114 6.802 6.358 5.627 5.797 6.035 6.555 6.403 6.287 6.641 6.248 6.708 -9999 -9999 -9999 -9999 6.969 6.885 6.948 7.065 7.105 7.013 6.773 5.951 5.087 5.119 5.38 5.025 5.799 5.671 5.387 5.995 5.893 6.057 6.514 6.631 6.423 6.905 7.163 7.077 7.425 -9999 -9999 -9999 -9999 -9999 -9999 -9999 -9999 -9999 -9999 -9999 -9999 -9999 -9999 -9999 -9999 -9999 -9999 -9999 -9999
7.577 -9999 -9999 -9999 -9999 -9999 -9999 -9999 6.77 7.062 7.052 -9999 -9999 6.895 6.793 6.917 7.038 -9999 7.024 6.752 6.619 6.553 6.702 6.302 6.647 6.95 -9999 -9999 -9999 -9999 -9999 7.091 7.02 6.934 6.948 6.935 6.922 6.91 6.447 5.651 4.491 4.283 4.898 4.611 5.237 4.637 4.862 5.226 5.167 5.856 5.879 6.096 6.33 6.728 7.007 6.958 7.249 -9999 -9999 -9999 -9999 -9999 -9999 -9999 -9999 -9999 -9999 -9999 -9999 -9999 -9999 -9999 -9999 -9999 -9999 -9999 -9999
7.212 -9999 -9999 -9999 -9999 -9999 -9999 -9999 -9999 7.066 7.325 -9999 -9999 -9999 7.129 6.855 6.965 7.14 -9999 -9999 7.023 6.956 6.855 6.347 6.439 -9999 -9999 -9999 -9999 -9999 6.873 6.937 6.937 6.917 6.845 6.724 6.768 6.441 6.18 5.789 4.636 4.397 3.684 4.406 3.89 3.702 4.121 4.518 4.529 5.037 5.787 6.028 6.124 6.679 6.996 6.76 6.802 -9999 -9999 -9999 -9999 -9999 -9999 -9999 -9999 -9999 -9999 -9999 -9999 -9999 -9999 -9999 -9999 -9999 -9999 -9999 -9999
-9999 -9999 -9999 -9999 -9999 -9999 -9999 -9999 -9999 -9999 7.239 -9999 -9999 -9999 -9999 7.056 6.725 6.851 -9999 -9999 -9999 7.053 7.147 -9999 -9999 -9999 -9999 -9999 -9999 -9999 6.905 6.905 6.748 6.469 6.187 6.286 6.389 6.298 6.422 5.998 5.165 4.022 3.918 3.959 3.087 3.287 3.688 4.307 4.237 4.529 5.358 6.029 6.48 6.769 6.905 6.606 6.623 -9999 -9999 -9999 -9999 -9999 -9999 -9999 -9999 -9999 -9999 -9999 -9999 -9999 -9999 -9999 -9999 -9999 -9999 -9999 -9999
-9999 -9999 -9999 -9999 -9999 -9999 -9999 -9999 -9999 -9999 6.861 -9999 -9999 -9999 -9999 -9999 7.012 6.873 -9999 -9999 -9999 -9999 -9999 -9999 -9999 -9999 -9999 -9999 -9999 -9999 6.912 6.4 6.045 5.809 5.618 5.846 6.044 6.204 6.288 5.988 5.385 4.167 3.062 2.522 2.931 3.387 4.52 4.765 4.932 5.297 5.502 5.628 6.297 6.792 6.743 6.47 6.526 6.977 -9999 -9999 -9999 -9999 -9999 -9999 -9999 -9999 -9999 -9999 -9999 -9999 -9999 -9999 -9999 -9999 -9999 -9999 -9999
7.622 7.605 7.826 -9999 -9999 -9999 -9999 -9999 -9999 -9999 6.772 -9999 -9999 -9999 -9999 -9999 -9999 -9999 -9999 -9999 -9999 -9999 -9999 -9999 -9999 -9999 -9999 -9999 -9999 6.963 6.624 6.401 6.327 5.94 4.944 5.562 5.703 5.706 6.084 5.918 5.983 4.386 2.758 2.318 3.308 3.843 3.261 3.251 4.164 4.842 5.885 5.987 6.067 6.333 6.442 6.498 6.534 6.924 7.453 -9999 -9999 -9999 -9999 -9999 -9999 -9999 -9999 -9999 -9999 -9999 -9999 -9999 -9999 -9999 -9999 -9999 -9999
7.505 7.648 7.705 -9999 -9999 -9999 -9999 -9999 -9999 -9999 -9999 -9999 -9999 -9999 -9999 -9999 -9999 -9999 -9999 -9999 -9999 -9999 -9999 -9999 -9999 -9999 -9999 -9999 6.871 6.88 6.617 6.428 6.155 5.62 3.649 4.468 5.699 5.877 6.001 6.337 5.973 5.255 3.733 2.531 3.14 3.347 3.671 4.044 4.095 4.543 5.203 6.023 6.184 6.41 6.481 6.545 6.713 7.12 7.548 -9999 -9999 -9999 -9999 -9999 -9999 -9999 -9999 -9999 -9999 -9999 -9999 -9999 -9999 -9999 -9999 -9999 -9999
7.717 -9999 7.797 7.856 -9999 -9999 -9999 -9999 -9999 -9999 -9999 -9999 -9999 -9999 -9999 -9999 -9999 -9999 -9999 -9999 -9999 -9999 -9999 -9999 -9999 -9999 -9999 -9999 6.381 6.475 6.5 5.295 4.918 5.195 5.495 5.237 5.044 5.547 5.799 5.957 6.161 5.965 4.854 4.107 2.939 3.631 4.134 4.445 4.7 5.155 5.575 5.886 5.988 6.341 6.494 6.655 6.766 7.112 7.577 7.732 7.639 -9999 -9999 -9999 -9999 -9999 -9999 -9999 -9999 -9999 -9999 -9999 -9999 -9999 -9999 -9999 -9999
7.696 -9999 -9999 7.795 -9999 -9999 -9999 -9999 -9999 -9999 -9999 -9999 -9999 -9999 -9999 -9999 -9999 -9999 -9999 -9999 -9999 -9999 -9999 -9999 -9999 -9999 -9999 -9999 6.48 6.407 5.75 4.645 6.002 6.005 5.048 4.516 5.324 5.33 5.055 5.955 5.785 6.141 6.112 5.061 4.424 3.986 4.326 4.677 5.235 5.494 5.845 6.145 6.419 6.487 6.746 6.697 6.906 7.11 7.357 7.012 6.986 6.91 7.113 6.622 -9999 -9999 -9999 -9999 -9999 -9999 -9999 -9999 -9999 -9999 -9999 -9999 -9999
7.635 7.829 -9999 7.792 -9999 -9999 -9999 -9999 -9999 -9999 -9999 -9999 -9999 -9999 -9999 -9999 -9999 -9999 -9999 -9999 -9999 -9999 -9999 -9999 -9999 -9999 -9999 7.122 6.471 6.053 4.899 4.169 4.026 4.887 5.2 5.18 4.88 4.34 5.5 4.751 5.469 5.882 6.032 5.78 5.521 4.979 4.314 4.641 5.189 5.541 5.795 6.086 6.412 6.751 6.848 6.908 7.005 7.097 7.077 6.887 6.007 5.96 6.021 6.076 6.476 6.24 -9999 -9999 -9999 -9999 -9999 -9999 -9999 -9999 -9999 -9999 -9999
7.694 -9999 7.724 -9999 -9999 -9999 -9999 -9999 -9999 -9999 -9999 -9999 -9999 -9999 -9999 -9999 -9999 -9999 -9999 -9999 -9999 -9999 -9999 -9999 -9999 -9999 -9999 -9999 6.967 6.129 4.671 4.352 4.801 3.225 4.166 5.167 4.603 5.212 4.064 4.421 5.369 5.723 5.635 5.693 5.333 3.519 3.906 4.11 4.102 4.468 5.379 5.806 6.215 6.664 6.883 6.923 6.978 7.065 7.054 6.869 6.233 5.892 6.141 6.133 6.03 6.097 6.14 -9999 -9999 -9999 -9999 -9999 -9999 -9999 -9999 -9999 -9999
7.787 7.67 7.525 -9999 -9999 -9999 -9999 -9999 -9999 -9999 -9999 -9999 -9999 -9999 -9999 -9999 -9999 -9999 -9999 -9999 -9999 -9999 -9999 -9999 -9999 -9999 -9999 -9999 -9999 6.631 6.043 6.104 4.57 4.542 4.996 5.994 6.241 4.786 4.82 5.302 5.478 5.089 5.072 5.394 4.317 3.93 3.744 3.193 3.697 4.45 4.783 5.612 6.114 6.636 6.867 6.873 6.918 6.975 6.203 5.943 5.384 4.797 5.153 5.518 6.034 5.895 5.997 6.536 -9999 -9999 -9999 -9999 -9999 -9999 -9999 -9999 -9999
7.853 7.618 -9999 -9999 -9999 -9999 -9999 -9999 -9999 -9999 -9999 -9999 -9999 -9999 -9999 -9999 -9999 -9999 -9999 -9999 -9999 -9999 -9999 -9999 -9999 -9999 -9999 -9999 -9999 7.183 6.819 6.372 5.61 4.891 4.505 6.185 5.587 5.848 6.178 6.159 5.797 5.181 4.071 5.105 4.29 3.557 4.019 4.894 5.088 5.012 5.228 5.541 6.296 6.768 6.913 6.902 6.719 6.26 5.831 5.39 5.632 5.462 5.361 5.229 5.326 5.632 5.784 6.247 7.126 -9999 -9999 -9999 -9999 -9999 -9999 -9999 -9999
7.595 7.505 -9999 -9999 -9999 -9999 -9999 -9999 -9999 -9999 -9999 -9999 -9999 -9999 -9999 -9999 -9999 -9999 -9999 -9999 -9999 -9999 -9999 -9999 -9999 -9999 -9999 -9999 -9999 -9999 6.328 5.785 5.622 4.97 6.033 5.904 6.371 6.604 6.676 6.459 6.056 5.362 5.447 3.954 4.345 4.565 4.458 4.907 4.988 4.84 5.666 5.901 6.459 6.771 6.98 6.966 6.625 6.174 5.917 5.732 5.639 5.709 5.734 5.615 5.519 5.581 5.994 6.263 6.836 -9999 -9999 -9999 -9999 -9999 -9999 -9999 -9999
-9999 -9999 -9999 -9999 -9999 -9999 -9999 -9999 -9999 -9999 -9999 -9999 -9999 -9999 -9999 -9999 -9999 -9999 -9999 -9999 -9999 -9999 -9999 -9999 -9999 -9999 -9999 -9999 -9999 -9999 7.106 5.395 5.946 6.758 6.351 6.687 6.713 7.059 6.953 6.367 6.244 6.146 4.054 4.738 4.433 4.367 4.219 5.142 5.236 5.439 5.642 6.152 6.4 6.807 7.006 7.023 6.814 6.095 5.691 5.895 6.133 6.144 6.177 6.061 6.017 5.817 5.806 6.357 6.454 7.259 -9999 -9999 -9999 -9999 -9999 -9999 -9999
-9999 -9999 -9999 -9999 -9999 -9999 -9999 -9999 -9999 -9999 -9999 -9999 -9999 -9999 -9999 -9999 -9999 -9999 -9999 -9999 -9999 -9999 -9999 -9999 -9999 -9999 -9999 -9999 -9999 -9999 -9999 6.743 7.199 6.87 6.634 6.911 6.877 7.286 7.241 6.789 6.561 5.592 4.542 4.023 4.033 3.629 4.175 4.226 4.576 5.147 5.222 5.709 6.304 6.729 6.958 6.857 6.711 6.573 5.702 5.716 6.44 6.864 6.764 6.735 6.69 6.695 6.601 6.754 6.969 7.012 -9999 -9999 -9999 -9999 -9999 -9999 -9999
-9999 -9999 -9999 -9999 -9999 -9999 -9999 -9999 -9999 -9999 -9999 -9999 -9999 -9999 -9999 -9999 -9999 -9999 -9999 -9999 -9999 -9999 -9999 -9999 -9999 -9999 -9999 -9999 -9999 -9999 -9999 7.171 -9999 6.765 7.123 7.001 7.093 -9999 7.349 6.835 6.548 5.684 4.466 4.434 4.383 3.827 4.185 4.175 3.531 4.466 4.884 5.231 5.73 6.475 6.817 6.782 6.675 6.685 6.713 6.455 6.825 7.12 7.058 6.947 6.953 6.963 7.014 7.051 6.696 6.591 6.907 -9999 -9999 -9999 -9999 -9999 -9999
-9999 -9999 -9999 -9999 -9999 -9999 -9999 -9999 -9999 -9999 -9999 -9999 -9999 -9999 -9999 -9999 -9999 -9999 -9999 -9999 -9999 -9999 -9999 -9999 -9999 -9999 -9999 -9999 -9999 -9999 -9999 -9999 7.289 6.974 -9999 -9999 -9999 -9999 7.383 7.007 6.944 6.248 5.736 4.714 4.537 4.318 4.187 5.039 4.606 3.968 4.838 5.089 5.722 6.26 6.727 6.862 6.875 6.877 6.925 6.905 6.768 6.934 6.852 6.842 6.953 6.837 6.581 6.64 6.86 6.704 6.673 6.731 6.898 -9999 -9999 -9999 -9999
-9999 -9999 -9999 -9999 -9999 -9999 -9999 -9999 -9999 -9999 -9999 -9999 -9999 -9999 -9999 -9999 -9999 -9999 -9999 -9999 -9999 -9999 -9999 -9999 -9999 -9999 -9999 -9999 -9999 -9999 -9999 -9999 7.342 7.271 -9999 -9999 -9999 -9999 7.388 6.865 7.091 6.628 5.781 5.917 5.718 4.82 4.746 4.982 5.17 4.059 4.726 5.101 5.49 6.093 6.723 6.968 7.025 7.071 7.059 7.048 6.967 6.859 6.852 6.852 6.852 6.636 6.337 6.205 6.369 6.629 6.881 6.997 7.071 -9999 -9999 -9999 -9999
-9999 -9999 -9999 -9999 -9999 -9999 -9999 -9999 -9999 -9999 -9999 -9999 -9999 -9999 -9999 -9999 -9999 -9999 -9999 -9999 -9999 -9999 -9999 -9999 -9999 -9999 -9999 -9999 -9999 -9999 -9999 -9999 7.398 -9999 -9999 -9999 -9999 7.444 7.097 6.767 6.039 5.662 5.668 5.681 5.786 5.198 4.714 5.359 5.338 5.218 4.707 5.311 5.671 6.173 6.609 6.977 6.994 7.072 7.145 7.169 7.172 7.124 7.111 6.869 6.386 6.316 6.293 6.414 6.562 6.768 6.987 7.188 -9999 -9999 -9999 -9999 -9999
-9999 -9999 -9999 -9999 -9999 -9999 -9999 -9999 -9999 -9999 -9999 -9999 -9999 -9999 -9999 -9999 -9999 -9999 -9999 -9999 -9999 -9999 -9999 -9999 -9999 -9999 -9999 -9999 -9999 -9999 -9999 -9999 -9999 -9999 -9999 -9999 -9999 7.389 6.861 5.812 4.938 4.59 5.16 5.859 5.812 5.964 5.845 5.988 5.78 5.567 5.308 5.375 5.883 6.269 6.582 6.912 7.021 7.083 7.203 7.281 7.306 7.256 7.19 7.078 6.278 5.823 6.423 6.702 6.97 7.047 7.157 7.146 -9999 -9999 -9999 -9999 -9999
-9999 -9999 -9999 -9999 -9999 -9999 -9999 -9999 -9999 -9999 -9999 -9999 -9999 -9999 -9999 -9999 -9999 -9999 -9999 -9999 -9999 -9999 -9999 -9999 -9999 -9999 -9999 -9999 -9999 -9999 -9999 -9999 -9999 -9999 -9999 -9999 -9999 7.337 6.87 6.062 5.146 5.136 5.711 5.885 6.256 6.206 6.173 6.207 6.121 6.33 5.81 5.787 5.887 6.194 6.508 6.858 7.128 7.15 7.251 7.356 7.385 7.339 7.241 7.183 6.785 6.142 6.4 6.879 7.093 7.204 7.193 7.056 -9999 -9999 -9999 -9999 -9999
-9999 -9999 -9999 -9999 -9999 -9999 -9999 -9999 -9999 -9999 -9999 -9999 -9999 -9999 -9999 -9999 -9999 -9999 -9999 -9999 -9999 -9999 -9999 -9999 -9999 -9999 -9999 -9999 -9999 -9999 -9999 -9999 -9999 -9999 -9999 -9999 7.411 7.363 6.914 5.874 5.223 4.969 5.691 5.748 6.592 6.236 6.238 5.909 5.929 5.825 6.582 6.531 6.718 6.664 6.906 6.856 7.058 7.198 7.211 7.295 7.413 7.377 7.307 7.225 7.15 6.687 6.608 6.935 7.194 7.288 7.23 7.01 6.809 -9999 -9999 -9999 -9999
-9999 -9999 -9999 -9999 -9999 -9999 -9999 -9999 -9999 -9999 -9999 -9999 -9999 -9999 -9999 -9999 -9999 -9999 -9999 -9999 -9999 -9999 -9999 -9999 -9999 -9999 -9999 -9999 -9999 -9999 -9999 -9999 -9999 -9999 -9999 -9999 7.371 7.4 7.037 6.462 5.684 6.45 6.308 6.884 6.222 5.708 5.785 5.393 5.575 6.217 6.007 6.527 6.579 6.59 6.672 6.914 6.972 7.142 7.24 7.275 7.341 7.357 7.297 7.268 7.236 7.143 6.796 6.901 7.197 7.341 7.293 7.014 6.74 -9999 -9999 -9999 -9999
-9999 -9999 -9999 -9999 -9999 -9999 -9999 -9999 -9999 -9999 -9999 -9999 -9999 -9999 -9999 -9999 -9999 -9999 -9999 -9999 -9999 -9999 -9999 -9999 -9999 -9999 -9999 -9999 -9999 -9999 -9999 -9999 -9999 -9999 -9999 7.338 7.34 7.336 7.373 6.879 6.86 6.77 7.012 6.853 6.098 6.041 5.733 5.269 5.493 5.938 6.863 6.55 7.01 6.967 6.869 6.768 6.967 7.085 7.215 7.291 7.302 7.312 7.293 7.278 7.263 7.217 7.026 6.796 7.08 7.428 7.467 7.125 6.746 6.712 -9999 -9999 -9999
-9999 -9999 -9999 -9999 -9999 -9999 -9999 -9999 -9999 -9999 -9999 -9999 -9999 -9999 -9999 -9999 -9999 -9999 -9999 -9999 -9999 -9999 -9999 -9999 -9999 -9999 -9999 -9999 -9999 -9999 -9999 -9999 -9999 -9999 -9999 7.276 7.221 7.313 7.358 7.251 7.113 7.078 6.855 6.516 6.618 6.353 5.588 4.533 4.909 5.356 6.189 6.869 6.807 7.206 7.357 7.164 6.941 7.101 7.251 7.317 7.336 7.334 7.331 7.328 7.332 7.326 7.129 6.875 7.123 7.61 7.74 7.504 7.011 6.786 -9999 -9999 -9999
-9999 -9999 -9999 -9999 -9999 -9999 -9999 -9999 -9999 -9999 -9999 -9999 -9999 -9999 -9999 -9999 -9999 -9999 -9999 -9999 -9999 -9999 -9999 -9999 -9999 -9999 -9999 -9999 -9999 -9999 -9999 -9999 -9999 -9999 -9999 7.289 7.297 7.414 7.519 7.47 7.345 6.993 6.713 6.558 6.147 5.497 4.692 4.692 5.03 5.372 6.008 6.681 6.717 6.768 7.207 7.464 7.424 7.333 7.392 7.396 7.373 7.398 7.394 7.386 7.401 7.399 7.414 7.243 7.326 7.739 7.888 7.706 7.365 7.057 7.02 -9999 -9999
-9999 -9999 -9999 -9999 -9999 -9999 -9999 -9999 -9999 -9999 -9999 -9999 -9999 -9999 -9999 -9999 -9999 -9999 -9999 -9999 -9999 -9999 -9999 -9999 -9999 -9999 -9999 -9999 -9999 -9999 -9999 -9999 -9999 -9999 -9999 -9999 7.332 7.419 7.518 7.46 6.978 6.488 6.231 6.059 5.985 5.715 5.2 5.43 5.452 5.976 6.867 7.063 7.095 6.821 7.113 7.379 7.403 7.429 7.49 7.453 7.423 7.45 7.465 7.447 7.434 7.433 7.41 7.484 7.518 -9999 7.79 -9999 7.491 7.302 7.166 7.129 -9999
-9999 -9999 -9999 -9999 -9999 -9999 -9999 -9999 -9999 -9999 -9999 -9999 -9999 -9999 -9999 -9999 -9999 -9999 -9999 -9999 -9999 -9999 -9999 -9999 -9999 -9999 -9999 -9999 -9999 -9999 -9999 -9999 -9999 -9999 -9999 7.43 7.389 7.428 7.514 7.321 6.675 5.869 5.808 6.011 5.553 5.486 5.724 5.409 5.077 5.623 6.441 7.378 7.134 7.115 7.331 7.394 7.326 7.411 7.448 7.492 7.48 7.496 7.492 7.478 7.456 7.248 7.266 7.417 7.337 7.362 7.535 7.569 -9999 7.484 7.401 7.184 7.157
-9999 -9999 -9999 -9999 -9999 -9999 -9999 -9999 -9999 -9999 -9999 -9999 -9999 -9999 -9999 -9999 -9999 -9999 -9999 -9999 -9999 -9999 -9999 -9999 -9999 -9999 -9999 -9999 -9999 -9999 -9999 -9999 -9999 -9999 -9999 7.486 7.447 7.497 7.404 7.026 6.697 6.275 6.079 6.295 6.24 6.303 6.468 5.818 5.315 5.716 6.399 6.791 6.702 6.778 7.055 7.206 7.118 7.172 7.374 7.475 7.565 7.564 7.533 7.487 7.48 7.457 7.221 7.381 7.437 7.197 7.312 7.463 7.531 -9999 -9999 -9999 -9999
-9999 -9999 -9999 -9999 -9999 -9999 -9999 -9999 -9999 -9999 -9999 -9999 -9999 -9999 -9999 -9999 -9999 -9999 -9999 -9999 -9999 -9999 -9999 -9999 -9999 -9999 -9999 -9999 -9999 -9999 -9999 -9999 -9999 -9999 7.533 7.54 7.444 7.309 7.185 7.233 7.143 6.671 6.931 7.015 7.016 7.098 6.888 6.085 5.057 4.84 5.572 6.133 6.038 6.47 7.032 7.153 7.257 7.17 7.335 7.515 7.617 7.619 7.576 7.511 7.505 7.514 7.46 7.377 7.454 7.219 7.144 7.293 7.444 7.515 7.509 -9999 -9999
-9999 -9999 -9999 -9999 -9999 -9999 -9999 -9999 -9999 -9999 -9999 -9999 -9999 -9999 -9999 -9999 -9999 -9999 -9999 -9999 -9999 -9999 -9999 -9999 -9999 -9999 -9999 -9999 -9999 -9999 -9999 -9999 -9999 -9999 7.599 7.486 7.49 7.431 7.264 7.12 7.402 7.384 7.431 7.416 7.43 7.446 7.171 6.521 5.737 4.576 4.256 5.268 5.556 6.007 6.763 6.931 7.35 7.479 7.347 7.499 7.657 7.664 7.615 7.541 7.516 7.536 7.465 7.443 7.493 7.505 7.024 7.043 7.229 7.413 7.478 7.447 -9999
-9999 -9999 -9999 -9999 -9999 -9999 -9999 -9999 -9999 -9999 -9999 -9999 -9999 -9999 -9999 -9999 -9999 -9999 -9999 -9999 -9999 -9999 -9999 -9999 -9999 -9999 -9999 -9999 -9999 -9999 -9999 -9999 -9999 -9999 -9999 7.65 7.669 7.657 7.449 7.586 7.585 7.636 7.701 7.728 7.895 7.868 7.558 7.041 6.111 5.076 4.107 3.993 4.946 5.677 6.387 6.956 6.98 7.292 7.284 7.37 7.603 7.65 7.625 7.566 7.527 7.486 7.44 7.433 7.499 7.466 7.092 6.812 6.972 7.189 7.372 7.415 7.32
