Validation/Results/raw data/ReClimate_02_2024_2_Temperatureweatherlogisticsltd.asc
NCOLS 192
NROWS 249
XLLCENTER -225160.85627316462
YLLCENTER 29788.11610251502
CELLSIZE 5000.0
NODATA_VALUE -9999
[rows 102 to 135 of 249, columns 77 to 153 of 192]
0.232 0.233 0.238 0.244 -9999 -9999 0.232 -9999 -9999 0.258 0.273 0.29 0.286 0.281 0.294 0.309 0.301 0.291 0.315 0.341 0.317 0.288 0.298 0.311 0.292 0.269 0.267 0.266 0.254 0.24 0.241 0.242 0.236 0.23 0.226 0.223 0.222 0.222 0.228 0.237 -9999 -9999 -9999 -9999 -9999 -9999 -9999 -9999 -9999 -9999 -9999 -9999 -9999 -9999 -9999 -9999 -9999 -9999 -9999 -9999 -9999 -9999 -9999 -9999 -9999 -9999 -9999 -9999 -9999 -9999 -9999 -9999 -9999 -9999 -9999 -9999 -9999
0.244 0.244 -9999 -9999 -9999 0.249 0.245 0.252 0.264 0.275 0.283 0.279 0.279 0.286 0.293 0.29 0.288 0.296 0.32 0.348 0.33 0.315 0.313 0.291 0.276 0.267 0.259 0.242 0.233 0.23 0.229 0.229 0.226 0.232 0.226 -9999 -9999 0.224 -9999 -9999 -9999 -9999 -9999 -9999 -9999 -9999 -9999 -9999 -9999 -9999 -9999 -9999 -9999 -9999 -9999 -9999 -9999 -9999 -9999 -9999 -9999 -9999 -9999 -9999 -9999 -9999 -9999 -9999 -9999 -9999 -9999 -9999 -9999 -9999 -9999 -9999 -9999
-9999 0.252 -9999 -9999 -9999 0.256 0.262 0.265 0.275 0.286 0.283 0.278 0.284 0.291 0.29 0.287 0.293 0.3 0.325 0.352 0.34 0.327 0.308 0.286 0.277 0.268 0.253 0.236 0.232 0.229 0.228 0.227 0.23 0.235 -9999 0.216 0.221 0.227 0.234 -9999 -9999 -9999 -9999 -9999 -9999 -9999 -9999 -9999 -9999 -9999 -9999 -9999 -9999 -9999 -9999 -9999 -9999 -9999 -9999 -9999 -9999 -9999 -9999 -9999 -9999 -9999 -9999 -9999 -9999 -9999 -9999 -9999 -9999 -9999 -9999 -9999 -9999
-9999 -9999 -9999 0.269 0.274 0.274 0.275 0.27 0.281 0.294 0.293 0.294 0.3 0.304 0.301 0.295 0.304 0.32 0.332 0.326 0.317 0.314 0.295 0.277 0.27 0.266 0.25 0.23 0.23 0.24 0.239 0.238 -9999 0.242 0.237 0.238 0.239 0.237 0.237 -9999 -9999 -9999 -9999 -9999 -9999 -9999 -9999 -9999 -9999 -9999 -9999 -9999 -9999 -9999 -9999 -9999 -9999 -9999 -9999 -9999 -9999 -9999 -9999 -9999 -9999 -9999 -9999 -9999 -9999 -9999 -9999 -9999 -9999 -9999 -9999 -9999 -9999
-9999 -9999 -9999 0.263 0.278 0.284 0.281 0.276 0.288 0.301 0.303 0.305 0.308 0.312 0.307 0.301 0.315 0.33 0.326 0.318 0.314 0.311 0.295 0.277 0.273 0.268 0.251 0.231 0.238 0.248 0.246 0.245 0.246 0.247 0.247 0.248 0.245 0.243 0.244 0.248 -9999 -9999 -9999 -9999 -9999 -9999 -9999 -9999 -9999 -9999 -9999 -9999 -9999 -9999 -9999 -9999 -9999 -9999 -9999 -9999 -9999 -9999 -9999 -9999 -9999 -9999 -9999 -9999 -9999 -9999 -9999 -9999 -9999 -9999 -9999 -9999 -9999
-9999 -9999 0.273 -9999 -9999 0.273 0.276 0.287 0.292 0.287 -9999 -9999 0.307 0.312 0.31 0.313 0.321 0.321 0.317 0.313 0.302 0.277 0.266 0.268 0.263 0.259 0.25 0.254 0.257 0.254 0.251 0.249 0.252 0.262 0.259 0.249 0.246 0.244 0.246 0.252 0.249 -9999 -9999 -9999 -9999 -9999 -9999 -9999 -9999 -9999 -9999 -9999 -9999 -9999 -9999 -9999 -9999 -9999 -9999 -9999 -9999 -9999 -9999 -9999 -9999 -9999 -9999 -9999 -9999 -9999 -9999 -9999 -9999 -9999 -9999 -9999 -9999
-9999 -9999 0.28 -9999 0.273 0.272 0.284 0.296 0.292 0.286 0.296 0.308 0.311 0.316 0.318 0.321 0.321 0.321 0.318 0.314 0.292 0.267 0.267 0.268 0.263 0.259 0.261 0.265 0.262 0.259 0.256 0.253 0.26 0.27 0.262 0.252 0.249 0.247 0.251 0.256 -9999 -9999 -9999 -9999 -9999 -9999 -9999 -9999 -9999 -9999 -9999 -9999 -9999 -9999 -9999 -9999 -9999 -9999 -9999 -9999 -9999 -9999 -9999 -9999 -9999 -9999 -9999 -9999 -9999 -9999 -9999 -9999 -9999 -9999 -9999 -9999 -9999
-9999 -9999 0.286 -9999 0.281 0.282 0.289 0.288 0.289 -9999 0.303 0.3 -9999 0.324 0.323 0.316 0.317 0.318 0.313 0.305 0.291 0.288 0.285 0.277 0.282 0.304 0.297 0.269 0.269 0.276 0.271 0.26 0.268 0.278 0.272 0.268 -9999 -9999 -9999 -9999 -9999 -9999 -9999 -9999 -9999 -9999 -9999 -9999 -9999 -9999 -9999 -9999 -9999 -9999 -9999 -9999 -9999 -9999 -9999 -9999 -9999 -9999 -9999 -9999 -9999 -9999 -9999 -9999 -9999 -9999 -9999 -9999 -9999 -9999 -9999 -9999 -9999
0.287 0.292 -9999 -9999 0.288 0.29 0.29 0.289 0.298 0.308 0.305 0.302 -9999 0.331 0.325 0.318 0.32 0.32 0.313 0.305 0.302 0.3 0.292 0.284 0.302 0.324 0.3 0.273 0.278 0.286 0.276 0.266 0.273 0.283 0.281 -9999 -9999 -9999 -9999 -9999 -9999 -9999 -9999 -9999 -9999 -9999 -9999 -9999 -9999 -9999 -9999 -9999 -9999 -9999 -9999 -9999 -9999 -9999 -9999 -9999 -9999 -9999 -9999 -9999 -9999 -9999 -9999 -9999 -9999 -9999 -9999 -9999 -9999 -9999 -9999 -9999 -9999
0.29 0.298 -9999 0.296 0.297 0.302 0.303 -9999 0.307 0.306 0.305 0.306 -9999 0.333 0.328 0.323 0.322 0.315 0.314 0.326 0.323 0.318 0.306 0.283 0.292 0.292 -9999 0.286 0.284 0.27 0.266 0.274 0.281 0.29 -9999 -9999 -9999 -9999 -9999 -9999 -9999 -9999 -9999 -9999 -9999 -9999 -9999 -9999 -9999 -9999 -9999 -9999 -9999 -9999 -9999 -9999 -9999 -9999 -9999 -9999 -9999 -9999 -9999 -9999 -9999 -9999 -9999 -9999 -9999 -9999 -9999 -9999 -9999 -9999 -9999 -9999 -9999
0.295 -9999 -9999 0.302 0.307 0.309 -9999 0.309 0.31 0.31 0.312 0.313 -9999 0.338 0.334 0.329 0.324 0.317 0.326 0.337 0.332 0.327 0.308 0.285 0.284 0.282 0.287 0.293 -9999 -9999 0.272 0.28 -9999 -9999 -9999 -9999 -9999 -9999 0.246 0.242 0.25 -9999 -9999 -9999 -9999 -9999 -9999 -9999 -9999 -9999 -9999 -9999 -9999 -9999 -9999 -9999 -9999 -9999 -9999 -9999 -9999 -9999 -9999 -9999 -9999 -9999 -9999 -9999 -9999 -9999 -9999 -9999 -9999 -9999 -9999 -9999 -9999
-9999 -9999 0.294 0.296 0.3 0.307 -9999 0.305 0.31 0.323 0.326 0.33 -9999 -9999 -9999 0.348 0.339 0.321 0.323 0.319 0.317 0.328 0.306 0.279 0.281 0.292 0.296 0.301 0.289 0.277 0.276 0.265 -9999 -9999 -9999 -9999 -9999 0.255 0.249 0.252 0.252 0.238 -9999 -9999 -9999 -9999 -9999 -9999 -9999 -9999 -9999 -9999 -9999 -9999 -9999 -9999 -9999 -9999 -9999 -9999 -9999 -9999 -9999 -9999 -9999 -9999 -9999 -9999 -9999 -9999 -9999 -9999 -9999 -9999 -9999 -9999 -9999
-9999 -9999 -9999 0.297 0.303 0.31 -9999 0.306 -9999 0.332 0.336 0.34 -9999 0.335 0.347 0.359 -9999 0.326 0.321 0.315 0.321 0.33 0.307 0.28 0.288 0.299 0.301 0.306 0.295 0.283 0.272 0.26 0.264 0.273 0.272 -9999 0.264 0.257 0.257 0.255 0.243 0.23 0.229 0.227 -9999 -9999 -9999 -9999 -9999 -9999 -9999 -9999 -9999 -9999 -9999 -9999 -9999 -9999 -9999 -9999 -9999 -9999 -9999 -9999 -9999 -9999 -9999 -9999 -9999 -9999 -9999 -9999 -9999 -9999 -9999 -9999 -9999
-9999 -9999 -9999 0.3 0.306 0.313 -9999 0.332 -9999 0.329 0.333 -9999 0.355 0.362 0.366 0.351 0.338 0.328 0.322 0.315 0.317 0.317 0.298 0.287 0.29 0.288 0.286 0.282 0.276 0.284 0.269 0.244 0.249 0.262 0.257 0.25 0.247 0.254 0.252 0.251 0.243 0.241 0.238 0.231 0.229 0.228 0.229 -9999 -9999 -9999 -9999 -9999 -9999 -9999 -9999 -9999 -9999 -9999 -9999 -9999 -9999 -9999 -9999 -9999 -9999 -9999 -9999 -9999 -9999 -9999 -9999 -9999 -9999 -9999 -9999 -9999 -9999
-9999 -9999 -9999 0.306 0.312 0.319 0.331 -9999 -9999 0.332 0.337 -9999 0.355 0.375 0.365 0.35 0.342 0.332 0.326 0.318 0.316 0.314 0.304 0.292 0.288 0.284 0.278 0.273 0.277 0.284 0.263 0.238 0.246 0.258 0.25 0.241 0.245 0.251 0.249 0.248 0.246 0.244 0.237 0.229 0.229 0.229 0.228 0.22 -9999 -9999 -9999 -9999 -9999 -9999 -9999 -9999 -9999 -9999 -9999 -9999 -9999 -9999 -9999 -9999 -9999 -9999 -9999 -9999 -9999 -9999 -9999 -9999 -9999 -9999 -9999 -9999 -9999
-9999 -9999 -9999 0.317 0.326 0.336 0.345 -9999 -9999 0.35 0.354 -9999 -9999 0.359 0.351 0.351 0.343 0.336 0.331 0.326 0.319 0.307 0.296 0.287 0.282 0.281 0.274 0.265 0.266 0.266 0.255 0.262 0.263 0.253 0.245 0.236 0.234 0.225 0.224 0.227 0.226 0.231 0.226 0.224 0.22 0.21 0.209 0.219 -9999 -9999 -9999 -9999 -9999 -9999 -9999 -9999 -9999 -9999 -9999 -9999 -9999 -9999 -9999 -9999 -9999 -9999 -9999 -9999 -9999 -9999 -9999 -9999 -9999 -9999 -9999 -9999 -9999
-9999 -9999 -9999 0.327 0.337 0.345 -9999 -9999 -9999 -9999 0.357 -9999 0.352 0.354 0.353 0.352 0.346 0.338 0.334 0.33 0.319 0.306 0.295 0.285 0.282 0.28 0.271 0.262 0.26 0.259 0.264 0.271 0.261 0.25 0.242 0.233 0.224 0.214 0.215 0.218 0.221 0.225 0.223 0.221 0.211 0.199 0.205 0.213 0.208 -9999 -9999 -9999 -9999 -9999 -9999 -9999 -9999 -9999 -9999 -9999 -9999 -9999 -9999 -9999 -9999 -9999 -9999 -9999 -9999 -9999 -9999 -9999 -9999 -9999 -9999 -9999 -9999
-9999 0.329 0.331 0.333 0.338 -9999 -9999 0.354 -9999 -9999 -9999 -9999 0.371 0.358 0.352 0.338 0.333 0.333 0.331 0.333 0.32 0.303 0.297 0.297 0.292 0.285 0.276 0.264 0.262 0.262 0.26 0.248 0.244 0.251 0.244 0.238 0.23 0.222 0.224 0.227 0.222 0.203 0.203 0.213 0.201 0.186 0.184 0.173 0.203 -9999 -9999 -9999 -9999 -9999 -9999 -9999 -9999 -9999 -9999 -9999 -9999 -9999 -9999 -9999 -9999 -9999 -9999 -9999 -9999 -9999 -9999 -9999 -9999 -9999 -9999 -9999 -9999
-9999 -9999 0.338 0.339 0.34 -9999 0.347 0.358 0.365 -9999 -9999 -9999 -9999 0.361 0.348 0.333 0.333 0.332 0.333 0.332 0.317 0.301 0.3 0.299 0.292 0.286 0.275 0.264 0.262 0.263 0.251 0.239 0.243 0.25 0.244 0.239 0.232 0.224 0.226 0.228 0.212 0.193 0.199 0.208 0.195 0.18 0.168 0.156 0.172 0.197 -9999 -9999 -9999 -9999 -9999 -9999 -9999 -9999 -9999 -9999 -9999 -9999 -9999 -9999 -9999 -9999 -9999 -9999 -9999 -9999 -9999 -9999 -9999 -9999 -9999 -9999 -9999
-9999 -9999 0.342 0.344 0.347 -9999 0.367 0.385 0.391 -9999 -9999 -9999 -9999 -9999 0.352 0.339 0.336 0.328 0.323 0.313 0.301 0.295 0.292 0.29 0.282 0.274 0.264 0.257 0.254 0.251 0.242 0.235 0.235 0.23 0.224 0.218 0.211 0.206 0.201 0.188 0.181 0.193 0.187 0.162 0.157 0.173 0.167 0.17 0.168 0.188 0.192 -9999 -9999 -9999 -9999 -9999 -9999 -9999 -9999 -9999 -9999 -9999 -9999 -9999 -9999 -9999 -9999 -9999 -9999 -9999 -9999 -9999 -9999 -9999 -9999 -9999 -9999
-9999 -9999 0.347 0.351 -9999 -9999 0.373 0.401 0.402 0.396 -9999 -9999 -9999 -9999 -9999 0.342 0.335 0.325 0.315 0.304 0.297 0.291 0.287 0.285 0.276 0.267 0.259 0.252 0.248 0.245 0.238 0.231 0.226 0.221 0.214 0.209 0.203 0.198 0.185 0.172 0.18 0.191 0.169 0.143 0.154 0.17 0.171 0.175 0.173 0.174 0.182 0.186 0.216 -9999 -9999 -9999 -9999 -9999 -9999 -9999 -9999 -9999 -9999 -9999 -9999 -9999 -9999 -9999 -9999 -9999 -9999 -9999 -9999 -9999 -9999 -9999 -9999
-9999 -9999 0.353 0.364 -9999 -9999 0.37 0.38 0.381 -9999 -9999 -9999 -9999 -9999 -9999 0.32 0.311 0.305 0.294 0.283 0.281 0.29 0.286 0.282 0.271 0.259 0.255 0.26 0.256 0.251 0.243 0.231 0.227 0.226 0.216 0.197 0.188 0.173 0.165 0.169 0.172 0.171 0.155 0.151 0.153 0.14 0.142 0.155 0.157 0.159 0.166 0.172 0.193 -9999 -9999 -9999 -9999 -9999 -9999 -9999 -9999 -9999 -9999 -9999 -9999 -9999 -9999 -9999 -9999 -9999 -9999 -9999 -9999 -9999 -9999 -9999 -9999
-9999 -9999 0.364 0.372 -9999 -9999 -9999 0.372 0.381 0.389 -9999 -9999 -9999 -9999 -9999 0.311 0.304 0.297 0.286 0.275 0.28 0.288 0.283 0.279 0.266 0.254 0.256 0.261 0.256 0.251 0.24 0.229 0.227 0.226 0.21 0.191 0.178 0.163 0.164 0.167 0.164 0.162 0.157 0.153 0.141 0.127 0.134 0.149 0.153 0.157 0.163 0.17 0.19 -9999 -9999 -9999 -9999 -9999 -9999 -9999 -9999 -9999 -9999 -9999 -9999 -9999 -9999 -9999 -9999 -9999 -9999 -9999 -9999 -9999 -9999 -9999 -9999
-9999 0.359 0.368 0.369 -9999 -9999 -9999 -9999 -9999 -9999 -9999 -9999 -9999 -9999 -9999 0.304 0.296 0.29 0.28 0.276 0.279 0.282 0.278 0.278 0.268 0.261 0.264 0.267 0.259 0.242 0.228 0.209 0.207 0.211 0.2 0.196 0.184 0.172 0.175 0.181 0.175 0.163 0.155 0.141 0.131 0.128 0.136 0.147 0.151 0.156 0.165 0.175 0.178 0.216 -9999 -9999 -9999 -9999 -9999 -9999 -9999 -9999 -9999 -9999 -9999 -9999 -9999 -9999 -9999 -9999 -9999 -9999 -9999 -9999 -9999 -9999 -9999
0.361 0.365 0.369 0.372 -9999 -9999 -9999 -9999 -9999 -9999 -9999 -9999 -9999 0.326 0.311 0.3 0.293 0.287 0.28 0.275 0.276 0.278 0.276 0.275 0.268 0.262 0.263 0.267 0.252 0.237 0.219 0.199 0.2 0.203 0.2 0.197 0.186 0.174 0.178 0.184 0.173 0.162 0.149 0.135 0.131 0.131 0.137 0.148 0.153 0.158 0.167 0.178 0.181 0.211 -9999 -9999 -9999 -9999 -9999 -9999 -9999 -9999 -9999 -9999 -9999 -9999 -9999 -9999 -9999 -9999 -9999 -9999 -9999 -9999 -9999 -9999 -9999
0.369 0.377 0.376 -9999 -9999 -9999 -9999 -9999 -9999 -9999 -9999 -9999 -9999 0.321 0.307 0.299 0.293 0.292 0.288 0.289 0.288 0.284 0.281 0.28 0.268 0.244 0.244 0.245 0.226 0.199 0.191 0.204 0.203 0.196 0.192 0.186 0.177 0.171 0.172 0.173 0.165 0.164 0.153 0.142 0.14 0.137 0.14 0.138 0.143 0.151 0.159 0.17 0.179 0.188 -9999 -9999 -9999 -9999 -9999 -9999 -9999 -9999 -9999 -9999 -9999 -9999 -9999 -9999 -9999 -9999 -9999 -9999 -9999 -9999 -9999 -9999 -9999
-9999 -9999 -9999 -9999 -9999 -9999 -9999 -9999 -9999 -9999 -9999 -9999 -9999 0.315 0.306 0.297 0.294 0.292 0.292 0.293 0.288 0.283 0.281 0.28 0.258 0.235 0.234 0.234 0.21 0.183 0.192 0.204 0.198 0.192 0.186 0.181 0.174 0.168 0.167 0.167 0.164 0.163 0.153 0.145 0.143 0.14 0.138 0.137 0.143 0.15 0.158 0.169 0.177 0.19 -9999 -9999 -9999 -9999 -9999 -9999 -9999 -9999 -9999 -9999 -9999 -9999 -9999 -9999 -9999 -9999 -9999 -9999 -9999 -9999 -9999 -9999 -9999
-9999 -9999 -9999 -9999 -9999 -9999 -9999 -9999 -9999 -9999 -9999 -9999 0.322 0.303 0.297 0.302 0.295 0.281 0.281 0.284 0.278 0.271 0.266 0.261 0.242 0.228 0.223 0.215 0.2 0.2 0.205 0.205 0.2 0.196 0.186 0.168 0.164 0.165 0.157 0.134 0.13 0.129 0.124 0.131 0.132 0.142 0.14 0.137 0.149 0.161 0.157 0.16 0.18 0.191 -9999 -9999 -9999 -9999 -9999 -9999 -9999 -9999 -9999 -9999 -9999 -9999 -9999 -9999 -9999 -9999 -9999 -9999 -9999 -9999 -9999 -9999 -9999
-9999 -9999 -9999 -9999 -9999 -9999 -9999 -9999 -9999 -9999 -9999 -9999 0.311 0.297 0.299 0.303 0.289 0.275 0.276 0.278 0.271 0.264 0.257 0.25 0.237 0.223 0.214 0.205 0.204 0.204 0.203 0.203 0.199 0.195 0.179 0.161 0.161 0.162 0.143 0.12 0.117 0.115 0.119 0.126 0.133 0.144 0.142 0.139 0.152 0.166 0.163 0.159 0.178 0.201 -9999 -9999 -9999 -9999 -9999 -9999 -9999 -9999 -9999 -9999 -9999 -9999 -9999 -9999 -9999 -9999 -9999 -9999 -9999 -9999 -9999 -9999 -9999
-9999 -9999 -9999 -9999 -9999 -9999 -9999 -9999 -9999 -9999 -9999 0.324 0.308 0.299 0.299 0.301 0.287 0.273 0.271 0.266 0.261 0.261 0.252 0.239 0.224 0.206 0.198 0.193 0.19 0.186 0.183 0.18 0.178 0.182 0.166 0.146 0.143 0.139 0.125 0.123 0.12 0.119 0.123 0.127 0.132 0.134 0.137 0.15 0.141 0.143 0.153 0.156 0.168 0.194 0.198 -9999 -9999 -9999 -9999 -9999 -9999 -9999 -9999 -9999 -9999 -9999 -9999 -9999 -9999 -9999 -9999 -9999 -9999 -9999 -9999 -9999 -9999
-9999 -9999 -9999 -9999 -9999 -9999 -9999 -9999 -9999 -9999 0.333 0.318 0.308 0.298 0.297 0.298 0.284 0.27 0.264 0.258 0.257 0.257 0.244 0.231 0.215 0.197 0.191 0.186 0.181 0.176 0.172 0.168 0.17 0.175 0.157 0.137 0.132 0.127 0.125 0.123 0.12 0.12 0.123 0.128 0.13 0.132 0.143 0.156 0.148 0.138 0.147 0.158 0.169 0.184 0.196 -9999 -9999 -9999 -9999 -9999 -9999 -9999 -9999 -9999 -9999 -9999 -9999 -9999 -9999 -9999 -9999 -9999 -9999 -9999 -9999 -9999 -9999
-9999 -9999 -9999 -9999 -9999 -9999 -9999 -9999 -9999 -9999 0.329 0.309 0.295 0.281 0.277 0.27 0.259 0.259 0.257 0.266 0.255 0.231 0.221 0.221 0.205 0.188 0.184 0.184 0.178 0.171 0.165 0.155 0.154 0.149 0.135 0.128 0.123 0.118 0.115 0.114 0.116 0.125 0.127 0.128 0.129 0.125 0.136 0.149 0.146 0.139 0.139 0.144 0.161 0.178 0.19 -9999 -9999 -9999 -9999 -9999 -9999 -9999 -9999 -9999 -9999 -9999 -9999 -9999 -9999 -9999 -9999 -9999 -9999 -9999 -9999 -9999 -9999
-9999 -9999 -9999 -9999 -9999 -9999 -9999 -9999 -9999 0.34 0.324 0.303 0.287 0.272 0.264 0.257 0.254 0.253 0.258 0.265 0.243 0.217 0.215 0.214 0.198 0.182 0.18 0.181 0.174 0.167 0.157 0.148 0.142 0.136 0.129 0.122 0.117 0.112 0.109 0.109 0.117 0.127 0.129 0.132 0.13 0.126 0.137 0.15 0.147 0.143 0.143 0.143 0.159 0.179 0.191 0.209 -9999 -9999 -9999 -9999 -9999 -9999 -9999 -9999 -9999 -9999 -9999 -9999 -9999 -9999 -9999 -9999 -9999 -9999 -9999 -9999 -9999
-9999 -9999 -9999 -9999 -9999 -9999 -9999 -9999 0.34 -9999 0.314 0.298 0.282 0.268 0.263 0.264 0.258 0.248 0.248 0.245 0.228 0.221 0.212 0.192 0.182 0.185 0.18 0.17 0.163 0.158 0.15 0.141 0.136 0.127 0.123 0.119 0.113 0.107 0.106 0.109 0.119 0.133 0.136 0.139 0.141 0.149 0.152 0.14 0.139 0.137 0.144 0.149 0.155 0.169 0.186 0.211 -9999 -9999 -9999 -9999 -9999 -9999 -9999 -9999 -9999 -9999 -9999 -9999 -9999 -9999 -9999 -9999 -9999 -9999 -9999 -9999 -9999
