Validation/Results/raw data/ReClimate_08_2024_2_Precipitation-Actuals.asc
NCOLS 192
NROWS 249
XLLCENTER -225160.85627316462
YLLCENTER 29788.11610251502
CELLSIZE 5000.0
NODATA_VALUE -9999
[rows 165 to 197 of 249, columns 74 to 147 of 192]
-9999 -9999 -9999 -9999 -9999 -9999 -9999 -9999 -9999 -9999 -9999 -9999 -9999 -9999 -9999 -9999 -9999 -9999 -9999 -9999 -9999 -9999 -9999 -9999 -9999 -9999 -9999 -9999 -9999 -9999 -9999 -9999 -9999 -9999 -9999 -9999 -9999 -9999 107.4 108.028 114.043 111.691 125.707 138.334 162.21 172.673 174.785 172.454 165.228 166.316 161.954 159.847 144.662 116.347 91.038 84.897 76.527 71.296 67.987 68.336 65.26 61.919 60.521 58.669 57.541 61.314 63.736 64.28 68.155 68.604 68.21 69.822 70.087 66.349
-9999 -9999 -9999 -9999 -9999 -9999 -9999 -9999 -9999 -9999 -9999 -9999 -9999 -9999 -9999 -9999 -9999 -9999 -9999 -9999 -9999 -9999 -9999 -9999 -9999 -9999 -9999 -9999 -9999 -9999 -9999 -9999 -9999 -9999 -9999 -9999 -9999 -9999 105.188 108.887 113.691 116.861 122.016 140.731 156.383 166.461 161.159 151.541 151.856 143.522 149.679 157.744 145.978 126.099 105.374 86.89 76.919 74.565 70.379 67.685 68.646 63.739 61.408 60.183 58.812 60.605 62.83 64.468 64.207 68.833 68.131 65.723 68.086 68.797
-9999 -9999 -9999 -9999 -9999 -9999 -9999 -9999 -9999 -9999 -9999 -9999 -9999 -9999 -9999 -9999 -9999 -9999 -9999 -9999 -9999 -9999 -9999 -9999 -9999 -9999 -9999 -9999 -9999 -9999 -9999 -9999 -9999 -9999 -9999 -9999 -9999 102.829 106.634 112.834 120.028 124.013 121.412 132.307 145.997 141.573 128.702 132.381 132.012 130.772 143.306 160.951 167.868 146.422 122.682 110.386 86.595 70.26 69.125 62.564 65.005 66.005 60.572 60.467 65.882 63.489 62.596 67.459 67.494 65.781 67.882 69.574 69.262 68.543
-9999 -9999 -9999 -9999 -9999 -9999 -9999 -9999 -9999 -9999 -9999 -9999 -9999 -9999 -9999 -9999 -9999 -9999 -9999 -9999 -9999 -9999 -9999 -9999 -9999 -9999 -9999 -9999 -9999 -9999 -9999 -9999 -9999 -9999 -9999 -9999 -9999 103.987 106.589 113.251 119.459 116.976 124.87 122.921 126.011 113.009 118.088 120.87 118.612 123.558 134.876 149.245 174.228 179.66 147.463 124.931 105.299 81.775 74.652 66.814 59.758 66.532 64.709 60.171 60.321 62.747 60.63 62.755 67.974 67.917 66.43 68.469 70.64 70.695
-9999 -9999 -9999 -9999 -9999 -9999 -9999 -9999 -9999 -9999 -9999 -9999 -9999 -9999 -9999 -9999 -9999 -9999 -9999 -9999 -9999 -9999 -9999 -9999 -9999 -9999 -9999 -9999 -9999 -9999 -9999 -9999 -9999 -9999 -9999 -9999 -9999 -9999 108.54 110.451 111.003 117.273 111.949 112.324 106.251 105.33 107.56 107.143 108.194 111.082 120.759 134.274 153.507 180.064 182.322 144.292 116.372 95.834 78.149 74.965 65.303 65.665 66.791 62.956 59.924 58.806 60.461 62.39 64.451 67.722 66.584 66.538 70.084 70.021
-9999 -9999 -9999 -9999 -9999 -9999 -9999 -9999 -9999 -9999 -9999 -9999 -9999 -9999 -9999 -9999 -9999 -9999 114.391 118.592 -9999 -9999 -9999 -9999 -9999 -9999 -9999 -9999 -9999 -9999 -9999 -9999 -9999 -9999 -9999 -9999 -9999 101.034 101.253 106.883 111.149 112.242 109.104 107.704 105.102 98.791 98.996 101.549 103.719 107.347 116.784 137.79 148.406 168.476 167.378 158.469 133.275 99.128 81.554 66.989 70.553 72.445 68.918 63.785 62.726 59.621 57.154 59.118 62.928 65.65 66.347 65.045 67.942 70.138
-9999 -9999 -9999 -9999 -9999 -9999 -9999 -9999 -9999 -9999 -9999 -9999 -9999 -9999 -9999 -9999 -9999 -9999 127.018 130.709 133.543 -9999 -9999 -9999 -9999 -9999 -9999 -9999 -9999 -9999 -9999 -9999 -9999 -9999 -9999 -9999 88.868 93.413 99.47 102.474 108.366 103.102 102.578 101.833 95.308 96.283 98.608 101.351 103.384 105.294 115.426 125.703 151.428 173.668 169.289 142.017 127.833 109.748 82.862 74.861 66.436 74.193 71.454 65.002 68.557 64.505 60.519 60.983 62.5 63.733 65.112 64.37 66.355 72.132
-9999 -9999 -9999 -9999 -9999 -9999 -9999 -9999 -9999 -9999 -9999 -9999 -9999 -9999 -9999 -9999 -9999 116.006 123.781 137.181 141.844 143.76 -9999 -9999 -9999 -9999 -9999 -9999 -9999 -9999 -9999 -9999 -9999 91.141 -9999 -9999 86.724 96.158 97.251 96.776 94.739 -9999 98.12 95.669 99.796 101.217 100.933 98.546 99.494 102.88 107.367 127.295 127.853 153.834 146.812 126.222 122.753 103.316 94.537 81.372 73.473 73.555 72.239 67.101 64.933 66.369 61.663 60.229 63.733 62.862 65.373 66.932 65.264 68.789
-9999 -9999 -9999 -9999 -9999 -9999 -9999 -9999 -9999 -9999 -9999 -9999 -9999 -9999 -9999 -9999 -9999 111.55 125.769 137.144 150.46 159.598 131.066 130.221 -9999 -9999 -9999 123.781 107.13 -9999 101.066 97.312 92.864 101.302 90.846 -9999 -9999 89.232 90.351 -9999 -9999 95.004 95.833 92.829 94.435 96.884 94.524 99.39 104.75 106.491 117.681 142.426 142.58 140.395 128.671 117.422 117.98 106.371 85.602 81.34 76.957 77.778 72.331 68.893 65.041 65.455 65.856 63.714 61.975 64.387 64.596 66.977 64.772 67.383
-9999 -9999 -9999 -9999 -9999 -9999 -9999 -9999 -9999 -9999 -9999 -9999 -9999 -9999 -9999 -9999 -9999 -9999 121.354 130.667 150.223 145.628 139.389 -9999 -9999 181.733 178.78 136.28 130.351 125.694 121.009 103.061 104.632 88.146 95.552 93.567 -9999 83.368 82.215 84.814 87.478 92.825 92.888 92.157 92.463 92.283 93.657 96.755 104.988 111.824 127.397 149.178 154.991 141.824 125.265 107.943 108.727 101.114 88.704 79.644 75.686 76.687 75.519 71.121 68.306 66.477 65.091 63.587 62.334 66.032 67.922 67.462 64.268 65.867
-9999 -9999 -9999 -9999 -9999 -9999 -9999 -9999 -9999 -9999 -9999 -9999 -9999 -9999 -9999 -9999 -9999 -9999 115.97 124.287 130.814 133.344 153.257 184.697 213.779 248.667 203.436 161.986 142.814 130.678 124.122 114.359 96.331 99.465 111.614 98.847 96.151 84.785 80.639 81.424 83.141 87.15 94.843 102.167 90.394 90.454 86.992 92.283 98.444 106.815 128.523 147.677 151.949 142.023 134.601 112.637 101.064 100.402 94.093 85.489 81.492 80.394 75.868 73.061 67.942 66.922 67.686 62.27 62.397 61.632 68.456 69.972 65.7 63.515
-9999 -9999 -9999 -9999 -9999 -9999 -9999 -9999 -9999 -9999 -9999 -9999 -9999 -9999 -9999 -9999 -9999 -9999 -9999 129.651 134.373 157.223 205.529 245.755 297.629 297.168 249.673 191.963 162.692 145.808 139.989 118.834 114.946 110.678 100.441 111.198 91.202 82.647 83.803 80.745 81.455 82.635 91.448 86.898 84.343 81.194 84.726 88.24 89.732 103.883 124.224 138.839 137.65 125.223 126.757 123.505 100.233 97.677 98.407 92.167 89.413 85.523 80.302 74.773 68.777 68.083 68.454 64.252 62.837 66.024 67.559 70.44 65.37 62.958
-9999 -9999 -9999 -9999 -9999 -9999 -9999 -9999 -9999 -9999 -9999 -9999 -9999 -9999 -9999 -9999 -9999 -9999 -9999 -9999 -9999 183.699 235.208 316.309 375.26 342.036 277.9 191.84 169.377 178.681 159.41 149.402 123.832 107.346 101.697 105.632 103.921 95.436 83.305 75.002 75.062 77.181 82.015 83.071 81.049 80.821 83.927 85.025 89.201 105.834 120.344 121.695 128.549 128.96 125.855 127.387 110.954 98.827 97.648 95.322 92.791 92.47 84.268 77.35 70.353 66.896 68.018 63.021 62.563 63.507 65.148 68.494 65.638 62.827
-9999 -9999 -9999 -9999 -9999 -9999 -9999 -9999 -9999 -9999 -9999 -9999 -9999 -9999 -9999 -9999 -9999 -9999 -9999 -9999 173.678 215.265 279.798 361.461 405.843 337.367 238.532 184.946 160.121 177.566 160.015 142.602 136.598 111.744 109.02 123.771 115.393 99.712 80.694 76.585 71.841 74.018 82.219 82.96 84.515 83.842 82.805 84.397 95.127 102.605 103.508 113.799 120.529 120.83 123.434 115.552 113.026 103.562 93.484 89.712 89.923 88.183 85.733 76.781 74.116 66.666 65.587 63.387 61.305 61.975 67.987 68.459 67.413 63.272
-9999 -9999 -9999 -9999 -9999 -9999 -9999 -9999 -9999 -9999 -9999 -9999 -9999 -9999 -9999 -9999 -9999 -9999 -9999 156.755 233.388 244.548 289.713 341.32 319.513 324.596 270.565 208.973 214.204 197.648 161.047 141.247 122.456 113.786 129.415 135.151 119.374 101.084 84.639 75.554 69.602 79.522 80.541 81.527 83.49 81.804 81.802 89.589 92.536 93.77 101.959 108.708 118.904 126.707 111.591 109.543 102.958 102.053 94.723 83.644 80.431 82.303 84.126 79.766 73.969 71.367 63.9 63.055 62.997 61.503 64.53 67.736 64.021 64.487
-9999 -9999 -9999 -9999 -9999 -9999 -9999 -9999 -9999 -9999 -9999 -9999 -9999 -9999 -9999 -9999 -9999 -9999 133.7 180.722 196.451 212.593 233.292 237.099 257.284 267.745 239.965 242.654 235.609 209.783 175.815 152.878 127.836 128.375 124.913 112.065 106.521 92.571 86.491 76.134 76.305 82.786 82.507 83.59 83.807 83.857 88.847 90.414 93.379 97.719 100.849 104.025 100.976 107.032 106.767 97.794 96.075 95.769 92.471 85.924 77.925 77.864 78.128 75.48 70.21 66.281 62.387 60.139 61.207 61.599 62.409 66.034 61.782 62.934
-9999 -9999 -9999 -9999 -9999 -9999 -9999 -9999 -9999 -9999 -9999 -9999 -9999 -9999 -9999 -9999 133.691 128.703 140.922 158.037 157.339 149.621 177.256 176.867 208.054 231.31 242.114 245.757 250.319 194.634 165.334 143.887 136.504 153.382 147.175 130.993 109.094 100.468 89.871 78.906 81.02 84.765 85.517 82.761 83.309 85.783 89.033 94.474 92.743 93.412 101.176 98.291 95.815 94.292 87.881 88.72 87.427 87.24 84.39 81.668 78.553 73.487 72.379 68.097 66.546 62.29 58.942 59.63 60.241 63.109 66.154 68.531 65.008 61.166
-9999 -9999 -9999 -9999 -9999 -9999 -9999 -9999 -9999 -9999 -9999 -9999 -9999 -9999 -9999 138.347 136.195 136.505 134.341 -9999 -9999 -9999 -9999 181.841 226.749 258.356 251.385 250.904 215.463 195.984 193.317 173.261 176.888 202.12 173.346 137.782 121.736 104.782 88.098 82.87 83.726 83.669 80.246 79.794 81.05 83.211 83.668 90.259 86.763 89.747 92.133 89.973 87.145 84.892 81.637 83.206 79.928 76.06 71.407 70.42 72.496 71.096 67.673 65.746 62.794 62.417 62.558 64.565 66.481 65.498 69.722 70.681 68.189 65.792
-9999 -9999 -9999 -9999 -9999 -9999 -9999 -9999 -9999 -9999 -9999 -9999 -9999 -9999 -9999 138.319 138.596 120.893 -9999 -9999 -9999 -9999 -9999 189.862 234.686 271.597 241.12 243.951 234.252 233.591 234.343 209.399 195.144 191.374 141.989 129.141 114.245 96.888 88.282 83.447 82.283 81.954 80.375 80.117 78.623 77.296 81.109 83.963 83.827 81.749 83.449 82.467 82.764 83.149 83.71 80.395 77.07 70.966 70.6 69.402 68.04 68.735 64.818 63.808 67.734 66.502 70.642 72.723 74.658 72.534 70.971 68.002 65.643 65.137
-9999 -9999 -9999 -9999 -9999 -9999 -9999 -9999 -9999 -9999 -9999 -9999 -9999 -9999 -9999 -9999 -9999 111.363 -9999 -9999 -9999 -9999 -9999 205.255 237.776 227.642 228.504 238.117 242.183 269.588 248.768 197.084 197.333 164.96 139.253 120.76 103.304 89.809 81.802 95.2 118.784 80.514 76.394 72.708 73.323 73.401 77.831 81.016 77.591 78.126 79.56 79.909 77.582 77.213 80.795 79.825 77.485 78.908 75.772 71.209 67.794 66.006 60.389 61.457 69.607 71.992 69.443 73.06 74.97 73.826 71.22 75.604 69.758 66.093
-9999 -9999 -9999 -9999 -9999 -9999 -9999 -9999 -9999 -9999 -9999 -9999 -9999 -9999 -9999 -9999 -9999 -9999 -9999 -9999 -9999 -9999 -9999 189.701 219.402 196.206 227.31 247.235 282.183 276.108 250.309 217.008 178.469 147.553 126.775 101.193 90.795 76.783 73.428 91.328 75.061 73.812 71.895 69.841 69.555 70.512 73.954 74.135 75.919 78.99 79.48 83.597 76.876 70.889 73.982 77.204 75.218 77.806 79.32 75.434 75.204 76.301 70.453 63.789 66.434 66.923 69.447 69.608 72.355 76.68 71.615 69.109 69.71 67.976
-9999 -9999 -9999 -9999 -9999 -9999 -9999 -9999 -9999 -9999 -9999 -9999 -9999 -9999 -9999 -9999 -9999 -9999 -9999 -9999 -9999 -9999 -9999 -9999 196.571 260.02 295.895 286.627 277.181 257.57 221.73 179.963 153.012 127.867 105.623 105.061 83.851 74.081 74.056 76.53 76.363 71.098 70.182 68.939 70.884 72.653 76.402 75.161 79.683 78.58 76.677 81.721 79.082 66.736 68.633 72.692 72.863 76.497 79.361 78.244 83.376 84.776 76.942 70.834 70.081 69.326 71.673 75.809 73.509 73.364 71.382 67.729 65.636 60.728
-9999 -9999 -9999 -9999 -9999 -9999 -9999 -9999 -9999 -9999 -9999 -9999 -9999 -9999 -9999 -9999 -9999 -9999 -9999 -9999 -9999 -9999 -9999 197.725 233.808 289.322 295.251 276.388 243.742 223.511 193.3 175.447 155.315 120.082 110.21 102.056 87.975 98.8 80.957 76.97 80.196 74.728 66.818 74.366 81.077 82.079 78.952 75.227 77.392 75.652 76.486 79.53 77.754 72.3 68.435 70.818 69.598 70.171 75.202 75.138 77.133 81.023 74.85 71.546 73.576 74.337 76.699 79.879 76.065 71.717 67.796 66.014 69.623 66.631
-9999 -9999 -9999 -9999 -9999 -9999 -9999 -9999 -9999 -9999 -9999 -9999 -9999 -9999 -9999 -9999 -9999 -9999 -9999 -9999 -9999 -9999 -9999 177.531 224.127 267.51 242.764 216.696 202.538 196.816 192.965 179.788 142.446 117.523 109.332 93.429 91.769 90.15 86.593 87.215 83.224 73.703 72.411 74.257 76.241 78.75 75.037 74.057 78.572 78.602 81.371 80.93 78.234 76.223 73.78 71.098 68.168 67.777 69.102 72.724 75.339 78.439 73.986 70.629 73.093 80.779 79.116 79.585 79.516 71.914 69.23 66.441 64.541 67.225
-9999 -9999 -9999 -9999 -9999 -9999 -9999 -9999 -9999 -9999 -9999 -9999 -9999 -9999 -9999 -9999 -9999 -9999 -9999 -9999 -9999 -9999 -9999 167.393 195.792 194.882 206.988 196.269 197.152 201.455 196.646 163.345 144.036 116.549 100.499 85.472 89.652 95.409 99.005 104.526 104.163 88.849 84.598 78.725 77.345 77.827 71.67 74.52 76.863 78.849 83.449 83.341 82.605 78.231 75.141 71.037 72.64 70.845 70.042 71.063 69.828 72.36 71.157 71.494 73.158 77.365 80.086 74.829 71.035 68.59 69.036 70.642 64.589 58.712
-9999 -9999 -9999 -9999 -9999 -9999 -9999 -9999 -9999 -9999 -9999 -9999 -9999 -9999 -9999 -9999 -9999 -9999 -9999 -9999 -9999 -9999 -9999 -9999 185.259 206.775 220.612 234.133 236.012 208.437 177.402 143.261 111.741 101.404 92.78 89.116 87.278 89.764 100.545 108.135 108.689 94.644 82.528 74.731 83.518 80.209 72.267 77.524 76.693 81.431 84.523 80.33 78.331 79.574 73.658 72.359 74.315 77.468 72.421 71.603 71.621 68.197 70.731 73.088 72.598 72.068 71.422 71.845 69.672 67.142 69.538 68.324 65.604 60.678
-9999 -9999 -9999 -9999 -9999 -9999 -9999 -9999 -9999 -9999 -9999 -9999 -9999 -9999 -9999 -9999 -9999 -9999 -9999 -9999 -9999 -9999 -9999 -9999 178.28 202.44 228.497 265.503 276.593 222.212 175.115 129.84 112.915 112.776 115.611 112.967 109.475 99.466 91.456 101.901 102.231 93.077 90.24 94.858 87.408 77.586 81.646 82.452 80.825 82.563 82.576 83.824 80.114 77.945 75.253 82.831 81.257 77.347 74.398 72.945 76.751 76.398 74.617 74.976 73.089 70.8 75.188 74.233 76.617 70.644 71.834 70.794 65.55 64.99
-9999 -9999 -9999 -9999 -9999 -9999 -9999 -9999 -9999 -9999 -9999 -9999 -9999 -9999 -9999 -9999 -9999 -9999 -9999 -9999 -9999 -9999 -9999 174.535 155.228 196.136 235.5 272.992 255.567 215.393 166.531 155.116 157.244 137.673 125.176 121.376 101.051 95.514 98.826 103.503 92.983 98.014 103.461 97.184 94.506 88.741 81.879 83.55 78.813 83.537 87.406 86.426 86.736 80.872 77.105 73.216 82.195 78.053 74.759 74.307 79.843 77.99 76.637 76.811 75.455 72.714 75.045 74.385 73.201 73.974 73.207 69.925 67.203 67.536
-9999 -9999 -9999 -9999 -9999 -9999 -9999 -9999 -9999 -9999 -9999 -9999 -9999 -9999 -9999 -9999 -9999 -9999 -9999 -9999 -9999 -9999 -9999 147.465 163.736 190.456 214.705 247.339 254.129 211.944 175.62 154.523 148.677 149.239 143.635 128.755 116.401 120.59 109.921 94.3 100.305 95.279 97.572 96.872 103.286 79.121 81.57 79.551 79.421 82.014 87.763 97.778 89.394 86.537 80.682 78.115 76.945 77.31 72.425 70.742 70.683 74.113 72.793 75.903 73.64 75.035 77.333 75.983 73.337 70.635 74.849 71.852 64.853 67.442
-9999 -9999 -9999 -9999 -9999 -9999 -9999 -9999 -9999 -9999 -9999 -9999 -9999 -9999 -9999 -9999 -9999 -9999 -9999 -9999 -9999 -9999 -9999 151.214 160.67 172.263 205.655 238.784 245.464 219.42 172.708 150.912 157.284 151.626 138.677 131.759 141.165 135.323 101.549 100.716 93.794 104.358 87.367 97.311 87.999 81.452 80.745 74.356 72.211 78.189 87.419 85.412 90.386 88.913 83.888 79.984 77.09 75.415 71.917 70.064 71.51 69.858 71.403 71.954 75.622 73.729 73.838 75.612 71.02 69.463 66.676 70.629 65.65 63.698
-9999 -9999 -9999 -9999 -9999 -9999 -9999 -9999 -9999 -9999 -9999 -9999 -9999 -9999 -9999 -9999 -9999 -9999 -9999 -9999 -9999 -9999 156.159 153.806 169.302 178.949 194.313 221.827 226.046 209.661 169.099 143.674 137.879 132.511 129.255 138.211 135.749 115.403 113.163 98.591 95.457 84.346 81.933 83.867 82.766 84.137 75.919 72.977 76.125 74.924 77.72 80.447 83.044 86.439 81.665 77.368 75.946 72.829 69.354 66.66 67.865 68.914 71.851 73.654 74.568 74.448 71.863 71.726 74.35 65.84 65.705 66.61 66.014 66.189
-9999 -9999 -9999 -9999 -9999 -9999 -9999 -9999 -9999 -9999 -9999 -9999 -9999 -9999 -9999 -9999 -9999 -9999 -9999 -9999 -9999 152.867 150.991 157.79 160.572 164.353 202.598 229.327 233.794 213.01 180.889 150.584 146.92 132.16 128.859 142.11 124.828 131.88 105.674 95.451 88.511 85.131 86.313 92.094 90.73 88.108 86.763 81.655 74.195 75.107 78.484 78.042 78.851 79.964 79.589 76.471 75.054 73.121 69.789 69.086 69.654 69.382 67.784 70.978 74.64 73.36 69.586 67.929 68.232 68.449 71.08 71.579 67.574 67.531
-9999 -9999 -9999 -9999 -9999 -9999 -9999 -9999 -9999 -9999 -9999 -9999 -9999 -9999 -9999 -9999 -9999 -9999 -9999 174.592 166.782 162.124 145.047 152.961 162.926 180.82 216.67 239.843 251.061 225.575 184.049 156.433 132.604 131.874 134.38 134.902 124.234 108.466 103.82 90.856 86.255 84.843 91.965 92.601 86.008 90.324 86.079 77.924 77.599 78.044 80.472 77.196 77.24 75.721 74.72 69.989 68.927 67.517 70.228 73.409 77.121 78.774 75.913 71.905 71.192 70.049 69.912 72.497 68.93 69.302 67.004 72.49 69.447 66.318
