Validation/Results/raw data/ReClimate_03_2024_1_Temperature-Actuals 2.asc
NCOLS 192
NROWS 249
XLLCENTER -225160.85627316462
YLLCENTER 29788.11610251502
CELLSIZE 5000.0
NODATA_VALUE -9999
[rows 204 to 237 of 249, columns 77 to 153 of 192]
-9999 -9999 9.694 -9999 9.586 9.502 9.422 9.167 9.169 8.995 9.041 9.074 8.982 8.979 8.707 9.255 9.143 9.266 9.443 9.616 9.493 9.541 9.03 8.518 7.244 6.605 8.154 7.951 8.049 7.443 7.902 8.945 8.357 7.03 8.65 9.002 9.033 9.15 9.693 10.019 9.806 9.485 9.57 9.923 10.073 10.156 10.074 9.878 9.148 8.746 8.696 9.036 9.255 9.412 9.298 8.962 9.058 9.253 9.416 9.471 9.464 9.368 9.211 9.247 9.357 9.359 9.463 9.5 9.389 9.408 9.37 9.427 9.63 9.629 9.541 9.413 9.429
-9999 -9999 -9999 -9999 -9999 -9999 9.27 9.554 9.456 9.352 9.394 9.39 9.358 9.238 9.585 9.493 9.54 9.589 9.484 9.55 9.222 9.189 8.54 7.741 6.823 7.082 6.981 7.343 6.626 6.78 8.44 8.455 8.312 9.312 8.609 8.939 9.658 10.012 10.189 9.676 9.305 8.919 9.408 9.975 10.135 10.22 10.181 9.478 8.698 8.614 8.706 9.137 9.189 9.346 9.228 9.319 9.346 9.542 9.698 9.732 9.639 9.487 9.414 9.44 9.569 9.632 9.525 9.383 9.212 9.243 9.465 9.489 9.627 9.575 9.681 9.782 9.7
-9999 -9999 -9999 -9999 -9999 -9999 9.524 9.504 9.497 9.556 9.198 9.017 8.914 9.32 9.57 9.613 9.756 9.369 9.183 9.391 9.521 9.576 8.994 8.76 8.54 8.218 7.877 7.653 7.08 7.497 7.211 7.925 8.621 8.255 7.957 9.538 9.887 10.081 9.547 9.41 8.801 9.062 9.456 10.022 10.116 9.932 9.061 8.586 8.692 8.914 8.864 9.052 9.198 9.277 9.451 9.363 9.635 9.81 9.975 9.975 9.747 9.533 9.424 9.51 9.693 9.717 9.553 9.153 9.209 9.276 9.354 9.587 9.683 9.795 9.893 10.096 9.91
-9999 -9999 -9999 -9999 9.846 9.764 9.642 9.654 -9999 9.604 9.456 9.274 9.526 9.65 9.788 -9999 9.739 9.452 9.579 9.186 9.787 8.977 9.062 8.881 8.623 8.544 8.848 8.396 8.084 7.987 7.951 8.181 8.545 7.517 8.534 9.57 9.545 9.871 9.697 9.114 9.151 9.357 9.731 9.934 9.875 9.227 9.105 8.752 8.884 8.862 9.105 9.223 9.292 9.459 9.632 9.688 9.803 9.798 10.069 10.037 9.902 9.737 9.683 9.658 9.683 9.584 9.284 9.161 9.126 9.389 9.459 9.589 9.712 9.734 9.794 10.131 10.058
-9999 -9999 -9999 -9999 9.86 -9999 -9999 -9999 9.876 9.733 9.56 -9999 -9999 -9999 -9999 -9999 9.781 9.69 9.388 10.157 9.85 9.658 9.524 9.239 9.341 9.304 7.581 7.627 8.732 8.826 8.736 8.563 8.028 8.103 9.295 9.342 9.747 9.813 9.144 9.358 9.407 9.827 9.825 9.84 9.477 9.238 9.248 8.958 9.141 9.273 9.294 9.421 9.58 9.672 9.784 9.806 9.861 9.832 9.908 10.065 9.794 9.777 9.722 9.712 9.558 9.482 9.314 9.12 9.231 9.557 9.708 9.792 9.751 9.697 9.824 10.131 10.229
-9999 -9999 -9999 -9999 -9999 -9999 9.81 9.782 9.689 9.817 9.564 -9999 -9999 -9999 -9999 -9999 -9999 -9999 -9999 10.539 10.353 10.261 10.343 9.906 9.461 7.77 7.224 7.43 7.961 8.534 8.679 8.703 8.79 8.755 9.079 9.739 9.856 8.996 9.278 9.367 10.145 9.998 9.782 9.606 9.096 9.218 9.124 9.177 9.352 9.505 9.547 9.609 9.645 9.721 9.658 9.713 9.821 9.948 9.941 9.972 9.787 9.676 9.464 9.386 9.633 9.451 9.333 9.33 9.436 9.662 9.946 9.923 9.9 9.956 10.218 10.448 10.341
-9999 -9999 -9999 -9999 -9999 -9999 -9999 9.728 -9999 -9999 -9999 -9999 -9999 -9999 -9999 -9999 -9999 9.827 10.162 10.203 10.103 10.483 10.553 10.242 9.36 8.465 7.592 7.573 8.279 9.258 9.068 8.675 8.908 9.199 9.942 10.231 9.888 9.553 9.668 10.074 -9999 10.01 9.778 9.454 8.87 8.955 9.197 9.336 9.522 9.568 9.652 9.617 9.632 9.616 9.703 9.708 9.828 9.913 9.95 9.789 9.627 9.43 9.158 9.194 9.367 9.781 9.621 9.556 9.746 9.838 9.997 10.077 10.035 10.21 10.562 10.782 10.739
-9999 -9999 -9999 -9999 -9999 -9999 -9999 -9999 -9999 -9999 -9999 -9999 -9999 -9999 -9999 -9999 -9999 9.841 10.027 10.258 10.16 -9999 -9999 -9999 9.975 8.871 9.047 8.862 9.383 9.376 8.848 9.095 9.832 10.11 10.228 10.406 10.18 10.214 10.231 -9999 10.164 9.818 9.788 9.219 8.877 9.242 9.369 9.518 9.528 9.496 9.609 9.659 9.623 9.623 9.48 9.449 9.551 9.586 9.72 9.772 9.505 9.086 9.16 9.276 9.582 9.887 9.986 9.815 9.982 10.203 10.291 10.389 10.424 10.234 10.609 10.928 10.892
-9999 -9999 -9999 -9999 -9999 -9999 -9999 -9999 -9999 -9999 -9999 -9999 -9999 -9999 -9999 -9999 -9999 -9999 -9999 -9999 -9999 -9999 -9999 -9999 10.563 10.014 9.447 9.603 9.861 9.83 9.704 10.042 10.303 10.362 10.365 10.346 10.351 -9999 -9999 10.358 10.149 9.972 9.794 9.258 9.093 9.317 9.413 9.585 9.722 9.524 9.57 9.62 9.351 9.19 9.148 9.008 8.871 9.129 9.267 9.442 9.493 9.31 9.271 9.622 9.676 9.9 10.166 10.114 10.155 10.272 10.47 10.6 10.686 10.874 10.853 11.061 11.018
-9999 -9999 -9999 -9999 -9999 -9999 -9999 -9999 -9999 -9999 -9999 -9999 -9999 -9999 -9999 -9999 -9999 -9999 -9999 -9999 -9999 -9999 -9999 -9999 10.323 10.099 9.957 9.962 9.859 9.91 10.193 10.411 10.522 10.498 -9999 -9999 -9999 -9999 -9999 10.351 10.145 10.08 9.839 9.337 9.137 9.266 9.294 9.591 9.777 9.549 9.249 9.293 9.0 8.9 8.935 8.984 8.911 8.887 9.173 9.223 9.597 9.808 9.699 9.971 10.006 10.053 10.21 10.285 10.432 10.581 10.571 10.575 10.753 11.0 11.198 11.184 10.933
-9999 -9999 -9999 -9999 -9999 -9999 -9999 -9999 -9999 -9999 -9999 -9999 -9999 -9999 -9999 -9999 -9999 -9999 -9999 -9999 -9999 -9999 -9999 -9999 -9999 -9999 10.037 9.656 9.705 9.949 10.026 10.306 10.469 -9999 -9999 -9999 -9999 10.027 9.886 9.895 10.283 10.207 9.889 9.205 9.119 9.097 9.182 9.472 9.616 9.275 8.919 8.83 8.944 8.874 9.038 9.043 9.258 9.266 9.289 9.516 9.641 10.008 10.255 10.173 10.122 10.078 10.084 10.074 10.33 10.621 10.69 10.66 10.658 10.833 10.947 11.017 10.821
-9999 -9999 -9999 -9999 -9999 -9999 -9999 -9999 -9999 -9999 -9999 -9999 -9999 -9999 -9999 -9999 -9999 -9999 -9999 -9999 -9999 -9999 -9999 -9999 -9999 -9999 -9999 9.98 9.914 9.923 9.99 10.267 -9999 -9999 -9999 -9999 10.067 10.002 9.8 9.789 9.907 10.04 9.911 9.601 9.608 9.191 9.231 9.38 9.182 9.071 8.993 8.772 8.935 9.082 9.253 9.371 9.467 9.594 9.557 9.542 9.727 9.982 10.085 10.024 9.859 9.942 10.002 9.985 10.101 10.432 10.586 10.64 10.732 10.738 10.684 10.579 10.499
-9999 -9999 -9999 -9999 -9999 -9999 -9999 -9999 -9999 -9999 -9999 -9999 -9999 -9999 -9999 -9999 -9999 -9999 -9999 -9999 -9999 -9999 -9999 -9999 -9999 -9999 -9999 -9999 -9999 -9999 -9999 -9999 -9999 -9999 -9999 10.032 10.129 10.164 9.885 9.659 9.961 9.927 9.677 9.804 9.61 9.536 9.753 9.54 9.273 9.139 9.148 9.148 9.004 9.098 9.218 9.084 9.29 9.404 9.498 9.516 9.549 9.799 9.915 9.83 9.693 9.686 9.87 10.005 10.108 10.253 10.389 10.371 10.462 10.427 10.334 10.09 9.87
-9999 -9999 -9999 -9999 -9999 -9999 -9999 -9999 -9999 -9999 -9999 -9999 -9999 -9999 -9999 -9999 -9999 -9999 -9999 -9999 -9999 -9999 -9999 -9999 -9999 -9999 -9999 -9999 -9999 -9999 -9999 -9999 -9999 -9999 10.348 10.196 9.98 9.837 8.853 9.41 9.876 9.684 9.616 9.596 9.594 9.948 9.919 9.738 9.472 9.326 9.49 9.276 9.052 8.799 8.951 9.076 8.756 9.054 9.27 9.465 9.611 9.747 9.862 9.838 9.79 9.837 9.773 9.848 10.06 10.18 10.175 10.096 9.832 9.938 9.894 9.688 9.296
-9999 -9999 -9999 -9999 -9999 -9999 -9999 -9999 -9999 -9999 -9999 -9999 -9999 -9999 -9999 -9999 -9999 -9999 -9999 -9999 -9999 -9999 -9999 -9999 -9999 -9999 -9999 -9999 -9999 -9999 -9999 -9999 -9999 -9999 10.317 10.189 10.317 9.782 9.256 8.973 9.199 9.413 9.521 9.386 9.777 9.859 9.753 9.291 9.017 9.031 9.315 9.413 9.22 9.145 8.958 9.055 9.145 9.092 9.268 9.39 9.576 9.775 9.872 9.896 9.809 9.814 9.816 9.749 9.86 9.923 9.653 9.611 9.537 9.522 9.733 9.655 9.324
-9999 -9999 -9999 -9999 -9999 -9999 -9999 -9999 -9999 -9999 -9999 -9999 -9999 -9999 -9999 -9999 -9999 -9999 -9999 -9999 -9999 8.325 8.053 7.471 7.71 -9999 8.661 -9999 -9999 -9999 -9999 -9999 -9999 -9999 -9999 10.329 10.357 10.118 9.73 9.443 9.127 9.113 9.211 9.53 9.61 9.586 9.167 8.899 9.119 9.159 9.325 9.331 9.298 9.434 9.534 9.546 9.437 9.486 9.389 9.282 9.177 9.4 9.686 9.726 9.674 9.707 9.651 9.63 9.773 9.735 9.463 9.41 9.676 9.657 9.739 9.801 9.731
-9999 -9999 -9999 -9999 -9999 -9999 -9999 -9999 -9999 -9999 -9999 -9999 -9999 -9999 -9999 -9999 -9999 -9999 9.289 9.056 8.736 8.181 7.405 7.027 7.268 7.611 8.441 9.45 10.048 -9999 -9999 9.532 9.982 10.182 10.336 10.329 10.318 10.354 10.178 9.887 9.511 9.157 9.261 9.462 9.41 8.923 9.079 9.238 9.107 9.347 9.533 9.613 9.514 9.537 9.644 9.701 9.822 9.723 9.553 9.36 9.313 9.169 9.257 9.568 9.68 9.759 9.882 9.659 9.754 9.298 9.21 9.363 9.635 9.819 9.84 9.97 9.841
-9999 -9999 -9999 -9999 -9999 -9999 -9999 -9999 -9999 -9999 -9999 -9999 -9999 -9999 -9999 -9999 -9999 9.26 9.266 9.446 9.256 8.513 7.463 7.01 7.211 7.693 8.28 8.854 9.476 9.608 9.467 9.441 9.475 10.095 10.234 10.303 10.185 10.053 10.201 9.951 9.373 9.269 9.342 9.267 8.72 9.088 8.915 8.959 9.127 9.408 9.675 9.692 9.524 9.595 9.606 9.758 9.77 9.789 9.649 9.486 9.238 9.052 9.283 9.551 9.728 9.436 9.587 9.833 9.748 9.79 9.396 9.553 9.664 9.775 9.818 9.828 9.964
-9999 -9999 -9999 -9999 -9999 -9999 -9999 -9999 -9999 -9999 -9999 -9999 -9999 -9999 -9999 -9999 -9999 9.234 9.795 10.171 9.787 8.784 8.227 7.808 7.542 8.025 8.538 9.143 8.91 8.686 9.114 9.368 9.547 9.486 10.018 10.246 10.113 10.151 9.913 9.671 9.651 9.527 9.424 9.124 9.14 9.101 8.861 9.007 9.076 9.348 9.586 9.623 9.465 9.413 9.75 9.839 9.816 9.878 9.888 9.775 9.551 9.177 9.096 9.57 9.747 9.623 9.406 9.685 9.901 9.945 9.964 9.898 9.624 9.606 9.688 9.666 9.502
-9999 -9999 -9999 -9999 -9999 -9999 -9999 -9999 -9999 -9999 -9999 -9999 -9999 -9999 -9999 -9999 -9999 9.634 10.284 10.08 9.885 9.329 9.287 8.842 8.837 8.818 8.982 9.148 8.664 8.81 9.484 9.655 9.622 9.809 10.1 10.232 10.188 9.939 9.703 9.8 9.725 9.517 9.381 9.463 9.414 9.401 9.275 9.15 8.947 9.098 9.502 9.802 9.764 9.762 9.86 9.818 9.873 10.034 9.827 9.71 9.73 9.342 8.97 9.444 9.842 9.793 9.726 9.807 9.941 10.041 9.987 9.863 9.715 9.703 9.886 9.929 9.805
-9999 -9999 -9999 -9999 -9999 -9999 -9999 -9999 -9999 -9999 -9999 -9999 -9999 9.606 9.267 -9999 9.453 10.065 9.833 9.681 9.75 9.885 9.71 9.563 9.135 8.868 8.99 9.229 9.218 9.419 9.691 9.878 9.816 9.769 9.848 10.025 10.156 9.978 9.88 9.806 9.666 9.324 9.584 9.588 9.502 9.319 9.118 9.06 8.848 8.985 9.373 9.788 9.871 9.9 9.947 10.107 10.033 10.12 10.022 9.598 9.747 9.65 9.57 9.612 9.985 10.011 9.873 9.831 9.919 10.03 10.116 10.093 9.994 9.866 9.914 10.008 10.106
-9999 -9999 -9999 -9999 -9999 -9999 -9999 -9999 -9999 -9999 -9999 -9999 -9999 9.44 9.169 9.332 9.537 9.697 9.588 9.763 9.431 9.381 9.541 9.124 9.057 8.974 9.025 9.32 9.262 9.371 9.618 9.245 8.964 9.208 9.645 10.047 10.133 9.91 9.721 9.599 9.497 9.408 9.639 9.484 9.569 9.415 9.106 8.982 9.116 9.214 9.512 9.677 9.79 9.882 10.201 10.277 10.325 10.381 10.247 9.907 9.798 9.687 9.436 9.517 9.333 9.655 9.913 9.943 10.06 10.102 10.115 10.171 10.152 10.019 9.873 9.966 10.056
-9999 -9999 -9999 -9999 -9999 -9999 -9999 -9999 -9999 -9999 -9999 -9999 9.635 9.219 9.27 9.286 9.345 9.5 9.6 9.535 9.386 9.538 9.582 9.295 9.236 9.07 9.26 9.484 9.751 9.832 9.416 8.759 8.863 9.016 9.296 9.887 9.897 9.782 9.762 9.638 9.57 9.515 9.545 9.59 9.665 9.506 9.165 9.382 9.433 9.562 9.625 9.709 9.727 9.754 10.187 10.622 10.754 10.544 10.503 10.228 10.114 10.008 9.779 9.66 9.464 9.317 9.521 9.298 9.792 9.606 9.603 10.008 10.128 9.589 9.329 9.416 9.936
-9999 -9999 -9999 -9999 -9999 -9999 -9999 -9999 -9999 -9999 -9999 -9999 -9999 9.497 9.3 9.239 9.415 9.559 9.68 9.696 9.671 9.672 9.637 9.516 9.385 9.566 9.682 9.887 9.802 9.866 9.2 8.851 8.924 8.783 9.228 9.608 9.52 9.579 9.674 9.614 9.452 9.484 9.457 9.409 9.305 9.109 9.489 9.443 9.611 9.719 9.756 9.737 9.722 9.873 10.099 10.506 10.741 -9999 10.448 10.396 10.154 10.198 10.194 10.145 10.066 9.916 9.925 9.755 9.681 9.821 9.508 9.624 9.839 9.812 9.433 9.305 9.705
-9999 -9999 -9999 -9999 -9999 -9999 -9999 -9999 -9999 -9999 -9999 -9999 9.584 9.671 9.306 9.178 9.266 9.368 9.602 9.734 9.663 9.556 9.385 9.494 9.739 9.871 9.867 9.863 9.902 9.666 9.454 9.458 9.307 9.058 9.598 9.728 9.145 9.363 9.367 8.852 9.034 8.923 8.836 8.892 8.744 8.813 9.149 9.611 9.802 9.9 9.837 9.804 9.764 9.862 10.052 10.209 10.473 10.618 -9999 10.524 -9999 10.479 -9999 10.325 -9999 10.24 10.215 10.132 9.996 9.993 9.943 10.036 -9999 -9999 -9999 9.979 9.692
-9999 -9999 -9999 -9999 -9999 -9999 -9999 -9999 -9999 -9999 -9999 -9999 9.728 9.446 9.141 9.163 9.164 9.215 9.156 9.403 9.223 9.118 9.218 9.554 9.84 9.945 10.051 10.059 9.91 9.793 9.601 9.511 9.24 9.541 9.956 9.276 9.312 9.751 9.347 9.164 9.056 8.825 8.972 9.095 8.819 8.841 9.182 9.591 10.039 10.02 9.898 9.872 9.811 9.818 10.036 10.156 10.358 10.525 -9999 -9999 10.683 10.667 -9999 -9999 10.269 10.252 10.241 -9999 -9999 -9999 -9999 -9999 -9999 -9999 -9999 -9999 -9999
-9999 -9999 -9999 -9999 -9999 -9999 -9999 -9999 -9999 -9999 -9999 9.415 9.424 9.318 9.229 9.436 9.535 9.268 9.249 9.057 8.521 8.44 8.904 9.249 9.44 9.63 10.041 10.108 9.686 9.746 9.533 9.11 9.098 9.493 9.466 9.531 10.151 9.945 9.537 9.191 8.957 9.352 9.636 9.436 9.391 9.328 9.53 10.062 10.332 10.041 10.058 10.025 10.039 9.922 10.026 -9999 -9999 -9999 10.469 -9999 -9999 -9999 -9999 -9999 -9999 10.145 -9999 -9999 -9999 -9999 -9999 -9999 -9999 -9999 -9999 -9999 -9999
-9999 -9999 -9999 -9999 -9999 -9999 -9999 -9999 -9999 -9999 9.671 9.002 8.952 9.23 9.717 9.868 9.776 9.584 9.295 8.422 7.461 7.749 8.829 8.977 8.852 9.531 9.607 9.954 9.959 9.625 9.748 9.807 9.902 -9999 -9999 -9999 -9999 -9999 9.996 9.529 9.309 9.539 9.761 9.846 9.806 9.856 9.978 10.225 -9999 9.983 -9999 -9999 -9999 -9999 -9999 9.989 10.041 10.084 10.055 10.086 10.351 -9999 -9999 -9999 -9999 -9999 -9999 -9999 -9999 -9999 -9999 -9999 -9999 -9999 -9999 -9999 -9999
-9999 -9999 -9999 -9999 -9999 -9999 -9999 -9999 -9999 10.372 9.405 8.645 8.757 9.281 9.56 9.795 9.92 9.408 8.861 7.785 7.183 7.595 8.212 8.566 9.236 8.816 9.44 9.929 9.934 10.033 -9999 -9999 -9999 -9999 -9999 -9999 -9999 -9999 -9999 -9999 10.006 10.057 10.198 9.855 9.591 9.51 9.777 9.538 9.831 -9999 -9999 -9999 -9999 -9999 -9999 -9999 10.009 9.818 10.011 9.98 -9999 -9999 -9999 -9999 -9999 -9999 -9999 -9999 -9999 -9999 -9999 -9999 -9999 -9999 -9999 -9999 -9999
-9999 -9999 -9999 -9999 -9999 -9999 -9999 10.388 10.531 10.047 9.215 8.636 8.495 8.693 9.306 9.882 9.538 9.064 8.748 8.064 7.514 8.003 8.413 8.955 9.007 9.728 9.254 9.593 -9999 -9999 -9999 -9999 -9999 -9999 -9999 -9999 -9999 -9999 -9999 -9999 -9999 10.385 -9999 -9999 -9999 -9999 -9999 9.788 9.516 -9999 -9999 -9999 -9999 -9999 -9999 -9999 -9999 -9999 9.733 9.716 -9999 -9999 -9999 -9999 -9999 -9999 -9999 -9999 -9999 -9999 -9999 -9999 -9999 -9999 -9999 -9999 -9999
-9999 -9999 -9999 -9999 -9999 -9999 10.313 -9999 10.152 9.936 9.226 8.65 8.493 8.659 9.257 9.459 9.198 9.634 9.545 8.61 8.209 8.422 9.066 9.331 9.723 9.928 10.084 10.389 -9999 -9999 -9999 -9999 -9999 -9999 -9999 -9999 -9999 -9999 -9999 -9999 -9999 -9999 10.258 -9999 -9999 -9999 -9999 -9999 -9999 -9999 -9999 -9999 -9999 -9999 -9999 -9999 -9999 -9999 -9999 -9999 -9999 -9999 -9999 -9999 -9999 -9999 -9999 -9999 -9999 -9999 -9999 -9999 -9999 -9999 -9999 -9999 -9999
-9999 -9999 -9999 -9999 -9999 10.359 10.311 9.721 10.005 9.961 9.399 9.195 9.05 9.127 9.446 9.369 9.588 -9999 9.817 9.015 8.437 8.016 8.578 9.606 9.924 10.3 10.428 -9999 -9999 -9999 -9999 -9999 -9999 -9999 -9999 -9999 -9999 -9999 -9999 -9999 -9999 -9999 -9999 -9999 -9999 -9999 -9999 -9999 -9999 -9999 -9999 -9999 -9999 -9999 -9999 -9999 -9999 -9999 -9999 -9999 -9999 -9999 -9999 -9999 -9999 -9999 -9999 -9999 -9999 -9999 -9999 -9999 -9999 -9999 -9999 -9999 -9999
-9999 -9999 -9999 -9999 -9999 10.357 9.961 9.718 9.64 9.659 9.544 9.512 9.355 9.618 9.798 9.832 10.382 10.307 10.084 9.488 8.46 8.192 9.035 9.47 10.08 10.257 10.101 -9999 -9999 -9999 -9999 -9999 -9999 -9999 -9999 -9999 -9999 -9999 -9999 -9999 -9999 -9999 -9999 -9999 -9999 -9999 -9999 -9999 -9999 -9999 -9999 -9999 -9999 -9999 -9999 -9999 -9999 -9999 -9999 -9999 -9999 -9999 -9999 -9999 -9999 -9999 -9999 -9999 -9999 -9999 -9999 -9999 -9999 -9999 -9999 -9999 -9999
-9999 -9999 -9999 -9999 10.332 10.306 9.774 9.288 9.252 9.486 9.609 9.708 9.728 9.857 9.609 10.06 10.386 10.403 10.125 9.834 9.32 9.192 9.461 9.873 10.035 9.945 -9999 -9999 -9999 -9999 -9999 -9999 -9999 -9999 -9999 -9999 -9999 -9999 -9999 -9999 -9999 -9999 -9999 -9999 -9999 -9999 -9999 -9999 -9999 -9999 -9999 -9999 -9999 -9999 -9999 -9999 -9999 -9999 -9999 -9999 -9999 -9999 -9999 -9999 -9999 -9999 -9999 -9999 -9999 -9999 -9999 -9999 -9999 -9999 -9999 -9999 -9999
