Validation/Results/raw data/ReClimate_03_2024_1_Precipitation-Actuals.asc
NCOLS 192
NROWS 249
XLLCENTER -225160.85627316462
YLLCENTER 29788.11610251502
CELLSIZE 5000.0
NODATA_VALUE -9999
[rows 132 to 164 of 249, columns 75 to 149 of 192]
-9999 -9999 -9999 -9999 -9999 -9999 -9999 -9999 -9999 -9999 -9999 -9999 86.744 89.83 90.119 90.81 101.843 109.638 125.867 134.172 140.441 136.333 101.91 89.715 89.837 97.493 93.395 87.724 85.353 80.321 75.26 77.139 75.035 77.796 87.014 95.911 95.262 88.159 92.481 91.718 84.833 96.338 96.63 92.106 86.06 78.21 74.417 68.198 66.422 68.673 64.411 62.078 60.013 62.329 59.978 57.078 52.31 -9999 -9999 -9999 -9999 -9999 -9999 -9999 -9999 -9999 -9999 -9999 -9999 -9999 -9999 -9999 -9999 -9999 -9999
-9999 -9999 -9999 -9999 -9999 -9999 -9999 -9999 -9999 -9999 -9999 -9999 88.575 106.482 93.452 91.778 95.123 99.597 120.545 155.345 158.489 131.204 113.061 92.511 94.806 94.856 95.541 101.12 80.875 72.228 72.531 72.089 74.344 75.17 84.829 85.767 84.695 79.849 82.766 82.113 84.497 86.029 89.441 89.827 83.686 79.557 68.202 63.797 64.328 61.276 61.485 61.831 57.622 55.841 58.297 60.168 54.872 -9999 -9999 -9999 -9999 -9999 -9999 -9999 -9999 -9999 -9999 -9999 -9999 -9999 -9999 -9999 -9999 -9999 -9999
-9999 -9999 -9999 -9999 -9999 -9999 -9999 -9999 -9999 -9999 -9999 83.59 102.608 100.398 96.792 96.822 95.298 96.883 122.649 141.539 141.956 146.794 117.919 103.3 91.005 90.362 98.898 88.142 80.478 71.948 64.561 71.232 68.63 71.173 73.618 76.754 74.891 71.602 73.604 76.221 71.152 79.41 90.437 83.769 79.248 74.046 70.491 64.82 61.519 57.162 56.054 59.007 58.934 53.111 54.213 57.461 58.045 49.293 -9999 -9999 -9999 -9999 -9999 -9999 -9999 -9999 -9999 -9999 -9999 -9999 -9999 -9999 -9999 -9999 -9999
-9999 -9999 -9999 -9999 -9999 -9999 -9999 -9999 -9999 -9999 75.15 -9999 87.807 97.236 96.087 96.898 92.41 87.231 97.972 107.367 134.192 142.32 121.084 99.418 85.688 83.704 84.819 86.041 81.392 77.271 72.492 72.28 64.425 64.102 63.793 64.934 61.63 60.266 65.98 65.227 65.22 70.96 69.985 71.208 70.12 66.991 62.788 60.594 52.811 56.34 61.096 58.929 58.701 57.028 55.309 57.473 56.7 52.381 -9999 -9999 -9999 -9999 -9999 -9999 -9999 -9999 -9999 -9999 -9999 -9999 -9999 -9999 -9999 -9999 -9999
70.026 -9999 -9999 -9999 -9999 -9999 -9999 -9999 -9999 -9999 71.577 -9999 78.559 83.925 84.84 87.26 84.097 81.359 83.133 94.157 120.792 123.36 113.867 99.407 85.166 79.179 79.179 82.833 91.122 93.308 -9999 -9999 -9999 -9999 -9999 -9999 56.174 55.882 57.537 58.996 58.258 56.635 65.314 70.216 66.319 64.177 66.284 58.231 58.87 59.483 55.189 58.747 58.076 60.128 55.778 54.351 55.038 53.916 48.883 -9999 -9999 -9999 -9999 -9999 -9999 -9999 -9999 -9999 -9999 -9999 -9999 -9999 -9999 -9999 -9999
73.996 57.971 -9999 -9999 -9999 -9999 -9999 -9999 -9999 -9999 69.602 69.958 68.709 69.546 77.102 81.06 81.499 79.711 78.265 88.801 104.089 117.602 109.908 100.935 86.998 81.986 85.999 81.544 89.816 80.725 -9999 -9999 -9999 -9999 55.575 55.758 53.844 52.919 52.87 53.98 54.707 65.031 77.078 78.931 74.923 78.457 64.025 59.22 64.167 57.393 56.93 61.029 61.382 60.337 66.303 63.052 58.023 55.387 48.211 -9999 -9999 -9999 -9999 -9999 -9999 -9999 -9999 -9999 -9999 -9999 -9999 -9999 -9999 -9999 -9999
65.075 62.73 57.368 -9999 -9999 -9999 -9999 -9999 -9999 -9999 68.958 64.722 63.924 -9999 -9999 77.867 79.735 77.129 78.233 -9999 85.401 93.635 95.206 93.547 83.642 86.589 83.022 78.494 -9999 -9999 -9999 -9999 -9999 54.311 54.03 54.336 52.418 52.5 51.221 50.704 56.612 72.434 93.132 97.478 89.471 85.237 72.085 72.224 64.517 65.224 66.082 61.968 65.066 64.567 63.61 62.892 59.404 56.224 50.83 -9999 -9999 -9999 -9999 -9999 -9999 -9999 -9999 -9999 -9999 -9999 -9999 -9999 -9999 -9999 -9999
70.445 69.924 60.315 -9999 -9999 -9999 -9999 -9999 -9999 -9999 -9999 63.824 59.147 -9999 -9999 -9999 71.569 72.351 74.76 72.44 -9999 -9999 80.675 79.062 78.711 85.297 84.275 -9999 -9999 -9999 -9999 -9999 63.27 57.673 57.346 55.993 55.404 54.787 51.196 53.33 59.405 68.636 88.623 93.507 100.259 88.773 90.519 87.07 82.269 75.416 75.181 73.284 65.255 69.37 67.685 60.408 57.602 57.48 54.449 -9999 -9999 -9999 -9999 -9999 -9999 -9999 -9999 -9999 -9999 -9999 -9999 -9999 -9999 -9999 -9999
65.833 62.003 -9999 -9999 -9999 -9999 -9999 -9999 -9999 -9999 -9999 -9999 57.938 -9999 -9999 -9999 -9999 66.818 73.347 72.479 -9999 -9999 -9999 75.761 75.022 -9999 -9999 -9999 -9999 -9999 -9999 -9999 62.523 63.889 61.92 63.964 65.809 60.609 55.854 54.588 55.182 66.805 75.583 88.35 91.667 94.475 102.753 99.618 92.801 81.076 82.232 81.314 70.54 63.697 64.225 59.547 57.546 58.663 55.248 -9999 -9999 -9999 -9999 -9999 -9999 -9999 -9999 -9999 -9999 -9999 -9999 -9999 -9999 -9999 -9999
58.614 -9999 -9999 -9999 -9999 -9999 -9999 -9999 -9999 -9999 -9999 -9999 63.672 -9999 -9999 -9999 -9999 -9999 69.675 70.232 -9999 -9999 -9999 -9999 -9999 -9999 -9999 -9999 -9999 -9999 -9999 -9999 66.189 72.446 74.246 79.156 79.206 74.215 66.85 60.312 58.983 62.558 72.684 90.706 107.798 114.304 110.162 102.65 83.638 79.704 72.331 69.41 68.989 67.781 63.855 57.777 57.459 60.331 60.042 51.51 -9999 -9999 -9999 -9999 -9999 -9999 -9999 -9999 -9999 -9999 -9999 -9999 -9999 -9999 -9999
-9999 56.904 55.771 54.217 50.68 -9999 -9999 -9999 -9999 -9999 -9999 -9999 63.933 -9999 -9999 -9999 -9999 -9999 -9999 -9999 -9999 -9999 -9999 -9999 -9999 -9999 -9999 -9999 -9999 -9999 -9999 66.843 66.213 72.515 77.296 84.189 96.378 79.881 82.618 69.561 61.604 63.346 58.669 80.148 107.878 118.637 114.443 96.577 104.193 97.714 78.346 72.989 62.664 63.063 63.881 61.589 59.724 59.247 60.467 55.907 49.794 -9999 -9999 -9999 -9999 -9999 -9999 -9999 -9999 -9999 -9999 -9999 -9999 -9999 -9999
58.249 58.776 55.739 51.825 50.687 -9999 -9999 -9999 -9999 -9999 -9999 -9999 -9999 -9999 -9999 -9999 -9999 -9999 -9999 -9999 -9999 -9999 -9999 -9999 -9999 -9999 -9999 -9999 -9999 -9999 72.958 70.526 78.632 82.576 90.943 107.275 129.228 120.421 90.667 72.31 65.466 54.834 56.595 69.139 96.282 122.749 108.075 101.716 98.794 88.483 82.074 75.135 70.941 62.961 61.571 57.968 56.487 57.806 56.84 51.89 47.851 -9999 -9999 -9999 -9999 -9999 -9999 -9999 -9999 -9999 -9999 -9999 -9999 -9999 -9999
59.726 57.145 53.154 -9999 48.573 48.971 -9999 -9999 -9999 -9999 -9999 -9999 -9999 -9999 -9999 -9999 -9999 -9999 -9999 -9999 -9999 -9999 -9999 -9999 -9999 -9999 -9999 -9999 -9999 -9999 72.777 74.228 86.048 111.461 123.424 125.544 116.0 116.533 99.101 86.977 73.51 64.76 58.909 62.322 80.651 94.711 111.738 102.632 93.158 80.536 76.324 68.653 65.011 59.905 60.151 58.907 56.122 53.394 53.75 50.22 46.469 45.045 45.268 -9999 -9999 -9999 -9999 -9999 -9999 -9999 -9999 -9999 -9999 -9999 -9999
60.657 56.025 52.488 -9999 -9999 49.983 -9999 -9999 -9999 -9999 -9999 -9999 -9999 -9999 -9999 -9999 -9999 -9999 -9999 -9999 -9999 -9999 -9999 -9999 -9999 -9999 -9999 -9999 -9999 -9999 81.526 84.679 103.154 123.329 132.021 132.243 145.541 139.276 122.668 106.675 95.896 77.258 68.697 61.526 56.992 74.983 86.819 86.306 84.828 78.923 67.452 65.521 59.731 56.257 53.699 57.193 53.667 53.293 51.788 51.528 51.259 56.042 54.2 52.729 50.552 56.698 -9999 -9999 -9999 -9999 -9999 -9999 -9999 -9999 -9999
60.034 58.897 51.912 48.54 -9999 49.577 -9999 -9999 -9999 -9999 -9999 -9999 -9999 -9999 -9999 -9999 -9999 -9999 -9999 -9999 -9999 -9999 -9999 -9999 -9999 -9999 -9999 -9999 -9999 67.415 83.178 96.888 125.861 166.201 190.263 191.475 156.959 151.336 146.737 142.3 114.808 109.558 86.035 67.513 59.106 68.279 68.061 73.923 85.282 79.426 68.499 64.127 62.163 58.914 55.051 55.191 53.18 51.61 51.15 52.608 54.752 58.264 69.123 65.761 62.744 62.343 58.285 61.001 -9999 -9999 -9999 -9999 -9999 -9999 -9999
62.194 56.397 53.302 -9999 49.52 -9999 -9999 -9999 -9999 -9999 -9999 -9999 -9999 -9999 -9999 -9999 -9999 -9999 -9999 -9999 -9999 -9999 -9999 -9999 -9999 -9999 -9999 -9999 -9999 -9999 69.096 90.165 125.442 161.835 192.162 198.124 188.392 157.471 154.192 136.621 143.114 118.165 95.987 79.035 73.284 70.778 74.867 98.919 91.0 86.435 87.105 79.557 67.317 62.6 58.553 54.683 53.288 52.67 51.626 51.472 53.458 56.921 68.523 68.284 67.424 65.948 64.878 62.994 62.288 -9999 -9999 -9999 -9999 -9999 -9999
61.11 55.473 53.186 52.1 53.095 -9999 -9999 -9999 -9999 -9999 -9999 -9999 -9999 -9999 -9999 -9999 -9999 -9999 -9999 -9999 -9999 -9999 -9999 -9999 -9999 -9999 -9999 -9999 -9999 -9999 -9999 74.479 100.391 129.309 157.406 174.771 185.32 139.913 123.016 130.289 127.549 110.451 102.276 101.088 91.044 86.477 101.236 102.916 102.936 109.576 99.196 83.9 77.535 67.266 60.996 54.514 52.354 52.98 54.901 54.28 66.001 67.929 79.785 89.073 80.679 78.803 66.441 66.382 64.242 60.291 -9999 -9999 -9999 -9999 -9999
61.232 56.944 53.678 52.692 -9999 -9999 -9999 -9999 -9999 -9999 -9999 -9999 -9999 -9999 -9999 -9999 -9999 -9999 -9999 -9999 -9999 -9999 -9999 -9999 -9999 -9999 -9999 -9999 -9999 -9999 -9999 67.375 88.151 110.65 129.651 167.266 160.497 125.678 115.584 108.633 100.215 96.084 95.478 99.829 116.748 106.923 114.8 117.357 107.96 93.849 85.175 79.697 75.721 71.342 61.201 54.816 52.903 53.244 58.329 66.004 71.788 79.403 79.583 81.02 80.99 82.547 78.772 71.068 70.601 65.166 56.989 -9999 -9999 -9999 -9999
65.418 58.757 53.029 49.434 -9999 -9999 -9999 -9999 -9999 -9999 -9999 -9999 -9999 -9999 -9999 -9999 -9999 -9999 -9999 -9999 -9999 -9999 -9999 -9999 -9999 -9999 -9999 -9999 -9999 -9999 -9999 -9999 82.808 105.243 122.9 137.874 117.685 116.445 101.638 94.419 91.471 87.283 87.885 100.611 100.348 121.6 112.27 109.975 103.02 93.641 88.114 87.127 73.779 69.322 60.198 56.168 54.277 53.08 59.106 68.144 72.261 77.365 81.494 82.061 77.928 79.63 80.91 77.885 70.367 70.724 61.871 -9999 -9999 -9999 -9999
-9999 -9999 -9999 -9999 -9999 -9999 -9999 -9999 -9999 -9999 -9999 -9999 -9999 -9999 -9999 -9999 -9999 -9999 -9999 -9999 -9999 -9999 -9999 -9999 -9999 -9999 -9999 -9999 -9999 -9999 -9999 -9999 78.81 99.871 112.351 101.192 107.194 96.812 97.096 85.734 82.273 84.401 88.866 92.346 120.239 117.447 111.3 108.117 105.691 91.396 85.593 81.465 77.573 68.21 62.579 55.516 52.89 54.302 55.641 64.733 71.561 72.256 71.57 69.38 66.435 70.111 72.52 75.948 67.696 62.702 63.769 54.706 -9999 -9999 -9999
-9999 -9999 -9999 -9999 -9999 -9999 -9999 -9999 -9999 -9999 -9999 -9999 -9999 -9999 -9999 -9999 -9999 -9999 -9999 -9999 -9999 -9999 -9999 -9999 -9999 -9999 -9999 -9999 -9999 -9999 -9999 -9999 -9999 92.691 89.344 96.12 105.856 91.916 82.804 75.407 74.778 79.739 82.113 97.669 113.812 121.83 116.349 115.364 113.079 107.105 100.253 89.914 87.267 79.028 67.613 58.035 52.921 51.725 53.85 55.704 65.159 69.736 64.698 57.54 55.527 54.251 58.839 61.362 68.849 60.656 57.903 54.786 -9999 -9999 -9999
-9999 -9999 -9999 -9999 -9999 -9999 -9999 -9999 -9999 -9999 -9999 -9999 -9999 -9999 -9999 -9999 -9999 -9999 -9999 -9999 -9999 -9999 -9999 -9999 -9999 -9999 -9999 -9999 -9999 -9999 -9999 -9999 -9999 79.896 -9999 86.273 79.689 76.818 73.717 -9999 73.419 77.353 85.347 90.373 109.682 115.296 124.62 120.425 115.235 113.464 124.174 108.884 93.958 85.85 76.503 62.748 54.47 49.524 49.698 53.489 57.009 60.91 58.749 53.847 50.678 50.233 50.378 53.664 58.149 60.869 59.088 60.39 56.083 -9999 -9999
-9999 -9999 -9999 -9999 -9999 -9999 -9999 -9999 -9999 -9999 -9999 -9999 -9999 -9999 -9999 -9999 -9999 -9999 -9999 -9999 -9999 -9999 -9999 -9999 -9999 -9999 -9999 -9999 -9999 -9999 -9999 -9999 -9999 -9999 73.557 75.999 -9999 -9999 -9999 -9999 67.883 71.516 71.011 78.204 85.89 104.665 103.379 110.228 115.848 112.94 113.539 120.866 102.395 88.845 76.999 67.852 59.227 53.153 49.061 50.256 52.44 55.837 58.636 55.321 54.83 52.468 50.258 52.716 57.258 59.48 57.329 58.829 58.914 57.639 55.143
-9999 -9999 -9999 -9999 -9999 -9999 -9999 -9999 -9999 -9999 -9999 -9999 -9999 -9999 -9999 -9999 -9999 -9999 -9999 -9999 -9999 -9999 -9999 -9999 -9999 -9999 -9999 -9999 -9999 -9999 -9999 -9999 -9999 -9999 70.041 70.396 -9999 -9999 -9999 -9999 66.918 72.638 65.508 69.07 78.384 83.57 84.175 94.477 109.096 104.525 99.893 109.068 101.51 92.481 79.979 70.361 59.966 54.315 50.65 48.515 47.104 49.302 53.71 55.177 51.963 53.4 54.842 55.249 59.358 63.72 63.269 58.994 54.333 55.29 53.66
-9999 -9999 -9999 -9999 -9999 -9999 -9999 -9999 -9999 -9999 -9999 -9999 -9999 -9999 -9999 -9999 -9999 -9999 -9999 -9999 -9999 -9999 -9999 -9999 -9999 -9999 -9999 -9999 -9999 -9999 -9999 -9999 -9999 -9999 67.702 -9999 -9999 -9999 -9999 65.917 72.328 74.62 80.667 84.793 93.038 87.717 76.554 93.08 105.503 99.466 93.885 92.23 95.827 88.494 79.435 68.865 59.52 53.89 52.471 50.466 48.548 47.89 49.672 51.349 51.888 54.67 63.849 64.315 63.446 63.196 61.31 58.771 56.974 55.835 -9999
-9999 -9999 -9999 -9999 -9999 -9999 -9999 -9999 -9999 -9999 -9999 -9999 -9999 -9999 -9999 -9999 -9999 -9999 -9999 -9999 -9999 -9999 -9999 -9999 -9999 -9999 -9999 -9999 -9999 -9999 -9999 -9999 -9999 -9999 -9999 -9999 -9999 -9999 -9999 65.218 70.579 83.393 98.811 110.51 105.248 87.854 79.239 79.182 87.67 81.546 81.467 84.327 89.198 89.007 79.007 68.431 60.933 54.963 52.838 50.996 49.267 48.544 48.81 49.923 52.502 55.203 66.074 72.119 63.951 60.787 56.445 54.698 52.991 53.074 -9999
-9999 -9999 -9999 -9999 -9999 -9999 -9999 -9999 -9999 -9999 -9999 -9999 -9999 -9999 -9999 -9999 -9999 -9999 -9999 -9999 -9999 -9999 -9999 -9999 -9999 -9999 -9999 -9999 -9999 -9999 -9999 -9999 -9999 -9999 -9999 -9999 -9999 -9999 -9999 62.769 70.098 86.594 107.437 116.14 105.318 90.085 76.238 77.363 76.614 73.0 70.684 70.688 80.779 80.966 76.58 67.62 60.399 55.425 51.031 48.388 48.888 48.68 47.254 47.858 51.104 54.445 60.469 67.606 63.55 57.409 54.825 53.752 53.006 52.467 -9999
-9999 -9999 -9999 -9999 -9999 -9999 -9999 -9999 -9999 -9999 -9999 -9999 -9999 -9999 -9999 -9999 -9999 -9999 -9999 -9999 -9999 -9999 -9999 -9999 -9999 -9999 -9999 -9999 -9999 -9999 -9999 -9999 -9999 -9999 -9999 -9999 -9999 -9999 60.647 62.136 69.063 87.667 107.034 114.833 98.808 92.172 71.604 66.737 72.485 71.522 73.529 76.121 72.965 71.701 66.953 63.839 56.436 55.133 51.832 49.349 48.89 49.123 46.858 46.929 48.646 52.125 55.592 61.254 61.019 57.858 53.472 51.878 52.481 53.159 54.237
-9999 -9999 -9999 -9999 -9999 -9999 -9999 -9999 -9999 -9999 -9999 -9999 -9999 -9999 -9999 -9999 -9999 -9999 -9999 -9999 -9999 -9999 -9999 -9999 -9999 -9999 -9999 -9999 -9999 -9999 -9999 -9999 -9999 -9999 -9999 -9999 -9999 -9999 61.008 60.857 68.897 80.749 96.137 85.064 85.165 75.924 75.121 85.015 79.711 79.141 78.378 72.838 72.041 67.758 65.3 65.757 62.131 56.082 53.773 50.752 48.974 48.399 47.299 46.871 47.657 49.703 52.235 53.395 57.282 57.675 54.727 50.917 50.942 52.794 54.145
-9999 -9999 -9999 -9999 -9999 -9999 -9999 -9999 -9999 -9999 -9999 -9999 -9999 -9999 -9999 -9999 -9999 -9999 -9999 -9999 -9999 -9999 -9999 -9999 -9999 -9999 -9999 -9999 -9999 -9999 -9999 -9999 -9999 -9999 -9999 -9999 -9999 62.4 60.719 61.754 65.99 74.717 76.369 76.09 74.677 75.484 80.203 82.2 83.327 89.074 84.683 79.132 66.943 68.077 63.739 61.991 60.832 59.947 55.436 52.414 49.661 47.649 47.431 47.452 47.258 49.588 51.883 53.283 55.772 59.598 58.28 53.606 49.958 51.537 53.033
-9999 -9999 -9999 -9999 -9999 -9999 -9999 -9999 -9999 -9999 -9999 -9999 -9999 -9999 -9999 -9999 -9999 -9999 -9999 -9999 -9999 -9999 -9999 -9999 -9999 -9999 -9999 -9999 -9999 -9999 -9999 -9999 -9999 -9999 -9999 -9999 -9999 57.655 60.394 62.878 64.411 67.115 69.166 69.936 73.79 74.314 74.96 79.994 88.356 101.334 97.524 87.639 75.814 67.93 66.499 59.936 55.768 56.977 57.809 53.716 50.031 48.26 45.63 46.024 47.301 47.295 47.969 51.573 56.806 62.098 60.171 55.702 52.368 50.361 52.67
-9999 -9999 -9999 -9999 -9999 -9999 -9999 -9999 -9999 -9999 -9999 -9999 -9999 -9999 -9999 -9999 -9999 -9999 -9999 -9999 -9999 -9999 -9999 -9999 -9999 -9999 -9999 -9999 -9999 -9999 -9999 -9999 -9999 -9999 -9999 -9999 -9999 57.113 58.118 58.105 59.166 65.158 66.075 70.839 76.621 76.335 82.297 92.189 100.498 103.208 97.978 87.308 76.882 68.196 66.974 63.099 57.164 54.956 54.112 53.222 50.575 48.761 47.633 45.587 47.035 47.712 47.735 48.625 53.063 56.535 58.143 56.275 53.711 50.685 50.081
-9999 -9999 -9999 -9999 -9999 -9999 -9999 -9999 -9999 -9999 -9999 -9999 -9999 -9999 -9999 -9999 -9999 -9999 -9999 -9999 -9999 -9999 -9999 -9999 -9999 -9999 -9999 -9999 -9999 -9999 -9999 -9999 -9999 -9999 -9999 -9999 -9999 -9999 56.619 56.262 59.555 60.103 69.776 81.475 86.279 90.653 96.167 92.432 101.961 96.488 94.448 84.747 70.615 66.597 61.188 61.739 57.174 54.846 54.051 50.908 50.271 49.71 48.826 47.968 48.208 48.529 48.278 48.908 50.339 52.096 53.154 -9999 51.435 -9999 49.129
