Validation/Results/raw data/ReClimate_02_2024_1_Temperature-Actualsweatherlogisticsltd.asc
NCOLS 192
NROWS 249
XLLCENTER -225160.85627316462
YLLCENTER 29788.11610251502
CELLSIZE 5000.0
NODATA_VALUE -9999
[rows 102 to 135 of 249, columns 77 to 153 of 192]
4.429 4.508 6.654 7.393 -9999 -9999 6.072 -9999 -9999 6.345 3.812 3.618 5.344 4.272 1.893 3.619 2.561 2.577 2.767 3.271 5.116 4.275 3.315 2.363 3.06 4.186 3.508 3.818 5.097 5.986 6.423 6.274 5.769 5.047 6.035 6.314 6.39 6.613 6.626 6.712 -9999 -9999 -9999 -9999 -9999 -9999 -9999 -9999 -9999 -9999 -9999 -9999 -9999 -9999 -9999 -9999 -9999 -9999 -9999 -9999 -9999 -9999 -9999 -9999 -9999 -9999 -9999 -9999 -9999 -9999 -9999 -9999 -9999 -9999 -9999 -9999 -9999
4.776 6.227 -9999 -9999 -9999 6.792 5.608 6.088 5.657 5.506 4.612 6.597 6.025 4.11 3.857 4.242 4.344 4.288 4.15 4.148 3.211 4.236 3.43 3.718 3.528 3.207 3.927 4.78 5.699 6.346 6.496 6.149 5.435 6.137 6.72 -9999 -9999 6.872 -9999 -9999 -9999 -9999 -9999 -9999 -9999 -9999 -9999 -9999 -9999 -9999 -9999 -9999 -9999 -9999 -9999 -9999 -9999 -9999 -9999 -9999 -9999 -9999 -9999 -9999 -9999 -9999 -9999 -9999 -9999 -9999 -9999 -9999 -9999 -9999 -9999 -9999 -9999
-9999 6.208 -9999 -9999 -9999 6.521 5.573 5.387 5.316 5.728 6.438 5.669 4.333 3.93 4.365 4.735 4.266 3.8 4.406 3.848 5.229 4.366 4.131 4.973 5.47 5.741 5.601 6.071 6.393 6.431 6.514 6.471 6.369 6.773 -9999 6.585 6.696 6.676 6.716 -9999 -9999 -9999 -9999 -9999 -9999 -9999 -9999 -9999 -9999 -9999 -9999 -9999 -9999 -9999 -9999 -9999 -9999 -9999 -9999 -9999 -9999 -9999 -9999 -9999 -9999 -9999 -9999 -9999 -9999 -9999 -9999 -9999 -9999 -9999 -9999 -9999 -9999
-9999 -9999 -9999 7.01 6.56 5.599 5.58 5.121 5.542 5.227 4.303 3.821 3.717 4.737 4.515 5.099 3.665 4.909 3.418 5.074 3.908 2.989 4.987 5.735 5.54 5.855 6.381 6.436 6.706 6.804 6.781 6.828 -9999 6.569 6.454 6.633 6.571 6.785 6.614 -9999 -9999 -9999 -9999 -9999 -9999 -9999 -9999 -9999 -9999 -9999 -9999 -9999 -9999 -9999 -9999 -9999 -9999 -9999 -9999 -9999 -9999 -9999 -9999 -9999 -9999 -9999 -9999 -9999 -9999 -9999 -9999 -9999 -9999 -9999 -9999 -9999 -9999
-9999 -9999 -9999 6.77 7.026 6.407 5.323 5.471 5.833 4.525 5.414 5.284 4.729 3.773 5.223 5.289 4.351 3.597 4.422 4.474 3.196 4.297 4.243 3.958 5.058 5.641 5.787 6.104 6.309 6.085 5.962 5.757 5.866 6.286 6.612 6.492 6.27 6.458 6.37 6.52 -9999 -9999 -9999 -9999 -9999 -9999 -9999 -9999 -9999 -9999 -9999 -9999 -9999 -9999 -9999 -9999 -9999 -9999 -9999 -9999 -9999 -9999 -9999 -9999 -9999 -9999 -9999 -9999 -9999 -9999 -9999 -9999 -9999 -9999 -9999 -9999 -9999
-9999 -9999 6.778 -9999 -9999 6.182 5.395 6.105 5.023 5.472 -9999 -9999 4.214 3.925 4.774 5.319 4.315 4.547 4.841 4.427 4.718 5.592 4.887 5.209 5.607 5.898 5.38 4.812 4.45 4.793 4.976 5.494 5.85 5.978 6.556 6.046 6.097 5.979 6.166 6.394 6.605 -9999 -9999 -9999 -9999 -9999 -9999 -9999 -9999 -9999 -9999 -9999 -9999 -9999 -9999 -9999 -9999 -9999 -9999 -9999 -9999 -9999 -9999 -9999 -9999 -9999 -9999 -9999 -9999 -9999 -9999 -9999 -9999 -9999 -9999 -9999 -9999
-9999 -9999 6.801 -9999 6.721 6.102 6.252 5.041 5.128 6.578 6.724 4.863 4.001 4.863 6.805 4.782 3.46 5.558 5.548 5.043 5.679 5.957 6.094 6.318 6.144 4.907 3.786 3.864 4.587 5.082 5.672 5.911 5.826 6.143 6.284 6.302 6.604 6.815 6.854 6.932 -9999 -9999 -9999 -9999 -9999 -9999 -9999 -9999 -9999 -9999 -9999 -9999 -9999 -9999 -9999 -9999 -9999 -9999 -9999 -9999 -9999 -9999 -9999 -9999 -9999 -9999 -9999 -9999 -9999 -9999 -9999 -9999 -9999 -9999 -9999 -9999 -9999
-9999 -9999 6.825 -9999 6.652 6.83 6.083 5.841 6.51 -9999 5.109 5.339 -9999 5.043 5.11 4.812 5.754 4.518 5.786 6.192 6.616 6.75 6.956 6.969 6.375 5.265 5.796 6.119 6.129 5.872 5.687 5.982 6.048 6.455 6.598 6.798 -9999 -9999 -9999 -9999 -9999 -9999 -9999 -9999 -9999 -9999 -9999 -9999 -9999 -9999 -9999 -9999 -9999 -9999 -9999 -9999 -9999 -9999 -9999 -9999 -9999 -9999 -9999 -9999 -9999 -9999 -9999 -9999 -9999 -9999 -9999 -9999 -9999 -9999 -9999 -9999 -9999
6.675 6.634 -9999 -9999 7.091 6.735 6.25 6.706 6.622 4.735 5.2 4.154 -9999 5.806 4.96 5.623 5.675 5.582 5.809 6.392 6.318 6.179 6.036 6.214 6.705 7.029 6.988 6.773 6.324 5.864 5.802 6.035 6.236 6.48 6.809 -9999 -9999 -9999 -9999 -9999 -9999 -9999 -9999 -9999 -9999 -9999 -9999 -9999 -9999 -9999 -9999 -9999 -9999 -9999 -9999 -9999 -9999 -9999 -9999 -9999 -9999 -9999 -9999 -9999 -9999 -9999 -9999 -9999 -9999 -9999 -9999 -9999 -9999 -9999 -9999 -9999 -9999
6.834 6.859 -9999 7.157 5.858 5.887 6.754 -9999 5.201 5.489 4.347 4.278 -9999 5.524 4.731 5.837 6.721 6.574 6.72 6.453 6.084 5.67 5.012 5.569 6.531 6.98 -9999 7.015 6.643 6.447 6.397 6.267 6.002 6.437 -9999 -9999 -9999 -9999 -9999 -9999 -9999 -9999 -9999 -9999 -9999 -9999 -9999 -9999 -9999 -9999 -9999 -9999 -9999 -9999 -9999 -9999 -9999 -9999 -9999 -9999 -9999 -9999 -9999 -9999 -9999 -9999 -9999 -9999 -9999 -9999 -9999 -9999 -9999 -9999 -9999 -9999 -9999
7.229 -9999 -9999 6.576 5.283 6.241 -9999 6.051 5.667 5.424 4.8 5.349 -9999 6.459 6.315 6.644 6.816 6.657 6.443 6.045 4.349 4.265 4.561 5.289 6.394 7.109 7.247 7.322 -9999 -9999 6.951 6.659 -9999 -9999 -9999 -9999 -9999 -9999 6.987 7.016 7.144 -9999 -9999 -9999 -9999 -9999 -9999 -9999 -9999 -9999 -9999 -9999 -9999 -9999 -9999 -9999 -9999 -9999 -9999 -9999 -9999 -9999 -9999 -9999 -9999 -9999 -9999 -9999 -9999 -9999 -9999 -9999 -9999 -9999 -9999 -9999 -9999
-9999 -9999 6.281 5.835 6.596 6.054 -9999 6.107 5.474 6.12 6.144 5.053 -9999 -9999 -9999 6.98 6.488 5.826 5.681 5.404 5.462 5.869 5.913 6.308 6.474 6.523 6.707 6.996 7.096 6.888 6.725 6.957 -9999 -9999 -9999 -9999 -9999 6.775 6.886 6.872 7.137 7.206 -9999 -9999 -9999 -9999 -9999 -9999 -9999 -9999 -9999 -9999 -9999 -9999 -9999 -9999 -9999 -9999 -9999 -9999 -9999 -9999 -9999 -9999 -9999 -9999 -9999 -9999 -9999 -9999 -9999 -9999 -9999 -9999 -9999 -9999 -9999
-9999 -9999 -9999 7.174 5.86 6.335 -9999 6.085 -9999 6.581 5.485 6.448 -9999 6.879 6.321 6.196 -9999 6.39 6.657 6.548 6.694 6.537 6.56 6.401 6.175 6.008 6.211 6.418 6.086 6.128 6.68 6.958 7.042 6.966 7.021 -9999 6.827 6.674 6.73 6.873 6.488 6.176 6.172 7.115 -9999 -9999 -9999 -9999 -9999 -9999 -9999 -9999 -9999 -9999 -9999 -9999 -9999 -9999 -9999 -9999 -9999 -9999 -9999 -9999 -9999 -9999 -9999 -9999 -9999 -9999 -9999 -9999 -9999 -9999 -9999 -9999 -9999
-9999 -9999 -9999 6.228 5.509 6.75 -9999 7.112 -9999 6.707 7.019 -9999 6.747 5.763 5.374 6.251 6.819 7.024 6.981 7.192 6.965 6.632 6.62 6.287 5.738 5.646 5.787 5.902 5.982 6.241 6.509 6.633 6.512 6.302 6.765 6.791 6.3 6.361 6.418 6.241 5.553 5.271 5.165 5.645 6.598 6.796 6.575 -9999 -9999 -9999 -9999 -9999 -9999 -9999 -9999 -9999 -9999 -9999 -9999 -9999 -9999 -9999 -9999 -9999 -9999 -9999 -9999 -9999 -9999 -9999 -9999 -9999 -9999 -9999 -9999 -9999 -9999
-9999 -9999 -9999 6.229 6.844 6.55 6.33 -9999 -9999 7.475 7.323 -9999 6.688 5.209 5.012 6.093 6.564 7.015 7.262 7.206 7.047 7.182 6.952 6.441 5.916 5.369 5.431 5.598 5.807 5.767 5.704 5.63 5.283 5.861 6.555 6.391 6.039 5.898 5.579 4.532 4.39 4.876 4.964 5.439 5.542 6.226 6.575 6.503 -9999 -9999 -9999 -9999 -9999 -9999 -9999 -9999 -9999 -9999 -9999 -9999 -9999 -9999 -9999 -9999 -9999 -9999 -9999 -9999 -9999 -9999 -9999 -9999 -9999 -9999 -9999 -9999 -9999
-9999 -9999 -9999 6.861 6.833 6.063 7.179 -9999 -9999 7.483 7.507 -9999 -9999 5.363 5.541 6.389 6.366 6.28 6.61 6.723 6.832 6.552 6.904 6.832 6.196 5.748 5.344 5.209 5.01 5.064 4.753 4.694 5.237 5.695 5.827 5.73 5.443 5.095 4.519 4.397 4.382 4.81 5.15 5.538 6.139 6.296 6.168 6.394 -9999 -9999 -9999 -9999 -9999 -9999 -9999 -9999 -9999 -9999 -9999 -9999 -9999 -9999 -9999 -9999 -9999 -9999 -9999 -9999 -9999 -9999 -9999 -9999 -9999 -9999 -9999 -9999 -9999
-9999 -9999 -9999 7.216 6.419 6.62 -9999 -9999 -9999 -9999 7.553 -9999 6.889 5.757 6.492 6.704 6.122 5.887 5.805 6.181 6.148 6.211 6.341 6.541 6.48 5.683 5.187 5.122 5.165 4.809 4.569 4.997 5.279 5.195 5.108 4.57 4.675 4.918 5.102 4.987 4.808 5.079 5.37 5.837 6.337 6.361 6.421 6.678 6.525 -9999 -9999 -9999 -9999 -9999 -9999 -9999 -9999 -9999 -9999 -9999 -9999 -9999 -9999 -9999 -9999 -9999 -9999 -9999 -9999 -9999 -9999 -9999 -9999 -9999 -9999 -9999 -9999
-9999 6.581 6.541 6.339 6.673 -9999 -9999 6.164 -9999 -9999 -9999 -9999 7.001 6.631 6.909 6.733 6.408 5.933 5.632 5.537 5.375 5.411 5.802 6.07 6.167 6.085 5.396 5.394 5.281 5.188 5.421 5.355 4.87 4.885 3.919 3.591 4.223 4.762 5.126 5.395 5.304 5.522 5.56 5.951 6.405 6.553 6.646 6.706 6.687 -9999 -9999 -9999 -9999 -9999 -9999 -9999 -9999 -9999 -9999 -9999 -9999 -9999 -9999 -9999 -9999 -9999 -9999 -9999 -9999 -9999 -9999 -9999 -9999 -9999 -9999 -9999 -9999
-9999 -9999 6.133 6.23 6.983 -9999 6.224 5.388 6.132 -9999 -9999 -9999 -9999 7.333 7.228 7.17 6.874 6.477 6.042 5.502 5.375 5.585 5.787 5.852 6.042 5.678 5.791 5.593 5.363 5.182 5.231 4.794 5.424 4.832 4.654 4.5 4.035 4.353 5.227 5.483 5.842 5.95 5.978 6.221 6.512 6.613 6.659 6.484 6.516 6.621 -9999 -9999 -9999 -9999 -9999 -9999 -9999 -9999 -9999 -9999 -9999 -9999 -9999 -9999 -9999 -9999 -9999 -9999 -9999 -9999 -9999 -9999 -9999 -9999 -9999 -9999 -9999
-9999 -9999 6.629 6.365 6.641 -9999 6.677 5.557 6.474 -9999 -9999 -9999 -9999 -9999 7.388 7.345 7.261 7.23 6.705 6.291 5.951 5.522 5.049 5.189 5.514 5.782 5.792 5.481 5.241 5.298 5.078 5.193 5.502 5.214 5.093 5.091 5.47 5.497 5.757 5.851 6.186 6.084 6.312 6.72 6.765 6.752 6.639 6.465 6.099 6.251 6.702 -9999 -9999 -9999 -9999 -9999 -9999 -9999 -9999 -9999 -9999 -9999 -9999 -9999 -9999 -9999 -9999 -9999 -9999 -9999 -9999 -9999 -9999 -9999 -9999 -9999 -9999
-9999 -9999 6.486 6.018 -9999 -9999 7.181 6.224 5.922 6.884 -9999 -9999 -9999 -9999 -9999 7.324 7.098 6.796 6.64 5.9 5.237 4.905 4.564 4.678 5.062 5.475 5.221 5.385 5.277 4.926 4.84 5.231 3.826 4.681 4.496 5.261 4.786 5.344 5.951 5.909 6.201 6.472 6.689 6.565 6.278 6.21 6.365 6.131 6.258 5.634 6.194 6.75 7.054 -9999 -9999 -9999 -9999 -9999 -9999 -9999 -9999 -9999 -9999 -9999 -9999 -9999 -9999 -9999 -9999 -9999 -9999 -9999 -9999 -9999 -9999 -9999 -9999
-9999 -9999 6.194 6.907 -9999 -9999 6.582 5.52 5.713 -9999 -9999 -9999 -9999 -9999 -9999 7.299 6.932 6.7 6.428 5.84 5.534 5.431 5.094 4.975 4.887 4.966 5.05 5.105 4.218 3.6 4.552 3.562 3.066 3.524 4.731 4.617 5.256 6.041 5.68 5.869 6.225 6.246 6.313 6.363 6.171 6.157 5.592 5.27 5.715 5.495 5.443 6.371 6.925 -9999 -9999 -9999 -9999 -9999 -9999 -9999 -9999 -9999 -9999 -9999 -9999 -9999 -9999 -9999 -9999 -9999 -9999 -9999 -9999 -9999 -9999 -9999 -9999
-9999 -9999 6.613 7.516 -9999 -9999 -9999 6.709 6.426 6.6 -9999 -9999 -9999 -9999 -9999 7.347 6.985 6.733 6.527 6.185 5.973 5.295 4.49 4.198 4.689 4.65 5.171 4.972 4.265 4.116 4.609 3.087 3.674 4.412 4.143 4.618 5.649 5.406 5.739 5.758 5.968 6.313 6.131 5.895 5.918 5.528 4.198 4.367 4.776 5.417 5.428 5.907 6.596 -9999 -9999 -9999 -9999 -9999 -9999 -9999 -9999 -9999 -9999 -9999 -9999 -9999 -9999 -9999 -9999 -9999 -9999 -9999 -9999 -9999 -9999 -9999 -9999
-9999 6.195 6.624 7.319 -9999 -9999 -9999 -9999 -9999 -9999 -9999 -9999 -9999 -9999 -9999 7.008 6.65 6.532 6.333 6.078 5.818 5.003 4.537 4.459 4.739 4.901 4.596 4.602 3.822 3.994 3.346 3.025 3.705 4.426 4.16 4.625 4.865 5.411 5.471 5.895 5.905 5.774 5.913 5.599 5.456 4.352 4.09 3.81 4.901 5.7 5.895 6.033 6.41 7.165 -9999 -9999 -9999 -9999 -9999 -9999 -9999 -9999 -9999 -9999 -9999 -9999 -9999 -9999 -9999 -9999 -9999 -9999 -9999 -9999 -9999 -9999 -9999
6.17 6.207 6.273 7.406 -9999 -9999 -9999 -9999 -9999 -9999 -9999 -9999 -9999 7.263 7.082 6.827 6.346 5.817 5.488 5.659 5.635 5.449 5.202 5.559 5.061 4.183 4.278 4.301 4.295 4.627 4.128 3.24 4.628 4.448 4.464 4.638 5.081 5.488 5.917 5.436 5.567 5.716 5.508 5.239 4.492 4.287 4.21 4.27 5.017 6.049 6.26 6.157 6.44 6.876 -9999 -9999 -9999 -9999 -9999 -9999 -9999 -9999 -9999 -9999 -9999 -9999 -9999 -9999 -9999 -9999 -9999 -9999 -9999 -9999 -9999 -9999 -9999
6.18 6.692 7.549 -9999 -9999 -9999 -9999 -9999 -9999 -9999 -9999 -9999 -9999 7.204 7.201 6.786 5.962 5.466 5.504 4.864 4.474 4.549 4.511 4.854 4.968 5.093 4.885 4.409 4.761 5.239 4.847 4.44 3.766 4.327 4.168 4.853 5.237 5.896 5.497 5.346 5.417 5.247 4.749 4.153 3.829 4.258 4.664 5.049 5.614 5.628 5.609 5.932 6.295 6.758 -9999 -9999 -9999 -9999 -9999 -9999 -9999 -9999 -9999 -9999 -9999 -9999 -9999 -9999 -9999 -9999 -9999 -9999 -9999 -9999 -9999 -9999 -9999
-9999 -9999 -9999 -9999 -9999 -9999 -9999 -9999 -9999 -9999 -9999 -9999 -9999 7.165 6.995 6.031 5.824 5.55 5.244 4.292 4.189 3.579 4.005 4.41 4.897 5.131 4.764 3.489 4.12 5.461 5.444 4.078 4.054 4.386 4.518 4.498 5.257 4.824 4.638 4.905 4.489 4.091 3.708 4.471 4.478 4.524 4.733 5.035 5.9 6.062 5.844 5.964 6.453 6.882 -9999 -9999 -9999 -9999 -9999 -9999 -9999 -9999 -9999 -9999 -9999 -9999 -9999 -9999 -9999 -9999 -9999 -9999 -9999 -9999 -9999 -9999 -9999
-9999 -9999 -9999 -9999 -9999 -9999 -9999 -9999 -9999 -9999 -9999 -9999 6.995 6.431 5.688 5.744 5.281 5.448 5.286 5.044 3.957 4.001 3.906 4.3 4.672 5.653 5.163 4.559 4.812 5.377 5.518 5.039 4.831 4.733 4.571 4.616 4.167 4.893 5.129 4.846 4.478 3.36 4.238 4.017 4.35 4.87 4.878 5.073 5.064 5.851 6.238 6.436 6.634 6.878 -9999 -9999 -9999 -9999 -9999 -9999 -9999 -9999 -9999 -9999 -9999 -9999 -9999 -9999 -9999 -9999 -9999 -9999 -9999 -9999 -9999 -9999 -9999
-9999 -9999 -9999 -9999 -9999 -9999 -9999 -9999 -9999 -9999 -9999 -9999 6.425 5.976 5.579 4.675 4.953 5.46 5.33 4.454 5.063 4.558 4.395 4.762 5.271 6.232 6.033 5.428 5.121 5.247 6.006 5.618 5.409 5.289 5.174 4.368 5.314 4.734 5.111 5.067 3.627 4.781 4.302 4.388 4.876 4.959 5.35 5.199 4.873 5.419 6.017 6.316 6.63 6.916 -9999 -9999 -9999 -9999 -9999 -9999 -9999 -9999 -9999 -9999 -9999 -9999 -9999 -9999 -9999 -9999 -9999 -9999 -9999 -9999 -9999 -9999 -9999
-9999 -9999 -9999 -9999 -9999 -9999 -9999 -9999 -9999 -9999 -9999 6.775 6.062 6.093 5.043 5.253 4.913 4.022 4.523 5.097 5.363 4.893 5.098 5.254 5.333 5.769 5.855 5.523 5.542 6.373 6.352 5.94 5.403 5.319 4.568 5.544 5.224 4.757 5.493 4.384 4.239 4.941 5.176 5.378 4.967 5.018 5.149 4.934 5.327 5.723 6.125 6.396 6.636 6.899 7.097 -9999 -9999 -9999 -9999 -9999 -9999 -9999 -9999 -9999 -9999 -9999 -9999 -9999 -9999 -9999 -9999 -9999 -9999 -9999 -9999 -9999 -9999
-9999 -9999 -9999 -9999 -9999 -9999 -9999 -9999 -9999 -9999 6.735 6.411 6.203 6.139 5.912 5.655 4.911 4.93 4.791 4.498 5.761 5.733 5.582 5.297 5.329 5.642 5.973 6.375 6.557 6.253 6.52 6.151 5.666 5.306 5.571 5.885 5.561 5.542 5.737 4.585 4.261 4.617 4.805 4.969 5.077 5.403 5.351 5.095 5.613 5.898 6.115 6.334 6.684 6.909 7.131 -9999 -9999 -9999 -9999 -9999 -9999 -9999 -9999 -9999 -9999 -9999 -9999 -9999 -9999 -9999 -9999 -9999 -9999 -9999 -9999 -9999 -9999
-9999 -9999 -9999 -9999 -9999 -9999 -9999 -9999 -9999 -9999 6.575 5.267 5.996 6.112 6.15 6.28 5.562 4.252 4.421 5.564 5.853 6.143 5.926 5.694 5.509 5.342 6.509 6.865 6.642 6.627 6.222 6.268 5.795 5.904 5.891 6.169 5.944 6.005 5.497 5.147 4.7 4.555 4.788 4.886 5.462 5.827 5.647 5.561 5.581 5.792 6.162 6.558 6.659 6.832 7.075 -9999 -9999 -9999 -9999 -9999 -9999 -9999 -9999 -9999 -9999 -9999 -9999 -9999 -9999 -9999 -9999 -9999 -9999 -9999 -9999 -9999 -9999
-9999 -9999 -9999 -9999 -9999 -9999 -9999 -9999 -9999 6.808 5.503 5.719 5.822 5.967 6.319 6.468 5.525 4.951 5.323 5.408 5.934 6.141 6.252 5.849 5.462 6.169 6.416 6.656 7.024 6.586 6.546 6.357 6.391 6.257 6.318 6.471 6.417 5.955 6.085 5.54 4.752 4.921 4.924 5.123 5.268 5.774 5.903 6.225 5.911 5.914 6.199 6.598 6.828 6.817 6.971 7.291 -9999 -9999 -9999 -9999 -9999 -9999 -9999 -9999 -9999 -9999 -9999 -9999 -9999 -9999 -9999 -9999 -9999 -9999 -9999 -9999 -9999
-9999 -9999 -9999 -9999 -9999 -9999 -9999 -9999 7.043 -9999 6.379 5.838 5.847 6.023 6.459 6.785 6.309 6.202 5.637 5.139 5.776 6.287 6.431 6.363 6.325 6.395 6.458 6.698 6.907 6.662 6.884 6.82 6.756 6.684 6.79 6.86 6.743 6.556 6.253 5.843 5.79 5.456 5.379 5.386 5.719 6.106 6.699 6.157 5.804 6.086 6.323 6.568 6.781 6.935 7.074 7.199 -9999 -9999 -9999 -9999 -9999 -9999 -9999 -9999 -9999 -9999 -9999 -9999 -9999 -9999 -9999 -9999 -9999 -9999 -9999 -9999 -9999
