Validation/Results/raw data/ReClimate_10_2023_1weatherlogisticsltd.asc
NCOLS 192
NROWS 249
XLLCENTER -225160.85627316462
YLLCENTER 29788.11610251502
CELLSIZE 5000.0
NODATA_VALUE -9999
[rows 132 to 164 of 249, columns 74 to 147 of 192]
-9999 -9999 -9999 -9999 -9999 -9999 -9999 -9999 -9999 -9999 -9999 -9999 -9999 103.633 103.502 103.318 103.172 103.089 103.018 102.939 102.869 102.836 102.831 102.786 102.716 102.671 102.627 102.584 102.652 102.857 103.052 103.227 103.392 103.459 103.423 103.622 103.919 104.184 104.394 104.61 104.819 104.879 105.035 105.385 105.689 105.993 106.292 106.55 106.794 107.027 107.249 107.473 107.679 107.873 108.06 108.238 108.403 108.536 -9999 -9999 -9999 -9999 -9999 -9999 -9999 -9999 -9999 -9999 -9999 -9999 -9999 -9999 -9999 -9999
105.385 -9999 -9999 -9999 -9999 -9999 -9999 -9999 -9999 -9999 -9999 -9999 -9999 103.62 103.246 103.177 103.263 103.141 103.055 102.968 102.859 102.916 103.119 102.985 102.736 102.69 102.646 102.628 102.754 102.97 103.179 103.375 103.558 103.623 103.764 104.035 104.314 104.462 104.529 104.723 104.922 105.089 105.339 105.623 105.924 106.212 106.454 106.672 106.887 107.095 107.294 107.469 107.653 107.828 107.994 108.156 108.315 108.473 -9999 -9999 -9999 -9999 -9999 -9999 -9999 -9999 -9999 -9999 -9999 -9999 -9999 -9999 -9999 -9999
105.405 -9999 -9999 -9999 -9999 -9999 -9999 -9999 -9999 -9999 -9999 -9999 103.833 103.344 103.339 103.355 103.339 103.2 103.089 102.95 102.756 102.893 103.013 102.845 102.755 102.709 102.664 102.676 102.838 103.064 103.281 103.484 103.666 103.832 103.976 104.207 104.39 104.517 104.718 104.905 105.103 105.307 105.548 105.818 106.077 106.31 106.5 106.689 106.877 107.061 107.237 107.411 107.582 107.749 107.911 108.069 108.222 108.371 108.534 -9999 -9999 -9999 -9999 -9999 -9999 -9999 -9999 -9999 -9999 -9999 -9999 -9999 -9999 -9999
105.466 -9999 -9999 -9999 -9999 -9999 -9999 -9999 -9999 -9999 -9999 104.185 -9999 103.855 103.776 103.655 103.409 103.255 103.134 102.977 102.916 102.951 102.91 102.836 102.773 102.726 102.681 102.72 102.915 103.149 103.369 103.57 103.762 103.939 104.116 104.3 104.478 104.669 104.852 105.042 105.233 105.414 105.631 105.865 106.091 106.278 106.459 106.639 106.818 106.995 107.17 107.343 107.514 107.68 107.841 107.997 108.145 108.286 108.424 -9999 -9999 -9999 -9999 -9999 -9999 -9999 -9999 -9999 -9999 -9999 -9999 -9999 -9999 -9999
105.518 105.445 -9999 -9999 -9999 -9999 -9999 -9999 -9999 -9999 -9999 104.321 -9999 103.949 103.574 103.438 103.479 103.321 103.179 103.07 103.007 102.949 102.887 102.83 102.79 102.743 102.697 102.76 102.987 103.229 103.453 -9999 -9999 -9999 -9999 -9999 -9999 104.759 104.948 105.109 105.246 105.412 105.632 105.851 106.04 106.22 106.399 106.578 106.755 106.932 107.107 107.281 107.452 107.619 107.781 107.935 108.08 108.215 108.336 108.438 -9999 -9999 -9999 -9999 -9999 -9999 -9999 -9999 -9999 -9999 -9999 -9999 -9999 -9999
105.622 105.547 105.462 -9999 -9999 -9999 -9999 -9999 -9999 -9999 -9999 104.415 104.247 103.957 103.781 103.716 103.549 103.386 103.229 103.107 103.028 102.962 102.905 102.857 102.806 102.752 102.694 102.793 103.059 103.308 103.543 -9999 -9999 -9999 -9999 104.389 104.625 104.807 104.971 105.089 105.22 105.402 105.616 105.804 105.983 106.161 106.339 106.516 106.693 106.87 107.045 107.22 107.393 107.563 107.727 107.883 108.026 108.155 108.271 108.381 -9999 -9999 -9999 -9999 -9999 -9999 -9999 -9999 -9999 -9999 -9999 -9999 -9999 -9999
105.733 105.674 105.558 105.485 -9999 -9999 -9999 -9999 -9999 -9999 -9999 104.513 104.345 104.155 -9999 -9999 103.622 103.453 103.288 103.148 -9999 102.986 102.928 102.873 102.822 102.743 102.653 102.805 103.126 -9999 -9999 -9999 -9999 -9999 104.308 104.416 104.689 104.824 104.946 105.06 105.196 105.384 105.569 105.747 105.923 106.1 106.277 106.454 106.63 106.806 106.983 107.158 107.334 107.507 107.677 107.837 107.981 108.104 108.21 108.305 -9999 -9999 -9999 -9999 -9999 -9999 -9999 -9999 -9999 -9999 -9999 -9999 -9999 -9999
105.747 105.695 105.656 105.577 -9999 -9999 -9999 -9999 -9999 -9999 -9999 -9999 104.45 104.253 -9999 -9999 -9999 103.522 103.35 103.19 103.07 -9999 -9999 102.89 102.836 102.742 102.686 102.853 -9999 -9999 -9999 -9999 -9999 104.305 104.413 104.503 104.303 104.425 104.536 104.747 105.163 105.334 105.509 105.685 105.86 106.037 106.213 106.389 106.564 106.74 106.916 107.093 107.27 107.447 107.623 107.793 107.943 108.059 108.149 108.231 -9999 -9999 -9999 -9999 -9999 -9999 -9999 -9999 -9999 -9999 -9999 -9999 -9999 -9999
105.755 105.744 105.711 -9999 -9999 -9999 -9999 -9999 -9999 -9999 -9999 -9999 -9999 104.356 -9999 -9999 -9999 -9999 103.415 103.238 103.106 -9999 -9999 -9999 102.841 102.797 -9999 -9999 -9999 -9999 -9999 -9999 -9999 104.37 104.509 104.477 104.673 104.853 105.065 104.976 105.097 105.27 105.443 105.618 105.794 105.97 106.145 106.32 106.495 106.67 106.845 107.021 107.198 107.376 107.556 107.737 107.904 108.01 108.079 108.148 -9999 -9999 -9999 -9999 -9999 -9999 -9999 -9999 -9999 -9999 -9999 -9999 -9999 -9999
105.796 105.776 -9999 -9999 -9999 -9999 -9999 -9999 -9999 -9999 -9999 -9999 -9999 104.48 -9999 -9999 -9999 -9999 -9999 103.295 103.144 -9999 -9999 -9999 -9999 -9999 -9999 -9999 -9999 -9999 -9999 -9999 -9999 104.39 104.475 104.505 104.318 104.641 104.825 104.902 105.032 105.2 105.372 105.549 105.725 105.901 106.075 106.248 106.421 106.594 106.767 106.94 107.115 107.29 107.467 107.641 107.8 107.917 107.984 108.05 108.085 -9999 -9999 -9999 -9999 -9999 -9999 -9999 -9999 -9999 -9999 -9999 -9999 -9999
105.822 -9999 105.789 105.778 105.753 105.741 -9999 -9999 -9999 -9999 -9999 -9999 -9999 104.577 -9999 -9999 -9999 -9999 -9999 -9999 -9999 -9999 -9999 -9999 -9999 -9999 -9999 -9999 -9999 -9999 -9999 -9999 104.267 104.359 104.443 104.383 104.471 104.683 104.748 104.83 104.963 105.125 105.299 105.478 105.65 105.821 105.991 106.161 106.33 106.5 106.67 106.827 106.985 107.141 107.297 107.449 107.588 107.699 107.782 107.857 107.937 108.013 -9999 -9999 -9999 -9999 -9999 -9999 -9999 -9999 -9999 -9999 -9999 -9999
105.842 105.83 105.818 105.806 105.794 105.782 -9999 -9999 -9999 -9999 -9999 -9999 -9999 -9999 -9999 -9999 -9999 -9999 -9999 -9999 -9999 -9999 -9999 -9999 -9999 -9999 -9999 -9999 -9999 -9999 -9999 104.005 104.21 104.281 104.405 104.477 104.543 104.607 104.672 104.756 104.888 105.046 105.213 105.383 105.551 105.717 105.882 106.043 106.193 106.335 106.478 106.62 106.763 106.911 107.058 107.202 107.335 107.445 107.537 107.622 107.708 107.801 -9999 -9999 -9999 -9999 -9999 -9999 -9999 -9999 -9999 -9999 -9999 -9999
105.871 105.858 105.845 105.833 -9999 105.81 105.799 -9999 -9999 -9999 -9999 -9999 -9999 -9999 -9999 -9999 -9999 -9999 -9999 -9999 -9999 -9999 -9999 -9999 -9999 -9999 -9999 -9999 -9999 -9999 -9999 103.943 104.152 104.254 104.327 104.396 104.461 104.518 104.574 104.66 104.8 104.959 105.12 105.282 105.444 105.598 105.732 105.858 105.982 106.109 106.24 106.375 106.51 106.649 106.788 106.923 107.052 107.172 107.281 107.382 107.477 107.565 107.64 107.699 -9999 -9999 -9999 -9999 -9999 -9999 -9999 -9999 -9999 -9999
105.899 105.886 105.873 105.861 -9999 -9999 105.827 -9999 -9999 -9999 -9999 -9999 -9999 -9999 -9999 -9999 -9999 -9999 -9999 -9999 -9999 -9999 -9999 -9999 -9999 -9999 -9999 -9999 -9999 -9999 -9999 103.888 104.081 104.162 104.234 104.295 104.351 104.407 104.464 104.557 104.706 104.866 105.023 105.173 105.302 105.415 105.527 105.642 105.76 105.882 106.006 106.131 106.26 106.39 106.52 106.647 106.77 106.889 107.003 107.117 107.23 107.322 107.393 107.458 107.534 107.633 107.679 -9999 -9999 -9999 -9999 -9999 -9999 -9999
105.926 105.913 105.901 105.889 105.877 -9999 105.809 -9999 -9999 -9999 -9999 -9999 -9999 -9999 -9999 -9999 -9999 -9999 -9999 -9999 -9999 -9999 -9999 -9999 -9999 -9999 -9999 -9999 -9999 -9999 103.421 103.771 103.974 104.049 104.113 104.174 104.233 104.291 104.35 104.449 104.603 104.761 104.897 105.002 105.105 105.21 105.318 105.428 105.541 105.656 105.773 105.893 106.013 106.135 106.258 106.379 106.498 106.614 106.729 106.845 106.95 107.047 107.133 107.215 107.294 107.383 107.48 107.583 107.395 -9999 -9999 -9999 -9999 -9999
105.953 105.94 105.928 105.907 -9999 105.794 -9999 -9999 -9999 -9999 -9999 -9999 -9999 -9999 -9999 -9999 -9999 -9999 -9999 -9999 -9999 -9999 -9999 -9999 -9999 -9999 -9999 -9999 -9999 -9999 -9999 103.613 103.839 103.914 103.984 104.049 104.11 104.171 104.231 104.333 104.482 104.604 104.703 104.803 104.903 105.005 105.108 105.214 105.321 105.43 105.542 105.653 105.768 105.884 106.0 106.116 106.232 106.347 106.462 106.571 106.67 106.764 106.863 106.969 107.076 107.175 107.273 107.376 107.483 107.31 -9999 -9999 -9999 -9999
105.98 105.961 105.92 105.848 105.773 105.699 -9999 -9999 -9999 -9999 -9999 -9999 -9999 -9999 -9999 -9999 -9999 -9999 -9999 -9999 -9999 -9999 -9999 -9999 -9999 -9999 -9999 -9999 -9999 -9999 -9999 -9999 103.672 103.767 103.849 103.917 103.982 104.044 104.105 104.195 104.292 104.398 104.5 104.599 104.698 104.797 104.897 104.998 105.1 105.204 105.31 105.417 105.525 105.635 105.746 105.858 105.971 106.085 106.195 106.304 106.407 106.509 106.615 106.727 106.844 106.967 107.079 107.187 107.295 107.405 107.21 -9999 -9999 -9999
106.014 105.922 105.842 105.762 105.682 -9999 -9999 -9999 -9999 -9999 -9999 -9999 -9999 -9999 -9999 -9999 -9999 -9999 -9999 -9999 -9999 -9999 -9999 -9999 -9999 -9999 -9999 -9999 -9999 -9999 -9999 -9999 103.498 103.602 103.695 103.778 103.847 103.909 103.951 103.981 104.075 104.185 104.29 104.391 104.489 104.586 104.683 104.78 104.877 104.976 105.077 105.179 105.281 105.387 105.494 105.602 105.714 105.833 105.947 106.054 106.162 106.271 106.382 106.497 106.616 106.74 106.869 106.992 107.105 107.215 107.317 107.108 -9999 -9999
105.928 105.842 105.757 105.673 105.579 -9999 -9999 -9999 -9999 -9999 -9999 -9999 -9999 -9999 -9999 -9999 -9999 -9999 -9999 -9999 -9999 -9999 -9999 -9999 -9999 -9999 -9999 -9999 -9999 -9999 -9999 -9999 -9999 103.427 103.528 103.619 103.698 103.743 103.728 103.757 103.849 103.966 104.074 104.176 104.274 104.37 104.464 104.558 104.652 104.746 104.842 104.938 105.037 105.138 105.242 105.357 105.478 105.593 105.707 105.817 105.928 106.04 106.154 106.271 106.392 106.517 106.646 106.78 106.91 107.026 107.13 107.216 -9999 -9999
105.85 -9999 -9999 -9999 -9999 -9999 -9999 -9999 -9999 -9999 -9999 -9999 -9999 -9999 -9999 -9999 -9999 -9999 -9999 -9999 -9999 -9999 -9999 -9999 -9999 -9999 -9999 -9999 -9999 -9999 -9999 -9999 -9999 103.246 103.352 103.448 103.511 103.507 103.502 103.527 103.616 103.739 103.851 103.956 104.054 104.149 104.242 104.332 104.423 104.513 104.605 104.696 104.791 104.893 105.009 105.128 105.246 105.362 105.474 105.586 105.699 105.814 105.931 106.05 106.172 106.297 106.426 106.559 106.697 106.832 106.938 107.024 107.11 -9999
105.769 -9999 -9999 -9999 -9999 -9999 -9999 -9999 -9999 -9999 -9999 -9999 -9999 -9999 -9999 -9999 -9999 -9999 -9999 -9999 -9999 -9999 -9999 -9999 -9999 -9999 -9999 -9999 -9999 -9999 -9999 -9999 -9999 -9999 103.172 103.254 103.26 103.265 103.268 103.292 103.373 103.503 103.621 103.728 103.828 103.923 104.014 104.102 104.19 104.276 104.364 104.453 104.553 104.668 104.784 104.903 105.018 105.131 105.245 105.359 105.475 105.592 105.711 105.832 105.956 106.082 106.211 106.343 106.48 106.62 106.741 106.83 106.915 -9999
105.685 -9999 -9999 -9999 -9999 -9999 -9999 -9999 -9999 -9999 -9999 -9999 -9999 -9999 -9999 -9999 -9999 -9999 -9999 -9999 -9999 -9999 -9999 -9999 -9999 -9999 -9999 -9999 -9999 -9999 -9999 -9999 -9999 -9999 102.923 -9999 103.01 103.021 103.03 103.046 -9999 103.259 103.382 103.493 103.595 103.69 103.781 103.867 103.952 104.035 104.119 104.218 104.33 104.445 104.562 104.676 104.789 104.904 105.019 105.136 105.254 105.374 105.495 105.618 105.743 105.869 105.999 106.131 106.267 106.401 106.529 106.634 106.725 106.816
-9999 -9999 -9999 -9999 -9999 -9999 -9999 -9999 -9999 -9999 -9999 -9999 -9999 -9999 -9999 -9999 -9999 -9999 -9999 -9999 -9999 -9999 -9999 -9999 -9999 -9999 -9999 -9999 -9999 -9999 -9999 -9999 -9999 -9999 -9999 102.751 102.763 -9999 -9999 -9999 -9999 103.005 103.135 103.251 103.355 103.452 103.542 103.627 103.709 103.789 103.877 103.995 104.109 104.224 104.337 104.455 104.575 104.696 104.816 104.938 105.059 105.181 105.304 105.426 105.55 105.674 105.8 105.928 106.06 106.188 106.309 106.43 106.535 106.628
-9999 -9999 -9999 -9999 -9999 -9999 -9999 -9999 -9999 -9999 -9999 -9999 -9999 -9999 -9999 -9999 -9999 -9999 -9999 -9999 -9999 -9999 -9999 -9999 -9999 -9999 -9999 -9999 -9999 -9999 -9999 -9999 -9999 -9999 -9999 102.565 102.519 -9999 -9999 -9999 -9999 102.735 102.874 102.994 103.102 103.2 103.29 103.375 103.457 103.545 103.662 103.782 103.904 104.024 104.143 104.264 104.387 104.511 104.635 104.759 104.884 105.008 105.132 105.256 105.379 105.503 105.628 105.754 105.878 105.996 106.106 106.219 106.34 106.443
-9999 -9999 -9999 -9999 -9999 -9999 -9999 -9999 -9999 -9999 -9999 -9999 -9999 -9999 -9999 -9999 -9999 -9999 -9999 -9999 -9999 -9999 -9999 -9999 -9999 -9999 -9999 -9999 -9999 -9999 -9999 -9999 -9999 -9999 -9999 102.481 -9999 -9999 -9999 -9999 102.376 102.467 102.611 102.735 102.844 102.943 103.033 103.116 103.201 103.323 103.459 103.591 103.72 103.844 103.965 104.088 104.211 104.337 104.463 104.59 104.716 104.843 104.968 105.094 105.218 105.343 105.468 105.594 105.713 105.825 105.932 106.041 106.154 106.263
-9999 -9999 -9999 -9999 -9999 -9999 -9999 -9999 -9999 -9999 -9999 -9999 -9999 -9999 -9999 -9999 -9999 -9999 -9999 -9999 -9999 -9999 -9999 -9999 -9999 -9999 -9999 -9999 -9999 -9999 -9999 -9999 -9999 -9999 -9999 -9999 -9999 -9999 -9999 -9999 102.147 102.218 102.35 102.478 102.589 102.687 102.775 102.867 103.003 103.152 103.288 103.417 103.539 103.663 103.787 103.913 104.039 104.167 104.296 104.426 104.555 104.684 104.812 104.939 105.065 105.19 105.316 105.439 105.555 105.663 105.771 105.879 105.99 106.106
-9999 -9999 -9999 -9999 -9999 -9999 -9999 -9999 -9999 -9999 -9999 -9999 -9999 -9999 -9999 -9999 -9999 -9999 -9999 -9999 -9999 -9999 -9999 -9999 -9999 -9999 -9999 -9999 -9999 -9999 -9999 -9999 -9999 -9999 -9999 -9999 -9999 -9999 -9999 -9999 101.943 101.995 102.095 102.225 102.338 102.442 102.555 102.698 102.856 102.998 103.127 103.248 103.363 103.48 103.602 103.731 103.866 104.001 104.135 104.268 104.401 104.532 104.662 104.79 104.918 105.045 105.171 105.29 105.403 105.511 105.618 105.726 105.836 105.95
-9999 -9999 -9999 -9999 -9999 -9999 -9999 -9999 -9999 -9999 -9999 -9999 -9999 -9999 -9999 -9999 -9999 -9999 -9999 -9999 -9999 -9999 -9999 -9999 -9999 -9999 -9999 -9999 -9999 -9999 -9999 -9999 -9999 -9999 -9999 -9999 -9999 -9999 -9999 101.758 101.764 101.785 101.85 101.982 102.11 102.251 102.393 102.565 102.718 102.854 102.977 103.088 103.196 103.305 103.421 103.549 103.687 103.832 103.978 104.118 104.253 104.387 104.519 104.649 104.778 104.906 105.03 105.148 105.259 105.368 105.475 105.583 105.692 105.803
-9999 -9999 -9999 -9999 -9999 -9999 -9999 -9999 -9999 -9999 -9999 -9999 -9999 -9999 -9999 -9999 -9999 -9999 -9999 -9999 -9999 -9999 -9999 -9999 -9999 -9999 -9999 -9999 -9999 -9999 -9999 -9999 -9999 -9999 -9999 -9999 -9999 -9999 -9999 101.591 101.6 101.603 101.658 101.778 101.943 102.093 102.271 102.441 102.589 102.721 102.838 102.944 103.041 103.139 103.249 103.377 103.519 103.667 103.817 103.968 104.112 104.25 104.384 104.516 104.647 104.774 104.896 105.012 105.124 105.233 105.341 105.449 105.556 105.666
-9999 -9999 -9999 -9999 -9999 -9999 -9999 -9999 -9999 -9999 -9999 -9999 -9999 -9999 -9999 -9999 -9999 -9999 -9999 -9999 -9999 -9999 -9999 -9999 -9999 -9999 -9999 -9999 -9999 -9999 -9999 -9999 -9999 -9999 -9999 -9999 -9999 -9999 101.422 101.439 101.449 101.46 101.517 101.626 101.789 101.963 102.157 102.324 102.47 102.597 102.711 102.81 102.901 102.985 103.085 103.218 103.366 103.517 103.668 103.818 103.97 104.118 104.256 104.39 104.522 104.648 104.769 104.885 104.997 105.108 105.216 105.323 105.43 105.538
-9999 -9999 -9999 -9999 -9999 -9999 -9999 -9999 -9999 -9999 -9999 -9999 -9999 -9999 -9999 -9999 -9999 -9999 -9999 -9999 -9999 -9999 -9999 -9999 -9999 -9999 -9999 -9999 -9999 -9999 -9999 -9999 -9999 -9999 -9999 -9999 -9999 -9999 101.28 101.299 101.318 101.371 101.43 101.521 101.653 101.857 102.048 102.214 102.358 102.484 102.596 102.694 102.783 102.864 102.959 103.087 103.236 103.385 103.534 103.682 103.831 103.982 104.132 104.271 104.402 104.528 104.649 104.766 104.88 104.991 105.099 105.206 105.312 105.418
-9999 -9999 -9999 -9999 -9999 -9999 -9999 -9999 -9999 -9999 -9999 -9999 -9999 -9999 -9999 -9999 -9999 -9999 -9999 -9999 -9999 -9999 -9999 -9999 -9999 -9999 -9999 -9999 -9999 -9999 -9999 -9999 -9999 -9999 -9999 -9999 -9999 -9999 101.148 101.177 101.241 101.312 101.369 101.431 101.554 101.755 101.945 102.11 102.254 102.381 102.493 102.593 102.686 102.775 102.872 102.991 103.129 103.271 103.414 103.559 103.705 103.853 104.004 104.154 104.289 104.415 104.537 104.656 104.771 104.883 104.991 105.098 105.203 105.307
-9999 -9999 -9999 -9999 -9999 -9999 -9999 -9999 -9999 -9999 -9999 -9999 -9999 -9999 -9999 -9999 -9999 -9999 -9999 -9999 -9999 -9999 -9999 -9999 -9999 -9999 -9999 -9999 -9999 -9999 -9999 -9999 -9999 -9999 -9999 -9999 -9999 -9999 -9999 101.134 101.188 101.258 101.315 101.373 101.5 101.657 101.846 102.012 102.157 102.285 102.399 102.503 102.6 102.696 102.798 102.911 103.036 103.169 103.305 103.445 103.588 103.733 103.881 104.03 104.178 104.31 104.434 104.554 104.671 104.783 104.892 104.998 -9999 105.204
