Validation/Results/raw data/ReClimate_10_2024_1_Precipitation-Actualsweatherlogisticsltd.asc
NCOLS 192
NROWS 249
XLLCENTER -225160.85627316462
YLLCENTER 29788.11610251431
CELLSIZE 5000.0
NODATA_VALUE -9999
[rows 165 to 197 of 249, columns 74 to 147 of 192]
-9999 -9999 -9999 -9999 -9999 -9999 -9999 -9999 -9999 -9999 -9999 -9999 -9999 -9999 -9999 -9999 -9999 -9999 -9999 -9999 -9999 -9999 -9999 -9999 -9999 -9999 -9999 -9999 -9999 -9999 -9999 -9999 -9999 -9999 -9999 -9999 -9999 -9999 91.269 90.628 97.286 94.668 104.537 119.275 139.541 151.148 156.512 157.49 152.297 157.389 154.257 152.168 140.644 113.649 90.502 83.147 73.28 67.319 64.219 63.797 61.546 65.133 62.509 60.617 60.102 58.265 58.504 58.368 60.992 61.471 63.651 66.793 66.45 62.804
-9999 -9999 -9999 -9999 -9999 -9999 -9999 -9999 -9999 -9999 -9999 -9999 -9999 -9999 -9999 -9999 -9999 -9999 -9999 -9999 -9999 -9999 -9999 -9999 -9999 -9999 -9999 -9999 -9999 -9999 -9999 -9999 -9999 -9999 -9999 -9999 -9999 -9999 90.586 94.473 95.712 99.965 107.877 120.798 133.239 143.062 142.494 137.158 139.789 134.031 139.508 148.506 137.962 124.035 105.954 85.596 72.152 70.195 67.222 67.01 65.486 61.021 62.399 58.239 58.545 57.066 57.687 58.146 57.83 62.253 61.926 58.838 62.651 64.572
-9999 -9999 -9999 -9999 -9999 -9999 -9999 -9999 -9999 -9999 -9999 -9999 -9999 -9999 -9999 -9999 -9999 -9999 -9999 -9999 -9999 -9999 -9999 -9999 -9999 -9999 -9999 -9999 -9999 -9999 -9999 -9999 -9999 -9999 -9999 -9999 -9999 89.502 88.95 93.337 99.784 103.935 102.157 114.304 124.805 124.778 121.015 117.739 117.903 117.979 129.208 144.322 157.514 144.045 127.987 113.839 86.358 67.29 64.624 68.853 69.272 62.188 58.616 56.667 55.407 55.436 56.172 58.337 59.678 60.392 63.015 63.615 62.794 63.857
-9999 -9999 -9999 -9999 -9999 -9999 -9999 -9999 -9999 -9999 -9999 -9999 -9999 -9999 -9999 -9999 -9999 -9999 -9999 -9999 -9999 -9999 -9999 -9999 -9999 -9999 -9999 -9999 -9999 -9999 -9999 -9999 -9999 -9999 -9999 -9999 -9999 87.229 88.274 95.461 101.453 98.392 106.885 105.46 108.255 104.301 103.578 104.769 103.329 108.127 119.668 134.443 159.657 173.969 155.119 130.608 107.788 82.474 70.04 61.235 61.229 60.655 59.064 56.345 55.672 55.075 55.255 55.819 59.407 61.514 61.114 63.243 65.101 66.043
-9999 -9999 -9999 -9999 -9999 -9999 -9999 -9999 -9999 -9999 -9999 -9999 -9999 -9999 -9999 -9999 -9999 -9999 -9999 -9999 -9999 -9999 -9999 -9999 -9999 -9999 -9999 -9999 -9999 -9999 -9999 -9999 -9999 -9999 -9999 -9999 -9999 -9999 92.313 94.686 93.596 98.605 96.617 96.187 91.073 90.224 91.711 90.931 91.823 94.774 105.805 121.315 141.21 168.402 172.851 152.605 120.56 95.996 75.302 68.26 59.519 59.67 60.456 57.912 55.164 57.077 56.713 56.568 57.874 61.264 60.629 61.522 64.712 65.063
-9999 -9999 -9999 -9999 -9999 -9999 -9999 -9999 -9999 -9999 -9999 -9999 -9999 -9999 -9999 -9999 -9999 -9999 126.949 119.764 -9999 -9999 -9999 -9999 -9999 -9999 -9999 -9999 -9999 -9999 -9999 -9999 -9999 -9999 -9999 -9999 -9999 87.422 84.287 88.601 93.262 95.884 91.333 85.955 81.326 82.956 83.409 84.863 85.431 90.111 99.317 122.029 133.072 154.565 158.871 150.862 134.223 99.21 81.487 69.341 67.831 66.788 64.324 62.11 58.894 54.641 58.181 56.711 58.542 61.258 61.074 59.847 61.982 66.075
-9999 -9999 -9999 -9999 -9999 -9999 -9999 -9999 -9999 -9999 -9999 -9999 -9999 -9999 -9999 -9999 -9999 -9999 126.621 124.275 119.642 -9999 -9999 -9999 -9999 -9999 -9999 -9999 -9999 -9999 -9999 -9999 -9999 -9999 -9999 -9999 78.851 79.405 83.246 89.527 92.948 87.11 85.267 81.667 79.094 80.148 82.451 84.207 85.272 85.766 96.02 111.977 134.916 155.54 152.666 132.168 121.252 104.274 81.106 71.298 64.978 68.195 66.145 60.672 60.31 56.131 56.603 59.223 57.687 58.936 61.202 60.238 61.224 63.702
-9999 -9999 -9999 -9999 -9999 -9999 -9999 -9999 -9999 -9999 -9999 -9999 -9999 -9999 -9999 -9999 -9999 118.835 124.844 129.308 126.658 122.014 -9999 -9999 -9999 -9999 -9999 -9999 -9999 -9999 -9999 -9999 -9999 85.001 -9999 -9999 77.618 82.268 82.208 83.394 82.593 -9999 83.73 80.474 82.489 84.134 83.054 81.239 82.068 83.714 90.577 108.624 116.239 138.799 134.656 116.035 113.441 96.289 88.309 75.994 67.166 65.401 64.313 61.722 60.569 58.084 55.936 57.121 56.865 56.614 60.902 62.526 60.588 62.356
-9999 -9999 -9999 -9999 -9999 -9999 -9999 -9999 -9999 -9999 -9999 -9999 -9999 -9999 -9999 -9999 -9999 111.546 120.69 129.818 130.424 126.599 119.563 121.19 -9999 -9999 -9999 118.92 101.014 -9999 92.601 88.26 82.396 87.753 85.423 -9999 -9999 77.192 77.165 -9999 -9999 79.323 79.036 78.323 80.358 81.075 79.208 82.019 82.824 87.282 97.311 119.611 124.793 125.868 115.176 110.828 110.297 98.365 80.89 76.169 70.982 69.784 64.212 62.176 59.363 60.017 58.969 57.663 56.824 56.915 59.273 62.139 59.947 61.254
-9999 -9999 -9999 -9999 -9999 -9999 -9999 -9999 -9999 -9999 -9999 -9999 -9999 -9999 -9999 -9999 -9999 -9999 120.205 130.802 132.594 130.331 128.451 -9999 -9999 174.764 172.13 132.436 123.497 118.272 112.777 94.926 92.131 84.485 89.333 89.613 -9999 75.605 74.43 75.979 76.023 77.976 78.853 80.78 80.288 78.117 77.884 79.1 86.726 87.63 94.836 128.048 135.076 125.875 113.706 102.267 104.693 93.959 84.279 75.292 70.985 69.552 64.772 62.002 60.574 59.692 59.65 57.403 56.15 57.836 61.239 61.759 59.434 59.265
-9999 -9999 -9999 -9999 -9999 -9999 -9999 -9999 -9999 -9999 -9999 -9999 -9999 -9999 -9999 -9999 -9999 -9999 121.841 130.699 130.559 138.449 146.515 175.119 201.651 236.659 200.708 160.443 141.029 128.135 120.983 108.079 91.386 92.534 98.644 85.64 88.889 80.158 76.531 73.981 74.727 76.716 82.707 86.423 78.871 77.433 73.986 77.487 81.962 84.185 109.043 129.947 139.508 127.491 120.29 105.258 97.91 101.263 90.696 79.128 74.161 70.25 64.231 63.028 61.004 59.507 59.482 55.852 55.636 57.269 59.967 61.604 58.757 57.688
-9999 -9999 -9999 -9999 -9999 -9999 -9999 -9999 -9999 -9999 -9999 -9999 -9999 -9999 -9999 -9999 -9999 -9999 -9999 135.716 139.8 151.58 204.538 240.024 279.299 288.195 252.045 189.118 160.168 145.842 137.592 112.039 107.555 99.361 87.812 102.745 89.961 82.011 76.908 74.542 75.579 75.268 80.135 77.113 73.79 69.447 71.506 74.382 77.531 89.626 106.683 119.862 125.396 116.299 116.1 110.531 92.754 94.14 95.497 81.454 78.32 74.265 68.7 65.079 62.584 60.551 59.008 56.341 55.494 56.931 59.259 60.079 57.145 55.902
-9999 -9999 -9999 -9999 -9999 -9999 -9999 -9999 -9999 -9999 -9999 -9999 -9999 -9999 -9999 -9999 -9999 -9999 -9999 -9999 -9999 186.041 250.961 299.983 360.165 330.296 255.906 187.244 165.996 176.008 155.919 145.108 117.906 102.0 96.857 97.835 101.489 94.006 86.178 73.621 71.017 71.653 74.606 73.692 69.963 68.556 70.103 72.38 75.665 89.368 103.123 102.957 114.863 118.544 117.056 116.426 100.875 90.986 90.59 82.166 78.895 79.716 73.166 67.974 62.954 59.594 58.858 54.815 54.847 54.742 54.032 56.888 56.199 55.004
-9999 -9999 -9999 -9999 -9999 -9999 -9999 -9999 -9999 -9999 -9999 -9999 -9999 -9999 -9999 -9999 -9999 -9999 -9999 -9999 166.107 220.495 277.914 363.269 388.959 321.761 239.787 203.81 177.981 178.134 165.561 143.878 137.414 115.043 105.947 118.607 112.217 100.636 80.06 75.22 71.783 72.597 74.793 73.831 72.8 69.387 69.819 71.495 80.318 91.123 93.896 98.487 106.502 109.699 116.684 108.488 100.325 95.204 84.863 77.953 76.681 76.766 75.762 67.458 65.044 59.383 56.35 54.507 54.26 54.225 57.57 56.191 55.889 54.62
-9999 -9999 -9999 -9999 -9999 -9999 -9999 -9999 -9999 -9999 -9999 -9999 -9999 -9999 -9999 -9999 -9999 -9999 -9999 156.959 221.424 238.964 294.053 324.375 306.684 300.184 270.609 232.445 217.467 196.58 162.129 146.689 133.105 117.907 125.518 129.934 117.449 101.532 83.624 73.67 68.827 74.421 73.394 72.879 71.086 69.45 70.235 77.209 82.252 84.927 91.915 96.716 104.877 111.867 99.883 100.84 90.086 88.008 85.164 74.123 72.47 72.965 72.129 67.811 60.817 60.31 55.883 54.196 54.5 53.647 54.92 57.379 54.409 55.588
-9999 -9999 -9999 -9999 -9999 -9999 -9999 -9999 -9999 -9999 -9999 -9999 -9999 -9999 -9999 -9999 -9999 -9999 143.623 183.981 188.085 209.749 222.934 233.055 237.932 264.364 292.18 261.11 236.31 203.816 168.614 156.295 129.472 128.243 123.863 112.05 108.93 95.595 83.851 74.039 71.899 75.468 75.484 73.673 70.577 71.002 76.409 79.361 80.214 82.125 89.561 93.027 92.187 95.856 93.982 85.79 83.944 81.125 77.826 72.648 67.449 68.435 66.856 63.932 59.905 55.597 52.615 50.025 52.871 53.876 53.681 57.014 54.071 54.87
-9999 -9999 -9999 -9999 -9999 -9999 -9999 -9999 -9999 -9999 -9999 -9999 -9999 -9999 -9999 -9999 134.847 136.624 141.191 155.089 158.245 154.085 170.545 170.796 192.721 242.605 252.507 255.826 254.886 191.237 162.847 144.523 136.319 150.265 143.23 128.607 109.796 99.933 87.815 75.289 74.142 76.443 77.11 73.191 71.79 73.72 77.074 81.025 75.751 83.188 88.97 87.77 85.382 84.889 79.17 77.726 74.993 73.955 70.656 68.045 67.093 62.519 60.945 57.55 56.553 53.797 50.868 50.537 52.781 55.497 56.612 58.396 55.933 53.361
-9999 -9999 -9999 -9999 -9999 -9999 -9999 -9999 -9999 -9999 -9999 -9999 -9999 -9999 -9999 137.693 137.936 135.814 137.274 -9999 -9999 -9999 -9999 170.697 205.808 247.693 250.32 254.45 218.821 193.907 191.829 174.708 176.511 194.734 167.55 134.365 115.338 97.278 81.257 74.923 73.095 71.575 72.769 71.882 70.96 72.987 74.036 76.53 76.291 79.436 80.934 79.807 80.175 77.434 73.639 73.009 67.02 63.7 61.404 60.915 62.598 61.318 57.188 54.66 55.113 55.067 53.859 54.982 56.787 58.095 59.578 60.333 58.352 55.991
-9999 -9999 -9999 -9999 -9999 -9999 -9999 -9999 -9999 -9999 -9999 -9999 -9999 -9999 -9999 138.16 141.298 128.304 -9999 -9999 -9999 -9999 -9999 171.409 216.074 257.368 237.194 246.228 241.651 236.234 237.217 211.819 196.422 186.516 141.152 123.565 107.415 89.575 78.708 74.305 70.723 72.115 73.544 70.636 68.824 68.795 70.267 70.208 75.383 72.807 74.266 74.999 75.253 76.318 74.12 70.354 66.173 61.227 61.148 60.756 59.212 59.04 55.215 56.533 59.116 59.023 60.872 62.392 63.184 62.718 62.825 64.882 60.611 56.396
-9999 -9999 -9999 -9999 -9999 -9999 -9999 -9999 -9999 -9999 -9999 -9999 -9999 -9999 -9999 -9999 -9999 123.078 -9999 -9999 -9999 -9999 -9999 178.323 214.84 215.812 225.55 245.63 246.169 271.226 254.118 202.386 195.564 162.425 134.614 115.704 96.83 83.779 74.252 73.54 69.632 69.717 67.603 65.368 67.697 65.63 67.974 74.546 71.207 70.008 71.614 72.599 71.817 70.249 71.043 69.612 66.932 67.97 65.662 62.559 60.148 58.598 61.972 58.35 61.261 62.903 61.02 63.176 65.02 64.006 62.445 63.885 63.139 58.011
-9999 -9999 -9999 -9999 -9999 -9999 -9999 -9999 -9999 -9999 -9999 -9999 -9999 -9999 -9999 -9999 -9999 -9999 -9999 -9999 -9999 -9999 -9999 176.34 194.659 190.333 226.719 244.569 276.509 272.27 246.812 214.772 178.326 144.663 125.468 105.069 87.225 74.07 71.195 71.615 67.898 66.246 63.961 63.762 63.291 63.867 68.327 68.624 69.425 69.993 69.067 74.407 69.99 65.567 65.381 66.395 64.995 66.912 68.478 65.718 66.138 67.472 63.08 61.598 57.881 58.653 60.314 61.138 63.501 65.74 62.771 61.114 60.634 58.171
-9999 -9999 -9999 -9999 -9999 -9999 -9999 -9999 -9999 -9999 -9999 -9999 -9999 -9999 -9999 -9999 -9999 -9999 -9999 -9999 -9999 -9999 -9999 -9999 188.46 242.22 269.536 280.085 268.192 248.253 223.536 192.195 158.272 130.418 106.868 100.825 83.433 72.856 75.94 70.914 68.379 64.852 62.0 62.191 63.44 64.676 69.429 68.144 70.635 68.809 69.273 73.232 70.887 60.669 60.809 62.237 62.294 65.048 67.865 67.923 72.848 74.096 66.881 59.68 59.559 60.679 62.64 65.277 65.492 65.443 63.467 61.469 59.347 58.398
-9999 -9999 -9999 -9999 -9999 -9999 -9999 -9999 -9999 -9999 -9999 -9999 -9999 -9999 -9999 -9999 -9999 -9999 -9999 -9999 -9999 -9999 -9999 166.738 204.144 256.91 281.22 269.686 237.377 218.197 202.192 181.834 158.892 119.088 106.766 98.071 84.703 93.371 76.586 68.75 64.361 66.958 60.645 66.09 70.142 72.354 69.73 67.986 68.881 68.175 69.965 70.867 68.793 64.126 60.236 61.154 60.123 60.492 64.628 65.534 68.182 70.984 65.74 61.222 61.505 63.707 66.713 69.504 68.64 65.761 62.782 62.181 59.947 57.702
-9999 -9999 -9999 -9999 -9999 -9999 -9999 -9999 -9999 -9999 -9999 -9999 -9999 -9999 -9999 -9999 -9999 -9999 -9999 -9999 -9999 -9999 -9999 155.243 196.237 243.027 224.279 212.583 194.56 196.347 195.105 180.651 141.731 114.423 105.51 90.662 89.329 83.149 81.626 79.184 79.411 70.864 66.899 66.594 69.598 72.521 69.342 67.958 69.616 70.965 72.113 70.054 68.381 68.162 64.892 61.955 59.708 59.681 60.765 64.967 66.898 68.703 63.494 61.862 62.552 68.903 68.423 69.777 70.164 66.01 63.152 60.196 57.95 58.172
-9999 -9999 -9999 -9999 -9999 -9999 -9999 -9999 -9999 -9999 -9999 -9999 -9999 -9999 -9999 -9999 -9999 -9999 -9999 -9999 -9999 -9999 -9999 144.369 175.743 177.016 200.177 192.96 199.518 199.08 195.322 164.525 140.069 113.197 98.685 86.342 83.824 85.929 89.206 96.499 96.899 82.727 77.306 71.24 72.512 72.56 67.051 67.605 68.293 69.676 73.527 72.909 72.085 71.954 68.957 63.533 64.334 61.235 61.692 64.19 62.538 62.593 62.245 62.491 64.445 66.782 69.965 66.63 64.197 62.759 63.016 63.955 58.525 54.43
-9999 -9999 -9999 -9999 -9999 -9999 -9999 -9999 -9999 -9999 -9999 -9999 -9999 -9999 -9999 -9999 -9999 -9999 -9999 -9999 -9999 -9999 -9999 -9999 150.988 189.733 213.902 236.67 238.686 208.159 179.932 145.733 110.994 101.194 92.816 88.066 83.663 81.8 90.974 97.68 98.386 86.314 74.921 70.08 78.32 75.575 68.554 69.504 67.891 70.797 74.189 71.355 69.351 71.023 68.612 66.349 67.127 69.555 64.009 64.259 63.61 59.838 61.548 62.566 63.185 63.824 63.238 64.188 62.467 60.845 62.557 62.114 60.302 56.432
-9999 -9999 -9999 -9999 -9999 -9999 -9999 -9999 -9999 -9999 -9999 -9999 -9999 -9999 -9999 -9999 -9999 -9999 -9999 -9999 -9999 -9999 -9999 -9999 161.028 195.306 233.367 280.112 285.893 231.415 181.05 130.836 111.599 108.787 110.448 108.238 101.011 90.29 81.541 93.601 92.611 83.725 81.348 86.224 83.472 77.268 74.665 73.338 70.772 72.934 73.972 74.789 72.102 70.116 68.805 67.243 68.786 70.38 68.341 65.747 67.342 66.539 65.587 65.232 63.797 62.913 67.646 65.728 65.17 62.144 64.498 63.715 60.295 58.149
-9999 -9999 -9999 -9999 -9999 -9999 -9999 -9999 -9999 -9999 -9999 -9999 -9999 -9999 -9999 -9999 -9999 -9999 -9999 -9999 -9999 -9999 -9999 139.834 148.497 195.375 247.708 281.823 264.394 226.392 169.083 153.191 152.404 138.803 136.368 119.224 101.283 89.638 93.184 95.117 84.853 88.007 92.733 89.366 87.56 79.206 73.433 74.142 71.28 75.129 78.237 76.576 79.126 74.671 71.818 68.486 69.639 70.138 68.445 67.275 67.079 65.88 67.815 68.392 66.649 65.137 66.158 65.884 63.798 65.217 65.526 63.048 61.183 58.945
-9999 -9999 -9999 -9999 -9999 -9999 -9999 -9999 -9999 -9999 -9999 -9999 -9999 -9999 -9999 -9999 -9999 -9999 -9999 -9999 -9999 -9999 -9999 136.323 157.052 189.598 216.465 254.199 266.188 220.358 181.203 152.233 142.109 150.3 138.112 126.08 113.019 111.796 101.459 87.138 90.225 85.742 87.19 86.761 91.667 75.495 74.395 73.072 71.965 73.708 75.882 86.701 80.566 79.813 74.214 73.77 70.323 70.351 67.565 65.297 61.014 62.139 64.353 68.086 71.556 70.104 69.0 67.255 63.167 63.362 62.712 62.085 61.586 61.973
-9999 -9999 -9999 -9999 -9999 -9999 -9999 -9999 -9999 -9999 -9999 -9999 -9999 -9999 -9999 -9999 -9999 -9999 -9999 -9999 -9999 -9999 -9999 142.602 154.356 169.045 210.135 247.594 256.795 231.619 176.26 144.493 149.764 142.604 130.51 127.613 128.116 113.692 94.864 91.428 82.761 92.996 80.569 85.233 79.353 74.219 74.068 67.307 65.359 68.559 78.169 76.795 81.415 80.639 76.735 73.414 73.276 69.315 66.25 64.265 64.0 60.725 61.39 65.802 69.014 69.682 66.175 68.293 65.042 63.206 61.962 60.629 61.416 59.398
-9999 -9999 -9999 -9999 -9999 -9999 -9999 -9999 -9999 -9999 -9999 -9999 -9999 -9999 -9999 -9999 -9999 -9999 -9999 -9999 -9999 -9999 139.532 148.116 164.26 177.422 197.517 230.842 235.213 212.28 162.066 142.486 130.588 120.076 120.173 133.542 118.648 107.893 104.362 88.575 85.397 78.113 74.625 75.417 75.794 78.26 68.313 65.939 68.59 67.797 70.472 75.322 75.238 77.577 75.079 72.182 71.128 69.185 64.171 60.295 61.284 62.056 64.158 65.308 68.718 67.844 66.371 65.748 67.768 61.713 61.901 61.341 61.425 60.948
-9999 -9999 -9999 -9999 -9999 -9999 -9999 -9999 -9999 -9999 -9999 -9999 -9999 -9999 -9999 -9999 -9999 -9999 -9999 -9999 -9999 142.544 143.05 159.02 157.789 164.224 204.25 231.135 236.558 213.173 185.885 147.94 137.865 122.192 123.058 132.061 115.557 110.857 96.18 86.211 80.368 77.413 77.203 82.728 82.161 77.808 79.895 73.959 67.47 66.783 70.047 69.422 72.509 72.752 72.308 70.811 73.152 70.061 63.472 60.993 61.724 63.442 65.27 66.619 67.791 66.892 65.049 63.882 63.035 63.489 64.455 64.499 62.022 62.239
-9999 -9999 -9999 -9999 -9999 -9999 -9999 -9999 -9999 -9999 -9999 -9999 -9999 -9999 -9999 -9999 -9999 -9999 -9999 168.016 157.638 153.753 133.454 148.449 159.015 175.768 214.515 238.176 250.982 228.071 183.967 150.303 118.566 122.166 123.904 132.522 120.826 103.008 93.609 83.038 79.545 75.871 81.056 82.653 76.306 80.68 75.123 70.649 69.306 68.988 68.192 68.123 69.015 69.538 68.989 65.422 63.779 65.485 65.446 65.191 68.689 71.518 70.374 68.759 65.207 64.222 64.893 67.959 64.453 64.436 61.454 64.702 63.367 61.077
