Validation/Results/raw data/ReClimate_06_2024_1_Temperatureweatherlogisticsltd.asc
NCOLS 192
NROWS 249
XLLCENTER -225160.85627316462
YLLCENTER 29788.11610251502
CELLSIZE 5000.0
NODATA_VALUE -9999
[rows 68 to 101 of 249, columns 76 to 151 of 192]
-9999 -9999 -9999 -9999 -9999 -9999 -9999 -9999 -9999 -9999 -0.056 -0.064 -0.067 -0.089 -0.115 -0.107 -0.093 -0.101 -0.108 -0.115 -0.12 -0.128 -0.135 -0.15 -0.167 -0.18 -0.195 -0.206 -9999 -9999 -9999 -9999 -9999 -9999 -9999 -9999 -9999 -9999 -9999 -9999 -9999 -9999 -9999 -9999 -9999 -9999 -9999 -9999 -9999 -9999 -9999 -9999 -9999 -9999 -9999 -9999 -9999 -9999 -9999 -9999 -9999 -9999 -9999 -9999 -9999 -9999 -9999 -9999 -9999 -9999 -9999 -9999 -9999 -9999 -9999 -9999
-9999 -9999 -9999 -9999 -9999 -9999 -9999 -9999 -9999 -9999 -9999 -9999 -0.064 -0.085 -0.101 -0.1 -0.109 -0.116 -0.12 -0.128 -0.141 -0.146 -0.148 -0.165 -0.189 -0.197 -9999 -9999 -9999 -9999 -9999 -9999 -9999 -9999 -9999 -9999 -9999 -9999 -9999 -9999 -9999 -9999 -9999 -9999 -9999 -9999 -9999 -9999 -9999 -9999 -9999 -9999 -9999 -9999 -9999 -9999 -9999 -9999 -9999 -9999 -9999 -9999 -9999 -9999 -9999 -9999 -9999 -9999 -9999 -9999 -9999 -9999 -9999 -9999 -9999 -9999
-9999 -9999 -9999 -9999 -9999 -9999 -0.031 -9999 -9999 -0.049 -0.064 -0.071 -0.077 -0.093 -0.107 -0.118 -0.127 -0.132 -0.135 -0.147 -0.16 -0.162 -0.164 -0.183 -0.207 -0.207 -9999 -9999 -9999 -9999 -9999 -9999 -9999 -9999 -9999 -9999 -9999 -9999 -9999 -9999 -9999 -9999 -9999 -9999 -9999 -9999 -9999 -9999 -9999 -9999 -9999 -9999 -9999 -9999 -9999 -9999 -9999 -9999 -9999 -9999 -9999 -9999 -9999 -9999 -9999 -9999 -9999 -9999 -9999 -9999 -9999 -9999 -9999 -9999 -9999 -9999
-9999 -9999 -9999 -9999 -0.047 -0.043 -0.03 -0.034 -0.038 -0.043 -0.056 -0.067 -0.078 -0.095 -0.115 -0.124 -0.131 -0.139 -0.155 -0.159 -0.148 -0.159 -0.187 -0.202 -0.211 -0.215 -9999 -9999 -9999 -9999 -9999 -9999 -9999 -9999 -9999 -9999 -9999 -9999 -9999 -9999 -9999 -9999 -9999 -9999 -9999 -9999 -9999 -9999 -9999 -9999 -9999 -9999 -9999 -9999 -9999 -9999 -9999 -9999 -9999 -9999 -9999 -9999 -9999 -9999 -9999 -9999 -9999 -9999 -9999 -9999 -9999 -9999 -9999 -9999 -9999 -9999
-9999 -9999 -9999 -9999 -0.071 -0.048 -9999 -0.042 -0.047 -0.055 -0.069 -0.082 -0.091 -0.111 -0.13 -0.138 -0.144 -0.159 -0.173 -0.165 -0.154 -0.178 -0.205 -0.213 -0.222 -9999 -0.249 -9999 -9999 -9999 -9999 -9999 -9999 -9999 -9999 -9999 -9999 -9999 -9999 -9999 -9999 -9999 -9999 -9999 -9999 -9999 -9999 -9999 -9999 -9999 -9999 -9999 -9999 -9999 -9999 -9999 -9999 -9999 -9999 -9999 -9999 -9999 -9999 -9999 -9999 -9999 -9999 -9999 -9999 -9999 -9999 -9999 -9999 -9999 -9999 -9999
-9999 -9999 -9999 -9999 -9999 -0.065 -0.064 -0.065 -0.066 -0.083 -0.102 -0.114 -0.127 -0.139 -0.137 -0.145 -0.155 -0.169 -0.184 -0.183 -0.192 -0.207 -0.21 -0.218 -0.228 -0.237 -0.25 -9999 -9999 -9999 -9999 -9999 -9999 -9999 -9999 -9999 -9999 -9999 -9999 -9999 -9999 -9999 -9999 -9999 -9999 -9999 -9999 -9999 -9999 -9999 -9999 -9999 -9999 -9999 -9999 -9999 -9999 -9999 -9999 -9999 -9999 -9999 -9999 -9999 -9999 -9999 -9999 -9999 -9999 -9999 -9999 -9999 -9999 -9999 -9999 -9999
-9999 -9999 -9999 -9999 -9999 -9999 -0.087 -0.086 -0.097 -0.116 -0.132 -0.146 -0.158 -0.158 -0.155 -0.164 -0.173 -0.186 -0.2 -0.208 -0.217 -0.22 -0.223 -0.231 -0.24 -0.248 -0.256 -9999 -9999 -9999 -9999 -9999 -9999 -9999 -9999 -9999 -9999 -9999 -9999 -9999 -9999 -9999 -9999 -9999 -9999 -9999 -9999 -9999 -9999 -9999 -9999 -9999 -9999 -9999 -9999 -9999 -9999 -9999 -9999 -9999 -9999 -9999 -9999 -9999 -9999 -9999 -9999 -9999 -9999 -9999 -9999 -9999 -9999 -9999 -9999 -9999
-9999 -9999 -9999 -9999 -0.124 -0.117 -0.101 -0.1 -0.111 -0.13 -0.154 -0.169 -0.187 -0.187 -0.184 -0.19 -0.192 -0.203 -0.214 -0.218 -0.218 -0.219 -0.222 -0.231 -9999 -0.256 -9999 -9999 -9999 -9999 -9999 -9999 -0.279 -0.28 -0.278 -9999 -9999 -9999 -9999 -9999 -9999 -9999 -9999 -9999 -9999 -9999 -9999 -9999 -9999 -9999 -9999 -9999 -9999 -9999 -9999 -9999 -9999 -9999 -9999 -9999 -9999 -9999 -9999 -9999 -9999 -9999 -9999 -9999 -9999 -9999 -9999 -9999 -9999 -9999 -9999 -9999
-9999 -9999 -9999 -9999 -9999 -0.134 -0.135 -0.135 -0.134 -0.155 -0.178 -0.195 -0.212 -0.212 -0.209 -0.212 -0.212 -0.221 -0.231 -0.23 -0.229 -0.231 -0.233 -0.245 -0.259 -9999 -9999 -9999 -9999 -0.282 -0.28 -0.284 -0.288 -0.288 -0.287 -0.29 -0.294 -0.297 -0.3 -0.308 -0.316 -0.312 -0.309 -0.303 -0.297 -0.311 -0.324 -0.323 -0.321 -0.319 -0.315 -9999 -9999 -9999 -9999 -9999 -9999 -9999 -9999 -9999 -9999 -9999 -9999 -9999 -9999 -9999 -9999 -9999 -9999 -9999 -9999 -9999 -9999 -9999 -9999 -9999
-9999 -9999 -9999 -0.183 -9999 -0.16 -0.153 -0.152 -0.163 -0.173 -0.188 -0.202 -0.215 -0.219 -0.228 -0.229 -0.231 -0.235 -0.232 -0.233 -0.238 -0.242 -0.251 -0.264 -9999 -9999 -9999 -9999 -0.286 -0.286 -0.311 -0.304 -0.283 -0.281 -0.286 -0.284 -0.285 -0.283 -0.286 -0.288 -0.293 -0.289 -0.294 -0.292 -0.307 -0.309 -0.304 -0.3 -0.3 -0.295 -0.315 -9999 -9999 -9999 -9999 -9999 -9999 -9999 -9999 -9999 -9999 -9999 -9999 -9999 -9999 -9999 -9999 -9999 -9999 -9999 -9999 -9999 -9999 -9999 -9999 -9999
-9999 -9999 -9999 -0.209 -0.197 -0.186 -0.182 -0.188 -0.195 -0.199 -0.209 -0.218 -0.23 -0.239 -0.247 -0.249 -0.25 -0.248 -0.244 -0.248 -0.253 -0.26 -0.27 -9999 -9999 -0.28 -0.266 -0.275 -0.29 -0.308 -0.33 -0.311 -0.29 -0.291 -0.294 -0.291 -0.29 -0.289 -0.29 -0.291 -0.293 -0.294 -0.297 -0.306 -0.319 -0.313 -0.307 -0.304 -0.302 -0.3 -0.301 -0.317 -9999 -9999 -9999 -9999 -9999 -9999 -9999 -9999 -9999 -9999 -9999 -9999 -9999 -9999 -9999 -9999 -9999 -9999 -9999 -9999 -9999 -9999 -9999 -9999
-9999 -0.253 -9999 -0.231 -0.218 -0.21 -0.208 -0.215 -0.226 -0.228 -0.23 -0.232 -0.238 -0.251 -0.274 -0.272 -0.261 -0.259 -0.26 -0.265 -0.273 -0.282 -0.295 -9999 -0.296 -0.283 -0.293 -0.294 -0.289 -0.3 -0.31 -0.297 -0.295 -0.3 -0.312 -0.31 -0.307 -0.305 -0.301 -0.302 -0.308 -0.309 -0.311 -0.313 -0.304 -0.3 -0.304 -0.304 -0.313 -0.308 -0.305 -0.309 -9999 -9999 -9999 -9999 -9999 -9999 -9999 -9999 -9999 -9999 -9999 -9999 -9999 -9999 -9999 -9999 -9999 -9999 -9999 -9999 -9999 -9999 -9999 -9999
-0.302 -9999 -9999 -9999 -0.247 -0.242 -0.239 -0.247 -0.257 -0.256 -0.255 -0.253 -0.255 -0.273 -0.294 -0.286 -0.276 -0.277 -0.278 -0.285 -0.293 -0.304 -0.316 -0.306 -0.298 -0.305 -0.314 -0.306 -0.298 -0.304 -0.311 -0.309 -0.307 -0.316 -0.328 -0.325 -0.322 -0.318 -0.314 -0.317 -0.322 -0.323 -0.325 -0.316 -0.307 -0.309 -0.313 -0.319 -0.328 -0.323 -0.319 -0.323 -9999 -9999 -9999 -9999 -9999 -9999 -9999 -9999 -9999 -9999 -9999 -9999 -9999 -9999 -9999 -9999 -9999 -9999 -9999 -9999 -9999 -9999 -9999 -9999
-9999 -9999 -9999 -9999 -0.28 -0.276 -0.267 -9999 -0.275 -0.274 -0.277 -0.274 -0.275 -0.282 -0.291 -0.286 -0.285 -0.288 -0.291 -0.299 -0.312 -0.318 -0.318 -0.309 -0.311 -0.312 -0.306 -0.3 -0.298 -0.305 -0.321 -0.319 -0.317 -0.318 -0.31 -0.31 -0.321 -0.317 -0.318 -0.326 -0.345 -0.342 -0.332 -0.325 -0.321 -0.321 -0.321 -0.326 -0.332 -0.326 -0.326 -0.342 -9999 -9999 -9999 -9999 -9999 -9999 -9999 -9999 -9999 -9999 -9999 -9999 -9999 -9999 -9999 -9999 -9999 -9999 -9999 -9999 -9999 -9999 -9999 -9999
-9999 -9999 -9999 -0.328 -9999 -9999 -0.297 -0.297 -0.298 -0.299 -0.301 -0.299 -0.297 -0.296 -0.3 -0.3 -0.3 -0.304 -0.307 -0.319 -0.33 -0.33 -0.325 -0.324 -0.324 -0.318 -0.313 -0.309 -0.308 -0.32 -0.335 -0.332 -0.33 -0.322 -0.314 -0.32 -0.329 -0.328 -0.328 -0.343 -0.362 -0.352 -0.343 -0.338 -0.335 -0.333 -0.334 -0.337 -0.343 -0.339 -0.338 -9999 -9999 -9999 -9999 -9999 -9999 -9999 -9999 -9999 -9999 -9999 -9999 -9999 -9999 -9999 -9999 -9999 -9999 -9999 -9999 -9999 -9999 -9999 -9999 -9999
-0.39 -0.382 -9999 -9999 -9999 -0.341 -0.327 -9999 -0.295 -0.301 -0.324 -0.321 -0.32 -0.308 -0.287 -0.288 -0.306 -0.316 -0.337 -0.341 -0.336 -0.331 -0.326 -0.327 -0.332 -0.327 -0.322 -0.318 -0.31 -0.321 -0.336 -0.335 -0.339 -0.333 -0.327 -0.332 -0.335 -0.332 -0.327 -0.334 -0.337 -0.334 -0.347 -0.34 -0.329 -0.329 -0.336 -0.338 -0.342 -0.348 -9999 -9999 -9999 -9999 -9999 -9999 -9999 -9999 -9999 -9999 -9999 -9999 -9999 -9999 -9999 -9999 -9999 -9999 -9999 -9999 -9999 -9999 -9999 -9999 -9999 -9999
-0.418 -0.414 -9999 -0.395 -0.384 -0.372 -0.356 -0.334 -0.311 -0.327 -0.347 -0.344 -0.342 -0.32 -0.295 -0.304 -0.319 -0.337 -0.357 -0.352 -0.343 -0.339 -0.335 -0.339 -0.344 -0.34 -0.335 -0.328 -0.321 -0.332 -0.346 -0.349 -0.353 -0.348 -0.343 -0.344 -0.347 -0.341 -0.336 -0.335 -0.336 -0.345 -0.357 -0.347 -0.337 -0.34 -0.345 -0.347 -0.351 -0.354 -9999 -9999 -9999 -9999 -9999 -9999 -9999 -9999 -9999 -9999 -9999 -9999 -9999 -9999 -9999 -9999 -9999 -9999 -9999 -9999 -9999 -9999 -9999 -9999 -9999 -9999
-0.445 -0.439 -0.427 -0.414 -0.416 -9999 -0.387 -0.374 -0.372 -0.375 -0.359 -0.359 -0.367 -0.346 -0.324 -0.332 -0.346 -0.353 -0.343 -0.343 -0.361 -0.354 -0.337 -0.334 -0.322 -0.325 -0.346 -0.338 -0.328 -0.335 -0.34 -0.343 -0.351 -0.344 -0.337 -0.334 -0.33 -0.326 -0.329 -0.332 -0.344 -0.344 -0.334 -0.329 -0.339 -0.338 -0.335 -0.338 -0.348 -9999 -9999 -9999 -9999 -9999 -9999 -9999 -9999 -9999 -9999 -9999 -9999 -9999 -9999 -9999 -9999 -9999 -9999 -9999 -9999 -9999 -9999 -9999 -9999 -9999 -9999 -9999
-9999 -9999 -0.45 -0.442 -9999 -0.43 -0.415 -0.411 -0.408 -0.393 -0.378 -0.382 -0.39 -0.371 -0.35 -0.357 -0.368 -0.357 -0.342 -0.356 -0.374 -0.36 -0.344 -0.333 -0.321 -0.338 -0.359 -0.35 -0.34 -0.343 -0.347 -0.353 -0.36 -0.353 -0.345 -0.339 -0.333 -0.334 -0.336 -0.344 -0.356 -0.345 -0.335 -0.34 -0.349 -0.344 -0.341 -0.347 -0.358 -9999 -9999 -9999 -9999 -9999 -9999 -9999 -9999 -9999 -9999 -9999 -9999 -9999 -9999 -9999 -9999 -9999 -9999 -9999 -9999 -9999 -9999 -9999 -9999 -9999 -9999 -9999
-9999 -0.49 -0.469 -9999 -0.467 -0.454 -9999 -0.44 -0.421 -0.406 -0.395 -0.397 -0.399 -0.384 -0.375 -0.369 -0.347 -0.34 -0.356 -0.362 -0.357 -0.347 -0.345 -0.338 -0.34 -0.35 -0.352 -0.348 -0.353 -0.356 -0.362 -0.361 -0.35 -0.347 -0.353 -0.345 -0.334 -0.328 -0.316 -0.322 -0.335 -0.329 -0.335 -0.337 -0.34 -0.339 -0.349 -0.355 -0.37 -9999 -9999 -9999 -9999 -9999 -9999 -9999 -9999 -9999 -9999 -9999 -9999 -9999 -9999 -9999 -9999 -9999 -9999 -9999 -9999 -9999 -9999 -9999 -9999 -9999 -9999 -9999
-9999 -0.513 -9999 -9999 -0.491 -0.485 -0.479 -0.46 -0.441 -0.43 -0.419 -0.418 -0.419 -0.41 -0.398 -0.373 -0.347 -0.354 -0.369 -0.364 -0.359 -0.356 -0.353 -0.354 -0.355 -0.356 -0.358 -0.361 -0.366 -0.37 -0.375 -0.366 -0.355 -0.36 -0.366 -0.356 -0.345 -0.332 -0.318 -0.325 -0.336 -0.338 -0.343 -0.342 -0.343 -0.348 -0.356 -0.365 -0.379 -9999 -9999 -9999 -9999 -9999 -9999 -9999 -9999 -9999 -9999 -9999 -9999 -9999 -9999 -9999 -9999 -9999 -9999 -9999 -9999 -9999 -9999 -9999 -9999 -9999 -9999 -9999
-9999 -9999 -9999 -9999 -9999 -0.486 -0.489 -0.473 -0.459 -0.452 -0.454 -0.45 -0.442 -0.426 -0.405 -0.383 -0.367 -0.369 -0.371 -0.366 -0.36 -0.358 -0.359 -0.355 -0.346 -0.344 -0.34 -0.344 -0.354 -0.354 -0.352 -0.347 -0.352 -0.35 -0.342 -0.341 -0.36 -0.344 -0.323 -0.329 -0.339 -0.34 -0.343 -0.343 -0.35 -0.351 -0.351 -0.361 -9999 -9999 -9999 -9999 -9999 -9999 -9999 -9999 -9999 -9999 -9999 -9999 -9999 -9999 -9999 -9999 -9999 -9999 -9999 -9999 -9999 -9999 -9999 -9999 -9999 -9999 -9999 -9999
-9999 -9999 -9999 -0.519 -0.509 -9999 -0.509 -0.495 -0.481 -0.48 -0.479 -0.468 -0.456 -0.436 -0.415 -0.399 -0.383 -0.379 -0.379 -0.374 -0.368 -0.368 -0.368 -0.36 -0.35 -0.346 -0.341 -0.348 -0.356 -0.354 -0.351 -0.355 -0.359 -0.351 -0.34 -0.353 -0.371 -0.352 -0.331 -0.336 -0.345 -0.346 -0.348 -0.352 -0.358 -0.355 -0.355 -0.361 -9999 -9999 -9999 -9999 -9999 -9999 -9999 -9999 -9999 -9999 -9999 -9999 -9999 -9999 -9999 -9999 -9999 -9999 -9999 -9999 -9999 -9999 -9999 -9999 -9999 -9999 -9999 -9999
-9999 -9999 -0.562 -0.548 -0.507 -0.508 -0.524 -0.512 -0.509 -0.504 -0.499 -0.484 -0.463 -0.441 -0.414 -0.395 -0.371 -0.363 -0.357 -0.355 -0.366 -0.364 -0.362 -0.354 -0.347 -0.343 -0.343 -0.349 -0.36 -0.361 -0.368 -0.369 -0.364 -0.36 -0.366 -0.364 -0.337 -0.326 -0.334 -0.335 -0.335 -0.329 -0.315 -0.323 -0.351 -0.347 -0.345 -9999 -9999 -9999 -9999 -9999 -9999 -9999 -9999 -9999 -9999 -9999 -9999 -9999 -9999 -9999 -9999 -9999 -9999 -9999 -9999 -9999 -9999 -9999 -9999 -9999 -9999 -9999 -9999 -9999
-9999 -9999 -0.591 -9999 -0.517 -0.523 -0.534 -0.528 -0.523 -0.517 -0.512 -0.493 -0.472 -0.447 -0.421 -0.399 -0.375 -0.364 -0.357 -0.362 -0.373 -0.369 -0.367 -0.36 -0.352 -0.351 -0.35 -0.358 -0.368 -0.373 -0.38 -0.375 -0.37 -0.375 -0.381 -0.358 -0.331 -0.333 -0.34 -0.337 -0.337 -0.323 -0.308 -0.327 -0.353 -0.349 -0.346 -9999 -9999 -9999 -9999 -9999 -9999 -9999 -9999 -9999 -9999 -9999 -9999 -9999 -9999 -9999 -9999 -9999 -9999 -9999 -9999 -9999 -9999 -9999 -9999 -9999 -9999 -9999 -9999 -9999
-9999 -9999 -9999 -9999 -0.537 -0.534 -0.522 -0.519 -0.53 -0.521 -0.509 -0.504 -0.521 -0.489 -0.431 -0.408 -0.379 -0.367 -0.356 -0.358 -0.366 -0.363 -0.363 -0.354 -0.341 -0.342 -0.351 -0.357 -0.367 -0.374 -0.39 -0.387 -0.385 -0.381 -0.363 -0.348 -0.347 -0.345 -0.338 -0.334 -0.333 -0.324 -0.325 -0.34 -0.355 -0.355 -0.364 -9999 -9999 -9999 -9999 -9999 -9999 -9999 -9999 -9999 -9999 -9999 -9999 -9999 -9999 -9999 -9999 -9999 -9999 -9999 -9999 -9999 -9999 -9999 -9999 -9999 -9999 -9999 -9999 -9999
-9999 -9999 -0.564 -0.558 -0.549 -0.535 -0.522 -0.528 -0.538 -0.525 -0.513 -9999 -0.545 -0.496 -0.442 -0.416 -0.389 -0.375 -0.363 -0.364 -0.37 -0.369 -0.369 -0.357 -0.344 -0.349 -0.357 -0.364 -0.373 -0.384 -0.399 -0.397 -0.395 -0.379 -0.361 -0.359 -0.358 -0.35 -0.343 -0.339 -0.337 -0.335 -0.336 -0.346 -0.361 -0.366 -0.376 -9999 -9999 -9999 -9999 -9999 -9999 -9999 -9999 -9999 -9999 -9999 -9999 -9999 -9999 -9999 -9999 -9999 -9999 -9999 -9999 -9999 -9999 -9999 -9999 -9999 -9999 -9999 -9999 -9999
-0.605 -0.579 -9999 -0.55 -0.535 -0.527 -0.538 -0.537 -0.53 -0.524 -9999 -0.528 -0.512 -0.475 -0.456 -0.429 -0.396 -0.384 -0.371 -0.363 -0.348 -0.345 -0.348 -0.344 -0.358 -0.355 -0.34 -0.342 -0.346 -0.351 -0.356 -0.356 -0.368 -0.356 -0.353 -0.349 -0.345 -0.338 -0.336 -0.332 -0.335 -0.336 -0.347 -0.349 -0.342 -0.371 -9999 -9999 -9999 -9999 -9999 -9999 -9999 -9999 -9999 -9999 -9999 -9999 -9999 -9999 -9999 -9999 -9999 -9999 -9999 -9999 -9999 -9999 -9999 -9999 -9999 -9999 -9999 -9999 -9999 -9999
-0.589 -0.574 -0.561 -9999 -0.533 -0.539 -0.549 -0.539 -0.532 -0.534 -0.538 -0.52 -0.503 -0.485 -0.467 -0.438 -0.406 -0.394 -0.382 -0.363 -0.346 -0.346 -0.346 -0.357 -0.37 -0.356 -0.339 -0.34 -0.342 -0.343 -0.345 -0.353 -0.363 -0.359 -0.355 -0.35 -0.345 -0.341 -0.339 -0.338 -0.34 -0.346 -0.355 -0.346 -9999 -9999 -9999 -9999 -9999 -9999 -9999 -9999 -9999 -9999 -9999 -9999 -9999 -9999 -9999 -9999 -9999 -9999 -9999 -9999 -9999 -9999 -9999 -9999 -9999 -9999 -9999 -9999 -9999 -9999 -9999 -9999
-9999 -0.566 -9999 -0.538 -0.528 -0.534 -0.541 -0.534 -9999 -9999 -0.542 -0.521 -0.493 -0.47 -0.438 -0.417 -0.41 -0.392 -0.364 -0.348 -0.344 -0.34 -0.334 -0.342 -0.355 -0.341 -0.329 -0.327 -0.328 -0.331 -0.346 -0.351 -0.357 -0.35 -0.343 -0.341 -0.348 -0.343 -0.335 -0.338 -0.35 -0.35 -0.343 -9999 -9999 -9999 -9999 -9999 -9999 -9999 -9999 -9999 -9999 -9999 -9999 -9999 -9999 -9999 -9999 -9999 -9999 -9999 -9999 -9999 -9999 -9999 -9999 -9999 -9999 -9999 -9999 -9999 -9999 -9999 -9999 -9999
-9999 -0.565 -0.551 -0.538 -0.528 -0.533 -0.541 -9999 -9999 -0.541 -0.547 -0.521 -0.494 -0.465 -0.433 -0.424 -0.417 -0.392 -0.365 -0.356 -0.351 -0.344 -0.337 -0.345 -0.356 -0.344 -0.332 -0.33 -0.329 -0.339 -0.352 -0.355 -0.36 -0.352 -0.344 -0.348 -0.354 -0.347 -0.339 -0.347 -0.359 -0.351 -0.344 -0.35 -9999 -9999 -9999 -9999 -9999 -9999 -9999 -9999 -9999 -9999 -9999 -9999 -9999 -9999 -9999 -9999 -9999 -9999 -9999 -9999 -9999 -9999 -9999 -9999 -9999 -9999 -9999 -9999 -9999 -9999 -9999 -9999
-0.573 -0.556 -0.54 -0.528 -0.522 -0.525 -9999 -9999 -0.521 -0.532 -0.508 -0.484 -0.467 -0.446 -0.441 -0.429 -0.411 -0.391 -0.378 -0.364 -0.348 -0.345 -0.349 -0.352 -0.351 -0.343 -0.343 -0.341 -0.339 -0.347 -0.355 -0.359 -0.37 -0.365 -0.362 -0.362 -0.359 -0.355 -0.357 -0.359 -0.355 -0.35 -0.353 -9999 -9999 -9999 -9999 -9999 -9999 -9999 -9999 -9999 -9999 -9999 -9999 -9999 -9999 -9999 -9999 -9999 -9999 -9999 -9999 -9999 -9999 -9999 -9999 -9999 -9999 -9999 -9999 -9999 -9999 -9999 -9999 -9999
-0.568 -9999 -9999 -0.528 -0.522 -9999 -9999 -9999 -0.512 -0.505 -0.497 -0.48 -0.463 -0.456 -0.45 -0.433 -0.416 -0.402 -0.389 -0.371 -0.355 -0.357 -0.361 -0.359 -0.358 -0.358 -0.359 -0.357 -0.355 -0.36 -0.367 -0.374 -0.385 -0.382 -0.379 -0.375 -0.371 -0.372 -0.374 -0.368 -0.364 -0.364 -0.367 -9999 -9999 -9999 -9999 -9999 -9999 -9999 -9999 -9999 -9999 -9999 -9999 -9999 -9999 -9999 -9999 -9999 -9999 -9999 -9999 -9999 -9999 -9999 -9999 -9999 -9999 -9999 -9999 -9999 -9999 -9999 -9999 -9999
-0.553 -0.539 -0.525 -9999 -9999 -9999 -9999 -0.524 -0.518 -0.509 -0.488 -0.472 -0.462 -0.451 -0.436 -0.421 -0.412 -0.4 -0.392 -0.376 -0.368 -0.367 -0.361 -0.366 -0.384 -0.383 -0.381 -0.376 -0.367 -0.368 -0.366 -0.371 -0.375 -0.374 -0.384 -0.38 -0.38 -0.38 -0.38 -0.377 -0.381 -0.384 -9999 -9999 -9999 -9999 -9999 -9999 -9999 -9999 -9999 -9999 -9999 -9999 -9999 -9999 -9999 -9999 -9999 -9999 -9999 -9999 -9999 -9999 -9999 -9999 -9999 -9999 -9999 -9999 -9999 -9999 -9999 -9999 -9999 -9999
