Validation/Results/raw data/ReClimate_03_2024_2_Precipitation-Actualsweatherlogisticsltd.asc
NCOLS 192
NROWS 249
XLLCENTER -225160.85627316462
YLLCENTER 29788.11610251502
CELLSIZE 5000.0
NODATA_VALUE -9999
[rows 99 to 131 of 249, columns 75 to 149 of 192]
117.524 120.556 121.033 133.361 143.185 145.127 145.237 -9999 -9999 115.054 145.195 152.982 166.208 159.243 175.278 167.949 138.066 131.576 119.893 118.34 118.107 111.91 100.45 91.784 87.195 77.343 77.323 75.095 72.922 73.118 71.738 70.93 70.066 66.418 63.336 56.855 53.06 52.946 55.957 55.28 53.892 53.997 54.026 51.496 -9999 -9999 -9999 -9999 -9999 -9999 -9999 -9999 -9999 -9999 -9999 -9999 -9999 -9999 -9999 -9999 -9999 -9999 -9999 -9999 -9999 -9999 -9999 -9999 -9999 -9999 -9999 -9999 -9999 -9999 -9999
126.19 114.826 -9999 -9999 124.144 133.944 -9999 -9999 -9999 107.62 138.371 178.037 171.09 188.601 164.915 140.845 136.996 143.506 142.014 127.745 123.923 108.476 107.656 106.228 91.728 76.813 85.744 93.791 92.621 82.172 75.121 68.136 65.268 57.004 54.247 52.301 53.789 59.155 59.02 59.267 59.149 58.205 52.299 49.079 -9999 -9999 -9999 -9999 -9999 -9999 -9999 -9999 -9999 -9999 -9999 -9999 -9999 -9999 -9999 -9999 -9999 -9999 -9999 -9999 -9999 -9999 -9999 -9999 -9999 -9999 -9999 -9999 -9999 -9999 -9999
-9999 117.613 121.658 132.604 -9999 -9999 -9999 -9999 112.945 114.476 151.985 157.456 160.299 169.802 154.532 149.318 153.858 172.124 152.316 148.609 117.128 112.275 112.203 94.549 80.887 93.917 111.09 110.242 92.001 85.228 77.287 70.494 60.467 55.301 54.344 58.184 63.757 56.899 56.684 58.065 58.955 54.688 48.74 -9999 -9999 -9999 -9999 -9999 -9999 -9999 -9999 -9999 -9999 -9999 -9999 -9999 -9999 -9999 -9999 -9999 -9999 -9999 -9999 -9999 -9999 -9999 -9999 -9999 -9999 -9999 -9999 -9999 -9999 -9999 -9999
139.79 163.933 178.293 184.893 147.239 127.176 -9999 -9999 108.274 -9999 -9999 121.224 168.693 165.074 142.971 154.952 195.773 201.462 174.593 159.12 131.41 114.841 96.65 98.901 107.902 118.473 114.552 104.592 104.814 94.41 77.208 65.427 58.47 55.968 58.864 65.358 56.158 54.16 53.649 53.928 52.331 50.71 -9999 -9999 -9999 -9999 -9999 -9999 -9999 -9999 -9999 -9999 -9999 -9999 -9999 -9999 -9999 -9999 -9999 -9999 -9999 -9999 -9999 -9999 -9999 -9999 -9999 -9999 -9999 -9999 -9999 -9999 -9999 -9999 -9999
134.511 156.137 185.757 160.67 -9999 -9999 -9999 107.958 118.731 118.722 124.338 133.678 142.717 126.499 131.765 159.245 189.142 168.813 147.566 140.037 124.962 116.532 115.93 103.538 113.823 104.799 103.46 106.283 94.867 82.907 70.416 61.851 57.81 56.252 58.976 53.605 50.739 -9999 -9999 50.0 -9999 -9999 -9999 -9999 -9999 -9999 -9999 -9999 -9999 -9999 -9999 -9999 -9999 -9999 -9999 -9999 -9999 -9999 -9999 -9999 -9999 -9999 -9999 -9999 -9999 -9999 -9999 -9999 -9999 -9999 -9999 -9999 -9999 -9999 -9999
126.238 152.237 -9999 143.375 -9999 -9999 -9999 112.222 126.187 129.824 125.119 117.918 125.329 136.449 153.965 168.69 164.093 151.199 150.538 158.415 144.382 113.653 102.917 111.903 114.604 97.681 83.612 77.175 73.616 66.855 60.271 58.43 55.19 53.005 52.689 49.694 -9999 53.058 49.738 47.99 51.243 -9999 -9999 -9999 -9999 -9999 -9999 -9999 -9999 -9999 -9999 -9999 -9999 -9999 -9999 -9999 -9999 -9999 -9999 -9999 -9999 -9999 -9999 -9999 -9999 -9999 -9999 -9999 -9999 -9999 -9999 -9999 -9999 -9999 -9999
109.931 -9999 -9999 -9999 -9999 115.008 116.752 126.297 128.861 135.294 126.634 135.045 151.11 151.185 156.419 158.258 170.996 156.766 160.962 147.698 136.722 120.705 126.457 132.174 106.179 89.866 85.653 78.445 67.223 60.117 55.163 52.167 53.224 52.975 -9999 53.124 53.337 49.813 49.677 48.425 52.311 -9999 -9999 -9999 -9999 -9999 -9999 -9999 -9999 -9999 -9999 -9999 -9999 -9999 -9999 -9999 -9999 -9999 -9999 -9999 -9999 -9999 -9999 -9999 -9999 -9999 -9999 -9999 -9999 -9999 -9999 -9999 -9999 -9999 -9999
-9999 -9999 -9999 -9999 -9999 117.569 104.367 111.122 133.122 141.621 134.431 141.811 133.255 130.715 149.251 180.449 175.022 155.461 152.625 147.053 123.826 121.825 136.84 113.604 112.606 110.969 89.6 74.74 70.27 65.265 60.925 61.578 62.712 63.916 61.261 55.959 53.593 52.583 55.986 54.805 55.836 52.991 -9999 -9999 -9999 -9999 -9999 -9999 -9999 -9999 -9999 -9999 -9999 -9999 -9999 -9999 -9999 -9999 -9999 -9999 -9999 -9999 -9999 -9999 -9999 -9999 -9999 -9999 -9999 -9999 -9999 -9999 -9999 -9999 -9999
-9999 -9999 -9999 -9999 111.514 -9999 -9999 116.073 135.285 136.886 141.982 133.279 -9999 -9999 160.033 186.941 186.286 152.852 145.26 131.917 118.329 120.149 113.393 106.808 97.886 83.437 74.348 73.784 77.486 84.104 85.306 76.649 70.422 62.971 62.779 60.709 54.453 59.33 56.774 60.89 58.625 54.234 52.258 -9999 -9999 -9999 -9999 -9999 -9999 -9999 -9999 -9999 -9999 -9999 -9999 -9999 -9999 -9999 -9999 -9999 -9999 -9999 -9999 -9999 -9999 -9999 -9999 -9999 -9999 -9999 -9999 -9999 -9999 -9999 -9999
-9999 -9999 -9999 -9999 104.548 -9999 103.1 109.562 118.262 144.593 149.032 122.749 125.931 146.698 164.274 169.623 141.027 147.736 158.238 125.628 115.762 109.439 101.679 87.159 77.385 69.897 72.382 80.538 100.198 102.059 87.048 76.852 64.443 61.376 61.457 59.268 57.858 55.563 54.083 52.993 52.746 50.752 -9999 -9999 -9999 -9999 -9999 -9999 -9999 -9999 -9999 -9999 -9999 -9999 -9999 -9999 -9999 -9999 -9999 -9999 -9999 -9999 -9999 -9999 -9999 -9999 -9999 -9999 -9999 -9999 -9999 -9999 -9999 -9999 -9999
-9999 -9999 -9999 -9999 97.583 -9999 89.164 86.435 110.406 124.433 112.404 -9999 148.422 146.056 -9999 145.034 143.355 149.148 127.904 131.097 109.03 96.541 79.635 73.885 69.464 69.672 66.044 77.738 75.025 70.785 69.759 67.252 64.632 60.779 60.934 58.037 55.186 52.632 -9999 -9999 -9999 -9999 -9999 -9999 -9999 -9999 -9999 -9999 -9999 -9999 -9999 -9999 -9999 -9999 -9999 -9999 -9999 -9999 -9999 -9999 -9999 -9999 -9999 -9999 -9999 -9999 -9999 -9999 -9999 -9999 -9999 -9999 -9999 -9999 -9999
-9999 -9999 87.508 90.862 -9999 -9999 77.432 93.744 105.115 101.033 112.004 144.95 142.909 153.546 -9999 110.39 119.82 121.357 114.739 104.056 102.493 83.471 82.02 81.373 81.261 75.755 66.413 61.264 58.424 60.367 60.199 62.651 63.774 62.186 62.549 58.364 53.537 -9999 -9999 -9999 -9999 -9999 -9999 -9999 -9999 -9999 -9999 -9999 -9999 -9999 -9999 -9999 -9999 -9999 -9999 -9999 -9999 -9999 -9999 -9999 -9999 -9999 -9999 -9999 -9999 -9999 -9999 -9999 -9999 -9999 -9999 -9999 -9999 -9999 -9999
-9999 77.447 82.57 86.368 -9999 84.323 96.52 109.554 100.41 -9999 128.379 131.682 146.16 147.931 -9999 109.193 117.402 104.981 87.216 89.167 82.719 87.027 97.906 87.559 91.676 82.494 73.764 64.505 -9999 52.794 54.169 56.113 56.896 58.991 60.214 56.388 -9999 -9999 -9999 -9999 -9999 -9999 -9999 -9999 -9999 -9999 -9999 -9999 -9999 -9999 -9999 -9999 -9999 -9999 -9999 -9999 -9999 -9999 -9999 -9999 -9999 -9999 -9999 -9999 -9999 -9999 -9999 -9999 -9999 -9999 -9999 -9999 -9999 -9999 -9999
-9999 72.514 78.523 -9999 -9999 94.956 110.99 103.326 -9999 110.796 122.623 130.309 139.716 132.976 -9999 99.161 90.587 85.808 85.436 85.563 85.479 94.513 105.987 106.814 101.604 91.809 74.543 62.342 54.567 51.191 -9999 -9999 49.085 46.418 -9999 -9999 -9999 -9999 -9999 -9999 45.609 46.628 47.558 -9999 -9999 -9999 -9999 -9999 -9999 -9999 -9999 -9999 -9999 -9999 -9999 -9999 -9999 -9999 -9999 -9999 -9999 -9999 -9999 -9999 -9999 -9999 -9999 -9999 -9999 -9999 -9999 -9999 -9999 -9999 -9999
72.138 81.892 -9999 -9999 89.715 97.125 92.437 102.941 -9999 106.058 117.612 117.505 119.102 126.124 -9999 -9999 -9999 84.629 83.821 86.888 90.143 93.627 95.978 92.861 87.076 78.58 70.096 63.857 59.477 55.312 51.437 50.608 45.572 48.157 -9999 -9999 -9999 -9999 -9999 47.318 45.678 53.015 48.788 47.832 -9999 -9999 -9999 -9999 -9999 -9999 -9999 -9999 -9999 -9999 -9999 -9999 -9999 -9999 -9999 -9999 -9999 -9999 -9999 -9999 -9999 -9999 -9999 -9999 -9999 -9999 -9999 -9999 -9999 -9999 -9999
82.913 82.656 -9999 -9999 -9999 76.178 94.631 95.88 -9999 94.439 -9999 100.17 112.13 103.236 -9999 87.789 91.224 88.167 -9999 77.415 75.61 78.831 78.324 76.395 76.398 73.136 69.128 66.088 64.22 59.356 58.839 55.08 49.912 49.893 48.305 49.999 49.73 -9999 47.083 47.385 50.393 50.82 55.151 59.656 60.89 48.051 -9999 -9999 -9999 -9999 -9999 -9999 -9999 -9999 -9999 -9999 -9999 -9999 -9999 -9999 -9999 -9999 -9999 -9999 -9999 -9999 -9999 -9999 -9999 -9999 -9999 -9999 -9999 -9999 -9999
83.286 -9999 -9999 -9999 -9999 85.172 97.474 85.692 -9999 81.491 -9999 89.657 87.959 -9999 95.92 103.151 109.639 97.487 79.27 70.543 67.837 68.368 68.047 69.071 65.299 66.332 67.572 67.341 65.637 62.139 59.812 54.245 50.178 55.412 56.839 59.077 52.849 52.398 51.08 49.641 50.418 54.634 65.389 69.116 67.551 62.522 54.403 51.211 53.419 -9999 -9999 -9999 -9999 -9999 -9999 -9999 -9999 -9999 -9999 -9999 -9999 -9999 -9999 -9999 -9999 -9999 -9999 -9999 -9999 -9999 -9999 -9999 -9999 -9999 -9999
74.717 -9999 -9999 -9999 -9999 88.05 82.534 86.063 89.836 -9999 -9999 74.178 78.189 -9999 89.523 108.26 120.04 100.746 82.952 71.52 69.416 66.144 66.043 60.207 59.245 61.44 64.577 68.073 67.273 66.511 62.291 60.583 63.872 65.019 69.521 61.588 52.665 50.022 52.277 52.137 59.162 71.593 73.788 70.706 70.601 66.494 65.371 60.869 54.271 53.856 -9999 -9999 -9999 -9999 -9999 -9999 -9999 -9999 -9999 -9999 -9999 -9999 -9999 -9999 -9999 -9999 -9999 -9999 -9999 -9999 -9999 -9999 -9999 -9999 -9999
-9999 -9999 -9999 -9999 -9999 73.912 74.684 89.107 78.776 -9999 -9999 73.969 74.217 -9999 -9999 105.84 106.113 95.033 83.52 81.639 75.928 73.446 68.306 66.649 58.934 58.007 63.811 65.454 69.953 70.936 72.536 68.511 69.422 71.253 65.147 58.552 56.966 56.898 57.641 62.504 71.277 73.046 74.292 70.261 66.303 63.431 59.308 58.25 57.185 54.615 -9999 -9999 -9999 -9999 -9999 -9999 -9999 -9999 -9999 -9999 -9999 -9999 -9999 -9999 -9999 -9999 -9999 -9999 -9999 -9999 -9999 -9999 -9999 -9999 -9999
-9999 -9999 -9999 -9999 -9999 65.473 78.088 84.31 -9999 -9999 -9999 -9999 70.536 -9999 75.283 92.093 93.402 84.867 82.164 85.966 84.898 79.016 75.073 69.053 63.851 60.467 58.385 62.664 66.544 70.371 69.346 69.317 69.435 64.547 62.023 63.268 64.426 69.481 67.092 65.99 65.581 64.073 64.367 64.391 63.936 60.28 53.279 51.08 54.39 54.126 53.805 -9999 -9999 -9999 -9999 -9999 -9999 -9999 -9999 -9999 -9999 -9999 -9999 -9999 -9999 -9999 -9999 -9999 -9999 -9999 -9999 -9999 -9999 -9999 -9999
-9999 -9999 -9999 69.511 68.783 71.43 77.801 -9999 -9999 92.291 -9999 -9999 -9999 -9999 71.688 80.76 81.386 78.554 79.769 81.878 85.09 82.42 82.246 77.383 68.76 62.542 59.702 58.161 61.162 61.219 59.837 63.06 59.315 62.208 68.389 69.243 79.587 82.262 75.034 69.472 61.34 51.397 59.845 60.135 62.433 59.891 52.484 49.991 53.598 53.185 51.76 -9999 -9999 -9999 -9999 -9999 -9999 -9999 -9999 -9999 -9999 -9999 -9999 -9999 -9999 -9999 -9999 -9999 -9999 -9999 -9999 -9999 -9999 -9999 -9999
-9999 -9999 -9999 -9999 72.793 75.167 80.645 -9999 89.006 100.663 102.788 -9999 -9999 -9999 -9999 66.807 68.597 69.366 71.143 74.544 76.511 80.023 80.142 77.393 69.994 64.176 58.174 59.197 55.907 53.449 54.372 61.919 62.313 69.14 64.056 70.469 73.812 76.023 78.275 72.882 59.576 59.592 58.146 56.366 57.395 57.527 51.768 51.238 52.716 54.732 53.705 53.483 -9999 -9999 -9999 -9999 -9999 -9999 -9999 -9999 -9999 -9999 -9999 -9999 -9999 -9999 -9999 -9999 -9999 -9999 -9999 -9999 -9999 -9999 -9999
-9999 -9999 -9999 -9999 72.316 79.451 86.84 -9999 73.664 97.216 105.335 -9999 -9999 -9999 -9999 -9999 59.684 62.017 65.449 70.709 69.55 70.919 75.523 76.724 80.266 74.812 69.388 63.843 58.392 55.335 58.834 60.43 61.425 67.437 67.186 66.419 70.396 71.067 64.032 62.562 59.232 61.724 65.885 57.52 56.032 51.96 50.4 50.087 52.332 55.143 58.735 55.795 54.293 -9999 -9999 -9999 -9999 -9999 -9999 -9999 -9999 -9999 -9999 -9999 -9999 -9999 -9999 -9999 -9999 -9999 -9999 -9999 -9999 -9999 -9999
-9999 -9999 -9999 -9999 74.011 85.372 -9999 -9999 65.899 89.49 101.769 85.491 -9999 -9999 -9999 -9999 -9999 55.803 63.983 67.371 67.801 76.33 84.014 85.139 85.876 80.813 77.792 71.599 68.715 64.104 65.049 66.799 73.836 73.266 83.732 75.721 79.99 70.491 74.625 70.165 61.709 64.019 56.076 53.761 52.367 53.257 55.274 58.317 55.634 57.555 58.198 62.576 57.853 55.39 53.236 -9999 -9999 -9999 -9999 -9999 -9999 -9999 -9999 -9999 -9999 -9999 -9999 -9999 -9999 -9999 -9999 -9999 -9999 -9999 -9999
-9999 -9999 -9999 -9999 79.118 69.749 -9999 -9999 71.931 87.482 89.186 -9999 -9999 -9999 -9999 -9999 -9999 53.217 57.82 61.463 63.277 71.369 73.085 76.997 79.366 79.598 81.477 75.843 73.119 72.683 80.323 90.561 84.07 93.943 96.875 92.257 77.69 77.552 73.284 64.452 62.803 59.796 56.33 56.95 57.373 55.592 56.111 62.65 71.83 70.683 62.937 62.944 63.397 59.752 55.746 -9999 -9999 -9999 -9999 -9999 -9999 -9999 -9999 -9999 -9999 -9999 -9999 -9999 -9999 -9999 -9999 -9999 -9999 -9999 -9999
-9999 -9999 -9999 -9999 71.814 63.653 -9999 -9999 -9999 71.99 75.591 70.958 -9999 -9999 -9999 -9999 -9999 50.944 54.807 56.347 58.89 63.087 66.574 76.084 85.522 90.249 82.722 81.663 76.509 73.984 81.592 85.537 90.213 106.827 99.855 88.27 86.98 79.341 70.421 69.675 64.144 62.479 59.152 56.058 59.268 58.49 61.827 73.844 88.334 83.934 72.31 65.1 65.609 64.886 58.991 -9999 -9999 -9999 -9999 -9999 -9999 -9999 -9999 -9999 -9999 -9999 -9999 -9999 -9999 -9999 -9999 -9999 -9999 -9999 -9999
-9999 -9999 -9999 78.767 69.346 63.38 -9999 -9999 -9999 -9999 -9999 -9999 -9999 -9999 -9999 -9999 -9999 56.245 59.302 59.231 60.758 64.723 68.414 76.256 84.319 89.339 88.008 88.493 91.182 87.377 91.139 94.797 108.101 112.654 110.926 108.343 97.093 86.197 81.129 70.683 68.714 62.664 59.999 61.471 59.918 64.011 71.476 87.422 89.907 86.746 71.645 62.696 62.194 62.361 58.968 53.307 -9999 -9999 -9999 -9999 -9999 -9999 -9999 -9999 -9999 -9999 -9999 -9999 -9999 -9999 -9999 -9999 -9999 -9999 -9999
-9999 -9999 78.608 76.955 71.315 60.025 -9999 -9999 -9999 -9999 -9999 -9999 -9999 -9999 -9999 58.498 57.727 59.723 64.686 68.32 75.911 79.417 87.088 86.413 83.357 78.976 88.792 100.962 100.676 102.812 100.896 95.542 96.224 115.074 109.015 107.054 97.332 90.556 80.056 70.563 65.478 69.388 69.208 62.93 62.787 69.073 78.289 78.512 85.684 85.162 73.517 61.378 59.625 64.009 61.589 55.13 -9999 -9999 -9999 -9999 -9999 -9999 -9999 -9999 -9999 -9999 -9999 -9999 -9999 -9999 -9999 -9999 -9999 -9999 -9999
-9999 -9999 75.371 65.259 56.345 -9999 -9999 -9999 -9999 -9999 -9999 -9999 -9999 -9999 -9999 58.425 57.8 60.906 71.62 79.666 81.716 96.873 106.206 101.129 92.967 92.854 90.115 93.283 102.529 108.337 103.085 91.655 96.625 104.551 112.751 105.303 102.427 92.861 84.458 73.902 74.772 75.941 71.982 70.032 77.242 82.396 81.795 78.483 75.559 73.981 68.715 68.702 68.784 65.714 62.904 55.202 -9999 -9999 -9999 -9999 -9999 -9999 -9999 -9999 -9999 -9999 -9999 -9999 -9999 -9999 -9999 -9999 -9999 -9999 -9999
-9999 -9999 -9999 -9999 -9999 -9999 -9999 -9999 -9999 -9999 -9999 -9999 -9999 -9999 -9999 59.745 60.552 73.49 80.712 84.261 89.058 104.222 110.809 116.061 106.559 95.254 90.898 94.287 102.23 119.248 111.152 91.606 90.505 99.87 107.884 106.704 102.188 99.475 88.983 91.479 93.512 87.303 86.52 88.244 87.342 75.758 76.661 73.676 73.769 74.152 66.031 63.998 65.073 64.267 61.611 57.166 -9999 -9999 -9999 -9999 -9999 -9999 -9999 -9999 -9999 -9999 -9999 -9999 -9999 -9999 -9999 -9999 -9999 -9999 -9999
-9999 -9999 -9999 -9999 -9999 -9999 -9999 -9999 -9999 -9999 -9999 -9999 -9999 -9999 61.955 68.262 77.039 85.991 99.203 88.059 91.834 99.716 113.363 110.174 104.401 96.789 92.866 83.674 89.645 98.339 99.826 91.493 86.076 93.684 101.394 104.39 101.688 99.654 102.202 100.029 107.684 95.929 91.023 99.58 85.091 84.596 77.853 67.746 73.728 74.487 74.538 66.347 62.887 60.552 60.083 57.889 -9999 -9999 -9999 -9999 -9999 -9999 -9999 -9999 -9999 -9999 -9999 -9999 -9999 -9999 -9999 -9999 -9999 -9999 -9999
-9999 -9999 -9999 -9999 -9999 -9999 -9999 -9999 -9999 -9999 -9999 -9999 -9999 -9999 68.189 76.34 84.894 103.477 98.997 92.893 94.978 107.47 99.552 98.709 96.077 95.821 89.26 77.295 79.324 95.521 103.242 89.667 82.029 88.013 93.875 94.471 97.103 104.754 92.464 107.356 99.864 92.08 103.012 90.208 88.152 82.034 71.499 72.964 69.617 69.132 73.922 70.978 69.807 67.38 62.49 58.301 -9999 -9999 -9999 -9999 -9999 -9999 -9999 -9999 -9999 -9999 -9999 -9999 -9999 -9999 -9999 -9999 -9999 -9999 -9999
-9999 -9999 -9999 -9999 -9999 -9999 -9999 -9999 -9999 -9999 -9999 -9999 -9999 63.908 75.894 80.848 95.662 99.689 104.142 111.284 110.846 104.109 94.285 89.638 90.109 92.919 92.29 83.076 82.307 98.608 104.768 83.173 76.773 82.409 91.505 93.654 103.983 93.536 94.907 100.299 89.955 100.374 96.456 84.461 79.327 72.264 76.177 73.782 69.358 71.924 70.017 65.963 72.408 72.792 64.818 58.59 55.581 -9999 -9999 -9999 -9999 -9999 -9999 -9999 -9999 -9999 -9999 -9999 -9999 -9999 -9999 -9999 -9999 -9999 -9999
