Validation/Results/raw data/ReClimate_10_2024_2weatherlogisticsltd.asc
NCOLS 192
NROWS 249
XLLCENTER -225160.85627316462
YLLCENTER 29788.11610251502
CELLSIZE 5000.0
NODATA_VALUE -9999
[rows 132 to 164 of 249, columns 75 to 149 of 192]
-9999 -9999 -9999 -9999 -9999 -9999 -9999 -9999 -9999 -9999 -9999 -9999 97.477 97.0 96.383 95.843 95.45 95.106 94.722 94.43 94.15 93.885 93.633 93.392 93.159 92.934 92.731 92.722 93.009 93.367 93.698 94.005 94.293 94.571 94.849 95.123 95.53 95.817 96.089 96.407 96.597 96.883 97.445 98.022 98.589 99.135 99.593 100.016 100.425 100.82 101.207 101.577 101.935 102.282 102.619 102.945 103.245 -9999 -9999 -9999 -9999 -9999 -9999 -9999 -9999 -9999 -9999 -9999 -9999 -9999 -9999 -9999 -9999 -9999 -9999
-9999 -9999 -9999 -9999 -9999 -9999 -9999 -9999 -9999 -9999 -9999 -9999 97.687 96.782 96.31 96.054 95.56 95.169 94.854 94.565 94.276 93.995 93.74 93.496 93.262 93.036 92.85 92.907 93.207 93.553 93.874 94.179 94.483 94.787 95.137 95.636 95.954 96.339 96.659 97.008 97.217 97.359 97.793 98.364 98.917 99.401 99.821 100.228 100.621 100.999 101.354 101.707 102.047 102.374 102.693 103.006 103.313 -9999 -9999 -9999 -9999 -9999 -9999 -9999 -9999 -9999 -9999 -9999 -9999 -9999 -9999 -9999 -9999 -9999 -9999
-9999 -9999 -9999 -9999 -9999 -9999 -9999 -9999 -9999 -9999 -9999 98.304 97.679 97.275 96.858 96.336 95.781 95.298 94.966 94.631 94.346 94.101 93.843 93.597 93.361 93.133 92.988 93.105 93.422 93.765 94.086 94.394 94.665 94.851 95.275 95.656 95.991 96.283 96.593 96.876 97.108 97.557 98.129 98.683 99.189 99.606 100.006 100.393 100.766 101.124 101.472 101.806 102.133 102.45 102.758 103.058 103.352 103.629 -9999 -9999 -9999 -9999 -9999 -9999 -9999 -9999 -9999 -9999 -9999 -9999 -9999 -9999 -9999 -9999 -9999
-9999 -9999 -9999 -9999 -9999 -9999 -9999 -9999 -9999 -9999 99.396 -9999 98.433 97.819 97.22 96.578 95.975 95.481 95.073 94.76 94.481 94.204 93.942 93.693 93.455 93.226 93.117 93.294 93.637 93.98 94.314 94.629 94.927 95.332 95.713 96.12 96.419 96.763 97.033 97.3 97.614 97.886 98.435 98.949 99.371 99.77 100.154 100.525 100.884 101.233 101.569 101.898 102.217 102.526 102.825 103.115 103.396 103.658 -9999 -9999 -9999 -9999 -9999 -9999 -9999 -9999 -9999 -9999 -9999 -9999 -9999 -9999 -9999 -9999 -9999
104.466 -9999 -9999 -9999 -9999 -9999 -9999 -9999 -9999 -9999 100.049 -9999 98.747 98.059 97.414 96.821 96.217 95.662 95.206 94.886 94.586 94.304 94.038 93.785 93.545 93.314 93.236 93.474 93.861 94.238 -9999 -9999 -9999 -9999 -9999 -9999 96.484 96.702 96.95 97.194 97.506 98.187 98.7 99.13 99.528 99.912 100.282 100.642 100.992 101.332 101.664 101.985 102.298 102.601 102.894 103.174 103.444 103.695 103.867 -9999 -9999 -9999 -9999 -9999 -9999 -9999 -9999 -9999 -9999 -9999 -9999 -9999 -9999 -9999 -9999
104.362 104.451 -9999 -9999 -9999 -9999 -9999 -9999 -9999 -9999 100.382 99.781 99.087 98.486 97.816 97.078 96.459 95.858 95.366 94.996 94.689 94.402 94.13 93.874 93.629 93.402 93.374 93.679 94.081 94.434 -9999 -9999 -9999 -9999 95.987 96.367 96.61 96.784 97.053 97.38 97.939 98.452 98.887 99.285 99.668 100.038 100.397 100.747 101.089 101.422 101.747 102.065 102.375 102.675 102.963 103.236 103.496 103.739 103.97 -9999 -9999 -9999 -9999 -9999 -9999 -9999 -9999 -9999 -9999 -9999 -9999 -9999 -9999 -9999 -9999
104.788 104.713 104.459 -9999 -9999 -9999 -9999 -9999 -9999 -9999 100.711 100.013 99.355 -9999 -9999 97.341 96.705 96.082 95.536 -9999 94.79 94.497 94.22 93.958 93.709 93.493 93.526 93.881 -9999 -9999 -9999 -9999 -9999 95.957 96.297 96.622 96.844 97.109 97.374 97.67 98.203 98.639 99.038 99.421 99.791 100.15 100.5 100.841 101.175 101.502 101.823 102.137 102.444 102.744 103.031 103.301 103.551 103.785 104.011 -9999 -9999 -9999 -9999 -9999 -9999 -9999 -9999 -9999 -9999 -9999 -9999 -9999 -9999 -9999 -9999
105.148 104.982 104.694 -9999 -9999 -9999 -9999 -9999 -9999 -9999 -9999 100.367 99.708 -9999 -9999 -9999 96.959 96.316 95.709 95.217 -9999 -9999 94.309 94.038 93.784 93.578 93.667 -9999 -9999 -9999 -9999 -9999 95.849 96.165 96.359 96.32 96.615 96.938 97.207 97.749 98.383 98.786 99.17 99.54 99.899 100.249 100.59 100.924 101.251 101.572 101.887 102.198 102.504 102.805 103.096 103.366 103.606 103.824 104.037 -9999 -9999 -9999 -9999 -9999 -9999 -9999 -9999 -9999 -9999 -9999 -9999 -9999 -9999 -9999 -9999
105.029 105.061 -9999 -9999 -9999 -9999 -9999 -9999 -9999 -9999 -9999 -9999 100.011 -9999 -9999 -9999 -9999 96.557 95.902 95.376 -9999 -9999 -9999 94.151 93.852 -9999 -9999 -9999 -9999 -9999 -9999 -9999 96.074 96.391 96.53 96.86 97.203 97.565 97.693 98.116 98.526 98.913 99.285 99.645 99.995 100.336 100.67 100.996 101.317 101.632 101.942 102.247 102.55 102.85 103.146 103.427 103.655 103.852 104.052 -9999 -9999 -9999 -9999 -9999 -9999 -9999 -9999 -9999 -9999 -9999 -9999 -9999 -9999 -9999 -9999
104.975 -9999 -9999 -9999 -9999 -9999 -9999 -9999 -9999 -9999 -9999 -9999 100.44 -9999 -9999 -9999 -9999 -9999 96.124 95.539 -9999 -9999 -9999 -9999 -9999 -9999 -9999 -9999 -9999 -9999 -9999 -9999 96.309 96.624 96.871 96.943 97.342 97.71 97.927 98.256 98.649 99.023 99.385 99.737 100.08 100.414 100.74 101.059 101.373 101.681 101.983 102.283 102.579 102.872 103.16 103.431 103.665 103.858 104.054 104.233 -9999 -9999 -9999 -9999 -9999 -9999 -9999 -9999 -9999 -9999 -9999 -9999 -9999 -9999 -9999
-9999 104.96 105.008 105.005 105.066 -9999 -9999 -9999 -9999 -9999 -9999 -9999 100.73 -9999 -9999 -9999 -9999 -9999 -9999 -9999 -9999 -9999 -9999 -9999 -9999 -9999 -9999 -9999 -9999 -9999 -9999 96.218 96.545 96.854 97.039 97.28 97.612 97.812 98.041 98.376 98.753 99.118 99.474 99.818 100.151 100.476 100.793 101.105 101.411 101.712 102.001 102.286 102.565 102.839 103.105 103.357 103.585 103.789 103.99 104.197 104.407 -9999 -9999 -9999 -9999 -9999 -9999 -9999 -9999 -9999 -9999 -9999 -9999 -9999 -9999
104.718 104.876 104.957 105.109 105.135 -9999 -9999 -9999 -9999 -9999 -9999 -9999 -9999 -9999 -9999 -9999 -9999 -9999 -9999 -9999 -9999 -9999 -9999 -9999 -9999 -9999 -9999 -9999 -9999 -9999 95.986 96.352 96.694 97.053 97.292 97.507 97.711 97.905 98.143 98.484 98.85 99.204 99.547 99.88 100.202 100.516 100.821 101.115 101.399 101.678 101.952 102.22 102.488 102.751 103.008 103.255 103.48 103.689 103.895 104.105 104.324 -9999 -9999 -9999 -9999 -9999 -9999 -9999 -9999 -9999 -9999 -9999 -9999 -9999 -9999
104.34 104.597 104.791 -9999 105.121 104.947 -9999 -9999 -9999 -9999 -9999 -9999 -9999 -9999 -9999 -9999 -9999 -9999 -9999 -9999 -9999 -9999 -9999 -9999 -9999 -9999 -9999 -9999 -9999 -9999 96.256 96.604 96.922 97.166 97.392 97.603 97.804 97.994 98.238 98.583 98.941 99.282 99.612 99.932 100.24 100.531 100.811 101.082 101.349 101.612 101.873 102.127 102.381 102.633 102.88 103.12 103.352 103.577 103.796 104.011 104.206 104.359 104.456 -9999 -9999 -9999 -9999 -9999 -9999 -9999 -9999 -9999 -9999 -9999 -9999
104.304 104.513 104.794 -9999 -9999 104.831 -9999 -9999 -9999 -9999 -9999 -9999 -9999 -9999 -9999 -9999 -9999 -9999 -9999 -9999 -9999 -9999 -9999 -9999 -9999 -9999 -9999 -9999 -9999 -9999 96.407 96.753 97.02 97.263 97.489 97.698 97.893 98.077 98.324 98.67 99.021 99.352 99.668 99.965 100.245 100.516 100.78 101.039 101.293 101.544 101.788 102.033 102.275 102.514 102.749 102.981 103.209 103.436 103.665 103.896 104.071 104.198 104.302 104.415 104.545 104.573 -9999 -9999 -9999 -9999 -9999 -9999 -9999 -9999 -9999
104.282 104.513 104.796 105.088 -9999 104.84 -9999 -9999 -9999 -9999 -9999 -9999 -9999 -9999 -9999 -9999 -9999 -9999 -9999 -9999 -9999 -9999 -9999 -9999 -9999 -9999 -9999 -9999 -9999 96.124 96.501 96.846 97.119 97.364 97.585 97.787 97.975 98.152 98.399 98.744 99.088 99.404 99.694 99.97 100.236 100.494 100.746 100.992 101.234 101.473 101.708 101.938 102.169 102.398 102.624 102.848 103.072 103.296 103.524 103.718 103.882 104.012 104.134 104.251 104.374 104.504 104.637 104.382 -9999 -9999 -9999 -9999 -9999 -9999 -9999
104.17 104.912 105.054 -9999 104.906 -9999 -9999 -9999 -9999 -9999 -9999 -9999 -9999 -9999 -9999 -9999 -9999 -9999 -9999 -9999 -9999 -9999 -9999 -9999 -9999 -9999 -9999 -9999 -9999 -9999 96.618 96.951 97.22 97.457 97.671 97.867 98.049 98.222 98.466 98.803 99.129 99.424 99.702 99.966 100.22 100.467 100.707 100.941 101.172 101.4 101.621 101.844 102.065 102.285 102.503 102.721 102.94 103.161 103.36 103.527 103.666 103.806 103.951 104.098 104.23 104.36 104.494 104.628 104.511 -9999 -9999 -9999 -9999 -9999 -9999
104.686 104.989 104.892 104.787 104.68 -9999 -9999 -9999 -9999 -9999 -9999 -9999 -9999 -9999 -9999 -9999 -9999 -9999 -9999 -9999 -9999 -9999 -9999 -9999 -9999 -9999 -9999 -9999 -9999 -9999 -9999 97.071 97.317 97.542 97.75 97.94 98.117 98.285 98.519 98.833 99.145 99.432 99.7 99.954 100.198 100.434 100.663 100.887 101.107 101.325 101.539 101.75 101.962 102.173 102.385 102.598 102.812 103.013 103.187 103.335 103.473 103.616 103.764 103.918 104.078 104.222 104.358 104.493 104.627 104.564 -9999 -9999 -9999 -9999 -9999
104.909 104.797 104.685 104.57 -9999 -9999 -9999 -9999 -9999 -9999 -9999 -9999 -9999 -9999 -9999 -9999 -9999 -9999 -9999 -9999 -9999 -9999 -9999 -9999 -9999 -9999 -9999 -9999 -9999 -9999 -9999 97.162 97.416 97.628 97.823 98.007 98.179 98.338 98.547 98.844 99.15 99.429 99.689 99.935 100.169 100.396 100.615 100.829 101.04 101.247 101.453 101.655 101.859 102.064 102.269 102.478 102.683 102.859 103.011 103.151 103.293 103.437 103.586 103.738 103.897 104.061 104.216 104.354 104.488 104.604 104.509 -9999 -9999 -9999 -9999
104.717 104.597 104.476 104.333 -9999 -9999 -9999 -9999 -9999 -9999 -9999 -9999 -9999 -9999 -9999 -9999 -9999 -9999 -9999 -9999 -9999 -9999 -9999 -9999 -9999 -9999 -9999 -9999 -9999 -9999 -9999 -9999 97.503 97.71 97.896 98.07 98.23 98.37 98.565 98.843 99.144 99.417 99.67 99.908 100.134 100.352 100.562 100.768 100.969 101.168 101.363 101.56 101.757 101.954 102.163 102.366 102.539 102.695 102.835 102.976 103.118 103.263 103.411 103.563 103.719 103.881 104.048 104.209 104.35 104.468 104.55 -9999 -9999 -9999 -9999
-9999 -9999 -9999 -9999 -9999 -9999 -9999 -9999 -9999 -9999 -9999 -9999 -9999 -9999 -9999 -9999 -9999 -9999 -9999 -9999 -9999 -9999 -9999 -9999 -9999 -9999 -9999 -9999 -9999 -9999 -9999 -9999 97.568 97.787 97.964 98.13 98.279 98.397 98.574 98.831 99.127 99.395 99.642 99.873 100.092 100.302 100.505 100.702 100.895 101.086 101.274 101.463 101.658 101.864 102.057 102.229 102.384 102.524 102.664 102.805 102.947 103.092 103.239 103.39 103.545 103.704 103.869 104.04 104.206 104.324 104.405 104.478 -9999 -9999 -9999
-9999 -9999 -9999 -9999 -9999 -9999 -9999 -9999 -9999 -9999 -9999 -9999 -9999 -9999 -9999 -9999 -9999 -9999 -9999 -9999 -9999 -9999 -9999 -9999 -9999 -9999 -9999 -9999 -9999 -9999 -9999 -9999 -9999 97.857 98.023 98.171 98.293 98.421 98.575 98.808 99.101 99.364 99.606 99.832 100.044 100.247 100.442 100.632 100.818 101.002 101.184 101.374 101.577 101.76 101.926 102.077 102.217 102.356 102.496 102.637 102.78 102.924 103.071 103.221 103.374 103.532 103.695 103.863 104.036 104.172 104.253 104.325 -9999 -9999 -9999
-9999 -9999 -9999 -9999 -9999 -9999 -9999 -9999 -9999 -9999 -9999 -9999 -9999 -9999 -9999 -9999 -9999 -9999 -9999 -9999 -9999 -9999 -9999 -9999 -9999 -9999 -9999 -9999 -9999 -9999 -9999 -9999 -9999 97.891 -9999 98.198 98.325 98.44 98.569 -9999 99.064 99.325 99.563 99.783 99.99 100.187 100.376 100.559 100.738 100.914 101.102 101.295 101.468 101.629 101.773 101.913 102.052 102.191 102.331 102.472 102.615 102.759 102.906 103.055 103.208 103.364 103.525 103.693 103.853 103.995 104.097 104.176 104.253 -9999 -9999
-9999 -9999 -9999 -9999 -9999 -9999 -9999 -9999 -9999 -9999 -9999 -9999 -9999 -9999 -9999 -9999 -9999 -9999 -9999 -9999 -9999 -9999 -9999 -9999 -9999 -9999 -9999 -9999 -9999 -9999 -9999 -9999 -9999 -9999 98.111 98.228 -9999 -9999 -9999 -9999 99.016 99.277 99.512 99.728 99.93 100.122 100.305 100.481 100.654 100.831 101.026 101.177 101.333 101.475 101.618 101.762 101.904 102.046 102.187 102.329 102.472 102.615 102.76 102.907 103.056 103.208 103.365 103.528 103.675 103.804 103.928 104.026 104.106 104.188 104.278
-9999 -9999 -9999 -9999 -9999 -9999 -9999 -9999 -9999 -9999 -9999 -9999 -9999 -9999 -9999 -9999 -9999 -9999 -9999 -9999 -9999 -9999 -9999 -9999 -9999 -9999 -9999 -9999 -9999 -9999 -9999 -9999 -9999 -9999 98.121 98.254 -9999 -9999 -9999 -9999 98.957 99.215 99.444 99.655 99.852 100.039 100.219 100.393 100.565 100.743 100.896 101.051 101.2 101.344 101.488 101.632 101.775 101.917 102.06 102.202 102.344 102.487 102.631 102.776 102.924 103.074 103.228 103.377 103.511 103.626 103.744 103.868 103.961 104.044 104.131
-9999 -9999 -9999 -9999 -9999 -9999 -9999 -9999 -9999 -9999 -9999 -9999 -9999 -9999 -9999 -9999 -9999 -9999 -9999 -9999 -9999 -9999 -9999 -9999 -9999 -9999 -9999 -9999 -9999 -9999 -9999 -9999 -9999 -9999 98.167 -9999 -9999 -9999 -9999 98.703 98.893 99.141 99.365 99.57 99.761 99.942 100.108 100.255 100.424 100.598 100.766 100.93 101.082 101.227 101.37 101.512 101.655 101.797 101.939 102.081 102.224 102.366 102.51 102.654 102.801 102.95 103.103 103.24 103.36 103.47 103.584 103.704 103.817 103.908 -9999
-9999 -9999 -9999 -9999 -9999 -9999 -9999 -9999 -9999 -9999 -9999 -9999 -9999 -9999 -9999 -9999 -9999 -9999 -9999 -9999 -9999 -9999 -9999 -9999 -9999 -9999 -9999 -9999 -9999 -9999 -9999 -9999 -9999 -9999 -9999 -9999 -9999 -9999 -9999 98.682 98.837 99.062 99.281 99.474 99.636 99.786 99.929 100.108 100.297 100.472 100.637 100.794 100.951 101.103 101.252 101.395 101.538 101.68 101.823 101.966 102.108 102.251 102.395 102.539 102.685 102.834 102.977 103.105 103.215 103.325 103.438 103.556 103.681 103.789 -9999
-9999 -9999 -9999 -9999 -9999 -9999 -9999 -9999 -9999 -9999 -9999 -9999 -9999 -9999 -9999 -9999 -9999 -9999 -9999 -9999 -9999 -9999 -9999 -9999 -9999 -9999 -9999 -9999 -9999 -9999 -9999 -9999 -9999 -9999 -9999 -9999 -9999 -9999 -9999 98.649 98.762 98.929 99.127 99.296 99.452 99.615 99.802 100.0 100.181 100.349 100.507 100.657 100.807 100.959 101.114 101.271 101.422 101.568 101.712 101.855 101.999 102.142 102.286 102.43 102.576 102.724 102.855 102.971 103.079 103.189 103.3 103.416 103.539 103.668 -9999
-9999 -9999 -9999 -9999 -9999 -9999 -9999 -9999 -9999 -9999 -9999 -9999 -9999 -9999 -9999 -9999 -9999 -9999 -9999 -9999 -9999 -9999 -9999 -9999 -9999 -9999 -9999 -9999 -9999 -9999 -9999 -9999 -9999 -9999 -9999 -9999 -9999 -9999 98.499 98.552 98.622 98.741 98.932 99.115 99.304 99.492 99.704 99.896 100.071 100.233 100.382 100.527 100.67 100.816 100.968 101.127 101.291 101.454 101.606 101.75 101.895 102.039 102.183 102.328 102.474 102.61 102.735 102.843 102.951 103.06 103.171 103.285 103.406 103.533 103.647
-9999 -9999 -9999 -9999 -9999 -9999 -9999 -9999 -9999 -9999 -9999 -9999 -9999 -9999 -9999 -9999 -9999 -9999 -9999 -9999 -9999 -9999 -9999 -9999 -9999 -9999 -9999 -9999 -9999 -9999 -9999 -9999 -9999 -9999 -9999 -9999 -9999 -9999 98.387 98.441 98.489 98.595 98.768 98.985 99.183 99.401 99.61 99.797 99.967 100.123 100.269 100.404 100.539 100.679 100.829 100.989 101.153 101.321 101.491 101.649 101.797 101.942 102.086 102.232 102.373 102.5 102.614 102.723 102.831 102.939 103.049 103.163 103.281 103.406 103.522
-9999 -9999 -9999 -9999 -9999 -9999 -9999 -9999 -9999 -9999 -9999 -9999 -9999 -9999 -9999 -9999 -9999 -9999 -9999 -9999 -9999 -9999 -9999 -9999 -9999 -9999 -9999 -9999 -9999 -9999 -9999 -9999 -9999 -9999 -9999 -9999 -9999 98.223 98.283 98.336 98.39 98.492 98.649 98.863 99.082 99.313 99.518 99.701 99.868 100.02 100.16 100.291 100.416 100.549 100.7 100.863 101.027 101.194 101.362 101.534 101.7 101.851 101.997 102.142 102.272 102.391 102.501 102.61 102.718 102.826 102.936 103.048 103.164 103.286 103.415
-9999 -9999 -9999 -9999 -9999 -9999 -9999 -9999 -9999 -9999 -9999 -9999 -9999 -9999 -9999 -9999 -9999 -9999 -9999 -9999 -9999 -9999 -9999 -9999 -9999 -9999 -9999 -9999 -9999 -9999 -9999 -9999 -9999 -9999 -9999 -9999 -9999 98.126 98.185 98.245 98.338 98.437 98.573 98.751 98.997 99.226 99.428 99.609 99.773 99.924 100.062 100.192 100.314 100.442 100.591 100.752 100.915 101.078 101.244 101.413 101.586 101.759 101.913 102.047 102.171 102.284 102.395 102.504 102.613 102.721 102.83 102.94 103.054 103.174 103.302
-9999 -9999 -9999 -9999 -9999 -9999 -9999 -9999 -9999 -9999 -9999 -9999 -9999 -9999 -9999 -9999 -9999 -9999 -9999 -9999 -9999 -9999 -9999 -9999 -9999 -9999 -9999 -9999 -9999 -9999 -9999 -9999 -9999 -9999 -9999 -9999 -9999 98.032 98.1 98.201 98.309 98.405 98.508 98.672 98.912 99.139 99.34 99.52 99.683 99.833 99.973 100.104 100.231 100.361 100.503 100.657 100.814 100.974 101.136 101.302 101.472 101.648 101.817 101.953 102.07 102.184 102.296 102.406 102.515 102.623 102.731 102.841 102.953 103.07 103.194
-9999 -9999 -9999 -9999 -9999 -9999 -9999 -9999 -9999 -9999 -9999 -9999 -9999 -9999 -9999 -9999 -9999 -9999 -9999 -9999 -9999 -9999 -9999 -9999 -9999 -9999 -9999 -9999 -9999 -9999 -9999 -9999 -9999 -9999 -9999 -9999 -9999 -9999 98.083 98.176 98.281 98.375 98.471 98.632 98.826 99.052 99.252 99.433 99.597 99.748 99.889 100.023 100.154 100.287 100.426 100.572 100.723 100.878 101.037 101.2 101.368 101.532 101.694 101.85 101.977 102.092 102.205 102.316 102.425 102.533 102.64 -9999 102.859 -9999 103.123
