Validation/Results/raw data/ReClimate_05_2024_1_Temperatureweatherlogisticsltd.asc
NCOLS 192
NROWS 249
XLLCENTER -225160.85627316462
YLLCENTER 29788.11610251502
CELLSIZE 5000.0
NODATA_VALUE -9999
[rows 170 to 203 of 249, columns 75 to 149 of 192]
-9999 -9999 -9999 -9999 -9999 -9999 -9999 -9999 -9999 -9999 -9999 -9999 -9999 -9999 -9999 -9999 -9999 -0.921 -1.0 -9999 -9999 -9999 -9999 -9999 -9999 -9999 -9999 -9999 -9999 -9999 -9999 -9999 -9999 -9999 -9999 -9999 -1.342 -1.33 -1.336 -1.345 -1.337 -1.328 -1.315 -1.302 -1.289 -1.275 -1.25 -1.219 -1.198 -1.175 -1.138 -1.099 -1.058 -1.021 -0.985 -0.953 -0.937 -0.929 -0.9 -0.873 -0.84 -0.805 -0.786 -0.769 -0.742 -0.713 -0.697 -0.683 -0.661 -0.648 -0.636 -0.627 -0.609 -0.591 -0.587
-9999 -9999 -9999 -9999 -9999 -9999 -9999 -9999 -9999 -9999 -9999 -9999 -9999 -9999 -9999 -9999 -9999 -0.904 -0.972 -1.04 -9999 -9999 -9999 -9999 -9999 -9999 -9999 -9999 -9999 -9999 -9999 -9999 -9999 -9999 -9999 -1.349 -1.339 -1.324 -1.327 -1.327 -1.323 -1.325 -1.315 -1.31 -1.302 -1.3 -1.283 -1.259 -1.235 -1.201 -1.167 -1.131 -1.096 -1.063 -1.022 -0.987 -0.96 -0.945 -0.922 -0.899 -0.874 -0.845 -0.814 -0.789 -0.774 -0.752 -0.733 -0.719 -0.693 -0.679 -0.666 -0.656 -0.629 -0.606 -0.601
-9999 -9999 -9999 -9999 -9999 -9999 -9999 -9999 -9999 -9999 -9999 -9999 -9999 -9999 -9999 -9999 -0.87 -0.905 -0.968 -1.03 -1.098 -9999 -9999 -9999 -9999 -9999 -9999 -9999 -9999 -9999 -9999 -9999 -1.397 -9999 -9999 -1.342 -1.333 -1.323 -1.321 -1.322 -9999 -1.326 -1.32 -1.315 -1.313 -1.314 -1.303 -1.283 -1.251 -1.221 -1.189 -1.158 -1.13 -1.102 -1.061 -1.022 -0.996 -0.975 -0.952 -0.931 -0.908 -0.882 -0.85 -0.818 -0.801 -0.788 -0.771 -0.756 -0.727 -0.71 -0.698 -0.687 -0.66 -0.631 -0.626
-9999 -9999 -9999 -9999 -9999 -9999 -9999 -9999 -9999 -9999 -9999 -9999 -9999 -9999 -9999 -9999 -0.86 -0.893 -0.958 -1.032 -1.087 -1.124 -1.178 -9999 -9999 -9999 -1.34 -1.347 -9999 -1.379 -1.4 -1.4 -1.388 -1.368 -9999 -9999 -1.352 -1.34 -9999 -9999 -1.346 -1.332 -1.328 -1.327 -1.324 -1.318 -1.302 -1.268 -1.241 -1.217 -1.197 -1.173 -1.144 -1.119 -1.101 -1.075 -1.044 -1.021 -0.992 -0.968 -0.941 -0.915 -0.888 -0.859 -0.827 -0.805 -0.801 -0.794 -0.755 -0.725 -0.719 -0.713 -0.694 -0.67 -0.653
-9999 -9999 -9999 -9999 -9999 -9999 -9999 -9999 -9999 -9999 -9999 -9999 -9999 -9999 -9999 -9999 -9999 -0.895 -0.965 -1.036 -1.071 -1.103 -9999 -9999 -1.291 -1.321 -1.346 -1.349 -1.366 -1.39 -1.394 -1.4 -1.388 -1.371 -1.371 -9999 -1.366 -1.355 -1.36 -1.368 -1.355 -1.34 -1.338 -1.337 -1.33 -1.323 -1.299 -1.267 -1.246 -1.224 -1.205 -1.188 -1.16 -1.134 -1.122 -1.114 -1.088 -1.063 -1.033 -1.002 -0.974 -0.946 -0.919 -0.894 -0.864 -0.832 -0.828 -0.83 -0.793 -0.754 -0.743 -0.742 -0.723 -0.704 -0.688
-9999 -9999 -9999 -9999 -9999 -9999 -9999 -9999 -9999 -9999 -9999 -9999 -9999 -9999 -9999 -9999 -9999 -0.923 -0.987 -1.015 -1.048 -1.078 -1.144 -1.218 -1.261 -1.32 -1.341 -1.352 -1.37 -1.39 -1.39 -1.38 -1.379 -1.395 -1.392 -1.375 -1.362 -1.352 -1.355 -1.36 -1.347 -1.335 -1.33 -1.323 -1.314 -1.302 -1.284 -1.271 -1.25 -1.221 -1.203 -1.185 -1.155 -1.127 -1.117 -1.111 -1.089 -1.067 -1.058 -1.038 -1.008 -0.98 -0.949 -0.921 -0.907 -0.887 -0.861 -0.85 -0.823 -0.789 -0.767 -0.761 -0.745 -0.728 -0.706
-9999 -9999 -9999 -9999 -9999 -9999 -9999 -9999 -9999 -9999 -9999 -9999 -9999 -9999 -9999 -9999 -9999 -9999 -0.989 -1.01 -1.041 -1.069 -1.134 -1.204 -1.256 -1.312 -1.338 -1.353 -1.374 -1.393 -1.385 -1.373 -1.383 -1.397 -1.383 -1.367 -1.357 -1.347 -1.349 -1.354 -1.343 -1.331 -1.323 -1.316 -1.304 -1.292 -1.282 -1.271 -1.246 -1.22 -1.204 -1.188 -1.161 -1.136 -1.126 -1.121 -1.098 -1.075 -1.064 -1.058 -1.032 -1.007 -0.979 -0.95 -0.936 -0.926 -0.902 -0.878 -0.851 -0.823 -0.798 -0.784 -0.769 -0.753 -0.724
-9999 -9999 -9999 -9999 -9999 -9999 -9999 -9999 -9999 -9999 -9999 -9999 -9999 -9999 -9999 -9999 -9999 -9999 -9999 -9999 -1.072 -1.114 -1.167 -1.199 -1.241 -1.269 -1.301 -1.344 -1.367 -1.373 -1.364 -1.363 -1.366 -1.364 -1.358 -1.366 -1.36 -1.353 -1.349 -1.335 -1.325 -1.314 -1.307 -1.303 -1.291 -1.281 -1.272 -1.264 -1.243 -1.225 -1.207 -1.185 -1.167 -1.148 -1.135 -1.128 -1.105 -1.08 -1.058 -1.044 -1.028 -1.008 -0.986 -0.961 -0.937 -0.919 -0.905 -0.886 -0.867 -0.843 -0.804 -0.779 -0.768 -0.753 -0.718
-9999 -9999 -9999 -9999 -9999 -9999 -9999 -9999 -9999 -9999 -9999 -9999 -9999 -9999 -9999 -9999 -9999 -9999 -9999 -1.045 -1.089 -1.132 -1.164 -1.196 -1.223 -1.248 -1.293 -1.337 -1.351 -1.354 -1.353 -1.352 -1.348 -1.346 -1.352 -1.361 -1.357 -1.353 -1.342 -1.328 -1.318 -1.308 -1.303 -1.298 -1.288 -1.277 -1.27 -1.261 -1.244 -1.228 -1.207 -1.187 -1.17 -1.156 -1.144 -1.132 -1.11 -1.087 -1.065 -1.045 -1.028 -1.013 -0.99 -0.968 -0.944 -0.919 -0.903 -0.889 -0.869 -0.849 -0.807 -0.772 -0.759 -0.744 -0.705
-9999 -9999 -9999 -9999 -9999 -9999 -9999 -9999 -9999 -9999 -9999 -9999 -9999 -9999 -9999 -9999 -9999 -9999 -0.998 -1.045 -1.08 -1.1 -1.134 -1.177 -1.208 -1.249 -1.284 -1.312 -1.331 -1.351 -1.346 -1.329 -1.33 -1.342 -1.348 -1.355 -1.348 -1.333 -1.323 -1.313 -1.304 -1.297 -1.292 -1.29 -1.282 -1.281 -1.27 -1.252 -1.236 -1.224 -1.205 -1.188 -1.166 -1.147 -1.13 -1.114 -1.092 -1.071 -1.062 -1.049 -1.024 -1.004 -0.993 -0.977 -0.953 -0.929 -0.909 -0.892 -0.864 -0.838 -0.816 -0.79 -0.749 -0.715 -0.67
-9999 -9999 -9999 -9999 -9999 -9999 -9999 -9999 -9999 -9999 -9999 -9999 -9999 -9999 -9999 -9999 -9999 -0.948 -0.987 -1.043 -1.066 -1.086 -1.126 -1.168 -1.205 -1.236 -1.262 -1.288 -1.317 -1.34 -1.331 -1.315 -1.324 -1.337 -1.342 -1.349 -1.336 -1.322 -1.316 -1.307 -1.301 -1.294 -1.29 -1.288 -1.285 -1.283 -1.267 -1.249 -1.235 -1.223 -1.206 -1.189 -1.169 -1.146 -1.127 -1.108 -1.086 -1.066 -1.056 -1.051 -1.029 -1.005 -0.993 -0.984 -0.96 -0.936 -0.916 -0.895 -0.867 -0.835 -0.812 -0.796 -0.749 -0.696 -0.65
-9999 -9999 -9999 -9999 -9999 -9999 -9999 -9999 -9999 -9999 -9999 -9999 -9999 -9999 -9999 -0.884 -0.915 -0.937 -0.982 -1.035 -1.063 -1.089 -1.132 -1.172 -1.196 -1.211 -1.232 -1.248 -1.277 -1.308 -1.299 -1.281 -1.292 -1.313 -1.313 -1.305 -1.3 -1.311 -1.306 -1.302 -1.297 -1.288 -1.283 -1.281 -1.275 -1.269 -1.254 -1.242 -1.229 -1.217 -1.201 -1.188 -1.163 -1.136 -1.128 -1.116 -1.096 -1.078 -1.065 -1.059 -1.031 -1.007 -0.997 -0.988 -0.969 -0.948 -0.919 -0.893 -0.863 -0.83 -0.79 -0.761 -0.726 -0.678 -0.64
-9999 -9999 -9999 -9999 -9999 -9999 -9999 -9999 -9999 -9999 -9999 -9999 -9999 -9999 -0.87 -0.889 -0.913 -0.939 -9999 -9999 -9999 -9999 -1.116 -1.16 -1.176 -1.191 -1.206 -1.221 -1.253 -1.284 -1.277 -1.262 -1.28 -1.3 -1.293 -1.285 -1.293 -1.305 -1.302 -1.3 -1.295 -1.287 -1.283 -1.279 -1.272 -1.264 -1.251 -1.239 -1.226 -1.215 -1.201 -1.188 -1.162 -1.133 -1.124 -1.119 -1.1 -1.083 -1.07 -1.061 -1.034 -1.006 -0.999 -0.992 -0.973 -0.954 -0.925 -0.893 -0.862 -0.828 -0.787 -0.747 -0.706 -0.665 -0.626
-9999 -9999 -9999 -9999 -9999 -9999 -9999 -9999 -9999 -9999 -9999 -9999 -9999 -9999 -0.868 -0.898 -0.923 -9999 -9999 -9999 -9999 -9999 -1.094 -1.123 -1.142 -1.169 -1.185 -1.204 -1.229 -1.244 -1.245 -1.248 -1.266 -1.282 -1.277 -1.277 -1.284 -1.292 -1.291 -1.29 -1.292 -1.299 -1.294 -1.284 -1.274 -1.265 -1.25 -1.231 -1.217 -1.202 -1.187 -1.174 -1.163 -1.142 -1.124 -1.114 -1.087 -1.064 -1.046 -1.033 -1.016 -0.994 -0.992 -0.991 -0.97 -0.948 -0.91 -0.871 -0.838 -0.801 -0.774 -0.74 -0.701 -0.661 -0.629
-9999 -9999 -9999 -9999 -9999 -9999 -9999 -9999 -9999 -9999 -9999 -9999 -9999 -9999 -9999 -9999 -0.916 -9999 -9999 -9999 -9999 -9999 -1.076 -1.099 -1.124 -1.15 -1.168 -1.185 -1.199 -1.214 -1.223 -1.228 -1.243 -1.26 -1.262 -1.263 -1.269 -1.279 -1.279 -1.281 -1.292 -1.303 -1.297 -1.284 -1.274 -1.264 -1.245 -1.226 -1.211 -1.197 -1.182 -1.168 -1.155 -1.143 -1.127 -1.112 -1.085 -1.058 -1.039 -1.023 -1.005 -0.99 -0.986 -0.988 -0.97 -0.948 -0.909 -0.865 -0.83 -0.793 -0.764 -0.737 -0.696 -0.657 -0.627
-9999 -9999 -9999 -9999 -9999 -9999 -9999 -9999 -9999 -9999 -9999 -9999 -9999 -9999 -9999 -9999 -9999 -9999 -9999 -9999 -9999 -9999 -1.055 -1.079 -1.099 -1.115 -1.124 -1.123 -1.135 -1.151 -1.165 -1.188 -1.204 -1.227 -1.231 -1.238 -1.243 -1.247 -1.256 -1.281 -1.284 -1.268 -1.266 -1.271 -1.262 -1.251 -1.232 -1.212 -1.199 -1.191 -1.186 -1.176 -1.146 -1.124 -1.107 -1.091 -1.072 -1.049 -1.038 -1.025 -1.01 -0.996 -0.971 -0.958 -0.948 -0.933 -0.911 -0.876 -0.845 -0.81 -0.761 -0.721 -0.689 -0.659 -0.616
-9999 -9999 -9999 -9999 -9999 -9999 -9999 -9999 -9999 -9999 -9999 -9999 -9999 -9999 -9999 -9999 -9999 -9999 -9999 -9999 -9999 -9999 -9999 -1.054 -1.068 -1.083 -1.084 -1.083 -1.096 -1.111 -1.134 -1.158 -1.177 -1.199 -1.207 -1.216 -1.221 -1.225 -1.245 -1.269 -1.257 -1.241 -1.248 -1.256 -1.247 -1.237 -1.221 -1.205 -1.195 -1.188 -1.183 -1.177 -1.147 -1.116 -1.099 -1.084 -1.064 -1.046 -1.034 -1.026 -1.01 -0.997 -0.972 -0.946 -0.934 -0.924 -0.905 -0.881 -0.849 -0.815 -0.767 -0.711 -0.676 -0.659 -0.621
-9999 -9999 -9999 -9999 -9999 -9999 -9999 -9999 -9999 -9999 -9999 -9999 -9999 -9999 -9999 -9999 -9999 -9999 -9999 -9999 -9999 -9999 -0.977 -1.002 -1.017 -1.035 -1.04 -1.056 -1.071 -1.094 -1.115 -1.132 -1.15 -1.164 -1.17 -1.176 -1.185 -1.204 -1.217 -1.215 -1.21 -1.222 -1.229 -1.233 -1.227 -1.224 -1.213 -1.209 -1.201 -1.186 -1.177 -1.17 -1.153 -1.131 -1.102 -1.079 -1.054 -1.031 -1.02 -1.012 -0.999 -0.987 -0.971 -0.95 -0.931 -0.917 -0.896 -0.873 -0.841 -0.804 -0.753 -0.696 -0.659 -0.642 -0.617
-9999 -9999 -9999 -9999 -9999 -9999 -9999 -9999 -9999 -9999 -9999 -9999 -9999 -9999 -9999 -9999 -9999 -9999 -9999 -9999 -9999 -9999 -0.955 -0.968 -0.985 -1.002 -1.017 -1.031 -1.051 -1.073 -1.09 -1.107 -1.123 -1.137 -1.142 -1.147 -1.163 -1.183 -1.183 -1.182 -1.192 -1.203 -1.209 -1.213 -1.211 -1.208 -1.205 -1.203 -1.191 -1.179 -1.173 -1.164 -1.148 -1.134 -1.106 -1.076 -1.051 -1.025 -1.013 -1.005 -0.992 -0.982 -0.965 -0.95 -0.931 -0.912 -0.89 -0.867 -0.834 -0.794 -0.741 -0.685 -0.654 -0.64 -0.616
-9999 -9999 -9999 -9999 -9999 -9999 -9999 -9999 -9999 -9999 -9999 -9999 -9999 -9999 -9999 -9999 -9999 -9999 -9999 -9999 -9999 -9999 -0.934 -0.948 -0.966 -0.986 -1.001 -1.015 -1.036 -1.06 -1.07 -1.065 -1.081 -1.099 -1.108 -1.129 -1.137 -1.134 -1.139 -1.155 -1.165 -1.176 -1.182 -1.189 -1.185 -1.176 -1.171 -1.167 -1.159 -1.159 -1.155 -1.149 -1.13 -1.114 -1.093 -1.067 -1.05 -1.03 -1.007 -0.992 -0.975 -0.962 -0.951 -0.938 -0.917 -0.896 -0.881 -0.862 -0.826 -0.782 -0.735 -0.691 -0.657 -0.641 -0.619
-9999 -9999 -9999 -9999 -9999 -9999 -9999 -9999 -9999 -9999 -9999 -9999 -9999 -9999 -9999 -9999 -9999 -9999 -9999 -9999 -9999 -9999 -9999 -0.927 -0.947 -0.968 -0.982 -0.996 -1.018 -1.042 -1.04 -1.035 -1.052 -1.07 -1.09 -1.109 -1.106 -1.101 -1.114 -1.13 -1.14 -1.15 -1.158 -1.166 -1.161 -1.154 -1.149 -1.145 -1.143 -1.143 -1.139 -1.134 -1.12 -1.103 -1.082 -1.06 -1.044 -1.029 -1.007 -0.985 -0.968 -0.953 -0.941 -0.931 -0.907 -0.884 -0.867 -0.852 -0.816 -0.771 -0.726 -0.693 -0.667 -0.646 -0.624
-9999 -9999 -9999 -9999 -9999 -9999 -9999 -9999 -9999 -9999 -9999 -9999 -9999 -9999 -9999 -9999 -9999 -9999 -9999 -9999 -9999 -9999 -9999 -0.917 -0.93 -0.946 -0.954 -0.953 -0.971 -0.99 -0.998 -1.026 -1.039 -1.042 -1.06 -1.079 -1.079 -1.087 -1.096 -1.098 -1.105 -1.111 -1.117 -1.125 -1.123 -1.123 -1.122 -1.128 -1.124 -1.115 -1.111 -1.107 -1.091 -1.076 -1.07 -1.057 -1.033 -1.014 -0.99 -0.966 -0.951 -0.936 -0.921 -0.909 -0.892 -0.872 -0.847 -0.825 -0.791 -0.749 -0.717 -0.692 -0.68 -0.664 -0.642
-9999 -9999 -9999 -9999 -9999 -9999 -9999 -9999 -9999 -9999 -9999 -9999 -9999 -9999 -9999 -9999 -9999 -9999 -9999 -9999 -9999 -9999 -0.891 -0.904 -0.913 -0.925 -0.926 -0.924 -0.94 -0.957 -0.982 -1.009 -1.014 -1.017 -1.034 -1.052 -1.061 -1.068 -1.071 -1.073 -1.077 -1.081 -1.087 -1.094 -1.096 -1.097 -1.102 -1.108 -1.101 -1.091 -1.088 -1.085 -1.07 -1.055 -1.051 -1.049 -1.026 -1.001 -0.977 -0.953 -0.937 -0.923 -0.908 -0.894 -0.876 -0.861 -0.835 -0.808 -0.773 -0.739 -0.715 -0.698 -0.686 -0.676 -0.653
-9999 -9999 -9999 -9999 -9999 -9999 -9999 -9999 -9999 -9999 -9999 -9999 -9999 -9999 -9999 -9999 -9999 -9999 -9999 -9999 -9999 -9999 -0.884 -0.884 -0.885 -0.88 -0.882 -0.895 -0.916 -0.951 -0.968 -0.971 -0.977 -0.985 -0.998 -1.005 -1.014 -1.025 -1.029 -1.04 -1.045 -1.055 -1.063 -1.075 -1.076 -1.073 -1.075 -1.077 -1.067 -1.05 -1.048 -1.053 -1.042 -1.029 -1.027 -1.027 -1.007 -0.984 -0.967 -0.947 -0.926 -0.909 -0.885 -0.866 -0.848 -0.83 -0.808 -0.782 -0.763 -0.738 -0.721 -0.709 -0.693 -0.68 -0.654
-9999 -9999 -9999 -9999 -9999 -9999 -9999 -9999 -9999 -9999 -9999 -9999 -9999 -9999 -9999 -9999 -9999 -9999 -9999 -9999 -9999 -9999 -0.864 -0.869 -0.863 -0.856 -0.862 -0.871 -0.901 -0.935 -0.94 -0.943 -0.951 -0.959 -0.966 -0.973 -0.983 -0.994 -1.005 -1.014 -1.022 -1.032 -1.042 -1.054 -1.053 -1.05 -1.051 -1.052 -1.039 -1.021 -1.023 -1.028 -1.018 -1.008 -1.006 -1.006 -0.99 -0.97 -0.954 -0.938 -0.918 -0.898 -0.874 -0.85 -0.831 -0.812 -0.79 -0.772 -0.754 -0.739 -0.726 -0.72 -0.704 -0.688 -0.661
-9999 -9999 -9999 -9999 -9999 -9999 -9999 -9999 -9999 -9999 -9999 -9999 -9999 -9999 -9999 -9999 -9999 -9999 -9999 -9999 -9999 -0.841 -0.851 -0.847 -0.841 -0.838 -0.844 -0.86 -0.88 -0.898 -0.909 -0.935 -0.938 -0.929 -0.936 -0.947 -0.957 -0.97 -0.98 -0.993 -0.999 -1.005 -1.011 -1.014 -1.015 -1.023 -1.023 -1.023 -1.015 -1.012 -1.01 -0.999 -0.993 -0.986 -0.978 -0.975 -0.957 -0.939 -0.932 -0.92 -0.883 -0.851 -0.848 -0.836 -0.82 -0.805 -0.797 -0.786 -0.749 -0.725 -0.713 -0.709 -0.695 -0.679 -0.65
-9999 -9999 -9999 -9999 -9999 -9999 -9999 -9999 -9999 -9999 -9999 -9999 -9999 -9999 -9999 -9999 -9999 -9999 -9999 -9999 -0.814 -0.825 -0.828 -0.832 -0.829 -0.825 -0.836 -0.849 -0.859 -0.872 -0.893 -0.917 -0.911 -0.903 -0.912 -0.922 -0.933 -0.944 -0.956 -0.969 -0.975 -0.981 -0.982 -0.984 -0.991 -0.999 -0.998 -0.998 -0.998 -0.996 -0.986 -0.977 -0.972 -0.968 -0.96 -0.954 -0.936 -0.917 -0.912 -0.907 -0.87 -0.829 -0.824 -0.824 -0.81 -0.802 -0.795 -0.792 -0.756 -0.723 -0.716 -0.713 -0.699 -0.684 -0.654
-9999 -9999 -9999 -9999 -9999 -9999 -9999 -9999 -9999 -9999 -9999 -9999 -9999 -9999 -9999 -9999 -9999 -9999 -0.773 -0.787 -0.796 -0.784 -0.791 -0.811 -0.809 -0.81 -0.819 -0.829 -0.836 -0.849 -0.863 -0.88 -0.876 -0.878 -0.887 -0.898 -0.908 -0.919 -0.927 -0.932 -0.939 -0.952 -0.954 -0.954 -0.956 -0.953 -0.956 -0.971 -0.972 -0.973 -0.965 -0.956 -0.957 -0.958 -0.944 -0.935 -0.93 -0.919 -0.901 -0.89 -0.859 -0.821 -0.812 -0.812 -0.802 -0.795 -0.779 -0.771 -0.753 -0.734 -0.724 -0.718 -0.701 -0.681 -0.655
-9999 -9999 -9999 -9999 -9999 -9999 -9999 -9999 -9999 -9999 -9999 -9999 -9999 -9999 -9999 -9999 -9999 -0.749 -0.759 -0.765 -0.763 -0.762 -0.778 -0.797 -0.798 -0.799 -0.806 -0.815 -0.823 -0.833 -0.843 -0.856 -0.855 -0.855 -0.864 -0.875 -0.884 -0.894 -0.898 -0.902 -0.913 -0.926 -0.927 -0.928 -0.926 -0.922 -0.934 -0.949 -0.952 -0.954 -0.946 -0.938 -0.94 -0.944 -0.932 -0.919 -0.915 -0.912 -0.895 -0.877 -0.849 -0.818 -0.813 -0.812 -0.803 -0.797 -0.781 -0.764 -0.751 -0.745 -0.736 -0.726 -0.711 -0.688 -0.662
-9999 -9999 -9999 -9999 -9999 -9999 -9999 -9999 -9999 -9999 -9999 -9999 -9999 -9999 -0.71 -0.701 -0.706 -0.717 -0.722 -0.731 -0.731 -0.732 -0.749 -0.774 -0.772 -0.766 -0.772 -0.782 -0.792 -0.811 -0.817 -0.821 -0.818 -0.817 -0.825 -0.844 -0.853 -0.867 -0.869 -0.867 -0.879 -0.897 -0.895 -0.888 -0.887 -0.887 -0.899 -0.913 -0.92 -0.934 -0.931 -0.925 -0.911 -0.906 -0.895 -0.882 -0.886 -0.888 -0.873 -0.858 -0.852 -0.834 -0.81 -0.798 -0.791 -0.786 -0.774 -0.762 -0.763 -0.767 -0.751 -0.737 -0.726 -0.707 -0.679
-9999 -9999 -9999 -9999 -9999 -9999 -9999 -9999 -9999 -9999 -9999 -9999 -0.717 -0.708 -0.696 -0.69 -0.689 -0.698 -0.707 -0.714 -0.715 -0.715 -0.736 -0.759 -0.754 -0.748 -0.755 -0.764 -0.779 -0.796 -0.798 -0.802 -0.799 -0.796 -0.808 -0.824 -0.832 -0.843 -0.841 -0.839 -0.854 -0.871 -0.865 -0.858 -0.859 -0.86 -0.872 -0.887 -0.901 -0.916 -0.914 -0.911 -0.897 -0.882 -0.871 -0.86 -0.864 -0.874 -0.863 -0.852 -0.849 -0.844 -0.822 -0.797 -0.79 -0.785 -0.772 -0.766 -0.77 -0.782 -0.768 -0.751 -0.739 -0.723 -0.696
-9999 -9999 -9999 -9999 -9999 -9999 -9999 -9999 -0.728 -0.729 -0.721 -0.713 -0.71 -0.678 -0.667 -0.661 -0.664 -0.688 -0.689 -0.675 -0.682 -0.703 -0.716 -0.719 -0.722 -0.745 -0.749 -0.746 -0.755 -0.759 -0.765 -0.785 -0.782 -0.781 -0.789 -0.793 -0.799 -0.809 -0.807 -0.812 -0.82 -0.825 -0.824 -0.834 -0.834 -0.83 -0.846 -0.87 -0.883 -0.893 -0.896 -0.896 -0.874 -0.855 -0.85 -0.843 -0.846 -0.854 -0.858 -0.856 -0.845 -0.838 -0.823 -0.802 -0.794 -0.789 -0.768 -0.758 -0.761 -0.77 -0.765 -0.754 -0.741 -0.723 -0.697
-9999 -9999 -9999 -9999 -9999 -9999 -9999 -0.725 -0.719 -0.717 -0.709 -0.711 -0.692 -0.668 -0.66 -0.653 -0.662 -0.681 -0.668 -0.654 -0.673 -0.694 -0.696 -0.698 -0.717 -0.739 -0.737 -0.735 -0.737 -0.739 -0.754 -0.772 -0.771 -0.77 -0.773 -0.776 -0.782 -0.79 -0.792 -0.795 -0.797 -0.799 -0.807 -0.817 -0.814 -0.81 -0.83 -0.855 -0.865 -0.876 -0.881 -0.885 -0.866 -0.843 -0.838 -0.834 -0.838 -0.844 -0.848 -0.854 -0.844 -0.833 -0.819 -0.803 -0.796 -0.792 -0.776 -0.763 -0.766 -0.773 -0.768 -0.764 -0.752 -0.737 -0.712
-9999 -9999 -9999 -9999 -9999 -9999 -0.732 -0.717 -0.707 -0.699 -0.69 -0.678 -0.664 -0.665 -0.653 -0.635 -0.637 -0.643 -0.631 -0.64 -0.658 -0.678 -0.683 -0.691 -0.704 -0.709 -0.71 -0.719 -0.722 -0.727 -0.741 -0.759 -0.758 -0.757 -0.76 -0.764 -0.769 -0.774 -0.775 -0.775 -0.776 -0.781 -0.787 -0.798 -0.8 -0.813 -0.824 -0.821 -0.832 -0.852 -0.852 -0.841 -0.845 -0.835 -0.828 -0.823 -0.823 -0.827 -0.825 -0.828 -0.83 -0.827 -0.814 -0.798 -0.782 -0.776 -0.784 -0.785 -0.775 -0.774 -0.768 -0.763 -0.745 -0.726 -0.723
