Validation/Results/raw data/ReClimate_01_2024_2_Temperatureweatherlogisticsltd.asc
NCOLS 192
NROWS 249
XLLCENTER -225160.85627316462
YLLCENTER 29788.11610251502
CELLSIZE 5000.0
NODATA_VALUE -9999
[rows 136 to 169 of 249, columns 77 to 153 of 192]
-9999 -9999 -9999 -9999 -9999 -9999 -9999 -9999 0.889 -9999 0.887 0.888 0.875 0.861 0.862 0.863 0.846 0.826 0.816 0.805 0.813 0.824 0.81 0.793 0.792 0.795 0.785 0.77 -9999 -9999 -9999 -9999 -9999 -9999 0.788 0.791 0.793 0.794 0.789 0.778 0.768 0.756 0.765 0.776 0.781 0.786 0.794 0.803 0.807 0.812 0.799 0.781 0.779 0.775 0.77 0.764 0.754 -9999 -9999 -9999 -9999 -9999 -9999 -9999 -9999 -9999 -9999 -9999 -9999 -9999 -9999 -9999 -9999 -9999 -9999 -9999 -9999
-9999 -9999 -9999 -9999 -9999 -9999 -9999 -9999 0.884 0.886 0.886 0.884 0.872 0.866 0.858 0.835 0.824 0.822 0.811 0.803 0.806 0.803 0.793 0.789 0.784 0.776 0.769 0.762 -9999 -9999 -9999 -9999 0.78 0.774 0.779 0.79 0.792 0.792 0.784 0.766 0.76 0.755 0.76 0.759 0.765 0.774 0.781 0.789 0.791 0.793 0.807 0.806 0.796 0.788 0.783 0.769 0.761 -9999 -9999 -9999 -9999 -9999 -9999 -9999 -9999 -9999 -9999 -9999 -9999 -9999 -9999 -9999 -9999 -9999 -9999 -9999 -9999
0.868 -9999 -9999 -9999 -9999 -9999 -9999 -9999 0.883 0.881 0.879 -9999 -9999 0.863 0.842 0.819 0.818 -9999 0.806 0.796 0.792 0.788 0.784 0.78 0.77 0.763 -9999 -9999 -9999 -9999 -9999 0.773 0.769 0.763 0.774 0.785 0.787 0.786 0.774 0.758 0.755 0.751 0.75 0.748 0.756 0.765 0.772 0.779 0.781 0.782 0.796 0.81 0.802 0.789 0.784 0.776 0.768 -9999 -9999 -9999 -9999 -9999 -9999 -9999 -9999 -9999 -9999 -9999 -9999 -9999 -9999 -9999 -9999 -9999 -9999 -9999 -9999
0.863 -9999 -9999 -9999 -9999 -9999 -9999 -9999 -9999 0.872 0.872 -9999 -9999 -9999 0.83 0.834 0.829 0.817 -9999 -9999 0.777 0.771 0.763 0.758 0.753 -9999 -9999 -9999 -9999 -9999 0.775 0.78 0.778 0.775 0.779 0.768 0.77 0.774 0.768 0.771 0.764 0.746 0.749 0.757 0.757 0.741 0.751 0.77 0.773 0.776 0.789 0.804 0.815 0.815 0.797 0.782 0.775 -9999 -9999 -9999 -9999 -9999 -9999 -9999 -9999 -9999 -9999 -9999 -9999 -9999 -9999 -9999 -9999 -9999 -9999 -9999 -9999
-9999 -9999 -9999 -9999 -9999 -9999 -9999 -9999 -9999 -9999 0.861 -9999 -9999 -9999 -9999 0.833 0.823 0.81 -9999 -9999 -9999 0.752 0.746 -9999 -9999 -9999 -9999 -9999 -9999 -9999 0.766 0.778 0.777 0.775 0.767 0.756 0.762 0.765 0.767 0.771 0.757 0.741 0.749 0.757 0.744 0.728 0.744 0.762 0.766 0.769 0.782 0.796 0.807 0.819 0.803 0.78 0.773 -9999 -9999 -9999 -9999 -9999 -9999 -9999 -9999 -9999 -9999 -9999 -9999 -9999 -9999 -9999 -9999 -9999 -9999 -9999 -9999
-9999 -9999 -9999 -9999 -9999 -9999 -9999 -9999 -9999 -9999 0.849 -9999 -9999 -9999 -9999 -9999 0.799 0.792 -9999 -9999 -9999 -9999 -9999 -9999 -9999 -9999 -9999 -9999 -9999 -9999 0.756 0.75 0.748 0.746 0.745 0.755 0.756 0.745 0.748 0.757 0.751 0.753 0.754 0.743 0.732 0.721 0.734 0.746 0.761 0.771 0.783 0.797 0.812 0.827 0.808 0.784 0.768 0.749 -9999 -9999 -9999 -9999 -9999 -9999 -9999 -9999 -9999 -9999 -9999 -9999 -9999 -9999 -9999 -9999 -9999 -9999 -9999
0.874 0.88 0.871 -9999 -9999 -9999 -9999 -9999 -9999 -9999 0.84 -9999 -9999 -9999 -9999 -9999 -9999 -9999 -9999 -9999 -9999 -9999 -9999 -9999 -9999 -9999 -9999 -9999 -9999 0.737 0.735 0.735 0.734 0.731 0.741 0.752 0.745 0.733 0.739 0.747 0.751 0.753 0.745 0.734 0.726 0.715 0.725 0.736 0.751 0.767 0.779 0.792 0.807 0.822 0.805 0.78 0.765 0.744 0.725 -9999 -9999 -9999 -9999 -9999 -9999 -9999 -9999 -9999 -9999 -9999 -9999 -9999 -9999 -9999 -9999 -9999 -9999
0.864 0.874 0.87 -9999 -9999 -9999 -9999 -9999 -9999 -9999 -9999 -9999 -9999 -9999 -9999 -9999 -9999 -9999 -9999 -9999 -9999 -9999 -9999 -9999 -9999 -9999 -9999 -9999 0.742 0.744 0.744 0.736 0.741 0.752 0.756 0.747 0.744 0.742 0.745 0.745 0.749 0.752 0.744 0.732 0.729 0.731 0.741 0.75 0.757 0.749 0.767 0.783 0.787 0.796 0.801 0.789 0.766 0.742 0.732 -9999 -9999 -9999 -9999 -9999 -9999 -9999 -9999 -9999 -9999 -9999 -9999 -9999 -9999 -9999 -9999 -9999 -9999
0.854 -9999 0.861 0.86 -9999 -9999 -9999 -9999 -9999 -9999 -9999 -9999 -9999 -9999 -9999 -9999 -9999 -9999 -9999 -9999 -9999 -9999 -9999 -9999 -9999 -9999 -9999 -9999 0.727 0.744 0.741 0.734 0.745 0.757 0.751 0.742 0.744 0.742 0.741 0.741 0.745 0.748 0.739 0.729 0.732 0.735 0.743 0.751 0.746 0.739 0.755 0.774 0.778 0.781 0.785 0.787 0.766 0.737 0.728 0.716 0.714 -9999 -9999 -9999 -9999 -9999 -9999 -9999 -9999 -9999 -9999 -9999 -9999 -9999 -9999 -9999 -9999
0.855 -9999 -9999 0.856 -9999 -9999 -9999 -9999 -9999 -9999 -9999 -9999 -9999 -9999 -9999 -9999 -9999 -9999 -9999 -9999 -9999 -9999 -9999 -9999 -9999 -9999 -9999 -9999 0.7 0.714 0.716 0.727 0.739 0.754 0.754 0.759 0.761 0.757 0.754 0.745 0.745 0.741 0.733 0.72 0.728 0.745 0.749 0.744 0.753 0.754 0.756 0.766 0.764 0.763 0.756 0.751 0.749 0.732 0.724 0.714 0.712 0.707 0.688 0.668 -9999 -9999 -9999 -9999 -9999 -9999 -9999 -9999 -9999 -9999 -9999 -9999 -9999
0.844 0.839 -9999 0.85 -9999 -9999 -9999 -9999 -9999 -9999 -9999 -9999 -9999 -9999 -9999 -9999 -9999 -9999 -9999 -9999 -9999 -9999 -9999 -9999 -9999 -9999 -9999 0.693 0.695 0.699 0.71 0.72 0.734 0.749 0.756 0.762 0.763 0.76 0.752 0.743 0.741 0.737 0.727 0.715 0.729 0.746 0.743 0.738 0.747 0.756 0.758 0.759 0.757 0.752 0.745 0.734 0.731 0.726 0.72 0.711 0.709 0.706 0.686 0.675 0.653 0.667 -9999 -9999 -9999 -9999 -9999 -9999 -9999 -9999 -9999 -9999 -9999
0.848 -9999 0.836 -9999 -9999 -9999 -9999 -9999 -9999 -9999 -9999 -9999 -9999 -9999 -9999 -9999 -9999 -9999 -9999 -9999 -9999 -9999 -9999 -9999 -9999 -9999 -9999 -9999 0.686 0.693 0.705 0.721 0.732 0.735 0.747 0.769 0.766 0.748 0.744 0.745 0.746 0.749 0.74 0.726 0.732 0.725 0.723 0.724 0.733 0.743 0.746 0.748 0.753 0.754 0.761 0.76 0.739 0.725 0.731 0.731 0.712 0.699 0.701 0.693 0.683 0.657 0.665 -9999 -9999 -9999 -9999 -9999 -9999 -9999 -9999 -9999 -9999
0.831 0.815 0.82 -9999 -9999 -9999 -9999 -9999 -9999 -9999 -9999 -9999 -9999 -9999 -9999 -9999 -9999 -9999 -9999 -9999 -9999 -9999 -9999 -9999 -9999 -9999 -9999 -9999 -9999 0.682 0.7 0.718 0.722 0.726 0.746 0.768 0.758 0.742 0.743 0.744 0.748 0.752 0.742 0.728 0.722 0.714 0.715 0.716 0.725 0.735 0.738 0.74 0.745 0.751 0.758 0.765 0.747 0.723 0.73 0.738 0.721 0.698 0.7 0.702 0.694 0.684 0.665 0.677 -9999 -9999 -9999 -9999 -9999 -9999 -9999 -9999 -9999
0.812 0.802 -9999 -9999 -9999 -9999 -9999 -9999 -9999 -9999 -9999 -9999 -9999 -9999 -9999 -9999 -9999 -9999 -9999 -9999 -9999 -9999 -9999 -9999 -9999 -9999 -9999 -9999 -9999 0.678 0.697 0.716 0.724 0.729 0.749 0.771 0.765 0.755 0.754 0.746 0.746 0.737 0.732 0.736 0.727 0.709 0.716 0.733 0.739 0.741 0.744 0.747 0.749 0.752 0.748 0.749 0.748 0.735 0.735 0.739 0.731 0.714 0.717 0.72 0.716 0.709 0.694 0.674 0.701 -9999 -9999 -9999 -9999 -9999 -9999 -9999 -9999
0.795 0.782 -9999 -9999 -9999 -9999 -9999 -9999 -9999 -9999 -9999 -9999 -9999 -9999 -9999 -9999 -9999 -9999 -9999 -9999 -9999 -9999 -9999 -9999 -9999 -9999 -9999 -9999 -9999 -9999 0.692 0.708 0.718 0.726 0.746 0.769 0.766 0.758 0.752 0.745 0.738 0.729 0.733 0.736 0.723 0.706 0.72 0.737 0.739 0.74 0.743 0.746 0.749 0.75 0.747 0.742 0.742 0.739 0.739 0.738 0.731 0.721 0.724 0.728 0.724 0.719 0.707 0.689 0.698 -9999 -9999 -9999 -9999 -9999 -9999 -9999 -9999
-9999 -9999 -9999 -9999 -9999 -9999 -9999 -9999 -9999 -9999 -9999 -9999 -9999 -9999 -9999 -9999 -9999 -9999 -9999 -9999 -9999 -9999 -9999 -9999 -9999 -9999 -9999 -9999 -9999 -9999 0.686 0.708 0.724 0.746 0.759 0.749 0.75 0.756 0.752 0.746 0.743 0.745 0.744 0.732 0.724 0.724 0.733 0.732 0.739 0.744 0.752 0.759 0.752 0.749 0.76 0.763 0.753 0.744 0.75 0.753 0.744 0.733 0.747 0.759 0.747 0.739 0.736 0.726 0.723 0.719 -9999 -9999 -9999 -9999 -9999 -9999 -9999
-9999 -9999 -9999 -9999 -9999 -9999 -9999 -9999 -9999 -9999 -9999 -9999 -9999 -9999 -9999 -9999 -9999 -9999 -9999 -9999 -9999 -9999 -9999 -9999 -9999 -9999 -9999 -9999 -9999 -9999 -9999 0.701 0.723 0.748 0.745 0.736 0.747 0.753 0.749 0.744 0.746 0.748 0.739 0.728 0.729 0.729 0.729 0.727 0.735 0.743 0.752 0.762 0.757 0.748 0.759 0.77 0.76 0.746 0.752 0.757 0.749 0.738 0.752 0.77 0.76 0.747 0.745 0.74 0.738 0.735 -9999 -9999 -9999 -9999 -9999 -9999 -9999
-9999 -9999 -9999 -9999 -9999 -9999 -9999 -9999 -9999 -9999 -9999 -9999 -9999 -9999 -9999 -9999 -9999 -9999 -9999 -9999 -9999 -9999 -9999 -9999 -9999 -9999 -9999 -9999 -9999 -9999 -9999 0.687 -9999 0.72 0.719 0.716 0.727 -9999 0.73 0.726 0.733 0.752 0.745 0.738 0.733 0.715 0.716 0.723 0.73 0.738 0.743 0.751 0.753 0.749 0.761 0.774 0.786 0.786 0.773 0.768 0.768 0.762 0.758 0.764 0.767 0.761 0.753 0.746 0.745 0.742 0.739 -9999 -9999 -9999 -9999 -9999 -9999
-9999 -9999 -9999 -9999 -9999 -9999 -9999 -9999 -9999 -9999 -9999 -9999 -9999 -9999 -9999 -9999 -9999 -9999 -9999 -9999 -9999 -9999 -9999 -9999 -9999 -9999 -9999 -9999 -9999 -9999 -9999 -9999 0.685 0.703 -9999 -9999 -9999 -9999 0.721 0.717 0.732 0.751 0.746 0.74 0.726 0.708 0.713 0.72 0.728 0.737 0.742 0.746 0.749 0.75 0.762 0.775 0.787 0.8 0.789 0.772 0.773 0.771 0.768 0.763 0.765 0.767 0.76 0.749 0.749 0.747 0.744 0.739 0.73 -9999 -9999 -9999 -9999
-9999 -9999 -9999 -9999 -9999 -9999 -9999 -9999 -9999 -9999 -9999 -9999 -9999 -9999 -9999 -9999 -9999 -9999 -9999 -9999 -9999 -9999 -9999 -9999 -9999 -9999 -9999 -9999 -9999 -9999 -9999 -9999 0.682 0.691 -9999 -9999 -9999 -9999 0.716 0.731 0.745 0.755 0.753 0.752 0.739 0.72 0.725 0.731 0.734 0.74 0.75 0.758 0.761 0.763 0.773 0.785 0.793 0.803 0.802 0.793 0.779 0.77 0.775 0.775 0.769 0.766 0.762 0.753 0.758 0.76 0.755 0.747 0.751 -9999 -9999 -9999 -9999
-9999 -9999 -9999 -9999 -9999 -9999 -9999 -9999 -9999 -9999 -9999 -9999 -9999 -9999 -9999 -9999 -9999 -9999 -9999 -9999 -9999 -9999 -9999 -9999 -9999 -9999 -9999 -9999 -9999 -9999 -9999 -9999 0.681 -9999 -9999 -9999 -9999 0.711 0.723 0.734 0.743 0.753 0.754 0.753 0.74 0.723 0.73 0.737 0.74 0.742 0.753 0.763 0.766 0.768 0.778 0.789 0.797 0.805 0.804 0.801 0.789 0.771 0.776 0.781 0.776 0.768 0.764 0.758 0.762 0.767 0.763 0.755 -9999 -9999 -9999 -9999 -9999
-9999 -9999 -9999 -9999 -9999 -9999 -9999 -9999 -9999 -9999 -9999 -9999 -9999 -9999 -9999 -9999 -9999 -9999 -9999 -9999 -9999 -9999 -9999 -9999 -9999 -9999 -9999 -9999 -9999 -9999 -9999 -9999 -9999 -9999 -9999 -9999 -9999 0.717 0.726 0.719 0.729 0.739 0.74 0.744 0.74 0.749 0.755 0.754 0.76 0.768 0.77 0.777 0.779 0.781 0.789 0.798 0.815 0.83 0.816 0.806 0.803 0.792 0.788 0.788 0.788 0.782 0.781 0.777 0.789 0.8 0.783 0.766 -9999 -9999 -9999 -9999 -9999
-9999 -9999 -9999 -9999 -9999 -9999 -9999 -9999 -9999 -9999 -9999 -9999 -9999 -9999 -9999 -9999 -9999 -9999 -9999 -9999 -9999 -9999 -9999 -9999 -9999 -9999 -9999 -9999 -9999 -9999 -9999 -9999 -9999 -9999 -9999 -9999 -9999 0.715 0.715 0.71 0.721 0.731 0.735 0.74 0.749 0.76 0.762 0.761 0.769 0.776 0.78 0.781 0.784 0.786 0.794 0.801 0.819 0.838 0.826 0.809 0.806 0.8 0.798 0.793 0.792 0.789 0.788 0.786 0.799 0.813 0.798 0.774 -9999 -9999 -9999 -9999 -9999
-9999 -9999 -9999 -9999 -9999 -9999 -9999 -9999 -9999 -9999 -9999 -9999 -9999 -9999 -9999 -9999 -9999 -9999 -9999 -9999 -9999 -9999 -9999 -9999 -9999 -9999 -9999 -9999 -9999 -9999 -9999 -9999 -9999 -9999 -9999 -9999 0.696 0.71 0.716 0.726 0.733 0.73 0.739 0.757 0.768 0.777 0.776 0.765 0.77 0.776 0.786 0.793 0.795 0.796 0.804 0.812 0.811 0.818 0.826 0.821 0.825 0.825 0.82 0.814 0.81 0.806 0.807 0.807 0.797 0.797 0.804 0.785 0.778 -9999 -9999 -9999 -9999
-9999 -9999 -9999 -9999 -9999 -9999 -9999 -9999 -9999 -9999 -9999 -9999 -9999 -9999 -9999 -9999 -9999 -9999 -9999 -9999 -9999 -9999 -9999 -9999 -9999 -9999 -9999 -9999 -9999 -9999 -9999 -9999 -9999 -9999 -9999 -9999 0.691 0.704 0.717 0.728 0.73 0.728 0.745 0.763 0.773 0.783 0.776 0.766 0.771 0.775 0.786 0.796 0.799 0.8 0.808 0.816 0.815 0.812 0.819 0.825 0.83 0.834 0.83 0.822 0.819 0.813 0.815 0.816 0.807 0.794 0.8 0.806 0.791 -9999 -9999 -9999 -9999
-9999 -9999 -9999 -9999 -9999 -9999 -9999 -9999 -9999 -9999 -9999 -9999 -9999 -9999 -9999 -9999 -9999 -9999 -9999 -9999 -9999 -9999 -9999 -9999 -9999 -9999 -9999 -9999 -9999 -9999 -9999 -9999 -9999 -9999 -9999 0.687 0.704 0.724 0.732 0.726 0.731 0.734 0.748 0.756 0.763 0.769 0.768 0.777 0.773 0.771 0.789 0.805 0.805 0.804 0.813 0.821 0.825 0.826 0.834 0.842 0.843 0.845 0.842 0.835 0.838 0.837 0.831 0.827 0.82 0.809 0.814 0.821 0.813 0.796 -9999 -9999 -9999
-9999 -9999 -9999 -9999 -9999 -9999 -9999 -9999 -9999 -9999 -9999 -9999 -9999 -9999 -9999 -9999 -9999 -9999 -9999 -9999 -9999 -9999 -9999 -9999 -9999 -9999 -9999 -9999 -9999 -9999 -9999 -9999 -9999 -9999 -9999 0.687 0.707 0.727 0.726 0.722 0.73 0.736 0.745 0.752 0.758 0.762 0.771 0.78 0.776 0.77 0.787 0.807 0.807 0.805 0.814 0.822 0.827 0.83 0.839 0.848 0.849 0.848 0.846 0.84 0.844 0.846 0.841 0.832 0.826 0.817 0.823 0.828 0.822 0.811 -9999 -9999 -9999
-9999 -9999 -9999 -9999 -9999 -9999 -9999 -9999 -9999 -9999 -9999 -9999 -9999 -9999 -9999 -9999 -9999 -9999 -9999 -9999 -9999 -9999 -9999 -9999 -9999 -9999 -9999 -9999 -9999 -9999 -9999 -9999 -9999 -9999 -9999 0.697 0.711 0.724 0.729 0.739 0.747 0.749 0.756 0.753 0.756 0.754 0.763 0.773 0.769 0.762 0.781 0.801 0.803 0.802 0.808 0.815 0.823 0.829 0.839 0.849 0.842 0.836 0.834 0.829 0.833 0.836 0.841 0.839 0.843 0.841 0.839 0.837 0.835 0.829 0.83 -9999 -9999
-9999 -9999 -9999 -9999 -9999 -9999 -9999 -9999 -9999 -9999 -9999 -9999 -9999 -9999 -9999 -9999 -9999 -9999 -9999 -9999 -9999 -9999 -9999 -9999 -9999 -9999 -9999 -9999 -9999 -9999 -9999 -9999 -9999 -9999 -9999 -9999 0.706 0.719 0.731 0.742 0.748 0.752 0.755 0.753 0.753 0.75 0.76 0.769 0.766 0.759 0.777 0.798 0.8 0.801 0.807 0.812 0.82 0.828 0.838 0.848 0.842 0.832 0.83 0.826 0.83 0.833 0.838 0.843 0.847 -9999 0.85 -9999 0.843 0.84 0.843 0.837 -9999
-9999 -9999 -9999 -9999 -9999 -9999 -9999 -9999 -9999 -9999 -9999 -9999 -9999 -9999 -9999 -9999 -9999 -9999 -9999 -9999 -9999 -9999 -9999 -9999 -9999 -9999 -9999 -9999 -9999 -9999 -9999 -9999 -9999 -9999 -9999 0.687 0.697 0.719 0.729 0.734 0.737 0.733 0.738 0.744 0.748 0.758 0.765 0.767 0.765 0.763 0.768 0.78 0.786 0.789 0.801 0.81 0.814 0.82 0.83 0.84 0.841 0.836 0.834 0.83 0.835 0.839 0.852 0.861 0.851 0.847 0.853 0.855 -9999 0.854 0.864 0.853 0.85
-9999 -9999 -9999 -9999 -9999 -9999 -9999 -9999 -9999 -9999 -9999 -9999 -9999 -9999 -9999 -9999 -9999 -9999 -9999 -9999 -9999 -9999 -9999 -9999 -9999 -9999 -9999 -9999 -9999 -9999 -9999 -9999 -9999 -9999 -9999 0.678 0.695 0.717 0.723 0.728 0.727 0.723 0.732 0.74 0.751 0.761 0.764 0.766 0.767 0.765 0.769 0.773 0.779 0.784 0.796 0.809 0.814 0.816 0.826 0.836 0.837 0.837 0.836 0.833 0.838 0.843 0.855 0.869 0.861 0.848 0.855 0.861 0.868 -9999 -9999 -9999 -9999
-9999 -9999 -9999 -9999 -9999 -9999 -9999 -9999 -9999 -9999 -9999 -9999 -9999 -9999 -9999 -9999 -9999 -9999 -9999 -9999 -9999 -9999 -9999 -9999 -9999 -9999 -9999 -9999 -9999 -9999 -9999 -9999 -9999 -9999 0.677 0.701 0.717 0.725 0.732 0.742 0.74 0.729 0.74 0.749 0.761 0.766 0.77 0.774 0.767 0.762 0.771 0.778 0.777 0.778 0.791 0.804 0.827 0.841 0.827 0.823 0.833 0.837 0.842 0.842 0.853 0.861 0.868 0.878 0.866 0.851 0.874 0.89 0.884 0.883 0.887 -9999 -9999
-9999 -9999 -9999 -9999 -9999 -9999 -9999 -9999 -9999 -9999 -9999 -9999 -9999 -9999 -9999 -9999 -9999 -9999 -9999 -9999 -9999 -9999 -9999 -9999 -9999 -9999 -9999 -9999 -9999 -9999 -9999 -9999 -9999 -9999 0.706 0.711 0.72 0.727 0.736 0.746 0.74 0.73 0.741 0.751 0.76 0.767 0.772 0.777 0.77 0.761 0.77 0.779 0.779 0.776 0.788 0.801 0.823 0.848 0.836 0.818 0.827 0.838 0.842 0.846 0.858 0.869 0.877 0.885 0.874 0.858 0.88 0.906 0.901 0.892 0.899 0.903 -9999
-9999 -9999 -9999 -9999 -9999 -9999 -9999 -9999 -9999 -9999 -9999 -9999 -9999 -9999 -9999 -9999 -9999 -9999 -9999 -9999 -9999 -9999 -9999 -9999 -9999 -9999 -9999 -9999 -9999 -9999 -9999 -9999 -9999 -9999 -9999 0.721 0.729 0.737 0.744 0.747 0.744 0.742 0.753 0.763 0.769 0.766 0.777 0.795 0.789 0.78 0.778 0.781 0.801 0.811 0.808 0.813 0.819 0.835 0.845 0.841 0.837 0.84 0.856 0.867 0.876 0.888 0.898 0.909 0.906 0.896 0.894 0.905 0.912 0.912 0.914 0.917 0.924
