Validation/Results/raw data/ReClimate_07_2024_1.asc
NCOLS 192
NROWS 249
XLLCENTER -225160.85627316462
YLLCENTER 29788.11610251502
CELLSIZE 5000.0
NODATA_VALUE -9999
[rows 136 to 169 of 249, columns 75 to 149 of 192]
95.932 -9999 -9999 -9999 -9999 -9999 -9999 -9999 -9999 -9999 96.187 -9999 96.254 96.287 96.32 96.35 96.38 96.408 96.434 96.456 96.477 96.497 96.515 96.532 96.547 96.562 96.533 96.434 96.33 96.235 -9999 -9999 -9999 -9999 -9999 -9999 95.674 95.595 95.509 95.416 95.304 95.158 95.018 94.898 94.786 94.677 94.572 94.471 94.372 94.277 94.184 94.095 94.009 93.927 93.849 93.776 93.708 93.647 93.61 -9999 -9999 -9999 -9999 -9999 -9999 -9999 -9999 -9999 -9999 -9999 -9999 -9999 -9999 -9999 -9999
95.927 95.942 -9999 -9999 -9999 -9999 -9999 -9999 -9999 -9999 96.171 96.202 96.238 96.272 96.304 96.336 96.365 96.394 96.421 96.445 96.466 96.486 96.505 96.522 96.539 96.552 96.51 96.403 96.297 96.2 -9999 -9999 -9999 -9999 95.789 95.712 95.633 95.545 95.454 95.359 95.236 95.095 94.973 94.859 94.75 94.644 94.541 94.44 94.343 94.249 94.157 94.068 93.982 93.9 93.822 93.751 93.685 93.626 93.573 -9999 -9999 -9999 -9999 -9999 -9999 -9999 -9999 -9999 -9999 -9999 -9999 -9999 -9999 -9999 -9999
95.92 95.935 95.95 -9999 -9999 -9999 -9999 -9999 -9999 -9999 96.154 96.185 96.221 -9999 -9999 96.32 96.351 96.38 96.408 -9999 96.455 96.476 96.495 96.513 96.53 96.54 96.486 96.373 -9999 -9999 -9999 -9999 -9999 95.828 95.75 95.669 95.578 95.49 95.401 95.302 95.174 95.052 94.937 94.826 94.719 94.614 94.512 94.413 94.317 94.223 94.132 94.043 93.957 93.874 93.796 93.724 93.661 93.604 93.552 -9999 -9999 -9999 -9999 -9999 -9999 -9999 -9999 -9999 -9999 -9999 -9999 -9999 -9999 -9999 -9999
96.253 95.928 95.945 -9999 -9999 -9999 -9999 -9999 -9999 -9999 -9999 96.166 96.204 -9999 -9999 -9999 96.336 96.366 96.394 96.421 -9999 -9999 96.486 96.505 96.522 96.527 96.467 -9999 -9999 -9999 -9999 -9999 95.873 95.79 95.703 95.612 95.523 95.437 95.351 95.251 95.134 95.019 94.907 94.797 94.691 94.587 94.486 94.388 94.293 94.2 94.109 94.021 93.934 93.851 93.77 93.698 93.637 93.586 93.537 -9999 -9999 -9999 -9999 -9999 -9999 -9999 -9999 -9999 -9999 -9999 -9999 -9999 -9999 -9999 -9999
95.906 95.904 -9999 -9999 -9999 -9999 -9999 -9999 -9999 -9999 -9999 -9999 96.184 -9999 -9999 -9999 -9999 96.351 96.38 96.408 -9999 -9999 -9999 96.47 96.514 -9999 -9999 -9999 -9999 -9999 -9999 -9999 95.836 95.741 95.646 95.556 95.47 95.387 95.309 95.22 95.104 94.991 94.88 94.772 94.666 94.563 94.463 94.366 94.272 94.18 94.09 94.003 93.917 93.832 93.75 93.673 93.616 93.571 93.527 -9999 -9999 -9999 -9999 -9999 -9999 -9999 -9999 -9999 -9999 -9999 -9999 -9999 -9999 -9999 -9999
95.933 -9999 -9999 -9999 -9999 -9999 -9999 -9999 -9999 -9999 -9999 -9999 96.16 -9999 -9999 -9999 -9999 -9999 96.365 96.394 -9999 -9999 -9999 -9999 -9999 -9999 -9999 -9999 -9999 -9999 -9999 -9999 95.785 95.683 95.589 95.501 95.419 95.349 95.283 95.19 95.079 94.968 94.857 94.748 94.642 94.54 94.441 94.346 94.253 94.162 94.074 93.988 93.904 93.821 93.741 93.668 93.608 93.564 93.521 93.481 -9999 -9999 -9999 -9999 -9999 -9999 -9999 -9999 -9999 -9999 -9999 -9999 -9999 -9999 -9999
-9999 95.958 95.952 95.95 95.944 -9999 -9999 -9999 -9999 -9999 -9999 -9999 96.145 -9999 -9999 -9999 -9999 -9999 -9999 -9999 -9999 -9999 -9999 -9999 -9999 -9999 -9999 -9999 -9999 -9999 -9999 95.836 95.725 95.624 95.533 95.452 95.384 95.322 95.255 95.163 95.059 94.947 94.834 94.728 94.625 94.526 94.43 94.336 94.244 94.154 94.065 93.979 93.898 93.82 93.746 93.678 93.62 93.572 93.527 93.482 93.437 -9999 -9999 -9999 -9999 -9999 -9999 -9999 -9999 -9999 -9999 -9999 -9999 -9999 -9999
95.979 95.973 95.966 95.96 95.954 -9999 -9999 -9999 -9999 -9999 -9999 -9999 -9999 -9999 -9999 -9999 -9999 -9999 -9999 -9999 -9999 -9999 -9999 -9999 -9999 -9999 -9999 -9999 -9999 -9999 95.88 95.775 95.666 95.572 95.491 95.42 95.354 95.294 95.227 95.141 95.042 94.936 94.829 94.726 94.626 94.53 94.436 94.344 94.255 94.167 94.082 93.999 93.918 93.84 93.764 93.695 93.636 93.585 93.538 93.492 93.445 -9999 -9999 -9999 -9999 -9999 -9999 -9999 -9999 -9999 -9999 -9999 -9999 -9999 -9999
95.993 95.987 95.981 -9999 95.969 95.963 -9999 -9999 -9999 -9999 -9999 -9999 -9999 -9999 -9999 -9999 -9999 -9999 -9999 -9999 -9999 -9999 -9999 -9999 -9999 -9999 -9999 -9999 -9999 -9999 95.834 95.724 95.624 95.537 95.459 95.39 95.333 95.28 95.216 95.127 95.029 94.928 94.827 94.728 94.632 94.538 94.447 94.359 94.274 94.19 94.108 94.03 93.952 93.876 93.803 93.733 93.667 93.607 93.552 93.503 93.461 93.429 93.411 -9999 -9999 -9999 -9999 -9999 -9999 -9999 -9999 -9999 -9999 -9999 -9999
96.008 96.001 95.995 -9999 -9999 95.977 -9999 -9999 -9999 -9999 -9999 -9999 -9999 -9999 -9999 -9999 -9999 -9999 -9999 -9999 -9999 -9999 -9999 -9999 -9999 -9999 -9999 -9999 -9999 -9999 95.797 95.691 95.594 95.51 95.442 95.384 95.329 95.277 95.209 95.116 95.018 94.921 94.824 94.728 94.635 94.545 94.458 94.374 94.292 94.212 94.135 94.059 93.985 93.913 93.843 93.776 93.711 93.648 93.586 93.526 93.482 93.454 93.434 93.413 93.384 93.376 -9999 -9999 -9999 -9999 -9999 -9999 -9999 -9999 -9999
96.022 96.016 96.009 96.004 -9999 95.967 -9999 -9999 -9999 -9999 -9999 -9999 -9999 -9999 -9999 -9999 -9999 -9999 -9999 -9999 -9999 -9999 -9999 -9999 -9999 -9999 -9999 -9999 -9999 95.898 95.776 95.666 95.579 95.507 95.442 95.383 95.327 95.274 95.203 95.108 95.01 94.914 94.819 94.727 94.638 94.553 94.469 94.389 94.311 94.234 94.16 94.088 94.017 93.948 93.881 93.816 93.753 93.69 93.628 93.574 93.528 93.491 93.462 93.439 93.412 93.383 93.355 93.296 -9999 -9999 -9999 -9999 -9999 -9999 -9999
96.036 96.03 96.019 -9999 95.957 -9999 -9999 -9999 -9999 -9999 -9999 -9999 -9999 -9999 -9999 -9999 -9999 -9999 -9999 -9999 -9999 -9999 -9999 -9999 -9999 -9999 -9999 -9999 -9999 -9999 95.768 95.664 95.582 95.509 95.443 95.383 95.327 95.272 95.2 95.103 95.003 94.906 94.815 94.727 94.642 94.56 94.481 94.404 94.329 94.256 94.185 94.116 94.048 93.981 93.916 93.853 93.791 93.729 93.673 93.626 93.581 93.533 93.484 93.438 93.404 93.374 93.345 93.314 93.264 -9999 -9999 -9999 -9999 -9999 -9999
96.047 96.025 95.985 95.945 95.904 -9999 -9999 -9999 -9999 -9999 -9999 -9999 -9999 -9999 -9999 -9999 -9999 -9999 -9999 -9999 -9999 -9999 -9999 -9999 -9999 -9999 -9999 -9999 -9999 -9999 -9999 95.647 95.579 95.513 95.447 95.386 95.328 95.273 95.199 95.097 94.996 94.902 94.814 94.729 94.648 94.569 94.493 94.419 94.347 94.277 94.208 94.142 94.077 94.013 93.95 93.888 93.827 93.768 93.711 93.657 93.607 93.554 93.501 93.448 93.394 93.354 93.321 93.29 93.256 93.232 -9999 -9999 -9999 -9999 -9999
96.025 95.981 95.937 95.893 -9999 -9999 -9999 -9999 -9999 -9999 -9999 -9999 -9999 -9999 -9999 -9999 -9999 -9999 -9999 -9999 -9999 -9999 -9999 -9999 -9999 -9999 -9999 -9999 -9999 -9999 -9999 95.632 95.565 95.507 95.451 95.39 95.331 95.273 95.193 95.094 94.994 94.902 94.815 94.733 94.655 94.579 94.506 94.434 94.365 94.298 94.232 94.168 94.105 94.043 93.981 93.919 93.851 93.788 93.731 93.674 93.619 93.565 93.511 93.457 93.402 93.347 93.299 93.263 93.228 93.199 93.185 -9999 -9999 -9999 -9999
95.98 95.934 95.887 95.838 -9999 -9999 -9999 -9999 -9999 -9999 -9999 -9999 -9999 -9999 -9999 -9999 -9999 -9999 -9999 -9999 -9999 -9999 -9999 -9999 -9999 -9999 -9999 -9999 -9999 -9999 -9999 -9999 95.548 95.495 95.443 95.392 95.334 95.268 95.19 95.094 94.995 94.905 94.82 94.74 94.664 94.59 94.519 94.451 94.384 94.319 94.256 94.193 94.132 94.072 94.002 93.929 93.864 93.8 93.741 93.684 93.629 93.574 93.519 93.464 93.409 93.352 93.293 93.239 93.197 93.166 93.151 -9999 -9999 -9999 -9999
-9999 -9999 -9999 -9999 -9999 -9999 -9999 -9999 -9999 -9999 -9999 -9999 -9999 -9999 -9999 -9999 -9999 -9999 -9999 -9999 -9999 -9999 -9999 -9999 -9999 -9999 -9999 -9999 -9999 -9999 -9999 -9999 95.536 95.479 95.433 95.384 95.325 95.265 95.191 95.099 95.001 94.911 94.827 94.749 94.674 94.603 94.534 94.468 94.403 94.34 94.279 94.218 94.154 94.08 94.007 93.936 93.87 93.809 93.751 93.694 93.637 93.581 93.526 93.47 93.413 93.355 93.295 93.231 93.17 93.137 93.122 93.111 -9999 -9999 -9999
-9999 -9999 -9999 -9999 -9999 -9999 -9999 -9999 -9999 -9999 -9999 -9999 -9999 -9999 -9999 -9999 -9999 -9999 -9999 -9999 -9999 -9999 -9999 -9999 -9999 -9999 -9999 -9999 -9999 -9999 -9999 -9999 -9999 95.466 95.419 95.364 95.311 95.258 95.195 95.108 95.01 94.92 94.838 94.761 94.687 94.618 94.55 94.486 94.423 94.361 94.301 94.233 94.156 94.081 94.008 93.941 93.879 93.818 93.759 93.702 93.645 93.588 93.532 93.475 93.417 93.357 93.295 93.229 93.161 93.113 93.096 93.085 -9999 -9999 -9999
-9999 -9999 -9999 -9999 -9999 -9999 -9999 -9999 -9999 -9999 -9999 -9999 -9999 -9999 -9999 -9999 -9999 -9999 -9999 -9999 -9999 -9999 -9999 -9999 -9999 -9999 -9999 -9999 -9999 -9999 -9999 -9999 -9999 95.448 -9999 95.346 95.297 95.249 95.196 -9999 95.023 94.933 94.851 94.775 94.703 94.634 94.568 94.505 94.443 94.383 94.312 94.233 94.156 94.082 94.014 93.949 93.887 93.827 93.767 93.709 93.651 93.594 93.536 93.478 93.418 93.357 93.293 93.226 93.161 93.106 93.073 93.057 93.045 -9999 -9999
-9999 -9999 -9999 -9999 -9999 -9999 -9999 -9999 -9999 -9999 -9999 -9999 -9999 -9999 -9999 -9999 -9999 -9999 -9999 -9999 -9999 -9999 -9999 -9999 -9999 -9999 -9999 -9999 -9999 -9999 -9999 -9999 -9999 -9999 95.383 95.331 -9999 -9999 -9999 -9999 95.036 94.95 94.868 94.791 94.72 94.652 94.587 94.525 94.464 94.399 94.312 94.233 94.158 94.086 94.012 93.939 93.87 93.804 93.741 93.68 93.621 93.563 93.506 93.45 93.394 93.338 93.281 93.218 93.16 93.11 93.06 93.03 93.015 93.0 92.984
-9999 -9999 -9999 -9999 -9999 -9999 -9999 -9999 -9999 -9999 -9999 -9999 -9999 -9999 -9999 -9999 -9999 -9999 -9999 -9999 -9999 -9999 -9999 -9999 -9999 -9999 -9999 -9999 -9999 -9999 -9999 -9999 -9999 -9999 95.349 95.315 -9999 -9999 -9999 -9999 95.041 94.96 94.88 94.806 94.736 94.67 94.607 94.546 94.481 94.394 94.306 94.215 94.129 94.049 93.972 93.897 93.825 93.757 93.692 93.629 93.568 93.509 93.451 93.394 93.338 93.281 93.224 93.171 93.126 93.092 93.056 93.01 92.984 92.967 92.95
-9999 -9999 -9999 -9999 -9999 -9999 -9999 -9999 -9999 -9999 -9999 -9999 -9999 -9999 -9999 -9999 -9999 -9999 -9999 -9999 -9999 -9999 -9999 -9999 -9999 -9999 -9999 -9999 -9999 -9999 -9999 -9999 -9999 -9999 95.301 -9999 -9999 -9999 -9999 95.107 95.047 94.969 94.891 94.819 94.751 94.687 94.627 94.567 94.477 94.37 94.267 94.17 94.08 93.996 93.918 93.843 93.772 93.704 93.638 93.574 93.512 93.451 93.391 93.332 93.273 93.214 93.154 93.104 93.066 93.034 93.002 92.969 92.941 92.915 -9999
-9999 -9999 -9999 -9999 -9999 -9999 -9999 -9999 -9999 -9999 -9999 -9999 -9999 -9999 -9999 -9999 -9999 -9999 -9999 -9999 -9999 -9999 -9999 -9999 -9999 -9999 -9999 -9999 -9999 -9999 -9999 -9999 -9999 -9999 -9999 -9999 -9999 -9999 -9999 95.096 95.045 94.975 94.904 94.835 94.774 94.716 94.65 94.543 94.423 94.314 94.212 94.119 94.029 93.945 93.866 93.791 93.72 93.651 93.584 93.519 93.456 93.393 93.331 93.27 93.208 93.146 93.088 93.04 93.004 92.968 92.933 92.897 92.86 92.824 -9999
-9999 -9999 -9999 -9999 -9999 -9999 -9999 -9999 -9999 -9999 -9999 -9999 -9999 -9999 -9999 -9999 -9999 -9999 -9999 -9999 -9999 -9999 -9999 -9999 -9999 -9999 -9999 -9999 -9999 -9999 -9999 -9999 -9999 -9999 -9999 -9999 -9999 -9999 -9999 95.086 95.046 94.993 94.929 94.868 94.803 94.719 94.606 94.48 94.365 94.26 94.163 94.072 93.985 93.902 93.821 93.743 93.669 93.599 93.531 93.464 93.399 93.334 93.27 93.206 93.141 93.076 93.023 92.979 92.941 92.902 92.864 92.824 92.783 92.74 -9999
-9999 -9999 -9999 -9999 -9999 -9999 -9999 -9999 -9999 -9999 -9999 -9999 -9999 -9999 -9999 -9999 -9999 -9999 -9999 -9999 -9999 -9999 -9999 -9999 -9999 -9999 -9999 -9999 -9999 -9999 -9999 -9999 -9999 -9999 -9999 -9999 -9999 -9999 95.116 95.091 95.061 95.021 94.962 94.89 94.786 94.677 94.544 94.424 94.313 94.212 94.118 94.029 93.944 93.862 93.783 93.704 93.625 93.549 93.477 93.409 93.341 93.274 93.207 93.14 93.073 93.012 92.96 92.918 92.877 92.835 92.793 92.75 92.704 92.656 92.617
-9999 -9999 -9999 -9999 -9999 -9999 -9999 -9999 -9999 -9999 -9999 -9999 -9999 -9999 -9999 -9999 -9999 -9999 -9999 -9999 -9999 -9999 -9999 -9999 -9999 -9999 -9999 -9999 -9999 -9999 -9999 -9999 -9999 -9999 -9999 -9999 -9999 -9999 95.124 95.1 95.078 95.037 94.963 94.854 94.748 94.618 94.489 94.373 94.266 94.168 94.075 93.989 93.906 93.826 93.746 93.667 93.588 93.508 93.428 93.353 93.282 93.212 93.143 93.073 93.006 92.949 92.901 92.856 92.811 92.767 92.721 92.674 92.625 92.572 92.532
-9999 -9999 -9999 -9999 -9999 -9999 -9999 -9999 -9999 -9999 -9999 -9999 -9999 -9999 -9999 -9999 -9999 -9999 -9999 -9999 -9999 -9999 -9999 -9999 -9999 -9999 -9999 -9999 -9999 -9999 -9999 -9999 -9999 -9999 -9999 -9999 -9999 95.156 95.133 95.111 95.082 95.014 94.921 94.818 94.701 94.564 94.44 94.328 94.224 94.127 94.037 93.951 93.87 93.79 93.711 93.631 93.55 93.469 93.388 93.305 93.224 93.149 93.076 93.004 92.942 92.888 92.84 92.792 92.744 92.696 92.647 92.596 92.542 92.486 92.427
-9999 -9999 -9999 -9999 -9999 -9999 -9999 -9999 -9999 -9999 -9999 -9999 -9999 -9999 -9999 -9999 -9999 -9999 -9999 -9999 -9999 -9999 -9999 -9999 -9999 -9999 -9999 -9999 -9999 -9999 -9999 -9999 -9999 -9999 -9999 -9999 -9999 95.165 95.143 95.114 95.044 94.962 94.876 94.78 94.647 94.516 94.396 94.286 94.185 94.09 94.0 93.915 93.834 93.755 93.675 93.594 93.512 93.43 93.346 93.261 93.174 93.086 93.007 92.94 92.881 92.829 92.777 92.726 92.675 92.623 92.57 92.515 92.458 92.396 92.33
-9999 -9999 -9999 -9999 -9999 -9999 -9999 -9999 -9999 -9999 -9999 -9999 -9999 -9999 -9999 -9999 -9999 -9999 -9999 -9999 -9999 -9999 -9999 -9999 -9999 -9999 -9999 -9999 -9999 -9999 -9999 -9999 -9999 -9999 -9999 -9999 -9999 95.174 95.145 95.074 94.989 94.911 94.835 94.733 94.599 94.474 94.357 94.249 94.149 94.055 93.966 93.88 93.798 93.718 93.637 93.555 93.472 93.389 93.303 93.216 93.127 93.034 92.947 92.879 92.822 92.767 92.712 92.657 92.602 92.547 92.49 92.431 92.37 92.304 92.232
-9999 -9999 -9999 -9999 -9999 -9999 -9999 -9999 -9999 -9999 -9999 -9999 -9999 -9999 -9999 -9999 -9999 -9999 -9999 -9999 -9999 -9999 -9999 -9999 -9999 -9999 -9999 -9999 -9999 -9999 -9999 -9999 -9999 -9999 -9999 -9999 -9999 -9999 95.094 95.02 94.94 94.866 94.789 94.678 94.557 94.436 94.321 94.215 94.116 94.022 93.932 93.846 93.763 93.68 93.598 93.515 93.431 93.346 93.259 93.17 93.077 92.989 92.905 92.825 92.761 92.702 92.644 92.585 92.527 92.467 92.407 -9999 92.278 -9999 92.127
-9999 -9999 -9999 -9999 -9999 -9999 -9999 -9999 -9999 -9999 -9999 -9999 -9999 -9999 -9999 -9999 -9999 -9999 -9999 -9999 -9999 -9999 -9999 -9999 -9999 -9999 -9999 -9999 -9999 -9999 -9999 -9999 -9999 -9999 -9999 -9999 -9999 95.085 95.032 94.972 94.896 94.826 94.741 94.627 94.513 94.401 94.29 94.185 94.086 93.991 93.901 93.813 93.727 93.643 93.559 93.475 93.389 93.302 93.213 93.121 93.034 92.949 92.867 92.783 92.701 92.634 92.572 92.509 92.447 92.384 92.319 92.252 92.181 92.104 -9999
-9999 -9999 -9999 -9999 -9999 -9999 -9999 -9999 -9999 -9999 -9999 -9999 -9999 -9999 -9999 -9999 -9999 -9999 -9999 -9999 -9999 -9999 -9999 -9999 -9999 -9999 -9999 -9999 -9999 -9999 -9999 -9999 -9999 -9999 -9999 -9999 -9999 95.023 94.974 94.911 94.851 94.785 94.689 94.578 94.473 94.368 94.262 94.158 94.058 93.963 93.87 93.78 93.692 93.606 93.52 93.433 93.346 93.257 93.166 93.08 92.995 92.912 92.827 92.741 92.651 92.566 92.496 92.43 92.363 92.296 92.227 92.154 92.077 91.995 91.905
-9999 -9999 -9999 -9999 -9999 -9999 -9999 -9999 -9999 -9999 -9999 -9999 -9999 -9999 -9999 -9999 -9999 -9999 -9999 -9999 -9999 -9999 -9999 -9999 -9999 -9999 -9999 -9999 -9999 -9999 -9999 -9999 -9999 -9999 -9999 -9999 94.974 94.924 94.879 94.838 94.795 94.732 94.639 94.535 94.434 94.335 94.235 94.133 94.032 93.935 93.839 93.747 93.656 93.568 93.479 93.391 93.301 93.213 93.128 93.042 92.959 92.873 92.785 92.695 92.601 92.503 92.417 92.345 92.274 92.202 92.127 92.039 91.938 91.832 91.719
-9999 -9999 -9999 -9999 -9999 -9999 -9999 -9999 -9999 -9999 -9999 -9999 -9999 -9999 -9999 -9999 -9999 -9999 -9999 -9999 -9999 -9999 -9999 -9999 -9999 -9999 -9999 -9999 -9999 -9999 -9999 -9999 -9999 -9999 -9999 -9999 94.865 94.819 94.783 94.751 94.717 94.665 94.579 94.486 94.396 94.304 94.208 94.109 94.009 93.908 93.81 93.713 93.62 93.528 93.438 93.347 93.262 93.178 93.093 93.008 92.921 92.832 92.74 92.645 92.548 92.446 92.34 92.253 92.163 92.062 91.959 91.854 91.739 91.618 91.489
-9999 -9999 -9999 -9999 -9999 -9999 -9999 -9999 -9999 -9999 -9999 -9999 -9999 -9999 -9999 -9999 -9999 -9999 -9999 -9999 -9999 -9999 -9999 -9999 -9999 -9999 -9999 -9999 -9999 -9999 -9999 -9999 -9999 -9999 -9999 -9999 -9999 94.722 94.69 94.661 94.634 94.582 94.504 94.429 94.348 94.264 94.177 94.084 93.985 93.882 93.779 93.678 93.582 93.487 93.398 93.313 93.229 93.146 93.06 92.972 92.88 92.787 92.691 92.592 92.489 92.38 92.247 92.11 91.996 91.879 91.76 91.64 91.515 91.385 91.246
