Validation/Results/raw data/ReClimate_03_2024_2_Temperature.asc
NCOLS 192
NROWS 249
XLLCENTER -225160.85627316462
YLLCENTER 29788.11610251502
CELLSIZE 5000.0
NODATA_VALUE -9999
[rows 68 to 101 of 249, columns 75 to 149 of 192]
-9999 -9999 -9999 -9999 -9999 -9999 -9999 -9999 -9999 -9999 -9999 -0.309 -0.306 -0.305 -0.313 -0.322 -0.301 -0.277 -0.262 -0.244 -0.249 -0.256 -0.252 -0.249 -0.238 -0.227 -0.228 -0.229 -0.221 -9999 -9999 -9999 -9999 -9999 -9999 -9999 -9999 -9999 -9999 -9999 -9999 -9999 -9999 -9999 -9999 -9999 -9999 -9999 -9999 -9999 -9999 -9999 -9999 -9999 -9999 -9999 -9999 -9999 -9999 -9999 -9999 -9999 -9999 -9999 -9999 -9999 -9999 -9999 -9999 -9999 -9999 -9999 -9999 -9999 -9999
-9999 -9999 -9999 -9999 -9999 -9999 -9999 -9999 -9999 -9999 -9999 -9999 -9999 -0.315 -0.316 -0.305 -0.29 -0.281 -0.269 -0.257 -0.261 -0.26 -0.259 -0.257 -0.242 -0.21 -0.205 -9999 -9999 -9999 -9999 -9999 -9999 -9999 -9999 -9999 -9999 -9999 -9999 -9999 -9999 -9999 -9999 -9999 -9999 -9999 -9999 -9999 -9999 -9999 -9999 -9999 -9999 -9999 -9999 -9999 -9999 -9999 -9999 -9999 -9999 -9999 -9999 -9999 -9999 -9999 -9999 -9999 -9999 -9999 -9999 -9999 -9999 -9999 -9999
-9999 -9999 -9999 -9999 -9999 -9999 -9999 -0.3 -9999 -9999 -0.293 -0.291 -0.299 -0.311 -0.301 -0.291 -0.283 -0.275 -0.266 -0.255 -0.255 -0.255 -0.254 -0.254 -0.228 -0.198 -0.186 -9999 -9999 -9999 -9999 -9999 -9999 -9999 -9999 -9999 -9999 -9999 -9999 -9999 -9999 -9999 -9999 -9999 -9999 -9999 -9999 -9999 -9999 -9999 -9999 -9999 -9999 -9999 -9999 -9999 -9999 -9999 -9999 -9999 -9999 -9999 -9999 -9999 -9999 -9999 -9999 -9999 -9999 -9999 -9999 -9999 -9999 -9999 -9999
-9999 -9999 -9999 -9999 -9999 -0.314 -0.305 -0.302 -0.296 -0.282 -0.283 -0.29 -0.297 -0.305 -0.296 -0.284 -0.277 -0.271 -0.267 -0.272 -0.271 -0.263 -0.256 -0.235 -0.212 -0.191 -0.181 -9999 -9999 -9999 -9999 -9999 -9999 -9999 -9999 -9999 -9999 -9999 -9999 -9999 -9999 -9999 -9999 -9999 -9999 -9999 -9999 -9999 -9999 -9999 -9999 -9999 -9999 -9999 -9999 -9999 -9999 -9999 -9999 -9999 -9999 -9999 -9999 -9999 -9999 -9999 -9999 -9999 -9999 -9999 -9999 -9999 -9999 -9999 -9999
-9999 -9999 -9999 -9999 -9999 -0.311 -0.307 -9999 -0.286 -0.273 -0.276 -0.282 -0.287 -0.295 -0.284 -0.273 -0.267 -0.261 -0.266 -0.271 -0.265 -0.258 -0.241 -0.221 -0.203 -0.183 -9999 -0.173 -9999 -9999 -9999 -9999 -9999 -9999 -9999 -9999 -9999 -9999 -9999 -9999 -9999 -9999 -9999 -9999 -9999 -9999 -9999 -9999 -9999 -9999 -9999 -9999 -9999 -9999 -9999 -9999 -9999 -9999 -9999 -9999 -9999 -9999 -9999 -9999 -9999 -9999 -9999 -9999 -9999 -9999 -9999 -9999 -9999 -9999 -9999
-9999 -9999 -9999 -9999 -9999 -9999 -0.303 -0.3 -0.292 -0.288 -0.283 -0.268 -0.271 -0.274 -0.269 -0.269 -0.265 -0.262 -0.263 -0.258 -0.253 -0.247 -0.231 -0.213 -0.194 -0.169 -0.166 -0.164 -9999 -9999 -9999 -9999 -9999 -9999 -9999 -9999 -9999 -9999 -9999 -9999 -9999 -9999 -9999 -9999 -9999 -9999 -9999 -9999 -9999 -9999 -9999 -9999 -9999 -9999 -9999 -9999 -9999 -9999 -9999 -9999 -9999 -9999 -9999 -9999 -9999 -9999 -9999 -9999 -9999 -9999 -9999 -9999 -9999 -9999 -9999
-9999 -9999 -9999 -9999 -9999 -9999 -9999 -0.294 -0.29 -0.284 -0.27 -0.256 -0.255 -0.258 -0.258 -0.259 -0.257 -0.254 -0.25 -0.246 -0.241 -0.236 -0.221 -0.203 -0.183 -0.158 -0.156 -0.157 -9999 -9999 -9999 -9999 -9999 -9999 -9999 -9999 -9999 -9999 -9999 -9999 -9999 -9999 -9999 -9999 -9999 -9999 -9999 -9999 -9999 -9999 -9999 -9999 -9999 -9999 -9999 -9999 -9999 -9999 -9999 -9999 -9999 -9999 -9999 -9999 -9999 -9999 -9999 -9999 -9999 -9999 -9999 -9999 -9999 -9999 -9999
-9999 -9999 -9999 -9999 -9999 -0.313 -0.305 -0.307 -0.303 -0.302 -0.285 -0.258 -0.251 -0.234 -0.237 -0.247 -0.24 -0.225 -0.226 -0.235 -0.23 -0.221 -0.207 -0.193 -0.176 -9999 -0.157 -9999 -9999 -9999 -9999 -9999 -9999 -0.192 -0.208 -0.22 -9999 -9999 -9999 -9999 -9999 -9999 -9999 -9999 -9999 -9999 -9999 -9999 -9999 -9999 -9999 -9999 -9999 -9999 -9999 -9999 -9999 -9999 -9999 -9999 -9999 -9999 -9999 -9999 -9999 -9999 -9999 -9999 -9999 -9999 -9999 -9999 -9999 -9999 -9999
-0.341 -9999 -9999 -9999 -9999 -9999 -0.315 -0.305 -0.302 -0.301 -0.278 -0.253 -0.236 -0.218 -0.225 -0.235 -0.222 -0.207 -0.215 -0.224 -0.217 -0.209 -0.197 -0.182 -0.171 -0.158 -9999 -9999 -9999 -9999 -0.19 -0.198 -0.195 -0.187 -0.202 -0.216 -0.212 -0.206 -0.194 -0.181 -0.176 -0.171 -0.156 -0.144 -0.153 -0.16 -0.159 -0.158 -0.156 -0.154 -0.154 -0.154 -9999 -9999 -9999 -9999 -9999 -9999 -9999 -9999 -9999 -9999 -9999 -9999 -9999 -9999 -9999 -9999 -9999 -9999 -9999 -9999 -9999 -9999 -9999
-0.356 -9999 -9999 -9999 -0.322 -9999 -0.316 -0.308 -0.298 -0.276 -0.256 -0.242 -0.227 -0.211 -0.217 -0.23 -0.222 -0.219 -0.222 -0.218 -0.212 -0.205 -0.194 -0.181 -0.173 -9999 -9999 -9999 -9999 -0.183 -0.193 -0.203 -0.206 -0.218 -0.229 -0.227 -0.224 -0.214 -0.206 -0.196 -0.19 -0.176 -0.167 -0.157 -0.163 -0.165 -0.166 -0.169 -0.17 -0.173 -0.17 -0.151 -9999 -9999 -9999 -9999 -9999 -9999 -9999 -9999 -9999 -9999 -9999 -9999 -9999 -9999 -9999 -9999 -9999 -9999 -9999 -9999 -9999 -9999 -9999
-0.348 -9999 -9999 -9999 -0.325 -0.322 -0.314 -0.303 -0.283 -0.262 -0.247 -0.233 -0.219 -0.203 -0.21 -0.22 -0.218 -0.216 -0.213 -0.209 -0.204 -0.197 -0.187 -0.174 -9999 -9999 -0.176 -0.18 -0.182 -0.186 -0.193 -0.201 -0.213 -0.227 -0.227 -0.227 -0.221 -0.213 -0.207 -0.199 -0.189 -0.176 -0.169 -0.16 -0.162 -0.165 -0.167 -0.17 -0.174 -0.178 -0.168 -0.155 -0.144 -9999 -9999 -9999 -9999 -9999 -9999 -9999 -9999 -9999 -9999 -9999 -9999 -9999 -9999 -9999 -9999 -9999 -9999 -9999 -9999 -9999 -9999
-0.342 -9999 -0.328 -9999 -0.317 -0.312 -0.305 -0.298 -0.278 -0.252 -0.239 -0.225 -0.213 -0.206 -0.208 -0.205 -0.201 -0.201 -0.201 -0.205 -0.204 -0.207 -0.199 -0.187 -9999 -0.173 -0.179 -0.176 -0.179 -0.18 -0.192 -0.214 -0.222 -0.219 -0.221 -0.224 -0.217 -0.203 -0.196 -0.184 -0.174 -0.16 -0.156 -0.156 -0.16 -0.166 -0.168 -0.167 -0.17 -0.173 -0.17 -0.161 -0.144 -9999 -9999 -9999 -9999 -9999 -9999 -9999 -9999 -9999 -9999 -9999 -9999 -9999 -9999 -9999 -9999 -9999 -9999 -9999 -9999 -9999 -9999
-9999 -0.325 -9999 -9999 -9999 -0.303 -0.297 -0.291 -0.269 -0.245 -0.232 -0.219 -0.21 -0.202 -0.198 -0.194 -0.191 -0.188 -0.192 -0.196 -0.2 -0.204 -0.196 -0.187 -0.184 -0.176 -0.175 -0.171 -0.173 -0.175 -0.194 -0.216 -0.215 -0.212 -0.216 -0.219 -0.209 -0.196 -0.187 -0.176 -0.165 -0.152 -0.152 -0.153 -0.158 -0.164 -0.164 -0.163 -0.166 -0.168 -0.165 -0.16 -0.144 -9999 -9999 -9999 -9999 -9999 -9999 -9999 -9999 -9999 -9999 -9999 -9999 -9999 -9999 -9999 -9999 -9999 -9999 -9999 -9999 -9999 -9999
-0.33 -9999 -9999 -9999 -9999 -0.289 -0.28 -0.273 -9999 -0.256 -0.24 -0.216 -0.209 -0.204 -0.201 -0.203 -0.199 -0.195 -0.199 -0.207 -0.208 -0.202 -0.197 -0.192 -0.192 -0.19 -0.193 -0.2 -0.201 -0.192 -0.201 -0.193 -0.2 -0.222 -0.228 -0.237 -0.223 -0.194 -0.187 -0.179 -0.173 -0.168 -0.168 -0.163 -0.166 -0.163 -0.164 -0.165 -0.163 -0.151 -0.145 -0.136 -0.12 -9999 -9999 -9999 -9999 -9999 -9999 -9999 -9999 -9999 -9999 -9999 -9999 -9999 -9999 -9999 -9999 -9999 -9999 -9999 -9999 -9999 -9999
-0.315 -9999 -9999 -9999 -0.283 -9999 -9999 -0.262 -0.258 -0.256 -0.235 -0.212 -0.206 -0.201 -0.2 -0.202 -0.197 -0.192 -0.198 -0.205 -0.2 -0.197 -0.194 -0.192 -0.193 -0.192 -0.2 -0.208 -0.204 -0.196 -0.19 -0.181 -0.2 -0.221 -0.23 -0.239 -0.217 -0.19 -0.185 -0.178 -0.176 -0.172 -0.169 -0.164 -0.163 -0.16 -0.162 -0.164 -0.154 -0.142 -0.135 -0.122 -9999 -9999 -9999 -9999 -9999 -9999 -9999 -9999 -9999 -9999 -9999 -9999 -9999 -9999 -9999 -9999 -9999 -9999 -9999 -9999 -9999 -9999 -9999
-0.306 -0.289 -0.285 -9999 -9999 -9999 -0.258 -0.261 -9999 -0.242 -0.231 -0.235 -0.229 -0.219 -0.214 -0.201 -0.192 -0.178 -0.184 -0.197 -0.192 -0.185 -0.19 -0.203 -0.201 -0.19 -0.198 -0.206 -0.2 -0.191 -0.184 -0.174 -0.192 -0.216 -0.22 -0.218 -0.202 -0.19 -0.186 -0.181 -0.181 -0.182 -0.175 -0.16 -0.159 -0.159 -0.158 -0.15 -0.145 -0.145 -0.124 -9999 -9999 -9999 -9999 -9999 -9999 -9999 -9999 -9999 -9999 -9999 -9999 -9999 -9999 -9999 -9999 -9999 -9999 -9999 -9999 -9999 -9999 -9999 -9999
-0.304 -0.288 -0.277 -9999 -0.262 -0.255 -0.254 -0.257 -0.245 -0.233 -0.236 -0.24 -0.232 -0.222 -0.21 -0.197 -0.183 -0.168 -0.178 -0.192 -0.186 -0.18 -0.191 -0.204 -0.197 -0.186 -0.194 -0.201 -0.195 -0.186 -0.178 -0.168 -0.188 -0.21 -0.209 -0.206 -0.198 -0.187 -0.184 -0.18 -0.182 -0.183 -0.171 -0.156 -0.157 -0.156 -0.151 -0.143 -0.144 -0.144 -0.121 -9999 -9999 -9999 -9999 -9999 -9999 -9999 -9999 -9999 -9999 -9999 -9999 -9999 -9999 -9999 -9999 -9999 -9999 -9999 -9999 -9999 -9999 -9999 -9999
-0.28 -0.276 -0.268 -0.268 -0.266 -0.267 -9999 -0.263 -0.258 -0.263 -0.262 -0.251 -0.237 -0.209 -0.202 -0.203 -0.188 -0.172 -0.18 -0.184 -0.182 -0.184 -0.194 -0.206 -0.201 -0.197 -0.2 -0.193 -0.192 -0.197 -0.191 -0.182 -0.193 -0.191 -0.188 -0.181 -0.176 -0.177 -0.172 -0.161 -0.161 -0.162 -0.157 -0.161 -0.159 -0.152 -0.146 -0.14 -0.139 -0.134 -9999 -9999 -9999 -9999 -9999 -9999 -9999 -9999 -9999 -9999 -9999 -9999 -9999 -9999 -9999 -9999 -9999 -9999 -9999 -9999 -9999 -9999 -9999 -9999 -9999
-9999 -9999 -9999 -0.266 -0.263 -9999 -0.262 -0.262 -0.265 -0.27 -0.261 -0.251 -0.227 -0.2 -0.201 -0.202 -0.186 -0.172 -0.175 -0.182 -0.184 -0.185 -0.195 -0.206 -0.204 -0.2 -0.194 -0.187 -0.193 -0.199 -0.193 -0.185 -0.183 -0.181 -0.176 -0.168 -0.17 -0.171 -0.162 -0.151 -0.152 -0.153 -0.157 -0.161 -0.155 -0.148 -0.143 -0.137 -0.133 -0.127 -9999 -9999 -9999 -9999 -9999 -9999 -9999 -9999 -9999 -9999 -9999 -9999 -9999 -9999 -9999 -9999 -9999 -9999 -9999 -9999 -9999 -9999 -9999 -9999 -9999
-9999 -9999 -0.255 -0.247 -9999 -0.256 -0.253 -9999 -0.25 -0.25 -0.242 -0.235 -0.217 -0.204 -0.198 -0.179 -0.171 -0.175 -0.179 -0.181 -0.182 -0.179 -0.191 -0.211 -0.207 -0.196 -0.19 -0.183 -0.188 -0.193 -0.196 -0.214 -0.205 -0.173 -0.171 -0.174 -0.177 -0.18 -0.171 -0.158 -0.155 -0.144 -0.147 -0.149 -0.144 -0.14 -0.138 -0.139 -0.134 -0.125 -9999 -9999 -9999 -9999 -9999 -9999 -9999 -9999 -9999 -9999 -9999 -9999 -9999 -9999 -9999 -9999 -9999 -9999 -9999 -9999 -9999 -9999 -9999 -9999 -9999
-9999 -9999 -0.246 -9999 -9999 -0.247 -0.242 -0.242 -0.24 -0.239 -0.232 -0.226 -0.215 -0.203 -0.187 -0.171 -0.175 -0.179 -0.18 -0.182 -0.18 -0.177 -0.194 -0.213 -0.205 -0.195 -0.19 -0.182 -0.186 -0.191 -0.206 -0.223 -0.199 -0.168 -0.171 -0.174 -0.177 -0.18 -0.171 -0.159 -0.15 -0.139 -0.142 -0.144 -0.142 -0.139 -0.141 -0.143 -0.135 -0.126 -9999 -9999 -9999 -9999 -9999 -9999 -9999 -9999 -9999 -9999 -9999 -9999 -9999 -9999 -9999 -9999 -9999 -9999 -9999 -9999 -9999 -9999 -9999 -9999 -9999
-9999 -9999 -9999 -9999 -9999 -9999 -0.233 -0.217 -0.213 -0.211 -0.206 -0.205 -0.192 -0.178 -0.172 -0.183 -0.186 -0.188 -0.188 -0.189 -0.189 -0.19 -0.2 -0.202 -0.196 -0.192 -0.192 -0.199 -0.204 -0.208 -0.215 -0.208 -0.187 -0.169 -0.17 -0.166 -0.166 -0.161 -0.154 -0.15 -0.144 -0.142 -0.141 -0.134 -0.135 -0.141 -0.143 -0.147 -0.139 -9999 -9999 -9999 -9999 -9999 -9999 -9999 -9999 -9999 -9999 -9999 -9999 -9999 -9999 -9999 -9999 -9999 -9999 -9999 -9999 -9999 -9999 -9999 -9999 -9999 -9999
-9999 -9999 -9999 -9999 -0.232 -0.237 -9999 -0.205 -0.201 -0.198 -0.196 -0.195 -0.183 -0.17 -0.178 -0.189 -0.191 -0.192 -0.191 -0.191 -0.193 -0.195 -0.196 -0.197 -0.195 -0.191 -0.198 -0.205 -0.21 -0.214 -0.209 -0.202 -0.188 -0.171 -0.168 -0.164 -0.16 -0.155 -0.152 -0.149 -0.147 -0.145 -0.14 -0.133 -0.138 -0.144 -0.147 -0.151 -0.139 -9999 -9999 -9999 -9999 -9999 -9999 -9999 -9999 -9999 -9999 -9999 -9999 -9999 -9999 -9999 -9999 -9999 -9999 -9999 -9999 -9999 -9999 -9999 -9999 -9999 -9999
-9999 -9999 -9999 -0.229 -0.231 -0.237 -0.221 -0.204 -0.198 -0.188 -0.18 -0.163 -0.144 -0.115 -0.126 -0.153 -0.163 -0.195 -0.196 -0.203 -0.203 -0.201 -0.202 -0.2 -0.198 -0.195 -0.199 -0.198 -0.205 -0.219 -0.208 -0.185 -0.177 -0.176 -0.17 -0.16 -0.162 -0.175 -0.174 -0.172 -0.172 -0.173 -0.163 -0.14 -0.143 -0.143 -0.144 -0.14 -9999 -9999 -9999 -9999 -9999 -9999 -9999 -9999 -9999 -9999 -9999 -9999 -9999 -9999 -9999 -9999 -9999 -9999 -9999 -9999 -9999 -9999 -9999 -9999 -9999 -9999 -9999
-9999 -9999 -9999 -0.228 -9999 -0.235 -0.22 -0.204 -0.195 -0.185 -0.17 -0.153 -0.126 -0.097 -0.117 -0.14 -0.166 -0.196 -0.201 -0.207 -0.205 -0.204 -0.203 -0.202 -0.2 -0.197 -0.197 -0.195 -0.207 -0.22 -0.202 -0.18 -0.179 -0.179 -0.171 -0.16 -0.171 -0.184 -0.183 -0.182 -0.183 -0.185 -0.167 -0.146 -0.146 -0.146 -0.143 -0.138 -9999 -9999 -9999 -9999 -9999 -9999 -9999 -9999 -9999 -9999 -9999 -9999 -9999 -9999 -9999 -9999 -9999 -9999 -9999 -9999 -9999 -9999 -9999 -9999 -9999 -9999 -9999
-9999 -9999 -9999 -9999 -9999 -0.228 -0.212 -0.195 -0.185 -0.175 -0.15 -0.108 -0.089 -0.085 -0.101 -0.12 -0.149 -0.198 -0.199 -0.196 -0.196 -0.202 -0.203 -0.207 -0.205 -0.201 -0.204 -0.212 -0.219 -0.218 -0.209 -0.211 -0.208 -0.195 -0.19 -0.185 -0.189 -0.18 -0.183 -0.193 -0.187 -0.167 -0.154 -0.148 -0.144 -0.132 -0.129 -0.128 -9999 -9999 -9999 -9999 -9999 -9999 -9999 -9999 -9999 -9999 -9999 -9999 -9999 -9999 -9999 -9999 -9999 -9999 -9999 -9999 -9999 -9999 -9999 -9999 -9999 -9999 -9999
-9999 -9999 -9999 -0.218 -0.221 -0.225 -0.209 -0.192 -0.182 -0.172 -0.135 -0.093 -9999 -0.084 -0.097 -0.115 -0.153 -0.198 -0.195 -0.192 -0.196 -0.202 -0.205 -0.209 -0.206 -0.203 -0.21 -0.218 -0.218 -0.217 -0.22 -0.223 -0.214 -0.202 -0.2 -0.196 -0.189 -0.18 -0.188 -0.198 -0.182 -0.162 -0.157 -0.151 -0.142 -0.13 -0.129 -0.128 -9999 -9999 -9999 -9999 -9999 -9999 -9999 -9999 -9999 -9999 -9999 -9999 -9999 -9999 -9999 -9999 -9999 -9999 -9999 -9999 -9999 -9999 -9999 -9999 -9999 -9999 -9999
-0.214 -0.219 -0.218 -9999 -0.214 -0.204 -0.194 -0.196 -0.185 -0.172 -0.144 -9999 -0.121 -0.125 -0.132 -0.128 -0.157 -0.18 -0.185 -0.206 -0.211 -0.216 -0.22 -0.223 -0.217 -0.202 -0.206 -0.207 -0.204 -0.196 -0.195 -0.19 -0.185 -0.19 -0.191 -0.198 -0.192 -0.186 -0.186 -0.171 -0.158 -0.152 -0.15 -0.155 -0.148 -0.142 -0.136 -9999 -9999 -9999 -9999 -9999 -9999 -9999 -9999 -9999 -9999 -9999 -9999 -9999 -9999 -9999 -9999 -9999 -9999 -9999 -9999 -9999 -9999 -9999 -9999 -9999 -9999 -9999 -9999
-0.211 -0.215 -0.213 -0.214 -9999 -0.196 -0.196 -0.198 -0.186 -0.174 -0.155 -0.135 -0.138 -0.143 -0.139 -0.135 -0.153 -0.174 -0.191 -0.212 -0.216 -0.221 -0.225 -0.227 -0.216 -0.202 -0.202 -0.203 -0.196 -0.188 -0.184 -0.179 -0.183 -0.187 -0.193 -0.2 -0.196 -0.19 -0.178 -0.163 -0.158 -0.151 -0.155 -0.16 -0.156 -9999 -9999 -9999 -9999 -9999 -9999 -9999 -9999 -9999 -9999 -9999 -9999 -9999 -9999 -9999 -9999 -9999 -9999 -9999 -9999 -9999 -9999 -9999 -9999 -9999 -9999 -9999 -9999 -9999 -9999
-9999 -9999 -0.217 -9999 -0.222 -0.202 -0.201 -0.195 -0.182 -9999 -9999 -0.156 -0.157 -0.154 -0.153 -0.155 -0.175 -0.201 -0.213 -0.214 -0.212 -0.201 -0.204 -0.212 -0.207 -0.209 -0.208 -0.202 -0.199 -0.2 -0.193 -0.178 -0.18 -0.18 -0.182 -0.175 -0.173 -0.175 -0.168 -0.171 -0.168 -0.164 -0.165 -0.161 -9999 -9999 -9999 -9999 -9999 -9999 -9999 -9999 -9999 -9999 -9999 -9999 -9999 -9999 -9999 -9999 -9999 -9999 -9999 -9999 -9999 -9999 -9999 -9999 -9999 -9999 -9999 -9999 -9999 -9999 -9999
-0.198 -9999 -0.223 -0.237 -0.222 -0.204 -0.199 -0.194 -9999 -9999 -0.166 -0.165 -0.163 -0.16 -0.161 -0.164 -0.186 -0.212 -0.213 -0.215 -0.204 -0.193 -0.199 -0.206 -0.209 -0.212 -0.208 -0.202 -0.204 -0.205 -0.194 -0.179 -0.179 -0.18 -0.175 -0.168 -0.17 -0.171 -0.174 -0.177 -0.175 -0.172 -0.169 -0.164 -0.159 -9999 -9999 -9999 -9999 -9999 -9999 -9999 -9999 -9999 -9999 -9999 -9999 -9999 -9999 -9999 -9999 -9999 -9999 -9999 -9999 -9999 -9999 -9999 -9999 -9999 -9999 -9999 -9999 -9999 -9999
-0.205 -0.209 -0.216 -0.219 -0.21 -0.212 -0.204 -9999 -9999 -0.169 -0.168 -0.188 -0.189 -0.194 -0.194 -0.186 -0.198 -0.199 -0.202 -0.213 -0.206 -0.204 -0.205 -0.197 -0.196 -0.189 -0.191 -0.204 -0.204 -0.199 -0.19 -0.185 -0.183 -0.176 -0.171 -0.167 -0.172 -0.183 -0.184 -0.18 -0.179 -0.177 -0.174 -0.168 -9999 -9999 -9999 -9999 -9999 -9999 -9999 -9999 -9999 -9999 -9999 -9999 -9999 -9999 -9999 -9999 -9999 -9999 -9999 -9999 -9999 -9999 -9999 -9999 -9999 -9999 -9999 -9999 -9999 -9999 -9999
-0.203 -0.207 -9999 -9999 -0.212 -0.214 -9999 -9999 -9999 -0.171 -0.182 -0.197 -0.202 -0.208 -0.202 -0.194 -0.194 -0.194 -0.202 -0.212 -0.21 -0.208 -0.202 -0.194 -0.188 -0.181 -0.192 -0.205 -0.201 -0.196 -0.193 -0.188 -0.183 -0.176 -0.172 -0.168 -0.178 -0.189 -0.187 -0.183 -0.182 -0.181 -0.177 -0.172 -9999 -9999 -9999 -9999 -9999 -9999 -9999 -9999 -9999 -9999 -9999 -9999 -9999 -9999 -9999 -9999 -9999 -9999 -9999 -9999 -9999 -9999 -9999 -9999 -9999 -9999 -9999 -9999 -9999 -9999 -9999
-9999 -0.207 -0.208 -0.209 -9999 -9999 -9999 -9999 -0.179 -0.173 -0.182 -0.193 -0.198 -0.208 -0.205 -0.205 -0.206 -0.205 -0.214 -0.223 -0.221 -0.22 -0.21 -0.189 -0.192 -0.207 -0.212 -0.205 -0.199 -0.188 -0.186 -0.184 -0.183 -0.187 -0.187 -0.188 -0.19 -0.178 -0.174 -0.169 -0.169 -0.172 -0.168 -9999 -9999 -9999 -9999 -9999 -9999 -9999 -9999 -9999 -9999 -9999 -9999 -9999 -9999 -9999 -9999 -9999 -9999 -9999 -9999 -9999 -9999 -9999 -9999 -9999 -9999 -9999 -9999 -9999 -9999 -9999 -9999
