Validation/Results/raw data/ReClimate_05_2024_1.asc
NCOLS 192
NROWS 249
XLLCENTER -225160.85627316462
YLLCENTER 29788.11610251502
CELLSIZE 5000.0
NODATA_VALUE -9999
[rows 99 to 131 of 249, columns 74 to 147 of 192]
100.465 100.532 100.902 101.516 102.182 101.617 101.441 101.541 -9999 -9999 101.041 100.573 100.428 99.853 98.868 98.37 98.051 98.179 97.857 97.729 96.762 97.39 98.583 98.201 98.034 99.138 101.053 100.583 99.6 100.159 100.725 101.044 101.929 101.88 101.831 101.781 101.729 101.676 101.619 101.583 101.571 101.56 101.548 101.534 101.521 -9999 -9999 -9999 -9999 -9999 -9999 -9999 -9999 -9999 -9999 -9999 -9999 -9999 -9999 -9999 -9999 -9999 -9999 -9999 -9999 -9999 -9999 -9999 -9999 -9999 -9999 -9999 -9999 -9999
99.554 100.106 101.096 -9999 -9999 101.003 101.443 -9999 -9999 -9999 100.825 100.648 100.493 99.87 99.61 98.95 97.665 97.967 99.257 98.325 97.199 97.726 97.518 97.772 98.717 99.386 98.546 98.744 100.664 100.842 100.548 101.271 102.006 101.957 101.909 101.86 101.809 101.756 101.701 101.664 101.65 101.639 101.627 101.614 101.601 -9999 -9999 -9999 -9999 -9999 -9999 -9999 -9999 -9999 -9999 -9999 -9999 -9999 -9999 -9999 -9999 -9999 -9999 -9999 -9999 -9999 -9999 -9999 -9999 -9999 -9999 -9999 -9999 -9999
99.689 -9999 99.272 98.499 96.98 -9999 -9999 -9999 -9999 101.498 100.877 101.34 102.724 102.075 100.748 99.276 97.157 97.697 97.385 96.249 94.792 95.342 97.14 97.994 99.009 97.672 95.26 97.602 101.266 101.285 101.767 102.124 102.081 102.032 101.984 101.935 101.885 101.834 101.78 101.743 101.729 101.72 101.711 101.7 -9999 -9999 -9999 -9999 -9999 -9999 -9999 -9999 -9999 -9999 -9999 -9999 -9999 -9999 -9999 -9999 -9999 -9999 -9999 -9999 -9999 -9999 -9999 -9999 -9999 -9999 -9999 -9999 -9999 -9999
100.404 100.293 100.93 99.984 99.557 100.301 99.949 -9999 -9999 100.991 -9999 -9999 100.139 99.715 100.408 98.727 97.207 97.116 97.338 96.682 96.98 98.102 98.653 99.08 98.846 97.904 98.753 100.787 101.188 101.651 102.248 102.201 102.154 102.105 102.057 102.008 101.959 101.908 101.856 101.819 101.806 101.799 101.788 -9999 -9999 -9999 -9999 -9999 -9999 -9999 -9999 -9999 -9999 -9999 -9999 -9999 -9999 -9999 -9999 -9999 -9999 -9999 -9999 -9999 -9999 -9999 -9999 -9999 -9999 -9999 -9999 -9999 -9999 -9999
100.06 100.608 101.179 101.122 101.555 -9999 -9999 -9999 101.272 100.961 98.425 98.056 98.5 99.722 101.989 100.125 97.255 98.054 99.925 99.999 99.819 99.772 98.908 98.929 99.342 100.211 101.398 101.731 102.091 102.374 102.323 102.274 102.225 102.177 102.129 102.08 102.031 101.981 -9999 -9999 101.881 -9999 -9999 -9999 -9999 -9999 -9999 -9999 -9999 -9999 -9999 -9999 -9999 -9999 -9999 -9999 -9999 -9999 -9999 -9999 -9999 -9999 -9999 -9999 -9999 -9999 -9999 -9999 -9999 -9999 -9999 -9999 -9999 -9999
100.558 100.561 99.775 -9999 100.319 -9999 -9999 -9999 100.991 99.86 99.366 99.587 99.523 100.885 101.351 99.565 98.737 99.872 100.331 100.143 99.922 99.032 97.872 98.329 99.012 99.847 100.466 101.145 102.497 102.445 102.394 102.345 102.296 102.248 102.199 102.151 102.102 -9999 102.001 101.965 101.954 101.94 -9999 -9999 -9999 -9999 -9999 -9999 -9999 -9999 -9999 -9999 -9999 -9999 -9999 -9999 -9999 -9999 -9999 -9999 -9999 -9999 -9999 -9999 -9999 -9999 -9999 -9999 -9999 -9999 -9999 -9999 -9999 -9999
-9999 101.358 -9999 -9999 -9999 -9999 99.732 100.1 100.396 100.064 99.831 99.339 98.079 98.739 99.846 99.347 99.121 99.392 99.473 99.49 99.852 98.703 97.257 97.417 96.92 97.614 98.645 99.777 100.965 101.345 102.465 102.416 102.367 102.318 102.27 -9999 102.173 102.124 102.073 102.039 102.029 102.003 -9999 -9999 -9999 -9999 -9999 -9999 -9999 -9999 -9999 -9999 -9999 -9999 -9999 -9999 -9999 -9999 -9999 -9999 -9999 -9999 -9999 -9999 -9999 -9999 -9999 -9999 -9999 -9999 -9999 -9999 -9999 -9999
-9999 -9999 -9999 -9999 -9999 -9999 100.184 99.492 99.564 99.667 100.215 99.292 98.541 98.876 98.235 98.397 99.121 99.019 98.597 99.016 99.638 98.498 97.447 97.255 97.46 98.62 100.336 101.105 101.546 102.231 102.534 102.485 102.438 102.39 102.342 102.294 102.246 102.196 102.142 102.104 102.086 102.067 102.045 -9999 -9999 -9999 -9999 -9999 -9999 -9999 -9999 -9999 -9999 -9999 -9999 -9999 -9999 -9999 -9999 -9999 -9999 -9999 -9999 -9999 -9999 -9999 -9999 -9999 -9999 -9999 -9999 -9999 -9999 -9999
-9999 -9999 -9999 -9999 -9999 100.551 -9999 -9999 100.146 100.176 99.445 99.241 99.706 -9999 -9999 97.959 99.097 98.869 98.82 99.493 100.42 99.703 99.245 99.781 100.957 102.183 103.11 102.827 101.458 100.908 99.008 99.746 101.831 101.962 102.406 102.354 102.3 102.243 102.186 102.149 102.129 102.111 102.093 102.033 -9999 -9999 -9999 -9999 -9999 -9999 -9999 -9999 -9999 -9999 -9999 -9999 -9999 -9999 -9999 -9999 -9999 -9999 -9999 -9999 -9999 -9999 -9999 -9999 -9999 -9999 -9999 -9999 -9999 -9999
-9999 -9999 -9999 -9999 -9999 100.841 -9999 100.738 100.846 100.01 98.744 99.042 99.143 98.142 97.705 98.212 97.993 98.04 98.224 98.894 99.373 99.426 100.223 100.958 101.313 101.964 102.438 101.627 101.365 100.331 100.21 101.464 101.955 102.25 102.443 102.389 102.334 102.276 102.224 102.192 102.173 102.155 102.137 -9999 -9999 -9999 -9999 -9999 -9999 -9999 -9999 -9999 -9999 -9999 -9999 -9999 -9999 -9999 -9999 -9999 -9999 -9999 -9999 -9999 -9999 -9999 -9999 -9999 -9999 -9999 -9999 -9999 -9999 -9999
-9999 -9999 -9999 -9999 -9999 101.132 -9999 101.511 101.836 101.136 100.993 100.343 -9999 98.147 98.124 -9999 99.726 99.705 99.394 99.664 99.692 100.46 101.404 101.774 102.294 102.52 102.483 102.366 102.431 102.337 102.267 102.537 102.593 102.63 102.473 102.42 102.365 102.309 102.261 -9999 -9999 -9999 -9999 -9999 -9999 -9999 -9999 -9999 -9999 -9999 -9999 -9999 -9999 -9999 -9999 -9999 -9999 -9999 -9999 -9999 -9999 -9999 -9999 -9999 -9999 -9999 -9999 -9999 -9999 -9999 -9999 -9999 -9999 -9999
-9999 -9999 -9999 101.661 101.441 -9999 -9999 101.771 101.228 101.145 101.105 99.85 99.141 99.06 98.879 -9999 97.606 98.232 100.357 100.177 99.631 100.371 101.016 101.592 102.435 102.533 102.865 102.863 102.78 102.729 102.701 102.65 102.447 102.399 102.502 102.45 102.396 102.341 -9999 -9999 -9999 -9999 -9999 -9999 -9999 -9999 -9999 -9999 -9999 -9999 -9999 -9999 -9999 -9999 -9999 -9999 -9999 -9999 -9999 -9999 -9999 -9999 -9999 -9999 -9999 -9999 -9999 -9999 -9999 -9999 -9999 -9999 -9999 -9999
-9999 -9999 102.078 101.814 101.465 -9999 101.252 101.176 100.505 100.468 -9999 100.084 100.116 100.059 100.139 -9999 98.459 100.271 102.184 101.848 101.7 101.773 101.036 101.19 100.423 100.848 101.546 101.703 102.258 -9999 102.726 102.598 102.55 102.58 102.531 102.479 102.427 -9999 -9999 -9999 -9999 -9999 -9999 -9999 -9999 -9999 -9999 -9999 -9999 -9999 -9999 -9999 -9999 -9999 -9999 -9999 -9999 -9999 -9999 -9999 -9999 -9999 -9999 -9999 -9999 -9999 -9999 -9999 -9999 -9999 -9999 -9999 -9999 -9999
-9999 -9999 102.231 101.88 -9999 -9999 100.771 100.439 100.191 -9999 99.561 99.627 99.703 99.809 99.955 -9999 99.132 100.464 101.378 101.449 101.849 101.136 100.226 100.331 101.659 101.927 101.686 102.069 102.34 102.582 102.751 -9999 -9999 102.608 102.559 -9999 -9999 -9999 -9999 -9999 -9999 102.321 102.317 102.3 -9999 -9999 -9999 -9999 -9999 -9999 -9999 -9999 -9999 -9999 -9999 -9999 -9999 -9999 -9999 -9999 -9999 -9999 -9999 -9999 -9999 -9999 -9999 -9999 -9999 -9999 -9999 -9999 -9999 -9999
-9999 101.883 100.583 -9999 -9999 101.062 101.13 100.717 100.271 -9999 99.651 100.014 100.835 100.952 101.035 -9999 -9999 -9999 100.648 101.206 102.151 101.442 100.798 102.062 103.583 103.393 103.235 103.136 102.5 102.635 102.775 102.729 102.682 102.635 102.587 -9999 -9999 -9999 -9999 -9999 102.334 102.343 102.332 102.317 102.277 -9999 -9999 -9999 -9999 -9999 -9999 -9999 -9999 -9999 -9999 -9999 -9999 -9999 -9999 -9999 -9999 -9999 -9999 -9999 -9999 -9999 -9999 -9999 -9999 -9999 -9999 -9999 -9999 -9999
101.245 100.879 101.194 -9999 -9999 -9999 100.659 100.36 100.45 -9999 99.202 -9999 100.306 100.45 100.691 -9999 99.937 100.199 100.673 -9999 101.518 101.18 101.172 102.069 102.326 102.387 102.766 102.517 102.75 102.813 102.8 102.752 102.697 102.639 102.581 102.52 102.456 102.419 -9999 102.368 102.356 102.339 102.31 102.249 102.168 102.082 101.991 -9999 -9999 -9999 -9999 -9999 -9999 -9999 -9999 -9999 -9999 -9999 -9999 -9999 -9999 -9999 -9999 -9999 -9999 -9999 -9999 -9999 -9999 -9999 -9999 -9999 -9999 -9999
99.947 100.16 -9999 -9999 -9999 -9999 100.62 100.864 101.379 -9999 100.233 -9999 102.103 102.064 -9999 99.531 98.605 99.187 100.066 100.668 101.934 102.13 102.672 102.847 102.938 103.116 103.025 103.067 102.864 102.841 102.807 102.749 102.701 102.632 102.553 102.491 102.44 102.412 102.387 102.364 102.336 102.281 102.193 102.103 102.013 101.921 101.827 101.721 101.53 101.247 -9999 -9999 -9999 -9999 -9999 -9999 -9999 -9999 -9999 -9999 -9999 -9999 -9999 -9999 -9999 -9999 -9999 -9999 -9999 -9999 -9999 -9999 -9999 -9999
-9999 98.824 -9999 -9999 -9999 -9999 100.785 101.001 100.848 100.262 -9999 -9999 101.731 101.429 -9999 100.341 98.868 99.675 100.597 101.501 102.15 102.541 102.834 102.852 102.766 102.806 103.002 102.889 102.878 102.871 102.933 102.851 102.72 102.631 102.523 102.464 102.425 102.398 102.373 102.335 102.247 102.151 102.055 101.96 101.863 101.764 101.661 101.549 101.428 101.293 101.011 -9999 -9999 -9999 -9999 -9999 -9999 -9999 -9999 -9999 -9999 -9999 -9999 -9999 -9999 -9999 -9999 -9999 -9999 -9999 -9999 -9999 -9999 -9999
97.643 -9999 -9999 -9999 -9999 -9999 101.873 101.705 100.895 100.709 -9999 -9999 101.569 101.917 -9999 -9999 101.065 101.69 102.069 101.944 100.675 100.942 101.234 101.309 101.634 102.062 102.899 102.893 102.927 102.865 102.633 102.563 102.578 102.508 102.491 102.439 102.411 102.379 102.327 102.224 102.122 102.022 101.922 101.821 101.718 101.611 101.5 101.381 101.254 101.118 100.969 -9999 -9999 -9999 -9999 -9999 -9999 -9999 -9999 -9999 -9999 -9999 -9999 -9999 -9999 -9999 -9999 -9999 -9999 -9999 -9999 -9999 -9999 -9999
98.05 -9999 -9999 -9999 -9999 -9999 102.526 101.407 100.414 -9999 -9999 -9999 -9999 101.963 -9999 101.85 101.363 101.563 101.56 100.98 101.185 101.526 102.024 102.226 102.292 102.783 102.92 102.908 102.831 102.651 102.515 102.531 102.576 102.532 102.461 102.424 102.389 102.32 102.212 102.106 102.001 101.897 101.792 101.685 101.576 101.462 101.343 101.218 101.086 100.945 100.792 100.635 -9999 -9999 -9999 -9999 -9999 -9999 -9999 -9999 -9999 -9999 -9999 -9999 -9999 -9999 -9999 -9999 -9999 -9999 -9999 -9999 -9999 -9999
100.687 -9999 -9999 -9999 99.29 100.021 100.351 99.927 -9999 -9999 101.509 -9999 -9999 -9999 -9999 102.23 102.49 102.488 102.476 102.549 102.446 102.578 102.214 102.069 101.573 101.861 102.424 102.5 102.796 102.728 102.761 102.745 102.658 102.563 102.439 102.401 102.323 102.21 102.099 101.991 101.883 101.774 101.665 101.553 101.438 101.319 101.195 101.066 100.929 100.782 100.623 100.491 -9999 -9999 -9999 -9999 -9999 -9999 -9999 -9999 -9999 -9999 -9999 -9999 -9999 -9999 -9999 -9999 -9999 -9999 -9999 -9999 -9999 -9999
-9999 -9999 -9999 -9999 -9999 100.841 100.833 100.878 -9999 100.632 101.012 100.519 -9999 -9999 -9999 -9999 102.952 102.756 102.229 102.137 102.02 101.899 102.053 101.786 101.77 102.153 102.393 102.616 102.766 102.761 102.721 102.658 102.63 102.514 102.415 102.335 102.217 102.102 101.99 101.878 101.766 101.654 101.54 101.424 101.306 101.183 101.055 100.921 100.779 100.627 100.464 100.324 100.15 -9999 -9999 -9999 -9999 -9999 -9999 -9999 -9999 -9999 -9999 -9999 -9999 -9999 -9999 -9999 -9999 -9999 -9999 -9999 -9999 -9999
-9999 -9999 -9999 -9999 -9999 100.265 100.714 100.786 -9999 101.911 101.764 101.23 -9999 -9999 -9999 -9999 -9999 102.935 102.669 102.631 102.675 102.678 102.475 102.323 101.94 101.82 101.157 101.529 102.294 102.35 102.58 102.55 102.529 102.448 102.349 102.227 102.109 101.994 101.88 101.766 101.652 101.537 101.421 101.302 101.179 101.053 100.921 100.782 100.635 100.477 100.314 100.175 100.012 99.793 -9999 -9999 -9999 -9999 -9999 -9999 -9999 -9999 -9999 -9999 -9999 -9999 -9999 -9999 -9999 -9999 -9999 -9999 -9999 -9999
-9999 -9999 -9999 -9999 -9999 100.578 101.29 -9999 -9999 102.171 101.546 101.053 101.368 -9999 -9999 -9999 -9999 -9999 102.917 102.961 102.976 102.716 102.305 102.035 101.851 101.583 101.802 102.22 102.24 102.398 102.522 102.482 102.438 102.363 102.241 102.121 102.004 101.888 101.774 101.659 101.543 101.425 101.306 101.183 101.057 100.926 100.79 100.647 100.495 100.332 100.169 100.032 99.86 99.648 99.435 99.216 -9999 -9999 -9999 -9999 -9999 -9999 -9999 -9999 -9999 -9999 -9999 -9999 -9999 -9999 -9999 -9999 -9999 -9999
-9999 -9999 -9999 -9999 -9999 101.199 102.129 -9999 -9999 102.429 102.158 102.031 -9999 -9999 -9999 -9999 -9999 -9999 102.875 102.877 102.848 102.621 102.593 102.45 102.33 102.329 102.026 102.022 101.948 102.001 101.99 102.077 102.377 102.181 101.842 101.803 101.904 101.788 101.673 101.556 101.437 101.317 101.194 101.067 100.937 100.802 100.662 100.514 100.357 100.189 100.019 99.826 99.64 99.434 99.227 99.018 -9999 -9999 -9999 -9999 -9999 -9999 -9999 -9999 -9999 -9999 -9999 -9999 -9999 -9999 -9999 -9999 -9999 -9999
-9999 -9999 -9999 -9999 -9999 102.051 102.129 -9999 -9999 -9999 102.418 102.485 102.538 -9999 -9999 -9999 -9999 -9999 102.804 102.777 102.75 102.722 102.695 102.545 102.313 102.178 102.248 102.219 102.213 102.117 101.894 102.128 102.284 102.032 101.872 101.883 101.809 101.693 101.576 101.457 101.335 101.211 101.084 100.954 100.819 100.68 100.535 100.382 100.22 100.035 99.818 99.614 99.415 99.215 99.015 98.813 -9999 -9999 -9999 -9999 -9999 -9999 -9999 -9999 -9999 -9999 -9999 -9999 -9999 -9999 -9999 -9999 -9999 -9999
-9999 -9999 -9999 -9999 101.278 101.903 101.931 -9999 -9999 -9999 -9999 -9999 -9999 -9999 -9999 -9999 -9999 -9999 102.664 102.605 102.469 102.381 102.186 102.074 102.103 102.168 102.255 102.158 101.88 101.158 99.496 100.176 101.741 101.717 101.925 101.833 101.719 101.602 101.483 101.36 101.234 101.106 100.975 100.84 100.702 100.558 100.408 100.251 100.071 99.829 99.604 99.408 99.213 99.02 98.826 98.63 98.587 -9999 -9999 -9999 -9999 -9999 -9999 -9999 -9999 -9999 -9999 -9999 -9999 -9999 -9999 -9999 -9999 -9999
-9999 -9999 -9999 101.568 101.651 101.707 101.794 -9999 -9999 -9999 -9999 -9999 -9999 -9999 -9999 -9999 102.582 102.579 102.577 102.502 102.476 102.331 102.217 102.112 101.791 101.627 101.064 101.192 101.929 100.876 100.33 101.268 101.617 101.748 101.856 101.746 101.633 101.515 101.391 101.264 101.134 101.001 100.866 100.727 100.584 100.436 100.281 100.106 99.866 99.617 99.41 99.219 99.03 98.841 98.653 98.463 98.383 -9999 -9999 -9999 -9999 -9999 -9999 -9999 -9999 -9999 -9999 -9999 -9999 -9999 -9999 -9999 -9999 -9999
-9999 -9999 -9999 101.424 101.493 101.573 -9999 -9999 -9999 -9999 -9999 -9999 -9999 -9999 -9999 -9999 102.516 102.497 102.471 102.338 102.0 101.457 100.131 99.51 98.278 98.758 100.881 101.536 102.256 101.793 101.219 101.47 101.724 101.764 101.767 101.586 101.266 101.22 101.299 101.166 101.031 100.894 100.754 100.611 100.464 100.311 100.141 99.911 99.654 99.422 99.231 99.044 98.86 98.677 98.494 98.309 98.207 -9999 -9999 -9999 -9999 -9999 -9999 -9999 -9999 -9999 -9999 -9999 -9999 -9999 -9999 -9999 -9999 -9999
-9999 -9999 -9999 -9999 -9999 -9999 -9999 -9999 -9999 -9999 -9999 -9999 -9999 -9999 -9999 -9999 102.421 102.406 102.392 102.147 101.956 101.058 100.489 99.929 100.162 101.342 101.535 102.022 102.313 101.96 101.68 101.754 101.663 101.655 101.675 101.425 101.2 101.219 101.201 101.063 100.924 100.783 100.64 100.493 100.341 100.177 99.961 99.707 99.46 99.252 99.065 98.883 98.702 98.523 98.345 98.165 98.052 -9999 -9999 -9999 -9999 -9999 -9999 -9999 -9999 -9999 -9999 -9999 -9999 -9999 -9999 -9999 -9999 -9999
-9999 -9999 -9999 -9999 -9999 -9999 -9999 -9999 -9999 -9999 -9999 -9999 -9999 -9999 -9999 102.278 102.321 102.022 101.223 100.938 100.433 100.219 100.446 100.961 102.016 102.115 102.114 102.269 102.262 102.11 101.964 101.847 101.725 101.678 101.574 101.413 101.297 101.229 101.092 100.952 100.811 100.667 100.521 100.37 100.212 100.015 99.763 99.511 99.28 99.091 98.909 98.73 98.554 98.379 98.204 98.029 97.909 -9999 -9999 -9999 -9999 -9999 -9999 -9999 -9999 -9999 -9999 -9999 -9999 -9999 -9999 -9999 -9999 -9999
-9999 -9999 -9999 -9999 -9999 -9999 -9999 -9999 -9999 -9999 -9999 -9999 -9999 -9999 -9999 102.169 102.209 101.696 101.431 100.876 100.086 100.307 100.574 101.42 102.215 102.218 102.218 102.217 102.198 102.088 101.941 101.807 101.684 101.569 101.461 101.352 101.235 101.107 100.972 100.833 100.691 100.545 100.396 100.243 100.065 99.82 99.571 99.328 99.123 98.94 98.761 98.585 98.412 98.241 98.07 97.899 97.777 -9999 -9999 -9999 -9999 -9999 -9999 -9999 -9999 -9999 -9999 -9999 -9999 -9999 -9999 -9999 -9999 -9999
-9999 -9999 -9999 -9999 -9999 -9999 -9999 -9999 -9999 -9999 -9999 -9999 -9999 -9999 101.977 102.045 102.092 101.931 101.83 101.02 99.924 100.325 101.036 101.642 102.156 102.159 102.161 102.163 102.12 101.983 101.834 101.698 101.572 101.454 101.34 101.225 101.106 100.979 100.845 100.707 100.564 100.418 100.267 100.102 99.88 99.631 99.385 99.159 98.975 98.795 98.619 98.447 98.277 98.108 97.947 97.797 97.677 97.587 -9999 -9999 -9999 -9999 -9999 -9999 -9999 -9999 -9999 -9999 -9999 -9999 -9999 -9999 -9999 -9999
