Validation/Results/raw data/ReClimate_06_2024_1_Temperatureweatherlogisticsltd.asc
NCOLS 192
NROWS 249
XLLCENTER -225160.85627316462
YLLCENTER 29788.11610251502
CELLSIZE 5000.0
NODATA_VALUE -9999
[rows 102 to 135 of 249, columns 76 to 151 of 192]
-0.541 -0.527 -0.514 -0.493 -0.488 -9999 -9999 -0.515 -9999 -9999 -0.488 -0.479 -0.468 -0.453 -0.438 -0.427 -0.418 -0.408 -0.399 -0.389 -0.384 -0.379 -0.374 -0.388 -0.405 -0.402 -0.399 -0.391 -0.382 -0.379 -0.377 -0.378 -0.381 -0.387 -0.395 -0.393 -0.393 -0.391 -0.391 -0.391 -0.396 -9999 -9999 -9999 -9999 -9999 -9999 -9999 -9999 -9999 -9999 -9999 -9999 -9999 -9999 -9999 -9999 -9999 -9999 -9999 -9999 -9999 -9999 -9999 -9999 -9999 -9999 -9999 -9999 -9999 -9999 -9999 -9999 -9999 -9999 -9999
-0.52 -0.507 -0.496 -9999 -9999 -9999 -0.498 -0.501 -0.506 -0.495 -0.484 -0.474 -0.456 -0.447 -0.449 -0.433 -0.408 -0.398 -0.393 -0.388 -0.391 -0.391 -0.401 -0.406 -0.398 -0.394 -0.392 -0.389 -0.4 -0.397 -0.396 -0.396 -0.393 -0.396 -0.398 -0.395 -9999 -9999 -0.378 -9999 -9999 -9999 -9999 -9999 -9999 -9999 -9999 -9999 -9999 -9999 -9999 -9999 -9999 -9999 -9999 -9999 -9999 -9999 -9999 -9999 -9999 -9999 -9999 -9999 -9999 -9999 -9999 -9999 -9999 -9999 -9999 -9999 -9999 -9999 -9999 -9999
-0.506 -9999 -0.485 -9999 -9999 -9999 -0.486 -0.489 -0.496 -0.488 -0.479 -0.467 -0.453 -0.456 -0.46 -0.437 -0.412 -0.407 -0.403 -0.402 -0.405 -0.413 -0.422 -0.415 -0.407 -0.403 -0.4 -0.407 -0.417 -0.415 -0.415 -0.411 -0.409 -0.409 -0.41 -9999 -0.401 -0.392 -0.383 -0.392 -9999 -9999 -9999 -9999 -9999 -9999 -9999 -9999 -9999 -9999 -9999 -9999 -9999 -9999 -9999 -9999 -9999 -9999 -9999 -9999 -9999 -9999 -9999 -9999 -9999 -9999 -9999 -9999 -9999 -9999 -9999 -9999 -9999 -9999 -9999 -9999
-9999 -9999 -9999 -9999 -0.469 -0.467 -0.466 -0.466 -0.465 -0.464 -0.478 -0.47 -0.467 -0.47 -0.466 -0.454 -0.455 -0.442 -0.409 -0.409 -0.42 -0.429 -0.444 -0.435 -0.419 -0.413 -0.404 -0.41 -0.42 -0.422 -0.434 -0.429 -0.422 -9999 -0.404 -0.401 -0.403 -0.396 -0.394 -0.395 -9999 -9999 -9999 -9999 -9999 -9999 -9999 -9999 -9999 -9999 -9999 -9999 -9999 -9999 -9999 -9999 -9999 -9999 -9999 -9999 -9999 -9999 -9999 -9999 -9999 -9999 -9999 -9999 -9999 -9999 -9999 -9999 -9999 -9999 -9999 -9999
-9999 -9999 -9999 -9999 -0.463 -0.463 -0.456 -0.452 -0.45 -0.461 -0.474 -0.472 -0.47 -0.469 -0.468 -0.474 -0.478 -0.451 -0.42 -0.427 -0.437 -0.449 -0.464 -0.45 -0.435 -0.426 -0.418 -0.423 -0.432 -0.441 -0.453 -0.445 -0.438 -0.426 -0.414 -0.414 -0.416 -0.412 -0.409 -0.405 -0.412 -9999 -9999 -9999 -9999 -9999 -9999 -9999 -9999 -9999 -9999 -9999 -9999 -9999 -9999 -9999 -9999 -9999 -9999 -9999 -9999 -9999 -9999 -9999 -9999 -9999 -9999 -9999 -9999 -9999 -9999 -9999 -9999 -9999 -9999 -9999
-9999 -9999 -9999 -0.455 -9999 -9999 -0.451 -0.448 -0.451 -0.461 -0.469 -9999 -9999 -0.475 -0.474 -0.478 -0.477 -0.46 -0.447 -0.454 -0.464 -0.469 -0.463 -0.45 -0.438 -0.434 -0.442 -0.445 -0.447 -0.452 -0.453 -0.447 -0.445 -0.435 -0.43 -0.429 -0.427 -0.422 -0.419 -0.414 -0.415 -0.404 -9999 -9999 -9999 -9999 -9999 -9999 -9999 -9999 -9999 -9999 -9999 -9999 -9999 -9999 -9999 -9999 -9999 -9999 -9999 -9999 -9999 -9999 -9999 -9999 -9999 -9999 -9999 -9999 -9999 -9999 -9999 -9999 -9999 -9999
-9999 -9999 -9999 -0.447 -9999 -0.45 -0.446 -0.446 -0.448 -0.455 -0.464 -0.468 -0.476 -0.476 -0.476 -0.478 -0.479 -0.472 -0.464 -0.471 -0.482 -0.476 -0.47 -0.459 -0.447 -0.452 -0.459 -0.459 -0.46 -0.46 -0.46 -0.457 -0.455 -0.45 -0.445 -0.442 -0.44 -0.436 -0.432 -0.428 -0.426 -9999 -9999 -9999 -9999 -9999 -9999 -9999 -9999 -9999 -9999 -9999 -9999 -9999 -9999 -9999 -9999 -9999 -9999 -9999 -9999 -9999 -9999 -9999 -9999 -9999 -9999 -9999 -9999 -9999 -9999 -9999 -9999 -9999 -9999 -9999
-9999 -9999 -9999 -0.44 -9999 -0.444 -0.439 -0.448 -0.474 -0.475 -9999 -0.469 -0.473 -9999 -0.473 -0.472 -0.465 -0.462 -0.463 -0.47 -0.469 -0.468 -0.479 -0.468 -0.455 -0.455 -0.45 -0.451 -0.459 -0.459 -0.465 -0.463 -0.466 -0.456 -0.438 -0.442 -0.463 -9999 -9999 -9999 -9999 -9999 -9999 -9999 -9999 -9999 -9999 -9999 -9999 -9999 -9999 -9999 -9999 -9999 -9999 -9999 -9999 -9999 -9999 -9999 -9999 -9999 -9999 -9999 -9999 -9999 -9999 -9999 -9999 -9999 -9999 -9999 -9999 -9999 -9999 -9999
-9999 -0.438 -0.435 -9999 -9999 -0.435 -0.433 -0.454 -0.479 -0.471 -0.462 -0.467 -0.472 -9999 -0.472 -0.467 -0.461 -0.463 -0.468 -0.471 -0.472 -0.48 -0.49 -0.479 -0.467 -0.461 -0.455 -0.46 -0.467 -0.47 -0.475 -0.476 -0.48 -0.463 -0.445 -0.464 -9999 -9999 -9999 -9999 -9999 -9999 -9999 -9999 -9999 -9999 -9999 -9999 -9999 -9999 -9999 -9999 -9999 -9999 -9999 -9999 -9999 -9999 -9999 -9999 -9999 -9999 -9999 -9999 -9999 -9999 -9999 -9999 -9999 -9999 -9999 -9999 -9999 -9999 -9999 -9999
-0.418 -0.42 -0.422 -9999 -0.425 -0.423 -0.431 -0.442 -9999 -0.428 -0.432 -0.438 -0.453 -9999 -0.449 -0.448 -0.453 -0.457 -0.468 -0.478 -0.494 -0.5 -0.498 -0.492 -0.492 -0.483 -0.465 -9999 -0.476 -0.478 -0.48 -0.486 -0.504 -0.488 -0.471 -9999 -9999 -9999 -9999 -9999 -9999 -9999 -9999 -9999 -9999 -9999 -9999 -9999 -9999 -9999 -9999 -9999 -9999 -9999 -9999 -9999 -9999 -9999 -9999 -9999 -9999 -9999 -9999 -9999 -9999 -9999 -9999 -9999 -9999 -9999 -9999 -9999 -9999 -9999 -9999 -9999
-0.4 -0.402 -9999 -9999 -0.414 -0.419 -0.422 -9999 -0.415 -0.416 -0.421 -0.431 -0.445 -9999 -0.441 -0.446 -0.452 -0.46 -0.472 -0.489 -0.508 -0.511 -0.509 -0.509 -0.509 -0.495 -0.478 -0.482 -0.489 -9999 -9999 -0.504 -0.522 -9999 -9999 -9999 -9999 -9999 -9999 -0.515 -0.512 -0.513 -9999 -9999 -9999 -9999 -9999 -9999 -9999 -9999 -9999 -9999 -9999 -9999 -9999 -9999 -9999 -9999 -9999 -9999 -9999 -9999 -9999 -9999 -9999 -9999 -9999 -9999 -9999 -9999 -9999 -9999 -9999 -9999 -9999 -9999
-0.38 -9999 -9999 -0.406 -0.404 -0.405 -0.401 -9999 -0.404 -0.412 -0.426 -0.435 -0.441 -9999 -9999 -9999 -0.46 -0.474 -0.494 -0.504 -0.5 -0.505 -0.512 -0.51 -0.508 -0.499 -0.499 -0.5 -0.495 -0.499 -0.513 -0.52 -0.517 -9999 -9999 -9999 -9999 -9999 -0.525 -0.528 -0.52 -0.519 -0.518 -9999 -9999 -9999 -9999 -9999 -9999 -9999 -9999 -9999 -9999 -9999 -9999 -9999 -9999 -9999 -9999 -9999 -9999 -9999 -9999 -9999 -9999 -9999 -9999 -9999 -9999 -9999 -9999 -9999 -9999 -9999 -9999 -9999
-0.366 -9999 -9999 -9999 -0.394 -0.39 -0.387 -9999 -0.399 -9999 -0.428 -0.434 -0.439 -9999 -0.456 -0.46 -0.466 -9999 -0.505 -0.504 -0.5 -0.511 -0.519 -0.518 -0.516 -0.516 -0.516 -0.512 -0.507 -0.517 -0.532 -0.53 -0.528 -0.529 -0.534 -0.529 -9999 -0.529 -0.538 -0.534 -0.532 -0.525 -0.516 -0.504 -0.488 -9999 -9999 -9999 -9999 -9999 -9999 -9999 -9999 -9999 -9999 -9999 -9999 -9999 -9999 -9999 -9999 -9999 -9999 -9999 -9999 -9999 -9999 -9999 -9999 -9999 -9999 -9999 -9999 -9999 -9999 -9999
-9999 -9999 -9999 -9999 -0.379 -0.375 -0.372 -9999 -0.395 -9999 -0.418 -0.424 -9999 -0.439 -0.444 -0.448 -0.459 -0.477 -0.492 -0.496 -0.505 -0.516 -0.526 -0.531 -0.533 -0.531 -0.524 -0.523 -0.527 -0.534 -0.535 -0.532 -0.526 -0.529 -0.542 -0.534 -0.534 -0.535 -0.543 -0.537 -0.531 -0.516 -0.499 -0.483 -0.465 -0.451 -0.411 -0.354 -9999 -9999 -9999 -9999 -9999 -9999 -9999 -9999 -9999 -9999 -9999 -9999 -9999 -9999 -9999 -9999 -9999 -9999 -9999 -9999 -9999 -9999 -9999 -9999 -9999 -9999 -9999 -9999
-9999 -9999 -9999 -9999 -0.366 -0.363 -0.361 -0.373 -9999 -9999 -0.412 -0.42 -9999 -0.436 -0.44 -0.449 -0.46 -0.475 -0.491 -0.501 -0.511 -0.522 -0.534 -0.543 -0.548 -0.543 -0.539 -0.543 -0.548 -0.548 -0.549 -0.544 -0.538 -0.546 -0.555 -0.551 -0.549 -0.55 -0.544 -0.534 -0.527 -0.508 -0.489 -0.468 -0.446 -0.419 -0.397 -0.367 -0.321 -9999 -9999 -9999 -9999 -9999 -9999 -9999 -9999 -9999 -9999 -9999 -9999 -9999 -9999 -9999 -9999 -9999 -9999 -9999 -9999 -9999 -9999 -9999 -9999 -9999 -9999 -9999
-9999 -9999 -9999 -9999 -0.351 -0.351 -0.358 -0.374 -9999 -9999 -0.412 -0.424 -9999 -9999 -0.447 -0.458 -0.467 -0.482 -0.498 -0.504 -0.502 -0.514 -0.531 -0.543 -0.555 -0.552 -0.549 -0.554 -0.56 -0.557 -0.547 -0.547 -0.558 -0.562 -0.557 -0.553 -0.548 -0.536 -0.53 -0.521 -0.518 -0.493 -0.459 -0.438 -0.42 -0.394 -0.376 -0.346 -0.32 -9999 -9999 -9999 -9999 -9999 -9999 -9999 -9999 -9999 -9999 -9999 -9999 -9999 -9999 -9999 -9999 -9999 -9999 -9999 -9999 -9999 -9999 -9999 -9999 -9999 -9999 -9999
-9999 -9999 -9999 -9999 -0.335 -0.341 -0.349 -9999 -9999 -9999 -9999 -0.42 -9999 -0.439 -0.454 -0.464 -0.473 -0.489 -0.505 -0.505 -0.503 -0.518 -0.535 -0.552 -0.567 -0.568 -0.566 -0.571 -0.577 -0.569 -0.56 -0.568 -0.579 -0.575 -0.569 -0.559 -0.542 -0.531 -0.524 -0.517 -0.513 -0.48 -0.446 -0.426 -0.406 -0.386 -0.367 -0.342 -0.316 -0.269 -9999 -9999 -9999 -9999 -9999 -9999 -9999 -9999 -9999 -9999 -9999 -9999 -9999 -9999 -9999 -9999 -9999 -9999 -9999 -9999 -9999 -9999 -9999 -9999 -9999 -9999
-9999 -9999 -0.285 -0.294 -0.297 -0.303 -9999 -9999 -0.357 -9999 -9999 -9999 -9999 -0.439 -0.457 -0.469 -0.483 -0.496 -0.503 -0.513 -0.539 -0.555 -0.567 -0.583 -0.592 -0.598 -0.599 -0.597 -0.58 -0.577 -0.585 -0.597 -0.615 -0.607 -0.585 -0.567 -0.554 -0.541 -0.525 -0.511 -0.489 -0.461 -0.443 -0.419 -0.391 -0.372 -0.355 -0.326 -0.292 -0.289 -9999 -9999 -9999 -9999 -9999 -9999 -9999 -9999 -9999 -9999 -9999 -9999 -9999 -9999 -9999 -9999 -9999 -9999 -9999 -9999 -9999 -9999 -9999 -9999 -9999 -9999
-9999 -9999 -9999 -0.274 -0.272 -0.284 -9999 -0.318 -0.339 -0.351 -9999 -9999 -9999 -9999 -0.46 -0.475 -0.49 -0.499 -0.507 -0.531 -0.56 -0.574 -0.587 -0.6 -0.612 -0.621 -0.624 -0.61 -0.594 -0.6 -0.608 -0.624 -0.638 -0.618 -0.588 -0.573 -0.559 -0.542 -0.526 -0.503 -0.481 -0.461 -0.442 -0.414 -0.385 -0.367 -0.349 -0.316 -0.281 -0.27 -0.228 -9999 -9999 -9999 -9999 -9999 -9999 -9999 -9999 -9999 -9999 -9999 -9999 -9999 -9999 -9999 -9999 -9999 -9999 -9999 -9999 -9999 -9999 -9999 -9999 -9999
-9999 -9999 -9999 -0.258 -0.258 -0.273 -9999 -0.31 -0.314 -0.327 -9999 -9999 -9999 -9999 -9999 -0.477 -0.49 -0.5 -0.51 -0.534 -0.554 -0.569 -0.587 -0.599 -0.611 -0.622 -0.631 -0.62 -0.613 -0.618 -0.623 -0.633 -0.637 -0.607 -0.576 -0.56 -0.547 -0.528 -0.511 -0.491 -0.478 -0.459 -0.441 -0.416 -0.395 -0.372 -0.342 -0.306 -0.267 -0.249 -0.232 -0.156 -9999 -9999 -9999 -9999 -9999 -9999 -9999 -9999 -9999 -9999 -9999 -9999 -9999 -9999 -9999 -9999 -9999 -9999 -9999 -9999 -9999 -9999 -9999 -9999
-9999 -9999 -9999 -0.236 -0.242 -9999 -9999 -0.299 -0.298 -0.316 -0.353 -9999 -9999 -9999 -9999 -9999 -0.494 -0.505 -0.519 -0.539 -0.559 -0.577 -0.596 -0.608 -0.62 -0.636 -0.647 -0.641 -0.634 -0.638 -0.639 -0.642 -0.635 -0.605 -0.574 -0.558 -0.544 -0.525 -0.507 -0.492 -0.478 -0.459 -0.441 -0.42 -0.398 -0.368 -0.337 -0.299 -0.26 -0.241 -0.202 -0.145 -0.081 -0.041 -9999 -9999 -9999 -9999 -9999 -9999 -9999 -9999 -9999 -9999 -9999 -9999 -9999 -9999 -9999 -9999 -9999 -9999 -9999 -9999 -9999 -9999
-9999 -9999 -9999 -0.215 -0.227 -9999 -9999 -0.288 -0.299 -0.327 -9999 -9999 -9999 -9999 -9999 -9999 -0.486 -0.503 -0.524 -0.544 -0.562 -0.579 -0.595 -0.608 -0.622 -0.639 -0.652 -0.65 -0.654 -0.651 -0.64 -0.632 -0.629 -0.603 -0.584 -0.566 -0.546 -0.524 -0.5 -0.483 -0.469 -0.448 -0.428 -0.408 -0.395 -0.367 -0.344 -0.31 -0.279 -0.207 -0.149 -0.089 -0.033 0.014 -9999 -9999 -9999 -9999 -9999 -9999 -9999 -9999 -9999 -9999 -9999 -9999 -9999 -9999 -9999 -9999 -9999 -9999 -9999 -9999 -9999 -9999
-9999 -9999 -9999 -0.197 -0.208 -9999 -9999 -9999 -0.299 -0.335 -0.373 -9999 -9999 -9999 -9999 -9999 -0.489 -0.512 -0.534 -0.553 -0.572 -0.589 -0.605 -0.619 -0.634 -0.652 -0.666 -0.671 -0.672 -0.662 -0.64 -0.633 -0.629 -0.609 -0.59 -0.57 -0.549 -0.524 -0.499 -0.482 -0.466 -0.444 -0.423 -0.407 -0.392 -0.368 -0.345 -0.31 -0.254 -0.175 -0.096 -0.039 0.019 0.072 -9999 -9999 -9999 -9999 -9999 -9999 -9999 -9999 -9999 -9999 -9999 -9999 -9999 -9999 -9999 -9999 -9999 -9999 -9999 -9999 -9999 -9999
-9999 -9999 -0.163 -0.171 -0.186 -9999 -9999 -9999 -9999 -9999 -9999 -9999 -9999 -9999 -9999 -9999 -0.485 -0.511 -0.537 -0.558 -0.582 -0.596 -0.607 -0.625 -0.649 -0.673 -0.702 -0.704 -0.699 -0.683 -0.654 -0.642 -0.627 -0.607 -0.59 -0.572 -0.561 -0.533 -0.498 -0.476 -0.451 -0.432 -0.424 -0.401 -0.369 -0.342 -0.309 -0.242 -0.176 -0.107 -0.034 0.018 0.079 0.149 0.131 -9999 -9999 -9999 -9999 -9999 -9999 -9999 -9999 -9999 -9999 -9999 -9999 -9999 -9999 -9999 -9999 -9999 -9999 -9999 -9999 -9999
-9999 -0.133 -0.14 -0.15 -0.167 -9999 -9999 -9999 -9999 -9999 -9999 -9999 -9999 -9999 -0.447 -0.463 -0.489 -0.518 -0.546 -0.571 -0.595 -0.608 -0.619 -0.642 -0.667 -0.698 -0.725 -0.725 -0.716 -0.69 -0.662 -0.644 -0.629 -0.611 -0.594 -0.58 -0.567 -0.534 -0.499 -0.472 -0.446 -0.433 -0.423 -0.391 -0.358 -0.323 -0.259 -0.188 -0.123 -0.057 0.013 0.069 0.127 0.199 0.192 -9999 -9999 -9999 -9999 -9999 -9999 -9999 -9999 -9999 -9999 -9999 -9999 -9999 -9999 -9999 -9999 -9999 -9999 -9999 -9999 -9999
-9999 -0.105 -0.118 -0.131 -9999 -9999 -9999 -9999 -9999 -9999 -9999 -9999 -9999 -9999 -0.444 -0.467 -0.485 -0.515 -0.548 -0.575 -0.603 -0.621 -0.646 -0.665 -0.674 -0.699 -0.72 -0.717 -0.696 -0.669 -0.651 -0.629 -0.603 -0.589 -0.585 -0.569 -0.554 -0.524 -0.502 -0.476 -0.453 -0.437 -0.416 -0.384 -0.345 -0.28 -0.202 -0.136 -0.083 -0.019 0.05 0.121 0.187 0.253 0.278 -9999 -9999 -9999 -9999 -9999 -9999 -9999 -9999 -9999 -9999 -9999 -9999 -9999 -9999 -9999 -9999 -9999 -9999 -9999 -9999 -9999
-9999 -9999 -9999 -9999 -9999 -9999 -9999 -9999 -9999 -9999 -9999 -9999 -9999 -9999 -0.442 -0.468 -0.489 -0.522 -0.556 -0.586 -0.616 -0.642 -0.667 -0.677 -0.685 -0.707 -0.728 -0.721 -0.69 -0.668 -0.65 -0.623 -0.596 -0.589 -0.585 -0.567 -0.551 -0.527 -0.504 -0.48 -0.457 -0.434 -0.412 -0.376 -0.314 -0.233 -0.159 -0.101 -0.049 0.017 0.086 0.16 0.23 0.292 0.322 -9999 -9999 -9999 -9999 -9999 -9999 -9999 -9999 -9999 -9999 -9999 -9999 -9999 -9999 -9999 -9999 -9999 -9999 -9999 -9999 -9999
-9999 -9999 -9999 -9999 -9999 -9999 -9999 -9999 -9999 -9999 -9999 -9999 -9999 -0.41 -0.448 -0.475 -0.503 -0.534 -0.56 -0.592 -0.626 -0.65 -0.669 -0.684 -0.709 -0.727 -0.736 -0.728 -0.708 -0.682 -0.649 -0.622 -0.598 -0.588 -0.574 -0.557 -0.544 -0.521 -0.5 -0.474 -0.444 -0.421 -0.399 -0.346 -0.264 -0.19 -0.123 -0.064 0.001 0.062 0.131 0.21 0.28 0.336 0.362 -9999 -9999 -9999 -9999 -9999 -9999 -9999 -9999 -9999 -9999 -9999 -9999 -9999 -9999 -9999 -9999 -9999 -9999 -9999 -9999 -9999
-9999 -9999 -9999 -9999 -9999 -9999 -9999 -9999 -9999 -9999 -9999 -9999 -9999 -0.411 -0.454 -0.485 -0.515 -0.542 -0.567 -0.6 -0.633 -0.655 -0.676 -0.703 -0.729 -0.741 -0.747 -0.739 -0.719 -0.685 -0.652 -0.625 -0.6 -0.585 -0.57 -0.555 -0.541 -0.519 -0.498 -0.469 -0.438 -0.416 -0.384 -0.305 -0.228 -0.158 -0.094 -0.03 0.037 0.103 0.167 0.244 0.314 0.368 0.404 -9999 -9999 -9999 -9999 -9999 -9999 -9999 -9999 -9999 -9999 -9999 -9999 -9999 -9999 -9999 -9999 -9999 -9999 -9999 -9999 -9999
-9999 -9999 -9999 -9999 -9999 -9999 -9999 -9999 -9999 -9999 -9999 -9999 -0.366 -0.411 -0.442 -0.476 -0.512 -0.538 -0.561 -0.591 -0.619 -0.643 -0.673 -0.7 -0.728 -0.748 -0.766 -0.742 -0.698 -0.668 -0.651 -0.625 -0.603 -0.583 -0.559 -0.542 -0.523 -0.499 -0.476 -0.449 -0.433 -0.403 -0.342 -0.256 -0.169 -0.103 -0.051 0.011 0.075 0.136 0.194 0.272 0.341 0.393 0.427 0.466 -9999 -9999 -9999 -9999 -9999 -9999 -9999 -9999 -9999 -9999 -9999 -9999 -9999 -9999 -9999 -9999 -9999 -9999 -9999 -9999
-9999 -9999 -9999 -9999 -9999 -9999 -9999 -9999 -9999 -9999 -9999 -0.322 -0.364 -0.404 -0.438 -0.478 -0.514 -0.54 -0.564 -0.591 -0.618 -0.647 -0.677 -0.705 -0.734 -0.763 -0.776 -0.739 -0.694 -0.672 -0.653 -0.629 -0.606 -0.581 -0.556 -0.536 -0.516 -0.492 -0.467 -0.448 -0.429 -0.383 -0.306 -0.215 -0.131 -0.074 -0.022 0.04 0.111 0.172 0.223 0.295 0.362 0.41 0.45 0.496 -9999 -9999 -9999 -9999 -9999 -9999 -9999 -9999 -9999 -9999 -9999 -9999 -9999 -9999 -9999 -9999 -9999 -9999 -9999 -9999
-9999 -9999 -9999 -9999 -9999 -9999 -9999 -9999 -9999 -9999 -9999 -0.305 -0.346 -0.387 -0.434 -0.473 -0.503 -0.532 -0.567 -0.595 -0.624 -0.649 -0.668 -0.695 -0.724 -0.752 -0.764 -0.723 -0.672 -0.65 -0.635 -0.615 -0.608 -0.584 -0.564 -0.538 -0.503 -0.479 -0.457 -0.437 -0.411 -0.341 -0.263 -0.181 -0.107 -0.049 0.006 0.081 0.159 0.218 0.268 0.319 0.369 0.42 0.462 0.516 -9999 -9999 -9999 -9999 -9999 -9999 -9999 -9999 -9999 -9999 -9999 -9999 -9999 -9999 -9999 -9999 -9999 -9999 -9999 -9999
-9999 -9999 -9999 -9999 -9999 -9999 -9999 -9999 -9999 -9999 -0.243 -0.286 -0.336 -0.385 -0.433 -0.471 -0.503 -0.538 -0.573 -0.603 -0.632 -0.652 -0.671 -0.699 -0.727 -0.754 -0.759 -0.714 -0.663 -0.644 -0.628 -0.616 -0.608 -0.588 -0.568 -0.535 -0.499 -0.477 -0.454 -0.432 -0.39 -0.304 -0.227 -0.149 -0.077 -0.018 0.043 0.121 0.195 0.252 0.298 0.346 0.381 0.429 0.477 0.531 0.586 -9999 -9999 -9999 -9999 -9999 -9999 -9999 -9999 -9999 -9999 -9999 -9999 -9999 -9999 -9999 -9999 -9999 -9999 -9999
-9999 -9999 -9999 -9999 -9999 -9999 -9999 -9999 -9999 -0.194 -9999 -0.27 -0.319 -0.369 -0.423 -0.466 -0.508 -0.548 -0.586 -0.62 -0.659 -0.676 -0.681 -0.706 -0.727 -0.745 -0.733 -0.691 -0.663 -0.642 -0.627 -0.62 -0.618 -0.594 -0.557 -0.534 -0.52 -0.494 -0.457 -0.418 -0.334 -0.249 -0.174 -0.107 -0.054 0.01 0.088 0.165 0.238 0.297 0.342 0.389 0.426 0.459 0.5 0.54 0.606 -9999 -9999 -9999 -9999 -9999 -9999 -9999 -9999 -9999 -9999 -9999 -9999 -9999 -9999 -9999 -9999 -9999 -9999 -9999
