Validation/Results/raw data/ReClimate_11_2023_1weatherlogisticsltd.asc
NCOLS 192
NROWS 249
XLLCENTER -225160.85627316462
YLLCENTER 29788.11610251502
CELLSIZE 5000.0
NODATA_VALUE -9999
[rows 66 to 98 of 249, columns 75 to 149 of 192]
-9999 -9999 -9999 -9999 -9999 -9999 -9999 -9999 -9999 -9999 101.436 -9999 101.523 101.307 101.436 101.296 101.303 101.211 101.291 101.502 101.412 101.388 101.375 101.346 101.063 100.743 100.838 101.045 101.007 100.873 100.886 -9999 -9999 -9999 -9999 -9999 -9999 -9999 -9999 -9999 -9999 -9999 -9999 -9999 -9999 -9999 -9999 -9999 -9999 -9999 -9999 -9999 -9999 -9999 -9999 -9999 -9999 -9999 -9999 -9999 -9999 -9999 -9999 -9999 -9999 -9999 -9999 -9999 -9999 -9999 -9999 -9999 -9999 -9999 -9999
-9999 -9999 -9999 -9999 -9999 -9999 -9999 -9999 -9999 -9999 -9999 101.79 101.684 101.654 101.532 101.352 101.33 101.44 101.502 101.403 101.366 101.319 101.282 101.245 101.064 101.031 101.123 101.095 101.01 -9999 -9999 -9999 -9999 -9999 -9999 -9999 -9999 -9999 -9999 -9999 -9999 -9999 -9999 -9999 -9999 -9999 -9999 -9999 -9999 -9999 -9999 -9999 -9999 -9999 -9999 -9999 -9999 -9999 -9999 -9999 -9999 -9999 -9999 -9999 -9999 -9999 -9999 -9999 -9999 -9999 -9999 -9999 -9999 -9999 -9999
-9999 -9999 -9999 -9999 -9999 -9999 -9999 -9999 -9999 -9999 -9999 101.781 101.766 101.752 101.49 101.043 101.129 101.322 101.285 101.352 101.303 101.259 101.22 101.183 101.15 101.119 101.09 101.064 101.04 -9999 -9999 -9999 -9999 -9999 -9999 -9999 -9999 -9999 -9999 -9999 -9999 -9999 -9999 -9999 -9999 -9999 -9999 -9999 -9999 -9999 -9999 -9999 -9999 -9999 -9999 -9999 -9999 -9999 -9999 -9999 -9999 -9999 -9999 -9999 -9999 -9999 -9999 -9999 -9999 -9999 -9999 -9999 -9999 -9999 -9999
-9999 -9999 -9999 -9999 -9999 -9999 -9999 -9999 -9999 -9999 -9999 -9999 -9999 101.682 101.391 101.239 101.318 101.3 101.302 101.25 101.237 101.266 101.181 101.108 101.076 101.045 101.017 -9999 -9999 -9999 -9999 -9999 -9999 -9999 -9999 -9999 -9999 -9999 -9999 -9999 -9999 -9999 -9999 -9999 -9999 -9999 -9999 -9999 -9999 -9999 -9999 -9999 -9999 -9999 -9999 -9999 -9999 -9999 -9999 -9999 -9999 -9999 -9999 -9999 -9999 -9999 -9999 -9999 -9999 -9999 -9999 -9999 -9999 -9999 -9999
-9999 -9999 -9999 -9999 -9999 -9999 -9999 101.795 -9999 -9999 101.546 101.753 101.681 101.584 101.466 101.383 101.353 101.33 101.265 101.194 101.185 101.108 101.055 101.035 101.003 100.974 100.946 -9999 -9999 -9999 -9999 -9999 -9999 -9999 -9999 -9999 -9999 -9999 -9999 -9999 -9999 -9999 -9999 -9999 -9999 -9999 -9999 -9999 -9999 -9999 -9999 -9999 -9999 -9999 -9999 -9999 -9999 -9999 -9999 -9999 -9999 -9999 -9999 -9999 -9999 -9999 -9999 -9999 -9999 -9999 -9999 -9999 -9999 -9999 -9999
-9999 -9999 -9999 -9999 -9999 101.474 101.446 101.401 101.319 101.466 101.584 101.548 101.457 101.482 101.328 101.048 100.921 100.686 100.723 100.921 100.731 100.389 100.662 100.949 100.923 100.904 100.877 -9999 -9999 -9999 -9999 -9999 -9999 -9999 -9999 -9999 -9999 -9999 -9999 -9999 -9999 -9999 -9999 -9999 -9999 -9999 -9999 -9999 -9999 -9999 -9999 -9999 -9999 -9999 -9999 -9999 -9999 -9999 -9999 -9999 -9999 -9999 -9999 -9999 -9999 -9999 -9999 -9999 -9999 -9999 -9999 -9999 -9999 -9999 -9999
-9999 -9999 -9999 -9999 -9999 100.937 101.144 -9999 101.607 101.592 101.555 101.433 101.416 101.4 101.216 101.137 101.056 101.208 101.253 101.15 100.943 101.044 101.116 101.018 100.919 100.835 -9999 100.782 -9999 -9999 -9999 -9999 -9999 -9999 -9999 -9999 -9999 -9999 -9999 -9999 -9999 -9999 -9999 -9999 -9999 -9999 -9999 -9999 -9999 -9999 -9999 -9999 -9999 -9999 -9999 -9999 -9999 -9999 -9999 -9999 -9999 -9999 -9999 -9999 -9999 -9999 -9999 -9999 -9999 -9999 -9999 -9999 -9999 -9999 -9999
-9999 -9999 -9999 -9999 -9999 -9999 101.229 101.442 101.337 101.037 100.921 100.794 100.894 101.16 101.136 101.131 101.33 101.58 101.383 101.119 101.135 101.115 101.002 100.85 100.871 101.05 100.941 100.717 -9999 -9999 -9999 -9999 -9999 -9999 -9999 -9999 -9999 -9999 -9999 -9999 -9999 -9999 -9999 -9999 -9999 -9999 -9999 -9999 -9999 -9999 -9999 -9999 -9999 -9999 -9999 -9999 -9999 -9999 -9999 -9999 -9999 -9999 -9999 -9999 -9999 -9999 -9999 -9999 -9999 -9999 -9999 -9999 -9999 -9999 -9999
-9999 -9999 -9999 -9999 -9999 -9999 -9999 101.131 100.908 100.627 100.586 100.794 100.96 101.071 101.108 101.188 101.228 100.96 100.866 100.91 100.932 100.909 100.813 100.749 100.756 100.532 100.481 100.631 -9999 -9999 -9999 -9999 -9999 -9999 -9999 -9999 -9999 -9999 -9999 -9999 -9999 -9999 -9999 -9999 -9999 -9999 -9999 -9999 -9999 -9999 -9999 -9999 -9999 -9999 -9999 -9999 -9999 -9999 -9999 -9999 -9999 -9999 -9999 -9999 -9999 -9999 -9999 -9999 -9999 -9999 -9999 -9999 -9999 -9999 -9999
-9999 -9999 -9999 -9999 -9999 100.151 100.506 99.918 100.174 100.302 100.447 100.593 100.648 100.688 100.801 100.952 100.774 100.667 100.691 100.726 100.762 100.724 100.765 100.902 100.639 -9999 100.517 -9999 -9999 -9999 -9999 -9999 -9999 99.25 99.607 99.799 -9999 -9999 -9999 -9999 -9999 -9999 -9999 -9999 -9999 -9999 -9999 -9999 -9999 -9999 -9999 -9999 -9999 -9999 -9999 -9999 -9999 -9999 -9999 -9999 -9999 -9999 -9999 -9999 -9999 -9999 -9999 -9999 -9999 -9999 -9999 -9999 -9999 -9999 -9999
98.521 -9999 -9999 -9999 -9999 -9999 99.258 99.413 99.716 100.197 100.282 100.255 100.249 100.22 100.347 100.468 100.388 100.31 100.365 100.473 100.484 100.509 100.64 100.709 100.555 100.599 -9999 -9999 -9999 -9999 100.399 100.459 99.782 99.052 99.357 99.664 99.965 100.304 100.067 99.823 99.949 100.079 100.177 100.26 100.264 100.271 100.269 100.287 100.226 100.187 100.288 100.296 -9999 -9999 -9999 -9999 -9999 -9999 -9999 -9999 -9999 -9999 -9999 -9999 -9999 -9999 -9999 -9999 -9999 -9999 -9999 -9999 -9999 -9999 -9999
96.656 -9999 -9999 -9999 99.074 -9999 99.029 99.096 99.417 99.477 99.668 100.009 99.986 99.989 100.131 100.351 100.247 100.063 100.139 100.192 100.336 100.622 100.645 100.587 100.663 -9999 -9999 -9999 -9999 100.012 100.173 99.181 98.658 98.328 98.528 98.61 98.759 98.675 98.642 98.99 99.134 99.345 99.392 99.399 99.528 99.879 99.951 100.141 100.094 100.061 100.057 100.12 -9999 -9999 -9999 -9999 -9999 -9999 -9999 -9999 -9999 -9999 -9999 -9999 -9999 -9999 -9999 -9999 -9999 -9999 -9999 -9999 -9999 -9999 -9999
96.279 -9999 -9999 -9999 98.626 98.72 98.876 99.014 99.062 99.019 99.399 99.743 99.765 99.805 99.904 99.891 99.812 99.829 99.914 100.024 100.13 100.184 100.217 100.346 -9999 -9999 100.221 99.892 99.809 99.786 99.361 99.24 99.026 98.932 99.031 99.206 99.064 98.794 98.9 98.726 98.852 98.917 99.021 99.306 99.516 99.613 99.771 99.959 99.927 99.904 99.823 99.667 99.925 -9999 -9999 -9999 -9999 -9999 -9999 -9999 -9999 -9999 -9999 -9999 -9999 -9999 -9999 -9999 -9999 -9999 -9999 -9999 -9999 -9999 -9999
96.81 -9999 97.573 -9999 98.089 98.312 98.293 97.946 98.241 98.984 99.252 99.304 99.441 99.51 99.444 99.317 99.422 99.65 99.732 99.705 99.771 99.837 100.009 100.257 -9999 100.091 99.881 98.994 99.055 99.22 98.897 98.198 98.253 98.549 98.874 99.529 99.277 98.972 98.823 98.68 98.822 99.129 99.272 99.279 99.426 99.699 99.761 99.692 99.693 99.76 99.752 99.698 99.67 -9999 -9999 -9999 -9999 -9999 -9999 -9999 -9999 -9999 -9999 -9999 -9999 -9999 -9999 -9999 -9999 -9999 -9999 -9999 -9999 -9999 -9999
-9999 96.16 -9999 -9999 -9999 97.837 97.695 97.707 97.998 97.675 98.019 98.791 99.02 99.287 99.247 99.407 99.494 99.462 99.459 99.462 99.534 99.606 99.859 100.15 99.932 99.751 99.464 99.612 99.703 99.597 99.101 98.737 98.968 99.185 99.44 99.245 98.989 98.732 98.694 98.809 99.116 99.528 99.414 99.115 99.354 99.642 99.582 99.525 99.56 99.583 99.565 99.539 99.513 -9999 -9999 -9999 -9999 -9999 -9999 -9999 -9999 -9999 -9999 -9999 -9999 -9999 -9999 -9999 -9999 -9999 -9999 -9999 -9999 -9999 -9999
94.119 -9999 -9999 -9999 -9999 96.643 97.159 98.534 -9999 97.383 97.929 98.291 98.647 98.979 99.128 99.079 99.134 99.311 99.26 99.216 99.132 98.771 99.076 99.502 99.3 99.053 99.182 99.3 99.376 99.618 99.413 99.258 99.465 99.725 99.264 98.31 98.089 97.857 98.103 98.618 98.996 99.452 99.291 99.284 99.449 99.501 99.458 99.429 99.424 99.397 99.365 99.322 99.297 -9999 -9999 -9999 -9999 -9999 -9999 -9999 -9999 -9999 -9999 -9999 -9999 -9999 -9999 -9999 -9999 -9999 -9999 -9999 -9999 -9999 -9999
94.493 -9999 -9999 -9999 95.974 -9999 -9999 97.425 97.174 97.405 97.865 98.571 98.804 98.823 98.851 98.764 98.896 98.957 98.931 98.965 98.897 99.178 99.332 99.179 99.181 99.478 99.341 98.78 99.124 99.65 99.462 99.064 99.216 99.274 98.726 98.579 98.446 98.421 98.777 99.04 99.202 99.017 99.087 99.298 99.315 99.295 99.275 99.285 99.252 99.214 99.165 99.118 -9999 -9999 -9999 -9999 -9999 -9999 -9999 -9999 -9999 -9999 -9999 -9999 -9999 -9999 -9999 -9999 -9999 -9999 -9999 -9999 -9999 -9999 -9999
93.954 94.26 94.874 -9999 -9999 -9999 96.501 96.897 -9999 97.048 97.624 98.111 98.178 98.267 98.35 98.484 98.598 98.642 98.679 98.723 98.879 98.926 98.738 98.403 98.772 99.306 99.068 99.163 99.534 99.77 99.525 99.315 99.205 98.753 98.646 98.576 98.533 98.44 98.712 99.077 98.951 98.879 99.049 99.225 99.139 98.941 98.99 99.123 99.082 99.034 98.972 -9999 -9999 -9999 -9999 -9999 -9999 -9999 -9999 -9999 -9999 -9999 -9999 -9999 -9999 -9999 -9999 -9999 -9999 -9999 -9999 -9999 -9999 -9999 -9999
93.693 94.841 95.106 -9999 95.618 96.09 96.412 96.627 96.768 97.063 97.412 97.609 97.724 97.836 98.013 98.196 98.334 98.405 98.449 98.481 98.521 98.601 98.526 98.774 99.046 98.986 99.114 99.285 99.324 99.079 99.084 99.316 98.77 97.811 97.789 97.849 98.121 98.984 99.211 99.317 99.199 99.01 99.099 99.105 98.955 98.831 98.914 98.962 98.912 98.853 98.785 -9999 -9999 -9999 -9999 -9999 -9999 -9999 -9999 -9999 -9999 -9999 -9999 -9999 -9999 -9999 -9999 -9999 -9999 -9999 -9999 -9999 -9999 -9999 -9999
94.44 95.201 95.231 95.219 95.561 95.765 -9999 96.082 96.181 95.997 96.302 96.862 97.113 97.549 97.738 97.911 98.074 98.171 98.211 98.258 98.33 98.382 98.531 98.583 98.588 98.661 98.803 98.919 98.741 98.568 98.779 98.988 98.152 97.119 97.166 97.215 98.116 99.346 99.382 99.332 99.172 99.025 99.005 98.953 98.876 98.846 98.849 98.8 98.741 98.672 -9999 -9999 -9999 -9999 -9999 -9999 -9999 -9999 -9999 -9999 -9999 -9999 -9999 -9999 -9999 -9999 -9999 -9999 -9999 -9999 -9999 -9999 -9999 -9999 -9999
-9999 -9999 -9999 94.437 94.773 -9999 95.576 95.736 95.785 96.084 96.552 96.942 97.244 97.379 97.543 97.679 97.821 97.874 97.952 98.043 98.172 98.4 98.523 98.752 98.782 98.702 98.819 99.019 98.842 98.576 98.712 98.763 98.322 98.481 98.422 98.118 98.776 98.859 98.835 98.826 98.789 98.898 98.823 98.703 98.701 98.742 98.693 98.636 98.569 98.508 -9999 -9999 -9999 -9999 -9999 -9999 -9999 -9999 -9999 -9999 -9999 -9999 -9999 -9999 -9999 -9999 -9999 -9999 -9999 -9999 -9999 -9999 -9999 -9999 -9999
-9999 -9999 94.056 93.827 -9999 94.756 95.102 -9999 95.667 96.221 96.525 96.703 96.848 97.031 97.123 97.169 97.314 97.49 97.645 97.745 97.795 97.559 97.876 98.439 98.517 98.735 98.984 99.426 98.678 96.967 96.818 96.335 96.916 98.268 98.267 98.573 98.542 98.349 98.414 98.602 98.711 98.856 98.631 98.2 98.319 98.589 98.492 98.322 98.318 98.408 -9999 -9999 -9999 -9999 -9999 -9999 -9999 -9999 -9999 -9999 -9999 -9999 -9999 -9999 -9999 -9999 -9999 -9999 -9999 -9999 -9999 -9999 -9999 -9999 -9999
-9999 -9999 93.862 -9999 -9999 94.282 94.658 95.03 95.437 95.66 95.85 96.087 96.272 96.472 96.554 96.686 96.916 97.14 97.316 97.438 97.434 97.679 98.079 98.343 98.408 98.173 98.38 98.278 97.475 97.637 97.735 98.515 98.984 98.715 98.882 98.811 98.572 98.206 98.252 98.118 98.218 98.288 98.051 98.007 98.235 98.478 98.325 98.146 98.217 98.307 -9999 -9999 -9999 -9999 -9999 -9999 -9999 -9999 -9999 -9999 -9999 -9999 -9999 -9999 -9999 -9999 -9999 -9999 -9999 -9999 -9999 -9999 -9999 -9999 -9999
-9999 -9999 -9999 -9999 -9999 -9999 94.182 94.264 94.525 94.843 95.229 95.91 96.0 95.919 96.096 96.313 96.51 96.651 96.916 97.16 97.342 97.449 97.874 98.591 98.28 97.862 97.549 96.795 96.998 97.334 98.308 99.575 99.386 99.118 98.991 98.901 98.538 98.031 98.008 98.115 98.118 98.035 98.096 98.321 98.433 98.4 98.29 98.25 98.276 -9999 -9999 -9999 -9999 -9999 -9999 -9999 -9999 -9999 -9999 -9999 -9999 -9999 -9999 -9999 -9999 -9999 -9999 -9999 -9999 -9999 -9999 -9999 -9999 -9999 -9999
-9999 -9999 -9999 -9999 93.133 93.031 -9999 93.936 94.27 94.619 95.063 95.252 95.333 95.565 95.802 96.065 96.234 96.457 96.719 96.884 96.998 97.109 97.529 97.565 97.458 97.68 97.411 97.663 97.844 97.854 98.161 97.091 97.346 98.261 98.19 98.032 98.106 98.354 98.431 98.492 98.439 98.413 98.489 98.39 98.358 98.323 98.285 98.243 98.195 -9999 -9999 -9999 -9999 -9999 -9999 -9999 -9999 -9999 -9999 -9999 -9999 -9999 -9999 -9999 -9999 -9999 -9999 -9999 -9999 -9999 -9999 -9999 -9999 -9999 -9999
-9999 -9999 -9999 92.482 92.401 92.236 92.865 93.534 93.949 94.485 94.674 94.828 95.053 95.285 95.543 95.777 95.996 96.222 96.468 96.701 96.784 96.88 96.792 96.429 96.581 96.559 96.797 97.069 97.25 97.696 96.866 96.072 96.852 97.57 97.033 95.917 96.684 98.249 98.238 97.567 97.731 98.087 98.114 98.316 98.283 98.247 98.208 98.164 -9999 -9999 -9999 -9999 -9999 -9999 -9999 -9999 -9999 -9999 -9999 -9999 -9999 -9999 -9999 -9999 -9999 -9999 -9999 -9999 -9999 -9999 -9999 -9999 -9999 -9999 -9999
-9999 -9999 -9999 91.75 -9999 92.484 92.804 92.546 93.207 94.298 94.455 94.567 94.789 95.032 95.273 95.506 95.754 96.026 96.26 96.386 96.638 97.059 96.764 96.486 96.567 96.837 97.094 97.355 97.604 97.629 97.247 97.279 97.699 97.818 97.344 97.74 98.484 98.318 97.884 97.562 97.852 98.166 98.263 98.242 98.209 98.172 98.131 98.085 -9999 -9999 -9999 -9999 -9999 -9999 -9999 -9999 -9999 -9999 -9999 -9999 -9999 -9999 -9999 -9999 -9999 -9999 -9999 -9999 -9999 -9999 -9999 -9999 -9999 -9999 -9999
-9999 -9999 -9999 -9999 -9999 92.24 92.281 92.609 93.563 94.607 94.617 94.481 94.663 94.793 94.9 94.755 95.1 95.729 95.817 95.733 96.243 96.89 96.648 96.306 96.605 97.017 97.287 97.617 97.492 97.117 97.116 97.007 97.218 97.587 97.812 97.895 97.796 97.769 97.755 98.06 98.252 98.225 98.201 98.169 98.134 98.096 98.053 98.005 -9999 -9999 -9999 -9999 -9999 -9999 -9999 -9999 -9999 -9999 -9999 -9999 -9999 -9999 -9999 -9999 -9999 -9999 -9999 -9999 -9999 -9999 -9999 -9999 -9999 -9999 -9999
-9999 -9999 -9999 91.549 91.81 91.901 92.231 92.528 93.272 93.849 94.067 94.778 -9999 94.566 94.728 95.215 95.542 95.467 95.648 96.158 96.672 97.002 96.744 96.439 96.674 96.693 96.697 96.182 95.872 95.586 95.767 96.44 96.677 96.78 96.956 97.344 97.351 97.317 97.655 98.087 98.134 98.159 98.128 98.095 98.059 98.019 97.975 97.927 -9999 -9999 -9999 -9999 -9999 -9999 -9999 -9999 -9999 -9999 -9999 -9999 -9999 -9999 -9999 -9999 -9999 -9999 -9999 -9999 -9999 -9999 -9999 -9999 -9999 -9999 -9999
91.989 91.559 91.597 -9999 91.602 91.804 92.167 92.618 93.056 93.362 93.957 -9999 94.181 93.537 94.183 95.124 95.274 95.688 96.174 96.713 96.976 97.088 96.86 96.621 96.764 97.085 96.764 96.573 96.423 96.371 96.77 96.873 96.985 97.093 97.38 97.599 97.609 97.597 97.859 97.905 97.979 98.028 98.054 98.02 97.982 97.941 97.894 -9999 -9999 -9999 -9999 -9999 -9999 -9999 -9999 -9999 -9999 -9999 -9999 -9999 -9999 -9999 -9999 -9999 -9999 -9999 -9999 -9999 -9999 -9999 -9999 -9999 -9999 -9999 -9999
91.696 91.584 91.636 91.914 -9999 91.796 92.152 92.472 92.788 93.205 93.486 93.45 93.402 94.093 94.687 94.905 95.33 95.799 96.106 96.155 96.22 96.087 95.985 95.969 96.226 96.482 96.419 96.453 96.462 96.494 96.626 96.861 96.887 96.748 96.974 97.323 97.348 97.355 97.483 97.72 97.794 97.873 97.923 97.943 97.905 -9999 -9999 -9999 -9999 -9999 -9999 -9999 -9999 -9999 -9999 -9999 -9999 -9999 -9999 -9999 -9999 -9999 -9999 -9999 -9999 -9999 -9999 -9999 -9999 -9999 -9999 -9999 -9999 -9999 -9999
-9999 -9999 91.585 -9999 91.619 91.475 91.682 91.909 92.443 -9999 -9999 92.246 92.997 93.926 94.305 94.978 95.432 95.904 95.96 95.979 95.938 95.923 95.871 95.663 95.831 95.891 96.0 96.169 96.283 96.482 96.665 96.82 96.756 96.709 96.953 97.113 97.179 97.292 97.473 97.539 97.61 97.689 97.77 97.818 -9999 -9999 -9999 -9999 -9999 -9999 -9999 -9999 -9999 -9999 -9999 -9999 -9999 -9999 -9999 -9999 -9999 -9999 -9999 -9999 -9999 -9999 -9999 -9999 -9999 -9999 -9999 -9999 -9999 -9999 -9999
91.578 -9999 91.744 91.881 91.756 91.727 91.915 92.196 -9999 -9999 93.328 93.104 93.719 93.977 94.379 94.407 94.86 95.335 95.414 95.513 95.652 95.917 95.86 95.933 96.026 96.121 96.228 96.253 96.41 96.498 96.551 96.43 96.466 96.579 96.749 96.957 97.076 97.198 97.295 97.36 97.43 97.505 97.589 97.668 97.69 -9999 -9999 -9999 -9999 -9999 -9999 -9999 -9999 -9999 -9999 -9999 -9999 -9999 -9999 -9999 -9999 -9999 -9999 -9999 -9999 -9999 -9999 -9999 -9999 -9999 -9999 -9999 -9999 -9999 -9999
