Validation/Results/raw data/ReClimate_02_2024_2_Precipitation-Actuals.asc
NCOLS 192
NROWS 249
XLLCENTER -225160.85627316462
YLLCENTER 29788.11610251502
CELLSIZE 5000.0
NODATA_VALUE -9999
[rows 132 to 164 of 249, columns 75 to 149 of 192]
-9999 -9999 -9999 -9999 -9999 -9999 -9999 -9999 -9999 -9999 -9999 -9999 86.286 89.384 89.64 90.286 101.177 108.803 124.778 132.874 138.942 134.752 100.635 88.512 88.549 96.009 91.874 86.152 83.622 78.502 73.387 75.069 72.882 75.419 84.203 92.64 91.835 84.817 88.791 87.883 81.115 91.922 91.983 87.397 81.419 73.783 70.063 64.094 62.318 64.328 60.243 57.977 55.966 58.043 55.779 53.011 48.52 -9999 -9999 -9999 -9999 -9999 -9999 -9999 -9999 -9999 -9999 -9999 -9999 -9999 -9999 -9999 -9999 -9999 -9999
-9999 -9999 -9999 -9999 -9999 -9999 -9999 -9999 -9999 -9999 -9999 -9999 87.979 105.737 92.761 91.069 94.326 98.674 119.293 153.574 156.534 129.449 111.441 91.096 93.269 93.229 93.792 99.095 79.069 70.458 70.609 70.037 72.091 72.744 81.939 82.686 81.495 76.678 79.32 78.534 80.655 81.934 84.938 85.048 79.003 74.931 64.116 59.871 60.271 57.323 57.431 57.672 53.672 51.943 54.157 55.821 50.848 -9999 -9999 -9999 -9999 -9999 -9999 -9999 -9999 -9999 -9999 -9999 -9999 -9999 -9999 -9999 -9999 -9999 -9999
-9999 -9999 -9999 -9999 -9999 -9999 -9999 -9999 -9999 -9999 -9999 82.854 101.74 99.505 95.891 95.882 94.325 95.822 121.179 139.693 139.948 144.573 116.011 101.53 89.356 88.631 96.882 86.16 78.49 70.025 62.707 69.054 66.405 68.738 70.967 73.851 71.92 68.625 70.402 72.763 67.786 75.457 85.677 79.121 74.653 69.619 66.161 60.737 57.553 53.398 52.287 54.969 54.829 49.35 50.309 53.26 53.74 45.595 -9999 -9999 -9999 -9999 -9999 -9999 -9999 -9999 -9999 -9999 -9999 -9999 -9999 -9999 -9999 -9999 -9999
-9999 -9999 -9999 -9999 -9999 -9999 -9999 -9999 -9999 -9999 74.319 -9999 86.899 96.186 95.01 95.769 91.295 86.118 96.632 105.778 132.058 139.905 118.903 97.522 83.967 81.935 82.894 83.898 79.18 75.014 70.231 69.895 62.181 61.757 61.346 62.327 59.043 57.623 62.965 62.123 61.98 67.24 66.108 67.08 65.928 62.876 58.832 56.692 49.334 52.556 56.916 54.83 54.552 52.934 51.275 53.224 52.45 48.411 -9999 -9999 -9999 -9999 -9999 -9999 -9999 -9999 -9999 -9999 -9999 -9999 -9999 -9999 -9999 -9999 -9999
68.1 -9999 -9999 -9999 -9999 -9999 -9999 -9999 -9999 -9999 70.705 -9999 77.603 82.863 83.731 86.077 82.914 80.166 81.845 92.592 118.654 121.037 111.595 97.313 83.278 77.337 77.2 80.564 88.42 90.355 -9999 -9999 -9999 -9999 -9999 -9999 53.679 53.292 54.759 56.027 55.194 53.49 61.52 66.008 62.238 60.13 62.012 54.399 54.922 55.423 51.356 54.603 53.917 55.756 51.668 50.292 50.873 49.792 45.121 -9999 -9999 -9999 -9999 -9999 -9999 -9999 -9999 -9999 -9999 -9999 -9999 -9999 -9999 -9999 -9999
71.868 56.364 -9999 -9999 -9999 -9999 -9999 -9999 -9999 -9999 68.645 68.998 67.742 68.534 75.943 79.801 80.19 78.386 76.9 87.161 102.043 115.156 107.494 98.6 84.884 79.89 83.648 79.111 86.945 77.974 -9999 -9999 -9999 -9999 53.166 53.235 51.306 50.317 50.164 51.108 51.657 61.24 72.442 74.062 70.188 73.397 59.814 55.248 59.791 53.412 52.918 56.662 56.93 55.9 61.362 58.293 53.592 51.109 44.451 -9999 -9999 -9999 -9999 -9999 -9999 -9999 -9999 -9999 -9999 -9999 -9999 -9999 -9999 -9999 -9999
63.134 60.911 55.762 -9999 -9999 -9999 -9999 -9999 -9999 -9999 67.88 63.712 62.898 -9999 -9999 76.503 78.293 75.688 76.712 -9999 83.553 91.499 92.917 91.183 81.423 84.177 80.544 75.965 -9999 -9999 -9999 -9999 -9999 51.916 51.544 51.732 49.794 49.764 48.452 47.859 53.3 68.059 87.363 91.308 83.687 79.623 67.251 67.3 60.047 60.635 61.365 57.483 60.294 59.769 58.825 58.108 54.832 51.846 46.83 -9999 -9999 -9999 -9999 -9999 -9999 -9999 -9999 -9999 -9999 -9999 -9999 -9999 -9999 -9999 -9999
68.287 67.811 58.557 -9999 -9999 -9999 -9999 -9999 -9999 -9999 -9999 62.698 58.083 -9999 -9999 -9999 70.127 70.846 73.148 70.812 -9999 -9999 78.559 76.885 76.439 82.709 81.555 -9999 -9999 -9999 -9999 -9999 60.459 54.978 54.55 53.143 52.469 51.777 48.285 50.191 55.808 64.371 82.994 87.445 93.645 82.813 84.344 81.038 76.488 70.04 69.748 67.918 60.42 64.163 62.549 55.772 53.131 52.971 50.132 -9999 -9999 -9999 -9999 -9999 -9999 -9999 -9999 -9999 -9999 -9999 -9999 -9999 -9999 -9999 -9999
63.78 60.095 -9999 -9999 -9999 -9999 -9999 -9999 -9999 -9999 -9999 -9999 56.776 -9999 -9999 -9999 -9999 65.278 71.6 70.678 -9999 -9999 -9999 73.483 72.669 -9999 -9999 -9999 -9999 -9999 -9999 -9999 59.554 60.727 58.72 60.523 62.138 57.113 52.541 51.272 51.735 62.542 70.666 82.502 85.502 88.021 95.634 92.618 86.194 75.227 76.223 75.301 65.265 58.875 59.313 54.941 53.046 54.028 50.84 -9999 -9999 -9999 -9999 -9999 -9999 -9999 -9999 -9999 -9999 -9999 -9999 -9999 -9999 -9999 -9999
56.765 -9999 -9999 -9999 -9999 -9999 -9999 -9999 -9999 -9999 -9999 -9999 62.237 -9999 -9999 -9999 -9999 -9999 67.845 68.315 -9999 -9999 -9999 -9999 -9999 -9999 -9999 -9999 -9999 -9999 -9999 -9999 62.87 68.647 70.197 74.68 74.58 69.773 62.766 56.538 55.2 58.467 67.852 84.583 100.42 106.375 102.419 95.345 77.609 73.889 66.997 64.235 63.782 62.605 58.93 53.273 52.934 55.532 55.22 47.33 -9999 -9999 -9999 -9999 -9999 -9999 -9999 -9999 -9999 -9999 -9999 -9999 -9999 -9999 -9999
-9999 55.096 54.008 52.52 49.102 -9999 -9999 -9999 -9999 -9999 -9999 -9999 62.35 -9999 -9999 -9999 -9999 -9999 -9999 -9999 -9999 -9999 -9999 -9999 -9999 -9999 -9999 -9999 -9999 -9999 -9999 63.443 62.695 68.509 72.877 79.227 90.582 74.973 77.44 65.096 57.554 59.118 54.698 74.646 100.376 110.283 106.29 89.609 96.59 90.508 72.503 67.484 57.891 58.209 58.916 56.751 54.988 54.502 55.579 51.343 45.687 -9999 -9999 -9999 -9999 -9999 -9999 -9999 -9999 -9999 -9999 -9999 -9999 -9999 -9999
56.373 56.89 53.958 50.177 49.082 -9999 -9999 -9999 -9999 -9999 -9999 -9999 -9999 -9999 -9999 -9999 -9999 -9999 -9999 -9999 -9999 -9999 -9999 -9999 -9999 -9999 -9999 -9999 -9999 -9999 69.215 66.712 74.223 77.8 85.56 100.784 121.259 112.864 84.859 67.563 61.078 51.099 52.692 64.313 89.476 113.977 100.265 94.283 91.496 81.875 75.882 69.412 65.485 58.069 56.744 53.382 51.978 53.146 52.217 47.629 43.882 -9999 -9999 -9999 -9999 -9999 -9999 -9999 -9999 -9999 -9999 -9999 -9999 -9999 -9999
57.782 55.293 51.439 -9999 47.019 47.411 -9999 -9999 -9999 -9999 -9999 -9999 -9999 -9999 -9999 -9999 -9999 -9999 -9999 -9999 -9999 -9999 -9999 -9999 -9999 -9999 -9999 -9999 -9999 -9999 68.866 70.026 81.043 104.832 115.939 117.789 108.684 109.049 92.61 81.155 68.497 60.276 54.779 57.903 74.87 87.839 103.545 95.027 86.187 74.45 70.501 63.372 59.962 55.213 55.395 54.21 51.607 49.061 49.35 46.07 42.598 41.276 41.482 -9999 -9999 -9999 -9999 -9999 -9999 -9999 -9999 -9999 -9999 -9999 -9999
58.662 54.19 50.777 -9999 -9999 48.374 -9999 -9999 -9999 -9999 -9999 -9999 -9999 -9999 -9999 -9999 -9999 -9999 -9999 -9999 -9999 -9999 -9999 -9999 -9999 -9999 -9999 -9999 -9999 -9999 76.931 79.738 97.001 115.815 123.804 123.844 136.135 130.129 114.474 99.406 89.252 71.828 63.808 57.098 52.845 69.469 80.368 79.83 78.402 72.892 62.256 60.429 55.048 51.812 49.418 52.597 49.319 48.938 47.519 47.243 46.977 51.352 49.663 48.315 46.325 51.986 -9999 -9999 -9999 -9999 -9999 -9999 -9999 -9999 -9999
58.04 56.95 50.203 46.948 -9999 47.95 -9999 -9999 -9999 -9999 -9999 -9999 -9999 -9999 -9999 -9999 -9999 -9999 -9999 -9999 -9999 -9999 -9999 -9999 -9999 -9999 -9999 -9999 -9999 63.738 78.35 91.076 118.126 155.766 178.087 179.024 146.59 141.193 136.747 132.449 106.728 101.743 79.819 62.579 54.74 63.188 62.939 68.308 78.749 73.292 63.165 59.093 57.246 54.217 50.626 50.722 48.84 47.363 46.907 48.219 50.171 53.389 63.339 60.257 57.495 57.132 53.416 56.026 -9999 -9999 -9999 -9999 -9999 -9999 -9999
60.201 54.854 51.77 -9999 47.856 -9999 -9999 -9999 -9999 -9999 -9999 -9999 -9999 -9999 -9999 -9999 -9999 -9999 -9999 -9999 -9999 -9999 -9999 -9999 -9999 -9999 -9999 -9999 -9999 -9999 64.978 84.587 117.512 151.408 179.566 184.93 175.683 146.715 143.516 127.002 132.888 109.606 88.95 73.178 67.8 65.433 69.161 91.322 83.955 79.69 80.254 73.254 61.947 57.567 53.813 50.222 48.908 48.306 47.324 47.169 48.989 52.168 62.808 62.593 61.809 60.46 59.482 57.761 57.207 -9999 -9999 -9999 -9999 -9999 -9999
59.186 53.777 51.411 50.308 51.255 -9999 -9999 -9999 -9999 -9999 -9999 -9999 -9999 -9999 -9999 -9999 -9999 -9999 -9999 -9999 -9999 -9999 -9999 -9999 -9999 -9999 -9999 -9999 -9999 -9999 -9999 69.733 93.867 120.76 146.853 162.884 172.566 130.182 114.348 120.962 118.288 102.33 94.67 93.498 84.146 79.868 93.439 94.928 94.885 100.945 91.328 77.201 71.299 61.817 56.021 50.036 48.021 48.569 50.321 49.755 60.508 62.285 73.167 81.693 74.005 72.288 60.952 60.902 58.944 55.384 -9999 -9999 -9999 -9999 -9999
59.167 55.096 51.873 50.828 -9999 -9999 -9999 -9999 -9999 -9999 -9999 -9999 -9999 -9999 -9999 -9999 -9999 -9999 -9999 -9999 -9999 -9999 -9999 -9999 -9999 -9999 -9999 -9999 -9999 -9999 -9999 62.954 82.277 103.159 120.75 155.655 149.231 116.766 107.286 100.726 92.825 88.918 88.286 92.235 107.796 98.659 105.86 108.155 99.438 86.391 78.358 73.281 69.58 65.521 56.173 50.282 48.506 48.813 53.478 60.528 65.846 72.84 73.017 74.343 74.325 75.764 72.306 65.242 64.818 59.836 52.391 -9999 -9999 -9999 -9999
63.165 56.782 51.174 47.628 -9999 -9999 -9999 -9999 -9999 -9999 -9999 -9999 -9999 -9999 -9999 -9999 -9999 -9999 -9999 -9999 -9999 -9999 -9999 -9999 -9999 -9999 -9999 -9999 -9999 -9999 -9999 -9999 77.162 97.967 114.337 128.234 109.261 108.023 94.205 87.431 84.623 80.681 81.176 92.872 92.562 112.101 103.44 101.265 94.809 86.128 81.001 80.051 67.749 63.623 55.221 51.508 49.769 48.678 54.218 62.521 66.308 71.005 74.808 75.339 71.556 73.128 74.313 71.544 64.645 64.98 56.85 -9999 -9999 -9999 -9999
-9999 -9999 -9999 -9999 -9999 -9999 -9999 -9999 -9999 -9999 -9999 -9999 -9999 -9999 -9999 -9999 -9999 -9999 -9999 -9999 -9999 -9999 -9999 -9999 -9999 -9999 -9999 -9999 -9999 -9999 -9999 -9999 73.321 92.834 104.403 93.889 99.369 89.671 89.869 79.288 76.023 77.929 81.996 85.149 110.808 108.172 102.455 99.471 97.189 84.001 78.632 74.794 71.19 62.57 57.392 50.915 48.514 49.822 51.063 59.418 65.698 66.349 65.729 63.727 61.032 64.419 66.644 69.806 62.231 57.648 58.632 50.302 -9999 -9999 -9999
-9999 -9999 -9999 -9999 -9999 -9999 -9999 -9999 -9999 -9999 -9999 -9999 -9999 -9999 -9999 -9999 -9999 -9999 -9999 -9999 -9999 -9999 -9999 -9999 -9999 -9999 -9999 -9999 -9999 -9999 -9999 -9999 -9999 86.043 82.86 89.051 97.987 85.018 76.534 69.648 69.014 73.544 75.685 89.972 104.785 112.106 107.009 106.049 103.897 98.359 92.021 82.497 80.045 72.481 62.018 53.244 48.565 47.479 49.441 51.154 59.849 64.065 59.447 52.879 51.038 49.874 54.102 56.432 63.331 55.804 53.274 50.41 -9999 -9999 -9999
-9999 -9999 -9999 -9999 -9999 -9999 -9999 -9999 -9999 -9999 -9999 -9999 -9999 -9999 -9999 -9999 -9999 -9999 -9999 -9999 -9999 -9999 -9999 -9999 -9999 -9999 -9999 -9999 -9999 -9999 -9999 -9999 -9999 74.077 -9999 79.827 73.669 70.959 68.046 -9999 67.679 71.261 78.583 83.167 100.888 105.998 114.515 110.611 105.795 104.12 113.908 99.863 86.179 78.755 70.198 57.594 50.008 45.479 45.649 49.143 52.388 55.983 54.007 49.511 46.607 46.206 46.35 49.383 53.522 56.033 54.402 55.606 51.644 -9999 -9999
-9999 -9999 -9999 -9999 -9999 -9999 -9999 -9999 -9999 -9999 -9999 -9999 -9999 -9999 -9999 -9999 -9999 -9999 -9999 -9999 -9999 -9999 -9999 -9999 -9999 -9999 -9999 -9999 -9999 -9999 -9999 -9999 -9999 -9999 68.03 70.222 -9999 -9999 -9999 -9999 62.504 65.813 65.314 71.899 78.927 96.14 94.915 101.159 106.27 103.566 104.11 110.862 93.941 81.536 70.689 62.313 54.411 48.845 45.096 46.206 48.224 51.359 53.946 50.905 50.462 48.296 46.27 48.542 52.734 54.789 52.817 54.205 54.289 53.122 50.828
-9999 -9999 -9999 -9999 -9999 -9999 -9999 -9999 -9999 -9999 -9999 -9999 -9999 -9999 -9999 -9999 -9999 -9999 -9999 -9999 -9999 -9999 -9999 -9999 -9999 -9999 -9999 -9999 -9999 -9999 -9999 -9999 -9999 -9999 64.73 64.958 -9999 -9999 -9999 -9999 61.534 66.757 60.18 63.428 71.955 76.686 77.214 86.63 100.006 95.832 91.629 100.085 93.19 84.936 73.483 64.67 55.133 49.953 46.597 44.645 43.356 45.39 49.459 50.819 47.868 49.201 50.541 50.924 54.716 58.741 58.33 54.395 50.104 50.994 49.496
-9999 -9999 -9999 -9999 -9999 -9999 -9999 -9999 -9999 -9999 -9999 -9999 -9999 -9999 -9999 -9999 -9999 -9999 -9999 -9999 -9999 -9999 -9999 -9999 -9999 -9999 -9999 -9999 -9999 -9999 -9999 -9999 -9999 -9999 62.531 -9999 -9999 -9999 -9999 60.726 66.423 68.488 74.011 77.772 85.309 80.406 70.157 85.304 96.728 91.247 86.175 84.701 88.048 81.344 73.045 63.348 54.77 49.606 48.315 46.481 44.727 44.133 45.784 47.34 47.848 50.426 58.907 59.344 58.549 58.32 56.581 54.239 52.586 51.543 -9999
-9999 -9999 -9999 -9999 -9999 -9999 -9999 -9999 -9999 -9999 -9999 -9999 -9999 -9999 -9999 -9999 -9999 -9999 -9999 -9999 -9999 -9999 -9999 -9999 -9999 -9999 -9999 -9999 -9999 -9999 -9999 -9999 -9999 -9999 -9999 -9999 -9999 -9999 -9999 59.857 64.739 76.453 90.549 101.253 96.431 80.493 72.612 72.601 80.437 74.867 74.838 77.507 82.024 81.883 72.714 63.003 56.12 50.638 48.695 47.01 45.43 44.774 45.031 46.071 48.463 50.97 61.022 66.613 59.076 56.156 52.151 50.541 48.968 49.055 -9999
-9999 -9999 -9999 -9999 -9999 -9999 -9999 -9999 -9999 -9999 -9999 -9999 -9999 -9999 -9999 -9999 -9999 -9999 -9999 -9999 -9999 -9999 -9999 -9999 -9999 -9999 -9999 -9999 -9999 -9999 -9999 -9999 -9999 -9999 -9999 -9999 -9999 -9999 -9999 57.556 64.251 79.342 98.418 106.39 96.488 82.556 69.907 70.99 70.349 67.07 64.979 65.014 74.333 74.537 70.53 62.305 55.673 51.105 47.068 44.644 45.12 44.941 43.636 44.207 47.219 50.32 55.902 62.507 58.765 53.095 50.712 49.727 49.043 48.554 -9999
-9999 -9999 -9999 -9999 -9999 -9999 -9999 -9999 -9999 -9999 -9999 -9999 -9999 -9999 -9999 -9999 -9999 -9999 -9999 -9999 -9999 -9999 -9999 -9999 -9999 -9999 -9999 -9999 -9999 -9999 -9999 -9999 -9999 -9999 -9999 -9999 -9999 -9999 55.624 56.971 63.303 80.332 98.058 105.204 90.56 84.517 65.707 61.285 66.605 65.759 67.641 70.061 67.188 66.049 61.704 58.859 52.056 50.876 47.847 45.571 45.162 45.39 43.311 43.391 44.993 48.224 51.444 56.692 56.485 53.569 49.517 48.049 48.617 49.256 50.268
-9999 -9999 -9999 -9999 -9999 -9999 -9999 -9999 -9999 -9999 -9999 -9999 -9999 -9999 -9999 -9999 -9999 -9999 -9999 -9999 -9999 -9999 -9999 -9999 -9999 -9999 -9999 -9999 -9999 -9999 -9999 -9999 -9999 -9999 -9999 -9999 -9999 -9999 55.964 55.807 63.16 74.007 88.102 77.974 78.095 69.672 68.986 78.122 73.293 72.809 72.146 67.077 66.374 62.456 60.22 60.667 57.347 51.787 49.676 46.905 45.278 44.761 43.76 43.378 44.121 46.028 48.384 49.468 53.081 53.457 50.736 47.215 47.25 48.979 50.244
-9999 -9999 -9999 -9999 -9999 -9999 -9999 -9999 -9999 -9999 -9999 -9999 -9999 -9999 -9999 -9999 -9999 -9999 -9999 -9999 -9999 -9999 -9999 -9999 -9999 -9999 -9999 -9999 -9999 -9999 -9999 -9999 -9999 -9999 -9999 -9999 -9999 57.269 55.706 56.637 60.507 68.508 70.034 69.788 68.521 69.315 73.7 75.583 76.665 81.998 77.995 72.916 61.714 62.788 58.813 57.225 56.181 55.39 51.246 48.477 45.951 44.107 43.923 43.959 43.793 45.966 48.105 49.416 51.738 55.301 54.092 49.768 46.394 47.875 49.279
-9999 -9999 -9999 -9999 -9999 -9999 -9999 -9999 -9999 -9999 -9999 -9999 -9999 -9999 -9999 -9999 -9999 -9999 -9999 -9999 -9999 -9999 -9999 -9999 -9999 -9999 -9999 -9999 -9999 -9999 -9999 -9999 -9999 -9999 -9999 -9999 -9999 52.919 55.414 57.677 59.085 61.575 63.464 64.183 67.757 68.284 68.925 73.598 81.339 93.335 89.871 80.801 69.93 62.688 61.394 55.36 51.535 52.678 53.474 49.713 46.328 44.712 42.294 42.675 43.873 43.881 44.518 47.878 52.753 57.685 55.909 51.774 48.692 46.843 49.01
-9999 -9999 -9999 -9999 -9999 -9999 -9999 -9999 -9999 -9999 -9999 -9999 -9999 -9999 -9999 -9999 -9999 -9999 -9999 -9999 -9999 -9999 -9999 -9999 -9999 -9999 -9999 -9999 -9999 -9999 -9999 -9999 -9999 -9999 -9999 -9999 -9999 52.427 53.333 53.322 54.304 59.812 60.662 65.056 70.405 70.183 75.715 84.865 92.566 95.111 90.335 80.534 70.952 62.965 61.867 58.314 52.856 50.841 50.084 49.287 46.863 45.21 44.189 42.309 43.667 44.309 44.346 45.188 49.328 52.573 54.085 52.37 50.003 47.206 46.665
-9999 -9999 -9999 -9999 -9999 -9999 -9999 -9999 -9999 -9999 -9999 -9999 -9999 -9999 -9999 -9999 -9999 -9999 -9999 -9999 -9999 -9999 -9999 -9999 -9999 -9999 -9999 -9999 -9999 -9999 -9999 -9999 -9999 -9999 -9999 -9999 -9999 -9999 51.982 51.658 54.687 55.198 64.094 74.874 79.33 83.396 88.521 85.135 93.961 88.964 87.127 78.213 65.202 61.522 56.553 57.089 52.895 50.768 50.06 47.176 46.614 46.121 45.327 44.556 44.798 45.112 44.895 45.498 46.846 48.5 49.504 -9999 47.943 -9999 45.839
