Validation/Results/raw data/ReClimate_10_2024_2_Precipitation-Actualsweatherlogisticsltd.asc
NCOLS 192
NROWS 249
XLLCENTER -225160.85627316462
YLLCENTER 29788.11610251431
CELLSIZE 5000.0
NODATA_VALUE -9999
[rows 198 to 230 of 249, columns 74 to 147 of 192]
-9999 -9999 -9999 -9999 -9999 -9999 -9999 -9999 -9999 -9999 -9999 -9999 -9999 -9999 -9999 -9999 -9999 -9999 164.392 166.09 167.964 168.435 161.249 180.594 193.532 222.924 252.427 280.009 261.532 237.308 202.265 163.132 142.168 136.131 143.526 154.062 132.249 109.265 90.575 85.894 83.483 85.783 79.918 84.043 82.656 80.733 75.907 71.635 68.838 69.378 65.409 66.942 64.254 62.085 61.192 62.643 62.132 62.959 61.703 63.085 66.618 66.993 69.497 70.861 69.408 66.047 64.25 65.628 64.188 61.353 60.985 56.312 54.175 52.741
-9999 -9999 -9999 -9999 -9999 -9999 -9999 -9999 -9999 -9999 -9999 -9999 -9999 -9999 -9999 112.203 141.055 153.853 156.354 171.042 176.631 183.861 183.736 170.857 206.48 227.973 255.223 241.819 244.89 213.554 190.831 174.919 148.466 132.379 156.035 132.265 112.727 90.213 83.209 80.326 86.473 78.788 80.299 75.813 78.901 81.11 78.062 77.134 71.868 68.213 61.803 63.539 67.194 60.772 58.802 59.837 64.055 65.267 69.966 66.821 65.15 67.685 67.087 68.789 68.365 65.773 62.816 63.287 63.711 60.758 57.643 56.236 52.647 52.399
-9999 -9999 -9999 -9999 -9999 -9999 -9999 -9999 -9999 -9999 -9999 -9999 -9999 149.671 138.104 145.25 152.551 158.534 173.033 176.355 190.314 189.953 184.331 210.906 202.201 224.403 234.016 221.662 220.944 217.595 209.038 179.227 155.576 148.054 126.957 113.326 99.307 111.013 95.063 80.945 77.608 74.211 71.877 73.647 78.206 78.54 79.078 73.912 71.165 65.651 59.507 65.83 68.853 64.338 67.337 66.531 64.963 65.368 65.486 70.926 69.097 70.368 73.12 73.341 72.274 69.452 65.183 61.807 61.506 59.3 55.92 53.286 55.132 53.162
-9999 -9999 -9999 -9999 -9999 -9999 -9999 -9999 -9999 161.633 167.184 161.335 155.485 179.777 173.259 179.341 175.67 179.3 186.56 192.554 206.296 204.225 204.897 228.038 211.122 220.799 210.084 208.615 215.592 216.456 198.408 180.245 160.378 145.686 123.149 103.354 125.423 122.122 102.275 98.853 84.146 77.78 72.255 77.56 84.796 76.479 78.243 69.463 68.161 64.783 65.549 68.797 68.166 72.021 71.185 73.965 69.697 66.214 67.44 69.563 71.279 72.749 72.059 71.755 72.346 70.031 67.132 63.656 60.744 59.642 58.476 59.215 54.632 54.102
-9999 -9999 -9999 -9999 -9999 -9999 -9999 -9999 139.866 165.649 167.131 183.196 218.135 232.036 228.442 215.996 200.12 204.178 203.672 212.146 218.094 211.72 232.384 221.071 213.466 196.723 190.723 194.717 208.847 210.858 191.402 176.217 162.418 140.526 135.313 150.563 173.621 139.491 119.938 96.138 93.07 85.941 85.533 81.88 73.972 75.071 71.392 70.711 68.464 67.276 76.725 78.44 79.998 80.462 83.821 78.573 73.454 77.75 75.713 76.822 75.689 74.021 74.469 72.042 70.412 68.045 66.323 65.415 62.021 64.151 63.712 58.72 59.048 54.547
-9999 -9999 -9999 -9999 -9999 -9999 -9999 124.891 144.918 163.811 175.173 194.956 217.442 221.476 221.111 209.704 209.084 203.625 209.225 208.598 215.425 226.146 221.07 203.35 185.409 173.228 190.995 213.853 221.439 223.811 198.02 179.87 154.399 155.229 141.71 181.881 174.335 165.71 122.584 112.435 102.236 95.4 85.477 79.889 79.668 80.903 81.401 73.372 69.794 69.646 78.759 75.106 81.48 93.07 88.643 87.2 80.857 81.411 84.538 80.944 79.235 76.484 73.833 71.49 66.294 65.168 65.668 67.102 66.444 63.306 63.702 60.132 59.984 61.729
-9999 -9999 -9999 -9999 -9999 117.404 -9999 125.748 139.626 152.863 162.742 170.892 185.361 185.888 188.028 192.754 191.559 188.57 189.859 203.634 191.759 192.627 185.414 184.464 182.454 203.565 235.332 277.527 310.167 267.213 255.97 237.519 226.255 195.418 167.373 168.539 196.293 147.386 123.709 121.932 113.458 100.572 88.101 84.506 88.589 88.283 83.38 74.05 70.363 74.982 78.97 90.363 96.596 96.102 91.946 86.036 82.715 79.535 82.939 80.65 77.305 73.135 70.468 70.109 67.229 64.546 66.415 66.21 66.715 64.603 63.358 64.861 62.933 65.609
-9999 -9999 -9999 -9999 -9999 -9999 -9999 -9999 -9999 151.085 149.922 161.423 165.365 166.64 173.446 183.254 180.097 170.029 180.122 176.608 175.008 185.749 187.641 200.085 202.673 230.781 269.179 310.013 312.077 310.794 289.252 295.733 288.261 215.317 196.502 188.381 140.072 137.506 136.215 112.422 105.642 97.925 101.867 101.545 105.691 99.318 83.833 73.695 73.197 77.562 88.054 107.723 108.702 104.324 93.444 86.709 84.578 87.43 80.839 78.117 73.947 69.578 66.408 64.857 66.848 64.559 64.867 64.401 65.488 67.375 69.586 73.15 72.908 67.261
-9999 -9999 -9999 -9999 -9999 -9999 -9999 -9999 -9999 145.068 149.123 155.369 159.611 170.253 180.774 186.49 174.218 165.674 167.958 163.416 176.784 186.406 192.348 197.757 201.792 219.958 242.449 264.23 271.24 267.834 274.735 289.736 253.064 235.468 208.335 166.783 170.711 177.178 137.25 116.353 99.125 114.615 111.903 116.515 113.376 104.024 84.445 78.331 80.696 97.114 103.638 104.065 103.628 103.005 96.054 91.241 85.455 84.586 84.04 76.4 72.289 68.573 65.78 63.873 64.964 66.89 66.195 63.373 65.768 70.047 76.803 76.316 75.744 74.585
-9999 -9999 -9999 -9999 -9999 -9999 -9999 115.442 126.844 140.962 146.157 -9999 155.842 161.103 166.642 159.624 153.056 149.203 -9999 150.115 161.75 172.333 193.652 193.804 214.048 219.345 240.319 252.116 245.706 239.422 263.616 244.871 223.309 213.679 208.722 190.254 193.254 183.704 144.531 123.294 112.234 111.862 120.659 118.923 114.386 95.106 83.228 82.01 91.539 96.596 102.178 100.329 104.565 98.004 93.312 89.317 83.509 77.343 75.078 73.616 75.263 70.68 67.496 63.753 61.948 62.799 65.553 66.694 68.834 76.34 80.503 83.203 77.96 76.231
-9999 -9999 -9999 -9999 -9999 -9999 -9999 115.324 -9999 -9999 -9999 145.819 149.357 149.711 -9999 -9999 -9999 -9999 -9999 141.615 150.055 167.751 168.008 183.844 192.959 202.572 219.657 225.038 233.854 302.708 313.835 273.877 232.517 219.303 217.087 205.724 197.089 161.947 147.207 126.52 117.034 126.196 116.643 116.383 98.761 86.849 84.657 89.119 98.644 98.81 104.862 98.591 96.1 94.962 88.606 83.113 78.366 72.959 71.028 68.699 68.192 69.137 66.436 66.038 63.114 64.348 67.047 73.222 78.997 82.981 86.441 86.017 80.83 75.534
-9999 -9999 -9999 -9999 -9999 -9999 -9999 -9999 -9999 128.398 137.687 141.767 139.231 139.573 -9999 -9999 -9999 -9999 -9999 -9999 -9999 -9999 157.829 174.629 175.774 176.32 189.301 214.216 277.222 330.528 344.819 308.325 259.789 236.501 217.368 194.11 192.277 181.193 146.761 130.856 141.188 130.909 125.004 100.458 91.746 88.926 92.502 103.588 97.421 103.498 101.995 95.064 88.974 85.485 82.367 78.048 73.264 71.988 68.537 66.226 63.724 63.619 64.358 65.768 66.91 68.028 74.553 78.262 84.762 88.522 86.643 84.453 79.448 72.843
-9999 -9999 -9999 -9999 -9999 -9999 -9999 -9999 -9999 -9999 135.529 -9999 -9999 -9999 -9999 -9999 -9999 -9999 -9999 -9999 142.654 149.487 161.995 162.89 154.592 158.527 173.757 209.109 261.516 312.568 321.525 288.123 251.002 228.863 207.701 189.72 186.823 158.69 132.952 128.123 133.076 128.935 113.444 -9999 92.595 94.1 99.638 106.716 103.8 101.389 96.997 89.923 85.472 80.618 80.296 77.577 71.382 69.249 67.534 64.193 63.441 63.964 64.652 64.821 68.76 78.075 80.655 86.508 83.663 83.91 82.539 78.613 70.718 70.101
-9999 -9999 -9999 -9999 -9999 -9999 -9999 -9999 -9999 -9999 -9999 -9999 -9999 -9999 -9999 -9999 -9999 -9999 -9999 -9999 139.32 145.759 145.598 140.582 -9999 -9999 -9999 171.991 228.137 252.167 258.833 237.083 224.486 218.512 195.697 171.816 157.597 139.427 120.294 117.672 113.819 103.647 -9999 91.045 92.595 95.378 103.609 106.285 100.22 99.96 96.945 87.995 83.588 80.218 78.362 78.016 71.759 67.717 74.313 73.386 69.994 67.676 67.153 67.898 69.285 72.733 83.031 83.631 79.817 78.161 77.571 70.546 67.075 64.919
-9999 -9999 -9999 -9999 -9999 -9999 -9999 -9999 -9999 -9999 -9999 -9999 -9999 -9999 -9999 -9999 -9999 -9999 -9999 -9999 -9999 -9999 -9999 -9999 -9999 -9999 -9999 130.849 168.406 194.478 191.136 187.334 188.773 183.313 168.572 155.069 143.09 126.704 124.116 120.835 -9999 -9999 90.766 89.655 95.431 98.803 105.608 106.138 100.053 98.858 90.785 82.759 84.815 82.491 81.381 85.193 84.903 80.44 81.336 87.921 82.624 75.667 75.211 73.684 74.94 78.229 78.671 79.857 75.951 70.482 70.088 68.347 64.845 64.926
-9999 -9999 -9999 -9999 -9999 -9999 -9999 -9999 -9999 -9999 -9999 -9999 -9999 -9999 -9999 -9999 -9999 -9999 -9999 -9999 -9999 -9999 -9999 -9999 -9999 -9999 -9999 122.542 137.094 146.091 154.569 161.539 157.603 152.81 147.47 139.921 124.358 -9999 -9999 -9999 -9999 -9999 88.665 95.349 100.015 101.597 104.529 106.627 101.126 96.234 86.788 79.574 79.866 88.231 87.694 93.794 95.145 92.824 89.401 89.054 86.862 79.078 77.102 76.321 75.457 78.875 74.173 71.933 67.96 66.387 65.346 63.758 63.045 62.667
-9999 -9999 -9999 -9999 -9999 -9999 -9999 -9999 -9999 -9999 -9999 -9999 -9999 -9999 -9999 -9999 -9999 -9999 -9999 -9999 -9999 -9999 -9999 -9999 -9999 -9999 -9999 -9999 -9999 130.276 146.026 144.18 137.38 136.191 133.696 122.686 -9999 -9999 -9999 -9999 100.464 102.175 103.865 102.262 107.032 99.86 106.644 107.146 102.797 93.822 85.89 85.457 88.257 93.743 96.463 95.941 98.545 94.063 89.908 84.514 82.642 79.406 74.51 75.564 72.81 72.205 71.18 67.275 66.028 66.443 68.986 66.963 64.03 64.053
-9999 -9999 -9999 -9999 -9999 -9999 -9999 -9999 -9999 -9999 -9999 -9999 -9999 -9999 -9999 -9999 -9999 -9999 -9999 -9999 -9999 -9999 -9999 -9999 -9999 -9999 -9999 -9999 -9999 -9999 126.401 122.154 121.977 115.775 115.97 -9999 -9999 -9999 -9999 105.372 100.854 106.766 110.854 111.338 103.653 97.873 101.838 100.551 102.455 93.305 89.591 93.396 93.829 96.264 100.869 97.867 95.846 93.806 92.325 86.82 82.496 77.896 77.657 75.49 73.962 72.875 70.259 68.925 70.755 73.27 73.765 70.676 66.443 64.612
-9999 -9999 -9999 -9999 -9999 -9999 -9999 -9999 -9999 -9999 -9999 -9999 -9999 -9999 -9999 -9999 -9999 -9999 -9999 -9999 -9999 -9999 -9999 -9999 -9999 -9999 -9999 -9999 -9999 -9999 -9999 -9999 -9999 -9999 -9999 -9999 -9999 -9999 104.609 102.809 100.743 109.011 114.213 110.915 102.568 100.891 99.129 101.274 97.584 87.714 88.896 87.148 90.179 92.269 93.677 98.229 99.043 96.772 100.351 100.28 93.63 88.959 85.155 78.019 74.364 74.402 71.678 70.587 73.051 75.268 73.708 70.142 67.744 66.643
-9999 -9999 -9999 -9999 -9999 -9999 -9999 -9999 -9999 -9999 -9999 -9999 -9999 -9999 -9999 -9999 -9999 -9999 -9999 -9999 -9999 -9999 -9999 -9999 -9999 -9999 -9999 -9999 -9999 -9999 -9999 -9999 -9999 -9999 -9999 -9999 -9999 95.432 99.761 105.603 110.321 133.978 128.693 116.783 110.386 106.875 104.425 100.981 88.996 83.116 81.603 82.65 89.862 90.061 95.577 100.071 106.863 105.151 101.739 109.637 104.702 100.258 94.449 85.931 77.557 75.509 74.506 73.68 74.749 75.869 74.154 70.994 70.025 70.959
-9999 -9999 -9999 -9999 -9999 -9999 -9999 -9999 -9999 -9999 -9999 -9999 -9999 -9999 -9999 -9999 -9999 -9999 -9999 -9999 -9999 -9999 -9999 -9999 -9999 -9999 -9999 -9999 -9999 -9999 -9999 -9999 -9999 -9999 -9999 -9999 -9999 93.246 92.745 95.051 111.439 122.185 128.138 136.554 127.943 122.11 116.242 102.503 91.858 89.664 94.196 96.139 98.917 95.402 91.871 94.883 99.187 106.658 104.777 104.221 104.715 96.589 95.997 90.405 83.941 80.9 78.81 81.365 81.084 78.792 77.44 74.54 76.749 83.968
-9999 -9999 -9999 -9999 -9999 -9999 -9999 -9999 -9999 -9999 -9999 -9999 -9999 -9999 -9999 -9999 -9999 -9999 -9999 -9999 -9999 -9999 -9999 -9999 178.53 202.911 236.235 212.95 -9999 179.641 -9999 -9999 -9999 -9999 -9999 -9999 -9999 -9999 84.558 86.569 94.069 102.403 117.117 127.479 135.762 128.947 114.369 104.986 99.238 105.577 104.202 94.799 97.307 95.226 89.905 92.296 93.543 97.38 97.654 99.671 97.311 97.705 96.857 100.509 98.07 90.958 88.409 87.81 86.502 85.332 84.118 82.557 84.742 87.009
-9999 -9999 -9999 -9999 -9999 -9999 -9999 -9999 -9999 -9999 -9999 -9999 -9999 -9999 -9999 -9999 -9999 -9999 -9999 -9999 -9999 152.504 158.432 156.75 180.367 232.389 247.044 229.381 221.737 188.545 150.101 125.002 -9999 -9999 101.268 97.037 89.438 79.543 83.769 82.423 87.305 95.532 104.971 114.381 121.469 120.687 115.557 107.636 115.252 109.22 101.604 102.923 96.042 94.447 90.721 89.801 91.73 93.963 97.081 93.037 95.684 97.535 101.671 100.413 105.833 104.619 95.997 94.013 89.396 88.127 90.641 88.95 101.621 103.178
-9999 -9999 -9999 -9999 -9999 -9999 -9999 -9999 -9999 -9999 -9999 -9999 -9999 -9999 -9999 -9999 -9999 -9999 -9999 -9999 157.454 154.067 147.119 150.719 185.443 230.942 251.814 256.459 245.119 203.802 175.67 141.752 117.873 120.109 114.496 109.971 93.681 89.1 83.747 81.72 86.736 94.496 94.289 104.875 109.26 111.318 111.182 124.67 115.493 116.469 112.012 107.918 103.478 97.248 94.179 92.04 95.018 96.465 95.658 95.622 93.419 96.279 99.831 106.927 110.211 109.041 104.629 101.145 104.757 97.641 95.188 95.449 96.092 107.273
-9999 -9999 -9999 -9999 -9999 -9999 -9999 -9999 -9999 -9999 -9999 -9999 -9999 -9999 -9999 -9999 -9999 -9999 -9999 -9999 159.129 137.347 130.494 140.806 174.059 205.855 220.534 233.406 216.856 198.575 170.342 156.633 151.403 136.295 121.675 106.273 99.705 91.466 80.884 79.315 81.034 84.546 86.748 91.201 92.315 98.935 113.534 114.56 115.777 118.891 112.146 107.025 108.322 104.494 100.79 97.644 98.521 99.905 97.548 95.584 97.479 90.726 94.605 103.639 114.06 115.635 109.25 109.294 111.093 109.685 102.046 95.94 95.514 98.063
-9999 -9999 -9999 -9999 -9999 -9999 -9999 -9999 -9999 -9999 -9999 -9999 -9999 -9999 -9999 -9999 -9999 -9999 -9999 -9999 147.262 130.452 130.108 135.688 151.788 162.554 175.696 181.864 186.801 180.648 169.23 159.449 159.23 139.391 112.092 100.851 95.855 89.305 81.901 74.567 74.233 82.437 82.838 83.332 91.944 99.703 106.518 107.161 104.321 110.188 109.685 115.192 113.818 108.084 101.012 99.497 100.266 99.959 102.943 99.767 97.397 104.802 100.842 106.41 114.613 126.182 121.839 113.761 115.249 108.659 102.648 101.332 95.838 98.047
-9999 -9999 -9999 -9999 -9999 -9999 -9999 -9999 -9999 -9999 -9999 -9999 -9999 -9999 -9999 -9999 159.575 178.138 -9999 156.967 138.529 146.707 138.817 132.149 130.373 140.81 148.857 163.955 170.544 170.462 155.651 151.839 141.905 122.95 110.987 101.177 97.942 95.115 89.59 78.41 84.379 85.127 82.807 85.296 91.246 98.306 102.847 103.169 110.533 113.202 114.579 123.991 121.736 112.099 99.668 96.267 103.251 107.661 102.952 104.613 98.769 103.389 112.252 109.257 114.165 118.115 121.28 113.366 113.113 115.977 110.272 105.456 101.779 97.521
-9999 -9999 -9999 -9999 -9999 -9999 -9999 -9999 -9999 -9999 -9999 -9999 -9999 -9999 -9999 -9999 164.455 168.909 167.652 156.816 150.7 147.949 135.679 131.308 141.327 137.871 146.042 152.418 154.841 158.665 148.736 137.667 131.014 122.998 123.222 126.35 116.383 105.982 94.124 88.317 94.346 93.915 93.994 100.467 114.589 97.759 103.968 104.115 106.664 109.064 116.038 118.189 118.518 111.671 104.833 106.157 109.678 108.436 102.002 99.631 101.862 101.816 105.602 107.237 112.95 119.325 117.343 125.034 119.723 120.306 117.444 114.777 106.803 103.128
-9999 -9999 -9999 -9999 -9999 -9999 -9999 -9999 -9999 -9999 -9999 -9999 -9999 -9999 -9999 147.482 155.331 163.116 169.462 170.003 156.732 149.85 143.014 143.256 138.757 133.372 137.93 138.774 139.245 140.891 132.385 125.701 120.093 123.581 139.259 138.834 141.319 123.464 109.989 106.237 103.029 100.826 105.557 114.126 105.002 105.617 103.479 104.633 110.978 118.725 113.201 112.562 109.944 112.279 110.602 108.09 114.624 113.2 105.608 98.542 106.076 101.637 101.813 103.105 106.869 113.286 114.04 119.522 128.296 120.89 129.91 118.933 122.633 120.03
-9999 -9999 -9999 -9999 -9999 -9999 -9999 -9999 -9999 -9999 -9999 -9999 -9999 -9999 -9999 -9999 136.221 154.3 158.471 153.019 150.932 151.125 139.891 131.715 132.472 129.31 131.346 129.193 127.674 120.637 117.686 119.35 112.303 125.146 136.084 146.241 142.697 134.884 125.137 119.147 110.458 112.677 116.804 119.097 110.593 111.157 113.286 114.429 120.829 113.183 114.346 107.911 107.088 109.671 110.7 110.176 111.702 111.901 108.629 119.774 -9999 106.955 98.698 105.672 101.873 98.939 102.236 103.124 107.148 107.837 109.186 111.29 106.211 117.417
-9999 -9999 -9999 -9999 -9999 -9999 -9999 -9999 -9999 -9999 -9999 -9999 -9999 -9999 -9999 129.5 128.437 140.674 145.435 149.471 154.099 147.518 137.786 131.426 124.327 125.476 124.351 116.796 106.543 108.867 112.89 107.0 111.311 119.847 127.046 137.202 142.782 130.517 125.546 134.462 131.391 128.482 137.553 127.304 130.877 135.899 129.188 125.432 120.196 116.643 112.588 110.453 107.786 109.452 109.55 110.6 111.823 111.264 111.7 106.523 109.82 -9999 94.549 -9999 93.872 -9999 91.605 -9999 94.954 95.626 98.055 95.687 93.926 97.68
-9999 -9999 -9999 -9999 -9999 -9999 -9999 -9999 -9999 -9999 -9999 -9999 -9999 -9999 -9999 125.515 132.36 138.411 139.963 150.948 154.083 154.776 151.072 148.022 138.174 136.858 131.111 123.961 104.113 107.474 105.133 103.153 106.556 116.637 127.775 140.5 134.812 123.227 133.362 132.811 120.523 125.521 122.325 125.54 141.956 137.789 128.933 128.177 120.338 117.17 115.339 112.314 109.431 105.794 105.609 107.598 107.434 104.545 102.316 100.782 97.208 -9999 -9999 90.034 87.719 -9999 -9999 87.773 87.713 88.497 -9999 -9999 -9999 -9999
-9999 -9999 -9999 -9999 -9999 -9999 -9999 -9999 -9999 -9999 -9999 -9999 -9999 -9999 144.835 142.835 154.048 144.822 141.266 142.745 150.591 162.639 176.95 188.276 192.846 164.882 141.715 120.297 116.74 110.738 101.752 97.752 106.602 114.704 130.34 130.038 125.228 117.7 121.859 106.204 106.986 110.063 117.348 130.322 130.866 128.823 126.416 121.468 119.708 114.11 109.355 109.585 109.904 107.309 100.291 95.794 100.979 100.253 -9999 -9999 -9999 99.061 -9999 -9999 -9999 -9999 -9999 -9999 90.491 -9999 -9999 -9999 -9999 -9999
