Validation/Results/raw data/ReClimate_07_2024_1_Precipitation-Actualsweatherlogisticsltd.asc
NCOLS 192
NROWS 249
XLLCENTER -225160.85627316462
YLLCENTER 29788.11610251502
CELLSIZE 5000.0
NODATA_VALUE -9999
[rows 99 to 131 of 249, columns 74 to 147 of 192]
274.547 267.792 276.884 275.475 291.803 307.222 312.772 319.302 -9999 -9999 185.29 314.185 307.729 356.055 313.171 309.286 301.076 237.15 219.466 199.4 198.878 188.731 168.23 146.447 135.651 138.24 123.108 123.123 121.682 119.515 116.2 114.633 114.368 115.066 108.076 102.482 90.114 81.581 83.957 83.419 83.41 81.171 82.195 82.467 76.933 -9999 -9999 -9999 -9999 -9999 -9999 -9999 -9999 -9999 -9999 -9999 -9999 -9999 -9999 -9999 -9999 -9999 -9999 -9999 -9999 -9999 -9999 -9999 -9999 -9999 -9999 -9999 -9999 -9999
248.905 293.482 262.873 -9999 -9999 267.224 299.479 -9999 -9999 -9999 210.687 281.843 396.717 374.435 391.33 320.113 254.94 236.243 249.739 235.701 200.326 188.788 162.501 161.483 165.597 141.683 114.185 143.698 157.842 142.961 120.357 116.09 110.159 110.199 98.885 97.031 87.878 93.892 107.637 102.494 95.752 91.941 89.69 80.935 78.178 -9999 -9999 -9999 -9999 -9999 -9999 -9999 -9999 -9999 -9999 -9999 -9999 -9999 -9999 -9999 -9999 -9999 -9999 -9999 -9999 -9999 -9999 -9999 -9999 -9999 -9999 -9999 -9999 -9999
248.308 -9999 264.916 276.962 308.847 -9999 -9999 -9999 -9999 257.677 256.444 337.337 356.013 353.045 351.681 303.706 276.568 284.919 303.448 246.962 244.166 179.359 176.83 179.275 139.817 114.321 156.643 189.924 172.75 126.095 126.759 119.635 114.345 99.894 97.298 93.031 96.862 115.859 102.8 98.12 92.487 91.611 82.35 72.616 -9999 -9999 -9999 -9999 -9999 -9999 -9999 -9999 -9999 -9999 -9999 -9999 -9999 -9999 -9999 -9999 -9999 -9999 -9999 -9999 -9999 -9999 -9999 -9999 -9999 -9999 -9999 -9999 -9999 -9999
258.555 332.522 393.285 453.162 472.142 346.939 280.888 -9999 -9999 251.003 -9999 -9999 268.866 375.087 352.194 273.276 289.423 341.389 285.791 290.148 260.136 216.335 183.163 139.812 158.431 174.462 202.691 183.24 151.321 164.151 151.384 121.534 103.851 96.099 94.823 98.844 113.27 94.33 91.082 93.624 85.961 84.704 75.109 -9999 -9999 -9999 -9999 -9999 -9999 -9999 -9999 -9999 -9999 -9999 -9999 -9999 -9999 -9999 -9999 -9999 -9999 -9999 -9999 -9999 -9999 -9999 -9999 -9999 -9999 -9999 -9999 -9999 -9999 -9999
298.585 329.248 393.961 487.657 420.412 -9999 -9999 -9999 252.399 276.689 266.988 272.253 297.022 329.858 272.279 220.161 300.695 298.614 267.373 238.657 214.811 201.26 182.871 190.787 158.665 181.752 169.314 167.79 173.927 145.762 131.87 113.874 104.13 100.491 96.37 98.98 88.983 79.27 -9999 -9999 82.941 -9999 -9999 -9999 -9999 -9999 -9999 -9999 -9999 -9999 -9999 -9999 -9999 -9999 -9999 -9999 -9999 -9999 -9999 -9999 -9999 -9999 -9999 -9999 -9999 -9999 -9999 -9999 -9999 -9999 -9999 -9999 -9999 -9999
279.196 311.318 382.906 -9999 365.16 -9999 -9999 -9999 265.619 294.266 297.624 285.711 268.26 286.339 271.201 317.079 332.441 292.24 256.891 241.144 241.161 194.059 190.242 159.29 172.724 177.705 154.347 139.68 117.341 122.3 108.267 102.821 103.305 96.374 87.884 87.766 78.308 -9999 86.817 82.467 83.73 82.167 -9999 -9999 -9999 -9999 -9999 -9999 -9999 -9999 -9999 -9999 -9999 -9999 -9999 -9999 -9999 -9999 -9999 -9999 -9999 -9999 -9999 -9999 -9999 -9999 -9999 -9999 -9999 -9999 -9999 -9999 -9999 -9999
-9999 271.276 -9999 -9999 -9999 -9999 298.082 289.866 300.619 301.913 309.505 291.495 301.335 333.483 330.271 335.496 315.57 317.604 265.638 284.566 227.658 237.896 195.634 209.855 228.374 170.749 136.556 141.429 130.81 110.98 106.498 98.942 99.013 90.016 86.445 -9999 84.82 90.153 85.489 82.772 77.746 85.867 -9999 -9999 -9999 -9999 -9999 -9999 -9999 -9999 -9999 -9999 -9999 -9999 -9999 -9999 -9999 -9999 -9999 -9999 -9999 -9999 -9999 -9999 -9999 -9999 -9999 -9999 -9999 -9999 -9999 -9999 -9999 -9999
-9999 -9999 -9999 -9999 -9999 -9999 282.639 277.607 284.668 305.778 301.04 275.198 316.393 293.464 288.41 313.774 362.526 322.731 285.709 274.969 270.406 219.877 211.173 242.348 203.967 196.504 201.785 157.734 135.222 125.203 110.605 117.168 117.391 109.061 108.783 102.173 91.45 90.525 97.848 98.47 92.567 92.588 89.349 -9999 -9999 -9999 -9999 -9999 -9999 -9999 -9999 -9999 -9999 -9999 -9999 -9999 -9999 -9999 -9999 -9999 -9999 -9999 -9999 -9999 -9999 -9999 -9999 -9999 -9999 -9999 -9999 -9999 -9999 -9999
-9999 -9999 -9999 -9999 -9999 271.065 -9999 -9999 268.296 298.416 287.493 307.734 300.642 -9999 -9999 336.266 379.653 370.134 285.656 277.424 247.35 215.244 213.637 201.056 177.386 181.967 158.287 147.188 136.909 142.963 155.25 163.04 140.281 126.099 115.927 108.241 104.603 96.379 104.454 96.742 105.356 100.393 92.372 85.461 -9999 -9999 -9999 -9999 -9999 -9999 -9999 -9999 -9999 -9999 -9999 -9999 -9999 -9999 -9999 -9999 -9999 -9999 -9999 -9999 -9999 -9999 -9999 -9999 -9999 -9999 -9999 -9999 -9999 -9999
-9999 -9999 -9999 -9999 -9999 251.309 -9999 239.464 254.54 266.577 345.035 374.058 281.928 260.041 304.824 339.632 339.879 262.898 276.341 296.808 221.701 204.907 204.643 183.52 160.095 146.684 137.65 135.129 159.114 197.625 188.947 166.002 141.561 122.763 113.636 110.395 101.88 102.118 96.779 93.667 90.167 92.118 88.651 -9999 -9999 -9999 -9999 -9999 -9999 -9999 -9999 -9999 -9999 -9999 -9999 -9999 -9999 -9999 -9999 -9999 -9999 -9999 -9999 -9999 -9999 -9999 -9999 -9999 -9999 -9999 -9999 -9999 -9999 -9999
-9999 -9999 -9999 -9999 -9999 231.553 -9999 222.473 213.803 272.823 312.762 265.077 -9999 297.888 292.158 -9999 286.764 270.755 274.485 226.691 248.01 203.966 166.329 148.51 129.312 119.405 128.808 129.437 158.222 145.89 138.275 130.127 131.458 127.571 113.474 105.484 98.346 96.117 92.056 -9999 -9999 -9999 -9999 -9999 -9999 -9999 -9999 -9999 -9999 -9999 -9999 -9999 -9999 -9999 -9999 -9999 -9999 -9999 -9999 -9999 -9999 -9999 -9999 -9999 -9999 -9999 -9999 -9999 -9999 -9999 -9999 -9999 -9999 -9999
-9999 -9999 -9999 216.741 220.052 -9999 -9999 200.105 226.624 259.971 247.998 244.73 317.786 293.168 320.282 -9999 235.606 250.938 234.494 218.287 213.638 193.882 163.429 148.724 133.616 148.864 145.034 122.738 118.379 119.671 118.054 124.19 130.02 128.327 114.945 108.501 105.338 97.016 -9999 -9999 -9999 -9999 -9999 -9999 -9999 -9999 -9999 -9999 -9999 -9999 -9999 -9999 -9999 -9999 -9999 -9999 -9999 -9999 -9999 -9999 -9999 -9999 -9999 -9999 -9999 -9999 -9999 -9999 -9999 -9999 -9999 -9999 -9999 -9999
-9999 -9999 198.307 205.233 206.384 -9999 205.421 233.0 253.551 247.789 -9999 301.284 296.577 316.584 321.627 -9999 236.265 250.466 216.482 180.195 177.458 158.701 161.885 161.397 152.487 181.599 159.048 134.629 124.064 -9999 108.396 114.122 116.224 111.358 113.166 120.545 108.726 -9999 -9999 -9999 -9999 -9999 -9999 -9999 -9999 -9999 -9999 -9999 -9999 -9999 -9999 -9999 -9999 -9999 -9999 -9999 -9999 -9999 -9999 -9999 -9999 -9999 -9999 -9999 -9999 -9999 -9999 -9999 -9999 -9999 -9999 -9999 -9999 -9999
-9999 -9999 186.806 191.36 -9999 -9999 223.321 252.314 245.441 -9999 258.823 290.274 298.188 307.425 293.972 -9999 213.537 196.405 183.303 173.262 171.558 167.517 177.139 213.62 223.043 208.895 184.749 145.624 124.575 115.125 103.512 -9999 -9999 101.329 98.872 -9999 -9999 -9999 -9999 -9999 -9999 91.887 91.816 89.439 -9999 -9999 -9999 -9999 -9999 -9999 -9999 -9999 -9999 -9999 -9999 -9999 -9999 -9999 -9999 -9999 -9999 -9999 -9999 -9999 -9999 -9999 -9999 -9999 -9999 -9999 -9999 -9999 -9999 -9999
-9999 200.368 218.89 -9999 -9999 217.371 230.057 216.499 248.931 -9999 249.215 280.542 266.423 260.983 279.38 -9999 -9999 -9999 179.989 177.415 178.014 185.574 199.292 204.371 203.615 184.426 166.401 142.39 130.571 123.144 114.993 107.52 104.991 103.549 97.477 -9999 -9999 -9999 -9999 -9999 97.41 94.773 95.887 90.035 88.401 -9999 -9999 -9999 -9999 -9999 -9999 -9999 -9999 -9999 -9999 -9999 -9999 -9999 -9999 -9999 -9999 -9999 -9999 -9999 -9999 -9999 -9999 -9999 -9999 -9999 -9999 -9999 -9999 -9999
219.018 240.758 213.252 -9999 -9999 -9999 180.574 228.088 224.768 -9999 224.273 -9999 230.947 255.444 230.045 -9999 189.926 194.827 185.633 -9999 164.809 158.561 164.469 169.62 161.423 164.444 159.53 148.229 141.203 131.862 122.178 119.013 116.411 103.43 97.774 93.622 96.431 105.802 -9999 102.927 100.292 98.126 96.892 102.651 103.356 105.207 86.378 -9999 -9999 -9999 -9999 -9999 -9999 -9999 -9999 -9999 -9999 -9999 -9999 -9999 -9999 -9999 -9999 -9999 -9999 -9999 -9999 -9999 -9999 -9999 -9999 -9999 -9999 -9999
212.503 214.254 -9999 -9999 -9999 -9999 203.05 234.664 197.388 -9999 190.656 -9999 210.564 205.84 -9999 213.596 226.999 230.375 195.839 160.792 144.498 137.849 139.288 140.382 151.273 149.69 148.018 150.905 142.912 138.527 129.09 123.967 118.173 105.081 106.305 103.429 106.033 101.126 100.455 102.716 100.332 100.23 102.135 112.578 111.234 119.947 111.573 98.391 89.566 91.995 -9999 -9999 -9999 -9999 -9999 -9999 -9999 -9999 -9999 -9999 -9999 -9999 -9999 -9999 -9999 -9999 -9999 -9999 -9999 -9999 -9999 -9999 -9999 -9999
-9999 173.295 -9999 -9999 -9999 -9999 191.158 189.818 201.842 205.857 -9999 -9999 175.447 186.249 -9999 204.277 248.161 261.794 212.18 179.219 150.777 139.637 129.029 126.535 131.072 130.045 140.49 147.905 153.99 149.452 138.212 129.044 124.965 126.672 126.815 129.775 117.209 101.448 104.472 106.178 97.168 112.686 133.406 133.21 125.495 124.662 116.701 116.931 111.197 94.623 94.786 -9999 -9999 -9999 -9999 -9999 -9999 -9999 -9999 -9999 -9999 -9999 -9999 -9999 -9999 -9999 -9999 -9999 -9999 -9999 -9999 -9999 -9999 -9999
181.328 -9999 -9999 -9999 -9999 -9999 164.598 180.695 207.086 182.946 -9999 -9999 173.392 175.734 -9999 -9999 244.587 235.953 205.238 186.995 179.027 157.538 137.021 135.723 141.564 127.76 129.116 145.26 151.561 155.244 152.234 152.685 144.192 147.436 147.99 130.559 113.373 111.983 114.168 108.88 117.696 137.46 139.584 140.576 130.034 122.251 114.195 105.685 103.501 96.6 97.888 -9999 -9999 -9999 -9999 -9999 -9999 -9999 -9999 -9999 -9999 -9999 -9999 -9999 -9999 -9999 -9999 -9999 -9999 -9999 -9999 -9999 -9999 -9999
168.96 -9999 -9999 -9999 -9999 -9999 152.686 180.35 193.676 -9999 -9999 -9999 -9999 167.918 -9999 180.548 219.075 211.208 190.662 191.204 193.383 185.696 170.076 163.044 146.256 136.756 133.525 133.674 141.754 149.7 155.044 149.895 150.435 151.733 134.811 124.219 121.009 124.333 136.876 125.107 120.797 123.304 123.648 125.938 124.855 120.925 112.154 105.0 106.81 102.829 102.027 97.987 -9999 -9999 -9999 -9999 -9999 -9999 -9999 -9999 -9999 -9999 -9999 -9999 -9999 -9999 -9999 -9999 -9999 -9999 -9999 -9999 -9999 -9999
155.757 -9999 -9999 -9999 161.445 160.219 167.701 181.434 -9999 -9999 213.276 -9999 -9999 -9999 -9999 173.927 192.709 187.745 182.537 184.669 192.072 205.159 206.41 186.23 168.76 150.556 141.462 124.777 114.617 139.702 137.196 133.376 140.581 132.086 132.958 145.258 144.837 163.285 165.484 141.508 129.007 119.097 105.207 116.191 117.349 122.553 116.493 103.458 100.601 104.232 97.565 92.612 -9999 -9999 -9999 -9999 -9999 -9999 -9999 -9999 -9999 -9999 -9999 -9999 -9999 -9999 -9999 -9999 -9999 -9999 -9999 -9999 -9999 -9999
-9999 -9999 -9999 -9999 -9999 172.944 181.112 194.631 -9999 204.793 234.169 232.577 -9999 -9999 -9999 -9999 160.552 164.612 166.526 171.777 181.787 196.962 203.227 185.543 170.949 151.932 137.544 120.962 133.43 126.457 123.651 131.038 139.746 137.392 149.991 135.472 148.79 152.405 152.312 153.193 143.06 119.389 116.35 111.816 108.629 111.55 105.693 97.155 100.228 105.621 106.568 96.142 96.383 -9999 -9999 -9999 -9999 -9999 -9999 -9999 -9999 -9999 -9999 -9999 -9999 -9999 -9999 -9999 -9999 -9999 -9999 -9999 -9999 -9999
-9999 -9999 -9999 -9999 -9999 182.109 200.332 213.214 -9999 179.548 229.562 232.457 -9999 -9999 -9999 -9999 -9999 144.308 149.932 157.485 164.169 174.68 168.718 175.048 174.183 177.011 162.272 146.287 129.67 125.803 125.304 129.405 126.883 133.678 137.727 137.567 138.301 142.79 136.267 122.502 121.578 115.35 124.349 112.03 109.445 107.316 97.224 97.997 98.094 102.911 104.171 109.671 100.729 98.371 -9999 -9999 -9999 -9999 -9999 -9999 -9999 -9999 -9999 -9999 -9999 -9999 -9999 -9999 -9999 -9999 -9999 -9999 -9999 -9999
-9999 -9999 -9999 -9999 -9999 187.262 215.032 -9999 -9999 164.848 212.422 229.604 191.17 -9999 -9999 -9999 -9999 -9999 134.781 153.859 167.254 165.927 180.754 193.12 192.966 189.085 170.28 154.595 141.455 142.866 134.309 131.486 139.696 152.138 145.992 177.941 147.32 138.239 121.095 143.868 137.342 130.724 119.874 112.357 107.376 103.16 105.755 110.367 112.149 101.066 103.649 99.87 114.753 104.755 100.821 94.433 -9999 -9999 -9999 -9999 -9999 -9999 -9999 -9999 -9999 -9999 -9999 -9999 -9999 -9999 -9999 -9999 -9999 -9999
-9999 -9999 -9999 -9999 -9999 200.994 178.078 -9999 -9999 181.989 214.906 208.416 -9999 -9999 -9999 -9999 -9999 -9999 131.727 142.337 153.647 159.214 171.783 172.655 174.972 170.853 166.449 170.36 159.238 153.802 151.485 166.049 190.27 170.331 191.375 199.24 174.417 138.412 146.372 137.384 124.496 120.556 106.08 110.2 112.991 114.549 107.486 108.744 114.963 131.847 126.688 112.424 115.442 118.592 106.58 100.68 -9999 -9999 -9999 -9999 -9999 -9999 -9999 -9999 -9999 -9999 -9999 -9999 -9999 -9999 -9999 -9999 -9999 -9999
-9999 -9999 -9999 -9999 -9999 186.255 147.974 -9999 -9999 -9999 176.491 178.145 170.162 -9999 -9999 -9999 -9999 -9999 126.051 137.834 142.23 146.242 152.12 158.242 172.29 187.661 199.81 177.854 178.172 172.382 151.388 163.581 176.456 180.581 219.317 197.14 161.253 163.775 149.319 131.554 135.655 116.551 119.724 113.934 111.496 119.906 118.997 119.702 138.716 161.284 150.857 130.656 115.407 115.258 114.796 107.675 -9999 -9999 -9999 -9999 -9999 -9999 -9999 -9999 -9999 -9999 -9999 -9999 -9999 -9999 -9999 -9999 -9999 -9999
-9999 -9999 -9999 -9999 198.359 175.072 156.325 -9999 -9999 -9999 -9999 -9999 -9999 -9999 -9999 -9999 -9999 -9999 139.799 145.123 145.872 145.612 150.195 152.234 163.74 184.204 198.347 189.35 189.335 185.709 175.0 184.958 195.533 225.413 231.087 208.984 181.293 175.93 159.037 154.123 136.545 132.821 122.36 124.935 127.648 121.746 129.429 141.004 165.354 161.434 159.449 127.112 109.019 109.262 112.16 111.687 96.373 -9999 -9999 -9999 -9999 -9999 -9999 -9999 -9999 -9999 -9999 -9999 -9999 -9999 -9999 -9999 -9999 -9999
-9999 -9999 -9999 197.145 194.769 185.412 163.697 -9999 -9999 -9999 -9999 -9999 -9999 -9999 -9999 -9999 141.507 141.575 145.06 157.535 170.179 174.47 168.41 169.391 175.758 180.515 177.183 190.099 212.575 209.295 208.433 199.477 197.492 207.126 236.792 204.375 206.215 177.781 164.764 148.204 133.618 124.676 143.207 143.26 122.177 127.437 138.24 156.903 149.613 150.315 153.447 132.645 106.071 106.975 114.374 109.616 104.74 -9999 -9999 -9999 -9999 -9999 -9999 -9999 -9999 -9999 -9999 -9999 -9999 -9999 -9999 -9999 -9999 -9999
-9999 -9999 -9999 190.524 166.379 145.273 -9999 -9999 -9999 -9999 -9999 -9999 -9999 -9999 -9999 -9999 141.327 139.079 150.563 171.756 184.271 180.172 202.289 220.461 205.852 193.629 185.006 182.839 194.317 216.437 220.669 200.492 184.291 195.448 211.669 236.445 209.098 195.655 172.191 158.032 137.358 145.459 152.584 135.477 125.862 143.404 163.243 159.079 141.982 132.807 124.869 122.544 127.621 129.645 119.684 112.687 107.296 -9999 -9999 -9999 -9999 -9999 -9999 -9999 -9999 -9999 -9999 -9999 -9999 -9999 -9999 -9999 -9999 -9999
-9999 -9999 -9999 -9999 -9999 -9999 -9999 -9999 -9999 -9999 -9999 -9999 -9999 -9999 -9999 -9999 143.337 146.442 169.999 179.028 187.74 191.367 227.122 237.589 251.755 217.104 188.155 182.118 196.795 218.027 251.712 224.952 178.052 176.039 213.908 234.112 218.128 201.218 199.215 174.899 180.504 183.775 170.133 165.474 170.405 176.349 145.901 139.975 133.228 128.702 132.168 115.919 115.14 120.645 116.866 108.334 102.229 -9999 -9999 -9999 -9999 -9999 -9999 -9999 -9999 -9999 -9999 -9999 -9999 -9999 -9999 -9999 -9999 -9999
-9999 -9999 -9999 -9999 -9999 -9999 -9999 -9999 -9999 -9999 -9999 -9999 -9999 -9999 -9999 151.456 162.621 179.336 182.327 198.852 184.333 193.978 209.032 250.604 240.007 220.257 197.487 188.445 169.316 189.28 209.682 213.245 192.364 174.725 200.521 222.635 219.439 210.549 208.619 213.233 193.048 196.079 181.642 176.377 198.86 164.529 162.594 144.732 127.133 136.258 137.199 134.718 114.947 105.705 103.682 104.592 104.41 -9999 -9999 -9999 -9999 -9999 -9999 -9999 -9999 -9999 -9999 -9999 -9999 -9999 -9999 -9999 -9999 -9999
-9999 -9999 -9999 -9999 -9999 -9999 -9999 -9999 -9999 -9999 -9999 -9999 -9999 -9999 -9999 167.157 178.852 192.83 224.48 214.277 193.23 202.347 231.49 209.213 216.113 207.787 193.85 177.347 151.697 163.135 195.366 212.357 207.263 169.964 189.692 204.339 202.283 205.926 225.837 189.31 210.873 194.886 176.878 205.044 171.382 171.617 161.931 139.012 138.961 132.271 129.687 134.671 123.715 112.101 110.128 108.436 103.703 -9999 -9999 -9999 -9999 -9999 -9999 -9999 -9999 -9999 -9999 -9999 -9999 -9999 -9999 -9999 -9999 -9999
-9999 -9999 -9999 -9999 -9999 -9999 -9999 -9999 -9999 -9999 -9999 -9999 -9999 -9999 161.622 175.313 182.417 223.315 236.629 239.439 253.845 254.043 234.495 199.787 196.679 193.914 192.031 182.49 166.09 169.248 185.528 188.902 163.245 162.824 176.096 202.321 204.421 227.781 199.686 200.446 213.936 188.157 198.558 193.635 168.037 165.523 152.534 152.07 148.209 141.244 137.324 125.555 116.559 108.405 107.043 108.433 106.993 102.984 -9999 -9999 -9999 -9999 -9999 -9999 -9999 -9999 -9999 -9999 -9999 -9999 -9999 -9999 -9999 -9999
