Validation/Results/raw data/ReClimate_10_2024_2.asc
NCOLS 192
NROWS 249
XLLCENTER -225160.85627316462
YLLCENTER 29788.11610251502
CELLSIZE 5000.0
NODATA_VALUE -9999
[rows 165 to 197 of 249, columns 74 to 147 of 192]
-9999 -9999 -9999 -9999 -9999 -9999 -9999 -9999 -9999 -9999 -9999 -9999 -9999 -9999 -9999 -9999 -9999 -9999 -9999 -9999 -9999 -9999 -9999 -9999 -9999 -9999 -9999 -9999 -9999 -9999 -9999 -9999 -9999 -9999 -9999 -9999 -9999 -9999 97.743 97.765 97.782 97.777 97.774 97.749 97.685 97.615 97.53 97.426 97.322 97.224 97.132 97.045 96.959 96.876 96.793 96.708 96.621 96.531 96.439 96.344 96.245 96.149 96.054 95.961 95.865 95.769 95.688 95.611 95.534 95.456 95.378 95.297 95.214 95.125
-9999 -9999 -9999 -9999 -9999 -9999 -9999 -9999 -9999 -9999 -9999 -9999 -9999 -9999 -9999 -9999 -9999 -9999 -9999 -9999 -9999 -9999 -9999 -9999 -9999 -9999 -9999 -9999 -9999 -9999 -9999 -9999 -9999 -9999 -9999 -9999 -9999 -9999 97.688 97.714 97.727 97.737 97.737 97.696 97.635 97.575 97.504 97.415 97.311 97.213 97.12 97.03 96.943 96.858 96.773 96.687 96.6 96.51 96.417 96.322 96.228 96.135 96.042 95.947 95.848 95.746 95.648 95.563 95.483 95.401 95.319 95.235 95.146 95.052
-9999 -9999 -9999 -9999 -9999 -9999 -9999 -9999 -9999 -9999 -9999 -9999 -9999 -9999 -9999 -9999 -9999 -9999 -9999 -9999 -9999 -9999 -9999 -9999 -9999 -9999 -9999 -9999 -9999 -9999 -9999 -9999 -9999 -9999 -9999 -9999 -9999 97.592 97.616 97.641 97.666 97.685 97.685 97.645 97.589 97.535 97.476 97.401 97.302 97.203 97.108 97.016 96.927 96.84 96.754 96.667 96.579 96.488 96.397 96.306 96.214 96.122 96.027 95.929 95.828 95.723 95.613 95.513 95.426 95.341 95.253 95.163 95.066 94.963
-9999 -9999 -9999 -9999 -9999 -9999 -9999 -9999 -9999 -9999 -9999 -9999 -9999 -9999 -9999 -9999 -9999 -9999 -9999 -9999 -9999 -9999 -9999 -9999 -9999 -9999 -9999 -9999 -9999 -9999 -9999 -9999 -9999 -9999 -9999 -9999 -9999 97.517 97.543 97.572 97.599 97.624 97.625 97.584 97.538 97.493 97.446 97.378 97.29 97.194 97.097 97.004 96.912 96.822 96.734 96.646 96.557 96.471 96.384 96.295 96.203 96.108 96.01 95.909 95.804 95.695 95.582 95.464 95.363 95.266 95.165 95.063 94.958 94.849
-9999 -9999 -9999 -9999 -9999 -9999 -9999 -9999 -9999 -9999 -9999 -9999 -9999 -9999 -9999 -9999 -9999 -9999 -9999 -9999 -9999 -9999 -9999 -9999 -9999 -9999 -9999 -9999 -9999 -9999 -9999 -9999 -9999 -9999 -9999 -9999 -9999 -9999 97.476 97.506 97.535 97.56 97.554 97.517 97.481 97.442 97.401 97.347 97.272 97.183 97.088 96.991 96.896 96.804 96.714 96.628 96.545 96.46 96.375 96.285 96.19 96.092 95.99 95.885 95.776 95.662 95.542 95.409 95.277 95.165 95.056 94.947 94.837 94.724
-9999 -9999 -9999 -9999 -9999 -9999 -9999 -9999 -9999 -9999 -9999 -9999 -9999 -9999 -9999 -9999 -9999 -9999 94.482 94.737 -9999 -9999 -9999 -9999 -9999 -9999 -9999 -9999 -9999 -9999 -9999 -9999 -9999 -9999 -9999 -9999 -9999 97.384 97.415 97.446 97.475 97.497 97.484 97.451 97.419 97.387 97.352 97.305 97.237 97.152 97.064 96.972 96.877 96.787 96.7 96.616 96.534 96.453 96.367 96.273 96.174 96.07 95.963 95.852 95.738 95.612 95.476 95.335 95.184 95.051 94.937 94.824 94.711 94.595
-9999 -9999 -9999 -9999 -9999 -9999 -9999 -9999 -9999 -9999 -9999 -9999 -9999 -9999 -9999 -9999 -9999 -9999 94.514 94.763 94.991 -9999 -9999 -9999 -9999 -9999 -9999 -9999 -9999 -9999 -9999 -9999 -9999 -9999 -9999 -9999 97.296 97.324 97.357 97.389 97.418 97.436 97.42 97.389 97.359 97.331 97.301 97.26 97.195 97.11 97.023 96.937 96.853 96.764 96.678 96.595 96.514 96.435 96.347 96.248 96.144 96.036 95.925 95.806 95.677 95.542 95.398 95.248 95.093 94.939 94.813 94.697 94.582 94.464
-9999 -9999 -9999 -9999 -9999 -9999 -9999 -9999 -9999 -9999 -9999 -9999 -9999 -9999 -9999 -9999 -9999 94.372 94.582 94.815 95.03 95.227 -9999 -9999 -9999 -9999 -9999 -9999 -9999 -9999 -9999 -9999 -9999 97.087 -9999 -9999 97.233 97.269 97.303 97.335 97.365 -9999 97.359 97.329 97.301 97.274 97.248 97.213 97.151 97.066 96.982 96.901 96.819 96.735 96.65 96.565 96.481 96.398 96.31 96.21 96.104 95.994 95.872 95.742 95.605 95.462 95.314 95.16 94.999 94.831 94.686 94.566 94.448 94.328
-9999 -9999 -9999 -9999 -9999 -9999 -9999 -9999 -9999 -9999 -9999 -9999 -9999 -9999 -9999 -9999 -9999 94.443 94.636 94.859 95.065 95.256 95.434 95.601 -9999 -9999 -9999 96.219 96.373 -9999 96.68 96.829 96.962 97.065 97.118 -9999 -9999 97.229 97.262 -9999 -9999 97.331 97.309 97.28 97.253 97.226 97.199 97.164 97.102 97.023 96.941 96.859 96.777 96.696 96.614 96.529 96.443 96.355 96.263 96.163 96.055 95.934 95.805 95.668 95.526 95.38 95.228 95.069 94.903 94.729 94.561 94.429 94.309 94.189
-9999 -9999 -9999 -9999 -9999 -9999 -9999 -9999 -9999 -9999 -9999 -9999 -9999 -9999 -9999 -9999 -9999 -9999 94.693 94.904 95.1 95.282 95.452 -9999 -9999 95.904 96.053 96.191 96.347 96.505 96.656 96.799 96.931 97.028 97.085 97.128 -9999 97.197 97.229 97.257 97.279 97.28 97.254 97.224 97.196 97.17 97.145 97.111 97.054 96.977 96.898 96.816 96.734 96.651 96.568 96.485 96.399 96.308 96.213 96.109 95.991 95.863 95.728 95.589 95.446 95.297 95.142 94.979 94.806 94.624 94.436 94.287 94.167 94.047
-9999 -9999 -9999 -9999 -9999 -9999 -9999 -9999 -9999 -9999 -9999 -9999 -9999 -9999 -9999 -9999 -9999 -9999 94.746 94.951 95.135 95.308 95.471 95.624 95.77 95.909 96.042 96.177 96.322 96.476 96.624 96.763 96.889 96.978 97.039 97.084 97.109 97.127 97.145 97.163 97.18 97.179 97.152 97.123 97.096 97.07 97.045 97.012 96.96 96.896 96.829 96.761 96.689 96.606 96.521 96.435 96.347 96.256 96.156 96.042 95.917 95.784 95.648 95.508 95.364 95.213 95.056 94.889 94.712 94.521 94.318 94.146 94.025 93.905
-9999 -9999 -9999 -9999 -9999 -9999 -9999 -9999 -9999 -9999 -9999 -9999 -9999 -9999 -9999 -9999 -9999 -9999 -9999 94.989 95.17 95.334 95.489 95.637 95.777 95.91 96.039 96.165 96.299 96.446 96.592 96.728 96.838 96.893 96.934 96.967 96.995 97.018 97.033 97.05 97.067 97.066 97.041 97.013 96.986 96.959 96.933 96.9 96.851 96.792 96.731 96.669 96.606 96.538 96.467 96.385 96.294 96.197 96.086 95.965 95.836 95.704 95.567 95.426 95.281 95.129 94.97 94.801 94.621 94.428 94.221 94.028 93.891 93.766
-9999 -9999 -9999 -9999 -9999 -9999 -9999 -9999 -9999 -9999 -9999 -9999 -9999 -9999 -9999 -9999 -9999 -9999 -9999 -9999 -9999 95.358 95.507 95.614 95.653 95.862 96.21 96.284 96.282 96.415 96.546 96.649 96.721 96.763 96.8 96.837 96.872 96.902 96.927 96.945 96.962 96.962 96.939 96.911 96.884 96.856 96.828 96.793 96.743 96.685 96.625 96.564 96.501 96.437 96.372 96.306 96.23 96.129 96.011 95.884 95.755 95.623 95.487 95.347 95.202 95.051 94.892 94.724 94.544 94.354 94.152 93.949 93.793 93.664
-9999 -9999 -9999 -9999 -9999 -9999 -9999 -9999 -9999 -9999 -9999 -9999 -9999 -9999 -9999 -9999 -9999 -9999 -9999 -9999 95.229 95.379 95.522 95.661 95.94 96.173 96.263 96.27 96.257 96.346 96.438 96.53 96.598 96.637 96.676 96.715 96.753 96.79 96.821 96.846 96.864 96.865 96.844 96.816 96.789 96.76 96.731 96.694 96.642 96.584 96.524 96.462 96.399 96.335 96.263 96.187 96.098 96.001 95.89 95.765 95.633 95.5 95.366 95.23 95.091 94.947 94.798 94.64 94.474 94.293 94.097 93.889 93.716 93.579
-9999 -9999 -9999 -9999 -9999 -9999 -9999 -9999 -9999 -9999 -9999 -9999 -9999 -9999 -9999 -9999 -9999 -9999 -9999 95.105 95.252 95.397 95.535 95.831 96.193 96.214 96.088 96.079 96.046 96.135 96.269 96.373 96.48 96.522 96.562 96.602 96.642 96.68 96.717 96.748 96.771 96.774 96.756 96.728 96.7 96.671 96.64 96.6 96.546 96.487 96.427 96.362 96.277 96.199 96.121 96.031 95.933 95.825 95.718 95.611 95.49 95.36 95.227 95.094 94.958 94.819 94.674 94.522 94.363 94.195 94.015 93.821 93.641 93.494
-9999 -9999 -9999 -9999 -9999 -9999 -9999 -9999 -9999 -9999 -9999 -9999 -9999 -9999 -9999 -9999 -9999 -9999 94.997 95.119 95.27 95.411 95.545 95.765 95.793 95.809 95.972 96.02 96.186 96.291 96.405 96.455 96.37 96.413 96.455 96.496 96.537 96.576 96.615 96.65 96.68 96.689 96.675 96.647 96.618 96.587 96.555 96.511 96.452 96.384 96.306 96.221 96.136 96.05 95.963 95.865 95.759 95.65 95.541 95.433 95.326 95.215 95.089 94.958 94.825 94.688 94.545 94.396 94.238 94.072 93.894 93.703 93.524 93.383
-9999 -9999 -9999 -9999 -9999 -9999 -9999 -9999 -9999 -9999 -9999 -9999 -9999 -9999 -9999 -9999 94.793 94.918 95.022 95.143 95.283 95.421 95.552 95.625 95.728 95.855 95.957 96.089 96.195 96.301 96.443 96.379 96.265 96.31 96.353 96.396 96.437 96.477 96.517 96.555 96.589 96.608 96.599 96.571 96.54 96.508 96.471 96.413 96.332 96.247 96.162 96.077 95.99 95.903 95.806 95.702 95.592 95.482 95.372 95.262 95.153 95.046 94.942 94.822 94.692 94.558 94.417 94.268 94.111 93.944 93.764 93.568 93.378 93.229
-9999 -9999 -9999 -9999 -9999 -9999 -9999 -9999 -9999 -9999 -9999 -9999 -9999 -9999 -9999 94.927 94.85 94.955 95.051 -9999 -9999 -9999 -9999 95.628 95.713 95.818 95.94 96.017 96.057 96.183 96.33 96.257 96.169 96.211 96.255 96.298 96.34 96.382 96.422 96.461 96.499 96.526 96.528 96.499 96.467 96.427 96.364 96.281 96.194 96.108 96.022 95.936 95.849 95.755 95.652 95.542 95.432 95.322 95.21 95.098 94.985 94.877 94.776 94.677 94.559 94.427 94.287 94.138 93.98 93.81 93.627 93.426 93.224 93.064
-9999 -9999 -9999 -9999 -9999 -9999 -9999 -9999 -9999 -9999 -9999 -9999 -9999 -9999 -9999 94.819 94.883 94.984 -9999 -9999 -9999 -9999 -9999 95.56 95.654 95.773 95.906 95.929 95.917 96.01 96.053 96.037 96.081 96.118 96.16 96.203 96.246 96.288 96.329 96.37 96.409 96.445 96.454 96.43 96.382 96.312 96.235 96.147 96.06 95.973 95.886 95.799 95.711 95.611 95.5 95.387 95.278 95.167 95.055 94.941 94.825 94.713 94.614 94.518 94.418 94.295 94.155 94.005 93.844 93.671 93.482 93.275 93.063 92.894
-9999 -9999 -9999 -9999 -9999 -9999 -9999 -9999 -9999 -9999 -9999 -9999 -9999 -9999 -9999 -9999 -9999 94.941 -9999 -9999 -9999 -9999 -9999 95.497 95.581 95.678 95.734 95.757 95.822 95.884 96.013 96.02 95.955 95.987 96.023 96.063 96.109 96.154 96.201 96.249 96.297 96.346 96.37 96.34 96.264 96.188 96.105 96.015 95.927 95.839 95.752 95.664 95.571 95.467 95.352 95.238 95.128 95.018 94.907 94.793 94.679 94.567 94.464 94.367 94.265 94.152 94.007 93.841 93.665 93.478 93.276 93.056 92.834 92.658
-9999 -9999 -9999 -9999 -9999 -9999 -9999 -9999 -9999 -9999 -9999 -9999 -9999 -9999 -9999 -9999 -9999 -9999 -9999 -9999 -9999 -9999 -9999 95.412 95.52 95.562 95.599 95.643 95.671 95.753 95.796 95.781 95.812 95.842 95.875 95.913 95.955 96.003 96.052 96.103 96.155 96.202 96.213 96.179 96.12 96.053 95.973 95.883 95.794 95.706 95.618 95.53 95.431 95.322 95.207 95.092 94.981 94.872 94.763 94.652 94.54 94.431 94.319 94.199 94.073 93.941 93.798 93.627 93.442 93.244 93.032 92.801 92.571 92.409
-9999 -9999 -9999 -9999 -9999 -9999 -9999 -9999 -9999 -9999 -9999 -9999 -9999 -9999 -9999 -9999 -9999 -9999 -9999 -9999 -9999 -9999 -9999 -9999 95.414 95.445 95.477 95.536 95.653 95.661 95.613 95.647 95.675 95.704 95.736 95.77 95.809 95.851 95.899 95.949 95.993 96.011 96.014 95.994 95.948 95.885 95.81 95.736 95.659 95.572 95.484 95.394 95.291 95.179 95.064 94.947 94.835 94.728 94.62 94.511 94.389 94.258 94.128 93.995 93.855 93.709 93.556 93.39 93.201 92.997 92.777 92.541 92.329 92.182
-9999 -9999 -9999 -9999 -9999 -9999 -9999 -9999 -9999 -9999 -9999 -9999 -9999 -9999 -9999 -9999 -9999 -9999 -9999 -9999 -9999 -9999 -9999 95.217 95.292 95.325 95.357 95.434 95.467 95.456 95.49 95.522 95.548 95.57 95.602 95.635 95.67 95.709 95.749 95.788 95.804 95.809 95.811 95.797 95.761 95.699 95.632 95.566 95.495 95.423 95.347 95.253 95.148 95.035 94.92 94.804 94.69 94.583 94.462 94.33 94.196 94.056 93.915 93.772 93.627 93.475 93.315 93.144 92.954 92.744 92.529 92.306 92.105 91.989
-9999 -9999 -9999 -9999 -9999 -9999 -9999 -9999 -9999 -9999 -9999 -9999 -9999 -9999 -9999 -9999 -9999 -9999 -9999 -9999 -9999 -9999 -9999 95.103 95.177 95.211 95.244 95.276 95.308 95.34 95.373 95.404 95.427 95.445 95.471 95.503 95.536 95.57 95.602 95.612 95.61 95.61 95.609 95.601 95.571 95.512 95.448 95.384 95.32 95.256 95.185 95.107 95.002 94.889 94.774 94.658 94.534 94.402 94.267 94.125 93.982 93.839 93.695 93.549 93.398 93.241 93.074 92.895 92.706 92.509 92.3 92.081 91.895 91.809
-9999 -9999 -9999 -9999 -9999 -9999 -9999 -9999 -9999 -9999 -9999 -9999 -9999 -9999 -9999 -9999 -9999 -9999 -9999 -9999 -9999 -9999 -9999 94.995 95.067 95.103 95.136 95.168 95.199 95.229 95.26 95.29 95.311 95.324 95.343 95.372 95.403 95.432 95.443 95.434 95.427 95.42 95.412 95.402 95.372 95.324 95.263 95.201 95.139 95.076 95.012 94.936 94.847 94.74 94.626 94.49 94.342 94.197 94.051 93.907 93.763 93.619 93.472 93.322 93.167 93.004 92.836 92.664 92.481 92.286 92.081 91.861 91.706 91.645
-9999 -9999 -9999 -9999 -9999 -9999 -9999 -9999 -9999 -9999 -9999 -9999 -9999 -9999 -9999 -9999 -9999 -9999 -9999 -9999 -9999 -9999 -9999 -9999 94.962 94.999 95.033 95.065 95.094 95.122 95.149 95.177 95.197 95.209 95.222 95.242 95.27 95.286 95.273 95.262 95.251 95.239 95.226 95.207 95.178 95.135 95.077 95.018 94.957 94.895 94.83 94.752 94.665 94.573 94.442 94.292 94.129 93.976 93.831 93.686 93.541 93.394 93.245 93.092 92.94 92.785 92.621 92.45 92.268 92.071 91.86 91.649 91.523 91.496
-9999 -9999 -9999 -9999 -9999 -9999 -9999 -9999 -9999 -9999 -9999 -9999 -9999 -9999 -9999 -9999 -9999 -9999 -9999 -9999 -9999 -9999 -9999 -9999 94.873 94.899 94.934 94.965 94.992 95.017 95.041 95.066 95.085 95.097 95.105 95.119 95.131 95.121 95.107 95.093 95.079 95.065 95.047 95.021 94.993 94.953 94.902 94.84 94.776 94.713 94.646 94.567 94.473 94.355 94.225 94.07 93.906 93.751 93.606 93.461 93.319 93.177 93.033 92.885 92.733 92.578 92.416 92.243 92.057 91.854 91.641 91.454 91.357 91.35
-9999 -9999 -9999 -9999 -9999 -9999 -9999 -9999 -9999 -9999 -9999 -9999 -9999 -9999 -9999 -9999 -9999 -9999 -9999 -9999 -9999 -9999 -9999 94.74 94.784 94.808 94.837 94.868 94.892 94.913 94.934 94.955 94.974 94.987 94.991 94.996 94.984 94.959 94.942 94.926 94.91 94.892 94.867 94.841 94.812 94.778 94.732 94.673 94.61 94.546 94.476 94.39 94.267 94.136 93.993 93.848 93.693 93.541 93.4 93.258 93.117 92.975 92.832 92.685 92.534 92.376 92.21 92.033 91.842 91.637 91.441 91.279 91.205 91.205
-9999 -9999 -9999 -9999 -9999 -9999 -9999 -9999 -9999 -9999 -9999 -9999 -9999 -9999 -9999 -9999 -9999 -9999 -9999 -9999 -9999 -9999 -9999 94.66 94.686 94.707 94.733 94.758 94.781 94.802 94.824 94.844 94.863 94.874 94.879 94.871 94.836 94.805 94.779 94.761 94.742 94.718 94.691 94.663 94.634 94.602 94.562 94.512 94.449 94.386 94.311 94.204 94.064 93.922 93.779 93.634 93.487 93.342 93.202 93.062 92.921 92.778 92.633 92.484 92.33 92.169 91.999 91.817 91.624 91.44 91.254 91.116 91.059 91.06
-9999 -9999 -9999 -9999 -9999 -9999 -9999 -9999 -9999 -9999 -9999 -9999 -9999 -9999 -9999 -9999 -9999 -9999 -9999 -9999 -9999 -9999 -9999 94.562 94.583 94.603 94.625 94.642 94.655 94.676 94.698 94.719 94.742 94.759 94.762 94.735 94.695 94.657 94.624 94.594 94.568 94.54 94.512 94.483 94.454 94.424 94.389 94.343 94.289 94.224 94.133 93.995 93.856 93.715 93.573 93.427 93.279 93.138 93.003 92.863 92.721 92.577 92.43 92.279 92.121 91.957 91.782 91.6 91.426 91.252 91.077 90.953 90.912 90.914
-9999 -9999 -9999 -9999 -9999 -9999 -9999 -9999 -9999 -9999 -9999 -9999 -9999 -9999 -9999 -9999 -9999 -9999 -9999 -9999 -9999 -9999 94.428 94.457 94.477 94.497 94.514 94.522 94.53 94.541 94.563 94.586 94.609 94.629 94.629 94.588 94.543 94.499 94.456 94.415 94.377 94.346 94.317 94.288 94.258 94.228 94.194 94.155 94.109 94.043 93.922 93.789 93.651 93.511 93.368 93.222 93.071 92.93 92.799 92.66 92.517 92.371 92.221 92.067 91.906 91.738 91.566 91.403 91.238 91.073 90.917 90.803 90.766 90.766
-9999 -9999 -9999 -9999 -9999 -9999 -9999 -9999 -9999 -9999 -9999 -9999 -9999 -9999 -9999 -9999 -9999 -9999 -9999 -9999 -9999 94.288 94.331 94.351 94.37 94.387 94.401 94.409 94.412 94.42 94.429 94.446 94.461 94.473 94.455 94.414 94.372 94.33 94.283 94.236 94.194 94.154 94.12 94.09 94.059 94.027 93.993 93.956 93.908 93.815 93.7 93.573 93.441 93.306 93.164 93.016 92.864 92.72 92.588 92.45 92.306 92.157 92.005 91.848 91.683 91.524 91.37 91.214 91.058 90.889 90.755 90.667 90.621 90.615
-9999 -9999 -9999 -9999 -9999 -9999 -9999 -9999 -9999 -9999 -9999 -9999 -9999 -9999 -9999 -9999 -9999 -9999 -9999 94.123 94.169 94.204 94.225 94.244 94.262 94.278 94.29 94.298 94.302 94.301 94.297 94.293 94.295 94.297 94.271 94.236 94.196 94.153 94.111 94.067 94.02 93.976 93.935 93.896 93.862 93.829 93.794 93.753 93.682 93.583 93.472 93.349 93.22 93.083 92.941 92.792 92.638 92.491 92.354 92.214 92.069 91.92 91.768 91.613 91.468 91.325 91.181 91.031 90.871 90.711 90.597 90.53 90.475 90.473
