Validation/Results/raw data/ReClimate_12_2023_2_Temperatureweatherlogisticsltd.asc
NCOLS 192
NROWS 249
XLLCENTER -225160.85627316462
YLLCENTER 29788.11610251502
CELLSIZE 5000.0
NODATA_VALUE -9999
[rows 136 to 169 of 249, columns 77 to 153 of 192]
-9999 -9999 -9999 -9999 -9999 -9999 -9999 -9999 0.445 -9999 0.496 0.522 0.535 0.546 0.55 0.548 0.568 0.584 0.596 0.608 0.617 0.625 0.629 0.631 0.661 0.695 0.706 0.716 -9999 -9999 -9999 -9999 -9999 -9999 0.719 0.726 0.727 0.727 0.74 0.748 0.76 0.773 0.753 0.73 0.743 0.76 0.743 0.723 0.729 0.738 0.749 0.764 0.75 0.732 0.737 0.742 0.716 -9999 -9999 -9999 -9999 -9999 -9999 -9999 -9999 -9999 -9999 -9999 -9999 -9999 -9999 -9999 -9999 -9999 -9999 -9999 -9999
-9999 -9999 -9999 -9999 -9999 -9999 -9999 -9999 0.433 0.453 0.482 0.507 0.519 0.531 0.539 0.551 0.569 0.577 0.592 0.615 0.625 0.636 0.641 0.646 0.67 0.684 0.695 0.709 -9999 -9999 -9999 -9999 0.714 0.709 0.715 0.726 0.732 0.745 0.751 0.745 0.754 0.764 0.752 0.75 0.757 0.755 0.747 0.754 0.747 0.748 0.752 0.761 0.763 0.756 0.76 0.76 0.722 -9999 -9999 -9999 -9999 -9999 -9999 -9999 -9999 -9999 -9999 -9999 -9999 -9999 -9999 -9999 -9999 -9999 -9999 -9999 -9999
0.325 -9999 -9999 -9999 -9999 -9999 -9999 -9999 0.416 0.441 0.471 -9999 -9999 0.522 0.537 0.55 0.565 -9999 0.6 0.619 0.631 0.642 0.649 0.655 0.67 0.682 -9999 -9999 -9999 -9999 -9999 0.711 0.711 0.711 0.722 0.732 0.745 0.757 0.754 0.747 0.754 0.763 0.762 0.76 0.758 0.756 0.761 0.768 0.762 0.755 0.758 0.763 0.765 0.768 0.772 0.777 0.749 -9999 -9999 -9999 -9999 -9999 -9999 -9999 -9999 -9999 -9999 -9999 -9999 -9999 -9999 -9999 -9999 -9999 -9999 -9999 -9999
0.307 -9999 -9999 -9999 -9999 -9999 -9999 -9999 -9999 0.43 0.461 -9999 -9999 -9999 0.538 0.562 0.58 0.594 -9999 -9999 0.628 0.639 0.647 0.657 0.67 -9999 -9999 -9999 -9999 -9999 0.737 0.737 0.739 0.737 0.744 0.745 0.757 0.768 0.761 0.75 0.759 0.774 0.772 0.769 0.767 0.765 0.765 0.759 0.766 0.767 0.783 0.796 0.771 0.758 0.765 0.772 0.763 -9999 -9999 -9999 -9999 -9999 -9999 -9999 -9999 -9999 -9999 -9999 -9999 -9999 -9999 -9999 -9999 -9999 -9999 -9999 -9999
-9999 -9999 -9999 -9999 -9999 -9999 -9999 -9999 -9999 -9999 0.454 -9999 -9999 -9999 -9999 0.565 0.585 0.601 -9999 -9999 -9999 0.64 0.651 -9999 -9999 -9999 -9999 -9999 -9999 -9999 0.74 0.752 0.753 0.752 0.755 0.756 0.768 0.775 0.765 0.754 0.766 0.781 0.778 0.775 0.773 0.77 0.765 0.758 0.765 0.773 0.789 0.809 0.787 0.758 0.764 0.771 0.762 -9999 -9999 -9999 -9999 -9999 -9999 -9999 -9999 -9999 -9999 -9999 -9999 -9999 -9999 -9999 -9999 -9999 -9999 -9999 -9999
-9999 -9999 -9999 -9999 -9999 -9999 -9999 -9999 -9999 -9999 0.442 -9999 -9999 -9999 -9999 -9999 0.578 0.59 -9999 -9999 -9999 -9999 -9999 -9999 -9999 -9999 -9999 -9999 -9999 -9999 0.746 0.77 0.771 0.765 0.769 0.774 0.787 0.802 0.798 0.801 0.8 0.771 0.774 0.787 0.782 0.77 0.768 0.775 0.772 0.775 0.773 0.781 0.782 0.768 0.774 0.781 0.773 0.757 -9999 -9999 -9999 -9999 -9999 -9999 -9999 -9999 -9999 -9999 -9999 -9999 -9999 -9999 -9999 -9999 -9999 -9999 -9999
0.303 0.287 0.287 -9999 -9999 -9999 -9999 -9999 -9999 -9999 0.435 -9999 -9999 -9999 -9999 -9999 -9999 -9999 -9999 -9999 -9999 -9999 -9999 -9999 -9999 -9999 -9999 -9999 -9999 0.738 0.759 0.784 0.782 0.775 0.781 0.784 0.801 0.815 0.818 0.822 0.798 0.77 0.781 0.794 0.784 0.772 0.776 0.783 0.78 0.777 0.775 0.773 0.772 0.772 0.778 0.784 0.778 0.77 0.75 -9999 -9999 -9999 -9999 -9999 -9999 -9999 -9999 -9999 -9999 -9999 -9999 -9999 -9999 -9999 -9999 -9999 -9999
0.304 0.284 0.285 -9999 -9999 -9999 -9999 -9999 -9999 -9999 -9999 -9999 -9999 -9999 -9999 -9999 -9999 -9999 -9999 -9999 -9999 -9999 -9999 -9999 -9999 -9999 -9999 -9999 0.737 0.747 0.77 0.795 0.792 0.786 0.796 0.814 0.822 0.811 0.814 0.823 0.807 0.799 0.804 0.797 0.792 0.794 0.797 0.796 0.794 0.789 0.789 0.787 0.789 0.79 0.786 0.787 0.781 0.773 0.761 -9999 -9999 -9999 -9999 -9999 -9999 -9999 -9999 -9999 -9999 -9999 -9999 -9999 -9999 -9999 -9999 -9999 -9999
0.301 -9999 0.285 0.277 -9999 -9999 -9999 -9999 -9999 -9999 -9999 -9999 -9999 -9999 -9999 -9999 -9999 -9999 -9999 -9999 -9999 -9999 -9999 -9999 -9999 -9999 -9999 -9999 0.749 0.757 0.779 0.802 0.8 0.794 0.81 0.828 0.823 0.811 0.816 0.825 0.819 0.812 0.807 0.8 0.802 0.806 0.804 0.804 0.8 0.795 0.794 0.793 0.795 0.797 0.793 0.789 0.783 0.775 0.764 0.75 0.737 -9999 -9999 -9999 -9999 -9999 -9999 -9999 -9999 -9999 -9999 -9999 -9999 -9999 -9999 -9999 -9999
0.293 -9999 -9999 0.271 -9999 -9999 -9999 -9999 -9999 -9999 -9999 -9999 -9999 -9999 -9999 -9999 -9999 -9999 -9999 -9999 -9999 -9999 -9999 -9999 -9999 -9999 -9999 -9999 0.763 0.773 0.792 0.806 0.803 0.797 0.809 0.818 0.814 0.807 0.807 0.802 0.798 0.802 0.799 0.803 0.805 0.806 0.801 0.789 0.798 0.801 0.815 0.824 0.808 0.8 0.794 0.788 0.785 0.78 0.765 0.749 0.749 0.736 0.726 0.719 -9999 -9999 -9999 -9999 -9999 -9999 -9999 -9999 -9999 -9999 -9999 -9999 -9999
0.289 0.27 -9999 0.274 -9999 -9999 -9999 -9999 -9999 -9999 -9999 -9999 -9999 -9999 -9999 -9999 -9999 -9999 -9999 -9999 -9999 -9999 -9999 -9999 -9999 -9999 -9999 0.744 0.767 0.783 0.797 0.81 0.807 0.801 0.809 0.816 0.815 0.808 0.801 0.796 0.797 0.8 0.803 0.807 0.807 0.808 0.798 0.786 0.794 0.805 0.818 0.834 0.82 0.802 0.796 0.788 0.785 0.782 0.767 0.749 0.75 0.752 0.736 0.724 0.717 0.713 -9999 -9999 -9999 -9999 -9999 -9999 -9999 -9999 -9999 -9999 -9999
0.293 -9999 0.298 -9999 -9999 -9999 -9999 -9999 -9999 -9999 -9999 -9999 -9999 -9999 -9999 -9999 -9999 -9999 -9999 -9999 -9999 -9999 -9999 -9999 -9999 -9999 -9999 -9999 0.763 0.78 0.792 0.801 0.801 0.804 0.809 0.81 0.814 0.826 0.824 0.828 0.827 0.82 0.822 0.819 0.818 0.815 0.809 0.809 0.803 0.805 0.806 0.813 0.814 0.805 0.804 0.8 0.791 0.785 0.766 0.747 0.749 0.752 0.738 0.723 0.721 0.717 0.712 -9999 -9999 -9999 -9999 -9999 -9999 -9999 -9999 -9999 -9999
0.306 0.312 0.312 -9999 -9999 -9999 -9999 -9999 -9999 -9999 -9999 -9999 -9999 -9999 -9999 -9999 -9999 -9999 -9999 -9999 -9999 -9999 -9999 -9999 -9999 -9999 -9999 -9999 -9999 0.778 0.79 0.801 0.805 0.808 0.81 0.81 0.824 0.836 0.838 0.843 0.837 0.831 0.829 0.826 0.823 0.819 0.82 0.82 0.814 0.807 0.807 0.808 0.807 0.807 0.806 0.805 0.797 0.788 0.77 0.75 0.752 0.757 0.743 0.727 0.725 0.725 0.718 0.711 -9999 -9999 -9999 -9999 -9999 -9999 -9999 -9999 -9999
0.3 0.31 -9999 -9999 -9999 -9999 -9999 -9999 -9999 -9999 -9999 -9999 -9999 -9999 -9999 -9999 -9999 -9999 -9999 -9999 -9999 -9999 -9999 -9999 -9999 -9999 -9999 -9999 -9999 0.779 0.795 0.808 0.817 0.827 0.823 0.806 0.819 0.826 0.826 0.829 0.83 0.845 0.84 0.827 0.824 0.822 0.821 0.82 0.813 0.804 0.804 0.804 0.811 0.816 0.816 0.816 0.792 0.773 0.772 0.762 0.764 0.768 0.75 0.733 0.736 0.74 0.751 0.733 0.711 -9999 -9999 -9999 -9999 -9999 -9999 -9999 -9999
0.303 0.313 -9999 -9999 -9999 -9999 -9999 -9999 -9999 -9999 -9999 -9999 -9999 -9999 -9999 -9999 -9999 -9999 -9999 -9999 -9999 -9999 -9999 -9999 -9999 -9999 -9999 -9999 -9999 -9999 0.795 0.81 0.823 0.836 0.824 0.809 0.819 0.825 0.825 0.827 0.838 0.853 0.843 0.83 0.828 0.825 0.823 0.822 0.814 0.805 0.805 0.805 0.812 0.822 0.822 0.822 0.799 0.771 0.77 0.77 0.772 0.776 0.76 0.74 0.744 0.751 0.762 0.778 0.733 -9999 -9999 -9999 -9999 -9999 -9999 -9999 -9999
-9999 -9999 -9999 -9999 -9999 -9999 -9999 -9999 -9999 -9999 -9999 -9999 -9999 -9999 -9999 -9999 -9999 -9999 -9999 -9999 -9999 -9999 -9999 -9999 -9999 -9999 -9999 -9999 -9999 -9999 0.792 0.806 0.814 0.81 0.809 0.821 0.834 0.847 0.845 0.839 0.848 0.857 0.848 0.839 0.837 0.836 0.833 0.827 0.824 0.818 0.81 0.806 0.816 0.827 0.83 0.832 0.829 0.815 0.793 0.782 0.788 0.795 0.787 0.774 0.767 0.768 0.761 0.766 0.756 0.724 -9999 -9999 -9999 -9999 -9999 -9999 -9999
-9999 -9999 -9999 -9999 -9999 -9999 -9999 -9999 -9999 -9999 -9999 -9999 -9999 -9999 -9999 -9999 -9999 -9999 -9999 -9999 -9999 -9999 -9999 -9999 -9999 -9999 -9999 -9999 -9999 -9999 -9999 0.803 0.803 0.8 0.814 0.828 0.846 0.86 0.853 0.847 0.853 0.86 0.853 0.845 0.844 0.843 0.838 0.831 0.828 0.826 0.819 0.811 0.82 0.831 0.834 0.838 0.836 0.833 0.814 0.79 0.796 0.805 0.798 0.791 0.785 0.779 0.773 0.767 0.757 0.745 -9999 -9999 -9999 -9999 -9999 -9999 -9999
-9999 -9999 -9999 -9999 -9999 -9999 -9999 -9999 -9999 -9999 -9999 -9999 -9999 -9999 -9999 -9999 -9999 -9999 -9999 -9999 -9999 -9999 -9999 -9999 -9999 -9999 -9999 -9999 -9999 -9999 -9999 0.803 -9999 0.819 0.832 0.839 0.86 -9999 0.869 0.856 0.859 0.863 0.856 0.852 0.854 0.863 0.858 0.85 0.84 0.833 0.828 0.821 0.828 0.838 0.831 0.829 0.834 0.836 0.821 0.801 0.799 0.803 0.802 0.797 0.787 0.778 0.768 0.76 0.762 0.757 0.744 -9999 -9999 -9999 -9999 -9999 -9999
-9999 -9999 -9999 -9999 -9999 -9999 -9999 -9999 -9999 -9999 -9999 -9999 -9999 -9999 -9999 -9999 -9999 -9999 -9999 -9999 -9999 -9999 -9999 -9999 -9999 -9999 -9999 -9999 -9999 -9999 -9999 -9999 0.813 0.826 -9999 -9999 -9999 -9999 0.876 0.863 0.864 0.866 0.862 0.858 0.865 0.874 0.867 0.86 0.851 0.839 0.834 0.829 0.835 0.844 0.838 0.83 0.835 0.842 0.828 0.81 0.809 0.809 0.807 0.805 0.795 0.783 0.774 0.763 0.764 0.767 0.754 0.739 0.714 -9999 -9999 -9999 -9999
-9999 -9999 -9999 -9999 -9999 -9999 -9999 -9999 -9999 -9999 -9999 -9999 -9999 -9999 -9999 -9999 -9999 -9999 -9999 -9999 -9999 -9999 -9999 -9999 -9999 -9999 -9999 -9999 -9999 -9999 -9999 -9999 0.814 0.825 -9999 -9999 -9999 -9999 0.882 0.887 0.883 0.87 0.868 0.872 0.879 0.886 0.882 0.882 0.856 0.834 0.841 0.842 0.844 0.85 0.856 0.856 0.853 0.856 0.843 0.827 0.825 0.825 0.826 0.826 0.814 0.802 0.794 0.785 0.78 0.78 0.766 0.751 0.737 -9999 -9999 -9999 -9999
-9999 -9999 -9999 -9999 -9999 -9999 -9999 -9999 -9999 -9999 -9999 -9999 -9999 -9999 -9999 -9999 -9999 -9999 -9999 -9999 -9999 -9999 -9999 -9999 -9999 -9999 -9999 -9999 -9999 -9999 -9999 -9999 0.816 -9999 -9999 -9999 -9999 0.895 0.901 0.901 0.89 0.877 0.879 0.882 0.887 0.894 0.894 0.895 0.869 0.837 0.844 0.852 0.854 0.856 0.862 0.869 0.868 0.866 0.853 0.838 0.837 0.836 0.838 0.84 0.829 0.815 0.809 0.801 0.797 0.792 0.778 0.766 -9999 -9999 -9999 -9999 -9999
-9999 -9999 -9999 -9999 -9999 -9999 -9999 -9999 -9999 -9999 -9999 -9999 -9999 -9999 -9999 -9999 -9999 -9999 -9999 -9999 -9999 -9999 -9999 -9999 -9999 -9999 -9999 -9999 -9999 -9999 -9999 -9999 -9999 -9999 -9999 -9999 -9999 0.901 0.91 0.915 0.903 0.882 0.878 0.865 0.872 0.89 0.892 0.896 0.873 0.846 0.853 0.861 0.86 0.862 0.867 0.875 0.872 0.869 0.869 0.861 0.855 0.852 0.853 0.856 0.846 0.835 0.821 0.81 0.811 0.81 0.802 0.787 -9999 -9999 -9999 -9999 -9999
-9999 -9999 -9999 -9999 -9999 -9999 -9999 -9999 -9999 -9999 -9999 -9999 -9999 -9999 -9999 -9999 -9999 -9999 -9999 -9999 -9999 -9999 -9999 -9999 -9999 -9999 -9999 -9999 -9999 -9999 -9999 -9999 -9999 -9999 -9999 -9999 -9999 0.903 0.914 0.922 0.906 0.886 0.875 0.862 0.876 0.893 0.897 0.901 0.88 0.855 0.862 0.87 0.869 0.869 0.874 0.881 0.878 0.874 0.874 0.874 0.869 0.862 0.864 0.866 0.858 0.847 0.835 0.82 0.821 0.823 0.816 0.8 -9999 -9999 -9999 -9999 -9999
-9999 -9999 -9999 -9999 -9999 -9999 -9999 -9999 -9999 -9999 -9999 -9999 -9999 -9999 -9999 -9999 -9999 -9999 -9999 -9999 -9999 -9999 -9999 -9999 -9999 -9999 -9999 -9999 -9999 -9999 -9999 -9999 -9999 -9999 -9999 -9999 0.879 0.894 0.901 0.893 0.885 0.892 0.883 0.88 0.892 0.902 0.898 0.882 0.887 0.877 0.877 0.882 0.883 0.883 0.893 0.903 0.876 0.859 0.878 0.89 0.874 0.861 0.858 0.857 0.859 0.854 0.856 0.851 0.85 0.852 0.841 0.82 0.792 -9999 -9999 -9999 -9999
-9999 -9999 -9999 -9999 -9999 -9999 -9999 -9999 -9999 -9999 -9999 -9999 -9999 -9999 -9999 -9999 -9999 -9999 -9999 -9999 -9999 -9999 -9999 -9999 -9999 -9999 -9999 -9999 -9999 -9999 -9999 -9999 -9999 -9999 -9999 -9999 0.866 0.889 0.888 0.881 0.89 0.897 0.894 0.892 0.899 0.908 0.895 0.879 0.884 0.889 0.89 0.891 0.892 0.893 0.903 0.915 0.89 0.858 0.876 0.9 0.885 0.865 0.862 0.859 0.86 0.862 0.864 0.868 0.868 0.868 0.858 0.846 0.813 -9999 -9999 -9999 -9999
-9999 -9999 -9999 -9999 -9999 -9999 -9999 -9999 -9999 -9999 -9999 -9999 -9999 -9999 -9999 -9999 -9999 -9999 -9999 -9999 -9999 -9999 -9999 -9999 -9999 -9999 -9999 -9999 -9999 -9999 -9999 -9999 -9999 -9999 -9999 0.839 0.856 0.873 0.878 0.894 0.9 0.89 0.891 0.898 0.906 0.919 0.91 0.906 0.899 0.897 0.901 0.903 0.901 0.901 0.9 0.906 0.909 0.895 0.887 0.895 0.888 0.874 0.868 0.862 0.87 0.877 0.879 0.883 0.871 0.863 0.863 0.857 0.846 0.813 -9999 -9999 -9999
-9999 -9999 -9999 -9999 -9999 -9999 -9999 -9999 -9999 -9999 -9999 -9999 -9999 -9999 -9999 -9999 -9999 -9999 -9999 -9999 -9999 -9999 -9999 -9999 -9999 -9999 -9999 -9999 -9999 -9999 -9999 -9999 -9999 -9999 -9999 0.836 0.85 0.866 0.882 0.9 0.897 0.891 0.897 0.904 0.914 0.926 0.923 0.921 0.913 0.904 0.907 0.911 0.91 0.907 0.907 0.907 0.909 0.913 0.906 0.898 0.891 0.882 0.876 0.869 0.877 0.887 0.89 0.893 0.882 0.868 0.868 0.868 0.858 0.845 -9999 -9999 -9999
-9999 -9999 -9999 -9999 -9999 -9999 -9999 -9999 -9999 -9999 -9999 -9999 -9999 -9999 -9999 -9999 -9999 -9999 -9999 -9999 -9999 -9999 -9999 -9999 -9999 -9999 -9999 -9999 -9999 -9999 -9999 -9999 -9999 -9999 -9999 0.856 0.871 0.886 0.896 0.894 0.898 0.906 0.916 0.926 0.934 0.939 0.933 0.918 0.919 0.916 0.918 0.922 0.929 0.933 0.932 0.932 0.925 0.923 0.919 0.914 0.911 0.906 0.905 0.902 0.9 0.906 0.897 0.894 0.898 0.894 0.884 0.877 0.875 0.869 0.862 -9999 -9999
-9999 -9999 -9999 -9999 -9999 -9999 -9999 -9999 -9999 -9999 -9999 -9999 -9999 -9999 -9999 -9999 -9999 -9999 -9999 -9999 -9999 -9999 -9999 -9999 -9999 -9999 -9999 -9999 -9999 -9999 -9999 -9999 -9999 -9999 -9999 -9999 0.88 0.893 0.894 0.892 0.902 0.913 0.927 0.938 0.942 0.947 0.935 0.92 0.921 0.923 0.925 0.928 0.935 0.944 0.944 0.944 0.938 0.93 0.927 0.923 0.921 0.918 0.918 0.918 0.918 0.917 0.909 0.9 0.904 -9999 0.9 -9999 0.892 0.886 0.882 0.874 -9999
-9999 -9999 -9999 -9999 -9999 -9999 -9999 -9999 -9999 -9999 -9999 -9999 -9999 -9999 -9999 -9999 -9999 -9999 -9999 -9999 -9999 -9999 -9999 -9999 -9999 -9999 -9999 -9999 -9999 -9999 -9999 -9999 -9999 -9999 -9999 0.877 0.888 0.905 0.906 0.904 0.911 0.91 0.925 0.941 0.945 0.949 0.94 0.935 0.937 0.938 0.945 0.952 0.964 0.977 0.962 0.953 0.946 0.937 0.94 0.94 0.936 0.933 0.933 0.933 0.924 0.919 0.925 0.924 0.922 0.923 0.928 0.926 -9999 0.901 0.893 0.897 0.875
-9999 -9999 -9999 -9999 -9999 -9999 -9999 -9999 -9999 -9999 -9999 -9999 -9999 -9999 -9999 -9999 -9999 -9999 -9999 -9999 -9999 -9999 -9999 -9999 -9999 -9999 -9999 -9999 -9999 -9999 -9999 -9999 -9999 -9999 -9999 0.885 0.899 0.91 0.91 0.908 0.909 0.908 0.926 0.943 0.949 0.952 0.948 0.944 0.945 0.946 0.953 0.963 0.975 0.99 0.977 0.959 0.953 0.943 0.946 0.949 0.946 0.943 0.943 0.942 0.934 0.924 0.93 0.938 0.936 0.934 0.94 0.947 0.935 -9999 -9999 -9999 -9999
-9999 -9999 -9999 -9999 -9999 -9999 -9999 -9999 -9999 -9999 -9999 -9999 -9999 -9999 -9999 -9999 -9999 -9999 -9999 -9999 -9999 -9999 -9999 -9999 -9999 -9999 -9999 -9999 -9999 -9999 -9999 -9999 -9999 -9999 0.876 0.879 0.898 0.93 0.93 0.925 0.928 0.933 0.949 0.959 0.968 0.976 0.974 0.973 0.961 0.955 0.962 0.971 0.969 0.975 0.975 0.965 0.964 0.959 0.951 0.949 0.946 0.942 0.949 0.953 0.954 0.95 0.951 0.955 0.95 0.946 0.945 0.948 0.945 0.934 0.935 -9999 -9999
-9999 -9999 -9999 -9999 -9999 -9999 -9999 -9999 -9999 -9999 -9999 -9999 -9999 -9999 -9999 -9999 -9999 -9999 -9999 -9999 -9999 -9999 -9999 -9999 -9999 -9999 -9999 -9999 -9999 -9999 -9999 -9999 -9999 -9999 0.867 0.874 0.903 0.935 0.934 0.931 0.938 0.942 0.953 0.963 0.976 0.986 0.987 0.986 0.974 0.96 0.968 0.977 0.975 0.972 0.971 0.97 0.968 0.967 0.96 0.952 0.949 0.946 0.952 0.961 0.962 0.964 0.966 0.968 0.964 0.958 0.957 0.957 0.954 0.95 0.952 0.95 -9999
-9999 -9999 -9999 -9999 -9999 -9999 -9999 -9999 -9999 -9999 -9999 -9999 -9999 -9999 -9999 -9999 -9999 -9999 -9999 -9999 -9999 -9999 -9999 -9999 -9999 -9999 -9999 -9999 -9999 -9999 -9999 -9999 -9999 -9999 -9999 0.886 0.909 0.924 0.923 0.92 0.931 0.949 0.961 0.976 0.991 1.006 1.008 1.005 0.995 0.979 0.979 0.984 0.982 0.98 0.981 0.98 0.986 0.989 0.977 0.966 0.963 0.959 0.97 0.981 0.971 0.966 0.978 0.985 0.978 0.971 0.97 0.969 0.974 0.976 0.983 0.987 0.977
