Validation/Results/raw data/ReClimate_04_2024_1_Precipitation-Actuals.asc
NCOLS 192
NROWS 249
XLLCENTER -225160.85627316462
YLLCENTER 29788.11610251502
CELLSIZE 5000.0
NODATA_VALUE -9999
[rows 66 to 98 of 249, columns 75 to 149 of 192]
-9999 -9999 -9999 -9999 -9999 -9999 -9999 -9999 -9999 -9999 79.688 -9999 82.556 101.113 126.201 126.531 132.279 111.152 105.283 86.962 84.016 72.173 74.226 77.313 72.223 74.88 77.921 78.606 81.647 71.829 66.475 -9999 -9999 -9999 -9999 -9999 -9999 -9999 -9999 -9999 -9999 -9999 -9999 -9999 -9999 -9999 -9999 -9999 -9999 -9999 -9999 -9999 -9999 -9999 -9999 -9999 -9999 -9999 -9999 -9999 -9999 -9999 -9999 -9999 -9999 -9999 -9999 -9999 -9999 -9999 -9999 -9999 -9999 -9999 -9999
-9999 -9999 -9999 -9999 -9999 -9999 -9999 -9999 -9999 -9999 -9999 86.511 101.394 102.934 116.595 117.468 110.79 107.211 104.692 92.326 82.437 75.842 70.239 68.306 64.971 70.562 74.76 78.501 70.494 -9999 -9999 -9999 -9999 -9999 -9999 -9999 -9999 -9999 -9999 -9999 -9999 -9999 -9999 -9999 -9999 -9999 -9999 -9999 -9999 -9999 -9999 -9999 -9999 -9999 -9999 -9999 -9999 -9999 -9999 -9999 -9999 -9999 -9999 -9999 -9999 -9999 -9999 -9999 -9999 -9999 -9999 -9999 -9999 -9999 -9999
-9999 -9999 -9999 -9999 -9999 -9999 -9999 -9999 -9999 -9999 -9999 108.073 114.435 108.636 100.631 108.001 111.795 99.534 89.163 81.872 72.416 69.721 66.854 69.215 68.93 65.063 69.666 65.888 57.691 -9999 -9999 -9999 -9999 -9999 -9999 -9999 -9999 -9999 -9999 -9999 -9999 -9999 -9999 -9999 -9999 -9999 -9999 -9999 -9999 -9999 -9999 -9999 -9999 -9999 -9999 -9999 -9999 -9999 -9999 -9999 -9999 -9999 -9999 -9999 -9999 -9999 -9999 -9999 -9999 -9999 -9999 -9999 -9999 -9999 -9999
-9999 -9999 -9999 -9999 -9999 -9999 -9999 -9999 -9999 -9999 -9999 -9999 -9999 95.913 102.584 110.078 103.457 97.694 88.743 85.563 76.528 65.269 64.505 72.838 68.146 61.993 51.295 -9999 -9999 -9999 -9999 -9999 -9999 -9999 -9999 -9999 -9999 -9999 -9999 -9999 -9999 -9999 -9999 -9999 -9999 -9999 -9999 -9999 -9999 -9999 -9999 -9999 -9999 -9999 -9999 -9999 -9999 -9999 -9999 -9999 -9999 -9999 -9999 -9999 -9999 -9999 -9999 -9999 -9999 -9999 -9999 -9999 -9999 -9999 -9999
-9999 -9999 -9999 -9999 -9999 -9999 -9999 85.727 -9999 -9999 114.684 120.536 102.502 96.788 115.769 107.728 107.984 106.395 102.963 95.826 87.198 64.472 66.709 68.513 72.444 61.845 58.626 -9999 -9999 -9999 -9999 -9999 -9999 -9999 -9999 -9999 -9999 -9999 -9999 -9999 -9999 -9999 -9999 -9999 -9999 -9999 -9999 -9999 -9999 -9999 -9999 -9999 -9999 -9999 -9999 -9999 -9999 -9999 -9999 -9999 -9999 -9999 -9999 -9999 -9999 -9999 -9999 -9999 -9999 -9999 -9999 -9999 -9999 -9999 -9999
-9999 -9999 -9999 -9999 -9999 85.063 86.527 89.843 88.826 105.806 122.56 130.329 120.929 119.455 96.168 111.891 118.079 112.62 105.888 99.44 96.329 89.02 67.028 67.046 62.439 57.737 53.634 -9999 -9999 -9999 -9999 -9999 -9999 -9999 -9999 -9999 -9999 -9999 -9999 -9999 -9999 -9999 -9999 -9999 -9999 -9999 -9999 -9999 -9999 -9999 -9999 -9999 -9999 -9999 -9999 -9999 -9999 -9999 -9999 -9999 -9999 -9999 -9999 -9999 -9999 -9999 -9999 -9999 -9999 -9999 -9999 -9999 -9999 -9999 -9999
-9999 -9999 -9999 -9999 -9999 88.497 94.649 -9999 103.749 119.837 131.888 127.052 140.944 105.624 113.338 123.476 127.357 127.33 109.987 108.019 107.522 85.513 78.409 77.424 63.771 58.065 -9999 48.778 -9999 -9999 -9999 -9999 -9999 -9999 -9999 -9999 -9999 -9999 -9999 -9999 -9999 -9999 -9999 -9999 -9999 -9999 -9999 -9999 -9999 -9999 -9999 -9999 -9999 -9999 -9999 -9999 -9999 -9999 -9999 -9999 -9999 -9999 -9999 -9999 -9999 -9999 -9999 -9999 -9999 -9999 -9999 -9999 -9999 -9999 -9999
-9999 -9999 -9999 -9999 -9999 -9999 106.479 111.781 115.494 132.155 127.636 146.645 125.171 118.441 115.777 111.483 115.428 117.008 101.55 100.59 96.419 77.898 78.011 71.839 62.758 58.086 50.211 47.283 -9999 -9999 -9999 -9999 -9999 -9999 -9999 -9999 -9999 -9999 -9999 -9999 -9999 -9999 -9999 -9999 -9999 -9999 -9999 -9999 -9999 -9999 -9999 -9999 -9999 -9999 -9999 -9999 -9999 -9999 -9999 -9999 -9999 -9999 -9999 -9999 -9999 -9999 -9999 -9999 -9999 -9999 -9999 -9999 -9999 -9999 -9999
-9999 -9999 -9999 -9999 -9999 -9999 -9999 111.545 120.206 126.027 155.775 144.622 139.073 129.274 132.055 132.252 113.068 94.65 89.083 99.783 89.17 79.159 77.849 65.743 57.181 47.138 48.752 52.244 -9999 -9999 -9999 -9999 -9999 -9999 -9999 -9999 -9999 -9999 -9999 -9999 -9999 -9999 -9999 -9999 -9999 -9999 -9999 -9999 -9999 -9999 -9999 -9999 -9999 -9999 -9999 -9999 -9999 -9999 -9999 -9999 -9999 -9999 -9999 -9999 -9999 -9999 -9999 -9999 -9999 -9999 -9999 -9999 -9999 -9999 -9999
-9999 -9999 -9999 -9999 -9999 111.987 116.926 129.776 132.425 133.846 127.269 147.539 140.41 135.636 134.698 116.605 105.322 97.067 83.552 89.683 101.133 81.982 64.643 53.526 48.108 -9999 51.692 -9999 -9999 -9999 -9999 -9999 -9999 50.359 47.788 48.844 -9999 -9999 -9999 -9999 -9999 -9999 -9999 -9999 -9999 -9999 -9999 -9999 -9999 -9999 -9999 -9999 -9999 -9999 -9999 -9999 -9999 -9999 -9999 -9999 -9999 -9999 -9999 -9999 -9999 -9999 -9999 -9999 -9999 -9999 -9999 -9999 -9999 -9999 -9999
96.984 -9999 -9999 -9999 -9999 -9999 127.815 139.201 143.938 133.592 142.94 129.207 130.338 127.944 125.663 104.774 94.34 76.58 83.237 99.375 85.544 69.16 57.966 56.027 54.401 52.293 -9999 -9999 -9999 -9999 50.427 47.871 47.648 49.463 48.654 48.683 51.831 52.475 52.36 54.957 56.677 57.504 59.99 54.245 50.708 55.008 56.916 55.51 53.564 51.584 49.973 49.258 -9999 -9999 -9999 -9999 -9999 -9999 -9999 -9999 -9999 -9999 -9999 -9999 -9999 -9999 -9999 -9999 -9999 -9999 -9999 -9999 -9999 -9999 -9999
133.302 -9999 -9999 -9999 117.522 -9999 125.564 128.16 144.065 170.11 148.274 131.352 119.5 124.998 109.326 105.595 95.349 93.555 81.502 72.099 70.012 62.201 58.37 62.043 56.411 -9999 -9999 -9999 -9999 52.295 52.932 48.868 53.259 57.396 51.3 52.137 58.207 60.524 61.317 61.093 61.959 62.794 58.164 52.257 52.703 54.184 56.105 56.409 54.542 55.063 54.949 50.33 -9999 -9999 -9999 -9999 -9999 -9999 -9999 -9999 -9999 -9999 -9999 -9999 -9999 -9999 -9999 -9999 -9999 -9999 -9999 -9999 -9999 -9999 -9999
135.225 -9999 -9999 -9999 122.783 125.516 123.048 145.546 177.909 169.185 163.517 128.444 131.89 122.15 111.716 101.695 96.895 99.949 85.992 81.677 65.52 57.979 63.645 58.703 -9999 -9999 51.925 51.234 51.868 54.801 55.587 56.611 60.001 60.277 63.176 64.048 63.54 60.807 60.095 59.157 60.032 59.393 59.102 53.071 53.528 54.426 56.874 55.674 55.513 56.869 57.661 52.923 49.912 -9999 -9999 -9999 -9999 -9999 -9999 -9999 -9999 -9999 -9999 -9999 -9999 -9999 -9999 -9999 -9999 -9999 -9999 -9999 -9999 -9999 -9999
123.721 -9999 116.813 -9999 116.629 121.921 153.401 178.358 165.901 183.608 161.793 145.29 138.357 132.267 129.994 111.489 105.707 97.799 99.302 88.614 69.0 54.813 54.011 52.815 -9999 59.151 59.944 57.052 57.196 57.968 59.175 64.765 66.37 70.683 71.678 66.717 62.313 65.289 65.505 63.832 60.708 57.337 55.693 56.853 55.059 55.263 57.314 57.047 55.973 56.641 58.001 53.814 48.929 -9999 -9999 -9999 -9999 -9999 -9999 -9999 -9999 -9999 -9999 -9999 -9999 -9999 -9999 -9999 -9999 -9999 -9999 -9999 -9999 -9999 -9999
-9999 116.606 -9999 -9999 -9999 158.956 209.93 173.266 165.897 131.854 140.793 138.608 133.289 134.846 123.066 125.359 115.465 105.936 92.153 76.178 60.767 59.239 65.224 57.996 59.807 67.171 69.763 70.552 65.217 60.073 67.52 69.118 74.033 72.497 63.708 61.618 61.86 63.147 67.434 64.08 60.091 58.264 56.336 55.838 55.545 52.741 59.04 63.594 67.477 57.748 57.994 54.664 49.799 -9999 -9999 -9999 -9999 -9999 -9999 -9999 -9999 -9999 -9999 -9999 -9999 -9999 -9999 -9999 -9999 -9999 -9999 -9999 -9999 -9999 -9999
122.634 -9999 -9999 -9999 -9999 168.223 160.027 147.281 -9999 144.936 150.95 145.814 129.1 118.255 113.732 104.703 97.387 95.929 86.604 79.61 73.63 76.402 74.372 61.796 70.999 68.141 73.928 81.017 73.359 65.095 64.034 71.017 74.821 64.401 61.641 69.822 65.891 71.33 70.381 64.972 65.526 59.778 60.277 60.844 54.652 56.47 58.381 64.092 57.017 57.238 56.269 50.829 48.234 -9999 -9999 -9999 -9999 -9999 -9999 -9999 -9999 -9999 -9999 -9999 -9999 -9999 -9999 -9999 -9999 -9999 -9999 -9999 -9999 -9999 -9999
154.538 -9999 -9999 -9999 132.744 -9999 -9999 122.3 128.96 146.733 164.291 157.723 140.725 135.38 117.798 106.912 94.574 82.505 77.148 78.169 76.251 77.672 57.925 71.484 82.041 78.954 73.441 76.085 77.129 66.679 65.447 66.756 63.702 62.122 70.52 71.014 72.159 72.352 69.182 74.543 66.739 63.036 66.465 60.029 56.601 57.181 59.619 55.315 53.754 54.452 53.058 48.472 -9999 -9999 -9999 -9999 -9999 -9999 -9999 -9999 -9999 -9999 -9999 -9999 -9999 -9999 -9999 -9999 -9999 -9999 -9999 -9999 -9999 -9999 -9999
183.476 156.317 131.152 -9999 -9999 -9999 140.58 116.389 -9999 145.533 142.436 142.278 147.181 139.729 135.923 112.29 84.893 82.686 81.941 82.746 75.781 62.397 66.66 71.795 72.695 73.459 70.385 75.019 70.825 60.987 60.065 57.76 60.511 72.408 68.363 72.539 83.207 76.169 75.291 75.426 63.556 63.642 60.704 57.759 55.163 56.119 52.716 52.751 53.572 52.301 48.011 -9999 -9999 -9999 -9999 -9999 -9999 -9999 -9999 -9999 -9999 -9999 -9999 -9999 -9999 -9999 -9999 -9999 -9999 -9999 -9999 -9999 -9999 -9999 -9999
187.556 160.679 136.788 -9999 133.577 144.336 142.678 141.318 158.104 148.984 144.77 157.397 162.386 141.253 113.524 107.259 103.327 97.076 93.386 86.202 72.023 65.119 70.952 81.146 83.18 72.227 71.266 69.786 55.718 54.375 57.411 61.022 67.617 59.691 61.223 69.748 77.555 80.779 82.192 78.932 65.997 68.002 63.837 65.18 68.052 55.34 51.046 55.377 56.713 50.601 46.344 -9999 -9999 -9999 -9999 -9999 -9999 -9999 -9999 -9999 -9999 -9999 -9999 -9999 -9999 -9999 -9999 -9999 -9999 -9999 -9999 -9999 -9999 -9999 -9999
168.462 148.878 131.646 132.377 133.783 153.153 -9999 141.398 160.432 178.679 187.648 170.662 156.473 131.38 136.868 121.859 108.861 93.523 86.466 78.766 67.969 69.345 85.147 92.518 81.043 77.516 79.208 65.174 64.152 54.216 54.505 60.084 60.873 62.587 64.223 72.589 82.787 78.713 75.134 69.906 63.905 60.583 57.543 61.531 56.498 51.945 51.48 53.962 53.418 50.399 -9999 -9999 -9999 -9999 -9999 -9999 -9999 -9999 -9999 -9999 -9999 -9999 -9999 -9999 -9999 -9999 -9999 -9999 -9999 -9999 -9999 -9999 -9999 -9999 -9999
-9999 -9999 -9999 128.571 148.075 -9999 141.532 161.338 192.942 204.11 178.724 174.39 161.541 159.034 137.349 104.846 92.512 96.162 96.104 75.116 74.353 85.803 98.35 97.559 93.52 93.637 77.402 78.865 65.902 60.145 72.162 66.722 73.947 71.393 73.274 77.843 73.981 64.934 65.505 64.194 65.602 63.504 58.889 58.744 55.872 53.207 52.851 53.499 52.986 49.13 -9999 -9999 -9999 -9999 -9999 -9999 -9999 -9999 -9999 -9999 -9999 -9999 -9999 -9999 -9999 -9999 -9999 -9999 -9999 -9999 -9999 -9999 -9999 -9999 -9999
-9999 -9999 120.623 137.056 -9999 132.609 148.717 -9999 177.766 166.024 181.293 177.031 181.367 156.459 126.472 122.443 116.594 99.596 82.374 92.225 91.475 99.555 111.718 109.715 104.443 90.776 76.642 63.899 55.894 67.052 73.719 83.382 84.688 76.612 69.746 71.334 66.296 67.329 64.102 63.115 64.195 60.425 60.628 61.441 59.496 57.051 53.2 55.681 54.425 48.345 -9999 -9999 -9999 -9999 -9999 -9999 -9999 -9999 -9999 -9999 -9999 -9999 -9999 -9999 -9999 -9999 -9999 -9999 -9999 -9999 -9999 -9999 -9999 -9999 -9999
-9999 -9999 115.121 -9999 -9999 139.811 154.268 170.608 161.844 181.315 175.427 155.708 154.51 135.412 117.175 102.894 98.036 115.606 123.088 115.611 112.531 117.143 117.213 111.221 93.29 66.904 55.941 60.131 78.145 91.342 108.31 107.132 93.576 84.554 82.231 71.877 67.904 64.75 62.13 55.69 56.329 57.212 57.755 63.42 71.04 60.212 54.331 53.852 52.04 48.058 -9999 -9999 -9999 -9999 -9999 -9999 -9999 -9999 -9999 -9999 -9999 -9999 -9999 -9999 -9999 -9999 -9999 -9999 -9999 -9999 -9999 -9999 -9999 -9999 -9999
-9999 -9999 -9999 -9999 -9999 -9999 171.013 172.241 163.821 186.507 176.677 155.149 152.929 141.6 125.083 122.014 135.577 136.001 129.875 124.691 106.376 97.529 97.91 95.805 73.539 55.66 58.117 70.744 89.397 110.257 102.485 101.051 93.726 89.696 80.515 72.019 67.778 63.657 54.619 51.834 53.981 53.35 56.038 63.832 58.581 54.193 53.417 55.34 53.603 -9999 -9999 -9999 -9999 -9999 -9999 -9999 -9999 -9999 -9999 -9999 -9999 -9999 -9999 -9999 -9999 -9999 -9999 -9999 -9999 -9999 -9999 -9999 -9999 -9999 -9999
-9999 -9999 -9999 -9999 116.724 137.121 -9999 175.192 179.195 205.07 174.856 149.608 141.464 138.996 150.711 153.108 140.164 120.213 119.418 110.342 100.611 82.456 78.067 72.624 62.339 70.716 74.274 83.269 98.822 96.963 94.887 78.133 79.46 73.52 62.123 62.295 64.73 66.681 65.708 63.272 66.16 74.087 65.595 56.448 59.102 62.725 64.114 59.407 52.39 -9999 -9999 -9999 -9999 -9999 -9999 -9999 -9999 -9999 -9999 -9999 -9999 -9999 -9999 -9999 -9999 -9999 -9999 -9999 -9999 -9999 -9999 -9999 -9999 -9999 -9999
-9999 -9999 -9999 114.585 114.708 150.951 166.25 189.79 206.121 200.978 183.824 151.587 131.402 134.983 129.61 129.514 137.423 132.037 136.048 130.18 83.674 80.905 76.774 74.397 76.176 86.611 87.553 91.873 88.939 89.525 78.949 75.835 74.882 79.325 79.726 83.612 82.034 79.38 85.361 91.632 91.958 85.34 74.535 74.266 73.32 70.385 64.601 56.748 -9999 -9999 -9999 -9999 -9999 -9999 -9999 -9999 -9999 -9999 -9999 -9999 -9999 -9999 -9999 -9999 -9999 -9999 -9999 -9999 -9999 -9999 -9999 -9999 -9999 -9999 -9999
-9999 -9999 -9999 112.57 -9999 145.212 160.791 175.884 196.018 191.615 148.377 139.39 145.902 118.317 109.787 113.89 118.255 126.524 119.995 90.559 94.112 103.549 93.695 85.755 105.117 98.311 98.219 98.989 100.414 96.014 90.237 85.17 89.809 90.87 97.069 100.409 85.39 93.318 95.638 81.733 84.078 86.122 78.702 76.563 74.962 63.945 61.114 56.498 -9999 -9999 -9999 -9999 -9999 -9999 -9999 -9999 -9999 -9999 -9999 -9999 -9999 -9999 -9999 -9999 -9999 -9999 -9999 -9999 -9999 -9999 -9999 -9999 -9999 -9999 -9999
-9999 -9999 -9999 -9999 -9999 161.781 177.027 165.785 174.483 150.414 125.617 128.833 113.938 106.688 107.23 112.545 125.429 108.24 109.748 107.901 120.225 107.067 90.344 102.802 110.953 100.967 101.582 95.152 104.637 98.902 93.077 105.364 102.565 102.984 114.361 110.811 113.7 110.679 98.284 88.604 82.52 73.493 73.251 76.401 66.185 58.797 56.117 53.55 -9999 -9999 -9999 -9999 -9999 -9999 -9999 -9999 -9999 -9999 -9999 -9999 -9999 -9999 -9999 -9999 -9999 -9999 -9999 -9999 -9999 -9999 -9999 -9999 -9999 -9999 -9999
-9999 -9999 -9999 122.864 135.14 157.612 157.456 156.608 171.88 144.967 149.537 146.717 -9999 138.941 172.28 162.29 145.276 135.924 138.156 133.389 128.392 120.018 113.664 108.948 100.335 93.716 80.424 84.016 96.545 93.823 103.733 95.198 95.338 94.128 103.297 111.807 105.421 92.042 94.744 88.951 77.652 79.432 69.593 63.271 58.616 55.966 56.245 50.87 -9999 -9999 -9999 -9999 -9999 -9999 -9999 -9999 -9999 -9999 -9999 -9999 -9999 -9999 -9999 -9999 -9999 -9999 -9999 -9999 -9999 -9999 -9999 -9999 -9999 -9999 -9999
105.54 111.21 118.945 -9999 128.297 144.813 152.841 160.234 166.173 162.291 154.027 -9999 158.762 194.809 184.149 183.01 155.856 140.643 126.975 131.368 123.462 120.42 109.805 96.667 87.769 77.119 65.558 75.292 75.172 88.676 88.276 88.863 86.771 83.429 88.568 91.339 85.106 86.393 86.483 81.428 78.893 65.172 58.32 53.353 54.52 57.104 52.552 -9999 -9999 -9999 -9999 -9999 -9999 -9999 -9999 -9999 -9999 -9999 -9999 -9999 -9999 -9999 -9999 -9999 -9999 -9999 -9999 -9999 -9999 -9999 -9999 -9999 -9999 -9999 -9999
106.909 116.389 130.461 131.901 -9999 143.096 150.932 155.406 164.912 151.882 135.3 139.771 170.875 174.779 164.321 173.36 153.621 138.192 125.303 115.581 97.316 95.162 85.544 79.197 89.523 70.424 72.355 67.122 70.908 75.744 84.701 78.74 72.294 76.112 85.228 81.172 79.112 75.76 78.013 71.7 62.239 57.876 55.431 54.676 53.356 -9999 -9999 -9999 -9999 -9999 -9999 -9999 -9999 -9999 -9999 -9999 -9999 -9999 -9999 -9999 -9999 -9999 -9999 -9999 -9999 -9999 -9999 -9999 -9999 -9999 -9999 -9999 -9999 -9999 -9999
-9999 -9999 131.175 -9999 150.141 157.87 163.094 183.934 178.901 -9999 -9999 172.447 164.122 160.162 184.537 168.221 153.065 131.333 122.115 87.724 78.949 76.052 72.361 78.348 73.64 78.037 71.041 73.819 70.033 72.983 75.481 73.435 70.143 75.946 77.479 75.213 69.728 70.232 65.078 59.592 57.556 54.071 55.829 53.499 -9999 -9999 -9999 -9999 -9999 -9999 -9999 -9999 -9999 -9999 -9999 -9999 -9999 -9999 -9999 -9999 -9999 -9999 -9999 -9999 -9999 -9999 -9999 -9999 -9999 -9999 -9999 -9999 -9999 -9999 -9999
121.054 -9999 136.604 160.981 159.922 167.503 174.526 177.399 -9999 -9999 164.014 176.383 176.614 191.816 174.336 174.293 149.475 127.81 106.316 93.905 90.311 96.012 93.763 96.415 104.99 89.3 78.561 75.112 66.985 66.133 65.954 72.097 73.436 71.979 70.527 66.065 59.771 57.702 52.982 53.501 51.393 52.331 53.176 54.604 50.385 -9999 -9999 -9999 -9999 -9999 -9999 -9999 -9999 -9999 -9999 -9999 -9999 -9999 -9999 -9999 -9999 -9999 -9999 -9999 -9999 -9999 -9999 -9999 -9999 -9999 -9999 -9999 -9999 -9999 -9999
