Validation/Results/raw data/ReClimate_04_2024_2_Precipitation-Actuals.asc
NCOLS 192
NROWS 249
XLLCENTER -225160.85627316462
YLLCENTER 29788.11610251502
CELLSIZE 5000.0
NODATA_VALUE -9999
[rows 99 to 131 of 249, columns 75 to 149 of 192]
120.373 123.401 120.775 126.198 132.913 139.976 151.345 -9999 -9999 114.589 163.476 170.102 183.215 165.339 174.116 170.939 138.847 130.824 119.938 120.289 117.353 106.188 91.938 86.569 89.296 81.146 84.646 86.663 84.478 80.419 82.153 84.957 83.934 77.803 74.949 71.483 66.394 68.115 72.004 71.33 67.98 67.454 66.255 62.381 -9999 -9999 -9999 -9999 -9999 -9999 -9999 -9999 -9999 -9999 -9999 -9999 -9999 -9999 -9999 -9999 -9999 -9999 -9999 -9999 -9999 -9999 -9999 -9999 -9999 -9999 -9999 -9999 -9999 -9999 -9999
129.193 115.645 -9999 -9999 115.954 133.705 -9999 -9999 -9999 113.58 145.584 195.348 184.852 202.007 173.79 144.872 139.637 147.977 141.293 124.352 118.204 99.325 96.375 103.266 92.961 77.457 96.038 102.243 91.789 79.935 82.797 78.169 79.06 70.512 71.656 68.868 71.461 81.026 79.693 75.909 73.455 71.758 64.182 60.246 -9999 -9999 -9999 -9999 -9999 -9999 -9999 -9999 -9999 -9999 -9999 -9999 -9999 -9999 -9999 -9999 -9999 -9999 -9999 -9999 -9999 -9999 -9999 -9999 -9999 -9999 -9999 -9999 -9999 -9999 -9999
-9999 115.561 117.495 127.743 -9999 -9999 -9999 -9999 123.124 123.844 163.221 169.365 172.831 182.12 164.242 156.573 165.735 179.142 149.906 149.872 111.894 108.768 114.722 93.284 74.551 101.776 121.874 114.034 87.312 83.124 80.947 80.75 72.649 70.657 70.211 73.717 85.213 76.264 74.349 72.562 73.258 67.903 60.303 -9999 -9999 -9999 -9999 -9999 -9999 -9999 -9999 -9999 -9999 -9999 -9999 -9999 -9999 -9999 -9999 -9999 -9999 -9999 -9999 -9999 -9999 -9999 -9999 -9999 -9999 -9999 -9999 -9999 -9999 -9999 -9999
144.567 166.091 177.612 183.823 143.683 124.226 -9999 -9999 120.702 -9999 -9999 131.114 188.951 179.578 148.491 162.681 195.246 170.217 174.935 159.172 133.859 118.361 101.106 99.278 109.544 125.929 118.62 103.517 106.787 99.83 83.223 74.585 71.061 71.925 75.799 85.736 72.79 67.475 71.371 69.915 67.679 61.878 -9999 -9999 -9999 -9999 -9999 -9999 -9999 -9999 -9999 -9999 -9999 -9999 -9999 -9999 -9999 -9999 -9999 -9999 -9999 -9999 -9999 -9999 -9999 -9999 -9999 -9999 -9999 -9999 -9999 -9999 -9999 -9999 -9999
141.076 160.096 189.076 164.379 -9999 -9999 -9999 122.936 132.341 130.222 135.335 150.235 161.154 135.324 135.094 169.005 174.422 158.88 139.32 131.107 122.131 115.987 115.826 98.139 109.304 105.77 107.266 110.757 95.448 90.334 80.907 74.807 73.561 72.64 77.271 70.541 62.398 -9999 -9999 67.429 -9999 -9999 -9999 -9999 -9999 -9999 -9999 -9999 -9999 -9999 -9999 -9999 -9999 -9999 -9999 -9999 -9999 -9999 -9999 -9999 -9999 -9999 -9999 -9999 -9999 -9999 -9999 -9999 -9999 -9999 -9999 -9999 -9999 -9999 -9999
134.323 160.354 -9999 152.332 -9999 -9999 -9999 129.193 140.642 142.202 138.85 134.625 138.976 148.432 169.955 181.106 168.318 149.951 147.57 143.719 114.415 111.779 98.188 104.147 105.993 95.266 87.349 78.462 83.846 84.643 79.857 75.186 71.43 68.855 69.132 63.25 -9999 69.545 67.246 66.828 65.568 -9999 -9999 -9999 -9999 -9999 -9999 -9999 -9999 -9999 -9999 -9999 -9999 -9999 -9999 -9999 -9999 -9999 -9999 -9999 -9999 -9999 -9999 -9999 -9999 -9999 -9999 -9999 -9999 -9999 -9999 -9999 -9999 -9999 -9999
118.82 -9999 -9999 -9999 -9999 126.015 131.29 145.814 144.657 146.226 141.773 147.637 166.624 170.686 176.392 170.907 176.229 155.162 165.777 138.5 139.941 116.548 127.528 137.93 108.908 93.204 90.006 86.436 78.973 75.842 71.899 70.074 69.959 68.79 -9999 68.857 70.278 67.022 65.942 63.314 67.677 -9999 -9999 -9999 -9999 -9999 -9999 -9999 -9999 -9999 -9999 -9999 -9999 -9999 -9999 -9999 -9999 -9999 -9999 -9999 -9999 -9999 -9999 -9999 -9999 -9999 -9999 -9999 -9999 -9999 -9999 -9999 -9999 -9999 -9999
-9999 -9999 -9999 -9999 -9999 128.466 117.677 126.974 141.768 141.807 130.793 155.715 146.754 145.176 156.927 192.949 177.127 159.732 158.881 155.405 126.754 122.174 140.591 120.766 123.61 122.336 101.79 92.866 83.789 80.333 81.85 85.725 81.347 82.263 79.105 70.638 69.03 74.519 75.519 71.44 70.598 66.713 -9999 -9999 -9999 -9999 -9999 -9999 -9999 -9999 -9999 -9999 -9999 -9999 -9999 -9999 -9999 -9999 -9999 -9999 -9999 -9999 -9999 -9999 -9999 -9999 -9999 -9999 -9999 -9999 -9999 -9999 -9999 -9999 -9999
-9999 -9999 -9999 -9999 122.871 -9999 -9999 128.295 142.463 131.777 145.386 144.151 -9999 -9999 174.212 200.623 197.245 153.587 142.945 136.943 124.13 125.411 121.405 116.174 111.894 98.923 94.734 89.011 89.778 106.104 111.701 99.148 92.388 85.257 80.217 79.124 73.491 78.104 74.355 78.136 75.324 68.638 62.48 -9999 -9999 -9999 -9999 -9999 -9999 -9999 -9999 -9999 -9999 -9999 -9999 -9999 -9999 -9999 -9999 -9999 -9999 -9999 -9999 -9999 -9999 -9999 -9999 -9999 -9999 -9999 -9999 -9999 -9999 -9999 -9999
-9999 -9999 -9999 -9999 116.375 -9999 116.427 127.647 131.041 144.046 145.738 133.011 127.687 157.47 181.945 180.213 143.109 144.067 159.057 127.796 122.537 119.75 112.4 98.462 92.02 85.643 86.456 103.219 122.05 125.982 110.729 98.382 87.065 81.547 83.202 79.44 77.092 72.679 68.279 66.591 68.716 64.863 -9999 -9999 -9999 -9999 -9999 -9999 -9999 -9999 -9999 -9999 -9999 -9999 -9999 -9999 -9999 -9999 -9999 -9999 -9999 -9999 -9999 -9999 -9999 -9999 -9999 -9999 -9999 -9999 -9999 -9999 -9999 -9999 -9999
-9999 -9999 -9999 -9999 109.88 -9999 113.295 114.634 126.526 132.51 127.812 -9999 147.734 152.485 -9999 151.091 141.488 147.816 130.37 144.597 120.812 101.649 90.961 80.044 74.563 77.972 83.067 95.45 93.048 90.104 85.465 82.686 83.735 82.211 81.416 75.039 72.436 68.77 -9999 -9999 -9999 -9999 -9999 -9999 -9999 -9999 -9999 -9999 -9999 -9999 -9999 -9999 -9999 -9999 -9999 -9999 -9999 -9999 -9999 -9999 -9999 -9999 -9999 -9999 -9999 -9999 -9999 -9999 -9999 -9999 -9999 -9999 -9999 -9999 -9999
-9999 -9999 104.513 106.497 -9999 -9999 105.996 110.432 124.182 121.722 121.658 153.485 145.413 161.842 -9999 124.021 139.1 132.066 126.203 124.098 115.95 97.265 91.144 84.071 91.75 90.001 77.275 72.25 73.417 78.76 78.35 80.753 85.205 82.722 80.814 75.674 70.623 -9999 -9999 -9999 -9999 -9999 -9999 -9999 -9999 -9999 -9999 -9999 -9999 -9999 -9999 -9999 -9999 -9999 -9999 -9999 -9999 -9999 -9999 -9999 -9999 -9999 -9999 -9999 -9999 -9999 -9999 -9999 -9999 -9999 -9999 -9999 -9999 -9999 -9999
-9999 92.542 96.83 98.832 -9999 102.424 116.357 121.827 117.873 -9999 146.265 143.058 156.513 160.211 -9999 126.089 138.358 121.896 100.684 101.561 92.308 95.428 102.014 102.2 107.612 94.138 83.296 75.354 -9999 68.643 71.706 75.728 77.705 78.92 81.108 75.331 -9999 -9999 -9999 -9999 -9999 -9999 -9999 -9999 -9999 -9999 -9999 -9999 -9999 -9999 -9999 -9999 -9999 -9999 -9999 -9999 -9999 -9999 -9999 -9999 -9999 -9999 -9999 -9999 -9999 -9999 -9999 -9999 -9999 -9999 -9999 -9999 -9999 -9999 -9999
-9999 84.862 84.21 -9999 -9999 107.456 121.061 114.672 -9999 126.404 140.412 144.028 151.852 144.494 -9999 112.367 107.75 101.534 98.707 97.653 94.744 99.759 124.396 125.033 118.248 109.196 89.63 75.283 67.34 67.594 -9999 -9999 69.1 68.285 -9999 -9999 -9999 -9999 -9999 -9999 62.179 63.997 64.531 -9999 -9999 -9999 -9999 -9999 -9999 -9999 -9999 -9999 -9999 -9999 -9999 -9999 -9999 -9999 -9999 -9999 -9999 -9999 -9999 -9999 -9999 -9999 -9999 -9999 -9999 -9999 -9999 -9999 -9999 -9999 -9999
91.129 98.319 -9999 -9999 102.145 111.646 101.59 112.302 -9999 121.332 137.133 130.19 130.336 142.669 -9999 -9999 -9999 101.65 100.414 101.037 102.399 106.358 106.133 103.759 102.549 96.058 83.791 76.989 74.788 72.174 69.874 71.088 69.688 69.8 -9999 -9999 -9999 -9999 -9999 64.219 63.837 68.702 65.404 63.988 -9999 -9999 -9999 -9999 -9999 -9999 -9999 -9999 -9999 -9999 -9999 -9999 -9999 -9999 -9999 -9999 -9999 -9999 -9999 -9999 -9999 -9999 -9999 -9999 -9999 -9999 -9999 -9999 -9999 -9999 -9999
111.84 101.506 -9999 -9999 -9999 91.508 109.646 104.541 -9999 111.138 -9999 115.176 129.423 119.024 -9999 99.567 105.483 104.887 -9999 91.043 85.551 87.372 87.008 86.313 89.712 88.544 85.637 82.384 80.075 75.959 75.18 73.735 67.955 66.837 67.417 68.353 67.68 -9999 63.373 65.877 68.883 67.801 70.689 74.496 76.406 62.919 -9999 -9999 -9999 -9999 -9999 -9999 -9999 -9999 -9999 -9999 -9999 -9999 -9999 -9999 -9999 -9999 -9999 -9999 -9999 -9999 -9999 -9999 -9999 -9999 -9999 -9999 -9999 -9999 -9999
107.293 -9999 -9999 -9999 -9999 105.423 119.718 99.62 -9999 95.917 -9999 106.521 104.372 -9999 111.133 119.149 125.639 109.494 87.102 77.603 74.79 75.962 75.555 79.134 78.887 79.259 82.9 82.752 80.401 76.294 75.396 72.959 67.543 71.701 71.138 72.491 67.72 64.234 67.877 68.635 69.76 70.034 79.187 78.8 87.111 81.411 71.83 65.183 66.882 -9999 -9999 -9999 -9999 -9999 -9999 -9999 -9999 -9999 -9999 -9999 -9999 -9999 -9999 -9999 -9999 -9999 -9999 -9999 -9999 -9999 -9999 -9999 -9999 -9999 -9999
88.267 -9999 -9999 -9999 -9999 101.876 100.308 104.857 105.625 -9999 -9999 89.482 95.671 -9999 105.056 128.001 138.177 110.742 91.947 77.964 75.364 71.162 69.796 67.3 67.59 72.619 79.165 84.481 82.558 79.8 77.989 77.828 81.104 81.62 84.781 77.009 70.09 70.256 69.903 66.67 78.415 94.227 92.5 88.809 89.289 85.469 87.743 75.944 67.541 67.892 -9999 -9999 -9999 -9999 -9999 -9999 -9999 -9999 -9999 -9999 -9999 -9999 -9999 -9999 -9999 -9999 -9999 -9999 -9999 -9999 -9999 -9999 -9999 -9999 -9999
-9999 -9999 -9999 -9999 -9999 86.231 93.256 107.94 94.721 -9999 -9999 88.193 89.486 -9999 -9999 125.551 121.793 105.137 93.945 92.293 84.424 77.246 71.636 72.894 67.564 69.268 78.716 82.954 86.791 87.727 90.525 87.716 90.589 94.678 87.568 79.975 77.674 77.231 72.549 78.398 92.048 93.533 94.556 88.528 84.603 80.33 74.7 69.543 71.748 69.5 -9999 -9999 -9999 -9999 -9999 -9999 -9999 -9999 -9999 -9999 -9999 -9999 -9999 -9999 -9999 -9999 -9999 -9999 -9999 -9999 -9999 -9999 -9999 -9999 -9999
-9999 -9999 -9999 -9999 -9999 80.414 95.153 101.925 -9999 -9999 -9999 -9999 83.735 -9999 89.737 110.146 107.867 97.961 99.231 100.098 97.612 90.891 85.574 79.347 74.083 71.43 71.595 79.549 85.586 88.926 87.455 89.389 91.884 86.664 82.673 83.826 84.723 90.157 82.186 78.948 81.121 81.484 82.293 82.079 80.845 73.157 67.174 75.395 69.364 66.963 68.008 -9999 -9999 -9999 -9999 -9999 -9999 -9999 -9999 -9999 -9999 -9999 -9999 -9999 -9999 -9999 -9999 -9999 -9999 -9999 -9999 -9999 -9999 -9999 -9999
-9999 -9999 -9999 88.21 88.818 92.258 97.141 -9999 -9999 110.111 -9999 -9999 -9999 -9999 84.809 96.17 95.083 93.37 95.593 100.094 103.482 100.891 97.323 90.779 80.673 74.953 70.67 69.682 78.725 78.399 77.466 81.67 77.815 81.446 90.397 90.188 105.02 105.553 89.613 81.248 75.917 68.395 73.542 75.563 78.174 72.454 70.908 66.18 67.699 67.031 63.303 -9999 -9999 -9999 -9999 -9999 -9999 -9999 -9999 -9999 -9999 -9999 -9999 -9999 -9999 -9999 -9999 -9999 -9999 -9999 -9999 -9999 -9999 -9999 -9999
-9999 -9999 -9999 -9999 96.213 99.302 102.398 -9999 110.051 122.14 116.967 -9999 -9999 -9999 -9999 78.262 81.838 82.309 86.794 90.858 96.33 100.507 96.803 91.958 80.909 74.025 67.658 71.761 67.006 71.579 78.908 80.351 80.739 88.234 81.142 91.714 94.025 94.127 93.697 86.498 72.994 70.582 68.312 69.632 71.325 70.52 64.894 65.57 67.879 70.672 65.389 64.761 -9999 -9999 -9999 -9999 -9999 -9999 -9999 -9999 -9999 -9999 -9999 -9999 -9999 -9999 -9999 -9999 -9999 -9999 -9999 -9999 -9999 -9999 -9999
-9999 -9999 -9999 -9999 101.354 108.513 110.169 -9999 99.962 122.125 120.719 -9999 -9999 -9999 -9999 -9999 74.181 76.004 75.08 75.301 86.297 86.643 91.802 91.685 93.166 86.587 79.169 68.136 68.733 73.21 75.063 71.438 77.082 78.798 77.452 81.117 86.241 85.167 75.78 73.795 69.947 69.772 64.252 68.154 69.682 65.28 65.151 63.882 66.207 68.003 73.47 66.797 65.464 -9999 -9999 -9999 -9999 -9999 -9999 -9999 -9999 -9999 -9999 -9999 -9999 -9999 -9999 -9999 -9999 -9999 -9999 -9999 -9999 -9999 -9999
-9999 -9999 -9999 -9999 105.912 120.533 -9999 -9999 89.979 110.923 122.474 99.874 -9999 -9999 -9999 -9999 -9999 70.115 73.834 83.259 84.862 92.288 98.225 99.873 101.112 97.142 86.468 74.675 75.416 73.217 72.832 78.241 85.07 81.145 98.709 86.52 89.459 78.367 86.964 77.537 68.21 69.611 67.51 65.769 66.388 69.466 70.812 72.963 67.544 70.947 68.865 76.536 69.493 66.621 59.904 -9999 -9999 -9999 -9999 -9999 -9999 -9999 -9999 -9999 -9999 -9999 -9999 -9999 -9999 -9999 -9999 -9999 -9999 -9999 -9999
-9999 -9999 -9999 -9999 116.715 102.612 -9999 -9999 97.26 114.078 111.75 -9999 -9999 -9999 -9999 -9999 -9999 67.876 73.652 78.713 80.604 87.962 91.907 92.46 97.166 99.005 91.517 82.915 78.408 80.715 91.451 103.84 92.126 103.027 108.875 100.595 81.071 86.971 84.626 67.883 73.666 71.472 67.479 69.6 71.746 69.541 73.377 76.65 87.68 83.312 74.311 75.656 76.748 70.274 64.516 -9999 -9999 -9999 -9999 -9999 -9999 -9999 -9999 -9999 -9999 -9999 -9999 -9999 -9999 -9999 -9999 -9999 -9999 -9999 -9999
-9999 -9999 -9999 -9999 109.827 84.334 -9999 -9999 -9999 95.677 97.051 91.453 -9999 -9999 -9999 -9999 -9999 65.197 71.005 73.229 75.492 79.745 84.136 94.954 107.109 108.524 95.132 87.727 80.456 81.408 88.829 93.77 94.531 115.683 105.84 90.813 91.411 89.867 79.602 81.28 74.159 76.27 77.566 71.865 73.881 78.038 78.988 87.341 101.725 94.46 83.551 73.548 71.584 71.878 67.304 -9999 -9999 -9999 -9999 -9999 -9999 -9999 -9999 -9999 -9999 -9999 -9999 -9999 -9999 -9999 -9999 -9999 -9999 -9999 -9999
-9999 -9999 -9999 116.325 104.663 89.974 -9999 -9999 -9999 -9999 -9999 -9999 -9999 -9999 -9999 -9999 -9999 71.952 74.902 75.195 76.089 77.632 82.344 93.726 101.532 103.949 97.833 93.407 97.273 92.35 98.994 102.986 116.56 119.417 112.964 103.51 99.995 92.974 89.545 80.424 79.603 74.995 71.757 78.323 75.04 81.031 85.735 100.444 99.929 98.232 78.899 70.133 68.475 68.074 68.872 58.695 -9999 -9999 -9999 -9999 -9999 -9999 -9999 -9999 -9999 -9999 -9999 -9999 -9999 -9999 -9999 -9999 -9999 -9999 -9999
-9999 -9999 116.753 116.526 111.731 98.137 -9999 -9999 -9999 -9999 -9999 -9999 -9999 -9999 -9999 72.328 73.153 74.971 79.649 85.4 86.23 83.655 82.542 85.838 90.658 85.647 96.929 111.357 109.615 108.885 105.996 104.613 110.445 125.225 109.623 108.659 98.932 92.796 84.896 78.68 74.373 81.197 85.238 73.67 74.517 81.875 92.576 89.661 94.124 91.506 75.534 66.618 65.569 70.809 69.357 62.217 -9999 -9999 -9999 -9999 -9999 -9999 -9999 -9999 -9999 -9999 -9999 -9999 -9999 -9999 -9999 -9999 -9999 -9999 -9999
-9999 -9999 116.326 109.94 96.035 -9999 -9999 -9999 -9999 -9999 -9999 -9999 -9999 -9999 -9999 73.14 73.338 76.181 83.067 82.806 87.309 100.477 108.268 105.83 99.123 96.279 95.742 101.636 111.543 114.4 105.1 98.023 105.374 114.094 124.276 111.289 106.612 96.431 90.089 80.176 83.853 86.775 78.769 76.676 85.446 94.631 93.617 85.569 83.668 80.438 74.092 75.538 77.597 72.256 69.459 65.283 -9999 -9999 -9999 -9999 -9999 -9999 -9999 -9999 -9999 -9999 -9999 -9999 -9999 -9999 -9999 -9999 -9999 -9999 -9999
-9999 -9999 -9999 -9999 -9999 -9999 -9999 -9999 -9999 -9999 -9999 -9999 -9999 -9999 -9999 75.308 76.906 86.693 84.522 93.016 98.766 116.526 122.938 133.334 113.377 97.61 95.257 104.038 114.848 132.184 118.465 94.681 95.412 113.493 123.018 118.479 109.973 108.403 95.406 98.245 101.198 94.187 94.729 97.56 100.033 86.757 83.236 80.048 81.759 82.521 70.759 68.184 71.789 70.273 63.296 63.58 -9999 -9999 -9999 -9999 -9999 -9999 -9999 -9999 -9999 -9999 -9999 -9999 -9999 -9999 -9999 -9999 -9999 -9999 -9999
-9999 -9999 -9999 -9999 -9999 -9999 -9999 -9999 -9999 -9999 -9999 -9999 -9999 -9999 80.407 87.07 95.409 90.247 93.338 97.5 100.784 108.17 130.9 124.367 112.836 101.012 99.49 92.435 101.55 110.892 108.76 96.18 92.022 105.245 116.598 116.042 113.419 111.504 112.776 102.866 104.824 99.778 98.318 110.105 93.547 92.978 83.672 74.931 81.927 81.653 80.083 70.119 64.839 63.636 63.301 59.55 -9999 -9999 -9999 -9999 -9999 -9999 -9999 -9999 -9999 -9999 -9999 -9999 -9999 -9999 -9999 -9999 -9999 -9999 -9999
-9999 -9999 -9999 -9999 -9999 -9999 -9999 -9999 -9999 -9999 -9999 -9999 -9999 -9999 90.095 98.097 106.507 115.458 114.316 101.893 102.075 118.259 107.774 111.143 106.706 102.234 93.363 81.599 86.928 102.055 104.275 97.318 88.712 101.08 109.961 108.451 110.743 119.878 101.119 112.473 106.059 98.512 112.826 94.95 95.589 90.211 79.272 80.648 77.946 76.404 83.323 76.671 71.314 69.121 66.175 61.926 -9999 -9999 -9999 -9999 -9999 -9999 -9999 -9999 -9999 -9999 -9999 -9999 -9999 -9999 -9999 -9999 -9999 -9999 -9999
-9999 -9999 -9999 -9999 -9999 -9999 -9999 -9999 -9999 -9999 -9999 -9999 -9999 88.811 98.503 103.633 123.102 126.768 127.49 131.107 126.682 115.86 103.14 100.023 100.127 98.113 93.646 86.949 88.917 97.832 95.061 85.043 86.785 95.317 108.742 109.075 120.221 105.519 106.319 114.453 103.612 111.045 106.533 91.404 88.99 88.931 87.217 84.707 80.224 82.753 78.799 74.482 73.201 73.838 69.358 64.452 61.142 -9999 -9999 -9999 -9999 -9999 -9999 -9999 -9999 -9999 -9999 -9999 -9999 -9999 -9999 -9999 -9999 -9999 -9999
