Validation/Results/raw data/ReClimate_04_2024_1_Temperature.asc
NCOLS 192
NROWS 249
XLLCENTER -225160.85627316462
YLLCENTER 29788.11610251502
CELLSIZE 5000.0
NODATA_VALUE -9999
[rows 102 to 135 of 249, columns 76 to 151 of 192]
-0.13 -0.129 -0.128 -0.124 -0.116 -9999 -9999 -0.1 -9999 -9999 -0.095 -0.091 -0.086 -0.094 -0.105 -0.1 -0.095 -0.085 -0.075 -0.082 -0.092 -0.08 -0.067 -0.072 -0.077 -0.089 -0.104 -0.1 -0.096 -0.102 -0.108 -0.11 -0.111 -0.11 -0.109 -0.122 -0.138 -0.139 -0.138 -0.122 -0.101 -9999 -9999 -9999 -9999 -9999 -9999 -9999 -9999 -9999 -9999 -9999 -9999 -9999 -9999 -9999 -9999 -9999 -9999 -9999 -9999 -9999 -9999 -9999 -9999 -9999 -9999 -9999 -9999 -9999 -9999 -9999 -9999 -9999 -9999 -9999
-0.112 -0.113 -0.118 -9999 -9999 -9999 -0.109 -0.103 -0.098 -0.098 -0.098 -0.093 -0.086 -0.092 -0.097 -0.095 -0.1 -0.093 -0.089 -0.091 -0.089 -0.081 -0.079 -0.082 -0.084 -0.093 -0.1 -0.098 -0.098 -0.101 -0.101 -0.105 -0.117 -0.12 -0.129 -0.139 -9999 -9999 -0.135 -9999 -9999 -9999 -9999 -9999 -9999 -9999 -9999 -9999 -9999 -9999 -9999 -9999 -9999 -9999 -9999 -9999 -9999 -9999 -9999 -9999 -9999 -9999 -9999 -9999 -9999 -9999 -9999 -9999 -9999 -9999 -9999 -9999 -9999 -9999 -9999 -9999
-0.105 -9999 -0.112 -9999 -9999 -9999 -0.111 -0.106 -0.1 -0.099 -0.098 -0.093 -0.087 -0.091 -0.097 -0.1 -0.105 -0.101 -0.096 -0.092 -0.09 -0.088 -0.086 -0.087 -0.089 -0.094 -0.101 -0.101 -0.101 -0.101 -0.101 -0.11 -0.121 -0.129 -0.138 -9999 -0.147 -0.143 -0.137 -0.125 -9999 -9999 -9999 -9999 -9999 -9999 -9999 -9999 -9999 -9999 -9999 -9999 -9999 -9999 -9999 -9999 -9999 -9999 -9999 -9999 -9999 -9999 -9999 -9999 -9999 -9999 -9999 -9999 -9999 -9999 -9999 -9999 -9999 -9999 -9999 -9999
-9999 -9999 -9999 -9999 -0.113 -0.117 -0.118 -0.11 -0.097 -0.093 -0.087 -0.085 -0.087 -0.093 -0.103 -0.107 -0.112 -0.107 -0.097 -0.096 -0.102 -0.1 -0.097 -0.099 -0.102 -0.11 -0.122 -0.117 -0.1 -0.103 -0.109 -0.115 -0.117 -9999 -0.127 -0.135 -0.154 -0.144 -0.118 -0.128 -9999 -9999 -9999 -9999 -9999 -9999 -9999 -9999 -9999 -9999 -9999 -9999 -9999 -9999 -9999 -9999 -9999 -9999 -9999 -9999 -9999 -9999 -9999 -9999 -9999 -9999 -9999 -9999 -9999 -9999 -9999 -9999 -9999 -9999 -9999 -9999
-9999 -9999 -9999 -9999 -0.106 -0.116 -0.118 -0.108 -0.096 -0.089 -0.083 -0.085 -0.087 -0.095 -0.104 -0.108 -0.114 -0.106 -0.098 -0.102 -0.109 -0.107 -0.104 -0.106 -0.109 -0.119 -0.132 -0.119 -0.103 -0.108 -0.114 -0.116 -0.118 -0.121 -0.124 -0.14 -0.158 -0.137 -0.11 -0.112 -0.113 -9999 -9999 -9999 -9999 -9999 -9999 -9999 -9999 -9999 -9999 -9999 -9999 -9999 -9999 -9999 -9999 -9999 -9999 -9999 -9999 -9999 -9999 -9999 -9999 -9999 -9999 -9999 -9999 -9999 -9999 -9999 -9999 -9999 -9999 -9999
-9999 -9999 -9999 -0.101 -9999 -9999 -0.107 -0.099 -0.093 -0.088 -0.086 -9999 -9999 -0.09 -0.093 -0.094 -0.091 -0.094 -0.115 -0.119 -0.121 -0.121 -0.122 -0.118 -0.1 -0.106 -0.106 -0.098 -0.1 -0.106 -0.117 -0.122 -0.131 -0.135 -0.139 -0.146 -0.137 -0.121 -0.112 -0.116 -0.124 -0.127 -9999 -9999 -9999 -9999 -9999 -9999 -9999 -9999 -9999 -9999 -9999 -9999 -9999 -9999 -9999 -9999 -9999 -9999 -9999 -9999 -9999 -9999 -9999 -9999 -9999 -9999 -9999 -9999 -9999 -9999 -9999 -9999 -9999 -9999
-9999 -9999 -9999 -0.098 -9999 -0.101 -0.101 -0.097 -0.092 -0.089 -0.087 -0.085 -0.084 -0.085 -0.088 -0.085 -0.082 -0.099 -0.12 -0.122 -0.125 -0.126 -0.128 -0.114 -0.096 -0.096 -0.095 -0.097 -0.098 -0.107 -0.118 -0.125 -0.134 -0.139 -0.143 -0.136 -0.128 -0.121 -0.113 -0.12 -0.127 -9999 -9999 -9999 -9999 -9999 -9999 -9999 -9999 -9999 -9999 -9999 -9999 -9999 -9999 -9999 -9999 -9999 -9999 -9999 -9999 -9999 -9999 -9999 -9999 -9999 -9999 -9999 -9999 -9999 -9999 -9999 -9999 -9999 -9999 -9999
-9999 -9999 -9999 -0.095 -9999 -0.099 -0.099 -0.096 -0.095 -0.093 -9999 -0.095 -0.104 -9999 -0.094 -0.094 -0.097 -0.106 -0.103 -0.109 -0.124 -0.121 -0.106 -0.095 -0.089 -0.088 -0.088 -0.094 -0.109 -0.116 -0.119 -0.125 -0.128 -0.13 -0.13 -0.129 -0.139 -9999 -9999 -9999 -9999 -9999 -9999 -9999 -9999 -9999 -9999 -9999 -9999 -9999 -9999 -9999 -9999 -9999 -9999 -9999 -9999 -9999 -9999 -9999 -9999 -9999 -9999 -9999 -9999 -9999 -9999 -9999 -9999 -9999 -9999 -9999 -9999 -9999 -9999 -9999
-9999 -0.094 -0.093 -9999 -9999 -0.097 -0.097 -0.096 -0.095 -0.094 -0.093 -0.1 -0.11 -9999 -0.095 -0.098 -0.102 -0.098 -0.096 -0.109 -0.123 -0.112 -0.097 -0.092 -0.086 -0.086 -0.085 -0.098 -0.113 -0.116 -0.119 -0.122 -0.125 -0.124 -0.123 -0.125 -9999 -9999 -9999 -9999 -9999 -9999 -9999 -9999 -9999 -9999 -9999 -9999 -9999 -9999 -9999 -9999 -9999 -9999 -9999 -9999 -9999 -9999 -9999 -9999 -9999 -9999 -9999 -9999 -9999 -9999 -9999 -9999 -9999 -9999 -9999 -9999 -9999 -9999 -9999 -9999
-0.091 -0.09 -0.093 -9999 -0.092 -0.092 -0.089 -0.088 -9999 -0.085 -0.088 -0.096 -0.108 -9999 -0.106 -0.11 -0.114 -0.112 -0.109 -0.116 -0.115 -0.105 -0.097 -0.093 -0.089 -0.09 -0.095 -9999 -0.108 -0.104 -0.088 -0.085 -0.076 -0.079 -0.094 -9999 -9999 -9999 -9999 -9999 -9999 -9999 -9999 -9999 -9999 -9999 -9999 -9999 -9999 -9999 -9999 -9999 -9999 -9999 -9999 -9999 -9999 -9999 -9999 -9999 -9999 -9999 -9999 -9999 -9999 -9999 -9999 -9999 -9999 -9999 -9999 -9999 -9999 -9999 -9999 -9999
-0.086 -0.089 -9999 -9999 -0.088 -0.086 -0.085 -9999 -0.081 -0.082 -0.084 -0.094 -0.106 -9999 -0.109 -0.113 -0.117 -0.115 -0.113 -0.112 -0.11 -0.105 -0.097 -0.093 -0.09 -0.094 -0.099 -0.102 -0.106 -9999 -9999 -0.068 -0.057 -9999 -9999 -9999 -9999 -9999 -9999 -0.112 -0.112 -0.119 -9999 -9999 -9999 -9999 -9999 -9999 -9999 -9999 -9999 -9999 -9999 -9999 -9999 -9999 -9999 -9999 -9999 -9999 -9999 -9999 -9999 -9999 -9999 -9999 -9999 -9999 -9999 -9999 -9999 -9999 -9999 -9999 -9999 -9999
-0.095 -9999 -9999 -0.099 -0.096 -0.092 -0.081 -9999 -0.079 -0.08 -0.086 -0.093 -0.095 -9999 -9999 -9999 -0.117 -0.113 -0.103 -0.101 -0.099 -0.1 -0.114 -0.11 -0.101 -0.1 -0.091 -0.094 -0.098 -0.088 -0.079 -0.07 -0.056 -9999 -9999 -9999 -9999 -9999 -0.119 -0.115 -0.117 -0.121 -0.119 -9999 -9999 -9999 -9999 -9999 -9999 -9999 -9999 -9999 -9999 -9999 -9999 -9999 -9999 -9999 -9999 -9999 -9999 -9999 -9999 -9999 -9999 -9999 -9999 -9999 -9999 -9999 -9999 -9999 -9999 -9999 -9999 -9999
-0.096 -9999 -9999 -9999 -0.098 -0.089 -0.079 -9999 -0.077 -9999 -0.085 -0.086 -0.088 -9999 -0.093 -0.103 -0.116 -9999 -0.098 -0.096 -0.093 -0.105 -0.119 -0.113 -0.105 -0.097 -0.087 -0.091 -0.095 -0.088 -0.08 -0.068 -0.055 -0.056 -0.062 -0.071 -9999 -0.104 -0.122 -0.121 -0.115 -0.114 -0.111 -0.11 -0.11 -9999 -9999 -9999 -9999 -9999 -9999 -9999 -9999 -9999 -9999 -9999 -9999 -9999 -9999 -9999 -9999 -9999 -9999 -9999 -9999 -9999 -9999 -9999 -9999 -9999 -9999 -9999 -9999 -9999 -9999 -9999
-9999 -9999 -9999 -9999 -0.09 -0.082 -0.074 -9999 -0.075 -9999 -0.087 -0.083 -9999 -0.081 -0.082 -0.094 -0.112 -0.106 -0.1 -0.1 -0.101 -0.106 -0.099 -0.095 -0.093 -0.089 -0.091 -0.092 -0.091 -0.082 -0.069 -0.064 -0.069 -0.071 -0.071 -0.087 -0.116 -0.126 -0.116 -0.114 -0.117 -0.117 -0.119 -0.115 -0.105 -0.107 -0.108 -0.108 -9999 -9999 -9999 -9999 -9999 -9999 -9999 -9999 -9999 -9999 -9999 -9999 -9999 -9999 -9999 -9999 -9999 -9999 -9999 -9999 -9999 -9999 -9999 -9999 -9999 -9999 -9999 -9999
-9999 -9999 -9999 -9999 -0.086 -0.079 -0.071 -0.072 -9999 -9999 -0.085 -0.075 -9999 -0.073 -0.075 -0.09 -0.108 -0.105 -0.1 -0.102 -0.103 -0.098 -0.091 -0.09 -0.088 -0.09 -0.091 -0.089 -0.087 -0.076 -0.063 -0.068 -0.074 -0.074 -0.074 -0.098 -0.126 -0.119 -0.108 -0.11 -0.113 -0.115 -0.117 -0.108 -0.098 -0.103 -0.107 -0.107 -0.104 -9999 -9999 -9999 -9999 -9999 -9999 -9999 -9999 -9999 -9999 -9999 -9999 -9999 -9999 -9999 -9999 -9999 -9999 -9999 -9999 -9999 -9999 -9999 -9999 -9999 -9999 -9999
-9999 -9999 -9999 -9999 -0.078 -0.072 -0.069 -0.068 -9999 -9999 -0.071 -0.06 -9999 -9999 -0.071 -0.084 -0.096 -0.087 -0.067 -0.071 -0.086 -0.085 -0.092 -0.09 -0.085 -0.09 -0.101 -0.098 -0.089 -0.082 -0.078 -0.078 -0.07 -0.071 -0.075 -0.089 -0.093 -0.091 -0.106 -0.105 -0.098 -0.097 -0.094 -0.091 -0.102 -0.104 -0.1 -0.101 -0.103 -9999 -9999 -9999 -9999 -9999 -9999 -9999 -9999 -9999 -9999 -9999 -9999 -9999 -9999 -9999 -9999 -9999 -9999 -9999 -9999 -9999 -9999 -9999 -9999 -9999 -9999 -9999
-9999 -9999 -9999 -9999 -0.072 -0.069 -0.065 -9999 -9999 -9999 -9999 -0.059 -9999 -0.064 -0.069 -0.078 -0.089 -0.073 -0.052 -0.064 -0.079 -0.085 -0.091 -0.087 -0.082 -0.092 -0.103 -0.096 -0.088 -0.085 -0.082 -0.075 -0.067 -0.07 -0.074 -0.075 -0.076 -0.087 -0.101 -0.095 -0.088 -0.085 -0.08 -0.089 -0.099 -0.095 -0.09 -0.092 -0.094 -0.086 -9999 -9999 -9999 -9999 -9999 -9999 -9999 -9999 -9999 -9999 -9999 -9999 -9999 -9999 -9999 -9999 -9999 -9999 -9999 -9999 -9999 -9999 -9999 -9999 -9999 -9999
-9999 -9999 -0.067 -0.062 -0.058 -0.057 -9999 -9999 -0.059 -9999 -9999 -9999 -9999 -0.06 -0.064 -0.071 -0.076 -0.066 -0.063 -0.073 -0.08 -0.091 -0.11 -0.104 -0.086 -0.096 -0.106 -0.101 -0.095 -0.091 -0.082 -0.079 -0.081 -0.079 -0.067 -0.069 -0.074 -0.081 -0.082 -0.08 -0.084 -0.084 -0.089 -0.095 -0.095 -0.091 -0.085 -0.081 -0.066 -0.077 -9999 -9999 -9999 -9999 -9999 -9999 -9999 -9999 -9999 -9999 -9999 -9999 -9999 -9999 -9999 -9999 -9999 -9999 -9999 -9999 -9999 -9999 -9999 -9999 -9999 -9999
-9999 -9999 -9999 -0.057 -0.051 -0.052 -9999 -0.054 -0.056 -0.06 -9999 -9999 -9999 -9999 -0.061 -0.065 -0.069 -0.068 -0.066 -0.072 -0.078 -0.095 -0.115 -0.101 -0.085 -0.094 -0.105 -0.101 -0.096 -0.089 -0.08 -0.082 -0.084 -0.074 -0.062 -0.066 -0.071 -0.071 -0.071 -0.074 -0.078 -0.082 -0.088 -0.088 -0.088 -0.083 -0.077 -0.065 -0.05 -0.054 -0.049 -9999 -9999 -9999 -9999 -9999 -9999 -9999 -9999 -9999 -9999 -9999 -9999 -9999 -9999 -9999 -9999 -9999 -9999 -9999 -9999 -9999 -9999 -9999 -9999 -9999
-9999 -9999 -9999 -0.059 -0.053 -0.055 -9999 -0.057 -0.048 -0.051 -9999 -9999 -9999 -9999 -9999 -0.053 -0.051 -0.052 -0.06 -0.063 -0.064 -0.076 -0.085 -0.079 -0.085 -0.094 -0.104 -0.102 -0.1 -0.09 -0.073 -0.075 -0.081 -0.073 -0.066 -0.067 -0.062 -0.063 -0.065 -0.068 -0.072 -0.072 -0.063 -0.064 -0.07 -0.063 -0.054 -0.048 -0.054 -0.049 -0.042 -0.018 -9999 -9999 -9999 -9999 -9999 -9999 -9999 -9999 -9999 -9999 -9999 -9999 -9999 -9999 -9999 -9999 -9999 -9999 -9999 -9999 -9999 -9999 -9999 -9999
-9999 -9999 -9999 -0.053 -0.051 -9999 -9999 -0.053 -0.042 -0.048 -0.054 -9999 -9999 -9999 -9999 -9999 -0.042 -0.049 -0.055 -0.056 -0.056 -0.063 -0.071 -0.076 -0.083 -0.091 -0.101 -0.099 -0.098 -0.084 -0.067 -0.071 -0.075 -0.07 -0.064 -0.06 -0.055 -0.056 -0.059 -0.062 -0.066 -0.058 -0.049 -0.053 -0.058 -0.05 -0.04 -0.044 -0.05 -0.046 -0.037 -0.006 0.013 0.034 -9999 -9999 -9999 -9999 -9999 -9999 -9999 -9999 -9999 -9999 -9999 -9999 -9999 -9999 -9999 -9999 -9999 -9999 -9999 -9999 -9999 -9999
-9999 -9999 -9999 -0.048 -0.04 -9999 -9999 -0.044 -0.041 -0.046 -9999 -9999 -9999 -9999 -9999 -9999 -0.041 -0.045 -0.046 -0.045 -0.041 -0.047 -0.053 -0.061 -0.08 -0.081 -0.072 -0.07 -0.072 -0.06 -0.051 -0.054 -0.058 -0.054 -0.054 -0.052 -0.054 -0.054 -0.048 -0.051 -0.055 -0.051 -0.054 -0.053 -0.044 -0.041 -0.048 -0.05 -0.047 -0.032 -0.019 -0.015 0.001 0.044 -9999 -9999 -9999 -9999 -9999 -9999 -9999 -9999 -9999 -9999 -9999 -9999 -9999 -9999 -9999 -9999 -9999 -9999 -9999 -9999 -9999 -9999
-9999 -9999 -9999 -0.038 -0.033 -9999 -9999 -9999 -0.041 -0.042 -0.045 -9999 -9999 -9999 -9999 -9999 -0.039 -0.039 -0.04 -0.037 -0.033 -0.038 -0.043 -0.058 -0.076 -0.068 -0.057 -0.058 -0.059 -0.052 -0.042 -0.044 -0.047 -0.046 -0.046 -0.048 -0.051 -0.046 -0.041 -0.043 -0.047 -0.049 -0.051 -0.044 -0.034 -0.04 -0.046 -0.043 -0.037 -0.021 -0.004 0.001 0.004 0.044 -9999 -9999 -9999 -9999 -9999 -9999 -9999 -9999 -9999 -9999 -9999 -9999 -9999 -9999 -9999 -9999 -9999 -9999 -9999 -9999 -9999 -9999
-9999 -9999 -0.04 -0.035 -0.024 -9999 -9999 -9999 -9999 -9999 -9999 -9999 -9999 -9999 -9999 -9999 -0.036 -0.035 -0.032 -0.03 -0.029 -0.034 -0.041 -0.053 -0.063 -0.059 -0.059 -0.056 -0.043 -0.04 -0.047 -0.047 -0.045 -0.044 -0.045 -0.044 -0.037 -0.038 -0.052 -0.053 -0.047 -0.045 -0.037 -0.033 -0.033 -0.033 -0.023 -0.019 -0.024 -0.02 -0.011 0.018 0.036 0.049 0.077 -9999 -9999 -9999 -9999 -9999 -9999 -9999 -9999 -9999 -9999 -9999 -9999 -9999 -9999 -9999 -9999 -9999 -9999 -9999 -9999 -9999
-9999 -0.036 -0.034 -0.027 -0.018 -9999 -9999 -9999 -9999 -9999 -9999 -9999 -9999 -9999 -0.045 -0.039 -0.034 -0.031 -0.027 -0.026 -0.025 -0.031 -0.038 -0.046 -0.055 -0.056 -0.057 -0.047 -0.034 -0.039 -0.045 -0.043 -0.041 -0.041 -0.041 -0.035 -0.028 -0.039 -0.053 -0.049 -0.043 -0.036 -0.028 -0.029 -0.029 -0.02 -0.005 -0.007 -0.012 -0.008 -0.006 0.021 0.053 0.067 0.095 -9999 -9999 -9999 -9999 -9999 -9999 -9999 -9999 -9999 -9999 -9999 -9999 -9999 -9999 -9999 -9999 -9999 -9999 -9999 -9999 -9999
-9999 -0.026 -0.026 -0.024 -9999 -9999 -9999 -9999 -9999 -9999 -9999 -9999 -9999 -9999 -0.043 -0.039 -0.035 -0.033 -0.033 -0.031 -0.029 -0.032 -0.031 -0.039 -0.049 -0.05 -0.05 -0.042 -0.034 -0.038 -0.043 -0.043 -0.048 -0.049 -0.051 -0.046 -0.039 -0.045 -0.041 -0.039 -0.043 -0.035 -0.022 -0.022 -0.02 -0.012 -0.008 -0.004 0.01 0.016 0.023 0.039 0.064 0.074 0.083 -9999 -9999 -9999 -9999 -9999 -9999 -9999 -9999 -9999 -9999 -9999 -9999 -9999 -9999 -9999 -9999 -9999 -9999 -9999 -9999 -9999
-9999 -9999 -9999 -9999 -9999 -9999 -9999 -9999 -9999 -9999 -9999 -9999 -9999 -9999 -0.043 -0.039 -0.034 -0.034 -0.035 -0.031 -0.028 -0.027 -0.026 -0.034 -0.044 -0.044 -0.044 -0.039 -0.031 -0.034 -0.039 -0.043 -0.048 -0.049 -0.051 -0.046 -0.04 -0.037 -0.033 -0.036 -0.039 -0.029 -0.017 -0.015 -0.01 -0.006 -0.003 0.01 0.024 0.032 0.039 0.055 0.073 0.082 0.09 -9999 -9999 -9999 -9999 -9999 -9999 -9999 -9999 -9999 -9999 -9999 -9999 -9999 -9999 -9999 -9999 -9999 -9999 -9999 -9999 -9999
-9999 -9999 -9999 -9999 -9999 -9999 -9999 -9999 -9999 -9999 -9999 -9999 -9999 -0.04 -0.023 -0.025 -0.041 -0.039 -0.031 -0.033 -0.045 -0.042 -0.033 -0.038 -0.035 -0.034 -0.03 -0.027 -0.029 -0.031 -0.029 -0.035 -0.048 -0.049 -0.051 -0.045 -0.037 -0.03 -0.015 -0.015 -0.011 -0.004 -0.003 0.001 0.008 0.008 -0.004 0.01 0.031 0.043 0.053 0.06 0.072 0.082 0.095 -9999 -9999 -9999 -9999 -9999 -9999 -9999 -9999 -9999 -9999 -9999 -9999 -9999 -9999 -9999 -9999 -9999 -9999 -9999 -9999 -9999
-9999 -9999 -9999 -9999 -9999 -9999 -9999 -9999 -9999 -9999 -9999 -9999 -9999 -0.022 -0.014 -0.027 -0.043 -0.036 -0.028 -0.039 -0.051 -0.044 -0.035 -0.032 -0.029 -0.026 -0.021 -0.023 -0.026 -0.024 -0.022 -0.032 -0.044 -0.045 -0.047 -0.04 -0.032 -0.02 -0.006 -0.002 0.003 0.004 0.007 0.014 0.021 0.013 0.001 0.019 0.038 0.05 0.063 0.069 0.076 0.085 0.094 -9999 -9999 -9999 -9999 -9999 -9999 -9999 -9999 -9999 -9999 -9999 -9999 -9999 -9999 -9999 -9999 -9999 -9999 -9999 -9999 -9999
-9999 -9999 -9999 -9999 -9999 -9999 -9999 -9999 -9999 -9999 -9999 -9999 -0.032 -0.022 -0.017 -0.028 -0.036 -0.034 -0.039 -0.045 -0.043 -0.036 -0.029 -0.028 -0.032 -0.032 -0.036 -0.031 -0.014 -0.013 -0.013 -0.016 -0.009 -0.007 -0.005 -0.002 -0.013 -0.005 -0.007 -0.005 -0.007 -0.001 0.017 0.02 0.015 0.014 0.022 0.036 0.046 0.056 0.068 0.08 0.09 0.088 0.091 0.111 -9999 -9999 -9999 -9999 -9999 -9999 -9999 -9999 -9999 -9999 -9999 -9999 -9999 -9999 -9999 -9999 -9999 -9999 -9999 -9999
-9999 -9999 -9999 -9999 -9999 -9999 -9999 -9999 -9999 -9999 -9999 -0.028 -0.026 -0.023 -0.018 -0.025 -0.033 -0.037 -0.043 -0.041 -0.039 -0.033 -0.027 -0.029 -0.033 -0.036 -0.039 -0.024 -0.007 -0.007 -0.007 -0.001 0.007 0.011 0.014 0.007 -0.002 -0.003 -0.004 -0.006 -0.008 0.006 0.026 0.023 0.018 0.026 0.034 0.043 0.053 0.063 0.074 0.084 0.096 0.093 0.088 0.107 -9999 -9999 -9999 -9999 -9999 -9999 -9999 -9999 -9999 -9999 -9999 -9999 -9999 -9999 -9999 -9999 -9999 -9999 -9999 -9999
-9999 -9999 -9999 -9999 -9999 -9999 -9999 -9999 -9999 -9999 -9999 -0.027 -0.033 -0.031 -0.029 -0.032 -0.027 -0.03 -0.035 -0.031 -0.027 -0.019 -0.009 -0.012 -0.021 -0.021 -0.02 -0.009 -0.006 -0.006 -0.008 -0.002 0.004 0.007 0.012 0.006 0.001 0.002 0.005 0.005 0.007 0.018 0.02 0.023 0.035 0.043 0.052 0.06 0.065 0.065 0.07 0.081 0.092 0.101 0.103 0.104 -9999 -9999 -9999 -9999 -9999 -9999 -9999 -9999 -9999 -9999 -9999 -9999 -9999 -9999 -9999 -9999 -9999 -9999 -9999 -9999
-9999 -9999 -9999 -9999 -9999 -9999 -9999 -9999 -9999 -9999 -0.028 -0.031 -0.034 -0.033 -0.032 -0.028 -0.023 -0.026 -0.03 -0.026 -0.022 -0.012 -0.001 -0.008 -0.015 -0.014 -0.012 -0.009 -0.006 -0.006 -0.008 -0.002 0.005 0.009 0.014 0.011 0.006 0.009 0.012 0.014 0.018 0.021 0.023 0.034 0.045 0.053 0.061 0.066 0.069 0.07 0.069 0.08 0.092 0.099 0.108 0.11 0.123 -9999 -9999 -9999 -9999 -9999 -9999 -9999 -9999 -9999 -9999 -9999 -9999 -9999 -9999 -9999 -9999 -9999 -9999 -9999
-9999 -9999 -9999 -9999 -9999 -9999 -9999 -9999 -9999 -0.015 -9999 -0.015 -0.033 -0.027 -0.012 -0.009 -0.01 -0.012 -0.017 -0.015 -0.015 -0.011 -0.015 -0.014 -0.002 -0.001 -0.003 0.001 0.005 0.005 0.003 0.008 0.013 0.018 0.022 0.018 0.01 0.016 0.026 0.028 0.032 0.037 0.041 0.051 0.061 0.063 0.054 0.059 0.068 0.073 0.075 0.089 0.103 0.109 0.117 0.118 0.117 -9999 -9999 -9999 -9999 -9999 -9999 -9999 -9999 -9999 -9999 -9999 -9999 -9999 -9999 -9999 -9999 -9999 -9999 -9999
