Validation/Results/raw data/ReClimate_07_2024_2_Temperature.asc
NCOLS 192
NROWS 249
XLLCENTER -225160.85627316462
YLLCENTER 29788.11610251502
CELLSIZE 5000.0
NODATA_VALUE -9999
[rows 68 to 101 of 249, columns 75 to 149 of 192]
-9999 -9999 -9999 -9999 -9999 -9999 -9999 -9999 -9999 -9999 -9999 -0.2 -0.177 -0.151 -0.128 -0.106 -0.093 -0.081 -0.075 -0.07 -0.057 -0.045 -0.03 -0.016 -0.006 0.003 0.008 0.011 0.014 -9999 -9999 -9999 -9999 -9999 -9999 -9999 -9999 -9999 -9999 -9999 -9999 -9999 -9999 -9999 -9999 -9999 -9999 -9999 -9999 -9999 -9999 -9999 -9999 -9999 -9999 -9999 -9999 -9999 -9999 -9999 -9999 -9999 -9999 -9999 -9999 -9999 -9999 -9999 -9999 -9999 -9999 -9999 -9999 -9999 -9999
-9999 -9999 -9999 -9999 -9999 -9999 -9999 -9999 -9999 -9999 -9999 -9999 -9999 -0.126 -0.102 -0.079 -0.073 -0.081 -0.066 -0.039 -0.032 -0.038 -0.021 0.001 0.011 0.02 0.024 -9999 -9999 -9999 -9999 -9999 -9999 -9999 -9999 -9999 -9999 -9999 -9999 -9999 -9999 -9999 -9999 -9999 -9999 -9999 -9999 -9999 -9999 -9999 -9999 -9999 -9999 -9999 -9999 -9999 -9999 -9999 -9999 -9999 -9999 -9999 -9999 -9999 -9999 -9999 -9999 -9999 -9999 -9999 -9999 -9999 -9999 -9999 -9999
-9999 -9999 -9999 -9999 -9999 -9999 -9999 -0.259 -9999 -9999 -0.198 -0.176 -0.144 -0.11 -0.086 -0.064 -0.067 -0.075 -0.05 -0.023 -0.025 -0.031 -0.01 0.012 0.022 0.031 0.031 -9999 -9999 -9999 -9999 -9999 -9999 -9999 -9999 -9999 -9999 -9999 -9999 -9999 -9999 -9999 -9999 -9999 -9999 -9999 -9999 -9999 -9999 -9999 -9999 -9999 -9999 -9999 -9999 -9999 -9999 -9999 -9999 -9999 -9999 -9999 -9999 -9999 -9999 -9999 -9999 -9999 -9999 -9999 -9999 -9999 -9999 -9999 -9999
-9999 -9999 -9999 -9999 -9999 -0.297 -0.267 -0.236 -0.214 -0.194 -0.171 -0.151 -0.12 -0.093 -0.08 -0.084 -0.077 -0.053 -0.03 -0.009 -0.007 -0.003 0.011 0.012 0.022 0.03 0.033 -9999 -9999 -9999 -9999 -9999 -9999 -9999 -9999 -9999 -9999 -9999 -9999 -9999 -9999 -9999 -9999 -9999 -9999 -9999 -9999 -9999 -9999 -9999 -9999 -9999 -9999 -9999 -9999 -9999 -9999 -9999 -9999 -9999 -9999 -9999 -9999 -9999 -9999 -9999 -9999 -9999 -9999 -9999 -9999 -9999 -9999 -9999 -9999
-9999 -9999 -9999 -9999 -9999 -0.278 -0.244 -9999 -0.198 -0.176 -0.153 -0.131 -0.106 -0.081 -0.081 -0.086 -0.063 -0.039 -0.02 0.0 0.007 0.012 0.015 0.017 0.026 0.035 -9999 0.04 -9999 -9999 -9999 -9999 -9999 -9999 -9999 -9999 -9999 -9999 -9999 -9999 -9999 -9999 -9999 -9999 -9999 -9999 -9999 -9999 -9999 -9999 -9999 -9999 -9999 -9999 -9999 -9999 -9999 -9999 -9999 -9999 -9999 -9999 -9999 -9999 -9999 -9999 -9999 -9999 -9999 -9999 -9999 -9999 -9999 -9999 -9999
-9999 -9999 -9999 -9999 -9999 -9999 -0.235 -0.187 -0.167 -0.151 -0.131 -0.12 -0.095 -0.07 -0.066 -0.058 -0.036 -0.013 0.004 0.016 0.026 0.038 0.041 0.037 0.045 0.049 0.057 0.066 -9999 -9999 -9999 -9999 -9999 -9999 -9999 -9999 -9999 -9999 -9999 -9999 -9999 -9999 -9999 -9999 -9999 -9999 -9999 -9999 -9999 -9999 -9999 -9999 -9999 -9999 -9999 -9999 -9999 -9999 -9999 -9999 -9999 -9999 -9999 -9999 -9999 -9999 -9999 -9999 -9999 -9999 -9999 -9999 -9999 -9999 -9999
-9999 -9999 -9999 -9999 -9999 -9999 -9999 -0.164 -0.147 -0.128 -0.114 -0.105 -0.079 -0.056 -0.047 -0.039 -0.018 0.004 0.016 0.027 0.039 0.052 0.052 0.049 0.054 0.059 0.071 0.079 -9999 -9999 -9999 -9999 -9999 -9999 -9999 -9999 -9999 -9999 -9999 -9999 -9999 -9999 -9999 -9999 -9999 -9999 -9999 -9999 -9999 -9999 -9999 -9999 -9999 -9999 -9999 -9999 -9999 -9999 -9999 -9999 -9999 -9999 -9999 -9999 -9999 -9999 -9999 -9999 -9999 -9999 -9999 -9999 -9999 -9999 -9999
-9999 -9999 -9999 -9999 -9999 -0.245 -0.194 -0.157 -0.132 -0.106 -0.096 -0.093 -0.068 -0.042 -0.026 -0.001 0.019 0.037 0.048 0.054 0.062 0.061 0.064 0.071 0.076 -9999 0.085 -9999 -9999 -9999 -9999 -9999 -9999 0.069 0.061 0.057 -9999 -9999 -9999 -9999 -9999 -9999 -9999 -9999 -9999 -9999 -9999 -9999 -9999 -9999 -9999 -9999 -9999 -9999 -9999 -9999 -9999 -9999 -9999 -9999 -9999 -9999 -9999 -9999 -9999 -9999 -9999 -9999 -9999 -9999 -9999 -9999 -9999 -9999 -9999
-0.35 -9999 -9999 -9999 -9999 -9999 -0.186 -0.149 -0.118 -0.089 -0.082 -0.08 -0.054 -0.029 -0.004 0.021 0.038 0.055 0.063 0.069 0.07 0.069 0.076 0.084 0.086 0.086 -9999 -9999 -9999 -9999 0.101 0.108 0.095 0.08 0.073 0.067 0.055 0.043 0.031 0.019 0.014 0.009 -0.003 -0.013 -0.026 -0.036 -0.04 -0.042 -0.046 -0.049 -0.053 -0.064 -9999 -9999 -9999 -9999 -9999 -9999 -9999 -9999 -9999 -9999 -9999 -9999 -9999 -9999 -9999 -9999 -9999 -9999 -9999 -9999 -9999 -9999 -9999
-0.335 -9999 -9999 -9999 -0.254 -9999 -0.191 -0.152 -0.121 -0.091 -0.077 -0.06 -0.037 -0.02 0.004 0.027 0.044 0.063 0.071 0.082 0.087 0.093 0.099 0.1 0.103 -9999 -9999 -9999 -9999 0.091 0.104 0.1 0.092 0.087 0.084 0.081 0.069 0.049 0.039 0.022 0.014 -0.001 -0.009 -0.015 -0.023 -0.03 -0.033 -0.042 -0.043 -0.04 -0.04 -0.052 -9999 -9999 -9999 -9999 -9999 -9999 -9999 -9999 -9999 -9999 -9999 -9999 -9999 -9999 -9999 -9999 -9999 -9999 -9999 -9999 -9999 -9999 -9999
-0.319 -9999 -9999 -9999 -0.248 -0.223 -0.191 -0.149 -0.119 -0.089 -0.066 -0.047 -0.027 -0.01 0.013 0.035 0.053 0.071 0.081 0.092 0.1 0.107 0.109 0.109 -9999 -9999 0.096 0.078 0.084 0.094 0.09 0.09 0.087 0.083 0.081 0.08 0.064 0.046 0.033 0.017 0.004 -0.011 -0.015 -0.02 -0.026 -0.032 -0.039 -0.047 -0.046 -0.044 -0.041 -0.036 -0.058 -9999 -9999 -9999 -9999 -9999 -9999 -9999 -9999 -9999 -9999 -9999 -9999 -9999 -9999 -9999 -9999 -9999 -9999 -9999 -9999 -9999 -9999
-0.305 -9999 -0.265 -9999 -0.229 -0.208 -0.171 -0.132 -0.103 -0.076 -0.052 -0.028 -0.008 0.004 0.025 0.043 0.064 0.088 0.095 0.096 0.109 0.133 0.135 0.13 -9999 0.111 0.094 0.105 0.106 0.089 0.091 0.098 0.094 0.086 0.084 0.082 0.069 0.052 0.036 0.009 -0.003 -0.017 -0.021 -0.027 -0.035 -0.049 -0.052 -0.047 -0.045 -0.042 -0.042 -0.04 -0.052 -9999 -9999 -9999 -9999 -9999 -9999 -9999 -9999 -9999 -9999 -9999 -9999 -9999 -9999 -9999 -9999 -9999 -9999 -9999 -9999 -9999 -9999
-9999 -0.276 -9999 -9999 -9999 -0.196 -0.16 -0.122 -0.095 -0.069 -0.044 -0.02 -0.002 0.013 0.032 0.05 0.074 0.099 0.102 0.102 0.123 0.147 0.145 0.136 0.127 0.109 0.109 0.11 0.097 0.082 0.088 0.095 0.088 0.081 0.079 0.077 0.065 0.05 0.028 0.001 -0.01 -0.023 -0.028 -0.034 -0.045 -0.059 -0.056 -0.052 -0.049 -0.046 -0.047 -0.048 -0.06 -9999 -9999 -9999 -9999 -9999 -9999 -9999 -9999 -9999 -9999 -9999 -9999 -9999 -9999 -9999 -9999 -9999 -9999 -9999 -9999 -9999 -9999
-0.282 -9999 -9999 -9999 -9999 -0.186 -0.151 -0.118 -9999 -0.053 -0.032 -0.018 0.005 0.032 0.053 0.066 0.087 0.104 0.112 0.125 0.143 0.156 0.149 0.139 0.133 0.136 0.13 0.109 0.097 0.083 0.081 0.067 0.06 0.051 0.051 0.059 0.049 0.044 0.025 0.008 0.001 -0.003 -0.011 -0.031 -0.041 -0.055 -0.053 -0.052 -0.05 -0.047 -0.056 -0.082 -0.084 -9999 -9999 -9999 -9999 -9999 -9999 -9999 -9999 -9999 -9999 -9999 -9999 -9999 -9999 -9999 -9999 -9999 -9999 -9999 -9999 -9999 -9999
-0.27 -9999 -9999 -9999 -0.199 -9999 -9999 -0.113 -0.08 -0.045 -0.03 -0.016 0.011 0.039 0.059 0.076 0.092 0.108 0.123 0.137 0.148 0.156 0.147 0.132 0.135 0.14 0.122 0.102 0.091 0.078 0.065 0.051 0.043 0.034 0.039 0.046 0.041 0.036 0.023 0.007 0.004 0.0 -0.015 -0.034 -0.045 -0.058 -0.058 -0.057 -0.056 -0.053 -0.074 -0.096 -9999 -9999 -9999 -9999 -9999 -9999 -9999 -9999 -9999 -9999 -9999 -9999 -9999 -9999 -9999 -9999 -9999 -9999 -9999 -9999 -9999 -9999 -9999
-0.256 -0.239 -0.224 -9999 -9999 -9999 -0.137 -0.099 -9999 -0.055 -0.034 -0.004 0.016 0.025 0.051 0.081 0.098 0.107 0.125 0.145 0.152 0.157 0.145 0.133 0.131 0.122 0.105 0.087 0.074 0.056 0.047 0.046 0.043 0.047 0.052 0.052 0.046 0.032 0.023 0.02 0.011 -0.012 -0.026 -0.039 -0.047 -0.055 -0.057 -0.064 -0.062 -0.06 -0.074 -9999 -9999 -9999 -9999 -9999 -9999 -9999 -9999 -9999 -9999 -9999 -9999 -9999 -9999 -9999 -9999 -9999 -9999 -9999 -9999 -9999 -9999 -9999 -9999
-0.251 -0.235 -0.212 -9999 -0.174 -0.159 -0.125 -0.091 -0.073 -0.057 -0.029 0.001 0.011 0.02 0.052 0.084 0.1 0.109 0.127 0.143 0.148 0.148 0.139 0.128 0.119 0.11 0.094 0.076 0.06 0.043 0.04 0.039 0.042 0.047 0.048 0.049 0.038 0.025 0.022 0.019 0.001 -0.022 -0.033 -0.046 -0.052 -0.059 -0.065 -0.072 -0.07 -0.068 -0.083 -9999 -9999 -9999 -9999 -9999 -9999 -9999 -9999 -9999 -9999 -9999 -9999 -9999 -9999 -9999 -9999 -9999 -9999 -9999 -9999 -9999 -9999 -9999 -9999
-0.239 -0.205 -0.179 -0.152 -0.137 -0.128 -9999 -0.081 -0.063 -0.044 -0.02 -0.003 0.009 0.021 0.051 0.081 0.102 0.123 0.134 0.139 0.139 0.139 0.129 0.114 0.105 0.092 0.077 0.063 0.054 0.055 0.056 0.059 0.055 0.037 0.033 0.022 0.013 0.01 0.006 0.002 -0.013 -0.021 -0.033 -0.051 -0.058 -0.069 -0.073 -0.076 -0.077 -0.081 -9999 -9999 -9999 -9999 -9999 -9999 -9999 -9999 -9999 -9999 -9999 -9999 -9999 -9999 -9999 -9999 -9999 -9999 -9999 -9999 -9999 -9999 -9999 -9999 -9999
-9999 -9999 -9999 -0.137 -0.129 -9999 -0.096 -0.076 -0.057 -0.039 -0.021 -0.004 0.009 0.021 0.049 0.079 0.104 0.119 0.126 0.126 0.125 0.125 0.113 0.1 0.09 0.078 0.067 0.053 0.054 0.055 0.058 0.061 0.046 0.028 0.018 0.006 0.002 -0.002 -0.006 -0.011 -0.018 -0.026 -0.041 -0.058 -0.067 -0.078 -0.081 -0.084 -0.087 -0.093 -9999 -9999 -9999 -9999 -9999 -9999 -9999 -9999 -9999 -9999 -9999 -9999 -9999 -9999 -9999 -9999 -9999 -9999 -9999 -9999 -9999 -9999 -9999 -9999 -9999
-9999 -9999 -0.178 -0.146 -9999 -0.113 -0.093 -9999 -0.039 -0.033 -0.016 -0.003 0.013 0.033 0.055 0.065 0.082 0.091 0.096 0.097 0.092 0.08 0.07 0.066 0.058 0.051 0.046 0.051 0.05 0.042 0.048 0.059 0.045 0.027 0.017 0.006 0.002 -0.005 -0.008 -0.01 -0.018 -0.029 -0.043 -0.06 -0.07 -0.083 -0.087 -0.092 -0.099 -0.109 -9999 -9999 -9999 -9999 -9999 -9999 -9999 -9999 -9999 -9999 -9999 -9999 -9999 -9999 -9999 -9999 -9999 -9999 -9999 -9999 -9999 -9999 -9999 -9999 -9999
-9999 -9999 -0.182 -9999 -9999 -0.111 -0.079 -0.046 -0.037 -0.032 -0.019 -0.007 0.012 0.032 0.043 0.047 0.056 0.064 0.07 0.073 0.063 0.05 0.046 0.041 0.036 0.03 0.034 0.039 0.033 0.026 0.038 0.051 0.038 0.021 0.012 0.001 -0.005 -0.011 -0.014 -0.016 -0.025 -0.036 -0.051 -0.068 -0.079 -0.093 -0.098 -0.105 -0.113 -0.123 -9999 -9999 -9999 -9999 -9999 -9999 -9999 -9999 -9999 -9999 -9999 -9999 -9999 -9999 -9999 -9999 -9999 -9999 -9999 -9999 -9999 -9999 -9999 -9999 -9999
-9999 -9999 -9999 -9999 -9999 -9999 -0.063 -0.047 -0.04 -0.037 -0.025 -0.016 0.001 0.017 0.024 0.025 0.032 0.036 0.043 0.048 0.042 0.042 0.038 0.033 0.034 0.044 0.041 0.023 0.019 0.015 0.02 0.016 0.005 -0.003 -0.009 -0.013 -0.018 -0.023 -0.029 -0.043 -0.049 -0.048 -0.066 -0.091 -0.103 -0.114 -0.121 -0.13 -0.138 -9999 -9999 -9999 -9999 -9999 -9999 -9999 -9999 -9999 -9999 -9999 -9999 -9999 -9999 -9999 -9999 -9999 -9999 -9999 -9999 -9999 -9999 -9999 -9999 -9999 -9999
-9999 -9999 -9999 -9999 -0.124 -0.083 -9999 -0.051 -0.045 -0.042 -0.032 -0.025 -0.011 -0.0 0.003 0.005 0.009 0.014 0.022 0.028 0.028 0.029 0.025 0.021 0.03 0.04 0.025 0.008 0.005 0.001 -0.003 -0.008 -0.014 -0.022 -0.024 -0.027 -0.031 -0.035 -0.048 -0.062 -0.062 -0.062 -0.083 -0.108 -0.118 -0.13 -0.138 -0.147 -0.156 -9999 -9999 -9999 -9999 -9999 -9999 -9999 -9999 -9999 -9999 -9999 -9999 -9999 -9999 -9999 -9999 -9999 -9999 -9999 -9999 -9999 -9999 -9999 -9999 -9999 -9999
-9999 -9999 -9999 -0.165 -0.129 -0.089 -0.071 -0.049 -0.042 -0.035 -0.031 -0.037 -0.02 0.0 0.005 0.013 0.016 0.011 0.02 0.024 0.022 0.013 0.008 -0.001 0.002 -0.002 -0.012 -0.015 -0.018 -0.02 -0.024 -0.031 -0.037 -0.043 -0.045 -0.049 -0.05 -0.048 -0.061 -0.078 -0.081 -0.087 -0.106 -0.121 -0.133 -0.148 -0.159 -0.172 -9999 -9999 -9999 -9999 -9999 -9999 -9999 -9999 -9999 -9999 -9999 -9999 -9999 -9999 -9999 -9999 -9999 -9999 -9999 -9999 -9999 -9999 -9999 -9999 -9999 -9999 -9999
-9999 -9999 -9999 -0.17 -9999 -0.096 -0.076 -0.056 -0.048 -0.042 -0.043 -0.049 -0.028 -0.01 -0.002 0.007 0.004 0.0 0.007 0.013 0.007 -0.001 -0.009 -0.018 -0.022 -0.026 -0.029 -0.033 -0.035 -0.037 -0.043 -0.049 -0.054 -0.061 -0.064 -0.068 -0.066 -0.063 -0.076 -0.092 -0.098 -0.104 -0.118 -0.134 -0.148 -0.163 -0.175 -0.189 -9999 -9999 -9999 -9999 -9999 -9999 -9999 -9999 -9999 -9999 -9999 -9999 -9999 -9999 -9999 -9999 -9999 -9999 -9999 -9999 -9999 -9999 -9999 -9999 -9999 -9999 -9999
-9999 -9999 -9999 -9999 -9999 -0.097 -0.075 -0.055 -0.045 -0.034 -0.037 -0.046 -0.034 -0.038 -0.03 -0.019 -0.017 -0.011 -0.006 -0.007 -0.011 -0.017 -0.025 -0.035 -0.033 -0.021 -0.029 -0.046 -0.052 -0.064 -0.069 -0.071 -0.077 -0.082 -0.084 -0.085 -0.086 -0.09 -0.098 -0.099 -0.107 -0.123 -0.141 -0.168 -0.179 -0.185 -0.198 -0.211 -9999 -9999 -9999 -9999 -9999 -9999 -9999 -9999 -9999 -9999 -9999 -9999 -9999 -9999 -9999 -9999 -9999 -9999 -9999 -9999 -9999 -9999 -9999 -9999 -9999 -9999 -9999
-9999 -9999 -9999 -0.135 -0.121 -0.103 -0.081 -0.061 -0.049 -0.038 -0.043 -0.052 -9999 -0.057 -0.048 -0.037 -0.03 -0.024 -0.023 -0.024 -0.025 -0.031 -0.04 -0.049 -0.04 -0.028 -0.042 -0.059 -0.07 -0.082 -0.085 -0.089 -0.094 -0.1 -0.101 -0.101 -0.106 -0.111 -0.112 -0.112 -0.124 -0.138 -0.162 -0.189 -0.195 -0.201 -0.214 -0.227 -9999 -9999 -9999 -9999 -9999 -9999 -9999 -9999 -9999 -9999 -9999 -9999 -9999 -9999 -9999 -9999 -9999 -9999 -9999 -9999 -9999 -9999 -9999 -9999 -9999 -9999 -9999
-0.216 -0.188 -0.155 -9999 -0.126 -0.104 -0.086 -0.075 -0.065 -0.059 -0.054 -9999 -0.045 -0.063 -0.054 -0.045 -0.037 -0.026 -0.028 -0.035 -0.037 -0.044 -0.045 -0.036 -0.033 -0.043 -0.06 -0.086 -0.099 -0.113 -0.116 -0.115 -0.121 -0.124 -0.123 -0.115 -0.121 -0.128 -0.132 -0.139 -0.148 -0.157 -0.175 -0.19 -0.201 -0.222 -0.229 -9999 -9999 -9999 -9999 -9999 -9999 -9999 -9999 -9999 -9999 -9999 -9999 -9999 -9999 -9999 -9999 -9999 -9999 -9999 -9999 -9999 -9999 -9999 -9999 -9999 -9999 -9999 -9999
-0.208 -0.173 -0.16 -0.145 -9999 -0.109 -0.097 -0.086 -0.078 -0.073 -0.055 -0.04 -0.055 -0.073 -0.065 -0.056 -0.046 -0.036 -0.041 -0.047 -0.05 -0.056 -0.048 -0.039 -0.047 -0.057 -0.079 -0.105 -0.118 -0.133 -0.133 -0.133 -0.138 -0.142 -0.137 -0.13 -0.137 -0.144 -0.152 -0.159 -0.167 -0.175 -0.186 -0.199 -0.217 -9999 -9999 -9999 -9999 -9999 -9999 -9999 -9999 -9999 -9999 -9999 -9999 -9999 -9999 -9999 -9999 -9999 -9999 -9999 -9999 -9999 -9999 -9999 -9999 -9999 -9999 -9999 -9999 -9999 -9999
-9999 -9999 -0.168 -9999 -0.137 -0.134 -0.125 -0.116 -0.104 -9999 -9999 -0.062 -0.066 -0.055 -0.051 -0.055 -0.051 -0.055 -0.059 -0.063 -0.061 -0.055 -0.054 -0.063 -0.068 -0.069 -0.092 -0.124 -0.135 -0.145 -0.147 -0.15 -0.152 -0.149 -0.146 -0.146 -0.157 -0.172 -0.18 -0.182 -0.189 -0.194 -0.204 -0.219 -9999 -9999 -9999 -9999 -9999 -9999 -9999 -9999 -9999 -9999 -9999 -9999 -9999 -9999 -9999 -9999 -9999 -9999 -9999 -9999 -9999 -9999 -9999 -9999 -9999 -9999 -9999 -9999 -9999 -9999 -9999
-0.196 -9999 -0.171 -0.15 -0.147 -0.145 -0.137 -0.131 -9999 -9999 -0.086 -0.077 -0.067 -0.056 -0.058 -0.062 -0.066 -0.071 -0.073 -0.076 -0.069 -0.063 -0.071 -0.08 -0.081 -0.082 -0.108 -0.138 -0.147 -0.157 -0.161 -0.165 -0.163 -0.16 -0.161 -0.162 -0.177 -0.193 -0.199 -0.201 -0.206 -0.212 -0.223 -0.237 -0.238 -9999 -9999 -9999 -9999 -9999 -9999 -9999 -9999 -9999 -9999 -9999 -9999 -9999 -9999 -9999 -9999 -9999 -9999 -9999 -9999 -9999 -9999 -9999 -9999 -9999 -9999 -9999 -9999 -9999 -9999
-0.19 -0.187 -0.174 -0.17 -0.166 -0.158 -0.151 -9999 -9999 -0.104 -0.095 -0.089 -0.081 -0.075 -0.075 -0.074 -0.073 -0.066 -0.071 -0.087 -0.079 -0.076 -0.084 -0.09 -0.094 -0.104 -0.123 -0.136 -0.143 -0.152 -0.156 -0.16 -0.159 -0.158 -0.163 -0.177 -0.19 -0.201 -0.208 -0.216 -0.221 -0.226 -0.235 -0.241 -9999 -9999 -9999 -9999 -9999 -9999 -9999 -9999 -9999 -9999 -9999 -9999 -9999 -9999 -9999 -9999 -9999 -9999 -9999 -9999 -9999 -9999 -9999 -9999 -9999 -9999 -9999 -9999 -9999 -9999 -9999
-0.19 -0.187 -9999 -9999 -0.172 -0.165 -9999 -9999 -9999 -0.112 -0.105 -0.1 -0.095 -0.089 -0.087 -0.086 -0.079 -0.072 -0.083 -0.098 -0.092 -0.09 -0.096 -0.103 -0.11 -0.12 -0.131 -0.144 -0.151 -0.159 -0.163 -0.167 -0.167 -0.167 -0.179 -0.193 -0.203 -0.214 -0.224 -0.233 -0.238 -0.242 -0.248 -0.253 -9999 -9999 -9999 -9999 -9999 -9999 -9999 -9999 -9999 -9999 -9999 -9999 -9999 -9999 -9999 -9999 -9999 -9999 -9999 -9999 -9999 -9999 -9999 -9999 -9999 -9999 -9999 -9999 -9999 -9999 -9999
-9999 -0.17 -0.162 -0.15 -9999 -9999 -9999 -9999 -0.123 -0.111 -0.109 -0.116 -0.114 -0.115 -0.111 -0.101 -0.101 -0.113 -0.117 -0.108 -0.107 -0.115 -0.118 -0.114 -0.123 -0.134 -0.144 -0.154 -0.157 -0.154 -0.161 -0.177 -0.178 -0.182 -0.193 -0.204 -0.214 -0.225 -0.235 -0.242 -0.245 -0.248 -0.257 -9999 -9999 -9999 -9999 -9999 -9999 -9999 -9999 -9999 -9999 -9999 -9999 -9999 -9999 -9999 -9999 -9999 -9999 -9999 -9999 -9999 -9999 -9999 -9999 -9999 -9999 -9999 -9999 -9999 -9999 -9999 -9999
