Validation/Results/raw data/ReClimate_09_2024_1_Precipitation-Actuals.asc
NCOLS 192
NROWS 249
XLLCENTER -225160.85627316462
YLLCENTER 29788.11610251502
CELLSIZE 5000.0
NODATA_VALUE -9999
[rows 198 to 230 of 249, columns 74 to 147 of 192]
-9999 -9999 -9999 -9999 -9999 -9999 -9999 -9999 -9999 -9999 -9999 -9999 -9999 -9999 -9999 -9999 -9999 -9999 173.916 173.912 174.008 159.041 155.54 163.095 163.461 195.53 210.858 235.593 228.245 201.482 169.689 135.579 130.081 124.596 123.517 130.529 121.317 102.155 87.44 83.816 85.247 89.787 84.397 88.863 87.994 84.554 78.143 74.337 72.212 75.196 69.747 71.005 72.591 68.201 65.09 65.344 65.446 67.259 63.944 69.285 72.15 72.83 77.352 75.52 73.897 71.614 69.511 70.5 69.515 67.664 70.003 63.779 61.749 61.013
-9999 -9999 -9999 -9999 -9999 -9999 -9999 -9999 -9999 -9999 -9999 -9999 -9999 -9999 -9999 114.353 141.408 162.092 166.588 183.48 175.071 169.387 162.768 158.566 182.29 200.399 220.911 213.534 214.15 181.903 163.574 158.008 135.114 121.297 143.455 123.411 100.712 82.337 80.361 82.239 91.467 79.171 81.17 80.914 84.948 84.908 76.81 82.117 75.225 69.369 63.942 65.196 69.065 63.381 59.598 62.143 67.029 68.332 73.945 71.122 71.057 73.253 75.292 74.85 74.02 73.694 68.142 69.002 69.19 67.644 64.808 65.391 61.431 61.285
-9999 -9999 -9999 -9999 -9999 -9999 -9999 -9999 -9999 -9999 -9999 -9999 -9999 142.772 133.791 139.865 153.274 164.823 183.537 182.467 183.151 173.648 176.936 194.898 182.743 202.565 211.143 196.103 190.371 181.745 191.462 162.924 143.204 137.678 120.843 104.858 89.602 107.334 95.677 83.8 80.964 75.436 73.442 77.317 81.655 80.742 84.621 78.811 71.874 66.949 59.595 63.695 65.577 60.992 65.022 65.388 66.236 68.607 67.675 74.237 72.296 80.899 83.793 80.104 77.387 76.489 70.204 65.513 66.379 66.39 64.328 60.549 63.496 62.062
-9999 -9999 -9999 -9999 -9999 -9999 -9999 -9999 -9999 144.037 154.802 150.582 146.361 174.395 166.984 174.9 178.883 181.162 188.191 187.622 198.876 205.593 224.117 209.225 193.833 202.43 189.325 185.476 183.426 196.766 183.268 166.561 149.057 134.547 116.107 92.591 122.048 121.031 102.652 99.837 83.667 82.738 75.876 81.299 92.84 81.254 84.851 74.565 68.986 65.291 65.395 67.959 67.974 76.346 70.682 70.352 67.53 73.942 71.147 69.054 72.349 75.896 82.046 80.809 78.412 74.78 69.187 66.695 66.292 67.724 67.672 66.73 63.958 62.417
-9999 -9999 -9999 -9999 -9999 -9999 -9999 -9999 128.796 148.587 154.158 167.399 207.221 234.862 226.496 217.459 202.896 204.951 208.622 205.731 210.201 221.277 221.032 208.01 199.446 180.964 173.949 176.092 190.344 188.583 173.62 161.18 143.129 129.839 128.953 149.679 173.842 137.866 115.39 92.545 91.663 82.082 87.081 89.003 81.451 80.915 76.786 72.885 69.786 67.346 68.46 72.482 75.811 83.182 86.685 74.722 68.933 77.073 79.515 75.282 75.742 74.538 78.257 77.91 76.331 72.566 72.851 72.098 66.897 70.591 72.644 65.986 64.933 63.277
-9999 -9999 -9999 -9999 -9999 -9999 -9999 119.016 133.886 150.135 161.249 181.593 214.614 213.938 204.972 201.626 200.486 204.588 203.434 197.586 208.182 220.046 212.973 193.942 176.533 164.961 177.349 201.558 206.27 194.651 172.461 156.988 137.007 140.883 134.149 178.439 167.943 152.775 115.274 107.679 98.006 99.146 90.794 87.258 84.305 83.445 89.709 74.736 70.963 65.418 62.285 74.784 85.276 92.098 87.549 79.658 77.316 79.267 84.096 79.607 79.076 77.675 75.352 75.302 78.244 72.29 70.191 75.071 74.281 71.969 72.646 67.276 65.282 66.79
-9999 -9999 -9999 -9999 -9999 113.289 -9999 120.957 132.027 145.314 155.259 163.082 176.143 176.826 178.94 179.131 177.532 187.117 177.781 182.744 187.381 187.293 179.239 177.766 178.68 196.224 222.732 263.369 281.815 232.701 219.03 202.841 198.604 170.099 152.897 157.544 186.826 143.443 124.304 120.173 114.917 99.316 92.962 93.956 91.634 93.909 84.095 73.814 65.688 64.336 74.883 85.046 94.992 99.221 90.402 80.663 77.498 77.648 81.469 79.889 77.436 73.754 73.309 72.488 69.698 72.935 69.796 70.589 72.404 70.192 71.699 72.106 67.744 71.034
-9999 -9999 -9999 -9999 -9999 -9999 -9999 -9999 -9999 147.482 146.398 154.728 161.762 165.761 176.008 171.8 173.081 158.312 173.764 172.72 172.918 181.515 183.111 195.692 198.239 223.816 258.374 291.713 285.105 276.532 252.057 264.615 256.586 189.321 176.149 172.302 136.098 137.07 124.786 104.642 102.184 99.061 109.398 106.889 107.141 95.272 82.518 71.847 70.527 74.893 85.129 101.885 101.811 102.632 92.951 83.826 80.483 84.61 78.389 77.308 73.847 70.166 68.676 68.948 69.821 67.576 69.486 68.789 69.851 72.28 74.566 78.342 77.51 71.105
-9999 -9999 -9999 -9999 -9999 -9999 -9999 -9999 -9999 143.263 144.92 147.282 154.964 169.524 176.802 179.244 163.579 166.689 168.151 170.086 181.667 185.211 188.83 193.773 196.245 214.073 233.534 252.04 253.821 248.113 252.509 263.443 227.955 212.987 183.789 152.107 164.934 162.24 121.82 113.751 118.056 121.302 117.707 120.679 108.652 99.713 81.676 78.852 81.39 99.187 106.096 103.925 99.252 99.293 98.604 92.05 82.52 80.919 82.67 75.405 72.879 69.845 68.441 69.576 69.851 70.332 70.002 68.91 71.147 74.605 80.436 78.824 78.165 77.668
-9999 -9999 -9999 -9999 -9999 -9999 -9999 120.844 130.209 138.426 140.848 -9999 153.313 154.876 164.254 156.334 151.884 150.194 -9999 156.675 164.276 175.604 196.054 192.344 212.961 219.511 233.897 242.165 236.686 224.149 236.177 217.367 200.168 190.968 189.202 179.382 184.868 171.143 131.885 128.192 112.145 115.674 123.926 121.406 119.661 91.96 82.29 80.772 89.113 94.47 101.12 97.258 98.49 90.322 89.021 89.504 82.181 75.118 73.593 73.542 77.071 73.872 70.861 67.352 66.436 65.794 68.311 70.471 73.392 80.407 82.873 83.903 78.539 78.285
-9999 -9999 -9999 -9999 -9999 -9999 -9999 121.691 -9999 -9999 -9999 143.729 142.746 151.122 -9999 -9999 -9999 -9999 -9999 148.992 157.957 174.226 172.953 186.496 197.142 202.5 215.709 222.403 224.891 279.411 281.428 238.77 204.54 199.593 203.892 198.488 190.997 157.96 139.926 123.285 115.791 121.769 116.003 116.568 95.479 84.538 83.992 86.114 95.493 94.12 99.849 92.228 87.404 87.791 83.508 79.986 76.79 73.05 71.621 70.926 73.154 75.697 71.104 70.477 67.82 68.326 69.935 68.701 76.643 83.84 86.255 84.41 79.077 76.2
-9999 -9999 -9999 -9999 -9999 -9999 -9999 -9999 -9999 129.895 134.334 133.781 137.766 140.957 -9999 -9999 -9999 -9999 -9999 -9999 -9999 -9999 163.637 178.475 177.861 174.829 186.597 208.707 270.427 312.675 311.789 278.323 236.901 212.323 203.726 184.223 188.392 172.839 141.276 128.967 138.557 128.521 119.763 95.702 88.876 89.483 90.625 100.09 97.569 96.642 93.801 88.143 83.611 80.181 78.807 75.609 72.495 72.928 70.356 68.535 67.602 69.039 69.519 70.906 72.611 73.244 77.611 77.112 80.303 88.666 85.598 81.536 78.522 74.341
-9999 -9999 -9999 -9999 -9999 -9999 -9999 -9999 -9999 -9999 133.175 -9999 -9999 -9999 -9999 -9999 -9999 -9999 -9999 -9999 151.475 158.108 166.838 164.923 154.296 155.73 166.41 205.244 254.25 293.883 301.809 272.561 231.054 212.227 198.297 183.611 180.884 153.284 128.387 123.882 128.144 122.66 106.077 -9999 91.793 94.064 96.048 107.601 99.777 93.242 87.218 83.14 81.563 77.832 77.389 74.208 71.59 66.69 65.31 65.0 67.417 67.564 68.795 69.94 73.012 82.599 83.816 87.887 82.621 83.964 82.852 79.649 72.981 73.312
-9999 -9999 -9999 -9999 -9999 -9999 -9999 -9999 -9999 -9999 -9999 -9999 -9999 -9999 -9999 -9999 -9999 -9999 -9999 -9999 150.416 157.029 149.993 143.91 -9999 -9999 -9999 167.476 221.73 240.372 246.77 228.797 214.945 210.781 191.138 166.646 155.4 134.918 119.476 123.452 115.251 104.615 -9999 88.747 89.674 93.32 99.915 100.739 93.592 89.818 83.573 84.34 83.449 80.117 76.158 74.708 70.046 69.873 70.596 72.327 71.663 70.058 67.927 71.818 74.436 77.106 85.79 85.86 82.411 79.705 79.239 75.673 72.359 69.873
-9999 -9999 -9999 -9999 -9999 -9999 -9999 -9999 -9999 -9999 -9999 -9999 -9999 -9999 -9999 -9999 -9999 -9999 -9999 -9999 -9999 -9999 -9999 -9999 -9999 -9999 -9999 131.511 171.598 199.316 192.72 189.346 187.28 181.23 164.598 151.316 137.109 122.391 118.508 114.193 -9999 -9999 90.392 87.765 95.227 95.956 95.263 98.83 92.412 85.484 80.728 80.723 83.96 82.172 79.895 84.308 83.783 80.714 81.614 86.981 82.27 77.124 77.299 75.576 80.551 82.988 80.937 80.776 79.65 72.909 74.247 73.562 69.468 68.546
-9999 -9999 -9999 -9999 -9999 -9999 -9999 -9999 -9999 -9999 -9999 -9999 -9999 -9999 -9999 -9999 -9999 -9999 -9999 -9999 -9999 -9999 -9999 -9999 -9999 -9999 -9999 131.056 148.534 157.738 166.312 166.961 160.988 153.833 148.22 137.962 124.004 -9999 -9999 -9999 -9999 -9999 88.253 95.077 99.395 96.02 98.312 100.594 95.04 86.683 82.551 79.255 79.274 86.789 87.236 94.305 95.438 91.725 88.633 89.159 88.099 80.281 79.393 77.506 77.209 83.312 77.895 75.032 71.383 70.651 69.332 69.831 69.002 66.576
-9999 -9999 -9999 -9999 -9999 -9999 -9999 -9999 -9999 -9999 -9999 -9999 -9999 -9999 -9999 -9999 -9999 -9999 -9999 -9999 -9999 -9999 -9999 -9999 -9999 -9999 -9999 -9999 -9999 139.84 154.663 150.886 144.187 140.909 135.257 123.558 -9999 -9999 -9999 -9999 101.797 104.387 104.96 99.374 96.805 96.312 104.091 102.354 96.28 88.502 83.931 84.37 89.164 91.355 94.838 95.558 97.192 91.061 87.01 81.87 83.12 82.183 76.801 77.598 74.5 75.734 75.118 71.967 71.876 71.109 72.971 72.758 68.805 67.976
-9999 -9999 -9999 -9999 -9999 -9999 -9999 -9999 -9999 -9999 -9999 -9999 -9999 -9999 -9999 -9999 -9999 -9999 -9999 -9999 -9999 -9999 -9999 -9999 -9999 -9999 -9999 -9999 -9999 -9999 125.342 119.315 131.027 121.136 118.673 -9999 -9999 -9999 -9999 106.41 105.3 105.94 105.606 95.236 96.818 92.501 92.113 94.12 98.161 90.447 87.597 93.542 94.759 96.167 99.861 96.522 92.837 87.944 85.775 82.614 80.333 79.249 79.872 76.736 75.773 71.423 71.71 73.087 76.002 75.383 75.563 73.869 71.008 68.919
-9999 -9999 -9999 -9999 -9999 -9999 -9999 -9999 -9999 -9999 -9999 -9999 -9999 -9999 -9999 -9999 -9999 -9999 -9999 -9999 -9999 -9999 -9999 -9999 -9999 -9999 -9999 -9999 -9999 -9999 -9999 -9999 -9999 -9999 -9999 -9999 -9999 -9999 108.506 106.713 103.963 108.362 103.95 104.023 97.036 94.997 93.803 98.443 94.374 84.469 86.551 87.271 90.869 92.987 94.424 98.193 96.49 93.375 96.276 92.477 88.163 86.662 84.461 86.572 79.849 75.722 73.297 73.473 76.868 78.491 75.083 74.368 72.04 70.97
-9999 -9999 -9999 -9999 -9999 -9999 -9999 -9999 -9999 -9999 -9999 -9999 -9999 -9999 -9999 -9999 -9999 -9999 -9999 -9999 -9999 -9999 -9999 -9999 -9999 -9999 -9999 -9999 -9999 -9999 -9999 -9999 -9999 -9999 -9999 -9999 -9999 102.346 106.044 113.633 118.669 137.728 123.262 104.772 104.615 101.565 101.079 98.853 85.671 81.051 80.012 83.196 87.925 90.727 95.867 98.825 105.394 103.402 98.446 106.403 98.95 93.642 88.625 84.929 83.341 76.264 76.816 77.467 77.903 79.088 78.0 75.8 75.717 74.813
-9999 -9999 -9999 -9999 -9999 -9999 -9999 -9999 -9999 -9999 -9999 -9999 -9999 -9999 -9999 -9999 -9999 -9999 -9999 -9999 -9999 -9999 -9999 -9999 -9999 -9999 -9999 -9999 -9999 -9999 -9999 -9999 -9999 -9999 -9999 -9999 -9999 100.702 100.137 105.165 122.74 127.631 127.302 132.401 121.933 115.566 114.794 99.449 88.31 83.366 94.094 96.542 96.605 93.372 90.725 91.385 95.651 104.737 102.955 100.887 100.164 92.886 92.01 87.746 84.031 81.93 80.781 80.582 83.236 81.785 79.223 78.543 77.544 83.014
-9999 -9999 -9999 -9999 -9999 -9999 -9999 -9999 -9999 -9999 -9999 -9999 -9999 -9999 -9999 -9999 -9999 -9999 -9999 -9999 -9999 -9999 -9999 -9999 170.065 192.792 215.362 198.029 -9999 166.01 -9999 -9999 -9999 -9999 -9999 -9999 -9999 -9999 93.475 100.105 107.258 110.359 117.147 126.979 123.979 125.616 111.717 102.482 96.925 104.192 104.322 95.83 94.493 92.603 86.987 88.756 89.697 90.129 93.953 98.174 95.048 95.908 96.152 99.755 94.92 89.762 89.663 89.843 86.354 87.233 84.933 84.663 86.475 85.686
-9999 -9999 -9999 -9999 -9999 -9999 -9999 -9999 -9999 -9999 -9999 -9999 -9999 -9999 -9999 -9999 -9999 -9999 -9999 -9999 -9999 161.179 166.038 156.605 170.538 214.148 222.766 210.586 204.248 171.792 134.859 110.602 -9999 -9999 103.736 100.14 100.528 98.278 89.06 91.304 95.086 97.736 108.884 110.966 119.72 121.664 117.523 105.627 113.997 106.959 100.723 100.729 93.841 91.38 88.137 87.399 95.889 94.179 92.714 91.341 94.674 96.921 102.176 99.125 103.973 102.262 95.595 91.695 88.589 87.948 89.521 89.303 101.936 101.533
-9999 -9999 -9999 -9999 -9999 -9999 -9999 -9999 -9999 -9999 -9999 -9999 -9999 -9999 -9999 -9999 -9999 -9999 -9999 -9999 162.5 160.514 151.741 150.051 181.263 217.391 234.488 231.831 208.009 183.92 156.013 125.366 115.185 116.974 113.781 113.028 102.017 91.166 88.418 87.294 90.039 92.393 101.663 113.867 114.88 116.25 112.233 122.342 109.789 112.689 110.212 100.718 101.112 96.234 92.455 90.884 92.201 98.308 94.264 94.973 93.503 96.347 99.504 103.186 104.946 106.033 103.182 103.385 103.874 93.429 86.399 91.905 96.459 106.41
-9999 -9999 -9999 -9999 -9999 -9999 -9999 -9999 -9999 -9999 -9999 -9999 -9999 -9999 -9999 -9999 -9999 -9999 -9999 -9999 161.933 139.429 132.877 139.972 164.638 194.672 204.24 207.822 194.169 175.015 151.586 145.834 142.717 129.866 121.387 106.158 101.202 94.844 85.034 85.17 83.523 91.496 97.456 97.413 95.1 102.542 111.738 108.016 107.803 121.238 120.475 103.225 102.326 102.74 97.655 94.966 96.45 96.472 96.132 95.834 96.121 95.238 97.459 103.075 110.747 111.298 106.616 107.693 112.735 106.852 95.341 90.435 92.846 102.174
-9999 -9999 -9999 -9999 -9999 -9999 -9999 -9999 -9999 -9999 -9999 -9999 -9999 -9999 -9999 -9999 -9999 -9999 -9999 -9999 144.308 130.61 128.605 129.567 148.667 155.591 162.558 161.269 160.444 156.933 152.33 153.287 143.851 132.673 112.104 100.111 96.771 92.574 85.816 84.28 91.558 89.479 88.098 85.738 96.389 103.737 104.627 104.886 105.292 113.876 107.604 106.588 109.401 103.538 96.951 97.365 97.331 100.881 103.06 98.533 99.032 104.752 104.786 108.64 113.692 122.397 114.183 108.561 108.966 105.75 99.993 98.163 96.855 97.485
-9999 -9999 -9999 -9999 -9999 -9999 -9999 -9999 -9999 -9999 -9999 -9999 -9999 -9999 -9999 -9999 158.235 170.078 -9999 148.557 132.882 144.569 133.849 127.91 127.97 132.924 135.571 146.302 150.447 150.304 147.399 139.711 132.646 112.549 102.89 95.825 97.643 95.238 91.669 89.142 88.005 91.632 93.389 91.258 100.002 97.512 103.504 105.658 109.027 109.222 108.007 119.431 117.611 109.346 102.561 99.362 101.057 102.867 101.794 103.097 100.045 104.767 111.649 109.797 114.503 115.313 119.459 110.093 108.813 111.492 107.599 103.272 101.496 98.638
-9999 -9999 -9999 -9999 -9999 -9999 -9999 -9999 -9999 -9999 -9999 -9999 -9999 -9999 -9999 -9999 176.033 181.924 156.761 143.726 143.422 142.588 129.852 128.17 134.482 130.753 134.615 140.361 143.625 147.873 140.611 130.747 121.845 117.26 119.599 119.518 111.781 102.372 93.832 92.941 99.041 98.311 96.064 98.859 101.011 98.733 106.294 104.039 106.058 119.886 130.5 114.037 117.116 109.866 106.155 107.946 106.496 102.436 102.351 100.149 101.401 101.521 106.261 109.73 114.77 121.589 114.942 123.196 117.828 114.91 114.172 110.392 105.729 104.369
-9999 -9999 -9999 -9999 -9999 -9999 -9999 -9999 -9999 -9999 -9999 -9999 -9999 -9999 -9999 152.33 164.848 156.622 162.063 155.664 146.957 140.777 137.242 135.506 130.359 122.871 129.316 132.141 131.337 134.239 122.479 118.193 112.697 119.983 135.171 137.014 140.681 118.91 108.629 104.69 105.08 100.957 103.92 105.652 106.053 109.495 111.092 105.706 112.291 123.654 108.618 110.493 108.577 112.732 109.564 107.613 112.049 108.817 100.915 100.305 96.252 94.097 100.505 106.391 110.447 116.748 116.497 117.969 125.607 118.129 126.493 113.91 117.797 119.223
-9999 -9999 -9999 -9999 -9999 -9999 -9999 -9999 -9999 -9999 -9999 -9999 -9999 -9999 -9999 -9999 133.248 150.754 149.611 147.562 141.78 141.417 130.263 123.314 123.573 121.6 124.32 123.407 122.353 114.154 114.533 115.972 113.474 123.359 134.731 144.815 137.514 133.325 120.637 121.243 114.368 116.472 120.292 125.597 112.936 118.227 119.519 116.158 120.059 114.445 113.072 108.553 109.178 111.692 109.453 107.867 108.543 108.883 104.755 103.853 -9999 98.607 97.105 108.588 106.41 106.054 106.844 103.6 107.717 107.066 107.354 109.768 106.268 115.956
-9999 -9999 -9999 -9999 -9999 -9999 -9999 -9999 -9999 -9999 -9999 -9999 -9999 -9999 -9999 129.617 126.914 133.514 138.461 142.594 143.558 138.374 126.507 120.945 118.235 121.472 114.833 112.136 105.79 107.497 109.556 107.211 109.773 119.319 126.035 132.799 140.481 127.983 126.856 139.682 137.276 136.464 145.572 132.574 135.202 138.316 132.21 125.127 120.442 114.842 111.087 110.709 109.67 110.671 108.822 109.012 111.022 110.597 108.454 103.551 99.93 -9999 93.892 -9999 97.528 -9999 94.765 -9999 94.057 95.792 97.528 98.021 97.509 100.944
-9999 -9999 -9999 -9999 -9999 -9999 -9999 -9999 -9999 -9999 -9999 -9999 -9999 -9999 -9999 125.822 127.596 132.192 136.412 145.001 147.04 143.463 136.372 132.853 128.741 124.99 114.58 101.896 100.941 104.264 101.196 101.017 103.477 116.601 126.583 138.09 132.795 122.243 138.004 136.631 128.004 131.962 127.285 135.966 144.401 137.087 124.807 126.527 119.308 116.502 114.973 112.061 111.009 108.219 107.187 108.036 108.478 104.829 103.585 100.026 97.799 -9999 -9999 91.199 90.082 -9999 -9999 90.168 90.708 90.166 -9999 -9999 -9999 -9999
-9999 -9999 -9999 -9999 -9999 -9999 -9999 -9999 -9999 -9999 -9999 -9999 -9999 -9999 144.189 136.781 141.532 137.456 136.552 139.044 144.469 152.029 158.461 163.644 162.839 140.911 115.771 112.478 112.669 103.418 99.36 93.544 105.515 114.466 129.6 128.963 127.269 123.498 124.789 109.415 116.244 117.092 125.069 136.014 135.505 124.582 127.305 124.165 120.692 116.994 109.02 110.362 111.884 107.734 104.407 100.487 102.989 103.852 -9999 -9999 -9999 101.406 -9999 -9999 -9999 -9999 -9999 -9999 93.498 -9999 -9999 -9999 -9999 -9999
