Validation/Results/raw data/ReClimate_10_2023_2_Temperature-Actualsweatherlogisticsltd.asc
NCOLS 192
NROWS 249
XLLCENTER -225160.85627316462
YLLCENTER 29788.11610251502
CELLSIZE 5000.0
NODATA_VALUE -9999
[rows 102 to 135 of 249, columns 77 to 153 of 192]
2.801 2.74 4.45 5.157 -9999 -9999 4.193 -9999 -9999 3.746 1.808 1.565 2.747 1.932 0.176 1.463 0.634 0.593 0.645 1.012 2.52 2.0 1.37 0.615 0.957 1.693 1.141 1.358 2.317 2.995 3.341 3.22 2.834 2.282 3.038 3.333 3.482 3.703 3.698 3.842 -9999 -9999 -9999 -9999 -9999 -9999 -9999 -9999 -9999 -9999 -9999 -9999 -9999 -9999 -9999 -9999 -9999 -9999 -9999 -9999 -9999 -9999 -9999 -9999 -9999 -9999 -9999 -9999 -9999 -9999 -9999 -9999 -9999 -9999 -9999 -9999 -9999
3.113 4.202 -9999 -9999 -9999 4.707 3.6 3.707 3.196 3.078 2.317 3.659 3.191 1.814 1.659 1.895 1.947 1.932 1.849 1.966 1.292 2.019 1.377 1.484 1.242 0.97 1.478 2.093 2.787 3.3 3.445 3.171 2.66 3.252 3.729 -9999 -9999 4.012 -9999 -9999 -9999 -9999 -9999 -9999 -9999 -9999 -9999 -9999 -9999 -9999 -9999 -9999 -9999 -9999 -9999 -9999 -9999 -9999 -9999 -9999 -9999 -9999 -9999 -9999 -9999 -9999 -9999 -9999 -9999 -9999 -9999 -9999 -9999 -9999 -9999 -9999 -9999
-9999 4.533 -9999 -9999 -9999 4.373 3.306 2.884 2.843 3.279 3.666 2.979 1.977 1.745 2.089 2.323 1.98 1.675 2.192 1.858 2.908 2.172 1.872 2.387 2.686 2.869 2.737 3.062 3.325 3.369 3.414 3.41 3.412 3.779 -9999 3.726 3.835 3.85 3.924 -9999 -9999 -9999 -9999 -9999 -9999 -9999 -9999 -9999 -9999 -9999 -9999 -9999 -9999 -9999 -9999 -9999 -9999 -9999 -9999 -9999 -9999 -9999 -9999 -9999 -9999 -9999 -9999 -9999 -9999 -9999 -9999 -9999 -9999 -9999 -9999 -9999 -9999
-9999 -9999 -9999 4.97 4.454 3.511 3.116 2.564 2.901 2.6 2.039 1.688 1.639 2.487 2.39 2.83 1.727 2.662 1.574 2.945 2.14 1.223 2.558 2.979 2.748 2.961 3.298 3.275 3.585 3.698 3.56 3.672 -9999 3.657 3.613 3.736 3.665 3.887 3.946 -9999 -9999 -9999 -9999 -9999 -9999 -9999 -9999 -9999 -9999 -9999 -9999 -9999 -9999 -9999 -9999 -9999 -9999 -9999 -9999 -9999 -9999 -9999 -9999 -9999 -9999 -9999 -9999 -9999 -9999 -9999 -9999 -9999 -9999 -9999 -9999 -9999 -9999
-9999 -9999 -9999 4.841 4.815 4.074 2.942 2.847 3.009 2.159 2.923 2.864 2.533 1.987 3.232 3.274 2.452 1.785 2.429 2.595 1.502 2.149 2.012 1.689 2.442 2.871 3.002 3.285 3.436 3.237 3.07 2.92 3.077 3.476 3.703 3.522 3.348 3.626 3.782 4.189 -9999 -9999 -9999 -9999 -9999 -9999 -9999 -9999 -9999 -9999 -9999 -9999 -9999 -9999 -9999 -9999 -9999 -9999 -9999 -9999 -9999 -9999 -9999 -9999 -9999 -9999 -9999 -9999 -9999 -9999 -9999 -9999 -9999 -9999 -9999 -9999 -9999
-9999 -9999 5.089 -9999 -9999 3.973 3.103 3.456 2.629 3.017 -9999 -9999 2.282 2.251 3.042 3.428 2.49 2.476 2.658 2.332 2.501 3.201 2.455 2.609 2.845 3.11 2.815 2.391 2.097 2.279 2.324 2.683 3.038 3.199 3.577 3.2 3.327 3.397 3.765 4.211 4.5 -9999 -9999 -9999 -9999 -9999 -9999 -9999 -9999 -9999 -9999 -9999 -9999 -9999 -9999 -9999 -9999 -9999 -9999 -9999 -9999 -9999 -9999 -9999 -9999 -9999 -9999 -9999 -9999 -9999 -9999 -9999 -9999 -9999 -9999 -9999 -9999
-9999 -9999 5.144 -9999 4.694 4.037 3.904 2.933 2.991 4.0 4.056 2.723 2.207 2.99 4.52 2.957 1.804 3.206 3.068 2.637 3.214 3.33 3.341 3.393 3.232 2.348 1.573 1.624 2.125 2.43 2.794 2.977 3.0 3.304 3.461 3.61 3.991 4.35 4.569 4.787 -9999 -9999 -9999 -9999 -9999 -9999 -9999 -9999 -9999 -9999 -9999 -9999 -9999 -9999 -9999 -9999 -9999 -9999 -9999 -9999 -9999 -9999 -9999 -9999 -9999 -9999 -9999 -9999 -9999 -9999 -9999 -9999 -9999 -9999 -9999 -9999 -9999
-9999 -9999 5.2 -9999 4.726 4.631 3.936 3.731 4.19 -9999 2.834 3.093 -9999 3.243 3.263 2.897 3.501 2.448 3.237 3.467 3.794 3.865 3.904 3.842 3.405 2.587 3.026 3.249 3.21 2.983 2.824 3.057 3.174 3.589 3.854 4.222 -9999 -9999 -9999 -9999 -9999 -9999 -9999 -9999 -9999 -9999 -9999 -9999 -9999 -9999 -9999 -9999 -9999 -9999 -9999 -9999 -9999 -9999 -9999 -9999 -9999 -9999 -9999 -9999 -9999 -9999 -9999 -9999 -9999 -9999 -9999 -9999 -9999 -9999 -9999 -9999 -9999
5.312 5.225 -9999 -9999 5.069 4.638 4.173 4.478 4.368 2.791 3.004 2.294 -9999 3.918 3.15 3.487 3.47 3.316 3.323 3.636 3.538 3.371 3.181 3.231 3.518 3.968 3.935 3.782 3.441 3.078 3.013 3.21 3.408 3.633 4.109 -9999 -9999 -9999 -9999 -9999 -9999 -9999 -9999 -9999 -9999 -9999 -9999 -9999 -9999 -9999 -9999 -9999 -9999 -9999 -9999 -9999 -9999 -9999 -9999 -9999 -9999 -9999 -9999 -9999 -9999 -9999 -9999 -9999 -9999 -9999 -9999 -9999 -9999 -9999 -9999 -9999 -9999
5.419 5.356 -9999 5.338 4.176 4.053 4.616 -9999 3.363 3.395 2.437 2.55 -9999 3.621 2.802 3.579 4.291 4.082 4.009 3.69 3.352 2.981 2.426 2.741 3.546 3.925 -9999 4.058 3.785 3.608 3.587 3.598 3.51 3.873 -9999 -9999 -9999 -9999 -9999 -9999 -9999 -9999 -9999 -9999 -9999 -9999 -9999 -9999 -9999 -9999 -9999 -9999 -9999 -9999 -9999 -9999 -9999 -9999 -9999 -9999 -9999 -9999 -9999 -9999 -9999 -9999 -9999 -9999 -9999 -9999 -9999 -9999 -9999 -9999 -9999 -9999 -9999
5.642 -9999 -9999 4.931 3.818 4.477 -9999 4.18 3.736 3.341 2.848 3.441 -9999 4.292 3.948 4.164 4.345 4.113 3.801 3.439 2.109 1.948 2.089 2.569 3.404 4.023 4.209 4.338 -9999 -9999 4.095 4.057 -9999 -9999 -9999 -9999 -9999 -9999 4.689 4.785 4.936 -9999 -9999 -9999 -9999 -9999 -9999 -9999 -9999 -9999 -9999 -9999 -9999 -9999 -9999 -9999 -9999 -9999 -9999 -9999 -9999 -9999 -9999 -9999 -9999 -9999 -9999 -9999 -9999 -9999 -9999 -9999 -9999 -9999 -9999 -9999 -9999
-9999 -9999 4.876 4.417 4.908 4.467 -9999 4.341 3.633 3.928 3.999 3.355 -9999 -9999 -9999 4.495 4.009 3.369 3.217 3.03 2.976 3.124 3.026 3.176 3.292 3.498 3.788 4.136 4.199 3.991 3.9 4.192 -9999 -9999 -9999 -9999 -9999 4.421 4.558 4.457 4.698 4.841 -9999 -9999 -9999 -9999 -9999 -9999 -9999 -9999 -9999 -9999 -9999 -9999 -9999 -9999 -9999 -9999 -9999 -9999 -9999 -9999 -9999 -9999 -9999 -9999 -9999 -9999 -9999 -9999 -9999 -9999 -9999 -9999 -9999 -9999 -9999
-9999 -9999 -9999 5.386 4.297 4.723 -9999 4.391 -9999 4.463 3.721 4.556 -9999 4.868 4.191 3.86 -9999 3.671 3.881 3.819 3.825 3.588 3.492 3.233 3.088 3.128 3.382 3.579 3.294 3.312 3.757 4.026 4.185 4.267 4.453 -9999 4.425 4.29 4.155 4.24 4.068 3.912 3.961 4.834 -9999 -9999 -9999 -9999 -9999 -9999 -9999 -9999 -9999 -9999 -9999 -9999 -9999 -9999 -9999 -9999 -9999 -9999 -9999 -9999 -9999 -9999 -9999 -9999 -9999 -9999 -9999 -9999 -9999 -9999 -9999 -9999 -9999
-9999 -9999 -9999 4.671 3.898 4.815 -9999 5.244 -9999 4.748 4.985 -9999 4.842 3.93 3.346 3.753 3.996 4.024 4.001 4.26 4.101 3.64 3.548 3.263 2.966 2.96 3.016 3.037 3.062 3.285 3.471 3.535 3.577 3.695 4.125 4.233 3.928 3.871 3.781 3.732 3.325 3.074 2.964 3.425 4.336 4.663 4.524 -9999 -9999 -9999 -9999 -9999 -9999 -9999 -9999 -9999 -9999 -9999 -9999 -9999 -9999 -9999 -9999 -9999 -9999 -9999 -9999 -9999 -9999 -9999 -9999 -9999 -9999 -9999 -9999 -9999 -9999
-9999 -9999 -9999 4.678 4.833 4.658 4.733 -9999 -9999 5.555 5.394 -9999 4.907 3.507 2.97 3.533 3.74 4.013 4.221 4.204 4.089 4.16 3.828 3.467 3.182 2.785 2.73 2.764 2.907 2.902 2.772 2.667 2.627 3.351 4.0 3.835 3.559 3.402 3.105 2.375 2.295 2.589 2.617 3.03 3.205 3.957 4.492 4.383 -9999 -9999 -9999 -9999 -9999 -9999 -9999 -9999 -9999 -9999 -9999 -9999 -9999 -9999 -9999 -9999 -9999 -9999 -9999 -9999 -9999 -9999 -9999 -9999 -9999 -9999 -9999 -9999 -9999
-9999 -9999 -9999 5.161 4.889 4.46 5.545 -9999 -9999 5.808 5.857 -9999 -9999 3.572 3.267 3.678 3.542 3.452 3.701 3.816 3.919 3.669 3.796 3.678 3.29 3.003 2.628 2.454 2.302 2.365 2.099 2.115 2.648 3.11 3.271 3.205 2.97 2.638 2.171 2.115 2.124 2.422 2.679 3.012 3.499 3.701 3.762 4.195 -9999 -9999 -9999 -9999 -9999 -9999 -9999 -9999 -9999 -9999 -9999 -9999 -9999 -9999 -9999 -9999 -9999 -9999 -9999 -9999 -9999 -9999 -9999 -9999 -9999 -9999 -9999 -9999 -9999
-9999 -9999 -9999 5.421 4.758 5.021 -9999 -9999 -9999 -9999 6.061 -9999 5.134 3.789 3.847 3.862 3.35 3.14 3.092 3.384 3.43 3.465 3.403 3.434 3.46 2.891 2.455 2.334 2.361 2.171 2.064 2.425 2.645 2.663 2.636 2.228 2.271 2.38 2.479 2.458 2.451 2.633 2.839 3.205 3.568 3.59 3.72 4.11 4.272 -9999 -9999 -9999 -9999 -9999 -9999 -9999 -9999 -9999 -9999 -9999 -9999 -9999 -9999 -9999 -9999 -9999 -9999 -9999 -9999 -9999 -9999 -9999 -9999 -9999 -9999 -9999 -9999
-9999 5.196 5.064 4.803 5.011 -9999 -9999 4.708 -9999 -9999 -9999 -9999 5.298 4.464 4.252 3.954 3.606 3.199 2.968 2.916 2.819 2.819 3.006 3.165 3.232 3.108 2.501 2.409 2.3 2.395 2.71 2.712 2.338 2.356 1.636 1.409 1.861 2.22 2.451 2.763 2.851 2.965 2.957 3.253 3.567 3.639 3.752 3.897 4.036 -9999 -9999 -9999 -9999 -9999 -9999 -9999 -9999 -9999 -9999 -9999 -9999 -9999 -9999 -9999 -9999 -9999 -9999 -9999 -9999 -9999 -9999 -9999 -9999 -9999 -9999 -9999 -9999
-9999 -9999 4.732 4.716 5.243 -9999 4.698 4.019 4.604 -9999 -9999 -9999 -9999 5.204 4.754 4.456 4.039 3.63 3.291 2.883 2.742 2.859 3.009 3.043 3.128 2.755 2.759 2.564 2.39 2.383 2.561 2.292 2.743 2.264 2.124 2.043 1.725 1.978 2.628 2.89 3.158 3.199 3.21 3.406 3.575 3.663 3.704 3.57 3.603 4.062 -9999 -9999 -9999 -9999 -9999 -9999 -9999 -9999 -9999 -9999 -9999 -9999 -9999 -9999 -9999 -9999 -9999 -9999 -9999 -9999 -9999 -9999 -9999 -9999 -9999 -9999 -9999
-9999 -9999 5.166 4.873 5.081 -9999 5.005 3.994 4.747 -9999 -9999 -9999 -9999 -9999 5.099 4.75 4.366 4.091 3.787 3.491 3.214 2.835 2.473 2.569 2.761 2.923 2.993 2.653 2.334 2.421 2.404 2.581 2.786 2.529 2.432 2.477 2.825 2.926 3.134 3.116 3.257 3.152 3.289 3.538 3.628 3.732 3.672 3.549 3.294 3.646 4.258 -9999 -9999 -9999 -9999 -9999 -9999 -9999 -9999 -9999 -9999 -9999 -9999 -9999 -9999 -9999 -9999 -9999 -9999 -9999 -9999 -9999 -9999 -9999 -9999 -9999 -9999
-9999 -9999 5.12 4.782 -9999 -9999 5.434 4.483 4.31 5.231 -9999 -9999 -9999 -9999 -9999 4.922 4.336 3.938 3.787 3.251 2.728 2.449 2.15 2.21 2.462 2.788 2.601 2.606 2.428 2.215 2.346 2.709 1.593 2.176 2.024 2.616 2.283 2.76 3.242 3.039 3.151 3.419 3.503 3.352 3.225 3.311 3.512 3.433 3.682 3.397 3.958 4.48 5.077 -9999 -9999 -9999 -9999 -9999 -9999 -9999 -9999 -9999 -9999 -9999 -9999 -9999 -9999 -9999 -9999 -9999 -9999 -9999 -9999 -9999 -9999 -9999 -9999
-9999 -9999 5.007 5.66 -9999 -9999 5.126 4.127 4.284 -9999 -9999 -9999 -9999 -9999 -9999 4.973 4.345 3.933 3.653 3.201 2.951 2.845 2.551 2.431 2.329 2.374 2.416 2.465 1.812 1.42 2.232 1.509 1.073 1.346 2.216 2.099 2.547 3.177 2.888 2.938 3.174 3.184 3.238 3.299 3.231 3.292 2.964 2.911 3.54 3.55 3.531 4.194 4.777 -9999 -9999 -9999 -9999 -9999 -9999 -9999 -9999 -9999 -9999 -9999 -9999 -9999 -9999 -9999 -9999 -9999 -9999 -9999 -9999 -9999 -9999 -9999 -9999
-9999 -9999 5.494 6.32 -9999 -9999 -9999 5.287 5.053 5.25 -9999 -9999 -9999 -9999 -9999 4.987 4.412 3.999 3.756 3.465 3.287 2.756 2.114 1.861 2.187 2.114 2.515 2.466 1.987 1.88 2.257 1.124 1.511 2.013 1.775 2.1 2.843 2.663 2.912 2.87 2.99 3.256 3.164 3.051 3.116 2.865 1.953 2.291 2.886 3.55 3.545 3.821 4.433 -9999 -9999 -9999 -9999 -9999 -9999 -9999 -9999 -9999 -9999 -9999 -9999 -9999 -9999 -9999 -9999 -9999 -9999 -9999 -9999 -9999 -9999 -9999 -9999
-9999 5.22 5.538 6.319 -9999 -9999 -9999 -9999 -9999 -9999 -9999 -9999 -9999 -9999 -9999 4.631 4.085 3.848 3.633 3.405 3.182 2.536 2.156 2.076 2.241 2.328 2.128 2.175 1.628 1.737 1.237 0.97 1.46 2.005 1.794 2.132 2.285 2.662 2.654 2.888 2.862 2.84 3.039 2.856 2.799 2.036 1.915 1.87 2.889 3.646 3.775 3.811 4.226 5.239 -9999 -9999 -9999 -9999 -9999 -9999 -9999 -9999 -9999 -9999 -9999 -9999 -9999 -9999 -9999 -9999 -9999 -9999 -9999 -9999 -9999 -9999 -9999
5.317 5.315 5.376 6.433 -9999 -9999 -9999 -9999 -9999 -9999 -9999 -9999 -9999 5.23 4.882 4.343 3.794 3.336 3.044 3.125 3.064 2.889 2.68 2.92 2.498 1.801 1.837 1.876 1.893 2.109 1.713 1.052 2.121 2.019 2.033 2.157 2.454 2.698 2.923 2.455 2.532 2.799 2.808 2.634 2.135 2.055 2.054 2.199 2.873 3.758 3.93 3.838 4.195 4.898 -9999 -9999 -9999 -9999 -9999 -9999 -9999 -9999 -9999 -9999 -9999 -9999 -9999 -9999 -9999 -9999 -9999 -9999 -9999 -9999 -9999 -9999 -9999
5.338 5.77 6.445 -9999 -9999 -9999 -9999 -9999 -9999 -9999 -9999 -9999 -9999 5.158 4.809 4.216 3.561 3.18 3.152 2.6 2.241 2.251 2.189 2.393 2.417 2.435 2.24 1.922 2.152 2.424 2.142 1.918 1.479 1.911 1.786 2.283 2.541 2.988 2.606 2.417 2.527 2.587 2.333 1.875 1.723 2.14 2.469 2.803 3.302 3.379 3.406 3.69 4.08 4.752 -9999 -9999 -9999 -9999 -9999 -9999 -9999 -9999 -9999 -9999 -9999 -9999 -9999 -9999 -9999 -9999 -9999 -9999 -9999 -9999 -9999 -9999 -9999
-9999 -9999 -9999 -9999 -9999 -9999 -9999 -9999 -9999 -9999 -9999 -9999 -9999 5.018 4.533 3.69 3.584 3.382 3.077 2.252 2.084 1.565 1.844 2.115 2.424 2.521 2.223 1.272 1.652 2.571 2.6 1.681 1.716 1.967 2.051 2.021 2.574 2.216 2.025 2.195 1.93 1.792 1.549 2.184 2.37 2.49 2.612 2.838 3.529 3.716 3.598 3.749 4.272 4.799 -9999 -9999 -9999 -9999 -9999 -9999 -9999 -9999 -9999 -9999 -9999 -9999 -9999 -9999 -9999 -9999 -9999 -9999 -9999 -9999 -9999 -9999 -9999
-9999 -9999 -9999 -9999 -9999 -9999 -9999 -9999 -9999 -9999 -9999 -9999 5.052 4.334 3.519 3.545 3.25 3.345 3.132 2.816 1.898 1.878 1.795 2.108 2.36 3.018 2.609 2.127 2.232 2.609 2.746 2.442 2.302 2.224 2.091 2.121 1.774 2.297 2.443 2.212 1.976 1.193 1.898 1.925 2.378 2.786 2.698 2.883 2.929 3.57 3.879 4.076 4.42 4.828 -9999 -9999 -9999 -9999 -9999 -9999 -9999 -9999 -9999 -9999 -9999 -9999 -9999 -9999 -9999 -9999 -9999 -9999 -9999 -9999 -9999 -9999 -9999
-9999 -9999 -9999 -9999 -9999 -9999 -9999 -9999 -9999 -9999 -9999 -9999 4.521 3.886 3.419 2.738 2.959 3.315 3.114 2.33 2.698 2.297 2.206 2.541 2.919 3.575 3.372 2.874 2.591 2.66 3.23 2.941 2.772 2.675 2.578 1.963 2.658 2.209 2.476 2.434 1.358 2.235 1.953 2.205 2.672 2.66 3.029 3.005 2.837 3.286 3.748 4.023 4.425 4.898 -9999 -9999 -9999 -9999 -9999 -9999 -9999 -9999 -9999 -9999 -9999 -9999 -9999 -9999 -9999 -9999 -9999 -9999 -9999 -9999 -9999 -9999 -9999
-9999 -9999 -9999 -9999 -9999 -9999 -9999 -9999 -9999 -9999 -9999 4.897 4.074 3.85 2.96 3.085 2.826 2.145 2.448 2.747 2.874 2.527 2.73 2.92 2.991 3.28 3.291 3.005 2.995 3.596 3.561 3.242 2.814 2.741 2.148 2.84 2.574 2.22 2.776 1.96 1.853 2.382 2.633 2.903 2.639 2.742 2.913 2.853 3.2 3.517 3.84 4.088 4.395 4.811 5.219 -9999 -9999 -9999 -9999 -9999 -9999 -9999 -9999 -9999 -9999 -9999 -9999 -9999 -9999 -9999 -9999 -9999 -9999 -9999 -9999 -9999 -9999
-9999 -9999 -9999 -9999 -9999 -9999 -9999 -9999 -9999 -9999 5.011 4.499 4.035 3.828 3.569 3.314 2.744 2.781 2.654 2.34 3.202 3.16 3.099 2.945 2.988 3.191 3.404 3.706 3.845 3.603 3.779 3.472 3.073 2.778 2.926 3.099 2.806 2.775 2.95 2.148 1.948 2.255 2.443 2.619 2.753 3.058 3.099 3.008 3.446 3.662 3.833 4.023 4.365 4.736 5.216 -9999 -9999 -9999 -9999 -9999 -9999 -9999 -9999 -9999 -9999 -9999 -9999 -9999 -9999 -9999 -9999 -9999 -9999 -9999 -9999 -9999 -9999
-9999 -9999 -9999 -9999 -9999 -9999 -9999 -9999 -9999 -9999 4.882 3.524 3.832 3.807 3.724 3.74 3.209 2.313 2.445 3.235 3.388 3.504 3.373 3.246 3.101 2.949 3.817 4.103 3.98 3.962 3.619 3.581 3.174 3.227 3.165 3.312 3.068 3.076 2.74 2.579 2.329 2.31 2.511 2.584 3.038 3.353 3.284 3.314 3.387 3.561 3.842 4.147 4.273 4.556 5.018 -9999 -9999 -9999 -9999 -9999 -9999 -9999 -9999 -9999 -9999 -9999 -9999 -9999 -9999 -9999 -9999 -9999 -9999 -9999 -9999 -9999 -9999
-9999 -9999 -9999 -9999 -9999 -9999 -9999 -9999 -9999 5.357 4.005 3.858 3.75 3.749 3.907 3.966 3.308 2.942 3.181 3.17 3.476 3.582 3.653 3.364 3.067 3.588 3.768 4.002 4.379 4.004 3.914 3.698 3.656 3.513 3.522 3.593 3.482 3.085 3.237 2.919 2.396 2.644 2.676 2.792 2.89 3.282 3.434 3.751 3.546 3.592 3.848 4.181 4.399 4.497 4.823 5.458 -9999 -9999 -9999 -9999 -9999 -9999 -9999 -9999 -9999 -9999 -9999 -9999 -9999 -9999 -9999 -9999 -9999 -9999 -9999 -9999 -9999
-9999 -9999 -9999 -9999 -9999 -9999 -9999 -9999 5.607 -9999 4.535 3.942 3.814 3.861 4.119 4.358 4.025 3.929 3.449 3.0 3.4 3.723 3.779 3.708 3.73 3.818 3.848 4.102 4.305 4.171 4.313 4.161 3.981 3.819 3.888 3.96 3.863 3.699 3.489 3.204 3.215 3.044 3.006 2.975 3.194 3.482 3.974 3.624 3.381 3.661 3.925 4.168 4.42 4.624 4.815 5.233 -9999 -9999 -9999 -9999 -9999 -9999 -9999 -9999 -9999 -9999 -9999 -9999 -9999 -9999 -9999 -9999 -9999 -9999 -9999 -9999 -9999
