Validation/Results/raw data/ReClimate_11_2023_1_Temperatureweatherlogisticsltd.asc
NCOLS 192
NROWS 249
XLLCENTER -225160.85627316462
YLLCENTER 29788.11610251502
CELLSIZE 5000.0
NODATA_VALUE -9999
[rows 132 to 164 of 249, columns 76 to 151 of 192]
-9999 -9999 -9999 -9999 -9999 -9999 -9999 -9999 -9999 -9999 -9999 -0.64 -0.63 -0.6 -0.569 -0.558 -0.549 -0.527 -0.503 -0.498 -0.496 -0.492 -0.489 -0.479 -0.469 -0.484 -0.498 -0.47 -0.439 -0.435 -0.434 -0.442 -0.454 -0.405 -0.347 -0.355 -0.367 -0.329 -0.287 -0.27 -0.252 -0.226 -0.186 -0.146 -0.107 -0.077 -0.051 -0.027 -0.005 -0.002 -0.003 0.005 0.009 0.028 0.046 0.052 -9999 -9999 -9999 -9999 -9999 -9999 -9999 -9999 -9999 -9999 -9999 -9999 -9999 -9999 -9999 -9999 -9999 -9999 -9999 -9999
-9999 -9999 -9999 -9999 -9999 -9999 -9999 -9999 -9999 -9999 -9999 -0.64 -0.621 -0.591 -0.556 -0.545 -0.541 -0.523 -0.51 -0.506 -0.501 -0.495 -0.482 -0.479 -0.49 -0.495 -0.48 -0.449 -0.417 -0.408 -0.398 -0.398 -0.392 -0.362 -0.365 -0.364 -0.344 -0.313 -0.288 -0.271 -0.243 -0.201 -0.145 -0.106 -0.067 -0.051 -0.058 -0.035 -0.007 0.011 0.018 0.027 0.031 0.039 0.05 0.061 -9999 -9999 -9999 -9999 -9999 -9999 -9999 -9999 -9999 -9999 -9999 -9999 -9999 -9999 -9999 -9999 -9999 -9999 -9999 -9999
-9999 -9999 -9999 -9999 -9999 -9999 -9999 -9999 -9999 -9999 -0.65 -0.636 -0.614 -0.582 -0.548 -0.538 -0.532 -0.519 -0.506 -0.501 -0.497 -0.485 -0.472 -0.479 -0.489 -0.479 -0.461 -0.429 -0.396 -0.383 -0.372 -0.361 -0.351 -0.351 -0.353 -0.335 -0.315 -0.293 -0.27 -0.246 -0.208 -0.154 -0.1 -0.061 -0.03 -0.035 -0.047 -0.023 0.0 0.018 0.035 0.042 0.047 0.054 0.06 0.07 0.08 -9999 -9999 -9999 -9999 -9999 -9999 -9999 -9999 -9999 -9999 -9999 -9999 -9999 -9999 -9999 -9999 -9999 -9999 -9999
-9999 -9999 -9999 -9999 -9999 -9999 -9999 -9999 -9999 -0.669 -9999 -0.641 -0.578 -0.559 -0.567 -0.551 -0.529 -0.524 -0.537 -0.521 -0.481 -0.477 -0.491 -0.489 -0.47 -0.455 -0.427 -0.4 -0.383 -0.368 -0.351 -0.338 -0.325 -0.315 -0.294 -0.284 -0.294 -0.275 -0.255 -0.221 -0.18 -0.131 -0.084 -0.061 -0.049 -0.047 -0.031 -0.0 0.047 0.061 0.077 0.072 0.07 0.072 0.074 0.08 0.088 -9999 -9999 -9999 -9999 -9999 -9999 -9999 -9999 -9999 -9999 -9999 -9999 -9999 -9999 -9999 -9999 -9999 -9999 -9999
-9999 -9999 -9999 -9999 -9999 -9999 -9999 -9999 -9999 -0.686 -9999 -0.624 -0.561 -0.563 -0.569 -0.545 -0.521 -0.527 -0.541 -0.506 -0.467 -0.476 -0.489 -0.472 -0.453 -0.431 -0.401 -0.383 -0.366 -9999 -9999 -9999 -9999 -9999 -9999 -0.264 -0.271 -0.248 -0.219 -0.184 -0.146 -0.103 -0.066 -0.054 -0.045 -0.03 -0.014 0.027 0.073 0.087 0.099 0.095 0.084 0.087 0.086 0.091 0.096 0.105 -9999 -9999 -9999 -9999 -9999 -9999 -9999 -9999 -9999 -9999 -9999 -9999 -9999 -9999 -9999 -9999 -9999 -9999
-0.659 -9999 -9999 -9999 -9999 -9999 -9999 -9999 -9999 -0.685 -0.68 -0.636 -0.604 -0.601 -0.589 -0.567 -0.545 -0.539 -0.514 -0.483 -0.453 -0.464 -0.485 -0.468 -0.448 -0.423 -0.388 -0.371 -0.359 -9999 -9999 -9999 -9999 -0.253 -0.243 -0.244 -0.237 -0.2 -0.152 -0.118 -0.089 -0.06 -0.044 -0.032 -0.017 -0.001 0.015 0.041 0.046 0.058 0.067 0.095 0.102 0.094 0.087 0.109 0.115 0.118 -9999 -9999 -9999 -9999 -9999 -9999 -9999 -9999 -9999 -9999 -9999 -9999 -9999 -9999 -9999 -9999 -9999 -9999
-0.655 -0.659 -9999 -9999 -9999 -9999 -9999 -9999 -9999 -0.687 -0.677 -0.649 -9999 -9999 -0.591 -0.57 -0.548 -0.521 -9999 -0.475 -0.439 -0.453 -0.472 -0.454 -0.434 -0.404 -0.37 -9999 -9999 -9999 -9999 -9999 -0.247 -0.233 -0.218 -0.203 -0.193 -0.149 -0.102 -0.074 -0.054 -0.038 -0.025 -0.01 0.004 0.019 0.034 0.04 0.043 0.054 0.063 0.087 0.113 0.105 0.092 0.113 0.137 0.134 -9999 -9999 -9999 -9999 -9999 -9999 -9999 -9999 -9999 -9999 -9999 -9999 -9999 -9999 -9999 -9999 -9999 -9999
-0.668 -0.671 -9999 -9999 -9999 -9999 -9999 -9999 -9999 -9999 -0.655 -0.613 -9999 -9999 -9999 -0.552 -0.553 -0.531 -0.518 -9999 -9999 -0.454 -0.467 -0.451 -0.435 -0.411 -9999 -9999 -9999 -9999 -9999 -0.263 -0.237 -0.215 -0.186 -0.162 -0.127 -0.088 -0.056 -0.034 -0.016 -0.001 0.011 0.019 0.013 0.036 0.076 0.075 0.055 0.071 0.083 0.096 0.114 0.12 0.115 0.12 0.134 0.143 -9999 -9999 -9999 -9999 -9999 -9999 -9999 -9999 -9999 -9999 -9999 -9999 -9999 -9999 -9999 -9999 -9999 -9999
-0.677 -9999 -9999 -9999 -9999 -9999 -9999 -9999 -9999 -9999 -9999 -0.6 -9999 -9999 -9999 -9999 -0.547 -0.529 -0.514 -9999 -9999 -9999 -0.44 -0.435 -9999 -9999 -9999 -9999 -9999 -9999 -9999 -0.234 -0.205 -0.175 -0.148 -0.113 -0.079 -0.051 -0.027 -0.006 0.01 0.023 0.034 0.032 0.025 0.06 0.099 0.086 0.066 0.081 0.094 0.106 0.119 0.124 0.128 0.132 0.136 0.144 -9999 -9999 -9999 -9999 -9999 -9999 -9999 -9999 -9999 -9999 -9999 -9999 -9999 -9999 -9999 -9999 -9999 -9999
-9999 -9999 -9999 -9999 -9999 -9999 -9999 -9999 -9999 -9999 -9999 -0.605 -9999 -9999 -9999 -9999 -9999 -0.504 -0.468 -9999 -9999 -9999 -9999 -9999 -9999 -9999 -9999 -9999 -9999 -9999 -9999 -0.196 -0.186 -0.151 -0.096 -0.054 -0.001 0.007 -0.015 0.005 0.027 0.04 0.05 0.049 0.048 0.073 0.081 0.076 0.084 0.098 0.112 0.118 0.127 0.142 0.152 0.149 0.148 0.144 0.15 -9999 -9999 -9999 -9999 -9999 -9999 -9999 -9999 -9999 -9999 -9999 -9999 -9999 -9999 -9999 -9999 -9999
-0.697 -0.69 -0.681 -0.684 -9999 -9999 -9999 -9999 -9999 -9999 -9999 -0.6 -9999 -9999 -9999 -9999 -9999 -9999 -9999 -9999 -9999 -9999 -9999 -9999 -9999 -9999 -9999 -9999 -9999 -9999 -0.187 -0.167 -0.157 -0.108 -0.058 -0.011 0.037 0.021 0.001 0.024 0.044 0.056 0.064 0.066 0.065 0.074 0.081 0.09 0.097 0.11 0.123 0.129 0.134 0.148 0.164 0.161 0.156 0.153 0.147 0.148 -9999 -9999 -9999 -9999 -9999 -9999 -9999 -9999 -9999 -9999 -9999 -9999 -9999 -9999 -9999 -9999
-0.688 -0.686 -0.693 -0.695 -9999 -9999 -9999 -9999 -9999 -9999 -9999 -9999 -9999 -9999 -9999 -9999 -9999 -9999 -9999 -9999 -9999 -9999 -9999 -9999 -9999 -9999 -9999 -9999 -9999 -0.181 -0.149 -0.112 -0.047 -0.025 -0.055 -0.016 0.025 0.016 0.018 0.039 0.059 0.073 0.094 0.093 0.081 0.09 0.103 0.112 0.122 0.136 0.151 0.152 0.154 0.157 0.165 0.164 0.16 0.168 0.169 0.171 -9999 -9999 -9999 -9999 -9999 -9999 -9999 -9999 -9999 -9999 -9999 -9999 -9999 -9999 -9999 -9999
-0.687 -0.693 -9999 -0.7 -0.7 -9999 -9999 -9999 -9999 -9999 -9999 -9999 -9999 -9999 -9999 -9999 -9999 -9999 -9999 -9999 -9999 -9999 -9999 -9999 -9999 -9999 -9999 -9999 -9999 -0.136 -0.114 -0.055 0.007 -0.013 -0.043 -0.008 0.029 0.032 0.033 0.053 0.071 0.092 0.112 0.105 0.092 0.104 0.116 0.126 0.136 0.15 0.165 0.166 0.165 0.167 0.168 0.168 0.166 0.173 0.181 0.182 0.179 0.176 -9999 -9999 -9999 -9999 -9999 -9999 -9999 -9999 -9999 -9999 -9999 -9999 -9999 -9999
-0.676 -0.684 -9999 -9999 -0.706 -9999 -9999 -9999 -9999 -9999 -9999 -9999 -9999 -9999 -9999 -9999 -9999 -9999 -9999 -9999 -9999 -9999 -9999 -9999 -9999 -9999 -9999 -9999 -9999 -0.085 -0.06 -0.017 0.003 -0.006 -0.002 0.018 0.011 0.019 0.041 0.062 0.089 0.099 0.092 0.092 0.106 0.118 0.128 0.136 0.138 0.148 0.16 0.165 0.166 0.18 0.187 0.186 0.184 0.19 0.197 0.194 0.19 0.183 0.182 0.182 0.177 -9999 -9999 -9999 -9999 -9999 -9999 -9999 -9999 -9999 -9999 -9999
-0.675 -0.687 -0.701 -9999 -0.702 -9999 -9999 -9999 -9999 -9999 -9999 -9999 -9999 -9999 -9999 -9999 -9999 -9999 -9999 -9999 -9999 -9999 -9999 -9999 -9999 -9999 -9999 -9999 -0.131 -0.072 -0.026 -0.005 0.014 0.022 0.026 0.022 0.014 0.033 0.053 0.077 0.104 0.101 0.091 0.104 0.117 0.127 0.137 0.141 0.143 0.152 0.162 0.167 0.17 0.183 0.197 0.196 0.194 0.2 0.203 0.2 0.193 0.187 0.18 0.186 0.189 0.183 0.163 -9999 -9999 -9999 -9999 -9999 -9999 -9999 -9999 -9999
-0.687 -0.695 -9999 -0.691 -9999 -9999 -9999 -9999 -9999 -9999 -9999 -9999 -9999 -9999 -9999 -9999 -9999 -9999 -9999 -9999 -9999 -9999 -9999 -9999 -9999 -9999 -9999 -9999 -9999 -0.074 -0.033 -0.011 0.016 0.025 0.039 0.034 0.024 0.043 0.065 0.086 0.105 0.105 0.107 0.117 0.121 0.125 0.121 0.128 0.148 0.153 0.159 0.172 0.181 0.186 0.195 0.197 0.196 0.193 0.19 0.199 0.2 0.196 0.189 0.183 0.182 0.201 0.197 0.176 -9999 -9999 -9999 -9999 -9999 -9999 -9999 -9999
-0.688 -0.683 -0.68 -0.67 -9999 -9999 -9999 -9999 -9999 -9999 -9999 -9999 -9999 -9999 -9999 -9999 -9999 -9999 -9999 -9999 -9999 -9999 -9999 -9999 -9999 -9999 -9999 -9999 -9999 -9999 -0.02 0.005 0.028 0.042 0.053 0.048 0.038 0.057 0.079 0.097 0.114 0.118 0.119 0.124 0.127 0.125 0.119 0.136 0.154 0.159 0.163 0.175 0.188 0.193 0.198 0.2 0.2 0.195 0.187 0.195 0.204 0.2 0.194 0.189 0.181 0.2 0.223 0.206 0.183 -9999 -9999 -9999 -9999 -9999 -9999 -9999
-0.679 -0.668 -0.65 -9999 -9999 -9999 -9999 -9999 -9999 -9999 -9999 -9999 -9999 -9999 -9999 -9999 -9999 -9999 -9999 -9999 -9999 -9999 -9999 -9999 -9999 -9999 -9999 -9999 -9999 -9999 0.004 0.033 0.046 0.055 0.055 0.058 0.076 0.096 0.11 0.127 0.145 0.142 0.125 0.127 0.125 0.126 0.134 0.148 0.159 0.163 0.167 0.17 0.178 0.181 0.183 0.188 0.188 0.2 0.202 0.197 0.2 0.21 0.213 0.214 0.212 0.207 0.216 0.22 0.209 0.183 -9999 -9999 -9999 -9999 -9999 -9999
-0.664 -0.645 -0.624 -9999 -9999 -9999 -9999 -9999 -9999 -9999 -9999 -9999 -9999 -9999 -9999 -9999 -9999 -9999 -9999 -9999 -9999 -9999 -9999 -9999 -9999 -9999 -9999 -9999 -9999 -9999 -9999 0.049 0.065 0.066 0.064 0.081 0.103 0.116 0.127 0.144 0.161 0.149 0.133 0.132 0.129 0.137 0.144 0.154 0.166 0.169 0.173 0.176 0.179 0.181 0.182 0.185 0.186 0.196 0.208 0.205 0.199 0.209 0.221 0.223 0.224 0.22 0.214 0.219 0.224 0.209 -9999 -9999 -9999 -9999 -9999 -9999
-9999 -9999 -9999 -9999 -9999 -9999 -9999 -9999 -9999 -9999 -9999 -9999 -9999 -9999 -9999 -9999 -9999 -9999 -9999 -9999 -9999 -9999 -9999 -9999 -9999 -9999 -9999 -9999 -9999 -9999 -9999 0.06 0.076 0.083 0.101 0.114 0.112 0.125 0.143 0.155 0.161 0.157 0.162 0.156 0.137 0.145 0.157 0.166 0.175 0.178 0.181 0.188 0.193 0.196 0.196 0.192 0.189 0.193 0.2 0.215 0.221 0.222 0.229 0.225 0.223 0.231 0.234 0.226 0.223 0.205 0.197 -9999 -9999 -9999 -9999 -9999
-9999 -9999 -9999 -9999 -9999 -9999 -9999 -9999 -9999 -9999 -9999 -9999 -9999 -9999 -9999 -9999 -9999 -9999 -9999 -9999 -9999 -9999 -9999 -9999 -9999 -9999 -9999 -9999 -9999 -9999 -9999 -9999 0.09 0.107 0.125 0.125 0.122 0.139 0.156 0.162 0.167 0.173 0.179 0.164 0.145 0.156 0.167 0.175 0.184 0.186 0.189 0.196 0.202 0.203 0.204 0.199 0.192 0.195 0.199 0.213 0.23 0.231 0.233 0.229 0.224 0.232 0.241 0.234 0.224 0.207 0.184 -9999 -9999 -9999 -9999 -9999
-9999 -9999 -9999 -9999 -9999 -9999 -9999 -9999 -9999 -9999 -9999 -9999 -9999 -9999 -9999 -9999 -9999 -9999 -9999 -9999 -9999 -9999 -9999 -9999 -9999 -9999 -9999 -9999 -9999 -9999 -9999 -9999 0.108 -9999 0.159 0.16 0.155 0.168 -9999 0.178 0.177 0.183 0.188 0.174 0.156 0.167 0.181 0.185 0.182 0.184 0.185 0.195 0.202 0.218 0.228 0.211 0.198 0.202 0.207 0.213 0.226 0.224 0.222 0.227 0.226 0.232 0.239 0.231 0.22 0.216 0.202 0.211 -9999 -9999 -9999 -9999
-9999 -9999 -9999 -9999 -9999 -9999 -9999 -9999 -9999 -9999 -9999 -9999 -9999 -9999 -9999 -9999 -9999 -9999 -9999 -9999 -9999 -9999 -9999 -9999 -9999 -9999 -9999 -9999 -9999 -9999 -9999 -9999 -9999 0.146 0.18 -9999 -9999 -9999 -9999 0.186 0.187 0.192 0.197 0.183 0.166 0.178 0.192 0.19 0.187 0.189 0.187 0.195 0.205 0.219 0.238 0.223 0.203 0.208 0.212 0.219 0.227 0.224 0.221 0.225 0.229 0.234 0.24 0.231 0.219 0.216 0.211 0.22 0.232 0.21 -9999 -9999
-9999 -9999 -9999 -9999 -9999 -9999 -9999 -9999 -9999 -9999 -9999 -9999 -9999 -9999 -9999 -9999 -9999 -9999 -9999 -9999 -9999 -9999 -9999 -9999 -9999 -9999 -9999 -9999 -9999 -9999 -9999 -9999 -9999 0.152 0.175 -9999 -9999 -9999 -9999 0.188 0.193 0.197 0.201 0.195 0.201 0.204 0.186 0.188 0.199 0.199 0.199 0.214 0.229 0.232 0.243 0.246 0.239 0.225 0.219 0.219 0.223 0.234 0.239 0.244 0.25 0.257 0.264 0.259 0.25 0.24 0.232 0.222 0.221 0.223 -9999 -9999
-9999 -9999 -9999 -9999 -9999 -9999 -9999 -9999 -9999 -9999 -9999 -9999 -9999 -9999 -9999 -9999 -9999 -9999 -9999 -9999 -9999 -9999 -9999 -9999 -9999 -9999 -9999 -9999 -9999 -9999 -9999 -9999 -9999 0.163 -9999 -9999 -9999 -9999 0.188 0.194 0.204 0.207 0.21 0.216 0.223 0.208 0.189 0.197 0.206 0.206 0.207 0.222 0.24 0.244 0.247 0.25 0.254 0.241 0.225 0.225 0.224 0.235 0.248 0.253 0.259 0.267 0.275 0.27 0.262 0.254 0.242 0.233 0.226 -9999 -9999 -9999
-9999 -9999 -9999 -9999 -9999 -9999 -9999 -9999 -9999 -9999 -9999 -9999 -9999 -9999 -9999 -9999 -9999 -9999 -9999 -9999 -9999 -9999 -9999 -9999 -9999 -9999 -9999 -9999 -9999 -9999 -9999 -9999 -9999 -9999 -9999 -9999 -9999 -9999 0.22 0.229 0.234 0.235 0.228 0.227 0.218 0.21 0.216 0.218 0.206 0.217 0.25 0.257 0.271 0.262 0.259 0.265 0.271 0.262 0.248 0.256 0.261 0.247 0.245 0.247 0.25 0.262 0.272 0.284 0.288 0.275 0.262 0.26 0.249 -9999 -9999 -9999
-9999 -9999 -9999 -9999 -9999 -9999 -9999 -9999 -9999 -9999 -9999 -9999 -9999 -9999 -9999 -9999 -9999 -9999 -9999 -9999 -9999 -9999 -9999 -9999 -9999 -9999 -9999 -9999 -9999 -9999 -9999 -9999 -9999 -9999 -9999 -9999 -9999 -9999 0.239 0.245 0.249 0.244 0.236 0.227 0.218 0.223 0.231 0.221 0.209 0.236 0.269 0.276 0.285 0.276 0.265 0.271 0.279 0.27 0.258 0.267 0.276 0.264 0.247 0.248 0.249 0.26 0.272 0.284 0.298 0.287 0.271 0.27 0.261 -9999 -9999 -9999
-9999 -9999 -9999 -9999 -9999 -9999 -9999 -9999 -9999 -9999 -9999 -9999 -9999 -9999 -9999 -9999 -9999 -9999 -9999 -9999 -9999 -9999 -9999 -9999 -9999 -9999 -9999 -9999 -9999 -9999 -9999 -9999 -9999 -9999 -9999 -9999 -9999 0.24 0.237 0.242 0.244 0.242 0.247 0.241 0.234 0.241 0.247 0.245 0.251 0.252 0.269 0.274 0.28 0.279 0.271 0.276 0.282 0.28 0.273 0.271 0.275 0.266 0.251 0.26 0.266 0.26 0.263 0.284 0.304 0.302 0.293 0.287 0.272 0.254 -9999 -9999
-9999 -9999 -9999 -9999 -9999 -9999 -9999 -9999 -9999 -9999 -9999 -9999 -9999 -9999 -9999 -9999 -9999 -9999 -9999 -9999 -9999 -9999 -9999 -9999 -9999 -9999 -9999 -9999 -9999 -9999 -9999 -9999 -9999 -9999 -9999 -9999 -9999 0.24 0.236 0.24 0.242 0.248 0.254 0.25 0.245 0.25 0.257 0.263 0.27 0.271 0.273 0.277 0.282 0.28 0.276 0.28 0.285 0.283 0.28 0.278 0.276 0.267 0.255 0.264 0.274 0.269 0.262 0.282 0.307 0.305 0.302 0.298 0.29 0.269 -9999 -9999
-9999 -9999 -9999 -9999 -9999 -9999 -9999 -9999 -9999 -9999 -9999 -9999 -9999 -9999 -9999 -9999 -9999 -9999 -9999 -9999 -9999 -9999 -9999 -9999 -9999 -9999 -9999 -9999 -9999 -9999 -9999 -9999 -9999 -9999 -9999 -9999 0.252 0.246 0.231 0.235 0.241 0.247 0.25 0.25 0.257 0.265 0.276 0.28 0.278 0.284 0.289 0.287 0.287 0.295 0.298 0.293 0.293 0.281 0.272 0.274 0.273 0.279 0.277 0.277 0.283 0.276 0.268 0.286 0.309 0.304 0.299 0.297 0.291 0.285 0.264 -9999
-9999 -9999 -9999 -9999 -9999 -9999 -9999 -9999 -9999 -9999 -9999 -9999 -9999 -9999 -9999 -9999 -9999 -9999 -9999 -9999 -9999 -9999 -9999 -9999 -9999 -9999 -9999 -9999 -9999 -9999 -9999 -9999 -9999 -9999 -9999 -9999 0.256 0.244 0.23 0.236 0.243 0.247 0.251 0.258 0.266 0.275 0.286 0.285 0.283 0.289 0.296 0.295 0.291 0.299 0.307 0.304 0.298 0.287 0.272 0.274 0.276 0.281 0.287 0.288 0.288 0.282 0.273 0.29 0.311 0.308 0.302 0.3 0.296 0.29 0.28 -9999
-9999 -9999 -9999 -9999 -9999 -9999 -9999 -9999 -9999 -9999 -9999 -9999 -9999 -9999 -9999 -9999 -9999 -9999 -9999 -9999 -9999 -9999 -9999 -9999 -9999 -9999 -9999 -9999 -9999 -9999 -9999 -9999 -9999 -9999 -9999 -9999 0.266 0.259 0.259 0.259 0.242 0.252 0.272 0.276 0.27 0.275 0.273 0.275 0.286 0.292 0.299 0.321 0.332 0.303 0.289 0.305 0.312 0.319 0.316 0.312 0.312 0.31 0.313 0.308 0.305 0.293 0.281 0.294 0.312 0.311 0.308 0.305 0.3 0.299 0.292 0.277
-9999 -9999 -9999 -9999 -9999 -9999 -9999 -9999 -9999 -9999 -9999 -9999 -9999 -9999 -9999 -9999 -9999 -9999 -9999 -9999 -9999 -9999 -9999 -9999 -9999 -9999 -9999 -9999 -9999 -9999 -9999 -9999 -9999 -9999 -9999 -9999 -9999 0.268 0.271 0.26 0.244 0.261 0.281 0.28 0.275 0.273 0.27 0.279 0.289 0.295 0.302 0.322 0.346 0.32 0.285 0.3 0.319 0.326 0.333 0.331 0.327 0.326 0.324 0.319 0.313 0.302 0.288 0.299 0.314 0.314 -9999 0.311 -9999 0.305 0.302 0.289
