Validation/Results/raw data/ReClimate_07_2024_1_Temperature-Actuals.asc
NCOLS 192
NROWS 249
XLLCENTER -225160.85627316462
YLLCENTER 29788.11610251502
CELLSIZE 5000.0
NODATA_VALUE -9999
[rows 102 to 135 of 249, columns 75 to 149 of 192]
12.337 11.162 11.699 11.633 13.596 14.39 -9999 -9999 13.584 -9999 -9999 14.203 11.714 11.473 13.189 12.273 10.057 11.781 10.79 10.906 11.274 11.863 13.487 12.51 11.631 10.801 11.509 12.615 11.961 12.268 13.537 14.441 14.913 14.822 14.319 13.507 14.368 14.673 14.815 15.036 14.913 14.867 -9999 -9999 -9999 -9999 -9999 -9999 -9999 -9999 -9999 -9999 -9999 -9999 -9999 -9999 -9999 -9999 -9999 -9999 -9999 -9999 -9999 -9999 -9999 -9999 -9999 -9999 -9999 -9999 -9999 -9999 -9999 -9999 -9999
13.047 12.867 12.048 13.34 -9999 -9999 -9999 14.224 13.203 13.805 13.525 13.422 12.428 14.226 13.764 12.064 11.939 12.334 12.467 12.543 12.55 12.563 11.562 12.497 11.764 12.118 11.973 11.652 12.353 13.213 14.139 14.806 14.999 14.706 13.988 14.577 15.115 -9999 -9999 15.244 -9999 -9999 -9999 -9999 -9999 -9999 -9999 -9999 -9999 -9999 -9999 -9999 -9999 -9999 -9999 -9999 -9999 -9999 -9999 -9999 -9999 -9999 -9999 -9999 -9999 -9999 -9999 -9999 -9999 -9999 -9999 -9999 -9999 -9999 -9999
13.786 12.755 -9999 13.337 -9999 -9999 -9999 14.003 13.22 13.114 13.168 13.726 14.285 13.396 12.157 11.91 12.414 12.806 12.42 12.074 12.701 12.18 13.53 12.707 12.516 13.353 13.821 14.087 13.995 14.496 14.82 14.895 15.036 15.007 14.875 15.223 -9999 14.975 15.055 14.97 14.927 -9999 -9999 -9999 -9999 -9999 -9999 -9999 -9999 -9999 -9999 -9999 -9999 -9999 -9999 -9999 -9999 -9999 -9999 -9999 -9999 -9999 -9999 -9999 -9999 -9999 -9999 -9999 -9999 -9999 -9999 -9999 -9999 -9999 -9999
14.312 -9999 -9999 -9999 -9999 14.256 13.916 13.159 13.215 12.79 13.283 13.021 12.21 11.71 11.659 12.747 12.602 13.196 11.876 13.163 11.756 13.402 12.323 11.448 13.373 14.058 13.852 14.183 14.753 14.84 15.043 15.142 15.304 15.341 -9999 15.152 14.966 14.975 14.856 15.059 14.861 -9999 -9999 -9999 -9999 -9999 -9999 -9999 -9999 -9999 -9999 -9999 -9999 -9999 -9999 -9999 -9999 -9999 -9999 -9999 -9999 -9999 -9999 -9999 -9999 -9999 -9999 -9999 -9999 -9999 -9999 -9999 -9999 -9999 -9999
-9999 -9999 -9999 -9999 -9999 14.067 14.439 13.952 12.976 13.13 13.452 12.314 13.247 13.175 12.734 11.882 13.317 13.386 12.549 11.918 12.773 12.874 11.675 12.773 12.701 12.367 13.388 13.958 14.143 14.438 14.531 14.338 14.35 14.237 14.471 15.039 15.233 14.875 14.639 14.798 14.664 14.71 -9999 -9999 -9999 -9999 -9999 -9999 -9999 -9999 -9999 -9999 -9999 -9999 -9999 -9999 -9999 -9999 -9999 -9999 -9999 -9999 -9999 -9999 -9999 -9999 -9999 -9999 -9999 -9999 -9999 -9999 -9999 -9999 -9999
-9999 -9999 -9999 -9999 14.013 -9999 -9999 13.732 13.053 13.772 12.717 13.221 -9999 -9999 12.256 12.038 12.87 13.408 12.53 12.847 13.187 12.848 13.181 14.016 13.395 13.627 13.963 14.237 13.74 13.182 12.739 13.102 13.387 13.961 14.415 14.613 15.077 14.484 14.479 14.349 14.482 14.61 14.727 -9999 -9999 -9999 -9999 -9999 -9999 -9999 -9999 -9999 -9999 -9999 -9999 -9999 -9999 -9999 -9999 -9999 -9999 -9999 -9999 -9999 -9999 -9999 -9999 -9999 -9999 -9999 -9999 -9999 -9999 -9999 -9999
-9999 -9999 -9999 -9999 14.068 -9999 14.17 13.636 13.859 12.698 12.791 14.263 14.465 12.747 12.015 12.926 14.836 12.919 11.716 13.809 13.841 13.427 14.094 14.436 14.548 14.731 14.546 13.34 12.24 12.278 12.934 13.45 14.105 14.378 14.253 14.447 14.545 14.6 14.892 15.082 15.099 15.111 -9999 -9999 -9999 -9999 -9999 -9999 -9999 -9999 -9999 -9999 -9999 -9999 -9999 -9999 -9999 -9999 -9999 -9999 -9999 -9999 -9999 -9999 -9999 -9999 -9999 -9999 -9999 -9999 -9999 -9999 -9999 -9999 -9999
-9999 -9999 -9999 -9999 14.124 -9999 14.105 14.34 13.636 13.36 14.006 -9999 12.843 13.18 -9999 13.102 13.197 12.982 13.969 12.812 14.046 14.494 14.964 15.126 15.337 15.376 14.799 13.731 14.236 14.519 14.519 14.302 14.165 14.449 14.386 14.678 14.811 14.989 -9999 -9999 -9999 -9999 -9999 -9999 -9999 -9999 -9999 -9999 -9999 -9999 -9999 -9999 -9999 -9999 -9999 -9999 -9999 -9999 -9999 -9999 -9999 -9999 -9999 -9999 -9999 -9999 -9999 -9999 -9999 -9999 -9999 -9999 -9999 -9999 -9999
-9999 -9999 13.872 13.888 -9999 -9999 14.539 14.211 13.731 14.118 14.039 12.325 12.956 12.038 -9999 13.789 13.039 13.807 13.946 13.863 14.107 14.679 14.635 14.523 14.436 14.647 15.135 15.442 15.422 15.196 14.744 14.29 14.237 14.441 14.553 14.713 14.967 -9999 -9999 -9999 -9999 -9999 -9999 -9999 -9999 -9999 -9999 -9999 -9999 -9999 -9999 -9999 -9999 -9999 -9999 -9999 -9999 -9999 -9999 -9999 -9999 -9999 -9999 -9999 -9999 -9999 -9999 -9999 -9999 -9999 -9999 -9999 -9999 -9999 -9999
-9999 14.288 14.014 14.121 -9999 14.532 13.311 13.351 14.155 -9999 12.683 13.144 12.196 12.205 -9999 13.45 12.812 14.025 15.08 14.964 14.998 14.71 14.37 14.034 13.457 14.004 14.895 15.354 -9999 15.415 15.022 14.809 14.767 14.634 14.305 14.634 -9999 -9999 -9999 -9999 -9999 -9999 -9999 -9999 -9999 -9999 -9999 -9999 -9999 -9999 -9999 -9999 -9999 -9999 -9999 -9999 -9999 -9999 -9999 -9999 -9999 -9999 -9999 -9999 -9999 -9999 -9999 -9999 -9999 -9999 -9999 -9999 -9999 -9999 -9999
-9999 14.43 14.405 -9999 -9999 13.95 12.719 13.615 -9999 13.5 13.253 13.189 12.673 13.19 -9999 14.414 14.357 14.827 15.149 14.996 14.687 14.266 12.664 12.658 12.989 13.684 14.743 15.433 15.605 15.713 -9999 -9999 15.294 15.007 -9999 -9999 -9999 -9999 -9999 -9999 15.042 15.019 15.161 -9999 -9999 -9999 -9999 -9999 -9999 -9999 -9999 -9999 -9999 -9999 -9999 -9999 -9999 -9999 -9999 -9999 -9999 -9999 -9999 -9999 -9999 -9999 -9999 -9999 -9999 -9999 -9999 -9999 -9999 -9999 -9999
14.267 13.773 -9999 -9999 13.585 13.193 13.94 13.421 -9999 13.575 13.125 13.899 13.935 12.89 -9999 -9999 -9999 15.161 14.74 14.057 13.894 13.627 13.726 14.187 14.283 14.713 14.886 14.913 15.108 15.39 15.439 15.185 15.031 15.259 -9999 -9999 -9999 -9999 -9999 14.987 14.96 14.947 15.256 15.262 -9999 -9999 -9999 -9999 -9999 -9999 -9999 -9999 -9999 -9999 -9999 -9999 -9999 -9999 -9999 -9999 -9999 -9999 -9999 -9999 -9999 -9999 -9999 -9999 -9999 -9999 -9999 -9999 -9999 -9999 -9999
13.461 13.881 -9999 -9999 -9999 14.508 13.278 13.718 -9999 13.57 -9999 14.332 13.302 14.275 -9999 14.875 14.435 14.369 -9999 14.548 14.804 14.728 14.947 14.857 14.924 14.831 14.627 14.398 14.589 14.789 14.388 14.386 14.936 15.244 15.333 15.264 15.308 -9999 15.094 14.905 14.887 15.094 14.846 14.463 14.355 15.235 -9999 -9999 -9999 -9999 -9999 -9999 -9999 -9999 -9999 -9999 -9999 -9999 -9999 -9999 -9999 -9999 -9999 -9999 -9999 -9999 -9999 -9999 -9999 -9999 -9999 -9999 -9999 -9999 -9999
13.763 -9999 -9999 -9999 -9999 13.629 13.022 14.213 -9999 14.617 -9999 14.426 14.783 -9999 14.625 13.777 13.479 14.351 14.905 15.142 15.099 15.305 15.247 14.941 14.936 14.643 14.073 13.93 14.09 14.173 14.212 14.512 14.749 14.725 14.716 14.669 15.099 15.101 14.677 14.733 14.759 14.67 14.06 13.726 13.558 13.976 14.841 14.962 14.75 -9999 -9999 -9999 -9999 -9999 -9999 -9999 -9999 -9999 -9999 -9999 -9999 -9999 -9999 -9999 -9999 -9999 -9999 -9999 -9999 -9999 -9999 -9999 -9999 -9999 -9999
14.757 -9999 -9999 -9999 -9999 13.651 14.345 14.041 13.804 -9999 -9999 15.093 15.023 -9999 14.535 13.253 13.123 14.167 14.632 15.136 15.394 15.39 15.334 15.447 15.23 14.743 14.212 13.657 13.715 13.848 14.069 14.095 13.879 13.676 13.49 14.168 14.818 14.733 14.493 14.379 14.051 13.077 12.946 13.385 13.441 13.89 13.974 14.558 14.777 14.531 -9999 -9999 -9999 -9999 -9999 -9999 -9999 -9999 -9999 -9999 -9999 -9999 -9999 -9999 -9999 -9999 -9999 -9999 -9999 -9999 -9999 -9999 -9999 -9999 -9999
-9999 -9999 -9999 -9999 -9999 14.261 14.314 13.545 14.596 -9999 -9999 15.026 15.103 -9999 -9999 13.397 13.627 14.432 14.406 14.385 14.705 14.893 15.054 14.859 15.257 15.25 14.579 14.099 13.682 13.516 13.338 13.375 12.971 12.934 13.546 14.017 14.14 14.104 13.893 13.587 13.056 12.971 12.969 13.362 13.654 14.039 14.639 14.76 14.503 14.44 -9999 -9999 -9999 -9999 -9999 -9999 -9999 -9999 -9999 -9999 -9999 -9999 -9999 -9999 -9999 -9999 -9999 -9999 -9999 -9999 -9999 -9999 -9999 -9999 -9999
-9999 -9999 -9999 -9999 -9999 14.615 13.892 14.102 -9999 -9999 -9999 -9999 15.076 -9999 14.674 13.721 14.553 14.756 14.172 13.969 13.908 14.317 14.376 14.524 14.721 14.971 14.865 14.059 13.553 13.465 13.485 13.119 12.886 13.332 13.641 13.566 13.488 12.994 13.139 13.426 13.665 13.605 13.477 13.698 13.914 14.377 14.883 14.877 14.789 14.745 14.457 -9999 -9999 -9999 -9999 -9999 -9999 -9999 -9999 -9999 -9999 -9999 -9999 -9999 -9999 -9999 -9999 -9999 -9999 -9999 -9999 -9999 -9999 -9999 -9999
-9999 -9999 -9999 13.858 13.892 13.77 14.169 -9999 -9999 13.674 -9999 -9999 -9999 -9999 14.718 14.536 14.932 14.779 14.462 14.016 13.737 13.669 13.566 13.638 14.096 14.389 14.488 14.416 13.75 13.756 13.623 13.533 13.745 13.672 13.238 13.303 12.389 12.089 12.732 13.315 13.725 14.053 14.014 14.153 14.124 14.508 14.961 15.068 15.08 14.952 14.813 -9999 -9999 -9999 -9999 -9999 -9999 -9999 -9999 -9999 -9999 -9999 -9999 -9999 -9999 -9999 -9999 -9999 -9999 -9999 -9999 -9999 -9999 -9999 -9999
-9999 -9999 -9999 -9999 13.509 13.681 14.49 -9999 13.799 12.976 13.694 -9999 -9999 -9999 -9999 15.124 15.136 15.116 14.858 14.498 14.104 13.603 13.465 13.677 13.961 14.097 14.318 13.995 14.131 13.968 13.796 13.605 13.583 13.126 13.784 13.288 13.155 13.019 12.598 12.952 13.833 14.137 14.481 14.528 14.547 14.803 15.019 15.155 15.181 14.94 14.901 14.792 -9999 -9999 -9999 -9999 -9999 -9999 -9999 -9999 -9999 -9999 -9999 -9999 -9999 -9999 -9999 -9999 -9999 -9999 -9999 -9999 -9999 -9999 -9999
-9999 -9999 -9999 -9999 13.929 13.765 14.104 -9999 14.272 13.245 14.106 -9999 -9999 -9999 -9999 -9999 15.205 15.218 15.162 15.094 14.736 14.381 14.055 13.628 13.225 13.437 13.786 14.068 14.118 13.877 13.712 13.752 13.475 13.554 13.9 13.68 13.604 13.624 14.029 14.104 14.38 14.468 14.759 14.65 14.909 15.301 15.359 15.369 15.24 15.041 14.662 14.783 14.839 -9999 -9999 -9999 -9999 -9999 -9999 -9999 -9999 -9999 -9999 -9999 -9999 -9999 -9999 -9999 -9999 -9999 -9999 -9999 -9999 -9999 -9999
-9999 -9999 -9999 -9999 13.779 13.336 -9999 -9999 14.789 13.949 13.638 14.563 -9999 -9999 -9999 -9999 -9999 15.169 14.98 14.79 14.702 14.035 13.403 13.068 12.772 12.94 13.341 13.768 13.556 13.766 13.686 13.349 13.204 13.561 12.258 13.15 13.012 13.794 13.406 13.992 14.568 14.508 14.76 14.994 15.276 15.213 14.952 14.879 15.008 14.804 14.99 14.442 14.783 14.876 14.97 -9999 -9999 -9999 -9999 -9999 -9999 -9999 -9999 -9999 -9999 -9999 -9999 -9999 -9999 -9999 -9999 -9999 -9999 -9999 -9999
-9999 -9999 -9999 -9999 13.454 14.108 -9999 -9999 14.16 13.255 13.482 -9999 -9999 -9999 -9999 -9999 -9999 15.138 14.896 14.733 14.487 13.92 13.643 13.584 13.309 13.243 13.188 13.299 13.387 13.397 12.57 11.983 12.873 11.91 11.496 12.015 13.223 13.175 13.875 14.659 14.309 14.494 14.804 14.819 14.929 15.043 14.863 14.807 14.239 13.992 14.641 14.541 14.367 14.829 14.988 -9999 -9999 -9999 -9999 -9999 -9999 -9999 -9999 -9999 -9999 -9999 -9999 -9999 -9999 -9999 -9999 -9999 -9999 -9999 -9999
-9999 -9999 -9999 -9999 13.788 14.616 -9999 -9999 -9999 14.385 14.217 14.398 -9999 -9999 -9999 -9999 -9999 15.145 14.867 14.738 14.538 14.167 14.007 13.434 12.737 12.511 13.02 13.022 13.484 13.199 12.602 12.491 12.955 11.49 12.121 12.891 12.67 13.193 14.252 14.041 14.358 14.385 14.567 14.9 14.78 14.598 14.602 14.174 12.854 13.105 13.72 14.493 14.456 14.622 14.921 -9999 -9999 -9999 -9999 -9999 -9999 -9999 -9999 -9999 -9999 -9999 -9999 -9999 -9999 -9999 -9999 -9999 -9999 -9999 -9999
-9999 -9999 -9999 13.392 13.769 14.383 -9999 -9999 -9999 -9999 -9999 -9999 -9999 -9999 -9999 -9999 -9999 14.813 14.574 14.525 14.305 14.026 13.824 13.136 12.784 12.79 13.099 13.281 12.933 12.954 12.208 12.427 11.806 11.489 12.184 12.914 12.691 13.197 13.473 14.009 14.057 14.452 14.455 14.394 14.593 14.293 14.135 13.051 12.775 12.572 13.76 14.67 14.842 14.787 14.888 15.255 -9999 -9999 -9999 -9999 -9999 -9999 -9999 -9999 -9999 -9999 -9999 -9999 -9999 -9999 -9999 -9999 -9999 -9999 -9999
-9999 -9999 13.319 13.358 13.408 14.485 -9999 -9999 -9999 -9999 -9999 -9999 -9999 -9999 -9999 15.006 14.865 14.738 14.34 13.847 13.501 13.648 13.666 13.579 13.441 13.871 13.436 12.638 12.765 12.751 12.725 13.09 12.614 11.761 13.121 12.963 12.999 13.2 13.658 14.059 14.466 13.957 14.055 14.358 14.255 13.98 13.244 13.049 12.968 13.051 13.833 14.924 15.146 14.917 14.969 15.178 -9999 -9999 -9999 -9999 -9999 -9999 -9999 -9999 -9999 -9999 -9999 -9999 -9999 -9999 -9999 -9999 -9999 -9999 -9999
-9999 -9999 13.354 13.872 14.701 -9999 -9999 -9999 -9999 -9999 -9999 -9999 -9999 -9999 -9999 14.958 15.071 14.764 13.983 13.509 13.549 12.953 12.618 12.74 12.777 13.181 13.354 13.563 13.404 12.898 13.204 13.662 13.33 13.04 12.396 12.905 12.749 13.418 13.809 14.455 14.088 13.944 14.119 14.017 13.582 12.97 12.64 13.076 13.474 13.875 14.465 14.538 14.596 14.855 14.955 15.192 -9999 -9999 -9999 -9999 -9999 -9999 -9999 -9999 -9999 -9999 -9999 -9999 -9999 -9999 -9999 -9999 -9999 -9999 -9999
-9999 -9999 -9999 -9999 -9999 -9999 -9999 -9999 -9999 -9999 -9999 -9999 -9999 -9999 -9999 14.973 14.946 14.05 13.824 13.569 13.316 12.453 12.397 11.843 12.296 12.738 13.271 13.575 13.26 12.017 12.594 13.878 13.977 12.778 12.725 13.001 13.116 13.105 13.846 13.437 13.292 13.619 13.24 12.916 12.563 13.267 13.293 13.379 13.586 13.895 14.763 15.009 14.9 15.025 15.3 15.374 -9999 -9999 -9999 -9999 -9999 -9999 -9999 -9999 -9999 -9999 -9999 -9999 -9999 -9999 -9999 -9999 -9999 -9999 -9999
-9999 -9999 -9999 -9999 -9999 -9999 -9999 -9999 -9999 -9999 -9999 -9999 -9999 -9999 14.752 14.384 13.729 13.762 13.282 13.44 13.341 13.207 12.22 12.29 12.218 12.623 13.026 14.047 13.627 13.059 13.294 13.861 14.106 13.716 13.494 13.371 13.208 13.248 12.812 13.523 13.786 13.542 13.228 12.191 13.041 12.829 13.189 13.718 13.701 13.912 13.928 14.793 15.277 15.453 15.51 15.524 -9999 -9999 -9999 -9999 -9999 -9999 -9999 -9999 -9999 -9999 -9999 -9999 -9999 -9999 -9999 -9999 -9999 -9999 -9999
-9999 -9999 -9999 -9999 -9999 -9999 -9999 -9999 -9999 -9999 -9999 -9999 -9999 -9999 14.3 13.983 13.626 12.726 12.967 13.452 13.396 12.662 13.315 12.851 12.715 13.085 13.603 14.593 14.459 13.92 13.647 13.788 14.579 14.263 14.063 13.929 13.808 13.02 13.927 13.384 13.776 13.767 12.426 13.573 13.118 13.192 13.652 13.704 14.134 13.995 13.666 14.234 14.915 15.212 15.453 15.63 -9999 -9999 -9999 -9999 -9999 -9999 -9999 -9999 -9999 -9999 -9999 -9999 -9999 -9999 -9999 -9999 -9999 -9999 -9999
-9999 -9999 -9999 -9999 -9999 -9999 -9999 -9999 -9999 -9999 -9999 -9999 -9999 14.518 13.989 14.102 13.087 13.269 12.934 12.102 12.659 13.279 13.579 13.157 13.403 13.566 13.648 14.11 14.264 14.024 14.079 14.898 14.908 14.538 14.023 13.929 13.189 14.128 13.803 13.375 14.121 13.107 13.029 13.742 13.976 14.168 13.75 13.816 13.962 13.716 13.992 14.372 14.874 15.217 15.437 15.648 15.676 -9999 -9999 -9999 -9999 -9999 -9999 -9999 -9999 -9999 -9999 -9999 -9999 -9999 -9999 -9999 -9999 -9999 -9999
-9999 -9999 -9999 -9999 -9999 -9999 -9999 -9999 -9999 -9999 -9999 -9999 14.427 14.212 14.137 14.108 13.855 13.594 12.904 12.996 12.947 12.714 13.98 13.996 13.88 13.616 13.651 13.996 14.403 14.873 15.085 14.811 15.081 14.733 14.267 13.908 14.146 14.421 14.08 14.075 14.314 13.292 13.054 13.428 13.621 13.786 13.897 14.228 14.177 13.87 14.267 14.512 14.812 15.14 15.521 15.688 15.784 -9999 -9999 -9999 -9999 -9999 -9999 -9999 -9999 -9999 -9999 -9999 -9999 -9999 -9999 -9999 -9999 -9999 -9999
-9999 -9999 -9999 -9999 -9999 -9999 -9999 -9999 -9999 -9999 -9999 -9999 14.267 13.15 13.942 14.044 14.05 14.166 13.532 12.381 12.631 13.775 14.08 14.403 14.22 14.029 13.881 13.77 14.984 15.388 15.168 15.183 14.813 14.857 14.399 14.501 14.466 14.681 14.422 14.483 14.058 13.844 13.504 13.413 13.637 13.722 14.285 14.643 14.481 14.386 14.335 14.509 14.93 15.403 15.541 15.658 15.752 -9999 -9999 -9999 -9999 -9999 -9999 -9999 -9999 -9999 -9999 -9999 -9999 -9999 -9999 -9999 -9999 -9999 -9999
-9999 -9999 -9999 -9999 -9999 -9999 -9999 -9999 -9999 -9999 -9999 14.369 13.301 13.628 13.781 13.913 14.237 14.396 13.565 13.092 13.486 13.613 14.158 14.377 14.536 14.209 13.891 14.627 14.939 15.204 15.578 15.166 15.127 14.935 14.975 14.856 14.901 15.008 14.912 14.452 14.662 14.264 13.597 13.833 13.827 13.99 14.121 14.611 14.772 15.109 14.782 14.786 15.097 15.528 15.769 15.71 15.704 15.9 -9999 -9999 -9999 -9999 -9999 -9999 -9999 -9999 -9999 -9999 -9999 -9999 -9999 -9999 -9999 -9999 -9999
-9999 -9999 -9999 -9999 -9999 -9999 -9999 -9999 -9999 -9999 14.555 -9999 14.236 13.802 13.822 13.977 14.415 14.803 14.412 14.3 13.733 13.318 13.998 14.547 14.76 14.754 14.787 14.919 15.013 15.234 15.423 15.177 15.389 15.354 15.321 15.284 15.397 15.453 15.33 15.159 14.922 14.596 14.624 14.341 14.26 14.251 14.577 14.984 15.583 15.051 14.742 15.08 15.365 15.601 15.779 15.901 15.906 15.837 -9999 -9999 -9999 -9999 -9999 -9999 -9999 -9999 -9999 -9999 -9999 -9999 -9999 -9999 -9999 -9999 -9999
