Validation/Results/raw data/ReClimate_05_2024_2_Temperatureweatherlogisticsltd.asc
NCOLS 192
NROWS 249
XLLCENTER -225160.85627316462
YLLCENTER 29788.11610251502
CELLSIZE 5000.0
NODATA_VALUE -9999
[rows 136 to 169 of 249, columns 75 to 149 of 192]
-0.304 -9999 -9999 -9999 -9999 -9999 -9999 -9999 -9999 -9999 -0.534 -9999 -0.671 -0.757 -0.832 -0.906 -0.975 -1.04 -1.102 -1.154 -1.202 -1.248 -1.28 -1.308 -1.357 -1.408 -1.444 -1.448 -1.405 -1.36 -9999 -9999 -9999 -9999 -9999 -9999 -1.229 -1.218 -1.193 -1.16 -1.116 -1.038 -0.948 -0.862 -0.777 -0.693 -0.625 -0.56 -0.485 -0.409 -0.348 -0.293 -0.24 -0.185 -0.126 -0.063 0.009 0.074 0.107 -9999 -9999 -9999 -9999 -9999 -9999 -9999 -9999 -9999 -9999 -9999 -9999 -9999 -9999 -9999 -9999
-0.302 -0.31 -9999 -9999 -9999 -9999 -9999 -9999 -9999 -9999 -0.521 -0.572 -0.656 -0.734 -0.809 -0.886 -0.954 -1.02 -1.09 -1.166 -1.211 -1.253 -1.29 -1.331 -1.381 -1.428 -1.447 -1.407 -1.369 -1.347 -9999 -9999 -9999 -9999 -1.268 -1.253 -1.236 -1.2 -1.172 -1.149 -1.09 -1.005 -0.915 -0.822 -0.739 -0.66 -0.594 -0.533 -0.462 -0.397 -0.338 -0.281 -0.229 -0.173 -0.106 -0.039 0.018 0.088 0.139 -9999 -9999 -9999 -9999 -9999 -9999 -9999 -9999 -9999 -9999 -9999 -9999 -9999 -9999 -9999 -9999
-0.298 -0.305 -0.312 -9999 -9999 -9999 -9999 -9999 -9999 -9999 -0.506 -0.561 -0.643 -9999 -9999 -0.879 -0.947 -1.014 -1.099 -9999 -1.217 -1.266 -1.311 -1.354 -1.403 -1.449 -1.443 -1.397 -9999 -9999 -9999 -9999 -9999 -1.301 -1.281 -1.255 -1.218 -1.18 -1.16 -1.13 -1.057 -0.974 -0.882 -0.79 -0.71 -0.632 -0.568 -0.508 -0.441 -0.381 -0.322 -0.264 -0.212 -0.154 -0.087 -0.016 0.039 0.093 0.153 -9999 -9999 -9999 -9999 -9999 -9999 -9999 -9999 -9999 -9999 -9999 -9999 -9999 -9999 -9999 -9999
-0.299 -0.29 -0.301 -9999 -9999 -9999 -9999 -9999 -9999 -9999 -9999 -0.548 -0.631 -9999 -9999 -9999 -0.944 -1.012 -1.094 -1.157 -9999 -9999 -1.325 -1.372 -1.422 -1.47 -1.467 -9999 -9999 -9999 -9999 -9999 -1.314 -1.303 -1.276 -1.244 -1.209 -1.177 -1.152 -1.101 -1.018 -0.931 -0.846 -0.775 -0.696 -0.617 -0.553 -0.491 -0.42 -0.343 -0.299 -0.248 -0.19 -0.129 -0.073 -0.011 0.057 0.117 0.164 -9999 -9999 -9999 -9999 -9999 -9999 -9999 -9999 -9999 -9999 -9999 -9999 -9999 -9999 -9999 -9999
-0.297 -0.289 -9999 -9999 -9999 -9999 -9999 -9999 -9999 -9999 -9999 -9999 -0.614 -9999 -9999 -9999 -9999 -1.016 -1.092 -1.159 -9999 -9999 -9999 -1.393 -1.451 -9999 -9999 -9999 -9999 -9999 -9999 -9999 -1.318 -1.295 -1.261 -1.229 -1.198 -1.167 -1.135 -1.076 -0.988 -0.901 -0.826 -0.755 -0.675 -0.597 -0.532 -0.47 -0.393 -0.317 -0.273 -0.231 -0.171 -0.107 -0.05 0.005 0.07 0.135 0.182 -9999 -9999 -9999 -9999 -9999 -9999 -9999 -9999 -9999 -9999 -9999 -9999 -9999 -9999 -9999 -9999
-0.308 -9999 -9999 -9999 -9999 -9999 -9999 -9999 -9999 -9999 -9999 -9999 -0.597 -9999 -9999 -9999 -9999 -9999 -1.084 -1.162 -9999 -9999 -9999 -9999 -9999 -9999 -9999 -9999 -9999 -9999 -9999 -9999 -1.308 -1.29 -1.252 -1.208 -1.177 -1.147 -1.123 -1.087 -0.998 -0.899 -0.824 -0.749 -0.673 -0.604 -0.529 -0.437 -0.368 -0.316 -0.266 -0.221 -0.162 -0.096 -0.034 0.023 0.082 0.142 0.19 0.236 -9999 -9999 -9999 -9999 -9999 -9999 -9999 -9999 -9999 -9999 -9999 -9999 -9999 -9999 -9999
-9999 -0.312 -0.293 -0.274 -0.281 -9999 -9999 -9999 -9999 -9999 -9999 -9999 -0.595 -9999 -9999 -9999 -9999 -9999 -9999 -9999 -9999 -9999 -9999 -9999 -9999 -9999 -9999 -9999 -9999 -9999 -9999 -1.325 -1.294 -1.277 -1.232 -1.188 -1.157 -1.127 -1.114 -1.077 -0.986 -0.887 -0.808 -0.735 -0.664 -0.596 -0.507 -0.416 -0.36 -0.309 -0.256 -0.205 -0.145 -0.079 -0.019 0.041 0.098 0.153 0.2 0.243 0.296 -9999 -9999 -9999 -9999 -9999 -9999 -9999 -9999 -9999 -9999 -9999 -9999 -9999 -9999
-0.317 -0.318 -0.306 -0.3 -0.301 -9999 -9999 -9999 -9999 -9999 -9999 -9999 -9999 -9999 -9999 -9999 -9999 -9999 -9999 -9999 -9999 -9999 -9999 -9999 -9999 -9999 -9999 -9999 -9999 -9999 -1.355 -1.318 -1.288 -1.261 -1.211 -1.155 -1.13 -1.121 -1.103 -1.056 -0.968 -0.874 -0.792 -0.702 -0.636 -0.583 -0.497 -0.414 -0.353 -0.289 -0.239 -0.192 -0.132 -0.064 -0.004 0.056 0.114 0.168 0.214 0.255 0.307 -9999 -9999 -9999 -9999 -9999 -9999 -9999 -9999 -9999 -9999 -9999 -9999 -9999 -9999
-0.321 -0.323 -0.319 -9999 -0.304 -0.295 -9999 -9999 -9999 -9999 -9999 -9999 -9999 -9999 -9999 -9999 -9999 -9999 -9999 -9999 -9999 -9999 -9999 -9999 -9999 -9999 -9999 -9999 -9999 -9999 -1.348 -1.307 -1.269 -1.24 -1.184 -1.129 -1.117 -1.111 -1.086 -1.035 -0.948 -0.858 -0.771 -0.683 -0.625 -0.57 -0.488 -0.406 -0.341 -0.279 -0.234 -0.188 -0.128 -0.063 -0.003 0.056 0.119 0.176 0.225 0.267 0.316 0.363 0.403 -9999 -9999 -9999 -9999 -9999 -9999 -9999 -9999 -9999 -9999 -9999 -9999
-0.33 -0.321 -0.315 -9999 -9999 -0.3 -9999 -9999 -9999 -9999 -9999 -9999 -9999 -9999 -9999 -9999 -9999 -9999 -9999 -9999 -9999 -9999 -9999 -9999 -9999 -9999 -9999 -9999 -9999 -9999 -1.354 -1.316 -1.271 -1.217 -1.172 -1.142 -1.124 -1.095 -1.062 -0.996 -0.913 -0.837 -0.754 -0.672 -0.605 -0.532 -0.457 -0.396 -0.333 -0.266 -0.227 -0.189 -0.126 -0.06 -0.009 0.044 0.1 0.158 0.224 0.279 0.324 0.367 0.4 0.443 0.5 0.544 -9999 -9999 -9999 -9999 -9999 -9999 -9999 -9999 -9999
-0.331 -0.322 -0.313 -0.301 -9999 -0.31 -9999 -9999 -9999 -9999 -9999 -9999 -9999 -9999 -9999 -9999 -9999 -9999 -9999 -9999 -9999 -9999 -9999 -9999 -9999 -9999 -9999 -9999 -9999 -1.323 -1.326 -1.308 -1.254 -1.205 -1.172 -1.141 -1.11 -1.08 -1.039 -0.971 -0.893 -0.815 -0.733 -0.652 -0.579 -0.508 -0.444 -0.386 -0.323 -0.258 -0.22 -0.186 -0.128 -0.059 -0.01 0.037 0.092 0.145 0.213 0.272 0.318 0.363 0.402 0.438 0.477 0.512 0.599 0.576 -9999 -9999 -9999 -9999 -9999 -9999 -9999
-0.348 -0.326 -0.318 -9999 -0.321 -9999 -9999 -9999 -9999 -9999 -9999 -9999 -9999 -9999 -9999 -9999 -9999 -9999 -9999 -9999 -9999 -9999 -9999 -9999 -9999 -9999 -9999 -9999 -9999 -9999 -1.291 -1.27 -1.224 -1.195 -1.158 -1.117 -1.088 -1.067 -1.023 -0.946 -0.864 -0.788 -0.711 -0.644 -0.573 -0.498 -0.439 -0.388 -0.331 -0.277 -0.229 -0.187 -0.13 -0.063 -0.017 0.029 0.092 0.152 0.202 0.251 0.291 0.331 0.373 0.417 0.458 0.494 0.549 0.623 0.612 -9999 -9999 -9999 -9999 -9999 -9999
-0.351 -0.334 -0.334 -0.333 -0.339 -9999 -9999 -9999 -9999 -9999 -9999 -9999 -9999 -9999 -9999 -9999 -9999 -9999 -9999 -9999 -9999 -9999 -9999 -9999 -9999 -9999 -9999 -9999 -9999 -9999 -9999 -1.247 -1.214 -1.186 -1.144 -1.102 -1.078 -1.056 -1.005 -0.92 -0.839 -0.764 -0.695 -0.631 -0.558 -0.487 -0.432 -0.384 -0.332 -0.281 -0.233 -0.186 -0.13 -0.065 -0.02 0.024 0.086 0.148 0.194 0.23 0.269 0.307 0.343 0.385 0.435 0.477 0.532 0.591 0.637 0.615 -9999 -9999 -9999 -9999 -9999
-0.345 -0.357 -0.358 -0.356 -9999 -9999 -9999 -9999 -9999 -9999 -9999 -9999 -9999 -9999 -9999 -9999 -9999 -9999 -9999 -9999 -9999 -9999 -9999 -9999 -9999 -9999 -9999 -9999 -9999 -9999 -9999 -1.241 -1.212 -1.185 -1.142 -1.091 -1.061 -1.022 -0.966 -0.901 -0.819 -0.744 -0.676 -0.613 -0.544 -0.478 -0.42 -0.358 -0.311 -0.273 -0.227 -0.182 -0.136 -0.078 -0.026 0.022 0.08 0.135 0.182 0.219 0.259 0.298 0.323 0.354 0.403 0.451 0.486 0.527 0.587 0.638 0.591 -9999 -9999 -9999 -9999
-0.363 -0.376 -0.377 -0.378 -9999 -9999 -9999 -9999 -9999 -9999 -9999 -9999 -9999 -9999 -9999 -9999 -9999 -9999 -9999 -9999 -9999 -9999 -9999 -9999 -9999 -9999 -9999 -9999 -9999 -9999 -9999 -9999 -1.201 -1.178 -1.131 -1.082 -1.041 -0.989 -0.945 -0.882 -0.8 -0.726 -0.659 -0.597 -0.531 -0.467 -0.404 -0.344 -0.304 -0.266 -0.224 -0.179 -0.134 -0.083 -0.033 0.015 0.067 0.116 0.16 0.202 0.242 0.282 0.306 0.328 0.373 0.422 0.46 0.494 0.553 0.61 0.614 -9999 -9999 -9999 -9999
-9999 -9999 -9999 -9999 -9999 -9999 -9999 -9999 -9999 -9999 -9999 -9999 -9999 -9999 -9999 -9999 -9999 -9999 -9999 -9999 -9999 -9999 -9999 -9999 -9999 -9999 -9999 -9999 -9999 -9999 -9999 -9999 -1.189 -1.16 -1.117 -1.073 -1.023 -0.976 -0.931 -0.86 -0.781 -0.712 -0.647 -0.585 -0.52 -0.455 -0.395 -0.34 -0.303 -0.272 -0.229 -0.185 -0.132 -0.079 -0.039 -0.001 0.048 0.096 0.135 0.177 0.218 0.257 0.286 0.311 0.35 0.397 0.436 0.475 0.53 0.576 0.589 0.592 -9999 -9999 -9999
-9999 -9999 -9999 -9999 -9999 -9999 -9999 -9999 -9999 -9999 -9999 -9999 -9999 -9999 -9999 -9999 -9999 -9999 -9999 -9999 -9999 -9999 -9999 -9999 -9999 -9999 -9999 -9999 -9999 -9999 -9999 -9999 -9999 -1.147 -1.105 -1.049 -1.002 -0.958 -0.911 -0.846 -0.769 -0.7 -0.635 -0.575 -0.509 -0.445 -0.388 -0.335 -0.301 -0.272 -0.229 -0.185 -0.135 -0.083 -0.048 -0.018 0.028 0.076 0.113 0.151 0.195 0.235 0.263 0.291 0.329 0.371 0.408 0.447 0.504 0.548 0.56 0.57 -9999 -9999 -9999
-9999 -9999 -9999 -9999 -9999 -9999 -9999 -9999 -9999 -9999 -9999 -9999 -9999 -9999 -9999 -9999 -9999 -9999 -9999 -9999 -9999 -9999 -9999 -9999 -9999 -9999 -9999 -9999 -9999 -9999 -9999 -9999 -9999 -1.121 -9999 -1.029 -0.986 -0.95 -0.907 -9999 -0.765 -0.694 -0.627 -0.56 -0.499 -0.443 -0.392 -0.349 -0.308 -0.252 -0.228 -0.196 -0.148 -0.098 -0.061 -0.028 0.009 0.052 0.092 0.131 0.173 0.216 0.251 0.283 0.305 0.335 0.373 0.412 0.456 0.496 0.526 0.541 0.553 -9999 -9999
-9999 -9999 -9999 -9999 -9999 -9999 -9999 -9999 -9999 -9999 -9999 -9999 -9999 -9999 -9999 -9999 -9999 -9999 -9999 -9999 -9999 -9999 -9999 -9999 -9999 -9999 -9999 -9999 -9999 -9999 -9999 -9999 -9999 -9999 -1.053 -1.009 -9999 -9999 -9999 -9999 -0.763 -0.687 -0.617 -0.551 -0.493 -0.439 -0.394 -0.352 -0.298 -0.242 -0.221 -0.206 -0.161 -0.113 -0.078 -0.043 -0.008 0.028 0.067 0.107 0.147 0.188 0.227 0.263 0.286 0.307 0.342 0.383 0.422 0.452 0.489 0.517 0.527 0.541 0.548
-9999 -9999 -9999 -9999 -9999 -9999 -9999 -9999 -9999 -9999 -9999 -9999 -9999 -9999 -9999 -9999 -9999 -9999 -9999 -9999 -9999 -9999 -9999 -9999 -9999 -9999 -9999 -9999 -9999 -9999 -9999 -9999 -9999 -9999 -1.039 -0.989 -9999 -9999 -9999 -9999 -0.778 -0.688 -0.623 -0.573 -0.509 -0.437 -0.383 -0.328 -0.276 -0.242 -0.223 -0.209 -0.177 -0.137 -0.094 -0.055 -0.024 0.008 0.041 0.075 0.112 0.151 0.195 0.236 0.259 0.28 0.309 0.34 0.369 0.394 0.45 0.503 0.502 0.504 0.515
-9999 -9999 -9999 -9999 -9999 -9999 -9999 -9999 -9999 -9999 -9999 -9999 -9999 -9999 -9999 -9999 -9999 -9999 -9999 -9999 -9999 -9999 -9999 -9999 -9999 -9999 -9999 -9999 -9999 -9999 -9999 -9999 -9999 -9999 -1.031 -9999 -9999 -9999 -9999 -0.859 -0.789 -0.706 -0.649 -0.598 -0.525 -0.452 -0.393 -0.338 -0.297 -0.263 -0.24 -0.218 -0.188 -0.155 -0.115 -0.072 -0.042 -0.013 0.017 0.048 0.083 0.119 0.161 0.207 0.232 0.252 0.281 0.303 0.323 0.342 0.394 0.459 0.477 0.47 -9999
-9999 -9999 -9999 -9999 -9999 -9999 -9999 -9999 -9999 -9999 -9999 -9999 -9999 -9999 -9999 -9999 -9999 -9999 -9999 -9999 -9999 -9999 -9999 -9999 -9999 -9999 -9999 -9999 -9999 -9999 -9999 -9999 -9999 -9999 -9999 -9999 -9999 -9999 -9999 -0.869 -0.817 -0.76 -0.697 -0.628 -0.559 -0.49 -0.434 -0.377 -0.334 -0.291 -0.26 -0.23 -0.193 -0.158 -0.132 -0.099 -0.062 -0.029 -0.007 0.019 0.056 0.092 0.121 0.157 0.207 0.241 0.257 0.269 0.295 0.316 0.34 0.383 0.421 0.433 -9999
-9999 -9999 -9999 -9999 -9999 -9999 -9999 -9999 -9999 -9999 -9999 -9999 -9999 -9999 -9999 -9999 -9999 -9999 -9999 -9999 -9999 -9999 -9999 -9999 -9999 -9999 -9999 -9999 -9999 -9999 -9999 -9999 -9999 -9999 -9999 -9999 -9999 -9999 -9999 -0.881 -0.847 -0.801 -0.73 -0.662 -0.595 -0.528 -0.47 -0.414 -0.368 -0.323 -0.287 -0.254 -0.218 -0.181 -0.155 -0.126 -0.086 -0.049 -0.027 -0.007 0.029 0.066 0.093 0.121 0.168 0.219 0.232 0.234 0.257 0.284 0.303 0.328 0.361 0.398 -9999
-9999 -9999 -9999 -9999 -9999 -9999 -9999 -9999 -9999 -9999 -9999 -9999 -9999 -9999 -9999 -9999 -9999 -9999 -9999 -9999 -9999 -9999 -9999 -9999 -9999 -9999 -9999 -9999 -9999 -9999 -9999 -9999 -9999 -9999 -9999 -9999 -9999 -9999 -0.922 -0.861 -0.834 -0.797 -0.733 -0.688 -0.624 -0.568 -0.514 -0.466 -0.419 -0.367 -0.325 -0.289 -0.252 -0.216 -0.191 -0.167 -0.123 -0.077 -0.047 -0.024 0.004 0.038 0.07 0.1 0.136 0.176 0.197 0.202 0.222 0.245 0.263 0.284 0.315 0.35 0.368
-9999 -9999 -9999 -9999 -9999 -9999 -9999 -9999 -9999 -9999 -9999 -9999 -9999 -9999 -9999 -9999 -9999 -9999 -9999 -9999 -9999 -9999 -9999 -9999 -9999 -9999 -9999 -9999 -9999 -9999 -9999 -9999 -9999 -9999 -9999 -9999 -9999 -9999 -0.915 -0.865 -0.843 -0.808 -0.766 -0.72 -0.661 -0.605 -0.555 -0.507 -0.456 -0.405 -0.361 -0.319 -0.282 -0.245 -0.221 -0.199 -0.164 -0.12 -0.079 -0.046 -0.018 0.01 0.043 0.075 0.108 0.136 0.151 0.163 0.184 0.206 0.225 0.244 0.273 0.307 0.328
-9999 -9999 -9999 -9999 -9999 -9999 -9999 -9999 -9999 -9999 -9999 -9999 -9999 -9999 -9999 -9999 -9999 -9999 -9999 -9999 -9999 -9999 -9999 -9999 -9999 -9999 -9999 -9999 -9999 -9999 -9999 -9999 -9999 -9999 -9999 -9999 -9999 -0.983 -0.941 -0.903 -0.882 -0.855 -0.816 -0.751 -0.694 -0.646 -0.598 -0.555 -0.502 -0.445 -0.394 -0.348 -0.311 -0.275 -0.242 -0.215 -0.188 -0.156 -0.112 -0.066 -0.037 -0.013 0.021 0.054 0.068 0.084 0.102 0.117 0.137 0.159 0.186 0.209 0.223 0.245 0.278
-9999 -9999 -9999 -9999 -9999 -9999 -9999 -9999 -9999 -9999 -9999 -9999 -9999 -9999 -9999 -9999 -9999 -9999 -9999 -9999 -9999 -9999 -9999 -9999 -9999 -9999 -9999 -9999 -9999 -9999 -9999 -9999 -9999 -9999 -9999 -9999 -9999 -1.001 -0.966 -0.929 -0.906 -0.884 -0.84 -0.786 -0.732 -0.683 -0.637 -0.595 -0.538 -0.481 -0.43 -0.379 -0.34 -0.305 -0.272 -0.239 -0.214 -0.187 -0.15 -0.104 -0.07 -0.039 -0.003 0.025 0.035 0.04 0.057 0.075 0.094 0.114 0.139 0.167 0.184 0.198 0.229
-9999 -9999 -9999 -9999 -9999 -9999 -9999 -9999 -9999 -9999 -9999 -9999 -9999 -9999 -9999 -9999 -9999 -9999 -9999 -9999 -9999 -9999 -9999 -9999 -9999 -9999 -9999 -9999 -9999 -9999 -9999 -9999 -9999 -9999 -9999 -9999 -9999 -1.013 -0.981 -0.957 -0.929 -0.892 -0.861 -0.832 -0.779 -0.721 -0.671 -0.618 -0.563 -0.514 -0.47 -0.423 -0.384 -0.35 -0.315 -0.282 -0.243 -0.209 -0.197 -0.171 -0.121 -0.078 -0.041 -0.017 -0.004 0.003 0.011 0.022 0.039 0.057 0.083 0.11 0.134 0.157 0.184
-9999 -9999 -9999 -9999 -9999 -9999 -9999 -9999 -9999 -9999 -9999 -9999 -9999 -9999 -9999 -9999 -9999 -9999 -9999 -9999 -9999 -9999 -9999 -9999 -9999 -9999 -9999 -9999 -9999 -9999 -9999 -9999 -9999 -9999 -9999 -9999 -9999 -9999 -0.998 -0.977 -0.941 -0.905 -0.887 -0.863 -0.817 -0.76 -0.703 -0.649 -0.599 -0.549 -0.505 -0.462 -0.423 -0.387 -0.351 -0.316 -0.278 -0.236 -0.224 -0.214 -0.171 -0.124 -0.09 -0.06 -0.044 -0.032 -0.024 -0.019 -0.005 0.012 0.034 -9999 0.083 -9999 0.144
-9999 -9999 -9999 -9999 -9999 -9999 -9999 -9999 -9999 -9999 -9999 -9999 -9999 -9999 -9999 -9999 -9999 -9999 -9999 -9999 -9999 -9999 -9999 -9999 -9999 -9999 -9999 -9999 -9999 -9999 -9999 -9999 -9999 -9999 -9999 -9999 -9999 -1.015 -1.001 -1.0 -0.967 -0.935 -0.911 -0.874 -0.834 -0.788 -0.737 -0.697 -0.646 -0.594 -0.547 -0.496 -0.459 -0.422 -0.388 -0.354 -0.319 -0.28 -0.258 -0.243 -0.217 -0.185 -0.154 -0.123 -0.092 -0.075 -0.06 -0.049 -0.032 -0.015 0.002 0.024 0.045 0.069 -9999
-9999 -9999 -9999 -9999 -9999 -9999 -9999 -9999 -9999 -9999 -9999 -9999 -9999 -9999 -9999 -9999 -9999 -9999 -9999 -9999 -9999 -9999 -9999 -9999 -9999 -9999 -9999 -9999 -9999 -9999 -9999 -9999 -9999 -9999 -9999 -9999 -9999 -1.017 -1.014 -1.012 -0.987 -0.958 -0.924 -0.888 -0.856 -0.817 -0.78 -0.74 -0.687 -0.635 -0.584 -0.532 -0.494 -0.458 -0.42 -0.387 -0.351 -0.314 -0.293 -0.276 -0.253 -0.232 -0.207 -0.179 -0.146 -0.116 -0.1 -0.085 -0.069 -0.05 -0.035 -0.016 0.005 0.029 0.051
-9999 -9999 -9999 -9999 -9999 -9999 -9999 -9999 -9999 -9999 -9999 -9999 -9999 -9999 -9999 -9999 -9999 -9999 -9999 -9999 -9999 -9999 -9999 -9999 -9999 -9999 -9999 -9999 -9999 -9999 -9999 -9999 -9999 -9999 -9999 -9999 -1.037 -1.046 -1.034 -0.998 -0.98 -0.967 -0.942 -0.92 -0.887 -0.841 -0.809 -0.769 -0.72 -0.683 -0.635 -0.586 -0.544 -0.506 -0.458 -0.416 -0.388 -0.359 -0.338 -0.322 -0.304 -0.286 -0.253 -0.222 -0.196 -0.163 -0.145 -0.134 -0.118 -0.1 -0.081 -0.06 -0.041 -0.017 0.009
-9999 -9999 -9999 -9999 -9999 -9999 -9999 -9999 -9999 -9999 -9999 -9999 -9999 -9999 -9999 -9999 -9999 -9999 -9999 -9999 -9999 -9999 -9999 -9999 -9999 -9999 -9999 -9999 -9999 -9999 -9999 -9999 -9999 -9999 -9999 -9999 -1.07 -1.058 -1.027 -0.994 -0.984 -0.974 -0.958 -0.941 -0.905 -0.864 -0.835 -0.802 -0.765 -0.726 -0.677 -0.629 -0.586 -0.545 -0.497 -0.448 -0.42 -0.398 -0.378 -0.361 -0.345 -0.329 -0.297 -0.262 -0.238 -0.21 -0.187 -0.175 -0.159 -0.139 -0.119 -0.096 -0.076 -0.055 -0.027
-9999 -9999 -9999 -9999 -9999 -9999 -9999 -9999 -9999 -9999 -9999 -9999 -9999 -9999 -9999 -9999 -9999 -9999 -9999 -9999 -9999 -9999 -9999 -9999 -9999 -9999 -9999 -9999 -9999 -9999 -9999 -9999 -9999 -9999 -9999 -9999 -9999 -1.071 -1.043 -1.012 -1.001 -0.981 -0.967 -0.951 -0.923 -0.899 -0.877 -0.847 -0.815 -0.769 -0.722 -0.683 -0.637 -0.594 -0.558 -0.519 -0.481 -0.454 -0.419 -0.393 -0.386 -0.377 -0.347 -0.315 -0.287 -0.258 -0.226 -0.2 -0.185 -0.169 -0.158 -0.14 -0.12 -0.098 -0.07
