Validation/Results/raw data/ReClimate_07_2024_2_Temperatureweatherlogisticsltd.asc
NCOLS 192
NROWS 249
XLLCENTER -225160.85627316462
YLLCENTER 29788.11610251502
CELLSIZE 5000.0
NODATA_VALUE -9999
[rows 170 to 203 of 249, columns 76 to 151 of 192]
-9999 -9999 -9999 -9999 -9999 -9999 -9999 -9999 -9999 -9999 -9999 -9999 -9999 -9999 -9999 -9999 -0.27 -0.274 -9999 -9999 -9999 -9999 -9999 -9999 -9999 -9999 -9999 -9999 -9999 -9999 -9999 -9999 -9999 -9999 -9999 0.003 0.033 0.038 0.041 0.053 0.066 0.087 0.107 0.129 0.15 0.175 0.201 0.204 0.203 0.208 0.208 0.231 0.255 0.265 0.272 0.275 0.275 0.286 0.297 0.305 0.312 0.328 0.345 0.341 0.332 0.353 0.377 0.388 0.397 0.412 0.427 0.43 0.431 0.442 0.452 0.478
-9999 -9999 -9999 -9999 -9999 -9999 -9999 -9999 -9999 -9999 -9999 -9999 -9999 -9999 -9999 -9999 -0.263 -0.258 -0.245 -9999 -9999 -9999 -9999 -9999 -9999 -9999 -9999 -9999 -9999 -9999 -9999 -9999 -9999 -9999 -0.031 0.004 0.042 0.049 0.054 0.066 0.075 0.097 0.119 0.135 0.14 0.161 0.178 0.181 0.182 0.194 0.22 0.231 0.248 0.254 0.259 0.269 0.273 0.288 0.301 0.301 0.303 0.319 0.335 0.344 0.344 0.357 0.376 0.388 0.398 0.415 0.431 0.434 0.436 0.441 0.45 0.48
-9999 -9999 -9999 -9999 -9999 -9999 -9999 -9999 -9999 -9999 -9999 -9999 -9999 -9999 -9999 -0.257 -0.258 -0.243 -0.231 -0.224 -9999 -9999 -9999 -9999 -9999 -9999 -9999 -9999 -9999 -9999 -9999 -0.102 -9999 -9999 -0.028 0.007 0.046 0.055 0.06 -9999 0.079 0.102 0.124 0.131 0.136 0.152 0.169 0.174 0.173 0.197 0.221 0.232 0.241 0.248 0.251 0.261 0.269 0.284 0.3 0.3 0.297 0.313 0.329 0.338 0.346 0.359 0.373 0.386 0.397 0.414 0.431 0.434 0.436 0.442 0.447 0.477
-9999 -9999 -9999 -9999 -9999 -9999 -9999 -9999 -9999 -9999 -9999 -9999 -9999 -9999 -9999 -0.261 -0.238 -0.226 -0.222 -0.212 -0.201 -0.2 -9999 -9999 -9999 -0.191 -0.182 -9999 -0.145 -0.125 -0.123 -0.108 -0.088 -9999 -9999 0.017 0.038 -9999 -9999 0.066 0.08 0.103 0.126 0.136 0.146 0.16 0.169 0.18 0.198 0.198 0.207 0.214 0.22 0.237 0.248 0.26 0.271 0.29 0.309 0.313 0.313 0.321 0.333 0.338 0.344 0.356 0.37 0.384 0.398 0.415 0.432 0.44 0.445 0.458 0.467 0.479
-9999 -9999 -9999 -9999 -9999 -9999 -9999 -9999 -9999 -9999 -9999 -9999 -9999 -9999 -9999 -9999 -0.229 -0.223 -0.218 -0.206 -0.193 -9999 -9999 -0.193 -0.187 -0.185 -0.184 -0.155 -0.131 -0.126 -0.13 -0.115 -0.092 -0.051 -9999 0.011 0.032 0.042 0.05 0.064 0.079 0.102 0.125 0.138 0.148 0.158 0.168 0.189 0.208 0.207 0.202 0.209 0.213 0.228 0.245 0.257 0.269 0.288 0.309 0.314 0.317 0.325 0.332 0.338 0.342 0.354 0.367 0.381 0.397 0.415 0.431 0.44 0.447 0.46 0.473 0.484
-9999 -9999 -9999 -9999 -9999 -9999 -9999 -9999 -9999 -9999 -9999 -9999 -9999 -9999 -9999 -9999 -0.236 -0.23 -0.214 -0.204 -0.197 -0.192 -0.189 -0.183 -0.171 -0.172 -0.173 -0.152 -0.144 -0.138 -0.122 -0.107 -0.092 -0.053 -0.019 0.004 0.019 0.035 0.059 0.074 0.087 0.106 0.118 0.133 0.155 0.168 0.181 0.201 0.213 0.214 0.216 0.228 0.237 0.243 0.254 0.277 0.295 0.298 0.31 0.314 0.316 0.329 0.339 0.346 0.352 0.356 0.365 0.386 0.406 0.422 0.437 0.446 0.455 0.466 0.477 0.488
-9999 -9999 -9999 -9999 -9999 -9999 -9999 -9999 -9999 -9999 -9999 -9999 -9999 -9999 -9999 -9999 -9999 -0.223 -0.213 -0.206 -0.199 -0.196 -0.193 -0.18 -0.167 -0.169 -0.171 -0.162 -0.154 -0.138 -0.121 -0.106 -0.087 -0.052 -0.017 0.003 0.018 0.043 0.066 0.079 0.092 0.106 0.117 0.138 0.16 0.175 0.188 0.203 0.214 0.22 0.221 0.234 0.245 0.252 0.258 0.28 0.305 0.309 0.31 0.314 0.316 0.328 0.339 0.347 0.353 0.358 0.362 0.383 0.407 0.424 0.438 0.447 0.457 0.468 0.478 0.488
-9999 -9999 -9999 -9999 -9999 -9999 -9999 -9999 -9999 -9999 -9999 -9999 -9999 -9999 -9999 -9999 -9999 -9999 -9999 -0.186 -0.178 -0.174 -0.176 -0.171 -0.186 -0.184 -0.174 -0.169 -0.164 -0.148 -0.136 -0.113 -0.074 -0.04 -0.012 0.012 0.039 0.06 0.074 0.085 0.093 0.108 0.125 0.145 0.162 0.175 0.181 0.197 0.217 0.226 0.238 0.235 0.238 0.255 0.266 0.287 0.311 0.314 0.316 0.32 0.323 0.331 0.34 0.348 0.354 0.365 0.373 0.389 0.409 0.422 0.434 0.452 0.466 0.476 0.485 0.491
-9999 -9999 -9999 -9999 -9999 -9999 -9999 -9999 -9999 -9999 -9999 -9999 -9999 -9999 -9999 -9999 -9999 -9999 -0.189 -0.18 -0.171 -0.17 -0.171 -0.181 -0.194 -0.186 -0.176 -0.17 -0.163 -0.151 -0.139 -0.105 -0.065 -0.036 -0.009 0.021 0.048 0.065 0.079 0.087 0.094 0.112 0.13 0.148 0.164 0.173 0.178 0.198 0.218 0.231 0.244 0.243 0.237 0.253 0.271 0.291 0.313 0.317 0.318 0.324 0.327 0.335 0.341 0.349 0.356 0.367 0.378 0.394 0.411 0.424 0.434 0.452 0.471 0.48 0.489 0.493
-9999 -9999 -9999 -9999 -9999 -9999 -9999 -9999 -9999 -9999 -9999 -9999 -9999 -9999 -9999 -9999 -9999 -0.197 -0.187 -0.178 -0.168 -0.164 -0.159 -0.163 -0.162 -0.157 -0.168 -0.164 -0.164 -0.146 -0.112 -0.087 -0.074 -0.043 -0.007 0.022 0.049 0.065 0.075 0.086 0.102 0.122 0.144 0.161 0.175 0.186 0.196 0.208 0.204 0.218 0.234 0.242 0.242 0.266 0.288 0.3 0.316 0.315 0.314 0.318 0.32 0.337 0.349 0.363 0.374 0.385 0.397 0.413 0.431 0.452 0.468 0.463 0.467 0.48 0.491 0.499
-9999 -9999 -9999 -9999 -9999 -9999 -9999 -9999 -9999 -9999 -9999 -9999 -9999 -9999 -9999 -9999 -0.2 -0.192 -0.189 -0.178 -0.169 -0.162 -0.156 -0.152 -0.146 -0.151 -0.161 -0.16 -0.161 -0.134 -0.101 -0.089 -0.075 -0.04 -0.005 0.024 0.05 0.063 0.074 0.09 0.107 0.128 0.15 0.166 0.179 0.192 0.203 0.203 0.199 0.215 0.231 0.24 0.246 0.269 0.296 0.308 0.319 0.318 0.314 0.318 0.32 0.336 0.354 0.367 0.381 0.393 0.406 0.422 0.44 0.46 0.481 0.478 0.468 0.48 0.492 0.499
-9999 -9999 -9999 -9999 -9999 -9999 -9999 -9999 -9999 -9999 -9999 -9999 -9999 -9999 -0.23 -0.211 -0.198 -0.197 -0.2 -0.194 -0.188 -0.18 -0.162 -0.147 -0.124 -0.128 -0.135 -0.135 -0.14 -0.115 -0.09 -0.073 -0.061 -0.032 -0.012 0.018 0.048 0.066 0.089 0.104 0.114 0.132 0.143 0.162 0.185 0.197 0.205 0.208 0.21 0.224 0.235 0.258 0.273 0.281 0.298 0.306 0.313 0.326 0.331 0.335 0.338 0.349 0.363 0.373 0.386 0.394 0.404 0.417 0.433 0.455 0.477 0.488 0.487 0.495 0.503 0.501
-9999 -9999 -9999 -9999 -9999 -9999 -9999 -9999 -9999 -9999 -9999 -9999 -9999 -0.224 -0.224 -0.211 -0.197 -9999 -9999 -9999 -9999 -0.17 -0.158 -0.136 -0.114 -0.116 -0.123 -0.124 -0.128 -0.109 -0.081 -0.066 -0.055 -0.034 -0.014 0.018 0.048 0.071 0.095 0.107 0.118 0.13 0.141 0.165 0.189 0.198 0.206 0.212 0.215 0.226 0.236 0.259 0.284 0.293 0.3 0.307 0.313 0.325 0.338 0.344 0.346 0.357 0.368 0.378 0.389 0.398 0.406 0.419 0.432 0.454 0.477 0.488 0.495 0.504 0.507 0.503
-9999 -9999 -9999 -9999 -9999 -9999 -9999 -9999 -9999 -9999 -9999 -9999 -9999 -0.222 -0.213 -0.2 -9999 -9999 -9999 -9999 -9999 -0.145 -0.127 -0.116 -0.127 -0.122 -0.103 -0.104 -0.109 -0.091 -0.067 -0.058 -0.06 -0.034 -0.003 0.025 0.043 0.067 0.089 0.104 0.125 0.14 0.157 0.175 0.176 0.184 0.194 0.203 0.222 0.232 0.239 0.255 0.275 0.292 0.302 0.313 0.32 0.325 0.334 0.346 0.352 0.365 0.377 0.384 0.394 0.404 0.413 0.428 0.443 0.457 0.476 0.485 0.491 0.511 0.521 0.515
-9999 -9999 -9999 -9999 -9999 -9999 -9999 -9999 -9999 -9999 -9999 -9999 -9999 -9999 -9999 -0.186 -9999 -9999 -9999 -9999 -9999 -0.131 -0.114 -0.12 -0.131 -0.113 -0.092 -0.092 -0.094 -0.075 -0.052 -0.049 -0.049 -0.019 0.011 0.031 0.048 0.069 0.09 0.109 0.129 0.148 0.166 0.171 0.171 0.18 0.188 0.206 0.225 0.233 0.241 0.256 0.273 0.289 0.303 0.314 0.323 0.329 0.332 0.344 0.355 0.367 0.382 0.39 0.398 0.409 0.421 0.437 0.453 0.469 0.483 0.492 0.496 0.513 0.528 0.521
-9999 -9999 -9999 -9999 -9999 -9999 -9999 -9999 -9999 -9999 -9999 -9999 -9999 -9999 -9999 -9999 -9999 -9999 -9999 -9999 -9999 -0.11 -0.094 -0.097 -0.108 -0.091 -0.086 -0.082 -0.074 -0.057 -0.041 -0.035 -0.029 0.002 0.036 0.055 0.066 0.085 0.097 0.116 0.134 0.152 0.168 0.171 0.171 0.186 0.211 0.228 0.24 0.251 0.26 0.276 0.293 0.302 0.312 0.325 0.336 0.342 0.346 0.349 0.356 0.372 0.388 0.403 0.416 0.43 0.444 0.459 0.476 0.495 0.512 0.516 0.516 0.527 0.537 0.53
-9999 -9999 -9999 -9999 -9999 -9999 -9999 -9999 -9999 -9999 -9999 -9999 -9999 -9999 -9999 -9999 -9999 -9999 -9999 -9999 -9999 -9999 -0.076 -0.079 -0.088 -0.08 -0.073 -0.063 -0.055 -0.043 -0.027 -0.018 -0.011 0.021 0.054 0.068 0.079 0.093 0.107 0.125 0.143 0.16 0.174 0.176 0.174 0.196 0.22 0.233 0.246 0.256 0.267 0.284 0.3 0.31 0.315 0.328 0.341 0.346 0.351 0.356 0.359 0.376 0.395 0.411 0.428 0.444 0.459 0.475 0.491 0.511 0.53 0.534 0.528 0.536 0.543 0.537
-9999 -9999 -9999 -9999 -9999 -9999 -9999 -9999 -9999 -9999 -9999 -9999 -9999 -9999 -9999 -9999 -9999 -9999 -9999 -9999 -9999 -0.086 -0.067 -0.068 -0.068 -0.057 -0.05 -0.04 -0.032 -0.027 -0.035 -0.019 0.007 0.036 0.061 0.078 0.1 0.115 0.131 0.149 0.163 0.177 0.18 0.189 0.211 0.226 0.232 0.243 0.252 0.255 0.26 0.278 0.294 0.308 0.316 0.325 0.335 0.346 0.353 0.369 0.381 0.391 0.406 0.42 0.437 0.451 0.466 0.485 0.503 0.524 0.544 0.554 0.551 0.55 0.552 0.543
-9999 -9999 -9999 -9999 -9999 -9999 -9999 -9999 -9999 -9999 -9999 -9999 -9999 -9999 -9999 -9999 -9999 -9999 -9999 -9999 -9999 -0.075 -0.057 -0.054 -0.048 -0.039 -0.032 -0.022 -0.013 -0.02 -0.029 -0.002 0.023 0.048 0.071 0.093 0.115 0.131 0.147 0.162 0.177 0.183 0.184 0.205 0.227 0.233 0.238 0.247 0.256 0.258 0.258 0.275 0.292 0.305 0.317 0.327 0.336 0.347 0.359 0.376 0.394 0.405 0.415 0.43 0.446 0.461 0.476 0.494 0.514 0.535 0.555 0.562 0.561 0.56 0.557 0.548
-9999 -9999 -9999 -9999 -9999 -9999 -9999 -9999 -9999 -9999 -9999 -9999 -9999 -9999 -9999 -9999 -9999 -9999 -9999 -9999 -9999 -0.068 -0.05 -0.041 -0.022 -0.011 -0.001 0.005 -0.001 0.003 0.027 0.054 0.076 0.094 0.093 0.111 0.12 0.135 0.146 0.17 0.21 0.213 0.208 0.224 0.23 0.235 0.239 0.248 0.258 0.26 0.26 0.279 0.298 0.313 0.327 0.341 0.353 0.358 0.367 0.386 0.406 0.419 0.431 0.447 0.464 0.478 0.493 0.514 0.535 0.559 0.577 0.581 0.58 0.575 0.571 0.561
-9999 -9999 -9999 -9999 -9999 -9999 -9999 -9999 -9999 -9999 -9999 -9999 -9999 -9999 -9999 -9999 -9999 -9999 -9999 -9999 -9999 -9999 -0.042 -0.024 -0.004 0.008 0.019 0.018 0.012 0.034 0.059 0.082 0.104 0.109 0.108 0.12 0.13 0.143 0.153 0.188 0.225 0.224 0.219 0.227 0.233 0.238 0.242 0.252 0.261 0.263 0.264 0.281 0.302 0.318 0.333 0.349 0.362 0.369 0.375 0.394 0.415 0.429 0.442 0.459 0.476 0.491 0.506 0.528 0.55 0.573 0.588 0.589 0.588 0.584 0.578 0.568
-9999 -9999 -9999 -9999 -9999 -9999 -9999 -9999 -9999 -9999 -9999 -9999 -9999 -9999 -9999 -9999 -9999 -9999 -9999 -9999 -9999 -9999 -0.026 -0.007 0.007 0.023 0.044 0.044 0.038 0.056 0.068 0.085 0.095 0.101 0.105 0.123 0.151 0.165 0.179 0.207 0.222 0.221 0.217 0.224 0.232 0.24 0.257 0.268 0.281 0.276 0.273 0.291 0.312 0.331 0.348 0.348 0.353 0.378 0.396 0.409 0.426 0.443 0.459 0.476 0.494 0.513 0.531 0.549 0.569 0.583 0.592 0.6 0.605 0.6 0.594 0.591
-9999 -9999 -9999 -9999 -9999 -9999 -9999 -9999 -9999 -9999 -9999 -9999 -9999 -9999 -9999 -9999 -9999 -9999 -9999 -9999 -9999 -0.026 -0.009 0.006 0.018 0.039 0.061 0.061 0.057 0.068 0.079 0.089 0.099 0.107 0.112 0.139 0.165 0.18 0.194 0.21 0.223 0.223 0.219 0.227 0.234 0.249 0.266 0.279 0.292 0.287 0.281 0.3 0.321 0.339 0.357 0.359 0.356 0.381 0.409 0.422 0.435 0.453 0.471 0.488 0.506 0.526 0.546 0.565 0.58 0.592 0.594 0.602 0.611 0.607 0.601 0.598
-9999 -9999 -9999 -9999 -9999 -9999 -9999 -9999 -9999 -9999 -9999 -9999 -9999 -9999 -9999 -9999 -9999 -9999 -9999 -9999 -9999 -0.01 0.006 0.026 0.053 0.066 0.066 0.073 0.087 0.096 0.097 0.107 0.118 0.129 0.142 0.167 0.186 0.203 0.223 0.234 0.233 0.237 0.249 0.256 0.257 0.271 0.283 0.295 0.306 0.306 0.31 0.319 0.334 0.342 0.355 0.372 0.38 0.394 0.415 0.435 0.452 0.462 0.476 0.501 0.523 0.543 0.564 0.581 0.596 0.599 0.597 0.611 0.624 0.62 0.613 0.603
-9999 -9999 -9999 -9999 -9999 -9999 -9999 -9999 -9999 -9999 -9999 -9999 -9999 -9999 -9999 -9999 -9999 -9999 -9999 -9999 -9999 0.005 0.024 0.051 0.075 0.078 0.079 0.095 0.109 0.114 0.114 0.124 0.132 0.147 0.16 0.18 0.199 0.219 0.237 0.239 0.239 0.251 0.264 0.267 0.269 0.281 0.293 0.303 0.315 0.322 0.326 0.336 0.344 0.354 0.362 0.379 0.395 0.409 0.423 0.443 0.465 0.475 0.484 0.509 0.535 0.555 0.573 0.589 0.603 0.607 0.6 0.613 0.63 0.625 0.619 0.609
-9999 -9999 -9999 -9999 -9999 -9999 -9999 -9999 -9999 -9999 -9999 -9999 -9999 -9999 -9999 -9999 -9999 -9999 -9999 -9999 0.014 0.027 0.073 0.091 0.093 0.098 0.1 0.115 0.127 0.133 0.142 0.153 0.167 0.176 0.166 0.186 0.21 0.225 0.236 0.244 0.261 0.268 0.261 0.268 0.282 0.29 0.294 0.303 0.315 0.323 0.331 0.347 0.359 0.377 0.393 0.4 0.409 0.422 0.437 0.45 0.467 0.492 0.51 0.529 0.552 0.563 0.577 0.587 0.598 0.604 0.599 0.611 0.626 0.626 0.621 0.598
-9999 -9999 -9999 -9999 -9999 -9999 -9999 -9999 -9999 -9999 -9999 -9999 -9999 -9999 -9999 -9999 -9999 -9999 -9999 0.025 0.034 0.069 0.101 0.107 0.11 0.115 0.118 0.132 0.144 0.155 0.164 0.178 0.19 0.185 0.175 0.197 0.218 0.229 0.239 0.256 0.274 0.271 0.264 0.278 0.291 0.295 0.299 0.309 0.321 0.33 0.339 0.354 0.371 0.391 0.411 0.419 0.422 0.435 0.449 0.462 0.474 0.499 0.526 0.544 0.561 0.571 0.58 0.591 0.599 0.602 0.6 0.613 0.627 0.625 0.622 0.599
-9999 -9999 -9999 -9999 -9999 -9999 -9999 -9999 -9999 -9999 -9999 -9999 -9999 -9999 -9999 -9999 -9999 0.036 0.039 0.041 0.073 0.099 0.116 0.122 0.124 0.132 0.141 0.159 0.178 0.189 0.196 0.205 0.208 0.209 0.214 0.234 0.249 0.256 0.254 0.266 0.271 0.27 0.272 0.284 0.292 0.298 0.31 0.319 0.323 0.332 0.341 0.374 0.401 0.409 0.423 0.432 0.435 0.449 0.463 0.481 0.497 0.523 0.549 0.557 0.568 0.576 0.585 0.604 0.616 0.623 0.627 0.626 0.631 0.63 0.627 0.623
-9999 -9999 -9999 -9999 -9999 -9999 -9999 -9999 -9999 -9999 -9999 -9999 -9999 -9999 -9999 -9999 0.036 0.051 0.047 0.073 0.097 0.115 0.131 0.138 0.14 0.152 0.162 0.182 0.199 0.208 0.214 0.22 0.223 0.23 0.234 0.249 0.265 0.265 0.263 0.269 0.274 0.278 0.28 0.289 0.297 0.307 0.321 0.326 0.33 0.34 0.352 0.383 0.42 0.429 0.435 0.443 0.447 0.461 0.475 0.492 0.51 0.533 0.558 0.566 0.571 0.581 0.589 0.607 0.623 0.63 0.636 0.637 0.633 0.631 0.629 0.626
-9999 -9999 -9999 -9999 -9999 -9999 -9999 -9999 -9999 -9999 -9999 -9999 -9999 -0.04 0.005 0.039 0.055 0.069 0.075 0.096 0.108 0.126 0.143 0.157 0.184 0.191 0.182 0.2 0.218 0.226 0.23 0.238 0.246 0.255 0.267 0.276 0.272 0.273 0.274 0.283 0.297 0.299 0.294 0.305 0.315 0.328 0.34 0.343 0.339 0.355 0.37 0.394 0.426 0.44 0.448 0.458 0.464 0.48 0.494 0.499 0.51 0.531 0.555 0.572 0.584 0.594 0.603 0.614 0.625 0.636 0.645 0.642 0.635 0.631 0.627 0.624
-9999 -9999 -9999 -9999 -9999 -9999 -9999 -9999 -9999 -9999 -9999 -0.044 -0.034 0.0 0.038 0.058 0.075 0.088 0.097 0.111 0.123 0.141 0.157 0.184 0.209 0.206 0.197 0.215 0.232 0.238 0.241 0.251 0.258 0.27 0.283 0.282 0.279 0.282 0.283 0.296 0.31 0.309 0.305 0.316 0.328 0.342 0.354 0.353 0.352 0.369 0.387 0.41 0.436 0.45 0.461 0.47 0.476 0.489 0.504 0.508 0.511 0.532 0.556 0.572 0.59 0.6 0.606 0.615 0.621 0.632 0.644 0.644 0.636 0.632 0.626 0.624
-9999 -9999 -9999 -9999 -9999 -9999 -9999 -0.057 -0.052 -0.045 -0.039 -0.032 -0.002 0.033 0.061 0.079 0.092 0.108 0.124 0.143 0.165 0.183 0.194 0.212 0.217 0.222 0.236 0.251 0.26 0.266 0.272 0.28 0.284 0.289 0.278 0.281 0.289 0.293 0.296 0.309 0.322 0.325 0.332 0.339 0.338 0.351 0.364 0.37 0.381 0.386 0.397 0.416 0.438 0.455 0.466 0.469 0.471 0.484 0.497 0.511 0.52 0.538 0.559 0.575 0.592 0.603 0.608 0.623 0.634 0.632 0.635 0.634 0.628 0.621 0.612 0.62
-9999 -9999 -9999 -9999 -9999 -9999 -0.068 -0.046 -0.041 -0.02 -0.03 -0.005 0.028 0.057 0.084 0.099 0.113 0.131 0.147 0.171 0.192 0.205 0.215 0.224 0.228 0.242 0.255 0.264 0.272 0.28 0.286 0.292 0.297 0.29 0.279 0.287 0.295 0.3 0.304 0.317 0.329 0.338 0.346 0.347 0.348 0.363 0.377 0.388 0.399 0.403 0.405 0.423 0.442 0.457 0.47 0.472 0.471 0.483 0.496 0.509 0.525 0.541 0.56 0.576 0.591 0.6 0.606 0.62 0.635 0.633 0.628 0.628 0.621 0.615 0.606 0.614
-9999 -9999 -9999 -9999 -9999 -0.073 -0.026 -0.007 0.001 0.012 0.015 0.04 0.059 0.087 0.107 0.121 0.129 0.149 0.175 0.198 0.219 0.231 0.24 0.253 0.268 0.279 0.281 0.288 0.286 0.29 0.285 0.294 0.307 0.307 0.314 0.322 0.323 0.33 0.337 0.346 0.341 0.351 0.36 0.368 0.383 0.399 0.414 0.422 0.423 0.427 0.427 0.434 0.445 0.459 0.47 0.483 0.489 0.496 0.507 0.518 0.532 0.539 0.552 0.574 0.591 0.601 0.608 0.62 0.634 0.63 0.624 0.629 0.628 0.626 0.62 0.622
