Validation/Results/raw data/ReClimate_10_2024_1_Precipitation-Actualsweatherlogisticsltd.asc
NCOLS 192
NROWS 249
XLLCENTER -225160.85627316462
YLLCENTER 29788.11610251431
CELLSIZE 5000.0
NODATA_VALUE -9999
[rows 66 to 98 of 249, columns 74 to 147 of 192]
-9999 -9999 -9999 -9999 -9999 -9999 -9999 -9999 -9999 -9999 -9999 145.662 -9999 157.096 190.806 233.137 241.454 247.666 219.457 202.633 170.693 149.268 125.834 132.919 141.093 129.614 128.753 128.415 123.395 124.113 113.782 109.813 -9999 -9999 -9999 -9999 -9999 -9999 -9999 -9999 -9999 -9999 -9999 -9999 -9999 -9999 -9999 -9999 -9999 -9999 -9999 -9999 -9999 -9999 -9999 -9999 -9999 -9999 -9999 -9999 -9999 -9999 -9999 -9999 -9999 -9999 -9999 -9999 -9999 -9999 -9999 -9999 -9999 -9999
-9999 -9999 -9999 -9999 -9999 -9999 -9999 -9999 -9999 -9999 -9999 -9999 147.976 183.22 191.97 215.611 217.809 211.517 203.422 191.751 165.248 142.951 131.15 126.664 122.831 118.085 120.635 119.494 118.75 105.258 -9999 -9999 -9999 -9999 -9999 -9999 -9999 -9999 -9999 -9999 -9999 -9999 -9999 -9999 -9999 -9999 -9999 -9999 -9999 -9999 -9999 -9999 -9999 -9999 -9999 -9999 -9999 -9999 -9999 -9999 -9999 -9999 -9999 -9999 -9999 -9999 -9999 -9999 -9999 -9999 -9999 -9999 -9999 -9999
-9999 -9999 -9999 -9999 -9999 -9999 -9999 -9999 -9999 -9999 -9999 -9999 177.113 192.362 185.681 180.032 194.098 198.313 176.95 159.011 145.645 129.542 122.796 117.126 120.934 118.788 108.307 109.007 99.17 84.809 -9999 -9999 -9999 -9999 -9999 -9999 -9999 -9999 -9999 -9999 -9999 -9999 -9999 -9999 -9999 -9999 -9999 -9999 -9999 -9999 -9999 -9999 -9999 -9999 -9999 -9999 -9999 -9999 -9999 -9999 -9999 -9999 -9999 -9999 -9999 -9999 -9999 -9999 -9999 -9999 -9999 -9999 -9999 -9999
-9999 -9999 -9999 -9999 -9999 -9999 -9999 -9999 -9999 -9999 -9999 -9999 -9999 -9999 168.374 179.229 189.276 171.383 157.766 157.591 150.185 133.849 116.159 112.469 120.669 110.531 102.055 86.099 -9999 -9999 -9999 -9999 -9999 -9999 -9999 -9999 -9999 -9999 -9999 -9999 -9999 -9999 -9999 -9999 -9999 -9999 -9999 -9999 -9999 -9999 -9999 -9999 -9999 -9999 -9999 -9999 -9999 -9999 -9999 -9999 -9999 -9999 -9999 -9999 -9999 -9999 -9999 -9999 -9999 -9999 -9999 -9999 -9999 -9999
-9999 -9999 -9999 -9999 -9999 -9999 -9999 -9999 158.787 -9999 -9999 182.595 193.692 180.622 174.11 199.641 188.374 178.073 174.492 172.156 155.206 136.116 106.706 106.613 105.83 108.276 90.899 78.314 -9999 -9999 -9999 -9999 -9999 -9999 -9999 -9999 -9999 -9999 -9999 -9999 -9999 -9999 -9999 -9999 -9999 -9999 -9999 -9999 -9999 -9999 -9999 -9999 -9999 -9999 -9999 -9999 -9999 -9999 -9999 -9999 -9999 -9999 -9999 -9999 -9999 -9999 -9999 -9999 -9999 -9999 -9999 -9999 -9999 -9999
-9999 -9999 -9999 -9999 -9999 -9999 163.041 160.623 168.17 168.993 185.548 199.583 217.177 221.971 220.16 181.758 202.966 211.311 208.281 186.97 161.162 151.182 138.95 102.536 99.437 87.993 76.674 66.07 -9999 -9999 -9999 -9999 -9999 -9999 -9999 -9999 -9999 -9999 -9999 -9999 -9999 -9999 -9999 -9999 -9999 -9999 -9999 -9999 -9999 -9999 -9999 -9999 -9999 -9999 -9999 -9999 -9999 -9999 -9999 -9999 -9999 -9999 -9999 -9999 -9999 -9999 -9999 -9999 -9999 -9999 -9999 -9999 -9999 -9999
-9999 -9999 -9999 -9999 -9999 -9999 166.155 175.2 -9999 189.639 209.874 223.938 228.897 254.261 203.245 208.611 222.548 240.909 248.682 204.736 186.533 183.455 146.626 125.237 113.516 88.304 75.871 -9999 59.573 -9999 -9999 -9999 -9999 -9999 -9999 -9999 -9999 -9999 -9999 -9999 -9999 -9999 -9999 -9999 -9999 -9999 -9999 -9999 -9999 -9999 -9999 -9999 -9999 -9999 -9999 -9999 -9999 -9999 -9999 -9999 -9999 -9999 -9999 -9999 -9999 -9999 -9999 -9999 -9999 -9999 -9999 -9999 -9999 -9999
-9999 -9999 -9999 -9999 -9999 -9999 -9999 191.845 203.651 212.034 233.699 229.733 258.275 230.763 215.994 207.417 209.745 225.352 220.639 186.641 180.164 176.032 142.545 124.805 95.888 79.55 75.167 61.49 57.861 -9999 -9999 -9999 -9999 -9999 -9999 -9999 -9999 -9999 -9999 -9999 -9999 -9999 -9999 -9999 -9999 -9999 -9999 -9999 -9999 -9999 -9999 -9999 -9999 -9999 -9999 -9999 -9999 -9999 -9999 -9999 -9999 -9999 -9999 -9999 -9999 -9999 -9999 -9999 -9999 -9999 -9999 -9999 -9999 -9999
178.807 -9999 -9999 -9999 -9999 -9999 -9999 -9999 206.928 220.608 233.265 276.859 265.912 257.905 236.436 237.524 237.825 210.722 179.531 165.487 180.205 164.249 141.879 118.894 89.439 79.161 64.825 62.419 63.954 -9999 -9999 -9999 -9999 -9999 -9999 -9999 -9999 -9999 -9999 -9999 -9999 -9999 -9999 -9999 -9999 -9999 -9999 -9999 -9999 -9999 -9999 -9999 -9999 -9999 -9999 -9999 -9999 -9999 -9999 -9999 -9999 -9999 -9999 -9999 -9999 -9999 -9999 -9999 -9999 -9999 -9999 -9999 -9999 -9999
192.473 -9999 -9999 -9999 -9999 -9999 198.496 208.638 230.14 238.116 250.312 251.559 278.808 265.382 252.292 249.176 217.119 194.105 182.558 158.23 162.875 176.695 139.161 97.453 78.026 70.568 -9999 66.695 -9999 -9999 -9999 -9999 -9999 -9999 68.295 66.222 65.505 -9999 -9999 -9999 -9999 -9999 -9999 -9999 -9999 -9999 -9999 -9999 -9999 -9999 -9999 -9999 -9999 -9999 -9999 -9999 -9999 -9999 -9999 -9999 -9999 -9999 -9999 -9999 -9999 -9999 -9999 -9999 -9999 -9999 -9999 -9999 -9999 -9999
200.263 186.736 -9999 -9999 -9999 -9999 -9999 223.596 235.821 255.896 254.261 274.55 258.101 250.036 241.375 238.29 202.603 180.108 152.974 153.651 169.831 142.873 106.403 88.102 82.077 77.612 68.767 -9999 -9999 -9999 -9999 53.202 55.561 59.8 64.733 66.407 64.919 65.746 68.515 77.78 87.43 90.092 86.015 84.513 83.977 84.872 90.44 94.403 94.129 91.749 88.143 86.17 86.203 -9999 -9999 -9999 -9999 -9999 -9999 -9999 -9999 -9999 -9999 -9999 -9999 -9999 -9999 -9999 -9999 -9999 -9999 -9999 -9999 -9999
245.744 247.929 -9999 -9999 -9999 205.168 -9999 215.734 220.199 255.742 301.04 287.903 254.836 230.844 236.154 213.749 199.808 178.148 164.822 141.635 121.32 110.28 92.071 84.023 86.397 74.463 -9999 -9999 -9999 -9999 60.356 57.301 62.571 67.256 73.585 67.79 71.398 75.275 71.614 95.959 97.701 96.477 87.741 83.963 85.089 86.315 90.217 95.679 99.297 96.364 96.716 98.083 86.63 -9999 -9999 -9999 -9999 -9999 -9999 -9999 -9999 -9999 -9999 -9999 -9999 -9999 -9999 -9999 -9999 -9999 -9999 -9999 -9999 -9999
259.325 261.787 -9999 -9999 -9999 210.304 213.001 211.579 258.712 303.53 303.335 298.363 248.423 249.1 235.471 213.428 186.529 174.653 170.674 143.238 130.746 101.415 82.846 87.576 75.976 -9999 -9999 63.851 63.028 63.119 64.452 67.491 69.771 77.648 80.207 86.334 92.736 85.204 91.237 94.01 94.377 88.849 89.439 94.328 87.531 91.708 93.607 101.42 103.057 100.927 105.503 100.293 90.763 85.549 -9999 -9999 -9999 -9999 -9999 -9999 -9999 -9999 -9999 -9999 -9999 -9999 -9999 -9999 -9999 -9999 -9999 -9999 -9999 -9999
245.031 245.069 -9999 220.062 -9999 197.083 201.221 263.753 310.631 287.782 310.744 291.806 276.053 263.206 246.176 236.642 213.159 193.131 170.746 157.106 125.111 100.248 76.704 70.024 68.493 -9999 75.013 76.422 76.366 69.784 69.969 72.738 85.946 93.39 98.902 104.291 99.993 95.162 100.003 101.988 99.328 94.424 93.642 88.727 92.894 93.595 95.889 102.446 101.059 99.067 96.502 96.887 90.788 85.399 -9999 -9999 -9999 -9999 -9999 -9999 -9999 -9999 -9999 -9999 -9999 -9999 -9999 -9999 -9999 -9999 -9999 -9999 -9999 -9999
240.441 -9999 227.642 -9999 -9999 -9999 248.914 344.081 297.956 278.201 243.738 259.098 259.675 252.685 255.384 241.36 233.814 209.319 183.641 148.142 121.818 92.728 79.848 87.563 76.892 77.217 87.585 96.15 98.467 89.628 80.934 90.87 99.137 107.745 106.14 92.907 92.345 93.93 96.926 104.382 98.251 95.619 87.813 87.39 92.655 100.726 99.997 99.846 99.775 101.575 97.77 96.13 93.005 88.557 -9999 -9999 -9999 -9999 -9999 -9999 -9999 -9999 -9999 -9999 -9999 -9999 -9999 -9999 -9999 -9999 -9999 -9999 -9999 -9999
258.356 257.48 -9999 -9999 -9999 -9999 275.953 275.111 250.443 -9999 242.103 259.812 265.41 251.052 243.809 234.148 199.59 183.32 174.205 153.783 135.811 112.849 109.674 105.468 81.592 91.06 92.764 108.758 123.594 110.865 90.332 89.203 103.878 111.864 93.489 87.092 103.238 99.008 113.703 111.891 103.034 99.366 88.073 88.887 103.022 97.964 96.791 94.652 98.609 94.94 97.446 95.345 89.401 86.358 -9999 -9999 -9999 -9999 -9999 -9999 -9999 -9999 -9999 -9999 -9999 -9999 -9999 -9999 -9999 -9999 -9999 -9999 -9999 -9999
306.859 332.338 -9999 -9999 -9999 234.238 -9999 -9999 210.494 217.534 249.678 283.916 287.624 272.192 269.626 236.198 217.093 177.565 153.565 139.723 130.698 122.669 121.038 85.136 93.074 94.637 114.85 116.703 120.33 119.135 96.167 93.946 99.777 95.355 91.41 107.159 103.78 108.361 114.339 110.101 117.585 105.88 95.486 104.517 97.746 93.689 93.575 97.831 90.086 89.18 89.994 90.609 85.816 -9999 -9999 -9999 -9999 -9999 -9999 -9999 -9999 -9999 -9999 -9999 -9999 -9999 -9999 -9999 -9999 -9999 -9999 -9999 -9999 -9999
359.064 379.527 315.411 256.67 -9999 -9999 -9999 238.902 209.772 -9999 257.607 265.857 274.676 282.629 269.35 262.932 213.443 159.443 148.11 141.767 138.363 127.292 102.264 108.76 101.961 114.291 119.538 116.507 121.292 110.148 88.776 89.08 86.533 91.89 113.637 104.519 111.265 133.371 120.722 115.212 114.552 103.713 98.976 96.617 94.841 88.687 92.592 88.61 88.687 86.375 86.462 83.526 -9999 -9999 -9999 -9999 -9999 -9999 -9999 -9999 -9999 -9999 -9999 -9999 -9999 -9999 -9999 -9999 -9999 -9999 -9999 -9999 -9999 -9999
347.687 357.272 306.672 267.973 -9999 245.398 247.799 246.189 251.345 280.502 278.897 284.485 305.712 307.785 270.48 225.842 204.225 180.119 171.852 165.714 150.911 127.074 116.899 120.546 138.568 140.933 125.828 120.877 111.326 81.966 81.472 88.1 93.383 104.011 91.747 94.402 109.5 126.448 132.483 130.015 131.263 105.402 107.062 103.852 107.503 115.64 94.169 87.314 94.245 96.157 87.59 78.669 -9999 -9999 -9999 -9999 -9999 -9999 -9999 -9999 -9999 -9999 -9999 -9999 -9999 -9999 -9999 -9999 -9999 -9999 -9999 -9999 -9999 -9999
311.901 312.64 281.607 260.64 255.467 245.901 265.098 -9999 258.953 293.191 333.596 363.733 342.594 312.959 265.3 265.668 227.044 195.073 162.806 153.612 150.859 123.063 120.468 148.738 163.751 141.78 133.274 132.949 103.133 102.701 85.385 87.147 88.101 93.544 105.122 105.313 118.264 140.186 131.672 122.394 113.707 102.306 97.714 89.633 97.93 95.003 88.772 87.548 91.157 88.101 80.445 -9999 -9999 -9999 -9999 -9999 -9999 -9999 -9999 -9999 -9999 -9999 -9999 -9999 -9999 -9999 -9999 -9999 -9999 -9999 -9999 -9999 -9999 -9999
303.69 -9999 -9999 -9999 237.569 259.505 -9999 256.767 294.954 353.459 387.945 368.888 378.458 339.875 316.091 274.659 208.031 200.831 190.248 177.952 145.123 138.231 153.927 180.248 180.903 170.537 166.098 129.184 129.633 107.435 95.512 110.79 102.874 125.789 125.172 125.431 132.695 125.953 103.92 104.267 101.208 105.402 99.918 85.644 93.769 93.488 87.571 86.004 88.169 86.105 78.172 -9999 -9999 -9999 -9999 -9999 -9999 -9999 -9999 -9999 -9999 -9999 -9999 -9999 -9999 -9999 -9999 -9999 -9999 -9999 -9999 -9999 -9999 -9999
-9999 -9999 -9999 221.99 246.984 -9999 232.192 253.251 -9999 343.161 334.976 376.03 374.367 366.338 318.744 255.643 240.146 215.066 175.698 157.155 173.231 170.355 184.686 210.482 207.441 191.234 158.672 126.081 102.766 88.559 105.659 117.946 139.403 149.217 138.863 126.123 126.789 112.662 110.331 100.154 99.665 105.411 91.647 92.87 98.858 94.366 91.04 84.652 92.498 90.328 77.969 -9999 -9999 -9999 -9999 -9999 -9999 -9999 -9999 -9999 -9999 -9999 -9999 -9999 -9999 -9999 -9999 -9999 -9999 -9999 -9999 -9999 -9999 -9999
-9999 -9999 -9999 214.798 -9999 -9999 228.7 257.292 315.98 322.967 364.353 388.455 378.224 312.98 282.084 234.456 200.693 178.652 185.104 208.442 214.968 213.535 222.844 223.696 206.36 167.315 117.058 97.372 104.106 131.016 147.905 192.544 199.463 176.333 160.078 154.154 131.328 117.263 103.795 96.773 88.42 92.883 91.466 94.381 102.79 118.64 96.232 86.788 87.012 85.273 78.323 -9999 -9999 -9999 -9999 -9999 -9999 -9999 -9999 -9999 -9999 -9999 -9999 -9999 -9999 -9999 -9999 -9999 -9999 -9999 -9999 -9999 -9999 -9999
-9999 -9999 -9999 -9999 -9999 -9999 -9999 283.486 332.311 329.578 376.365 391.116 332.729 323.98 285.755 249.664 237.453 242.497 250.575 241.926 237.716 211.283 197.613 192.535 176.619 135.661 103.245 106.349 125.819 152.759 195.765 194.368 200.681 181.292 168.229 147.8 129.346 117.044 106.522 87.346 82.491 89.273 84.307 87.48 105.366 95.931 84.413 84.101 90.403 88.597 -9999 -9999 -9999 -9999 -9999 -9999 -9999 -9999 -9999 -9999 -9999 -9999 -9999 -9999 -9999 -9999 -9999 -9999 -9999 -9999 -9999 -9999 -9999 -9999
-9999 -9999 -9999 -9999 -9999 214.052 236.404 -9999 341.585 352.968 399.864 359.183 317.227 293.136 277.099 290.719 290.992 271.179 238.656 236.04 220.362 206.402 178.092 163.779 140.539 124.493 132.787 132.923 145.774 176.516 180.535 188.946 157.1 147.433 133.405 105.272 105.12 113.302 118.462 114.671 107.66 107.711 120.152 108.421 87.871 93.568 103.528 105.276 98.874 87.843 -9999 -9999 -9999 -9999 -9999 -9999 -9999 -9999 -9999 -9999 -9999 -9999 -9999 -9999 -9999 -9999 -9999 -9999 -9999 -9999 -9999 -9999 -9999 -9999
-9999 -9999 -9999 -9999 208.806 210.497 269.18 312.08 359.089 392.405 388.273 358.008 301.074 262.304 264.789 259.28 261.216 274.523 264.094 266.192 255.053 183.696 181.075 158.475 151.104 148.759 161.659 159.195 166.438 165.162 173.827 157.857 141.448 133.509 146.726 142.115 148.721 140.038 132.596 157.439 168.465 162.391 148.726 126.783 128.472 125.901 114.844 99.928 92.811 -9999 -9999 -9999 -9999 -9999 -9999 -9999 -9999 -9999 -9999 -9999 -9999 -9999 -9999 -9999 -9999 -9999 -9999 -9999 -9999 -9999 -9999 -9999 -9999 -9999
-9999 -9999 -9999 -9999 205.253 -9999 262.263 293.251 335.762 384.049 370.708 287.571 265.219 270.368 234.462 232.129 236.452 242.536 256.134 244.631 196.538 202.132 213.72 191.375 174.235 203.643 191.349 190.975 188.891 193.142 189.079 177.731 160.509 174.453 174.701 182.533 186.393 148.415 174.2 179.231 147.127 151.528 157.109 144.262 138.313 121.863 99.142 97.277 90.878 -9999 -9999 -9999 -9999 -9999 -9999 -9999 -9999 -9999 -9999 -9999 -9999 -9999 -9999 -9999 -9999 -9999 -9999 -9999 -9999 -9999 -9999 -9999 -9999 -9999
-9999 -9999 -9999 -9999 -9999 -9999 286.628 315.604 321.413 348.444 297.618 241.165 245.219 231.632 210.461 216.27 229.182 252.211 230.878 235.595 226.492 242.702 219.465 187.33 201.13 216.155 203.091 201.135 184.602 201.931 195.353 183.95 206.192 201.311 198.085 219.394 207.448 207.512 207.127 181.325 162.974 151.182 132.529 133.089 130.665 109.653 94.649 90.567 83.97 -9999 -9999 -9999 -9999 -9999 -9999 -9999 -9999 -9999 -9999 -9999 -9999 -9999 -9999 -9999 -9999 -9999 -9999 -9999 -9999 -9999 -9999 -9999 -9999 -9999
-9999 -9999 -9999 -9999 235.629 251.254 284.625 290.102 298.622 325.093 278.209 280.274 284.507 -9999 268.689 321.785 318.811 293.588 278.479 280.434 268.315 258.831 241.808 222.936 210.958 194.681 181.129 159.822 161.518 185.574 183.917 200.845 181.494 177.862 169.769 190.61 206.007 197.187 172.61 177.291 161.471 135.473 141.109 120.749 107.965 101.34 95.327 92.531 70.104 -9999 -9999 -9999 -9999 -9999 -9999 -9999 -9999 -9999 -9999 -9999 -9999 -9999 -9999 -9999 -9999 -9999 -9999 -9999 -9999 -9999 -9999 -9999 -9999 -9999
227.498 198.772 208.617 229.091 -9999 243.417 268.826 277.716 286.926 303.708 305.524 301.612 -9999 307.417 360.218 355.512 366.113 319.254 288.786 260.069 267.213 254.679 243.321 218.258 191.923 167.193 150.075 124.788 137.473 140.835 163.941 163.528 163.817 153.649 144.127 155.292 160.782 150.684 159.632 157.092 140.285 132.03 104.379 93.019 85.849 88.245 93.172 75.541 -9999 -9999 -9999 -9999 -9999 -9999 -9999 -9999 -9999 -9999 -9999 -9999 -9999 -9999 -9999 -9999 -9999 -9999 -9999 -9999 -9999 -9999 -9999 -9999 -9999 -9999
196.546 202.306 221.414 246.695 250.078 -9999 265.038 270.538 272.223 298.898 289.62 276.854 282.094 326.683 333.543 330.337 346.591 315.912 283.885 255.994 239.888 213.721 204.631 178.848 164.97 170.554 131.821 126.207 115.522 121.004 131.493 150.308 136.327 119.304 126.035 146.651 137.836 137.008 125.868 131.907 114.681 91.936 84.879 82.285 80.509 81.19 -9999 -9999 -9999 -9999 -9999 -9999 -9999 -9999 -9999 -9999 -9999 -9999 -9999 -9999 -9999 -9999 -9999 -9999 -9999 -9999 -9999 -9999 -9999 -9999 -9999 -9999 -9999 -9999
-9999 -9999 -9999 245.797 -9999 270.299 283.43 288.606 321.358 312.8 -9999 -9999 323.965 322.107 324.915 355.29 332.76 312.107 272.635 246.511 187.285 170.043 151.78 144.134 146.823 137.35 137.977 113.938 117.335 113.329 119.861 125.266 117.863 110.506 123.679 128.563 126.735 111.017 109.374 102.205 89.045 75.416 72.819 80.664 75.836 -9999 -9999 -9999 -9999 -9999 -9999 -9999 -9999 -9999 -9999 -9999 -9999 -9999 -9999 -9999 -9999 -9999 -9999 -9999 -9999 -9999 -9999 -9999 -9999 -9999 -9999 -9999 -9999 -9999
214.653 222.249 -9999 251.868 280.872 271.66 287.229 303.705 310.03 -9999 -9999 277.52 358.172 373.747 371.28 336.615 334.452 302.141 264.802 221.763 196.691 184.079 186.224 172.401 178.523 196.965 161.229 132.484 125.644 108.751 106.204 99.872 109.961 114.085 112.599 109.598 101.893 88.174 83.699 80.329 76.448 67.953 70.325 73.987 73.045 72.56 -9999 -9999 -9999 -9999 -9999 -9999 -9999 -9999 -9999 -9999 -9999 -9999 -9999 -9999 -9999 -9999 -9999 -9999 -9999 -9999 -9999 -9999 -9999 -9999 -9999 -9999 -9999 -9999
