Validation/Results/raw data/ReClimate_10_2024_2_Precipitation-Actualsweatherlogisticsltd.asc
NCOLS 192
NROWS 249
XLLCENTER -225160.85627316462
YLLCENTER 29788.11610251431
CELLSIZE 5000.0
NODATA_VALUE -9999
[rows 99 to 131 of 249, columns 74 to 147 of 192]
260.553 261.85 276.006 281.051 294.574 313.443 320.582 331.239 -9999 -9999 241.083 349.993 389.459 426.622 408.099 423.254 402.297 353.657 340.73 305.538 284.335 277.78 263.476 229.75 213.563 205.189 182.337 177.265 165.563 151.92 135.297 127.325 121.532 117.645 107.787 100.172 87.23 76.391 78.639 88.507 83.238 75.073 74.408 75.936 69.634 -9999 -9999 -9999 -9999 -9999 -9999 -9999 -9999 -9999 -9999 -9999 -9999 -9999 -9999 -9999 -9999 -9999 -9999 -9999 -9999 -9999 -9999 -9999 -9999 -9999 -9999 -9999 -9999 -9999
234.343 278.582 268.343 -9999 -9999 290.335 301.728 -9999 -9999 -9999 223.17 324.423 437.691 433.095 465.087 408.943 358.891 352.221 377.764 372.613 315.044 304.799 259.76 253.356 256.88 224.088 185.361 197.239 199.274 168.558 141.78 137.753 128.251 110.382 88.424 82.184 75.085 80.52 98.887 96.336 92.542 89.334 85.709 74.533 65.132 -9999 -9999 -9999 -9999 -9999 -9999 -9999 -9999 -9999 -9999 -9999 -9999 -9999 -9999 -9999 -9999 -9999 -9999 -9999 -9999 -9999 -9999 -9999 -9999 -9999 -9999 -9999 -9999 -9999
233.638 -9999 269.84 280.831 316.658 -9999 -9999 -9999 -9999 279.77 275.748 355.903 396.204 408.116 417.392 387.725 380.382 395.311 446.13 407.088 375.791 300.385 281.714 289.296 241.906 196.626 214.779 238.889 215.278 158.93 159.208 144.333 126.548 100.892 87.398 80.987 85.64 103.125 91.994 89.758 87.493 87.11 79.189 68.237 -9999 -9999 -9999 -9999 -9999 -9999 -9999 -9999 -9999 -9999 -9999 -9999 -9999 -9999 -9999 -9999 -9999 -9999 -9999 -9999 -9999 -9999 -9999 -9999 -9999 -9999 -9999 -9999 -9999 -9999
244.636 313.152 368.031 412.398 434.441 354.085 290.899 -9999 -9999 270.239 -9999 -9999 303.433 408.877 405.756 368.339 394.266 453.07 446.185 465.563 429.31 349.326 287.349 229.235 251.845 250.684 262.436 245.159 215.956 212.347 185.076 142.308 114.247 98.204 89.617 90.363 102.829 86.147 82.436 81.304 78.442 75.609 72.351 -9999 -9999 -9999 -9999 -9999 -9999 -9999 -9999 -9999 -9999 -9999 -9999 -9999 -9999 -9999 -9999 -9999 -9999 -9999 -9999 -9999 -9999 -9999 -9999 -9999 -9999 -9999 -9999 -9999 -9999 -9999
274.351 310.66 367.636 438.286 406.657 -9999 -9999 -9999 260.137 288.309 285.813 302.224 329.024 351.501 328.773 342.324 401.212 426.01 422.241 396.095 357.055 321.807 282.652 286.905 240.488 250.547 223.299 222.11 213.431 177.866 160.42 129.723 110.566 100.292 88.17 90.786 81.563 75.44 -9999 -9999 76.001 -9999 -9999 -9999 -9999 -9999 -9999 -9999 -9999 -9999 -9999 -9999 -9999 -9999 -9999 -9999 -9999 -9999 -9999 -9999 -9999 -9999 -9999 -9999 -9999 -9999 -9999 -9999 -9999 -9999 -9999 -9999 -9999 -9999
262.739 298.611 360.2 -9999 370.569 -9999 -9999 -9999 268.068 302.307 322.01 319.877 312.928 327.887 343.379 384.79 430.048 411.164 393.271 374.281 375.02 337.865 316.588 244.201 247.699 239.786 210.894 183.253 145.557 142.277 119.141 102.32 103.32 93.364 85.026 84.455 78.978 -9999 82.915 75.062 73.906 75.391 -9999 -9999 -9999 -9999 -9999 -9999 -9999 -9999 -9999 -9999 -9999 -9999 -9999 -9999 -9999 -9999 -9999 -9999 -9999 -9999 -9999 -9999 -9999 -9999 -9999 -9999 -9999 -9999 -9999 -9999 -9999 -9999
-9999 261.821 -9999 -9999 -9999 -9999 294.699 286.54 298.924 317.266 337.945 338.381 350.939 374.97 372.436 397.65 406.664 438.847 392.305 387.463 348.028 357.698 293.613 294.079 306.224 247.75 209.055 186.841 163.261 130.727 112.207 95.065 91.058 95.085 95.67 -9999 82.314 82.605 73.717 72.976 70.348 79.132 -9999 -9999 -9999 -9999 -9999 -9999 -9999 -9999 -9999 -9999 -9999 -9999 -9999 -9999 -9999 -9999 -9999 -9999 -9999 -9999 -9999 -9999 -9999 -9999 -9999 -9999 -9999 -9999 -9999 -9999 -9999 -9999
-9999 -9999 -9999 -9999 -9999 -9999 286.916 264.032 275.447 317.106 347.071 337.681 360.284 329.932 337.432 381.628 447.19 431.54 383.728 371.696 362.041 305.761 293.351 326.209 269.041 270.795 258.559 200.33 171.1 148.489 127.319 120.188 120.066 120.144 123.424 109.312 88.908 80.789 83.557 89.084 83.064 84.714 82.1 -9999 -9999 -9999 -9999 -9999 -9999 -9999 -9999 -9999 -9999 -9999 -9999 -9999 -9999 -9999 -9999 -9999 -9999 -9999 -9999 -9999 -9999 -9999 -9999 -9999 -9999 -9999 -9999 -9999 -9999 -9999
-9999 -9999 -9999 -9999 -9999 279.483 -9999 -9999 269.343 316.907 326.807 349.74 336.938 -9999 -9999 416.935 470.088 484.455 377.254 341.761 316.825 285.438 286.17 254.091 236.615 226.216 181.738 168.415 170.849 168.33 181.605 182.374 158.269 149.003 133.621 115.402 106.695 94.115 101.558 87.771 95.046 91.194 80.674 72.032 -9999 -9999 -9999 -9999 -9999 -9999 -9999 -9999 -9999 -9999 -9999 -9999 -9999 -9999 -9999 -9999 -9999 -9999 -9999 -9999 -9999 -9999 -9999 -9999 -9999 -9999 -9999 -9999 -9999 -9999
-9999 -9999 -9999 -9999 -9999 261.032 -9999 240.576 257.316 286.712 327.753 342.159 319.365 314.99 373.398 419.812 429.956 350.116 343.519 360.982 292.137 270.37 252.354 226.895 193.737 170.124 146.634 157.682 183.271 222.375 225.875 191.489 166.486 140.081 122.995 114.767 103.39 101.207 89.892 83.682 78.374 75.741 68.202 -9999 -9999 -9999 -9999 -9999 -9999 -9999 -9999 -9999 -9999 -9999 -9999 -9999 -9999 -9999 -9999 -9999 -9999 -9999 -9999 -9999 -9999 -9999 -9999 -9999 -9999 -9999 -9999 -9999 -9999 -9999
-9999 -9999 -9999 -9999 -9999 242.582 -9999 212.733 211.981 260.123 287.368 292.316 -9999 334.32 351.362 -9999 361.402 344.112 340.103 292.895 299.078 249.387 218.957 178.421 155.695 144.826 148.689 145.499 167.591 157.979 145.496 151.915 151.006 137.429 116.707 107.057 99.308 89.398 81.201 -9999 -9999 -9999 -9999 -9999 -9999 -9999 -9999 -9999 -9999 -9999 -9999 -9999 -9999 -9999 -9999 -9999 -9999 -9999 -9999 -9999 -9999 -9999 -9999 -9999 -9999 -9999 -9999 -9999 -9999 -9999 -9999 -9999 -9999 -9999
-9999 -9999 -9999 220.745 228.999 -9999 -9999 188.813 228.083 254.658 251.231 274.854 340.859 326.202 368.429 -9999 302.526 308.235 286.809 268.611 246.832 233.496 193.319 178.849 168.551 177.851 172.175 142.344 131.861 120.517 121.437 129.489 131.062 129.052 116.98 112.815 102.197 86.317 -9999 -9999 -9999 -9999 -9999 -9999 -9999 -9999 -9999 -9999 -9999 -9999 -9999 -9999 -9999 -9999 -9999 -9999 -9999 -9999 -9999 -9999 -9999 -9999 -9999 -9999 -9999 -9999 -9999 -9999 -9999 -9999 -9999 -9999 -9999 -9999
-9999 -9999 203.634 205.961 216.773 -9999 206.154 227.737 254.116 246.723 -9999 313.926 320.644 355.179 380.108 -9999 276.521 283.186 248.208 209.721 204.892 187.612 185.463 194.179 204.934 209.279 181.237 162.748 141.579 -9999 105.981 109.817 114.424 116.353 112.52 112.673 97.629 -9999 -9999 -9999 -9999 -9999 -9999 -9999 -9999 -9999 -9999 -9999 -9999 -9999 -9999 -9999 -9999 -9999 -9999 -9999 -9999 -9999 -9999 -9999 -9999 -9999 -9999 -9999 -9999 -9999 -9999 -9999 -9999 -9999 -9999 -9999 -9999 -9999
-9999 -9999 188.85 183.664 -9999 -9999 226.402 256.071 254.233 -9999 270.734 301.688 321.444 349.823 345.515 -9999 250.051 219.434 204.803 195.806 195.909 194.924 199.935 247.017 249.087 240.609 221.136 175.192 138.641 110.91 100.322 -9999 -9999 96.596 95.194 -9999 -9999 -9999 -9999 -9999 -9999 62.196 61.308 59.66 -9999 -9999 -9999 -9999 -9999 -9999 -9999 -9999 -9999 -9999 -9999 -9999 -9999 -9999 -9999 -9999 -9999 -9999 -9999 -9999 -9999 -9999 -9999 -9999 -9999 -9999 -9999 -9999 -9999 -9999
-9999 214.7 227.461 -9999 -9999 213.963 233.08 228.583 258.77 -9999 260.892 288.629 289.866 299.52 322.195 -9999 -9999 -9999 211.392 201.008 197.897 199.618 211.836 215.248 204.039 201.66 180.505 158.545 138.429 124.145 109.107 96.813 98.437 95.105 83.555 -9999 -9999 -9999 -9999 -9999 66.25 62.757 67.797 62.83 62.628 -9999 -9999 -9999 -9999 -9999 -9999 -9999 -9999 -9999 -9999 -9999 -9999 -9999 -9999 -9999 -9999 -9999 -9999 -9999 -9999 -9999 -9999 -9999 -9999 -9999 -9999 -9999 -9999 -9999
234.096 274.172 237.192 -9999 -9999 -9999 191.376 237.017 241.605 -9999 232.204 -9999 244.052 273.441 257.975 -9999 221.48 234.239 229.348 -9999 178.697 167.017 175.047 169.647 165.365 163.898 161.203 148.793 140.105 133.021 116.975 114.881 107.299 92.884 82.46 75.203 75.808 73.072 -9999 67.373 66.808 70.453 73.945 81.182 83.296 88.365 62.574 -9999 -9999 -9999 -9999 -9999 -9999 -9999 -9999 -9999 -9999 -9999 -9999 -9999 -9999 -9999 -9999 -9999 -9999 -9999 -9999 -9999 -9999 -9999 -9999 -9999 -9999 -9999
238.99 242.025 -9999 -9999 -9999 -9999 212.151 247.499 221.781 -9999 200.27 -9999 213.168 212.298 -9999 234.651 253.357 281.034 261.668 199.715 166.982 151.883 148.894 143.752 143.064 138.582 135.341 135.234 133.828 128.348 116.206 115.677 106.193 99.63 93.683 89.368 92.823 81.641 78.783 74.774 73.261 75.192 79.846 98.734 100.614 105.137 91.672 77.33 71.507 78.291 -9999 -9999 -9999 -9999 -9999 -9999 -9999 -9999 -9999 -9999 -9999 -9999 -9999 -9999 -9999 -9999 -9999 -9999 -9999 -9999 -9999 -9999 -9999 -9999
-9999 206.709 -9999 -9999 -9999 -9999 203.91 211.71 224.912 221.574 -9999 -9999 173.085 183.051 -9999 214.871 256.958 311.264 261.019 215.921 177.05 159.27 144.229 133.973 127.315 119.419 124.288 127.817 135.468 135.25 130.342 116.204 127.007 120.436 114.049 120.724 102.454 83.725 75.713 82.104 81.044 94.173 122.147 129.865 120.155 113.89 100.983 105.161 86.451 78.39 75.084 -9999 -9999 -9999 -9999 -9999 -9999 -9999 -9999 -9999 -9999 -9999 -9999 -9999 -9999 -9999 -9999 -9999 -9999 -9999 -9999 -9999 -9999 -9999
212.474 -9999 -9999 -9999 -9999 -9999 173.421 192.809 220.834 201.946 -9999 -9999 173.927 171.069 -9999 -9999 250.099 254.002 234.947 208.66 201.748 182.387 160.611 146.838 139.374 124.023 121.303 134.435 138.281 146.187 144.123 153.886 142.934 139.329 141.667 124.496 105.239 100.29 96.816 94.271 109.002 130.115 139.438 141.5 129.147 112.704 103.788 91.922 83.296 81.27 75.088 -9999 -9999 -9999 -9999 -9999 -9999 -9999 -9999 -9999 -9999 -9999 -9999 -9999 -9999 -9999 -9999 -9999 -9999 -9999 -9999 -9999 -9999 -9999
198.107 -9999 -9999 -9999 -9999 -9999 162.318 190.956 214.796 -9999 -9999 -9999 -9999 165.162 -9999 171.383 209.924 222.219 206.101 202.582 204.313 195.516 183.523 178.77 165.292 145.642 136.357 127.317 131.543 138.82 152.443 151.315 146.684 142.95 130.862 122.151 115.955 114.732 130.348 126.696 122.99 126.056 121.293 116.107 115.733 110.822 97.391 80.041 77.782 77.436 76.848 71.522 -9999 -9999 -9999 -9999 -9999 -9999 -9999 -9999 -9999 -9999 -9999 -9999 -9999 -9999 -9999 -9999 -9999 -9999 -9999 -9999 -9999 -9999
184.306 -9999 -9999 -9999 185.771 180.057 183.069 202.5 -9999 -9999 247.887 -9999 -9999 -9999 -9999 159.065 184.523 189.373 183.97 184.324 185.947 201.716 207.361 203.555 192.224 168.727 151.003 132.964 127.864 132.383 132.956 125.99 131.535 119.126 129.815 141.946 132.224 154.761 165.407 152.508 140.3 123.858 98.873 107.616 104.263 106.702 94.989 81.378 76.26 76.663 73.196 70.1 -9999 -9999 -9999 -9999 -9999 -9999 -9999 -9999 -9999 -9999 -9999 -9999 -9999 -9999 -9999 -9999 -9999 -9999 -9999 -9999 -9999 -9999
-9999 -9999 -9999 -9999 -9999 193.968 201.266 226.517 -9999 233.409 267.798 287.763 -9999 -9999 -9999 -9999 148.602 152.567 156.111 161.874 171.694 182.17 193.623 196.934 193.35 171.814 149.476 135.351 134.987 119.833 116.039 120.288 130.863 130.635 149.413 137.142 153.41 154.135 157.998 159.721 148.391 119.662 110.824 102.912 93.175 90.501 89.842 79.642 75.185 76.487 76.911 75.356 73.418 -9999 -9999 -9999 -9999 -9999 -9999 -9999 -9999 -9999 -9999 -9999 -9999 -9999 -9999 -9999 -9999 -9999 -9999 -9999 -9999 -9999
-9999 -9999 -9999 -9999 -9999 205.267 224.977 248.03 -9999 198.562 261.163 295.339 -9999 -9999 -9999 -9999 -9999 135.798 137.718 143.047 148.595 165.608 173.208 185.759 186.781 194.25 181.452 165.15 137.259 128.276 120.85 125.029 123.489 128.313 145.053 147.732 148.586 152.759 149.397 131.669 120.169 108.97 107.213 94.03 89.07 89.037 79.973 75.682 71.6 74.483 81.425 86.696 78.167 75.403 -9999 -9999 -9999 -9999 -9999 -9999 -9999 -9999 -9999 -9999 -9999 -9999 -9999 -9999 -9999 -9999 -9999 -9999 -9999 -9999
-9999 -9999 -9999 -9999 -9999 208.703 241.699 -9999 -9999 177.105 235.321 272.964 222.279 -9999 -9999 -9999 -9999 -9999 133.903 139.092 152.743 158.175 182.419 194.001 205.997 212.801 200.611 181.606 158.334 153.712 139.456 138.941 145.318 168.063 168.52 200.752 175.067 181.212 153.446 162.03 136.269 111.613 108.26 94.937 84.443 81.856 85.383 87.954 90.354 80.168 86.338 85.965 91.284 80.253 77.407 70.812 -9999 -9999 -9999 -9999 -9999 -9999 -9999 -9999 -9999 -9999 -9999 -9999 -9999 -9999 -9999 -9999 -9999 -9999
-9999 -9999 -9999 -9999 -9999 222.057 198.875 -9999 -9999 188.271 225.199 229.947 -9999 -9999 -9999 -9999 -9999 -9999 125.49 133.83 139.22 150.57 165.805 173.799 190.072 199.483 200.613 198.461 178.267 165.251 169.545 184.229 210.411 197.208 221.429 231.077 218.291 175.898 181.299 170.895 122.568 120.16 107.668 93.517 92.766 93.615 88.63 92.471 95.65 111.271 110.942 96.307 92.863 89.74 82.197 76.596 -9999 -9999 -9999 -9999 -9999 -9999 -9999 -9999 -9999 -9999 -9999 -9999 -9999 -9999 -9999 -9999 -9999 -9999
-9999 -9999 -9999 -9999 -9999 202.075 165.926 -9999 -9999 -9999 182.548 184.828 172.064 -9999 -9999 -9999 -9999 -9999 120.288 130.9 135.458 144.203 152.392 166.882 194.84 219.229 231.497 206.661 194.68 185.547 183.599 192.944 208.144 219.061 258.436 242.051 210.887 203.578 187.595 147.798 142.205 120.663 114.464 105.173 93.788 98.694 105.278 110.609 123.314 150.715 140.174 120.038 103.344 94.437 90.826 83.941 -9999 -9999 -9999 -9999 -9999 -9999 -9999 -9999 -9999 -9999 -9999 -9999 -9999 -9999 -9999 -9999 -9999 -9999
-9999 -9999 -9999 -9999 216.537 198.561 177.649 -9999 -9999 -9999 -9999 -9999 -9999 -9999 -9999 -9999 -9999 -9999 141.42 151.591 151.74 151.684 161.621 175.281 197.172 219.412 234.939 225.342 214.475 222.619 213.409 229.285 243.897 269.891 279.647 264.895 236.3 223.714 192.382 176.7 147.027 135.181 114.588 102.043 107.375 105.778 121.525 133.487 158.936 157.42 156.963 124.557 101.865 94.207 89.419 85.354 70.484 -9999 -9999 -9999 -9999 -9999 -9999 -9999 -9999 -9999 -9999 -9999 -9999 -9999 -9999 -9999 -9999 -9999
-9999 -9999 -9999 214.245 215.628 216.111 186.077 -9999 -9999 -9999 -9999 -9999 -9999 -9999 -9999 -9999 146.395 146.224 158.162 175.941 188.077 196.681 205.803 222.807 213.077 222.291 221.221 234.854 243.573 240.813 264.491 259.826 245.364 245.159 289.849 261.112 263.755 225.494 201.802 172.752 146.749 128.196 128.483 122.128 109.265 116.8 134.519 153.567 142.836 148.128 155.117 125.152 97.453 90.739 96.573 89.819 77.746 -9999 -9999 -9999 -9999 -9999 -9999 -9999 -9999 -9999 -9999 -9999 -9999 -9999 -9999 -9999 -9999 -9999
-9999 -9999 -9999 208.644 194.396 170.342 -9999 -9999 -9999 -9999 -9999 -9999 -9999 -9999 -9999 -9999 149.828 153.044 171.707 198.118 215.284 220.605 261.43 275.598 262.243 252.241 256.313 238.369 237.377 265.67 276.043 256.194 232.437 239.428 257.322 280.796 253.022 240.17 216.0 192.419 161.919 152.438 146.861 134.408 134.088 160.085 172.676 164.467 147.266 143.958 124.968 111.879 108.427 107.978 98.865 93.393 78.694 -9999 -9999 -9999 -9999 -9999 -9999 -9999 -9999 -9999 -9999 -9999 -9999 -9999 -9999 -9999 -9999 -9999
-9999 -9999 -9999 -9999 -9999 -9999 -9999 -9999 -9999 -9999 -9999 -9999 -9999 -9999 -9999 -9999 159.19 168.732 199.885 220.806 238.727 250.869 290.345 307.02 330.551 297.317 257.646 241.495 246.595 264.012 295.138 273.98 232.586 233.055 244.97 262.562 257.754 243.597 234.715 209.111 206.463 200.402 185.736 186.42 196.928 202.178 170.401 158.125 147.864 135.125 132.68 112.283 102.553 101.621 96.524 83.434 79.937 -9999 -9999 -9999 -9999 -9999 -9999 -9999 -9999 -9999 -9999 -9999 -9999 -9999 -9999 -9999 -9999 -9999
-9999 -9999 -9999 -9999 -9999 -9999 -9999 -9999 -9999 -9999 -9999 -9999 -9999 -9999 -9999 166.713 185.439 210.173 229.501 264.944 260.383 270.229 284.708 327.573 315.191 288.49 256.374 237.31 209.13 220.648 236.515 243.492 231.775 208.413 222.541 239.213 241.775 238.717 235.641 241.772 217.108 214.714 208.055 204.298 225.127 189.376 187.847 164.575 131.773 140.16 138.92 129.507 107.378 96.364 86.686 78.975 75.187 -9999 -9999 -9999 -9999 -9999 -9999 -9999 -9999 -9999 -9999 -9999 -9999 -9999 -9999 -9999 -9999 -9999
-9999 -9999 -9999 -9999 -9999 -9999 -9999 -9999 -9999 -9999 -9999 -9999 -9999 -9999 -9999 186.835 215.535 246.669 286.825 294.441 296.447 292.639 318.182 295.45 283.221 262.499 253.032 225.905 189.352 190.717 220.223 231.972 220.285 186.125 194.754 204.042 212.193 226.779 248.037 210.488 230.747 222.141 207.689 234.654 203.73 198.56 182.536 145.528 142.193 134.888 128.108 125.544 114.319 101.196 92.242 81.031 72.111 -9999 -9999 -9999 -9999 -9999 -9999 -9999 -9999 -9999 -9999 -9999 -9999 -9999 -9999 -9999 -9999 -9999
-9999 -9999 -9999 -9999 -9999 -9999 -9999 -9999 -9999 -9999 -9999 -9999 -9999 -9999 178.451 211.579 235.537 276.14 285.305 308.546 337.556 341.343 330.823 284.328 255.887 244.664 243.855 229.541 199.696 196.222 212.095 206.7 173.949 166.023 176.813 194.415 207.904 239.39 215.569 217.181 235.857 215.927 224.48 216.31 191.35 187.996 155.312 153.348 144.234 135.715 127.834 114.671 104.195 95.364 91.378 83.763 74.529 74.159 -9999 -9999 -9999 -9999 -9999 -9999 -9999 -9999 -9999 -9999 -9999 -9999 -9999 -9999 -9999 -9999
