Validation/Results/raw data/ReClimate_09_2024_1_Precipitation-Actuals.asc
NCOLS 192
NROWS 249
XLLCENTER -225160.85627316462
YLLCENTER 29788.11610251502
CELLSIZE 5000.0
NODATA_VALUE -9999
[rows 66 to 98 of 249, columns 74 to 147 of 192]
-9999 -9999 -9999 -9999 -9999 -9999 -9999 -9999 -9999 -9999 -9999 162.459 -9999 186.437 231.053 261.925 263.649 291.774 231.64 227.602 192.108 172.262 144.111 148.642 164.833 168.157 166.294 167.773 163.815 167.495 142.884 127.1 -9999 -9999 -9999 -9999 -9999 -9999 -9999 -9999 -9999 -9999 -9999 -9999 -9999 -9999 -9999 -9999 -9999 -9999 -9999 -9999 -9999 -9999 -9999 -9999 -9999 -9999 -9999 -9999 -9999 -9999 -9999 -9999 -9999 -9999 -9999 -9999 -9999 -9999 -9999 -9999 -9999 -9999
-9999 -9999 -9999 -9999 -9999 -9999 -9999 -9999 -9999 -9999 -9999 -9999 172.332 225.245 235.123 238.558 245.774 241.068 242.325 223.421 191.612 165.93 153.655 144.763 142.806 139.761 149.885 154.465 156.997 135.739 -9999 -9999 -9999 -9999 -9999 -9999 -9999 -9999 -9999 -9999 -9999 -9999 -9999 -9999 -9999 -9999 -9999 -9999 -9999 -9999 -9999 -9999 -9999 -9999 -9999 -9999 -9999 -9999 -9999 -9999 -9999 -9999 -9999 -9999 -9999 -9999 -9999 -9999 -9999 -9999 -9999 -9999 -9999 -9999
-9999 -9999 -9999 -9999 -9999 -9999 -9999 -9999 -9999 -9999 -9999 -9999 193.037 228.923 222.829 206.444 223.311 234.439 207.638 182.434 166.361 147.684 141.619 134.801 143.473 144.248 134.864 139.09 124.362 102.861 -9999 -9999 -9999 -9999 -9999 -9999 -9999 -9999 -9999 -9999 -9999 -9999 -9999 -9999 -9999 -9999 -9999 -9999 -9999 -9999 -9999 -9999 -9999 -9999 -9999 -9999 -9999 -9999 -9999 -9999 -9999 -9999 -9999 -9999 -9999 -9999 -9999 -9999 -9999 -9999 -9999 -9999 -9999 -9999
-9999 -9999 -9999 -9999 -9999 -9999 -9999 -9999 -9999 -9999 -9999 -9999 -9999 -9999 199.914 210.526 221.068 208.418 195.92 180.192 172.001 153.222 130.133 130.084 148.16 139.148 127.345 103.744 -9999 -9999 -9999 -9999 -9999 -9999 -9999 -9999 -9999 -9999 -9999 -9999 -9999 -9999 -9999 -9999 -9999 -9999 -9999 -9999 -9999 -9999 -9999 -9999 -9999 -9999 -9999 -9999 -9999 -9999 -9999 -9999 -9999 -9999 -9999 -9999 -9999 -9999 -9999 -9999 -9999 -9999 -9999 -9999 -9999 -9999
-9999 -9999 -9999 -9999 -9999 -9999 -9999 -9999 168.55 -9999 -9999 172.999 189.724 202.173 200.01 231.88 220.508 219.788 214.839 204.853 190.577 172.725 125.191 129.195 132.71 139.965 117.541 102.696 -9999 -9999 -9999 -9999 -9999 -9999 -9999 -9999 -9999 -9999 -9999 -9999 -9999 -9999 -9999 -9999 -9999 -9999 -9999 -9999 -9999 -9999 -9999 -9999 -9999 -9999 -9999 -9999 -9999 -9999 -9999 -9999 -9999 -9999 -9999 -9999 -9999 -9999 -9999 -9999 -9999 -9999 -9999 -9999 -9999 -9999
-9999 -9999 -9999 -9999 -9999 -9999 161.941 167.828 178.443 182.674 195.106 192.545 221.44 246.599 250.554 209.966 236.641 243.879 229.69 212.209 200.577 190.459 168.099 123.473 120.403 112.78 101.383 89.256 -9999 -9999 -9999 -9999 -9999 -9999 -9999 -9999 -9999 -9999 -9999 -9999 -9999 -9999 -9999 -9999 -9999 -9999 -9999 -9999 -9999 -9999 -9999 -9999 -9999 -9999 -9999 -9999 -9999 -9999 -9999 -9999 -9999 -9999 -9999 -9999 -9999 -9999 -9999 -9999 -9999 -9999 -9999 -9999 -9999 -9999
-9999 -9999 -9999 -9999 -9999 -9999 172.721 183.384 -9999 204.277 224.876 236.287 249.839 286.186 231.849 245.047 258.353 267.919 270.151 227.929 217.126 208.944 165.294 143.741 139.645 113.938 102.108 -9999 82.962 -9999 -9999 -9999 -9999 -9999 -9999 -9999 -9999 -9999 -9999 -9999 -9999 -9999 -9999 -9999 -9999 -9999 -9999 -9999 -9999 -9999 -9999 -9999 -9999 -9999 -9999 -9999 -9999 -9999 -9999 -9999 -9999 -9999 -9999 -9999 -9999 -9999 -9999 -9999 -9999 -9999 -9999 -9999 -9999 -9999
-9999 -9999 -9999 -9999 -9999 -9999 -9999 201.149 210.57 223.023 253.974 251.383 287.405 256.568 245.668 238.36 238.2 250.176 243.006 207.323 199.81 193.35 157.803 147.645 121.317 104.365 97.498 81.68 78.735 -9999 -9999 -9999 -9999 -9999 -9999 -9999 -9999 -9999 -9999 -9999 -9999 -9999 -9999 -9999 -9999 -9999 -9999 -9999 -9999 -9999 -9999 -9999 -9999 -9999 -9999 -9999 -9999 -9999 -9999 -9999 -9999 -9999 -9999 -9999 -9999 -9999 -9999 -9999 -9999 -9999 -9999 -9999 -9999 -9999
154.999 -9999 -9999 -9999 -9999 -9999 -9999 -9999 217.26 235.873 256.365 311.196 298.3 289.63 266.527 270.948 274.798 239.776 200.388 186.608 205.723 191.045 170.356 149.063 113.093 101.3 82.607 82.798 89.448 -9999 -9999 -9999 -9999 -9999 -9999 -9999 -9999 -9999 -9999 -9999 -9999 -9999 -9999 -9999 -9999 -9999 -9999 -9999 -9999 -9999 -9999 -9999 -9999 -9999 -9999 -9999 -9999 -9999 -9999 -9999 -9999 -9999 -9999 -9999 -9999 -9999 -9999 -9999 -9999 -9999 -9999 -9999 -9999 -9999
179.314 -9999 -9999 -9999 -9999 -9999 205.38 215.669 246.176 259.848 279.521 282.559 311.016 295.668 282.297 281.676 248.824 217.866 206.005 179.097 191.301 218.286 173.378 122.158 97.096 87.578 -9999 91.396 -9999 -9999 -9999 -9999 -9999 -9999 91.134 91.171 90.16 -9999 -9999 -9999 -9999 -9999 -9999 -9999 -9999 -9999 -9999 -9999 -9999 -9999 -9999 -9999 -9999 -9999 -9999 -9999 -9999 -9999 -9999 -9999 -9999 -9999 -9999 -9999 -9999 -9999 -9999 -9999 -9999 -9999 -9999 -9999 -9999 -9999
199.771 191.522 -9999 -9999 -9999 -9999 -9999 235.343 258.985 282.345 280.302 299.871 280.268 276.034 264.81 261.27 216.049 195.418 165.024 174.753 204.032 175.832 133.128 110.074 104.638 98.594 91.404 -9999 -9999 -9999 -9999 79.621 77.159 80.19 87.719 90.869 89.58 91.949 96.059 102.778 113.752 115.812 102.325 90.431 90.268 99.603 110.771 114.587 111.023 106.646 103.283 102.796 103.494 -9999 -9999 -9999 -9999 -9999 -9999 -9999 -9999 -9999 -9999 -9999 -9999 -9999 -9999 -9999 -9999 -9999 -9999 -9999 -9999 -9999
237.033 239.719 -9999 -9999 -9999 209.633 -9999 225.071 236.37 274.282 328.215 319.694 275.31 247.186 254.121 230.315 216.547 193.86 184.494 155.958 131.194 134.066 116.054 106.871 111.303 97.431 -9999 -9999 -9999 -9999 85.114 85.062 83.403 91.845 102.054 93.24 94.698 104.64 108.743 124.682 128.192 129.138 114.342 101.606 103.685 106.491 110.377 114.431 115.502 110.806 113.813 118.195 104.481 -9999 -9999 -9999 -9999 -9999 -9999 -9999 -9999 -9999 -9999 -9999 -9999 -9999 -9999 -9999 -9999 -9999 -9999 -9999 -9999 -9999
245.691 246.198 -9999 -9999 -9999 213.778 217.177 218.278 273.601 326.338 335.191 332.408 278.724 269.226 250.975 233.765 209.253 193.565 194.101 160.956 153.71 121.259 102.292 108.001 92.562 -9999 -9999 85.027 84.753 86.669 90.556 95.574 97.266 104.627 111.46 118.99 123.551 118.445 117.035 119.713 122.15 115.005 113.454 118.092 108.651 112.667 112.96 120.224 117.128 115.236 123.002 119.434 109.199 103.553 -9999 -9999 -9999 -9999 -9999 -9999 -9999 -9999 -9999 -9999 -9999 -9999 -9999 -9999 -9999 -9999 -9999 -9999 -9999 -9999
232.38 235.609 -9999 216.07 -9999 202.47 209.457 274.745 323.152 305.2 343.368 328.823 310.239 289.318 269.716 262.105 230.758 214.939 196.162 185.199 147.491 119.821 91.464 84.336 86.056 -9999 102.542 102.689 110.759 99.797 99.009 106.096 116.89 124.632 132.178 138.547 130.466 120.496 124.933 128.962 125.96 117.632 113.051 110.318 119.13 112.711 113.903 120.477 118.675 117.942 107.112 107.71 110.043 104.106 -9999 -9999 -9999 -9999 -9999 -9999 -9999 -9999 -9999 -9999 -9999 -9999 -9999 -9999 -9999 -9999 -9999 -9999 -9999 -9999
232.434 -9999 219.474 -9999 -9999 -9999 273.146 371.396 311.075 298.63 265.943 286.094 287.133 275.349 274.969 257.427 258.022 235.161 211.905 173.55 144.117 112.16 101.866 114.851 101.411 104.468 120.203 132.892 131.927 115.946 111.175 125.554 133.317 142.14 137.853 118.773 117.033 116.688 119.307 130.158 123.103 119.382 111.843 110.435 110.96 111.71 104.965 117.121 118.432 119.795 113.119 116.71 112.128 107.077 -9999 -9999 -9999 -9999 -9999 -9999 -9999 -9999 -9999 -9999 -9999 -9999 -9999 -9999 -9999 -9999 -9999 -9999 -9999 -9999
245.662 229.894 -9999 -9999 -9999 -9999 298.344 296.79 270.65 -9999 274.331 288.546 289.7 268.283 253.421 247.258 222.542 204.496 200.107 179.159 162.811 141.747 142.02 139.213 106.416 120.038 122.733 141.732 154.345 138.124 117.007 115.4 135.322 142.929 117.107 116.611 136.364 124.136 135.464 138.514 127.114 126.2 114.946 115.595 123.051 106.685 109.205 111.585 116.902 115.885 120.629 120.229 108.45 104.154 -9999 -9999 -9999 -9999 -9999 -9999 -9999 -9999 -9999 -9999 -9999 -9999 -9999 -9999 -9999 -9999 -9999 -9999 -9999 -9999
296.223 296.206 -9999 -9999 -9999 240.681 -9999 -9999 230.418 245.033 277.939 312.342 314.207 292.403 284.473 250.868 226.377 196.6 172.82 159.807 154.204 147.556 150.199 108.053 118.52 119.039 144.227 143.64 145.885 149.904 120.687 116.821 123.378 116.472 117.428 139.862 139.533 138.199 139.338 134.252 144.936 129.288 118.416 130.182 117.085 109.109 112.26 120.079 110.024 108.806 110.76 113.19 104.353 -9999 -9999 -9999 -9999 -9999 -9999 -9999 -9999 -9999 -9999 -9999 -9999 -9999 -9999 -9999 -9999 -9999 -9999 -9999 -9999 -9999
353.604 354.659 289.645 245.02 -9999 -9999 -9999 258.725 235.08 -9999 292.607 290.735 297.104 303.978 288.591 280.18 234.588 180.781 169.34 164.699 163.132 149.337 120.818 133.188 126.844 140.832 140.077 134.206 144.468 136.382 109.701 106.748 101.71 111.421 144.999 137.644 145.877 164.955 144.556 144.689 138.801 122.007 124.074 118.921 113.153 106.79 115.121 114.036 112.789 103.924 103.184 101.609 -9999 -9999 -9999 -9999 -9999 -9999 -9999 -9999 -9999 -9999 -9999 -9999 -9999 -9999 -9999 -9999 -9999 -9999 -9999 -9999 -9999 -9999
345.326 344.845 296.451 265.124 -9999 253.917 263.267 266.172 276.108 309.617 301.174 305.127 327.238 330.917 291.517 245.253 229.11 207.23 204.215 198.91 176.238 147.034 136.242 143.583 167.182 163.981 139.609 133.713 130.474 99.432 98.567 106.051 111.348 127.822 113.23 119.377 141.713 156.992 167.338 162.313 158.751 129.443 137.161 127.768 129.597 139.107 115.612 109.884 112.885 109.145 99.026 97.016 -9999 -9999 -9999 -9999 -9999 -9999 -9999 -9999 -9999 -9999 -9999 -9999 -9999 -9999 -9999 -9999 -9999 -9999 -9999 -9999 -9999 -9999
307.676 305.466 276.786 259.535 260.084 253.561 277.333 -9999 271.912 309.396 348.051 378.698 359.557 332.097 284.646 292.716 258.646 230.359 201.816 183.485 169.937 142.153 141.826 175.415 192.768 161.486 149.038 152.584 121.56 122.974 101.197 99.515 104.156 110.817 123.585 125.368 148.332 174.894 160.294 148.229 137.455 123.9 116.386 112.586 119.355 110.248 102.769 106.547 108.453 104.526 100.248 -9999 -9999 -9999 -9999 -9999 -9999 -9999 -9999 -9999 -9999 -9999 -9999 -9999 -9999 -9999 -9999 -9999 -9999 -9999 -9999 -9999 -9999 -9999
296.972 -9999 -9999 -9999 234.004 263.486 -9999 270.587 308.757 368.984 401.986 380.402 393.048 358.717 339.033 308.146 248.367 197.752 200.695 205.951 164.238 159.458 179.643 211.378 211.954 199.26 195.929 154.003 154.91 126.184 114.341 139.058 125.312 149.181 144.637 150.591 163.715 156.354 129.469 122.767 117.662 128.119 127.336 110.603 114.924 110.62 105.624 107.394 109.86 106.426 97.479 -9999 -9999 -9999 -9999 -9999 -9999 -9999 -9999 -9999 -9999 -9999 -9999 -9999 -9999 -9999 -9999 -9999 -9999 -9999 -9999 -9999 -9999 -9999
-9999 -9999 -9999 197.232 243.558 -9999 249.764 280.606 -9999 358.689 351.995 392.571 389.494 386.25 341.329 297.299 272.844 247.469 210.435 179.87 195.074 195.286 214.762 245.167 243.61 225.339 186.671 148.418 120.992 112.858 140.695 150.271 169.539 175.271 161.39 148.318 154.885 142.016 136.656 122.09 122.399 131.04 117.14 118.301 122.306 112.784 112.018 109.654 120.409 111.776 96.819 -9999 -9999 -9999 -9999 -9999 -9999 -9999 -9999 -9999 -9999 -9999 -9999 -9999 -9999 -9999 -9999 -9999 -9999 -9999 -9999 -9999 -9999 -9999
-9999 -9999 -9999 189.838 -9999 -9999 259.816 295.958 346.743 346.065 380.001 387.987 353.836 327.256 305.101 262.033 232.106 209.147 210.019 235.612 244.673 246.268 258.375 259.955 240.245 193.398 133.11 111.319 124.91 161.135 184.348 237.092 241.31 208.489 187.172 183.248 158.869 144.328 130.599 121.997 111.422 111.758 112.761 115.357 128.511 147.466 123.476 119.452 113.33 103.982 96.851 -9999 -9999 -9999 -9999 -9999 -9999 -9999 -9999 -9999 -9999 -9999 -9999 -9999 -9999 -9999 -9999 -9999 -9999 -9999 -9999 -9999 -9999 -9999
-9999 -9999 -9999 -9999 -9999 -9999 -9999 334.648 391.984 379.48 391.79 382.86 345.449 347.706 308.936 274.14 261.399 263.966 271.467 264.204 265.054 238.484 223.877 218.451 204.441 153.944 116.307 124.242 150.475 184.175 235.294 229.856 230.228 208.71 198.397 175.469 154.347 143.767 133.885 110.878 101.465 109.584 102.912 111.176 133.278 120.98 112.447 114.303 116.792 110.121 -9999 -9999 -9999 -9999 -9999 -9999 -9999 -9999 -9999 -9999 -9999 -9999 -9999 -9999 -9999 -9999 -9999 -9999 -9999 -9999 -9999 -9999 -9999 -9999
-9999 -9999 -9999 -9999 -9999 216.158 254.394 -9999 410.366 399.665 402.126 353.536 332.129 314.198 304.027 321.914 320.717 293.534 256.326 256.635 241.641 227.469 192.247 178.716 156.505 130.004 150.475 157.917 176.235 209.551 209.39 212.791 172.737 170.726 158.295 127.353 129.091 141.256 149.66 144.025 134.529 132.945 145.614 133.005 114.171 121.724 134.02 135.714 121.766 107.806 -9999 -9999 -9999 -9999 -9999 -9999 -9999 -9999 -9999 -9999 -9999 -9999 -9999 -9999 -9999 -9999 -9999 -9999 -9999 -9999 -9999 -9999 -9999 -9999
-9999 -9999 -9999 -9999 209.071 211.081 272.515 333.597 396.695 414.988 397.609 373.173 322.296 286.525 295.039 289.961 286.347 299.074 284.424 288.726 278.442 196.051 192.44 174.425 161.436 164.369 187.036 185.867 194.33 189.838 197.792 175.498 160.813 160.196 172.883 171.473 178.497 172.052 164.777 189.363 202.214 194.713 178.84 157.607 159.541 155.535 147.072 131.292 114.265 -9999 -9999 -9999 -9999 -9999 -9999 -9999 -9999 -9999 -9999 -9999 -9999 -9999 -9999 -9999 -9999 -9999 -9999 -9999 -9999 -9999 -9999 -9999 -9999 -9999
-9999 -9999 -9999 -9999 203.996 -9999 263.169 301.965 350.534 403.32 392.878 310.335 290.424 297.864 258.117 250.054 258.745 260.389 273.084 262.29 210.967 221.1 243.962 218.206 195.31 236.263 224.623 222.426 217.322 219.09 210.696 196.4 182.737 199.656 204.22 214.854 221.489 177.469 201.116 207.763 173.9 180.249 188.971 173.964 164.915 148.016 122.741 118.658 111.992 -9999 -9999 -9999 -9999 -9999 -9999 -9999 -9999 -9999 -9999 -9999 -9999 -9999 -9999 -9999 -9999 -9999 -9999 -9999 -9999 -9999 -9999 -9999 -9999 -9999
-9999 -9999 -9999 -9999 -9999 -9999 287.983 318.766 332.327 367.019 319.692 263.38 267.089 249.09 236.564 236.937 243.934 265.555 240.215 248.909 244.159 273.519 254.677 213.674 230.848 250.722 235.091 231.05 209.855 222.927 203.802 196.987 233.312 232.681 231.275 257.061 245.829 246.495 242.02 212.934 190.92 179.311 160.316 159.813 156.752 132.693 114.234 110.83 104.469 -9999 -9999 -9999 -9999 -9999 -9999 -9999 -9999 -9999 -9999 -9999 -9999 -9999 -9999 -9999 -9999 -9999 -9999 -9999 -9999 -9999 -9999 -9999 -9999 -9999
-9999 -9999 -9999 -9999 238.353 254.663 285.437 297.766 311.468 339.463 294.3 299.671 301.764 -9999 282.0 341.964 347.492 316.983 297.465 305.917 298.178 291.95 272.308 250.387 240.668 223.365 209.411 181.969 180.309 199.626 185.792 219.375 209.511 213.341 207.79 225.831 244.727 232.319 201.748 206.283 193.203 164.327 168.586 142.865 127.799 114.631 109.486 114.306 88.118 -9999 -9999 -9999 -9999 -9999 -9999 -9999 -9999 -9999 -9999 -9999 -9999 -9999 -9999 -9999 -9999 -9999 -9999 -9999 -9999 -9999 -9999 -9999 -9999 -9999
225.318 195.804 209.186 231.958 -9999 251.143 276.752 292.883 307.43 318.402 321.731 319.873 -9999 315.684 361.302 372.916 401.458 350.528 316.511 289.106 299.122 283.594 269.82 244.115 214.329 191.617 173.628 144.07 158.419 154.834 185.797 189.262 193.069 185.244 169.897 188.943 193.813 181.615 187.315 186.014 170.571 159.8 124.573 109.924 99.46 104.184 114.719 93.49 -9999 -9999 -9999 -9999 -9999 -9999 -9999 -9999 -9999 -9999 -9999 -9999 -9999 -9999 -9999 -9999 -9999 -9999 -9999 -9999 -9999 -9999 -9999 -9999 -9999 -9999
196.355 203.823 223.948 252.098 259.925 -9999 272.954 284.068 287.527 312.536 308.892 289.869 283.401 329.768 347.662 361.262 384.771 346.838 313.772 284.9 264.091 229.632 219.188 196.692 184.409 190.619 152.131 149.018 136.481 144.262 156.835 178.263 162.15 140.719 154.665 176.871 165.891 162.38 152.046 159.927 142.722 115.511 105.051 100.876 101.219 100.846 -9999 -9999 -9999 -9999 -9999 -9999 -9999 -9999 -9999 -9999 -9999 -9999 -9999 -9999 -9999 -9999 -9999 -9999 -9999 -9999 -9999 -9999 -9999 -9999 -9999 -9999 -9999 -9999
-9999 -9999 -9999 248.369 -9999 274.872 287.237 296.981 330.205 330.994 -9999 -9999 321.652 328.844 339.42 380.033 354.596 336.073 299.223 271.64 204.921 183.394 166.391 160.228 163.758 157.275 166.371 145.023 146.492 136.073 142.438 150.692 142.75 134.359 149.913 154.578 148.851 133.723 133.842 126.16 113.173 101.898 94.51 101.104 94.539 -9999 -9999 -9999 -9999 -9999 -9999 -9999 -9999 -9999 -9999 -9999 -9999 -9999 -9999 -9999 -9999 -9999 -9999 -9999 -9999 -9999 -9999 -9999 -9999 -9999 -9999 -9999 -9999 -9999
214.579 229.265 -9999 253.06 281.138 268.408 288.787 322.923 343.329 -9999 -9999 322.109 364.584 376.554 386.223 352.441 348.324 321.697 286.354 241.494 215.298 200.996 204.609 190.328 199.033 225.577 192.642 159.964 146.025 124.051 127.79 125.2 135.677 140.113 138.951 134.63 125.132 109.771 104.431 100.467 99.086 90.119 91.672 94.336 93.968 91.708 -9999 -9999 -9999 -9999 -9999 -9999 -9999 -9999 -9999 -9999 -9999 -9999 -9999 -9999 -9999 -9999 -9999 -9999 -9999 -9999 -9999 -9999 -9999 -9999 -9999 -9999 -9999 -9999
