Validation/Results/raw data/ReClimate_11_2023_1weatherlogisticsltd.asc
NCOLS 192
NROWS 249
XLLCENTER -225160.85627316462
YLLCENTER 29788.11610251502
CELLSIZE 5000.0
NODATA_VALUE -9999
[rows 132 to 164 of 249, columns 75 to 149 of 192]
-9999 -9999 -9999 -9999 -9999 -9999 -9999 -9999 -9999 -9999 -9999 -9999 94.327 93.869 93.452 93.114 93.107 92.964 92.784 92.79 92.861 93.109 92.877 92.349 92.147 92.086 91.983 92.112 92.523 92.951 93.373 93.737 94.056 94.376 94.645 94.871 95.489 95.974 96.337 96.793 97.08 97.449 97.944 98.645 99.336 99.999 100.554 101.067 101.562 102.041 102.51 102.957 103.388 103.807 104.212 104.601 104.959 -9999 -9999 -9999 -9999 -9999 -9999 -9999 -9999 -9999 -9999 -9999 -9999 -9999 -9999 -9999 -9999 -9999 -9999
-9999 -9999 -9999 -9999 -9999 -9999 -9999 -9999 -9999 -9999 -9999 -9999 94.495 93.337 93.207 93.46 93.235 93.114 93.021 92.831 93.073 93.399 92.907 92.376 92.321 92.296 92.215 92.355 92.775 93.197 93.586 93.959 94.313 94.665 95.046 95.639 95.978 96.104 96.521 96.914 97.297 97.746 98.389 99.083 99.753 100.337 100.844 101.334 101.808 102.263 102.687 103.111 103.517 103.909 104.291 104.665 105.034 -9999 -9999 -9999 -9999 -9999 -9999 -9999 -9999 -9999 -9999 -9999 -9999 -9999 -9999 -9999 -9999 -9999 -9999
-9999 -9999 -9999 -9999 -9999 -9999 -9999 -9999 -9999 -9999 -9999 95.178 94.289 93.832 93.885 93.807 93.511 93.169 92.961 92.745 92.978 93.175 92.786 92.53 92.473 92.399 92.344 92.575 93.013 93.467 93.862 94.241 94.605 94.96 95.384 95.584 95.879 96.406 96.79 97.185 97.598 98.126 98.817 99.485 100.093 100.591 101.07 101.532 101.978 102.406 102.822 103.222 103.612 103.992 104.36 104.719 105.071 105.404 -9999 -9999 -9999 -9999 -9999 -9999 -9999 -9999 -9999 -9999 -9999 -9999 -9999 -9999 -9999 -9999 -9999
-9999 -9999 -9999 -9999 -9999 -9999 -9999 -9999 -9999 -9999 95.846 -9999 94.981 94.681 94.446 94.051 93.673 93.413 93.367 93.744 93.624 93.0 92.787 92.666 92.604 92.579 92.614 92.992 93.418 93.746 94.147 94.529 94.897 95.257 95.619 96.215 96.575 96.714 97.097 97.491 97.924 98.53 99.19 99.806 100.309 100.783 101.241 101.683 102.112 102.528 102.93 103.324 103.705 104.075 104.432 104.778 105.115 105.428 -9999 -9999 -9999 -9999 -9999 -9999 -9999 -9999 -9999 -9999 -9999 -9999 -9999 -9999 -9999 -9999 -9999
99.286 -9999 -9999 -9999 -9999 -9999 -9999 -9999 -9999 -9999 96.107 -9999 95.291 94.743 94.429 94.27 93.939 93.643 93.564 93.118 92.82 93.028 92.909 92.806 92.748 92.665 92.736 93.019 93.474 94.022 -9999 -9999 -9999 -9999 -9999 -9999 96.814 97.022 97.399 97.78 98.252 98.89 99.504 100.017 100.49 100.947 101.388 101.817 102.234 102.64 103.036 103.42 103.795 104.157 104.507 104.842 105.165 105.464 105.667 -9999 -9999 -9999 -9999 -9999 -9999 -9999 -9999 -9999 -9999 -9999 -9999 -9999 -9999 -9999 -9999
99.468 99.282 -9999 -9999 -9999 -9999 -9999 -9999 -9999 -9999 96.352 95.967 95.482 95.11 94.846 94.499 94.163 93.838 93.425 93.238 93.282 93.161 93.05 92.948 92.847 92.738 92.839 93.32 93.855 94.296 -9999 -9999 -9999 -9999 96.22 96.509 96.896 97.318 97.684 98.066 98.593 99.206 99.723 100.196 100.651 101.091 101.519 101.936 102.343 102.741 103.128 103.509 103.879 104.238 104.582 104.91 105.22 105.51 105.786 -9999 -9999 -9999 -9999 -9999 -9999 -9999 -9999 -9999 -9999 -9999 -9999 -9999 -9999 -9999 -9999
99.663 99.479 99.295 -9999 -9999 -9999 -9999 -9999 -9999 -9999 96.623 96.24 95.841 -9999 -9999 94.734 94.39 94.055 93.771 -9999 93.423 93.306 93.194 93.092 92.932 92.731 93.005 93.635 -9999 -9999 -9999 -9999 -9999 96.15 96.454 96.725 97.152 97.6 97.956 98.362 98.908 99.426 99.899 100.354 100.793 101.22 101.635 102.042 102.44 102.83 103.213 103.588 103.956 104.314 104.658 104.981 105.279 105.558 105.826 -9999 -9999 -9999 -9999 -9999 -9999 -9999 -9999 -9999 -9999 -9999 -9999 -9999 -9999 -9999 -9999
99.797 99.681 99.482 -9999 -9999 -9999 -9999 -9999 -9999 -9999 -9999 96.541 96.122 -9999 -9999 -9999 94.625 94.281 93.953 93.684 -9999 -9999 93.346 93.24 92.977 92.671 92.991 -9999 -9999 -9999 -9999 -9999 96.061 96.443 96.762 97.124 97.515 97.841 98.196 98.631 99.121 99.598 100.053 100.491 100.917 101.332 101.737 102.135 102.524 102.907 103.283 103.655 104.021 104.381 104.729 105.053 105.339 105.597 105.851 -9999 -9999 -9999 -9999 -9999 -9999 -9999 -9999 -9999 -9999 -9999 -9999 -9999 -9999 -9999 -9999
99.818 99.757 -9999 -9999 -9999 -9999 -9999 -9999 -9999 -9999 -9999 -9999 96.42 -9999 -9999 -9999 -9999 94.517 94.146 93.848 -9999 -9999 -9999 93.329 92.973 -9999 -9999 -9999 -9999 -9999 -9999 -9999 96.344 96.731 97.096 97.449 97.787 98.134 98.437 98.802 99.288 99.746 100.186 100.611 101.026 101.43 101.826 102.215 102.596 102.972 103.342 103.707 104.069 104.428 104.783 105.121 105.391 105.624 105.861 -9999 -9999 -9999 -9999 -9999 -9999 -9999 -9999 -9999 -9999 -9999 -9999 -9999 -9999 -9999 -9999
99.818 -9999 -9999 -9999 -9999 -9999 -9999 -9999 -9999 -9999 -9999 -9999 96.778 -9999 -9999 -9999 -9999 -9999 94.388 94.093 -9999 -9999 -9999 -9999 -9999 -9999 -9999 -9999 -9999 -9999 -9999 -9999 96.633 97.013 97.212 97.113 97.6 98.316 98.575 98.965 99.431 99.873 100.301 100.716 101.121 101.517 101.904 102.283 102.656 103.023 103.384 103.742 104.096 104.447 104.791 105.116 105.395 105.624 105.855 106.063 -9999 -9999 -9999 -9999 -9999 -9999 -9999 -9999 -9999 -9999 -9999 -9999 -9999 -9999 -9999
-9999 99.818 99.818 99.779 99.779 -9999 -9999 -9999 -9999 -9999 -9999 -9999 97.063 -9999 -9999 -9999 -9999 -9999 -9999 -9999 -9999 -9999 -9999 -9999 -9999 -9999 -9999 -9999 -9999 -9999 -9999 96.521 96.919 97.289 97.404 97.705 98.195 98.433 98.706 99.105 99.553 99.983 100.402 100.807 101.201 101.585 101.961 102.33 102.694 103.052 103.395 103.734 104.067 104.393 104.711 105.012 105.283 105.525 105.763 106.009 106.258 -9999 -9999 -9999 -9999 -9999 -9999 -9999 -9999 -9999 -9999 -9999 -9999 -9999 -9999
99.809 99.857 99.846 99.819 99.818 -9999 -9999 -9999 -9999 -9999 -9999 -9999 -9999 -9999 -9999 -9999 -9999 -9999 -9999 -9999 -9999 -9999 -9999 -9999 -9999 -9999 -9999 -9999 -9999 -9999 96.088 96.596 97.032 97.527 97.81 98.065 98.307 98.539 98.823 99.228 99.662 100.078 100.482 100.874 101.254 101.625 101.986 102.333 102.668 102.998 103.322 103.639 103.958 104.272 104.578 104.871 105.139 105.388 105.632 105.881 106.142 -9999 -9999 -9999 -9999 -9999 -9999 -9999 -9999 -9999 -9999 -9999 -9999 -9999 -9999
99.616 99.687 99.712 -9999 99.819 99.819 -9999 -9999 -9999 -9999 -9999 -9999 -9999 -9999 -9999 -9999 -9999 -9999 -9999 -9999 -9999 -9999 -9999 -9999 -9999 -9999 -9999 -9999 -9999 -9999 96.511 96.958 97.369 97.657 97.923 98.173 98.411 98.637 98.928 99.337 99.76 100.162 100.551 100.927 101.29 101.631 101.959 102.278 102.591 102.902 103.21 103.511 103.813 104.112 104.406 104.691 104.968 105.235 105.496 105.751 105.983 106.164 106.277 -9999 -9999 -9999 -9999 -9999 -9999 -9999 -9999 -9999 -9999 -9999 -9999
99.342 99.594 99.696 -9999 -9999 99.819 -9999 -9999 -9999 -9999 -9999 -9999 -9999 -9999 -9999 -9999 -9999 -9999 -9999 -9999 -9999 -9999 -9999 -9999 -9999 -9999 -9999 -9999 -9999 -9999 96.69 97.166 97.479 97.765 98.032 98.279 98.509 98.727 99.02 99.43 99.845 100.236 100.607 100.954 101.281 101.597 101.905 102.209 102.507 102.803 103.091 103.381 103.668 103.952 104.232 104.507 104.779 105.049 105.322 105.596 105.803 105.953 106.076 106.207 106.348 106.362 -9999 -9999 -9999 -9999 -9999 -9999 -9999 -9999 -9999
99.303 99.61 99.715 99.82 -9999 99.824 -9999 -9999 -9999 -9999 -9999 -9999 -9999 -9999 -9999 -9999 -9999 -9999 -9999 -9999 -9999 -9999 -9999 -9999 -9999 -9999 -9999 -9999 -9999 96.226 96.794 97.27 97.59 97.877 98.137 98.375 98.597 98.808 99.1 99.508 99.913 100.285 100.622 100.942 101.252 101.553 101.847 102.135 102.42 102.701 102.979 103.251 103.525 103.796 104.065 104.331 104.597 104.864 105.135 105.365 105.56 105.713 105.857 105.994 106.13 106.271 106.419 105.96 -9999 -9999 -9999 -9999 -9999 -9999 -9999
99.335 99.765 99.822 -9999 99.83 -9999 -9999 -9999 -9999 -9999 -9999 -9999 -9999 -9999 -9999 -9999 -9999 -9999 -9999 -9999 -9999 -9999 -9999 -9999 -9999 -9999 -9999 -9999 -9999 -9999 96.931 97.386 97.701 97.98 98.231 98.461 98.676 98.88 99.169 99.566 99.947 100.289 100.612 100.919 101.215 101.502 101.783 102.058 102.329 102.596 102.858 103.121 103.383 103.643 103.903 104.162 104.422 104.685 104.922 105.12 105.276 105.425 105.581 105.741 105.885 106.023 106.171 106.319 106.02 -9999 -9999 -9999 -9999 -9999 -9999
99.689 99.825 99.83 99.836 99.843 -9999 -9999 -9999 -9999 -9999 -9999 -9999 -9999 -9999 -9999 -9999 -9999 -9999 -9999 -9999 -9999 -9999 -9999 -9999 -9999 -9999 -9999 -9999 -9999 -9999 -9999 97.532 97.812 98.072 98.315 98.539 98.747 98.945 99.22 99.583 99.946 100.279 100.59 100.886 101.17 101.445 101.713 101.976 102.234 102.489 102.743 102.991 103.242 103.493 103.744 103.997 104.252 104.489 104.679 104.833 104.976 105.122 105.274 105.435 105.606 105.762 105.91 106.059 106.206 105.979 -9999 -9999 -9999 -9999 -9999
99.829 99.835 99.842 99.848 -9999 -9999 -9999 -9999 -9999 -9999 -9999 -9999 -9999 -9999 -9999 -9999 -9999 -9999 -9999 -9999 -9999 -9999 -9999 -9999 -9999 -9999 -9999 -9999 -9999 -9999 -9999 97.595 97.809 98.167 98.388 98.609 98.811 98.994 99.233 99.576 99.931 100.256 100.559 100.844 101.118 101.381 101.638 101.889 102.136 102.38 102.622 102.861 103.102 103.344 103.588 103.834 104.059 104.243 104.398 104.534 104.674 104.819 104.97 105.13 105.297 105.474 105.641 105.792 105.937 106.061 105.793 -9999 -9999 -9999 -9999
99.839 99.846 99.853 99.86 -9999 -9999 -9999 -9999 -9999 -9999 -9999 -9999 -9999 -9999 -9999 -9999 -9999 -9999 -9999 -9999 -9999 -9999 -9999 -9999 -9999 -9999 -9999 -9999 -9999 -9999 -9999 -9999 97.908 98.228 98.449 98.694 98.861 99.012 99.232 99.555 99.904 100.222 100.516 100.793 101.057 101.311 101.557 101.797 102.034 102.268 102.497 102.729 102.962 103.196 103.428 103.641 103.819 103.969 104.102 104.238 104.378 104.523 104.673 104.83 104.994 105.165 105.344 105.516 105.666 105.791 105.875 -9999 -9999 -9999 -9999
-9999 -9999 -9999 -9999 -9999 -9999 -9999 -9999 -9999 -9999 -9999 -9999 -9999 -9999 -9999 -9999 -9999 -9999 -9999 -9999 -9999 -9999 -9999 -9999 -9999 -9999 -9999 -9999 -9999 -9999 -9999 -9999 98.075 98.351 98.768 99.481 99.428 99.023 99.222 99.52 99.864 100.176 100.464 100.733 100.989 101.233 101.47 101.701 101.928 102.152 102.373 102.596 102.819 103.039 103.238 103.404 103.55 103.681 103.814 103.95 104.089 104.233 104.382 104.536 104.696 104.862 105.035 105.214 105.389 105.51 105.593 105.665 -9999 -9999 -9999
-9999 -9999 -9999 -9999 -9999 -9999 -9999 -9999 -9999 -9999 -9999 -9999 -9999 -9999 -9999 -9999 -9999 -9999 -9999 -9999 -9999 -9999 -9999 -9999 -9999 -9999 -9999 -9999 -9999 -9999 -9999 -9999 -9999 98.46 98.857 98.811 98.714 99.035 99.202 99.471 99.813 100.12 100.402 100.665 100.913 101.149 101.378 101.6 101.818 102.033 102.247 102.457 102.667 102.847 103.002 103.14 103.269 103.399 103.532 103.667 103.806 103.949 104.095 104.247 104.403 104.564 104.731 104.904 105.081 105.22 105.3 105.371 -9999 -9999 -9999
-9999 -9999 -9999 -9999 -9999 -9999 -9999 -9999 -9999 -9999 -9999 -9999 -9999 -9999 -9999 -9999 -9999 -9999 -9999 -9999 -9999 -9999 -9999 -9999 -9999 -9999 -9999 -9999 -9999 -9999 -9999 -9999 -9999 98.494 -9999 98.708 98.929 99.046 99.179 -9999 99.749 100.054 100.331 100.588 100.83 101.059 101.28 101.494 101.703 101.91 102.111 102.305 102.466 102.611 102.74 102.866 102.993 103.123 103.255 103.39 103.527 103.668 103.813 103.961 104.114 104.271 104.433 104.601 104.761 104.903 105.003 105.078 105.152 -9999 -9999
-9999 -9999 -9999 -9999 -9999 -9999 -9999 -9999 -9999 -9999 -9999 -9999 -9999 -9999 -9999 -9999 -9999 -9999 -9999 -9999 -9999 -9999 -9999 -9999 -9999 -9999 -9999 -9999 -9999 -9999 -9999 -9999 -9999 -9999 98.711 98.837 -9999 -9999 -9999 -9999 99.673 99.977 100.251 100.504 100.74 100.963 101.176 101.383 101.585 101.783 101.964 102.091 102.227 102.348 102.468 102.59 102.714 102.841 102.971 103.104 103.24 103.378 103.521 103.667 103.818 103.973 104.135 104.302 104.447 104.572 104.691 104.784 104.857 104.934 105.017
-9999 -9999 -9999 -9999 -9999 -9999 -9999 -9999 -9999 -9999 -9999 -9999 -9999 -9999 -9999 -9999 -9999 -9999 -9999 -9999 -9999 -9999 -9999 -9999 -9999 -9999 -9999 -9999 -9999 -9999 -9999 -9999 -9999 -9999 98.731 98.859 -9999 -9999 -9999 -9999 99.591 99.885 100.153 100.399 100.629 100.847 101.056 101.259 101.45 101.606 101.725 101.844 101.959 102.075 102.192 102.312 102.434 102.559 102.687 102.818 102.951 103.087 103.226 103.368 103.515 103.665 103.822 103.976 104.116 104.235 104.359 104.479 104.563 104.635 104.713
-9999 -9999 -9999 -9999 -9999 -9999 -9999 -9999 -9999 -9999 -9999 -9999 -9999 -9999 -9999 -9999 -9999 -9999 -9999 -9999 -9999 -9999 -9999 -9999 -9999 -9999 -9999 -9999 -9999 -9999 -9999 -9999 -9999 -9999 98.784 -9999 -9999 -9999 -9999 99.293 99.499 99.783 100.043 100.282 100.505 100.716 100.909 101.069 101.209 101.334 101.456 101.578 101.692 101.804 101.92 102.038 102.159 102.283 102.41 102.539 102.67 102.803 102.938 103.077 103.218 103.363 103.512 103.649 103.771 103.886 104.007 104.135 104.252 104.328 -9999
-9999 -9999 -9999 -9999 -9999 -9999 -9999 -9999 -9999 -9999 -9999 -9999 -9999 -9999 -9999 -9999 -9999 -9999 -9999 -9999 -9999 -9999 -9999 -9999 -9999 -9999 -9999 -9999 -9999 -9999 -9999 -9999 -9999 -9999 -9999 -9999 -9999 -9999 -9999 99.261 99.425 99.678 99.929 100.153 100.341 100.515 100.665 100.804 100.935 101.058 101.177 101.293 101.413 101.532 101.652 101.771 101.892 102.015 102.141 102.269 102.397 102.528 102.66 102.794 102.93 103.07 103.205 103.329 103.437 103.546 103.659 103.778 103.906 103.996 -9999
-9999 -9999 -9999 -9999 -9999 -9999 -9999 -9999 -9999 -9999 -9999 -9999 -9999 -9999 -9999 -9999 -9999 -9999 -9999 -9999 -9999 -9999 -9999 -9999 -9999 -9999 -9999 -9999 -9999 -9999 -9999 -9999 -9999 -9999 -9999 -9999 -9999 -9999 -9999 99.217 99.33 99.51 99.733 99.926 100.102 100.263 100.412 100.549 100.676 100.795 100.908 101.018 101.131 101.248 101.373 101.503 101.63 101.755 101.88 102.007 102.133 102.261 102.39 102.519 102.651 102.785 102.905 103.013 103.114 103.217 103.322 103.433 103.55 103.669 -9999
-9999 -9999 -9999 -9999 -9999 -9999 -9999 -9999 -9999 -9999 -9999 -9999 -9999 -9999 -9999 -9999 -9999 -9999 -9999 -9999 -9999 -9999 -9999 -9999 -9999 -9999 -9999 -9999 -9999 -9999 -9999 -9999 -9999 -9999 -9999 -9999 -9999 -9999 99.057 99.096 99.158 99.278 99.488 99.681 99.861 100.023 100.174 100.309 100.433 100.547 100.653 100.758 100.863 100.975 101.096 101.226 101.362 101.499 101.628 101.753 101.877 102.002 102.127 102.253 102.38 102.5 102.609 102.706 102.802 102.899 102.997 103.099 103.206 103.316 103.405
-9999 -9999 -9999 -9999 -9999 -9999 -9999 -9999 -9999 -9999 -9999 -9999 -9999 -9999 -9999 -9999 -9999 -9999 -9999 -9999 -9999 -9999 -9999 -9999 -9999 -9999 -9999 -9999 -9999 -9999 -9999 -9999 -9999 -9999 -9999 -9999 -9999 -9999 98.918 98.958 98.993 99.094 99.256 99.453 99.632 99.799 99.948 100.082 100.203 100.314 100.417 100.513 100.61 100.715 100.833 100.962 101.096 101.234 101.373 101.504 101.629 101.751 101.873 101.994 102.113 102.22 102.317 102.409 102.499 102.59 102.681 102.775 102.872 102.974 103.068
-9999 -9999 -9999 -9999 -9999 -9999 -9999 -9999 -9999 -9999 -9999 -9999 -9999 -9999 -9999 -9999 -9999 -9999 -9999 -9999 -9999 -9999 -9999 -9999 -9999 -9999 -9999 -9999 -9999 -9999 -9999 -9999 -9999 -9999 -9999 -9999 -9999 98.644 98.717 98.829 98.864 98.927 99.042 99.234 99.414 99.584 99.734 99.867 99.987 100.095 100.194 100.285 100.372 100.468 100.587 100.717 100.849 100.982 101.116 101.252 101.384 101.507 101.625 101.742 101.847 101.944 102.033 102.12 102.206 102.29 102.375 102.46 102.547 102.637 102.732
-9999 -9999 -9999 -9999 -9999 -9999 -9999 -9999 -9999 -9999 -9999 -9999 -9999 -9999 -9999 -9999 -9999 -9999 -9999 -9999 -9999 -9999 -9999 -9999 -9999 -9999 -9999 -9999 -9999 -9999 -9999 -9999 -9999 -9999 -9999 -9999 -9999 98.342 98.488 98.709 98.753 98.794 98.886 99.024 99.209 99.378 99.529 99.663 99.782 99.89 99.987 100.077 100.161 100.252 100.365 100.492 100.619 100.746 100.873 101.002 101.133 101.264 101.383 101.487 101.584 101.672 101.757 101.84 101.92 101.998 102.075 102.152 102.229 102.307 102.389
-9999 -9999 -9999 -9999 -9999 -9999 -9999 -9999 -9999 -9999 -9999 -9999 -9999 -9999 -9999 -9999 -9999 -9999 -9999 -9999 -9999 -9999 -9999 -9999 -9999 -9999 -9999 -9999 -9999 -9999 -9999 -9999 -9999 -9999 -9999 -9999 -9999 98.245 98.428 98.595 98.669 98.784 98.81 98.845 99.012 99.18 99.332 99.467 99.587 99.695 99.794 99.886 99.974 100.066 100.17 100.286 100.404 100.523 100.644 100.765 100.889 101.014 101.135 101.236 101.324 101.408 101.489 101.566 101.641 101.713 101.783 101.851 101.917 101.983 102.05
-9999 -9999 -9999 -9999 -9999 -9999 -9999 -9999 -9999 -9999 -9999 -9999 -9999 -9999 -9999 -9999 -9999 -9999 -9999 -9999 -9999 -9999 -9999 -9999 -9999 -9999 -9999 -9999 -9999 -9999 -9999 -9999 -9999 -9999 -9999 -9999 -9999 -9999 98.275 98.352 98.612 99.143 99.013 98.711 98.819 98.987 99.141 99.277 99.399 99.509 99.61 99.704 99.796 99.889 99.987 100.092 100.201 100.312 100.424 100.538 100.654 100.767 100.877 100.982 101.07 101.15 101.227 101.299 101.368 101.434 101.496 -9999 101.611 -9999 101.767
