Validation/Results/raw data/ReClimate_10_2024_2_Temperature-Actuals.asc
NCOLS 192
NROWS 249
XLLCENTER -225160.85627316462
YLLCENTER 29788.11610251431
CELLSIZE 5000.0
NODATA_VALUE -9999
[rows 170 to 203 of 249, columns 77 to 153 of 192]
-9999 -9999 -9999 -9999 -9999 -9999 -9999 -9999 -9999 -9999 -9999 -9999 -9999 -9999 -9999 7.335 7.101 -9999 -9999 -9999 -9999 -9999 -9999 -9999 -9999 -9999 -9999 -9999 -9999 -9999 -9999 -9999 -9999 -9999 6.007 6.187 5.978 5.824 5.583 5.541 5.605 5.65 5.706 5.869 5.995 5.996 5.738 5.287 4.536 3.854 3.293 3.513 3.506 3.905 4.811 5.221 5.425 5.173 5.092 5.157 5.249 5.204 5.198 5.169 5.153 5.118 5.006 4.959 5.027 5.08 5.037 4.73 4.704 4.654 4.863 5.128 5.374
-9999 -9999 -9999 -9999 -9999 -9999 -9999 -9999 -9999 -9999 -9999 -9999 -9999 -9999 -9999 7.004 6.725 6.752 -9999 -9999 -9999 -9999 -9999 -9999 -9999 -9999 -9999 -9999 -9999 -9999 -9999 -9999 -9999 6.142 6.229 6.136 6.035 5.797 5.709 5.615 5.661 5.634 5.677 5.748 5.794 5.729 5.597 5.287 4.7 3.744 3.083 3.538 4.021 4.144 4.686 5.489 5.59 5.379 4.997 5.041 5.245 5.255 5.187 5.102 5.098 5.101 5.048 4.943 4.996 5.073 5.081 4.878 4.637 4.674 4.81 5.111 5.332
-9999 -9999 -9999 -9999 -9999 -9999 -9999 -9999 -9999 -9999 -9999 -9999 -9999 -9999 7.244 6.822 6.443 6.58 7.005 -9999 -9999 -9999 -9999 -9999 -9999 -9999 -9999 -9999 -9999 -9999 6.4 -9999 -9999 6.114 5.942 6.083 6.056 5.921 -9999 5.598 5.524 5.492 5.514 5.454 5.541 5.489 5.388 5.02 4.411 4.532 3.613 3.924 4.468 4.037 4.736 5.137 5.455 5.369 5.099 5.084 5.213 5.356 5.185 5.065 5.113 5.125 5.099 4.994 4.994 5.089 5.06 4.981 4.734 4.608 4.7 5.057 5.279
-9999 -9999 -9999 -9999 -9999 -9999 -9999 -9999 -9999 -9999 -9999 -9999 -9999 -9999 7.211 6.722 6.487 6.525 6.852 7.147 7.426 -9999 -9999 -9999 6.726 6.766 -9999 6.601 6.539 6.383 5.638 5.718 -9999 -9999 5.997 5.974 -9999 -9999 5.695 5.516 5.646 5.782 5.588 5.374 5.275 5.261 5.111 4.62 4.018 4.18 4.018 3.875 4.13 4.132 4.293 5.188 5.296 5.182 4.943 5.056 5.139 5.248 5.245 5.053 5.117 5.147 5.097 5.022 5.004 5.114 5.087 5.026 4.888 4.739 4.647 4.872 5.167
-9999 -9999 -9999 -9999 -9999 -9999 -9999 -9999 -9999 -9999 -9999 -9999 -9999 -9999 -9999 6.985 6.674 6.621 6.817 6.937 -9999 -9999 5.38 5.196 6.143 5.636 5.729 5.77 6.194 5.953 5.686 5.382 5.445 -9999 5.966 5.96 5.898 5.816 5.436 5.231 5.573 5.886 5.707 5.399 5.282 5.17 5.021 4.429 3.673 3.81 3.973 4.153 4.413 4.309 4.434 4.935 5.267 5.176 4.977 5.018 5.071 5.125 5.141 5.114 5.157 5.18 5.035 4.806 5.003 5.216 5.166 5.094 4.996 4.882 4.876 4.905 4.965
-9999 -9999 -9999 -9999 -9999 -9999 -9999 -9999 -9999 -9999 -9999 -9999 -9999 -9999 -9999 7.213 6.982 6.982 6.928 6.873 6.746 5.644 3.868 5.551 5.822 5.045 5.35 5.071 5.422 5.818 5.549 4.812 5.321 5.474 5.732 5.898 5.818 5.626 5.302 5.169 5.426 5.656 5.58 5.437 5.284 5.145 4.906 4.18 3.736 3.513 3.802 3.865 4.494 4.638 4.402 4.668 5.027 5.063 5.023 5.021 5.006 5.051 5.093 5.098 5.212 5.176 5.127 5.077 5.02 5.257 5.232 5.156 5.08 4.951 4.795 4.925 5.072
-9999 -9999 -9999 -9999 -9999 -9999 -9999 -9999 -9999 -9999 -9999 -9999 -9999 -9999 -9999 -9999 7.307 7.229 6.908 6.322 5.409 3.23 3.786 5.218 5.013 5.08 4.592 4.444 4.71 5.034 5.18 5.316 4.726 5.272 5.621 5.689 5.766 5.673 5.41 5.313 5.388 5.498 5.514 5.372 5.236 5.098 4.736 4.261 3.701 3.554 3.938 3.838 4.084 4.885 4.639 4.676 4.949 4.936 5.025 5.142 5.087 5.046 5.066 5.121 5.254 5.244 5.229 5.128 5.139 5.232 5.241 5.185 5.092 5.033 4.993 4.977 5.045
-9999 -9999 -9999 -9999 -9999 -9999 -9999 -9999 -9999 -9999 -9999 -9999 -9999 -9999 -9999 -9999 -9999 -9999 6.475 5.438 4.329 3.932 4.284 5.347 5.205 4.575 4.028 3.905 4.001 4.783 5.434 5.076 4.497 4.961 5.486 5.734 5.891 5.719 5.479 5.289 5.311 5.346 5.347 5.327 5.223 4.978 4.498 4.178 3.937 3.555 3.84 3.8 3.8 4.346 4.903 4.832 5.111 4.976 4.847 5.039 5.116 5.156 5.163 5.216 5.282 5.279 5.254 5.234 5.094 5.159 5.188 5.16 5.122 5.102 5.099 5.085 5.062
-9999 -9999 -9999 -9999 -9999 -9999 -9999 -9999 -9999 -9999 -9999 -9999 -9999 -9999 -9999 -9999 -9999 7.137 6.138 5.455 5.152 4.397 5.232 5.475 4.92 4.712 4.179 3.731 4.071 4.235 4.947 4.765 4.285 4.592 5.191 5.92 5.946 5.764 5.414 5.227 5.214 5.254 5.301 5.297 5.125 4.728 4.541 4.602 4.264 3.797 3.985 4.047 4.186 4.395 4.551 4.964 5.055 5.017 4.973 4.971 5.114 5.095 5.245 5.329 5.332 5.294 5.262 5.064 5.059 5.141 5.205 5.177 5.165 5.184 5.185 5.177 5.205
-9999 -9999 -9999 -9999 -9999 -9999 -9999 -9999 -9999 -9999 -9999 -9999 -9999 -9999 -9999 -9999 7.184 5.618 5.924 5.521 5.08 5.21 4.135 4.277 4.467 4.301 3.749 4.153 3.987 4.418 4.799 4.213 3.896 4.487 5.267 5.916 5.995 5.747 5.348 5.3 5.321 5.279 5.304 5.205 4.916 4.861 4.79 4.459 4.219 4.049 3.891 4.31 4.492 4.684 4.893 4.933 5.179 5.129 5.152 5.134 5.165 5.32 5.183 5.323 5.361 5.288 5.221 5.035 4.969 5.157 5.174 5.177 5.177 5.2 5.2 5.266 5.411
-9999 -9999 -9999 -9999 -9999 -9999 -9999 -9999 -9999 -9999 -9999 -9999 -9999 -9999 -9999 7.085 5.841 6.3 6.279 5.943 5.958 5.334 4.95 4.522 4.098 3.761 3.774 3.889 4.053 4.643 4.302 4.399 4.992 5.176 5.647 5.755 5.851 5.626 5.386 5.353 5.313 5.311 5.159 4.919 4.976 4.919 4.801 4.427 4.34 4.62 4.476 4.449 4.678 4.78 4.918 5.028 5.085 5.293 5.355 5.44 5.466 5.483 5.441 5.31 5.318 5.29 5.22 5.036 4.979 5.177 5.202 5.153 5.166 5.182 5.233 5.3 5.392
-9999 -9999 -9999 -9999 -9999 -9999 -9999 -9999 -9999 -9999 -9999 -9999 -9999 6.922 7.071 6.697 6.78 6.997 6.983 6.62 6.641 6.107 5.314 4.644 4.006 3.208 4.286 4.38 4.699 4.56 3.872 4.16 4.565 5.241 5.497 5.591 5.612 5.467 5.325 5.249 5.278 5.174 4.973 4.891 4.806 4.963 4.726 4.465 4.537 4.625 4.7 4.775 4.837 4.925 5.035 5.275 5.247 5.279 5.492 5.65 5.684 5.518 5.411 5.347 5.283 5.211 5.185 4.981 4.897 5.101 5.211 5.178 5.129 5.152 5.216 5.232 -9999
-9999 -9999 -9999 -9999 -9999 -9999 -9999 -9999 -9999 -9999 -9999 -9999 6.776 6.824 6.78 7.006 -9999 -9999 -9999 -9999 6.135 5.197 4.878 4.559 3.802 4.45 4.499 3.998 4.313 3.762 2.794 3.535 4.324 4.732 5.351 5.645 5.519 5.381 5.307 5.269 5.223 5.129 4.977 4.917 4.79 4.837 4.694 4.676 4.712 4.779 4.936 5.019 5.063 5.205 5.249 5.423 5.579 5.485 5.503 5.545 5.576 5.467 5.348 5.256 5.139 5.079 5.062 4.981 4.889 5.007 5.183 5.231 5.167 5.136 5.187 5.2 5.244
-9999 -9999 -9999 -9999 -9999 -9999 -9999 -9999 -9999 -9999 -9999 -9999 6.794 6.728 7.176 -9999 -9999 -9999 -9999 -9999 5.923 5.159 4.638 4.755 4.133 4.209 3.864 3.457 3.599 3.302 3.353 4.516 4.592 5.097 5.546 5.646 5.506 5.377 5.251 5.101 5.051 5.087 4.986 4.855 4.83 4.765 4.845 4.854 4.954 4.815 4.802 4.909 5.13 5.362 5.474 5.496 5.467 5.491 5.486 5.393 5.309 5.146 5.159 4.997 4.835 4.796 4.899 4.946 4.952 5.074 5.219 5.329 5.275 5.214 5.177 5.136 5.145
-9999 -9999 -9999 -9999 -9999 -9999 -9999 -9999 -9999 -9999 -9999 -9999 -9999 -9999 7.355 -9999 -9999 -9999 -9999 -9999 5.859 5.027 5.128 4.787 4.456 4.411 3.429 3.65 4.308 3.696 4.356 4.607 4.842 5.384 5.665 5.654 5.389 5.324 5.178 5.072 5.182 5.126 5.051 4.984 4.888 4.937 5.014 5.107 5.062 5.051 4.982 4.928 5.127 5.238 5.162 5.247 5.291 5.303 5.432 5.344 5.113 4.89 4.807 4.952 4.813 4.724 4.772 4.891 4.971 5.124 5.303 5.443 5.415 5.332 5.264 5.183 5.204
-9999 -9999 -9999 -9999 -9999 -9999 -9999 -9999 -9999 -9999 -9999 -9999 -9999 -9999 -9999 -9999 -9999 -9999 -9999 -9999 6.175 5.538 6.097 5.358 4.676 3.691 3.89 3.947 3.87 4.502 4.556 4.658 5.379 5.592 5.745 5.573 5.44 5.32 5.31 5.309 5.28 5.241 5.141 5.052 5.021 5.03 5.105 5.101 4.959 5.13 5.239 5.182 5.108 5.209 5.038 4.912 5.061 5.015 5.178 5.339 5.16 5.05 4.933 4.905 4.944 4.824 4.775 4.908 5.039 5.171 5.342 5.497 5.476 5.4 5.328 5.282 5.282
-9999 -9999 -9999 -9999 -9999 -9999 -9999 -9999 -9999 -9999 -9999 -9999 -9999 -9999 -9999 -9999 -9999 -9999 -9999 -9999 -9999 6.096 4.873 4.362 4.249 4.463 4.407 4.146 4.685 4.74 5.055 5.419 5.3 5.68 5.621 5.311 5.295 5.368 5.499 5.548 5.413 5.189 5.079 4.945 4.963 5.044 5.159 5.037 4.848 4.951 5.212 5.29 5.236 5.153 5.108 4.979 4.894 4.728 4.759 5.193 5.296 5.133 4.97 4.764 4.736 4.893 4.877 4.984 5.136 5.304 5.396 5.51 5.492 5.436 5.391 5.371 5.373
-9999 -9999 -9999 -9999 -9999 -9999 -9999 -9999 -9999 -9999 -9999 -9999 -9999 -9999 -9999 -9999 -9999 -9999 -9999 -9999 6.204 5.596 4.915 4.048 4.766 4.814 4.359 4.617 4.668 4.663 5.383 5.293 5.262 5.459 4.644 5.107 5.317 5.353 5.347 5.456 5.114 4.599 4.591 4.846 5.064 5.05 5.152 5.11 4.992 4.967 5.149 5.244 5.265 5.204 5.1 5.061 4.926 4.885 4.902 5.133 5.204 5.038 4.823 4.624 4.601 4.841 5.021 5.096 5.254 5.37 5.421 5.469 5.503 5.482 5.452 5.455 5.452
-9999 -9999 -9999 -9999 -9999 -9999 -9999 -9999 -9999 -9999 -9999 -9999 -9999 -9999 -9999 -9999 -9999 -9999 -9999 -9999 6.473 5.836 4.158 5.201 5.544 4.991 4.829 4.558 4.131 4.688 5.328 5.27 5.486 5.156 5.207 5.232 5.107 5.05 5.351 5.225 4.822 4.637 4.695 5.054 5.087 5.054 5.156 5.146 5.186 5.146 5.171 5.245 5.263 5.264 5.215 5.15 5.066 4.932 5.043 5.188 5.095 4.81 4.562 4.588 4.634 4.75 4.999 5.206 5.271 5.403 5.391 5.41 5.507 5.555 5.542 5.543 5.555
-9999 -9999 -9999 -9999 -9999 -9999 -9999 -9999 -9999 -9999 -9999 -9999 -9999 -9999 -9999 -9999 -9999 -9999 -9999 -9999 6.433 5.606 5.979 5.616 5.318 5.022 4.588 3.908 4.185 4.418 5.016 5.276 5.56 5.445 5.204 4.8 4.5 4.589 5.044 4.804 4.828 4.715 4.944 5.23 5.141 5.13 5.192 5.271 5.341 5.197 5.148 5.258 5.289 5.146 5.218 5.237 5.165 5.096 5.139 5.194 5.047 4.81 4.658 4.65 4.799 4.946 5.11 5.18 5.267 5.354 5.47 5.417 5.513 5.574 5.579 5.589 5.59
-9999 -9999 -9999 -9999 -9999 -9999 -9999 -9999 -9999 -9999 -9999 -9999 -9999 -9999 -9999 -9999 -9999 -9999 -9999 -9999 -9999 6.702 5.48 4.752 4.097 3.969 4.018 4.315 4.6 5.152 5.293 5.457 5.348 5.279 5.164 4.93 4.618 4.534 4.711 4.916 4.854 4.731 5.054 5.302 5.172 5.311 5.321 5.281 5.543 5.557 5.373 5.362 5.366 5.153 5.057 5.265 5.205 5.153 5.175 5.157 4.988 4.879 4.889 4.995 5.034 5.145 5.182 5.179 5.284 5.396 5.44 5.471 5.569 5.621 5.596 5.584 5.585
-9999 -9999 -9999 -9999 -9999 -9999 -9999 -9999 -9999 -9999 -9999 -9999 -9999 -9999 -9999 -9999 -9999 -9999 -9999 -9999 -9999 5.998 5.02 4.208 3.527 3.357 3.781 4.544 5.124 5.195 4.892 4.474 4.201 4.261 4.744 5.03 4.671 4.652 4.801 4.932 4.528 4.732 5.009 5.127 5.154 5.366 5.327 5.414 5.427 5.561 5.557 5.444 5.397 5.27 5.184 5.299 5.283 5.101 5.005 4.964 4.867 4.863 4.992 4.953 5.031 5.099 5.222 5.153 5.242 5.357 5.354 5.46 5.598 5.632 5.569 5.486 5.435
-9999 -9999 -9999 -9999 -9999 -9999 -9999 -9999 -9999 -9999 -9999 -9999 -9999 -9999 -9999 -9999 -9999 -9999 -9999 -9999 6.676 5.883 4.983 4.183 3.697 3.847 4.236 4.632 4.378 3.765 4.005 3.903 3.967 4.594 4.898 4.779 4.733 4.921 5.016 4.684 4.596 4.671 4.942 5.103 5.18 5.437 5.357 5.222 5.41 5.327 5.402 5.346 5.343 5.331 5.339 5.443 5.35 5.2 5.104 4.955 4.917 4.808 4.908 4.959 5.013 5.134 5.165 5.251 5.298 5.31 5.314 5.459 5.637 5.645 5.606 5.489 5.384
-9999 -9999 -9999 -9999 -9999 -9999 -9999 -9999 -9999 -9999 -9999 -9999 -9999 -9999 -9999 -9999 -9999 -9999 -9999 -9999 6.213 5.59 5.137 4.742 4.238 3.654 3.838 4.062 4.027 3.971 3.709 3.607 3.994 4.598 4.312 4.378 4.92 4.757 5.091 4.802 4.558 4.53 5.081 5.104 5.456 5.488 5.32 5.223 4.918 5.166 5.185 5.222 5.215 5.283 5.304 5.398 5.4 5.298 5.248 5.205 4.952 4.846 4.82 4.883 4.975 5.211 5.252 5.275 5.294 5.271 5.306 5.462 5.552 5.638 5.629 5.566 5.438
-9999 -9999 -9999 -9999 -9999 -9999 -9999 -9999 -9999 -9999 -9999 -9999 -9999 -9999 -9999 -9999 -9999 -9999 -9999 -9999 5.806 5.806 5.773 5.091 4.133 3.569 3.806 4.067 4.246 3.88 3.933 4.122 4.366 4.308 4.37 4.897 4.926 4.982 4.683 5.02 4.879 5.084 5.063 5.128 5.448 5.567 5.424 5.102 5.2 5.181 5.13 5.148 5.151 5.277 5.351 5.292 5.297 5.257 5.275 5.224 5.016 4.847 4.971 5.108 5.043 5.204 5.257 5.335 5.31 5.265 5.402 5.573 5.648 5.706 5.753 5.688 5.635
-9999 -9999 -9999 -9999 -9999 -9999 -9999 -9999 -9999 -9999 -9999 -9999 -9999 -9999 -9999 -9999 -9999 -9999 -9999 6.037 5.726 5.183 5.185 4.943 4.074 3.896 3.565 4.001 4.551 4.505 4.57 4.307 4.302 4.602 4.48 4.559 4.923 4.885 5.208 5.318 5.324 5.278 5.153 5.369 5.544 5.542 5.495 5.427 5.384 5.5 5.329 5.217 5.167 5.235 5.339 5.325 5.305 5.344 5.28 5.152 5.062 5.015 5.178 5.291 5.262 5.237 5.38 5.303 5.322 5.292 5.339 5.513 5.643 5.663 5.697 5.693 5.732
-9999 -9999 -9999 -9999 -9999 -9999 -9999 -9999 -9999 -9999 -9999 -9999 -9999 -9999 -9999 -9999 -9999 -9999 5.825 5.716 5.083 5.213 5.19 4.318 3.767 3.631 3.839 4.199 4.544 4.436 4.564 4.318 3.926 4.421 4.37 4.973 5.111 5.291 5.348 5.274 5.159 5.213 5.138 5.442 5.493 5.668 5.654 5.546 5.404 5.467 5.489 5.265 5.219 5.35 5.421 5.357 5.29 5.274 5.242 5.143 5.127 5.164 5.279 5.434 5.475 5.493 5.357 5.289 5.285 5.326 5.384 5.516 5.55 5.521 5.499 5.55 5.693
-9999 -9999 -9999 -9999 -9999 -9999 -9999 -9999 -9999 -9999 -9999 -9999 -9999 -9999 -9999 -9999 5.475 5.57 5.422 5.77 5.594 5.372 4.818 4.007 3.662 3.55 3.43 4.025 4.26 4.692 4.554 4.102 4.082 4.513 4.985 5.161 5.367 5.369 5.405 5.143 5.056 5.054 5.317 5.608 5.686 5.708 5.666 5.516 5.413 5.414 5.436 5.268 5.305 5.407 5.507 5.3 5.187 5.073 4.966 5.001 5.082 5.283 5.383 5.438 5.355 5.409 5.365 5.35 5.326 5.342 5.417 5.549 5.611 5.44 5.383 5.448 5.635
-9999 -9999 -9999 -9999 -9999 -9999 -9999 -9999 -9999 -9999 -9999 -9999 -9999 -9999 -9999 5.539 5.29 4.885 5.169 5.497 5.425 5.144 4.267 4.201 3.762 3.64 3.946 4.473 4.864 4.865 4.784 4.347 3.889 4.41 4.934 5.352 5.322 5.331 5.133 5.27 5.074 5.114 5.47 5.702 5.877 5.879 5.673 5.615 5.455 5.448 5.491 5.42 5.367 5.414 5.339 5.344 5.15 5.115 5.033 4.894 4.935 5.061 5.224 5.301 5.275 5.322 5.416 5.347 5.497 5.539 5.548 5.607 5.562 5.452 5.363 5.473 5.64
-9999 -9999 -9999 -9999 -9999 -9999 -9999 -9999 -9999 -9999 -9999 -9999 6.918 6.315 5.882 5.503 4.93 4.897 5.147 5.535 5.509 4.593 4.488 4.383 4.544 3.821 4.387 4.548 4.259 4.764 4.951 3.814 4.353 4.889 5.589 5.554 5.365 4.965 5.508 5.369 5.298 5.325 5.409 5.737 5.889 5.943 5.783 5.722 5.561 5.45 5.523 5.498 5.506 5.384 5.279 5.009 5.128 5.192 5.159 5.014 4.993 5.084 5.216 5.337 5.299 5.344 5.38 5.487 5.548 5.63 5.57 5.595 5.597 5.509 5.518 5.561 5.634
-9999 -9999 -9999 -9999 -9999 -9999 -9999 -9999 -9999 -9999 6.479 6.593 6.441 6.167 5.936 5.518 5.514 5.361 5.608 5.43 4.644 4.954 4.899 4.919 4.998 4.399 4.114 3.527 4.07 4.478 4.416 4.693 5.062 5.523 4.991 5.186 5.423 5.579 5.62 5.573 5.483 5.507 5.666 5.668 5.882 6.018 5.912 5.819 5.714 5.645 5.632 5.469 5.58 5.572 5.294 5.098 4.974 5.196 5.174 5.037 4.972 5.009 5.122 5.35 5.466 5.503 5.474 5.454 5.592 5.553 5.484 5.542 5.606 5.58 5.566 5.569 5.56
-9999 -9999 -9999 -9999 -9999 -9999 6.671 6.546 6.521 6.496 5.998 6.43 6.163 6.104 5.815 5.567 5.567 5.554 5.479 4.852 5.074 5.312 4.947 5.408 5.13 4.53 3.685 3.884 4.266 4.527 4.495 5.043 5.419 4.498 4.567 5.199 5.286 5.62 5.595 5.638 5.537 5.39 5.61 5.536 5.978 6.011 5.935 5.724 5.62 5.665 5.233 5.407 5.541 5.58 5.315 5.011 4.997 5.118 5.148 5.144 5.091 5.101 5.162 5.348 5.449 5.529 5.555 5.449 5.452 5.515 5.508 5.602 5.672 5.57 5.349 5.348 5.279
-9999 -9999 -9999 -9999 -9999 7.102 6.625 6.537 6.317 5.573 5.29 5.398 5.608 5.793 5.286 5.163 5.287 5.27 4.978 5.303 5.329 5.045 5.469 5.665 5.252 4.583 4.149 4.353 4.526 4.588 4.886 5.194 4.347 3.413 4.421 5.044 5.518 5.462 5.552 5.418 5.499 5.644 5.685 5.877 5.958 5.946 5.943 5.728 5.55 5.27 5.007 4.875 5.329 5.444 5.05 4.907 4.961 5.094 5.186 5.164 5.177 5.193 5.299 5.3 5.356 5.463 5.382 5.312 5.421 5.493 5.538 5.623 5.632 5.467 5.281 5.184 5.207
-9999 -9999 -9999 -9999 7.506 6.83 6.445 6.305 5.897 5.434 5.496 5.695 5.857 5.381 5.252 5.219 5.588 5.178 5.07 5.334 5.321 5.474 5.909 5.553 4.845 4.454 4.618 4.735 4.69 5.18 5.369 5.086 3.823 3.855 4.433 5.432 5.282 5.358 5.284 5.635 5.754 5.664 5.76 5.838 5.921 5.953 6.034 5.865 5.606 5.198 4.822 4.907 5.161 5.229 4.99 4.731 4.901 5.08 5.152 5.235 5.248 5.296 5.314 5.334 5.239 5.309 5.419 5.344 5.4 5.384 5.295 5.482 5.571 5.428 5.261 5.265 5.286
