Validation/Results/raw data/ReClimate_06_2024_1weatherlogisticsltd.asc
NCOLS 192
NROWS 249
XLLCENTER -225160.85627316462
YLLCENTER 29788.11610251502
CELLSIZE 5000.0
NODATA_VALUE -9999
[rows 66 to 98 of 249, columns 74 to 147 of 192]
-9999 -9999 -9999 -9999 -9999 -9999 -9999 -9999 -9999 -9999 -9999 97.584 -9999 97.519 97.487 97.456 97.481 97.791 98.652 99.466 100.194 100.847 101.432 101.957 102.428 102.852 103.232 103.575 103.883 104.16 104.386 104.5 -9999 -9999 -9999 -9999 -9999 -9999 -9999 -9999 -9999 -9999 -9999 -9999 -9999 -9999 -9999 -9999 -9999 -9999 -9999 -9999 -9999 -9999 -9999 -9999 -9999 -9999 -9999 -9999 -9999 -9999 -9999 -9999 -9999 -9999 -9999 -9999 -9999 -9999 -9999 -9999 -9999 -9999
-9999 -9999 -9999 -9999 -9999 -9999 -9999 -9999 -9999 -9999 -9999 -9999 97.549 97.515 97.483 97.578 98.159 99.129 99.995 100.768 101.461 102.082 102.641 103.144 103.597 104.007 104.378 104.716 105.025 105.308 -9999 -9999 -9999 -9999 -9999 -9999 -9999 -9999 -9999 -9999 -9999 -9999 -9999 -9999 -9999 -9999 -9999 -9999 -9999 -9999 -9999 -9999 -9999 -9999 -9999 -9999 -9999 -9999 -9999 -9999 -9999 -9999 -9999 -9999 -9999 -9999 -9999 -9999 -9999 -9999 -9999 -9999 -9999 -9999
-9999 -9999 -9999 -9999 -9999 -9999 -9999 -9999 -9999 -9999 -9999 -9999 97.546 97.602 97.655 98.479 99.519 100.443 101.267 102.004 102.665 103.26 103.794 104.277 104.714 105.111 105.474 105.809 106.119 106.388 -9999 -9999 -9999 -9999 -9999 -9999 -9999 -9999 -9999 -9999 -9999 -9999 -9999 -9999 -9999 -9999 -9999 -9999 -9999 -9999 -9999 -9999 -9999 -9999 -9999 -9999 -9999 -9999 -9999 -9999 -9999 -9999 -9999 -9999 -9999 -9999 -9999 -9999 -9999 -9999 -9999 -9999 -9999 -9999
-9999 -9999 -9999 -9999 -9999 -9999 -9999 -9999 -9999 -9999 -9999 -9999 -9999 -9999 98.7 99.822 100.815 101.698 102.486 103.191 103.823 104.392 104.904 105.368 105.79 106.175 106.53 106.861 -9999 -9999 -9999 -9999 -9999 -9999 -9999 -9999 -9999 -9999 -9999 -9999 -9999 -9999 -9999 -9999 -9999 -9999 -9999 -9999 -9999 -9999 -9999 -9999 -9999 -9999 -9999 -9999 -9999 -9999 -9999 -9999 -9999 -9999 -9999 -9999 -9999 -9999 -9999 -9999 -9999 -9999 -9999 -9999 -9999 -9999
-9999 -9999 -9999 -9999 -9999 -9999 -9999 -9999 97.642 -9999 -9999 97.575 97.942 98.816 100.038 101.113 102.065 102.911 103.665 104.34 104.946 105.491 105.983 106.428 106.834 107.207 107.554 107.88 -9999 -9999 -9999 -9999 -9999 -9999 -9999 -9999 -9999 -9999 -9999 -9999 -9999 -9999 -9999 -9999 -9999 -9999 -9999 -9999 -9999 -9999 -9999 -9999 -9999 -9999 -9999 -9999 -9999 -9999 -9999 -9999 -9999 -9999 -9999 -9999 -9999 -9999 -9999 -9999 -9999 -9999 -9999 -9999 -9999 -9999
-9999 -9999 -9999 -9999 -9999 -9999 97.384 97.428 97.634 97.614 97.594 97.761 98.816 100.162 101.338 102.371 103.284 104.095 104.819 105.466 106.047 106.569 107.04 107.467 107.856 108.216 108.552 108.87 -9999 -9999 -9999 -9999 -9999 -9999 -9999 -9999 -9999 -9999 -9999 -9999 -9999 -9999 -9999 -9999 -9999 -9999 -9999 -9999 -9999 -9999 -9999 -9999 -9999 -9999 -9999 -9999 -9999 -9999 -9999 -9999 -9999 -9999 -9999 -9999 -9999 -9999 -9999 -9999 -9999 -9999 -9999 -9999 -9999 -9999
-9999 -9999 -9999 -9999 -9999 -9999 97.009 97.378 -9999 97.498 97.621 98.565 100.116 101.456 102.614 103.608 104.485 105.264 105.959 106.58 107.136 107.636 108.086 108.494 108.866 109.209 109.532 -9999 110.151 -9999 -9999 -9999 -9999 -9999 -9999 -9999 -9999 -9999 -9999 -9999 -9999 -9999 -9999 -9999 -9999 -9999 -9999 -9999 -9999 -9999 -9999 -9999 -9999 -9999 -9999 -9999 -9999 -9999 -9999 -9999 -9999 -9999 -9999 -9999 -9999 -9999 -9999 -9999 -9999 -9999 -9999 -9999 -9999 -9999
-9999 -9999 -9999 -9999 -9999 -9999 -9999 97.101 97.173 97.201 97.842 99.528 101.05 102.391 103.537 104.566 105.497 106.345 107.093 107.692 108.225 108.703 109.133 109.521 109.874 110.198 110.504 110.801 111.091 -9999 -9999 -9999 -9999 -9999 -9999 -9999 -9999 -9999 -9999 -9999 -9999 -9999 -9999 -9999 -9999 -9999 -9999 -9999 -9999 -9999 -9999 -9999 -9999 -9999 -9999 -9999 -9999 -9999 -9999 -9999 -9999 -9999 -9999 -9999 -9999 -9999 -9999 -9999 -9999 -9999 -9999 -9999 -9999 -9999
96.405 -9999 -9999 -9999 -9999 -9999 -9999 -9999 96.765 97.102 98.662 100.29 101.788 103.127 104.283 105.314 106.257 107.126 107.89 108.594 109.239 109.782 110.191 110.559 110.892 111.195 111.477 111.753 112.047 -9999 -9999 -9999 -9999 -9999 -9999 -9999 -9999 -9999 -9999 -9999 -9999 -9999 -9999 -9999 -9999 -9999 -9999 -9999 -9999 -9999 -9999 -9999 -9999 -9999 -9999 -9999 -9999 -9999 -9999 -9999 -9999 -9999 -9999 -9999 -9999 -9999 -9999 -9999 -9999 -9999 -9999 -9999 -9999 -9999
95.865 -9999 -9999 -9999 -9999 -9999 96.06 96.207 96.466 97.667 99.384 100.965 102.435 103.771 104.96 105.971 106.898 107.755 108.553 109.299 109.989 110.592 111.153 111.624 111.935 112.215 -9999 112.734 -9999 -9999 -9999 -9999 -9999 -9999 114.827 115.2 115.583 -9999 -9999 -9999 -9999 -9999 -9999 -9999 -9999 -9999 -9999 -9999 -9999 -9999 -9999 -9999 -9999 -9999 -9999 -9999 -9999 -9999 -9999 -9999 -9999 -9999 -9999 -9999 -9999 -9999 -9999 -9999 -9999 -9999 -9999 -9999 -9999 -9999
95.236 95.285 -9999 -9999 -9999 -9999 -9999 95.735 96.384 98.25 100.003 101.564 103.0 104.344 105.546 106.603 107.521 108.372 109.167 109.912 110.615 111.279 111.904 112.433 112.915 113.282 113.51 -9999 -9999 -9999 -9999 114.644 114.933 115.4 115.898 116.329 116.72 117.027 117.32 117.565 117.763 117.934 118.04 118.098 118.106 118.058 117.948 117.919 117.66 117.295 116.795 116.544 117.57 -9999 -9999 -9999 -9999 -9999 -9999 -9999 -9999 -9999 -9999 -9999 -9999 -9999 -9999 -9999 -9999 -9999 -9999 -9999 -9999 -9999
94.653 94.715 -9999 -9999 -9999 95.02 -9999 95.222 96.812 98.684 100.426 102.051 103.507 104.835 106.069 107.177 108.131 108.981 109.778 110.529 111.238 111.911 112.551 113.16 113.718 114.191 -9999 -9999 -9999 -9999 115.917 115.914 116.504 117.083 117.605 118.072 118.487 118.852 119.17 119.442 119.67 119.857 120.003 120.108 120.17 120.188 120.157 120.071 119.92 119.69 119.361 119.1 118.933 -9999 -9999 -9999 -9999 -9999 -9999 -9999 -9999 -9999 -9999 -9999 -9999 -9999 -9999 -9999 -9999 -9999 -9999 -9999 -9999 -9999
94.107 94.184 -9999 -9999 -9999 94.532 94.618 95.309 97.174 98.987 100.725 102.365 103.897 105.273 106.519 107.669 108.708 109.587 110.392 111.153 111.876 112.565 113.223 113.852 114.455 -9999 -9999 116.185 116.553 116.898 117.187 117.803 118.436 119.025 119.562 120.049 120.485 120.874 121.219 121.522 121.786 122.013 122.207 122.367 122.496 122.593 122.656 122.683 122.671 122.611 122.494 122.383 122.118 121.881 -9999 -9999 -9999 -9999 -9999 -9999 -9999 -9999 -9999 -9999 -9999 -9999 -9999 -9999 -9999 -9999 -9999 -9999 -9999 -9999
93.594 93.684 -9999 93.867 -9999 94.049 94.287 95.599 97.457 99.222 100.919 102.565 104.135 105.599 106.908 108.094 109.185 110.178 111.012 111.79 112.533 113.245 113.93 114.591 115.275 -9999 117.082 117.642 118.224 118.767 119.263 119.838 120.432 121.005 121.54 122.032 122.479 122.883 123.247 123.573 123.866 124.128 124.363 124.573 124.761 124.928 125.077 125.208 125.321 125.415 125.49 125.614 125.659 125.677 -9999 -9999 -9999 -9999 -9999 -9999 -9999 -9999 -9999 -9999 -9999 -9999 -9999 -9999 -9999 -9999 -9999 -9999 -9999 -9999
93.108 -9999 93.307 -9999 -9999 -9999 94.176 95.858 97.67 99.398 101.062 102.68 104.267 105.788 107.204 108.451 109.599 110.653 111.623 112.442 113.212 113.955 114.676 115.484 116.612 117.648 118.539 119.277 120.023 120.72 121.401 121.928 122.48 123.025 123.545 124.031 124.479 124.89 125.265 125.608 125.922 126.213 126.483 126.737 126.978 127.211 127.438 127.664 127.893 128.13 128.382 128.656 129.051 129.444 -9999 -9999 -9999 -9999 -9999 -9999 -9999 -9999 -9999 -9999 -9999 -9999 -9999 -9999 -9999 -9999 -9999 -9999 -9999 -9999
92.644 92.755 -9999 -9999 -9999 -9999 94.163 96.044 97.821 -9999 101.157 102.755 104.325 105.881 107.368 108.75 109.938 111.064 112.106 113.077 113.913 114.717 115.674 117.043 118.277 119.196 120.047 120.868 121.688 122.534 123.317 124.045 124.561 125.077 125.577 126.05 126.491 126.901 127.28 127.633 127.964 128.277 128.577 128.87 129.161 129.453 129.754 130.07 130.409 130.78 131.197 131.68 132.338 132.713 -9999 -9999 -9999 -9999 -9999 -9999 -9999 -9999 -9999 -9999 -9999 -9999 -9999 -9999 -9999 -9999 -9999 -9999 -9999 -9999
92.204 92.319 -9999 -9999 -9999 92.883 -9999 -9999 97.914 99.588 101.208 102.791 104.351 105.899 107.446 108.905 110.254 111.399 112.522 113.577 114.625 115.825 117.331 118.693 119.736 120.673 121.564 122.432 123.301 124.194 125.117 125.942 126.664 127.154 127.631 128.087 128.516 128.919 129.297 129.654 129.996 130.328 130.655 130.983 131.319 131.668 132.04 132.441 132.885 133.385 133.963 134.707 135.418 -9999 -9999 -9999 -9999 -9999 -9999 -9999 -9999 -9999 -9999 -9999 -9999 -9999 -9999 -9999 -9999 -9999 -9999 -9999 -9999 -9999
91.793 91.897 92.016 92.129 -9999 -9999 -9999 96.201 97.953 -9999 101.217 102.791 104.345 105.891 107.439 108.989 110.42 111.716 112.866 114.068 115.558 117.359 118.956 120.122 121.148 122.117 123.05 123.964 124.879 125.811 126.77 127.739 128.575 129.248 129.704 130.141 130.555 130.946 131.318 131.675 132.024 132.371 132.721 133.083 133.462 133.866 134.306 134.792 135.339 135.966 136.701 137.642 -9999 -9999 -9999 -9999 -9999 -9999 -9999 -9999 -9999 -9999 -9999 -9999 -9999 -9999 -9999 -9999 -9999 -9999 -9999 -9999 -9999 -9999
91.401 91.487 91.611 91.728 -9999 92.607 94.421 96.232 97.941 99.585 101.184 102.753 104.307 105.855 107.41 108.98 110.529 111.959 113.255 114.848 116.83 118.659 120.122 121.406 122.523 123.528 124.502 125.461 126.42 127.392 128.383 129.398 130.385 131.209 131.792 132.209 132.605 132.981 133.343 133.697 134.05 134.41 134.783 135.177 135.599 136.058 136.566 137.136 137.787 138.542 139.435 140.475 -9999 -9999 -9999 -9999 -9999 -9999 -9999 -9999 -9999 -9999 -9999 -9999 -9999 -9999 -9999 -9999 -9999 -9999 -9999 -9999 -9999 -9999
91.024 91.087 91.214 91.334 91.486 92.516 94.404 -9999 97.879 99.515 101.11 102.679 104.236 105.791 107.357 108.942 110.557 112.135 113.923 116.015 117.948 119.567 121.05 122.413 123.678 124.864 125.918 126.922 127.925 128.938 129.967 131.012 132.073 133.051 133.84 134.289 134.665 135.023 135.372 135.721 136.078 136.45 136.845 137.272 137.738 138.253 138.831 139.488 140.245 141.131 142.186 -9999 -9999 -9999 -9999 -9999 -9999 -9999 -9999 -9999 -9999 -9999 -9999 -9999 -9999 -9999 -9999 -9999 -9999 -9999 -9999 -9999 -9999 -9999
90.697 -9999 -9999 -9999 91.211 92.432 -9999 96.064 97.768 99.401 100.996 102.568 104.131 105.697 107.277 108.881 110.514 112.401 114.83 116.9 118.589 120.172 121.676 123.121 124.523 125.845 127.101 128.287 129.394 130.451 131.519 132.602 133.694 134.793 135.701 136.377 136.731 137.069 137.404 137.747 138.107 138.494 138.914 139.375 139.888 140.462 141.114 141.861 142.729 143.752 144.67 -9999 -9999 -9999 -9999 -9999 -9999 -9999 -9999 -9999 -9999 -9999 -9999 -9999 -9999 -9999 -9999 -9999 -9999 -9999 -9999 -9999 -9999 -9999
-9999 -9999 -9999 90.562 90.957 -9999 94.111 95.895 -9999 99.241 100.839 102.418 103.974 105.489 107.01 108.556 110.29 112.763 115.122 117.11 118.779 120.364 121.885 123.359 124.802 126.218 127.605 128.965 130.309 131.673 133.001 134.165 135.298 136.429 137.508 138.321 138.801 139.116 139.436 139.775 140.142 140.546 140.995 141.495 142.059 142.697 143.427 144.206 144.92 145.708 146.216 -9999 -9999 -9999 -9999 -9999 -9999 -9999 -9999 -9999 -9999 -9999 -9999 -9999 -9999 -9999 -9999 -9999 -9999 -9999 -9999 -9999 -9999 -9999
-9999 -9999 -9999 90.184 -9999 -9999 93.945 95.716 97.401 99.025 100.58 102.091 103.568 105.041 106.53 108.134 110.313 112.749 115.048 117.078 118.808 120.395 121.925 123.413 124.874 126.319 127.762 129.212 130.681 132.175 133.613 135.059 136.515 137.893 139.124 140.157 140.868 141.158 141.466 141.805 142.185 142.613 143.073 143.525 144.013 144.546 145.135 145.702 146.313 146.994 147.775 -9999 -9999 -9999 -9999 -9999 -9999 -9999 -9999 -9999 -9999 -9999 -9999 -9999 -9999 -9999 -9999 -9999 -9999 -9999 -9999 -9999 -9999 -9999
-9999 -9999 -9999 -9999 -9999 -9999 -9999 95.445 97.088 98.644 100.143 101.613 103.072 104.532 105.999 107.797 110.255 112.61 114.886 116.963 118.789 120.381 121.92 123.423 124.9 126.364 127.827 129.297 130.784 132.296 133.841 135.422 137.017 138.565 140.078 141.409 142.209 142.68 142.988 143.32 143.682 144.074 144.469 144.888 145.336 145.818 146.341 146.913 147.547 148.256 -9999 -9999 -9999 -9999 -9999 -9999 -9999 -9999 -9999 -9999 -9999 -9999 -9999 -9999 -9999 -9999 -9999 -9999 -9999 -9999 -9999 -9999 -9999 -9999
-9999 -9999 -9999 -9999 -9999 91.511 93.357 -9999 96.65 98.176 99.657 101.11 102.539 103.948 105.483 107.739 110.132 112.437 114.674 116.814 118.723 120.322 121.872 123.388 124.881 126.362 127.841 129.328 130.831 132.357 133.915 135.511 137.147 138.821 140.458 141.875 143.056 143.877 144.174 144.496 144.842 145.213 145.609 146.034 146.49 146.984 147.521 148.112 148.769 149.501 -9999 -9999 -9999 -9999 -9999 -9999 -9999 -9999 -9999 -9999 -9999 -9999 -9999 -9999 -9999 -9999 -9999 -9999 -9999 -9999 -9999 -9999 -9999 -9999
-9999 -9999 -9999 -9999 89.655 91.135 92.929 94.598 96.173 97.682 99.138 100.554 101.937 103.334 105.185 107.626 109.967 112.231 114.437 116.602 118.533 120.22 121.781 123.31 124.818 126.313 127.807 129.306 130.82 132.355 133.918 135.515 137.149 138.818 140.428 141.926 143.368 144.489 145.206 145.597 145.95 146.328 146.732 147.166 147.633 148.14 148.694 149.305 149.987 -9999 -9999 -9999 -9999 -9999 -9999 -9999 -9999 -9999 -9999 -9999 -9999 -9999 -9999 -9999 -9999 -9999 -9999 -9999 -9999 -9999 -9999 -9999 -9999 -9999
-9999 -9999 -9999 -9999 89.28 -9999 92.509 94.156 95.704 97.176 98.593 99.971 101.326 102.848 105.079 107.465 109.763 111.995 114.176 116.322 118.315 120.077 121.649 123.191 124.711 126.22 127.725 129.235 130.755 132.293 133.852 135.436 137.044 138.66 140.231 141.756 143.324 144.737 145.768 146.482 147.037 147.427 147.843 148.289 148.77 149.292 149.865 150.498 151.208 -9999 -9999 -9999 -9999 -9999 -9999 -9999 -9999 -9999 -9999 -9999 -9999 -9999 -9999 -9999 -9999 -9999 -9999 -9999 -9999 -9999 -9999 -9999 -9999 -9999
-9999 -9999 -9999 -9999 -9999 -9999 92.13 93.727 95.228 96.659 98.039 99.387 100.721 102.477 104.918 107.259 109.524 111.729 113.891 116.023 118.069 119.895 121.479 123.032 124.565 126.085 127.601 129.118 130.643 132.18 133.732 135.299 136.878 138.455 140.018 141.579 143.188 144.783 146.122 147.003 147.824 148.521 148.952 149.413 149.909 150.449 151.041 151.699 152.438 -9999 -9999 -9999 -9999 -9999 -9999 -9999 -9999 -9999 -9999 -9999 -9999 -9999 -9999 -9999 -9999 -9999 -9999 -9999 -9999 -9999 -9999 -9999 -9999 -9999
-9999 -9999 -9999 -9999 88.969 90.066 91.734 93.281 94.739 96.131 97.478 98.798 100.208 -9999 104.707 107.014 109.252 111.437 113.584 115.706 117.792 119.665 121.271 122.837 124.381 125.913 127.438 128.962 130.491 132.028 133.574 135.131 136.694 138.26 139.83 141.421 143.066 144.79 146.231 147.317 148.332 149.254 150.066 150.543 151.057 151.615 152.23 152.914 153.246 -9999 -9999 -9999 -9999 -9999 -9999 -9999 -9999 -9999 -9999 -9999 -9999 -9999 -9999 -9999 -9999 -9999 -9999 -9999 -9999 -9999 -9999 -9999 -9999 -9999
88.99 88.965 88.744 88.677 -9999 89.745 91.312 92.815 94.233 95.591 96.909 98.204 -9999 102.093 104.452 106.731 108.949 111.12 113.256 115.37 117.473 119.372 121.03 122.608 124.164 125.706 127.241 128.774 130.308 131.848 133.395 134.949 136.511 138.083 139.671 141.292 142.972 144.747 146.32 147.559 148.631 149.77 150.789 151.688 152.219 152.798 153.436 154.158 -9999 -9999 -9999 -9999 -9999 -9999 -9999 -9999 -9999 -9999 -9999 -9999 -9999 -9999 -9999 -9999 -9999 -9999 -9999 -9999 -9999 -9999 -9999 -9999 -9999 -9999
88.876 88.793 88.74 88.693 88.724 -9999 90.889 92.328 93.711 95.037 96.328 97.615 99.403 101.825 104.156 106.415 108.619 110.779 112.909 115.019 117.119 119.056 120.758 122.348 123.916 125.47 127.016 128.558 130.101 131.649 133.202 134.764 136.337 137.926 139.54 141.193 142.91 144.719 146.432 147.811 148.902 150.078 151.335 152.447 153.404 154.004 -9999 -9999 -9999 -9999 -9999 -9999 -9999 -9999 -9999 -9999 -9999 -9999 -9999 -9999 -9999 -9999 -9999 -9999 -9999 -9999 -9999 -9999 -9999 -9999 -9999 -9999 -9999 -9999
-9999 -9999 -9999 88.706 -9999 89.246 90.474 91.832 93.17 94.468 -9999 -9999 99.117 101.512 103.824 106.07 108.264 110.419 112.545 114.653 116.753 118.72 120.458 122.06 123.641 125.207 126.766 128.32 129.876 131.436 133.003 134.581 136.174 137.789 139.435 141.126 142.883 144.731 146.572 148.077 149.191 150.383 151.676 153.046 154.255 -9999 -9999 -9999 -9999 -9999 -9999 -9999 -9999 -9999 -9999 -9999 -9999 -9999 -9999 -9999 -9999 -9999 -9999 -9999 -9999 -9999 -9999 -9999 -9999 -9999 -9999 -9999 -9999 -9999
88.87 88.817 -9999 88.718 88.671 89.076 90.058 91.353 92.618 -9999 -9999 96.692 98.781 101.159 103.46 105.699 107.888 110.04 112.165 114.273 116.375 118.366 120.13 121.745 123.34 124.921 126.493 128.063 129.635 131.213 132.8 134.401 136.022 137.669 139.354 141.086 142.884 144.781 146.743 148.361 149.502 150.712 152.018 153.451 154.938 156.081 -9999 -9999 -9999 -9999 -9999 -9999 -9999 -9999 -9999 -9999 -9999 -9999 -9999 -9999 -9999 -9999 -9999 -9999 -9999 -9999 -9999 -9999 -9999 -9999 -9999 -9999 -9999 -9999
