Validation/Results/raw data/ReClimate_08_2024_1_Precipitation-Actualsweatherlogisticsltd.asc
NCOLS 192
NROWS 249
XLLCENTER -225160.85627316462
YLLCENTER 29788.11610251502
CELLSIZE 5000.0
NODATA_VALUE -9999
[rows 132 to 164 of 249, columns 74 to 147 of 192]
-9999 -9999 -9999 -9999 -9999 -9999 -9999 -9999 -9999 -9999 -9999 -9999 -9999 112.201 117.983 131.488 137.526 145.904 149.341 171.313 182.993 192.43 181.775 140.077 129.225 130.004 138.305 125.848 117.062 116.055 112.324 110.259 108.865 108.452 114.801 126.093 132.832 130.869 124.261 130.786 130.442 123.23 135.083 133.078 122.846 115.507 109.925 108.41 100.943 94.966 97.518 94.746 90.945 87.189 87.769 83.856 79.905 76.007 -9999 -9999 -9999 -9999 -9999 -9999 -9999 -9999 -9999 -9999 -9999 -9999 -9999 -9999 -9999 -9999
90.011 -9999 -9999 -9999 -9999 -9999 -9999 -9999 -9999 -9999 -9999 -9999 -9999 116.448 146.546 134.457 131.857 130.916 133.892 160.407 210.987 217.96 168.949 149.161 131.384 133.49 130.254 127.586 133.705 112.542 105.722 107.065 103.461 107.936 109.52 117.941 115.732 120.325 117.24 118.683 114.158 120.855 129.246 132.167 129.19 120.099 114.058 101.197 94.155 92.82 89.936 91.179 93.633 87.455 83.932 85.812 79.963 77.309 -9999 -9999 -9999 -9999 -9999 -9999 -9999 -9999 -9999 -9999 -9999 -9999 -9999 -9999 -9999 -9999
103.979 -9999 -9999 -9999 -9999 -9999 -9999 -9999 -9999 -9999 -9999 -9999 119.247 142.594 139.552 135.412 135.274 130.748 125.385 154.762 190.301 177.598 175.806 153.78 137.272 124.407 122.815 131.382 120.193 112.708 102.787 94.12 103.747 100.878 103.074 102.706 106.868 109.771 107.769 106.927 111.657 112.639 125.085 138.705 126.864 123.153 112.143 106.627 95.069 92.239 86.861 83.297 86.889 86.999 88.082 86.258 83.839 79.977 73.75 -9999 -9999 -9999 -9999 -9999 -9999 -9999 -9999 -9999 -9999 -9999 -9999 -9999 -9999 -9999
90.159 -9999 -9999 -9999 -9999 -9999 -9999 -9999 -9999 -9999 -9999 112.523 -9999 126.233 135.521 134.517 133.467 123.261 110.945 127.942 140.09 165.602 184.869 157.857 129.374 115.6 113.142 113.523 115.632 112.103 105.487 101.127 102.624 95.206 93.898 96.293 99.551 97.709 96.907 95.178 99.835 106.336 113.539 109.147 113.468 110.09 105.838 99.34 89.053 79.524 85.662 91.529 84.681 84.518 83.216 86.362 83.843 81.267 76.663 -9999 -9999 -9999 -9999 -9999 -9999 -9999 -9999 -9999 -9999 -9999 -9999 -9999 -9999 -9999
106.669 95.866 -9999 -9999 -9999 -9999 -9999 -9999 -9999 -9999 -9999 108.624 -9999 115.317 121.596 121.913 120.9 114.09 108.077 109.073 120.13 153.254 162.329 145.994 126.303 112.677 105.964 106.57 113.998 122.518 125.272 -9999 -9999 -9999 -9999 -9999 -9999 90.346 87.618 90.343 95.625 96.751 95.356 104.652 112.462 101.698 97.567 97.336 84.359 86.223 90.017 81.993 82.55 80.455 84.986 78.696 76.287 77.972 77.365 73.095 -9999 -9999 -9999 -9999 -9999 -9999 -9999 -9999 -9999 -9999 -9999 -9999 -9999 -9999
117.901 103.473 85.073 -9999 -9999 -9999 -9999 -9999 -9999 -9999 -9999 106.203 105.764 102.772 104.47 112.709 115.103 112.188 106.616 104.835 117.446 138.066 153.688 142.553 129.732 114.53 108.848 114.73 109.513 115.76 114.288 -9999 -9999 -9999 -9999 93.075 90.954 88.136 87.063 87.168 90.754 93.996 103.953 121.793 126.203 109.731 108.5 91.398 83.92 91.001 82.978 81.672 84.724 82.342 81.374 93.283 89.468 80.182 79.62 71.557 -9999 -9999 -9999 -9999 -9999 -9999 -9999 -9999 -9999 -9999 -9999 -9999 -9999 -9999
114.674 98.654 91.98 85.911 -9999 -9999 -9999 -9999 -9999 -9999 -9999 103.725 97.823 95.341 -9999 -9999 111.372 110.185 104.183 105.283 -9999 115.602 126.902 128.048 125.245 111.703 114.571 111.334 104.047 -9999 -9999 -9999 -9999 -9999 93.285 92.8 89.352 85.603 87.969 86.514 87.744 97.741 114.327 141.369 147.548 129.713 123.498 106.639 98.737 92.495 92.365 95.027 82.631 87.038 83.177 85.184 88.673 84.172 79.416 74.613 -9999 -9999 -9999 -9999 -9999 -9999 -9999 -9999 -9999 -9999 -9999 -9999 -9999 -9999
101.569 104.593 100.174 89.273 -9999 -9999 -9999 -9999 -9999 -9999 -9999 -9999 95.964 88.506 -9999 -9999 -9999 99.667 96.964 98.509 96.507 -9999 -9999 108.305 105.638 108.035 113.692 115.416 -9999 -9999 -9999 -9999 -9999 98.954 95.587 96.175 91.331 91.069 90.312 85.257 89.354 96.605 108.563 137.741 141.529 148.335 132.619 130.189 125.704 116.323 105.906 105.529 98.036 86.154 79.184 82.579 83.596 82.8 82.821 79.86 -9999 -9999 -9999 -9999 -9999 -9999 -9999 -9999 -9999 -9999 -9999 -9999 -9999 -9999
96.566 98.557 90.521 -9999 -9999 -9999 -9999 -9999 -9999 -9999 -9999 -9999 -9999 86.43 -9999 -9999 -9999 -9999 90.094 95.492 96.981 -9999 -9999 -9999 102.174 105.276 -9999 -9999 -9999 -9999 -9999 -9999 -9999 98.686 103.228 103.484 103.514 104.486 95.23 90.085 86.892 89.294 109.415 115.641 133.422 139.607 143.345 153.414 144.33 130.254 110.822 110.838 108.202 95.475 86.355 77.069 80.108 79.767 84.984 80.888 -9999 -9999 -9999 -9999 -9999 -9999 -9999 -9999 -9999 -9999 -9999 -9999 -9999 -9999
95.507 86.476 -9999 -9999 -9999 -9999 -9999 -9999 -9999 -9999 -9999 -9999 -9999 92.844 -9999 -9999 -9999 -9999 -9999 95.442 96.298 -9999 -9999 -9999 -9999 -9999 -9999 -9999 -9999 -9999 -9999 -9999 -9999 107.166 117.224 121.666 127.054 125.662 115.303 103.572 94.43 95.548 99.986 120.332 149.224 171.278 173.758 160.536 146.77 118.529 110.637 101.589 94.848 93.845 94.839 87.208 78.314 76.778 84.076 86.84 75.43 -9999 -9999 -9999 -9999 -9999 -9999 -9999 -9999 -9999 -9999 -9999 -9999 -9999
91.26 -9999 82.824 82.679 79.862 74.526 -9999 -9999 -9999 -9999 -9999 -9999 -9999 92.213 -9999 -9999 -9999 -9999 -9999 -9999 -9999 -9999 -9999 -9999 -9999 -9999 -9999 -9999 -9999 -9999 -9999 -9999 108.568 117.979 123.557 127.862 131.083 147.716 142.209 127.415 106.771 96.0 100.76 96.904 133.032 172.292 182.496 169.504 142.953 152.574 144.655 114.467 102.065 85.066 86.574 89.984 86.525 84.313 82.473 87.358 81.315 72.009 -9999 -9999 -9999 -9999 -9999 -9999 -9999 -9999 -9999 -9999 -9999 -9999
84.16 83.483 85.307 81.696 76.148 75.656 -9999 -9999 -9999 -9999 -9999 -9999 -9999 -9999 -9999 -9999 -9999 -9999 -9999 -9999 -9999 -9999 -9999 -9999 -9999 -9999 -9999 -9999 -9999 -9999 -9999 112.056 112.846 120.866 136.805 145.506 162.037 200.334 183.848 139.014 117.738 103.8 87.127 92.889 120.065 162.814 197.418 172.237 156.335 143.65 127.832 119.926 106.945 96.78 85.952 84.768 82.711 81.939 82.804 84.804 79.614 71.432 -9999 -9999 -9999 -9999 -9999 -9999 -9999 -9999 -9999 -9999 -9999 -9999
84.11 84.788 82.58 77.704 -9999 73.672 73.934 -9999 -9999 -9999 -9999 -9999 -9999 -9999 -9999 -9999 -9999 -9999 -9999 -9999 -9999 -9999 -9999 -9999 -9999 -9999 -9999 -9999 -9999 -9999 -9999 122.803 122.276 145.315 178.853 185.383 189.47 189.847 183.059 166.547 135.591 114.699 102.664 98.566 109.242 139.737 161.652 180.705 155.882 136.825 120.506 106.895 92.255 88.773 81.484 85.123 80.682 80.015 78.059 79.87 76.37 71.046 68.916 69.486 -9999 -9999 -9999 -9999 -9999 -9999 -9999 -9999 -9999 -9999
85.984 85.44 79.765 75.219 -9999 -9999 73.809 -9999 -9999 -9999 -9999 -9999 -9999 -9999 -9999 -9999 -9999 -9999 -9999 -9999 -9999 -9999 -9999 -9999 -9999 -9999 -9999 -9999 -9999 -9999 -9999 134.489 141.236 167.66 188.253 206.631 217.989 225.267 217.124 188.401 163.209 149.544 125.934 115.125 109.294 98.218 127.076 140.699 131.506 128.08 113.42 94.744 85.195 83.218 81.287 75.205 80.252 74.752 75.491 76.243 77.688 76.535 88.898 92.046 85.376 80.938 92.828 -9999 -9999 -9999 -9999 -9999 -9999 -9999
81.779 80.359 77.258 74.044 71.004 -9999 74.007 -9999 -9999 -9999 -9999 -9999 -9999 -9999 -9999 -9999 -9999 -9999 -9999 -9999 -9999 -9999 -9999 -9999 -9999 -9999 -9999 -9999 -9999 -9999 108.518 138.741 160.71 199.169 256.462 296.67 302.476 251.634 241.419 233.744 227.654 194.992 175.329 146.575 116.017 100.562 116.835 113.408 117.088 126.464 112.703 94.641 86.453 82.485 79.253 77.958 75.6 74.276 73.747 76.134 79.492 85.041 90.921 111.78 111.197 109.19 103.875 96.59 95.66 -9999 -9999 -9999 -9999 -9999
86.599 80.918 77.411 77.118 -9999 74.149 -9999 -9999 -9999 -9999 -9999 -9999 -9999 -9999 -9999 -9999 -9999 -9999 -9999 -9999 -9999 -9999 -9999 -9999 -9999 -9999 -9999 -9999 -9999 -9999 -9999 114.185 147.6 196.702 253.198 298.053 312.057 307.213 255.563 248.508 230.978 237.732 210.107 166.412 136.75 128.046 121.181 119.08 156.453 137.289 125.938 121.058 109.036 90.029 81.885 78.106 75.986 75.766 76.665 79.319 80.173 79.902 90.765 105.791 104.651 103.176 107.683 106.168 102.563 95.223 -9999 -9999 -9999 -9999
96.693 88.844 78.466 77.17 73.819 78.114 -9999 -9999 -9999 -9999 -9999 -9999 -9999 -9999 -9999 -9999 -9999 -9999 -9999 -9999 -9999 -9999 -9999 -9999 -9999 -9999 -9999 -9999 -9999 -9999 -9999 -9999 123.404 166.924 206.455 252.408 284.245 295.956 228.108 201.275 213.703 221.923 195.826 179.327 171.749 159.859 143.899 163.749 163.829 154.29 157.13 137.859 115.092 107.558 91.732 82.662 75.596 75.21 79.344 83.782 82.89 102.93 107.857 128.876 139.194 123.975 125.558 107.871 105.874 100.364 94.351 -9999 -9999 -9999
97.715 88.958 81.614 73.952 75.381 -9999 -9999 -9999 -9999 -9999 -9999 -9999 -9999 -9999 -9999 -9999 -9999 -9999 -9999 -9999 -9999 -9999 -9999 -9999 -9999 -9999 -9999 -9999 -9999 -9999 -9999 -9999 113.584 149.133 189.822 216.712 266.754 253.864 201.88 185.839 181.272 176.144 172.398 164.718 174.452 198.401 178.933 184.685 185.88 160.323 126.628 131.47 111.032 106.178 100.15 83.439 75.902 77.695 80.717 89.543 98.458 108.55 124.728 123.92 128.272 125.17 130.839 127.843 112.59 108.05 100.702 92.241 -9999 -9999
98.403 92.297 82.339 74.848 69.967 -9999 -9999 -9999 -9999 -9999 -9999 -9999 -9999 -9999 -9999 -9999 -9999 -9999 -9999 -9999 -9999 -9999 -9999 -9999 -9999 -9999 -9999 -9999 -9999 -9999 -9999 -9999 -9999 139.044 182.275 216.731 222.9 199.166 189.211 169.779 162.15 159.542 151.825 157.326 179.622 184.918 203.068 193.898 182.284 148.989 147.115 133.751 124.01 101.429 95.404 82.678 80.332 83.241 78.8 89.735 104.426 108.137 117.197 124.665 127.021 119.869 117.073 121.556 122.052 111.886 108.564 98.599 -9999 -9999
108.684 -9999 -9999 -9999 -9999 -9999 -9999 -9999 -9999 -9999 -9999 -9999 -9999 -9999 -9999 -9999 -9999 -9999 -9999 -9999 -9999 -9999 -9999 -9999 -9999 -9999 -9999 -9999 -9999 -9999 -9999 -9999 -9999 132.262 168.502 177.521 164.778 167.508 157.737 161.667 159.808 146.698 151.759 162.29 180.152 215.382 197.485 201.463 191.629 167.876 136.598 123.984 113.763 106.39 93.353 85.786 77.697 76.878 81.866 82.062 95.996 107.152 108.334 109.08 112.171 108.777 111.058 112.565 121.606 116.773 100.499 98.811 87.322 -9999
122.669 -9999 -9999 -9999 -9999 -9999 -9999 -9999 -9999 -9999 -9999 -9999 -9999 -9999 -9999 -9999 -9999 -9999 -9999 -9999 -9999 -9999 -9999 -9999 -9999 -9999 -9999 -9999 -9999 -9999 -9999 -9999 -9999 -9999 150.349 146.014 142.779 137.709 148.088 147.604 139.12 141.474 143.825 158.385 175.034 196.407 212.051 217.168 216.356 180.717 165.392 149.469 127.992 122.625 108.112 89.636 77.491 71.556 71.762 76.605 79.465 96.986 106.435 98.654 91.421 90.111 84.738 89.053 92.369 95.218 89.806 86.55 84.45 -9999
99.807 -9999 -9999 -9999 -9999 -9999 -9999 -9999 -9999 -9999 -9999 -9999 -9999 -9999 -9999 -9999 -9999 -9999 -9999 -9999 -9999 -9999 -9999 -9999 -9999 -9999 -9999 -9999 -9999 -9999 -9999 -9999 -9999 -9999 132.159 -9999 127.221 133.264 131.791 131.317 -9999 128.519 143.7 152.139 167.028 202.022 214.334 220.556 201.555 185.014 175.197 180.745 154.366 132.912 120.868 104.148 82.72 72.659 69.726 69.613 76.759 82.379 92.736 93.033 87.844 81.568 77.383 75.27 80.875 84.386 83.394 110.724 104.307 84.376
-9999 -9999 -9999 -9999 -9999 -9999 -9999 -9999 -9999 -9999 -9999 -9999 -9999 -9999 -9999 -9999 -9999 -9999 -9999 -9999 -9999 -9999 -9999 -9999 -9999 -9999 -9999 -9999 -9999 -9999 -9999 -9999 -9999 -9999 -9999 125.602 127.503 -9999 -9999 -9999 -9999 125.839 135.931 137.674 152.947 166.908 180.083 174.597 187.9 190.805 169.274 167.089 175.807 145.367 127.309 109.139 91.826 81.082 76.45 72.187 73.427 80.783 86.414 92.657 89.641 85.805 80.077 74.244 79.073 90.022 90.362 88.21 97.972 85.319
-9999 -9999 -9999 -9999 -9999 -9999 -9999 -9999 -9999 -9999 -9999 -9999 -9999 -9999 -9999 -9999 -9999 -9999 -9999 -9999 -9999 -9999 -9999 -9999 -9999 -9999 -9999 -9999 -9999 -9999 -9999 -9999 -9999 -9999 -9999 113.894 116.765 -9999 -9999 -9999 -9999 127.018 136.464 131.471 136.102 146.851 148.663 146.502 158.344 176.557 165.118 152.819 168.495 152.805 133.737 114.771 97.126 80.577 76.552 73.195 70.446 71.317 77.304 84.485 87.523 84.55 83.054 80.448 80.604 90.325 96.761 92.107 91.597 81.981
-9999 -9999 -9999 -9999 -9999 -9999 -9999 -9999 -9999 -9999 -9999 -9999 -9999 -9999 -9999 -9999 -9999 -9999 -9999 -9999 -9999 -9999 -9999 -9999 -9999 -9999 -9999 -9999 -9999 -9999 -9999 -9999 -9999 -9999 -9999 109.935 -9999 -9999 -9999 -9999 123.549 134.62 143.442 159.238 166.078 166.785 156.418 136.36 158.791 168.277 141.758 141.965 141.068 140.571 127.341 111.824 94.75 84.523 76.719 74.888 71.873 69.268 71.45 77.843 82.168 84.384 89.567 97.622 94.289 92.218 92.168 89.281 83.215 80.626
-9999 -9999 -9999 -9999 -9999 -9999 -9999 -9999 -9999 -9999 -9999 -9999 -9999 -9999 -9999 -9999 -9999 -9999 -9999 -9999 -9999 -9999 -9999 -9999 -9999 -9999 -9999 -9999 -9999 -9999 -9999 -9999 -9999 -9999 -9999 -9999 -9999 -9999 -9999 -9999 122.748 133.252 159.787 192.12 203.114 195.275 161.894 145.865 135.804 134.874 129.298 132.015 134.144 127.531 120.981 110.867 95.45 86.897 81.502 75.64 72.573 69.777 70.701 74.014 78.185 84.435 89.901 104.536 109.011 91.902 84.658 78.352 77.138 74.329
-9999 -9999 -9999 -9999 -9999 -9999 -9999 -9999 -9999 -9999 -9999 -9999 -9999 -9999 -9999 -9999 -9999 -9999 -9999 -9999 -9999 -9999 -9999 -9999 -9999 -9999 -9999 -9999 -9999 -9999 -9999 -9999 -9999 -9999 -9999 -9999 -9999 -9999 -9999 -9999 118.906 132.54 163.706 194.146 210.155 187.022 162.741 134.938 129.639 126.008 118.277 115.301 112.716 118.328 110.232 106.95 95.728 84.467 77.498 73.252 74.445 72.234 69.243 70.087 72.128 78.081 85.912 94.517 100.644 89.868 77.874 77.436 74.59 72.518
-9999 -9999 -9999 -9999 -9999 -9999 -9999 -9999 -9999 -9999 -9999 -9999 -9999 -9999 -9999 -9999 -9999 -9999 -9999 -9999 -9999 -9999 -9999 -9999 -9999 -9999 -9999 -9999 -9999 -9999 -9999 -9999 -9999 -9999 -9999 -9999 -9999 -9999 -9999 112.851 118.981 130.727 159.725 196.781 202.894 174.826 163.388 131.235 126.255 115.894 112.044 112.736 116.085 105.652 101.848 91.394 88.188 76.855 74.222 70.826 69.874 72.843 71.785 69.912 69.083 70.72 78.205 84.956 90.297 85.854 79.017 72.609 74.548 73.811
-9999 -9999 -9999 -9999 -9999 -9999 -9999 -9999 -9999 -9999 -9999 -9999 -9999 -9999 -9999 -9999 -9999 -9999 -9999 -9999 -9999 -9999 -9999 -9999 -9999 -9999 -9999 -9999 -9999 -9999 -9999 -9999 -9999 -9999 -9999 -9999 -9999 -9999 -9999 113.178 114.671 127.253 149.969 171.811 154.322 154.399 134.193 137.198 145.959 126.939 121.407 120.468 110.438 106.31 98.71 94.162 91.77 85.783 74.556 72.872 70.44 69.196 69.555 69.339 68.577 69.463 72.968 75.297 77.162 81.417 79.969 76.541 72.952 73.655
-9999 -9999 -9999 -9999 -9999 -9999 -9999 -9999 -9999 -9999 -9999 -9999 -9999 -9999 -9999 -9999 -9999 -9999 -9999 -9999 -9999 -9999 -9999 -9999 -9999 -9999 -9999 -9999 -9999 -9999 -9999 -9999 -9999 -9999 -9999 -9999 -9999 -9999 110.68 110.198 114.692 121.983 136.157 139.828 139.429 133.766 130.081 139.318 135.912 126.962 125.626 123.31 113.011 91.766 94.222 89.484 85.219 84.318 81.381 73.959 71.492 69.438 67.723 67.346 67.986 69.438 72.269 75.557 75.809 78.679 82.649 79.604 75.257 72.304
-9999 -9999 -9999 -9999 -9999 -9999 -9999 -9999 -9999 -9999 -9999 -9999 -9999 -9999 -9999 -9999 -9999 -9999 -9999 -9999 -9999 -9999 -9999 -9999 -9999 -9999 -9999 -9999 -9999 -9999 -9999 -9999 -9999 -9999 -9999 -9999 -9999 -9999 105.125 110.974 114.257 117.771 123.908 125.044 124.624 130.028 129.576 125.08 127.262 128.688 147.788 140.411 124.767 105.302 90.408 88.948 79.627 73.748 77.046 78.451 72.432 66.512 66.895 67.55 67.84 68.089 67.414 68.008 71.595 76.961 84.293 80.845 75.0 73.12
-9999 -9999 -9999 -9999 -9999 -9999 -9999 -9999 -9999 -9999 -9999 -9999 -9999 -9999 -9999 -9999 -9999 -9999 -9999 -9999 -9999 -9999 -9999 -9999 -9999 -9999 -9999 -9999 -9999 -9999 -9999 -9999 -9999 -9999 -9999 -9999 -9999 -9999 106.094 107.439 107.446 110.968 115.99 115.82 118.763 126.285 127.362 133.603 144.733 152.13 156.322 142.55 124.948 108.476 93.386 85.998 82.312 74.84 73.895 72.461 71.169 67.28 65.491 67.691 68.194 68.494 68.155 66.857 67.769 71.658 76.145 78.92 73.386 73.032
-9999 -9999 -9999 -9999 -9999 -9999 -9999 -9999 -9999 -9999 -9999 -9999 -9999 -9999 -9999 -9999 -9999 -9999 -9999 -9999 -9999 -9999 -9999 -9999 -9999 -9999 -9999 -9999 -9999 -9999 -9999 -9999 -9999 -9999 -9999 -9999 -9999 -9999 -9999 103.082 103.295 108.952 108.476 118.894 132.335 143.137 148.773 153.018 145.26 155.051 149.659 141.094 119.832 97.221 90.624 79.654 78.143 74.608 71.714 72.196 68.069 66.697 66.353 67.246 66.701 67.195 67.543 67.945 71.012 72.146 71.121 71.813 -9999 73.126
