Validation/Results/raw data/ReClimate_04_2024_1_Precipitation-Actualsweatherlogisticsltd.asc
NCOLS 192
NROWS 249
XLLCENTER -225160.85627316462
YLLCENTER 29788.11610251502
CELLSIZE 5000.0
NODATA_VALUE -9999
[rows 165 to 197 of 249, columns 75 to 149 of 192]
-9999 -9999 -9999 -9999 -9999 -9999 -9999 -9999 -9999 -9999 -9999 -9999 -9999 -9999 -9999 -9999 -9999 -9999 -9999 -9999 -9999 -9999 -9999 -9999 -9999 -9999 -9999 -9999 -9999 -9999 -9999 -9999 -9999 -9999 -9999 -9999 -9999 62.733 66.335 65.194 64.991 71.369 82.754 98.542 102.835 108.975 109.598 99.896 99.355 98.157 100.698 97.29 81.003 68.902 67.921 64.602 62.39 59.721 60.053 58.773 57.742 57.969 58.103 57.362 57.55 58.796 58.432 59.655 58.391 58.532 60.466 61.297 58.765 57.103 -9999
-9999 -9999 -9999 -9999 -9999 -9999 -9999 -9999 -9999 -9999 -9999 -9999 -9999 -9999 -9999 -9999 -9999 -9999 -9999 -9999 -9999 -9999 -9999 -9999 -9999 -9999 -9999 -9999 -9999 -9999 -9999 -9999 -9999 -9999 -9999 -9999 -9999 63.317 66.482 68.594 68.732 73.387 85.623 93.631 97.244 100.517 97.066 96.719 90.353 100.795 101.009 98.231 87.91 76.675 69.688 66.977 66.118 62.158 61.707 62.188 59.654 57.849 57.451 56.832 55.429 53.189 56.288 58.973 64.38 61.916 58.412 59.986 59.889 58.143 55.755
-9999 -9999 -9999 -9999 -9999 -9999 -9999 -9999 -9999 -9999 -9999 -9999 -9999 -9999 -9999 -9999 -9999 -9999 -9999 -9999 -9999 -9999 -9999 -9999 -9999 -9999 -9999 -9999 -9999 -9999 -9999 -9999 -9999 -9999 -9999 -9999 61.389 63.136 67.151 67.754 67.949 74.955 81.184 88.73 88.836 88.906 85.803 82.741 86.211 93.092 101.421 109.67 100.779 87.554 82.165 71.053 64.996 62.541 61.364 62.656 61.173 59.156 57.519 51.505 52.1 54.332 54.766 58.361 59.926 62.66 61.298 59.857 59.388 60.919 62.488
-9999 -9999 -9999 -9999 -9999 -9999 -9999 -9999 -9999 -9999 -9999 -9999 -9999 -9999 -9999 -9999 -9999 -9999 -9999 -9999 -9999 -9999 -9999 -9999 -9999 -9999 -9999 -9999 -9999 -9999 -9999 -9999 -9999 -9999 -9999 -9999 61.134 64.784 68.386 67.453 72.496 78.045 78.916 82.639 82.752 78.527 78.741 77.629 80.769 88.358 94.786 108.018 116.015 101.053 88.961 80.104 69.176 65.618 60.13 59.208 60.814 59.407 57.762 56.937 53.875 55.365 54.8 55.582 57.907 59.743 60.368 59.732 60.501 61.795 62.882
-9999 -9999 -9999 -9999 -9999 -9999 -9999 -9999 -9999 -9999 -9999 -9999 -9999 -9999 -9999 -9999 -9999 -9999 -9999 -9999 -9999 -9999 -9999 -9999 -9999 -9999 -9999 -9999 -9999 -9999 -9999 -9999 -9999 -9999 -9999 -9999 -9999 67.113 68.762 68.198 72.765 73.221 75.752 75.358 73.358 72.858 71.945 72.489 74.45 78.979 86.346 98.489 112.555 113.83 103.601 87.645 75.876 67.154 64.659 59.701 60.841 61.562 60.133 57.893 59.19 58.145 55.811 56.245 57.216 58.921 59.177 60.023 60.01 63.934 66.133
-9999 -9999 -9999 -9999 -9999 -9999 -9999 -9999 -9999 -9999 -9999 -9999 -9999 -9999 -9999 -9999 -9999 61.003 63.105 -9999 -9999 -9999 -9999 -9999 -9999 -9999 -9999 -9999 -9999 -9999 -9999 -9999 -9999 -9999 -9999 -9999 63.694 64.588 68.647 72.089 74.914 72.635 72.296 71.355 69.692 68.771 68.171 70.056 72.524 76.089 87.336 93.41 107.325 104.862 99.172 94.66 76.091 67.758 63.851 64.581 63.577 62.855 62.882 60.947 57.495 58.551 55.165 56.987 59.747 60.102 59.776 59.288 61.561 64.068 67.071
-9999 -9999 -9999 -9999 -9999 -9999 -9999 -9999 -9999 -9999 -9999 -9999 -9999 -9999 -9999 -9999 -9999 69.788 72.426 72.73 -9999 -9999 -9999 -9999 -9999 -9999 -9999 -9999 -9999 -9999 -9999 -9999 -9999 -9999 -9999 59.575 60.844 69.148 70.181 73.04 69.434 70.573 70.955 70.668 69.053 69.748 71.909 69.704 72.952 78.177 83.544 98.928 108.855 103.759 89.789 88.686 82.152 68.103 62.824 61.1 64.271 63.125 60.122 59.008 57.16 57.256 57.602 56.758 59.642 61.999 62.745 64.139 62.947 67.585 70.603
-9999 -9999 -9999 -9999 -9999 -9999 -9999 -9999 -9999 -9999 -9999 -9999 -9999 -9999 -9999 -9999 66.417 70.044 77.227 75.119 73.267 -9999 -9999 -9999 -9999 -9999 -9999 -9999 -9999 -9999 -9999 -9999 62.03 -9999 -9999 60.133 66.595 68.56 67.748 67.514 -9999 71.514 72.677 71.253 74.529 72.478 69.576 70.46 72.469 74.814 84.429 89.564 101.452 94.786 83.857 87.137 77.845 73.702 66.265 61.626 63.08 63.162 59.764 57.776 57.331 57.987 57.467 58.002 58.125 62.253 63.287 62.296 63.611 65.528 71.202
-9999 -9999 -9999 -9999 -9999 -9999 -9999 -9999 -9999 -9999 -9999 -9999 -9999 -9999 -9999 -9999 64.748 72.72 79.442 79.177 78.097 73.998 74.4 -9999 -9999 -9999 77.629 64.883 -9999 62.02 61.566 59.192 65.867 64.378 -9999 -9999 64.016 64.007 -9999 -9999 67.28 68.424 68.599 71.137 71.056 71.559 72.766 70.384 74.553 81.125 93.362 89.368 90.76 88.316 85.401 87.459 83.171 69.526 67.632 65.13 64.505 62.232 61.21 61.33 59.169 60.798 60.55 59.491 59.637 60.605 62.955 61.166 62.443 64.227 67.81
-9999 -9999 -9999 -9999 -9999 -9999 -9999 -9999 -9999 -9999 -9999 -9999 -9999 -9999 -9999 -9999 -9999 80.609 95.899 87.671 81.238 79.652 -9999 -9999 109.035 109.795 86.911 80.065 74.192 71.556 63.278 62.327 60.977 66.581 65.709 -9999 62.442 63.516 64.569 65.36 69.479 72.429 73.026 72.839 70.385 70.747 71.295 75.867 79.235 90.729 101.177 104.847 93.25 87.198 78.89 81.622 81.722 71.383 65.443 66.76 66.076 62.738 62.715 62.103 63.088 60.943 61.099 59.604 62.685 63.187 63.005 61.586 62.13 63.406 63.794
-9999 -9999 -9999 -9999 -9999 -9999 -9999 -9999 -9999 -9999 -9999 -9999 -9999 -9999 -9999 -9999 -9999 88.418 96.301 74.853 76.975 85.301 100.908 123.866 146.616 111.815 90.395 88.868 79.502 78.137 70.513 61.426 65.844 76.105 71.143 70.118 65.119 63.725 64.352 66.446 69.096 72.368 72.288 72.189 71.135 70.019 71.685 72.462 79.624 90.209 101.919 108.971 101.939 95.786 83.16 76.618 82.723 77.855 68.367 68.85 67.939 63.516 64.528 63.986 63.494 63.83 60.966 59.834 59.854 63.566 64.232 63.368 61.938 61.871 62.956
-9999 -9999 -9999 -9999 -9999 -9999 -9999 -9999 -9999 -9999 -9999 -9999 -9999 -9999 -9999 -9999 -9999 -9999 95.555 79.705 89.275 115.796 143.178 167.63 165.456 133.775 110.915 98.829 93.909 90.756 82.832 74.372 71.591 69.064 77.453 69.779 66.939 66.75 65.24 67.34 67.756 68.964 70.623 69.178 67.381 69.262 69.224 71.301 78.721 87.892 95.942 98.281 92.454 93.509 91.986 72.714 72.418 81.687 73.688 72.194 70.64 66.646 65.269 63.532 62.66 63.566 62.123 59.565 55.749 60.276 64.345 62.319 61.684 62.319 63.693
-9999 -9999 -9999 -9999 -9999 -9999 -9999 -9999 -9999 -9999 -9999 -9999 -9999 -9999 -9999 -9999 -9999 -9999 -9999 -9999 103.176 137.682 173.847 206.336 182.223 136.016 111.099 100.531 105.908 100.564 93.041 79.671 70.025 70.031 75.461 79.352 79.228 74.517 73.171 64.916 65.953 68.21 68.299 66.905 65.957 67.278 68.625 71.083 79.93 86.048 89.054 94.343 92.266 92.441 93.924 84.849 73.904 75.345 72.241 69.9 73.089 68.79 66.811 63.856 60.331 60.816 59.452 59.787 59.556 59.921 65.106 63.226 61.973 62.67 63.192
-9999 -9999 -9999 -9999 -9999 -9999 -9999 -9999 -9999 -9999 -9999 -9999 -9999 -9999 -9999 -9999 -9999 -9999 -9999 97.565 121.858 157.038 200.567 228.74 182.265 139.882 116.914 103.827 103.009 96.922 91.076 87.839 74.584 74.491 84.433 85.848 79.134 72.447 68.439 65.626 66.2 69.15 70.319 69.993 66.983 67.344 68.176 74.119 78.711 78.021 83.348 89.19 85.679 85.295 82.127 81.601 79.839 73.732 72.362 69.462 69.625 68.776 64.813 64.571 60.566 59.588 59.259 58.085 59.513 66.324 66.187 64.241 62.798 62.642 61.913
-9999 -9999 -9999 -9999 -9999 -9999 -9999 -9999 -9999 -9999 -9999 -9999 -9999 -9999 -9999 -9999 -9999 -9999 95.064 132.364 133.65 166.87 206.019 189.074 199.699 172.33 136.291 127.156 117.694 100.037 91.899 77.605 76.67 83.352 89.688 87.161 78.871 71.127 66.833 65.491 69.456 70.611 71.126 68.57 67.557 68.93 73.866 77.842 79.921 78.363 82.349 85.856 87.947 79.83 78.246 74.658 74.195 72.902 66.842 66.282 66.233 67.372 65.397 63.975 58.656 58.745 61.435 60.702 60.385 64.397 67.543 63.506 64.451 63.718 63.633
-9999 -9999 -9999 -9999 -9999 -9999 -9999 -9999 -9999 -9999 -9999 -9999 -9999 -9999 -9999 -9999 -9999 88.294 116.669 113.439 125.859 147.223 140.935 156.261 174.265 149.947 148.123 139.734 125.455 111.475 95.401 81.882 86.133 89.34 84.392 81.569 74.642 70.582 66.017 64.148 69.482 69.453 70.747 68.219 69.553 75.111 77.437 80.801 80.546 80.156 81.001 77.023 78.432 78.388 74.362 71.528 70.756 71.554 67.714 62.929 62.877 64.416 63.443 62.83 61.767 56.936 61.104 61.125 61.06 63.522 67.056 64.058 64.228 65.086 64.104
-9999 -9999 -9999 -9999 -9999 -9999 -9999 -9999 -9999 -9999 -9999 -9999 -9999 -9999 -9999 81.122 82.241 90.18 94.232 94.242 88.637 107.423 100.725 124.757 132.204 142.647 144.898 145.638 115.886 102.736 91.079 87.896 100.614 99.016 92.477 84.406 82.854 75.455 67.039 67.433 70.181 71.973 69.32 69.478 72.014 74.635 78.055 78.232 75.858 80.629 79.593 77.044 73.747 71.43 70.741 70.13 68.068 67.149 65.987 61.944 60.25 61.105 60.63 60.966 59.519 57.64 58.443 60.618 62.449 64.514 66.631 66.039 64.116 65.051 64.925
-9999 -9999 -9999 -9999 -9999 -9999 -9999 -9999 -9999 -9999 -9999 -9999 -9999 -9999 83.161 82.424 82.463 80.964 -9999 -9999 -9999 -9999 103.95 126.64 146.011 147.821 148.146 128.485 117.219 117.939 107.433 110.912 125.444 113.164 97.44 91.641 81.925 71.52 69.045 69.84 69.111 68.949 68.583 69.23 71.205 71.505 74.462 71.172 73.375 75.513 74.455 72.98 71.451 69.321 68.849 66.741 65.161 59.467 58.524 60.367 58.847 59.279 60.781 60.939 60.116 59.825 61.563 62.948 65.206 67.385 67.617 67.85 70.163 67.846 65.369
-9999 -9999 -9999 -9999 -9999 -9999 -9999 -9999 -9999 -9999 -9999 -9999 -9999 -9999 82.845 83.208 73.592 -9999 -9999 -9999 -9999 -9999 108.098 132.78 165.119 165.335 145.526 144.903 141.667 141.453 127.465 121.273 118.014 95.491 88.592 83.994 74.423 69.461 65.13 67.951 69.212 68.987 68.658 68.749 69.042 68.588 66.687 71.033 70.79 71.933 71.231 71.538 71.326 70.979 67.18 64.881 62.569 60.791 57.657 58.487 58.843 56.799 59.754 64.942 65.381 67.274 68.395 69.737 69.284 70.902 65.712 65.266 67.975 69.45 66.16
-9999 -9999 -9999 -9999 -9999 -9999 -9999 -9999 -9999 -9999 -9999 -9999 -9999 -9999 -9999 -9999 67.597 -9999 -9999 -9999 -9999 -9999 104.246 129.847 141.101 130.177 138.97 142.632 163.374 154.921 120.364 119.555 102.882 92.393 87.19 77.558 72.245 64.468 67.001 68.079 68.101 66.627 64.734 65.316 66.759 66.27 69.724 68.396 67.725 69.356 70.39 69.03 69.91 71.644 68.494 65.328 66.281 64.836 62.176 60.94 60.702 52.959 55.903 65.439 67.442 67.8 68.852 69.905 70.887 71.69 72.789 66.366 66.585 67.827 66.405
-9999 -9999 -9999 -9999 -9999 -9999 -9999 -9999 -9999 -9999 -9999 -9999 -9999 -9999 -9999 -9999 -9999 -9999 -9999 -9999 -9999 -9999 98.038 110.081 109.621 126.836 137.476 159.27 162.72 156.042 134.868 108.931 95.668 88.517 76.356 73.918 64.975 63.334 66.289 64.94 63.828 64.004 63.667 63.044 65.481 67.26 68.757 68.398 67.469 67.847 72.753 69.558 68.034 67.258 65.778 63.161 65.805 68.213 67.039 68.198 70.972 66.633 57.861 61.958 63.366 64.265 64.996 66.114 67.738 69.394 70.285 66.561 65.108 64.735 65.446
-9999 -9999 -9999 -9999 -9999 -9999 -9999 -9999 -9999 -9999 -9999 -9999 -9999 -9999 -9999 -9999 -9999 -9999 -9999 -9999 -9999 -9999 -9999 110.308 143.2 163.939 161.624 153.757 152.306 142.45 117.966 96.509 82.701 76.571 82.38 77.785 64.235 67.444 67.037 65.962 62.795 63.142 64.727 65.89 64.773 71.877 71.132 69.278 67.335 69.803 72.318 70.589 66.931 65.856 63.827 62.637 63.158 65.717 68.064 72.683 74.721 70.162 62.706 62.386 63.753 66.283 68.362 67.278 68.282 68.074 68.638 65.521 65.077 64.577 63.829
-9999 -9999 -9999 -9999 -9999 -9999 -9999 -9999 -9999 -9999 -9999 -9999 -9999 -9999 -9999 -9999 -9999 -9999 -9999 -9999 -9999 -9999 117.04 129.102 150.2 166.216 153.988 138.62 135.699 123.755 111.879 97.408 81.237 81.498 83.618 73.074 79.875 71.481 67.243 66.926 66.326 65.662 68.027 70.761 74.779 75.433 68.359 68.224 68.151 69.84 69.664 69.515 66.771 64.957 63.963 62.67 62.12 62.301 63.806 69.228 71.411 68.317 64.212 63.813 66.391 68.971 70.933 70.078 68.351 67.318 65.749 65.536 64.98 65.392 64.073
-9999 -9999 -9999 -9999 -9999 -9999 -9999 -9999 -9999 -9999 -9999 -9999 -9999 -9999 -9999 -9999 -9999 -9999 -9999 -9999 -9999 -9999 108.137 124.565 151.786 136.527 122.185 119.485 119.201 121.902 116.548 96.553 83.213 80.76 74.508 71.105 73.035 72.496 72.36 71.888 66.249 61.2 68.103 70.447 72.768 67.852 66.424 69.27 71.552 71.044 70.648 70.19 68.893 67.072 65.771 63.802 62.216 61.75 62.008 65.477 69.781 68.259 66.08 66.113 70.17 71.002 71.585 78.004 72.099 66.512 61.522 60.806 64.227 64.255 67.321
-9999 -9999 -9999 -9999 -9999 -9999 -9999 -9999 -9999 -9999 -9999 -9999 -9999 -9999 -9999 -9999 -9999 -9999 -9999 -9999 -9999 -9999 96.915 116.505 113.0 118.706 112.332 112.796 118.191 122.44 106.971 98.246 85.868 79.893 71.853 71.277 73.019 80.012 82.714 82.072 70.85 72.468 71.908 71.064 69.219 65.179 65.754 69.314 71.18 72.983 70.843 72.62 70.425 67.978 66.553 67.191 65.178 63.078 62.34 61.994 63.965 65.253 66.517 66.614 68.928 70.118 67.746 66.677 69.479 65.954 68.243 66.37 64.935 62.954 61.958
-9999 -9999 -9999 -9999 -9999 -9999 -9999 -9999 -9999 -9999 -9999 -9999 -9999 -9999 -9999 -9999 -9999 -9999 -9999 -9999 -9999 -9999 -9999 94.909 116.369 126.179 132.667 131.141 122.909 111.114 95.072 80.057 77.383 76.821 74.406 70.189 72.111 76.207 81.482 82.662 76.299 70.984 68.578 73.49 70.889 66.136 68.461 68.492 71.425 73.805 70.624 70.198 71.485 66.446 65.975 67.966 70.059 65.46 63.787 59.1 59.584 63.953 65.346 64.839 65.544 66.364 65.688 63.357 63.655 64.399 65.491 63.367 63.861 63.885 61.915
-9999 -9999 -9999 -9999 -9999 -9999 -9999 -9999 -9999 -9999 -9999 -9999 -9999 -9999 -9999 -9999 -9999 -9999 -9999 -9999 -9999 -9999 -9999 99.518 117.979 137.884 159.309 148.741 130.76 105.52 85.182 80.648 91.044 86.797 87.856 84.245 75.301 69.497 77.821 78.723 74.141 71.686 77.558 75.617 67.824 69.68 70.422 69.116 71.075 72.261 73.665 70.916 70.306 68.634 66.384 68.313 70.828 69.626 66.15 66.973 64.207 67.025 68.39 66.561 65.003 68.17 67.989 68.534 64.839 65.452 64.455 64.609 60.466 63.071 62.066
-9999 -9999 -9999 -9999 -9999 -9999 -9999 -9999 -9999 -9999 -9999 -9999 -9999 -9999 -9999 -9999 -9999 -9999 -9999 -9999 -9999 -9999 89.325 91.991 115.431 145.179 157.862 149.452 124.963 100.972 97.968 109.981 99.629 97.037 91.449 78.19 73.68 76.384 78.308 72.295 74.01 78.449 79.887 77.858 72.4 68.954 69.992 68.582 72.176 77.399 75.089 74.468 71.311 70.032 68.291 70.519 68.899 74.393 72.2 70.268 67.65 68.008 69.485 71.432 69.808 69.814 69.64 67.39 66.508 64.695 63.255 62.446 60.869 59.086 60.33
-9999 -9999 -9999 -9999 -9999 -9999 -9999 -9999 -9999 -9999 -9999 -9999 -9999 -9999 -9999 -9999 -9999 -9999 -9999 -9999 -9999 -9999 86.939 103.578 111.941 127.029 147.046 152.818 130.392 111.477 106.491 101.586 104.398 101.008 92.879 85.198 87.424 84.008 74.188 77.566 72.708 76.692 81.367 80.735 71.237 70.58 69.984 68.275 71.84 73.54 81.116 77.33 74.715 71.848 73.221 75.311 70.894 64.707 69.519 62.41 64.89 65.219 68.521 67.827 70.956 71.753 69.061 65.903 62.395 62.725 63.962 65.089 63.972 58.864 59.134
-9999 -9999 -9999 -9999 -9999 -9999 -9999 -9999 -9999 -9999 -9999 -9999 -9999 -9999 -9999 -9999 -9999 -9999 -9999 -9999 -9999 -9999 99.173 103.013 98.607 115.373 143.299 150.82 134.774 113.053 100.852 105.883 101.716 94.909 93.448 99.295 91.402 77.625 77.668 73.149 78.35 71.813 76.435 72.509 70.188 70.706 64.847 64.12 67.45 75.873 76.163 75.519 75.545 73.964 72.101 71.571 71.067 65.869 65.449 62.799 62.076 66.096 65.877 68.6 67.756 68.677 69.649 65.306 63.493 60.264 61.694 63.651 62.308 57.376 56.098
-9999 -9999 -9999 -9999 -9999 -9999 -9999 -9999 -9999 -9999 -9999 -9999 -9999 -9999 -9999 -9999 -9999 -9999 -9999 -9999 -9999 92.441 102.134 107.507 105.725 115.79 134.14 139.37 131.003 107.508 96.865 95.736 88.905 89.858 100.576 93.468 86.624 83.762 76.482 75.757 68.464 69.532 70.236 68.931 70.947 68.038 65.033 65.607 66.976 70.009 73.44 73.709 73.205 72.14 71.351 70.961 69.025 66.457 64.472 62.561 62.18 66.437 67.236 67.491 68.504 68.664 67.225 66.597 62.887 63.224 61.377 60.24 60.18 56.446 54.496
-9999 -9999 -9999 -9999 -9999 -9999 -9999 -9999 -9999 -9999 -9999 -9999 -9999 -9999 -9999 -9999 -9999 -9999 -9999 -9999 94.286 95.417 102.218 108.807 113.073 125.013 140.986 145.94 137.122 123.001 103.369 100.109 93.877 99.335 105.621 87.796 82.442 79.344 76.015 71.916 71.495 71.377 74.158 73.554 76.505 76.808 70.49 65.742 65.601 68.65 70.341 72.098 72.33 71.779 69.868 71.635 69.996 67.738 67.266 65.615 63.108 64.379 65.472 66.601 65.876 63.717 64.662 64.053 62.978 65.179 64.231 60.462 58.62 56.643 53.711
-9999 -9999 -9999 -9999 -9999 -9999 -9999 -9999 -9999 -9999 -9999 -9999 -9999 -9999 -9999 -9999 -9999 -9999 104.622 101.161 100.193 91.032 98.312 109.871 116.09 134.44 148.003 153.843 147.601 121.888 109.95 103.595 97.689 100.306 94.984 80.375 79.395 78.621 72.052 71.604 71.456 73.886 75.709 75.567 80.424 75.71 69.412 67.927 68.257 69.807 69.401 71.394 70.752 69.223 65.61 65.502 66.557 66.575 67.982 69.612 69.24 67.522 66.099 62.552 62.484 63.562 65.093 65.712 65.28 62.488 63.236 60.002 57.5 51.879 51.711
