Validation/Results/raw data/ReClimate_01_2024_2_Temperatureweatherlogisticsltd.asc
NCOLS 192
NROWS 249
XLLCENTER -225160.85627316462
YLLCENTER 29788.11610251502
CELLSIZE 5000.0
NODATA_VALUE -9999
[rows 170 to 203 of 249, columns 77 to 153 of 192]
-9999 -9999 -9999 -9999 -9999 -9999 -9999 -9999 -9999 -9999 -9999 -9999 -9999 -9999 -9999 0.49 0.502 -9999 -9999 -9999 -9999 -9999 -9999 -9999 -9999 -9999 -9999 -9999 -9999 -9999 -9999 -9999 -9999 -9999 0.716 0.723 0.732 0.74 0.743 0.746 0.748 0.746 0.756 0.766 0.767 0.764 0.782 0.8 0.796 0.787 0.786 0.781 0.8 0.822 0.821 0.817 0.823 0.829 0.839 0.849 0.847 0.842 0.858 0.877 0.887 0.897 0.909 0.921 0.919 0.914 0.913 0.909 0.917 0.925 0.929 0.929 0.939
-9999 -9999 -9999 -9999 -9999 -9999 -9999 -9999 -9999 -9999 -9999 -9999 -9999 -9999 -9999 0.493 0.51 0.532 -9999 -9999 -9999 -9999 -9999 -9999 -9999 -9999 -9999 -9999 -9999 -9999 -9999 -9999 -9999 0.715 0.718 0.747 0.755 0.754 0.757 0.756 0.758 0.755 0.764 0.771 0.776 0.785 0.798 0.8 0.797 0.791 0.801 0.805 0.81 0.824 0.83 0.831 0.846 0.858 0.864 0.873 0.87 0.866 0.877 0.894 0.912 0.928 0.929 0.934 0.928 0.921 0.934 0.939 0.942 0.948 0.948 0.947 0.963
-9999 -9999 -9999 -9999 -9999 -9999 -9999 -9999 -9999 -9999 -9999 -9999 -9999 -9999 0.482 0.499 0.52 0.543 0.537 -9999 -9999 -9999 -9999 -9999 -9999 -9999 -9999 -9999 -9999 -9999 0.702 -9999 -9999 0.72 0.739 0.755 0.758 0.757 -9999 0.759 0.759 0.757 0.765 0.772 0.782 0.791 0.795 0.797 0.795 0.79 0.802 0.814 0.819 0.824 0.831 0.836 0.851 0.868 0.875 0.882 0.88 0.876 0.888 0.902 0.92 0.941 0.944 0.942 0.938 0.928 0.941 0.955 0.959 0.962 0.963 0.961 0.978
-9999 -9999 -9999 -9999 -9999 -9999 -9999 -9999 -9999 -9999 -9999 -9999 -9999 -9999 0.486 0.493 0.515 0.539 0.534 0.526 0.545 -9999 -9999 -9999 0.607 0.632 -9999 0.667 0.683 0.703 0.715 0.716 -9999 -9999 0.745 0.754 -9999 -9999 0.758 0.756 0.762 0.777 0.782 0.776 0.785 0.791 0.792 0.788 0.798 0.801 0.81 0.821 0.827 0.832 0.835 0.839 0.853 0.869 0.865 0.865 0.872 0.872 0.899 0.921 0.934 0.951 0.954 0.954 0.96 0.958 0.964 0.974 0.982 0.989 0.995 0.997 1.007
-9999 -9999 -9999 -9999 -9999 -9999 -9999 -9999 -9999 -9999 -9999 -9999 -9999 -9999 -9999 0.494 0.517 0.54 0.536 0.528 -9999 -9999 0.58 0.594 0.611 0.634 0.658 0.678 0.693 0.705 0.708 0.71 0.724 -9999 0.741 0.75 0.754 0.755 0.755 0.754 0.769 0.784 0.782 0.776 0.783 0.789 0.787 0.782 0.792 0.803 0.812 0.82 0.827 0.833 0.838 0.84 0.854 0.87 0.867 0.861 0.867 0.873 0.899 0.929 0.943 0.956 0.961 0.962 0.969 0.973 0.98 0.986 0.995 1.004 1.012 1.018 1.03
-9999 -9999 -9999 -9999 -9999 -9999 -9999 -9999 -9999 -9999 -9999 -9999 -9999 -9999 -9999 0.516 0.535 0.538 0.537 0.537 0.549 0.555 0.576 0.606 0.625 0.647 0.662 0.66 0.677 0.701 0.707 0.715 0.728 0.734 0.746 0.761 0.763 0.756 0.757 0.759 0.772 0.782 0.786 0.8 0.804 0.795 0.793 0.79 0.795 0.789 0.807 0.821 0.833 0.842 0.851 0.857 0.861 0.87 0.88 0.881 0.88 0.881 0.896 0.919 0.942 0.962 0.97 0.974 0.989 0.997 1.0 1.004 1.019 1.033 1.032 1.03 1.033
-9999 -9999 -9999 -9999 -9999 -9999 -9999 -9999 -9999 -9999 -9999 -9999 -9999 -9999 -9999 -9999 0.547 0.54 0.542 0.543 0.549 0.555 0.582 0.612 0.63 0.65 0.651 0.651 0.673 0.697 0.709 0.72 0.73 0.738 0.754 0.769 0.766 0.759 0.761 0.763 0.773 0.783 0.797 0.811 0.807 0.799 0.798 0.795 0.792 0.786 0.801 0.819 0.83 0.843 0.852 0.861 0.865 0.868 0.879 0.889 0.889 0.886 0.901 0.917 0.94 0.965 0.973 0.98 0.997 1.009 1.013 1.015 1.03 1.045 1.043 1.033 1.035
-9999 -9999 -9999 -9999 -9999 -9999 -9999 -9999 -9999 -9999 -9999 -9999 -9999 -9999 -9999 -9999 -9999 -9999 0.572 0.566 0.572 0.574 0.597 0.617 0.629 0.634 0.642 0.67 0.692 0.711 0.72 0.72 0.729 0.735 0.753 0.779 0.776 0.768 0.775 0.789 0.794 0.785 0.798 0.809 0.807 0.802 0.804 0.809 0.804 0.791 0.812 0.832 0.841 0.851 0.868 0.883 0.884 0.886 0.889 0.895 0.906 0.912 0.918 0.93 0.948 0.97 0.987 0.999 1.012 1.023 1.04 1.051 1.059 1.072 1.063 1.049 1.047
-9999 -9999 -9999 -9999 -9999 -9999 -9999 -9999 -9999 -9999 -9999 -9999 -9999 -9999 -9999 -9999 -9999 0.585 0.583 0.577 0.58 0.582 0.6 0.62 0.623 0.627 0.653 0.683 0.701 0.719 0.723 0.723 0.73 0.735 0.758 0.783 0.78 0.773 0.786 0.801 0.796 0.787 0.798 0.809 0.808 0.804 0.81 0.816 0.807 0.794 0.814 0.838 0.847 0.856 0.872 0.89 0.892 0.891 0.895 0.896 0.907 0.919 0.926 0.932 0.949 0.968 0.984 1.001 1.015 1.024 1.041 1.059 1.069 1.079 1.07 1.052 1.051
-9999 -9999 -9999 -9999 -9999 -9999 -9999 -9999 -9999 -9999 -9999 -9999 -9999 -9999 -9999 -9999 0.583 0.575 0.575 0.58 0.59 0.609 0.622 0.627 0.637 0.654 0.677 0.694 0.711 0.729 0.733 0.735 0.739 0.735 0.76 0.791 0.793 0.8 0.808 0.808 0.808 0.814 0.822 0.819 0.82 0.816 0.82 0.82 0.818 0.825 0.828 0.841 0.849 0.858 0.872 0.888 0.886 0.883 0.886 0.886 0.9 0.913 0.93 0.941 0.956 0.973 0.989 1.006 1.021 1.033 1.037 1.047 1.062 1.073 1.079 1.066 1.053
-9999 -9999 -9999 -9999 -9999 -9999 -9999 -9999 -9999 -9999 -9999 -9999 -9999 -9999 -9999 0.586 0.581 0.572 0.578 0.583 0.601 0.62 0.626 0.636 0.653 0.67 0.685 0.701 0.717 0.734 0.74 0.742 0.741 0.736 0.764 0.794 0.803 0.81 0.811 0.81 0.818 0.825 0.826 0.824 0.824 0.82 0.822 0.823 0.83 0.838 0.842 0.844 0.852 0.86 0.874 0.888 0.887 0.882 0.882 0.882 0.896 0.91 0.926 0.943 0.958 0.972 0.989 1.005 1.021 1.034 1.039 1.041 1.055 1.069 1.074 1.071 1.063
-9999 -9999 -9999 -9999 -9999 -9999 -9999 -9999 -9999 -9999 -9999 -9999 -9999 0.578 0.588 0.605 0.599 0.593 0.597 0.596 0.604 0.604 0.625 0.663 0.678 0.686 0.702 0.72 0.734 0.744 0.753 0.765 0.766 0.763 0.787 0.805 0.813 0.818 0.817 0.811 0.818 0.823 0.826 0.831 0.836 0.846 0.844 0.828 0.84 0.861 0.858 0.858 0.866 0.875 0.867 0.868 0.883 0.887 0.893 0.894 0.909 0.925 0.943 0.961 0.97 0.982 0.99 1.001 1.014 1.027 1.044 1.053 1.065 1.077 1.082 1.075 -9999
-9999 -9999 -9999 -9999 -9999 -9999 -9999 -9999 -9999 -9999 -9999 -9999 0.594 0.591 0.603 0.612 -9999 -9999 -9999 -9999 0.614 0.607 0.641 0.679 0.688 0.696 0.713 0.731 0.74 0.749 0.763 0.775 0.776 0.775 0.792 0.809 0.816 0.82 0.817 0.812 0.818 0.823 0.829 0.834 0.846 0.857 0.846 0.831 0.85 0.871 0.869 0.864 0.873 0.881 0.874 0.862 0.876 0.891 0.896 0.901 0.914 0.93 0.947 0.965 0.975 0.983 0.992 0.998 1.011 1.023 1.04 1.057 1.069 1.078 1.081 1.081 1.072
-9999 -9999 -9999 -9999 -9999 -9999 -9999 -9999 -9999 -9999 -9999 -9999 0.595 0.589 0.6 -9999 -9999 -9999 -9999 -9999 0.633 0.64 0.666 0.678 0.691 0.709 0.723 0.733 0.744 0.761 0.776 0.793 0.795 0.793 0.812 0.834 0.837 0.827 0.833 0.85 0.85 0.831 0.835 0.829 0.843 0.863 0.86 0.865 0.875 0.865 0.864 0.859 0.864 0.868 0.881 0.881 0.88 0.887 0.884 0.883 0.903 0.921 0.928 0.94 0.958 0.971 0.987 0.999 1.019 1.035 1.041 1.052 1.062 1.069 1.073 1.072 1.075
-9999 -9999 -9999 -9999 -9999 -9999 -9999 -9999 -9999 -9999 -9999 -9999 -9999 -9999 0.608 -9999 -9999 -9999 -9999 -9999 0.648 0.658 0.671 0.682 0.699 0.718 0.729 0.739 0.755 0.771 0.788 0.805 0.806 0.804 0.824 0.846 0.841 0.832 0.847 0.865 0.853 0.836 0.835 0.828 0.846 0.866 0.873 0.88 0.874 0.865 0.864 0.859 0.863 0.865 0.877 0.889 0.889 0.887 0.884 0.879 0.897 0.919 0.925 0.931 0.949 0.967 0.984 1.0 1.02 1.041 1.049 1.051 1.06 1.065 1.067 1.068 1.069
-9999 -9999 -9999 -9999 -9999 -9999 -9999 -9999 -9999 -9999 -9999 -9999 -9999 -9999 -9999 -9999 -9999 -9999 -9999 -9999 0.668 0.677 0.695 0.719 0.729 0.719 0.736 0.766 0.785 0.811 0.823 0.824 0.828 0.834 0.848 0.851 0.847 0.84 0.856 0.874 0.865 0.853 0.846 0.827 0.841 0.853 0.86 0.871 0.867 0.859 0.873 0.879 0.879 0.88 0.885 0.894 0.896 0.895 0.903 0.905 0.906 0.917 0.928 0.936 0.947 0.961 0.986 1.007 1.025 1.044 1.049 1.049 1.065 1.074 1.081 1.084 1.081
-9999 -9999 -9999 -9999 -9999 -9999 -9999 -9999 -9999 -9999 -9999 -9999 -9999 -9999 -9999 -9999 -9999 -9999 -9999 -9999 -9999 0.693 0.717 0.741 0.736 0.727 0.753 0.782 0.805 0.83 0.834 0.834 0.842 0.849 0.853 0.855 0.853 0.847 0.864 0.882 0.875 0.864 0.85 0.83 0.839 0.849 0.859 0.869 0.865 0.859 0.873 0.888 0.889 0.887 0.893 0.897 0.899 0.9 0.909 0.918 0.92 0.92 0.931 0.943 0.952 0.962 0.986 1.012 1.03 1.046 1.051 1.048 1.063 1.077 1.084 1.089 1.087
-9999 -9999 -9999 -9999 -9999 -9999 -9999 -9999 -9999 -9999 -9999 -9999 -9999 -9999 -9999 -9999 -9999 -9999 -9999 -9999 0.723 0.73 0.755 0.781 0.78 0.775 0.792 0.789 0.807 0.819 0.825 0.839 0.844 0.843 0.847 0.849 0.85 0.857 0.874 0.894 0.884 0.865 0.855 0.848 0.855 0.858 0.862 0.857 0.857 0.853 0.87 0.886 0.895 0.898 0.918 0.932 0.927 0.924 0.917 0.916 0.927 0.932 0.944 0.956 0.969 0.982 0.991 1.008 1.035 1.058 1.066 1.067 1.079 1.094 1.104 1.112 1.101
-9999 -9999 -9999 -9999 -9999 -9999 -9999 -9999 -9999 -9999 -9999 -9999 -9999 -9999 -9999 -9999 -9999 -9999 -9999 -9999 0.729 0.75 0.775 0.802 0.802 0.799 0.799 0.796 0.807 0.818 0.831 0.843 0.845 0.844 0.848 0.85 0.858 0.865 0.883 0.902 0.889 0.869 0.866 0.859 0.863 0.865 0.862 0.857 0.855 0.853 0.87 0.888 0.896 0.904 0.925 0.948 0.945 0.937 0.931 0.92 0.93 0.941 0.953 0.965 0.978 0.992 1.001 1.009 1.035 1.063 1.07 1.072 1.085 1.098 1.108 1.118 1.109
-9999 -9999 -9999 -9999 -9999 -9999 -9999 -9999 -9999 -9999 -9999 -9999 -9999 -9999 -9999 -9999 -9999 -9999 -9999 -9999 0.719 0.74 0.765 0.795 0.794 0.791 0.794 0.802 0.809 0.81 0.825 0.847 0.852 0.863 0.868 0.872 0.878 0.877 0.889 0.894 0.885 0.88 0.883 0.892 0.894 0.888 0.883 0.87 0.876 0.878 0.89 0.906 0.909 0.915 0.93 0.95 0.954 0.952 0.953 0.948 0.964 0.979 0.984 0.994 1.0 1.01 1.017 1.025 1.041 1.061 1.078 1.087 1.089 1.096 1.091 1.091 1.09
-9999 -9999 -9999 -9999 -9999 -9999 -9999 -9999 -9999 -9999 -9999 -9999 -9999 -9999 -9999 -9999 -9999 -9999 -9999 -9999 -9999 0.742 0.768 0.796 0.796 0.792 0.801 0.809 0.811 0.811 0.83 0.851 0.863 0.875 0.88 0.885 0.886 0.885 0.891 0.894 0.893 0.889 0.899 0.909 0.906 0.901 0.892 0.88 0.885 0.891 0.902 0.916 0.921 0.923 0.938 0.954 0.958 0.96 0.963 0.963 0.979 0.996 1.002 1.007 1.014 1.02 1.027 1.033 1.049 1.061 1.076 1.091 1.094 1.094 1.089 1.081 1.079
-9999 -9999 -9999 -9999 -9999 -9999 -9999 -9999 -9999 -9999 -9999 -9999 -9999 -9999 -9999 -9999 -9999 -9999 -9999 -9999 -9999 0.761 0.785 0.805 0.805 0.805 0.815 0.826 0.828 0.826 0.843 0.858 0.87 0.884 0.891 0.897 0.899 0.9 0.902 0.897 0.895 0.894 0.903 0.911 0.911 0.917 0.91 0.9 0.913 0.924 0.919 0.922 0.924 0.925 0.931 0.941 0.961 0.972 0.972 0.971 0.985 1.001 1.006 1.009 1.016 1.022 1.037 1.047 1.057 1.064 1.079 1.094 1.099 1.102 1.094 1.083 1.09
-9999 -9999 -9999 -9999 -9999 -9999 -9999 -9999 -9999 -9999 -9999 -9999 -9999 -9999 -9999 -9999 -9999 -9999 -9999 -9999 0.759 0.773 0.793 0.812 0.814 0.814 0.826 0.837 0.838 0.836 0.85 0.865 0.878 0.892 0.9 0.906 0.909 0.91 0.907 0.901 0.901 0.9 0.907 0.915 0.921 0.927 0.921 0.912 0.925 0.941 0.937 0.93 0.931 0.931 0.936 0.94 0.958 0.979 0.979 0.977 0.991 1.006 1.011 1.013 1.02 1.026 1.041 1.055 1.062 1.065 1.079 1.094 1.099 1.104 1.096 1.084 1.09
-9999 -9999 -9999 -9999 -9999 -9999 -9999 -9999 -9999 -9999 -9999 -9999 -9999 -9999 -9999 -9999 -9999 -9999 -9999 -9999 0.776 0.803 0.819 0.826 0.829 0.827 0.838 0.846 0.85 0.857 0.871 0.882 0.895 0.906 0.912 0.913 0.919 0.926 0.928 0.934 0.93 0.909 0.917 0.924 0.929 0.934 0.927 0.913 0.925 0.936 0.935 0.929 0.949 0.959 0.967 0.973 0.965 0.97 0.984 0.99 1.004 1.019 1.027 1.032 1.042 1.051 1.053 1.061 1.067 1.069 1.082 1.096 1.096 1.096 1.095 1.087 1.096
-9999 -9999 -9999 -9999 -9999 -9999 -9999 -9999 -9999 -9999 -9999 -9999 -9999 -9999 -9999 -9999 -9999 -9999 -9999 -9999 0.803 0.817 0.827 0.835 0.837 0.836 0.845 0.853 0.862 0.87 0.881 0.892 0.904 0.915 0.919 0.921 0.929 0.936 0.944 0.951 0.936 0.917 0.924 0.931 0.936 0.94 0.93 0.918 0.928 0.939 0.938 0.934 0.953 0.974 0.981 0.988 0.982 0.971 0.984 0.998 1.012 1.027 1.035 1.043 1.053 1.062 1.065 1.064 1.069 1.07 1.083 1.097 1.096 1.092 1.091 1.085 1.093
-9999 -9999 -9999 -9999 -9999 -9999 -9999 -9999 -9999 -9999 -9999 -9999 -9999 -9999 -9999 -9999 -9999 -9999 -9999 0.795 0.812 0.842 0.85 0.85 0.856 0.864 0.869 0.859 0.87 0.886 0.894 0.898 0.914 0.939 0.946 0.954 0.96 0.959 0.962 0.953 0.946 0.949 0.954 0.951 0.952 0.944 0.938 0.938 0.949 0.959 0.956 0.951 0.963 0.98 0.986 0.99 0.998 0.997 1.004 1.015 1.029 1.045 1.047 1.052 1.063 1.073 1.07 1.066 1.088 1.1 1.098 1.104 1.11 1.11 1.113 1.112 1.125
-9999 -9999 -9999 -9999 -9999 -9999 -9999 -9999 -9999 -9999 -9999 -9999 -9999 -9999 -9999 -9999 -9999 -9999 0.8 0.811 0.833 0.855 0.858 0.858 0.869 0.879 0.874 0.865 0.88 0.896 0.9 0.904 0.928 0.953 0.962 0.97 0.971 0.971 0.965 0.957 0.962 0.965 0.966 0.963 0.958 0.951 0.951 0.951 0.961 0.971 0.968 0.962 0.974 0.987 0.992 0.995 1.003 1.011 1.018 1.025 1.04 1.055 1.058 1.057 1.068 1.078 1.076 1.068 1.088 1.11 1.109 1.106 1.111 1.114 1.117 1.118 1.132
-9999 -9999 -9999 -9999 -9999 -9999 -9999 -9999 -9999 -9999 -9999 -9999 -9999 -9999 -9999 -9999 0.792 0.802 0.811 0.814 0.835 0.857 0.863 0.872 0.881 0.886 0.887 0.892 0.908 0.921 0.926 0.926 0.945 0.956 0.967 0.982 0.984 0.982 0.976 0.963 0.966 0.968 0.97 0.975 0.973 0.973 0.969 0.951 0.957 0.96 0.97 0.971 0.997 1.019 1.02 1.022 1.016 1.015 1.021 1.027 1.046 1.064 1.072 1.076 1.083 1.091 1.089 1.081 1.09 1.105 1.109 1.108 1.112 1.114 1.127 1.134 1.15
-9999 -9999 -9999 -9999 -9999 -9999 -9999 -9999 -9999 -9999 -9999 -9999 -9999 -9999 -9999 0.79 0.804 0.81 0.816 0.818 0.839 0.86 0.871 0.88 0.887 0.892 0.9 0.907 0.92 0.934 0.937 0.939 0.95 0.959 0.973 0.988 0.99 0.989 0.981 0.968 0.971 0.972 0.979 0.984 0.985 0.987 0.973 0.955 0.958 0.96 0.968 0.977 1.003 1.032 1.034 1.034 1.028 1.019 1.024 1.028 1.046 1.066 1.074 1.082 1.09 1.097 1.095 1.086 1.094 1.103 1.105 1.106 1.109 1.112 1.123 1.137 1.152
-9999 -9999 -9999 -9999 -9999 -9999 -9999 -9999 -9999 -9999 -9999 -9999 0.726 0.751 0.777 0.797 0.812 0.829 0.835 0.841 0.859 0.871 0.874 0.859 0.871 0.898 0.908 0.923 0.937 0.951 0.958 0.966 0.975 0.979 0.988 0.986 0.99 0.998 0.997 1.003 1.004 0.994 1.002 1.009 1.009 0.998 0.988 0.979 0.977 0.976 0.982 0.99 0.989 1.002 1.02 1.028 1.045 1.05 1.049 1.05 1.056 1.069 1.07 1.073 1.079 1.083 1.097 1.098 1.101 1.106 1.115 1.12 1.105 1.097 1.121 1.141 1.149
-9999 -9999 -9999 -9999 -9999 -9999 -9999 -9999 -9999 -9999 0.707 0.716 0.74 0.764 0.784 0.804 0.822 0.839 0.847 0.853 0.866 0.879 0.869 0.854 0.878 0.903 0.918 0.933 0.946 0.959 0.968 0.976 0.983 0.988 0.988 0.986 0.995 1.003 1.012 1.02 1.015 1.006 1.014 1.021 1.015 1.005 1.0 0.992 0.99 0.986 0.992 0.998 0.997 0.994 1.01 1.027 1.043 1.06 1.06 1.058 1.064 1.07 1.071 1.07 1.075 1.075 1.086 1.097 1.101 1.102 1.112 1.121 1.109 1.09 1.112 1.138 1.147
-9999 -9999 -9999 -9999 -9999 -9999 0.694 0.716 0.716 0.715 0.723 0.754 0.777 0.791 0.809 0.821 0.841 0.865 0.871 0.867 0.876 0.876 0.874 0.881 0.898 0.906 0.918 0.928 0.944 0.97 0.978 0.983 0.988 0.987 0.993 1.004 1.013 1.017 1.025 1.026 1.026 1.028 1.033 1.032 1.026 1.016 1.011 1.003 1.002 1.0 1.006 1.012 1.011 1.007 1.03 1.052 1.049 1.055 1.065 1.068 1.072 1.076 1.082 1.084 1.081 1.078 1.092 1.106 1.101 1.098 1.094 1.096 1.106 1.102 1.112 1.131 1.127
-9999 -9999 -9999 -9999 -9999 0.686 0.709 0.723 0.737 0.739 0.756 0.775 0.791 0.806 0.82 0.832 0.855 0.878 0.879 0.877 0.879 0.879 0.887 0.895 0.903 0.909 0.917 0.926 0.948 0.974 0.98 0.985 0.987 0.987 0.999 1.012 1.018 1.023 1.027 1.029 1.034 1.037 1.038 1.038 1.031 1.021 1.016 1.009 1.008 1.005 1.011 1.018 1.016 1.012 1.034 1.06 1.058 1.052 1.061 1.07 1.074 1.077 1.083 1.087 1.083 1.075 1.089 1.105 1.101 1.092 1.088 1.081 1.091 1.102 1.113 1.125 1.121
-9999 -9999 -9999 -9999 0.68 0.706 0.729 0.744 0.755 0.76 0.775 0.794 0.813 0.833 0.845 0.849 0.867 0.872 0.877 0.889 0.892 0.895 0.903 0.906 0.914 0.923 0.932 0.939 0.958 0.974 0.982 0.994 0.996 0.994 1.006 1.02 1.029 1.039 1.044 1.044 1.046 1.037 1.038 1.034 1.028 1.02 1.013 1.001 1.002 1.008 1.015 1.021 1.027 1.028 1.04 1.061 1.068 1.068 1.065 1.066 1.063 1.062 1.077 1.085 1.091 1.088 1.088 1.095 1.098 1.094 1.11 1.117 1.108 1.108 1.11 1.117 1.115
