Validation/Results/raw data/ReClimate_04_2024_2_Temperature-Actuals 2.asc
NCOLS 192
NROWS 249
XLLCENTER -225160.85627316462
YLLCENTER 29788.11610251502
CELLSIZE 5000.0
NODATA_VALUE -9999
[rows 136 to 169 of 249, columns 75 to 149 of 192]
12.95 -9999 -9999 -9999 -9999 -9999 -9999 -9999 -9999 -9999 12.98 -9999 13.202 12.882 13.051 13.22 13.609 13.831 13.806 13.496 12.376 12.76 12.971 13.142 13.781 13.829 13.812 13.876 13.311 13.075 -9999 -9999 -9999 -9999 -9999 -9999 14.233 14.36 14.306 14.073 13.989 13.834 13.247 12.902 13.145 13.125 13.113 13.566 13.241 13.083 13.569 13.79 13.942 13.873 14.281 14.5 14.442 14.034 13.874 -9999 -9999 -9999 -9999 -9999 -9999 -9999 -9999 -9999 -9999 -9999 -9999 -9999 -9999 -9999 -9999
12.415 13.804 -9999 -9999 -9999 -9999 -9999 -9999 -9999 -9999 12.928 12.996 13.215 13.398 13.22 13.302 13.532 13.737 13.983 13.576 13.145 12.533 12.839 13.208 13.798 13.701 13.582 13.873 13.375 13.688 -9999 -9999 -9999 -9999 14.074 14.112 14.219 14.35 14.407 14.333 14.117 13.309 12.476 12.529 12.77 12.373 13.123 12.998 12.732 13.346 13.228 13.425 13.905 13.992 13.703 14.165 14.294 13.981 13.99 -9999 -9999 -9999 -9999 -9999 -9999 -9999 -9999 -9999 -9999 -9999 -9999 -9999 -9999 -9999 -9999
13.355 13.317 13.418 -9999 -9999 -9999 -9999 -9999 -9999 -9999 12.745 13.041 13.087 -9999 -9999 13.293 13.412 13.682 13.82 -9999 13.734 13.55 13.545 13.63 13.863 13.442 13.728 13.944 -9999 -9999 -9999 -9999 -9999 14.002 14.115 14.167 14.221 14.228 14.233 14.247 13.803 13.02 11.89 11.695 12.292 11.993 12.629 12.092 12.409 12.815 12.703 13.273 13.277 13.445 13.597 13.899 14.087 13.839 13.93 -9999 -9999 -9999 -9999 -9999 -9999 -9999 -9999 -9999 -9999 -9999 -9999 -9999 -9999 -9999 -9999
12.908 12.575 13.221 -9999 -9999 -9999 -9999 -9999 -9999 -9999 -9999 12.969 13.246 -9999 -9999 -9999 13.564 13.496 13.679 13.804 -9999 -9999 13.756 13.814 13.775 13.232 13.252 -9999 -9999 -9999 -9999 -9999 13.753 13.898 14.088 14.158 14.11 14.011 14.077 13.767 13.538 13.203 12.097 11.867 11.143 11.886 11.399 11.276 11.82 12.267 12.177 12.514 13.152 13.322 13.366 13.876 14.147 13.76 13.586 -9999 -9999 -9999 -9999 -9999 -9999 -9999 -9999 -9999 -9999 -9999 -9999 -9999 -9999 -9999 -9999
12.879 13.576 -9999 -9999 -9999 -9999 -9999 -9999 -9999 -9999 -9999 -9999 13.15 -9999 -9999 -9999 -9999 13.564 13.338 13.406 -9999 -9999 -9999 13.722 13.77 -9999 -9999 -9999 -9999 -9999 -9999 -9999 13.8 14.044 14.017 13.729 13.44 13.551 13.671 13.606 13.787 13.436 12.679 11.579 11.49 11.527 10.639 10.865 11.321 11.963 11.859 12.037 12.724 13.3 13.704 13.969 14.099 13.739 13.553 -9999 -9999 -9999 -9999 -9999 -9999 -9999 -9999 -9999 -9999 -9999 -9999 -9999 -9999 -9999 -9999
14.131 -9999 -9999 -9999 -9999 -9999 -9999 -9999 -9999 -9999 -9999 -9999 12.826 -9999 -9999 -9999 -9999 -9999 13.43 13.298 -9999 -9999 -9999 -9999 -9999 -9999 -9999 -9999 -9999 -9999 -9999 -9999 13.977 13.649 13.33 13.047 12.826 13.087 13.325 13.541 13.666 13.393 12.899 11.815 10.737 10.111 10.457 10.896 12.04 12.339 12.495 12.79 12.923 12.977 13.573 14.005 13.955 13.682 13.626 13.838 -9999 -9999 -9999 -9999 -9999 -9999 -9999 -9999 -9999 -9999 -9999 -9999 -9999 -9999 -9999
-9999 14.041 13.676 13.498 13.761 -9999 -9999 -9999 -9999 -9999 -9999 -9999 12.774 -9999 -9999 -9999 -9999 -9999 -9999 -9999 -9999 -9999 -9999 -9999 -9999 -9999 -9999 -9999 -9999 -9999 -9999 13.93 13.767 13.674 13.578 13.109 12.084 12.732 12.969 13.083 13.463 13.222 13.435 12.086 10.513 9.962 10.822 11.362 10.688 10.775 11.67 12.315 13.382 13.529 13.531 13.655 13.699 13.758 13.756 13.986 14.255 -9999 -9999 -9999 -9999 -9999 -9999 -9999 -9999 -9999 -9999 -9999 -9999 -9999 -9999
14.599 13.855 13.723 13.771 13.742 -9999 -9999 -9999 -9999 -9999 -9999 -9999 -9999 -9999 -9999 -9999 -9999 -9999 -9999 -9999 -9999 -9999 -9999 -9999 -9999 -9999 -9999 -9999 -9999 -9999 13.912 13.968 13.8 13.696 13.338 12.718 10.719 11.563 12.937 13.294 13.372 13.627 13.42 12.916 11.474 10.168 10.798 10.917 11.126 11.537 11.567 11.993 12.687 13.619 13.79 13.859 13.782 13.78 13.944 14.312 14.582 -9999 -9999 -9999 -9999 -9999 -9999 -9999 -9999 -9999 -9999 -9999 -9999 -9999 -9999
14.031 14.047 14.116 -9999 13.93 13.799 -9999 -9999 -9999 -9999 -9999 -9999 -9999 -9999 -9999 -9999 -9999 -9999 -9999 -9999 -9999 -9999 -9999 -9999 -9999 -9999 -9999 -9999 -9999 -9999 13.306 13.518 13.687 12.501 12.048 12.282 12.573 12.341 12.298 12.932 13.151 13.295 13.594 13.507 12.425 11.674 10.562 11.166 11.641 11.943 12.168 12.598 13.012 13.383 13.54 13.816 13.812 13.84 13.918 14.316 14.767 14.757 14.466 -9999 -9999 -9999 -9999 -9999 -9999 -9999 -9999 -9999 -9999 -9999 -9999
13.776 13.975 14.13 -9999 -9999 13.782 -9999 -9999 -9999 -9999 -9999 -9999 -9999 -9999 -9999 -9999 -9999 -9999 -9999 -9999 -9999 -9999 -9999 -9999 -9999 -9999 -9999 -9999 -9999 -9999 13.347 13.363 12.85 11.826 13.171 13.15 12.192 11.726 12.629 12.667 12.4 13.348 13.203 13.572 13.57 12.581 11.985 11.532 11.839 12.145 12.667 12.89 13.202 13.5 13.844 13.895 14.054 13.88 14.045 14.307 14.652 14.283 14.157 14.008 14.007 13.592 -9999 -9999 -9999 -9999 -9999 -9999 -9999 -9999 -9999
13.769 13.772 14.045 14.185 -9999 13.73 -9999 -9999 -9999 -9999 -9999 -9999 -9999 -9999 -9999 -9999 -9999 -9999 -9999 -9999 -9999 -9999 -9999 -9999 -9999 -9999 -9999 -9999 -9999 14.028 13.529 13.153 12.118 11.441 11.265 12.087 12.471 12.6 12.347 11.749 12.903 12.176 12.881 13.281 13.464 13.275 13.07 12.525 11.814 12.081 12.585 12.899 13.107 13.38 13.763 14.128 14.167 14.144 14.207 14.376 14.454 14.316 13.429 13.439 13.558 13.463 13.508 13.302 -9999 -9999 -9999 -9999 -9999 -9999 -9999
13.835 14.014 14.101 -9999 13.82 -9999 -9999 -9999 -9999 -9999 -9999 -9999 -9999 -9999 -9999 -9999 -9999 -9999 -9999 -9999 -9999 -9999 -9999 -9999 -9999 -9999 -9999 -9999 -9999 -9999 13.976 13.3 11.997 11.664 11.992 10.377 11.502 12.772 12.234 12.746 11.515 11.844 12.781 13.146 13.081 13.186 12.864 11.061 11.42 11.577 11.526 11.853 12.725 13.14 13.584 14.07 14.256 14.243 14.287 14.424 14.482 14.322 13.719 13.433 13.746 13.708 13.434 13.256 13.272 -9999 -9999 -9999 -9999 -9999 -9999
14.178 14.246 14.124 13.861 13.582 -9999 -9999 -9999 -9999 -9999 -9999 -9999 -9999 -9999 -9999 -9999 -9999 -9999 -9999 -9999 -9999 -9999 -9999 -9999 -9999 -9999 -9999 -9999 -9999 -9999 -9999 13.754 13.334 13.382 11.665 11.578 12.265 13.625 13.938 12.387 12.324 12.773 12.939 12.55 12.537 12.863 11.794 11.441 11.264 10.696 11.176 11.89 12.191 13.013 13.537 14.08 14.305 14.279 14.31 14.381 13.641 13.399 12.868 12.32 12.698 13.063 13.532 13.282 13.21 13.591 -9999 -9999 -9999 -9999 -9999
14.076 14.269 14.141 13.727 -9999 -9999 -9999 -9999 -9999 -9999 -9999 -9999 -9999 -9999 -9999 -9999 -9999 -9999 -9999 -9999 -9999 -9999 -9999 -9999 -9999 -9999 -9999 -9999 -9999 -9999 -9999 14.189 14.013 13.614 12.721 11.926 11.765 13.624 13.103 13.398 13.701 13.651 13.277 12.67 11.545 12.543 11.71 10.986 11.518 12.45 12.63 12.53 12.715 13.017 13.801 14.309 14.469 14.438 14.204 13.707 13.275 12.85 13.106 12.953 12.864 12.733 12.823 13.108 13.17 13.418 14.037 -9999 -9999 -9999 -9999
13.944 13.929 13.732 13.588 -9999 -9999 -9999 -9999 -9999 -9999 -9999 -9999 -9999 -9999 -9999 -9999 -9999 -9999 -9999 -9999 -9999 -9999 -9999 -9999 -9999 -9999 -9999 -9999 -9999 -9999 -9999 -9999 13.424 13.011 12.849 12.202 13.323 13.209 13.746 14.04 14.11 13.888 13.518 12.854 12.912 11.349 11.661 11.896 11.954 12.51 12.57 12.397 13.2 13.431 14.021 14.377 14.61 14.592 14.203 13.688 13.41 13.224 13.131 13.199 13.236 13.132 13.021 13.05 13.396 13.571 13.864 -9999 -9999 -9999 -9999
-9999 -9999 -9999 -9999 -9999 -9999 -9999 -9999 -9999 -9999 -9999 -9999 -9999 -9999 -9999 -9999 -9999 -9999 -9999 -9999 -9999 -9999 -9999 -9999 -9999 -9999 -9999 -9999 -9999 -9999 -9999 -9999 14.15 12.579 13.275 14.151 13.701 13.994 14.033 14.393 14.312 13.72 13.664 13.617 11.493 12.09 11.664 11.635 11.659 12.739 12.821 13.002 13.179 13.686 13.969 14.416 14.639 14.661 14.443 13.687 13.247 13.418 13.63 13.627 13.665 13.613 13.583 13.222 13.026 13.541 13.638 14.079 -9999 -9999 -9999
-9999 -9999 -9999 -9999 -9999 -9999 -9999 -9999 -9999 -9999 -9999 -9999 -9999 -9999 -9999 -9999 -9999 -9999 -9999 -9999 -9999 -9999 -9999 -9999 -9999 -9999 -9999 -9999 -9999 -9999 -9999 -9999 -9999 13.928 14.623 14.4 14.141 14.35 14.258 14.551 14.312 13.965 13.989 13.073 11.998 11.393 11.29 10.885 11.602 11.769 12.138 12.704 12.76 13.238 13.864 14.327 14.574 14.472 14.334 14.202 13.294 13.239 13.919 14.317 14.185 14.216 14.24 14.131 13.853 13.965 14.21 14.036 -9999 -9999 -9999
-9999 -9999 -9999 -9999 -9999 -9999 -9999 -9999 -9999 -9999 -9999 -9999 -9999 -9999 -9999 -9999 -9999 -9999 -9999 -9999 -9999 -9999 -9999 -9999 -9999 -9999 -9999 -9999 -9999 -9999 -9999 -9999 -9999 14.26 -9999 14.372 14.738 14.496 14.476 -9999 14.449 14.105 14.006 13.192 11.967 11.878 11.776 11.258 11.701 11.706 11.068 11.997 12.421 12.773 13.281 14.061 14.446 14.399 14.286 14.328 14.314 13.957 14.267 14.528 14.376 14.128 14.186 14.298 14.323 14.323 13.962 13.655 13.637 -9999 -9999
-9999 -9999 -9999 -9999 -9999 -9999 -9999 -9999 -9999 -9999 -9999 -9999 -9999 -9999 -9999 -9999 -9999 -9999 -9999 -9999 -9999 -9999 -9999 -9999 -9999 -9999 -9999 -9999 -9999 -9999 -9999 -9999 -9999 -9999 14.642 14.531 -9999 -9999 -9999 -9999 14.649 14.398 14.418 13.759 13.275 12.252 12.091 11.93 11.816 12.637 12.183 11.53 12.396 12.653 13.292 13.859 14.416 14.637 14.638 14.596 14.588 14.452 14.233 14.349 14.183 14.048 14.137 14.143 13.95 13.964 14.154 13.906 13.649 13.482 13.474
-9999 -9999 -9999 -9999 -9999 -9999 -9999 -9999 -9999 -9999 -9999 -9999 -9999 -9999 -9999 -9999 -9999 -9999 -9999 -9999 -9999 -9999 -9999 -9999 -9999 -9999 -9999 -9999 -9999 -9999 -9999 -9999 -9999 -9999 14.514 14.618 -9999 -9999 -9999 -9999 14.766 14.356 14.586 14.145 13.332 13.507 13.341 12.484 12.404 12.6 12.793 11.675 12.323 12.685 13.069 13.686 14.393 14.754 14.855 14.876 14.814 14.722 14.538 14.345 14.271 14.188 14.157 13.993 13.733 13.564 13.689 13.904 13.999 13.901 13.796
-9999 -9999 -9999 -9999 -9999 -9999 -9999 -9999 -9999 -9999 -9999 -9999 -9999 -9999 -9999 -9999 -9999 -9999 -9999 -9999 -9999 -9999 -9999 -9999 -9999 -9999 -9999 -9999 -9999 -9999 -9999 -9999 -9999 -9999 14.574 -9999 -9999 -9999 -9999 14.968 14.573 14.235 13.541 13.18 13.224 13.279 13.41 12.853 12.361 12.967 12.964 12.865 12.325 12.903 13.234 13.719 14.167 14.633 14.76 14.894 14.969 14.947 14.877 14.736 14.64 14.318 13.778 13.705 13.683 13.782 13.908 14.074 14.17 14.147 -9999
-9999 -9999 -9999 -9999 -9999 -9999 -9999 -9999 -9999 -9999 -9999 -9999 -9999 -9999 -9999 -9999 -9999 -9999 -9999 -9999 -9999 -9999 -9999 -9999 -9999 -9999 -9999 -9999 -9999 -9999 -9999 -9999 -9999 -9999 -9999 -9999 -9999 -9999 -9999 14.682 14.22 13.28 12.445 12.126 12.734 13.443 13.408 13.586 13.466 13.593 13.403 13.198 12.913 12.95 13.443 13.792 14.077 14.454 14.681 14.835 15.018 15.125 15.127 14.99 14.814 14.596 13.74 13.258 13.824 14.072 14.311 14.35 14.345 14.208 -9999
-9999 -9999 -9999 -9999 -9999 -9999 -9999 -9999 -9999 -9999 -9999 -9999 -9999 -9999 -9999 -9999 -9999 -9999 -9999 -9999 -9999 -9999 -9999 -9999 -9999 -9999 -9999 -9999 -9999 -9999 -9999 -9999 -9999 -9999 -9999 -9999 -9999 -9999 -9999 14.514 14.201 13.509 12.663 12.703 13.304 13.475 13.837 13.805 13.776 13.797 13.719 13.942 13.417 13.374 13.461 13.742 14.02 14.39 14.721 14.804 14.973 15.218 15.215 15.088 14.892 14.711 14.262 13.605 13.813 14.237 14.421 14.514 14.437 14.275 -9999
-9999 -9999 -9999 -9999 -9999 -9999 -9999 -9999 -9999 -9999 -9999 -9999 -9999 -9999 -9999 -9999 -9999 -9999 -9999 -9999 -9999 -9999 -9999 -9999 -9999 -9999 -9999 -9999 -9999 -9999 -9999 -9999 -9999 -9999 -9999 -9999 -9999 -9999 14.577 14.478 14.107 13.287 12.758 12.544 13.277 13.314 14.164 13.839 13.843 13.523 13.541 13.441 14.229 14.173 14.313 14.243 14.473 14.395 14.584 14.742 14.804 14.932 15.172 15.05 14.842 14.631 14.533 14.09 14.002 14.27 14.474 14.564 14.53 14.365 14.214
-9999 -9999 -9999 -9999 -9999 -9999 -9999 -9999 -9999 -9999 -9999 -9999 -9999 -9999 -9999 -9999 -9999 -9999 -9999 -9999 -9999 -9999 -9999 -9999 -9999 -9999 -9999 -9999 -9999 -9999 -9999 -9999 -9999 -9999 -9999 -9999 -9999 -9999 14.659 14.664 14.443 13.983 13.226 14.006 13.859 14.428 13.812 13.335 13.395 13.001 13.189 13.836 13.673 14.226 14.257 14.254 14.331 14.504 14.461 14.597 14.761 14.838 14.915 14.843 14.583 14.453 14.486 14.484 14.168 14.231 14.448 14.587 14.65 14.509 14.305
-9999 -9999 -9999 -9999 -9999 -9999 -9999 -9999 -9999 -9999 -9999 -9999 -9999 -9999 -9999 -9999 -9999 -9999 -9999 -9999 -9999 -9999 -9999 -9999 -9999 -9999 -9999 -9999 -9999 -9999 -9999 -9999 -9999 -9999 -9999 -9999 -9999 14.705 14.772 14.759 14.918 14.425 14.407 14.32 14.563 14.435 13.741 13.679 13.335 12.867 13.128 13.627 14.549 14.235 14.749 14.746 14.649 14.462 14.495 14.537 14.708 14.776 14.773 14.673 14.445 14.341 14.429 14.515 14.399 14.169 14.404 14.781 14.941 14.79 14.524
-9999 -9999 -9999 -9999 -9999 -9999 -9999 -9999 -9999 -9999 -9999 -9999 -9999 -9999 -9999 -9999 -9999 -9999 -9999 -9999 -9999 -9999 -9999 -9999 -9999 -9999 -9999 -9999 -9999 -9999 -9999 -9999 -9999 -9999 -9999 -9999 -9999 14.788 14.627 14.762 14.87 14.757 14.641 14.638 14.426 14.127 14.283 14.022 13.232 12.163 12.557 13.091 13.932 14.57 14.58 15.051 15.209 14.958 14.584 14.621 14.747 14.801 14.777 14.709 14.534 14.455 14.513 14.613 14.489 14.272 14.552 15.079 15.267 15.141 14.777
-9999 -9999 -9999 -9999 -9999 -9999 -9999 -9999 -9999 -9999 -9999 -9999 -9999 -9999 -9999 -9999 -9999 -9999 -9999 -9999 -9999 -9999 -9999 -9999 -9999 -9999 -9999 -9999 -9999 -9999 -9999 -9999 -9999 -9999 -9999 -9999 -9999 14.762 14.774 14.894 15.0 14.961 14.878 14.559 14.285 14.173 13.8 13.134 12.318 12.305 12.678 13.09 13.792 14.481 14.537 14.636 15.109 15.337 15.158 14.945 14.95 14.904 14.841 14.822 14.732 14.662 14.702 14.748 14.792 14.644 14.765 15.225 15.397 15.23 14.947
-9999 -9999 -9999 -9999 -9999 -9999 -9999 -9999 -9999 -9999 -9999 -9999 -9999 -9999 -9999 -9999 -9999 -9999 -9999 -9999 -9999 -9999 -9999 -9999 -9999 -9999 -9999 -9999 -9999 -9999 -9999 -9999 -9999 -9999 -9999 -9999 -9999 -9999 14.861 14.926 15.016 14.973 14.515 14.046 13.798 13.663 13.581 13.294 12.789 13.032 13.113 13.738 14.699 14.916 14.934 14.683 15.086 15.333 15.17 15.07 15.089 14.997 14.922 14.911 14.892 14.848 14.846 14.872 14.852 14.904 14.936 -9999 15.23 -9999 14.927
-9999 -9999 -9999 -9999 -9999 -9999 -9999 -9999 -9999 -9999 -9999 -9999 -9999 -9999 -9999 -9999 -9999 -9999 -9999 -9999 -9999 -9999 -9999 -9999 -9999 -9999 -9999 -9999 -9999 -9999 -9999 -9999 -9999 -9999 -9999 -9999 -9999 14.942 14.915 14.947 15.02 14.848 14.217 13.407 13.357 13.597 13.169 13.092 13.311 12.985 12.726 13.373 14.259 15.194 14.945 14.957 15.279 15.267 15.033 15.048 15.071 15.077 15.019 14.998 14.974 14.95 14.942 14.759 14.767 14.853 14.714 14.71 14.865 14.901 -9999
-9999 -9999 -9999 -9999 -9999 -9999 -9999 -9999 -9999 -9999 -9999 -9999 -9999 -9999 -9999 -9999 -9999 -9999 -9999 -9999 -9999 -9999 -9999 -9999 -9999 -9999 -9999 -9999 -9999 -9999 -9999 -9999 -9999 -9999 -9999 -9999 -9999 14.997 14.97 14.974 14.886 14.559 14.25 13.805 13.579 13.868 13.847 13.924 14.069 13.408 12.955 13.417 14.137 14.53 14.44 14.538 14.86 14.962 14.727 14.78 15.003 15.095 15.158 15.118 15.062 15.002 15.018 15.037 14.777 14.841 14.816 14.566 14.656 14.786 14.863
-9999 -9999 -9999 -9999 -9999 -9999 -9999 -9999 -9999 -9999 -9999 -9999 -9999 -9999 -9999 -9999 -9999 -9999 -9999 -9999 -9999 -9999 -9999 -9999 -9999 -9999 -9999 -9999 -9999 -9999 -9999 -9999 -9999 -9999 -9999 -9999 14.988 14.978 14.869 14.739 14.646 14.759 14.711 14.212 14.462 14.584 14.639 14.746 14.515 13.73 12.732 12.535 13.279 13.824 13.714 14.161 14.732 14.842 14.895 14.81 15.001 15.178 15.272 15.245 15.161 15.062 15.052 15.087 15.009 14.862 14.853 14.552 14.475 14.652 14.82
-9999 -9999 -9999 -9999 -9999 -9999 -9999 -9999 -9999 -9999 -9999 -9999 -9999 -9999 -9999 -9999 -9999 -9999 -9999 -9999 -9999 -9999 -9999 -9999 -9999 -9999 -9999 -9999 -9999 -9999 -9999 -9999 -9999 -9999 -9999 -9999 14.984 15.058 14.967 14.931 14.82 14.727 15.025 14.985 15.036 15.054 15.09 15.102 14.842 14.226 13.463 12.3 11.954 12.944 13.212 13.665 14.442 14.629 15.065 15.198 15.059 15.209 15.366 15.363 15.254 15.109 15.05 15.079 14.994 14.916 14.879 14.788 14.285 14.404 14.664
-9999 -9999 -9999 -9999 -9999 -9999 -9999 -9999 -9999 -9999 -9999 -9999 -9999 -9999 -9999 -9999 -9999 -9999 -9999 -9999 -9999 -9999 -9999 -9999 -9999 -9999 -9999 -9999 -9999 -9999 -9999 -9999 -9999 -9999 -9999 -9999 -9999 15.321 15.316 15.366 15.197 15.312 15.286 15.297 15.36 15.398 15.572 15.55 15.287 14.811 13.875 12.824 11.811 11.659 12.598 13.34 14.095 14.725 14.793 15.095 15.05 15.103 15.326 15.369 15.251 15.092 15.035 15.005 14.938 14.883 14.891 14.784 14.434 14.185 14.382
