Validation/Results/raw data/ReClimate_01_2024_1_Temperature.asc
NCOLS 192
NROWS 249
XLLCENTER -225160.85627316462
YLLCENTER 29788.11610251502
CELLSIZE 5000.0
NODATA_VALUE -9999
[rows 136 to 169 of 249, columns 77 to 153 of 192]
-9999 -9999 -9999 -9999 -9999 -9999 -9999 -9999 -0.101 -9999 -0.069 -0.052 -0.045 -0.042 -0.037 -0.036 -0.023 -0.01 0.018 0.047 0.049 0.048 0.058 0.068 0.074 0.077 0.099 0.123 -9999 -9999 -9999 -9999 -9999 -9999 0.117 0.12 0.123 0.125 0.127 0.122 0.119 0.116 0.116 0.116 0.114 0.111 0.101 0.09 0.078 0.065 0.066 0.067 0.067 0.066 0.064 0.048 0.008 -9999 -9999 -9999 -9999 -9999 -9999 -9999 -9999 -9999 -9999 -9999 -9999 -9999 -9999 -9999 -9999 -9999 -9999 -9999 -9999
-9999 -9999 -9999 -9999 -9999 -9999 -9999 -9999 -0.105 -0.085 -0.067 -0.052 -0.046 -0.037 -0.028 -0.016 -0.004 -0.002 0.021 0.04 0.044 0.05 0.062 0.075 0.084 0.09 0.103 0.098 -9999 -9999 -9999 -9999 0.107 0.119 0.123 0.125 0.129 0.129 0.13 0.126 0.126 0.13 0.13 0.129 0.125 0.116 0.107 0.093 0.091 0.083 0.073 0.067 0.062 0.057 0.055 0.053 0.014 -9999 -9999 -9999 -9999 -9999 -9999 -9999 -9999 -9999 -9999 -9999 -9999 -9999 -9999 -9999 -9999 -9999 -9999 -9999 -9999
-0.155 -9999 -9999 -9999 -9999 -9999 -9999 -9999 -0.103 -0.088 -0.071 -9999 -9999 -0.038 -0.024 -0.01 -0.003 -9999 0.016 0.035 0.044 0.05 0.064 0.078 0.088 0.094 -9999 -9999 -9999 -9999 -9999 0.1 0.108 0.121 0.125 0.128 0.13 0.129 0.129 0.125 0.128 0.132 0.131 0.131 0.124 0.115 0.105 0.093 0.09 0.087 0.078 0.066 0.061 0.053 0.05 0.046 0.022 -9999 -9999 -9999 -9999 -9999 -9999 -9999 -9999 -9999 -9999 -9999 -9999 -9999 -9999 -9999 -9999 -9999 -9999 -9999 -9999
-0.15 -9999 -9999 -9999 -9999 -9999 -9999 -9999 -9999 -0.105 -0.097 -9999 -9999 -9999 -0.044 -0.019 -0.011 -0.006 -9999 -9999 0.043 0.052 0.061 0.064 0.075 -9999 -9999 -9999 -9999 -9999 0.092 0.097 0.107 0.113 0.122 0.139 0.142 0.137 0.128 0.107 0.114 0.13 0.127 0.118 0.116 0.125 0.117 0.109 0.103 0.099 0.084 0.069 0.061 0.053 0.059 0.061 0.041 -9999 -9999 -9999 -9999 -9999 -9999 -9999 -9999 -9999 -9999 -9999 -9999 -9999 -9999 -9999 -9999 -9999 -9999 -9999 -9999
-9999 -9999 -9999 -9999 -9999 -9999 -9999 -9999 -9999 -9999 -0.11 -9999 -9999 -9999 -9999 -0.024 -0.016 -0.009 -9999 -9999 -9999 0.045 0.051 -9999 -9999 -9999 -9999 -9999 -9999 -9999 0.089 0.097 0.104 0.111 0.126 0.144 0.144 0.136 0.118 0.098 0.111 0.127 0.119 0.11 0.117 0.126 0.12 0.112 0.107 0.099 0.086 0.068 0.061 0.052 0.057 0.063 0.044 -9999 -9999 -9999 -9999 -9999 -9999 -9999 -9999 -9999 -9999 -9999 -9999 -9999 -9999 -9999 -9999 -9999 -9999 -9999 -9999
-9999 -9999 -9999 -9999 -9999 -9999 -9999 -9999 -9999 -9999 -0.103 -9999 -9999 -9999 -9999 -9999 -0.019 -0.008 -9999 -9999 -9999 -9999 -9999 -9999 -9999 -9999 -9999 -9999 -9999 -9999 0.089 0.111 0.122 0.138 0.15 0.15 0.149 0.141 0.126 0.111 0.116 0.106 0.108 0.127 0.133 0.137 0.128 0.109 0.103 0.096 0.081 0.063 0.052 0.041 0.043 0.046 0.033 0.013 -9999 -9999 -9999 -9999 -9999 -9999 -9999 -9999 -9999 -9999 -9999 -9999 -9999 -9999 -9999 -9999 -9999 -9999 -9999
-0.123 -0.152 -0.151 -9999 -9999 -9999 -9999 -9999 -9999 -9999 -0.101 -9999 -9999 -9999 -9999 -9999 -9999 -9999 -9999 -9999 -9999 -9999 -9999 -9999 -9999 -9999 -9999 -9999 -9999 0.081 0.098 0.117 0.133 0.148 0.15 0.151 0.149 0.14 0.127 0.114 0.106 0.096 0.111 0.13 0.133 0.137 0.122 0.104 0.099 0.092 0.078 0.059 0.049 0.036 0.037 0.039 0.025 0.009 -0.005 -9999 -9999 -9999 -9999 -9999 -9999 -9999 -9999 -9999 -9999 -9999 -9999 -9999 -9999 -9999 -9999 -9999 -9999
-0.12 -0.149 -0.145 -9999 -9999 -9999 -9999 -9999 -9999 -9999 -9999 -9999 -9999 -9999 -9999 -9999 -9999 -9999 -9999 -9999 -9999 -9999 -9999 -9999 -9999 -9999 -9999 -9999 0.072 0.079 0.094 0.108 0.122 0.137 0.14 0.142 0.14 0.134 0.126 0.125 0.111 0.084 0.1 0.125 0.124 0.115 0.103 0.094 0.097 0.116 0.093 0.07 0.055 0.039 0.02 0.009 0.011 0.004 -0.02 -9999 -9999 -9999 -9999 -9999 -9999 -9999 -9999 -9999 -9999 -9999 -9999 -9999 -9999 -9999 -9999 -9999 -9999
-0.119 -9999 -0.141 -0.139 -9999 -9999 -9999 -9999 -9999 -9999 -9999 -9999 -9999 -9999 -9999 -9999 -9999 -9999 -9999 -9999 -9999 -9999 -9999 -9999 -9999 -9999 -9999 -9999 0.078 0.079 0.091 0.103 0.117 0.132 0.135 0.137 0.136 0.129 0.127 0.126 0.104 0.077 0.097 0.12 0.113 0.105 0.098 0.089 0.104 0.122 0.1 0.071 0.057 0.039 0.021 -0.002 -0.001 0.002 -0.022 -0.05 -0.042 -9999 -9999 -9999 -9999 -9999 -9999 -9999 -9999 -9999 -9999 -9999 -9999 -9999 -9999 -9999 -9999
-0.124 -9999 -9999 -0.136 -9999 -9999 -9999 -9999 -9999 -9999 -9999 -9999 -9999 -9999 -9999 -9999 -9999 -9999 -9999 -9999 -9999 -9999 -9999 -9999 -9999 -9999 -9999 -9999 0.087 0.091 0.108 0.135 0.142 0.132 0.13 0.121 0.121 0.12 0.119 0.123 0.105 0.092 0.104 0.105 0.1 0.101 0.096 0.093 0.085 0.088 0.088 0.073 0.072 0.063 0.052 0.035 0.026 0.023 0.016 -0.0 -0.019 -0.037 -0.041 -0.035 -9999 -9999 -9999 -9999 -9999 -9999 -9999 -9999 -9999 -9999 -9999 -9999 -9999
-0.115 -0.115 -9999 -0.132 -9999 -9999 -9999 -9999 -9999 -9999 -9999 -9999 -9999 -9999 -9999 -9999 -9999 -9999 -9999 -9999 -9999 -9999 -9999 -9999 -9999 -9999 -9999 0.073 0.086 0.094 0.118 0.145 0.138 0.129 0.122 0.113 0.116 0.114 0.115 0.119 0.109 0.098 0.097 0.097 0.097 0.097 0.095 0.093 0.085 0.075 0.074 0.072 0.071 0.069 0.059 0.047 0.039 0.03 0.024 0.016 0.0 -0.02 -0.035 -0.046 -0.04 -0.04 -9999 -9999 -9999 -9999 -9999 -9999 -9999 -9999 -9999 -9999 -9999
-0.106 -9999 -0.113 -9999 -9999 -9999 -9999 -9999 -9999 -9999 -9999 -9999 -9999 -9999 -9999 -9999 -9999 -9999 -9999 -9999 -9999 -9999 -9999 -9999 -9999 -9999 -9999 -9999 0.081 0.092 0.11 0.122 0.128 0.156 0.143 0.11 0.114 0.116 0.117 0.118 0.109 0.1 0.098 0.094 0.096 0.1 0.103 0.117 0.111 0.103 0.084 0.072 0.074 0.075 0.062 0.049 0.036 0.023 0.018 0.012 0.014 0.007 -0.021 -0.043 -0.048 -0.042 -0.045 -9999 -9999 -9999 -9999 -9999 -9999 -9999 -9999 -9999 -9999
-0.102 -0.102 -0.11 -9999 -9999 -9999 -9999 -9999 -9999 -9999 -9999 -9999 -9999 -9999 -9999 -9999 -9999 -9999 -9999 -9999 -9999 -9999 -9999 -9999 -9999 -9999 -9999 -9999 -9999 0.085 0.098 0.111 0.135 0.163 0.139 0.108 0.114 0.117 0.116 0.117 0.109 0.1 0.096 0.092 0.096 0.099 0.111 0.125 0.119 0.111 0.093 0.071 0.073 0.076 0.064 0.048 0.036 0.021 0.016 0.011 0.014 0.017 -0.008 -0.04 -0.045 -0.049 -0.045 -0.061 -9999 -9999 -9999 -9999 -9999 -9999 -9999 -9999 -9999
-0.097 -0.103 -9999 -9999 -9999 -9999 -9999 -9999 -9999 -9999 -9999 -9999 -9999 -9999 -9999 -9999 -9999 -9999 -9999 -9999 -9999 -9999 -9999 -9999 -9999 -9999 -9999 -9999 -9999 0.074 0.08 0.094 0.118 0.143 0.121 0.1 0.103 0.095 0.097 0.108 0.105 0.111 0.109 0.107 0.114 0.128 0.13 0.112 0.107 0.102 0.091 0.073 0.073 0.074 0.069 0.059 0.045 0.03 0.02 0.011 0.002 -0.002 -0.01 -0.031 -0.035 -0.038 -0.04 -0.045 -0.079 -9999 -9999 -9999 -9999 -9999 -9999 -9999 -9999
-0.097 -0.104 -9999 -9999 -9999 -9999 -9999 -9999 -9999 -9999 -9999 -9999 -9999 -9999 -9999 -9999 -9999 -9999 -9999 -9999 -9999 -9999 -9999 -9999 -9999 -9999 -9999 -9999 -9999 -9999 0.07 0.082 0.105 0.131 0.116 0.097 0.095 0.087 0.094 0.104 0.109 0.115 0.113 0.111 0.123 0.137 0.123 0.106 0.102 0.098 0.087 0.073 0.073 0.073 0.069 0.063 0.05 0.034 0.024 0.012 0.004 -0.007 -0.015 -0.024 -0.028 -0.031 -0.032 -0.032 -0.063 -9999 -9999 -9999 -9999 -9999 -9999 -9999 -9999
-9999 -9999 -9999 -9999 -9999 -9999 -9999 -9999 -9999 -9999 -9999 -9999 -9999 -9999 -9999 -9999 -9999 -9999 -9999 -9999 -9999 -9999 -9999 -9999 -9999 -9999 -9999 -9999 -9999 -9999 0.068 0.08 0.095 0.098 0.099 0.118 0.112 0.089 0.095 0.105 0.106 0.102 0.104 0.117 0.125 0.13 0.119 0.11 0.102 0.095 0.087 0.075 0.077 0.078 0.06 0.046 0.052 0.047 0.031 0.017 0.011 0.003 -0.01 -0.021 -0.032 -0.039 -0.03 -0.024 -0.046 -0.079 -9999 -9999 -9999 -9999 -9999 -9999 -9999
-9999 -9999 -9999 -9999 -9999 -9999 -9999 -9999 -9999 -9999 -9999 -9999 -9999 -9999 -9999 -9999 -9999 -9999 -9999 -9999 -9999 -9999 -9999 -9999 -9999 -9999 -9999 -9999 -9999 -9999 -9999 0.074 0.078 0.083 0.103 0.124 0.112 0.09 0.096 0.105 0.101 0.097 0.106 0.119 0.122 0.126 0.119 0.111 0.103 0.093 0.085 0.075 0.078 0.08 0.063 0.041 0.046 0.052 0.038 0.02 0.015 0.009 -0.003 -0.017 -0.027 -0.038 -0.03 -0.018 -0.039 -0.065 -9999 -9999 -9999 -9999 -9999 -9999 -9999
-9999 -9999 -9999 -9999 -9999 -9999 -9999 -9999 -9999 -9999 -9999 -9999 -9999 -9999 -9999 -9999 -9999 -9999 -9999 -9999 -9999 -9999 -9999 -9999 -9999 -9999 -9999 -9999 -9999 -9999 -9999 0.066 -9999 0.093 0.111 0.122 0.115 -9999 0.11 0.113 0.106 0.09 0.1 0.113 0.115 0.116 0.109 0.1 0.102 0.099 0.095 0.088 0.089 0.091 0.07 0.047 0.035 0.031 0.031 0.021 0.013 0.005 0.001 -0.008 -0.011 -0.018 -0.021 -0.016 -0.022 -0.039 -0.052 -9999 -9999 -9999 -9999 -9999 -9999
-9999 -9999 -9999 -9999 -9999 -9999 -9999 -9999 -9999 -9999 -9999 -9999 -9999 -9999 -9999 -9999 -9999 -9999 -9999 -9999 -9999 -9999 -9999 -9999 -9999 -9999 -9999 -9999 -9999 -9999 -9999 -9999 0.069 0.093 -9999 -9999 -9999 -9999 0.113 0.117 0.104 0.088 0.098 0.11 0.111 0.112 0.104 0.095 0.098 0.101 0.097 0.093 0.094 0.095 0.076 0.051 0.04 0.026 0.025 0.024 0.016 0.006 0.003 -0.001 -0.005 -0.008 -0.01 -0.012 -0.018 -0.026 -0.038 -0.054 -0.072 -9999 -9999 -9999 -9999
-9999 -9999 -9999 -9999 -9999 -9999 -9999 -9999 -9999 -9999 -9999 -9999 -9999 -9999 -9999 -9999 -9999 -9999 -9999 -9999 -9999 -9999 -9999 -9999 -9999 -9999 -9999 -9999 -9999 -9999 -9999 -9999 0.064 0.078 -9999 -9999 -9999 -9999 0.111 0.112 0.104 0.105 0.109 0.104 0.104 0.102 0.096 0.094 0.104 0.112 0.107 0.103 0.1 0.098 0.088 0.069 0.051 0.033 0.033 0.032 0.035 0.033 0.022 0.015 0.016 0.016 0.014 0.012 0.01 0.005 -0.018 -0.04 -0.055 -9999 -9999 -9999 -9999
-9999 -9999 -9999 -9999 -9999 -9999 -9999 -9999 -9999 -9999 -9999 -9999 -9999 -9999 -9999 -9999 -9999 -9999 -9999 -9999 -9999 -9999 -9999 -9999 -9999 -9999 -9999 -9999 -9999 -9999 -9999 -9999 0.059 -9999 -9999 -9999 -9999 0.101 0.107 0.11 0.11 0.111 0.107 0.102 0.1 0.098 0.097 0.095 0.104 0.116 0.112 0.107 0.104 0.1 0.09 0.077 0.06 0.039 0.038 0.038 0.041 0.044 0.036 0.025 0.026 0.028 0.027 0.025 0.023 0.02 -0.002 -0.027 -9999 -9999 -9999 -9999 -9999
-9999 -9999 -9999 -9999 -9999 -9999 -9999 -9999 -9999 -9999 -9999 -9999 -9999 -9999 -9999 -9999 -9999 -9999 -9999 -9999 -9999 -9999 -9999 -9999 -9999 -9999 -9999 -9999 -9999 -9999 -9999 -9999 -9999 -9999 -9999 -9999 -9999 0.104 0.113 0.119 0.12 0.118 0.114 0.109 0.106 0.098 0.098 0.098 0.108 0.118 0.116 0.111 0.112 0.111 0.1 0.087 0.055 0.025 0.039 0.047 0.036 0.031 0.037 0.035 0.026 0.021 0.022 0.022 0.006 -0.006 -0.001 -0.014 -9999 -9999 -9999 -9999 -9999
-9999 -9999 -9999 -9999 -9999 -9999 -9999 -9999 -9999 -9999 -9999 -9999 -9999 -9999 -9999 -9999 -9999 -9999 -9999 -9999 -9999 -9999 -9999 -9999 -9999 -9999 -9999 -9999 -9999 -9999 -9999 -9999 -9999 -9999 -9999 -9999 -9999 0.102 0.113 0.122 0.122 0.12 0.116 0.112 0.106 0.099 0.099 0.1 0.109 0.119 0.117 0.113 0.115 0.116 0.106 0.092 0.062 0.023 0.036 0.053 0.042 0.029 0.035 0.042 0.033 0.022 0.023 0.024 0.009 -0.01 -0.007 -0.005 -9999 -9999 -9999 -9999 -9999
-9999 -9999 -9999 -9999 -9999 -9999 -9999 -9999 -9999 -9999 -9999 -9999 -9999 -9999 -9999 -9999 -9999 -9999 -9999 -9999 -9999 -9999 -9999 -9999 -9999 -9999 -9999 -9999 -9999 -9999 -9999 -9999 -9999 -9999 -9999 -9999 0.087 0.104 0.118 0.132 0.13 0.12 0.113 0.101 0.097 0.101 0.105 0.115 0.109 0.111 0.114 0.113 0.115 0.117 0.1 0.082 0.076 0.054 0.057 0.069 0.047 0.027 0.039 0.051 0.039 0.026 0.026 0.027 0.034 0.03 0.016 0.006 -0.009 -9999 -9999 -9999 -9999
-9999 -9999 -9999 -9999 -9999 -9999 -9999 -9999 -9999 -9999 -9999 -9999 -9999 -9999 -9999 -9999 -9999 -9999 -9999 -9999 -9999 -9999 -9999 -9999 -9999 -9999 -9999 -9999 -9999 -9999 -9999 -9999 -9999 -9999 -9999 -9999 0.087 0.101 0.118 0.132 0.128 0.119 0.109 0.097 0.099 0.102 0.111 0.122 0.116 0.108 0.111 0.113 0.116 0.118 0.102 0.08 0.075 0.067 0.071 0.077 0.056 0.03 0.041 0.057 0.045 0.031 0.031 0.031 0.038 0.047 0.035 0.02 0.003 -9999 -9999 -9999 -9999
-9999 -9999 -9999 -9999 -9999 -9999 -9999 -9999 -9999 -9999 -9999 -9999 -9999 -9999 -9999 -9999 -9999 -9999 -9999 -9999 -9999 -9999 -9999 -9999 -9999 -9999 -9999 -9999 -9999 -9999 -9999 -9999 -9999 -9999 -9999 0.075 0.085 0.087 0.104 0.125 0.126 0.125 0.119 0.113 0.116 0.121 0.126 0.125 0.127 0.124 0.128 0.131 0.115 0.106 0.099 0.084 0.082 0.077 0.065 0.06 0.062 0.05 0.054 0.064 0.051 0.036 0.038 0.039 0.035 0.037 0.028 0.015 0.014 0.0 -9999 -9999 -9999
-9999 -9999 -9999 -9999 -9999 -9999 -9999 -9999 -9999 -9999 -9999 -9999 -9999 -9999 -9999 -9999 -9999 -9999 -9999 -9999 -9999 -9999 -9999 -9999 -9999 -9999 -9999 -9999 -9999 -9999 -9999 -9999 -9999 -9999 -9999 0.072 0.076 0.078 0.098 0.119 0.125 0.127 0.124 0.119 0.123 0.128 0.127 0.125 0.127 0.129 0.133 0.137 0.122 0.102 0.095 0.086 0.085 0.083 0.071 0.056 0.058 0.061 0.064 0.07 0.057 0.042 0.043 0.044 0.041 0.037 0.028 0.017 0.016 0.014 -9999 -9999 -9999
-9999 -9999 -9999 -9999 -9999 -9999 -9999 -9999 -9999 -9999 -9999 -9999 -9999 -9999 -9999 -9999 -9999 -9999 -9999 -9999 -9999 -9999 -9999 -9999 -9999 -9999 -9999 -9999 -9999 -9999 -9999 -9999 -9999 -9999 -9999 0.062 0.07 0.087 0.106 0.124 0.127 0.12 0.121 0.124 0.126 0.123 0.125 0.132 0.137 0.142 0.135 0.132 0.13 0.118 0.118 0.114 0.102 0.094 0.089 0.079 0.077 0.078 0.073 0.073 0.071 0.063 0.049 0.042 0.038 0.034 0.027 0.017 0.018 0.018 0.01 -9999 -9999
-9999 -9999 -9999 -9999 -9999 -9999 -9999 -9999 -9999 -9999 -9999 -9999 -9999 -9999 -9999 -9999 -9999 -9999 -9999 -9999 -9999 -9999 -9999 -9999 -9999 -9999 -9999 -9999 -9999 -9999 -9999 -9999 -9999 -9999 -9999 -9999 0.072 0.088 0.105 0.122 0.12 0.115 0.122 0.126 0.123 0.121 0.127 0.134 0.139 0.145 0.139 0.13 0.128 0.124 0.124 0.124 0.113 0.099 0.095 0.089 0.088 0.086 0.082 0.076 0.074 0.073 0.061 0.045 0.041 -9999 0.029 -9999 0.021 0.025 0.018 0.012 -9999
-9999 -9999 -9999 -9999 -9999 -9999 -9999 -9999 -9999 -9999 -9999 -9999 -9999 -9999 -9999 -9999 -9999 -9999 -9999 -9999 -9999 -9999 -9999 -9999 -9999 -9999 -9999 -9999 -9999 -9999 -9999 -9999 -9999 -9999 -9999 0.065 0.077 0.078 0.096 0.121 0.121 0.118 0.128 0.137 0.133 0.121 0.129 0.142 0.147 0.149 0.142 0.133 0.135 0.133 0.136 0.137 0.131 0.121 0.101 0.087 0.082 0.078 0.085 0.086 0.077 0.07 0.064 0.052 0.052 0.051 0.033 0.02 -9999 0.025 0.014 0.021 0.014
-9999 -9999 -9999 -9999 -9999 -9999 -9999 -9999 -9999 -9999 -9999 -9999 -9999 -9999 -9999 -9999 -9999 -9999 -9999 -9999 -9999 -9999 -9999 -9999 -9999 -9999 -9999 -9999 -9999 -9999 -9999 -9999 -9999 -9999 -9999 0.07 0.073 0.073 0.094 0.118 0.118 0.116 0.128 0.14 0.133 0.121 0.132 0.145 0.147 0.149 0.143 0.134 0.136 0.137 0.14 0.142 0.137 0.129 0.111 0.087 0.083 0.078 0.084 0.092 0.083 0.072 0.065 0.057 0.058 0.059 0.044 0.025 0.027 -9999 -9999 -9999 -9999
-9999 -9999 -9999 -9999 -9999 -9999 -9999 -9999 -9999 -9999 -9999 -9999 -9999 -9999 -9999 -9999 -9999 -9999 -9999 -9999 -9999 -9999 -9999 -9999 -9999 -9999 -9999 -9999 -9999 -9999 -9999 -9999 -9999 -9999 0.052 0.055 0.066 0.09 0.108 0.118 0.119 0.118 0.128 0.13 0.125 0.117 0.127 0.137 0.154 0.166 0.164 0.159 0.149 0.144 0.143 0.144 0.138 0.131 0.128 0.114 0.11 0.106 0.104 0.108 0.101 0.093 0.083 0.074 0.064 0.059 0.046 0.028 0.037 0.042 0.039 -9999 -9999
-9999 -9999 -9999 -9999 -9999 -9999 -9999 -9999 -9999 -9999 -9999 -9999 -9999 -9999 -9999 -9999 -9999 -9999 -9999 -9999 -9999 -9999 -9999 -9999 -9999 -9999 -9999 -9999 -9999 -9999 -9999 -9999 -9999 -9999 0.033 0.044 0.066 0.091 0.103 0.114 0.117 0.116 0.12 0.122 0.121 0.115 0.124 0.134 0.151 0.17 0.17 0.167 0.158 0.146 0.146 0.144 0.139 0.132 0.129 0.124 0.121 0.117 0.116 0.115 0.109 0.102 0.095 0.084 0.076 0.065 0.052 0.036 0.045 0.056 0.052 0.046 -9999
-9999 -9999 -9999 -9999 -9999 -9999 -9999 -9999 -9999 -9999 -9999 -9999 -9999 -9999 -9999 -9999 -9999 -9999 -9999 -9999 -9999 -9999 -9999 -9999 -9999 -9999 -9999 -9999 -9999 -9999 -9999 -9999 -9999 -9999 -9999 0.062 0.078 0.077 0.088 0.096 0.105 0.123 0.125 0.12 0.118 0.11 0.117 0.119 0.137 0.164 0.17 0.172 0.158 0.143 0.144 0.144 0.136 0.127 0.127 0.123 0.128 0.128 0.125 0.122 0.106 0.093 0.091 0.084 0.078 0.068 0.069 0.062 0.062 0.069 0.077 0.08 0.059
