Validation/Results/raw data/ReClimate_12_2023_2weatherlogisticsltd.asc
NCOLS 192
NROWS 249
XLLCENTER -225160.85627316462
YLLCENTER 29788.11610251502
CELLSIZE 5000.0
NODATA_VALUE -9999
[rows 132 to 164 of 249, columns 75 to 149 of 192]
-9999 -9999 -9999 -9999 -9999 -9999 -9999 -9999 -9999 -9999 -9999 -9999 86.828 86.718 86.292 86.283 85.914 84.968 84.495 84.508 84.974 85.887 85.884 85.137 84.595 84.387 84.565 85.284 85.681 85.664 87.585 89.197 88.785 88.233 88.431 88.997 90.137 90.65 91.366 92.805 92.734 93.44 97.727 99.273 100.787 102.238 103.46 104.594 105.704 106.793 107.855 108.875 109.856 110.812 111.743 112.65 113.519 -9999 -9999 -9999 -9999 -9999 -9999 -9999 -9999 -9999 -9999 -9999 -9999 -9999 -9999 -9999 -9999 -9999 -9999
-9999 -9999 -9999 -9999 -9999 -9999 -9999 -9999 -9999 -9999 -9999 -9999 87.085 87.197 87.176 87.172 86.675 86.937 86.538 85.575 86.115 86.478 85.359 83.345 83.78 85.283 85.51 85.866 86.44 87.664 88.831 89.449 89.302 89.365 90.187 91.497 92.183 93.171 94.286 95.199 95.176 96.579 98.723 100.252 101.747 103.104 104.283 105.419 106.517 107.568 108.552 109.523 110.458 111.361 112.245 113.114 113.976 -9999 -9999 -9999 -9999 -9999 -9999 -9999 -9999 -9999 -9999 -9999 -9999 -9999 -9999 -9999 -9999 -9999 -9999
-9999 -9999 -9999 -9999 -9999 -9999 -9999 -9999 -9999 -9999 -9999 86.4 88.178 88.281 88.078 87.709 87.834 88.047 87.073 85.926 86.142 86.33 85.183 84.873 85.56 85.276 85.425 86.224 87.413 88.658 89.101 89.028 89.337 89.794 90.802 91.562 92.342 92.912 93.783 94.732 95.443 98.164 99.772 101.338 102.785 103.984 105.122 106.209 107.247 108.239 109.193 110.106 111.0 111.87 112.72 113.555 114.383 115.117 -9999 -9999 -9999 -9999 -9999 -9999 -9999 -9999 -9999 -9999 -9999 -9999 -9999 -9999 -9999 -9999 -9999
-9999 -9999 -9999 -9999 -9999 -9999 -9999 -9999 -9999 -9999 88.925 -9999 90.063 89.678 89.177 88.504 88.512 88.474 87.838 87.936 87.848 87.456 87.285 87.295 87.053 86.738 87.008 87.479 87.967 87.257 87.841 89.253 90.239 91.905 92.696 93.586 94.218 94.959 95.726 96.312 97.853 99.342 100.941 102.421 103.64 104.778 105.86 106.893 107.885 108.838 109.749 110.64 111.503 112.343 113.164 113.969 114.767 115.51 -9999 -9999 -9999 -9999 -9999 -9999 -9999 -9999 -9999 -9999 -9999 -9999 -9999 -9999 -9999 -9999 -9999
95.557 -9999 -9999 -9999 -9999 -9999 -9999 -9999 -9999 -9999 91.763 -9999 90.809 90.427 89.49 88.077 88.053 88.305 87.907 86.925 86.737 87.12 87.276 87.778 87.475 87.021 87.206 87.762 87.955 89.218 -9999 -9999 -9999 -9999 -9999 -9999 95.017 95.6 96.086 96.411 97.879 100.527 102.018 103.266 104.408 105.491 106.525 107.517 108.471 109.391 110.28 111.135 111.972 112.787 113.581 114.361 115.132 115.875 116.387 -9999 -9999 -9999 -9999 -9999 -9999 -9999 -9999 -9999 -9999 -9999 -9999 -9999 -9999 -9999 -9999
96.597 96.298 -9999 -9999 -9999 -9999 -9999 -9999 -9999 -9999 92.179 91.684 91.277 90.89 89.774 88.918 88.974 89.012 88.022 86.937 87.393 88.256 88.505 88.536 88.076 87.466 87.929 89.268 90.519 91.787 -9999 -9999 -9999 -9999 93.614 94.203 95.27 96.031 96.569 97.564 100.095 101.601 102.872 104.021 105.107 106.143 107.136 108.091 109.012 109.903 110.759 111.597 112.412 113.204 113.977 114.733 115.48 116.206 116.915 -9999 -9999 -9999 -9999 -9999 -9999 -9999 -9999 -9999 -9999 -9999 -9999 -9999 -9999 -9999 -9999
97.578 97.282 96.986 -9999 -9999 -9999 -9999 -9999 -9999 -9999 92.664 92.177 91.762 -9999 -9999 89.05 89.12 89.432 87.956 -9999 87.349 87.453 87.638 88.176 87.814 87.611 88.585 90.12 -9999 -9999 -9999 -9999 -9999 93.633 94.894 95.151 96.079 97.129 97.648 98.702 101.165 102.454 103.615 104.708 105.748 106.743 107.7 108.622 109.515 110.38 111.219 112.03 112.825 113.599 114.353 115.089 115.814 116.536 117.261 -9999 -9999 -9999 -9999 -9999 -9999 -9999 -9999 -9999 -9999 -9999 -9999 -9999 -9999 -9999 -9999
97.726 97.597 97.276 -9999 -9999 -9999 -9999 -9999 -9999 -9999 -9999 92.723 92.275 -9999 -9999 -9999 90.608 90.283 88.802 88.303 -9999 -9999 88.765 89.355 89.089 88.724 89.566 -9999 -9999 -9999 -9999 -9999 94.381 94.95 95.295 95.57 96.271 96.384 97.14 99.887 102.0 103.185 104.291 105.337 106.337 107.297 108.222 109.117 109.984 110.826 111.638 112.436 113.213 113.971 114.711 115.431 116.135 116.838 117.553 -9999 -9999 -9999 -9999 -9999 -9999 -9999 -9999 -9999 -9999 -9999 -9999 -9999 -9999 -9999 -9999
97.477 96.837 -9999 -9999 -9999 -9999 -9999 -9999 -9999 -9999 -9999 -9999 92.822 -9999 -9999 -9999 -9999 90.966 90.319 89.693 -9999 -9999 -9999 89.753 88.612 -9999 -9999 -9999 -9999 -9999 -9999 -9999 94.972 95.764 96.27 97.04 97.45 98.372 100.137 101.492 102.721 103.85 104.909 105.916 106.882 107.812 108.711 109.581 110.425 111.245 112.044 112.817 113.577 114.321 115.048 115.757 116.444 117.129 117.831 -9999 -9999 -9999 -9999 -9999 -9999 -9999 -9999 -9999 -9999 -9999 -9999 -9999 -9999 -9999 -9999
97.193 -9999 -9999 -9999 -9999 -9999 -9999 -9999 -9999 -9999 -9999 -9999 93.469 -9999 -9999 -9999 -9999 -9999 90.762 89.992 -9999 -9999 -9999 -9999 -9999 -9999 -9999 -9999 -9999 -9999 -9999 -9999 95.965 95.731 95.935 95.074 96.783 100.613 101.224 102.202 103.376 104.456 105.477 106.453 107.391 108.297 109.172 110.02 110.843 111.643 112.418 113.178 113.921 114.648 115.36 116.055 116.735 117.412 118.106 118.816 -9999 -9999 -9999 -9999 -9999 -9999 -9999 -9999 -9999 -9999 -9999 -9999 -9999 -9999 -9999
-9999 97.774 97.78 97.722 97.729 -9999 -9999 -9999 -9999 -9999 -9999 -9999 94.025 -9999 -9999 -9999 -9999 -9999 -9999 -9999 -9999 -9999 -9999 -9999 -9999 -9999 -9999 -9999 -9999 -9999 -9999 96.126 96.597 97.198 97.33 98.495 100.608 101.176 101.835 102.844 103.972 105.013 106.004 106.951 107.862 108.74 109.59 110.416 111.219 112.005 112.778 113.534 114.265 114.974 115.668 116.347 117.017 117.688 118.373 119.08 119.809 -9999 -9999 -9999 -9999 -9999 -9999 -9999 -9999 -9999 -9999 -9999 -9999 -9999 -9999
97.752 97.759 97.765 97.771 97.778 -9999 -9999 -9999 -9999 -9999 -9999 -9999 -9999 -9999 -9999 -9999 -9999 -9999 -9999 -9999 -9999 -9999 -9999 -9999 -9999 -9999 -9999 -9999 -9999 -9999 94.845 95.74 96.953 99.02 99.955 100.577 101.158 101.708 102.4 103.428 104.514 105.521 106.477 107.393 108.273 109.123 109.949 110.761 111.556 112.33 113.085 113.815 114.538 115.244 115.941 116.63 117.298 117.961 118.637 119.332 120.05 -9999 -9999 -9999 -9999 -9999 -9999 -9999 -9999 -9999 -9999 -9999 -9999 -9999 -9999
97.737 97.743 97.75 -9999 97.763 97.769 -9999 -9999 -9999 -9999 -9999 -9999 -9999 -9999 -9999 -9999 -9999 -9999 -9999 -9999 -9999 -9999 -9999 -9999 -9999 -9999 -9999 -9999 -9999 -9999 97.363 97.693 99.159 99.87 100.521 101.125 101.695 102.227 102.935 103.963 105.015 105.991 106.916 107.801 108.659 109.505 110.326 111.121 111.889 112.633 113.358 114.061 114.758 115.447 116.13 116.813 117.501 118.192 118.889 119.583 120.221 120.731 121.066 -9999 -9999 -9999 -9999 -9999 -9999 -9999 -9999 -9999 -9999 -9999 -9999
97.722 97.728 97.735 -9999 -9999 97.754 -9999 -9999 -9999 -9999 -9999 -9999 -9999 -9999 -9999 -9999 -9999 -9999 -9999 -9999 -9999 -9999 -9999 -9999 -9999 -9999 -9999 -9999 -9999 -9999 97.924 98.976 99.745 100.444 101.088 101.679 102.223 102.729 103.437 104.46 105.486 106.436 107.341 108.229 109.093 109.918 110.709 111.47 112.205 112.92 113.61 114.294 114.967 115.634 116.298 116.965 117.64 118.33 119.042 119.767 120.332 120.752 121.104 121.46 121.837 121.949 -9999 -9999 -9999 -9999 -9999 -9999 -9999 -9999 -9999
97.707 97.713 97.72 97.726 -9999 97.884 -9999 -9999 -9999 -9999 -9999 -9999 -9999 -9999 -9999 -9999 -9999 -9999 -9999 -9999 -9999 -9999 -9999 -9999 -9999 -9999 -9999 -9999 -9999 96.896 98.536 99.574 100.346 101.036 101.653 102.214 102.731 103.213 103.915 104.925 105.933 106.887 107.817 108.694 109.524 110.314 111.071 111.8 112.507 113.194 113.865 114.519 115.17 115.817 116.464 117.115 117.775 118.452 119.15 119.754 120.273 120.691 121.081 121.448 121.816 122.197 122.58 121.974 -9999 -9999 -9999 -9999 -9999 -9999 -9999
97.446 96.787 97.067 -9999 98.033 -9999 -9999 -9999 -9999 -9999 -9999 -9999 -9999 -9999 -9999 -9999 -9999 -9999 -9999 -9999 -9999 -9999 -9999 -9999 -9999 -9999 -9999 -9999 -9999 -9999 98.901 100.212 100.956 101.61 102.196 102.73 103.223 103.685 104.373 105.375 106.419 107.396 108.295 109.137 109.932 110.689 111.415 112.116 112.795 113.456 114.098 114.736 115.368 115.996 116.626 117.263 117.91 118.573 119.176 119.689 120.116 120.54 120.98 121.42 121.809 122.18 122.559 122.915 122.647 -9999 -9999 -9999 -9999 -9999 -9999
97.247 97.078 97.72 98.196 98.405 -9999 -9999 -9999 -9999 -9999 -9999 -9999 -9999 -9999 -9999 -9999 -9999 -9999 -9999 -9999 -9999 -9999 -9999 -9999 -9999 -9999 -9999 -9999 -9999 -9999 -9999 100.144 100.884 102.165 102.723 103.233 103.705 104.149 104.837 105.894 106.937 107.879 108.745 109.554 110.318 111.046 111.744 112.418 113.072 113.71 114.336 114.948 115.561 116.172 116.787 117.409 118.043 118.639 119.148 119.582 119.986 120.404 120.835 121.279 121.739 122.145 122.518 122.878 123.212 123.069 -9999 -9999 -9999 -9999 -9999
97.289 97.726 98.173 98.552 -9999 -9999 -9999 -9999 -9999 -9999 -9999 -9999 -9999 -9999 -9999 -9999 -9999 -9999 -9999 -9999 -9999 -9999 -9999 -9999 -9999 -9999 -9999 -9999 -9999 -9999 -9999 100.689 101.224 100.988 101.806 103.727 104.178 104.629 105.398 106.414 107.423 108.333 109.17 109.95 110.686 111.387 112.059 112.708 113.339 113.955 114.561 115.155 115.75 116.346 116.946 117.557 118.148 118.647 119.076 119.469 119.868 120.275 120.694 121.124 121.568 122.025 122.447 122.809 123.146 123.418 123.165 -9999 -9999 -9999 -9999
97.896 98.245 98.604 98.94 -9999 -9999 -9999 -9999 -9999 -9999 -9999 -9999 -9999 -9999 -9999 -9999 -9999 -9999 -9999 -9999 -9999 -9999 -9999 -9999 -9999 -9999 -9999 -9999 -9999 -9999 -9999 -9999 101.583 100.084 101.094 102.24 104.395 105.208 105.958 106.901 107.88 108.762 109.572 110.326 111.036 111.712 112.361 112.988 113.598 114.194 114.776 115.357 115.937 116.517 117.119 117.692 118.174 118.6 118.979 119.361 119.75 120.146 120.552 120.969 121.397 121.838 122.292 122.72 123.075 123.354 123.515 -9999 -9999 -9999 -9999
-9999 -9999 -9999 -9999 -9999 -9999 -9999 -9999 -9999 -9999 -9999 -9999 -9999 -9999 -9999 -9999 -9999 -9999 -9999 -9999 -9999 -9999 -9999 -9999 -9999 -9999 -9999 -9999 -9999 -9999 -9999 -9999 103.086 102.93 103.328 104.397 105.121 105.9 106.536 107.36 108.311 109.168 109.953 110.683 111.371 112.025 112.652 113.259 113.849 114.427 114.992 115.557 116.128 116.719 117.262 117.729 118.142 118.51 118.879 119.253 119.631 120.017 120.412 120.816 121.23 121.657 122.097 122.553 122.989 123.266 123.426 123.554 -9999 -9999 -9999
-9999 -9999 -9999 -9999 -9999 -9999 -9999 -9999 -9999 -9999 -9999 -9999 -9999 -9999 -9999 -9999 -9999 -9999 -9999 -9999 -9999 -9999 -9999 -9999 -9999 -9999 -9999 -9999 -9999 -9999 -9999 -9999 -9999 104.601 103.847 101.35 102.367 104.998 106.85 107.793 108.72 109.553 110.316 111.025 111.692 112.325 112.933 113.521 114.093 114.654 115.207 115.77 116.35 116.858 117.303 117.698 118.058 118.418 118.779 119.143 119.513 119.889 120.273 120.666 121.069 121.484 121.913 122.36 122.815 123.153 123.314 123.442 -9999 -9999 -9999
-9999 -9999 -9999 -9999 -9999 -9999 -9999 -9999 -9999 -9999 -9999 -9999 -9999 -9999 -9999 -9999 -9999 -9999 -9999 -9999 -9999 -9999 -9999 -9999 -9999 -9999 -9999 -9999 -9999 -9999 -9999 -9999 -9999 105.273 -9999 104.549 105.894 106.981 107.529 -9999 109.107 109.92 110.663 111.352 112.0 112.615 113.205 113.776 114.332 114.877 115.435 115.99 116.463 116.891 117.266 117.621 117.973 118.325 118.678 119.034 119.395 119.763 120.138 120.521 120.915 121.321 121.742 122.181 122.597 122.958 123.189 123.337 123.472 -9999 -9999
-9999 -9999 -9999 -9999 -9999 -9999 -9999 -9999 -9999 -9999 -9999 -9999 -9999 -9999 -9999 -9999 -9999 -9999 -9999 -9999 -9999 -9999 -9999 -9999 -9999 -9999 -9999 -9999 -9999 -9999 -9999 -9999 -9999 -9999 106.244 106.846 -9999 -9999 -9999 -9999 109.459 110.27 110.995 111.666 112.297 112.895 113.469 114.024 114.565 115.107 115.661 116.064 116.48 116.844 117.206 117.564 117.916 118.266 118.615 118.965 119.318 119.676 120.039 120.41 120.79 121.182 121.589 122.018 122.393 122.711 123.016 123.227 123.372 123.517 123.676
-9999 -9999 -9999 -9999 -9999 -9999 -9999 -9999 -9999 -9999 -9999 -9999 -9999 -9999 -9999 -9999 -9999 -9999 -9999 -9999 -9999 -9999 -9999 -9999 -9999 -9999 -9999 -9999 -9999 -9999 -9999 -9999 -9999 -9999 106.85 107.477 -9999 -9999 -9999 -9999 109.783 110.565 111.264 111.914 112.528 113.115 113.684 114.239 114.774 115.272 115.677 116.085 116.467 116.835 117.193 117.546 117.894 118.238 118.58 118.924 119.269 119.617 119.972 120.333 120.703 121.085 121.483 121.87 122.208 122.488 122.781 123.086 123.275 123.422 123.58
-9999 -9999 -9999 -9999 -9999 -9999 -9999 -9999 -9999 -9999 -9999 -9999 -9999 -9999 -9999 -9999 -9999 -9999 -9999 -9999 -9999 -9999 -9999 -9999 -9999 -9999 -9999 -9999 -9999 -9999 -9999 -9999 -9999 -9999 107.133 -9999 -9999 -9999 -9999 107.75 110.075 110.808 111.48 112.107 112.701 113.272 113.801 114.256 114.728 115.195 115.645 116.088 116.481 116.846 117.199 117.543 117.882 118.218 118.553 118.888 119.226 119.568 119.915 120.269 120.632 121.008 121.4 121.743 122.037 122.305 122.588 122.893 123.166 123.339 -9999
-9999 -9999 -9999 -9999 -9999 -9999 -9999 -9999 -9999 -9999 -9999 -9999 -9999 -9999 -9999 -9999 -9999 -9999 -9999 -9999 -9999 -9999 -9999 -9999 -9999 -9999 -9999 -9999 -9999 -9999 -9999 -9999 -9999 -9999 -9999 -9999 -9999 -9999 -9999 108.632 109.391 111.017 111.668 112.249 112.742 113.209 113.641 114.138 114.644 115.12 115.572 116.004 116.425 116.823 117.194 117.537 117.869 118.198 118.527 118.856 119.188 119.524 119.865 120.214 120.572 120.943 121.301 121.614 121.875 122.14 122.42 122.719 123.047 123.283 -9999
-9999 -9999 -9999 -9999 -9999 -9999 -9999 -9999 -9999 -9999 -9999 -9999 -9999 -9999 -9999 -9999 -9999 -9999 -9999 -9999 -9999 -9999 -9999 -9999 -9999 -9999 -9999 -9999 -9999 -9999 -9999 -9999 -9999 -9999 -9999 -9999 -9999 -9999 -9999 107.977 109.264 111.018 111.59 112.084 112.549 113.027 113.545 114.073 114.566 115.03 115.471 115.891 116.302 116.705 117.104 117.492 117.849 118.18 118.503 118.828 119.155 119.486 119.823 120.168 120.522 120.89 121.204 121.475 121.727 121.988 122.265 122.561 122.883 123.227 -9999
-9999 -9999 -9999 -9999 -9999 -9999 -9999 -9999 -9999 -9999 -9999 -9999 -9999 -9999 -9999 -9999 -9999 -9999 -9999 -9999 -9999 -9999 -9999 -9999 -9999 -9999 -9999 -9999 -9999 -9999 -9999 -9999 -9999 -9999 -9999 -9999 -9999 -9999 108.241 107.979 108.74 109.221 111.34 111.866 112.401 112.925 113.483 113.999 114.48 114.935 115.365 115.78 116.182 116.575 116.965 117.356 117.752 118.14 118.483 118.804 119.128 119.456 119.79 120.132 120.484 120.809 121.097 121.341 121.59 121.85 122.123 122.416 122.734 123.08 123.36
-9999 -9999 -9999 -9999 -9999 -9999 -9999 -9999 -9999 -9999 -9999 -9999 -9999 -9999 -9999 -9999 -9999 -9999 -9999 -9999 -9999 -9999 -9999 -9999 -9999 -9999 -9999 -9999 -9999 -9999 -9999 -9999 -9999 -9999 -9999 -9999 -9999 -9999 108.504 107.918 107.566 108.719 111.139 111.736 112.287 112.859 113.407 113.914 114.387 114.834 115.261 115.669 116.064 116.45 116.831 117.214 117.603 118.0 118.409 118.774 119.107 119.433 119.765 120.105 120.437 120.726 120.977 121.218 121.466 121.723 121.995 122.285 122.599 122.946 123.265
-9999 -9999 -9999 -9999 -9999 -9999 -9999 -9999 -9999 -9999 -9999 -9999 -9999 -9999 -9999 -9999 -9999 -9999 -9999 -9999 -9999 -9999 -9999 -9999 -9999 -9999 -9999 -9999 -9999 -9999 -9999 -9999 -9999 -9999 -9999 -9999 -9999 108.782 108.414 108.1 108.038 109.747 110.384 111.604 112.19 112.78 113.319 113.818 114.285 114.728 115.149 115.555 115.948 116.328 116.703 117.08 117.462 117.854 118.256 118.673 119.072 119.418 119.75 120.085 120.374 120.63 120.866 121.106 121.353 121.609 121.879 122.167 122.479 122.823 123.199
-9999 -9999 -9999 -9999 -9999 -9999 -9999 -9999 -9999 -9999 -9999 -9999 -9999 -9999 -9999 -9999 -9999 -9999 -9999 -9999 -9999 -9999 -9999 -9999 -9999 -9999 -9999 -9999 -9999 -9999 -9999 -9999 -9999 -9999 -9999 -9999 -9999 108.625 108.348 107.932 108.421 108.825 109.912 111.471 112.099 112.685 113.217 113.71 114.174 114.613 115.034 115.438 115.829 116.208 116.579 116.952 117.33 117.717 118.115 118.526 118.954 119.384 119.744 120.035 120.298 120.53 120.765 121.005 121.252 121.508 121.776 122.063 122.373 122.714 123.096
-9999 -9999 -9999 -9999 -9999 -9999 -9999 -9999 -9999 -9999 -9999 -9999 -9999 -9999 -9999 -9999 -9999 -9999 -9999 -9999 -9999 -9999 -9999 -9999 -9999 -9999 -9999 -9999 -9999 -9999 -9999 -9999 -9999 -9999 -9999 -9999 -9999 109.219 109.121 109.387 109.499 109.02 109.822 110.438 111.992 112.575 113.101 113.591 114.052 114.491 114.91 115.315 115.705 116.085 116.457 116.829 117.206 117.59 117.984 118.391 118.814 119.258 119.674 119.973 120.207 120.44 120.676 120.916 121.162 121.418 121.686 121.972 122.28 122.619 122.999
-9999 -9999 -9999 -9999 -9999 -9999 -9999 -9999 -9999 -9999 -9999 -9999 -9999 -9999 -9999 -9999 -9999 -9999 -9999 -9999 -9999 -9999 -9999 -9999 -9999 -9999 -9999 -9999 -9999 -9999 -9999 -9999 -9999 -9999 -9999 -9999 -9999 -9999 109.754 110.047 109.506 108.513 108.967 110.89 111.867 112.446 112.972 113.46 113.921 114.36 114.781 115.187 115.579 115.962 116.337 116.711 117.088 117.471 117.863 118.268 118.688 119.092 119.487 119.859 120.126 120.36 120.597 120.837 121.084 121.34 121.608 -9999 122.201 -9999 122.895
