Validation/Results/raw data/ReClimate_05_2024_1_Temperature-Actualsweatherlogisticsltd.asc
NCOLS 192
NROWS 249
XLLCENTER -225160.85627316462
YLLCENTER 29788.11610251502
CELLSIZE 5000.0
NODATA_VALUE -9999
[rows 68 to 101 of 249, columns 75 to 149 of 192]
-9999 -9999 -9999 -9999 -9999 -9999 -9999 -9999 -9999 -9999 -9999 10.76 10.025 11.119 11.655 10.742 10.349 11.016 11.133 11.128 11.354 11.169 11.274 10.849 10.88 11.199 10.609 10.904 11.577 -9999 -9999 -9999 -9999 -9999 -9999 -9999 -9999 -9999 -9999 -9999 -9999 -9999 -9999 -9999 -9999 -9999 -9999 -9999 -9999 -9999 -9999 -9999 -9999 -9999 -9999 -9999 -9999 -9999 -9999 -9999 -9999 -9999 -9999 -9999 -9999 -9999 -9999 -9999 -9999 -9999 -9999 -9999 -9999 -9999 -9999
-9999 -9999 -9999 -9999 -9999 -9999 -9999 -9999 -9999 -9999 -9999 -9999 -9999 11.529 10.772 10.069 10.949 11.411 11.023 10.774 10.964 11.539 11.473 10.804 11.004 10.976 11.72 -9999 -9999 -9999 -9999 -9999 -9999 -9999 -9999 -9999 -9999 -9999 -9999 -9999 -9999 -9999 -9999 -9999 -9999 -9999 -9999 -9999 -9999 -9999 -9999 -9999 -9999 -9999 -9999 -9999 -9999 -9999 -9999 -9999 -9999 -9999 -9999 -9999 -9999 -9999 -9999 -9999 -9999 -9999 -9999 -9999 -9999 -9999 -9999
-9999 -9999 -9999 -9999 -9999 -9999 -9999 11.884 -9999 -9999 11.812 11.355 11.105 11.233 9.684 10.226 10.69 10.541 9.871 10.221 10.798 11.814 11.317 11.19 10.707 11.335 11.647 -9999 -9999 -9999 -9999 -9999 -9999 -9999 -9999 -9999 -9999 -9999 -9999 -9999 -9999 -9999 -9999 -9999 -9999 -9999 -9999 -9999 -9999 -9999 -9999 -9999 -9999 -9999 -9999 -9999 -9999 -9999 -9999 -9999 -9999 -9999 -9999 -9999 -9999 -9999 -9999 -9999 -9999 -9999 -9999 -9999 -9999 -9999 -9999
-9999 -9999 -9999 -9999 -9999 11.972 12.016 11.987 12.043 11.416 11.398 10.162 10.119 10.371 11.211 9.483 9.419 9.394 9.584 10.446 10.291 9.717 11.375 11.587 11.815 11.98 12.005 -9999 -9999 -9999 -9999 -9999 -9999 -9999 -9999 -9999 -9999 -9999 -9999 -9999 -9999 -9999 -9999 -9999 -9999 -9999 -9999 -9999 -9999 -9999 -9999 -9999 -9999 -9999 -9999 -9999 -9999 -9999 -9999 -9999 -9999 -9999 -9999 -9999 -9999 -9999 -9999 -9999 -9999 -9999 -9999 -9999 -9999 -9999 -9999
-9999 -9999 -9999 -9999 -9999 11.951 11.948 -9999 11.931 10.961 10.127 9.885 8.69 11.22 9.959 8.785 8.725 8.963 9.524 9.191 8.555 9.898 10.447 10.498 11.276 11.215 -9999 11.736 -9999 -9999 -9999 -9999 -9999 -9999 -9999 -9999 -9999 -9999 -9999 -9999 -9999 -9999 -9999 -9999 -9999 -9999 -9999 -9999 -9999 -9999 -9999 -9999 -9999 -9999 -9999 -9999 -9999 -9999 -9999 -9999 -9999 -9999 -9999 -9999 -9999 -9999 -9999 -9999 -9999 -9999 -9999 -9999 -9999 -9999 -9999
-9999 -9999 -9999 -9999 -9999 -9999 11.504 11.711 11.781 10.551 10.599 8.638 10.164 10.338 10.267 10.013 9.681 8.936 9.313 8.947 9.572 10.617 10.365 10.587 10.802 11.209 11.784 11.684 -9999 -9999 -9999 -9999 -9999 -9999 -9999 -9999 -9999 -9999 -9999 -9999 -9999 -9999 -9999 -9999 -9999 -9999 -9999 -9999 -9999 -9999 -9999 -9999 -9999 -9999 -9999 -9999 -9999 -9999 -9999 -9999 -9999 -9999 -9999 -9999 -9999 -9999 -9999 -9999 -9999 -9999 -9999 -9999 -9999 -9999 -9999
-9999 -9999 -9999 -9999 -9999 -9999 -9999 12.155 11.717 11.314 8.805 9.695 9.76 9.95 8.878 8.322 9.423 10.135 9.791 9.037 10.031 10.681 10.395 11.038 11.236 11.874 11.737 11.235 -9999 -9999 -9999 -9999 -9999 -9999 -9999 -9999 -9999 -9999 -9999 -9999 -9999 -9999 -9999 -9999 -9999 -9999 -9999 -9999 -9999 -9999 -9999 -9999 -9999 -9999 -9999 -9999 -9999 -9999 -9999 -9999 -9999 -9999 -9999 -9999 -9999 -9999 -9999 -9999 -9999 -9999 -9999 -9999 -9999 -9999 -9999
-9999 -9999 -9999 -9999 -9999 10.87 11.141 10.85 10.689 10.48 11.238 9.873 9.958 9.561 9.202 9.905 10.174 9.959 10.103 9.717 8.949 10.175 11.068 11.926 12.075 -9999 11.435 -9999 -9999 -9999 -9999 -9999 -9999 12.012 12.114 12.142 -9999 -9999 -9999 -9999 -9999 -9999 -9999 -9999 -9999 -9999 -9999 -9999 -9999 -9999 -9999 -9999 -9999 -9999 -9999 -9999 -9999 -9999 -9999 -9999 -9999 -9999 -9999 -9999 -9999 -9999 -9999 -9999 -9999 -9999 -9999 -9999 -9999 -9999 -9999
11.525 -9999 -9999 -9999 -9999 -9999 10.569 10.08 9.951 10.828 10.468 11.269 10.022 10.13 9.775 10.497 10.763 11.583 10.819 9.337 10.254 11.032 11.844 11.744 11.363 11.283 -9999 -9999 -9999 -9999 12.2 12.299 12.238 12.097 12.156 12.245 12.212 12.204 11.905 11.329 11.062 11.392 11.753 11.898 11.731 11.155 10.749 10.816 11.148 11.257 11.147 11.049 -9999 -9999 -9999 -9999 -9999 -9999 -9999 -9999 -9999 -9999 -9999 -9999 -9999 -9999 -9999 -9999 -9999 -9999 -9999 -9999 -9999 -9999 -9999
9.822 -9999 -9999 -9999 10.234 -9999 10.793 11.545 10.756 9.134 11.899 10.659 10.933 10.177 10.734 10.313 10.714 10.555 11.155 11.492 11.571 11.772 11.887 11.204 11.139 -9999 -9999 -9999 -9999 11.837 12.155 12.381 11.901 11.57 12.086 12.047 11.974 12.073 11.042 10.57 10.79 11.278 11.613 11.484 11.612 11.439 11.026 10.842 11.121 11.088 10.788 11.066 -9999 -9999 -9999 -9999 -9999 -9999 -9999 -9999 -9999 -9999 -9999 -9999 -9999 -9999 -9999 -9999 -9999 -9999 -9999 -9999 -9999 -9999 -9999
10.927 -9999 -9999 -9999 9.76 9.989 11.349 11.071 8.725 10.246 9.611 11.287 10.23 10.51 10.47 10.767 10.682 10.013 10.449 10.759 11.868 12.18 11.481 11.922 -9999 -9999 11.661 11.841 11.818 11.792 12.057 11.963 11.537 11.579 11.181 11.108 11.614 11.378 10.954 11.043 11.273 11.437 11.144 11.546 11.646 11.394 10.989 11.017 11.074 10.957 10.926 11.08 11.04 -9999 -9999 -9999 -9999 -9999 -9999 -9999 -9999 -9999 -9999 -9999 -9999 -9999 -9999 -9999 -9999 -9999 -9999 -9999 -9999 -9999 -9999
11.37 -9999 11.126 -9999 10.895 11.028 10.451 9.83 10.36 8.533 10.209 10.86 10.301 9.77 9.618 10.226 10.26 10.167 9.701 10.65 11.402 12.188 12.386 12.547 -9999 11.431 11.218 11.387 11.385 11.596 11.764 11.267 11.074 10.726 10.403 10.953 11.424 10.855 10.691 10.745 11.23 11.741 11.898 11.839 11.536 11.283 11.014 10.933 10.924 11.175 11.282 11.081 10.981 -9999 -9999 -9999 -9999 -9999 -9999 -9999 -9999 -9999 -9999 -9999 -9999 -9999 -9999 -9999 -9999 -9999 -9999 -9999 -9999 -9999 -9999
-9999 11.291 -9999 -9999 -9999 9.732 9.026 10.548 9.908 11.417 11.181 10.815 10.173 9.341 9.411 8.693 8.958 9.244 10.305 11.098 12.165 11.987 11.307 11.988 11.901 10.988 10.473 10.246 10.684 11.068 10.879 10.678 10.194 10.227 11.125 11.403 11.306 11.195 10.692 10.877 11.586 11.998 12.028 11.522 11.177 11.274 11.086 10.848 10.772 11.126 11.095 10.978 10.822 -9999 -9999 -9999 -9999 -9999 -9999 -9999 -9999 -9999 -9999 -9999 -9999 -9999 -9999 -9999 -9999 -9999 -9999 -9999 -9999 -9999 -9999
11.923 -9999 -9999 -9999 -9999 10.508 11.445 11.307 -9999 11.038 10.14 9.817 10.293 10.216 9.885 10.329 10.429 10.21 10.463 10.816 11.086 10.482 10.401 11.75 11.096 10.784 9.936 9.513 10.141 10.622 10.564 10.08 9.79 10.942 11.33 10.515 10.952 10.378 10.337 11.007 11.293 11.874 11.353 10.745 11.195 11.254 11.302 10.941 11.192 11.054 10.849 10.963 10.793 -9999 -9999 -9999 -9999 -9999 -9999 -9999 -9999 -9999 -9999 -9999 -9999 -9999 -9999 -9999 -9999 -9999 -9999 -9999 -9999 -9999 -9999
11.862 -9999 -9999 -9999 11.445 -9999 -9999 11.841 11.672 10.437 8.869 9.021 9.39 8.764 9.963 10.466 10.581 11.077 10.78 10.458 10.447 10.175 11.948 11.107 10.842 9.686 9.962 9.821 9.506 10.154 10.159 10.089 10.765 11.407 10.494 10.553 10.496 10.142 10.363 10.095 10.996 11.16 10.499 11.087 11.273 11.198 10.829 11.259 11.412 11.259 10.929 10.897 -9999 -9999 -9999 -9999 -9999 -9999 -9999 -9999 -9999 -9999 -9999 -9999 -9999 -9999 -9999 -9999 -9999 -9999 -9999 -9999 -9999 -9999 -9999
11.17 11.203 11.621 -9999 -9999 -9999 10.524 12.098 -9999 10.791 11.075 10.399 8.775 8.297 8.221 9.516 11.141 10.881 10.143 9.783 10.604 11.903 10.881 10.827 9.966 9.776 10.031 9.544 9.547 10.451 10.666 10.917 10.815 9.881 10.506 10.142 9.133 9.897 9.985 10.277 11.066 10.831 11.173 11.43 11.51 11.282 11.389 11.263 11.438 11.259 10.962 -9999 -9999 -9999 -9999 -9999 -9999 -9999 -9999 -9999 -9999 -9999 -9999 -9999 -9999 -9999 -9999 -9999 -9999 -9999 -9999 -9999 -9999 -9999 -9999
10.041 10.704 11.529 -9999 11.171 10.089 10.079 10.621 9.998 11.326 11.358 9.469 7.645 8.222 10.205 10.508 10.725 9.838 9.035 9.691 10.972 11.131 10.285 9.03 8.749 9.577 9.569 9.503 10.82 11.098 10.981 10.374 9.641 10.716 10.73 9.997 9.654 9.363 9.489 9.72 10.738 10.271 10.767 10.525 10.196 11.38 11.53 11.196 11.083 11.135 10.956 -9999 -9999 -9999 -9999 -9999 -9999 -9999 -9999 -9999 -9999 -9999 -9999 -9999 -9999 -9999 -9999 -9999 -9999 -9999 -9999 -9999 -9999 -9999 -9999
10.546 11.206 11.879 11.315 10.968 9.801 -9999 11.079 10.444 9.527 9.006 9.341 9.167 10.075 9.032 9.876 9.857 9.873 10.458 10.728 11.08 10.562 8.945 8.02 9.135 9.514 9.0 10.406 10.518 11.415 11.087 10.47 10.327 10.113 10.113 9.596 8.813 9.382 9.807 10.456 10.847 11.101 11.224 10.761 11.308 11.686 11.589 11.416 11.327 11.138 -9999 -9999 -9999 -9999 -9999 -9999 -9999 -9999 -9999 -9999 -9999 -9999 -9999 -9999 -9999 -9999 -9999 -9999 -9999 -9999 -9999 -9999 -9999 -9999 -9999
-9999 -9999 -9999 11.617 10.495 -9999 11.085 9.92 8.283 8.277 10.512 10.571 10.004 8.116 9.05 10.946 10.992 10.417 10.008 11.233 10.646 9.299 8.039 8.092 8.518 8.127 9.542 9.296 10.554 10.892 9.804 10.116 8.98 9.08 8.811 8.418 9.129 10.262 10.383 10.566 10.749 10.779 11.094 11.12 11.452 11.552 11.595 11.566 11.516 11.427 -9999 -9999 -9999 -9999 -9999 -9999 -9999 -9999 -9999 -9999 -9999 -9999 -9999 -9999 -9999 -9999 -9999 -9999 -9999 -9999 -9999 -9999 -9999 -9999 -9999
-9999 -9999 11.792 11.202 -9999 11.851 10.698 -9999 10.09 11.483 10.254 10.169 7.957 8.615 10.186 9.651 9.546 10.424 11.436 9.92 9.336 8.428 7.564 7.555 7.426 8.151 9.198 10.491 11.536 10.622 10.405 8.805 8.148 8.571 9.06 9.077 9.816 9.865 10.159 10.725 10.769 10.737 10.676 10.944 11.191 11.182 11.481 11.301 11.266 11.493 -9999 -9999 -9999 -9999 -9999 -9999 -9999 -9999 -9999 -9999 -9999 -9999 -9999 -9999 -9999 -9999 -9999 -9999 -9999 -9999 -9999 -9999 -9999 -9999 -9999
-9999 -9999 12.175 -9999 -9999 11.463 10.672 10.155 11.448 9.893 9.997 10.296 10.282 10.479 10.73 10.997 11.527 11.501 9.418 8.358 8.092 7.61 7.24 6.993 7.882 9.807 10.778 10.589 9.419 9.398 6.841 6.615 7.777 8.34 8.397 9.418 9.587 9.779 10.213 11.426 11.294 11.176 11.273 10.904 9.906 10.955 11.647 11.585 11.619 11.531 -9999 -9999 -9999 -9999 -9999 -9999 -9999 -9999 -9999 -9999 -9999 -9999 -9999 -9999 -9999 -9999 -9999 -9999 -9999 -9999 -9999 -9999 -9999 -9999 -9999
-9999 -9999 -9999 -9999 -9999 -9999 9.829 10.401 11.036 9.53 9.639 11.05 10.348 9.932 10.239 10.393 10.529 9.097 8.154 7.863 8.868 8.701 7.808 7.832 9.52 10.843 10.597 9.625 8.652 6.601 7.138 6.787 7.544 7.813 8.569 9.056 9.447 10.208 11.449 11.606 11.458 11.815 11.668 10.781 11.248 11.877 11.837 11.449 11.21 -9999 -9999 -9999 -9999 -9999 -9999 -9999 -9999 -9999 -9999 -9999 -9999 -9999 -9999 -9999 -9999 -9999 -9999 -9999 -9999 -9999 -9999 -9999 -9999 -9999 -9999
-9999 -9999 -9999 -9999 12.358 11.518 -9999 10.324 10.355 9.467 11.544 11.449 10.779 9.884 8.525 8.598 8.94 9.624 9.373 9.357 8.87 9.252 9.206 9.818 10.215 9.519 9.248 8.166 7.009 7.59 7.22 8.415 8.708 9.372 10.257 10.065 10.1 10.245 10.305 10.721 10.935 10.513 11.044 11.747 11.489 11.173 10.885 10.754 11.049 -9999 -9999 -9999 -9999 -9999 -9999 -9999 -9999 -9999 -9999 -9999 -9999 -9999 -9999 -9999 -9999 -9999 -9999 -9999 -9999 -9999 -9999 -9999 -9999 -9999 -9999
-9999 -9999 -9999 12.22 12.403 10.55 10.711 9.366 8.889 9.761 9.658 10.492 11.047 10.326 10.561 10.241 8.938 9.182 8.132 7.199 10.279 9.951 9.992 9.765 9.394 8.701 8.45 7.759 8.457 8.667 9.096 9.071 9.417 9.094 8.788 8.312 9.028 9.365 8.762 8.45 8.972 9.608 10.442 10.395 10.37 10.43 10.684 10.863 -9999 -9999 -9999 -9999 -9999 -9999 -9999 -9999 -9999 -9999 -9999 -9999 -9999 -9999 -9999 -9999 -9999 -9999 -9999 -9999 -9999 -9999 -9999 -9999 -9999 -9999 -9999
-9999 -9999 -9999 12.265 -9999 12.016 11.569 10.863 10.336 9.765 10.928 10.698 9.563 11.437 11.638 10.603 10.151 8.968 8.958 10.864 9.785 8.499 8.945 9.138 7.539 8.466 8.2 7.947 7.918 8.381 8.389 8.574 8.261 8.277 7.479 7.57 9.484 8.409 8.544 10.121 10.003 9.554 10.023 9.884 10.118 10.959 10.752 10.913 -9999 -9999 -9999 -9999 -9999 -9999 -9999 -9999 -9999 -9999 -9999 -9999 -9999 -9999 -9999 -9999 -9999 -9999 -9999 -9999 -9999 -9999 -9999 -9999 -9999 -9999 -9999
-9999 -9999 -9999 -9999 -9999 11.148 10.083 11.887 11.827 11.992 12.16 11.403 12.133 11.924 11.313 10.644 9.296 10.341 10.395 9.829 8.04 8.906 9.945 8.307 7.564 8.694 8.349 8.583 7.818 8.289 8.501 7.125 7.531 7.352 6.443 7.989 8.178 7.829 9.081 9.91 10.324 11.06 10.612 10.141 11.088 11.391 11.145 10.936 -9999 -9999 -9999 -9999 -9999 -9999 -9999 -9999 -9999 -9999 -9999 -9999 -9999 -9999 -9999 -9999 -9999 -9999 -9999 -9999 -9999 -9999 -9999 -9999 -9999 -9999 -9999
-9999 -9999 -9999 12.241 11.975 10.703 11.253 11.958 10.287 11.299 10.547 10.628 -9999 10.536 7.034 7.826 8.5 8.76 8.229 7.893 7.959 8.257 8.212 8.26 8.985 9.416 9.917 9.337 8.879 8.992 7.615 8.703 8.719 8.638 7.967 7.843 8.456 9.806 9.188 9.606 10.494 10.114 10.97 11.523 11.79 11.502 10.871 11.228 -9999 -9999 -9999 -9999 -9999 -9999 -9999 -9999 -9999 -9999 -9999 -9999 -9999 -9999 -9999 -9999 -9999 -9999 -9999 -9999 -9999 -9999 -9999 -9999 -9999 -9999 -9999
12.157 12.068 11.917 -9999 12.202 11.711 11.789 10.871 9.972 9.997 10.605 -9999 10.193 7.05 7.638 7.759 9.119 9.103 9.157 8.431 8.572 8.008 8.679 9.557 9.925 10.271 10.876 10.474 10.69 9.291 9.344 9.413 9.54 9.619 9.301 9.132 9.766 9.717 9.631 9.702 9.668 11.204 11.735 11.96 11.714 10.947 11.161 -9999 -9999 -9999 -9999 -9999 -9999 -9999 -9999 -9999 -9999 -9999 -9999 -9999 -9999 -9999 -9999 -9999 -9999 -9999 -9999 -9999 -9999 -9999 -9999 -9999 -9999 -9999 -9999
12.113 11.844 11.025 11.34 -9999 11.938 11.637 10.954 10.227 11.129 11.988 11.21 9.395 9.089 10.179 9.14 9.691 9.533 9.489 9.32 9.735 9.331 10.109 9.675 8.913 10.568 10.473 11.027 10.813 10.259 9.622 10.104 10.483 10.125 9.54 9.832 9.857 10.325 10.057 10.283 11.161 11.718 11.791 11.693 11.455 -9999 -9999 -9999 -9999 -9999 -9999 -9999 -9999 -9999 -9999 -9999 -9999 -9999 -9999 -9999 -9999 -9999 -9999 -9999 -9999 -9999 -9999 -9999 -9999 -9999 -9999 -9999 -9999 -9999 -9999
-9999 -9999 11.309 -9999 11.048 11.052 10.851 9.327 9.61 -9999 -9999 9.678 10.663 11.347 9.063 9.59 8.939 9.63 9.186 10.811 10.917 11.248 11.235 10.515 10.804 10.346 11.01 10.531 10.65 10.737 10.453 10.429 10.863 10.417 10.33 10.285 10.665 10.406 10.887 11.539 11.953 11.96 11.752 11.878 -9999 -9999 -9999 -9999 -9999 -9999 -9999 -9999 -9999 -9999 -9999 -9999 -9999 -9999 -9999 -9999 -9999 -9999 -9999 -9999 -9999 -9999 -9999 -9999 -9999 -9999 -9999 -9999 -9999 -9999 -9999
11.525 -9999 11.196 10.3 11.296 10.791 10.562 11.076 -9999 -9999 10.602 9.617 10.211 9.085 10.697 10.38 10.079 10.051 10.713 10.783 10.695 10.454 10.164 9.441 8.448 9.793 10.27 10.407 11.628 11.794 11.46 10.591 10.578 10.912 10.885 11.054 11.217 11.238 11.671 11.966 12.002 11.844 11.82 11.52 11.422 -9999 -9999 -9999 -9999 -9999 -9999 -9999 -9999 -9999 -9999 -9999 -9999 -9999 -9999 -9999 -9999 -9999 -9999 -9999 -9999 -9999 -9999 -9999 -9999 -9999 -9999 -9999 -9999 -9999 -9999
11.08 11.084 11.495 11.456 11.161 11.039 11.02 -9999 -9999 12.354 10.449 11.64 10.575 11.355 10.055 8.732 10.069 10.038 10.183 9.239 8.808 9.34 10.143 10.478 10.751 11.205 10.608 11.17 11.187 11.058 10.764 10.71 10.954 11.42 11.687 11.876 11.941 11.869 11.764 11.716 11.812 11.822 11.741 11.707 -9999 -9999 -9999 -9999 -9999 -9999 -9999 -9999 -9999 -9999 -9999 -9999 -9999 -9999 -9999 -9999 -9999 -9999 -9999 -9999 -9999 -9999 -9999 -9999 -9999 -9999 -9999 -9999 -9999 -9999 -9999
10.252 11.612 -9999 -9999 11.993 10.891 -9999 -9999 -9999 12.199 11.325 9.116 10.016 8.386 9.424 10.626 10.414 9.728 9.381 9.36 9.382 10.188 9.972 9.692 10.768 11.395 10.531 9.943 9.863 10.598 11.048 11.851 11.682 12.283 12.383 12.427 12.014 11.243 11.226 11.371 11.521 11.553 11.82 11.881 -9999 -9999 -9999 -9999 -9999 -9999 -9999 -9999 -9999 -9999 -9999 -9999 -9999 -9999 -9999 -9999 -9999 -9999 -9999 -9999 -9999 -9999 -9999 -9999 -9999 -9999 -9999 -9999 -9999 -9999 -9999
-9999 12.133 12.204 11.789 -9999 -9999 -9999 -9999 11.156 11.11 9.551 10.428 10.315 9.209 10.196 10.286 9.558 8.232 9.444 8.332 10.353 9.766 8.916 11.105 12.129 9.952 8.648 9.004 10.809 10.786 11.359 11.524 12.197 12.439 12.439 11.995 10.947 11.308 11.511 11.772 11.67 11.765 12.01 -9999 -9999 -9999 -9999 -9999 -9999 -9999 -9999 -9999 -9999 -9999 -9999 -9999 -9999 -9999 -9999 -9999 -9999 -9999 -9999 -9999 -9999 -9999 -9999 -9999 -9999 -9999 -9999 -9999 -9999 -9999 -9999
