Validation/Results/raw data/ReClimate_07_2024_1.asc
NCOLS 192
NROWS 249
XLLCENTER -225160.85627316462
YLLCENTER 29788.11610251502
CELLSIZE 5000.0
NODATA_VALUE -9999
[rows 170 to 203 of 249, columns 75 to 149 of 192]
-9999 -9999 -9999 -9999 -9999 -9999 -9999 -9999 -9999 -9999 -9999 -9999 -9999 -9999 -9999 -9999 -9999 93.701 93.798 -9999 -9999 -9999 -9999 -9999 -9999 -9999 -9999 -9999 -9999 -9999 -9999 -9999 -9999 -9999 -9999 -9999 94.665 94.631 94.602 94.577 94.549 94.495 94.426 94.359 94.291 94.219 94.138 94.048 93.949 93.846 93.742 93.64 93.544 93.453 93.365 93.282 93.2 93.115 93.025 92.931 92.835 92.736 92.634 92.53 92.403 92.261 92.112 91.946 91.801 91.675 91.55 91.422 91.291 91.152 91.002
-9999 -9999 -9999 -9999 -9999 -9999 -9999 -9999 -9999 -9999 -9999 -9999 -9999 -9999 -9999 -9999 -9999 93.645 93.741 93.828 -9999 -9999 -9999 -9999 -9999 -9999 -9999 -9999 -9999 -9999 -9999 -9999 -9999 -9999 -9999 94.615 94.574 94.545 94.519 94.496 94.466 94.411 94.347 94.287 94.227 94.166 94.097 94.008 93.904 93.798 93.696 93.599 93.504 93.413 93.326 93.242 93.161 93.074 92.978 92.879 92.778 92.675 92.558 92.422 92.278 92.118 91.952 91.78 91.609 91.468 91.337 91.203 91.064 90.916 90.756
-9999 -9999 -9999 -9999 -9999 -9999 -9999 -9999 -9999 -9999 -9999 -9999 -9999 -9999 -9999 -9999 93.531 93.601 93.691 93.773 93.85 -9999 -9999 -9999 -9999 -9999 -9999 -9999 -9999 -9999 -9999 -9999 94.597 -9999 -9999 94.519 94.489 94.463 94.44 94.419 -9999 94.332 94.27 94.212 94.157 94.103 94.044 93.963 93.858 93.755 93.655 93.556 93.46 93.368 93.278 93.191 93.105 93.017 92.92 92.818 92.714 92.586 92.444 92.292 92.13 91.963 91.791 91.612 91.424 91.26 91.121 90.98 90.833 90.677 90.505
-9999 -9999 -9999 -9999 -9999 -9999 -9999 -9999 -9999 -9999 -9999 -9999 -9999 -9999 -9999 -9999 93.495 93.56 93.643 93.721 93.796 93.869 93.939 -9999 -9999 -9999 94.212 94.277 -9999 94.398 94.458 94.516 94.547 94.521 -9999 -9999 94.421 94.396 -9999 -9999 94.319 94.263 94.203 94.147 94.093 94.04 93.981 93.902 93.811 93.71 93.61 93.512 93.414 93.318 93.225 93.134 93.043 92.95 92.852 92.744 92.612 92.468 92.308 92.146 91.979 91.807 91.629 91.442 91.246 91.055 90.9 90.753 90.599 90.432 90.248
-9999 -9999 -9999 -9999 -9999 -9999 -9999 -9999 -9999 -9999 -9999 -9999 -9999 -9999 -9999 -9999 -9999 93.514 93.595 93.671 93.744 93.815 -9999 -9999 94.017 94.084 94.149 94.215 94.281 94.342 94.405 94.463 94.484 94.453 94.421 -9999 94.363 94.338 94.315 94.29 94.251 94.191 94.131 94.075 94.022 93.968 93.909 93.838 93.753 93.661 93.563 93.464 93.365 93.267 93.17 93.073 92.976 92.878 92.769 92.636 92.488 92.327 92.164 91.997 91.826 91.649 91.464 91.27 91.065 90.851 90.673 90.52 90.358 90.181 89.983
-9999 -9999 -9999 -9999 -9999 -9999 -9999 -9999 -9999 -9999 -9999 -9999 -9999 -9999 -9999 -9999 -9999 93.467 93.546 93.621 93.693 93.762 93.83 93.896 93.961 94.026 94.091 94.156 94.222 94.286 94.348 94.402 94.406 94.381 94.349 94.307 94.268 94.234 94.202 94.175 94.134 94.076 94.017 93.962 93.909 93.855 93.796 93.732 93.662 93.585 93.502 93.413 93.314 93.214 93.114 93.014 92.912 92.798 92.66 92.508 92.345 92.181 92.015 91.845 91.67 91.488 91.298 91.097 90.882 90.653 90.447 90.282 90.111 89.922 89.703
-9999 -9999 -9999 -9999 -9999 -9999 -9999 -9999 -9999 -9999 -9999 -9999 -9999 -9999 -9999 -9999 -9999 -9999 93.495 93.57 93.642 93.71 93.777 93.842 93.907 93.971 94.034 94.099 94.165 94.23 94.292 94.328 94.297 94.254 94.21 94.172 94.136 94.102 94.073 94.047 94.009 93.953 93.896 93.841 93.787 93.732 93.674 93.613 93.549 93.481 93.41 93.329 93.243 93.155 93.057 92.953 92.84 92.701 92.544 92.376 92.207 92.037 91.864 91.688 91.509 91.323 91.128 90.921 90.699 90.461 90.228 90.039 89.856 89.655 89.415
-9999 -9999 -9999 -9999 -9999 -9999 -9999 -9999 -9999 -9999 -9999 -9999 -9999 -9999 -9999 -9999 -9999 -9999 -9999 -9999 93.591 93.659 93.642 93.474 93.621 93.917 93.98 94.043 94.107 94.159 94.189 94.186 94.142 94.099 94.063 94.033 94.004 93.978 93.951 93.928 93.892 93.838 93.783 93.728 93.673 93.616 93.558 93.497 93.435 93.369 93.299 93.225 93.143 93.06 92.975 92.88 92.748 92.59 92.42 92.25 92.078 91.906 91.73 91.551 91.367 91.176 90.976 90.764 90.539 90.298 90.048 89.839 89.652 89.443 89.183
-9999 -9999 -9999 -9999 -9999 -9999 -9999 -9999 -9999 -9999 -9999 -9999 -9999 -9999 -9999 -9999 -9999 -9999 -9999 93.467 93.539 93.607 93.601 93.808 93.944 93.863 93.926 93.978 94.002 94.022 94.045 94.037 93.994 93.957 93.926 93.901 93.879 93.858 93.837 93.815 93.782 93.731 93.676 93.622 93.566 93.509 93.449 93.389 93.327 93.262 93.194 93.122 93.041 92.949 92.852 92.727 92.584 92.42 92.247 92.071 91.897 91.724 91.551 91.377 91.199 91.015 90.824 90.623 90.402 90.159 89.895 89.664 89.47 89.242 88.966
-9999 -9999 -9999 -9999 -9999 -9999 -9999 -9999 -9999 -9999 -9999 -9999 -9999 -9999 -9999 -9999 -9999 -9999 93.343 93.414 93.486 93.555 93.696 93.761 93.748 93.804 93.838 93.846 93.86 93.882 93.906 93.894 93.856 93.825 93.799 93.777 93.759 93.743 93.726 93.708 93.678 93.631 93.577 93.522 93.466 93.407 93.347 93.287 93.224 93.159 93.086 92.989 92.894 92.795 92.672 92.528 92.364 92.2 92.037 91.866 91.692 91.518 91.346 91.174 90.998 90.817 90.628 90.43 90.219 89.988 89.735 89.492 89.286 89.036 88.735
-9999 -9999 -9999 -9999 -9999 -9999 -9999 -9999 -9999 -9999 -9999 -9999 -9999 -9999 -9999 -9999 -9999 93.232 93.281 93.359 93.432 93.501 93.567 93.632 93.684 93.696 93.702 93.712 93.728 93.751 93.772 93.76 93.728 93.701 93.679 93.661 93.645 93.632 93.62 93.606 93.58 93.538 93.484 93.429 93.371 93.312 93.251 93.188 93.113 93.025 92.927 92.829 92.73 92.616 92.475 92.312 92.144 91.977 91.811 91.647 91.483 91.312 91.141 90.969 90.793 90.611 90.42 90.218 90.003 89.769 89.513 89.267 89.053 88.808 88.497
-9999 -9999 -9999 -9999 -9999 -9999 -9999 -9999 -9999 -9999 -9999 -9999 -9999 -9999 -9999 93.12 93.149 93.18 93.231 93.303 93.377 93.447 93.511 93.558 93.56 93.566 93.575 93.587 93.604 93.626 93.645 93.633 93.606 93.583 93.565 93.55 93.537 93.527 93.517 93.507 93.488 93.45 93.397 93.341 93.282 93.219 93.146 93.055 92.958 92.861 92.763 92.663 92.562 92.432 92.275 92.104 91.934 91.763 91.592 91.424 91.26 91.101 90.935 90.764 90.588 90.405 90.211 90.004 89.781 89.539 89.272 89.005 88.766 88.515 88.222
-9999 -9999 -9999 -9999 -9999 -9999 -9999 -9999 -9999 -9999 -9999 -9999 -9999 -9999 93.092 93.078 93.11 93.139 -9999 -9999 -9999 -9999 93.393 93.43 93.435 93.443 93.455 93.468 93.485 93.508 93.525 93.513 93.489 93.47 93.455 93.443 93.433 93.425 93.418 93.411 93.398 93.368 93.315 93.257 93.189 93.097 92.997 92.899 92.801 92.703 92.603 92.502 92.387 92.246 92.078 91.906 91.733 91.558 91.382 91.207 91.038 90.88 90.725 90.56 90.383 90.197 89.998 89.785 89.554 89.301 89.021 88.734 88.468 88.196 87.896
-9999 -9999 -9999 -9999 -9999 -9999 -9999 -9999 -9999 -9999 -9999 -9999 -9999 -9999 93.005 93.038 93.071 -9999 -9999 -9999 -9999 -9999 93.224 93.281 93.296 93.327 93.339 93.355 93.373 93.395 93.41 93.399 93.377 93.36 93.348 93.338 93.331 93.325 93.321 93.317 93.311 93.286 93.234 93.158 93.052 92.947 92.847 92.747 92.648 92.549 92.448 92.346 92.215 92.058 91.888 91.715 91.54 91.363 91.183 90.999 90.823 90.666 90.515 90.354 90.177 89.986 89.781 89.559 89.318 89.053 88.758 88.446 88.157 87.87 87.601
-9999 -9999 -9999 -9999 -9999 -9999 -9999 -9999 -9999 -9999 -9999 -9999 -9999 -9999 -9999 -9999 92.977 -9999 -9999 -9999 -9999 -9999 93.131 93.083 93.129 93.214 93.226 93.231 93.236 93.246 93.251 93.236 93.213 93.196 93.186 93.182 93.181 93.184 93.189 93.197 93.206 93.194 93.128 93.016 92.905 92.799 92.698 92.598 92.498 92.398 92.296 92.181 92.042 91.874 91.704 91.531 91.355 91.178 90.997 90.814 90.635 90.471 90.315 90.149 89.966 89.752 89.519 89.271 89.004 88.715 88.397 88.058 87.747 87.475 87.257
-9999 -9999 -9999 -9999 -9999 -9999 -9999 -9999 -9999 -9999 -9999 -9999 -9999 -9999 -9999 -9999 -9999 -9999 -9999 -9999 -9999 -9999 93.011 93.035 93.067 93.06 93.054 93.05 93.053 93.061 93.065 93.051 93.031 93.016 93.009 93.007 93.011 93.019 93.03 93.043 93.051 93.016 92.939 92.844 92.748 92.652 92.55 92.449 92.349 92.248 92.145 92.018 91.864 91.696 91.524 91.351 91.177 91.0 90.821 90.641 90.464 90.283 90.091 89.886 89.671 89.437 89.184 88.917 88.632 88.323 87.984 87.622 87.316 87.08 86.899
-9999 -9999 -9999 -9999 -9999 -9999 -9999 -9999 -9999 -9999 -9999 -9999 -9999 -9999 -9999 -9999 -9999 -9999 -9999 -9999 -9999 -9999 -9999 92.896 92.879 92.869 92.864 92.864 92.87 92.879 92.885 92.874 92.857 92.845 92.839 92.838 92.841 92.849 92.86 92.865 92.837 92.79 92.725 92.642 92.556 92.471 92.387 92.299 92.199 92.098 91.993 91.853 91.689 91.52 91.348 91.175 91.001 90.825 90.647 90.449 90.238 90.028 89.812 89.585 89.346 89.093 88.822 88.54 88.241 87.916 87.564 87.215 86.918 86.726 86.578
-9999 -9999 -9999 -9999 -9999 -9999 -9999 -9999 -9999 -9999 -9999 -9999 -9999 -9999 -9999 -9999 -9999 -9999 -9999 -9999 -9999 -9999 92.681 92.703 92.692 92.686 92.74 92.895 92.849 92.707 92.715 92.708 92.689 92.681 92.701 92.769 92.746 92.682 92.683 92.653 92.609 92.562 92.501 92.426 92.349 92.274 92.199 92.117 92.034 91.946 91.828 91.683 91.515 91.345 91.173 90.999 90.825 90.628 90.413 90.196 89.968 89.739 89.507 89.268 89.019 88.753 88.465 88.161 87.844 87.518 87.175 86.832 86.571 86.404 86.28
-9999 -9999 -9999 -9999 -9999 -9999 -9999 -9999 -9999 -9999 -9999 -9999 -9999 -9999 -9999 -9999 -9999 -9999 -9999 -9999 -9999 -9999 92.503 92.523 92.516 92.514 92.584 92.554 92.495 92.543 92.554 92.549 92.531 92.521 92.511 92.389 92.395 92.513 92.481 92.432 92.385 92.335 92.278 92.214 92.142 92.07 91.998 91.924 91.849 91.767 91.661 91.509 91.341 91.17 90.997 90.808 90.596 90.376 90.144 89.91 89.676 89.44 89.2 88.952 88.691 88.412 88.111 87.788 87.47 87.145 86.801 86.47 86.248 86.113 85.997
-9999 -9999 -9999 -9999 -9999 -9999 -9999 -9999 -9999 -9999 -9999 -9999 -9999 -9999 -9999 -9999 -9999 -9999 -9999 -9999 -9999 -9999 92.334 92.352 92.349 92.35 92.335 92.343 92.372 92.385 92.399 92.397 92.378 92.365 92.296 92.295 92.355 92.327 92.273 92.221 92.168 92.113 92.058 92.0 91.936 91.867 91.797 91.725 91.652 91.576 91.468 91.327 91.165 90.993 90.788 90.563 90.331 90.092 89.855 89.618 89.38 89.138 88.89 88.632 88.36 88.075 87.778 87.458 87.118 86.784 86.433 86.144 85.954 85.84 85.725
-9999 -9999 -9999 -9999 -9999 -9999 -9999 -9999 -9999 -9999 -9999 -9999 -9999 -9999 -9999 -9999 -9999 -9999 -9999 -9999 -9999 -9999 -9999 92.189 92.19 92.193 92.199 92.207 92.218 92.231 92.246 92.247 92.232 92.216 92.205 92.203 92.184 92.127 92.071 92.016 91.96 91.903 91.848 91.793 91.732 91.664 91.596 91.526 91.454 91.375 91.26 91.119 90.969 90.765 90.536 90.287 90.042 89.802 89.563 89.322 89.079 88.831 88.576 88.317 88.05 87.765 87.464 87.141 86.787 86.425 86.082 85.832 85.69 85.578 85.464
-9999 -9999 -9999 -9999 -9999 -9999 -9999 -9999 -9999 -9999 -9999 -9999 -9999 -9999 -9999 -9999 -9999 -9999 -9999 -9999 -9999 -9999 -9999 92.049 92.036 92.041 92.048 92.058 92.069 92.082 92.096 92.101 92.09 92.071 92.058 92.04 91.988 91.93 91.874 91.817 91.759 91.701 91.65 91.596 91.535 91.47 91.401 91.329 91.255 91.17 91.049 90.896 90.705 90.494 90.25 89.997 89.749 89.507 89.266 89.026 88.784 88.539 88.286 88.024 87.754 87.467 87.16 86.827 86.462 86.079 85.758 85.548 85.434 85.324 85.212
-9999 -9999 -9999 -9999 -9999 -9999 -9999 -9999 -9999 -9999 -9999 -9999 -9999 -9999 -9999 -9999 -9999 -9999 -9999 -9999 -9999 -9999 91.938 91.915 91.898 91.893 91.902 91.912 91.923 91.936 91.949 91.957 91.952 91.931 91.909 91.862 91.796 91.737 91.679 91.62 91.562 91.511 91.46 91.405 91.346 91.283 91.215 91.143 91.07 90.978 90.845 90.646 90.433 90.2 89.964 89.718 89.471 89.231 88.991 88.749 88.506 88.259 88.004 87.74 87.462 87.168 86.852 86.509 86.139 85.77 85.468 85.29 85.185 85.077 84.967
-9999 -9999 -9999 -9999 -9999 -9999 -9999 -9999 -9999 -9999 -9999 -9999 -9999 -9999 -9999 -9999 -9999 -9999 -9999 -9999 -9999 -9999 91.812 91.781 91.759 91.747 91.747 91.761 91.775 91.79 91.803 91.814 91.811 91.793 91.757 91.684 91.612 91.546 91.486 91.427 91.375 91.325 91.273 91.217 91.158 91.097 91.035 90.964 90.89 90.79 90.62 90.391 90.16 89.927 89.69 89.447 89.204 88.964 88.723 88.48 88.233 87.981 87.721 87.45 87.165 86.863 86.538 86.189 85.846 85.49 85.206 85.044 84.942 84.837 84.729
-9999 -9999 -9999 -9999 -9999 -9999 -9999 -9999 -9999 -9999 -9999 -9999 -9999 -9999 -9999 -9999 -9999 -9999 -9999 -9999 -9999 -9999 91.679 91.651 91.628 91.61 91.603 91.605 91.62 91.635 91.649 91.664 91.668 91.651 91.591 91.512 91.435 91.363 91.296 91.241 91.19 91.139 91.086 91.03 90.971 90.913 90.852 90.785 90.709 90.579 90.356 90.128 89.897 89.662 89.423 89.178 88.935 88.695 88.451 88.205 87.954 87.697 87.431 87.153 86.861 86.55 86.222 85.9 85.568 85.226 84.951 84.802 84.705 84.602 84.496
-9999 -9999 -9999 -9999 -9999 -9999 -9999 -9999 -9999 -9999 -9999 -9999 -9999 -9999 -9999 -9999 -9999 -9999 -9999 -9999 -9999 91.578 91.549 91.525 91.503 91.485 91.47 91.463 91.462 91.477 91.491 91.506 91.515 91.494 91.416 91.333 91.252 91.173 91.106 91.047 90.995 90.942 90.889 90.832 90.773 90.714 90.656 90.594 90.505 90.319 90.099 89.87 89.638 89.401 89.159 88.91 88.664 88.421 88.174 87.924 87.668 87.405 87.133 86.849 86.549 86.24 85.937 85.626 85.306 84.989 84.725 84.572 84.471 84.371 84.262
-9999 -9999 -9999 -9999 -9999 -9999 -9999 -9999 -9999 -9999 -9999 -9999 -9999 -9999 -9999 -9999 -9999 -9999 -9999 -9999 91.47 91.449 91.423 91.401 91.381 91.363 91.346 91.331 91.324 91.322 91.33 91.337 91.34 91.298 91.222 91.141 91.064 90.992 90.926 90.863 90.803 90.746 90.691 90.634 90.573 90.513 90.455 90.384 90.242 90.056 89.838 89.612 89.381 89.142 88.896 88.643 88.392 88.146 87.891 87.635 87.374 87.105 86.827 86.535 86.246 85.959 85.666 85.364 85.038 84.752 84.523 84.353 84.239 84.14 84.05
-9999 -9999 -9999 -9999 -9999 -9999 -9999 -9999 -9999 -9999 -9999 -9999 -9999 -9999 -9999 -9999 -9999 -9999 91.394 91.372 91.347 91.322 91.299 91.279 91.26 91.242 91.226 91.21 91.192 91.176 91.161 91.154 91.145 91.095 91.027 90.951 90.884 90.82 90.756 90.69 90.626 90.562 90.499 90.439 90.377 90.315 90.25 90.138 89.979 89.794 89.577 89.351 89.116 88.872 88.62 88.36 88.104 87.853 87.593 87.328 87.062 86.79 86.51 86.241 85.968 85.692 85.404 85.095 84.779 84.521 84.323 84.137 84.025 83.954 83.874
-9999 -9999 -9999 -9999 -9999 -9999 -9999 -9999 -9999 -9999 -9999 -9999 -9999 -9999 -9999 -9999 -9999 91.301 91.273 91.245 91.219 91.196 91.176 91.156 91.138 91.121 91.103 91.079 91.052 91.027 91.005 90.99 90.956 90.895 90.834 90.775 90.713 90.651 90.589 90.526 90.459 90.391 90.325 90.255 90.185 90.12 90.034 89.882 89.722 89.532 89.301 89.067 88.827 88.579 88.324 88.063 87.805 87.55 87.286 87.011 86.738 86.481 86.229 85.97 85.711 85.437 85.143 84.825 84.54 84.309 84.134 83.966 83.852 83.792 83.723
-9999 -9999 -9999 -9999 -9999 -9999 -9999 -9999 -9999 -9999 -9999 -9999 -9999 -9999 91.33 91.236 91.192 91.163 91.136 91.112 91.09 91.07 91.051 91.033 91.015 90.993 90.964 90.937 90.911 90.886 90.862 90.837 90.785 90.722 90.664 90.608 90.547 90.486 90.425 90.363 90.299 90.231 90.161 90.087 90.012 89.929 89.789 89.621 89.445 89.245 89.017 88.777 88.533 88.283 88.026 87.765 87.507 87.249 86.981 86.717 86.457 86.208 85.967 85.719 85.459 85.182 84.886 84.584 84.346 84.173 84.009 83.839 83.711 83.643 83.577
-9999 -9999 -9999 -9999 -9999 -9999 -9999 -9999 -9999 -9999 -9999 -9999 91.397 91.326 91.206 91.093 91.035 91.015 90.995 90.976 90.958 90.941 90.924 90.906 90.879 90.85 90.822 90.796 90.77 90.746 90.724 90.696 90.642 90.579 90.521 90.46 90.394 90.326 90.265 90.204 90.141 90.075 90.004 89.93 89.847 89.72 89.531 89.344 89.154 88.947 88.719 88.479 88.232 87.98 87.721 87.462 87.212 86.969 86.721 86.463 86.205 85.957 85.716 85.467 85.205 84.936 84.656 84.424 84.237 84.092 83.939 83.756 83.592 83.5 83.434
-9999 -9999 -9999 -9999 -9999 -9999 -9999 -9999 91.525 91.427 91.382 91.338 91.265 91.154 91.044 90.957 90.898 90.862 90.85 90.837 90.823 90.809 90.791 90.762 90.734 90.707 90.681 90.655 90.632 90.614 90.6 90.571 90.513 90.451 90.391 90.33 90.266 90.199 90.13 90.06 89.99 89.921 89.846 89.753 89.633 89.457 89.268 89.078 88.885 88.678 88.448 88.202 87.951 87.698 87.442 87.197 86.961 86.725 86.485 86.237 85.979 85.723 85.486 85.249 85.001 84.739 84.503 84.312 84.172 84.031 83.871 83.682 83.499 83.381 83.292
-9999 -9999 -9999 -9999 -9999 -9999 -9999 91.526 91.403 91.323 91.242 91.171 91.091 91.003 90.916 90.835 90.764 90.718 90.699 90.692 90.683 90.668 90.64 90.614 90.588 90.564 90.543 90.525 90.51 90.497 90.485 90.451 90.389 90.327 90.268 90.21 90.151 90.087 90.016 89.943 89.865 89.78 89.673 89.559 89.414 89.221 89.033 88.846 88.655 88.454 88.236 87.997 87.753 87.503 87.252 87.009 86.778 86.546 86.308 86.062 85.807 85.539 85.293 85.062 84.82 84.579 84.389 84.241 84.109 83.967 83.794 83.594 83.407 83.282 83.188
-9999 -9999 -9999 -9999 -9999 -9999 91.547 91.404 91.283 91.184 91.1 91.027 90.954 90.871 90.789 90.713 90.642 90.585 90.548 90.542 90.532 90.51 90.49 90.471 90.454 90.437 90.423 90.409 90.396 90.383 90.37 90.331 90.268 90.208 90.15 90.093 90.037 89.976 89.907 89.823 89.73 89.619 89.508 89.389 89.22 89.026 88.842 88.657 88.469 88.274 88.061 87.828 87.59 87.346 87.102 86.865 86.633 86.396 86.154 85.909 85.656 85.391 85.126 84.887 84.647 84.459 84.305 84.175 84.038 83.885 83.707 83.503 83.317 83.188 83.095
