Validation/Results/raw data/ReClimate_04_2024_2_Precipitation-Actualsweatherlogisticsltd.asc
NCOLS 192
NROWS 249
XLLCENTER -225160.85627316462
YLLCENTER 29788.11610251502
CELLSIZE 5000.0
NODATA_VALUE -9999
[rows 132 to 164 of 249, columns 74 to 147 of 192]
-9999 -9999 -9999 -9999 -9999 -9999 -9999 -9999 -9999 -9999 -9999 -9999 -9999 112.947 115.415 118.401 118.438 127.223 132.441 144.318 149.395 152.497 143.709 107.839 101.47 104.738 107.489 100.977 96.529 97.005 91.78 90.857 95.008 89.114 102.252 112.162 120.136 117.332 109.547 113.847 113.949 109.583 120.471 118.417 108.615 106.544 99.588 99.38 94.05 90.783 95.495 87.915 80.309 79.925 83.475 79.029 74.962 71.055 -9999 -9999 -9999 -9999 -9999 -9999 -9999 -9999 -9999 -9999 -9999 -9999 -9999 -9999 -9999 -9999
104.98 -9999 -9999 -9999 -9999 -9999 -9999 -9999 -9999 -9999 -9999 -9999 -9999 117.522 140.78 121.084 114.981 117.735 122.026 143.608 179.541 178.82 134.258 117.776 104.374 107.018 105.617 104.892 111.759 92.311 85.181 88.811 89.46 97.18 99.29 108.848 109.574 108.19 103.783 106.11 105.417 111.134 114.758 117.201 113.038 108.691 102.369 91.704 86.825 88.373 85.263 84.247 82.666 78.765 76.37 78.362 76.434 71.446 -9999 -9999 -9999 -9999 -9999 -9999 -9999 -9999 -9999 -9999 -9999 -9999 -9999 -9999 -9999 -9999
126.975 -9999 -9999 -9999 -9999 -9999 -9999 -9999 -9999 -9999 -9999 -9999 118.046 140.268 131.981 122.663 119.327 117.095 117.28 145.306 163.788 146.474 143.243 123.926 110.588 101.116 102.172 109.342 98.868 93.188 86.012 83.464 92.301 93.012 96.674 98.028 100.189 98.481 95.433 95.886 101.72 99.586 106.289 111.541 109.51 98.865 92.986 90.738 86.078 80.849 71.028 79.824 81.059 81.078 76.658 76.001 77.889 76.631 68.164 -9999 -9999 -9999 -9999 -9999 -9999 -9999 -9999 -9999 -9999 -9999 -9999 -9999 -9999 -9999
118.01 -9999 -9999 -9999 -9999 -9999 -9999 -9999 -9999 -9999 -9999 111.729 -9999 121.604 129.395 123.538 119.526 110.09 105.145 116.737 122.191 140.402 152.813 129.261 105.474 95.131 93.593 92.824 93.095 93.453 92.982 89.706 91.888 88.541 89.443 88.277 88.863 85.561 81.612 86.388 88.883 94.052 97.154 96.046 94.877 92.58 85.817 80.282 81.227 70.569 81.847 85.002 80.687 79.761 78.184 77.475 78.663 76.957 72.098 -9999 -9999 -9999 -9999 -9999 -9999 -9999 -9999 -9999 -9999 -9999 -9999 -9999 -9999 -9999
132.775 114.754 -9999 -9999 -9999 -9999 -9999 -9999 -9999 -9999 -9999 107.716 -9999 110.843 115.903 113.453 111.304 103.041 99.689 100.354 108.766 134.966 138.999 125.569 107.931 93.277 88.227 87.843 93.722 104.101 108.864 -9999 -9999 -9999 -9999 -9999 -9999 80.829 79.351 81.825 85.242 89.186 91.681 91.981 94.843 88.103 82.371 86.246 79.07 82.2 81.568 74.912 80.949 79.542 79.731 73.718 73.217 74.602 73.593 69.002 -9999 -9999 -9999 -9999 -9999 -9999 -9999 -9999 -9999 -9999 -9999 -9999 -9999 -9999
142.205 123.05 100.105 -9999 -9999 -9999 -9999 -9999 -9999 -9999 -9999 104.727 102.93 99.477 98.688 106.577 106.654 103.82 97.961 93.826 104.356 121.06 134.38 119.027 107.964 94.947 90.966 94.868 90.662 99.799 95.442 -9999 -9999 -9999 -9999 78.752 81.382 78.863 79.883 80.551 82.199 87.082 92.382 101.608 99.772 92.227 94.108 82.887 82.067 85.387 77.151 75.224 81.171 81.282 80.302 86.76 80.572 76.604 74.701 67.483 -9999 -9999 -9999 -9999 -9999 -9999 -9999 -9999 -9999 -9999 -9999 -9999 -9999 -9999
132.809 116.861 112.783 105.856 -9999 -9999 -9999 -9999 -9999 -9999 -9999 104.44 97.331 94.271 -9999 -9999 104.994 102.672 94.732 93.627 -9999 101.584 105.736 102.177 101.456 93.914 95.061 89.848 84.724 -9999 -9999 -9999 -9999 -9999 75.362 77.541 79.392 76.752 80.13 80.774 80.031 85.107 99.595 115.936 119.625 105.471 99.196 89.878 87.87 82.563 80.209 84.173 77.669 83.39 84.341 85.963 82.97 76.524 75.743 70.495 -9999 -9999 -9999 -9999 -9999 -9999 -9999 -9999 -9999 -9999 -9999 -9999 -9999 -9999
109.64 126.827 129.389 112.825 -9999 -9999 -9999 -9999 -9999 -9999 -9999 -9999 96.977 88.392 -9999 -9999 -9999 93.304 90.561 88.974 89.339 -9999 -9999 92.089 93.384 93.203 92.974 91.563 -9999 -9999 -9999 -9999 -9999 84.499 80.963 86.274 81.65 79.265 81.837 82.979 82.393 88.772 99.127 114.802 115.295 116.172 102.13 102.64 100.941 95.258 89.961 90.923 86.932 80.498 85.774 87.989 81.94 76.556 78.433 76.288 -9999 -9999 -9999 -9999 -9999 -9999 -9999 -9999 -9999 -9999 -9999 -9999 -9999 -9999
117.23 126.336 116.745 -9999 -9999 -9999 -9999 -9999 -9999 -9999 -9999 -9999 -9999 87.878 -9999 -9999 -9999 -9999 85.916 88.566 89.792 -9999 -9999 -9999 88.027 85.887 -9999 -9999 -9999 -9999 -9999 -9999 -9999 83.777 89.597 88.481 87.547 91.684 93.336 88.398 80.001 83.173 93.604 99.986 112.895 111.49 105.48 113.408 109.599 103.519 91.694 94.175 93.283 84.942 80.832 83.824 79.952 76.071 79.646 76.202 -9999 -9999 -9999 -9999 -9999 -9999 -9999 -9999 -9999 -9999 -9999 -9999 -9999 -9999
115.559 108.837 -9999 -9999 -9999 -9999 -9999 -9999 -9999 -9999 -9999 -9999 -9999 96.721 -9999 -9999 -9999 -9999 -9999 86.45 85.866 -9999 -9999 -9999 -9999 -9999 -9999 -9999 -9999 -9999 -9999 -9999 -9999 88.89 97.45 99.995 104.648 107.384 101.024 88.247 83.012 82.541 85.723 99.147 118.331 129.745 127.929 117.093 109.463 89.367 87.702 86.887 83.05 83.187 86.075 81.918 77.533 74.934 80.295 80.38 72.854 -9999 -9999 -9999 -9999 -9999 -9999 -9999 -9999 -9999 -9999 -9999 -9999 -9999
112.442 -9999 103.286 107.757 104.275 94.347 -9999 -9999 -9999 -9999 -9999 -9999 -9999 97.728 -9999 -9999 -9999 -9999 -9999 -9999 -9999 -9999 -9999 -9999 -9999 -9999 -9999 -9999 -9999 -9999 -9999 -9999 87.453 91.158 98.023 101.712 105.634 124.443 116.68 98.967 88.825 79.869 82.777 81.73 105.388 129.519 132.201 121.849 104.101 114.674 114.536 96.172 90.023 77.244 78.846 82.303 81.733 80.308 79.808 82.456 78.16 73.491 -9999 -9999 -9999 -9999 -9999 -9999 -9999 -9999 -9999 -9999 -9999 -9999
108.057 103.408 105.944 105.518 94.75 93.463 -9999 -9999 -9999 -9999 -9999 -9999 -9999 -9999 -9999 -9999 -9999 -9999 -9999 -9999 -9999 -9999 -9999 -9999 -9999 -9999 -9999 -9999 -9999 -9999 -9999 88.423 89.219 96.699 105.514 112.016 126.227 159.162 138.532 103.961 88.507 81.821 72.944 75.956 91.225 120.362 145.739 125.858 113.908 110.06 101.692 99.745 93.221 86.62 77.703 78.877 77.132 79.179 78.828 79.555 77.158 73.056 -9999 -9999 -9999 -9999 -9999 -9999 -9999 -9999 -9999 -9999 -9999 -9999
104.457 106.521 103.681 96.141 -9999 91.757 89.502 -9999 -9999 -9999 -9999 -9999 -9999 -9999 -9999 -9999 -9999 -9999 -9999 -9999 -9999 -9999 -9999 -9999 -9999 -9999 -9999 -9999 -9999 -9999 -9999 91.141 93.561 113.462 133.782 141.237 140.372 133.349 131.327 113.051 100.322 87.065 81.416 76.105 83.036 106.138 121.267 137.348 123.574 107.583 96.109 91.726 86.306 83.127 80.07 80.335 77.966 77.926 77.663 76.855 75.504 73.368 72.138 72.226 -9999 -9999 -9999 -9999 -9999 -9999 -9999 -9999 -9999 -9999
108.882 107.872 100.093 92.913 -9999 -9999 89.754 -9999 -9999 -9999 -9999 -9999 -9999 -9999 -9999 -9999 -9999 -9999 -9999 -9999 -9999 -9999 -9999 -9999 -9999 -9999 -9999 -9999 -9999 -9999 -9999 106.911 113.028 126.443 137.757 146.511 147.442 160.858 151.136 133.757 114.39 106.142 88.488 83.882 83.048 76.667 97.178 111.51 106.863 101.662 94.283 82.475 80.29 78.475 75.466 73.21 76.695 75.922 77.634 76.833 77.818 78.412 87.595 87.978 81.423 78.611 84.76 -9999 -9999 -9999 -9999 -9999 -9999 -9999
104.302 103.057 102.244 94.714 86.932 -9999 89.046 -9999 -9999 -9999 -9999 -9999 -9999 -9999 -9999 -9999 -9999 -9999 -9999 -9999 -9999 -9999 -9999 -9999 -9999 -9999 -9999 -9999 -9999 -9999 87.238 110.174 126.092 151.231 191.712 212.858 209.949 170.459 163.62 158.641 153.736 127.375 121.097 103.258 87.768 75.885 87.359 87.743 93.064 103.943 96.661 87.341 81.483 80.064 79.293 76.538 74.442 75.315 76.072 77.591 80.846 82.92 90.127 103.755 98.921 94.552 90.0 87.583 86.195 -9999 -9999 -9999 -9999 -9999
110.308 102.452 94.284 90.12 -9999 88.672 -9999 -9999 -9999 -9999 -9999 -9999 -9999 -9999 -9999 -9999 -9999 -9999 -9999 -9999 -9999 -9999 -9999 -9999 -9999 -9999 -9999 -9999 -9999 -9999 -9999 92.523 119.444 158.781 192.177 218.705 228.78 223.698 173.288 175.118 157.295 165.683 144.857 116.881 100.241 94.193 89.691 92.413 123.52 112.719 106.098 107.003 98.388 85.454 81.755 79.395 77.062 76.175 77.221 81.837 82.105 81.084 90.331 101.761 95.538 89.755 90.896 90.135 90.476 85.762 -9999 -9999 -9999 -9999
114.477 99.036 89.716 88.149 89.407 92.339 -9999 -9999 -9999 -9999 -9999 -9999 -9999 -9999 -9999 -9999 -9999 -9999 -9999 -9999 -9999 -9999 -9999 -9999 -9999 -9999 -9999 -9999 -9999 -9999 -9999 -9999 99.51 125.346 155.463 183.815 216.602 214.443 158.977 140.656 155.356 157.022 136.56 125.559 119.04 116.444 105.749 120.311 124.811 120.588 125.966 117.744 100.538 95.86 87.061 81.642 75.296 73.349 77.184 80.625 89.259 98.94 98.717 113.255 115.563 103.206 100.554 88.206 89.246 88.725 86.123 -9999 -9999 -9999
112.196 98.133 92.242 88.03 89.964 -9999 -9999 -9999 -9999 -9999 -9999 -9999 -9999 -9999 -9999 -9999 -9999 -9999 -9999 -9999 -9999 -9999 -9999 -9999 -9999 -9999 -9999 -9999 -9999 -9999 -9999 -9999 88.608 110.775 135.128 157.58 195.186 181.491 140.386 136.193 134.653 125.337 122.085 118.45 130.327 145.781 123.396 132.396 137.503 123.473 107.12 102.216 91.783 90.784 91.155 81.984 75.705 76.244 78.584 83.32 86.742 101.135 108.395 105.502 106.551 103.375 106.373 102.458 91.201 92.724 90.255 85.993 -9999 -9999
114.804 105.169 95.735 88.494 81.383 -9999 -9999 -9999 -9999 -9999 -9999 -9999 -9999 -9999 -9999 -9999 -9999 -9999 -9999 -9999 -9999 -9999 -9999 -9999 -9999 -9999 -9999 -9999 -9999 -9999 -9999 -9999 -9999 104.327 130.969 150.618 159.874 140.356 136.607 124.305 117.831 115.747 112.977 119.331 134.132 130.7 147.235 137.453 132.108 118.696 110.639 105.252 103.278 87.857 87.454 81.806 79.475 79.868 81.154 88.005 93.353 95.644 101.393 104.599 104.814 102.435 103.551 103.375 101.434 94.77 95.967 90.128 -9999 -9999
124.741 -9999 -9999 -9999 -9999 -9999 -9999 -9999 -9999 -9999 -9999 -9999 -9999 -9999 -9999 -9999 -9999 -9999 -9999 -9999 -9999 -9999 -9999 -9999 -9999 -9999 -9999 -9999 -9999 -9999 -9999 -9999 -9999 100.225 126.924 133.269 118.95 127.468 121.821 120.948 114.401 109.487 115.978 121.165 125.024 157.713 140.454 141.367 140.354 123.887 102.235 100.649 97.547 93.658 85.066 83.501 79.366 78.446 81.912 84.427 93.365 100.508 99.446 94.344 94.146 92.414 97.146 100.556 104.237 100.458 89.835 90.805 83.28 -9999
145.416 -9999 -9999 -9999 -9999 -9999 -9999 -9999 -9999 -9999 -9999 -9999 -9999 -9999 -9999 -9999 -9999 -9999 -9999 -9999 -9999 -9999 -9999 -9999 -9999 -9999 -9999 -9999 -9999 -9999 -9999 -9999 -9999 -9999 115.544 108.929 114.432 129.944 113.53 110.491 104.897 104.617 112.707 119.366 138.409 146.196 151.531 147.342 138.171 130.383 125.422 116.464 103.037 104.956 97.453 86.05 78.884 76.182 77.332 81.136 83.15 96.021 101.911 92.465 80.664 80.788 81.253 85.484 89.016 95.53 87.692 82.887 82.51 -9999
118.07 -9999 -9999 -9999 -9999 -9999 -9999 -9999 -9999 -9999 -9999 -9999 -9999 -9999 -9999 -9999 -9999 -9999 -9999 -9999 -9999 -9999 -9999 -9999 -9999 -9999 -9999 -9999 -9999 -9999 -9999 -9999 -9999 -9999 100.522 -9999 110.132 102.054 100.461 99.617 -9999 101.461 113.575 122.744 130.169 150.201 152.337 149.316 143.126 136.167 132.143 141.452 121.37 110.886 105.695 96.489 82.815 77.328 75.132 76.74 81.854 83.827 92.959 91.448 84.374 79.088 80.809 80.987 82.967 86.07 85.138 90.785 93.78 85.118
-9999 -9999 -9999 -9999 -9999 -9999 -9999 -9999 -9999 -9999 -9999 -9999 -9999 -9999 -9999 -9999 -9999 -9999 -9999 -9999 -9999 -9999 -9999 -9999 -9999 -9999 -9999 -9999 -9999 -9999 -9999 -9999 -9999 -9999 -9999 92.791 95.895 -9999 -9999 -9999 -9999 95.283 103.183 105.169 115.883 127.31 141.689 117.602 136.621 138.494 126.199 127.635 136.047 115.265 109.445 98.185 90.961 84.869 80.044 76.854 79.261 83.647 87.156 93.139 88.739 86.906 84.207 81.127 83.759 87.504 87.295 86.324 99.019 95.39
-9999 -9999 -9999 -9999 -9999 -9999 -9999 -9999 -9999 -9999 -9999 -9999 -9999 -9999 -9999 -9999 -9999 -9999 -9999 -9999 -9999 -9999 -9999 -9999 -9999 -9999 -9999 -9999 -9999 -9999 -9999 -9999 -9999 -9999 -9999 87.624 88.772 -9999 -9999 -9999 -9999 93.618 99.2 98.495 103.215 114.099 102.678 112.359 124.361 134.759 126.78 118.115 130.997 118.818 110.28 102.232 94.409 86.969 81.984 77.837 74.277 77.657 83.193 87.302 89.739 90.513 88.267 84.923 85.228 89.762 92.775 90.52 92.561 91.166
-9999 -9999 -9999 -9999 -9999 -9999 -9999 -9999 -9999 -9999 -9999 -9999 -9999 -9999 -9999 -9999 -9999 -9999 -9999 -9999 -9999 -9999 -9999 -9999 -9999 -9999 -9999 -9999 -9999 -9999 -9999 -9999 -9999 -9999 -9999 85.036 -9999 -9999 -9999 -9999 89.968 96.99 106.251 117.681 117.775 120.779 117.467 107.622 123.873 134.238 118.345 117.043 113.975 113.598 107.626 100.792 91.309 84.981 80.634 79.39 76.283 72.268 78.418 82.128 84.541 88.132 94.292 98.92 96.407 94.17 91.769 89.754 86.41 84.405
-9999 -9999 -9999 -9999 -9999 -9999 -9999 -9999 -9999 -9999 -9999 -9999 -9999 -9999 -9999 -9999 -9999 -9999 -9999 -9999 -9999 -9999 -9999 -9999 -9999 -9999 -9999 -9999 -9999 -9999 -9999 -9999 -9999 -9999 -9999 -9999 -9999 -9999 -9999 -9999 91.762 104.884 122.306 143.759 151.695 139.142 115.735 110.175 109.56 111.438 107.824 114.874 117.633 107.987 106.978 101.873 91.84 86.426 82.487 79.727 77.437 75.921 78.762 83.723 84.72 87.851 92.72 105.337 109.416 94.517 88.487 84.65 84.391 81.628
-9999 -9999 -9999 -9999 -9999 -9999 -9999 -9999 -9999 -9999 -9999 -9999 -9999 -9999 -9999 -9999 -9999 -9999 -9999 -9999 -9999 -9999 -9999 -9999 -9999 -9999 -9999 -9999 -9999 -9999 -9999 -9999 -9999 -9999 -9999 -9999 -9999 -9999 -9999 -9999 92.611 101.9 125.451 148.861 153.299 133.713 119.552 105.375 105.601 106.453 101.586 104.111 102.226 105.601 101.962 99.96 93.015 86.065 81.496 78.109 76.183 77.575 78.457 81.66 83.04 84.672 89.543 97.367 104.294 96.001 86.633 86.009 83.975 80.953
-9999 -9999 -9999 -9999 -9999 -9999 -9999 -9999 -9999 -9999 -9999 -9999 -9999 -9999 -9999 -9999 -9999 -9999 -9999 -9999 -9999 -9999 -9999 -9999 -9999 -9999 -9999 -9999 -9999 -9999 -9999 -9999 -9999 -9999 -9999 -9999 -9999 -9999 -9999 86.332 87.758 99.158 126.654 153.209 151.878 133.274 125.658 107.669 110.561 107.81 102.107 101.49 103.587 97.203 95.981 88.531 88.091 82.422 82.084 79.401 77.841 78.686 80.878 80.282 80.136 79.828 84.726 90.467 96.832 95.035 88.704 84.085 83.45 82.085
-9999 -9999 -9999 -9999 -9999 -9999 -9999 -9999 -9999 -9999 -9999 -9999 -9999 -9999 -9999 -9999 -9999 -9999 -9999 -9999 -9999 -9999 -9999 -9999 -9999 -9999 -9999 -9999 -9999 -9999 -9999 -9999 -9999 -9999 -9999 -9999 -9999 -9999 -9999 86.406 86.929 99.313 120.662 136.2 123.373 122.051 109.334 118.169 127.402 112.025 108.026 105.45 96.63 97.527 94.504 92.561 93.829 93.21 84.897 82.518 79.99 78.317 78.983 79.672 79.638 79.377 81.799 84.74 89.189 95.399 92.539 86.304 81.797 82.95
-9999 -9999 -9999 -9999 -9999 -9999 -9999 -9999 -9999 -9999 -9999 -9999 -9999 -9999 -9999 -9999 -9999 -9999 -9999 -9999 -9999 -9999 -9999 -9999 -9999 -9999 -9999 -9999 -9999 -9999 -9999 -9999 -9999 -9999 -9999 -9999 -9999 -9999 83.252 84.734 88.278 95.051 110.133 115.322 116.291 110.232 112.056 121.679 117.706 112.779 117.226 108.092 99.54 87.391 95.294 91.409 90.845 91.127 90.354 84.016 81.106 77.727 77.155 76.786 78.231 80.469 81.71 84.385 87.046 91.8 94.395 92.578 85.608 85.174
-9999 -9999 -9999 -9999 -9999 -9999 -9999 -9999 -9999 -9999 -9999 -9999 -9999 -9999 -9999 -9999 -9999 -9999 -9999 -9999 -9999 -9999 -9999 -9999 -9999 -9999 -9999 -9999 -9999 -9999 -9999 -9999 -9999 -9999 -9999 -9999 -9999 -9999 81.202 86.354 87.577 93.558 103.157 106.778 107.46 113.647 113.744 107.118 111.709 116.542 126.947 122.455 113.048 100.339 94.222 95.775 84.921 81.057 85.283 88.101 83.196 77.92 77.048 76.229 77.059 80.596 80.344 79.505 83.384 89.459 89.997 91.693 88.139 84.015
-9999 -9999 -9999 -9999 -9999 -9999 -9999 -9999 -9999 -9999 -9999 -9999 -9999 -9999 -9999 -9999 -9999 -9999 -9999 -9999 -9999 -9999 -9999 -9999 -9999 -9999 -9999 -9999 -9999 -9999 -9999 -9999 -9999 -9999 -9999 -9999 -9999 -9999 82.608 85.118 86.849 92.91 100.665 103.003 105.595 108.528 109.363 114.374 121.85 130.547 131.764 124.157 114.024 104.015 96.113 94.723 90.732 83.552 82.63 83.331 83.157 80.397 78.82 79.29 80.423 82.444 82.73 81.146 80.591 84.625 89.41 88.98 89.433 84.794
-9999 -9999 -9999 -9999 -9999 -9999 -9999 -9999 -9999 -9999 -9999 -9999 -9999 -9999 -9999 -9999 -9999 -9999 -9999 -9999 -9999 -9999 -9999 -9999 -9999 -9999 -9999 -9999 -9999 -9999 -9999 -9999 -9999 -9999 -9999 -9999 -9999 -9999 -9999 84.883 86.85 88.37 88.338 107.542 116.168 125.71 128.06 120.342 125.099 131.595 125.68 123.113 111.745 95.192 93.451 89.025 90.026 87.172 85.948 85.437 81.708 80.912 81.25 81.373 81.455 83.242 82.906 82.755 79.437 82.083 84.287 86.599 -9999 86.127
