Validation/Results/raw data/ReClimate_12_2023_2_Temperatureweatherlogisticsltd.asc
NCOLS 192
NROWS 249
XLLCENTER -225160.85627316462
YLLCENTER 29788.11610251502
CELLSIZE 5000.0
NODATA_VALUE -9999
[rows 102 to 135 of 249, columns 77 to 153 of 192]
0.194 0.205 0.208 0.202 -9999 -9999 0.227 -9999 -9999 0.294 0.319 0.344 0.371 0.4 0.417 0.432 0.45 0.467 0.46 0.445 0.456 0.467 0.487 0.508 0.519 0.53 0.525 0.517 0.526 0.534 0.534 0.532 0.528 0.521 0.526 0.531 0.523 0.51 0.505 0.498 -9999 -9999 -9999 -9999 -9999 -9999 -9999 -9999 -9999 -9999 -9999 -9999 -9999 -9999 -9999 -9999 -9999 -9999 -9999 -9999 -9999 -9999 -9999 -9999 -9999 -9999 -9999 -9999 -9999 -9999 -9999 -9999 -9999 -9999 -9999 -9999 -9999
0.195 0.198 -9999 -9999 -9999 0.208 0.227 0.261 0.28 0.292 0.315 0.337 0.364 0.389 0.404 0.414 0.432 0.451 0.451 0.455 0.462 0.461 0.477 0.488 0.493 0.49 0.492 0.507 0.521 0.546 0.544 0.536 0.531 0.52 0.523 -9999 -9999 0.511 -9999 -9999 -9999 -9999 -9999 -9999 -9999 -9999 -9999 -9999 -9999 -9999 -9999 -9999 -9999 -9999 -9999 -9999 -9999 -9999 -9999 -9999 -9999 -9999 -9999 -9999 -9999 -9999 -9999 -9999 -9999 -9999 -9999 -9999 -9999 -9999 -9999 -9999 -9999
-9999 0.2 -9999 -9999 -9999 0.208 0.236 0.268 0.28 0.291 0.313 0.334 0.359 0.386 0.398 0.408 0.428 0.448 0.457 0.46 0.462 0.461 0.471 0.481 0.48 0.476 0.489 0.503 0.525 0.55 0.545 0.538 0.53 0.52 -9999 0.522 0.519 0.511 0.5 -9999 -9999 -9999 -9999 -9999 -9999 -9999 -9999 -9999 -9999 -9999 -9999 -9999 -9999 -9999 -9999 -9999 -9999 -9999 -9999 -9999 -9999 -9999 -9999 -9999 -9999 -9999 -9999 -9999 -9999 -9999 -9999 -9999 -9999 -9999 -9999 -9999 -9999
-9999 -9999 -9999 0.214 0.212 0.221 0.244 0.261 0.278 0.303 0.321 0.332 0.361 0.398 0.41 0.419 0.435 0.441 0.45 0.459 0.464 0.471 0.478 0.478 0.482 0.491 0.505 0.521 0.537 0.544 0.537 0.524 -9999 0.523 0.524 0.521 0.524 0.533 0.492 -9999 -9999 -9999 -9999 -9999 -9999 -9999 -9999 -9999 -9999 -9999 -9999 -9999 -9999 -9999 -9999 -9999 -9999 -9999 -9999 -9999 -9999 -9999 -9999 -9999 -9999 -9999 -9999 -9999 -9999 -9999 -9999 -9999 -9999 -9999 -9999 -9999 -9999
-9999 -9999 -9999 0.215 0.222 0.23 0.242 0.259 0.283 0.308 0.321 0.331 0.365 0.402 0.415 0.424 0.433 0.44 0.453 0.462 0.47 0.477 0.479 0.479 0.489 0.499 0.513 0.528 0.536 0.543 0.533 0.52 0.524 0.527 0.526 0.523 0.533 0.541 0.507 0.468 -9999 -9999 -9999 -9999 -9999 -9999 -9999 -9999 -9999 -9999 -9999 -9999 -9999 -9999 -9999 -9999 -9999 -9999 -9999 -9999 -9999 -9999 -9999 -9999 -9999 -9999 -9999 -9999 -9999 -9999 -9999 -9999 -9999 -9999 -9999 -9999 -9999
-9999 -9999 0.213 -9999 -9999 0.227 0.241 0.266 0.286 0.299 -9999 -9999 0.356 0.378 0.395 0.421 0.428 0.424 0.439 0.459 0.466 0.469 0.471 0.471 0.482 0.498 0.509 0.516 0.524 0.536 0.535 0.545 0.546 0.538 0.537 0.535 0.537 0.522 0.495 0.475 0.483 -9999 -9999 -9999 -9999 -9999 -9999 -9999 -9999 -9999 -9999 -9999 -9999 -9999 -9999 -9999 -9999 -9999 -9999 -9999 -9999 -9999 -9999 -9999 -9999 -9999 -9999 -9999 -9999 -9999 -9999 -9999 -9999 -9999 -9999 -9999 -9999
-9999 -9999 0.214 -9999 0.221 0.231 0.249 0.271 0.283 0.295 0.311 0.328 0.35 0.371 0.396 0.422 0.424 0.42 0.439 0.457 0.462 0.466 0.467 0.466 0.481 0.497 0.503 0.509 0.52 0.531 0.541 0.553 0.547 0.54 0.54 0.538 0.528 0.514 0.498 0.478 -9999 -9999 -9999 -9999 -9999 -9999 -9999 -9999 -9999 -9999 -9999 -9999 -9999 -9999 -9999 -9999 -9999 -9999 -9999 -9999 -9999 -9999 -9999 -9999 -9999 -9999 -9999 -9999 -9999 -9999 -9999 -9999 -9999 -9999 -9999 -9999 -9999
-9999 -9999 0.215 -9999 0.227 0.236 0.251 0.265 0.277 -9999 0.316 0.332 -9999 0.376 0.401 0.427 0.43 0.431 0.445 0.449 0.458 0.473 0.477 0.48 0.493 0.501 0.505 0.503 0.51 0.51 0.523 0.542 0.534 0.517 0.518 0.52 -9999 -9999 -9999 -9999 -9999 -9999 -9999 -9999 -9999 -9999 -9999 -9999 -9999 -9999 -9999 -9999 -9999 -9999 -9999 -9999 -9999 -9999 -9999 -9999 -9999 -9999 -9999 -9999 -9999 -9999 -9999 -9999 -9999 -9999 -9999 -9999 -9999 -9999 -9999 -9999 -9999
0.203 0.21 -9999 -9999 0.24 0.242 0.254 0.267 0.282 0.302 0.32 0.336 -9999 0.38 0.405 0.429 0.436 0.436 0.442 0.447 0.461 0.476 0.482 0.486 0.494 0.503 0.503 0.5 0.502 0.502 0.518 0.537 0.525 0.508 0.51 -9999 -9999 -9999 -9999 -9999 -9999 -9999 -9999 -9999 -9999 -9999 -9999 -9999 -9999 -9999 -9999 -9999 -9999 -9999 -9999 -9999 -9999 -9999 -9999 -9999 -9999 -9999 -9999 -9999 -9999 -9999 -9999 -9999 -9999 -9999 -9999 -9999 -9999 -9999 -9999 -9999 -9999
0.212 0.221 -9999 0.248 0.258 0.275 0.283 -9999 0.297 0.306 0.321 0.337 -9999 0.383 0.404 0.422 0.428 0.432 0.441 0.454 0.471 0.49 0.491 0.481 0.485 0.482 -9999 0.493 0.496 0.503 0.508 0.494 0.49 0.502 -9999 -9999 -9999 -9999 -9999 -9999 -9999 -9999 -9999 -9999 -9999 -9999 -9999 -9999 -9999 -9999 -9999 -9999 -9999 -9999 -9999 -9999 -9999 -9999 -9999 -9999 -9999 -9999 -9999 -9999 -9999 -9999 -9999 -9999 -9999 -9999 -9999 -9999 -9999 -9999 -9999 -9999 -9999
0.227 -9999 -9999 0.269 0.282 0.289 -9999 0.299 0.305 0.312 0.326 0.34 -9999 0.386 0.404 0.421 0.428 0.431 0.445 0.458 0.476 0.495 0.489 0.479 0.477 0.474 0.482 0.49 -9999 -9999 0.493 0.478 -9999 -9999 -9999 -9999 -9999 -9999 0.498 0.489 0.484 -9999 -9999 -9999 -9999 -9999 -9999 -9999 -9999 -9999 -9999 -9999 -9999 -9999 -9999 -9999 -9999 -9999 -9999 -9999 -9999 -9999 -9999 -9999 -9999 -9999 -9999 -9999 -9999 -9999 -9999 -9999 -9999 -9999 -9999 -9999 -9999
-9999 -9999 0.27 0.286 0.293 0.292 -9999 0.294 0.308 0.331 0.34 0.342 -9999 -9999 -9999 0.424 0.43 0.433 0.449 0.469 0.483 0.488 0.484 0.482 0.487 0.503 0.506 0.496 0.503 0.508 0.496 0.479 -9999 -9999 -9999 -9999 -9999 0.515 0.502 0.489 0.49 0.503 -9999 -9999 -9999 -9999 -9999 -9999 -9999 -9999 -9999 -9999 -9999 -9999 -9999 -9999 -9999 -9999 -9999 -9999 -9999 -9999 -9999 -9999 -9999 -9999 -9999 -9999 -9999 -9999 -9999 -9999 -9999 -9999 -9999 -9999 -9999
-9999 -9999 -9999 0.294 0.296 0.297 -9999 0.298 -9999 0.344 0.347 0.348 -9999 0.384 0.406 0.426 -9999 0.435 0.454 0.474 0.48 0.485 0.485 0.484 0.498 0.514 0.508 0.499 0.505 0.511 0.499 0.482 0.499 0.515 0.515 -9999 0.518 0.519 0.508 0.492 0.504 0.519 0.516 0.514 -9999 -9999 -9999 -9999 -9999 -9999 -9999 -9999 -9999 -9999 -9999 -9999 -9999 -9999 -9999 -9999 -9999 -9999 -9999 -9999 -9999 -9999 -9999 -9999 -9999 -9999 -9999 -9999 -9999 -9999 -9999 -9999 -9999
-9999 -9999 -9999 0.286 0.29 0.298 -9999 0.327 -9999 0.332 0.342 -9999 0.371 0.385 0.409 0.441 0.447 0.448 0.468 0.489 0.493 0.488 0.491 0.492 0.506 0.518 0.512 0.502 0.505 0.502 0.498 0.507 0.523 0.537 0.537 0.537 0.535 0.521 0.515 0.519 0.528 0.527 0.524 0.518 0.519 0.514 0.513 -9999 -9999 -9999 -9999 -9999 -9999 -9999 -9999 -9999 -9999 -9999 -9999 -9999 -9999 -9999 -9999 -9999 -9999 -9999 -9999 -9999 -9999 -9999 -9999 -9999 -9999 -9999 -9999 -9999 -9999
-9999 -9999 -9999 0.286 0.294 0.303 0.322 -9999 -9999 0.332 0.355 -9999 0.386 0.391 0.419 0.448 0.451 0.453 0.474 0.494 0.493 0.489 0.493 0.496 0.508 0.521 0.516 0.507 0.505 0.502 0.511 0.52 0.534 0.545 0.546 0.547 0.537 0.527 0.532 0.537 0.537 0.537 0.533 0.529 0.526 0.525 0.515 0.534 -9999 -9999 -9999 -9999 -9999 -9999 -9999 -9999 -9999 -9999 -9999 -9999 -9999 -9999 -9999 -9999 -9999 -9999 -9999 -9999 -9999 -9999 -9999 -9999 -9999 -9999 -9999 -9999 -9999
-9999 -9999 -9999 0.297 0.307 0.317 0.335 -9999 -9999 0.352 0.373 -9999 -9999 0.422 0.44 0.446 0.451 0.461 0.479 0.498 0.501 0.509 0.505 0.479 0.492 0.512 0.514 0.531 0.53 0.525 0.536 0.548 0.559 0.559 0.557 0.549 0.547 0.55 0.554 0.557 0.556 0.552 0.548 0.541 0.539 0.538 0.537 0.541 -9999 -9999 -9999 -9999 -9999 -9999 -9999 -9999 -9999 -9999 -9999 -9999 -9999 -9999 -9999 -9999 -9999 -9999 -9999 -9999 -9999 -9999 -9999 -9999 -9999 -9999 -9999 -9999 -9999
-9999 -9999 -9999 0.306 0.315 0.328 -9999 -9999 -9999 -9999 0.385 -9999 0.42 0.436 0.442 0.447 0.457 0.466 0.482 0.499 0.507 0.517 0.499 0.475 0.492 0.511 0.526 0.543 0.542 0.538 0.55 0.562 0.565 0.566 0.561 0.557 0.561 0.564 0.567 0.57 0.568 0.564 0.56 0.554 0.556 0.558 0.562 0.567 0.569 -9999 -9999 -9999 -9999 -9999 -9999 -9999 -9999 -9999 -9999 -9999 -9999 -9999 -9999 -9999 -9999 -9999 -9999 -9999 -9999 -9999 -9999 -9999 -9999 -9999 -9999 -9999 -9999
-9999 0.295 0.302 0.312 0.324 -9999 -9999 0.364 -9999 -9999 -9999 -9999 0.411 0.425 0.436 0.459 0.468 0.473 0.49 0.508 0.516 0.52 0.513 0.517 0.535 0.549 0.558 0.549 0.558 0.583 0.591 0.586 0.586 0.582 0.579 0.568 0.572 0.576 0.578 0.575 0.573 0.571 0.572 0.58 0.582 0.581 0.587 0.596 0.595 -9999 -9999 -9999 -9999 -9999 -9999 -9999 -9999 -9999 -9999 -9999 -9999 -9999 -9999 -9999 -9999 -9999 -9999 -9999 -9999 -9999 -9999 -9999 -9999 -9999 -9999 -9999 -9999
-9999 -9999 0.308 0.318 0.333 -9999 0.364 0.373 0.389 -9999 -9999 -9999 -9999 0.423 0.443 0.466 0.472 0.478 0.496 0.516 0.522 0.526 0.533 0.539 0.554 0.568 0.563 0.555 0.578 0.603 0.602 0.595 0.593 0.593 0.586 0.578 0.582 0.587 0.586 0.585 0.584 0.583 0.591 0.6 0.601 0.6 0.609 0.618 0.622 0.616 -9999 -9999 -9999 -9999 -9999 -9999 -9999 -9999 -9999 -9999 -9999 -9999 -9999 -9999 -9999 -9999 -9999 -9999 -9999 -9999 -9999 -9999 -9999 -9999 -9999 -9999 -9999
-9999 -9999 0.302 0.314 0.332 -9999 0.374 0.401 0.418 -9999 -9999 -9999 -9999 -9999 0.439 0.456 0.463 0.473 0.49 0.507 0.521 0.551 0.557 0.559 0.567 0.562 0.56 0.56 0.579 0.593 0.591 0.6 0.601 0.598 0.595 0.592 0.598 0.603 0.602 0.596 0.593 0.583 0.592 0.605 0.605 0.605 0.614 0.624 0.628 0.635 0.634 -9999 -9999 -9999 -9999 -9999 -9999 -9999 -9999 -9999 -9999 -9999 -9999 -9999 -9999 -9999 -9999 -9999 -9999 -9999 -9999 -9999 -9999 -9999 -9999 -9999 -9999
-9999 -9999 0.307 0.317 -9999 -9999 0.385 0.416 0.426 0.421 -9999 -9999 -9999 -9999 -9999 0.455 0.464 0.477 0.492 0.508 0.535 0.565 0.569 0.572 0.571 0.567 0.569 0.571 0.583 0.591 0.599 0.611 0.61 0.608 0.607 0.605 0.611 0.617 0.613 0.609 0.601 0.591 0.602 0.615 0.616 0.617 0.626 0.636 0.64 0.641 0.648 0.651 0.657 -9999 -9999 -9999 -9999 -9999 -9999 -9999 -9999 -9999 -9999 -9999 -9999 -9999 -9999 -9999 -9999 -9999 -9999 -9999 -9999 -9999 -9999 -9999 -9999
-9999 -9999 0.313 0.322 -9999 -9999 0.387 0.412 0.422 -9999 -9999 -9999 -9999 -9999 -9999 0.474 0.48 0.476 0.495 0.521 0.543 0.56 0.562 0.561 0.569 0.59 0.592 0.59 0.596 0.597 0.605 0.609 0.612 0.624 0.62 0.608 0.608 0.601 0.602 0.613 0.612 0.622 0.63 0.634 0.636 0.64 0.651 0.665 0.667 0.667 0.672 0.678 0.666 -9999 -9999 -9999 -9999 -9999 -9999 -9999 -9999 -9999 -9999 -9999 -9999 -9999 -9999 -9999 -9999 -9999 -9999 -9999 -9999 -9999 -9999 -9999 -9999
-9999 -9999 0.318 0.327 -9999 -9999 -9999 0.411 0.426 0.434 -9999 -9999 -9999 -9999 -9999 0.486 0.486 0.482 0.506 0.532 0.547 0.563 0.564 0.564 0.585 0.605 0.606 0.601 0.602 0.606 0.61 0.614 0.624 0.636 0.627 0.615 0.609 0.602 0.611 0.622 0.631 0.641 0.645 0.649 0.653 0.657 0.67 0.681 0.681 0.681 0.686 0.691 0.681 -9999 -9999 -9999 -9999 -9999 -9999 -9999 -9999 -9999 -9999 -9999 -9999 -9999 -9999 -9999 -9999 -9999 -9999 -9999 -9999 -9999 -9999 -9999 -9999
-9999 0.319 0.326 0.33 -9999 -9999 -9999 -9999 -9999 -9999 -9999 -9999 -9999 -9999 -9999 0.503 0.511 0.523 0.544 0.558 0.573 0.586 0.588 0.588 0.609 0.626 0.624 0.62 0.624 0.632 0.633 0.624 0.632 0.638 0.636 0.644 0.642 0.638 0.644 0.64 0.648 0.656 0.656 0.646 0.658 0.685 0.693 0.698 0.688 0.682 0.683 0.685 0.693 0.671 -9999 -9999 -9999 -9999 -9999 -9999 -9999 -9999 -9999 -9999 -9999 -9999 -9999 -9999 -9999 -9999 -9999 -9999 -9999 -9999 -9999 -9999 -9999
0.317 0.326 0.329 0.333 -9999 -9999 -9999 -9999 -9999 -9999 -9999 -9999 -9999 0.488 0.502 0.514 0.53 0.546 0.56 0.574 0.587 0.602 0.605 0.606 0.623 0.636 0.634 0.631 0.639 0.647 0.642 0.633 0.639 0.644 0.652 0.661 0.661 0.659 0.657 0.653 0.661 0.669 0.662 0.653 0.676 0.699 0.703 0.707 0.698 0.687 0.688 0.689 0.697 0.676 -9999 -9999 -9999 -9999 -9999 -9999 -9999 -9999 -9999 -9999 -9999 -9999 -9999 -9999 -9999 -9999 -9999 -9999 -9999 -9999 -9999 -9999 -9999
0.323 0.331 0.333 -9999 -9999 -9999 -9999 -9999 -9999 -9999 -9999 -9999 -9999 0.499 0.515 0.524 0.541 0.559 0.575 0.589 0.604 0.621 0.622 0.613 0.622 0.625 0.627 0.637 0.641 0.638 0.639 0.652 0.655 0.654 0.66 0.665 0.662 0.656 0.659 0.672 0.679 0.683 0.68 0.677 0.694 0.706 0.702 0.68 0.673 0.673 0.691 0.704 0.708 0.699 -9999 -9999 -9999 -9999 -9999 -9999 -9999 -9999 -9999 -9999 -9999 -9999 -9999 -9999 -9999 -9999 -9999 -9999 -9999 -9999 -9999 -9999 -9999
-9999 -9999 -9999 -9999 -9999 -9999 -9999 -9999 -9999 -9999 -9999 -9999 -9999 0.513 0.524 0.533 0.551 0.57 0.586 0.603 0.62 0.634 0.628 0.617 0.622 0.625 0.634 0.645 0.643 0.639 0.652 0.665 0.664 0.662 0.666 0.672 0.667 0.661 0.672 0.685 0.691 0.696 0.696 0.691 0.701 0.713 0.695 0.674 0.674 0.674 0.692 0.714 0.718 0.708 -9999 -9999 -9999 -9999 -9999 -9999 -9999 -9999 -9999 -9999 -9999 -9999 -9999 -9999 -9999 -9999 -9999 -9999 -9999 -9999 -9999 -9999 -9999
-9999 -9999 -9999 -9999 -9999 -9999 -9999 -9999 -9999 -9999 -9999 -9999 0.5 0.526 0.545 0.576 0.591 0.592 0.605 0.608 0.625 0.646 0.64 0.634 0.634 0.624 0.634 0.643 0.648 0.662 0.667 0.655 0.657 0.664 0.673 0.692 0.686 0.672 0.679 0.678 0.681 0.682 0.688 0.708 0.716 0.721 0.708 0.697 0.695 0.695 0.691 0.699 0.706 0.716 -9999 -9999 -9999 -9999 -9999 -9999 -9999 -9999 -9999 -9999 -9999 -9999 -9999 -9999 -9999 -9999 -9999 -9999 -9999 -9999 -9999 -9999 -9999
-9999 -9999 -9999 -9999 -9999 -9999 -9999 -9999 -9999 -9999 -9999 -9999 0.509 0.536 0.567 0.599 0.604 0.603 0.607 0.607 0.628 0.65 0.649 0.644 0.638 0.63 0.639 0.648 0.662 0.677 0.669 0.658 0.664 0.671 0.687 0.705 0.695 0.683 0.683 0.683 0.684 0.683 0.7 0.719 0.724 0.73 0.722 0.712 0.71 0.708 0.705 0.7 0.705 0.704 -9999 -9999 -9999 -9999 -9999 -9999 -9999 -9999 -9999 -9999 -9999 -9999 -9999 -9999 -9999 -9999 -9999 -9999 -9999 -9999 -9999 -9999 -9999
-9999 -9999 -9999 -9999 -9999 -9999 -9999 -9999 -9999 -9999 -9999 0.486 0.511 0.554 0.575 0.584 0.589 0.6 0.606 0.618 0.63 0.626 0.63 0.645 0.646 0.654 0.661 0.659 0.667 0.664 0.663 0.672 0.68 0.691 0.699 0.695 0.692 0.698 0.701 0.704 0.706 0.703 0.717 0.729 0.729 0.72 0.714 0.713 0.722 0.727 0.72 0.713 0.703 0.704 0.702 -9999 -9999 -9999 -9999 -9999 -9999 -9999 -9999 -9999 -9999 -9999 -9999 -9999 -9999 -9999 -9999 -9999 -9999 -9999 -9999 -9999 -9999
-9999 -9999 -9999 -9999 -9999 -9999 -9999 -9999 -9999 -9999 0.466 0.489 0.522 0.556 0.568 0.575 0.587 0.598 0.61 0.622 0.621 0.616 0.631 0.646 0.655 0.667 0.671 0.67 0.669 0.666 0.674 0.684 0.694 0.705 0.702 0.698 0.705 0.712 0.716 0.719 0.72 0.716 0.726 0.737 0.729 0.721 0.72 0.719 0.729 0.74 0.731 0.72 0.71 0.698 0.696 -9999 -9999 -9999 -9999 -9999 -9999 -9999 -9999 -9999 -9999 -9999 -9999 -9999 -9999 -9999 -9999 -9999 -9999 -9999 -9999 -9999 -9999
-9999 -9999 -9999 -9999 -9999 -9999 -9999 -9999 -9999 -9999 0.464 0.503 0.533 0.559 0.573 0.584 0.596 0.603 0.619 0.638 0.635 0.624 0.639 0.653 0.663 0.674 0.676 0.669 0.673 0.68 0.687 0.692 0.7 0.706 0.705 0.709 0.712 0.711 0.715 0.721 0.721 0.726 0.735 0.744 0.732 0.709 0.713 0.728 0.726 0.729 0.726 0.718 0.729 0.73 0.703 -9999 -9999 -9999 -9999 -9999 -9999 -9999 -9999 -9999 -9999 -9999 -9999 -9999 -9999 -9999 -9999 -9999 -9999 -9999 -9999 -9999 -9999
-9999 -9999 -9999 -9999 -9999 -9999 -9999 -9999 -9999 0.438 0.47 0.504 0.53 0.556 0.573 0.587 0.597 0.605 0.624 0.644 0.638 0.628 0.642 0.657 0.667 0.678 0.677 0.672 0.68 0.688 0.694 0.7 0.706 0.713 0.716 0.72 0.72 0.718 0.724 0.728 0.732 0.74 0.747 0.754 0.734 0.71 0.72 0.734 0.732 0.729 0.725 0.721 0.731 0.745 0.72 0.702 -9999 -9999 -9999 -9999 -9999 -9999 -9999 -9999 -9999 -9999 -9999 -9999 -9999 -9999 -9999 -9999 -9999 -9999 -9999 -9999 -9999
-9999 -9999 -9999 -9999 -9999 -9999 -9999 -9999 0.435 -9999 0.496 0.52 0.542 0.551 0.563 0.56 0.573 0.59 0.605 0.617 0.617 0.625 0.635 0.637 0.654 0.688 0.692 0.702 0.705 0.694 0.699 0.702 0.708 0.713 0.718 0.722 0.722 0.721 0.73 0.74 0.749 0.763 0.758 0.735 0.727 0.744 0.744 0.724 0.73 0.733 0.745 0.751 0.735 0.733 0.739 0.703 -9999 -9999 -9999 -9999 -9999 -9999 -9999 -9999 -9999 -9999 -9999 -9999 -9999 -9999 -9999 -9999 -9999 -9999 -9999 -9999 -9999
