Validation/Results/raw data/ReClimate_08_2024_1_Temperatureweatherlogisticsltd.asc
NCOLS 192
NROWS 249
XLLCENTER -225160.85627316462
YLLCENTER 29788.11610251502
CELLSIZE 5000.0
NODATA_VALUE -9999
[rows 170 to 203 of 249, columns 75 to 149 of 192]
-9999 -9999 -9999 -9999 -9999 -9999 -9999 -9999 -9999 -9999 -9999 -9999 -9999 -9999 -9999 -9999 -9999 -0.239 -0.213 -9999 -9999 -9999 -9999 -9999 -9999 -9999 -9999 -9999 -9999 -9999 -9999 -9999 -9999 -9999 -9999 -9999 0.084 0.105 0.114 0.12 0.127 0.133 0.13 0.122 0.128 0.132 0.135 0.135 0.145 0.154 0.158 0.159 0.151 0.136 0.144 0.15 0.142 0.131 0.142 0.155 0.165 0.174 0.166 0.152 0.179 0.211 0.204 0.19 0.196 0.2 0.206 0.209 0.223 0.236 0.245
-9999 -9999 -9999 -9999 -9999 -9999 -9999 -9999 -9999 -9999 -9999 -9999 -9999 -9999 -9999 -9999 -9999 -0.225 -0.197 -0.176 -9999 -9999 -9999 -9999 -9999 -9999 -9999 -9999 -9999 -9999 -9999 -9999 -9999 -9999 -9999 0.066 0.082 0.106 0.116 0.128 0.133 0.133 0.132 0.126 0.135 0.145 0.155 0.17 0.181 0.188 0.188 0.171 0.171 0.162 0.161 0.163 0.153 0.141 0.16 0.178 0.179 0.183 0.186 0.179 0.187 0.207 0.214 0.209 0.208 0.209 0.22 0.227 0.241 0.254 0.255
-9999 -9999 -9999 -9999 -9999 -9999 -9999 -9999 -9999 -9999 -9999 -9999 -9999 -9999 -9999 -9999 -0.24 -0.22 -0.195 -0.172 -0.149 -9999 -9999 -9999 -9999 -9999 -9999 -9999 -9999 -9999 -9999 -9999 0.055 -9999 -9999 0.064 0.082 0.104 0.117 0.129 -9999 0.132 0.131 0.126 0.138 0.149 0.166 0.183 0.193 0.201 0.19 0.174 0.174 0.171 0.171 0.168 0.159 0.146 0.165 0.186 0.188 0.187 0.19 0.19 0.199 0.206 0.213 0.217 0.217 0.213 0.224 0.234 0.248 0.261 0.263
-9999 -9999 -9999 -9999 -9999 -9999 -9999 -9999 -9999 -9999 -9999 -9999 -9999 -9999 -9999 -9999 -0.265 -0.237 -0.205 -0.158 -0.137 -0.126 -0.105 -9999 -9999 -9999 -0.034 -0.011 -9999 0.021 0.031 0.046 0.057 0.07 -9999 -9999 0.095 0.116 -9999 -9999 0.149 0.152 0.154 0.154 0.165 0.166 0.173 0.153 0.171 0.205 0.193 0.177 0.189 0.194 0.181 0.171 0.171 0.163 0.172 0.187 0.194 0.196 0.206 0.211 0.216 0.221 0.226 0.23 0.231 0.228 0.239 0.249 0.261 0.273 0.282
-9999 -9999 -9999 -9999 -9999 -9999 -9999 -9999 -9999 -9999 -9999 -9999 -9999 -9999 -9999 -9999 -9999 -0.244 -0.2 -0.155 -0.14 -0.126 -9999 -9999 -0.069 -0.051 -0.033 -0.018 0.001 0.012 0.026 0.04 0.053 0.068 0.078 -9999 0.097 0.118 0.133 0.147 0.153 0.157 0.162 0.163 0.169 0.172 0.16 0.141 0.171 0.205 0.194 0.177 0.189 0.202 0.19 0.173 0.174 0.172 0.181 0.19 0.196 0.201 0.211 0.219 0.225 0.228 0.233 0.235 0.237 0.235 0.246 0.255 0.267 0.278 0.287
-9999 -9999 -9999 -9999 -9999 -9999 -9999 -9999 -9999 -9999 -9999 -9999 -9999 -9999 -9999 -9999 -9999 -0.238 -0.197 -0.159 -0.138 -0.111 -0.093 -0.092 -0.07 -0.044 -0.023 -0.0 0.018 0.027 0.042 0.046 0.064 0.086 0.1 0.108 0.126 0.131 0.142 0.141 0.15 0.163 0.169 0.173 0.179 0.183 0.179 0.179 0.204 0.217 0.207 0.19 0.195 0.203 0.204 0.194 0.193 0.19 0.201 0.211 0.217 0.222 0.227 0.234 0.235 0.235 0.25 0.259 0.267 0.27 0.284 0.297 0.294 0.296 0.304
-9999 -9999 -9999 -9999 -9999 -9999 -9999 -9999 -9999 -9999 -9999 -9999 -9999 -9999 -9999 -9999 -9999 -9999 -0.197 -0.163 -0.136 -0.109 -0.103 -0.101 -0.074 -0.047 -0.023 0.001 0.016 0.029 0.037 0.044 0.069 0.092 0.108 0.12 0.13 0.136 0.139 0.138 0.152 0.165 0.172 0.176 0.183 0.187 0.192 0.194 0.208 0.221 0.213 0.196 0.201 0.204 0.205 0.203 0.202 0.199 0.21 0.22 0.227 0.231 0.237 0.24 0.242 0.239 0.254 0.268 0.277 0.283 0.298 0.312 0.311 0.303 0.311
-9999 -9999 -9999 -9999 -9999 -9999 -9999 -9999 -9999 -9999 -9999 -9999 -9999 -9999 -9999 -9999 -9999 -9999 -9999 -9999 -0.137 -0.134 -0.128 -0.119 -0.089 -0.052 -0.025 0.008 0.024 0.038 0.052 0.068 0.092 0.107 0.118 0.114 0.128 0.144 0.148 0.149 0.159 0.16 0.165 0.166 0.179 0.204 0.211 0.216 0.226 0.222 0.22 0.223 0.22 0.218 0.225 0.227 0.231 0.232 0.235 0.241 0.243 0.245 0.258 0.266 0.262 0.257 0.268 0.281 0.288 0.293 0.312 0.329 0.326 0.319 0.324
-9999 -9999 -9999 -9999 -9999 -9999 -9999 -9999 -9999 -9999 -9999 -9999 -9999 -9999 -9999 -9999 -9999 -9999 -9999 -0.157 -0.151 -0.149 -0.139 -0.129 -0.096 -0.06 -0.028 0.005 0.024 0.041 0.059 0.076 0.095 0.111 0.113 0.109 0.128 0.145 0.151 0.152 0.156 0.157 0.161 0.162 0.185 0.209 0.218 0.224 0.224 0.221 0.228 0.232 0.231 0.225 0.231 0.237 0.241 0.243 0.246 0.247 0.25 0.248 0.261 0.272 0.269 0.261 0.273 0.283 0.29 0.294 0.312 0.331 0.33 0.323 0.327
-9999 -9999 -9999 -9999 -9999 -9999 -9999 -9999 -9999 -9999 -9999 -9999 -9999 -9999 -9999 -9999 -9999 -9999 -0.181 -0.149 -0.142 -0.136 -0.129 -0.132 -0.102 -0.076 -0.045 -0.013 0.013 0.049 0.063 0.067 0.084 0.091 0.1 0.116 0.136 0.153 0.161 0.165 0.17 0.17 0.18 0.198 0.219 0.231 0.236 0.223 0.223 0.221 0.228 0.236 0.238 0.235 0.25 0.261 0.262 0.263 0.266 0.268 0.26 0.253 0.269 0.283 0.286 0.282 0.28 0.282 0.3 0.312 0.322 0.337 0.341 0.339 0.348
-9999 -9999 -9999 -9999 -9999 -9999 -9999 -9999 -9999 -9999 -9999 -9999 -9999 -9999 -9999 -9999 -9999 -0.199 -0.176 -0.151 -0.142 -0.136 -0.135 -0.137 -0.112 -0.082 -0.052 -0.022 0.013 0.049 0.056 0.062 0.074 0.081 0.1 0.117 0.136 0.153 0.163 0.169 0.174 0.175 0.193 0.211 0.225 0.239 0.233 0.22 0.22 0.217 0.226 0.234 0.238 0.237 0.251 0.267 0.269 0.268 0.272 0.273 0.265 0.252 0.268 0.283 0.286 0.286 0.284 0.277 0.295 0.312 0.323 0.333 0.339 0.342 0.351
-9999 -9999 -9999 -9999 -9999 -9999 -9999 -9999 -9999 -9999 -9999 -9999 -9999 -9999 -9999 -0.244 -0.218 -0.199 -0.182 -0.165 -0.156 -0.138 -0.139 -0.134 -0.105 -0.081 -0.043 0.013 0.042 0.056 0.061 0.059 0.074 0.091 0.109 0.124 0.14 0.148 0.162 0.181 0.191 0.204 0.22 0.226 0.238 0.244 0.24 0.234 0.234 0.231 0.24 0.247 0.255 0.259 0.276 0.293 0.278 0.268 0.275 0.277 0.278 0.27 0.279 0.291 0.291 0.29 0.292 0.289 0.296 0.308 0.313 0.319 0.325 0.329 0.345
-9999 -9999 -9999 -9999 -9999 -9999 -9999 -9999 -9999 -9999 -9999 -9999 -9999 -9999 -0.245 -0.238 -0.22 -0.203 -9999 -9999 -9999 -9999 -0.125 -0.13 -0.105 -0.082 -0.032 0.023 0.04 0.054 0.055 0.054 0.075 0.092 0.109 0.123 0.135 0.144 0.164 0.183 0.2 0.214 0.223 0.23 0.238 0.242 0.24 0.235 0.235 0.232 0.24 0.248 0.257 0.263 0.281 0.298 0.286 0.265 0.272 0.276 0.278 0.275 0.283 0.289 0.29 0.287 0.29 0.288 0.296 0.301 0.306 0.309 0.315 0.318 0.334
-9999 -9999 -9999 -9999 -9999 -9999 -9999 -9999 -9999 -9999 -9999 -9999 -9999 -9999 -0.247 -0.24 -0.224 -9999 -9999 -9999 -9999 -9999 -0.112 -0.096 -0.077 -0.074 -0.03 0.009 0.027 0.048 0.056 0.072 0.093 0.111 0.125 0.13 0.146 0.165 0.181 0.182 0.201 0.221 0.235 0.252 0.256 0.248 0.248 0.246 0.246 0.24 0.248 0.252 0.256 0.26 0.267 0.277 0.286 0.28 0.285 0.289 0.289 0.285 0.286 0.289 0.295 0.296 0.299 0.299 0.306 0.312 0.313 0.314 0.317 0.319 0.328
-9999 -9999 -9999 -9999 -9999 -9999 -9999 -9999 -9999 -9999 -9999 -9999 -9999 -9999 -9999 -9999 -0.223 -9999 -9999 -9999 -9999 -9999 -0.104 -0.085 -0.077 -0.074 -0.038 -0.001 0.022 0.043 0.06 0.077 0.097 0.116 0.125 0.13 0.151 0.171 0.177 0.18 0.201 0.222 0.24 0.256 0.254 0.245 0.247 0.246 0.244 0.239 0.244 0.248 0.253 0.254 0.262 0.266 0.274 0.281 0.286 0.289 0.289 0.283 0.285 0.284 0.29 0.295 0.298 0.298 0.306 0.312 0.313 0.312 0.315 0.314 0.322
-9999 -9999 -9999 -9999 -9999 -9999 -9999 -9999 -9999 -9999 -9999 -9999 -9999 -9999 -9999 -9999 -9999 -9999 -9999 -9999 -9999 -9999 -0.096 -0.072 -0.058 -0.035 -0.005 0.011 0.025 0.019 0.044 0.085 0.105 0.118 0.127 0.131 0.154 0.179 0.192 0.212 0.232 0.242 0.255 0.251 0.252 0.252 0.258 0.268 0.272 0.28 0.267 0.259 0.267 0.271 0.28 0.286 0.28 0.279 0.277 0.275 0.288 0.291 0.296 0.297 0.303 0.308 0.303 0.299 0.305 0.309 0.322 0.327 0.33 0.329 0.322
-9999 -9999 -9999 -9999 -9999 -9999 -9999 -9999 -9999 -9999 -9999 -9999 -9999 -9999 -9999 -9999 -9999 -9999 -9999 -9999 -9999 -9999 -9999 -0.068 -0.044 -0.021 -0.003 0.013 0.012 0.006 0.043 0.085 0.102 0.116 0.124 0.128 0.153 0.178 0.2 0.221 0.234 0.244 0.246 0.244 0.249 0.249 0.26 0.271 0.282 0.292 0.278 0.258 0.266 0.272 0.282 0.287 0.283 0.273 0.271 0.265 0.277 0.288 0.294 0.297 0.304 0.308 0.304 0.295 0.3 0.304 0.316 0.327 0.329 0.326 0.32
-9999 -9999 -9999 -9999 -9999 -9999 -9999 -9999 -9999 -9999 -9999 -9999 -9999 -9999 -9999 -9999 -9999 -9999 -9999 -9999 -9999 -9999 -0.096 -0.069 -0.041 -0.007 0.011 0.023 0.031 0.05 0.079 0.09 0.106 0.114 0.131 0.158 0.181 0.195 0.213 0.217 0.231 0.246 0.253 0.259 0.263 0.259 0.266 0.26 0.268 0.27 0.277 0.27 0.274 0.278 0.276 0.275 0.282 0.279 0.29 0.292 0.284 0.284 0.284 0.284 0.301 0.312 0.317 0.315 0.307 0.303 0.314 0.325 0.329 0.329 0.326
-9999 -9999 -9999 -9999 -9999 -9999 -9999 -9999 -9999 -9999 -9999 -9999 -9999 -9999 -9999 -9999 -9999 -9999 -9999 -9999 -9999 -9999 -0.094 -0.071 -0.038 -0.004 0.011 0.023 0.044 0.064 0.075 0.087 0.1 0.109 0.138 0.166 0.182 0.196 0.205 0.21 0.226 0.242 0.252 0.259 0.26 0.258 0.256 0.251 0.254 0.255 0.262 0.268 0.273 0.274 0.273 0.266 0.272 0.276 0.287 0.296 0.29 0.278 0.278 0.274 0.291 0.308 0.313 0.316 0.309 0.296 0.307 0.317 0.321 0.322 0.319
-9999 -9999 -9999 -9999 -9999 -9999 -9999 -9999 -9999 -9999 -9999 -9999 -9999 -9999 -9999 -9999 -9999 -9999 -9999 -9999 -9999 -9999 -0.072 -0.051 -0.025 -0.008 0.011 0.035 0.048 0.042 0.055 0.073 0.093 0.121 0.147 0.165 0.185 0.208 0.217 0.222 0.236 0.238 0.249 0.256 0.259 0.26 0.256 0.244 0.251 0.264 0.267 0.27 0.274 0.276 0.282 0.281 0.285 0.287 0.29 0.295 0.302 0.299 0.298 0.296 0.307 0.321 0.328 0.333 0.332 0.325 0.317 0.316 0.332 0.339 0.331
-9999 -9999 -9999 -9999 -9999 -9999 -9999 -9999 -9999 -9999 -9999 -9999 -9999 -9999 -9999 -9999 -9999 -9999 -9999 -9999 -9999 -9999 -9999 -0.046 -0.03 -0.013 0.011 0.036 0.035 0.03 0.046 0.063 0.092 0.121 0.142 0.16 0.184 0.206 0.215 0.221 0.228 0.231 0.241 0.248 0.253 0.255 0.248 0.236 0.249 0.262 0.265 0.265 0.269 0.271 0.278 0.282 0.286 0.285 0.289 0.289 0.296 0.3 0.301 0.298 0.308 0.319 0.326 0.332 0.331 0.327 0.321 0.309 0.323 0.338 0.331
-9999 -9999 -9999 -9999 -9999 -9999 -9999 -9999 -9999 -9999 -9999 -9999 -9999 -9999 -9999 -9999 -9999 -9999 -9999 -9999 -9999 -9999 -9999 -0.039 -0.024 -0.017 0.005 0.024 0.028 0.032 0.049 0.063 0.085 0.099 0.125 0.16 0.179 0.191 0.203 0.216 0.223 0.226 0.237 0.25 0.256 0.256 0.254 0.252 0.262 0.264 0.266 0.265 0.277 0.284 0.303 0.316 0.29 0.272 0.287 0.294 0.295 0.296 0.309 0.314 0.321 0.329 0.329 0.33 0.34 0.343 0.328 0.312 0.325 0.338 0.344
-9999 -9999 -9999 -9999 -9999 -9999 -9999 -9999 -9999 -9999 -9999 -9999 -9999 -9999 -9999 -9999 -9999 -9999 -9999 -9999 -9999 -9999 -0.077 -0.038 -0.029 -0.022 -0.003 0.016 0.024 0.03 0.045 0.059 0.073 0.086 0.12 0.153 0.167 0.179 0.195 0.209 0.215 0.217 0.231 0.244 0.249 0.251 0.252 0.252 0.256 0.259 0.26 0.259 0.271 0.282 0.301 0.321 0.297 0.26 0.274 0.288 0.29 0.287 0.3 0.313 0.32 0.325 0.326 0.322 0.332 0.34 0.327 0.306 0.319 0.33 0.337
-9999 -9999 -9999 -9999 -9999 -9999 -9999 -9999 -9999 -9999 -9999 -9999 -9999 -9999 -9999 -9999 -9999 -9999 -9999 -9999 -9999 -9999 -0.072 -0.041 -0.034 -0.031 -0.014 0.003 0.014 0.023 0.04 0.059 0.073 0.088 0.119 0.141 0.162 0.191 0.202 0.198 0.204 0.207 0.223 0.242 0.244 0.236 0.242 0.255 0.261 0.266 0.266 0.258 0.269 0.279 0.292 0.308 0.307 0.286 0.294 0.306 0.301 0.295 0.306 0.317 0.314 0.312 0.315 0.314 0.314 0.315 0.327 0.323 0.325 0.332 0.333
-9999 -9999 -9999 -9999 -9999 -9999 -9999 -9999 -9999 -9999 -9999 -9999 -9999 -9999 -9999 -9999 -9999 -9999 -9999 -9999 -9999 -9999 -0.074 -0.045 -0.04 -0.037 -0.021 -0.005 0.007 0.017 0.037 0.056 0.071 0.085 0.109 0.131 0.16 0.19 0.192 0.187 0.193 0.196 0.215 0.233 0.232 0.225 0.238 0.25 0.257 0.263 0.26 0.251 0.262 0.27 0.284 0.296 0.295 0.287 0.297 0.305 0.3 0.291 0.301 0.311 0.308 0.3 0.303 0.303 0.302 0.298 0.309 0.322 0.325 0.325 0.327
-9999 -9999 -9999 -9999 -9999 -9999 -9999 -9999 -9999 -9999 -9999 -9999 -9999 -9999 -9999 -9999 -9999 -9999 -9999 -9999 -9999 -0.109 -0.08 -0.05 -0.042 -0.032 -0.017 -0.007 0.01 0.033 0.052 0.067 0.081 0.09 0.112 0.131 0.156 0.174 0.179 0.187 0.195 0.202 0.219 0.234 0.235 0.235 0.244 0.241 0.247 0.252 0.253 0.257 0.275 0.289 0.294 0.302 0.311 0.31 0.298 0.294 0.298 0.295 0.292 0.294 0.303 0.303 0.309 0.311 0.31 0.306 0.317 0.33 0.332 0.332 0.331
-9999 -9999 -9999 -9999 -9999 -9999 -9999 -9999 -9999 -9999 -9999 -9999 -9999 -9999 -9999 -9999 -9999 -9999 -9999 -9999 -0.132 -0.112 -0.087 -0.053 -0.041 -0.03 -0.019 -0.009 0.014 0.037 0.053 0.067 0.078 0.086 0.105 0.124 0.143 0.159 0.169 0.178 0.188 0.196 0.211 0.226 0.23 0.23 0.232 0.23 0.235 0.24 0.247 0.252 0.27 0.289 0.295 0.297 0.306 0.31 0.3 0.282 0.287 0.289 0.287 0.281 0.289 0.296 0.302 0.305 0.305 0.302 0.313 0.325 0.328 0.327 0.325
-9999 -9999 -9999 -9999 -9999 -9999 -9999 -9999 -9999 -9999 -9999 -9999 -9999 -9999 -9999 -9999 -9999 -9999 -0.147 -0.138 -0.131 -0.101 -0.075 -0.056 -0.043 -0.031 -0.018 -0.001 0.02 0.038 0.061 0.098 0.103 0.09 0.111 0.135 0.15 0.156 0.169 0.181 0.186 0.176 0.196 0.226 0.231 0.233 0.236 0.235 0.244 0.252 0.259 0.264 0.265 0.274 0.296 0.307 0.303 0.299 0.291 0.276 0.28 0.282 0.282 0.278 0.282 0.287 0.293 0.297 0.301 0.301 0.307 0.315 0.319 0.316 0.323
-9999 -9999 -9999 -9999 -9999 -9999 -9999 -9999 -9999 -9999 -9999 -9999 -9999 -9999 -9999 -9999 -9999 -0.16 -0.144 -0.143 -0.119 -0.096 -0.077 -0.058 -0.045 -0.033 -0.016 -0.0 0.017 0.034 0.068 0.105 0.099 0.087 0.108 0.131 0.139 0.146 0.161 0.174 0.17 0.16 0.188 0.218 0.224 0.227 0.23 0.231 0.241 0.248 0.253 0.257 0.258 0.255 0.276 0.297 0.294 0.283 0.275 0.261 0.265 0.267 0.266 0.262 0.267 0.27 0.278 0.283 0.29 0.294 0.3 0.302 0.304 0.301 0.306
-9999 -9999 -9999 -9999 -9999 -9999 -9999 -9999 -9999 -9999 -9999 -9999 -9999 -9999 -0.217 -0.175 -0.15 -0.132 -0.118 -0.112 -0.093 -0.086 -0.064 -0.042 -0.029 -0.021 -0.003 0.016 0.031 0.038 0.066 0.083 0.081 0.084 0.106 0.135 0.147 0.159 0.169 0.163 0.164 0.168 0.195 0.22 0.229 0.236 0.239 0.234 0.244 0.253 0.244 0.239 0.254 0.26 0.264 0.275 0.264 0.25 0.261 0.259 0.253 0.25 0.261 0.264 0.266 0.268 0.27 0.273 0.282 0.289 0.294 0.296 0.304 0.305 0.307
-9999 -9999 -9999 -9999 -9999 -9999 -9999 -9999 -9999 -9999 -9999 -9999 -0.227 -0.22 -0.191 -0.162 -0.143 -0.123 -0.11 -0.101 -0.092 -0.083 -0.06 -0.037 -0.027 -0.019 0.0 0.02 0.029 0.037 0.054 0.069 0.074 0.076 0.102 0.13 0.143 0.155 0.155 0.15 0.158 0.164 0.188 0.213 0.222 0.229 0.227 0.222 0.232 0.242 0.235 0.221 0.235 0.249 0.253 0.252 0.242 0.224 0.235 0.244 0.24 0.231 0.241 0.251 0.254 0.253 0.255 0.254 0.263 0.271 0.276 0.277 0.288 0.295 0.298
-9999 -9999 -9999 -9999 -9999 -9999 -9999 -9999 -0.249 -0.234 -0.231 -0.228 -0.22 -0.179 -0.157 -0.151 -0.138 -0.134 -0.112 -0.075 -0.06 -0.047 -0.031 -0.037 -0.028 -0.025 -0.004 0.022 0.035 0.05 0.063 0.066 0.072 0.077 0.103 0.13 0.143 0.155 0.162 0.177 0.186 0.186 0.206 0.211 0.219 0.224 0.226 0.229 0.234 0.225 0.226 0.219 0.228 0.239 0.241 0.239 0.236 0.225 0.225 0.23 0.23 0.223 0.238 0.251 0.253 0.253 0.251 0.249 0.253 0.258 0.257 0.254 0.264 0.274 0.283
-9999 -9999 -9999 -9999 -9999 -9999 -9999 -0.26 -0.243 -0.232 -0.219 -0.216 -0.191 -0.162 -0.152 -0.146 -0.142 -0.139 -0.105 -0.067 -0.05 -0.034 -0.034 -0.04 -0.033 -0.03 -0.006 0.02 0.035 0.049 0.056 0.059 0.067 0.072 0.097 0.123 0.135 0.146 0.162 0.178 0.183 0.185 0.193 0.197 0.204 0.21 0.215 0.218 0.213 0.204 0.206 0.204 0.213 0.221 0.222 0.218 0.215 0.209 0.21 0.209 0.208 0.204 0.219 0.234 0.237 0.237 0.237 0.233 0.238 0.24 0.237 0.229 0.238 0.247 0.258
-9999 -9999 -9999 -9999 -9999 -9999 -0.274 -0.25 -0.232 -0.221 -0.212 -0.211 -0.19 -0.164 -0.155 -0.151 -0.145 -0.136 -0.11 -0.091 -0.064 -0.017 -0.015 -0.02 -0.015 -0.019 0.002 0.017 0.026 0.023 0.035 0.058 0.073 0.101 0.118 0.116 0.127 0.138 0.154 0.172 0.178 0.181 0.189 0.193 0.205 0.219 0.217 0.195 0.188 0.176 0.183 0.203 0.209 0.216 0.214 0.209 0.21 0.207 0.209 0.209 0.199 0.19 0.18 0.18 0.207 0.223 0.216 0.209 0.222 0.227 0.225 0.217 0.224 0.233 0.243
