Validation/Results/raw data/ReClimate_06_2024_2_Precipitation-Actuals.asc
NCOLS 192
NROWS 249
XLLCENTER -225160.85627316462
YLLCENTER 29788.11610251502
CELLSIZE 5000.0
NODATA_VALUE -9999
[rows 165 to 197 of 249, columns 74 to 147 of 192]
-9999 -9999 -9999 -9999 -9999 -9999 -9999 -9999 -9999 -9999 -9999 -9999 -9999 -9999 -9999 -9999 -9999 -9999 -9999 -9999 -9999 -9999 -9999 -9999 -9999 -9999 -9999 -9999 -9999 -9999 -9999 -9999 -9999 -9999 -9999 -9999 -9999 -9999 73.617 82.523 81.006 82.84 86.051 93.893 109.639 110.56 110.569 113.014 107.842 109.394 107.039 107.253 96.544 78.75 65.669 65.615 61.632 58.629 57.687 59.163 57.553 56.395 55.902 58.528 60.728 60.07 58.303 56.551 56.988 55.729 57.713 57.33 56.726 52.368
-9999 -9999 -9999 -9999 -9999 -9999 -9999 -9999 -9999 -9999 -9999 -9999 -9999 -9999 -9999 -9999 -9999 -9999 -9999 -9999 -9999 -9999 -9999 -9999 -9999 -9999 -9999 -9999 -9999 -9999 -9999 -9999 -9999 -9999 -9999 -9999 -9999 -9999 76.656 85.438 81.476 82.473 87.315 96.101 104.009 107.935 103.948 100.801 103.858 95.942 99.852 106.104 95.999 82.138 72.248 64.603 61.899 60.72 58.185 59.507 58.184 56.262 56.983 57.175 60.459 60.601 60.089 57.833 55.616 59.277 58.685 53.976 55.459 55.78
-9999 -9999 -9999 -9999 -9999 -9999 -9999 -9999 -9999 -9999 -9999 -9999 -9999 -9999 -9999 -9999 -9999 -9999 -9999 -9999 -9999 -9999 -9999 -9999 -9999 -9999 -9999 -9999 -9999 -9999 -9999 -9999 -9999 -9999 -9999 -9999 -9999 69.747 74.879 79.09 80.577 80.751 84.21 88.848 98.164 94.674 89.826 90.474 89.226 88.281 98.998 110.818 112.298 92.969 78.725 75.104 63.348 56.056 54.732 56.054 59.14 57.89 60.219 57.978 52.391 55.576 56.838 58.394 56.788 56.401 58.234 57.214 56.087 56.431
-9999 -9999 -9999 -9999 -9999 -9999 -9999 -9999 -9999 -9999 -9999 -9999 -9999 -9999 -9999 -9999 -9999 -9999 -9999 -9999 -9999 -9999 -9999 -9999 -9999 -9999 -9999 -9999 -9999 -9999 -9999 -9999 -9999 -9999 -9999 -9999 -9999 68.651 71.154 77.358 77.997 79.752 83.768 84.02 86.104 81.24 81.808 83.574 82.788 87.178 94.64 104.377 116.899 114.58 89.675 79.059 71.269 59.785 57.172 52.172 52.058 56.022 57.534 57.626 56.3 54.333 55.948 55.705 61.208 61.308 57.338 56.342 54.872 56.267
-9999 -9999 -9999 -9999 -9999 -9999 -9999 -9999 -9999 -9999 -9999 -9999 -9999 -9999 -9999 -9999 -9999 -9999 -9999 -9999 -9999 -9999 -9999 -9999 -9999 -9999 -9999 -9999 -9999 -9999 -9999 -9999 -9999 -9999 -9999 -9999 -9999 -9999 68.044 74.155 74.284 78.409 78.117 78.931 74.634 73.752 74.78 74.28 76.829 80.453 86.611 95.828 105.243 115.511 110.112 88.385 74.33 64.863 56.85 55.888 51.243 53.772 56.263 54.776 52.258 55.168 55.508 56.109 55.579 60.05 57.042 54.645 54.931 53.758
-9999 -9999 -9999 -9999 -9999 -9999 -9999 -9999 -9999 -9999 -9999 -9999 -9999 -9999 -9999 -9999 -9999 -9999 61.259 67.03 -9999 -9999 -9999 -9999 -9999 -9999 -9999 -9999 -9999 -9999 -9999 -9999 -9999 -9999 -9999 -9999 -9999 61.282 66.516 70.439 74.556 75.11 74.369 72.576 71.408 70.014 69.419 71.563 74.572 77.93 82.875 95.894 104.51 110.291 101.006 94.104 81.971 63.236 57.64 51.267 55.025 57.847 56.778 54.524 53.077 51.272 54.517 57.002 60.259 55.891 54.593 52.805 52.675 55.896
-9999 -9999 -9999 -9999 -9999 -9999 -9999 -9999 -9999 -9999 -9999 -9999 -9999 -9999 -9999 -9999 -9999 -9999 73.026 77.559 75.768 -9999 -9999 -9999 -9999 -9999 -9999 -9999 -9999 -9999 -9999 -9999 -9999 -9999 -9999 -9999 57.913 61.843 64.881 69.977 75.436 72.227 70.692 69.002 70.145 68.225 69.009 72.891 74.768 76.307 81.322 86.204 101.709 112.348 101.488 81.697 76.466 68.816 56.156 53.102 50.846 57.575 56.351 51.841 53.647 52.456 53.833 53.459 54.899 56.452 53.424 52.107 52.284 54.983
-9999 -9999 -9999 -9999 -9999 -9999 -9999 -9999 -9999 -9999 -9999 -9999 -9999 -9999 -9999 -9999 -9999 71.27 76.373 80.903 77.904 74.772 -9999 -9999 -9999 -9999 -9999 -9999 -9999 -9999 -9999 -9999 -9999 71.118 -9999 -9999 57.207 64.447 64.566 67.488 68.199 -9999 70.477 71.543 71.851 69.933 69.158 69.564 72.06 73.607 75.266 85.546 84.928 98.234 89.126 75.457 74.941 64.824 62.892 55.914 52.26 52.386 52.642 50.357 50.134 52.959 52.549 54.009 52.754 53.163 52.611 52.249 50.731 50.893
-9999 -9999 -9999 -9999 -9999 -9999 -9999 -9999 -9999 -9999 -9999 -9999 -9999 -9999 -9999 -9999 -9999 68.523 75.1 81.148 83.998 84.318 75.572 75.977 -9999 -9999 -9999 73.852 64.45 -9999 63.087 61.339 61.695 70.969 66.297 -9999 -9999 59.175 60.824 -9999 -9999 67.537 68.958 68.055 67.549 67.121 67.158 69.731 70.009 74.926 81.625 94.128 85.99 84.196 79.36 74.603 73.767 67.763 56.335 55.646 53.617 54.279 49.547 49.51 53.029 52.993 52.79 53.573 52.821 51.799 52.091 52.039 50.179 50.365
-9999 -9999 -9999 -9999 -9999 -9999 -9999 -9999 -9999 -9999 -9999 -9999 -9999 -9999 -9999 -9999 -9999 -9999 74.36 82.274 89.829 86.932 79.819 -9999 -9999 109.454 107.354 77.042 75.741 76.147 73.38 60.008 60.114 56.833 64.195 67.177 -9999 55.226 56.631 60.427 62.468 66.614 68.591 68.21 64.846 65.678 66.413 66.479 72.506 76.99 86.201 99.708 97.438 81.743 73.355 68.27 70.314 62.767 54.757 51.483 51.034 51.703 50.664 49.472 50.236 52.736 51.946 51.563 51.616 53.676 51.775 51.583 50.368 49.014
-9999 -9999 -9999 -9999 -9999 -9999 -9999 -9999 -9999 -9999 -9999 -9999 -9999 -9999 -9999 -9999 -9999 -9999 74.401 81.066 80.017 77.721 85.554 99.316 116.864 144.334 103.61 77.671 80.654 77.209 74.558 64.639 53.628 60.17 71.639 67.951 61.703 55.462 55.781 58.169 61.494 64.065 70.189 72.179 67.286 68.132 62.134 64.478 69.272 75.064 88.252 92.57 91.202 84.806 77.563 67.264 66.085 66.498 61.601 54.09 53.132 51.933 49.231 50.747 50.751 49.698 49.646 49.202 50.831 54.095 55.431 52.979 51.463 49.299
-9999 -9999 -9999 -9999 -9999 -9999 -9999 -9999 -9999 -9999 -9999 -9999 -9999 -9999 -9999 -9999 -9999 -9999 -9999 81.355 80.837 92.042 115.853 133.441 174.743 163.822 121.869 98.387 88.356 85.101 85.154 72.236 65.433 65.206 63.871 72.307 59.45 60.533 72.864 57.866 61.341 62.077 65.971 63.436 64.03 60.257 63.122 64.731 67.988 76.158 84.341 89.368 81.928 75.896 76.897 72.534 84.721 84.866 67.706 59.225 57.792 55.898 52.297 50.41 50.592 50.725 49.675 48.831 50.71 50.669 53.199 53.538 50.869 49.571
-9999 -9999 -9999 -9999 -9999 -9999 -9999 -9999 -9999 -9999 -9999 -9999 -9999 -9999 -9999 -9999 -9999 -9999 -9999 -9999 -9999 108.4 139.87 189.962 231.205 184.885 125.08 103.773 93.582 104.315 94.018 83.508 71.242 63.382 63.622 66.242 66.133 71.21 62.399 54.417 57.716 59.149 60.435 60.793 58.647 58.507 61.906 63.437 67.37 76.341 80.937 78.561 82.062 79.591 78.231 80.617 68.658 76.895 66.911 57.071 58.316 58.106 53.299 52.237 51.001 50.334 51.389 49.314 50.418 50.724 47.755 51.812 51.062 49.793
-9999 -9999 -9999 -9999 -9999 -9999 -9999 -9999 -9999 -9999 -9999 -9999 -9999 -9999 -9999 -9999 -9999 -9999 -9999 -9999 101.636 131.9 169.426 222.905 254.84 188.27 137.33 116.67 100.116 100.367 91.551 81.846 80.611 63.193 63.184 72.615 67.687 64.986 53.678 55.206 55.634 56.387 60.705 61.393 62.574 59.844 60.411 61.916 69.46 72.6 69.8 73.646 77.883 74.894 75.1 72.008 68.505 72.917 63.277 57.123 56.515 57.521 55.587 52.302 53.739 51.058 51.228 50.076 49.096 49.643 52.643 50.022 51.906 50.149
-9999 -9999 -9999 -9999 -9999 -9999 -9999 -9999 -9999 -9999 -9999 -9999 -9999 -9999 -9999 -9999 -9999 -9999 -9999 100.465 142.132 146.761 184.927 226.389 204.563 206.631 175.079 134.803 121.127 108.534 88.55 84.287 68.097 72.021 77.758 76.344 70.003 60.608 53.302 53.934 53.279 58.766 58.836 60.318 59.182 58.633 59.638 65.733 68.845 69.63 72.314 71.883 77.234 81.099 69.208 66.7 63.098 62.228 66.207 54.528 53.39 55.759 57.228 54.676 51.522 50.765 48.626 49.768 50.364 50.137 52.161 52.437 49.037 51.025
-9999 -9999 -9999 -9999 -9999 -9999 -9999 -9999 -9999 -9999 -9999 -9999 -9999 -9999 -9999 -9999 -9999 -9999 96.017 124.693 112.858 131.803 154.988 155.009 169.868 177.135 155.929 146.751 130.741 109.945 99.031 83.99 72.971 78.994 77.168 62.933 59.614 53.986 56.475 51.941 53.645 57.143 54.481 56.217 57.365 57.947 61.091 65.921 68.239 68.839 72.52 72.079 68.296 70.908 68.861 62.763 60.183 60.294 60.361 58.136 53.083 53.566 55.081 53.324 53.064 51.397 49.043 51.964 51.651 50.158 50.098 52.047 48.859 49.728
-9999 -9999 -9999 -9999 -9999 -9999 -9999 -9999 -9999 -9999 -9999 -9999 -9999 -9999 -9999 -9999 80.177 86.653 88.537 88.944 94.602 99.104 113.827 111.535 128.052 135.123 147.253 144.943 139.193 99.323 87.044 77.711 74.927 91.302 84.451 72.477 59.422 59.61 56.61 53.448 55.404 56.247 57.345 57.427 58.338 59.694 64.395 66.937 63.556 69.108 73.236 70.827 65.313 63.002 60.573 59.572 57.193 56.516 56.419 56.229 54.808 52.41 52.32 50.795 50.06 50.404 48.726 48.588 51.956 50.446 51.92 52.042 51.054 49.946
-9999 -9999 -9999 -9999 -9999 -9999 -9999 -9999 -9999 -9999 -9999 -9999 -9999 -9999 -9999 79.394 81.029 79.289 77.001 -9999 -9999 -9999 -9999 112.655 135.149 152.815 147.282 146.437 116.92 101.629 106.985 95.58 96.766 114.881 95.93 75.631 70.841 62.777 55.955 55.72 56.239 54.73 55.26 57.06 56.822 60.793 63.86 64.08 62.69 65.599 67.092 67.409 63.759 57.4 55.904 57.113 53.636 51.897 52.531 51.602 52.784 51.673 50.793 49.255 51.002 50.432 50.383 51.577 51.195 51.63 50.369 51.026 51.088 51.617
-9999 -9999 -9999 -9999 -9999 -9999 -9999 -9999 -9999 -9999 -9999 -9999 -9999 -9999 -9999 79.498 81.191 73.915 -9999 -9999 -9999 -9999 -9999 112.169 138.109 155.435 135.878 141.864 136.58 133.157 135.033 114.13 105.797 104.896 78.96 77.397 68.279 59.724 57.176 58.786 54.95 55.13 58.167 57.035 55.38 59.062 62.805 59.295 62.969 60.138 60.661 60.749 61.623 60.382 58.692 55.714 52.841 50.333 50.443 51.383 49.702 50.259 47.702 46.736 50.203 53.484 54.954 55.883 55.405 53.758 52.266 54.594 52.432 51.055
-9999 -9999 -9999 -9999 -9999 -9999 -9999 -9999 -9999 -9999 -9999 -9999 -9999 -9999 -9999 -9999 -9999 71.307 -9999 -9999 -9999 -9999 -9999 111.07 134.098 129.445 133.044 138.593 139.918 162.86 148.676 100.788 104.987 88.594 80.874 72.468 62.653 58.425 55.715 54.562 54.17 57.182 57.128 53.985 54.79 58.126 58.18 62.278 58.898 56.596 59.212 58.675 57.564 58.363 59.471 56.379 53.8 55.906 54.327 51.687 50.783 49.877 52.182 49.446 49.373 52.872 53.737 55.447 56.513 55.265 54.016 54.521 54.842 51.829
-9999 -9999 -9999 -9999 -9999 -9999 -9999 -9999 -9999 -9999 -9999 -9999 -9999 -9999 -9999 -9999 -9999 -9999 -9999 -9999 -9999 -9999 -9999 100.138 116.847 111.47 128.377 144.073 165.498 161.846 133.869 112.584 93.106 82.968 76.081 60.233 56.257 50.591 52.396 53.836 55.309 54.386 54.504 55.023 54.566 55.46 57.154 57.664 57.296 57.155 54.614 62.054 57.695 54.387 55.42 56.176 54.562 56.242 58.685 55.996 56.035 58.706 55.266 52.594 49.63 50.005 52.495 53.209 54.108 55.184 53.857 53.147 51.466 53.812
-9999 -9999 -9999 -9999 -9999 -9999 -9999 -9999 -9999 -9999 -9999 -9999 -9999 -9999 -9999 -9999 -9999 -9999 -9999 -9999 -9999 -9999 -9999 -9999 107.136 164.415 208.679 171.107 155.277 140.729 124.367 101.531 84.569 75.061 65.336 67.995 60.522 52.515 56.474 54.716 52.152 51.739 51.623 55.471 56.772 55.015 57.651 58.343 58.011 54.385 56.277 60.04 59.532 50.933 51.656 53.653 53.988 55.263 59.102 61.645 62.634 61.481 57.213 52.099 51.702 52.424 53.902 55.744 54.145 53.948 53.325 53.054 50.753 50.465
-9999 -9999 -9999 -9999 -9999 -9999 -9999 -9999 -9999 -9999 -9999 -9999 -9999 -9999 -9999 -9999 -9999 -9999 -9999 -9999 -9999 -9999 -9999 109.866 130.868 181.116 180.964 158.176 136.027 130.561 116.701 97.458 89.131 72.024 68.484 68.872 58.71 68.079 57.704 53.05 58.571 54.847 54.0 56.05 58.809 59.889 55.643 56.428 56.187 54.907 55.269 57.461 57.326 53.052 51.17 53.074 52.838 53.286 54.401 55.714 58.493 59.396 55.854 53.158 54.258 54.701 56.168 60.344 57.442 53.812 55.392 53.182 50.583 49.484
-9999 -9999 -9999 -9999 -9999 -9999 -9999 -9999 -9999 -9999 -9999 -9999 -9999 -9999 -9999 -9999 -9999 -9999 -9999 -9999 -9999 -9999 -9999 101.713 125.867 160.79 138.95 123.55 119.318 117.959 112.38 104.834 83.679 69.278 68.122 62.362 61.529 61.488 58.278 58.866 57.845 52.47 52.247 53.774 57.348 57.803 56.234 56.457 58.279 57.773 58.35 57.231 56.919 55.817 53.372 52.325 51.833 52.442 53.837 54.946 56.812 58.312 54.562 51.162 54.898 59.242 55.968 57.243 59.573 54.729 53.374 51.462 47.439 49.181
-9999 -9999 -9999 -9999 -9999 -9999 -9999 -9999 -9999 -9999 -9999 -9999 -9999 -9999 -9999 -9999 -9999 -9999 -9999 -9999 -9999 -9999 -9999 89.062 111.328 112.998 123.007 110.705 108.784 114.076 114.598 94.715 84.263 68.592 63.932 58.772 60.144 63.101 64.549 69.107 67.671 59.945 58.17 57.107 57.343 56.681 54.574 57.894 57.667 59.173 60.202 58.487 58.572 58.329 56.417 53.378 55.111 54.981 54.395 56.614 54.932 54.382 53.84 53.69 54.484 57.969 58.457 55.641 53.678 53.419 53.918 54.401 47.252 45.083
-9999 -9999 -9999 -9999 -9999 -9999 -9999 -9999 -9999 -9999 -9999 -9999 -9999 -9999 -9999 -9999 -9999 -9999 -9999 -9999 -9999 -9999 -9999 -9999 95.268 122.447 131.547 133.244 128.075 113.277 99.725 83.034 65.84 58.597 53.156 57.822 59.744 57.171 63.515 67.652 70.313 61.945 57.068 54.368 59.714 57.395 54.753 56.429 56.241 59.567 61.358 58.33 55.509 57.183 56.684 54.735 56.67 58.621 55.046 54.345 56.069 52.767 53.358 55.936 56.035 55.951 54.375 54.934 54.037 52.654 54.134 52.853 50.941 47.432
-9999 -9999 -9999 -9999 -9999 -9999 -9999 -9999 -9999 -9999 -9999 -9999 -9999 -9999 -9999 -9999 -9999 -9999 -9999 -9999 -9999 -9999 -9999 -9999 103.644 129.04 146.722 152.944 149.218 123.029 93.461 73.811 65.12 61.856 67.687 72.499 65.569 59.125 52.732 63.105 66.629 61.392 60.221 65.029 61.609 57.275 58.081 59.788 58.915 59.592 60.042 60.463 57.029 55.468 55.836 61.015 59.99 59.672 57.064 55.115 56.643 57.266 56.541 57.86 56.962 55.122 58.857 57.075 56.001 53.527 54.539 53.272 50.222 49.917
-9999 -9999 -9999 -9999 -9999 -9999 -9999 -9999 -9999 -9999 -9999 -9999 -9999 -9999 -9999 -9999 -9999 -9999 -9999 -9999 -9999 -9999 -9999 88.136 94.688 126.426 148.367 158.486 147.48 115.991 88.478 88.677 93.337 80.744 76.34 71.409 58.489 54.097 58.781 64.561 60.149 63.147 68.483 67.131 64.702 59.324 58.323 61.09 58.256 60.748 63.266 61.797 61.953 58.692 56.001 55.719 61.17 59.502 57.435 56.542 55.854 56.773 58.458 59.705 60.271 57.875 58.187 58.676 56.333 55.358 54.028 51.747 51.195 52.442
-9999 -9999 -9999 -9999 -9999 -9999 -9999 -9999 -9999 -9999 -9999 -9999 -9999 -9999 -9999 -9999 -9999 -9999 -9999 -9999 -9999 -9999 -9999 85.487 94.674 113.783 125.776 146.149 145.041 114.48 96.174 90.605 85.987 86.737 86.14 76.086 65.173 69.725 67.297 58.612 64.137 61.226 64.253 63.892 71.512 59.798 57.731 56.77 57.202 60.222 61.85 68.85 63.886 62.954 59.799 57.704 59.779 56.307 54.304 56.291 57.814 56.294 56.801 59.883 60.755 60.9 59.855 57.065 54.568 53.91 55.0 52.296 49.918 51.508
-9999 -9999 -9999 -9999 -9999 -9999 -9999 -9999 -9999 -9999 -9999 -9999 -9999 -9999 -9999 -9999 -9999 -9999 -9999 -9999 -9999 -9999 -9999 85.585 89.523 91.349 104.467 138.758 136.757 114.823 93.536 81.683 88.661 88.172 82.738 77.889 79.122 72.995 60.211 62.012 58.431 69.35 59.506 64.371 61.809 57.322 57.94 52.985 53.547 56.798 65.59 62.687 64.956 63.29 61.703 62.295 61.548 59.423 55.39 57.362 59.556 60.85 58.91 56.792 60.327 58.591 56.351 57.197 53.954 52.873 50.513 51.879 50.379 48.665
-9999 -9999 -9999 -9999 -9999 -9999 -9999 -9999 -9999 -9999 -9999 -9999 -9999 -9999 -9999 -9999 -9999 -9999 -9999 -9999 -9999 -9999 87.613 88.261 101.626 94.705 108.948 127.583 122.565 111.702 87.385 76.846 78.076 75.894 76.597 81.002 70.284 66.378 67.239 60.206 62.376 58.972 54.79 54.485 56.938 59.475 53.11 51.834 53.849 56.54 57.599 58.963 59.495 62.507 61.878 61.328 61.478 59.928 57.025 57.261 55.918 56.663 59.356 59.195 57.5 56.59 53.502 54.725 54.743 49.528 52.047 51.139 50.293 49.338
-9999 -9999 -9999 -9999 -9999 -9999 -9999 -9999 -9999 -9999 -9999 -9999 -9999 -9999 -9999 -9999 -9999 -9999 -9999 -9999 -9999 88.615 88.567 100.627 97.797 97.81 119.776 131.422 126.031 108.035 96.755 81.799 84.175 77.656 79.157 83.003 68.116 68.851 62.316 59.708 59.447 59.911 53.549 60.496 60.87 57.859 52.413 55.985 54.068 56.56 58.487 57.413 58.145 58.419 60.121 60.551 59.382 58.757 58.701 60.959 59.303 55.615 54.588 55.306 56.602 54.898 52.72 51.54 51.585 51.323 52.039 52.803 50.091 49.551
-9999 -9999 -9999 -9999 -9999 -9999 -9999 -9999 -9999 -9999 -9999 -9999 -9999 -9999 -9999 -9999 -9999 -9999 -9999 102.152 96.853 94.044 78.59 89.962 96.33 106.239 126.765 132.939 134.439 124.179 99.725 90.084 81.889 78.229 79.617 80.206 69.001 62.827 63.132 57.279 57.06 52.91 58.472 60.764 57.004 54.455 53.812 53.932 55.606 56.938 58.152 57.159 57.151 56.945 57.834 56.834 55.327 53.358 56.695 59.813 63.116 61.838 58.356 55.23 55.905 54.545 52.811 53.566 50.868 50.23 47.857 50.134 50.44 49.554
