Validation/Results/raw data/ReClimate_05_2024_2_Temperature-Actualsweatherlogisticsltd.asc
NCOLS 192
NROWS 249
XLLCENTER -225160.85627316462
YLLCENTER 29788.11610251502
CELLSIZE 5000.0
NODATA_VALUE -9999
[rows 68 to 101 of 249, columns 75 to 149 of 192]
-9999 -9999 -9999 -9999 -9999 -9999 -9999 -9999 -9999 -9999 -9999 13.059 12.271 13.299 13.848 12.976 12.633 13.367 13.541 13.58 13.823 13.643 13.78 13.348 13.369 13.68 13.098 13.413 14.115 -9999 -9999 -9999 -9999 -9999 -9999 -9999 -9999 -9999 -9999 -9999 -9999 -9999 -9999 -9999 -9999 -9999 -9999 -9999 -9999 -9999 -9999 -9999 -9999 -9999 -9999 -9999 -9999 -9999 -9999 -9999 -9999 -9999 -9999 -9999 -9999 -9999 -9999 -9999 -9999 -9999 -9999 -9999 -9999 -9999 -9999
-9999 -9999 -9999 -9999 -9999 -9999 -9999 -9999 -9999 -9999 -9999 -9999 -9999 13.741 12.983 12.285 13.216 13.73 13.401 13.248 13.474 14.084 14.005 13.309 13.49 13.475 14.238 -9999 -9999 -9999 -9999 -9999 -9999 -9999 -9999 -9999 -9999 -9999 -9999 -9999 -9999 -9999 -9999 -9999 -9999 -9999 -9999 -9999 -9999 -9999 -9999 -9999 -9999 -9999 -9999 -9999 -9999 -9999 -9999 -9999 -9999 -9999 -9999 -9999 -9999 -9999 -9999 -9999 -9999 -9999 -9999 -9999 -9999 -9999 -9999
-9999 -9999 -9999 -9999 -9999 -9999 -9999 14.338 -9999 -9999 14.143 13.649 13.375 13.497 11.927 12.479 12.98 12.857 12.262 12.707 13.321 14.358 13.849 13.7 13.211 13.865 14.207 -9999 -9999 -9999 -9999 -9999 -9999 -9999 -9999 -9999 -9999 -9999 -9999 -9999 -9999 -9999 -9999 -9999 -9999 -9999 -9999 -9999 -9999 -9999 -9999 -9999 -9999 -9999 -9999 -9999 -9999 -9999 -9999 -9999 -9999 -9999 -9999 -9999 -9999 -9999 -9999 -9999 -9999 -9999 -9999 -9999 -9999 -9999 -9999
-9999 -9999 -9999 -9999 -9999 14.394 14.443 14.382 14.398 13.74 13.692 12.429 12.383 12.641 13.488 11.799 11.753 11.746 11.988 12.89 12.754 12.192 13.849 14.053 14.296 14.524 14.588 -9999 -9999 -9999 -9999 -9999 -9999 -9999 -9999 -9999 -9999 -9999 -9999 -9999 -9999 -9999 -9999 -9999 -9999 -9999 -9999 -9999 -9999 -9999 -9999 -9999 -9999 -9999 -9999 -9999 -9999 -9999 -9999 -9999 -9999 -9999 -9999 -9999 -9999 -9999 -9999 -9999 -9999 -9999 -9999 -9999 -9999 -9999 -9999
-9999 -9999 -9999 -9999 -9999 14.34 14.281 -9999 14.184 13.229 12.392 12.143 10.958 13.515 12.288 11.141 11.082 11.328 11.909 11.606 10.986 12.337 12.885 12.93 13.744 13.753 -9999 14.371 -9999 -9999 -9999 -9999 -9999 -9999 -9999 -9999 -9999 -9999 -9999 -9999 -9999 -9999 -9999 -9999 -9999 -9999 -9999 -9999 -9999 -9999 -9999 -9999 -9999 -9999 -9999 -9999 -9999 -9999 -9999 -9999 -9999 -9999 -9999 -9999 -9999 -9999 -9999 -9999 -9999 -9999 -9999 -9999 -9999 -9999 -9999
-9999 -9999 -9999 -9999 -9999 -9999 13.729 13.929 13.997 12.756 12.803 10.85 12.397 12.607 12.567 12.317 11.986 11.279 11.669 11.328 11.968 13.026 12.768 12.995 13.235 13.693 14.334 14.309 -9999 -9999 -9999 -9999 -9999 -9999 -9999 -9999 -9999 -9999 -9999 -9999 -9999 -9999 -9999 -9999 -9999 -9999 -9999 -9999 -9999 -9999 -9999 -9999 -9999 -9999 -9999 -9999 -9999 -9999 -9999 -9999 -9999 -9999 -9999 -9999 -9999 -9999 -9999 -9999 -9999 -9999 -9999 -9999 -9999 -9999 -9999
-9999 -9999 -9999 -9999 -9999 -9999 -9999 14.364 13.921 13.508 10.986 11.88 11.969 12.201 11.156 10.596 11.723 12.477 12.143 11.401 12.408 13.066 12.776 13.417 13.623 14.307 14.244 13.821 -9999 -9999 -9999 -9999 -9999 -9999 -9999 -9999 -9999 -9999 -9999 -9999 -9999 -9999 -9999 -9999 -9999 -9999 -9999 -9999 -9999 -9999 -9999 -9999 -9999 -9999 -9999 -9999 -9999 -9999 -9999 -9999 -9999 -9999 -9999 -9999 -9999 -9999 -9999 -9999 -9999 -9999 -9999 -9999 -9999 -9999 -9999
-9999 -9999 -9999 -9999 -9999 13.036 13.312 12.933 12.822 12.683 13.448 12.09 12.186 11.811 11.485 12.187 12.476 12.271 12.43 12.062 11.291 12.521 13.418 14.288 14.441 -9999 13.949 -9999 -9999 -9999 -9999 -9999 -9999 14.603 14.71 14.733 -9999 -9999 -9999 -9999 -9999 -9999 -9999 -9999 -9999 -9999 -9999 -9999 -9999 -9999 -9999 -9999 -9999 -9999 -9999 -9999 -9999 -9999 -9999 -9999 -9999 -9999 -9999 -9999 -9999 -9999 -9999 -9999 -9999 -9999 -9999 -9999 -9999 -9999 -9999
13.718 -9999 -9999 -9999 -9999 -9999 12.613 12.096 12.059 13.044 12.708 13.523 12.258 12.379 12.048 12.778 13.05 13.888 13.161 11.696 12.598 13.364 14.202 14.125 13.773 13.759 -9999 -9999 -9999 -9999 14.73 14.853 14.811 14.685 14.754 14.84 14.745 14.67 14.408 13.882 13.642 13.979 14.338 14.491 14.336 13.762 13.347 13.373 13.662 13.836 13.835 13.783 -9999 -9999 -9999 -9999 -9999 -9999 -9999 -9999 -9999 -9999 -9999 -9999 -9999 -9999 -9999 -9999 -9999 -9999 -9999 -9999 -9999 -9999 -9999
11.969 -9999 -9999 -9999 12.341 -9999 12.808 13.547 12.841 11.287 14.096 12.892 13.164 12.432 13.011 12.587 12.983 12.837 13.493 13.875 13.935 14.12 14.268 13.612 13.583 -9999 -9999 -9999 -9999 14.36 14.666 14.858 14.39 14.118 14.652 14.613 14.437 14.506 13.515 13.116 13.339 13.803 14.122 14.007 14.142 13.982 13.571 13.379 13.62 13.603 13.331 13.762 -9999 -9999 -9999 -9999 -9999 -9999 -9999 -9999 -9999 -9999 -9999 -9999 -9999 -9999 -9999 -9999 -9999 -9999 -9999 -9999 -9999 -9999 -9999
13.043 -9999 -9999 -9999 11.825 12.019 13.357 13.084 10.789 12.361 11.778 13.509 12.454 12.759 12.748 13.051 12.955 12.293 12.789 13.156 14.252 14.587 13.913 14.361 -9999 -9999 14.214 14.461 14.386 14.296 14.506 14.397 14.01 14.092 13.683 13.529 13.972 13.789 13.483 13.628 13.821 13.917 13.609 14.041 14.161 13.935 13.563 13.612 13.631 13.41 13.281 13.598 13.747 -9999 -9999 -9999 -9999 -9999 -9999 -9999 -9999 -9999 -9999 -9999 -9999 -9999 -9999 -9999 -9999 -9999 -9999 -9999 -9999 -9999 -9999
13.45 -9999 13.276 -9999 12.985 13.088 12.489 11.868 12.429 10.622 12.334 12.999 12.461 12.011 11.888 12.483 12.521 12.47 12.046 13.0 13.777 14.644 14.875 14.997 -9999 13.912 13.775 13.941 13.896 14.071 14.202 13.697 13.516 13.156 12.783 13.263 13.729 13.25 13.204 13.3 13.682 14.092 14.291 14.324 14.083 13.889 13.675 13.66 13.621 13.689 13.627 13.549 13.642 -9999 -9999 -9999 -9999 -9999 -9999 -9999 -9999 -9999 -9999 -9999 -9999 -9999 -9999 -9999 -9999 -9999 -9999 -9999 -9999 -9999 -9999
-9999 13.452 -9999 -9999 -9999 11.81 11.075 12.597 11.979 13.508 13.282 12.926 12.337 11.595 11.68 10.943 11.237 11.567 12.638 13.419 14.509 14.425 13.832 14.486 14.354 13.473 12.986 12.772 13.197 13.548 13.328 13.11 12.612 12.629 13.496 13.742 13.65 13.607 13.158 13.296 13.834 14.198 14.348 14.002 13.763 13.921 13.794 13.657 13.559 13.754 13.589 13.489 13.479 -9999 -9999 -9999 -9999 -9999 -9999 -9999 -9999 -9999 -9999 -9999 -9999 -9999 -9999 -9999 -9999 -9999 -9999 -9999 -9999 -9999 -9999
14.001 -9999 -9999 -9999 -9999 12.575 13.446 13.281 -9999 13.123 12.242 11.926 12.453 12.426 12.109 12.575 12.696 12.51 12.784 13.144 13.413 12.886 12.881 14.225 13.546 13.243 12.407 11.981 12.589 13.056 12.964 12.47 12.174 13.33 13.722 12.931 13.37 12.794 12.756 13.378 13.556 14.106 13.721 13.239 13.78 13.878 13.988 13.722 13.991 13.762 13.487 13.589 13.529 -9999 -9999 -9999 -9999 -9999 -9999 -9999 -9999 -9999 -9999 -9999 -9999 -9999 -9999 -9999 -9999 -9999 -9999 -9999 -9999 -9999 -9999
13.939 -9999 -9999 -9999 13.604 -9999 -9999 13.786 13.702 12.533 10.982 11.151 11.555 10.966 12.192 12.706 12.832 13.372 13.125 12.845 12.851 12.611 14.408 13.585 13.314 12.168 12.45 12.288 11.947 12.564 12.541 12.474 13.157 13.802 12.922 13.018 12.944 12.572 12.804 12.555 13.471 13.696 12.997 13.62 13.862 13.82 13.509 14.028 14.204 14.029 13.696 13.648 -9999 -9999 -9999 -9999 -9999 -9999 -9999 -9999 -9999 -9999 -9999 -9999 -9999 -9999 -9999 -9999 -9999 -9999 -9999 -9999 -9999 -9999 -9999
13.236 13.299 13.784 -9999 -9999 -9999 12.52 14.111 -9999 12.867 13.175 12.546 10.952 10.51 10.447 11.742 13.378 13.142 12.466 12.193 13.037 14.33 13.328 13.3 12.439 12.275 12.517 11.986 11.956 12.84 13.035 13.289 13.202 12.282 12.935 12.571 11.551 12.335 12.444 12.784 13.612 13.332 13.673 13.989 14.128 13.945 14.111 14.06 14.296 14.1 13.782 -9999 -9999 -9999 -9999 -9999 -9999 -9999 -9999 -9999 -9999 -9999 -9999 -9999 -9999 -9999 -9999 -9999 -9999 -9999 -9999 -9999 -9999 -9999 -9999
12.084 12.769 13.643 -9999 13.454 12.286 12.152 12.694 12.08 13.42 13.479 11.625 9.831 10.439 12.433 12.738 12.963 12.097 11.359 12.095 13.407 13.568 12.735 11.492 11.221 12.069 12.04 11.918 13.204 13.481 13.353 12.757 12.032 13.11 13.095 12.362 12.056 11.804 11.957 12.22 13.237 12.762 13.286 13.113 12.847 14.086 14.271 14.02 13.996 14.015 13.798 -9999 -9999 -9999 -9999 -9999 -9999 -9999 -9999 -9999 -9999 -9999 -9999 -9999 -9999 -9999 -9999 -9999 -9999 -9999 -9999 -9999 -9999 -9999 -9999
12.572 13.261 13.941 13.402 13.096 11.968 -9999 13.18 12.526 11.596 11.096 11.498 11.345 12.263 11.236 12.117 12.114 12.146 12.774 13.104 13.482 12.967 11.364 10.472 11.582 11.933 11.379 12.753 12.885 13.776 13.422 12.86 12.736 12.506 12.486 11.976 11.237 11.84 12.279 12.936 13.326 13.593 13.751 13.343 13.953 14.397 14.323 14.212 14.154 13.98 -9999 -9999 -9999 -9999 -9999 -9999 -9999 -9999 -9999 -9999 -9999 -9999 -9999 -9999 -9999 -9999 -9999 -9999 -9999 -9999 -9999 -9999 -9999 -9999 -9999
-9999 -9999 -9999 13.639 12.613 -9999 13.242 12.025 10.364 10.339 12.612 12.734 12.174 10.288 11.259 13.202 13.267 12.709 12.335 13.606 13.028 11.676 10.44 10.522 10.907 10.465 11.845 11.611 12.922 13.196 12.078 12.482 11.401 11.52 11.263 10.908 11.635 12.758 12.862 13.041 13.224 13.271 13.618 13.687 14.078 14.23 14.289 14.281 14.267 14.21 -9999 -9999 -9999 -9999 -9999 -9999 -9999 -9999 -9999 -9999 -9999 -9999 -9999 -9999 -9999 -9999 -9999 -9999 -9999 -9999 -9999 -9999 -9999 -9999 -9999
-9999 -9999 13.839 13.256 -9999 13.975 12.809 -9999 12.189 13.568 12.358 12.296 10.089 10.779 12.384 11.873 11.805 12.743 13.788 12.284 11.699 10.804 9.953 9.942 9.767 10.442 11.457 12.754 13.752 12.784 12.7 11.214 10.574 11.025 11.545 11.6 12.332 12.359 12.619 13.155 13.194 13.171 13.149 13.489 13.773 13.795 14.109 13.923 13.908 14.226 -9999 -9999 -9999 -9999 -9999 -9999 -9999 -9999 -9999 -9999 -9999 -9999 -9999 -9999 -9999 -9999 -9999 -9999 -9999 -9999 -9999 -9999 -9999 -9999 -9999
-9999 -9999 14.24 -9999 -9999 13.541 12.757 12.238 13.531 11.965 12.072 12.392 12.4 12.63 12.909 13.206 13.797 13.834 11.766 10.709 10.445 9.969 9.599 9.357 10.211 12.093 13.038 12.83 11.641 11.701 9.324 9.11 10.23 10.789 10.87 11.916 12.082 12.268 12.673 13.859 13.704 13.574 13.739 13.434 12.451 13.534 14.244 14.188 14.262 14.233 -9999 -9999 -9999 -9999 -9999 -9999 -9999 -9999 -9999 -9999 -9999 -9999 -9999 -9999 -9999 -9999 -9999 -9999 -9999 -9999 -9999 -9999 -9999 -9999 -9999
-9999 -9999 -9999 -9999 -9999 -9999 11.902 12.448 13.095 11.579 11.704 13.155 12.466 12.06 12.388 12.561 12.767 11.41 10.49 10.207 11.211 11.046 10.158 10.176 11.837 13.126 12.871 11.939 10.956 8.979 9.606 9.287 9.998 10.222 11.005 11.529 11.926 12.706 13.939 14.056 13.836 14.204 14.132 13.323 13.806 14.456 14.447 14.105 13.939 -9999 -9999 -9999 -9999 -9999 -9999 -9999 -9999 -9999 -9999 -9999 -9999 -9999 -9999 -9999 -9999 -9999 -9999 -9999 -9999 -9999 -9999 -9999 -9999 -9999 -9999
-9999 -9999 -9999 -9999 14.417 13.565 -9999 12.327 12.369 11.484 13.6 13.547 12.879 11.994 10.644 10.738 11.15 11.9 11.67 11.673 11.201 11.61 11.575 12.19 12.566 11.833 11.577 10.525 9.348 9.943 9.638 10.879 11.134 11.77 12.696 12.544 12.592 12.761 12.81 13.176 13.347 12.916 13.492 14.3 14.125 13.792 13.502 13.477 13.823 -9999 -9999 -9999 -9999 -9999 -9999 -9999 -9999 -9999 -9999 -9999 -9999 -9999 -9999 -9999 -9999 -9999 -9999 -9999 -9999 -9999 -9999 -9999 -9999 -9999 -9999
-9999 -9999 -9999 14.306 14.429 12.513 12.665 11.327 10.871 11.774 11.699 12.558 13.128 12.449 12.726 12.45 11.189 11.445 10.406 9.49 12.615 12.31 12.376 12.172 11.778 11.042 10.797 10.127 10.81 11.028 11.491 11.475 11.813 11.512 11.245 10.796 11.53 11.885 11.269 10.936 11.437 12.052 12.922 12.991 13.013 13.052 13.33 13.583 -9999 -9999 -9999 -9999 -9999 -9999 -9999 -9999 -9999 -9999 -9999 -9999 -9999 -9999 -9999 -9999 -9999 -9999 -9999 -9999 -9999 -9999 -9999 -9999 -9999 -9999 -9999
-9999 -9999 -9999 14.318 -9999 13.955 13.514 12.815 12.327 11.783 12.961 12.74 11.622 13.566 13.856 12.878 12.419 11.227 11.226 13.16 12.116 10.86 11.349 11.562 9.924 10.807 10.544 10.313 10.28 10.749 10.764 10.95 10.641 10.673 9.91 10.04 11.976 10.911 11.044 12.626 12.497 12.039 12.556 12.51 12.762 13.595 13.418 13.613 -9999 -9999 -9999 -9999 -9999 -9999 -9999 -9999 -9999 -9999 -9999 -9999 -9999 -9999 -9999 -9999 -9999 -9999 -9999 -9999 -9999 -9999 -9999 -9999 -9999 -9999 -9999
-9999 -9999 -9999 -9999 -9999 13.081 12.009 13.814 13.799 14.015 14.186 13.423 14.194 14.128 13.671 13.032 11.601 12.605 12.661 12.103 10.348 11.275 12.35 10.704 9.927 11.027 10.679 10.909 10.148 10.646 10.863 9.483 9.896 9.748 8.861 10.427 10.641 10.313 11.562 12.383 12.804 13.574 13.188 12.791 13.735 14.0 13.783 13.677 -9999 -9999 -9999 -9999 -9999 -9999 -9999 -9999 -9999 -9999 -9999 -9999 -9999 -9999 -9999 -9999 -9999 -9999 -9999 -9999 -9999 -9999 -9999 -9999 -9999 -9999 -9999
-9999 -9999 -9999 14.326 13.972 12.663 13.189 13.889 12.267 13.323 12.566 12.646 -9999 12.752 9.528 10.269 10.833 11.036 10.493 10.157 10.259 10.602 10.57 10.611 11.318 11.73 12.22 11.64 11.198 11.338 9.969 11.063 11.105 11.06 10.388 10.266 10.908 12.284 11.651 12.059 12.969 12.621 13.529 14.143 14.4 14.076 13.502 13.963 -9999 -9999 -9999 -9999 -9999 -9999 -9999 -9999 -9999 -9999 -9999 -9999 -9999 -9999 -9999 -9999 -9999 -9999 -9999 -9999 -9999 -9999 -9999 -9999 -9999 -9999 -9999
14.238 14.197 14.084 -9999 14.231 13.704 13.761 12.861 11.979 11.986 12.614 -9999 12.252 9.313 9.992 10.084 11.385 11.351 11.395 10.666 10.836 10.308 10.99 11.884 12.235 12.549 13.148 12.749 12.991 11.644 11.704 11.766 11.919 12.035 11.723 11.57 12.227 12.187 12.088 12.155 12.131 13.672 14.215 14.511 14.308 13.547 13.869 -9999 -9999 -9999 -9999 -9999 -9999 -9999 -9999 -9999 -9999 -9999 -9999 -9999 -9999 -9999 -9999 -9999 -9999 -9999 -9999 -9999 -9999 -9999 -9999 -9999 -9999 -9999 -9999
14.22 14.011 13.177 13.422 -9999 13.955 13.66 12.978 12.22 13.115 14.029 13.28 11.455 11.235 12.375 11.338 11.895 11.745 11.705 11.545 12.001 11.635 12.433 12.014 11.222 12.845 12.735 13.292 13.119 12.608 11.964 12.448 12.848 12.527 11.961 12.275 12.316 12.794 12.51 12.721 13.597 14.101 14.114 14.125 14.073 -9999 -9999 -9999 -9999 -9999 -9999 -9999 -9999 -9999 -9999 -9999 -9999 -9999 -9999 -9999 -9999 -9999 -9999 -9999 -9999 -9999 -9999 -9999 -9999 -9999 -9999 -9999 -9999 -9999 -9999
-9999 -9999 13.353 -9999 13.066 13.089 12.893 11.357 11.612 -9999 -9999 11.617 12.54 13.234 11.016 11.654 11.071 11.808 11.385 13.048 13.191 13.532 13.537 12.834 13.092 12.617 13.267 12.783 12.94 13.043 12.76 12.768 13.23 12.824 12.753 12.728 13.137 12.895 13.337 13.965 14.377 14.285 13.981 14.279 -9999 -9999 -9999 -9999 -9999 -9999 -9999 -9999 -9999 -9999 -9999 -9999 -9999 -9999 -9999 -9999 -9999 -9999 -9999 -9999 -9999 -9999 -9999 -9999 -9999 -9999 -9999 -9999 -9999 -9999 -9999
13.516 -9999 13.188 12.31 13.331 12.844 12.62 13.13 -9999 -9999 12.541 11.417 11.865 10.728 12.476 12.386 12.235 12.264 12.942 13.031 12.954 12.723 12.461 11.743 10.724 12.069 12.542 12.682 13.924 14.103 13.785 12.94 12.954 13.319 13.301 13.501 13.724 13.791 14.188 14.406 14.443 14.22 14.16 14.04 14.134 -9999 -9999 -9999 -9999 -9999 -9999 -9999 -9999 -9999 -9999 -9999 -9999 -9999 -9999 -9999 -9999 -9999 -9999 -9999 -9999 -9999 -9999 -9999 -9999 -9999 -9999 -9999 -9999 -9999 -9999
13.015 13.02 13.461 13.466 13.199 13.098 13.094 -9999 -9999 14.392 12.38 13.396 12.163 12.899 11.785 10.842 12.363 12.328 12.435 11.462 11.032 11.594 12.414 12.731 12.983 13.43 12.845 13.429 13.473 13.386 13.103 13.059 13.308 13.77 14.046 14.291 14.447 14.454 14.319 14.256 14.306 14.296 14.239 14.323 -9999 -9999 -9999 -9999 -9999 -9999 -9999 -9999 -9999 -9999 -9999 -9999 -9999 -9999 -9999 -9999 -9999 -9999 -9999 -9999 -9999 -9999 -9999 -9999 -9999 -9999 -9999 -9999 -9999 -9999 -9999
12.186 13.548 -9999 -9999 14.057 12.989 -9999 -9999 -9999 14.229 13.268 10.92 11.676 9.983 11.307 12.906 12.786 12.06 11.629 11.562 11.579 12.395 12.178 11.901 12.968 13.587 12.749 12.193 12.163 12.947 13.404 14.209 14.023 14.611 14.73 14.836 14.52 13.823 13.81 13.909 14.065 14.138 14.416 14.484 -9999 -9999 -9999 -9999 -9999 -9999 -9999 -9999 -9999 -9999 -9999 -9999 -9999 -9999 -9999 -9999 -9999 -9999 -9999 -9999 -9999 -9999 -9999 -9999 -9999 -9999 -9999 -9999 -9999 -9999 -9999
-9999 14.079 14.193 13.839 -9999 -9999 -9999 -9999 13.237 13.144 11.517 12.3 12.109 11.036 12.246 12.531 11.87 10.466 11.608 10.49 12.515 11.938 11.081 13.269 14.307 12.159 10.885 11.279 13.136 13.15 13.727 13.886 14.547 14.784 14.802 14.434 13.469 13.893 14.05 14.282 14.289 14.513 14.743 -9999 -9999 -9999 -9999 -9999 -9999 -9999 -9999 -9999 -9999 -9999 -9999 -9999 -9999 -9999 -9999 -9999 -9999 -9999 -9999 -9999 -9999 -9999 -9999 -9999 -9999 -9999 -9999 -9999 -9999 -9999 -9999
