Validation/Results/raw data/ReClimate_08_2024_2.asc
NCOLS 192
NROWS 249
XLLCENTER -225160.85627316462
YLLCENTER 29788.11610251502
CELLSIZE 5000.0
NODATA_VALUE -9999
[rows 102 to 135 of 249, columns 75 to 149 of 192]
99.75 99.792 99.777 99.81 99.667 99.531 -9999 -9999 99.523 -9999 -9999 99.1 98.965 98.831 98.598 98.362 98.21 98.075 97.894 97.861 97.746 97.524 97.407 97.278 97.156 97.033 96.922 96.809 96.694 96.577 96.47 96.342 96.173 96.037 95.924 95.781 95.624 95.457 95.308 95.193 95.082 94.974 -9999 -9999 -9999 -9999 -9999 -9999 -9999 -9999 -9999 -9999 -9999 -9999 -9999 -9999 -9999 -9999 -9999 -9999 -9999 -9999 -9999 -9999 -9999 -9999 -9999 -9999 -9999 -9999 -9999 -9999 -9999 -9999 -9999
99.772 99.846 99.891 99.965 -9999 -9999 -9999 99.635 99.555 99.468 99.323 99.136 98.973 98.792 98.582 98.415 98.273 98.132 98.086 98.058 97.819 97.563 97.439 97.318 97.202 97.092 96.98 96.868 96.851 97.001 96.785 96.409 96.272 96.12 95.98 95.83 95.67 -9999 -9999 95.23 -9999 -9999 -9999 -9999 -9999 -9999 -9999 -9999 -9999 -9999 -9999 -9999 -9999 -9999 -9999 -9999 -9999 -9999 -9999 -9999 -9999 -9999 -9999 -9999 -9999 -9999 -9999 -9999 -9999 -9999 -9999 -9999 -9999 -9999 -9999
99.743 99.758 -9999 99.829 -9999 -9999 -9999 99.665 99.586 99.495 99.355 99.173 98.991 98.812 98.635 98.46 98.311 98.172 98.116 98.041 97.805 97.609 97.49 97.371 97.262 97.152 97.04 96.927 96.917 96.708 96.485 96.435 96.3 96.178 96.034 95.881 -9999 95.546 95.39 95.268 95.187 -9999 -9999 -9999 -9999 -9999 -9999 -9999 -9999 -9999 -9999 -9999 -9999 -9999 -9999 -9999 -9999 -9999 -9999 -9999 -9999 -9999 -9999 -9999 -9999 -9999 -9999 -9999 -9999 -9999 -9999 -9999 -9999 -9999 -9999
99.685 -9999 -9999 -9999 -9999 99.693 99.65 99.678 99.654 99.672 99.494 99.208 99.055 98.94 98.765 98.595 98.457 98.356 98.233 98.065 97.859 97.659 97.544 97.432 97.323 97.213 97.102 96.988 96.826 96.707 96.624 96.497 96.373 96.235 -9999 95.936 95.773 95.598 95.443 95.325 95.274 -9999 -9999 -9999 -9999 -9999 -9999 -9999 -9999 -9999 -9999 -9999 -9999 -9999 -9999 -9999 -9999 -9999 -9999 -9999 -9999 -9999 -9999 -9999 -9999 -9999 -9999 -9999 -9999 -9999 -9999 -9999 -9999 -9999 -9999
-9999 -9999 -9999 -9999 -9999 99.712 99.701 99.681 99.766 99.852 99.631 99.371 99.183 98.883 98.744 98.657 98.53 98.382 98.224 98.089 97.886 97.706 97.598 97.496 97.387 97.277 97.165 97.051 96.935 96.816 96.693 96.566 96.433 96.295 96.149 95.996 95.833 95.668 95.539 95.449 95.374 95.326 -9999 -9999 -9999 -9999 -9999 -9999 -9999 -9999 -9999 -9999 -9999 -9999 -9999 -9999 -9999 -9999 -9999 -9999 -9999 -9999 -9999 -9999 -9999 -9999 -9999 -9999 -9999 -9999 -9999 -9999 -9999 -9999 -9999
-9999 -9999 -9999 -9999 99.683 -9999 -9999 99.676 99.745 99.694 99.521 99.344 -9999 -9999 98.743 98.767 98.628 98.505 98.323 98.076 97.913 97.798 97.687 97.574 97.46 97.346 97.231 97.116 97.0 96.88 96.757 96.631 96.502 96.37 96.232 96.09 95.942 95.798 95.688 95.608 95.535 95.465 95.424 -9999 -9999 -9999 -9999 -9999 -9999 -9999 -9999 -9999 -9999 -9999 -9999 -9999 -9999 -9999 -9999 -9999 -9999 -9999 -9999 -9999 -9999 -9999 -9999 -9999 -9999 -9999 -9999 -9999 -9999 -9999 -9999
-9999 -9999 -9999 -9999 99.653 -9999 99.65 99.657 99.659 99.632 99.522 99.349 99.133 98.985 98.923 98.766 98.622 98.444 98.254 98.14 98.017 97.902 97.787 97.673 97.559 97.444 97.33 97.214 97.098 96.979 96.858 96.736 96.612 96.484 96.353 96.217 96.078 95.944 95.846 95.769 95.696 95.625 -9999 -9999 -9999 -9999 -9999 -9999 -9999 -9999 -9999 -9999 -9999 -9999 -9999 -9999 -9999 -9999 -9999 -9999 -9999 -9999 -9999 -9999 -9999 -9999 -9999 -9999 -9999 -9999 -9999 -9999 -9999 -9999 -9999
-9999 -9999 -9999 -9999 99.622 -9999 99.629 99.637 99.646 99.639 99.575 -9999 99.28 99.114 -9999 98.961 98.758 98.499 98.37 98.237 98.12 98.006 97.893 97.78 97.667 97.554 97.44 97.326 97.211 97.094 96.976 96.856 96.734 96.609 96.483 96.356 96.219 96.092 -9999 -9999 -9999 -9999 -9999 -9999 -9999 -9999 -9999 -9999 -9999 -9999 -9999 -9999 -9999 -9999 -9999 -9999 -9999 -9999 -9999 -9999 -9999 -9999 -9999 -9999 -9999 -9999 -9999 -9999 -9999 -9999 -9999 -9999 -9999 -9999 -9999
-9999 -9999 99.579 99.588 -9999 -9999 99.608 99.616 99.625 99.634 99.639 99.638 99.462 99.283 -9999 98.812 98.646 98.599 98.464 98.34 98.226 98.112 98.0 97.888 97.776 97.664 97.552 97.439 97.325 97.21 97.094 96.977 96.858 96.736 96.615 96.492 96.366 -9999 -9999 -9999 -9999 -9999 -9999 -9999 -9999 -9999 -9999 -9999 -9999 -9999 -9999 -9999 -9999 -9999 -9999 -9999 -9999 -9999 -9999 -9999 -9999 -9999 -9999 -9999 -9999 -9999 -9999 -9999 -9999 -9999 -9999 -9999 -9999 -9999 -9999
-9999 99.548 99.555 99.563 -9999 99.578 99.586 99.596 99.605 -9999 99.668 99.626 99.516 99.452 -9999 98.929 98.836 98.688 98.561 98.445 98.333 98.22 98.109 97.997 97.886 97.775 97.663 97.552 -9999 97.327 97.256 97.259 97.111 96.909 96.789 96.661 -9999 -9999 -9999 -9999 -9999 -9999 -9999 -9999 -9999 -9999 -9999 -9999 -9999 -9999 -9999 -9999 -9999 -9999 -9999 -9999 -9999 -9999 -9999 -9999 -9999 -9999 -9999 -9999 -9999 -9999 -9999 -9999 -9999 -9999 -9999 -9999 -9999 -9999 -9999
-9999 99.524 99.532 -9999 -9999 99.556 99.502 99.451 -9999 99.594 99.615 99.579 99.536 99.473 -9999 99.062 98.919 98.778 98.66 98.551 98.442 98.331 98.219 98.108 97.997 97.886 97.775 97.665 97.555 97.444 -9999 -9999 97.052 96.951 -9999 -9999 -9999 -9999 -9999 -9999 96.357 96.284 96.216 -9999 -9999 -9999 -9999 -9999 -9999 -9999 -9999 -9999 -9999 -9999 -9999 -9999 -9999 -9999 -9999 -9999 -9999 -9999 -9999 -9999 -9999 -9999 -9999 -9999 -9999 -9999 -9999 -9999 -9999 -9999 -9999
99.491 99.499 -9999 -9999 99.525 99.534 99.438 99.489 -9999 99.574 99.588 99.556 99.501 99.401 -9999 -9999 -9999 98.872 98.763 98.658 98.551 98.442 98.331 98.219 98.108 97.998 97.888 97.779 97.654 97.5 97.324 97.11 97.062 97.1 -9999 -9999 -9999 -9999 -9999 96.606 96.529 96.406 96.355 96.321 -9999 -9999 -9999 -9999 -9999 -9999 -9999 -9999 -9999 -9999 -9999 -9999 -9999 -9999 -9999 -9999 -9999 -9999 -9999 -9999 -9999 -9999 -9999 -9999 -9999 -9999 -9999 -9999 -9999 -9999 -9999
99.465 99.473 -9999 -9999 -9999 99.51 99.48 99.442 -9999 99.555 -9999 99.547 99.485 99.402 -9999 99.207 99.086 98.971 -9999 98.765 98.663 98.555 98.444 98.331 98.22 98.11 98.002 97.895 97.771 97.682 97.555 97.54 97.472 97.259 97.151 97.053 96.977 -9999 96.845 96.778 96.674 96.554 96.519 96.488 96.4 96.305 -9999 -9999 -9999 -9999 -9999 -9999 -9999 -9999 -9999 -9999 -9999 -9999 -9999 -9999 -9999 -9999 -9999 -9999 -9999 -9999 -9999 -9999 -9999 -9999 -9999 -9999 -9999 -9999 -9999
99.437 -9999 -9999 -9999 -9999 99.486 99.471 99.482 -9999 99.535 -9999 99.546 99.503 -9999 99.347 99.258 99.168 99.073 98.971 98.874 98.775 98.667 98.555 98.443 98.362 98.333 98.209 98.06 97.952 97.812 97.757 97.658 97.501 97.398 97.269 97.11 97.031 96.924 96.879 96.857 96.721 96.534 96.545 96.64 96.553 96.463 96.365 96.258 96.159 -9999 -9999 -9999 -9999 -9999 -9999 -9999 -9999 -9999 -9999 -9999 -9999 -9999 -9999 -9999 -9999 -9999 -9999 -9999 -9999 -9999 -9999 -9999 -9999 -9999 -9999
99.408 -9999 -9999 -9999 -9999 99.461 99.472 99.484 99.499 -9999 -9999 99.542 99.516 -9999 99.37 99.295 99.222 99.149 99.073 98.981 98.883 98.775 98.665 98.555 98.477 98.34 98.233 98.187 98.102 98.103 97.963 97.748 97.645 97.535 97.416 97.371 97.212 96.944 96.961 97.04 96.917 96.873 96.879 96.783 96.699 96.612 96.52 96.419 96.305 96.21 -9999 -9999 -9999 -9999 -9999 -9999 -9999 -9999 -9999 -9999 -9999 -9999 -9999 -9999 -9999 -9999 -9999 -9999 -9999 -9999 -9999 -9999 -9999 -9999 -9999
-9999 -9999 -9999 -9999 -9999 99.434 99.446 99.46 99.477 -9999 -9999 99.517 99.517 -9999 -9999 99.323 99.26 99.2 99.132 99.064 98.982 98.878 98.773 98.667 98.545 98.436 98.359 98.256 98.214 98.133 97.964 97.834 97.742 97.671 97.604 97.546 97.133 96.395 96.488 96.664 96.747 97.067 96.985 96.918 96.837 96.752 96.663 96.562 96.438 96.289 -9999 -9999 -9999 -9999 -9999 -9999 -9999 -9999 -9999 -9999 -9999 -9999 -9999 -9999 -9999 -9999 -9999 -9999 -9999 -9999 -9999 -9999 -9999 -9999 -9999
-9999 -9999 -9999 -9999 -9999 99.406 99.419 99.436 -9999 -9999 -9999 -9999 99.515 -9999 99.424 99.356 99.293 99.232 99.174 99.113 99.041 98.966 98.881 98.777 98.667 98.559 98.454 98.353 98.262 98.159 98.054 97.978 97.899 97.811 97.748 97.689 97.295 97.279 97.256 96.972 97.094 97.003 96.983 97.047 96.967 96.879 96.775 96.657 96.527 96.383 96.241 -9999 -9999 -9999 -9999 -9999 -9999 -9999 -9999 -9999 -9999 -9999 -9999 -9999 -9999 -9999 -9999 -9999 -9999 -9999 -9999 -9999 -9999 -9999 -9999
-9999 -9999 -9999 99.352 99.364 99.377 99.392 -9999 -9999 99.451 -9999 -9999 -9999 -9999 99.46 99.392 99.328 99.267 99.207 99.147 99.086 99.02 98.938 98.85 98.762 98.669 98.567 98.469 98.37 98.279 98.198 98.113 98.026 97.952 97.893 97.817 97.71 97.475 97.215 96.937 96.978 97.25 97.276 97.277 97.153 96.964 96.853 96.73 96.604 96.466 96.356 -9999 -9999 -9999 -9999 -9999 -9999 -9999 -9999 -9999 -9999 -9999 -9999 -9999 -9999 -9999 -9999 -9999 -9999 -9999 -9999 -9999 -9999 -9999 -9999
-9999 -9999 -9999 -9999 99.333 99.346 99.363 -9999 99.407 99.427 99.368 -9999 -9999 -9999 -9999 99.431 99.366 99.304 99.244 99.184 99.121 99.047 98.97 98.893 98.815 98.731 98.647 98.564 98.483 98.403 98.322 98.241 98.172 98.132 98.048 97.937 97.717 97.483 97.364 97.469 97.55 97.426 97.357 97.198 97.073 97.019 96.908 96.795 96.672 96.54 96.442 96.315 -9999 -9999 -9999 -9999 -9999 -9999 -9999 -9999 -9999 -9999 -9999 -9999 -9999 -9999 -9999 -9999 -9999 -9999 -9999 -9999 -9999 -9999 -9999
-9999 -9999 -9999 -9999 99.301 99.314 99.333 -9999 99.38 99.403 99.348 -9999 -9999 -9999 -9999 -9999 99.41 99.346 99.285 99.222 99.147 99.072 98.996 98.922 98.828 98.699 98.644 98.622 98.525 98.39 98.34 98.337 98.289 98.211 98.105 98.012 97.845 97.754 97.763 97.671 97.579 97.536 97.391 97.246 97.172 97.07 96.964 96.851 96.73 96.607 96.518 96.414 96.266 -9999 -9999 -9999 -9999 -9999 -9999 -9999 -9999 -9999 -9999 -9999 -9999 -9999 -9999 -9999 -9999 -9999 -9999 -9999 -9999 -9999 -9999
-9999 -9999 -9999 -9999 99.308 99.271 -9999 -9999 99.353 99.376 99.312 99.229 -9999 -9999 -9999 -9999 -9999 99.392 99.327 99.251 99.173 99.098 99.025 98.952 98.861 98.813 98.761 98.666 98.582 98.567 98.518 98.417 98.347 98.243 98.149 98.057 97.966 97.875 97.785 97.693 97.632 97.551 97.426 97.318 97.219 97.117 97.011 96.899 96.78 96.666 96.583 96.48 96.345 96.213 96.071 -9999 -9999 -9999 -9999 -9999 -9999 -9999 -9999 -9999 -9999 -9999 -9999 -9999 -9999 -9999 -9999 -9999 -9999 -9999 -9999
-9999 -9999 -9999 -9999 99.291 99.216 -9999 -9999 99.319 99.349 99.297 -9999 -9999 -9999 -9999 -9999 -9999 99.441 99.361 99.28 99.203 99.128 99.055 98.984 98.928 98.863 98.771 98.671 98.641 98.604 98.527 98.47 98.373 98.279 98.188 98.098 98.008 97.918 97.857 97.847 97.732 97.556 97.455 97.359 97.206 96.954 96.804 96.571 96.363 96.188 96.586 96.47 96.339 96.21 96.08 -9999 -9999 -9999 -9999 -9999 -9999 -9999 -9999 -9999 -9999 -9999 -9999 -9999 -9999 -9999 -9999 -9999 -9999 -9999 -9999
-9999 -9999 -9999 -9999 99.231 99.153 -9999 -9999 -9999 99.326 99.358 99.379 -9999 -9999 -9999 -9999 -9999 99.474 99.396 99.313 99.235 99.16 99.088 99.018 98.98 98.989 98.894 98.794 98.729 98.634 98.582 98.5 98.404 98.313 98.225 98.137 98.049 97.959 97.938 97.923 97.759 97.587 97.491 97.394 97.232 97.17 96.907 96.538 96.361 96.7 96.566 96.436 96.309 96.182 96.056 -9999 -9999 -9999 -9999 -9999 -9999 -9999 -9999 -9999 -9999 -9999 -9999 -9999 -9999 -9999 -9999 -9999 -9999 -9999 -9999
-9999 -9999 -9999 99.339 99.28 99.089 -9999 -9999 -9999 -9999 -9999 -9999 -9999 -9999 -9999 -9999 -9999 99.471 99.381 99.167 99.137 99.197 99.125 99.058 99.029 98.961 98.853 98.719 98.671 98.694 98.626 98.527 98.434 98.347 98.197 97.934 97.91 97.996 97.944 97.85 97.716 97.625 97.527 97.425 97.339 97.219 96.809 96.392 96.821 96.664 96.533 96.405 96.279 96.155 96.032 95.89 -9999 -9999 -9999 -9999 -9999 -9999 -9999 -9999 -9999 -9999 -9999 -9999 -9999 -9999 -9999 -9999 -9999 -9999 -9999
-9999 -9999 99.266 99.346 99.213 99.024 -9999 -9999 -9999 -9999 -9999 -9999 -9999 -9999 -9999 99.426 99.456 99.453 99.393 99.448 99.408 99.237 99.175 99.132 99.054 98.962 98.891 98.912 98.874 98.744 98.649 98.552 98.463 98.379 98.223 98.19 98.174 98.03 97.935 97.839 97.77 97.742 97.617 97.45 97.335 97.216 96.859 96.954 96.774 96.63 96.501 96.374 96.251 96.129 96.008 95.868 -9999 -9999 -9999 -9999 -9999 -9999 -9999 -9999 -9999 -9999 -9999 -9999 -9999 -9999 -9999 -9999 -9999 -9999 -9999
-9999 -9999 99.065 99.002 98.92 -9999 -9999 -9999 -9999 -9999 -9999 -9999 -9999 -9999 -9999 99.414 99.419 99.237 99.324 99.413 99.231 98.898 98.828 98.73 98.762 99.01 99.012 99.007 98.901 98.778 98.672 98.576 98.495 98.431 98.374 98.276 98.157 98.06 97.919 97.704 97.651 97.575 97.475 97.47 97.326 97.15 97.088 96.898 96.731 96.598 96.469 96.344 96.222 96.102 95.983 95.846 -9999 -9999 -9999 -9999 -9999 -9999 -9999 -9999 -9999 -9999 -9999 -9999 -9999 -9999 -9999 -9999 -9999 -9999 -9999
-9999 -9999 -9999 -9999 -9999 -9999 -9999 -9999 -9999 -9999 -9999 -9999 -9999 -9999 -9999 99.385 99.325 99.351 99.396 99.365 99.202 99.157 99.151 99.262 99.297 99.067 99.043 99.006 98.916 98.799 98.693 98.597 98.517 98.43 98.352 98.282 98.183 98.082 97.945 97.912 97.816 97.692 97.628 97.486 97.327 97.221 97.031 96.848 96.698 96.566 96.439 96.315 96.194 96.076 95.959 95.823 -9999 -9999 -9999 -9999 -9999 -9999 -9999 -9999 -9999 -9999 -9999 -9999 -9999 -9999 -9999 -9999 -9999 -9999 -9999
-9999 -9999 -9999 -9999 -9999 -9999 -9999 -9999 -9999 -9999 -9999 -9999 -9999 -9999 99.327 99.347 99.307 99.162 99.155 99.18 99.188 99.226 99.318 99.338 99.185 99.127 99.081 99.029 98.941 98.82 98.756 98.78 98.694 98.628 98.569 98.514 98.359 98.094 98.056 98.03 97.892 97.719 97.58 97.444 97.356 97.164 96.975 96.803 96.666 96.535 96.409 96.286 96.166 96.049 95.933 95.8 -9999 -9999 -9999 -9999 -9999 -9999 -9999 -9999 -9999 -9999 -9999 -9999 -9999 -9999 -9999 -9999 -9999 -9999 -9999
-9999 -9999 -9999 -9999 -9999 -9999 -9999 -9999 -9999 -9999 -9999 -9999 -9999 -9999 99.288 99.307 99.241 99.265 99.269 99.246 99.312 99.421 99.402 99.263 99.237 99.19 99.136 99.075 98.966 98.842 98.866 98.963 98.79 98.46 98.397 98.321 98.156 98.099 98.07 98.057 97.89 97.706 97.553 97.409 97.298 97.107 96.924 96.77 96.635 96.505 96.379 96.257 96.138 96.021 95.907 95.775 -9999 -9999 -9999 -9999 -9999 -9999 -9999 -9999 -9999 -9999 -9999 -9999 -9999 -9999 -9999 -9999 -9999 -9999 -9999
-9999 -9999 -9999 -9999 -9999 -9999 -9999 -9999 -9999 -9999 -9999 -9999 -9999 99.207 99.243 99.263 99.281 99.28 99.257 99.228 99.31 99.378 99.298 99.252 99.243 99.234 99.206 99.123 99.024 98.98 99.019 99.054 98.749 98.436 98.367 98.314 98.229 98.099 98.048 97.951 97.809 97.71 97.562 97.434 97.241 97.052 96.88 96.739 96.605 96.475 96.349 96.228 96.109 95.99 95.867 95.734 95.597 -9999 -9999 -9999 -9999 -9999 -9999 -9999 -9999 -9999 -9999 -9999 -9999 -9999 -9999 -9999 -9999 -9999 -9999
-9999 -9999 -9999 -9999 -9999 -9999 -9999 -9999 -9999 -9999 -9999 -9999 99.123 99.165 99.198 99.221 99.235 99.235 99.22 99.221 99.349 99.601 99.481 99.221 99.226 99.232 99.206 99.133 99.063 98.946 98.918 98.862 98.623 98.467 98.401 98.332 98.213 98.098 98.003 97.907 97.81 97.711 97.575 97.378 97.185 97.002 96.849 96.709 96.573 96.44 96.312 96.185 96.058 95.933 95.809 95.686 95.561 -9999 -9999 -9999 -9999 -9999 -9999 -9999 -9999 -9999 -9999 -9999 -9999 -9999 -9999 -9999 -9999 -9999 -9999
-9999 -9999 -9999 -9999 -9999 -9999 -9999 -9999 -9999 -9999 -9999 -9999 99.083 99.118 99.15 99.18 99.198 99.205 99.205 99.204 99.386 99.524 99.334 99.189 99.19 99.185 99.165 99.094 98.987 98.878 98.806 98.709 98.573 98.474 98.389 98.295 98.191 98.097 98.002 97.907 97.81 97.698 97.52 97.323 97.13 96.954 96.802 96.658 96.518 96.381 96.242 96.112 95.984 95.859 95.738 95.619 95.503 -9999 -9999 -9999 -9999 -9999 -9999 -9999 -9999 -9999 -9999 -9999 -9999 -9999 -9999 -9999 -9999 -9999 -9999
-9999 -9999 -9999 -9999 -9999 -9999 -9999 -9999 -9999 -9999 -9999 98.993 99.038 99.071 99.103 99.134 99.16 99.175 99.173 99.169 99.263 99.322 99.221 99.156 99.151 99.146 99.118 99.032 98.925 98.825 98.731 98.636 98.545 98.457 98.37 98.283 98.192 98.097 98.002 97.906 97.808 97.666 97.453 97.245 97.052 96.886 96.729 96.58 96.436 96.295 96.161 96.032 95.907 95.786 95.668 95.554 95.442 95.345 -9999 -9999 -9999 -9999 -9999 -9999 -9999 -9999 -9999 -9999 -9999 -9999 -9999 -9999 -9999 -9999 -9999
-9999 -9999 -9999 -9999 -9999 -9999 -9999 -9999 -9999 -9999 98.9 -9999 98.99 99.024 99.057 99.088 99.119 99.137 99.141 99.139 99.18 99.208 99.16 99.123 99.117 99.11 99.071 98.971 98.862 98.761 98.666 98.577 98.489 98.403 98.337 98.302 98.195 98.054 97.963 97.866 97.742 97.545 97.327 97.124 96.952 96.79 96.636 96.489 96.348 96.212 96.082 95.956 95.834 95.717 95.603 95.493 95.384 95.286 -9999 -9999 -9999 -9999 -9999 -9999 -9999 -9999 -9999 -9999 -9999 -9999 -9999 -9999 -9999 -9999 -9999
