Validation/Results/raw data/ReClimate_11_2023_2_Temperature-Actualsweatherlogisticsltd.asc
NCOLS 192
NROWS 249
XLLCENTER -225160.85627316462
YLLCENTER 29788.11610251502
CELLSIZE 5000.0
NODATA_VALUE -9999
[rows 170 to 203 of 249, columns 77 to 153 of 192]
-9999 -9999 -9999 -9999 -9999 -9999 -9999 -9999 -9999 -9999 -9999 -9999 -9999 -9999 -9999 7.264 7.042 -9999 -9999 -9999 -9999 -9999 -9999 -9999 -9999 -9999 -9999 -9999 -9999 -9999 -9999 -9999 -9999 -9999 6.399 6.561 6.384 6.247 6.015 6.069 6.194 6.215 6.233 6.361 6.449 6.412 6.142 5.666 4.898 4.181 3.531 3.74 3.729 4.138 5.101 5.521 5.732 5.417 5.341 5.466 5.616 5.581 5.582 5.547 5.519 5.498 5.383 5.325 5.413 5.47 5.406 5.036 4.961 4.929 5.216 5.499 5.664
-9999 -9999 -9999 -9999 -9999 -9999 -9999 -9999 -9999 -9999 -9999 -9999 -9999 -9999 -9999 6.98 6.727 6.747 -9999 -9999 -9999 -9999 -9999 -9999 -9999 -9999 -9999 -9999 -9999 -9999 -9999 -9999 -9999 6.538 6.599 6.536 6.457 6.221 6.22 6.207 6.292 6.206 6.206 6.237 6.255 6.188 6.052 5.723 5.147 4.187 3.473 3.888 4.328 4.399 4.952 5.803 5.908 5.692 5.277 5.348 5.571 5.562 5.478 5.385 5.403 5.452 5.42 5.303 5.36 5.443 5.45 5.214 4.94 4.983 5.148 5.476 5.667
-9999 -9999 -9999 -9999 -9999 -9999 -9999 -9999 -9999 -9999 -9999 -9999 -9999 -9999 7.269 6.87 6.509 6.661 7.094 -9999 -9999 -9999 -9999 -9999 -9999 -9999 -9999 -9999 -9999 -9999 6.663 -9999 -9999 6.519 6.324 6.5 6.487 6.382 -9999 6.159 6.088 6.025 6.03 5.943 6.028 5.963 5.854 5.464 4.87 5.096 4.124 4.373 4.834 4.287 5.02 5.429 5.77 5.688 5.411 5.4 5.503 5.568 5.42 5.308 5.381 5.46 5.472 5.361 5.351 5.437 5.41 5.329 5.061 4.929 5.021 5.393 5.613
-9999 -9999 -9999 -9999 -9999 -9999 -9999 -9999 -9999 -9999 -9999 -9999 -9999 -9999 7.304 6.856 6.645 6.665 7.005 7.273 7.545 -9999 -9999 -9999 6.918 7.05 -9999 6.861 6.762 6.649 5.911 6.042 -9999 -9999 6.42 6.407 -9999 -9999 6.189 6.006 6.171 6.313 6.107 5.885 5.769 5.728 5.538 5.005 4.382 4.625 4.492 4.294 4.467 4.399 4.545 5.474 5.58 5.487 5.253 5.391 5.464 5.495 5.45 5.309 5.394 5.479 5.484 5.414 5.365 5.452 5.414 5.357 5.202 5.033 4.901 5.103 5.431
-9999 -9999 -9999 -9999 -9999 -9999 -9999 -9999 -9999 -9999 -9999 -9999 -9999 -9999 -9999 7.131 6.84 6.796 7.004 7.096 -9999 -9999 5.465 5.315 6.452 5.955 6.056 6.072 6.503 6.273 6.03 5.715 5.776 -9999 6.403 6.415 6.355 6.286 5.868 5.65 6.056 6.41 6.225 5.898 5.761 5.608 5.418 4.771 3.965 4.11 4.323 4.521 4.748 4.596 4.69 5.152 5.494 5.455 5.298 5.384 5.462 5.461 5.413 5.39 5.459 5.517 5.432 5.227 5.328 5.502 5.468 5.405 5.303 5.166 5.125 5.11 5.177
-9999 -9999 -9999 -9999 -9999 -9999 -9999 -9999 -9999 -9999 -9999 -9999 -9999 -9999 -9999 7.327 7.127 7.206 7.176 7.098 6.983 5.833 3.933 5.848 6.226 5.426 5.759 5.43 5.78 6.19 5.935 5.13 5.663 5.868 6.196 6.376 6.269 6.079 5.741 5.62 5.928 6.187 6.113 5.947 5.774 5.602 5.321 4.511 4.036 3.809 4.121 4.189 4.826 4.95 4.679 4.957 5.298 5.343 5.347 5.405 5.422 5.445 5.427 5.409 5.556 5.54 5.514 5.453 5.347 5.532 5.526 5.459 5.376 5.221 5.049 5.162 5.328
-9999 -9999 -9999 -9999 -9999 -9999 -9999 -9999 -9999 -9999 -9999 -9999 -9999 -9999 -9999 -9999 7.45 7.469 7.203 6.633 5.692 3.321 3.878 5.522 5.427 5.537 4.991 4.822 5.075 5.406 5.611 5.774 5.124 5.705 6.063 6.089 6.195 6.127 5.88 5.807 5.913 6.037 6.048 5.872 5.714 5.55 5.133 4.6 4.03 3.896 4.299 4.163 4.382 5.203 4.917 4.942 5.259 5.23 5.325 5.47 5.457 5.421 5.416 5.449 5.606 5.613 5.601 5.481 5.456 5.532 5.548 5.494 5.392 5.303 5.257 5.234 5.31
-9999 -9999 -9999 -9999 -9999 -9999 -9999 -9999 -9999 -9999 -9999 -9999 -9999 -9999 -9999 -9999 -9999 -9999 6.76 5.766 4.624 4.002 4.386 5.719 5.757 5.069 4.439 4.252 4.345 5.217 5.969 5.588 4.939 5.401 5.925 6.119 6.302 6.181 5.971 5.8 5.852 5.891 5.873 5.819 5.683 5.398 4.853 4.515 4.307 3.924 4.219 4.137 4.086 4.623 5.21 5.124 5.429 5.286 5.13 5.335 5.455 5.533 5.531 5.569 5.645 5.65 5.633 5.608 5.42 5.469 5.505 5.481 5.44 5.398 5.38 5.351 5.303
-9999 -9999 -9999 -9999 -9999 -9999 -9999 -9999 -9999 -9999 -9999 -9999 -9999 -9999 -9999 -9999 -9999 7.329 6.363 5.717 5.305 4.415 5.395 5.897 5.436 5.227 4.599 4.078 4.46 4.656 5.449 5.253 4.7 5.02 5.567 6.21 6.301 6.217 5.906 5.744 5.753 5.795 5.826 5.777 5.558 5.099 4.861 4.92 4.628 4.168 4.376 4.412 4.514 4.682 4.822 5.26 5.361 5.319 5.269 5.266 5.452 5.465 5.621 5.694 5.701 5.664 5.639 5.426 5.386 5.446 5.519 5.495 5.484 5.484 5.47 5.432 5.418
-9999 -9999 -9999 -9999 -9999 -9999 -9999 -9999 -9999 -9999 -9999 -9999 -9999 -9999 -9999 -9999 7.314 5.707 6.1 5.678 5.196 5.317 4.164 4.53 4.845 4.731 4.128 4.567 4.405 4.898 5.308 4.619 4.255 4.872 5.576 6.19 6.36 6.219 5.862 5.846 5.876 5.837 5.84 5.659 5.318 5.229 5.096 4.7 4.512 4.419 4.273 4.708 4.861 5.011 5.172 5.187 5.475 5.407 5.437 5.429 5.492 5.689 5.552 5.694 5.725 5.639 5.573 5.368 5.255 5.432 5.482 5.498 5.501 5.509 5.495 5.526 5.597
-9999 -9999 -9999 -9999 -9999 -9999 -9999 -9999 -9999 -9999 -9999 -9999 -9999 -9999 -9999 7.191 5.89 6.439 6.426 6.067 6.104 5.376 5.083 4.777 4.412 4.135 4.182 4.315 4.513 5.172 4.779 4.816 5.428 5.589 6.017 6.105 6.271 6.117 5.915 5.9 5.861 5.857 5.656 5.34 5.384 5.301 5.126 4.7 4.673 5.086 4.957 4.895 5.084 5.161 5.283 5.376 5.42 5.576 5.62 5.745 5.807 5.86 5.828 5.686 5.68 5.631 5.558 5.36 5.263 5.443 5.493 5.464 5.473 5.475 5.511 5.555 5.623
-9999 -9999 -9999 -9999 -9999 -9999 -9999 -9999 -9999 -9999 -9999 -9999 -9999 7.052 7.199 6.827 6.909 7.118 7.082 6.722 6.79 6.297 5.583 4.927 4.316 3.556 4.772 4.879 5.231 5.108 4.339 4.593 5.002 5.69 5.935 6.019 6.082 5.977 5.852 5.769 5.81 5.718 5.469 5.323 5.231 5.415 5.147 4.842 4.958 5.114 5.237 5.279 5.314 5.426 5.505 5.687 5.647 5.663 5.923 6.066 6.074 5.921 5.812 5.736 5.645 5.545 5.506 5.284 5.198 5.406 5.491 5.449 5.427 5.454 5.493 5.513 -9999
-9999 -9999 -9999 -9999 -9999 -9999 -9999 -9999 -9999 -9999 -9999 -9999 6.911 6.967 6.952 7.152 -9999 -9999 -9999 -9999 6.29 5.361 5.118 4.845 4.115 4.912 5.005 4.46 4.808 4.232 3.149 3.909 4.742 5.142 5.785 6.098 5.998 5.89 5.825 5.787 5.761 5.678 5.478 5.369 5.255 5.342 5.174 5.12 5.163 5.257 5.45 5.511 5.526 5.694 5.749 5.869 6.0 5.919 6.015 6.109 6.017 5.878 5.75 5.634 5.483 5.395 5.368 5.269 5.169 5.295 5.448 5.469 5.442 5.442 5.476 5.491 5.547
-9999 -9999 -9999 -9999 -9999 -9999 -9999 -9999 -9999 -9999 -9999 -9999 6.937 6.815 7.318 -9999 -9999 -9999 -9999 -9999 6.104 5.389 4.933 5.124 4.532 4.675 4.324 3.864 4.01 3.677 3.714 4.97 5.026 5.535 6.008 6.155 6.031 5.875 5.771 5.655 5.614 5.638 5.509 5.368 5.362 5.295 5.375 5.358 5.451 5.278 5.26 5.346 5.521 5.695 5.791 5.887 5.897 5.934 5.941 5.901 5.798 5.574 5.553 5.348 5.156 5.1 5.201 5.235 5.195 5.282 5.413 5.513 5.486 5.463 5.462 5.447 5.461
-9999 -9999 -9999 -9999 -9999 -9999 -9999 -9999 -9999 -9999 -9999 -9999 -9999 -9999 7.492 -9999 -9999 -9999 -9999 -9999 6.029 5.256 5.476 5.195 4.909 4.917 3.872 4.072 4.729 4.061 4.786 5.061 5.294 5.848 6.168 6.197 5.901 5.808 5.704 5.643 5.755 5.679 5.599 5.529 5.422 5.463 5.539 5.621 5.548 5.512 5.421 5.327 5.498 5.552 5.419 5.56 5.698 5.738 5.884 5.784 5.533 5.258 5.132 5.262 5.117 5.027 5.079 5.185 5.209 5.28 5.421 5.556 5.559 5.525 5.517 5.49 5.508
-9999 -9999 -9999 -9999 -9999 -9999 -9999 -9999 -9999 -9999 -9999 -9999 -9999 -9999 -9999 -9999 -9999 -9999 -9999 -9999 6.393 5.812 6.533 5.843 5.184 4.157 4.381 4.371 4.229 4.94 5.008 5.141 5.909 6.119 6.301 6.13 5.974 5.842 5.862 5.881 5.874 5.808 5.705 5.629 5.58 5.535 5.602 5.594 5.422 5.58 5.688 5.594 5.482 5.568 5.353 5.226 5.434 5.404 5.572 5.722 5.518 5.377 5.23 5.199 5.273 5.167 5.106 5.225 5.317 5.361 5.456 5.589 5.604 5.589 5.573 5.571 5.592
-9999 -9999 -9999 -9999 -9999 -9999 -9999 -9999 -9999 -9999 -9999 -9999 -9999 -9999 -9999 -9999 -9999 -9999 -9999 -9999 -9999 6.416 5.241 4.842 4.769 5.001 4.908 4.543 5.115 5.188 5.553 5.969 5.831 6.234 6.181 5.861 5.844 5.891 6.028 6.107 6.011 5.821 5.731 5.568 5.519 5.531 5.647 5.52 5.291 5.382 5.657 5.714 5.62 5.515 5.462 5.321 5.243 5.065 5.084 5.523 5.618 5.438 5.251 5.033 5.035 5.239 5.218 5.297 5.423 5.545 5.564 5.641 5.65 5.642 5.641 5.649 5.668
-9999 -9999 -9999 -9999 -9999 -9999 -9999 -9999 -9999 -9999 -9999 -9999 -9999 -9999 -9999 -9999 -9999 -9999 -9999 -9999 6.492 5.942 5.417 4.565 5.349 5.412 4.86 5.088 5.139 5.129 5.93 5.852 5.808 6.006 5.134 5.664 5.905 5.908 5.874 6.049 5.827 5.442 5.435 5.562 5.634 5.536 5.64 5.58 5.466 5.442 5.625 5.696 5.678 5.591 5.47 5.425 5.272 5.216 5.215 5.422 5.43 5.241 5.05 4.863 4.869 5.157 5.373 5.43 5.563 5.661 5.689 5.702 5.72 5.706 5.711 5.74 5.747
-9999 -9999 -9999 -9999 -9999 -9999 -9999 -9999 -9999 -9999 -9999 -9999 -9999 -9999 -9999 -9999 -9999 -9999 -9999 -9999 6.687 6.186 4.6 5.834 6.24 5.604 5.371 5.042 4.565 5.16 5.871 5.827 6.047 5.668 5.71 5.731 5.598 5.557 5.913 5.873 5.634 5.59 5.602 5.791 5.643 5.526 5.619 5.598 5.666 5.65 5.671 5.712 5.697 5.672 5.606 5.522 5.417 5.249 5.335 5.405 5.236 4.898 4.697 4.791 4.869 5.006 5.288 5.522 5.573 5.693 5.688 5.69 5.768 5.796 5.805 5.836 5.857
-9999 -9999 -9999 -9999 -9999 -9999 -9999 -9999 -9999 -9999 -9999 -9999 -9999 -9999 -9999 -9999 -9999 -9999 -9999 -9999 6.492 5.843 6.428 6.259 5.985 5.622 5.12 4.342 4.625 4.851 5.502 5.792 6.107 5.985 5.666 5.137 4.85 5.046 5.602 5.418 5.578 5.544 5.734 5.884 5.688 5.632 5.668 5.715 5.813 5.69 5.631 5.717 5.72 5.543 5.606 5.611 5.52 5.421 5.437 5.419 5.174 4.907 4.802 4.859 5.042 5.214 5.363 5.436 5.541 5.633 5.773 5.713 5.803 5.857 5.874 5.911 5.909
-9999 -9999 -9999 -9999 -9999 -9999 -9999 -9999 -9999 -9999 -9999 -9999 -9999 -9999 -9999 -9999 -9999 -9999 -9999 -9999 -9999 6.697 5.729 5.201 4.586 4.467 4.501 4.782 5.058 5.615 5.756 5.954 5.881 5.824 5.621 5.284 5.003 4.998 5.232 5.495 5.486 5.376 5.663 5.854 5.691 5.826 5.794 5.71 6.001 6.028 5.829 5.787 5.769 5.529 5.415 5.628 5.56 5.489 5.494 5.426 5.185 5.045 5.085 5.228 5.259 5.371 5.398 5.384 5.531 5.668 5.725 5.755 5.856 5.917 5.911 5.922 5.927
-9999 -9999 -9999 -9999 -9999 -9999 -9999 -9999 -9999 -9999 -9999 -9999 -9999 -9999 -9999 -9999 -9999 -9999 -9999 -9999 -9999 6.257 5.297 4.567 3.964 3.827 4.26 5.018 5.612 5.646 5.311 4.9 4.666 4.765 5.246 5.535 5.166 5.147 5.326 5.476 5.059 5.289 5.552 5.646 5.669 5.874 5.796 5.839 5.832 5.986 6.011 5.876 5.78 5.643 5.532 5.638 5.655 5.472 5.367 5.302 5.149 5.11 5.234 5.171 5.204 5.225 5.367 5.326 5.466 5.612 5.624 5.733 5.879 5.923 5.893 5.851 5.827
-9999 -9999 -9999 -9999 -9999 -9999 -9999 -9999 -9999 -9999 -9999 -9999 -9999 -9999 -9999 -9999 -9999 -9999 -9999 -9999 6.703 6.297 5.299 4.54 4.12 4.329 4.725 5.111 4.794 4.105 4.379 4.315 4.444 5.159 5.478 5.327 5.254 5.441 5.541 5.182 5.11 5.209 5.486 5.632 5.692 5.948 5.828 5.634 5.824 5.742 5.841 5.824 5.771 5.672 5.687 5.797 5.731 5.599 5.502 5.335 5.261 5.102 5.182 5.199 5.208 5.295 5.322 5.457 5.542 5.562 5.571 5.721 5.909 5.922 5.916 5.857 5.788
-9999 -9999 -9999 -9999 -9999 -9999 -9999 -9999 -9999 -9999 -9999 -9999 -9999 -9999 -9999 -9999 -9999 -9999 -9999 -9999 6.648 6.068 5.581 5.149 4.634 4.07 4.313 4.502 4.339 4.361 4.113 4.028 4.48 5.155 4.847 4.902 5.474 5.279 5.629 5.332 5.101 5.068 5.656 5.649 6.004 6.017 5.812 5.677 5.332 5.574 5.61 5.659 5.65 5.613 5.716 5.836 5.813 5.715 5.647 5.584 5.309 5.174 5.116 5.151 5.219 5.446 5.508 5.563 5.603 5.57 5.585 5.731 5.81 5.899 5.906 5.887 5.808
-9999 -9999 -9999 -9999 -9999 -9999 -9999 -9999 -9999 -9999 -9999 -9999 -9999 -9999 -9999 -9999 -9999 -9999 -9999 -9999 6.297 6.333 6.291 5.514 4.491 3.962 4.272 4.445 4.635 4.275 4.361 4.567 4.819 4.764 4.872 5.47 5.495 5.528 5.189 5.574 5.435 5.659 5.623 5.67 5.994 6.102 5.931 5.551 5.612 5.536 5.511 5.563 5.568 5.682 5.735 5.759 5.713 5.66 5.67 5.589 5.365 5.184 5.296 5.419 5.328 5.483 5.552 5.66 5.638 5.579 5.701 5.854 5.917 5.964 6.026 5.969 5.943
-9999 -9999 -9999 -9999 -9999 -9999 -9999 -9999 -9999 -9999 -9999 -9999 -9999 -9999 -9999 -9999 -9999 -9999 -9999 6.351 6.19 5.685 5.697 5.426 4.487 4.318 3.979 4.424 5.021 4.965 5.038 4.742 4.721 5.096 5.06 5.123 5.513 5.457 5.78 5.896 5.895 5.824 5.682 5.903 6.088 6.107 6.037 5.916 5.792 5.789 5.658 5.636 5.61 5.679 5.775 5.763 5.736 5.762 5.693 5.545 5.436 5.38 5.515 5.601 5.578 5.551 5.701 5.624 5.661 5.631 5.661 5.822 5.946 5.954 5.985 5.978 6.012
-9999 -9999 -9999 -9999 -9999 -9999 -9999 -9999 -9999 -9999 -9999 -9999 -9999 -9999 -9999 -9999 -9999 -9999 6.18 6.119 5.524 5.731 5.721 4.781 4.172 4.025 4.274 4.687 5.071 4.887 4.986 4.744 4.344 4.964 4.921 5.557 5.752 5.932 5.949 5.833 5.668 5.708 5.639 5.966 6.042 6.255 6.215 6.056 5.898 5.854 5.861 5.711 5.694 5.826 5.875 5.786 5.714 5.687 5.649 5.541 5.518 5.545 5.624 5.737 5.793 5.833 5.684 5.604 5.615 5.673 5.718 5.837 5.859 5.812 5.782 5.825 5.972
-9999 -9999 -9999 -9999 -9999 -9999 -9999 -9999 -9999 -9999 -9999 -9999 -9999 -9999 -9999 -9999 5.765 5.897 5.791 6.248 6.121 5.914 5.326 4.432 4.054 3.952 3.853 4.539 4.822 5.239 4.996 4.521 4.548 5.079 5.553 5.708 5.998 6.035 6.019 5.651 5.521 5.558 5.874 6.203 6.297 6.296 6.227 6.049 5.948 5.939 5.947 5.812 5.828 5.898 5.992 5.75 5.614 5.479 5.356 5.391 5.484 5.696 5.774 5.785 5.691 5.765 5.72 5.698 5.667 5.688 5.757 5.883 5.945 5.747 5.67 5.731 5.927
-9999 -9999 -9999 -9999 -9999 -9999 -9999 -9999 -9999 -9999 -9999 -9999 -9999 -9999 -9999 5.801 5.588 5.233 5.589 5.983 5.943 5.662 4.691 4.595 4.137 4.041 4.409 5.016 5.47 5.407 5.285 4.803 4.353 4.953 5.467 5.896 5.926 5.971 5.717 5.806 5.594 5.656 6.062 6.318 6.488 6.452 6.214 6.169 5.993 5.979 6.049 5.994 5.917 5.905 5.806 5.804 5.581 5.524 5.43 5.273 5.323 5.462 5.616 5.664 5.63 5.683 5.785 5.702 5.858 5.894 5.896 5.954 5.905 5.778 5.666 5.77 5.941
-9999 -9999 -9999 -9999 -9999 -9999 -9999 -9999 -9999 -9999 -9999 -9999 7.204 6.633 6.213 5.866 5.311 5.295 5.591 6.043 6.058 5.074 4.916 4.781 4.975 4.229 4.929 5.125 4.801 5.326 5.515 4.289 4.893 5.451 6.187 6.172 6.002 5.563 6.15 6.006 5.929 5.94 6.009 6.341 6.496 6.555 6.386 6.314 6.13 5.996 6.077 6.057 6.031 5.862 5.74 5.444 5.552 5.597 5.562 5.402 5.387 5.49 5.609 5.71 5.665 5.713 5.735 5.834 5.899 5.983 5.922 5.96 5.971 5.867 5.867 5.897 5.96
-9999 -9999 -9999 -9999 -9999 -9999 -9999 -9999 -9999 -9999 6.729 6.864 6.784 6.545 6.341 5.927 5.938 5.788 6.087 5.926 5.118 5.455 5.333 5.297 5.371 4.849 4.708 4.051 4.6 5.029 4.962 5.273 5.665 6.138 5.568 5.801 6.055 6.223 6.311 6.28 6.15 6.145 6.278 6.246 6.475 6.647 6.537 6.417 6.294 6.206 6.175 5.947 6.027 6.012 5.74 5.539 5.384 5.595 5.571 5.422 5.358 5.405 5.506 5.724 5.844 5.881 5.834 5.79 5.941 5.902 5.832 5.929 6.033 5.994 5.949 5.924 5.889
-9999 -9999 -9999 -9999 -9999 -9999 6.943 6.843 6.806 6.769 6.245 6.774 6.538 6.517 6.245 5.978 5.99 6.006 5.953 5.28 5.556 5.825 5.352 5.754 5.46 4.995 4.195 4.417 4.821 5.108 5.077 5.686 6.092 5.064 5.139 5.822 5.907 6.294 6.32 6.368 6.231 6.029 6.23 6.111 6.599 6.653 6.565 6.319 6.211 6.252 5.751 5.876 5.973 6.015 5.752 5.437 5.421 5.528 5.546 5.534 5.476 5.489 5.555 5.739 5.824 5.895 5.934 5.818 5.82 5.891 5.869 6.038 6.187 6.064 5.747 5.683 5.602
-9999 -9999 -9999 -9999 -9999 7.37 6.922 6.846 6.642 5.833 5.553 5.695 5.95 6.196 5.676 5.545 5.695 5.707 5.401 5.755 5.825 5.53 5.919 6.061 5.648 5.007 4.574 4.85 5.11 5.183 5.494 5.836 4.921 3.891 4.985 5.656 6.166 6.127 6.258 6.107 6.16 6.29 6.313 6.501 6.597 6.597 6.579 6.326 6.145 5.843 5.528 5.325 5.776 5.892 5.474 5.322 5.387 5.515 5.594 5.554 5.565 5.582 5.694 5.692 5.732 5.821 5.741 5.677 5.801 5.88 5.917 6.064 6.171 5.975 5.686 5.497 5.502
-9999 -9999 -9999 -9999 7.739 7.116 6.786 6.686 6.243 5.725 5.808 6.035 6.242 5.777 5.665 5.638 6.053 5.636 5.536 5.86 5.906 6.055 6.452 6.015 5.255 4.831 5.056 5.305 5.318 5.806 5.968 5.659 4.319 4.382 5.027 6.117 5.977 6.081 5.991 6.306 6.389 6.296 6.407 6.487 6.593 6.639 6.697 6.452 6.18 5.757 5.328 5.372 5.6 5.654 5.403 5.125 5.308 5.487 5.556 5.635 5.638 5.688 5.695 5.705 5.609 5.676 5.762 5.669 5.749 5.756 5.64 5.832 6.011 5.866 5.632 5.574 5.571
