Validation/Results/raw data/ReClimate_05_2024_2_Temperatureweatherlogisticsltd.asc
NCOLS 192
NROWS 249
XLLCENTER -225160.85627316462
YLLCENTER 29788.11610251502
CELLSIZE 5000.0
NODATA_VALUE -9999
[rows 204 to 237 of 249, columns 75 to 149 of 192]
-9999 -9999 -9999 -9999 -0.753 -9999 -0.785 -0.8 -0.812 -0.824 -0.839 -0.855 -0.849 -0.837 -0.843 -0.851 -0.837 -0.821 -0.831 -0.845 -0.853 -0.859 -0.861 -0.86 -0.866 -0.871 -0.88 -0.887 -0.879 -0.868 -0.864 -0.857 -0.866 -0.876 -0.872 -0.866 -0.868 -0.869 -0.865 -0.86 -0.855 -0.849 -0.844 -0.841 -0.84 -0.837 -0.849 -0.862 -0.853 -0.84 -0.837 -0.827 -0.82 -0.811 -0.807 -0.803 -0.786 -0.767 -0.751 -0.733 -0.718 -0.702 -0.684 -0.666 -0.654 -0.644 -0.621 -0.594 -0.584 -0.573 -0.571 -0.569 -0.559 -0.547 -0.523
-9999 -9999 -9999 -9999 -9999 -9999 -9999 -9999 -0.825 -0.829 -0.839 -0.843 -0.838 -0.834 -0.838 -0.842 -0.833 -0.829 -0.833 -0.835 -0.84 -0.855 -0.859 -0.863 -0.868 -0.868 -0.873 -0.869 -0.867 -0.876 -0.871 -0.859 -0.87 -0.883 -0.878 -0.866 -0.867 -0.866 -0.864 -0.861 -0.858 -0.851 -0.849 -0.847 -0.845 -0.839 -0.849 -0.854 -0.845 -0.834 -0.835 -0.835 -0.826 -0.818 -0.805 -0.796 -0.784 -0.767 -0.751 -0.732 -0.709 -0.688 -0.686 -0.682 -0.669 -0.662 -0.636 -0.606 -0.604 -0.599 -0.587 -0.58 -0.574 -0.564 -0.547
-9999 -9999 -9999 -9999 -9999 -9999 -9999 -9999 -0.828 -0.831 -0.835 -0.838 -0.838 -0.833 -0.835 -0.838 -0.835 -0.832 -0.831 -0.829 -0.837 -0.846 -0.852 -0.857 -0.859 -0.86 -0.858 -0.854 -0.863 -0.872 -0.864 -0.853 -0.865 -0.878 -0.87 -0.859 -0.859 -0.858 -0.858 -0.856 -0.853 -0.849 -0.847 -0.846 -0.842 -0.836 -0.84 -0.845 -0.838 -0.827 -0.832 -0.834 -0.826 -0.817 -0.805 -0.791 -0.779 -0.765 -0.75 -0.731 -0.709 -0.683 -0.684 -0.692 -0.684 -0.675 -0.65 -0.619 -0.618 -0.617 -0.607 -0.595 -0.589 -0.582 -0.565
-9999 -9999 -9999 -9999 -9999 -9999 -0.794 -0.812 -0.818 -0.832 -9999 -0.835 -0.835 -0.829 -0.828 -0.829 -0.822 -9999 -0.816 -0.829 -0.832 -0.836 -0.837 -0.842 -0.845 -0.845 -0.847 -0.851 -0.857 -0.856 -0.851 -0.847 -0.859 -0.869 -0.86 -0.845 -0.843 -0.837 -0.841 -0.851 -0.851 -0.852 -0.848 -0.834 -0.832 -0.833 -0.832 -0.821 -0.822 -0.837 -0.827 -0.821 -0.816 -0.807 -0.802 -0.792 -0.772 -0.753 -0.751 -0.741 -0.721 -0.7 -0.691 -0.693 -0.685 -0.676 -0.667 -0.648 -0.643 -0.642 -0.631 -0.62 -0.609 -0.6 -0.589
-9999 -9999 -9999 -9999 -9999 -9999 -0.799 -9999 -9999 -9999 -0.834 -0.834 -0.834 -9999 -9999 -9999 -9999 -9999 -0.813 -0.828 -0.829 -0.83 -0.83 -0.831 -0.832 -0.833 -0.839 -0.844 -0.844 -0.843 -0.842 -0.839 -0.848 -0.858 -0.847 -0.834 -0.83 -0.824 -0.834 -0.844 -0.847 -0.848 -0.838 -0.825 -0.827 -0.828 -0.819 -0.808 -0.821 -0.836 -0.827 -0.813 -0.808 -0.801 -0.796 -0.79 -0.771 -0.747 -0.745 -0.743 -0.728 -0.711 -0.705 -0.699 -0.691 -0.682 -0.674 -0.665 -0.662 -0.658 -0.649 -0.638 -0.628 -0.617 -0.606
-9999 -9999 -9999 -9999 -9999 -9999 -9999 -9999 -0.808 -0.818 -0.819 -0.824 -0.823 -9999 -9999 -9999 -9999 -9999 -9999 -9999 -9999 -0.828 -0.827 -0.833 -0.829 -0.822 -0.827 -0.83 -0.833 -0.838 -0.835 -0.825 -0.832 -0.837 -0.833 -0.842 -0.837 -0.824 -0.831 -0.833 -0.833 -0.83 -0.824 -0.825 -0.826 -0.824 -0.82 -0.823 -0.829 -0.822 -0.815 -0.804 -0.806 -0.801 -0.787 -0.776 -0.768 -0.752 -0.745 -0.743 -0.739 -0.73 -0.725 -0.72 -0.709 -0.699 -0.692 -0.684 -0.68 -0.677 -0.669 -0.659 -0.661 -0.657 -0.63
-9999 -9999 -9999 -9999 -9999 -9999 -9999 -9999 -9999 -0.812 -9999 -9999 -9999 -9999 -9999 -9999 -9999 -9999 -9999 -0.804 -0.811 -0.826 -0.83 -0.834 -0.825 -0.816 -0.816 -0.817 -0.824 -0.829 -0.823 -0.813 -0.818 -0.822 -0.831 -0.84 -0.832 -0.82 -0.822 -0.823 -0.821 -0.817 -9999 -0.82 -0.819 -0.817 -0.821 -0.824 -0.819 -0.812 -0.805 -0.796 -0.8 -0.799 -0.785 -0.769 -0.761 -0.755 -0.751 -0.747 -0.745 -0.741 -0.737 -0.733 -0.722 -0.71 -0.705 -0.698 -0.694 -0.691 -0.683 -0.674 -0.677 -0.679 -0.654
-9999 -9999 -9999 -9999 -9999 -9999 -9999 -9999 -9999 -9999 -9999 -9999 -9999 -9999 -9999 -9999 -9999 -9999 -9999 -0.799 -0.808 -0.818 -0.816 -9999 -9999 -9999 -0.804 -0.815 -0.816 -0.816 -0.814 -0.815 -0.825 -0.841 -0.843 -0.826 -0.822 -0.825 -0.824 -0.813 -0.814 -9999 -0.823 -0.813 -0.812 -0.807 -0.811 -0.817 -0.813 -0.808 -0.807 -0.813 -0.801 -0.794 -0.779 -0.764 -0.764 -0.763 -0.763 -0.762 -0.753 -0.745 -0.76 -0.767 -0.741 -0.721 -0.718 -0.713 -0.707 -0.702 -0.696 -0.688 -0.681 -0.677 -0.67
-9999 -9999 -9999 -9999 -9999 -9999 -9999 -9999 -9999 -9999 -9999 -9999 -9999 -9999 -9999 -9999 -9999 -9999 -9999 -9999 -9999 -9999 -9999 -9999 -9999 -9999 -0.804 -0.814 -0.811 -0.807 -0.808 -0.81 -0.825 -0.843 -0.832 -0.816 -0.819 -0.822 -0.815 -9999 -9999 -0.822 -0.815 -0.806 -0.803 -0.798 -0.803 -0.809 -0.806 -0.801 -0.807 -0.814 -0.804 -0.791 -0.781 -0.766 -0.768 -0.771 -0.771 -0.772 -0.763 -0.752 -0.766 -0.784 -0.76 -0.73 -0.727 -0.724 -0.718 -0.711 -0.706 -0.699 -0.692 -0.683 -0.675
-9999 -9999 -9999 -9999 -9999 -9999 -9999 -9999 -9999 -9999 -9999 -9999 -9999 -9999 -9999 -9999 -9999 -9999 -9999 -9999 -9999 -9999 -9999 -9999 -9999 -9999 -0.807 -0.811 -0.807 -0.811 -0.812 -0.818 -0.826 -0.825 -0.82 -0.821 -9999 -9999 -9999 -9999 -9999 -0.817 -0.814 -0.815 -0.81 -0.796 -0.796 -0.786 -0.784 -0.785 -0.791 -0.798 -0.798 -0.792 -0.787 -0.775 -0.779 -0.782 -0.78 -0.779 -0.775 -0.767 -0.767 -0.776 -0.762 -0.739 -0.741 -0.74 -0.736 -0.73 -0.72 -0.711 -0.712 -0.707 -0.693
-9999 -9999 -9999 -9999 -9999 -9999 -9999 -9999 -9999 -9999 -9999 -9999 -9999 -9999 -9999 -9999 -9999 -9999 -9999 -9999 -9999 -9999 -9999 -9999 -9999 -9999 -9999 -9999 -0.804 -0.812 -0.816 -0.821 -0.819 -0.817 -0.82 -9999 -9999 -9999 -9999 -0.798 -0.802 -0.809 -0.811 -0.813 -0.803 -0.791 -0.784 -0.774 -0.777 -0.78 -0.786 -0.793 -0.794 -0.793 -0.791 -0.782 -0.786 -0.789 -0.787 -0.785 -0.781 -0.777 -0.777 -0.777 -0.763 -0.747 -0.748 -0.75 -0.746 -0.741 -0.732 -0.718 -0.719 -0.72 -0.707
-9999 -9999 -9999 -9999 -9999 -9999 -9999 -9999 -9999 -9999 -9999 -9999 -9999 -9999 -9999 -9999 -9999 -9999 -9999 -9999 -9999 -9999 -9999 -9999 -9999 -9999 -9999 -9999 -9999 -0.797 -0.797 -0.802 -0.801 -0.806 -9999 -9999 -9999 -9999 -0.802 -0.803 -0.809 -0.812 -0.812 -0.806 -0.805 -0.817 -0.81 -0.793 -0.795 -0.795 -0.802 -0.81 -0.806 -0.804 -0.808 -0.808 -0.809 -0.812 -0.808 -0.806 -0.796 -0.789 -0.792 -0.794 -0.785 -0.773 -0.764 -0.76 -0.753 -0.746 -0.743 -0.734 -0.729 -0.727 -0.722
-9999 -9999 -9999 -9999 -9999 -9999 -9999 -9999 -9999 -9999 -9999 -9999 -9999 -9999 -9999 -9999 -9999 -9999 -9999 -9999 -9999 -9999 -9999 -9999 -9999 -9999 -9999 -9999 -9999 -9999 -9999 -9999 -9999 -9999 -9999 -9999 -9999 -0.806 -0.805 -0.808 -0.811 -0.815 -0.811 -0.805 -0.816 -0.829 -0.817 -0.801 -0.801 -0.801 -0.808 -0.817 -0.814 -0.808 -0.812 -0.816 -0.822 -0.823 -0.82 -0.817 -0.808 -0.797 -0.8 -0.804 -0.796 -0.786 -0.779 -0.768 -0.761 -0.752 -0.748 -0.744 -0.739 -0.733 -0.728
-9999 -9999 -9999 -9999 -9999 -9999 -9999 -9999 -9999 -9999 -9999 -9999 -9999 -9999 -9999 -9999 -9999 -9999 -9999 -9999 -9999 -9999 -9999 -9999 -9999 -9999 -9999 -9999 -9999 -9999 -9999 -9999 -9999 -9999 -9999 -9999 -0.8 -0.802 -0.807 -0.815 -0.821 -0.831 -0.826 -0.816 -0.825 -0.83 -0.822 -0.818 -0.815 -0.8 -0.808 -0.82 -0.819 -0.815 -0.823 -0.828 -0.835 -0.841 -0.831 -0.822 -0.814 -0.804 -0.806 -0.809 -0.807 -0.802 -0.79 -0.778 -0.775 -0.769 -0.758 -0.75 -0.743 -0.737 -0.74
-9999 -9999 -9999 -9999 -9999 -9999 -9999 -9999 -9999 -9999 -9999 -9999 -9999 -9999 -9999 -9999 -9999 -9999 -9999 -9999 -9999 -9999 -9999 -9999 -9999 -9999 -9999 -9999 -9999 -9999 -9999 -9999 -9999 -9999 -9999 -9999 -0.807 -0.802 -0.81 -0.818 -0.826 -0.837 -0.83 -0.821 -0.825 -0.829 -0.828 -0.825 -0.814 -0.8 -0.81 -0.821 -0.821 -0.818 -0.825 -0.832 -0.839 -0.846 -0.841 -0.829 -0.821 -0.811 -0.813 -0.815 -0.813 -0.811 -0.801 -0.786 -0.784 -0.779 -0.769 -0.756 -0.75 -0.742 -0.745
-9999 -9999 -9999 -9999 -9999 -9999 -9999 -9999 -9999 -9999 -9999 -9999 -9999 -9999 -9999 -9999 -9999 -9999 -9999 -9999 -9999 -9999 -9999 -0.862 -0.861 -0.835 -0.833 -9999 -0.821 -9999 -9999 -9999 -9999 -9999 -9999 -9999 -9999 -0.832 -0.836 -0.829 -0.837 -0.841 -0.836 -0.832 -0.832 -0.821 -0.822 -0.826 -0.818 -0.809 -0.813 -0.822 -0.826 -0.826 -0.836 -0.844 -0.845 -0.849 -0.856 -0.856 -0.846 -0.835 -0.833 -0.834 -0.824 -0.817 -0.812 -0.802 -0.797 -0.791 -0.784 -0.773 -0.775 -0.774 -0.766
-9999 -9999 -9999 -9999 -9999 -9999 -9999 -9999 -9999 -9999 -9999 -9999 -9999 -9999 -9999 -9999 -9999 -9999 -9999 -9999 -0.856 -0.856 -0.862 -0.87 -0.859 -0.839 -0.837 -0.834 -0.827 -0.82 -0.815 -9999 -9999 -0.812 -0.821 -0.826 -0.836 -0.843 -0.839 -0.833 -0.837 -0.841 -0.839 -0.836 -0.828 -0.818 -0.822 -0.827 -0.821 -0.812 -0.817 -0.822 -0.826 -0.829 -0.839 -0.848 -0.85 -0.85 -0.857 -0.864 -0.859 -0.847 -0.847 -0.846 -0.836 -0.824 -0.819 -0.813 -0.807 -0.8 -0.792 -0.784 -0.785 -0.788 -0.782
-9999 -9999 -9999 -9999 -9999 -9999 -9999 -9999 -9999 -9999 -9999 -9999 -9999 -9999 -9999 -9999 -9999 -9999 -9999 -0.863 -0.863 -0.858 -0.868 -0.883 -0.872 -0.859 -0.85 -0.821 -0.82 -0.831 -0.828 -0.823 -0.825 -0.824 -0.833 -0.837 -0.842 -0.844 -0.84 -0.834 -0.837 -0.836 -0.84 -0.855 -0.849 -0.841 -0.847 -0.852 -0.843 -0.821 -0.825 -0.825 -0.831 -0.835 -0.839 -0.845 -0.851 -0.854 -0.862 -0.87 -0.854 -0.84 -0.853 -0.859 -0.85 -0.839 -0.831 -0.822 -0.82 -0.816 -0.816 -0.813 -0.812 -0.814 -0.803
-9999 -9999 -9999 -9999 -9999 -9999 -9999 -9999 -9999 -9999 -9999 -9999 -9999 -9999 -9999 -9999 -9999 -9999 -9999 -0.87 -0.866 -0.862 -0.874 -0.889 -0.88 -0.869 -0.845 -0.817 -0.824 -0.835 -0.833 -0.829 -0.829 -0.829 -0.834 -0.839 -0.841 -0.843 -0.839 -0.834 -0.834 -0.833 -0.846 -0.861 -0.856 -0.85 -0.856 -0.861 -0.845 -0.825 -0.826 -0.826 -0.832 -0.837 -0.841 -0.844 -0.85 -0.855 -0.863 -0.872 -0.857 -0.837 -0.851 -0.867 -0.86 -0.85 -0.841 -0.83 -0.828 -0.825 -0.826 -0.828 -0.827 -0.827 -0.816
-9999 -9999 -9999 -9999 -9999 -9999 -9999 -9999 -9999 -9999 -9999 -9999 -9999 -9999 -9999 -9999 -9999 -9999 -9999 -0.877 -0.872 -0.89 -0.894 -0.882 -0.874 -0.87 -0.853 -0.844 -0.846 -0.84 -0.838 -0.837 -0.836 -0.833 -0.837 -0.838 -0.84 -0.844 -0.841 -0.837 -0.838 -0.841 -0.853 -0.865 -0.864 -0.868 -0.87 -0.861 -0.849 -0.838 -0.84 -0.844 -0.856 -0.866 -0.868 -0.872 -0.872 -0.876 -0.874 -0.877 -0.88 -0.871 -0.866 -0.871 -0.871 -0.866 -0.858 -0.846 -0.853 -0.857 -0.836 -0.825 -0.818 -0.812 -0.818
-9999 -9999 -9999 -9999 -9999 -9999 -9999 -9999 -9999 -9999 -9999 -9999 -9999 -9999 -9999 -0.854 -0.867 -9999 -0.885 -0.883 -0.894 -0.902 -0.892 -0.88 -0.876 -0.872 -0.864 -0.855 -0.848 -0.842 -0.841 -0.839 -0.837 -0.834 -0.835 -0.836 -0.84 -0.843 -0.841 -0.837 -0.84 -0.844 -0.854 -0.865 -0.869 -0.873 -0.868 -0.86 -0.853 -0.842 -0.846 -0.85 -0.862 -0.875 -0.879 -0.881 -0.883 -0.883 -0.882 -0.878 -0.882 -0.883 -0.879 -0.873 -0.872 -0.869 -0.863 -0.854 -0.863 -0.873 -0.853 -0.829 -0.821 -0.811 -0.816
-9999 -9999 -9999 -9999 -9999 -9999 -9999 -9999 -9999 -9999 -9999 -9999 -9999 -9999 -9999 -0.874 -0.887 -0.894 -0.899 -0.908 -0.915 -0.913 -0.904 -0.89 -0.882 -0.867 -0.863 -0.868 -0.864 -0.866 -0.866 -0.863 -0.862 -0.857 -0.856 -0.843 -0.849 -0.859 -0.86 -0.862 -0.862 -0.85 -0.856 -0.855 -0.857 -0.855 -0.853 -0.859 -0.854 -0.852 -0.855 -0.857 -0.863 -0.872 -0.882 -0.889 -0.888 -0.887 -0.892 -0.891 -0.894 -0.896 -0.889 -0.882 -0.879 -0.875 -0.873 -0.867 -0.874 -0.884 -0.873 -0.855 -0.849 -0.842 -0.826
-9999 -9999 -9999 -9999 -9999 -9999 -9999 -9999 -9999 -9999 -9999 -9999 -9999 -9999 -0.866 -0.881 -0.888 -0.896 -0.905 -0.915 -0.916 -0.915 -0.909 -0.896 -0.882 -0.867 -0.869 -0.873 -0.872 -0.875 -0.874 -0.872 -0.87 -0.866 -0.857 -0.846 -0.855 -0.865 -0.868 -0.871 -0.863 -0.853 -0.852 -0.85 -0.849 -0.847 -0.852 -0.857 -0.856 -0.855 -0.857 -0.859 -0.865 -0.869 -0.88 -0.891 -0.891 -0.889 -0.894 -0.896 -0.898 -0.899 -0.893 -0.883 -0.88 -0.875 -0.873 -0.87 -0.876 -0.883 -0.874 -0.861 -0.858 -0.853 -0.839
-9999 -9999 -9999 -9999 -9999 -9999 -9999 -9999 -9999 -9999 -9999 -9999 -9999 -9999 -9999 -0.883 -0.886 -0.885 -0.893 -0.904 -0.911 -0.928 -0.925 -0.92 -0.906 -0.886 -0.887 -0.885 -0.884 -0.885 -0.881 -0.867 -0.864 -0.862 -0.856 -0.855 -0.858 -0.848 -0.852 -0.86 -0.856 -0.857 -0.857 -0.857 -0.856 -0.853 -0.855 -0.852 -0.849 -0.842 -0.849 -0.853 -0.867 -0.876 -0.871 -0.873 -0.883 -0.887 -0.895 -9999 -0.898 -0.897 -0.897 -0.891 -0.879 -0.869 -0.871 -0.87 -0.883 -0.894 -0.881 -0.867 -0.845 -0.827 -0.83
-9999 -9999 -9999 -9999 -9999 -9999 -9999 -9999 -9999 -9999 -9999 -9999 -9999 -9999 -0.882 -0.883 -0.882 -0.88 -0.889 -0.898 -0.913 -0.93 -0.93 -0.926 -0.912 -0.895 -0.892 -0.89 -0.888 -0.889 -0.878 -0.864 -0.862 -0.86 -0.859 -0.859 -0.851 -0.841 -0.848 -0.856 -0.857 -0.859 -0.859 -0.86 -0.858 -0.855 -0.853 -0.849 -0.844 -0.836 -0.843 -0.85 -0.863 -0.878 -0.873 -0.865 -0.875 -0.884 -0.892 -0.898 -9999 -0.894 -9999 -0.89 -9999 -0.864 -9999 -0.868 -0.88 -0.894 -0.882 -0.866 -0.845 -0.818 -9999
-9999 -9999 -9999 -9999 -9999 -9999 -9999 -9999 -9999 -9999 -9999 -9999 -9999 -9999 -0.883 -0.89 -0.888 -0.884 -0.895 -0.914 -0.925 -0.93 -0.926 -0.911 -0.906 -0.912 -0.909 -0.895 -0.893 -0.896 -0.886 -0.876 -0.871 -0.856 -0.857 -0.862 -0.857 -0.856 -0.859 -0.851 -0.854 -0.86 -0.859 -0.853 -0.855 -0.864 -0.864 -0.866 -0.86 -0.848 -0.858 -0.875 -0.88 -0.891 -0.879 -0.868 -0.873 -0.877 -0.877 -0.878 -9999 -9999 -0.874 -0.864 -9999 -9999 -0.856 -0.857 -0.846 -9999 -9999 -9999 -9999 -9999 -9999
-9999 -9999 -9999 -9999 -9999 -9999 -9999 -9999 -9999 -9999 -9999 -9999 -9999 -0.886 -0.888 -0.89 -0.887 -0.883 -0.899 -0.918 -0.922 -0.927 -0.917 -0.902 -0.908 -0.916 -0.907 -0.896 -0.897 -0.899 -0.891 -0.882 -0.87 -0.855 -0.859 -0.863 -0.863 -0.862 -0.857 -0.849 -0.855 -0.861 -0.856 -0.85 -0.858 -0.868 -0.871 -0.873 -0.865 -0.854 -0.868 -0.885 -0.89 -0.895 -0.885 -0.869 -0.874 -9999 -9999 -9999 -0.871 -9999 -9999 -9999 -9999 -9999 -9999 -0.836 -9999 -9999 -9999 -9999 -9999 -9999 -9999
-9999 -9999 -9999 -9999 -9999 -9999 -9999 -9999 -9999 -9999 -9999 -9999 -0.887 -0.898 -0.897 -0.889 -0.889 -0.894 -0.908 -0.919 -0.922 -0.923 -0.914 -0.901 -0.906 -0.911 -0.907 -0.908 -0.906 -0.898 -0.893 -0.89 -0.877 -0.857 -0.857 -9999 -9999 -9999 -9999 -9999 -0.835 -0.841 -0.839 -0.846 -0.852 -0.856 -0.856 -0.852 -0.851 -0.863 -9999 -0.866 -9999 -9999 -9999 -9999 -9999 -0.856 -0.86 -0.881 -0.875 -0.87 -0.857 -9999 -9999 -9999 -9999 -9999 -9999 -9999 -9999 -9999 -9999 -9999 -9999
-9999 -9999 -9999 -9999 -9999 -9999 -9999 -9999 -9999 -9999 -9999 -0.888 -0.895 -0.901 -0.894 -0.887 -0.891 -0.897 -0.906 -0.916 -0.918 -0.919 -0.91 -0.897 -0.901 -0.906 -0.907 -0.908 -0.9 -0.893 -0.893 -0.892 -9999 -9999 -9999 -9999 -9999 -9999 -9999 -9999 -9999 -9999 -0.839 -0.845 -0.849 -0.852 -0.849 -0.845 -0.856 -0.869 -0.861 -9999 -9999 -9999 -9999 -9999 -9999 -9999 -0.87 -0.884 -0.878 -0.867 -9999 -9999 -9999 -9999 -9999 -9999 -9999 -9999 -9999 -9999 -9999 -9999 -9999
-9999 -9999 -9999 -9999 -9999 -9999 -9999 -9999 -9999 -0.878 -0.884 -0.898 -0.903 -0.902 -0.894 -0.88 -0.886 -0.899 -0.906 -0.912 -0.914 -0.918 -0.914 -0.912 -0.914 -0.914 -0.907 -0.883 -0.879 -0.886 -9999 -9999 -9999 -9999 -9999 -9999 -9999 -9999 -9999 -9999 -9999 -9999 -9999 -0.825 -9999 -9999 -9999 -9999 -9999 -0.865 -0.864 -9999 -9999 -9999 -9999 -9999 -9999 -9999 -9999 -9999 -0.863 -0.859 -9999 -9999 -9999 -9999 -9999 -9999 -9999 -9999 -9999 -9999 -9999 -9999 -9999
-9999 -9999 -9999 -9999 -9999 -9999 -9999 -9999 -0.877 -9999 -0.889 -0.899 -0.9 -0.9 -0.889 -0.875 -0.885 -0.897 -0.902 -0.908 -0.911 -0.914 -0.916 -0.915 -0.914 -0.913 -0.893 -0.87 -0.874 -0.877 -9999 -9999 -9999 -9999 -9999 -9999 -9999 -9999 -9999 -9999 -9999 -9999 -9999 -9999 -0.839 -9999 -9999 -9999 -9999 -9999 -9999 -9999 -9999 -9999 -9999 -9999 -9999 -9999 -9999 -9999 -9999 -9999 -9999 -9999 -9999 -9999 -9999 -9999 -9999 -9999 -9999 -9999 -9999 -9999 -9999
-9999 -9999 -9999 -9999 -9999 -9999 -9999 -0.879 -0.88 -0.895 -0.903 -0.907 -0.911 -0.917 -0.908 -0.893 -0.899 -0.896 -0.9 -9999 -0.906 -0.92 -0.921 -0.916 -0.915 -0.909 -0.894 -0.884 -0.882 -9999 -9999 -9999 -9999 -9999 -9999 -9999 -9999 -9999 -9999 -9999 -9999 -9999 -9999 -9999 -9999 -9999 -9999 -9999 -9999 -9999 -9999 -9999 -9999 -9999 -9999 -9999 -9999 -9999 -9999 -9999 -9999 -9999 -9999 -9999 -9999 -9999 -9999 -9999 -9999 -9999 -9999 -9999 -9999 -9999 -9999
-9999 -9999 -9999 -9999 -9999 -9999 -9999 -0.883 -0.891 -0.899 -0.903 -0.907 -0.914 -0.921 -0.912 -0.898 -0.896 -0.894 -0.894 -0.893 -0.905 -0.92 -0.918 -0.914 -0.91 -0.904 -0.896 -0.887 -0.874 -9999 -9999 -9999 -9999 -9999 -9999 -9999 -9999 -9999 -9999 -9999 -9999 -9999 -9999 -9999 -9999 -9999 -9999 -9999 -9999 -9999 -9999 -9999 -9999 -9999 -9999 -9999 -9999 -9999 -9999 -9999 -9999 -9999 -9999 -9999 -9999 -9999 -9999 -9999 -9999 -9999 -9999 -9999 -9999 -9999 -9999
-9999 -9999 -9999 -9999 -9999 -9999 -0.878 -0.893 -0.898 -0.899 -0.901 -0.898 -0.904 -0.911 -0.902 -0.888 -0.89 -0.898 -0.897 -0.892 -0.902 -0.908 -0.905 -0.9 -0.899 -0.901 -0.892 -0.88 -9999 -9999 -9999 -9999 -9999 -9999 -9999 -9999 -9999 -9999 -9999 -9999 -9999 -9999 -9999 -9999 -9999 -9999 -9999 -9999 -9999 -9999 -9999 -9999 -9999 -9999 -9999 -9999 -9999 -9999 -9999 -9999 -9999 -9999 -9999 -9999 -9999 -9999 -9999 -9999 -9999 -9999 -9999 -9999 -9999 -9999 -9999
