Validation/Results/raw data/ReClimate_06_2024_2_Precipitation-Actuals.asc
NCOLS 192
NROWS 249
XLLCENTER -225160.85627316462
YLLCENTER 29788.11610251502
CELLSIZE 5000.0
NODATA_VALUE -9999
[rows 198 to 230 of 249, columns 74 to 147 of 192]
-9999 -9999 -9999 -9999 -9999 -9999 -9999 -9999 -9999 -9999 -9999 -9999 -9999 -9999 -9999 -9999 -9999 -9999 105.618 105.453 106.296 91.836 91.801 93.67 99.156 121.999 123.291 132.385 131.7 115.99 95.87 80.615 75.715 75.983 83.276 89.291 74.822 65.067 59.517 55.937 58.023 61.031 58.336 61.145 61.128 56.063 54.875 52.865 51.651 55.036 55.202 57.601 54.808 53.488 54.982 57.047 56.429 56.034 54.202 59.596 60.517 59.406 61.221 60.046 56.937 55.766 51.594 52.554 51.384 50.673 48.812 45.919 47.84 48.031
-9999 -9999 -9999 -9999 -9999 -9999 -9999 -9999 -9999 -9999 -9999 -9999 -9999 -9999 -9999 64.778 81.092 94.823 99.519 106.786 104.328 100.919 91.401 84.54 113.383 123.889 134.816 127.783 129.287 109.864 95.157 92.037 77.211 72.139 91.997 75.609 62.164 53.193 53.47 57.025 65.264 55.138 56.339 56.456 59.763 60.984 57.684 56.416 52.679 51.957 53.077 57.327 60.373 53.644 52.509 55.16 57.614 57.892 61.233 58.54 57.917 57.896 59.169 58.589 56.176 51.847 49.419 50.079 51.002 48.836 47.537 45.329 45.478 46.0
-9999 -9999 -9999 -9999 -9999 -9999 -9999 -9999 -9999 -9999 -9999 -9999 -9999 89.117 80.842 78.291 82.191 85.658 94.227 102.714 107.164 101.99 98.827 117.144 111.356 122.92 127.981 116.021 116.485 108.852 115.109 96.845 84.669 82.197 73.739 63.42 51.744 61.043 60.928 55.152 53.448 50.979 51.823 55.082 58.585 59.79 59.67 54.679 51.067 51.992 52.951 57.859 59.962 55.857 57.103 55.807 54.04 54.553 55.19 58.657 56.302 68.69 67.574 59.613 57.13 54.543 49.118 49.228 50.422 47.275 45.423 44.677 46.757 48.032
-9999 -9999 -9999 -9999 -9999 -9999 -9999 -9999 -9999 91.628 95.631 93.435 91.238 107.658 93.751 95.852 96.348 95.805 104.881 111.796 115.761 122.237 135.308 116.99 110.732 121.397 114.228 111.991 110.955 118.688 109.671 104.362 101.886 81.633 72.812 62.813 71.956 70.053 60.879 66.664 55.42 53.296 50.038 55.174 62.064 59.548 61.016 58.795 51.839 53.363 56.908 57.765 58.562 60.163 56.464 56.856 53.732 52.221 55.658 55.117 53.846 57.654 62.891 56.024 54.449 53.323 49.829 50.291 49.591 48.757 48.348 47.685 46.899 47.18
-9999 -9999 -9999 -9999 -9999 -9999 -9999 -9999 85.956 93.695 95.549 100.283 127.274 138.996 130.347 121.264 115.335 129.593 133.543 123.227 125.471 138.735 134.577 123.726 119.564 106.886 101.896 101.48 103.099 104.115 99.356 100.811 84.447 73.023 78.705 91.85 105.227 79.106 68.372 58.307 57.562 54.692 59.269 55.486 53.344 53.711 56.806 54.018 54.245 54.944 58.383 57.108 61.457 63.593 63.208 56.565 55.38 60.391 58.313 55.043 53.268 54.755 57.799 53.814 54.161 51.55 51.37 50.956 50.084 50.917 49.419 46.305 48.414 48.164
-9999 -9999 -9999 -9999 -9999 -9999 -9999 81.211 88.983 94.19 97.875 112.575 133.008 131.251 122.448 117.174 128.324 135.542 129.263 123.082 129.943 142.46 136.546 119.015 104.885 93.715 101.915 109.23 106.516 103.037 93.035 86.269 73.095 76.409 78.892 109.258 100.475 86.972 64.485 63.684 62.24 62.94 56.901 53.812 53.446 51.07 52.026 55.468 52.928 51.089 59.946 58.554 60.067 64.439 62.106 58.29 54.718 58.309 63.186 59.371 55.17 55.656 53.501 52.89 52.614 51.896 51.229 53.954 52.702 51.342 52.797 48.786 48.672 51.242
-9999 -9999 -9999 -9999 -9999 75.158 -9999 79.367 83.194 89.519 98.623 106.635 109.702 115.065 103.97 112.374 116.527 120.888 114.962 117.716 125.631 125.013 110.105 104.592 104.429 117.541 129.178 147.924 160.188 128.835 118.896 112.706 113.86 96.824 80.55 88.778 112.429 79.641 61.431 70.35 71.266 63.198 54.085 53.07 60.261 57.635 57.864 53.976 52.07 60.462 60.249 66.015 68.215 59.454 56.525 56.06 53.575 55.045 59.835 60.062 56.335 52.103 50.573 48.669 49.443 51.912 51.849 51.6 52.329 49.824 50.024 50.346 48.955 50.676
-9999 -9999 -9999 -9999 -9999 -9999 -9999 -9999 -9999 93.72 94.574 95.264 105.194 100.133 105.819 107.388 111.542 108.718 104.759 114.214 113.124 115.371 111.847 117.265 119.15 136.05 152.613 173.037 169.032 164.134 149.96 159.166 153.066 101.66 94.632 94.223 75.686 77.037 76.293 60.685 61.675 59.152 63.486 67.231 69.903 62.029 56.95 54.065 57.971 59.114 65.172 74.289 71.044 65.444 56.026 55.014 55.075 59.249 59.222 57.585 54.769 51.346 48.833 50.175 50.425 49.961 52.059 50.145 49.231 50.531 52.667 54.746 53.426 49.506
-9999 -9999 -9999 -9999 -9999 -9999 -9999 -9999 -9999 91.17 92.87 94.275 96.154 105.235 112.022 114.064 107.612 100.224 106.048 108.474 116.856 119.827 118.207 119.48 120.62 131.237 142.137 150.575 151.053 147.875 145.353 157.207 130.491 122.132 102.797 81.529 89.184 100.381 73.614 71.499 71.794 74.999 71.542 75.754 71.777 68.644 55.92 57.477 61.607 73.138 75.055 70.851 66.046 64.437 59.472 57.875 56.724 56.2 58.366 56.207 53.034 51.943 50.228 50.964 52.429 52.621 51.537 49.824 48.797 50.56 56.91 55.135 53.944 53.781
-9999 -9999 -9999 -9999 -9999 -9999 -9999 83.119 86.546 83.382 78.015 -9999 98.484 107.693 105.938 99.272 95.865 94.939 -9999 102.545 109.008 114.169 126.445 119.248 135.364 139.549 145.8 148.156 142.52 126.018 133.991 122.565 113.615 108.056 105.616 95.199 104.11 93.984 77.334 77.45 69.084 70.446 77.588 76.755 75.098 64.744 58.537 58.439 64.552 68.955 69.529 65.724 67.165 61.356 60.005 58.649 57.603 54.781 54.144 54.207 56.895 54.862 53.67 51.053 49.239 49.279 50.229 50.827 51.858 55.3 56.766 58.059 53.761 54.368
-9999 -9999 -9999 -9999 -9999 -9999 -9999 84.017 -9999 -9999 -9999 92.376 97.227 97.805 -9999 -9999 -9999 -9999 -9999 96.891 101.876 115.383 108.799 117.066 126.141 130.101 138.872 139.632 134.259 167.717 164.504 132.721 111.186 110.938 113.623 109.714 102.935 82.69 81.005 72.063 69.398 76.448 73.601 73.085 67.885 63.504 62.877 62.659 69.214 67.348 69.058 62.601 61.638 61.469 58.388 55.955 54.366 53.862 52.755 51.744 53.17 55.517 53.27 53.294 49.745 49.156 50.105 50.867 54.308 57.162 58.253 57.058 51.872 51.761
-9999 -9999 -9999 -9999 -9999 -9999 -9999 -9999 -9999 89.988 92.047 91.399 90.356 93.602 -9999 -9999 -9999 -9999 -9999 -9999 -9999 -9999 102.598 114.715 113.594 112.616 124.479 135.038 171.689 190.861 184.114 157.52 130.988 117.996 113.249 104.719 105.016 100.357 79.193 76.961 89.817 84.606 77.487 63.329 64.701 68.398 67.553 72.545 69.205 67.781 64.882 60.786 57.73 57.331 56.997 55.221 51.935 52.329 50.043 47.719 49.079 50.626 51.406 52.156 52.962 51.153 54.182 53.921 56.987 60.221 57.746 55.007 53.315 49.293
-9999 -9999 -9999 -9999 -9999 -9999 -9999 -9999 -9999 -9999 92.102 -9999 -9999 -9999 -9999 -9999 -9999 -9999 -9999 -9999 99.655 100.604 107.577 108.239 100.549 104.403 114.838 141.747 168.225 187.731 186.885 157.257 128.309 120.95 116.173 107.166 107.08 90.414 80.964 79.608 85.082 82.269 68.266 -9999 68.666 69.132 69.382 77.145 70.945 65.622 62.136 58.725 57.386 55.87 56.698 55.893 53.406 48.754 47.873 45.643 45.636 48.437 50.87 51.462 53.641 59.119 57.541 60.472 57.711 58.796 57.444 54.953 53.357 52.054
-9999 -9999 -9999 -9999 -9999 -9999 -9999 -9999 -9999 -9999 -9999 -9999 -9999 -9999 -9999 -9999 -9999 -9999 -9999 -9999 97.21 98.838 96.127 93.982 -9999 -9999 -9999 121.253 151.875 158.101 152.947 136.37 128.478 127.206 117.036 101.674 93.017 86.504 76.84 79.652 77.054 69.766 -9999 65.293 67.93 66.699 72.963 74.446 66.714 64.666 62.979 58.785 59.395 56.587 55.195 55.446 52.333 48.609 51.391 52.71 50.048 47.833 49.873 52.779 54.497 52.268 58.647 57.216 55.483 56.459 55.482 51.41 50.721 50.809
-9999 -9999 -9999 -9999 -9999 -9999 -9999 -9999 -9999 -9999 -9999 -9999 -9999 -9999 -9999 -9999 -9999 -9999 -9999 -9999 -9999 -9999 -9999 -9999 -9999 -9999 -9999 92.761 111.3 128.882 123.039 120.172 118.633 114.198 104.265 96.302 88.889 80.902 76.672 74.36 -9999 -9999 63.964 65.583 67.251 65.479 70.242 69.609 65.806 70.134 62.0 57.928 60.386 57.108 55.911 59.977 60.312 56.66 54.173 60.264 56.258 53.258 54.011 53.819 55.311 57.871 55.516 60.272 56.236 52.401 53.021 53.536 47.27 48.571
-9999 -9999 -9999 -9999 -9999 -9999 -9999 -9999 -9999 -9999 -9999 -9999 -9999 -9999 -9999 -9999 -9999 -9999 -9999 -9999 -9999 -9999 -9999 -9999 -9999 -9999 -9999 88.384 98.989 103.155 106.612 112.12 105.325 100.097 99.127 91.922 83.348 -9999 -9999 -9999 -9999 -9999 63.629 70.284 68.335 68.019 69.273 69.485 68.169 63.763 59.607 57.373 57.121 60.365 60.443 65.422 66.148 62.637 59.031 59.356 59.958 55.111 55.844 54.404 53.221 57.046 54.221 53.548 52.392 50.037 48.561 48.963 50.582 48.533
-9999 -9999 -9999 -9999 -9999 -9999 -9999 -9999 -9999 -9999 -9999 -9999 -9999 -9999 -9999 -9999 -9999 -9999 -9999 -9999 -9999 -9999 -9999 -9999 -9999 -9999 -9999 -9999 -9999 94.539 105.695 101.471 93.097 94.779 91.625 83.656 -9999 -9999 -9999 -9999 75.701 74.382 74.713 67.824 64.092 67.246 73.118 71.903 69.493 61.839 60.127 59.632 63.821 67.035 66.946 65.07 65.818 61.877 58.679 56.917 56.812 56.794 53.747 53.585 50.37 51.284 51.603 49.555 48.849 49.654 51.912 50.943 50.585 50.197
-9999 -9999 -9999 -9999 -9999 -9999 -9999 -9999 -9999 -9999 -9999 -9999 -9999 -9999 -9999 -9999 -9999 -9999 -9999 -9999 -9999 -9999 -9999 -9999 -9999 -9999 -9999 -9999 -9999 -9999 87.623 81.943 86.691 85.073 82.801 -9999 -9999 -9999 -9999 75.501 77.492 77.344 76.95 71.434 69.599 67.592 67.066 67.693 67.396 62.043 60.922 65.942 67.368 66.181 68.391 63.92 60.845 58.874 56.627 56.35 57.663 55.398 55.15 52.145 50.643 48.324 48.877 49.757 50.89 52.722 53.551 52.302 50.467 50.149
-9999 -9999 -9999 -9999 -9999 -9999 -9999 -9999 -9999 -9999 -9999 -9999 -9999 -9999 -9999 -9999 -9999 -9999 -9999 -9999 -9999 -9999 -9999 -9999 -9999 -9999 -9999 -9999 -9999 -9999 -9999 -9999 -9999 -9999 -9999 -9999 -9999 -9999 77.613 75.886 76.821 76.693 78.008 72.994 69.398 67.726 65.708 68.376 66.289 56.71 59.266 62.376 64.692 63.528 63.956 65.12 61.538 57.875 60.894 57.44 57.633 55.859 54.279 50.913 49.701 50.782 49.367 49.644 51.086 51.667 51.644 50.859 50.666 49.6
-9999 -9999 -9999 -9999 -9999 -9999 -9999 -9999 -9999 -9999 -9999 -9999 -9999 -9999 -9999 -9999 -9999 -9999 -9999 -9999 -9999 -9999 -9999 -9999 -9999 -9999 -9999 -9999 -9999 -9999 -9999 -9999 -9999 -9999 -9999 -9999 -9999 70.052 72.88 81.195 83.507 97.601 85.142 73.235 70.218 66.498 67.049 70.421 60.063 56.604 58.039 59.585 61.239 59.783 61.693 64.422 66.464 63.254 59.762 65.535 61.406 58.032 54.107 52.56 48.915 47.954 49.147 50.095 50.586 51.35 51.147 49.325 50.15 50.008
-9999 -9999 -9999 -9999 -9999 -9999 -9999 -9999 -9999 -9999 -9999 -9999 -9999 -9999 -9999 -9999 -9999 -9999 -9999 -9999 -9999 -9999 -9999 -9999 -9999 -9999 -9999 -9999 -9999 -9999 -9999 -9999 -9999 -9999 -9999 -9999 -9999 67.033 73.574 74.475 87.18 92.665 93.292 88.322 79.929 75.782 76.409 66.258 61.056 59.711 63.907 64.069 64.596 63.48 58.242 57.563 58.85 63.2 62.594 61.864 62.918 59.234 55.891 52.248 49.844 49.621 48.606 50.9 52.339 52.309 50.39 49.186 50.364 55.545
-9999 -9999 -9999 -9999 -9999 -9999 -9999 -9999 -9999 -9999 -9999 -9999 -9999 -9999 -9999 -9999 -9999 -9999 -9999 -9999 -9999 -9999 -9999 -9999 119.745 137.447 137.526 118.488 -9999 95.62 -9999 -9999 -9999 -9999 -9999 -9999 -9999 -9999 69.786 74.223 78.602 85.067 87.192 90.698 84.555 84.145 71.59 66.443 64.812 69.564 68.85 60.129 60.849 59.705 56.021 55.352 54.422 53.37 55.718 60.274 60.088 59.712 57.656 58.932 57.913 53.538 51.698 52.358 52.341 53.08 52.857 51.239 52.322 53.765
-9999 -9999 -9999 -9999 -9999 -9999 -9999 -9999 -9999 -9999 -9999 -9999 -9999 -9999 -9999 -9999 -9999 -9999 -9999 -9999 -9999 105.933 110.638 106.913 120.69 147.026 138.881 123.832 116.301 95.729 77.974 64.129 -9999 -9999 70.895 66.262 63.829 66.955 65.92 69.142 75.128 73.412 79.956 81.358 86.132 80.812 72.466 67.326 74.675 70.03 62.525 65.301 59.392 57.65 54.073 53.154 55.345 53.681 54.023 54.161 54.591 57.016 58.962 56.491 58.926 59.325 53.15 51.712 50.853 54.631 56.108 53.514 60.977 60.016
-9999 -9999 -9999 -9999 -9999 -9999 -9999 -9999 -9999 -9999 -9999 -9999 -9999 -9999 -9999 -9999 -9999 -9999 -9999 -9999 105.806 105.188 99.113 103.372 125.937 145.069 150.004 138.584 120.245 108.206 95.903 78.237 63.949 71.029 71.773 75.054 65.359 62.482 64.65 67.014 67.605 70.882 72.999 80.389 80.724 77.288 72.984 80.071 73.675 72.249 67.034 64.448 70.492 63.16 55.684 54.823 54.938 56.369 54.918 55.714 53.802 53.682 56.763 60.631 60.931 58.258 55.652 53.156 56.645 54.87 55.584 55.289 55.802 61.856
-9999 -9999 -9999 -9999 -9999 -9999 -9999 -9999 -9999 -9999 -9999 -9999 -9999 -9999 -9999 -9999 -9999 -9999 -9999 -9999 105.134 87.56 89.776 96.942 114.589 131.442 137.887 149.722 122.508 106.001 91.495 85.983 85.55 74.996 74.077 67.296 67.591 64.425 61.768 62.428 63.493 66.125 68.129 69.434 69.175 71.733 77.14 74.52 74.61 74.764 71.456 61.709 62.664 65.766 59.065 56.761 57.243 56.137 55.781 54.913 55.062 50.508 52.098 57.317 60.735 61.499 57.845 57.92 59.623 59.727 55.657 50.844 52.113 52.943
-9999 -9999 -9999 -9999 -9999 -9999 -9999 -9999 -9999 -9999 -9999 -9999 -9999 -9999 -9999 -9999 -9999 -9999 -9999 -9999 92.044 84.264 87.718 88.602 99.834 108.051 116.039 105.908 107.304 99.339 99.784 91.873 88.026 75.694 66.076 63.404 61.783 60.833 59.909 57.47 59.029 63.3 62.433 63.942 70.518 72.232 70.045 70.403 68.724 69.644 62.71 60.926 64.456 61.509 56.573 55.216 56.214 57.277 58.154 55.474 54.583 58.983 56.646 59.962 63.704 69.903 68.836 61.968 63.195 58.54 54.437 54.614 51.968 54.149
-9999 -9999 -9999 -9999 -9999 -9999 -9999 -9999 -9999 -9999 -9999 -9999 -9999 -9999 -9999 -9999 96.938 104.79 -9999 94.089 83.166 93.112 91.197 84.418 86.94 88.876 90.098 100.526 99.601 100.658 87.715 84.023 76.354 67.642 61.161 58.69 60.376 60.95 59.724 55.591 59.595 59.843 61.483 66.056 69.208 64.037 64.986 67.238 69.09 69.113 64.815 69.424 69.058 61.688 55.796 52.347 54.706 58.338 56.303 58.077 57.372 59.634 63.238 60.131 63.296 64.952 67.163 61.766 57.369 59.571 54.923 55.374 55.846 53.481
-9999 -9999 -9999 -9999 -9999 -9999 -9999 -9999 -9999 -9999 -9999 -9999 -9999 -9999 -9999 -9999 105.728 110.408 102.835 91.523 90.882 93.342 86.765 85.492 90.819 90.191 97.117 93.946 92.378 91.793 84.825 77.496 75.278 69.866 73.41 75.254 69.047 62.25 55.181 58.007 60.442 63.662 66.354 65.731 62.494 61.088 63.763 62.705 63.059 64.686 67.299 68.532 66.878 60.949 57.618 58.381 57.724 56.358 52.5 54.736 57.063 57.587 60.035 62.061 63.164 67.873 65.626 69.389 64.311 60.661 59.705 56.375 55.504 56.186
-9999 -9999 -9999 -9999 -9999 -9999 -9999 -9999 -9999 -9999 -9999 -9999 -9999 -9999 -9999 96.879 110.915 118.356 120.907 101.455 94.994 91.658 88.839 90.008 87.909 83.263 82.453 86.244 85.792 85.795 77.736 71.734 66.934 71.643 83.005 79.04 74.341 69.833 64.489 62.218 64.991 63.624 62.863 62.069 63.283 61.907 59.467 58.428 60.15 65.174 59.396 62.113 59.958 60.839 59.833 59.504 62.691 59.198 53.523 50.402 53.278 54.844 58.12 59.927 61.987 64.222 68.516 68.24 70.268 65.307 70.359 60.987 63.235 64.884
-9999 -9999 -9999 -9999 -9999 -9999 -9999 -9999 -9999 -9999 -9999 -9999 -9999 -9999 -9999 -9999 99.146 114.807 100.776 98.562 91.161 88.982 84.191 83.506 83.304 76.832 80.344 80.979 79.395 72.962 71.359 70.544 66.621 75.524 80.723 81.797 84.254 79.155 71.295 72.029 69.363 67.81 68.513 67.65 61.388 61.316 62.296 62.259 65.856 58.749 61.677 59.113 55.523 56.82 58.606 59.254 60.123 59.654 55.389 56.466 -9999 53.699 56.516 60.7 59.698 57.517 57.165 58.523 58.804 57.589 56.826 59.935 55.761 62.595
-9999 -9999 -9999 -9999 -9999 -9999 -9999 -9999 -9999 -9999 -9999 -9999 -9999 -9999 -9999 91.995 85.659 91.98 94.548 93.978 91.895 88.846 81.388 78.817 75.454 76.713 81.929 72.13 67.497 70.579 69.524 65.771 68.374 72.534 75.496 80.038 86.022 75.514 73.823 84.922 81.732 77.625 81.754 71.278 72.207 74.549 70.776 68.328 63.777 59.873 57.04 57.256 55.196 56.927 57.282 57.918 58.351 57.948 57.115 55.254 54.355 -9999 51.219 -9999 53.438 -9999 49.676 -9999 51.713 51.665 51.763 51.417 51.075 52.91
-9999 -9999 -9999 -9999 -9999 -9999 -9999 -9999 -9999 -9999 -9999 -9999 -9999 -9999 -9999 80.788 86.374 88.813 92.602 95.941 96.776 93.96 85.358 82.101 74.92 78.282 69.584 65.348 65.493 64.162 62.501 64.031 66.241 72.29 77.098 86.342 80.63 72.651 84.199 82.334 73.843 78.891 71.686 74.288 80.59 76.654 73.552 66.908 61.949 59.215 59.307 56.231 54.365 54.653 56.213 56.133 57.299 53.467 53.348 52.527 50.609 -9999 -9999 47.858 46.385 -9999 -9999 47.33 48.471 47.115 -9999 -9999 -9999 -9999
-9999 -9999 -9999 -9999 -9999 -9999 -9999 -9999 -9999 -9999 -9999 -9999 -9999 -9999 97.339 90.772 91.477 89.448 88.792 89.796 94.425 97.231 98.315 98.094 95.073 80.05 71.01 67.339 66.411 63.898 63.834 60.639 65.035 72.219 88.326 92.012 81.247 80.214 77.015 64.509 65.75 66.642 73.871 77.737 73.893 71.669 67.323 62.629 62.063 61.362 54.805 53.058 54.738 53.374 51.491 48.645 53.509 55.134 -9999 -9999 -9999 50.063 -9999 -9999 -9999 -9999 -9999 -9999 47.163 -9999 -9999 -9999 -9999 -9999
