Validation/Results/raw data/ReClimate_08_2024_1weatherlogisticsltd.asc
NCOLS 192
NROWS 249
XLLCENTER -225160.85627316462
YLLCENTER 29788.11610251502
CELLSIZE 5000.0
NODATA_VALUE -9999
[rows 198 to 230 of 249, columns 74 to 147 of 192]
-9999 -9999 -9999 -9999 -9999 -9999 -9999 -9999 -9999 -9999 -9999 -9999 -9999 -9999 -9999 -9999 -9999 -9999 145.907 146.194 146.474 146.724 146.952 147.165 147.37 147.57 147.771 147.989 148.25 148.53 148.805 149.073 149.327 149.598 149.894 150.17 150.424 150.666 150.895 151.11 151.31 151.485 151.653 151.828 152.003 152.183 152.373 152.579 152.878 153.183 153.4 153.519 153.582 153.634 153.688 153.732 153.747 153.709 153.631 153.548 153.444 153.298 153.093 152.842 152.55 152.202 151.805 151.36 150.859 150.301 149.746 149.194 148.614 147.987
-9999 -9999 -9999 -9999 -9999 -9999 -9999 -9999 -9999 -9999 -9999 -9999 -9999 -9999 -9999 144.929 145.271 145.622 145.962 146.266 146.539 146.788 147.02 147.238 147.447 147.658 147.899 148.179 148.456 148.728 148.995 149.257 149.518 149.806 150.1 150.374 150.628 150.867 151.097 151.32 151.526 151.721 151.894 152.058 152.22 152.394 152.571 152.835 153.181 153.547 153.824 153.963 154.054 154.132 154.197 154.25 154.268 154.22 154.117 154.022 153.907 153.756 153.554 153.303 153.015 152.687 152.311 151.881 151.388 150.855 150.286 149.69 149.127 148.641
-9999 -9999 -9999 -9999 -9999 -9999 -9999 -9999 -9999 -9999 -9999 -9999 -9999 144.554 144.744 145.069 145.369 145.674 146.015 146.321 146.597 146.85 147.085 147.307 147.535 147.815 148.104 148.383 148.655 148.921 149.182 149.436 149.693 149.977 150.265 150.539 150.801 151.054 151.295 151.517 151.733 151.937 152.129 152.3 152.464 152.644 152.913 153.297 153.674 154.046 154.331 154.495 154.596 154.688 154.767 154.832 154.848 154.789 154.67 154.521 154.357 154.19 153.996 153.759 153.488 153.179 152.84 152.464 152.04 151.564 151.049 150.479 149.95 149.475
-9999 -9999 -9999 -9999 -9999 -9999 -9999 -9999 -9999 143.977 144.192 144.319 144.447 144.603 144.887 145.203 145.477 145.765 146.061 146.371 146.651 146.908 147.148 147.399 147.715 148.017 148.304 148.58 148.848 149.108 149.357 149.596 149.847 150.13 150.412 150.683 150.947 151.203 151.446 151.682 151.912 152.137 152.347 152.558 152.795 153.095 153.477 153.862 154.233 154.601 154.903 155.081 155.18 155.272 155.347 155.405 155.398 155.321 155.207 155.064 154.897 154.702 154.512 154.286 154.026 153.75 153.446 153.107 152.725 152.299 151.828 151.357 150.926 150.569
-9999 -9999 -9999 -9999 -9999 -9999 -9999 -9999 143.778 144.027 144.212 144.387 144.535 144.713 145.015 145.329 145.602 145.858 146.127 146.415 146.7 146.966 147.247 147.591 147.911 148.211 148.496 148.767 149.025 149.272 149.51 149.742 149.994 150.278 150.553 150.82 151.079 151.331 151.578 151.817 152.056 152.304 152.574 152.905 153.244 153.598 154.01 154.39 154.76 155.126 155.444 155.644 155.735 155.821 155.899 155.954 155.947 155.869 155.769 155.65 155.508 155.343 155.147 154.927 154.677 154.402 154.098 153.77 153.415 153.022 152.606 152.259 151.958 151.665
-9999 -9999 -9999 -9999 -9999 -9999 -9999 143.655 143.912 144.142 144.332 144.493 144.631 144.827 145.133 145.446 145.72 145.966 146.21 146.462 146.748 147.062 147.437 147.835 148.31 148.548 148.666 148.929 149.181 149.423 149.657 149.885 150.141 150.421 150.69 150.952 151.206 151.456 151.703 151.961 152.236 152.539 152.916 153.284 153.64 154.057 154.469 154.843 155.211 155.576 155.918 156.152 156.25 156.34 156.424 156.474 156.468 156.408 156.333 156.24 156.126 155.988 155.823 155.608 155.363 155.108 154.809 154.468 154.114 153.767 153.448 153.179 152.965 152.724
-9999 -9999 -9999 -9999 -9999 143.332 -9999 143.814 144.059 144.276 144.456 144.61 144.744 144.941 145.244 145.556 145.829 146.075 146.3 146.537 146.822 147.234 147.605 148.037 148.372 148.566 148.833 149.104 149.329 149.568 149.798 150.027 150.284 150.558 150.823 151.08 151.331 151.587 151.871 152.164 152.495 152.887 153.262 153.627 154.015 154.464 154.89 155.263 155.631 155.996 156.357 156.629 156.746 156.845 156.939 156.982 156.967 156.923 156.868 156.8 156.715 156.609 156.478 156.306 156.061 155.793 155.513 155.213 154.892 154.549 154.286 154.096 153.923 153.724
-9999 -9999 -9999 -9999 -9999 -9999 -9999 -9999 -9999 144.403 144.577 144.726 144.856 145.048 145.345 145.654 145.926 146.171 146.396 146.642 147.023 147.389 147.758 148.11 148.424 148.702 148.977 149.221 149.471 149.707 149.935 150.165 150.421 150.691 150.952 151.21 151.481 151.778 152.078 152.429 152.836 153.226 153.599 153.964 154.375 154.854 155.286 155.673 156.04 156.406 156.771 157.057 157.24 157.346 157.436 157.473 157.455 157.424 157.385 157.336 157.274 157.195 157.096 156.972 156.757 156.472 156.208 155.946 155.668 155.39 155.154 154.984 154.834 154.672
-9999 -9999 -9999 -9999 -9999 -9999 -9999 -9999 -9999 144.522 144.69 144.835 144.962 145.147 145.433 145.741 146.013 146.257 146.507 146.865 147.222 147.568 147.9 148.247 148.579 148.857 149.103 149.362 149.607 149.842 150.068 150.298 150.553 150.82 151.085 151.377 151.679 151.983 152.341 152.76 153.164 153.554 153.934 154.309 154.748 155.229 155.668 156.074 156.445 156.811 157.177 157.503 157.735 157.848 157.922 157.948 157.935 157.916 157.891 157.858 157.816 157.761 157.687 157.573 157.4 157.147 156.878 156.641 156.398 156.182 156.013 155.873 155.713 155.563
-9999 -9999 -9999 -9999 -9999 -9999 -9999 144.317 144.442 144.635 144.798 -9999 145.064 145.238 145.509 145.817 146.089 146.35 -9999 147.078 147.427 147.75 148.066 148.382 148.69 148.966 149.237 149.494 149.739 149.973 150.198 150.427 150.681 150.956 151.264 151.574 151.881 152.235 152.666 153.081 153.484 153.878 154.263 154.663 155.125 155.601 156.04 156.456 156.849 157.215 157.581 157.949 158.221 158.346 158.406 158.416 158.412 158.403 158.389 158.37 158.346 158.312 158.237 158.139 157.995 157.784 157.54 157.299 157.08 156.918 156.81 156.705 156.582 156.422
-9999 -9999 -9999 -9999 -9999 -9999 -9999 144.661 -9999 -9999 -9999 145.038 145.161 145.32 -9999 -9999 -9999 -9999 -9999 147.267 147.619 147.937 148.234 148.527 148.809 149.091 149.363 149.62 149.865 150.1 150.325 150.554 150.817 151.141 151.461 151.769 152.11 152.555 152.982 153.397 153.801 154.198 154.592 155.013 155.496 155.965 156.404 156.837 157.246 157.62 157.987 158.356 158.689 158.835 158.88 158.887 158.89 158.89 158.886 158.878 158.863 158.817 158.756 158.671 158.564 158.389 158.171 157.939 157.742 157.619 157.555 157.481 157.392 157.261
-9999 -9999 -9999 -9999 -9999 -9999 -9999 -9999 -9999 144.875 144.996 145.132 145.253 145.394 -9999 -9999 -9999 -9999 -9999 -9999 -9999 -9999 148.406 148.685 148.957 149.222 149.483 149.742 149.988 150.223 150.449 150.689 151.002 151.336 151.654 151.985 152.425 152.867 153.294 153.709 154.117 154.52 154.922 155.362 155.854 156.318 156.768 157.212 157.635 158.031 158.398 158.769 159.129 159.319 159.351 159.363 159.374 159.381 159.386 159.376 159.343 159.302 159.245 159.185 159.108 158.966 158.77 158.565 158.384 158.292 158.256 158.211 158.152 158.043
-9999 -9999 -9999 -9999 -9999 -9999 -9999 -9999 -9999 -9999 145.198 -9999 -9999 -9999 -9999 -9999 -9999 -9999 -9999 -9999 147.961 148.274 148.567 148.844 149.108 149.364 149.616 149.862 150.107 150.344 150.581 150.869 151.196 151.528 151.859 152.274 152.732 153.173 153.602 154.022 154.436 154.846 155.257 -9999 156.204 156.665 157.121 157.577 158.028 158.442 158.817 159.188 159.518 159.768 159.833 159.851 159.867 159.881 159.869 159.843 159.81 159.77 159.73 159.687 159.636 159.521 159.345 159.162 159.01 158.936 158.921 158.902 158.866 158.775
-9999 -9999 -9999 -9999 -9999 -9999 -9999 -9999 -9999 -9999 -9999 -9999 -9999 -9999 -9999 -9999 -9999 -9999 -9999 -9999 148.115 148.426 148.717 148.993 -9999 -9999 -9999 149.997 150.233 150.47 150.75 151.063 151.385 151.72 152.098 152.574 153.032 153.477 153.912 154.339 154.761 155.18 -9999 156.062 156.544 157.007 157.47 157.934 158.397 158.837 159.243 159.607 159.899 160.17 160.319 160.353 160.355 160.342 160.325 160.295 160.267 160.24 160.212 160.183 160.151 160.059 159.899 159.736 159.614 159.556 159.551 159.557 159.537 159.444
-9999 -9999 -9999 -9999 -9999 -9999 -9999 -9999 -9999 -9999 -9999 -9999 -9999 -9999 -9999 -9999 -9999 -9999 -9999 -9999 -9999 -9999 -9999 -9999 -9999 -9999 -9999 150.135 150.369 150.632 150.95 151.256 151.574 151.932 152.394 152.868 153.329 153.782 154.226 154.663 -9999 -9999 155.955 156.417 156.889 157.356 157.821 158.288 158.759 159.222 159.646 159.968 160.262 160.534 160.761 160.817 160.81 160.79 160.767 160.747 160.729 160.712 160.694 160.676 160.658 160.584 160.439 160.29 160.192 160.154 160.144 160.156 160.131 160.035
-9999 -9999 -9999 -9999 -9999 -9999 -9999 -9999 -9999 -9999 -9999 -9999 -9999 -9999 -9999 -9999 -9999 -9999 -9999 -9999 -9999 -9999 -9999 -9999 -9999 -9999 -9999 150.267 150.524 150.84 151.157 151.46 151.78 152.191 152.686 153.158 153.635 -9999 -9999 -9999 -9999 -9999 156.319 156.765 157.241 157.712 158.181 158.65 159.124 159.599 160.007 160.297 160.55 160.808 161.058 161.22 161.241 161.232 161.219 161.207 161.197 161.187 161.177 161.17 161.164 161.098 160.958 160.811 160.717 160.685 160.67 160.686 160.67 160.56
-9999 -9999 -9999 -9999 -9999 -9999 -9999 -9999 -9999 -9999 -9999 -9999 -9999 -9999 -9999 -9999 -9999 -9999 -9999 -9999 -9999 -9999 -9999 -9999 -9999 -9999 -9999 -9999 -9999 151.048 151.365 151.67 152.013 152.49 152.986 153.471 -9999 -9999 -9999 -9999 155.806 156.256 156.684 157.122 157.604 158.079 158.549 159.014 159.479 159.923 160.26 160.541 160.791 161.036 161.278 161.516 161.626 161.636 161.636 161.634 161.631 161.628 161.625 161.623 161.622 161.562 161.426 161.286 161.197 161.169 161.147 161.143 161.11 161.011
-9999 -9999 -9999 -9999 -9999 -9999 -9999 -9999 -9999 -9999 -9999 -9999 -9999 -9999 -9999 -9999 -9999 -9999 -9999 -9999 -9999 -9999 -9999 -9999 -9999 -9999 -9999 -9999 -9999 -9999 151.573 151.884 152.276 152.794 153.3 -9999 -9999 -9999 -9999 155.7 156.161 156.61 157.016 157.455 157.936 158.408 158.872 159.333 159.772 160.136 160.477 160.769 161.014 161.257 161.495 161.731 161.962 162.034 162.038 162.042 162.045 162.048 162.051 162.055 162.062 162.003 161.869 161.735 161.652 161.627 161.606 161.568 161.507 161.406
-9999 -9999 -9999 -9999 -9999 -9999 -9999 -9999 -9999 -9999 -9999 -9999 -9999 -9999 -9999 -9999 -9999 -9999 -9999 -9999 -9999 -9999 -9999 -9999 -9999 -9999 -9999 -9999 -9999 -9999 -9999 -9999 -9999 -9999 -9999 -9999 -9999 -9999 155.573 156.045 156.51 156.935 157.338 157.777 158.252 158.721 159.182 159.618 159.985 160.346 160.696 160.997 161.24 161.479 161.715 161.949 162.182 162.395 162.449 162.456 162.463 162.471 162.479 162.49 162.5 162.442 162.309 162.178 162.098 162.074 162.05 161.984 161.891 161.792
-9999 -9999 -9999 -9999 -9999 -9999 -9999 -9999 -9999 -9999 -9999 -9999 -9999 -9999 -9999 -9999 -9999 -9999 -9999 -9999 -9999 -9999 -9999 -9999 -9999 -9999 -9999 -9999 -9999 -9999 -9999 -9999 -9999 -9999 -9999 -9999 -9999 155.448 155.927 156.405 156.851 157.263 157.669 158.105 158.574 159.037 159.466 159.836 160.201 160.56 160.916 161.221 161.468 161.705 161.939 162.171 162.402 162.631 162.827 162.879 162.89 162.902 162.916 162.932 162.941 162.881 162.749 162.62 162.541 162.518 162.469 162.382 162.271 162.175
-9999 -9999 -9999 -9999 -9999 -9999 -9999 -9999 -9999 -9999 -9999 -9999 -9999 -9999 -9999 -9999 -9999 -9999 -9999 -9999 -9999 -9999 -9999 -9999 -9999 -9999 -9999 -9999 -9999 -9999 -9999 -9999 -9999 -9999 -9999 -9999 -9999 155.803 156.296 156.762 157.185 157.601 158.011 158.443 158.895 159.313 159.69 160.058 160.42 160.778 161.135 161.445 161.698 161.934 162.166 162.397 162.626 162.853 163.078 163.271 163.328 163.345 163.364 163.386 163.39 163.323 163.193 163.067 162.987 162.961 162.885 162.766 162.651 162.558
-9999 -9999 -9999 -9999 -9999 -9999 -9999 -9999 -9999 -9999 -9999 -9999 -9999 -9999 -9999 -9999 -9999 -9999 -9999 -9999 -9999 -9999 -9999 -9999 150.264 150.52 150.918 151.346 -9999 152.109 -9999 -9999 -9999 -9999 -9999 -9999 -9999 -9999 156.665 157.103 157.532 157.952 158.363 158.771 159.158 159.543 159.917 160.283 160.644 161.001 161.357 161.676 161.932 162.166 162.398 162.628 162.855 163.08 163.303 163.524 163.733 163.802 163.826 163.855 163.85 163.773 163.646 163.523 163.441 163.379 163.285 163.151 163.034 162.941
-9999 -9999 -9999 -9999 -9999 -9999 -9999 -9999 -9999 -9999 -9999 -9999 -9999 -9999 -9999 -9999 -9999 -9999 -9999 -9999 -9999 149.637 149.854 150.12 150.388 150.701 151.119 151.543 151.942 152.331 152.767 153.308 -9999 -9999 154.982 155.524 156.044 156.552 157.008 157.453 157.889 158.305 158.675 159.026 159.394 159.776 160.147 160.511 160.871 161.228 161.584 161.908 162.168 162.402 162.634 162.863 163.09 163.313 163.534 163.753 163.973 164.193 164.293 164.341 164.324 164.233 164.109 163.991 163.891 163.795 163.669 163.537 163.421 163.328
-9999 -9999 -9999 -9999 -9999 -9999 -9999 -9999 -9999 -9999 -9999 -9999 -9999 -9999 -9999 -9999 -9999 -9999 -9999 -9999 149.644 149.799 149.989 150.272 150.558 150.922 151.346 151.758 152.174 152.572 153.04 153.637 154.231 154.797 155.348 155.891 156.416 156.894 157.359 157.804 158.209 158.582 158.936 159.279 159.634 160.012 160.38 160.743 161.102 161.46 161.817 162.143 162.408 162.642 162.874 163.103 163.329 163.552 163.772 163.99 164.208 164.428 164.654 164.817 164.816 164.706 164.587 164.474 164.328 164.194 164.056 163.926 163.811 163.719
-9999 -9999 -9999 -9999 -9999 -9999 -9999 -9999 -9999 -9999 -9999 -9999 -9999 -9999 -9999 -9999 -9999 -9999 -9999 -9999 149.806 149.943 150.171 150.464 150.778 151.176 151.598 152.015 152.425 152.837 153.344 153.983 154.593 155.176 155.733 156.26 156.75 157.215 157.655 158.066 158.463 158.843 159.203 159.541 159.887 160.25 160.615 160.977 161.337 161.696 162.056 162.386 162.652 162.886 163.119 163.348 163.575 163.798 164.019 164.236 164.453 164.671 164.895 165.106 165.231 165.182 165.082 164.931 164.754 164.583 164.447 164.32 164.208 164.118
-9999 -9999 -9999 -9999 -9999 -9999 -9999 -9999 -9999 -9999 -9999 -9999 -9999 -9999 -9999 -9999 -9999 -9999 -9999 -9999 149.971 150.127 150.42 150.7 151.032 151.455 151.885 152.299 152.713 153.13 153.681 154.346 154.972 155.549 156.057 156.538 157.0 157.449 157.883 158.304 158.712 159.106 159.476 159.811 160.139 160.487 160.851 161.214 161.576 161.938 162.301 162.633 162.899 163.135 163.368 163.599 163.826 164.052 164.274 164.492 164.708 164.925 165.148 165.328 165.439 165.499 165.498 165.374 165.162 164.98 164.846 164.723 164.613 164.526
-9999 -9999 -9999 -9999 -9999 -9999 -9999 -9999 -9999 -9999 -9999 -9999 -9999 -9999 -9999 -9999 149.493 149.662 -9999 149.978 150.139 150.353 150.615 150.899 151.254 151.706 152.145 152.566 152.976 153.4 153.972 154.638 155.238 155.771 156.272 156.748 157.211 157.662 158.104 158.533 158.95 159.356 159.736 160.068 160.382 160.72 161.087 161.453 161.819 162.186 162.554 162.886 163.152 163.389 163.623 163.854 164.084 164.312 164.538 164.759 164.975 165.19 165.412 165.558 165.632 165.668 165.654 165.6 165.489 165.372 165.257 165.137 165.032 164.948
-9999 -9999 -9999 -9999 -9999 -9999 -9999 -9999 -9999 -9999 -9999 -9999 -9999 -9999 -9999 -9999 149.678 149.848 150.01 150.172 150.344 150.548 150.785 151.061 151.437 151.902 152.347 152.774 153.185 153.618 154.182 154.824 155.409 155.954 156.465 156.952 157.418 157.874 158.318 158.752 159.172 159.579 159.954 160.292 160.616 160.96 161.323 161.696 162.069 162.442 162.816 163.15 163.41 163.648 163.883 164.114 164.346 164.579 164.812 165.039 165.254 165.467 165.653 165.779 165.811 165.793 165.741 165.664 165.588 165.528 165.502 165.476 165.446 165.388
-9999 -9999 -9999 -9999 -9999 -9999 -9999 -9999 -9999 -9999 -9999 -9999 -9999 -9999 -9999 149.668 149.879 150.05 150.216 150.384 150.561 150.754 150.976 151.233 151.619 152.089 152.54 152.969 153.367 153.779 154.33 154.977 155.577 156.134 156.657 157.152 157.626 158.084 158.529 158.963 159.383 159.784 160.16 160.512 160.853 161.2 161.563 161.946 162.327 162.708 163.09 163.422 163.675 163.915 164.149 164.38 164.612 164.849 165.09 165.329 165.544 165.754 165.9 165.96 165.936 165.883 165.804 165.726 165.648 165.572 165.546 165.557 165.574 165.594
-9999 -9999 -9999 -9999 -9999 -9999 -9999 -9999 -9999 -9999 -9999 -9999 -9999 -9999 -9999 -9999 150.09 150.262 150.431 150.603 150.783 150.976 151.185 151.439 151.815 152.269 152.704 153.112 153.5 153.913 154.47 155.127 155.743 156.314 156.848 157.352 157.833 158.295 158.742 159.175 159.594 159.995 160.377 160.741 161.096 161.45 161.82 162.205 162.596 162.987 163.377 163.7 163.95 164.191 164.424 164.653 164.884 165.12 165.362 165.603 -9999 166.016 166.106 166.081 166.024 165.944 165.865 165.786 165.707 165.627 165.575 165.577 165.593 165.975
-9999 -9999 -9999 -9999 -9999 -9999 -9999 -9999 -9999 -9999 -9999 -9999 -9999 -9999 -9999 150.076 150.311 150.484 150.654 150.824 150.998 151.181 151.375 151.611 151.967 152.4 152.823 153.235 153.629 154.046 154.606 155.279 155.908 156.494 157.04 157.554 158.043 158.51 158.96 159.396 159.816 160.221 160.609 160.985 161.353 161.718 162.093 162.48 162.882 163.283 163.677 163.99 164.237 164.48 164.712 164.937 165.166 165.4 165.639 165.881 166.12 -9999 166.224 -9999 166.082 -9999 165.923 -9999 165.764 165.683 165.61 165.592 165.608 165.231
-9999 -9999 -9999 -9999 -9999 -9999 -9999 -9999 -9999 -9999 -9999 -9999 -9999 -9999 -9999 150.284 150.473 150.645 150.813 150.98 151.151 151.328 151.514 151.744 152.095 152.525 152.948 153.36 153.761 154.178 154.738 155.43 156.074 156.676 157.236 157.761 158.258 158.733 159.188 159.628 160.053 160.465 160.862 161.249 161.629 162.008 162.389 162.784 163.19 163.602 163.99 164.287 164.538 164.785 165.015 165.238 165.466 165.701 165.942 166.172 166.31 -9999 -9999 166.215 166.137 -9999 -9999 165.9 165.82 165.739 -9999 -9999 -9999 -9999
-9999 -9999 -9999 -9999 -9999 -9999 -9999 -9999 -9999 -9999 -9999 -9999 -9999 -9999 150.22 150.42 150.601 150.774 150.942 151.11 151.281 151.457 151.641 151.869 152.217 152.649 153.072 153.487 153.895 154.309 154.865 155.58 156.245 156.864 157.439 157.977 158.485 158.968 159.431 159.877 160.31 160.73 161.14 161.539 161.931 162.322 162.716 163.118 163.53 163.953 164.331 164.606 164.857 165.104 165.339 165.564 165.796 166.036 -9999 -9999 -9999 166.413 -9999 -9999 -9999 -9999 -9999 -9999 165.874 -9999 -9999 -9999 -9999 -9999
