Validation/Results/raw data/ReClimate_12_2023_1_Temperatureweatherlogisticsltd.asc
NCOLS 192
NROWS 249
XLLCENTER -225160.85627316462
YLLCENTER 29788.11610251502
CELLSIZE 5000.0
NODATA_VALUE -9999
[rows 102 to 135 of 249, columns 77 to 153 of 192]
-0.15 -0.158 -0.163 -0.144 -9999 -9999 -0.058 -9999 -9999 -0.051 -0.071 -0.097 -0.102 -0.108 -0.108 -0.108 -0.11 -0.112 -0.097 -0.078 -0.05 -0.015 -0.049 -0.089 -0.097 -0.105 -0.075 -0.038 -0.023 -0.003 -0.005 -0.006 -0.024 -0.044 -0.047 -0.048 -0.045 -0.04 -0.046 -0.046 -9999 -9999 -9999 -9999 -9999 -9999 -9999 -9999 -9999 -9999 -9999 -9999 -9999 -9999 -9999 -9999 -9999 -9999 -9999 -9999 -9999 -9999 -9999 -9999 -9999 -9999 -9999 -9999 -9999 -9999 -9999 -9999 -9999 -9999 -9999 -9999 -9999
-0.171 -0.146 -9999 -9999 -9999 -0.07 -0.06 -0.06 -0.057 -0.047 -0.056 -0.055 -0.065 -0.093 -0.093 -0.09 -0.09 -0.085 -0.075 -0.073 -0.055 -0.045 -0.057 -0.03 -0.029 -0.019 0.001 0.002 0.006 -0.008 -0.009 -0.003 -0.02 -0.036 -0.038 -9999 -9999 -0.017 -9999 -9999 -9999 -9999 -9999 -9999 -9999 -9999 -9999 -9999 -9999 -9999 -9999 -9999 -9999 -9999 -9999 -9999 -9999 -9999 -9999 -9999 -9999 -9999 -9999 -9999 -9999 -9999 -9999 -9999 -9999 -9999 -9999 -9999 -9999 -9999 -9999 -9999 -9999
-9999 -0.137 -9999 -9999 -9999 -0.071 -0.067 -0.063 -0.053 -0.043 -0.037 -0.033 -0.052 -0.077 -0.075 -0.072 -0.067 -0.061 -0.059 -0.058 -0.053 -0.046 -0.024 0.003 0.012 0.024 0.025 0.026 0.014 -0.001 0.002 0.007 -0.007 -0.023 -9999 -0.024 -0.015 -0.002 -0.019 -9999 -9999 -9999 -9999 -9999 -9999 -9999 -9999 -9999 -9999 -9999 -9999 -9999 -9999 -9999 -9999 -9999 -9999 -9999 -9999 -9999 -9999 -9999 -9999 -9999 -9999 -9999 -9999 -9999 -9999 -9999 -9999 -9999 -9999 -9999 -9999 -9999 -9999
-9999 -9999 -9999 -0.112 -0.096 -0.081 -0.081 -0.083 -0.074 -0.063 -0.063 -0.071 -0.087 -0.1 -0.086 -0.047 -0.046 -0.055 -0.055 -0.057 -0.049 -0.032 -0.01 0.023 0.026 0.019 0.019 0.022 0.013 0.013 0.016 0.023 -9999 0.003 0.006 0.016 0.01 -0.023 -0.013 -9999 -9999 -9999 -9999 -9999 -9999 -9999 -9999 -9999 -9999 -9999 -9999 -9999 -9999 -9999 -9999 -9999 -9999 -9999 -9999 -9999 -9999 -9999 -9999 -9999 -9999 -9999 -9999 -9999 -9999 -9999 -9999 -9999 -9999 -9999 -9999 -9999 -9999
-9999 -9999 -9999 -0.107 -0.087 -0.08 -0.084 -0.086 -0.076 -0.066 -0.073 -0.081 -0.091 -0.102 -0.067 -0.028 -0.034 -0.042 -0.042 -0.043 -0.031 -0.015 0.01 0.041 0.034 0.027 0.028 0.031 0.029 0.028 0.032 0.039 0.031 0.023 0.031 0.041 0.011 -0.023 -0.026 -0.021 -9999 -9999 -9999 -9999 -9999 -9999 -9999 -9999 -9999 -9999 -9999 -9999 -9999 -9999 -9999 -9999 -9999 -9999 -9999 -9999 -9999 -9999 -9999 -9999 -9999 -9999 -9999 -9999 -9999 -9999 -9999 -9999 -9999 -9999 -9999 -9999 -9999
-9999 -9999 -0.113 -9999 -9999 -0.078 -0.083 -0.085 -0.08 -0.082 -9999 -9999 -0.051 -0.048 -0.027 -0.034 -0.02 0.026 0.025 0.013 0.025 0.034 0.046 0.035 0.03 0.032 0.03 0.027 0.026 0.03 0.03 0.026 0.019 0.022 0.024 0.023 0.005 0.008 0.008 0.016 0.016 -9999 -9999 -9999 -9999 -9999 -9999 -9999 -9999 -9999 -9999 -9999 -9999 -9999 -9999 -9999 -9999 -9999 -9999 -9999 -9999 -9999 -9999 -9999 -9999 -9999 -9999 -9999 -9999 -9999 -9999 -9999 -9999 -9999 -9999 -9999 -9999
-9999 -9999 -0.105 -9999 -0.077 -0.072 -0.077 -0.08 -0.081 -0.083 -0.059 -0.031 -0.026 -0.021 -0.024 -0.03 0.012 0.059 0.051 0.041 0.049 0.06 0.05 0.038 0.039 0.04 0.035 0.031 0.033 0.037 0.031 0.026 0.026 0.027 0.024 0.022 0.023 0.027 0.03 0.036 -9999 -9999 -9999 -9999 -9999 -9999 -9999 -9999 -9999 -9999 -9999 -9999 -9999 -9999 -9999 -9999 -9999 -9999 -9999 -9999 -9999 -9999 -9999 -9999 -9999 -9999 -9999 -9999 -9999 -9999 -9999 -9999 -9999 -9999 -9999 -9999 -9999
-9999 -9999 -0.098 -9999 -0.068 -0.062 -0.076 -0.103 -0.096 -9999 -0.05 -0.034 -9999 0.001 0.006 0.024 0.053 0.059 0.062 0.079 0.076 0.052 0.047 0.052 0.049 0.041 0.038 0.042 0.045 0.053 0.044 0.027 0.033 0.055 0.055 0.056 -9999 -9999 -9999 -9999 -9999 -9999 -9999 -9999 -9999 -9999 -9999 -9999 -9999 -9999 -9999 -9999 -9999 -9999 -9999 -9999 -9999 -9999 -9999 -9999 -9999 -9999 -9999 -9999 -9999 -9999 -9999 -9999 -9999 -9999 -9999 -9999 -9999 -9999 -9999 -9999 -9999
-0.097 -0.096 -9999 -9999 -0.069 -0.055 -0.078 -0.105 -0.085 -0.06 -0.046 -0.03 -9999 0.014 0.031 0.05 0.058 0.063 0.081 0.1 0.08 0.056 0.059 0.064 0.056 0.048 0.049 0.053 0.058 0.066 0.051 0.034 0.051 0.072 0.071 -9999 -9999 -9999 -9999 -9999 -9999 -9999 -9999 -9999 -9999 -9999 -9999 -9999 -9999 -9999 -9999 -9999 -9999 -9999 -9999 -9999 -9999 -9999 -9999 -9999 -9999 -9999 -9999 -9999 -9999 -9999 -9999 -9999 -9999 -9999 -9999 -9999 -9999 -9999 -9999 -9999 -9999
-0.097 -0.097 -9999 -0.088 -0.082 -0.074 -0.082 -9999 -0.07 -0.079 -0.062 -0.029 -9999 0.031 0.049 0.067 0.077 0.088 0.097 0.088 0.067 0.038 0.042 0.053 0.052 0.067 -9999 0.059 0.065 0.077 0.073 0.083 0.088 0.071 -9999 -9999 -9999 -9999 -9999 -9999 -9999 -9999 -9999 -9999 -9999 -9999 -9999 -9999 -9999 -9999 -9999 -9999 -9999 -9999 -9999 -9999 -9999 -9999 -9999 -9999 -9999 -9999 -9999 -9999 -9999 -9999 -9999 -9999 -9999 -9999 -9999 -9999 -9999 -9999 -9999 -9999 -9999
-0.1 -9999 -9999 -0.1 -0.093 -0.084 -9999 -0.061 -0.069 -0.078 -0.053 -0.023 -9999 0.043 0.06 0.079 0.091 0.101 0.096 0.088 0.067 0.039 0.046 0.055 0.066 0.08 0.074 0.068 -9999 -9999 0.097 0.108 -9999 -9999 -9999 -9999 -9999 -9999 0.039 0.025 0.025 -9999 -9999 -9999 -9999 -9999 -9999 -9999 -9999 -9999 -9999 -9999 -9999 -9999 -9999 -9999 -9999 -9999 -9999 -9999 -9999 -9999 -9999 -9999 -9999 -9999 -9999 -9999 -9999 -9999 -9999 -9999 -9999 -9999 -9999 -9999 -9999
-9999 -9999 -0.126 -0.131 -0.121 -0.102 -9999 -0.08 -0.079 -0.063 -0.047 -0.042 -9999 -9999 -9999 0.073 0.08 0.081 0.082 0.094 0.084 0.085 0.093 0.104 0.103 0.08 0.072 0.061 0.065 0.068 0.073 0.081 -9999 -9999 -9999 -9999 -9999 0.069 0.05 0.048 0.034 0.002 -9999 -9999 -9999 -9999 -9999 -9999 -9999 -9999 -9999 -9999 -9999 -9999 -9999 -9999 -9999 -9999 -9999 -9999 -9999 -9999 -9999 -9999 -9999 -9999 -9999 -9999 -9999 -9999 -9999 -9999 -9999 -9999 -9999 -9999 -9999
-9999 -9999 -9999 -0.136 -0.123 -0.106 -9999 -0.08 -9999 -0.05 -0.045 -0.041 -9999 0.059 0.068 0.075 -9999 0.078 0.089 0.101 0.105 0.108 0.117 0.128 0.109 0.086 0.076 0.065 0.065 0.068 0.074 0.081 0.09 0.106 0.096 -9999 0.084 0.08 0.076 0.071 0.047 0.021 0.025 0.027 -9999 -9999 -9999 -9999 -9999 -9999 -9999 -9999 -9999 -9999 -9999 -9999 -9999 -9999 -9999 -9999 -9999 -9999 -9999 -9999 -9999 -9999 -9999 -9999 -9999 -9999 -9999 -9999 -9999 -9999 -9999 -9999 -9999
-9999 -9999 -9999 -0.111 -0.097 -0.08 -9999 -0.073 -9999 -0.014 -0.013 -9999 -0.008 0.035 0.04 0.046 0.055 0.08 0.086 0.083 0.08 0.067 0.087 0.13 0.102 0.056 0.057 0.085 0.092 0.107 0.112 0.114 0.116 0.104 0.094 0.093 0.091 0.099 0.091 0.077 0.064 0.065 0.068 0.066 0.074 0.082 0.109 -9999 -9999 -9999 -9999 -9999 -9999 -9999 -9999 -9999 -9999 -9999 -9999 -9999 -9999 -9999 -9999 -9999 -9999 -9999 -9999 -9999 -9999 -9999 -9999 -9999 -9999 -9999 -9999 -9999 -9999
-9999 -9999 -9999 -0.097 -0.082 -0.065 -0.066 -9999 -9999 0.006 -0.0 -9999 0.0 0.032 0.036 0.04 0.06 0.085 0.084 0.08 0.069 0.057 0.093 0.136 0.098 0.054 0.077 0.104 0.117 0.132 0.134 0.137 0.127 0.112 0.109 0.106 0.111 0.123 0.111 0.097 0.099 0.102 0.1 0.097 0.105 0.115 0.113 0.127 -9999 -9999 -9999 -9999 -9999 -9999 -9999 -9999 -9999 -9999 -9999 -9999 -9999 -9999 -9999 -9999 -9999 -9999 -9999 -9999 -9999 -9999 -9999 -9999 -9999 -9999 -9999 -9999 -9999
-9999 -9999 -9999 -0.085 -0.075 -0.072 -0.064 -9999 -9999 -0.009 -0.019 -9999 -9999 0.004 0.02 0.065 0.077 0.075 0.076 0.083 0.073 0.061 0.1 0.149 0.113 0.068 0.078 0.073 0.085 0.11 0.116 0.135 0.122 0.101 0.102 0.117 0.124 0.128 0.122 0.124 0.124 0.122 0.125 0.136 0.143 0.149 0.144 0.137 -9999 -9999 -9999 -9999 -9999 -9999 -9999 -9999 -9999 -9999 -9999 -9999 -9999 -9999 -9999 -9999 -9999 -9999 -9999 -9999 -9999 -9999 -9999 -9999 -9999 -9999 -9999 -9999 -9999
-9999 -9999 -9999 -0.078 -0.075 -0.07 -9999 -9999 -9999 -9999 -0.012 -9999 -0.003 -0.002 0.036 0.08 0.079 0.075 0.081 0.088 0.078 0.069 0.113 0.162 0.127 0.084 0.078 0.072 0.09 0.112 0.127 0.145 0.127 0.107 0.12 0.139 0.142 0.146 0.148 0.151 0.149 0.147 0.157 0.17 0.176 0.182 0.178 0.172 0.167 -9999 -9999 -9999 -9999 -9999 -9999 -9999 -9999 -9999 -9999 -9999 -9999 -9999 -9999 -9999 -9999 -9999 -9999 -9999 -9999 -9999 -9999 -9999 -9999 -9999 -9999 -9999 -9999
-9999 -0.104 -0.088 -0.081 -0.078 -9999 -9999 -0.029 -9999 -9999 -9999 -9999 0.024 0.017 0.047 0.069 0.063 0.051 0.059 0.078 0.07 0.062 0.096 0.124 0.105 0.106 0.102 0.099 0.119 0.147 0.153 0.144 0.126 0.113 0.119 0.112 0.126 0.171 0.174 0.179 0.183 0.196 0.198 0.185 0.195 0.213 0.212 0.217 0.223 -9999 -9999 -9999 -9999 -9999 -9999 -9999 -9999 -9999 -9999 -9999 -9999 -9999 -9999 -9999 -9999 -9999 -9999 -9999 -9999 -9999 -9999 -9999 -9999 -9999 -9999 -9999 -9999
-9999 -9999 -0.085 -0.08 -0.073 -9999 -0.046 -0.023 -0.001 -9999 -9999 -9999 -9999 0.03 0.048 0.069 0.059 0.048 0.063 0.084 0.079 0.071 0.093 0.12 0.125 0.127 0.124 0.122 0.144 0.171 0.164 0.153 0.141 0.132 0.125 0.116 0.152 0.196 0.2 0.206 0.218 0.232 0.221 0.208 0.224 0.243 0.249 0.255 0.267 0.254 -9999 -9999 -9999 -9999 -9999 -9999 -9999 -9999 -9999 -9999 -9999 -9999 -9999 -9999 -9999 -9999 -9999 -9999 -9999 -9999 -9999 -9999 -9999 -9999 -9999 -9999 -9999
-9999 -9999 -0.138 -0.122 -0.104 -9999 -0.039 -0.03 -0.013 -9999 -9999 -9999 -9999 -9999 0.043 0.055 0.05 0.051 0.066 0.081 0.073 0.059 0.078 0.099 0.116 0.155 0.158 0.169 0.186 0.195 0.184 0.17 0.161 0.148 0.154 0.184 0.204 0.194 0.207 0.241 0.249 0.253 0.247 0.246 0.261 0.279 0.282 0.279 0.288 0.302 0.278 -9999 -9999 -9999 -9999 -9999 -9999 -9999 -9999 -9999 -9999 -9999 -9999 -9999 -9999 -9999 -9999 -9999 -9999 -9999 -9999 -9999 -9999 -9999 -9999 -9999 -9999
-9999 -9999 -0.138 -0.135 -9999 -9999 -0.036 -0.03 -0.013 0.01 -9999 -9999 -9999 -9999 -9999 0.056 0.058 0.063 0.076 0.09 0.08 0.067 0.083 0.103 0.139 0.178 0.188 0.2 0.207 0.213 0.201 0.193 0.182 0.168 0.194 0.225 0.218 0.209 0.236 0.268 0.272 0.277 0.277 0.277 0.292 0.309 0.308 0.306 0.316 0.328 0.304 0.297 0.28 -9999 -9999 -9999 -9999 -9999 -9999 -9999 -9999 -9999 -9999 -9999 -9999 -9999 -9999 -9999 -9999 -9999 -9999 -9999 -9999 -9999 -9999 -9999 -9999
-9999 -9999 -0.135 -0.127 -9999 -9999 -0.037 -0.022 -0.008 -9999 -9999 -9999 -9999 -9999 -9999 0.045 0.06 0.094 0.103 0.102 0.097 0.098 0.117 0.139 0.176 0.216 0.22 0.214 0.205 0.175 0.171 0.179 0.171 0.173 0.203 0.251 0.249 0.254 0.277 0.293 0.296 0.296 0.297 0.296 0.311 0.331 0.331 0.329 0.34 0.353 0.338 0.316 0.311 -9999 -9999 -9999 -9999 -9999 -9999 -9999 -9999 -9999 -9999 -9999 -9999 -9999 -9999 -9999 -9999 -9999 -9999 -9999 -9999 -9999 -9999 -9999 -9999
-9999 -9999 -0.13 -0.122 -9999 -9999 -9999 -0.017 -0.007 0.009 -9999 -9999 -9999 -9999 -9999 0.051 0.082 0.116 0.117 0.117 0.12 0.123 0.142 0.164 0.201 0.241 0.237 0.228 0.201 0.174 0.18 0.186 0.187 0.188 0.227 0.273 0.279 0.285 0.3 0.316 0.317 0.318 0.318 0.318 0.335 0.356 0.356 0.354 0.366 0.377 0.363 0.345 0.335 -9999 -9999 -9999 -9999 -9999 -9999 -9999 -9999 -9999 -9999 -9999 -9999 -9999 -9999 -9999 -9999 -9999 -9999 -9999 -9999 -9999 -9999 -9999 -9999
-9999 -0.141 -0.134 -0.126 -9999 -9999 -9999 -9999 -9999 -9999 -9999 -9999 -9999 -9999 -9999 0.053 0.082 0.105 0.108 0.115 0.122 0.137 0.155 0.174 0.204 0.227 0.224 0.23 0.217 0.229 0.226 0.199 0.213 0.251 0.277 0.282 0.289 0.3 0.312 0.324 0.328 0.335 0.343 0.361 0.371 0.366 0.371 0.381 0.394 0.408 0.409 0.4 0.375 0.338 -9999 -9999 -9999 -9999 -9999 -9999 -9999 -9999 -9999 -9999 -9999 -9999 -9999 -9999 -9999 -9999 -9999 -9999 -9999 -9999 -9999 -9999 -9999
-0.141 -0.142 -0.134 -0.125 -9999 -9999 -9999 -9999 -9999 -9999 -9999 -9999 -9999 0.047 0.05 0.062 0.087 0.111 0.119 0.127 0.141 0.155 0.171 0.19 0.21 0.228 0.234 0.24 0.249 0.262 0.242 0.217 0.249 0.287 0.292 0.297 0.307 0.318 0.328 0.34 0.347 0.355 0.373 0.392 0.389 0.385 0.395 0.404 0.417 0.432 0.432 0.429 0.405 0.36 -9999 -9999 -9999 -9999 -9999 -9999 -9999 -9999 -9999 -9999 -9999 -9999 -9999 -9999 -9999 -9999 -9999 -9999 -9999 -9999 -9999 -9999 -9999
-0.147 -0.149 -0.134 -9999 -9999 -9999 -9999 -9999 -9999 -9999 -9999 -9999 -9999 0.049 0.06 0.075 0.097 0.111 0.12 0.12 0.13 0.139 0.164 0.21 0.231 0.258 0.25 0.219 0.232 0.257 0.252 0.271 0.292 0.294 0.306 0.33 0.341 0.351 0.357 0.353 0.363 0.378 0.395 0.412 0.409 0.403 0.414 0.429 0.442 0.456 0.449 0.442 0.452 0.389 -9999 -9999 -9999 -9999 -9999 -9999 -9999 -9999 -9999 -9999 -9999 -9999 -9999 -9999 -9999 -9999 -9999 -9999 -9999 -9999 -9999 -9999 -9999
-9999 -9999 -9999 -9999 -9999 -9999 -9999 -9999 -9999 -9999 -9999 -9999 -9999 0.053 0.073 0.089 0.105 0.12 0.126 0.13 0.139 0.145 0.182 0.226 0.251 0.278 0.252 0.224 0.244 0.267 0.284 0.303 0.305 0.308 0.33 0.353 0.364 0.375 0.373 0.37 0.384 0.4 0.415 0.431 0.428 0.423 0.436 0.449 0.461 0.473 0.465 0.454 0.464 0.428 -9999 -9999 -9999 -9999 -9999 -9999 -9999 -9999 -9999 -9999 -9999 -9999 -9999 -9999 -9999 -9999 -9999 -9999 -9999 -9999 -9999 -9999 -9999
-9999 -9999 -9999 -9999 -9999 -9999 -9999 -9999 -9999 -9999 -9999 -9999 0.042 0.077 0.08 0.054 0.075 0.109 0.122 0.143 0.151 0.155 0.187 0.217 0.252 0.311 0.299 0.296 0.303 0.285 0.306 0.34 0.342 0.343 0.357 0.36 0.372 0.389 0.388 0.388 0.402 0.418 0.43 0.442 0.434 0.416 0.432 0.466 0.453 0.449 0.447 0.438 0.444 0.473 -9999 -9999 -9999 -9999 -9999 -9999 -9999 -9999 -9999 -9999 -9999 -9999 -9999 -9999 -9999 -9999 -9999 -9999 -9999 -9999 -9999 -9999 -9999
-9999 -9999 -9999 -9999 -9999 -9999 -9999 -9999 -9999 -9999 -9999 -9999 0.062 0.092 0.075 0.05 0.081 0.113 0.132 0.152 0.16 0.166 0.194 0.224 0.275 0.334 0.336 0.335 0.322 0.304 0.332 0.365 0.366 0.368 0.371 0.374 0.389 0.405 0.407 0.407 0.421 0.436 0.446 0.457 0.442 0.42 0.447 0.479 0.466 0.449 0.445 0.441 0.446 0.45 -9999 -9999 -9999 -9999 -9999 -9999 -9999 -9999 -9999 -9999 -9999 -9999 -9999 -9999 -9999 -9999 -9999 -9999 -9999 -9999 -9999 -9999 -9999
-9999 -9999 -9999 -9999 -9999 -9999 -9999 -9999 -9999 -9999 -9999 0.033 0.066 0.064 0.063 0.085 0.109 0.12 0.134 0.139 0.161 0.209 0.237 0.26 0.29 0.282 0.292 0.316 0.311 0.324 0.343 0.354 0.353 0.352 0.368 0.413 0.424 0.429 0.429 0.424 0.437 0.45 0.457 0.46 0.454 0.462 0.478 0.474 0.466 0.451 0.465 0.47 0.468 0.462 0.472 -9999 -9999 -9999 -9999 -9999 -9999 -9999 -9999 -9999 -9999 -9999 -9999 -9999 -9999 -9999 -9999 -9999 -9999 -9999 -9999 -9999 -9999
-9999 -9999 -9999 -9999 -9999 -9999 -9999 -9999 -9999 -9999 0.015 0.04 0.051 0.056 0.08 0.103 0.117 0.129 0.135 0.141 0.183 0.231 0.255 0.28 0.276 0.273 0.3 0.322 0.333 0.344 0.353 0.361 0.36 0.358 0.396 0.44 0.444 0.449 0.446 0.442 0.455 0.466 0.47 0.472 0.48 0.487 0.483 0.479 0.471 0.46 0.471 0.485 0.481 0.476 0.472 -9999 -9999 -9999 -9999 -9999 -9999 -9999 -9999 -9999 -9999 -9999 -9999 -9999 -9999 -9999 -9999 -9999 -9999 -9999 -9999 -9999 -9999
-9999 -9999 -9999 -9999 -9999 -9999 -9999 -9999 -9999 -9999 0.008 0.016 0.032 0.063 0.089 0.115 0.129 0.141 0.157 0.187 0.225 0.255 0.266 0.255 0.262 0.289 0.319 0.355 0.363 0.36 0.366 0.369 0.377 0.403 0.429 0.439 0.44 0.436 0.436 0.443 0.449 0.448 0.45 0.454 0.462 0.479 0.481 0.493 0.479 0.465 0.471 0.48 0.495 0.503 0.484 -9999 -9999 -9999 -9999 -9999 -9999 -9999 -9999 -9999 -9999 -9999 -9999 -9999 -9999 -9999 -9999 -9999 -9999 -9999 -9999 -9999 -9999
-9999 -9999 -9999 -9999 -9999 -9999 -9999 -9999 -9999 -0.024 -0.012 0.009 0.038 0.069 0.097 0.125 0.138 0.151 0.18 0.211 0.239 0.269 0.263 0.252 0.275 0.302 0.337 0.374 0.374 0.372 0.377 0.382 0.406 0.434 0.442 0.451 0.448 0.444 0.45 0.456 0.455 0.45 0.454 0.455 0.467 0.481 0.49 0.501 0.487 0.471 0.476 0.482 0.496 0.515 0.498 0.473 -9999 -9999 -9999 -9999 -9999 -9999 -9999 -9999 -9999 -9999 -9999 -9999 -9999 -9999 -9999 -9999 -9999 -9999 -9999 -9999 -9999
-9999 -9999 -9999 -9999 -9999 -9999 -9999 -9999 -0.056 -9999 -0.027 0.014 0.042 0.064 0.103 0.157 0.176 0.192 0.206 0.191 0.225 0.281 0.285 0.302 0.319 0.319 0.337 0.328 0.332 0.348 0.37 0.42 0.441 0.456 0.462 0.46 0.465 0.483 0.482 0.46 0.453 0.438 0.442 0.457 0.472 0.494 0.495 0.48 0.506 0.515 0.479 0.46 0.475 0.491 0.501 0.476 -9999 -9999 -9999 -9999 -9999 -9999 -9999 -9999 -9999 -9999 -9999 -9999 -9999 -9999 -9999 -9999 -9999 -9999 -9999 -9999 -9999
