Validation/Results/raw data/ReClimate_03_2024_1.asc
NCOLS 192
NROWS 249
XLLCENTER -225160.85627316462
YLLCENTER 29788.11610251502
CELLSIZE 5000.0
NODATA_VALUE -9999
[rows 132 to 164 of 249, columns 74 to 147 of 192]
-9999 -9999 -9999 -9999 -9999 -9999 -9999 -9999 -9999 -9999 -9999 -9999 -9999 97.774 97.844 98.063 98.272 98.485 98.704 98.915 99.118 99.316 99.509 99.697 99.883 100.065 100.246 100.437 100.699 101.027 101.332 101.616 101.878 102.128 102.371 102.617 102.874 103.144 103.425 103.715 104.008 104.303 104.601 104.961 105.424 105.872 106.288 106.591 106.854 107.111 107.363 107.605 107.832 108.044 108.248 108.443 108.63 108.807 -9999 -9999 -9999 -9999 -9999 -9999 -9999 -9999 -9999 -9999 -9999 -9999 -9999 -9999 -9999 -9999
99.519 -9999 -9999 -9999 -9999 -9999 -9999 -9999 -9999 -9999 -9999 -9999 -9999 97.912 98.101 98.311 98.52 98.736 98.955 99.172 99.381 99.586 99.785 99.981 100.174 100.366 100.556 100.762 101.056 101.381 101.677 101.954 102.218 102.478 102.734 102.99 103.253 103.525 103.804 104.089 104.378 104.67 104.985 105.41 105.857 106.289 106.651 106.93 107.193 107.445 107.68 107.891 108.099 108.295 108.48 108.66 108.835 109.006 -9999 -9999 -9999 -9999 -9999 -9999 -9999 -9999 -9999 -9999 -9999 -9999 -9999 -9999 -9999 -9999
99.578 -9999 -9999 -9999 -9999 -9999 -9999 -9999 -9999 -9999 -9999 -9999 98.014 98.115 98.336 98.554 98.769 98.988 99.209 99.433 99.65 99.861 100.069 100.273 100.475 100.676 100.877 101.115 101.436 101.758 102.051 102.329 102.598 102.861 103.12 103.382 103.648 103.922 104.201 104.485 104.771 105.061 105.422 105.894 106.351 106.75 107.029 107.287 107.528 107.753 107.963 108.161 108.345 108.526 108.699 108.868 109.032 109.193 109.31 -9999 -9999 -9999 -9999 -9999 -9999 -9999 -9999 -9999 -9999 -9999 -9999 -9999 -9999 -9999
99.644 -9999 -9999 -9999 -9999 -9999 -9999 -9999 -9999 -9999 -9999 98.183 -9999 98.337 98.566 98.792 99.017 99.242 99.472 99.701 99.926 100.146 100.362 100.575 100.787 100.999 101.211 101.479 101.823 102.144 102.441 102.723 102.996 103.263 103.528 103.794 104.065 104.339 104.618 104.899 105.19 105.524 105.968 106.43 106.839 107.12 107.371 107.603 107.82 108.024 108.217 108.396 108.572 108.739 108.902 109.059 109.213 109.366 109.495 -9999 -9999 -9999 -9999 -9999 -9999 -9999 -9999 -9999 -9999 -9999 -9999 -9999 -9999 -9999
99.715 99.635 -9999 -9999 -9999 -9999 -9999 -9999 -9999 -9999 -9999 98.295 -9999 98.554 98.793 99.029 99.264 99.501 99.74 99.979 100.212 100.441 100.666 100.89 101.112 101.336 101.561 101.856 102.218 102.536 102.835 -9999 -9999 -9999 -9999 -9999 -9999 104.766 105.05 105.357 105.692 106.068 106.517 106.925 107.213 107.457 107.683 107.893 108.091 108.277 108.454 108.623 108.782 108.938 109.089 109.237 109.382 109.527 109.662 109.697 -9999 -9999 -9999 -9999 -9999 -9999 -9999 -9999 -9999 -9999 -9999 -9999 -9999 -9999
99.791 99.712 99.632 -9999 -9999 -9999 -9999 -9999 -9999 -9999 -9999 98.434 98.517 98.77 99.019 99.267 99.514 99.763 100.015 100.267 100.512 100.75 100.986 101.22 101.454 101.69 101.931 102.252 102.616 102.934 103.236 -9999 -9999 -9999 -9999 104.64 104.918 105.21 105.549 105.89 106.226 106.619 107.025 107.316 107.554 107.772 107.974 108.164 108.343 108.513 108.675 108.828 108.978 109.124 109.265 109.403 109.54 109.677 109.808 109.929 -9999 -9999 -9999 -9999 -9999 -9999 -9999 -9999 -9999 -9999 -9999 -9999 -9999 -9999
99.833 99.794 99.715 99.637 -9999 -9999 -9999 -9999 -9999 -9999 -9999 98.633 98.721 98.986 -9999 -9999 99.769 100.033 100.3 100.568 -9999 101.083 101.323 101.569 101.815 102.064 102.327 102.663 103.021 -9999 -9999 -9999 -9999 -9999 104.786 105.071 105.381 105.74 106.087 106.421 106.764 107.14 107.428 107.662 107.873 108.067 108.247 108.417 108.579 108.734 108.884 109.027 109.164 109.299 109.43 109.559 109.688 109.818 109.951 110.085 -9999 -9999 -9999 -9999 -9999 -9999 -9999 -9999 -9999 -9999 -9999 -9999 -9999 -9999
99.856 99.835 99.8 99.715 -9999 -9999 -9999 -9999 -9999 -9999 -9999 -9999 98.951 99.206 -9999 -9999 -9999 100.313 100.597 100.886 101.17 -9999 -9999 101.948 102.201 102.464 102.748 103.084 -9999 -9999 -9999 -9999 -9999 104.931 105.219 105.552 105.92 106.275 106.617 106.946 107.272 107.546 107.782 107.988 108.173 108.343 108.503 108.656 108.802 108.944 109.08 109.21 109.339 109.465 109.587 109.708 109.828 109.952 110.081 110.215 -9999 -9999 -9999 -9999 -9999 -9999 -9999 -9999 -9999 -9999 -9999 -9999 -9999 -9999
99.856 99.857 99.831 -9999 -9999 -9999 -9999 -9999 -9999 -9999 -9999 -9999 -9999 99.445 -9999 -9999 -9999 -9999 100.913 101.225 101.526 -9999 -9999 -9999 102.697 102.905 -9999 -9999 -9999 -9999 -9999 -9999 -9999 105.376 105.713 106.088 106.449 106.799 107.132 107.419 107.655 107.907 108.116 108.294 108.453 108.601 108.743 108.88 109.013 109.142 109.268 109.391 109.508 109.625 109.739 109.851 109.962 110.081 110.208 110.34 -9999 -9999 -9999 -9999 -9999 -9999 -9999 -9999 -9999 -9999 -9999 -9999 -9999 -9999
99.854 99.855 -9999 -9999 -9999 -9999 -9999 -9999 -9999 -9999 -9999 -9999 -9999 99.714 -9999 -9999 -9999 -9999 -9999 101.59 101.918 -9999 -9999 -9999 -9999 -9999 -9999 -9999 -9999 -9999 -9999 -9999 -9999 105.873 106.251 106.616 106.969 107.296 107.555 107.77 108.014 108.249 108.431 108.578 108.713 108.842 108.968 109.091 109.212 109.331 109.447 109.559 109.671 109.781 109.888 109.994 110.101 110.214 110.337 110.465 110.609 -9999 -9999 -9999 -9999 -9999 -9999 -9999 -9999 -9999 -9999 -9999 -9999 -9999
99.853 -9999 99.854 99.855 99.839 99.839 -9999 -9999 -9999 -9999 -9999 -9999 -9999 100.005 -9999 -9999 -9999 -9999 -9999 -9999 -9999 -9999 -9999 -9999 -9999 -9999 -9999 -9999 -9999 -9999 -9999 -9999 106.032 106.418 106.786 107.13 107.425 107.656 107.87 108.092 108.343 108.57 108.72 108.839 108.959 109.076 109.191 109.304 109.415 109.523 109.63 109.738 109.848 109.956 110.062 110.167 110.273 110.383 110.5 110.622 110.748 110.881 -9999 -9999 -9999 -9999 -9999 -9999 -9999 -9999 -9999 -9999 -9999 -9999
99.851 99.852 99.853 99.853 99.854 99.855 -9999 -9999 -9999 -9999 -9999 -9999 -9999 -9999 -9999 -9999 -9999 -9999 -9999 -9999 -9999 -9999 -9999 -9999 -9999 -9999 -9999 -9999 -9999 -9999 -9999 106.282 106.603 106.964 107.27 107.518 107.737 107.949 108.155 108.379 108.636 108.847 108.989 109.104 109.214 109.321 109.427 109.531 109.641 109.752 109.86 109.966 110.067 110.166 110.264 110.361 110.46 110.565 110.676 110.793 110.913 111.036 -9999 -9999 -9999 -9999 -9999 -9999 -9999 -9999 -9999 -9999 -9999 -9999
99.85 99.85 99.851 99.852 -9999 99.853 99.854 -9999 -9999 -9999 -9999 -9999 -9999 -9999 -9999 -9999 -9999 -9999 -9999 -9999 -9999 -9999 -9999 -9999 -9999 -9999 -9999 -9999 -9999 -9999 -9999 106.749 107.105 107.368 107.598 107.815 108.027 108.247 108.455 108.675 108.905 109.093 109.234 109.351 109.456 109.561 109.673 109.785 109.896 110.002 110.104 110.203 110.296 110.388 110.479 110.57 110.662 110.757 110.857 110.964 111.078 111.169 111.207 111.17 -9999 -9999 -9999 -9999 -9999 -9999 -9999 -9999 -9999 -9999
99.848 99.849 99.85 99.85 -9999 -9999 99.852 -9999 -9999 -9999 -9999 -9999 -9999 -9999 -9999 -9999 -9999 -9999 -9999 -9999 -9999 -9999 -9999 -9999 -9999 -9999 -9999 -9999 -9999 -9999 -9999 107.107 107.45 107.683 107.909 108.141 108.364 108.569 108.759 108.953 109.154 109.325 109.463 109.583 109.702 109.822 109.935 110.043 110.145 110.243 110.338 110.427 110.516 110.604 110.69 110.776 110.864 110.955 111.049 111.146 111.246 111.287 111.282 111.252 111.22 111.176 111.04 -9999 -9999 -9999 -9999 -9999 -9999 -9999
99.847 99.847 99.848 99.849 99.849 -9999 99.938 -9999 -9999 -9999 -9999 -9999 -9999 -9999 -9999 -9999 -9999 -9999 -9999 -9999 -9999 -9999 -9999 -9999 -9999 -9999 -9999 -9999 -9999 -9999 107.108 107.46 107.783 108.037 108.279 108.498 108.697 108.88 109.048 109.221 109.399 109.558 109.7 109.841 109.967 110.081 110.188 110.288 110.383 110.475 110.563 110.648 110.731 110.813 110.895 110.978 111.062 111.149 111.239 111.332 111.381 111.388 111.351 111.317 111.283 111.246 111.206 111.162 110.8 -9999 -9999 -9999 -9999 -9999
99.845 99.681 99.234 99.416 -9999 100.038 -9999 -9999 -9999 -9999 -9999 -9999 -9999 -9999 -9999 -9999 -9999 -9999 -9999 -9999 -9999 -9999 -9999 -9999 -9999 -9999 -9999 -9999 -9999 -9999 -9999 107.877 108.19 108.432 108.647 108.842 109.019 109.182 109.331 109.485 109.65 109.818 109.972 110.106 110.224 110.331 110.431 110.525 110.614 110.699 110.782 110.861 110.94 111.019 111.097 111.176 111.257 111.34 111.426 111.483 111.497 111.465 111.422 111.377 111.331 111.291 111.25 111.209 111.166 110.906 -9999 -9999 -9999 -9999
99.844 99.591 99.568 99.946 100.145 100.267 -9999 -9999 -9999 -9999 -9999 -9999 -9999 -9999 -9999 -9999 -9999 -9999 -9999 -9999 -9999 -9999 -9999 -9999 -9999 -9999 -9999 -9999 -9999 -9999 -9999 -9999 108.583 108.81 109.008 109.179 109.337 109.481 109.614 109.759 109.94 110.103 110.243 110.365 110.475 110.575 110.668 110.756 110.839 110.919 110.997 111.073 111.147 111.221 111.296 111.372 111.45 111.53 111.589 111.599 111.57 111.526 111.479 111.432 111.383 111.332 111.287 111.244 111.201 111.156 110.989 -9999 -9999 -9999
99.242 99.88 99.86 100.086 100.365 -9999 -9999 -9999 -9999 -9999 -9999 -9999 -9999 -9999 -9999 -9999 -9999 -9999 -9999 -9999 -9999 -9999 -9999 -9999 -9999 -9999 -9999 -9999 -9999 -9999 -9999 -9999 108.918 109.159 109.345 109.512 109.653 109.781 109.913 110.08 110.242 110.386 110.511 110.623 110.724 110.816 110.902 110.984 111.062 111.137 111.21 111.282 111.352 111.423 111.494 111.567 111.641 111.693 111.699 111.673 111.625 111.578 111.53 111.482 111.433 111.382 111.33 111.28 111.235 111.19 111.151 110.994 -9999 -9999
100.033 100.052 100.081 100.338 100.615 -9999 -9999 -9999 -9999 -9999 -9999 -9999 -9999 -9999 -9999 -9999 -9999 -9999 -9999 -9999 -9999 -9999 -9999 -9999 -9999 -9999 -9999 -9999 -9999 -9999 -9999 -9999 -9999 109.474 109.661 109.779 109.853 110.102 110.256 110.403 110.542 110.668 110.78 110.88 110.971 111.056 111.135 111.21 111.282 111.353 111.421 111.488 111.556 111.624 111.693 111.757 111.8 111.801 111.773 111.724 111.676 111.628 111.579 111.531 111.481 111.43 111.378 111.324 111.271 111.223 111.182 111.156 -9999 -9999
100.222 -9999 -9999 -9999 -9999 -9999 -9999 -9999 -9999 -9999 -9999 -9999 -9999 -9999 -9999 -9999 -9999 -9999 -9999 -9999 -9999 -9999 -9999 -9999 -9999 -9999 -9999 -9999 -9999 -9999 -9999 -9999 -9999 109.766 109.961 110.055 110.269 110.447 110.598 110.725 110.845 110.953 111.05 111.138 111.219 111.295 111.367 111.437 111.503 111.569 111.633 111.696 111.761 111.823 111.88 111.911 111.903 111.872 111.822 111.773 111.725 111.676 111.627 111.578 111.528 111.477 111.425 111.37 111.314 111.257 111.217 111.191 111.167 -9999
100.416 -9999 -9999 -9999 -9999 -9999 -9999 -9999 -9999 -9999 -9999 -9999 -9999 -9999 -9999 -9999 -9999 -9999 -9999 -9999 -9999 -9999 -9999 -9999 -9999 -9999 -9999 -9999 -9999 -9999 -9999 -9999 -9999 -9999 110.257 110.409 110.598 110.77 110.921 111.049 111.15 111.24 111.322 111.398 111.469 111.537 111.602 111.664 111.726 111.786 111.847 111.907 111.962 112.012 112.025 112.007 111.97 111.92 111.87 111.821 111.772 111.723 111.674 111.625 111.574 111.523 111.47 111.415 111.358 111.3 111.255 111.228 111.204 -9999
100.617 -9999 -9999 -9999 -9999 -9999 -9999 -9999 -9999 -9999 -9999 -9999 -9999 -9999 -9999 -9999 -9999 -9999 -9999 -9999 -9999 -9999 -9999 -9999 -9999 -9999 -9999 -9999 -9999 -9999 -9999 -9999 -9999 -9999 110.577 -9999 110.912 111.075 111.225 111.356 -9999 111.533 111.6 111.663 111.723 111.782 111.839 111.895 111.951 112.006 112.062 112.11 112.146 112.14 112.114 112.068 112.017 111.967 111.917 111.868 111.819 111.77 111.72 111.67 111.619 111.567 111.514 111.459 111.402 111.347 111.3 111.267 111.241 111.215
-9999 -9999 -9999 -9999 -9999 -9999 -9999 -9999 -9999 -9999 -9999 -9999 -9999 -9999 -9999 -9999 -9999 -9999 -9999 -9999 -9999 -9999 -9999 -9999 -9999 -9999 -9999 -9999 -9999 -9999 -9999 -9999 -9999 -9999 -9999 111.057 111.222 -9999 -9999 -9999 -9999 111.83 111.883 111.933 111.982 112.031 112.08 112.129 112.179 112.23 112.278 112.297 112.251 112.218 112.164 112.108 112.053 111.999 111.946 111.895 111.844 111.794 111.744 111.695 111.646 111.596 111.546 111.496 111.442 111.393 111.35 111.31 111.277 111.25
-9999 -9999 -9999 -9999 -9999 -9999 -9999 -9999 -9999 -9999 -9999 -9999 -9999 -9999 -9999 -9999 -9999 -9999 -9999 -9999 -9999 -9999 -9999 -9999 -9999 -9999 -9999 -9999 -9999 -9999 -9999 -9999 -9999 -9999 -9999 111.281 111.539 -9999 -9999 -9999 -9999 112.152 112.205 112.238 112.272 112.307 112.343 112.381 112.42 112.446 112.423 112.361 112.302 112.241 112.183 112.126 112.069 112.013 111.959 111.907 111.855 111.804 111.754 111.704 111.655 111.606 111.556 111.506 111.459 111.419 111.388 111.355 111.316 111.284
-9999 -9999 -9999 -9999 -9999 -9999 -9999 -9999 -9999 -9999 -9999 -9999 -9999 -9999 -9999 -9999 -9999 -9999 -9999 -9999 -9999 -9999 -9999 -9999 -9999 -9999 -9999 -9999 -9999 -9999 -9999 -9999 -9999 -9999 -9999 111.403 -9999 -9999 -9999 -9999 112.103 112.487 112.538 112.558 112.576 112.598 112.622 112.636 112.61 112.548 112.469 112.392 112.316 112.251 112.191 112.133 112.077 112.022 111.968 111.915 111.863 111.811 111.761 111.71 111.66 111.61 111.559 111.508 111.465 111.43 111.4 111.371 111.341 111.311
-9999 -9999 -9999 -9999 -9999 -9999 -9999 -9999 -9999 -9999 -9999 -9999 -9999 -9999 -9999 -9999 -9999 -9999 -9999 -9999 -9999 -9999 -9999 -9999 -9999 -9999 -9999 -9999 -9999 -9999 -9999 -9999 -9999 -9999 -9999 -9999 -9999 -9999 -9999 -9999 112.707 112.796 112.846 112.875 112.867 112.833 112.804 112.749 112.667 112.578 112.495 112.417 112.344 112.272 112.205 112.142 112.085 112.03 111.976 111.923 111.87 111.818 111.766 111.715 111.663 111.612 111.561 111.512 111.471 111.438 111.407 111.376 111.345 111.314
-9999 -9999 -9999 -9999 -9999 -9999 -9999 -9999 -9999 -9999 -9999 -9999 -9999 -9999 -9999 -9999 -9999 -9999 -9999 -9999 -9999 -9999 -9999 -9999 -9999 -9999 -9999 -9999 -9999 -9999 -9999 -9999 -9999 -9999 -9999 -9999 -9999 -9999 -9999 -9999 112.95 113.008 113.042 113.038 112.996 112.938 112.87 112.783 112.688 112.602 112.522 112.447 112.376 112.307 112.238 112.169 112.101 112.04 111.983 111.929 111.875 111.822 111.77 111.717 111.665 111.612 111.559 111.515 111.478 111.445 111.412 111.38 111.348 111.315
-9999 -9999 -9999 -9999 -9999 -9999 -9999 -9999 -9999 -9999 -9999 -9999 -9999 -9999 -9999 -9999 -9999 -9999 -9999 -9999 -9999 -9999 -9999 -9999 -9999 -9999 -9999 -9999 -9999 -9999 -9999 -9999 -9999 -9999 -9999 -9999 -9999 -9999 -9999 112.956 113.02 113.074 113.108 113.104 113.071 112.988 112.902 112.801 112.709 112.625 112.548 112.476 112.407 112.341 112.274 112.206 112.136 112.064 111.994 111.934 111.88 111.826 111.772 111.718 111.664 111.611 111.562 111.519 111.484 111.449 111.415 111.382 111.348 111.314
-9999 -9999 -9999 -9999 -9999 -9999 -9999 -9999 -9999 -9999 -9999 -9999 -9999 -9999 -9999 -9999 -9999 -9999 -9999 -9999 -9999 -9999 -9999 -9999 -9999 -9999 -9999 -9999 -9999 -9999 -9999 -9999 -9999 -9999 -9999 -9999 -9999 -9999 -9999 112.981 113.045 113.106 113.141 113.142 113.091 113.021 112.919 112.819 112.73 112.648 112.573 112.503 112.437 112.373 112.308 112.24 112.17 112.098 112.024 111.95 111.885 111.827 111.772 111.717 111.662 111.609 111.563 111.524 111.487 111.451 111.416 111.381 111.346 111.31
-9999 -9999 -9999 -9999 -9999 -9999 -9999 -9999 -9999 -9999 -9999 -9999 -9999 -9999 -9999 -9999 -9999 -9999 -9999 -9999 -9999 -9999 -9999 -9999 -9999 -9999 -9999 -9999 -9999 -9999 -9999 -9999 -9999 -9999 -9999 -9999 -9999 -9999 112.938 113.007 113.071 113.126 113.149 113.143 113.109 113.044 112.936 112.838 112.75 112.67 112.596 112.528 112.464 112.403 112.34 112.272 112.201 112.128 112.055 111.98 111.903 111.831 111.77 111.713 111.657 111.609 111.565 111.526 111.488 111.451 111.414 111.378 111.341 111.304
-9999 -9999 -9999 -9999 -9999 -9999 -9999 -9999 -9999 -9999 -9999 -9999 -9999 -9999 -9999 -9999 -9999 -9999 -9999 -9999 -9999 -9999 -9999 -9999 -9999 -9999 -9999 -9999 -9999 -9999 -9999 -9999 -9999 -9999 -9999 -9999 -9999 -9999 112.964 113.033 113.091 113.119 113.135 113.136 113.12 113.046 112.954 112.857 112.771 112.692 112.619 112.551 112.487 112.427 112.365 112.298 112.227 112.155 112.081 112.007 111.93 111.85 111.771 111.708 111.656 111.609 111.567 111.527 111.487 111.448 111.41 111.372 111.334 111.296
-9999 -9999 -9999 -9999 -9999 -9999 -9999 -9999 -9999 -9999 -9999 -9999 -9999 -9999 -9999 -9999 -9999 -9999 -9999 -9999 -9999 -9999 -9999 -9999 -9999 -9999 -9999 -9999 -9999 -9999 -9999 -9999 -9999 -9999 -9999 -9999 -9999 -9999 112.991 113.054 113.085 113.101 113.118 113.129 113.113 113.052 112.973 112.877 112.791 112.713 112.64 112.572 112.508 112.446 112.384 112.318 112.249 112.178 112.105 112.03 111.953 111.874 111.791 111.711 111.655 111.61 111.566 111.524 111.483 111.442 111.402 111.363 111.324 111.284
-9999 -9999 -9999 -9999 -9999 -9999 -9999 -9999 -9999 -9999 -9999 -9999 -9999 -9999 -9999 -9999 -9999 -9999 -9999 -9999 -9999 -9999 -9999 -9999 -9999 -9999 -9999 -9999 -9999 -9999 -9999 -9999 -9999 -9999 -9999 -9999 -9999 -9999 -9999 113.04 113.07 113.088 113.105 113.117 113.096 113.058 112.987 112.898 112.812 112.733 112.66 112.592 112.527 112.463 112.4 112.335 112.267 112.197 112.125 112.051 111.974 111.894 111.815 111.736 111.661 111.608 111.563 111.519 111.476 111.433 111.392 111.351 -9999 111.269
