Validation/Results/raw data/ReClimate_05_2024_1_Temperature.asc
NCOLS 192
NROWS 249
XLLCENTER -225160.85627316462
YLLCENTER 29788.11610251502
CELLSIZE 5000.0
NODATA_VALUE -9999
[rows 102 to 135 of 249, columns 75 to 149 of 192]
-0.125 -0.105 -0.107 -0.111 -0.109 -0.115 -9999 -9999 -0.091 -9999 -9999 -0.061 -0.056 -0.052 -0.041 -0.03 -0.025 -0.022 -0.02 -0.021 -0.019 -0.021 -0.019 -0.018 -0.021 -0.026 -0.028 -0.032 -0.037 -0.045 -0.057 -0.073 -0.069 -0.064 -0.075 -0.088 -0.099 -0.114 -0.114 -0.114 -0.116 -0.118 -9999 -9999 -9999 -9999 -9999 -9999 -9999 -9999 -9999 -9999 -9999 -9999 -9999 -9999 -9999 -9999 -9999 -9999 -9999 -9999 -9999 -9999 -9999 -9999 -9999 -9999 -9999 -9999 -9999 -9999 -9999 -9999 -9999
-0.116 -0.113 -0.114 -0.116 -9999 -9999 -9999 -0.119 -0.104 -0.08 -0.073 -0.064 -0.056 -0.042 -0.032 -0.025 -0.022 -0.028 -0.028 -0.034 -0.028 -0.019 -0.019 -0.025 -0.028 -0.033 -0.038 -0.051 -0.053 -0.048 -0.058 -0.07 -0.066 -0.063 -0.076 -0.098 -0.11 -9999 -9999 -0.134 -9999 -9999 -9999 -9999 -9999 -9999 -9999 -9999 -9999 -9999 -9999 -9999 -9999 -9999 -9999 -9999 -9999 -9999 -9999 -9999 -9999 -9999 -9999 -9999 -9999 -9999 -9999 -9999 -9999 -9999 -9999 -9999 -9999 -9999 -9999
-0.122 -0.118 -9999 -0.12 -9999 -9999 -9999 -0.13 -0.112 -0.087 -0.078 -0.068 -0.056 -0.042 -0.035 -0.029 -0.032 -0.037 -0.039 -0.045 -0.034 -0.025 -0.028 -0.034 -0.037 -0.041 -0.051 -0.064 -0.059 -0.055 -0.063 -0.074 -0.071 -0.067 -0.085 -0.107 -9999 -0.133 -0.139 -0.147 -0.142 -9999 -9999 -9999 -9999 -9999 -9999 -9999 -9999 -9999 -9999 -9999 -9999 -9999 -9999 -9999 -9999 -9999 -9999 -9999 -9999 -9999 -9999 -9999 -9999 -9999 -9999 -9999 -9999 -9999 -9999 -9999 -9999 -9999 -9999
-0.131 -9999 -9999 -9999 -9999 -0.113 -0.111 -0.113 -0.093 -0.077 -0.065 -0.052 -0.045 -0.05 -0.045 -0.042 -0.043 -0.045 -0.045 -0.044 -0.033 -0.025 -0.03 -0.045 -0.043 -0.037 -0.046 -0.059 -0.059 -0.068 -0.077 -0.091 -0.086 -0.074 -9999 -0.1 -0.114 -0.141 -0.145 -0.146 -0.152 -9999 -9999 -9999 -9999 -9999 -9999 -9999 -9999 -9999 -9999 -9999 -9999 -9999 -9999 -9999 -9999 -9999 -9999 -9999 -9999 -9999 -9999 -9999 -9999 -9999 -9999 -9999 -9999 -9999 -9999 -9999 -9999 -9999 -9999
-9999 -9999 -9999 -9999 -9999 -0.103 -0.113 -0.107 -0.093 -0.077 -0.063 -0.05 -0.052 -0.058 -0.053 -0.05 -0.049 -0.051 -0.049 -0.048 -0.039 -0.031 -0.041 -0.054 -0.048 -0.042 -0.05 -0.063 -0.069 -0.078 -0.089 -0.103 -0.093 -0.082 -0.09 -0.101 -0.122 -0.147 -0.147 -0.146 -0.151 -0.155 -9999 -9999 -9999 -9999 -9999 -9999 -9999 -9999 -9999 -9999 -9999 -9999 -9999 -9999 -9999 -9999 -9999 -9999 -9999 -9999 -9999 -9999 -9999 -9999 -9999 -9999 -9999 -9999 -9999 -9999 -9999 -9999 -9999
-9999 -9999 -9999 -9999 -0.108 -9999 -9999 -0.092 -0.079 -0.069 -0.057 -0.051 -9999 -9999 -0.059 -0.06 -0.057 -0.048 -0.047 -0.05 -0.044 -0.041 -0.047 -0.048 -0.045 -0.049 -0.057 -0.064 -0.069 -0.073 -0.084 -0.1 -0.094 -0.094 -0.099 -0.101 -0.119 -0.143 -0.145 -0.153 -0.155 -0.152 -0.143 -9999 -9999 -9999 -9999 -9999 -9999 -9999 -9999 -9999 -9999 -9999 -9999 -9999 -9999 -9999 -9999 -9999 -9999 -9999 -9999 -9999 -9999 -9999 -9999 -9999 -9999 -9999 -9999 -9999 -9999 -9999 -9999
-9999 -9999 -9999 -9999 -0.107 -9999 -0.096 -0.089 -0.079 -0.069 -0.062 -0.055 -0.06 -0.067 -0.066 -0.067 -0.059 -0.05 -0.051 -0.054 -0.05 -0.048 -0.048 -0.048 -0.051 -0.055 -0.06 -0.068 -0.07 -0.074 -0.086 -0.101 -0.1 -0.1 -0.101 -0.102 -0.12 -0.141 -0.148 -0.156 -0.153 -0.149 -9999 -9999 -9999 -9999 -9999 -9999 -9999 -9999 -9999 -9999 -9999 -9999 -9999 -9999 -9999 -9999 -9999 -9999 -9999 -9999 -9999 -9999 -9999 -9999 -9999 -9999 -9999 -9999 -9999 -9999 -9999 -9999 -9999
-9999 -9999 -9999 -9999 -0.106 -9999 -0.094 -0.081 -0.075 -0.076 -0.069 -9999 -0.06 -0.054 -9999 -0.065 -0.059 -0.059 -0.055 -0.045 -0.044 -0.049 -0.05 -0.054 -0.057 -0.062 -0.065 -0.068 -0.072 -0.083 -0.09 -0.091 -0.095 -0.11 -0.111 -0.112 -0.125 -0.136 -9999 -9999 -9999 -9999 -9999 -9999 -9999 -9999 -9999 -9999 -9999 -9999 -9999 -9999 -9999 -9999 -9999 -9999 -9999 -9999 -9999 -9999 -9999 -9999 -9999 -9999 -9999 -9999 -9999 -9999 -9999 -9999 -9999 -9999 -9999 -9999 -9999
-9999 -9999 -0.119 -0.112 -9999 -9999 -0.087 -0.081 -0.08 -0.081 -0.073 -0.065 -0.059 -0.053 -9999 -0.066 -0.065 -0.065 -0.055 -0.045 -0.048 -0.053 -0.055 -0.059 -0.062 -0.067 -0.068 -0.07 -0.078 -0.089 -0.088 -0.089 -0.101 -0.115 -0.116 -0.117 -0.129 -9999 -9999 -9999 -9999 -9999 -9999 -9999 -9999 -9999 -9999 -9999 -9999 -9999 -9999 -9999 -9999 -9999 -9999 -9999 -9999 -9999 -9999 -9999 -9999 -9999 -9999 -9999 -9999 -9999 -9999 -9999 -9999 -9999 -9999 -9999 -9999 -9999 -9999
-9999 -0.125 -0.118 -0.108 -9999 -0.092 -0.084 -0.088 -0.085 -9999 -0.064 -0.058 -0.052 -0.05 -9999 -0.062 -0.06 -0.059 -0.054 -0.059 -0.061 -0.062 -0.063 -0.063 -0.067 -0.073 -0.076 -0.081 -9999 -0.099 -0.102 -0.109 -0.119 -0.126 -0.128 -0.133 -9999 -9999 -9999 -9999 -9999 -9999 -9999 -9999 -9999 -9999 -9999 -9999 -9999 -9999 -9999 -9999 -9999 -9999 -9999 -9999 -9999 -9999 -9999 -9999 -9999 -9999 -9999 -9999 -9999 -9999 -9999 -9999 -9999 -9999 -9999 -9999 -9999 -9999 -9999
-9999 -0.124 -0.115 -9999 -9999 -0.088 -0.089 -0.092 -9999 -0.07 -0.063 -0.057 -0.054 -0.052 -9999 -0.062 -0.06 -0.06 -0.062 -0.068 -0.068 -0.069 -0.068 -0.067 -0.072 -0.078 -0.082 -0.088 -0.095 -0.105 -9999 -9999 -0.124 -0.131 -9999 -9999 -9999 -9999 -9999 -9999 -0.162 -0.167 -0.168 -9999 -9999 -9999 -9999 -9999 -9999 -9999 -9999 -9999 -9999 -9999 -9999 -9999 -9999 -9999 -9999 -9999 -9999 -9999 -9999 -9999 -9999 -9999 -9999 -9999 -9999 -9999 -9999 -9999 -9999 -9999 -9999
-0.135 -0.13 -9999 -9999 -0.111 -0.101 -0.097 -0.088 -9999 -0.089 -0.08 -0.066 -0.063 -0.058 -9999 -9999 -9999 -0.059 -0.058 -0.054 -0.056 -0.067 -0.068 -0.077 -0.08 -0.083 -0.086 -0.088 -0.097 -0.11 -0.117 -0.127 -0.134 -0.145 -9999 -9999 -9999 -9999 -9999 -0.147 -0.156 -0.136 -0.144 -0.171 -9999 -9999 -9999 -9999 -9999 -9999 -9999 -9999 -9999 -9999 -9999 -9999 -9999 -9999 -9999 -9999 -9999 -9999 -9999 -9999 -9999 -9999 -9999 -9999 -9999 -9999 -9999 -9999 -9999 -9999 -9999
-0.142 -0.134 -9999 -9999 -9999 -0.107 -0.097 -0.087 -9999 -0.098 -9999 -0.072 -0.067 -0.063 -9999 -0.074 -0.067 -0.062 -9999 -0.052 -0.059 -0.069 -0.075 -0.083 -0.084 -0.087 -0.088 -0.09 -0.101 -0.114 -0.121 -0.131 -0.14 -0.15 -0.156 -0.162 -0.156 -9999 -0.143 -0.141 -0.131 -0.124 -0.144 -0.168 -0.159 -0.153 -9999 -9999 -9999 -9999 -9999 -9999 -9999 -9999 -9999 -9999 -9999 -9999 -9999 -9999 -9999 -9999 -9999 -9999 -9999 -9999 -9999 -9999 -9999 -9999 -9999 -9999 -9999 -9999 -9999
-0.128 -9999 -9999 -9999 -9999 -0.099 -0.09 -0.084 -9999 -0.098 -9999 -0.081 -0.077 -9999 -0.059 -0.059 -0.055 -0.056 -0.054 -0.062 -0.066 -0.068 -0.075 -0.087 -0.087 -0.084 -0.085 -0.086 -0.094 -0.101 -0.108 -0.119 -0.125 -0.132 -0.132 -0.128 -0.124 -0.128 -0.123 -0.128 -0.122 -0.116 -0.127 -0.127 -0.124 -0.137 -0.145 -0.144 -0.14 -9999 -9999 -9999 -9999 -9999 -9999 -9999 -9999 -9999 -9999 -9999 -9999 -9999 -9999 -9999 -9999 -9999 -9999 -9999 -9999 -9999 -9999 -9999 -9999 -9999 -9999
-0.127 -9999 -9999 -9999 -9999 -0.098 -0.091 -0.084 -0.09 -9999 -9999 -0.085 -0.084 -9999 -0.061 -0.055 -0.055 -0.056 -0.062 -0.069 -0.069 -0.071 -0.079 -0.091 -0.088 -0.086 -0.086 -0.086 -0.091 -0.097 -0.105 -0.115 -0.119 -0.125 -0.12 -0.115 -0.116 -0.119 -0.121 -0.124 -0.119 -0.113 -0.112 -0.111 -0.12 -0.132 -0.135 -0.141 -0.143 -0.133 -9999 -9999 -9999 -9999 -9999 -9999 -9999 -9999 -9999 -9999 -9999 -9999 -9999 -9999 -9999 -9999 -9999 -9999 -9999 -9999 -9999 -9999 -9999 -9999 -9999
-9999 -9999 -9999 -9999 -9999 -0.089 -0.085 -0.09 -0.092 -9999 -9999 -0.085 -0.083 -9999 -9999 -0.059 -0.061 -0.067 -0.066 -0.054 -0.056 -0.063 -0.07 -0.079 -0.081 -0.095 -0.092 -0.083 -0.085 -0.086 -0.095 -0.112 -0.117 -0.125 -0.121 -0.117 -0.117 -0.113 -0.113 -0.113 -0.113 -0.124 -0.126 -0.131 -0.133 -0.12 -0.125 -0.135 -0.133 -0.133 -9999 -9999 -9999 -9999 -9999 -9999 -9999 -9999 -9999 -9999 -9999 -9999 -9999 -9999 -9999 -9999 -9999 -9999 -9999 -9999 -9999 -9999 -9999 -9999 -9999
-9999 -9999 -9999 -9999 -9999 -0.083 -0.088 -0.091 -9999 -9999 -9999 -9999 -0.078 -9999 -0.067 -0.064 -0.068 -0.073 -0.062 -0.05 -0.056 -0.063 -0.069 -0.077 -0.087 -0.1 -0.092 -0.084 -0.083 -0.083 -0.096 -0.112 -0.118 -0.126 -0.122 -0.119 -0.115 -0.11 -0.109 -0.109 -0.118 -0.128 -0.133 -0.138 -0.128 -0.115 -0.121 -0.129 -0.127 -0.127 -0.125 -9999 -9999 -9999 -9999 -9999 -9999 -9999 -9999 -9999 -9999 -9999 -9999 -9999 -9999 -9999 -9999 -9999 -9999 -9999 -9999 -9999 -9999 -9999 -9999
-9999 -9999 -9999 -0.102 -0.095 -0.086 -0.084 -9999 -9999 -0.077 -9999 -9999 -9999 -9999 -0.061 -0.06 -0.063 -0.067 -0.06 -0.059 -0.065 -0.073 -0.076 -0.076 -0.081 -0.081 -0.079 -0.089 -0.088 -0.084 -0.093 -0.101 -0.104 -0.107 -0.11 -0.125 -0.121 -0.115 -0.11 -0.098 -0.103 -0.107 -0.11 -0.119 -0.11 -0.106 -0.111 -0.121 -0.119 -0.119 -0.123 -9999 -9999 -9999 -9999 -9999 -9999 -9999 -9999 -9999 -9999 -9999 -9999 -9999 -9999 -9999 -9999 -9999 -9999 -9999 -9999 -9999 -9999 -9999 -9999
-9999 -9999 -9999 -9999 -0.098 -0.088 -0.08 -9999 -0.07 -0.075 -0.067 -9999 -9999 -9999 -9999 -0.06 -0.063 -0.066 -0.065 -0.064 -0.07 -0.078 -0.077 -0.077 -0.075 -0.074 -0.082 -0.092 -0.089 -0.086 -0.091 -0.097 -0.098 -0.101 -0.113 -0.127 -0.122 -0.117 -0.106 -0.094 -0.095 -0.097 -0.103 -0.11 -0.105 -0.1 -0.107 -0.116 -0.115 -0.114 -0.116 -0.119 -9999 -9999 -9999 -9999 -9999 -9999 -9999 -9999 -9999 -9999 -9999 -9999 -9999 -9999 -9999 -9999 -9999 -9999 -9999 -9999 -9999 -9999 -9999
-9999 -9999 -9999 -9999 -0.08 -0.074 -0.07 -9999 -0.072 -0.06 -0.052 -9999 -9999 -9999 -9999 -9999 -0.06 -0.06 -0.057 -0.054 -0.058 -0.066 -0.068 -0.079 -0.072 -0.056 -0.06 -0.063 -0.063 -0.071 -0.077 -0.089 -0.09 -0.093 -0.103 -0.116 -0.111 -0.104 -0.097 -0.096 -0.095 -0.093 -0.102 -0.119 -0.113 -0.103 -0.108 -0.109 -0.108 -0.108 -0.112 -0.116 -0.112 -9999 -9999 -9999 -9999 -9999 -9999 -9999 -9999 -9999 -9999 -9999 -9999 -9999 -9999 -9999 -9999 -9999 -9999 -9999 -9999 -9999 -9999
-9999 -9999 -9999 -9999 -0.078 -0.07 -9999 -9999 -0.067 -0.055 -0.056 -0.064 -9999 -9999 -9999 -9999 -9999 -0.059 -0.055 -0.052 -0.056 -0.062 -0.07 -0.081 -0.066 -0.05 -0.051 -0.053 -0.058 -0.066 -0.075 -0.087 -0.088 -0.088 -0.098 -0.111 -0.105 -0.098 -0.097 -0.096 -0.093 -0.091 -0.104 -0.121 -0.113 -0.103 -0.104 -0.105 -0.105 -0.104 -0.108 -0.111 -0.11 -0.106 -0.107 -9999 -9999 -9999 -9999 -9999 -9999 -9999 -9999 -9999 -9999 -9999 -9999 -9999 -9999 -9999 -9999 -9999 -9999 -9999 -9999
-9999 -9999 -9999 -9999 -0.077 -0.073 -9999 -9999 -0.062 -0.053 -0.054 -9999 -9999 -9999 -9999 -9999 -9999 -0.058 -0.051 -0.041 -0.042 -0.044 -0.05 -0.06 -0.049 -0.045 -0.052 -0.075 -0.069 -0.041 -0.05 -0.067 -0.072 -0.089 -0.097 -0.104 -0.098 -0.092 -0.091 -0.093 -0.09 -0.087 -0.095 -0.099 -0.091 -0.087 -0.087 -0.088 -0.089 -0.096 -0.095 -0.095 -0.095 -0.095 -0.096 -9999 -9999 -9999 -9999 -9999 -9999 -9999 -9999 -9999 -9999 -9999 -9999 -9999 -9999 -9999 -9999 -9999 -9999 -9999 -9999
-9999 -9999 -9999 -9999 -0.079 -0.074 -9999 -9999 -9999 -0.056 -0.056 -0.066 -9999 -9999 -9999 -9999 -9999 -0.059 -0.049 -0.038 -0.038 -0.038 -0.045 -0.054 -0.049 -0.044 -0.061 -0.084 -0.06 -0.033 -0.045 -0.059 -0.072 -0.088 -0.094 -0.101 -0.095 -0.089 -0.09 -0.092 -0.088 -0.085 -0.086 -0.089 -0.085 -0.08 -0.08 -0.081 -0.085 -0.089 -0.086 -0.085 -0.084 -0.085 -0.086 -9999 -9999 -9999 -9999 -9999 -9999 -9999 -9999 -9999 -9999 -9999 -9999 -9999 -9999 -9999 -9999 -9999 -9999 -9999 -9999
-9999 -9999 -9999 -0.079 -0.076 -0.073 -9999 -9999 -9999 -9999 -9999 -9999 -9999 -9999 -9999 -9999 -9999 -0.049 -0.042 -0.044 -0.042 -0.039 -0.045 -0.054 -0.048 -0.041 -0.053 -0.064 -0.046 -0.037 -0.044 -0.045 -0.054 -0.064 -0.069 -0.08 -0.079 -0.091 -0.091 -0.087 -0.087 -0.093 -0.091 -0.082 -0.077 -0.072 -0.071 -0.069 -0.07 -0.073 -0.066 -0.061 -0.068 -0.074 -0.081 -0.088 -9999 -9999 -9999 -9999 -9999 -9999 -9999 -9999 -9999 -9999 -9999 -9999 -9999 -9999 -9999 -9999 -9999 -9999 -9999
-9999 -9999 -0.084 -0.078 -0.076 -0.073 -9999 -9999 -9999 -9999 -9999 -9999 -9999 -9999 -9999 -0.057 -0.052 -0.047 -0.046 -0.047 -0.044 -0.041 -0.047 -0.055 -0.048 -0.041 -0.047 -0.057 -0.049 -0.041 -0.04 -0.04 -0.046 -0.054 -0.062 -0.072 -0.08 -0.092 -0.089 -0.085 -0.09 -0.096 -0.088 -0.078 -0.074 -0.069 -0.066 -0.061 -0.061 -0.064 -0.057 -0.05 -0.056 -0.067 -0.073 -0.08 -9999 -9999 -9999 -9999 -9999 -9999 -9999 -9999 -9999 -9999 -9999 -9999 -9999 -9999 -9999 -9999 -9999 -9999 -9999
-9999 -9999 -0.084 -0.087 -0.087 -9999 -9999 -9999 -9999 -9999 -9999 -9999 -9999 -9999 -9999 -0.056 -0.048 -0.031 -0.029 -0.029 -0.025 -0.027 -0.028 -0.025 -0.021 -0.028 -0.036 -0.049 -0.045 -0.047 -0.046 -0.044 -0.045 -0.039 -0.044 -0.049 -0.059 -0.077 -0.074 -0.074 -0.079 -0.092 -0.084 -0.077 -0.071 -0.06 -0.055 -0.052 -0.052 -0.057 -0.051 -0.048 -0.042 -0.043 -0.057 -0.078 -9999 -9999 -9999 -9999 -9999 -9999 -9999 -9999 -9999 -9999 -9999 -9999 -9999 -9999 -9999 -9999 -9999 -9999 -9999
-9999 -9999 -9999 -9999 -9999 -9999 -9999 -9999 -9999 -9999 -9999 -9999 -9999 -9999 -9999 -0.05 -0.039 -0.028 -0.026 -0.025 -0.023 -0.024 -0.019 -0.015 -0.019 -0.025 -0.035 -0.047 -0.048 -0.05 -0.048 -0.046 -0.04 -0.034 -0.037 -0.041 -0.054 -0.071 -0.07 -0.069 -0.078 -0.09 -0.084 -0.077 -0.067 -0.054 -0.05 -0.046 -0.048 -0.052 -0.048 -0.046 -0.039 -0.033 -0.045 -0.069 -9999 -9999 -9999 -9999 -9999 -9999 -9999 -9999 -9999 -9999 -9999 -9999 -9999 -9999 -9999 -9999 -9999 -9999 -9999
-9999 -9999 -9999 -9999 -9999 -9999 -9999 -9999 -9999 -9999 -9999 -9999 -9999 -9999 -0.05 -0.032 -0.025 -0.025 -0.021 -0.018 -0.015 -0.015 -0.013 -0.018 -0.022 -0.028 -0.031 -0.027 -0.027 -0.03 -0.031 -0.045 -0.04 -0.035 -0.036 -0.037 -0.045 -0.048 -0.052 -0.067 -0.07 -0.065 -0.06 -0.059 -0.048 -0.036 -0.036 -0.046 -0.043 -0.034 -0.036 -0.037 -0.036 -0.033 -0.038 -0.06 -9999 -9999 -9999 -9999 -9999 -9999 -9999 -9999 -9999 -9999 -9999 -9999 -9999 -9999 -9999 -9999 -9999 -9999 -9999
-9999 -9999 -9999 -9999 -9999 -9999 -9999 -9999 -9999 -9999 -9999 -9999 -9999 -9999 -0.036 -0.029 -0.027 -0.027 -0.022 -0.018 -0.016 -0.016 -0.018 -0.023 -0.025 -0.031 -0.026 -0.021 -0.021 -0.023 -0.033 -0.046 -0.041 -0.037 -0.037 -0.037 -0.038 -0.04 -0.052 -0.067 -0.061 -0.056 -0.054 -0.052 -0.04 -0.028 -0.034 -0.044 -0.035 -0.026 -0.028 -0.032 -0.031 -0.031 -0.036 -0.047 -9999 -9999 -9999 -9999 -9999 -9999 -9999 -9999 -9999 -9999 -9999 -9999 -9999 -9999 -9999 -9999 -9999 -9999 -9999
-9999 -9999 -9999 -9999 -9999 -9999 -9999 -9999 -9999 -9999 -9999 -9999 -9999 -0.045 -0.034 -0.02 -0.019 -0.021 -0.015 -0.009 -0.008 -0.014 -0.012 -0.008 -0.012 -0.025 -0.02 -0.019 -0.017 -0.016 -0.023 -0.029 -0.028 -0.036 -0.035 -0.035 -0.036 -0.04 -0.042 -0.03 -0.029 -0.042 -0.041 -0.043 -0.034 -0.03 -0.033 -0.036 -0.029 -0.025 -0.031 -0.039 -0.032 -0.03 -0.029 -0.038 -0.047 -9999 -9999 -9999 -9999 -9999 -9999 -9999 -9999 -9999 -9999 -9999 -9999 -9999 -9999 -9999 -9999 -9999 -9999
-9999 -9999 -9999 -9999 -9999 -9999 -9999 -9999 -9999 -9999 -9999 -9999 -0.045 -0.039 -0.03 -0.02 -0.021 -0.022 -0.015 -0.009 -0.012 -0.017 -0.011 -0.007 -0.015 -0.026 -0.023 -0.02 -0.016 -0.015 -0.018 -0.023 -0.029 -0.036 -0.035 -0.035 -0.037 -0.041 -0.03 -0.017 -0.026 -0.037 -0.038 -0.039 -0.034 -0.029 -0.03 -0.032 -0.028 -0.024 -0.03 -0.04 -0.035 -0.03 -0.029 -0.03 -0.036 -9999 -9999 -9999 -9999 -9999 -9999 -9999 -9999 -9999 -9999 -9999 -9999 -9999 -9999 -9999 -9999 -9999 -9999
-9999 -9999 -9999 -9999 -9999 -9999 -9999 -9999 -9999 -9999 -9999 -9999 -0.043 -0.018 -0.015 -0.024 -0.027 -0.035 -0.027 -0.015 -0.016 -0.016 -0.011 -0.009 -0.011 -0.007 -0.004 -0.006 -0.004 -0.009 -0.009 -0.008 -0.015 -0.028 -0.029 -0.036 -0.037 -0.037 -0.029 -0.024 -0.027 -0.021 -0.025 -0.042 -0.034 -0.02 -0.02 -0.021 -0.02 -0.027 -0.027 -0.034 -0.023 -0.015 -0.02 -0.024 -0.033 -9999 -9999 -9999 -9999 -9999 -9999 -9999 -9999 -9999 -9999 -9999 -9999 -9999 -9999 -9999 -9999 -9999 -9999
-9999 -9999 -9999 -9999 -9999 -9999 -9999 -9999 -9999 -9999 -9999 -0.047 -0.032 -0.013 -0.02 -0.028 -0.035 -0.044 -0.033 -0.021 -0.019 -0.019 -0.015 -0.013 -0.008 -0.003 -0.003 -0.005 -0.006 -0.01 -0.007 -0.006 -0.015 -0.027 -0.031 -0.037 -0.036 -0.036 -0.032 -0.028 -0.022 -0.014 -0.026 -0.043 -0.03 -0.017 -0.016 -0.017 -0.022 -0.029 -0.03 -0.033 -0.022 -0.011 -0.015 -0.023 -0.031 -0.039 -9999 -9999 -9999 -9999 -9999 -9999 -9999 -9999 -9999 -9999 -9999 -9999 -9999 -9999 -9999 -9999 -9999
-9999 -9999 -9999 -9999 -9999 -9999 -9999 -9999 -9999 -9999 -0.046 -9999 -0.023 -0.012 -0.016 -0.02 -0.023 -0.024 -0.018 -0.023 -0.018 -0.009 -0.009 -0.017 -0.009 0.005 0.007 0.009 0.003 -0.015 -0.015 -0.02 -0.027 -0.028 -0.03 -0.026 -0.028 -0.029 -0.026 -0.027 -0.02 -0.012 -0.018 -0.02 -0.012 -0.014 -0.015 -0.02 -0.02 -0.015 -0.017 -0.02 -0.02 -0.015 -0.02 -0.027 -0.029 -0.042 -9999 -9999 -9999 -9999 -9999 -9999 -9999 -9999 -9999 -9999 -9999 -9999 -9999 -9999 -9999 -9999 -9999
