Sample_Data/Rainfall_Anomaly.asc
NCOLS 192
NROWS 249
XLLCENTER -225160.85627316462
YLLCENTER 29788.11610251502
CELLSIZE 5000.0
NODATA_VALUE -9999
[rows 165 to 197 of 249, columns 74 to 147 of 192]
-9999 -9999 -9999 -9999 -9999 -9999 -9999 -9999 -9999 -9999 -9999 -9999 -9999 -9999 -9999 -9999 -9999 -9999 -9999 -9999 -9999 -9999 -9999 -9999 -9999 -9999 -9999 -9999 -9999 -9999 -9999 -9999 -9999 -9999 -9999 -9999 -9999 -9999 100.052 100.931 98.125 100.366 94.312 96.942 92.425 92.451 87.759 90.033 88.701 89.214 90.783 82.719 81.285 77.912 80.521 80.994 89.38 92.828 94.146 90.704 90.205 86.038 91.361 96.239 94.274 96.682 96.842 106.042 103.904 98.058 91.408 89.917 91.201 90.217
-9999 -9999 -9999 -9999 -9999 -9999 -9999 -9999 -9999 -9999 -9999 -9999 -9999 -9999 -9999 -9999 -9999 -9999 -9999 -9999 -9999 -9999 -9999 -9999 -9999 -9999 -9999 -9999 -9999 -9999 -9999 -9999 -9999 -9999 -9999 -9999 -9999 -9999 98.686 97.461 96.066 94.243 96.171 95.832 104.03 96.037 92.656 100.928 94.55 105.108 97.488 89.554 85.702 77.521 74.938 85.433 86.929 86.237 89.157 87.303 86.152 99.479 93.518 96.626 98.031 99.094 99.926 96.027 100.534 96.371 91.112 106.716 97.136 87.348
-9999 -9999 -9999 -9999 -9999 -9999 -9999 -9999 -9999 -9999 -9999 -9999 -9999 -9999 -9999 -9999 -9999 -9999 -9999 -9999 -9999 -9999 -9999 -9999 -9999 -9999 -9999 -9999 -9999 -9999 -9999 -9999 -9999 -9999 -9999 -9999 -9999 98.845 97.912 96.686 94.461 96.259 94.184 97.697 93.333 90.079 96.807 93.356 101.649 100.828 103.941 99.179 90.524 81.147 69.642 69.014 80.154 92.169 94.088 83.331 77.619 90.283 101.864 97.172 99.645 99.749 97.401 99.466 96.838 96.063 93.158 92.077 102.768 93.431
-9999 -9999 -9999 -9999 -9999 -9999 -9999 -9999 -9999 -9999 -9999 -9999 -9999 -9999 -9999 -9999 -9999 -9999 -9999 -9999 -9999 -9999 -9999 -9999 -9999 -9999 -9999 -9999 -9999 -9999 -9999 -9999 -9999 -9999 -9999 -9999 -9999 98.375 99.549 94.185 94.544 98.263 91.509 96.933 94.759 104.329 96.148 99.43 100.716 107.659 103.024 104.233 93.416 74.81 72.846 73.122 70.34 77.307 85.538 101.066 85.758 85.807 95.647 99.759 98.809 97.32 96.69 99.155 98.828 95.01 93.222 91.587 93.875 88.967
-9999 -9999 -9999 -9999 -9999 -9999 -9999 -9999 -9999 -9999 -9999 -9999 -9999 -9999 -9999 -9999 -9999 -9999 -9999 -9999 -9999 -9999 -9999 -9999 -9999 -9999 -9999 -9999 -9999 -9999 -9999 -9999 -9999 -9999 -9999 -9999 -9999 -9999 93.561 93.079 96.708 91.576 97.918 94.011 103.656 99.382 97.055 98.929 102.227 102.629 105.013 100.496 98.4 83.815 76.264 71.428 69.564 71.047 75.19 81.596 93.019 87.505 91.791 91.962 93.651 91.893 91.846 96.574 98.298 92.764 92.658 92.281 90.047 94.006
-9999 -9999 -9999 -9999 -9999 -9999 -9999 -9999 -9999 -9999 -9999 -9999 -9999 -9999 -9999 -9999 -9999 -9999 73.846 82.945 -9999 -9999 -9999 -9999 -9999 -9999 -9999 -9999 -9999 -9999 -9999 -9999 -9999 -9999 -9999 -9999 -9999 96.485 100.035 99.057 96.152 91.657 94.368 101.269 102.959 103.624 101.441 102.049 100.309 104.139 105.091 95.743 97.886 86.971 84.444 79.082 69.057 77.59 76.695 83.458 84.436 87.495 90.823 88.74 86.664 95.614 93.494 94.99 98.083 93.377 90.659 91.8 90.278 90.635
-9999 -9999 -9999 -9999 -9999 -9999 -9999 -9999 -9999 -9999 -9999 -9999 -9999 -9999 -9999 -9999 -9999 -9999 74.561 80.081 84.192 -9999 -9999 -9999 -9999 -9999 -9999 -9999 -9999 -9999 -9999 -9999 -9999 -9999 -9999 -9999 101.622 100.477 95.442 94.316 91.554 93.372 97.128 97.683 100.841 99.25 101.053 96.689 98.923 103.8 101.364 99.387 95.656 80.456 84.694 81.874 77.823 73.653 78.8 88.079 92.96 87.328 87.501 91.216 86.419 96.046 99.201 95.953 98.148 94.412 86.476 87.697 86.498 92.732
-9999 -9999 -9999 -9999 -9999 -9999 -9999 -9999 -9999 -9999 -9999 -9999 -9999 -9999 -9999 -9999 -9999 75.96 78.166 76.626 80.472 81.74 -9999 -9999 -9999 -9999 -9999 -9999 -9999 -9999 -9999 -9999 -9999 91.131 -9999 -9999 100.258 90.52 93.068 97.512 94.513 -9999 93.438 98.89 95.645 92.567 91.142 99.212 97.326 106.338 114.055 101.481 105.176 86.844 87.17 91.523 80.093 86.511 80.523 81.35 86.885 90.659 89.584 88.61 87.97 90.159 95.906 97.199 98.302 94.02 86.547 82.331 85.618 85.629
-9999 -9999 -9999 -9999 -9999 -9999 -9999 -9999 -9999 -9999 -9999 -9999 -9999 -9999 -9999 -9999 -9999 86.046 75.639 78.442 86.428 86.517 88.415 90.389 -9999 -9999 -9999 80.545 83.529 -9999 87.686 89.166 85.294 86.663 87.682 -9999 -9999 91.759 93.084 -9999 -9999 90.232 95.612 94.342 90.887 90.812 96.395 96.442 98.182 113.54 112.051 91.097 99.381 79.92 82.193 80.201 76.277 73.949 81.139 82.997 81.682 79.762 85.834 85.778 86.057 88.834 90.622 92.779 95.594 96.895 91.799 85.072 83.623 87.056
-9999 -9999 -9999 -9999 -9999 -9999 -9999 -9999 -9999 -9999 -9999 -9999 -9999 -9999 -9999 -9999 -9999 -9999 79.265 80.381 87.021 86.047 84.281 -9999 -9999 69.504 66.232 77.297 74.598 72.715 74.44 76.679 77.515 88.678 84.799 80.382 -9999 92.067 92.654 90.243 89.699 91.378 93.151 88.437 91.772 94.01 96.344 101.868 101.693 117.022 128.267 89.365 87.958 80.507 76.156 87.45 79.562 77.371 78.26 78.191 82.23 84.343 82.824 87.592 86.965 87.322 88.161 93.209 92.638 87.971 89.395 86.822 83.302 84.506
-9999 -9999 -9999 -9999 -9999 -9999 -9999 -9999 -9999 -9999 -9999 -9999 -9999 -9999 -9999 -9999 -9999 -9999 86.97 85.178 79.803 78.06 79.929 83.963 83.036 78.107 87.967 87.432 79.162 79.574 78.189 78.499 85.97 89.004 85.198 86.895 84.614 88.771 89.623 87.655 88.49 89.224 88.084 90.395 93.862 95.265 97.49 98.661 96.971 113.712 98.697 84.832 80.349 84.732 79.334 82.139 83.606 70.395 69.973 81.032 81.682 82.457 84.749 82.989 87.77 85.846 84.989 89.588 91.392 91.123 89.114 86.128 85.88 86.627
-9999 -9999 -9999 -9999 -9999 -9999 -9999 -9999 -9999 -9999 -9999 -9999 -9999 -9999 -9999 -9999 -9999 -9999 -9999 84.75 75.125 80.147 83.054 73.817 86.893 77.455 79.054 83.498 74.482 74.726 71.957 80.715 76.603 88.19 96.71 71.254 79.158 85.794 82.077 85.786 83.517 89.949 96.415 99.657 95.557 106.14 98.239 99.512 101.15 101.56 101.044 89.678 83.121 88.612 85.497 80.965 81.86 82.421 73.249 77.818 83.319 83.346 82.676 85.55 85.01 86.169 85.992 86.166 88.865 88.513 90.931 88.749 87.318 88.448
-9999 -9999 -9999 -9999 -9999 -9999 -9999 -9999 -9999 -9999 -9999 -9999 -9999 -9999 -9999 -9999 -9999 -9999 -9999 -9999 -9999 86.621 72.806 82.391 78.218 76.799 90.532 90.056 80.677 73.394 81.906 77.652 79.758 90.802 77.912 77.972 80.911 79.041 76.918 79.368 83.395 88.203 94.487 89.782 98.333 95.964 96.354 100.2 98.269 97.302 86.684 91.396 89.536 81.857 83.446 75.666 79.278 82.204 82.817 84.672 85.385 80.737 81.339 81.331 83.512 87.269 88.71 92.691 89.968 89.363 89.619 87.765 87.476 87.247
-9999 -9999 -9999 -9999 -9999 -9999 -9999 -9999 -9999 -9999 -9999 -9999 -9999 -9999 -9999 -9999 -9999 -9999 -9999 -9999 90.24 77.844 87.042 70.9 75.368 84.152 89.327 85.22 83.116 79.045 80.87 83.93 74.317 79.718 80.432 69.548 76.719 74.91 73.329 77.056 82.131 84.932 89.774 90.047 89.211 95.19 101.311 101.258 98.234 88.546 89.768 92.686 92.303 88.827 83.042 87.079 84.332 83.172 83.161 87.29 87.823 88.831 82.285 89.555 86.589 90.426 91.945 94.089 93.08 92.169 92.169 92.642 89.951 88.413
-9999 -9999 -9999 -9999 -9999 -9999 -9999 -9999 -9999 -9999 -9999 -9999 -9999 -9999 -9999 -9999 -9999 -9999 -9999 95.937 87.864 93.567 72.601 73.143 77.206 72.972 72.205 76.617 81.687 81.108 86.652 80.2 74.706 80.21 74.067 75.271 73.98 75.194 76.108 81.172 84.718 85.498 86.385 86.496 92.063 95.816 95.366 96.423 93.026 92.632 91.68 94.108 92.877 78.973 86.09 82.079 88.024 85.974 85.515 88.873 89.133 87.883 88.876 86.701 93.889 88.974 91.658 94.395 94.605 97.851 95.938 89.792 87.746 87.819
-9999 -9999 -9999 -9999 -9999 -9999 -9999 -9999 -9999 -9999 -9999 -9999 -9999 -9999 -9999 -9999 -9999 -9999 97.719 88.186 101.083 100.078 89.069 92.446 90.315 86.748 64.031 73.367 80.664 82.754 82.529 74.35 75.114 73.379 80.075 86.864 76.88 81.734 74.027 81.686 86.778 83.062 82.636 87.008 94.719 93.316 94.605 92.334 91.639 95.351 92.698 96.873 98.548 90.275 86.774 94.839 90.996 92.0 92.403 90.645 89.853 93.298 94.626 93.335 91.305 96.24 98.084 103.927 100.36 92.758 100.942 92.507 87.148 85.86
-9999 -9999 -9999 -9999 -9999 -9999 -9999 -9999 -9999 -9999 -9999 -9999 -9999 -9999 -9999 -9999 80.599 91.937 87.925 86.851 91.014 88.418 89.097 87.652 92.811 76.807 78.417 79.632 80.983 87.233 83.358 82.702 80.813 80.512 88.767 80.72 80.353 76.881 78.135 85.126 85.428 84.534 83.424 89.325 89.143 92.16 93.533 91.685 93.236 92.098 90.749 94.71 94.647 86.61 89.003 91.75 96.018 90.619 93.532 95.124 92.594 96.237 101.018 99.248 95.657 94.168 96.671 99.824 98.842 94.867 90.379 90.202 88.136 88.874
-9999 -9999 -9999 -9999 -9999 -9999 -9999 -9999 -9999 -9999 -9999 -9999 -9999 -9999 -9999 74.508 77.726 82.563 84.995 -9999 -9999 -9999 -9999 91.657 91.54 74.709 80.294 80.234 86.086 86.999 77.405 78.742 86.879 70.644 80.001 81.795 74.776 81.144 79.798 86.137 88.656 92.183 89.72 90.909 95.476 93.968 104.706 95.709 92.813 95.054 94.489 97.467 93.414 91.625 90.422 90.323 94.32 103.018 98.796 98.534 95.651 96.347 97.304 100.433 99.965 93.789 94.54 92.436 93.181 87.221 90.729 90.784 89.186 89.124
-9999 -9999 -9999 -9999 -9999 -9999 -9999 -9999 -9999 -9999 -9999 -9999 -9999 -9999 -9999 74.837 81.748 90.688 -9999 -9999 -9999 -9999 -9999 97.948 87.889 85.141 83.439 81.356 83.789 81.823 78.975 88.656 82.445 82.19 82.348 78.106 78.489 81.087 85.478 90.85 104.544 101.616 91.961 94.049 94.239 99.239 94.905 92.488 92.276 93.564 94.973 92.925 93.874 92.913 93.179 92.633 94.538 98.645 102.382 92.074 93.807 85.377 86.4 90.887 92.785 98.619 93.377 95.269 93.283 91.23 85.417 80.936 81.288 86.403
-9999 -9999 -9999 -9999 -9999 -9999 -9999 -9999 -9999 -9999 -9999 -9999 -9999 -9999 -9999 -9999 -9999 86.674 -9999 -9999 -9999 -9999 -9999 99.786 104.916 103.585 91.834 85.702 88.467 75.887 78.847 93.399 88.582 89.825 80.648 81.149 79.252 87.733 89.072 95.875 108.54 104.445 91.81 98.29 93.806 101.095 98.596 85.826 91.287 94.835 93.422 93.74 91.881 97.175 96.073 94.471 95.495 88.275 94.622 95.981 90.854 91.323 84.39 87.498 89.086 86.325 93.333 89.943 89.745 89.506 88.662 87.252 81.567 82.599
-9999 -9999 -9999 -9999 -9999 -9999 -9999 -9999 -9999 -9999 -9999 -9999 -9999 -9999 -9999 -9999 -9999 -9999 -9999 -9999 -9999 -9999 -9999 112.533 105.851 100.132 89.681 88.47 83.836 82.736 89.819 86.097 86.804 81.514 79.375 78.692 82.789 86.19 82.548 87.603 92.517 86.086 94.263 94.429 101.024 99.015 91.422 93.725 93.934 93.4 96.309 86.872 92.133 94.768 97.97 95.866 97.644 97.926 92.292 104.023 101.136 87.0 86.712 88.605 91.675 94.454 91.841 93.1 89.716 86.738 89.285 88.555 86.848 86.824
-9999 -9999 -9999 -9999 -9999 -9999 -9999 -9999 -9999 -9999 -9999 -9999 -9999 -9999 -9999 -9999 -9999 -9999 -9999 -9999 -9999 -9999 -9999 -9999 112.825 80.092 82.073 79.324 87.574 92.973 88.696 90.683 79.469 86.09 82.335 79.088 76.994 84.426 77.934 82.694 83.291 87.686 93.361 97.145 93.908 94.66 92.095 94.993 91.239 94.648 94.459 88.249 87.924 102.962 101.73 99.274 100.097 99.963 98.735 95.423 96.783 95.024 88.29 93.307 93.077 89.058 92.327 86.404 86.386 86.211 87.269 86.785 85.339 85.905
-9999 -9999 -9999 -9999 -9999 -9999 -9999 -9999 -9999 -9999 -9999 -9999 -9999 -9999 -9999 -9999 -9999 -9999 -9999 -9999 -9999 -9999 -9999 107.506 95.937 94.109 86.241 87.938 89.98 85.381 88.75 80.51 83.69 84.973 81.68 78.346 85.818 80.51 85.952 89.474 92.727 89.978 93.253 92.131 94.819 91.946 92.947 93.632 91.621 94.067 94.116 88.31 85.981 91.72 99.385 96.823 98.769 101.763 99.551 101.333 97.461 93.159 95.883 95.087 93.551 93.769 89.173 86.944 83.561 84.38 85.425 84.399 85.074 83.869
-9999 -9999 -9999 -9999 -9999 -9999 -9999 -9999 -9999 -9999 -9999 -9999 -9999 -9999 -9999 -9999 -9999 -9999 -9999 -9999 -9999 -9999 -9999 138.554 127.795 98.127 102.332 109.582 94.005 92.14 83.332 80.825 80.092 87.558 79.866 87.49 85.677 96.341 83.759 82.402 84.843 87.762 92.742 97.4 102.108 93.059 93.732 95.233 96.304 91.529 92.71 89.083 88.411 87.285 91.388 96.096 96.788 99.361 101.733 95.178 97.105 93.634 94.609 94.094 94.079 89.282 90.651 88.229 85.384 86.214 84.763 90.022 88.938 86.906
-9999 -9999 -9999 -9999 -9999 -9999 -9999 -9999 -9999 -9999 -9999 -9999 -9999 -9999 -9999 -9999 -9999 -9999 -9999 -9999 -9999 -9999 -9999 113.338 107.379 101.454 103.084 93.207 97.696 88.433 86.04 81.839 83.081 82.193 83.208 83.017 89.695 85.57 84.04 85.564 85.005 89.514 90.017 95.064 87.773 88.777 92.19 96.43 94.21 94.888 89.792 91.909 90.488 88.423 88.889 96.398 95.09 97.11 98.2 90.97 91.84 96.201 97.022 94.802 91.872 90.002 86.839 85.81 87.21 90.278 88.4 80.628 86.808 91.767
-9999 -9999 -9999 -9999 -9999 -9999 -9999 -9999 -9999 -9999 -9999 -9999 -9999 -9999 -9999 -9999 -9999 -9999 -9999 -9999 -9999 -9999 -9999 -9999 117.464 93.851 90.715 81.171 85.963 87.015 85.24 90.915 86.153 90.903 80.226 82.074 85.666 92.732 89.985 90.298 81.7 88.494 88.479 97.319 91.582 85.734 93.805 92.145 96.662 93.357 89.609 94.718 94.299 90.044 89.39 88.385 91.319 88.194 95.619 96.461 90.633 96.01 96.298 97.594 94.266 94.533 91.641 90.113 90.54 91.173 88.646 94.271 88.713 85.63
-9999 -9999 -9999 -9999 -9999 -9999 -9999 -9999 -9999 -9999 -9999 -9999 -9999 -9999 -9999 -9999 -9999 -9999 -9999 -9999 -9999 -9999 -9999 -9999 91.219 90.0 81.653 82.28 92.724 90.964 96.948 94.734 96.396 85.837 83.685 82.333 87.071 85.822 91.475 82.887 88.452 87.824 91.44 91.915 88.409 91.101 91.451 95.386 98.207 93.663 96.139 89.569 91.006 89.038 89.944 93.668 91.472 90.263 90.35 97.46 96.714 91.308 92.637 91.26 94.138 97.55 94.554 92.203 93.709 95.289 89.891 85.818 91.8 92.544
-9999 -9999 -9999 -9999 -9999 -9999 -9999 -9999 -9999 -9999 -9999 -9999 -9999 -9999 -9999 -9999 -9999 -9999 -9999 -9999 -9999 -9999 -9999 120.991 108.328 90.676 87.248 87.36 94.958 96.856 92.67 88.335 77.886 77.832 75.399 81.521 81.337 89.053 86.53 81.67 91.792 88.28 88.057 89.027 85.175 91.921 96.938 96.517 96.13 93.574 92.938 90.47 86.702 87.753 88.444 94.32 96.668 94.265 92.341 95.103 96.999 98.961 95.434 91.963 91.393 90.121 91.82 94.25 95.436 91.317 90.836 92.09 87.641 90.45
-9999 -9999 -9999 -9999 -9999 -9999 -9999 -9999 -9999 -9999 -9999 -9999 -9999 -9999 -9999 -9999 -9999 -9999 -9999 -9999 -9999 -9999 -9999 108.909 92.234 93.089 93.306 91.146 96.831 93.37 92.496 94.468 92.682 85.301 87.656 88.039 92.798 93.183 85.023 91.056 89.517 93.073 90.423 89.062 90.321 93.234 89.139 93.814 93.825 98.769 108.958 89.163 91.859 89.247 88.316 90.211 95.587 92.787 92.948 90.704 96.134 99.934 100.393 98.648 93.359 91.832 89.264 88.081 92.493 90.64 89.668 91.152 89.45 86.317
-9999 -9999 -9999 -9999 -9999 -9999 -9999 -9999 -9999 -9999 -9999 -9999 -9999 -9999 -9999 -9999 -9999 -9999 -9999 -9999 -9999 -9999 -9999 99.002 97.185 102.871 102.214 95.275 95.44 88.87 88.806 101.971 93.7 93.812 94.944 95.359 92.907 93.987 89.411 91.362 103.779 82.607 89.264 90.409 88.804 91.419 88.589 100.689 100.447 108.456 101.306 107.951 95.182 90.386 90.014 93.793 93.406 95.81 91.744 94.465 95.538 101.25 101.091 95.786 95.665 93.999 94.815 89.688 89.884 94.726 92.782 89.205 87.38 91.416
-9999 -9999 -9999 -9999 -9999 -9999 -9999 -9999 -9999 -9999 -9999 -9999 -9999 -9999 -9999 -9999 -9999 -9999 -9999 -9999 -9999 -9999 108.659 97.901 93.334 98.552 96.973 95.584 100.499 94.755 105.508 105.393 96.882 96.522 95.846 91.086 95.01 92.464 86.907 98.896 88.016 92.313 92.282 91.934 93.675 87.537 93.081 94.666 94.625 96.181 108.425 97.594 96.033 91.283 90.533 92.944 92.398 91.714 95.591 102.198 103.261 102.363 98.344 97.134 94.712 93.286 93.062 93.396 89.782 94.777 93.494 91.795 89.811 86.806
-9999 -9999 -9999 -9999 -9999 -9999 -9999 -9999 -9999 -9999 -9999 -9999 -9999 -9999 -9999 -9999 -9999 -9999 -9999 -9999 -9999 103.918 102.691 88.45 94.513 105.568 102.47 93.541 99.095 97.364 92.759 99.134 89.388 96.353 107.594 90.993 94.498 89.865 92.186 95.341 92.809 94.711 96.339 84.537 89.721 90.774 83.701 85.252 89.383 95.783 95.491 103.267 97.902 95.657 91.73 95.44 93.741 97.281 97.111 95.751 100.08 95.337 95.585 92.822 94.211 93.292 93.893 94.43 92.062 86.121 88.418 86.698 90.208 89.949
-9999 -9999 -9999 -9999 -9999 -9999 -9999 -9999 -9999 -9999 -9999 -9999 -9999 -9999 -9999 -9999 -9999 -9999 -9999 88.381 96.102 99.281 99.832 99.029 100.127 103.489 98.944 99.309 98.048 92.609 101.156 100.368 97.314 101.637 93.47 89.277 86.321 89.996 93.576 92.017 93.657 98.092 90.48 91.855 95.061 89.123 89.781 93.169 93.852 90.858 96.942 96.916 99.641 98.79 97.549 99.042 102.318 100.314 98.894 98.926 95.631 92.611 91.464 92.649 93.42 99.773 96.904 89.718 91.672 82.031 79.448 84.528 86.032 84.685
