Sample_Data/Rainfall_Anomaly.asc
NCOLS 192
NROWS 249
XLLCENTER -225160.85627316462
YLLCENTER 29788.11610251502
CELLSIZE 5000.0
NODATA_VALUE -9999
[rows 132 to 164 of 249, columns 74 to 147 of 192]
-9999 -9999 -9999 -9999 -9999 -9999 -9999 -9999 -9999 -9999 -9999 -9999 -9999 130.151 120.592 110.84 113.989 114.669 115.373 112.703 109.977 104.262 102.333 120.808 119.334 119.695 118.772 122.484 111.281 113.658 115.355 125.706 123.01 133.104 126.367 114.592 115.239 116.291 110.945 106.325 106.652 121.405 111.265 102.869 100.447 98.319 93.53 95.106 103.034 109.311 99.924 96.055 90.577 96.033 88.724 91.674 90.842 95.375 -9999 -9999 -9999 -9999 -9999 -9999 -9999 -9999 -9999 -9999 -9999 -9999 -9999 -9999 -9999 -9999
110.134 -9999 -9999 -9999 -9999 -9999 -9999 -9999 -9999 -9999 -9999 -9999 -9999 128.588 112.092 114.315 112.764 117.699 125.504 120.238 107.433 102.055 114.005 115.757 118.686 113.378 114.61 110.16 112.298 116.06 121.179 118.13 124.172 122.507 117.151 111.301 113.618 113.475 115.26 108.723 114.691 110.183 110.277 105.365 102.493 98.946 93.859 97.166 101.703 100.803 98.81 101.812 96.371 99.165 99.11 91.336 92.409 95.339 -9999 -9999 -9999 -9999 -9999 -9999 -9999 -9999 -9999 -9999 -9999 -9999 -9999 -9999 -9999 -9999
110.124 -9999 -9999 -9999 -9999 -9999 -9999 -9999 -9999 -9999 -9999 -9999 136.937 118.802 115.974 114.531 110.396 118.763 132.28 122.599 115.717 125.219 108.001 111.68 107.613 117.505 110.376 109.029 113.729 115.507 114.538 126.264 117.339 125.808 123.408 120.04 112.638 122.021 115.877 124.084 115.428 122.665 120.757 107.566 104.491 105.39 96.719 95.763 98.288 99.697 94.737 109.324 105.383 100.359 99.573 100.464 93.416 93.972 97.617 -9999 -9999 -9999 -9999 -9999 -9999 -9999 -9999 -9999 -9999 -9999 -9999 -9999 -9999 -9999
104.855 -9999 -9999 -9999 -9999 -9999 -9999 -9999 -9999 -9999 -9999 124.054 -9999 109.137 113.639 109.623 108.755 117.507 118.508 115.194 124.51 106.511 106.751 105.106 115.66 115.942 110.063 110.292 113.235 113.422 132.866 126.231 120.801 131.196 127.719 117.777 123.269 120.393 123.197 117.968 117.705 117.816 112.326 105.353 105.374 99.107 97.454 96.631 102.761 104.367 113.532 97.062 102.322 100.157 100.982 99.424 98.365 95.18 95.02 -9999 -9999 -9999 -9999 -9999 -9999 -9999 -9999 -9999 -9999 -9999 -9999 -9999 -9999 -9999
98.33 103.882 -9999 -9999 -9999 -9999 -9999 -9999 -9999 -9999 -9999 106.636 -9999 114.139 114.557 122.83 116.675 116.672 112.407 124.963 128.924 117.98 109.587 114.844 110.917 113.955 108.336 123.786 111.473 113.428 120.598 -9999 -9999 -9999 -9999 -9999 -9999 124.942 124.697 123.688 123.979 123.669 116.789 104.804 100.006 101.785 99.541 94.111 97.994 100.2 101.343 105.885 102.916 103.39 101.244 107.752 102.809 96.176 95.039 95.83 -9999 -9999 -9999 -9999 -9999 -9999 -9999 -9999 -9999 -9999 -9999 -9999 -9999 -9999
98.756 101.063 102.439 -9999 -9999 -9999 -9999 -9999 -9999 -9999 -9999 106.006 106.916 108.351 121.565 113.859 116.752 110.46 113.84 124.174 125.298 112.02 114.34 109.681 111.694 108.515 119.355 113.317 110.832 116.542 137.572 -9999 -9999 -9999 -9999 130.9 119.636 118.276 118.016 121.879 120.471 114.524 110.513 106.126 104.966 97.513 90.927 91.433 89.921 91.229 93.04 104.756 105.555 100.422 100.821 102.675 106.685 100.305 95.317 95.028 -9999 -9999 -9999 -9999 -9999 -9999 -9999 -9999 -9999 -9999 -9999 -9999 -9999 -9999
97.204 105.995 92.511 101.719 -9999 -9999 -9999 -9999 -9999 -9999 -9999 103.286 103.151 114.361 -9999 -9999 115.5 113.478 113.954 123.746 -9999 124.542 125.004 125.806 107.315 119.771 118.554 114.298 109.474 -9999 -9999 -9999 -9999 -9999 131.616 124.282 113.13 118.838 115.34 116.326 115.214 113.749 116.113 96.785 88.985 86.623 81.364 82.901 80.628 88.58 90.585 88.998 99.905 92.693 97.141 105.174 104.66 97.974 96.909 95.346 -9999 -9999 -9999 -9999 -9999 -9999 -9999 -9999 -9999 -9999 -9999 -9999 -9999 -9999
101.065 89.657 92.965 104.617 -9999 -9999 -9999 -9999 -9999 -9999 -9999 -9999 106.131 121.742 -9999 -9999 -9999 118.115 108.312 123.843 151.845 -9999 -9999 132.969 124.739 128.135 127.189 122.876 -9999 -9999 -9999 -9999 -9999 114.509 116.374 108.473 109.713 107.179 106.308 107.046 102.825 107.153 101.311 94.427 95.144 88.998 88.523 85.138 88.626 90.125 81.986 85.559 94.058 96.795 95.376 93.709 98.778 94.987 94.578 93.737 -9999 -9999 -9999 -9999 -9999 -9999 -9999 -9999 -9999 -9999 -9999 -9999 -9999 -9999
98.327 104.984 108.426 -9999 -9999 -9999 -9999 -9999 -9999 -9999 -9999 -9999 -9999 115.238 -9999 -9999 -9999 -9999 113.93 129.581 153.554 -9999 -9999 -9999 127.088 133.491 -9999 -9999 -9999 -9999 -9999 -9999 -9999 113.041 113.182 99.019 103.466 90.881 94.658 92.583 98.662 103.217 99.899 108.283 111.127 104.186 91.221 82.622 85.619 79.462 78.609 83.513 90.056 95.513 96.91 104.131 101.505 103.261 96.484 93.869 -9999 -9999 -9999 -9999 -9999 -9999 -9999 -9999 -9999 -9999 -9999 -9999 -9999 -9999
95.457 99.113 -9999 -9999 -9999 -9999 -9999 -9999 -9999 -9999 -9999 -9999 -9999 110.475 -9999 -9999 -9999 -9999 -9999 137.893 138.93 -9999 -9999 -9999 -9999 -9999 -9999 -9999 -9999 -9999 -9999 -9999 -9999 118.906 104.955 107.315 97.123 98.267 94.662 98.217 101.054 97.472 101.689 102.438 103.229 94.784 89.688 89.941 85.416 86.484 86.574 87.989 87.679 93.953 93.644 98.867 105.303 105.337 100.148 85.888 90.104 -9999 -9999 -9999 -9999 -9999 -9999 -9999 -9999 -9999 -9999 -9999 -9999 -9999
94.129 -9999 97.062 91.882 92.433 102.179 -9999 -9999 -9999 -9999 -9999 -9999 -9999 110.132 -9999 -9999 -9999 -9999 -9999 -9999 -9999 -9999 -9999 -9999 -9999 -9999 -9999 -9999 -9999 -9999 -9999 -9999 119.545 107.417 108.673 108.38 119.115 89.824 89.86 85.523 84.103 92.68 93.367 126.315 132.886 110.148 105.914 86.711 89.276 74.588 77.937 80.46 85.634 101.791 102.343 100.412 102.015 97.838 96.964 89.521 84.148 85.453 -9999 -9999 -9999 -9999 -9999 -9999 -9999 -9999 -9999 -9999 -9999 -9999
97.704 98.685 94.513 93.745 95.72 100.726 -9999 -9999 -9999 -9999 -9999 -9999 -9999 -9999 -9999 -9999 -9999 -9999 -9999 -9999 -9999 -9999 -9999 -9999 -9999 -9999 -9999 -9999 -9999 -9999 -9999 129.603 120.837 117.019 102.947 113.83 98.708 102.548 96.812 96.438 98.36 96.329 104.942 114.278 105.518 100.704 91.573 93.138 85.043 82.491 81.471 83.294 87.79 94.841 104.515 103.656 105.541 99.942 96.465 91.008 88.266 89.952 -9999 -9999 -9999 -9999 -9999 -9999 -9999 -9999 -9999 -9999 -9999 -9999
97.229 95.342 96.09 96.638 -9999 105.213 108.239 -9999 -9999 -9999 -9999 -9999 -9999 -9999 -9999 -9999 -9999 -9999 -9999 -9999 -9999 -9999 -9999 -9999 -9999 -9999 -9999 -9999 -9999 -9999 -9999 130.092 129.466 112.041 110.32 88.538 108.926 120.423 103.194 88.968 90.69 85.275 83.46 91.343 102.296 109.803 117.515 92.177 88.31 85.051 88.302 97.553 97.768 101.356 99.643 102.818 106.536 106.986 98.58 97.828 91.089 91.948 90.469 88.487 -9999 -9999 -9999 -9999 -9999 -9999 -9999 -9999 -9999 -9999
93.495 93.594 94.453 95.064 -9999 -9999 106.541 -9999 -9999 -9999 -9999 -9999 -9999 -9999 -9999 -9999 -9999 -9999 -9999 -9999 -9999 -9999 -9999 -9999 -9999 -9999 -9999 -9999 -9999 -9999 -9999 115.425 109.626 110.279 93.116 100.85 111.346 101.35 93.837 96.037 93.383 93.645 94.231 97.003 97.295 110.743 100.816 94.062 100.609 86.216 90.283 96.329 96.824 94.239 100.036 106.813 105.183 104.614 100.331 97.052 98.516 103.458 95.632 91.791 86.554 85.074 81.264 -9999 -9999 -9999 -9999 -9999 -9999 -9999
95.191 91.972 87.675 100.395 101.604 -9999 105.212 -9999 -9999 -9999 -9999 -9999 -9999 -9999 -9999 -9999 -9999 -9999 -9999 -9999 -9999 -9999 -9999 -9999 -9999 -9999 -9999 -9999 -9999 -9999 131.689 126.739 115.949 95.366 100.861 84.04 89.051 97.209 95.13 90.66 90.787 92.714 85.14 83.168 80.493 91.139 95.446 112.376 105.913 90.388 89.79 91.957 93.185 96.873 99.649 98.213 105.388 103.04 99.276 103.531 99.865 96.087 94.723 77.85 84.73 74.502 81.367 79.211 84.148 -9999 -9999 -9999 -9999 -9999
91.558 89.969 97.051 97.936 -9999 99.499 -9999 -9999 -9999 -9999 -9999 -9999 -9999 -9999 -9999 -9999 -9999 -9999 -9999 -9999 -9999 -9999 -9999 -9999 -9999 -9999 -9999 -9999 -9999 -9999 -9999 123.605 104.143 103.597 89.824 93.631 111.661 103.951 93.362 93.497 93.703 88.888 92.064 91.404 92.959 94.089 95.289 99.998 93.288 86.537 91.277 85.308 83.092 93.701 93.386 97.593 96.753 103.55 99.64 100.56 104.644 102.731 94.333 79.466 79.025 81.909 74.145 76.246 78.356 85.614 -9999 -9999 -9999 -9999
88.8 95.681 100.082 97.563 93.471 95.506 -9999 -9999 -9999 -9999 -9999 -9999 -9999 -9999 -9999 -9999 -9999 -9999 -9999 -9999 -9999 -9999 -9999 -9999 -9999 -9999 -9999 -9999 -9999 -9999 -9999 -9999 128.022 122.897 115.761 128.773 149.358 117.595 96.616 115.086 103.436 102.93 96.933 98.631 87.493 83.877 85.053 79.737 85.227 82.464 81.053 79.691 83.236 81.974 87.935 92.128 97.218 100.75 98.949 99.39 102.537 87.844 88.86 81.714 78.073 81.609 76.403 81.442 77.111 81.9 86.83 -9999 -9999 -9999
96.568 99.215 97.582 100.254 97.696 -9999 -9999 -9999 -9999 -9999 -9999 -9999 -9999 -9999 -9999 -9999 -9999 -9999 -9999 -9999 -9999 -9999 -9999 -9999 -9999 -9999 -9999 -9999 -9999 -9999 -9999 -9999 129.859 120.605 115.322 124.811 108.635 92.182 109.837 104.236 98.553 91.871 92.401 91.853 89.361 85.382 83.276 84.792 83.565 83.23 83.565 81.432 78.551 80.534 83.426 93.564 93.47 101.634 103.759 114.006 113.389 102.511 87.531 85.828 86.23 88.471 80.912 81.224 83.817 81.283 84.107 89.207 -9999 -9999
114.402 92.673 91.888 95.859 96.828 -9999 -9999 -9999 -9999 -9999 -9999 -9999 -9999 -9999 -9999 -9999 -9999 -9999 -9999 -9999 -9999 -9999 -9999 -9999 -9999 -9999 -9999 -9999 -9999 -9999 -9999 -9999 -9999 117.847 128.218 113.475 102.355 121.452 104.62 109.2 96.336 96.082 93.227 96.651 99.76 97.51 81.359 86.44 83.785 85.136 82.012 75.114 76.163 84.171 84.864 92.374 95.18 97.692 106.717 104.484 111.096 107.148 96.499 89.089 84.687 86.535 83.951 84.416 82.476 82.424 81.125 86.48 -9999 -9999
95.187 -9999 -9999 -9999 -9999 -9999 -9999 -9999 -9999 -9999 -9999 -9999 -9999 -9999 -9999 -9999 -9999 -9999 -9999 -9999 -9999 -9999 -9999 -9999 -9999 -9999 -9999 -9999 -9999 -9999 -9999 -9999 -9999 111.717 105.954 93.195 106.682 93.45 103.364 91.7 94.728 95.514 95.189 96.823 97.26 85.992 88.855 85.554 87.534 85.053 78.878 81.675 79.651 84.972 84.969 88.937 95.994 107.728 104.681 109.899 100.848 97.397 96.694 90.202 88.806 90.982 85.971 86.969 86.446 82.679 84.661 86.285 91.439 -9999
84.267 -9999 -9999 -9999 -9999 -9999 -9999 -9999 -9999 -9999 -9999 -9999 -9999 -9999 -9999 -9999 -9999 -9999 -9999 -9999 -9999 -9999 -9999 -9999 -9999 -9999 -9999 -9999 -9999 -9999 -9999 -9999 -9999 -9999 101.585 107.889 104.327 95.222 93.787 99.338 95.821 103.263 101.365 102.129 104.19 99.059 86.29 83.665 85.528 81.459 78.772 69.529 75.226 73.298 81.809 91.048 93.712 109.54 112.323 109.114 110.715 101.051 96.747 99.945 96.008 101.357 98.824 101.887 97.787 88.55 87.413 89.697 92.661 -9999
103.725 -9999 -9999 -9999 -9999 -9999 -9999 -9999 -9999 -9999 -9999 -9999 -9999 -9999 -9999 -9999 -9999 -9999 -9999 -9999 -9999 -9999 -9999 -9999 -9999 -9999 -9999 -9999 -9999 -9999 -9999 -9999 -9999 -9999 104.068 -9999 99.474 96.191 101.287 98.932 -9999 104.949 98.145 98.948 101.037 90.497 86.784 87.463 85.693 86.226 81.052 72.107 74.675 79.589 77.019 79.406 85.582 95.239 107.177 115.091 112.335 101.586 100.047 103.255 106.654 96.686 97.063 94.971 100.188 90.329 92.914 89.418 88.12 94.672
-9999 -9999 -9999 -9999 -9999 -9999 -9999 -9999 -9999 -9999 -9999 -9999 -9999 -9999 -9999 -9999 -9999 -9999 -9999 -9999 -9999 -9999 -9999 -9999 -9999 -9999 -9999 -9999 -9999 -9999 -9999 -9999 -9999 -9999 -9999 109.619 103.598 -9999 -9999 -9999 -9999 107.355 103.477 106.043 107.097 108.851 100.949 106.031 94.38 88.838 87.06 86.437 77.582 77.66 78.455 84.176 84.411 88.067 96.117 105.027 110.275 107.929 100.393 93.25 100.581 94.283 88.478 89.897 90.556 85.693 85.601 94.239 88.581 88.286
-9999 -9999 -9999 -9999 -9999 -9999 -9999 -9999 -9999 -9999 -9999 -9999 -9999 -9999 -9999 -9999 -9999 -9999 -9999 -9999 -9999 -9999 -9999 -9999 -9999 -9999 -9999 -9999 -9999 -9999 -9999 -9999 -9999 -9999 -9999 107.446 104.313 -9999 -9999 -9999 -9999 105.588 106.426 104.77 104.844 97.735 100.412 97.619 97.559 84.48 83.207 89.34 81.586 81.269 77.588 80.054 83.683 91.567 93.813 100.341 104.921 104.908 104.583 96.013 93.499 96.507 95.023 93.796 91.033 87.566 84.213 84.532 88.169 86.492
-9999 -9999 -9999 -9999 -9999 -9999 -9999 -9999 -9999 -9999 -9999 -9999 -9999 -9999 -9999 -9999 -9999 -9999 -9999 -9999 -9999 -9999 -9999 -9999 -9999 -9999 -9999 -9999 -9999 -9999 -9999 -9999 -9999 -9999 -9999 107.558 -9999 -9999 -9999 -9999 109.689 106.182 105.501 87.126 91.532 77.939 83.219 96.997 96.345 86.7 88.229 91.172 91.2 85.427 81.609 86.244 84.836 92.18 95.928 100.507 106.215 108.236 104.253 99.107 98.525 98.908 94.683 87.339 85.078 87.02 86.123 90.163 91.023 90.402
-9999 -9999 -9999 -9999 -9999 -9999 -9999 -9999 -9999 -9999 -9999 -9999 -9999 -9999 -9999 -9999 -9999 -9999 -9999 -9999 -9999 -9999 -9999 -9999 -9999 -9999 -9999 -9999 -9999 -9999 -9999 -9999 -9999 -9999 -9999 -9999 -9999 -9999 -9999 -9999 96.2 100.564 92.518 94.39 86.591 87.075 90.769 94.639 92.698 89.148 91.346 93.368 96.544 88.303 85.594 80.507 84.961 86.755 91.87 97.068 102.368 107.154 104.939 104.401 101.219 100.007 97.263 88.33 83.958 85.769 85.223 87.991 91.475 91.79
-9999 -9999 -9999 -9999 -9999 -9999 -9999 -9999 -9999 -9999 -9999 -9999 -9999 -9999 -9999 -9999 -9999 -9999 -9999 -9999 -9999 -9999 -9999 -9999 -9999 -9999 -9999 -9999 -9999 -9999 -9999 -9999 -9999 -9999 -9999 -9999 -9999 -9999 -9999 -9999 99.627 110.123 106.94 94.776 92.874 92.172 85.034 95.877 92.422 91.694 91.24 104.362 106.79 94.82 88.139 89.823 85.767 94.839 92.688 94.495 100.824 101.277 102.53 104.411 105.012 101.126 98.182 98.36 95.869 92.851 86.029 83.522 88.046 90.589
-9999 -9999 -9999 -9999 -9999 -9999 -9999 -9999 -9999 -9999 -9999 -9999 -9999 -9999 -9999 -9999 -9999 -9999 -9999 -9999 -9999 -9999 -9999 -9999 -9999 -9999 -9999 -9999 -9999 -9999 -9999 -9999 -9999 -9999 -9999 -9999 -9999 -9999 -9999 98.704 101.457 103.939 97.622 90.956 88.59 85.481 91.565 95.993 94.91 93.622 95.536 96.37 100.451 91.473 88.963 89.051 90.322 94.86 97.296 96.85 100.08 101.529 101.041 103.546 102.822 101.731 96.44 96.098 99.148 94.602 92.415 88.289 84.747 87.042
-9999 -9999 -9999 -9999 -9999 -9999 -9999 -9999 -9999 -9999 -9999 -9999 -9999 -9999 -9999 -9999 -9999 -9999 -9999 -9999 -9999 -9999 -9999 -9999 -9999 -9999 -9999 -9999 -9999 -9999 -9999 -9999 -9999 -9999 -9999 -9999 -9999 -9999 -9999 95.52 101.619 100.112 110.579 97.425 96.046 100.335 95.276 94.258 87.888 90.246 88.823 91.431 93.708 87.814 86.593 88.57 88.908 85.967 92.256 92.688 99.663 104.312 102.49 102.348 99.479 97.915 97.808 98.309 98.536 93.984 92.595 88.384 90.554 92.594
-9999 -9999 -9999 -9999 -9999 -9999 -9999 -9999 -9999 -9999 -9999 -9999 -9999 -9999 -9999 -9999 -9999 -9999 -9999 -9999 -9999 -9999 -9999 -9999 -9999 -9999 -9999 -9999 -9999 -9999 -9999 -9999 -9999 -9999 -9999 -9999 -9999 -9999 95.064 100.557 98.924 106.336 100.953 96.904 101.145 95.267 96.162 91.05 92.88 95.048 99.591 85.478 84.789 94.19 89.096 90.325 89.913 91.854 88.067 96.325 97.464 103.943 107.577 99.283 95.103 95.514 97.621 96.229 96.507 93.852 92.602 86.853 86.3 95.186
-9999 -9999 -9999 -9999 -9999 -9999 -9999 -9999 -9999 -9999 -9999 -9999 -9999 -9999 -9999 -9999 -9999 -9999 -9999 -9999 -9999 -9999 -9999 -9999 -9999 -9999 -9999 -9999 -9999 -9999 -9999 -9999 -9999 -9999 -9999 -9999 -9999 -9999 99.321 100.577 102.525 103.983 104.673 106.852 103.141 97.075 89.877 94.889 94.328 99.209 91.068 79.826 79.886 84.684 89.428 85.495 87.797 100.59 97.77 92.581 96.827 103.127 102.293 103.144 94.955 95.801 97.373 103.431 99.754 93.033 92.924 96.448 91.729 90.801
-9999 -9999 -9999 -9999 -9999 -9999 -9999 -9999 -9999 -9999 -9999 -9999 -9999 -9999 -9999 -9999 -9999 -9999 -9999 -9999 -9999 -9999 -9999 -9999 -9999 -9999 -9999 -9999 -9999 -9999 -9999 -9999 -9999 -9999 -9999 -9999 -9999 -9999 101.57 100.871 100.738 102.721 103.867 101.523 99.674 92.701 94.88 95.282 93.065 89.149 83.254 79.96 78.4 83.356 85.402 86.128 84.819 93.054 100.544 97.965 95.643 99.36 101.967 101.724 98.827 93.773 97.376 98.835 101.131 93.737 89.941 90.419 93.942 97.212
-9999 -9999 -9999 -9999 -9999 -9999 -9999 -9999 -9999 -9999 -9999 -9999 -9999 -9999 -9999 -9999 -9999 -9999 -9999 -9999 -9999 -9999 -9999 -9999 -9999 -9999 -9999 -9999 -9999 -9999 -9999 -9999 -9999 -9999 -9999 -9999 -9999 -9999 -9999 102.298 102.656 103.406 107.137 99.044 96.869 86.111 90.844 88.051 93.509 84.654 86.086 80.5 77.947 86.217 84.799 97.43 93.907 95.234 98.27 98.694 98.453 99.898 103.125 97.783 96.636 94.939 97.28 98.651 103.05 95.378 92.177 93.153 -9999 92.003
