Sample_Data/Rainfall_AnomalyBenchmark.asc
NCOLS 192
NROWS 249
XLLCENTER -225160.85627316462
YLLCENTER 29788.11610251502
CELLSIZE 5000.0
NODATA_VALUE -9999
[rows 165 to 197 of 249, columns 74 to 147 of 192]
-9999 -9999 -9999 -9999 -9999 -9999 -9999 -9999 -9999 -9999 -9999 -9999 -9999 -9999 -9999 -9999 -9999 -9999 -9999 -9999 -9999 -9999 -9999 -9999 -9999 -9999 -9999 -9999 -9999 -9999 -9999 -9999 -9999 -9999 -9999 -9999 -9999 -9999 112.356 107.91 106.982 95.355 97.408 95.934 83.521 86.668 82.214 83.938 84.19 85.327 86.294 76.619 71.081 68.961 73.974 76.647 87.64 90.951 95.121 95.497 96.496 94.477 96.67 97.804 96.375 97.076 95.776 105.942 103.013 98.581 93.098 89.542 88.583 89.024
-9999 -9999 -9999 -9999 -9999 -9999 -9999 -9999 -9999 -9999 -9999 -9999 -9999 -9999 -9999 -9999 -9999 -9999 -9999 -9999 -9999 -9999 -9999 -9999 -9999 -9999 -9999 -9999 -9999 -9999 -9999 -9999 -9999 -9999 -9999 -9999 -9999 -9999 108.926 107.726 106.556 103.302 101.457 92.165 94.465 88.421 85.452 95.862 91.744 101.165 92.119 81.747 73.907 68.064 69.695 81.632 84.86 84.678 88.691 89.316 93.036 101.387 99.902 95.36 93.247 96.857 101.436 94.87 99.909 96.89 94.546 100.043 89.393 86.439
-9999 -9999 -9999 -9999 -9999 -9999 -9999 -9999 -9999 -9999 -9999 -9999 -9999 -9999 -9999 -9999 -9999 -9999 -9999 -9999 -9999 -9999 -9999 -9999 -9999 -9999 -9999 -9999 -9999 -9999 -9999 -9999 -9999 -9999 -9999 -9999 -9999 109.399 109.67 109.477 108.914 109.948 100.994 99.679 93.441 89.481 92.691 89.412 95.775 94.298 95.676 87.723 79.363 72.768 64.136 66.016 79.984 94.65 96.013 93.139 88.208 93.913 100.189 97.611 97.228 98.225 96.464 97.891 93.39 94.941 94.355 95.245 99.59 96.906
-9999 -9999 -9999 -9999 -9999 -9999 -9999 -9999 -9999 -9999 -9999 -9999 -9999 -9999 -9999 -9999 -9999 -9999 -9999 -9999 -9999 -9999 -9999 -9999 -9999 -9999 -9999 -9999 -9999 -9999 -9999 -9999 -9999 -9999 -9999 -9999 -9999 110.895 110.402 108.902 112.437 111.324 100.183 102.123 98.822 104.674 94.243 94.129 91.991 98.685 93.751 93.527 84.36 69.532 71.02 70.877 70.489 77.491 87.421 95.395 90.745 88.55 93.33 101.999 100.76 97.147 95.343 98.377 96.181 94.433 94.351 93.0 93.803 94.35
-9999 -9999 -9999 -9999 -9999 -9999 -9999 -9999 -9999 -9999 -9999 -9999 -9999 -9999 -9999 -9999 -9999 -9999 -9999 -9999 -9999 -9999 -9999 -9999 -9999 -9999 -9999 -9999 -9999 -9999 -9999 -9999 -9999 -9999 -9999 -9999 -9999 -9999 109.341 110.99 113.115 104.959 107.103 101.852 107.579 102.36 97.269 96.328 98.22 97.646 97.958 93.677 92.012 77.439 70.105 70.16 68.914 70.877 75.853 82.985 91.153 88.605 89.573 92.31 100.223 95.175 91.293 95.87 96.254 90.64 93.139 97.744 95.81 94.976
-9999 -9999 -9999 -9999 -9999 -9999 -9999 -9999 -9999 -9999 -9999 -9999 -9999 -9999 -9999 -9999 -9999 -9999 133.449 120.761 -9999 -9999 -9999 -9999 -9999 -9999 -9999 -9999 -9999 -9999 -9999 -9999 -9999 -9999 -9999 -9999 -9999 111.766 117.753 115.729 110.133 104.699 102.045 107.291 104.322 108.16 102.984 100.205 96.579 97.723 93.521 88.578 91.347 79.412 77.465 76.628 71.375 81.13 79.97 91.427 91.772 89.279 89.283 97.962 97.374 99.728 93.256 92.88 94.389 99.241 95.115 96.468 98.801 101.358
-9999 -9999 -9999 -9999 -9999 -9999 -9999 -9999 -9999 -9999 -9999 -9999 -9999 -9999 -9999 -9999 -9999 -9999 105.392 97.18 94.546 -9999 -9999 -9999 -9999 -9999 -9999 -9999 -9999 -9999 -9999 -9999 -9999 -9999 -9999 -9999 116.416 117.153 115.65 111.132 104.896 102.632 106.566 102.993 107.484 104.497 102.904 96.084 97.696 96.617 94.22 96.577 91.808 73.416 72.451 75.842 78.016 72.861 78.199 86.172 98.263 91.719 89.276 92.649 97.538 99.825 97.689 92.958 91.997 92.646 94.017 92.833 92.839 103.668
-9999 -9999 -9999 -9999 -9999 -9999 -9999 -9999 -9999 -9999 -9999 -9999 -9999 -9999 -9999 -9999 -9999 114.71 110.567 91.48 91.097 93.316 -9999 -9999 -9999 -9999 -9999 -9999 -9999 -9999 -9999 -9999 -9999 104.344 -9999 -9999 116.185 107.529 109.427 111.041 106.578 -9999 101.135 108.583 103.694 95.325 92.914 101.155 95.479 102.434 109.446 95.172 101.985 80.596 74.208 84.75 81.568 85.916 80.116 80.991 88.712 95.1 95.159 94.733 95.534 89.132 89.543 94.566 95.572 95.69 92.346 87.246 91.364 90.505
-9999 -9999 -9999 -9999 -9999 -9999 -9999 -9999 -9999 -9999 -9999 -9999 -9999 -9999 -9999 -9999 -9999 128.084 99.845 97.361 96.817 98.055 101.562 105.87 -9999 -9999 -9999 87.885 94.638 -9999 100.073 103.228 101.625 101.66 102.886 -9999 -9999 107.399 107.762 -9999 -9999 98.88 104.896 103.69 98.389 97.039 101.085 98.781 98.435 111.053 102.753 78.345 89.93 73.271 73.426 72.375 78.514 76.611 84.66 87.597 86.808 83.215 90.978 89.37 92.704 100.218 92.528 92.041 93.842 98.655 97.426 92.072 90.676 95.291
-9999 -9999 -9999 -9999 -9999 -9999 -9999 -9999 -9999 -9999 -9999 -9999 -9999 -9999 -9999 -9999 -9999 -9999 106.344 103.946 98.266 96.773 94.693 -9999 -9999 77.062 69.56 83.255 84.96 86.87 92.275 97.387 98.808 112.064 106.709 92.652 -9999 107.66 108.65 105.608 100.272 100.739 100.348 95.263 99.579 99.224 98.52 105.38 104.116 108.322 104.903 78.741 76.858 72.404 68.491 90.501 84.79 80.978 83.293 83.712 87.121 92.641 90.057 95.212 92.282 92.942 96.438 97.227 92.693 88.836 95.267 93.192 90.779 93.031
-9999 -9999 -9999 -9999 -9999 -9999 -9999 -9999 -9999 -9999 -9999 -9999 -9999 -9999 -9999 -9999 -9999 -9999 118.151 113.992 103.739 98.21 88.94 89.477 75.367 70.305 81.357 84.169 82.263 85.295 88.66 89.766 101.153 104.345 94.202 94.532 101.392 106.171 106.426 101.89 103.798 103.807 105.867 108.451 98.366 96.169 100.091 100.229 96.065 102.717 95.304 81.586 76.343 78.867 75.37 78.385 87.498 79.381 81.414 86.135 84.097 83.379 89.159 83.106 88.854 92.136 91.77 95.855 94.44 97.096 95.675 93.431 92.216 90.025
-9999 -9999 -9999 -9999 -9999 -9999 -9999 -9999 -9999 -9999 -9999 -9999 -9999 -9999 -9999 -9999 -9999 -9999 -9999 113.133 103.336 92.592 94.856 72.479 77.807 69.414 71.436 75.901 72.388 77.18 77.406 84.864 85.782 94.882 104.913 84.55 96.519 104.954 97.649 100.626 99.974 106.929 113.575 96.979 99.072 108.67 95.818 99.708 100.084 100.966 99.188 89.281 80.888 86.703 83.345 77.227 79.252 83.831 84.983 84.992 85.847 85.727 85.495 88.725 86.765 90.51 94.788 93.019 92.231 100.121 102.128 95.913 94.166 94.876
-9999 -9999 -9999 -9999 -9999 -9999 -9999 -9999 -9999 -9999 -9999 -9999 -9999 -9999 -9999 -9999 -9999 -9999 -9999 -9999 -9999 94.251 78.137 80.878 69.434 67.881 72.626 75.455 78.182 74.16 81.301 80.42 83.304 96.888 88.951 89.97 97.006 94.845 94.326 96.762 97.516 102.109 99.354 98.902 107.261 97.076 99.737 102.058 97.9 97.699 87.698 90.517 85.894 79.456 85.942 78.062 78.781 79.216 81.395 91.924 91.411 88.295 89.477 86.555 87.08 89.244 89.982 97.592 94.321 95.974 98.535 89.419 90.953 91.43
-9999 -9999 -9999 -9999 -9999 -9999 -9999 -9999 -9999 -9999 -9999 -9999 -9999 -9999 -9999 -9999 -9999 -9999 -9999 -9999 99.201 79.886 92.522 71.94 68.158 71.077 68.726 77.823 77.946 76.845 83.775 83.898 78.868 93.42 91.854 79.54 92.229 92.202 89.782 92.711 94.33 94.786 100.446 101.346 98.04 94.451 105.092 100.316 96.421 88.75 93.98 94.92 88.443 86.737 84.416 88.701 85.398 81.2 79.761 84.07 91.664 95.432 90.599 96.019 89.793 93.333 92.257 96.863 98.906 95.094 94.577 95.181 95.338 93.824
-9999 -9999 -9999 -9999 -9999 -9999 -9999 -9999 -9999 -9999 -9999 -9999 -9999 -9999 -9999 -9999 -9999 -9999 -9999 113.359 85.086 94.418 78.166 73.399 73.515 66.474 79.757 81.496 67.492 70.229 73.486 72.089 84.962 89.6 78.152 83.945 88.688 90.132 90.416 94.629 96.347 98.001 99.561 99.705 95.51 100.98 97.234 95.92 90.541 95.17 95.295 96.421 96.616 78.424 85.169 83.035 88.727 84.582 82.384 87.988 88.071 87.871 90.332 88.187 93.965 88.226 93.86 95.764 96.58 101.145 97.262 95.411 97.49 97.369
-9999 -9999 -9999 -9999 -9999 -9999 -9999 -9999 -9999 -9999 -9999 -9999 -9999 -9999 -9999 -9999 -9999 -9999 118.349 101.597 100.42 94.46 90.901 98.326 91.587 99.805 90.128 77.35 65.95 62.822 59.474 71.701 83.631 75.203 82.351 96.49 89.919 94.283 85.348 94.635 104.997 97.584 99.093 96.217 99.262 96.281 96.535 94.104 93.822 91.179 94.613 97.329 101.614 90.502 85.341 93.094 90.849 90.895 88.374 88.059 89.158 91.806 92.54 93.487 91.593 94.983 99.304 101.471 97.45 92.706 103.326 97.068 95.261 95.782
-9999 -9999 -9999 -9999 -9999 -9999 -9999 -9999 -9999 -9999 -9999 -9999 -9999 -9999 -9999 -9999 108.137 114.612 114.89 104.484 101.303 100.131 97.008 92.272 94.312 85.898 81.91 72.368 65.128 68.967 75.443 81.353 72.984 74.08 85.067 80.32 88.898 85.917 87.337 98.952 96.083 97.486 96.276 98.176 95.088 97.818 97.215 95.531 92.094 96.301 91.731 93.996 94.496 84.151 86.971 92.563 96.348 87.092 87.026 90.198 91.058 91.155 95.293 94.716 91.888 92.045 96.376 102.458 98.323 101.669 99.886 97.567 95.374 97.078
-9999 -9999 -9999 -9999 -9999 -9999 -9999 -9999 -9999 -9999 -9999 -9999 -9999 -9999 -9999 100.786 103.471 109.247 110.464 -9999 -9999 -9999 -9999 92.931 93.379 71.347 77.555 70.404 69.4 73.585 70.887 70.483 77.739 63.461 71.765 80.923 83.013 83.233 86.786 96.336 98.871 98.199 101.934 100.397 103.774 101.041 108.706 99.328 96.288 97.161 92.872 97.96 93.239 89.289 88.072 88.372 93.163 97.495 90.831 94.725 93.531 93.644 92.662 88.523 90.161 89.583 93.974 92.16 95.732 91.879 99.675 100.047 97.354 100.175
-9999 -9999 -9999 -9999 -9999 -9999 -9999 -9999 -9999 -9999 -9999 -9999 -9999 -9999 -9999 101.778 110.522 120.076 -9999 -9999 -9999 -9999 -9999 89.005 76.958 77.256 76.691 71.346 70.136 70.897 70.311 77.869 69.966 73.025 82.725 86.277 81.307 86.051 91.019 99.205 110.563 109.392 100.253 100.484 96.381 101.191 97.398 94.305 94.363 92.215 92.986 93.922 95.342 92.84 90.768 91.826 92.787 95.933 96.539 86.534 90.659 80.144 81.723 91.856 90.44 99.974 94.851 97.975 97.67 96.101 92.477 98.759 97.333 98.134
-9999 -9999 -9999 -9999 -9999 -9999 -9999 -9999 -9999 -9999 -9999 -9999 -9999 -9999 -9999 -9999 -9999 116.496 -9999 -9999 -9999 -9999 -9999 94.249 91.983 94.739 85.144 76.987 76.819 65.681 69.807 80.278 73.986 80.648 79.964 81.733 84.297 89.395 91.202 102.624 113.841 109.803 101.304 104.274 95.388 104.03 99.12 92.464 91.029 94.159 92.602 92.223 92.724 96.459 93.834 93.257 94.444 86.259 90.338 92.196 87.613 85.465 78.565 89.181 95.242 91.014 94.94 94.906 95.722 96.937 96.507 91.636 96.598 95.709
-9999 -9999 -9999 -9999 -9999 -9999 -9999 -9999 -9999 -9999 -9999 -9999 -9999 -9999 -9999 -9999 -9999 -9999 -9999 -9999 -9999 -9999 -9999 107.831 96.793 89.817 77.689 75.786 69.768 68.958 73.822 70.704 77.63 78.625 82.973 86.268 82.967 88.029 90.97 96.442 98.353 93.597 100.202 95.883 103.073 98.001 91.642 92.416 98.202 94.868 95.491 82.82 86.869 91.429 93.225 91.181 95.955 97.471 91.957 103.624 101.341 87.169 83.607 87.449 96.401 102.753 98.91 96.962 96.239 91.059 96.454 97.473 93.181 96.601
-9999 -9999 -9999 -9999 -9999 -9999 -9999 -9999 -9999 -9999 -9999 -9999 -9999 -9999 -9999 -9999 -9999 -9999 -9999 -9999 -9999 -9999 -9999 -9999 101.217 67.746 68.946 66.532 72.231 75.446 70.496 83.713 74.711 87.519 86.494 76.947 74.595 90.131 86.819 85.88 90.064 94.333 96.316 95.704 90.848 100.588 90.748 92.017 95.895 96.326 94.973 85.352 83.674 88.865 90.352 94.796 96.918 99.35 99.052 97.69 98.446 94.748 87.974 93.128 95.351 94.318 100.035 92.101 90.899 93.701 94.076 94.419 94.642 96.76
-9999 -9999 -9999 -9999 -9999 -9999 -9999 -9999 -9999 -9999 -9999 -9999 -9999 -9999 -9999 -9999 -9999 -9999 -9999 -9999 -9999 -9999 -9999 88.966 76.659 75.043 67.635 70.427 77.628 71.973 81.139 73.005 79.981 81.838 81.109 78.801 91.063 87.828 91.699 94.836 94.663 90.815 89.412 85.779 96.712 93.341 92.699 98.369 96.584 97.798 96.345 87.43 84.422 89.968 89.866 90.119 94.165 99.574 101.035 104.288 102.137 93.143 95.3 97.949 99.193 100.787 97.239 94.062 88.975 88.763 91.214 94.485 97.299 99.469
-9999 -9999 -9999 -9999 -9999 -9999 -9999 -9999 -9999 -9999 -9999 -9999 -9999 -9999 -9999 -9999 -9999 -9999 -9999 -9999 -9999 -9999 -9999 123.291 105.714 72.565 72.636 85.196 79.916 82.107 75.401 74.642 72.533 83.504 81.74 89.987 90.945 102.457 90.588 90.62 88.801 86.95 87.267 95.426 98.784 94.888 96.968 100.461 101.629 95.936 95.093 86.288 85.311 85.466 88.321 91.021 90.13 96.447 101.982 96.911 99.782 95.287 93.55 99.299 100.928 93.867 98.612 97.562 93.321 92.283 89.703 97.864 101.598 98.896
-9999 -9999 -9999 -9999 -9999 -9999 -9999 -9999 -9999 -9999 -9999 -9999 -9999 -9999 -9999 -9999 -9999 -9999 -9999 -9999 -9999 -9999 -9999 109.675 92.705 84.172 84.486 79.244 82.325 75.181 74.897 72.043 79.262 81.395 82.641 85.084 88.111 85.411 90.875 90.595 91.217 92.75 91.284 95.388 92.525 94.68 95.938 100.189 95.487 98.812 96.529 95.065 90.85 86.392 87.275 97.282 95.906 93.924 96.562 94.83 95.775 97.237 97.958 97.78 98.902 93.405 89.137 89.251 90.238 97.142 95.511 86.044 96.034 107.555
-9999 -9999 -9999 -9999 -9999 -9999 -9999 -9999 -9999 -9999 -9999 -9999 -9999 -9999 -9999 -9999 -9999 -9999 -9999 -9999 -9999 -9999 -9999 -9999 114.682 85.869 79.419 68.0 70.356 71.834 71.018 84.043 84.349 87.812 77.515 77.563 73.582 92.105 94.074 95.371 89.544 94.616 89.986 103.146 99.633 91.23 96.001 95.856 98.306 96.41 96.897 99.542 97.09 91.673 88.51 91.807 96.109 95.15 97.552 97.571 95.364 102.355 100.71 98.831 97.791 96.653 92.914 91.472 91.074 92.735 93.699 106.35 99.316 96.666
-9999 -9999 -9999 -9999 -9999 -9999 -9999 -9999 -9999 -9999 -9999 -9999 -9999 -9999 -9999 -9999 -9999 -9999 -9999 -9999 -9999 -9999 -9999 -9999 87.319 84.87 75.57 71.784 71.059 69.598 80.389 83.113 91.174 81.336 86.259 78.613 88.427 89.884 92.975 86.057 96.408 93.182 100.571 101.07 94.443 94.354 95.557 98.814 100.14 97.588 102.188 94.337 94.461 91.662 91.1 101.182 101.125 96.348 97.065 100.338 98.995 95.554 98.73 90.993 91.902 94.017 91.941 93.598 96.31 96.041 89.636 91.873 105.218 97.35
-9999 -9999 -9999 -9999 -9999 -9999 -9999 -9999 -9999 -9999 -9999 -9999 -9999 -9999 -9999 -9999 -9999 -9999 -9999 -9999 -9999 -9999 -9999 117.135 106.097 88.328 87.86 74.742 70.167 75.292 75.096 76.608 72.877 77.783 80.696 86.128 87.552 90.733 87.254 84.409 97.383 95.407 97.523 97.425 90.057 96.727 97.56 99.558 98.449 97.032 98.211 93.564 91.692 91.399 90.434 96.06 104.423 100.056 96.212 98.435 99.775 100.066 97.908 94.424 90.461 89.926 90.256 97.072 99.6 94.422 88.89 99.851 100.857 98.116
-9999 -9999 -9999 -9999 -9999 -9999 -9999 -9999 -9999 -9999 -9999 -9999 -9999 -9999 -9999 -9999 -9999 -9999 -9999 -9999 -9999 -9999 -9999 102.059 84.573 88.543 85.626 75.078 73.701 73.694 76.909 80.4 80.847 80.403 86.409 85.977 84.814 87.124 83.445 91.783 92.047 95.512 96.111 93.541 99.165 99.829 94.546 99.125 99.305 105.372 108.268 93.717 98.411 96.247 94.313 96.497 98.47 96.288 96.618 94.868 97.784 99.884 99.359 94.678 91.555 90.177 86.893 86.931 92.204 98.251 93.093 96.523 104.161 95.174
-9999 -9999 -9999 -9999 -9999 -9999 -9999 -9999 -9999 -9999 -9999 -9999 -9999 -9999 -9999 -9999 -9999 -9999 -9999 -9999 -9999 -9999 -9999 87.614 88.907 92.593 91.422 79.189 73.265 71.127 74.136 86.5 80.802 82.863 89.096 87.923 79.247 90.999 86.168 89.306 101.279 83.959 90.777 93.703 95.637 97.751 96.176 102.163 102.847 112.579 105.669 112.799 103.093 98.597 99.341 98.257 96.445 97.889 95.787 96.448 93.196 107.691 103.426 96.876 94.4 93.682 91.074 88.687 87.736 90.892 95.13 90.911 98.002 101.564
-9999 -9999 -9999 -9999 -9999 -9999 -9999 -9999 -9999 -9999 -9999 -9999 -9999 -9999 -9999 -9999 -9999 -9999 -9999 -9999 -9999 -9999 94.668 88.962 84.828 89.145 85.969 79.763 79.373 75.068 81.396 84.65 81.255 81.771 84.327 77.366 90.394 88.699 88.584 101.465 92.078 95.698 98.951 101.879 100.601 97.352 101.484 101.201 103.059 104.089 113.581 104.862 104.274 99.33 98.951 102.043 98.976 95.705 97.059 102.916 102.989 100.576 104.721 97.29 97.867 94.321 93.025 90.402 90.871 100.104 97.989 96.681 97.264 93.626
-9999 -9999 -9999 -9999 -9999 -9999 -9999 -9999 -9999 -9999 -9999 -9999 -9999 -9999 -9999 -9999 -9999 -9999 -9999 -9999 -9999 91.227 88.8 82.883 86.083 93.085 91.018 77.273 78.454 82.086 69.986 77.137 75.453 84.499 90.169 79.341 88.599 90.248 94.265 102.527 95.361 101.81 106.122 92.837 96.679 100.111 100.945 92.977 94.448 106.915 106.221 104.436 104.262 104.309 99.479 105.093 104.51 104.572 98.934 94.249 98.603 98.393 99.129 96.849 96.235 94.818 93.47 98.091 96.343 88.855 95.449 93.583 96.618 94.811
-9999 -9999 -9999 -9999 -9999 -9999 -9999 -9999 -9999 -9999 -9999 -9999 -9999 -9999 -9999 -9999 -9999 -9999 -9999 94.09 92.264 90.681 85.654 86.1 82.373 84.103 76.518 74.269 80.281 71.164 77.529 79.371 79.193 85.588 77.54 79.224 86.739 90.267 100.208 97.195 101.943 105.734 97.952 99.889 102.187 102.904 96.651 98.24 103.215 103.355 102.032 105.018 108.935 106.384 102.952 100.641 104.431 102.629 100.124 99.706 95.598 94.482 95.548 92.951 93.621 97.926 95.5 89.467 94.394 92.017 88.903 93.962 95.341 92.887
