Sample_Data/Rainfall_Anomaly.asc
NCOLS 192
NROWS 249
XLLCENTER -225160.85627316462
YLLCENTER 29788.11610251502
CELLSIZE 5000.0
NODATA_VALUE -9999
[rows 66 to 98 of 249, columns 74 to 147 of 192]
-9999 -9999 -9999 -9999 -9999 -9999 -9999 -9999 -9999 -9999 -9999 92.829 -9999 96.14 105.178 80.967 79.428 82.554 77.885 79.436 77.49 79.853 84.363 83.677 84.287 101.878 106.49 99.417 97.4 89.303 91.698 88.984 -9999 -9999 -9999 -9999 -9999 -9999 -9999 -9999 -9999 -9999 -9999 -9999 -9999 -9999 -9999 -9999 -9999 -9999 -9999 -9999 -9999 -9999 -9999 -9999 -9999 -9999 -9999 -9999 -9999 -9999 -9999 -9999 -9999 -9999 -9999 -9999 -9999 -9999 -9999 -9999 -9999 -9999
-9999 -9999 -9999 -9999 -9999 -9999 -9999 -9999 -9999 -9999 -9999 -9999 92.738 96.681 88.881 83.09 83.134 79.305 82.811 77.445 75.108 78.923 78.348 79.503 85.785 89.697 88.706 88.489 84.48 86.801 -9999 -9999 -9999 -9999 -9999 -9999 -9999 -9999 -9999 -9999 -9999 -9999 -9999 -9999 -9999 -9999 -9999 -9999 -9999 -9999 -9999 -9999 -9999 -9999 -9999 -9999 -9999 -9999 -9999 -9999 -9999 -9999 -9999 -9999 -9999 -9999 -9999 -9999 -9999 -9999 -9999 -9999 -9999 -9999
-9999 -9999 -9999 -9999 -9999 -9999 -9999 -9999 -9999 -9999 -9999 -9999 85.742 82.47 90.227 98.947 87.52 82.752 87.633 91.122 77.659 85.216 76.73 83.598 80.492 80.983 92.64 88.469 89.589 97.816 -9999 -9999 -9999 -9999 -9999 -9999 -9999 -9999 -9999 -9999 -9999 -9999 -9999 -9999 -9999 -9999 -9999 -9999 -9999 -9999 -9999 -9999 -9999 -9999 -9999 -9999 -9999 -9999 -9999 -9999 -9999 -9999 -9999 -9999 -9999 -9999 -9999 -9999 -9999 -9999 -9999 -9999 -9999 -9999
-9999 -9999 -9999 -9999 -9999 -9999 -9999 -9999 -9999 -9999 -9999 -9999 -9999 -9999 94.319 89.048 87.082 89.435 100.645 88.093 90.591 83.348 77.238 80.689 81.833 87.275 85.39 87.402 -9999 -9999 -9999 -9999 -9999 -9999 -9999 -9999 -9999 -9999 -9999 -9999 -9999 -9999 -9999 -9999 -9999 -9999 -9999 -9999 -9999 -9999 -9999 -9999 -9999 -9999 -9999 -9999 -9999 -9999 -9999 -9999 -9999 -9999 -9999 -9999 -9999 -9999 -9999 -9999 -9999 -9999 -9999 -9999 -9999 -9999
-9999 -9999 -9999 -9999 -9999 -9999 -9999 -9999 93.878 -9999 -9999 80.503 69.617 78.774 95.897 80.252 86.024 89.956 91.967 86.524 87.157 80.964 78.12 85.667 95.705 83.698 83.104 91.17 -9999 -9999 -9999 -9999 -9999 -9999 -9999 -9999 -9999 -9999 -9999 -9999 -9999 -9999 -9999 -9999 -9999 -9999 -9999 -9999 -9999 -9999 -9999 -9999 -9999 -9999 -9999 -9999 -9999 -9999 -9999 -9999 -9999 -9999 -9999 -9999 -9999 -9999 -9999 -9999 -9999 -9999 -9999 -9999 -9999 -9999
-9999 -9999 -9999 -9999 -9999 -9999 95.735 96.674 84.425 89.361 84.323 78.894 73.861 85.983 78.368 83.323 81.886 81.792 79.777 82.153 89.746 85.353 82.807 94.186 87.72 85.049 89.534 97.467 -9999 -9999 -9999 -9999 -9999 -9999 -9999 -9999 -9999 -9999 -9999 -9999 -9999 -9999 -9999 -9999 -9999 -9999 -9999 -9999 -9999 -9999 -9999 -9999 -9999 -9999 -9999 -9999 -9999 -9999 -9999 -9999 -9999 -9999 -9999 -9999 -9999 -9999 -9999 -9999 -9999 -9999 -9999 -9999 -9999 -9999
-9999 -9999 -9999 -9999 -9999 -9999 96.824 85.934 -9999 82.419 83.379 78.334 87.348 73.936 78.022 76.838 81.129 73.237 70.071 81.064 86.316 77.442 77.808 78.185 73.692 83.589 85.84 -9999 99.285 -9999 -9999 -9999 -9999 -9999 -9999 -9999 -9999 -9999 -9999 -9999 -9999 -9999 -9999 -9999 -9999 -9999 -9999 -9999 -9999 -9999 -9999 -9999 -9999 -9999 -9999 -9999 -9999 -9999 -9999 -9999 -9999 -9999 -9999 -9999 -9999 -9999 -9999 -9999 -9999 -9999 -9999 -9999 -9999 -9999
-9999 -9999 -9999 -9999 -9999 -9999 -9999 83.706 83.006 85.283 77.869 85.388 77.488 79.952 78.175 84.088 81.186 76.411 75.344 83.978 83.706 80.421 88.242 85.524 87.328 90.654 88.279 98.129 104.601 -9999 -9999 -9999 -9999 -9999 -9999 -9999 -9999 -9999 -9999 -9999 -9999 -9999 -9999 -9999 -9999 -9999 -9999 -9999 -9999 -9999 -9999 -9999 -9999 -9999 -9999 -9999 -9999 -9999 -9999 -9999 -9999 -9999 -9999 -9999 -9999 -9999 -9999 -9999 -9999 -9999 -9999 -9999 -9999 -9999
88.639 -9999 -9999 -9999 -9999 -9999 -9999 -9999 86.707 86.169 90.225 72.798 79.052 75.406 77.82 73.751 73.298 77.605 82.296 92.354 85.058 88.574 91.006 88.153 87.346 87.792 91.917 99.139 100.155 -9999 -9999 -9999 -9999 -9999 -9999 -9999 -9999 -9999 -9999 -9999 -9999 -9999 -9999 -9999 -9999 -9999 -9999 -9999 -9999 -9999 -9999 -9999 -9999 -9999 -9999 -9999 -9999 -9999 -9999 -9999 -9999 -9999 -9999 -9999 -9999 -9999 -9999 -9999 -9999 -9999 -9999 -9999 -9999 -9999
92.029 -9999 -9999 -9999 -9999 -9999 82.35 83.822 84.045 88.525 77.938 82.288 77.08 77.716 76.912 75.93 78.122 78.63 84.096 87.32 90.69 83.447 87.666 93.204 92.374 93.086 -9999 95.79 -9999 -9999 -9999 -9999 -9999 -9999 102.205 106.268 104.16 -9999 -9999 -9999 -9999 -9999 -9999 -9999 -9999 -9999 -9999 -9999 -9999 -9999 -9999 -9999 -9999 -9999 -9999 -9999 -9999 -9999 -9999 -9999 -9999 -9999 -9999 -9999 -9999 -9999 -9999 -9999 -9999 -9999 -9999 -9999 -9999 -9999
91.776 96.286 -9999 -9999 -9999 -9999 -9999 82.821 92.125 82.364 83.893 75.34 82.166 84.672 84.842 77.427 76.624 85.082 85.973 87.941 90.634 98.506 93.841 100.704 87.757 85.719 89.266 -9999 -9999 -9999 -9999 140.734 138.775 127.272 108.182 103.27 104.778 108.346 113.343 105.642 94.021 81.791 79.212 80.856 83.318 94.208 96.983 89.264 85.709 83.173 79.758 88.351 98.607 -9999 -9999 -9999 -9999 -9999 -9999 -9999 -9999 -9999 -9999 -9999 -9999 -9999 -9999 -9999 -9999 -9999 -9999 -9999 -9999 -9999
86.307 92.127 -9999 -9999 -9999 80.969 -9999 77.965 86.819 86.329 80.929 82.639 82.651 83.848 79.841 78.911 84.905 86.434 88.062 88.686 91.636 83.541 92.882 88.907 87.593 91.131 -9999 -9999 -9999 -9999 118.616 133.433 118.414 113.874 107.836 110.99 104.413 111.319 108.127 105.204 99.336 95.785 93.923 93.773 91.289 95.314 91.466 86.373 84.205 84.298 86.253 87.15 95.908 -9999 -9999 -9999 -9999 -9999 -9999 -9999 -9999 -9999 -9999 -9999 -9999 -9999 -9999 -9999 -9999 -9999 -9999 -9999 -9999 -9999
95.395 91.603 -9999 -9999 -9999 77.888 73.345 79.584 88.337 77.74 89.503 80.68 80.026 75.726 76.407 80.703 85.343 91.71 81.881 81.086 74.606 87.067 90.624 83.691 89.88 -9999 -9999 106.148 101.456 104.774 111.329 103.248 111.979 108.265 116.929 97.907 105.511 102.819 109.75 109.305 105.148 112.709 99.575 89.07 97.698 89.451 91.643 83.36 82.42 85.539 83.958 83.689 86.226 101.496 -9999 -9999 -9999 -9999 -9999 -9999 -9999 -9999 -9999 -9999 -9999 -9999 -9999 -9999 -9999 -9999 -9999 -9999 -9999 -9999
91.189 90.71 -9999 86.631 -9999 87.02 84.012 86.664 75.442 84.562 80.633 80.359 81.558 80.196 81.058 82.257 91.204 87.042 93.224 87.324 89.246 94.987 93.258 94.595 100.565 -9999 110.292 95.303 108.489 110.11 105.898 112.825 107.743 114.822 104.192 106.592 102.637 107.437 105.858 102.015 107.383 101.7 90.503 95.957 92.163 91.862 85.111 83.081 87.19 87.755 87.579 87.391 89.591 102.444 -9999 -9999 -9999 -9999 -9999 -9999 -9999 -9999 -9999 -9999 -9999 -9999 -9999 -9999 -9999 -9999 -9999 -9999 -9999 -9999
93.575 -9999 93.934 -9999 -9999 -9999 111.545 67.627 79.913 84.508 96.748 95.166 86.049 86.86 80.994 87.413 83.422 85.538 90.934 95.945 90.966 104.508 97.121 79.461 96.66 106.132 99.431 91.976 98.065 99.124 107.866 100.548 113.068 99.505 104.092 119.847 108.631 114.226 114.529 103.155 103.536 97.153 92.052 98.326 97.945 84.497 84.027 87.657 91.887 84.547 84.819 86.516 91.775 101.693 -9999 -9999 -9999 -9999 -9999 -9999 -9999 -9999 -9999 -9999 -9999 -9999 -9999 -9999 -9999 -9999 -9999 -9999 -9999 -9999
91.551 90.269 -9999 -9999 -9999 -9999 83.334 88.067 88.234 -9999 95.612 86.547 88.561 84.543 85.19 84.565 88.214 90.549 95.525 91.238 97.063 101.457 91.099 96.439 99.265 102.52 97.423 100.56 97.816 105.939 101.579 113.376 102.145 97.018 113.733 114.167 114.17 115.508 101.708 102.314 105.027 99.293 100.578 100.874 88.434 88.852 87.919 92.202 86.845 90.227 90.913 92.57 96.899 107.793 -9999 -9999 -9999 -9999 -9999 -9999 -9999 -9999 -9999 -9999 -9999 -9999 -9999 -9999 -9999 -9999 -9999 -9999 -9999 -9999
90.997 69.482 -9999 -9999 -9999 100.579 -9999 -9999 95.808 100.615 92.171 82.209 81.219 80.285 78.354 81.365 80.207 91.81 99.378 106.68 97.235 96.829 93.316 122.987 97.611 103.823 96.149 102.485 114.458 99.987 102.215 104.759 107.469 117.572 111.367 97.534 113.393 106.943 102.348 108.325 99.979 101.069 101.54 85.615 91.16 94.697 92.783 86.369 93.062 99.137 101.726 99.749 102.983 -9999 -9999 -9999 -9999 -9999 -9999 -9999 -9999 -9999 -9999 -9999 -9999 -9999 -9999 -9999 -9999 -9999 -9999 -9999 -9999 -9999
88.476 83.273 84.479 102.713 -9999 -9999 -9999 87.084 97.804 -9999 86.238 85.0 85.292 81.471 81.748 79.48 91.132 102.042 108.114 99.292 99.702 91.476 105.832 91.949 104.708 97.771 91.921 103.087 96.191 93.033 98.017 99.998 110.103 108.053 97.586 111.518 111.682 102.981 114.59 115.123 109.489 113.924 102.446 102.938 101.544 99.13 91.414 95.063 96.249 96.195 92.067 103.181 -9999 -9999 -9999 -9999 -9999 -9999 -9999 -9999 -9999 -9999 -9999 -9999 -9999 -9999 -9999 -9999 -9999 -9999 -9999 -9999 -9999 -9999
107.815 95.372 85.919 106.585 -9999 115.767 98.961 87.791 92.365 79.379 82.704 82.088 84.253 75.036 81.541 96.605 89.2 94.614 94.385 89.58 92.401 94.678 88.779 93.977 95.675 83.081 91.818 90.233 92.916 120.86 103.457 101.352 100.772 94.579 116.21 126.244 129.335 119.956 110.465 105.341 100.578 115.855 103.245 104.171 101.591 77.442 90.662 100.445 94.2 82.385 86.299 104.049 -9999 -9999 -9999 -9999 -9999 -9999 -9999 -9999 -9999 -9999 -9999 -9999 -9999 -9999 -9999 -9999 -9999 -9999 -9999 -9999 -9999 -9999
108.844 93.441 91.215 101.56 98.085 97.789 91.06 -9999 91.196 91.245 90.367 90.668 85.378 84.691 95.088 88.455 94.479 99.175 101.372 100.812 95.469 99.544 99.489 100.826 95.455 101.264 101.325 93.769 111.431 102.41 99.864 103.816 104.489 109.514 106.926 113.975 114.716 105.17 103.335 100.977 111.903 110.363 104.215 109.828 90.706 93.244 94.107 93.87 88.418 89.041 93.479 -9999 -9999 -9999 -9999 -9999 -9999 -9999 -9999 -9999 -9999 -9999 -9999 -9999 -9999 -9999 -9999 -9999 -9999 -9999 -9999 -9999 -9999 -9999
105.737 -9999 -9999 -9999 93.533 92.271 -9999 106.131 97.58 83.904 92.507 94.302 84.627 85.67 85.973 92.227 104.86 99.41 96.709 88.393 94.117 98.074 100.752 89.11 96.695 92.037 90.535 105.484 97.511 108.72 118.769 90.891 112.853 86.507 96.051 99.155 111.788 110.751 107.314 115.137 114.055 99.894 94.381 105.036 98.486 93.522 88.904 91.834 93.727 93.117 101.395 -9999 -9999 -9999 -9999 -9999 -9999 -9999 -9999 -9999 -9999 -9999 -9999 -9999 -9999 -9999 -9999 -9999 -9999 -9999 -9999 -9999 -9999 -9999
-9999 -9999 -9999 89.593 89.391 -9999 120.976 117.277 -9999 92.771 96.402 86.129 81.835 81.277 84.858 96.37 98.16 98.947 101.514 105.318 96.261 101.513 97.915 99.24 97.618 92.615 93.313 98.183 104.564 121.982 99.856 117.239 97.809 101.098 102.058 111.187 112.327 109.645 111.497 110.553 101.424 95.556 107.991 105.114 103.183 102.007 98.789 99.624 94.252 98.28 104.289 -9999 -9999 -9999 -9999 -9999 -9999 -9999 -9999 -9999 -9999 -9999 -9999 -9999 -9999 -9999 -9999 -9999 -9999 -9999 -9999 -9999 -9999 -9999
-9999 -9999 -9999 102.191 -9999 -9999 132.118 116.136 97.236 97.183 92.946 80.553 78.999 92.558 86.29 103.033 106.82 120.398 103.143 87.023 90.029 91.115 100.446 96.899 99.09 102.605 101.283 126.36 122.849 93.481 124.599 84.017 94.724 99.901 100.339 93.626 103.853 109.834 111.77 110.344 117.448 111.085 104.924 113.941 123.13 84.535 89.97 99.609 103.985 104.704 107.003 -9999 -9999 -9999 -9999 -9999 -9999 -9999 -9999 -9999 -9999 -9999 -9999 -9999 -9999 -9999 -9999 -9999 -9999 -9999 -9999 -9999 -9999 -9999
-9999 -9999 -9999 -9999 -9999 -9999 -9999 103.799 107.293 105.75 92.969 86.687 94.76 87.7 95.643 94.865 102.794 97.419 89.449 90.139 88.188 95.403 91.694 89.445 94.484 93.332 108.681 115.331 96.026 116.665 95.1 98.512 94.009 97.725 95.681 100.868 106.144 112.021 119.964 127.686 111.8 111.209 111.273 117.231 95.791 98.955 109.372 106.136 98.817 98.344 -9999 -9999 -9999 -9999 -9999 -9999 -9999 -9999 -9999 -9999 -9999 -9999 -9999 -9999 -9999 -9999 -9999 -9999 -9999 -9999 -9999 -9999 -9999 -9999
-9999 -9999 -9999 -9999 -9999 116.853 115.613 -9999 107.127 101.675 94.576 95.645 94.453 102.931 96.607 86.645 86.948 90.399 91.866 94.437 94.402 89.105 90.943 95.18 96.17 104.212 91.725 94.725 108.174 99.523 108.001 96.799 105.861 114.81 108.467 145.21 125.647 125.904 126.321 101.862 104.682 100.152 91.861 91.509 111.257 108.031 102.08 86.213 93.326 101.317 -9999 -9999 -9999 -9999 -9999 -9999 -9999 -9999 -9999 -9999 -9999 -9999 -9999 -9999 -9999 -9999 -9999 -9999 -9999 -9999 -9999 -9999 -9999 -9999
-9999 -9999 -9999 -9999 112.183 117.487 94.568 98.003 101.553 95.699 95.472 91.945 98.57 98.914 90.581 91.039 90.401 86.235 89.156 88.334 89.639 98.101 101.687 100.642 103.662 100.173 101.315 110.739 105.148 110.946 107.821 106.988 111.522 104.627 126.783 117.461 116.15 118.495 111.475 108.905 105.592 105.154 106.098 120.549 116.897 111.034 93.032 97.197 95.15 -9999 -9999 -9999 -9999 -9999 -9999 -9999 -9999 -9999 -9999 -9999 -9999 -9999 -9999 -9999 -9999 -9999 -9999 -9999 -9999 -9999 -9999 -9999 -9999 -9999
-9999 -9999 -9999 -9999 112.825 -9999 96.518 106.085 118.832 95.051 92.204 116.315 103.152 91.235 97.372 95.821 97.187 101.851 89.25 96.192 96.026 95.708 91.843 97.298 105.825 86.828 102.472 101.199 104.279 98.063 104.045 98.077 95.508 91.52 105.715 101.466 102.011 123.13 112.622 107.111 123.007 125.987 112.306 119.942 116.242 114.396 102.886 96.183 93.702 -9999 -9999 -9999 -9999 -9999 -9999 -9999 -9999 -9999 -9999 -9999 -9999 -9999 -9999 -9999 -9999 -9999 -9999 -9999 -9999 -9999 -9999 -9999 -9999 -9999
-9999 -9999 -9999 -9999 -9999 -9999 95.499 105.576 100.429 91.191 103.564 103.989 95.524 98.529 100.38 98.961 102.903 93.18 99.472 95.059 96.291 93.177 97.601 110.725 94.371 100.926 100.669 103.363 100.757 98.784 95.755 98.412 96.505 105.851 107.495 103.178 117.209 114.101 105.771 117.04 127.643 116.473 114.285 107.158 101.465 97.625 97.357 89.862 96.326 -9999 -9999 -9999 -9999 -9999 -9999 -9999 -9999 -9999 -9999 -9999 -9999 -9999 -9999 -9999 -9999 -9999 -9999 -9999 -9999 -9999 -9999 -9999 -9999 -9999
-9999 -9999 -9999 -9999 115.302 105.241 106.411 106.787 111.449 95.894 94.299 84.899 85.953 -9999 104.545 76.149 87.168 87.014 92.166 86.51 91.098 92.304 95.984 94.197 103.462 110.013 111.649 128.284 127.578 108.302 100.142 96.52 118.24 123.842 130.539 130.846 120.106 121.969 126.494 122.123 113.636 125.55 100.707 107.058 100.76 101.832 90.105 88.174 113.588 -9999 -9999 -9999 -9999 -9999 -9999 -9999 -9999 -9999 -9999 -9999 -9999 -9999 -9999 -9999 -9999 -9999 -9999 -9999 -9999 -9999 -9999 -9999 -9999 -9999
100.1 100.698 108.071 115.499 -9999 108.312 104.594 109.231 105.153 99.27 92.972 92.556 -9999 100.021 84.606 91.488 90.549 95.858 89.918 94.691 89.073 92.18 90.772 96.634 103.593 105.43 110.267 117.486 104.616 105.668 97.679 105.15 108.089 112.296 116.867 108.23 107.891 108.722 107.709 98.499 109.449 94.499 97.123 94.94 98.949 91.677 91.579 107.975 -9999 -9999 -9999 -9999 -9999 -9999 -9999 -9999 -9999 -9999 -9999 -9999 -9999 -9999 -9999 -9999 -9999 -9999 -9999 -9999 -9999 -9999 -9999 -9999 -9999 -9999
101.454 102.719 104.875 96.725 101.182 -9999 113.292 110.098 115.965 102.774 100.777 104.407 100.566 91.649 91.125 103.196 96.488 95.917 88.414 92.861 92.368 104.891 99.84 117.197 116.038 95.999 101.956 98.774 105.462 117.552 130.759 103.919 110.101 136.115 120.439 98.024 107.564 108.947 119.589 106.612 103.783 120.928 98.604 97.951 93.083 99.158 -9999 -9999 -9999 -9999 -9999 -9999 -9999 -9999 -9999 -9999 -9999 -9999 -9999 -9999 -9999 -9999 -9999 -9999 -9999 -9999 -9999 -9999 -9999 -9999 -9999 -9999 -9999 -9999
-9999 -9999 -9999 103.086 -9999 105.433 103.546 110.255 105.446 105.328 -9999 -9999 92.042 89.984 100.792 93.926 99.938 93.336 96.82 94.984 107.54 106.873 117.229 119.122 108.804 108.236 111.451 115.441 106.136 119.698 103.824 99.321 114.96 114.148 100.261 102.493 99.553 107.767 104.265 97.592 109.759 102.06 103.229 96.835 98.476 -9999 -9999 -9999 -9999 -9999 -9999 -9999 -9999 -9999 -9999 -9999 -9999 -9999 -9999 -9999 -9999 -9999 -9999 -9999 -9999 -9999 -9999 -9999 -9999 -9999 -9999 -9999 -9999 -9999
103.844 110.545 -9999 101.491 96.306 103.95 105.777 104.002 106.345 -9999 -9999 113.585 87.731 82.964 89.021 99.105 96.381 96.783 96.291 103.77 97.893 98.217 98.079 100.922 103.981 84.229 101.307 105.029 103.379 106.974 103.825 126.472 109.461 99.719 106.733 109.806 102.529 119.89 109.975 119.278 99.287 107.424 108.772 107.79 97.45 100.389 -9999 -9999 -9999 -9999 -9999 -9999 -9999 -9999 -9999 -9999 -9999 -9999 -9999 -9999 -9999 -9999 -9999 -9999 -9999 -9999 -9999 -9999 -9999 -9999 -9999 -9999 -9999 -9999
