Sample_Data/Rainfall_Anomaly.asc
NCOLS 192
NROWS 249
XLLCENTER -225160.85627316462
YLLCENTER 29788.11610251502
CELLSIZE 5000.0
NODATA_VALUE -9999
[rows 99 to 131 of 249, columns 74 to 147 of 192]
98.856 105.959 100.632 98.569 99.433 101.019 104.328 104.903 -9999 -9999 133.653 103.686 96.907 93.776 102.002 97.413 96.37 97.128 98.736 94.646 93.127 93.977 92.688 103.852 97.839 103.324 110.638 109.359 115.41 106.776 112.835 107.245 101.901 103.202 109.802 104.79 117.522 109.347 111.829 100.754 104.004 104.968 107.236 102.025 104.998 -9999 -9999 -9999 -9999 -9999 -9999 -9999 -9999 -9999 -9999 -9999 -9999 -9999 -9999 -9999 -9999 -9999 -9999 -9999 -9999 -9999 -9999 -9999 -9999 -9999 -9999 -9999 -9999 -9999
116.908 96.138 97.59 -9999 -9999 109.035 104.279 -9999 -9999 -9999 123.723 105.684 94.707 94.615 90.86 98.077 99.228 105.965 93.425 87.638 95.356 92.763 97.756 94.893 94.924 101.162 117.397 103.534 101.058 96.128 98.926 98.409 100.554 105.253 114.363 123.029 112.273 102.366 97.619 96.119 96.927 92.736 97.849 104.594 107.858 -9999 -9999 -9999 -9999 -9999 -9999 -9999 -9999 -9999 -9999 -9999 -9999 -9999 -9999 -9999 -9999 -9999 -9999 -9999 -9999 -9999 -9999 -9999 -9999 -9999 -9999 -9999 -9999 -9999
101.951 -9999 102.277 99.177 103.803 -9999 -9999 -9999 -9999 109.495 106.965 100.518 97.139 94.4 100.049 99.505 105.919 100.585 92.557 96.794 94.186 99.373 92.761 94.752 102.459 118.506 106.373 105.124 109.237 116.236 113.367 109.561 101.475 108.151 116.197 109.832 108.531 104.591 99.083 102.961 100.961 101.1 104.728 117.831 -9999 -9999 -9999 -9999 -9999 -9999 -9999 -9999 -9999 -9999 -9999 -9999 -9999 -9999 -9999 -9999 -9999 -9999 -9999 -9999 -9999 -9999 -9999 -9999 -9999 -9999 -9999 -9999 -9999 -9999
108.312 89.214 94.525 78.668 85.862 109.646 127.154 -9999 -9999 111.923 -9999 -9999 128.431 93.075 97.059 115.822 111.316 95.908 103.468 90.332 89.058 90.23 90.814 120.37 101.917 96.061 104.709 112.116 117.96 97.669 104.469 110.477 100.652 111.441 105.801 104.776 110.121 124.69 120.176 114.144 110.141 118.457 117.196 -9999 -9999 -9999 -9999 -9999 -9999 -9999 -9999 -9999 -9999 -9999 -9999 -9999 -9999 -9999 -9999 -9999 -9999 -9999 -9999 -9999 -9999 -9999 -9999 -9999 -9999 -9999 -9999 -9999 -9999 -9999
92.25 98.667 90.114 86.611 93.497 -9999 -9999 -9999 121.072 98.217 104.36 116.951 100.221 97.994 105.519 106.778 93.559 97.918 93.352 92.529 97.124 92.726 109.888 102.539 104.83 107.614 112.203 115.164 104.705 106.72 108.513 102.692 108.148 110.436 111.276 109.058 115.43 117.918 -9999 -9999 113.03 -9999 -9999 -9999 -9999 -9999 -9999 -9999 -9999 -9999 -9999 -9999 -9999 -9999 -9999 -9999 -9999 -9999 -9999 -9999 -9999 -9999 -9999 -9999 -9999 -9999 -9999 -9999 -9999 -9999 -9999 -9999 -9999 -9999
100.128 97.163 99.757 -9999 97.201 -9999 -9999 -9999 113.873 95.165 105.347 101.928 104.455 100.907 97.233 84.614 88.762 93.841 90.779 89.305 89.451 97.167 103.14 118.917 113.809 105.014 112.881 128.236 131.538 125.668 107.874 118.0 109.136 117.488 115.04 111.469 112.331 -9999 104.706 112.101 110.412 103.394 -9999 -9999 -9999 -9999 -9999 -9999 -9999 -9999 -9999 -9999 -9999 -9999 -9999 -9999 -9999 -9999 -9999 -9999 -9999 -9999 -9999 -9999 -9999 -9999 -9999 -9999 -9999 -9999 -9999 -9999 -9999 -9999
-9999 105.797 -9999 -9999 -9999 -9999 117.839 111.583 95.525 101.599 101.433 103.462 99.803 96.439 86.523 88.468 92.887 88.42 89.498 87.804 93.076 92.419 101.215 102.636 102.055 108.095 119.237 119.163 127.374 110.172 115.254 108.079 112.199 114.404 104.922 -9999 107.501 103.555 111.547 110.953 105.637 100.233 -9999 -9999 -9999 -9999 -9999 -9999 -9999 -9999 -9999 -9999 -9999 -9999 -9999 -9999 -9999 -9999 -9999 -9999 -9999 -9999 -9999 -9999 -9999 -9999 -9999 -9999 -9999 -9999 -9999 -9999 -9999 -9999
-9999 -9999 -9999 -9999 -9999 -9999 111.708 117.92 110.909 101.789 98.961 102.466 99.442 106.614 99.745 95.069 92.491 90.117 93.702 89.283 89.392 108.236 104.453 92.19 108.518 102.839 100.749 120.831 106.672 108.019 104.512 94.746 102.507 92.89 89.749 91.152 102.738 109.894 116.294 94.339 111.152 102.991 103.194 -9999 -9999 -9999 -9999 -9999 -9999 -9999 -9999 -9999 -9999 -9999 -9999 -9999 -9999 -9999 -9999 -9999 -9999 -9999 -9999 -9999 -9999 -9999 -9999 -9999 -9999 -9999 -9999 -9999 -9999 -9999
-9999 -9999 -9999 -9999 -9999 110.331 -9999 -9999 109.088 102.015 99.76 95.838 101.898 -9999 -9999 96.306 90.455 91.601 92.21 90.624 101.753 105.652 98.223 107.233 104.497 98.154 108.693 106.758 113.399 111.607 104.311 108.94 99.045 101.479 94.833 103.273 102.336 111.557 95.549 107.067 105.608 109.089 110.922 115.645 -9999 -9999 -9999 -9999 -9999 -9999 -9999 -9999 -9999 -9999 -9999 -9999 -9999 -9999 -9999 -9999 -9999 -9999 -9999 -9999 -9999 -9999 -9999 -9999 -9999 -9999 -9999 -9999 -9999 -9999
-9999 -9999 -9999 -9999 -9999 109.561 -9999 111.87 115.233 111.369 100.965 100.557 98.014 106.709 106.689 91.215 98.376 124.529 99.978 86.19 99.905 105.665 106.868 109.015 104.404 115.339 111.514 126.806 134.375 93.372 109.524 112.751 102.169 107.701 98.497 107.417 100.427 99.151 99.593 114.406 123.427 126.727 108.565 -9999 -9999 -9999 -9999 -9999 -9999 -9999 -9999 -9999 -9999 -9999 -9999 -9999 -9999 -9999 -9999 -9999 -9999 -9999 -9999 -9999 -9999 -9999 -9999 -9999 -9999 -9999 -9999 -9999 -9999 -9999
-9999 -9999 -9999 -9999 -9999 108.79 -9999 113.221 113.179 103.676 104.697 101.43 -9999 106.39 99.394 -9999 107.034 100.486 95.104 101.717 103.352 105.542 108.856 112.74 130.543 124.655 111.29 123.37 96.964 103.587 114.647 104.77 120.115 109.22 110.197 108.77 108.386 110.499 122.69 -9999 -9999 -9999 -9999 -9999 -9999 -9999 -9999 -9999 -9999 -9999 -9999 -9999 -9999 -9999 -9999 -9999 -9999 -9999 -9999 -9999 -9999 -9999 -9999 -9999 -9999 -9999 -9999 -9999 -9999 -9999 -9999 -9999 -9999 -9999
-9999 -9999 -9999 102.611 105.399 -9999 -9999 114.932 109.781 99.82 105.671 114.688 102.926 106.273 98.374 -9999 105.515 104.642 99.117 111.182 108.535 106.219 109.293 116.711 126.494 103.178 93.815 100.948 95.16 112.372 117.833 127.176 127.119 115.95 109.951 106.772 104.773 121.151 -9999 -9999 -9999 -9999 -9999 -9999 -9999 -9999 -9999 -9999 -9999 -9999 -9999 -9999 -9999 -9999 -9999 -9999 -9999 -9999 -9999 -9999 -9999 -9999 -9999 -9999 -9999 -9999 -9999 -9999 -9999 -9999 -9999 -9999 -9999 -9999
-9999 -9999 100.187 108.111 113.791 -9999 118.032 102.593 107.969 108.959 -9999 101.488 102.228 98.584 99.993 -9999 106.615 99.488 108.887 114.382 112.278 110.961 107.125 114.75 116.634 106.924 115.326 106.813 100.938 -9999 117.272 115.219 115.468 108.791 104.404 101.712 114.422 -9999 -9999 -9999 -9999 -9999 -9999 -9999 -9999 -9999 -9999 -9999 -9999 -9999 -9999 -9999 -9999 -9999 -9999 -9999 -9999 -9999 -9999 -9999 -9999 -9999 -9999 -9999 -9999 -9999 -9999 -9999 -9999 -9999 -9999 -9999 -9999 -9999
-9999 -9999 105.698 126.977 -9999 -9999 114.528 102.874 115.618 -9999 111.392 102.761 101.716 100.587 104.574 -9999 104.241 123.657 111.874 112.526 110.517 109.579 115.178 93.196 106.895 102.42 104.04 106.998 97.849 108.337 106.35 -9999 -9999 108.179 101.066 -9999 -9999 -9999 -9999 -9999 -9999 128.18 126.994 134.601 -9999 -9999 -9999 -9999 -9999 -9999 -9999 -9999 -9999 -9999 -9999 -9999 -9999 -9999 -9999 -9999 -9999 -9999 -9999 -9999 -9999 -9999 -9999 -9999 -9999 -9999 -9999 -9999 -9999 -9999
-9999 96.569 105.303 -9999 -9999 113.282 101.775 111.625 123.801 -9999 98.749 98.253 100.6 102.948 103.265 -9999 -9999 -9999 115.839 115.455 105.669 113.34 94.695 103.681 103.48 101.347 109.968 106.063 106.408 105.863 109.173 110.192 111.971 100.198 121.206 -9999 -9999 -9999 -9999 -9999 120.576 124.598 110.536 120.494 121.458 -9999 -9999 -9999 -9999 -9999 -9999 -9999 -9999 -9999 -9999 -9999 -9999 -9999 -9999 -9999 -9999 -9999 -9999 -9999 -9999 -9999 -9999 -9999 -9999 -9999 -9999 -9999 -9999 -9999
95.569 91.426 91.663 -9999 -9999 -9999 115.269 113.95 138.505 -9999 101.947 -9999 107.69 105.933 106.629 -9999 114.48 107.574 112.344 -9999 113.043 123.06 107.968 117.678 112.451 115.331 111.357 111.837 107.645 107.145 106.3 97.876 100.366 109.857 111.472 119.299 118.78 113.359 -9999 122.572 116.997 110.375 113.283 97.366 103.775 96.732 128.012 -9999 -9999 -9999 -9999 -9999 -9999 -9999 -9999 -9999 -9999 -9999 -9999 -9999 -9999 -9999 -9999 -9999 -9999 -9999 -9999 -9999 -9999 -9999 -9999 -9999 -9999 -9999
99.324 100.673 -9999 -9999 -9999 -9999 104.826 109.257 116.317 -9999 118.88 -9999 104.656 109.363 -9999 116.507 108.596 107.405 110.186 108.814 119.542 111.396 111.482 108.85 113.459 111.984 113.576 110.517 113.242 112.855 106.534 105.33 108.253 108.293 110.113 117.502 111.948 119.379 116.82 117.476 115.892 115.427 100.24 105.033 103.269 100.329 111.204 121.644 111.188 94.781 -9999 -9999 -9999 -9999 -9999 -9999 -9999 -9999 -9999 -9999 -9999 -9999 -9999 -9999 -9999 -9999 -9999 -9999 -9999 -9999 -9999 -9999 -9999 -9999
-9999 116.923 -9999 -9999 -9999 -9999 108.545 110.166 105.239 110.941 -9999 -9999 109.453 129.631 -9999 110.273 131.312 99.437 102.846 113.378 110.838 103.496 101.039 105.738 113.99 123.39 123.849 120.361 117.656 109.659 103.009 105.762 100.485 112.089 107.747 95.591 107.327 122.759 120.595 112.31 121.475 104.883 106.015 93.11 102.273 96.304 99.523 94.128 128.986 102.874 96.926 -9999 -9999 -9999 -9999 -9999 -9999 -9999 -9999 -9999 -9999 -9999 -9999 -9999 -9999 -9999 -9999 -9999 -9999 -9999 -9999 -9999 -9999 -9999
110.166 -9999 -9999 -9999 -9999 -9999 111.768 109.605 108.536 128.386 -9999 -9999 116.515 127.233 -9999 -9999 106.877 103.639 111.976 114.175 112.903 111.124 111.53 112.378 113.932 116.904 112.8 109.975 111.839 106.942 113.177 109.207 111.0 111.633 100.738 106.323 118.294 117.289 109.166 115.637 109.328 111.578 101.29 103.889 100.083 103.678 103.757 101.618 111.229 94.35 96.622 -9999 -9999 -9999 -9999 -9999 -9999 -9999 -9999 -9999 -9999 -9999 -9999 -9999 -9999 -9999 -9999 -9999 -9999 -9999 -9999 -9999 -9999 -9999
110.004 -9999 -9999 -9999 -9999 -9999 120.631 113.776 119.594 -9999 -9999 -9999 -9999 116.336 -9999 123.336 119.945 115.161 115.712 118.971 112.315 111.858 106.065 99.935 102.744 101.334 101.955 113.887 117.045 120.763 118.527 117.908 111.287 110.14 108.994 118.228 118.199 107.689 100.893 101.06 114.231 112.68 114.572 126.338 107.573 107.808 100.248 107.73 100.386 101.427 93.48 102.906 -9999 -9999 -9999 -9999 -9999 -9999 -9999 -9999 -9999 -9999 -9999 -9999 -9999 -9999 -9999 -9999 -9999 -9999 -9999 -9999 -9999 -9999
120.353 -9999 -9999 -9999 110.989 111.856 106.517 109.376 -9999 -9999 111.088 -9999 -9999 -9999 -9999 126.808 112.484 109.241 113.844 112.133 113.641 106.786 103.293 104.498 103.826 103.442 105.385 108.465 109.295 106.855 113.791 111.861 113.366 114.439 114.052 112.183 107.632 107.263 106.241 112.74 112.401 109.316 119.035 109.0 106.208 97.81 107.744 106.144 105.64 96.964 107.823 110.009 -9999 -9999 -9999 -9999 -9999 -9999 -9999 -9999 -9999 -9999 -9999 -9999 -9999 -9999 -9999 -9999 -9999 -9999 -9999 -9999 -9999 -9999
-9999 -9999 -9999 -9999 -9999 114.086 106.078 99.051 -9999 117.57 108.707 100.629 -9999 -9999 -9999 -9999 121.056 128.518 121.28 122.056 118.485 119.085 111.582 109.685 99.269 103.438 97.529 105.042 95.078 106.17 108.884 114.674 109.291 110.877 106.45 120.01 110.315 118.423 120.903 112.058 108.739 111.663 106.642 107.495 107.673 117.564 105.943 116.871 108.152 104.224 108.107 106.631 107.967 -9999 -9999 -9999 -9999 -9999 -9999 -9999 -9999 -9999 -9999 -9999 -9999 -9999 -9999 -9999 -9999 -9999 -9999 -9999 -9999 -9999
-9999 -9999 -9999 -9999 -9999 105.758 99.951 103.345 -9999 111.371 94.376 105.961 -9999 -9999 -9999 -9999 -9999 128.847 115.287 110.315 113.173 108.483 114.012 106.466 109.715 100.266 107.046 100.996 104.815 106.475 116.035 112.26 115.612 112.951 118.043 113.374 113.71 116.172 112.385 112.34 116.943 114.616 111.563 108.447 111.658 105.444 114.665 112.294 102.52 108.652 105.954 94.163 108.731 108.056 -9999 -9999 -9999 -9999 -9999 -9999 -9999 -9999 -9999 -9999 -9999 -9999 -9999 -9999 -9999 -9999 -9999 -9999 -9999 -9999
-9999 -9999 -9999 -9999 -9999 101.995 103.58 -9999 -9999 109.763 119.437 113.239 124.833 -9999 -9999 -9999 -9999 -9999 113.936 109.113 104.758 109.679 112.104 104.926 107.078 101.742 101.317 100.016 97.231 97.751 106.283 107.013 111.188 103.312 133.384 91.872 111.444 101.155 110.38 87.669 98.613 103.206 109.265 108.208 107.51 110.052 110.04 98.943 95.106 103.632 98.683 102.202 95.252 106.478 107.613 107.862 -9999 -9999 -9999 -9999 -9999 -9999 -9999 -9999 -9999 -9999 -9999 -9999 -9999 -9999 -9999 -9999 -9999 -9999
-9999 -9999 -9999 -9999 -9999 97.729 107.842 -9999 -9999 98.501 98.124 105.831 -9999 -9999 -9999 -9999 -9999 -9999 111.618 109.693 109.055 112.349 103.27 106.815 111.554 108.942 110.784 107.784 103.373 109.759 109.103 115.087 104.359 129.004 104.725 115.787 106.632 114.811 98.928 103.691 110.627 111.287 110.259 111.379 108.37 109.663 109.155 104.12 101.853 98.46 102.956 103.301 96.371 95.862 97.33 104.859 -9999 -9999 -9999 -9999 -9999 -9999 -9999 -9999 -9999 -9999 -9999 -9999 -9999 -9999 -9999 -9999 -9999 -9999
-9999 -9999 -9999 -9999 -9999 98.255 118.555 -9999 -9999 -9999 103.612 118.15 132.552 -9999 -9999 -9999 -9999 -9999 116.046 107.904 114.116 109.072 108.233 113.812 118.788 106.453 109.116 110.311 102.379 106.86 112.796 119.669 119.861 116.997 112.797 115.878 109.55 98.776 100.94 121.666 100.116 109.697 105.786 112.057 123.252 109.878 106.97 98.648 108.299 85.473 97.645 93.957 95.89 94.241 92.259 98.43 -9999 -9999 -9999 -9999 -9999 -9999 -9999 -9999 -9999 -9999 -9999 -9999 -9999 -9999 -9999 -9999 -9999 -9999
-9999 -9999 -9999 -9999 92.054 100.049 101.847 -9999 -9999 -9999 -9999 -9999 -9999 -9999 -9999 -9999 -9999 -9999 108.992 109.745 108.373 109.566 109.545 119.769 121.945 118.01 116.507 111.483 110.214 112.891 115.526 117.156 121.163 116.301 115.542 114.623 116.922 107.709 113.499 101.055 106.376 107.087 113.349 117.397 105.854 105.173 96.778 105.702 93.758 95.724 89.151 90.033 86.258 90.291 87.46 90.084 106.397 -9999 -9999 -9999 -9999 -9999 -9999 -9999 -9999 -9999 -9999 -9999 -9999 -9999 -9999 -9999 -9999 -9999
-9999 -9999 -9999 90.343 90.032 87.321 85.357 -9999 -9999 -9999 -9999 -9999 -9999 -9999 -9999 -9999 112.779 111.619 110.189 101.545 101.472 95.56 102.935 110.081 122.716 120.604 134.584 116.444 111.236 113.007 109.045 110.207 122.532 134.383 112.071 124.731 119.717 116.623 101.234 105.292 101.715 115.444 101.663 104.927 104.488 102.925 107.843 94.801 103.369 99.257 93.972 91.29 85.224 89.172 86.881 87.915 101.663 -9999 -9999 -9999 -9999 -9999 -9999 -9999 -9999 -9999 -9999 -9999 -9999 -9999 -9999 -9999 -9999 -9999
-9999 -9999 -9999 89.21 96.272 104.234 -9999 -9999 -9999 -9999 -9999 -9999 -9999 -9999 -9999 -9999 110.985 113.85 102.434 104.039 102.933 107.517 105.027 113.417 113.582 123.511 118.053 118.866 120.764 114.782 114.679 116.173 125.847 116.71 116.851 108.543 115.263 103.66 107.14 103.135 114.756 105.98 106.055 106.22 97.294 105.162 92.806 95.803 97.269 92.928 100.199 89.663 85.946 81.772 85.404 89.045 91.299 -9999 -9999 -9999 -9999 -9999 -9999 -9999 -9999 -9999 -9999 -9999 -9999 -9999 -9999 -9999 -9999 -9999
-9999 -9999 -9999 -9999 -9999 -9999 -9999 -9999 -9999 -9999 -9999 -9999 -9999 -9999 -9999 -9999 109.365 110.001 101.643 96.61 101.376 106.937 109.639 106.252 102.905 107.52 111.109 120.815 118.579 122.13 113.199 109.873 115.686 120.5 118.092 110.789 107.493 107.317 97.85 108.602 102.049 93.053 100.656 89.513 97.012 86.215 97.117 96.744 91.003 94.976 90.385 99.469 94.826 88.636 84.352 91.783 94.355 -9999 -9999 -9999 -9999 -9999 -9999 -9999 -9999 -9999 -9999 -9999 -9999 -9999 -9999 -9999 -9999 -9999
-9999 -9999 -9999 -9999 -9999 -9999 -9999 -9999 -9999 -9999 -9999 -9999 -9999 -9999 -9999 111.647 117.14 110.279 96.299 98.933 107.316 111.994 110.763 104.233 107.605 109.278 117.774 117.646 116.603 117.792 121.067 114.659 119.622 122.803 113.147 108.035 110.044 103.881 107.869 104.124 100.017 102.414 95.534 100.853 90.345 97.089 98.652 96.436 96.089 90.935 95.972 87.995 90.15 87.224 86.586 84.413 97.333 -9999 -9999 -9999 -9999 -9999 -9999 -9999 -9999 -9999 -9999 -9999 -9999 -9999 -9999 -9999 -9999 -9999
-9999 -9999 -9999 -9999 -9999 -9999 -9999 -9999 -9999 -9999 -9999 -9999 -9999 -9999 -9999 120.061 119.063 101.498 97.395 99.578 102.007 103.887 103.172 113.015 114.571 125.076 122.076 115.462 112.047 122.587 127.071 119.799 114.752 129.306 120.608 124.298 118.674 112.522 101.05 120.343 106.067 105.316 108.071 88.288 95.093 96.208 98.659 107.798 90.555 96.9 100.948 89.897 84.273 83.502 84.165 88.077 86.066 -9999 -9999 -9999 -9999 -9999 -9999 -9999 -9999 -9999 -9999 -9999 -9999 -9999 -9999 -9999 -9999 -9999
-9999 -9999 -9999 -9999 -9999 -9999 -9999 -9999 -9999 -9999 -9999 -9999 -9999 -9999 121.486 114.33 109.253 105.464 103.098 102.593 103.522 104.324 113.578 116.054 120.237 119.273 120.595 115.092 113.903 122.469 121.57 111.127 128.021 127.698 125.925 115.349 112.553 101.2 111.577 106.381 101.911 111.452 102.16 99.774 101.118 99.522 105.392 94.929 99.309 101.83 98.263 91.968 89.42 88.575 84.56 88.553 88.74 98.175 -9999 -9999 -9999 -9999 -9999 -9999 -9999 -9999 -9999 -9999 -9999 -9999 -9999 -9999 -9999 -9999
