Sample_Data/Rainfall_AnomalyBenchmark.asc
NCOLS 192
NROWS 249
XLLCENTER -225160.85627316462
YLLCENTER 29788.11610251502
CELLSIZE 5000.0
NODATA_VALUE -9999
[rows 198 to 230 of 249, columns 74 to 147 of 192]
-9999 -9999 -9999 -9999 -9999 -9999 -9999 -9999 -9999 -9999 -9999 -9999 -9999 -9999 -9999 -9999 -9999 -9999 108.883 93.655 95.624 86.261 87.817 76.747 81.441 73.876 82.959 72.987 77.007 77.825 77.241 86.367 80.707 83.653 87.068 72.822 79.78 91.981 94.449 102.458 108.394 97.113 112.04 100.596 102.821 101.507 97.916 104.471 104.572 98.475 105.813 108.581 106.311 110.154 109.047 102.612 100.605 96.795 98.147 100.22 101.983 102.703 98.665 92.679 89.182 87.412 92.642 93.605 89.055 93.56 95.894 101.025 98.733 97.897
-9999 -9999 -9999 -9999 -9999 -9999 -9999 -9999 -9999 -9999 -9999 -9999 -9999 -9999 -9999 114.395 97.615 105.249 101.534 99.067 93.053 93.441 84.725 90.3 78.962 84.559 79.767 82.381 84.695 84.061 90.043 87.196 83.21 87.346 77.539 81.682 90.007 96.597 98.351 106.551 96.495 105.433 98.283 101.527 100.721 99.564 103.826 105.708 99.633 100.147 106.322 103.001 95.511 97.995 102.479 106.089 101.068 104.281 97.02 97.387 100.176 98.976 101.955 95.627 90.693 90.125 88.465 91.519 91.713 95.537 104.357 100.929 100.878 97.061
-9999 -9999 -9999 -9999 -9999 -9999 -9999 -9999 -9999 -9999 -9999 -9999 -9999 100.245 102.891 102.424 101.415 99.711 99.446 97.98 96.318 96.962 93.793 73.808 86.403 84.179 80.946 91.066 88.374 84.122 83.573 87.733 74.425 77.174 86.274 98.278 105.287 74.366 88.33 102.139 104.649 106.144 101.138 103.531 108.878 105.303 105.266 108.659 97.795 103.895 108.099 95.438 90.258 92.13 96.634 97.544 100.502 98.462 101.104 91.971 96.189 96.992 97.246 91.433 91.871 90.039 88.22 93.906 92.042 95.303 99.113 103.715 99.497 100.791
-9999 -9999 -9999 -9999 -9999 -9999 -9999 -9999 -9999 80.528 106.376 104.019 101.662 95.84 95.994 98.225 94.265 97.197 102.869 100.029 96.523 97.61 83.035 87.851 86.037 81.101 86.903 85.763 83.504 80.983 87.954 81.624 78.866 83.856 91.851 103.015 75.621 83.045 95.826 98.272 102.515 97.827 103.641 105.538 104.42 107.516 109.679 103.944 104.273 106.125 97.469 94.918 95.391 92.123 93.449 92.187 90.832 98.598 97.668 95.896 93.205 91.397 91.072 95.417 90.386 92.565 88.673 89.722 92.861 95.119 98.926 89.438 96.331 96.55
-9999 -9999 -9999 -9999 -9999 -9999 -9999 -9999 112.551 88.76 105.427 88.793 101.993 81.676 92.126 89.529 92.568 93.506 101.432 95.678 99.55 94.185 92.879 92.113 82.141 89.998 86.883 89.836 88.14 82.597 85.331 83.8 78.656 90.439 85.688 72.598 77.502 85.43 88.764 104.777 89.982 93.6 92.846 100.126 105.248 110.817 107.541 103.433 108.512 106.639 99.146 84.23 96.509 93.105 93.112 91.269 89.679 84.875 92.166 87.024 88.466 95.668 91.249 92.043 95.682 95.152 91.005 88.855 91.019 92.49 98.01 105.412 97.161 98.281
-9999 -9999 -9999 -9999 -9999 -9999 -9999 125.349 97.319 103.082 99.452 106.201 93.715 97.126 88.86 91.253 87.846 94.662 89.25 92.69 91.232 88.66 92.562 88.173 93.886 93.68 88.237 85.648 79.999 83.395 87.766 83.968 90.689 90.371 85.074 80.435 89.101 87.784 102.739 93.746 92.331 93.685 99.239 102.698 101.0 99.811 97.603 104.267 101.42 107.044 93.174 98.902 99.954 92.511 91.589 89.398 85.453 87.309 82.907 87.87 85.715 88.293 92.857 87.797 91.483 94.598 92.238 92.585 94.634 97.831 98.963 100.347 97.836 94.133
-9999 -9999 -9999 -9999 -9999 124.726 -9999 116.139 111.697 109.847 109.073 114.409 108.629 110.438 93.626 96.169 92.304 98.381 97.975 87.822 94.255 103.21 96.518 97.864 95.431 84.626 93.845 69.724 74.058 80.233 80.819 75.195 80.859 77.147 81.588 90.622 84.792 104.43 95.331 90.11 89.863 93.443 101.4 100.891 96.135 92.411 93.529 103.702 102.355 97.191 98.355 90.801 97.357 93.11 91.742 94.604 88.697 93.249 88.894 90.658 89.948 94.011 92.507 92.587 94.381 94.588 92.448 96.158 96.974 98.937 97.616 90.717 94.137 87.525
-9999 -9999 -9999 -9999 -9999 -9999 -9999 -9999 -9999 107.931 108.778 102.807 107.621 97.932 98.282 94.472 100.525 103.684 95.917 96.099 103.313 95.607 94.204 94.321 87.612 94.025 81.157 79.322 77.471 79.024 74.806 78.499 80.253 86.447 88.34 85.648 108.134 97.562 87.399 91.824 97.062 99.896 100.002 97.249 93.86 91.765 99.49 102.958 99.951 106.948 117.34 95.836 91.029 89.503 91.673 94.053 92.399 83.193 90.191 88.986 92.596 92.178 95.984 100.358 101.259 97.167 90.977 96.008 97.545 96.765 96.054 89.619 87.65 96.337
-9999 -9999 -9999 -9999 -9999 -9999 -9999 -9999 -9999 110.034 103.666 103.902 105.303 96.108 96.916 92.726 97.274 101.842 98.433 106.751 102.91 96.404 100.131 95.752 96.437 97.042 97.72 92.025 86.195 93.663 83.014 84.657 87.793 85.083 80.868 100.698 96.432 73.898 81.848 94.681 109.027 88.016 99.133 91.416 94.506 91.373 92.563 104.156 114.1 94.89 102.261 104.13 94.659 89.509 90.839 90.967 91.942 94.536 87.099 90.999 89.218 92.967 92.987 96.802 100.679 98.265 92.301 95.656 98.477 91.411 92.57 93.391 90.869 92.143
-9999 -9999 -9999 -9999 -9999 -9999 -9999 129.297 125.128 113.881 105.179 -9999 98.791 103.847 100.808 103.879 108.931 109.355 -9999 110.086 95.97 97.858 94.02 95.052 94.901 93.677 90.5 84.459 91.442 86.626 82.426 83.919 88.499 84.399 87.612 92.412 83.727 86.546 84.275 97.69 88.171 96.075 95.092 98.954 94.083 95.645 96.508 108.72 87.282 94.46 98.242 98.999 91.751 87.85 87.023 87.917 89.447 92.337 94.058 98.325 98.336 94.126 95.146 93.778 95.761 100.105 97.478 97.944 98.494 95.546 91.397 89.519 91.444 91.246
-9999 -9999 -9999 -9999 -9999 -9999 -9999 128.585 -9999 -9999 -9999 101.513 102.79 112.018 -9999 -9999 -9999 -9999 -9999 114.546 103.43 96.121 99.244 101.497 98.597 98.859 93.918 101.375 100.539 68.131 73.796 74.621 80.222 84.552 83.245 82.24 89.892 102.24 85.764 94.045 99.471 86.954 103.155 98.469 99.189 105.88 97.918 93.785 90.291 94.139 92.905 96.46 92.832 88.674 88.588 94.902 92.356 95.07 92.98 97.77 100.532 99.259 97.813 93.044 95.071 93.131 97.687 90.427 94.017 90.306 91.335 90.983 90.34 95.797
-9999 -9999 -9999 -9999 -9999 -9999 -9999 -9999 -9999 120.65 113.362 113.662 122.204 121.611 -9999 -9999 -9999 -9999 -9999 -9999 -9999 -9999 97.703 95.737 97.698 94.252 94.07 95.472 75.46 78.892 77.721 79.932 84.168 85.129 86.016 88.198 97.008 88.718 91.519 95.423 81.142 91.527 96.37 95.805 101.934 101.044 92.612 90.893 99.79 95.351 88.636 91.389 94.602 91.917 91.189 92.355 96.673 92.154 95.678 96.723 101.557 100.345 100.923 101.453 99.338 102.53 94.765 98.989 92.576 93.461 93.519 93.694 94.871 99.154
-9999 -9999 -9999 -9999 -9999 -9999 -9999 -9999 -9999 -9999 117.047 -9999 -9999 -9999 -9999 -9999 -9999 -9999 -9999 -9999 115.298 104.365 97.506 97.757 97.19 98.893 96.72 95.255 96.434 85.635 83.655 89.975 84.489 89.097 87.327 91.291 91.325 99.858 85.542 94.158 86.484 91.146 88.283 -9999 101.586 101.061 106.038 91.354 98.025 93.813 88.289 93.825 89.785 93.41 89.348 92.347 93.439 100.512 94.088 95.903 101.451 99.166 100.081 101.041 104.718 92.545 94.061 87.866 93.901 98.546 97.171 101.162 100.918 100.706
-9999 -9999 -9999 -9999 -9999 -9999 -9999 -9999 -9999 -9999 -9999 -9999 -9999 -9999 -9999 -9999 -9999 -9999 -9999 -9999 122.516 113.612 111.875 108.955 -9999 -9999 -9999 112.753 90.718 84.682 86.222 83.622 87.481 85.216 92.111 92.239 96.146 87.718 93.228 87.658 93.682 98.276 -9999 100.258 99.037 104.331 91.876 94.14 96.502 90.432 86.979 93.719 99.46 94.135 92.628 87.083 92.631 104.463 103.46 88.441 91.435 99.098 98.819 102.288 103.772 111.689 99.216 95.377 97.017 96.169 97.945 103.15 108.236 104.52
-9999 -9999 -9999 -9999 -9999 -9999 -9999 -9999 -9999 -9999 -9999 -9999 -9999 -9999 -9999 -9999 -9999 -9999 -9999 -9999 -9999 -9999 -9999 -9999 -9999 -9999 -9999 120.494 107.522 101.762 92.312 101.787 91.204 99.519 93.109 94.727 88.079 97.607 84.129 84.118 -9999 -9999 98.314 100.36 100.822 97.31 99.609 92.543 94.221 90.386 89.264 101.874 96.447 93.842 93.323 88.392 90.744 87.267 97.77 88.437 88.419 91.038 96.332 98.946 104.401 94.835 99.645 103.368 101.912 110.286 103.365 99.687 105.317 106.131
-9999 -9999 -9999 -9999 -9999 -9999 -9999 -9999 -9999 -9999 -9999 -9999 -9999 -9999 -9999 -9999 -9999 -9999 -9999 -9999 -9999 -9999 -9999 -9999 -9999 -9999 -9999 118.112 118.507 105.628 103.937 94.922 99.284 94.18 98.658 93.663 109.354 -9999 -9999 -9999 -9999 -9999 99.176 101.029 95.363 99.152 98.285 95.481 98.275 92.35 91.198 101.447 103.45 94.721 96.102 91.229 86.71 87.506 81.85 92.284 92.917 99.182 94.969 99.209 97.937 93.151 90.711 97.634 105.198 107.917 113.09 105.662 103.545 108.436
-9999 -9999 -9999 -9999 -9999 -9999 -9999 -9999 -9999 -9999 -9999 -9999 -9999 -9999 -9999 -9999 -9999 -9999 -9999 -9999 -9999 -9999 -9999 -9999 -9999 -9999 -9999 -9999 -9999 110.939 101.233 100.941 96.295 99.481 94.937 109.107 -9999 -9999 -9999 -9999 112.673 100.144 95.947 94.958 91.117 101.868 101.937 96.765 94.772 96.286 95.155 93.241 97.661 94.288 94.507 96.627 90.755 89.34 85.894 93.954 94.009 93.002 94.625 94.102 96.311 102.654 98.111 101.706 106.49 104.084 104.526 102.385 103.149 103.237
-9999 -9999 -9999 -9999 -9999 -9999 -9999 -9999 -9999 -9999 -9999 -9999 -9999 -9999 -9999 -9999 -9999 -9999 -9999 -9999 -9999 -9999 -9999 -9999 -9999 -9999 -9999 -9999 -9999 -9999 107.937 106.882 112.167 113.097 109.778 -9999 -9999 -9999 -9999 109.836 105.106 100.229 98.418 94.395 99.501 102.627 98.567 96.526 99.415 101.42 97.755 95.492 97.492 98.736 94.116 90.578 88.342 91.188 90.417 89.373 93.396 91.204 87.923 91.861 95.683 95.589 103.216 104.576 104.889 101.573 98.731 105.015 107.791 106.831
-9999 -9999 -9999 -9999 -9999 -9999 -9999 -9999 -9999 -9999 -9999 -9999 -9999 -9999 -9999 -9999 -9999 -9999 -9999 -9999 -9999 -9999 -9999 -9999 -9999 -9999 -9999 -9999 -9999 -9999 -9999 -9999 -9999 -9999 -9999 -9999 -9999 -9999 114.945 110.023 108.063 101.076 97.122 97.16 97.335 95.338 96.681 94.722 96.923 107.748 95.887 108.125 102.251 102.721 99.03 90.448 85.798 87.126 91.715 83.139 83.41 83.157 85.151 93.949 97.84 98.324 97.551 98.439 103.068 103.937 100.885 106.101 107.885 108.914
-9999 -9999 -9999 -9999 -9999 -9999 -9999 -9999 -9999 -9999 -9999 -9999 -9999 -9999 -9999 -9999 -9999 -9999 -9999 -9999 -9999 -9999 -9999 -9999 -9999 -9999 -9999 -9999 -9999 -9999 -9999 -9999 -9999 -9999 -9999 -9999 -9999 112.669 111.131 106.287 101.274 97.912 95.758 95.063 90.759 90.732 91.456 93.759 106.848 99.97 104.41 105.063 99.251 99.678 98.133 94.778 90.038 92.046 94.611 88.265 82.881 82.689 79.702 85.006 91.816 94.079 96.004 95.523 96.883 98.716 101.761 102.306 105.752 105.922
-9999 -9999 -9999 -9999 -9999 -9999 -9999 -9999 -9999 -9999 -9999 -9999 -9999 -9999 -9999 -9999 -9999 -9999 -9999 -9999 -9999 -9999 -9999 -9999 -9999 -9999 -9999 -9999 -9999 -9999 -9999 -9999 -9999 -9999 -9999 -9999 -9999 111.122 115.583 120.567 117.234 117.225 103.121 83.127 84.719 81.939 86.352 94.473 94.671 95.379 94.881 88.148 90.223 94.721 96.628 96.226 96.803 89.249 94.176 98.373 91.59 94.652 87.861 83.443 85.373 86.926 91.392 90.821 97.908 98.47 98.479 106.443 106.767 93.635
-9999 -9999 -9999 -9999 -9999 -9999 -9999 -9999 -9999 -9999 -9999 -9999 -9999 -9999 -9999 -9999 -9999 -9999 -9999 -9999 -9999 -9999 -9999 -9999 110.441 87.831 81.208 85.339 -9999 87.58 -9999 -9999 -9999 -9999 -9999 -9999 -9999 -9999 115.972 114.468 120.153 113.688 100.972 95.636 88.194 88.914 90.759 92.958 93.539 92.248 89.319 95.987 92.502 90.202 93.025 90.954 94.794 89.436 88.392 87.937 90.314 90.889 93.212 87.599 85.13 89.044 88.347 88.89 89.027 95.442 94.413 97.317 99.22 98.609
-9999 -9999 -9999 -9999 -9999 -9999 -9999 -9999 -9999 -9999 -9999 -9999 -9999 -9999 -9999 -9999 -9999 -9999 -9999 -9999 -9999 105.626 92.739 109.193 114.691 79.719 74.764 80.517 85.099 82.376 86.077 92.082 -9999 -9999 119.695 114.944 113.276 124.187 112.95 115.416 117.036 111.382 109.278 108.575 98.041 94.979 87.19 94.172 88.139 91.086 95.527 91.66 93.847 89.847 89.572 95.364 94.677 92.309 90.445 95.307 90.691 88.116 89.936 93.736 91.089 85.592 88.264 88.447 88.206 93.63 95.563 90.825 90.151 84.481
-9999 -9999 -9999 -9999 -9999 -9999 -9999 -9999 -9999 -9999 -9999 -9999 -9999 -9999 -9999 -9999 -9999 -9999 -9999 -9999 106.187 104.881 92.344 110.08 91.481 86.999 82.039 87.314 90.655 90.942 89.109 92.932 98.497 105.35 102.239 96.319 106.696 102.956 106.727 110.734 106.151 105.882 113.499 105.298 106.938 97.701 96.773 91.78 92.405 91.822 94.783 92.938 85.708 87.534 86.45 93.784 95.813 89.524 88.782 89.559 92.364 91.448 89.676 89.046 89.703 88.772 86.063 93.67 90.903 90.04 92.417 94.005 90.68 88.425
-9999 -9999 -9999 -9999 -9999 -9999 -9999 -9999 -9999 -9999 -9999 -9999 -9999 -9999 -9999 -9999 -9999 -9999 -9999 -9999 105.515 99.235 103.281 109.543 106.118 99.635 95.52 98.486 95.262 98.135 90.869 89.193 91.526 91.501 89.429 99.02 90.689 98.496 109.237 108.312 112.582 115.102 116.79 119.378 116.36 114.316 104.472 102.535 96.482 92.57 98.067 93.911 85.924 84.12 86.116 87.862 92.589 91.088 88.113 87.562 88.513 97.345 95.887 91.146 92.521 87.698 91.129 90.05 95.005 88.8 89.049 94.21 93.559 93.691
-9999 -9999 -9999 -9999 -9999 -9999 -9999 -9999 -9999 -9999 -9999 -9999 -9999 -9999 -9999 -9999 -9999 -9999 -9999 -9999 102.464 96.959 102.152 101.469 101.764 99.563 99.94 94.434 98.84 93.13 91.346 90.089 89.379 90.801 100.391 97.85 98.73 107.515 105.991 112.212 111.971 110.358 108.635 108.506 108.736 102.719 101.06 99.909 96.269 98.113 108.516 94.624 90.125 92.094 91.464 95.552 92.912 99.227 95.846 93.682 92.36 88.614 95.491 98.504 96.76 86.918 83.618 92.279 89.476 93.152 88.512 89.893 94.592 92.593
-9999 -9999 -9999 -9999 -9999 -9999 -9999 -9999 -9999 -9999 -9999 -9999 -9999 -9999 -9999 -9999 99.979 86.665 -9999 107.59 94.864 83.045 90.593 96.856 105.09 106.646 104.409 98.339 99.561 96.369 90.326 91.27 90.527 104.001 94.067 98.991 104.663 99.48 98.109 109.073 112.724 103.776 103.278 105.675 110.473 102.017 105.928 101.862 96.704 97.601 102.985 94.42 90.646 91.913 91.289 97.617 96.333 90.214 97.842 93.511 96.062 96.639 91.916 96.415 99.202 98.355 89.275 90.237 92.649 84.603 90.055 92.811 93.495 98.142
-9999 -9999 -9999 -9999 -9999 -9999 -9999 -9999 -9999 -9999 -9999 -9999 -9999 -9999 -9999 -9999 91.989 101.737 100.851 97.846 87.653 91.961 92.265 97.115 97.17 97.251 92.416 94.282 98.081 90.722 95.026 91.685 94.952 90.138 96.19 95.615 88.181 87.641 101.411 109.741 100.612 99.097 99.032 103.865 95.607 98.989 105.436 105.856 96.65 100.83 100.229 97.161 97.135 93.347 90.129 91.196 95.596 88.614 87.227 96.793 95.762 96.33 95.663 100.089 98.033 93.889 96.107 85.571 87.92 89.177 86.069 87.479 88.348 91.365
-9999 -9999 -9999 -9999 -9999 -9999 -9999 -9999 -9999 -9999 -9999 -9999 -9999 -9999 -9999 112.186 105.899 103.227 101.012 90.226 91.692 90.869 88.36 88.799 93.284 95.812 94.017 97.744 99.834 100.794 96.537 99.325 89.976 94.804 96.837 91.232 82.616 85.669 94.136 93.09 98.447 99.54 98.893 93.726 90.477 95.863 110.188 107.534 105.826 92.112 102.087 102.69 103.001 93.066 92.448 98.782 95.959 90.316 91.056 94.677 93.874 104.835 99.632 95.18 98.111 98.371 98.27 99.256 92.001 95.568 91.013 95.589 89.549 83.831
-9999 -9999 -9999 -9999 -9999 -9999 -9999 -9999 -9999 -9999 -9999 -9999 -9999 -9999 -9999 -9999 100.401 96.365 94.109 92.592 91.561 89.143 87.899 93.393 97.631 96.156 94.172 96.301 100.851 96.245 103.472 95.505 91.154 92.438 96.801 91.416 95.291 99.519 100.063 104.882 103.712 104.193 100.386 100.282 92.473 100.522 101.816 103.895 91.547 97.362 94.951 97.946 97.454 95.567 92.098 97.533 97.59 92.722 88.546 80.707 -9999 88.703 99.945 89.818 94.582 101.776 102.453 98.142 97.913 95.943 94.136 98.368 100.037 90.655
-9999 -9999 -9999 -9999 -9999 -9999 -9999 -9999 -9999 -9999 -9999 -9999 -9999 -9999 -9999 102.645 104.32 98.478 95.864 92.1 89.836 89.072 84.724 91.919 99.529 95.958 93.99 101.717 100.551 102.39 101.812 106.066 91.643 95.278 102.471 99.026 101.774 111.913 115.562 98.571 100.596 98.541 99.751 101.411 95.696 86.202 97.356 93.4 91.179 93.114 95.478 93.47 93.963 93.828 94.369 93.669 96.321 94.275 91.228 105.619 86.618 -9999 98.041 -9999 100.046 -9999 100.127 -9999 98.539 97.387 93.261 100.737 103.392 103.173
-9999 -9999 -9999 -9999 -9999 -9999 -9999 -9999 -9999 -9999 -9999 -9999 -9999 -9999 -9999 108.608 97.223 95.486 95.748 92.149 92.402 89.474 86.383 89.351 87.903 85.644 84.58 85.745 94.141 93.909 101.526 96.902 96.849 100.489 99.224 99.296 101.385 106.854 95.468 96.418 103.543 103.125 104.183 104.93 96.973 99.918 97.037 98.182 103.776 100.456 93.652 93.269 92.463 95.261 95.216 92.909 93.61 102.372 104.657 100.867 105.636 -9999 -9999 110.737 119.378 -9999 -9999 113.108 115.187 116.663 -9999 -9999 -9999 -9999
-9999 -9999 -9999 -9999 -9999 -9999 -9999 -9999 -9999 -9999 -9999 -9999 -9999 -9999 105.43 95.141 91.698 93.342 97.683 98.737 98.22 91.825 88.598 74.208 77.522 74.928 75.162 87.541 88.863 88.851 92.863 102.377 100.096 101.421 102.912 103.031 92.953 102.355 93.361 116.074 110.021 114.627 105.834 100.601 111.098 104.323 99.198 108.155 105.194 102.874 97.812 96.279 94.581 94.399 96.286 105.096 99.613 105.939 -9999 -9999 -9999 108.541 -9999 -9999 -9999 -9999 -9999 -9999 122.564 -9999 -9999 -9999 -9999 -9999
