Sample_Data/Rainfall_AnomalyBenchmark.asc
NCOLS 192
NROWS 249
XLLCENTER -225160.85627316462
YLLCENTER 29788.11610251502
CELLSIZE 5000.0
NODATA_VALUE -9999
[rows 99 to 131 of 249, columns 74 to 147 of 192]
113.479 120.72 116.775 115.361 113.066 111.4 110.812 108.468 -9999 -9999 140.571 112.645 111.102 107.646 117.473 109.835 104.277 100.87 105.17 101.017 98.353 98.965 97.026 104.383 92.583 95.195 97.012 97.232 102.9 103.177 118.764 117.107 110.442 113.832 123.795 121.386 145.661 136.12 142.022 130.093 139.589 134.71 138.654 133.667 135.033 -9999 -9999 -9999 -9999 -9999 -9999 -9999 -9999 -9999 -9999 -9999 -9999 -9999 -9999 -9999 -9999 -9999 -9999 -9999 -9999 -9999 -9999 -9999 -9999 -9999 -9999 -9999 -9999 -9999
134.924 110.528 115.255 -9999 -9999 113.397 109.135 -9999 -9999 -9999 143.233 115.255 105.695 108.064 106.912 112.171 103.985 110.019 101.875 90.831 100.129 96.805 102.137 94.447 89.857 89.458 100.197 91.711 91.786 104.998 117.093 105.949 106.797 114.593 128.732 147.097 138.06 130.677 125.048 126.473 123.701 120.209 128.659 132.691 134.096 -9999 -9999 -9999 -9999 -9999 -9999 -9999 -9999 -9999 -9999 -9999 -9999 -9999 -9999 -9999 -9999 -9999 -9999 -9999 -9999 -9999 -9999 -9999 -9999 -9999 -9999 -9999 -9999 -9999
117.178 -9999 124.531 120.617 120.497 -9999 -9999 -9999 -9999 109.718 109.36 104.943 103.587 102.469 109.418 104.264 106.527 105.178 94.85 98.427 93.493 98.465 93.452 91.222 92.885 104.023 94.528 94.377 108.463 122.141 113.225 111.447 112.771 122.491 138.149 132.521 132.313 128.672 127.028 129.802 131.962 132.923 138.397 142.513 -9999 -9999 -9999 -9999 -9999 -9999 -9999 -9999 -9999 -9999 -9999 -9999 -9999 -9999 -9999 -9999 -9999 -9999 -9999 -9999 -9999 -9999 -9999 -9999 -9999 -9999 -9999 -9999 -9999 -9999
127.504 106.648 115.662 96.069 107.16 124.808 135.122 -9999 -9999 114.716 -9999 -9999 135.535 94.353 100.48 116.758 111.672 95.08 103.864 89.929 85.184 85.687 90.452 118.722 92.61 85.91 90.549 102.759 109.615 94.569 100.982 115.189 114.125 129.064 124.122 124.196 129.109 150.502 137.763 138.909 143.316 150.271 145.542 -9999 -9999 -9999 -9999 -9999 -9999 -9999 -9999 -9999 -9999 -9999 -9999 -9999 -9999 -9999 -9999 -9999 -9999 -9999 -9999 -9999 -9999 -9999 -9999 -9999 -9999 -9999 -9999 -9999 -9999 -9999
107.146 116.943 106.424 103.93 111.939 -9999 -9999 -9999 129.608 102.268 114.012 126.59 104.418 103.796 112.839 113.722 99.634 103.821 97.694 94.404 93.358 88.695 105.469 94.474 96.38 97.522 104.037 107.127 101.171 107.615 117.473 116.81 122.652 123.353 123.567 120.944 136.54 134.416 -9999 -9999 138.34 -9999 -9999 -9999 -9999 -9999 -9999 -9999 -9999 -9999 -9999 -9999 -9999 -9999 -9999 -9999 -9999 -9999 -9999 -9999 -9999 -9999 -9999 -9999 -9999 -9999 -9999 -9999 -9999 -9999 -9999 -9999 -9999 -9999
116.893 112.788 115.806 -9999 112.764 -9999 -9999 -9999 124.573 105.297 116.574 111.519 111.605 109.323 107.567 95.738 99.434 101.651 95.531 94.288 86.99 88.204 89.093 111.594 103.192 98.814 105.223 119.929 121.392 124.071 126.471 154.22 127.704 130.654 122.816 123.405 125.141 -9999 117.515 131.625 133.686 132.43 -9999 -9999 -9999 -9999 -9999 -9999 -9999 -9999 -9999 -9999 -9999 -9999 -9999 -9999 -9999 -9999 -9999 -9999 -9999 -9999 -9999 -9999 -9999 -9999 -9999 -9999 -9999 -9999 -9999 -9999 -9999 -9999
-9999 123.232 -9999 -9999 -9999 -9999 129.024 117.395 107.025 113.154 109.69 111.38 110.36 108.069 99.782 102.316 107.274 97.985 99.779 94.73 97.057 89.789 99.858 98.196 97.646 102.917 114.785 112.612 120.342 113.312 140.315 126.02 133.87 132.421 118.134 -9999 129.651 125.726 138.085 139.609 136.947 127.922 -9999 -9999 -9999 -9999 -9999 -9999 -9999 -9999 -9999 -9999 -9999 -9999 -9999 -9999 -9999 -9999 -9999 -9999 -9999 -9999 -9999 -9999 -9999 -9999 -9999 -9999 -9999 -9999 -9999 -9999 -9999 -9999
-9999 -9999 -9999 -9999 -9999 -9999 123.889 130.721 123.562 112.456 107.309 114.39 110.9 123.741 116.386 109.72 106.999 102.152 104.723 98.412 95.658 110.667 103.813 92.066 107.623 98.404 92.772 110.71 102.478 110.26 110.86 107.433 124.48 114.188 103.424 109.172 125.69 140.309 150.016 119.557 142.815 130.509 129.941 -9999 -9999 -9999 -9999 -9999 -9999 -9999 -9999 -9999 -9999 -9999 -9999 -9999 -9999 -9999 -9999 -9999 -9999 -9999 -9999 -9999 -9999 -9999 -9999 -9999 -9999 -9999 -9999 -9999 -9999 -9999
-9999 -9999 -9999 -9999 -9999 124.043 -9999 -9999 116.641 108.527 111.532 105.471 112.884 -9999 -9999 102.197 100.904 100.532 100.643 96.982 101.638 102.604 93.993 105.774 108.144 101.735 112.643 111.023 108.563 110.224 104.231 112.454 109.946 111.912 111.493 122.7 124.78 139.031 119.837 136.428 132.341 135.281 142.42 148.998 -9999 -9999 -9999 -9999 -9999 -9999 -9999 -9999 -9999 -9999 -9999 -9999 -9999 -9999 -9999 -9999 -9999 -9999 -9999 -9999 -9999 -9999 -9999 -9999 -9999 -9999 -9999 -9999 -9999 -9999
-9999 -9999 -9999 -9999 -9999 121.8 -9999 119.546 123.789 121.575 113.488 104.809 107.144 114.936 110.19 95.83 110.806 141.496 108.174 88.494 97.104 100.962 100.921 109.309 112.003 123.046 120.753 123.429 120.552 92.546 107.553 112.494 108.579 120.9 117.433 129.127 124.004 122.512 124.534 142.08 153.303 163.311 145.261 -9999 -9999 -9999 -9999 -9999 -9999 -9999 -9999 -9999 -9999 -9999 -9999 -9999 -9999 -9999 -9999 -9999 -9999 -9999 -9999 -9999 -9999 -9999 -9999 -9999 -9999 -9999 -9999 -9999 -9999 -9999
-9999 -9999 -9999 -9999 -9999 119.556 -9999 125.231 123.633 114.895 112.89 110.123 -9999 111.781 103.001 -9999 114.475 103.136 98.116 102.729 104.354 108.082 115.732 120.339 131.213 128.163 120.534 125.866 108.048 117.143 127.729 113.033 119.24 116.726 130.302 130.632 128.453 132.087 148.414 -9999 -9999 -9999 -9999 -9999 -9999 -9999 -9999 -9999 -9999 -9999 -9999 -9999 -9999 -9999 -9999 -9999 -9999 -9999 -9999 -9999 -9999 -9999 -9999 -9999 -9999 -9999 -9999 -9999 -9999 -9999 -9999 -9999 -9999 -9999
-9999 -9999 -9999 113.307 116.758 -9999 -9999 126.785 120.077 108.099 117.202 121.766 106.071 111.102 103.954 -9999 105.136 106.914 101.15 114.654 113.6 113.808 117.805 120.072 123.167 105.202 102.708 117.699 114.132 127.325 129.545 131.311 128.613 127.99 127.722 123.02 123.245 144.357 -9999 -9999 -9999 -9999 -9999 -9999 -9999 -9999 -9999 -9999 -9999 -9999 -9999 -9999 -9999 -9999 -9999 -9999 -9999 -9999 -9999 -9999 -9999 -9999 -9999 -9999 -9999 -9999 -9999 -9999 -9999 -9999 -9999 -9999 -9999 -9999
-9999 -9999 104.592 119.073 116.69 -9999 127.731 111.357 112.857 116.069 -9999 105.931 109.039 104.366 100.852 -9999 107.008 98.157 108.914 115.881 113.579 113.807 112.736 112.664 106.31 102.991 118.359 116.686 117.499 -9999 134.479 127.954 128.898 123.833 126.109 123.692 134.746 -9999 -9999 -9999 -9999 -9999 -9999 -9999 -9999 -9999 -9999 -9999 -9999 -9999 -9999 -9999 -9999 -9999 -9999 -9999 -9999 -9999 -9999 -9999 -9999 -9999 -9999 -9999 -9999 -9999 -9999 -9999 -9999 -9999 -9999 -9999 -9999 -9999
-9999 -9999 110.378 135.58 -9999 -9999 121.624 106.925 114.525 -9999 118.544 110.047 111.321 104.57 103.248 -9999 103.723 125.247 112.471 115.089 110.874 112.503 125.438 91.745 101.324 99.467 103.21 112.484 112.657 130.077 125.437 -9999 -9999 143.246 137.203 -9999 -9999 -9999 -9999 -9999 -9999 156.171 154.352 162.68 -9999 -9999 -9999 -9999 -9999 -9999 -9999 -9999 -9999 -9999 -9999 -9999 -9999 -9999 -9999 -9999 -9999 -9999 -9999 -9999 -9999 -9999 -9999 -9999 -9999 -9999 -9999 -9999 -9999 -9999
-9999 97.249 109.006 -9999 -9999 118.787 108.141 113.14 109.934 -9999 109.862 108.613 107.186 104.559 102.658 -9999 -9999 -9999 110.265 112.186 108.221 121.563 104.102 110.607 111.351 110.16 120.777 119.745 128.103 124.915 133.035 133.438 142.234 130.714 154.806 -9999 -9999 -9999 -9999 -9999 158.426 154.862 140.431 150.597 150.63 -9999 -9999 -9999 -9999 -9999 -9999 -9999 -9999 -9999 -9999 -9999 -9999 -9999 -9999 -9999 -9999 -9999 -9999 -9999 -9999 -9999 -9999 -9999 -9999 -9999 -9999 -9999 -9999 -9999
104.604 86.221 89.014 -9999 -9999 -9999 123.64 106.901 116.225 -9999 115.506 -9999 114.705 108.002 104.892 -9999 110.994 100.068 103.608 -9999 116.918 135.768 120.348 129.983 123.511 128.91 124.636 133.044 127.87 125.356 126.084 119.465 128.265 140.257 139.853 150.03 145.756 144.548 -9999 162.047 157.111 144.773 145.517 124.232 134.203 111.068 148.987 -9999 -9999 -9999 -9999 -9999 -9999 -9999 -9999 -9999 -9999 -9999 -9999 -9999 -9999 -9999 -9999 -9999 -9999 -9999 -9999 -9999 -9999 -9999 -9999 -9999 -9999 -9999
102.118 102.978 -9999 -9999 -9999 -9999 113.53 109.705 116.829 -9999 135.448 -9999 120.992 120.539 -9999 118.481 109.388 106.844 105.821 111.748 127.012 123.74 131.225 126.416 128.918 128.204 135.951 132.942 134.994 136.599 136.866 137.016 143.406 142.366 143.522 145.942 136.911 150.504 150.616 153.516 145.145 141.776 113.099 126.226 126.307 117.979 140.572 142.546 130.538 115.824 -9999 -9999 -9999 -9999 -9999 -9999 -9999 -9999 -9999 -9999 -9999 -9999 -9999 -9999 -9999 -9999 -9999 -9999 -9999 -9999 -9999 -9999 -9999 -9999
-9999 123.967 -9999 -9999 -9999 -9999 127.273 128.238 116.472 115.076 -9999 -9999 130.041 142.85 -9999 117.993 143.056 100.286 101.818 108.597 112.166 116.464 122.411 128.627 127.503 143.4 139.026 142.242 140.526 132.109 131.704 147.437 129.863 132.363 139.405 116.406 131.631 157.704 163.253 146.655 154.096 119.787 122.89 107.796 123.467 122.119 130.007 125.04 154.391 123.128 130.961 -9999 -9999 -9999 -9999 -9999 -9999 -9999 -9999 -9999 -9999 -9999 -9999 -9999 -9999 -9999 -9999 -9999 -9999 -9999 -9999 -9999 -9999 -9999
117.158 -9999 -9999 -9999 -9999 -9999 131.863 125.566 118.694 126.128 -9999 -9999 134.513 141.71 -9999 -9999 114.478 108.341 110.272 114.967 117.364 121.488 130.005 125.989 132.506 135.119 139.17 134.77 131.954 127.145 141.621 132.71 130.719 138.509 121.899 128.929 145.525 145.272 126.143 133.022 121.702 125.911 109.884 116.795 116.268 122.332 129.583 127.174 143.159 126.82 133.875 -9999 -9999 -9999 -9999 -9999 -9999 -9999 -9999 -9999 -9999 -9999 -9999 -9999 -9999 -9999 -9999 -9999 -9999 -9999 -9999 -9999 -9999 -9999
112.223 -9999 -9999 -9999 -9999 -9999 140.795 128.399 127.402 -9999 -9999 -9999 -9999 132.435 -9999 140.494 130.903 120.446 117.319 124.855 119.961 123.233 121.773 115.0 116.961 120.727 126.152 140.265 138.736 143.185 139.436 140.67 135.613 134.984 132.78 138.325 133.979 133.477 114.467 112.444 129.47 122.347 124.247 144.034 119.343 123.124 117.209 138.16 133.273 139.043 136.026 142.233 -9999 -9999 -9999 -9999 -9999 -9999 -9999 -9999 -9999 -9999 -9999 -9999 -9999 -9999 -9999 -9999 -9999 -9999 -9999 -9999 -9999 -9999
128.996 -9999 -9999 -9999 115.459 119.494 115.153 115.075 -9999 -9999 105.085 -9999 -9999 -9999 -9999 147.8 128.313 122.099 131.266 130.104 129.775 123.67 117.964 117.812 115.32 119.768 131.497 132.124 131.915 129.638 138.592 138.798 140.214 141.883 135.384 126.446 129.197 121.647 112.3 121.33 120.426 121.118 145.847 127.091 127.755 117.272 132.877 136.193 143.757 133.536 143.771 141.982 -9999 -9999 -9999 -9999 -9999 -9999 -9999 -9999 -9999 -9999 -9999 -9999 -9999 -9999 -9999 -9999 -9999 -9999 -9999 -9999 -9999 -9999
-9999 -9999 -9999 -9999 -9999 124.291 114.055 99.92 -9999 121.227 109.119 98.06 -9999 -9999 -9999 -9999 142.125 154.06 145.532 145.62 137.583 140.863 126.618 125.199 110.425 122.724 122.085 128.075 117.349 135.82 135.24 141.786 133.706 130.206 125.597 139.966 126.494 130.767 128.469 118.267 116.349 130.722 128.354 128.487 131.002 146.019 130.702 144.773 145.591 136.296 141.141 131.204 128.882 -9999 -9999 -9999 -9999 -9999 -9999 -9999 -9999 -9999 -9999 -9999 -9999 -9999 -9999 -9999 -9999 -9999 -9999 -9999 -9999 -9999
-9999 -9999 -9999 -9999 -9999 106.107 100.388 106.074 -9999 127.112 106.026 111.735 -9999 -9999 -9999 -9999 -9999 154.403 142.971 138.329 150.766 136.502 138.445 127.228 130.5 121.919 128.023 121.894 135.151 134.682 144.954 138.9 137.39 133.753 135.407 127.95 124.598 123.699 117.723 117.151 123.988 126.7 129.381 128.803 142.43 135.683 141.22 145.136 129.884 142.396 147.19 124.834 128.522 121.544 -9999 -9999 -9999 -9999 -9999 -9999 -9999 -9999 -9999 -9999 -9999 -9999 -9999 -9999 -9999 -9999 -9999 -9999 -9999 -9999
-9999 -9999 -9999 -9999 -9999 105.423 104.943 -9999 -9999 136.292 151.029 123.099 130.111 -9999 -9999 -9999 -9999 -9999 136.412 140.575 141.152 146.258 137.975 129.402 129.757 121.634 120.626 122.972 124.823 122.579 132.947 132.764 133.907 117.567 152.6 99.326 119.953 105.031 116.813 91.036 102.564 122.568 120.659 130.895 145.574 148.127 137.381 119.731 113.956 137.782 137.955 135.361 125.557 123.415 114.725 126.855 -9999 -9999 -9999 -9999 -9999 -9999 -9999 -9999 -9999 -9999 -9999 -9999 -9999 -9999 -9999 -9999 -9999 -9999
-9999 -9999 -9999 -9999 -9999 103.472 114.395 -9999 -9999 119.024 119.731 118.772 -9999 -9999 -9999 -9999 -9999 -9999 138.915 141.295 145.245 143.579 135.821 136.182 131.197 126.684 126.345 128.641 126.782 132.524 130.971 135.067 113.534 140.134 104.018 116.829 107.322 118.302 100.687 105.211 125.263 122.182 126.638 134.166 132.425 127.931 125.247 120.055 127.062 122.422 119.378 128.242 119.779 128.629 127.718 128.677 -9999 -9999 -9999 -9999 -9999 -9999 -9999 -9999 -9999 -9999 -9999 -9999 -9999 -9999 -9999 -9999 -9999 -9999
-9999 -9999 -9999 -9999 -9999 108.759 130.412 -9999 -9999 -9999 130.932 143.492 146.232 -9999 -9999 -9999 -9999 -9999 147.548 141.697 145.293 142.796 145.024 141.581 139.435 118.537 123.397 131.095 125.183 128.283 135.642 138.842 132.433 121.853 111.919 116.084 113.371 101.852 105.319 126.943 108.092 124.272 120.523 122.31 136.464 125.581 122.632 119.147 142.411 99.715 121.524 114.41 117.76 123.39 129.596 128.269 -9999 -9999 -9999 -9999 -9999 -9999 -9999 -9999 -9999 -9999 -9999 -9999 -9999 -9999 -9999 -9999 -9999 -9999
-9999 -9999 -9999 -9999 107.129 110.894 116.148 -9999 -9999 -9999 -9999 -9999 -9999 -9999 -9999 -9999 -9999 -9999 137.543 135.991 130.267 132.765 127.109 133.445 125.271 122.779 125.466 123.451 125.021 128.63 132.618 128.29 124.074 116.17 113.48 113.938 117.565 112.282 119.999 109.466 120.053 120.166 123.007 129.61 119.955 120.97 108.939 130.721 116.964 120.63 116.4 122.243 123.006 133.672 133.183 133.824 128.756 -9999 -9999 -9999 -9999 -9999 -9999 -9999 -9999 -9999 -9999 -9999 -9999 -9999 -9999 -9999 -9999 -9999
-9999 -9999 -9999 112.692 106.686 99.392 97.202 -9999 -9999 -9999 -9999 -9999 -9999 -9999 -9999 -9999 135.485 136.078 140.535 123.553 120.422 110.81 120.248 107.124 122.692 124.929 136.29 122.92 124.396 129.981 125.338 117.94 123.761 137.779 109.611 122.162 116.704 120.236 110.175 116.197 114.127 129.666 111.942 110.679 118.142 115.478 120.135 110.229 124.725 130.621 122.295 128.887 130.084 136.244 135.013 131.44 121.65 -9999 -9999 -9999 -9999 -9999 -9999 -9999 -9999 -9999 -9999 -9999 -9999 -9999 -9999 -9999 -9999 -9999
-9999 -9999 -9999 113.283 105.943 111.609 -9999 -9999 -9999 -9999 -9999 -9999 -9999 -9999 -9999 -9999 133.641 140.157 125.042 125.071 117.993 124.737 107.818 116.31 117.693 128.445 127.589 132.376 136.533 127.05 116.995 117.507 134.647 124.398 126.196 116.244 125.771 115.383 115.314 110.969 117.654 107.929 107.167 110.828 102.257 116.93 108.408 113.368 121.217 113.225 122.492 122.854 128.119 119.93 125.987 125.232 127.599 -9999 -9999 -9999 -9999 -9999 -9999 -9999 -9999 -9999 -9999 -9999 -9999 -9999 -9999 -9999 -9999 -9999
-9999 -9999 -9999 -9999 -9999 -9999 -9999 -9999 -9999 -9999 -9999 -9999 -9999 -9999 -9999 -9999 131.369 133.014 123.697 118.375 118.693 117.469 118.554 114.476 108.869 116.529 125.746 136.3 132.463 128.45 111.561 113.647 123.673 127.658 137.293 125.574 122.631 118.48 107.955 112.706 99.781 93.905 102.544 91.085 106.398 98.696 114.734 118.474 107.938 112.32 107.305 126.642 137.225 131.529 123.775 132.178 123.479 -9999 -9999 -9999 -9999 -9999 -9999 -9999 -9999 -9999 -9999 -9999 -9999 -9999 -9999 -9999 -9999 -9999
-9999 -9999 -9999 -9999 -9999 -9999 -9999 -9999 -9999 -9999 -9999 -9999 -9999 -9999 -9999 131.536 125.895 122.908 122.121 121.604 123.216 125.432 122.065 113.099 115.608 120.715 131.825 131.456 132.039 128.322 127.04 123.288 127.231 139.079 127.753 121.439 121.912 115.247 118.717 110.027 104.596 107.985 98.302 107.469 100.715 107.827 106.143 104.209 113.95 108.041 109.348 102.68 118.932 123.454 128.768 125.908 128.752 -9999 -9999 -9999 -9999 -9999 -9999 -9999 -9999 -9999 -9999 -9999 -9999 -9999 -9999 -9999 -9999 -9999
-9999 -9999 -9999 -9999 -9999 -9999 -9999 -9999 -9999 -9999 -9999 -9999 -9999 -9999 -9999 128.181 125.693 114.866 121.815 117.421 117.65 118.276 113.627 122.692 122.326 134.72 131.064 128.169 125.278 136.305 135.566 127.934 125.848 145.536 134.575 140.725 131.173 123.626 111.757 132.926 112.632 109.179 111.857 93.65 105.837 100.811 97.281 115.062 104.729 111.856 115.224 111.812 108.636 114.406 125.556 129.205 122.784 -9999 -9999 -9999 -9999 -9999 -9999 -9999 -9999 -9999 -9999 -9999 -9999 -9999 -9999 -9999 -9999 -9999
-9999 -9999 -9999 -9999 -9999 -9999 -9999 -9999 -9999 -9999 -9999 -9999 -9999 -9999 141.112 116.596 118.491 120.88 117.499 114.344 114.893 113.745 120.078 121.566 127.347 125.47 126.21 123.86 132.935 139.099 136.634 128.025 148.334 145.984 144.139 130.983 126.463 113.633 127.092 118.693 109.681 118.008 105.886 105.783 106.128 101.678 112.63 103.4 107.927 108.705 113.73 117.263 114.711 126.275 127.063 128.0 128.255 117.213 -9999 -9999 -9999 -9999 -9999 -9999 -9999 -9999 -9999 -9999 -9999 -9999 -9999 -9999 -9999 -9999
