Sample_Data/Rainfall_AnomalyBenchmark.asc
NCOLS 192
NROWS 249
XLLCENTER -225160.85627316462
YLLCENTER 29788.11610251502
CELLSIZE 5000.0
NODATA_VALUE -9999
[rows 132 to 164 of 249, columns 74 to 147 of 192]
-9999 -9999 -9999 -9999 -9999 -9999 -9999 -9999 -9999 -9999 -9999 -9999 -9999 148.391 133.145 117.007 127.455 128.328 124.277 123.285 120.382 110.6 106.178 125.526 123.937 126.137 122.765 132.624 128.506 130.498 133.967 145.455 142.003 153.208 147.399 130.679 132.117 132.577 125.528 116.814 114.451 130.174 116.621 108.497 104.447 103.587 100.358 97.998 104.354 120.025 116.077 126.361 115.659 127.734 131.692 129.79 126.994 121.432 -9999 -9999 -9999 -9999 -9999 -9999 -9999 -9999 -9999 -9999 -9999 -9999 -9999 -9999 -9999 -9999
146.569 -9999 -9999 -9999 -9999 -9999 -9999 -9999 -9999 -9999 -9999 -9999 -9999 144.777 116.649 123.572 125.865 127.956 135.741 131.153 115.215 108.321 121.703 121.709 122.821 117.881 123.394 123.274 126.305 132.549 141.802 140.773 149.947 148.581 137.92 132.263 133.69 131.933 133.134 124.346 131.386 124.937 125.558 118.185 115.255 111.489 100.18 102.889 115.23 113.922 117.309 120.741 116.526 124.443 132.514 129.052 127.172 125.969 -9999 -9999 -9999 -9999 -9999 -9999 -9999 -9999 -9999 -9999 -9999 -9999 -9999 -9999 -9999 -9999
116.87 -9999 -9999 -9999 -9999 -9999 -9999 -9999 -9999 -9999 -9999 -9999 150.706 125.1 123.328 123.428 121.579 128.727 138.646 140.137 124.452 133.567 117.936 118.208 110.082 124.761 122.141 121.224 127.723 135.139 139.764 150.93 143.241 152.049 147.949 144.791 133.334 144.686 136.225 146.849 133.601 144.793 138.549 127.205 120.139 122.319 105.264 106.272 112.661 118.672 116.57 120.094 120.992 123.336 130.577 132.697 125.585 119.139 117.327 -9999 -9999 -9999 -9999 -9999 -9999 -9999 -9999 -9999 -9999 -9999 -9999 -9999 -9999 -9999
122.09 -9999 -9999 -9999 -9999 -9999 -9999 -9999 -9999 -9999 -9999 137.347 -9999 120.512 121.526 118.96 119.304 124.97 137.457 127.528 130.982 114.273 118.03 112.827 120.084 126.44 127.187 129.452 135.976 135.97 145.49 141.965 148.275 162.168 160.879 145.912 148.071 143.152 146.639 140.359 142.488 139.303 134.655 122.091 124.884 112.88 110.153 109.141 114.978 121.282 123.146 108.713 117.701 120.078 127.729 130.864 132.803 131.999 116.939 -9999 -9999 -9999 -9999 -9999 -9999 -9999 -9999 -9999 -9999 -9999 -9999 -9999 -9999 -9999
116.744 103.531 -9999 -9999 -9999 -9999 -9999 -9999 -9999 -9999 -9999 119.631 -9999 126.324 124.034 134.896 126.64 131.125 132.693 139.32 138.114 126.099 122.613 124.777 115.043 127.03 128.491 135.891 137.459 130.298 129.353 -9999 -9999 -9999 -9999 -9999 -9999 150.885 149.223 145.459 147.05 145.096 135.545 119.082 113.649 114.345 114.276 104.903 105.467 104.104 109.401 129.299 115.319 123.346 122.837 143.085 142.282 133.34 133.313 113.538 -9999 -9999 -9999 -9999 -9999 -9999 -9999 -9999 -9999 -9999 -9999 -9999 -9999 -9999
114.176 102.629 102.007 -9999 -9999 -9999 -9999 -9999 -9999 -9999 -9999 118.124 126.18 128.264 144.247 131.4 129.069 128.221 132.746 140.236 135.84 123.986 125.381 119.081 125.324 130.246 134.836 138.531 140.913 141.603 157.339 -9999 -9999 -9999 -9999 158.178 142.604 143.753 140.689 145.484 142.863 134.632 124.836 119.833 113.789 104.673 98.755 99.525 106.778 102.073 111.38 124.462 118.134 113.95 113.895 109.073 131.105 127.014 125.842 116.488 -9999 -9999 -9999 -9999 -9999 -9999 -9999 -9999 -9999 -9999 -9999 -9999 -9999 -9999
108.83 117.482 100.18 109.278 -9999 -9999 -9999 -9999 -9999 -9999 -9999 122.103 124.422 139.401 -9999 -9999 130.255 128.861 131.603 138.016 -9999 134.781 135.528 142.163 126.562 148.926 145.093 141.607 138.562 -9999 -9999 -9999 -9999 -9999 161.908 156.047 141.066 141.133 138.782 140.712 135.489 132.21 133.892 109.747 94.729 92.034 85.841 94.693 96.901 105.674 110.249 97.801 115.089 102.264 104.781 119.316 120.902 121.274 118.068 117.602 -9999 -9999 -9999 -9999 -9999 -9999 -9999 -9999 -9999 -9999 -9999 -9999 -9999 -9999
113.315 100.05 105.575 115.669 -9999 -9999 -9999 -9999 -9999 -9999 -9999 -9999 129.145 153.079 -9999 -9999 -9999 145.584 133.454 141.545 159.772 -9999 -9999 161.378 165.484 178.559 163.499 159.681 -9999 -9999 -9999 -9999 -9999 153.732 158.022 146.232 134.508 132.629 134.089 131.342 123.558 125.545 115.275 106.719 106.808 99.908 101.791 98.098 99.572 104.489 91.618 95.646 107.46 117.343 103.496 101.185 115.975 116.158 117.31 113.036 -9999 -9999 -9999 -9999 -9999 -9999 -9999 -9999 -9999 -9999 -9999 -9999 -9999 -9999
114.166 123.823 119.318 -9999 -9999 -9999 -9999 -9999 -9999 -9999 -9999 -9999 -9999 147.693 -9999 -9999 -9999 -9999 145.535 145.435 156.849 -9999 -9999 -9999 161.713 166.67 -9999 -9999 -9999 -9999 -9999 -9999 -9999 149.408 155.18 123.689 130.287 114.695 121.95 115.155 121.654 122.094 114.254 127.38 127.76 124.379 105.805 92.907 97.474 91.706 96.372 95.974 102.621 115.33 111.149 110.618 114.723 124.678 119.903 115.756 -9999 -9999 -9999 -9999 -9999 -9999 -9999 -9999 -9999 -9999 -9999 -9999 -9999 -9999
116.908 114.978 -9999 -9999 -9999 -9999 -9999 -9999 -9999 -9999 -9999 -9999 -9999 135.441 -9999 -9999 -9999 -9999 -9999 159.65 156.334 -9999 -9999 -9999 -9999 -9999 -9999 -9999 -9999 -9999 -9999 -9999 -9999 165.562 131.111 130.847 110.192 112.165 100.98 107.533 119.301 111.631 119.93 115.791 111.062 100.581 92.867 95.46 94.353 98.553 96.786 92.47 90.464 98.274 103.077 104.135 116.367 123.967 123.195 107.847 114.193 -9999 -9999 -9999 -9999 -9999 -9999 -9999 -9999 -9999 -9999 -9999 -9999 -9999
118.845 -9999 108.479 107.581 105.611 117.669 -9999 -9999 -9999 -9999 -9999 -9999 -9999 132.086 -9999 -9999 -9999 -9999 -9999 -9999 -9999 -9999 -9999 -9999 -9999 -9999 -9999 -9999 -9999 -9999 -9999 -9999 150.683 158.889 137.218 131.007 140.483 95.937 94.137 93.818 97.275 108.081 106.863 145.77 147.306 107.815 101.114 92.109 95.886 81.97 85.121 82.887 88.515 104.087 106.453 107.377 112.555 112.728 117.168 113.176 112.307 109.897 -9999 -9999 -9999 -9999 -9999 -9999 -9999 -9999 -9999 -9999 -9999 -9999
116.335 113.463 109.003 110.766 111.176 118.974 -9999 -9999 -9999 -9999 -9999 -9999 -9999 -9999 -9999 -9999 -9999 -9999 -9999 -9999 -9999 -9999 -9999 -9999 -9999 -9999 -9999 -9999 -9999 -9999 -9999 151.707 155.161 135.775 108.21 121.072 95.808 103.497 96.252 100.471 111.228 107.13 123.244 132.054 112.737 101.606 90.008 94.167 90.313 86.914 83.06 82.211 87.122 100.761 107.017 105.988 108.019 116.311 113.425 105.942 109.004 113.069 -9999 -9999 -9999 -9999 -9999 -9999 -9999 -9999 -9999 -9999 -9999 -9999
116.638 113.506 113.799 112.169 -9999 123.233 128.205 -9999 -9999 -9999 -9999 -9999 -9999 -9999 -9999 -9999 -9999 -9999 -9999 -9999 -9999 -9999 -9999 -9999 -9999 -9999 -9999 -9999 -9999 -9999 -9999 150.737 148.256 124.281 120.386 86.426 109.621 120.527 98.631 98.179 99.56 97.612 96.209 103.101 114.367 113.954 115.25 90.551 92.111 86.07 86.871 92.272 94.441 101.591 103.576 102.586 105.821 109.373 113.243 113.365 110.126 110.269 106.921 97.667 -9999 -9999 -9999 -9999 -9999 -9999 -9999 -9999 -9999 -9999
112.827 111.951 110.169 112.48 -9999 -9999 125.694 -9999 -9999 -9999 -9999 -9999 -9999 -9999 -9999 -9999 -9999 -9999 -9999 -9999 -9999 -9999 -9999 -9999 -9999 -9999 -9999 -9999 -9999 -9999 -9999 138.052 128.469 124.28 91.066 100.371 105.036 92.382 93.164 95.747 95.93 95.977 95.141 99.444 98.157 106.99 96.032 92.541 103.35 87.688 87.499 95.125 94.79 95.328 100.57 105.671 103.54 112.782 113.717 110.239 112.947 127.4 116.126 107.786 96.194 91.725 92.367 -9999 -9999 -9999 -9999 -9999 -9999 -9999
117.054 111.227 106.761 114.988 120.339 -9999 124.609 -9999 -9999 -9999 -9999 -9999 -9999 -9999 -9999 -9999 -9999 -9999 -9999 -9999 -9999 -9999 -9999 -9999 -9999 -9999 -9999 -9999 -9999 -9999 155.639 160.129 141.155 101.273 109.602 80.926 83.115 94.379 94.803 89.22 90.85 89.711 85.63 81.22 77.597 87.572 86.326 106.117 108.375 87.955 86.862 92.124 94.672 91.686 96.604 102.436 107.52 112.923 114.083 122.586 115.323 110.494 118.443 96.263 103.728 89.357 103.36 89.057 89.056 -9999 -9999 -9999 -9999 -9999
110.653 108.861 109.661 115.573 -9999 119.42 -9999 -9999 -9999 -9999 -9999 -9999 -9999 -9999 -9999 -9999 -9999 -9999 -9999 -9999 -9999 -9999 -9999 -9999 -9999 -9999 -9999 -9999 -9999 -9999 -9999 149.835 128.026 124.552 101.789 98.067 101.199 96.463 91.358 93.493 89.955 86.371 86.37 85.79 85.784 84.526 89.426 97.244 88.756 81.383 89.998 82.442 79.339 93.393 90.882 97.543 100.904 109.499 110.978 108.334 116.059 109.093 111.644 94.911 87.761 99.975 94.573 98.407 89.517 86.786 -9999 -9999 -9999 -9999
112.163 111.672 115.683 113.545 114.661 111.585 -9999 -9999 -9999 -9999 -9999 -9999 -9999 -9999 -9999 -9999 -9999 -9999 -9999 -9999 -9999 -9999 -9999 -9999 -9999 -9999 -9999 -9999 -9999 -9999 -9999 -9999 149.955 147.631 132.733 128.194 136.595 112.231 95.28 111.88 100.558 98.442 91.178 91.329 77.736 78.821 83.534 75.261 83.273 82.582 83.374 80.85 80.404 81.687 92.525 97.109 101.163 109.192 108.641 105.226 109.62 97.205 98.233 93.993 83.496 93.326 97.515 103.787 96.208 87.951 90.006 -9999 -9999 -9999
102.422 107.471 108.662 116.589 120.137 -9999 -9999 -9999 -9999 -9999 -9999 -9999 -9999 -9999 -9999 -9999 -9999 -9999 -9999 -9999 -9999 -9999 -9999 -9999 -9999 -9999 -9999 -9999 -9999 -9999 -9999 -9999 150.271 141.909 112.306 118.285 110.858 94.511 105.903 102.226 100.788 94.134 95.907 91.309 84.072 83.861 81.022 83.235 81.921 82.618 86.656 85.904 82.1 80.315 83.808 99.343 100.241 106.652 107.915 111.825 110.149 105.524 91.857 98.097 99.162 102.934 95.931 95.515 100.474 98.924 89.554 95.789 -9999 -9999
98.361 95.654 101.556 117.123 124.91 -9999 -9999 -9999 -9999 -9999 -9999 -9999 -9999 -9999 -9999 -9999 -9999 -9999 -9999 -9999 -9999 -9999 -9999 -9999 -9999 -9999 -9999 -9999 -9999 -9999 -9999 -9999 -9999 142.864 129.3 104.792 109.163 127.398 98.597 108.483 98.434 98.577 97.743 99.787 97.436 102.8 80.649 84.52 81.821 85.089 87.18 78.81 81.304 86.103 81.177 94.409 103.284 104.137 107.074 101.407 105.052 106.262 99.407 95.865 98.323 100.546 97.999 99.158 97.342 99.16 99.009 95.33 -9999 -9999
104.874 -9999 -9999 -9999 -9999 -9999 -9999 -9999 -9999 -9999 -9999 -9999 -9999 -9999 -9999 -9999 -9999 -9999 -9999 -9999 -9999 -9999 -9999 -9999 -9999 -9999 -9999 -9999 -9999 -9999 -9999 -9999 -9999 133.444 113.999 107.828 123.329 101.332 110.177 99.842 102.646 101.739 99.592 96.697 101.437 85.656 87.775 83.511 87.472 86.778 82.483 89.943 88.043 87.367 78.844 84.764 97.836 108.264 107.003 112.343 101.814 97.965 100.19 95.814 97.19 101.476 94.806 94.82 95.254 94.613 96.581 92.961 95.443 -9999
97.059 -9999 -9999 -9999 -9999 -9999 -9999 -9999 -9999 -9999 -9999 -9999 -9999 -9999 -9999 -9999 -9999 -9999 -9999 -9999 -9999 -9999 -9999 -9999 -9999 -9999 -9999 -9999 -9999 -9999 -9999 -9999 -9999 -9999 121.235 128.255 122.779 108.567 104.104 114.817 109.092 114.394 109.834 102.78 111.291 103.882 84.726 82.975 83.204 83.527 84.971 76.968 87.365 77.649 79.903 87.553 92.147 108.071 111.039 110.177 112.998 102.706 99.587 107.162 104.137 110.585 107.951 111.851 107.062 92.854 96.074 95.542 92.34 -9999
114.338 -9999 -9999 -9999 -9999 -9999 -9999 -9999 -9999 -9999 -9999 -9999 -9999 -9999 -9999 -9999 -9999 -9999 -9999 -9999 -9999 -9999 -9999 -9999 -9999 -9999 -9999 -9999 -9999 -9999 -9999 -9999 -9999 -9999 127.581 -9999 121.9 114.582 119.986 116.279 -9999 119.033 105.595 106.327 101.056 86.279 81.031 81.73 85.976 89.709 82.673 73.798 80.086 82.335 72.513 75.055 81.149 90.101 103.7 117.951 114.327 100.515 99.858 110.424 113.755 100.948 104.289 104.069 110.775 98.571 98.427 109.577 103.788 97.33
-9999 -9999 -9999 -9999 -9999 -9999 -9999 -9999 -9999 -9999 -9999 -9999 -9999 -9999 -9999 -9999 -9999 -9999 -9999 -9999 -9999 -9999 -9999 -9999 -9999 -9999 -9999 -9999 -9999 -9999 -9999 -9999 -9999 -9999 -9999 138.291 128.305 -9999 -9999 -9999 -9999 118.243 113.862 113.817 101.824 106.413 91.992 94.959 95.23 88.468 86.592 88.448 80.045 78.408 77.444 82.671 83.187 84.15 93.619 103.491 112.292 110.026 100.537 91.692 104.902 96.197 93.766 96.179 98.766 92.74 91.824 100.771 108.447 95.897
-9999 -9999 -9999 -9999 -9999 -9999 -9999 -9999 -9999 -9999 -9999 -9999 -9999 -9999 -9999 -9999 -9999 -9999 -9999 -9999 -9999 -9999 -9999 -9999 -9999 -9999 -9999 -9999 -9999 -9999 -9999 -9999 -9999 -9999 -9999 140.237 136.749 -9999 -9999 -9999 -9999 116.944 112.591 101.112 98.294 90.916 91.43 94.741 94.815 82.392 83.454 91.507 84.884 82.544 78.646 81.65 85.815 91.636 90.41 95.194 98.948 103.852 103.273 95.698 93.478 101.138 98.071 94.927 92.257 93.975 90.799 83.015 86.287 88.726
-9999 -9999 -9999 -9999 -9999 -9999 -9999 -9999 -9999 -9999 -9999 -9999 -9999 -9999 -9999 -9999 -9999 -9999 -9999 -9999 -9999 -9999 -9999 -9999 -9999 -9999 -9999 -9999 -9999 -9999 -9999 -9999 -9999 -9999 -9999 140.742 -9999 -9999 -9999 -9999 120.617 116.668 110.809 81.374 85.816 69.782 77.17 94.765 91.956 84.042 87.407 95.916 96.496 88.902 83.607 90.155 88.833 93.052 93.92 93.299 97.473 100.329 98.909 97.183 101.376 99.488 97.616 88.515 85.26 89.135 91.649 92.431 85.467 85.507
-9999 -9999 -9999 -9999 -9999 -9999 -9999 -9999 -9999 -9999 -9999 -9999 -9999 -9999 -9999 -9999 -9999 -9999 -9999 -9999 -9999 -9999 -9999 -9999 -9999 -9999 -9999 -9999 -9999 -9999 -9999 -9999 -9999 -9999 -9999 -9999 -9999 -9999 -9999 -9999 109.551 111.473 92.926 92.561 76.486 77.153 83.017 86.288 88.232 87.211 94.656 96.201 94.527 87.463 86.642 82.639 90.628 88.009 92.792 97.34 99.823 103.374 98.764 97.446 95.688 98.726 96.634 90.965 86.316 89.376 88.969 92.182 93.52 87.114
-9999 -9999 -9999 -9999 -9999 -9999 -9999 -9999 -9999 -9999 -9999 -9999 -9999 -9999 -9999 -9999 -9999 -9999 -9999 -9999 -9999 -9999 -9999 -9999 -9999 -9999 -9999 -9999 -9999 -9999 -9999 -9999 -9999 -9999 -9999 -9999 -9999 -9999 -9999 -9999 113.253 120.711 112.706 93.915 84.451 83.743 76.794 91.87 85.281 88.548 91.243 97.852 96.751 89.451 88.389 92.99 90.41 98.068 93.18 99.608 102.934 99.076 98.474 97.128 95.915 96.436 97.562 101.442 100.091 96.642 88.161 97.036 97.49 87.669
-9999 -9999 -9999 -9999 -9999 -9999 -9999 -9999 -9999 -9999 -9999 -9999 -9999 -9999 -9999 -9999 -9999 -9999 -9999 -9999 -9999 -9999 -9999 -9999 -9999 -9999 -9999 -9999 -9999 -9999 -9999 -9999 -9999 -9999 -9999 -9999 -9999 -9999 -9999 111.231 115.511 112.659 99.827 89.028 84.611 79.235 84.657 85.145 80.449 84.513 90.505 91.069 94.435 83.935 87.951 89.224 92.7 95.04 95.468 94.16 97.801 98.291 97.833 103.486 100.596 100.272 97.717 96.1 99.609 94.262 92.196 87.964 93.128 90.666
-9999 -9999 -9999 -9999 -9999 -9999 -9999 -9999 -9999 -9999 -9999 -9999 -9999 -9999 -9999 -9999 -9999 -9999 -9999 -9999 -9999 -9999 -9999 -9999 -9999 -9999 -9999 -9999 -9999 -9999 -9999 -9999 -9999 -9999 -9999 -9999 -9999 -9999 -9999 109.274 115.846 108.934 115.562 98.53 92.827 95.122 84.985 79.74 73.711 81.174 84.257 86.552 87.773 83.705 84.13 91.706 91.49 84.755 89.727 87.527 94.235 101.372 99.035 101.471 99.692 104.753 103.128 98.1 94.76 90.418 90.746 87.783 91.285 97.161
-9999 -9999 -9999 -9999 -9999 -9999 -9999 -9999 -9999 -9999 -9999 -9999 -9999 -9999 -9999 -9999 -9999 -9999 -9999 -9999 -9999 -9999 -9999 -9999 -9999 -9999 -9999 -9999 -9999 -9999 -9999 -9999 -9999 -9999 -9999 -9999 -9999 -9999 108.683 111.914 103.477 108.837 102.637 95.429 98.1 89.681 90.15 84.378 85.448 92.924 103.929 79.753 77.813 88.739 85.456 92.066 92.805 92.535 85.742 94.127 92.798 99.378 104.36 95.57 95.941 99.772 105.992 99.818 96.565 89.87 89.549 106.016 101.101 97.412
-9999 -9999 -9999 -9999 -9999 -9999 -9999 -9999 -9999 -9999 -9999 -9999 -9999 -9999 -9999 -9999 -9999 -9999 -9999 -9999 -9999 -9999 -9999 -9999 -9999 -9999 -9999 -9999 -9999 -9999 -9999 -9999 -9999 -9999 -9999 -9999 -9999 -9999 112.571 107.501 107.521 104.599 103.242 104.743 97.837 92.966 85.594 91.62 86.614 95.998 84.147 74.198 73.431 79.478 85.851 83.339 89.942 101.447 96.296 91.121 94.293 98.173 98.271 105.3 98.304 97.1 100.939 106.739 102.822 94.087 90.777 85.587 101.975 95.971
-9999 -9999 -9999 -9999 -9999 -9999 -9999 -9999 -9999 -9999 -9999 -9999 -9999 -9999 -9999 -9999 -9999 -9999 -9999 -9999 -9999 -9999 -9999 -9999 -9999 -9999 -9999 -9999 -9999 -9999 -9999 -9999 -9999 -9999 -9999 -9999 -9999 -9999 116.17 112.546 105.564 102.733 97.834 94.168 92.27 86.34 92.996 90.464 84.73 82.338 78.774 76.107 73.101 77.091 81.121 84.046 83.626 91.453 99.428 94.378 93.436 96.797 97.342 96.41 102.424 97.735 98.272 100.291 102.238 95.982 92.516 89.485 88.994 101.213
-9999 -9999 -9999 -9999 -9999 -9999 -9999 -9999 -9999 -9999 -9999 -9999 -9999 -9999 -9999 -9999 -9999 -9999 -9999 -9999 -9999 -9999 -9999 -9999 -9999 -9999 -9999 -9999 -9999 -9999 -9999 -9999 -9999 -9999 -9999 -9999 -9999 -9999 -9999 111.335 105.981 94.547 83.56 93.39 89.952 82.646 90.801 83.439 87.903 78.268 82.2 76.977 72.582 79.403 78.899 94.167 92.165 94.884 98.421 99.334 95.653 96.511 100.093 101.664 99.915 97.686 97.918 99.301 102.658 95.847 95.162 95.147 -9999 95.867
