Validation/Results/ReClimate_12_2023_1_Precipitation-Actuals.asc
NCOLS 192
NROWS 249
XLLCENTER -225160.85627316462
YLLCENTER 29788.11610251502
CELLSIZE 5000.0
NODATA_VALUE -9999
[rows 132 to 164 of 249, columns 74 to 147 of 192]
-9999 -9999 -9999 -9999 -9999 -9999 -9999 -9999 -9999 -9999 -9999 -9999 -9999 188.359 201.019 226.582 251.118 262.486 263.95 309.464 346.022 383.645 371.935 284.545 241.591 247.679 256.084 235.744 217.143 211.979 197.32 184.464 174.452 162.977 165.931 186.064 203.321 206.151 192.04 200.617 195.622 184.793 201.216 203.712 202.979 192.647 169.626 154.404 135.815 119.479 113.587 103.694 96.591 89.401 90.392 81.681 72.796 70.186 -9999 -9999 -9999 -9999 -9999 -9999 -9999 -9999 -9999 -9999 -9999 -9999 -9999 -9999 -9999 -9999
143.52 -9999 -9999 -9999 -9999 -9999 -9999 -9999 -9999 -9999 -9999 -9999 -9999 192.142 232.218 233.224 244.439 240.474 244.072 293.884 375.271 393.951 351.813 301.127 255.799 251.279 243.007 236.538 241.477 200.933 187.199 182.861 165.15 158.761 161.036 177.793 177.476 177.395 168.804 170.332 163.97 168.918 179.587 186.099 184.215 171.118 165.021 143.435 124.213 114.486 98.988 96.106 94.754 85.234 78.973 78.936 72.15 68.29 -9999 -9999 -9999 -9999 -9999 -9999 -9999 -9999 -9999 -9999 -9999 -9999 -9999 -9999 -9999 -9999
168.235 -9999 -9999 -9999 -9999 -9999 -9999 -9999 -9999 -9999 -9999 -9999 183.261 217.505 221.264 231.567 240.462 234.889 224.717 275.898 325.5 336.643 363.721 311.767 271.789 237.956 228.163 236.174 210.822 195.444 180.025 156.019 161.058 146.753 148.08 151.304 155.385 153.241 143.786 140.126 146.888 149.196 163.579 171.812 160.933 157.645 150.422 136.676 120.654 107.756 91.953 84.726 85.047 83.341 78.366 73.224 71.635 69.872 66.673 -9999 -9999 -9999 -9999 -9999 -9999 -9999 -9999 -9999 -9999 -9999 -9999 -9999 -9999 -9999
152.634 -9999 -9999 -9999 -9999 -9999 -9999 -9999 -9999 -9999 -9999 166.695 -9999 194.871 217.567 222.934 227.489 211.766 196.999 227.472 246.907 317.94 358.727 304.801 253.76 216.676 205.093 196.832 195.69 190.458 179.757 169.895 163.554 137.183 130.988 132.942 135.561 126.261 118.572 119.955 126.08 136.297 136.484 134.181 139.146 139.247 128.416 114.663 106.619 87.284 89.454 90.482 81.448 78.4 73.315 64.024 66.299 70.22 66.693 -9999 -9999 -9999 -9999 -9999 -9999 -9999 -9999 -9999 -9999 -9999 -9999 -9999 -9999 -9999
156.378 142.442 -9999 -9999 -9999 -9999 -9999 -9999 -9999 -9999 -9999 159.056 -9999 176.71 185.467 186.508 195.163 189.516 183.256 189.877 215.357 283.046 297.87 272.998 228.378 199.934 191.308 188.455 193.202 203.222 206.132 -9999 -9999 -9999 -9999 -9999 -9999 112.448 106.61 108.994 115.618 116.335 116.631 128.932 142.098 129.042 113.385 115.743 98.877 96.5 97.338 82.506 82.335 76.547 78.377 68.684 61.0 66.539 67.151 64.991 -9999 -9999 -9999 -9999 -9999 -9999 -9999 -9999 -9999 -9999 -9999 -9999 -9999 -9999
160.087 147.275 128.367 -9999 -9999 -9999 -9999 -9999 -9999 -9999 -9999 155.118 154.463 151.194 152.338 166.004 176.023 177.965 175.947 178.049 203.251 243.364 269.757 241.454 219.479 196.715 192.223 197.799 181.6 188.679 173.318 -9999 -9999 -9999 -9999 114.562 114.421 106.949 104.737 103.821 108.311 113.711 125.9 150.681 158.984 135.809 130.343 112.796 98.613 110.087 98.966 87.109 87.058 82.169 76.598 83.62 77.339 68.824 66.879 61.129 -9999 -9999 -9999 -9999 -9999 -9999 -9999 -9999 -9999 -9999 -9999 -9999 -9999 -9999
149.695 136.32 132.176 122.025 -9999 -9999 -9999 -9999 -9999 -9999 -9999 147.288 137.033 135.551 -9999 -9999 167.121 171.253 168.812 176.58 -9999 197.857 210.06 206.422 205.983 191.458 190.802 185.059 170.584 -9999 -9999 -9999 -9999 -9999 110.458 110.014 111.915 105.167 105.704 104.192 106.867 119.995 141.325 175.805 190.374 176.047 165.52 137.169 130.342 116.285 107.913 107.392 92.404 92.283 83.627 79.085 78.776 74.189 66.936 62.573 -9999 -9999 -9999 -9999 -9999 -9999 -9999 -9999 -9999 -9999 -9999 -9999 -9999 -9999
127.048 134.221 133.595 118.932 -9999 -9999 -9999 -9999 -9999 -9999 -9999 -9999 132.638 122.877 -9999 -9999 -9999 152.552 153.72 162.604 163.749 -9999 -9999 173.82 176.323 174.693 177.36 180.003 -9999 -9999 -9999 -9999 -9999 129.179 116.282 119.235 116.291 114.087 111.706 110.24 116.287 129.666 144.934 172.598 184.648 199.854 181.598 175.964 165.198 150.129 136.392 128.787 116.334 95.937 90.94 86.257 77.418 74.565 71.801 67.672 -9999 -9999 -9999 -9999 -9999 -9999 -9999 -9999 -9999 -9999 -9999 -9999 -9999 -9999
119.264 121.566 119.885 -9999 -9999 -9999 -9999 -9999 -9999 -9999 -9999 -9999 -9999 117.753 -9999 -9999 -9999 -9999 140.159 153.62 159.436 -9999 -9999 -9999 161.287 157.891 -9999 -9999 -9999 -9999 -9999 -9999 -9999 126.885 128.523 136.57 136.489 142.612 141.655 134.429 124.49 127.244 143.134 144.856 170.394 186.703 196.806 211.375 198.801 180.992 148.66 140.631 130.05 105.666 90.577 84.104 77.306 72.395 73.449 67.815 -9999 -9999 -9999 -9999 -9999 -9999 -9999 -9999 -9999 -9999 -9999 -9999 -9999 -9999
129.482 116.916 -9999 -9999 -9999 -9999 -9999 -9999 -9999 -9999 -9999 -9999 -9999 129.072 -9999 -9999 -9999 -9999 -9999 150.526 155.338 -9999 -9999 -9999 -9999 -9999 -9999 -9999 -9999 -9999 -9999 -9999 -9999 129.898 150.483 156.536 175.867 184.107 181.838 160.745 137.126 137.823 135.603 156.248 188.646 220.776 242.639 238.197 214.648 168.467 149.938 132.256 114.807 107.239 98.357 89.099 75.809 70.623 73.138 73.793 63.143 -9999 -9999 -9999 -9999 -9999 -9999 -9999 -9999 -9999 -9999 -9999 -9999 -9999
115.267 -9999 112.858 112.904 107.846 98.417 -9999 -9999 -9999 -9999 -9999 -9999 -9999 128.411 -9999 -9999 -9999 -9999 -9999 -9999 -9999 -9999 -9999 -9999 -9999 -9999 -9999 -9999 -9999 -9999 -9999 -9999 137.124 136.794 152.044 169.505 185.038 231.983 240.361 212.611 176.397 145.864 144.39 128.684 162.843 213.876 243.047 260.922 213.926 215.836 197.574 154.668 129.796 101.301 92.332 90.423 84.814 78.197 73.362 74.625 69.075 61.165 -9999 -9999 -9999 -9999 -9999 -9999 -9999 -9999 -9999 -9999 -9999 -9999
109.976 108.936 111.169 107.565 98.382 97.503 -9999 -9999 -9999 -9999 -9999 -9999 -9999 -9999 -9999 -9999 -9999 -9999 -9999 -9999 -9999 -9999 -9999 -9999 -9999 -9999 -9999 -9999 -9999 -9999 -9999 147.836 140.979 157.43 186.883 208.911 250.086 317.535 289.504 233.948 191.282 168.325 129.643 124.631 149.83 198.021 267.15 238.495 223.69 207.017 184.976 156.885 131.643 113.165 89.463 82.868 78.298 72.553 70.353 70.98 63.824 56.874 -9999 -9999 -9999 -9999 -9999 -9999 -9999 -9999 -9999 -9999 -9999 -9999
105.588 109.686 109.066 104.347 -9999 93.794 93.17 -9999 -9999 -9999 -9999 -9999 -9999 -9999 -9999 -9999 -9999 -9999 -9999 -9999 -9999 -9999 -9999 -9999 -9999 -9999 -9999 -9999 -9999 -9999 -9999 151.901 152.595 194.07 245.951 287.805 306.109 289.786 296.122 272.224 235.681 198.978 164.256 144.712 145.706 182.276 208.374 235.859 207.189 191.803 160.906 139.963 111.035 98.159 88.782 81.743 75.732 70.903 64.963 65.373 60.241 54.129 53.162 55.828 -9999 -9999 -9999 -9999 -9999 -9999 -9999 -9999 -9999 -9999
106.777 110.395 108.124 100.448 -9999 -9999 92.119 -9999 -9999 -9999 -9999 -9999 -9999 -9999 -9999 -9999 -9999 -9999 -9999 -9999 -9999 -9999 -9999 -9999 -9999 -9999 -9999 -9999 -9999 -9999 -9999 174.244 183.062 227.023 293.238 331.218 343.083 370.913 371.8 328.162 298.197 274.911 221.226 179.015 148.034 131.541 161.476 178.877 174.265 169.836 152.659 127.517 107.269 92.386 80.192 73.985 73.165 65.756 63.068 62.344 60.772 56.764 68.201 69.375 69.169 66.937 78.914 -9999 -9999 -9999 -9999 -9999 -9999 -9999
104.924 107.538 102.289 91.967 91.357 -9999 91.42 -9999 -9999 -9999 -9999 -9999 -9999 -9999 -9999 -9999 -9999 -9999 -9999 -9999 -9999 -9999 -9999 -9999 -9999 -9999 -9999 -9999 -9999 -9999 147.72 188.377 217.315 288.933 384.747 455.19 472.683 409.992 401.312 395.392 389.351 332.767 297.091 226.869 173.331 145.943 160.718 147.362 150.659 161.598 145.608 126.266 111.917 99.192 87.303 77.056 71.477 65.313 59.668 57.61 60.286 63.845 71.941 91.858 88.613 89.142 85.933 82.245 86.831 -9999 -9999 -9999 -9999 -9999
110.854 109.631 108.953 102.665 -9999 91.916 -9999 -9999 -9999 -9999 -9999 -9999 -9999 -9999 -9999 -9999 -9999 -9999 -9999 -9999 -9999 -9999 -9999 -9999 -9999 -9999 -9999 -9999 -9999 -9999 -9999 153.29 198.769 270.021 362.119 434.883 467.953 467.658 419.693 403.045 364.497 370.3 316.235 255.178 207.222 185.894 174.597 173.48 203.738 181.027 172.342 163.577 142.666 114.554 97.829 85.167 74.05 68.825 63.889 64.711 63.671 65.334 77.504 95.497 95.146 96.515 97.668 94.025 90.755 88.327 -9999 -9999 -9999 -9999
131.236 121.428 110.6 101.907 94.939 96.37 -9999 -9999 -9999 -9999 -9999 -9999 -9999 -9999 -9999 -9999 -9999 -9999 -9999 -9999 -9999 -9999 -9999 -9999 -9999 -9999 -9999 -9999 -9999 -9999 -9999 -9999 157.183 210.075 281.652 361.306 410.066 436.682 370.126 324.167 328.113 322.661 283.423 256.704 239.414 223.0 209.525 229.513 225.342 214.463 221.778 194.66 156.3 133.833 107.005 90.45 77.076 69.723 68.263 68.927 72.785 90.269 95.565 119.159 132.934 122.721 123.961 103.326 98.841 92.109 83.602 -9999 -9999 -9999
136.791 121.509 110.692 98.672 91.741 -9999 -9999 -9999 -9999 -9999 -9999 -9999 -9999 -9999 -9999 -9999 -9999 -9999 -9999 -9999 -9999 -9999 -9999 -9999 -9999 -9999 -9999 -9999 -9999 -9999 -9999 -9999 146.857 191.167 260.189 314.437 386.072 391.689 317.583 290.328 269.822 245.998 233.399 216.245 230.905 267.073 251.619 264.188 263.454 234.414 194.611 179.105 151.095 133.952 115.359 88.344 76.371 72.333 70.019 74.995 82.983 97.446 116.413 120.026 129.348 126.796 129.422 123.569 106.59 101.136 91.202 76.368 -9999 -9999
152.124 139.55 116.429 96.702 90.57 -9999 -9999 -9999 -9999 -9999 -9999 -9999 -9999 -9999 -9999 -9999 -9999 -9999 -9999 -9999 -9999 -9999 -9999 -9999 -9999 -9999 -9999 -9999 -9999 -9999 -9999 -9999 -9999 176.476 240.946 286.703 329.767 298.624 280.823 246.535 226.304 215.362 191.2 192.728 225.905 242.149 278.38 271.389 263.621 233.92 210.927 184.701 167.454 132.766 111.989 87.825 78.732 75.982 70.377 78.018 90.488 97.401 112.637 125.374 127.347 122.374 116.374 115.488 113.329 101.88 98.783 83.982 -9999 -9999
182.39 -9999 -9999 -9999 -9999 -9999 -9999 -9999 -9999 -9999 -9999 -9999 -9999 -9999 -9999 -9999 -9999 -9999 -9999 -9999 -9999 -9999 -9999 -9999 -9999 -9999 -9999 -9999 -9999 -9999 -9999 -9999 -9999 167.113 216.999 246.439 244.218 247.466 210.733 230.644 223.366 185.846 184.655 189.548 212.063 285.179 277.735 274.605 261.246 248.044 205.576 178.199 156.185 139.424 112.235 93.333 80.053 73.834 73.051 73.416 87.588 100.077 105.57 109.957 110.46 103.862 106.657 105.67 109.642 97.175 87.56 88.001 73.527 -9999
198.899 -9999 -9999 -9999 -9999 -9999 -9999 -9999 -9999 -9999 -9999 -9999 -9999 -9999 -9999 -9999 -9999 -9999 -9999 -9999 -9999 -9999 -9999 -9999 -9999 -9999 -9999 -9999 -9999 -9999 -9999 -9999 -9999 -9999 194.304 194.374 208.491 210.905 202.439 193.926 168.752 167.317 169.221 184.283 217.108 252.787 277.885 272.55 272.963 256.348 241.251 220.642 179.476 162.927 136.584 106.881 87.38 81.144 72.789 69.903 73.986 89.989 100.153 96.739 87.848 82.736 77.743 82.388 84.628 91.514 80.373 79.928 75.431 -9999
148.069 -9999 -9999 -9999 -9999 -9999 -9999 -9999 -9999 -9999 -9999 -9999 -9999 -9999 -9999 -9999 -9999 -9999 -9999 -9999 -9999 -9999 -9999 -9999 -9999 -9999 -9999 -9999 -9999 -9999 -9999 -9999 -9999 -9999 165.091 -9999 169.828 166.738 161.815 153.518 -9999 153.513 165.441 176.128 192.857 237.428 257.638 272.403 270.183 252.938 243.246 249.234 208.824 175.68 153.709 127.671 96.933 81.249 74.633 65.887 70.849 77.533 84.375 83.889 80.783 73.244 69.983 68.674 74.016 78.551 82.33 85.125 86.963 80.263
-9999 -9999 -9999 -9999 -9999 -9999 -9999 -9999 -9999 -9999 -9999 -9999 -9999 -9999 -9999 -9999 -9999 -9999 -9999 -9999 -9999 -9999 -9999 -9999 -9999 -9999 -9999 -9999 -9999 -9999 -9999 -9999 -9999 -9999 -9999 150.232 149.595 -9999 -9999 -9999 -9999 140.574 146.123 150.834 170.471 188.616 216.638 225.31 236.598 238.934 220.537 221.64 228.83 195.014 163.297 135.442 109.847 88.708 76.329 67.478 67.202 75.029 79.635 82.701 78.715 77.977 72.511 68.589 72.376 82.392 84.251 83.083 84.209 82.945
-9999 -9999 -9999 -9999 -9999 -9999 -9999 -9999 -9999 -9999 -9999 -9999 -9999 -9999 -9999 -9999 -9999 -9999 -9999 -9999 -9999 -9999 -9999 -9999 -9999 -9999 -9999 -9999 -9999 -9999 -9999 -9999 -9999 -9999 -9999 136.143 134.923 -9999 -9999 -9999 -9999 130.865 143.994 139.294 153.765 170.943 189.231 179.75 192.845 216.089 211.068 197.83 207.774 192.377 172.294 139.81 113.964 90.038 76.22 68.833 64.573 64.996 71.349 75.848 76.936 75.505 76.006 75.664 76.919 85.807 93.566 92.067 81.451 70.855
-9999 -9999 -9999 -9999 -9999 -9999 -9999 -9999 -9999 -9999 -9999 -9999 -9999 -9999 -9999 -9999 -9999 -9999 -9999 -9999 -9999 -9999 -9999 -9999 -9999 -9999 -9999 -9999 -9999 -9999 -9999 -9999 -9999 -9999 -9999 129.284 -9999 -9999 -9999 -9999 126.835 135.729 147.351 171.284 187.337 209.976 196.101 165.947 192.389 204.14 177.116 176.071 169.984 167.176 155.413 134.484 107.303 89.039 75.935 71.478 67.995 64.29 65.183 69.673 72.45 74.31 80.428 90.722 90.388 90.467 91.756 88.812 83.543 74.672
-9999 -9999 -9999 -9999 -9999 -9999 -9999 -9999 -9999 -9999 -9999 -9999 -9999 -9999 -9999 -9999 -9999 -9999 -9999 -9999 -9999 -9999 -9999 -9999 -9999 -9999 -9999 -9999 -9999 -9999 -9999 -9999 -9999 -9999 -9999 -9999 -9999 -9999 -9999 -9999 121.632 132.173 161.639 206.09 241.332 241.383 203.723 186.154 169.878 168.52 154.772 156.162 161.022 149.21 142.324 130.217 106.798 90.211 78.314 71.489 68.218 64.581 64.872 66.327 69.198 74.85 79.759 94.628 102.271 88.59 85.397 79.454 74.595 70.804
-9999 -9999 -9999 -9999 -9999 -9999 -9999 -9999 -9999 -9999 -9999 -9999 -9999 -9999 -9999 -9999 -9999 -9999 -9999 -9999 -9999 -9999 -9999 -9999 -9999 -9999 -9999 -9999 -9999 -9999 -9999 -9999 -9999 -9999 -9999 -9999 -9999 -9999 -9999 -9999 116.493 130.395 170.826 220.496 254.589 235.515 205.959 166.133 161.368 151.889 139.007 137.939 132.188 136.958 125.455 118.799 103.342 88.154 77.516 69.07 65.494 65.262 66.164 65.081 65.323 71.057 77.404 84.592 91.851 86.635 78.776 73.253 70.389 69.7
-9999 -9999 -9999 -9999 -9999 -9999 -9999 -9999 -9999 -9999 -9999 -9999 -9999 -9999 -9999 -9999 -9999 -9999 -9999 -9999 -9999 -9999 -9999 -9999 -9999 -9999 -9999 -9999 -9999 -9999 -9999 -9999 -9999 -9999 -9999 -9999 -9999 -9999 -9999 112.252 118.436 135.316 170.649 226.281 241.587 210.916 190.117 150.9 143.727 147.159 137.533 133.591 135.663 123.252 113.906 101.168 93.892 78.558 72.985 67.251 65.321 65.118 64.695 62.619 62.48 65.019 71.511 76.639 81.628 79.452 76.025 71.836 68.717 69.551
-9999 -9999 -9999 -9999 -9999 -9999 -9999 -9999 -9999 -9999 -9999 -9999 -9999 -9999 -9999 -9999 -9999 -9999 -9999 -9999 -9999 -9999 -9999 -9999 -9999 -9999 -9999 -9999 -9999 -9999 -9999 -9999 -9999 -9999 -9999 -9999 -9999 -9999 -9999 112.284 115.533 129.212 159.049 186.971 172.199 173.313 153.66 152.019 173.113 154.498 144.77 140.155 130.306 120.839 105.025 99.068 98.151 88.317 73.413 69.625 66.149 63.958 62.418 60.25 60.021 62.744 65.937 69.205 71.62 75.053 73.874 70.051 67.056 67.834
-9999 -9999 -9999 -9999 -9999 -9999 -9999 -9999 -9999 -9999 -9999 -9999 -9999 -9999 -9999 -9999 -9999 -9999 -9999 -9999 -9999 -9999 -9999 -9999 -9999 -9999 -9999 -9999 -9999 -9999 -9999 -9999 -9999 -9999 -9999 -9999 -9999 -9999 108.915 108.186 113.323 122.883 139.162 143.626 144.781 148.396 147.058 154.457 157.663 146.674 142.707 155.585 141.293 113.276 106.735 94.465 89.093 85.616 80.201 69.914 67.323 64.33 60.963 60.224 59.637 61.369 64.28 66.83 69.676 73.351 76.859 74.212 70.216 66.759
-9999 -9999 -9999 -9999 -9999 -9999 -9999 -9999 -9999 -9999 -9999 -9999 -9999 -9999 -9999 -9999 -9999 -9999 -9999 -9999 -9999 -9999 -9999 -9999 -9999 -9999 -9999 -9999 -9999 -9999 -9999 -9999 -9999 -9999 -9999 -9999 -9999 -9999 98.51 103.855 109.608 114.885 121.968 124.722 130.256 141.278 143.473 142.291 149.972 150.521 178.929 175.751 154.998 127.754 106.501 100.833 84.929 74.916 74.477 71.814 65.535 64.128 61.57 58.57 57.719 57.556 58.351 58.619 63.254 71.121 78.899 78.75 72.754 68.516
-9999 -9999 -9999 -9999 -9999 -9999 -9999 -9999 -9999 -9999 -9999 -9999 -9999 -9999 -9999 -9999 -9999 -9999 -9999 -9999 -9999 -9999 -9999 -9999 -9999 -9999 -9999 -9999 -9999 -9999 -9999 -9999 -9999 -9999 -9999 -9999 -9999 -9999 97.607 98.947 99.245 103.454 114.215 118.034 127.622 141.149 145.847 156.019 173.19 182.586 191.804 174.328 149.513 124.915 104.784 95.758 88.962 75.918 67.074 64.845 62.844 59.08 59.287 57.633 54.644 56.703 58.912 57.514 58.537 65.085 72.304 75.237 70.73 66.98
-9999 -9999 -9999 -9999 -9999 -9999 -9999 -9999 -9999 -9999 -9999 -9999 -9999 -9999 -9999 -9999 -9999 -9999 -9999 -9999 -9999 -9999 -9999 -9999 -9999 -9999 -9999 -9999 -9999 -9999 -9999 -9999 -9999 -9999 -9999 -9999 -9999 -9999 -9999 94.802 94.762 100.331 104.443 122.981 144.703 162.075 173.777 187.258 176.481 192.573 182.011 169.459 143.963 113.228 100.31 84.583 81.236 73.725 67.559 62.74 59.715 56.93 57.345 56.764 56.163 56.318 59.376 57.736 54.094 60.238 66.064 67.692 -9999 64.035
