Validation/Results/ReClimate_07_2024_2_Precipitation-Actualsweatherlogisticsltd.asc
NCOLS 192
NROWS 249
XLLCENTER -225160.85627316462
YLLCENTER 29788.11610251502
CELLSIZE 5000.0
NODATA_VALUE -9999
[rows 99 to 131 of 249, columns 74 to 147 of 192]
214.274 213.375 219.834 220.03 223.942 230.34 237.269 251.155 -9999 -9999 171.698 246.948 274.79 290.444 282.526 288.144 269.063 220.94 202.987 182.83 174.08 164.932 148.594 131.796 124.303 117.182 100.053 95.399 89.852 86.949 81.071 78.624 77.783 77.936 72.228 68.404 63.479 56.714 55.907 58.725 56.433 53.387 54.566 56.692 52.52 -9999 -9999 -9999 -9999 -9999 -9999 -9999 -9999 -9999 -9999 -9999 -9999 -9999 -9999 -9999 -9999 -9999 -9999 -9999 -9999 -9999 -9999 -9999 -9999 -9999 -9999 -9999 -9999 -9999
192.795 223.574 214.095 -9999 -9999 207.898 228.072 -9999 -9999 -9999 178.923 239.202 296.838 295.588 319.057 276.624 234.62 221.452 227.235 216.199 185.758 173.877 153.87 166.417 159.163 124.842 98.988 110.442 115.269 102.455 86.614 80.858 75.979 73.457 62.348 60.905 58.573 62.027 70.761 67.197 63.519 61.774 61.703 57.549 50.497 -9999 -9999 -9999 -9999 -9999 -9999 -9999 -9999 -9999 -9999 -9999 -9999 -9999 -9999 -9999 -9999 -9999 -9999 -9999 -9999 -9999 -9999 -9999 -9999 -9999 -9999 -9999 -9999 -9999
192.531 -9999 216.392 216.566 227.033 -9999 -9999 -9999 -9999 205.11 203.936 253.816 270.978 279.018 288.328 261.836 246.918 249.693 264.089 231.495 220.614 170.821 170.374 174.093 137.408 106.067 123.089 138.073 123.941 93.672 90.913 83.233 78.018 67.449 63.07 60.645 63.332 74.339 66.344 63.957 61.4 61.083 56.438 48.507 -9999 -9999 -9999 -9999 -9999 -9999 -9999 -9999 -9999 -9999 -9999 -9999 -9999 -9999 -9999 -9999 -9999 -9999 -9999 -9999 -9999 -9999 -9999 -9999 -9999 -9999 -9999 -9999 -9999 -9999
201.038 249.92 282.72 301.003 309.952 262.415 224.847 -9999 -9999 200.478 -9999 -9999 216.794 296.866 281.865 238.963 251.777 281.346 257.663 269.593 244.558 194.854 167.826 140.108 142.555 140.98 153.388 142.851 124.136 121.254 107.73 86.096 72.816 66.219 64.155 65.369 73.54 61.872 56.632 59.164 57.104 55.064 49.425 -9999 -9999 -9999 -9999 -9999 -9999 -9999 -9999 -9999 -9999 -9999 -9999 -9999 -9999 -9999 -9999 -9999 -9999 -9999 -9999 -9999 -9999 -9999 -9999 -9999 -9999 -9999 -9999 -9999 -9999 -9999
220.019 244.084 277.716 320.712 300.145 -9999 -9999 -9999 204.979 221.058 219.924 226.7 245.957 252.631 220.595 214.364 257.498 263.764 252.914 228.526 206.358 187.258 164.639 162.862 135.029 143.087 135.252 132.489 129.33 112.216 99.194 84.137 72.368 67.0 63.128 64.989 59.34 52.042 -9999 -9999 55.22 -9999 -9999 -9999 -9999 -9999 -9999 -9999 -9999 -9999 -9999 -9999 -9999 -9999 -9999 -9999 -9999 -9999 -9999 -9999 -9999 -9999 -9999 -9999 -9999 -9999 -9999 -9999 -9999 -9999 -9999 -9999 -9999 -9999
207.687 231.891 271.55 -9999 282.871 -9999 -9999 -9999 215.221 237.322 246.232 242.984 235.432 239.414 242.051 267.218 281.423 266.004 243.839 234.844 231.692 205.452 170.39 141.261 140.704 138.691 122.537 108.089 93.466 92.708 90.999 80.357 70.528 63.696 59.544 58.564 51.797 -9999 57.815 54.628 53.7 53.616 -9999 -9999 -9999 -9999 -9999 -9999 -9999 -9999 -9999 -9999 -9999 -9999 -9999 -9999 -9999 -9999 -9999 -9999 -9999 -9999 -9999 -9999 -9999 -9999 -9999 -9999 -9999 -9999 -9999 -9999 -9999 -9999
-9999 203.593 -9999 -9999 -9999 -9999 236.094 233.652 245.466 252.651 254.302 249.108 255.402 275.546 272.917 276.976 273.122 286.832 255.717 249.303 222.497 207.598 171.281 174.313 177.189 143.538 123.253 112.813 99.118 88.183 80.053 71.406 66.633 62.195 60.356 -9999 57.029 58.096 54.143 52.997 50.829 55.858 -9999 -9999 -9999 -9999 -9999 -9999 -9999 -9999 -9999 -9999 -9999 -9999 -9999 -9999 -9999 -9999 -9999 -9999 -9999 -9999 -9999 -9999 -9999 -9999 -9999 -9999 -9999 -9999 -9999 -9999 -9999 -9999
-9999 -9999 -9999 -9999 -9999 -9999 229.145 218.429 228.859 248.211 255.026 243.927 269.557 246.821 241.778 262.07 303.354 288.168 252.129 240.531 228.818 188.081 178.409 191.395 163.853 162.126 155.469 123.664 109.141 93.353 81.007 80.074 77.614 78.165 78.017 71.316 60.503 57.69 60.581 64.151 60.996 59.873 56.747 -9999 -9999 -9999 -9999 -9999 -9999 -9999 -9999 -9999 -9999 -9999 -9999 -9999 -9999 -9999 -9999 -9999 -9999 -9999 -9999 -9999 -9999 -9999 -9999 -9999 -9999 -9999 -9999 -9999 -9999 -9999
-9999 -9999 -9999 -9999 -9999 218.588 -9999 -9999 219.302 245.909 245.395 262.093 253.636 -9999 -9999 280.388 313.008 309.214 247.116 227.782 207.428 183.221 176.511 166.669 154.656 146.315 123.036 112.205 105.972 100.9 108.941 110.483 100.292 94.087 86.503 75.501 70.595 63.061 68.789 64.998 69.414 65.452 58.836 53.348 -9999 -9999 -9999 -9999 -9999 -9999 -9999 -9999 -9999 -9999 -9999 -9999 -9999 -9999 -9999 -9999 -9999 -9999 -9999 -9999 -9999 -9999 -9999 -9999 -9999 -9999 -9999 -9999 -9999 -9999
-9999 -9999 -9999 -9999 -9999 203.581 -9999 196.932 209.603 223.337 257.257 263.441 229.735 225.603 257.454 282.299 284.401 239.592 230.771 241.747 190.296 165.949 167.728 152.941 132.481 117.244 100.888 101.51 117.21 137.908 139.682 122.122 105.855 91.062 81.018 77.591 70.409 67.948 64.879 61.933 59.141 59.42 55.291 -9999 -9999 -9999 -9999 -9999 -9999 -9999 -9999 -9999 -9999 -9999 -9999 -9999 -9999 -9999 -9999 -9999 -9999 -9999 -9999 -9999 -9999 -9999 -9999 -9999 -9999 -9999 -9999 -9999 -9999 -9999
-9999 -9999 -9999 -9999 -9999 188.574 -9999 186.318 187.566 215.357 233.378 223.179 -9999 247.239 248.982 -9999 244.203 231.662 228.679 195.272 198.311 178.698 145.481 125.55 107.799 94.079 95.86 97.065 112.579 106.06 101.875 101.744 101.889 94.131 80.718 74.171 68.925 65.066 61.709 -9999 -9999 -9999 -9999 -9999 -9999 -9999 -9999 -9999 -9999 -9999 -9999 -9999 -9999 -9999 -9999 -9999 -9999 -9999 -9999 -9999 -9999 -9999 -9999 -9999 -9999 -9999 -9999 -9999 -9999 -9999 -9999 -9999 -9999 -9999
-9999 -9999 -9999 168.393 175.422 -9999 -9999 176.667 190.468 210.04 205.696 205.639 252.254 240.051 255.615 -9999 199.551 226.663 197.83 181.321 176.437 161.725 136.089 124.781 113.076 116.229 111.862 95.663 88.953 85.47 87.201 89.081 90.538 88.81 79.639 76.192 71.984 64.845 -9999 -9999 -9999 -9999 -9999 -9999 -9999 -9999 -9999 -9999 -9999 -9999 -9999 -9999 -9999 -9999 -9999 -9999 -9999 -9999 -9999 -9999 -9999 -9999 -9999 -9999 -9999 -9999 -9999 -9999 -9999 -9999 -9999 -9999 -9999 -9999
-9999 -9999 150.633 156.726 163.308 -9999 175.512 194.343 213.324 200.033 -9999 236.908 237.56 252.656 260.789 -9999 203.482 203.826 179.682 151.874 148.035 129.764 130.407 134.231 124.631 138.654 122.131 106.716 94.582 -9999 76.091 76.703 79.313 77.3 76.131 79.146 71.298 -9999 -9999 -9999 -9999 -9999 -9999 -9999 -9999 -9999 -9999 -9999 -9999 -9999 -9999 -9999 -9999 -9999 -9999 -9999 -9999 -9999 -9999 -9999 -9999 -9999 -9999 -9999 -9999 -9999 -9999 -9999 -9999 -9999 -9999 -9999 -9999 -9999
-9999 -9999 138.97 140.458 -9999 -9999 185.456 208.45 198.541 -9999 208.88 229.876 238.664 248.947 239.97 -9999 177.719 162.687 152.158 145.181 141.463 136.548 142.731 165.252 171.174 161.629 145.764 116.354 95.358 80.18 70.772 -9999 -9999 68.161 65.055 -9999 -9999 -9999 -9999 -9999 -9999 53.44 54.689 55.261 -9999 -9999 -9999 -9999 -9999 -9999 -9999 -9999 -9999 -9999 -9999 -9999 -9999 -9999 -9999 -9999 -9999 -9999 -9999 -9999 -9999 -9999 -9999 -9999 -9999 -9999 -9999 -9999 -9999 -9999
-9999 147.183 156.393 -9999 -9999 166.986 184.03 180.485 199.688 -9999 202.052 222.199 218.309 215.438 222.867 -9999 -9999 -9999 153.051 146.291 143.907 147.068 154.255 159.917 159.99 143.417 128.922 112.65 99.481 85.969 77.901 71.471 71.35 68.677 63.933 -9999 -9999 -9999 -9999 -9999 56.513 54.65 58.042 53.642 53.628 -9999 -9999 -9999 -9999 -9999 -9999 -9999 -9999 -9999 -9999 -9999 -9999 -9999 -9999 -9999 -9999 -9999 -9999 -9999 -9999 -9999 -9999 -9999 -9999 -9999 -9999 -9999 -9999 -9999
160.078 171.66 160.678 -9999 -9999 -9999 147.799 180.07 183.629 -9999 179.242 -9999 187.124 202.084 187.781 -9999 162.201 166.9 157.181 -9999 130.875 126.78 130.787 135.19 126.787 125.474 120.182 111.64 101.827 93.653 83.728 81.644 79.016 68.796 61.646 58.595 60.089 60.594 -9999 58.099 57.721 58.715 58.405 63.646 66.88 70.602 52.084 -9999 -9999 -9999 -9999 -9999 -9999 -9999 -9999 -9999 -9999 -9999 -9999 -9999 -9999 -9999 -9999 -9999 -9999 -9999 -9999 -9999 -9999 -9999 -9999 -9999 -9999 -9999
157.562 165.835 -9999 -9999 -9999 -9999 159.678 184.794 165.873 -9999 157.097 -9999 168.684 167.261 -9999 177.608 187.584 191.882 166.523 133.855 121.518 111.525 112.099 113.538 113.505 108.987 105.778 105.449 100.795 95.729 86.138 81.738 73.429 73.92 67.874 66.058 68.425 61.966 59.428 59.874 59.068 59.552 62.469 72.579 75.404 78.941 70.695 62.559 56.704 60.271 -9999 -9999 -9999 -9999 -9999 -9999 -9999 -9999 -9999 -9999 -9999 -9999 -9999 -9999 -9999 -9999 -9999 -9999 -9999 -9999 -9999 -9999 -9999 -9999
-9999 145.008 -9999 -9999 -9999 -9999 158.722 160.534 166.514 166.249 -9999 -9999 141.9 148.669 -9999 166.107 190.334 213.584 179.074 151.958 128.151 115.506 105.609 98.137 96.24 93.011 95.459 100.504 104.971 101.259 99.063 94.757 90.668 85.223 83.241 86.706 78.061 61.572 55.348 62.593 64.442 70.965 85.125 88.502 86.024 83.313 77.713 83.332 67.637 60.631 61.041 -9999 -9999 -9999 -9999 -9999 -9999 -9999 -9999 -9999 -9999 -9999 -9999 -9999 -9999 -9999 -9999 -9999 -9999 -9999 -9999 -9999 -9999 -9999
140.434 -9999 -9999 -9999 -9999 -9999 138.687 148.75 165.522 150.12 -9999 -9999 140.21 139.855 -9999 -9999 191.011 190.734 171.094 155.953 149.791 132.328 114.993 105.787 102.977 91.275 92.108 103.039 106.958 108.728 110.669 108.372 100.854 100.181 100.724 89.897 75.598 69.364 66.541 65.177 80.753 91.595 93.701 96.926 90.958 82.353 78.191 71.907 65.179 66.255 62.323 -9999 -9999 -9999 -9999 -9999 -9999 -9999 -9999 -9999 -9999 -9999 -9999 -9999 -9999 -9999 -9999 -9999 -9999 -9999 -9999 -9999 -9999 -9999
131.167 -9999 -9999 -9999 -9999 -9999 127.899 145.949 157.283 -9999 -9999 -9999 -9999 134.14 -9999 139.653 168.336 170.184 157.375 158.715 156.872 149.304 136.48 127.817 114.803 102.85 99.85 100.453 99.518 102.819 108.13 105.311 103.733 103.383 94.903 87.362 85.931 82.829 86.074 85.673 84.881 87.084 85.825 84.473 84.773 81.057 74.109 65.387 62.612 62.15 60.728 61.199 -9999 -9999 -9999 -9999 -9999 -9999 -9999 -9999 -9999 -9999 -9999 -9999 -9999 -9999 -9999 -9999 -9999 -9999 -9999 -9999 -9999 -9999
124.496 -9999 -9999 -9999 127.183 127.289 132.404 145.008 -9999 -9999 171.782 -9999 -9999 -9999 -9999 135.248 151.762 151.624 149.272 149.581 152.44 157.057 150.721 144.914 131.725 115.519 107.839 93.345 87.242 95.372 95.053 91.446 96.411 90.979 92.66 99.804 93.233 104.999 107.232 97.391 91.272 89.887 85.766 77.48 78.006 79.426 74.817 64.598 62.587 62.696 62.546 57.517 -9999 -9999 -9999 -9999 -9999 -9999 -9999 -9999 -9999 -9999 -9999 -9999 -9999 -9999 -9999 -9999 -9999 -9999 -9999 -9999 -9999 -9999
-9999 -9999 -9999 -9999 -9999 134.406 140.02 153.423 -9999 163.776 184.303 192.937 -9999 -9999 -9999 -9999 124.911 128.455 131.683 136.161 141.909 145.681 149.408 143.178 135.432 117.583 101.333 88.413 93.345 89.463 84.807 89.681 95.807 94.249 101.631 90.895 99.71 100.399 103.145 105.144 98.293 88.635 78.863 75.616 69.329 69.001 69.574 63.319 61.573 62.54 65.571 62.104 59.881 -9999 -9999 -9999 -9999 -9999 -9999 -9999 -9999 -9999 -9999 -9999 -9999 -9999 -9999 -9999 -9999 -9999 -9999 -9999 -9999 -9999
-9999 -9999 -9999 -9999 -9999 139.888 151.009 160.541 -9999 143.931 179.109 192.837 -9999 -9999 -9999 -9999 -9999 109.851 115.688 120.383 124.855 134.298 133.504 137.506 134.388 131.508 117.038 105.76 92.967 87.709 86.284 88.654 87.897 90.847 95.18 92.352 92.34 96.519 95.933 87.666 81.188 74.471 79.294 78.417 70.16 68.37 61.235 60.467 58.527 60.633 64.316 69.037 62.328 61.507 -9999 -9999 -9999 -9999 -9999 -9999 -9999 -9999 -9999 -9999 -9999 -9999 -9999 -9999 -9999 -9999 -9999 -9999 -9999 -9999
-9999 -9999 -9999 -9999 -9999 142.321 161.305 -9999 -9999 129.053 159.986 178.079 152.328 -9999 -9999 -9999 -9999 -9999 102.137 117.073 129.978 132.212 140.273 148.082 145.609 140.092 126.973 113.72 100.984 100.184 94.303 93.329 97.435 108.394 103.937 118.783 102.633 103.424 88.706 97.232 90.889 81.669 76.872 70.74 71.572 66.341 64.974 68.669 69.59 60.809 65.216 63.014 72.072 64.651 63.284 61.407 -9999 -9999 -9999 -9999 -9999 -9999 -9999 -9999 -9999 -9999 -9999 -9999 -9999 -9999 -9999 -9999 -9999 -9999
-9999 -9999 -9999 -9999 -9999 151.311 138.35 -9999 -9999 135.203 155.771 156.802 -9999 -9999 -9999 -9999 -9999 -9999 100.209 104.51 119.655 121.649 129.72 129.259 132.986 131.556 126.835 122.827 112.214 106.825 107.967 114.866 127.32 117.822 128.027 133.617 123.713 97.802 95.796 84.391 78.693 73.388 66.553 69.32 69.938 69.309 65.258 69.902 69.812 82.663 78.046 70.89 74.091 75.659 67.741 63.258 -9999 -9999 -9999 -9999 -9999 -9999 -9999 -9999 -9999 -9999 -9999 -9999 -9999 -9999 -9999 -9999 -9999 -9999
-9999 -9999 -9999 -9999 -9999 141.028 121.039 -9999 -9999 -9999 130.382 131.27 126.053 -9999 -9999 -9999 -9999 -9999 95.325 106.298 108.418 111.204 113.022 118.181 130.573 141.876 147.85 132.515 126.049 120.456 111.184 115.805 124.064 127.598 151.282 141.057 119.363 115.067 98.411 87.932 86.666 73.506 73.672 68.963 66.336 71.799 77.556 77.97 89.817 107.905 99.722 84.39 77.021 77.441 75.987 69.154 -9999 -9999 -9999 -9999 -9999 -9999 -9999 -9999 -9999 -9999 -9999 -9999 -9999 -9999 -9999 -9999 -9999 -9999
-9999 -9999 -9999 -9999 146.713 132.029 119.393 -9999 -9999 -9999 -9999 -9999 -9999 -9999 -9999 -9999 -9999 -9999 106.372 110.852 111.207 109.965 110.861 114.66 124.715 138.804 149.724 142.494 136.695 135.155 126.587 132.809 141.097 156.992 162.011 156.039 147.707 137.04 113.79 104.792 88.27 81.816 72.072 71.494 75.668 74.923 83.664 92.411 111.932 115.258 109.534 83.694 73.221 73.057 73.681 72.391 61.535 -9999 -9999 -9999 -9999 -9999 -9999 -9999 -9999 -9999 -9999 -9999 -9999 -9999 -9999 -9999 -9999 -9999
-9999 -9999 -9999 144.609 142.909 133.987 121.241 -9999 -9999 -9999 -9999 -9999 -9999 -9999 -9999 -9999 109.271 107.725 113.738 121.044 127.795 129.983 128.268 130.399 129.639 138.065 136.679 142.601 151.816 147.799 154.208 147.911 142.679 145.268 168.313 156.264 157.158 134.314 118.772 101.565 86.747 76.52 81.811 79.879 72.536 76.02 86.471 102.555 103.427 112.335 107.656 85.637 71.079 69.36 76.462 73.298 65.812 -9999 -9999 -9999 -9999 -9999 -9999 -9999 -9999 -9999 -9999 -9999 -9999 -9999 -9999 -9999 -9999 -9999
-9999 -9999 -9999 139.096 124.098 110.262 -9999 -9999 -9999 -9999 -9999 -9999 -9999 -9999 -9999 -9999 109.157 108.098 117.948 128.637 135.169 136.841 153.134 161.182 155.413 149.383 142.942 134.958 141.648 161.736 161.837 148.609 135.207 140.93 155.168 169.619 153.049 140.641 121.875 109.032 91.1 91.814 91.202 84.287 82.323 95.326 105.976 105.837 100.047 97.749 92.228 83.345 84.311 87.643 80.597 77.657 68.997 -9999 -9999 -9999 -9999 -9999 -9999 -9999 -9999 -9999 -9999 -9999 -9999 -9999 -9999 -9999 -9999 -9999
-9999 -9999 -9999 -9999 -9999 -9999 -9999 -9999 -9999 -9999 -9999 -9999 -9999 -9999 -9999 -9999 110.756 114.308 129.622 137.411 146.527 150.506 171.404 179.873 194.901 169.163 142.848 135.989 145.77 156.894 179.511 164.27 132.151 135.093 155.476 167.397 155.26 141.772 137.945 120.369 121.288 119.323 111.038 110.224 114.996 117.885 100.493 93.952 92.034 93.717 95.221 81.06 78.574 83.631 81.056 70.792 67.971 -9999 -9999 -9999 -9999 -9999 -9999 -9999 -9999 -9999 -9999 -9999 -9999 -9999 -9999 -9999 -9999 -9999
-9999 -9999 -9999 -9999 -9999 -9999 -9999 -9999 -9999 -9999 -9999 -9999 -9999 -9999 -9999 112.664 122.854 135.277 142.611 159.846 151.269 154.917 164.871 192.903 185.681 167.528 147.772 138.572 123.945 135.082 148.53 150.975 139.523 129.175 145.82 157.632 150.302 144.258 142.89 144.221 124.329 116.887 118.259 116.681 129.824 110.1 108.846 97.792 83.914 95.405 95.28 92.983 81.48 76.978 73.986 69.619 65.745 -9999 -9999 -9999 -9999 -9999 -9999 -9999 -9999 -9999 -9999 -9999 -9999 -9999 -9999 -9999 -9999 -9999
-9999 -9999 -9999 -9999 -9999 -9999 -9999 -9999 -9999 -9999 -9999 -9999 -9999 -9999 -9999 121.062 137.406 151.791 176.174 172.517 160.554 163.015 180.308 165.957 165.217 153.072 140.531 133.883 114.271 119.084 139.436 149.478 144.38 122.003 132.641 135.322 133.973 139.952 152.054 127.472 133.126 128.953 119.118 133.488 112.437 113.397 106.543 90.128 93.007 91.762 88.858 95.532 88.889 80.635 79.139 75.134 66.03 -9999 -9999 -9999 -9999 -9999 -9999 -9999 -9999 -9999 -9999 -9999 -9999 -9999 -9999 -9999 -9999 -9999
-9999 -9999 -9999 -9999 -9999 -9999 -9999 -9999 -9999 -9999 -9999 -9999 -9999 -9999 111.668 131.722 145.731 172.785 181.684 184.115 191.485 192.946 182.513 158.777 149.608 142.574 145.102 141.994 122.343 121.093 133.324 136.495 116.538 115.35 130.009 132.095 134.394 149.539 133.636 132.696 142.697 128.845 131.023 125.629 108.891 104.204 96.655 100.178 98.545 94.093 94.794 90.81 84.305 77.752 77.483 75.833 70.72 66.82 -9999 -9999 -9999 -9999 -9999 -9999 -9999 -9999 -9999 -9999 -9999 -9999 -9999 -9999 -9999 -9999
