Validation/Results/ReClimate_10_2023_1_Temperature.asc
NCOLS 192
NROWS 249
XLLCENTER -225160.85627316462
YLLCENTER 29788.11610251502
CELLSIZE 5000.0
NODATA_VALUE -9999
[rows 102 to 135 of 249, columns 77 to 153 of 192]
0.101 0.107 0.132 0.154 -9999 -9999 0.155 -9999 -9999 0.187 0.203 0.221 0.233 0.246 0.262 0.279 0.264 0.244 0.265 0.286 0.29 0.295 0.294 0.292 0.296 0.299 0.299 0.297 0.297 0.294 0.29 0.283 0.273 0.26 0.254 0.247 0.242 0.235 0.241 0.246 -9999 -9999 -9999 -9999 -9999 -9999 -9999 -9999 -9999 -9999 -9999 -9999 -9999 -9999 -9999 -9999 -9999 -9999 -9999 -9999 -9999 -9999 -9999 -9999 -9999 -9999 -9999 -9999 -9999 -9999 -9999 -9999 -9999 -9999 -9999 -9999 -9999
0.112 0.121 -9999 -9999 -9999 0.158 0.165 0.193 0.204 0.203 0.221 0.243 0.25 0.244 0.256 0.264 0.259 0.264 0.278 0.276 0.283 0.294 0.296 0.3 0.298 0.286 0.285 0.285 0.285 0.288 0.287 0.29 0.279 0.261 0.256 -9999 -9999 0.243 -9999 -9999 -9999 -9999 -9999 -9999 -9999 -9999 -9999 -9999 -9999 -9999 -9999 -9999 -9999 -9999 -9999 -9999 -9999 -9999 -9999 -9999 -9999 -9999 -9999 -9999 -9999 -9999 -9999 -9999 -9999 -9999 -9999 -9999 -9999 -9999 -9999 -9999 -9999
-9999 0.126 -9999 -9999 -9999 0.166 0.186 0.205 0.207 0.207 0.227 0.25 0.247 0.24 0.248 0.256 0.263 0.27 0.272 0.27 0.28 0.291 0.296 0.299 0.29 0.278 0.278 0.278 0.28 0.282 0.286 0.29 0.276 0.259 -9999 0.25 0.247 0.243 0.241 -9999 -9999 -9999 -9999 -9999 -9999 -9999 -9999 -9999 -9999 -9999 -9999 -9999 -9999 -9999 -9999 -9999 -9999 -9999 -9999 -9999 -9999 -9999 -9999 -9999 -9999 -9999 -9999 -9999 -9999 -9999 -9999 -9999 -9999 -9999 -9999 -9999 -9999
-9999 -9999 -9999 0.155 0.173 0.181 0.193 0.196 0.203 0.216 0.236 0.256 0.254 0.249 0.257 0.262 0.263 0.251 0.257 0.268 0.272 0.268 0.274 0.287 0.284 0.289 0.289 0.286 0.29 0.295 0.294 0.283 -9999 0.283 0.275 0.253 0.249 0.242 0.239 -9999 -9999 -9999 -9999 -9999 -9999 -9999 -9999 -9999 -9999 -9999 -9999 -9999 -9999 -9999 -9999 -9999 -9999 -9999 -9999 -9999 -9999 -9999 -9999 -9999 -9999 -9999 -9999 -9999 -9999 -9999 -9999 -9999 -9999 -9999 -9999 -9999 -9999
-9999 -9999 -9999 0.159 0.169 0.184 0.187 0.19 0.204 0.217 0.236 0.255 0.254 0.251 0.258 0.264 0.256 0.243 0.255 0.265 0.262 0.257 0.268 0.28 0.286 0.291 0.289 0.286 0.292 0.297 0.289 0.278 0.284 0.289 0.273 0.252 0.247 0.241 0.238 0.234 -9999 -9999 -9999 -9999 -9999 -9999 -9999 -9999 -9999 -9999 -9999 -9999 -9999 -9999 -9999 -9999 -9999 -9999 -9999 -9999 -9999 -9999 -9999 -9999 -9999 -9999 -9999 -9999 -9999 -9999 -9999 -9999 -9999 -9999 -9999 -9999 -9999
-9999 -9999 0.142 -9999 -9999 0.191 0.197 0.205 0.217 0.224 -9999 -9999 0.26 0.276 0.282 0.278 0.281 0.295 0.298 0.281 0.28 0.279 0.293 0.31 0.312 0.304 0.302 0.295 0.296 0.288 0.284 0.286 0.286 0.276 0.264 0.257 0.254 0.254 0.249 0.237 0.24 -9999 -9999 -9999 -9999 -9999 -9999 -9999 -9999 -9999 -9999 -9999 -9999 -9999 -9999 -9999 -9999 -9999 -9999 -9999 -9999 -9999 -9999 -9999 -9999 -9999 -9999 -9999 -9999 -9999 -9999 -9999 -9999 -9999 -9999 -9999 -9999
-9999 -9999 0.142 -9999 0.178 0.193 0.2 0.208 0.217 0.225 0.237 0.251 0.268 0.284 0.285 0.282 0.299 0.314 0.302 0.286 0.287 0.287 0.302 0.319 0.314 0.308 0.303 0.296 0.29 0.283 0.285 0.288 0.28 0.269 0.264 0.258 0.258 0.258 0.25 0.239 -9999 -9999 -9999 -9999 -9999 -9999 -9999 -9999 -9999 -9999 -9999 -9999 -9999 -9999 -9999 -9999 -9999 -9999 -9999 -9999 -9999 -9999 -9999 -9999 -9999 -9999 -9999 -9999 -9999 -9999 -9999 -9999 -9999 -9999 -9999 -9999 -9999
-9999 -9999 0.143 -9999 0.172 0.185 0.195 0.214 0.225 -9999 0.254 0.26 -9999 0.274 0.277 0.28 0.293 0.3 0.295 0.297 0.299 0.299 0.313 0.323 0.318 0.307 0.307 0.311 0.308 0.304 0.302 0.287 0.28 0.273 0.267 0.257 -9999 -9999 -9999 -9999 -9999 -9999 -9999 -9999 -9999 -9999 -9999 -9999 -9999 -9999 -9999 -9999 -9999 -9999 -9999 -9999 -9999 -9999 -9999 -9999 -9999 -9999 -9999 -9999 -9999 -9999 -9999 -9999 -9999 -9999 -9999 -9999 -9999 -9999 -9999 -9999 -9999
0.124 0.13 -9999 -9999 0.165 0.18 0.196 0.214 0.23 0.247 0.255 0.261 -9999 0.269 0.274 0.278 0.287 0.293 0.297 0.3 0.302 0.303 0.312 0.323 0.315 0.305 0.31 0.315 0.313 0.31 0.299 0.286 0.28 0.273 0.267 -9999 -9999 -9999 -9999 -9999 -9999 -9999 -9999 -9999 -9999 -9999 -9999 -9999 -9999 -9999 -9999 -9999 -9999 -9999 -9999 -9999 -9999 -9999 -9999 -9999 -9999 -9999 -9999 -9999 -9999 -9999 -9999 -9999 -9999 -9999 -9999 -9999 -9999 -9999 -9999 -9999 -9999
0.13 0.138 -9999 0.149 0.159 0.193 0.198 -9999 0.207 0.235 0.243 0.255 -9999 0.268 0.28 0.302 0.307 0.3 0.305 0.309 0.314 0.32 0.325 0.319 0.315 0.314 -9999 0.302 0.299 0.294 0.285 0.279 0.276 0.274 -9999 -9999 -9999 -9999 -9999 -9999 -9999 -9999 -9999 -9999 -9999 -9999 -9999 -9999 -9999 -9999 -9999 -9999 -9999 -9999 -9999 -9999 -9999 -9999 -9999 -9999 -9999 -9999 -9999 -9999 -9999 -9999 -9999 -9999 -9999 -9999 -9999 -9999 -9999 -9999 -9999 -9999 -9999
0.141 -9999 -9999 0.143 0.167 0.191 -9999 0.179 0.202 0.229 0.24 0.251 -9999 0.267 0.288 0.309 0.308 0.301 0.306 0.31 0.318 0.324 0.321 0.315 0.316 0.316 0.307 0.295 -9999 -9999 0.282 0.275 -9999 -9999 -9999 -9999 -9999 -9999 0.262 0.258 0.251 -9999 -9999 -9999 -9999 -9999 -9999 -9999 -9999 -9999 -9999 -9999 -9999 -9999 -9999 -9999 -9999 -9999 -9999 -9999 -9999 -9999 -9999 -9999 -9999 -9999 -9999 -9999 -9999 -9999 -9999 -9999 -9999 -9999 -9999 -9999 -9999
-9999 -9999 0.156 0.16 0.177 0.177 -9999 0.191 0.209 0.218 0.227 0.235 -9999 -9999 -9999 0.314 0.311 0.303 0.305 0.297 0.306 0.32 0.315 0.307 0.312 0.325 0.32 0.315 0.312 0.304 0.3 0.289 -9999 -9999 -9999 -9999 -9999 0.279 0.271 0.258 0.254 0.25 -9999 -9999 -9999 -9999 -9999 -9999 -9999 -9999 -9999 -9999 -9999 -9999 -9999 -9999 -9999 -9999 -9999 -9999 -9999 -9999 -9999 -9999 -9999 -9999 -9999 -9999 -9999 -9999 -9999 -9999 -9999 -9999 -9999 -9999 -9999
-9999 -9999 -9999 0.167 0.169 0.17 -9999 0.196 -9999 0.214 0.222 0.23 -9999 0.275 0.295 0.313 -9999 0.302 0.297 0.29 0.303 0.316 0.311 0.303 0.314 0.328 0.325 0.321 0.317 0.311 0.304 0.296 0.292 0.284 0.289 -9999 0.292 0.288 0.278 0.261 0.258 0.254 0.256 0.257 -9999 -9999 -9999 -9999 -9999 -9999 -9999 -9999 -9999 -9999 -9999 -9999 -9999 -9999 -9999 -9999 -9999 -9999 -9999 -9999 -9999 -9999 -9999 -9999 -9999 -9999 -9999 -9999 -9999 -9999 -9999 -9999 -9999
-9999 -9999 -9999 0.163 0.17 0.183 -9999 0.202 -9999 0.244 0.254 -9999 0.263 0.288 0.298 0.29 0.296 0.319 0.318 0.319 0.327 0.322 0.32 0.315 0.327 0.339 0.337 0.33 0.321 0.299 0.295 0.296 0.299 0.31 0.315 0.312 0.309 0.294 0.288 0.292 0.292 0.293 0.292 0.278 0.266 0.261 0.261 -9999 -9999 -9999 -9999 -9999 -9999 -9999 -9999 -9999 -9999 -9999 -9999 -9999 -9999 -9999 -9999 -9999 -9999 -9999 -9999 -9999 -9999 -9999 -9999 -9999 -9999 -9999 -9999 -9999 -9999
-9999 -9999 -9999 0.162 0.174 0.187 0.196 -9999 -9999 0.255 0.265 -9999 0.275 0.292 0.288 0.279 0.299 0.322 0.326 0.328 0.326 0.323 0.322 0.318 0.33 0.343 0.34 0.334 0.317 0.295 0.297 0.297 0.309 0.322 0.322 0.321 0.31 0.297 0.301 0.305 0.308 0.31 0.301 0.289 0.286 0.277 0.266 0.268 -9999 -9999 -9999 -9999 -9999 -9999 -9999 -9999 -9999 -9999 -9999 -9999 -9999 -9999 -9999 -9999 -9999 -9999 -9999 -9999 -9999 -9999 -9999 -9999 -9999 -9999 -9999 -9999 -9999
-9999 -9999 -9999 0.161 0.177 0.202 0.207 -9999 -9999 0.252 0.261 -9999 -9999 0.289 0.284 0.279 0.297 0.315 0.317 0.314 0.313 0.314 0.316 0.32 0.329 0.333 0.334 0.342 0.327 0.307 0.31 0.312 0.322 0.329 0.327 0.318 0.314 0.319 0.321 0.315 0.319 0.322 0.314 0.303 0.298 0.287 0.281 0.269 -9999 -9999 -9999 -9999 -9999 -9999 -9999 -9999 -9999 -9999 -9999 -9999 -9999 -9999 -9999 -9999 -9999 -9999 -9999 -9999 -9999 -9999 -9999 -9999 -9999 -9999 -9999 -9999 -9999
-9999 -9999 -9999 0.161 0.182 0.204 -9999 -9999 -9999 -9999 0.258 -9999 0.278 0.284 0.282 0.277 0.293 0.31 0.309 0.306 0.308 0.31 0.316 0.321 0.325 0.329 0.337 0.345 0.331 0.313 0.316 0.319 0.326 0.333 0.326 0.318 0.323 0.328 0.325 0.32 0.324 0.328 0.32 0.31 0.303 0.293 0.285 0.274 0.276 -9999 -9999 -9999 -9999 -9999 -9999 -9999 -9999 -9999 -9999 -9999 -9999 -9999 -9999 -9999 -9999 -9999 -9999 -9999 -9999 -9999 -9999 -9999 -9999 -9999 -9999 -9999 -9999
-9999 0.16 0.167 0.174 0.188 -9999 -9999 0.204 -9999 -9999 -9999 -9999 0.283 0.293 0.292 0.287 0.298 0.301 0.299 0.294 0.298 0.305 0.312 0.319 0.326 0.337 0.344 0.351 0.341 0.33 0.331 0.324 0.331 0.339 0.331 0.317 0.325 0.341 0.337 0.329 0.334 0.338 0.335 0.336 0.326 0.305 0.302 0.306 0.286 -9999 -9999 -9999 -9999 -9999 -9999 -9999 -9999 -9999 -9999 -9999 -9999 -9999 -9999 -9999 -9999 -9999 -9999 -9999 -9999 -9999 -9999 -9999 -9999 -9999 -9999 -9999 -9999
-9999 -9999 0.169 0.179 0.181 -9999 0.193 0.203 0.223 -9999 -9999 -9999 -9999 0.295 0.293 0.289 0.292 0.295 0.293 0.29 0.297 0.303 0.311 0.319 0.33 0.34 0.347 0.354 0.347 0.337 0.334 0.327 0.334 0.341 0.331 0.318 0.331 0.346 0.341 0.334 0.338 0.343 0.345 0.347 0.331 0.312 0.316 0.321 0.312 0.291 -9999 -9999 -9999 -9999 -9999 -9999 -9999 -9999 -9999 -9999 -9999 -9999 -9999 -9999 -9999 -9999 -9999 -9999 -9999 -9999 -9999 -9999 -9999 -9999 -9999 -9999 -9999
-9999 -9999 0.156 0.169 0.174 -9999 0.196 0.22 0.238 -9999 -9999 -9999 -9999 -9999 0.296 0.295 0.302 0.312 0.308 0.293 0.298 0.299 0.309 0.322 0.333 0.343 0.347 0.345 0.342 0.344 0.338 0.327 0.331 0.331 0.329 0.34 0.35 0.352 0.35 0.352 0.356 0.356 0.36 0.365 0.349 0.323 0.324 0.319 0.309 0.3 0.294 -9999 -9999 -9999 -9999 -9999 -9999 -9999 -9999 -9999 -9999 -9999 -9999 -9999 -9999 -9999 -9999 -9999 -9999 -9999 -9999 -9999 -9999 -9999 -9999 -9999 -9999
-9999 -9999 0.157 0.165 -9999 -9999 0.198 0.227 0.239 0.242 -9999 -9999 -9999 -9999 -9999 0.296 0.307 0.319 0.309 0.295 0.297 0.299 0.311 0.324 0.335 0.345 0.345 0.343 0.346 0.347 0.338 0.327 0.328 0.328 0.338 0.35 0.353 0.355 0.357 0.359 0.361 0.362 0.367 0.372 0.353 0.328 0.325 0.319 0.31 0.3 0.295 0.295 0.297 -9999 -9999 -9999 -9999 -9999 -9999 -9999 -9999 -9999 -9999 -9999 -9999 -9999 -9999 -9999 -9999 -9999 -9999 -9999 -9999 -9999 -9999 -9999 -9999
-9999 -9999 0.158 0.197 -9999 -9999 0.201 0.213 0.221 -9999 -9999 -9999 -9999 -9999 -9999 0.302 0.313 0.32 0.313 0.306 0.307 0.299 0.316 0.343 0.35 0.347 0.347 0.347 0.351 0.357 0.351 0.345 0.343 0.333 0.346 0.365 0.362 0.344 0.348 0.358 0.36 0.362 0.365 0.363 0.348 0.337 0.337 0.343 0.333 0.322 0.305 0.29 0.308 -9999 -9999 -9999 -9999 -9999 -9999 -9999 -9999 -9999 -9999 -9999 -9999 -9999 -9999 -9999 -9999 -9999 -9999 -9999 -9999 -9999 -9999 -9999 -9999
-9999 -9999 0.187 0.209 -9999 -9999 -9999 0.205 0.21 0.217 -9999 -9999 -9999 -9999 -9999 0.304 0.313 0.321 0.318 0.312 0.307 0.3 0.324 0.351 0.352 0.349 0.35 0.349 0.355 0.361 0.357 0.352 0.345 0.336 0.352 0.371 0.358 0.341 0.349 0.358 0.36 0.362 0.361 0.36 0.352 0.341 0.347 0.356 0.347 0.334 0.318 0.296 0.313 -9999 -9999 -9999 -9999 -9999 -9999 -9999 -9999 -9999 -9999 -9999 -9999 -9999 -9999 -9999 -9999 -9999 -9999 -9999 -9999 -9999 -9999 -9999 -9999
-9999 0.154 0.181 0.209 -9999 -9999 -9999 -9999 -9999 -9999 -9999 -9999 -9999 -9999 -9999 0.316 0.322 0.316 0.32 0.333 0.327 0.313 0.332 0.342 0.338 0.323 0.331 0.355 0.36 0.363 0.358 0.348 0.342 0.337 0.349 0.355 0.348 0.352 0.362 0.375 0.375 0.37 0.365 0.35 0.34 0.325 0.336 0.356 0.347 0.334 0.337 0.328 0.318 0.328 -9999 -9999 -9999 -9999 -9999 -9999 -9999 -9999 -9999 -9999 -9999 -9999 -9999 -9999 -9999 -9999 -9999 -9999 -9999 -9999 -9999 -9999 -9999
0.152 0.16 0.18 0.208 -9999 -9999 -9999 -9999 -9999 -9999 -9999 -9999 -9999 0.268 0.295 0.32 0.319 0.315 0.328 0.342 0.333 0.32 0.33 0.34 0.33 0.314 0.335 0.358 0.361 0.364 0.356 0.347 0.344 0.339 0.344 0.349 0.353 0.357 0.368 0.381 0.378 0.373 0.361 0.346 0.335 0.323 0.34 0.359 0.35 0.337 0.34 0.342 0.333 0.342 -9999 -9999 -9999 -9999 -9999 -9999 -9999 -9999 -9999 -9999 -9999 -9999 -9999 -9999 -9999 -9999 -9999 -9999 -9999 -9999 -9999 -9999 -9999
0.155 0.162 0.182 -9999 -9999 -9999 -9999 -9999 -9999 -9999 -9999 -9999 -9999 0.264 0.287 0.316 0.321 0.331 0.341 0.341 0.338 0.343 0.354 0.363 0.356 0.348 0.365 0.373 0.37 0.353 0.353 0.365 0.366 0.37 0.371 0.357 0.357 0.351 0.364 0.383 0.379 0.37 0.361 0.354 0.349 0.347 0.359 0.36 0.351 0.338 0.348 0.355 0.365 0.329 -9999 -9999 -9999 -9999 -9999 -9999 -9999 -9999 -9999 -9999 -9999 -9999 -9999 -9999 -9999 -9999 -9999 -9999 -9999 -9999 -9999 -9999 -9999
-9999 -9999 -9999 -9999 -9999 -9999 -9999 -9999 -9999 -9999 -9999 -9999 -9999 0.261 0.284 0.313 0.325 0.336 0.34 0.341 0.348 0.354 0.363 0.372 0.369 0.362 0.372 0.38 0.366 0.35 0.361 0.373 0.378 0.383 0.373 0.36 0.355 0.349 0.365 0.384 0.377 0.369 0.364 0.359 0.36 0.359 0.362 0.363 0.354 0.342 0.351 0.362 0.372 0.351 -9999 -9999 -9999 -9999 -9999 -9999 -9999 -9999 -9999 -9999 -9999 -9999 -9999 -9999 -9999 -9999 -9999 -9999 -9999 -9999 -9999 -9999 -9999
-9999 -9999 -9999 -9999 -9999 -9999 -9999 -9999 -9999 -9999 -9999 -9999 0.242 0.254 0.277 0.298 0.312 0.332 0.339 0.348 0.355 0.357 0.363 0.364 0.365 0.374 0.377 0.367 0.357 0.353 0.359 0.359 0.362 0.362 0.358 0.366 0.363 0.361 0.371 0.373 0.367 0.362 0.359 0.357 0.36 0.365 0.365 0.358 0.354 0.345 0.353 0.363 0.368 0.378 -9999 -9999 -9999 -9999 -9999 -9999 -9999 -9999 -9999 -9999 -9999 -9999 -9999 -9999 -9999 -9999 -9999 -9999 -9999 -9999 -9999 -9999 -9999
-9999 -9999 -9999 -9999 -9999 -9999 -9999 -9999 -9999 -9999 -9999 -9999 0.237 0.253 0.272 0.291 0.31 0.329 0.339 0.348 0.354 0.357 0.361 0.362 0.371 0.379 0.373 0.362 0.359 0.355 0.355 0.355 0.355 0.354 0.361 0.369 0.368 0.366 0.368 0.369 0.366 0.361 0.36 0.358 0.364 0.369 0.365 0.358 0.354 0.348 0.356 0.365 0.369 0.371 -9999 -9999 -9999 -9999 -9999 -9999 -9999 -9999 -9999 -9999 -9999 -9999 -9999 -9999 -9999 -9999 -9999 -9999 -9999 -9999 -9999 -9999 -9999
-9999 -9999 -9999 -9999 -9999 -9999 -9999 -9999 -9999 -9999 -9999 0.221 0.235 0.263 0.279 0.289 0.308 0.329 0.343 0.364 0.367 0.363 0.371 0.384 0.394 0.399 0.395 0.387 0.386 0.383 0.379 0.363 0.364 0.365 0.369 0.365 0.368 0.379 0.377 0.368 0.366 0.369 0.368 0.363 0.367 0.367 0.366 0.369 0.366 0.361 0.368 0.376 0.383 0.381 0.379 -9999 -9999 -9999 -9999 -9999 -9999 -9999 -9999 -9999 -9999 -9999 -9999 -9999 -9999 -9999 -9999 -9999 -9999 -9999 -9999 -9999 -9999
-9999 -9999 -9999 -9999 -9999 -9999 -9999 -9999 -9999 -9999 0.21 0.218 0.24 0.265 0.277 0.287 0.307 0.328 0.347 0.368 0.367 0.364 0.377 0.391 0.4 0.406 0.404 0.398 0.397 0.394 0.382 0.368 0.369 0.371 0.368 0.364 0.373 0.384 0.377 0.368 0.37 0.374 0.372 0.367 0.368 0.368 0.372 0.375 0.372 0.366 0.373 0.379 0.385 0.391 0.384 -9999 -9999 -9999 -9999 -9999 -9999 -9999 -9999 -9999 -9999 -9999 -9999 -9999 -9999 -9999 -9999 -9999 -9999 -9999 -9999 -9999 -9999
-9999 -9999 -9999 -9999 -9999 -9999 -9999 -9999 -9999 -9999 0.212 0.226 0.247 0.262 0.276 0.291 0.304 0.304 0.326 0.359 0.362 0.368 0.378 0.382 0.39 0.397 0.401 0.412 0.414 0.419 0.407 0.387 0.384 0.371 0.367 0.36 0.371 0.39 0.384 0.377 0.384 0.394 0.392 0.386 0.389 0.39 0.389 0.377 0.377 0.374 0.372 0.374 0.378 0.382 0.39 -9999 -9999 -9999 -9999 -9999 -9999 -9999 -9999 -9999 -9999 -9999 -9999 -9999 -9999 -9999 -9999 -9999 -9999 -9999 -9999 -9999 -9999
-9999 -9999 -9999 -9999 -9999 -9999 -9999 -9999 -9999 0.21 0.221 0.229 0.244 0.26 0.276 0.292 0.294 0.294 0.323 0.354 0.362 0.369 0.374 0.377 0.386 0.392 0.404 0.415 0.421 0.426 0.412 0.394 0.385 0.372 0.367 0.36 0.375 0.394 0.388 0.383 0.393 0.403 0.4 0.394 0.396 0.398 0.389 0.377 0.376 0.375 0.374 0.371 0.374 0.378 0.385 0.383 -9999 -9999 -9999 -9999 -9999 -9999 -9999 -9999 -9999 -9999 -9999 -9999 -9999 -9999 -9999 -9999 -9999 -9999 -9999 -9999 -9999
-9999 -9999 -9999 -9999 -9999 -9999 -9999 -9999 0.205 -9999 0.227 0.243 0.255 0.256 0.274 0.294 0.302 0.315 0.335 0.338 0.346 0.357 0.367 0.386 0.393 0.393 0.401 0.405 0.408 0.406 0.396 0.398 0.39 0.387 0.383 0.382 0.391 0.388 0.385 0.385 0.393 0.4 0.398 0.398 0.402 0.408 0.397 0.377 0.378 0.377 0.376 0.373 0.355 0.345 0.357 0.386 -9999 -9999 -9999 -9999 -9999 -9999 -9999 -9999 -9999 -9999 -9999 -9999 -9999 -9999 -9999 -9999 -9999 -9999 -9999 -9999 -9999
