Validation/Results/ReClimate_04_2024_2.asc
NCOLS 192
NROWS 249
XLLCENTER -225160.85627316462
YLLCENTER 29788.11610251502
CELLSIZE 5000.0
NODATA_VALUE -9999
[rows 198 to 230 of 249, columns 74 to 147 of 192]
-9999 -9999 -9999 -9999 -9999 -9999 -9999 -9999 -9999 -9999 -9999 -9999 -9999 -9999 -9999 -9999 -9999 -9999 97.356 97.441 97.515 97.581 97.642 97.698 97.752 97.803 97.851 97.896 97.933 97.966 98.0 98.036 98.078 98.115 98.148 98.182 98.209 98.233 98.254 98.272 98.285 98.288 98.291 98.297 98.303 98.312 98.326 98.32 98.27 98.215 98.144 98.053 97.956 97.855 97.748 97.638 97.524 97.404 97.274 97.137 96.993 96.831 96.67 96.513 96.352 96.193 96.026 95.846 95.651 95.488 95.366 95.292 95.23 95.199
-9999 -9999 -9999 -9999 -9999 -9999 -9999 -9999 -9999 -9999 -9999 -9999 -9999 -9999 -9999 97.039 97.066 97.14 97.232 97.315 97.389 97.457 97.519 97.577 97.632 97.682 97.724 97.757 97.789 97.821 97.853 97.886 97.918 97.942 97.963 97.983 98.007 98.031 98.053 98.074 98.089 98.101 98.104 98.105 98.105 98.109 98.104 98.061 97.998 97.932 97.854 97.766 97.67 97.568 97.462 97.351 97.237 97.119 96.997 96.864 96.731 96.596 96.447 96.299 96.146 95.986 95.816 95.634 95.453 95.329 95.263 95.208 95.157 95.131
-9999 -9999 -9999 -9999 -9999 -9999 -9999 -9999 -9999 -9999 -9999 -9999 -9999 97.001 96.975 96.955 96.958 96.997 97.094 97.181 97.259 97.33 97.395 97.454 97.507 97.547 97.581 97.614 97.646 97.678 97.709 97.74 97.768 97.785 97.798 97.814 97.83 97.844 97.857 97.877 97.896 97.91 97.92 97.922 97.921 97.916 97.881 97.803 97.723 97.642 97.555 97.465 97.371 97.272 97.167 97.056 96.942 96.83 96.723 96.614 96.498 96.377 96.24 96.093 95.94 95.778 95.614 95.447 95.322 95.238 95.192 95.148 95.102 95.072
-9999 -9999 -9999 -9999 -9999 -9999 -9999 -9999 -9999 97.048 97.004 96.974 96.944 96.912 96.894 96.878 96.863 96.89 96.949 97.043 97.125 97.2 97.267 97.325 97.366 97.403 97.439 97.472 97.504 97.536 97.567 97.597 97.622 97.637 97.65 97.662 97.674 97.685 97.696 97.706 97.716 97.725 97.733 97.737 97.724 97.694 97.628 97.547 97.464 97.379 97.291 97.193 97.093 96.989 96.887 96.783 96.679 96.578 96.476 96.374 96.269 96.161 96.039 95.905 95.765 95.616 95.458 95.325 95.232 95.183 95.139 95.094 95.047 95.011
-9999 -9999 -9999 -9999 -9999 -9999 -9999 -9999 97.01 96.956 96.917 96.881 96.851 96.828 96.813 96.801 96.789 96.789 96.823 96.897 96.986 97.064 97.129 97.176 97.219 97.259 97.295 97.33 97.364 97.396 97.427 97.457 97.48 97.493 97.506 97.518 97.531 97.542 97.552 97.559 97.564 97.566 97.563 97.545 97.521 97.476 97.4 97.32 97.24 97.157 97.071 96.982 96.886 96.787 96.686 96.586 96.487 96.391 96.293 96.192 96.088 95.981 95.869 95.744 95.61 95.47 95.332 95.236 95.175 95.131 95.084 95.036 94.987 94.947
-9999 -9999 -9999 -9999 -9999 -9999 -9999 96.973 96.914 96.865 96.824 96.791 96.763 96.742 96.731 96.722 96.714 96.705 96.717 96.755 96.839 96.917 96.974 97.025 97.072 97.115 97.154 97.191 97.225 97.258 97.289 97.318 97.339 97.353 97.366 97.379 97.391 97.404 97.414 97.419 97.416 97.407 97.386 97.366 97.341 97.289 97.212 97.134 97.056 96.976 96.893 96.805 96.713 96.619 96.522 96.424 96.328 96.233 96.136 96.036 95.933 95.826 95.713 95.594 95.464 95.325 95.229 95.164 95.122 95.075 95.025 94.975 94.924 94.883
-9999 -9999 -9999 -9999 -9999 96.931 -9999 96.879 96.824 96.779 96.742 96.711 96.684 96.666 96.656 96.65 96.644 96.638 96.632 96.651 96.686 96.757 96.821 96.877 96.927 96.973 97.014 97.052 97.088 97.121 97.152 97.181 97.201 97.215 97.229 97.242 97.255 97.266 97.269 97.267 97.259 97.239 97.219 97.2 97.172 97.114 97.044 96.968 96.891 96.812 96.73 96.645 96.554 96.461 96.365 96.271 96.178 96.084 95.988 95.888 95.785 95.677 95.563 95.443 95.317 95.22 95.146 95.103 95.059 95.012 94.964 94.914 94.863 94.82
-9999 -9999 -9999 -9999 -9999 -9999 -9999 -9999 -9999 96.696 96.663 96.635 96.611 96.594 96.587 96.584 96.58 96.577 96.573 96.565 96.572 96.598 96.667 96.728 96.782 96.83 96.874 96.914 96.95 96.984 97.016 97.044 97.065 97.08 97.094 97.107 97.116 97.118 97.119 97.112 97.095 97.078 97.06 97.042 97.008 96.947 96.881 96.809 96.733 96.655 96.574 96.49 96.402 96.31 96.216 96.125 96.035 95.942 95.847 95.748 95.644 95.536 95.422 95.299 95.204 95.134 95.086 95.04 94.993 94.946 94.899 94.852 94.802 94.759
-9999 -9999 -9999 -9999 -9999 -9999 -9999 -9999 -9999 96.615 96.586 96.561 96.538 96.524 96.519 96.519 96.518 96.517 96.512 96.494 96.476 96.485 96.511 96.576 96.634 96.686 96.732 96.774 96.812 96.847 96.88 96.909 96.929 96.945 96.959 96.966 96.968 96.97 96.965 96.951 96.937 96.922 96.905 96.885 96.844 96.784 96.722 96.655 96.581 96.504 96.424 96.341 96.254 96.163 96.073 95.985 95.897 95.806 95.711 95.613 95.51 95.402 95.287 95.195 95.123 95.075 95.032 94.985 94.936 94.888 94.841 94.794 94.747 94.708
-9999 -9999 -9999 -9999 -9999 -9999 -9999 96.612 96.566 96.535 96.509 -9999 96.466 96.453 96.45 96.453 96.455 96.454 -9999 96.423 96.406 96.392 96.402 96.425 96.484 96.54 96.589 96.633 96.674 96.71 96.744 96.773 96.794 96.809 96.815 96.819 96.822 96.819 96.807 96.795 96.782 96.768 96.752 96.728 96.682 96.624 96.566 96.502 96.432 96.356 96.277 96.195 96.11 96.021 95.934 95.849 95.763 95.673 95.579 95.482 95.379 95.271 95.189 95.12 95.068 95.024 94.98 94.935 94.885 94.837 94.79 94.743 94.696 94.661
-9999 -9999 -9999 -9999 -9999 -9999 -9999 96.521 -9999 -9999 -9999 96.412 96.394 96.382 -9999 -9999 -9999 -9999 -9999 96.355 96.339 96.326 96.314 96.324 96.343 96.39 96.443 96.491 96.533 96.571 96.606 96.636 96.657 96.664 96.669 96.673 96.674 96.664 96.653 96.642 96.63 96.616 96.6 96.573 96.524 96.468 96.412 96.352 96.285 96.211 96.133 96.052 95.967 95.882 95.799 95.717 95.631 95.543 95.45 95.353 95.255 95.182 95.119 95.069 95.02 94.974 94.93 94.885 94.837 94.788 94.741 94.694 94.647 94.615
-9999 -9999 -9999 -9999 -9999 -9999 -9999 -9999 -9999 96.377 96.355 96.338 96.322 96.31 -9999 -9999 -9999 -9999 -9999 -9999 -9999 -9999 96.252 96.243 96.249 96.263 96.294 96.345 96.39 96.431 96.467 96.496 96.51 96.517 96.523 96.526 96.52 96.511 96.502 96.492 96.481 96.467 96.45 96.42 96.369 96.315 96.26 96.202 96.138 96.067 95.99 95.91 95.827 95.746 95.667 95.586 95.502 95.414 95.322 95.24 95.177 95.118 95.073 95.025 94.974 94.927 94.882 94.837 94.79 94.742 94.694 94.646 94.599 94.569
-9999 -9999 -9999 -9999 -9999 -9999 -9999 -9999 -9999 -9999 96.269 -9999 -9999 -9999 -9999 -9999 -9999 -9999 -9999 -9999 96.206 96.198 96.19 96.183 96.176 96.176 96.187 96.205 96.244 96.287 96.324 96.348 96.361 96.369 96.375 96.374 96.368 96.361 96.354 96.344 96.333 96.319 96.301 -9999 96.218 96.166 96.111 96.053 95.991 95.923 95.847 95.768 95.689 95.612 95.535 95.455 95.372 95.287 95.223 95.17 95.121 95.077 95.03 94.981 94.929 94.881 94.836 94.79 94.743 94.696 94.647 94.599 94.553 94.526
-9999 -9999 -9999 -9999 -9999 -9999 -9999 -9999 -9999 -9999 -9999 -9999 -9999 -9999 -9999 -9999 -9999 -9999 -9999 -9999 96.139 96.133 96.128 96.123 -9999 -9999 -9999 96.116 96.126 96.142 96.173 96.196 96.211 96.221 96.225 96.221 96.217 96.213 96.206 96.197 96.186 96.171 -9999 96.118 96.07 96.019 95.965 95.907 95.846 95.779 95.704 95.626 95.553 95.478 95.402 95.323 95.262 95.211 95.161 95.123 95.081 95.035 94.988 94.938 94.886 94.837 94.792 94.745 94.697 94.651 94.602 94.552 94.509 94.489
-9999 -9999 -9999 -9999 -9999 -9999 -9999 -9999 -9999 -9999 -9999 -9999 -9999 -9999 -9999 -9999 -9999 -9999 -9999 -9999 -9999 -9999 -9999 -9999 -9999 -9999 -9999 96.051 96.048 96.052 96.049 96.049 96.06 96.071 96.072 96.07 96.068 96.065 96.059 96.05 -9999 -9999 96.003 95.969 95.923 95.873 95.82 95.763 95.702 95.636 95.564 95.492 95.419 95.348 95.291 95.244 95.196 95.16 95.123 95.083 95.039 94.994 94.946 94.897 94.844 94.795 94.749 94.701 94.654 94.607 94.559 94.512 94.476 94.463
-9999 -9999 -9999 -9999 -9999 -9999 -9999 -9999 -9999 -9999 -9999 -9999 -9999 -9999 -9999 -9999 -9999 -9999 -9999 -9999 -9999 -9999 -9999 -9999 -9999 -9999 -9999 95.998 95.993 95.98 95.966 95.959 95.952 95.938 95.922 95.919 95.927 -9999 -9999 -9999 -9999 -9999 95.853 95.822 95.776 95.728 95.675 95.619 95.559 95.494 95.427 95.367 95.328 95.279 95.232 95.194 95.158 95.122 95.084 95.043 94.998 94.953 94.905 94.856 94.803 94.754 94.709 94.664 94.619 94.574 94.528 94.481 94.449 94.444
-9999 -9999 -9999 -9999 -9999 -9999 -9999 -9999 -9999 -9999 -9999 -9999 -9999 -9999 -9999 -9999 -9999 -9999 -9999 -9999 -9999 -9999 -9999 -9999 -9999 -9999 -9999 -9999 -9999 95.921 95.907 95.895 95.879 95.855 95.835 95.827 -9999 -9999 -9999 -9999 95.737 95.72 95.702 95.673 95.629 95.581 95.533 95.487 95.439 95.393 95.352 95.316 95.279 95.241 95.203 95.164 95.127 95.091 95.051 95.008 94.964 94.919 94.872 94.823 94.772 94.723 94.679 94.635 94.591 94.548 94.504 94.463 94.437 94.433
-9999 -9999 -9999 -9999 -9999 -9999 -9999 -9999 -9999 -9999 -9999 -9999 -9999 -9999 -9999 -9999 -9999 -9999 -9999 -9999 -9999 -9999 -9999 -9999 -9999 -9999 -9999 -9999 -9999 -9999 95.849 95.837 95.821 95.798 95.774 -9999 -9999 -9999 -9999 95.683 95.646 95.625 95.609 95.582 95.541 95.499 95.46 95.419 95.38 95.35 95.318 95.284 95.248 95.212 95.175 95.138 95.1 95.061 95.02 94.978 94.935 94.89 94.844 94.795 94.744 94.697 94.654 94.61 94.567 94.525 94.482 94.449 94.432 94.43
-9999 -9999 -9999 -9999 -9999 -9999 -9999 -9999 -9999 -9999 -9999 -9999 -9999 -9999 -9999 -9999 -9999 -9999 -9999 -9999 -9999 -9999 -9999 -9999 -9999 -9999 -9999 -9999 -9999 -9999 -9999 -9999 -9999 -9999 -9999 -9999 -9999 -9999 95.642 95.606 95.583 95.566 95.552 95.526 95.488 95.449 95.411 95.374 95.345 95.316 95.286 95.254 95.219 95.183 95.148 95.111 95.073 95.032 94.99 94.949 94.906 94.862 94.816 94.768 94.718 94.671 94.63 94.586 94.544 94.503 94.462 94.438 94.429 94.427
-9999 -9999 -9999 -9999 -9999 -9999 -9999 -9999 -9999 -9999 -9999 -9999 -9999 -9999 -9999 -9999 -9999 -9999 -9999 -9999 -9999 -9999 -9999 -9999 -9999 -9999 -9999 -9999 -9999 -9999 -9999 -9999 -9999 -9999 -9999 -9999 -9999 95.592 95.57 95.547 95.528 95.513 95.498 95.474 95.438 95.401 95.367 95.339 95.311 95.283 95.254 95.223 95.189 95.155 95.121 95.086 95.047 95.005 94.961 94.919 94.878 94.834 94.789 94.742 94.692 94.647 94.606 94.563 94.521 94.481 94.449 94.43 94.426 94.424
-9999 -9999 -9999 -9999 -9999 -9999 -9999 -9999 -9999 -9999 -9999 -9999 -9999 -9999 -9999 -9999 -9999 -9999 -9999 -9999 -9999 -9999 -9999 -9999 -9999 -9999 -9999 -9999 -9999 -9999 -9999 -9999 -9999 -9999 -9999 -9999 -9999 95.531 95.509 95.489 95.475 95.46 95.445 95.422 95.39 95.358 95.331 95.304 95.277 95.25 95.222 95.193 95.161 95.127 95.094 95.059 95.02 94.978 94.935 94.891 94.849 94.807 94.762 94.715 94.667 94.622 94.582 94.539 94.497 94.459 94.435 94.426 94.422 94.419
-9999 -9999 -9999 -9999 -9999 -9999 -9999 -9999 -9999 -9999 -9999 -9999 -9999 -9999 -9999 -9999 -9999 -9999 -9999 -9999 -9999 -9999 -9999 -9999 95.579 95.594 95.608 95.61 -9999 95.603 -9999 -9999 -9999 -9999 -9999 -9999 -9999 -9999 95.45 95.436 95.421 95.406 95.391 95.372 95.35 95.323 95.297 95.271 95.245 95.218 95.192 95.163 95.132 95.1 95.067 95.032 94.994 94.952 94.91 94.867 94.822 94.779 94.734 94.687 94.641 94.598 94.557 94.515 94.473 94.443 94.426 94.422 94.418 94.414
-9999 -9999 -9999 -9999 -9999 -9999 -9999 -9999 -9999 -9999 -9999 -9999 -9999 -9999 -9999 -9999 -9999 -9999 -9999 -9999 -9999 95.403 95.436 95.473 95.509 95.532 95.544 95.545 95.543 95.539 95.531 95.519 -9999 -9999 95.469 95.449 95.428 95.409 95.395 95.381 95.366 95.352 95.343 95.333 95.315 95.289 95.264 95.238 95.213 95.187 95.161 95.134 95.104 95.072 95.041 95.006 94.967 94.927 94.886 94.844 94.799 94.753 94.707 94.659 94.614 94.573 94.532 94.49 94.451 94.429 94.421 94.416 94.412 94.408
-9999 -9999 -9999 -9999 -9999 -9999 -9999 -9999 -9999 -9999 -9999 -9999 -9999 -9999 -9999 -9999 -9999 -9999 -9999 -9999 95.281 95.311 95.34 95.383 95.421 95.448 95.463 95.471 95.471 95.468 95.461 95.449 95.435 95.42 95.402 95.384 95.366 95.354 95.34 95.327 95.317 95.309 95.302 95.295 95.28 95.255 95.231 95.207 95.182 95.157 95.131 95.104 95.075 95.045 95.013 94.979 94.94 94.901 94.862 94.82 94.777 94.731 94.682 94.631 94.587 94.547 94.506 94.463 94.434 94.42 94.415 94.41 94.406 94.401
-9999 -9999 -9999 -9999 -9999 -9999 -9999 -9999 -9999 -9999 -9999 -9999 -9999 -9999 -9999 -9999 -9999 -9999 -9999 -9999 95.188 95.202 95.235 95.283 95.324 95.352 95.373 95.386 95.393 95.391 95.385 95.374 95.361 95.347 95.332 95.319 95.31 95.301 95.292 95.285 95.277 95.269 95.261 95.256 95.243 95.223 95.199 95.175 95.151 95.127 95.102 95.075 95.047 95.017 94.986 94.951 94.914 94.876 94.837 94.797 94.754 94.709 94.66 94.609 94.561 94.52 94.478 94.445 94.421 94.413 94.408 94.403 94.398 94.393
-9999 -9999 -9999 -9999 -9999 -9999 -9999 -9999 -9999 -9999 -9999 -9999 -9999 -9999 -9999 -9999 -9999 -9999 -9999 -9999 95.077 95.093 95.127 95.178 95.22 95.25 95.274 95.293 95.304 95.308 95.303 95.294 95.283 95.274 95.272 95.269 95.265 95.26 95.254 95.246 95.237 95.228 95.22 95.215 95.207 95.191 95.168 95.145 95.121 95.097 95.072 95.046 95.018 94.989 94.958 94.923 94.887 94.851 94.813 94.774 94.732 94.686 94.637 94.588 94.542 94.497 94.458 94.431 94.415 94.406 94.4 94.395 94.39 94.384
-9999 -9999 -9999 -9999 -9999 -9999 -9999 -9999 -9999 -9999 -9999 -9999 -9999 -9999 -9999 -9999 94.909 94.925 -9999 94.955 94.967 94.985 95.032 95.083 95.124 95.154 95.179 95.201 95.218 95.228 95.228 95.225 95.224 95.227 95.229 95.229 95.226 95.222 95.216 95.208 95.199 95.189 95.181 95.177 95.173 95.161 95.139 95.115 95.092 95.067 95.043 95.017 94.989 94.96 94.929 94.895 94.86 94.825 94.789 94.75 94.709 94.663 94.613 94.566 94.522 94.481 94.451 94.428 94.412 94.399 94.392 94.386 94.38 94.373
-9999 -9999 -9999 -9999 -9999 -9999 -9999 -9999 -9999 -9999 -9999 -9999 -9999 -9999 -9999 -9999 94.832 94.851 94.867 94.881 94.894 94.915 94.945 94.992 95.035 95.066 95.094 95.118 95.139 95.154 95.166 95.175 95.182 95.186 95.188 95.189 95.187 95.183 95.178 95.171 95.163 95.154 95.147 95.143 95.14 95.129 95.11 95.086 95.062 95.038 95.013 94.987 94.959 94.93 94.899 94.865 94.832 94.798 94.764 94.727 94.685 94.639 94.59 94.543 94.504 94.474 94.451 94.434 94.415 94.399 94.387 94.378 94.369 94.361
-9999 -9999 -9999 -9999 -9999 -9999 -9999 -9999 -9999 -9999 -9999 -9999 -9999 -9999 -9999 94.731 94.758 94.781 94.801 94.819 94.835 94.85 94.873 94.902 94.941 94.976 95.006 95.035 95.064 95.092 95.115 95.129 95.138 95.143 95.147 95.148 95.147 95.144 95.14 95.134 95.127 95.12 95.114 95.109 95.105 95.097 95.082 95.058 95.033 95.008 94.983 94.956 94.927 94.899 94.868 94.835 94.802 94.77 94.737 94.702 94.66 94.611 94.564 94.524 94.496 94.473 94.456 94.438 94.42 94.402 94.388 94.377 94.367 94.356
-9999 -9999 -9999 -9999 -9999 -9999 -9999 -9999 -9999 -9999 -9999 -9999 -9999 -9999 -9999 -9999 94.679 94.707 94.731 94.752 94.771 94.788 94.804 94.825 94.848 94.882 94.925 94.964 95.001 95.034 95.061 95.082 95.092 95.099 95.103 95.105 95.106 95.104 95.101 95.096 95.091 95.085 95.08 95.075 95.07 95.064 95.05 95.029 95.004 94.978 94.952 94.923 94.894 94.865 94.834 94.802 94.771 94.739 94.706 94.671 -9999 94.582 94.542 94.515 94.494 94.477 94.459 94.442 94.424 94.405 94.389 94.378 94.367 94.355
-9999 -9999 -9999 -9999 -9999 -9999 -9999 -9999 -9999 -9999 -9999 -9999 -9999 -9999 -9999 94.575 94.592 94.625 94.655 94.682 94.708 94.732 94.755 94.775 94.797 94.821 94.852 94.896 94.935 94.97 95.003 95.027 95.042 95.051 95.057 95.061 95.063 95.062 95.06 95.057 95.053 95.048 95.043 95.038 95.033 95.027 95.017 95.0 94.974 94.947 94.92 94.89 94.86 94.829 94.799 94.768 94.736 94.704 94.671 94.633 94.591 -9999 94.532 -9999 94.496 -9999 94.462 -9999 94.427 94.409 94.391 94.377 94.366 94.354
-9999 -9999 -9999 -9999 -9999 -9999 -9999 -9999 -9999 -9999 -9999 -9999 -9999 -9999 -9999 94.494 94.539 94.576 94.61 94.642 94.671 94.699 94.726 94.75 94.766 94.78 94.802 94.826 94.863 94.901 94.937 94.968 94.989 95.0 95.008 95.014 95.017 95.018 95.017 95.015 95.012 95.008 95.004 94.999 94.993 94.987 94.98 94.965 94.943 94.915 94.887 94.856 94.824 94.792 94.761 94.731 94.699 94.666 94.63 94.594 94.566 -9999 -9999 94.513 94.498 -9999 -9999 94.448 94.43 94.412 -9999 -9999 -9999 -9999
-9999 -9999 -9999 -9999 -9999 -9999 -9999 -9999 -9999 -9999 -9999 -9999 -9999 -9999 94.402 94.454 94.499 94.539 94.576 94.61 94.641 94.671 94.699 94.723 94.741 94.753 94.764 94.782 94.801 94.824 94.864 94.901 94.928 94.944 94.954 94.962 94.967 94.97 94.97 94.97 94.967 94.964 94.96 94.956 94.951 94.944 94.937 94.926 94.909 94.882 94.853 94.821 94.789 94.757 94.725 94.692 94.659 94.624 -9999 -9999 -9999 94.539 -9999 -9999 -9999 -9999 -9999 -9999 94.428 -9999 -9999 -9999 -9999 -9999
