Validation/Results/ReClimate_11_2023_2_Temperature-Actuals.asc
NCOLS 192
NROWS 249
XLLCENTER -225160.85627316462
YLLCENTER 29788.11610251502
CELLSIZE 5000.0
NODATA_VALUE -9999
[rows 204 to 237 of 249, columns 77 to 153 of 192]
-9999 -9999 7.813 -9999 7.287 6.896 6.586 6.251 6.128 5.922 5.914 5.866 5.65 5.507 5.236 5.704 5.612 5.668 5.857 6.088 6.043 6.049 5.526 5.044 3.989 3.445 4.725 4.606 4.699 4.244 4.676 5.514 5.018 3.946 5.245 5.444 5.344 5.369 5.832 6.165 6.013 5.748 5.817 6.107 6.261 6.388 6.289 5.991 5.393 5.072 4.958 5.118 5.222 5.335 5.261 5.002 5.083 5.235 5.385 5.453 5.469 5.42 5.278 5.277 5.349 5.348 5.418 5.432 5.354 5.394 5.32 5.351 5.524 5.514 5.439 5.332 5.317
-9999 -9999 -9999 -9999 -9999 -9999 6.548 6.659 6.453 6.253 6.182 6.029 5.85 5.636 5.895 5.871 5.944 5.977 5.896 6.067 5.852 5.725 5.023 4.322 3.594 3.851 3.802 4.116 3.525 3.659 5.006 4.984 4.951 5.861 5.252 5.368 5.785 6.001 6.196 5.88 5.615 5.316 5.734 6.185 6.299 6.365 6.28 5.682 5.011 4.894 4.9 5.144 5.121 5.247 5.168 5.262 5.323 5.498 5.632 5.668 5.587 5.477 5.415 5.405 5.496 5.541 5.454 5.331 5.188 5.215 5.379 5.36 5.491 5.449 5.523 5.609 5.556
-9999 -9999 -9999 -9999 -9999 -9999 6.861 6.702 6.552 6.48 6.059 5.812 5.648 5.906 6.064 6.104 6.195 5.814 5.692 5.93 6.037 5.94 5.333 5.109 4.971 4.773 4.52 4.33 3.835 4.148 3.839 4.406 5.098 4.965 4.677 5.823 5.998 6.119 5.74 5.691 5.229 5.502 5.842 6.264 6.276 6.082 5.36 4.955 4.983 5.108 5.017 5.091 5.159 5.221 5.362 5.293 5.56 5.743 5.885 5.878 5.674 5.489 5.391 5.44 5.58 5.598 5.457 5.127 5.162 5.2 5.23 5.433 5.53 5.627 5.699 5.855 5.724
-9999 -9999 -9999 -9999 7.51 7.251 7.023 6.793 -9999 6.556 6.401 6.249 6.477 6.551 6.58 -9999 6.266 5.955 6.019 5.703 6.149 5.393 5.4 5.224 5.06 5.05 5.306 4.911 4.608 4.454 4.336 4.542 4.954 4.219 5.048 5.85 5.79 6.036 5.937 5.488 5.581 5.804 6.099 6.213 6.074 5.424 5.327 5.048 5.107 5.054 5.225 5.277 5.277 5.377 5.525 5.583 5.71 5.747 5.966 5.919 5.803 5.655 5.587 5.542 5.543 5.454 5.215 5.106 5.05 5.269 5.342 5.458 5.573 5.586 5.631 5.906 5.84
-9999 -9999 -9999 -9999 7.486 -9999 -9999 -9999 6.851 6.806 6.728 -9999 -9999 -9999 -9999 -9999 6.454 6.246 5.857 6.421 6.132 5.957 5.853 5.62 5.759 5.832 4.45 4.383 5.139 5.1 4.985 4.836 4.465 4.597 5.607 5.687 5.996 5.98 5.42 5.774 5.875 6.265 6.27 6.258 5.882 5.442 5.433 5.184 5.283 5.382 5.399 5.47 5.553 5.574 5.658 5.707 5.764 5.729 5.801 5.927 5.709 5.685 5.605 5.552 5.37 5.294 5.195 5.059 5.128 5.402 5.565 5.609 5.582 5.567 5.679 5.876 5.9
-9999 -9999 -9999 -9999 -9999 -9999 7.298 7.09 6.974 7.147 7.036 -9999 -9999 -9999 -9999 -9999 -9999 -9999 -9999 6.702 6.571 6.574 6.73 6.383 6.053 4.824 4.379 4.353 4.541 4.877 4.957 4.968 5.048 5.039 5.353 5.943 6.008 5.248 5.652 5.839 6.524 6.476 6.396 6.325 5.609 5.485 5.346 5.342 5.44 5.556 5.608 5.641 5.648 5.679 5.608 5.663 5.738 5.791 5.779 5.855 5.722 5.6 5.391 5.283 5.399 5.204 5.158 5.224 5.327 5.498 5.678 5.579 5.609 5.789 6.052 6.188 5.913
-9999 -9999 -9999 -9999 -9999 -9999 -9999 7.183 -9999 -9999 -9999 -9999 -9999 -9999 -9999 -9999 -9999 6.708 6.69 6.605 6.612 7.028 7.152 6.884 6.098 5.41 4.681 4.432 4.79 5.481 5.3 4.956 5.094 5.307 5.95 6.224 5.909 5.728 6.043 6.476 -9999 6.483 6.351 5.97 5.291 5.253 5.419 5.502 5.622 5.642 5.714 5.673 5.666 5.639 5.714 5.739 5.816 5.816 5.83 5.746 5.621 5.438 5.167 5.155 5.221 5.502 5.404 5.407 5.581 5.671 5.803 5.841 5.751 5.988 6.342 6.509 6.372
-9999 -9999 -9999 -9999 -9999 -9999 -9999 -9999 -9999 -9999 -9999 -9999 -9999 -9999 -9999 -9999 -9999 6.98 6.875 7.018 7.03 -9999 -9999 -9999 6.644 5.593 5.592 5.299 5.627 5.568 5.107 5.227 5.753 5.986 6.175 6.442 6.339 6.487 6.627 -9999 6.533 6.191 6.106 5.578 5.228 5.485 5.577 5.691 5.675 5.626 5.693 5.712 5.674 5.652 5.56 5.624 5.699 5.651 5.727 5.783 5.584 5.198 5.198 5.221 5.44 5.673 5.751 5.633 5.777 5.935 6.01 6.119 6.136 5.949 6.354 6.665 6.61
-9999 -9999 -9999 -9999 -9999 -9999 -9999 -9999 -9999 -9999 -9999 -9999 -9999 -9999 -9999 -9999 -9999 -9999 -9999 -9999 -9999 -9999 -9999 -9999 7.176 6.509 5.889 5.892 5.998 5.888 5.704 5.908 6.172 6.374 6.588 6.765 6.873 -9999 -9999 6.788 6.418 6.13 5.967 5.556 5.398 5.56 5.638 5.764 5.821 5.643 5.672 5.694 5.479 5.278 5.21 5.158 5.122 5.332 5.448 5.568 5.569 5.386 5.293 5.503 5.517 5.725 5.949 5.902 5.931 6.001 6.143 6.29 6.386 6.523 6.615 6.839 6.765
-9999 -9999 -9999 -9999 -9999 -9999 -9999 -9999 -9999 -9999 -9999 -9999 -9999 -9999 -9999 -9999 -9999 -9999 -9999 -9999 -9999 -9999 -9999 -9999 7.011 6.69 6.473 6.344 6.005 5.875 6.058 6.295 6.585 6.75 -9999 -9999 -9999 -9999 -9999 6.724 6.326 6.156 6.011 5.619 5.452 5.577 5.608 5.783 5.844 5.654 5.417 5.445 5.201 5.031 4.941 5.029 5.055 5.114 5.406 5.435 5.652 5.756 5.631 5.826 5.831 5.886 6.034 6.086 6.164 6.229 6.276 6.31 6.447 6.653 6.861 6.924 6.68
-9999 -9999 -9999 -9999 -9999 -9999 -9999 -9999 -9999 -9999 -9999 -9999 -9999 -9999 -9999 -9999 -9999 -9999 -9999 -9999 -9999 -9999 -9999 -9999 -9999 -9999 6.73 6.2 5.882 6.017 6.145 6.513 6.816 -9999 -9999 -9999 -9999 6.796 6.506 6.346 6.539 6.398 6.106 5.538 5.473 5.494 5.598 5.782 5.773 5.461 5.179 5.116 5.193 5.059 5.072 5.055 5.304 5.372 5.447 5.64 5.677 5.9 6.063 6.012 5.996 5.978 5.993 5.982 6.148 6.336 6.426 6.499 6.435 6.541 6.654 6.736 6.583
-9999 -9999 -9999 -9999 -9999 -9999 -9999 -9999 -9999 -9999 -9999 -9999 -9999 -9999 -9999 -9999 -9999 -9999 -9999 -9999 -9999 -9999 -9999 -9999 -9999 -9999 -9999 6.589 6.286 6.336 6.509 6.792 -9999 -9999 -9999 -9999 6.764 6.561 6.284 6.221 6.255 6.3 6.152 5.866 5.865 5.56 5.653 5.722 5.464 5.317 5.25 5.09 5.217 5.265 5.325 5.392 5.486 5.61 5.585 5.583 5.721 5.883 5.929 5.955 5.858 5.906 5.961 5.964 6.042 6.282 6.394 6.458 6.526 6.517 6.482 6.364 6.299
-9999 -9999 -9999 -9999 -9999 -9999 -9999 -9999 -9999 -9999 -9999 -9999 -9999 -9999 -9999 -9999 -9999 -9999 -9999 -9999 -9999 -9999 -9999 -9999 -9999 -9999 -9999 -9999 -9999 -9999 -9999 -9999 -9999 -9999 -9999 6.58 6.631 6.474 6.208 6.042 6.274 6.21 5.973 6.043 5.824 5.67 5.882 5.75 5.53 5.366 5.317 5.314 5.213 5.264 5.327 5.206 5.375 5.46 5.52 5.528 5.563 5.76 5.847 5.805 5.746 5.707 5.857 5.993 6.081 6.184 6.271 6.228 6.282 6.292 6.276 5.974 5.751
-9999 -9999 -9999 -9999 -9999 -9999 -9999 -9999 -9999 -9999 -9999 -9999 -9999 -9999 -9999 -9999 -9999 -9999 -9999 -9999 -9999 -9999 -9999 -9999 -9999 -9999 -9999 -9999 -9999 -9999 -9999 -9999 -9999 -9999 6.687 6.578 6.285 6.141 5.364 5.83 6.182 5.985 5.906 5.863 5.678 5.812 5.873 5.863 5.676 5.493 5.483 5.209 5.095 4.958 5.112 5.224 4.96 5.189 5.348 5.501 5.619 5.733 5.814 5.798 5.769 5.778 5.781 5.916 6.044 6.102 6.066 5.944 5.73 5.842 5.818 5.656 5.288
-9999 -9999 -9999 -9999 -9999 -9999 -9999 -9999 -9999 -9999 -9999 -9999 -9999 -9999 -9999 -9999 -9999 -9999 -9999 -9999 -9999 -9999 -9999 -9999 -9999 -9999 -9999 -9999 -9999 -9999 -9999 -9999 -9999 -9999 6.771 6.599 6.587 6.125 5.746 5.533 5.623 5.727 5.802 5.65 5.81 5.796 5.813 5.545 5.312 5.272 5.387 5.365 5.218 5.228 5.118 5.217 5.288 5.236 5.369 5.464 5.607 5.764 5.824 5.827 5.753 5.736 5.82 5.887 5.939 5.88 5.603 5.516 5.441 5.463 5.659 5.582 5.332
-9999 -9999 -9999 -9999 -9999 -9999 -9999 -9999 -9999 -9999 -9999 -9999 -9999 -9999 -9999 -9999 -9999 -9999 -9999 -9999 -9999 5.388 5.129 4.721 5.057 -9999 5.622 -9999 -9999 -9999 -9999 -9999 -9999 -9999 -9999 6.802 6.672 6.448 6.203 5.922 5.553 5.454 5.534 5.795 5.798 5.767 5.497 5.3 5.429 5.41 5.493 5.453 5.39 5.489 5.59 5.614 5.523 5.56 5.469 5.374 5.297 5.478 5.68 5.686 5.631 5.659 5.65 5.736 5.873 5.771 5.488 5.386 5.551 5.517 5.625 5.706 5.661
-9999 -9999 -9999 -9999 -9999 -9999 -9999 -9999 -9999 -9999 -9999 -9999 -9999 -9999 -9999 -9999 -9999 -9999 6.605 6.296 5.796 5.233 4.617 4.432 4.73 4.89 5.397 6.172 6.789 -9999 -9999 6.631 6.937 7.008 6.989 6.815 6.677 6.68 6.54 6.269 5.898 5.569 5.662 5.832 5.768 5.387 5.566 5.72 5.541 5.616 5.686 5.658 5.572 5.6 5.706 5.747 5.831 5.758 5.61 5.44 5.414 5.306 5.348 5.55 5.618 5.688 5.826 5.698 5.807 5.423 5.313 5.396 5.547 5.637 5.676 5.81 5.709
-9999 -9999 -9999 -9999 -9999 -9999 -9999 -9999 -9999 -9999 -9999 -9999 -9999 -9999 -9999 -9999 -9999 6.532 6.595 6.345 5.99 5.334 4.507 4.301 4.555 4.797 5.14 5.489 6.153 6.576 6.47 6.376 6.324 6.743 6.78 6.775 6.618 6.478 6.591 6.394 5.929 5.855 5.886 5.754 5.281 5.599 5.526 5.622 5.715 5.757 5.819 5.756 5.57 5.668 5.694 5.77 5.76 5.805 5.68 5.53 5.348 5.213 5.385 5.567 5.662 5.409 5.575 5.827 5.798 5.842 5.477 5.557 5.586 5.61 5.626 5.626 5.738
-9999 -9999 -9999 -9999 -9999 -9999 -9999 -9999 -9999 -9999 -9999 -9999 -9999 -9999 -9999 -9999 -9999 6.521 6.749 6.799 6.362 5.505 5.085 4.868 4.649 4.943 5.249 5.551 5.448 5.525 5.903 6.072 6.188 6.123 6.56 6.741 6.607 6.611 6.413 6.237 6.28 6.233 6.033 5.642 5.639 5.615 5.492 5.706 5.768 5.819 5.814 5.745 5.57 5.536 5.829 5.881 5.899 5.93 5.878 5.763 5.613 5.34 5.268 5.617 5.699 5.565 5.43 5.732 5.987 6.071 6.039 5.9 5.605 5.517 5.54 5.505 5.375
-9999 -9999 -9999 -9999 -9999 -9999 -9999 -9999 -9999 -9999 -9999 -9999 -9999 -9999 -9999 -9999 -9999 6.849 7.053 6.729 6.51 6.016 5.988 5.643 5.605 5.579 5.607 5.584 5.265 5.5 6.111 6.292 6.317 6.495 6.72 6.795 6.724 6.481 6.268 6.317 6.287 6.173 5.899 5.897 5.828 5.758 5.707 5.742 5.621 5.638 5.805 5.947 5.88 5.871 5.957 5.925 5.958 6.074 5.855 5.755 5.785 5.502 5.22 5.578 5.824 5.735 5.723 5.898 6.138 6.315 6.217 5.974 5.778 5.71 5.755 5.742 5.664
-9999 -9999 -9999 -9999 -9999 -9999 -9999 -9999 -9999 -9999 -9999 -9999 -9999 6.959 6.486 -9999 6.727 7.059 6.664 6.447 6.491 6.56 6.365 6.21 5.836 5.592 5.622 5.744 5.77 6.008 6.311 6.554 6.56 6.52 6.56 6.675 6.745 6.551 6.428 6.314 6.213 5.904 6.07 6.027 5.877 5.616 5.492 5.585 5.452 5.509 5.739 6.007 6.035 6.05 6.084 6.212 6.154 6.215 6.084 5.733 5.858 5.795 5.745 5.791 6.034 5.986 5.892 5.972 6.211 6.412 6.435 6.252 6.104 6.049 6.041 5.99 6.028
-9999 -9999 -9999 -9999 -9999 -9999 -9999 -9999 -9999 -9999 -9999 -9999 -9999 6.702 6.233 6.411 6.592 6.589 6.403 6.569 6.321 6.222 6.255 5.861 5.776 5.636 5.581 5.791 5.817 6.011 6.312 6.073 5.853 6.061 6.398 6.723 6.778 6.571 6.374 6.184 6.073 5.967 6.125 5.979 6.001 5.874 5.677 5.559 5.639 5.675 5.87 5.964 6.018 6.072 6.325 6.387 6.436 6.482 6.353 6.042 5.951 5.896 5.747 5.787 5.57 5.76 5.94 6.025 6.24 6.382 6.346 6.276 6.228 6.245 6.199 6.188 6.154
-9999 -9999 -9999 -9999 -9999 -9999 -9999 -9999 -9999 -9999 -9999 -9999 7.057 6.593 6.309 6.239 6.268 6.349 6.431 6.407 6.293 6.344 6.288 6.029 5.93 5.681 5.706 5.893 6.229 6.436 6.185 5.696 5.763 5.86 6.095 6.606 6.625 6.553 6.479 6.286 6.163 6.076 6.092 6.133 6.208 6.088 5.777 5.92 5.91 5.966 5.988 6.028 6.012 6.005 6.352 6.721 6.84 6.695 6.665 6.387 6.265 6.244 6.128 6.009 5.724 5.512 5.636 5.462 5.9 5.78 5.781 6.11 6.248 5.887 5.774 5.845 6.155
-9999 -9999 -9999 -9999 -9999 -9999 -9999 -9999 -9999 -9999 -9999 -9999 -9999 6.913 6.448 6.328 6.432 6.471 6.526 6.506 6.465 6.41 6.348 6.225 6.077 6.12 6.123 6.319 6.381 6.501 5.978 5.682 5.742 5.6 5.972 6.333 6.331 6.397 6.424 6.321 6.132 6.117 6.099 6.087 6.044 5.886 6.142 6.012 6.053 6.083 6.097 6.067 6.029 6.126 6.325 6.716 6.971 -9999 6.76 6.662 6.4 6.434 6.438 6.34 6.177 5.985 6.0 5.921 5.921 6.054 5.777 5.885 6.221 6.24 5.821 5.695 6.049
-9999 -9999 -9999 -9999 -9999 -9999 -9999 -9999 -9999 -9999 -9999 -9999 7.159 7.054 6.596 6.47 6.461 6.403 6.481 6.512 6.438 6.365 6.22 6.267 6.426 6.48 6.461 6.524 6.612 6.397 6.17 6.161 6.016 5.773 6.226 6.404 6.005 6.21 6.183 5.733 5.845 5.719 5.662 5.791 5.812 5.955 6.121 6.249 6.215 6.229 6.172 6.146 6.101 6.166 6.361 6.625 6.943 7.085 -9999 6.956 -9999 6.877 -9999 6.599 -9999 6.421 6.417 6.459 6.472 6.521 6.446 6.552 -9999 -9999 -9999 6.451 6.28
-9999 -9999 -9999 -9999 -9999 -9999 -9999 -9999 -9999 -9999 -9999 -9999 7.172 6.818 6.477 6.462 6.416 6.326 6.122 6.2 6.058 6.069 6.15 6.359 6.573 6.666 6.757 6.778 6.71 6.576 6.36 6.279 6.032 6.25 6.64 6.169 6.249 6.615 6.236 6.027 5.872 5.648 5.797 6.04 6.05 6.204 6.312 6.286 6.432 6.44 6.359 6.356 6.331 6.357 6.523 6.652 6.929 7.112 -9999 -9999 7.247 7.291 -9999 -9999 6.838 6.821 6.805 -9999 -9999 -9999 -9999 -9999 -9999 -9999 -9999 -9999 -9999
-9999 -9999 -9999 -9999 -9999 -9999 -9999 -9999 -9999 -9999 -9999 6.868 6.777 6.58 6.473 6.678 6.713 6.376 6.171 5.865 5.428 5.416 5.842 6.13 6.327 6.51 6.779 6.849 6.728 6.635 6.478 6.19 6.195 6.497 6.532 6.693 7.215 7.013 6.606 6.205 5.868 6.065 6.309 6.291 6.43 6.456 6.502 6.635 6.763 6.683 6.7 6.765 6.86 6.779 6.822 -9999 -9999 -9999 7.084 -9999 -9999 -9999 -9999 -9999 -9999 6.936 -9999 -9999 -9999 -9999 -9999 -9999 -9999 -9999 -9999 -9999 -9999
-9999 -9999 -9999 -9999 -9999 -9999 -9999 -9999 -9999 -9999 6.972 6.243 6.143 6.347 6.756 6.874 6.801 6.551 6.166 5.357 4.537 4.809 5.748 5.941 5.931 6.568 6.57 6.928 6.949 6.756 6.955 7.11 7.238 -9999 -9999 -9999 -9999 -9999 7.241 6.716 6.3 6.329 6.479 6.643 6.745 6.806 6.789 6.872 -9999 6.932 -9999 -9999 -9999 -9999 -9999 6.997 6.93 6.79 6.695 6.838 7.308 -9999 -9999 -9999 -9999 -9999 -9999 -9999 -9999 -9999 -9999 -9999 -9999 -9999 -9999 -9999 -9999
-9999 -9999 -9999 -9999 -9999 -9999 -9999 -9999 -9999 7.461 6.437 5.776 5.864 6.313 6.555 6.765 6.858 6.382 5.825 4.852 4.306 4.666 5.247 5.586 6.245 6.238 6.862 7.088 7.173 7.393 -9999 -9999 -9999 -9999 -9999 -9999 -9999 -9999 -9999 -9999 7.184 7.033 7.062 6.87 6.786 6.736 6.853 6.626 6.997 -9999 -9999 -9999 -9999 -9999 -9999 -9999 7.122 6.793 6.804 6.906 -9999 -9999 -9999 -9999 -9999 -9999 -9999 -9999 -9999 -9999 -9999 -9999 -9999 -9999 -9999 -9999 -9999
-9999 -9999 -9999 -9999 -9999 -9999 -9999 7.589 7.627 7.081 6.306 5.789 5.64 5.817 6.335 6.836 6.603 6.184 5.688 5.024 4.5 4.93 5.375 5.842 6.017 7.046 6.844 7.024 -9999 -9999 -9999 -9999 -9999 -9999 -9999 -9999 -9999 -9999 -9999 -9999 -9999 7.757 -9999 -9999 -9999 -9999 -9999 7.189 7.047 -9999 -9999 -9999 -9999 -9999 -9999 -9999 -9999 -9999 6.986 6.984 -9999 -9999 -9999 -9999 -9999 -9999 -9999 -9999 -9999 -9999 -9999 -9999 -9999 -9999 -9999 -9999 -9999
-9999 -9999 -9999 -9999 -9999 -9999 7.636 -9999 7.245 7.001 6.412 5.883 5.675 5.781 6.292 6.478 6.312 6.538 6.287 5.433 5.031 5.258 5.929 6.22 6.717 7.185 7.377 7.771 -9999 -9999 -9999 -9999 -9999 -9999 -9999 -9999 -9999 -9999 -9999 -9999 -9999 -9999 7.711 -9999 -9999 -9999 -9999 -9999 -9999 -9999 -9999 -9999 -9999 -9999 -9999 -9999 -9999 -9999 -9999 -9999 -9999 -9999 -9999 -9999 -9999 -9999 -9999 -9999 -9999 -9999 -9999 -9999 -9999 -9999 -9999 -9999 -9999
-9999 -9999 -9999 -9999 -9999 7.83 7.62 6.925 7.041 7.006 6.571 6.342 6.125 6.153 6.417 6.357 6.513 -9999 6.52 5.807 5.269 4.993 5.632 6.643 7.03 7.409 7.668 -9999 -9999 -9999 -9999 -9999 -9999 -9999 -9999 -9999 -9999 -9999 -9999 -9999 -9999 -9999 -9999 -9999 -9999 -9999 -9999 -9999 -9999 -9999 -9999 -9999 -9999 -9999 -9999 -9999 -9999 -9999 -9999 -9999 -9999 -9999 -9999 -9999 -9999 -9999 -9999 -9999 -9999 -9999 -9999 -9999 -9999 -9999 -9999 -9999 -9999
-9999 -9999 -9999 -9999 -9999 7.814 7.264 6.87 6.748 6.745 6.641 6.552 6.36 6.587 6.774 6.816 7.196 7.085 6.831 6.268 5.383 5.237 6.119 6.675 7.282 7.462 7.41 -9999 -9999 -9999 -9999 -9999 -9999 -9999 -9999 -9999 -9999 -9999 -9999 -9999 -9999 -9999 -9999 -9999 -9999 -9999 -9999 -9999 -9999 -9999 -9999 -9999 -9999 -9999 -9999 -9999 -9999 -9999 -9999 -9999 -9999 -9999 -9999 -9999 -9999 -9999 -9999 -9999 -9999 -9999 -9999 -9999 -9999 -9999 -9999 -9999 -9999
-9999 -9999 -9999 -9999 7.957 7.546 7.073 6.625 6.492 6.709 6.813 6.833 6.863 7.022 6.873 7.251 7.462 7.343 6.97 6.629 6.153 6.109 6.495 6.997 7.203 7.139 -9999 -9999 -9999 -9999 -9999 -9999 -9999 -9999 -9999 -9999 -9999 -9999 -9999 -9999 -9999 -9999 -9999 -9999 -9999 -9999 -9999 -9999 -9999 -9999 -9999 -9999 -9999 -9999 -9999 -9999 -9999 -9999 -9999 -9999 -9999 -9999 -9999 -9999 -9999 -9999 -9999 -9999 -9999 -9999 -9999 -9999 -9999 -9999 -9999 -9999 -9999
