Validation/Results/ReClimate_09_2024_1_Temperature-Actuals.asc
NCOLS 192
NROWS 249
XLLCENTER -225160.85627316462
YLLCENTER 29788.11610251502
CELLSIZE 5000.0
NODATA_VALUE -9999
[rows 136 to 169 of 249, columns 77 to 153 of 192]
-9999 -9999 -9999 -9999 -9999 -9999 -9999 -9999 10.381 -9999 9.944 9.565 9.606 9.628 9.86 10.013 10.058 9.947 9.007 9.2 9.209 9.273 9.824 9.875 9.967 10.091 9.606 9.487 -9999 -9999 -9999 -9999 -9999 -9999 10.511 10.626 10.589 10.351 10.216 10.024 9.462 9.136 9.371 9.435 9.492 9.898 9.602 9.455 9.888 10.091 10.231 10.205 10.613 10.815 10.881 10.939 11.291 -9999 -9999 -9999 -9999 -9999 -9999 -9999 -9999 -9999 -9999 -9999 -9999 -9999 -9999 -9999 -9999 -9999 -9999 -9999 -9999
-9999 -9999 -9999 -9999 -9999 -9999 -9999 -9999 10.266 10.216 10.237 10.319 10.079 9.974 9.966 10.026 10.338 10.129 9.793 9.185 9.235 9.378 9.845 9.792 9.822 10.222 9.889 10.376 -9999 -9999 -9999 -9999 10.546 10.469 10.512 10.632 10.695 10.602 10.363 9.62 8.845 8.851 9.06 8.769 9.463 9.359 9.107 9.635 9.561 9.752 10.167 10.255 10.052 10.482 10.738 10.785 11.343 -9999 -9999 -9999 -9999 -9999 -9999 -9999 -9999 -9999 -9999 -9999 -9999 -9999 -9999 -9999 -9999 -9999 -9999 -9999 -9999
10.932 -9999 -9999 -9999 -9999 -9999 -9999 -9999 10.286 10.525 10.451 -9999 -9999 10.357 10.161 10.192 10.311 -9999 10.521 10.313 10.089 9.92 10.03 9.788 10.249 10.614 -9999 -9999 -9999 -9999 -9999 10.768 10.611 10.497 10.514 10.515 10.524 10.522 10.116 9.404 8.364 8.14 8.643 8.41 8.988 8.501 8.72 9.044 8.995 9.588 9.61 9.784 9.981 10.305 10.566 10.656 11.132 -9999 -9999 -9999 -9999 -9999 -9999 -9999 -9999 -9999 -9999 -9999 -9999 -9999 -9999 -9999 -9999 -9999 -9999 -9999 -9999
10.586 -9999 -9999 -9999 -9999 -9999 -9999 -9999 -9999 10.658 10.835 -9999 -9999 -9999 10.662 10.307 10.365 10.615 -9999 -9999 10.682 10.54 10.489 10.198 10.351 -9999 -9999 -9999 -9999 -9999 10.603 10.586 10.459 10.434 10.379 10.297 10.349 10.085 9.876 9.547 8.524 8.277 7.621 8.261 7.864 7.737 8.11 8.441 8.435 8.85 9.494 9.72 9.837 10.285 10.576 10.483 10.693 -9999 -9999 -9999 -9999 -9999 -9999 -9999 -9999 -9999 -9999 -9999 -9999 -9999 -9999 -9999 -9999 -9999 -9999 -9999 -9999
-9999 -9999 -9999 -9999 -9999 -9999 -9999 -9999 -9999 -9999 10.886 -9999 -9999 -9999 -9999 10.665 10.311 10.496 -9999 -9999 -9999 10.895 11.108 -9999 -9999 -9999 -9999 -9999 -9999 -9999 10.639 10.535 10.325 10.054 9.799 9.883 9.975 9.916 10.061 9.73 9.013 7.988 7.861 7.896 7.182 7.414 7.793 8.317 8.205 8.408 9.104 9.723 10.182 10.377 10.48 10.334 10.466 -9999 -9999 -9999 -9999 -9999 -9999 -9999 -9999 -9999 -9999 -9999 -9999 -9999 -9999 -9999 -9999 -9999 -9999 -9999 -9999
-9999 -9999 -9999 -9999 -9999 -9999 -9999 -9999 -9999 -9999 10.62 -9999 -9999 -9999 -9999 -9999 10.743 10.693 -9999 -9999 -9999 -9999 -9999 -9999 -9999 -9999 -9999 -9999 -9999 -9999 10.618 10.105 9.753 9.509 9.311 9.481 9.644 9.831 9.944 9.746 9.262 8.132 7.099 6.627 7.025 7.48 8.54 8.762 8.816 9.064 9.214 9.344 9.958 10.379 10.34 10.192 10.323 10.825 -9999 -9999 -9999 -9999 -9999 -9999 -9999 -9999 -9999 -9999 -9999 -9999 -9999 -9999 -9999 -9999 -9999 -9999 -9999
10.825 10.939 11.233 -9999 -9999 -9999 -9999 -9999 -9999 -9999 10.597 -9999 -9999 -9999 -9999 -9999 -9999 -9999 -9999 -9999 -9999 -9999 -9999 -9999 -9999 -9999 -9999 -9999 -9999 10.699 10.309 10.069 10.021 9.659 8.749 9.225 9.327 9.367 9.729 9.681 9.796 8.326 6.787 6.417 7.378 7.884 7.378 7.402 8.088 8.571 9.485 9.626 9.733 9.972 10.104 10.212 10.261 10.694 11.318 -9999 -9999 -9999 -9999 -9999 -9999 -9999 -9999 -9999 -9999 -9999 -9999 -9999 -9999 -9999 -9999 -9999 -9999
10.641 10.86 11.06 -9999 -9999 -9999 -9999 -9999 -9999 -9999 -9999 -9999 -9999 -9999 -9999 -9999 -9999 -9999 -9999 -9999 -9999 -9999 -9999 -9999 -9999 -9999 -9999 -9999 10.586 10.522 10.227 10.077 9.87 9.395 7.628 8.278 9.348 9.547 9.669 10.045 9.796 9.122 7.736 6.731 7.341 7.463 7.706 8.021 7.958 8.236 8.816 9.636 9.831 10.046 10.143 10.24 10.398 10.808 11.301 -9999 -9999 -9999 -9999 -9999 -9999 -9999 -9999 -9999 -9999 -9999 -9999 -9999 -9999 -9999 -9999 -9999 -9999
10.777 -9999 11.14 11.346 -9999 -9999 -9999 -9999 -9999 -9999 -9999 -9999 -9999 -9999 -9999 -9999 -9999 -9999 -9999 -9999 -9999 -9999 -9999 -9999 -9999 -9999 -9999 -9999 10.366 10.309 10.231 9.118 8.784 9.015 9.237 8.99 8.853 9.304 9.526 9.709 9.919 9.768 8.822 8.205 7.179 7.704 8.09 8.314 8.452 8.78 9.14 9.508 9.674 9.998 10.161 10.335 10.462 10.822 11.293 11.543 11.603 -9999 -9999 -9999 -9999 -9999 -9999 -9999 -9999 -9999 -9999 -9999 -9999 -9999 -9999 -9999 -9999
10.789 -9999 -9999 11.288 -9999 -9999 -9999 -9999 -9999 -9999 -9999 -9999 -9999 -9999 -9999 -9999 -9999 -9999 -9999 -9999 -9999 -9999 -9999 -9999 -9999 -9999 -9999 -9999 10.549 10.371 9.659 8.607 9.747 9.72 8.855 8.388 9.086 9.04 8.802 9.613 9.493 9.907 9.934 9.055 8.482 8.023 8.268 8.51 8.965 9.217 9.603 9.902 10.147 10.2 10.417 10.39 10.595 10.831 11.1 10.836 10.853 10.861 11.11 10.593 -9999 -9999 -9999 -9999 -9999 -9999 -9999 -9999 -9999 -9999 -9999 -9999 -9999
10.728 11.004 -9999 11.237 -9999 -9999 -9999 -9999 -9999 -9999 -9999 -9999 -9999 -9999 -9999 -9999 -9999 -9999 -9999 -9999 -9999 -9999 -9999 -9999 -9999 -9999 -9999 11.388 10.649 10.135 8.986 8.264 8.065 8.752 8.997 8.971 8.677 8.172 9.176 8.526 9.197 9.638 9.83 9.649 9.412 8.893 8.279 8.503 8.956 9.33 9.632 9.947 10.207 10.471 10.543 10.6 10.71 10.859 10.909 10.736 9.91 9.819 9.874 9.975 10.446 10.225 -9999 -9999 -9999 -9999 -9999 -9999 -9999 -9999 -9999 -9999 -9999
10.766 -9999 10.984 -9999 -9999 -9999 -9999 -9999 -9999 -9999 -9999 -9999 -9999 -9999 -9999 -9999 -9999 -9999 -9999 -9999 -9999 -9999 -9999 -9999 -9999 -9999 -9999 -9999 11.261 10.359 8.931 8.497 8.763 7.295 8.076 8.951 8.47 9.014 7.984 8.28 9.118 9.442 9.429 9.533 9.205 7.602 7.893 8.015 8.015 8.385 9.208 9.588 9.985 10.391 10.583 10.643 10.745 10.908 10.953 10.775 10.148 9.761 9.907 9.889 9.835 10.069 10.153 -9999 -9999 -9999 -9999 -9999 -9999 -9999 -9999 -9999 -9999
10.844 10.86 10.89 -9999 -9999 -9999 -9999 -9999 -9999 -9999 -9999 -9999 -9999 -9999 -9999 -9999 -9999 -9999 -9999 -9999 -9999 -9999 -9999 -9999 -9999 -9999 -9999 -9999 -9999 10.942 10.223 10.081 8.587 8.475 8.823 9.668 9.929 8.689 8.703 9.113 9.251 8.922 8.956 9.258 8.293 7.917 7.692 7.165 7.627 8.324 8.637 9.35 9.827 10.341 10.567 10.621 10.739 10.88 10.25 9.991 9.43 8.828 9.062 9.365 9.848 9.775 10.001 10.595 -9999 -9999 -9999 -9999 -9999 -9999 -9999 -9999 -9999
11.002 10.852 -9999 -9999 -9999 -9999 -9999 -9999 -9999 -9999 -9999 -9999 -9999 -9999 -9999 -9999 -9999 -9999 -9999 -9999 -9999 -9999 -9999 -9999 -9999 -9999 -9999 -9999 -9999 11.551 11.08 10.464 9.597 8.85 8.419 9.833 9.364 9.62 9.905 9.889 9.59 9.096 8.134 8.975 8.243 7.557 7.871 8.59 8.784 8.778 8.987 9.262 9.97 10.447 10.602 10.649 10.527 10.191 9.866 9.437 9.584 9.371 9.226 9.118 9.277 9.603 9.735 10.27 11.238 -9999 -9999 -9999 -9999 -9999 -9999 -9999 -9999
10.928 10.994 -9999 -9999 -9999 -9999 -9999 -9999 -9999 -9999 -9999 -9999 -9999 -9999 -9999 -9999 -9999 -9999 -9999 -9999 -9999 -9999 -9999 -9999 -9999 -9999 -9999 -9999 -9999 -9999 10.773 10.067 9.665 8.912 9.718 9.603 10.037 10.238 10.264 10.091 9.819 9.279 9.331 7.997 8.343 8.466 8.231 8.557 8.666 8.604 9.351 9.564 10.105 10.444 10.652 10.687 10.411 10.023 9.83 9.641 9.514 9.55 9.534 9.431 9.417 9.535 9.867 10.149 10.913 -9999 -9999 -9999 -9999 -9999 -9999 -9999 -9999
-9999 -9999 -9999 -9999 -9999 -9999 -9999 -9999 -9999 -9999 -9999 -9999 -9999 -9999 -9999 -9999 -9999 -9999 -9999 -9999 -9999 -9999 -9999 -9999 -9999 -9999 -9999 -9999 -9999 -9999 11.462 9.76 9.961 10.492 10.069 10.334 10.339 10.601 10.464 9.952 9.969 9.965 8.125 8.708 8.46 8.337 8.061 8.737 8.871 9.118 9.325 9.769 10.052 10.48 10.673 10.72 10.541 9.899 9.552 9.711 9.908 9.914 9.902 9.783 9.776 9.645 9.631 10.163 10.485 11.357 -9999 -9999 -9999 -9999 -9999 -9999 -9999
-9999 -9999 -9999 -9999 -9999 -9999 -9999 -9999 -9999 -9999 -9999 -9999 -9999 -9999 -9999 -9999 -9999 -9999 -9999 -9999 -9999 -9999 -9999 -9999 -9999 -9999 -9999 -9999 -9999 -9999 -9999 10.976 11.135 10.701 10.423 10.588 10.539 10.813 10.543 10.228 10.327 9.531 8.573 8.094 8.116 7.732 8.072 8.033 8.348 8.873 8.952 9.367 9.944 10.404 10.625 10.547 10.413 10.284 9.549 9.561 10.202 10.566 10.417 10.366 10.348 10.385 10.326 10.507 10.86 11.058 -9999 -9999 -9999 -9999 -9999 -9999 -9999
-9999 -9999 -9999 -9999 -9999 -9999 -9999 -9999 -9999 -9999 -9999 -9999 -9999 -9999 -9999 -9999 -9999 -9999 -9999 -9999 -9999 -9999 -9999 -9999 -9999 -9999 -9999 -9999 -9999 -9999 -9999 11.503 -9999 10.722 10.934 10.754 10.839 -9999 10.815 10.48 10.366 9.64 8.532 8.46 8.413 7.893 8.147 8.122 7.498 8.291 8.651 8.947 9.397 10.107 10.453 10.437 10.384 10.432 10.465 10.247 10.591 10.837 10.7 10.547 10.563 10.647 10.755 10.798 10.517 10.476 10.822 -9999 -9999 -9999 -9999 -9999 -9999
-9999 -9999 -9999 -9999 -9999 -9999 -9999 -9999 -9999 -9999 -9999 -9999 -9999 -9999 -9999 -9999 -9999 -9999 -9999 -9999 -9999 -9999 -9999 -9999 -9999 -9999 -9999 -9999 -9999 -9999 -9999 -9999 11.506 11.028 -9999 -9999 -9999 -9999 11.098 10.78 10.71 10.123 9.647 8.716 8.54 8.305 8.18 8.928 8.494 7.894 8.62 8.826 9.397 9.897 10.365 10.557 10.61 10.65 10.682 10.65 10.563 10.704 10.569 10.513 10.652 10.688 10.549 10.541 10.651 10.493 10.54 10.8 11.273 -9999 -9999 -9999 -9999
-9999 -9999 -9999 -9999 -9999 -9999 -9999 -9999 -9999 -9999 -9999 -9999 -9999 -9999 -9999 -9999 -9999 -9999 -9999 -9999 -9999 -9999 -9999 -9999 -9999 -9999 -9999 -9999 -9999 -9999 -9999 -9999 11.659 11.458 -9999 -9999 -9999 -9999 11.266 10.733 10.852 10.398 9.643 9.802 9.604 8.781 8.716 8.872 9.003 8.012 8.555 8.832 9.169 9.716 10.354 10.686 10.783 10.841 10.817 10.799 10.741 10.652 10.619 10.612 10.684 10.615 10.431 10.236 10.265 10.437 10.701 11.013 11.392 -9999 -9999 -9999 -9999
-9999 -9999 -9999 -9999 -9999 -9999 -9999 -9999 -9999 -9999 -9999 -9999 -9999 -9999 -9999 -9999 -9999 -9999 -9999 -9999 -9999 -9999 -9999 -9999 -9999 -9999 -9999 -9999 -9999 -9999 -9999 -9999 11.708 -9999 -9999 -9999 -9999 11.525 11.138 10.72 9.969 9.547 9.54 9.579 9.65 9.117 8.673 9.198 9.17 9.05 8.572 9.035 9.303 9.722 10.154 10.623 10.731 10.83 10.886 10.923 10.957 10.917 10.897 10.69 10.315 10.34 10.346 10.395 10.451 10.599 10.844 11.217 -9999 -9999 -9999 -9999 -9999
-9999 -9999 -9999 -9999 -9999 -9999 -9999 -9999 -9999 -9999 -9999 -9999 -9999 -9999 -9999 -9999 -9999 -9999 -9999 -9999 -9999 -9999 -9999 -9999 -9999 -9999 -9999 -9999 -9999 -9999 -9999 -9999 -9999 -9999 -9999 -9999 -9999 11.499 10.906 9.887 9.001 8.591 9.043 9.648 9.615 9.786 9.672 9.795 9.607 9.351 9.081 9.097 9.497 9.791 10.048 10.43 10.673 10.805 10.948 11.085 11.149 11.087 11.002 10.889 10.211 9.849 10.369 10.583 10.805 10.883 11.043 11.249 -9999 -9999 -9999 -9999 -9999
-9999 -9999 -9999 -9999 -9999 -9999 -9999 -9999 -9999 -9999 -9999 -9999 -9999 -9999 -9999 -9999 -9999 -9999 -9999 -9999 -9999 -9999 -9999 -9999 -9999 -9999 -9999 -9999 -9999 -9999 -9999 -9999 -9999 -9999 -9999 -9999 -9999 11.369 10.869 10.061 9.173 9.062 9.504 9.661 10.029 10.027 9.999 10.034 9.926 10.023 9.508 9.468 9.554 9.779 10.021 10.379 10.733 10.855 10.991 11.216 11.253 11.169 11.055 10.973 10.628 10.089 10.312 10.726 10.951 11.092 11.149 11.248 -9999 -9999 -9999 -9999 -9999
-9999 -9999 -9999 -9999 -9999 -9999 -9999 -9999 -9999 -9999 -9999 -9999 -9999 -9999 -9999 -9999 -9999 -9999 -9999 -9999 -9999 -9999 -9999 -9999 -9999 -9999 -9999 -9999 -9999 -9999 -9999 -9999 -9999 -9999 -9999 -9999 11.461 11.323 10.872 9.894 9.254 8.932 9.514 9.576 10.362 10.113 10.109 9.796 9.776 9.596 10.2 10.143 10.319 10.275 10.492 10.487 10.69 10.85 10.903 11.025 11.244 11.171 11.076 10.975 10.912 10.54 10.51 10.833 11.088 11.21 11.233 11.272 11.418 -9999 -9999 -9999 -9999
-9999 -9999 -9999 -9999 -9999 -9999 -9999 -9999 -9999 -9999 -9999 -9999 -9999 -9999 -9999 -9999 -9999 -9999 -9999 -9999 -9999 -9999 -9999 -9999 -9999 -9999 -9999 -9999 -9999 -9999 -9999 -9999 -9999 -9999 -9999 -9999 11.321 11.331 11.021 10.458 9.685 10.268 10.141 10.644 10.105 9.709 9.736 9.383 9.518 10.001 9.766 10.218 10.271 10.285 10.38 10.62 10.658 10.789 10.901 10.984 11.077 11.095 10.985 10.939 10.946 10.919 10.684 10.843 11.132 11.276 11.303 11.301 11.421 -9999 -9999 -9999 -9999
-9999 -9999 -9999 -9999 -9999 -9999 -9999 -9999 -9999 -9999 -9999 -9999 -9999 -9999 -9999 -9999 -9999 -9999 -9999 -9999 -9999 -9999 -9999 -9999 -9999 -9999 -9999 -9999 -9999 -9999 -9999 -9999 -9999 -9999 -9999 11.381 11.278 11.336 11.377 10.874 10.762 10.605 10.819 10.672 10.051 10.016 9.701 9.326 9.485 9.84 10.618 10.339 10.729 10.672 10.584 10.503 10.681 10.771 10.858 10.97 11.021 11.016 10.951 10.92 10.957 10.992 10.888 10.748 11.036 11.353 11.449 11.362 11.381 11.521 -9999 -9999 -9999
-9999 -9999 -9999 -9999 -9999 -9999 -9999 -9999 -9999 -9999 -9999 -9999 -9999 -9999 -9999 -9999 -9999 -9999 -9999 -9999 -9999 -9999 -9999 -9999 -9999 -9999 -9999 -9999 -9999 -9999 -9999 -9999 -9999 -9999 -9999 11.374 11.255 11.337 11.337 11.186 10.998 10.899 10.693 10.395 10.523 10.314 9.644 8.683 8.968 9.354 10.072 10.639 10.553 10.88 11.029 10.878 10.691 10.832 10.935 10.985 11.045 11.044 11.021 11.019 11.073 11.142 11.028 10.856 11.106 11.54 11.692 11.617 11.434 11.445 -9999 -9999 -9999
-9999 -9999 -9999 -9999 -9999 -9999 -9999 -9999 -9999 -9999 -9999 -9999 -9999 -9999 -9999 -9999 -9999 -9999 -9999 -9999 -9999 -9999 -9999 -9999 -9999 -9999 -9999 -9999 -9999 -9999 -9999 -9999 -9999 -9999 -9999 11.433 11.326 11.367 11.433 11.37 11.196 10.818 10.547 10.405 10.084 9.552 8.811 8.747 9.033 9.333 9.904 10.451 10.447 10.495 10.95 11.227 11.161 11.067 11.114 11.104 11.093 11.129 11.131 11.14 11.204 11.265 11.325 11.216 11.338 11.723 11.878 11.781 11.575 11.393 11.432 -9999 -9999
-9999 -9999 -9999 -9999 -9999 -9999 -9999 -9999 -9999 -9999 -9999 -9999 -9999 -9999 -9999 -9999 -9999 -9999 -9999 -9999 -9999 -9999 -9999 -9999 -9999 -9999 -9999 -9999 -9999 -9999 -9999 -9999 -9999 -9999 -9999 -9999 11.344 11.369 11.425 11.345 10.857 10.347 10.09 9.944 9.917 9.692 9.19 9.332 9.355 9.834 10.637 10.809 10.794 10.582 10.931 11.223 11.2 11.179 11.245 11.208 11.171 11.209 11.238 11.245 11.276 11.328 11.338 11.423 11.489 -9999 11.825 -9999 11.615 11.492 11.423 11.634 -9999
-9999 -9999 -9999 -9999 -9999 -9999 -9999 -9999 -9999 -9999 -9999 -9999 -9999 -9999 -9999 -9999 -9999 -9999 -9999 -9999 -9999 -9999 -9999 -9999 -9999 -9999 -9999 -9999 -9999 -9999 -9999 -9999 -9999 -9999 -9999 11.46 11.366 11.377 11.414 11.207 10.559 9.735 9.647 9.884 9.536 9.443 9.604 9.317 9.045 9.506 10.234 11.082 10.94 10.937 11.143 11.239 11.162 11.175 11.224 11.278 11.25 11.267 11.282 11.292 11.306 11.169 11.215 11.339 11.262 11.309 11.521 11.592 -9999 11.616 11.619 11.5 11.746
-9999 -9999 -9999 -9999 -9999 -9999 -9999 -9999 -9999 -9999 -9999 -9999 -9999 -9999 -9999 -9999 -9999 -9999 -9999 -9999 -9999 -9999 -9999 -9999 -9999 -9999 -9999 -9999 -9999 -9999 -9999 -9999 -9999 -9999 -9999 11.482 11.407 11.428 11.306 10.93 10.524 10.003 9.814 10.118 10.063 10.124 10.266 9.715 9.283 9.607 10.198 10.568 10.601 10.737 10.931 11.063 10.988 10.993 11.16 11.268 11.334 11.33 11.315 11.291 11.309 11.313 11.114 11.231 11.249 11.039 11.177 11.396 11.537 -9999 -9999 -9999 -9999
-9999 -9999 -9999 -9999 -9999 -9999 -9999 -9999 -9999 -9999 -9999 -9999 -9999 -9999 -9999 -9999 -9999 -9999 -9999 -9999 -9999 -9999 -9999 -9999 -9999 -9999 -9999 -9999 -9999 -9999 -9999 -9999 -9999 -9999 11.562 11.604 11.481 11.277 11.086 11.068 10.879 10.365 10.608 10.712 10.752 10.841 10.665 9.992 9.098 8.883 9.527 10.029 9.993 10.438 10.891 10.984 11.11 11.025 11.143 11.296 11.375 11.376 11.355 11.317 11.312 11.321 11.273 11.182 11.22 11.0 10.946 11.143 11.375 11.525 11.622 -9999 -9999
-9999 -9999 -9999 -9999 -9999 -9999 -9999 -9999 -9999 -9999 -9999 -9999 -9999 -9999 -9999 -9999 -9999 -9999 -9999 -9999 -9999 -9999 -9999 -9999 -9999 -9999 -9999 -9999 -9999 -9999 -9999 -9999 -9999 -9999 11.705 11.636 11.523 11.371 11.126 10.928 11.118 11.051 11.094 11.122 11.18 11.218 10.988 10.435 9.743 8.697 8.409 9.286 9.533 9.953 10.605 10.747 11.141 11.272 11.151 11.271 11.39 11.398 11.375 11.345 11.331 11.331 11.257 11.228 11.247 11.233 10.826 10.928 11.16 11.365 11.525 11.661 -9999
-9999 -9999 -9999 -9999 -9999 -9999 -9999 -9999 -9999 -9999 -9999 -9999 -9999 -9999 -9999 -9999 -9999 -9999 -9999 -9999 -9999 -9999 -9999 -9999 -9999 -9999 -9999 -9999 -9999 -9999 -9999 -9999 -9999 -9999 -9999 11.681 11.558 11.461 11.183 11.28 11.282 11.313 11.374 11.435 11.633 11.641 11.38 10.946 10.123 9.207 8.322 8.183 8.969 9.604 10.23 10.737 10.785 11.079 11.08 11.148 11.327 11.367 11.382 11.382 11.363 11.308 11.227 11.197 11.253 11.222 10.94 10.82 11.034 11.162 11.338 11.528 11.537
