Validation/Results/ReClimate_10_2023_2_Precipitation-Actualsweatherlogisticsltd.asc
NCOLS 192
NROWS 249
XLLCENTER -225160.85627316462
YLLCENTER 29788.11610251502
CELLSIZE 5000.0
NODATA_VALUE -9999
[rows 165 to 197 of 249, columns 74 to 147 of 192]
-9999 -9999 -9999 -9999 -9999 -9999 -9999 -9999 -9999 -9999 -9999 -9999 -9999 -9999 -9999 -9999 -9999 -9999 -9999 -9999 -9999 -9999 -9999 -9999 -9999 -9999 -9999 -9999 -9999 -9999 -9999 -9999 -9999 -9999 -9999 -9999 -9999 -9999 104.37 106.265 109.909 124.246 124.528 139.915 164.111 181.068 188.601 192.953 183.974 188.51 183.891 182.666 170.394 137.363 105.672 94.096 82.122 74.067 68.339 64.413 60.413 60.174 59.225 57.975 56.996 57.301 58.445 58.375 61.584 61.975 64.524 68.317 67.847 64.33
-9999 -9999 -9999 -9999 -9999 -9999 -9999 -9999 -9999 -9999 -9999 -9999 -9999 -9999 -9999 -9999 -9999 -9999 -9999 -9999 -9999 -9999 -9999 -9999 -9999 -9999 -9999 -9999 -9999 -9999 -9999 -9999 -9999 -9999 -9999 -9999 -9999 -9999 102.152 105.323 108.072 114.281 122.399 138.91 156.477 168.273 171.251 164.322 165.83 159.491 165.081 177.556 168.525 150.452 124.83 98.017 82.806 78.592 72.384 68.411 66.214 61.38 59.525 57.431 56.839 56.128 55.224 57.911 58.794 63.06 63.542 63.538 66.19 65.907
-9999 -9999 -9999 -9999 -9999 -9999 -9999 -9999 -9999 -9999 -9999 -9999 -9999 -9999 -9999 -9999 -9999 -9999 -9999 -9999 -9999 -9999 -9999 -9999 -9999 -9999 -9999 -9999 -9999 -9999 -9999 -9999 -9999 -9999 -9999 -9999 -9999 98.436 99.697 103.349 111.054 112.983 115.216 128.786 145.208 145.574 144.205 140.702 140.659 137.775 152.091 175.26 187.356 171.643 148.893 128.755 97.081 75.041 71.462 68.109 67.937 64.25 58.782 56.534 53.987 54.385 55.978 57.56 60.478 61.245 63.235 64.355 65.051 64.566
-9999 -9999 -9999 -9999 -9999 -9999 -9999 -9999 -9999 -9999 -9999 -9999 -9999 -9999 -9999 -9999 -9999 -9999 -9999 -9999 -9999 -9999 -9999 -9999 -9999 -9999 -9999 -9999 -9999 -9999 -9999 -9999 -9999 -9999 -9999 -9999 -9999 96.49 96.293 103.138 106.732 107.558 115.662 118.926 123.526 121.945 120.826 123.984 120.881 125.838 139.592 159.404 188.862 204.871 181.256 149.996 121.87 91.395 76.58 68.172 62.236 63.318 60.304 56.239 55.113 54.475 55.635 56.17 60.393 62.109 61.627 62.946 65.316 63.7
-9999 -9999 -9999 -9999 -9999 -9999 -9999 -9999 -9999 -9999 -9999 -9999 -9999 -9999 -9999 -9999 -9999 -9999 -9999 -9999 -9999 -9999 -9999 -9999 -9999 -9999 -9999 -9999 -9999 -9999 -9999 -9999 -9999 -9999 -9999 -9999 -9999 -9999 97.574 99.563 100.494 106.179 105.916 106.165 103.429 102.473 105.592 104.973 106.159 109.719 122.373 140.065 163.284 197.99 204.714 176.184 138.975 109.148 84.377 74.786 64.335 63.126 62.84 59.725 55.728 56.724 56.854 56.673 58.511 62.634 61.292 60.817 64.078 64.178
-9999 -9999 -9999 -9999 -9999 -9999 -9999 -9999 -9999 -9999 -9999 -9999 -9999 -9999 -9999 -9999 -9999 -9999 117.343 120.533 -9999 -9999 -9999 -9999 -9999 -9999 -9999 -9999 -9999 -9999 -9999 -9999 -9999 -9999 -9999 -9999 -9999 91.844 88.895 93.876 99.891 102.586 100.205 95.322 92.419 92.918 94.824 97.267 98.652 104.884 118.101 141.395 156.035 184.577 187.638 176.621 155.886 113.011 89.893 72.087 70.174 70.201 66.715 60.056 57.792 54.877 58.972 58.418 58.952 59.176 60.258 59.114 61.084 64.857
-9999 -9999 -9999 -9999 -9999 -9999 -9999 -9999 -9999 -9999 -9999 -9999 -9999 -9999 -9999 -9999 -9999 -9999 124.681 130.232 128.127 -9999 -9999 -9999 -9999 -9999 -9999 -9999 -9999 -9999 -9999 -9999 -9999 -9999 -9999 -9999 82.777 82.815 84.949 91.73 99.562 94.993 92.714 89.418 85.676 88.8 93.497 95.612 95.38 100.946 110.575 125.911 157.04 185.278 188.699 158.161 140.762 120.222 91.124 77.924 66.716 71.403 68.904 61.816 56.983 55.925 57.637 60.085 58.955 58.583 58.787 58.43 59.696 62.432
-9999 -9999 -9999 -9999 -9999 -9999 -9999 -9999 -9999 -9999 -9999 -9999 -9999 -9999 -9999 -9999 -9999 110.555 119.762 134.432 132.436 130.037 -9999 -9999 -9999 -9999 -9999 -9999 -9999 -9999 -9999 -9999 -9999 85.573 -9999 -9999 79.499 84.229 84.933 87.669 87.092 -9999 89.424 85.232 89.811 93.535 92.489 89.739 92.73 96.086 103.175 126.281 135.777 163.792 161.254 139.32 129.584 111.096 101.057 84.688 71.914 68.417 67.75 63.202 60.096 61.609 60.459 58.616 57.975 56.968 58.768 60.394 58.969 61.331
-9999 -9999 -9999 -9999 -9999 -9999 -9999 -9999 -9999 -9999 -9999 -9999 -9999 -9999 -9999 -9999 -9999 104.803 119.789 130.062 133.918 132.424 125.168 127.998 -9999 -9999 -9999 133.143 109.364 -9999 96.554 92.122 86.767 95.357 87.191 -9999 -9999 80.985 82.188 -9999 -9999 84.559 83.364 83.526 87.335 88.474 86.918 89.721 91.668 100.066 112.893 145.098 149.856 151.768 140.288 134.37 128.304 111.401 90.987 83.899 76.769 75.629 68.638 64.78 58.741 59.466 63.918 60.454 58.211 57.61 58.982 59.95 58.33 59.925
-9999 -9999 -9999 -9999 -9999 -9999 -9999 -9999 -9999 -9999 -9999 -9999 -9999 -9999 -9999 -9999 -9999 -9999 114.984 124.347 133.111 133.658 132.822 -9999 -9999 190.726 189.847 144.302 129.368 121.809 115.4 96.914 96.415 88.812 89.425 96.209 -9999 79.527 77.113 78.276 80.101 82.985 85.395 86.833 87.3 86.317 86.487 86.112 97.329 103.599 119.782 152.222 162.61 151.655 136.055 115.999 118.549 106.165 91.015 81.11 77.209 74.699 69.016 64.698 62.596 60.709 61.151 59.719 57.563 59.072 60.322 60.357 57.827 58.527
-9999 -9999 -9999 -9999 -9999 -9999 -9999 -9999 -9999 -9999 -9999 -9999 -9999 -9999 -9999 -9999 -9999 -9999 113.267 122.666 125.813 129.829 148.439 186.094 221.354 260.578 215.82 175.0 148.803 133.456 127.912 111.794 95.127 94.82 106.089 99.313 95.466 81.938 73.596 75.741 76.322 79.448 81.66 76.84 85.681 87.425 81.947 86.283 92.477 101.696 126.459 151.947 168.225 155.532 144.611 121.293 108.006 105.733 96.712 86.172 81.821 77.858 69.717 68.449 64.92 61.519 61.435 57.669 57.356 58.266 61.239 61.057 58.218 58.458
-9999 -9999 -9999 -9999 -9999 -9999 -9999 -9999 -9999 -9999 -9999 -9999 -9999 -9999 -9999 -9999 -9999 -9999 -9999 128.75 132.882 153.407 208.873 253.628 313.289 316.955 271.398 214.955 181.385 159.345 150.41 126.566 119.553 110.685 100.7 111.635 93.133 81.52 78.623 75.942 74.965 76.827 74.411 79.637 79.782 77.36 81.641 82.324 85.984 101.518 123.446 139.6 146.722 137.403 134.585 129.021 109.34 105.338 100.478 89.924 86.148 81.689 75.457 70.843 67.244 63.182 61.41 58.345 57.298 55.329 58.752 60.945 57.591 56.482
-9999 -9999 -9999 -9999 -9999 -9999 -9999 -9999 -9999 -9999 -9999 -9999 -9999 -9999 -9999 -9999 -9999 -9999 -9999 -9999 -9999 186.132 249.744 334.235 409.61 371.754 292.301 224.366 184.214 194.03 175.183 164.84 139.697 120.754 105.341 103.975 106.472 98.612 84.755 75.079 72.187 73.619 76.388 77.194 75.31 75.349 78.023 78.36 81.894 98.869 118.181 121.321 135.261 136.166 130.561 127.066 113.867 105.357 100.102 88.038 84.5 85.414 79.365 73.86 67.879 63.29 62.263 57.628 56.854 56.28 56.1 60.789 57.581 55.276
-9999 -9999 -9999 -9999 -9999 -9999 -9999 -9999 -9999 -9999 -9999 -9999 -9999 -9999 -9999 -9999 -9999 -9999 -9999 -9999 172.892 227.033 292.873 394.289 453.911 373.366 283.675 226.085 204.039 198.585 176.843 164.505 155.527 123.237 115.776 127.221 117.643 103.495 84.496 77.924 74.494 75.62 77.682 78.292 78.194 79.01 77.42 79.39 89.361 100.744 102.71 109.543 123.076 126.121 126.315 116.416 112.311 110.278 96.697 87.302 83.017 82.116 79.743 72.674 70.174 63.522 60.035 57.22 56.957 55.895 60.313 60.208 57.465 54.587
-9999 -9999 -9999 -9999 -9999 -9999 -9999 -9999 -9999 -9999 -9999 -9999 -9999 -9999 -9999 -9999 -9999 -9999 -9999 156.492 230.611 243.521 309.965 365.921 357.894 371.445 315.247 263.187 255.093 229.83 189.42 163.909 146.974 130.299 141.011 143.136 126.396 109.595 88.682 76.93 73.769 77.812 76.795 77.176 78.709 76.514 77.106 85.365 89.827 91.553 100.504 106.852 116.672 126.885 114.125 109.269 99.664 99.617 95.299 81.656 80.81 79.717 76.991 72.42 66.501 65.508 58.577 56.13 56.273 55.342 56.278 59.349 55.346 55.296
-9999 -9999 -9999 -9999 -9999 -9999 -9999 -9999 -9999 -9999 -9999 -9999 -9999 -9999 -9999 -9999 -9999 -9999 135.947 179.781 187.172 225.762 246.968 250.585 275.192 291.876 277.05 284.527 282.868 261.787 229.128 182.736 145.253 148.243 142.929 124.961 120.797 105.821 89.33 78.601 72.401 77.585 76.597 78.772 78.468 78.611 83.55 86.25 89.408 94.675 99.36 105.243 101.488 107.377 106.626 97.72 93.13 90.086 88.361 81.076 74.781 75.494 72.116 67.558 63.617 60.615 56.204 54.13 55.538 55.135 54.758 57.938 54.151 54.377
-9999 -9999 -9999 -9999 -9999 -9999 -9999 -9999 -9999 -9999 -9999 -9999 -9999 -9999 -9999 -9999 129.144 128.656 132.583 149.385 160.439 162.288 181.112 179.681 210.596 239.019 268.046 286.447 301.404 243.784 197.544 169.389 158.94 173.219 162.622 145.315 121.995 105.423 93.26 77.386 75.528 79.038 80.746 78.773 78.715 80.507 83.07 88.992 85.581 91.06 99.334 101.399 99.34 96.176 88.681 86.375 84.71 83.48 80.096 77.014 73.665 68.411 65.199 60.535 59.492 57.081 54.401 53.114 56.302 56.937 57.928 59.097 56.188 52.748
-9999 -9999 -9999 -9999 -9999 -9999 -9999 -9999 -9999 -9999 -9999 -9999 -9999 -9999 -9999 132.91 132.152 129.439 131.205 -9999 -9999 -9999 -9999 180.809 223.344 273.286 278.455 290.5 254.685 232.885 229.261 205.35 205.889 223.753 191.992 152.716 125.532 110.514 89.082 79.337 79.905 79.869 76.785 77.18 77.311 78.127 79.843 82.595 83.135 87.771 91.745 91.039 91.011 87.466 82.53 81.251 77.372 73.89 70.045 68.122 68.965 66.004 60.458 60.759 59.051 57.531 57.569 58.401 59.209 60.407 60.863 60.363 58.061 53.642
-9999 -9999 -9999 -9999 -9999 -9999 -9999 -9999 -9999 -9999 -9999 -9999 -9999 -9999 -9999 133.095 134.193 123.527 -9999 -9999 -9999 -9999 -9999 183.728 235.622 286.566 266.836 278.964 276.681 276.435 277.738 248.692 230.304 215.354 157.577 130.575 122.334 101.133 87.084 81.876 79.268 77.062 78.028 77.588 77.14 75.963 77.905 79.209 81.72 80.673 83.467 82.495 82.641 83.727 82.433 78.662 74.622 70.322 69.174 68.031 64.916 63.891 58.683 58.902 63.648 61.543 64.976 66.53 65.661 64.555 63.183 58.786 55.611 54.211
-9999 -9999 -9999 -9999 -9999 -9999 -9999 -9999 -9999 -9999 -9999 -9999 -9999 -9999 -9999 -9999 -9999 118.849 -9999 -9999 -9999 -9999 -9999 182.556 233.803 234.9 249.812 274.082 278.839 312.333 295.283 240.136 231.169 190.562 152.241 129.937 110.435 96.837 82.818 80.436 76.219 75.235 72.721 71.039 72.711 71.184 75.152 79.141 77.173 76.797 78.848 80.058 79.111 77.74 79.021 76.83 73.648 74.874 73.128 69.705 65.898 64.055 72.895 64.104 62.661 64.783 64.253 66.211 67.385 66.607 62.472 61.665 57.584 54.416
-9999 -9999 -9999 -9999 -9999 -9999 -9999 -9999 -9999 -9999 -9999 -9999 -9999 -9999 -9999 -9999 -9999 -9999 -9999 -9999 -9999 -9999 -9999 176.622 197.945 203.177 251.007 273.666 314.794 316.095 300.878 264.553 212.103 170.781 142.996 113.024 101.314 84.619 78.695 75.007 76.557 71.757 69.609 68.854 67.072 67.898 72.487 74.592 74.971 76.594 76.794 83.408 78.543 73.524 73.663 74.681 71.129 72.131 73.463 71.052 71.367 72.762 69.239 69.55 59.228 59.48 62.556 63.084 64.284 66.572 62.555 58.079 57.273 54.377
-9999 -9999 -9999 -9999 -9999 -9999 -9999 -9999 -9999 -9999 -9999 -9999 -9999 -9999 -9999 -9999 -9999 -9999 -9999 -9999 -9999 -9999 -9999 -9999 195.585 263.342 309.702 319.161 308.944 289.967 263.004 215.495 181.28 148.579 119.395 116.212 99.188 81.789 79.476 78.814 74.09 70.202 68.662 68.014 66.961 65.04 75.477 76.474 75.922 74.761 75.771 81.386 79.664 74.315 71.53 69.685 68.389 69.57 70.599 70.02 76.877 79.179 71.688 64.26 61.53 60.865 63.531 67.222 66.256 65.199 62.535 58.652 55.874 53.099
-9999 -9999 -9999 -9999 -9999 -9999 -9999 -9999 -9999 -9999 -9999 -9999 -9999 -9999 -9999 -9999 -9999 -9999 -9999 -9999 -9999 -9999 -9999 177.119 216.946 287.58 323.537 310.611 268.697 250.133 226.123 214.932 180.976 139.063 123.285 113.963 95.242 101.87 83.111 77.382 75.146 77.089 75.319 73.487 75.435 77.47 76.427 73.074 73.963 72.909 75.343 78.662 76.775 71.984 70.723 67.84 65.683 64.721 67.371 67.369 70.302 74.875 68.523 63.256 62.692 64.017 66.69 69.58 68.721 65.056 61.287 58.495 55.702 52.133
-9999 -9999 -9999 -9999 -9999 -9999 -9999 -9999 -9999 -9999 -9999 -9999 -9999 -9999 -9999 -9999 -9999 -9999 -9999 -9999 -9999 -9999 -9999 163.174 210.986 283.016 281.959 247.537 223.863 221.898 229.826 211.044 168.487 133.984 120.884 104.542 100.42 91.257 87.159 84.819 86.249 81.923 74.519 72.882 75.58 77.123 73.835 72.338 74.111 75.397 78.279 79.017 77.62 75.563 72.154 68.908 65.4 64.222 65.64 67.703 70.232 72.53 65.623 61.38 62.255 68.218 67.767 69.024 69.193 64.455 61.439 56.631 52.747 52.849
-9999 -9999 -9999 -9999 -9999 -9999 -9999 -9999 -9999 -9999 -9999 -9999 -9999 -9999 -9999 -9999 -9999 -9999 -9999 -9999 -9999 -9999 -9999 147.69 191.405 212.499 232.207 220.72 223.069 229.858 228.456 194.927 165.195 133.736 115.416 97.71 95.486 95.333 95.539 103.646 105.315 91.5 84.241 78.25 78.249 77.592 71.927 72.207 72.442 74.126 78.96 79.814 80.397 80.952 75.919 69.324 69.473 67.119 67.035 68.02 66.33 66.619 64.027 62.246 63.776 66.324 68.828 65.163 62.099 60.37 60.419 60.261 52.247 48.079
-9999 -9999 -9999 -9999 -9999 -9999 -9999 -9999 -9999 -9999 -9999 -9999 -9999 -9999 -9999 -9999 -9999 -9999 -9999 -9999 -9999 -9999 -9999 -9999 153.505 205.645 237.891 267.317 279.356 243.594 210.888 166.826 129.018 120.901 111.044 105.828 109.004 92.991 99.421 105.693 106.559 94.215 81.352 75.488 83.83 80.6 73.543 73.054 72.624 76.234 80.201 78.136 76.659 77.622 74.457 69.83 70.372 71.721 68.493 67.625 65.961 62.366 62.535 63.236 63.681 64.254 64.238 63.853 61.134 58.458 60.337 58.03 54.971 50.298
-9999 -9999 -9999 -9999 -9999 -9999 -9999 -9999 -9999 -9999 -9999 -9999 -9999 -9999 -9999 -9999 -9999 -9999 -9999 -9999 -9999 -9999 -9999 -9999 165.194 203.82 253.829 316.883 329.22 273.324 211.761 150.663 127.105 126.239 126.894 131.764 113.635 102.859 91.428 101.961 100.524 90.437 85.744 90.486 89.476 84.659 80.177 78.305 75.984 77.362 79.196 81.481 79.113 76.865 74.433 69.243 70.413 72.357 69.509 68.758 69.348 67.844 66.116 66.492 64.046 62.901 64.691 64.178 63.04 60.119 61.814 60.219 55.182 54.61
-9999 -9999 -9999 -9999 -9999 -9999 -9999 -9999 -9999 -9999 -9999 -9999 -9999 -9999 -9999 -9999 -9999 -9999 -9999 -9999 -9999 -9999 -9999 138.772 149.963 200.147 258.293 315.552 310.609 263.018 195.661 174.718 171.66 154.384 147.8 131.283 109.878 101.946 104.084 104.563 92.479 94.007 96.9 93.711 94.334 85.854 80.035 79.371 74.946 79.165 83.435 83.457 85.188 80.359 76.695 72.096 70.851 71.852 70.246 69.699 72.43 69.413 68.322 68.48 67.724 65.843 67.518 64.886 63.866 62.785 63.088 58.264 56.213 56.534
-9999 -9999 -9999 -9999 -9999 -9999 -9999 -9999 -9999 -9999 -9999 -9999 -9999 -9999 -9999 -9999 -9999 -9999 -9999 -9999 -9999 -9999 -9999 141.408 162.915 194.026 229.652 282.497 300.105 250.568 206.893 179.484 162.954 165.534 157.123 140.687 126.407 124.878 112.613 96.631 99.574 93.607 93.086 92.029 97.458 78.764 79.499 76.568 74.706 77.477 82.765 91.11 85.574 83.91 77.748 74.307 71.414 71.941 68.496 66.909 64.415 65.812 64.778 67.594 67.606 70.025 71.128 69.043 63.939 61.005 61.829 58.096 53.51 56.31
-9999 -9999 -9999 -9999 -9999 -9999 -9999 -9999 -9999 -9999 -9999 -9999 -9999 -9999 -9999 -9999 -9999 -9999 -9999 -9999 -9999 -9999 -9999 150.926 162.881 179.54 224.952 269.957 284.769 259.24 204.641 168.902 169.605 164.988 151.648 145.13 149.117 123.008 106.389 103.116 94.055 101.968 87.897 91.755 82.791 78.197 77.922 73.476 71.362 72.783 80.18 80.907 83.64 82.558 78.941 74.976 72.58 70.328 67.984 65.75 66.554 58.666 62.275 65.452 69.113 68.702 67.722 68.158 66.325 63.38 58.086 57.961 54.573 53.405
-9999 -9999 -9999 -9999 -9999 -9999 -9999 -9999 -9999 -9999 -9999 -9999 -9999 -9999 -9999 -9999 -9999 -9999 -9999 -9999 -9999 -9999 149.529 155.517 175.189 187.957 211.189 250.342 261.214 243.632 192.881 161.072 152.226 151.051 149.49 153.133 127.517 122.201 116.916 99.474 94.715 87.429 80.708 79.295 79.959 81.602 74.155 72.055 72.219 69.028 72.416 76.532 75.898 78.312 76.709 73.348 71.159 68.917 64.755 62.245 61.904 63.834 62.233 67.89 67.818 68.393 65.99 65.364 64.475 57.756 57.127 56.272 55.895 55.802
-9999 -9999 -9999 -9999 -9999 -9999 -9999 -9999 -9999 -9999 -9999 -9999 -9999 -9999 -9999 -9999 -9999 -9999 -9999 -9999 -9999 153.229 153.172 164.168 170.999 179.038 221.121 251.585 257.644 229.219 215.018 172.565 162.737 146.603 142.218 147.331 126.874 120.54 106.249 93.17 87.971 83.889 81.257 86.971 87.329 81.87 78.583 77.823 69.645 67.257 72.296 73.133 71.67 72.09 73.139 71.036 68.792 67.003 63.925 63.033 63.12 63.023 60.93 63.803 67.42 66.925 64.942 62.598 60.211 59.025 60.862 60.508 56.953 57.158
-9999 -9999 -9999 -9999 -9999 -9999 -9999 -9999 -9999 -9999 -9999 -9999 -9999 -9999 -9999 -9999 -9999 -9999 -9999 165.82 161.587 161.092 157.197 159.715 178.307 201.755 242.174 273.687 269.573 259.197 213.834 183.362 156.976 141.232 143.279 146.334 128.512 113.133 101.677 89.311 85.895 81.074 85.104 86.799 81.418 83.12 81.729 74.143 70.687 69.704 72.744 70.405 68.851 67.908 69.148 65.695 63.291 62.99 64.781 65.386 68.6 69.85 68.133 65.554 64.603 64.22 64.925 66.556 62.403 59.862 58.408 61.358 57.978 55.581
