Validation/Results/ReClimate_07_2024_2weatherlogisticsltd.asc
NCOLS 192
NROWS 249
XLLCENTER -225160.85627316462
YLLCENTER 29788.11610251502
CELLSIZE 5000.0
NODATA_VALUE -9999
[rows 165 to 197 of 249, columns 74 to 147 of 192]
-9999 -9999 -9999 -9999 -9999 -9999 -9999 -9999 -9999 -9999 -9999 -9999 -9999 -9999 -9999 -9999 -9999 -9999 -9999 -9999 -9999 -9999 -9999 -9999 -9999 -9999 -9999 -9999 -9999 -9999 -9999 -9999 -9999 -9999 -9999 -9999 -9999 -9999 125.336 124.871 124.573 124.398 124.092 123.912 123.782 123.903 124.386 124.45 124.492 124.497 124.473 124.43 124.385 124.349 124.34 124.37 124.439 124.538 124.657 124.787 124.923 125.085 125.257 125.436 125.603 125.789 126.11 126.461 126.795 127.11 127.407 127.685 127.944 128.209
-9999 -9999 -9999 -9999 -9999 -9999 -9999 -9999 -9999 -9999 -9999 -9999 -9999 -9999 -9999 -9999 -9999 -9999 -9999 -9999 -9999 -9999 -9999 -9999 -9999 -9999 -9999 -9999 -9999 -9999 -9999 -9999 -9999 -9999 -9999 -9999 -9999 -9999 125.638 125.296 125.094 124.688 124.454 124.285 123.698 123.818 123.943 124.582 124.621 124.624 124.599 124.558 124.512 124.472 124.452 124.46 124.498 124.567 124.662 124.78 124.937 125.114 125.306 125.493 125.668 125.826 126.031 126.359 126.703 127.027 127.33 127.613 127.947 128.33
-9999 -9999 -9999 -9999 -9999 -9999 -9999 -9999 -9999 -9999 -9999 -9999 -9999 -9999 -9999 -9999 -9999 -9999 -9999 -9999 -9999 -9999 -9999 -9999 -9999 -9999 -9999 -9999 -9999 -9999 -9999 -9999 -9999 -9999 -9999 -9999 -9999 126.494 125.967 125.681 125.355 125.027 125.045 124.742 124.661 124.56 124.813 124.764 124.769 124.768 124.74 124.694 124.641 124.592 124.555 124.539 124.549 124.59 124.676 124.81 124.978 125.172 125.372 125.567 125.752 125.919 126.063 126.303 126.64 126.973 127.33 127.724 128.09 128.47
-9999 -9999 -9999 -9999 -9999 -9999 -9999 -9999 -9999 -9999 -9999 -9999 -9999 -9999 -9999 -9999 -9999 -9999 -9999 -9999 -9999 -9999 -9999 -9999 -9999 -9999 -9999 -9999 -9999 -9999 -9999 -9999 -9999 -9999 -9999 -9999 -9999 126.843 126.363 126.095 125.878 125.614 125.517 125.502 125.37 125.224 125.092 124.924 124.712 124.926 124.892 124.839 124.774 124.71 124.653 124.61 124.59 124.624 124.714 124.856 125.04 125.243 125.453 125.659 125.855 126.033 126.189 126.323 126.657 127.053 127.409 127.776 128.151 128.504
-9999 -9999 -9999 -9999 -9999 -9999 -9999 -9999 -9999 -9999 -9999 -9999 -9999 -9999 -9999 -9999 -9999 -9999 -9999 -9999 -9999 -9999 -9999 -9999 -9999 -9999 -9999 -9999 -9999 -9999 -9999 -9999 -9999 -9999 -9999 -9999 -9999 -9999 126.954 126.74 126.514 126.259 126.216 126.057 125.883 125.714 125.542 125.238 125.226 125.125 125.052 124.989 124.911 124.831 124.751 124.694 124.665 124.675 124.76 124.911 125.109 125.328 125.553 125.772 125.979 126.197 126.422 126.585 126.76 127.119 127.485 127.832 128.167 128.496
-9999 -9999 -9999 -9999 -9999 -9999 -9999 -9999 -9999 -9999 -9999 -9999 -9999 -9999 -9999 -9999 -9999 -9999 133.786 133.499 -9999 -9999 -9999 -9999 -9999 -9999 -9999 -9999 -9999 -9999 -9999 -9999 -9999 -9999 -9999 -9999 -9999 127.867 127.109 126.959 126.834 126.69 126.781 126.622 126.452 126.27 126.075 125.88 125.698 125.527 125.357 125.188 125.071 124.978 124.9 124.825 124.765 124.737 124.8 124.97 125.207 125.473 125.747 126.021 126.29 126.496 126.675 126.843 126.963 127.209 127.556 127.892 128.211 128.517
-9999 -9999 -9999 -9999 -9999 -9999 -9999 -9999 -9999 -9999 -9999 -9999 -9999 -9999 -9999 -9999 -9999 -9999 133.921 133.777 133.9 -9999 -9999 -9999 -9999 -9999 -9999 -9999 -9999 -9999 -9999 -9999 -9999 -9999 -9999 -9999 128.787 128.052 128.018 127.817 127.371 127.299 127.325 127.17 127.004 126.827 126.641 126.45 126.255 126.039 125.824 125.604 125.431 125.357 125.258 125.162 125.066 124.971 125.023 125.244 125.524 125.816 126.114 126.378 126.594 126.792 126.948 127.09 127.215 127.362 127.66 127.985 128.284 128.564
-9999 -9999 -9999 -9999 -9999 -9999 -9999 -9999 -9999 -9999 -9999 -9999 -9999 -9999 -9999 -9999 -9999 133.689 133.973 134.12 134.254 134.078 -9999 -9999 -9999 -9999 -9999 -9999 -9999 -9999 -9999 -9999 -9999 130.895 -9999 -9999 129.253 129.075 128.794 128.267 127.581 -9999 127.85 127.698 127.536 127.364 127.186 127.008 126.817 126.612 126.409 125.965 125.626 125.822 125.744 125.64 125.545 125.478 125.501 125.703 125.983 126.275 126.511 126.713 126.891 127.05 127.204 127.348 127.478 127.583 127.801 128.109 128.385 128.632
-9999 -9999 -9999 -9999 -9999 -9999 -9999 -9999 -9999 -9999 -9999 -9999 -9999 -9999 -9999 -9999 -9999 133.746 134.01 134.193 134.414 133.822 132.439 132.786 -9999 -9999 -9999 135.065 132.484 -9999 131.989 132.44 131.578 131.078 130.592 -9999 -9999 129.205 129.387 -9999 -9999 128.562 128.393 128.244 128.086 127.921 127.749 127.568 127.379 127.192 127.002 126.105 125.76 126.302 126.294 126.177 126.101 126.071 126.118 126.276 126.499 126.693 126.873 127.021 127.17 127.319 127.466 127.61 127.746 127.862 128.002 128.261 128.507 128.713
-9999 -9999 -9999 -9999 -9999 -9999 -9999 -9999 -9999 -9999 -9999 -9999 -9999 -9999 -9999 -9999 -9999 -9999 134.039 134.266 134.479 133.431 132.48 -9999 -9999 135.116 135.564 134.584 133.831 133.218 133.342 132.609 132.022 131.441 131.061 130.815 -9999 129.932 129.804 129.57 129.375 129.136 128.984 128.839 128.681 128.51 128.323 128.125 127.938 127.763 127.583 126.899 125.982 126.574 126.932 126.803 126.714 126.69 126.746 126.86 126.977 127.098 127.209 127.331 127.459 127.591 127.727 127.866 128.005 128.137 128.247 128.438 128.64 128.79
-9999 -9999 -9999 -9999 -9999 -9999 -9999 -9999 -9999 -9999 -9999 -9999 -9999 -9999 -9999 -9999 -9999 -9999 132.381 132.387 134.428 133.187 130.952 130.257 127.615 128.854 132.359 132.763 133.053 133.004 133.515 132.882 132.421 131.887 131.323 131.075 130.781 130.601 130.469 130.238 129.948 129.75 129.675 129.53 129.369 129.193 129.001 128.801 128.61 128.421 128.225 127.906 127.725 127.269 127.576 127.474 127.403 127.376 127.383 127.392 127.427 127.481 127.559 127.652 127.753 127.862 127.978 128.102 128.235 128.378 128.52 128.634 128.752 128.835
-9999 -9999 -9999 -9999 -9999 -9999 -9999 -9999 -9999 -9999 -9999 -9999 -9999 -9999 -9999 -9999 -9999 -9999 -9999 131.699 134.387 133.099 132.381 130.744 129.877 131.804 132.707 133.484 134.005 134.351 134.117 133.581 133.019 132.339 131.508 131.502 131.515 131.346 131.204 130.895 130.572 130.423 130.371 130.226 130.066 129.892 129.703 129.507 129.317 129.128 128.933 128.743 128.551 128.382 128.231 128.135 128.088 128.057 128.003 127.95 127.911 127.664 127.407 127.769 128.048 128.126 128.213 128.309 128.416 128.532 128.641 128.706 128.76 128.807
-9999 -9999 -9999 -9999 -9999 -9999 -9999 -9999 -9999 -9999 -9999 -9999 -9999 -9999 -9999 -9999 -9999 -9999 -9999 -9999 -9999 131.749 130.744 130.103 129.293 130.523 132.958 133.738 133.98 133.773 133.031 132.507 132.078 131.515 131.3 131.169 130.991 131.139 131.772 131.475 131.168 131.005 130.852 130.757 130.735 130.563 130.38 130.099 129.646 129.468 129.362 129.264 129.305 129.141 128.993 128.865 128.77 128.327 128.013 128.278 128.424 127.924 127.359 127.817 128.411 128.443 128.486 128.537 128.597 128.656 128.691 128.68 128.713 128.789
-9999 -9999 -9999 -9999 -9999 -9999 -9999 -9999 -9999 -9999 -9999 -9999 -9999 -9999 -9999 -9999 -9999 -9999 -9999 -9999 132.152 131.557 131.538 131.456 132.647 133.671 133.112 133.158 132.198 132.519 134.22 133.694 133.068 132.672 131.946 131.871 132.204 132.435 132.159 131.892 131.647 131.482 131.447 131.422 131.379 131.211 131.032 130.631 130.209 129.993 129.637 129.865 130.03 129.885 129.734 129.591 129.395 129.095 128.367 128.419 128.754 128.304 127.483 127.903 128.644 128.654 128.678 128.717 128.767 128.789 128.763 128.671 128.662 128.758
-9999 -9999 -9999 -9999 -9999 -9999 -9999 -9999 -9999 -9999 -9999 -9999 -9999 -9999 -9999 -9999 -9999 -9999 -9999 132.978 133.184 133.355 133.469 134.512 135.856 134.831 133.114 131.445 127.309 130.235 134.913 134.464 134.28 133.294 131.613 132.102 133.217 132.868 132.319 132.117 131.926 131.897 132.134 131.977 131.591 131.435 131.279 130.926 130.618 130.384 130.299 130.481 130.629 130.454 130.298 130.097 129.862 129.596 129.309 128.934 129.003 128.747 128.207 128.216 128.757 128.728 128.712 128.709 128.716 128.725 128.703 128.643 128.62 128.71
-9999 -9999 -9999 -9999 -9999 -9999 -9999 -9999 -9999 -9999 -9999 -9999 -9999 -9999 -9999 -9999 -9999 -9999 133.762 133.862 133.692 133.687 133.347 133.637 132.546 131.999 133.546 131.322 131.105 134.227 134.341 134.206 134.02 133.004 132.732 133.097 132.539 132.429 132.975 132.709 132.207 132.301 132.457 132.175 132.04 131.919 131.82 131.538 131.253 131.096 130.84 130.939 131.1 130.922 130.733 130.492 130.214 129.95 129.716 129.505 129.307 128.929 128.46 128.549 128.839 128.761 128.694 128.637 128.586 128.535 128.474 128.39 128.379 128.466
-9999 -9999 -9999 -9999 -9999 -9999 -9999 -9999 -9999 -9999 -9999 -9999 -9999 -9999 -9999 -9999 133.519 133.791 134.021 134.025 134.197 134.123 134.258 133.244 131.83 132.933 134.048 133.858 134.061 134.337 133.942 133.291 131.592 131.132 130.969 131.046 131.897 132.398 133.133 132.598 131.732 131.99 132.656 132.719 133.028 132.822 132.411 132.113 131.799 131.498 131.223 131.276 131.133 130.98 130.782 130.703 130.524 130.265 130.036 129.83 129.635 129.429 129.08 128.826 128.896 128.768 128.65 128.541 128.437 128.331 128.217 128.084 128.012 128.011
-9999 -9999 -9999 -9999 -9999 -9999 -9999 -9999 -9999 -9999 -9999 -9999 -9999 -9999 -9999 132.73 133.519 133.76 133.982 -9999 -9999 -9999 -9999 133.817 131.762 132.572 133.448 133.458 133.558 133.801 134.417 133.508 132.995 132.873 133.138 133.5 133.145 133.435 133.163 132.683 132.59 133.078 133.538 133.72 133.753 133.331 132.761 132.357 131.883 131.632 131.424 131.378 131.163 130.867 130.807 130.806 130.797 130.539 130.312 130.114 129.929 129.723 129.463 129.161 128.927 128.743 128.577 128.419 128.265 128.11 127.946 127.766 127.636 127.532
-9999 -9999 -9999 -9999 -9999 -9999 -9999 -9999 -9999 -9999 -9999 -9999 -9999 -9999 -9999 132.823 133.482 133.717 -9999 -9999 -9999 -9999 -9999 133.861 133.146 133.664 133.637 133.347 132.649 133.027 132.675 132.807 133.245 133.961 135.743 135.272 134.613 134.254 133.648 133.306 132.489 133.04 134.12 134.387 134.049 133.625 133.458 133.063 132.798 132.562 132.328 132.22 132.041 131.662 131.429 131.153 131.032 130.769 130.54 130.343 130.174 129.978 129.681 129.327 128.964 128.685 128.468 128.266 128.068 127.867 127.657 127.432 127.212 127.032
-9999 -9999 -9999 -9999 -9999 -9999 -9999 -9999 -9999 -9999 -9999 -9999 -9999 -9999 -9999 -9999 -9999 133.377 -9999 -9999 -9999 -9999 -9999 134.234 133.575 133.356 132.593 132.288 132.702 132.691 133.513 133.777 133.174 134.296 134.586 134.267 134.205 133.833 133.596 132.861 132.056 133.038 134.655 134.748 134.295 134.097 133.917 133.626 133.358 133.11 132.886 132.685 132.465 132.188 131.849 131.53 131.229 130.957 130.714 130.501 130.307 130.093 129.793 129.415 129.026 128.614 128.247 127.92 127.608 127.3 126.989 126.671 126.336 126.057
-9999 -9999 -9999 -9999 -9999 -9999 -9999 -9999 -9999 -9999 -9999 -9999 -9999 -9999 -9999 -9999 -9999 -9999 -9999 -9999 -9999 -9999 -9999 134.182 134.185 133.054 130.963 131.161 131.382 132.387 134.199 134.126 134.462 134.749 134.979 134.974 134.781 134.6 134.466 133.953 133.682 134.554 135.159 134.846 134.607 134.436 134.179 133.893 133.628 133.385 133.163 132.964 132.702 132.375 132.027 131.703 131.393 131.104 130.84 130.596 130.36 130.105 129.759 129.293 128.781 128.255 127.709 127.26 126.868 126.479 126.086 125.683 125.245 124.783
-9999 -9999 -9999 -9999 -9999 -9999 -9999 -9999 -9999 -9999 -9999 -9999 -9999 -9999 -9999 -9999 -9999 -9999 -9999 -9999 -9999 -9999 -9999 -9999 134.035 133.031 133.11 132.956 131.971 133.018 133.275 133.598 133.693 133.882 133.854 134.055 134.939 135.037 135.145 134.842 134.333 134.658 135.013 134.798 134.613 134.427 134.229 134.053 133.874 133.638 133.419 133.213 132.907 132.538 132.181 131.848 131.527 131.217 130.928 130.651 130.296 129.87 129.407 128.888 128.316 127.724 127.11 126.499 126.019 125.576 125.124 124.639 124.027 123.438
-9999 -9999 -9999 -9999 -9999 -9999 -9999 -9999 -9999 -9999 -9999 -9999 -9999 -9999 -9999 -9999 -9999 -9999 -9999 -9999 -9999 -9999 -9999 129.071 130.117 131.023 133.963 133.572 133.919 133.974 133.827 133.745 133.304 133.45 133.297 133.891 134.331 134.363 134.48 134.122 133.56 133.86 134.325 134.26 134.46 134.307 134.166 133.999 133.729 133.579 133.367 133.211 132.807 132.461 132.127 131.898 131.634 131.304 130.903 130.445 129.98 129.461 128.917 128.349 127.756 127.137 126.491 125.809 125.173 124.653 124.093 123.456 122.75 122.09
-9999 -9999 -9999 -9999 -9999 -9999 -9999 -9999 -9999 -9999 -9999 -9999 -9999 -9999 -9999 -9999 -9999 -9999 -9999 -9999 -9999 -9999 -9999 128.507 127.683 129.391 130.931 131.257 131.575 131.859 132.997 132.753 132.86 133.055 133.134 133.168 132.534 132.973 134.262 133.991 133.809 134.072 134.062 134.167 134.299 134.166 134.043 133.801 133.526 133.43 133.375 133.164 132.844 132.477 132.143 131.898 131.669 131.17 130.649 130.093 129.53 128.966 128.39 127.795 127.177 126.53 125.851 125.132 124.333 123.605 122.935 122.201 121.43 120.796
-9999 -9999 -9999 -9999 -9999 -9999 -9999 -9999 -9999 -9999 -9999 -9999 -9999 -9999 -9999 -9999 -9999 -9999 -9999 -9999 -9999 -9999 -9999 129.846 129.138 130.181 130.954 130.804 129.779 130.962 132.629 132.843 133.4 133.652 133.709 133.145 132.222 133.021 133.333 133.05 132.647 132.779 132.887 133.255 134.003 133.892 133.886 133.697 133.643 133.581 133.473 133.333 133.045 132.769 132.482 131.938 131.481 130.885 130.262 129.657 129.059 128.461 127.854 127.229 126.582 125.905 125.166 124.343 123.446 122.507 121.699 120.903 120.166 119.569
-9999 -9999 -9999 -9999 -9999 -9999 -9999 -9999 -9999 -9999 -9999 -9999 -9999 -9999 -9999 -9999 -9999 -9999 -9999 -9999 -9999 -9999 -9999 -9999 128.508 129.352 131.194 130.762 131.148 131.937 131.618 131.861 131.703 132.134 132.956 132.646 132.766 132.939 132.63 132.526 132.981 133.037 133.065 133.814 133.779 133.744 133.724 133.659 133.626 133.521 133.426 133.26 133.001 132.838 132.441 131.839 131.169 130.501 129.847 129.208 128.577 127.946 127.306 126.642 125.922 125.152 124.338 123.454 122.487 121.432 120.457 119.62 118.934 118.411
-9999 -9999 -9999 -9999 -9999 -9999 -9999 -9999 -9999 -9999 -9999 -9999 -9999 -9999 -9999 -9999 -9999 -9999 -9999 -9999 -9999 -9999 -9999 -9999 129.17 130.212 130.573 130.61 130.323 130.319 130.721 130.235 128.997 129.557 129.839 130.427 131.675 131.978 133.041 133.305 133.553 133.266 132.798 132.862 133.075 133.081 133.355 133.345 133.321 133.294 133.284 132.843 132.364 132.303 132.096 131.487 130.802 130.104 129.419 128.743 128.054 127.352 126.637 125.901 125.132 124.309 123.438 122.506 121.501 120.404 119.268 118.385 117.76 117.295
-9999 -9999 -9999 -9999 -9999 -9999 -9999 -9999 -9999 -9999 -9999 -9999 -9999 -9999 -9999 -9999 -9999 -9999 -9999 -9999 -9999 -9999 -9999 127.769 128.577 129.094 130.233 129.873 129.477 129.645 129.579 129.522 131.232 131.404 131.358 132.105 131.944 132.68 132.925 132.835 132.345 132.091 132.41 132.61 132.798 132.947 133.017 132.967 132.953 132.976 132.948 132.525 131.801 131.562 131.424 130.897 130.285 129.57 128.834 128.106 127.376 126.631 125.87 125.086 124.272 123.418 122.514 121.547 120.503 119.37 118.174 117.231 116.655 116.218
-9999 -9999 -9999 -9999 -9999 -9999 -9999 -9999 -9999 -9999 -9999 -9999 -9999 -9999 -9999 -9999 -9999 -9999 -9999 -9999 -9999 -9999 -9999 128.226 127.558 128.675 130.136 129.739 129.387 129.29 128.975 130.415 131.729 131.558 131.282 130.889 129.643 130.326 131.742 131.589 131.826 132.582 132.626 132.682 132.537 132.409 131.88 131.889 132.106 132.184 132.274 131.803 131.16 130.817 130.642 130.093 129.547 128.904 128.156 127.391 126.624 125.849 125.058 124.244 123.399 122.513 121.575 120.339 119.169 118.26 117.163 116.162 115.597 115.176
-9999 -9999 -9999 -9999 -9999 -9999 -9999 -9999 -9999 -9999 -9999 -9999 -9999 -9999 -9999 -9999 -9999 -9999 -9999 -9999 -9999 -9999 -9999 127.148 127.877 128.446 127.705 127.803 128.848 128.851 129.253 129.986 129.798 129.797 130.204 129.677 129.826 130.833 131.669 132.372 132.59 132.493 132.397 132.303 132.342 131.995 131.724 131.555 131.36 131.548 131.606 131.047 130.453 130.082 129.843 129.27 128.696 128.122 127.434 126.654 125.858 125.052 124.231 123.386 122.509 121.59 120.617 119.417 118.058 117.137 116.168 115.14 114.568 114.167
-9999 -9999 -9999 -9999 -9999 -9999 -9999 -9999 -9999 -9999 -9999 -9999 -9999 -9999 -9999 -9999 -9999 -9999 -9999 -9999 -9999 -9999 126.935 127.426 127.668 127.294 127.151 127.801 128.532 128.746 128.825 128.949 129.287 129.836 130.849 131.062 131.356 131.562 131.608 131.777 132.115 132.082 132.132 132.028 131.752 131.607 131.432 131.307 131.333 131.431 131.059 130.402 129.571 129.322 129.055 128.457 127.855 127.252 126.647 125.899 125.074 124.238 123.385 122.508 121.598 120.645 119.649 118.464 117.124 116.141 115.255 114.24 113.601 113.187
-9999 -9999 -9999 -9999 -9999 -9999 -9999 -9999 -9999 -9999 -9999 -9999 -9999 -9999 -9999 -9999 -9999 -9999 -9999 -9999 -9999 126.396 126.572 126.723 126.981 126.986 126.81 127.153 127.424 127.86 129.003 129.428 129.797 130.319 130.065 130.343 130.883 130.697 130.477 130.923 131.479 131.602 131.663 131.372 131.099 130.981 130.8 130.84 131.006 130.672 130.101 129.479 128.75 128.516 128.276 127.65 127.017 126.384 125.75 125.085 124.269 123.4 122.515 121.605 120.66 119.695 118.704 117.374 116.051 115.121 114.344 113.425 112.705 112.231
-9999 -9999 -9999 -9999 -9999 -9999 -9999 -9999 -9999 -9999 -9999 -9999 -9999 -9999 -9999 -9999 -9999 -9999 -9999 125.345 125.55 125.588 125.43 125.455 125.267 125.326 125.255 125.502 126.552 128.637 129.391 129.7 129.886 129.776 129.708 129.927 129.935 130.069 130.583 130.871 130.592 130.681 130.635 130.557 130.62 130.46 130.34 130.494 130.531 130.037 129.536 128.802 127.936 127.617 127.321 126.682 126.008 125.321 124.641 123.959 123.209 122.345 121.451 120.545 119.641 118.501 117.298 116.267 115.042 113.966 113.223 112.551 111.834 111.273
