Validation/Results/ReClimate_04_2024_2.asc
NCOLS 192
NROWS 249
XLLCENTER -225160.85627316462
YLLCENTER 29788.11610251502
CELLSIZE 5000.0
NODATA_VALUE -9999
[rows 165 to 197 of 249, columns 74 to 147 of 192]
-9999 -9999 -9999 -9999 -9999 -9999 -9999 -9999 -9999 -9999 -9999 -9999 -9999 -9999 -9999 -9999 -9999 -9999 -9999 -9999 -9999 -9999 -9999 -9999 -9999 -9999 -9999 -9999 -9999 -9999 -9999 -9999 -9999 -9999 -9999 -9999 -9999 -9999 103.498 103.547 103.575 103.602 103.627 103.627 103.581 103.533 103.469 103.385 103.294 103.209 103.128 103.049 102.973 102.897 102.821 102.743 102.662 102.578 102.49 102.399 102.303 102.211 102.119 102.027 101.933 101.838 101.754 101.673 101.59 101.506 101.42 101.33 101.236 101.137
-9999 -9999 -9999 -9999 -9999 -9999 -9999 -9999 -9999 -9999 -9999 -9999 -9999 -9999 -9999 -9999 -9999 -9999 -9999 -9999 -9999 -9999 -9999 -9999 -9999 -9999 -9999 -9999 -9999 -9999 -9999 -9999 -9999 -9999 -9999 -9999 -9999 -9999 103.406 103.453 103.485 103.514 103.538 103.52 103.477 103.435 103.383 103.312 103.222 103.137 103.056 102.976 102.899 102.821 102.744 102.664 102.582 102.497 102.407 102.314 102.223 102.131 102.04 101.945 101.846 101.742 101.641 101.551 101.462 101.372 101.28 101.184 101.089 100.994
-9999 -9999 -9999 -9999 -9999 -9999 -9999 -9999 -9999 -9999 -9999 -9999 -9999 -9999 -9999 -9999 -9999 -9999 -9999 -9999 -9999 -9999 -9999 -9999 -9999 -9999 -9999 -9999 -9999 -9999 -9999 -9999 -9999 -9999 -9999 -9999 -9999 103.214 103.276 103.332 103.386 103.432 103.448 103.421 103.381 103.343 103.302 103.24 103.153 103.068 102.986 102.904 102.825 102.746 102.667 102.586 102.503 102.416 102.327 102.238 102.147 102.056 101.96 101.86 101.756 101.647 101.532 101.425 101.329 101.232 101.137 101.043 100.942 100.835
-9999 -9999 -9999 -9999 -9999 -9999 -9999 -9999 -9999 -9999 -9999 -9999 -9999 -9999 -9999 -9999 -9999 -9999 -9999 -9999 -9999 -9999 -9999 -9999 -9999 -9999 -9999 -9999 -9999 -9999 -9999 -9999 -9999 -9999 -9999 -9999 -9999 103.076 103.141 103.207 103.271 103.326 103.353 103.33 103.293 103.258 103.222 103.165 103.085 103.0 102.916 102.834 102.752 102.671 102.589 102.507 102.423 102.34 102.255 102.167 102.075 101.979 101.878 101.773 101.663 101.548 101.426 101.299 101.192 101.088 100.979 100.871 100.762 100.647
-9999 -9999 -9999 -9999 -9999 -9999 -9999 -9999 -9999 -9999 -9999 -9999 -9999 -9999 -9999 -9999 -9999 -9999 -9999 -9999 -9999 -9999 -9999 -9999 -9999 -9999 -9999 -9999 -9999 -9999 -9999 -9999 -9999 -9999 -9999 -9999 -9999 -9999 103.017 103.086 103.152 103.214 103.239 103.226 103.209 103.181 103.147 103.095 103.02 102.933 102.847 102.762 102.677 102.594 102.511 102.431 102.353 102.272 102.189 102.099 102.002 101.9 101.794 101.682 101.566 101.446 101.321 101.181 101.038 100.919 100.802 100.684 100.565 100.444
-9999 -9999 -9999 -9999 -9999 -9999 -9999 -9999 -9999 -9999 -9999 -9999 -9999 -9999 -9999 -9999 -9999 -9999 98.48 98.843 -9999 -9999 -9999 -9999 -9999 -9999 -9999 -9999 -9999 -9999 -9999 -9999 -9999 -9999 -9999 -9999 -9999 102.829 102.901 102.972 103.04 103.099 103.12 103.118 103.111 103.1 103.079 103.032 102.96 102.87 102.78 102.689 102.601 102.518 102.439 102.362 102.286 102.209 102.124 102.028 101.926 101.819 101.709 101.595 101.476 101.341 101.196 101.045 100.882 100.738 100.613 100.489 100.365 100.238
-9999 -9999 -9999 -9999 -9999 -9999 -9999 -9999 -9999 -9999 -9999 -9999 -9999 -9999 -9999 -9999 -9999 -9999 98.511 98.851 99.161 -9999 -9999 -9999 -9999 -9999 -9999 -9999 -9999 -9999 -9999 -9999 -9999 -9999 -9999 -9999 102.646 102.716 102.793 102.866 102.935 102.99 103.008 103.009 103.011 103.009 103.002 102.974 102.903 102.809 102.715 102.625 102.539 102.455 102.376 102.299 102.223 102.149 102.063 101.962 101.853 101.742 101.628 101.502 101.364 101.219 101.061 100.898 100.728 100.559 100.42 100.291 100.162 100.03
-9999 -9999 -9999 -9999 -9999 -9999 -9999 -9999 -9999 -9999 -9999 -9999 -9999 -9999 -9999 -9999 -9999 98.273 98.562 98.879 99.172 99.441 -9999 -9999 -9999 -9999 -9999 -9999 -9999 -9999 -9999 -9999 -9999 102.218 -9999 -9999 102.528 102.611 102.69 102.764 102.835 -9999 102.903 102.906 102.909 102.913 102.916 102.901 102.848 102.754 102.662 102.572 102.483 102.397 102.315 102.235 102.156 102.076 101.989 101.887 101.777 101.662 101.532 101.39 101.241 101.083 100.919 100.749 100.571 100.386 100.224 100.088 99.954 99.818
-9999 -9999 -9999 -9999 -9999 -9999 -9999 -9999 -9999 -9999 -9999 -9999 -9999 -9999 -9999 -9999 -9999 98.331 98.598 98.899 99.179 99.44 99.686 99.918 -9999 -9999 -9999 100.81 101.045 -9999 101.53 101.767 101.982 102.157 102.268 -9999 -9999 102.53 102.607 -9999 -9999 102.799 102.813 102.818 102.823 102.828 102.832 102.824 102.777 102.702 102.611 102.52 102.43 102.341 102.252 102.166 102.082 101.996 101.904 101.802 101.688 101.557 101.417 101.265 101.108 100.945 100.776 100.6 100.414 100.219 100.03 99.88 99.742 99.602
-9999 -9999 -9999 -9999 -9999 -9999 -9999 -9999 -9999 -9999 -9999 -9999 -9999 -9999 -9999 -9999 -9999 -9999 98.631 98.918 99.185 99.435 99.672 -9999 -9999 100.311 100.527 100.731 100.97 101.22 101.46 101.69 101.904 102.074 102.194 102.293 -9999 102.461 102.538 102.609 102.672 102.712 102.72 102.724 102.73 102.736 102.742 102.738 102.702 102.635 102.558 102.467 102.376 102.285 102.193 102.1 102.007 101.912 101.815 101.706 101.578 101.438 101.288 101.133 100.973 100.807 100.633 100.45 100.256 100.05 99.837 99.665 99.526 99.383
-9999 -9999 -9999 -9999 -9999 -9999 -9999 -9999 -9999 -9999 -9999 -9999 -9999 -9999 -9999 -9999 -9999 -9999 98.657 98.936 99.191 99.431 99.658 99.874 100.081 100.281 100.474 100.675 100.896 101.14 101.38 101.604 101.813 101.976 102.102 102.208 102.286 102.351 102.414 102.473 102.531 102.567 102.576 102.581 102.587 102.594 102.6 102.597 102.568 102.521 102.465 102.399 102.32 102.227 102.133 102.037 101.938 101.836 101.724 101.595 101.455 101.307 101.155 100.998 100.835 100.666 100.488 100.3 100.099 99.883 99.651 99.452 99.308 99.163
-9999 -9999 -9999 -9999 -9999 -9999 -9999 -9999 -9999 -9999 -9999 -9999 -9999 -9999 -9999 -9999 -9999 -9999 -9999 98.944 99.195 99.425 99.644 99.853 100.053 100.247 100.435 100.622 100.828 101.061 101.298 101.521 101.712 101.84 101.948 102.042 102.126 102.2 102.26 102.318 102.376 102.413 102.424 102.429 102.435 102.441 102.445 102.441 102.415 102.377 102.333 102.284 102.218 102.143 102.065 101.973 101.87 101.76 101.632 101.49 101.338 101.184 101.026 100.862 100.696 100.524 100.343 100.152 99.946 99.725 99.487 99.262 99.096 98.943
-9999 -9999 -9999 -9999 -9999 -9999 -9999 -9999 -9999 -9999 -9999 -9999 -9999 -9999 -9999 -9999 -9999 -9999 -9999 -9999 -9999 99.417 99.628 99.83 100.025 100.213 100.397 100.576 100.768 100.981 101.203 101.393 101.545 101.658 101.762 101.862 101.956 102.04 102.114 102.174 102.232 102.27 102.282 102.288 102.294 102.298 102.301 102.294 102.266 102.228 102.188 102.142 102.088 102.018 101.947 101.874 101.789 101.673 101.533 101.383 101.231 101.075 100.915 100.751 100.582 100.406 100.223 100.028 99.822 99.601 99.368 99.131 98.946 98.79
-9999 -9999 -9999 -9999 -9999 -9999 -9999 -9999 -9999 -9999 -9999 -9999 -9999 -9999 -9999 -9999 -9999 -9999 -9999 -9999 99.188 99.404 99.609 99.806 99.995 100.179 100.358 100.533 100.701 100.866 101.048 101.226 101.373 101.484 101.591 101.693 101.791 101.884 101.967 102.039 102.097 102.137 102.151 102.157 102.162 102.165 102.166 102.155 102.125 102.086 102.046 102.004 101.957 101.891 101.814 101.732 101.633 101.523 101.393 101.247 101.091 100.935 100.777 100.617 100.453 100.283 100.106 99.92 99.723 99.51 99.281 99.037 98.832 98.669
-9999 -9999 -9999 -9999 -9999 -9999 -9999 -9999 -9999 -9999 -9999 -9999 -9999 -9999 -9999 -9999 -9999 -9999 -9999 98.964 99.176 99.386 99.586 99.778 99.963 100.143 100.313 100.462 100.585 100.728 100.892 101.066 101.208 101.322 101.43 101.535 101.635 101.731 101.822 101.902 101.97 102.012 102.03 102.035 102.039 102.04 102.039 102.025 101.991 101.952 101.911 101.866 101.804 101.737 101.655 101.557 101.446 101.323 101.199 101.075 100.934 100.781 100.625 100.468 100.308 100.143 99.971 99.791 99.6 99.398 99.179 98.944 98.726 98.55
-9999 -9999 -9999 -9999 -9999 -9999 -9999 -9999 -9999 -9999 -9999 -9999 -9999 -9999 -9999 -9999 -9999 -9999 98.76 98.938 99.157 99.363 99.559 99.747 99.928 100.096 100.229 100.351 100.472 100.601 100.752 100.911 101.051 101.168 101.279 101.385 101.487 101.585 101.68 101.768 101.844 101.895 101.916 101.922 101.924 101.923 101.92 101.901 101.861 101.814 101.759 101.697 101.635 101.569 101.483 101.374 101.253 101.127 101.001 100.875 100.751 100.621 100.474 100.32 100.163 100.002 99.833 99.655 99.466 99.265 99.049 98.814 98.591 98.405
-9999 -9999 -9999 -9999 -9999 -9999 -9999 -9999 -9999 -9999 -9999 -9999 -9999 -9999 -9999 -9999 98.42 98.598 98.749 98.926 99.132 99.335 99.527 99.71 99.876 100.003 100.126 100.246 100.364 100.485 100.62 100.771 100.9 101.02 101.133 101.241 101.345 101.446 101.542 101.635 101.719 101.783 101.81 101.816 101.816 101.813 101.804 101.77 101.713 101.651 101.59 101.527 101.464 101.399 101.31 101.194 101.068 100.94 100.812 100.683 100.556 100.432 100.312 100.171 100.019 99.861 99.695 99.518 99.33 99.128 98.909 98.67 98.433 98.231
-9999 -9999 -9999 -9999 -9999 -9999 -9999 -9999 -9999 -9999 -9999 -9999 -9999 -9999 -9999 98.368 98.451 98.606 98.749 -9999 -9999 -9999 -9999 99.631 99.782 99.906 100.027 100.144 100.26 100.375 100.503 100.639 100.761 100.876 100.991 101.102 101.208 101.31 101.409 101.504 101.595 101.669 101.712 101.716 101.714 101.703 101.67 101.614 101.552 101.489 101.427 101.364 101.299 101.226 101.136 101.017 100.891 100.762 100.632 100.5 100.368 100.241 100.125 100.012 99.876 99.721 99.556 99.379 99.19 98.986 98.763 98.517 98.267 98.049
-9999 -9999 -9999 -9999 -9999 -9999 -9999 -9999 -9999 -9999 -9999 -9999 -9999 -9999 -9999 98.319 98.455 98.606 -9999 -9999 -9999 -9999 -9999 99.536 99.689 99.811 99.929 100.045 100.158 100.27 100.391 100.515 100.632 100.74 100.851 100.964 101.073 101.177 101.278 101.376 101.47 101.557 101.61 101.62 101.604 101.567 101.52 101.458 101.395 101.332 101.269 101.205 101.139 101.058 100.961 100.847 100.721 100.593 100.461 100.327 100.189 100.058 99.944 99.837 99.723 99.58 99.416 99.238 99.045 98.837 98.608 98.355 98.09 97.858
-9999 -9999 -9999 -9999 -9999 -9999 -9999 -9999 -9999 -9999 -9999 -9999 -9999 -9999 -9999 -9999 -9999 98.541 -9999 -9999 -9999 -9999 -9999 99.444 99.597 99.717 99.833 99.944 100.046 100.143 100.244 100.351 100.456 100.556 100.659 100.767 100.879 100.99 101.099 101.207 101.314 101.42 101.496 101.509 101.467 101.424 101.369 101.304 101.24 101.177 101.113 101.049 100.977 100.891 100.789 100.68 100.558 100.43 100.3 100.166 100.031 99.899 99.782 99.672 99.556 99.428 99.258 99.062 98.852 98.628 98.384 98.117 97.837 97.593
-9999 -9999 -9999 -9999 -9999 -9999 -9999 -9999 -9999 -9999 -9999 -9999 -9999 -9999 -9999 -9999 -9999 -9999 -9999 -9999 -9999 -9999 -9999 99.32 99.5 99.602 99.698 99.789 99.879 99.97 100.063 100.162 100.257 100.355 100.454 100.557 100.664 100.778 100.891 101.004 101.116 101.224 101.294 101.31 101.293 101.264 101.214 101.149 101.086 101.023 100.959 100.895 100.816 100.723 100.622 100.517 100.399 100.273 100.145 100.015 99.884 99.756 99.627 99.491 99.347 99.196 99.032 98.83 98.609 98.373 98.117 97.837 97.545 97.315
-9999 -9999 -9999 -9999 -9999 -9999 -9999 -9999 -9999 -9999 -9999 -9999 -9999 -9999 -9999 -9999 -9999 -9999 -9999 -9999 -9999 -9999 -9999 -9999 99.35 99.44 99.528 99.616 99.705 99.795 99.887 99.978 100.068 100.163 100.26 100.359 100.461 100.566 100.677 100.789 100.894 100.977 101.042 101.076 101.08 101.056 101.015 100.974 100.929 100.868 100.805 100.739 100.656 100.558 100.458 100.355 100.242 100.119 99.993 99.866 99.724 99.572 99.422 99.27 99.109 98.942 98.765 98.571 98.347 98.103 97.838 97.552 97.28 97.065
-9999 -9999 -9999 -9999 -9999 -9999 -9999 -9999 -9999 -9999 -9999 -9999 -9999 -9999 -9999 -9999 -9999 -9999 -9999 -9999 -9999 -9999 -9999 99.05 99.186 99.275 99.364 99.451 99.539 99.628 99.718 99.806 99.891 99.976 100.074 100.171 100.267 100.367 100.468 100.567 100.651 100.722 100.785 100.829 100.844 100.823 100.795 100.766 100.729 100.693 100.649 100.578 100.492 100.395 100.295 100.194 100.085 99.965 99.825 99.672 99.517 99.355 99.192 99.028 98.861 98.686 98.501 98.302 98.079 97.828 97.568 97.297 97.037 96.855
-9999 -9999 -9999 -9999 -9999 -9999 -9999 -9999 -9999 -9999 -9999 -9999 -9999 -9999 -9999 -9999 -9999 -9999 -9999 -9999 -9999 -9999 -9999 98.896 99.028 99.118 99.206 99.293 99.38 99.467 99.556 99.643 99.723 99.801 99.891 99.986 100.081 100.175 100.266 100.341 100.406 100.47 100.531 100.581 100.603 100.588 100.564 100.539 100.514 100.489 100.454 100.411 100.327 100.23 100.132 100.032 99.916 99.771 99.616 99.451 99.286 99.12 98.954 98.786 98.612 98.431 98.237 98.029 97.809 97.574 97.321 97.055 96.809 96.66
-9999 -9999 -9999 -9999 -9999 -9999 -9999 -9999 -9999 -9999 -9999 -9999 -9999 -9999 -9999 -9999 -9999 -9999 -9999 -9999 -9999 -9999 -9999 98.747 98.877 98.967 99.054 99.14 99.226 99.312 99.398 99.485 99.563 99.634 99.713 99.804 99.897 99.986 100.06 100.119 100.177 100.232 100.284 100.331 100.354 100.353 100.334 100.312 100.29 100.268 100.245 100.206 100.149 100.064 99.967 99.845 99.705 99.549 99.382 99.216 99.05 98.883 98.714 98.541 98.362 98.173 97.979 97.778 97.565 97.335 97.087 96.818 96.607 96.484
-9999 -9999 -9999 -9999 -9999 -9999 -9999 -9999 -9999 -9999 -9999 -9999 -9999 -9999 -9999 -9999 -9999 -9999 -9999 -9999 -9999 -9999 -9999 -9999 98.731 98.82 98.906 98.991 99.076 99.16 99.245 99.33 99.407 99.475 99.546 99.623 99.713 99.792 99.85 99.906 99.959 100.008 100.053 100.089 100.112 100.117 100.103 100.085 100.066 100.046 100.023 99.982 99.93 99.872 99.762 99.626 99.472 99.31 99.144 98.978 98.811 98.642 98.47 98.294 98.118 97.938 97.747 97.547 97.335 97.103 96.85 96.592 96.413 96.328
-9999 -9999 -9999 -9999 -9999 -9999 -9999 -9999 -9999 -9999 -9999 -9999 -9999 -9999 -9999 -9999 -9999 -9999 -9999 -9999 -9999 -9999 -9999 -9999 98.608 98.677 98.762 98.846 98.929 99.013 99.096 99.178 99.255 99.323 99.386 99.456 99.527 99.589 99.644 99.697 99.747 99.793 99.832 99.859 99.883 99.892 99.886 99.867 99.845 99.824 99.799 99.758 99.698 99.613 99.514 99.38 99.229 99.068 98.902 98.736 98.573 98.41 98.244 98.073 97.898 97.718 97.528 97.326 97.108 96.87 96.616 96.385 96.238 96.175
-9999 -9999 -9999 -9999 -9999 -9999 -9999 -9999 -9999 -9999 -9999 -9999 -9999 -9999 -9999 -9999 -9999 -9999 -9999 -9999 -9999 -9999 -9999 98.416 98.488 98.548 98.62 98.704 98.786 98.868 98.949 99.03 99.106 99.175 99.234 99.292 99.343 99.388 99.441 99.491 99.538 99.581 99.612 99.638 99.662 99.678 99.679 99.662 99.642 99.622 99.593 99.545 99.454 99.354 99.241 99.127 98.996 98.843 98.682 98.52 98.358 98.196 98.031 97.862 97.686 97.503 97.309 97.102 96.878 96.637 96.402 96.201 96.081 96.025
-9999 -9999 -9999 -9999 -9999 -9999 -9999 -9999 -9999 -9999 -9999 -9999 -9999 -9999 -9999 -9999 -9999 -9999 -9999 -9999 -9999 -9999 -9999 98.31 98.361 98.412 98.472 98.544 98.631 98.718 98.803 98.883 98.959 99.026 99.085 99.134 99.165 99.2 99.24 99.288 99.332 99.367 99.396 99.422 99.445 99.465 99.472 99.466 99.448 99.429 99.396 99.325 99.215 99.104 98.992 98.879 98.764 98.629 98.473 98.313 98.152 97.989 97.822 97.65 97.472 97.284 97.086 96.873 96.646 96.426 96.203 96.03 95.93 95.876
-9999 -9999 -9999 -9999 -9999 -9999 -9999 -9999 -9999 -9999 -9999 -9999 -9999 -9999 -9999 -9999 -9999 -9999 -9999 -9999 -9999 -9999 -9999 98.185 98.234 98.282 98.333 98.395 98.468 98.555 98.64 98.722 98.803 98.877 98.935 98.971 98.997 99.023 99.054 99.085 99.12 99.151 99.178 99.204 99.228 99.25 99.264 99.263 99.254 99.235 99.185 99.08 98.973 98.864 98.753 98.64 98.525 98.404 98.262 98.104 97.943 97.778 97.609 97.434 97.252 97.06 96.857 96.643 96.437 96.227 96.015 95.858 95.779 95.728
-9999 -9999 -9999 -9999 -9999 -9999 -9999 -9999 -9999 -9999 -9999 -9999 -9999 -9999 -9999 -9999 -9999 -9999 -9999 -9999 -9999 -9999 98.004 98.06 98.111 98.16 98.208 98.26 98.321 98.388 98.472 98.554 98.635 98.71 98.77 98.8 98.821 98.838 98.855 98.873 98.891 98.918 98.945 98.97 98.993 99.016 99.031 99.039 99.039 99.019 98.938 98.84 98.736 98.628 98.518 98.405 98.288 98.167 98.041 97.891 97.728 97.562 97.39 97.212 97.026 96.83 96.629 96.435 96.238 96.039 95.848 95.702 95.631 95.58
-9999 -9999 -9999 -9999 -9999 -9999 -9999 -9999 -9999 -9999 -9999 -9999 -9999 -9999 -9999 -9999 -9999 -9999 -9999 -9999 -9999 97.804 97.884 97.939 97.99 98.04 98.089 98.138 98.187 98.245 98.308 98.381 98.452 98.52 98.567 98.597 98.623 98.645 98.656 98.664 98.676 98.69 98.709 98.733 98.755 98.776 98.793 98.804 98.802 98.753 98.678 98.588 98.492 98.393 98.285 98.172 98.054 97.931 97.803 97.667 97.508 97.34 97.165 96.984 96.793 96.607 96.424 96.239 96.05 95.846 95.68 95.562 95.485 95.43
-9999 -9999 -9999 -9999 -9999 -9999 -9999 -9999 -9999 -9999 -9999 -9999 -9999 -9999 -9999 -9999 -9999 -9999 -9999 97.535 97.623 97.702 97.763 97.819 97.871 97.921 97.97 98.018 98.065 98.11 98.155 98.201 98.254 98.313 98.355 98.389 98.417 98.439 98.457 98.469 98.475 98.482 98.491 98.503 98.522 98.542 98.558 98.564 98.538 98.482 98.412 98.327 98.235 98.137 98.033 97.922 97.802 97.675 97.545 97.41 97.261 97.094 96.919 96.74 96.57 96.4 96.228 96.048 95.855 95.661 95.515 95.423 95.339 95.293
