Validation/Results/ReClimate_06_2024_2_Temperature.asc
NCOLS 192
NROWS 249
XLLCENTER -225160.85627316462
YLLCENTER 29788.11610251502
CELLSIZE 5000.0
NODATA_VALUE -9999
[rows 102 to 135 of 249, columns 77 to 153 of 192]
0.097 0.107 0.108 0.111 -9999 -9999 0.16 -9999 -9999 0.188 0.198 0.211 0.224 0.237 0.235 0.23 0.234 0.236 0.239 0.239 0.234 0.23 0.233 0.238 0.232 0.227 0.213 0.197 0.197 0.197 0.184 0.17 0.164 0.158 0.151 0.145 0.13 0.116 0.09 0.064 -9999 -9999 -9999 -9999 -9999 -9999 -9999 -9999 -9999 -9999 -9999 -9999 -9999 -9999 -9999 -9999 -9999 -9999 -9999 -9999 -9999 -9999 -9999 -9999 -9999 -9999 -9999 -9999 -9999 -9999 -9999 -9999 -9999 -9999 -9999 -9999 -9999
0.103 0.107 -9999 -9999 -9999 0.148 0.16 0.173 0.181 0.188 0.195 0.198 0.209 0.221 0.22 0.221 0.223 0.222 0.226 0.233 0.225 0.212 0.214 0.217 0.212 0.208 0.199 0.199 0.198 0.197 0.183 0.164 0.156 0.147 0.138 -9999 -9999 0.071 -9999 -9999 -9999 -9999 -9999 -9999 -9999 -9999 -9999 -9999 -9999 -9999 -9999 -9999 -9999 -9999 -9999 -9999 -9999 -9999 -9999 -9999 -9999 -9999 -9999 -9999 -9999 -9999 -9999 -9999 -9999 -9999 -9999 -9999 -9999 -9999 -9999 -9999 -9999
-9999 0.112 -9999 -9999 -9999 0.149 0.162 0.176 0.185 0.192 0.194 0.196 0.204 0.213 0.215 0.216 0.216 0.214 0.223 0.228 0.216 0.202 0.204 0.206 0.202 0.198 0.197 0.197 0.195 0.193 0.177 0.158 0.149 0.139 -9999 0.115 0.084 0.049 0.044 -9999 -9999 -9999 -9999 -9999 -9999 -9999 -9999 -9999 -9999 -9999 -9999 -9999 -9999 -9999 -9999 -9999 -9999 -9999 -9999 -9999 -9999 -9999 -9999 -9999 -9999 -9999 -9999 -9999 -9999 -9999 -9999 -9999 -9999 -9999 -9999 -9999 -9999
-9999 -9999 -9999 0.138 0.148 0.156 0.169 0.18 0.191 0.206 0.206 0.2 0.208 0.221 0.225 0.236 0.23 0.211 0.219 0.226 0.221 0.227 0.221 0.2 0.197 0.194 0.191 0.185 0.183 0.182 0.166 0.15 -9999 0.12 0.105 0.084 0.056 0.036 0.035 -9999 -9999 -9999 -9999 -9999 -9999 -9999 -9999 -9999 -9999 -9999 -9999 -9999 -9999 -9999 -9999 -9999 -9999 -9999 -9999 -9999 -9999 -9999 -9999 -9999 -9999 -9999 -9999 -9999 -9999 -9999 -9999 -9999 -9999 -9999 -9999 -9999 -9999
-9999 -9999 -9999 0.145 0.156 0.164 0.173 0.185 0.2 0.214 0.211 0.206 0.216 0.227 0.236 0.246 0.231 0.211 0.217 0.222 0.227 0.234 0.216 0.196 0.193 0.191 0.184 0.178 0.176 0.175 0.16 0.145 0.129 0.111 0.092 0.072 0.053 0.036 0.027 0.027 -9999 -9999 -9999 -9999 -9999 -9999 -9999 -9999 -9999 -9999 -9999 -9999 -9999 -9999 -9999 -9999 -9999 -9999 -9999 -9999 -9999 -9999 -9999 -9999 -9999 -9999 -9999 -9999 -9999 -9999 -9999 -9999 -9999 -9999 -9999 -9999 -9999
-9999 -9999 0.139 -9999 -9999 0.17 0.18 0.191 0.207 0.224 -9999 -9999 0.225 0.231 0.237 0.243 0.23 0.218 0.221 0.22 0.217 0.203 0.188 0.179 0.175 0.172 0.171 0.182 0.179 0.174 0.163 0.154 0.131 0.091 0.076 0.067 0.052 0.041 0.029 0.015 0.01 -9999 -9999 -9999 -9999 -9999 -9999 -9999 -9999 -9999 -9999 -9999 -9999 -9999 -9999 -9999 -9999 -9999 -9999 -9999 -9999 -9999 -9999 -9999 -9999 -9999 -9999 -9999 -9999 -9999 -9999 -9999 -9999 -9999 -9999 -9999 -9999
-9999 -9999 0.145 -9999 0.169 0.178 0.187 0.197 0.214 0.23 0.228 0.225 0.23 0.236 0.24 0.245 0.237 0.225 0.224 0.222 0.209 0.194 0.186 0.176 0.172 0.168 0.175 0.186 0.181 0.177 0.169 0.161 0.127 0.089 0.079 0.07 0.059 0.048 0.033 0.017 -9999 -9999 -9999 -9999 -9999 -9999 -9999 -9999 -9999 -9999 -9999 -9999 -9999 -9999 -9999 -9999 -9999 -9999 -9999 -9999 -9999 -9999 -9999 -9999 -9999 -9999 -9999 -9999 -9999 -9999 -9999 -9999 -9999 -9999 -9999 -9999 -9999
-9999 -9999 0.151 -9999 0.176 0.184 0.196 0.213 0.226 -9999 0.232 0.23 -9999 0.238 0.24 0.236 0.234 0.238 0.231 0.214 0.207 0.21 0.197 0.174 0.168 0.161 0.166 0.172 0.166 0.162 0.154 0.148 0.115 0.08 0.075 0.078 -9999 -9999 -9999 -9999 -9999 -9999 -9999 -9999 -9999 -9999 -9999 -9999 -9999 -9999 -9999 -9999 -9999 -9999 -9999 -9999 -9999 -9999 -9999 -9999 -9999 -9999 -9999 -9999 -9999 -9999 -9999 -9999 -9999 -9999 -9999 -9999 -9999 -9999 -9999 -9999 -9999
0.141 0.148 -9999 -9999 0.183 0.192 0.206 0.223 0.232 0.239 0.238 0.236 -9999 0.244 0.241 0.237 0.243 0.246 0.231 0.214 0.216 0.218 0.198 0.176 0.169 0.161 0.164 0.169 0.163 0.158 0.152 0.146 0.116 0.082 0.086 -9999 -9999 -9999 -9999 -9999 -9999 -9999 -9999 -9999 -9999 -9999 -9999 -9999 -9999 -9999 -9999 -9999 -9999 -9999 -9999 -9999 -9999 -9999 -9999 -9999 -9999 -9999 -9999 -9999 -9999 -9999 -9999 -9999 -9999 -9999 -9999 -9999 -9999 -9999 -9999 -9999 -9999
0.147 0.157 -9999 0.179 0.188 0.204 0.214 -9999 0.223 0.229 0.23 0.237 -9999 0.233 0.233 0.239 0.243 0.242 0.232 0.232 0.23 0.223 0.208 0.198 0.186 0.165 -9999 0.162 0.153 0.14 0.135 0.137 0.114 0.101 -9999 -9999 -9999 -9999 -9999 -9999 -9999 -9999 -9999 -9999 -9999 -9999 -9999 -9999 -9999 -9999 -9999 -9999 -9999 -9999 -9999 -9999 -9999 -9999 -9999 -9999 -9999 -9999 -9999 -9999 -9999 -9999 -9999 -9999 -9999 -9999 -9999 -9999 -9999 -9999 -9999 -9999 -9999
0.156 -9999 -9999 0.185 0.198 0.209 -9999 0.217 0.225 0.231 0.236 0.242 -9999 0.234 0.239 0.245 0.246 0.243 0.242 0.242 0.235 0.228 0.219 0.209 0.19 0.17 0.166 0.163 -9999 -9999 0.136 0.137 -9999 -9999 -9999 -9999 -9999 -9999 0.089 0.08 0.053 -9999 -9999 -9999 -9999 -9999 -9999 -9999 -9999 -9999 -9999 -9999 -9999 -9999 -9999 -9999 -9999 -9999 -9999 -9999 -9999 -9999 -9999 -9999 -9999 -9999 -9999 -9999 -9999 -9999 -9999 -9999 -9999 -9999 -9999 -9999 -9999
-9999 -9999 0.188 0.194 0.203 0.204 -9999 0.221 0.232 0.248 0.253 0.259 -9999 -9999 -9999 0.251 0.251 0.253 0.248 0.234 0.227 0.224 0.217 0.212 0.199 0.19 0.182 0.163 0.155 0.155 0.148 0.129 -9999 -9999 -9999 -9999 -9999 0.101 0.097 0.078 0.052 0.031 -9999 -9999 -9999 -9999 -9999 -9999 -9999 -9999 -9999 -9999 -9999 -9999 -9999 -9999 -9999 -9999 -9999 -9999 -9999 -9999 -9999 -9999 -9999 -9999 -9999 -9999 -9999 -9999 -9999 -9999 -9999 -9999 -9999 -9999 -9999
-9999 -9999 -9999 0.203 0.205 0.205 -9999 0.228 -9999 0.259 0.265 0.271 -9999 0.266 0.263 0.256 -9999 0.26 0.248 0.233 0.229 0.226 0.221 0.216 0.208 0.201 0.185 0.166 0.165 0.165 0.149 0.131 0.123 0.12 0.104 -9999 0.096 0.108 0.096 0.082 0.064 0.044 0.049 0.048 -9999 -9999 -9999 -9999 -9999 -9999 -9999 -9999 -9999 -9999 -9999 -9999 -9999 -9999 -9999 -9999 -9999 -9999 -9999 -9999 -9999 -9999 -9999 -9999 -9999 -9999 -9999 -9999 -9999 -9999 -9999 -9999 -9999
-9999 -9999 -9999 0.208 0.211 0.214 -9999 0.23 -9999 0.263 0.268 -9999 0.273 0.272 0.27 0.27 0.267 0.257 0.246 0.237 0.231 0.224 0.222 0.226 0.218 0.207 0.194 0.187 0.184 0.174 0.157 0.135 0.127 0.119 0.107 0.105 0.109 0.113 0.103 0.098 0.086 0.085 0.083 0.071 0.062 0.054 0.052 -9999 -9999 -9999 -9999 -9999 -9999 -9999 -9999 -9999 -9999 -9999 -9999 -9999 -9999 -9999 -9999 -9999 -9999 -9999 -9999 -9999 -9999 -9999 -9999 -9999 -9999 -9999 -9999 -9999 -9999
-9999 -9999 -9999 0.216 0.22 0.223 0.23 -9999 -9999 0.27 0.273 -9999 0.274 0.279 0.279 0.278 0.268 0.258 0.25 0.24 0.233 0.226 0.228 0.233 0.223 0.212 0.206 0.2 0.191 0.181 0.163 0.142 0.133 0.125 0.121 0.118 0.118 0.121 0.116 0.111 0.109 0.107 0.096 0.083 0.074 0.066 0.053 0.039 -9999 -9999 -9999 -9999 -9999 -9999 -9999 -9999 -9999 -9999 -9999 -9999 -9999 -9999 -9999 -9999 -9999 -9999 -9999 -9999 -9999 -9999 -9999 -9999 -9999 -9999 -9999 -9999 -9999
-9999 -9999 -9999 0.217 0.222 0.235 0.24 -9999 -9999 0.27 0.274 -9999 -9999 0.283 0.277 0.267 0.261 0.262 0.253 0.244 0.236 0.228 0.227 0.223 0.213 0.205 0.196 0.186 0.173 0.154 0.14 0.136 0.132 0.136 0.133 0.133 0.134 0.135 0.132 0.134 0.128 0.112 0.1 0.087 0.078 0.07 0.054 0.034 -9999 -9999 -9999 -9999 -9999 -9999 -9999 -9999 -9999 -9999 -9999 -9999 -9999 -9999 -9999 -9999 -9999 -9999 -9999 -9999 -9999 -9999 -9999 -9999 -9999 -9999 -9999 -9999 -9999
-9999 -9999 -9999 0.22 0.232 0.243 -9999 -9999 -9999 -9999 0.28 -9999 0.288 0.287 0.277 0.266 0.266 0.266 0.257 0.247 0.239 0.232 0.227 0.223 0.214 0.206 0.195 0.185 0.167 0.147 0.143 0.139 0.141 0.146 0.145 0.145 0.145 0.146 0.147 0.149 0.135 0.12 0.108 0.096 0.088 0.082 0.065 0.046 0.042 -9999 -9999 -9999 -9999 -9999 -9999 -9999 -9999 -9999 -9999 -9999 -9999 -9999 -9999 -9999 -9999 -9999 -9999 -9999 -9999 -9999 -9999 -9999 -9999 -9999 -9999 -9999 -9999
-9999 0.211 0.221 0.228 0.235 -9999 -9999 0.256 -9999 -9999 -9999 -9999 0.292 0.303 0.29 0.272 0.267 0.256 0.254 0.267 0.26 0.249 0.245 0.241 0.233 0.22 0.206 0.183 0.17 0.164 0.16 0.155 0.158 0.162 0.162 0.163 0.164 0.165 0.164 0.157 0.145 0.135 0.128 0.125 0.112 0.084 0.07 0.059 0.064 -9999 -9999 -9999 -9999 -9999 -9999 -9999 -9999 -9999 -9999 -9999 -9999 -9999 -9999 -9999 -9999 -9999 -9999 -9999 -9999 -9999 -9999 -9999 -9999 -9999 -9999 -9999 -9999
-9999 -9999 0.23 0.237 0.239 -9999 0.252 0.264 0.266 -9999 -9999 -9999 -9999 0.312 0.296 0.278 0.267 0.255 0.265 0.279 0.27 0.259 0.256 0.253 0.241 0.229 0.209 0.187 0.181 0.175 0.171 0.167 0.169 0.173 0.174 0.175 0.176 0.178 0.173 0.167 0.159 0.149 0.147 0.145 0.122 0.094 0.085 0.075 0.079 0.095 -9999 -9999 -9999 -9999 -9999 -9999 -9999 -9999 -9999 -9999 -9999 -9999 -9999 -9999 -9999 -9999 -9999 -9999 -9999 -9999 -9999 -9999 -9999 -9999 -9999 -9999 -9999
-9999 -9999 0.229 0.237 0.245 -9999 0.27 0.267 0.268 -9999 -9999 -9999 -9999 -9999 0.298 0.278 0.267 0.257 0.262 0.263 0.257 0.259 0.253 0.243 0.234 0.232 0.214 0.197 0.189 0.177 0.177 0.188 0.187 0.181 0.181 0.181 0.18 0.178 0.173 0.173 0.171 0.178 0.176 0.171 0.148 0.117 0.108 0.099 0.103 0.115 0.125 -9999 -9999 -9999 -9999 -9999 -9999 -9999 -9999 -9999 -9999 -9999 -9999 -9999 -9999 -9999 -9999 -9999 -9999 -9999 -9999 -9999 -9999 -9999 -9999 -9999 -9999
-9999 -9999 0.24 0.243 -9999 -9999 0.281 0.275 0.279 0.29 -9999 -9999 -9999 -9999 -9999 0.282 0.272 0.262 0.261 0.261 0.261 0.263 0.254 0.244 0.24 0.238 0.223 0.207 0.196 0.184 0.191 0.203 0.197 0.191 0.19 0.19 0.187 0.184 0.183 0.182 0.188 0.195 0.192 0.188 0.163 0.134 0.125 0.117 0.123 0.134 0.147 0.156 0.166 -9999 -9999 -9999 -9999 -9999 -9999 -9999 -9999 -9999 -9999 -9999 -9999 -9999 -9999 -9999 -9999 -9999 -9999 -9999 -9999 -9999 -9999 -9999 -9999
-9999 -9999 0.251 0.265 -9999 -9999 0.291 0.292 0.297 -9999 -9999 -9999 -9999 -9999 -9999 0.278 0.272 0.271 0.27 0.272 0.27 0.264 0.256 0.251 0.244 0.232 0.22 0.214 0.204 0.195 0.205 0.219 0.214 0.211 0.208 0.199 0.194 0.187 0.183 0.179 0.187 0.204 0.201 0.201 0.184 0.178 0.172 0.164 0.156 0.157 0.161 0.17 0.185 -9999 -9999 -9999 -9999 -9999 -9999 -9999 -9999 -9999 -9999 -9999 -9999 -9999 -9999 -9999 -9999 -9999 -9999 -9999 -9999 -9999 -9999 -9999 -9999
-9999 -9999 0.271 0.279 -9999 -9999 -9999 0.3 0.307 0.317 -9999 -9999 -9999 -9999 -9999 0.282 0.281 0.28 0.28 0.281 0.275 0.269 0.263 0.258 0.247 0.235 0.228 0.222 0.214 0.206 0.217 0.231 0.227 0.224 0.217 0.209 0.201 0.194 0.189 0.184 0.197 0.213 0.212 0.211 0.207 0.202 0.196 0.194 0.187 0.178 0.182 0.187 0.2 -9999 -9999 -9999 -9999 -9999 -9999 -9999 -9999 -9999 -9999 -9999 -9999 -9999 -9999 -9999 -9999 -9999 -9999 -9999 -9999 -9999 -9999 -9999 -9999
-9999 0.269 0.28 0.286 -9999 -9999 -9999 -9999 -9999 -9999 -9999 -9999 -9999 -9999 -9999 0.284 0.286 0.289 0.288 0.288 0.281 0.275 0.268 0.261 0.253 0.25 0.243 0.232 0.227 0.227 0.236 0.242 0.236 0.226 0.223 0.227 0.218 0.204 0.198 0.19 0.201 0.214 0.206 0.186 0.182 0.183 0.18 0.183 0.186 0.182 0.19 0.197 0.203 0.2 -9999 -9999 -9999 -9999 -9999 -9999 -9999 -9999 -9999 -9999 -9999 -9999 -9999 -9999 -9999 -9999 -9999 -9999 -9999 -9999 -9999 -9999 -9999
0.272 0.282 0.288 0.293 -9999 -9999 -9999 -9999 -9999 -9999 -9999 -9999 -9999 0.305 0.292 0.287 0.292 0.298 0.296 0.295 0.289 0.282 0.275 0.267 0.264 0.261 0.251 0.241 0.24 0.241 0.245 0.251 0.242 0.232 0.235 0.239 0.227 0.214 0.207 0.199 0.208 0.221 0.203 0.183 0.182 0.185 0.186 0.189 0.191 0.194 0.201 0.21 0.216 0.221 -9999 -9999 -9999 -9999 -9999 -9999 -9999 -9999 -9999 -9999 -9999 -9999 -9999 -9999 -9999 -9999 -9999 -9999 -9999 -9999 -9999 -9999 -9999
0.277 0.288 0.289 -9999 -9999 -9999 -9999 -9999 -9999 -9999 -9999 -9999 -9999 0.304 0.298 0.296 0.3 0.3 0.302 0.303 0.299 0.3 0.289 0.27 0.268 0.27 0.261 0.253 0.25 0.245 0.246 0.245 0.244 0.259 0.256 0.243 0.234 0.227 0.224 0.225 0.228 0.223 0.208 0.198 0.199 0.199 0.198 0.193 0.195 0.197 0.202 0.208 0.221 0.219 -9999 -9999 -9999 -9999 -9999 -9999 -9999 -9999 -9999 -9999 -9999 -9999 -9999 -9999 -9999 -9999 -9999 -9999 -9999 -9999 -9999 -9999 -9999
-9999 -9999 -9999 -9999 -9999 -9999 -9999 -9999 -9999 -9999 -9999 -9999 -9999 0.306 0.304 0.301 0.302 0.303 0.307 0.31 0.311 0.312 0.295 0.277 0.277 0.279 0.271 0.263 0.257 0.251 0.249 0.247 0.259 0.273 0.262 0.25 0.244 0.238 0.238 0.24 0.235 0.229 0.22 0.212 0.212 0.213 0.208 0.203 0.205 0.207 0.211 0.216 0.228 0.231 -9999 -9999 -9999 -9999 -9999 -9999 -9999 -9999 -9999 -9999 -9999 -9999 -9999 -9999 -9999 -9999 -9999 -9999 -9999 -9999 -9999 -9999 -9999
-9999 -9999 -9999 -9999 -9999 -9999 -9999 -9999 -9999 -9999 -9999 -9999 0.308 0.315 0.312 0.308 0.309 0.311 0.318 0.325 0.324 0.314 0.302 0.296 0.293 0.283 0.277 0.276 0.268 0.256 0.257 0.267 0.271 0.264 0.257 0.259 0.255 0.254 0.256 0.261 0.259 0.262 0.249 0.223 0.22 0.213 0.21 0.21 0.217 0.223 0.221 0.222 0.227 0.242 -9999 -9999 -9999 -9999 -9999 -9999 -9999 -9999 -9999 -9999 -9999 -9999 -9999 -9999 -9999 -9999 -9999 -9999 -9999 -9999 -9999 -9999 -9999
-9999 -9999 -9999 -9999 -9999 -9999 -9999 -9999 -9999 -9999 -9999 -9999 0.314 0.319 0.316 0.313 0.314 0.316 0.323 0.331 0.324 0.316 0.313 0.309 0.3 0.289 0.287 0.286 0.274 0.262 0.27 0.28 0.272 0.265 0.265 0.267 0.266 0.264 0.268 0.274 0.276 0.28 0.259 0.234 0.227 0.221 0.22 0.22 0.227 0.236 0.234 0.232 0.236 0.235 -9999 -9999 -9999 -9999 -9999 -9999 -9999 -9999 -9999 -9999 -9999 -9999 -9999 -9999 -9999 -9999 -9999 -9999 -9999 -9999 -9999 -9999 -9999
-9999 -9999 -9999 -9999 -9999 -9999 -9999 -9999 -9999 -9999 -9999 0.307 0.312 0.325 0.324 0.326 0.324 0.318 0.322 0.324 0.319 0.313 0.315 0.324 0.32 0.317 0.308 0.287 0.281 0.286 0.289 0.287 0.281 0.278 0.277 0.271 0.268 0.264 0.266 0.268 0.268 0.268 0.254 0.249 0.24 0.226 0.226 0.228 0.234 0.242 0.243 0.242 0.237 0.239 0.235 -9999 -9999 -9999 -9999 -9999 -9999 -9999 -9999 -9999 -9999 -9999 -9999 -9999 -9999 -9999 -9999 -9999 -9999 -9999 -9999 -9999 -9999
-9999 -9999 -9999 -9999 -9999 -9999 -9999 -9999 -9999 -9999 0.306 0.307 0.316 0.327 0.329 0.331 0.325 0.319 0.32 0.322 0.318 0.312 0.32 0.331 0.331 0.331 0.314 0.293 0.295 0.3 0.297 0.294 0.291 0.288 0.283 0.278 0.273 0.269 0.269 0.27 0.269 0.269 0.266 0.262 0.249 0.235 0.236 0.238 0.244 0.251 0.25 0.25 0.244 0.238 0.235 -9999 -9999 -9999 -9999 -9999 -9999 -9999 -9999 -9999 -9999 -9999 -9999 -9999 -9999 -9999 -9999 -9999 -9999 -9999 -9999 -9999 -9999
-9999 -9999 -9999 -9999 -9999 -9999 -9999 -9999 -9999 -9999 0.305 0.3 0.308 0.319 0.325 0.339 0.333 0.321 0.321 0.319 0.316 0.316 0.322 0.326 0.327 0.329 0.316 0.306 0.304 0.29 0.291 0.302 0.3 0.301 0.293 0.277 0.273 0.27 0.274 0.287 0.283 0.272 0.271 0.276 0.268 0.264 0.262 0.252 0.247 0.247 0.251 0.252 0.244 0.236 0.23 -9999 -9999 -9999 -9999 -9999 -9999 -9999 -9999 -9999 -9999 -9999 -9999 -9999 -9999 -9999 -9999 -9999 -9999 -9999 -9999 -9999 -9999
-9999 -9999 -9999 -9999 -9999 -9999 -9999 -9999 -9999 0.303 0.3 0.297 0.306 0.316 0.328 0.342 0.333 0.322 0.32 0.318 0.318 0.319 0.321 0.324 0.326 0.328 0.32 0.312 0.301 0.287 0.296 0.308 0.309 0.311 0.298 0.283 0.279 0.276 0.286 0.299 0.29 0.28 0.284 0.288 0.285 0.28 0.271 0.261 0.255 0.25 0.252 0.257 0.249 0.24 0.234 0.237 -9999 -9999 -9999 -9999 -9999 -9999 -9999 -9999 -9999 -9999 -9999 -9999 -9999 -9999 -9999 -9999 -9999 -9999 -9999 -9999 -9999
-9999 -9999 -9999 -9999 -9999 -9999 -9999 -9999 0.296 -9999 0.293 0.291 0.3 0.311 0.32 0.324 0.323 0.334 0.335 0.34 0.335 0.317 0.319 0.321 0.319 0.311 0.303 0.295 0.288 0.291 0.302 0.316 0.311 0.291 0.284 0.286 0.282 0.277 0.282 0.284 0.277 0.274 0.278 0.285 0.279 0.27 0.262 0.256 0.253 0.248 0.249 0.252 0.249 0.242 0.236 0.238 -9999 -9999 -9999 -9999 -9999 -9999 -9999 -9999 -9999 -9999 -9999 -9999 -9999 -9999 -9999 -9999 -9999 -9999 -9999 -9999 -9999
