Validation/Results/ReClimate_12_2023_2_Precipitation-Actualsweatherlogisticsltd.asc
NCOLS 192
NROWS 249
XLLCENTER -225160.85627316462
YLLCENTER 29788.11610251502
CELLSIZE 5000.0
NODATA_VALUE -9999
[rows 66 to 98 of 249, columns 74 to 147 of 192]
-9999 -9999 -9999 -9999 -9999 -9999 -9999 -9999 -9999 -9999 -9999 125.628 -9999 137.651 171.249 202.334 210.057 229.88 179.207 193.886 160.858 143.373 120.746 117.31 114.966 107.391 109.432 107.874 103.898 107.767 96.283 89.226 -9999 -9999 -9999 -9999 -9999 -9999 -9999 -9999 -9999 -9999 -9999 -9999 -9999 -9999 -9999 -9999 -9999 -9999 -9999 -9999 -9999 -9999 -9999 -9999 -9999 -9999 -9999 -9999 -9999 -9999 -9999 -9999 -9999 -9999 -9999 -9999 -9999 -9999 -9999 -9999 -9999 -9999
-9999 -9999 -9999 -9999 -9999 -9999 -9999 -9999 -9999 -9999 -9999 -9999 135.194 170.415 173.265 182.384 198.72 195.39 200.508 181.385 154.379 134.054 119.586 108.159 107.063 101.03 103.846 103.119 105.307 92.25 -9999 -9999 -9999 -9999 -9999 -9999 -9999 -9999 -9999 -9999 -9999 -9999 -9999 -9999 -9999 -9999 -9999 -9999 -9999 -9999 -9999 -9999 -9999 -9999 -9999 -9999 -9999 -9999 -9999 -9999 -9999 -9999 -9999 -9999 -9999 -9999 -9999 -9999 -9999 -9999 -9999 -9999 -9999 -9999
-9999 -9999 -9999 -9999 -9999 -9999 -9999 -9999 -9999 -9999 -9999 -9999 169.762 179.154 168.597 159.697 180.283 194.366 170.091 145.455 131.646 114.784 106.489 102.052 105.236 102.178 91.844 94.398 83.692 65.456 -9999 -9999 -9999 -9999 -9999 -9999 -9999 -9999 -9999 -9999 -9999 -9999 -9999 -9999 -9999 -9999 -9999 -9999 -9999 -9999 -9999 -9999 -9999 -9999 -9999 -9999 -9999 -9999 -9999 -9999 -9999 -9999 -9999 -9999 -9999 -9999 -9999 -9999 -9999 -9999 -9999 -9999 -9999 -9999
-9999 -9999 -9999 -9999 -9999 -9999 -9999 -9999 -9999 -9999 -9999 -9999 -9999 -9999 159.248 166.522 177.198 166.432 151.951 144.618 135.357 118.951 101.228 96.946 105.028 95.718 87.802 71.395 -9999 -9999 -9999 -9999 -9999 -9999 -9999 -9999 -9999 -9999 -9999 -9999 -9999 -9999 -9999 -9999 -9999 -9999 -9999 -9999 -9999 -9999 -9999 -9999 -9999 -9999 -9999 -9999 -9999 -9999 -9999 -9999 -9999 -9999 -9999 -9999 -9999 -9999 -9999 -9999 -9999 -9999 -9999 -9999 -9999 -9999
-9999 -9999 -9999 -9999 -9999 -9999 -9999 -9999 135.575 -9999 -9999 183.649 194.704 174.184 163.639 190.016 178.916 173.015 171.384 163.699 143.283 123.856 93.633 93.883 92.202 94.259 79.302 70.755 -9999 -9999 -9999 -9999 -9999 -9999 -9999 -9999 -9999 -9999 -9999 -9999 -9999 -9999 -9999 -9999 -9999 -9999 -9999 -9999 -9999 -9999 -9999 -9999 -9999 -9999 -9999 -9999 -9999 -9999 -9999 -9999 -9999 -9999 -9999 -9999 -9999 -9999 -9999 -9999 -9999 -9999 -9999 -9999 -9999 -9999
-9999 -9999 -9999 -9999 -9999 -9999 133.51 137.61 151.268 156.349 175.819 196.271 215.032 212.292 207.457 168.48 189.646 196.192 191.977 173.643 149.861 139.545 127.572 91.727 85.932 77.529 67.137 56.532 -9999 -9999 -9999 -9999 -9999 -9999 -9999 -9999 -9999 -9999 -9999 -9999 -9999 -9999 -9999 -9999 -9999 -9999 -9999 -9999 -9999 -9999 -9999 -9999 -9999 -9999 -9999 -9999 -9999 -9999 -9999 -9999 -9999 -9999 -9999 -9999 -9999 -9999 -9999 -9999 -9999 -9999 -9999 -9999 -9999 -9999
-9999 -9999 -9999 -9999 -9999 -9999 149.237 159.921 -9999 177.796 200.932 220.913 224.177 253.067 196.487 197.647 209.153 218.079 228.188 193.944 177.44 174.391 137.206 115.922 108.866 83.329 66.98 -9999 49.35 -9999 -9999 -9999 -9999 -9999 -9999 -9999 -9999 -9999 -9999 -9999 -9999 -9999 -9999 -9999 -9999 -9999 -9999 -9999 -9999 -9999 -9999 -9999 -9999 -9999 -9999 -9999 -9999 -9999 -9999 -9999 -9999 -9999 -9999 -9999 -9999 -9999 -9999 -9999 -9999 -9999 -9999 -9999 -9999 -9999
-9999 -9999 -9999 -9999 -9999 -9999 -9999 181.375 183.888 191.842 221.275 219.698 254.854 228.512 209.143 195.837 187.284 202.394 210.519 177.739 169.879 167.682 134.313 119.76 96.287 79.779 67.541 53.049 46.899 -9999 -9999 -9999 -9999 -9999 -9999 -9999 -9999 -9999 -9999 -9999 -9999 -9999 -9999 -9999 -9999 -9999 -9999 -9999 -9999 -9999 -9999 -9999 -9999 -9999 -9999 -9999 -9999 -9999 -9999 -9999 -9999 -9999 -9999 -9999 -9999 -9999 -9999 -9999 -9999 -9999 -9999 -9999 -9999 -9999
149.71 -9999 -9999 -9999 -9999 -9999 -9999 -9999 181.645 198.186 216.774 271.959 264.53 256.387 230.658 225.091 224.218 202.139 167.77 151.492 165.408 150.462 132.059 115.728 84.393 69.29 50.228 49.455 52.253 -9999 -9999 -9999 -9999 -9999 -9999 -9999 -9999 -9999 -9999 -9999 -9999 -9999 -9999 -9999 -9999 -9999 -9999 -9999 -9999 -9999 -9999 -9999 -9999 -9999 -9999 -9999 -9999 -9999 -9999 -9999 -9999 -9999 -9999 -9999 -9999 -9999 -9999 -9999 -9999 -9999 -9999 -9999 -9999 -9999
167.573 -9999 -9999 -9999 -9999 -9999 190.98 189.347 208.583 222.649 242.593 248.317 279.727 263.243 242.398 236.077 209.313 189.48 171.068 142.156 147.892 163.943 133.247 92.001 68.82 54.136 -9999 53.143 -9999 -9999 -9999 -9999 -9999 -9999 54.455 54.654 53.23 -9999 -9999 -9999 -9999 -9999 -9999 -9999 -9999 -9999 -9999 -9999 -9999 -9999 -9999 -9999 -9999 -9999 -9999 -9999 -9999 -9999 -9999 -9999 -9999 -9999 -9999 -9999 -9999 -9999 -9999 -9999 -9999 -9999 -9999 -9999 -9999 -9999
187.986 187.471 -9999 -9999 -9999 -9999 -9999 204.604 220.32 245.854 251.53 277.665 258.46 251.134 229.268 224.38 191.864 168.83 133.436 136.504 157.41 135.31 104.25 80.862 69.568 65.947 59.365 -9999 -9999 -9999 -9999 43.941 45.059 47.272 51.643 53.639 51.403 50.429 49.452 53.591 62.338 67.023 60.449 54.971 58.268 62.415 64.815 65.507 63.813 61.284 59.825 61.172 62.959 -9999 -9999 -9999 -9999 -9999 -9999 -9999 -9999 -9999 -9999 -9999 -9999 -9999 -9999 -9999 -9999 -9999 -9999 -9999 -9999 -9999
226.122 228.979 -9999 -9999 -9999 200.59 -9999 202.555 204.191 242.041 288.739 271.641 253.578 220.756 221.328 198.171 188.904 161.839 148.364 131.11 111.932 104.915 87.271 74.441 75.097 66.09 -9999 -9999 -9999 -9999 48.948 47.179 49.257 53.194 59.198 53.112 53.838 57.758 60.147 68.143 71.089 71.585 64.923 60.116 63.738 62.404 62.313 65.086 67.68 64.796 64.298 69.325 63.376 -9999 -9999 -9999 -9999 -9999 -9999 -9999 -9999 -9999 -9999 -9999 -9999 -9999 -9999 -9999 -9999 -9999 -9999 -9999 -9999 -9999
223.904 218.033 -9999 -9999 -9999 205.288 204.807 201.875 247.702 292.909 285.007 291.61 248.134 237.946 219.516 200.999 172.217 158.166 160.713 139.976 131.707 98.254 74.866 76.556 64.406 -9999 -9999 53.652 50.725 50.849 52.184 53.289 52.24 53.374 60.64 65.045 70.199 69.398 66.351 66.232 66.196 65.839 65.487 70.613 63.545 61.593 61.735 68.481 71.187 70.2 73.406 70.146 65.472 63.013 -9999 -9999 -9999 -9999 -9999 -9999 -9999 -9999 -9999 -9999 -9999 -9999 -9999 -9999 -9999 -9999 -9999 -9999 -9999 -9999
207.411 202.385 -9999 191.398 -9999 173.917 180.352 240.679 283.498 266.525 297.322 283.641 263.472 245.872 233.384 228.032 195.155 178.316 165.511 179.286 178.648 107.328 69.886 60.359 57.742 -9999 63.522 64.58 56.909 53.073 52.953 53.231 62.842 69.504 76.035 81.443 78.133 72.666 71.702 72.576 73.874 70.676 68.182 65.588 66.681 62.733 63.698 70.076 72.078 72.555 74.343 72.957 64.188 61.175 -9999 -9999 -9999 -9999 -9999 -9999 -9999 -9999 -9999 -9999 -9999 -9999 -9999 -9999 -9999 -9999 -9999 -9999 -9999 -9999
198.963 -9999 186.904 -9999 -9999 -9999 243.082 317.288 269.054 258.778 216.617 229.997 233.935 230.445 242.613 224.943 217.748 199.068 179.668 171.182 125.504 83.358 72.88 78.02 65.531 64.712 74.451 79.461 80.029 71.961 61.247 70.18 74.597 83.775 82.382 70.991 69.844 66.991 66.651 76.179 72.309 70.398 67.007 66.569 67.667 64.165 59.92 69.042 68.033 67.871 75.359 72.193 67.982 63.691 -9999 -9999 -9999 -9999 -9999 -9999 -9999 -9999 -9999 -9999 -9999 -9999 -9999 -9999 -9999 -9999 -9999 -9999 -9999 -9999
202.973 196.549 -9999 -9999 -9999 -9999 256.846 250.547 232.95 -9999 209.745 227.144 234.639 226.129 225.42 219.161 187.67 176.912 166.813 146.333 123.999 103.297 100.034 93.866 68.242 74.924 76.044 90.732 101.132 88.074 68.471 63.119 78.837 83.796 65.199 63.555 74.987 68.211 86.434 82.19 74.711 79.555 69.651 71.189 79.443 64.775 67.107 66.685 66.705 66.285 71.557 71.144 63.177 60.743 -9999 -9999 -9999 -9999 -9999 -9999 -9999 -9999 -9999 -9999 -9999 -9999 -9999 -9999 -9999 -9999 -9999 -9999 -9999 -9999
246.08 253.352 -9999 -9999 -9999 205.471 -9999 -9999 188.09 194.423 219.09 254.473 260.954 247.808 249.367 220.339 209.961 174.009 143.798 128.083 118.483 109.42 108.48 70.074 73.919 76.598 98.315 97.652 98.089 97.202 72.924 70.907 74.131 67.077 64.876 77.523 71.401 75.698 86.198 81.879 91.513 80.59 73.431 79.229 69.774 66.39 68.473 72.475 65.571 65.46 68.429 66.034 59.405 -9999 -9999 -9999 -9999 -9999 -9999 -9999 -9999 -9999 -9999 -9999 -9999 -9999 -9999 -9999 -9999 -9999 -9999 -9999 -9999 -9999
281.586 291.323 249.329 207.774 -9999 -9999 -9999 211.948 181.974 -9999 224.858 233.554 244.315 256.227 248.394 248.253 205.248 147.288 137.964 131.075 127.395 114.835 87.523 88.054 80.554 96.958 101.267 97.036 101.507 89.091 70.67 68.07 61.569 63.219 82.713 74.763 80.034 102.058 91.343 84.567 85.425 71.519 69.433 68.068 68.207 63.216 67.617 67.003 66.702 65.508 64.514 59.1 -9999 -9999 -9999 -9999 -9999 -9999 -9999 -9999 -9999 -9999 -9999 -9999 -9999 -9999 -9999 -9999 -9999 -9999 -9999 -9999 -9999 -9999
278.513 284.893 256.192 221.491 -9999 204.781 217.495 219.228 226.154 254.415 248.515 250.901 271.863 280.392 251.48 210.792 186.861 168.363 160.994 157.232 141.084 113.116 97.407 96.819 115.221 120.828 110.612 108.093 92.012 63.519 62.643 64.582 63.871 74.69 65.382 68.885 80.167 92.74 95.631 98.837 97.817 76.576 78.111 73.612 77.99 84.209 68.263 63.878 67.962 69.495 61.743 55.555 -9999 -9999 -9999 -9999 -9999 -9999 -9999 -9999 -9999 -9999 -9999 -9999 -9999 -9999 -9999 -9999 -9999 -9999 -9999 -9999 -9999 -9999
251.478 257.425 235.253 209.91 202.951 199.491 226.568 -9999 224.501 260.314 292.128 315.996 294.814 274.397 237.912 239.522 210.598 185.078 159.802 144.455 133.509 101.329 93.894 120.415 136.13 121.234 117.605 113.95 85.191 83.751 69.431 66.848 59.499 65.72 79.83 80.647 83.156 100.188 97.05 93.669 85.986 74.035 65.01 58.906 68.522 65.484 60.141 61.291 63.975 62.563 57.784 -9999 -9999 -9999 -9999 -9999 -9999 -9999 -9999 -9999 -9999 -9999 -9999 -9999 -9999 -9999 -9999 -9999 -9999 -9999 -9999 -9999 -9999 -9999
242.257 -9999 -9999 -9999 185.246 206.88 -9999 215.24 250.705 309.801 345.793 323.168 327.381 301.909 282.318 246.683 192.714 166.414 163.501 163.301 119.522 105.815 123.084 150.833 156.228 151.707 149.275 115.471 111.538 90.36 76.119 76.91 68.372 93.052 96.979 92.835 95.219 89.25 75.0 74.701 71.059 76.311 70.002 60.321 66.362 64.648 61.084 61.165 63.692 62.774 58.622 -9999 -9999 -9999 -9999 -9999 -9999 -9999 -9999 -9999 -9999 -9999 -9999 -9999 -9999 -9999 -9999 -9999 -9999 -9999 -9999 -9999 -9999 -9999
-9999 -9999 -9999 175.284 183.089 -9999 193.697 221.128 -9999 302.948 301.782 332.066 328.887 331.466 285.46 231.936 216.167 200.589 165.761 136.229 140.17 134.072 151.232 178.677 180.501 173.008 151.337 114.832 78.764 61.807 73.011 75.103 95.582 109.604 106.3 93.316 90.596 78.669 79.714 68.371 71.707 75.24 62.144 67.952 71.634 65.535 65.105 61.95 68.082 70.425 59.389 -9999 -9999 -9999 -9999 -9999 -9999 -9999 -9999 -9999 -9999 -9999 -9999 -9999 -9999 -9999 -9999 -9999 -9999 -9999 -9999 -9999 -9999 -9999
-9999 -9999 -9999 162.906 -9999 -9999 199.614 231.128 274.383 284.59 323.209 326.471 310.174 283.371 251.937 209.483 185.838 169.101 175.728 188.957 182.625 182.706 197.342 201.617 187.882 158.556 108.867 79.809 78.964 101.574 122.662 152.19 157.041 142.801 128.764 121.882 100.235 87.151 75.64 68.687 60.619 60.15 63.943 68.381 75.213 89.134 73.167 67.753 78.02 88.191 58.861 -9999 -9999 -9999 -9999 -9999 -9999 -9999 -9999 -9999 -9999 -9999 -9999 -9999 -9999 -9999 -9999 -9999 -9999 -9999 -9999 -9999 -9999 -9999
-9999 -9999 -9999 -9999 -9999 -9999 -9999 257.227 276.598 277.642 324.302 326.738 283.51 278.266 251.836 218.713 212.746 225.799 231.051 211.669 209.378 188.025 179.14 175.817 163.284 124.738 86.73 84.178 97.722 128.422 160.491 152.014 154.891 144.81 136.655 120.938 103.236 92.192 82.847 62.419 58.707 65.726 58.748 63.543 80.085 71.518 66.736 66.174 82.089 70.464 -9999 -9999 -9999 -9999 -9999 -9999 -9999 -9999 -9999 -9999 -9999 -9999 -9999 -9999 -9999 -9999 -9999 -9999 -9999 -9999 -9999 -9999 -9999 -9999
-9999 -9999 -9999 -9999 -9999 165.617 199.151 -9999 283.238 299.834 348.758 310.074 268.629 251.212 241.516 259.199 266.429 245.287 196.484 202.628 196.963 182.944 156.366 141.154 114.257 100.715 115.884 119.587 132.482 156.948 147.032 138.888 108.282 115.396 105.32 82.871 80.406 87.132 89.934 83.545 80.488 80.444 88.905 80.268 68.242 76.742 81.636 80.287 74.727 66.436 -9999 -9999 -9999 -9999 -9999 -9999 -9999 -9999 -9999 -9999 -9999 -9999 -9999 -9999 -9999 -9999 -9999 -9999 -9999 -9999 -9999 -9999 -9999 -9999
-9999 -9999 -9999 -9999 158.52 158.42 215.499 257.913 305.256 341.948 343.143 319.437 268.145 234.629 242.176 239.483 233.901 231.482 217.521 231.925 226.63 157.83 152.665 127.086 120.551 125.076 144.274 150.619 150.76 142.639 140.619 113.084 106.445 109.259 108.913 103.231 104.421 100.735 95.141 112.269 121.93 120.883 110.812 95.801 98.033 97.217 88.764 76.834 69.382 -9999 -9999 -9999 -9999 -9999 -9999 -9999 -9999 -9999 -9999 -9999 -9999 -9999 -9999 -9999 -9999 -9999 -9999 -9999 -9999 -9999 -9999 -9999 -9999 -9999
-9999 -9999 -9999 -9999 151.324 -9999 215.509 250.573 284.953 332.025 329.029 254.651 235.054 245.812 210.289 194.392 200.122 200.078 216.545 209.95 162.738 166.438 176.423 155.579 142.989 170.942 166.547 163.702 162.5 161.869 149.113 132.159 123.059 126.892 126.889 133.188 136.648 112.013 129.78 130.199 107.52 111.226 116.082 106.382 102.762 91.328 76.756 73.589 64.764 -9999 -9999 -9999 -9999 -9999 -9999 -9999 -9999 -9999 -9999 -9999 -9999 -9999 -9999 -9999 -9999 -9999 -9999 -9999 -9999 -9999 -9999 -9999 -9999 -9999
-9999 -9999 -9999 -9999 -9999 -9999 239.624 270.581 278.807 308.274 267.468 213.999 217.588 205.084 180.093 179.728 186.83 212.68 199.129 199.05 184.425 198.566 181.077 155.917 168.615 185.216 177.305 170.67 154.604 160.108 140.802 132.957 151.66 146.866 148.541 166.286 157.967 159.257 155.217 134.352 120.298 113.304 99.829 99.427 97.042 82.346 69.224 62.65 52.991 -9999 -9999 -9999 -9999 -9999 -9999 -9999 -9999 -9999 -9999 -9999 -9999 -9999 -9999 -9999 -9999 -9999 -9999 -9999 -9999 -9999 -9999 -9999 -9999 -9999
-9999 -9999 -9999 -9999 176.471 196.746 229.249 246.743 266.183 292.893 248.644 254.905 261.045 -9999 230.249 273.943 277.478 260.966 245.42 238.854 223.777 220.117 209.647 195.787 184.605 168.27 145.757 129.297 131.527 136.825 122.951 145.097 136.895 135.787 131.579 148.321 159.169 149.131 126.75 127.236 120.055 105.312 110.506 94.526 80.893 67.096 60.143 56.941 42.383 -9999 -9999 -9999 -9999 -9999 -9999 -9999 -9999 -9999 -9999 -9999 -9999 -9999 -9999 -9999 -9999 -9999 -9999 -9999 -9999 -9999 -9999 -9999 -9999 -9999
168.312 149.663 156.227 170.468 -9999 192.051 224.35 250.789 285.993 283.033 273.834 270.212 -9999 265.681 306.294 306.768 324.134 281.655 250.056 219.031 227.396 221.155 215.883 194.257 169.701 140.416 120.032 100.139 111.925 104.862 123.593 124.788 127.586 123.257 118.393 124.711 129.99 118.745 116.772 113.05 105.856 103.534 86.307 77.555 67.013 61.03 62.035 47.135 -9999 -9999 -9999 -9999 -9999 -9999 -9999 -9999 -9999 -9999 -9999 -9999 -9999 -9999 -9999 -9999 -9999 -9999 -9999 -9999 -9999 -9999 -9999 -9999 -9999 -9999
144.828 151.319 167.343 190.207 196.81 -9999 228.43 254.689 263.088 275.065 257.716 237.736 235.167 274.72 286.663 285.105 299.538 277.246 246.832 222.279 207.876 183.902 176.317 155.74 140.807 142.535 108.789 106.406 93.643 96.54 102.262 117.324 107.709 97.141 99.493 117.264 111.216 108.624 98.643 100.799 87.737 72.161 68.358 67.078 61.597 57.476 -9999 -9999 -9999 -9999 -9999 -9999 -9999 -9999 -9999 -9999 -9999 -9999 -9999 -9999 -9999 -9999 -9999 -9999 -9999 -9999 -9999 -9999 -9999 -9999 -9999 -9999 -9999 -9999
-9999 -9999 -9999 188.275 -9999 226.272 241.581 258.699 291.735 283.9 -9999 -9999 267.076 268.686 280.442 306.024 286.685 271.032 237.94 217.298 166.061 149.495 133.99 128.889 127.121 113.666 117.253 99.176 99.936 94.389 97.606 101.077 96.452 87.033 98.036 101.72 99.602 90.524 89.299 81.148 67.919 57.119 55.074 60.3 55.839 -9999 -9999 -9999 -9999 -9999 -9999 -9999 -9999 -9999 -9999 -9999 -9999 -9999 -9999 -9999 -9999 -9999 -9999 -9999 -9999 -9999 -9999 -9999 -9999 -9999 -9999 -9999 -9999 -9999
163.695 178.464 -9999 201.082 234.9 229.248 248.005 274.582 287.012 -9999 -9999 252.155 282.139 302.904 322.536 286.496 274.394 255.963 230.087 191.806 169.002 157.207 165.929 162.449 160.404 170.082 144.432 122.172 111.67 89.423 86.025 82.175 88.928 90.858 91.18 89.106 83.089 72.991 69.396 63.512 57.293 51.649 52.213 54.766 54.935 51.943 -9999 -9999 -9999 -9999 -9999 -9999 -9999 -9999 -9999 -9999 -9999 -9999 -9999 -9999 -9999 -9999 -9999 -9999 -9999 -9999 -9999 -9999 -9999 -9999 -9999 -9999 -9999 -9999
