Validation/Results/ReClimate_12_2023_2_Precipitation-Actualsweatherlogisticsltd.asc
NCOLS 192
NROWS 249
XLLCENTER -225160.85627316462
YLLCENTER 29788.11610251502
CELLSIZE 5000.0
NODATA_VALUE -9999
[rows 132 to 164 of 249, columns 74 to 147 of 192]
-9999 -9999 -9999 -9999 -9999 -9999 -9999 -9999 -9999 -9999 -9999 -9999 -9999 115.157 125.604 147.381 164.367 169.867 172.439 207.776 221.989 241.513 236.616 180.897 155.134 159.178 161.969 150.008 140.778 139.252 127.772 122.587 121.345 115.216 113.333 126.5 136.455 137.411 128.988 136.521 135.267 125.257 137.842 143.289 137.315 132.421 124.122 115.069 102.401 89.801 83.701 77.895 76.378 68.481 69.307 65.959 58.97 55.507 -9999 -9999 -9999 -9999 -9999 -9999 -9999 -9999 -9999 -9999 -9999 -9999 -9999 -9999 -9999 -9999
104.072 -9999 -9999 -9999 -9999 -9999 -9999 -9999 -9999 -9999 -9999 -9999 -9999 117.924 153.026 154.61 161.774 159.698 171.76 204.196 247.947 259.819 224.078 189.752 160.189 157.446 155.813 153.943 159.724 132.275 121.53 120.011 113.933 111.084 113.398 124.701 124.995 119.799 114.133 119.921 117.366 119.456 126.534 132.592 130.32 128.216 122.309 103.689 93.185 86.737 76.375 74.076 74.567 66.622 62.679 64.324 58.763 56.673 -9999 -9999 -9999 -9999 -9999 -9999 -9999 -9999 -9999 -9999 -9999 -9999 -9999 -9999 -9999 -9999
120.051 -9999 -9999 -9999 -9999 -9999 -9999 -9999 -9999 -9999 -9999 -9999 110.551 141.094 145.272 153.453 158.57 157.622 163.828 200.123 221.378 224.06 235.678 196.528 171.112 151.708 146.905 154.453 138.757 127.732 117.685 106.542 110.844 103.116 104.896 108.941 110.033 104.539 99.422 99.78 104.116 101.685 113.356 119.706 117.164 115.46 108.007 101.492 92.545 84.712 71.9 64.824 67.962 66.477 61.696 60.041 59.761 57.385 53.795 -9999 -9999 -9999 -9999 -9999 -9999 -9999 -9999 -9999 -9999 -9999 -9999 -9999 -9999 -9999
112.557 -9999 -9999 -9999 -9999 -9999 -9999 -9999 -9999 -9999 -9999 102.127 -9999 124.936 141.441 146.041 148.162 140.141 139.596 151.373 164.717 209.053 231.989 202.364 166.828 141.801 134.69 130.304 128.444 127.278 123.708 118.487 114.303 95.716 91.252 91.666 92.014 86.515 81.35 84.014 86.172 91.73 94.219 95.005 101.412 103.181 96.411 88.303 82.797 69.065 70.76 71.005 64.144 62.764 59.576 58.383 58.635 57.503 54.9 -9999 -9999 -9999 -9999 -9999 -9999 -9999 -9999 -9999 -9999 -9999 -9999 -9999 -9999 -9999
112.728 101.905 -9999 -9999 -9999 -9999 -9999 -9999 -9999 -9999 -9999 100.791 -9999 113.971 122.338 122.263 123.392 123.634 124.463 123.37 138.045 180.076 195.599 182.887 159.615 137.864 126.076 119.865 129.261 140.13 148.152 -9999 -9999 -9999 -9999 -9999 -9999 77.235 73.525 75.895 79.064 78.557 77.323 93.325 105.779 96.541 85.478 87.446 76.236 76.2 76.279 65.538 64.297 60.163 62.911 56.425 54.102 53.473 54.195 51.387 -9999 -9999 -9999 -9999 -9999 -9999 -9999 -9999 -9999 -9999 -9999 -9999 -9999 -9999
116.38 105.926 90.007 -9999 -9999 -9999 -9999 -9999 -9999 -9999 -9999 99.54 99.674 98.75 100.286 107.775 112.344 118.701 118.31 114.352 125.481 155.443 178.955 168.385 157.837 138.562 126.391 132.908 126.724 136.772 128.84 -9999 -9999 -9999 -9999 77.378 75.887 73.093 71.862 70.756 73.689 75.559 88.682 110.34 119.591 103.086 97.815 82.888 71.21 83.525 74.136 69.676 68.148 64.671 60.759 66.132 61.101 53.16 54.06 49.539 -9999 -9999 -9999 -9999 -9999 -9999 -9999 -9999 -9999 -9999 -9999 -9999 -9999 -9999
109.029 100.434 94.538 86.293 -9999 -9999 -9999 -9999 -9999 -9999 -9999 96.124 89.681 89.148 -9999 -9999 103.693 108.241 110.332 110.524 -9999 123.422 136.771 139.705 139.074 124.057 127.783 125.369 120.146 -9999 -9999 -9999 -9999 -9999 77.821 75.55 74.345 70.951 72.317 70.342 71.465 81.738 99.163 128.624 142.319 130.028 126.034 98.57 100.608 89.854 86.641 83.991 74.106 74.101 66.226 62.113 61.727 58.786 53.271 50.461 -9999 -9999 -9999 -9999 -9999 -9999 -9999 -9999 -9999 -9999 -9999 -9999 -9999 -9999
96.127 97.176 97.245 84.85 -9999 -9999 -9999 -9999 -9999 -9999 -9999 -9999 87.888 82.037 -9999 -9999 -9999 97.502 101.075 103.129 99.299 -9999 -9999 113.588 110.767 110.827 127.812 129.376 -9999 -9999 -9999 -9999 -9999 92.304 80.89 77.456 76.791 77.347 75.722 71.767 78.662 90.673 104.259 126.932 137.147 153.563 137.027 133.644 127.955 124.976 109.789 101.002 92.794 77.528 66.603 66.077 61.162 58.956 57.785 54.768 -9999 -9999 -9999 -9999 -9999 -9999 -9999 -9999 -9999 -9999 -9999 -9999 -9999 -9999
86.056 88.865 85.081 -9999 -9999 -9999 -9999 -9999 -9999 -9999 -9999 -9999 -9999 79.684 -9999 -9999 -9999 -9999 92.355 100.62 98.663 -9999 -9999 -9999 109.039 111.58 -9999 -9999 -9999 -9999 -9999 -9999 -9999 89.576 85.405 92.1 91.419 93.699 91.641 88.756 85.237 89.306 100.392 105.451 124.379 138.334 149.509 158.227 152.369 139.291 115.298 110.943 102.54 83.399 71.009 68.441 63.505 56.929 59.578 56.015 -9999 -9999 -9999 -9999 -9999 -9999 -9999 -9999 -9999 -9999 -9999 -9999 -9999 -9999
84.882 83.478 -9999 -9999 -9999 -9999 -9999 -9999 -9999 -9999 -9999 -9999 -9999 87.064 -9999 -9999 -9999 -9999 -9999 92.807 93.948 -9999 -9999 -9999 -9999 -9999 -9999 -9999 -9999 -9999 -9999 -9999 -9999 88.432 102.577 105.958 113.217 117.972 123.57 109.731 90.847 94.169 94.494 108.054 134.103 162.386 178.304 175.081 162.069 129.343 118.687 102.534 90.205 84.587 77.352 70.041 62.759 57.941 61.386 62.096 53.017 -9999 -9999 -9999 -9999 -9999 -9999 -9999 -9999 -9999 -9999 -9999 -9999 -9999
79.689 -9999 80.146 79.314 75.714 69.369 -9999 -9999 -9999 -9999 -9999 -9999 -9999 87.016 -9999 -9999 -9999 -9999 -9999 -9999 -9999 -9999 -9999 -9999 -9999 -9999 -9999 -9999 -9999 -9999 -9999 -9999 96.234 96.68 110.94 112.867 121.33 155.608 153.051 143.163 119.935 99.995 97.56 88.696 117.57 165.165 191.033 182.218 161.803 167.162 157.298 128.275 103.601 80.416 74.83 71.043 65.341 61.301 60.707 62.104 58.433 51.998 -9999 -9999 -9999 -9999 -9999 -9999 -9999 -9999 -9999 -9999 -9999 -9999
77.183 77.875 77.813 74.482 68.793 68.105 -9999 -9999 -9999 -9999 -9999 -9999 -9999 -9999 -9999 -9999 -9999 -9999 -9999 -9999 -9999 -9999 -9999 -9999 -9999 -9999 -9999 -9999 -9999 -9999 -9999 109.218 101.998 116.795 128.215 140.24 169.796 213.243 201.347 162.808 131.225 112.703 87.443 85.84 108.133 151.862 187.965 173.637 167.057 159.795 149.577 126.175 104.305 90.464 76.383 68.925 61.623 58.422 55.739 57.545 54.37 50.109 -9999 -9999 -9999 -9999 -9999 -9999 -9999 -9999 -9999 -9999 -9999 -9999
75.427 77.328 76.486 72.367 -9999 65.2 65.283 -9999 -9999 -9999 -9999 -9999 -9999 -9999 -9999 -9999 -9999 -9999 -9999 -9999 -9999 -9999 -9999 -9999 -9999 -9999 -9999 -9999 -9999 -9999 -9999 118.274 116.703 134.365 170.865 198.857 206.237 198.869 204.334 188.471 162.517 136.423 112.514 101.131 103.033 129.468 147.319 168.886 150.182 143.956 125.612 108.514 86.393 77.469 67.654 63.894 59.118 56.691 53.125 52.722 50.829 46.627 45.376 46.735 -9999 -9999 -9999 -9999 -9999 -9999 -9999 -9999 -9999 -9999
76.383 78.9 77.041 71.158 -9999 -9999 64.828 -9999 -9999 -9999 -9999 -9999 -9999 -9999 -9999 -9999 -9999 -9999 -9999 -9999 -9999 -9999 -9999 -9999 -9999 -9999 -9999 -9999 -9999 -9999 -9999 126.604 131.867 160.383 205.56 237.203 238.618 256.04 254.49 228.259 209.045 192.25 154.396 129.916 113.322 94.361 115.941 123.038 113.33 124.837 118.533 99.845 83.318 72.83 64.491 56.158 58.213 53.263 50.567 49.604 49.046 50.323 56.494 56.496 57.115 56.124 66.024 -9999 -9999 -9999 -9999 -9999 -9999 -9999
76.308 78.291 77.241 72.737 63.778 -9999 64.304 -9999 -9999 -9999 -9999 -9999 -9999 -9999 -9999 -9999 -9999 -9999 -9999 -9999 -9999 -9999 -9999 -9999 -9999 -9999 -9999 -9999 -9999 -9999 101.17 131.225 153.401 202.117 279.853 327.374 335.537 282.982 274.21 277.711 278.963 240.948 213.305 177.488 130.032 106.705 117.109 101.499 108.162 123.869 112.884 97.1 89.125 74.946 67.446 61.874 58.047 53.771 44.501 45.105 49.514 51.625 59.852 75.318 73.236 72.959 71.023 69.176 72.73 -9999 -9999 -9999 -9999 -9999
84.123 81.294 78.321 71.261 -9999 64.23 -9999 -9999 -9999 -9999 -9999 -9999 -9999 -9999 -9999 -9999 -9999 -9999 -9999 -9999 -9999 -9999 -9999 -9999 -9999 -9999 -9999 -9999 -9999 -9999 -9999 104.724 139.522 194.567 257.397 305.814 370.166 388.243 294.299 282.475 260.816 270.51 247.115 191.257 151.188 135.985 128.636 127.632 152.372 139.775 132.952 127.497 113.177 90.271 75.676 68.859 60.642 55.99 51.73 49.5 51.789 57.877 65.833 78.009 77.692 78.063 79.775 77.396 75.982 74.35 -9999 -9999 -9999 -9999
93.042 80.527 74.286 69.508 68.59 68.543 -9999 -9999 -9999 -9999 -9999 -9999 -9999 -9999 -9999 -9999 -9999 -9999 -9999 -9999 -9999 -9999 -9999 -9999 -9999 -9999 -9999 -9999 -9999 -9999 -9999 -9999 109.116 152.006 193.853 275.333 349.252 312.835 259.921 224.516 230.763 237.356 207.103 188.723 180.251 164.019 156.843 176.679 170.198 164.893 168.395 150.47 123.908 105.973 85.679 73.524 62.109 54.992 53.508 54.929 56.8 69.936 76.213 94.886 107.241 99.292 101.071 84.462 81.367 77.266 71.218 -9999 -9999 -9999
92.394 80.244 72.931 66.776 70.512 -9999 -9999 -9999 -9999 -9999 -9999 -9999 -9999 -9999 -9999 -9999 -9999 -9999 -9999 -9999 -9999 -9999 -9999 -9999 -9999 -9999 -9999 -9999 -9999 -9999 -9999 -9999 99.038 133.633 176.289 226.862 279.943 281.833 226.753 205.624 188.492 177.349 168.38 161.72 173.623 198.95 190.351 195.53 198.732 176.42 147.547 146.472 119.444 106.158 92.864 73.107 63.112 58.12 54.946 59.852 69.19 78.083 90.807 94.459 101.398 101.736 106.639 101.849 88.084 86.38 78.242 66.029 -9999 -9999
106.835 92.136 77.238 70.454 65.967 -9999 -9999 -9999 -9999 -9999 -9999 -9999 -9999 -9999 -9999 -9999 -9999 -9999 -9999 -9999 -9999 -9999 -9999 -9999 -9999 -9999 -9999 -9999 -9999 -9999 -9999 -9999 -9999 125.7 158.993 198.271 229.363 205.389 199.883 172.606 161.399 154.676 141.072 143.561 167.868 184.535 207.173 201.232 195.044 170.198 165.662 145.771 128.671 102.498 89.176 71.147 65.705 64.338 56.376 61.638 73.597 79.986 89.777 100.7 103.949 98.565 97.278 95.667 95.587 89.235 88.158 73.063 -9999 -9999
122.201 -9999 -9999 -9999 -9999 -9999 -9999 -9999 -9999 -9999 -9999 -9999 -9999 -9999 -9999 -9999 -9999 -9999 -9999 -9999 -9999 -9999 -9999 -9999 -9999 -9999 -9999 -9999 -9999 -9999 -9999 -9999 -9999 116.21 153.816 167.337 162.815 171.074 149.753 165.83 161.234 132.9 133.615 137.384 158.27 210.946 205.032 207.127 188.654 192.551 157.378 136.734 119.379 104.913 86.687 74.021 63.199 60.482 62.433 60.132 72.022 82.23 85.961 89.737 90.197 85.23 88.444 87.567 91.1 90.241 81.158 76.477 62.303 -9999
139.897 -9999 -9999 -9999 -9999 -9999 -9999 -9999 -9999 -9999 -9999 -9999 -9999 -9999 -9999 -9999 -9999 -9999 -9999 -9999 -9999 -9999 -9999 -9999 -9999 -9999 -9999 -9999 -9999 -9999 -9999 -9999 -9999 -9999 133.513 129.605 137.15 141.967 140.614 138.341 117.749 118.745 122.355 128.991 155.245 186.508 214.883 209.4 210.033 192.973 183.7 172.733 147.039 129.195 106.756 86.304 70.027 70.281 63.176 61.145 62.167 73.087 81.836 80.337 72.837 68.095 63.965 67.041 67.806 69.127 67.534 66.672 62.279 -9999
105.867 -9999 -9999 -9999 -9999 -9999 -9999 -9999 -9999 -9999 -9999 -9999 -9999 -9999 -9999 -9999 -9999 -9999 -9999 -9999 -9999 -9999 -9999 -9999 -9999 -9999 -9999 -9999 -9999 -9999 -9999 -9999 -9999 -9999 115.783 -9999 114.96 114.652 115.056 109.807 -9999 110.318 118.873 125.541 141.153 182.629 204.005 200.062 198.9 187.873 185.172 196.922 171.933 141.317 121.585 102.707 80.554 68.732 64.979 56.012 60.312 64.037 68.454 70.228 67.332 60.701 58.686 56.835 60.757 61.187 62.622 70.866 71.512 65.09
-9999 -9999 -9999 -9999 -9999 -9999 -9999 -9999 -9999 -9999 -9999 -9999 -9999 -9999 -9999 -9999 -9999 -9999 -9999 -9999 -9999 -9999 -9999 -9999 -9999 -9999 -9999 -9999 -9999 -9999 -9999 -9999 -9999 -9999 -9999 104.742 104.884 -9999 -9999 -9999 -9999 101.291 107.852 110.676 125.334 137.806 143.433 160.483 173.071 175.759 171.964 174.882 181.951 153.081 127.057 106.698 88.774 72.145 62.727 55.162 55.722 61.436 65.194 68.147 65.737 64.682 60.649 57.405 59.596 67.601 68.105 69.767 72.17 71.35
-9999 -9999 -9999 -9999 -9999 -9999 -9999 -9999 -9999 -9999 -9999 -9999 -9999 -9999 -9999 -9999 -9999 -9999 -9999 -9999 -9999 -9999 -9999 -9999 -9999 -9999 -9999 -9999 -9999 -9999 -9999 -9999 -9999 -9999 -9999 97.089 96.996 -9999 -9999 -9999 -9999 94.866 113.031 103.71 111.435 118.144 133.176 132.232 139.634 164.146 162.387 153.708 162.958 151.103 135.839 111.056 91.653 72.51 61.575 55.603 52.452 53.636 58.623 62.554 64.378 68.87 65.413 62.815 63.371 70.728 77.78 78.228 75.502 69.426
-9999 -9999 -9999 -9999 -9999 -9999 -9999 -9999 -9999 -9999 -9999 -9999 -9999 -9999 -9999 -9999 -9999 -9999 -9999 -9999 -9999 -9999 -9999 -9999 -9999 -9999 -9999 -9999 -9999 -9999 -9999 -9999 -9999 -9999 -9999 92.611 -9999 -9999 -9999 -9999 88.33 102.114 111.163 124.578 138.727 152.16 143.659 120.736 143.627 154.94 136.561 142.009 138.996 135.146 127.006 110.557 88.34 72.375 62.248 57.911 54.073 52.008 53.859 57.467 59.671 62.665 70.674 74.994 75.029 75.196 76.889 75.056 71.094 66.928
-9999 -9999 -9999 -9999 -9999 -9999 -9999 -9999 -9999 -9999 -9999 -9999 -9999 -9999 -9999 -9999 -9999 -9999 -9999 -9999 -9999 -9999 -9999 -9999 -9999 -9999 -9999 -9999 -9999 -9999 -9999 -9999 -9999 -9999 -9999 -9999 -9999 -9999 -9999 -9999 84.952 98.29 114.344 147.563 172.014 178.163 149.759 131.822 125.805 123.744 117.048 124.14 129.864 125.298 120.846 107.944 88.749 76.776 69.418 60.678 54.365 52.158 52.919 54.706 56.982 60.757 65.449 77.667 84.624 74.204 72.042 66.231 62.784 60.677
-9999 -9999 -9999 -9999 -9999 -9999 -9999 -9999 -9999 -9999 -9999 -9999 -9999 -9999 -9999 -9999 -9999 -9999 -9999 -9999 -9999 -9999 -9999 -9999 -9999 -9999 -9999 -9999 -9999 -9999 -9999 -9999 -9999 -9999 -9999 -9999 -9999 -9999 -9999 -9999 82.111 90.063 120.775 157.088 184.96 173.299 146.358 120.96 117.204 111.338 102.844 102.891 100.145 108.293 105.041 97.904 85.387 74.205 68.243 61.939 56.621 54.381 54.029 52.811 53.352 57.706 62.291 68.631 75.545 72.197 67.02 71.983 63.554 58.736
-9999 -9999 -9999 -9999 -9999 -9999 -9999 -9999 -9999 -9999 -9999 -9999 -9999 -9999 -9999 -9999 -9999 -9999 -9999 -9999 -9999 -9999 -9999 -9999 -9999 -9999 -9999 -9999 -9999 -9999 -9999 -9999 -9999 -9999 -9999 -9999 -9999 -9999 -9999 77.598 79.624 89.029 118.567 159.665 178.691 155.612 139.22 110.127 108.643 108.417 102.687 101.264 104.888 95.792 92.054 83.267 77.67 66.402 62.864 58.49 55.239 54.962 52.897 51.627 51.414 53.47 58.151 62.432 67.2 66.15 64.211 60.79 63.583 58.623
-9999 -9999 -9999 -9999 -9999 -9999 -9999 -9999 -9999 -9999 -9999 -9999 -9999 -9999 -9999 -9999 -9999 -9999 -9999 -9999 -9999 -9999 -9999 -9999 -9999 -9999 -9999 -9999 -9999 -9999 -9999 -9999 -9999 -9999 -9999 -9999 -9999 -9999 -9999 79.559 78.153 90.075 109.944 136.197 125.908 127.707 111.985 115.039 129.742 112.443 108.309 106.415 101.021 97.515 87.712 84.501 80.49 73.959 63.141 59.193 55.53 53.217 51.584 50.222 49.944 51.006 54.257 58.244 59.16 62.068 61.939 60.131 56.989 56.791
-9999 -9999 -9999 -9999 -9999 -9999 -9999 -9999 -9999 -9999 -9999 -9999 -9999 -9999 -9999 -9999 -9999 -9999 -9999 -9999 -9999 -9999 -9999 -9999 -9999 -9999 -9999 -9999 -9999 -9999 -9999 -9999 -9999 -9999 -9999 -9999 -9999 -9999 77.658 76.251 79.473 86.234 100.181 103.604 104.893 107.525 107.567 112.254 112.891 107.239 107.104 118.189 110.015 91.055 87.487 81.161 75.431 71.146 68.21 60.256 56.907 53.805 50.944 50.749 50.218 49.576 53.983 57.681 58.914 60.895 64.442 61.776 58.844 57.672
-9999 -9999 -9999 -9999 -9999 -9999 -9999 -9999 -9999 -9999 -9999 -9999 -9999 -9999 -9999 -9999 -9999 -9999 -9999 -9999 -9999 -9999 -9999 -9999 -9999 -9999 -9999 -9999 -9999 -9999 -9999 -9999 -9999 -9999 -9999 -9999 -9999 -9999 72.928 74.278 76.431 82.692 88.822 90.203 94.227 102.035 103.157 103.314 106.572 110.835 138.743 135.059 121.612 103.765 88.346 82.425 72.475 63.413 63.008 61.641 56.026 52.718 51.539 49.604 49.998 49.772 49.076 51.357 54.317 60.521 67.829 62.938 57.995 57.514
-9999 -9999 -9999 -9999 -9999 -9999 -9999 -9999 -9999 -9999 -9999 -9999 -9999 -9999 -9999 -9999 -9999 -9999 -9999 -9999 -9999 -9999 -9999 -9999 -9999 -9999 -9999 -9999 -9999 -9999 -9999 -9999 -9999 -9999 -9999 -9999 -9999 -9999 72.796 72.497 76.121 79.975 83.913 86.145 91.491 102.354 109.15 113.351 123.519 138.616 146.669 135.034 117.865 101.129 87.204 80.7 73.964 65.05 59.901 56.881 53.535 50.574 49.826 49.789 49.665 50.573 50.686 49.662 49.985 55.195 61.139 62.799 58.785 57.138
-9999 -9999 -9999 -9999 -9999 -9999 -9999 -9999 -9999 -9999 -9999 -9999 -9999 -9999 -9999 -9999 -9999 -9999 -9999 -9999 -9999 -9999 -9999 -9999 -9999 -9999 -9999 -9999 -9999 -9999 -9999 -9999 -9999 -9999 -9999 -9999 -9999 -9999 -9999 70.039 71.447 75.804 78.463 87.339 105.099 119.135 126.714 137.468 132.653 148.329 139.607 131.119 114.226 91.235 82.378 70.617 68.313 62.123 57.17 55.368 51.65 49.516 49.166 48.333 46.143 48.664 50.698 49.385 44.881 49.92 55.751 56.651 -9999 54.744
