Validation/Results/ReClimate_06_2024_1_Precipitation-Actuals.asc
NCOLS 192
NROWS 249
XLLCENTER -225160.85627316462
YLLCENTER 29788.11610251502
CELLSIZE 5000.0
NODATA_VALUE -9999
[rows 165 to 197 of 249, columns 74 to 147 of 192]
-9999 -9999 -9999 -9999 -9999 -9999 -9999 -9999 -9999 -9999 -9999 -9999 -9999 -9999 -9999 -9999 -9999 -9999 -9999 -9999 -9999 -9999 -9999 -9999 -9999 -9999 -9999 -9999 -9999 -9999 -9999 -9999 -9999 -9999 -9999 -9999 -9999 -9999 73.585 82.592 71.844 76.448 85.471 95.505 111.779 115.419 113.029 111.542 109.793 106.782 104.519 107.075 98.031 79.065 66.835 66.689 62.029 58.773 58.78 59.387 56.866 53.118 56.205 57.228 58.153 59.569 61.413 61.795 61.817 62.646 58.946 59.538 60.005 57.304
-9999 -9999 -9999 -9999 -9999 -9999 -9999 -9999 -9999 -9999 -9999 -9999 -9999 -9999 -9999 -9999 -9999 -9999 -9999 -9999 -9999 -9999 -9999 -9999 -9999 -9999 -9999 -9999 -9999 -9999 -9999 -9999 -9999 -9999 -9999 -9999 -9999 -9999 81.841 86.017 77.213 79.842 91.986 97.218 104.285 106.413 101.828 101.35 102.667 98.842 110.601 106.048 100.885 85.072 73.258 65.322 59.815 60.062 59.988 60.583 60.587 57.449 55.325 57.668 58.5 59.701 64.394 63.428 60.13 60.69 59.898 53.666 56.484 58.639
-9999 -9999 -9999 -9999 -9999 -9999 -9999 -9999 -9999 -9999 -9999 -9999 -9999 -9999 -9999 -9999 -9999 -9999 -9999 -9999 -9999 -9999 -9999 -9999 -9999 -9999 -9999 -9999 -9999 -9999 -9999 -9999 -9999 -9999 -9999 -9999 -9999 72.687 77.717 76.772 78.901 83.912 83.376 88.528 98.255 95.074 90.789 91.779 90.847 95.674 101.805 111.814 108.549 94.114 79.96 76.068 65.372 61.101 60.569 59.185 61.17 59.744 57.98 57.598 52.545 56.066 61.35 67.346 63.361 59.404 61.484 63.998 60.674 60.141
-9999 -9999 -9999 -9999 -9999 -9999 -9999 -9999 -9999 -9999 -9999 -9999 -9999 -9999 -9999 -9999 -9999 -9999 -9999 -9999 -9999 -9999 -9999 -9999 -9999 -9999 -9999 -9999 -9999 -9999 -9999 -9999 -9999 -9999 -9999 -9999 -9999 69.295 72.022 77.809 79.184 80.717 84.732 86.16 87.755 83.232 85.393 87.39 86.074 90.794 98.383 106.59 119.685 114.546 92.218 76.151 70.155 63.169 64.527 58.457 57.334 59.278 57.476 56.792 56.348 53.287 58.732 60.278 62.892 61.156 60.225 62.36 62.474 63.803
-9999 -9999 -9999 -9999 -9999 -9999 -9999 -9999 -9999 -9999 -9999 -9999 -9999 -9999 -9999 -9999 -9999 -9999 -9999 -9999 -9999 -9999 -9999 -9999 -9999 -9999 -9999 -9999 -9999 -9999 -9999 -9999 -9999 -9999 -9999 -9999 -9999 -9999 73.796 78.635 77.789 80.146 78.595 82.961 76.921 76.889 79.319 79.677 80.674 83.019 88.65 101.632 110.874 121.871 118.827 101.641 79.555 67.575 65.485 66.827 60.408 59.74 59.017 56.892 56.973 57.526 59.451 62.049 62.33 62.827 61.731 60.911 61.934 60.274
-9999 -9999 -9999 -9999 -9999 -9999 -9999 -9999 -9999 -9999 -9999 -9999 -9999 -9999 -9999 -9999 -9999 -9999 70.135 70.005 -9999 -9999 -9999 -9999 -9999 -9999 -9999 -9999 -9999 -9999 -9999 -9999 -9999 -9999 -9999 -9999 -9999 68.519 71.856 74.14 81.006 78.757 78.679 73.855 73.63 72.839 73.808 76.618 78.296 82.334 92.601 103.28 106.68 114.162 106.795 97.851 90.637 69.101 63.105 63.365 66.105 64.644 60.16 59.037 58.933 58.888 62.534 63.128 60.214 59.134 60.701 59.836 60.378 61.641
-9999 -9999 -9999 -9999 -9999 -9999 -9999 -9999 -9999 -9999 -9999 -9999 -9999 -9999 -9999 -9999 -9999 -9999 73.683 75.14 70.345 -9999 -9999 -9999 -9999 -9999 -9999 -9999 -9999 -9999 -9999 -9999 -9999 -9999 -9999 -9999 63.691 67.525 68.98 81.549 82.164 75.264 72.066 70.021 72.771 70.712 72.41 73.375 73.563 82.452 89.603 98.66 110.796 117.806 110.932 89.037 80.659 73.959 60.524 60.254 62.543 67.218 62.974 57.97 64.963 61.771 60.069 59.592 59.238 57.915 59.758 60.172 59.916 61.298
-9999 -9999 -9999 -9999 -9999 -9999 -9999 -9999 -9999 -9999 -9999 -9999 -9999 -9999 -9999 -9999 -9999 68.814 72.75 78.656 76.564 73.705 -9999 -9999 -9999 -9999 -9999 -9999 -9999 -9999 -9999 -9999 -9999 69.472 -9999 -9999 63.898 68.189 73.236 74.502 73.102 -9999 72.163 75.789 72.621 70.421 71.45 70.191 75.74 78.407 84.588 95.091 95.683 109.768 94.33 81.46 81.314 68.131 64.873 62.26 61.474 64.458 63.59 59.509 58.382 61.808 59.146 62.929 63.154 60.368 60.597 62.225 59.919 60.753
-9999 -9999 -9999 -9999 -9999 -9999 -9999 -9999 -9999 -9999 -9999 -9999 -9999 -9999 -9999 -9999 -9999 64.561 73.086 80.254 80.861 80.063 77.163 78.752 -9999 -9999 -9999 76.369 67.393 -9999 63.894 62.488 65.643 72.634 69.083 -9999 -9999 64.352 66.512 -9999 -9999 64.926 67.68 69.416 68.918 70.528 70.356 74.832 76.182 79.949 88.619 103.133 96.46 94.58 88.714 80.795 82.293 74.346 59.213 60.486 62.382 67.605 63.719 60.326 55.197 57.246 60.443 59.888 61.142 61.819 60.222 61.568 59.186 59.332
-9999 -9999 -9999 -9999 -9999 -9999 -9999 -9999 -9999 -9999 -9999 -9999 -9999 -9999 -9999 -9999 -9999 -9999 72.866 82.559 85.712 85.495 83.788 -9999 -9999 111.644 108.459 77.46 79.218 76.946 73.131 65.767 68.202 66.502 73.693 69.734 -9999 60.44 61.798 64.607 63.277 63.273 64.837 69.468 71.53 69.456 68.898 72.949 78.254 81.967 91.101 110.511 105.076 89.737 82.53 77.766 79.087 70.899 60.293 56.965 60.72 63.66 62.764 59.651 58.353 56.487 58.755 59.759 59.089 62.22 62.961 61.012 58.816 57.26
-9999 -9999 -9999 -9999 -9999 -9999 -9999 -9999 -9999 -9999 -9999 -9999 -9999 -9999 -9999 -9999 -9999 -9999 74.183 82.575 87.856 105.852 95.06 107.652 121.984 146.057 98.475 73.3 81.384 80.083 78.807 71.657 63.553 70.595 86.355 78.453 69.018 62.084 63.024 62.627 63.323 64.106 74.186 86.543 71.892 74.807 68.912 71.618 75.687 81.532 98.682 105.13 104.673 91.955 86.646 76.709 73.262 70.182 64.573 57.92 60.927 61.213 57.406 60.588 60.519 59.786 60.568 58.077 59.452 59.881 63.143 62.114 58.907 57.097
-9999 -9999 -9999 -9999 -9999 -9999 -9999 -9999 -9999 -9999 -9999 -9999 -9999 -9999 -9999 -9999 -9999 -9999 -9999 85.606 97.027 97.302 125.722 141.541 187.627 161.041 113.569 98.174 98.105 95.164 85.074 67.353 74.111 76.329 76.073 82.921 66.445 61.082 65.01 64.341 69.392 64.934 74.66 66.948 69.837 64.599 66.225 69.709 72.976 81.502 92.159 99.805 95.916 85.637 83.67 79.464 85.088 79.527 66.901 61.169 65.493 66.151 59.902 58.207 59.266 59.138 60.731 58.857 59.498 61.514 61.808 61.185 56.376 53.973
-9999 -9999 -9999 -9999 -9999 -9999 -9999 -9999 -9999 -9999 -9999 -9999 -9999 -9999 -9999 -9999 -9999 -9999 -9999 -9999 -9999 114.873 146.351 200.122 231.784 181.235 119.936 101.637 99.245 112.692 93.269 87.894 77.635 70.877 74.122 80.924 75.1 69.174 61.7 66.391 61.013 64.802 65.586 64.593 63.773 63.645 68.149 68.158 70.257 80.368 89.983 92.328 90.718 84.229 83.008 86.767 72.477 76.347 67.013 60.159 62.277 66.878 62.365 60.217 58.153 57.018 61.483 59.73 58.83 58.737 58.978 58.572 55.198 52.032
-9999 -9999 -9999 -9999 -9999 -9999 -9999 -9999 -9999 -9999 -9999 -9999 -9999 -9999 -9999 -9999 -9999 -9999 -9999 -9999 109.039 142.617 180.674 233.253 259.153 190.461 138.435 125.445 112.369 112.732 108.046 86.898 89.306 72.489 78.417 88.166 79.389 67.521 62.515 62.487 67.263 70.162 65.997 66.145 69.76 67.699 67.386 67.173 74.465 81.086 83.254 84.383 92.277 84.615 81.307 79.381 77.468 71.01 65.825 66.018 65.367 66.645 66.697 63.105 61.059 56.608 58.838 59.301 56.446 56.157 57.638 56.561 54.732 52.635
-9999 -9999 -9999 -9999 -9999 -9999 -9999 -9999 -9999 -9999 -9999 -9999 -9999 -9999 -9999 -9999 -9999 -9999 -9999 101.156 154.288 161.311 196.134 226.094 209.853 215.633 188.602 148.889 131.035 125.136 101.491 94.941 80.5 82.074 90.856 92.22 79.986 67.891 60.525 63.179 70.865 69.682 64.33 66.87 68.114 68.467 67.669 72.768 76.235 80.016 78.147 80.482 86.894 93.338 79.03 74.46 71.323 70.184 68.777 63.502 68.251 66.669 65.836 65.555 62.451 58.96 57.162 59.892 58.784 56.22 56.236 55.121 52.494 53.83
-9999 -9999 -9999 -9999 -9999 -9999 -9999 -9999 -9999 -9999 -9999 -9999 -9999 -9999 -9999 -9999 -9999 -9999 88.301 120.781 121.599 143.664 164.726 166.462 182.688 190.608 177.599 161.046 140.195 121.457 110.439 94.039 80.289 86.538 88.959 71.761 68.342 63.395 64.17 64.33 61.27 64.039 59.941 67.366 71.533 72.944 77.149 72.642 75.134 74.864 79.213 79.263 73.676 79.5 77.639 70.752 68.636 69.49 69.739 66.696 63.261 65.337 64.809 64.315 63.816 61.177 57.845 62.62 61.635 58.551 56.782 56.239 52.492 54.015
-9999 -9999 -9999 -9999 -9999 -9999 -9999 -9999 -9999 -9999 -9999 -9999 -9999 -9999 -9999 -9999 83.29 81.509 86.334 96.137 105.422 121.255 124.769 121.711 142.112 151.8 162.037 156.684 146.834 108.59 94.176 85.148 84.343 102.854 94.947 80.008 68.26 70.306 68.005 61.139 62.745 64.319 66.371 68.093 68.826 72.463 72.381 73.206 69.505 74.062 79.946 73.937 73.547 72.972 69.411 71.859 73.658 69.985 67.173 66.686 65.96 61.902 61.498 61.705 61.37 60.858 59.249 61.979 62.484 58.919 57.544 58.743 55.793 53.811
-9999 -9999 -9999 -9999 -9999 -9999 -9999 -9999 -9999 -9999 -9999 -9999 -9999 -9999 -9999 86.237 83.996 78.343 83.774 -9999 -9999 -9999 -9999 128.302 158.248 172.575 160.329 155.634 126.251 109.209 114.197 103.346 105.926 127.626 105.61 80.812 79.574 76.257 65.658 67.113 68.502 66.841 66.668 66.742 65.971 66.85 67.065 71.117 68.8 72.458 72.361 68.255 66.522 67.954 62.648 61.858 66.714 67.921 61.597 60.763 62.315 61.913 59.667 59.083 59.876 60.178 61.993 64.149 62.988 57.845 58.672 58.88 58.334 58.747
-9999 -9999 -9999 -9999 -9999 -9999 -9999 -9999 -9999 -9999 -9999 -9999 -9999 -9999 -9999 85.992 87.93 77.913 -9999 -9999 -9999 -9999 -9999 137.203 164.657 179.61 159.139 152.1 143.778 138.857 136.93 116.634 112.855 115.219 82.831 80.11 80.568 71.802 71.929 68.831 66.037 68.374 66.002 66.948 66.414 66.279 63.578 64.129 67.787 66.39 66.917 64.956 65.21 66.149 65.18 61.239 59.898 61.48 62.572 61.638 60.54 62.883 64.377 63.146 61.373 61.73 64.034 66.888 64.77 59.593 57.146 56.64 56.047 56.62
-9999 -9999 -9999 -9999 -9999 -9999 -9999 -9999 -9999 -9999 -9999 -9999 -9999 -9999 -9999 -9999 -9999 76.204 -9999 -9999 -9999 -9999 -9999 152.012 165.556 156.662 144.009 153.704 156.268 169.882 148.086 106.411 114.362 98.175 91.111 84.529 76.532 70.631 68.797 73.151 81.194 70.69 66.353 63.163 66.67 61.413 62.958 67.608 65.413 65.03 66.633 64.105 60.854 60.516 63.532 62.899 61.879 64.542 64.07 61.983 60.215 59.316 62.097 62.496 63.725 62.559 61.146 62.404 62.314 57.178 57.041 60.64 57.322 56.367
-9999 -9999 -9999 -9999 -9999 -9999 -9999 -9999 -9999 -9999 -9999 -9999 -9999 -9999 -9999 -9999 -9999 -9999 -9999 -9999 -9999 -9999 -9999 143.044 160.557 128.063 144.184 161.078 183.696 178.389 144.315 124.111 101.384 92.896 89.278 72.729 71.262 67.167 68.719 79.544 74.226 69.879 64.529 62.677 61.532 62.576 65.003 63.747 64.654 66.267 64.303 67.526 59.577 54.897 58.268 62.263 61.097 63.587 66.722 64.294 64.441 64.737 61.374 60.457 60.609 59.837 58.531 58.411 59.35 60.206 56.602 57.667 56.675 57.839
-9999 -9999 -9999 -9999 -9999 -9999 -9999 -9999 -9999 -9999 -9999 -9999 -9999 -9999 -9999 -9999 -9999 -9999 -9999 -9999 -9999 -9999 -9999 -9999 135.262 172.644 189.107 183.31 174.542 155.328 141.462 109.612 84.325 74.0 71.874 77.669 66.876 67.807 73.915 71.348 70.806 63.928 61.852 62.478 63.702 64.585 65.472 64.066 66.058 63.589 69.045 74.04 63.218 62.868 58.784 58.958 60.289 62.356 65.718 66.018 69.659 70.211 62.942 58.52 60.395 61.442 61.522 62.706 60.58 59.841 58.049 56.547 55.767 57.501
-9999 -9999 -9999 -9999 -9999 -9999 -9999 -9999 -9999 -9999 -9999 -9999 -9999 -9999 -9999 -9999 -9999 -9999 -9999 -9999 -9999 -9999 -9999 127.548 151.16 178.414 191.799 171.913 151.895 149.791 127.701 106.302 88.257 71.706 77.585 78.211 74.047 82.334 68.625 66.632 67.25 66.879 63.14 65.899 69.604 69.269 64.355 63.734 65.579 64.963 67.299 69.072 63.953 57.476 59.813 56.849 58.32 58.937 63.261 64.411 64.571 66.551 60.798 58.933 62.04 62.655 64.162 69.422 64.182 59.264 57.925 58.203 56.977 57.658
-9999 -9999 -9999 -9999 -9999 -9999 -9999 -9999 -9999 -9999 -9999 -9999 -9999 -9999 -9999 -9999 -9999 -9999 -9999 -9999 -9999 -9999 -9999 113.859 138.481 175.692 155.048 138.013 136.561 132.326 127.834 116.402 88.439 76.48 78.663 72.865 69.662 70.608 67.052 62.224 71.042 64.177 62.962 65.042 66.757 68.305 63.034 63.07 68.123 68.064 66.628 62.365 61.938 61.159 57.287 55.559 56.62 58.18 60.008 62.498 64.524 65.637 61.433 62.896 64.131 67.103 65.871 65.687 67.761 61.169 59.206 55.07 54.218 54.243
-9999 -9999 -9999 -9999 -9999 -9999 -9999 -9999 -9999 -9999 -9999 -9999 -9999 -9999 -9999 -9999 -9999 -9999 -9999 -9999 -9999 -9999 -9999 101.786 132.845 129.528 139.946 122.985 120.186 126.454 126.81 104.245 95.542 83.595 73.627 66.215 69.398 71.306 72.722 82.838 79.748 68.384 68.006 64.275 65.552 63.27 60.652 65.974 67.866 68.562 68.062 64.42 63.074 64.418 62.463 57.045 58.735 59.53 58.018 59.795 58.757 59.942 60.78 60.165 65.25 65.123 66.959 63.722 60.202 58.929 58.46 56.68 54.941 54.121
-9999 -9999 -9999 -9999 -9999 -9999 -9999 -9999 -9999 -9999 -9999 -9999 -9999 -9999 -9999 -9999 -9999 -9999 -9999 -9999 -9999 -9999 -9999 -9999 87.422 136.975 148.905 148.887 142.778 121.18 104.458 88.425 75.753 69.151 68.892 71.076 73.854 65.114 74.597 80.023 79.547 71.805 66.585 63.434 66.562 63.896 61.083 63.959 65.731 68.045 70.561 63.792 60.687 61.484 59.78 57.377 59.786 63.169 59.122 57.037 58.273 57.538 59.648 62.789 61.895 62.297 61.224 61.107 58.068 56.379 57.301 55.297 53.994 54.715
-9999 -9999 -9999 -9999 -9999 -9999 -9999 -9999 -9999 -9999 -9999 -9999 -9999 -9999 -9999 -9999 -9999 -9999 -9999 -9999 -9999 -9999 -9999 -9999 118.044 151.44 167.672 182.081 165.736 127.93 100.106 80.497 74.491 75.623 77.953 84.494 75.636 68.857 64.868 73.147 74.604 71.857 72.336 76.483 69.579 68.479 64.365 67.773 66.246 68.617 67.138 66.107 61.957 59.565 61.131 53.776 57.887 64.09 62.361 60.232 62.484 62.792 62.983 63.811 62.568 60.477 63.114 61.896 61.537 56.112 56.377 54.004 50.36 51.608
-9999 -9999 -9999 -9999 -9999 -9999 -9999 -9999 -9999 -9999 -9999 -9999 -9999 -9999 -9999 -9999 -9999 -9999 -9999 -9999 -9999 -9999 -9999 79.172 116.426 149.776 174.751 182.55 162.804 126.89 97.919 100.355 106.113 93.936 89.869 81.402 67.005 61.771 66.836 72.79 70.505 73.014 77.321 71.678 73.614 65.106 65.215 69.518 66.407 68.194 68.859 62.037 64.917 61.759 60.178 60.337 57.799 63.242 73.217 69.051 68.867 64.308 63.279 65.042 66.326 62.768 62.346 60.606 59.086 58.358 54.462 52.892 52.319 54.492
-9999 -9999 -9999 -9999 -9999 -9999 -9999 -9999 -9999 -9999 -9999 -9999 -9999 -9999 -9999 -9999 -9999 -9999 -9999 -9999 -9999 -9999 -9999 102.068 120.769 139.559 152.781 169.245 162.757 128.48 105.849 98.606 94.466 100.873 97.11 86.875 71.919 74.462 70.802 65.482 72.223 68.927 72.056 72.874 73.542 61.525 65.875 66.846 64.117 67.785 70.707 72.617 67.248 64.827 63.022 60.811 58.056 59.366 57.854 64.816 57.198 63.327 61.5 65.153 66.094 64.844 61.624 57.806 54.692 55.854 55.954 53.592 51.04 52.429
-9999 -9999 -9999 -9999 -9999 -9999 -9999 -9999 -9999 -9999 -9999 -9999 -9999 -9999 -9999 -9999 -9999 -9999 -9999 -9999 -9999 -9999 -9999 108.803 113.082 116.932 143.681 161.529 154.516 126.105 98.044 84.774 95.637 97.288 92.186 85.734 85.83 76.509 63.013 68.855 67.736 76.582 66.671 70.484 66.074 64.766 68.194 63.53 62.349 67.148 69.039 65.932 65.312 64.374 62.592 62.567 59.795 57.499 56.318 56.466 59.382 54.237 59.786 61.905 65.776 63.036 57.87 58.586 56.066 54.952 52.854 52.416 51.517 49.224
-9999 -9999 -9999 -9999 -9999 -9999 -9999 -9999 -9999 -9999 -9999 -9999 -9999 -9999 -9999 -9999 -9999 -9999 -9999 -9999 -9999 -9999 100.905 110.483 114.445 119.174 130.197 152.994 139.507 118.736 88.813 80.764 83.225 88.25 89.16 90.786 80.191 72.953 71.238 66.993 71.768 67.835 63.367 66.18 66.207 68.875 65.548 62.092 61.737 61.285 62.75 65.681 65.413 65.595 64.574 62.862 63.102 60.26 58.098 55.416 56.565 58.345 59.204 62.219 61.391 60.566 56.902 55.916 54.893 50.492 49.451 49.532 50.07 49.659
-9999 -9999 -9999 -9999 -9999 -9999 -9999 -9999 -9999 -9999 -9999 -9999 -9999 -9999 -9999 -9999 -9999 -9999 -9999 -9999 -9999 105.132 107.518 112.778 105.369 105.751 136.447 149.252 142.814 122.57 97.464 83.126 92.61 90.124 90.264 93.775 76.172 70.518 65.409 64.651 65.187 64.806 65.151 70.767 69.506 72.883 70.108 63.889 59.13 57.54 62.831 66.571 65.1 65.297 66.541 65.344 66.484 64.218 59.432 56.461 56.633 57.275 61.03 60.669 58.893 56.77 52.219 52.339 53.149 51.245 53.403 52.898 50.721 49.755
-9999 -9999 -9999 -9999 -9999 -9999 -9999 -9999 -9999 -9999 -9999 -9999 -9999 -9999 -9999 -9999 -9999 -9999 -9999 108.6 108.083 106.463 98.616 101.29 104.21 115.027 139.149 146.101 149.981 127.998 100.547 88.714 78.152 87.35 89.051 86.659 71.531 64.983 65.776 61.664 63.799 61.25 67.949 68.732 66.358 69.181 64.249 61.047 60.4 61.662 66.298 65.361 67.902 66.241 68.915 64.551 60.808 62.509 61.997 59.604 60.342 61.525 57.962 57.703 54.548 54.051 52.302 51.759 51.459 51.513 50.923 54.385 52.323 49.833
