Validation/Results/ReClimate_10_2023_2weatherlogisticsltd.asc
NCOLS 192
NROWS 249
XLLCENTER -225160.85627316462
YLLCENTER 29788.11610251502
CELLSIZE 5000.0
NODATA_VALUE -9999
[rows 165 to 197 of 249, columns 74 to 147 of 192]
-9999 -9999 -9999 -9999 -9999 -9999 -9999 -9999 -9999 -9999 -9999 -9999 -9999 -9999 -9999 -9999 -9999 -9999 -9999 -9999 -9999 -9999 -9999 -9999 -9999 -9999 -9999 -9999 -9999 -9999 -9999 -9999 -9999 -9999 -9999 -9999 -9999 -9999 101.221 101.218 101.206 101.277 101.336 101.415 101.54 101.692 101.861 102.056 102.23 102.384 102.524 102.653 102.775 102.895 103.017 103.146 103.283 103.427 103.577 103.732 103.893 104.057 104.224 104.392 104.563 104.731 104.877 105.013 105.145 105.273 105.397 105.518 105.636 105.76
-9999 -9999 -9999 -9999 -9999 -9999 -9999 -9999 -9999 -9999 -9999 -9999 -9999 -9999 -9999 -9999 -9999 -9999 -9999 -9999 -9999 -9999 -9999 -9999 -9999 -9999 -9999 -9999 -9999 -9999 -9999 -9999 -9999 -9999 -9999 -9999 -9999 -9999 101.231 101.209 101.226 101.244 101.289 101.394 101.518 101.637 101.775 101.938 102.114 102.272 102.414 102.547 102.672 102.793 102.915 103.04 103.171 103.308 103.452 103.603 103.759 103.921 104.085 104.252 104.421 104.592 104.756 104.898 105.03 105.158 105.282 105.401 105.54 105.698
-9999 -9999 -9999 -9999 -9999 -9999 -9999 -9999 -9999 -9999 -9999 -9999 -9999 -9999 -9999 -9999 -9999 -9999 -9999 -9999 -9999 -9999 -9999 -9999 -9999 -9999 -9999 -9999 -9999 -9999 -9999 -9999 -9999 -9999 -9999 -9999 -9999 101.287 101.291 101.286 101.279 101.279 101.304 101.385 101.498 101.607 101.718 101.845 102.0 102.161 102.307 102.442 102.568 102.69 102.811 102.932 103.058 103.19 103.329 103.477 103.631 103.791 103.955 104.121 104.289 104.46 104.632 104.789 104.925 105.053 105.191 105.343 105.496 105.661
-9999 -9999 -9999 -9999 -9999 -9999 -9999 -9999 -9999 -9999 -9999 -9999 -9999 -9999 -9999 -9999 -9999 -9999 -9999 -9999 -9999 -9999 -9999 -9999 -9999 -9999 -9999 -9999 -9999 -9999 -9999 -9999 -9999 -9999 -9999 -9999 -9999 101.36 101.366 101.362 101.355 101.345 101.365 101.445 101.526 101.602 101.686 101.791 101.909 102.05 102.199 102.336 102.464 102.586 102.705 102.824 102.944 103.071 103.207 103.353 103.508 103.668 103.833 104.0 104.168 104.338 104.509 104.681 104.844 104.999 105.15 105.306 105.467 105.629
-9999 -9999 -9999 -9999 -9999 -9999 -9999 -9999 -9999 -9999 -9999 -9999 -9999 -9999 -9999 -9999 -9999 -9999 -9999 -9999 -9999 -9999 -9999 -9999 -9999 -9999 -9999 -9999 -9999 -9999 -9999 -9999 -9999 -9999 -9999 -9999 -9999 -9999 101.436 101.433 101.427 101.421 101.456 101.53 101.596 101.662 101.727 101.788 101.863 101.963 102.09 102.229 102.36 102.482 102.6 102.715 102.832 102.953 103.086 103.232 103.39 103.553 103.719 103.887 104.056 104.236 104.427 104.62 104.806 104.975 105.134 105.29 105.445 105.6
-9999 -9999 -9999 -9999 -9999 -9999 -9999 -9999 -9999 -9999 -9999 -9999 -9999 -9999 -9999 -9999 -9999 -9999 102.455 102.447 -9999 -9999 -9999 -9999 -9999 -9999 -9999 -9999 -9999 -9999 -9999 -9999 -9999 -9999 -9999 -9999 -9999 101.499 101.503 101.5 101.496 101.498 101.545 101.619 101.686 101.747 101.803 101.854 101.909 101.974 102.051 102.141 102.26 102.38 102.498 102.611 102.722 102.835 102.964 103.115 103.281 103.457 103.638 103.822 104.009 104.196 104.389 104.589 104.79 104.971 105.13 105.283 105.433 105.582
-9999 -9999 -9999 -9999 -9999 -9999 -9999 -9999 -9999 -9999 -9999 -9999 -9999 -9999 -9999 -9999 -9999 -9999 102.43 102.425 102.42 -9999 -9999 -9999 -9999 -9999 -9999 -9999 -9999 -9999 -9999 -9999 -9999 -9999 -9999 -9999 101.555 101.564 101.566 101.564 101.561 101.572 101.628 101.701 101.769 101.832 101.891 101.945 101.995 102.042 102.094 102.161 102.24 102.352 102.464 102.573 102.677 102.778 102.907 103.071 103.248 103.43 103.617 103.805 103.994 104.185 104.378 104.574 104.775 104.971 105.136 105.287 105.432 105.574
-9999 -9999 -9999 -9999 -9999 -9999 -9999 -9999 -9999 -9999 -9999 -9999 -9999 -9999 -9999 -9999 -9999 102.421 102.415 102.41 102.406 102.402 -9999 -9999 -9999 -9999 -9999 -9999 -9999 -9999 -9999 -9999 -9999 101.66 -9999 -9999 101.622 101.625 101.626 101.626 101.624 -9999 101.703 101.777 101.845 101.91 101.972 102.031 102.086 102.136 102.186 102.236 102.288 102.368 102.471 102.579 102.685 102.794 102.918 103.079 103.257 103.44 103.623 103.807 103.993 104.181 104.373 104.568 104.769 104.973 105.152 105.301 105.44 105.574
-9999 -9999 -9999 -9999 -9999 -9999 -9999 -9999 -9999 -9999 -9999 -9999 -9999 -9999 -9999 -9999 -9999 102.407 102.402 102.397 102.392 102.388 102.385 102.383 -9999 -9999 -9999 102.303 102.23 -9999 101.994 101.878 101.776 101.701 101.688 -9999 -9999 101.694 101.694 -9999 -9999 101.715 101.781 101.854 101.924 101.99 102.054 102.115 102.174 102.23 102.284 102.338 102.392 102.448 102.512 102.602 102.711 102.829 102.96 103.113 103.283 103.457 103.635 103.814 103.996 104.182 104.373 104.568 104.77 104.976 105.171 105.325 105.456 105.581
-9999 -9999 -9999 -9999 -9999 -9999 -9999 -9999 -9999 -9999 -9999 -9999 -9999 -9999 -9999 -9999 -9999 -9999 102.387 102.382 102.378 102.375 102.372 -9999 -9999 102.369 102.352 102.335 102.255 102.143 102.026 101.918 101.819 101.762 101.761 101.762 -9999 101.765 101.765 101.765 101.766 101.794 101.862 101.935 102.005 102.071 102.134 102.196 102.258 102.32 102.379 102.437 102.496 102.557 102.619 102.685 102.767 102.872 103.004 103.154 103.314 103.481 103.652 103.826 104.005 104.187 104.375 104.57 104.773 104.983 105.193 105.357 105.478 105.588
-9999 -9999 -9999 -9999 -9999 -9999 -9999 -9999 -9999 -9999 -9999 -9999 -9999 -9999 -9999 -9999 -9999 -9999 102.371 102.367 102.364 102.361 102.359 102.358 102.357 102.357 102.357 102.339 102.281 102.176 102.064 101.96 101.869 101.834 101.832 101.833 101.837 101.841 101.845 101.848 101.85 101.88 101.948 102.02 102.088 102.154 102.217 102.28 102.345 102.409 102.473 102.535 102.599 102.665 102.734 102.807 102.887 102.976 103.082 103.204 103.348 103.508 103.673 103.842 104.015 104.193 104.378 104.57 104.772 104.986 105.21 105.388 105.496 105.591
-9999 -9999 -9999 -9999 -9999 -9999 -9999 -9999 -9999 -9999 -9999 -9999 -9999 -9999 -9999 -9999 -9999 -9999 -9999 102.352 102.349 102.347 102.346 102.345 102.345 102.345 102.346 102.341 102.302 102.212 102.103 102.002 101.927 101.91 101.912 101.915 101.919 101.923 101.927 101.931 101.933 101.964 102.03 102.1 102.168 102.233 102.298 102.362 102.428 102.496 102.564 102.634 102.702 102.772 102.847 102.927 103.014 103.109 103.211 103.321 103.44 103.575 103.718 103.866 104.027 104.198 104.377 104.564 104.761 104.969 105.187 105.377 105.49 105.577
-9999 -9999 -9999 -9999 -9999 -9999 -9999 -9999 -9999 -9999 -9999 -9999 -9999 -9999 -9999 -9999 -9999 -9999 -9999 -9999 -9999 102.334 102.333 102.284 102.148 102.218 102.416 102.408 102.313 102.249 102.144 102.052 101.995 101.991 101.993 101.996 101.998 102.001 102.004 102.008 102.011 102.041 102.104 102.174 102.241 102.307 102.373 102.439 102.507 102.577 102.65 102.724 102.801 102.876 102.957 103.044 103.137 103.236 103.341 103.451 103.569 103.694 103.824 103.96 104.103 104.257 104.421 104.594 104.779 104.974 105.176 105.37 105.508 105.611
-9999 -9999 -9999 -9999 -9999 -9999 -9999 -9999 -9999 -9999 -9999 -9999 -9999 -9999 -9999 -9999 -9999 -9999 -9999 -9999 102.32 102.32 102.32 102.278 102.369 102.464 102.436 102.387 102.321 102.281 102.197 102.109 102.064 102.066 102.068 102.07 102.072 102.074 102.077 102.08 102.084 102.112 102.172 102.242 102.309 102.376 102.443 102.511 102.581 102.654 102.73 102.811 102.894 102.976 103.06 103.149 103.244 103.345 103.452 103.564 103.68 103.801 103.926 104.056 104.193 104.337 104.491 104.656 104.832 105.017 105.205 105.396 105.55 105.666
-9999 -9999 -9999 -9999 -9999 -9999 -9999 -9999 -9999 -9999 -9999 -9999 -9999 -9999 -9999 -9999 -9999 -9999 -9999 102.306 102.306 102.306 102.306 102.401 102.529 102.439 102.345 102.275 102.165 102.166 102.175 102.117 102.145 102.115 102.048 102.055 102.141 102.143 102.146 102.149 102.153 102.179 102.235 102.304 102.371 102.439 102.507 102.578 102.65 102.726 102.805 102.887 102.972 103.058 103.146 103.237 103.333 103.435 103.545 103.661 103.779 103.898 104.017 104.14 104.268 104.403 104.546 104.701 104.866 105.043 105.229 105.425 105.597 105.724
-9999 -9999 -9999 -9999 -9999 -9999 -9999 -9999 -9999 -9999 -9999 -9999 -9999 -9999 -9999 -9999 -9999 -9999 102.293 102.291 102.292 102.292 102.293 102.328 102.212 102.2 102.307 102.274 102.339 102.368 102.329 102.302 102.195 102.162 102.148 102.2 102.205 102.207 102.211 102.215 102.219 102.241 102.292 102.361 102.429 102.498 102.568 102.64 102.714 102.79 102.868 102.949 103.036 103.129 103.22 103.312 103.41 103.515 103.626 103.744 103.866 103.989 104.106 104.22 104.338 104.462 104.595 104.737 104.891 105.056 105.234 105.426 105.611 105.756
-9999 -9999 -9999 -9999 -9999 -9999 -9999 -9999 -9999 -9999 -9999 -9999 -9999 -9999 -9999 -9999 102.288 102.282 102.279 102.277 102.278 102.279 102.28 102.227 102.233 102.299 102.318 102.359 102.38 102.419 102.482 102.369 102.256 102.255 102.259 102.262 102.265 102.268 102.272 102.277 102.282 102.299 102.345 102.414 102.482 102.552 102.623 102.695 102.767 102.841 102.919 103.002 103.092 103.188 103.284 103.379 103.479 103.585 103.7 103.82 103.944 104.068 104.187 104.297 104.404 104.517 104.64 104.772 104.915 105.071 105.24 105.425 105.611 105.756
-9999 -9999 -9999 -9999 -9999 -9999 -9999 -9999 -9999 -9999 -9999 -9999 -9999 -9999 -9999 102.309 102.273 102.269 102.263 -9999 -9999 -9999 -9999 102.276 102.284 102.306 102.334 102.342 102.347 102.414 102.459 102.366 102.304 102.315 102.317 102.319 102.322 102.326 102.331 102.336 102.342 102.355 102.393 102.462 102.531 102.601 102.669 102.738 102.81 102.885 102.965 103.05 103.141 103.238 103.339 103.437 103.538 103.646 103.763 103.888 104.016 104.14 104.253 104.361 104.463 104.568 104.681 104.804 104.939 105.088 105.25 105.43 105.616 105.756
-9999 -9999 -9999 -9999 -9999 -9999 -9999 -9999 -9999 -9999 -9999 -9999 -9999 -9999 -9999 102.245 102.249 102.249 -9999 -9999 -9999 -9999 -9999 102.272 102.279 102.312 102.35 102.335 102.308 102.342 102.329 102.3 102.337 102.36 102.371 102.375 102.383 102.381 102.386 102.392 102.399 102.408 102.443 102.506 102.573 102.638 102.706 102.776 102.849 102.925 103.006 103.092 103.185 103.282 103.384 103.485 103.587 103.697 103.814 103.941 104.077 104.206 104.308 104.402 104.506 104.61 104.717 104.834 104.963 105.105 105.263 105.44 105.62 105.757
-9999 -9999 -9999 -9999 -9999 -9999 -9999 -9999 -9999 -9999 -9999 -9999 -9999 -9999 -9999 -9999 -9999 102.202 -9999 -9999 -9999 -9999 -9999 102.271 102.276 102.298 102.287 102.278 102.287 102.296 102.343 102.352 102.324 102.352 102.373 102.39 102.392 102.4 102.41 102.422 102.436 102.452 102.488 102.542 102.605 102.671 102.739 102.81 102.884 102.961 103.043 103.13 103.222 103.319 103.42 103.525 103.628 103.735 103.851 103.975 104.106 104.232 104.336 104.425 104.525 104.636 104.74 104.845 104.961 105.091 105.236 105.402 105.569 105.696
-9999 -9999 -9999 -9999 -9999 -9999 -9999 -9999 -9999 -9999 -9999 -9999 -9999 -9999 -9999 -9999 -9999 -9999 -9999 -9999 -9999 -9999 -9999 102.244 102.272 102.259 102.255 102.241 102.199 102.235 102.278 102.26 102.285 102.317 102.347 102.371 102.391 102.402 102.415 102.431 102.449 102.468 102.495 102.543 102.617 102.695 102.77 102.841 102.916 102.993 103.076 103.163 103.254 103.349 103.449 103.555 103.659 103.764 103.875 103.992 104.112 104.229 104.332 104.419 104.509 104.609 104.721 104.824 104.931 105.051 105.186 105.341 105.493 105.579
-9999 -9999 -9999 -9999 -9999 -9999 -9999 -9999 -9999 -9999 -9999 -9999 -9999 -9999 -9999 -9999 -9999 -9999 -9999 -9999 -9999 -9999 -9999 -9999 102.22 102.209 102.201 102.188 102.22 102.232 102.197 102.21 102.241 102.278 102.312 102.345 102.373 102.398 102.415 102.432 102.451 102.466 102.487 102.532 102.607 102.689 102.771 102.857 102.944 103.023 103.105 103.192 103.282 103.375 103.474 103.579 103.682 103.783 103.889 103.999 104.105 104.204 104.297 104.384 104.471 104.565 104.67 104.784 104.891 105.005 105.133 105.275 105.383 105.436
-9999 -9999 -9999 -9999 -9999 -9999 -9999 -9999 -9999 -9999 -9999 -9999 -9999 -9999 -9999 -9999 -9999 -9999 -9999 -9999 -9999 -9999 -9999 102.145 102.154 102.145 102.139 102.153 102.155 102.137 102.141 102.161 102.207 102.24 102.275 102.31 102.345 102.376 102.407 102.432 102.446 102.462 102.481 102.52 102.584 102.668 102.755 102.848 102.939 103.035 103.131 103.217 103.305 103.396 103.493 103.596 103.699 103.797 103.892 103.986 104.079 104.168 104.253 104.337 104.424 104.516 104.617 104.73 104.847 104.959 105.066 105.172 105.253 105.273
-9999 -9999 -9999 -9999 -9999 -9999 -9999 -9999 -9999 -9999 -9999 -9999 -9999 -9999 -9999 -9999 -9999 -9999 -9999 -9999 -9999 -9999 -9999 102.083 102.091 102.084 102.08 102.079 102.08 102.083 102.088 102.11 102.144 102.194 102.237 102.273 102.31 102.347 102.382 102.41 102.436 102.457 102.477 102.507 102.559 102.643 102.73 102.822 102.92 103.022 103.124 103.233 103.324 103.414 103.509 103.609 103.707 103.795 103.879 103.962 104.045 104.127 104.209 104.291 104.376 104.466 104.564 104.673 104.788 104.882 104.967 105.052 105.11 105.112
-9999 -9999 -9999 -9999 -9999 -9999 -9999 -9999 -9999 -9999 -9999 -9999 -9999 -9999 -9999 -9999 -9999 -9999 -9999 -9999 -9999 -9999 -9999 102.024 102.032 102.027 102.024 102.024 102.026 102.031 102.037 102.049 102.082 102.143 102.197 102.237 102.274 102.311 102.346 102.377 102.407 102.437 102.468 102.497 102.545 102.615 102.703 102.795 102.891 102.993 103.103 103.216 103.332 103.429 103.522 103.613 103.702 103.783 103.857 103.933 104.01 104.088 104.166 104.245 104.328 104.416 104.504 104.59 104.683 104.777 104.85 104.925 104.964 104.953
-9999 -9999 -9999 -9999 -9999 -9999 -9999 -9999 -9999 -9999 -9999 -9999 -9999 -9999 -9999 -9999 -9999 -9999 -9999 -9999 -9999 -9999 -9999 -9999 101.976 101.972 101.97 101.971 101.975 101.98 101.987 101.995 102.028 102.087 102.147 102.2 102.238 102.274 102.305 102.337 102.37 102.405 102.44 102.475 102.521 102.585 102.673 102.764 102.86 102.962 103.069 103.181 103.298 103.422 103.521 103.607 103.689 103.764 103.833 103.904 103.976 104.05 104.125 104.2 104.269 104.338 104.411 104.486 104.564 104.651 104.731 104.797 104.822 104.797
-9999 -9999 -9999 -9999 -9999 -9999 -9999 -9999 -9999 -9999 -9999 -9999 -9999 -9999 -9999 -9999 -9999 -9999 -9999 -9999 -9999 -9999 -9999 -9999 101.923 101.918 101.918 101.919 101.924 101.93 101.938 101.947 101.974 102.025 102.092 102.15 102.199 102.232 102.264 102.296 102.33 102.365 102.402 102.442 102.484 102.544 102.623 102.72 102.822 102.927 103.034 103.143 103.257 103.372 103.49 103.59 103.673 103.745 103.809 103.875 103.937 103.998 104.059 104.12 104.182 104.242 104.305 104.372 104.444 104.524 104.607 104.666 104.678 104.647
-9999 -9999 -9999 -9999 -9999 -9999 -9999 -9999 -9999 -9999 -9999 -9999 -9999 -9999 -9999 -9999 -9999 -9999 -9999 -9999 -9999 -9999 -9999 101.846 101.867 101.864 101.865 101.869 101.874 101.882 101.891 101.9 101.92 101.963 102.03 102.094 102.147 102.189 102.222 102.255 102.289 102.325 102.363 102.403 102.445 102.495 102.563 102.656 102.758 102.863 102.971 103.082 103.189 103.299 103.411 103.527 103.628 103.699 103.755 103.811 103.867 103.921 103.974 104.028 104.083 104.139 104.198 104.26 104.328 104.401 104.476 104.53 104.535 104.503
-9999 -9999 -9999 -9999 -9999 -9999 -9999 -9999 -9999 -9999 -9999 -9999 -9999 -9999 -9999 -9999 -9999 -9999 -9999 -9999 -9999 -9999 -9999 101.793 101.794 101.792 101.794 101.8 101.812 101.826 101.841 101.854 101.868 101.904 101.966 102.03 102.087 102.137 102.18 102.214 102.248 102.285 102.324 102.364 102.406 102.45 102.507 102.58 102.681 102.785 102.892 102.997 103.098 103.202 103.31 103.421 103.538 103.627 103.683 103.734 103.784 103.834 103.884 103.934 103.985 104.038 104.093 104.152 104.214 104.277 104.342 104.391 104.394 104.365
-9999 -9999 -9999 -9999 -9999 -9999 -9999 -9999 -9999 -9999 -9999 -9999 -9999 -9999 -9999 -9999 -9999 -9999 -9999 -9999 -9999 -9999 -9999 101.72 101.717 101.717 101.719 101.727 101.741 101.758 101.776 101.793 101.812 101.847 101.9 101.961 102.02 102.076 102.126 102.17 102.205 102.241 102.279 102.319 102.362 102.407 102.456 102.521 102.602 102.704 102.806 102.903 103.001 103.101 103.205 103.312 103.423 103.531 103.604 103.655 103.701 103.748 103.794 103.841 103.889 103.939 103.991 104.045 104.098 104.153 104.21 104.254 104.258 104.231
-9999 -9999 -9999 -9999 -9999 -9999 -9999 -9999 -9999 -9999 -9999 -9999 -9999 -9999 -9999 -9999 -9999 -9999 -9999 -9999 -9999 -9999 101.639 101.643 101.643 101.645 101.649 101.657 101.669 101.684 101.703 101.724 101.746 101.777 101.828 101.887 101.937 101.991 102.044 102.092 102.139 102.177 102.216 102.256 102.298 102.343 102.391 102.446 102.518 102.608 102.709 102.809 102.904 103.002 103.101 103.204 103.311 103.414 103.512 103.575 103.619 103.662 103.705 103.75 103.794 103.841 103.888 103.935 103.982 104.031 104.078 104.116 104.123 104.102
-9999 -9999 -9999 -9999 -9999 -9999 -9999 -9999 -9999 -9999 -9999 -9999 -9999 -9999 -9999 -9999 -9999 -9999 -9999 -9999 -9999 101.557 101.569 101.569 101.571 101.574 101.58 101.589 101.599 101.614 101.63 101.66 101.706 101.689 101.622 101.678 101.831 101.891 101.946 102.002 102.053 102.102 102.146 102.186 102.227 102.271 102.319 102.37 102.43 102.502 102.592 102.694 102.796 102.899 102.999 103.099 103.201 103.3 103.394 103.485 103.537 103.577 103.617 103.658 103.7 103.742 103.783 103.825 103.867 103.912 103.95 103.978 103.991 103.976
-9999 -9999 -9999 -9999 -9999 -9999 -9999 -9999 -9999 -9999 -9999 -9999 -9999 -9999 -9999 -9999 -9999 -9999 -9999 101.472 101.486 101.492 101.493 101.495 101.498 101.503 101.511 101.52 101.533 101.561 101.595 101.598 101.607 101.564 101.557 101.647 101.714 101.78 101.845 101.906 101.961 102.015 102.065 102.114 102.157 102.2 102.246 102.295 102.347 102.406 102.477 102.567 102.668 102.769 102.872 102.974 103.072 103.163 103.251 103.342 103.418 103.463 103.503 103.545 103.588 103.633 103.676 103.715 103.754 103.794 103.824 103.845 103.862 103.843
