Validation/Results/ReClimate_09_2024_1_Precipitation-Actualsweatherlogisticsltd.asc
NCOLS 192
NROWS 249
XLLCENTER -225160.85627316462
YLLCENTER 29788.11610251502
CELLSIZE 5000.0
NODATA_VALUE -9999
[rows 99 to 131 of 249, columns 74 to 147 of 192]
242.27 242.613 252.313 252.717 256.184 265.676 279.818 304.264 -9999 -9999 219.98 312.726 346.154 376.853 360.047 377.434 369.644 322.225 310.369 284.873 274.06 269.779 250.059 217.722 201.57 197.818 176.666 169.149 157.118 152.132 145.699 138.283 134.438 134.954 126.5 119.053 107.952 95.642 97.903 109.35 104.775 98.645 100.034 102.538 94.77 -9999 -9999 -9999 -9999 -9999 -9999 -9999 -9999 -9999 -9999 -9999 -9999 -9999 -9999 -9999 -9999 -9999 -9999 -9999 -9999 -9999 -9999 -9999 -9999 -9999 -9999 -9999 -9999 -9999
216.135 252.836 246.178 -9999 -9999 238.896 265.862 -9999 -9999 -9999 206.074 289.509 387.336 387.447 411.254 367.797 324.75 319.545 351.883 335.748 297.501 287.315 247.313 236.239 237.188 207.912 173.299 193.872 208.755 190.376 162.164 145.681 134.145 124.357 104.027 100.16 96.047 100.115 116.067 117.562 118.195 115.669 114.316 102.558 91.028 -9999 -9999 -9999 -9999 -9999 -9999 -9999 -9999 -9999 -9999 -9999 -9999 -9999 -9999 -9999 -9999 -9999 -9999 -9999 -9999 -9999 -9999 -9999 -9999 -9999 -9999 -9999 -9999 -9999
214.348 -9999 252.368 255.666 270.414 -9999 -9999 -9999 -9999 233.052 230.559 311.456 356.93 367.856 371.558 347.82 341.66 376.07 405.026 357.769 349.395 278.653 255.473 257.964 221.463 180.986 206.997 245.101 236.033 189.194 172.788 153.746 135.832 113.287 102.607 99.479 106.523 122.761 109.602 114.663 116.427 114.717 106.25 92.923 -9999 -9999 -9999 -9999 -9999 -9999 -9999 -9999 -9999 -9999 -9999 -9999 -9999 -9999 -9999 -9999 -9999 -9999 -9999 -9999 -9999 -9999 -9999 -9999 -9999 -9999 -9999 -9999 -9999 -9999
226.925 287.889 338.382 383.43 403.411 309.583 254.011 -9999 -9999 223.73 -9999 -9999 272.277 359.587 355.177 316.982 346.011 398.277 375.087 399.889 370.722 298.857 256.817 223.282 234.694 238.73 265.563 253.329 228.261 223.77 195.096 151.915 124.305 109.876 104.851 108.521 124.084 103.207 99.665 105.971 101.835 96.687 92.736 -9999 -9999 -9999 -9999 -9999 -9999 -9999 -9999 -9999 -9999 -9999 -9999 -9999 -9999 -9999 -9999 -9999 -9999 -9999 -9999 -9999 -9999 -9999 -9999 -9999 -9999 -9999 -9999 -9999 -9999 -9999
252.355 287.006 342.345 415.938 370.674 -9999 -9999 -9999 232.97 251.041 257.859 271.342 292.57 309.565 286.053 287.336 338.138 360.228 358.024 336.56 306.261 281.645 258.637 262.318 228.949 252.89 236.943 230.02 224.739 190.528 167.426 139.929 120.25 111.319 103.67 106.741 96.261 88.21 -9999 -9999 90.299 -9999 -9999 -9999 -9999 -9999 -9999 -9999 -9999 -9999 -9999 -9999 -9999 -9999 -9999 -9999 -9999 -9999 -9999 -9999 -9999 -9999 -9999 -9999 -9999 -9999 -9999 -9999 -9999 -9999 -9999 -9999 -9999 -9999
242.743 275.5 330.133 -9999 319.625 -9999 -9999 -9999 244.285 276.9 295.211 290.052 277.329 291.83 304.95 340.201 375.41 360.584 342.084 331.552 332.727 295.786 265.302 228.989 239.16 243.976 212.663 183.625 157.488 150.096 135.755 122.004 114.169 104.76 96.271 94.461 85.743 -9999 95.22 87.957 84.317 92.301 -9999 -9999 -9999 -9999 -9999 -9999 -9999 -9999 -9999 -9999 -9999 -9999 -9999 -9999 -9999 -9999 -9999 -9999 -9999 -9999 -9999 -9999 -9999 -9999 -9999 -9999 -9999 -9999 -9999 -9999 -9999 -9999
-9999 243.986 -9999 -9999 -9999 -9999 252.674 251.979 272.745 287.999 299.291 290.412 301.704 329.005 331.301 351.054 353.935 382.78 353.65 352.073 317.551 309.449 259.921 271.46 283.972 236.486 210.206 186.983 161.933 137.871 125.707 109.208 103.132 103.011 99.516 -9999 98.173 96.591 88.222 87.517 85.367 95.218 -9999 -9999 -9999 -9999 -9999 -9999 -9999 -9999 -9999 -9999 -9999 -9999 -9999 -9999 -9999 -9999 -9999 -9999 -9999 -9999 -9999 -9999 -9999 -9999 -9999 -9999 -9999 -9999 -9999 -9999 -9999 -9999
-9999 -9999 -9999 -9999 -9999 -9999 257.426 227.817 241.346 279.423 298.403 284.68 311.822 290.182 286.136 314.388 389.512 385.128 345.699 338.347 330.854 276.931 266.932 291.55 266.74 263.336 252.079 198.572 172.531 150.238 129.72 128.184 132.186 129.321 129.716 119.878 101.478 96.536 100.484 106.837 101.515 101.143 96.367 -9999 -9999 -9999 -9999 -9999 -9999 -9999 -9999 -9999 -9999 -9999 -9999 -9999 -9999 -9999 -9999 -9999 -9999 -9999 -9999 -9999 -9999 -9999 -9999 -9999 -9999 -9999 -9999 -9999 -9999 -9999
-9999 -9999 -9999 -9999 -9999 249.041 -9999 -9999 247.107 286.274 285.279 303.063 296.212 -9999 -9999 342.242 407.992 417.439 339.236 317.309 296.478 266.477 255.462 247.155 218.914 220.17 183.034 169.936 162.906 161.708 175.96 181.619 162.513 150.026 134.269 124.992 118.349 105.195 113.556 104.855 114.178 110.46 99.356 85.674 -9999 -9999 -9999 -9999 -9999 -9999 -9999 -9999 -9999 -9999 -9999 -9999 -9999 -9999 -9999 -9999 -9999 -9999 -9999 -9999 -9999 -9999 -9999 -9999 -9999 -9999 -9999 -9999 -9999 -9999
-9999 -9999 -9999 -9999 -9999 235.03 -9999 226.051 244.553 264.971 291.903 299.566 281.786 276.692 315.002 360.08 374.333 314.348 313.406 335.198 273.362 245.248 239.796 215.851 187.247 164.627 145.344 148.224 170.259 216.778 223.326 190.927 163.384 138.185 128.459 124.914 116.204 111.675 102.484 97.33 94.64 97.58 88.923 -9999 -9999 -9999 -9999 -9999 -9999 -9999 -9999 -9999 -9999 -9999 -9999 -9999 -9999 -9999 -9999 -9999 -9999 -9999 -9999 -9999 -9999 -9999 -9999 -9999 -9999 -9999 -9999 -9999 -9999 -9999
-9999 -9999 -9999 -9999 -9999 221.02 -9999 207.084 208.076 245.598 263.91 262.049 -9999 308.459 314.909 -9999 320.73 307.136 317.423 274.863 278.947 240.505 211.41 177.185 157.185 142.077 144.608 137.889 166.304 160.798 151.232 151.958 152.327 142.352 124.484 117.909 111.914 103.21 95.213 -9999 -9999 -9999 -9999 -9999 -9999 -9999 -9999 -9999 -9999 -9999 -9999 -9999 -9999 -9999 -9999 -9999 -9999 -9999 -9999 -9999 -9999 -9999 -9999 -9999 -9999 -9999 -9999 -9999 -9999 -9999 -9999 -9999 -9999 -9999
-9999 -9999 -9999 199.787 208.798 -9999 -9999 188.561 220.306 244.398 243.859 257.712 307.455 297.652 324.813 -9999 260.348 282.327 268.768 252.008 234.622 221.488 184.532 181.47 183.467 176.275 169.137 141.62 128.824 120.789 125.965 129.768 134.936 136.309 125.635 123.379 114.173 100.813 -9999 -9999 -9999 -9999 -9999 -9999 -9999 -9999 -9999 -9999 -9999 -9999 -9999 -9999 -9999 -9999 -9999 -9999 -9999 -9999 -9999 -9999 -9999 -9999 -9999 -9999 -9999 -9999 -9999 -9999 -9999 -9999 -9999 -9999 -9999 -9999
-9999 -9999 173.283 186.391 198.584 -9999 199.805 220.242 238.911 234.406 -9999 285.445 287.516 310.899 321.553 -9999 252.121 261.995 234.771 196.776 198.391 180.368 175.394 191.045 196.764 205.178 179.559 158.217 134.346 -9999 106.001 112.282 119.494 123.055 120.388 121.281 109.263 -9999 -9999 -9999 -9999 -9999 -9999 -9999 -9999 -9999 -9999 -9999 -9999 -9999 -9999 -9999 -9999 -9999 -9999 -9999 -9999 -9999 -9999 -9999 -9999 -9999 -9999 -9999 -9999 -9999 -9999 -9999 -9999 -9999 -9999 -9999 -9999 -9999
-9999 -9999 159.9 173.473 -9999 -9999 217.457 243.26 238.386 -9999 253.636 276.505 290.064 307.015 297.019 -9999 227.749 206.083 193.366 190.967 190.902 184.581 186.536 232.126 239.57 233.46 215.202 164.858 131.996 108.998 106.6 -9999 -9999 102.867 98.308 -9999 -9999 -9999 -9999 -9999 -9999 81.515 82.046 88.235 -9999 -9999 -9999 -9999 -9999 -9999 -9999 -9999 -9999 -9999 -9999 -9999 -9999 -9999 -9999 -9999 -9999 -9999 -9999 -9999 -9999 -9999 -9999 -9999 -9999 -9999 -9999 -9999 -9999 -9999
-9999 162.618 170.324 -9999 -9999 203.07 220.641 220.141 241.171 -9999 244.014 267.154 268.341 270.242 284.901 -9999 -9999 -9999 202.872 194.38 189.29 189.307 199.569 203.354 196.833 197.451 176.881 151.9 134.099 124.368 114.611 105.048 103.846 100.541 89.865 -9999 -9999 -9999 -9999 -9999 83.102 81.269 84.021 83.9 81.376 -9999 -9999 -9999 -9999 -9999 -9999 -9999 -9999 -9999 -9999 -9999 -9999 -9999 -9999 -9999 -9999 -9999 -9999 -9999 -9999 -9999 -9999 -9999 -9999 -9999 -9999 -9999 -9999 -9999
186.331 172.195 181.425 -9999 -9999 -9999 181.434 220.457 225.467 -9999 214.449 -9999 228.639 250.324 238.163 -9999 206.685 220.058 216.677 -9999 170.56 159.328 164.111 160.85 159.825 162.606 159.187 148.572 138.813 133.586 122.426 121.263 118.351 101.514 91.493 86.873 89.221 88.828 -9999 82.797 82.854 81.511 82.058 93.369 96.702 103.001 76.98 -9999 -9999 -9999 -9999 -9999 -9999 -9999 -9999 -9999 -9999 -9999 -9999 -9999 -9999 -9999 -9999 -9999 -9999 -9999 -9999 -9999 -9999 -9999 -9999 -9999 -9999 -9999
183.128 199.725 -9999 -9999 -9999 -9999 196.328 223.928 201.517 -9999 189.842 -9999 205.161 204.061 -9999 220.8 235.736 256.039 232.753 191.421 156.931 142.832 139.44 136.653 142.971 140.783 139.797 140.885 136.613 134.429 125.499 122.864 107.065 109.307 106.324 102.017 106.599 94.795 93.191 89.758 84.776 82.638 91.114 111.298 115.396 119.14 108.911 97.614 86.761 93.693 -9999 -9999 -9999 -9999 -9999 -9999 -9999 -9999 -9999 -9999 -9999 -9999 -9999 -9999 -9999 -9999 -9999 -9999 -9999 -9999 -9999 -9999 -9999 -9999
-9999 198.343 -9999 -9999 -9999 -9999 194.218 193.646 201.879 206.613 -9999 -9999 171.272 181.503 -9999 203.942 242.881 278.491 243.152 198.899 163.867 150.126 136.294 132.415 123.992 120.767 126.899 133.313 141.642 140.955 135.849 117.227 133.005 129.042 123.82 131.392 116.715 96.812 86.419 94.899 93.221 103.345 128.757 133.701 127.876 126.359 118.521 122.767 125.884 97.717 90.717 -9999 -9999 -9999 -9999 -9999 -9999 -9999 -9999 -9999 -9999 -9999 -9999 -9999 -9999 -9999 -9999 -9999 -9999 -9999 -9999 -9999 -9999 -9999
205.469 -9999 -9999 -9999 -9999 -9999 176.201 187.141 207.821 190.73 -9999 -9999 172.307 170.944 -9999 -9999 240.009 245.259 222.146 194.827 186.619 171.728 156.097 140.287 137.284 122.376 122.689 135.854 142.349 149.205 145.892 154.845 145.244 142.909 145.196 129.893 112.302 104.06 106.767 111.99 115.887 131.327 139.641 142.619 131.867 119.75 114.696 105.691 107.027 94.488 90.407 -9999 -9999 -9999 -9999 -9999 -9999 -9999 -9999 -9999 -9999 -9999 -9999 -9999 -9999 -9999 -9999 -9999 -9999 -9999 -9999 -9999 -9999 -9999
190.434 -9999 -9999 -9999 -9999 -9999 163.665 185.138 202.964 -9999 -9999 -9999 -9999 164.382 -9999 171.369 209.423 218.463 199.73 194.478 194.732 189.3 178.243 170.609 154.411 137.401 126.919 121.686 131.169 138.673 150.803 149.21 146.167 144.443 131.624 123.49 120.566 118.91 133.895 127.527 121.341 124.775 121.852 118.195 118.901 116.009 106.621 90.691 79.689 90.955 92.111 85.923 -9999 -9999 -9999 -9999 -9999 -9999 -9999 -9999 -9999 -9999 -9999 -9999 -9999 -9999 -9999 -9999 -9999 -9999 -9999 -9999 -9999 -9999
175.656 -9999 -9999 -9999 171.264 166.802 170.998 189.318 -9999 -9999 228.735 -9999 -9999 -9999 -9999 163.976 188.54 190.312 182.718 179.975 180.332 193.4 190.69 187.65 175.136 152.944 137.276 120.504 114.365 128.938 130.185 125.432 133.203 123.143 128.516 140.449 133.565 154.952 161.126 145.289 134.787 123.924 103.955 110.481 108.54 111.686 104.571 84.431 83.241 89.357 85.949 81.769 -9999 -9999 -9999 -9999 -9999 -9999 -9999 -9999 -9999 -9999 -9999 -9999 -9999 -9999 -9999 -9999 -9999 -9999 -9999 -9999 -9999 -9999
-9999 -9999 -9999 -9999 -9999 177.658 183.831 204.79 -9999 216.167 245.732 264.065 -9999 -9999 -9999 -9999 152.935 153.249 155.261 158.816 167.487 173.611 183.139 182.398 176.504 156.498 136.772 121.389 125.004 115.203 117.226 129.514 132.669 130.761 144.405 131.761 147.43 147.14 150.129 151.825 143.202 119.442 111.462 105.26 96.179 95.385 95.606 84.027 82.197 88.301 90.652 85.209 84.054 -9999 -9999 -9999 -9999 -9999 -9999 -9999 -9999 -9999 -9999 -9999 -9999 -9999 -9999 -9999 -9999 -9999 -9999 -9999 -9999 -9999
-9999 -9999 -9999 -9999 -9999 188.448 202.805 219.349 -9999 187.137 238.424 269.459 -9999 -9999 -9999 -9999 -9999 133.596 139.114 145.398 152.565 163.098 167.794 174.061 173.87 179.245 165.177 149.511 127.679 123.088 124.877 127.146 120.965 127.485 139.222 138.879 134.885 140.032 136.803 122.561 115.448 105.518 110.16 97.606 92.737 92.75 83.408 80.613 79.141 83.468 88.044 96.137 88.171 84.471 -9999 -9999 -9999 -9999 -9999 -9999 -9999 -9999 -9999 -9999 -9999 -9999 -9999 -9999 -9999 -9999 -9999 -9999 -9999 -9999
-9999 -9999 -9999 -9999 -9999 196.728 220.245 -9999 -9999 165.862 211.005 245.041 208.239 -9999 -9999 -9999 -9999 -9999 127.328 140.811 152.528 156.799 177.062 188.48 193.996 194.338 179.555 162.506 145.461 145.455 137.447 134.126 139.831 157.446 156.8 177.795 153.719 155.817 132.036 145.042 125.891 111.021 104.966 94.589 88.606 85.991 88.17 91.586 96.535 84.612 89.58 90.005 100.393 89.165 85.015 78.758 -9999 -9999 -9999 -9999 -9999 -9999 -9999 -9999 -9999 -9999 -9999 -9999 -9999 -9999 -9999 -9999 -9999 -9999
-9999 -9999 -9999 -9999 -9999 213.737 191.03 -9999 -9999 174.352 203.192 211.567 -9999 -9999 -9999 -9999 -9999 -9999 125.453 136.434 141.395 151.321 164.83 169.983 180.711 183.574 181.187 178.532 163.528 154.927 159.243 171.908 192.54 177.764 195.046 203.703 189.285 150.654 153.982 139.86 111.894 111.547 103.434 93.841 94.158 95.177 92.222 97.917 103.892 117.485 114.592 100.995 99.933 100.53 90.407 83.683 -9999 -9999 -9999 -9999 -9999 -9999 -9999 -9999 -9999 -9999 -9999 -9999 -9999 -9999 -9999 -9999 -9999 -9999
-9999 -9999 -9999 -9999 -9999 204.499 160.115 -9999 -9999 -9999 173.323 177.894 164.172 -9999 -9999 -9999 -9999 -9999 123.485 131.714 135.773 141.859 148.024 161.035 184.715 203.087 213.23 194.384 177.854 166.859 165.873 177.797 188.383 192.275 225.395 212.096 184.281 178.747 161.812 133.837 129.961 112.779 110.828 106.938 95.181 98.342 105.064 112.904 125.898 149.453 140.999 121.82 104.441 101.631 97.992 88.857 -9999 -9999 -9999 -9999 -9999 -9999 -9999 -9999 -9999 -9999 -9999 -9999 -9999 -9999 -9999 -9999 -9999 -9999
-9999 -9999 -9999 -9999 223.773 189.061 160.906 -9999 -9999 -9999 -9999 -9999 -9999 -9999 -9999 -9999 -9999 -9999 137.098 144.659 145.657 144.779 150.166 162.756 186.339 204.061 217.854 206.333 194.948 200.074 191.026 203.459 215.469 237.122 244.047 239.358 230.873 199.436 169.904 157.291 132.715 123.625 109.245 101.631 106.955 103.215 118.011 131.292 158.142 158.606 154.986 119.815 97.252 94.387 92.064 87.847 76.005 -9999 -9999 -9999 -9999 -9999 -9999 -9999 -9999 -9999 -9999 -9999 -9999 -9999 -9999 -9999 -9999 -9999
-9999 -9999 -9999 227.45 220.526 192.205 168.096 -9999 -9999 -9999 -9999 -9999 -9999 -9999 -9999 -9999 146.08 142.335 149.192 163.294 175.571 178.862 181.661 195.555 197.895 203.827 199.794 212.301 227.193 224.578 232.36 227.509 219.577 221.578 249.553 236.94 228.735 198.174 172.941 150.336 130.306 115.8 122.579 124.953 103.247 106.208 122.159 146.858 145.596 155.841 151.836 120.37 91.785 86.554 94.436 89.585 80.815 -9999 -9999 -9999 -9999 -9999 -9999 -9999 -9999 -9999 -9999 -9999 -9999 -9999 -9999 -9999 -9999 -9999
-9999 -9999 -9999 218.098 183.781 158.441 -9999 -9999 -9999 -9999 -9999 -9999 -9999 -9999 -9999 -9999 148.433 145.637 157.175 178.566 190.822 194.955 225.02 244.85 239.324 229.509 224.207 207.11 215.298 238.054 242.879 225.041 205.82 204.996 217.961 240.615 221.891 203.443 177.432 159.865 136.197 135.816 136.834 119.817 118.766 136.278 153.49 149.813 141.051 132.365 116.796 107.423 105.947 107.79 98.047 93.203 79.959 -9999 -9999 -9999 -9999 -9999 -9999 -9999 -9999 -9999 -9999 -9999 -9999 -9999 -9999 -9999 -9999 -9999
-9999 -9999 -9999 -9999 -9999 -9999 -9999 -9999 -9999 -9999 -9999 -9999 -9999 -9999 -9999 -9999 153.945 156.563 178.921 194.048 212.011 218.454 253.794 274.423 294.008 261.743 221.513 208.095 217.763 233.87 263.485 242.588 199.291 198.582 217.083 232.714 224.335 206.64 201.357 180.659 180.891 175.784 160.551 160.806 166.578 172.229 144.774 134.148 128.804 120.422 119.785 99.813 93.823 98.847 96.595 87.647 80.189 -9999 -9999 -9999 -9999 -9999 -9999 -9999 -9999 -9999 -9999 -9999 -9999 -9999 -9999 -9999 -9999 -9999
-9999 -9999 -9999 -9999 -9999 -9999 -9999 -9999 -9999 -9999 -9999 -9999 -9999 -9999 -9999 164.075 178.892 195.086 199.59 224.356 225.637 232.775 246.106 284.234 276.496 251.375 221.864 206.802 185.513 198.477 214.933 219.775 204.941 187.949 201.104 213.731 213.159 209.548 208.307 211.854 188.066 185.643 176.704 171.181 189.277 159.58 157.173 140.018 115.465 123.258 119.916 113.648 95.607 90.106 86.269 82.116 80.458 -9999 -9999 -9999 -9999 -9999 -9999 -9999 -9999 -9999 -9999 -9999 -9999 -9999 -9999 -9999 -9999 -9999
-9999 -9999 -9999 -9999 -9999 -9999 -9999 -9999 -9999 -9999 -9999 -9999 -9999 -9999 -9999 184.189 202.649 219.167 248.649 255.368 250.916 247.804 271.821 249.76 242.134 223.92 212.506 195.921 166.933 172.012 200.162 212.43 204.588 172.468 179.388 187.504 190.787 201.913 218.723 183.149 197.287 188.106 173.849 194.101 164.499 163.797 151.998 125.465 123.246 115.61 108.135 112.411 102.842 93.794 90.317 81.429 77.264 -9999 -9999 -9999 -9999 -9999 -9999 -9999 -9999 -9999 -9999 -9999 -9999 -9999 -9999 -9999 -9999 -9999
-9999 -9999 -9999 -9999 -9999 -9999 -9999 -9999 -9999 -9999 -9999 -9999 -9999 -9999 178.235 201.071 215.136 250.535 259.831 272.789 291.625 300.091 287.42 240.425 216.751 209.126 209.727 200.012 176.884 175.803 192.658 193.953 163.859 155.43 173.236 181.705 188.487 211.358 189.469 187.087 200.048 181.764 190.893 179.917 158.262 154.235 130.063 131.552 124.768 113.398 111.092 103.471 94.608 90.378 90.466 82.245 76.357 74.832 -9999 -9999 -9999 -9999 -9999 -9999 -9999 -9999 -9999 -9999 -9999 -9999 -9999 -9999 -9999 -9999
