Validation/Results/ReClimate_08_2024_1_Temperature-Actualsweatherlogisticsltd.asc
NCOLS 192
NROWS 249
XLLCENTER -225160.85627316462
YLLCENTER 29788.11610251502
CELLSIZE 5000.0
NODATA_VALUE -9999
[rows 68 to 101 of 249, columns 75 to 149 of 192]
-9999 -9999 -9999 -9999 -9999 -9999 -9999 -9999 -9999 -9999 -9999 11.721 10.825 11.564 11.935 11.083 10.714 11.322 11.411 11.371 11.555 11.384 11.48 11.12 11.159 11.502 11.114 11.583 12.384 -9999 -9999 -9999 -9999 -9999 -9999 -9999 -9999 -9999 -9999 -9999 -9999 -9999 -9999 -9999 -9999 -9999 -9999 -9999 -9999 -9999 -9999 -9999 -9999 -9999 -9999 -9999 -9999 -9999 -9999 -9999 -9999 -9999 -9999 -9999 -9999 -9999 -9999 -9999 -9999 -9999 -9999 -9999 -9999 -9999 -9999
-9999 -9999 -9999 -9999 -9999 -9999 -9999 -9999 -9999 -9999 -9999 -9999 -9999 11.96 11.161 10.464 11.233 11.639 11.258 11.033 11.184 11.7 11.673 11.09 11.309 11.372 12.235 -9999 -9999 -9999 -9999 -9999 -9999 -9999 -9999 -9999 -9999 -9999 -9999 -9999 -9999 -9999 -9999 -9999 -9999 -9999 -9999 -9999 -9999 -9999 -9999 -9999 -9999 -9999 -9999 -9999 -9999 -9999 -9999 -9999 -9999 -9999 -9999 -9999 -9999 -9999 -9999 -9999 -9999 -9999 -9999 -9999 -9999 -9999 -9999
-9999 -9999 -9999 -9999 -9999 -9999 -9999 12.917 -9999 -9999 12.652 12.101 11.709 11.695 10.178 10.608 10.999 10.836 10.231 10.543 11.045 11.978 11.556 11.483 11.107 11.8 12.271 -9999 -9999 -9999 -9999 -9999 -9999 -9999 -9999 -9999 -9999 -9999 -9999 -9999 -9999 -9999 -9999 -9999 -9999 -9999 -9999 -9999 -9999 -9999 -9999 -9999 -9999 -9999 -9999 -9999 -9999 -9999 -9999 -9999 -9999 -9999 -9999 -9999 -9999 -9999 -9999 -9999 -9999 -9999 -9999 -9999 -9999 -9999 -9999
-9999 -9999 -9999 -9999 -9999 13.03 12.993 12.793 12.777 12.177 12.077 10.847 10.728 10.858 11.542 9.953 9.864 9.809 9.958 10.718 10.576 10.087 11.619 11.845 12.118 12.41 12.612 -9999 -9999 -9999 -9999 -9999 -9999 -9999 -9999 -9999 -9999 -9999 -9999 -9999 -9999 -9999 -9999 -9999 -9999 -9999 -9999 -9999 -9999 -9999 -9999 -9999 -9999 -9999 -9999 -9999 -9999 -9999 -9999 -9999 -9999 -9999 -9999 -9999 -9999 -9999 -9999 -9999 -9999 -9999 -9999 -9999 -9999 -9999 -9999
-9999 -9999 -9999 -9999 -9999 12.932 12.71 -9999 12.521 11.597 10.751 10.466 9.32 11.572 10.403 9.326 9.257 9.415 9.875 9.582 9.026 10.262 10.793 10.861 11.613 11.656 -9999 12.569 -9999 -9999 -9999 -9999 -9999 -9999 -9999 -9999 -9999 -9999 -9999 -9999 -9999 -9999 -9999 -9999 -9999 -9999 -9999 -9999 -9999 -9999 -9999 -9999 -9999 -9999 -9999 -9999 -9999 -9999 -9999 -9999 -9999 -9999 -9999 -9999 -9999 -9999 -9999 -9999 -9999 -9999 -9999 -9999 -9999 -9999 -9999
-9999 -9999 -9999 -9999 -9999 -9999 12.243 12.33 12.339 11.135 11.119 9.253 10.571 10.723 10.662 10.424 10.089 9.377 9.706 9.4 9.969 10.934 10.743 10.981 11.238 11.696 12.363 12.539 -9999 -9999 -9999 -9999 -9999 -9999 -9999 -9999 -9999 -9999 -9999 -9999 -9999 -9999 -9999 -9999 -9999 -9999 -9999 -9999 -9999 -9999 -9999 -9999 -9999 -9999 -9999 -9999 -9999 -9999 -9999 -9999 -9999 -9999 -9999 -9999 -9999 -9999 -9999 -9999 -9999 -9999 -9999 -9999 -9999 -9999 -9999
-9999 -9999 -9999 -9999 -9999 -9999 -9999 12.677 12.207 11.797 9.468 10.205 10.204 10.357 9.396 8.861 9.83 10.474 10.167 9.49 10.388 10.993 10.779 11.449 11.746 12.437 12.492 12.215 -9999 -9999 -9999 -9999 -9999 -9999 -9999 -9999 -9999 -9999 -9999 -9999 -9999 -9999 -9999 -9999 -9999 -9999 -9999 -9999 -9999 -9999 -9999 -9999 -9999 -9999 -9999 -9999 -9999 -9999 -9999 -9999 -9999 -9999 -9999 -9999 -9999 -9999 -9999 -9999 -9999 -9999 -9999 -9999 -9999 -9999 -9999
-9999 -9999 -9999 -9999 -9999 11.731 11.861 11.394 11.18 11.018 11.676 10.407 10.445 10.051 9.699 10.294 10.535 10.33 10.46 10.121 9.423 10.543 11.411 12.345 12.654 -9999 12.405 -9999 -9999 -9999 -9999 -9999 -9999 12.899 12.969 12.993 -9999 -9999 -9999 -9999 -9999 -9999 -9999 -9999 -9999 -9999 -9999 -9999 -9999 -9999 -9999 -9999 -9999 -9999 -9999 -9999 -9999 -9999 -9999 -9999 -9999 -9999 -9999 -9999 -9999 -9999 -9999 -9999 -9999 -9999 -9999 -9999 -9999 -9999 -9999
12.483 -9999 -9999 -9999 -9999 -9999 11.258 10.653 10.509 11.323 10.973 11.681 10.514 10.556 10.169 10.784 11.031 11.799 11.158 9.826 10.62 11.316 12.16 12.276 12.165 12.266 -9999 -9999 -9999 -9999 12.973 13.003 12.929 12.896 12.945 12.994 13.008 13.057 12.8 12.266 12.002 12.265 12.579 12.734 12.629 12.157 11.82 11.851 12.101 12.326 12.459 12.532 -9999 -9999 -9999 -9999 -9999 -9999 -9999 -9999 -9999 -9999 -9999 -9999 -9999 -9999 -9999 -9999 -9999 -9999 -9999 -9999 -9999 -9999 -9999
10.87 -9999 -9999 -9999 11.218 -9999 11.387 11.963 11.222 9.747 12.243 11.113 11.314 10.582 11.024 10.597 10.934 10.815 11.462 11.819 11.845 12.029 12.288 11.913 12.046 -9999 -9999 -9999 -9999 12.449 12.804 12.872 12.433 12.202 12.675 12.65 12.604 12.725 11.817 11.414 11.574 11.977 12.258 12.144 12.299 12.187 11.865 11.711 11.94 11.961 11.813 12.467 -9999 -9999 -9999 -9999 -9999 -9999 -9999 -9999 -9999 -9999 -9999 -9999 -9999 -9999 -9999 -9999 -9999 -9999 -9999 -9999 -9999 -9999 -9999
11.83 -9999 -9999 -9999 10.793 10.856 11.847 11.452 9.3 10.684 10.115 11.634 10.656 10.875 10.787 11.005 10.891 10.312 10.823 11.191 12.176 12.509 12.023 12.595 -9999 -9999 12.49 12.517 12.363 12.281 12.428 12.294 11.942 12.053 11.722 11.663 12.123 11.948 11.647 11.745 11.92 12.02 11.72 12.085 12.206 12.031 11.752 11.846 11.892 11.699 11.623 12.117 12.572 -9999 -9999 -9999 -9999 -9999 -9999 -9999 -9999 -9999 -9999 -9999 -9999 -9999 -9999 -9999 -9999 -9999 -9999 -9999 -9999 -9999 -9999
12.166 -9999 12.281 -9999 11.786 11.697 10.965 10.298 10.754 9.098 10.621 11.223 10.715 10.217 10.003 10.473 10.493 10.471 10.141 11.037 11.729 12.54 12.87 13.113 -9999 12.197 11.92 11.896 11.804 11.955 12.079 11.63 11.484 11.193 10.927 11.444 11.89 11.425 11.351 11.42 11.788 12.181 12.339 12.337 12.119 11.956 11.833 11.937 11.958 12.002 11.918 12.071 12.481 -9999 -9999 -9999 -9999 -9999 -9999 -9999 -9999 -9999 -9999 -9999 -9999 -9999 -9999 -9999 -9999 -9999 -9999 -9999 -9999 -9999 -9999
-9999 12.308 -9999 -9999 -9999 10.532 9.675 10.944 10.336 11.707 11.513 11.193 10.592 9.79 9.782 9.072 9.313 9.608 10.597 11.303 12.296 12.32 11.927 12.589 12.496 11.626 11.036 10.741 11.098 11.426 11.252 11.068 10.629 10.668 11.506 11.802 11.76 11.702 11.276 11.407 11.954 12.324 12.424 12.063 11.822 11.95 11.931 12.004 12.002 12.139 11.937 12.032 12.366 -9999 -9999 -9999 -9999 -9999 -9999 -9999 -9999 -9999 -9999 -9999 -9999 -9999 -9999 -9999 -9999 -9999 -9999 -9999 -9999 -9999 -9999
12.534 -9999 -9999 -9999 -9999 11.324 11.909 11.635 -9999 11.374 10.568 10.255 10.641 10.52 10.168 10.533 10.597 10.408 10.669 10.985 11.313 10.977 11.048 12.296 11.658 11.287 10.451 10.02 10.555 10.983 10.921 10.474 10.214 11.286 11.672 10.981 11.414 10.887 10.859 11.451 11.683 12.228 11.841 11.382 11.844 11.909 12.123 12.055 12.412 12.145 11.899 12.192 12.494 -9999 -9999 -9999 -9999 -9999 -9999 -9999 -9999 -9999 -9999 -9999 -9999 -9999 -9999 -9999 -9999 -9999 -9999 -9999 -9999 -9999 -9999
12.369 -9999 -9999 -9999 12.362 -9999 -9999 12.225 12.025 10.855 9.382 9.466 9.772 9.177 10.211 10.58 10.632 11.129 10.952 10.762 10.875 10.736 12.381 11.639 11.341 10.219 10.424 10.248 9.951 10.524 10.495 10.427 11.068 11.708 10.938 11.008 10.935 10.602 10.827 10.621 11.477 11.68 11.109 11.694 11.908 11.875 11.677 12.257 12.454 12.322 12.196 12.389 -9999 -9999 -9999 -9999 -9999 -9999 -9999 -9999 -9999 -9999 -9999 -9999 -9999 -9999 -9999 -9999 -9999 -9999 -9999 -9999 -9999 -9999 -9999
11.643 11.815 12.41 -9999 -9999 -9999 11.168 12.61 -9999 11.182 11.365 10.698 9.193 8.715 8.566 9.675 11.138 10.956 10.418 10.246 11.051 12.257 11.394 11.374 10.504 10.253 10.41 9.933 9.955 10.783 10.94 11.14 11.112 10.342 10.935 10.552 9.61 10.334 10.451 10.768 11.555 11.371 11.716 12.028 12.177 12.039 12.228 12.221 12.48 12.428 12.409 -9999 -9999 -9999 -9999 -9999 -9999 -9999 -9999 -9999 -9999 -9999 -9999 -9999 -9999 -9999 -9999 -9999 -9999 -9999 -9999 -9999 -9999 -9999 -9999
10.653 11.33 12.221 -9999 12.043 10.972 10.811 11.111 10.472 11.639 11.609 9.84 8.141 8.602 10.348 10.604 10.812 10.083 9.494 10.173 11.372 11.558 10.851 9.68 9.321 9.988 9.941 9.858 11.061 11.356 11.236 10.693 10.067 11.043 10.965 10.258 9.996 9.787 9.94 10.211 11.208 10.834 11.349 11.226 11.011 12.128 12.313 12.141 12.221 12.461 12.564 -9999 -9999 -9999 -9999 -9999 -9999 -9999 -9999 -9999 -9999 -9999 -9999 -9999 -9999 -9999 -9999 -9999 -9999 -9999 -9999 -9999 -9999 -9999 -9999
11.28 11.888 12.518 12.072 11.814 10.621 -9999 11.459 10.84 9.954 9.436 9.724 9.523 10.288 9.328 10.113 10.141 10.249 10.871 11.163 11.512 11.076 9.575 8.646 9.562 9.856 9.372 10.613 10.758 11.633 11.359 10.842 10.708 10.449 10.37 9.869 9.197 9.745 10.151 10.813 11.276 11.585 11.787 11.47 12.033 12.402 12.368 12.371 12.471 12.563 -9999 -9999 -9999 -9999 -9999 -9999 -9999 -9999 -9999 -9999 -9999 -9999 -9999 -9999 -9999 -9999 -9999 -9999 -9999 -9999 -9999 -9999 -9999 -9999 -9999
-9999 -9999 -9999 12.347 11.356 -9999 11.602 10.428 8.864 8.813 10.81 10.845 10.298 8.566 9.434 11.209 11.308 10.859 10.537 11.685 11.175 9.9 8.638 8.594 8.905 8.537 9.8 9.578 10.792 11.142 10.227 10.537 9.482 9.525 9.229 8.855 9.507 10.511 10.577 10.81 11.132 11.276 11.663 11.786 12.153 12.3 12.444 12.538 12.639 12.832 -9999 -9999 -9999 -9999 -9999 -9999 -9999 -9999 -9999 -9999 -9999 -9999 -9999 -9999 -9999 -9999 -9999 -9999 -9999 -9999 -9999 -9999 -9999 -9999 -9999
-9999 -9999 12.638 12.068 -9999 12.505 11.324 -9999 10.499 11.764 10.627 10.52 8.497 9.084 10.542 10.089 10.047 10.901 11.868 10.528 9.953 8.983 8.079 8.011 7.858 8.497 9.452 10.666 11.572 10.757 10.767 9.373 8.717 9.046 9.451 9.45 10.125 10.129 10.326 10.92 11.151 11.225 11.274 11.605 11.895 11.971 12.347 12.266 12.396 12.852 -9999 -9999 -9999 -9999 -9999 -9999 -9999 -9999 -9999 -9999 -9999 -9999 -9999 -9999 -9999 -9999 -9999 -9999 -9999 -9999 -9999 -9999 -9999 -9999 -9999
-9999 -9999 13.107 -9999 -9999 12.226 11.342 10.649 11.728 10.291 10.369 10.655 10.654 10.845 11.097 11.374 11.885 11.901 10.054 9.06 8.689 8.114 7.704 7.459 8.238 9.988 10.935 10.819 9.745 9.82 7.675 7.408 8.337 8.784 8.817 9.736 9.916 10.076 10.505 11.753 11.663 11.621 11.818 11.563 10.713 11.735 12.438 12.453 12.61 12.894 -9999 -9999 -9999 -9999 -9999 -9999 -9999 -9999 -9999 -9999 -9999 -9999 -9999 -9999 -9999 -9999 -9999 -9999 -9999 -9999 -9999 -9999 -9999 -9999 -9999
-9999 -9999 -9999 -9999 -9999 -9999 10.516 10.87 11.379 9.949 10.041 11.354 10.743 10.382 10.694 10.827 10.956 9.7 8.838 8.482 9.293 9.073 8.223 8.231 9.757 10.994 10.865 10.068 9.151 7.336 7.838 7.448 8.046 8.266 8.963 9.44 9.811 10.47 11.671 11.923 11.813 12.208 12.167 11.441 11.922 12.536 12.604 12.358 12.42 -9999 -9999 -9999 -9999 -9999 -9999 -9999 -9999 -9999 -9999 -9999 -9999 -9999 -9999 -9999 -9999 -9999 -9999 -9999 -9999 -9999 -9999 -9999 -9999 -9999 -9999
-9999 -9999 -9999 -9999 13.176 12.215 -9999 10.772 10.728 9.884 11.783 11.736 11.152 10.368 9.151 9.209 9.523 10.145 9.849 9.755 9.264 9.568 9.514 10.098 10.484 9.886 9.701 8.734 7.608 8.085 7.732 8.785 9.042 9.681 10.541 10.417 10.431 10.507 10.631 11.123 11.378 11.023 11.535 12.264 12.146 11.96 11.787 11.875 12.43 -9999 -9999 -9999 -9999 -9999 -9999 -9999 -9999 -9999 -9999 -9999 -9999 -9999 -9999 -9999 -9999 -9999 -9999 -9999 -9999 -9999 -9999 -9999 -9999 -9999 -9999
-9999 -9999 -9999 13.261 13.196 11.281 11.232 9.885 9.376 10.132 10.047 10.835 11.368 10.745 10.991 10.725 9.561 9.746 8.718 7.815 10.563 10.246 10.311 10.138 9.807 9.171 8.938 8.267 8.82 8.981 9.374 9.353 9.694 9.458 9.243 8.853 9.492 9.785 9.324 9.129 9.627 10.198 10.985 11.065 11.147 11.262 11.583 11.987 -9999 -9999 -9999 -9999 -9999 -9999 -9999 -9999 -9999 -9999 -9999 -9999 -9999 -9999 -9999 -9999 -9999 -9999 -9999 -9999 -9999 -9999 -9999 -9999 -9999 -9999 -9999
-9999 -9999 -9999 13.281 -9999 12.562 12.021 11.247 10.672 10.127 11.211 11.022 9.994 11.709 11.947 11.084 10.683 9.568 9.527 11.205 10.19 9.027 9.43 9.594 8.112 8.899 8.617 8.35 8.283 8.702 8.726 8.898 8.626 8.655 7.993 8.146 9.913 8.991 9.211 10.699 10.604 10.206 10.713 10.71 10.962 11.716 11.639 12.065 -9999 -9999 -9999 -9999 -9999 -9999 -9999 -9999 -9999 -9999 -9999 -9999 -9999 -9999 -9999 -9999 -9999 -9999 -9999 -9999 -9999 -9999 -9999 -9999 -9999 -9999 -9999
-9999 -9999 -9999 -9999 -9999 11.736 10.612 12.098 11.978 12.155 12.34 11.659 12.312 12.196 11.802 11.228 9.898 10.818 10.833 10.283 8.652 9.395 10.288 8.791 8.065 9.023 8.68 8.872 8.17 8.608 8.8 7.542 7.882 7.725 6.956 8.451 8.705 8.487 9.7 10.471 10.868 11.604 11.32 11.025 11.882 12.14 12.12 12.308 -9999 -9999 -9999 -9999 -9999 -9999 -9999 -9999 -9999 -9999 -9999 -9999 -9999 -9999 -9999 -9999 -9999 -9999 -9999 -9999 -9999 -9999 -9999 -9999 -9999 -9999 -9999
-9999 -9999 -9999 13.01 12.598 11.277 11.604 12.138 10.616 11.576 10.911 10.965 -9999 10.956 8.101 8.693 9.166 9.366 8.865 8.535 8.521 8.706 8.635 8.651 9.24 9.598 10.048 9.532 9.129 9.242 7.993 8.947 8.953 8.902 8.327 8.292 8.951 10.266 9.766 10.178 11.027 10.745 11.639 12.245 12.521 12.365 12.098 12.734 -9999 -9999 -9999 -9999 -9999 -9999 -9999 -9999 -9999 -9999 -9999 -9999 -9999 -9999 -9999 -9999 -9999 -9999 -9999 -9999 -9999 -9999 -9999 -9999 -9999 -9999 -9999
13.115 12.977 12.71 -9999 12.648 12.069 12.057 11.185 10.382 10.462 11.055 -9999 10.598 7.91 8.455 8.482 9.663 9.649 9.681 8.944 8.979 8.442 9.03 9.755 10.024 10.319 10.88 10.557 10.788 9.551 9.583 9.609 9.748 9.859 9.592 9.511 10.17 10.173 10.145 10.284 10.315 11.774 12.352 12.65 12.533 12.056 12.625 -9999 -9999 -9999 -9999 -9999 -9999 -9999 -9999 -9999 -9999 -9999 -9999 -9999 -9999 -9999 -9999 -9999 -9999 -9999 -9999 -9999 -9999 -9999 -9999 -9999 -9999 -9999 -9999
13.018 12.597 11.741 11.873 -9999 12.217 11.914 11.287 10.687 11.585 12.4 11.653 9.856 9.532 10.503 9.55 10.084 9.975 9.899 9.667 10.002 9.63 10.292 9.842 9.124 10.594 10.513 11.081 10.96 10.458 9.834 10.267 10.685 10.43 9.893 10.217 10.298 10.752 10.524 10.768 11.66 12.29 12.472 12.492 12.418 -9999 -9999 -9999 -9999 -9999 -9999 -9999 -9999 -9999 -9999 -9999 -9999 -9999 -9999 -9999 -9999 -9999 -9999 -9999 -9999 -9999 -9999 -9999 -9999 -9999 -9999 -9999 -9999 -9999 -9999
-9999 -9999 11.89 -9999 11.388 11.347 11.166 9.882 10.244 -9999 -9999 10.125 10.779 11.287 9.282 9.866 9.359 10.014 9.584 11.012 11.093 11.363 11.296 10.647 10.893 10.426 11.031 10.669 10.835 10.866 10.594 10.651 11.135 10.745 10.677 10.682 11.097 10.922 11.326 11.9 12.391 12.56 12.507 12.762 -9999 -9999 -9999 -9999 -9999 -9999 -9999 -9999 -9999 -9999 -9999 -9999 -9999 -9999 -9999 -9999 -9999 -9999 -9999 -9999 -9999 -9999 -9999 -9999 -9999 -9999 -9999 -9999 -9999 -9999 -9999
12.287 -9999 11.799 10.823 11.583 11.076 10.986 11.612 -9999 -9999 11.106 9.959 10.191 9.123 10.672 10.557 10.402 10.401 10.989 11.026 10.922 10.653 10.36 9.71 8.782 9.956 10.393 10.586 11.727 11.862 11.594 10.868 10.894 11.192 11.176 11.4 11.671 11.786 12.149 12.348 12.474 12.461 12.561 12.562 12.887 -9999 -9999 -9999 -9999 -9999 -9999 -9999 -9999 -9999 -9999 -9999 -9999 -9999 -9999 -9999 -9999 -9999 -9999 -9999 -9999 -9999 -9999 -9999 -9999 -9999 -9999 -9999 -9999 -9999 -9999
11.796 11.776 12.064 11.882 11.511 11.461 11.611 -9999 -9999 12.969 10.983 11.729 10.559 11.198 10.111 9.161 10.488 10.455 10.569 9.665 9.216 9.653 10.364 10.658 10.873 11.252 10.73 11.316 11.363 11.262 11.014 10.987 11.21 11.584 11.836 12.136 12.382 12.451 12.338 12.277 12.354 12.417 12.47 12.757 -9999 -9999 -9999 -9999 -9999 -9999 -9999 -9999 -9999 -9999 -9999 -9999 -9999 -9999 -9999 -9999 -9999 -9999 -9999 -9999 -9999 -9999 -9999 -9999 -9999 -9999 -9999 -9999 -9999 -9999 -9999
11.034 12.232 -9999 -9999 12.392 11.517 -9999 -9999 -9999 12.845 11.749 9.47 10.117 8.552 9.652 10.968 10.842 10.241 9.871 9.742 9.69 10.406 10.204 9.917 10.857 11.42 10.709 10.235 10.184 10.871 11.295 12.038 11.851 12.346 12.486 12.682 12.525 11.951 11.921 11.967 12.088 12.203 12.611 12.913 -9999 -9999 -9999 -9999 -9999 -9999 -9999 -9999 -9999 -9999 -9999 -9999 -9999 -9999 -9999 -9999 -9999 -9999 -9999 -9999 -9999 -9999 -9999 -9999 -9999 -9999 -9999 -9999 -9999 -9999 -9999
-9999 12.636 12.63 12.198 -9999 -9999 -9999 -9999 11.977 11.83 10.121 10.712 10.492 9.475 10.464 10.623 10.059 8.868 9.881 8.762 10.555 10.073 9.288 11.198 12.138 10.235 9.091 9.402 11.048 11.058 11.605 11.756 12.351 12.574 12.632 12.399 11.646 12.084 12.197 12.362 12.359 12.641 13.047 -9999 -9999 -9999 -9999 -9999 -9999 -9999 -9999 -9999 -9999 -9999 -9999 -9999 -9999 -9999 -9999 -9999 -9999 -9999 -9999 -9999 -9999 -9999 -9999 -9999 -9999 -9999 -9999 -9999 -9999 -9999 -9999
