Validation/Results/ReClimate_10_2023_2_Temperature-Actuals.asc
NCOLS 192
NROWS 249
XLLCENTER -225160.85627316462
YLLCENTER 29788.11610251502
CELLSIZE 5000.0
NODATA_VALUE -9999
[rows 204 to 237 of 249, columns 77 to 153 of 192]
-9999 -9999 8.083 -9999 7.47 7.009 6.631 6.272 6.189 6.002 5.968 5.898 5.659 5.49 5.225 5.657 5.564 5.587 5.715 5.84 5.734 5.782 5.411 5.023 4.045 3.535 4.642 4.431 4.504 4.139 4.583 5.348 4.824 3.785 4.961 5.121 4.954 4.917 5.405 5.86 5.78 5.517 5.569 5.842 5.964 6.045 5.989 5.823 5.258 4.943 4.855 5.05 5.186 5.309 5.233 4.991 5.07 5.227 5.368 5.433 5.456 5.411 5.291 5.313 5.383 5.38 5.476 5.522 5.43 5.42 5.421 5.487 5.602 5.56 5.508 5.436 5.439
-9999 -9999 -9999 -9999 -9999 -9999 6.568 6.539 6.393 6.288 6.199 6.042 5.841 5.621 5.853 5.829 5.896 5.888 5.746 5.794 5.536 5.518 5.039 4.434 3.724 3.911 3.812 4.081 3.569 3.714 4.943 4.89 4.771 5.503 4.928 5.044 5.32 5.436 5.707 5.576 5.397 5.113 5.496 5.931 6.038 6.096 6.073 5.533 4.917 4.822 4.832 5.096 5.114 5.242 5.173 5.264 5.295 5.455 5.593 5.635 5.581 5.49 5.428 5.435 5.514 5.551 5.49 5.404 5.278 5.3 5.457 5.499 5.597 5.533 5.588 5.672 5.631
-9999 -9999 -9999 -9999 -9999 -9999 6.879 6.603 6.503 6.464 6.089 5.866 5.702 5.929 6.056 6.088 6.164 5.772 5.589 5.729 5.808 5.845 5.398 5.207 5.024 4.792 4.546 4.402 3.985 4.247 3.907 4.398 4.957 4.69 4.443 5.517 5.597 5.651 5.367 5.406 5.01 5.268 5.592 6.011 6.054 5.88 5.21 4.846 4.892 5.036 4.958 5.047 5.142 5.222 5.363 5.316 5.535 5.683 5.829 5.839 5.668 5.52 5.429 5.481 5.602 5.605 5.496 5.214 5.257 5.314 5.359 5.567 5.651 5.712 5.753 5.893 5.778
-9999 -9999 -9999 -9999 7.776 7.467 7.135 6.837 -9999 6.551 6.423 6.328 6.554 6.624 6.613 -9999 6.233 5.921 5.94 5.61 6.038 5.417 5.465 5.298 5.097 5.046 5.285 4.969 4.713 4.532 4.397 4.59 4.885 4.129 4.893 5.646 5.546 5.705 5.586 5.193 5.319 5.55 5.816 5.935 5.829 5.253 5.164 4.936 5.035 5.01 5.164 5.222 5.247 5.359 5.501 5.564 5.663 5.684 5.891 5.855 5.756 5.637 5.593 5.569 5.581 5.496 5.277 5.189 5.151 5.376 5.474 5.607 5.7 5.657 5.662 5.934 5.913
-9999 -9999 -9999 -9999 7.75 -9999 -9999 -9999 6.904 6.853 6.809 -9999 -9999 -9999 -9999 -9999 6.445 6.225 5.839 6.347 6.1 5.974 5.89 5.66 5.731 5.739 4.461 4.447 5.172 5.13 5.019 4.879 4.486 4.559 5.49 5.587 5.831 5.762 5.259 5.484 5.623 5.981 5.957 5.934 5.586 5.255 5.274 5.096 5.238 5.345 5.344 5.409 5.506 5.547 5.629 5.668 5.695 5.644 5.725 5.851 5.657 5.653 5.6 5.593 5.467 5.403 5.285 5.144 5.215 5.497 5.676 5.726 5.69 5.611 5.552 5.737 5.899
-9999 -9999 -9999 -9999 -9999 -9999 7.523 7.259 7.124 7.274 7.21 -9999 -9999 -9999 -9999 -9999 -9999 -9999 -9999 6.642 6.551 6.596 6.748 6.386 5.988 4.763 4.337 4.339 4.568 4.923 5.001 4.997 5.034 4.998 5.291 5.855 5.86 5.125 5.429 5.61 6.242 6.169 6.027 5.9 5.317 5.291 5.212 5.27 5.395 5.511 5.543 5.568 5.584 5.629 5.576 5.629 5.68 5.712 5.698 5.774 5.642 5.558 5.394 5.338 5.516 5.367 5.286 5.301 5.375 5.576 5.771 5.678 5.689 5.846 5.989 6.055 5.892
-9999 -9999 -9999 -9999 -9999 -9999 -9999 7.385 -9999 -9999 -9999 -9999 -9999 -9999 -9999 -9999 -9999 6.784 6.707 6.618 6.677 7.1 7.207 6.907 6.062 5.334 4.608 4.412 4.81 5.496 5.332 4.999 5.098 5.279 5.878 6.107 5.713 5.525 5.856 6.269 -9999 6.217 6.017 5.658 5.111 5.135 5.307 5.417 5.552 5.583 5.644 5.607 5.608 5.595 5.679 5.715 5.785 5.776 5.772 5.671 5.514 5.356 5.173 5.2 5.317 5.625 5.522 5.499 5.655 5.77 5.928 5.962 5.846 6.051 6.396 6.507 6.394
-9999 -9999 -9999 -9999 -9999 -9999 -9999 -9999 -9999 -9999 -9999 -9999 -9999 -9999 -9999 -9999 -9999 7.11 6.965 7.089 7.183 -9999 -9999 -9999 6.629 5.56 5.535 5.303 5.627 5.579 5.149 5.254 5.73 5.969 6.164 6.348 6.165 6.328 6.514 -9999 6.398 6.031 5.884 5.391 5.104 5.352 5.439 5.555 5.559 5.536 5.612 5.637 5.611 5.609 5.543 5.609 5.679 5.649 5.721 5.727 5.501 5.156 5.222 5.29 5.489 5.721 5.809 5.704 5.84 6.002 6.118 6.231 6.254 6.072 6.429 6.721 6.675
-9999 -9999 -9999 -9999 -9999 -9999 -9999 -9999 -9999 -9999 -9999 -9999 -9999 -9999 -9999 -9999 -9999 -9999 -9999 -9999 -9999 -9999 -9999 -9999 7.196 6.507 5.937 5.938 6.008 5.89 5.707 5.89 6.164 6.414 6.635 6.758 6.827 -9999 -9999 6.755 6.339 6.018 5.816 5.421 5.274 5.421 5.493 5.623 5.695 5.547 5.585 5.614 5.414 5.264 5.231 5.204 5.161 5.39 5.545 5.623 5.543 5.365 5.328 5.57 5.574 5.753 5.979 5.96 5.994 6.069 6.222 6.381 6.485 6.559 6.674 6.899 6.834
-9999 -9999 -9999 -9999 -9999 -9999 -9999 -9999 -9999 -9999 -9999 -9999 -9999 -9999 -9999 -9999 -9999 -9999 -9999 -9999 -9999 -9999 -9999 -9999 7.112 6.758 6.552 6.398 6.048 5.909 6.04 6.256 6.576 6.823 -9999 -9999 -9999 -9999 -9999 6.72 6.257 6.031 5.863 5.494 5.325 5.436 5.464 5.643 5.724 5.56 5.336 5.36 5.137 5.02 4.991 5.093 5.121 5.199 5.51 5.524 5.679 5.765 5.673 5.872 5.861 5.893 6.057 6.132 6.223 6.307 6.355 6.369 6.518 6.761 6.922 6.994 6.756
-9999 -9999 -9999 -9999 -9999 -9999 -9999 -9999 -9999 -9999 -9999 -9999 -9999 -9999 -9999 -9999 -9999 -9999 -9999 -9999 -9999 -9999 -9999 -9999 -9999 -9999 6.904 6.38 6.105 6.124 6.147 6.543 6.997 -9999 -9999 -9999 -9999 6.823 6.518 6.292 6.436 6.263 5.971 5.442 5.363 5.363 5.453 5.634 5.654 5.385 5.117 5.052 5.127 5.036 5.105 5.12 5.347 5.415 5.498 5.667 5.698 5.927 6.104 6.057 6.011 6.005 6.043 6.042 6.206 6.409 6.521 6.572 6.503 6.642 6.756 6.816 6.656
-9999 -9999 -9999 -9999 -9999 -9999 -9999 -9999 -9999 -9999 -9999 -9999 -9999 -9999 -9999 -9999 -9999 -9999 -9999 -9999 -9999 -9999 -9999 -9999 -9999 -9999 -9999 6.955 6.665 6.502 6.536 7.001 -9999 -9999 -9999 -9999 6.639 6.455 6.188 6.105 6.127 6.167 6.027 5.771 5.741 5.412 5.492 5.589 5.37 5.25 5.19 5.037 5.146 5.207 5.294 5.383 5.475 5.577 5.557 5.57 5.711 5.892 5.969 5.951 5.823 5.94 6.023 6.002 6.089 6.347 6.494 6.561 6.586 6.582 6.583 6.467 6.373
-9999 -9999 -9999 -9999 -9999 -9999 -9999 -9999 -9999 -9999 -9999 -9999 -9999 -9999 -9999 -9999 -9999 -9999 -9999 -9999 -9999 -9999 -9999 -9999 -9999 -9999 -9999 -9999 -9999 -9999 -9999 -9999 -9999 -9999 -9999 6.459 6.389 6.294 6.085 5.921 6.136 6.078 5.87 5.952 5.7 5.478 5.696 5.627 5.445 5.307 5.27 5.27 5.165 5.211 5.284 5.187 5.336 5.392 5.43 5.466 5.544 5.756 5.847 5.809 5.716 5.69 5.884 5.993 6.085 6.209 6.325 6.315 6.352 6.353 6.362 6.109 5.876
-9999 -9999 -9999 -9999 -9999 -9999 -9999 -9999 -9999 -9999 -9999 -9999 -9999 -9999 -9999 -9999 -9999 -9999 -9999 -9999 -9999 -9999 -9999 -9999 -9999 -9999 -9999 -9999 -9999 -9999 -9999 -9999 -9999 -9999 6.729 6.423 6.111 6.066 5.344 5.73 6.04 5.862 5.791 5.731 5.488 5.575 5.67 5.723 5.586 5.433 5.445 5.212 5.088 4.943 5.084 5.194 4.942 5.126 5.241 5.404 5.569 5.71 5.789 5.77 5.737 5.755 5.746 5.864 6.01 6.093 6.078 5.985 5.788 5.914 5.926 5.781 5.432
-9999 -9999 -9999 -9999 -9999 -9999 -9999 -9999 -9999 -9999 -9999 -9999 -9999 -9999 -9999 -9999 -9999 -9999 -9999 -9999 -9999 -9999 -9999 -9999 -9999 -9999 -9999 -9999 -9999 -9999 -9999 -9999 -9999 -9999 6.72 6.51 6.507 6.116 5.708 5.451 5.523 5.618 5.67 5.499 5.604 5.58 5.634 5.447 5.265 5.234 5.344 5.335 5.193 5.192 5.091 5.189 5.254 5.193 5.295 5.391 5.56 5.736 5.794 5.796 5.721 5.709 5.773 5.815 5.891 5.876 5.622 5.542 5.47 5.527 5.753 5.693 5.455
-9999 -9999 -9999 -9999 -9999 -9999 -9999 -9999 -9999 -9999 -9999 -9999 -9999 -9999 -9999 -9999 -9999 -9999 -9999 -9999 -9999 5.511 5.238 4.879 5.072 -9999 5.811 -9999 -9999 -9999 -9999 -9999 -9999 -9999 -9999 6.72 6.596 6.384 6.099 5.814 5.465 5.364 5.422 5.639 5.62 5.578 5.353 5.212 5.355 5.344 5.417 5.378 5.319 5.427 5.518 5.542 5.474 5.514 5.423 5.338 5.271 5.447 5.62 5.618 5.592 5.624 5.61 5.675 5.797 5.721 5.461 5.364 5.538 5.545 5.677 5.755 5.725
-9999 -9999 -9999 -9999 -9999 -9999 -9999 -9999 -9999 -9999 -9999 -9999 -9999 -9999 -9999 -9999 -9999 -9999 6.786 6.46 5.904 5.332 4.76 4.55 4.735 4.968 5.534 6.336 6.958 -9999 -9999 6.729 6.979 6.974 6.896 6.694 6.563 6.562 6.41 6.14 5.792 5.487 5.56 5.697 5.618 5.248 5.418 5.576 5.435 5.524 5.591 5.606 5.512 5.538 5.631 5.666 5.766 5.716 5.577 5.42 5.388 5.281 5.304 5.465 5.556 5.643 5.759 5.639 5.737 5.38 5.284 5.369 5.526 5.643 5.684 5.793 5.729
-9999 -9999 -9999 -9999 -9999 -9999 -9999 -9999 -9999 -9999 -9999 -9999 -9999 -9999 -9999 -9999 -9999 6.671 6.847 6.445 6.041 5.393 4.623 4.332 4.473 4.819 5.23 5.624 6.224 6.577 6.458 6.361 6.283 6.638 6.623 6.597 6.451 6.327 6.413 6.224 5.802 5.744 5.766 5.639 5.178 5.455 5.379 5.471 5.585 5.646 5.711 5.666 5.503 5.593 5.615 5.685 5.698 5.754 5.64 5.503 5.331 5.196 5.342 5.48 5.549 5.331 5.478 5.723 5.707 5.752 5.429 5.521 5.577 5.629 5.664 5.642 5.785
-9999 -9999 -9999 -9999 -9999 -9999 -9999 -9999 -9999 -9999 -9999 -9999 -9999 -9999 -9999 -9999 -9999 6.733 6.94 6.84 6.39 5.573 5.146 4.827 4.637 5.035 5.363 5.632 5.525 5.562 5.894 6.017 6.112 6.027 6.406 6.551 6.423 6.428 6.225 6.052 6.115 6.11 5.927 5.563 5.531 5.486 5.37 5.592 5.664 5.717 5.706 5.645 5.486 5.463 5.744 5.796 5.85 5.881 5.825 5.722 5.583 5.329 5.239 5.478 5.473 5.356 5.28 5.601 5.855 5.935 5.926 5.831 5.598 5.576 5.66 5.661 5.593
-9999 -9999 -9999 -9999 -9999 -9999 -9999 -9999 -9999 -9999 -9999 -9999 -9999 -9999 -9999 -9999 -9999 7.199 7.181 6.759 6.517 6.043 5.968 5.603 5.603 5.627 5.653 5.645 5.332 5.523 6.059 6.211 6.229 6.382 6.555 6.585 6.511 6.297 6.071 6.099 6.073 6.041 5.827 5.816 5.716 5.635 5.596 5.648 5.545 5.559 5.698 5.829 5.76 5.761 5.863 5.852 5.897 6.014 5.793 5.699 5.757 5.522 5.252 5.509 5.604 5.491 5.53 5.737 5.978 6.138 6.059 5.879 5.712 5.685 5.82 5.902 5.898
-9999 -9999 -9999 -9999 -9999 -9999 -9999 -9999 -9999 -9999 -9999 -9999 -9999 6.89 6.316 -9999 7.178 7.362 6.782 6.482 6.486 6.543 6.34 6.174 5.835 5.622 5.657 5.776 5.785 5.989 6.259 6.477 6.473 6.42 6.417 6.478 6.543 6.371 6.237 6.105 6.005 5.758 5.97 5.924 5.758 5.515 5.405 5.498 5.378 5.433 5.636 5.881 5.908 5.93 5.981 6.128 6.087 6.144 6.011 5.686 5.838 5.833 5.783 5.808 5.965 5.851 5.755 5.83 6.042 6.223 6.251 6.125 5.978 5.851 5.891 6.0 6.121
-9999 -9999 -9999 -9999 -9999 -9999 -9999 -9999 -9999 -9999 -9999 -9999 -9999 6.62 6.228 6.701 6.99 6.851 6.499 6.555 6.296 6.204 6.228 5.85 5.767 5.637 5.59 5.799 5.81 5.99 6.284 6.078 5.841 5.982 6.244 6.51 6.567 6.384 6.188 5.97 5.856 5.808 5.985 5.865 5.889 5.797 5.622 5.481 5.539 5.564 5.755 5.853 5.898 5.956 6.212 6.299 6.373 6.426 6.276 5.973 5.91 5.913 5.836 5.864 5.627 5.751 5.896 5.96 6.129 6.238 6.226 6.205 6.161 6.017 5.904 6.082 6.184
-9999 -9999 -9999 -9999 -9999 -9999 -9999 -9999 -9999 -9999 -9999 -9999 7.18 6.665 6.392 6.442 6.516 6.508 6.478 6.397 6.268 6.328 6.306 6.082 5.918 5.678 5.711 5.895 6.19 6.387 6.197 5.77 5.775 5.792 5.961 6.397 6.431 6.415 6.323 6.097 5.968 5.909 5.946 6.005 6.097 6.014 5.71 5.814 5.783 5.823 5.851 5.907 5.891 5.894 6.245 6.624 6.755 6.65 6.608 6.318 6.221 6.246 6.196 6.112 5.803 5.57 5.665 5.506 5.907 5.785 5.787 6.149 6.356 5.931 5.721 5.839 6.208
-9999 -9999 -9999 -9999 -9999 -9999 -9999 -9999 -9999 -9999 -9999 -9999 -9999 6.978 6.47 6.366 6.477 6.501 6.526 6.502 6.464 6.438 6.406 6.247 6.081 6.1 6.101 6.269 6.313 6.441 5.969 5.664 5.691 5.549 5.871 6.165 6.184 6.298 6.282 6.12 5.926 5.919 5.918 5.931 5.917 5.804 6.024 5.88 5.9 5.917 5.922 5.901 5.886 6.0 6.214 6.619 6.916 -9999 6.761 6.652 6.402 6.453 6.484 6.402 6.224 6.029 6.037 5.976 5.996 6.132 5.869 6.0 6.406 6.446 5.98 5.871 6.177
-9999 -9999 -9999 -9999 -9999 -9999 -9999 -9999 -9999 -9999 -9999 -9999 7.298 7.077 6.539 6.385 6.408 6.384 6.474 6.524 6.481 6.446 6.304 6.303 6.411 6.433 6.392 6.428 6.51 6.328 6.105 6.077 5.941 5.73 6.147 6.261 5.873 6.062 5.999 5.551 5.644 5.539 5.506 5.654 5.71 5.873 6.006 6.093 6.049 6.049 5.983 5.961 5.942 6.04 6.251 6.549 6.922 7.114 -9999 6.999 -9999 6.95 -9999 6.671 -9999 6.496 6.512 6.57 6.6 6.667 6.565 6.686 -9999 -9999 -9999 6.688 6.476
-9999 -9999 -9999 -9999 -9999 -9999 -9999 -9999 -9999 -9999 -9999 -9999 7.277 6.793 6.393 6.393 6.379 6.3 6.133 6.227 6.129 6.207 6.265 6.395 6.538 6.567 6.621 6.647 6.597 6.483 6.27 6.174 5.94 6.149 6.481 5.994 6.071 6.42 6.045 5.805 5.659 5.477 5.635 5.884 5.937 6.114 6.19 6.161 6.302 6.303 6.206 6.212 6.212 6.279 6.459 6.614 6.925 7.154 -9999 -9999 7.34 7.413 -9999 -9999 6.966 6.963 6.978 -9999 -9999 -9999 -9999 -9999 -9999 -9999 -9999 -9999 -9999
-9999 -9999 -9999 -9999 -9999 -9999 -9999 -9999 -9999 -9999 -9999 7.066 6.849 6.548 6.42 6.622 6.657 6.347 6.18 5.896 5.514 5.581 5.956 6.173 6.299 6.41 6.633 6.7 6.616 6.558 6.412 6.142 6.13 6.35 6.332 6.525 7.025 6.857 6.445 6.016 5.686 5.876 6.111 6.121 6.292 6.342 6.388 6.525 6.672 6.623 6.62 6.691 6.808 6.766 6.823 -9999 -9999 -9999 7.164 -9999 -9999 -9999 -9999 -9999 -9999 7.152 -9999 -9999 -9999 -9999 -9999 -9999 -9999 -9999 -9999 -9999 -9999
-9999 -9999 -9999 -9999 -9999 -9999 -9999 -9999 -9999 -9999 7.189 6.436 6.239 6.362 6.728 6.831 6.752 6.545 6.207 5.443 4.719 4.965 5.813 5.988 5.946 6.495 6.47 6.801 6.849 6.713 6.938 7.109 7.202 -9999 -9999 -9999 -9999 -9999 7.152 6.612 6.181 6.154 6.287 6.474 6.612 6.685 6.666 6.758 -9999 6.912 -9999 -9999 -9999 -9999 -9999 7.067 7.002 6.84 6.774 6.969 7.484 -9999 -9999 -9999 -9999 -9999 -9999 -9999 -9999 -9999 -9999 -9999 -9999 -9999 -9999 -9999 -9999
-9999 -9999 -9999 -9999 -9999 -9999 -9999 -9999 -9999 7.655 6.605 5.946 5.995 6.375 6.569 6.74 6.839 6.437 5.931 5.021 4.494 4.804 5.351 5.696 6.299 6.219 6.769 7.021 7.141 7.397 -9999 -9999 -9999 -9999 -9999 -9999 -9999 -9999 -9999 -9999 7.102 6.896 6.903 6.756 6.728 6.698 6.788 6.589 6.992 -9999 -9999 -9999 -9999 -9999 -9999 -9999 7.241 6.91 6.909 7.067 -9999 -9999 -9999 -9999 -9999 -9999 -9999 -9999 -9999 -9999 -9999 -9999 -9999 -9999 -9999 -9999 -9999
-9999 -9999 -9999 -9999 -9999 -9999 -9999 7.75 7.801 7.2 6.436 5.955 5.804 5.936 6.391 6.839 6.646 6.286 5.834 5.181 4.667 5.081 5.508 5.973 6.122 6.992 6.794 7.048 -9999 -9999 -9999 -9999 -9999 -9999 -9999 -9999 -9999 -9999 -9999 -9999 -9999 7.723 -9999 -9999 -9999 -9999 -9999 7.206 7.128 -9999 -9999 -9999 -9999 -9999 -9999 -9999 -9999 -9999 7.181 7.199 -9999 -9999 -9999 -9999 -9999 -9999 -9999 -9999 -9999 -9999 -9999 -9999 -9999 -9999 -9999 -9999 -9999
-9999 -9999 -9999 -9999 -9999 -9999 7.775 -9999 7.352 7.105 6.566 6.076 5.848 5.916 6.372 6.553 6.433 6.682 6.415 5.569 5.187 5.409 6.011 6.282 6.742 7.168 7.385 7.821 -9999 -9999 -9999 -9999 -9999 -9999 -9999 -9999 -9999 -9999 -9999 -9999 -9999 -9999 7.726 -9999 -9999 -9999 -9999 -9999 -9999 -9999 -9999 -9999 -9999 -9999 -9999 -9999 -9999 -9999 -9999 -9999 -9999 -9999 -9999 -9999 -9999 -9999 -9999 -9999 -9999 -9999 -9999 -9999 -9999 -9999 -9999 -9999 -9999
-9999 -9999 -9999 -9999 -9999 7.954 7.752 7.019 7.105 7.104 6.714 6.493 6.258 6.258 6.496 6.465 6.648 -9999 6.637 5.921 5.405 5.132 5.648 6.497 6.815 7.294 7.698 -9999 -9999 -9999 -9999 -9999 -9999 -9999 -9999 -9999 -9999 -9999 -9999 -9999 -9999 -9999 -9999 -9999 -9999 -9999 -9999 -9999 -9999 -9999 -9999 -9999 -9999 -9999 -9999 -9999 -9999 -9999 -9999 -9999 -9999 -9999 -9999 -9999 -9999 -9999 -9999 -9999 -9999 -9999 -9999 -9999 -9999 -9999 -9999 -9999 -9999
-9999 -9999 -9999 -9999 -9999 7.931 7.359 6.93 6.829 6.86 6.764 6.667 6.462 6.645 6.823 6.893 7.266 7.147 6.911 6.352 5.503 5.319 6.016 6.35 6.823 7.192 7.513 -9999 -9999 -9999 -9999 -9999 -9999 -9999 -9999 -9999 -9999 -9999 -9999 -9999 -9999 -9999 -9999 -9999 -9999 -9999 -9999 -9999 -9999 -9999 -9999 -9999 -9999 -9999 -9999 -9999 -9999 -9999 -9999 -9999 -9999 -9999 -9999 -9999 -9999 -9999 -9999 -9999 -9999 -9999 -9999 -9999 -9999 -9999 -9999 -9999 -9999
-9999 -9999 -9999 -9999 8.049 7.544 7.065 6.68 6.634 6.866 6.944 6.93 6.949 7.1 6.976 7.349 7.544 7.418 7.036 6.694 6.216 6.118 6.371 6.693 6.858 7.072 -9999 -9999 -9999 -9999 -9999 -9999 -9999 -9999 -9999 -9999 -9999 -9999 -9999 -9999 -9999 -9999 -9999 -9999 -9999 -9999 -9999 -9999 -9999 -9999 -9999 -9999 -9999 -9999 -9999 -9999 -9999 -9999 -9999 -9999 -9999 -9999 -9999 -9999 -9999 -9999 -9999 -9999 -9999 -9999 -9999 -9999 -9999 -9999 -9999 -9999 -9999
