Validation/Results/ReClimate_10_2023_2weatherlogisticsltd.asc
NCOLS 192
NROWS 249
XLLCENTER -225160.85627316462
YLLCENTER 29788.11610251502
CELLSIZE 5000.0
NODATA_VALUE -9999
[rows 99 to 131 of 249, columns 74 to 147 of 192]
101.733 101.669 101.735 101.795 101.897 101.853 101.816 101.798 -9999 -9999 101.54 101.414 101.453 101.401 101.322 100.937 100.622 100.597 100.398 100.259 99.9 99.984 100.319 100.32 100.303 100.28 100.229 100.101 99.884 99.866 99.881 99.696 99.673 99.873 99.902 99.848 99.799 99.752 99.702 99.663 99.636 99.609 99.579 99.545 99.511 -9999 -9999 -9999 -9999 -9999 -9999 -9999 -9999 -9999 -9999 -9999 -9999 -9999 -9999 -9999 -9999 -9999 -9999 -9999 -9999 -9999 -9999 -9999 -9999 -9999 -9999 -9999 -9999 -9999
101.772 101.768 101.762 -9999 -9999 101.818 101.83 -9999 -9999 -9999 101.571 101.592 101.63 101.542 101.453 101.153 100.815 100.688 100.652 100.391 100.26 100.404 100.414 100.406 100.407 100.349 100.276 100.091 100.056 100.053 99.995 99.969 99.965 99.991 99.972 99.939 99.904 99.858 99.808 99.769 99.741 99.714 99.683 99.65 99.615 -9999 -9999 -9999 -9999 -9999 -9999 -9999 -9999 -9999 -9999 -9999 -9999 -9999 -9999 -9999 -9999 -9999 -9999 -9999 -9999 -9999 -9999 -9999 -9999 -9999 -9999 -9999 -9999 -9999
101.844 -9999 101.828 101.769 101.598 -9999 -9999 -9999 -9999 101.702 101.602 101.785 102.146 101.969 101.68 101.302 100.819 100.711 100.491 100.322 100.09 100.234 100.563 100.531 100.497 100.443 100.385 100.33 100.307 100.2 100.033 100.077 100.141 100.102 100.029 100.021 100.005 99.96 99.913 99.874 99.847 99.822 99.795 99.766 -9999 -9999 -9999 -9999 -9999 -9999 -9999 -9999 -9999 -9999 -9999 -9999 -9999 -9999 -9999 -9999 -9999 -9999 -9999 -9999 -9999 -9999 -9999 -9999 -9999 -9999 -9999 -9999 -9999 -9999
101.923 101.915 101.904 101.876 101.987 101.717 101.51 -9999 -9999 101.708 -9999 -9999 101.023 100.991 101.638 101.256 100.929 100.794 100.795 100.701 100.866 100.935 100.686 100.645 100.606 100.558 100.511 100.471 100.431 100.325 100.312 100.305 100.232 100.181 100.13 100.119 100.104 100.06 100.013 99.975 99.949 99.926 99.9 -9999 -9999 -9999 -9999 -9999 -9999 -9999 -9999 -9999 -9999 -9999 -9999 -9999 -9999 -9999 -9999 -9999 -9999 -9999 -9999 -9999 -9999 -9999 -9999 -9999 -9999 -9999 -9999 -9999 -9999 -9999
101.999 101.989 101.978 102.046 102.018 -9999 -9999 -9999 101.853 101.754 101.291 100.972 100.88 101.417 102.016 101.669 101.192 101.166 101.154 101.202 101.166 100.963 100.792 100.749 100.702 100.656 100.614 100.572 100.531 100.495 100.455 100.392 100.363 100.311 100.273 100.245 100.202 100.158 -9999 -9999 100.048 -9999 -9999 -9999 -9999 -9999 -9999 -9999 -9999 -9999 -9999 -9999 -9999 -9999 -9999 -9999 -9999 -9999 -9999 -9999 -9999 -9999 -9999 -9999 -9999 -9999 -9999 -9999 -9999 -9999 -9999 -9999 -9999 -9999
102.072 102.062 102.05 -9999 102.019 -9999 -9999 -9999 101.878 101.659 101.584 101.546 101.474 101.779 101.814 101.582 101.631 101.524 101.253 101.169 101.014 100.912 100.896 100.849 100.803 100.759 100.715 100.673 100.631 100.59 100.549 100.508 100.468 100.427 100.386 100.344 100.301 -9999 100.211 100.172 100.145 100.117 -9999 -9999 -9999 -9999 -9999 -9999 -9999 -9999 -9999 -9999 -9999 -9999 -9999 -9999 -9999 -9999 -9999 -9999 -9999 -9999 -9999 -9999 -9999 -9999 -9999 -9999 -9999 -9999 -9999 -9999 -9999 -9999
-9999 102.133 -9999 -9999 -9999 -9999 101.96 101.867 101.909 101.85 101.788 101.7 101.544 101.557 101.605 101.6 101.562 101.382 101.321 101.233 101.22 101.148 101.018 100.965 100.907 100.862 100.818 100.774 100.732 100.69 100.649 100.608 100.568 100.527 100.486 -9999 100.402 100.358 100.312 100.274 100.248 100.208 -9999 -9999 -9999 -9999 -9999 -9999 -9999 -9999 -9999 -9999 -9999 -9999 -9999 -9999 -9999 -9999 -9999 -9999 -9999 -9999 -9999 -9999 -9999 -9999 -9999 -9999 -9999 -9999 -9999 -9999 -9999 -9999
-9999 -9999 -9999 -9999 -9999 -9999 102.11 102.046 101.989 101.971 101.997 101.887 101.777 101.717 101.503 101.467 101.495 101.394 101.293 101.277 101.259 101.161 101.062 100.996 101.012 100.966 100.921 100.877 100.835 100.793 100.751 100.71 100.669 100.629 100.588 100.547 100.505 100.462 100.414 100.37 100.335 100.302 100.267 -9999 -9999 -9999 -9999 -9999 -9999 -9999 -9999 -9999 -9999 -9999 -9999 -9999 -9999 -9999 -9999 -9999 -9999 -9999 -9999 -9999 -9999 -9999 -9999 -9999 -9999 -9999 -9999 -9999 -9999 -9999
-9999 -9999 -9999 -9999 -9999 102.208 -9999 -9999 102.106 102.141 102.174 102.096 102.016 -9999 -9999 101.378 101.599 101.46 101.351 101.34 101.372 101.282 101.149 101.151 101.131 101.076 101.021 100.981 100.939 100.889 100.832 100.778 100.648 100.637 100.667 100.607 100.522 100.519 100.489 100.445 100.409 100.376 100.345 100.351 -9999 -9999 -9999 -9999 -9999 -9999 -9999 -9999 -9999 -9999 -9999 -9999 -9999 -9999 -9999 -9999 -9999 -9999 -9999 -9999 -9999 -9999 -9999 -9999 -9999 -9999 -9999 -9999 -9999 -9999
-9999 -9999 -9999 -9999 -9999 102.279 -9999 102.217 102.169 102.185 102.157 102.093 102.008 101.709 101.494 101.57 101.52 101.405 101.271 101.259 101.302 101.241 101.242 101.214 101.167 101.129 101.09 101.05 101.01 100.958 100.926 100.832 100.78 100.771 100.719 100.652 100.623 100.595 100.558 100.518 100.484 100.451 100.42 -9999 -9999 -9999 -9999 -9999 -9999 -9999 -9999 -9999 -9999 -9999 -9999 -9999 -9999 -9999 -9999 -9999 -9999 -9999 -9999 -9999 -9999 -9999 -9999 -9999 -9999 -9999 -9999 -9999 -9999 -9999
-9999 -9999 -9999 -9999 -9999 102.349 -9999 102.299 102.298 102.349 102.501 102.37 -9999 101.889 101.769 -9999 101.871 101.739 101.584 101.528 101.399 101.374 101.353 101.3 101.292 101.236 101.146 101.195 101.394 101.261 100.985 101.008 101.158 101.032 100.794 100.753 100.715 100.674 100.629 -9999 -9999 -9999 -9999 -9999 -9999 -9999 -9999 -9999 -9999 -9999 -9999 -9999 -9999 -9999 -9999 -9999 -9999 -9999 -9999 -9999 -9999 -9999 -9999 -9999 -9999 -9999 -9999 -9999 -9999 -9999 -9999 -9999 -9999 -9999
-9999 -9999 -9999 102.447 102.443 -9999 -9999 102.409 102.315 102.384 102.381 102.251 102.25 102.13 101.986 -9999 101.569 101.537 101.7 101.557 101.398 101.361 101.35 101.305 101.209 101.171 101.202 101.257 101.134 101.009 101.044 101.028 100.772 100.678 100.845 100.814 100.79 100.742 -9999 -9999 -9999 -9999 -9999 -9999 -9999 -9999 -9999 -9999 -9999 -9999 -9999 -9999 -9999 -9999 -9999 -9999 -9999 -9999 -9999 -9999 -9999 -9999 -9999 -9999 -9999 -9999 -9999 -9999 -9999 -9999 -9999 -9999 -9999 -9999
-9999 -9999 102.478 102.495 102.484 -9999 102.486 102.456 102.407 102.375 -9999 102.34 102.393 102.273 102.149 -9999 101.863 101.96 102.008 101.857 101.831 101.669 101.309 101.057 100.573 100.755 101.214 101.081 100.9 -9999 101.2 101.04 100.971 101.033 100.93 100.899 100.855 -9999 -9999 -9999 -9999 -9999 -9999 -9999 -9999 -9999 -9999 -9999 -9999 -9999 -9999 -9999 -9999 -9999 -9999 -9999 -9999 -9999 -9999 -9999 -9999 -9999 -9999 -9999 -9999 -9999 -9999 -9999 -9999 -9999 -9999 -9999 -9999 -9999
-9999 -9999 102.525 102.525 -9999 -9999 102.551 102.525 102.503 -9999 102.347 102.386 102.376 102.287 102.225 -9999 102.051 102.03 101.882 101.83 101.745 101.428 101.114 100.889 101.211 101.48 101.578 101.364 101.125 101.174 101.001 -9999 -9999 101.017 101.004 -9999 -9999 -9999 -9999 -9999 -9999 100.753 100.727 100.697 -9999 -9999 -9999 -9999 -9999 -9999 -9999 -9999 -9999 -9999 -9999 -9999 -9999 -9999 -9999 -9999 -9999 -9999 -9999 -9999 -9999 -9999 -9999 -9999 -9999 -9999 -9999 -9999 -9999 -9999
-9999 102.622 102.313 -9999 -9999 102.612 102.621 102.598 102.575 -9999 102.508 102.524 102.532 102.482 102.433 -9999 -9999 -9999 101.868 101.804 101.766 101.569 101.434 101.731 102.169 102.197 102.136 101.789 101.251 100.993 100.554 100.769 101.132 101.108 101.069 -9999 -9999 -9999 -9999 -9999 100.845 100.824 100.831 100.801 100.823 -9999 -9999 -9999 -9999 -9999 -9999 -9999 -9999 -9999 -9999 -9999 -9999 -9999 -9999 -9999 -9999 -9999 -9999 -9999 -9999 -9999 -9999 -9999 -9999 -9999 -9999 -9999 -9999 -9999
102.766 102.661 102.839 -9999 -9999 -9999 102.697 102.672 102.647 -9999 102.592 -9999 102.525 102.479 102.413 -9999 102.214 102.114 102.057 -9999 101.844 101.76 101.681 101.804 101.602 101.565 101.58 101.257 101.157 100.931 101.008 101.202 101.217 101.177 101.124 101.125 101.111 101.087 -9999 100.99 100.915 100.925 100.979 101.04 101.143 101.255 101.377 -9999 -9999 -9999 -9999 -9999 -9999 -9999 -9999 -9999 -9999 -9999 -9999 -9999 -9999 -9999 -9999 -9999 -9999 -9999 -9999 -9999 -9999 -9999 -9999 -9999 -9999 -9999
102.943 102.996 -9999 -9999 -9999 -9999 102.775 102.751 102.73 -9999 102.66 -9999 102.578 102.555 -9999 102.369 102.296 102.229 102.139 102.028 101.944 101.863 101.774 101.646 101.645 101.625 101.672 101.544 101.331 101.307 101.192 101.228 101.312 101.273 101.254 101.24 101.216 101.195 101.174 101.123 101.115 101.11 100.951 101.014 101.375 101.393 101.233 101.927 102.23 102.657 -9999 -9999 -9999 -9999 -9999 -9999 -9999 -9999 -9999 -9999 -9999 -9999 -9999 -9999 -9999 -9999 -9999 -9999 -9999 -9999 -9999 -9999 -9999 -9999
-9999 102.909 -9999 -9999 -9999 -9999 102.856 102.829 102.796 102.76 -9999 -9999 102.661 102.563 -9999 102.451 102.371 102.288 102.218 102.131 102.042 101.954 101.863 101.815 101.712 101.65 101.508 101.369 101.315 101.329 101.559 101.558 101.411 101.39 101.369 101.348 101.329 101.31 101.291 101.299 101.404 101.4 101.406 101.656 101.813 101.666 101.443 101.945 102.522 102.753 103.146 -9999 -9999 -9999 -9999 -9999 -9999 -9999 -9999 -9999 -9999 -9999 -9999 -9999 -9999 -9999 -9999 -9999 -9999 -9999 -9999 -9999 -9999 -9999
102.94 -9999 -9999 -9999 -9999 -9999 102.939 102.907 102.874 102.839 -9999 -9999 102.698 102.556 -9999 -9999 102.444 102.366 102.285 102.203 102.125 101.916 101.492 101.492 101.591 101.528 101.513 101.455 101.446 101.54 101.5 101.438 101.51 101.363 101.006 101.146 101.44 101.431 101.465 101.595 101.726 101.789 101.782 101.948 102.166 102.158 102.391 102.765 102.961 103.153 103.34 -9999 -9999 -9999 -9999 -9999 -9999 -9999 -9999 -9999 -9999 -9999 -9999 -9999 -9999 -9999 -9999 -9999 -9999 -9999 -9999 -9999 -9999 -9999
103.084 -9999 -9999 -9999 -9999 -9999 103.026 102.993 102.956 -9999 -9999 -9999 -9999 102.727 -9999 102.609 102.518 102.431 102.349 102.27 102.194 101.968 101.995 101.995 101.904 101.83 101.713 101.644 101.507 101.487 101.493 101.545 101.611 101.343 101.161 101.376 101.564 101.625 101.762 101.899 102.037 102.012 101.887 102.129 102.434 102.683 102.973 103.147 103.326 103.501 103.698 103.942 -9999 -9999 -9999 -9999 -9999 -9999 -9999 -9999 -9999 -9999 -9999 -9999 -9999 -9999 -9999 -9999 -9999 -9999 -9999 -9999 -9999 -9999
103.288 -9999 -9999 -9999 102.969 102.945 102.921 102.932 -9999 -9999 102.928 -9999 -9999 -9999 -9999 102.687 102.591 102.501 102.416 102.334 102.255 102.225 102.15 102.056 101.965 101.889 101.838 101.734 101.716 101.764 101.865 101.855 101.791 101.598 101.321 101.188 100.832 101.08 101.622 101.86 102.254 102.289 102.504 102.734 102.894 103.117 103.283 103.458 103.646 103.759 103.848 104.27 -9999 -9999 -9999 -9999 -9999 -9999 -9999 -9999 -9999 -9999 -9999 -9999 -9999 -9999 -9999 -9999 -9999 -9999 -9999 -9999 -9999 -9999
-9999 -9999 -9999 -9999 -9999 103.171 103.09 103.129 -9999 103.059 102.996 102.761 -9999 -9999 -9999 -9999 102.668 102.574 102.485 102.4 102.319 102.241 102.172 102.103 102.058 101.99 101.915 101.872 101.857 101.9 101.847 101.821 101.814 101.686 101.631 101.48 101.535 101.842 101.819 102.159 102.583 102.763 102.915 103.068 103.225 103.39 103.564 103.749 103.947 103.916 104.031 104.622 104.905 -9999 -9999 -9999 -9999 -9999 -9999 -9999 -9999 -9999 -9999 -9999 -9999 -9999 -9999 -9999 -9999 -9999 -9999 -9999 -9999 -9999
-9999 -9999 -9999 -9999 -9999 103.342 103.291 103.266 -9999 103.15 103.096 102.882 -9999 -9999 -9999 -9999 -9999 102.65 102.558 102.47 102.387 102.316 102.25 102.194 102.126 101.913 101.471 101.482 101.504 101.612 101.902 101.855 101.754 101.718 101.685 101.79 101.897 101.965 102.153 102.546 102.888 103.012 103.154 103.311 103.476 103.648 103.83 103.982 104.073 104.081 104.505 104.928 105.207 105.564 -9999 -9999 -9999 -9999 -9999 -9999 -9999 -9999 -9999 -9999 -9999 -9999 -9999 -9999 -9999 -9999 -9999 -9999 -9999 -9999
-9999 -9999 -9999 -9999 -9999 103.51 103.427 -9999 -9999 103.245 103.191 102.966 102.69 -9999 -9999 -9999 -9999 -9999 102.636 102.545 102.468 102.396 102.328 102.263 102.198 101.933 101.904 101.843 101.756 101.927 101.983 101.91 101.873 101.795 101.795 101.902 102.158 102.312 102.51 102.826 103.18 103.241 103.38 103.543 103.713 103.893 104.083 104.233 104.469 104.616 104.861 105.22 105.513 105.865 106.222 106.588 -9999 -9999 -9999 -9999 -9999 -9999 -9999 -9999 -9999 -9999 -9999 -9999 -9999 -9999 -9999 -9999 -9999 -9999
-9999 -9999 -9999 -9999 -9999 103.661 103.555 -9999 -9999 103.345 103.279 103.044 -9999 -9999 -9999 -9999 -9999 -9999 102.719 102.632 102.553 102.479 102.409 102.341 102.276 102.178 102.005 101.856 101.731 101.727 101.598 101.359 100.811 100.915 101.055 101.488 102.417 102.536 102.429 102.87 103.486 103.569 103.559 103.745 103.941 104.096 104.204 104.088 103.369 103.761 104.923 105.585 105.896 106.237 106.582 106.935 -9999 -9999 -9999 -9999 -9999 -9999 -9999 -9999 -9999 -9999 -9999 -9999 -9999 -9999 -9999 -9999 -9999 -9999
-9999 -9999 -9999 -9999 -9999 103.796 103.634 -9999 -9999 -9999 103.355 103.277 103.206 -9999 -9999 -9999 -9999 -9999 102.807 102.724 102.641 102.564 102.491 102.422 102.352 102.268 102.319 102.202 102.137 102.011 101.842 101.49 101.4 101.668 102.049 102.612 102.776 102.838 103.083 103.521 103.695 103.731 103.802 103.987 104.16 104.309 104.517 103.979 103.422 104.297 105.621 105.95 106.274 106.603 106.936 107.276 -9999 -9999 -9999 -9999 -9999 -9999 -9999 -9999 -9999 -9999 -9999 -9999 -9999 -9999 -9999 -9999 -9999 -9999
-9999 -9999 -9999 -9999 104.067 103.959 103.803 -9999 -9999 -9999 -9999 -9999 -9999 -9999 -9999 -9999 -9999 -9999 102.882 102.817 102.733 102.652 102.577 102.439 102.183 102.244 102.388 102.29 102.219 101.904 101.331 101.315 101.558 101.961 102.449 102.505 102.405 102.752 103.318 103.523 103.763 103.854 103.966 104.013 103.843 104.115 104.39 103.93 103.805 105.636 105.98 106.296 106.613 106.931 107.253 107.581 107.616 -9999 -9999 -9999 -9999 -9999 -9999 -9999 -9999 -9999 -9999 -9999 -9999 -9999 -9999 -9999 -9999 -9999
-9999 -9999 -9999 104.195 104.227 104.121 103.976 -9999 -9999 -9999 -9999 -9999 -9999 -9999 -9999 -9999 103.062 103.005 102.949 102.89 102.827 102.745 102.666 102.529 102.54 102.548 102.385 102.295 102.273 101.976 102.07 102.197 102.18 102.56 102.766 102.808 103.003 103.373 103.512 103.707 103.84 104.011 104.262 104.216 104.338 104.556 104.666 104.566 105.618 105.981 106.305 106.612 106.92 107.229 107.541 107.858 107.954 -9999 -9999 -9999 -9999 -9999 -9999 -9999 -9999 -9999 -9999 -9999 -9999 -9999 -9999 -9999 -9999 -9999
-9999 -9999 -9999 104.241 104.383 104.231 -9999 -9999 -9999 -9999 -9999 -9999 -9999 -9999 -9999 -9999 103.124 103.062 102.787 102.719 102.638 102.619 102.635 102.354 101.73 101.748 102.002 102.092 102.337 102.353 102.441 102.53 102.74 103.008 103.305 103.391 103.372 103.494 103.607 103.682 103.652 103.882 104.008 104.002 103.682 103.863 104.688 105.584 105.951 106.297 106.602 106.903 107.202 107.503 107.806 108.114 108.246 -9999 -9999 -9999 -9999 -9999 -9999 -9999 -9999 -9999 -9999 -9999 -9999 -9999 -9999 -9999 -9999 -9999
-9999 -9999 -9999 -9999 -9999 -9999 -9999 -9999 -9999 -9999 -9999 -9999 -9999 -9999 -9999 -9999 103.183 103.049 103.018 102.974 102.987 102.96 102.792 102.504 102.637 102.665 102.446 102.513 102.396 102.401 102.556 102.74 102.911 103.036 102.843 102.99 103.496 103.655 103.89 103.969 104.245 104.381 104.545 104.486 104.581 105.017 105.538 105.9 106.259 106.578 106.876 107.17 107.464 107.758 108.054 108.354 108.505 -9999 -9999 -9999 -9999 -9999 -9999 -9999 -9999 -9999 -9999 -9999 -9999 -9999 -9999 -9999 -9999 -9999
-9999 -9999 -9999 -9999 -9999 -9999 -9999 -9999 -9999 -9999 -9999 -9999 -9999 -9999 -9999 103.337 103.246 103.036 102.532 102.659 103.056 102.965 102.915 103.033 103.165 102.943 102.743 102.605 102.466 102.52 102.715 102.905 103.117 103.072 103.177 103.522 103.712 103.9 104.059 104.271 104.439 104.587 104.736 104.938 105.165 105.482 105.84 106.2 106.542 106.84 107.133 107.422 107.711 107.999 108.288 108.581 108.742 -9999 -9999 -9999 -9999 -9999 -9999 -9999 -9999 -9999 -9999 -9999 -9999 -9999 -9999 -9999 -9999 -9999
-9999 -9999 -9999 -9999 -9999 -9999 -9999 -9999 -9999 -9999 -9999 -9999 -9999 -9999 -9999 103.41 103.315 103.071 103.148 103.27 103.072 103.01 102.943 102.984 102.891 102.786 102.757 102.628 102.557 102.678 102.872 103.091 103.272 103.377 103.526 103.696 103.845 104.015 104.236 104.394 104.569 104.716 104.863 105.053 105.405 105.771 106.128 106.48 106.795 107.087 107.375 107.661 107.944 108.228 108.512 108.797 108.962 -9999 -9999 -9999 -9999 -9999 -9999 -9999 -9999 -9999 -9999 -9999 -9999 -9999 -9999 -9999 -9999 -9999
-9999 -9999 -9999 -9999 -9999 -9999 -9999 -9999 -9999 -9999 -9999 -9999 -9999 -9999 103.594 103.475 103.386 103.43 103.496 103.301 103.093 103.025 102.964 102.893 102.84 102.807 102.747 102.669 102.669 102.834 103.029 103.23 103.378 103.537 103.693 103.851 104.017 104.306 104.737 104.862 104.963 105.047 104.992 105.282 105.696 106.05 106.404 106.739 107.032 107.32 107.605 107.887 108.168 108.447 108.712 108.95 109.093 109.195 -9999 -9999 -9999 -9999 -9999 -9999 -9999 -9999 -9999 -9999 -9999 -9999 -9999 -9999 -9999 -9999
