Validation/Results/ReClimate_10_2024_1_Temperature-Actuals.asc
NCOLS 192
NROWS 249
XLLCENTER -225160.85627316462
YLLCENTER 29788.11610251431
CELLSIZE 5000.0
NODATA_VALUE -9999
[rows 170 to 203 of 249, columns 77 to 153 of 192]
-9999 -9999 -9999 -9999 -9999 -9999 -9999 -9999 -9999 -9999 -9999 -9999 -9999 -9999 -9999 9.578 9.444 -9999 -9999 -9999 -9999 -9999 -9999 -9999 -9999 -9999 -9999 -9999 -9999 -9999 -9999 -9999 -9999 -9999 8.684 8.796 8.58 8.412 8.186 8.208 8.224 8.267 8.316 8.456 8.536 8.504 8.261 7.823 7.088 6.383 5.738 5.943 5.971 6.416 7.352 7.736 7.925 7.617 7.592 7.769 7.959 7.962 7.925 7.851 7.855 7.853 7.758 7.718 7.797 7.827 7.746 7.422 7.467 7.437 7.699 8.0 8.184
-9999 -9999 -9999 -9999 -9999 -9999 -9999 -9999 -9999 -9999 -9999 -9999 -9999 -9999 -9999 9.212 9.009 9.177 -9999 -9999 -9999 -9999 -9999 -9999 -9999 -9999 -9999 -9999 -9999 -9999 -9999 -9999 -9999 8.819 8.842 8.764 8.679 8.43 8.439 8.299 8.261 8.256 8.293 8.332 8.344 8.276 8.172 7.896 7.358 6.439 5.721 6.113 6.579 6.692 7.226 8.05 8.129 7.904 7.535 7.661 7.932 7.991 7.933 7.811 7.806 7.829 7.795 7.691 7.746 7.812 7.791 7.562 7.367 7.458 7.622 7.975 8.21
-9999 -9999 -9999 -9999 -9999 -9999 -9999 -9999 -9999 -9999 -9999 -9999 -9999 -9999 9.519 9.027 8.705 8.917 9.395 -9999 -9999 -9999 -9999 -9999 -9999 -9999 -9999 -9999 -9999 -9999 8.984 -9999 -9999 8.782 8.557 8.74 8.719 8.603 -9999 8.222 8.138 8.099 8.117 8.04 8.12 8.057 7.983 7.642 7.1 7.36 6.389 6.603 7.086 6.608 7.351 7.727 8.049 7.948 7.693 7.722 7.88 8.011 7.943 7.852 7.861 7.853 7.836 7.73 7.727 7.819 7.786 7.698 7.463 7.366 7.467 7.854 8.119
-9999 -9999 -9999 -9999 -9999 -9999 -9999 -9999 -9999 -9999 -9999 -9999 -9999 -9999 9.571 9.063 8.818 8.85 9.187 9.441 9.717 -9999 -9999 -9999 9.026 9.143 -9999 9.05 9.025 8.914 8.163 8.279 -9999 -9999 8.673 8.663 -9999 -9999 8.342 8.092 8.24 8.381 8.191 7.99 7.878 7.846 7.679 7.181 6.597 6.867 6.738 6.527 6.697 6.669 6.865 7.827 7.929 7.805 7.565 7.715 7.795 7.885 7.918 7.826 7.874 7.878 7.845 7.767 7.729 7.832 7.815 7.76 7.607 7.444 7.312 7.496 7.838
-9999 -9999 -9999 -9999 -9999 -9999 -9999 -9999 -9999 -9999 -9999 -9999 -9999 -9999 -9999 9.391 9.033 8.946 9.138 9.242 -9999 -9999 7.59 7.408 8.481 7.981 8.138 8.237 8.727 8.498 8.222 7.894 7.956 -9999 8.646 8.645 8.568 8.449 7.963 7.717 8.12 8.481 8.315 8.016 7.887 7.737 7.557 6.943 6.173 6.319 6.533 6.733 6.952 6.794 6.963 7.559 7.928 7.817 7.611 7.682 7.741 7.767 7.804 7.834 7.887 7.903 7.796 7.588 7.715 7.901 7.877 7.824 7.715 7.565 7.508 7.476 7.54
-9999 -9999 -9999 -9999 -9999 -9999 -9999 -9999 -9999 -9999 -9999 -9999 -9999 -9999 -9999 9.607 9.335 9.35 9.3 9.244 9.09 7.887 6.005 7.851 8.194 7.418 7.811 7.58 7.964 8.352 8.073 7.275 7.817 8.063 8.422 8.605 8.487 8.218 7.82 7.685 8.004 8.27 8.217 8.081 7.922 7.763 7.492 6.703 6.258 6.034 6.341 6.411 7.044 7.159 6.912 7.211 7.63 7.68 7.652 7.69 7.702 7.744 7.783 7.81 7.953 7.919 7.891 7.851 7.763 7.965 7.96 7.905 7.812 7.635 7.44 7.528 7.684
-9999 -9999 -9999 -9999 -9999 -9999 -9999 -9999 -9999 -9999 -9999 -9999 -9999 -9999 -9999 -9999 9.672 9.612 9.291 8.656 7.634 5.319 5.932 7.501 7.341 7.471 7.024 6.939 7.204 7.515 7.692 7.845 7.226 7.861 8.265 8.341 8.41 8.269 7.977 7.886 7.989 8.112 8.146 8.011 7.88 7.74 7.339 6.834 6.307 6.179 6.553 6.404 6.624 7.439 7.169 7.212 7.506 7.512 7.625 7.775 7.754 7.732 7.761 7.823 7.983 7.986 7.989 7.89 7.884 7.963 7.989 7.953 7.853 7.745 7.675 7.619 7.667
-9999 -9999 -9999 -9999 -9999 -9999 -9999 -9999 -9999 -9999 -9999 -9999 -9999 -9999 -9999 -9999 -9999 -9999 8.825 7.759 6.616 6.124 6.489 7.681 7.601 6.988 6.489 6.403 6.49 7.304 8.02 7.652 7.034 7.5 8.059 8.321 8.491 8.326 8.08 7.866 7.898 7.936 7.947 7.937 7.843 7.587 7.078 6.796 6.616 6.229 6.494 6.382 6.338 6.886 7.474 7.398 7.702 7.566 7.449 7.678 7.777 7.845 7.859 7.916 8.008 8.021 8.013 8.005 7.847 7.905 7.943 7.935 7.893 7.839 7.814 7.75 7.663
-9999 -9999 -9999 -9999 -9999 -9999 -9999 -9999 -9999 -9999 -9999 -9999 -9999 -9999 -9999 -9999 -9999 9.479 8.46 7.792 7.455 6.61 7.524 7.847 7.315 7.168 6.678 6.247 6.596 6.736 7.507 7.341 6.822 7.139 7.705 8.401 8.477 8.351 7.99 7.782 7.78 7.828 7.886 7.893 7.727 7.302 7.111 7.216 6.89 6.418 6.619 6.636 6.742 6.933 7.088 7.53 7.641 7.609 7.588 7.615 7.782 7.775 7.941 8.028 8.053 8.034 8.02 7.823 7.812 7.886 7.959 7.947 7.94 7.922 7.904 7.846 7.807
-9999 -9999 -9999 -9999 -9999 -9999 -9999 -9999 -9999 -9999 -9999 -9999 -9999 -9999 -9999 -9999 9.5 7.844 8.184 7.779 7.386 7.578 6.411 6.591 6.841 6.744 6.211 6.665 6.471 6.915 7.325 6.671 6.36 6.989 7.725 8.375 8.525 8.332 7.92 7.885 7.922 7.883 7.916 7.795 7.511 7.459 7.36 6.986 6.766 6.63 6.473 6.9 7.069 7.249 7.437 7.469 7.765 7.725 7.769 7.779 7.831 8.01 7.873 8.023 8.072 8.005 7.968 7.791 7.707 7.894 7.932 7.953 7.96 7.954 7.935 7.968 8.049
-9999 -9999 -9999 -9999 -9999 -9999 -9999 -9999 -9999 -9999 -9999 -9999 -9999 -9999 -9999 9.393 8.059 8.555 8.517 8.176 8.279 7.709 7.305 6.871 6.462 6.164 6.198 6.311 6.475 7.112 6.741 6.81 7.479 7.679 8.147 8.269 8.416 8.209 7.964 7.942 7.911 7.923 7.76 7.493 7.584 7.527 7.362 6.945 6.881 7.213 7.07 7.035 7.26 7.357 7.486 7.599 7.673 7.89 7.969 8.101 8.15 8.179 8.144 8.008 8.023 7.994 7.948 7.78 7.709 7.904 7.947 7.911 7.917 7.907 7.951 8.002 8.078
-9999 -9999 -9999 -9999 -9999 -9999 -9999 -9999 -9999 -9999 -9999 -9999 -9999 9.298 9.419 9.029 9.094 9.311 9.287 8.918 9.031 8.495 7.682 7.009 6.364 5.544 6.702 6.8 7.134 6.987 6.26 6.6 7.052 7.775 8.063 8.151 8.197 8.069 7.914 7.82 7.872 7.799 7.581 7.469 7.403 7.582 7.311 7.026 7.116 7.213 7.304 7.382 7.452 7.564 7.635 7.863 7.872 7.924 8.163 8.341 8.387 8.218 8.119 8.059 7.987 7.906 7.888 7.687 7.623 7.848 7.95 7.91 7.88 7.896 7.934 7.949 -9999
-9999 -9999 -9999 -9999 -9999 -9999 -9999 -9999 -9999 -9999 -9999 -9999 9.154 9.204 9.173 9.373 -9999 -9999 -9999 -9999 8.484 7.51 7.215 6.917 6.135 6.856 6.917 6.382 6.715 6.139 5.124 5.932 6.782 7.246 7.917 8.235 8.123 7.994 7.905 7.858 7.835 7.764 7.586 7.493 7.381 7.452 7.295 7.264 7.3 7.371 7.544 7.624 7.664 7.827 7.88 8.022 8.21 8.15 8.206 8.261 8.266 8.151 8.042 7.955 7.827 7.753 7.747 7.666 7.591 7.743 7.915 7.945 7.902 7.887 7.919 7.921 7.978
-9999 -9999 -9999 -9999 -9999 -9999 -9999 -9999 -9999 -9999 -9999 -9999 9.176 9.074 9.567 -9999 -9999 -9999 -9999 -9999 8.296 7.512 7.008 7.181 6.538 6.627 6.259 5.8 5.959 5.647 5.708 6.959 7.068 7.65 8.157 8.301 8.156 7.986 7.856 7.724 7.679 7.7 7.596 7.478 7.463 7.38 7.466 7.482 7.582 7.416 7.404 7.505 7.699 7.88 7.971 8.067 8.084 8.131 8.152 8.091 8.024 7.849 7.836 7.652 7.499 7.464 7.573 7.62 7.618 7.749 7.921 8.037 7.992 7.946 7.915 7.872 7.879
-9999 -9999 -9999 -9999 -9999 -9999 -9999 -9999 -9999 -9999 -9999 -9999 -9999 -9999 9.751 -9999 -9999 -9999 -9999 -9999 8.299 7.419 7.575 7.248 6.897 6.855 5.79 6.0 6.707 6.058 6.775 7.063 7.352 7.962 8.307 8.321 8.021 7.923 7.785 7.694 7.799 7.732 7.686 7.634 7.522 7.552 7.643 7.748 7.687 7.662 7.594 7.536 7.738 7.786 7.632 7.766 7.898 7.93 8.085 8.009 7.785 7.542 7.424 7.562 7.454 7.392 7.45 7.562 7.631 7.766 7.963 8.129 8.113 8.042 7.989 7.92 7.932
-9999 -9999 -9999 -9999 -9999 -9999 -9999 -9999 -9999 -9999 -9999 -9999 -9999 -9999 -9999 -9999 -9999 -9999 -9999 -9999 8.677 8.048 8.672 7.85 7.119 6.079 6.278 6.325 6.247 6.92 7.007 7.158 7.949 8.175 8.379 8.236 8.087 7.945 7.943 7.946 7.909 7.866 7.802 7.722 7.672 7.639 7.716 7.708 7.565 7.746 7.88 7.846 7.8 7.915 7.662 7.499 7.679 7.641 7.817 7.98 7.771 7.63 7.501 7.501 7.611 7.531 7.492 7.619 7.73 7.836 7.99 8.153 8.161 8.11 8.055 8.023 8.03
-9999 -9999 -9999 -9999 -9999 -9999 -9999 -9999 -9999 -9999 -9999 -9999 -9999 -9999 -9999 -9999 -9999 -9999 -9999 -9999 -9999 8.661 7.34 6.751 6.64 6.89 6.827 6.539 7.115 7.181 7.559 7.991 7.858 8.261 8.25 7.977 7.963 7.992 8.128 8.184 8.046 7.856 7.805 7.642 7.599 7.637 7.755 7.621 7.426 7.549 7.849 7.966 7.949 7.886 7.82 7.639 7.528 7.335 7.362 7.812 7.903 7.686 7.51 7.343 7.389 7.606 7.603 7.701 7.835 7.984 8.065 8.172 8.18 8.154 8.122 8.111 8.119
-9999 -9999 -9999 -9999 -9999 -9999 -9999 -9999 -9999 -9999 -9999 -9999 -9999 -9999 -9999 -9999 -9999 -9999 -9999 -9999 8.664 8.076 7.345 6.393 7.17 7.292 6.81 7.074 7.136 7.148 7.965 7.899 7.855 8.075 7.26 7.814 8.051 8.046 7.99 8.109 7.802 7.365 7.364 7.57 7.721 7.669 7.77 7.703 7.59 7.581 7.792 7.917 7.972 7.931 7.803 7.738 7.574 7.507 7.511 7.755 7.894 7.719 7.45 7.242 7.261 7.55 7.76 7.83 7.972 8.078 8.122 8.16 8.2 8.194 8.185 8.2 8.208
-9999 -9999 -9999 -9999 -9999 -9999 -9999 -9999 -9999 -9999 -9999 -9999 -9999 -9999 -9999 -9999 -9999 -9999 -9999 -9999 8.878 8.267 6.531 7.672 8.089 7.505 7.328 7.025 6.576 7.188 7.912 7.873 8.1 7.76 7.853 7.915 7.78 7.697 8.004 7.889 7.543 7.401 7.45 7.771 7.742 7.671 7.76 7.726 7.785 7.767 7.811 7.903 7.947 7.968 7.91 7.822 7.721 7.558 7.667 7.858 7.841 7.596 7.283 7.255 7.296 7.432 7.708 7.928 7.979 8.103 8.102 8.113 8.217 8.263 8.266 8.287 8.307
-9999 -9999 -9999 -9999 -9999 -9999 -9999 -9999 -9999 -9999 -9999 -9999 -9999 -9999 -9999 -9999 -9999 -9999 -9999 -9999 8.805 8.002 8.487 8.184 7.887 7.587 7.11 6.336 6.635 6.899 7.545 7.812 8.142 8.064 7.823 7.375 7.067 7.17 7.663 7.431 7.506 7.413 7.657 7.923 7.801 7.779 7.805 7.832 7.933 7.814 7.772 7.9 7.949 7.81 7.896 7.911 7.829 7.745 7.793 7.883 7.815 7.609 7.42 7.349 7.466 7.618 7.806 7.89 7.98 8.071 8.207 8.153 8.248 8.304 8.304 8.326 8.331
-9999 -9999 -9999 -9999 -9999 -9999 -9999 -9999 -9999 -9999 -9999 -9999 -9999 -9999 -9999 -9999 -9999 -9999 -9999 -9999 -9999 9.121 7.957 7.25 6.595 6.486 6.507 6.771 7.071 7.65 7.775 7.951 7.896 7.873 7.746 7.479 7.162 7.083 7.277 7.509 7.466 7.359 7.729 8.006 7.866 7.982 7.916 7.815 8.116 8.161 7.979 7.99 8.03 7.811 7.708 7.93 7.859 7.798 7.829 7.827 7.704 7.622 7.618 7.692 7.696 7.797 7.853 7.87 7.994 8.119 8.17 8.195 8.298 8.348 8.322 8.311 8.321
-9999 -9999 -9999 -9999 -9999 -9999 -9999 -9999 -9999 -9999 -9999 -9999 -9999 -9999 -9999 -9999 -9999 -9999 -9999 -9999 -9999 8.515 7.453 6.652 5.991 5.821 6.252 7.041 7.645 7.69 7.347 6.938 6.701 6.783 7.3 7.621 7.24 7.19 7.342 7.455 7.038 7.334 7.706 7.879 7.893 8.041 7.921 7.976 7.98 8.128 8.152 8.072 8.074 7.942 7.834 7.946 7.931 7.736 7.655 7.63 7.546 7.556 7.69 7.628 7.678 7.727 7.877 7.834 7.949 8.081 8.073 8.17 8.312 8.344 8.316 8.253 8.179
-9999 -9999 -9999 -9999 -9999 -9999 -9999 -9999 -9999 -9999 -9999 -9999 -9999 -9999 -9999 -9999 -9999 -9999 -9999 -9999 9.082 8.342 7.405 6.611 6.135 6.32 6.75 7.162 6.841 6.168 6.435 6.355 6.455 7.144 7.479 7.356 7.286 7.458 7.531 7.108 7.01 7.24 7.654 7.838 7.888 8.091 7.955 7.78 7.966 7.857 7.963 7.94 7.972 7.981 8.006 8.093 7.975 7.82 7.737 7.602 7.573 7.459 7.57 7.619 7.657 7.767 7.814 7.936 8.005 8.024 8.022 8.164 8.354 8.35 8.34 8.261 8.133
-9999 -9999 -9999 -9999 -9999 -9999 -9999 -9999 -9999 -9999 -9999 -9999 -9999 -9999 -9999 -9999 -9999 -9999 -9999 -9999 8.717 8.101 7.569 7.173 6.663 6.096 6.374 6.555 6.319 6.404 6.157 6.049 6.456 7.097 6.816 6.897 7.476 7.302 7.648 7.255 6.903 7.005 7.79 7.801 8.143 8.144 7.934 7.793 7.449 7.693 7.736 7.816 7.832 7.901 7.921 8.002 7.982 7.891 7.849 7.81 7.586 7.499 7.461 7.521 7.618 7.864 7.932 7.985 8.023 8.001 8.016 8.164 8.265 8.341 8.351 8.326 8.203
-9999 -9999 -9999 -9999 -9999 -9999 -9999 -9999 -9999 -9999 -9999 -9999 -9999 -9999 -9999 -9999 -9999 -9999 -9999 -9999 8.333 8.247 8.212 7.516 6.528 5.995 6.33 6.468 6.651 6.303 6.384 6.545 6.718 6.63 6.794 7.444 7.494 7.556 7.242 7.504 7.284 7.623 7.682 7.768 8.099 8.215 8.041 7.67 7.752 7.698 7.673 7.734 7.761 7.896 7.887 7.788 7.818 7.813 7.857 7.803 7.616 7.481 7.605 7.737 7.67 7.849 7.935 8.05 8.037 7.99 8.114 8.265 8.349 8.398 8.472 8.44 8.391
-9999 -9999 -9999 -9999 -9999 -9999 -9999 -9999 -9999 -9999 -9999 -9999 -9999 -9999 -9999 -9999 -9999 -9999 -9999 8.476 8.149 7.593 7.613 7.374 6.484 6.351 6.029 6.432 7.01 6.979 7.044 6.685 6.59 6.978 7.036 7.097 7.494 7.458 7.788 7.852 7.836 7.813 7.714 7.964 8.16 8.198 8.138 8.037 7.965 8.032 7.888 7.834 7.787 7.852 7.937 7.866 7.856 7.933 7.876 7.75 7.656 7.625 7.785 7.893 7.888 7.886 8.063 8.005 8.042 8.016 8.068 8.237 8.381 8.408 8.447 8.461 8.482
-9999 -9999 -9999 -9999 -9999 -9999 -9999 -9999 -9999 -9999 -9999 -9999 -9999 -9999 -9999 -9999 -9999 -9999 8.246 8.138 7.486 7.662 7.65 6.716 6.163 6.056 6.29 6.669 7.054 6.905 6.995 6.708 6.281 6.933 6.901 7.532 7.72 7.908 7.942 7.85 7.719 7.758 7.681 8.007 8.084 8.31 8.287 8.163 8.054 8.072 8.084 7.892 7.852 7.979 8.049 7.962 7.889 7.874 7.842 7.734 7.714 7.745 7.86 8.019 8.092 8.148 8.029 7.974 7.987 8.042 8.107 8.246 8.292 8.275 8.267 8.316 8.422
-9999 -9999 -9999 -9999 -9999 -9999 -9999 -9999 -9999 -9999 -9999 -9999 -9999 -9999 -9999 -9999 7.877 7.981 7.838 8.228 8.064 7.852 7.26 6.399 6.049 5.95 5.845 6.522 6.801 7.216 6.988 6.527 6.535 7.04 7.543 7.732 7.991 8.003 8.013 7.708 7.631 7.65 7.921 8.229 8.304 8.287 8.251 8.148 8.089 8.095 8.085 7.911 7.961 8.069 8.176 7.945 7.82 7.691 7.569 7.596 7.674 7.878 7.975 8.037 7.975 8.065 8.043 8.044 8.032 8.058 8.143 8.285 8.37 8.208 8.152 8.206 8.359
-9999 -9999 -9999 -9999 -9999 -9999 -9999 -9999 -9999 -9999 -9999 -9999 -9999 -9999 -9999 7.927 7.69 7.287 7.601 7.954 7.884 7.597 6.653 6.573 6.115 6.016 6.389 6.996 7.437 7.378 7.28 6.815 6.339 6.915 7.472 7.92 7.919 7.937 7.698 7.819 7.644 7.711 8.087 8.335 8.481 8.438 8.246 8.253 8.096 8.095 8.148 8.073 8.023 8.08 8.003 7.998 7.787 7.742 7.647 7.484 7.524 7.653 7.817 7.898 7.897 7.97 8.09 8.025 8.195 8.243 8.26 8.335 8.309 8.214 8.119 8.218 8.361
-9999 -9999 -9999 -9999 -9999 -9999 -9999 -9999 -9999 -9999 -9999 -9999 9.356 8.755 8.32 7.958 7.375 7.318 7.6 8.026 7.996 7.023 6.893 6.778 6.959 6.214 6.908 7.106 6.791 7.296 7.489 6.275 6.848 7.409 8.168 8.158 7.97 7.521 8.091 7.934 7.877 7.912 8.001 8.347 8.494 8.567 8.427 8.374 8.214 8.1 8.182 8.158 8.165 8.039 7.947 7.661 7.763 7.811 7.78 7.623 7.601 7.7 7.832 7.954 7.932 7.998 8.04 8.155 8.226 8.317 8.268 8.317 8.347 8.27 8.284 8.319 8.382
-9999 -9999 -9999 -9999 -9999 -9999 -9999 -9999 -9999 -9999 8.874 9.008 8.88 8.619 8.409 7.999 7.989 7.813 8.128 7.954 7.08 7.401 7.31 7.293 7.358 6.83 6.682 6.046 6.596 7.0 6.921 7.21 7.586 8.067 7.524 7.757 7.994 8.15 8.23 8.183 8.073 8.095 8.256 8.256 8.503 8.678 8.584 8.486 8.381 8.309 8.29 8.095 8.206 8.206 7.943 7.758 7.611 7.814 7.791 7.647 7.583 7.628 7.742 7.974 8.109 8.158 8.126 8.101 8.256 8.221 8.163 8.257 8.362 8.349 8.331 8.324 8.306
-9999 -9999 -9999 -9999 -9999 -9999 9.03 8.939 8.916 8.894 8.385 8.88 8.622 8.579 8.302 8.06 8.062 8.077 8.064 7.363 7.584 7.812 7.354 7.761 7.483 7.035 6.23 6.446 6.839 7.092 7.025 7.562 7.958 6.984 7.074 7.742 7.815 8.194 8.227 8.282 8.157 7.974 8.203 8.125 8.618 8.681 8.616 8.402 8.293 8.336 7.868 8.037 8.17 8.224 7.967 7.672 7.666 7.77 7.79 7.779 7.701 7.703 7.789 7.989 8.095 8.181 8.214 8.106 8.119 8.185 8.166 8.317 8.459 8.367 8.101 8.074 8.018
-9999 -9999 -9999 -9999 -9999 9.465 9.001 8.936 8.751 7.961 7.662 7.791 8.03 8.244 7.726 7.616 7.764 7.778 7.503 7.84 7.855 7.539 7.929 8.096 7.737 7.159 6.744 6.96 7.147 7.193 7.458 7.729 6.813 5.825 6.902 7.555 8.053 8.015 8.154 8.02 8.085 8.227 8.278 8.494 8.599 8.61 8.617 8.389 8.206 7.907 7.625 7.477 7.961 8.095 7.696 7.562 7.631 7.758 7.842 7.801 7.79 7.784 7.918 7.938 7.997 8.105 8.022 7.955 8.088 8.164 8.199 8.326 8.415 8.256 8.024 7.883 7.921
-9999 -9999 -9999 -9999 9.864 9.183 8.829 8.749 8.354 7.851 7.917 8.121 8.295 7.786 7.666 7.647 8.038 7.629 7.552 7.852 7.859 8.013 8.454 8.081 7.385 7.019 7.226 7.381 7.35 7.85 8.002 7.637 6.264 6.285 6.907 7.985 7.81 7.878 7.825 8.208 8.334 8.25 8.38 8.489 8.594 8.628 8.725 8.562 8.283 7.826 7.428 7.523 7.794 7.867 7.626 7.367 7.567 7.744 7.795 7.86 7.847 7.875 7.91 7.952 7.875 7.959 8.054 7.965 8.042 8.047 7.959 8.16 8.311 8.179 7.98 7.959 7.982
