Validation/Results/ReClimate_10_2024_2_Temperature-Actualsweatherlogisticsltd.asc
NCOLS 192
NROWS 249
XLLCENTER -225160.85627316462
YLLCENTER 29788.11610251431
CELLSIZE 5000.0
NODATA_VALUE -9999
[rows 136 to 169 of 249, columns 77 to 153 of 192]
-9999 -9999 -9999 -9999 -9999 -9999 -9999 -9999 5.582 -9999 4.888 4.495 4.485 4.458 4.607 4.704 4.69 4.553 3.711 3.796 3.731 3.712 4.082 4.09 4.162 4.222 3.854 3.834 -9999 -9999 -9999 -9999 -9999 -9999 4.326 4.491 4.488 4.267 4.171 4.027 3.562 3.328 3.53 3.533 3.527 3.866 3.679 3.626 4.003 4.244 4.461 4.489 4.877 5.054 5.167 5.375 5.8 -9999 -9999 -9999 -9999 -9999 -9999 -9999 -9999 -9999 -9999 -9999 -9999 -9999 -9999 -9999 -9999 -9999 -9999 -9999 -9999
-9999 -9999 -9999 -9999 -9999 -9999 -9999 -9999 5.459 5.359 5.284 5.28 5.022 4.838 4.749 4.762 4.998 4.806 4.481 3.833 3.79 3.826 4.118 4.027 4.033 4.412 4.199 4.698 -9999 -9999 -9999 -9999 4.495 4.23 4.303 4.523 4.599 4.496 4.308 3.689 3.045 3.102 3.298 3.022 3.583 3.493 3.347 3.845 3.792 4.021 4.457 4.539 4.318 4.665 4.972 5.16 5.833 -9999 -9999 -9999 -9999 -9999 -9999 -9999 -9999 -9999 -9999 -9999 -9999 -9999 -9999 -9999 -9999 -9999 -9999 -9999 -9999
6.377 -9999 -9999 -9999 -9999 -9999 -9999 -9999 5.567 5.748 5.606 -9999 -9999 5.303 5.02 4.978 5.036 -9999 5.178 4.891 4.621 4.39 4.386 4.162 4.575 4.922 -9999 -9999 -9999 -9999 -9999 4.947 4.611 4.373 4.39 4.447 4.458 4.444 4.096 3.496 2.644 2.52 2.994 2.789 3.268 2.875 3.141 3.472 3.424 3.933 4.004 4.116 4.214 4.501 4.8 5.027 5.583 -9999 -9999 -9999 -9999 -9999 -9999 -9999 -9999 -9999 -9999 -9999 -9999 -9999 -9999 -9999 -9999 -9999 -9999 -9999 -9999
5.971 -9999 -9999 -9999 -9999 -9999 -9999 -9999 -9999 5.956 6.033 -9999 -9999 -9999 5.567 5.137 5.108 5.325 -9999 -9999 5.226 5.023 4.907 4.66 4.834 -9999 -9999 -9999 -9999 -9999 4.876 4.774 4.508 4.418 4.369 4.304 4.348 4.107 3.909 3.624 2.775 2.615 2.107 2.69 2.334 2.265 2.686 3.038 2.996 3.306 3.828 3.92 3.911 4.35 4.691 4.729 5.072 -9999 -9999 -9999 -9999 -9999 -9999 -9999 -9999 -9999 -9999 -9999 -9999 -9999 -9999 -9999 -9999 -9999 -9999 -9999 -9999
-9999 -9999 -9999 -9999 -9999 -9999 -9999 -9999 -9999 -9999 6.161 -9999 -9999 -9999 -9999 5.531 5.118 5.281 -9999 -9999 -9999 5.466 5.642 -9999 -9999 -9999 -9999 -9999 -9999 -9999 4.898 4.666 4.396 4.153 3.948 4.03 4.097 4.008 4.093 3.782 3.17 2.333 2.276 2.34 1.733 1.964 2.339 2.826 2.749 2.898 3.431 3.834 4.099 4.379 4.555 4.461 4.726 -9999 -9999 -9999 -9999 -9999 -9999 -9999 -9999 -9999 -9999 -9999 -9999 -9999 -9999 -9999 -9999 -9999 -9999 -9999 -9999
-9999 -9999 -9999 -9999 -9999 -9999 -9999 -9999 -9999 -9999 5.995 -9999 -9999 -9999 -9999 -9999 5.608 5.547 -9999 -9999 -9999 -9999 -9999 -9999 -9999 -9999 -9999 -9999 -9999 -9999 4.826 4.26 3.917 3.768 3.65 3.8 3.878 3.917 3.95 3.73 3.308 2.414 1.569 1.195 1.571 2.022 2.923 3.114 3.204 3.413 3.52 3.565 4.021 4.396 4.424 4.262 4.444 5.035 -9999 -9999 -9999 -9999 -9999 -9999 -9999 -9999 -9999 -9999 -9999 -9999 -9999 -9999 -9999 -9999 -9999 -9999 -9999
5.887 6.055 6.484 -9999 -9999 -9999 -9999 -9999 -9999 -9999 6.017 -9999 -9999 -9999 -9999 -9999 -9999 -9999 -9999 -9999 -9999 -9999 -9999 -9999 -9999 -9999 -9999 -9999 -9999 4.952 4.554 4.261 4.247 4.047 3.318 3.709 3.664 3.535 3.779 3.659 3.754 2.567 1.297 0.998 1.845 2.391 2.011 1.971 2.576 3.008 3.799 3.918 3.955 4.121 4.204 4.246 4.306 4.742 5.423 -9999 -9999 -9999 -9999 -9999 -9999 -9999 -9999 -9999 -9999 -9999 -9999 -9999 -9999 -9999 -9999 -9999 -9999
5.721 6.007 6.283 -9999 -9999 -9999 -9999 -9999 -9999 -9999 -9999 -9999 -9999 -9999 -9999 -9999 -9999 -9999 -9999 -9999 -9999 -9999 -9999 -9999 -9999 -9999 -9999 -9999 4.736 4.678 4.431 4.331 4.269 3.959 2.454 2.983 3.735 3.716 3.742 3.991 3.772 3.228 2.068 1.233 1.792 2.022 2.31 2.542 2.482 2.728 3.234 3.945 4.092 4.215 4.228 4.249 4.389 4.798 5.324 -9999 -9999 -9999 -9999 -9999 -9999 -9999 -9999 -9999 -9999 -9999 -9999 -9999 -9999 -9999 -9999 -9999 -9999
5.86 -9999 6.34 6.666 -9999 -9999 -9999 -9999 -9999 -9999 -9999 -9999 -9999 -9999 -9999 -9999 -9999 -9999 -9999 -9999 -9999 -9999 -9999 -9999 -9999 -9999 -9999 -9999 4.661 4.52 4.415 3.576 3.427 3.682 3.876 3.612 3.316 3.559 3.681 3.794 3.981 3.859 3.096 2.616 1.721 2.258 2.621 2.81 2.925 3.197 3.51 3.833 3.958 4.19 4.244 4.316 4.414 4.791 5.318 5.689 5.813 -9999 -9999 -9999 -9999 -9999 -9999 -9999 -9999 -9999 -9999 -9999 -9999 -9999 -9999 -9999 -9999
5.887 -9999 -9999 6.623 -9999 -9999 -9999 -9999 -9999 -9999 -9999 -9999 -9999 -9999 -9999 -9999 -9999 -9999 -9999 -9999 -9999 -9999 -9999 -9999 -9999 -9999 -9999 -9999 4.863 4.602 3.951 3.127 4.211 4.225 3.492 3.045 3.539 3.449 3.211 3.906 3.788 4.099 4.155 3.377 2.855 2.495 2.733 2.973 3.393 3.641 3.979 4.206 4.359 4.331 4.451 4.356 4.497 4.739 5.066 4.947 5.038 5.079 5.396 4.965 -9999 -9999 -9999 -9999 -9999 -9999 -9999 -9999 -9999 -9999 -9999 -9999 -9999
5.866 6.219 -9999 6.663 -9999 -9999 -9999 -9999 -9999 -9999 -9999 -9999 -9999 -9999 -9999 -9999 -9999 -9999 -9999 -9999 -9999 -9999 -9999 -9999 -9999 -9999 -9999 5.693 4.911 4.387 3.346 2.801 2.726 3.374 3.581 3.509 3.216 2.76 3.613 3.046 3.583 3.934 4.086 3.898 3.66 3.227 2.725 2.973 3.415 3.794 4.068 4.303 4.443 4.578 4.566 4.561 4.624 4.789 4.889 4.769 4.063 3.998 4.09 4.272 4.804 4.605 -9999 -9999 -9999 -9999 -9999 -9999 -9999 -9999 -9999 -9999 -9999
5.941 -9999 6.378 -9999 -9999 -9999 -9999 -9999 -9999 -9999 -9999 -9999 -9999 -9999 -9999 -9999 -9999 -9999 -9999 -9999 -9999 -9999 -9999 -9999 -9999 -9999 -9999 -9999 5.487 4.553 3.257 2.961 3.376 2.253 2.85 3.443 2.988 3.42 2.516 2.778 3.486 3.776 3.736 3.795 3.5 2.124 2.41 2.577 2.624 2.993 3.732 4.027 4.261 4.498 4.602 4.622 4.713 4.899 4.983 4.824 4.231 3.872 4.01 4.043 4.09 4.42 4.518 -9999 -9999 -9999 -9999 -9999 -9999 -9999 -9999 -9999 -9999
6.015 6.09 6.314 -9999 -9999 -9999 -9999 -9999 -9999 -9999 -9999 -9999 -9999 -9999 -9999 -9999 -9999 -9999 -9999 -9999 -9999 -9999 -9999 -9999 -9999 -9999 -9999 -9999 -9999 5.164 4.423 4.367 3.364 3.425 3.574 4.086 4.25 3.111 3.085 3.422 3.557 3.286 3.302 3.57 2.756 2.454 2.306 1.899 2.313 2.923 3.199 3.791 4.108 4.431 4.576 4.609 4.729 4.903 4.398 4.171 3.631 3.07 3.277 3.561 4.009 4.021 4.339 4.912 -9999 -9999 -9999 -9999 -9999 -9999 -9999 -9999 -9999
6.233 6.15 -9999 -9999 -9999 -9999 -9999 -9999 -9999 -9999 -9999 -9999 -9999 -9999 -9999 -9999 -9999 -9999 -9999 -9999 -9999 -9999 -9999 -9999 -9999 -9999 -9999 -9999 -9999 5.777 5.17 4.665 4.182 3.698 3.129 4.18 3.727 3.879 4.064 4.029 3.782 3.347 2.549 3.359 2.759 2.19 2.515 3.168 3.33 3.3 3.457 3.66 4.19 4.501 4.574 4.587 4.519 4.3 4.06 3.692 3.758 3.52 3.4 3.335 3.505 3.816 3.993 4.597 5.497 -9999 -9999 -9999 -9999 -9999 -9999 -9999 -9999
6.361 6.644 -9999 -9999 -9999 -9999 -9999 -9999 -9999 -9999 -9999 -9999 -9999 -9999 -9999 -9999 -9999 -9999 -9999 -9999 -9999 -9999 -9999 -9999 -9999 -9999 -9999 -9999 -9999 -9999 4.958 4.303 4.108 3.535 4.106 3.952 4.28 4.374 4.341 4.179 3.939 3.476 3.589 2.54 2.871 3.007 2.867 3.179 3.263 3.165 3.751 3.886 4.271 4.477 4.603 4.589 4.361 4.086 3.958 3.814 3.669 3.645 3.616 3.535 3.572 3.754 4.115 4.424 5.182 -9999 -9999 -9999 -9999 -9999 -9999 -9999 -9999
-9999 -9999 -9999 -9999 -9999 -9999 -9999 -9999 -9999 -9999 -9999 -9999 -9999 -9999 -9999 -9999 -9999 -9999 -9999 -9999 -9999 -9999 -9999 -9999 -9999 -9999 -9999 -9999 -9999 -9999 5.68 4.087 4.262 4.724 4.324 4.521 4.476 4.621 4.47 4.026 4.047 4.086 2.565 3.163 2.999 2.912 2.722 3.353 3.442 3.603 3.709 4.04 4.198 4.483 4.609 4.601 4.434 3.913 3.636 3.794 3.94 3.902 3.867 3.714 3.708 3.801 4.028 4.517 4.766 5.547 -9999 -9999 -9999 -9999 -9999 -9999 -9999
-9999 -9999 -9999 -9999 -9999 -9999 -9999 -9999 -9999 -9999 -9999 -9999 -9999 -9999 -9999 -9999 -9999 -9999 -9999 -9999 -9999 -9999 -9999 -9999 -9999 -9999 -9999 -9999 -9999 -9999 -9999 5.183 5.201 4.774 4.495 4.638 4.565 4.781 4.567 4.277 4.381 3.738 2.957 2.635 2.709 2.388 2.71 2.695 2.954 3.382 3.397 3.708 4.125 4.431 4.568 4.438 4.295 4.208 3.598 3.63 4.166 4.449 4.307 4.214 4.158 4.315 4.503 4.747 5.004 5.196 -9999 -9999 -9999 -9999 -9999 -9999 -9999
-9999 -9999 -9999 -9999 -9999 -9999 -9999 -9999 -9999 -9999 -9999 -9999 -9999 -9999 -9999 -9999 -9999 -9999 -9999 -9999 -9999 -9999 -9999 -9999 -9999 -9999 -9999 -9999 -9999 -9999 -9999 5.73 -9999 4.675 4.825 4.767 4.866 -9999 4.876 4.555 4.454 3.83 2.898 2.907 2.915 2.508 2.713 2.652 2.146 2.835 3.134 3.362 3.696 4.226 4.44 4.362 4.241 4.266 4.338 4.188 4.483 4.682 4.566 4.434 4.42 4.505 4.686 4.796 4.561 4.552 4.891 -9999 -9999 -9999 -9999 -9999 -9999
-9999 -9999 -9999 -9999 -9999 -9999 -9999 -9999 -9999 -9999 -9999 -9999 -9999 -9999 -9999 -9999 -9999 -9999 -9999 -9999 -9999 -9999 -9999 -9999 -9999 -9999 -9999 -9999 -9999 -9999 -9999 -9999 5.568 4.977 -9999 -9999 -9999 -9999 5.148 4.836 4.754 4.244 3.838 3.079 2.977 2.811 2.657 3.268 2.941 2.454 3.093 3.272 3.723 4.086 4.382 4.445 4.432 4.443 4.507 4.53 4.454 4.571 4.464 4.413 4.527 4.536 4.413 4.452 4.579 4.468 4.548 4.88 5.455 -9999 -9999 -9999 -9999
-9999 -9999 -9999 -9999 -9999 -9999 -9999 -9999 -9999 -9999 -9999 -9999 -9999 -9999 -9999 -9999 -9999 -9999 -9999 -9999 -9999 -9999 -9999 -9999 -9999 -9999 -9999 -9999 -9999 -9999 -9999 -9999 5.846 5.525 -9999 -9999 -9999 -9999 5.299 4.762 4.857 4.503 3.857 3.96 3.825 3.157 3.068 3.222 3.373 2.553 3.028 3.291 3.573 4.008 4.419 4.539 4.56 4.598 4.604 4.617 4.567 4.486 4.481 4.489 4.537 4.461 4.29 4.147 4.199 4.343 4.615 4.955 5.458 -9999 -9999 -9999 -9999
-9999 -9999 -9999 -9999 -9999 -9999 -9999 -9999 -9999 -9999 -9999 -9999 -9999 -9999 -9999 -9999 -9999 -9999 -9999 -9999 -9999 -9999 -9999 -9999 -9999 -9999 -9999 -9999 -9999 -9999 -9999 -9999 5.908 -9999 -9999 -9999 -9999 5.549 5.174 4.75 4.096 3.806 3.808 3.808 3.893 3.46 3.065 3.531 3.533 3.463 3.068 3.491 3.759 4.159 4.478 4.673 4.601 4.622 4.673 4.703 4.704 4.666 4.681 4.543 4.226 4.237 4.244 4.306 4.365 4.482 4.72 5.112 -9999 -9999 -9999 -9999 -9999
-9999 -9999 -9999 -9999 -9999 -9999 -9999 -9999 -9999 -9999 -9999 -9999 -9999 -9999 -9999 -9999 -9999 -9999 -9999 -9999 -9999 -9999 -9999 -9999 -9999 -9999 -9999 -9999 -9999 -9999 -9999 -9999 -9999 -9999 -9999 -9999 -9999 5.582 4.994 4.048 3.277 3.014 3.441 3.95 3.915 4.034 3.921 4.029 3.893 3.732 3.542 3.576 3.955 4.272 4.522 4.725 4.697 4.661 4.734 4.787 4.792 4.757 4.737 4.703 4.153 3.851 4.297 4.489 4.675 4.726 4.889 5.145 -9999 -9999 -9999 -9999 -9999
-9999 -9999 -9999 -9999 -9999 -9999 -9999 -9999 -9999 -9999 -9999 -9999 -9999 -9999 -9999 -9999 -9999 -9999 -9999 -9999 -9999 -9999 -9999 -9999 -9999 -9999 -9999 -9999 -9999 -9999 -9999 -9999 -9999 -9999 -9999 -9999 -9999 5.432 4.919 4.185 3.437 3.438 3.872 3.994 4.279 4.261 4.235 4.272 4.216 4.362 3.967 3.951 4.014 4.249 4.484 4.712 4.839 4.777 4.807 4.841 4.856 4.839 4.801 4.808 4.551 4.1 4.288 4.647 4.837 4.938 5.005 5.161 -9999 -9999 -9999 -9999 -9999
-9999 -9999 -9999 -9999 -9999 -9999 -9999 -9999 -9999 -9999 -9999 -9999 -9999 -9999 -9999 -9999 -9999 -9999 -9999 -9999 -9999 -9999 -9999 -9999 -9999 -9999 -9999 -9999 -9999 -9999 -9999 -9999 -9999 -9999 -9999 -9999 5.594 5.29 4.848 4.02 3.513 3.33 3.88 3.924 4.582 4.35 4.385 4.187 4.153 4.034 4.596 4.555 4.673 4.613 4.778 4.707 4.813 4.867 4.82 4.857 4.903 4.904 4.913 4.91 4.853 4.503 4.462 4.747 4.987 5.081 5.097 5.192 5.408 -9999 -9999 -9999 -9999
-9999 -9999 -9999 -9999 -9999 -9999 -9999 -9999 -9999 -9999 -9999 -9999 -9999 -9999 -9999 -9999 -9999 -9999 -9999 -9999 -9999 -9999 -9999 -9999 -9999 -9999 -9999 -9999 -9999 -9999 -9999 -9999 -9999 -9999 -9999 -9999 5.384 5.259 4.982 4.524 3.906 4.486 4.388 4.821 4.361 4.014 4.14 3.996 4.067 4.378 4.201 4.595 4.622 4.616 4.655 4.792 4.796 4.903 4.945 4.927 4.952 5.0 5.032 5.057 4.996 4.879 4.625 4.768 5.049 5.176 5.169 5.201 5.414 -9999 -9999 -9999 -9999
-9999 -9999 -9999 -9999 -9999 -9999 -9999 -9999 -9999 -9999 -9999 -9999 -9999 -9999 -9999 -9999 -9999 -9999 -9999 -9999 -9999 -9999 -9999 -9999 -9999 -9999 -9999 -9999 -9999 -9999 -9999 -9999 -9999 -9999 -9999 5.515 5.253 5.241 5.275 4.861 4.815 4.774 4.957 4.84 4.305 4.251 4.149 4.012 4.045 4.2 4.856 4.64 4.995 4.974 4.881 4.736 4.818 4.882 4.97 4.967 4.957 5.03 5.095 5.114 5.055 4.961 4.805 4.676 4.95 5.239 5.301 5.22 5.292 5.53 -9999 -9999 -9999
-9999 -9999 -9999 -9999 -9999 -9999 -9999 -9999 -9999 -9999 -9999 -9999 -9999 -9999 -9999 -9999 -9999 -9999 -9999 -9999 -9999 -9999 -9999 -9999 -9999 -9999 -9999 -9999 -9999 -9999 -9999 -9999 -9999 -9999 -9999 5.307 5.212 5.269 5.288 5.182 5.062 5.048 4.869 4.622 4.704 4.491 4.044 3.324 3.519 3.783 4.378 4.907 4.902 5.239 5.339 5.121 4.862 4.932 5.004 5.022 5.008 5.07 5.144 5.17 5.149 5.101 4.949 4.806 5.034 5.417 5.541 5.459 5.305 5.362 -9999 -9999 -9999
-9999 -9999 -9999 -9999 -9999 -9999 -9999 -9999 -9999 -9999 -9999 -9999 -9999 -9999 -9999 -9999 -9999 -9999 -9999 -9999 -9999 -9999 -9999 -9999 -9999 -9999 -9999 -9999 -9999 -9999 -9999 -9999 -9999 -9999 -9999 5.398 5.283 5.319 5.418 5.375 5.246 4.96 4.732 4.627 4.317 3.844 3.294 3.308 3.554 3.78 4.252 4.792 4.867 4.938 5.272 5.415 5.288 5.157 5.17 5.136 5.084 5.128 5.171 5.191 5.193 5.173 5.189 5.108 5.239 5.591 5.727 5.632 5.428 5.277 5.35 -9999 -9999
-9999 -9999 -9999 -9999 -9999 -9999 -9999 -9999 -9999 -9999 -9999 -9999 -9999 -9999 -9999 -9999 -9999 -9999 -9999 -9999 -9999 -9999 -9999 -9999 -9999 -9999 -9999 -9999 -9999 -9999 -9999 -9999 -9999 -9999 -9999 -9999 5.315 5.334 5.42 5.361 4.963 4.575 4.375 4.243 4.178 3.982 3.612 3.784 3.808 4.2 4.867 5.063 5.154 4.982 5.22 5.402 5.335 5.292 5.315 5.255 5.19 5.205 5.227 5.216 5.185 5.173 5.162 5.258 5.346 -9999 5.697 -9999 5.483 5.38 5.342 5.702 -9999
-9999 -9999 -9999 -9999 -9999 -9999 -9999 -9999 -9999 -9999 -9999 -9999 -9999 -9999 -9999 -9999 -9999 -9999 -9999 -9999 -9999 -9999 -9999 -9999 -9999 -9999 -9999 -9999 -9999 -9999 -9999 -9999 -9999 -9999 -9999 5.595 5.387 5.351 5.404 5.225 4.702 4.08 4.013 4.161 3.834 3.8 3.97 3.726 3.494 3.874 4.469 5.253 5.16 5.174 5.359 5.387 5.294 5.317 5.305 5.302 5.254 5.244 5.236 5.21 5.155 4.988 5.028 5.155 5.108 5.183 5.405 5.479 -9999 5.526 5.548 5.54 5.857
-9999 -9999 -9999 -9999 -9999 -9999 -9999 -9999 -9999 -9999 -9999 -9999 -9999 -9999 -9999 -9999 -9999 -9999 -9999 -9999 -9999 -9999 -9999 -9999 -9999 -9999 -9999 -9999 -9999 -9999 -9999 -9999 -9999 -9999 -9999 5.667 5.467 5.464 5.354 5.013 4.711 4.345 4.166 4.391 4.351 4.438 4.545 4.054 3.696 3.989 4.495 4.821 4.844 4.919 5.12 5.226 5.127 5.154 5.267 5.3 5.329 5.298 5.254 5.199 5.148 5.09 4.913 5.02 5.029 4.855 5.019 5.268 5.44 -9999 -9999 -9999 -9999
-9999 -9999 -9999 -9999 -9999 -9999 -9999 -9999 -9999 -9999 -9999 -9999 -9999 -9999 -9999 -9999 -9999 -9999 -9999 -9999 -9999 -9999 -9999 -9999 -9999 -9999 -9999 -9999 -9999 -9999 -9999 -9999 -9999 -9999 5.868 5.744 5.56 5.358 5.192 5.159 5.027 4.629 4.835 4.917 4.977 5.065 4.887 4.281 3.565 3.471 4.017 4.401 4.321 4.66 5.07 5.157 5.235 5.165 5.243 5.319 5.352 5.32 5.267 5.2 5.17 5.137 5.052 4.941 4.944 4.759 4.733 4.968 5.241 5.435 5.547 -9999 -9999
-9999 -9999 -9999 -9999 -9999 -9999 -9999 -9999 -9999 -9999 -9999 -9999 -9999 -9999 -9999 -9999 -9999 -9999 -9999 -9999 -9999 -9999 -9999 -9999 -9999 -9999 -9999 -9999 -9999 -9999 -9999 -9999 -9999 -9999 5.921 5.675 5.607 5.452 5.227 5.039 5.214 5.189 5.244 5.291 5.377 5.427 5.19 4.667 4.121 3.338 3.122 3.815 3.953 4.279 4.854 4.997 5.34 5.443 5.282 5.309 5.358 5.339 5.288 5.228 5.199 5.192 5.082 5.004 4.98 4.948 4.612 4.751 5.007 5.234 5.433 5.644 -9999
-9999 -9999 -9999 -9999 -9999 -9999 -9999 -9999 -9999 -9999 -9999 -9999 -9999 -9999 -9999 -9999 -9999 -9999 -9999 -9999 -9999 -9999 -9999 -9999 -9999 -9999 -9999 -9999 -9999 -9999 -9999 -9999 -9999 -9999 -9999 5.767 5.664 5.544 5.273 5.329 5.325 5.37 5.454 5.556 5.776 5.798 5.524 5.087 4.392 3.647 2.949 2.828 3.479 4.012 4.575 5.052 5.131 5.376 5.288 5.23 5.3 5.305 5.277 5.226 5.192 5.152 5.069 5.015 5.032 4.988 4.805 4.69 4.88 5.019 5.225 5.463 5.645
