Validation/Results/ReClimate_11_2023_2_Precipitation-Actualsweatherlogisticsltd.asc
NCOLS 192
NROWS 249
XLLCENTER -225160.85627316462
YLLCENTER 29788.11610251502
CELLSIZE 5000.0
NODATA_VALUE -9999
[rows 198 to 230 of 249, columns 74 to 147 of 192]
-9999 -9999 -9999 -9999 -9999 -9999 -9999 -9999 -9999 -9999 -9999 -9999 -9999 -9999 -9999 -9999 -9999 -9999 163.465 164.34 162.564 172.582 158.532 179.84 189.602 213.83 232.769 256.131 258.488 235.476 196.331 149.502 141.816 135.785 143.14 151.043 127.877 111.593 93.802 87.304 84.459 84.886 80.058 83.956 82.916 80.135 75.317 71.652 68.213 66.238 63.667 65.344 64.601 60.183 58.793 58.358 59.29 61.528 59.81 65.107 67.476 67.141 70.073 69.927 70.126 68.011 65.652 68.227 66.503 63.429 65.505 59.967 57.032 56.872
-9999 -9999 -9999 -9999 -9999 -9999 -9999 -9999 -9999 -9999 -9999 -9999 -9999 -9999 -9999 108.327 140.334 154.761 155.424 171.337 174.379 183.341 183.716 169.501 203.406 221.422 238.467 228.279 240.23 214.911 190.377 175.223 150.437 137.793 158.676 129.258 111.204 93.356 85.982 85.92 95.006 78.263 79.164 76.808 79.095 80.901 75.84 79.943 70.712 65.875 60.386 61.489 63.794 58.222 54.436 57.668 62.252 64.645 70.039 67.255 67.304 67.945 67.8 71.243 71.917 68.336 63.918 65.789 66.864 64.463 60.872 59.448 55.683 56.497
-9999 -9999 -9999 -9999 -9999 -9999 -9999 -9999 -9999 -9999 -9999 -9999 -9999 146.236 135.644 145.708 153.439 157.91 174.56 177.851 192.779 194.133 186.514 210.364 200.739 221.662 223.215 211.306 216.87 218.035 214.256 181.596 161.173 151.989 126.946 109.881 101.974 117.852 99.183 89.288 80.347 74.417 73.967 74.521 76.077 78.074 80.99 74.482 70.559 64.836 59.302 61.511 63.073 59.646 63.921 63.665 63.028 64.556 65.671 71.986 70.805 69.905 73.464 74.449 76.354 73.858 66.784 64.256 64.188 64.302 62.206 57.896 58.918 57.633
-9999 -9999 -9999 -9999 -9999 -9999 -9999 -9999 -9999 150.12 161.588 156.602 151.616 172.186 166.066 175.05 173.961 180.138 190.264 200.345 209.593 216.808 240.835 229.91 213.351 218.348 201.922 198.919 205.643 218.843 199.481 179.043 157.759 147.934 124.473 106.225 130.801 125.976 104.983 100.051 81.979 78.733 77.31 76.106 84.74 75.025 80.791 73.105 67.559 63.72 63.95 66.337 67.428 72.192 69.625 72.444 68.946 68.322 66.461 69.588 74.238 75.248 73.604 74.904 74.64 73.121 68.309 65.877 64.217 63.437 63.92 61.672 58.879 58.097
-9999 -9999 -9999 -9999 -9999 -9999 -9999 -9999 129.541 156.25 161.967 175.69 210.039 212.084 216.151 202.81 201.81 212.341 215.517 215.804 221.486 234.436 233.984 224.598 216.247 196.054 187.342 188.343 208.379 208.531 190.374 173.824 161.192 138.746 136.994 155.925 185.632 146.006 125.36 98.073 89.962 82.912 87.326 84.842 76.374 76.963 74.782 70.736 67.132 64.314 67.306 69.99 78.699 82.85 83.911 77.693 72.831 78.664 78.699 75.455 78.479 77.142 76.523 74.977 71.957 68.99 66.692 67.287 67.014 69.453 74.074 66.93 63.947 61.366
-9999 -9999 -9999 -9999 -9999 -9999 -9999 116.268 136.838 158.047 170.138 190.376 208.303 214.84 205.851 204.154 213.223 211.361 209.132 204.248 219.041 227.796 220.615 206.998 189.011 174.264 190.149 218.358 222.103 223.639 201.513 182.714 158.067 161.515 146.373 190.594 181.116 167.993 129.706 117.192 103.631 96.607 89.339 83.655 80.089 78.278 78.109 72.278 68.659 67.161 63.645 58.831 81.18 93.146 87.923 84.439 84.754 83.71 85.564 82.817 80.157 79.175 75.35 73.527 72.074 68.195 67.902 69.745 71.123 68.541 69.018 66.986 66.202 72.14
-9999 -9999 -9999 -9999 -9999 109.411 -9999 118.914 132.183 145.714 159.468 167.545 186.258 188.682 184.66 190.069 189.964 191.567 182.622 189.369 194.763 196.138 188.787 189.4 186.94 206.22 242.681 291.346 324.702 277.054 257.507 237.406 235.099 205.399 174.929 179.081 201.469 155.908 131.001 130.324 118.268 101.638 84.938 84.079 90.406 88.235 82.678 72.679 66.466 67.745 67.207 78.415 94.799 95.199 92.227 86.061 83.105 84.647 84.499 82.104 78.48 74.764 71.842 72.009 68.127 67.624 68.718 69.936 71.159 68.738 68.498 69.369 69.367 73.46
-9999 -9999 -9999 -9999 -9999 -9999 -9999 -9999 -9999 146.288 143.984 157.912 168.594 166.62 172.942 183.311 184.568 179.053 174.789 175.384 177.913 183.824 192.432 206.309 208.438 239.048 282.251 323.973 321.326 314.015 290.969 304.005 299.763 224.416 209.94 200.688 155.674 146.601 144.044 118.598 115.454 104.406 99.925 102.613 107.473 97.271 84.836 72.609 70.147 74.613 86.8 106.127 107.921 105.021 94.72 88.008 86.098 89.951 83.355 78.026 73.145 70.37 67.701 66.122 69.493 66.416 67.069 67.91 70.095 72.869 75.407 79.968 79.649 75.224
-9999 -9999 -9999 -9999 -9999 -9999 -9999 -9999 -9999 138.33 142.812 152.661 157.661 168.233 181.391 187.807 179.787 171.294 168.88 165.365 176.5 190.314 197.649 202.778 208.356 230.77 253.006 272.715 274.909 270.792 278.391 298.017 260.062 244.533 218.494 181.547 185.955 188.795 140.78 124.757 122.509 120.052 115.623 123.995 113.559 102.0 83.777 74.648 75.982 96.528 104.386 107.833 106.054 104.027 99.546 94.083 85.805 84.048 82.707 76.015 71.735 69.383 66.975 66.494 67.384 69.724 69.574 67.949 71.444 76.726 84.04 83.693 83.765 83.374
-9999 -9999 -9999 -9999 -9999 -9999 -9999 116.561 126.023 133.465 136.4 -9999 154.634 162.858 167.415 160.035 155.238 151.577 -9999 153.275 165.576 178.461 201.709 200.17 223.499 230.522 252.124 262.953 251.648 238.806 270.056 254.062 229.575 221.735 218.847 203.594 204.603 195.221 148.715 137.849 118.203 118.357 128.34 127.363 121.985 99.956 86.102 79.902 90.889 94.503 103.21 100.97 105.392 96.498 91.511 90.101 83.51 76.017 72.855 71.339 75.275 71.345 67.871 66.912 66.483 66.01 70.631 73.145 75.9 83.869 88.63 90.991 85.939 84.546
-9999 -9999 -9999 -9999 -9999 -9999 -9999 117.716 -9999 -9999 -9999 142.523 148.629 150.884 -9999 -9999 -9999 -9999 -9999 144.803 154.335 174.586 173.648 191.71 202.994 211.576 230.111 235.482 239.092 312.332 324.279 271.15 241.016 226.968 227.019 215.568 208.821 171.193 158.065 134.882 121.908 127.274 122.379 122.611 99.674 87.156 88.988 90.322 99.244 97.674 103.21 97.678 94.423 90.76 85.223 80.657 76.871 72.45 70.414 68.426 71.069 72.659 68.706 67.766 67.253 68.737 74.22 83.295 88.925 92.021 95.279 94.057 87.619 82.502
-9999 -9999 -9999 -9999 -9999 -9999 -9999 -9999 -9999 127.105 134.443 138.953 138.819 140.063 -9999 -9999 -9999 -9999 -9999 -9999 -9999 -9999 162.894 179.573 181.472 183.191 195.61 217.764 283.97 341.084 354.385 320.805 267.716 237.312 222.18 201.761 205.276 198.222 158.335 137.624 143.946 134.321 127.866 102.545 91.014 91.578 92.387 103.603 100.193 102.498 100.491 93.353 87.55 82.976 78.918 75.983 71.075 71.843 68.686 65.679 64.355 67.15 67.651 69.4 71.019 72.693 80.248 85.718 95.06 99.469 96.195 91.714 87.162 80.068
-9999 -9999 -9999 -9999 -9999 -9999 -9999 -9999 -9999 -9999 132.345 -9999 -9999 -9999 -9999 -9999 -9999 -9999 -9999 -9999 144.179 151.855 163.684 165.245 158.1 161.513 174.294 212.62 267.497 323.785 331.706 298.521 255.426 234.301 217.948 200.855 200.827 169.683 138.679 133.114 137.452 131.649 114.947 -9999 95.444 94.992 98.442 109.796 104.311 99.954 94.983 88.797 84.595 79.603 79.244 76.375 71.632 68.355 67.39 64.631 64.984 66.474 68.099 69.187 74.578 85.269 88.145 96.083 93.794 94.094 91.768 86.986 75.445 76.933
-9999 -9999 -9999 -9999 -9999 -9999 -9999 -9999 -9999 -9999 -9999 -9999 -9999 -9999 -9999 -9999 -9999 -9999 -9999 -9999 139.483 146.279 145.731 137.98 -9999 -9999 -9999 180.329 232.404 256.118 264.593 241.225 227.506 227.545 208.514 185.411 169.667 148.137 128.918 122.558 119.646 112.528 -9999 92.939 93.246 95.84 103.399 105.445 99.476 98.804 92.946 85.97 84.12 80.481 79.304 78.812 72.862 74.138 78.498 77.167 73.935 71.662 70.947 72.903 75.874 81.087 91.28 91.054 88.78 87.191 84.37 80.737 75.508 71.45
-9999 -9999 -9999 -9999 -9999 -9999 -9999 -9999 -9999 -9999 -9999 -9999 -9999 -9999 -9999 -9999 -9999 -9999 -9999 -9999 -9999 -9999 -9999 -9999 -9999 -9999 -9999 135.423 165.855 196.877 192.49 187.002 192.509 190.395 177.016 159.629 144.892 130.511 116.041 112.438 -9999 -9999 92.404 90.052 95.907 96.514 100.135 104.753 102.19 101.501 91.406 82.213 84.809 83.898 83.964 90.631 92.383 90.634 89.32 93.552 87.008 80.288 81.442 80.009 82.601 86.146 86.159 86.455 81.813 76.737 77.739 76.918 75.59 73.08
-9999 -9999 -9999 -9999 -9999 -9999 -9999 -9999 -9999 -9999 -9999 -9999 -9999 -9999 -9999 -9999 -9999 -9999 -9999 -9999 -9999 -9999 -9999 -9999 -9999 -9999 -9999 121.911 138.424 148.053 153.609 162.578 161.26 158.768 154.225 143.141 128.77 -9999 -9999 -9999 -9999 -9999 90.317 94.594 98.852 98.391 102.873 107.304 104.607 98.482 88.069 81.339 81.968 90.548 93.065 101.373 103.338 102.311 99.364 95.904 94.678 84.46 83.095 81.678 81.626 86.271 81.9 78.492 73.779 73.255 72.632 72.471 71.852 72.272
-9999 -9999 -9999 -9999 -9999 -9999 -9999 -9999 -9999 -9999 -9999 -9999 -9999 -9999 -9999 -9999 -9999 -9999 -9999 -9999 -9999 -9999 -9999 -9999 -9999 -9999 -9999 -9999 -9999 132.747 146.871 145.507 140.411 141.847 137.855 125.234 -9999 -9999 -9999 -9999 105.04 103.59 104.094 102.043 105.14 96.593 107.631 108.496 104.391 95.143 87.828 87.55 91.84 99.961 102.908 103.307 106.901 102.741 97.335 89.688 90.388 88.782 81.787 81.392 77.628 78.656 77.415 74.187 73.096 74.013 78.003 75.296 72.17 70.847
-9999 -9999 -9999 -9999 -9999 -9999 -9999 -9999 -9999 -9999 -9999 -9999 -9999 -9999 -9999 -9999 -9999 -9999 -9999 -9999 -9999 -9999 -9999 -9999 -9999 -9999 -9999 -9999 -9999 -9999 127.341 124.583 129.93 117.77 115.874 -9999 -9999 -9999 -9999 107.424 104.303 107.825 107.69 108.509 101.568 98.488 101.314 100.186 103.003 94.29 90.273 96.322 98.505 100.227 106.489 104.016 103.303 99.844 98.469 92.111 88.893 87.159 86.466 81.989 79.594 74.388 75.432 75.596 77.154 79.121 81.203 79.53 73.443 72.406
-9999 -9999 -9999 -9999 -9999 -9999 -9999 -9999 -9999 -9999 -9999 -9999 -9999 -9999 -9999 -9999 -9999 -9999 -9999 -9999 -9999 -9999 -9999 -9999 -9999 -9999 -9999 -9999 -9999 -9999 -9999 -9999 -9999 -9999 -9999 -9999 -9999 -9999 104.874 105.144 105.078 106.463 108.963 112.092 103.458 101.792 98.21 100.139 98.61 87.478 86.878 89.279 94.176 97.73 98.85 104.47 106.795 105.715 108.221 107.566 100.162 96.363 93.009 88.603 82.881 81.01 78.335 80.096 81.497 83.467 81.283 78.611 75.62 74.153
-9999 -9999 -9999 -9999 -9999 -9999 -9999 -9999 -9999 -9999 -9999 -9999 -9999 -9999 -9999 -9999 -9999 -9999 -9999 -9999 -9999 -9999 -9999 -9999 -9999 -9999 -9999 -9999 -9999 -9999 -9999 -9999 -9999 -9999 -9999 -9999 -9999 96.754 100.055 105.862 111.952 139.569 134.141 118.069 113.729 108.367 105.334 103.937 91.001 83.569 83.939 88.396 94.997 96.529 101.976 106.845 115.112 114.941 111.28 118.737 112.067 105.401 100.819 94.43 87.745 82.945 81.977 83.162 84.502 85.629 84.011 79.353 77.789 78.849
-9999 -9999 -9999 -9999 -9999 -9999 -9999 -9999 -9999 -9999 -9999 -9999 -9999 -9999 -9999 -9999 -9999 -9999 -9999 -9999 -9999 -9999 -9999 -9999 -9999 -9999 -9999 -9999 -9999 -9999 -9999 -9999 -9999 -9999 -9999 -9999 -9999 95.3 92.561 94.997 115.531 125.337 131.102 141.02 132.539 127.53 121.902 103.721 94.809 92.623 100.971 103.034 104.789 99.64 96.801 100.915 106.248 115.119 113.202 111.928 112.611 104.099 103.557 98.827 93.169 90.374 88.631 89.983 89.942 91.577 88.921 84.89 87.676 95.604
-9999 -9999 -9999 -9999 -9999 -9999 -9999 -9999 -9999 -9999 -9999 -9999 -9999 -9999 -9999 -9999 -9999 -9999 -9999 -9999 -9999 -9999 -9999 -9999 178.419 197.648 229.559 218.09 -9999 178.876 -9999 -9999 -9999 -9999 -9999 -9999 -9999 -9999 86.752 88.522 97.885 106.228 121.205 132.715 135.75 133.826 117.584 108.49 103.144 111.357 111.796 101.38 102.961 99.929 93.223 97.047 99.161 103.046 103.913 105.892 102.721 104.55 104.651 110.3 108.619 102.114 99.748 100.558 97.196 95.351 96.537 93.412 96.283 103.957
-9999 -9999 -9999 -9999 -9999 -9999 -9999 -9999 -9999 -9999 -9999 -9999 -9999 -9999 -9999 -9999 -9999 -9999 -9999 -9999 -9999 146.994 154.286 160.415 182.573 225.168 242.185 236.507 229.406 187.525 154.608 131.404 -9999 -9999 110.087 102.427 94.556 89.002 85.877 85.315 89.687 96.327 105.542 110.529 123.289 124.185 119.067 111.578 122.745 120.797 110.616 109.531 101.44 99.451 94.552 94.539 101.186 102.563 103.664 98.503 101.84 103.621 109.543 108.914 115.916 115.768 107.429 104.633 101.969 102.665 104.192 101.88 114.996 115.116
-9999 -9999 -9999 -9999 -9999 -9999 -9999 -9999 -9999 -9999 -9999 -9999 -9999 -9999 -9999 -9999 -9999 -9999 -9999 -9999 152.918 148.433 150.773 152.932 184.541 226.15 249.409 258.33 233.519 203.845 175.717 144.477 122.928 126.878 120.244 120.93 101.345 91.231 82.226 83.642 85.874 90.555 94.055 106.197 111.246 113.028 111.096 128.062 122.662 123.763 119.784 112.316 112.09 104.902 99.434 96.223 100.059 106.208 105.342 111.764 104.348 103.813 108.35 115.659 119.584 120.048 116.772 112.341 116.254 113.944 122.411 114.938 108.664 118.284
-9999 -9999 -9999 -9999 -9999 -9999 -9999 -9999 -9999 -9999 -9999 -9999 -9999 -9999 -9999 -9999 -9999 -9999 -9999 -9999 154.458 142.161 129.77 140.204 168.015 201.582 221.349 228.432 215.326 194.848 172.934 163.426 156.004 138.741 128.364 109.819 100.422 91.292 82.589 79.729 79.307 84.248 86.202 92.746 95.365 103.166 115.292 115.0 118.233 128.654 128.186 113.387 113.249 113.447 107.314 104.388 105.477 107.08 106.82 106.311 111.667 107.253 109.272 114.877 124.128 127.019 121.838 122.131 124.109 122.835 117.667 115.172 103.491 102.22
-9999 -9999 -9999 -9999 -9999 -9999 -9999 -9999 -9999 -9999 -9999 -9999 -9999 -9999 -9999 -9999 -9999 -9999 -9999 -9999 144.127 129.411 129.166 133.258 153.607 161.168 176.176 183.17 184.567 180.017 180.577 167.688 161.078 142.248 115.987 104.18 98.03 91.313 82.456 79.618 87.719 83.341 83.588 82.38 91.707 104.545 107.8 109.45 110.876 119.276 115.445 117.69 119.716 114.801 108.599 105.277 106.98 110.058 112.915 109.941 109.899 117.544 117.679 119.317 126.709 138.572 131.088 124.665 126.82 121.429 114.91 114.276 105.087 103.82
-9999 -9999 -9999 -9999 -9999 -9999 -9999 -9999 -9999 -9999 -9999 -9999 -9999 -9999 -9999 -9999 150.353 169.159 -9999 154.472 136.989 144.214 137.208 133.197 130.021 139.948 149.849 165.476 170.577 175.452 161.673 155.205 145.263 126.454 115.838 108.049 106.082 99.876 92.917 88.218 87.405 88.163 86.876 86.222 99.485 101.022 104.842 105.686 112.741 114.209 116.824 126.215 126.266 118.793 111.543 111.743 112.857 116.368 110.934 111.577 109.52 114.852 122.774 120.214 125.665 129.644 135.69 126.166 125.189 127.13 124.224 118.116 111.797 105.312
-9999 -9999 -9999 -9999 -9999 -9999 -9999 -9999 -9999 -9999 -9999 -9999 -9999 -9999 -9999 -9999 158.963 168.011 165.385 153.868 149.229 147.697 134.353 129.405 139.437 137.587 146.664 153.768 155.608 163.291 154.776 142.196 134.737 128.073 131.16 138.69 126.837 113.721 103.284 94.989 99.028 99.112 97.56 100.788 105.232 101.263 107.565 107.58 109.221 116.747 129.385 120.177 121.185 116.864 114.305 118.671 120.862 116.917 116.087 110.458 109.479 110.097 114.942 117.129 123.456 130.904 128.226 138.68 134.566 132.179 130.895 127.842 118.076 112.18
-9999 -9999 -9999 -9999 -9999 -9999 -9999 -9999 -9999 -9999 -9999 -9999 -9999 -9999 -9999 144.845 154.027 160.305 165.926 167.114 156.115 149.058 141.468 142.052 140.071 136.938 140.383 139.267 144.104 148.004 134.642 131.641 127.044 130.539 149.898 145.605 138.646 134.699 117.968 111.065 109.132 106.638 108.825 110.335 107.708 112.444 114.963 110.792 116.55 128.386 117.739 117.575 115.073 117.877 116.479 116.73 125.152 123.406 114.148 110.651 110.961 110.562 112.34 112.863 116.799 124.21 125.793 130.846 141.781 133.483 141.199 127.45 131.516 130.586
-9999 -9999 -9999 -9999 -9999 -9999 -9999 -9999 -9999 -9999 -9999 -9999 -9999 -9999 -9999 -9999 134.638 151.62 154.822 148.385 150.099 148.315 138.842 133.005 136.955 133.259 131.096 119.654 133.885 123.582 123.572 127.306 121.897 132.777 146.1 149.291 153.381 147.426 135.598 127.873 119.072 120.128 121.812 120.123 115.967 121.19 123.798 122.817 128.397 122.631 118.875 113.942 113.4 116.236 117.025 115.705 119.022 121.018 116.474 110.758 -9999 109.728 109.41 114.465 110.823 109.044 111.408 111.864 115.523 117.073 116.467 118.042 111.777 122.847
-9999 -9999 -9999 -9999 -9999 -9999 -9999 -9999 -9999 -9999 -9999 -9999 -9999 -9999 -9999 131.1 132.095 138.801 141.672 151.471 154.901 151.457 140.38 134.578 128.237 135.902 128.836 121.594 115.916 118.359 119.174 114.809 117.905 129.344 138.052 148.262 151.624 141.546 137.519 148.106 144.587 140.298 145.805 137.63 140.69 146.824 138.876 131.673 129.317 120.646 113.402 116.749 113.975 118.465 117.156 114.908 117.516 118.103 117.141 112.183 106.39 -9999 100.114 -9999 101.857 -9999 100.049 -9999 103.105 103.146 104.085 101.517 102.894 106.821
-9999 -9999 -9999 -9999 -9999 -9999 -9999 -9999 -9999 -9999 -9999 -9999 -9999 -9999 -9999 133.603 133.008 139.197 141.626 154.584 157.771 159.339 155.662 153.584 146.252 144.975 127.812 115.953 111.512 115.226 111.025 110.463 113.358 126.3 139.65 150.124 146.432 134.906 147.577 145.471 133.624 138.873 136.059 140.459 151.57 150.326 142.212 136.152 128.936 122.151 123.114 118.313 114.898 111.963 113.838 112.554 112.123 108.192 107.332 106.333 104.032 -9999 -9999 96.638 95.829 -9999 -9999 97.333 96.59 96.236 -9999 -9999 -9999 -9999
-9999 -9999 -9999 -9999 -9999 -9999 -9999 -9999 -9999 -9999 -9999 -9999 -9999 -9999 151.673 147.214 158.693 150.205 147.624 147.243 155.575 168.472 185.421 197.642 199.43 169.517 141.489 129.17 122.186 119.865 111.103 103.687 117.326 126.739 144.477 147.591 136.044 130.335 130.242 118.968 120.835 123.973 129.641 141.969 145.463 138.896 136.453 132.739 127.216 120.307 114.827 114.263 114.339 112.741 107.576 103.525 108.649 107.078 -9999 -9999 -9999 106.829 -9999 -9999 -9999 -9999 -9999 -9999 97.019 -9999 -9999 -9999 -9999 -9999
