Validation/Results/ReClimate_07_2024_1weatherlogisticsltd.asc
NCOLS 192
NROWS 249
XLLCENTER -225160.85627316462
YLLCENTER 29788.11610251502
CELLSIZE 5000.0
NODATA_VALUE -9999
[rows 132 to 164 of 249, columns 74 to 147 of 192]
-9999 -9999 -9999 -9999 -9999 -9999 -9999 -9999 -9999 -9999 -9999 -9999 -9999 125.402 126.986 128.869 130.595 132.095 133.258 134.354 135.392 136.382 137.33 138.244 139.13 139.992 140.836 141.596 142.279 142.619 142.61 142.572 142.556 142.557 142.57 142.592 142.62 142.654 142.698 142.756 142.833 142.931 143.051 143.087 142.946 142.832 142.734 142.621 142.513 142.392 142.255 142.153 142.008 141.837 141.662 141.471 141.249 140.928 -9999 -9999 -9999 -9999 -9999 -9999 -9999 -9999 -9999 -9999 -9999 -9999 -9999 -9999 -9999 -9999
109.165 -9999 -9999 -9999 -9999 -9999 -9999 -9999 -9999 -9999 -9999 -9999 -9999 124.517 126.491 128.413 130.271 131.879 133.212 134.328 135.384 136.39 137.352 138.279 139.175 140.047 140.899 141.75 142.517 142.866 142.978 143.087 143.165 143.158 143.153 143.162 143.183 143.216 143.265 143.331 143.417 143.527 143.619 143.519 143.369 143.195 142.92 142.665 142.442 142.227 142.001 141.71 141.491 141.261 141.025 140.803 140.592 140.39 -9999 -9999 -9999 -9999 -9999 -9999 -9999 -9999 -9999 -9999 -9999 -9999 -9999 -9999 -9999 -9999
108.704 -9999 -9999 -9999 -9999 -9999 -9999 -9999 -9999 -9999 -9999 -9999 122.054 123.998 126.007 127.958 129.863 131.641 133.172 134.31 135.386 136.41 137.388 138.329 139.238 140.12 140.982 141.859 142.607 142.945 143.114 143.271 143.375 143.468 143.56 143.651 143.736 143.802 143.85 143.92 144.014 144.129 144.1 143.759 143.414 143.032 142.622 142.256 141.931 141.626 141.325 141.049 140.801 140.565 140.343 140.131 139.926 139.725 139.662 -9999 -9999 -9999 -9999 -9999 -9999 -9999 -9999 -9999 -9999 -9999 -9999 -9999 -9999 -9999
108.192 -9999 -9999 -9999 -9999 -9999 -9999 -9999 -9999 -9999 -9999 119.829 -9999 123.465 125.511 127.5 129.442 131.346 132.971 134.301 135.4 136.444 137.44 138.397 139.32 140.216 141.089 141.992 142.707 142.972 143.136 143.287 143.427 143.558 143.68 143.796 143.9 143.989 144.084 144.186 144.251 144.138 143.723 143.239 142.798 142.343 141.931 141.559 141.221 140.915 140.636 140.386 140.151 139.932 139.725 139.524 139.326 139.127 138.982 -9999 -9999 -9999 -9999 -9999 -9999 -9999 -9999 -9999 -9999 -9999 -9999 -9999 -9999 -9999
107.644 108.228 -9999 -9999 -9999 -9999 -9999 -9999 -9999 -9999 -9999 118.976 -9999 122.905 124.998 127.032 129.019 130.967 132.778 134.302 135.427 136.493 137.51 138.486 139.426 140.336 141.223 142.153 142.82 142.995 143.154 -9999 -9999 -9999 -9999 -9999 -9999 144.005 144.078 144.02 143.795 143.464 142.955 142.473 142.007 141.582 141.199 140.853 140.539 140.255 139.996 139.76 139.549 139.349 139.158 138.971 138.781 138.584 138.39 138.349 -9999 -9999 -9999 -9999 -9999 -9999 -9999 -9999 -9999 -9999 -9999 -9999 -9999 -9999
107.06 107.641 108.22 -9999 -9999 -9999 -9999 -9999 -9999 -9999 -9999 118.244 120.085 122.308 124.458 126.547 128.587 130.589 132.546 134.19 135.467 136.56 137.601 138.598 139.558 140.487 141.393 142.317 142.845 143.016 143.171 -9999 -9999 -9999 -9999 143.79 143.892 143.916 143.671 143.384 143.113 142.701 142.191 141.708 141.268 140.872 140.515 140.191 139.898 139.633 139.393 139.181 138.984 138.803 138.631 138.461 138.281 138.086 137.889 137.709 -9999 -9999 -9999 -9999 -9999 -9999 -9999 -9999 -9999 -9999 -9999 -9999 -9999 -9999
106.715 107.013 107.588 108.163 -9999 -9999 -9999 -9999 -9999 -9999 -9999 117.525 119.366 121.662 -9999 -9999 128.141 130.207 132.243 134.059 -9999 136.659 137.716 138.738 139.721 140.671 141.605 142.458 142.866 -9999 -9999 -9999 -9999 -9999 143.682 143.76 143.695 143.343 143.02 142.731 142.417 141.951 141.442 140.984 140.574 140.203 139.867 139.563 139.288 139.04 138.817 138.617 138.443 138.281 138.132 137.983 137.819 137.624 137.4 137.163 -9999 -9999 -9999 -9999 -9999 -9999 -9999 -9999 -9999 -9999 -9999 -9999 -9999 -9999
107.069 107.085 106.939 107.561 -9999 -9999 -9999 -9999 -9999 -9999 -9999 -9999 118.583 120.944 -9999 -9999 -9999 129.814 131.926 133.939 135.61 -9999 -9999 138.91 139.922 140.898 141.863 142.588 -9999 -9999 -9999 -9999 -9999 143.566 143.636 143.46 143.059 142.7 142.376 142.085 141.725 141.21 140.73 140.301 139.914 139.564 139.246 138.958 138.698 138.464 138.255 138.074 137.912 137.77 137.645 137.526 137.385 137.189 136.944 136.682 -9999 -9999 -9999 -9999 -9999 -9999 -9999 -9999 -9999 -9999 -9999 -9999 -9999 -9999
106.561 106.375 106.641 -9999 -9999 -9999 -9999 -9999 -9999 -9999 -9999 -9999 -9999 120.191 -9999 -9999 -9999 -9999 131.607 133.785 135.571 -9999 -9999 -9999 140.05 141.183 -9999 -9999 -9999 -9999 -9999 -9999 -9999 143.51 143.267 142.82 142.42 142.06 141.734 141.429 141.014 140.504 140.054 139.649 139.282 138.948 138.644 138.368 138.12 137.897 137.7 137.526 137.379 137.252 137.146 137.06 136.964 136.757 136.479 136.197 -9999 -9999 -9999 -9999 -9999 -9999 -9999 -9999 -9999 -9999 -9999 -9999 -9999 -9999
106.388 106.429 -9999 -9999 -9999 -9999 -9999 -9999 -9999 -9999 -9999 -9999 -9999 119.253 -9999 -9999 -9999 -9999 -9999 133.575 135.559 -9999 -9999 -9999 -9999 -9999 -9999 -9999 -9999 -9999 -9999 -9999 -9999 143.134 142.624 142.178 141.78 141.417 141.077 140.745 140.31 139.833 139.408 139.021 138.668 138.345 138.051 137.785 137.545 137.331 137.141 136.977 136.835 136.714 136.612 136.525 136.422 136.243 135.966 135.683 135.284 -9999 -9999 -9999 -9999 -9999 -9999 -9999 -9999 -9999 -9999 -9999 -9999 -9999
106.405 -9999 106.43 106.442 106.574 106.586 -9999 -9999 -9999 -9999 -9999 -9999 -9999 118.666 -9999 -9999 -9999 -9999 -9999 -9999 -9999 -9999 -9999 -9999 -9999 -9999 -9999 -9999 -9999 -9999 -9999 -9999 143.048 142.472 141.973 141.527 141.12 140.744 140.407 140.066 139.636 139.19 138.783 138.404 138.052 137.733 137.444 137.184 136.951 136.745 136.557 136.339 136.14 135.969 135.821 135.687 135.544 135.358 135.117 134.863 134.616 134.341 -9999 -9999 -9999 -9999 -9999 -9999 -9999 -9999 -9999 -9999 -9999 -9999
106.375 106.388 106.401 106.413 106.425 106.437 -9999 -9999 -9999 -9999 -9999 -9999 -9999 -9999 -9999 -9999 -9999 -9999 -9999 -9999 -9999 -9999 -9999 -9999 -9999 -9999 -9999 -9999 -9999 -9999 -9999 142.359 142.369 141.801 141.293 140.836 140.427 140.064 139.738 139.385 138.944 138.508 138.106 137.731 137.39 137.081 136.801 136.537 136.249 135.951 135.681 135.429 135.213 135.024 134.856 134.7 134.538 134.35 134.135 133.907 133.683 133.47 -9999 -9999 -9999 -9999 -9999 -9999 -9999 -9999 -9999 -9999 -9999 -9999
106.345 106.359 106.372 106.384 -9999 106.408 106.42 -9999 -9999 -9999 -9999 -9999 -9999 -9999 -9999 -9999 -9999 -9999 -9999 -9999 -9999 -9999 -9999 -9999 -9999 -9999 -9999 -9999 -9999 -9999 -9999 141.614 141.652 141.073 140.566 140.122 139.719 139.335 138.994 138.626 138.196 137.779 137.395 137.041 136.715 136.39 136.01 135.628 135.266 134.948 134.668 134.424 134.211 134.022 133.851 133.689 133.524 133.347 133.153 132.95 132.746 132.574 132.467 132.454 -9999 -9999 -9999 -9999 -9999 -9999 -9999 -9999 -9999 -9999
106.316 106.33 106.343 106.355 -9999 -9999 106.391 -9999 -9999 -9999 -9999 -9999 -9999 -9999 -9999 -9999 -9999 -9999 -9999 -9999 -9999 -9999 -9999 -9999 -9999 -9999 -9999 -9999 -9999 -9999 -9999 140.882 140.874 140.311 139.806 139.334 138.908 138.535 138.205 137.849 137.437 137.043 136.682 136.317 135.884 135.414 134.981 134.594 134.25 133.945 133.675 133.438 133.226 133.036 132.862 132.696 132.531 132.36 132.181 131.998 131.816 131.702 131.649 131.636 131.66 131.754 131.879 -9999 -9999 -9999 -9999 -9999 -9999 -9999
106.288 106.301 106.314 106.326 106.338 -9999 106.585 -9999 -9999 -9999 -9999 -9999 -9999 -9999 -9999 -9999 -9999 -9999 -9999 -9999 -9999 -9999 -9999 -9999 -9999 -9999 -9999 -9999 -9999 -9999 139.175 140.028 140.062 139.465 138.934 138.478 138.079 137.727 137.411 137.067 136.675 136.287 135.852 135.313 134.808 134.354 133.945 133.578 133.25 132.956 132.695 132.462 132.253 132.064 131.889 131.722 131.559 131.395 131.228 131.059 130.939 130.869 130.854 130.857 130.881 130.943 131.029 131.134 130.759 -9999 -9999 -9999 -9999 -9999
106.259 106.273 106.285 106.341 -9999 106.805 -9999 -9999 -9999 -9999 -9999 -9999 -9999 -9999 -9999 -9999 -9999 -9999 -9999 -9999 -9999 -9999 -9999 -9999 -9999 -9999 -9999 -9999 -9999 -9999 -9999 138.94 139.117 138.54 138.048 137.622 137.247 136.912 136.608 136.277 135.863 135.313 134.728 134.205 133.733 133.307 132.921 132.572 132.258 131.976 131.722 131.495 131.288 131.1 130.925 130.761 130.601 130.444 130.288 130.166 130.096 130.085 130.103 130.135 130.183 130.252 130.344 130.451 130.566 129.954 -9999 -9999 -9999 -9999
106.231 106.274 106.427 106.728 107.047 107.369 -9999 -9999 -9999 -9999 -9999 -9999 -9999 -9999 -9999 -9999 -9999 -9999 -9999 -9999 -9999 -9999 -9999 -9999 -9999 -9999 -9999 -9999 -9999 -9999 -9999 -9999 137.966 137.557 137.16 136.761 136.407 136.087 135.793 135.407 134.748 134.136 133.594 133.108 132.667 132.267 131.902 131.571 131.271 130.998 130.751 130.528 130.325 130.139 129.967 129.805 129.65 129.5 129.381 129.333 129.337 129.366 129.408 129.464 129.53 129.608 129.707 129.822 129.946 130.065 129.297 -9999 -9999 -9999
106.267 106.559 106.901 107.243 107.587 -9999 -9999 -9999 -9999 -9999 -9999 -9999 -9999 -9999 -9999 -9999 -9999 -9999 -9999 -9999 -9999 -9999 -9999 -9999 -9999 -9999 -9999 -9999 -9999 -9999 -9999 -9999 136.861 136.466 136.165 135.877 135.555 135.237 134.844 134.164 133.533 132.97 132.469 132.017 131.606 131.23 130.886 130.571 130.283 130.019 129.779 129.561 129.362 129.178 129.009 128.85 128.704 128.605 128.572 128.583 128.63 128.684 128.746 128.816 128.895 128.983 129.08 129.19 129.313 129.435 129.592 128.881 -9999 -9999
106.671 107.035 107.399 107.764 108.202 -9999 -9999 -9999 -9999 -9999 -9999 -9999 -9999 -9999 -9999 -9999 -9999 -9999 -9999 -9999 -9999 -9999 -9999 -9999 -9999 -9999 -9999 -9999 -9999 -9999 -9999 -9999 -9999 135.363 135.116 134.885 134.639 134.235 133.541 132.904 132.324 131.809 131.347 130.929 130.546 130.193 129.868 129.567 129.291 129.036 128.802 128.589 128.392 128.212 128.046 127.913 127.827 127.803 127.829 127.886 127.949 128.018 128.094 128.178 128.268 128.364 128.465 128.568 128.678 128.797 128.95 129.178 -9999 -9999
107.134 -9999 -9999 -9999 -9999 -9999 -9999 -9999 -9999 -9999 -9999 -9999 -9999 -9999 -9999 -9999 -9999 -9999 -9999 -9999 -9999 -9999 -9999 -9999 -9999 -9999 -9999 -9999 -9999 -9999 -9999 -9999 -9999 134.298 134.029 133.849 133.524 132.869 132.248 131.65 131.116 130.648 130.225 129.839 129.483 129.152 128.845 128.559 128.292 128.046 127.817 127.608 127.414 127.246 127.118 127.042 127.035 127.068 127.131 127.201 127.278 127.362 127.451 127.546 127.645 127.747 127.852 127.956 128.057 128.16 128.328 128.561 128.832 -9999
107.611 -9999 -9999 -9999 -9999 -9999 -9999 -9999 -9999 -9999 -9999 -9999 -9999 -9999 -9999 -9999 -9999 -9999 -9999 -9999 -9999 -9999 -9999 -9999 -9999 -9999 -9999 -9999 -9999 -9999 -9999 -9999 -9999 -9999 132.953 132.701 132.075 131.49 130.931 130.398 129.903 129.482 129.099 128.745 128.415 128.106 127.815 127.542 127.285 127.045 126.821 126.614 126.446 126.317 126.258 126.26 126.299 126.366 126.442 126.526 126.616 126.713 126.814 126.919 127.026 127.134 127.242 127.347 127.447 127.55 127.718 127.967 128.238 -9999
108.105 -9999 -9999 -9999 -9999 -9999 -9999 -9999 -9999 -9999 -9999 -9999 -9999 -9999 -9999 -9999 -9999 -9999 -9999 -9999 -9999 -9999 -9999 -9999 -9999 -9999 -9999 -9999 -9999 -9999 -9999 -9999 -9999 -9999 131.559 -9999 130.655 130.12 129.614 129.122 -9999 128.307 127.963 127.642 127.338 127.05 126.776 126.514 126.267 126.032 125.812 125.64 125.517 125.476 125.481 125.527 125.593 125.672 125.76 125.857 125.961 126.069 126.182 126.296 126.411 126.524 126.635 126.741 126.841 126.966 127.141 127.384 127.655 127.943
-9999 -9999 -9999 -9999 -9999 -9999 -9999 -9999 -9999 -9999 -9999 -9999 -9999 -9999 -9999 -9999 -9999 -9999 -9999 -9999 -9999 -9999 -9999 -9999 -9999 -9999 -9999 -9999 -9999 -9999 -9999 -9999 -9999 -9999 -9999 129.852 129.275 -9999 -9999 -9999 -9999 127.176 126.814 126.526 126.25 125.983 125.725 125.475 125.235 125.005 124.804 124.699 124.705 124.708 124.76 124.842 124.942 125.051 125.167 125.287 125.409 125.532 125.653 125.77 125.882 125.986 126.082 126.165 126.245 126.391 126.595 126.821 127.08 127.37
-9999 -9999 -9999 -9999 -9999 -9999 -9999 -9999 -9999 -9999 -9999 -9999 -9999 -9999 -9999 -9999 -9999 -9999 -9999 -9999 -9999 -9999 -9999 -9999 -9999 -9999 -9999 -9999 -9999 -9999 -9999 -9999 -9999 -9999 -9999 128.899 127.964 -9999 -9999 -9999 -9999 126.147 125.833 125.573 125.311 125.048 124.782 124.514 124.246 124.016 123.932 123.961 124.012 124.084 124.168 124.269 124.389 124.519 124.654 124.792 124.931 125.067 125.199 125.325 125.442 125.548 125.642 125.722 125.808 125.938 126.122 126.305 126.524 126.804
-9999 -9999 -9999 -9999 -9999 -9999 -9999 -9999 -9999 -9999 -9999 -9999 -9999 -9999 -9999 -9999 -9999 -9999 -9999 -9999 -9999 -9999 -9999 -9999 -9999 -9999 -9999 -9999 -9999 -9999 -9999 -9999 -9999 -9999 -9999 128.491 -9999 -9999 -9999 -9999 125.529 125.197 124.975 124.739 124.491 124.233 123.966 123.708 123.513 123.441 123.449 123.465 123.463 123.531 123.632 123.749 123.879 124.022 124.171 124.324 124.476 124.625 124.768 124.903 125.028 125.141 125.241 125.325 125.447 125.607 125.784 125.95 126.109 126.3
-9999 -9999 -9999 -9999 -9999 -9999 -9999 -9999 -9999 -9999 -9999 -9999 -9999 -9999 -9999 -9999 -9999 -9999 -9999 -9999 -9999 -9999 -9999 -9999 -9999 -9999 -9999 -9999 -9999 -9999 -9999 -9999 -9999 -9999 -9999 -9999 -9999 -9999 -9999 -9999 124.679 124.383 124.166 123.95 123.736 123.546 123.346 123.197 123.165 123.176 123.17 123.155 123.134 123.128 123.161 123.243 123.377 123.534 123.7 123.868 124.035 124.196 124.35 124.495 124.628 124.749 124.854 124.967 125.117 125.305 125.487 125.657 125.817 125.968
-9999 -9999 -9999 -9999 -9999 -9999 -9999 -9999 -9999 -9999 -9999 -9999 -9999 -9999 -9999 -9999 -9999 -9999 -9999 -9999 -9999 -9999 -9999 -9999 -9999 -9999 -9999 -9999 -9999 -9999 -9999 -9999 -9999 -9999 -9999 -9999 -9999 -9999 -9999 -9999 124.006 123.735 123.53 123.372 123.221 123.074 122.974 122.956 122.976 122.968 122.942 122.906 122.863 122.839 122.838 122.867 122.937 123.068 123.243 123.428 123.609 123.783 123.948 124.102 124.243 124.37 124.482 124.637 124.825 125.024 125.21 125.385 125.547 125.7
-9999 -9999 -9999 -9999 -9999 -9999 -9999 -9999 -9999 -9999 -9999 -9999 -9999 -9999 -9999 -9999 -9999 -9999 -9999 -9999 -9999 -9999 -9999 -9999 -9999 -9999 -9999 -9999 -9999 -9999 -9999 -9999 -9999 -9999 -9999 -9999 -9999 -9999 -9999 123.924 123.613 123.323 123.089 122.955 122.841 122.801 122.773 122.808 122.812 122.787 122.74 122.671 122.607 122.559 122.546 122.578 122.644 122.727 122.834 123.006 123.201 123.387 123.562 123.725 123.874 124.008 124.162 124.344 124.561 124.764 124.955 125.133 125.298 125.452
-9999 -9999 -9999 -9999 -9999 -9999 -9999 -9999 -9999 -9999 -9999 -9999 -9999 -9999 -9999 -9999 -9999 -9999 -9999 -9999 -9999 -9999 -9999 -9999 -9999 -9999 -9999 -9999 -9999 -9999 -9999 -9999 -9999 -9999 -9999 -9999 -9999 -9999 -9999 123.62 123.326 123.014 122.778 122.661 122.652 122.627 122.661 122.688 122.677 122.635 122.568 122.483 122.377 122.293 122.261 122.303 122.392 122.494 122.593 122.682 122.829 123.01 123.194 123.365 123.521 123.68 123.873 124.095 124.318 124.526 124.721 124.901 125.069 125.224
-9999 -9999 -9999 -9999 -9999 -9999 -9999 -9999 -9999 -9999 -9999 -9999 -9999 -9999 -9999 -9999 -9999 -9999 -9999 -9999 -9999 -9999 -9999 -9999 -9999 -9999 -9999 -9999 -9999 -9999 -9999 -9999 -9999 -9999 -9999 -9999 -9999 -9999 123.643 123.371 123.082 122.797 122.615 122.526 122.509 122.52 122.58 122.596 122.574 122.52 122.437 122.323 122.194 122.057 121.993 122.057 122.179 122.3 122.408 122.502 122.579 122.681 122.846 123.023 123.19 123.397 123.628 123.87 124.097 124.309 124.508 124.691 124.861 125.016
-9999 -9999 -9999 -9999 -9999 -9999 -9999 -9999 -9999 -9999 -9999 -9999 -9999 -9999 -9999 -9999 -9999 -9999 -9999 -9999 -9999 -9999 -9999 -9999 -9999 -9999 -9999 -9999 -9999 -9999 -9999 -9999 -9999 -9999 -9999 -9999 -9999 -9999 123.425 123.16 122.902 122.735 122.588 122.475 122.413 122.477 122.526 122.535 122.506 122.443 122.35 122.232 122.091 121.942 121.855 121.907 122.034 122.154 122.261 122.353 122.43 122.489 122.552 122.699 122.918 123.159 123.42 123.666 123.898 124.115 124.317 124.503 124.673 124.829
-9999 -9999 -9999 -9999 -9999 -9999 -9999 -9999 -9999 -9999 -9999 -9999 -9999 -9999 -9999 -9999 -9999 -9999 -9999 -9999 -9999 -9999 -9999 -9999 -9999 -9999 -9999 -9999 -9999 -9999 -9999 -9999 -9999 -9999 -9999 -9999 -9999 -9999 123.241 123.007 122.872 122.759 122.614 122.462 122.398 122.458 122.498 122.503 122.47 122.404 122.31 122.195 122.067 121.946 121.866 121.879 121.965 122.06 122.151 122.233 122.304 122.361 122.401 122.477 122.691 122.967 123.233 123.485 123.722 123.943 124.148 124.336 124.507 124.662
-9999 -9999 -9999 -9999 -9999 -9999 -9999 -9999 -9999 -9999 -9999 -9999 -9999 -9999 -9999 -9999 -9999 -9999 -9999 -9999 -9999 -9999 -9999 -9999 -9999 -9999 -9999 -9999 -9999 -9999 -9999 -9999 -9999 -9999 -9999 -9999 -9999 -9999 -9999 123.062 122.913 122.804 122.663 122.514 122.468 122.461 122.498 122.5 122.466 122.4 122.309 122.203 122.089 121.987 121.919 121.907 121.943 122.002 122.069 122.135 122.197 122.25 122.331 122.427 122.554 122.798 123.07 123.327 123.569 123.793 124.001 124.191 -9999 124.516
