Validation/Results/ReClimate_06_2024_2_Precipitation-Actualsweatherlogisticsltd.asc
NCOLS 192
NROWS 249
XLLCENTER -225160.85627316462
YLLCENTER 29788.11610251502
CELLSIZE 5000.0
NODATA_VALUE -9999
[rows 132 to 164 of 249, columns 74 to 147 of 192]
-9999 -9999 -9999 -9999 -9999 -9999 -9999 -9999 -9999 -9999 -9999 -9999 -9999 156.611 157.369 151.737 145.48 161.216 170.725 192.843 205.217 214.262 197.25 144.454 133.327 140.117 142.858 131.254 123.582 123.15 115.682 116.078 120.796 111.823 130.669 145.302 156.502 152.787 143.491 149.143 145.904 137.887 152.403 149.887 139.269 131.966 123.542 120.359 112.838 106.512 105.262 96.993 91.241 87.513 88.479 85.235 86.08 84.228 -9999 -9999 -9999 -9999 -9999 -9999 -9999 -9999 -9999 -9999 -9999 -9999 -9999 -9999 -9999 -9999
140.546 -9999 -9999 -9999 -9999 -9999 -9999 -9999 -9999 -9999 -9999 -9999 -9999 162.658 186.538 153.783 144.081 147.866 153.481 184.459 240.869 235.345 182.153 157.403 139.047 141.092 137.66 135.291 142.257 116.697 108.138 112.469 113.097 124.432 128.076 145.905 149.767 142.787 136.975 135.219 132.596 139.977 144.139 145.391 140.319 133.492 125.457 111.492 104.444 103.369 97.914 96.37 94.178 88.068 85.314 87.923 84.449 84.583 -9999 -9999 -9999 -9999 -9999 -9999 -9999 -9999 -9999 -9999 -9999 -9999 -9999 -9999 -9999 -9999
160.353 -9999 -9999 -9999 -9999 -9999 -9999 -9999 -9999 -9999 -9999 -9999 163.131 189.057 174.49 159.716 154.252 149.934 148.759 181.948 216.419 197.84 182.372 163.436 145.403 131.394 131.741 140.189 126.153 118.59 108.149 100.321 115.763 118.612 125.94 133.208 135.903 129.69 123.426 121.977 129.263 126.156 135.874 144.45 132.383 118.789 116.475 116.059 104.444 98.288 90.562 87.888 91.647 92.126 85.564 84.822 88.003 85.808 81.19 -9999 -9999 -9999 -9999 -9999 -9999 -9999 -9999 -9999 -9999 -9999 -9999 -9999 -9999 -9999
156.165 -9999 -9999 -9999 -9999 -9999 -9999 -9999 -9999 -9999 -9999 153.275 -9999 161.253 169.633 161.782 154.42 144.109 132.852 154.873 166.351 183.047 207.226 171.713 138.646 123.825 119.982 118.373 121.815 121.24 116.487 111.317 115.101 111.22 110.969 112.856 112.45 112.127 109.978 110.186 113.587 118.174 120.399 115.471 110.715 109.853 112.1 108.725 97.552 87.268 94.55 97.551 90.85 90.125 89.012 85.274 86.18 86.121 83.267 -9999 -9999 -9999 -9999 -9999 -9999 -9999 -9999 -9999 -9999 -9999 -9999 -9999 -9999 -9999
172.851 159.111 -9999 -9999 -9999 -9999 -9999 -9999 -9999 -9999 -9999 146.52 -9999 147.211 152.832 146.819 143.376 136.592 135.492 134.58 144.602 180.809 185.204 166.961 145.29 125.098 114.146 115.622 123.094 136.62 140.108 -9999 -9999 -9999 -9999 -9999 -9999 102.441 99.493 100.994 106.1 104.663 101.33 107.434 111.283 105.213 102.169 102.17 91.541 95.272 98.914 89.517 86.006 86.247 89.535 82.888 80.469 81.638 82.842 78.408 -9999 -9999 -9999 -9999 -9999 -9999 -9999 -9999 -9999 -9999 -9999 -9999 -9999 -9999
185.718 169.247 137.299 -9999 -9999 -9999 -9999 -9999 -9999 -9999 -9999 143.464 141.364 133.893 129.834 137.433 138.79 140.46 133.28 124.612 130.707 158.247 177.339 157.972 147.202 130.254 121.142 127.899 122.212 133.213 123.56 -9999 -9999 -9999 -9999 99.481 100.947 97.949 95.66 95.939 98.513 100.165 109.295 121.467 120.577 108.009 108.634 90.309 81.594 97.61 93.66 88.074 87.335 85.665 86.119 97.293 93.08 84.008 85.339 76.631 -9999 -9999 -9999 -9999 -9999 -9999 -9999 -9999 -9999 -9999 -9999 -9999 -9999 -9999
179.402 153.34 149.586 141.211 -9999 -9999 -9999 -9999 -9999 -9999 -9999 145.349 134.64 127.983 -9999 -9999 139.38 138.875 128.402 118.43 -9999 131.115 138.346 134.035 134.483 124.312 130.061 127.7 121.309 -9999 -9999 -9999 -9999 -9999 98.59 98.899 96.842 91.088 93.451 93.608 94.658 103.21 118.378 139.896 143.106 121.724 116.804 96.151 100.737 97.637 92.64 96.083 88.744 93.0 90.675 93.794 93.517 87.99 85.184 79.741 -9999 -9999 -9999 -9999 -9999 -9999 -9999 -9999 -9999 -9999 -9999 -9999 -9999 -9999
157.026 166.67 173.12 151.012 -9999 -9999 -9999 -9999 -9999 -9999 -9999 -9999 134.921 121.328 -9999 -9999 -9999 126.225 122.311 116.624 111.565 -9999 -9999 119.339 118.287 115.739 129.665 129.768 -9999 -9999 -9999 -9999 -9999 105.756 100.563 101.509 98.4 95.279 96.988 94.546 97.956 106.27 117.379 139.737 138.202 140.855 120.828 121.993 119.649 111.135 101.769 106.101 102.768 91.863 93.783 95.207 90.104 85.968 87.689 85.522 -9999 -9999 -9999 -9999 -9999 -9999 -9999 -9999 -9999 -9999 -9999 -9999 -9999 -9999
153.46 162.882 151.645 -9999 -9999 -9999 -9999 -9999 -9999 -9999 -9999 -9999 -9999 122.02 -9999 -9999 -9999 -9999 115.027 122.141 119.244 -9999 -9999 -9999 116.264 116.842 -9999 -9999 -9999 -9999 -9999 -9999 -9999 105.049 105.161 108.114 104.834 108.273 103.532 97.458 95.039 98.785 114.067 122.615 137.864 135.108 131.338 138.392 132.154 117.972 100.991 108.846 108.648 97.192 88.968 89.14 86.842 84.417 88.953 86.031 -9999 -9999 -9999 -9999 -9999 -9999 -9999 -9999 -9999 -9999 -9999 -9999 -9999 -9999
152.754 138.157 -9999 -9999 -9999 -9999 -9999 -9999 -9999 -9999 -9999 -9999 -9999 131.878 -9999 -9999 -9999 -9999 -9999 119.294 116.299 -9999 -9999 -9999 -9999 -9999 -9999 -9999 -9999 -9999 -9999 -9999 -9999 105.632 119.58 123.007 126.649 125.069 112.894 102.784 98.566 98.65 104.511 123.217 147.413 164.982 160.733 143.432 129.416 104.6 99.514 94.866 93.287 94.52 96.392 89.613 83.824 83.345 89.332 90.002 81.818 -9999 -9999 -9999 -9999 -9999 -9999 -9999 -9999 -9999 -9999 -9999 -9999 -9999
143.2 -9999 131.232 132.885 129.857 124.173 -9999 -9999 -9999 -9999 -9999 -9999 -9999 132.177 -9999 -9999 -9999 -9999 -9999 -9999 -9999 -9999 -9999 -9999 -9999 -9999 -9999 -9999 -9999 -9999 -9999 -9999 108.818 109.61 121.582 127.584 131.858 147.042 130.674 122.33 109.808 97.486 103.724 102.752 134.812 173.379 177.04 148.112 127.054 138.18 136.386 113.193 103.213 88.197 91.673 95.274 92.97 90.489 88.224 90.119 86.398 79.541 -9999 -9999 -9999 -9999 -9999 -9999 -9999 -9999 -9999 -9999 -9999 -9999
136.974 135.603 137.517 133.116 122.22 121.675 -9999 -9999 -9999 -9999 -9999 -9999 -9999 -9999 -9999 -9999 -9999 -9999 -9999 -9999 -9999 -9999 -9999 -9999 -9999 -9999 -9999 -9999 -9999 -9999 -9999 117.363 110.214 118.623 132.082 144.607 164.82 201.985 177.362 133.656 110.932 102.659 90.969 96.612 120.844 163.185 188.99 158.648 141.423 132.378 122.124 117.51 112.31 105.139 92.48 92.926 89.372 87.801 87.092 88.552 86.617 80.289 -9999 -9999 -9999 -9999 -9999 -9999 -9999 -9999 -9999 -9999 -9999 -9999
134.013 135.181 133.925 123.738 -9999 117.522 117.209 -9999 -9999 -9999 -9999 -9999 -9999 -9999 -9999 -9999 -9999 -9999 -9999 -9999 -9999 -9999 -9999 -9999 -9999 -9999 -9999 -9999 -9999 -9999 -9999 134.55 128.251 134.033 168.492 185.35 189.129 178.976 173.395 152.358 128.285 109.786 102.987 99.242 109.501 140.325 159.56 174.0 144.135 123.563 113.009 104.981 96.626 96.183 87.552 91.119 91.7 88.915 83.797 83.944 81.332 78.157 77.438 79.014 -9999 -9999 -9999 -9999 -9999 -9999 -9999 -9999 -9999 -9999
138.451 136.768 124.172 119.172 -9999 -9999 117.765 -9999 -9999 -9999 -9999 -9999 -9999 -9999 -9999 -9999 -9999 -9999 -9999 -9999 -9999 -9999 -9999 -9999 -9999 -9999 -9999 -9999 -9999 -9999 -9999 139.776 140.665 163.883 191.613 195.635 199.375 213.87 204.723 174.042 147.719 136.452 117.159 116.995 119.0 103.764 129.72 136.071 119.629 119.222 109.805 93.322 88.897 87.104 85.759 82.305 88.04 84.635 82.5 79.611 78.1 75.611 87.482 86.161 86.541 83.828 88.148 -9999 -9999 -9999 -9999 -9999 -9999 -9999
134.42 132.285 133.555 120.374 114.625 -9999 117.37 -9999 -9999 -9999 -9999 -9999 -9999 -9999 -9999 -9999 -9999 -9999 -9999 -9999 -9999 -9999 -9999 -9999 -9999 -9999 -9999 -9999 -9999 -9999 114.853 146.424 165.315 204.445 255.009 288.87 281.878 233.329 225.289 215.161 207.066 173.805 162.265 145.954 122.918 104.294 115.173 107.17 112.214 121.888 110.521 97.625 89.816 86.119 82.638 82.554 83.021 80.941 79.682 83.89 83.73 84.205 87.128 103.269 97.724 96.06 94.536 90.436 88.137 -9999 -9999 -9999 -9999 -9999
146.299 136.897 124.873 121.226 -9999 117.55 -9999 -9999 -9999 -9999 -9999 -9999 -9999 -9999 -9999 -9999 -9999 -9999 -9999 -9999 -9999 -9999 -9999 -9999 -9999 -9999 -9999 -9999 -9999 -9999 -9999 120.569 154.993 205.534 258.454 290.496 293.998 279.267 241.421 233.637 212.197 219.339 192.111 156.791 130.52 121.309 118.21 118.927 148.266 129.376 121.642 120.138 108.555 92.078 84.213 82.457 83.51 83.178 81.379 82.411 83.952 82.466 84.914 97.756 97.823 93.367 93.065 93.611 92.711 86.971 -9999 -9999 -9999 -9999
153.113 134.769 122.836 119.79 120.085 122.964 -9999 -9999 -9999 -9999 -9999 -9999 -9999 -9999 -9999 -9999 -9999 -9999 -9999 -9999 -9999 -9999 -9999 -9999 -9999 -9999 -9999 -9999 -9999 -9999 -9999 -9999 127.037 164.294 206.885 244.375 271.457 293.32 213.336 185.799 204.893 204.316 175.008 162.093 156.555 149.102 136.592 151.528 149.331 140.978 150.229 134.693 112.596 106.878 93.181 86.565 81.453 83.386 85.252 85.682 85.796 98.576 99.122 113.1 124.723 110.099 107.022 92.08 92.298 90.228 85.048 -9999 -9999 -9999
145.602 126.337 117.248 118.548 121.507 -9999 -9999 -9999 -9999 -9999 -9999 -9999 -9999 -9999 -9999 -9999 -9999 -9999 -9999 -9999 -9999 -9999 -9999 -9999 -9999 -9999 -9999 -9999 -9999 -9999 -9999 -9999 115.907 147.795 185.057 212.378 261.453 245.382 188.982 181.697 177.066 161.743 157.512 151.988 153.374 184.111 161.379 166.817 167.432 151.35 131.449 114.078 105.498 103.091 102.882 92.031 83.756 83.669 86.894 91.406 96.553 104.461 112.022 108.498 114.189 110.224 111.009 106.404 92.842 92.829 90.645 82.032 -9999 -9999
134.601 132.571 123.939 118.751 112.322 -9999 -9999 -9999 -9999 -9999 -9999 -9999 -9999 -9999 -9999 -9999 -9999 -9999 -9999 -9999 -9999 -9999 -9999 -9999 -9999 -9999 -9999 -9999 -9999 -9999 -9999 -9999 -9999 140.838 180.381 204.877 219.529 198.433 185.64 166.163 155.146 150.689 145.35 144.889 167.249 167.68 187.317 171.919 161.124 146.589 129.794 122.432 120.523 99.226 99.531 92.102 87.997 87.547 87.024 94.431 102.678 103.852 106.926 109.224 110.769 104.878 100.273 105.43 105.41 96.898 96.962 87.636 -9999 -9999
149.013 -9999 -9999 -9999 -9999 -9999 -9999 -9999 -9999 -9999 -9999 -9999 -9999 -9999 -9999 -9999 -9999 -9999 -9999 -9999 -9999 -9999 -9999 -9999 -9999 -9999 -9999 -9999 -9999 -9999 -9999 -9999 -9999 134.702 172.524 179.971 169.579 172.755 159.471 159.827 152.255 140.387 147.274 152.299 160.17 203.313 178.83 174.894 161.967 148.975 123.975 117.745 110.788 105.852 92.882 92.09 85.172 83.244 87.4 88.782 99.099 106.559 103.553 98.171 99.143 96.884 97.076 98.144 108.996 111.298 97.175 89.408 79.497 -9999
175.996 -9999 -9999 -9999 -9999 -9999 -9999 -9999 -9999 -9999 -9999 -9999 -9999 -9999 -9999 -9999 -9999 -9999 -9999 -9999 -9999 -9999 -9999 -9999 -9999 -9999 -9999 -9999 -9999 -9999 -9999 -9999 -9999 -9999 155.194 150.95 155.789 157.478 147.986 144.975 134.032 132.586 141.732 151.712 171.227 184.956 194.85 185.812 182.426 160.226 149.366 134.405 113.211 113.76 103.064 89.501 83.559 80.591 81.436 86.023 86.986 98.446 103.821 92.585 81.663 82.297 81.013 82.876 85.526 90.525 88.983 82.316 78.823 -9999
143.397 -9999 -9999 -9999 -9999 -9999 -9999 -9999 -9999 -9999 -9999 -9999 -9999 -9999 -9999 -9999 -9999 -9999 -9999 -9999 -9999 -9999 -9999 -9999 -9999 -9999 -9999 -9999 -9999 -9999 -9999 -9999 -9999 -9999 135.939 -9999 138.959 132.832 129.466 128.045 -9999 126.26 136.447 148.983 161.443 191.086 194.585 188.179 181.206 165.351 157.919 163.349 135.957 120.555 111.568 99.668 84.968 80.591 80.456 81.104 85.789 87.315 91.763 89.385 81.317 75.865 70.564 70.501 75.827 79.598 79.476 88.674 88.883 80.792
-9999 -9999 -9999 -9999 -9999 -9999 -9999 -9999 -9999 -9999 -9999 -9999 -9999 -9999 -9999 -9999 -9999 -9999 -9999 -9999 -9999 -9999 -9999 -9999 -9999 -9999 -9999 -9999 -9999 -9999 -9999 -9999 -9999 -9999 -9999 125.59 128.411 -9999 -9999 -9999 -9999 123.128 131.678 133.98 146.891 158.723 173.33 174.103 169.268 166.863 147.365 151.116 155.007 129.737 116.501 100.905 90.112 84.328 81.593 80.661 82.47 85.176 87.977 91.427 86.227 82.426 79.026 71.152 75.666 83.836 84.404 78.601 83.091 84.461
-9999 -9999 -9999 -9999 -9999 -9999 -9999 -9999 -9999 -9999 -9999 -9999 -9999 -9999 -9999 -9999 -9999 -9999 -9999 -9999 -9999 -9999 -9999 -9999 -9999 -9999 -9999 -9999 -9999 -9999 -9999 -9999 -9999 -9999 -9999 116.691 117.461 -9999 -9999 -9999 -9999 119.6 132.745 127.99 130.025 140.094 145.469 142.371 156.034 161.458 152.284 140.108 154.456 138.123 122.801 107.739 94.706 83.113 80.316 79.61 83.591 80.377 81.349 87.15 89.034 90.917 85.314 79.285 77.847 85.058 90.322 87.737 90.32 86.993
-9999 -9999 -9999 -9999 -9999 -9999 -9999 -9999 -9999 -9999 -9999 -9999 -9999 -9999 -9999 -9999 -9999 -9999 -9999 -9999 -9999 -9999 -9999 -9999 -9999 -9999 -9999 -9999 -9999 -9999 -9999 -9999 -9999 -9999 -9999 112.171 -9999 -9999 -9999 -9999 115.805 125.866 141.182 154.407 156.965 157.135 149.295 136.021 150.851 159.929 137.515 136.441 135.078 135.691 122.062 107.106 93.627 86.056 81.481 81.782 81.471 82.943 79.98 83.243 85.796 87.594 93.571 94.803 90.891 87.57 86.709 83.676 80.617 82.346
-9999 -9999 -9999 -9999 -9999 -9999 -9999 -9999 -9999 -9999 -9999 -9999 -9999 -9999 -9999 -9999 -9999 -9999 -9999 -9999 -9999 -9999 -9999 -9999 -9999 -9999 -9999 -9999 -9999 -9999 -9999 -9999 -9999 -9999 -9999 -9999 -9999 -9999 -9999 -9999 112.801 129.158 158.069 190.265 195.165 181.167 150.535 138.65 129.647 127.483 124.203 138.591 141.474 127.341 120.152 107.295 93.879 89.039 86.971 83.193 80.576 79.26 81.069 81.935 83.676 87.109 90.466 102.586 105.771 88.526 81.595 77.108 76.356 74.27
-9999 -9999 -9999 -9999 -9999 -9999 -9999 -9999 -9999 -9999 -9999 -9999 -9999 -9999 -9999 -9999 -9999 -9999 -9999 -9999 -9999 -9999 -9999 -9999 -9999 -9999 -9999 -9999 -9999 -9999 -9999 -9999 -9999 -9999 -9999 -9999 -9999 -9999 -9999 -9999 114.26 128.507 160.628 186.021 194.7 172.058 151.264 127.84 122.447 119.964 118.597 132.411 121.314 115.918 110.764 104.095 93.739 86.197 82.893 80.344 79.035 80.332 80.794 79.623 79.582 82.765 87.032 93.525 100.062 90.054 78.673 73.999 74.542 72.731
-9999 -9999 -9999 -9999 -9999 -9999 -9999 -9999 -9999 -9999 -9999 -9999 -9999 -9999 -9999 -9999 -9999 -9999 -9999 -9999 -9999 -9999 -9999 -9999 -9999 -9999 -9999 -9999 -9999 -9999 -9999 -9999 -9999 -9999 -9999 -9999 -9999 -9999 -9999 108.908 113.82 123.514 156.132 185.389 190.795 163.903 151.508 126.286 126.852 123.439 114.549 115.731 115.682 102.742 97.802 89.632 88.938 80.43 80.016 78.135 77.739 79.834 80.378 78.309 75.991 75.621 81.087 85.805 90.993 88.651 81.44 75.123 73.156 77.92
-9999 -9999 -9999 -9999 -9999 -9999 -9999 -9999 -9999 -9999 -9999 -9999 -9999 -9999 -9999 -9999 -9999 -9999 -9999 -9999 -9999 -9999 -9999 -9999 -9999 -9999 -9999 -9999 -9999 -9999 -9999 -9999 -9999 -9999 -9999 -9999 -9999 -9999 -9999 109.675 110.334 125.429 147.103 169.184 149.136 147.581 130.587 139.36 152.44 124.927 118.574 115.089 103.649 102.015 92.978 89.097 91.652 90.4 80.787 79.218 77.177 77.018 77.679 77.142 76.076 74.737 76.642 81.103 84.092 89.155 85.127 76.469 72.97 74.845
-9999 -9999 -9999 -9999 -9999 -9999 -9999 -9999 -9999 -9999 -9999 -9999 -9999 -9999 -9999 -9999 -9999 -9999 -9999 -9999 -9999 -9999 -9999 -9999 -9999 -9999 -9999 -9999 -9999 -9999 -9999 -9999 -9999 -9999 -9999 -9999 -9999 -9999 106.583 108.003 113.637 125.231 135.32 135.495 136.296 125.359 119.79 139.29 132.634 124.251 126.364 117.285 105.414 86.822 91.716 83.599 82.868 86.591 86.921 80.583 78.364 76.63 76.642 77.142 76.394 73.795 77.051 80.298 81.888 86.081 88.841 82.184 75.981 72.983
-9999 -9999 -9999 -9999 -9999 -9999 -9999 -9999 -9999 -9999 -9999 -9999 -9999 -9999 -9999 -9999 -9999 -9999 -9999 -9999 -9999 -9999 -9999 -9999 -9999 -9999 -9999 -9999 -9999 -9999 -9999 -9999 -9999 -9999 -9999 -9999 -9999 -9999 99.804 105.978 112.465 118.886 120.257 122.514 120.803 120.329 122.832 116.583 122.469 127.783 142.806 132.71 117.588 99.839 86.572 87.763 78.779 77.926 82.613 84.953 79.714 76.016 76.052 73.594 74.3 75.472 72.428 72.214 76.336 83.623 87.149 89.679 80.797 74.63
-9999 -9999 -9999 -9999 -9999 -9999 -9999 -9999 -9999 -9999 -9999 -9999 -9999 -9999 -9999 -9999 -9999 -9999 -9999 -9999 -9999 -9999 -9999 -9999 -9999 -9999 -9999 -9999 -9999 -9999 -9999 -9999 -9999 -9999 -9999 -9999 -9999 -9999 99.97 102.915 108.369 109.84 114.062 114.782 118.82 120.951 116.75 125.75 139.688 145.395 146.415 132.284 117.473 104.204 91.272 94.557 89.754 79.721 80.264 78.767 78.033 76.023 75.878 76.092 74.296 77.231 75.677 72.341 71.684 77.383 81.865 84.032 82.468 74.961
-9999 -9999 -9999 -9999 -9999 -9999 -9999 -9999 -9999 -9999 -9999 -9999 -9999 -9999 -9999 -9999 -9999 -9999 -9999 -9999 -9999 -9999 -9999 -9999 -9999 -9999 -9999 -9999 -9999 -9999 -9999 -9999 -9999 -9999 -9999 -9999 -9999 -9999 -9999 102.835 103.27 106.959 113.519 118.612 128.602 132.183 128.097 135.877 135.381 144.9 136.902 127.759 110.839 92.753 90.068 82.522 88.447 80.797 78.455 79.813 75.585 73.092 75.125 76.923 76.306 76.595 76.255 73.177 67.808 73.564 76.818 77.27 -9999 68.93
